version1/TsunamiDB/out54096.asc
ncols          264
nrows          230
xllcorner      497853.4375
yllcorner      4229146.0000
cellsize         5.
NODATA_value   -99
[rows 102 to 135 of 230, columns 0 to 76 of 264]
3.227 3.372 3.487 3.581 3.661 3.731 3.794 3.853 3.909 3.961 4.010 4.057 4.103 4.147 4.190 4.232 4.273 4.313 4.352 4.390 4.427 4.464 4.500 4.535 4.570 4.603 4.637 4.669 4.701 4.732 4.762 4.791 4.820 4.847 4.872 4.898 4.924 4.948 4.972 4.996 5.018 5.040 5.062 5.083 5.104 5.124 5.144 5.163 5.182 5.201 5.219 5.237 5.255 5.273 5.291 5.308 5.325 5.341 5.358 5.375 5.392 5.410 5.429 5.447 5.467 5.487 5.508 5.530 5.553 5.577 5.603 5.629 5.657 5.686 5.716 5.746 5.778
3.301 3.431 3.535 3.622 3.697 3.764 3.825 3.882 3.936 3.987 4.035 4.081 4.127 4.170 4.212 4.253 4.293 4.332 4.371 4.408 4.445 4.481 4.516 4.551 4.585 4.619 4.652 4.684 4.715 4.746 4.776 4.806 4.834 4.861 4.887 4.913 4.939 4.963 4.987 5.011 5.034 5.056 5.077 5.099 5.119 5.139 5.159 5.179 5.198 5.216 5.235 5.253 5.270 5.288 5.305 5.323 5.339 5.354 5.370 5.387 5.403 5.420 5.437 5.455 5.472 5.491 5.510 5.530 5.551 5.572 5.595 5.619 5.645 5.671 5.699 5.728 5.758
3.367 3.484 3.580 3.661 3.732 3.796 3.855 3.911 3.963 4.013 4.060 4.105 4.150 4.193 4.234 4.274 4.313 4.352 4.389 4.426 4.462 4.498 4.533 4.567 4.601 4.634 4.666 4.698 4.730 4.760 4.790 4.820 4.848 4.875 4.901 4.927 4.953 4.978 5.002 5.025 5.048 5.071 5.092 5.114 5.134 5.155 5.174 5.194 5.213 5.232 5.250 5.268 5.286 5.303 5.320 5.337 5.353 5.368 5.384 5.400 5.416 5.432 5.448 5.464 5.480 5.497 5.515 5.533 5.552 5.571 5.592 5.613 5.636 5.660 5.685 5.712 5.740
3.426 3.533 3.621 3.697 3.765 3.827 3.884 3.939 3.990 4.039 4.085 4.129 4.173 4.215 4.256 4.295 4.334 4.371 4.408 4.444 4.480 4.515 4.549 4.583 4.616 4.649 4.681 4.713 4.744 4.774 4.804 4.833 4.862 4.889 4.915 4.941 4.967 4.992 5.016 5.039 5.062 5.085 5.107 5.128 5.149 5.169 5.189 5.209 5.228 5.246 5.265 5.283 5.300 5.318 5.335 5.352 5.367 5.382 5.398 5.413 5.429 5.444 5.460 5.475 5.491 5.506 5.522 5.539 5.556 5.574 5.592 5.611 5.632 5.653 5.676 5.700 5.725
3.480 3.578 3.660 3.732 3.797 3.857 3.913 3.966 4.016 4.064 4.109 4.153 4.196 4.237 4.277 4.316 4.354 4.391 4.427 4.462 4.497 4.532 4.565 4.599 4.632 4.664 4.696 4.727 4.758 4.788 4.818 4.847 4.875 4.902 4.928 4.954 4.980 5.005 5.029 5.053 5.076 5.099 5.121 5.142 5.163 5.183 5.203 5.223 5.242 5.261 5.279 5.297 5.315 5.332 5.350 5.366 5.382 5.397 5.412 5.428 5.443 5.458 5.473 5.488 5.502 5.517 5.532 5.548 5.563 5.579 5.596 5.613 5.631 5.650 5.670 5.692 5.714
3.529 3.619 3.696 3.765 3.828 3.886 3.941 3.993 4.042 4.089 4.134 4.176 4.218 4.259 4.298 4.336 4.374 4.410 4.446 4.481 4.515 4.549 4.582 4.615 4.647 4.679 4.710 4.741 4.771 4.801 4.831 4.860 4.888 4.915 4.941 4.967 4.993 5.018 5.042 5.066 5.089 5.112 5.134 5.156 5.177 5.197 5.217 5.237 5.256 5.275 5.293 5.312 5.329 5.347 5.364 5.381 5.396 5.411 5.427 5.442 5.457 5.472 5.487 5.501 5.515 5.530 5.544 5.558 5.573 5.587 5.603 5.618 5.634 5.651 5.669 5.688 5.708
3.574 3.658 3.731 3.797 3.858 3.915 3.968 4.019 4.067 4.114 4.157 4.199 4.241 4.281 4.319 4.357 4.394 4.429 4.464 4.499 4.532 4.566 4.598 4.630 4.662 4.694 4.724 4.755 4.785 4.815 4.844 4.873 4.901 4.928 4.954 4.980 5.005 5.031 5.055 5.079 5.102 5.125 5.147 5.169 5.190 5.210 5.230 5.250 5.270 5.288 5.307 5.325 5.343 5.361 5.378 5.395 5.411 5.426 5.441 5.456 5.471 5.486 5.501 5.515 5.529 5.543 5.557 5.570 5.584 5.598 5.612 5.626 5.641 5.656 5.672 5.689 5.706
3.616 3.695 3.765 3.828 3.887 3.942 3.995 4.045 4.092 4.138 4.181 4.222 4.263 4.302 4.340 4.377 4.413 4.449 4.483 4.517 4.550 4.583 4.615 4.646 4.678 4.708 4.739 4.769 4.799 4.828 4.857 4.885 4.913 4.940 4.966 4.992 5.018 5.043 5.067 5.091 5.114 5.137 5.159 5.181 5.202 5.223 5.243 5.263 5.282 5.301 5.320 5.338 5.356 5.374 5.391 5.408 5.424 5.439 5.455 5.470 5.486 5.500 5.515 5.529 5.543 5.557 5.570 5.584 5.597 5.610 5.623 5.636 5.650 5.664 5.678 5.693 5.709
3.656 3.730 3.797 3.858 3.916 3.970 4.021 4.070 4.117 4.162 4.204 4.245 4.285 4.323 4.361 4.398 4.433 4.468 4.502 4.535 4.568 4.600 4.631 4.662 4.693 4.723 4.753 4.783 4.812 4.841 4.870 4.898 4.926 4.952 4.978 5.004 5.029 5.054 5.079 5.103 5.126 5.149 5.171 5.193 5.214 5.235 5.255 5.275 5.295 5.314 5.333 5.351 5.369 5.387 5.404 5.421 5.437 5.453 5.468 5.484 5.499 5.514 5.529 5.543 5.557 5.571 5.584 5.597 5.610 5.623 5.636 5.648 5.661 5.674 5.687 5.700 5.714
3.693 3.763 3.828 3.887 3.943 3.996 4.047 4.095 4.141 4.185 4.227 4.267 4.306 4.344 4.382 4.418 4.453 4.487 4.520 4.553 4.585 4.617 4.648 4.678 4.709 4.739 4.768 4.797 4.826 4.854 4.883 4.910 4.938 4.964 4.990 5.015 5.041 5.066 5.091 5.114 5.138 5.161 5.183 5.205 5.226 5.247 5.267 5.287 5.307 5.326 5.345 5.363 5.381 5.399 5.416 5.434 5.450 5.465 5.481 5.497 5.512 5.527 5.542 5.557 5.571 5.585 5.598 5.611 5.624 5.637 5.649 5.661 5.673 5.685 5.698 5.710 5.723
3.728 3.795 3.858 3.916 3.971 4.022 4.072 4.119 4.164 4.208 4.249 4.289 4.328 4.365 4.402 4.438 4.472 4.506 4.539 4.571 4.603 4.634 4.664 4.695 4.724 4.754 4.783 4.811 4.840 4.868 4.896 4.923 4.950 4.976 5.001 5.027 5.052 5.077 5.102 5.126 5.149 5.172 5.194 5.216 5.237 5.258 5.279 5.299 5.318 5.337 5.356 5.375 5.393 5.411 5.428 5.446 5.462 5.477 5.493 5.509 5.525 5.540 5.555 5.570 5.584 5.598 5.612 5.625 5.638 5.650 5.663 5.675 5.686 5.698 5.710 5.721 5.733
3.761 3.826 3.887 3.943 3.997 4.048 4.097 4.143 4.188 4.230 4.271 4.310 4.349 4.386 4.422 4.457 4.491 4.525 4.557 4.589 4.620 4.651 4.681 4.711 4.740 4.769 4.797 4.826 4.854 4.881 4.909 4.936 4.962 4.988 5.013 5.038 5.064 5.088 5.113 5.137 5.160 5.183 5.205 5.227 5.248 5.269 5.290 5.310 5.329 5.349 5.367 5.386 5.404 5.422 5.440 5.457 5.473 5.489 5.505 5.521 5.536 5.552 5.567 5.582 5.597 5.611 5.625 5.638 5.651 5.664 5.676 5.688 5.700 5.712 5.723 5.734 5.745
3.793 3.856 3.915 3.970 4.023 4.073 4.121 4.167 4.211 4.253 4.293 4.331 4.369 4.406 4.442 4.477 4.510 4.543 4.576 4.607 4.638 4.668 4.698 4.727 4.756 4.784 4.812 4.840 4.868 4.895 4.922 4.948 4.975 5.000 5.025 5.050 5.075 5.100 5.124 5.148 5.171 5.194 5.216 5.238 5.259 5.280 5.301 5.321 5.340 5.359 5.378 5.397 5.415 5.433 5.450 5.468 5.484 5.500 5.516 5.532 5.548 5.563 5.579 5.594 5.608 5.623 5.637 5.651 5.664 5.677 5.689 5.702 5.713 5.725 5.736 5.747 5.758
3.824 3.885 3.943 3.997 4.048 4.098 4.145 4.190 4.233 4.275 4.314 4.352 4.390 4.426 4.462 4.496 4.529 4.562 4.594 4.625 4.655 4.685 4.714 4.743 4.772 4.800 4.827 4.855 4.882 4.908 4.935 4.961 4.987 5.012 5.036 5.061 5.086 5.111 5.135 5.158 5.181 5.204 5.227 5.248 5.270 5.291 5.311 5.331 5.351 5.370 5.389 5.407 5.425 5.443 5.461 5.478 5.494 5.510 5.526 5.542 5.558 5.574 5.589 5.605 5.620 5.634 5.648 5.662 5.676 5.689 5.702 5.714 5.726 5.738 5.750 5.761 5.772
3.854 3.914 3.970 4.023 4.073 4.122 4.168 4.213 4.256 4.296 4.334 4.373 4.410 4.446 4.481 4.515 4.548 4.580 4.612 4.642 4.672 4.702 4.731 4.759 4.787 4.815 4.842 4.869 4.896 4.922 4.948 4.974 5.000 5.024 5.048 5.073 5.097 5.122 5.145 5.169 5.192 5.215 5.237 5.259 5.280 5.301 5.321 5.341 5.361 5.380 5.399 5.417 5.436 5.454 5.471 5.488 5.504 5.520 5.536 5.552 5.568 5.584 5.600 5.615 5.630 5.645 5.659 5.673 5.687 5.701 5.714 5.727 5.739 5.751 5.763 5.774 5.785
3.883 3.941 3.996 4.048 4.098 4.145 4.191 4.235 4.277 4.317 4.355 4.393 4.430 4.466 4.500 4.534 4.566 4.598 4.629 4.660 4.690 4.719 4.747 4.775 4.803 4.830 4.857 4.884 4.910 4.936 4.962 4.988 5.012 5.036 5.060 5.084 5.109 5.133 5.156 5.179 5.202 5.225 5.247 5.269 5.290 5.311 5.331 5.351 5.371 5.390 5.409 5.428 5.446 5.464 5.481 5.498 5.514 5.530 5.546 5.562 5.578 5.594 5.609 5.625 5.640 5.655 5.669 5.684 5.698 5.711 5.725 5.738 5.751 5.763 5.775 5.786 5.798
3.912 3.968 4.022 4.073 4.122 4.169 4.214 4.257 4.299 4.338 4.376 4.413 4.450 4.485 4.519 4.552 4.585 4.616 4.647 4.677 4.707 4.735 4.764 4.791 4.819 4.846 4.872 4.898 4.924 4.950 4.975 5.001 5.024 5.048 5.072 5.096 5.120 5.144 5.167 5.190 5.213 5.235 5.257 5.279 5.300 5.321 5.341 5.361 5.381 5.400 5.419 5.437 5.456 5.473 5.491 5.508 5.523 5.539 5.555 5.571 5.587 5.603 5.619 5.634 5.649 5.664 5.679 5.693 5.708 5.721 5.735 5.748 5.761 5.774 5.786 5.798 5.810
3.939 3.995 4.047 4.097 4.145 4.192 4.236 4.279 4.320 4.358 4.396 4.433 4.469 4.504 4.538 4.571 4.603 4.634 4.664 4.694 4.723 4.752 4.780 4.807 4.834 4.861 4.887 4.913 4.938 4.964 4.989 5.014 5.037 5.060 5.084 5.108 5.131 5.155 5.178 5.201 5.223 5.245 5.267 5.289 5.310 5.331 5.351 5.371 5.391 5.410 5.429 5.447 5.465 5.483 5.501 5.517 5.532 5.548 5.564 5.580 5.596 5.612 5.628 5.643 5.658 5.673 5.688 5.702 5.717 5.731 5.745 5.758 5.772 5.785 5.797 5.809 5.821
3.966 4.020 4.072 4.121 4.169 4.214 4.258 4.300 4.341 4.379 4.416 4.453 4.488 4.523 4.556 4.589 4.621 4.651 4.682 4.711 4.740 4.768 4.796 4.823 4.850 4.876 4.902 4.927 4.953 4.978 5.002 5.027 5.050 5.073 5.096 5.120 5.143 5.166 5.189 5.211 5.234 5.256 5.277 5.299 5.320 5.341 5.361 5.381 5.400 5.420 5.438 5.457 5.475 5.493 5.510 5.526 5.542 5.558 5.574 5.589 5.605 5.621 5.636 5.651 5.667 5.682 5.696 5.711 5.725 5.740 5.754 5.767 5.781 5.794 5.807 5.820 5.832
3.993 4.046 4.097 4.145 4.192 4.236 4.280 4.321 4.361 4.399 4.436 4.472 4.507 4.541 4.575 4.607 4.638 4.669 4.699 4.728 4.756 4.784 4.812 4.839 4.865 4.891 4.916 4.942 4.967 4.991 5.016 5.040 5.063 5.085 5.108 5.131 5.154 5.177 5.200 5.222 5.244 5.266 5.287 5.309 5.330 5.350 5.371 5.391 5.410 5.429 5.448 5.466 5.484 5.502 5.519 5.535 5.551 5.567 5.583 5.598 5.614 5.629 5.645 5.660 5.675 5.690 5.705 5.719 5.734 5.748 5.762 5.776 5.790 5.803 5.816 5.829 5.842
4.019 4.071 4.121 4.168 4.214 4.259 4.301 4.342 4.382 4.419 4.455 4.491 4.526 4.560 4.593 4.625 4.656 4.686 4.716 4.745 4.773 4.801 4.828 4.854 4.880 4.906 4.931 4.956 4.981 5.005 5.029 5.053 5.076 5.098 5.120 5.143 5.166 5.188 5.211 5.233 5.254 5.276 5.298 5.319 5.339 5.360 5.380 5.400 5.420 5.439 5.457 5.476 5.494 5.511 5.529 5.545 5.560 5.576 5.592 5.607 5.623 5.638 5.653 5.668 5.683 5.698 5.713 5.727 5.742 5.756 5.770 5.784 5.798 5.811 5.825 5.838 5.851
4.044 4.096 4.145 4.192 4.237 4.280 4.322 4.363 4.402 4.439 4.475 4.511 4.545 4.578 4.611 4.643 4.673 4.703 4.733 4.761 4.789 4.817 4.843 4.870 4.895 4.921 4.946 4.970 4.995 5.019 5.042 5.066 5.088 5.110 5.133 5.155 5.177 5.200 5.222 5.243 5.265 5.286 5.308 5.328 5.349 5.370 5.390 5.409 5.429 5.448 5.467 5.485 5.503 5.521 5.538 5.554 5.569 5.585 5.601 5.616 5.631 5.647 5.662 5.677 5.691 5.706 5.720 5.735 5.749 5.763 5.778 5.792 5.806 5.819 5.833 5.846 5.860
4.070 4.120 4.168 4.214 4.259 4.302 4.344 4.384 4.423 4.459 4.494 4.530 4.564 4.597 4.629 4.660 4.691 4.720 4.749 4.778 4.805 4.833 4.859 4.885 4.911 4.936 4.960 4.985 5.009 5.032 5.056 5.079 5.101 5.123 5.145 5.167 5.189 5.211 5.233 5.254 5.275 5.297 5.317 5.338 5.359 5.379 5.399 5.419 5.438 5.457 5.476 5.494 5.512 5.530 5.547 5.563 5.578 5.594 5.610 5.625 5.640 5.655 5.670 5.685 5.699 5.714 5.728 5.743 5.757 5.771 5.785 5.799 5.813 5.827 5.840 5.854 5.867
4.094 4.144 4.191 4.237 4.281 4.324 4.365 4.404 4.443 4.479 4.514 4.549 4.582 4.615 4.647 4.678 4.708 4.738 4.766 4.794 4.822 4.849 4.875 4.901 4.926 4.951 4.975 4.999 5.023 5.046 5.069 5.092 5.114 5.135 5.157 5.179 5.201 5.222 5.243 5.265 5.286 5.307 5.327 5.348 5.368 5.388 5.408 5.428 5.447 5.466 5.485 5.503 5.521 5.539 5.556 5.572 5.587 5.603 5.619 5.634 5.649 5.664 5.679 5.693 5.708 5.722 5.736 5.750 5.764 5.778 5.792 5.806 5.820 5.834 5.848 5.861 5.875
4.119 4.168 4.215 4.260 4.303 4.345 4.386 4.425 4.463 4.499 4.533 4.568 4.601 4.634 4.665 4.696 4.726 4.755 4.783 4.811 4.838 4.865 4.891 4.916 4.941 4.966 4.990 5.013 5.037 5.060 5.083 5.105 5.127 5.148 5.169 5.191 5.212 5.233 5.254 5.275 5.296 5.317 5.337 5.358 5.378 5.398 5.418 5.437 5.456 5.475 5.494 5.512 5.530 5.548 5.565 5.581 5.597 5.612 5.628 5.643 5.658 5.673 5.687 5.702 5.716 5.730 5.744 5.758 5.772 5.786 5.800 5.813 5.827 5.841 5.854 5.868 5.881
4.143 4.191 4.237 4.282 4.325 4.366 4.406 4.445 4.483 4.518 4.553 4.587 4.620 4.652 4.683 4.714 4.743 4.772 4.800 4.828 4.855 4.881 4.907 4.932 4.956 4.981 5.004 5.028 5.051 5.074 5.096 5.118 5.139 5.160 5.181 5.203 5.224 5.245 5.265 5.286 5.307 5.327 5.347 5.367 5.387 5.407 5.427 5.446 5.465 5.484 5.503 5.521 5.539 5.557 5.574 5.590 5.605 5.621 5.637 5.652 5.667 5.682 5.696 5.710 5.725 5.738 5.752 5.766 5.780 5.793 5.807 5.820 5.834 5.848 5.861 5.875 5.888
4.167 4.214 4.260 4.304 4.346 4.387 4.427 4.465 4.503 4.538 4.572 4.606 4.639 4.671 4.702 4.732 4.761 4.790 4.818 4.845 4.872 4.897 4.923 4.948 4.972 4.996 5.019 5.043 5.065 5.088 5.110 5.132 5.153 5.173 5.194 5.215 5.235 5.256 5.277 5.297 5.317 5.337 5.357 5.377 5.397 5.416 5.436 5.455 5.474 5.493 5.511 5.530 5.548 5.565 5.583 5.599 5.614 5.630 5.646 5.661 5.676 5.691 5.705 5.719 5.733 5.747 5.761 5.774 5.787 5.801 5.814 5.828 5.841 5.854 5.868 5.881 5.895
4.190 4.237 4.282 4.326 4.368 4.408 4.448 4.486 4.523 4.557 4.591 4.625 4.658 4.689 4.720 4.750 4.779 4.808 4.835 4.862 4.889 4.914 4.939 4.964 4.988 5.012 5.035 5.058 5.080 5.102 5.124 5.145 5.166 5.186 5.206 5.227 5.247 5.268 5.288 5.308 5.328 5.347 5.367 5.387 5.406 5.426 5.445 5.464 5.483 5.501 5.520 5.538 5.556 5.574 5.591 5.607 5.623 5.639 5.654 5.670 5.685 5.699 5.714 5.728 5.742 5.756 5.769 5.782 5.796 5.809 5.822 5.835 5.848 5.861 5.875 5.888 5.901
4.214 4.260 4.304 4.347 4.389 4.429 4.468 4.506 4.542 4.577 4.611 4.644 4.676 4.708 4.739 4.768 4.797 4.826 4.853 4.880 4.906 4.931 4.956 4.980 5.004 5.028 5.050 5.073 5.095 5.117 5.138 5.159 5.179 5.199 5.219 5.239 5.259 5.279 5.299 5.319 5.338 5.358 5.377 5.397 5.416 5.435 5.454 5.473 5.491 5.510 5.528 5.547 5.564 5.582 5.600 5.616 5.631 5.647 5.663 5.678 5.693 5.708 5.723 5.737 5.751 5.764 5.778 5.791 5.804 5.817 5.830 5.843 5.856 5.869 5.882 5.895 5.908
4.236 4.282 4.326 4.368 4.410 4.449 4.488 4.526 4.562 4.596 4.630 4.663 4.695 4.727 4.757 4.787 4.815 4.843 4.871 4.897 4.923 4.949 4.973 4.997 5.021 5.044 5.067 5.089 5.110 5.132 5.153 5.174 5.193 5.213 5.232 5.252 5.272 5.291 5.311 5.330 5.349 5.368 5.387 5.406 5.425 5.444 5.463 5.482 5.500 5.519 5.537 5.555 5.573 5.590 5.608 5.624 5.639 5.655 5.671 5.687 5.702 5.717 5.731 5.745 5.759 5.773 5.786 5.799 5.812 5.825 5.838 5.851 5.863 5.876 5.889 5.902 5.915
4.259 4.304 4.347 4.389 4.430 4.470 4.508 4.545 4.581 4.615 4.649 4.682 4.714 4.745 4.775 4.805 4.834 4.862 4.889 4.915 4.941 4.966 4.991 5.014 5.038 5.061 5.083 5.105 5.126 5.148 5.168 5.189 5.208 5.227 5.246 5.266 5.285 5.304 5.323 5.342 5.361 5.379 5.398 5.417 5.435 5.454 5.472 5.490 5.509 5.527 5.545 5.563 5.581 5.598 5.616 5.632 5.647 5.663 5.679 5.695 5.710 5.725 5.740 5.754 5.768 5.782 5.795 5.808 5.821 5.834 5.846 5.859 5.871 5.884 5.896 5.909 5.922
4.280 4.325 4.368 4.410 4.450 4.489 4.528 4.565 4.600 4.633 4.667 4.700 4.732 4.763 4.794 4.823 4.852 4.880 4.907 4.933 4.959 4.984 5.008 5.032 5.055 5.078 5.100 5.122 5.143 5.164 5.184 5.204 5.223 5.242 5.261 5.280 5.298 5.317 5.336 5.354 5.372 5.391 5.409 5.427 5.445 5.463 5.481 5.500 5.518 5.536 5.553 5.571 5.589 5.606 5.623 5.639 5.655 5.671 5.687 5.703 5.718 5.733 5.748 5.762 5.776 5.790 5.804 5.817 5.829 5.842 5.855 5.867 5.879 5.892 5.904 5.917 5.929
4.302 4.346 4.388 4.429 4.470 4.509 4.547 4.583 4.618 4.652 4.686 4.718 4.750 4.781 4.812 4.841 4.870 4.898 4.925 4.951 4.977 5.002 5.026 5.049 5.073 5.095 5.117 5.139 5.160 5.180 5.201 5.220 5.239 5.257 5.276 5.294 5.313 5.331 5.349 5.367 5.385 5.403 5.420 5.438 5.456 5.473 5.491 5.509 5.527 5.544 5.562 5.579 5.597 5.614 5.631 5.647 5.663 5.679 5.695 5.711 5.726 5.741 5.756 5.771 5.785 5.799 5.812 5.825 5.838 5.851 5.863 5.876 5.888 5.900 5.912 5.924 5.937
4.323 4.366 4.408 4.449 4.489 4.527 4.565 4.602 4.636 4.670 4.704 4.736 4.768 4.799 4.829 4.859 4.887 4.915 4.942 4.969 4.994 5.019 5.044 5.067 5.090 5.113 5.135 5.156 5.177 5.198 5.218 5.237 5.255 5.273 5.291 5.310 5.327 5.345 5.363 5.380 5.398 5.415 5.432 5.450 5.467 5.484 5.501 5.519 5.536 5.553 5.570 5.588 5.605 5.622 5.639 5.654 5.670 5.686 5.702 5.718 5.734 5.749 5.764 5.778 5.793 5.807 5.820 5.834 5.847 5.859 5.872 5.884 5.896 5.908 5.921 5.933 5.945
