version1/TsunamiDB/out54012.asc
ncols          264
nrows          230
xllcorner      497853.4375
yllcorner      4229146.0000
cellsize         5.
NODATA_value   -99
[rows 155 to 185 of 230, columns 140 to 209 of 264]
-99.000 -99.000 -99.000 -99.000 -99.000 1.645 1.666 1.770 1.980 2.278 2.639 3.035 3.432 3.801 4.118 4.363 4.542 4.674 4.775 4.857 4.927 4.991 5.051 5.108 5.162 5.216 5.270 5.324 5.374 5.423 5.472 5.518 5.563 5.607 5.648 5.689 5.731 5.776 5.823 5.875 5.931 5.992 6.060 6.134 6.209 6.290 6.362 6.409 6.477 6.553 6.593 6.615 6.636 6.667 6.707 6.758 6.796 6.770 6.814 6.914 6.947 6.929 6.879 6.805 6.700 6.568 6.429 6.308 6.273 6.303
-99.000 -99.000 -99.000 -99.000 1.645 1.648 1.693 1.838 2.084 2.408 2.785 3.183 3.571 3.922 4.218 4.444 4.609 4.733 4.829 4.907 4.975 5.036 5.093 5.147 5.199 5.251 5.305 5.359 5.410 5.461 5.512 5.561 5.610 5.657 5.701 5.744 5.789 5.836 5.885 5.939 5.993 6.053 6.122 6.192 6.264 6.346 6.408 6.444 6.513 6.593 6.633 6.655 6.674 6.697 6.729 6.783 6.805 6.757 6.789 6.881 6.903 6.878 6.825 6.747 6.643 6.510 6.382 6.284 6.267 6.310
-99.000 -99.000 -99.000 -99.000 1.645 1.656 1.734 1.919 2.196 2.543 2.931 3.327 3.702 4.033 4.307 4.516 4.670 4.787 4.879 4.955 5.022 5.081 5.136 5.188 5.238 5.290 5.343 5.398 5.450 5.503 5.557 5.610 5.662 5.713 5.762 5.810 5.859 5.907 5.958 6.015 6.069 6.128 6.193 6.262 6.333 6.399 6.446 6.481 6.552 6.636 6.681 6.706 6.725 6.749 6.780 6.810 6.801 6.743 6.766 6.844 6.858 6.829 6.770 6.688 6.583 6.462 6.361 6.282 6.276 6.330
-99.000 -99.000 -99.000 -99.000 1.647 1.674 1.790 2.012 2.317 2.682 3.076 3.465 3.824 4.133 4.386 4.578 4.722 4.834 4.923 4.998 5.064 5.123 5.177 5.228 5.278 5.329 5.383 5.439 5.494 5.550 5.608 5.664 5.720 5.776 5.832 5.886 5.938 5.988 6.043 6.102 6.155 6.211 6.272 6.336 6.396 6.446 6.487 6.520 6.593 6.684 6.737 6.766 6.788 6.811 6.826 6.824 6.793 6.726 6.739 6.805 6.812 6.778 6.715 6.631 6.533 6.437 6.360 6.295 6.298 6.364
-99.000 -99.000 -99.000 1.645 1.651 1.704 1.860 2.115 2.444 2.823 3.218 3.597 3.937 4.224 4.455 4.631 4.764 4.871 4.958 5.033 5.099 5.159 5.214 5.265 5.316 5.367 5.423 5.482 5.539 5.599 5.662 5.722 5.783 5.846 5.909 5.969 6.025 6.077 6.136 6.198 6.247 6.298 6.352 6.406 6.455 6.496 6.532 6.564 6.640 6.739 6.796 6.830 6.852 6.863 6.858 6.832 6.783 6.706 6.709 6.764 6.764 6.727 6.662 6.584 6.504 6.432 6.372 6.319 6.333 6.411
-99.000 -99.000 -99.000 1.646 1.661 1.747 1.942 2.226 2.576 2.963 3.355 3.722 4.041 4.306 4.513 4.671 4.795 4.897 4.984 5.060 5.128 5.189 5.245 5.298 5.349 5.403 5.461 5.523 5.585 5.649 5.717 5.783 5.850 5.920 5.989 6.055 6.115 6.170 6.232 6.296 6.341 6.386 6.430 6.474 6.515 6.550 6.584 6.614 6.691 6.794 6.854 6.891 6.905 6.903 6.880 6.833 6.769 6.685 6.678 6.721 6.717 6.679 6.619 6.554 6.494 6.440 6.397 6.356 6.378 6.462
-99.000 -99.000 1.645 1.647 1.681 1.805 2.034 2.344 2.711 3.103 3.488 3.838 4.136 4.376 4.559 4.700 4.816 4.914 5.000 5.078 5.148 5.211 5.269 5.323 5.377 5.433 5.494 5.560 5.627 5.696 5.770 5.843 5.917 5.993 6.069 6.141 6.206 6.260 6.326 6.393 6.436 6.473 6.507 6.543 6.577 6.609 6.640 6.664 6.740 6.845 6.907 6.939 6.944 6.930 6.892 6.829 6.751 6.660 6.644 6.680 6.674 6.640 6.591 6.542 6.498 6.461 6.431 6.398 6.425 6.514
-99.000 -99.000 1.645 1.652 1.713 1.876 2.136 2.469 2.848 3.240 3.615 3.946 4.221 4.432 4.594 4.722 4.830 4.925 5.010 5.088 5.160 5.225 5.285 5.341 5.396 5.455 5.520 5.591 5.663 5.738 5.819 5.900 5.980 6.063 6.146 6.223 6.291 6.347 6.416 6.487 6.527 6.557 6.584 6.612 6.642 6.668 6.693 6.711 6.785 6.891 6.949 6.973 6.970 6.945 6.895 6.819 6.728 6.632 6.611 6.642 6.638 6.614 6.577 6.541 6.513 6.491 6.470 6.442 6.473 6.565
-99.000 -99.000 1.646 1.664 1.759 1.959 2.247 2.599 2.986 3.374 3.734 4.045 4.292 4.479 4.623 4.741 4.841 4.932 5.015 5.092 5.164 5.230 5.292 5.350 5.407 5.470 5.539 5.615 5.692 5.774 5.863 5.950 6.039 6.128 6.217 6.298 6.369 6.425 6.498 6.571 6.609 6.636 6.656 6.677 6.700 6.720 6.739 6.750 6.819 6.921 6.972 6.990 6.978 6.944 6.884 6.795 6.695 6.598 6.574 6.605 6.609 6.596 6.570 6.549 6.534 6.520 6.506 6.482 6.515 6.608
-99.000 1.645 1.648 1.686 1.819 2.053 2.367 2.734 3.124 3.504 3.846 4.133 4.353 4.520 4.650 4.758 4.852 4.937 5.017 5.092 5.163 5.229 5.292 5.351 5.412 5.477 5.550 5.631 5.713 5.801 5.897 5.992 6.087 6.183 6.274 6.358 6.433 6.490 6.566 6.642 6.681 6.706 6.721 6.737 6.753 6.765 6.778 6.780 6.842 6.939 6.985 6.995 6.974 6.932 6.865 6.769 6.666 6.568 6.548 6.583 6.595 6.592 6.577 6.566 6.560 6.552 6.542 6.520 6.552 6.643
-99.000 1.645 1.654 1.721 1.893 2.158 2.494 2.872 3.261 3.628 3.950 4.210 4.407 4.557 4.675 4.775 4.863 4.944 5.019 5.091 5.160 5.225 5.287 5.347 5.408 5.476 5.552 5.638 5.726 5.820 5.923 6.025 6.128 6.229 6.325 6.414 6.492 6.548 6.627 6.710 6.752 6.775 6.789 6.800 6.807 6.814 6.821 6.810 6.862 6.955 6.996 6.998 6.971 6.923 6.850 6.749 6.641 6.548 6.534 6.574 6.594 6.598 6.593 6.591 6.590 6.586 6.579 6.556 6.586 6.673
-99.000 1.646 1.668 1.772 1.981 2.273 2.628 3.013 3.395 3.746 4.044 4.277 4.453 4.589 4.699 4.792 4.875 4.951 5.023 5.092 5.158 5.220 5.280 5.340 5.402 5.471 5.551 5.643 5.735 5.835 5.946 6.055 6.166 6.272 6.372 6.468 6.544 6.598 6.681 6.771 6.816 6.841 6.854 6.860 6.861 6.864 6.858 6.833 6.877 6.966 7.000 6.996 6.963 6.909 6.830 6.720 6.613 6.534 6.528 6.573 6.598 6.611 6.613 6.615 6.618 6.617 6.609 6.585 6.611 6.695
1.645 1.649 1.694 1.837 2.080 2.399 2.769 3.156 3.527 3.857 4.127 4.333 4.491 4.616 4.718 4.807 4.886 4.960 5.030 5.096 5.158 5.218 5.277 5.335 5.397 5.469 5.553 5.649 5.747 5.853 5.969 6.086 6.201 6.313 6.419 6.510 6.582 6.640 6.728 6.824 6.874 6.903 6.915 6.919 6.917 6.906 6.884 6.850 6.887 6.970 6.998 6.989 6.948 6.884 6.797 6.690 6.599 6.529 6.527 6.575 6.608 6.627 6.633 6.638 6.643 6.642 6.633 6.606 6.628 6.707
1.645 1.657 1.735 1.918 2.192 2.534 2.914 3.298 3.655 3.959 4.198 4.381 4.523 4.637 4.734 4.819 4.896 4.968 5.036 5.100 5.161 5.219 5.276 5.333 5.397 5.470 5.558 5.658 5.760 5.871 5.991 6.111 6.229 6.345 6.451 6.540 6.614 6.673 6.767 6.870 6.926 6.958 6.971 6.974 6.963 6.937 6.904 6.860 6.890 6.966 6.990 6.974 6.924 6.852 6.763 6.670 6.593 6.528 6.529 6.583 6.621 6.642 6.651 6.658 6.662 6.659 6.649 6.618 6.635 6.710
1.647 1.675 1.792 2.013 2.317 2.677 3.064 3.440 3.776 4.050 4.259 4.421 4.549 4.655 4.746 4.828 4.903 4.974 5.040 5.103 5.162 5.218 5.274 5.332 5.396 5.471 5.563 5.668 5.773 5.887 6.009 6.129 6.249 6.365 6.472 6.562 6.638 6.701 6.799 6.910 6.970 7.005 7.020 7.018 6.998 6.960 6.915 6.863 6.886 6.957 6.974 6.952 6.896 6.821 6.740 6.659 6.590 6.530 6.535 6.593 6.633 6.656 6.666 6.671 6.673 6.669 6.655 6.622 6.635 6.706
1.651 1.708 1.867 2.123 2.453 2.828 3.215 3.578 3.888 4.129 4.314 4.457 4.573 4.671 4.756 4.834 4.907 4.976 5.040 5.101 5.159 5.214 5.269 5.327 5.394 5.474 5.570 5.677 5.784 5.898 6.020 6.141 6.260 6.375 6.484 6.578 6.658 6.722 6.825 6.941 7.006 7.043 7.055 7.048 7.021 6.973 6.920 6.862 6.877 6.940 6.953 6.926 6.868 6.799 6.727 6.654 6.592 6.536 6.542 6.601 6.643 6.666 6.674 6.677 6.677 6.670 6.656 6.620 6.627 6.693
1.664 1.758 1.958 2.246 2.599 2.984 3.366 3.710 3.987 4.201 4.364 4.492 4.596 4.685 4.765 4.838 4.908 4.973 5.035 5.094 5.149 5.203 5.259 5.319 5.390 5.473 5.572 5.681 5.788 5.901 6.023 6.143 6.260 6.377 6.489 6.587 6.671 6.735 6.840 6.962 7.030 7.067 7.076 7.066 7.033 6.979 6.918 6.852 6.861 6.920 6.930 6.902 6.849 6.786 6.720 6.654 6.595 6.540 6.546 6.605 6.647 6.670 6.676 6.677 6.673 6.665 6.651 6.611 6.612 6.672
1.690 1.828 2.067 2.385 2.756 3.143 3.514 3.831 4.079 4.268 4.412 4.526 4.620 4.701 4.774 4.842 4.906 4.968 5.026 5.082 5.135 5.189 5.246 5.308 5.381 5.467 5.567 5.678 5.785 5.897 6.018 6.136 6.253 6.372 6.487 6.590 6.676 6.739 6.847 6.974 7.042 7.077 7.085 7.071 7.036 6.975 6.907 6.836 6.842 6.898 6.908 6.885 6.837 6.779 6.718 6.656 6.596 6.539 6.545 6.604 6.645 6.666 6.671 6.668 6.663 6.655 6.639 6.595 6.592 6.646
1.734 1.918 2.192 2.537 2.918 3.304 3.655 3.942 4.162 4.330 4.459 4.561 4.646 4.719 4.786 4.848 4.907 4.963 5.017 5.070 5.121 5.174 5.231 5.296 5.371 5.458 5.559 5.669 5.776 5.888 6.008 6.126 6.243 6.362 6.480 6.586 6.675 6.735 6.844 6.972 7.038 7.071 7.077 7.063 7.024 6.958 6.886 6.814 6.817 6.874 6.889 6.871 6.827 6.774 6.717 6.653 6.592 6.533 6.535 6.592 6.633 6.654 6.657 6.653 6.647 6.639 6.623 6.575 6.566 6.614
1.801 2.027 2.335 2.699 3.086 3.461 3.786 4.042 4.239 4.389 4.504 4.597 4.674 4.741 4.801 4.858 4.911 4.963 5.012 5.061 5.110 5.162 5.220 5.285 5.360 5.447 5.547 5.656 5.762 5.872 5.993 6.110 6.227 6.346 6.463 6.569 6.659 6.717 6.825 6.952 7.018 7.050 7.055 7.041 7.001 6.935 6.862 6.789 6.794 6.854 6.874 6.860 6.821 6.772 6.715 6.649 6.584 6.521 6.520 6.575 6.616 6.638 6.640 6.636 6.629 6.620 6.603 6.553 6.537 6.579
1.889 2.154 2.491 2.870 3.255 3.611 3.904 4.133 4.309 4.443 4.549 4.633 4.705 4.767 4.822 4.874 4.923 4.970 5.016 5.061 5.107 5.157 5.213 5.276 5.349 5.433 5.530 5.638 5.742 5.851 5.971 6.088 6.204 6.322 6.438 6.548 6.641 6.693 6.798 6.928 6.993 7.025 7.031 7.019 6.980 6.913 6.838 6.768 6.776 6.841 6.866 6.856 6.821 6.774 6.715 6.646 6.576 6.508 6.503 6.557 6.599 6.620 6.624 6.621 6.612 6.603 6.588 6.532 6.510 6.547
1.998 2.299 2.659 3.045 3.420 3.747 4.010 4.214 4.371 4.494 4.591 4.671 4.738 4.797 4.850 4.898 4.944 4.987 5.029 5.071 5.114 5.160 5.212 5.270 5.338 5.417 5.512 5.619 5.721 5.831 5.950 6.067 6.186 6.304 6.421 6.538 6.623 6.665 6.771 6.902 6.966 6.997 7.005 6.992 6.953 6.883 6.810 6.748 6.761 6.830 6.860 6.854 6.823 6.775 6.714 6.639 6.563 6.492 6.484 6.538 6.579 6.603 6.610 6.606 6.598 6.595 6.578 6.513 6.485 6.516
2.125 2.457 2.833 3.219 3.574 3.870 4.104 4.285 4.427 4.540 4.631 4.708 4.773 4.831 4.883 4.930 4.974 5.015 5.054 5.092 5.130 5.172 5.218 5.271 5.334 5.410 5.503 5.608 5.709 5.819 5.939 6.058 6.177 6.298 6.418 6.521 6.591 6.635 6.742 6.871 6.934 6.966 6.971 6.956 6.915 6.851 6.792 6.735 6.749 6.822 6.856 6.855 6.823 6.773 6.708 6.630 6.554 6.479 6.467 6.520 6.564 6.591 6.601 6.601 6.599 6.593 6.565 6.494 6.460 6.484
2.268 2.624 3.010 3.385 3.712 3.977 4.185 4.348 4.476 4.581 4.668 4.743 4.809 4.867 4.919 4.967 5.010 5.050 5.087 5.122 5.156 5.193 5.234 5.282 5.339 5.411 5.500 5.603 5.703 5.812 5.933 6.052 6.171 6.291 6.402 6.490 6.557 6.601 6.707 6.834 6.898 6.928 6.931 6.915 6.879 6.830 6.780 6.723 6.738 6.816 6.855 6.855 6.823 6.771 6.703 6.626 6.550 6.471 6.455 6.509 6.557 6.587 6.600 6.606 6.603 6.589 6.552 6.474 6.434 6.453
2.423 2.797 3.183 3.539 3.835 4.071 4.256 4.402 4.520 4.618 4.702 4.776 4.841 4.901 4.955 5.004 5.049 5.089 5.124 5.157 5.188 5.220 5.256 5.298 5.350 5.415 5.500 5.600 5.698 5.806 5.925 6.043 6.159 6.272 6.375 6.457 6.522 6.565 6.671 6.797 6.859 6.889 6.893 6.880 6.854 6.816 6.770 6.715 6.733 6.814 6.855 6.856 6.824 6.770 6.704 6.630 6.553 6.470 6.452 6.509 6.558 6.591 6.608 6.614 6.607 6.585 6.538 6.454 6.409 6.422
2.587 2.971 3.348 3.677 3.944 4.154 4.319 4.451 4.559 4.651 4.732 4.805 4.871 4.933 4.989 5.041 5.087 5.128 5.163 5.193 5.221 5.250 5.281 5.317 5.362 5.423 5.502 5.597 5.692 5.796 5.912 6.028 6.138 6.244 6.344 6.425 6.489 6.532 6.635 6.760 6.822 6.853 6.860 6.855 6.838 6.806 6.766 6.712 6.730 6.813 6.856 6.859 6.827 6.777 6.714 6.642 6.567 6.482 6.462 6.518 6.568 6.602 6.620 6.623 6.611 6.579 6.523 6.434 6.383 6.389
2.756 3.142 3.501 3.801 4.040 4.227 4.375 4.494 4.594 4.681 4.759 4.831 4.898 4.961 5.020 5.074 5.122 5.165 5.200 5.229 5.255 5.280 5.307 5.338 5.377 5.430 5.501 5.590 5.680 5.779 5.893 6.004 6.108 6.213 6.312 6.393 6.459 6.500 6.603 6.728 6.792 6.825 6.837 6.839 6.828 6.802 6.766 6.711 6.729 6.814 6.860 6.865 6.839 6.793 6.733 6.665 6.592 6.504 6.479 6.534 6.584 6.617 6.632 6.632 6.612 6.571 6.507 6.412 6.355 6.354
2.925 3.305 3.639 3.912 4.125 4.292 4.425 4.534 4.626 4.709 4.784 4.855 4.922 4.987 5.048 5.104 5.155 5.199 5.235 5.264 5.289 5.311 5.335 5.360 5.391 5.435 5.498 5.580 5.664 5.760 5.870 5.977 6.081 6.186 6.286 6.370 6.437 6.478 6.581 6.709 6.773 6.808 6.824 6.830 6.826 6.805 6.769 6.713 6.732 6.820 6.869 6.879 6.858 6.816 6.762 6.698 6.626 6.534 6.505 6.557 6.602 6.632 6.643 6.637 6.611 6.561 6.488 6.387 6.325 6.318
3.092 3.457 3.765 4.011 4.201 4.351 4.470 4.570 4.656 4.735 4.808 4.878 4.945 5.011 5.073 5.132 5.185 5.231 5.269 5.299 5.322 5.342 5.362 5.383 5.408 5.445 5.501 5.576 5.653 5.745 5.852 5.959 6.063 6.169 6.272 6.360 6.430 6.470 6.572 6.699 6.763 6.799 6.817 6.829 6.828 6.809 6.775 6.719 6.739 6.828 6.881 6.897 6.881 6.846 6.797 6.736 6.664 6.569 6.534 6.579 6.618 6.643 6.648 6.636 6.603 6.544 6.462 6.356 6.288 6.277
3.254 3.598 3.878 4.099 4.269 4.403 4.512 4.604 4.685 4.760 4.831 4.900 4.967 5.033 5.097 5.158 5.214 5.262 5.302 5.333 5.356 5.375 5.393 5.411 5.433 5.465 5.514 5.581 5.653 5.739 5.844 5.950 6.055 6.162 6.266 6.356 6.428 6.467 6.568 6.694 6.759 6.795 6.815 6.830 6.831 6.815 6.783 6.728 6.747 6.840 6.897 6.918 6.909 6.881 6.836 6.777 6.706 6.606 6.563 6.599 6.632 6.649 6.648 6.629 6.589 6.523 6.434 6.322 6.252 6.239
3.407 3.726 3.981 4.179 4.331 4.451 4.551 4.636 4.713 4.785 4.854 4.922 4.989 5.055 5.120 5.182 5.239 5.290 5.332 5.365 5.390 5.409 5.426 5.443 5.464 5.492 5.536 5.597 5.661 5.740 5.841 5.946 6.051 6.159 6.264 6.359 6.436 6.471 6.570 6.696 6.760 6.795 6.818 6.835 6.839 6.826 6.797 6.741 6.761 6.858 6.920 6.947 6.945 6.922 6.881 6.825 6.754 6.648 6.594 6.622 6.646 6.656 6.648 6.623 6.576 6.502 6.403 6.289 6.219 6.208
