version1/TsunamiDB/out54133.asc
ncols          264
nrows          230
xllcorner      497853.4375
yllcorner      4229146.0000
cellsize         5.
NODATA_value   -99
[rows 170 to 203 of 230, columns 0 to 76 of 264]
6.154 6.164 6.173 6.182 6.190 6.197 6.202 6.206 6.210 6.213 6.216 6.219 6.222 6.225 6.228 6.231 6.235 6.239 6.244 6.249 6.255 6.261 6.268 6.275 6.282 6.289 6.297 6.304 6.312 6.320 6.326 6.332 6.338 6.344 6.351 6.357 6.364 6.370 6.377 6.384 6.391 6.398 6.405 6.412 6.419 6.426 6.433 6.441 6.448 6.455 6.462 6.469 6.477 6.483 6.488 6.493 6.498 6.503 6.508 6.513 6.518 6.522 6.526 6.531 6.535 6.539 6.543 6.547 6.551 6.555 6.559 6.563 6.567 6.571 6.576 6.581 6.585
6.165 6.176 6.186 6.196 6.204 6.212 6.219 6.224 6.228 6.232 6.235 6.238 6.241 6.243 6.246 6.249 6.251 6.255 6.259 6.263 6.268 6.273 6.279 6.285 6.292 6.299 6.306 6.313 6.321 6.328 6.334 6.340 6.347 6.353 6.359 6.365 6.372 6.378 6.385 6.392 6.398 6.405 6.412 6.419 6.426 6.433 6.440 6.448 6.455 6.462 6.469 6.477 6.484 6.490 6.496 6.501 6.506 6.512 6.517 6.522 6.526 6.531 6.536 6.540 6.544 6.548 6.552 6.556 6.560 6.564 6.568 6.572 6.576 6.580 6.585 6.589 6.593
6.175 6.186 6.197 6.207 6.217 6.226 6.234 6.240 6.245 6.250 6.254 6.257 6.260 6.263 6.265 6.267 6.269 6.272 6.275 6.278 6.282 6.286 6.291 6.297 6.303 6.309 6.316 6.323 6.330 6.337 6.343 6.349 6.355 6.361 6.367 6.374 6.380 6.386 6.393 6.399 6.406 6.413 6.419 6.426 6.433 6.440 6.447 6.454 6.461 6.469 6.476 6.484 6.491 6.497 6.503 6.508 6.514 6.519 6.525 6.530 6.535 6.540 6.544 6.549 6.553 6.557 6.562 6.566 6.570 6.573 6.577 6.581 6.585 6.589 6.593 6.598 6.602
6.183 6.195 6.207 6.218 6.228 6.238 6.247 6.254 6.260 6.265 6.270 6.275 6.278 6.281 6.284 6.286 6.288 6.290 6.292 6.294 6.297 6.301 6.305 6.309 6.314 6.320 6.326 6.333 6.340 6.346 6.352 6.358 6.364 6.370 6.376 6.382 6.388 6.395 6.401 6.407 6.414 6.420 6.427 6.433 6.440 6.447 6.454 6.461 6.468 6.475 6.483 6.491 6.498 6.504 6.510 6.515 6.521 6.527 6.532 6.537 6.543 6.548 6.552 6.557 6.562 6.566 6.570 6.574 6.578 6.582 6.586 6.590 6.594 6.598 6.602 6.607 6.610
6.190 6.203 6.215 6.227 6.238 6.249 6.258 6.266 6.273 6.280 6.286 6.291 6.295 6.299 6.302 6.304 6.306 6.308 6.310 6.312 6.314 6.316 6.319 6.323 6.327 6.332 6.337 6.343 6.350 6.356 6.361 6.367 6.373 6.378 6.385 6.391 6.397 6.403 6.409 6.415 6.422 6.428 6.434 6.441 6.447 6.454 6.461 6.468 6.475 6.482 6.489 6.497 6.504 6.510 6.516 6.522 6.528 6.533 6.539 6.545 6.550 6.555 6.560 6.565 6.570 6.574 6.579 6.583 6.587 6.591 6.595 6.599 6.603 6.607 6.611 6.615 6.619
6.197 6.210 6.222 6.235 6.246 6.258 6.268 6.277 6.285 6.292 6.299 6.305 6.311 6.315 6.319 6.322 6.324 6.326 6.328 6.330 6.331 6.333 6.335 6.338 6.341 6.345 6.349 6.354 6.360 6.366 6.371 6.376 6.382 6.387 6.393 6.399 6.405 6.412 6.418 6.424 6.430 6.436 6.442 6.449 6.455 6.461 6.468 6.475 6.482 6.489 6.496 6.503 6.510 6.516 6.522 6.528 6.534 6.540 6.546 6.551 6.557 6.562 6.568 6.573 6.578 6.582 6.587 6.591 6.595 6.599 6.603 6.607 6.611 6.615 6.620 6.624 6.627
6.203 6.216 6.229 6.242 6.254 6.266 6.277 6.286 6.295 6.303 6.311 6.318 6.325 6.330 6.335 6.339 6.342 6.344 6.346 6.347 6.349 6.350 6.352 6.354 6.356 6.359 6.362 6.367 6.372 6.376 6.381 6.386 6.391 6.397 6.402 6.408 6.414 6.420 6.426 6.432 6.438 6.444 6.450 6.456 6.463 6.469 6.475 6.482 6.489 6.496 6.503 6.510 6.517 6.523 6.529 6.535 6.541 6.546 6.552 6.558 6.564 6.569 6.575 6.580 6.585 6.590 6.594 6.599 6.603 6.607 6.611 6.615 6.620 6.624 6.628 6.632 6.635
6.208 6.222 6.235 6.248 6.261 6.273 6.284 6.294 6.304 6.313 6.322 6.330 6.337 6.343 6.349 6.354 6.358 6.361 6.363 6.365 6.366 6.368 6.369 6.370 6.372 6.374 6.376 6.380 6.384 6.388 6.392 6.396 6.401 6.406 6.411 6.417 6.423 6.429 6.435 6.441 6.447 6.453 6.459 6.465 6.471 6.477 6.483 6.489 6.496 6.502 6.509 6.517 6.523 6.529 6.535 6.541 6.547 6.553 6.559 6.565 6.570 6.576 6.582 6.587 6.592 6.597 6.602 6.606 6.611 6.615 6.619 6.624 6.628 6.632 6.636 6.640 6.643
6.214 6.228 6.241 6.254 6.267 6.280 6.291 6.302 6.312 6.322 6.331 6.340 6.348 6.355 6.362 6.368 6.372 6.376 6.379 6.382 6.384 6.385 6.386 6.387 6.388 6.389 6.391 6.394 6.397 6.400 6.403 6.407 6.411 6.416 6.421 6.426 6.432 6.438 6.444 6.449 6.455 6.461 6.467 6.473 6.479 6.485 6.491 6.497 6.503 6.510 6.516 6.523 6.530 6.536 6.541 6.547 6.553 6.559 6.565 6.571 6.577 6.583 6.588 6.594 6.599 6.604 6.609 6.614 6.618 6.623 6.627 6.631 6.636 6.640 6.644 6.648 6.651
6.219 6.233 6.247 6.260 6.273 6.286 6.298 6.309 6.319 6.330 6.340 6.349 6.358 6.366 6.373 6.380 6.386 6.391 6.395 6.398 6.400 6.402 6.403 6.404 6.405 6.406 6.407 6.409 6.411 6.414 6.416 6.419 6.422 6.426 6.431 6.436 6.441 6.447 6.453 6.458 6.464 6.470 6.476 6.481 6.487 6.493 6.499 6.505 6.511 6.517 6.524 6.530 6.537 6.542 6.548 6.554 6.560 6.566 6.572 6.577 6.583 6.589 6.595 6.601 6.606 6.611 6.616 6.621 6.626 6.630 6.635 6.639 6.643 6.648 6.652 6.656 6.659
6.225 6.238 6.252 6.266 6.279 6.292 6.304 6.315 6.326 6.337 6.347 6.357 6.367 6.376 6.384 6.391 6.398 6.404 6.408 6.412 6.415 6.418 6.420 6.421 6.422 6.422 6.423 6.424 6.426 6.428 6.429 6.431 6.434 6.437 6.441 6.446 6.451 6.456 6.462 6.467 6.473 6.479 6.484 6.490 6.496 6.501 6.507 6.513 6.519 6.525 6.531 6.538 6.544 6.549 6.555 6.561 6.566 6.572 6.578 6.584 6.590 6.596 6.602 6.607 6.613 6.618 6.623 6.628 6.633 6.638 6.642 6.647 6.651 6.655 6.660 6.663 6.666
6.230 6.244 6.258 6.271 6.285 6.298 6.310 6.322 6.333 6.344 6.355 6.365 6.375 6.384 6.393 6.401 6.409 6.415 6.421 6.426 6.430 6.433 6.435 6.437 6.438 6.439 6.440 6.440 6.442 6.442 6.443 6.444 6.446 6.449 6.452 6.456 6.461 6.466 6.471 6.476 6.482 6.487 6.493 6.499 6.504 6.510 6.515 6.521 6.527 6.533 6.539 6.545 6.551 6.557 6.562 6.568 6.573 6.579 6.585 6.591 6.596 6.602 6.608 6.614 6.619 6.625 6.630 6.635 6.640 6.645 6.650 6.654 6.658 6.663 6.667 6.671 6.674
6.235 6.249 6.263 6.277 6.291 6.304 6.316 6.328 6.339 6.350 6.362 6.372 6.383 6.393 6.402 6.411 6.419 6.426 6.433 6.438 6.443 6.447 6.450 6.453 6.454 6.455 6.456 6.457 6.458 6.458 6.458 6.458 6.459 6.461 6.464 6.467 6.471 6.476 6.480 6.486 6.491 6.496 6.502 6.507 6.513 6.518 6.524 6.530 6.535 6.541 6.547 6.553 6.559 6.564 6.569 6.575 6.580 6.586 6.592 6.597 6.603 6.609 6.615 6.621 6.626 6.632 6.637 6.642 6.647 6.652 6.657 6.661 6.666 6.670 6.675 6.679 6.682
6.240 6.255 6.269 6.283 6.297 6.310 6.322 6.334 6.345 6.357 6.368 6.379 6.390 6.400 6.410 6.419 6.428 6.436 6.443 6.450 6.455 6.460 6.464 6.467 6.469 6.471 6.472 6.473 6.474 6.474 6.473 6.473 6.473 6.474 6.476 6.479 6.482 6.486 6.490 6.495 6.500 6.505 6.511 6.516 6.521 6.527 6.532 6.538 6.544 6.549 6.555 6.561 6.567 6.572 6.577 6.582 6.587 6.593 6.598 6.604 6.610 6.616 6.622 6.627 6.633 6.639 6.644 6.649 6.655 6.659 6.664 6.669 6.673 6.678 6.683 6.686 6.690
6.246 6.260 6.274 6.288 6.302 6.316 6.328 6.340 6.351 6.363 6.375 6.386 6.397 6.408 6.418 6.428 6.437 6.445 6.453 6.461 6.467 6.472 6.477 6.481 6.484 6.486 6.488 6.489 6.490 6.490 6.489 6.488 6.488 6.488 6.489 6.491 6.494 6.497 6.501 6.505 6.510 6.514 6.520 6.525 6.530 6.536 6.541 6.546 6.552 6.558 6.563 6.569 6.575 6.580 6.585 6.590 6.595 6.600 6.606 6.611 6.617 6.623 6.629 6.634 6.640 6.646 6.651 6.656 6.662 6.667 6.672 6.676 6.681 6.685 6.690 6.694 6.697
6.251 6.265 6.279 6.294 6.308 6.321 6.333 6.345 6.357 6.369 6.381 6.393 6.404 6.415 6.425 6.435 6.445 6.454 6.463 6.470 6.478 6.484 6.489 6.494 6.498 6.501 6.503 6.505 6.506 6.506 6.505 6.504 6.503 6.503 6.503 6.504 6.506 6.508 6.511 6.515 6.519 6.524 6.529 6.534 6.539 6.544 6.550 6.555 6.560 6.566 6.572 6.578 6.583 6.588 6.592 6.597 6.602 6.608 6.613 6.618 6.624 6.630 6.636 6.641 6.647 6.653 6.658 6.664 6.669 6.674 6.679 6.684 6.688 6.693 6.698 6.702 6.705
6.256 6.270 6.285 6.299 6.313 6.326 6.339 6.351 6.363 6.375 6.387 6.399 6.410 6.422 6.433 6.443 6.453 6.463 6.471 6.480 6.488 6.495 6.501 6.506 6.511 6.514 6.517 6.520 6.521 6.522 6.521 6.520 6.519 6.518 6.518 6.518 6.519 6.521 6.523 6.526 6.530 6.534 6.538 6.543 6.548 6.553 6.558 6.564 6.569 6.574 6.580 6.586 6.591 6.596 6.600 6.605 6.610 6.615 6.620 6.626 6.631 6.637 6.643 6.648 6.654 6.660 6.665 6.671 6.676 6.681 6.686 6.691 6.696 6.701 6.705 6.710 6.713
6.261 6.275 6.290 6.304 6.318 6.332 6.344 6.357 6.369 6.381 6.393 6.405 6.417 6.428 6.439 6.450 6.461 6.470 6.480 6.489 6.497 6.505 6.511 6.518 6.523 6.527 6.531 6.534 6.537 6.537 6.536 6.535 6.534 6.533 6.533 6.532 6.533 6.534 6.535 6.537 6.540 6.544 6.548 6.552 6.557 6.562 6.567 6.572 6.577 6.583 6.589 6.594 6.599 6.604 6.608 6.613 6.618 6.623 6.628 6.633 6.639 6.644 6.650 6.655 6.661 6.667 6.672 6.678 6.683 6.688 6.693 6.698 6.703 6.708 6.713 6.717 6.721
6.265 6.280 6.294 6.309 6.323 6.337 6.349 6.362 6.374 6.387 6.399 6.411 6.423 6.435 6.446 6.457 6.468 6.478 6.488 6.497 6.506 6.514 6.522 6.528 6.534 6.540 6.544 6.548 6.551 6.552 6.552 6.551 6.550 6.549 6.548 6.547 6.547 6.547 6.548 6.550 6.552 6.555 6.558 6.562 6.566 6.571 6.576 6.581 6.586 6.591 6.597 6.603 6.608 6.612 6.616 6.621 6.626 6.631 6.636 6.641 6.646 6.652 6.657 6.663 6.668 6.674 6.679 6.685 6.690 6.695 6.701 6.706 6.711 6.716 6.721 6.725 6.729
6.269 6.284 6.299 6.313 6.328 6.342 6.354 6.367 6.380 6.392 6.404 6.417 6.429 6.441 6.452 6.464 6.475 6.485 6.495 6.505 6.514 6.523 6.531 6.539 6.545 6.551 6.557 6.561 6.565 6.566 6.567 6.567 6.566 6.565 6.564 6.563 6.562 6.562 6.562 6.563 6.564 6.566 6.569 6.572 6.576 6.580 6.585 6.590 6.595 6.600 6.606 6.611 6.616 6.620 6.625 6.629 6.634 6.638 6.643 6.648 6.654 6.659 6.664 6.670 6.675 6.681 6.686 6.692 6.697 6.703 6.708 6.713 6.718 6.723 6.728 6.733 6.736
6.273 6.288 6.303 6.318 6.332 6.346 6.359 6.372 6.384 6.397 6.410 6.422 6.434 6.447 6.458 6.470 6.481 6.492 6.503 6.513 6.522 6.531 6.540 6.548 6.556 6.562 6.568 6.574 6.578 6.580 6.581 6.582 6.581 6.581 6.580 6.579 6.578 6.577 6.576 6.576 6.577 6.578 6.580 6.583 6.586 6.590 6.594 6.599 6.603 6.609 6.614 6.620 6.624 6.628 6.633 6.637 6.642 6.646 6.651 6.656 6.661 6.666 6.672 6.677 6.683 6.688 6.694 6.699 6.704 6.710 6.715 6.720 6.726 6.731 6.736 6.740 6.744
6.277 6.292 6.307 6.322 6.336 6.350 6.363 6.376 6.389 6.402 6.415 6.427 6.440 6.452 6.464 6.476 6.487 6.498 6.509 6.520 6.530 6.539 6.549 6.557 6.565 6.572 6.579 6.585 6.590 6.593 6.595 6.596 6.597 6.596 6.596 6.595 6.593 6.592 6.591 6.591 6.591 6.591 6.592 6.594 6.597 6.600 6.604 6.608 6.613 6.618 6.623 6.628 6.632 6.637 6.641 6.645 6.650 6.654 6.659 6.664 6.669 6.674 6.679 6.685 6.690 6.695 6.701 6.706 6.712 6.717 6.722 6.728 6.733 6.738 6.744 6.748 6.752
6.280 6.295 6.310 6.325 6.340 6.354 6.367 6.380 6.393 6.406 6.419 6.432 6.445 6.457 6.469 6.481 6.493 6.504 6.516 6.526 6.537 6.547 6.556 6.565 6.574 6.582 6.589 6.596 6.601 6.605 6.608 6.610 6.611 6.612 6.611 6.611 6.609 6.608 6.607 6.606 6.605 6.605 6.605 6.606 6.608 6.611 6.614 6.618 6.622 6.627 6.632 6.637 6.641 6.645 6.649 6.654 6.658 6.663 6.667 6.672 6.677 6.682 6.687 6.692 6.697 6.703 6.708 6.713 6.719 6.724 6.729 6.735 6.740 6.746 6.751 6.755 6.759
6.283 6.299 6.314 6.329 6.344 6.358 6.371 6.384 6.397 6.410 6.424 6.436 6.449 6.462 6.474 6.486 6.498 6.510 6.521 6.533 6.543 6.554 6.564 6.573 6.582 6.591 6.599 6.606 6.612 6.617 6.620 6.623 6.625 6.626 6.627 6.626 6.625 6.624 6.623 6.621 6.620 6.619 6.619 6.619 6.621 6.622 6.625 6.628 6.632 6.636 6.641 6.646 6.650 6.654 6.658 6.662 6.666 6.671 6.675 6.680 6.685 6.690 6.695 6.700 6.705 6.710 6.715 6.721 6.726 6.731 6.737 6.742 6.748 6.753 6.759 6.763 6.767
6.286 6.301 6.317 6.332 6.347 6.361 6.374 6.388 6.401 6.414 6.427 6.441 6.454 6.466 6.479 6.491 6.503 6.515 6.527 6.538 6.549 6.560 6.570 6.580 6.590 6.599 6.607 6.616 6.622 6.628 6.632 6.636 6.638 6.640 6.641 6.641 6.641 6.640 6.639 6.637 6.636 6.634 6.634 6.633 6.634 6.635 6.636 6.639 6.642 6.646 6.650 6.655 6.658 6.662 6.666 6.670 6.675 6.679 6.683 6.688 6.693 6.698 6.702 6.707 6.712 6.718 6.723 6.728 6.733 6.739 6.744 6.749 6.755 6.761 6.766 6.770 6.774
6.289 6.304 6.319 6.335 6.350 6.364 6.378 6.391 6.404 6.418 6.431 6.444 6.457 6.470 6.483 6.496 6.508 6.520 6.532 6.544 6.555 6.566 6.577 6.587 6.597 6.606 6.615 6.624 6.632 6.638 6.643 6.647 6.651 6.653 6.655 6.656 6.656 6.656 6.655 6.653 6.652 6.650 6.649 6.648 6.647 6.648 6.649 6.650 6.653 6.656 6.660 6.664 6.668 6.671 6.675 6.679 6.683 6.687 6.692 6.696 6.701 6.706 6.710 6.715 6.720 6.725 6.730 6.735 6.741 6.746 6.751 6.757 6.762 6.768 6.773 6.777 6.781
6.291 6.306 6.322 6.337 6.353 6.367 6.380 6.394 6.408 6.421 6.434 6.448 6.461 6.474 6.487 6.500 6.512 6.525 6.537 6.548 6.560 6.571 6.582 6.593 6.603 6.613 6.623 6.632 6.640 6.647 6.653 6.658 6.662 6.666 6.668 6.670 6.671 6.671 6.670 6.669 6.668 6.666 6.664 6.663 6.662 6.661 6.662 6.663 6.664 6.667 6.670 6.674 6.677 6.680 6.684 6.688 6.692 6.696 6.700 6.705 6.709 6.714 6.718 6.723 6.728 6.733 6.738 6.743 6.748 6.753 6.759 6.764 6.769 6.775 6.780 6.785 6.789
6.293 6.308 6.324 6.340 6.355 6.369 6.383 6.397 6.410 6.424 6.438 6.451 6.464 6.478 6.491 6.503 6.516 6.529 6.541 6.553 6.565 6.576 6.587 6.598 6.609 6.619 6.629 6.639 6.648 6.655 6.662 6.668 6.673 6.677 6.680 6.683 6.685 6.686 6.686 6.685 6.683 6.682 6.680 6.678 6.677 6.676 6.675 6.675 6.677 6.678 6.681 6.684 6.687 6.690 6.693 6.697 6.701 6.705 6.709 6.713 6.718 6.722 6.727 6.731 6.736 6.741 6.746 6.751 6.756 6.761 6.766 6.771 6.777 6.782 6.788 6.792 6.796
6.294 6.310 6.326 6.342 6.357 6.372 6.385 6.399 6.413 6.427 6.440 6.454 6.467 6.481 6.494 6.507 6.520 6.532 6.545 6.557 6.569 6.581 6.592 6.603 6.614 6.625 6.636 6.646 6.655 6.663 6.670 6.677 6.682 6.688 6.692 6.695 6.698 6.699 6.700 6.700 6.699 6.698 6.696 6.694 6.692 6.690 6.689 6.689 6.689 6.690 6.693 6.695 6.697 6.700 6.703 6.706 6.710 6.713 6.717 6.722 6.726 6.730 6.735 6.740 6.744 6.749 6.754 6.759 6.764 6.769 6.774 6.779 6.784 6.790 6.795 6.799 6.804
6.296 6.312 6.328 6.344 6.359 6.374 6.388 6.401 6.415 6.429 6.443 6.457 6.470 6.484 6.497 6.510 6.523 6.536 6.548 6.561 6.573 6.585 6.597 6.608 6.619 6.630 6.641 6.652 6.661 6.670 6.678 6.685 6.691 6.697 6.702 6.706 6.710 6.712 6.714 6.714 6.714 6.713 6.711 6.710 6.708 6.706 6.704 6.703 6.703 6.703 6.705 6.706 6.708 6.710 6.712 6.715 6.719 6.722 6.726 6.730 6.735 6.739 6.743 6.748 6.752 6.757 6.762 6.767 6.771 6.776 6.781 6.786 6.792 6.797 6.802 6.807 6.811
6.297 6.313 6.329 6.345 6.361 6.376 6.389 6.403 6.418 6.432 6.445 6.459 6.473 6.487 6.500 6.513 6.526 6.539 6.552 6.564 6.577 6.589 6.601 6.612 6.624 6.635 6.646 6.657 6.667 6.676 6.684 6.692 6.699 6.706 6.712 6.717 6.721 6.724 6.727 6.728 6.728 6.728 6.727 6.725 6.723 6.721 6.719 6.718 6.717 6.716 6.717 6.718 6.719 6.720 6.722 6.725 6.728 6.731 6.735 6.739 6.743 6.747 6.752 6.756 6.761 6.765 6.770 6.775 6.779 6.784 6.789 6.794 6.799 6.805 6.810 6.814 6.818
6.298 6.314 6.331 6.347 6.363 6.377 6.391 6.405 6.420 6.434 6.448 6.462 6.476 6.489 6.503 6.516 6.529 6.542 6.555 6.568 6.580 6.592 6.605 6.617 6.628 6.640 6.651 6.663 6.673 6.682 6.691 6.699 6.707 6.714 6.720 6.726 6.731 6.735 6.739 6.741 6.742 6.742 6.742 6.740 6.739 6.736 6.734 6.732 6.731 6.730 6.730 6.730 6.730 6.731 6.733 6.735 6.737 6.741 6.744 6.748 6.752 6.756 6.760 6.765 6.769 6.774 6.778 6.783 6.787 6.792 6.797 6.802 6.807 6.813 6.818 6.822 6.826
6.299 6.315 6.332 6.348 6.364 6.378 6.393 6.407 6.421 6.436 6.450 6.464 6.478 6.492 6.505 6.519 6.532 6.545 6.558 6.571 6.584 6.596 6.608 6.620 6.632 6.644 6.656 6.667 6.678 6.687 6.697 6.705 6.713 6.721 6.728 6.735 6.741 6.746 6.750 6.753 6.755 6.756 6.756 6.755 6.754 6.752 6.750 6.747 6.746 6.744 6.744 6.743 6.742 6.743 6.743 6.745 6.747 6.750 6.753 6.757 6.761 6.765 6.769 6.773 6.777 6.782 6.786 6.791 6.795 6.800 6.805 6.810 6.815 6.820 6.825 6.829 6.834
6.299 6.316 6.333 6.349 6.365 6.380 6.394 6.409 6.423 6.438 6.452 6.466 6.480 6.494 6.508 6.522 6.535 6.548 6.561 6.574 6.587 6.600 6.612 6.624 6.636 6.648 6.660 6.672 6.683 6.693 6.702 6.711 6.720 6.728 6.736 6.743 6.749 6.755 6.760 6.764 6.767 6.768 6.769 6.769 6.768 6.767 6.765 6.763 6.760 6.759 6.757 6.756 6.755 6.755 6.755 6.756 6.757 6.760 6.763 6.766 6.769 6.773 6.777 6.782 6.786 6.790 6.795 6.799 6.803 6.808 6.813 6.818 6.823 6.828 6.833 6.837 6.841
