version1/TsunamiDB/out54075.asc
ncols          264
nrows          230
xllcorner      497853.4375
yllcorner      4229146.0000
cellsize         5.
NODATA_value   -99
[rows 34 to 67 of 230, columns 76 to 151 of 264]
3.791 3.867 3.935 3.997 4.054 4.108 4.158 4.206 4.251 4.295 4.337 4.378 4.417 4.455 4.492 4.528 4.563 4.598 4.631 4.664 4.695 4.727 4.757 4.787 4.816 4.844 4.872 4.900 4.926 4.953 4.977 5.001 5.025 5.049 5.072 5.095 5.118 5.140 5.162 5.183 5.205 5.226 5.247 5.268 5.289 5.310 5.331 5.352 5.373 5.395 5.417 5.439 5.461 5.483 5.504 5.527 5.550 5.573 5.596 5.620 5.644 5.667 5.691 5.714 5.737 5.759 5.782 5.803 5.825 5.845 5.865 5.884 5.903 5.921 5.938 5.954
3.830 3.903 3.969 4.029 4.085 4.137 4.187 4.234 4.278 4.321 4.363 4.403 4.442 4.480 4.516 4.552 4.586 4.620 4.653 4.685 4.717 4.747 4.777 4.807 4.835 4.864 4.891 4.918 4.944 4.970 4.994 5.018 5.042 5.065 5.088 5.111 5.133 5.155 5.176 5.197 5.218 5.239 5.259 5.280 5.300 5.320 5.341 5.361 5.382 5.403 5.424 5.445 5.466 5.487 5.508 5.530 5.552 5.575 5.597 5.620 5.644 5.667 5.690 5.713 5.736 5.759 5.782 5.804 5.826 5.847 5.867 5.887 5.907 5.925 5.943 5.961
3.867 3.937 4.001 4.060 4.115 4.166 4.215 4.261 4.305 4.347 4.388 4.428 4.467 4.504 4.540 4.575 4.609 4.643 4.675 4.707 4.738 4.768 4.798 4.827 4.855 4.883 4.911 4.937 4.963 4.989 5.012 5.036 5.059 5.082 5.105 5.127 5.149 5.170 5.191 5.212 5.233 5.253 5.273 5.293 5.313 5.332 5.352 5.372 5.392 5.412 5.432 5.452 5.473 5.493 5.512 5.533 5.555 5.577 5.599 5.621 5.644 5.667 5.690 5.713 5.735 5.758 5.781 5.803 5.825 5.847 5.868 5.889 5.909 5.929 5.947 5.966
3.903 3.971 4.033 4.090 4.144 4.195 4.243 4.288 4.331 4.374 4.414 4.453 4.491 4.528 4.564 4.599 4.632 4.665 4.698 4.729 4.760 4.790 4.819 4.848 4.876 4.903 4.930 4.957 4.982 5.007 5.031 5.054 5.077 5.100 5.123 5.144 5.166 5.187 5.208 5.228 5.248 5.268 5.287 5.307 5.326 5.345 5.364 5.383 5.402 5.422 5.441 5.460 5.480 5.499 5.518 5.538 5.559 5.580 5.601 5.623 5.645 5.667 5.689 5.712 5.735 5.757 5.780 5.802 5.825 5.847 5.868 5.889 5.910 5.930 5.950 5.969
3.938 4.004 4.064 4.121 4.173 4.223 4.271 4.315 4.358 4.400 4.440 4.478 4.516 4.552 4.588 4.622 4.656 4.688 4.720 4.751 4.782 4.811 4.840 4.869 4.897 4.924 4.950 4.977 5.002 5.027 5.050 5.073 5.096 5.119 5.141 5.162 5.183 5.204 5.224 5.244 5.264 5.283 5.302 5.321 5.340 5.359 5.377 5.396 5.414 5.433 5.451 5.470 5.489 5.507 5.525 5.545 5.564 5.584 5.605 5.626 5.647 5.668 5.690 5.712 5.734 5.756 5.779 5.801 5.823 5.845 5.867 5.889 5.910 5.931 5.951 5.971
3.972 4.036 4.095 4.150 4.202 4.251 4.298 4.342 4.384 4.425 4.465 4.503 4.541 4.577 4.612 4.646 4.679 4.711 4.743 4.774 4.804 4.833 4.862 4.890 4.918 4.945 4.971 4.997 5.022 5.047 5.070 5.092 5.115 5.138 5.159 5.181 5.202 5.222 5.242 5.262 5.281 5.300 5.318 5.337 5.355 5.373 5.391 5.409 5.427 5.445 5.463 5.481 5.499 5.516 5.534 5.552 5.571 5.590 5.609 5.629 5.650 5.670 5.691 5.712 5.734 5.756 5.778 5.800 5.822 5.844 5.866 5.888 5.909 5.930 5.951 5.972
4.004 4.067 4.125 4.179 4.230 4.279 4.325 4.368 4.410 4.451 4.490 4.528 4.565 4.600 4.635 4.669 4.702 4.734 4.765 4.796 4.826 4.855 4.883 4.911 4.939 4.965 4.992 5.017 5.042 5.067 5.090 5.112 5.135 5.157 5.179 5.200 5.220 5.240 5.260 5.279 5.298 5.317 5.335 5.353 5.371 5.388 5.406 5.423 5.440 5.458 5.475 5.492 5.510 5.526 5.543 5.560 5.578 5.597 5.615 5.634 5.653 5.673 5.693 5.714 5.734 5.755 5.777 5.799 5.820 5.842 5.864 5.886 5.908 5.929 5.950 5.971
4.036 4.097 4.154 4.208 4.258 4.306 4.352 4.394 4.436 4.476 4.515 4.552 4.589 4.624 4.658 4.692 4.724 4.756 4.787 4.818 4.847 4.876 4.905 4.933 4.960 4.986 5.012 5.038 5.063 5.087 5.110 5.132 5.155 5.177 5.198 5.219 5.240 5.259 5.279 5.298 5.316 5.335 5.353 5.370 5.387 5.405 5.422 5.438 5.455 5.472 5.488 5.505 5.522 5.538 5.553 5.570 5.587 5.604 5.622 5.640 5.658 5.677 5.696 5.716 5.736 5.756 5.777 5.798 5.819 5.841 5.863 5.884 5.906 5.928 5.949 5.970
4.067 4.127 4.183 4.236 4.285 4.333 4.378 4.420 4.461 4.501 4.539 4.576 4.612 4.647 4.681 4.714 4.747 4.778 4.809 4.839 4.869 4.898 4.926 4.954 4.981 5.007 5.033 5.058 5.083 5.108 5.131 5.153 5.175 5.197 5.218 5.239 5.259 5.279 5.298 5.317 5.335 5.353 5.371 5.388 5.405 5.421 5.438 5.454 5.470 5.486 5.502 5.518 5.535 5.550 5.565 5.581 5.597 5.613 5.630 5.647 5.665 5.683 5.701 5.719 5.738 5.758 5.778 5.798 5.819 5.840 5.861 5.883 5.904 5.926 5.947 5.968
4.097 4.156 4.211 4.263 4.312 4.359 4.403 4.445 4.485 4.525 4.563 4.600 4.635 4.670 4.704 4.737 4.769 4.800 4.831 4.861 4.890 4.919 4.947 4.974 5.001 5.028 5.054 5.079 5.104 5.128 5.151 5.173 5.195 5.217 5.238 5.259 5.279 5.299 5.318 5.337 5.355 5.372 5.389 5.406 5.423 5.439 5.455 5.471 5.486 5.502 5.517 5.533 5.548 5.563 5.577 5.592 5.608 5.624 5.639 5.656 5.672 5.689 5.706 5.724 5.742 5.761 5.780 5.799 5.819 5.840 5.860 5.881 5.903 5.924 5.945 5.966
4.125 4.183 4.238 4.289 4.338 4.384 4.428 4.470 4.509 4.548 4.586 4.623 4.658 4.692 4.726 4.758 4.790 4.821 4.852 4.882 4.911 4.939 4.967 4.995 5.022 5.048 5.074 5.099 5.124 5.148 5.171 5.193 5.215 5.237 5.258 5.279 5.299 5.319 5.338 5.356 5.374 5.392 5.409 5.425 5.442 5.457 5.473 5.488 5.503 5.518 5.533 5.548 5.563 5.577 5.590 5.605 5.620 5.635 5.650 5.665 5.681 5.697 5.713 5.730 5.747 5.765 5.783 5.801 5.821 5.840 5.860 5.881 5.901 5.922 5.943 5.964
4.153 4.210 4.264 4.315 4.363 4.409 4.453 4.494 4.533 4.572 4.609 4.645 4.680 4.714 4.747 4.780 4.811 4.842 4.873 4.902 4.931 4.960 4.987 5.015 5.042 5.068 5.094 5.119 5.143 5.168 5.191 5.213 5.235 5.257 5.278 5.299 5.319 5.339 5.358 5.377 5.394 5.412 5.429 5.445 5.461 5.476 5.492 5.507 5.521 5.536 5.550 5.564 5.578 5.592 5.605 5.618 5.632 5.647 5.661 5.676 5.690 5.705 5.721 5.737 5.753 5.770 5.787 5.805 5.823 5.842 5.861 5.881 5.901 5.921 5.942 5.962
4.179 4.236 4.289 4.340 4.387 4.433 4.476 4.517 4.556 4.594 4.631 4.667 4.702 4.736 4.768 4.801 4.832 4.863 4.893 4.922 4.951 4.979 5.007 5.034 5.061 5.087 5.113 5.138 5.163 5.187 5.210 5.232 5.255 5.277 5.298 5.319 5.339 5.359 5.378 5.397 5.415 5.432 5.449 5.465 5.481 5.496 5.511 5.526 5.540 5.554 5.567 5.581 5.595 5.607 5.620 5.633 5.646 5.660 5.673 5.687 5.701 5.715 5.730 5.745 5.760 5.776 5.792 5.809 5.827 5.844 5.863 5.882 5.901 5.921 5.941 5.961
4.204 4.260 4.313 4.363 4.411 4.456 4.499 4.539 4.578 4.616 4.653 4.688 4.723 4.756 4.789 4.821 4.852 4.883 4.912 4.942 4.970 4.998 5.026 5.053 5.080 5.106 5.132 5.157 5.182 5.206 5.229 5.251 5.274 5.296 5.317 5.338 5.359 5.379 5.398 5.417 5.435 5.452 5.469 5.485 5.501 5.516 5.531 5.545 5.559 5.573 5.586 5.599 5.612 5.624 5.636 5.648 5.661 5.674 5.686 5.700 5.713 5.726 5.740 5.754 5.769 5.784 5.799 5.815 5.831 5.848 5.866 5.884 5.902 5.921 5.941 5.960
4.228 4.284 4.336 4.386 4.433 4.478 4.521 4.561 4.599 4.637 4.674 4.709 4.743 4.776 4.809 4.841 4.872 4.902 4.931 4.961 4.989 5.017 5.045 5.072 5.098 5.124 5.150 5.175 5.200 5.224 5.247 5.269 5.292 5.314 5.336 5.357 5.378 5.398 5.418 5.437 5.455 5.473 5.490 5.506 5.522 5.537 5.552 5.566 5.579 5.593 5.605 5.618 5.630 5.641 5.652 5.664 5.676 5.688 5.701 5.713 5.726 5.738 5.751 5.765 5.778 5.792 5.807 5.822 5.837 5.853 5.870 5.887 5.905 5.923 5.942 5.960
4.250 4.306 4.358 4.408 4.455 4.499 4.542 4.582 4.620 4.658 4.694 4.729 4.763 4.796 4.828 4.860 4.890 4.921 4.950 4.979 5.007 5.035 5.062 5.089 5.116 5.142 5.168 5.193 5.217 5.242 5.264 5.287 5.310 5.332 5.354 5.376 5.397 5.417 5.437 5.456 5.475 5.492 5.510 5.526 5.542 5.558 5.572 5.586 5.600 5.613 5.626 5.638 5.650 5.660 5.671 5.682 5.693 5.704 5.716 5.728 5.739 5.751 5.764 5.776 5.789 5.802 5.816 5.830 5.844 5.859 5.875 5.891 5.908 5.926 5.944 5.961
4.271 4.326 4.379 4.428 4.475 4.519 4.562 4.601 4.640 4.677 4.713 4.748 4.782 4.815 4.847 4.878 4.909 4.939 4.968 4.997 5.025 5.053 5.080 5.107 5.133 5.159 5.185 5.210 5.234 5.258 5.281 5.304 5.327 5.349 5.372 5.393 5.414 5.435 5.455 5.475 5.493 5.512 5.529 5.546 5.563 5.578 5.593 5.607 5.621 5.634 5.647 5.659 5.670 5.680 5.690 5.700 5.711 5.722 5.732 5.743 5.754 5.766 5.777 5.789 5.801 5.813 5.826 5.839 5.853 5.867 5.882 5.897 5.913 5.930 5.947 5.963
4.291 4.346 4.398 4.447 4.494 4.539 4.581 4.620 4.659 4.696 4.732 4.767 4.801 4.833 4.865 4.896 4.926 4.956 4.985 5.014 5.042 5.069 5.097 5.123 5.150 5.175 5.201 5.226 5.251 5.275 5.297 5.320 5.343 5.366 5.388 5.410 5.431 5.452 5.473 5.492 5.512 5.530 5.548 5.566 5.583 5.599 5.614 5.628 5.642 5.656 5.668 5.680 5.691 5.700 5.710 5.720 5.730 5.740 5.750 5.760 5.771 5.781 5.792 5.803 5.814 5.825 5.837 5.850 5.863 5.876 5.890 5.904 5.919 5.934 5.951 5.966
4.308 4.363 4.416 4.465 4.512 4.557 4.599 4.638 4.677 4.714 4.750 4.785 4.818 4.851 4.883 4.913 4.944 4.973 5.002 5.031 5.058 5.086 5.113 5.139 5.166 5.191 5.217 5.242 5.267 5.290 5.313 5.336 5.359 5.382 5.404 5.426 5.448 5.469 5.489 5.510 5.529 5.548 5.567 5.585 5.602 5.618 5.634 5.649 5.663 5.677 5.690 5.702 5.712 5.722 5.732 5.741 5.751 5.760 5.770 5.779 5.788 5.798 5.808 5.818 5.828 5.839 5.850 5.862 5.874 5.886 5.899 5.912 5.926 5.941 5.956 5.971
4.325 4.380 4.432 4.482 4.529 4.574 4.615 4.655 4.694 4.732 4.767 4.802 4.835 4.868 4.899 4.930 4.960 4.990 5.018 5.047 5.074 5.102 5.128 5.155 5.181 5.207 5.232 5.257 5.282 5.305 5.328 5.351 5.374 5.397 5.419 5.441 5.463 5.485 5.505 5.526 5.546 5.565 5.584 5.602 5.620 5.637 5.653 5.669 5.684 5.698 5.711 5.724 5.734 5.744 5.754 5.763 5.773 5.782 5.790 5.799 5.808 5.816 5.825 5.835 5.844 5.854 5.864 5.875 5.886 5.897 5.909 5.922 5.935 5.948 5.963 5.977
4.340 4.395 4.447 4.497 4.544 4.589 4.631 4.671 4.710 4.748 4.784 4.818 4.852 4.884 4.916 4.946 4.976 5.005 5.034 5.062 5.090 5.117 5.144 5.170 5.196 5.221 5.247 5.272 5.296 5.319 5.342 5.365 5.389 5.411 5.434 5.456 5.478 5.499 5.521 5.541 5.561 5.581 5.601 5.619 5.637 5.655 5.672 5.688 5.703 5.718 5.732 5.745 5.756 5.766 5.777 5.786 5.795 5.804 5.812 5.821 5.829 5.837 5.845 5.853 5.862 5.871 5.880 5.890 5.900 5.910 5.921 5.933 5.945 5.958 5.971 5.984
4.354 4.408 4.461 4.511 4.558 4.604 4.646 4.686 4.726 4.763 4.799 4.834 4.867 4.900 4.931 4.962 4.992 5.021 5.049 5.077 5.105 5.132 5.158 5.184 5.210 5.236 5.261 5.286 5.310 5.333 5.356 5.379 5.403 5.425 5.448 5.470 5.492 5.514 5.535 5.556 5.576 5.596 5.616 5.635 5.654 5.672 5.689 5.706 5.722 5.737 5.752 5.766 5.778 5.789 5.799 5.809 5.819 5.827 5.836 5.843 5.851 5.858 5.866 5.873 5.881 5.889 5.897 5.906 5.915 5.925 5.935 5.945 5.957 5.968 5.981 5.993
4.366 4.421 4.473 4.523 4.571 4.617 4.659 4.700 4.740 4.778 4.814 4.849 4.882 4.915 4.946 4.977 5.006 5.035 5.064 5.092 5.119 5.146 5.172 5.198 5.224 5.249 5.275 5.299 5.324 5.347 5.370 5.393 5.416 5.439 5.461 5.484 5.506 5.527 5.549 5.570 5.590 5.611 5.631 5.650 5.669 5.688 5.706 5.723 5.740 5.756 5.771 5.786 5.799 5.810 5.821 5.832 5.842 5.851 5.859 5.867 5.875 5.882 5.889 5.895 5.902 5.909 5.917 5.924 5.932 5.941 5.950 5.960 5.970 5.981 5.992 6.003
4.378 4.432 4.484 4.534 4.583 4.629 4.672 4.713 4.753 4.791 4.828 4.863 4.896 4.929 4.960 4.991 5.021 5.050 5.078 5.106 5.133 5.160 5.186 5.212 5.238 5.263 5.288 5.312 5.337 5.360 5.382 5.406 5.429 5.452 5.474 5.496 5.518 5.540 5.562 5.583 5.604 5.624 5.644 5.664 5.684 5.703 5.721 5.739 5.756 5.773 5.789 5.805 5.818 5.830 5.843 5.854 5.865 5.875 5.884 5.892 5.899 5.906 5.913 5.919 5.925 5.931 5.938 5.945 5.952 5.959 5.967 5.976 5.985 5.994 6.005 6.015
4.389 4.442 4.494 4.545 4.593 4.639 4.683 4.724 4.765 4.803 4.840 4.876 4.910 4.942 4.974 5.004 5.034 5.063 5.091 5.119 5.146 5.173 5.199 5.225 5.251 5.276 5.301 5.325 5.349 5.372 5.395 5.418 5.441 5.464 5.486 5.509 5.531 5.553 5.574 5.595 5.616 5.637 5.657 5.677 5.697 5.717 5.735 5.754 5.772 5.789 5.806 5.822 5.837 5.850 5.863 5.875 5.887 5.898 5.907 5.916 5.924 5.931 5.938 5.944 5.950 5.956 5.961 5.967 5.973 5.979 5.986 5.994 6.002 6.010 6.020 6.029
4.399 4.452 4.503 4.554 4.602 4.649 4.693 4.735 4.776 4.815 4.852 4.888 4.922 4.955 4.987 5.017 5.047 5.076 5.104 5.132 5.159 5.186 5.212 5.238 5.263 5.288 5.313 5.337 5.362 5.385 5.407 5.430 5.453 5.476 5.498 5.521 5.543 5.564 5.586 5.607 5.628 5.649 5.670 5.690 5.710 5.730 5.749 5.768 5.786 5.804 5.822 5.838 5.854 5.868 5.882 5.895 5.908 5.920 5.930 5.940 5.949 5.957 5.964 5.970 5.976 5.981 5.986 5.991 5.996 6.002 6.008 6.014 6.021 6.028 6.036 6.044
4.409 4.461 4.512 4.562 4.610 4.657 4.702 4.744 4.785 4.825 4.863 4.899 4.934 4.967 4.999 5.030 5.059 5.089 5.117 5.145 5.172 5.198 5.224 5.250 5.275 5.300 5.325 5.349 5.373 5.396 5.419 5.442 5.465 5.487 5.510 5.532 5.554 5.576 5.597 5.619 5.640 5.661 5.681 5.702 5.722 5.742 5.762 5.781 5.800 5.818 5.836 5.854 5.870 5.885 5.900 5.914 5.928 5.940 5.952 5.963 5.973 5.982 5.989 5.996 6.002 6.008 6.013 6.017 6.022 6.026 6.031 6.036 6.042 6.048 6.055 6.062
4.418 4.470 4.520 4.569 4.618 4.665 4.709 4.752 4.794 4.834 4.873 4.909 4.944 4.978 5.010 5.041 5.071 5.100 5.129 5.157 5.184 5.210 5.236 5.262 5.287 5.312 5.337 5.361 5.385 5.408 5.430 5.453 5.476 5.499 5.521 5.543 5.565 5.587 5.608 5.630 5.651 5.672 5.693 5.713 5.734 5.754 5.773 5.793 5.812 5.831 5.850 5.868 5.884 5.900 5.916 5.931 5.946 5.960 5.973 5.985 5.996 6.005 6.014 6.022 6.029 6.035 6.040 6.044 6.049 6.053 6.057 6.061 6.065 6.070 6.076 6.082
4.428 4.478 4.528 4.577 4.625 4.672 4.716 4.759 4.802 4.842 4.881 4.918 4.954 4.988 5.021 5.052 5.082 5.112 5.140 5.168 5.195 5.222 5.248 5.273 5.298 5.323 5.348 5.372 5.396 5.419 5.441 5.464 5.487 5.509 5.532 5.554 5.576 5.598 5.619 5.640 5.662 5.683 5.703 5.724 5.744 5.765 5.785 5.805 5.824 5.843 5.862 5.881 5.898 5.914 5.931 5.947 5.963 5.978 5.992 6.005 6.017 6.028 6.038 6.047 6.055 6.062 6.067 6.072 6.077 6.080 6.084 6.087 6.091 6.095 6.100 6.104
4.438 4.487 4.535 4.584 4.631 4.678 4.722 4.766 4.809 4.850 4.889 4.927 4.963 4.997 5.031 5.062 5.093 5.122 5.151 5.179 5.206 5.233 5.259 5.284 5.309 5.334 5.359 5.383 5.407 5.430 5.452 5.475 5.497 5.520 5.542 5.564 5.586 5.608 5.629 5.651 5.672 5.693 5.714 5.734 5.755 5.775 5.795 5.815 5.835 5.855 5.874 5.893 5.911 5.928 5.945 5.962 5.978 5.994 6.009 6.023 6.037 6.049 6.060 6.071 6.080 6.087 6.094 6.100 6.105 6.109 6.112 6.116 6.119 6.122 6.125 6.128
4.449 4.496 4.543 4.591 4.637 4.683 4.728 4.771 4.814 4.856 4.896 4.934 4.971 5.006 5.040 5.072 5.103 5.133 5.161 5.189 5.217 5.243 5.269 5.295 5.320 5.345 5.369 5.393 5.417 5.440 5.462 5.485 5.508 5.530 5.552 5.574 5.596 5.618 5.639 5.661 5.682 5.703 5.724 5.744 5.765 5.785 5.806 5.826 5.846 5.866 5.885 5.904 5.922 5.940 5.958 5.975 5.993 6.009 6.025 6.040 6.055 6.068 6.081 6.093 6.103 6.112 6.120 6.127 6.133 6.137 6.141 6.145 6.147 6.150 6.153 6.155
4.460 4.506 4.552 4.598 4.644 4.689 4.733 4.776 4.820 4.861 4.902 4.941 4.978 5.014 5.048 5.081 5.112 5.142 5.171 5.199 5.227 5.253 5.280 5.305 5.330 5.355 5.379 5.403 5.427 5.450 5.472 5.495 5.517 5.540 5.562 5.584 5.606 5.628 5.649 5.670 5.692 5.713 5.733 5.754 5.775 5.795 5.816 5.836 5.856 5.876 5.896 5.915 5.934 5.951 5.970 5.988 6.006 6.023 6.040 6.056 6.072 6.086 6.100 6.113 6.125 6.135 6.144 6.153 6.159 6.165 6.170 6.174 6.177 6.180 6.182 6.183
4.471 4.516 4.561 4.605 4.650 4.695 4.738 4.781 4.824 4.866 4.907 4.946 4.984 5.020 5.055 5.088 5.120 5.151 5.180 5.209 5.236 5.263 5.289 5.315 5.340 5.365 5.389 5.413 5.437 5.459 5.482 5.504 5.527 5.549 5.572 5.594 5.616 5.637 5.659 5.680 5.701 5.722 5.743 5.764 5.784 5.805 5.825 5.846 5.866 5.886 5.906 5.926 5.944 5.962 5.981 6.000 6.018 6.036 6.054 6.071 6.087 6.103 6.117 6.131 6.144 6.156 6.167 6.177 6.185 6.192 6.198 6.203 6.206 6.209 6.212 6.212
4.484 4.527 4.570 4.614 4.657 4.701 4.743 4.786 4.828 4.870 4.911 4.951 4.989 5.026 5.062 5.096 5.128 5.159 5.189 5.218 5.246 5.273 5.299 5.325 5.350 5.375 5.399 5.423 5.446 5.469 5.491 5.514 5.536 5.559 5.581 5.603 5.625 5.646 5.668 5.689 5.710 5.731 5.752 5.773 5.793 5.814 5.835 5.855 5.875 5.896 5.916 5.936 5.954 5.973 5.992 6.011 6.030 6.048 6.066 6.084 6.101 6.117 6.133 6.148 6.162 6.176 6.188 6.199 6.208 6.217 6.224 6.230 6.235 6.239 6.242 6.242
