version1/TsunamiDB/out54032.asc
ncols          264
nrows          230
xllcorner      497853.4375
yllcorner      4229146.0000
cellsize         5.
NODATA_value   -99
[rows 64 to 95 of 230, columns 144 to 215 of 264]
3.073 3.325 3.533 3.699 3.832 3.939 4.028 4.103 4.169 4.229 4.283 4.334 4.381 4.426 4.470 4.512 4.552 4.592 4.631 4.670 4.708 4.745 4.782 4.818 4.854 4.889 4.925 4.961 4.998 5.033 5.069 5.106 5.144 5.183 5.222 5.262 5.303 5.344 5.385 5.427 5.470 5.513 5.556 5.599 5.641 5.683 5.724 5.764 5.802 5.837 5.870 5.899 5.924 5.946 5.966 5.985 6.004 6.025 6.047 6.073 6.103 6.138 6.177 6.219 6.265 6.313 6.364 6.415 6.468 6.520 6.572 6.623
3.187 3.420 3.610 3.762 3.883 3.983 4.066 4.138 4.201 4.259 4.312 4.361 4.408 4.452 4.495 4.536 4.576 4.615 4.653 4.690 4.727 4.763 4.798 4.832 4.867 4.901 4.935 4.969 5.003 5.037 5.071 5.106 5.142 5.179 5.216 5.255 5.293 5.333 5.373 5.414 5.456 5.498 5.540 5.583 5.625 5.667 5.708 5.749 5.788 5.824 5.859 5.890 5.918 5.942 5.964 5.984 6.003 6.022 6.043 6.066 6.093 6.125 6.160 6.201 6.245 6.292 6.342 6.394 6.448 6.501 6.555 6.608
3.294 3.508 3.681 3.819 3.931 4.024 4.103 4.171 4.233 4.289 4.341 4.389 4.435 4.478 4.520 4.560 4.600 4.638 4.675 4.712 4.747 4.782 4.816 4.849 4.882 4.914 4.946 4.979 5.011 5.043 5.075 5.108 5.142 5.177 5.212 5.248 5.285 5.323 5.362 5.402 5.442 5.483 5.524 5.566 5.607 5.649 5.690 5.731 5.770 5.808 5.844 5.877 5.907 5.933 5.957 5.979 5.999 6.018 6.038 6.059 6.084 6.112 6.145 6.182 6.224 6.269 6.318 6.370 6.424 6.478 6.533 6.588
3.392 3.588 3.745 3.872 3.976 4.063 4.137 4.203 4.263 4.318 4.369 4.417 4.462 4.505 4.546 4.586 4.625 4.662 4.699 4.735 4.769 4.802 4.835 4.867 4.898 4.929 4.960 4.991 5.021 5.051 5.081 5.112 5.144 5.177 5.210 5.244 5.279 5.315 5.352 5.390 5.428 5.468 5.508 5.549 5.589 5.630 5.671 5.712 5.751 5.789 5.826 5.860 5.891 5.919 5.945 5.968 5.990 6.010 6.030 6.051 6.073 6.099 6.129 6.163 6.202 6.245 6.292 6.342 6.395 6.450 6.505 6.561
3.483 3.661 3.804 3.920 4.016 4.098 4.169 4.233 4.292 4.346 4.396 4.444 4.488 4.531 4.572 4.612 4.650 4.688 4.724 4.758 4.792 4.825 4.856 4.887 4.917 4.947 4.976 5.005 5.034 5.062 5.090 5.119 5.149 5.179 5.210 5.242 5.275 5.309 5.343 5.379 5.416 5.454 5.493 5.532 5.572 5.612 5.652 5.691 5.731 5.769 5.805 5.840 5.872 5.901 5.929 5.954 5.977 5.998 6.019 6.039 6.061 6.085 6.113 6.144 6.179 6.219 6.263 6.312 6.363 6.416 6.471 6.527
3.565 3.727 3.857 3.963 4.054 4.132 4.200 4.262 4.320 4.373 4.423 4.470 4.515 4.558 4.599 4.638 4.677 4.713 4.749 4.783 4.816 4.848 4.879 4.909 4.938 4.967 4.995 5.022 5.049 5.075 5.102 5.129 5.156 5.184 5.213 5.242 5.273 5.304 5.337 5.371 5.406 5.442 5.479 5.517 5.555 5.594 5.633 5.672 5.710 5.748 5.784 5.819 5.851 5.881 5.909 5.936 5.960 5.983 6.004 6.025 6.047 6.070 6.095 6.124 6.156 6.192 6.233 6.278 6.327 6.378 6.432 6.486
3.640 3.786 3.905 4.003 4.088 4.163 4.229 4.289 4.346 4.399 4.449 4.496 4.541 4.584 4.625 4.665 4.703 4.740 4.775 4.809 4.841 4.872 4.903 4.932 4.960 4.988 5.015 5.042 5.068 5.092 5.116 5.142 5.167 5.193 5.219 5.246 5.274 5.303 5.334 5.365 5.398 5.432 5.467 5.503 5.540 5.577 5.615 5.653 5.690 5.727 5.763 5.798 5.830 5.860 5.889 5.916 5.941 5.965 5.987 6.009 6.031 6.053 6.077 6.103 6.133 6.166 6.203 6.244 6.289 6.338 6.389 6.442
3.707 3.839 3.948 4.040 4.120 4.191 4.255 4.315 4.371 4.424 4.474 4.521 4.566 4.610 4.651 4.691 4.730 4.766 4.801 4.834 4.867 4.898 4.928 4.956 4.984 5.012 5.038 5.063 5.088 5.111 5.134 5.158 5.181 5.205 5.229 5.253 5.279 5.306 5.333 5.363 5.393 5.425 5.458 5.492 5.527 5.563 5.600 5.636 5.672 5.708 5.743 5.777 5.809 5.839 5.868 5.896 5.922 5.946 5.970 5.992 6.015 6.037 6.060 6.085 6.112 6.141 6.175 6.212 6.254 6.299 6.347 6.397
3.768 3.888 3.988 4.073 4.149 4.218 4.280 4.339 4.395 4.447 4.497 4.545 4.591 4.635 4.677 4.717 4.756 4.792 4.827 4.860 4.892 4.923 4.953 4.982 5.010 5.036 5.062 5.087 5.111 5.134 5.155 5.177 5.199 5.221 5.243 5.265 5.288 5.312 5.337 5.364 5.392 5.421 5.452 5.485 5.518 5.552 5.587 5.622 5.657 5.692 5.727 5.760 5.791 5.821 5.850 5.878 5.905 5.930 5.954 5.978 6.000 6.023 6.046 6.069 6.095 6.122 6.152 6.186 6.224 6.266 6.311 6.359
3.823 3.932 4.024 4.104 4.176 4.242 4.303 4.361 4.416 4.469 4.520 4.568 4.615 4.660 4.702 4.743 4.781 4.818 4.853 4.886 4.918 4.949 4.979 5.008 5.035 5.062 5.088 5.112 5.136 5.158 5.179 5.200 5.220 5.240 5.260 5.281 5.301 5.323 5.345 5.369 5.395 5.422 5.451 5.481 5.512 5.545 5.578 5.612 5.646 5.680 5.713 5.746 5.777 5.807 5.836 5.864 5.891 5.917 5.942 5.966 5.990 6.013 6.036 6.059 6.084 6.109 6.138 6.169 6.204 6.242 6.284 6.330
3.872 3.972 4.057 4.133 4.201 4.265 4.325 4.382 4.437 4.490 4.541 4.591 4.638 4.683 4.726 4.767 4.806 4.842 4.878 4.911 4.944 4.975 5.005 5.034 5.062 5.088 5.114 5.139 5.162 5.184 5.204 5.225 5.245 5.264 5.282 5.301 5.319 5.339 5.359 5.380 5.403 5.427 5.453 5.481 5.510 5.541 5.573 5.605 5.638 5.671 5.704 5.736 5.766 5.796 5.825 5.854 5.881 5.908 5.934 5.959 5.984 6.008 6.031 6.055 6.079 6.105 6.131 6.161 6.193 6.229 6.269 6.312
3.917 4.009 4.088 4.159 4.225 4.287 4.345 4.401 4.456 4.510 4.562 4.611 4.659 4.705 4.748 4.790 4.829 4.866 4.902 4.936 4.969 5.000 5.030 5.060 5.088 5.115 5.140 5.165 5.189 5.211 5.232 5.252 5.271 5.290 5.307 5.325 5.342 5.359 5.377 5.395 5.416 5.437 5.461 5.486 5.513 5.542 5.572 5.603 5.635 5.667 5.699 5.730 5.760 5.790 5.820 5.848 5.877 5.904 5.931 5.957 5.983 6.008 6.033 6.057 6.082 6.107 6.133 6.162 6.193 6.227 6.264 6.306
3.959 4.043 4.117 4.184 4.247 4.307 4.364 4.420 4.475 4.529 4.581 4.631 4.679 4.725 4.769 4.811 4.851 4.889 4.925 4.959 4.993 5.024 5.055 5.085 5.113 5.140 5.167 5.192 5.216 5.238 5.259 5.280 5.299 5.318 5.335 5.352 5.368 5.383 5.399 5.416 5.434 5.453 5.474 5.496 5.521 5.547 5.576 5.605 5.635 5.666 5.697 5.728 5.758 5.788 5.818 5.847 5.876 5.904 5.932 5.959 5.986 6.013 6.039 6.064 6.090 6.115 6.142 6.170 6.200 6.232 6.269 6.308
3.997 4.075 4.144 4.209 4.269 4.328 4.384 4.439 4.493 4.547 4.599 4.649 4.698 4.744 4.788 4.831 4.871 4.909 4.946 4.982 5.015 5.048 5.079 5.109 5.138 5.165 5.192 5.218 5.243 5.265 5.287 5.308 5.328 5.347 5.365 5.381 5.397 5.412 5.426 5.441 5.457 5.474 5.492 5.512 5.534 5.558 5.583 5.611 5.640 5.669 5.700 5.730 5.759 5.789 5.819 5.849 5.878 5.908 5.937 5.965 5.994 6.021 6.049 6.075 6.102 6.128 6.155 6.183 6.212 6.244 6.279 6.318
4.033 4.105 4.171 4.232 4.291 4.348 4.403 4.457 4.511 4.564 4.616 4.666 4.714 4.761 4.806 4.849 4.890 4.929 4.966 5.002 5.036 5.069 5.101 5.131 5.161 5.189 5.216 5.243 5.268 5.292 5.314 5.336 5.357 5.377 5.395 5.412 5.428 5.443 5.457 5.471 5.484 5.499 5.515 5.532 5.551 5.573 5.596 5.621 5.648 5.676 5.705 5.734 5.763 5.793 5.823 5.854 5.884 5.914 5.944 5.974 6.004 6.033 6.061 6.089 6.117 6.144 6.171 6.199 6.229 6.260 6.294 6.332
4.067 4.135 4.197 4.256 4.313 4.368 4.422 4.476 4.529 4.581 4.632 4.682 4.730 4.777 4.822 4.865 4.907 4.947 4.985 5.021 5.056 5.090 5.122 5.153 5.183 5.211 5.239 5.266 5.292 5.316 5.340 5.363 5.385 5.406 5.425 5.443 5.460 5.475 5.489 5.503 5.516 5.529 5.543 5.557 5.574 5.592 5.613 5.635 5.660 5.686 5.713 5.741 5.769 5.799 5.830 5.860 5.891 5.923 5.954 5.985 6.016 6.046 6.076 6.105 6.133 6.162 6.190 6.218 6.247 6.278 6.312 6.348
4.099 4.164 4.223 4.280 4.335 4.390 4.442 4.494 4.546 4.597 4.647 4.696 4.744 4.791 4.836 4.880 4.922 4.963 5.001 5.038 5.074 5.108 5.141 5.172 5.203 5.232 5.261 5.288 5.315 5.340 5.364 5.388 5.411 5.433 5.454 5.473 5.491 5.508 5.523 5.536 5.549 5.562 5.574 5.587 5.601 5.616 5.634 5.653 5.675 5.699 5.724 5.751 5.778 5.807 5.838 5.869 5.900 5.932 5.965 5.997 6.029 6.060 6.091 6.122 6.151 6.180 6.209 6.238 6.267 6.298 6.331 6.367
4.131 4.192 4.250 4.305 4.359 4.412 4.463 4.514 4.564 4.614 4.663 4.711 4.758 4.804 4.850 4.893 4.936 4.977 5.016 5.054 5.090 5.125 5.158 5.191 5.222 5.252 5.281 5.309 5.335 5.361 5.387 5.412 5.436 5.459 5.481 5.502 5.521 5.539 5.556 5.571 5.584 5.596 5.608 5.620 5.632 5.645 5.659 5.676 5.694 5.715 5.738 5.763 5.789 5.817 5.847 5.878 5.910 5.943 5.976 6.010 6.043 6.076 6.108 6.139 6.170 6.200 6.229 6.258 6.288 6.319 6.352 6.387
4.162 4.221 4.277 4.330 4.383 4.434 4.484 4.533 4.582 4.630 4.678 4.725 4.771 4.817 4.862 4.906 4.949 4.990 5.030 5.068 5.105 5.140 5.174 5.207 5.238 5.269 5.298 5.327 5.354 5.380 5.407 5.433 5.458 5.483 5.506 5.529 5.550 5.569 5.587 5.604 5.619 5.632 5.644 5.655 5.665 5.676 5.688 5.702 5.717 5.735 5.755 5.777 5.801 5.829 5.858 5.889 5.921 5.954 5.988 6.023 6.057 6.091 6.124 6.157 6.188 6.219 6.250 6.279 6.310 6.340 6.373 6.408
4.193 4.250 4.304 4.357 4.408 4.457 4.505 4.553 4.600 4.647 4.693 4.739 4.785 4.830 4.874 4.918 4.960 5.002 5.042 5.081 5.118 5.154 5.188 5.222 5.254 5.285 5.315 5.344 5.371 5.398 5.426 5.452 5.479 5.504 5.529 5.553 5.576 5.597 5.617 5.635 5.652 5.666 5.679 5.690 5.701 5.710 5.720 5.731 5.744 5.758 5.776 5.795 5.817 5.842 5.870 5.901 5.933 5.967 6.001 6.037 6.072 6.107 6.141 6.175 6.207 6.239 6.270 6.301 6.331 6.362 6.394 6.429
4.224 4.279 4.332 4.383 4.433 4.481 4.527 4.573 4.619 4.664 4.709 4.754 4.798 4.842 4.886 4.929 4.971 5.013 5.053 5.092 5.130 5.166 5.201 5.235 5.267 5.299 5.329 5.359 5.387 5.414 5.442 5.470 5.497 5.523 5.549 5.574 5.599 5.622 5.644 5.664 5.683 5.699 5.713 5.726 5.736 5.746 5.754 5.763 5.773 5.785 5.799 5.815 5.835 5.858 5.885 5.914 5.946 5.980 6.015 6.051 6.087 6.123 6.158 6.193 6.227 6.259 6.291 6.322 6.353 6.385 6.417 6.452
4.255 4.309 4.361 4.411 4.459 4.505 4.549 4.594 4.638 4.682 4.726 4.769 4.812 4.855 4.898 4.940 4.982 5.023 5.063 5.102 5.140 5.177 5.212 5.246 5.279 5.311 5.342 5.372 5.401 5.429 5.457 5.485 5.513 5.540 5.567 5.593 5.619 5.644 5.668 5.690 5.710 5.729 5.745 5.759 5.771 5.780 5.789 5.797 5.805 5.814 5.826 5.839 5.856 5.877 5.901 5.929 5.960 5.994 6.029 6.065 6.102 6.139 6.176 6.211 6.246 6.280 6.313 6.345 6.376 6.408 6.441 6.476
4.285 4.338 4.389 4.438 4.484 4.529 4.572 4.615 4.658 4.701 4.743 4.785 4.827 4.869 4.910 4.951 4.992 5.033 5.073 5.112 5.149 5.186 5.222 5.257 5.290 5.323 5.354 5.385 5.413 5.441 5.470 5.499 5.527 5.555 5.582 5.610 5.637 5.663 5.688 5.712 5.735 5.755 5.773 5.789 5.803 5.814 5.823 5.831 5.838 5.846 5.855 5.866 5.880 5.898 5.921 5.947 5.977 6.010 6.044 6.081 6.118 6.156 6.193 6.230 6.266 6.301 6.334 6.367 6.399 6.432 6.464 6.500
4.316 4.368 4.417 4.465 4.510 4.553 4.595 4.638 4.679 4.720 4.761 4.802 4.842 4.883 4.923 4.963 5.003 5.043 5.082 5.121 5.158 5.195 5.231 5.266 5.300 5.333 5.364 5.395 5.424 5.453 5.482 5.511 5.539 5.567 5.596 5.624 5.652 5.679 5.706 5.731 5.755 5.778 5.798 5.816 5.831 5.844 5.855 5.864 5.871 5.878 5.887 5.896 5.907 5.923 5.943 5.968 5.996 6.027 6.061 6.098 6.135 6.173 6.211 6.249 6.286 6.322 6.356 6.390 6.423 6.456 6.489 6.525
4.346 4.397 4.446 4.492 4.536 4.578 4.619 4.661 4.701 4.741 4.780 4.820 4.859 4.898 4.937 4.976 5.015 5.054 5.092 5.130 5.167 5.204 5.240 5.275 5.309 5.342 5.374 5.405 5.434 5.463 5.492 5.521 5.550 5.578 5.607 5.636 5.664 5.692 5.720 5.747 5.773 5.797 5.819 5.839 5.856 5.871 5.884 5.894 5.903 5.911 5.919 5.927 5.937 5.951 5.969 5.991 6.017 6.047 6.080 6.116 6.153 6.191 6.230 6.269 6.306 6.343 6.379 6.413 6.447 6.480 6.514 6.552
4.376 4.426 4.474 4.519 4.562 4.603 4.644 4.684 4.723 4.762 4.800 4.838 4.876 4.914 4.952 4.990 5.028 5.065 5.103 5.140 5.176 5.212 5.248 5.283 5.317 5.350 5.382 5.413 5.443 5.471 5.501 5.530 5.558 5.587 5.616 5.645 5.674 5.703 5.731 5.759 5.786 5.811 5.835 5.857 5.877 5.894 5.909 5.921 5.932 5.942 5.951 5.959 5.969 5.981 5.997 6.017 6.041 6.069 6.101 6.135 6.172 6.210 6.249 6.288 6.327 6.365 6.401 6.437 6.472 6.506 6.541 6.578
4.405 4.455 4.501 4.546 4.588 4.629 4.668 4.708 4.746 4.784 4.821 4.858 4.895 4.932 4.968 5.005 5.041 5.078 5.114 5.150 5.186 5.221 5.256 5.291 5.324 5.357 5.389 5.421 5.450 5.479 5.508 5.537 5.566 5.595 5.623 5.652 5.681 5.711 5.740 5.768 5.796 5.823 5.848 5.871 5.893 5.913 5.930 5.945 5.958 5.970 5.981 5.990 6.000 6.013 6.028 6.046 6.068 6.094 6.123 6.156 6.192 6.230 6.269 6.309 6.348 6.387 6.424 6.461 6.497 6.532 6.567 6.604
4.434 4.483 4.529 4.572 4.614 4.654 4.693 4.731 4.769 4.806 4.842 4.878 4.914 4.950 4.985 5.021 5.056 5.091 5.126 5.161 5.196 5.231 5.265 5.299 5.332 5.365 5.397 5.428 5.457 5.486 5.515 5.543 5.572 5.600 5.629 5.658 5.686 5.716 5.745 5.774 5.802 5.830 5.856 5.881 5.905 5.927 5.946 5.964 5.980 5.995 6.008 6.020 6.031 6.044 6.059 6.076 6.096 6.120 6.148 6.179 6.214 6.251 6.289 6.329 6.369 6.408 6.447 6.485 6.521 6.557 6.592 6.629
4.462 4.510 4.555 4.599 4.640 4.679 4.717 4.755 4.792 4.828 4.864 4.899 4.934 4.969 5.003 5.037 5.072 5.106 5.140 5.174 5.208 5.242 5.275 5.308 5.341 5.373 5.404 5.435 5.464 5.492 5.521 5.549 5.577 5.605 5.633 5.661 5.689 5.718 5.747 5.776 5.805 5.833 5.861 5.887 5.912 5.936 5.958 5.979 5.998 6.015 6.032 6.046 6.059 6.074 6.089 6.106 6.125 6.147 6.173 6.203 6.236 6.272 6.310 6.350 6.390 6.430 6.469 6.508 6.545 6.581 6.615 6.652
4.490 4.537 4.581 4.624 4.665 4.704 4.742 4.779 4.815 4.851 4.886 4.920 4.954 4.988 5.022 5.055 5.088 5.122 5.155 5.188 5.221 5.254 5.286 5.319 5.351 5.382 5.413 5.443 5.472 5.500 5.528 5.555 5.582 5.609 5.636 5.664 5.691 5.719 5.748 5.776 5.805 5.833 5.862 5.889 5.916 5.942 5.966 5.989 6.011 6.032 6.051 6.068 6.085 6.101 6.118 6.135 6.154 6.175 6.200 6.228 6.259 6.294 6.331 6.371 6.411 6.451 6.491 6.530 6.567 6.603 6.637 6.672
4.516 4.563 4.607 4.650 4.690 4.729 4.766 4.803 4.839 4.874 4.908 4.942 4.975 5.008 5.041 5.073 5.106 5.138 5.170 5.203 5.235 5.267 5.299 5.330 5.362 5.393 5.423 5.453 5.481 5.508 5.536 5.563 5.589 5.615 5.640 5.666 5.693 5.719 5.747 5.774 5.803 5.831 5.860 5.888 5.916 5.943 5.970 5.995 6.020 6.044 6.066 6.086 6.106 6.125 6.144 6.162 6.182 6.203 6.226 6.253 6.283 6.316 6.353 6.391 6.431 6.472 6.512 6.551 6.588 6.623 6.657 6.693
4.543 4.589 4.632 4.674 4.715 4.753 4.790 4.826 4.862 4.896 4.930 4.963 4.996 5.028 5.060 5.092 5.124 5.155 5.187 5.218 5.250 5.281 5.313 5.344 5.374 5.405 5.435 5.464 5.492 5.519 5.546 5.572 5.597 5.622 5.646 5.671 5.695 5.720 5.746 5.773 5.800 5.827 5.856 5.884 5.913 5.942 5.970 5.998 6.025 6.052 6.077 6.100 6.123 6.145 6.166 6.187 6.207 6.229 6.252 6.278 6.307 6.339 6.374 6.412 6.451 6.492 6.532 6.571 6.608 6.644 6.678 6.713
