version1/TsunamiDB/out54080.asc
ncols          264
nrows          230
xllcorner      497853.4375
yllcorner      4229146.0000
cellsize         5.
NODATA_value   -99
[rows 68 to 101 of 230, columns 76 to 151 of 264]
4.908 4.948 4.986 5.023 5.058 5.091 5.121 5.150 5.178 5.205 5.230 5.254 5.277 5.298 5.319 5.338 5.357 5.375 5.393 5.410 5.426 5.442 5.458 5.474 5.490 5.506 5.522 5.538 5.555 5.571 5.587 5.605 5.622 5.641 5.659 5.678 5.697 5.716 5.735 5.754 5.773 5.792 5.812 5.831 5.850 5.869 5.889 5.908 5.928 5.947 5.967 5.985 6.003 6.022 6.040 6.059 6.078 6.097 6.116 6.135 6.153 6.171 6.189 6.207 6.225 6.242 6.259 6.275 6.291 6.306 6.321 6.335 6.348 6.360 6.371 6.380
4.913 4.953 4.993 5.031 5.067 5.101 5.132 5.163 5.192 5.220 5.246 5.271 5.294 5.317 5.338 5.358 5.377 5.396 5.413 5.430 5.446 5.462 5.478 5.493 5.508 5.523 5.539 5.554 5.569 5.584 5.600 5.616 5.633 5.651 5.669 5.687 5.705 5.724 5.742 5.761 5.780 5.799 5.819 5.838 5.857 5.876 5.896 5.915 5.934 5.954 5.973 5.992 6.010 6.028 6.047 6.066 6.085 6.104 6.123 6.142 6.160 6.179 6.197 6.215 6.233 6.250 6.267 6.284 6.300 6.316 6.331 6.346 6.360 6.373 6.385 6.395
4.916 4.957 4.998 5.036 5.074 5.108 5.141 5.173 5.204 5.233 5.260 5.286 5.311 5.334 5.356 5.377 5.397 5.416 5.434 5.451 5.467 5.483 5.498 5.513 5.528 5.542 5.557 5.571 5.585 5.599 5.614 5.629 5.645 5.662 5.679 5.696 5.714 5.732 5.751 5.769 5.788 5.807 5.826 5.845 5.864 5.883 5.902 5.922 5.941 5.961 5.980 5.998 6.016 6.035 6.054 6.073 6.092 6.111 6.130 6.149 6.168 6.186 6.205 6.223 6.241 6.258 6.276 6.293 6.310 6.326 6.341 6.357 6.371 6.385 6.398 6.408
4.918 4.959 5.000 5.040 5.078 5.114 5.148 5.182 5.214 5.244 5.273 5.300 5.326 5.350 5.373 5.395 5.415 5.435 5.454 5.471 5.488 5.504 5.519 5.534 5.548 5.562 5.576 5.590 5.603 5.615 5.629 5.644 5.659 5.674 5.690 5.707 5.724 5.741 5.759 5.777 5.796 5.814 5.833 5.852 5.871 5.890 5.909 5.929 5.948 5.967 5.987 6.005 6.023 6.042 6.061 6.080 6.099 6.118 6.137 6.156 6.175 6.193 6.212 6.230 6.249 6.266 6.284 6.301 6.318 6.335 6.351 6.367 6.382 6.397 6.410 6.422
4.919 4.960 5.001 5.042 5.081 5.118 5.153 5.188 5.221 5.253 5.283 5.311 5.338 5.364 5.388 5.411 5.433 5.453 5.473 5.491 5.508 5.525 5.540 5.555 5.569 5.583 5.597 5.610 5.622 5.634 5.646 5.660 5.674 5.688 5.703 5.719 5.735 5.751 5.768 5.786 5.804 5.822 5.840 5.859 5.878 5.897 5.916 5.935 5.955 5.974 5.993 6.012 6.030 6.049 6.068 6.087 6.106 6.125 6.144 6.163 6.182 6.201 6.219 6.238 6.256 6.274 6.292 6.310 6.327 6.344 6.361 6.377 6.393 6.408 6.421 6.434
4.919 4.961 5.001 5.042 5.082 5.119 5.156 5.192 5.226 5.259 5.291 5.321 5.349 5.376 5.401 5.425 5.448 5.470 5.490 5.510 5.528 5.545 5.561 5.576 5.591 5.605 5.618 5.631 5.642 5.653 5.665 5.678 5.690 5.704 5.717 5.732 5.747 5.762 5.778 5.795 5.812 5.830 5.848 5.867 5.885 5.904 5.923 5.942 5.961 5.981 6.000 6.019 6.037 6.056 6.075 6.094 6.113 6.132 6.151 6.170 6.189 6.208 6.227 6.246 6.264 6.282 6.300 6.318 6.336 6.353 6.370 6.386 6.403 6.418 6.433 6.446
4.920 4.960 5.001 5.041 5.081 5.119 5.156 5.193 5.229 5.263 5.296 5.327 5.357 5.386 5.412 5.438 5.462 5.485 5.506 5.527 5.546 5.564 5.581 5.597 5.612 5.626 5.640 5.652 5.664 5.674 5.686 5.697 5.709 5.721 5.733 5.746 5.760 5.774 5.790 5.805 5.822 5.839 5.856 5.874 5.893 5.911 5.930 5.949 5.968 5.987 6.007 6.026 6.044 6.062 6.081 6.101 6.120 6.139 6.158 6.177 6.196 6.215 6.234 6.253 6.272 6.290 6.308 6.326 6.344 6.362 6.379 6.396 6.412 6.428 6.443 6.457
4.921 4.960 5.000 5.039 5.079 5.117 5.155 5.193 5.229 5.265 5.299 5.332 5.363 5.393 5.421 5.448 5.473 5.497 5.520 5.542 5.562 5.581 5.599 5.616 5.632 5.647 5.661 5.674 5.686 5.696 5.707 5.718 5.729 5.740 5.751 5.763 5.775 5.788 5.802 5.817 5.832 5.849 5.865 5.883 5.901 5.919 5.937 5.956 5.975 5.994 6.014 6.032 6.050 6.069 6.088 6.107 6.127 6.146 6.165 6.184 6.203 6.223 6.242 6.260 6.279 6.298 6.316 6.334 6.353 6.370 6.388 6.405 6.422 6.438 6.454 6.468
4.923 4.960 4.999 5.038 5.077 5.115 5.152 5.190 5.228 5.264 5.299 5.333 5.366 5.397 5.427 5.455 5.482 5.508 5.532 5.555 5.576 5.597 5.616 5.634 5.651 5.667 5.682 5.695 5.707 5.718 5.729 5.740 5.750 5.760 5.771 5.781 5.793 5.804 5.817 5.830 5.844 5.859 5.875 5.892 5.909 5.927 5.945 5.963 5.982 6.001 6.021 6.039 6.057 6.076 6.095 6.114 6.134 6.153 6.172 6.191 6.211 6.230 6.249 6.268 6.287 6.305 6.324 6.342 6.361 6.379 6.396 6.414 6.431 6.448 6.464 6.478
4.926 4.962 4.999 5.036 5.074 5.112 5.149 5.187 5.224 5.261 5.298 5.333 5.367 5.399 5.430 5.460 5.488 5.515 5.541 5.565 5.588 5.610 5.630 5.650 5.668 5.685 5.701 5.716 5.729 5.740 5.751 5.762 5.772 5.782 5.792 5.802 5.812 5.822 5.833 5.845 5.858 5.872 5.887 5.902 5.918 5.935 5.953 5.971 5.990 6.008 6.028 6.046 6.064 6.083 6.102 6.121 6.140 6.160 6.179 6.198 6.218 6.237 6.256 6.275 6.294 6.313 6.332 6.350 6.369 6.387 6.405 6.423 6.440 6.457 6.473 6.488
4.930 4.965 5.000 5.036 5.072 5.109 5.145 5.182 5.220 5.257 5.294 5.330 5.365 5.398 5.431 5.462 5.492 5.520 5.547 5.573 5.598 5.621 5.643 5.663 5.683 5.701 5.718 5.734 5.748 5.761 5.773 5.784 5.795 5.805 5.814 5.823 5.832 5.842 5.852 5.862 5.874 5.886 5.899 5.914 5.929 5.945 5.962 5.979 5.997 6.016 6.035 6.053 6.071 6.089 6.109 6.128 6.147 6.166 6.186 6.205 6.224 6.244 6.263 6.282 6.301 6.320 6.339 6.358 6.377 6.395 6.413 6.431 6.449 6.466 6.483 6.498
4.936 4.969 5.002 5.036 5.072 5.106 5.141 5.178 5.215 5.252 5.288 5.325 5.360 5.395 5.429 5.461 5.493 5.523 5.551 5.578 5.604 5.629 5.652 5.675 5.696 5.715 5.734 5.751 5.766 5.780 5.793 5.805 5.817 5.827 5.837 5.846 5.855 5.863 5.872 5.881 5.891 5.902 5.914 5.927 5.941 5.956 5.972 5.989 6.006 6.024 6.042 6.060 6.078 6.096 6.115 6.134 6.154 6.173 6.193 6.212 6.231 6.251 6.270 6.289 6.308 6.328 6.347 6.365 6.384 6.403 6.421 6.439 6.457 6.475 6.492 6.507
4.944 4.975 5.007 5.039 5.072 5.105 5.139 5.174 5.210 5.246 5.282 5.319 5.355 5.390 5.425 5.458 5.491 5.522 5.552 5.581 5.608 5.635 5.660 5.683 5.706 5.727 5.747 5.765 5.782 5.797 5.812 5.825 5.837 5.849 5.859 5.869 5.877 5.886 5.894 5.902 5.911 5.921 5.931 5.942 5.955 5.968 5.983 5.999 6.015 6.032 6.050 6.068 6.085 6.103 6.122 6.141 6.160 6.180 6.199 6.219 6.238 6.257 6.277 6.296 6.315 6.335 6.354 6.373 6.392 6.411 6.429 6.448 6.466 6.484 6.501 6.516
4.954 4.983 5.013 5.043 5.075 5.106 5.138 5.171 5.206 5.241 5.276 5.312 5.347 5.383 5.418 5.453 5.486 5.519 5.550 5.580 5.609 5.637 5.664 5.689 5.713 5.735 5.757 5.777 5.795 5.812 5.828 5.843 5.857 5.869 5.880 5.891 5.900 5.909 5.917 5.925 5.933 5.941 5.950 5.960 5.971 5.983 5.996 6.010 6.026 6.042 6.059 6.076 6.092 6.111 6.129 6.148 6.167 6.186 6.206 6.225 6.245 6.264 6.284 6.303 6.322 6.342 6.361 6.380 6.399 6.418 6.437 6.456 6.474 6.492 6.509 6.525
4.965 4.993 5.021 5.050 5.079 5.109 5.139 5.170 5.203 5.236 5.270 5.305 5.340 5.375 5.410 5.445 5.479 5.513 5.545 5.577 5.608 5.637 5.665 5.692 5.717 5.741 5.764 5.786 5.806 5.824 5.842 5.858 5.873 5.887 5.900 5.912 5.922 5.931 5.940 5.948 5.955 5.963 5.971 5.979 5.989 5.999 6.011 6.024 6.038 6.053 6.068 6.084 6.101 6.118 6.136 6.155 6.174 6.193 6.212 6.232 6.251 6.271 6.290 6.310 6.329 6.349 6.368 6.387 6.406 6.425 6.444 6.463 6.482 6.500 6.518 6.534
4.977 5.004 5.031 5.058 5.086 5.114 5.142 5.172 5.202 5.234 5.266 5.299 5.333 5.367 5.402 5.436 5.471 5.505 5.538 5.571 5.603 5.633 5.663 5.691 5.718 5.744 5.769 5.792 5.814 5.833 5.853 5.871 5.888 5.903 5.918 5.931 5.942 5.953 5.962 5.971 5.978 5.986 5.993 6.001 6.009 6.018 6.028 6.039 6.051 6.065 6.080 6.094 6.110 6.126 6.144 6.162 6.181 6.200 6.219 6.238 6.258 6.277 6.297 6.316 6.336 6.355 6.375 6.394 6.413 6.433 6.452 6.471 6.490 6.508 6.526 6.542
4.991 5.017 5.042 5.068 5.095 5.121 5.147 5.175 5.204 5.233 5.264 5.295 5.327 5.360 5.393 5.427 5.461 5.495 5.529 5.562 5.595 5.627 5.658 5.688 5.716 5.744 5.770 5.795 5.818 5.840 5.861 5.880 5.899 5.916 5.932 5.947 5.960 5.972 5.983 5.993 6.001 6.009 6.016 6.023 6.031 6.038 6.047 6.057 6.067 6.079 6.092 6.105 6.120 6.136 6.153 6.170 6.188 6.207 6.226 6.245 6.264 6.284 6.303 6.323 6.342 6.362 6.381 6.401 6.420 6.440 6.459 6.478 6.497 6.516 6.533 6.550
5.006 5.030 5.055 5.080 5.105 5.129 5.154 5.181 5.207 5.235 5.263 5.293 5.323 5.354 5.385 5.418 5.451 5.484 5.518 5.551 5.585 5.617 5.650 5.681 5.711 5.740 5.768 5.795 5.819 5.843 5.865 5.887 5.908 5.927 5.945 5.961 5.976 5.990 6.002 6.013 6.023 6.031 6.039 6.046 6.053 6.060 6.068 6.076 6.085 6.096 6.107 6.118 6.131 6.146 6.162 6.179 6.196 6.214 6.233 6.252 6.271 6.290 6.310 6.329 6.349 6.368 6.388 6.407 6.427 6.446 6.466 6.485 6.505 6.523 6.541 6.558
5.021 5.045 5.069 5.093 5.117 5.140 5.164 5.188 5.214 5.239 5.266 5.293 5.321 5.350 5.380 5.410 5.442 5.474 5.507 5.540 5.573 5.606 5.639 5.671 5.702 5.733 5.763 5.791 5.817 5.842 5.867 5.890 5.913 5.934 5.953 5.972 5.989 6.004 6.018 6.031 6.042 6.052 6.061 6.069 6.076 6.083 6.090 6.097 6.105 6.114 6.123 6.133 6.144 6.158 6.172 6.188 6.205 6.222 6.240 6.259 6.278 6.297 6.316 6.335 6.355 6.375 6.394 6.414 6.433 6.453 6.473 6.492 6.512 6.530 6.548 6.565
5.036 5.060 5.083 5.107 5.129 5.151 5.174 5.198 5.222 5.246 5.271 5.296 5.322 5.349 5.377 5.405 5.435 5.465 5.496 5.528 5.560 5.593 5.626 5.659 5.691 5.723 5.754 5.784 5.811 5.838 5.865 5.890 5.914 5.937 5.959 5.979 5.998 6.016 6.032 6.046 6.060 6.071 6.082 6.091 6.098 6.106 6.112 6.119 6.126 6.134 6.141 6.149 6.159 6.171 6.184 6.199 6.215 6.231 6.248 6.266 6.285 6.303 6.323 6.342 6.361 6.381 6.400 6.420 6.440 6.459 6.479 6.499 6.518 6.537 6.555 6.572
5.052 5.075 5.098 5.121 5.143 5.164 5.186 5.209 5.232 5.255 5.278 5.302 5.326 5.351 5.376 5.403 5.430 5.458 5.487 5.517 5.548 5.580 5.612 5.645 5.677 5.710 5.742 5.772 5.801 5.831 5.859 5.886 5.912 5.937 5.961 5.983 6.004 6.024 6.042 6.059 6.074 6.087 6.099 6.110 6.119 6.127 6.135 6.141 6.148 6.155 6.161 6.168 6.176 6.187 6.198 6.211 6.225 6.241 6.257 6.274 6.292 6.311 6.329 6.348 6.368 6.387 6.407 6.426 6.446 6.466 6.485 6.505 6.525 6.543 6.561 6.579
5.068 5.091 5.113 5.135 5.157 5.178 5.199 5.221 5.243 5.265 5.287 5.309 5.332 5.355 5.379 5.403 5.428 5.454 5.481 5.509 5.538 5.568 5.599 5.630 5.662 5.694 5.727 5.758 5.788 5.819 5.849 5.878 5.906 5.933 5.959 5.983 6.007 6.028 6.048 6.067 6.084 6.100 6.114 6.127 6.138 6.147 6.155 6.163 6.170 6.176 6.182 6.188 6.195 6.204 6.214 6.225 6.238 6.252 6.267 6.283 6.300 6.318 6.336 6.355 6.374 6.393 6.413 6.432 6.452 6.472 6.492 6.511 6.531 6.550 6.568 6.586
5.083 5.106 5.128 5.150 5.171 5.191 5.213 5.234 5.255 5.276 5.297 5.319 5.340 5.362 5.384 5.406 5.429 5.453 5.478 5.503 5.530 5.558 5.586 5.616 5.647 5.678 5.710 5.741 5.772 5.804 5.835 5.866 5.896 5.925 5.953 5.979 6.005 6.029 6.051 6.072 6.091 6.109 6.125 6.140 6.153 6.164 6.174 6.183 6.190 6.197 6.203 6.208 6.215 6.222 6.231 6.241 6.252 6.264 6.278 6.293 6.309 6.326 6.344 6.362 6.381 6.400 6.419 6.439 6.458 6.478 6.498 6.517 6.537 6.556 6.574 6.592
5.099 5.121 5.143 5.165 5.185 5.205 5.226 5.247 5.268 5.288 5.309 5.329 5.350 5.370 5.391 5.412 5.433 5.455 5.478 5.501 5.526 5.551 5.577 5.605 5.633 5.663 5.694 5.724 5.755 5.786 5.818 5.850 5.882 5.912 5.942 5.971 5.998 6.024 6.049 6.072 6.094 6.114 6.133 6.150 6.165 6.178 6.190 6.200 6.209 6.217 6.223 6.229 6.235 6.241 6.249 6.257 6.267 6.278 6.291 6.304 6.319 6.335 6.352 6.370 6.388 6.406 6.425 6.445 6.464 6.484 6.503 6.523 6.543 6.562 6.580 6.599
5.114 5.136 5.158 5.179 5.199 5.219 5.240 5.260 5.281 5.301 5.321 5.341 5.361 5.380 5.400 5.420 5.440 5.460 5.481 5.503 5.525 5.547 5.571 5.596 5.622 5.650 5.678 5.707 5.737 5.767 5.799 5.831 5.863 5.895 5.927 5.957 5.987 6.015 6.042 6.068 6.092 6.115 6.136 6.155 6.172 6.188 6.202 6.214 6.225 6.235 6.242 6.248 6.254 6.261 6.268 6.275 6.284 6.294 6.305 6.317 6.330 6.345 6.361 6.378 6.395 6.413 6.432 6.451 6.470 6.490 6.509 6.529 6.549 6.568 6.586 6.605
5.129 5.150 5.172 5.193 5.213 5.233 5.253 5.274 5.294 5.314 5.333 5.353 5.372 5.391 5.411 5.430 5.449 5.468 5.487 5.507 5.527 5.548 5.569 5.592 5.615 5.640 5.666 5.693 5.720 5.749 5.780 5.811 5.843 5.875 5.907 5.939 5.970 6.001 6.030 6.058 6.085 6.110 6.133 6.155 6.175 6.193 6.210 6.225 6.238 6.249 6.258 6.266 6.273 6.279 6.286 6.293 6.301 6.310 6.319 6.330 6.343 6.356 6.371 6.387 6.403 6.421 6.439 6.457 6.476 6.495 6.515 6.535 6.554 6.573 6.592 6.610
5.144 5.165 5.186 5.207 5.227 5.247 5.267 5.287 5.307 5.326 5.346 5.365 5.384 5.403 5.422 5.440 5.459 5.477 5.495 5.514 5.532 5.551 5.571 5.591 5.612 5.634 5.658 5.682 5.706 5.733 5.761 5.791 5.822 5.853 5.885 5.917 5.950 5.981 6.012 6.043 6.072 6.099 6.125 6.150 6.173 6.194 6.213 6.230 6.246 6.260 6.271 6.280 6.289 6.296 6.304 6.311 6.318 6.326 6.335 6.345 6.356 6.368 6.382 6.396 6.412 6.429 6.446 6.464 6.483 6.501 6.521 6.540 6.560 6.579 6.597 6.616
5.158 5.179 5.200 5.221 5.241 5.260 5.280 5.300 5.319 5.339 5.358 5.377 5.396 5.415 5.433 5.451 5.469 5.487 5.505 5.522 5.540 5.558 5.576 5.594 5.613 5.633 5.654 5.675 5.697 5.721 5.746 5.773 5.802 5.832 5.862 5.894 5.926 5.958 5.990 6.022 6.053 6.083 6.111 6.139 6.164 6.188 6.210 6.230 6.249 6.265 6.279 6.290 6.301 6.310 6.319 6.327 6.335 6.342 6.351 6.360 6.370 6.381 6.393 6.407 6.421 6.437 6.454 6.471 6.489 6.508 6.527 6.546 6.565 6.584 6.602 6.621
5.173 5.194 5.214 5.235 5.254 5.273 5.293 5.312 5.332 5.351 5.370 5.389 5.408 5.426 5.445 5.463 5.480 5.498 5.515 5.532 5.549 5.566 5.583 5.600 5.618 5.636 5.654 5.673 5.692 5.713 5.736 5.760 5.785 5.812 5.841 5.871 5.901 5.933 5.965 5.997 6.029 6.060 6.091 6.121 6.149 6.176 6.201 6.224 6.245 6.265 6.282 6.296 6.309 6.320 6.331 6.340 6.349 6.357 6.365 6.374 6.383 6.394 6.405 6.417 6.431 6.446 6.462 6.478 6.496 6.514 6.532 6.551 6.571 6.589 6.608 6.626
5.188 5.209 5.229 5.249 5.268 5.286 5.306 5.325 5.344 5.363 5.382 5.401 5.420 5.438 5.456 5.474 5.492 5.509 5.526 5.543 5.560 5.576 5.592 5.609 5.625 5.641 5.658 5.675 5.692 5.710 5.730 5.751 5.774 5.798 5.823 5.850 5.878 5.908 5.939 5.970 6.002 6.034 6.066 6.097 6.127 6.157 6.184 6.211 6.235 6.258 6.278 6.295 6.311 6.325 6.338 6.349 6.359 6.369 6.378 6.387 6.396 6.406 6.417 6.428 6.441 6.455 6.470 6.486 6.503 6.520 6.538 6.557 6.576 6.594 6.613 6.631
5.203 5.223 5.243 5.263 5.281 5.299 5.318 5.337 5.356 5.375 5.394 5.412 5.431 5.449 5.467 5.485 5.503 5.520 5.537 5.554 5.570 5.587 5.603 5.619 5.634 5.650 5.666 5.681 5.696 5.712 5.729 5.748 5.767 5.788 5.810 5.834 5.859 5.886 5.914 5.944 5.974 6.005 6.037 6.069 6.100 6.131 6.161 6.190 6.217 6.243 6.266 6.287 6.306 6.323 6.339 6.353 6.365 6.377 6.387 6.397 6.407 6.417 6.427 6.438 6.451 6.464 6.478 6.493 6.509 6.526 6.544 6.562 6.581 6.599 6.617 6.636
5.219 5.239 5.258 5.277 5.295 5.313 5.331 5.350 5.369 5.387 5.406 5.424 5.442 5.460 5.478 5.496 5.514 5.531 5.548 5.565 5.581 5.598 5.614 5.629 5.645 5.660 5.675 5.689 5.703 5.718 5.733 5.749 5.766 5.784 5.803 5.824 5.846 5.869 5.894 5.921 5.949 5.978 6.008 6.039 6.070 6.101 6.132 6.163 6.192 6.220 6.246 6.270 6.293 6.314 6.333 6.350 6.365 6.379 6.392 6.403 6.414 6.425 6.436 6.447 6.459 6.472 6.485 6.500 6.516 6.532 6.550 6.568 6.586 6.604 6.622 6.640
5.235 5.254 5.273 5.292 5.309 5.327 5.345 5.363 5.381 5.399 5.417 5.435 5.453 5.471 5.489 5.507 5.524 5.542 5.559 5.576 5.592 5.609 5.625 5.640 5.656 5.671 5.685 5.699 5.712 5.726 5.740 5.755 5.770 5.786 5.802 5.820 5.838 5.859 5.880 5.903 5.928 5.954 5.982 6.010 6.040 6.070 6.101 6.131 6.162 6.192 6.219 6.246 6.271 6.295 6.318 6.338 6.357 6.374 6.389 6.403 6.416 6.429 6.441 6.453 6.465 6.478 6.491 6.506 6.521 6.537 6.554 6.572 6.590 6.608 6.625 6.644
5.251 5.270 5.289 5.307 5.324 5.341 5.359 5.376 5.394 5.412 5.429 5.447 5.464 5.482 5.500 5.517 5.535 5.552 5.569 5.586 5.603 5.619 5.636 5.651 5.667 5.682 5.697 5.710 5.723 5.736 5.750 5.763 5.777 5.791 5.805 5.821 5.837 5.854 5.872 5.892 5.913 5.936 5.960 5.986 6.013 6.041 6.070 6.099 6.129 6.159 6.187 6.215 6.243 6.269 6.294 6.318 6.340 6.360 6.379 6.396 6.412 6.426 6.440 6.454 6.467 6.480 6.494 6.509 6.524 6.541 6.557 6.575 6.593 6.610 6.628 6.646
