version1/TsunamiDB/out54099.asc
ncols          264
nrows          230
xllcorner      497853.4375
yllcorner      4229146.0000
cellsize         5.
NODATA_value   -99
[rows 102 to 135 of 230, columns 0 to 76 of 264]
3.745 3.806 3.863 3.916 3.967 4.016 4.063 4.109 4.153 4.196 4.236 4.276 4.315 4.354 4.392 4.429 4.465 4.500 4.535 4.569 4.602 4.635 4.666 4.697 4.727 4.756 4.784 4.812 4.838 4.864 4.890 4.915 4.939 4.962 4.983 5.005 5.027 5.049 5.070 5.091 5.112 5.132 5.152 5.172 5.192 5.212 5.231 5.251 5.270 5.290 5.309 5.329 5.348 5.368 5.389 5.409 5.430 5.449 5.470 5.492 5.515 5.538 5.563 5.588 5.614 5.640 5.667 5.695 5.723 5.750 5.778 5.805 5.832 5.858 5.883 5.908 5.931
3.777 3.836 3.891 3.943 3.993 4.041 4.087 4.132 4.175 4.217 4.257 4.296 4.334 4.372 4.410 4.446 4.482 4.517 4.551 4.585 4.618 4.650 4.681 4.712 4.742 4.771 4.799 4.826 4.853 4.879 4.905 4.929 4.953 4.976 4.998 5.020 5.042 5.063 5.084 5.105 5.125 5.146 5.165 5.185 5.205 5.224 5.243 5.263 5.282 5.301 5.320 5.339 5.358 5.377 5.397 5.416 5.435 5.454 5.474 5.494 5.516 5.538 5.560 5.583 5.608 5.633 5.658 5.684 5.711 5.739 5.766 5.793 5.821 5.848 5.874 5.900 5.925
3.807 3.865 3.919 3.970 4.019 4.066 4.111 4.155 4.197 4.238 4.277 4.315 4.354 4.391 4.427 4.463 4.499 4.533 4.567 4.600 4.633 4.665 4.696 4.727 4.756 4.785 4.814 4.841 4.868 4.894 4.919 4.944 4.968 4.990 5.012 5.034 5.056 5.077 5.098 5.118 5.139 5.159 5.178 5.198 5.217 5.236 5.255 5.274 5.293 5.312 5.330 5.349 5.368 5.387 5.405 5.424 5.442 5.460 5.479 5.498 5.518 5.539 5.560 5.581 5.604 5.627 5.651 5.676 5.701 5.727 5.754 5.781 5.808 5.835 5.862 5.889 5.915
3.837 3.893 3.946 3.996 4.044 4.090 4.134 4.177 4.219 4.259 4.297 4.335 4.372 4.409 4.445 4.481 4.515 4.549 4.583 4.616 4.648 4.680 4.711 4.741 4.771 4.800 4.828 4.855 4.882 4.908 4.933 4.958 4.982 5.004 5.026 5.048 5.069 5.091 5.112 5.132 5.152 5.172 5.191 5.211 5.230 5.249 5.267 5.286 5.305 5.323 5.341 5.360 5.378 5.396 5.414 5.433 5.450 5.467 5.485 5.504 5.523 5.542 5.562 5.582 5.603 5.624 5.646 5.669 5.693 5.717 5.742 5.768 5.794 5.821 5.848 5.875 5.902
3.867 3.921 3.972 4.021 4.068 4.113 4.157 4.199 4.240 4.280 4.318 4.354 4.391 4.427 4.463 4.498 4.532 4.566 4.599 4.631 4.663 4.694 4.725 4.755 4.785 4.814 4.842 4.869 4.896 4.922 4.947 4.972 4.996 5.018 5.040 5.062 5.083 5.104 5.125 5.145 5.165 5.185 5.204 5.223 5.242 5.261 5.279 5.298 5.316 5.334 5.352 5.370 5.388 5.406 5.424 5.442 5.459 5.475 5.493 5.510 5.528 5.547 5.565 5.584 5.603 5.623 5.644 5.665 5.687 5.709 5.733 5.757 5.782 5.807 5.834 5.860 5.887
3.895 3.948 3.998 4.046 4.093 4.137 4.180 4.221 4.261 4.301 4.338 4.374 4.410 4.446 4.480 4.515 4.548 4.582 4.614 4.646 4.678 4.709 4.739 4.769 4.799 4.827 4.855 4.883 4.909 4.935 4.961 4.985 5.009 5.032 5.053 5.075 5.097 5.118 5.138 5.159 5.178 5.198 5.217 5.236 5.255 5.273 5.291 5.309 5.327 5.345 5.363 5.381 5.398 5.416 5.433 5.451 5.468 5.484 5.501 5.518 5.535 5.553 5.570 5.588 5.606 5.625 5.644 5.663 5.683 5.704 5.726 5.748 5.771 5.795 5.820 5.845 5.871
3.923 3.975 4.024 4.071 4.117 4.160 4.202 4.243 4.283 4.321 4.357 4.393 4.429 4.464 4.498 4.532 4.565 4.597 4.630 4.661 4.693 4.723 4.754 4.783 4.812 4.841 4.869 4.896 4.923 4.949 4.974 4.999 5.023 5.045 5.067 5.089 5.110 5.131 5.152 5.172 5.192 5.211 5.230 5.249 5.267 5.285 5.303 5.321 5.339 5.356 5.374 5.391 5.409 5.426 5.443 5.460 5.477 5.492 5.509 5.526 5.543 5.559 5.576 5.594 5.611 5.628 5.646 5.664 5.683 5.702 5.721 5.742 5.763 5.785 5.808 5.831 5.856
3.950 4.001 4.049 4.096 4.140 4.183 4.224 4.264 4.303 4.341 4.377 4.412 4.447 4.482 4.515 4.549 4.581 4.613 4.645 4.676 4.707 4.737 4.767 4.797 4.826 4.854 4.882 4.909 4.936 4.962 4.987 5.012 5.036 5.059 5.080 5.102 5.124 5.145 5.165 5.185 5.205 5.224 5.243 5.261 5.279 5.297 5.315 5.333 5.350 5.368 5.385 5.402 5.419 5.436 5.453 5.470 5.486 5.501 5.517 5.534 5.550 5.567 5.583 5.600 5.616 5.633 5.650 5.667 5.684 5.702 5.720 5.739 5.758 5.778 5.799 5.820 5.843
3.977 4.026 4.074 4.120 4.163 4.206 4.246 4.286 4.324 4.361 4.397 4.431 4.466 4.500 4.533 4.565 4.598 4.629 4.660 4.691 4.722 4.752 4.781 4.810 4.839 4.867 4.895 4.922 4.949 4.975 5.000 5.025 5.049 5.071 5.093 5.115 5.137 5.158 5.178 5.198 5.218 5.237 5.255 5.274 5.292 5.310 5.327 5.345 5.362 5.379 5.396 5.413 5.430 5.446 5.463 5.479 5.495 5.510 5.526 5.542 5.558 5.575 5.591 5.607 5.623 5.639 5.655 5.671 5.688 5.704 5.721 5.738 5.756 5.774 5.793 5.813 5.833
4.003 4.051 4.098 4.143 4.186 4.228 4.268 4.307 4.344 4.381 4.416 4.450 4.484 4.517 4.550 4.582 4.614 4.645 4.676 4.706 4.736 4.766 4.795 4.824 4.852 4.880 4.908 4.935 4.961 4.987 5.012 5.037 5.061 5.084 5.106 5.128 5.150 5.171 5.191 5.211 5.231 5.250 5.268 5.287 5.304 5.322 5.339 5.357 5.374 5.390 5.407 5.424 5.440 5.457 5.473 5.489 5.505 5.520 5.535 5.551 5.567 5.582 5.598 5.614 5.630 5.645 5.661 5.677 5.692 5.708 5.724 5.740 5.757 5.773 5.790 5.808 5.827
4.028 4.076 4.122 4.166 4.209 4.250 4.289 4.328 4.365 4.401 4.435 4.469 4.502 4.535 4.567 4.599 4.630 4.661 4.691 4.721 4.750 4.780 4.808 4.837 4.865 4.893 4.920 4.947 4.973 4.999 5.025 5.049 5.074 5.096 5.118 5.140 5.162 5.183 5.204 5.224 5.243 5.262 5.281 5.299 5.317 5.335 5.352 5.369 5.386 5.402 5.419 5.435 5.451 5.467 5.483 5.499 5.514 5.529 5.544 5.560 5.575 5.591 5.606 5.622 5.637 5.652 5.667 5.683 5.698 5.713 5.728 5.744 5.759 5.775 5.791 5.807 5.824
4.053 4.101 4.146 4.189 4.231 4.272 4.311 4.348 4.385 4.420 4.454 4.487 4.520 4.553 4.584 4.616 4.646 4.676 4.706 4.736 4.765 4.793 4.822 4.850 4.878 4.905 4.932 4.959 4.985 5.011 5.037 5.061 5.085 5.108 5.130 5.153 5.174 5.196 5.216 5.236 5.256 5.275 5.294 5.312 5.330 5.347 5.364 5.381 5.398 5.414 5.430 5.446 5.462 5.478 5.494 5.509 5.524 5.538 5.553 5.568 5.584 5.599 5.614 5.629 5.644 5.659 5.674 5.689 5.704 5.719 5.734 5.748 5.763 5.778 5.793 5.808 5.824
4.078 4.124 4.169 4.212 4.253 4.293 4.332 4.369 4.405 4.440 4.473 4.506 4.538 4.570 4.602 4.632 4.662 4.692 4.721 4.750 4.779 4.807 4.835 4.863 4.890 4.918 4.944 4.971 4.997 5.023 5.048 5.073 5.097 5.120 5.142 5.164 5.186 5.208 5.229 5.249 5.268 5.288 5.306 5.324 5.342 5.360 5.377 5.393 5.410 5.426 5.442 5.458 5.473 5.489 5.504 5.520 5.534 5.548 5.563 5.578 5.593 5.607 5.622 5.637 5.652 5.667 5.681 5.696 5.711 5.725 5.739 5.754 5.768 5.782 5.797 5.811 5.826
4.102 4.148 4.192 4.234 4.275 4.314 4.352 4.389 4.425 4.459 4.492 4.524 4.556 4.588 4.619 4.649 4.679 4.708 4.737 4.765 4.793 4.821 4.849 4.876 4.903 4.930 4.956 4.983 5.009 5.034 5.059 5.084 5.108 5.131 5.153 5.176 5.198 5.219 5.240 5.261 5.281 5.300 5.319 5.337 5.355 5.372 5.389 5.406 5.422 5.438 5.454 5.469 5.485 5.500 5.515 5.530 5.544 5.558 5.572 5.587 5.602 5.616 5.631 5.645 5.660 5.674 5.689 5.703 5.717 5.732 5.746 5.760 5.774 5.788 5.802 5.816 5.830
4.127 4.172 4.215 4.256 4.297 4.335 4.373 4.409 4.445 4.478 4.510 4.543 4.574 4.605 4.636 4.665 4.695 4.724 4.752 4.780 4.808 4.835 4.862 4.889 4.916 4.942 4.968 4.994 5.020 5.045 5.070 5.095 5.119 5.141 5.164 5.187 5.209 5.231 5.252 5.272 5.292 5.312 5.331 5.349 5.367 5.384 5.401 5.418 5.434 5.450 5.466 5.481 5.497 5.512 5.527 5.541 5.555 5.568 5.582 5.597 5.611 5.625 5.640 5.654 5.668 5.682 5.696 5.710 5.725 5.739 5.752 5.766 5.780 5.794 5.807 5.821 5.834
4.150 4.195 4.237 4.278 4.318 4.356 4.394 4.429 4.464 4.497 4.529 4.561 4.592 4.623 4.653 4.682 4.711 4.739 4.767 4.795 4.822 4.849 4.876 4.902 4.928 4.954 4.980 5.006 5.031 5.056 5.081 5.106 5.129 5.151 5.174 5.197 5.219 5.241 5.262 5.283 5.303 5.323 5.342 5.361 5.379 5.396 5.414 5.430 5.447 5.463 5.478 5.493 5.509 5.524 5.538 5.553 5.566 5.579 5.593 5.607 5.621 5.635 5.649 5.662 5.676 5.690 5.704 5.718 5.732 5.746 5.759 5.773 5.787 5.800 5.814 5.827 5.840
4.174 4.218 4.260 4.300 4.339 4.377 4.414 4.449 4.484 4.516 4.548 4.579 4.610 4.640 4.670 4.699 4.727 4.755 4.783 4.810 4.837 4.863 4.889 4.915 4.941 4.967 4.992 5.017 5.042 5.067 5.092 5.116 5.139 5.161 5.184 5.207 5.229 5.251 5.273 5.294 5.314 5.334 5.353 5.372 5.390 5.408 5.426 5.442 5.459 5.475 5.490 5.506 5.521 5.536 5.550 5.564 5.577 5.590 5.603 5.617 5.631 5.644 5.658 5.672 5.685 5.699 5.712 5.726 5.739 5.753 5.767 5.780 5.793 5.807 5.820 5.833 5.846
4.197 4.240 4.282 4.322 4.360 4.398 4.434 4.469 4.503 4.535 4.567 4.598 4.628 4.658 4.687 4.716 4.744 4.771 4.798 4.825 4.851 4.877 4.903 4.929 4.954 4.979 5.004 5.029 5.053 5.078 5.102 5.126 5.149 5.171 5.194 5.217 5.239 5.261 5.283 5.304 5.324 5.344 5.364 5.383 5.402 5.420 5.437 5.454 5.471 5.487 5.502 5.518 5.533 5.548 5.562 5.576 5.588 5.601 5.615 5.628 5.641 5.655 5.668 5.681 5.694 5.708 5.721 5.734 5.747 5.761 5.774 5.787 5.800 5.814 5.827 5.840 5.853
4.220 4.263 4.304 4.343 4.382 4.419 4.454 4.489 4.523 4.555 4.585 4.616 4.646 4.676 4.704 4.733 4.760 4.787 4.814 4.840 4.866 4.892 4.917 4.942 4.967 4.991 5.016 5.040 5.064 5.088 5.112 5.136 5.159 5.181 5.204 5.226 5.248 5.270 5.292 5.313 5.334 5.354 5.374 5.393 5.412 5.430 5.448 5.465 5.482 5.498 5.514 5.530 5.545 5.560 5.574 5.587 5.600 5.613 5.626 5.639 5.652 5.665 5.678 5.691 5.704 5.717 5.730 5.743 5.756 5.769 5.782 5.795 5.808 5.821 5.834 5.846 5.859
4.243 4.285 4.326 4.365 4.403 4.439 4.475 4.509 4.542 4.574 4.604 4.635 4.665 4.694 4.722 4.750 4.777 4.804 4.830 4.856 4.881 4.906 4.931 4.956 4.980 5.004 5.028 5.052 5.076 5.099 5.123 5.146 5.169 5.190 5.213 5.235 5.257 5.279 5.301 5.322 5.343 5.363 5.383 5.403 5.422 5.440 5.458 5.476 5.493 5.510 5.526 5.541 5.557 5.572 5.586 5.599 5.612 5.625 5.638 5.651 5.663 5.676 5.689 5.701 5.714 5.726 5.739 5.752 5.764 5.777 5.790 5.802 5.815 5.828 5.841 5.854 5.866
4.266 4.307 4.347 4.386 4.424 4.460 4.495 4.529 4.562 4.593 4.623 4.653 4.683 4.712 4.740 4.767 4.794 4.820 4.846 4.872 4.897 4.921 4.946 4.970 4.994 5.017 5.041 5.064 5.087 5.111 5.134 5.157 5.178 5.200 5.222 5.244 5.266 5.288 5.309 5.331 5.352 5.372 5.392 5.412 5.431 5.450 5.468 5.486 5.503 5.520 5.537 5.553 5.568 5.583 5.598 5.611 5.624 5.637 5.649 5.662 5.675 5.687 5.700 5.712 5.724 5.737 5.749 5.761 5.773 5.786 5.798 5.811 5.823 5.836 5.848 5.861 5.874
4.289 4.330 4.369 4.407 4.444 4.480 4.515 4.549 4.581 4.612 4.642 4.672 4.701 4.730 4.758 4.785 4.811 4.837 4.863 4.888 4.912 4.937 4.961 4.984 5.008 5.031 5.054 5.077 5.099 5.122 5.145 5.167 5.189 5.210 5.231 5.253 5.275 5.296 5.318 5.339 5.360 5.380 5.400 5.420 5.440 5.459 5.477 5.495 5.513 5.530 5.547 5.563 5.579 5.594 5.609 5.623 5.635 5.648 5.661 5.674 5.687 5.699 5.711 5.723 5.735 5.747 5.759 5.771 5.783 5.795 5.807 5.819 5.831 5.844 5.856 5.868 5.881
4.311 4.351 4.391 4.428 4.465 4.501 4.535 4.569 4.601 4.632 4.661 4.691 4.720 4.748 4.776 4.802 4.829 4.854 4.880 4.904 4.929 4.952 4.976 4.999 5.022 5.045 5.067 5.090 5.112 5.134 5.156 5.178 5.199 5.220 5.241 5.262 5.284 5.305 5.326 5.347 5.368 5.388 5.408 5.428 5.448 5.467 5.486 5.504 5.522 5.539 5.556 5.573 5.589 5.605 5.620 5.634 5.647 5.660 5.673 5.686 5.698 5.711 5.723 5.735 5.746 5.758 5.770 5.781 5.793 5.805 5.816 5.828 5.840 5.852 5.864 5.876 5.888
4.333 4.373 4.412 4.449 4.486 4.521 4.555 4.588 4.621 4.651 4.680 4.710 4.739 4.767 4.794 4.820 4.846 4.872 4.897 4.921 4.945 4.969 4.992 5.015 5.037 5.059 5.081 5.103 5.125 5.147 5.168 5.190 5.210 5.230 5.251 5.272 5.293 5.314 5.334 5.355 5.376 5.396 5.416 5.436 5.455 5.475 5.494 5.512 5.530 5.548 5.565 5.582 5.598 5.614 5.630 5.644 5.657 5.671 5.684 5.697 5.710 5.722 5.734 5.746 5.758 5.769 5.781 5.792 5.803 5.815 5.826 5.838 5.849 5.861 5.873 5.884 5.896
4.354 4.394 4.433 4.470 4.506 4.541 4.575 4.608 4.640 4.670 4.700 4.729 4.757 4.785 4.812 4.839 4.864 4.890 4.914 4.938 4.962 4.985 5.008 5.031 5.053 5.074 5.096 5.117 5.139 5.160 5.181 5.202 5.222 5.241 5.261 5.282 5.302 5.323 5.343 5.363 5.383 5.403 5.423 5.443 5.463 5.482 5.501 5.519 5.538 5.556 5.573 5.590 5.607 5.623 5.639 5.654 5.667 5.681 5.695 5.708 5.721 5.733 5.746 5.757 5.769 5.781 5.792 5.803 5.814 5.825 5.836 5.847 5.859 5.870 5.881 5.893 5.905
4.376 4.415 4.453 4.490 4.526 4.561 4.595 4.627 4.659 4.689 4.719 4.748 4.776 4.804 4.831 4.857 4.883 4.908 4.932 4.956 4.979 5.002 5.025 5.047 5.069 5.090 5.111 5.132 5.153 5.174 5.194 5.214 5.234 5.253 5.272 5.292 5.312 5.332 5.352 5.372 5.392 5.411 5.431 5.450 5.470 5.489 5.508 5.526 5.545 5.563 5.581 5.598 5.615 5.632 5.648 5.663 5.677 5.691 5.705 5.718 5.731 5.744 5.757 5.769 5.780 5.792 5.803 5.814 5.825 5.836 5.847 5.858 5.869 5.880 5.891 5.902 5.913
4.397 4.436 4.474 4.510 4.546 4.581 4.614 4.647 4.678 4.708 4.737 4.766 4.795 4.822 4.849 4.875 4.901 4.926 4.950 4.974 4.997 5.020 5.042 5.064 5.085 5.106 5.127 5.148 5.168 5.188 5.208 5.228 5.247 5.265 5.284 5.304 5.323 5.342 5.362 5.381 5.400 5.419 5.438 5.458 5.477 5.496 5.514 5.533 5.551 5.570 5.587 5.605 5.622 5.639 5.656 5.671 5.685 5.699 5.714 5.728 5.741 5.754 5.767 5.779 5.791 5.803 5.814 5.825 5.836 5.847 5.858 5.868 5.879 5.890 5.901 5.911 5.923
4.417 4.456 4.494 4.530 4.566 4.600 4.633 4.666 4.697 4.727 4.756 4.785 4.813 4.841 4.867 4.894 4.919 4.944 4.968 4.992 5.015 5.037 5.059 5.081 5.102 5.123 5.144 5.164 5.184 5.203 5.223 5.242 5.261 5.278 5.297 5.316 5.334 5.353 5.372 5.391 5.409 5.428 5.447 5.465 5.484 5.503 5.521 5.540 5.558 5.576 5.594 5.611 5.629 5.646 5.663 5.678 5.693 5.707 5.722 5.737 5.750 5.764 5.777 5.790 5.802 5.814 5.825 5.836 5.847 5.858 5.869 5.879 5.890 5.900 5.911 5.921 5.932
4.437 4.476 4.513 4.549 4.585 4.619 4.652 4.684 4.716 4.745 4.774 4.803 4.831 4.859 4.886 4.912 4.937 4.962 4.986 5.010 5.033 5.055 5.077 5.099 5.120 5.140 5.161 5.181 5.200 5.220 5.239 5.257 5.275 5.293 5.311 5.329 5.347 5.365 5.383 5.401 5.419 5.437 5.455 5.474 5.492 5.510 5.528 5.546 5.564 5.582 5.600 5.618 5.635 5.652 5.669 5.685 5.700 5.715 5.730 5.744 5.759 5.773 5.786 5.799 5.811 5.824 5.835 5.847 5.858 5.869 5.879 5.890 5.900 5.911 5.921 5.932 5.942
4.456 4.495 4.532 4.568 4.603 4.637 4.670 4.702 4.734 4.763 4.792 4.821 4.849 4.877 4.903 4.930 4.955 4.980 5.004 5.027 5.050 5.073 5.095 5.116 5.137 5.158 5.178 5.198 5.217 5.236 5.255 5.273 5.291 5.308 5.325 5.343 5.360 5.378 5.395 5.413 5.430 5.448 5.465 5.483 5.500 5.518 5.536 5.553 5.571 5.589 5.606 5.624 5.641 5.658 5.675 5.691 5.706 5.721 5.736 5.751 5.766 5.780 5.794 5.808 5.820 5.833 5.845 5.857 5.868 5.879 5.890 5.900 5.911 5.921 5.932 5.942 5.952
4.475 4.513 4.550 4.586 4.621 4.655 4.688 4.720 4.751 4.780 4.810 4.839 4.867 4.894 4.921 4.947 4.972 4.997 5.021 5.045 5.068 5.091 5.113 5.134 5.155 5.176 5.196 5.215 5.235 5.253 5.272 5.290 5.307 5.324 5.341 5.358 5.375 5.392 5.409 5.425 5.442 5.459 5.476 5.493 5.510 5.527 5.544 5.561 5.578 5.595 5.613 5.630 5.647 5.664 5.680 5.696 5.711 5.727 5.742 5.758 5.773 5.787 5.801 5.815 5.829 5.841 5.854 5.866 5.878 5.889 5.900 5.911 5.921 5.932 5.942 5.952 5.962
4.493 4.531 4.568 4.603 4.638 4.672 4.705 4.737 4.768 4.797 4.826 4.855 4.883 4.911 4.938 4.964 4.989 5.014 5.039 5.062 5.085 5.108 5.130 5.152 5.173 5.193 5.213 5.233 5.252 5.271 5.289 5.307 5.324 5.340 5.357 5.374 5.390 5.407 5.423 5.439 5.456 5.472 5.488 5.504 5.520 5.537 5.553 5.569 5.586 5.603 5.619 5.636 5.653 5.670 5.686 5.702 5.717 5.732 5.748 5.763 5.779 5.794 5.808 5.822 5.836 5.849 5.862 5.874 5.886 5.898 5.909 5.921 5.931 5.942 5.952 5.963 5.973
4.511 4.548 4.585 4.620 4.655 4.689 4.722 4.754 4.784 4.813 4.843 4.872 4.900 4.927 4.954 4.980 5.006 5.031 5.055 5.079 5.102 5.125 5.147 5.169 5.190 5.210 5.231 5.250 5.270 5.289 5.307 5.325 5.341 5.358 5.374 5.391 5.407 5.423 5.439 5.454 5.470 5.486 5.501 5.516 5.532 5.548 5.563 5.579 5.595 5.611 5.627 5.643 5.660 5.676 5.692 5.707 5.722 5.738 5.753 5.769 5.784 5.799 5.814 5.828 5.842 5.856 5.869 5.882 5.894 5.907 5.918 5.930 5.941 5.952 5.962 5.973 5.983
4.528 4.565 4.601 4.637 4.671 4.705 4.737 4.769 4.799 4.829 4.858 4.887 4.915 4.943 4.970 4.996 5.022 5.047 5.071 5.095 5.118 5.141 5.164 5.185 5.207 5.227 5.248 5.268 5.287 5.306 5.325 5.342 5.359 5.375 5.392 5.408 5.424 5.440 5.455 5.471 5.486 5.501 5.515 5.530 5.545 5.560 5.575 5.590 5.605 5.620 5.636 5.651 5.667 5.683 5.698 5.713 5.728 5.743 5.758 5.774 5.789 5.804 5.819 5.834 5.848 5.862 5.876 5.889 5.902 5.914 5.926 5.938 5.949 5.961 5.971 5.982 5.992
