version1/TsunamiDB/out54101.asc
ncols          264
nrows          230
xllcorner      497853.4375
yllcorner      4229146.0000
cellsize         5.
NODATA_value   -99
[rows 102 to 135 of 230, columns 154 to 230 of 264]
6.815 6.826 6.837 6.849 6.862 6.876 6.890 6.905 6.921 6.937 6.953 6.970 6.987 7.003 7.020 7.037 7.055 7.071 7.086 7.101 7.116 7.130 7.144 7.157 7.170 7.182 7.194 7.205 7.216 7.227 7.236 7.246 7.255 7.263 7.271 7.280 7.288 7.296 7.305 7.313 7.322 7.330 7.338 7.347 7.355 7.364 7.374 7.384 7.394 7.404 7.415 7.425 7.435 7.446 7.457 7.468 7.480 7.492 7.503 7.514 7.525 7.536 7.550 7.568 7.587 7.609 7.640 7.675 7.717 7.768 7.831 7.905 7.981 8.029 8.081 8.160 8.233
6.823 6.833 6.845 6.857 6.869 6.883 6.897 6.912 6.927 6.943 6.959 6.976 6.992 7.010 7.027 7.044 7.061 7.078 7.094 7.109 7.124 7.139 7.153 7.167 7.180 7.193 7.205 7.217 7.228 7.239 7.249 7.259 7.268 7.277 7.286 7.294 7.302 7.311 7.319 7.328 7.337 7.345 7.353 7.361 7.370 7.378 7.388 7.398 7.408 7.418 7.428 7.438 7.447 7.457 7.468 7.478 7.490 7.501 7.513 7.526 7.539 7.553 7.570 7.591 7.613 7.640 7.673 7.710 7.752 7.802 7.865 7.941 8.020 8.068 8.119 8.198 8.269
6.831 6.841 6.852 6.864 6.876 6.889 6.903 6.917 6.933 6.948 6.964 6.981 6.998 7.015 7.032 7.050 7.068 7.085 7.101 7.116 7.132 7.147 7.162 7.176 7.190 7.203 7.216 7.228 7.240 7.251 7.262 7.272 7.281 7.290 7.299 7.308 7.316 7.325 7.334 7.342 7.351 7.359 7.367 7.375 7.383 7.392 7.401 7.411 7.421 7.432 7.442 7.451 7.459 7.469 7.478 7.488 7.499 7.511 7.523 7.538 7.554 7.571 7.591 7.615 7.640 7.670 7.707 7.747 7.789 7.839 7.901 7.976 8.058 8.107 8.158 8.235 8.303
6.839 6.849 6.860 6.871 6.883 6.896 6.909 6.923 6.938 6.954 6.970 6.986 7.003 7.020 7.038 7.056 7.073 7.091 7.107 7.123 7.139 7.155 7.170 7.184 7.199 7.212 7.226 7.239 7.251 7.262 7.273 7.284 7.294 7.303 7.312 7.321 7.330 7.338 7.347 7.356 7.364 7.372 7.380 7.388 7.396 7.405 7.414 7.424 7.434 7.444 7.454 7.463 7.470 7.479 7.488 7.497 7.508 7.520 7.534 7.552 7.571 7.591 7.615 7.641 7.668 7.702 7.742 7.783 7.827 7.877 7.936 8.013 8.101 8.150 8.199 8.273 8.339
6.848 6.857 6.867 6.878 6.890 6.902 6.915 6.929 6.944 6.959 6.975 6.991 7.008 7.025 7.043 7.061 7.079 7.096 7.113 7.129 7.146 7.162 7.177 7.192 7.207 7.221 7.235 7.248 7.261 7.273 7.284 7.295 7.305 7.315 7.324 7.334 7.343 7.351 7.360 7.369 7.377 7.385 7.393 7.401 7.409 7.417 7.426 7.436 7.446 7.457 7.466 7.473 7.480 7.488 7.497 7.506 7.517 7.530 7.547 7.567 7.589 7.613 7.640 7.668 7.697 7.734 7.776 7.820 7.867 7.917 7.975 8.061 8.153 8.196 8.241 8.312 8.374
6.856 6.865 6.875 6.885 6.897 6.908 6.921 6.935 6.949 6.964 6.980 6.996 7.013 7.030 7.048 7.065 7.084 7.101 7.118 7.135 7.152 7.168 7.184 7.200 7.215 7.229 7.244 7.257 7.270 7.283 7.295 7.306 7.316 7.326 7.336 7.345 7.355 7.364 7.372 7.381 7.390 7.397 7.405 7.412 7.421 7.429 7.438 7.448 7.458 7.468 7.476 7.483 7.489 7.498 7.506 7.516 7.528 7.543 7.561 7.583 7.608 7.636 7.666 7.696 7.727 7.768 7.813 7.861 7.910 7.964 8.031 8.118 8.200 8.240 8.283 8.349 8.406
6.865 6.874 6.883 6.893 6.904 6.915 6.927 6.940 6.954 6.969 6.984 7.001 7.017 7.034 7.052 7.070 7.088 7.106 7.123 7.140 7.157 7.174 7.190 7.206 7.222 7.237 7.252 7.266 7.279 7.292 7.304 7.316 7.327 7.337 7.347 7.357 7.366 7.375 7.384 7.393 7.401 7.409 7.416 7.424 7.432 7.440 7.449 7.459 7.469 7.478 7.486 7.492 7.499 7.508 7.516 7.526 7.540 7.557 7.577 7.601 7.629 7.660 7.695 7.726 7.759 7.803 7.853 7.905 7.959 8.020 8.092 8.171 8.244 8.282 8.322 8.383 8.436
6.873 6.882 6.891 6.900 6.911 6.922 6.933 6.946 6.960 6.974 6.989 7.005 7.021 7.038 7.056 7.074 7.092 7.110 7.128 7.145 7.162 7.179 7.196 7.212 7.228 7.244 7.259 7.274 7.287 7.301 7.313 7.325 7.337 7.347 7.358 7.367 7.377 7.386 7.395 7.404 7.413 7.420 7.427 7.435 7.442 7.451 7.460 7.469 7.478 7.487 7.495 7.502 7.509 7.518 7.527 7.539 7.553 7.572 7.594 7.620 7.651 7.686 7.724 7.757 7.793 7.843 7.897 7.952 8.013 8.078 8.149 8.221 8.287 8.322 8.359 8.415 8.463
6.882 6.890 6.899 6.908 6.918 6.928 6.940 6.952 6.965 6.979 6.994 7.009 7.025 7.042 7.060 7.078 7.096 7.114 7.132 7.150 7.167 7.184 7.201 7.218 7.234 7.250 7.266 7.281 7.295 7.309 7.322 7.334 7.346 7.357 7.367 7.377 7.387 7.396 7.406 7.415 7.423 7.430 7.437 7.445 7.452 7.460 7.469 7.478 7.487 7.496 7.504 7.511 7.519 7.528 7.539 7.552 7.568 7.589 7.612 7.640 7.674 7.714 7.756 7.792 7.830 7.885 7.943 8.005 8.068 8.134 8.203 8.269 8.328 8.360 8.394 8.444 8.488
6.891 6.898 6.907 6.915 6.925 6.935 6.946 6.957 6.970 6.984 6.998 7.013 7.029 7.046 7.063 7.081 7.100 7.118 7.136 7.153 7.171 7.189 7.206 7.223 7.240 7.256 7.272 7.288 7.302 7.316 7.330 7.342 7.354 7.366 7.376 7.387 7.397 7.406 7.416 7.425 7.433 7.440 7.447 7.454 7.462 7.469 7.477 7.486 7.495 7.504 7.513 7.521 7.530 7.540 7.552 7.566 7.584 7.607 7.632 7.662 7.699 7.743 7.791 7.829 7.870 7.929 7.992 8.058 8.122 8.188 8.253 8.313 8.366 8.395 8.426 8.471 8.511
6.899 6.907 6.915 6.923 6.932 6.941 6.952 6.963 6.975 6.988 7.002 7.017 7.033 7.049 7.067 7.085 7.103 7.121 7.139 7.157 7.175 7.193 7.210 7.228 7.245 7.262 7.278 7.294 7.309 7.323 7.337 7.350 7.362 7.374 7.385 7.395 7.406 7.415 7.425 7.434 7.443 7.449 7.456 7.463 7.470 7.477 7.485 7.494 7.503 7.512 7.522 7.531 7.541 7.552 7.565 7.581 7.602 7.626 7.653 7.685 7.726 7.775 7.828 7.868 7.912 7.977 8.043 8.109 8.174 8.238 8.299 8.355 8.402 8.429 8.457 8.497 8.533
6.908 6.915 6.922 6.930 6.939 6.948 6.958 6.969 6.980 6.993 7.007 7.021 7.036 7.053 7.070 7.088 7.106 7.124 7.142 7.160 7.178 7.196 7.214 7.232 7.249 7.266 7.283 7.299 7.315 7.330 7.344 7.357 7.370 7.381 7.393 7.403 7.414 7.424 7.434 7.443 7.451 7.458 7.464 7.471 7.477 7.484 7.492 7.501 7.511 7.521 7.531 7.542 7.553 7.565 7.579 7.598 7.620 7.646 7.675 7.710 7.755 7.809 7.868 7.910 7.956 8.024 8.092 8.158 8.222 8.284 8.341 8.392 8.435 8.460 8.485 8.521 8.553
6.916 6.923 6.930 6.938 6.946 6.954 6.964 6.974 6.985 6.997 7.011 7.025 7.040 7.056 7.073 7.090 7.109 7.127 7.145 7.163 7.181 7.199 7.217 7.235 7.253 7.271 7.288 7.304 7.320 7.335 7.350 7.363 7.376 7.388 7.400 7.411 7.421 7.432 7.442 7.451 7.459 7.465 7.471 7.478 7.484 7.491 7.499 7.508 7.518 7.529 7.541 7.553 7.565 7.578 7.594 7.614 7.639 7.667 7.698 7.737 7.785 7.843 7.906 7.951 8.000 8.070 8.138 8.204 8.267 8.326 8.381 8.428 8.468 8.490 8.512 8.544 8.574
6.924 6.931 6.938 6.945 6.952 6.961 6.970 6.979 6.990 7.002 7.015 7.028 7.043 7.059 7.075 7.093 7.111 7.129 7.147 7.165 7.183 7.201 7.220 7.238 7.256 7.274 7.291 7.308 7.325 7.340 7.355 7.369 7.382 7.394 7.406 7.418 7.428 7.439 7.449 7.459 7.466 7.472 7.478 7.484 7.490 7.497 7.505 7.514 7.525 7.537 7.551 7.564 7.577 7.592 7.609 7.632 7.659 7.689 7.724 7.766 7.817 7.880 7.950 7.997 8.046 8.117 8.185 8.251 8.311 8.369 8.420 8.464 8.500 8.519 8.539 8.568 8.594
6.932 6.938 6.945 6.951 6.959 6.967 6.975 6.985 6.995 7.006 7.018 7.032 7.046 7.061 7.078 7.095 7.113 7.131 7.148 7.166 7.185 7.203 7.222 7.240 7.259 7.277 7.295 7.312 7.328 7.344 7.359 7.374 7.387 7.400 7.412 7.423 7.435 7.445 7.456 7.465 7.472 7.478 7.483 7.489 7.495 7.502 7.510 7.520 7.532 7.546 7.561 7.575 7.590 7.607 7.626 7.650 7.680 7.713 7.753 7.798 7.853 7.924 7.999 8.044 8.092 8.163 8.231 8.295 8.354 8.408 8.457 8.497 8.528 8.546 8.564 8.590 8.614
6.939 6.945 6.951 6.958 6.965 6.972 6.981 6.990 6.999 7.010 7.022 7.035 7.049 7.064 7.080 7.097 7.115 7.132 7.150 7.168 7.186 7.205 7.223 7.242 7.261 7.279 7.297 7.314 7.331 7.348 7.363 7.378 7.391 7.404 7.417 7.429 7.440 7.451 7.461 7.470 7.477 7.483 7.488 7.494 7.500 7.507 7.516 7.527 7.540 7.555 7.571 7.587 7.604 7.623 7.644 7.671 7.704 7.742 7.785 7.836 7.899 7.973 8.045 8.089 8.137 8.207 8.274 8.337 8.394 8.445 8.490 8.526 8.556 8.573 8.589 8.612 8.633
6.945 6.951 6.957 6.964 6.971 6.978 6.986 6.994 7.004 7.014 7.025 7.038 7.051 7.066 7.082 7.099 7.116 7.133 7.151 7.169 7.187 7.205 7.224 7.243 7.262 7.280 7.298 7.316 7.333 7.350 7.366 7.381 7.395 7.408 7.420 7.433 7.444 7.455 7.466 7.474 7.481 7.487 7.492 7.498 7.505 7.512 7.522 7.534 7.548 7.564 7.581 7.600 7.620 7.640 7.664 7.694 7.732 7.774 7.822 7.880 7.947 8.021 8.090 8.133 8.180 8.249 8.315 8.376 8.430 8.479 8.521 8.555 8.583 8.598 8.612 8.633 8.652
6.951 6.957 6.963 6.969 6.976 6.983 6.990 6.998 7.007 7.017 7.028 7.040 7.054 7.068 7.083 7.100 7.117 7.134 7.151 7.169 7.187 7.206 7.224 7.243 7.262 7.281 7.299 7.317 7.335 7.352 7.368 7.383 7.397 7.410 7.423 7.435 7.447 7.458 7.469 7.477 7.484 7.490 7.495 7.502 7.510 7.518 7.528 7.541 7.556 7.573 7.592 7.613 7.637 7.660 7.686 7.722 7.764 7.810 7.864 7.926 7.995 8.066 8.133 8.175 8.220 8.289 8.353 8.412 8.465 8.510 8.550 8.582 8.608 8.622 8.634 8.653 8.670
6.956 6.962 6.968 6.974 6.981 6.987 6.995 7.002 7.011 7.020 7.031 7.043 7.055 7.069 7.084 7.101 7.117 7.134 7.151 7.169 7.187 7.205 7.224 7.243 7.262 7.281 7.299 7.318 7.335 7.352 7.368 7.384 7.398 7.412 7.425 7.437 7.449 7.460 7.471 7.480 7.487 7.493 7.499 7.506 7.514 7.523 7.535 7.548 7.564 7.582 7.604 7.629 7.656 7.683 7.713 7.754 7.800 7.852 7.909 7.972 8.040 8.109 8.175 8.215 8.259 8.326 8.388 8.446 8.496 8.540 8.577 8.608 8.632 8.644 8.656 8.673 8.687
6.961 6.967 6.973 6.979 6.985 6.991 6.998 7.006 7.014 7.023 7.033 7.045 7.057 7.071 7.085 7.101 7.118 7.134 7.151 7.168 7.186 7.205 7.223 7.242 7.261 7.280 7.299 7.317 7.335 7.352 7.369 7.384 7.398 7.412 7.425 7.438 7.449 7.461 7.471 7.481 7.489 7.495 7.502 7.510 7.519 7.528 7.541 7.555 7.573 7.593 7.617 7.646 7.679 7.709 7.743 7.788 7.840 7.895 7.953 8.016 8.083 8.150 8.215 8.254 8.296 8.361 8.422 8.478 8.526 8.569 8.604 8.633 8.655 8.666 8.676 8.691 8.703
6.965 6.971 6.976 6.982 6.988 6.995 7.002 7.009 7.017 7.026 7.035 7.046 7.058 7.071 7.086 7.101 7.117 7.133 7.150 7.168 7.185 7.204 7.222 7.241 7.260 7.279 7.297 7.316 7.334 7.351 7.368 7.383 7.398 7.411 7.424 7.437 7.449 7.460 7.471 7.481 7.490 7.497 7.504 7.513 7.523 7.533 7.547 7.563 7.582 7.604 7.632 7.666 7.704 7.738 7.775 7.826 7.882 7.939 7.998 8.059 8.124 8.190 8.253 8.291 8.332 8.396 8.455 8.508 8.555 8.596 8.630 8.656 8.676 8.686 8.694 8.707 8.718
6.968 6.974 6.980 6.985 6.991 6.998 7.004 7.011 7.019 7.027 7.037 7.047 7.059 7.072 7.086 7.101 7.117 7.133 7.149 7.166 7.184 7.202 7.221 7.239 7.258 7.277 7.296 7.314 7.332 7.350 7.366 7.381 7.396 7.409 7.422 7.435 7.447 7.459 7.470 7.481 7.490 7.498 7.506 7.516 7.526 7.538 7.553 7.571 7.592 7.617 7.650 7.689 7.732 7.769 7.810 7.866 7.923 7.982 8.040 8.100 8.163 8.228 8.291 8.328 8.367 8.429 8.486 8.537 8.581 8.621 8.653 8.678 8.695 8.703 8.710 8.721 8.731
6.970 6.976 6.982 6.988 6.994 7.000 7.006 7.013 7.021 7.029 7.038 7.048 7.059 7.072 7.085 7.100 7.116 7.131 7.148 7.165 7.182 7.200 7.218 7.237 7.256 7.275 7.293 7.312 7.330 7.347 7.364 7.379 7.393 7.406 7.419 7.432 7.444 7.456 7.468 7.480 7.490 7.499 7.507 7.518 7.530 7.543 7.559 7.579 7.603 7.632 7.669 7.712 7.761 7.802 7.846 7.904 7.964 8.024 8.082 8.140 8.201 8.264 8.327 8.363 8.402 8.461 8.515 8.564 8.606 8.644 8.675 8.698 8.713 8.719 8.725 8.735 8.744
6.972 6.978 6.984 6.989 6.995 7.001 7.008 7.015 7.022 7.030 7.039 7.048 7.059 7.071 7.085 7.099 7.114 7.130 7.146 7.163 7.180 7.198 7.216 7.235 7.253 7.272 7.291 7.309 7.327 7.344 7.361 7.375 7.389 7.403 7.415 7.428 7.440 7.453 7.466 7.478 7.490 7.499 7.508 7.519 7.533 7.547 7.566 7.589 7.616 7.650 7.690 7.739 7.794 7.838 7.884 7.945 8.006 8.066 8.123 8.181 8.239 8.301 8.365 8.401 8.437 8.493 8.545 8.590 8.630 8.666 8.697 8.718 8.729 8.734 8.739 8.748 8.756
6.973 6.979 6.984 6.990 6.996 7.002 7.009 7.015 7.022 7.030 7.038 7.048 7.059 7.070 7.083 7.098 7.113 7.128 7.144 7.160 7.177 7.195 7.213 7.232 7.250 7.269 7.287 7.306 7.324 7.341 7.357 7.371 7.385 7.398 7.410 7.423 7.436 7.449 7.463 7.476 7.488 7.498 7.507 7.521 7.536 7.553 7.575 7.600 7.632 7.670 7.715 7.772 7.831 7.875 7.922 7.985 8.047 8.107 8.165 8.221 8.277 8.342 8.407 8.439 8.472 8.525 8.573 8.615 8.653 8.687 8.717 8.733 8.741 8.746 8.751 8.759 8.767
6.973 6.979 6.985 6.990 6.996 7.002 7.009 7.015 7.022 7.030 7.038 7.047 7.057 7.069 7.082 7.096 7.110 7.125 7.141 7.157 7.175 7.192 7.210 7.228 7.247 7.266 7.284 7.302 7.320 7.337 7.353 7.367 7.380 7.393 7.405 7.418 7.431 7.445 7.459 7.473 7.485 7.496 7.508 7.523 7.540 7.560 7.586 7.616 7.652 7.695 7.748 7.809 7.869 7.913 7.961 8.025 8.088 8.149 8.207 8.263 8.322 8.386 8.445 8.475 8.506 8.556 8.600 8.639 8.674 8.705 8.730 8.744 8.753 8.757 8.761 8.770 8.778
6.972 6.978 6.984 6.990 6.996 7.002 7.008 7.014 7.021 7.028 7.037 7.046 7.056 7.067 7.080 7.093 7.108 7.123 7.138 7.154 7.171 7.189 7.207 7.225 7.243 7.262 7.280 7.299 7.316 7.333 7.348 7.362 7.375 7.388 7.400 7.413 7.426 7.440 7.455 7.469 7.482 7.495 7.509 7.527 7.547 7.570 7.600 7.635 7.676 7.725 7.782 7.845 7.906 7.951 7.999 8.064 8.129 8.191 8.250 8.309 8.368 8.428 8.481 8.509 8.538 8.584 8.624 8.661 8.692 8.720 8.741 8.754 8.764 8.768 8.772 8.780 8.789
6.970 6.976 6.982 6.988 6.994 7.000 7.006 7.013 7.020 7.027 7.035 7.044 7.053 7.064 7.077 7.090 7.105 7.119 7.135 7.151 7.168 7.185 7.203 7.221 7.240 7.258 7.277 7.295 7.312 7.329 7.344 7.358 7.370 7.383 7.395 7.407 7.421 7.435 7.450 7.464 7.479 7.495 7.512 7.533 7.556 7.584 7.618 7.658 7.704 7.757 7.818 7.882 7.943 7.989 8.037 8.104 8.170 8.233 8.294 8.354 8.412 8.467 8.516 8.541 8.568 8.609 8.647 8.680 8.708 8.732 8.750 8.764 8.774 8.778 8.782 8.791 8.801
6.966 6.973 6.979 6.985 6.992 6.998 7.004 7.011 7.017 7.024 7.032 7.041 7.051 7.061 7.074 7.087 7.101 7.115 7.131 7.147 7.164 7.181 7.199 7.217 7.236 7.254 7.273 7.291 7.308 7.325 7.340 7.353 7.365 7.378 7.390 7.402 7.416 7.430 7.445 7.461 7.477 7.496 7.517 7.541 7.568 7.601 7.639 7.684 7.734 7.790 7.853 7.917 7.981 8.027 8.076 8.145 8.212 8.277 8.339 8.398 8.454 8.505 8.549 8.572 8.596 8.633 8.667 8.697 8.721 8.742 8.759 8.772 8.783 8.788 8.792 8.802 8.812
6.962 6.969 6.975 6.982 6.988 6.995 7.001 7.007 7.014 7.021 7.029 7.037 7.047 7.058 7.070 7.083 7.097 7.111 7.127 7.143 7.159 7.177 7.195 7.213 7.232 7.250 7.269 7.287 7.305 7.321 7.336 7.349 7.361 7.373 7.385 7.397 7.410 7.425 7.441 7.458 7.477 7.499 7.525 7.552 7.582 7.620 7.664 7.713 7.765 7.823 7.886 7.953 8.019 8.066 8.116 8.185 8.254 8.320 8.381 8.440 8.493 8.540 8.580 8.601 8.623 8.656 8.685 8.712 8.734 8.752 8.768 8.781 8.793 8.797 8.802 8.813 8.824
6.956 6.963 6.970 6.977 6.984 6.990 6.997 7.003 7.010 7.017 7.025 7.033 7.043 7.054 7.066 7.079 7.093 7.107 7.122 7.138 7.155 7.172 7.191 7.209 7.228 7.246 7.265 7.283 7.301 7.318 7.333 7.345 7.357 7.368 7.380 7.392 7.405 7.421 7.438 7.456 7.479 7.505 7.534 7.565 7.599 7.642 7.690 7.742 7.797 7.856 7.920 7.989 8.057 8.105 8.155 8.227 8.297 8.362 8.423 8.479 8.530 8.573 8.608 8.627 8.647 8.676 8.702 8.726 8.745 8.762 8.777 8.790 8.802 8.807 8.812 8.824 8.836
6.949 6.956 6.964 6.971 6.978 6.985 6.992 6.999 7.006 7.013 7.020 7.029 7.038 7.049 7.061 7.074 7.088 7.102 7.117 7.133 7.150 7.168 7.186 7.205 7.223 7.242 7.261 7.280 7.298 7.315 7.329 7.342 7.353 7.364 7.376 7.388 7.401 7.417 7.436 7.457 7.483 7.513 7.547 7.581 7.618 7.665 7.717 7.771 7.828 7.887 7.954 8.025 8.096 8.144 8.196 8.269 8.337 8.402 8.461 8.515 8.563 8.603 8.634 8.651 8.669 8.694 8.717 8.738 8.756 8.771 8.786 8.799 8.812 8.817 8.822 8.835 8.848
6.940 6.948 6.956 6.964 6.972 6.979 6.986 6.993 7.000 7.007 7.015 7.024 7.033 7.044 7.056 7.069 7.082 7.096 7.112 7.128 7.145 7.163 7.181 7.200 7.219 7.239 7.258 7.277 7.295 7.312 7.327 7.339 7.350 7.361 7.373 7.384 7.398 7.415 7.435 7.460 7.490 7.523 7.560 7.597 7.638 7.688 7.743 7.800 7.858 7.920 7.987 8.059 8.133 8.183 8.235 8.308 8.376 8.439 8.496 8.549 8.594 8.631 8.659 8.674 8.689 8.712 8.733 8.751 8.767 8.781 8.795 8.808 8.821 8.827 8.833 8.846 8.859
6.929 6.939 6.947 6.956 6.964 6.972 6.979 6.987 6.994 7.002 7.009 7.018 7.027 7.038 7.050 7.063 7.076 7.091 7.106 7.123 7.140 7.158 7.177 7.196 7.215 7.235 7.255 7.274 7.293 7.310 7.325 7.337 7.347 7.358 7.370 7.382 7.396 7.415 7.437 7.465 7.498 7.536 7.577 7.616 7.659 7.713 7.770 7.830 7.890 7.953 8.020 8.095 8.174 8.225 8.276 8.348 8.415 8.476 8.531 8.582 8.625 8.659 8.683 8.696 8.709 8.729 8.747 8.764 8.778 8.792 8.804 8.818 8.831 8.837 8.843 8.857 8.871
