version1/TsunamiDB/out54069.asc
ncols          264
nrows          230
xllcorner      497853.4375
yllcorner      4229146.0000
cellsize         5.
NODATA_value   -99
[rows 33 to 65 of 230, columns 150 to 224 of 264]
5.721 5.741 5.759 5.777 5.797 5.816 5.836 5.856 5.875 5.895 5.914 5.933 5.951 5.969 5.986 6.002 6.018 6.033 6.047 6.060 6.073 6.085 6.096 6.107 6.118 6.128 6.137 6.147 6.158 6.169 6.180 6.192 6.204 6.217 6.229 6.242 6.255 6.268 6.281 6.294 6.307 6.319 6.332 6.344 6.357 6.370 6.382 6.395 6.407 6.419 6.432 6.445 6.459 6.473 6.487 6.501 6.515 6.529 6.543 6.556 6.569 6.581 6.593 6.603 6.613 6.622 6.630 6.638 6.645 6.652 6.660 6.667 6.675 6.685 6.697
5.727 5.746 5.764 5.782 5.801 5.820 5.839 5.858 5.878 5.897 5.917 5.936 5.954 5.973 5.990 6.007 6.024 6.040 6.054 6.069 6.082 6.095 6.106 6.118 6.129 6.139 6.148 6.158 6.168 6.179 6.189 6.201 6.212 6.224 6.236 6.248 6.260 6.273 6.286 6.298 6.311 6.323 6.336 6.348 6.360 6.373 6.386 6.399 6.411 6.423 6.436 6.449 6.463 6.477 6.491 6.505 6.520 6.534 6.548 6.562 6.575 6.588 6.600 6.611 6.621 6.630 6.638 6.646 6.653 6.660 6.667 6.674 6.681 6.689 6.701
5.735 5.753 5.770 5.787 5.805 5.824 5.843 5.861 5.881 5.900 5.919 5.938 5.957 5.975 5.993 6.011 6.028 6.045 6.060 6.075 6.090 6.103 6.116 6.128 6.139 6.149 6.159 6.168 6.178 6.189 6.199 6.209 6.220 6.231 6.243 6.255 6.266 6.278 6.291 6.303 6.315 6.327 6.339 6.352 6.364 6.377 6.389 6.402 6.414 6.426 6.439 6.452 6.466 6.480 6.494 6.509 6.524 6.538 6.552 6.567 6.580 6.593 6.606 6.617 6.628 6.637 6.646 6.654 6.661 6.668 6.674 6.680 6.686 6.694 6.705
5.742 5.760 5.777 5.793 5.811 5.829 5.847 5.865 5.884 5.902 5.921 5.940 5.959 5.977 5.996 6.014 6.031 6.049 6.065 6.081 6.096 6.110 6.123 6.136 6.148 6.159 6.168 6.178 6.188 6.198 6.208 6.219 6.229 6.240 6.250 6.261 6.273 6.284 6.296 6.308 6.320 6.332 6.344 6.356 6.368 6.380 6.393 6.405 6.417 6.429 6.442 6.455 6.469 6.483 6.498 6.512 6.527 6.542 6.556 6.571 6.585 6.598 6.611 6.623 6.634 6.644 6.653 6.661 6.669 6.675 6.682 6.687 6.693 6.700 6.709
5.751 5.768 5.785 5.801 5.817 5.835 5.852 5.870 5.888 5.906 5.924 5.942 5.961 5.979 5.998 6.016 6.034 6.051 6.068 6.085 6.100 6.115 6.129 6.143 6.156 6.167 6.177 6.187 6.198 6.208 6.218 6.228 6.238 6.248 6.258 6.269 6.280 6.291 6.302 6.313 6.325 6.336 6.348 6.360 6.372 6.384 6.396 6.409 6.421 6.432 6.445 6.458 6.472 6.486 6.501 6.515 6.530 6.545 6.560 6.575 6.589 6.603 6.616 6.628 6.640 6.651 6.660 6.669 6.676 6.683 6.689 6.694 6.699 6.706 6.715
5.760 5.777 5.793 5.808 5.825 5.841 5.858 5.875 5.892 5.910 5.927 5.945 5.963 5.981 5.999 6.018 6.036 6.053 6.071 6.087 6.104 6.119 6.134 6.148 6.162 6.174 6.185 6.195 6.206 6.216 6.226 6.236 6.246 6.256 6.266 6.276 6.287 6.297 6.308 6.319 6.330 6.341 6.353 6.364 6.376 6.388 6.400 6.412 6.424 6.435 6.448 6.461 6.475 6.489 6.503 6.518 6.533 6.548 6.563 6.578 6.593 6.607 6.620 6.633 6.645 6.656 6.666 6.675 6.683 6.691 6.697 6.702 6.707 6.713 6.721
5.768 5.785 5.801 5.817 5.833 5.849 5.865 5.881 5.898 5.915 5.931 5.949 5.966 5.984 6.001 6.019 6.037 6.055 6.072 6.089 6.106 6.122 6.138 6.153 6.167 6.179 6.191 6.202 6.213 6.224 6.234 6.244 6.254 6.264 6.274 6.284 6.294 6.304 6.314 6.325 6.336 6.347 6.358 6.369 6.380 6.392 6.404 6.416 6.427 6.439 6.451 6.464 6.478 6.492 6.506 6.521 6.536 6.551 6.566 6.581 6.596 6.611 6.625 6.638 6.650 6.662 6.673 6.682 6.691 6.699 6.705 6.710 6.715 6.722 6.730
5.777 5.794 5.810 5.825 5.841 5.857 5.873 5.888 5.904 5.920 5.937 5.953 5.970 5.987 6.004 6.021 6.039 6.056 6.073 6.091 6.108 6.124 6.140 6.155 6.170 6.183 6.196 6.208 6.219 6.231 6.241 6.252 6.262 6.272 6.281 6.291 6.301 6.311 6.321 6.331 6.342 6.352 6.363 6.374 6.385 6.396 6.408 6.420 6.431 6.442 6.454 6.467 6.480 6.494 6.508 6.523 6.538 6.553 6.569 6.584 6.599 6.614 6.628 6.642 6.655 6.668 6.679 6.689 6.699 6.707 6.714 6.719 6.725 6.731 6.739
5.784 5.802 5.818 5.833 5.849 5.865 5.881 5.896 5.911 5.927 5.942 5.958 5.974 5.990 6.007 6.024 6.040 6.058 6.075 6.092 6.109 6.125 6.142 6.157 6.173 6.186 6.199 6.212 6.224 6.236 6.247 6.258 6.268 6.278 6.288 6.298 6.308 6.318 6.328 6.338 6.348 6.358 6.368 6.379 6.390 6.401 6.412 6.424 6.434 6.445 6.457 6.470 6.483 6.497 6.511 6.526 6.540 6.556 6.571 6.587 6.602 6.617 6.632 6.647 6.661 6.674 6.686 6.697 6.707 6.716 6.723 6.729 6.735 6.742 6.750
5.792 5.809 5.826 5.841 5.857 5.873 5.889 5.904 5.919 5.934 5.949 5.964 5.979 5.995 6.011 6.027 6.043 6.059 6.076 6.093 6.110 6.126 6.143 6.159 6.174 6.188 6.201 6.215 6.228 6.240 6.252 6.263 6.274 6.284 6.295 6.304 6.314 6.324 6.334 6.344 6.354 6.364 6.374 6.385 6.395 6.406 6.417 6.428 6.438 6.449 6.461 6.473 6.486 6.500 6.514 6.528 6.543 6.558 6.574 6.590 6.605 6.621 6.636 6.651 6.666 6.680 6.692 6.704 6.715 6.725 6.734 6.740 6.747 6.754 6.762
5.798 5.816 5.833 5.849 5.865 5.881 5.897 5.912 5.927 5.942 5.956 5.971 5.986 6.000 6.015 6.031 6.046 6.062 6.078 6.094 6.111 6.127 6.143 6.159 6.175 6.189 6.203 6.217 6.230 6.243 6.256 6.267 6.279 6.290 6.300 6.310 6.320 6.330 6.340 6.350 6.360 6.370 6.380 6.390 6.401 6.412 6.422 6.433 6.442 6.453 6.465 6.477 6.490 6.503 6.517 6.531 6.546 6.561 6.577 6.593 6.609 6.625 6.641 6.656 6.672 6.686 6.700 6.713 6.725 6.736 6.745 6.752 6.760 6.767 6.774
5.804 5.822 5.839 5.856 5.872 5.888 5.904 5.920 5.935 5.949 5.964 5.978 5.992 6.007 6.021 6.035 6.050 6.065 6.081 6.096 6.112 6.128 6.144 6.160 6.176 6.190 6.204 6.218 6.232 6.245 6.258 6.271 6.283 6.294 6.305 6.315 6.326 6.336 6.346 6.356 6.366 6.376 6.386 6.396 6.407 6.417 6.428 6.438 6.447 6.458 6.469 6.481 6.494 6.507 6.520 6.535 6.549 6.565 6.580 6.597 6.613 6.629 6.646 6.662 6.678 6.693 6.708 6.722 6.735 6.747 6.757 6.765 6.773 6.780 6.788
5.809 5.828 5.845 5.862 5.879 5.895 5.911 5.927 5.942 5.957 5.971 5.986 6.000 6.013 6.027 6.041 6.055 6.070 6.084 6.099 6.115 6.130 6.146 6.162 6.177 6.190 6.205 6.219 6.233 6.247 6.260 6.273 6.286 6.298 6.309 6.320 6.331 6.341 6.352 6.362 6.372 6.382 6.392 6.403 6.413 6.423 6.434 6.444 6.453 6.463 6.474 6.486 6.498 6.511 6.525 6.539 6.554 6.569 6.585 6.601 6.618 6.634 6.651 6.668 6.685 6.701 6.717 6.731 6.745 6.758 6.769 6.779 6.787 6.795 6.802
5.814 5.833 5.850 5.867 5.885 5.902 5.918 5.934 5.949 5.964 5.979 5.993 6.007 6.021 6.034 6.048 6.061 6.075 6.089 6.103 6.118 6.133 6.148 6.163 6.178 6.191 6.206 6.220 6.235 6.249 6.262 6.276 6.288 6.301 6.313 6.324 6.335 6.346 6.357 6.368 6.378 6.388 6.399 6.409 6.419 6.430 6.440 6.450 6.460 6.470 6.481 6.492 6.504 6.517 6.530 6.544 6.559 6.574 6.590 6.606 6.623 6.641 6.658 6.675 6.693 6.710 6.726 6.742 6.757 6.771 6.783 6.793 6.802 6.810 6.817
5.818 5.837 5.855 5.872 5.890 5.907 5.924 5.940 5.956 5.972 5.986 6.001 6.015 6.028 6.042 6.055 6.068 6.081 6.095 6.108 6.122 6.137 6.151 6.166 6.180 6.193 6.207 6.222 6.236 6.250 6.264 6.278 6.291 6.304 6.316 6.328 6.340 6.351 6.362 6.373 6.384 6.395 6.405 6.416 6.426 6.437 6.448 6.457 6.467 6.477 6.488 6.499 6.511 6.523 6.537 6.550 6.565 6.580 6.596 6.613 6.630 6.648 6.666 6.684 6.701 6.719 6.737 6.753 6.769 6.784 6.797 6.807 6.817 6.825 6.833
5.823 5.842 5.859 5.877 5.895 5.913 5.930 5.947 5.963 5.978 5.993 6.008 6.022 6.036 6.049 6.062 6.075 6.088 6.101 6.114 6.128 6.141 6.155 6.170 6.183 6.196 6.210 6.224 6.239 6.253 6.267 6.281 6.294 6.307 6.320 6.332 6.344 6.356 6.368 6.379 6.390 6.401 6.412 6.423 6.434 6.445 6.456 6.466 6.475 6.485 6.496 6.507 6.519 6.532 6.545 6.558 6.573 6.588 6.604 6.621 6.638 6.656 6.674 6.693 6.711 6.730 6.748 6.765 6.782 6.798 6.811 6.823 6.833 6.842 6.850
5.827 5.846 5.864 5.882 5.900 5.918 5.935 5.952 5.969 5.985 6.000 6.015 6.030 6.044 6.057 6.070 6.083 6.096 6.109 6.121 6.134 6.147 6.161 6.175 6.188 6.200 6.214 6.228 6.242 6.256 6.270 6.284 6.297 6.311 6.324 6.336 6.349 6.361 6.373 6.385 6.396 6.408 6.419 6.431 6.442 6.453 6.464 6.475 6.485 6.495 6.506 6.517 6.529 6.541 6.554 6.567 6.582 6.597 6.613 6.630 6.647 6.665 6.684 6.703 6.722 6.741 6.760 6.778 6.796 6.813 6.827 6.840 6.851 6.861 6.869
5.832 5.850 5.868 5.886 5.905 5.923 5.941 5.958 5.975 5.991 6.007 6.022 6.037 6.051 6.065 6.078 6.091 6.104 6.117 6.129 6.142 6.155 6.168 6.181 6.193 6.206 6.219 6.232 6.246 6.260 6.274 6.288 6.302 6.315 6.328 6.341 6.354 6.367 6.379 6.391 6.403 6.415 6.427 6.439 6.451 6.462 6.474 6.485 6.495 6.506 6.517 6.528 6.540 6.552 6.565 6.578 6.592 6.607 6.623 6.640 6.658 6.676 6.695 6.714 6.734 6.754 6.773 6.792 6.811 6.828 6.844 6.857 6.870 6.880 6.890
5.837 5.855 5.873 5.891 5.910 5.928 5.946 5.964 5.981 5.998 6.014 6.029 6.045 6.059 6.073 6.087 6.100 6.113 6.125 6.138 6.150 6.163 6.176 6.188 6.201 6.212 6.225 6.239 6.252 6.266 6.280 6.293 6.307 6.321 6.334 6.347 6.360 6.373 6.386 6.398 6.411 6.423 6.436 6.448 6.460 6.472 6.485 6.496 6.506 6.517 6.529 6.540 6.552 6.565 6.577 6.591 6.605 6.620 6.635 6.652 6.670 6.688 6.707 6.727 6.747 6.767 6.787 6.807 6.826 6.845 6.861 6.876 6.890 6.902 6.912
5.842 5.860 5.878 5.896 5.915 5.933 5.952 5.969 5.987 6.004 6.020 6.036 6.052 6.067 6.081 6.095 6.109 6.122 6.135 6.147 6.160 6.172 6.185 6.197 6.209 6.221 6.233 6.246 6.259 6.273 6.286 6.300 6.314 6.327 6.341 6.354 6.367 6.380 6.393 6.406 6.419 6.432 6.445 6.458 6.470 6.483 6.496 6.508 6.519 6.530 6.542 6.554 6.566 6.578 6.591 6.605 6.618 6.633 6.649 6.666 6.683 6.701 6.721 6.741 6.761 6.782 6.803 6.823 6.843 6.863 6.880 6.896 6.911 6.925 6.936
5.849 5.866 5.884 5.902 5.921 5.939 5.957 5.975 5.993 6.010 6.027 6.044 6.060 6.075 6.090 6.104 6.118 6.131 6.144 6.157 6.170 6.182 6.194 6.207 6.219 6.230 6.242 6.255 6.268 6.281 6.294 6.308 6.321 6.335 6.348 6.362 6.375 6.389 6.402 6.415 6.428 6.441 6.455 6.468 6.481 6.494 6.508 6.520 6.532 6.544 6.556 6.568 6.581 6.594 6.607 6.620 6.634 6.648 6.664 6.680 6.698 6.716 6.736 6.756 6.776 6.798 6.819 6.840 6.861 6.882 6.901 6.918 6.934 6.948 6.961
5.856 5.873 5.891 5.909 5.927 5.945 5.964 5.982 6.000 6.017 6.034 6.051 6.067 6.083 6.098 6.113 6.127 6.141 6.155 6.168 6.180 6.193 6.205 6.218 6.229 6.240 6.252 6.265 6.278 6.291 6.304 6.317 6.331 6.344 6.357 6.371 6.384 6.398 6.411 6.425 6.438 6.452 6.465 6.479 6.493 6.507 6.520 6.533 6.546 6.558 6.571 6.584 6.597 6.610 6.623 6.636 6.650 6.665 6.680 6.697 6.714 6.732 6.752 6.772 6.793 6.814 6.836 6.859 6.881 6.902 6.922 6.940 6.958 6.973 6.987
5.864 5.881 5.898 5.916 5.934 5.952 5.971 5.989 6.007 6.024 6.042 6.059 6.075 6.091 6.107 6.122 6.137 6.151 6.165 6.178 6.191 6.204 6.217 6.229 6.241 6.252 6.264 6.276 6.289 6.301 6.314 6.328 6.341 6.354 6.368 6.381 6.395 6.408 6.422 6.435 6.449 6.463 6.477 6.491 6.505 6.519 6.534 6.547 6.560 6.573 6.587 6.600 6.614 6.627 6.641 6.654 6.668 6.683 6.698 6.714 6.731 6.750 6.769 6.789 6.811 6.833 6.855 6.878 6.901 6.924 6.944 6.964 6.983 6.999 7.013
5.874 5.891 5.907 5.924 5.942 5.960 5.978 5.996 6.014 6.032 6.049 6.067 6.084 6.100 6.116 6.132 6.147 6.162 6.176 6.189 6.203 6.216 6.229 6.241 6.253 6.264 6.276 6.288 6.301 6.313 6.326 6.339 6.352 6.366 6.379 6.393 6.406 6.420 6.433 6.447 6.461 6.475 6.489 6.503 6.518 6.533 6.547 6.561 6.575 6.589 6.603 6.617 6.631 6.645 6.659 6.673 6.687 6.702 6.717 6.733 6.750 6.768 6.788 6.808 6.829 6.852 6.875 6.899 6.923 6.946 6.967 6.988 7.008 7.025 7.040
5.885 5.901 5.917 5.933 5.951 5.969 5.986 6.004 6.022 6.040 6.058 6.075 6.092 6.109 6.126 6.142 6.157 6.172 6.187 6.201 6.215 6.228 6.241 6.254 6.266 6.277 6.289 6.301 6.314 6.326 6.339 6.352 6.365 6.378 6.392 6.405 6.418 6.432 6.446 6.459 6.473 6.488 6.502 6.517 6.532 6.547 6.562 6.576 6.590 6.605 6.620 6.634 6.649 6.664 6.678 6.692 6.707 6.722 6.737 6.753 6.770 6.788 6.807 6.828 6.850 6.872 6.896 6.920 6.945 6.969 6.991 7.013 7.034 7.051 7.066
5.898 5.913 5.928 5.944 5.961 5.978 5.996 6.013 6.031 6.049 6.067 6.084 6.101 6.119 6.135 6.152 6.167 6.183 6.198 6.213 6.227 6.240 6.254 6.267 6.279 6.291 6.303 6.315 6.327 6.340 6.353 6.366 6.379 6.392 6.405 6.418 6.432 6.445 6.459 6.473 6.487 6.501 6.516 6.530 6.546 6.561 6.577 6.591 6.606 6.621 6.636 6.652 6.667 6.682 6.697 6.712 6.727 6.742 6.758 6.774 6.791 6.809 6.828 6.849 6.871 6.894 6.918 6.942 6.968 6.992 7.016 7.038 7.059 7.078 7.092
5.912 5.926 5.940 5.956 5.972 5.989 6.006 6.023 6.041 6.058 6.076 6.094 6.111 6.128 6.145 6.162 6.178 6.194 6.209 6.224 6.239 6.253 6.267 6.280 6.293 6.305 6.317 6.329 6.342 6.354 6.367 6.380 6.393 6.406 6.419 6.432 6.446 6.459 6.473 6.487 6.501 6.515 6.530 6.545 6.560 6.576 6.592 6.606 6.622 6.637 6.653 6.670 6.686 6.701 6.717 6.732 6.748 6.763 6.779 6.796 6.813 6.831 6.850 6.871 6.893 6.916 6.940 6.965 6.991 7.016 7.040 7.064 7.085 7.104 7.119
5.927 5.940 5.954 5.968 5.984 6.000 6.017 6.034 6.051 6.068 6.086 6.104 6.121 6.139 6.156 6.173 6.189 6.205 6.221 6.237 6.252 6.266 6.280 6.294 6.307 6.319 6.331 6.344 6.357 6.369 6.382 6.395 6.408 6.421 6.434 6.447 6.461 6.474 6.488 6.502 6.516 6.530 6.545 6.560 6.576 6.592 6.607 6.622 6.638 6.654 6.671 6.687 6.704 6.720 6.737 6.753 6.769 6.785 6.801 6.818 6.835 6.853 6.872 6.893 6.915 6.938 6.963 6.988 7.015 7.040 7.065 7.089 7.111 7.130 7.145
5.943 5.956 5.968 5.982 5.997 6.013 6.029 6.045 6.062 6.079 6.097 6.114 6.132 6.149 6.166 6.184 6.200 6.217 6.233 6.249 6.264 6.279 6.294 6.308 6.321 6.333 6.346 6.359 6.372 6.385 6.398 6.411 6.424 6.437 6.450 6.463 6.476 6.490 6.504 6.517 6.531 6.546 6.560 6.576 6.591 6.607 6.623 6.638 6.654 6.671 6.688 6.705 6.722 6.739 6.756 6.773 6.790 6.807 6.823 6.840 6.858 6.876 6.895 6.916 6.938 6.961 6.986 7.012 7.038 7.064 7.090 7.114 7.137 7.157 7.172
5.961 5.973 5.985 5.998 6.012 6.027 6.042 6.058 6.074 6.091 6.108 6.125 6.143 6.160 6.178 6.195 6.212 6.229 6.245 6.261 6.277 6.293 6.307 6.322 6.335 6.348 6.361 6.374 6.387 6.400 6.413 6.426 6.440 6.453 6.466 6.479 6.493 6.506 6.520 6.534 6.548 6.562 6.577 6.592 6.607 6.623 6.639 6.654 6.671 6.688 6.705 6.723 6.741 6.758 6.776 6.794 6.811 6.828 6.845 6.863 6.881 6.899 6.919 6.939 6.961 6.985 7.009 7.035 7.062 7.088 7.114 7.139 7.163 7.183 7.198
5.980 5.991 6.002 6.014 6.028 6.042 6.056 6.072 6.087 6.104 6.120 6.137 6.154 6.172 6.189 6.206 6.224 6.241 6.257 6.274 6.290 6.306 6.321 6.336 6.349 6.363 6.376 6.389 6.403 6.416 6.429 6.443 6.456 6.469 6.482 6.496 6.509 6.523 6.537 6.550 6.564 6.579 6.593 6.608 6.624 6.640 6.656 6.671 6.688 6.705 6.722 6.741 6.759 6.777 6.796 6.814 6.832 6.850 6.867 6.885 6.903 6.922 6.942 6.963 6.984 7.008 7.033 7.058 7.085 7.112 7.138 7.164 7.188 7.209 7.224
6.000 6.010 6.021 6.032 6.045 6.058 6.072 6.086 6.101 6.117 6.133 6.150 6.167 6.184 6.201 6.218 6.236 6.253 6.270 6.287 6.303 6.319 6.335 6.350 6.363 6.377 6.391 6.405 6.419 6.432 6.446 6.459 6.472 6.486 6.499 6.513 6.526 6.540 6.554 6.568 6.582 6.596 6.610 6.625 6.641 6.657 6.673 6.688 6.705 6.722 6.740 6.758 6.777 6.796 6.815 6.834 6.852 6.871 6.889 6.908 6.926 6.945 6.965 6.986 7.008 7.031 7.056 7.082 7.109 7.136 7.162 7.188 7.213 7.234 7.250
6.022 6.031 6.040 6.051 6.063 6.075 6.088 6.102 6.116 6.131 6.147 6.163 6.180 6.197 6.214 6.231 6.248 6.265 6.283 6.299 6.316 6.333 6.349 6.364 6.378 6.392 6.406 6.420 6.434 6.448 6.462 6.475 6.489 6.503 6.516 6.530 6.543 6.557 6.571 6.585 6.599 6.613 6.628 6.643 6.658 6.674 6.690 6.706 6.722 6.740 6.758 6.776 6.795 6.815 6.834 6.854 6.873 6.892 6.911 6.930 6.949 6.968 6.988 7.008 7.030 7.054 7.078 7.104 7.131 7.159 7.185 7.212 7.237 7.258 7.275
