version1/TsunamiDB/out54012.asc
ncols          264
nrows          230
xllcorner      497853.4375
yllcorner      4229146.0000
cellsize         5.
NODATA_value   -99
[rows 124 to 154 of 230, columns 140 to 209 of 264]
-99.000 -99.000 -99.000 -99.000 -99.000 -99.000 -99.000 -99.000 -99.000 -99.000 -99.000 -99.000 -99.000 -99.000 -99.000 -99.000 -99.000 -99.000 1.645 1.663 1.758 1.959 2.246 2.595 2.976 3.353 3.688 3.957 4.166 4.325 4.448 4.547 4.631 4.705 4.773 4.836 4.898 4.958 5.017 5.074 5.130 5.185 5.237 5.288 5.336 5.381 5.423 5.461 5.496 5.530 5.564 5.600 5.640 5.682 5.729 5.784 5.848 5.923 6.003 6.090 6.187 6.288 6.390 6.496 6.599 6.697 6.785 6.852 6.936 7.028
-99.000 -99.000 -99.000 -99.000 -99.000 -99.000 -99.000 -99.000 -99.000 -99.000 -99.000 -99.000 -99.000 -99.000 -99.000 -99.000 -99.000 1.644 1.648 1.689 1.828 2.067 2.382 2.749 3.132 3.497 3.806 4.050 4.237 4.381 4.494 4.586 4.664 4.734 4.799 4.861 4.921 4.979 5.037 5.094 5.149 5.203 5.256 5.306 5.355 5.400 5.444 5.484 5.522 5.557 5.593 5.630 5.671 5.714 5.761 5.814 5.877 5.952 6.031 6.118 6.215 6.317 6.422 6.530 6.635 6.737 6.827 6.889 6.972 7.069
-99.000 -99.000 -99.000 -99.000 -99.000 -99.000 -99.000 -99.000 -99.000 -99.000 -99.000 -99.000 -99.000 -99.000 -99.000 -99.000 -99.000 1.644 1.656 1.733 1.915 2.187 2.528 2.905 3.285 3.631 3.913 4.133 4.301 4.433 4.536 4.622 4.697 4.765 4.827 4.887 4.945 5.002 5.058 5.113 5.167 5.220 5.272 5.322 5.370 5.417 5.462 5.505 5.545 5.584 5.623 5.662 5.705 5.748 5.795 5.847 5.910 5.984 6.062 6.148 6.245 6.347 6.456 6.565 6.672 6.779 6.864 6.919 7.002 7.106
-99.000 -99.000 -99.000 -99.000 -99.000 -99.000 -99.000 -99.000 -99.000 -99.000 -99.000 -99.000 -99.000 -99.000 -99.000 -99.000 1.644 1.646 1.676 1.794 2.016 2.320 2.679 3.062 3.432 3.753 4.008 4.206 4.358 4.478 4.575 4.657 4.729 4.795 4.856 4.914 4.970 5.025 5.080 5.133 5.185 5.237 5.287 5.336 5.384 5.432 5.479 5.525 5.569 5.612 5.654 5.696 5.740 5.785 5.833 5.888 5.952 6.025 6.101 6.186 6.282 6.385 6.493 6.605 6.716 6.816 6.892 6.944 7.030 7.140
-99.000 -99.000 -99.000 -99.000 -99.000 -99.000 -99.000 -99.000 -99.000 -99.000 -99.000 -99.000 -99.000 -99.000 -99.000 -99.000 1.644 1.651 1.711 1.874 2.132 2.462 2.836 3.218 3.571 3.863 4.092 4.269 4.408 4.519 4.611 4.690 4.760 4.825 4.885 4.942 4.997 5.050 5.103 5.154 5.205 5.254 5.303 5.351 5.399 5.448 5.497 5.546 5.594 5.641 5.688 5.734 5.780 5.828 5.880 5.938 6.002 6.073 6.149 6.233 6.327 6.427 6.534 6.646 6.753 6.845 6.918 6.968 7.057 7.175
-99.000 -99.000 -99.000 -99.000 -99.000 -99.000 -99.000 -99.000 -99.000 -99.000 -99.000 -99.000 -99.000 -99.000 -99.000 -99.000 1.645 1.665 1.765 1.970 2.260 2.613 2.995 3.369 3.697 3.960 4.165 4.324 4.451 4.555 4.642 4.719 4.788 4.852 4.912 4.969 5.024 5.076 5.127 5.177 5.225 5.273 5.320 5.367 5.415 5.464 5.515 5.568 5.620 5.672 5.725 5.776 5.827 5.879 5.936 5.995 6.060 6.130 6.205 6.289 6.377 6.472 6.575 6.682 6.784 6.873 6.945 6.996 7.088 7.217
-99.000 -99.000 -99.000 -99.000 -99.000 -99.000 -99.000 -99.000 -99.000 -99.000 -99.000 -99.000 -99.000 -99.000 -99.000 1.644 1.648 1.694 1.838 2.081 2.401 2.770 3.154 3.512 3.811 4.046 4.229 4.373 4.489 4.586 4.669 4.744 4.813 4.877 4.938 4.995 5.049 5.102 5.152 5.200 5.247 5.293 5.339 5.385 5.433 5.483 5.536 5.592 5.648 5.706 5.765 5.823 5.880 5.937 5.997 6.059 6.125 6.195 6.269 6.350 6.433 6.522 6.616 6.716 6.815 6.904 6.978 7.029 7.125 7.259
-99.000 -99.000 -99.000 -99.000 -99.000 -99.000 -99.000 -99.000 -99.000 -99.000 -99.000 -99.000 -99.000 -99.000 -99.000 1.644 1.658 1.741 1.929 2.207 2.552 2.932 3.310 3.644 3.914 4.124 4.287 4.417 4.523 4.613 4.693 4.766 4.835 4.899 4.960 5.018 5.073 5.125 5.175 5.222 5.268 5.313 5.358 5.404 5.452 5.502 5.557 5.617 5.678 5.741 5.807 5.872 5.936 5.998 6.063 6.128 6.195 6.263 6.336 6.415 6.493 6.573 6.657 6.751 6.848 6.940 7.017 7.065 7.161 7.302
-99.000 -99.000 -99.000 -99.000 -99.000 -99.000 -99.000 -99.000 -99.000 -99.000 -99.000 -99.000 -99.000 -99.000 1.644 1.646 1.681 1.808 2.037 2.347 2.711 3.095 3.459 3.765 4.007 4.195 4.341 4.457 4.554 4.639 4.715 4.785 4.853 4.917 4.979 5.038 5.093 5.146 5.195 5.242 5.287 5.331 5.375 5.421 5.469 5.521 5.578 5.641 5.707 5.776 5.849 5.922 5.991 6.059 6.129 6.196 6.264 6.331 6.404 6.483 6.555 6.626 6.703 6.791 6.887 6.981 7.059 7.104 7.199 7.345
-99.000 -99.000 -99.000 -99.000 -99.000 -99.000 -99.000 -99.000 -99.000 -99.000 -99.000 -99.000 -99.000 -99.000 1.644 1.653 1.722 1.895 2.161 2.498 2.876 3.257 3.599 3.877 4.094 4.261 4.391 4.497 4.586 4.664 4.735 4.804 4.870 4.933 4.995 5.054 5.110 5.163 5.212 5.258 5.302 5.345 5.389 5.434 5.483 5.537 5.597 5.665 5.735 5.810 5.890 5.969 6.045 6.120 6.193 6.263 6.331 6.397 6.472 6.550 6.617 6.683 6.753 6.836 6.931 7.025 7.103 7.140 7.232 7.375
-99.000 -99.000 -99.000 -99.000 -99.000 -99.000 -99.000 -99.000 -99.000 -99.000 -99.000 -99.000 -99.000 -99.000 1.645 1.671 1.783 2.000 2.300 2.659 3.044 3.414 3.730 3.980 4.174 4.323 4.440 4.536 4.618 4.690 4.757 4.823 4.886 4.949 5.009 5.068 5.124 5.177 5.226 5.271 5.314 5.356 5.399 5.445 5.495 5.550 5.614 5.685 5.760 5.839 5.925 6.010 6.093 6.173 6.250 6.322 6.392 6.459 6.535 6.614 6.681 6.744 6.809 6.886 6.974 7.064 7.140 7.170 7.253 7.389
-99.000 -99.000 -99.000 -99.000 -99.000 -99.000 -99.000 -99.000 -99.000 -99.000 -99.000 -99.000 -99.000 1.644 1.650 1.707 1.866 2.122 2.452 2.828 3.212 3.562 3.850 4.075 4.248 4.381 4.487 4.575 4.651 4.718 4.782 4.844 4.905 4.965 5.024 5.082 5.137 5.189 5.237 5.281 5.322 5.363 5.405 5.451 5.502 5.559 5.626 5.702 5.780 5.864 5.955 6.045 6.135 6.222 6.303 6.379 6.451 6.519 6.597 6.680 6.748 6.808 6.870 6.941 7.021 7.108 7.183 7.198 7.266 7.393
-99.000 -99.000 -99.000 -99.000 -99.000 -99.000 -99.000 -99.000 -99.000 -99.000 -99.000 -99.000 -99.000 1.645 1.664 1.763 1.968 2.260 2.615 3.000 3.376 3.700 3.960 4.161 4.315 4.435 4.532 4.614 4.685 4.749 4.809 4.869 4.927 4.984 5.041 5.096 5.150 5.200 5.247 5.289 5.329 5.368 5.409 5.454 5.506 5.565 5.636 5.716 5.798 5.886 5.981 6.078 6.174 6.265 6.352 6.432 6.506 6.574 6.656 6.746 6.815 6.875 6.936 7.000 7.074 7.164 7.225 7.214 7.267 7.384
-99.000 -99.000 -99.000 -99.000 -99.000 -99.000 -99.000 -99.000 -99.000 -99.000 -99.000 -99.000 1.644 1.648 1.695 1.841 2.087 2.411 2.785 3.172 3.531 3.827 4.060 4.239 4.377 4.486 4.576 4.652 4.720 4.781 4.840 4.897 4.952 5.007 5.061 5.114 5.165 5.213 5.258 5.299 5.336 5.373 5.413 5.457 5.510 5.573 5.648 5.731 5.817 5.908 6.007 6.108 6.208 6.305 6.398 6.482 6.558 6.628 6.715 6.811 6.886 6.949 7.007 7.072 7.146 7.215 7.244 7.215 7.254 7.357
-99.000 -99.000 -99.000 -99.000 -99.000 -99.000 -99.000 -99.000 -99.000 -99.000 -99.000 -99.000 1.644 1.659 1.746 1.939 2.223 2.574 2.960 3.342 3.675 3.943 4.150 4.309 4.433 4.533 4.617 4.689 4.755 4.815 4.872 4.927 4.981 5.034 5.086 5.136 5.185 5.230 5.273 5.312 5.347 5.383 5.421 5.466 5.520 5.585 5.662 5.748 5.835 5.929 6.031 6.135 6.239 6.341 6.439 6.527 6.607 6.679 6.772 6.878 6.960 7.025 7.084 7.147 7.206 7.244 7.246 7.200 7.223 7.311
-99.000 -99.000 -99.000 -99.000 -99.000 -99.000 -99.000 -99.000 -99.000 -99.000 -99.000 1.644 1.647 1.685 1.819 2.056 2.374 2.746 3.136 3.503 3.808 4.048 4.232 4.374 4.486 4.577 4.656 4.725 4.789 4.848 4.904 4.959 5.013 5.064 5.114 5.162 5.208 5.252 5.292 5.329 5.364 5.398 5.436 5.481 5.535 5.601 5.679 5.766 5.855 5.950 6.054 6.160 6.267 6.374 6.478 6.572 6.656 6.732 6.831 6.948 7.034 7.100 7.159 7.210 7.245 7.256 7.236 7.172 7.180 7.253
-99.000 -99.000 -99.000 -99.000 -99.000 -99.000 -99.000 -99.000 -99.000 -99.000 -99.000 1.644 1.655 1.731 1.914 2.190 2.536 2.923 3.310 3.653 3.930 4.144 4.307 4.433 4.534 4.619 4.692 4.759 4.822 4.880 4.936 4.991 5.044 5.095 5.144 5.190 5.235 5.276 5.315 5.351 5.386 5.420 5.458 5.503 5.557 5.623 5.700 5.787 5.877 5.973 6.078 6.186 6.295 6.406 6.516 6.616 6.708 6.786 6.891 7.014 7.103 7.171 7.219 7.252 7.267 7.254 7.213 7.134 7.125 7.182
-99.000 -99.000 -99.000 -99.000 -99.000 -99.000 -99.000 -99.000 -99.000 -99.000 1.644 1.646 1.677 1.800 2.027 2.338 2.708 3.101 3.477 3.793 4.042 4.232 4.377 4.489 4.581 4.659 4.728 4.792 4.853 4.910 4.966 5.022 5.075 5.125 5.173 5.218 5.261 5.301 5.339 5.375 5.411 5.448 5.487 5.532 5.585 5.649 5.725 5.811 5.900 5.996 6.102 6.211 6.322 6.437 6.553 6.662 6.759 6.836 6.944 7.073 7.165 7.226 7.260 7.277 7.272 7.240 7.182 7.087 7.062 7.106
-99.000 -99.000 -99.000 -99.000 -99.000 -99.000 -99.000 -99.000 -99.000 -99.000 1.644 1.652 1.718 1.890 2.157 2.499 2.885 3.277 3.633 3.922 4.145 4.313 4.442 4.543 4.626 4.698 4.764 4.825 4.884 4.940 4.995 5.050 5.103 5.153 5.200 5.244 5.286 5.325 5.363 5.400 5.438 5.478 5.520 5.565 5.617 5.678 5.751 5.836 5.924 6.020 6.127 6.236 6.349 6.468 6.590 6.707 6.807 6.882 6.991 7.125 7.212 7.263 7.285 7.286 7.265 7.216 7.142 7.034 6.997 7.031
-99.000 -99.000 -99.000 -99.000 -99.000 -99.000 -99.000 -99.000 -99.000 -99.000 1.645 1.670 1.781 1.999 2.303 2.669 3.064 3.448 3.779 4.040 4.239 4.389 4.504 4.595 4.671 4.738 4.800 4.858 4.915 4.969 5.023 5.076 5.128 5.177 5.224 5.267 5.307 5.346 5.384 5.423 5.465 5.509 5.554 5.601 5.652 5.710 5.781 5.863 5.949 6.044 6.151 6.263 6.377 6.499 6.626 6.747 6.849 6.919 7.027 7.160 7.239 7.281 7.291 7.279 7.243 7.180 7.094 6.975 6.929 6.956
-99.000 -99.000 -99.000 -99.000 -99.000 -99.000 -99.000 -99.000 -99.000 1.644 1.650 1.706 1.866 2.124 2.460 2.844 3.241 3.610 3.913 4.148 4.325 4.459 4.563 4.646 4.717 4.780 4.838 4.894 4.948 5.000 5.051 5.102 5.151 5.199 5.244 5.286 5.325 5.364 5.403 5.444 5.490 5.537 5.587 5.637 5.688 5.744 5.811 5.891 5.975 6.069 6.176 6.288 6.403 6.526 6.652 6.773 6.876 6.941 7.044 7.173 7.248 7.282 7.282 7.259 7.212 7.139 7.044 6.918 6.867 6.891
-99.000 -99.000 -99.000 -99.000 -99.000 -99.000 -99.000 -99.000 -99.000 1.645 1.664 1.762 1.968 2.264 2.626 3.021 3.413 3.760 4.035 4.246 4.404 4.524 4.619 4.696 4.763 4.822 4.878 4.932 4.983 5.032 5.080 5.127 5.173 5.219 5.262 5.302 5.341 5.380 5.420 5.464 5.513 5.564 5.618 5.671 5.724 5.779 5.843 5.920 6.002 6.093 6.198 6.308 6.424 6.546 6.672 6.795 6.901 6.955 7.049 7.177 7.248 7.276 7.269 7.238 7.181 7.100 7.000 6.870 6.816 6.838
-99.000 -99.000 -99.000 -99.000 -99.000 -99.000 -99.000 -99.000 1.644 1.648 1.693 1.839 2.087 2.415 2.796 3.196 3.576 3.897 4.145 4.333 4.475 4.585 4.672 4.745 4.809 4.867 4.921 4.972 5.021 5.067 5.111 5.155 5.197 5.239 5.279 5.318 5.357 5.397 5.438 5.484 5.535 5.590 5.647 5.704 5.758 5.813 5.876 5.952 6.030 6.118 6.220 6.329 6.446 6.567 6.692 6.824 6.919 6.955 7.045 7.172 7.239 7.262 7.250 7.212 7.149 7.063 6.958 6.826 6.771 6.791
-99.000 -99.000 -99.000 -99.000 -99.000 -99.000 -99.000 -99.000 1.644 1.658 1.741 1.933 2.218 2.573 2.969 3.366 3.728 4.020 4.243 4.412 4.540 4.640 4.722 4.793 4.855 4.912 4.965 5.015 5.062 5.106 5.147 5.187 5.225 5.263 5.301 5.339 5.379 5.419 5.460 5.507 5.559 5.616 5.676 5.736 5.794 5.853 5.918 5.991 6.067 6.153 6.251 6.358 6.473 6.597 6.726 6.841 6.914 6.944 7.032 7.156 7.221 7.242 7.226 7.184 7.117 7.026 6.918 6.785 6.729 6.743
-99.000 -99.000 -99.000 -99.000 -99.000 -99.000 -99.000 1.644 1.646 1.680 1.809 2.043 2.360 2.737 3.139 3.529 3.867 4.131 4.331 4.482 4.598 4.691 4.770 4.838 4.900 4.956 5.009 5.059 5.105 5.148 5.187 5.223 5.258 5.293 5.330 5.368 5.407 5.447 5.489 5.535 5.588 5.646 5.709 5.773 5.837 5.902 5.969 6.039 6.115 6.200 6.293 6.394 6.506 6.627 6.743 6.837 6.898 6.923 7.009 7.133 7.198 7.217 7.199 7.155 7.083 6.988 6.878 6.742 6.682 6.690
-99.000 -99.000 -99.000 -99.000 -99.000 -99.000 -99.000 1.644 1.653 1.720 1.894 2.164 2.510 2.902 3.305 3.681 3.993 4.230 4.409 4.545 4.651 4.739 4.814 4.881 4.943 5.000 5.054 5.104 5.150 5.192 5.230 5.265 5.297 5.330 5.366 5.404 5.443 5.483 5.524 5.571 5.624 5.683 5.748 5.818 5.888 5.958 6.027 6.098 6.173 6.257 6.342 6.432 6.536 6.644 6.743 6.823 6.877 6.898 6.982 7.107 7.172 7.190 7.171 7.122 7.046 6.948 6.831 6.692 6.628 6.628
-99.000 -99.000 -99.000 -99.000 -99.000 -99.000 -99.000 1.645 1.669 1.777 1.993 2.296 2.665 3.066 3.465 3.822 4.106 4.319 4.479 4.602 4.700 4.783 4.856 4.922 4.984 5.042 5.096 5.147 5.194 5.236 5.274 5.309 5.341 5.374 5.409 5.446 5.485 5.526 5.568 5.615 5.668 5.728 5.796 5.869 5.945 6.020 6.093 6.163 6.238 6.319 6.393 6.472 6.557 6.647 6.734 6.806 6.857 6.874 6.955 7.078 7.142 7.160 7.137 7.086 7.006 6.900 6.777 6.633 6.563 6.556
-99.000 -99.000 -99.000 -99.000 -99.000 -99.000 1.644 1.649 1.699 1.851 2.105 2.437 2.822 3.227 3.616 3.950 4.208 4.400 4.543 4.655 4.746 4.824 4.895 4.960 5.022 5.081 5.136 5.188 5.236 5.279 5.318 5.354 5.387 5.420 5.455 5.493 5.533 5.574 5.616 5.663 5.718 5.779 5.848 5.924 6.004 6.085 6.160 6.227 6.301 6.378 6.443 6.505 6.569 6.645 6.722 6.790 6.838 6.850 6.926 7.049 7.112 7.126 7.100 7.045 6.958 6.844 6.713 6.565 6.491 6.479
-99.000 -99.000 -99.000 -99.000 -99.000 -99.000 1.644 1.659 1.746 1.941 2.227 2.583 2.979 3.382 3.757 4.068 4.301 4.474 4.604 4.705 4.790 4.864 4.933 4.997 5.058 5.117 5.173 5.226 5.275 5.318 5.361 5.398 5.433 5.468 5.504 5.542 5.582 5.623 5.667 5.715 5.770 5.832 5.902 5.979 6.062 6.146 6.221 6.284 6.357 6.435 6.488 6.530 6.581 6.643 6.711 6.777 6.822 6.827 6.899 7.022 7.079 7.087 7.056 6.995 6.902 6.780 6.640 6.490 6.418 6.408
-99.000 -99.000 -99.000 -99.000 -99.000 -99.000 1.646 1.681 1.809 2.043 2.358 2.733 3.135 3.531 3.888 4.175 4.388 4.544 4.662 4.755 4.834 4.905 4.971 5.033 5.093 5.151 5.207 5.261 5.310 5.356 5.400 5.440 5.478 5.515 5.552 5.590 5.630 5.673 5.717 5.767 5.823 5.885 5.955 6.034 6.117 6.201 6.275 6.333 6.405 6.479 6.522 6.555 6.591 6.642 6.703 6.765 6.807 6.805 6.871 6.988 7.038 7.038 7.000 6.933 6.833 6.703 6.558 6.413 6.347 6.346
-99.000 -99.000 -99.000 -99.000 -99.000 1.644 1.652 1.717 1.888 2.156 2.496 2.884 3.286 3.671 4.008 4.273 4.468 4.610 4.719 4.806 4.880 4.947 5.010 5.070 5.127 5.184 5.239 5.293 5.343 5.390 5.436 5.479 5.520 5.560 5.599 5.638 5.679 5.723 5.769 5.819 5.876 5.938 6.007 6.083 6.163 6.244 6.317 6.372 6.441 6.514 6.555 6.581 6.608 6.649 6.700 6.755 6.795 6.784 6.841 6.949 6.991 6.982 6.937 6.865 6.762 6.629 6.486 6.350 6.298 6.313
