version1/TsunamiDB/out54069.asc
ncols          264
nrows          230
xllcorner      497853.4375
yllcorner      4229146.0000
cellsize         5.
NODATA_value   -99
[rows 0 to 32 of 230, columns 75 to 149 of 264]
-99.000 -99.000 -99.000 -99.000 -99.000 -99.000 -99.000 -99.000 -99.000 -99.000 -99.000 -99.000 -99.000 -99.000 1.647 1.652 1.700 1.839 2.066 2.344 2.632 2.899 3.125 3.308 3.452 3.568 3.663 3.745 3.817 3.884 3.946 4.005 4.061 4.115 4.166 4.216 4.265 4.313 4.359 4.405 4.449 4.491 4.532 4.572 4.611 4.648 4.684 4.718 4.752 4.784 4.816 4.846 4.876 4.905 4.933 4.961 4.987 5.012 5.038 5.064 5.089 5.114 5.139 5.163 5.188 5.212 5.236 5.260 5.284 5.307 5.331 5.354 5.378 5.401 5.424
-99.000 -99.000 -99.000 -99.000 -99.000 -99.000 -99.000 -99.000 -99.000 -99.000 -99.000 -99.000 -99.000 -99.000 1.648 1.664 1.750 1.932 2.186 2.474 2.756 3.006 3.213 3.377 3.508 3.613 3.702 3.779 3.848 3.912 3.972 4.029 4.084 4.136 4.186 4.235 4.284 4.331 4.376 4.421 4.464 4.507 4.547 4.587 4.626 4.663 4.698 4.733 4.767 4.799 4.830 4.861 4.890 4.919 4.947 4.974 4.999 5.025 5.050 5.075 5.100 5.125 5.149 5.173 5.197 5.221 5.244 5.268 5.291 5.314 5.338 5.361 5.384 5.407 5.429
-99.000 -99.000 -99.000 -99.000 -99.000 -99.000 -99.000 -99.000 -99.000 -99.000 -99.000 -99.000 -99.000 1.647 1.651 1.691 1.820 2.039 2.313 2.603 2.873 3.105 3.292 3.440 3.558 3.656 3.738 3.811 3.878 3.939 3.998 4.053 4.106 4.157 4.206 4.255 4.302 4.348 4.393 4.437 4.480 4.522 4.562 4.602 4.640 4.677 4.713 4.748 4.781 4.813 4.845 4.875 4.904 4.933 4.960 4.987 5.013 5.037 5.063 5.087 5.112 5.136 5.160 5.183 5.207 5.230 5.253 5.276 5.299 5.322 5.344 5.367 5.390 5.412 5.435
-99.000 -99.000 -99.000 -99.000 -99.000 -99.000 -99.000 -99.000 -99.000 -99.000 -99.000 -99.000 -99.000 1.647 1.660 1.736 1.908 2.157 2.443 2.727 2.982 3.194 3.363 3.497 3.605 3.695 3.773 3.843 3.907 3.966 4.023 4.077 4.129 4.178 4.226 4.274 4.320 4.365 4.410 4.453 4.495 4.537 4.577 4.616 4.654 4.691 4.727 4.762 4.795 4.828 4.859 4.889 4.918 4.947 4.974 5.001 5.026 5.051 5.075 5.100 5.124 5.147 5.171 5.194 5.217 5.239 5.262 5.284 5.307 5.329 5.351 5.374 5.396 5.418 5.440
-99.000 -99.000 -99.000 -99.000 -99.000 -99.000 -99.000 -99.000 -99.000 -99.000 -99.000 -99.000 1.647 1.649 1.683 1.801 2.011 2.282 2.571 2.846 3.082 3.275 3.428 3.549 3.648 3.733 3.806 3.873 3.935 3.993 4.048 4.101 4.151 4.199 4.246 4.293 4.338 4.383 4.426 4.469 4.511 4.552 4.591 4.630 4.668 4.705 4.741 4.776 4.809 4.842 4.873 4.903 4.932 4.961 4.988 5.015 5.040 5.064 5.089 5.113 5.136 5.160 5.182 5.205 5.227 5.249 5.271 5.293 5.315 5.337 5.359 5.380 5.402 5.424 5.446
-99.000 -99.000 -99.000 -99.000 -99.000 -99.000 -99.000 -99.000 -99.000 -99.000 -99.000 -99.000 1.647 1.657 1.723 1.884 2.126 2.410 2.697 2.956 3.174 3.348 3.486 3.597 3.689 3.768 3.838 3.903 3.963 4.019 4.073 4.124 4.174 4.221 4.267 4.312 4.356 4.400 4.443 4.485 4.526 4.566 4.606 4.644 4.682 4.719 4.755 4.789 4.823 4.855 4.887 4.917 4.947 4.975 5.003 5.029 5.054 5.078 5.102 5.126 5.149 5.172 5.195 5.217 5.239 5.260 5.282 5.303 5.324 5.345 5.366 5.388 5.409 5.430 5.451
-99.000 -99.000 -99.000 -99.000 -99.000 -99.000 -99.000 -99.000 -99.000 -99.000 -99.000 -99.000 1.649 1.675 1.782 1.983 2.249 2.538 2.816 3.058 3.257 3.414 3.539 3.641 3.727 3.802 3.869 3.932 3.990 4.045 4.097 4.147 4.196 4.242 4.287 4.331 4.375 4.417 4.459 4.500 4.541 4.581 4.620 4.658 4.696 4.732 4.768 4.803 4.836 4.869 4.900 4.931 4.960 4.989 5.017 5.043 5.068 5.092 5.116 5.140 5.163 5.186 5.208 5.229 5.251 5.272 5.292 5.313 5.334 5.354 5.375 5.395 5.416 5.437 5.458
-99.000 -99.000 -99.000 -99.000 -99.000 -99.000 -99.000 -99.000 -99.000 -99.000 -99.000 1.647 1.654 1.710 1.861 2.095 2.376 2.664 2.928 3.152 3.332 3.474 3.588 3.682 3.763 3.834 3.899 3.960 4.016 4.070 4.121 4.170 4.218 4.263 4.307 4.350 4.393 4.435 4.476 4.516 4.556 4.595 4.634 4.671 4.709 4.745 4.781 4.815 4.849 4.882 4.914 4.944 4.974 5.003 5.031 5.057 5.082 5.106 5.131 5.154 5.177 5.199 5.221 5.242 5.263 5.284 5.304 5.324 5.344 5.364 5.384 5.404 5.424 5.444 5.464
-99.000 -99.000 -99.000 -99.000 -99.000 -99.000 -99.000 -99.000 -99.000 -99.000 -99.000 1.648 1.669 1.764 1.955 2.215 2.504 2.785 3.033 3.237 3.399 3.529 3.633 3.721 3.797 3.866 3.929 3.987 4.042 4.095 4.145 4.193 4.240 4.284 4.327 4.370 4.411 4.452 4.492 4.532 4.571 4.609 4.647 4.685 4.721 4.758 4.793 4.828 4.861 4.894 4.926 4.957 4.987 5.016 5.044 5.071 5.096 5.121 5.145 5.168 5.191 5.213 5.235 5.256 5.277 5.297 5.317 5.336 5.356 5.375 5.394 5.414 5.433 5.452 5.472
-99.000 -99.000 -99.000 -99.000 -99.000 -99.000 -99.000 -99.000 -99.000 -99.000 1.647 1.652 1.699 1.837 2.063 2.340 2.630 2.899 3.128 3.314 3.461 3.578 3.675 3.757 3.830 3.896 3.957 4.014 4.068 4.119 4.168 4.216 4.261 4.305 4.347 4.389 4.429 4.469 4.509 4.548 4.586 4.624 4.661 4.698 4.734 4.770 4.805 4.840 4.873 4.906 4.938 4.969 5.000 5.029 5.057 5.084 5.110 5.134 5.159 5.182 5.205 5.227 5.249 5.270 5.290 5.310 5.330 5.349 5.368 5.387 5.405 5.424 5.443 5.462 5.481
-99.000 -99.000 -99.000 -99.000 -99.000 -99.000 -99.000 -99.000 -99.000 -99.000 1.648 1.663 1.747 1.927 2.180 2.467 2.751 3.005 3.215 3.383 3.516 3.624 3.714 3.792 3.862 3.925 3.984 4.040 4.093 4.143 4.191 4.238 4.283 4.325 4.367 4.408 4.448 4.487 4.525 4.563 4.601 4.638 4.674 4.711 4.746 4.782 4.817 4.851 4.885 4.917 4.950 4.981 5.011 5.041 5.069 5.097 5.123 5.148 5.172 5.196 5.219 5.242 5.263 5.284 5.305 5.324 5.344 5.362 5.381 5.399 5.418 5.436 5.454 5.472 5.490
-99.000 -99.000 -99.000 -99.000 -99.000 -99.000 -99.000 -99.000 -99.000 1.648 1.650 1.688 1.814 2.030 2.303 2.594 2.867 3.102 3.294 3.446 3.567 3.667 3.751 3.825 3.892 3.953 4.011 4.065 4.117 4.167 4.214 4.260 4.304 4.346 4.386 4.427 4.466 4.504 4.542 4.579 4.616 4.652 4.688 4.724 4.759 4.794 4.828 4.862 4.895 4.928 4.960 4.992 5.022 5.052 5.081 5.109 5.135 5.160 5.185 5.210 5.233 5.256 5.277 5.298 5.319 5.339 5.358 5.376 5.395 5.413 5.431 5.448 5.466 5.483 5.501
-99.000 -99.000 -99.000 -99.000 -99.000 -99.000 -99.000 -99.000 -99.000 1.648 1.659 1.731 1.898 2.144 2.429 2.716 2.975 3.192 3.365 3.503 3.614 3.706 3.786 3.856 3.921 3.981 4.037 4.090 4.141 4.190 4.236 4.281 4.325 4.366 4.406 4.446 4.484 4.522 4.559 4.595 4.631 4.667 4.702 4.737 4.771 4.805 4.839 4.873 4.906 4.938 4.970 5.002 5.032 5.062 5.092 5.120 5.147 5.172 5.198 5.222 5.246 5.269 5.291 5.312 5.333 5.353 5.372 5.391 5.409 5.427 5.444 5.462 5.479 5.496 5.513
-99.000 -99.000 -99.000 -99.000 -99.000 -99.000 -99.000 -99.000 1.648 1.650 1.679 1.792 1.997 2.265 2.555 2.833 3.075 3.273 3.430 3.555 3.657 3.743 3.819 3.886 3.949 4.007 4.062 4.114 4.164 4.212 4.258 4.303 4.345 4.386 4.425 4.464 4.502 4.539 4.576 4.611 4.647 4.681 4.716 4.750 4.783 4.817 4.850 4.883 4.916 4.948 4.980 5.011 5.042 5.072 5.101 5.130 5.157 5.183 5.209 5.234 5.258 5.281 5.304 5.326 5.347 5.367 5.386 5.405 5.423 5.441 5.459 5.476 5.492 5.509 5.526
-99.000 -99.000 -99.000 -99.000 -99.000 -99.000 -99.000 -99.000 1.648 1.656 1.715 1.870 2.107 2.390 2.678 2.943 3.166 3.346 3.489 3.603 3.697 3.778 3.850 3.915 3.976 4.033 4.087 4.138 4.187 4.234 4.280 4.323 4.365 4.405 4.444 4.483 4.520 4.557 4.592 4.628 4.662 4.696 4.730 4.763 4.796 4.829 4.861 4.894 4.926 4.957 4.989 5.020 5.051 5.081 5.110 5.139 5.166 5.193 5.219 5.245 5.269 5.293 5.316 5.338 5.360 5.380 5.400 5.419 5.438 5.456 5.473 5.490 5.507 5.523 5.539
-99.000 -99.000 -99.000 -99.000 -99.000 -99.000 -99.000 -99.000 1.649 1.672 1.770 1.963 2.225 2.515 2.796 3.045 3.249 3.412 3.542 3.647 3.735 3.812 3.880 3.943 4.002 4.058 4.110 4.161 4.209 4.256 4.301 4.344 4.385 4.425 4.463 4.501 4.538 4.574 4.609 4.644 4.678 4.711 4.744 4.776 4.809 4.841 4.872 4.904 4.936 4.967 4.998 5.029 5.059 5.089 5.118 5.147 5.174 5.201 5.228 5.254 5.279 5.303 5.327 5.350 5.372 5.393 5.413 5.433 5.452 5.470 5.488 5.505 5.522 5.538 5.554
-99.000 -99.000 -99.000 -99.000 -99.000 -99.000 -99.000 1.648 1.653 1.702 1.842 2.069 2.348 2.638 2.908 3.138 3.325 3.473 3.591 3.688 3.770 3.843 3.909 3.970 4.027 4.082 4.134 4.183 4.231 4.277 4.321 4.364 4.405 4.443 4.482 4.519 4.556 4.591 4.626 4.660 4.693 4.726 4.758 4.790 4.822 4.853 4.884 4.915 4.946 4.976 5.007 5.037 5.067 5.097 5.126 5.155 5.182 5.209 5.236 5.262 5.288 5.313 5.337 5.360 5.382 5.404 5.425 5.445 5.465 5.484 5.502 5.519 5.536 5.553 5.569
-99.000 -99.000 -99.000 -99.000 -99.000 -99.000 -99.000 1.649 1.665 1.750 1.929 2.183 2.472 2.757 3.012 3.224 3.393 3.528 3.636 3.726 3.804 3.873 3.937 3.996 4.052 4.105 4.156 4.205 4.252 4.297 4.341 4.383 4.423 4.462 4.500 4.537 4.573 4.608 4.643 4.676 4.709 4.741 4.773 4.804 4.835 4.865 4.896 4.926 4.956 4.986 5.016 5.046 5.075 5.104 5.134 5.162 5.188 5.216 5.243 5.270 5.296 5.321 5.345 5.369 5.392 5.414 5.436 5.457 5.477 5.496 5.515 5.533 5.551 5.567 5.584
-99.000 -99.000 -99.000 -99.000 -99.000 -99.000 1.648 1.651 1.689 1.814 2.029 2.303 2.594 2.870 3.107 3.301 3.455 3.578 3.678 3.762 3.836 3.902 3.964 4.021 4.076 4.128 4.178 4.226 4.272 4.317 4.360 4.402 4.442 4.480 4.518 4.555 4.590 4.625 4.659 4.692 4.725 4.756 4.787 4.818 4.848 4.878 4.908 4.938 4.967 4.996 5.025 5.054 5.083 5.112 5.141 5.168 5.195 5.222 5.249 5.276 5.302 5.328 5.353 5.377 5.401 5.424 5.446 5.467 5.488 5.508 5.527 5.546 5.564 5.581 5.598
-99.000 -99.000 -99.000 -99.000 -99.000 -99.000 1.648 1.659 1.729 1.895 2.139 2.425 2.714 2.975 3.195 3.372 3.512 3.624 3.717 3.796 3.866 3.930 3.990 4.046 4.099 4.150 4.199 4.247 4.292 4.336 4.379 4.420 4.460 4.498 4.535 4.572 4.607 4.642 4.675 4.708 4.740 4.772 4.802 4.832 4.862 4.892 4.921 4.949 4.978 5.007 5.035 5.063 5.091 5.120 5.148 5.175 5.201 5.228 5.255 5.282 5.308 5.334 5.359 5.384 5.408 5.431 5.454 5.476 5.498 5.519 5.539 5.558 5.577 5.594 5.612
-99.000 -99.000 -99.000 -99.000 -99.000 1.648 1.650 1.678 1.787 1.988 2.255 2.547 2.827 3.073 3.275 3.436 3.563 3.667 3.753 3.828 3.895 3.957 4.015 4.069 4.121 4.172 4.220 4.266 4.311 4.355 4.397 4.438 4.477 4.515 4.552 4.588 4.624 4.658 4.691 4.724 4.756 4.787 4.817 4.847 4.876 4.905 4.934 4.962 4.990 5.017 5.045 5.073 5.100 5.128 5.155 5.181 5.208 5.234 5.261 5.287 5.314 5.339 5.365 5.390 5.414 5.438 5.461 5.484 5.506 5.528 5.548 5.568 5.588 5.606 5.624
-99.000 -99.000 -99.000 -99.000 -99.000 1.648 1.655 1.711 1.860 2.093 2.375 2.666 2.935 3.163 3.348 3.494 3.611 3.706 3.788 3.859 3.923 3.983 4.039 4.092 4.143 4.193 4.240 4.286 4.330 4.373 4.415 4.456 4.494 4.531 4.569 4.605 4.640 4.674 4.707 4.739 4.771 4.802 4.832 4.861 4.890 4.919 4.947 4.974 5.002 5.029 5.056 5.083 5.110 5.136 5.163 5.189 5.214 5.241 5.267 5.293 5.319 5.345 5.370 5.395 5.420 5.444 5.468 5.491 5.513 5.535 5.557 5.578 5.598 5.617 5.636
-99.000 -99.000 -99.000 -99.000 -99.000 1.649 1.668 1.760 1.947 2.204 2.495 2.780 3.034 3.246 3.414 3.548 3.655 3.744 3.820 3.888 3.950 4.008 4.063 4.115 4.165 4.213 4.260 4.305 4.348 4.391 4.432 4.472 4.510 4.548 4.584 4.620 4.655 4.689 4.722 4.754 4.786 4.816 4.846 4.876 4.904 4.932 4.960 4.987 5.014 5.041 5.067 5.094 5.120 5.146 5.172 5.197 5.222 5.247 5.273 5.299 5.324 5.350 5.375 5.400 5.425 5.449 5.473 5.496 5.520 5.542 5.564 5.585 5.606 5.626 5.645
-99.000 -99.000 -99.000 -99.000 1.648 1.652 1.693 1.824 2.045 2.320 2.613 2.889 3.127 3.321 3.474 3.597 3.696 3.779 3.852 3.917 3.977 4.033 4.086 4.137 4.186 4.233 4.279 4.323 4.366 4.408 4.449 4.489 4.526 4.563 4.600 4.635 4.670 4.704 4.737 4.769 4.800 4.831 4.860 4.890 4.918 4.946 4.973 5.000 5.027 5.053 5.079 5.105 5.130 5.156 5.181 5.206 5.230 5.255 5.280 5.305 5.330 5.355 5.380 5.405 5.429 5.454 5.478 5.501 5.525 5.548 5.570 5.592 5.613 5.634 5.654
-99.000 -99.000 -99.000 -99.000 1.648 1.661 1.734 1.903 2.151 2.438 2.727 2.990 3.212 3.389 3.530 3.642 3.734 3.812 3.882 3.944 4.002 4.057 4.109 4.159 4.207 4.253 4.298 4.341 4.384 4.425 4.465 4.505 4.542 4.578 4.615 4.650 4.685 4.718 4.751 4.783 4.814 4.845 4.874 4.903 4.932 4.959 4.987 5.013 5.040 5.066 5.091 5.116 5.142 5.167 5.191 5.215 5.239 5.263 5.288 5.312 5.337 5.361 5.386 5.410 5.434 5.458 5.482 5.506 5.529 5.552 5.575 5.597 5.619 5.640 5.661
-99.000 -99.000 -99.000 1.648 1.650 1.679 1.790 1.994 2.262 2.554 2.837 3.085 3.289 3.452 3.580 3.684 3.770 3.844 3.910 3.971 4.027 4.080 4.131 4.180 4.227 4.272 4.316 4.359 4.401 4.442 4.481 4.520 4.557 4.593 4.629 4.664 4.699 4.732 4.765 4.797 4.828 4.858 4.888 4.917 4.945 4.973 5.000 5.026 5.053 5.078 5.104 5.129 5.153 5.178 5.202 5.226 5.249 5.272 5.296 5.320 5.344 5.368 5.392 5.416 5.439 5.463 5.487 5.510 5.534 5.557 5.580 5.602 5.624 5.646 5.667
-99.000 -99.000 -99.000 1.648 1.655 1.710 1.859 2.093 2.376 2.669 2.941 3.173 3.360 3.509 3.627 3.723 3.804 3.875 3.939 3.997 4.052 4.104 4.153 4.201 4.247 4.291 4.335 4.377 4.418 4.458 4.497 4.535 4.572 4.607 4.643 4.678 4.712 4.745 4.778 4.810 4.841 4.871 4.901 4.930 4.958 4.986 5.013 5.039 5.065 5.091 5.116 5.141 5.165 5.189 5.213 5.236 5.259 5.282 5.306 5.329 5.352 5.375 5.399 5.422 5.445 5.469 5.492 5.515 5.538 5.561 5.584 5.606 5.628 5.650 5.672
-99.000 -99.000 -99.000 1.649 1.667 1.756 1.942 2.200 2.492 2.779 3.038 3.253 3.425 3.562 3.671 3.760 3.837 3.905 3.966 4.023 4.076 4.127 4.175 4.222 4.267 4.311 4.353 4.394 4.435 4.474 4.512 4.550 4.586 4.621 4.657 4.691 4.725 4.758 4.791 4.822 4.853 4.884 4.913 4.942 4.970 4.998 5.025 5.052 5.078 5.103 5.128 5.153 5.177 5.201 5.225 5.248 5.270 5.293 5.316 5.339 5.361 5.384 5.407 5.429 5.452 5.475 5.497 5.520 5.543 5.565 5.588 5.610 5.632 5.654 5.676
-99.000 -99.000 1.648 1.651 1.690 1.817 2.034 2.310 2.606 2.885 3.128 3.327 3.485 3.610 3.711 3.796 3.868 3.933 3.993 4.048 4.100 4.149 4.197 4.243 4.287 4.330 4.371 4.412 4.451 4.490 4.528 4.565 4.600 4.635 4.670 4.704 4.738 4.771 4.803 4.834 4.865 4.895 4.925 4.954 4.982 5.010 5.037 5.064 5.090 5.115 5.140 5.165 5.189 5.213 5.237 5.259 5.281 5.304 5.326 5.349 5.371 5.393 5.416 5.438 5.460 5.482 5.504 5.526 5.548 5.570 5.592 5.614 5.636 5.658 5.679
-99.000 -99.000 1.648 1.659 1.727 1.891 2.135 2.423 2.717 2.985 3.212 3.395 3.540 3.656 3.750 3.829 3.899 3.961 4.019 4.073 4.124 4.172 4.219 4.264 4.307 4.349 4.390 4.429 4.468 4.506 4.543 4.580 4.615 4.649 4.683 4.717 4.750 4.783 4.815 4.846 4.877 4.907 4.936 4.965 4.994 5.021 5.049 5.075 5.101 5.127 5.152 5.177 5.201 5.225 5.248 5.271 5.293 5.315 5.338 5.360 5.382 5.403 5.425 5.447 5.468 5.490 5.511 5.533 5.554 5.576 5.597 5.618 5.640 5.661 5.683
-99.000 -99.000 1.649 1.674 1.778 1.976 2.242 2.537 2.824 3.078 3.289 3.458 3.591 3.698 3.786 3.862 3.929 3.989 4.045 4.098 4.147 4.195 4.241 4.284 4.327 4.368 4.408 4.447 4.485 4.522 4.559 4.595 4.629 4.663 4.697 4.730 4.763 4.795 4.827 4.858 4.888 4.918 4.947 4.976 5.005 5.032 5.059 5.086 5.112 5.138 5.163 5.188 5.212 5.236 5.260 5.282 5.304 5.327 5.349 5.371 5.392 5.414 5.435 5.457 5.478 5.499 5.519 5.540 5.561 5.582 5.603 5.624 5.644 5.665 5.686
-99.000 1.648 1.653 1.702 1.842 2.071 2.353 2.649 2.927 3.166 3.361 3.516 3.639 3.738 3.821 3.894 3.958 4.017 4.071 4.123 4.171 4.218 4.263 4.306 4.347 4.388 4.427 4.465 4.503 4.539 4.575 4.610 4.643 4.677 4.710 4.743 4.775 4.807 4.838 4.869 4.899 4.929 4.958 4.987 5.015 5.043 5.070 5.097 5.123 5.149 5.174 5.199 5.223 5.247 5.271 5.293 5.315 5.338 5.360 5.382 5.403 5.425 5.446 5.467 5.488 5.508 5.528 5.549 5.569 5.589 5.609 5.630 5.650 5.670 5.691
-99.000 1.649 1.663 1.743 1.920 2.173 2.465 2.759 3.025 3.248 3.427 3.570 3.683 3.777 3.855 3.925 3.987 4.044 4.097 4.148 4.195 4.241 4.285 4.327 4.368 4.408 4.446 4.484 4.520 4.556 4.591 4.625 4.658 4.691 4.724 4.756 4.788 4.819 4.850 4.880 4.910 4.940 4.969 4.997 5.025 5.053 5.080 5.107 5.133 5.159 5.184 5.209 5.234 5.258 5.282 5.304 5.326 5.348 5.371 5.393 5.414 5.435 5.456 5.477 5.498 5.518 5.538 5.558 5.578 5.597 5.617 5.637 5.656 5.676 5.696
