version1/TsunamiDB/out54067.asc
ncols          264
nrows          230
xllcorner      497853.4375
yllcorner      4229146.0000
cellsize         5.
NODATA_value   -99
[rows 165 to 197 of 230, columns 150 to 224 of 264]
6.868 6.883 6.898 6.914 6.930 6.947 6.965 6.982 6.999 7.015 7.030 7.043 7.053 7.061 7.065 7.069 7.077 7.094 7.118 7.147 7.188 7.239 7.300 7.369 7.447 7.529 7.610 7.676 7.748 7.837 7.925 8.009 8.090 8.168 8.243 8.313 8.379 8.422 8.468 8.531 8.593 8.651 8.706 8.757 8.804 8.842 8.871 8.887 8.904 8.930 8.954 8.977 8.996 9.013 9.029 9.042 9.053 9.054 9.055 9.064 9.073 9.082 9.089 9.096 9.103 9.107 9.109 9.105 9.102 9.104 9.106 9.109 9.110 9.111 9.112
6.886 6.901 6.916 6.932 6.949 6.966 6.984 7.001 7.019 7.035 7.051 7.064 7.076 7.084 7.088 7.090 7.097 7.115 7.139 7.169 7.212 7.265 7.329 7.403 7.483 7.571 7.655 7.719 7.791 7.882 7.970 8.055 8.137 8.215 8.289 8.361 8.427 8.468 8.512 8.574 8.634 8.690 8.743 8.792 8.836 8.870 8.896 8.911 8.927 8.952 8.974 8.996 9.014 9.031 9.046 9.060 9.071 9.072 9.073 9.083 9.091 9.100 9.108 9.114 9.121 9.124 9.124 9.120 9.116 9.117 9.118 9.119 9.120 9.121 9.121
6.904 6.919 6.935 6.951 6.968 6.985 7.003 7.021 7.039 7.056 7.072 7.087 7.099 7.107 7.111 7.113 7.121 7.139 7.164 7.195 7.239 7.296 7.363 7.440 7.526 7.616 7.698 7.762 7.834 7.926 8.015 8.101 8.183 8.262 8.337 8.409 8.472 8.512 8.554 8.615 8.672 8.727 8.777 8.823 8.864 8.894 8.919 8.934 8.949 8.972 8.994 9.014 9.032 9.049 9.064 9.077 9.088 9.090 9.091 9.101 9.110 9.118 9.126 9.132 9.137 9.140 9.140 9.135 9.130 9.130 9.131 9.131 9.131 9.131 9.130
6.922 6.937 6.953 6.969 6.986 7.004 7.023 7.041 7.060 7.078 7.094 7.109 7.122 7.131 7.136 7.139 7.147 7.167 7.192 7.225 7.271 7.331 7.401 7.481 7.570 7.659 7.740 7.804 7.876 7.968 8.059 8.147 8.229 8.309 8.385 8.455 8.516 8.553 8.594 8.652 8.708 8.760 8.808 8.850 8.887 8.917 8.942 8.956 8.970 8.992 9.013 9.033 9.050 9.066 9.081 9.094 9.106 9.107 9.109 9.118 9.128 9.137 9.144 9.150 9.154 9.155 9.156 9.150 9.144 9.144 9.143 9.143 9.142 9.141 9.140
6.938 6.954 6.971 6.988 7.005 7.023 7.042 7.061 7.080 7.099 7.117 7.133 7.147 7.157 7.163 7.167 7.176 7.197 7.224 7.258 7.307 7.368 7.441 7.523 7.612 7.700 7.782 7.845 7.917 8.012 8.103 8.192 8.276 8.356 8.431 8.499 8.557 8.593 8.632 8.688 8.741 8.791 8.835 8.875 8.910 8.939 8.963 8.976 8.990 9.011 9.032 9.051 9.068 9.084 9.098 9.111 9.122 9.124 9.126 9.136 9.146 9.155 9.162 9.167 9.170 9.172 9.171 9.165 9.159 9.158 9.156 9.155 9.153 9.151 9.150
6.954 6.971 6.988 7.005 7.024 7.042 7.062 7.082 7.101 7.121 7.140 7.157 7.172 7.184 7.191 7.197 7.208 7.231 7.259 7.296 7.346 7.409 7.482 7.564 7.653 7.741 7.823 7.886 7.959 8.054 8.147 8.238 8.322 8.401 8.476 8.541 8.596 8.631 8.668 8.721 8.772 8.819 8.861 8.898 8.932 8.959 8.983 8.996 9.010 9.031 9.050 9.069 9.085 9.101 9.115 9.128 9.139 9.141 9.144 9.154 9.164 9.172 9.179 9.184 9.187 9.188 9.187 9.180 9.174 9.172 9.170 9.167 9.165 9.162 9.160
6.969 6.987 7.005 7.023 7.042 7.061 7.081 7.102 7.122 7.143 7.163 7.182 7.199 7.212 7.222 7.230 7.243 7.267 7.298 7.335 7.387 7.451 7.523 7.603 7.691 7.780 7.864 7.928 8.001 8.097 8.192 8.282 8.366 8.445 8.518 8.581 8.634 8.667 8.702 8.752 8.801 8.845 8.885 8.921 8.952 8.980 9.003 9.016 9.029 9.049 9.069 9.087 9.102 9.117 9.131 9.144 9.156 9.158 9.161 9.171 9.181 9.190 9.196 9.201 9.203 9.204 9.203 9.196 9.189 9.186 9.183 9.180 9.177 9.173 9.170
6.984 7.002 7.021 7.040 7.059 7.079 7.100 7.122 7.143 7.165 7.187 7.207 7.226 7.242 7.254 7.264 7.279 7.305 7.337 7.376 7.428 7.491 7.562 7.641 7.729 7.819 7.905 7.969 8.043 8.141 8.236 8.326 8.410 8.488 8.559 8.620 8.670 8.701 8.734 8.782 8.827 8.870 8.908 8.942 8.973 9.000 9.023 9.035 9.048 9.068 9.087 9.104 9.119 9.134 9.147 9.160 9.172 9.175 9.178 9.189 9.199 9.207 9.213 9.218 9.220 9.220 9.219 9.211 9.204 9.200 9.197 9.193 9.189 9.185 9.181
6.998 7.017 7.036 7.056 7.076 7.097 7.119 7.142 7.164 7.188 7.211 7.234 7.255 7.273 7.287 7.299 7.316 7.344 7.378 7.417 7.469 7.531 7.601 7.680 7.768 7.860 7.948 8.012 8.086 8.186 8.280 8.369 8.451 8.528 8.597 8.655 8.704 8.733 8.763 8.809 8.852 8.893 8.930 8.963 8.993 9.019 9.042 9.054 9.066 9.086 9.104 9.121 9.136 9.150 9.163 9.176 9.188 9.192 9.195 9.206 9.216 9.224 9.230 9.234 9.236 9.236 9.234 9.227 9.219 9.215 9.211 9.206 9.201 9.197 9.193
7.011 7.032 7.052 7.072 7.094 7.115 7.138 7.162 7.186 7.211 7.235 7.260 7.284 7.304 7.321 7.335 7.354 7.384 7.418 7.458 7.510 7.571 7.640 7.718 7.806 7.899 7.989 8.055 8.129 8.228 8.321 8.409 8.490 8.565 8.633 8.690 8.736 8.763 8.792 8.835 8.877 8.916 8.951 8.984 9.013 9.039 9.061 9.073 9.084 9.103 9.121 9.138 9.153 9.166 9.179 9.192 9.205 9.209 9.212 9.223 9.233 9.241 9.246 9.251 9.253 9.252 9.250 9.242 9.234 9.229 9.224 9.220 9.214 9.209 9.205
7.025 7.046 7.067 7.089 7.111 7.133 7.157 7.182 7.207 7.234 7.260 7.287 7.313 7.336 7.355 7.371 7.392 7.422 7.457 7.497 7.549 7.609 7.678 7.756 7.843 7.938 8.033 8.099 8.172 8.270 8.363 8.449 8.529 8.603 8.669 8.724 8.767 8.793 8.820 8.861 8.902 8.939 8.973 9.005 9.034 9.059 9.080 9.092 9.103 9.121 9.139 9.155 9.170 9.183 9.196 9.208 9.222 9.226 9.230 9.240 9.250 9.258 9.263 9.267 9.269 9.269 9.266 9.257 9.248 9.244 9.239 9.233 9.228 9.222 9.217
7.038 7.060 7.082 7.105 7.128 7.152 7.176 7.202 7.229 7.257 7.285 7.314 7.342 7.367 7.388 7.406 7.427 7.459 7.495 7.535 7.586 7.647 7.716 7.794 7.881 7.983 8.080 8.143 8.214 8.312 8.404 8.489 8.567 8.640 8.704 8.756 8.796 8.820 8.847 8.887 8.926 8.962 8.996 9.027 9.055 9.079 9.099 9.110 9.121 9.140 9.157 9.173 9.187 9.200 9.212 9.226 9.240 9.244 9.247 9.258 9.267 9.274 9.280 9.284 9.285 9.284 9.281 9.272 9.263 9.258 9.253 9.247 9.241 9.236 9.230
7.052 7.075 7.098 7.121 7.145 7.170 7.196 7.223 7.251 7.280 7.310 7.340 7.370 7.397 7.420 7.439 7.463 7.496 7.532 7.572 7.624 7.685 7.755 7.835 7.928 8.030 8.124 8.186 8.256 8.352 8.442 8.526 8.603 8.673 8.735 8.784 8.824 8.848 8.873 8.912 8.950 8.986 9.018 9.049 9.076 9.099 9.119 9.130 9.140 9.158 9.175 9.191 9.205 9.218 9.231 9.245 9.259 9.262 9.265 9.275 9.284 9.291 9.296 9.299 9.301 9.299 9.296 9.287 9.278 9.273 9.267 9.262 9.256 9.250 9.245
7.066 7.090 7.114 7.138 7.163 7.189 7.215 7.243 7.273 7.303 7.335 7.366 7.398 7.427 7.451 7.472 7.497 7.531 7.568 7.609 7.662 7.725 7.797 7.880 7.976 8.074 8.164 8.225 8.296 8.390 8.479 8.561 8.636 8.704 8.763 8.811 8.852 8.875 8.899 8.937 8.975 9.010 9.041 9.071 9.097 9.119 9.139 9.149 9.159 9.176 9.194 9.210 9.224 9.238 9.251 9.264 9.277 9.280 9.283 9.293 9.301 9.307 9.312 9.315 9.316 9.314 9.311 9.302 9.293 9.288 9.282 9.276 9.270 9.265 9.260
7.081 7.106 7.131 7.156 7.181 7.208 7.235 7.264 7.295 7.326 7.359 7.392 7.425 7.455 7.481 7.504 7.530 7.566 7.604 7.647 7.701 7.765 7.840 7.925 8.019 8.115 8.202 8.263 8.332 8.425 8.513 8.594 8.667 8.732 8.789 8.838 8.879 8.901 8.925 8.963 8.999 9.034 9.064 9.092 9.118 9.140 9.159 9.169 9.178 9.196 9.213 9.229 9.244 9.258 9.271 9.283 9.295 9.298 9.301 9.310 9.317 9.323 9.327 9.330 9.330 9.329 9.326 9.317 9.308 9.303 9.297 9.291 9.285 9.280 9.275
7.097 7.122 7.148 7.173 7.200 7.227 7.255 7.285 7.316 7.349 7.383 7.417 7.451 7.483 7.510 7.535 7.563 7.600 7.640 7.685 7.740 7.807 7.882 7.966 8.059 8.152 8.237 8.298 8.367 8.458 8.544 8.624 8.695 8.759 8.816 8.864 8.905 8.927 8.950 8.988 9.024 9.057 9.087 9.114 9.139 9.161 9.180 9.189 9.198 9.216 9.233 9.250 9.264 9.278 9.291 9.303 9.313 9.316 9.318 9.326 9.333 9.339 9.342 9.344 9.345 9.343 9.340 9.332 9.323 9.318 9.313 9.307 9.301 9.295 9.291
7.113 7.139 7.165 7.192 7.218 7.246 7.275 7.306 7.338 7.371 7.406 7.441 7.476 7.509 7.539 7.565 7.594 7.633 7.676 7.722 7.779 7.847 7.921 8.004 8.094 8.185 8.270 8.331 8.399 8.489 8.574 8.653 8.722 8.785 8.841 8.889 8.930 8.953 8.975 9.013 9.049 9.081 9.110 9.137 9.161 9.182 9.202 9.210 9.219 9.237 9.254 9.270 9.284 9.298 9.310 9.322 9.331 9.333 9.335 9.343 9.349 9.354 9.357 9.359 9.359 9.357 9.355 9.347 9.338 9.333 9.328 9.323 9.317 9.311 9.306
7.130 7.157 7.183 7.210 7.238 7.266 7.295 7.326 7.359 7.393 7.428 7.464 7.501 7.535 7.566 7.594 7.625 7.666 7.710 7.758 7.816 7.884 7.957 8.038 8.126 8.216 8.301 8.362 8.429 8.519 8.603 8.680 8.748 8.810 8.865 8.914 8.955 8.977 9.000 9.038 9.073 9.105 9.133 9.159 9.182 9.204 9.223 9.232 9.240 9.258 9.275 9.291 9.305 9.318 9.330 9.341 9.349 9.351 9.352 9.359 9.364 9.369 9.371 9.373 9.373 9.372 9.370 9.362 9.353 9.349 9.344 9.338 9.332 9.326 9.321
7.147 7.175 7.202 7.229 7.257 7.285 7.315 7.347 7.380 7.414 7.450 7.487 7.524 7.559 7.591 7.621 7.654 7.697 7.743 7.793 7.852 7.919 7.991 8.070 8.156 8.246 8.331 8.392 8.459 8.547 8.630 8.706 8.773 8.834 8.890 8.938 8.979 9.002 9.024 9.061 9.096 9.128 9.155 9.181 9.204 9.225 9.245 9.253 9.261 9.279 9.295 9.311 9.325 9.338 9.349 9.359 9.366 9.367 9.368 9.374 9.379 9.383 9.385 9.386 9.387 9.386 9.384 9.377 9.368 9.364 9.359 9.354 9.347 9.341 9.335
7.165 7.193 7.221 7.248 7.276 7.305 7.335 7.366 7.400 7.435 7.471 7.509 7.547 7.583 7.616 7.648 7.683 7.727 7.776 7.826 7.885 7.952 8.023 8.100 8.185 8.273 8.360 8.421 8.487 8.574 8.656 8.730 8.796 8.857 8.913 8.961 9.002 9.025 9.047 9.084 9.119 9.150 9.177 9.203 9.226 9.247 9.266 9.274 9.282 9.300 9.316 9.331 9.344 9.357 9.368 9.376 9.383 9.384 9.384 9.389 9.393 9.397 9.399 9.400 9.400 9.400 9.398 9.391 9.383 9.379 9.374 9.369 9.362 9.356 9.349
7.183 7.212 7.240 7.267 7.296 7.324 7.354 7.386 7.419 7.455 7.492 7.530 7.568 7.605 7.640 7.673 7.709 7.756 7.806 7.857 7.917 7.982 8.052 8.128 8.211 8.299 8.388 8.449 8.514 8.600 8.680 8.753 8.819 8.880 8.935 8.983 9.025 9.047 9.069 9.106 9.141 9.172 9.199 9.225 9.247 9.268 9.288 9.296 9.304 9.321 9.337 9.351 9.364 9.376 9.386 9.394 9.400 9.399 9.399 9.403 9.407 9.411 9.412 9.414 9.414 9.413 9.412 9.405 9.397 9.393 9.389 9.383 9.377 9.370 9.362
7.202 7.230 7.258 7.287 7.315 7.343 7.373 7.405 7.438 7.474 7.511 7.550 7.588 7.626 7.662 7.695 7.733 7.782 7.834 7.886 7.946 8.010 8.080 8.154 8.236 8.327 8.417 8.476 8.540 8.625 8.704 8.776 8.841 8.902 8.956 9.004 9.046 9.068 9.090 9.127 9.162 9.193 9.221 9.246 9.269 9.290 9.310 9.318 9.325 9.342 9.357 9.371 9.383 9.394 9.404 9.411 9.415 9.414 9.414 9.418 9.421 9.424 9.426 9.427 9.427 9.427 9.426 9.419 9.411 9.408 9.403 9.397 9.390 9.383 9.374
7.220 7.249 7.277 7.306 7.334 7.362 7.392 7.423 7.457 7.492 7.530 7.568 7.607 7.645 7.680 7.716 7.757 7.808 7.861 7.914 7.974 8.039 8.108 8.182 8.266 8.358 8.444 8.502 8.566 8.649 8.727 8.798 8.863 8.922 8.977 9.024 9.066 9.088 9.110 9.147 9.182 9.214 9.242 9.267 9.290 9.312 9.332 9.339 9.346 9.362 9.376 9.390 9.401 9.411 9.420 9.425 9.429 9.429 9.428 9.431 9.434 9.437 9.438 9.439 9.440 9.440 9.439 9.432 9.424 9.421 9.416 9.410 9.403 9.395 9.386
7.238 7.267 7.296 7.324 7.352 7.381 7.410 7.441 7.474 7.509 7.547 7.585 7.624 7.661 7.697 7.736 7.780 7.833 7.887 7.942 8.002 8.067 8.136 8.212 8.296 8.385 8.469 8.527 8.590 8.671 8.749 8.819 8.883 8.942 8.996 9.043 9.086 9.107 9.129 9.167 9.202 9.234 9.262 9.288 9.312 9.333 9.352 9.359 9.366 9.381 9.395 9.407 9.418 9.427 9.434 9.439 9.443 9.442 9.441 9.444 9.447 9.449 9.451 9.452 9.452 9.452 9.451 9.444 9.437 9.433 9.428 9.422 9.415 9.406 9.396
7.255 7.284 7.314 7.342 7.370 7.398 7.427 7.457 7.490 7.525 7.562 7.600 7.638 7.675 7.714 7.756 7.803 7.858 7.913 7.970 8.031 8.096 8.166 8.242 8.325 8.411 8.493 8.551 8.613 8.694 8.771 8.840 8.903 8.961 9.014 9.061 9.104 9.125 9.147 9.186 9.222 9.254 9.283 9.309 9.332 9.353 9.372 9.378 9.384 9.399 9.412 9.424 9.434 9.441 9.448 9.452 9.456 9.455 9.453 9.456 9.459 9.461 9.462 9.463 9.464 9.464 9.462 9.456 9.448 9.444 9.439 9.433 9.425 9.416 9.404
7.271 7.301 7.331 7.359 7.387 7.415 7.443 7.473 7.505 7.539 7.576 7.613 7.651 7.689 7.730 7.776 7.826 7.882 7.940 7.998 8.061 8.127 8.196 8.271 8.351 8.435 8.516 8.575 8.636 8.717 8.792 8.862 8.924 8.980 9.031 9.078 9.121 9.143 9.165 9.204 9.240 9.273 9.302 9.328 9.352 9.372 9.390 9.396 9.402 9.416 9.428 9.439 9.448 9.455 9.460 9.465 9.468 9.467 9.465 9.468 9.470 9.472 9.473 9.474 9.474 9.474 9.473 9.466 9.458 9.454 9.449 9.442 9.434 9.423 9.411
7.287 7.317 7.347 7.376 7.404 7.431 7.458 7.487 7.518 7.551 7.586 7.623 7.662 7.703 7.747 7.795 7.849 7.907 7.967 8.026 8.090 8.157 8.225 8.298 8.376 8.458 8.540 8.599 8.660 8.740 8.816 8.884 8.943 8.998 9.048 9.095 9.138 9.160 9.182 9.221 9.258 9.291 9.320 9.347 9.370 9.390 9.407 9.413 9.418 9.431 9.443 9.453 9.460 9.467 9.472 9.476 9.480 9.478 9.476 9.479 9.481 9.483 9.483 9.484 9.484 9.483 9.482 9.475 9.467 9.463 9.457 9.450 9.441 9.429 9.415
7.301 7.332 7.362 7.391 7.419 7.445 7.471 7.499 7.529 7.560 7.595 7.633 7.673 7.716 7.763 7.816 7.871 7.932 7.992 8.054 8.120 8.186 8.253 8.324 8.399 8.482 8.565 8.625 8.685 8.766 8.841 8.906 8.964 9.016 9.064 9.111 9.154 9.176 9.198 9.238 9.275 9.308 9.337 9.364 9.386 9.406 9.422 9.427 9.432 9.444 9.455 9.464 9.472 9.477 9.482 9.486 9.490 9.488 9.486 9.489 9.491 9.492 9.493 9.492 9.492 9.491 9.490 9.483 9.474 9.470 9.464 9.456 9.445 9.432 9.416
7.314 7.345 7.376 7.405 7.432 7.457 7.482 7.509 7.538 7.568 7.603 7.641 7.683 7.729 7.780 7.836 7.893 7.955 8.017 8.080 8.147 8.214 8.280 8.349 8.424 8.508 8.593 8.653 8.713 8.793 8.865 8.928 8.983 9.033 9.080 9.126 9.170 9.192 9.214 9.254 9.291 9.324 9.353 9.379 9.401 9.420 9.435 9.440 9.444 9.456 9.466 9.474 9.481 9.486 9.491 9.495 9.498 9.497 9.495 9.497 9.499 9.500 9.500 9.500 9.499 9.498 9.497 9.489 9.480 9.475 9.469 9.460 9.447 9.433 9.414
7.326 7.357 7.388 7.417 7.443 7.467 7.491 7.517 7.545 7.574 7.609 7.648 7.692 7.742 7.796 7.854 7.914 7.977 8.040 8.105 8.174 8.242 8.308 8.377 8.451 8.534 8.621 8.682 8.742 8.820 8.890 8.951 9.003 9.051 9.096 9.141 9.185 9.207 9.229 9.269 9.306 9.338 9.366 9.392 9.414 9.432 9.447 9.451 9.455 9.465 9.475 9.483 9.489 9.494 9.499 9.503 9.506 9.504 9.502 9.504 9.506 9.507 9.507 9.506 9.505 9.504 9.503 9.495 9.485 9.479 9.471 9.461 9.447 9.430 9.409
7.336 7.368 7.398 7.427 7.453 7.475 7.497 7.522 7.550 7.579 7.614 7.654 7.701 7.754 7.812 7.873 7.935 7.998 8.062 8.130 8.201 8.270 8.337 8.406 8.479 8.563 8.656 8.717 8.774 8.849 8.917 8.974 9.024 9.069 9.112 9.155 9.201 9.223 9.244 9.284 9.320 9.351 9.379 9.404 9.426 9.443 9.456 9.460 9.464 9.474 9.483 9.490 9.496 9.501 9.506 9.509 9.513 9.511 9.508 9.510 9.512 9.513 9.513 9.512 9.510 9.508 9.507 9.498 9.488 9.481 9.472 9.459 9.443 9.424 9.399
7.345 7.376 7.407 7.435 7.460 7.481 7.501 7.526 7.554 7.584 7.620 7.661 7.711 7.767 7.828 7.890 7.954 8.018 8.083 8.154 8.227 8.298 8.369 8.439 8.510 8.603 8.699 8.754 8.808 8.880 8.943 8.997 9.044 9.087 9.127 9.172 9.218 9.239 9.259 9.298 9.333 9.363 9.390 9.415 9.436 9.452 9.464 9.467 9.471 9.480 9.489 9.496 9.502 9.507 9.511 9.515 9.518 9.516 9.513 9.515 9.517 9.517 9.517 9.516 9.513 9.512 9.510 9.500 9.489 9.481 9.470 9.455 9.436 9.413 9.386
7.351 7.383 7.413 7.441 7.464 7.484 7.505 7.530 7.558 7.589 7.626 7.670 7.722 7.779 7.841 7.906 7.974 8.040 8.105 8.180 8.256 8.331 8.404 8.478 8.558 8.652 8.739 8.791 8.842 8.909 8.969 9.020 9.065 9.106 9.147 9.191 9.234 9.254 9.274 9.311 9.344 9.374 9.400 9.423 9.443 9.458 9.470 9.473 9.476 9.486 9.494 9.501 9.506 9.511 9.515 9.519 9.522 9.520 9.517 9.519 9.520 9.521 9.520 9.518 9.516 9.514 9.511 9.501 9.488 9.478 9.464 9.447 9.425 9.399 9.367
