version1/TsunamiDB/out54074.asc
ncols          264
nrows          230
xllcorner      497853.4375
yllcorner      4229146.0000
cellsize         5.
NODATA_value   -99
[rows 165 to 197 of 230, columns 152 to 227 of 264]
6.949 6.963 6.977 6.991 7.005 7.019 7.033 7.046 7.059 7.070 7.079 7.085 7.087 7.087 7.089 7.099 7.115 7.136 7.169 7.212 7.264 7.327 7.398 7.474 7.551 7.613 7.680 7.765 7.848 7.929 8.006 8.081 8.152 8.219 8.283 8.325 8.368 8.429 8.488 8.544 8.596 8.646 8.692 8.729 8.758 8.775 8.794 8.820 8.846 8.871 8.892 8.913 8.931 8.948 8.964 8.970 8.977 8.991 9.004 9.018 9.030 9.042 9.052 9.061 9.066 9.065 9.065 9.068 9.072 9.074 9.075 9.075 9.074 9.072 9.069 9.062
6.965 6.978 6.992 7.007 7.021 7.036 7.050 7.064 7.078 7.089 7.099 7.106 7.108 7.107 7.109 7.120 7.136 7.158 7.193 7.238 7.294 7.360 7.434 7.517 7.596 7.657 7.724 7.810 7.894 7.976 8.054 8.128 8.199 8.269 8.332 8.371 8.413 8.473 8.530 8.583 8.634 8.681 8.724 8.757 8.782 8.798 8.815 8.840 8.864 8.887 8.908 8.927 8.945 8.962 8.977 8.984 8.990 9.005 9.018 9.032 9.044 9.056 9.067 9.074 9.079 9.078 9.077 9.081 9.083 9.085 9.086 9.086 9.085 9.082 9.079 9.072
6.980 6.994 7.008 7.023 7.037 7.052 7.067 7.082 7.096 7.109 7.119 7.126 7.128 7.128 7.130 7.142 7.160 7.183 7.219 7.268 7.328 7.397 7.477 7.562 7.640 7.700 7.768 7.855 7.940 8.023 8.101 8.176 8.249 8.318 8.379 8.417 8.457 8.514 8.569 8.621 8.669 8.713 8.752 8.781 8.806 8.821 8.836 8.859 8.882 8.904 8.923 8.942 8.960 8.976 8.991 8.997 9.004 9.018 9.032 9.046 9.058 9.070 9.080 9.087 9.092 9.091 9.090 9.093 9.095 9.097 9.097 9.096 9.095 9.092 9.089 9.081
6.995 7.009 7.024 7.039 7.054 7.069 7.085 7.100 7.114 7.128 7.139 7.146 7.149 7.150 7.153 7.167 7.185 7.211 7.249 7.301 7.364 7.437 7.520 7.604 7.682 7.742 7.810 7.898 7.985 8.068 8.148 8.224 8.297 8.365 8.423 8.459 8.498 8.553 8.606 8.656 8.701 8.741 8.776 8.805 8.828 8.842 8.856 8.878 8.900 8.920 8.939 8.957 8.974 8.990 9.005 9.011 9.017 9.031 9.046 9.060 9.072 9.083 9.092 9.099 9.104 9.103 9.102 9.105 9.107 9.108 9.108 9.107 9.105 9.102 9.099 9.091
7.010 7.024 7.039 7.055 7.070 7.086 7.102 7.118 7.133 7.147 7.159 7.167 7.171 7.173 7.178 7.193 7.213 7.241 7.282 7.336 7.402 7.477 7.561 7.644 7.722 7.782 7.850 7.940 8.028 8.113 8.194 8.271 8.344 8.409 8.465 8.500 8.537 8.590 8.640 8.688 8.730 8.767 8.800 8.827 8.850 8.863 8.876 8.897 8.918 8.937 8.955 8.972 8.989 9.004 9.018 9.024 9.031 9.045 9.059 9.073 9.085 9.096 9.105 9.111 9.116 9.115 9.114 9.116 9.118 9.119 9.119 9.117 9.115 9.112 9.109 9.101
7.025 7.040 7.055 7.071 7.087 7.103 7.119 7.136 7.151 7.166 7.179 7.189 7.194 7.197 7.204 7.222 7.244 7.274 7.317 7.373 7.440 7.515 7.599 7.682 7.761 7.821 7.891 7.982 8.071 8.158 8.239 8.316 8.387 8.450 8.505 8.538 8.573 8.624 8.672 8.717 8.756 8.791 8.822 8.848 8.871 8.884 8.896 8.916 8.936 8.955 8.971 8.988 9.004 9.018 9.032 9.038 9.045 9.059 9.073 9.087 9.098 9.108 9.117 9.123 9.128 9.127 9.126 9.128 9.129 9.130 9.129 9.128 9.126 9.123 9.119 9.111
7.040 7.056 7.071 7.087 7.104 7.120 7.137 7.154 7.170 7.186 7.200 7.212 7.219 7.224 7.233 7.252 7.277 7.308 7.353 7.411 7.476 7.551 7.634 7.718 7.799 7.860 7.930 8.022 8.113 8.200 8.282 8.358 8.428 8.490 8.542 8.573 8.607 8.655 8.701 8.743 8.780 8.814 8.844 8.869 8.891 8.904 8.916 8.935 8.954 8.972 8.988 9.003 9.018 9.032 9.046 9.052 9.058 9.072 9.087 9.100 9.111 9.121 9.129 9.135 9.140 9.139 9.137 9.139 9.141 9.141 9.140 9.138 9.136 9.133 9.130 9.122
7.056 7.072 7.088 7.104 7.121 7.138 7.155 7.173 7.190 7.207 7.223 7.236 7.245 7.251 7.262 7.283 7.310 7.343 7.389 7.446 7.511 7.585 7.668 7.754 7.836 7.898 7.969 8.063 8.155 8.242 8.323 8.398 8.467 8.526 8.576 8.606 8.638 8.684 8.727 8.768 8.803 8.835 8.865 8.890 8.911 8.923 8.935 8.954 8.972 8.988 9.004 9.018 9.033 9.047 9.060 9.066 9.072 9.086 9.100 9.113 9.124 9.133 9.141 9.147 9.152 9.150 9.149 9.151 9.151 9.152 9.150 9.148 9.146 9.143 9.141 9.133
7.072 7.088 7.104 7.121 7.138 7.156 7.174 7.192 7.210 7.229 7.246 7.261 7.271 7.280 7.293 7.316 7.344 7.378 7.424 7.481 7.545 7.618 7.701 7.789 7.874 7.937 8.008 8.103 8.194 8.281 8.361 8.435 8.503 8.559 8.607 8.636 8.666 8.709 8.751 8.790 8.824 8.856 8.884 8.909 8.930 8.942 8.953 8.971 8.988 9.005 9.019 9.033 9.047 9.061 9.075 9.080 9.086 9.100 9.114 9.126 9.136 9.146 9.153 9.159 9.163 9.161 9.160 9.161 9.162 9.162 9.161 9.159 9.156 9.154 9.152 9.145
7.088 7.105 7.121 7.139 7.156 7.174 7.193 7.212 7.232 7.251 7.270 7.287 7.299 7.310 7.324 7.349 7.378 7.412 7.459 7.515 7.578 7.651 7.734 7.823 7.910 7.974 8.046 8.141 8.231 8.317 8.395 8.469 8.535 8.590 8.636 8.663 8.692 8.733 8.774 8.811 8.845 8.875 8.904 8.928 8.948 8.960 8.970 8.988 9.005 9.021 9.035 9.049 9.062 9.075 9.089 9.095 9.101 9.114 9.127 9.139 9.149 9.158 9.165 9.170 9.174 9.172 9.170 9.172 9.172 9.172 9.171 9.169 9.167 9.165 9.163 9.156
7.104 7.122 7.139 7.157 7.175 7.194 7.213 7.233 7.254 7.275 7.296 7.314 7.328 7.340 7.356 7.381 7.411 7.446 7.492 7.547 7.610 7.683 7.766 7.856 7.948 8.013 8.083 8.178 8.268 8.352 8.429 8.502 8.567 8.621 8.664 8.689 8.716 8.756 8.795 8.832 8.864 8.895 8.923 8.947 8.967 8.977 8.988 9.005 9.022 9.037 9.051 9.064 9.077 9.090 9.104 9.110 9.115 9.128 9.141 9.152 9.161 9.170 9.177 9.182 9.185 9.183 9.181 9.182 9.183 9.183 9.181 9.180 9.178 9.176 9.175 9.168
7.121 7.139 7.157 7.175 7.194 7.214 7.234 7.256 7.277 7.300 7.322 7.342 7.358 7.371 7.387 7.413 7.444 7.478 7.524 7.579 7.643 7.716 7.799 7.896 7.990 8.051 8.120 8.215 8.303 8.386 8.463 8.533 8.597 8.647 8.687 8.712 8.739 8.778 8.816 8.852 8.884 8.914 8.942 8.965 8.984 8.994 9.005 9.022 9.038 9.054 9.067 9.080 9.092 9.105 9.120 9.125 9.130 9.143 9.154 9.165 9.174 9.182 9.188 9.193 9.195 9.193 9.191 9.192 9.193 9.193 9.192 9.190 9.188 9.188 9.188 9.181
7.139 7.157 7.176 7.195 7.214 7.235 7.256 7.278 7.302 7.325 7.349 7.370 7.387 7.401 7.419 7.446 7.477 7.511 7.557 7.613 7.678 7.752 7.840 7.938 8.028 8.088 8.157 8.250 8.337 8.418 8.493 8.562 8.622 8.670 8.711 8.735 8.760 8.799 8.836 8.871 8.903 8.933 8.960 8.982 9.001 9.011 9.021 9.038 9.055 9.070 9.083 9.096 9.109 9.122 9.136 9.141 9.146 9.157 9.168 9.178 9.186 9.193 9.199 9.203 9.205 9.203 9.201 9.202 9.203 9.203 9.202 9.201 9.200 9.200 9.200 9.193
7.156 7.175 7.195 7.214 7.235 7.256 7.279 7.302 7.326 7.351 7.376 7.398 7.417 7.433 7.451 7.479 7.510 7.545 7.592 7.649 7.715 7.793 7.883 7.977 8.064 8.123 8.191 8.282 8.368 8.448 8.521 8.587 8.645 8.692 8.733 8.757 8.781 8.819 8.856 8.891 8.922 8.951 8.976 8.999 9.018 9.028 9.037 9.054 9.071 9.086 9.100 9.113 9.126 9.139 9.152 9.156 9.160 9.171 9.181 9.190 9.198 9.204 9.209 9.213 9.215 9.213 9.210 9.212 9.213 9.213 9.213 9.213 9.212 9.212 9.212 9.206
7.174 7.194 7.214 7.235 7.256 7.279 7.302 7.326 7.352 7.377 7.403 7.427 7.447 7.464 7.483 7.512 7.544 7.580 7.628 7.686 7.755 7.834 7.923 8.014 8.097 8.156 8.223 8.312 8.397 8.476 8.547 8.610 8.666 8.714 8.754 8.778 8.802 8.840 8.876 8.910 8.940 8.968 8.993 9.015 9.034 9.044 9.054 9.071 9.088 9.103 9.117 9.130 9.143 9.156 9.168 9.171 9.175 9.185 9.194 9.202 9.209 9.215 9.219 9.223 9.225 9.223 9.220 9.222 9.223 9.224 9.224 9.224 9.224 9.224 9.224 9.218
7.193 7.213 7.234 7.256 7.278 7.301 7.326 7.351 7.377 7.404 7.431 7.456 7.477 7.495 7.516 7.546 7.580 7.617 7.666 7.726 7.795 7.873 7.960 8.048 8.130 8.187 8.253 8.341 8.424 8.502 8.570 8.632 8.687 8.734 8.775 8.798 8.822 8.859 8.895 8.928 8.958 8.985 9.010 9.032 9.051 9.061 9.070 9.088 9.104 9.120 9.134 9.148 9.160 9.172 9.183 9.186 9.189 9.198 9.207 9.214 9.220 9.225 9.229 9.232 9.234 9.232 9.230 9.232 9.233 9.234 9.235 9.236 9.236 9.236 9.236 9.230
7.211 7.233 7.255 7.277 7.300 7.324 7.349 7.376 7.403 7.431 7.459 7.485 7.508 7.527 7.550 7.581 7.616 7.655 7.705 7.766 7.833 7.910 7.994 8.079 8.160 8.217 8.282 8.368 8.450 8.526 8.593 8.654 8.708 8.755 8.796 8.819 8.842 8.879 8.915 8.947 8.976 9.003 9.027 9.049 9.068 9.078 9.087 9.104 9.121 9.137 9.152 9.165 9.177 9.188 9.198 9.201 9.203 9.212 9.219 9.226 9.231 9.235 9.239 9.242 9.244 9.242 9.240 9.242 9.244 9.245 9.246 9.247 9.248 9.248 9.248 9.242
7.230 7.252 7.275 7.298 7.322 7.347 7.373 7.400 7.428 7.457 7.486 7.514 7.538 7.559 7.582 7.616 7.652 7.692 7.743 7.803 7.870 7.944 8.026 8.110 8.190 8.247 8.310 8.396 8.476 8.550 8.616 8.675 8.729 8.776 8.817 8.839 8.862 8.899 8.934 8.966 8.994 9.020 9.044 9.066 9.085 9.095 9.104 9.122 9.139 9.154 9.169 9.182 9.194 9.204 9.213 9.215 9.217 9.224 9.231 9.237 9.241 9.245 9.249 9.251 9.254 9.252 9.250 9.252 9.254 9.256 9.257 9.258 9.259 9.260 9.260 9.254
7.248 7.272 7.295 7.319 7.344 7.369 7.396 7.424 7.453 7.483 7.514 7.542 7.567 7.590 7.615 7.650 7.688 7.730 7.781 7.840 7.905 7.977 8.057 8.140 8.221 8.277 8.340 8.423 8.502 8.574 8.639 8.697 8.750 8.797 8.837 8.859 8.882 8.918 8.953 8.984 9.012 9.038 9.061 9.083 9.103 9.112 9.121 9.138 9.155 9.171 9.185 9.198 9.209 9.219 9.227 9.228 9.230 9.236 9.242 9.247 9.252 9.255 9.258 9.261 9.264 9.262 9.260 9.262 9.265 9.267 9.268 9.269 9.270 9.271 9.271 9.266
7.267 7.291 7.315 7.340 7.365 7.392 7.419 7.448 7.478 7.509 7.540 7.570 7.596 7.620 7.647 7.684 7.724 7.766 7.818 7.876 7.940 8.010 8.088 8.170 8.250 8.307 8.368 8.451 8.528 8.598 8.661 8.719 8.772 8.818 8.858 8.879 8.901 8.937 8.971 9.002 9.030 9.055 9.079 9.100 9.120 9.129 9.138 9.155 9.172 9.187 9.201 9.213 9.224 9.234 9.241 9.242 9.243 9.248 9.253 9.258 9.262 9.265 9.268 9.271 9.274 9.272 9.270 9.273 9.275 9.277 9.279 9.280 9.281 9.282 9.282 9.277
7.285 7.310 7.335 7.360 7.386 7.413 7.441 7.471 7.502 7.534 7.566 7.596 7.624 7.650 7.678 7.717 7.758 7.801 7.853 7.911 7.973 8.041 8.117 8.198 8.281 8.337 8.397 8.478 8.553 8.622 8.684 8.741 8.793 8.839 8.879 8.900 8.921 8.957 8.991 9.021 9.048 9.074 9.096 9.118 9.138 9.147 9.155 9.173 9.189 9.204 9.217 9.229 9.240 9.248 9.254 9.255 9.255 9.260 9.265 9.269 9.273 9.276 9.278 9.281 9.284 9.282 9.281 9.283 9.286 9.288 9.290 9.292 9.293 9.293 9.294 9.289
7.302 7.328 7.354 7.380 7.406 7.434 7.463 7.493 7.525 7.557 7.590 7.621 7.650 7.676 7.707 7.748 7.791 7.835 7.887 7.943 8.005 8.072 8.146 8.231 8.314 8.368 8.427 8.506 8.579 8.647 8.708 8.764 8.815 8.861 8.900 8.920 8.941 8.977 9.010 9.040 9.068 9.092 9.115 9.137 9.157 9.165 9.174 9.191 9.206 9.220 9.233 9.245 9.255 9.262 9.267 9.267 9.267 9.272 9.276 9.280 9.283 9.286 9.289 9.292 9.295 9.293 9.291 9.294 9.297 9.299 9.301 9.303 9.304 9.305 9.306 9.301
7.320 7.346 7.372 7.399 7.426 7.454 7.483 7.514 7.546 7.579 7.612 7.643 7.673 7.701 7.735 7.778 7.823 7.868 7.920 7.977 8.038 8.105 8.182 8.266 8.346 8.399 8.456 8.533 8.605 8.672 8.732 8.787 8.838 8.882 8.921 8.941 8.961 8.996 9.030 9.060 9.087 9.112 9.135 9.156 9.176 9.184 9.192 9.208 9.223 9.237 9.249 9.259 9.269 9.275 9.279 9.279 9.279 9.283 9.287 9.291 9.294 9.297 9.300 9.303 9.306 9.304 9.302 9.305 9.308 9.311 9.313 9.315 9.316 9.317 9.317 9.312
7.336 7.363 7.390 7.417 7.444 7.472 7.502 7.533 7.566 7.599 7.632 7.663 7.694 7.725 7.762 7.807 7.854 7.900 7.953 8.011 8.072 8.141 8.218 8.299 8.376 8.428 8.485 8.561 8.632 8.698 8.756 8.811 8.860 8.904 8.943 8.962 8.981 9.017 9.050 9.080 9.107 9.132 9.155 9.176 9.195 9.202 9.210 9.225 9.240 9.253 9.264 9.273 9.281 9.287 9.292 9.292 9.291 9.295 9.299 9.302 9.305 9.308 9.311 9.314 9.317 9.315 9.313 9.316 9.319 9.322 9.324 9.326 9.328 9.329 9.329 9.324
7.352 7.380 7.407 7.434 7.461 7.489 7.519 7.550 7.583 7.617 7.649 7.681 7.713 7.749 7.789 7.836 7.884 7.933 7.987 8.045 8.107 8.176 8.252 8.331 8.406 8.458 8.514 8.589 8.660 8.724 8.781 8.834 8.882 8.926 8.964 8.983 9.002 9.038 9.071 9.101 9.128 9.153 9.176 9.196 9.214 9.221 9.227 9.242 9.256 9.268 9.278 9.287 9.294 9.299 9.304 9.304 9.303 9.307 9.311 9.314 9.317 9.320 9.322 9.325 9.328 9.326 9.325 9.328 9.331 9.334 9.336 9.338 9.340 9.341 9.341 9.336
7.368 7.396 7.423 7.450 7.477 7.505 7.534 7.566 7.598 7.631 7.664 7.698 7.732 7.771 7.814 7.864 7.914 7.966 8.021 8.080 8.143 8.211 8.284 8.361 8.436 8.488 8.544 8.618 8.688 8.751 8.807 8.858 8.905 8.948 8.986 9.005 9.024 9.059 9.093 9.123 9.150 9.174 9.196 9.216 9.233 9.239 9.245 9.259 9.272 9.283 9.292 9.300 9.306 9.311 9.316 9.315 9.315 9.319 9.322 9.326 9.328 9.331 9.334 9.337 9.339 9.338 9.336 9.339 9.343 9.346 9.348 9.350 9.352 9.352 9.352 9.347
7.382 7.411 7.438 7.465 7.491 7.519 7.548 7.578 7.610 7.643 7.677 7.713 7.751 7.793 7.840 7.891 7.944 7.997 8.055 8.115 8.177 8.243 8.314 8.390 8.466 8.519 8.574 8.647 8.717 8.779 8.834 8.883 8.928 8.970 9.009 9.027 9.045 9.081 9.115 9.145 9.171 9.196 9.217 9.236 9.252 9.257 9.262 9.275 9.287 9.297 9.305 9.312 9.318 9.323 9.328 9.327 9.327 9.331 9.334 9.337 9.340 9.343 9.345 9.348 9.351 9.349 9.348 9.351 9.355 9.358 9.361 9.363 9.364 9.364 9.364 9.359
7.396 7.425 7.452 7.478 7.504 7.530 7.559 7.588 7.619 7.653 7.689 7.726 7.768 7.814 7.864 7.918 7.972 8.028 8.088 8.148 8.209 8.274 8.343 8.420 8.497 8.551 8.605 8.680 8.749 8.808 8.860 8.908 8.951 8.992 9.031 9.049 9.067 9.104 9.137 9.167 9.193 9.217 9.237 9.255 9.270 9.274 9.279 9.291 9.301 9.310 9.318 9.324 9.330 9.335 9.339 9.339 9.339 9.342 9.346 9.349 9.352 9.354 9.357 9.360 9.363 9.361 9.360 9.363 9.367 9.370 9.373 9.375 9.376 9.376 9.375 9.370
7.409 7.438 7.464 7.489 7.514 7.540 7.567 7.596 7.627 7.662 7.699 7.741 7.786 7.835 7.887 7.943 7.999 8.057 8.119 8.180 8.240 8.304 8.373 8.451 8.530 8.584 8.639 8.713 8.780 8.837 8.887 8.932 8.974 9.015 9.054 9.072 9.090 9.126 9.159 9.188 9.213 9.236 9.256 9.273 9.287 9.290 9.294 9.305 9.315 9.323 9.330 9.336 9.341 9.346 9.351 9.350 9.350 9.354 9.357 9.361 9.363 9.365 9.368 9.371 9.375 9.373 9.372 9.375 9.379 9.382 9.385 9.387 9.388 9.388 9.386 9.381
7.421 7.449 7.476 7.500 7.523 7.548 7.574 7.602 7.633 7.669 7.708 7.753 7.802 7.854 7.909 7.966 8.024 8.084 8.148 8.210 8.272 8.335 8.404 8.481 8.563 8.619 8.674 8.746 8.811 8.866 8.914 8.957 8.997 9.036 9.076 9.094 9.112 9.148 9.180 9.208 9.233 9.256 9.275 9.291 9.303 9.306 9.309 9.319 9.328 9.336 9.342 9.348 9.353 9.358 9.362 9.362 9.361 9.365 9.369 9.372 9.375 9.377 9.380 9.383 9.386 9.385 9.384 9.387 9.391 9.394 9.396 9.398 9.399 9.399 9.397 9.391
7.432 7.460 7.485 7.508 7.530 7.554 7.579 7.606 7.638 7.674 7.716 7.765 7.817 7.872 7.929 7.987 8.046 8.110 8.176 8.240 8.303 8.368 8.435 8.514 8.601 8.658 8.710 8.781 8.843 8.895 8.940 8.982 9.019 9.058 9.099 9.117 9.135 9.170 9.201 9.229 9.253 9.274 9.293 9.308 9.319 9.321 9.323 9.332 9.341 9.348 9.354 9.359 9.364 9.369 9.373 9.373 9.373 9.376 9.380 9.384 9.386 9.389 9.391 9.394 9.399 9.397 9.396 9.400 9.403 9.406 9.408 9.410 9.411 9.410 9.408 9.402
7.441 7.469 7.493 7.514 7.534 7.558 7.583 7.611 7.643 7.681 7.726 7.777 7.832 7.889 7.948 8.008 8.068 8.135 8.204 8.270 8.336 8.402 8.469 8.557 8.647 8.698 8.748 8.815 8.874 8.924 8.967 9.006 9.041 9.082 9.124 9.140 9.157 9.191 9.222 9.248 9.271 9.292 9.310 9.323 9.333 9.335 9.337 9.345 9.353 9.359 9.365 9.370 9.375 9.380 9.384 9.384 9.383 9.387 9.391 9.395 9.398 9.400 9.403 9.406 9.411 9.410 9.408 9.412 9.415 9.418 9.420 9.421 9.422 9.420 9.418 9.411
7.449 7.476 7.499 7.519 7.539 7.562 7.588 7.616 7.649 7.689 7.736 7.788 7.845 7.905 7.968 8.029 8.091 8.161 8.233 8.303 8.373 8.442 8.518 8.606 8.689 8.737 8.785 8.848 8.904 8.951 8.992 9.030 9.067 9.107 9.146 9.162 9.178 9.211 9.241 9.266 9.288 9.308 9.325 9.337 9.346 9.348 9.350 9.357 9.364 9.371 9.376 9.381 9.386 9.390 9.394 9.394 9.394 9.398 9.402 9.406 9.409 9.412 9.415 9.419 9.423 9.422 9.421 9.424 9.427 9.429 9.431 9.432 9.432 9.430 9.427 9.420
