version1/TsunamiDB/out54091.asc
ncols          264
nrows          230
xllcorner      497853.4375
yllcorner      4229146.0000
cellsize         5.
NODATA_value   -99
[rows 136 to 169 of 230, columns 0 to 76 of 264]
3.886 3.948 4.007 4.062 4.115 4.165 4.214 4.261 4.306 4.349 4.391 4.433 4.473 4.512 4.550 4.587 4.623 4.659 4.693 4.726 4.759 4.790 4.821 4.852 4.881 4.910 4.938 4.965 4.992 5.018 5.044 5.068 5.092 5.116 5.139 5.162 5.185 5.208 5.230 5.251 5.273 5.294 5.315 5.335 5.355 5.375 5.395 5.414 5.433 5.452 5.470 5.489 5.506 5.524 5.541 5.556 5.572 5.588 5.603 5.619 5.634 5.649 5.663 5.677 5.692 5.706 5.720 5.734 5.748 5.762 5.776 5.790 5.805 5.820 5.835 5.850 5.865
3.917 3.977 4.034 4.088 4.139 4.189 4.237 4.284 4.327 4.370 4.412 4.453 4.493 4.531 4.569 4.606 4.641 4.676 4.710 4.743 4.776 4.807 4.838 4.868 4.897 4.925 4.953 4.981 5.007 5.033 5.059 5.082 5.106 5.129 5.153 5.176 5.198 5.220 5.242 5.264 5.285 5.306 5.326 5.347 5.367 5.387 5.406 5.426 5.445 5.463 5.482 5.500 5.518 5.536 5.552 5.568 5.584 5.600 5.616 5.631 5.646 5.661 5.675 5.690 5.704 5.717 5.731 5.745 5.758 5.772 5.786 5.799 5.813 5.828 5.842 5.857 5.872
3.946 4.005 4.060 4.113 4.164 4.213 4.260 4.306 4.349 4.391 4.432 4.473 4.512 4.550 4.588 4.624 4.660 4.694 4.728 4.761 4.793 4.824 4.855 4.884 4.913 4.941 4.969 4.996 5.022 5.048 5.073 5.097 5.120 5.143 5.166 5.189 5.211 5.233 5.255 5.276 5.297 5.318 5.338 5.358 5.378 5.398 5.418 5.437 5.456 5.475 5.493 5.511 5.529 5.547 5.564 5.579 5.596 5.612 5.627 5.643 5.658 5.673 5.687 5.702 5.716 5.729 5.743 5.756 5.769 5.783 5.796 5.809 5.823 5.836 5.850 5.865 5.879
3.975 4.032 4.086 4.138 4.188 4.236 4.283 4.328 4.370 4.412 4.453 4.493 4.532 4.569 4.606 4.642 4.678 4.712 4.745 4.778 4.810 4.841 4.871 4.901 4.930 4.958 4.985 5.012 5.038 5.064 5.089 5.112 5.135 5.158 5.181 5.203 5.225 5.247 5.268 5.289 5.310 5.330 5.350 5.370 5.390 5.409 5.429 5.448 5.467 5.485 5.504 5.522 5.540 5.558 5.575 5.590 5.607 5.623 5.639 5.655 5.670 5.685 5.700 5.714 5.728 5.741 5.755 5.768 5.781 5.794 5.807 5.820 5.833 5.846 5.860 5.873 5.887
4.002 4.058 4.112 4.163 4.212 4.259 4.305 4.349 4.391 4.432 4.473 4.512 4.551 4.588 4.625 4.661 4.696 4.730 4.763 4.795 4.827 4.858 4.888 4.917 4.946 4.974 5.001 5.028 5.054 5.079 5.104 5.127 5.150 5.173 5.195 5.217 5.239 5.260 5.281 5.302 5.322 5.342 5.362 5.382 5.401 5.421 5.440 5.459 5.477 5.496 5.514 5.533 5.551 5.568 5.585 5.601 5.617 5.634 5.650 5.666 5.681 5.696 5.711 5.726 5.740 5.754 5.767 5.780 5.793 5.806 5.819 5.832 5.844 5.857 5.870 5.883 5.896
4.029 4.084 4.137 4.187 4.235 4.282 4.327 4.371 4.412 4.453 4.493 4.532 4.570 4.607 4.643 4.679 4.713 4.747 4.780 4.812 4.844 4.875 4.905 4.934 4.963 4.991 5.018 5.044 5.070 5.095 5.120 5.143 5.165 5.188 5.210 5.232 5.253 5.274 5.295 5.315 5.335 5.355 5.375 5.394 5.413 5.432 5.451 5.470 5.488 5.506 5.525 5.543 5.561 5.578 5.595 5.611 5.628 5.644 5.660 5.676 5.692 5.707 5.722 5.737 5.751 5.765 5.779 5.792 5.805 5.818 5.831 5.843 5.856 5.868 5.881 5.893 5.906
4.056 4.110 4.161 4.210 4.258 4.304 4.348 4.392 4.433 4.472 4.512 4.551 4.588 4.625 4.661 4.696 4.731 4.764 4.797 4.829 4.861 4.892 4.922 4.951 4.979 5.007 5.034 5.061 5.086 5.112 5.136 5.159 5.181 5.204 5.226 5.247 5.268 5.289 5.309 5.329 5.349 5.368 5.388 5.407 5.425 5.444 5.462 5.481 5.499 5.517 5.535 5.553 5.571 5.588 5.605 5.621 5.637 5.654 5.670 5.687 5.702 5.718 5.733 5.748 5.763 5.777 5.791 5.804 5.818 5.830 5.843 5.856 5.868 5.880 5.892 5.904 5.917
4.081 4.134 4.185 4.233 4.280 4.325 4.369 4.412 4.453 4.492 4.531 4.569 4.607 4.643 4.679 4.714 4.748 4.781 4.814 4.846 4.877 4.908 4.938 4.967 4.996 5.024 5.051 5.077 5.103 5.128 5.153 5.175 5.197 5.220 5.242 5.263 5.284 5.304 5.324 5.344 5.363 5.382 5.401 5.420 5.438 5.456 5.474 5.492 5.510 5.528 5.545 5.563 5.581 5.598 5.614 5.630 5.647 5.663 5.680 5.696 5.712 5.728 5.743 5.759 5.773 5.788 5.802 5.816 5.829 5.842 5.855 5.868 5.880 5.892 5.904 5.916 5.928
4.106 4.158 4.208 4.256 4.302 4.346 4.390 4.432 4.472 4.511 4.550 4.588 4.625 4.661 4.696 4.731 4.765 4.798 4.831 4.862 4.894 4.924 4.954 4.983 5.012 5.040 5.067 5.093 5.119 5.144 5.169 5.192 5.214 5.236 5.258 5.279 5.300 5.320 5.340 5.359 5.378 5.397 5.415 5.434 5.451 5.469 5.487 5.504 5.522 5.539 5.556 5.573 5.591 5.608 5.624 5.640 5.656 5.673 5.689 5.705 5.721 5.737 5.753 5.768 5.783 5.798 5.813 5.827 5.841 5.854 5.867 5.880 5.892 5.904 5.916 5.928 5.940
4.130 4.181 4.230 4.277 4.323 4.367 4.410 4.451 4.491 4.529 4.568 4.605 4.642 4.678 4.713 4.747 4.781 4.814 4.847 4.878 4.909 4.940 4.970 4.999 5.028 5.056 5.083 5.109 5.135 5.161 5.185 5.208 5.231 5.253 5.275 5.296 5.317 5.337 5.356 5.376 5.394 5.413 5.431 5.448 5.466 5.483 5.500 5.517 5.534 5.551 5.567 5.584 5.601 5.618 5.634 5.649 5.665 5.682 5.698 5.714 5.730 5.746 5.762 5.778 5.793 5.808 5.823 5.837 5.851 5.865 5.878 5.891 5.904 5.916 5.928 5.940 5.952
4.154 4.204 4.252 4.298 4.343 4.387 4.429 4.470 4.509 4.547 4.585 4.623 4.659 4.694 4.729 4.763 4.797 4.830 4.862 4.894 4.925 4.955 4.985 5.014 5.043 5.071 5.098 5.125 5.151 5.177 5.201 5.225 5.247 5.269 5.291 5.313 5.333 5.354 5.373 5.392 5.411 5.429 5.446 5.464 5.481 5.498 5.514 5.531 5.547 5.563 5.579 5.596 5.612 5.628 5.644 5.659 5.675 5.691 5.707 5.723 5.739 5.755 5.771 5.787 5.802 5.817 5.832 5.847 5.861 5.875 5.889 5.902 5.915 5.928 5.940 5.952 5.964
4.176 4.225 4.273 4.319 4.363 4.406 4.448 4.488 4.527 4.565 4.602 4.639 4.675 4.710 4.745 4.779 4.812 4.845 4.877 4.908 4.939 4.970 5.000 5.029 5.058 5.086 5.113 5.140 5.166 5.192 5.217 5.240 5.263 5.286 5.308 5.329 5.350 5.371 5.390 5.409 5.428 5.446 5.463 5.480 5.497 5.513 5.529 5.545 5.561 5.577 5.592 5.608 5.624 5.639 5.654 5.669 5.684 5.700 5.716 5.732 5.748 5.764 5.779 5.795 5.811 5.826 5.841 5.856 5.871 5.885 5.899 5.913 5.926 5.939 5.952 5.964 5.976
4.198 4.246 4.293 4.339 4.382 4.425 4.466 4.506 4.544 4.582 4.619 4.655 4.691 4.726 4.760 4.794 4.827 4.859 4.891 4.923 4.953 4.984 5.014 5.043 5.072 5.100 5.128 5.155 5.181 5.207 5.232 5.256 5.279 5.302 5.324 5.346 5.367 5.387 5.407 5.426 5.445 5.463 5.480 5.497 5.514 5.530 5.546 5.561 5.576 5.591 5.606 5.621 5.636 5.652 5.666 5.680 5.695 5.710 5.725 5.741 5.756 5.772 5.788 5.803 5.819 5.834 5.850 5.865 5.880 5.894 5.909 5.923 5.937 5.950 5.963 5.975 5.988
4.219 4.267 4.313 4.358 4.401 4.443 4.484 4.523 4.560 4.598 4.635 4.671 4.706 4.741 4.775 4.808 4.841 4.873 4.905 4.936 4.967 4.997 5.027 5.056 5.085 5.113 5.141 5.168 5.195 5.221 5.246 5.270 5.293 5.317 5.339 5.362 5.383 5.404 5.424 5.443 5.462 5.480 5.498 5.515 5.531 5.547 5.563 5.578 5.593 5.607 5.622 5.636 5.650 5.665 5.678 5.692 5.706 5.721 5.735 5.751 5.766 5.781 5.796 5.812 5.827 5.843 5.858 5.873 5.888 5.903 5.918 5.932 5.946 5.960 5.973 5.986 5.999
4.239 4.286 4.332 4.376 4.419 4.460 4.501 4.539 4.576 4.614 4.650 4.686 4.721 4.755 4.789 4.822 4.854 4.886 4.918 4.949 4.979 5.010 5.039 5.069 5.097 5.126 5.153 5.181 5.208 5.234 5.259 5.284 5.307 5.331 5.354 5.377 5.398 5.420 5.440 5.460 5.479 5.497 5.515 5.532 5.549 5.565 5.580 5.595 5.610 5.624 5.638 5.652 5.666 5.679 5.692 5.705 5.718 5.732 5.747 5.761 5.776 5.790 5.805 5.820 5.836 5.851 5.866 5.881 5.896 5.911 5.926 5.941 5.955 5.969 5.983 5.996 6.009
4.259 4.305 4.350 4.394 4.436 4.477 4.517 4.555 4.592 4.629 4.665 4.700 4.735 4.769 4.802 4.835 4.867 4.899 4.930 4.961 4.992 5.022 5.051 5.080 5.109 5.137 5.165 5.193 5.220 5.246 5.272 5.296 5.320 5.344 5.368 5.391 5.413 5.435 5.456 5.476 5.495 5.514 5.532 5.550 5.567 5.583 5.598 5.613 5.628 5.642 5.656 5.669 5.682 5.695 5.708 5.720 5.732 5.745 5.759 5.773 5.786 5.801 5.815 5.830 5.844 5.859 5.874 5.889 5.904 5.919 5.934 5.949 5.964 5.978 5.992 6.005 6.018
4.278 4.324 4.368 4.411 4.453 4.494 4.533 4.571 4.607 4.644 4.679 4.714 4.749 4.782 4.815 4.848 4.880 4.911 4.942 4.973 5.003 5.033 5.062 5.091 5.120 5.148 5.176 5.204 5.231 5.257 5.283 5.307 5.332 5.356 5.380 5.404 5.426 5.448 5.470 5.491 5.511 5.530 5.549 5.567 5.584 5.600 5.616 5.632 5.646 5.660 5.674 5.687 5.700 5.713 5.724 5.736 5.748 5.760 5.773 5.786 5.799 5.812 5.826 5.840 5.854 5.868 5.883 5.898 5.912 5.927 5.942 5.957 5.972 5.986 6.000 6.014 6.027
4.297 4.342 4.386 4.428 4.469 4.509 4.549 4.586 4.622 4.658 4.693 4.728 4.762 4.795 4.828 4.860 4.892 4.923 4.954 4.984 5.014 5.044 5.073 5.102 5.130 5.158 5.186 5.214 5.241 5.268 5.293 5.318 5.343 5.367 5.392 5.415 5.439 5.461 5.483 5.504 5.525 5.545 5.564 5.583 5.600 5.618 5.634 5.650 5.665 5.679 5.693 5.706 5.719 5.731 5.742 5.753 5.765 5.776 5.788 5.800 5.812 5.825 5.838 5.851 5.864 5.878 5.892 5.906 5.921 5.936 5.950 5.965 5.979 5.994 6.008 6.022 6.036
4.315 4.359 4.403 4.444 4.485 4.525 4.564 4.600 4.636 4.672 4.707 4.741 4.775 4.808 4.840 4.872 4.904 4.934 4.965 4.995 5.025 5.054 5.083 5.112 5.140 5.168 5.196 5.223 5.250 5.277 5.302 5.327 5.352 5.377 5.402 5.426 5.450 5.473 5.495 5.517 5.538 5.559 5.578 5.598 5.616 5.634 5.651 5.667 5.682 5.697 5.712 5.725 5.738 5.750 5.761 5.772 5.783 5.794 5.805 5.816 5.828 5.839 5.851 5.864 5.876 5.889 5.902 5.916 5.930 5.944 5.958 5.973 5.987 6.002 6.016 6.030 6.044
4.333 4.376 4.419 4.461 4.501 4.540 4.578 4.615 4.650 4.686 4.720 4.754 4.788 4.820 4.852 4.884 4.915 4.946 4.976 5.005 5.035 5.064 5.093 5.121 5.149 5.177 5.205 5.232 5.259 5.286 5.311 5.336 5.361 5.386 5.411 5.435 5.459 5.483 5.506 5.528 5.550 5.571 5.591 5.611 5.630 5.649 5.666 5.683 5.699 5.715 5.730 5.744 5.758 5.770 5.780 5.791 5.802 5.813 5.824 5.834 5.845 5.856 5.867 5.878 5.890 5.902 5.914 5.927 5.940 5.954 5.967 5.981 5.995 6.010 6.024 6.038 6.052
4.350 4.393 4.435 4.476 4.516 4.555 4.593 4.629 4.664 4.699 4.733 4.767 4.800 4.832 4.864 4.895 4.926 4.956 4.986 5.016 5.045 5.073 5.102 5.130 5.158 5.186 5.213 5.240 5.267 5.294 5.319 5.344 5.369 5.394 5.419 5.444 5.468 5.492 5.515 5.538 5.560 5.582 5.603 5.623 5.643 5.662 5.681 5.698 5.715 5.732 5.747 5.762 5.776 5.788 5.800 5.811 5.822 5.833 5.843 5.853 5.864 5.874 5.884 5.894 5.905 5.916 5.927 5.939 5.952 5.964 5.977 5.991 6.004 6.018 6.032 6.046 6.060
4.367 4.410 4.452 4.492 4.531 4.570 4.607 4.643 4.678 4.712 4.746 4.780 4.812 4.844 4.876 4.907 4.937 4.967 4.996 5.026 5.054 5.083 5.111 5.139 5.166 5.194 5.221 5.248 5.274 5.301 5.326 5.351 5.376 5.402 5.427 5.451 5.476 5.500 5.523 5.546 5.569 5.591 5.613 5.634 5.654 5.674 5.693 5.712 5.730 5.747 5.763 5.779 5.794 5.807 5.819 5.830 5.842 5.853 5.864 5.874 5.884 5.893 5.903 5.912 5.922 5.932 5.943 5.953 5.965 5.976 5.989 6.001 6.014 6.027 6.041 6.055 6.067
4.384 4.427 4.468 4.507 4.546 4.584 4.622 4.657 4.691 4.725 4.759 4.792 4.824 4.856 4.887 4.918 4.948 4.977 5.007 5.035 5.064 5.092 5.120 5.147 5.175 5.202 5.229 5.255 5.282 5.308 5.333 5.358 5.383 5.408 5.433 5.458 5.482 5.507 5.530 5.554 5.577 5.599 5.621 5.643 5.664 5.685 5.705 5.724 5.743 5.761 5.778 5.794 5.810 5.824 5.837 5.849 5.862 5.873 5.884 5.894 5.904 5.914 5.923 5.932 5.941 5.950 5.960 5.970 5.980 5.990 6.002 6.013 6.025 6.038 6.051 6.064 6.076
4.401 4.443 4.484 4.523 4.561 4.599 4.636 4.671 4.705 4.739 4.772 4.805 4.837 4.868 4.899 4.929 4.959 4.988 5.017 5.045 5.073 5.101 5.129 5.156 5.183 5.210 5.236 5.262 5.289 5.315 5.340 5.364 5.389 5.414 5.439 5.464 5.488 5.513 5.537 5.560 5.583 5.606 5.629 5.651 5.673 5.694 5.714 5.734 5.754 5.772 5.791 5.808 5.825 5.840 5.853 5.867 5.880 5.892 5.904 5.915 5.925 5.935 5.944 5.953 5.962 5.970 5.979 5.988 5.997 6.006 6.016 6.027 6.038 6.049 6.061 6.074 6.086
4.419 4.460 4.499 4.538 4.576 4.614 4.650 4.684 4.718 4.752 4.785 4.817 4.849 4.880 4.910 4.940 4.970 4.998 5.027 5.055 5.083 5.110 5.138 5.164 5.191 5.217 5.244 5.270 5.296 5.321 5.346 5.370 5.395 5.420 5.445 5.470 5.494 5.518 5.542 5.566 5.589 5.612 5.635 5.658 5.680 5.701 5.723 5.743 5.763 5.783 5.802 5.820 5.838 5.854 5.868 5.883 5.897 5.910 5.923 5.935 5.945 5.956 5.965 5.974 5.983 5.991 5.999 6.008 6.016 6.024 6.033 6.043 6.053 6.063 6.074 6.085 6.096
4.436 4.476 4.516 4.554 4.592 4.628 4.664 4.698 4.732 4.765 4.798 4.830 4.861 4.892 4.922 4.952 4.981 5.009 5.037 5.065 5.093 5.120 5.147 5.173 5.199 5.225 5.251 5.277 5.302 5.328 5.352 5.376 5.401 5.426 5.450 5.475 5.499 5.523 5.547 5.571 5.594 5.618 5.641 5.664 5.686 5.708 5.730 5.751 5.771 5.792 5.811 5.830 5.849 5.866 5.882 5.897 5.912 5.927 5.940 5.953 5.965 5.976 5.986 5.995 6.004 6.013 6.021 6.029 6.036 6.044 6.052 6.061 6.069 6.079 6.089 6.099 6.109
4.453 4.493 4.532 4.570 4.607 4.643 4.679 4.713 4.746 4.779 4.811 4.843 4.874 4.904 4.934 4.963 4.992 5.020 5.048 5.076 5.103 5.129 5.156 5.182 5.208 5.234 5.259 5.284 5.310 5.335 5.359 5.382 5.407 5.431 5.455 5.480 5.504 5.528 5.552 5.575 5.599 5.622 5.645 5.668 5.691 5.713 5.735 5.757 5.778 5.799 5.819 5.839 5.859 5.876 5.893 5.910 5.926 5.941 5.956 5.969 5.982 5.994 6.006 6.016 6.026 6.034 6.043 6.051 6.058 6.066 6.073 6.081 6.088 6.097 6.105 6.115 6.123
4.470 4.510 4.548 4.586 4.623 4.658 4.694 4.727 4.760 4.793 4.825 4.856 4.887 4.917 4.946 4.975 5.004 5.032 5.059 5.086 5.113 5.139 5.166 5.191 5.217 5.242 5.267 5.292 5.317 5.342 5.365 5.389 5.413 5.437 5.461 5.485 5.509 5.532 5.556 5.580 5.603 5.626 5.650 5.673 5.695 5.718 5.740 5.762 5.784 5.805 5.826 5.847 5.867 5.885 5.903 5.920 5.937 5.954 5.969 5.984 5.998 6.011 6.024 6.035 6.046 6.055 6.064 6.073 6.080 6.088 6.095 6.102 6.109 6.116 6.124 6.132 6.140
4.488 4.527 4.565 4.602 4.638 4.674 4.709 4.742 4.774 4.807 4.838 4.870 4.900 4.930 4.959 4.988 5.016 5.044 5.071 5.098 5.124 5.150 5.176 5.201 5.226 5.251 5.276 5.300 5.325 5.349 5.372 5.395 5.419 5.442 5.466 5.490 5.513 5.537 5.560 5.584 5.607 5.630 5.653 5.676 5.699 5.722 5.744 5.767 5.789 5.810 5.832 5.853 5.873 5.892 5.911 5.929 5.947 5.964 5.981 5.997 6.012 6.026 6.040 6.052 6.064 6.075 6.085 6.094 6.102 6.110 6.117 6.124 6.131 6.138 6.145 6.152 6.159
4.506 4.544 4.582 4.619 4.654 4.690 4.724 4.757 4.789 4.821 4.853 4.884 4.914 4.943 4.972 5.001 5.029 5.056 5.083 5.109 5.135 5.161 5.186 5.211 5.236 5.261 5.285 5.309 5.333 5.357 5.380 5.402 5.425 5.449 5.472 5.495 5.518 5.542 5.565 5.588 5.611 5.634 5.657 5.680 5.703 5.726 5.748 5.770 5.793 5.815 5.836 5.858 5.879 5.898 5.917 5.936 5.955 5.973 5.991 6.008 6.024 6.039 6.054 6.068 6.081 6.092 6.103 6.114 6.123 6.131 6.139 6.147 6.153 6.160 6.167 6.173 6.179
4.524 4.562 4.599 4.635 4.671 4.706 4.740 4.772 4.804 4.836 4.867 4.898 4.928 4.957 4.986 5.014 5.042 5.069 5.095 5.122 5.147 5.173 5.198 5.222 5.247 5.271 5.295 5.318 5.342 5.365 5.387 5.410 5.432 5.455 5.478 5.501 5.524 5.547 5.569 5.592 5.615 5.638 5.661 5.683 5.706 5.729 5.751 5.774 5.796 5.818 5.840 5.862 5.883 5.903 5.923 5.942 5.962 5.981 5.999 6.017 6.034 6.050 6.066 6.081 6.095 6.108 6.120 6.132 6.142 6.152 6.160 6.168 6.176 6.183 6.189 6.196 6.201
4.543 4.580 4.617 4.652 4.688 4.722 4.755 4.787 4.819 4.851 4.882 4.912 4.942 4.971 5.000 5.028 5.055 5.082 5.109 5.134 5.160 5.185 5.210 5.234 5.258 5.282 5.305 5.328 5.351 5.374 5.396 5.418 5.440 5.463 5.485 5.507 5.530 5.552 5.574 5.597 5.619 5.642 5.664 5.687 5.709 5.732 5.754 5.777 5.799 5.821 5.843 5.865 5.887 5.907 5.927 5.947 5.967 5.986 6.006 6.024 6.042 6.060 6.076 6.092 6.107 6.122 6.135 6.148 6.159 6.170 6.180 6.189 6.197 6.205 6.212 6.218 6.224
4.561 4.598 4.634 4.670 4.704 4.739 4.771 4.803 4.835 4.866 4.897 4.927 4.957 4.986 5.014 5.042 5.069 5.096 5.122 5.148 5.173 5.198 5.222 5.246 5.270 5.293 5.316 5.339 5.362 5.384 5.405 5.427 5.449 5.471 5.492 5.514 5.536 5.558 5.580 5.602 5.624 5.646 5.668 5.691 5.713 5.735 5.757 5.780 5.802 5.824 5.846 5.868 5.890 5.910 5.930 5.951 5.971 5.991 6.011 6.030 6.049 6.067 6.085 6.102 6.118 6.133 6.148 6.162 6.174 6.186 6.198 6.208 6.217 6.226 6.233 6.241 6.246
4.580 4.617 4.652 4.687 4.721 4.755 4.787 4.819 4.851 4.882 4.912 4.942 4.972 5.001 5.029 5.057 5.084 5.110 5.136 5.162 5.187 5.211 5.235 5.259 5.283 5.306 5.329 5.351 5.373 5.395 5.416 5.437 5.458 5.479 5.501 5.522 5.544 5.565 5.586 5.608 5.629 5.651 5.673 5.695 5.717 5.738 5.760 5.783 5.805 5.827 5.849 5.871 5.892 5.913 5.933 5.954 5.975 5.995 6.015 6.035 6.054 6.073 6.092 6.109 6.126 6.143 6.158 6.173 6.187 6.201 6.213 6.224 6.235 6.245 6.253 6.262 6.268
