version1/TsunamiDB/out54001.asc
ncols          264
nrows          230
xllcorner      497853.4375
yllcorner      4229146.0000
cellsize         5.
NODATA_value   -99
[rows 155 to 185 of 230, columns 138 to 206 of 264]
-99.000 -99.000 -99.000 -99.000 -99.000 -99.000 -99.000 -99.000 -99.000 -99.000 -99.000 -99.000 -99.000 -99.000 -99.000 -99.000 -99.000 -99.000 -99.000 -99.000 -99.000 -99.000 -99.000 -99.000 -99.000 -99.000 -99.000 -99.000 -99.000 -99.000 -99.000 -99.000 -99.000 -99.000 1.648 1.656 1.725 1.905 2.185 2.546 2.962 3.411 3.851 4.247 4.546 4.744 4.878 4.974 5.031 5.057 5.125 5.213 5.268 5.319 5.377 5.440 5.501 5.567 5.606 5.585 5.675 5.774 5.769 5.754 5.731 5.692 5.619 5.530 5.454
-99.000 -99.000 -99.000 -99.000 -99.000 -99.000 -99.000 -99.000 -99.000 -99.000 -99.000 -99.000 -99.000 -99.000 -99.000 -99.000 -99.000 -99.000 -99.000 -99.000 -99.000 -99.000 -99.000 -99.000 -99.000 -99.000 -99.000 -99.000 -99.000 -99.000 -99.000 -99.000 -99.000 -99.000 1.651 1.673 1.785 2.007 2.324 2.715 3.154 3.613 4.045 4.414 4.678 4.849 4.966 5.054 5.091 5.110 5.189 5.281 5.332 5.377 5.425 5.474 5.527 5.601 5.622 5.588 5.679 5.780 5.777 5.764 5.740 5.696 5.624 5.531 5.466
-99.000 -99.000 -99.000 -99.000 -99.000 -99.000 -99.000 -99.000 -99.000 -99.000 -99.000 -99.000 -99.000 -99.000 -99.000 -99.000 -99.000 -99.000 -99.000 -99.000 -99.000 -99.000 -99.000 -99.000 -99.000 -99.000 -99.000 -99.000 -99.000 -99.000 -99.000 -99.000 -99.000 1.650 1.654 1.705 1.862 2.125 2.475 2.892 3.351 3.811 4.226 4.563 4.789 4.939 5.040 5.105 5.135 5.165 5.256 5.354 5.405 5.444 5.480 5.521 5.566 5.604 5.606 5.583 5.673 5.770 5.770 5.757 5.727 5.678 5.607 5.533 5.494
-99.000 -99.000 -99.000 -99.000 -99.000 -99.000 -99.000 -99.000 -99.000 -99.000 -99.000 -99.000 -99.000 -99.000 -99.000 -99.000 -99.000 -99.000 -99.000 -99.000 -99.000 -99.000 -99.000 -99.000 -99.000 -99.000 -99.000 -99.000 -99.000 -99.000 -99.000 -99.000 -99.000 1.649 1.664 1.755 1.956 2.256 2.635 3.072 3.543 3.992 4.377 4.674 4.866 4.997 5.081 5.135 5.171 5.209 5.311 5.417 5.465 5.496 5.522 5.548 5.565 5.578 5.579 5.559 5.648 5.743 5.746 5.731 5.698 5.652 5.596 5.550 5.526
-99.000 -99.000 -99.000 -99.000 -99.000 -99.000 -99.000 -99.000 -99.000 -99.000 -99.000 -99.000 -99.000 -99.000 -99.000 -99.000 -99.000 -99.000 -99.000 -99.000 -99.000 -99.000 -99.000 -99.000 -99.000 -99.000 -99.000 -99.000 -99.000 -99.000 -99.000 -99.000 1.649 1.651 1.688 1.825 2.068 2.401 2.807 3.259 3.730 4.155 4.499 4.753 4.915 5.028 5.103 5.155 5.194 5.242 5.353 5.463 5.504 5.528 5.540 5.543 5.542 5.543 5.541 5.525 5.611 5.705 5.710 5.698 5.668 5.632 5.599 5.572 5.557
-99.000 -99.000 -99.000 -99.000 -99.000 -99.000 -99.000 -99.000 -99.000 -99.000 -99.000 -99.000 -99.000 -99.000 -99.000 -99.000 -99.000 -99.000 -99.000 -99.000 -99.000 -99.000 -99.000 -99.000 -99.000 -99.000 -99.000 -99.000 -99.000 -99.000 -99.000 -99.000 1.649 1.658 1.730 1.913 2.195 2.560 2.987 3.444 3.905 4.293 4.593 4.806 4.940 5.043 5.115 5.167 5.212 5.263 5.379 5.489 5.524 5.541 5.535 5.525 5.512 5.503 5.499 5.487 5.570 5.662 5.673 5.666 5.645 5.627 5.610 5.595 5.593
-99.000 -99.000 -99.000 -99.000 -99.000 -99.000 -99.000 -99.000 -99.000 -99.000 -99.000 -99.000 -99.000 -99.000 -99.000 -99.000 -99.000 -99.000 -99.000 -99.000 -99.000 -99.000 -99.000 -99.000 -99.000 -99.000 -99.000 -99.000 -99.000 -99.000 -99.000 1.650 1.652 1.678 1.794 2.021 2.339 2.732 3.173 3.624 4.065 4.406 4.653 4.832 4.948 5.044 5.115 5.170 5.217 5.269 5.390 5.501 5.529 5.533 5.518 5.500 5.479 5.464 5.458 5.448 5.530 5.622 5.639 5.640 5.633 5.628 5.623 5.622 5.629
-99.000 -99.000 -99.000 -99.000 -99.000 -99.000 -99.000 -99.000 -99.000 -99.000 -99.000 -99.000 -99.000 -99.000 -99.000 -99.000 -99.000 -99.000 -99.000 -99.000 -99.000 -99.000 -99.000 -99.000 -99.000 -99.000 -99.000 -99.000 -99.000 -99.000 -99.000 1.652 1.659 1.716 1.880 2.148 2.502 2.918 3.365 3.804 4.211 4.492 4.690 4.840 4.942 5.031 5.102 5.157 5.206 5.261 5.387 5.497 5.513 5.511 5.492 5.470 5.448 5.428 5.418 5.412 5.494 5.585 5.607 5.621 5.624 5.628 5.636 5.645 5.655
-99.000 -99.000 -99.000 -99.000 -99.000 -99.000 -99.000 -99.000 -99.000 -99.000 -99.000 -99.000 -99.000 -99.000 -99.000 -99.000 -99.000 -99.000 -99.000 -99.000 -99.000 -99.000 -99.000 -99.000 -99.000 -99.000 -99.000 -99.000 -99.000 -99.000 -99.000 1.655 1.676 1.776 1.986 2.294 2.678 3.114 3.563 3.977 4.335 4.554 4.712 4.838 4.923 5.006 5.074 5.126 5.177 5.229 5.357 5.461 5.470 5.465 5.446 5.427 5.405 5.381 5.370 5.368 5.448 5.540 5.573 5.595 5.606 5.622 5.640 5.651 5.664
-99.000 -99.000 -99.000 -99.000 -99.000 -99.000 -99.000 -99.000 -99.000 -99.000 -99.000 -99.000 -99.000 -99.000 -99.000 -99.000 -99.000 -99.000 -99.000 -99.000 -99.000 -99.000 -99.000 -99.000 -99.000 -99.000 -99.000 -99.000 -99.000 -99.000 -99.000 1.658 1.704 1.852 2.105 2.450 2.866 3.319 3.763 4.146 4.447 4.620 4.751 4.858 4.931 5.005 5.063 5.109 5.156 5.201 5.323 5.420 5.424 5.418 5.403 5.392 5.375 5.351 5.338 5.336 5.417 5.511 5.547 5.574 5.591 5.615 5.636 5.649 5.663
-99.000 -99.000 -99.000 -99.000 -99.000 -99.000 -99.000 -99.000 -99.000 -99.000 -99.000 -99.000 -99.000 -99.000 -99.000 -99.000 -99.000 -99.000 -99.000 -99.000 -99.000 -99.000 -99.000 -99.000 -99.000 -99.000 -99.000 -99.000 -99.000 -99.000 1.654 1.671 1.755 1.950 2.244 2.626 3.069 3.530 3.960 4.304 4.558 4.704 4.820 4.916 4.984 5.052 5.101 5.140 5.175 5.205 5.317 5.409 5.407 5.399 5.390 5.384 5.368 5.339 5.318 5.318 5.398 5.490 5.527 5.555 5.578 5.605 5.627 5.643 5.657
-99.000 -99.000 -99.000 -99.000 -99.000 -99.000 -99.000 -99.000 -99.000 -99.000 -99.000 -99.000 -99.000 -99.000 -99.000 -99.000 -99.000 -99.000 -99.000 -99.000 -99.000 -99.000 -99.000 -99.000 -99.000 -99.000 -99.000 -99.000 -99.000 -99.000 1.658 1.697 1.827 2.066 2.400 2.810 3.268 3.731 4.130 4.417 4.629 4.762 4.869 4.964 5.036 5.096 5.139 5.170 5.189 5.206 5.312 5.399 5.390 5.382 5.374 5.369 5.354 5.314 5.294 5.302 5.379 5.467 5.503 5.533 5.559 5.586 5.611 5.627 5.638
-99.000 -99.000 -99.000 -99.000 -99.000 -99.000 -99.000 -99.000 -99.000 -99.000 -99.000 -99.000 -99.000 -99.000 -99.000 -99.000 -99.000 -99.000 -99.000 -99.000 -99.000 -99.000 -99.000 -99.000 -99.000 -99.000 -99.000 -99.000 -99.000 1.659 1.665 1.735 1.913 2.192 2.560 2.995 3.459 3.906 4.268 4.502 4.682 4.804 4.909 5.005 5.075 5.131 5.163 5.175 5.183 5.196 5.295 5.375 5.364 5.357 5.347 5.341 5.325 5.296 5.289 5.290 5.360 5.446 5.482 5.512 5.535 5.563 5.589 5.603 5.612
-99.000 -99.000 -99.000 -99.000 -99.000 -99.000 -99.000 -99.000 -99.000 -99.000 -99.000 -99.000 -99.000 -99.000 -99.000 -99.000 -99.000 -99.000 -99.000 -99.000 -99.000 -99.000 -99.000 -99.000 -99.000 -99.000 -99.000 -99.000 1.652 1.660 1.680 1.792 2.014 2.330 2.725 3.174 3.636 4.057 4.367 4.559 4.720 4.838 4.943 5.037 5.101 5.145 5.160 5.159 5.161 5.167 5.262 5.340 5.331 5.324 5.318 5.317 5.308 5.294 5.285 5.280 5.348 5.433 5.466 5.489 5.510 5.538 5.561 5.575 5.583
-99.000 -99.000 -99.000 -99.000 -99.000 -99.000 -99.000 -99.000 -99.000 -99.000 -99.000 -99.000 -99.000 -99.000 -99.000 -99.000 -99.000 -99.000 -99.000 -99.000 -99.000 -99.000 -99.000 -99.000 -99.000 -99.000 -99.000 -99.000 -99.000 1.664 1.710 1.869 2.131 2.480 2.897 3.354 3.809 4.187 4.446 4.607 4.755 4.875 4.977 5.068 5.120 5.146 5.147 5.133 5.128 5.133 5.226 5.304 5.298 5.300 5.300 5.306 5.306 5.293 5.282 5.277 5.343 5.426 5.451 5.469 5.487 5.510 5.532 5.545 5.552
-99.000 -99.000 -99.000 -99.000 -99.000 -99.000 -99.000 -99.000 -99.000 -99.000 -99.000 -99.000 -99.000 -99.000 -99.000 -99.000 -99.000 -99.000 -99.000 -99.000 -99.000 -99.000 -99.000 -99.000 -99.000 -99.000 -99.000 -99.000 1.653 1.672 1.756 1.958 2.257 2.634 3.066 3.532 3.967 4.292 4.510 4.646 4.789 4.910 5.013 5.098 5.132 5.144 5.131 5.106 5.100 5.103 5.192 5.272 5.275 5.286 5.295 5.310 5.310 5.295 5.286 5.280 5.343 5.421 5.443 5.455 5.466 5.485 5.505 5.518 5.527
-99.000 -99.000 -99.000 -99.000 -99.000 -99.000 -99.000 -99.000 -99.000 -99.000 -99.000 -99.000 -99.000 -99.000 -99.000 -99.000 -99.000 -99.000 -99.000 -99.000 -99.000 -99.000 -99.000 -99.000 -99.000 -99.000 -99.000 -99.000 1.654 1.692 1.818 2.060 2.391 2.793 3.244 3.710 4.103 4.375 4.558 4.678 4.820 4.947 5.049 5.120 5.139 5.139 5.113 5.083 5.075 5.076 5.166 5.249 5.262 5.283 5.303 5.317 5.315 5.301 5.291 5.282 5.343 5.420 5.438 5.443 5.449 5.464 5.482 5.497 5.507
-99.000 -99.000 -99.000 -99.000 -99.000 -99.000 -99.000 -99.000 -99.000 -99.000 -99.000 -99.000 -99.000 -99.000 -99.000 -99.000 -99.000 -99.000 -99.000 -99.000 -99.000 -99.000 -99.000 -99.000 -99.000 -99.000 -99.000 -99.000 1.660 1.729 1.899 2.180 2.541 2.968 3.435 3.882 4.222 4.448 4.605 4.714 4.858 4.990 5.082 5.136 5.140 5.128 5.095 5.061 5.053 5.057 5.147 5.234 5.257 5.290 5.312 5.324 5.322 5.306 5.291 5.283 5.344 5.419 5.434 5.436 5.438 5.448 5.465 5.482 5.490
-99.000 -99.000 -99.000 -99.000 -99.000 -99.000 -99.000 -99.000 -99.000 -99.000 -99.000 -99.000 -99.000 -99.000 -99.000 -99.000 -99.000 -99.000 -99.000 -99.000 -99.000 -99.000 -99.000 -99.000 -99.000 -99.000 -99.000 1.647 1.674 1.783 1.996 2.311 2.703 3.153 3.622 4.036 4.323 4.514 4.658 4.759 4.903 5.032 5.108 5.139 5.129 5.107 5.070 5.036 5.031 5.035 5.125 5.219 5.254 5.291 5.314 5.328 5.321 5.300 5.286 5.279 5.339 5.415 5.431 5.432 5.429 5.437 5.454 5.470 5.479
-99.000 -99.000 -99.000 -99.000 -99.000 -99.000 -99.000 -99.000 -99.000 -99.000 -99.000 -99.000 -99.000 -99.000 -99.000 -99.000 -99.000 -99.000 -99.000 -99.000 -99.000 -99.000 -99.000 -99.000 -99.000 -99.000 -99.000 1.650 1.700 1.854 2.105 2.454 2.871 3.334 3.785 4.149 4.395 4.572 4.717 4.816 4.958 5.081 5.135 5.144 5.125 5.100 5.063 5.032 5.024 5.028 5.122 5.221 5.260 5.298 5.320 5.331 5.321 5.299 5.284 5.277 5.339 5.418 5.437 5.438 5.434 5.440 5.452 5.465 5.473
-99.000 -99.000 -99.000 -99.000 -99.000 -99.000 -99.000 -99.000 -99.000 -99.000 -99.000 -99.000 -99.000 -99.000 -99.000 -99.000 -99.000 -99.000 -99.000 -99.000 -99.000 -99.000 -99.000 -99.000 -99.000 -99.000 -99.000 1.658 1.744 1.942 2.230 2.609 3.044 3.500 3.914 4.237 4.471 4.658 4.809 4.897 5.035 5.150 5.179 5.174 5.152 5.124 5.086 5.050 5.036 5.042 5.138 5.241 5.281 5.315 5.335 5.343 5.330 5.307 5.291 5.284 5.348 5.432 5.454 5.455 5.451 5.453 5.459 5.473 5.480
-99.000 -99.000 -99.000 -99.000 -99.000 -99.000 -99.000 -99.000 -99.000 -99.000 -99.000 -99.000 -99.000 -99.000 -99.000 -99.000 -99.000 -99.000 -99.000 -99.000 -99.000 -99.000 -99.000 -99.000 -99.000 -99.000 1.644 1.674 1.804 2.046 2.367 2.773 3.215 3.651 4.028 4.326 4.563 4.764 4.894 4.967 5.099 5.200 5.211 5.202 5.177 5.146 5.105 5.061 5.052 5.065 5.163 5.269 5.306 5.337 5.352 5.354 5.340 5.315 5.298 5.295 5.362 5.450 5.476 5.480 5.477 5.475 5.479 5.496 5.494
-99.000 -99.000 -99.000 -99.000 -99.000 -99.000 -99.000 -99.000 -99.000 -99.000 -99.000 -99.000 -99.000 -99.000 -99.000 -99.000 -99.000 -99.000 -99.000 -99.000 -99.000 -99.000 -99.000 -99.000 -99.000 1.643 1.649 1.707 1.878 2.155 2.506 2.928 3.370 3.786 4.142 4.429 4.655 4.830 4.944 5.010 5.132 5.220 5.228 5.221 5.193 5.159 5.120 5.087 5.090 5.099 5.196 5.303 5.337 5.360 5.366 5.364 5.350 5.328 5.318 5.313 5.381 5.475 5.509 5.517 5.514 5.514 5.518 5.520 5.501
-99.000 -99.000 -99.000 -99.000 -99.000 -99.000 -99.000 -99.000 -99.000 -99.000 -99.000 -99.000 -99.000 -99.000 -99.000 -99.000 -99.000 -99.000 -99.000 -99.000 -99.000 -99.000 -99.000 -99.000 -99.000 1.643 1.658 1.752 1.963 2.270 2.644 3.072 3.505 3.907 4.249 4.517 4.718 4.865 4.968 5.027 5.144 5.231 5.242 5.237 5.210 5.180 5.148 5.129 5.132 5.139 5.237 5.344 5.370 5.382 5.383 5.380 5.367 5.353 5.344 5.337 5.408 5.510 5.551 5.560 5.559 5.558 5.552 5.535 5.504
-99.000 -99.000 -99.000 -99.000 -99.000 -99.000 -99.000 -99.000 -99.000 -99.000 -99.000 -99.000 -99.000 -99.000 -99.000 -99.000 -99.000 -99.000 -99.000 -99.000 -99.000 -99.000 -99.000 -99.000 -99.000 1.645 1.677 1.810 2.059 2.395 2.787 3.221 3.647 4.039 4.355 4.591 4.763 4.889 4.983 5.041 5.156 5.247 5.260 5.259 5.234 5.209 5.188 5.176 5.180 5.187 5.285 5.389 5.406 5.411 5.407 5.403 5.396 5.385 5.376 5.369 5.444 5.553 5.595 5.606 5.604 5.595 5.575 5.546 5.504
-99.000 -99.000 -99.000 -99.000 -99.000 -99.000 -99.000 -99.000 -99.000 -99.000 -99.000 -99.000 -99.000 -99.000 -99.000 -99.000 -99.000 -99.000 -99.000 -99.000 -99.000 -99.000 -99.000 -99.000 1.644 1.650 1.711 1.884 2.164 2.523 2.928 3.364 3.792 4.166 4.441 4.643 4.792 4.908 5.000 5.055 5.168 5.262 5.280 5.282 5.262 5.248 5.234 5.227 5.236 5.240 5.335 5.437 5.448 5.446 5.438 5.436 5.431 5.422 5.417 5.409 5.483 5.594 5.637 5.648 5.640 5.622 5.592 5.551 5.502
-99.000 -99.000 -99.000 -99.000 -99.000 -99.000 -99.000 -99.000 -99.000 -99.000 -99.000 -99.000 -99.000 -99.000 -99.000 -99.000 -99.000 -99.000 -99.000 -99.000 -99.000 -99.000 -99.000 -99.000 1.645 1.661 1.759 1.971 2.280 2.660 3.076 3.515 3.935 4.271 4.506 4.681 4.818 4.931 5.019 5.066 5.179 5.279 5.301 5.307 5.296 5.290 5.284 5.285 5.294 5.293 5.387 5.488 5.495 5.488 5.479 5.477 5.471 5.465 5.460 5.447 5.518 5.631 5.674 5.680 5.665 5.640 5.601 5.551 5.496
-99.000 -99.000 -99.000 -99.000 -99.000 -99.000 -99.000 -99.000 -99.000 -99.000 -99.000 -99.000 -99.000 -99.000 -99.000 -99.000 -99.000 -99.000 -99.000 -99.000 -99.000 -99.000 -99.000 1.644 1.647 1.684 1.823 2.071 2.410 2.809 3.234 3.674 4.069 4.364 4.571 4.728 4.859 4.967 5.043 5.081 5.194 5.299 5.322 5.335 5.333 5.335 5.338 5.342 5.348 5.345 5.440 5.542 5.545 5.535 5.524 5.518 5.514 5.508 5.499 5.480 5.549 5.662 5.700 5.700 5.680 5.648 5.603 5.547 5.485
-99.000 -99.000 -99.000 -99.000 -99.000 -99.000 -99.000 -99.000 -99.000 -99.000 -99.000 -99.000 -99.000 -99.000 -99.000 -99.000 -99.000 -99.000 -99.000 -99.000 -99.000 -99.000 -99.000 1.644 1.653 1.724 1.905 2.187 2.549 2.963 3.393 3.826 4.194 4.456 4.640 4.785 4.909 5.008 5.071 5.095 5.208 5.317 5.343 5.361 5.367 5.381 5.389 5.393 5.399 5.393 5.486 5.589 5.593 5.580 5.565 5.558 5.552 5.542 5.530 5.504 5.568 5.677 5.709 5.705 5.678 5.642 5.592 5.529 5.463
-99.000 -99.000 -99.000 -99.000 -99.000 -99.000 -99.000 -99.000 -99.000 -99.000 -99.000 -99.000 -99.000 -99.000 -99.000 -99.000 -99.000 -99.000 -99.000 -99.000 -99.000 -99.000 -99.000 1.645 1.669 1.781 2.003 2.316 2.699 3.123 3.552 3.970 4.303 4.535 4.699 4.834 4.948 5.032 5.081 5.099 5.217 5.330 5.358 5.381 5.397 5.418 5.431 5.437 5.441 5.433 5.527 5.633 5.637 5.623 5.606 5.595 5.583 5.569 5.552 5.519 5.576 5.680 5.708 5.698 5.667 5.627 5.575 5.509 5.442
-99.000 -99.000 -99.000 -99.000 -99.000 -99.000 -99.000 -99.000 -99.000 -99.000 -99.000 -99.000 -99.000 -99.000 -99.000 -99.000 -99.000 -99.000 -99.000 -99.000 -99.000 -99.000 1.644 1.649 1.700 1.857 2.117 2.458 2.860 3.290 3.711 4.103 4.399 4.605 4.755 4.880 4.981 5.052 5.094 5.112 5.237 5.349 5.376 5.403 5.428 5.458 5.474 5.482 5.484 5.473 5.568 5.679 5.686 5.670 5.651 5.636 5.617 5.599 5.578 5.534 5.583 5.683 5.707 5.691 5.657 5.615 5.560 5.493 5.424
