version1/TsunamiDB/out54191.asc
ncols          264
nrows          230
xllcorner      497853.4375
yllcorner      4229146.0000
cellsize         5.
NODATA_value   -99
[rows 102 to 135 of 230, columns 154 to 230 of 264]
6.899 6.901 6.902 6.904 6.905 6.906 6.908 6.909 6.910 6.911 6.912 6.913 6.914 6.915 6.916 6.918 6.919 6.921 6.922 6.923 6.925 6.926 6.927 6.929 6.931 6.932 6.934 6.936 6.938 6.940 6.942 6.944 6.947 6.949 6.952 6.955 6.958 6.961 6.964 6.968 6.972 6.976 6.980 6.985 6.989 6.994 7.000 7.005 7.011 7.018 7.024 7.031 7.038 7.046 7.054 7.062 7.070 7.080 7.089 7.097 7.106 7.115 7.124 7.136 7.149 7.162 7.180 7.201 7.226 7.256 7.294 7.341 7.392 7.426 7.460 7.516 7.568
6.904 6.906 6.908 6.909 6.911 6.912 6.913 6.914 6.915 6.917 6.918 6.919 6.920 6.921 6.922 6.923 6.924 6.926 6.927 6.928 6.930 6.931 6.933 6.934 6.936 6.937 6.939 6.941 6.943 6.945 6.947 6.949 6.951 6.954 6.957 6.959 6.962 6.966 6.969 6.973 6.977 6.981 6.985 6.989 6.994 6.999 7.004 7.010 7.016 7.022 7.028 7.035 7.042 7.049 7.057 7.065 7.073 7.082 7.091 7.101 7.111 7.121 7.132 7.146 7.160 7.177 7.196 7.219 7.244 7.275 7.314 7.362 7.417 7.451 7.486 7.542 7.593
6.910 6.912 6.914 6.915 6.916 6.918 6.919 6.920 6.921 6.922 6.923 6.924 6.925 6.926 6.927 6.929 6.930 6.932 6.933 6.934 6.935 6.937 6.938 6.939 6.941 6.943 6.944 6.946 6.948 6.950 6.952 6.954 6.957 6.959 6.962 6.965 6.968 6.971 6.974 6.978 6.982 6.986 6.990 6.994 6.999 7.003 7.009 7.014 7.020 7.027 7.033 7.040 7.046 7.053 7.060 7.068 7.076 7.085 7.094 7.105 7.116 7.128 7.141 7.157 7.173 7.191 7.213 7.238 7.265 7.296 7.335 7.384 7.440 7.476 7.512 7.567 7.617
6.916 6.918 6.919 6.921 6.922 6.924 6.925 6.926 6.927 6.928 6.929 6.930 6.931 6.932 6.933 6.935 6.936 6.937 6.939 6.940 6.941 6.942 6.944 6.945 6.947 6.948 6.950 6.952 6.954 6.956 6.958 6.960 6.962 6.965 6.967 6.970 6.973 6.976 6.980 6.983 6.987 6.991 6.995 6.999 7.004 7.009 7.014 7.019 7.025 7.032 7.038 7.044 7.050 7.056 7.063 7.071 7.079 7.088 7.098 7.110 7.122 7.136 7.151 7.168 7.186 7.207 7.231 7.258 7.286 7.318 7.356 7.406 7.469 7.506 7.541 7.595 7.643
6.922 6.924 6.926 6.927 6.929 6.930 6.931 6.932 6.933 6.935 6.936 6.937 6.937 6.938 6.940 6.941 6.942 6.943 6.945 6.946 6.947 6.948 6.950 6.951 6.953 6.954 6.956 6.958 6.960 6.962 6.964 6.966 6.968 6.971 6.973 6.976 6.979 6.982 6.985 6.989 6.993 6.997 7.001 7.005 7.009 7.014 7.019 7.025 7.031 7.037 7.043 7.049 7.054 7.060 7.067 7.074 7.083 7.092 7.103 7.116 7.130 7.146 7.163 7.181 7.200 7.223 7.249 7.278 7.308 7.341 7.379 7.439 7.506 7.539 7.572 7.624 7.670
6.928 6.930 6.932 6.933 6.935 6.936 6.938 6.939 6.940 6.941 6.942 6.943 6.944 6.945 6.946 6.947 6.948 6.950 6.951 6.952 6.953 6.955 6.956 6.957 6.959 6.960 6.962 6.964 6.966 6.968 6.970 6.972 6.974 6.977 6.979 6.982 6.985 6.988 6.992 6.995 6.999 7.003 7.007 7.011 7.015 7.020 7.025 7.031 7.037 7.043 7.049 7.054 7.059 7.065 7.072 7.079 7.087 7.097 7.110 7.124 7.139 7.156 7.176 7.195 7.215 7.241 7.270 7.301 7.334 7.371 7.417 7.479 7.539 7.571 7.603 7.652 7.695
6.934 6.936 6.938 6.940 6.941 6.943 6.944 6.945 6.946 6.948 6.949 6.949 6.950 6.951 6.952 6.953 6.955 6.956 6.957 6.958 6.960 6.961 6.962 6.964 6.965 6.967 6.968 6.970 6.972 6.974 6.976 6.978 6.981 6.983 6.986 6.989 6.992 6.995 6.998 7.002 7.006 7.009 7.013 7.017 7.021 7.026 7.031 7.037 7.043 7.049 7.054 7.059 7.064 7.071 7.077 7.085 7.094 7.105 7.117 7.132 7.149 7.169 7.191 7.211 7.232 7.260 7.293 7.328 7.365 7.408 7.458 7.516 7.571 7.601 7.632 7.678 7.718
6.941 6.943 6.945 6.947 6.948 6.950 6.951 6.952 6.953 6.954 6.955 6.956 6.957 6.958 6.959 6.960 6.962 6.963 6.964 6.965 6.966 6.968 6.969 6.970 6.972 6.973 6.975 6.977 6.979 6.981 6.983 6.985 6.987 6.990 6.992 6.995 6.998 7.001 7.005 7.009 7.012 7.016 7.020 7.024 7.028 7.033 7.038 7.043 7.049 7.054 7.060 7.065 7.070 7.077 7.084 7.091 7.101 7.113 7.126 7.142 7.160 7.182 7.206 7.228 7.251 7.283 7.320 7.358 7.400 7.447 7.498 7.552 7.602 7.630 7.660 7.702 7.739
6.947 6.949 6.951 6.953 6.955 6.956 6.958 6.959 6.960 6.961 6.962 6.963 6.964 6.965 6.966 6.967 6.968 6.970 6.971 6.972 6.973 6.974 6.976 6.977 6.979 6.980 6.982 6.984 6.985 6.987 6.989 6.992 6.994 6.997 6.999 7.002 7.005 7.008 7.012 7.015 7.019 7.023 7.027 7.030 7.035 7.039 7.044 7.050 7.055 7.061 7.066 7.072 7.077 7.084 7.091 7.099 7.110 7.122 7.136 7.153 7.173 7.197 7.224 7.248 7.273 7.309 7.348 7.391 7.437 7.485 7.535 7.585 7.631 7.658 7.685 7.724 7.758
6.954 6.956 6.958 6.960 6.962 6.963 6.965 6.966 6.967 6.968 6.969 6.970 6.971 6.972 6.973 6.974 6.975 6.977 6.978 6.979 6.980 6.981 6.983 6.984 6.985 6.987 6.989 6.990 6.992 6.994 6.996 6.999 7.001 7.004 7.006 7.009 7.012 7.015 7.019 7.023 7.026 7.030 7.034 7.037 7.042 7.046 7.051 7.056 7.061 7.067 7.073 7.079 7.085 7.091 7.099 7.108 7.119 7.132 7.147 7.165 7.186 7.213 7.244 7.270 7.297 7.336 7.380 7.426 7.473 7.522 7.570 7.616 7.658 7.683 7.709 7.744 7.775
6.960 6.963 6.965 6.967 6.969 6.970 6.972 6.973 6.974 6.975 6.976 6.977 6.978 6.979 6.980 6.981 6.983 6.984 6.985 6.986 6.987 6.988 6.990 6.991 6.992 6.994 6.996 6.997 6.999 7.001 7.003 7.006 7.008 7.011 7.013 7.016 7.019 7.022 7.026 7.030 7.034 7.037 7.041 7.044 7.049 7.053 7.057 7.063 7.068 7.074 7.080 7.086 7.092 7.100 7.108 7.117 7.129 7.143 7.159 7.178 7.201 7.231 7.266 7.293 7.322 7.366 7.413 7.461 7.508 7.556 7.603 7.646 7.684 7.707 7.731 7.763 7.792
6.967 6.970 6.972 6.974 6.976 6.977 6.979 6.980 6.981 6.982 6.984 6.985 6.985 6.986 6.987 6.988 6.990 6.991 6.992 6.993 6.994 6.995 6.997 6.998 7.000 7.001 7.003 7.005 7.007 7.009 7.011 7.013 7.015 7.018 7.021 7.023 7.026 7.030 7.033 7.037 7.041 7.044 7.048 7.052 7.056 7.060 7.064 7.069 7.075 7.081 7.087 7.094 7.101 7.108 7.117 7.127 7.140 7.155 7.172 7.192 7.218 7.251 7.289 7.318 7.350 7.397 7.444 7.493 7.540 7.587 7.631 7.671 7.707 7.729 7.751 7.780 7.806
6.974 6.976 6.979 6.981 6.983 6.984 6.986 6.987 6.989 6.990 6.991 6.992 6.993 6.994 6.995 6.996 6.997 6.998 6.999 7.000 7.002 7.003 7.004 7.005 7.007 7.008 7.010 7.012 7.014 7.016 7.018 7.020 7.023 7.025 7.028 7.031 7.034 7.037 7.041 7.045 7.049 7.052 7.055 7.059 7.063 7.066 7.071 7.076 7.082 7.088 7.095 7.102 7.109 7.117 7.126 7.137 7.151 7.167 7.185 7.206 7.235 7.270 7.311 7.343 7.377 7.425 7.474 7.523 7.570 7.616 7.658 7.696 7.729 7.750 7.770 7.797 7.821
6.981 6.983 6.986 6.988 6.990 6.992 6.993 6.995 6.996 6.997 6.998 6.999 7.000 7.001 7.002 7.003 7.005 7.006 7.007 7.008 7.009 7.010 7.012 7.013 7.014 7.016 7.018 7.019 7.021 7.023 7.025 7.028 7.030 7.033 7.035 7.038 7.042 7.045 7.049 7.053 7.056 7.059 7.062 7.066 7.069 7.073 7.078 7.083 7.089 7.096 7.103 7.111 7.118 7.127 7.136 7.148 7.162 7.179 7.199 7.223 7.253 7.291 7.338 7.372 7.406 7.456 7.506 7.554 7.601 7.645 7.686 7.722 7.752 7.771 7.789 7.814 7.836
6.988 6.990 6.993 6.995 6.997 6.999 7.001 7.002 7.004 7.005 7.006 7.007 7.008 7.009 7.010 7.011 7.012 7.014 7.015 7.016 7.017 7.018 7.019 7.021 7.022 7.024 7.025 7.027 7.029 7.031 7.033 7.035 7.038 7.040 7.043 7.046 7.049 7.053 7.057 7.060 7.064 7.067 7.069 7.073 7.076 7.080 7.085 7.090 7.096 7.104 7.112 7.119 7.127 7.136 7.146 7.159 7.175 7.193 7.215 7.241 7.274 7.319 7.370 7.403 7.437 7.488 7.537 7.585 7.630 7.673 7.712 7.745 7.772 7.790 7.808 7.830 7.851
6.995 6.998 7.000 7.002 7.005 7.006 7.008 7.010 7.011 7.012 7.014 7.015 7.016 7.017 7.018 7.019 7.020 7.021 7.022 7.023 7.025 7.026 7.027 7.028 7.030 7.031 7.033 7.035 7.037 7.039 7.041 7.043 7.046 7.048 7.051 7.054 7.057 7.061 7.065 7.068 7.072 7.074 7.077 7.080 7.084 7.088 7.092 7.098 7.105 7.112 7.120 7.128 7.137 7.147 7.158 7.172 7.189 7.210 7.234 7.264 7.302 7.351 7.401 7.433 7.468 7.518 7.567 7.614 7.658 7.699 7.735 7.766 7.792 7.809 7.825 7.846 7.865
7.002 7.005 7.008 7.010 7.012 7.014 7.016 7.018 7.019 7.020 7.022 7.023 7.024 7.025 7.026 7.027 7.028 7.029 7.031 7.032 7.033 7.034 7.035 7.036 7.038 7.040 7.041 7.043 7.045 7.047 7.049 7.051 7.054 7.056 7.059 7.062 7.065 7.069 7.073 7.076 7.079 7.082 7.085 7.088 7.092 7.095 7.100 7.106 7.113 7.121 7.129 7.138 7.148 7.159 7.170 7.186 7.206 7.230 7.257 7.292 7.334 7.383 7.431 7.463 7.497 7.547 7.595 7.642 7.684 7.723 7.757 7.786 7.811 7.827 7.842 7.862 7.880
7.009 7.012 7.015 7.018 7.020 7.022 7.024 7.026 7.027 7.028 7.030 7.031 7.032 7.033 7.034 7.036 7.037 7.038 7.039 7.040 7.041 7.042 7.043 7.045 7.046 7.048 7.050 7.051 7.053 7.055 7.058 7.060 7.062 7.065 7.068 7.071 7.074 7.077 7.081 7.084 7.087 7.090 7.093 7.096 7.100 7.104 7.109 7.115 7.122 7.130 7.139 7.149 7.160 7.172 7.185 7.203 7.226 7.252 7.284 7.322 7.366 7.414 7.461 7.492 7.526 7.575 7.623 7.668 7.709 7.746 7.778 7.806 7.830 7.845 7.859 7.878 7.894
7.017 7.020 7.023 7.025 7.028 7.030 7.032 7.034 7.035 7.037 7.038 7.039 7.040 7.042 7.043 7.044 7.045 7.046 7.047 7.049 7.050 7.051 7.052 7.054 7.055 7.057 7.058 7.060 7.062 7.064 7.066 7.069 7.071 7.074 7.076 7.079 7.082 7.086 7.089 7.093 7.096 7.098 7.101 7.105 7.109 7.113 7.118 7.124 7.131 7.139 7.149 7.160 7.174 7.187 7.202 7.223 7.249 7.279 7.314 7.353 7.397 7.444 7.490 7.521 7.554 7.602 7.649 7.693 7.732 7.768 7.799 7.826 7.849 7.863 7.876 7.893 7.908
7.025 7.028 7.031 7.034 7.036 7.038 7.040 7.042 7.044 7.045 7.047 7.048 7.049 7.050 7.052 7.053 7.054 7.055 7.056 7.058 7.059 7.060 7.061 7.063 7.064 7.066 7.067 7.069 7.071 7.073 7.075 7.078 7.080 7.083 7.085 7.088 7.091 7.094 7.098 7.101 7.105 7.107 7.110 7.114 7.118 7.122 7.127 7.134 7.141 7.149 7.160 7.173 7.189 7.204 7.221 7.246 7.275 7.308 7.344 7.384 7.428 7.473 7.519 7.549 7.581 7.628 7.674 7.717 7.755 7.790 7.820 7.846 7.867 7.880 7.893 7.908 7.922
7.032 7.036 7.039 7.042 7.044 7.047 7.049 7.051 7.053 7.054 7.056 7.057 7.058 7.060 7.061 7.062 7.064 7.065 7.066 7.067 7.068 7.069 7.071 7.072 7.074 7.075 7.077 7.079 7.081 7.083 7.085 7.087 7.090 7.092 7.095 7.097 7.100 7.103 7.107 7.111 7.114 7.117 7.120 7.123 7.127 7.131 7.137 7.143 7.151 7.160 7.172 7.187 7.206 7.224 7.243 7.271 7.303 7.338 7.375 7.415 7.457 7.502 7.548 7.578 7.608 7.655 7.700 7.741 7.778 7.811 7.841 7.865 7.885 7.897 7.909 7.923 7.935
7.041 7.044 7.047 7.050 7.053 7.056 7.058 7.060 7.062 7.063 7.065 7.066 7.068 7.069 7.070 7.072 7.073 7.074 7.075 7.077 7.078 7.079 7.080 7.082 7.083 7.085 7.087 7.089 7.091 7.093 7.095 7.097 7.099 7.102 7.104 7.107 7.110 7.113 7.117 7.120 7.124 7.127 7.129 7.133 7.137 7.141 7.147 7.154 7.162 7.172 7.185 7.203 7.225 7.245 7.266 7.298 7.331 7.367 7.405 7.444 7.486 7.531 7.576 7.606 7.636 7.682 7.724 7.764 7.800 7.832 7.860 7.883 7.901 7.913 7.924 7.936 7.948
7.049 7.053 7.056 7.059 7.062 7.065 7.067 7.069 7.071 7.073 7.074 7.076 7.077 7.079 7.080 7.081 7.083 7.084 7.085 7.087 7.088 7.089 7.091 7.092 7.094 7.095 7.097 7.099 7.101 7.103 7.105 7.107 7.110 7.112 7.114 7.117 7.120 7.123 7.126 7.130 7.134 7.137 7.139 7.143 7.147 7.151 7.157 7.164 7.173 7.185 7.200 7.220 7.245 7.267 7.291 7.324 7.360 7.397 7.435 7.474 7.515 7.559 7.604 7.634 7.664 7.708 7.749 7.787 7.821 7.852 7.880 7.902 7.918 7.928 7.938 7.950 7.961
7.057 7.061 7.065 7.068 7.071 7.074 7.076 7.078 7.080 7.082 7.084 7.086 7.087 7.089 7.090 7.092 7.093 7.094 7.096 7.097 7.098 7.100 7.101 7.103 7.104 7.106 7.108 7.110 7.112 7.114 7.116 7.118 7.120 7.122 7.125 7.127 7.130 7.133 7.137 7.141 7.144 7.147 7.150 7.153 7.157 7.161 7.168 7.176 7.186 7.199 7.216 7.239 7.268 7.293 7.318 7.353 7.390 7.428 7.466 7.505 7.545 7.588 7.635 7.665 7.693 7.736 7.775 7.811 7.844 7.874 7.900 7.921 7.934 7.943 7.952 7.963 7.974
7.066 7.070 7.074 7.077 7.080 7.083 7.086 7.088 7.090 7.092 7.094 7.096 7.097 7.099 7.100 7.102 7.103 7.105 7.106 7.107 7.109 7.110 7.112 7.113 7.115 7.117 7.119 7.121 7.123 7.125 7.127 7.129 7.131 7.133 7.135 7.138 7.140 7.144 7.148 7.152 7.155 7.158 7.160 7.163 7.168 7.172 7.179 7.188 7.200 7.215 7.235 7.263 7.296 7.320 7.346 7.383 7.421 7.460 7.498 7.537 7.575 7.622 7.670 7.697 7.724 7.764 7.802 7.835 7.866 7.894 7.920 7.937 7.947 7.956 7.965 7.976 7.986
7.075 7.079 7.083 7.086 7.089 7.092 7.095 7.098 7.100 7.102 7.104 7.106 7.107 7.109 7.110 7.112 7.114 7.115 7.117 7.118 7.119 7.121 7.123 7.124 7.126 7.128 7.130 7.132 7.134 7.136 7.138 7.140 7.142 7.144 7.146 7.149 7.151 7.155 7.159 7.163 7.166 7.168 7.170 7.175 7.179 7.185 7.193 7.203 7.217 7.235 7.259 7.290 7.324 7.349 7.376 7.413 7.453 7.492 7.531 7.571 7.612 7.659 7.704 7.729 7.755 7.792 7.827 7.858 7.887 7.913 7.935 7.949 7.960 7.969 7.977 7.988 7.999
7.083 7.087 7.091 7.095 7.099 7.102 7.105 7.107 7.110 7.112 7.114 7.116 7.117 7.119 7.121 7.123 7.124 7.126 7.127 7.129 7.130 7.132 7.133 7.135 7.137 7.139 7.141 7.143 7.145 7.148 7.150 7.152 7.153 7.155 7.158 7.160 7.163 7.166 7.170 7.173 7.176 7.179 7.182 7.186 7.191 7.198 7.208 7.221 7.237 7.258 7.285 7.318 7.352 7.378 7.405 7.444 7.485 7.526 7.566 7.608 7.651 7.695 7.736 7.759 7.784 7.819 7.851 7.880 7.906 7.929 7.948 7.962 7.973 7.982 7.989 8.000 8.012
7.091 7.096 7.100 7.104 7.107 7.111 7.114 7.117 7.119 7.121 7.124 7.126 7.127 7.129 7.131 7.133 7.135 7.136 7.138 7.139 7.141 7.142 7.144 7.146 7.148 7.150 7.152 7.154 7.157 7.159 7.161 7.163 7.165 7.167 7.169 7.171 7.174 7.177 7.180 7.184 7.187 7.190 7.194 7.199 7.205 7.213 7.225 7.240 7.259 7.283 7.312 7.346 7.381 7.407 7.435 7.476 7.519 7.560 7.602 7.645 7.687 7.729 7.766 7.788 7.811 7.843 7.873 7.899 7.923 7.943 7.960 7.974 7.985 7.994 8.001 8.013 8.025
7.099 7.104 7.108 7.112 7.116 7.120 7.123 7.126 7.128 7.131 7.133 7.135 7.137 7.139 7.141 7.143 7.145 7.146 7.148 7.149 7.151 7.153 7.155 7.157 7.159 7.161 7.163 7.165 7.168 7.170 7.172 7.174 7.176 7.178 7.180 7.182 7.184 7.187 7.191 7.194 7.197 7.201 7.206 7.212 7.219 7.230 7.243 7.261 7.282 7.308 7.339 7.373 7.410 7.437 7.466 7.508 7.552 7.596 7.638 7.681 7.722 7.761 7.795 7.816 7.837 7.866 7.893 7.917 7.937 7.955 7.971 7.984 7.997 8.005 8.013 8.025 8.037
7.107 7.112 7.116 7.121 7.124 7.128 7.131 7.135 7.137 7.140 7.142 7.144 7.146 7.148 7.150 7.152 7.154 7.156 7.158 7.159 7.161 7.163 7.165 7.167 7.169 7.171 7.173 7.176 7.178 7.181 7.183 7.185 7.187 7.188 7.190 7.192 7.194 7.197 7.200 7.203 7.207 7.212 7.219 7.226 7.235 7.247 7.263 7.283 7.306 7.333 7.364 7.400 7.439 7.467 7.497 7.540 7.585 7.630 7.673 7.715 7.754 7.790 7.821 7.840 7.860 7.886 7.910 7.931 7.950 7.967 7.981 7.994 8.007 8.015 8.023 8.035 8.048
7.114 7.119 7.124 7.128 7.132 7.136 7.140 7.143 7.146 7.148 7.151 7.153 7.155 7.157 7.159 7.162 7.164 7.165 7.167 7.169 7.170 7.172 7.174 7.176 7.178 7.181 7.183 7.185 7.188 7.191 7.193 7.195 7.196 7.198 7.200 7.201 7.203 7.206 7.209 7.212 7.217 7.223 7.231 7.240 7.250 7.265 7.283 7.304 7.329 7.356 7.389 7.426 7.467 7.496 7.527 7.573 7.619 7.663 7.705 7.746 7.784 7.817 7.845 7.862 7.880 7.903 7.924 7.944 7.961 7.976 7.989 8.002 8.015 8.024 8.032 8.045 8.058
7.120 7.125 7.130 7.135 7.139 7.143 7.147 7.150 7.154 7.156 7.159 7.161 7.164 7.166 7.168 7.170 7.172 7.174 7.176 7.177 7.179 7.181 7.183 7.185 7.187 7.189 7.192 7.195 7.197 7.200 7.202 7.204 7.205 7.207 7.208 7.209 7.211 7.214 7.217 7.221 7.227 7.235 7.244 7.254 7.265 7.282 7.302 7.325 7.350 7.379 7.413 7.452 7.494 7.525 7.556 7.603 7.648 7.692 7.734 7.773 7.808 7.838 7.864 7.880 7.896 7.916 7.935 7.953 7.969 7.983 7.996 8.009 8.022 8.030 8.039 8.052 8.066
7.126 7.131 7.137 7.142 7.146 7.150 7.154 7.158 7.161 7.164 7.166 7.169 7.171 7.173 7.176 7.178 7.180 7.182 7.183 7.185 7.187 7.189 7.191 7.193 7.195 7.197 7.200 7.203 7.206 7.208 7.211 7.212 7.213 7.214 7.216 7.217 7.218 7.221 7.224 7.229 7.236 7.244 7.255 7.266 7.279 7.297 7.319 7.344 7.370 7.400 7.435 7.475 7.519 7.551 7.584 7.630 7.676 7.719 7.759 7.796 7.830 7.858 7.881 7.895 7.909 7.928 7.945 7.961 7.975 7.988 8.001 8.014 8.027 8.035 8.044 8.058 8.071
7.131 7.137 7.142 7.147 7.152 7.156 7.160 7.164 7.167 7.170 7.173 7.176 7.178 7.180 7.183 7.185 7.187 7.189 7.191 7.192 7.194 7.196 7.198 7.200 7.202 7.205 7.207 7.210 7.213 7.216 7.218 7.219 7.220 7.220 7.222 7.222 7.224 7.226 7.230 7.236 7.243 7.254 7.266 7.279 7.292 7.312 7.336 7.362 7.390 7.421 7.457 7.498 7.547 7.580 7.612 7.659 7.703 7.744 7.783 7.818 7.850 7.876 7.896 7.908 7.920 7.937 7.952 7.967 7.980 7.992 8.004 8.016 8.030 8.038 8.047 8.061 8.075
