version1/TsunamiDB/out54009.asc
ncols          264
nrows          230
xllcorner      497853.4375
yllcorner      4229146.0000
cellsize         5.
NODATA_value   -99
[rows 124 to 154 of 230, columns 140 to 209 of 264]
-99.000 -99.000 -99.000 -99.000 -99.000 -99.000 -99.000 -99.000 -99.000 -99.000 -99.000 -99.000 -99.000 -99.000 -99.000 -99.000 -99.000 -99.000 -99.000 -99.000 -99.000 -99.000 -99.000 -99.000 -99.000 1.644 1.654 1.724 1.899 2.168 2.507 2.889 3.279 3.643 3.952 4.191 4.372 4.509 4.618 4.708 4.787 4.859 4.927 4.991 5.053 5.112 5.168 5.220 5.267 5.309 5.348 5.386 5.424 5.464 5.508 5.560 5.622 5.695 5.772 5.858 5.954 6.052 6.151 6.252 6.348 6.438 6.515 6.570 6.641 6.715
-99.000 -99.000 -99.000 -99.000 -99.000 -99.000 -99.000 -99.000 -99.000 -99.000 -99.000 -99.000 -99.000 -99.000 -99.000 -99.000 -99.000 -99.000 -99.000 -99.000 -99.000 -99.000 -99.000 -99.000 -99.000 1.645 1.671 1.783 2.000 2.301 2.661 3.049 3.432 3.777 4.058 4.273 4.436 4.561 4.662 4.746 4.821 4.890 4.955 5.017 5.076 5.133 5.188 5.239 5.285 5.327 5.366 5.403 5.442 5.483 5.528 5.581 5.643 5.717 5.795 5.883 5.982 6.083 6.187 6.292 6.391 6.485 6.565 6.616 6.688 6.769
-99.000 -99.000 -99.000 -99.000 -99.000 -99.000 -99.000 -99.000 -99.000 -99.000 -99.000 -99.000 -99.000 -99.000 -99.000 -99.000 -99.000 -99.000 -99.000 -99.000 -99.000 -99.000 -99.000 -99.000 1.644 1.650 1.704 1.860 2.114 2.443 2.818 3.208 3.577 3.899 4.153 4.346 4.494 4.609 4.703 4.784 4.856 4.922 4.984 5.044 5.101 5.156 5.209 5.259 5.304 5.346 5.385 5.422 5.462 5.504 5.550 5.602 5.666 5.742 5.821 5.911 6.010 6.115 6.224 6.331 6.434 6.535 6.611 6.656 6.732 6.820
-99.000 -99.000 -99.000 -99.000 -99.000 -99.000 -99.000 -99.000 -99.000 -99.000 -99.000 -99.000 -99.000 -99.000 -99.000 -99.000 -99.000 -99.000 -99.000 -99.000 -99.000 -99.000 -99.000 -99.000 1.645 1.662 1.754 1.953 2.241 2.593 2.978 3.362 3.714 4.008 4.236 4.410 4.544 4.652 4.742 4.820 4.890 4.955 5.015 5.073 5.128 5.181 5.233 5.282 5.327 5.369 5.408 5.447 5.487 5.529 5.578 5.634 5.701 5.777 5.857 5.947 6.047 6.154 6.264 6.376 6.484 6.579 6.647 6.693 6.774 6.871
-99.000 -99.000 -99.000 -99.000 -99.000 -99.000 -99.000 -99.000 -99.000 -99.000 -99.000 -99.000 -99.000 -99.000 -99.000 -99.000 -99.000 -99.000 -99.000 -99.000 -99.000 -99.000 -99.000 1.644 1.647 1.687 1.822 2.060 2.377 2.747 3.136 3.510 3.840 4.104 4.307 4.463 4.588 4.690 4.777 4.854 4.923 4.987 5.047 5.103 5.157 5.209 5.260 5.309 5.354 5.397 5.438 5.478 5.520 5.565 5.617 5.677 5.745 5.821 5.901 5.992 6.091 6.196 6.307 6.420 6.526 6.614 6.681 6.728 6.815 6.923
-99.000 -99.000 -99.000 -99.000 -99.000 -99.000 -99.000 -99.000 -99.000 -99.000 -99.000 -99.000 -99.000 -99.000 -99.000 -99.000 -99.000 -99.000 -99.000 -99.000 -99.000 -99.000 -99.000 1.644 1.655 1.728 1.907 2.179 2.522 2.905 3.291 3.650 3.951 4.185 4.366 4.508 4.623 4.721 4.806 4.883 4.952 5.017 5.076 5.132 5.185 5.237 5.288 5.338 5.385 5.431 5.475 5.518 5.562 5.611 5.667 5.729 5.799 5.874 5.955 6.044 6.139 6.240 6.348 6.458 6.561 6.648 6.717 6.766 6.860 6.980
-99.000 -99.000 -99.000 -99.000 -99.000 -99.000 -99.000 -99.000 -99.000 -99.000 -99.000 -99.000 -99.000 -99.000 -99.000 -99.000 -99.000 -99.000 -99.000 -99.000 -99.000 -99.000 -99.000 1.645 1.673 1.787 2.006 2.310 2.673 3.063 3.442 3.778 4.047 4.255 4.416 4.545 4.653 4.746 4.830 4.906 4.977 5.042 5.102 5.158 5.212 5.264 5.316 5.368 5.418 5.467 5.515 5.563 5.612 5.665 5.724 5.789 5.860 5.934 6.014 6.101 6.190 6.286 6.387 6.492 6.594 6.684 6.757 6.808 6.906 7.035
-99.000 -99.000 -99.000 -99.000 -99.000 -99.000 -99.000 -99.000 -99.000 -99.000 -99.000 -99.000 -99.000 -99.000 -99.000 -99.000 -99.000 -99.000 -99.000 -99.000 -99.000 -99.000 1.644 1.650 1.705 1.864 2.119 2.450 2.829 3.219 3.585 3.892 4.131 4.315 4.460 4.577 4.678 4.767 4.849 4.925 4.995 5.061 5.123 5.180 5.234 5.288 5.341 5.396 5.449 5.502 5.557 5.611 5.665 5.722 5.786 5.853 5.924 5.997 6.075 6.160 6.243 6.331 6.424 6.525 6.628 6.722 6.800 6.849 6.948 7.084
-99.000 -99.000 -99.000 -99.000 -99.000 -99.000 -99.000 -99.000 -99.000 -99.000 -99.000 -99.000 -99.000 -99.000 -99.000 -99.000 -99.000 -99.000 -99.000 -99.000 -99.000 -99.000 1.645 1.662 1.756 1.957 2.245 2.599 2.987 3.373 3.717 3.994 4.207 4.370 4.500 4.607 4.700 4.785 4.864 4.939 5.009 5.075 5.137 5.195 5.250 5.305 5.361 5.418 5.475 5.534 5.596 5.658 5.718 5.782 5.849 5.918 5.988 6.059 6.137 6.220 6.297 6.376 6.463 6.560 6.663 6.762 6.840 6.885 6.984 7.126
-99.000 -99.000 -99.000 -99.000 -99.000 -99.000 -99.000 -99.000 -99.000 -99.000 -99.000 -99.000 -99.000 -99.000 -99.000 -99.000 -99.000 -99.000 -99.000 -99.000 -99.000 1.644 1.647 1.688 1.826 2.065 2.383 2.755 3.147 3.521 3.838 4.087 4.277 4.423 4.539 4.637 4.723 4.803 4.878 4.950 5.019 5.084 5.146 5.204 5.259 5.316 5.374 5.435 5.496 5.561 5.632 5.701 5.770 5.840 5.910 5.980 6.050 6.119 6.197 6.278 6.350 6.423 6.503 6.595 6.698 6.797 6.875 6.912 7.009 7.148
-99.000 -99.000 -99.000 -99.000 -99.000 -99.000 -99.000 -99.000 -99.000 -99.000 -99.000 -99.000 -99.000 -99.000 -99.000 -99.000 -99.000 -99.000 -99.000 -99.000 -99.000 1.644 1.655 1.731 1.913 2.187 2.532 2.916 3.305 3.659 3.949 4.173 4.342 4.473 4.578 4.668 4.748 4.822 4.894 4.962 5.028 5.090 5.150 5.208 5.264 5.321 5.381 5.445 5.511 5.582 5.660 5.738 5.814 5.890 5.964 6.035 6.106 6.174 6.252 6.332 6.402 6.471 6.544 6.631 6.727 6.820 6.897 6.926 7.013 7.145
-99.000 -99.000 -99.000 -99.000 -99.000 -99.000 -99.000 -99.000 -99.000 -99.000 -99.000 -99.000 -99.000 -99.000 -99.000 -99.000 -99.000 -99.000 -99.000 -99.000 1.644 1.646 1.675 1.794 2.017 2.324 2.689 3.079 3.458 3.789 4.051 4.251 4.403 4.521 4.618 4.701 4.776 4.846 4.913 4.977 5.038 5.097 5.154 5.209 5.264 5.320 5.382 5.450 5.521 5.597 5.682 5.768 5.853 5.936 6.015 6.089 6.161 6.228 6.306 6.389 6.457 6.521 6.589 6.667 6.753 6.845 6.920 6.932 7.006 7.131
-99.000 -99.000 -99.000 -99.000 -99.000 -99.000 -99.000 -99.000 -99.000 -99.000 -99.000 -99.000 -99.000 -99.000 -99.000 -99.000 -99.000 -99.000 -99.000 -99.000 1.644 1.651 1.712 1.876 2.137 2.472 2.852 3.242 3.606 3.908 4.143 4.322 4.459 4.568 4.657 4.735 4.806 4.873 4.936 4.996 5.053 5.107 5.160 5.211 5.264 5.320 5.384 5.456 5.530 5.613 5.705 5.797 5.891 5.980 6.063 6.141 6.213 6.280 6.361 6.447 6.512 6.573 6.638 6.708 6.786 6.880 6.938 6.923 6.985 7.103
-99.000 -99.000 -99.000 -99.000 -99.000 -99.000 -99.000 -99.000 -99.000 -99.000 -99.000 -99.000 -99.000 -99.000 -99.000 -99.000 -99.000 -99.000 -99.000 -99.000 1.645 1.666 1.768 1.976 2.271 2.630 3.019 3.402 3.743 4.016 4.226 4.386 4.510 4.610 4.695 4.770 4.838 4.902 4.963 5.020 5.073 5.123 5.171 5.219 5.269 5.326 5.392 5.467 5.546 5.633 5.730 5.828 5.927 6.021 6.111 6.192 6.266 6.333 6.418 6.509 6.576 6.636 6.696 6.764 6.839 6.907 6.930 6.900 6.952 7.059
-99.000 -99.000 -99.000 -99.000 -99.000 -99.000 -99.000 -99.000 -99.000 -99.000 -99.000 -99.000 -99.000 -99.000 -99.000 -99.000 -99.000 -99.000 -99.000 1.644 1.648 1.696 1.844 2.092 2.419 2.795 3.187 3.557 3.869 4.113 4.299 4.443 4.556 4.650 4.731 4.803 4.870 4.933 4.992 5.047 5.098 5.145 5.189 5.234 5.283 5.340 5.407 5.485 5.566 5.657 5.757 5.859 5.961 6.062 6.158 6.243 6.320 6.389 6.480 6.578 6.647 6.705 6.762 6.824 6.878 6.910 6.909 6.865 6.906 7.002
-99.000 -99.000 -99.000 -99.000 -99.000 -99.000 -99.000 -99.000 -99.000 -99.000 -99.000 -99.000 -99.000 -99.000 -99.000 -99.000 -99.000 -99.000 -99.000 1.644 1.659 1.746 1.939 2.224 2.577 2.965 3.353 3.702 3.984 4.200 4.365 4.494 4.598 4.686 4.764 4.835 4.901 4.963 5.022 5.076 5.125 5.169 5.210 5.253 5.300 5.357 5.426 5.507 5.591 5.685 5.787 5.891 5.997 6.103 6.205 6.296 6.377 6.449 6.546 6.653 6.722 6.777 6.827 6.870 6.897 6.902 6.879 6.822 6.851 6.936
-99.000 -99.000 -99.000 -99.000 -99.000 -99.000 -99.000 -99.000 -99.000 -99.000 -99.000 -99.000 -99.000 -99.000 -99.000 -99.000 -99.000 -99.000 1.644 1.647 1.683 1.816 2.051 2.369 2.743 3.137 3.515 3.837 4.088 4.279 4.426 4.541 4.637 4.720 4.794 4.863 4.929 4.990 5.048 5.102 5.150 5.193 5.233 5.273 5.320 5.378 5.450 5.533 5.620 5.714 5.818 5.925 6.033 6.143 6.252 6.350 6.438 6.512 6.613 6.725 6.794 6.843 6.877 6.898 6.903 6.883 6.843 6.773 6.789 6.862
-99.000 -99.000 -99.000 -99.000 -99.000 -99.000 -99.000 -99.000 -99.000 -99.000 -99.000 -99.000 -99.000 -99.000 -99.000 -99.000 -99.000 -99.000 1.644 1.654 1.727 1.906 2.180 2.526 2.915 3.308 3.668 3.960 4.184 4.352 4.482 4.586 4.674 4.752 4.823 4.890 4.953 5.014 5.071 5.123 5.171 5.213 5.253 5.293 5.341 5.400 5.473 5.558 5.646 5.742 5.848 5.956 6.066 6.181 6.297 6.404 6.496 6.568 6.672 6.788 6.856 6.893 6.909 6.911 6.896 6.858 6.802 6.719 6.722 6.787
-99.000 -99.000 -99.000 -99.000 -99.000 -99.000 -99.000 -99.000 -99.000 -99.000 -99.000 -99.000 -99.000 -99.000 -99.000 -99.000 -99.000 1.644 1.646 1.674 1.792 2.015 2.323 2.693 3.090 3.476 3.812 4.074 4.273 4.422 4.537 4.631 4.711 4.783 4.851 4.914 4.976 5.034 5.089 5.140 5.187 5.229 5.269 5.311 5.359 5.419 5.493 5.580 5.668 5.766 5.874 5.984 6.097 6.216 6.338 6.452 6.546 6.615 6.720 6.841 6.901 6.925 6.926 6.912 6.880 6.828 6.757 6.664 6.659 6.715
-99.000 -99.000 -99.000 -99.000 -99.000 -99.000 -99.000 -99.000 -99.000 -99.000 -99.000 -99.000 -99.000 -99.000 -99.000 -99.000 -99.000 1.644 1.651 1.712 1.878 2.141 2.480 2.867 3.265 3.637 3.945 4.181 4.357 4.489 4.591 4.676 4.750 4.817 4.879 4.939 4.996 5.052 5.103 5.152 5.198 5.241 5.283 5.326 5.376 5.436 5.511 5.597 5.687 5.785 5.895 6.008 6.124 6.246 6.373 6.490 6.586 6.649 6.753 6.872 6.923 6.937 6.925 6.897 6.852 6.787 6.708 6.607 6.594 6.646
-99.000 -99.000 -99.000 -99.000 -99.000 -99.000 -99.000 -99.000 -99.000 -99.000 -99.000 -99.000 -99.000 -99.000 -99.000 -99.000 -99.000 1.645 1.667 1.771 1.983 2.283 2.648 3.045 3.438 3.789 4.069 4.279 4.436 4.553 4.646 4.723 4.791 4.852 4.910 4.965 5.018 5.069 5.116 5.161 5.206 5.249 5.294 5.340 5.392 5.453 5.526 5.612 5.701 5.800 5.911 6.026 6.143 6.267 6.392 6.508 6.605 6.663 6.762 6.877 6.924 6.932 6.910 6.873 6.819 6.746 6.661 6.555 6.538 6.586
-99.000 -99.000 -99.000 -99.000 -99.000 -99.000 -99.000 -99.000 -99.000 -99.000 -99.000 -99.000 -99.000 -99.000 -99.000 -99.000 1.644 1.649 1.700 1.853 2.107 2.440 2.824 3.225 3.605 3.931 4.183 4.370 4.510 4.616 4.701 4.772 4.834 4.891 4.944 4.994 5.042 5.087 5.130 5.172 5.215 5.260 5.307 5.357 5.410 5.469 5.540 5.625 5.712 5.810 5.922 6.037 6.156 6.278 6.402 6.522 6.621 6.667 6.759 6.876 6.921 6.923 6.896 6.853 6.792 6.714 6.625 6.514 6.494 6.538
-99.000 -99.000 -99.000 -99.000 -99.000 -99.000 -99.000 -99.000 -99.000 -99.000 -99.000 -99.000 -99.000 -99.000 -99.000 -99.000 1.645 1.661 1.754 1.955 2.247 2.608 3.005 3.402 3.765 4.061 4.287 4.454 4.580 4.677 4.755 4.821 4.879 4.932 4.981 5.027 5.071 5.112 5.150 5.189 5.231 5.277 5.327 5.378 5.432 5.489 5.559 5.642 5.727 5.824 5.933 6.049 6.170 6.293 6.416 6.544 6.631 6.659 6.750 6.869 6.911 6.910 6.881 6.833 6.767 6.685 6.591 6.478 6.455 6.494
-99.000 -99.000 -99.000 -99.000 -99.000 -99.000 -99.000 -99.000 -99.000 -99.000 -99.000 -99.000 -99.000 -99.000 -99.000 1.644 1.647 1.689 1.830 2.074 2.401 2.784 3.187 3.574 3.914 4.180 4.381 4.531 4.645 4.735 4.808 4.871 4.926 4.976 5.022 5.066 5.107 5.144 5.180 5.216 5.257 5.303 5.354 5.407 5.463 5.524 5.594 5.672 5.755 5.851 5.958 6.073 6.193 6.319 6.445 6.554 6.618 6.644 6.735 6.853 6.896 6.896 6.864 6.813 6.743 6.656 6.559 6.444 6.416 6.447
-99.000 -99.000 -99.000 -99.000 -99.000 -99.000 -99.000 -99.000 -99.000 -99.000 -99.000 -99.000 -99.000 -99.000 -99.000 1.644 1.656 1.737 1.926 2.209 2.565 2.963 3.366 3.739 4.050 4.288 4.466 4.601 4.706 4.790 4.860 4.920 4.973 5.022 5.067 5.109 5.148 5.184 5.218 5.253 5.294 5.340 5.392 5.449 5.509 5.573 5.642 5.718 5.799 5.892 5.994 6.103 6.221 6.344 6.456 6.543 6.598 6.622 6.713 6.832 6.878 6.878 6.845 6.792 6.717 6.625 6.525 6.405 6.371 6.393
-99.000 -99.000 -99.000 -99.000 -99.000 -99.000 -99.000 -99.000 -99.000 -99.000 -99.000 -99.000 -99.000 -99.000 1.644 1.646 1.679 1.805 2.038 2.357 2.737 3.144 3.540 3.892 4.173 4.384 4.543 4.665 4.762 4.842 4.910 4.969 5.020 5.068 5.113 5.155 5.193 5.229 5.263 5.299 5.340 5.386 5.440 5.501 5.566 5.633 5.703 5.776 5.855 5.945 6.036 6.134 6.244 6.353 6.450 6.526 6.577 6.598 6.689 6.811 6.858 6.857 6.824 6.766 6.687 6.590 6.482 6.358 6.318 6.331
-99.000 -99.000 -99.000 -99.000 -99.000 -99.000 -99.000 -99.000 -99.000 -99.000 -99.000 -99.000 -99.000 -99.000 1.644 1.652 1.719 1.893 2.166 2.515 2.912 3.321 3.706 4.033 4.284 4.472 4.614 4.725 4.816 4.892 4.957 5.016 5.067 5.114 5.158 5.200 5.239 5.277 5.313 5.350 5.391 5.438 5.494 5.558 5.628 5.700 5.772 5.842 5.919 6.001 6.079 6.165 6.255 6.349 6.437 6.508 6.557 6.576 6.665 6.787 6.834 6.834 6.797 6.736 6.652 6.547 6.431 6.303 6.257 6.264
-99.000 -99.000 -99.000 -99.000 -99.000 -99.000 -99.000 -99.000 -99.000 -99.000 -99.000 -99.000 -99.000 -99.000 1.645 1.669 1.779 1.997 2.305 2.679 3.088 3.493 3.862 4.161 4.385 4.552 4.679 4.781 4.866 4.938 5.003 5.061 5.112 5.158 5.202 5.243 5.284 5.324 5.362 5.401 5.444 5.492 5.550 5.617 5.692 5.770 5.842 5.907 5.980 6.056 6.120 6.186 6.258 6.341 6.421 6.490 6.538 6.552 6.638 6.761 6.808 6.804 6.765 6.701 6.609 6.496 6.373 6.243 6.195 6.201
-99.000 -99.000 -99.000 -99.000 -99.000 -99.000 -99.000 -99.000 -99.000 -99.000 -99.000 -99.000 -99.000 1.644 1.649 1.701 1.858 2.116 2.454 2.847 3.260 3.658 4.007 4.278 4.479 4.628 4.743 4.836 4.915 4.984 5.047 5.104 5.154 5.199 5.242 5.284 5.326 5.368 5.409 5.450 5.495 5.545 5.604 5.675 5.754 5.835 5.907 5.966 6.036 6.109 6.158 6.203 6.262 6.332 6.406 6.475 6.521 6.529 6.613 6.737 6.779 6.770 6.726 6.657 6.559 6.440 6.312 6.183 6.141 6.151
-99.000 -99.000 -99.000 -99.000 -99.000 -99.000 -99.000 -99.000 -99.000 -99.000 -99.000 -99.000 -99.000 1.645 1.661 1.752 1.953 2.247 2.611 3.016 3.428 3.813 4.140 4.388 4.568 4.703 4.807 4.893 4.966 5.031 5.091 5.145 5.194 5.238 5.279 5.321 5.364 5.408 5.452 5.496 5.543 5.595 5.657 5.731 5.812 5.894 5.964 6.019 6.086 6.153 6.188 6.222 6.265 6.324 6.393 6.460 6.505 6.507 6.586 6.705 6.739 6.725 6.675 6.603 6.501 6.377 6.248 6.129 6.095 6.116
-99.000 -99.000 -99.000 -99.000 -99.000 -99.000 -99.000 -99.000 -99.000 -99.000 -99.000 -99.000 1.644 1.647 1.685 1.822 2.063 2.388 2.772 3.184 3.589 3.959 4.264 4.491 4.656 4.778 4.873 4.952 5.019 5.079 5.135 5.186 5.233 5.276 5.316 5.357 5.401 5.448 5.494 5.541 5.590 5.645 5.709 5.782 5.861 5.941 6.012 6.062 6.127 6.191 6.222 6.246 6.278 6.327 6.386 6.447 6.490 6.485 6.556 6.668 6.696 6.675 6.622 6.548 6.446 6.324 6.201 6.093 6.074 6.110
