version1/TsunamiDB/out54067.asc
ncols          264
nrows          230
xllcorner      497853.4375
yllcorner      4229146.0000
cellsize         5.
NODATA_value   -99
[rows 165 to 197 of 230, columns 75 to 149 of 264]
5.507 5.530 5.553 5.577 5.601 5.625 5.649 5.673 5.697 5.721 5.744 5.767 5.790 5.812 5.834 5.856 5.876 5.896 5.914 5.932 5.949 5.965 5.979 5.994 6.006 6.018 6.030 6.043 6.056 6.070 6.085 6.100 6.117 6.135 6.154 6.174 6.195 6.216 6.238 6.261 6.283 6.305 6.328 6.349 6.371 6.392 6.412 6.431 6.449 6.466 6.484 6.500 6.517 6.533 6.549 6.565 6.581 6.597 6.613 6.630 6.646 6.663 6.680 6.697 6.713 6.730 6.746 6.761 6.776 6.791 6.804 6.816 6.828 6.841 6.854
5.516 5.538 5.561 5.585 5.608 5.632 5.656 5.680 5.703 5.727 5.751 5.774 5.797 5.820 5.842 5.864 5.885 5.906 5.925 5.944 5.962 5.978 5.994 6.009 6.022 6.034 6.046 6.059 6.071 6.084 6.098 6.112 6.128 6.144 6.162 6.181 6.200 6.221 6.242 6.263 6.285 6.307 6.329 6.351 6.372 6.393 6.413 6.432 6.450 6.468 6.486 6.503 6.520 6.537 6.553 6.569 6.585 6.602 6.619 6.635 6.653 6.670 6.688 6.705 6.723 6.740 6.757 6.774 6.790 6.805 6.820 6.833 6.846 6.859 6.872
5.525 5.547 5.569 5.593 5.616 5.639 5.663 5.686 5.710 5.733 5.757 5.780 5.803 5.826 5.849 5.871 5.893 5.914 5.934 5.954 5.973 5.990 6.007 6.023 6.037 6.049 6.062 6.075 6.087 6.100 6.112 6.126 6.140 6.155 6.172 6.189 6.207 6.227 6.247 6.267 6.288 6.310 6.331 6.353 6.374 6.395 6.415 6.434 6.452 6.470 6.488 6.506 6.523 6.540 6.556 6.573 6.589 6.606 6.623 6.641 6.658 6.676 6.694 6.713 6.731 6.749 6.767 6.785 6.802 6.819 6.834 6.848 6.862 6.876 6.890
5.534 5.556 5.578 5.601 5.624 5.646 5.669 5.692 5.716 5.739 5.762 5.786 5.809 5.832 5.855 5.877 5.900 5.921 5.942 5.963 5.982 6.001 6.018 6.035 6.050 6.063 6.077 6.090 6.102 6.115 6.127 6.140 6.153 6.168 6.183 6.199 6.216 6.234 6.253 6.273 6.293 6.314 6.334 6.355 6.376 6.397 6.417 6.436 6.454 6.473 6.491 6.508 6.526 6.543 6.560 6.576 6.593 6.610 6.627 6.645 6.663 6.681 6.700 6.719 6.738 6.757 6.776 6.795 6.813 6.831 6.847 6.862 6.877 6.892 6.907
5.544 5.566 5.587 5.609 5.632 5.654 5.676 5.699 5.722 5.745 5.768 5.791 5.814 5.837 5.860 5.883 5.905 5.927 5.949 5.970 5.990 6.010 6.028 6.046 6.062 6.076 6.090 6.104 6.117 6.130 6.142 6.154 6.167 6.181 6.195 6.210 6.226 6.243 6.260 6.279 6.298 6.318 6.339 6.359 6.380 6.400 6.420 6.439 6.457 6.475 6.494 6.511 6.529 6.546 6.563 6.580 6.597 6.614 6.631 6.649 6.668 6.686 6.705 6.725 6.745 6.764 6.784 6.804 6.823 6.842 6.859 6.875 6.891 6.907 6.922
5.555 5.576 5.597 5.619 5.640 5.662 5.684 5.706 5.728 5.750 5.773 5.796 5.818 5.841 5.864 5.887 5.910 5.932 5.954 5.976 5.997 6.017 6.036 6.055 6.071 6.087 6.102 6.117 6.130 6.144 6.156 6.169 6.181 6.194 6.207 6.222 6.236 6.252 6.269 6.287 6.305 6.324 6.344 6.364 6.384 6.404 6.424 6.442 6.460 6.479 6.497 6.515 6.532 6.549 6.567 6.583 6.601 6.618 6.635 6.653 6.672 6.691 6.710 6.730 6.750 6.771 6.791 6.812 6.832 6.851 6.870 6.887 6.904 6.921 6.937
5.565 5.586 5.607 5.628 5.649 5.671 5.692 5.713 5.735 5.757 5.779 5.801 5.823 5.846 5.868 5.891 5.914 5.936 5.959 5.980 6.002 6.023 6.043 6.062 6.080 6.096 6.112 6.128 6.142 6.156 6.169 6.182 6.195 6.207 6.220 6.234 6.248 6.263 6.279 6.295 6.313 6.331 6.350 6.369 6.389 6.409 6.428 6.446 6.464 6.483 6.501 6.519 6.536 6.554 6.571 6.588 6.605 6.622 6.640 6.658 6.676 6.695 6.715 6.735 6.756 6.777 6.798 6.819 6.840 6.860 6.880 6.898 6.916 6.934 6.952
5.576 5.597 5.617 5.638 5.659 5.680 5.700 5.721 5.742 5.763 5.785 5.806 5.828 5.850 5.872 5.895 5.917 5.940 5.962 5.984 6.006 6.027 6.048 6.068 6.086 6.104 6.121 6.137 6.153 6.167 6.181 6.194 6.207 6.220 6.233 6.246 6.260 6.274 6.289 6.305 6.322 6.339 6.357 6.376 6.395 6.414 6.433 6.451 6.469 6.488 6.506 6.524 6.541 6.558 6.576 6.593 6.610 6.627 6.644 6.662 6.681 6.700 6.720 6.740 6.761 6.782 6.804 6.826 6.848 6.869 6.889 6.908 6.927 6.947 6.965
5.588 5.608 5.628 5.649 5.669 5.690 5.710 5.730 5.750 5.770 5.791 5.812 5.833 5.855 5.876 5.898 5.921 5.943 5.965 5.988 6.010 6.031 6.052 6.073 6.092 6.110 6.128 6.145 6.161 6.177 6.191 6.205 6.219 6.232 6.245 6.258 6.271 6.285 6.300 6.315 6.331 6.348 6.365 6.383 6.402 6.421 6.440 6.457 6.475 6.493 6.511 6.529 6.547 6.564 6.581 6.598 6.615 6.632 6.650 6.668 6.686 6.705 6.725 6.746 6.767 6.788 6.810 6.833 6.855 6.877 6.898 6.918 6.938 6.959 6.978
5.599 5.619 5.639 5.660 5.680 5.700 5.720 5.739 5.759 5.779 5.798 5.819 5.839 5.860 5.881 5.902 5.924 5.946 5.968 5.990 6.012 6.034 6.056 6.077 6.096 6.114 6.133 6.151 6.168 6.185 6.200 6.215 6.229 6.243 6.256 6.269 6.282 6.296 6.310 6.325 6.340 6.357 6.374 6.391 6.409 6.428 6.446 6.463 6.481 6.500 6.518 6.536 6.554 6.571 6.588 6.605 6.622 6.639 6.656 6.674 6.692 6.711 6.731 6.752 6.773 6.795 6.817 6.840 6.863 6.885 6.907 6.928 6.949 6.970 6.991
5.610 5.630 5.651 5.671 5.691 5.711 5.730 5.749 5.768 5.787 5.807 5.826 5.846 5.866 5.886 5.907 5.928 5.949 5.971 5.993 6.015 6.037 6.059 6.079 6.098 6.118 6.138 6.156 6.174 6.191 6.208 6.223 6.238 6.252 6.266 6.279 6.293 6.307 6.321 6.335 6.350 6.366 6.382 6.400 6.417 6.436 6.453 6.470 6.488 6.507 6.525 6.543 6.561 6.578 6.596 6.613 6.630 6.647 6.664 6.682 6.700 6.719 6.738 6.758 6.780 6.802 6.824 6.847 6.871 6.894 6.916 6.938 6.960 6.982 7.003
5.621 5.641 5.662 5.683 5.703 5.722 5.741 5.760 5.779 5.797 5.816 5.834 5.853 5.872 5.892 5.912 5.933 5.953 5.975 5.996 6.018 6.039 6.061 6.081 6.101 6.121 6.141 6.160 6.179 6.197 6.214 6.230 6.246 6.260 6.275 6.289 6.303 6.316 6.330 6.345 6.360 6.375 6.391 6.408 6.426 6.444 6.461 6.478 6.496 6.514 6.533 6.551 6.569 6.587 6.604 6.622 6.639 6.656 6.673 6.690 6.708 6.727 6.746 6.766 6.787 6.809 6.832 6.855 6.879 6.902 6.925 6.948 6.971 6.994 7.016
5.631 5.652 5.673 5.694 5.714 5.734 5.753 5.771 5.790 5.808 5.826 5.844 5.862 5.880 5.899 5.918 5.938 5.958 5.978 5.999 6.020 6.042 6.063 6.084 6.103 6.124 6.144 6.164 6.183 6.201 6.219 6.236 6.252 6.268 6.283 6.297 6.311 6.326 6.340 6.354 6.369 6.384 6.400 6.417 6.434 6.452 6.469 6.486 6.504 6.523 6.541 6.560 6.578 6.596 6.614 6.631 6.648 6.665 6.683 6.700 6.718 6.736 6.755 6.775 6.796 6.818 6.841 6.864 6.888 6.912 6.935 6.959 6.982 7.006 7.029
5.642 5.663 5.684 5.705 5.725 5.745 5.764 5.783 5.801 5.819 5.837 5.854 5.872 5.889 5.907 5.925 5.944 5.963 5.983 6.003 6.024 6.045 6.066 6.086 6.106 6.126 6.146 6.166 6.186 6.205 6.223 6.241 6.258 6.274 6.289 6.305 6.319 6.334 6.348 6.363 6.378 6.393 6.409 6.425 6.442 6.460 6.477 6.494 6.512 6.531 6.550 6.569 6.587 6.606 6.624 6.641 6.659 6.676 6.694 6.711 6.729 6.747 6.766 6.786 6.806 6.828 6.851 6.874 6.898 6.922 6.946 6.970 6.994 7.018 7.042
5.652 5.673 5.695 5.716 5.736 5.756 5.776 5.795 5.813 5.831 5.848 5.865 5.882 5.899 5.916 5.934 5.952 5.970 5.989 6.008 6.028 6.048 6.069 6.088 6.108 6.128 6.149 6.169 6.189 6.208 6.227 6.245 6.262 6.279 6.295 6.311 6.327 6.341 6.356 6.371 6.386 6.401 6.417 6.434 6.450 6.468 6.485 6.502 6.521 6.539 6.558 6.578 6.597 6.615 6.634 6.652 6.670 6.688 6.705 6.723 6.741 6.759 6.778 6.797 6.818 6.839 6.861 6.885 6.909 6.933 6.957 6.982 7.007 7.032 7.057
5.661 5.683 5.705 5.726 5.747 5.767 5.787 5.806 5.825 5.842 5.860 5.877 5.894 5.910 5.927 5.943 5.960 5.978 5.996 6.014 6.033 6.052 6.072 6.092 6.111 6.131 6.151 6.171 6.191 6.211 6.230 6.249 6.267 6.284 6.301 6.317 6.333 6.348 6.364 6.379 6.394 6.410 6.425 6.442 6.459 6.476 6.493 6.511 6.529 6.548 6.567 6.587 6.606 6.625 6.645 6.663 6.682 6.700 6.718 6.736 6.753 6.772 6.790 6.810 6.830 6.851 6.874 6.897 6.921 6.946 6.970 6.995 7.020 7.046 7.071
5.671 5.692 5.714 5.736 5.757 5.778 5.798 5.817 5.836 5.854 5.872 5.889 5.905 5.922 5.938 5.954 5.970 5.987 6.004 6.021 6.039 6.058 6.077 6.096 6.114 6.134 6.154 6.174 6.194 6.214 6.233 6.252 6.270 6.288 6.306 6.323 6.339 6.355 6.371 6.386 6.402 6.417 6.433 6.450 6.467 6.484 6.501 6.519 6.537 6.556 6.576 6.596 6.616 6.635 6.655 6.674 6.693 6.712 6.731 6.749 6.767 6.785 6.804 6.823 6.844 6.865 6.887 6.910 6.934 6.959 6.983 7.009 7.035 7.061 7.087
5.680 5.701 5.724 5.745 5.767 5.788 5.808 5.828 5.847 5.866 5.884 5.901 5.917 5.934 5.950 5.965 5.981 5.997 6.013 6.030 6.047 6.065 6.083 6.101 6.119 6.138 6.157 6.177 6.197 6.217 6.236 6.256 6.274 6.293 6.310 6.328 6.345 6.361 6.377 6.393 6.409 6.425 6.441 6.457 6.474 6.492 6.509 6.527 6.545 6.564 6.584 6.604 6.625 6.645 6.665 6.685 6.705 6.725 6.744 6.762 6.781 6.800 6.818 6.838 6.858 6.879 6.901 6.924 6.949 6.973 6.998 7.023 7.050 7.076 7.103
5.689 5.710 5.733 5.755 5.776 5.797 5.818 5.838 5.858 5.877 5.895 5.913 5.930 5.946 5.962 5.978 5.993 6.008 6.024 6.040 6.056 6.073 6.090 6.107 6.124 6.143 6.162 6.181 6.201 6.220 6.240 6.259 6.278 6.297 6.315 6.333 6.350 6.367 6.383 6.400 6.416 6.432 6.448 6.465 6.482 6.500 6.517 6.534 6.553 6.572 6.592 6.613 6.634 6.655 6.675 6.696 6.717 6.737 6.756 6.776 6.795 6.814 6.833 6.853 6.873 6.894 6.916 6.939 6.964 6.988 7.013 7.039 7.066 7.093 7.120
5.698 5.719 5.741 5.763 5.785 5.807 5.828 5.848 5.868 5.887 5.906 5.924 5.941 5.958 5.974 5.990 6.005 6.020 6.036 6.051 6.066 6.082 6.099 6.115 6.131 6.149 6.167 6.186 6.205 6.225 6.244 6.263 6.282 6.301 6.320 6.338 6.355 6.373 6.390 6.406 6.423 6.439 6.456 6.472 6.489 6.507 6.524 6.542 6.561 6.580 6.600 6.621 6.642 6.664 6.685 6.707 6.728 6.749 6.769 6.789 6.809 6.829 6.849 6.868 6.889 6.910 6.932 6.955 6.979 7.004 7.029 7.055 7.082 7.110 7.137
5.707 5.728 5.750 5.772 5.794 5.815 5.837 5.857 5.878 5.897 5.917 5.935 5.953 5.970 5.987 6.002 6.018 6.033 6.048 6.063 6.078 6.093 6.109 6.124 6.140 6.157 6.174 6.192 6.211 6.230 6.249 6.268 6.287 6.306 6.325 6.343 6.361 6.378 6.396 6.413 6.429 6.446 6.463 6.480 6.497 6.514 6.532 6.549 6.568 6.588 6.608 6.629 6.651 6.672 6.694 6.716 6.738 6.760 6.781 6.802 6.823 6.843 6.864 6.884 6.905 6.926 6.948 6.971 6.996 7.020 7.045 7.072 7.099 7.127 7.155
5.716 5.737 5.759 5.780 5.802 5.824 5.845 5.866 5.887 5.907 5.926 5.945 5.964 5.981 5.998 6.015 6.030 6.046 6.061 6.075 6.090 6.105 6.120 6.134 6.149 6.165 6.182 6.200 6.218 6.236 6.255 6.274 6.293 6.312 6.330 6.349 6.367 6.385 6.402 6.419 6.436 6.453 6.470 6.487 6.504 6.522 6.539 6.556 6.575 6.595 6.616 6.637 6.659 6.681 6.703 6.726 6.748 6.771 6.793 6.815 6.836 6.858 6.878 6.899 6.920 6.942 6.964 6.988 7.012 7.037 7.062 7.088 7.116 7.144 7.173
5.726 5.746 5.768 5.789 5.810 5.832 5.853 5.874 5.895 5.916 5.936 5.955 5.974 5.992 6.010 6.026 6.043 6.058 6.073 6.088 6.103 6.117 6.132 6.146 6.160 6.175 6.192 6.208 6.226 6.244 6.262 6.280 6.299 6.318 6.336 6.355 6.373 6.391 6.409 6.426 6.443 6.460 6.477 6.494 6.511 6.529 6.546 6.564 6.582 6.602 6.623 6.644 6.666 6.689 6.712 6.735 6.758 6.781 6.804 6.827 6.849 6.871 6.893 6.914 6.936 6.958 6.981 7.004 7.029 7.053 7.079 7.105 7.133 7.162 7.191
5.737 5.756 5.777 5.798 5.819 5.840 5.861 5.883 5.904 5.924 5.944 5.964 5.983 6.002 6.020 6.037 6.054 6.070 6.086 6.101 6.115 6.130 6.144 6.158 6.172 6.186 6.202 6.218 6.235 6.252 6.270 6.288 6.306 6.325 6.343 6.362 6.380 6.398 6.416 6.433 6.450 6.467 6.485 6.502 6.519 6.536 6.553 6.571 6.589 6.609 6.630 6.651 6.673 6.696 6.720 6.743 6.767 6.791 6.815 6.838 6.861 6.884 6.907 6.929 6.951 6.974 6.997 7.020 7.045 7.069 7.095 7.122 7.150 7.179 7.208
5.749 5.767 5.787 5.807 5.828 5.849 5.870 5.891 5.912 5.932 5.953 5.973 5.992 6.011 6.030 6.048 6.065 6.082 6.098 6.113 6.128 6.143 6.157 6.170 6.184 6.198 6.213 6.229 6.245 6.262 6.279 6.297 6.315 6.333 6.351 6.369 6.387 6.405 6.423 6.441 6.458 6.475 6.492 6.509 6.526 6.544 6.560 6.578 6.596 6.616 6.637 6.658 6.680 6.703 6.727 6.751 6.776 6.800 6.825 6.849 6.873 6.897 6.920 6.943 6.966 6.989 7.012 7.036 7.060 7.085 7.111 7.138 7.166 7.195 7.225
5.762 5.779 5.798 5.818 5.838 5.858 5.878 5.899 5.920 5.940 5.961 5.981 6.001 6.020 6.039 6.058 6.075 6.093 6.109 6.125 6.140 6.155 6.170 6.183 6.197 6.211 6.226 6.241 6.256 6.273 6.289 6.306 6.324 6.342 6.360 6.378 6.396 6.414 6.431 6.449 6.466 6.483 6.500 6.517 6.534 6.551 6.568 6.585 6.603 6.623 6.643 6.665 6.687 6.710 6.734 6.759 6.783 6.809 6.834 6.859 6.884 6.908 6.932 6.956 6.979 7.003 7.027 7.051 7.075 7.100 7.126 7.153 7.181 7.211 7.241
5.776 5.793 5.811 5.829 5.848 5.867 5.887 5.907 5.928 5.948 5.969 5.989 6.009 6.029 6.048 6.067 6.085 6.103 6.120 6.136 6.152 6.168 6.182 6.196 6.209 6.224 6.238 6.253 6.268 6.284 6.300 6.317 6.334 6.351 6.369 6.387 6.405 6.422 6.440 6.457 6.475 6.492 6.508 6.525 6.543 6.559 6.575 6.592 6.610 6.629 6.650 6.671 6.693 6.717 6.741 6.766 6.791 6.816 6.842 6.868 6.894 6.919 6.944 6.968 6.992 7.016 7.040 7.065 7.090 7.114 7.140 7.167 7.196 7.226 7.256
5.793 5.809 5.825 5.842 5.860 5.878 5.897 5.917 5.936 5.956 5.976 5.997 6.017 6.036 6.056 6.075 6.094 6.112 6.130 6.147 6.163 6.179 6.194 6.208 6.222 6.236 6.251 6.266 6.281 6.296 6.312 6.328 6.345 6.362 6.379 6.397 6.414 6.432 6.449 6.467 6.484 6.501 6.517 6.534 6.551 6.567 6.583 6.599 6.617 6.636 6.656 6.677 6.700 6.723 6.747 6.772 6.798 6.824 6.850 6.876 6.903 6.928 6.954 6.979 7.004 7.028 7.053 7.078 7.103 7.127 7.153 7.181 7.209 7.239 7.270
5.812 5.826 5.841 5.857 5.873 5.890 5.908 5.927 5.946 5.965 5.985 6.004 6.024 6.044 6.064 6.083 6.102 6.121 6.139 6.157 6.174 6.190 6.205 6.219 6.234 6.249 6.264 6.278 6.293 6.309 6.324 6.340 6.357 6.373 6.390 6.408 6.425 6.442 6.459 6.477 6.493 6.510 6.527 6.543 6.560 6.575 6.591 6.607 6.625 6.643 6.663 6.684 6.706 6.729 6.753 6.778 6.804 6.830 6.857 6.884 6.911 6.937 6.964 6.989 7.015 7.040 7.065 7.090 7.115 7.139 7.166 7.193 7.222 7.252 7.283
5.834 5.846 5.860 5.874 5.889 5.904 5.921 5.938 5.956 5.974 5.993 6.013 6.032 6.052 6.071 6.091 6.110 6.129 6.147 6.166 6.183 6.200 6.216 6.231 6.246 6.261 6.276 6.291 6.306 6.321 6.337 6.353 6.369 6.385 6.402 6.419 6.436 6.453 6.470 6.487 6.504 6.520 6.536 6.553 6.569 6.584 6.599 6.615 6.632 6.650 6.670 6.690 6.712 6.735 6.759 6.784 6.810 6.836 6.863 6.891 6.918 6.945 6.972 6.998 7.024 7.050 7.075 7.101 7.126 7.150 7.177 7.204 7.233 7.263 7.294
5.857 5.869 5.881 5.893 5.907 5.921 5.936 5.951 5.968 5.985 6.003 6.022 6.041 6.060 6.079 6.099 6.118 6.137 6.156 6.174 6.192 6.210 6.226 6.241 6.257 6.272 6.288 6.303 6.318 6.334 6.349 6.365 6.381 6.397 6.414 6.430 6.447 6.464 6.481 6.498 6.514 6.531 6.547 6.563 6.578 6.593 6.608 6.624 6.640 6.658 6.676 6.696 6.718 6.740 6.764 6.789 6.815 6.842 6.869 6.897 6.925 6.952 6.980 7.007 7.033 7.059 7.084 7.110 7.135 7.160 7.186 7.214 7.243 7.273 7.304
5.882 5.893 5.904 5.915 5.927 5.939 5.953 5.967 5.982 5.998 6.014 6.032 6.050 6.069 6.087 6.106 6.126 6.145 6.163 6.182 6.200 6.218 6.235 6.251 6.267 6.283 6.299 6.315 6.330 6.346 6.361 6.377 6.393 6.409 6.425 6.442 6.459 6.475 6.492 6.509 6.525 6.541 6.557 6.573 6.588 6.603 6.617 6.632 6.648 6.665 6.683 6.703 6.723 6.746 6.769 6.794 6.820 6.847 6.874 6.902 6.930 6.958 6.986 7.014 7.040 7.067 7.093 7.119 7.144 7.169 7.195 7.222 7.251 7.282 7.313
5.908 5.918 5.929 5.939 5.950 5.960 5.972 5.984 5.998 6.012 6.027 6.043 6.060 6.078 6.096 6.115 6.133 6.152 6.171 6.190 6.208 6.227 6.244 6.260 6.277 6.293 6.309 6.325 6.341 6.357 6.373 6.388 6.404 6.420 6.437 6.453 6.470 6.486 6.503 6.519 6.536 6.552 6.568 6.583 6.599 6.613 6.627 6.641 6.657 6.673 6.691 6.709 6.730 6.751 6.774 6.799 6.824 6.851 6.879 6.907 6.935 6.964 6.992 7.020 7.047 7.074 7.100 7.126 7.152 7.177 7.202 7.230 7.258 7.289 7.320
