version1/TsunamiDB/out54113.asc
ncols          264
nrows          230
xllcorner      497853.4375
yllcorner      4229146.0000
cellsize         5.
NODATA_value   -99
[rows 170 to 203 of 230, columns 0 to 76 of 264]
5.546 5.565 5.584 5.603 5.622 5.641 5.659 5.676 5.693 5.710 5.728 5.745 5.762 5.779 5.795 5.811 5.827 5.843 5.858 5.873 5.887 5.902 5.916 5.929 5.943 5.956 5.968 5.981 5.993 6.004 6.014 6.024 6.034 6.043 6.053 6.063 6.072 6.082 6.091 6.100 6.109 6.118 6.128 6.137 6.146 6.155 6.165 6.174 6.184 6.194 6.203 6.213 6.222 6.231 6.239 6.248 6.256 6.265 6.274 6.284 6.293 6.302 6.312 6.321 6.331 6.341 6.351 6.361 6.372 6.383 6.394 6.405 6.416 6.428 6.440 6.452 6.463
5.555 5.574 5.593 5.612 5.630 5.649 5.666 5.683 5.700 5.718 5.735 5.752 5.769 5.786 5.802 5.818 5.834 5.850 5.866 5.881 5.896 5.910 5.924 5.938 5.952 5.965 5.978 5.991 6.004 6.015 6.025 6.035 6.045 6.055 6.065 6.075 6.084 6.093 6.102 6.111 6.120 6.129 6.138 6.147 6.156 6.165 6.175 6.184 6.193 6.202 6.212 6.221 6.231 6.239 6.247 6.255 6.264 6.273 6.281 6.290 6.299 6.309 6.318 6.327 6.337 6.346 6.356 6.366 6.376 6.387 6.398 6.409 6.420 6.431 6.443 6.455 6.466
5.565 5.584 5.602 5.621 5.639 5.657 5.674 5.691 5.708 5.725 5.742 5.759 5.776 5.793 5.809 5.826 5.842 5.858 5.873 5.888 5.904 5.918 5.933 5.947 5.961 5.974 5.988 6.001 6.013 6.025 6.035 6.046 6.056 6.066 6.076 6.086 6.096 6.105 6.114 6.123 6.132 6.141 6.150 6.158 6.167 6.176 6.185 6.194 6.203 6.212 6.221 6.230 6.239 6.247 6.255 6.263 6.271 6.280 6.289 6.297 6.306 6.315 6.324 6.333 6.343 6.352 6.361 6.371 6.381 6.391 6.402 6.413 6.424 6.435 6.446 6.458 6.469
5.577 5.595 5.613 5.631 5.649 5.667 5.683 5.700 5.716 5.733 5.750 5.767 5.784 5.801 5.817 5.833 5.849 5.865 5.881 5.896 5.911 5.926 5.941 5.955 5.970 5.983 5.997 6.010 6.023 6.035 6.045 6.056 6.067 6.077 6.088 6.098 6.108 6.117 6.126 6.135 6.144 6.153 6.161 6.170 6.179 6.187 6.196 6.204 6.213 6.222 6.231 6.240 6.248 6.256 6.263 6.271 6.280 6.288 6.296 6.305 6.314 6.322 6.331 6.340 6.349 6.358 6.367 6.377 6.387 6.396 6.407 6.417 6.428 6.439 6.450 6.462 6.472
5.590 5.607 5.625 5.642 5.660 5.677 5.694 5.709 5.726 5.742 5.759 5.776 5.792 5.809 5.825 5.841 5.857 5.873 5.889 5.904 5.919 5.934 5.949 5.964 5.978 5.992 6.006 6.019 6.032 6.044 6.055 6.066 6.078 6.088 6.099 6.109 6.119 6.129 6.138 6.147 6.156 6.165 6.173 6.182 6.190 6.199 6.207 6.215 6.224 6.232 6.241 6.250 6.258 6.265 6.272 6.280 6.288 6.297 6.305 6.313 6.321 6.330 6.338 6.347 6.356 6.365 6.374 6.383 6.392 6.402 6.412 6.422 6.432 6.443 6.454 6.466 6.476
5.604 5.621 5.638 5.655 5.672 5.689 5.705 5.720 5.736 5.753 5.769 5.785 5.801 5.818 5.834 5.850 5.865 5.881 5.897 5.912 5.927 5.942 5.957 5.972 5.986 6.001 6.014 6.028 6.042 6.054 6.065 6.077 6.088 6.099 6.110 6.120 6.131 6.141 6.150 6.159 6.168 6.177 6.186 6.194 6.203 6.211 6.219 6.227 6.235 6.244 6.252 6.261 6.268 6.275 6.282 6.290 6.298 6.306 6.314 6.322 6.330 6.338 6.346 6.355 6.363 6.372 6.380 6.389 6.398 6.408 6.417 6.427 6.438 6.448 6.459 6.470 6.480
5.620 5.636 5.653 5.670 5.686 5.703 5.718 5.733 5.748 5.764 5.780 5.796 5.812 5.827 5.843 5.859 5.874 5.890 5.905 5.921 5.936 5.951 5.966 5.980 5.995 6.009 6.023 6.037 6.051 6.063 6.075 6.086 6.098 6.109 6.121 6.131 6.142 6.152 6.162 6.171 6.181 6.190 6.198 6.207 6.215 6.223 6.231 6.239 6.247 6.256 6.264 6.272 6.279 6.286 6.293 6.300 6.308 6.315 6.323 6.331 6.339 6.347 6.355 6.363 6.371 6.379 6.388 6.396 6.405 6.414 6.424 6.433 6.443 6.454 6.464 6.474 6.484
5.636 5.653 5.669 5.685 5.701 5.717 5.732 5.747 5.762 5.777 5.792 5.808 5.823 5.838 5.854 5.869 5.884 5.900 5.915 5.930 5.945 5.960 5.975 5.989 6.004 6.018 6.032 6.046 6.060 6.073 6.084 6.096 6.108 6.120 6.131 6.142 6.153 6.164 6.174 6.183 6.193 6.202 6.211 6.219 6.228 6.236 6.244 6.252 6.260 6.268 6.276 6.284 6.291 6.297 6.304 6.311 6.318 6.326 6.333 6.341 6.349 6.356 6.364 6.372 6.380 6.388 6.396 6.404 6.413 6.421 6.430 6.440 6.449 6.459 6.470 6.480 6.489
5.654 5.670 5.686 5.702 5.718 5.734 5.748 5.762 5.777 5.792 5.806 5.821 5.836 5.851 5.866 5.881 5.895 5.910 5.925 5.940 5.955 5.969 5.984 5.999 6.013 6.027 6.041 6.055 6.069 6.082 6.094 6.106 6.118 6.130 6.142 6.153 6.164 6.175 6.185 6.195 6.205 6.214 6.223 6.232 6.241 6.249 6.257 6.265 6.273 6.281 6.288 6.296 6.303 6.309 6.316 6.323 6.330 6.337 6.344 6.352 6.359 6.366 6.374 6.381 6.389 6.397 6.404 6.412 6.421 6.429 6.438 6.447 6.456 6.466 6.476 6.485 6.494
5.671 5.688 5.704 5.720 5.735 5.751 5.765 5.779 5.793 5.807 5.822 5.836 5.850 5.865 5.879 5.893 5.908 5.922 5.936 5.951 5.965 5.980 5.994 6.008 6.023 6.037 6.051 6.065 6.079 6.092 6.104 6.116 6.128 6.141 6.152 6.164 6.175 6.186 6.197 6.207 6.217 6.227 6.236 6.245 6.254 6.262 6.270 6.278 6.286 6.294 6.301 6.309 6.316 6.322 6.328 6.335 6.342 6.349 6.356 6.363 6.370 6.377 6.384 6.392 6.399 6.406 6.414 6.421 6.429 6.437 6.446 6.454 6.463 6.473 6.482 6.491 6.500
5.689 5.706 5.722 5.738 5.753 5.769 5.783 5.796 5.810 5.824 5.839 5.852 5.866 5.880 5.894 5.908 5.922 5.935 5.949 5.963 5.977 5.991 6.005 6.019 6.033 6.047 6.061 6.075 6.089 6.102 6.114 6.126 6.139 6.151 6.163 6.175 6.186 6.198 6.209 6.219 6.229 6.239 6.249 6.258 6.267 6.275 6.284 6.292 6.300 6.307 6.315 6.323 6.329 6.335 6.342 6.348 6.355 6.361 6.368 6.375 6.382 6.389 6.396 6.403 6.410 6.417 6.424 6.431 6.439 6.447 6.454 6.463 6.471 6.480 6.489 6.498 6.507
5.707 5.723 5.739 5.755 5.771 5.786 5.801 5.814 5.828 5.842 5.856 5.870 5.883 5.897 5.910 5.923 5.937 5.950 5.963 5.977 5.990 6.004 6.018 6.031 6.045 6.059 6.073 6.086 6.100 6.113 6.125 6.137 6.150 6.162 6.174 6.186 6.198 6.209 6.220 6.231 6.241 6.252 6.261 6.271 6.280 6.288 6.297 6.305 6.313 6.321 6.329 6.336 6.343 6.349 6.355 6.361 6.368 6.374 6.381 6.388 6.394 6.401 6.408 6.414 6.421 6.428 6.435 6.442 6.449 6.456 6.464 6.472 6.480 6.488 6.497 6.506 6.514
5.723 5.740 5.756 5.773 5.789 5.804 5.818 5.832 5.846 5.860 5.874 5.888 5.901 5.914 5.927 5.940 5.953 5.966 5.979 5.992 6.005 6.018 6.031 6.044 6.058 6.071 6.085 6.098 6.112 6.124 6.136 6.148 6.161 6.173 6.185 6.198 6.209 6.221 6.232 6.243 6.254 6.264 6.274 6.284 6.293 6.302 6.311 6.319 6.327 6.335 6.343 6.350 6.357 6.363 6.369 6.375 6.382 6.388 6.395 6.401 6.408 6.414 6.420 6.427 6.433 6.440 6.446 6.453 6.460 6.467 6.474 6.482 6.489 6.498 6.506 6.514 6.522
5.740 5.756 5.773 5.789 5.805 5.821 5.835 5.849 5.864 5.878 5.892 5.906 5.919 5.933 5.945 5.958 5.971 5.983 5.996 6.008 6.021 6.033 6.046 6.059 6.072 6.085 6.098 6.111 6.124 6.136 6.148 6.160 6.173 6.185 6.197 6.209 6.221 6.233 6.244 6.255 6.266 6.277 6.287 6.297 6.306 6.315 6.324 6.333 6.341 6.349 6.357 6.365 6.372 6.377 6.383 6.390 6.396 6.402 6.409 6.415 6.421 6.428 6.434 6.440 6.446 6.453 6.459 6.465 6.472 6.478 6.485 6.492 6.500 6.507 6.516 6.523 6.531
5.756 5.772 5.789 5.805 5.822 5.837 5.851 5.866 5.881 5.895 5.910 5.924 5.937 5.951 5.964 5.976 5.989 6.001 6.013 6.026 6.038 6.050 6.062 6.074 6.087 6.099 6.112 6.124 6.137 6.149 6.161 6.173 6.185 6.197 6.209 6.222 6.234 6.245 6.257 6.268 6.279 6.290 6.300 6.310 6.320 6.329 6.338 6.347 6.355 6.364 6.372 6.379 6.386 6.392 6.398 6.404 6.411 6.417 6.423 6.430 6.436 6.442 6.448 6.454 6.460 6.466 6.472 6.478 6.484 6.491 6.497 6.504 6.511 6.518 6.526 6.533 6.540
5.772 5.788 5.804 5.821 5.837 5.852 5.866 5.881 5.896 5.911 5.926 5.940 5.954 5.968 5.981 5.994 6.007 6.019 6.031 6.043 6.055 6.067 6.079 6.091 6.103 6.115 6.127 6.139 6.151 6.163 6.174 6.186 6.198 6.210 6.222 6.234 6.246 6.258 6.270 6.281 6.292 6.303 6.313 6.324 6.333 6.343 6.352 6.361 6.370 6.378 6.386 6.394 6.401 6.407 6.413 6.419 6.426 6.432 6.438 6.444 6.450 6.456 6.462 6.468 6.474 6.480 6.486 6.492 6.498 6.504 6.510 6.516 6.523 6.530 6.537 6.544 6.550
5.789 5.804 5.820 5.836 5.852 5.867 5.881 5.896 5.911 5.926 5.941 5.956 5.970 5.985 5.998 6.011 6.024 6.037 6.049 6.061 6.073 6.085 6.096 6.108 6.119 6.131 6.143 6.155 6.167 6.178 6.189 6.200 6.212 6.224 6.236 6.248 6.260 6.271 6.283 6.294 6.306 6.316 6.327 6.337 6.347 6.357 6.366 6.376 6.384 6.393 6.401 6.409 6.416 6.422 6.428 6.435 6.441 6.447 6.453 6.460 6.466 6.472 6.477 6.483 6.489 6.495 6.500 6.506 6.511 6.517 6.523 6.529 6.535 6.542 6.549 6.555 6.561
5.806 5.821 5.836 5.851 5.866 5.881 5.895 5.910 5.925 5.940 5.956 5.971 5.985 6.000 6.014 6.028 6.041 6.054 6.066 6.079 6.091 6.102 6.114 6.125 6.137 6.148 6.159 6.171 6.183 6.193 6.203 6.215 6.226 6.238 6.250 6.261 6.273 6.285 6.297 6.308 6.319 6.330 6.341 6.351 6.362 6.371 6.381 6.390 6.399 6.408 6.416 6.424 6.431 6.437 6.444 6.450 6.456 6.463 6.469 6.475 6.481 6.487 6.493 6.498 6.504 6.510 6.515 6.520 6.526 6.531 6.537 6.543 6.549 6.555 6.561 6.567 6.573
5.825 5.839 5.853 5.867 5.881 5.895 5.909 5.924 5.938 5.954 5.969 5.984 5.999 6.014 6.028 6.042 6.056 6.069 6.082 6.095 6.107 6.119 6.131 6.142 6.154 6.165 6.176 6.188 6.199 6.209 6.219 6.230 6.241 6.252 6.264 6.276 6.287 6.299 6.311 6.322 6.333 6.344 6.355 6.366 6.376 6.386 6.396 6.405 6.414 6.423 6.432 6.440 6.447 6.453 6.459 6.466 6.472 6.478 6.485 6.491 6.497 6.502 6.508 6.514 6.519 6.525 6.530 6.536 6.541 6.546 6.552 6.557 6.563 6.569 6.575 6.580 6.585
5.846 5.858 5.871 5.884 5.898 5.911 5.924 5.937 5.952 5.966 5.981 5.996 6.011 6.026 6.041 6.056 6.070 6.084 6.097 6.110 6.123 6.135 6.147 6.159 6.171 6.182 6.193 6.205 6.215 6.225 6.235 6.245 6.256 6.268 6.279 6.290 6.302 6.313 6.325 6.336 6.347 6.359 6.369 6.380 6.391 6.401 6.411 6.420 6.429 6.438 6.447 6.456 6.462 6.469 6.475 6.481 6.488 6.494 6.500 6.507 6.512 6.518 6.524 6.530 6.535 6.540 6.546 6.551 6.556 6.561 6.566 6.572 6.577 6.583 6.589 6.594 6.598
5.867 5.879 5.891 5.903 5.915 5.927 5.939 5.952 5.965 5.979 5.994 6.008 6.023 6.038 6.053 6.068 6.082 6.096 6.110 6.124 6.137 6.150 6.162 6.174 6.186 6.198 6.209 6.221 6.231 6.241 6.251 6.261 6.272 6.283 6.294 6.305 6.316 6.328 6.339 6.350 6.362 6.373 6.384 6.395 6.405 6.416 6.426 6.435 6.445 6.454 6.463 6.471 6.478 6.484 6.491 6.497 6.504 6.510 6.516 6.523 6.528 6.534 6.540 6.545 6.551 6.556 6.561 6.567 6.572 6.577 6.582 6.587 6.592 6.597 6.603 6.608 6.612
5.891 5.902 5.912 5.923 5.935 5.946 5.956 5.968 5.980 5.993 6.007 6.021 6.035 6.049 6.064 6.079 6.093 6.108 6.122 6.136 6.150 6.163 6.176 6.189 6.201 6.213 6.224 6.236 6.246 6.256 6.266 6.276 6.287 6.298 6.309 6.320 6.331 6.342 6.353 6.365 6.376 6.387 6.398 6.409 6.420 6.430 6.440 6.450 6.460 6.470 6.479 6.487 6.494 6.500 6.507 6.514 6.520 6.526 6.533 6.539 6.545 6.550 6.556 6.562 6.567 6.572 6.577 6.582 6.587 6.592 6.597 6.602 6.607 6.613 6.618 6.622 6.626
5.915 5.926 5.936 5.946 5.956 5.966 5.975 5.985 5.996 6.008 6.020 6.033 6.047 6.061 6.075 6.089 6.104 6.118 6.132 6.147 6.161 6.175 6.188 6.201 6.214 6.226 6.238 6.250 6.261 6.271 6.281 6.291 6.302 6.312 6.323 6.334 6.345 6.356 6.367 6.379 6.390 6.401 6.412 6.423 6.434 6.445 6.455 6.465 6.475 6.485 6.494 6.502 6.509 6.516 6.523 6.530 6.536 6.543 6.549 6.555 6.561 6.567 6.572 6.578 6.583 6.588 6.593 6.598 6.603 6.608 6.613 6.618 6.623 6.628 6.633 6.636 6.640
5.940 5.950 5.960 5.970 5.979 5.988 5.996 6.005 6.015 6.025 6.036 6.048 6.060 6.073 6.086 6.100 6.114 6.128 6.142 6.156 6.171 6.185 6.198 6.212 6.225 6.238 6.250 6.263 6.274 6.284 6.295 6.305 6.316 6.326 6.337 6.348 6.359 6.370 6.381 6.392 6.403 6.415 6.426 6.437 6.448 6.459 6.469 6.480 6.490 6.500 6.509 6.518 6.525 6.532 6.539 6.546 6.553 6.559 6.565 6.571 6.577 6.583 6.588 6.594 6.599 6.604 6.609 6.614 6.619 6.624 6.629 6.634 6.638 6.644 6.648 6.651 6.655
5.964 5.975 5.985 5.994 6.003 6.011 6.019 6.027 6.035 6.044 6.053 6.064 6.074 6.086 6.098 6.111 6.124 6.137 6.151 6.165 6.180 6.194 6.208 6.222 6.235 6.248 6.261 6.274 6.286 6.296 6.307 6.318 6.329 6.340 6.350 6.361 6.372 6.383 6.394 6.405 6.417 6.428 6.439 6.450 6.461 6.472 6.483 6.494 6.504 6.514 6.524 6.533 6.540 6.548 6.555 6.562 6.569 6.575 6.582 6.588 6.594 6.599 6.605 6.610 6.615 6.620 6.625 6.630 6.635 6.640 6.645 6.649 6.654 6.659 6.663 6.666 6.669
5.986 5.998 6.009 6.019 6.028 6.036 6.043 6.050 6.057 6.065 6.073 6.082 6.091 6.101 6.112 6.123 6.135 6.148 6.161 6.174 6.188 6.202 6.216 6.230 6.244 6.258 6.271 6.284 6.296 6.307 6.319 6.330 6.341 6.352 6.363 6.374 6.385 6.396 6.407 6.418 6.429 6.440 6.451 6.463 6.474 6.485 6.496 6.507 6.517 6.528 6.538 6.547 6.555 6.563 6.570 6.577 6.584 6.591 6.598 6.604 6.610 6.616 6.621 6.626 6.632 6.637 6.642 6.646 6.651 6.656 6.660 6.665 6.670 6.674 6.678 6.681 6.684
6.007 6.019 6.031 6.042 6.052 6.060 6.067 6.074 6.081 6.088 6.095 6.102 6.110 6.118 6.128 6.137 6.148 6.159 6.171 6.184 6.197 6.211 6.224 6.238 6.252 6.266 6.280 6.293 6.306 6.317 6.329 6.340 6.352 6.363 6.374 6.385 6.396 6.407 6.418 6.430 6.441 6.452 6.463 6.474 6.486 6.497 6.508 6.519 6.530 6.541 6.551 6.560 6.569 6.577 6.585 6.592 6.600 6.607 6.614 6.620 6.626 6.632 6.637 6.643 6.648 6.653 6.658 6.662 6.667 6.672 6.676 6.681 6.685 6.690 6.693 6.696 6.699
6.025 6.039 6.052 6.063 6.074 6.083 6.091 6.098 6.105 6.112 6.119 6.125 6.131 6.138 6.146 6.154 6.163 6.173 6.183 6.195 6.207 6.219 6.232 6.246 6.260 6.273 6.287 6.301 6.314 6.326 6.338 6.350 6.361 6.373 6.385 6.396 6.407 6.418 6.429 6.440 6.452 6.463 6.474 6.485 6.497 6.508 6.519 6.531 6.542 6.553 6.563 6.573 6.582 6.590 6.599 6.607 6.614 6.622 6.629 6.635 6.642 6.648 6.653 6.659 6.664 6.669 6.674 6.678 6.683 6.687 6.692 6.696 6.701 6.705 6.709 6.711 6.714
6.040 6.055 6.069 6.083 6.095 6.105 6.114 6.122 6.129 6.136 6.143 6.149 6.154 6.160 6.166 6.173 6.180 6.188 6.197 6.207 6.218 6.229 6.241 6.254 6.267 6.281 6.295 6.308 6.321 6.333 6.346 6.358 6.370 6.382 6.394 6.405 6.417 6.428 6.439 6.451 6.462 6.473 6.484 6.495 6.507 6.518 6.530 6.541 6.552 6.563 6.575 6.585 6.594 6.603 6.611 6.620 6.628 6.636 6.643 6.650 6.657 6.663 6.669 6.674 6.680 6.685 6.689 6.694 6.699 6.703 6.707 6.712 6.716 6.720 6.724 6.727 6.729
6.052 6.068 6.084 6.099 6.112 6.124 6.134 6.143 6.152 6.160 6.167 6.173 6.178 6.184 6.189 6.194 6.200 6.206 6.213 6.221 6.230 6.241 6.251 6.263 6.276 6.289 6.302 6.315 6.328 6.340 6.353 6.365 6.378 6.390 6.402 6.414 6.426 6.437 6.449 6.460 6.471 6.482 6.494 6.505 6.516 6.528 6.539 6.551 6.562 6.573 6.585 6.595 6.605 6.614 6.623 6.632 6.641 6.649 6.657 6.664 6.671 6.678 6.684 6.689 6.695 6.700 6.705 6.710 6.714 6.718 6.723 6.727 6.731 6.735 6.739 6.742 6.744
6.062 6.079 6.096 6.112 6.127 6.140 6.152 6.163 6.173 6.182 6.190 6.196 6.202 6.208 6.212 6.217 6.222 6.227 6.232 6.238 6.246 6.254 6.263 6.274 6.285 6.297 6.310 6.323 6.335 6.347 6.360 6.372 6.385 6.398 6.410 6.422 6.434 6.446 6.457 6.468 6.480 6.491 6.502 6.513 6.525 6.536 6.548 6.559 6.571 6.582 6.594 6.605 6.614 6.624 6.634 6.643 6.652 6.661 6.669 6.677 6.685 6.691 6.698 6.704 6.710 6.715 6.720 6.725 6.729 6.734 6.738 6.742 6.746 6.750 6.754 6.756 6.759
6.069 6.088 6.106 6.123 6.139 6.153 6.166 6.179 6.190 6.201 6.210 6.218 6.225 6.231 6.236 6.241 6.245 6.249 6.253 6.258 6.264 6.270 6.278 6.286 6.296 6.307 6.318 6.331 6.343 6.354 6.366 6.379 6.392 6.404 6.417 6.429 6.441 6.453 6.465 6.476 6.488 6.499 6.510 6.521 6.533 6.544 6.556 6.567 6.579 6.590 6.602 6.613 6.623 6.633 6.643 6.653 6.662 6.672 6.681 6.689 6.697 6.704 6.711 6.718 6.724 6.729 6.734 6.739 6.744 6.748 6.753 6.757 6.761 6.765 6.769 6.771 6.774
6.075 6.095 6.113 6.132 6.149 6.164 6.178 6.192 6.205 6.217 6.228 6.238 6.246 6.253 6.259 6.264 6.269 6.272 6.276 6.280 6.284 6.289 6.295 6.301 6.309 6.319 6.329 6.340 6.351 6.362 6.373 6.386 6.398 6.411 6.424 6.436 6.448 6.460 6.472 6.484 6.495 6.506 6.518 6.529 6.540 6.552 6.563 6.575 6.586 6.598 6.610 6.621 6.631 6.641 6.651 6.662 6.672 6.681 6.691 6.700 6.708 6.716 6.723 6.730 6.737 6.743 6.748 6.753 6.758 6.763 6.767 6.771 6.776 6.780 6.783 6.786 6.788
6.080 6.100 6.119 6.138 6.156 6.172 6.187 6.203 6.217 6.231 6.243 6.254 6.264 6.273 6.281 6.287 6.292 6.296 6.300 6.303 6.306 6.310 6.314 6.319 6.325 6.333 6.341 6.351 6.360 6.370 6.381 6.393 6.405 6.418 6.430 6.443 6.455 6.467 6.479 6.491 6.502 6.514 6.525 6.536 6.547 6.559 6.570 6.581 6.593 6.605 6.616 6.627 6.638 6.648 6.659 6.669 6.680 6.690 6.700 6.709 6.718 6.726 6.734 6.742 6.749 6.755 6.761 6.766 6.772 6.776 6.781 6.785 6.790 6.794 6.797 6.800 6.802
