version1/TsunamiDB/out54038.asc
ncols          264
nrows          230
xllcorner      497853.4375
yllcorner      4229146.0000
cellsize         5.
NODATA_value   -99
[rows 160 to 191 of 230, columns 72 to 143 of 264]
-99.000 -99.000 -99.000 -99.000 -99.000 -99.000 -99.000 -99.000 -99.000 -99.000 1.647 1.659 1.734 1.908 2.166 2.474 2.796 3.102 3.372 3.599 3.783 3.933 4.054 4.156 4.242 4.317 4.385 4.445 4.501 4.554 4.604 4.652 4.697 4.741 4.783 4.824 4.864 4.903 4.942 4.980 5.017 5.054 5.091 5.127 5.162 5.197 5.231 5.265 5.297 5.328 5.357 5.385 5.411 5.437 5.460 5.483 5.505 5.526 5.547 5.569 5.593 5.618 5.645 5.675 5.706 5.739 5.773 5.807 5.842 5.876 5.909 5.941
-99.000 -99.000 -99.000 -99.000 -99.000 -99.000 -99.000 -99.000 -99.000 1.647 1.649 1.678 1.791 2.002 2.284 2.602 2.921 3.215 3.469 3.679 3.849 3.987 4.101 4.197 4.279 4.352 4.418 4.477 4.532 4.585 4.634 4.681 4.725 4.768 4.809 4.849 4.888 4.927 4.965 5.002 5.039 5.075 5.111 5.147 5.182 5.217 5.252 5.285 5.318 5.350 5.379 5.407 5.435 5.460 5.484 5.507 5.528 5.548 5.567 5.587 5.607 5.630 5.654 5.680 5.709 5.740 5.772 5.806 5.840 5.874 5.908 5.941
-99.000 -99.000 -99.000 -99.000 -99.000 -99.000 -99.000 -99.000 -99.000 1.647 1.654 1.711 1.865 2.108 2.409 2.731 3.042 3.321 3.558 3.752 3.909 4.038 4.145 4.236 4.315 4.386 4.450 4.509 4.563 4.615 4.663 4.709 4.753 4.795 4.836 4.875 4.913 4.951 4.988 5.024 5.060 5.096 5.132 5.167 5.202 5.237 5.271 5.305 5.338 5.370 5.400 5.429 5.458 5.484 5.509 5.532 5.553 5.572 5.590 5.608 5.626 5.645 5.666 5.689 5.715 5.743 5.773 5.805 5.838 5.872 5.906 5.940
-99.000 -99.000 -99.000 -99.000 -99.000 -99.000 -99.000 -99.000 -99.000 1.648 1.667 1.761 1.954 2.224 2.538 2.859 3.159 3.421 3.640 3.819 3.964 4.084 4.185 4.272 4.349 4.418 4.481 4.539 4.593 4.644 4.693 4.738 4.782 4.823 4.863 4.901 4.938 4.975 5.011 5.047 5.082 5.117 5.152 5.187 5.222 5.256 5.290 5.324 5.358 5.390 5.421 5.451 5.480 5.508 5.533 5.557 5.579 5.598 5.616 5.633 5.649 5.665 5.683 5.703 5.725 5.750 5.777 5.807 5.838 5.871 5.905 5.939
-99.000 -99.000 -99.000 -99.000 -99.000 -99.000 -99.000 -99.000 1.647 1.651 1.693 1.828 2.056 2.349 2.669 2.984 3.270 3.514 3.716 3.880 4.015 4.126 4.222 4.306 4.381 4.449 4.511 4.568 4.622 4.673 4.721 4.767 4.810 4.851 4.890 4.928 4.964 5.000 5.035 5.070 5.104 5.139 5.173 5.207 5.241 5.275 5.309 5.343 5.376 5.409 5.441 5.471 5.501 5.530 5.557 5.582 5.605 5.625 5.643 5.660 5.675 5.689 5.704 5.721 5.739 5.760 5.784 5.811 5.841 5.872 5.905 5.939
-99.000 -99.000 -99.000 -99.000 -99.000 -99.000 -99.000 -99.000 1.647 1.660 1.736 1.912 2.171 2.479 2.800 3.105 3.374 3.600 3.785 3.936 4.060 4.165 4.257 4.337 4.410 4.478 4.540 4.597 4.650 4.702 4.750 4.795 4.838 4.879 4.917 4.954 4.990 5.025 5.060 5.093 5.127 5.160 5.193 5.227 5.260 5.294 5.327 5.361 5.394 5.428 5.459 5.490 5.521 5.551 5.579 5.606 5.630 5.652 5.671 5.688 5.703 5.717 5.730 5.743 5.758 5.776 5.796 5.820 5.847 5.876 5.907 5.940
-99.000 -99.000 -99.000 -99.000 -99.000 -99.000 -99.000 1.647 1.649 1.680 1.798 2.012 2.296 2.613 2.930 3.221 3.471 3.679 3.848 3.986 4.102 4.201 4.288 4.367 4.438 4.505 4.567 4.624 4.678 4.729 4.778 4.823 4.866 4.907 4.945 4.982 5.017 5.051 5.085 5.118 5.150 5.182 5.215 5.247 5.280 5.312 5.345 5.379 5.412 5.445 5.477 5.509 5.540 5.571 5.601 5.628 5.654 5.678 5.699 5.717 5.732 5.746 5.758 5.770 5.782 5.796 5.813 5.833 5.856 5.883 5.912 5.944
-99.000 -99.000 -99.000 -99.000 -99.000 -99.000 -99.000 1.647 1.655 1.718 1.879 2.126 2.429 2.749 3.056 3.330 3.561 3.750 3.905 4.032 4.140 4.234 4.318 4.394 4.464 4.530 4.592 4.649 4.704 4.756 4.804 4.850 4.894 4.934 4.973 5.009 5.044 5.078 5.111 5.143 5.174 5.205 5.237 5.268 5.300 5.331 5.364 5.396 5.429 5.462 5.494 5.526 5.559 5.590 5.621 5.650 5.677 5.702 5.725 5.745 5.762 5.777 5.789 5.800 5.810 5.822 5.835 5.852 5.871 5.895 5.921 5.951
-99.000 -99.000 -99.000 -99.000 -99.000 -99.000 -99.000 1.648 1.672 1.775 1.977 2.252 2.566 2.883 3.177 3.431 3.642 3.815 3.956 4.074 4.175 4.264 4.345 4.419 4.488 4.554 4.616 4.673 4.728 4.781 4.830 4.877 4.920 4.961 5.000 5.037 5.071 5.105 5.137 5.168 5.199 5.229 5.259 5.290 5.320 5.351 5.382 5.414 5.446 5.479 5.511 5.543 5.576 5.608 5.639 5.670 5.698 5.725 5.750 5.772 5.791 5.807 5.821 5.832 5.842 5.852 5.862 5.875 5.891 5.911 5.935 5.962
-99.000 -99.000 -99.000 -99.000 -99.000 -99.000 1.647 1.653 1.704 1.852 2.090 2.386 2.705 3.014 3.290 3.524 3.716 3.873 4.002 4.111 4.206 4.291 4.369 4.442 4.510 4.575 4.637 4.695 4.751 4.804 4.854 4.902 4.946 4.988 5.027 5.064 5.099 5.132 5.164 5.195 5.224 5.254 5.283 5.312 5.341 5.371 5.401 5.432 5.464 5.496 5.528 5.559 5.592 5.625 5.657 5.688 5.718 5.747 5.773 5.797 5.819 5.837 5.852 5.865 5.875 5.884 5.893 5.904 5.917 5.933 5.953 5.977
-99.000 -99.000 -99.000 -99.000 -99.000 -99.000 1.648 1.666 1.757 1.947 2.216 2.526 2.843 3.139 3.395 3.609 3.783 3.925 4.044 4.145 4.235 4.316 4.392 4.463 4.531 4.595 4.657 4.716 4.772 4.826 4.877 4.925 4.970 5.013 5.053 5.090 5.126 5.159 5.191 5.221 5.251 5.279 5.307 5.335 5.364 5.392 5.421 5.451 5.481 5.513 5.544 5.575 5.608 5.641 5.674 5.706 5.737 5.767 5.795 5.821 5.845 5.865 5.883 5.897 5.909 5.919 5.927 5.936 5.947 5.960 5.977 5.998
-99.000 -99.000 -99.000 -99.000 -99.000 1.647 1.651 1.694 1.830 2.059 2.351 2.668 2.977 3.256 3.492 3.686 3.843 3.973 4.081 4.176 4.261 4.339 4.413 4.482 4.549 4.613 4.676 4.734 4.791 4.846 4.898 4.947 4.993 5.036 5.077 5.116 5.152 5.186 5.218 5.249 5.278 5.306 5.333 5.360 5.387 5.414 5.442 5.470 5.500 5.530 5.560 5.591 5.624 5.657 5.689 5.722 5.754 5.785 5.815 5.843 5.868 5.891 5.911 5.928 5.942 5.953 5.963 5.971 5.981 5.992 6.006 6.024
-99.000 -99.000 -99.000 -99.000 -99.000 1.647 1.661 1.742 1.923 2.185 2.492 2.808 3.105 3.364 3.580 3.755 3.897 4.015 4.116 4.204 4.285 4.360 4.431 4.500 4.566 4.630 4.692 4.751 4.808 4.864 4.916 4.966 5.014 5.058 5.100 5.140 5.177 5.212 5.245 5.276 5.305 5.332 5.359 5.385 5.411 5.437 5.463 5.490 5.518 5.547 5.577 5.607 5.639 5.672 5.705 5.738 5.770 5.802 5.833 5.863 5.890 5.916 5.938 5.957 5.974 5.987 5.998 6.008 6.017 6.027 6.039 6.054
-99.000 -99.000 -99.000 -99.000 1.647 1.650 1.686 1.812 2.033 2.320 2.635 2.945 3.225 3.464 3.659 3.817 3.946 4.054 4.147 4.231 4.307 4.380 4.449 4.516 4.581 4.645 4.707 4.766 4.824 4.880 4.933 4.984 5.032 5.078 5.122 5.162 5.201 5.237 5.271 5.302 5.332 5.360 5.386 5.412 5.437 5.461 5.486 5.512 5.538 5.566 5.593 5.623 5.654 5.686 5.719 5.752 5.785 5.818 5.850 5.881 5.910 5.938 5.962 5.984 6.003 6.019 6.033 6.044 6.054 6.064 6.075 6.089
-99.000 -99.000 -99.000 -99.000 1.647 1.658 1.731 1.902 2.157 2.461 2.777 3.076 3.337 3.554 3.730 3.872 3.990 4.089 4.176 4.255 4.328 4.398 4.465 4.531 4.595 4.658 4.720 4.779 4.837 4.893 4.947 4.999 5.048 5.096 5.141 5.183 5.223 5.260 5.295 5.328 5.358 5.387 5.413 5.439 5.463 5.487 5.511 5.535 5.560 5.585 5.611 5.640 5.670 5.701 5.733 5.766 5.800 5.833 5.866 5.898 5.929 5.958 5.985 6.009 6.031 6.049 6.066 6.079 6.091 6.102 6.113 6.126
-99.000 -99.000 -99.000 1.647 1.649 1.680 1.797 2.010 2.292 2.605 2.916 3.198 3.438 3.635 3.794 3.922 4.029 4.121 4.203 4.278 4.348 4.415 4.481 4.545 4.609 4.671 4.731 4.790 4.848 4.905 4.959 5.012 5.062 5.111 5.157 5.201 5.242 5.281 5.318 5.352 5.384 5.413 5.440 5.466 5.490 5.513 5.536 5.559 5.582 5.605 5.630 5.657 5.686 5.716 5.747 5.780 5.813 5.847 5.880 5.913 5.945 5.976 6.005 6.032 6.056 6.077 6.096 6.112 6.127 6.139 6.152 6.164
-99.000 -99.000 -99.000 1.647 1.656 1.720 1.884 2.133 2.433 2.749 3.048 3.311 3.530 3.708 3.851 3.968 4.066 4.151 4.228 4.299 4.367 4.432 4.496 4.559 4.621 4.682 4.742 4.800 4.858 4.914 4.969 5.022 5.074 5.123 5.171 5.216 5.259 5.300 5.338 5.374 5.407 5.438 5.467 5.493 5.517 5.540 5.562 5.584 5.606 5.627 5.650 5.675 5.702 5.731 5.761 5.793 5.826 5.860 5.894 5.927 5.961 5.993 6.023 6.052 6.078 6.103 6.124 6.143 6.160 6.175 6.189 6.203
-99.000 -99.000 -99.000 1.649 1.675 1.783 1.989 2.266 2.578 2.889 3.173 3.415 3.614 3.773 3.902 4.008 4.099 4.179 4.252 4.320 4.385 4.449 4.511 4.573 4.634 4.693 4.751 4.809 4.866 4.922 4.977 5.030 5.082 5.133 5.182 5.229 5.273 5.316 5.356 5.393 5.429 5.461 5.491 5.519 5.544 5.568 5.590 5.610 5.631 5.651 5.672 5.695 5.720 5.747 5.776 5.807 5.839 5.872 5.906 5.941 5.975 6.008 6.040 6.070 6.099 6.126 6.150 6.171 6.191 6.208 6.225 6.240
-99.000 -99.000 1.648 1.654 1.712 1.866 2.109 2.407 2.722 3.022 3.288 3.509 3.688 3.832 3.948 4.046 4.130 4.205 4.275 4.340 4.404 4.466 4.527 4.587 4.646 4.704 4.760 4.816 4.872 4.928 4.983 5.036 5.089 5.140 5.190 5.238 5.284 5.328 5.370 5.410 5.447 5.481 5.513 5.543 5.570 5.594 5.617 5.638 5.658 5.676 5.695 5.717 5.740 5.764 5.792 5.821 5.852 5.885 5.919 5.953 5.987 6.022 6.055 6.087 6.118 6.146 6.173 6.197 6.219 6.239 6.258 6.275
-99.000 -99.000 1.649 1.670 1.770 1.969 2.241 2.551 2.862 3.148 3.393 3.594 3.755 3.884 3.990 4.080 4.159 4.230 4.297 4.361 4.423 4.483 4.543 4.601 4.658 4.714 4.769 4.824 4.879 4.933 4.987 5.041 5.093 5.145 5.195 5.244 5.292 5.338 5.381 5.423 5.462 5.499 5.533 5.564 5.593 5.619 5.643 5.665 5.685 5.703 5.721 5.740 5.761 5.784 5.809 5.836 5.866 5.897 5.930 5.965 6.000 6.034 6.069 6.102 6.134 6.165 6.193 6.220 6.244 6.267 6.288 6.308
-99.000 1.648 1.653 1.703 1.850 2.086 2.380 2.695 2.997 3.265 3.489 3.670 3.815 3.932 4.029 4.112 4.186 4.255 4.320 4.382 4.442 4.501 4.559 4.615 4.670 4.725 4.778 4.831 4.885 4.938 4.991 5.044 5.096 5.147 5.198 5.248 5.296 5.343 5.389 5.432 5.473 5.512 5.549 5.583 5.614 5.642 5.667 5.690 5.711 5.730 5.747 5.765 5.784 5.805 5.827 5.852 5.880 5.910 5.942 5.976 6.011 6.046 6.081 6.116 6.149 6.181 6.212 6.240 6.267 6.292 6.315 6.337
-99.000 1.649 1.667 1.758 1.948 2.216 2.524 2.836 3.125 3.373 3.576 3.739 3.869 3.975 4.065 4.143 4.213 4.279 4.342 4.403 4.462 4.519 4.575 4.629 4.683 4.736 4.787 4.838 4.891 4.942 4.994 5.046 5.097 5.148 5.199 5.249 5.298 5.346 5.393 5.438 5.481 5.522 5.561 5.597 5.631 5.661 5.689 5.714 5.737 5.756 5.774 5.791 5.809 5.828 5.848 5.871 5.896 5.924 5.955 5.988 6.022 6.057 6.093 6.128 6.162 6.196 6.228 6.258 6.287 6.314 6.339 6.364
1.648 1.652 1.697 1.833 2.063 2.353 2.668 2.972 3.243 3.471 3.654 3.801 3.918 4.016 4.099 4.172 4.240 4.304 4.366 4.425 4.482 4.537 4.591 4.644 4.696 4.747 4.797 4.847 4.897 4.947 4.998 5.048 5.098 5.148 5.199 5.248 5.298 5.346 5.394 5.440 5.485 5.527 5.568 5.607 5.643 5.677 5.707 5.735 5.760 5.781 5.800 5.818 5.835 5.852 5.871 5.891 5.914 5.940 5.969 6.000 6.033 6.067 6.103 6.138 6.174 6.208 6.241 6.273 6.304 6.333 6.360 6.386
1.649 1.663 1.746 1.928 2.190 2.496 2.809 3.100 3.352 3.559 3.725 3.857 3.964 4.053 4.131 4.202 4.267 4.330 4.389 4.447 4.502 4.556 4.608 4.659 4.709 4.759 4.807 4.855 4.904 4.953 5.001 5.050 5.099 5.148 5.197 5.246 5.295 5.344 5.392 5.439 5.485 5.529 5.572 5.613 5.652 5.688 5.721 5.752 5.780 5.803 5.824 5.843 5.861 5.878 5.895 5.914 5.934 5.957 5.984 6.013 6.044 6.078 6.112 6.148 6.183 6.218 6.253 6.286 6.318 6.348 6.378 6.406
1.651 1.689 1.817 2.039 2.325 2.639 2.945 3.221 3.452 3.640 3.789 3.908 4.006 4.090 4.164 4.231 4.295 4.355 4.413 4.469 4.522 4.574 4.625 4.675 4.724 4.772 4.819 4.865 4.912 4.959 5.006 5.053 5.100 5.148 5.195 5.244 5.292 5.340 5.388 5.435 5.482 5.527 5.572 5.614 5.655 5.694 5.731 5.764 5.795 5.822 5.845 5.867 5.886 5.904 5.920 5.938 5.956 5.977 6.000 6.027 6.056 6.088 6.121 6.156 6.191 6.227 6.262 6.296 6.329 6.361 6.392 6.422
1.660 1.734 1.907 2.162 2.465 2.780 3.075 3.331 3.543 3.712 3.847 3.956 4.047 4.125 4.196 4.261 4.323 4.381 4.437 4.491 4.543 4.593 4.643 4.691 4.739 4.785 4.831 4.875 4.921 4.966 5.011 5.056 5.102 5.148 5.194 5.241 5.288 5.335 5.382 5.429 5.476 5.522 5.568 5.612 5.655 5.696 5.735 5.772 5.806 5.836 5.863 5.887 5.909 5.928 5.945 5.962 5.979 5.998 6.019 6.042 6.069 6.099 6.130 6.164 6.198 6.233 6.268 6.303 6.337 6.371 6.403 6.435
1.682 1.799 2.013 2.294 2.607 2.916 3.196 3.433 3.625 3.778 3.901 4.001 4.086 4.161 4.229 4.292 4.351 4.407 4.461 4.513 4.564 4.613 4.661 4.708 4.754 4.800 4.843 4.887 4.930 4.974 5.017 5.061 5.105 5.149 5.193 5.238 5.284 5.330 5.376 5.423 5.469 5.515 5.561 5.607 5.651 5.694 5.735 5.775 5.812 5.845 5.875 5.903 5.928 5.950 5.969 5.986 6.003 6.020 6.039 6.060 6.083 6.110 6.139 6.171 6.204 6.238 6.273 6.308 6.343 6.378 6.412 6.445
1.721 1.884 2.132 2.431 2.747 3.046 3.308 3.526 3.700 3.839 3.951 4.044 4.124 4.196 4.261 4.322 4.379 4.433 4.486 4.536 4.586 4.634 4.680 4.726 4.771 4.815 4.857 4.899 4.941 4.983 5.025 5.066 5.108 5.151 5.193 5.237 5.280 5.325 5.370 5.415 5.461 5.507 5.553 5.599 5.644 5.688 5.731 5.773 5.813 5.849 5.883 5.915 5.943 5.968 5.989 6.008 6.026 6.042 6.059 6.078 6.098 6.122 6.149 6.178 6.209 6.242 6.276 6.311 6.347 6.382 6.418 6.453
1.780 1.984 2.260 2.571 2.883 3.168 3.412 3.610 3.769 3.896 3.999 4.087 4.163 4.231 4.293 4.352 4.407 4.459 4.510 4.560 4.608 4.655 4.700 4.745 4.788 4.831 4.872 4.912 4.953 4.993 5.033 5.073 5.113 5.153 5.194 5.236 5.278 5.321 5.364 5.408 5.453 5.498 5.544 5.589 5.635 5.680 5.724 5.768 5.810 5.849 5.886 5.921 5.952 5.981 6.005 6.027 6.046 6.063 6.079 6.096 6.114 6.135 6.158 6.185 6.214 6.245 6.278 6.313 6.348 6.385 6.421 6.457
1.858 2.097 2.394 2.709 3.013 3.282 3.507 3.688 3.833 3.949 4.046 4.128 4.200 4.265 4.325 4.381 4.434 4.486 4.535 4.584 4.631 4.676 4.721 4.764 4.806 4.848 4.887 4.927 4.966 5.004 5.043 5.081 5.119 5.158 5.197 5.236 5.276 5.317 5.359 5.402 5.445 5.489 5.534 5.579 5.624 5.670 5.715 5.759 5.803 5.844 5.884 5.922 5.957 5.988 6.016 6.041 6.062 6.081 6.097 6.113 6.130 6.148 6.169 6.192 6.218 6.247 6.279 6.313 6.348 6.385 6.422 6.460
1.952 2.220 2.530 2.844 3.135 3.387 3.594 3.760 3.892 4.001 4.091 4.168 4.237 4.299 4.356 4.411 4.462 4.512 4.561 4.608 4.654 4.698 4.742 4.784 4.825 4.866 4.904 4.942 4.980 5.017 5.054 5.090 5.127 5.163 5.200 5.238 5.276 5.315 5.355 5.396 5.437 5.480 5.524 5.568 5.613 5.658 5.704 5.749 5.794 5.836 5.878 5.918 5.956 5.991 6.022 6.049 6.073 6.094 6.112 6.128 6.144 6.160 6.178 6.199 6.222 6.249 6.279 6.311 6.346 6.383 6.421 6.459
2.059 2.349 2.666 2.973 3.250 3.484 3.674 3.826 3.949 4.050 4.134 4.208 4.273 4.332 4.387 4.440 4.490 4.539 4.587 4.633 4.677 4.721 4.764 4.805 4.845 4.884 4.922 4.959 4.995 5.031 5.066 5.101 5.136 5.171 5.206 5.241 5.277 5.314 5.352 5.391 5.431 5.472 5.515 5.558 5.602 5.647 5.692 5.738 5.782 5.825 5.869 5.911 5.951 5.988 6.022 6.052 6.079 6.102 6.122 6.139 6.155 6.170 6.187 6.205 6.226 6.250 6.278 6.309 6.343 6.379 6.418 6.457
