version1/TsunamiDB/out54009.asc
ncols          264
nrows          230
xllcorner      497853.4375
yllcorner      4229146.0000
cellsize         5.
NODATA_value   -99
[rows 155 to 185 of 230, columns 140 to 209 of 264]
-99.000 -99.000 -99.000 -99.000 -99.000 -99.000 -99.000 -99.000 -99.000 -99.000 -99.000 -99.000 1.644 1.654 1.727 1.908 2.185 2.537 2.935 3.347 3.741 4.093 4.379 4.588 4.740 4.853 4.941 5.014 5.076 5.131 5.184 5.232 5.277 5.319 5.359 5.400 5.444 5.492 5.541 5.591 5.642 5.699 5.764 5.837 5.914 5.996 6.066 6.108 6.172 6.239 6.267 6.283 6.306 6.343 6.390 6.449 6.492 6.472 6.532 6.639 6.661 6.633 6.578 6.506 6.407 6.289 6.172 6.080 6.076 6.125
-99.000 -99.000 -99.000 -99.000 -99.000 -99.000 -99.000 -99.000 -99.000 -99.000 -99.000 -99.000 1.645 1.672 1.787 2.009 2.319 2.692 3.098 3.505 3.884 4.217 4.484 4.679 4.820 4.925 5.008 5.078 5.135 5.188 5.238 5.284 5.329 5.371 5.411 5.451 5.497 5.548 5.599 5.652 5.704 5.763 5.832 5.903 5.977 6.062 6.121 6.154 6.220 6.291 6.316 6.331 6.349 6.375 6.414 6.476 6.502 6.461 6.514 6.614 6.627 6.596 6.541 6.468 6.373 6.255 6.150 6.080 6.090 6.150
-99.000 -99.000 -99.000 -99.000 -99.000 -99.000 -99.000 -99.000 -99.000 -99.000 -99.000 1.644 1.650 1.704 1.864 2.123 2.460 2.849 3.258 3.655 4.016 4.329 4.579 4.761 4.893 4.992 5.071 5.139 5.195 5.246 5.296 5.343 5.387 5.430 5.473 5.517 5.566 5.617 5.671 5.728 5.782 5.843 5.910 5.982 6.055 6.123 6.169 6.204 6.273 6.347 6.377 6.394 6.409 6.434 6.469 6.503 6.498 6.451 6.497 6.585 6.593 6.560 6.501 6.426 6.331 6.228 6.151 6.097 6.114 6.184
-99.000 -99.000 -99.000 -99.000 -99.000 -99.000 -99.000 -99.000 -99.000 -99.000 -99.000 1.645 1.661 1.754 1.955 2.247 2.608 3.008 3.413 3.796 4.138 4.431 4.662 4.830 4.953 5.048 5.125 5.192 5.249 5.301 5.354 5.403 5.450 5.497 5.545 5.594 5.646 5.698 5.756 5.816 5.869 5.928 5.993 6.061 6.124 6.177 6.220 6.255 6.328 6.410 6.447 6.466 6.482 6.502 6.516 6.515 6.491 6.438 6.475 6.553 6.556 6.519 6.458 6.384 6.299 6.222 6.166 6.122 6.147 6.228
-99.000 -99.000 -99.000 -99.000 -99.000 -99.000 -99.000 -99.000 -99.000 -99.000 1.644 1.647 1.685 1.819 2.059 2.380 2.759 3.164 3.562 3.928 4.249 4.520 4.730 4.883 4.998 5.089 5.167 5.235 5.295 5.352 5.408 5.462 5.514 5.567 5.622 5.676 5.730 5.785 5.846 5.909 5.959 6.014 6.074 6.133 6.187 6.233 6.273 6.308 6.385 6.476 6.517 6.539 6.552 6.556 6.547 6.523 6.482 6.422 6.449 6.516 6.514 6.476 6.416 6.349 6.285 6.231 6.189 6.155 6.189 6.281
-99.000 -99.000 -99.000 -99.000 -99.000 -99.000 -99.000 -99.000 -99.000 -99.000 1.644 1.653 1.723 1.900 2.173 2.520 2.912 3.317 3.703 4.051 4.350 4.597 4.782 4.920 5.028 5.117 5.196 5.269 5.333 5.395 5.458 5.518 5.577 5.636 5.697 5.757 5.816 5.873 5.938 6.002 6.048 6.098 6.148 6.199 6.248 6.290 6.329 6.363 6.442 6.537 6.581 6.603 6.607 6.596 6.569 6.524 6.469 6.403 6.420 6.476 6.472 6.436 6.382 6.331 6.286 6.248 6.220 6.196 6.237 6.335
-99.000 -99.000 -99.000 -99.000 -99.000 -99.000 -99.000 -99.000 -99.000 -99.000 1.645 1.669 1.777 1.993 2.296 2.663 3.064 3.464 3.837 4.165 4.440 4.655 4.816 4.941 5.044 5.132 5.214 5.290 5.360 5.428 5.499 5.567 5.633 5.699 5.767 5.834 5.899 5.956 6.025 6.091 6.134 6.176 6.217 6.263 6.306 6.346 6.382 6.411 6.490 6.589 6.633 6.650 6.644 6.622 6.580 6.520 6.453 6.379 6.387 6.438 6.434 6.403 6.362 6.326 6.297 6.274 6.258 6.239 6.284 6.387
-99.000 -99.000 -99.000 -99.000 -99.000 -99.000 -99.000 -99.000 -99.000 1.644 1.648 1.696 1.845 2.096 2.426 2.809 3.213 3.606 3.962 4.269 4.514 4.697 4.839 4.954 5.051 5.138 5.220 5.301 5.376 5.451 5.530 5.606 5.679 5.754 5.830 5.905 5.974 6.033 6.106 6.176 6.213 6.248 6.282 6.321 6.359 6.395 6.426 6.449 6.529 6.630 6.669 6.679 6.666 6.634 6.582 6.509 6.430 6.353 6.357 6.403 6.402 6.383 6.355 6.330 6.315 6.305 6.296 6.281 6.329 6.434
-99.000 -99.000 -99.000 -99.000 -99.000 -99.000 -99.000 -99.000 -99.000 1.644 1.657 1.738 1.927 2.209 2.561 2.955 3.358 3.739 4.079 4.360 4.573 4.733 4.859 4.964 5.054 5.138 5.219 5.302 5.382 5.463 5.551 5.635 5.717 5.801 5.885 5.965 6.039 6.099 6.176 6.247 6.281 6.310 6.337 6.367 6.400 6.429 6.456 6.473 6.550 6.649 6.683 6.688 6.667 6.628 6.568 6.483 6.398 6.321 6.324 6.370 6.378 6.369 6.351 6.340 6.336 6.332 6.328 6.316 6.365 6.469
-99.000 -99.000 -99.000 -99.000 -99.000 -99.000 -99.000 -99.000 1.644 1.646 1.675 1.794 2.020 2.329 2.699 3.099 3.497 3.865 4.184 4.437 4.625 4.767 4.880 4.975 5.058 5.136 5.215 5.298 5.379 5.466 5.560 5.651 5.742 5.833 5.924 6.010 6.089 6.151 6.230 6.303 6.336 6.361 6.381 6.405 6.429 6.451 6.474 6.484 6.556 6.652 6.683 6.682 6.656 6.613 6.547 6.459 6.372 6.297 6.303 6.353 6.369 6.368 6.359 6.357 6.359 6.359 6.358 6.346 6.392 6.494
-99.000 -99.000 -99.000 -99.000 -99.000 -99.000 -99.000 -99.000 1.644 1.650 1.705 1.865 2.123 2.456 2.840 3.241 3.630 3.981 4.278 4.503 4.670 4.799 4.902 4.988 5.063 5.135 5.211 5.293 5.375 5.463 5.563 5.661 5.761 5.862 5.960 6.053 6.136 6.197 6.279 6.358 6.391 6.412 6.427 6.444 6.460 6.477 6.494 6.493 6.560 6.655 6.684 6.678 6.648 6.602 6.534 6.443 6.353 6.284 6.296 6.350 6.372 6.377 6.375 6.378 6.383 6.386 6.385 6.371 6.414 6.512
-99.000 -99.000 -99.000 -99.000 -99.000 -99.000 -99.000 -99.000 1.645 1.660 1.750 1.947 2.235 2.589 2.981 3.379 3.755 4.087 4.358 4.559 4.710 4.827 4.922 5.002 5.073 5.140 5.214 5.296 5.376 5.467 5.571 5.677 5.787 5.894 5.999 6.099 6.179 6.238 6.325 6.408 6.442 6.461 6.474 6.482 6.491 6.503 6.508 6.496 6.559 6.654 6.679 6.669 6.637 6.586 6.516 6.418 6.331 6.276 6.294 6.351 6.377 6.388 6.392 6.397 6.404 6.407 6.404 6.386 6.425 6.519
-99.000 -99.000 -99.000 -99.000 -99.000 -99.000 -99.000 1.644 1.646 1.681 1.809 2.042 2.355 2.725 3.122 3.512 3.871 4.181 4.423 4.603 4.740 4.849 4.940 5.017 5.085 5.152 5.225 5.306 5.387 5.480 5.588 5.701 5.817 5.932 6.042 6.137 6.214 6.276 6.367 6.454 6.490 6.511 6.519 6.524 6.526 6.523 6.513 6.495 6.555 6.647 6.669 6.656 6.616 6.559 6.482 6.391 6.323 6.276 6.295 6.355 6.387 6.402 6.406 6.412 6.419 6.420 6.414 6.393 6.426 6.515
-99.000 -99.000 -99.000 -99.000 -99.000 -99.000 -99.000 1.644 1.652 1.715 1.882 2.147 2.483 2.866 3.261 3.640 3.979 4.260 4.474 4.635 4.761 4.864 4.952 5.027 5.095 5.162 5.235 5.316 5.398 5.494 5.607 5.725 5.845 5.965 6.074 6.167 6.245 6.308 6.403 6.496 6.535 6.556 6.562 6.562 6.553 6.534 6.514 6.489 6.544 6.632 6.651 6.632 6.586 6.523 6.449 6.375 6.320 6.276 6.297 6.362 6.397 6.412 6.416 6.422 6.426 6.424 6.415 6.388 6.417 6.502
-99.000 -99.000 -99.000 -99.000 -99.000 -99.000 -99.000 1.645 1.664 1.763 1.968 2.261 2.618 3.008 3.399 3.762 4.077 4.325 4.513 4.658 4.775 4.872 4.957 5.031 5.097 5.163 5.236 5.319 5.404 5.506 5.624 5.745 5.869 5.988 6.099 6.191 6.271 6.335 6.433 6.533 6.573 6.594 6.599 6.590 6.569 6.538 6.507 6.477 6.527 6.610 6.624 6.601 6.551 6.489 6.426 6.365 6.316 6.275 6.300 6.368 6.404 6.419 6.422 6.423 6.424 6.419 6.406 6.376 6.400 6.481
-99.000 -99.000 -99.000 -99.000 -99.000 -99.000 1.644 1.647 1.688 1.826 2.066 2.385 2.757 3.151 3.533 3.877 4.161 4.378 4.544 4.675 4.782 4.875 4.955 5.026 5.091 5.156 5.231 5.316 5.407 5.514 5.636 5.761 5.883 6.003 6.115 6.210 6.292 6.355 6.456 6.559 6.602 6.623 6.621 6.606 6.577 6.535 6.497 6.460 6.504 6.582 6.593 6.567 6.517 6.464 6.410 6.356 6.312 6.275 6.301 6.370 6.406 6.420 6.420 6.417 6.415 6.407 6.392 6.359 6.378 6.454
-99.000 -99.000 -99.000 -99.000 -99.000 -99.000 1.644 1.654 1.725 1.902 2.174 2.516 2.900 3.293 3.662 3.982 4.233 4.423 4.570 4.688 4.787 4.872 4.948 5.014 5.076 5.141 5.217 5.308 5.405 5.516 5.641 5.766 5.887 6.008 6.122 6.221 6.303 6.364 6.467 6.574 6.618 6.636 6.631 6.612 6.576 6.526 6.481 6.438 6.476 6.551 6.560 6.535 6.492 6.445 6.396 6.348 6.308 6.270 6.296 6.365 6.402 6.414 6.411 6.405 6.398 6.389 6.375 6.337 6.350 6.421
-99.000 -99.000 -99.000 -99.000 -99.000 -99.000 1.645 1.669 1.778 1.992 2.292 2.653 3.045 3.431 3.784 4.075 4.296 4.464 4.594 4.700 4.789 4.867 4.936 4.997 5.056 5.120 5.201 5.298 5.400 5.515 5.641 5.763 5.884 6.005 6.121 6.222 6.305 6.364 6.468 6.580 6.622 6.637 6.631 6.608 6.568 6.512 6.459 6.412 6.449 6.521 6.531 6.511 6.472 6.429 6.385 6.339 6.297 6.259 6.285 6.354 6.390 6.401 6.396 6.386 6.378 6.369 6.353 6.312 6.320 6.387
-99.000 -99.000 -99.000 -99.000 -99.000 1.644 1.649 1.697 1.846 2.095 2.421 2.797 3.190 3.566 3.897 4.157 4.353 4.502 4.618 4.712 4.792 4.862 4.925 4.981 5.039 5.106 5.191 5.293 5.397 5.513 5.638 5.759 5.878 5.998 6.115 6.217 6.301 6.356 6.461 6.573 6.612 6.626 6.617 6.593 6.550 6.488 6.432 6.385 6.419 6.491 6.505 6.488 6.452 6.413 6.371 6.323 6.279 6.240 6.263 6.332 6.370 6.381 6.374 6.363 6.355 6.347 6.331 6.286 6.289 6.351
-99.000 -99.000 -99.000 -99.000 -99.000 1.644 1.658 1.741 1.931 2.211 2.560 2.946 3.335 3.695 3.999 4.231 4.405 4.537 4.640 4.725 4.797 4.861 4.919 4.973 5.030 5.100 5.187 5.291 5.395 5.508 5.631 5.750 5.867 5.985 6.098 6.200 6.284 6.335 6.439 6.551 6.591 6.603 6.595 6.572 6.529 6.467 6.410 6.361 6.396 6.470 6.487 6.470 6.436 6.398 6.355 6.305 6.259 6.216 6.239 6.308 6.348 6.360 6.354 6.344 6.335 6.325 6.310 6.261 6.259 6.316
-99.000 -99.000 -99.000 -99.000 1.644 1.646 1.679 1.803 2.031 2.341 2.708 3.098 3.478 3.817 4.091 4.298 4.453 4.571 4.664 4.741 4.807 4.866 4.921 4.973 5.030 5.100 5.187 5.289 5.390 5.500 5.621 5.736 5.851 5.967 6.079 6.183 6.269 6.314 6.417 6.532 6.573 6.586 6.580 6.559 6.517 6.455 6.394 6.347 6.382 6.459 6.477 6.461 6.427 6.390 6.344 6.291 6.240 6.194 6.215 6.286 6.328 6.343 6.339 6.330 6.319 6.311 6.297 6.243 6.234 6.288
-99.000 -99.000 -99.000 -99.000 1.644 1.652 1.716 1.885 2.149 2.486 2.866 3.254 3.618 3.930 4.175 4.358 4.497 4.604 4.690 4.761 4.824 4.880 4.933 4.984 5.040 5.108 5.194 5.294 5.391 5.498 5.616 5.731 5.847 5.960 6.072 6.183 6.259 6.295 6.401 6.518 6.558 6.572 6.568 6.547 6.504 6.438 6.379 6.338 6.375 6.454 6.473 6.458 6.424 6.382 6.333 6.274 6.219 6.173 6.194 6.266 6.311 6.330 6.330 6.322 6.311 6.309 6.292 6.228 6.214 6.262
-99.000 -99.000 -99.000 -99.000 1.645 1.668 1.774 1.986 2.284 2.643 3.031 3.410 3.753 4.034 4.249 4.412 4.537 4.636 4.717 4.786 4.847 4.902 4.954 5.004 5.060 5.127 5.211 5.307 5.402 5.508 5.625 5.740 5.854 5.968 6.081 6.175 6.238 6.278 6.385 6.500 6.541 6.557 6.551 6.527 6.484 6.425 6.379 6.338 6.374 6.454 6.476 6.461 6.423 6.376 6.322 6.261 6.208 6.159 6.177 6.252 6.301 6.326 6.329 6.326 6.321 6.314 6.284 6.215 6.195 6.237
-99.000 -99.000 -99.000 1.645 1.649 1.700 1.854 2.106 2.435 2.812 3.200 3.565 3.879 4.127 4.316 4.461 4.575 4.667 4.744 4.811 4.872 4.926 4.978 5.028 5.082 5.147 5.227 5.322 5.415 5.520 5.636 5.749 5.860 5.971 6.073 6.153 6.215 6.255 6.362 6.477 6.520 6.536 6.529 6.508 6.471 6.426 6.386 6.342 6.377 6.461 6.485 6.468 6.425 6.374 6.317 6.258 6.205 6.152 6.168 6.247 6.303 6.331 6.340 6.341 6.334 6.316 6.276 6.200 6.176 6.212
-99.000 -99.000 -99.000 1.646 1.661 1.755 1.955 2.245 2.600 2.987 3.369 3.713 3.993 4.210 4.377 4.507 4.611 4.697 4.771 4.837 4.896 4.950 5.000 5.048 5.099 5.160 5.239 5.332 5.424 5.528 5.640 5.749 5.857 5.960 6.055 6.131 6.191 6.231 6.338 6.454 6.498 6.516 6.512 6.497 6.471 6.434 6.395 6.351 6.387 6.473 6.497 6.479 6.434 6.380 6.323 6.266 6.212 6.156 6.172 6.255 6.313 6.345 6.358 6.358 6.345 6.316 6.266 6.185 6.155 6.187
-99.000 -99.000 1.645 1.648 1.690 1.832 2.076 2.400 2.775 3.166 3.535 3.849 4.096 4.287 4.434 4.550 4.645 4.726 4.797 4.861 4.918 4.970 5.018 5.063 5.112 5.171 5.248 5.338 5.428 5.527 5.636 5.742 5.843 5.942 6.035 6.109 6.169 6.210 6.315 6.432 6.479 6.501 6.503 6.496 6.478 6.446 6.411 6.366 6.401 6.489 6.515 6.497 6.451 6.398 6.342 6.285 6.231 6.173 6.187 6.271 6.331 6.365 6.377 6.373 6.353 6.314 6.254 6.169 6.134 6.159
-99.000 -99.000 1.645 1.658 1.741 1.932 2.215 2.567 2.956 3.343 3.691 3.972 4.190 4.358 4.488 4.593 4.681 4.757 4.824 4.885 4.940 4.990 5.035 5.077 5.122 5.177 5.250 5.336 5.422 5.516 5.623 5.725 5.823 5.922 6.014 6.090 6.152 6.192 6.298 6.417 6.468 6.494 6.503 6.503 6.490 6.463 6.430 6.383 6.418 6.508 6.538 6.522 6.479 6.428 6.373 6.317 6.263 6.200 6.210 6.293 6.353 6.385 6.394 6.385 6.357 6.308 6.241 6.150 6.109 6.129
-99.000 1.645 1.647 1.683 1.814 2.051 2.369 2.744 3.138 3.513 3.832 4.083 4.276 4.424 4.541 4.636 4.717 4.789 4.853 4.911 4.963 5.010 5.052 5.091 5.131 5.181 5.248 5.330 5.410 5.503 5.607 5.708 5.807 5.907 6.002 6.082 6.145 6.185 6.293 6.415 6.467 6.496 6.510 6.515 6.508 6.485 6.451 6.403 6.440 6.534 6.567 6.556 6.518 6.467 6.414 6.359 6.302 6.233 6.238 6.319 6.375 6.403 6.407 6.391 6.355 6.298 6.222 6.127 6.082 6.097
-99.000 1.645 1.655 1.729 1.910 2.187 2.535 2.925 3.317 3.671 3.959 4.183 4.353 4.486 4.591 4.680 4.756 4.824 4.886 4.941 4.990 5.033 5.072 5.107 5.144 5.190 5.251 5.327 5.403 5.493 5.598 5.701 5.802 5.904 6.002 6.085 6.151 6.191 6.298 6.421 6.473 6.504 6.521 6.531 6.528 6.507 6.475 6.427 6.464 6.561 6.600 6.595 6.559 6.513 6.461 6.404 6.344 6.268 6.266 6.340 6.390 6.413 6.410 6.388 6.345 6.279 6.195 6.096 6.049 6.060
-99.000 1.647 1.676 1.798 2.025 2.338 2.710 3.106 3.487 3.815 4.073 4.272 4.424 4.544 4.640 4.723 4.796 4.862 4.922 4.975 5.022 5.062 5.097 5.130 5.163 5.204 5.259 5.329 5.401 5.489 5.596 5.702 5.805 5.909 6.008 6.093 6.161 6.199 6.305 6.428 6.481 6.513 6.533 6.547 6.547 6.529 6.499 6.451 6.489 6.590 6.635 6.636 6.605 6.562 6.510 6.451 6.387 6.303 6.291 6.357 6.400 6.416 6.406 6.378 6.329 6.256 6.166 6.064 6.016 6.029
1.645 1.653 1.717 1.888 2.156 2.499 2.888 3.284 3.647 3.944 4.175 4.352 4.489 4.597 4.688 4.766 4.837 4.902 4.961 5.012 5.056 5.093 5.125 5.155 5.184 5.220 5.269 5.335 5.404 5.489 5.596 5.703 5.808 5.914 6.014 6.104 6.177 6.211 6.316 6.440 6.493 6.525 6.548 6.566 6.569 6.554 6.527 6.479 6.518 6.624 6.675 6.682 6.658 6.617 6.564 6.503 6.436 6.342 6.318 6.375 6.410 6.418 6.402 6.368 6.312 6.232 6.136 6.034 5.989 6.004
