version1/TsunamiDB/out54166.asc
ncols          264
nrows          230
xllcorner      497853.4375
yllcorner      4229146.0000
cellsize         5.
NODATA_value   -99
[rows 170 to 203 of 230, columns 77 to 153 of 264]
7.034 7.037 7.039 7.041 7.044 7.046 7.048 7.050 7.052 7.054 7.056 7.057 7.059 7.061 7.062 7.063 7.065 7.066 7.067 7.068 7.069 7.070 7.072 7.072 7.073 7.073 7.074 7.074 7.074 7.075 7.075 7.076 7.076 7.077 7.077 7.078 7.079 7.080 7.082 7.083 7.085 7.087 7.089 7.092 7.095 7.098 7.101 7.104 7.107 7.111 7.114 7.117 7.121 7.124 7.128 7.131 7.135 7.138 7.142 7.145 7.149 7.152 7.155 7.159 7.162 7.165 7.168 7.172 7.175 7.178 7.181 7.183 7.186 7.189 7.191 7.194 7.196
7.042 7.045 7.047 7.050 7.052 7.054 7.057 7.059 7.061 7.063 7.064 7.066 7.068 7.069 7.071 7.072 7.074 7.075 7.076 7.077 7.078 7.080 7.081 7.082 7.082 7.083 7.083 7.084 7.084 7.084 7.085 7.085 7.086 7.086 7.087 7.087 7.088 7.089 7.091 7.092 7.094 7.096 7.098 7.100 7.103 7.106 7.109 7.112 7.115 7.118 7.122 7.125 7.129 7.132 7.136 7.139 7.143 7.146 7.150 7.153 7.156 7.160 7.163 7.166 7.170 7.173 7.176 7.180 7.183 7.186 7.189 7.192 7.194 7.197 7.200 7.202 7.205
7.050 7.053 7.055 7.058 7.060 7.062 7.064 7.067 7.069 7.071 7.072 7.074 7.076 7.078 7.079 7.081 7.082 7.083 7.085 7.086 7.087 7.089 7.090 7.091 7.091 7.092 7.092 7.093 7.093 7.094 7.094 7.094 7.095 7.095 7.096 7.096 7.097 7.098 7.099 7.101 7.102 7.104 7.106 7.108 7.111 7.114 7.117 7.120 7.123 7.126 7.129 7.133 7.136 7.139 7.143 7.146 7.150 7.153 7.157 7.160 7.164 7.167 7.171 7.174 7.177 7.181 7.184 7.188 7.191 7.194 7.197 7.200 7.203 7.206 7.208 7.211 7.214
7.058 7.060 7.063 7.065 7.067 7.070 7.072 7.074 7.076 7.078 7.080 7.082 7.084 7.085 7.087 7.088 7.090 7.091 7.093 7.094 7.095 7.097 7.098 7.099 7.100 7.101 7.101 7.102 7.102 7.102 7.103 7.103 7.103 7.104 7.104 7.105 7.106 7.106 7.108 7.109 7.110 7.112 7.114 7.116 7.119 7.122 7.124 7.127 7.130 7.133 7.136 7.140 7.143 7.147 7.150 7.153 7.157 7.161 7.164 7.168 7.171 7.174 7.178 7.181 7.185 7.188 7.192 7.195 7.199 7.202 7.205 7.208 7.211 7.214 7.217 7.219 7.222
7.064 7.067 7.069 7.072 7.074 7.077 7.079 7.081 7.083 7.085 7.087 7.089 7.091 7.093 7.094 7.096 7.097 7.099 7.100 7.102 7.103 7.105 7.106 7.107 7.108 7.109 7.109 7.110 7.110 7.111 7.111 7.111 7.112 7.112 7.113 7.113 7.114 7.114 7.115 7.117 7.118 7.119 7.121 7.124 7.127 7.129 7.132 7.134 7.137 7.140 7.143 7.147 7.150 7.153 7.157 7.160 7.164 7.167 7.171 7.174 7.178 7.181 7.185 7.188 7.192 7.195 7.199 7.203 7.206 7.209 7.213 7.216 7.219 7.222 7.225 7.228 7.231
7.071 7.073 7.076 7.078 7.081 7.083 7.086 7.088 7.090 7.092 7.094 7.096 7.098 7.100 7.101 7.103 7.104 7.106 7.107 7.109 7.111 7.112 7.114 7.115 7.115 7.116 7.117 7.118 7.118 7.118 7.119 7.119 7.120 7.120 7.120 7.121 7.121 7.122 7.123 7.124 7.125 7.127 7.128 7.131 7.133 7.136 7.138 7.141 7.144 7.147 7.150 7.153 7.156 7.160 7.163 7.167 7.170 7.174 7.177 7.181 7.184 7.188 7.191 7.195 7.198 7.202 7.206 7.210 7.213 7.217 7.220 7.223 7.226 7.230 7.233 7.236 7.239
7.077 7.080 7.082 7.085 7.087 7.089 7.092 7.094 7.096 7.098 7.100 7.102 7.104 7.106 7.108 7.109 7.111 7.113 7.114 7.116 7.118 7.119 7.120 7.122 7.122 7.123 7.124 7.125 7.125 7.126 7.126 7.126 7.127 7.127 7.127 7.128 7.128 7.129 7.130 7.131 7.132 7.133 7.135 7.137 7.140 7.142 7.144 7.147 7.150 7.153 7.156 7.159 7.162 7.166 7.169 7.172 7.176 7.179 7.183 7.187 7.190 7.194 7.198 7.201 7.205 7.209 7.212 7.216 7.220 7.223 7.227 7.230 7.234 7.237 7.240 7.243 7.247
7.083 7.085 7.088 7.090 7.093 7.095 7.098 7.100 7.102 7.104 7.106 7.108 7.110 7.112 7.114 7.115 7.117 7.119 7.120 7.122 7.124 7.126 7.127 7.128 7.129 7.130 7.131 7.131 7.132 7.132 7.133 7.133 7.134 7.134 7.134 7.135 7.135 7.136 7.136 7.137 7.138 7.140 7.141 7.143 7.146 7.148 7.150 7.153 7.155 7.158 7.161 7.164 7.168 7.171 7.174 7.178 7.181 7.185 7.189 7.192 7.196 7.199 7.203 7.207 7.211 7.214 7.218 7.222 7.226 7.230 7.233 7.237 7.240 7.244 7.247 7.251 7.254
7.088 7.091 7.093 7.096 7.098 7.101 7.103 7.105 7.107 7.110 7.112 7.114 7.116 7.118 7.119 7.121 7.123 7.124 7.126 7.128 7.130 7.132 7.133 7.134 7.135 7.136 7.137 7.138 7.138 7.139 7.139 7.140 7.140 7.140 7.140 7.141 7.141 7.142 7.142 7.143 7.144 7.145 7.147 7.149 7.151 7.153 7.156 7.158 7.161 7.163 7.166 7.169 7.173 7.176 7.179 7.183 7.186 7.190 7.193 7.197 7.201 7.205 7.208 7.212 7.216 7.220 7.224 7.228 7.232 7.235 7.239 7.243 7.247 7.250 7.254 7.257 7.261
7.093 7.096 7.098 7.101 7.103 7.106 7.108 7.110 7.113 7.115 7.117 7.119 7.121 7.123 7.125 7.126 7.128 7.130 7.132 7.133 7.135 7.137 7.138 7.140 7.141 7.142 7.143 7.143 7.144 7.145 7.145 7.145 7.146 7.146 7.146 7.147 7.147 7.147 7.148 7.149 7.150 7.151 7.152 7.154 7.156 7.158 7.160 7.163 7.165 7.168 7.171 7.174 7.177 7.180 7.184 7.187 7.191 7.194 7.198 7.202 7.205 7.209 7.213 7.217 7.221 7.225 7.229 7.233 7.237 7.241 7.245 7.248 7.252 7.256 7.260 7.263 7.267
7.098 7.100 7.103 7.105 7.108 7.110 7.113 7.115 7.117 7.119 7.122 7.124 7.126 7.128 7.129 7.131 7.133 7.135 7.137 7.138 7.140 7.142 7.144 7.145 7.146 7.147 7.148 7.149 7.149 7.150 7.150 7.151 7.151 7.151 7.152 7.152 7.152 7.153 7.153 7.154 7.155 7.156 7.157 7.159 7.161 7.163 7.165 7.167 7.170 7.172 7.175 7.178 7.181 7.184 7.188 7.191 7.195 7.198 7.202 7.206 7.209 7.213 7.217 7.221 7.225 7.229 7.233 7.238 7.242 7.246 7.249 7.253 7.257 7.261 7.265 7.269 7.273
7.102 7.104 7.107 7.109 7.112 7.114 7.117 7.119 7.122 7.124 7.126 7.128 7.130 7.132 7.134 7.136 7.138 7.139 7.141 7.143 7.145 7.147 7.148 7.150 7.151 7.152 7.153 7.154 7.154 7.155 7.156 7.156 7.156 7.157 7.157 7.157 7.157 7.158 7.158 7.159 7.159 7.160 7.162 7.163 7.165 7.167 7.169 7.171 7.174 7.176 7.179 7.182 7.185 7.188 7.191 7.195 7.198 7.202 7.206 7.209 7.213 7.217 7.221 7.225 7.229 7.233 7.237 7.242 7.246 7.250 7.254 7.258 7.262 7.266 7.270 7.274 7.278
7.106 7.108 7.111 7.113 7.116 7.118 7.121 7.123 7.125 7.128 7.130 7.132 7.134 7.136 7.138 7.140 7.142 7.144 7.146 7.147 7.149 7.151 7.153 7.154 7.155 7.156 7.157 7.158 7.159 7.160 7.160 7.161 7.161 7.161 7.161 7.162 7.162 7.162 7.163 7.163 7.164 7.165 7.166 7.168 7.169 7.171 7.173 7.175 7.177 7.180 7.182 7.185 7.188 7.191 7.195 7.198 7.202 7.205 7.209 7.213 7.216 7.220 7.224 7.228 7.232 7.236 7.241 7.245 7.249 7.254 7.258 7.262 7.266 7.270 7.274 7.279 7.283
7.110 7.112 7.114 7.117 7.119 7.122 7.124 7.127 7.129 7.131 7.134 7.136 7.138 7.140 7.142 7.144 7.146 7.148 7.149 7.151 7.153 7.155 7.157 7.158 7.159 7.161 7.162 7.163 7.163 7.164 7.164 7.165 7.165 7.166 7.166 7.166 7.166 7.166 7.167 7.167 7.168 7.169 7.170 7.171 7.173 7.174 7.176 7.178 7.180 7.183 7.186 7.188 7.191 7.194 7.198 7.201 7.204 7.208 7.212 7.215 7.219 7.223 7.227 7.231 7.235 7.239 7.244 7.248 7.253 7.257 7.261 7.265 7.270 7.274 7.278 7.283 7.287
7.113 7.115 7.118 7.120 7.122 7.125 7.127 7.130 7.132 7.135 7.137 7.139 7.141 7.143 7.145 7.147 7.149 7.151 7.153 7.155 7.157 7.159 7.161 7.162 7.163 7.164 7.165 7.166 7.167 7.168 7.168 7.169 7.169 7.169 7.170 7.170 7.170 7.170 7.171 7.171 7.171 7.172 7.173 7.175 7.176 7.178 7.179 7.181 7.183 7.186 7.188 7.191 7.194 7.197 7.200 7.203 7.207 7.210 7.214 7.218 7.222 7.226 7.230 7.234 7.238 7.242 7.247 7.251 7.255 7.260 7.264 7.269 7.273 7.277 7.282 7.286 7.291
7.115 7.118 7.120 7.123 7.125 7.128 7.130 7.133 7.135 7.137 7.140 7.142 7.144 7.146 7.148 7.150 7.152 7.154 7.156 7.158 7.160 7.162 7.164 7.165 7.167 7.168 7.169 7.170 7.171 7.171 7.172 7.172 7.173 7.173 7.173 7.173 7.174 7.174 7.174 7.174 7.175 7.175 7.176 7.178 7.179 7.181 7.182 7.184 7.186 7.188 7.191 7.193 7.196 7.199 7.202 7.206 7.209 7.213 7.216 7.220 7.224 7.228 7.232 7.236 7.240 7.244 7.249 7.253 7.258 7.262 7.267 7.271 7.276 7.280 7.285 7.289 7.294
7.118 7.120 7.122 7.125 7.127 7.130 7.132 7.135 7.137 7.140 7.142 7.144 7.147 7.149 7.151 7.153 7.155 7.157 7.159 7.161 7.163 7.165 7.167 7.168 7.170 7.171 7.172 7.173 7.174 7.175 7.175 7.176 7.176 7.176 7.177 7.177 7.177 7.177 7.177 7.177 7.178 7.178 7.179 7.181 7.182 7.183 7.185 7.186 7.188 7.191 7.193 7.195 7.198 7.201 7.204 7.207 7.211 7.214 7.218 7.222 7.225 7.229 7.233 7.238 7.242 7.246 7.251 7.255 7.260 7.264 7.269 7.273 7.278 7.283 7.287 7.292 7.297
7.119 7.122 7.124 7.127 7.129 7.132 7.134 7.137 7.139 7.142 7.144 7.146 7.149 7.151 7.153 7.155 7.157 7.159 7.161 7.164 7.166 7.168 7.170 7.171 7.172 7.174 7.175 7.176 7.177 7.178 7.178 7.179 7.179 7.179 7.180 7.180 7.180 7.180 7.180 7.180 7.181 7.181 7.182 7.183 7.184 7.186 7.187 7.189 7.190 7.193 7.195 7.197 7.200 7.203 7.206 7.209 7.212 7.216 7.219 7.223 7.227 7.231 7.235 7.239 7.243 7.248 7.252 7.257 7.261 7.266 7.271 7.275 7.280 7.285 7.289 7.294 7.299
7.120 7.123 7.125 7.128 7.131 7.133 7.136 7.138 7.141 7.143 7.146 7.148 7.150 7.153 7.155 7.157 7.159 7.161 7.163 7.166 7.168 7.170 7.172 7.173 7.175 7.176 7.177 7.178 7.179 7.180 7.181 7.181 7.182 7.182 7.182 7.182 7.182 7.182 7.183 7.183 7.183 7.183 7.184 7.185 7.187 7.188 7.189 7.191 7.192 7.194 7.196 7.199 7.201 7.204 7.207 7.210 7.214 7.217 7.221 7.224 7.228 7.232 7.236 7.240 7.244 7.249 7.254 7.258 7.263 7.267 7.272 7.277 7.281 7.286 7.291 7.296 7.301
7.121 7.123 7.126 7.129 7.131 7.134 7.137 7.139 7.142 7.144 7.147 7.149 7.152 7.154 7.156 7.158 7.161 7.163 7.165 7.167 7.170 7.172 7.174 7.175 7.177 7.178 7.179 7.180 7.181 7.182 7.183 7.183 7.184 7.184 7.184 7.185 7.185 7.185 7.185 7.185 7.185 7.186 7.186 7.187 7.189 7.189 7.191 7.192 7.194 7.196 7.198 7.200 7.203 7.205 7.208 7.211 7.215 7.218 7.221 7.225 7.229 7.233 7.237 7.241 7.245 7.250 7.255 7.259 7.264 7.268 7.273 7.278 7.283 7.288 7.293 7.298 7.303
7.120 7.123 7.126 7.129 7.131 7.134 7.137 7.140 7.142 7.145 7.147 7.150 7.152 7.155 7.157 7.159 7.162 7.164 7.166 7.168 7.171 7.173 7.175 7.177 7.178 7.180 7.181 7.182 7.183 7.184 7.185 7.185 7.186 7.186 7.186 7.186 7.187 7.187 7.187 7.187 7.187 7.187 7.188 7.189 7.190 7.191 7.192 7.193 7.195 7.197 7.199 7.201 7.204 7.206 7.209 7.212 7.215 7.219 7.222 7.226 7.229 7.233 7.237 7.241 7.246 7.250 7.255 7.260 7.264 7.269 7.274 7.278 7.283 7.288 7.294 7.299 7.304
7.119 7.122 7.125 7.128 7.131 7.134 7.137 7.139 7.142 7.145 7.147 7.150 7.153 7.155 7.158 7.160 7.162 7.164 7.167 7.169 7.172 7.174 7.176 7.178 7.179 7.181 7.182 7.183 7.184 7.185 7.186 7.187 7.187 7.188 7.188 7.188 7.188 7.188 7.188 7.188 7.189 7.189 7.190 7.191 7.191 7.192 7.193 7.195 7.196 7.198 7.200 7.202 7.204 7.207 7.210 7.213 7.216 7.219 7.223 7.226 7.230 7.234 7.238 7.242 7.246 7.251 7.256 7.260 7.265 7.269 7.274 7.279 7.284 7.289 7.294 7.300 7.305
7.118 7.121 7.124 7.127 7.130 7.133 7.136 7.139 7.142 7.144 7.147 7.150 7.152 7.155 7.157 7.160 7.162 7.165 7.167 7.170 7.172 7.175 7.176 7.178 7.180 7.182 7.183 7.184 7.185 7.186 7.187 7.188 7.189 7.189 7.189 7.189 7.190 7.190 7.190 7.190 7.190 7.190 7.191 7.192 7.193 7.193 7.194 7.196 7.197 7.199 7.200 7.203 7.205 7.207 7.210 7.213 7.216 7.219 7.223 7.226 7.230 7.234 7.238 7.242 7.246 7.251 7.256 7.260 7.265 7.269 7.274 7.279 7.284 7.289 7.295 7.300 7.306
7.115 7.119 7.122 7.125 7.128 7.131 7.135 7.137 7.140 7.143 7.146 7.149 7.152 7.154 7.157 7.159 7.162 7.164 7.167 7.170 7.172 7.175 7.177 7.178 7.180 7.182 7.183 7.185 7.186 7.187 7.188 7.189 7.189 7.190 7.190 7.191 7.191 7.191 7.191 7.191 7.191 7.191 7.192 7.193 7.194 7.194 7.195 7.196 7.198 7.199 7.201 7.203 7.205 7.208 7.210 7.213 7.216 7.219 7.223 7.226 7.230 7.234 7.238 7.242 7.246 7.251 7.256 7.260 7.265 7.269 7.274 7.279 7.284 7.290 7.295 7.301 7.306
7.112 7.116 7.120 7.123 7.126 7.129 7.133 7.136 7.139 7.142 7.145 7.148 7.150 7.153 7.156 7.159 7.161 7.164 7.166 7.169 7.172 7.174 7.176 7.178 7.180 7.182 7.184 7.185 7.186 7.188 7.189 7.189 7.190 7.191 7.191 7.191 7.192 7.192 7.192 7.192 7.192 7.192 7.193 7.194 7.194 7.195 7.196 7.197 7.198 7.200 7.201 7.203 7.206 7.208 7.211 7.213 7.216 7.220 7.223 7.226 7.230 7.234 7.238 7.242 7.246 7.251 7.255 7.260 7.265 7.269 7.274 7.279 7.284 7.290 7.295 7.301 7.307
7.109 7.113 7.117 7.120 7.124 7.127 7.130 7.134 7.137 7.140 7.143 7.146 7.149 7.152 7.155 7.157 7.160 7.163 7.166 7.169 7.171 7.174 7.176 7.178 7.180 7.182 7.183 7.185 7.186 7.188 7.189 7.190 7.190 7.191 7.192 7.192 7.192 7.192 7.192 7.193 7.193 7.193 7.194 7.195 7.195 7.196 7.196 7.197 7.199 7.200 7.202 7.204 7.206 7.208 7.211 7.213 7.216 7.220 7.223 7.226 7.230 7.234 7.238 7.242 7.246 7.251 7.255 7.260 7.264 7.269 7.274 7.279 7.284 7.290 7.295 7.301 7.307
7.105 7.109 7.113 7.117 7.121 7.124 7.128 7.131 7.134 7.138 7.141 7.144 7.147 7.150 7.153 7.156 7.159 7.161 7.164 7.167 7.170 7.173 7.175 7.177 7.179 7.181 7.183 7.185 7.186 7.188 7.189 7.190 7.191 7.191 7.192 7.192 7.193 7.193 7.193 7.193 7.193 7.194 7.194 7.195 7.196 7.196 7.197 7.198 7.199 7.201 7.202 7.204 7.206 7.208 7.211 7.214 7.216 7.220 7.223 7.226 7.230 7.234 7.237 7.242 7.246 7.250 7.255 7.260 7.264 7.269 7.274 7.279 7.284 7.290 7.295 7.301 7.307
7.101 7.105 7.110 7.114 7.117 7.121 7.125 7.128 7.132 7.135 7.138 7.142 7.145 7.148 7.151 7.154 7.157 7.160 7.163 7.166 7.169 7.172 7.174 7.176 7.178 7.180 7.182 7.184 7.186 7.187 7.188 7.190 7.191 7.191 7.192 7.193 7.193 7.193 7.193 7.194 7.194 7.194 7.195 7.196 7.196 7.197 7.198 7.198 7.200 7.201 7.203 7.204 7.206 7.209 7.211 7.214 7.217 7.220 7.223 7.226 7.230 7.234 7.237 7.241 7.246 7.250 7.255 7.260 7.264 7.269 7.274 7.279 7.284 7.290 7.295 7.301 7.307
7.097 7.101 7.106 7.110 7.114 7.118 7.121 7.125 7.129 7.132 7.136 7.139 7.142 7.146 7.149 7.152 7.155 7.158 7.161 7.165 7.168 7.170 7.173 7.175 7.177 7.180 7.182 7.183 7.185 7.187 7.188 7.189 7.190 7.191 7.192 7.193 7.193 7.194 7.194 7.194 7.194 7.195 7.196 7.196 7.197 7.197 7.198 7.199 7.200 7.201 7.203 7.205 7.207 7.209 7.211 7.214 7.217 7.220 7.223 7.226 7.230 7.234 7.238 7.242 7.246 7.250 7.255 7.260 7.264 7.269 7.274 7.279 7.284 7.290 7.295 7.301 7.306
7.092 7.097 7.102 7.106 7.110 7.114 7.118 7.122 7.126 7.129 7.133 7.136 7.140 7.143 7.147 7.150 7.153 7.156 7.159 7.163 7.166 7.169 7.171 7.174 7.176 7.179 7.181 7.183 7.185 7.186 7.188 7.189 7.190 7.191 7.192 7.193 7.193 7.194 7.194 7.195 7.195 7.195 7.196 7.197 7.197 7.198 7.199 7.200 7.201 7.202 7.204 7.205 7.207 7.209 7.212 7.214 7.217 7.220 7.223 7.227 7.230 7.234 7.238 7.242 7.246 7.251 7.255 7.260 7.264 7.269 7.274 7.279 7.284 7.290 7.295 7.301 7.306
7.088 7.093 7.098 7.102 7.107 7.111 7.115 7.119 7.122 7.126 7.130 7.134 7.137 7.141 7.144 7.148 7.151 7.154 7.158 7.161 7.165 7.167 7.170 7.173 7.175 7.178 7.180 7.182 7.184 7.186 7.187 7.189 7.190 7.191 7.192 7.193 7.194 7.194 7.195 7.195 7.196 7.196 7.197 7.198 7.198 7.199 7.200 7.200 7.202 7.203 7.204 7.206 7.208 7.210 7.212 7.215 7.218 7.221 7.224 7.227 7.231 7.234 7.238 7.242 7.247 7.251 7.256 7.260 7.265 7.270 7.274 7.279 7.285 7.290 7.296 7.301 7.306
7.084 7.089 7.094 7.099 7.103 7.107 7.112 7.115 7.119 7.123 7.127 7.131 7.134 7.138 7.142 7.145 7.149 7.152 7.156 7.160 7.163 7.166 7.169 7.171 7.174 7.177 7.179 7.181 7.183 7.185 7.187 7.189 7.190 7.191 7.192 7.193 7.194 7.195 7.195 7.196 7.196 7.197 7.198 7.199 7.199 7.200 7.201 7.201 7.202 7.204 7.205 7.207 7.209 7.211 7.213 7.216 7.219 7.221 7.225 7.228 7.231 7.235 7.239 7.243 7.247 7.252 7.257 7.261 7.266 7.270 7.275 7.280 7.285 7.290 7.296 7.301 7.307
7.080 7.086 7.091 7.096 7.100 7.104 7.108 7.113 7.116 7.120 7.124 7.128 7.132 7.136 7.140 7.143 7.147 7.150 7.154 7.158 7.161 7.165 7.168 7.170 7.173 7.176 7.178 7.181 7.183 7.185 7.187 7.188 7.190 7.191 7.193 7.194 7.195 7.195 7.196 7.197 7.197 7.198 7.199 7.200 7.200 7.201 7.202 7.203 7.204 7.205 7.206 7.208 7.210 7.212 7.214 7.217 7.220 7.223 7.226 7.229 7.233 7.236 7.240 7.244 7.248 7.253 7.258 7.262 7.267 7.271 7.276 7.281 7.286 7.291 7.296 7.302 7.307
7.077 7.082 7.088 7.092 7.097 7.101 7.106 7.110 7.114 7.118 7.122 7.126 7.130 7.133 7.137 7.141 7.145 7.149 7.152 7.156 7.160 7.163 7.166 7.169 7.172 7.175 7.178 7.180 7.182 7.185 7.187 7.188 7.190 7.192 7.193 7.194 7.195 7.196 7.197 7.198 7.198 7.199 7.200 7.201 7.202 7.202 7.203 7.204 7.205 7.206 7.208 7.210 7.211 7.213 7.216 7.218 7.221 7.224 7.227 7.230 7.234 7.238 7.241 7.245 7.250 7.254 7.259 7.263 7.268 7.272 7.277 7.282 7.287 7.292 7.297 7.303 7.308
