version1/TsunamiDB/out54116.asc
ncols          264
nrows          230
xllcorner      497853.4375
yllcorner      4229146.0000
cellsize         5.
NODATA_value   -99
[rows 136 to 169 of 230, columns 154 to 230 of 264]
7.056 7.065 7.075 7.084 7.093 7.102 7.111 7.119 7.127 7.135 7.142 7.149 7.156 7.163 7.171 7.178 7.186 7.193 7.202 7.211 7.221 7.232 7.244 7.256 7.269 7.283 7.297 7.311 7.324 7.336 7.346 7.353 7.359 7.365 7.371 7.377 7.384 7.394 7.408 7.426 7.448 7.474 7.503 7.529 7.558 7.598 7.642 7.688 7.736 7.786 7.840 7.908 7.977 8.016 8.056 8.116 8.172 8.222 8.267 8.308 8.343 8.368 8.384 8.392 8.402 8.415 8.428 8.440 8.450 8.459 8.469 8.479 8.491 8.494 8.499 8.511 8.523
7.053 7.062 7.072 7.081 7.091 7.100 7.109 7.117 7.125 7.133 7.141 7.148 7.155 7.162 7.170 7.178 7.185 7.193 7.202 7.211 7.221 7.232 7.244 7.257 7.270 7.284 7.298 7.312 7.325 7.337 7.347 7.354 7.359 7.366 7.372 7.378 7.386 7.398 7.414 7.434 7.459 7.489 7.520 7.548 7.579 7.622 7.669 7.719 7.769 7.822 7.882 7.951 8.016 8.053 8.092 8.150 8.203 8.251 8.294 8.331 8.363 8.383 8.399 8.407 8.414 8.426 8.438 8.448 8.457 8.465 8.474 8.485 8.496 8.500 8.504 8.517 8.529
7.050 7.059 7.069 7.078 7.088 7.097 7.106 7.115 7.123 7.131 7.139 7.146 7.153 7.161 7.169 7.176 7.184 7.192 7.201 7.210 7.221 7.232 7.244 7.256 7.270 7.284 7.298 7.312 7.326 7.338 7.347 7.354 7.360 7.367 7.374 7.380 7.390 7.404 7.422 7.444 7.473 7.505 7.540 7.569 7.602 7.648 7.699 7.752 7.805 7.863 7.926 7.992 8.053 8.088 8.126 8.181 8.232 8.277 8.317 8.352 8.379 8.398 8.413 8.420 8.427 8.437 8.447 8.456 8.463 8.471 8.480 8.490 8.501 8.505 8.510 8.522 8.536
7.046 7.055 7.065 7.074 7.084 7.093 7.102 7.111 7.120 7.128 7.136 7.143 7.151 7.158 7.166 7.174 7.182 7.190 7.199 7.209 7.219 7.231 7.243 7.256 7.269 7.283 7.298 7.312 7.326 7.338 7.347 7.355 7.361 7.369 7.377 7.385 7.396 7.411 7.431 7.456 7.487 7.523 7.560 7.591 7.627 7.678 7.732 7.787 7.845 7.906 7.969 8.031 8.089 8.122 8.157 8.210 8.258 8.301 8.338 8.369 8.394 8.412 8.426 8.432 8.438 8.448 8.456 8.463 8.470 8.477 8.486 8.495 8.506 8.510 8.515 8.529 8.542
7.042 7.051 7.061 7.070 7.080 7.089 7.098 7.107 7.116 7.124 7.132 7.140 7.148 7.155 7.163 7.171 7.179 7.188 7.197 7.207 7.217 7.229 7.241 7.254 7.268 7.283 7.297 7.312 7.326 7.338 7.348 7.356 7.363 7.372 7.381 7.390 7.403 7.421 7.443 7.469 7.503 7.541 7.583 7.616 7.655 7.709 7.766 7.826 7.886 7.947 8.009 8.069 8.122 8.153 8.186 8.236 8.281 8.322 8.356 8.385 8.408 8.426 8.439 8.444 8.450 8.458 8.465 8.471 8.477 8.483 8.491 8.500 8.511 8.516 8.521 8.535 8.549
7.038 7.047 7.056 7.066 7.075 7.084 7.094 7.103 7.111 7.120 7.128 7.136 7.143 7.151 7.160 7.168 7.176 7.185 7.194 7.204 7.215 7.227 7.239 7.252 7.267 7.281 7.296 7.311 7.325 7.338 7.349 7.357 7.366 7.376 7.387 7.398 7.413 7.432 7.455 7.484 7.519 7.562 7.608 7.644 7.684 7.743 7.804 7.866 7.927 7.987 8.047 8.103 8.154 8.183 8.214 8.260 8.303 8.341 8.373 8.400 8.422 8.439 8.451 8.456 8.461 8.468 8.474 8.479 8.483 8.489 8.496 8.505 8.516 8.521 8.527 8.541 8.555
7.034 7.043 7.052 7.061 7.070 7.079 7.089 7.098 7.106 7.115 7.123 7.131 7.139 7.147 7.155 7.163 7.172 7.181 7.190 7.201 7.212 7.224 7.236 7.250 7.264 7.279 7.294 7.310 7.324 7.338 7.350 7.360 7.369 7.381 7.393 7.406 7.423 7.444 7.469 7.499 7.537 7.584 7.635 7.674 7.717 7.779 7.843 7.906 7.966 8.026 8.083 8.136 8.184 8.211 8.239 8.283 8.323 8.358 8.389 8.415 8.436 8.451 8.462 8.467 8.471 8.477 8.482 8.486 8.490 8.494 8.500 8.510 8.522 8.527 8.533 8.548 8.563
7.029 7.038 7.047 7.056 7.065 7.074 7.083 7.092 7.101 7.109 7.118 7.125 7.133 7.141 7.150 7.158 7.167 7.176 7.186 7.197 7.208 7.220 7.233 7.247 7.262 7.277 7.292 7.308 7.324 7.339 7.352 7.363 7.374 7.387 7.401 7.416 7.435 7.458 7.485 7.517 7.559 7.610 7.665 7.706 7.751 7.817 7.881 7.944 8.004 8.061 8.116 8.166 8.211 8.236 8.263 8.303 8.341 8.374 8.403 8.428 8.449 8.463 8.472 8.476 8.480 8.485 8.489 8.493 8.496 8.499 8.505 8.515 8.528 8.534 8.540 8.556 8.570
7.025 7.033 7.042 7.051 7.060 7.069 7.078 7.087 7.095 7.104 7.112 7.120 7.127 7.135 7.144 7.153 7.161 7.171 7.181 7.192 7.203 7.216 7.229 7.243 7.259 7.274 7.291 7.307 7.324 7.340 7.355 7.367 7.379 7.394 7.410 7.427 7.448 7.473 7.502 7.537 7.581 7.635 7.695 7.739 7.786 7.853 7.918 7.980 8.039 8.095 8.147 8.195 8.237 8.261 8.285 8.323 8.358 8.390 8.417 8.441 8.461 8.474 8.482 8.485 8.488 8.492 8.496 8.500 8.502 8.506 8.511 8.521 8.535 8.541 8.548 8.563 8.578
7.021 7.029 7.037 7.046 7.055 7.063 7.072 7.081 7.089 7.098 7.106 7.113 7.121 7.129 7.138 7.146 7.155 7.165 7.175 7.186 7.198 7.211 7.224 7.239 7.255 7.272 7.289 7.306 7.324 7.342 7.358 7.372 7.386 7.402 7.420 7.439 7.462 7.490 7.521 7.559 7.605 7.663 7.730 7.776 7.823 7.891 7.956 8.017 8.074 8.128 8.178 8.223 8.263 8.285 8.308 8.343 8.376 8.405 8.431 8.454 8.473 8.485 8.491 8.493 8.496 8.499 8.503 8.507 8.509 8.512 8.517 8.527 8.543 8.550 8.557 8.572 8.586
7.016 7.024 7.033 7.041 7.050 7.058 7.067 7.075 7.083 7.092 7.099 7.107 7.114 7.122 7.131 7.140 7.149 7.158 7.169 7.180 7.192 7.205 7.219 7.235 7.252 7.269 7.287 7.306 7.325 7.345 7.362 7.377 7.392 7.410 7.430 7.452 7.478 7.508 7.543 7.583 7.633 7.700 7.770 7.814 7.861 7.929 7.993 8.053 8.108 8.160 8.208 8.250 8.288 8.308 8.329 8.362 8.393 8.420 8.444 8.466 8.485 8.494 8.498 8.500 8.502 8.506 8.510 8.514 8.517 8.520 8.524 8.536 8.554 8.560 8.567 8.581 8.595
7.013 7.020 7.028 7.037 7.045 7.053 7.062 7.070 7.078 7.086 7.093 7.100 7.108 7.115 7.124 7.133 7.142 7.151 7.162 7.173 7.185 7.198 7.213 7.230 7.248 7.267 7.286 7.307 7.327 7.347 7.366 7.383 7.400 7.421 7.443 7.467 7.496 7.531 7.569 7.614 7.671 7.741 7.809 7.852 7.899 7.965 8.028 8.087 8.140 8.190 8.236 8.276 8.312 8.331 8.350 8.381 8.409 8.434 8.457 8.477 8.492 8.500 8.505 8.507 8.509 8.512 8.517 8.521 8.525 8.529 8.535 8.548 8.565 8.571 8.577 8.591 8.603
7.009 7.017 7.025 7.033 7.041 7.049 7.057 7.065 7.073 7.080 7.087 7.094 7.101 7.109 7.117 7.125 7.134 7.144 7.154 7.165 7.178 7.192 7.208 7.226 7.245 7.265 7.286 7.308 7.329 7.350 7.370 7.390 7.411 7.434 7.457 7.485 7.519 7.557 7.600 7.651 7.713 7.781 7.847 7.889 7.934 8.000 8.062 8.119 8.171 8.219 8.262 8.301 8.334 8.352 8.370 8.398 8.424 8.448 8.468 8.485 8.498 8.506 8.511 8.513 8.515 8.519 8.525 8.530 8.535 8.540 8.549 8.561 8.576 8.581 8.587 8.599 8.611
7.007 7.014 7.022 7.029 7.037 7.045 7.053 7.060 7.068 7.075 7.082 7.089 7.095 7.102 7.110 7.118 7.126 7.136 7.146 7.157 7.170 7.185 7.203 7.222 7.243 7.264 7.287 7.310 7.332 7.354 7.376 7.399 7.423 7.449 7.475 7.508 7.547 7.588 7.636 7.691 7.753 7.820 7.883 7.924 7.969 8.033 8.094 8.150 8.201 8.247 8.288 8.324 8.356 8.372 8.389 8.415 8.439 8.460 8.478 8.493 8.504 8.512 8.518 8.520 8.522 8.527 8.533 8.540 8.546 8.553 8.563 8.574 8.587 8.592 8.597 8.608 8.618
7.005 7.012 7.020 7.027 7.035 7.042 7.050 7.057 7.064 7.071 7.077 7.083 7.089 7.096 7.103 7.110 7.118 7.127 7.137 7.149 7.162 7.179 7.198 7.219 7.241 7.264 7.288 7.312 7.336 7.359 7.384 7.410 7.438 7.468 7.498 7.535 7.578 7.624 7.675 7.731 7.793 7.857 7.919 7.959 8.002 8.065 8.125 8.180 8.229 8.273 8.312 8.347 8.376 8.391 8.406 8.431 8.452 8.471 8.487 8.500 8.510 8.518 8.525 8.527 8.529 8.536 8.543 8.551 8.559 8.567 8.577 8.587 8.598 8.602 8.607 8.617 8.626
7.004 7.011 7.019 7.026 7.033 7.040 7.048 7.055 7.062 7.068 7.074 7.079 7.084 7.090 7.096 7.103 7.110 7.118 7.128 7.140 7.155 7.173 7.194 7.216 7.240 7.265 7.290 7.315 7.341 7.366 7.393 7.424 7.458 7.490 7.524 7.566 7.613 7.663 7.715 7.771 7.831 7.893 7.954 7.993 8.035 8.096 8.155 8.208 8.255 8.298 8.336 8.368 8.396 8.409 8.423 8.445 8.465 8.481 8.495 8.507 8.516 8.524 8.532 8.535 8.537 8.545 8.554 8.563 8.571 8.581 8.590 8.600 8.610 8.613 8.617 8.625 8.633
7.005 7.012 7.019 7.026 7.033 7.040 7.047 7.054 7.060 7.066 7.071 7.076 7.080 7.085 7.090 7.095 7.101 7.110 7.120 7.133 7.149 7.168 7.190 7.214 7.239 7.265 7.293 7.320 7.347 7.375 7.405 7.441 7.480 7.516 7.553 7.601 7.651 7.702 7.754 7.809 7.866 7.928 7.988 8.026 8.067 8.127 8.184 8.236 8.281 8.322 8.358 8.388 8.414 8.426 8.439 8.459 8.476 8.491 8.503 8.514 8.522 8.531 8.540 8.543 8.546 8.555 8.565 8.575 8.584 8.594 8.604 8.613 8.621 8.623 8.626 8.633 8.640
7.007 7.014 7.021 7.027 7.034 7.041 7.048 7.054 7.060 7.066 7.070 7.074 7.077 7.080 7.084 7.088 7.094 7.102 7.112 7.126 7.144 7.164 7.187 7.212 7.239 7.267 7.296 7.325 7.354 7.386 7.421 7.462 7.506 7.545 7.586 7.637 7.689 7.740 7.792 7.845 7.901 7.961 8.021 8.058 8.098 8.157 8.212 8.261 8.305 8.344 8.378 8.407 8.430 8.442 8.453 8.471 8.487 8.500 8.511 8.520 8.529 8.539 8.549 8.552 8.556 8.566 8.577 8.587 8.597 8.607 8.616 8.625 8.631 8.633 8.635 8.641 8.646
7.011 7.018 7.024 7.031 7.037 7.044 7.050 7.056 7.062 7.067 7.070 7.073 7.075 7.077 7.079 7.082 7.087 7.094 7.105 7.120 7.139 7.161 7.185 7.211 7.239 7.268 7.300 7.332 7.364 7.400 7.439 7.484 7.533 7.576 7.619 7.672 7.726 7.778 7.829 7.881 7.935 7.993 8.053 8.090 8.129 8.186 8.239 8.286 8.328 8.365 8.398 8.425 8.446 8.456 8.466 8.482 8.497 8.510 8.520 8.528 8.537 8.546 8.557 8.562 8.566 8.577 8.588 8.599 8.609 8.619 8.628 8.636 8.641 8.642 8.644 8.648 8.653
7.017 7.023 7.029 7.036 7.042 7.048 7.054 7.060 7.065 7.070 7.072 7.074 7.074 7.074 7.075 7.077 7.081 7.088 7.100 7.116 7.136 7.159 7.184 7.211 7.240 7.271 7.306 7.341 7.377 7.417 7.460 7.510 7.566 7.611 7.655 7.710 7.765 7.817 7.867 7.917 7.969 8.027 8.088 8.125 8.161 8.216 8.266 8.311 8.350 8.387 8.418 8.443 8.461 8.470 8.479 8.493 8.507 8.519 8.528 8.537 8.545 8.555 8.568 8.572 8.577 8.588 8.600 8.611 8.621 8.631 8.640 8.647 8.651 8.651 8.652 8.656 8.660
7.024 7.030 7.036 7.043 7.049 7.055 7.060 7.066 7.071 7.074 7.076 7.075 7.074 7.073 7.073 7.073 7.077 7.084 7.096 7.113 7.134 7.158 7.183 7.212 7.242 7.277 7.314 7.353 7.394 7.439 7.486 7.544 7.604 7.648 7.693 7.748 7.803 7.855 7.905 7.954 8.004 8.064 8.126 8.159 8.193 8.246 8.293 8.335 8.372 8.406 8.436 8.458 8.474 8.482 8.490 8.504 8.517 8.528 8.537 8.546 8.553 8.565 8.579 8.584 8.588 8.600 8.612 8.622 8.632 8.642 8.652 8.657 8.659 8.659 8.660 8.663 8.666
7.033 7.039 7.045 7.051 7.057 7.063 7.068 7.073 7.078 7.080 7.081 7.079 7.076 7.074 7.073 7.072 7.075 7.082 7.095 7.112 7.133 7.158 7.185 7.215 7.247 7.285 7.326 7.370 7.416 7.466 7.522 7.584 7.643 7.687 7.731 7.787 7.842 7.894 7.943 7.993 8.045 8.105 8.161 8.192 8.225 8.274 8.318 8.357 8.393 8.424 8.451 8.470 8.486 8.493 8.501 8.514 8.526 8.537 8.547 8.555 8.565 8.577 8.591 8.595 8.600 8.612 8.623 8.634 8.644 8.653 8.661 8.665 8.668 8.667 8.667 8.670 8.673
7.043 7.050 7.056 7.062 7.067 7.073 7.078 7.083 7.086 7.088 7.088 7.085 7.081 7.078 7.075 7.073 7.075 7.083 7.095 7.112 7.134 7.160 7.191 7.222 7.256 7.297 7.343 7.392 7.444 7.500 7.561 7.624 7.682 7.725 7.769 7.825 7.881 7.933 7.983 8.035 8.088 8.143 8.195 8.224 8.255 8.300 8.342 8.378 8.411 8.440 8.464 8.482 8.497 8.505 8.511 8.524 8.536 8.547 8.557 8.567 8.578 8.590 8.602 8.607 8.611 8.623 8.634 8.644 8.654 8.662 8.669 8.673 8.676 8.675 8.675 8.677 8.680
7.055 7.061 7.067 7.073 7.079 7.084 7.089 7.094 7.097 7.098 7.097 7.093 7.087 7.083 7.079 7.077 7.078 7.085 7.097 7.114 7.137 7.166 7.199 7.232 7.269 7.315 7.366 7.419 7.477 7.538 7.601 7.664 7.721 7.764 7.807 7.864 7.920 7.973 8.025 8.077 8.129 8.181 8.228 8.255 8.284 8.326 8.364 8.398 8.428 8.454 8.476 8.494 8.509 8.515 8.522 8.535 8.547 8.558 8.568 8.579 8.590 8.602 8.614 8.618 8.622 8.634 8.644 8.654 8.663 8.670 8.676 8.680 8.683 8.683 8.682 8.684 8.687
7.067 7.074 7.080 7.086 7.092 7.097 7.102 7.106 7.109 7.110 7.108 7.103 7.096 7.091 7.086 7.082 7.083 7.089 7.101 7.119 7.144 7.176 7.212 7.247 7.287 7.338 7.393 7.452 7.514 7.578 7.642 7.705 7.762 7.804 7.847 7.904 7.960 8.014 8.067 8.118 8.169 8.217 8.260 8.285 8.311 8.349 8.385 8.416 8.443 8.467 8.488 8.505 8.520 8.527 8.533 8.546 8.558 8.569 8.580 8.592 8.603 8.614 8.625 8.629 8.634 8.644 8.654 8.664 8.671 8.678 8.684 8.687 8.690 8.690 8.689 8.691 8.693
7.080 7.086 7.093 7.099 7.105 7.111 7.116 7.120 7.122 7.123 7.120 7.115 7.107 7.101 7.095 7.090 7.090 7.096 7.108 7.126 7.154 7.189 7.230 7.267 7.310 7.365 7.425 7.489 7.553 7.618 7.683 7.745 7.803 7.844 7.887 7.944 8.001 8.056 8.108 8.158 8.207 8.252 8.291 8.314 8.338 8.372 8.404 8.433 8.459 8.481 8.500 8.517 8.532 8.538 8.544 8.557 8.569 8.581 8.593 8.604 8.616 8.626 8.637 8.640 8.644 8.654 8.663 8.672 8.679 8.686 8.691 8.694 8.697 8.697 8.696 8.698 8.700
7.092 7.099 7.106 7.113 7.119 7.125 7.130 7.134 7.137 7.137 7.134 7.128 7.119 7.112 7.105 7.100 7.099 7.105 7.117 7.137 7.168 7.208 7.252 7.292 7.337 7.398 7.461 7.527 7.593 7.659 7.724 7.787 7.845 7.886 7.928 7.985 8.042 8.097 8.148 8.197 8.244 8.285 8.321 8.342 8.363 8.395 8.424 8.450 8.474 8.494 8.513 8.529 8.544 8.550 8.556 8.569 8.581 8.594 8.605 8.617 8.628 8.638 8.648 8.651 8.655 8.664 8.672 8.680 8.687 8.693 8.698 8.701 8.704 8.704 8.703 8.705 8.707
7.104 7.112 7.119 7.126 7.132 7.138 7.144 7.148 7.151 7.152 7.149 7.142 7.133 7.125 7.118 7.111 7.110 7.116 7.130 7.153 7.187 7.230 7.278 7.320 7.369 7.433 7.499 7.566 7.633 7.699 7.765 7.828 7.886 7.926 7.969 8.026 8.082 8.136 8.186 8.234 8.279 8.317 8.349 8.368 8.388 8.416 8.442 8.467 8.489 8.508 8.526 8.542 8.556 8.562 8.568 8.581 8.594 8.606 8.618 8.629 8.640 8.650 8.658 8.662 8.665 8.673 8.681 8.688 8.695 8.700 8.705 8.708 8.711 8.711 8.710 8.712 8.714
7.115 7.123 7.131 7.138 7.145 7.152 7.157 7.162 7.166 7.167 7.164 7.157 7.147 7.139 7.131 7.124 7.123 7.130 7.145 7.171 7.208 7.255 7.306 7.351 7.402 7.468 7.536 7.605 7.673 7.740 7.806 7.868 7.927 7.967 8.010 8.066 8.122 8.175 8.224 8.270 8.313 8.349 8.378 8.395 8.412 8.438 8.462 8.485 8.505 8.523 8.541 8.556 8.570 8.575 8.581 8.594 8.606 8.619 8.630 8.642 8.653 8.662 8.670 8.672 8.675 8.682 8.690 8.697 8.702 8.707 8.712 8.715 8.718 8.718 8.717 8.719 8.721
7.125 7.134 7.142 7.150 7.157 7.164 7.170 7.176 7.179 7.181 7.178 7.171 7.161 7.153 7.145 7.138 7.138 7.146 7.163 7.192 7.233 7.283 7.339 7.386 7.438 7.506 7.576 7.646 7.715 7.782 7.848 7.911 7.971 8.012 8.053 8.109 8.163 8.215 8.263 8.308 8.348 8.382 8.408 8.423 8.438 8.461 8.484 8.504 8.523 8.540 8.557 8.571 8.584 8.590 8.596 8.608 8.620 8.632 8.644 8.655 8.665 8.674 8.681 8.683 8.686 8.692 8.699 8.705 8.710 8.715 8.719 8.723 8.725 8.725 8.724 8.726 8.729
7.134 7.143 7.152 7.160 7.168 7.176 7.182 7.188 7.193 7.195 7.192 7.185 7.175 7.167 7.159 7.153 7.154 7.163 7.184 7.217 7.261 7.317 7.377 7.423 7.476 7.546 7.617 7.688 7.758 7.826 7.891 7.956 8.016 8.056 8.096 8.152 8.205 8.255 8.301 8.344 8.384 8.414 8.436 8.450 8.464 8.486 8.506 8.525 8.542 8.559 8.574 8.588 8.600 8.605 8.611 8.623 8.635 8.647 8.658 8.668 8.679 8.686 8.692 8.694 8.696 8.702 8.708 8.713 8.718 8.723 8.727 8.730 8.733 8.732 8.731 8.734 8.736
7.142 7.152 7.161 7.170 7.178 7.186 7.193 7.200 7.205 7.207 7.205 7.198 7.189 7.181 7.175 7.169 7.172 7.185 7.209 7.245 7.295 7.355 7.414 7.461 7.514 7.586 7.658 7.731 7.801 7.870 7.937 8.002 8.061 8.100 8.139 8.194 8.245 8.294 8.339 8.380 8.416 8.443 8.465 8.478 8.491 8.511 8.529 8.547 8.563 8.578 8.593 8.606 8.618 8.622 8.627 8.639 8.650 8.662 8.673 8.683 8.692 8.699 8.704 8.706 8.707 8.712 8.718 8.723 8.727 8.731 8.735 8.738 8.740 8.739 8.739 8.741 8.743
7.149 7.159 7.169 7.178 7.187 7.195 7.203 7.210 7.216 7.219 7.217 7.211 7.202 7.196 7.191 7.187 7.192 7.209 7.236 7.277 7.330 7.391 7.451 7.498 7.552 7.625 7.699 7.773 7.844 7.914 7.983 8.047 8.104 8.142 8.180 8.233 8.284 8.331 8.374 8.413 8.446 8.473 8.495 8.507 8.519 8.537 8.555 8.571 8.586 8.600 8.614 8.626 8.637 8.641 8.645 8.656 8.667 8.678 8.688 8.697 8.705 8.712 8.717 8.718 8.719 8.723 8.728 8.732 8.736 8.740 8.743 8.746 8.748 8.747 8.746 8.749 8.751
7.155 7.165 7.176 7.186 7.195 7.204 7.212 7.220 7.226 7.230 7.229 7.223 7.215 7.211 7.207 7.206 7.215 7.234 7.265 7.309 7.365 7.425 7.486 7.534 7.589 7.664 7.739 7.814 7.887 7.958 8.026 8.089 8.144 8.181 8.219 8.271 8.320 8.366 8.407 8.444 8.476 8.502 8.524 8.536 8.548 8.565 8.582 8.597 8.611 8.624 8.636 8.647 8.657 8.661 8.664 8.674 8.685 8.695 8.705 8.713 8.720 8.726 8.730 8.730 8.731 8.735 8.739 8.742 8.746 8.749 8.751 8.754 8.756 8.755 8.754 8.757 8.760
