version1/TsunamiDB/out54076.asc
ncols          264
nrows          230
xllcorner      497853.4375
yllcorner      4229146.0000
cellsize         5.
NODATA_value   -99
[rows 68 to 101 of 230, columns 152 to 227 of 264]
6.303 6.304 6.306 6.307 6.308 6.310 6.312 6.314 6.318 6.322 6.328 6.335 6.343 6.352 6.362 6.373 6.385 6.397 6.410 6.424 6.438 6.452 6.466 6.480 6.494 6.509 6.524 6.539 6.554 6.569 6.584 6.599 6.614 6.630 6.645 6.661 6.677 6.693 6.709 6.725 6.741 6.757 6.774 6.790 6.806 6.821 6.836 6.852 6.868 6.885 6.902 6.920 6.937 6.955 6.973 6.992 7.010 7.028 7.047 7.065 7.083 7.101 7.120 7.140 7.160 7.181 7.203 7.225 7.247 7.268 7.289 7.306 7.316 7.322 7.330 7.350
6.331 6.333 6.335 6.337 6.338 6.339 6.340 6.342 6.345 6.348 6.352 6.358 6.365 6.372 6.381 6.391 6.402 6.414 6.426 6.439 6.453 6.466 6.479 6.493 6.507 6.521 6.536 6.551 6.565 6.580 6.596 6.611 6.626 6.642 6.657 6.673 6.689 6.705 6.722 6.738 6.755 6.771 6.788 6.805 6.821 6.837 6.853 6.869 6.886 6.903 6.920 6.938 6.956 6.974 6.993 7.012 7.031 7.049 7.068 7.086 7.105 7.124 7.143 7.162 7.183 7.204 7.226 7.249 7.271 7.292 7.313 7.330 7.341 7.347 7.355 7.375
6.357 6.361 6.364 6.366 6.368 6.369 6.370 6.371 6.373 6.375 6.378 6.383 6.388 6.395 6.402 6.411 6.421 6.431 6.443 6.455 6.468 6.481 6.493 6.507 6.520 6.534 6.549 6.563 6.578 6.593 6.608 6.623 6.638 6.654 6.669 6.685 6.701 6.718 6.734 6.751 6.768 6.785 6.803 6.820 6.837 6.853 6.869 6.886 6.903 6.920 6.938 6.956 6.975 6.993 7.012 7.031 7.051 7.070 7.089 7.108 7.127 7.146 7.165 7.185 7.205 7.227 7.249 7.271 7.294 7.316 7.337 7.354 7.366 7.372 7.381 7.400
6.381 6.387 6.391 6.394 6.396 6.398 6.400 6.401 6.402 6.404 6.406 6.409 6.413 6.419 6.425 6.433 6.441 6.451 6.462 6.473 6.485 6.497 6.509 6.522 6.535 6.549 6.563 6.577 6.591 6.606 6.621 6.636 6.651 6.666 6.682 6.698 6.714 6.731 6.747 6.764 6.782 6.799 6.817 6.835 6.852 6.868 6.885 6.902 6.920 6.937 6.955 6.974 6.993 7.012 7.031 7.051 7.070 7.090 7.109 7.128 7.147 7.167 7.186 7.206 7.227 7.248 7.271 7.293 7.316 7.338 7.360 7.378 7.390 7.397 7.406 7.426
6.404 6.411 6.416 6.421 6.424 6.427 6.429 6.430 6.431 6.433 6.435 6.437 6.440 6.444 6.450 6.456 6.464 6.472 6.482 6.492 6.504 6.515 6.526 6.538 6.551 6.564 6.578 6.591 6.605 6.620 6.634 6.649 6.664 6.679 6.695 6.711 6.727 6.743 6.760 6.778 6.795 6.813 6.831 6.849 6.867 6.883 6.901 6.918 6.936 6.954 6.973 6.991 7.010 7.030 7.049 7.069 7.089 7.109 7.129 7.148 7.168 7.187 7.207 7.227 7.248 7.270 7.292 7.314 7.337 7.360 7.382 7.401 7.414 7.421 7.430 7.450
6.425 6.433 6.440 6.446 6.450 6.454 6.457 6.459 6.461 6.462 6.463 6.465 6.468 6.471 6.475 6.481 6.487 6.495 6.503 6.513 6.523 6.534 6.544 6.556 6.568 6.580 6.593 6.607 6.620 6.634 6.648 6.663 6.678 6.693 6.708 6.724 6.740 6.757 6.774 6.791 6.809 6.827 6.845 6.863 6.881 6.898 6.916 6.934 6.952 6.970 6.989 7.008 7.028 7.047 7.067 7.087 7.107 7.128 7.148 7.167 7.187 7.207 7.226 7.247 7.268 7.290 7.312 7.335 7.358 7.381 7.404 7.423 7.436 7.444 7.454 7.475
6.444 6.453 6.461 6.469 6.475 6.480 6.484 6.487 6.489 6.491 6.492 6.494 6.496 6.499 6.502 6.506 6.512 6.518 6.526 6.535 6.544 6.554 6.564 6.574 6.586 6.598 6.610 6.623 6.636 6.650 6.664 6.678 6.692 6.707 6.722 6.737 6.753 6.770 6.787 6.804 6.822 6.840 6.859 6.877 6.895 6.913 6.931 6.949 6.968 6.986 7.005 7.025 7.044 7.064 7.084 7.105 7.125 7.146 7.166 7.186 7.206 7.226 7.246 7.266 7.287 7.309 7.331 7.354 7.377 7.401 7.424 7.444 7.458 7.467 7.477 7.499
6.461 6.472 6.481 6.490 6.497 6.503 6.509 6.513 6.516 6.518 6.520 6.522 6.524 6.526 6.529 6.533 6.538 6.543 6.550 6.558 6.566 6.575 6.584 6.594 6.605 6.616 6.628 6.641 6.653 6.666 6.680 6.693 6.707 6.722 6.736 6.752 6.768 6.784 6.801 6.818 6.836 6.854 6.873 6.892 6.910 6.927 6.946 6.964 6.983 7.002 7.021 7.041 7.061 7.081 7.101 7.122 7.142 7.163 7.184 7.204 7.224 7.244 7.264 7.284 7.305 7.327 7.349 7.372 7.396 7.420 7.444 7.464 7.479 7.489 7.500 7.523
6.477 6.489 6.500 6.509 6.518 6.526 6.532 6.537 6.541 6.545 6.548 6.550 6.552 6.554 6.557 6.560 6.564 6.569 6.575 6.581 6.589 6.597 6.605 6.615 6.625 6.636 6.647 6.659 6.671 6.684 6.697 6.710 6.723 6.737 6.752 6.767 6.782 6.798 6.815 6.832 6.850 6.868 6.887 6.906 6.924 6.942 6.960 6.979 6.998 7.017 7.036 7.056 7.076 7.097 7.117 7.138 7.159 7.180 7.200 7.221 7.241 7.261 7.281 7.301 7.322 7.344 7.367 7.390 7.414 7.438 7.462 7.484 7.499 7.508 7.520 7.545
6.492 6.504 6.516 6.527 6.537 6.546 6.553 6.560 6.565 6.570 6.573 6.576 6.579 6.581 6.584 6.587 6.590 6.595 6.600 6.606 6.613 6.620 6.628 6.636 6.646 6.656 6.667 6.678 6.690 6.702 6.715 6.727 6.740 6.754 6.768 6.782 6.797 6.813 6.829 6.846 6.864 6.882 6.901 6.920 6.938 6.956 6.974 6.993 7.012 7.032 7.051 7.071 7.092 7.112 7.133 7.154 7.175 7.196 7.217 7.238 7.258 7.278 7.298 7.318 7.339 7.360 7.383 7.406 7.431 7.455 7.480 7.501 7.516 7.527 7.541 7.567
6.505 6.519 6.532 6.544 6.555 6.564 6.573 6.581 6.588 6.593 6.598 6.602 6.605 6.608 6.610 6.613 6.617 6.620 6.625 6.631 6.637 6.643 6.650 6.658 6.667 6.677 6.687 6.698 6.710 6.721 6.733 6.745 6.758 6.771 6.785 6.799 6.813 6.829 6.845 6.861 6.879 6.897 6.915 6.934 6.952 6.970 6.989 7.008 7.027 7.046 7.066 7.086 7.106 7.127 7.148 7.169 7.190 7.211 7.233 7.253 7.274 7.294 7.314 7.334 7.354 7.376 7.398 7.421 7.446 7.471 7.495 7.516 7.532 7.545 7.561 7.589
6.518 6.532 6.546 6.559 6.571 6.582 6.592 6.600 6.608 6.615 6.621 6.625 6.630 6.633 6.636 6.639 6.642 6.646 6.650 6.655 6.661 6.667 6.673 6.680 6.689 6.698 6.708 6.719 6.730 6.741 6.753 6.764 6.777 6.789 6.802 6.816 6.830 6.845 6.860 6.877 6.894 6.911 6.930 6.948 6.966 6.984 7.003 7.022 7.041 7.061 7.080 7.100 7.121 7.142 7.162 7.184 7.205 7.226 7.248 7.269 7.289 7.310 7.329 7.349 7.369 7.390 7.412 7.435 7.460 7.485 7.509 7.530 7.548 7.563 7.581 7.611
6.530 6.545 6.559 6.573 6.586 6.598 6.609 6.618 6.627 6.635 6.642 6.648 6.653 6.657 6.661 6.664 6.667 6.671 6.675 6.680 6.685 6.690 6.696 6.703 6.711 6.720 6.729 6.739 6.750 6.761 6.772 6.784 6.796 6.808 6.820 6.834 6.847 6.862 6.877 6.892 6.909 6.926 6.945 6.962 6.980 6.998 7.017 7.036 7.055 7.075 7.094 7.115 7.135 7.156 7.177 7.198 7.219 7.241 7.262 7.284 7.304 7.324 7.344 7.363 7.383 7.404 7.425 7.448 7.472 7.496 7.521 7.543 7.563 7.580 7.602 7.634
6.541 6.556 6.571 6.586 6.600 6.612 6.624 6.635 6.645 6.654 6.662 6.669 6.675 6.680 6.684 6.688 6.692 6.695 6.699 6.704 6.709 6.713 6.718 6.725 6.732 6.741 6.750 6.760 6.770 6.781 6.792 6.803 6.815 6.827 6.839 6.852 6.865 6.879 6.894 6.909 6.925 6.942 6.960 6.977 6.995 7.012 7.031 7.050 7.069 7.088 7.108 7.128 7.149 7.169 7.190 7.212 7.233 7.255 7.276 7.298 7.319 7.339 7.358 7.377 7.396 7.416 7.437 7.459 7.482 7.507 7.532 7.555 7.577 7.598 7.623 7.659
6.551 6.567 6.583 6.598 6.612 6.626 6.639 6.651 6.662 6.671 6.680 6.688 6.695 6.701 6.706 6.711 6.715 6.719 6.723 6.728 6.732 6.736 6.741 6.747 6.754 6.762 6.771 6.781 6.791 6.801 6.812 6.823 6.835 6.846 6.858 6.871 6.883 6.897 6.911 6.926 6.941 6.958 6.975 6.992 7.009 7.027 7.045 7.064 7.083 7.102 7.122 7.142 7.162 7.183 7.204 7.225 7.247 7.268 7.290 7.312 7.333 7.353 7.372 7.390 7.408 7.427 7.448 7.468 7.491 7.516 7.542 7.567 7.592 7.617 7.645 7.684
6.561 6.578 6.594 6.610 6.625 6.639 6.652 6.665 6.677 6.688 6.697 6.706 6.714 6.721 6.727 6.732 6.737 6.741 6.746 6.750 6.754 6.758 6.762 6.768 6.775 6.783 6.791 6.801 6.811 6.821 6.832 6.843 6.854 6.866 6.877 6.890 6.902 6.915 6.929 6.943 6.958 6.974 6.991 7.008 7.024 7.042 7.059 7.078 7.097 7.116 7.135 7.155 7.175 7.196 7.217 7.238 7.260 7.281 7.303 7.325 7.346 7.366 7.384 7.402 7.419 7.437 7.456 7.476 7.499 7.524 7.551 7.579 7.607 7.635 7.667 7.709
6.570 6.587 6.604 6.620 6.636 6.651 6.665 6.678 6.691 6.703 6.713 6.723 6.732 6.740 6.747 6.753 6.758 6.763 6.767 6.772 6.776 6.779 6.784 6.789 6.795 6.803 6.811 6.820 6.830 6.840 6.851 6.862 6.873 6.885 6.897 6.909 6.921 6.934 6.947 6.961 6.975 6.991 7.007 7.023 7.039 7.056 7.074 7.092 7.111 7.129 7.149 7.168 7.188 7.209 7.229 7.251 7.272 7.294 7.316 7.337 7.358 7.378 7.396 7.413 7.429 7.446 7.464 7.483 7.506 7.531 7.559 7.590 7.622 7.654 7.689 7.733
6.579 6.596 6.613 6.630 6.646 6.662 6.677 6.691 6.704 6.717 6.728 6.739 6.749 6.757 6.765 6.772 6.778 6.783 6.788 6.793 6.797 6.800 6.804 6.809 6.816 6.823 6.830 6.839 6.849 6.859 6.870 6.881 6.892 6.904 6.915 6.927 6.939 6.952 6.965 6.978 6.992 7.007 7.023 7.039 7.055 7.071 7.089 7.106 7.124 7.143 7.162 7.181 7.201 7.221 7.242 7.263 7.284 7.306 7.328 7.349 7.370 7.390 7.407 7.423 7.437 7.453 7.471 7.489 7.511 7.537 7.568 7.602 7.636 7.672 7.710 7.757
6.587 6.605 6.622 6.639 6.656 6.672 6.688 6.703 6.717 6.730 6.742 6.754 6.764 6.774 6.782 6.790 6.796 6.802 6.808 6.813 6.817 6.821 6.825 6.829 6.835 6.842 6.849 6.858 6.867 6.877 6.888 6.899 6.910 6.922 6.934 6.946 6.958 6.970 6.983 6.996 7.010 7.024 7.040 7.055 7.071 7.087 7.103 7.121 7.139 7.157 7.175 7.194 7.214 7.234 7.254 7.275 7.296 7.318 7.339 7.361 7.381 7.401 7.417 7.431 7.444 7.460 7.476 7.494 7.517 7.544 7.576 7.613 7.651 7.689 7.730 7.780
6.594 6.612 6.630 6.648 6.665 6.682 6.698 6.713 6.728 6.742 6.755 6.767 6.778 6.789 6.798 6.806 6.814 6.821 6.827 6.832 6.836 6.840 6.844 6.849 6.854 6.860 6.867 6.876 6.885 6.895 6.905 6.916 6.928 6.939 6.951 6.963 6.976 6.988 7.001 7.014 7.027 7.041 7.056 7.071 7.086 7.102 7.118 7.135 7.153 7.171 7.189 7.207 7.226 7.246 7.266 7.286 7.307 7.329 7.350 7.371 7.392 7.410 7.426 7.439 7.451 7.466 7.482 7.500 7.523 7.551 7.585 7.623 7.663 7.705 7.751 7.803
6.601 6.620 6.638 6.656 6.674 6.691 6.707 6.723 6.738 6.753 6.767 6.780 6.792 6.803 6.813 6.822 6.830 6.838 6.844 6.850 6.855 6.859 6.863 6.867 6.872 6.878 6.885 6.893 6.902 6.911 6.922 6.933 6.944 6.956 6.968 6.980 6.993 7.005 7.018 7.031 7.044 7.058 7.073 7.088 7.102 7.117 7.133 7.150 7.167 7.184 7.202 7.220 7.239 7.258 7.278 7.298 7.319 7.340 7.361 7.382 7.401 7.419 7.434 7.446 7.458 7.472 7.488 7.506 7.529 7.559 7.593 7.632 7.675 7.722 7.773 7.827
6.607 6.626 6.645 6.663 6.681 6.699 6.716 6.732 6.748 6.763 6.778 6.791 6.804 6.816 6.827 6.837 6.846 6.854 6.861 6.867 6.873 6.877 6.881 6.885 6.890 6.896 6.902 6.910 6.918 6.928 6.938 6.949 6.960 6.972 6.984 6.997 7.009 7.022 7.035 7.048 7.061 7.075 7.089 7.104 7.118 7.133 7.148 7.164 7.181 7.198 7.216 7.233 7.252 7.270 7.289 7.309 7.329 7.350 7.371 7.391 7.411 7.428 7.442 7.453 7.464 7.478 7.494 7.512 7.536 7.566 7.601 7.640 7.687 7.739 7.796 7.852
6.612 6.632 6.651 6.670 6.688 6.706 6.724 6.741 6.757 6.773 6.788 6.802 6.815 6.828 6.839 6.850 6.860 6.868 6.876 6.884 6.889 6.894 6.898 6.903 6.907 6.913 6.919 6.926 6.934 6.944 6.953 6.964 6.976 6.988 7.000 7.012 7.025 7.038 7.051 7.064 7.077 7.091 7.105 7.119 7.133 7.148 7.163 7.179 7.195 7.212 7.229 7.246 7.264 7.282 7.301 7.320 7.340 7.360 7.380 7.400 7.419 7.436 7.450 7.460 7.471 7.485 7.500 7.518 7.542 7.572 7.608 7.650 7.700 7.758 7.820 7.878
6.617 6.637 6.656 6.676 6.694 6.713 6.731 6.748 6.765 6.781 6.797 6.811 6.825 6.839 6.851 6.862 6.873 6.882 6.891 6.899 6.905 6.910 6.914 6.919 6.924 6.929 6.936 6.942 6.950 6.959 6.969 6.979 6.990 7.002 7.015 7.027 7.040 7.053 7.066 7.079 7.093 7.106 7.121 7.134 7.148 7.163 7.178 7.193 7.209 7.226 7.242 7.259 7.277 7.294 7.312 7.331 7.350 7.370 7.390 7.409 7.428 7.444 7.458 7.468 7.478 7.491 7.507 7.524 7.548 7.579 7.615 7.659 7.714 7.777 7.845 7.906
6.621 6.641 6.661 6.680 6.700 6.718 6.737 6.755 6.772 6.789 6.805 6.820 6.834 6.848 6.861 6.873 6.884 6.895 6.904 6.912 6.919 6.925 6.930 6.935 6.940 6.945 6.951 6.958 6.965 6.974 6.983 6.993 7.005 7.016 7.029 7.041 7.054 7.067 7.081 7.094 7.107 7.121 7.135 7.149 7.163 7.177 7.192 7.207 7.223 7.239 7.256 7.272 7.289 7.306 7.324 7.342 7.360 7.379 7.399 7.418 7.436 7.453 7.466 7.475 7.484 7.498 7.513 7.530 7.555 7.586 7.624 7.670 7.729 7.799 7.873 7.935
6.624 6.644 6.665 6.684 6.704 6.723 6.742 6.760 6.778 6.795 6.811 6.827 6.842 6.857 6.870 6.883 6.895 6.906 6.916 6.925 6.933 6.939 6.944 6.950 6.955 6.960 6.966 6.973 6.980 6.988 6.997 7.007 7.018 7.030 7.042 7.055 7.068 7.081 7.095 7.108 7.122 7.136 7.150 7.163 7.177 7.191 7.206 7.221 7.237 7.253 7.269 7.285 7.301 7.318 7.334 7.352 7.370 7.389 7.408 7.427 7.445 7.461 7.473 7.482 7.491 7.505 7.520 7.537 7.562 7.594 7.634 7.684 7.748 7.823 7.902 7.967
6.626 6.647 6.667 6.688 6.707 6.727 6.746 6.765 6.783 6.800 6.817 6.834 6.849 6.864 6.878 6.892 6.904 6.916 6.927 6.937 6.945 6.951 6.958 6.963 6.969 6.975 6.981 6.987 6.994 7.002 7.011 7.021 7.031 7.043 7.055 7.068 7.081 7.094 7.108 7.121 7.135 7.149 7.163 7.177 7.190 7.204 7.219 7.234 7.250 7.265 7.281 7.297 7.313 7.329 7.345 7.362 7.380 7.398 7.417 7.435 7.453 7.469 7.482 7.490 7.498 7.512 7.527 7.544 7.570 7.603 7.645 7.699 7.767 7.847 7.930 7.998
6.627 6.648 6.669 6.690 6.710 6.730 6.749 6.768 6.787 6.805 6.822 6.839 6.855 6.871 6.885 6.899 6.912 6.925 6.936 6.947 6.956 6.963 6.970 6.976 6.982 6.988 6.994 7.001 7.008 7.016 7.024 7.034 7.044 7.055 7.068 7.080 7.093 7.107 7.120 7.134 7.148 7.162 7.176 7.189 7.203 7.217 7.231 7.247 7.262 7.278 7.293 7.309 7.324 7.340 7.356 7.372 7.389 7.407 7.426 7.444 7.462 7.478 7.490 7.498 7.505 7.519 7.534 7.552 7.578 7.613 7.658 7.716 7.788 7.873 7.963 8.032
6.626 6.648 6.669 6.690 6.711 6.731 6.751 6.771 6.790 6.808 6.826 6.843 6.860 6.876 6.891 6.905 6.919 6.932 6.944 6.956 6.965 6.973 6.981 6.988 6.994 7.001 7.007 7.014 7.021 7.028 7.037 7.046 7.056 7.067 7.079 7.092 7.105 7.118 7.132 7.146 7.160 7.174 7.188 7.201 7.215 7.229 7.243 7.258 7.274 7.289 7.305 7.320 7.335 7.350 7.365 7.381 7.398 7.416 7.435 7.453 7.471 7.486 7.498 7.504 7.512 7.526 7.543 7.561 7.589 7.626 7.675 7.737 7.813 7.906 8.000 8.067
6.624 6.646 6.668 6.690 6.711 6.732 6.752 6.772 6.791 6.810 6.828 6.846 6.863 6.879 6.895 6.910 6.925 6.938 6.951 6.963 6.973 6.982 6.990 6.998 7.005 7.012 7.019 7.026 7.033 7.041 7.049 7.058 7.068 7.079 7.091 7.103 7.116 7.129 7.143 7.157 7.171 7.185 7.199 7.212 7.225 7.239 7.254 7.269 7.284 7.300 7.315 7.330 7.345 7.360 7.375 7.391 7.407 7.425 7.443 7.461 7.479 7.494 7.504 7.511 7.520 7.536 7.554 7.574 7.603 7.644 7.697 7.763 7.847 7.943 8.036 8.101
6.619 6.642 6.665 6.687 6.709 6.730 6.751 6.771 6.791 6.810 6.829 6.847 6.865 6.882 6.898 6.914 6.929 6.943 6.956 6.969 6.980 6.989 6.998 7.007 7.015 7.022 7.030 7.037 7.044 7.052 7.060 7.069 7.079 7.090 7.101 7.113 7.126 7.139 7.153 7.167 7.181 7.195 7.209 7.222 7.235 7.249 7.264 7.279 7.294 7.310 7.325 7.340 7.354 7.369 7.384 7.399 7.416 7.433 7.451 7.469 7.486 7.500 7.510 7.519 7.529 7.548 7.568 7.590 7.623 7.667 7.724 7.796 7.883 7.979 8.071 8.135
6.611 6.635 6.658 6.682 6.704 6.726 6.748 6.769 6.789 6.809 6.828 6.847 6.865 6.882 6.899 6.915 6.931 6.946 6.960 6.974 6.985 6.995 7.005 7.014 7.023 7.031 7.039 7.047 7.054 7.062 7.070 7.079 7.089 7.099 7.111 7.123 7.136 7.149 7.162 7.176 7.190 7.204 7.218 7.231 7.244 7.258 7.273 7.288 7.303 7.318 7.333 7.348 7.363 7.377 7.392 7.407 7.423 7.441 7.459 7.476 7.492 7.506 7.517 7.528 7.541 7.562 7.585 7.612 7.649 7.696 7.756 7.831 7.920 8.014 8.105 8.169
6.598 6.623 6.648 6.673 6.696 6.719 6.742 6.764 6.785 6.805 6.825 6.845 6.863 6.881 6.899 6.915 6.932 6.947 6.962 6.976 6.988 6.999 7.010 7.020 7.029 7.038 7.047 7.055 7.063 7.071 7.079 7.088 7.098 7.108 7.120 7.132 7.144 7.157 7.171 7.184 7.198 7.212 7.226 7.239 7.252 7.266 7.280 7.295 7.311 7.326 7.341 7.356 7.371 7.385 7.399 7.415 7.430 7.447 7.465 7.482 7.498 7.512 7.525 7.538 7.556 7.581 7.608 7.639 7.679 7.730 7.793 7.868 7.955 8.049 8.140 8.203
6.578 6.606 6.633 6.659 6.684 6.708 6.732 6.755 6.777 6.799 6.819 6.840 6.859 6.878 6.896 6.913 6.930 6.947 6.962 6.977 6.989 7.001 7.013 7.024 7.034 7.044 7.053 7.062 7.070 7.079 7.087 7.096 7.106 7.116 7.127 7.139 7.152 7.165 7.178 7.192 7.205 7.219 7.233 7.246 7.259 7.272 7.287 7.302 7.317 7.332 7.348 7.363 7.377 7.392 7.406 7.421 7.436 7.453 7.469 7.486 7.503 7.519 7.535 7.552 7.574 7.603 7.634 7.669 7.714 7.769 7.831 7.904 7.990 8.083 8.176 8.238
