version1/TsunamiDB/out54074.asc
ncols          264
nrows          230
xllcorner      497853.4375
yllcorner      4229146.0000
cellsize         5.
NODATA_value   -99
[rows 0 to 32 of 230, columns 152 to 227 of 264]
5.609 5.630 5.649 5.668 5.688 5.708 5.728 5.747 5.766 5.784 5.802 5.819 5.836 5.852 5.867 5.881 5.895 5.908 5.919 5.931 5.941 5.950 5.959 5.968 5.977 5.984 5.991 5.999 6.008 6.017 6.026 6.036 6.046 6.057 6.068 6.079 6.090 6.100 6.111 6.121 6.131 6.141 6.151 6.160 6.168 6.176 6.185 6.193 6.200 6.206 6.213 6.221 6.229 6.238 6.248 6.258 6.270 6.282 6.295 6.309 6.323 6.339 6.356 6.373 6.391 6.410 6.429 6.449 6.469 6.489 6.510 6.529 6.549 6.568 6.588 6.608
5.611 5.632 5.652 5.671 5.691 5.711 5.731 5.750 5.769 5.788 5.806 5.824 5.842 5.858 5.874 5.889 5.904 5.917 5.930 5.942 5.953 5.964 5.973 5.983 5.991 5.999 6.006 6.014 6.022 6.031 6.040 6.049 6.059 6.069 6.079 6.089 6.100 6.110 6.121 6.131 6.141 6.151 6.160 6.169 6.178 6.186 6.194 6.202 6.209 6.216 6.223 6.230 6.238 6.247 6.256 6.266 6.277 6.288 6.301 6.314 6.328 6.344 6.360 6.377 6.394 6.413 6.432 6.451 6.471 6.492 6.512 6.532 6.551 6.571 6.591 6.611
5.615 5.635 5.654 5.674 5.693 5.713 5.733 5.753 5.772 5.791 5.810 5.828 5.846 5.863 5.880 5.896 5.911 5.926 5.939 5.952 5.964 5.975 5.986 5.996 6.005 6.013 6.020 6.028 6.036 6.044 6.053 6.062 6.071 6.081 6.091 6.101 6.111 6.121 6.131 6.141 6.151 6.161 6.170 6.179 6.188 6.197 6.205 6.212 6.219 6.226 6.232 6.240 6.247 6.256 6.264 6.274 6.284 6.295 6.307 6.320 6.334 6.349 6.364 6.381 6.398 6.416 6.435 6.455 6.474 6.495 6.515 6.535 6.554 6.574 6.594 6.615
5.618 5.638 5.657 5.676 5.696 5.716 5.735 5.755 5.775 5.794 5.813 5.832 5.850 5.868 5.885 5.901 5.917 5.933 5.947 5.961 5.974 5.986 5.997 6.008 6.018 6.026 6.034 6.042 6.050 6.058 6.066 6.075 6.084 6.093 6.102 6.112 6.122 6.132 6.142 6.152 6.162 6.171 6.180 6.190 6.198 6.207 6.215 6.223 6.229 6.236 6.242 6.249 6.257 6.265 6.273 6.282 6.292 6.302 6.314 6.326 6.340 6.354 6.369 6.385 6.402 6.420 6.439 6.458 6.478 6.498 6.519 6.538 6.557 6.578 6.598 6.618
5.622 5.642 5.660 5.679 5.698 5.718 5.737 5.757 5.777 5.796 5.815 5.834 5.853 5.871 5.889 5.906 5.922 5.938 5.953 5.968 5.982 5.995 6.007 6.018 6.029 6.038 6.046 6.054 6.063 6.071 6.079 6.088 6.096 6.105 6.114 6.124 6.133 6.143 6.153 6.162 6.172 6.181 6.191 6.200 6.209 6.217 6.225 6.233 6.240 6.246 6.252 6.259 6.267 6.274 6.282 6.291 6.300 6.310 6.321 6.333 6.346 6.360 6.374 6.390 6.407 6.424 6.442 6.462 6.481 6.502 6.522 6.541 6.561 6.581 6.602 6.622
5.627 5.646 5.664 5.682 5.701 5.720 5.740 5.759 5.779 5.798 5.817 5.836 5.855 5.874 5.892 5.909 5.926 5.943 5.959 5.974 5.988 6.002 6.015 6.027 6.039 6.048 6.057 6.066 6.075 6.083 6.092 6.100 6.109 6.117 6.126 6.135 6.144 6.154 6.163 6.173 6.182 6.192 6.201 6.210 6.219 6.227 6.235 6.243 6.250 6.256 6.263 6.269 6.276 6.284 6.292 6.300 6.309 6.318 6.329 6.340 6.352 6.366 6.380 6.395 6.411 6.429 6.447 6.465 6.485 6.505 6.525 6.544 6.564 6.585 6.605 6.626
5.633 5.651 5.669 5.686 5.705 5.723 5.742 5.762 5.781 5.800 5.819 5.838 5.857 5.876 5.894 5.912 5.930 5.947 5.963 5.979 5.994 6.008 6.022 6.035 6.047 6.058 6.067 6.077 6.086 6.095 6.104 6.112 6.121 6.129 6.138 6.147 6.156 6.165 6.174 6.183 6.193 6.202 6.211 6.220 6.229 6.238 6.246 6.254 6.260 6.266 6.273 6.280 6.287 6.294 6.301 6.309 6.317 6.327 6.336 6.347 6.359 6.372 6.386 6.400 6.416 6.433 6.451 6.469 6.489 6.509 6.529 6.548 6.568 6.589 6.610 6.630
5.640 5.658 5.674 5.691 5.709 5.727 5.746 5.764 5.783 5.802 5.821 5.840 5.859 5.878 5.896 5.915 5.932 5.950 5.967 5.983 5.999 6.014 6.028 6.042 6.054 6.066 6.076 6.086 6.096 6.105 6.114 6.123 6.132 6.140 6.149 6.158 6.167 6.176 6.185 6.194 6.203 6.212 6.221 6.230 6.239 6.248 6.256 6.264 6.270 6.277 6.283 6.290 6.297 6.304 6.311 6.318 6.327 6.335 6.345 6.355 6.366 6.379 6.392 6.406 6.422 6.438 6.455 6.474 6.493 6.513 6.532 6.552 6.572 6.593 6.614 6.635
5.649 5.665 5.681 5.697 5.714 5.732 5.749 5.768 5.786 5.805 5.823 5.842 5.861 5.880 5.898 5.917 5.935 5.952 5.970 5.986 6.002 6.018 6.033 6.047 6.061 6.072 6.083 6.094 6.104 6.114 6.124 6.133 6.142 6.151 6.160 6.168 6.177 6.186 6.195 6.204 6.213 6.222 6.231 6.240 6.249 6.258 6.267 6.274 6.280 6.287 6.294 6.300 6.307 6.314 6.321 6.328 6.336 6.344 6.353 6.363 6.374 6.386 6.398 6.412 6.427 6.443 6.460 6.478 6.497 6.517 6.536 6.556 6.576 6.597 6.618 6.639
5.658 5.674 5.689 5.705 5.721 5.737 5.754 5.772 5.790 5.808 5.826 5.844 5.863 5.882 5.900 5.918 5.937 5.954 5.972 5.989 6.006 6.022 6.037 6.052 6.066 6.078 6.090 6.101 6.112 6.123 6.133 6.142 6.152 6.161 6.169 6.178 6.187 6.196 6.205 6.214 6.223 6.232 6.241 6.250 6.259 6.268 6.277 6.284 6.290 6.297 6.304 6.311 6.317 6.324 6.331 6.338 6.346 6.354 6.362 6.371 6.382 6.393 6.405 6.418 6.433 6.448 6.465 6.483 6.501 6.521 6.540 6.560 6.580 6.601 6.623 6.644
5.669 5.684 5.699 5.713 5.728 5.744 5.761 5.777 5.794 5.812 5.829 5.847 5.866 5.884 5.902 5.920 5.938 5.956 5.974 5.991 6.008 6.025 6.040 6.056 6.070 6.083 6.095 6.107 6.119 6.130 6.140 6.151 6.160 6.170 6.179 6.188 6.197 6.205 6.214 6.223 6.232 6.241 6.251 6.260 6.269 6.277 6.286 6.294 6.300 6.307 6.314 6.321 6.328 6.335 6.341 6.348 6.356 6.363 6.371 6.380 6.390 6.400 6.412 6.425 6.439 6.454 6.470 6.487 6.506 6.525 6.545 6.564 6.584 6.606 6.627 6.649
5.681 5.695 5.709 5.723 5.738 5.753 5.768 5.784 5.800 5.817 5.834 5.851 5.869 5.887 5.904 5.922 5.940 5.958 5.976 5.993 6.010 6.027 6.043 6.059 6.074 6.087 6.100 6.112 6.125 6.136 6.147 6.158 6.168 6.178 6.187 6.196 6.205 6.214 6.223 6.232 6.241 6.250 6.260 6.269 6.278 6.287 6.295 6.303 6.310 6.317 6.324 6.331 6.338 6.345 6.352 6.359 6.366 6.373 6.381 6.389 6.398 6.408 6.420 6.432 6.445 6.460 6.475 6.492 6.510 6.530 6.549 6.568 6.589 6.610 6.631 6.653
5.693 5.707 5.721 5.734 5.748 5.762 5.777 5.792 5.807 5.823 5.839 5.856 5.873 5.890 5.907 5.925 5.943 5.960 5.978 5.995 6.013 6.030 6.046 6.062 6.077 6.090 6.104 6.117 6.130 6.142 6.153 6.165 6.175 6.185 6.195 6.204 6.214 6.223 6.232 6.241 6.250 6.259 6.268 6.277 6.286 6.295 6.304 6.312 6.319 6.327 6.334 6.341 6.348 6.355 6.362 6.369 6.376 6.383 6.390 6.398 6.407 6.417 6.427 6.439 6.452 6.466 6.481 6.498 6.515 6.534 6.553 6.573 6.593 6.614 6.636 6.658
5.706 5.720 5.733 5.746 5.759 5.773 5.787 5.801 5.816 5.831 5.846 5.862 5.878 5.894 5.911 5.928 5.946 5.963 5.980 5.998 6.015 6.032 6.049 6.065 6.080 6.093 6.107 6.121 6.134 6.147 6.159 6.170 6.181 6.192 6.202 6.212 6.221 6.231 6.240 6.249 6.258 6.267 6.276 6.286 6.295 6.304 6.313 6.321 6.328 6.336 6.344 6.351 6.358 6.365 6.372 6.379 6.386 6.393 6.400 6.408 6.416 6.425 6.435 6.446 6.459 6.472 6.487 6.503 6.520 6.539 6.558 6.577 6.597 6.619 6.640 6.663
5.719 5.733 5.745 5.758 5.771 5.785 5.798 5.812 5.826 5.840 5.854 5.869 5.884 5.900 5.916 5.933 5.949 5.966 5.983 6.000 6.017 6.034 6.051 6.067 6.082 6.096 6.111 6.125 6.138 6.151 6.164 6.176 6.187 6.198 6.208 6.219 6.228 6.238 6.247 6.257 6.266 6.275 6.284 6.293 6.303 6.312 6.321 6.330 6.337 6.345 6.353 6.361 6.368 6.375 6.383 6.389 6.396 6.403 6.410 6.418 6.426 6.434 6.444 6.454 6.466 6.479 6.493 6.509 6.526 6.544 6.562 6.581 6.602 6.623 6.645 6.667
5.732 5.745 5.758 5.771 5.784 5.797 5.810 5.823 5.836 5.850 5.864 5.878 5.892 5.907 5.922 5.938 5.954 5.970 5.987 6.003 6.020 6.037 6.053 6.070 6.085 6.099 6.114 6.128 6.142 6.155 6.168 6.180 6.192 6.204 6.214 6.225 6.235 6.245 6.254 6.264 6.273 6.282 6.292 6.301 6.310 6.320 6.329 6.338 6.345 6.354 6.362 6.370 6.378 6.385 6.393 6.400 6.407 6.413 6.420 6.428 6.435 6.443 6.452 6.462 6.474 6.486 6.500 6.515 6.531 6.549 6.567 6.586 6.606 6.627 6.649 6.672
5.744 5.757 5.770 5.783 5.797 5.810 5.823 5.835 5.848 5.861 5.874 5.887 5.901 5.915 5.929 5.944 5.960 5.975 5.991 6.007 6.023 6.040 6.056 6.072 6.088 6.102 6.117 6.131 6.145 6.159 6.172 6.185 6.197 6.209 6.220 6.231 6.241 6.251 6.261 6.270 6.280 6.289 6.299 6.308 6.318 6.327 6.337 6.345 6.353 6.362 6.370 6.379 6.387 6.395 6.402 6.410 6.417 6.424 6.431 6.438 6.445 6.453 6.461 6.471 6.481 6.493 6.506 6.521 6.537 6.554 6.572 6.590 6.610 6.632 6.654 6.677
5.756 5.769 5.782 5.796 5.809 5.822 5.835 5.848 5.861 5.873 5.886 5.898 5.911 5.925 5.938 5.952 5.966 5.981 5.996 6.012 6.028 6.043 6.060 6.076 6.091 6.105 6.120 6.134 6.149 6.163 6.176 6.189 6.202 6.213 6.225 6.236 6.247 6.257 6.267 6.277 6.286 6.296 6.305 6.315 6.325 6.334 6.344 6.353 6.361 6.370 6.378 6.387 6.396 6.404 6.412 6.419 6.427 6.434 6.441 6.448 6.455 6.462 6.471 6.480 6.490 6.501 6.513 6.527 6.543 6.560 6.577 6.595 6.615 6.636 6.658 6.681
5.767 5.781 5.794 5.808 5.822 5.835 5.848 5.861 5.873 5.886 5.898 5.910 5.923 5.935 5.948 5.961 5.975 5.989 6.003 6.018 6.033 6.048 6.064 6.079 6.094 6.108 6.123 6.138 6.152 6.166 6.180 6.193 6.206 6.218 6.230 6.241 6.252 6.262 6.273 6.283 6.292 6.302 6.312 6.321 6.331 6.341 6.351 6.360 6.368 6.377 6.386 6.395 6.404 6.413 6.421 6.429 6.436 6.444 6.451 6.458 6.465 6.472 6.480 6.489 6.498 6.509 6.521 6.534 6.549 6.565 6.582 6.600 6.619 6.640 6.663 6.686
5.778 5.792 5.806 5.820 5.834 5.847 5.861 5.874 5.886 5.898 5.911 5.923 5.935 5.947 5.959 5.971 5.984 5.997 6.011 6.025 6.039 6.054 6.069 6.084 6.098 6.112 6.127 6.141 6.156 6.170 6.184 6.197 6.210 6.222 6.234 6.246 6.257 6.268 6.278 6.288 6.298 6.308 6.318 6.328 6.338 6.347 6.357 6.367 6.375 6.384 6.394 6.403 6.412 6.421 6.430 6.438 6.446 6.453 6.461 6.468 6.475 6.482 6.490 6.498 6.507 6.517 6.528 6.541 6.555 6.571 6.587 6.604 6.624 6.645 6.667 6.690
5.789 5.803 5.817 5.831 5.845 5.859 5.873 5.886 5.899 5.911 5.923 5.935 5.947 5.959 5.970 5.982 5.994 6.007 6.020 6.033 6.046 6.060 6.075 6.089 6.103 6.117 6.131 6.145 6.160 6.174 6.188 6.201 6.214 6.227 6.239 6.250 6.262 6.273 6.283 6.294 6.304 6.314 6.324 6.334 6.344 6.354 6.364 6.373 6.382 6.391 6.401 6.410 6.420 6.429 6.438 6.447 6.455 6.463 6.470 6.478 6.485 6.492 6.499 6.507 6.516 6.525 6.536 6.548 6.562 6.577 6.592 6.609 6.628 6.649 6.671 6.694
5.799 5.814 5.827 5.842 5.856 5.870 5.884 5.898 5.911 5.924 5.936 5.948 5.960 5.971 5.983 5.994 6.006 6.017 6.030 6.042 6.055 6.068 6.082 6.096 6.109 6.122 6.136 6.150 6.164 6.178 6.192 6.205 6.218 6.231 6.243 6.255 6.267 6.278 6.288 6.299 6.309 6.319 6.329 6.339 6.349 6.359 6.370 6.379 6.388 6.398 6.407 6.417 6.427 6.437 6.446 6.455 6.464 6.472 6.480 6.487 6.495 6.502 6.509 6.517 6.525 6.534 6.544 6.556 6.569 6.583 6.598 6.614 6.633 6.654 6.676 6.699
5.809 5.824 5.838 5.852 5.867 5.881 5.895 5.909 5.923 5.936 5.948 5.960 5.972 5.984 5.995 6.006 6.018 6.029 6.040 6.052 6.064 6.077 6.090 6.103 6.116 6.128 6.141 6.155 6.169 6.183 6.196 6.210 6.223 6.235 6.248 6.260 6.271 6.282 6.293 6.304 6.314 6.324 6.335 6.345 6.355 6.365 6.375 6.385 6.394 6.404 6.414 6.424 6.434 6.444 6.454 6.463 6.472 6.481 6.489 6.497 6.504 6.511 6.519 6.526 6.534 6.543 6.552 6.563 6.576 6.589 6.603 6.619 6.638 6.658 6.680 6.703
5.820 5.834 5.848 5.863 5.877 5.892 5.906 5.920 5.934 5.947 5.960 5.972 5.985 5.996 6.008 6.019 6.030 6.041 6.052 6.063 6.075 6.087 6.099 6.111 6.123 6.135 6.148 6.161 6.174 6.188 6.201 6.214 6.227 6.240 6.252 6.264 6.276 6.287 6.298 6.309 6.319 6.330 6.340 6.350 6.360 6.371 6.381 6.390 6.400 6.410 6.420 6.430 6.441 6.451 6.461 6.471 6.480 6.489 6.498 6.506 6.513 6.521 6.528 6.536 6.543 6.552 6.561 6.571 6.583 6.595 6.609 6.625 6.642 6.662 6.684 6.707
5.831 5.845 5.859 5.873 5.888 5.902 5.916 5.931 5.945 5.958 5.971 5.984 5.996 6.008 6.020 6.031 6.042 6.053 6.064 6.075 6.086 6.097 6.109 6.121 6.132 6.143 6.155 6.168 6.181 6.194 6.207 6.219 6.232 6.245 6.257 6.269 6.281 6.292 6.303 6.314 6.324 6.334 6.345 6.355 6.365 6.376 6.386 6.396 6.405 6.415 6.426 6.436 6.447 6.457 6.468 6.478 6.488 6.497 6.506 6.514 6.522 6.530 6.538 6.545 6.552 6.560 6.569 6.579 6.590 6.602 6.615 6.630 6.647 6.666 6.688 6.710
5.842 5.856 5.869 5.883 5.898 5.912 5.927 5.941 5.955 5.969 5.982 5.995 6.008 6.020 6.032 6.043 6.055 6.066 6.076 6.087 6.098 6.109 6.120 6.131 6.141 6.152 6.163 6.175 6.188 6.200 6.213 6.225 6.238 6.250 6.262 6.274 6.285 6.297 6.308 6.318 6.329 6.339 6.350 6.360 6.371 6.381 6.391 6.400 6.410 6.420 6.431 6.442 6.453 6.464 6.474 6.485 6.495 6.505 6.514 6.523 6.531 6.539 6.547 6.554 6.562 6.569 6.578 6.587 6.597 6.608 6.621 6.635 6.652 6.671 6.691 6.714
5.853 5.867 5.880 5.894 5.908 5.922 5.937 5.951 5.965 5.979 5.992 6.006 6.019 6.031 6.043 6.055 6.067 6.078 6.089 6.099 6.110 6.120 6.131 6.142 6.152 6.161 6.172 6.184 6.195 6.207 6.219 6.232 6.244 6.256 6.267 6.279 6.290 6.302 6.313 6.323 6.334 6.344 6.355 6.365 6.375 6.386 6.396 6.405 6.415 6.426 6.436 6.447 6.458 6.469 6.480 6.491 6.502 6.512 6.521 6.531 6.539 6.548 6.555 6.563 6.570 6.578 6.586 6.595 6.605 6.615 6.626 6.640 6.656 6.674 6.695 6.717
5.865 5.878 5.891 5.905 5.919 5.933 5.947 5.961 5.975 5.989 6.003 6.016 6.029 6.042 6.054 6.067 6.078 6.090 6.101 6.111 6.122 6.132 6.143 6.153 6.162 6.172 6.182 6.193 6.204 6.215 6.227 6.239 6.250 6.262 6.273 6.285 6.296 6.307 6.318 6.328 6.339 6.349 6.359 6.370 6.380 6.391 6.401 6.410 6.420 6.430 6.441 6.452 6.464 6.475 6.486 6.497 6.508 6.518 6.529 6.538 6.547 6.556 6.564 6.572 6.579 6.587 6.594 6.603 6.612 6.622 6.632 6.645 6.660 6.678 6.698 6.719
5.877 5.890 5.903 5.916 5.930 5.943 5.957 5.971 5.985 5.999 6.012 6.026 6.039 6.052 6.065 6.077 6.089 6.101 6.112 6.123 6.134 6.144 6.155 6.165 6.173 6.182 6.192 6.203 6.213 6.224 6.235 6.246 6.257 6.268 6.280 6.291 6.302 6.312 6.323 6.333 6.344 6.354 6.364 6.374 6.385 6.395 6.405 6.415 6.425 6.435 6.446 6.457 6.469 6.480 6.492 6.503 6.514 6.525 6.535 6.545 6.555 6.564 6.572 6.580 6.587 6.595 6.602 6.610 6.619 6.628 6.638 6.650 6.664 6.681 6.700 6.721
5.890 5.902 5.915 5.928 5.941 5.954 5.968 5.981 5.995 6.009 6.022 6.036 6.049 6.062 6.075 6.088 6.100 6.112 6.123 6.134 6.145 6.156 6.167 6.176 6.184 6.194 6.203 6.213 6.223 6.233 6.244 6.254 6.265 6.276 6.286 6.297 6.308 6.318 6.329 6.339 6.349 6.359 6.369 6.379 6.390 6.400 6.410 6.419 6.429 6.440 6.451 6.462 6.474 6.485 6.497 6.508 6.520 6.531 6.542 6.552 6.562 6.571 6.580 6.588 6.595 6.603 6.610 6.618 6.626 6.635 6.644 6.655 6.668 6.684 6.702 6.722
5.902 5.914 5.926 5.939 5.952 5.965 5.979 5.992 6.005 6.019 6.032 6.046 6.059 6.072 6.085 6.098 6.110 6.122 6.134 6.145 6.157 6.167 6.178 6.187 6.196 6.205 6.214 6.224 6.233 6.243 6.253 6.263 6.273 6.284 6.294 6.304 6.314 6.324 6.335 6.345 6.354 6.364 6.374 6.384 6.394 6.405 6.414 6.424 6.434 6.444 6.455 6.467 6.478 6.490 6.502 6.513 6.525 6.536 6.548 6.558 6.568 6.578 6.587 6.595 6.603 6.611 6.618 6.625 6.633 6.641 6.649 6.659 6.671 6.686 6.703 6.723
5.914 5.926 5.938 5.951 5.964 5.977 5.990 6.003 6.016 6.029 6.042 6.055 6.069 6.082 6.095 6.107 6.120 6.132 6.144 6.156 6.167 6.178 6.189 6.198 6.207 6.216 6.225 6.235 6.244 6.253 6.263 6.273 6.282 6.292 6.302 6.312 6.321 6.331 6.341 6.351 6.360 6.370 6.380 6.389 6.399 6.410 6.419 6.428 6.438 6.449 6.460 6.471 6.483 6.494 6.506 6.518 6.530 6.542 6.553 6.564 6.575 6.584 6.594 6.602 6.610 6.618 6.625 6.632 6.639 6.646 6.654 6.663 6.674 6.688 6.704 6.722
5.924 5.937 5.950 5.963 5.976 5.988 6.001 6.014 6.027 6.039 6.052 6.065 6.078 6.091 6.104 6.117 6.130 6.142 6.154 6.166 6.178 6.189 6.200 6.209 6.218 6.227 6.236 6.245 6.255 6.264 6.273 6.282 6.292 6.301 6.310 6.320 6.329 6.338 6.348 6.357 6.367 6.376 6.385 6.395 6.405 6.415 6.424 6.433 6.443 6.453 6.464 6.476 6.487 6.499 6.511 6.523 6.535 6.547 6.558 6.570 6.580 6.591 6.600 6.609 6.617 6.625 6.632 6.639 6.646 6.652 6.658 6.667 6.677 6.689 6.704 6.722
