version1/TsunamiDB/out54108.asc
ncols          264
nrows          230
xllcorner      497853.4375
yllcorner      4229146.0000
cellsize         5.
NODATA_value   -99
[rows 34 to 67 of 230, columns 154 to 230 of 264]
6.377 6.379 6.382 6.384 6.386 6.388 6.390 6.392 6.394 6.396 6.399 6.402 6.405 6.409 6.413 6.417 6.421 6.426 6.430 6.435 6.440 6.445 6.449 6.452 6.456 6.460 6.463 6.467 6.471 6.475 6.479 6.483 6.487 6.491 6.495 6.499 6.504 6.508 6.512 6.516 6.520 6.525 6.529 6.534 6.538 6.541 6.545 6.548 6.551 6.555 6.558 6.562 6.566 6.570 6.573 6.577 6.581 6.584 6.588 6.591 6.594 6.598 6.601 6.603 6.606 6.608 6.609 6.609 6.608 6.605 6.601 6.597 6.593 6.590 6.590 6.592 6.597
6.386 6.389 6.392 6.394 6.397 6.399 6.401 6.403 6.405 6.407 6.410 6.412 6.416 6.419 6.423 6.427 6.431 6.435 6.440 6.445 6.450 6.454 6.458 6.461 6.465 6.468 6.472 6.476 6.480 6.483 6.487 6.491 6.495 6.499 6.503 6.507 6.511 6.515 6.519 6.523 6.528 6.532 6.536 6.541 6.545 6.548 6.551 6.555 6.558 6.562 6.565 6.569 6.573 6.576 6.580 6.584 6.587 6.591 6.594 6.598 6.601 6.604 6.607 6.610 6.612 6.614 6.615 6.614 6.612 6.608 6.604 6.598 6.592 6.589 6.587 6.589 6.594
6.395 6.398 6.402 6.404 6.407 6.409 6.412 6.414 6.416 6.418 6.421 6.423 6.426 6.429 6.433 6.436 6.440 6.445 6.449 6.454 6.459 6.463 6.467 6.470 6.474 6.477 6.481 6.485 6.489 6.492 6.496 6.500 6.504 6.507 6.511 6.515 6.519 6.523 6.527 6.531 6.535 6.539 6.544 6.548 6.552 6.555 6.559 6.562 6.565 6.569 6.572 6.576 6.579 6.583 6.587 6.590 6.594 6.597 6.601 6.604 6.607 6.610 6.613 6.616 6.618 6.619 6.620 6.619 6.616 6.612 6.606 6.599 6.592 6.587 6.585 6.587 6.592
6.403 6.407 6.411 6.414 6.417 6.420 6.422 6.424 6.427 6.429 6.431 6.434 6.436 6.439 6.443 6.446 6.450 6.454 6.459 6.463 6.468 6.472 6.476 6.479 6.483 6.487 6.490 6.494 6.498 6.501 6.505 6.509 6.512 6.516 6.520 6.524 6.527 6.531 6.535 6.539 6.543 6.547 6.552 6.556 6.560 6.563 6.566 6.569 6.573 6.576 6.580 6.583 6.587 6.590 6.594 6.597 6.601 6.604 6.608 6.611 6.614 6.617 6.619 6.622 6.624 6.625 6.625 6.624 6.620 6.615 6.608 6.600 6.592 6.587 6.584 6.585 6.591
6.411 6.415 6.419 6.423 6.426 6.429 6.432 6.435 6.437 6.439 6.442 6.444 6.447 6.450 6.453 6.456 6.460 6.464 6.468 6.472 6.477 6.481 6.485 6.489 6.492 6.496 6.499 6.503 6.507 6.510 6.514 6.518 6.521 6.525 6.529 6.532 6.536 6.540 6.544 6.548 6.552 6.556 6.560 6.564 6.568 6.571 6.574 6.577 6.580 6.584 6.587 6.591 6.594 6.598 6.601 6.605 6.608 6.611 6.615 6.618 6.621 6.623 6.626 6.628 6.629 6.630 6.631 6.629 6.624 6.618 6.610 6.601 6.593 6.587 6.584 6.585 6.591
6.418 6.423 6.427 6.432 6.435 6.439 6.442 6.445 6.447 6.450 6.452 6.454 6.457 6.460 6.463 6.466 6.469 6.473 6.477 6.482 6.486 6.491 6.494 6.498 6.501 6.505 6.508 6.512 6.516 6.520 6.523 6.527 6.531 6.534 6.538 6.541 6.545 6.549 6.553 6.556 6.560 6.564 6.568 6.573 6.576 6.579 6.582 6.585 6.589 6.592 6.595 6.598 6.602 6.605 6.609 6.612 6.615 6.619 6.622 6.625 6.627 6.630 6.632 6.634 6.635 6.636 6.636 6.633 6.628 6.622 6.613 6.604 6.594 6.588 6.585 6.586 6.593
6.425 6.430 6.435 6.439 6.444 6.448 6.451 6.454 6.457 6.460 6.462 6.465 6.467 6.470 6.472 6.475 6.479 6.482 6.486 6.491 6.495 6.499 6.503 6.506 6.510 6.514 6.518 6.521 6.525 6.529 6.533 6.536 6.540 6.543 6.547 6.551 6.554 6.558 6.562 6.565 6.569 6.573 6.577 6.582 6.585 6.588 6.591 6.594 6.597 6.600 6.603 6.607 6.610 6.613 6.617 6.620 6.623 6.626 6.629 6.632 6.634 6.637 6.639 6.640 6.641 6.642 6.641 6.638 6.633 6.626 6.617 6.607 6.597 6.590 6.587 6.588 6.594
6.431 6.437 6.442 6.447 6.452 6.456 6.460 6.463 6.466 6.469 6.472 6.474 6.477 6.479 6.482 6.485 6.488 6.492 6.496 6.500 6.504 6.508 6.512 6.515 6.519 6.523 6.526 6.530 6.534 6.538 6.542 6.545 6.549 6.553 6.556 6.560 6.564 6.567 6.571 6.575 6.579 6.583 6.587 6.591 6.594 6.597 6.600 6.603 6.606 6.609 6.612 6.615 6.618 6.622 6.625 6.628 6.631 6.634 6.637 6.639 6.641 6.644 6.645 6.647 6.648 6.648 6.647 6.643 6.638 6.631 6.621 6.610 6.600 6.593 6.589 6.590 6.597
6.437 6.443 6.449 6.454 6.459 6.464 6.468 6.472 6.475 6.478 6.481 6.484 6.486 6.489 6.492 6.494 6.498 6.501 6.505 6.509 6.513 6.517 6.520 6.524 6.527 6.531 6.535 6.539 6.543 6.547 6.551 6.555 6.558 6.562 6.566 6.570 6.573 6.577 6.581 6.584 6.588 6.592 6.597 6.601 6.604 6.606 6.609 6.612 6.615 6.618 6.621 6.624 6.627 6.630 6.633 6.636 6.639 6.642 6.644 6.647 6.649 6.651 6.652 6.653 6.654 6.654 6.652 6.649 6.644 6.636 6.626 6.615 6.604 6.596 6.593 6.593 6.601
6.442 6.449 6.455 6.461 6.466 6.471 6.475 6.480 6.483 6.487 6.490 6.493 6.496 6.498 6.501 6.504 6.507 6.510 6.514 6.518 6.522 6.525 6.529 6.532 6.536 6.540 6.543 6.548 6.552 6.556 6.560 6.564 6.568 6.571 6.575 6.579 6.583 6.586 6.590 6.594 6.598 6.602 6.607 6.610 6.613 6.616 6.619 6.622 6.625 6.627 6.630 6.633 6.636 6.639 6.642 6.645 6.648 6.650 6.652 6.655 6.656 6.658 6.659 6.660 6.661 6.660 6.659 6.655 6.650 6.642 6.632 6.620 6.609 6.601 6.597 6.598 6.606
6.447 6.454 6.461 6.467 6.472 6.478 6.483 6.487 6.491 6.495 6.498 6.502 6.505 6.507 6.510 6.513 6.516 6.519 6.522 6.526 6.531 6.534 6.537 6.540 6.544 6.548 6.552 6.556 6.560 6.564 6.568 6.572 6.576 6.580 6.584 6.588 6.592 6.596 6.600 6.604 6.608 6.612 6.616 6.620 6.623 6.626 6.629 6.632 6.634 6.637 6.640 6.643 6.646 6.648 6.651 6.654 6.656 6.659 6.661 6.663 6.664 6.666 6.667 6.667 6.668 6.667 6.666 6.662 6.657 6.649 6.639 6.627 6.615 6.606 6.602 6.604 6.613
6.452 6.459 6.466 6.472 6.479 6.484 6.490 6.494 6.499 6.503 6.507 6.510 6.513 6.516 6.519 6.522 6.525 6.528 6.531 6.535 6.539 6.542 6.545 6.548 6.552 6.556 6.560 6.564 6.568 6.572 6.577 6.581 6.585 6.589 6.593 6.597 6.601 6.605 6.609 6.613 6.618 6.622 6.626 6.630 6.633 6.636 6.639 6.641 6.644 6.647 6.650 6.653 6.655 6.658 6.660 6.663 6.665 6.667 6.669 6.671 6.672 6.674 6.674 6.675 6.675 6.675 6.673 6.670 6.665 6.657 6.647 6.634 6.621 6.613 6.609 6.611 6.622
6.457 6.464 6.471 6.478 6.484 6.490 6.496 6.501 6.506 6.510 6.514 6.518 6.521 6.524 6.527 6.530 6.533 6.536 6.540 6.544 6.547 6.550 6.553 6.556 6.560 6.563 6.567 6.572 6.576 6.580 6.585 6.589 6.593 6.598 6.602 6.606 6.610 6.614 6.619 6.623 6.627 6.631 6.636 6.640 6.643 6.646 6.649 6.651 6.654 6.657 6.660 6.662 6.665 6.668 6.670 6.672 6.674 6.676 6.678 6.680 6.681 6.682 6.683 6.683 6.683 6.683 6.681 6.678 6.673 6.666 6.655 6.642 6.629 6.621 6.618 6.621 6.633
6.462 6.469 6.476 6.483 6.490 6.496 6.502 6.508 6.513 6.517 6.522 6.526 6.529 6.532 6.536 6.539 6.542 6.545 6.548 6.552 6.555 6.558 6.561 6.564 6.567 6.571 6.575 6.579 6.583 6.588 6.592 6.597 6.601 6.606 6.610 6.615 6.619 6.623 6.628 6.632 6.636 6.641 6.645 6.649 6.653 6.656 6.659 6.661 6.664 6.667 6.670 6.672 6.675 6.677 6.680 6.682 6.684 6.686 6.687 6.689 6.690 6.691 6.691 6.692 6.692 6.692 6.691 6.687 6.683 6.675 6.664 6.651 6.638 6.631 6.629 6.633 6.648
6.466 6.474 6.481 6.488 6.495 6.502 6.508 6.514 6.519 6.524 6.529 6.533 6.537 6.540 6.544 6.547 6.550 6.553 6.556 6.560 6.563 6.566 6.568 6.571 6.575 6.578 6.582 6.586 6.591 6.595 6.600 6.604 6.609 6.614 6.618 6.623 6.627 6.632 6.636 6.641 6.645 6.650 6.655 6.659 6.662 6.665 6.668 6.671 6.674 6.677 6.680 6.682 6.685 6.687 6.690 6.692 6.694 6.695 6.697 6.698 6.699 6.700 6.701 6.701 6.702 6.702 6.701 6.698 6.693 6.686 6.675 6.662 6.650 6.644 6.643 6.648 6.665
6.471 6.479 6.486 6.493 6.500 6.507 6.514 6.520 6.525 6.530 6.535 6.540 6.544 6.548 6.551 6.554 6.558 6.561 6.564 6.568 6.571 6.573 6.576 6.579 6.582 6.586 6.590 6.594 6.598 6.602 6.607 6.612 6.616 6.621 6.626 6.631 6.635 6.640 6.645 6.649 6.654 6.659 6.664 6.668 6.671 6.675 6.678 6.681 6.684 6.687 6.690 6.692 6.695 6.697 6.699 6.702 6.703 6.705 6.707 6.708 6.709 6.710 6.711 6.712 6.712 6.712 6.711 6.709 6.705 6.698 6.688 6.675 6.663 6.658 6.659 6.667 6.686
6.475 6.483 6.491 6.498 6.505 6.512 6.519 6.525 6.531 6.537 6.542 6.546 6.551 6.555 6.559 6.562 6.565 6.569 6.572 6.575 6.578 6.581 6.583 6.586 6.589 6.593 6.597 6.601 6.605 6.609 6.614 6.619 6.624 6.628 6.633 6.638 6.643 6.648 6.652 6.657 6.662 6.667 6.672 6.677 6.680 6.684 6.687 6.690 6.693 6.696 6.699 6.702 6.705 6.707 6.709 6.712 6.713 6.715 6.717 6.718 6.719 6.720 6.721 6.722 6.723 6.724 6.723 6.721 6.717 6.711 6.702 6.690 6.679 6.676 6.678 6.688 6.708
6.480 6.488 6.496 6.503 6.511 6.518 6.524 6.531 6.537 6.543 6.548 6.553 6.558 6.562 6.566 6.569 6.573 6.576 6.580 6.583 6.586 6.588 6.591 6.594 6.597 6.600 6.604 6.608 6.612 6.616 6.621 6.626 6.630 6.635 6.640 6.645 6.650 6.655 6.660 6.665 6.670 6.675 6.680 6.685 6.689 6.692 6.696 6.699 6.702 6.706 6.709 6.712 6.714 6.717 6.719 6.722 6.724 6.725 6.727 6.729 6.730 6.731 6.733 6.734 6.735 6.736 6.736 6.734 6.731 6.726 6.717 6.706 6.697 6.695 6.699 6.710 6.732
6.485 6.493 6.501 6.508 6.516 6.523 6.530 6.536 6.543 6.548 6.554 6.559 6.564 6.568 6.573 6.576 6.580 6.584 6.587 6.591 6.594 6.596 6.598 6.601 6.604 6.607 6.611 6.614 6.619 6.623 6.627 6.632 6.637 6.642 6.647 6.652 6.657 6.662 6.667 6.672 6.677 6.683 6.688 6.693 6.697 6.701 6.704 6.708 6.711 6.715 6.718 6.721 6.724 6.727 6.729 6.732 6.734 6.736 6.738 6.740 6.741 6.743 6.745 6.746 6.748 6.749 6.749 6.749 6.747 6.742 6.735 6.725 6.717 6.716 6.722 6.734 6.757
6.490 6.498 6.506 6.513 6.521 6.528 6.535 6.542 6.548 6.554 6.560 6.565 6.570 6.575 6.579 6.583 6.587 6.591 6.594 6.598 6.601 6.603 6.606 6.608 6.611 6.614 6.617 6.621 6.625 6.630 6.634 6.639 6.644 6.649 6.654 6.659 6.664 6.669 6.674 6.679 6.685 6.690 6.695 6.700 6.705 6.709 6.712 6.716 6.720 6.723 6.727 6.730 6.733 6.736 6.739 6.742 6.744 6.747 6.749 6.751 6.753 6.755 6.757 6.759 6.761 6.763 6.764 6.764 6.763 6.760 6.753 6.745 6.738 6.739 6.745 6.758 6.782
6.495 6.503 6.511 6.518 6.526 6.533 6.540 6.547 6.554 6.560 6.566 6.571 6.577 6.581 6.586 6.590 6.594 6.598 6.602 6.605 6.608 6.611 6.613 6.616 6.618 6.621 6.624 6.628 6.632 6.636 6.641 6.645 6.650 6.655 6.660 6.665 6.670 6.675 6.681 6.686 6.692 6.697 6.703 6.708 6.712 6.716 6.720 6.724 6.728 6.732 6.736 6.739 6.743 6.746 6.749 6.752 6.755 6.758 6.760 6.763 6.765 6.767 6.770 6.772 6.775 6.778 6.780 6.780 6.781 6.779 6.773 6.766 6.761 6.762 6.770 6.783 6.808
6.500 6.508 6.516 6.524 6.531 6.539 6.546 6.553 6.559 6.566 6.572 6.577 6.583 6.588 6.593 6.597 6.601 6.605 6.609 6.613 6.616 6.618 6.620 6.623 6.625 6.628 6.632 6.635 6.639 6.643 6.647 6.652 6.657 6.661 6.666 6.672 6.677 6.682 6.687 6.693 6.698 6.704 6.710 6.715 6.719 6.724 6.728 6.732 6.736 6.740 6.744 6.748 6.752 6.755 6.759 6.762 6.766 6.769 6.772 6.775 6.777 6.780 6.783 6.787 6.790 6.794 6.796 6.798 6.799 6.799 6.795 6.789 6.784 6.786 6.794 6.808 6.832
6.505 6.513 6.521 6.529 6.537 6.544 6.551 6.558 6.565 6.571 6.578 6.583 6.589 6.594 6.599 6.604 6.608 6.612 6.616 6.620 6.623 6.625 6.628 6.630 6.633 6.636 6.639 6.642 6.646 6.650 6.654 6.658 6.663 6.668 6.673 6.678 6.683 6.688 6.694 6.699 6.705 6.711 6.717 6.722 6.727 6.731 6.736 6.740 6.744 6.749 6.753 6.757 6.761 6.765 6.769 6.773 6.776 6.780 6.783 6.787 6.790 6.794 6.798 6.801 6.806 6.810 6.813 6.816 6.819 6.819 6.817 6.811 6.807 6.810 6.818 6.832 6.857
6.511 6.519 6.527 6.534 6.542 6.550 6.557 6.564 6.571 6.577 6.584 6.590 6.595 6.600 6.605 6.610 6.615 6.619 6.623 6.627 6.630 6.633 6.635 6.638 6.640 6.643 6.646 6.649 6.653 6.657 6.661 6.665 6.670 6.674 6.679 6.684 6.690 6.695 6.700 6.706 6.712 6.718 6.724 6.729 6.734 6.738 6.743 6.748 6.752 6.757 6.761 6.766 6.770 6.775 6.779 6.783 6.787 6.792 6.796 6.800 6.804 6.808 6.812 6.817 6.822 6.827 6.831 6.835 6.839 6.841 6.839 6.834 6.831 6.835 6.843 6.857 6.882
6.516 6.524 6.532 6.540 6.548 6.555 6.563 6.570 6.577 6.583 6.590 6.596 6.601 6.607 6.612 6.617 6.621 6.626 6.630 6.634 6.638 6.640 6.643 6.645 6.648 6.650 6.653 6.656 6.660 6.664 6.668 6.672 6.676 6.681 6.686 6.691 6.696 6.701 6.707 6.712 6.718 6.724 6.731 6.736 6.741 6.746 6.751 6.756 6.760 6.765 6.770 6.775 6.780 6.785 6.790 6.794 6.799 6.804 6.808 6.813 6.817 6.822 6.827 6.833 6.839 6.844 6.850 6.855 6.860 6.863 6.862 6.858 6.855 6.859 6.868 6.882 6.908
6.522 6.530 6.538 6.546 6.554 6.561 6.569 6.576 6.583 6.589 6.596 6.602 6.608 6.613 6.618 6.623 6.628 6.633 6.637 6.642 6.645 6.648 6.650 6.653 6.655 6.658 6.661 6.664 6.667 6.671 6.675 6.679 6.683 6.688 6.693 6.698 6.703 6.708 6.714 6.719 6.725 6.732 6.738 6.743 6.748 6.753 6.758 6.764 6.769 6.774 6.779 6.784 6.790 6.795 6.800 6.805 6.811 6.816 6.821 6.826 6.832 6.837 6.843 6.849 6.856 6.863 6.869 6.875 6.881 6.885 6.885 6.882 6.880 6.884 6.893 6.909 6.935
6.528 6.536 6.544 6.552 6.560 6.567 6.574 6.582 6.589 6.595 6.602 6.608 6.614 6.620 6.625 6.630 6.635 6.640 6.644 6.649 6.652 6.655 6.658 6.660 6.663 6.665 6.668 6.671 6.674 6.678 6.682 6.686 6.690 6.695 6.699 6.704 6.710 6.715 6.720 6.726 6.732 6.739 6.745 6.750 6.756 6.761 6.766 6.772 6.777 6.783 6.789 6.794 6.800 6.805 6.811 6.817 6.823 6.828 6.834 6.840 6.846 6.852 6.859 6.866 6.874 6.881 6.888 6.896 6.903 6.908 6.909 6.906 6.905 6.910 6.920 6.936 6.962
6.534 6.542 6.550 6.558 6.565 6.573 6.580 6.588 6.595 6.601 6.608 6.614 6.620 6.626 6.632 6.637 6.642 6.647 6.652 6.656 6.660 6.662 6.665 6.668 6.670 6.673 6.676 6.679 6.682 6.685 6.689 6.693 6.697 6.702 6.707 6.711 6.717 6.722 6.728 6.734 6.740 6.746 6.753 6.758 6.764 6.769 6.775 6.780 6.786 6.792 6.798 6.804 6.810 6.816 6.823 6.829 6.835 6.841 6.848 6.854 6.861 6.868 6.875 6.883 6.892 6.900 6.908 6.916 6.924 6.930 6.933 6.931 6.930 6.936 6.946 6.962 6.989
6.540 6.548 6.556 6.564 6.572 6.579 6.587 6.594 6.601 6.608 6.614 6.621 6.627 6.633 6.638 6.644 6.649 6.654 6.659 6.663 6.667 6.670 6.673 6.675 6.678 6.681 6.683 6.686 6.690 6.693 6.697 6.701 6.705 6.709 6.714 6.719 6.724 6.729 6.735 6.741 6.747 6.754 6.760 6.766 6.772 6.778 6.783 6.789 6.796 6.802 6.808 6.814 6.821 6.828 6.834 6.841 6.848 6.855 6.862 6.869 6.877 6.884 6.892 6.901 6.910 6.919 6.928 6.937 6.946 6.953 6.956 6.955 6.954 6.961 6.972 6.988 7.015
6.546 6.554 6.562 6.570 6.578 6.585 6.593 6.600 6.607 6.614 6.621 6.627 6.633 6.639 6.645 6.650 6.656 6.661 6.666 6.671 6.674 6.677 6.680 6.683 6.686 6.688 6.691 6.694 6.697 6.701 6.704 6.708 6.712 6.717 6.722 6.726 6.732 6.737 6.743 6.749 6.755 6.762 6.768 6.774 6.780 6.786 6.792 6.799 6.805 6.812 6.818 6.825 6.832 6.839 6.846 6.854 6.861 6.869 6.876 6.884 6.892 6.901 6.909 6.919 6.929 6.939 6.948 6.959 6.968 6.976 6.980 6.979 6.979 6.986 6.997 7.013 7.040
6.551 6.560 6.568 6.576 6.584 6.591 6.599 6.606 6.613 6.620 6.627 6.634 6.640 6.646 6.652 6.657 6.663 6.668 6.674 6.678 6.682 6.685 6.688 6.691 6.693 6.696 6.699 6.702 6.705 6.709 6.712 6.716 6.720 6.725 6.729 6.734 6.740 6.745 6.751 6.757 6.763 6.770 6.777 6.783 6.789 6.795 6.802 6.809 6.815 6.822 6.829 6.836 6.844 6.851 6.859 6.867 6.875 6.883 6.891 6.899 6.908 6.917 6.927 6.937 6.947 6.958 6.969 6.980 6.990 6.999 7.003 7.003 7.003 7.010 7.021 7.036 7.063
6.557 6.565 6.574 6.582 6.590 6.598 6.605 6.613 6.620 6.627 6.634 6.640 6.647 6.653 6.659 6.664 6.670 6.675 6.681 6.686 6.689 6.692 6.695 6.698 6.701 6.704 6.707 6.710 6.713 6.717 6.720 6.724 6.728 6.733 6.738 6.742 6.748 6.753 6.759 6.765 6.772 6.779 6.786 6.792 6.798 6.805 6.812 6.819 6.826 6.833 6.840 6.848 6.856 6.864 6.872 6.880 6.889 6.897 6.906 6.915 6.925 6.934 6.944 6.955 6.966 6.978 6.989 7.000 7.012 7.021 7.026 7.026 7.026 7.032 7.043 7.058 7.084
6.563 6.571 6.579 6.588 6.596 6.604 6.611 6.619 6.626 6.633 6.640 6.647 6.653 6.660 6.666 6.671 6.677 6.683 6.688 6.693 6.697 6.700 6.703 6.706 6.709 6.712 6.715 6.718 6.722 6.725 6.729 6.733 6.737 6.741 6.746 6.751 6.756 6.762 6.768 6.774 6.781 6.788 6.795 6.801 6.808 6.815 6.822 6.829 6.837 6.844 6.852 6.860 6.868 6.877 6.885 6.894 6.903 6.912 6.922 6.931 6.941 6.951 6.962 6.973 6.985 6.997 7.009 7.021 7.033 7.043 7.048 7.048 7.047 7.054 7.064 7.079 7.104
6.568 6.577 6.585 6.594 6.602 6.610 6.618 6.625 6.633 6.640 6.647 6.654 6.660 6.666 6.673 6.679 6.684 6.690 6.696 6.700 6.704 6.708 6.711 6.714 6.717 6.720 6.724 6.727 6.730 6.734 6.737 6.741 6.745 6.750 6.755 6.760 6.765 6.771 6.777 6.783 6.790 6.797 6.805 6.811 6.818 6.825 6.833 6.840 6.848 6.856 6.864 6.873 6.881 6.890 6.899 6.908 6.918 6.927 6.937 6.947 6.958 6.969 6.980 6.992 7.004 7.016 7.029 7.041 7.054 7.064 7.069 7.069 7.069 7.076 7.086 7.099 7.124
