version1/TsunamiDB/out54046.asc
ncols          264
nrows          230
xllcorner      497853.4375
yllcorner      4229146.0000
cellsize         5.
NODATA_value   -99
[rows 64 to 95 of 230, columns 146 to 218 of 264]
5.047 5.086 5.125 5.165 5.204 5.244 5.283 5.323 5.363 5.402 5.441 5.480 5.518 5.555 5.592 5.628 5.663 5.697 5.730 5.763 5.795 5.826 5.856 5.886 5.914 5.942 5.968 5.993 6.015 6.037 6.058 6.078 6.096 6.113 6.129 6.143 6.158 6.172 6.186 6.201 6.217 6.235 6.253 6.273 6.295 6.317 6.340 6.365 6.389 6.414 6.438 6.462 6.487 6.511 6.536 6.561 6.586 6.611 6.636 6.662 6.688 6.715 6.743 6.773 6.803 6.836 6.869 6.903 6.939 6.975 7.011 7.047 7.083
5.049 5.087 5.125 5.164 5.202 5.240 5.278 5.317 5.356 5.395 5.434 5.472 5.510 5.547 5.584 5.620 5.656 5.691 5.725 5.758 5.791 5.824 5.855 5.886 5.916 5.945 5.974 6.000 6.024 6.049 6.072 6.093 6.113 6.132 6.149 6.166 6.181 6.195 6.210 6.224 6.239 6.255 6.273 6.291 6.311 6.332 6.354 6.378 6.402 6.426 6.451 6.474 6.499 6.524 6.550 6.575 6.600 6.626 6.652 6.678 6.704 6.732 6.760 6.790 6.821 6.853 6.886 6.921 6.957 6.994 7.031 7.069 7.105
5.052 5.089 5.126 5.163 5.201 5.237 5.275 5.313 5.350 5.388 5.426 5.464 5.501 5.538 5.575 5.611 5.647 5.682 5.717 5.751 5.785 5.818 5.851 5.883 5.914 5.945 5.975 6.003 6.029 6.055 6.081 6.104 6.127 6.148 6.167 6.185 6.201 6.217 6.232 6.247 6.261 6.277 6.293 6.310 6.328 6.348 6.369 6.391 6.414 6.439 6.462 6.486 6.511 6.537 6.562 6.588 6.614 6.640 6.666 6.693 6.720 6.747 6.776 6.805 6.836 6.869 6.902 6.938 6.974 7.011 7.049 7.088 7.126
5.055 5.091 5.128 5.164 5.200 5.235 5.272 5.309 5.346 5.382 5.419 5.456 5.492 5.529 5.565 5.601 5.636 5.672 5.706 5.741 5.775 5.809 5.843 5.876 5.908 5.940 5.972 6.001 6.030 6.058 6.085 6.111 6.136 6.159 6.180 6.200 6.219 6.236 6.252 6.267 6.282 6.297 6.313 6.329 6.346 6.364 6.384 6.405 6.427 6.451 6.474 6.498 6.523 6.548 6.574 6.600 6.626 6.653 6.679 6.706 6.733 6.761 6.790 6.820 6.851 6.883 6.917 6.952 6.989 7.027 7.066 7.105 7.144
5.059 5.094 5.130 5.165 5.200 5.234 5.270 5.306 5.341 5.377 5.413 5.449 5.484 5.520 5.555 5.590 5.625 5.660 5.695 5.729 5.764 5.798 5.832 5.865 5.899 5.932 5.964 5.995 6.026 6.056 6.085 6.113 6.140 6.165 6.189 6.211 6.232 6.251 6.269 6.285 6.301 6.316 6.332 6.347 6.363 6.381 6.399 6.419 6.440 6.463 6.485 6.509 6.533 6.559 6.585 6.611 6.638 6.664 6.691 6.718 6.746 6.774 6.803 6.832 6.863 6.896 6.930 6.965 7.003 7.041 7.081 7.121 7.161
5.064 5.098 5.132 5.167 5.200 5.234 5.269 5.303 5.338 5.373 5.407 5.442 5.477 5.511 5.546 5.580 5.614 5.648 5.682 5.716 5.750 5.784 5.818 5.852 5.886 5.920 5.953 5.986 6.017 6.049 6.080 6.110 6.139 6.166 6.193 6.217 6.240 6.262 6.281 6.300 6.317 6.333 6.349 6.364 6.380 6.397 6.414 6.433 6.453 6.475 6.497 6.519 6.544 6.569 6.595 6.622 6.648 6.675 6.702 6.730 6.757 6.786 6.814 6.844 6.875 6.907 6.941 6.977 7.015 7.053 7.094 7.134 7.176
5.069 5.102 5.136 5.169 5.201 5.234 5.268 5.301 5.335 5.369 5.403 5.436 5.470 5.504 5.537 5.571 5.604 5.637 5.670 5.703 5.736 5.770 5.803 5.837 5.871 5.905 5.939 5.972 6.004 6.037 6.070 6.102 6.133 6.163 6.191 6.218 6.243 6.267 6.289 6.310 6.329 6.346 6.363 6.379 6.395 6.411 6.428 6.446 6.466 6.486 6.508 6.530 6.554 6.579 6.605 6.631 6.658 6.685 6.713 6.740 6.768 6.796 6.825 6.855 6.886 6.918 6.952 6.987 7.025 7.064 7.105 7.146 7.188
5.075 5.107 5.140 5.172 5.203 5.235 5.268 5.300 5.333 5.366 5.399 5.432 5.464 5.497 5.529 5.562 5.594 5.626 5.658 5.690 5.723 5.755 5.787 5.820 5.854 5.887 5.921 5.955 5.988 6.022 6.056 6.089 6.122 6.153 6.184 6.213 6.241 6.267 6.292 6.315 6.336 6.355 6.373 6.391 6.407 6.424 6.441 6.458 6.477 6.497 6.518 6.540 6.563 6.588 6.614 6.640 6.667 6.695 6.722 6.750 6.778 6.806 6.835 6.864 6.895 6.927 6.961 6.996 7.034 7.073 7.114 7.156 7.199
5.082 5.113 5.144 5.176 5.206 5.237 5.268 5.300 5.332 5.364 5.396 5.428 5.459 5.491 5.522 5.554 5.585 5.616 5.647 5.678 5.709 5.740 5.772 5.803 5.836 5.869 5.902 5.935 5.968 6.002 6.037 6.071 6.105 6.139 6.171 6.203 6.233 6.261 6.288 6.314 6.337 6.359 6.379 6.398 6.416 6.433 6.451 6.469 6.487 6.507 6.527 6.549 6.572 6.596 6.622 6.649 6.676 6.703 6.731 6.758 6.786 6.815 6.843 6.873 6.903 6.935 6.968 7.004 7.041 7.080 7.121 7.164 7.207
5.090 5.120 5.150 5.180 5.210 5.239 5.270 5.301 5.331 5.362 5.393 5.424 5.455 5.486 5.517 5.547 5.577 5.607 5.637 5.667 5.697 5.726 5.756 5.787 5.817 5.849 5.881 5.913 5.946 5.980 6.014 6.049 6.084 6.119 6.153 6.186 6.218 6.249 6.278 6.306 6.332 6.356 6.379 6.400 6.420 6.439 6.457 6.476 6.495 6.515 6.535 6.556 6.579 6.604 6.629 6.656 6.683 6.710 6.738 6.766 6.794 6.822 6.851 6.880 6.910 6.942 6.975 7.009 7.046 7.085 7.127 7.170 7.213
5.099 5.128 5.157 5.186 5.214 5.243 5.272 5.302 5.332 5.362 5.392 5.422 5.452 5.482 5.512 5.541 5.570 5.600 5.628 5.657 5.685 5.714 5.742 5.771 5.800 5.830 5.860 5.891 5.922 5.955 5.989 6.023 6.058 6.094 6.129 6.163 6.197 6.230 6.262 6.292 6.320 6.347 6.372 6.395 6.418 6.439 6.459 6.479 6.499 6.519 6.540 6.561 6.585 6.609 6.635 6.662 6.689 6.717 6.745 6.773 6.801 6.829 6.857 6.886 6.916 6.947 6.979 7.013 7.050 7.089 7.130 7.173 7.216
5.108 5.136 5.164 5.192 5.220 5.247 5.276 5.304 5.333 5.362 5.392 5.421 5.450 5.479 5.508 5.537 5.565 5.593 5.621 5.649 5.676 5.703 5.730 5.757 5.784 5.812 5.840 5.869 5.898 5.930 5.962 5.995 6.030 6.065 6.100 6.135 6.170 6.204 6.237 6.270 6.300 6.330 6.357 6.383 6.408 6.431 6.454 6.476 6.498 6.519 6.541 6.563 6.587 6.612 6.638 6.665 6.693 6.721 6.749 6.777 6.805 6.834 6.862 6.891 6.920 6.950 6.982 7.015 7.051 7.089 7.130 7.173 7.218
5.119 5.146 5.173 5.200 5.226 5.253 5.280 5.308 5.336 5.364 5.392 5.421 5.449 5.477 5.505 5.533 5.561 5.588 5.615 5.642 5.668 5.694 5.720 5.745 5.770 5.796 5.823 5.849 5.876 5.905 5.935 5.967 5.999 6.033 6.067 6.102 6.137 6.172 6.207 6.240 6.273 6.304 6.334 6.363 6.390 6.416 6.441 6.465 6.489 6.513 6.536 6.560 6.585 6.611 6.638 6.665 6.693 6.722 6.751 6.779 6.808 6.836 6.864 6.893 6.921 6.951 6.982 7.015 7.050 7.088 7.128 7.171 7.216
5.131 5.157 5.183 5.209 5.234 5.259 5.286 5.313 5.340 5.367 5.395 5.422 5.450 5.477 5.504 5.531 5.558 5.585 5.611 5.637 5.662 5.687 5.712 5.736 5.760 5.784 5.808 5.832 5.856 5.883 5.910 5.939 5.969 6.001 6.034 6.067 6.101 6.136 6.170 6.204 6.238 6.271 6.303 6.333 6.363 6.392 6.419 6.446 6.473 6.498 6.523 6.549 6.575 6.603 6.631 6.660 6.689 6.718 6.748 6.777 6.806 6.834 6.863 6.891 6.920 6.949 6.979 7.011 7.046 7.083 7.123 7.166 7.211
5.145 5.169 5.194 5.219 5.243 5.268 5.293 5.319 5.345 5.371 5.398 5.425 5.451 5.478 5.505 5.531 5.557 5.583 5.609 5.634 5.659 5.683 5.707 5.730 5.752 5.775 5.797 5.819 5.841 5.864 5.889 5.915 5.942 5.971 6.001 6.032 6.065 6.098 6.131 6.165 6.198 6.231 6.264 6.296 6.327 6.358 6.388 6.417 6.446 6.474 6.500 6.529 6.557 6.587 6.616 6.647 6.677 6.708 6.738 6.769 6.798 6.828 6.857 6.885 6.914 6.943 6.973 7.004 7.038 7.074 7.114 7.157 7.203
5.159 5.183 5.206 5.230 5.254 5.277 5.302 5.326 5.352 5.377 5.403 5.429 5.454 5.480 5.507 5.532 5.558 5.584 5.609 5.633 5.657 5.681 5.704 5.726 5.748 5.769 5.790 5.810 5.830 5.851 5.873 5.896 5.921 5.946 5.973 6.001 6.031 6.061 6.092 6.124 6.157 6.189 6.222 6.254 6.286 6.317 6.348 6.379 6.410 6.439 6.468 6.498 6.529 6.560 6.592 6.624 6.656 6.689 6.721 6.752 6.784 6.814 6.844 6.873 6.902 6.931 6.961 6.992 7.025 7.061 7.100 7.144 7.189
5.175 5.198 5.220 5.243 5.265 5.288 5.311 5.335 5.359 5.384 5.409 5.434 5.459 5.484 5.510 5.535 5.560 5.585 5.610 5.634 5.658 5.681 5.704 5.726 5.747 5.768 5.787 5.806 5.824 5.844 5.863 5.884 5.905 5.927 5.951 5.976 6.002 6.029 6.058 6.087 6.117 6.148 6.179 6.210 6.242 6.273 6.304 6.336 6.367 6.398 6.428 6.459 6.492 6.524 6.558 6.591 6.625 6.659 6.693 6.727 6.759 6.791 6.823 6.853 6.883 6.912 6.942 6.973 7.006 7.041 7.080 7.123 7.169
5.193 5.214 5.236 5.258 5.279 5.300 5.323 5.346 5.369 5.392 5.416 5.441 5.465 5.490 5.515 5.539 5.564 5.589 5.613 5.637 5.661 5.684 5.706 5.728 5.749 5.770 5.788 5.805 5.823 5.841 5.859 5.877 5.896 5.916 5.936 5.958 5.981 6.005 6.030 6.057 6.084 6.112 6.141 6.170 6.200 6.230 6.261 6.291 6.322 6.353 6.384 6.415 6.448 6.482 6.516 6.551 6.586 6.621 6.657 6.692 6.726 6.760 6.792 6.824 6.855 6.885 6.915 6.946 6.979 7.014 7.052 7.095 7.141
5.212 5.233 5.253 5.274 5.294 5.314 5.336 5.357 5.380 5.402 5.425 5.449 5.472 5.496 5.521 5.545 5.569 5.594 5.618 5.642 5.665 5.688 5.711 5.733 5.754 5.774 5.792 5.809 5.827 5.844 5.861 5.877 5.894 5.911 5.929 5.948 5.968 5.989 6.011 6.035 6.059 6.084 6.111 6.138 6.165 6.193 6.222 6.252 6.281 6.311 6.341 6.372 6.404 6.437 6.471 6.506 6.541 6.577 6.613 6.649 6.685 6.720 6.754 6.787 6.818 6.849 6.880 6.911 6.943 6.977 7.015 7.058 7.104
5.232 5.252 5.272 5.291 5.310 5.330 5.350 5.371 5.392 5.414 5.436 5.458 5.481 5.504 5.528 5.552 5.576 5.600 5.624 5.648 5.671 5.694 5.717 5.739 5.760 5.780 5.799 5.816 5.833 5.850 5.866 5.882 5.897 5.913 5.929 5.945 5.963 5.981 6.001 6.021 6.043 6.066 6.089 6.114 6.139 6.165 6.192 6.220 6.248 6.276 6.304 6.333 6.364 6.396 6.429 6.463 6.497 6.533 6.569 6.605 6.641 6.676 6.710 6.744 6.776 6.807 6.838 6.868 6.899 6.933 6.970 7.013 7.059
5.254 5.273 5.292 5.311 5.328 5.347 5.366 5.386 5.406 5.426 5.447 5.469 5.491 5.514 5.536 5.560 5.583 5.607 5.631 5.655 5.678 5.701 5.724 5.746 5.768 5.788 5.807 5.825 5.843 5.859 5.875 5.891 5.905 5.920 5.934 5.949 5.965 5.981 5.998 6.016 6.035 6.056 6.077 6.100 6.123 6.147 6.172 6.197 6.224 6.250 6.276 6.304 6.333 6.363 6.394 6.426 6.459 6.493 6.528 6.563 6.598 6.633 6.667 6.700 6.732 6.763 6.793 6.822 6.852 6.883 6.920 6.962 7.010
5.277 5.295 5.314 5.331 5.348 5.366 5.384 5.402 5.421 5.441 5.461 5.481 5.502 5.524 5.546 5.569 5.592 5.615 5.639 5.663 5.686 5.709 5.732 5.755 5.777 5.798 5.817 5.836 5.854 5.871 5.887 5.902 5.917 5.931 5.944 5.958 5.972 5.986 6.002 6.018 6.035 6.054 6.073 6.094 6.115 6.137 6.161 6.185 6.209 6.234 6.258 6.284 6.311 6.339 6.368 6.399 6.430 6.462 6.496 6.529 6.563 6.597 6.629 6.661 6.692 6.721 6.750 6.778 6.805 6.835 6.869 6.912 6.960
5.300 5.318 5.336 5.352 5.369 5.386 5.403 5.421 5.439 5.457 5.476 5.495 5.515 5.536 5.557 5.579 5.602 5.625 5.648 5.671 5.695 5.718 5.741 5.764 5.787 5.808 5.828 5.847 5.866 5.883 5.900 5.916 5.930 5.944 5.957 5.970 5.983 5.997 6.010 6.025 6.041 6.058 6.076 6.095 6.115 6.136 6.158 6.180 6.203 6.226 6.250 6.274 6.299 6.326 6.353 6.381 6.411 6.441 6.473 6.505 6.537 6.569 6.601 6.631 6.660 6.688 6.715 6.740 6.766 6.793 6.826 6.868 6.916
5.324 5.342 5.359 5.375 5.391 5.407 5.424 5.440 5.457 5.474 5.492 5.510 5.529 5.549 5.569 5.591 5.612 5.635 5.658 5.681 5.704 5.728 5.751 5.774 5.797 5.819 5.840 5.859 5.878 5.897 5.914 5.930 5.945 5.959 5.972 5.985 5.998 6.010 6.023 6.037 6.051 6.067 6.083 6.101 6.120 6.140 6.161 6.182 6.205 6.226 6.248 6.271 6.295 6.320 6.346 6.373 6.401 6.430 6.459 6.490 6.521 6.552 6.582 6.611 6.639 6.666 6.691 6.714 6.737 6.762 6.794 6.836 6.884
5.349 5.366 5.383 5.399 5.414 5.430 5.446 5.462 5.478 5.494 5.510 5.527 5.545 5.564 5.583 5.603 5.624 5.646 5.668 5.691 5.714 5.738 5.761 5.785 5.808 5.830 5.851 5.871 5.891 5.910 5.928 5.945 5.960 5.975 5.988 6.001 6.013 6.026 6.038 6.051 6.065 6.080 6.095 6.112 6.130 6.149 6.169 6.190 6.211 6.232 6.253 6.275 6.298 6.322 6.346 6.372 6.398 6.426 6.455 6.484 6.514 6.544 6.573 6.602 6.629 6.655 6.679 6.701 6.722 6.746 6.777 6.817 6.864
5.373 5.391 5.408 5.423 5.438 5.454 5.469 5.484 5.499 5.514 5.530 5.546 5.562 5.580 5.598 5.617 5.637 5.658 5.680 5.702 5.725 5.748 5.772 5.795 5.818 5.842 5.863 5.884 5.904 5.924 5.942 5.959 5.976 5.991 6.005 6.018 6.030 6.043 6.055 6.068 6.081 6.095 6.110 6.126 6.144 6.162 6.181 6.201 6.222 6.243 6.263 6.284 6.306 6.329 6.353 6.377 6.402 6.429 6.457 6.485 6.515 6.544 6.573 6.602 6.629 6.654 6.678 6.699 6.720 6.742 6.771 6.811 6.855
5.397 5.415 5.432 5.448 5.463 5.478 5.493 5.508 5.522 5.536 5.551 5.566 5.581 5.597 5.614 5.632 5.651 5.671 5.692 5.714 5.736 5.759 5.782 5.806 5.829 5.853 5.875 5.896 5.916 5.937 5.956 5.974 5.991 6.006 6.021 6.035 6.048 6.060 6.073 6.085 6.098 6.112 6.127 6.143 6.160 6.178 6.197 6.216 6.236 6.256 6.276 6.297 6.319 6.341 6.363 6.387 6.411 6.437 6.464 6.492 6.522 6.551 6.580 6.609 6.636 6.662 6.686 6.708 6.728 6.749 6.777 6.814 6.857
5.421 5.439 5.456 5.472 5.487 5.502 5.517 5.531 5.545 5.559 5.573 5.587 5.601 5.616 5.632 5.649 5.667 5.685 5.705 5.726 5.748 5.771 5.794 5.817 5.840 5.864 5.886 5.907 5.929 5.949 5.969 5.988 6.005 6.022 6.037 6.051 6.065 6.078 6.091 6.103 6.117 6.131 6.145 6.161 6.178 6.195 6.214 6.233 6.253 6.273 6.292 6.313 6.334 6.356 6.378 6.400 6.424 6.450 6.476 6.504 6.533 6.563 6.592 6.622 6.650 6.677 6.701 6.724 6.744 6.764 6.790 6.826 6.866
5.444 5.462 5.480 5.496 5.511 5.526 5.541 5.555 5.569 5.583 5.596 5.610 5.623 5.637 5.652 5.667 5.683 5.701 5.720 5.740 5.761 5.783 5.805 5.828 5.851 5.875 5.897 5.919 5.940 5.962 5.982 6.001 6.019 6.036 6.052 6.067 6.082 6.095 6.109 6.122 6.135 6.150 6.164 6.180 6.197 6.214 6.233 6.252 6.272 6.291 6.311 6.331 6.352 6.373 6.395 6.417 6.441 6.465 6.491 6.519 6.548 6.578 6.609 6.639 6.668 6.696 6.722 6.745 6.765 6.784 6.808 6.842 6.880
5.466 5.485 5.503 5.519 5.534 5.550 5.565 5.579 5.593 5.607 5.620 5.633 5.646 5.659 5.672 5.686 5.702 5.718 5.735 5.754 5.774 5.795 5.817 5.839 5.862 5.886 5.908 5.930 5.952 5.973 5.994 6.014 6.033 6.051 6.067 6.083 6.098 6.112 6.126 6.140 6.154 6.169 6.184 6.200 6.217 6.235 6.253 6.272 6.292 6.311 6.331 6.351 6.372 6.393 6.414 6.436 6.459 6.484 6.509 6.537 6.566 6.597 6.628 6.659 6.690 6.719 6.746 6.769 6.788 6.806 6.830 6.863 6.900
5.488 5.506 5.524 5.541 5.556 5.572 5.587 5.602 5.616 5.630 5.643 5.656 5.669 5.681 5.694 5.707 5.721 5.736 5.752 5.770 5.788 5.808 5.829 5.851 5.874 5.896 5.919 5.940 5.963 5.984 6.006 6.026 6.045 6.064 6.081 6.098 6.114 6.129 6.144 6.158 6.173 6.188 6.204 6.220 6.237 6.255 6.274 6.294 6.314 6.333 6.352 6.373 6.394 6.415 6.436 6.457 6.480 6.504 6.529 6.557 6.586 6.617 6.649 6.681 6.713 6.743 6.771 6.794 6.814 6.832 6.855 6.887 6.924
5.508 5.527 5.545 5.562 5.578 5.594 5.609 5.624 5.639 5.653 5.666 5.679 5.691 5.704 5.716 5.729 5.742 5.755 5.770 5.786 5.804 5.822 5.842 5.863 5.885 5.907 5.929 5.951 5.973 5.995 6.017 6.037 6.057 6.076 6.095 6.112 6.129 6.145 6.160 6.176 6.191 6.207 6.223 6.240 6.258 6.276 6.295 6.316 6.335 6.354 6.375 6.396 6.417 6.438 6.459 6.480 6.502 6.526 6.551 6.578 6.607 6.638 6.671 6.704 6.737 6.768 6.796 6.821 6.841 6.859 6.881 6.914 6.951
