version1/TsunamiDB/out54029.asc
ncols          264
nrows          230
xllcorner      497853.4375
yllcorner      4229146.0000
cellsize         5.
NODATA_value   -99
[rows 160 to 191 of 230, columns 142 to 212 of 264]
5.504 5.531 5.554 5.572 5.585 5.594 5.599 5.601 5.601 5.603 5.609 5.620 5.639 5.664 5.697 5.736 5.780 5.829 5.880 5.935 5.992 6.051 6.113 6.179 6.250 6.327 6.403 6.482 6.565 6.649 6.734 6.821 6.911 6.999 7.087 7.170 7.264 7.373 7.477 7.577 7.670 7.755 7.829 7.888 7.928 7.944 7.972 8.033 8.099 8.166 8.231 8.294 8.351 8.394 8.412 8.384 8.349 8.331 8.303 8.268 8.222 8.168 8.100 8.011 7.897 7.745 7.592 7.478 7.390 7.334 7.307
5.530 5.558 5.584 5.604 5.619 5.631 5.637 5.639 5.639 5.639 5.641 5.647 5.660 5.681 5.709 5.745 5.786 5.832 5.883 5.937 5.994 6.054 6.116 6.182 6.254 6.332 6.411 6.491 6.577 6.665 6.754 6.846 6.941 7.035 7.126 7.211 7.307 7.420 7.529 7.630 7.721 7.803 7.874 7.931 7.970 7.983 8.008 8.068 8.134 8.201 8.265 8.326 8.379 8.415 8.427 8.394 8.351 8.321 8.279 8.228 8.168 8.099 8.018 7.920 7.803 7.654 7.514 7.421 7.359 7.325 7.316
5.553 5.584 5.611 5.634 5.652 5.667 5.676 5.680 5.681 5.680 5.679 5.682 5.691 5.706 5.729 5.759 5.797 5.840 5.889 5.942 5.998 6.057 6.119 6.186 6.259 6.339 6.419 6.501 6.591 6.683 6.776 6.873 6.972 7.071 7.165 7.250 7.349 7.466 7.576 7.676 7.766 7.846 7.915 7.970 8.009 8.020 8.043 8.104 8.168 8.232 8.294 8.352 8.400 8.430 8.435 8.396 8.346 8.303 8.246 8.181 8.107 8.024 7.933 7.831 7.716 7.576 7.454 7.386 7.345 7.329 7.334
5.575 5.607 5.637 5.662 5.684 5.701 5.714 5.721 5.724 5.724 5.724 5.724 5.729 5.739 5.756 5.781 5.814 5.853 5.899 5.949 6.004 6.062 6.124 6.191 6.265 6.346 6.428 6.513 6.606 6.703 6.800 6.902 7.006 7.108 7.203 7.288 7.388 7.507 7.616 7.715 7.803 7.881 7.950 8.005 8.044 8.054 8.076 8.135 8.195 8.258 8.316 8.369 8.412 8.436 8.433 8.389 8.330 8.274 8.204 8.125 8.037 7.944 7.848 7.746 7.639 7.514 7.413 7.365 7.342 7.341 7.353
5.595 5.629 5.661 5.689 5.713 5.734 5.750 5.761 5.768 5.771 5.771 5.772 5.775 5.781 5.793 5.812 5.838 5.872 5.913 5.961 6.013 6.070 6.131 6.198 6.273 6.355 6.439 6.527 6.623 6.722 6.824 6.929 7.036 7.140 7.237 7.321 7.420 7.539 7.648 7.747 7.834 7.913 7.981 8.036 8.076 8.086 8.107 8.162 8.220 8.278 8.331 8.380 8.419 8.436 8.426 8.375 8.306 8.237 8.155 8.063 7.964 7.865 7.768 7.672 7.577 7.469 7.388 7.358 7.350 7.358 7.376
5.615 5.650 5.683 5.713 5.740 5.764 5.784 5.799 5.810 5.817 5.821 5.823 5.825 5.830 5.837 5.851 5.871 5.899 5.934 5.977 6.027 6.081 6.141 6.207 6.281 6.365 6.451 6.540 6.639 6.741 6.847 6.956 7.065 7.172 7.272 7.353 7.449 7.570 7.680 7.779 7.866 7.945 8.014 8.070 8.113 8.122 8.139 8.191 8.245 8.298 8.346 8.390 8.422 8.432 8.412 8.352 8.274 8.194 8.100 7.998 7.893 7.793 7.701 7.615 7.535 7.445 7.380 7.365 7.367 7.381 7.403
5.633 5.670 5.704 5.736 5.765 5.792 5.816 5.835 5.850 5.862 5.870 5.875 5.879 5.883 5.889 5.898 5.912 5.934 5.963 6.000 6.045 6.096 6.153 6.217 6.291 6.377 6.463 6.554 6.656 6.762 6.872 6.984 7.095 7.207 7.305 7.381 7.477 7.598 7.709 7.809 7.899 7.978 8.047 8.108 8.151 8.156 8.170 8.218 8.266 8.313 8.356 8.393 8.419 8.417 8.386 8.319 8.233 8.143 8.040 7.933 7.827 7.731 7.647 7.575 7.510 7.434 7.384 7.380 7.388 7.407 7.431
5.651 5.688 5.724 5.757 5.789 5.818 5.845 5.868 5.888 5.905 5.917 5.927 5.935 5.940 5.945 5.952 5.962 5.977 6.000 6.030 6.069 6.115 6.169 6.231 6.306 6.392 6.479 6.571 6.675 6.785 6.898 7.013 7.130 7.240 7.333 7.407 7.502 7.625 7.737 7.840 7.931 8.012 8.085 8.145 8.185 8.187 8.198 8.241 8.283 8.323 8.359 8.387 8.402 8.390 8.353 8.279 8.184 8.087 7.981 7.873 7.771 7.683 7.611 7.551 7.499 7.436 7.396 7.399 7.413 7.435 7.459
5.667 5.705 5.742 5.777 5.810 5.842 5.872 5.899 5.923 5.944 5.962 5.977 5.989 5.998 6.005 6.011 6.018 6.029 6.045 6.069 6.101 6.141 6.191 6.251 6.324 6.410 6.498 6.592 6.698 6.810 6.925 7.043 7.160 7.267 7.358 7.430 7.525 7.650 7.766 7.870 7.963 8.048 8.122 8.180 8.216 8.214 8.220 8.257 8.293 8.326 8.353 8.372 8.375 8.356 8.313 8.231 8.130 8.031 7.926 7.823 7.728 7.650 7.589 7.540 7.499 7.445 7.413 7.421 7.440 7.462 7.485
5.683 5.721 5.759 5.795 5.830 5.864 5.897 5.928 5.956 5.981 6.004 6.024 6.040 6.054 6.064 6.072 6.079 6.087 6.099 6.117 6.142 6.176 6.220 6.276 6.346 6.432 6.520 6.614 6.722 6.835 6.951 7.070 7.185 7.290 7.380 7.452 7.549 7.677 7.794 7.901 7.997 8.083 8.156 8.210 8.242 8.236 8.237 8.268 8.296 8.322 8.339 8.347 8.342 8.317 8.267 8.180 8.077 7.979 7.879 7.784 7.699 7.631 7.579 7.540 7.507 7.460 7.434 7.447 7.467 7.490 7.511
5.697 5.735 5.774 5.811 5.848 5.885 5.920 5.954 5.986 6.015 6.043 6.067 6.089 6.107 6.122 6.133 6.142 6.151 6.160 6.173 6.192 6.219 6.256 6.307 6.375 6.458 6.545 6.639 6.746 6.859 6.974 7.091 7.206 7.310 7.403 7.475 7.573 7.703 7.823 7.933 8.030 8.115 8.186 8.236 8.263 8.254 8.249 8.272 8.292 8.309 8.317 8.316 8.304 8.272 8.219 8.129 8.027 7.935 7.843 7.758 7.683 7.624 7.580 7.547 7.521 7.481 7.459 7.474 7.494 7.516 7.534
5.711 5.749 5.788 5.826 5.865 5.903 5.941 5.978 6.013 6.047 6.078 6.108 6.134 6.157 6.177 6.193 6.205 6.216 6.225 6.235 6.250 6.271 6.301 6.346 6.408 6.487 6.572 6.664 6.769 6.881 6.993 7.108 7.223 7.330 7.426 7.498 7.596 7.729 7.852 7.963 8.059 8.143 8.211 8.257 8.280 8.265 8.254 8.269 8.281 8.288 8.289 8.281 8.262 8.226 8.171 8.082 7.984 7.900 7.819 7.744 7.678 7.626 7.588 7.560 7.540 7.504 7.485 7.500 7.521 7.541 7.557
5.724 5.762 5.801 5.840 5.880 5.920 5.960 6.000 6.038 6.075 6.111 6.144 6.175 6.203 6.228 6.249 6.266 6.280 6.292 6.302 6.314 6.330 6.353 6.390 6.445 6.520 6.599 6.688 6.791 6.899 7.009 7.124 7.240 7.352 7.450 7.523 7.622 7.757 7.880 7.990 8.085 8.166 8.232 8.274 8.291 8.271 8.253 8.259 8.263 8.263 8.256 8.242 8.219 8.182 8.126 8.040 7.949 7.875 7.804 7.739 7.681 7.635 7.601 7.578 7.562 7.529 7.512 7.528 7.548 7.565 7.579
5.737 5.774 5.813 5.852 5.893 5.936 5.978 6.020 6.061 6.102 6.141 6.178 6.213 6.246 6.275 6.301 6.323 6.342 6.357 6.369 6.380 6.393 6.410 6.439 6.488 6.555 6.629 6.713 6.812 6.918 7.026 7.141 7.260 7.375 7.477 7.549 7.648 7.784 7.905 8.014 8.106 8.185 8.247 8.283 8.295 8.269 8.243 8.242 8.238 8.232 8.219 8.202 8.177 8.139 8.086 8.005 7.922 7.858 7.797 7.740 7.689 7.647 7.618 7.599 7.586 7.556 7.539 7.555 7.572 7.587 7.597
5.751 5.787 5.824 5.864 5.906 5.949 5.993 6.038 6.082 6.125 6.167 6.208 6.247 6.284 6.318 6.349 6.376 6.399 6.418 6.434 6.446 6.457 6.471 6.494 6.535 6.595 6.662 6.740 6.835 6.939 7.046 7.161 7.281 7.397 7.502 7.574 7.671 7.806 7.926 8.032 8.121 8.197 8.255 8.288 8.293 8.261 8.228 8.219 8.210 8.198 8.182 8.162 8.138 8.102 8.053 7.978 7.903 7.848 7.796 7.748 7.703 7.665 7.638 7.621 7.611 7.583 7.566 7.580 7.595 7.607 7.614
5.767 5.800 5.836 5.875 5.918 5.962 6.007 6.053 6.100 6.146 6.191 6.235 6.277 6.318 6.356 6.391 6.422 6.450 6.474 6.494 6.509 6.521 6.533 6.551 6.585 6.638 6.698 6.770 6.861 6.961 7.067 7.182 7.301 7.421 7.530 7.600 7.693 7.826 7.945 8.048 8.135 8.208 8.262 8.289 8.287 8.248 8.209 8.195 8.180 8.165 8.147 8.128 8.105 8.073 8.028 7.960 7.893 7.847 7.803 7.761 7.721 7.688 7.662 7.647 7.640 7.613 7.594 7.607 7.618 7.626 7.630
5.785 5.815 5.849 5.887 5.929 5.973 6.019 6.067 6.115 6.163 6.211 6.258 6.303 6.347 6.388 6.427 6.463 6.496 6.524 6.548 6.567 6.582 6.593 6.608 6.637 6.685 6.739 6.804 6.891 6.988 7.094 7.207 7.327 7.454 7.563 7.624 7.714 7.846 7.961 8.061 8.145 8.215 8.264 8.283 8.273 8.229 8.186 8.167 8.150 8.133 8.116 8.099 8.079 8.049 8.009 7.948 7.889 7.850 7.813 7.777 7.743 7.712 7.687 7.677 7.673 7.643 7.623 7.632 7.639 7.643 7.644
5.806 5.833 5.863 5.899 5.939 5.983 6.030 6.078 6.127 6.177 6.227 6.276 6.324 6.371 6.416 6.459 6.498 6.534 6.567 6.596 6.619 6.637 6.650 6.666 6.694 6.738 6.786 6.847 6.928 7.023 7.128 7.242 7.367 7.490 7.587 7.645 7.732 7.861 7.972 8.070 8.150 8.214 8.256 8.268 8.256 8.208 8.160 8.139 8.121 8.105 8.090 8.075 8.057 8.031 7.997 7.942 7.890 7.858 7.827 7.797 7.767 7.739 7.720 7.711 7.703 7.672 7.649 7.654 7.657 7.658 7.654
5.829 5.853 5.880 5.912 5.950 5.992 6.038 6.086 6.136 6.187 6.239 6.290 6.341 6.391 6.439 6.484 6.527 6.568 6.604 6.637 6.665 6.688 6.705 6.724 6.752 6.794 6.840 6.896 6.974 7.067 7.170 7.285 7.406 7.518 7.607 7.661 7.746 7.870 7.979 8.073 8.149 8.206 8.241 8.251 8.237 8.185 8.133 8.112 8.095 8.081 8.068 8.055 8.040 8.020 7.992 7.942 7.895 7.869 7.845 7.820 7.794 7.771 7.754 7.743 7.732 7.699 7.673 7.673 7.672 7.668 7.659
5.855 5.875 5.898 5.927 5.962 6.001 6.045 6.093 6.143 6.194 6.247 6.300 6.353 6.405 6.456 6.505 6.552 6.595 6.636 6.673 6.706 6.734 6.757 6.779 6.810 6.854 6.899 6.954 7.028 7.117 7.217 7.327 7.440 7.542 7.624 7.673 7.754 7.875 7.981 8.071 8.141 8.192 8.223 8.230 8.214 8.159 8.107 8.088 8.073 8.061 8.051 8.040 8.029 8.014 7.991 7.946 7.904 7.884 7.866 7.845 7.823 7.803 7.787 7.774 7.759 7.723 7.694 7.689 7.683 7.673 7.659
5.882 5.900 5.919 5.943 5.974 6.010 6.052 6.097 6.147 6.198 6.252 6.306 6.361 6.416 6.469 6.522 6.571 6.619 6.663 6.705 6.743 6.776 6.804 6.832 6.868 6.915 6.962 7.015 7.086 7.171 7.264 7.364 7.468 7.561 7.638 7.684 7.760 7.876 7.977 8.063 8.128 8.174 8.202 8.207 8.190 8.135 8.083 8.066 8.055 8.046 8.038 8.031 8.023 8.012 7.995 7.955 7.917 7.902 7.888 7.872 7.853 7.835 7.819 7.803 7.784 7.745 7.712 7.701 7.689 7.674 7.653
5.909 5.925 5.941 5.962 5.988 6.020 6.058 6.101 6.149 6.200 6.253 6.309 6.366 6.422 6.479 6.534 6.587 6.638 6.687 6.733 6.776 6.814 6.849 6.883 6.923 6.974 7.024 7.076 7.144 7.222 7.306 7.396 7.491 7.577 7.649 7.690 7.761 7.872 7.970 8.051 8.111 8.154 8.179 8.184 8.168 8.112 8.061 8.048 8.041 8.035 8.030 8.026 8.022 8.015 8.003 7.966 7.932 7.922 7.912 7.898 7.882 7.865 7.848 7.829 7.806 7.764 7.726 7.709 7.691 7.669 7.642
5.934 5.950 5.964 5.981 6.004 6.032 6.066 6.105 6.150 6.200 6.253 6.309 6.367 6.426 6.485 6.543 6.600 6.655 6.707 6.757 6.805 6.848 6.888 6.926 6.972 7.028 7.080 7.132 7.197 7.268 7.343 7.424 7.511 7.593 7.660 7.696 7.761 7.868 7.961 8.037 8.093 8.133 8.156 8.162 8.146 8.090 8.043 8.034 8.030 8.028 8.026 8.025 8.024 8.022 8.013 7.980 7.949 7.943 7.935 7.924 7.910 7.893 7.874 7.853 7.825 7.778 7.736 7.712 7.686 7.658 7.625
5.955 5.972 5.986 6.001 6.021 6.045 6.074 6.110 6.152 6.199 6.251 6.307 6.366 6.426 6.487 6.549 6.609 6.667 6.724 6.777 6.829 6.876 6.920 6.964 7.014 7.073 7.128 7.180 7.242 7.308 7.376 7.451 7.532 7.609 7.673 7.703 7.762 7.863 7.951 8.022 8.074 8.112 8.135 8.140 8.126 8.072 8.027 8.023 8.023 8.024 8.024 8.026 8.029 8.029 8.024 7.994 7.966 7.963 7.957 7.948 7.933 7.916 7.896 7.870 7.838 7.787 7.739 7.708 7.675 7.641 7.601
5.972 5.990 6.006 6.020 6.038 6.059 6.084 6.116 6.155 6.199 6.249 6.304 6.362 6.424 6.487 6.551 6.614 6.676 6.736 6.793 6.847 6.898 6.946 6.993 7.047 7.110 7.166 7.219 7.279 7.342 7.406 7.476 7.552 7.625 7.686 7.711 7.762 7.857 7.939 8.005 8.054 8.091 8.114 8.120 8.108 8.056 8.014 8.013 8.017 8.021 8.025 8.029 8.034 8.037 8.036 8.007 7.982 7.981 7.977 7.968 7.953 7.936 7.914 7.885 7.847 7.791 7.737 7.699 7.660 7.618 7.572
5.983 6.004 6.021 6.037 6.054 6.073 6.096 6.124 6.159 6.200 6.247 6.300 6.358 6.419 6.483 6.549 6.615 6.679 6.742 6.802 6.858 6.912 6.963 7.013 7.069 7.134 7.194 7.247 7.307 7.369 7.430 7.497 7.569 7.641 7.702 7.720 7.763 7.852 7.928 7.990 8.036 8.073 8.096 8.103 8.093 8.044 8.004 8.007 8.014 8.021 8.028 8.035 8.042 8.048 8.050 8.024 7.999 8.000 7.996 7.987 7.973 7.954 7.929 7.896 7.852 7.790 7.731 7.685 7.639 7.591 7.539
5.988 6.013 6.032 6.049 6.067 6.086 6.107 6.133 6.164 6.201 6.245 6.295 6.351 6.412 6.476 6.542 6.610 6.677 6.741 6.803 6.861 6.916 6.969 7.021 7.080 7.149 7.210 7.266 7.327 7.389 7.451 7.518 7.588 7.664 7.722 7.731 7.767 7.849 7.920 7.978 8.023 8.058 8.081 8.090 8.081 8.033 7.996 8.003 8.013 8.023 8.033 8.042 8.051 8.060 8.065 8.039 8.016 8.017 8.014 8.004 7.989 7.968 7.941 7.901 7.850 7.784 7.719 7.667 7.614 7.559 7.503
5.988 6.015 6.037 6.057 6.076 6.096 6.117 6.141 6.170 6.203 6.243 6.290 6.343 6.401 6.464 6.530 6.598 6.666 6.732 6.795 6.855 6.910 6.964 7.020 7.084 7.156 7.220 7.279 7.343 7.407 7.472 7.541 7.617 7.691 7.740 7.744 7.774 7.849 7.915 7.970 8.012 8.045 8.068 8.077 8.071 8.025 7.990 8.000 8.013 8.027 8.039 8.051 8.063 8.074 8.079 8.054 8.031 8.032 8.028 8.018 8.001 7.977 7.944 7.899 7.845 7.773 7.701 7.643 7.584 7.525 7.464
5.983 6.012 6.037 6.059 6.081 6.102 6.124 6.148 6.174 6.205 6.241 6.284 6.333 6.388 6.449 6.513 6.580 6.648 6.715 6.779 6.839 6.897 6.954 7.015 7.083 7.157 7.225 7.289 7.357 7.426 7.494 7.568 7.645 7.713 7.757 7.757 7.783 7.853 7.915 7.966 8.005 8.036 8.058 8.068 8.063 8.018 7.984 7.998 8.016 8.032 8.047 8.062 8.076 8.087 8.092 8.067 8.044 8.044 8.040 8.028 8.008 7.980 7.941 7.892 7.834 7.758 7.680 7.615 7.552 7.489 7.425
5.974 6.004 6.031 6.057 6.081 6.104 6.128 6.152 6.178 6.206 6.239 6.277 6.322 6.373 6.430 6.492 6.557 6.625 6.692 6.757 6.819 6.879 6.942 7.008 7.079 7.156 7.228 7.298 7.371 7.443 7.516 7.592 7.666 7.731 7.774 7.774 7.797 7.863 7.921 7.967 8.003 8.030 8.049 8.060 8.057 8.012 7.981 7.999 8.020 8.039 8.057 8.074 8.088 8.099 8.103 8.077 8.054 8.053 8.047 8.034 8.010 7.977 7.934 7.881 7.820 7.738 7.654 7.586 7.518 7.451 7.387
5.961 5.993 6.023 6.050 6.077 6.103 6.129 6.154 6.180 6.207 6.237 6.272 6.312 6.358 6.411 6.469 6.532 6.599 6.666 6.733 6.798 6.864 6.931 7.002 7.076 7.156 7.233 7.308 7.386 7.462 7.536 7.610 7.683 7.748 7.793 7.796 7.817 7.879 7.933 7.975 8.005 8.027 8.044 8.053 8.052 8.009 7.980 8.002 8.025 8.048 8.067 8.085 8.100 8.110 8.112 8.085 8.061 8.059 8.051 8.034 8.007 7.970 7.923 7.866 7.801 7.714 7.626 7.553 7.483 7.415 7.351
5.947 5.980 6.011 6.042 6.072 6.101 6.128 6.155 6.182 6.209 6.237 6.269 6.304 6.346 6.394 6.449 6.510 6.574 6.642 6.712 6.782 6.852 6.924 6.998 7.076 7.158 7.239 7.318 7.400 7.478 7.551 7.623 7.695 7.764 7.816 7.823 7.842 7.900 7.951 7.988 8.010 8.027 8.039 8.048 8.049 8.008 7.980 8.006 8.033 8.057 8.078 8.096 8.110 8.119 8.119 8.092 8.066 8.061 8.050 8.031 8.000 7.960 7.908 7.848 7.778 7.687 7.595 7.519 7.447 7.379 7.316
