version1/TsunamiDB/out54002.asc
ncols          264
nrows          230
xllcorner      497853.4375
yllcorner      4229146.0000
cellsize         5.
NODATA_value   -99
[rows 155 to 185 of 230, columns 138 to 206 of 264]
-99.000 -99.000 -99.000 -99.000 -99.000 -99.000 -99.000 -99.000 -99.000 -99.000 -99.000 -99.000 -99.000 -99.000 -99.000 -99.000 -99.000 -99.000 -99.000 -99.000 -99.000 -99.000 -99.000 -99.000 -99.000 -99.000 -99.000 -99.000 -99.000 -99.000 -99.000 1.647 1.649 1.680 1.805 2.038 2.359 2.749 3.179 3.620 4.038 4.393 4.643 4.809 4.921 5.003 5.069 5.126 5.169 5.203 5.289 5.381 5.430 5.475 5.524 5.579 5.638 5.705 5.744 5.724 5.812 5.917 5.916 5.895 5.862 5.813 5.733 5.640 5.559
-99.000 -99.000 -99.000 -99.000 -99.000 -99.000 -99.000 -99.000 -99.000 -99.000 -99.000 -99.000 -99.000 -99.000 -99.000 -99.000 -99.000 -99.000 -99.000 -99.000 -99.000 -99.000 -99.000 -99.000 -99.000 -99.000 -99.000 -99.000 -99.000 -99.000 -99.000 1.650 1.657 1.720 1.892 2.162 2.515 2.927 3.372 3.817 4.224 4.548 4.766 4.913 5.012 5.084 5.141 5.198 5.228 5.260 5.353 5.445 5.486 5.522 5.563 5.606 5.660 5.735 5.758 5.725 5.816 5.921 5.920 5.899 5.866 5.813 5.736 5.640 5.571
-99.000 -99.000 -99.000 -99.000 -99.000 -99.000 -99.000 -99.000 -99.000 -99.000 -99.000 -99.000 -99.000 -99.000 -99.000 -99.000 -99.000 -99.000 -99.000 -99.000 -99.000 -99.000 -99.000 -99.000 -99.000 -99.000 -99.000 -99.000 -99.000 -99.000 -99.000 1.650 1.672 1.777 1.992 2.299 2.681 3.113 3.567 4.007 4.394 4.682 4.874 5.004 5.092 5.161 5.214 5.254 5.282 5.324 5.422 5.514 5.552 5.583 5.613 5.652 5.699 5.741 5.744 5.720 5.810 5.911 5.910 5.889 5.850 5.794 5.718 5.641 5.599
-99.000 -99.000 -99.000 -99.000 -99.000 -99.000 -99.000 -99.000 -99.000 -99.000 -99.000 -99.000 -99.000 -99.000 -99.000 -99.000 -99.000 -99.000 -99.000 -99.000 -99.000 -99.000 -99.000 -99.000 -99.000 -99.000 -99.000 -99.000 -99.000 -99.000 -99.000 1.653 1.701 1.852 2.107 2.448 2.854 3.300 3.755 4.179 4.537 4.785 4.952 5.070 5.152 5.217 5.262 5.297 5.332 5.380 5.483 5.578 5.614 5.637 5.658 5.683 5.704 5.719 5.720 5.699 5.787 5.883 5.884 5.860 5.819 5.766 5.706 5.657 5.631
-99.000 -99.000 -99.000 -99.000 -99.000 -99.000 -99.000 -99.000 -99.000 -99.000 -99.000 -99.000 -99.000 -99.000 -99.000 -99.000 -99.000 -99.000 -99.000 -99.000 -99.000 -99.000 -99.000 -99.000 -99.000 -99.000 -99.000 -99.000 -99.000 -99.000 1.648 1.663 1.750 1.947 2.239 2.611 3.037 3.490 3.936 4.333 4.650 4.859 5.005 5.113 5.191 5.253 5.296 5.332 5.371 5.424 5.532 5.630 5.658 5.674 5.683 5.686 5.688 5.690 5.685 5.667 5.750 5.843 5.844 5.823 5.786 5.745 5.708 5.679 5.662
-99.000 -99.000 -99.000 -99.000 -99.000 -99.000 -99.000 -99.000 -99.000 -99.000 -99.000 -99.000 -99.000 -99.000 -99.000 -99.000 -99.000 -99.000 -99.000 -99.000 -99.000 -99.000 -99.000 -99.000 -99.000 -99.000 -99.000 -99.000 -99.000 -99.000 1.650 1.686 1.819 2.058 2.386 2.784 3.225 3.677 4.104 4.463 4.732 4.907 5.039 5.140 5.211 5.274 5.321 5.360 5.404 5.458 5.567 5.662 5.684 5.694 5.686 5.676 5.665 5.654 5.644 5.629 5.707 5.795 5.801 5.787 5.760 5.737 5.717 5.701 5.697
-99.000 -99.000 -99.000 -99.000 -99.000 -99.000 -99.000 -99.000 -99.000 -99.000 -99.000 -99.000 -99.000 -99.000 -99.000 -99.000 -99.000 -99.000 -99.000 -99.000 -99.000 -99.000 -99.000 -99.000 -99.000 -99.000 -99.000 -99.000 -99.000 1.649 1.657 1.728 1.909 2.188 2.547 2.966 3.416 3.859 4.256 4.562 4.785 4.935 5.054 5.149 5.218 5.284 5.334 5.377 5.424 5.475 5.585 5.679 5.694 5.693 5.677 5.660 5.639 5.619 5.605 5.588 5.664 5.751 5.762 5.757 5.745 5.736 5.730 5.727 5.733
-99.000 -99.000 -99.000 -99.000 -99.000 -99.000 -99.000 -99.000 -99.000 -99.000 -99.000 -99.000 -99.000 -99.000 -99.000 -99.000 -99.000 -99.000 -99.000 -99.000 -99.000 -99.000 -99.000 -99.000 -99.000 -99.000 -99.000 -99.000 1.647 1.652 1.675 1.792 2.018 2.334 2.722 3.159 3.612 4.036 4.388 4.634 4.819 4.949 5.055 5.143 5.212 5.280 5.334 5.380 5.427 5.479 5.590 5.682 5.687 5.681 5.662 5.640 5.615 5.586 5.565 5.551 5.626 5.711 5.728 5.736 5.735 5.736 5.743 5.751 5.760
-99.000 -99.000 -99.000 -99.000 -99.000 -99.000 -99.000 -99.000 -99.000 -99.000 -99.000 -99.000 -99.000 -99.000 -99.000 -99.000 -99.000 -99.000 -99.000 -99.000 -99.000 -99.000 -99.000 -99.000 -99.000 -99.000 -99.000 -99.000 -99.000 1.658 1.711 1.876 2.144 2.494 2.908 3.360 3.808 4.203 4.497 4.691 4.843 4.953 5.046 5.126 5.191 5.258 5.314 5.360 5.411 5.459 5.569 5.657 5.656 5.648 5.629 5.609 5.581 5.544 5.521 5.510 5.581 5.667 5.694 5.711 5.718 5.732 5.749 5.760 5.772
-99.000 -99.000 -99.000 -99.000 -99.000 -99.000 -99.000 -99.000 -99.000 -99.000 -99.000 -99.000 -99.000 -99.000 -99.000 -99.000 -99.000 -99.000 -99.000 -99.000 -99.000 -99.000 -99.000 -99.000 -99.000 -99.000 -99.000 -99.000 1.649 1.670 1.764 1.976 2.281 2.663 3.099 3.561 3.997 4.350 4.595 4.752 4.875 4.971 5.054 5.125 5.185 5.246 5.295 5.339 5.388 5.430 5.536 5.621 5.619 5.612 5.596 5.582 5.557 5.518 5.492 5.480 5.552 5.640 5.671 5.693 5.707 5.728 5.748 5.761 5.775
-99.000 -99.000 -99.000 -99.000 -99.000 -99.000 -99.000 -99.000 -99.000 -99.000 -99.000 -99.000 -99.000 -99.000 -99.000 -99.000 -99.000 -99.000 -99.000 -99.000 -99.000 -99.000 -99.000 -99.000 -99.000 -99.000 -99.000 -99.000 1.653 1.699 1.839 2.094 2.434 2.844 3.299 3.761 4.178 4.492 4.701 4.825 4.932 5.026 5.103 5.170 5.224 5.276 5.314 5.352 5.392 5.421 5.522 5.606 5.604 5.597 5.588 5.578 5.552 5.509 5.474 5.466 5.537 5.622 5.655 5.678 5.698 5.722 5.743 5.758 5.771
-99.000 -99.000 -99.000 -99.000 -99.000 -99.000 -99.000 -99.000 -99.000 -99.000 -99.000 -99.000 -99.000 -99.000 -99.000 -99.000 -99.000 -99.000 -99.000 -99.000 -99.000 -99.000 -99.000 -99.000 -99.000 -99.000 -99.000 1.645 1.661 1.745 1.932 2.227 2.600 3.034 3.498 3.946 4.329 4.604 4.775 4.874 4.979 5.079 5.156 5.223 5.273 5.313 5.341 5.370 5.395 5.411 5.509 5.593 5.588 5.584 5.577 5.566 5.539 5.485 5.453 5.453 5.522 5.604 5.635 5.661 5.683 5.707 5.730 5.746 5.755
-99.000 -99.000 -99.000 -99.000 -99.000 -99.000 -99.000 -99.000 -99.000 -99.000 -99.000 -99.000 -99.000 -99.000 -99.000 -99.000 -99.000 -99.000 -99.000 -99.000 -99.000 -99.000 -99.000 -99.000 -99.000 -99.000 -99.000 1.647 1.681 1.808 2.039 2.369 2.771 3.222 3.685 4.117 4.451 4.678 4.822 4.908 5.015 5.122 5.204 5.272 5.315 5.346 5.363 5.372 5.384 5.396 5.488 5.569 5.566 5.563 5.552 5.539 5.508 5.465 5.448 5.443 5.506 5.587 5.619 5.643 5.663 5.687 5.711 5.723 5.730
-99.000 -99.000 -99.000 -99.000 -99.000 -99.000 -99.000 -99.000 -99.000 -99.000 -99.000 -99.000 -99.000 -99.000 -99.000 -99.000 -99.000 -99.000 -99.000 -99.000 -99.000 -99.000 -99.000 -99.000 -99.000 -99.000 -99.000 1.652 1.715 1.888 2.156 2.518 2.941 3.399 3.855 4.254 4.538 4.727 4.850 4.929 5.042 5.158 5.242 5.307 5.342 5.361 5.362 5.356 5.361 5.366 5.455 5.536 5.534 5.531 5.522 5.510 5.486 5.458 5.443 5.434 5.494 5.576 5.605 5.624 5.641 5.664 5.684 5.695 5.701
-99.000 -99.000 -99.000 -99.000 -99.000 -99.000 -99.000 -99.000 -99.000 -99.000 -99.000 -99.000 -99.000 -99.000 -99.000 -99.000 -99.000 -99.000 -99.000 -99.000 -99.000 -99.000 -99.000 -99.000 -99.000 -99.000 1.643 1.662 1.766 1.982 2.286 2.675 3.112 3.573 4.015 4.367 4.607 4.765 4.873 4.950 5.069 5.193 5.275 5.333 5.355 5.359 5.347 5.330 5.328 5.330 5.417 5.498 5.500 5.504 5.499 5.491 5.477 5.454 5.437 5.428 5.489 5.568 5.592 5.606 5.619 5.637 5.655 5.665 5.669
-99.000 -99.000 -99.000 -99.000 -99.000 -99.000 -99.000 -99.000 -99.000 -99.000 -99.000 -99.000 -99.000 -99.000 -99.000 -99.000 -99.000 -99.000 -99.000 -99.000 -99.000 -99.000 -99.000 -99.000 -99.000 1.643 1.646 1.687 1.834 2.087 2.422 2.831 3.281 3.742 4.154 4.458 4.660 4.795 4.895 4.971 5.097 5.225 5.303 5.351 5.358 5.350 5.327 5.303 5.298 5.297 5.381 5.465 5.475 5.485 5.486 5.486 5.473 5.450 5.436 5.428 5.486 5.562 5.583 5.591 5.597 5.611 5.627 5.636 5.641
-99.000 -99.000 -99.000 -99.000 -99.000 -99.000 -99.000 -99.000 -99.000 -99.000 -99.000 -99.000 -99.000 -99.000 -99.000 -99.000 -99.000 -99.000 -99.000 -99.000 -99.000 -99.000 -99.000 -99.000 -99.000 1.643 1.653 1.727 1.916 2.204 2.566 2.992 3.451 3.903 4.270 4.526 4.696 4.816 4.914 4.991 5.124 5.258 5.327 5.360 5.356 5.339 5.308 5.280 5.271 5.267 5.352 5.442 5.459 5.476 5.485 5.485 5.471 5.451 5.437 5.426 5.483 5.558 5.576 5.578 5.579 5.589 5.602 5.613 5.619
-99.000 -99.000 -99.000 -99.000 -99.000 -99.000 -99.000 -99.000 -99.000 -99.000 -99.000 -99.000 -99.000 -99.000 -99.000 -99.000 -99.000 -99.000 -99.000 -99.000 -99.000 -99.000 -99.000 -99.000 -99.000 1.644 1.668 1.783 2.014 2.335 2.721 3.165 3.627 4.054 4.370 4.583 4.729 4.842 4.941 5.019 5.158 5.290 5.343 5.362 5.349 5.325 5.291 5.259 5.247 5.245 5.333 5.426 5.451 5.476 5.485 5.484 5.472 5.450 5.434 5.423 5.480 5.554 5.570 5.569 5.566 5.571 5.583 5.596 5.600
-99.000 -99.000 -99.000 -99.000 -99.000 -99.000 -99.000 -99.000 -99.000 -99.000 -99.000 -99.000 -99.000 -99.000 -99.000 -99.000 -99.000 -99.000 -99.000 -99.000 -99.000 -99.000 -99.000 -99.000 1.644 1.648 1.699 1.859 2.127 2.478 2.886 3.342 3.798 4.185 4.452 4.632 4.765 4.879 4.982 5.055 5.191 5.312 5.346 5.352 5.332 5.306 5.270 5.236 5.224 5.223 5.312 5.411 5.444 5.470 5.480 5.481 5.467 5.442 5.425 5.415 5.471 5.547 5.564 5.562 5.555 5.558 5.570 5.582 5.586
-99.000 -99.000 -99.000 -99.000 -99.000 -99.000 -99.000 -99.000 -99.000 -99.000 -99.000 -99.000 -99.000 -99.000 -99.000 -99.000 -99.000 -99.000 -99.000 -99.000 -99.000 -99.000 -99.000 -99.000 1.644 1.657 1.745 1.947 2.250 2.627 3.052 3.510 3.944 4.285 4.511 4.671 4.803 4.927 5.031 5.096 5.222 5.329 5.347 5.342 5.321 5.296 5.262 5.228 5.215 5.215 5.308 5.411 5.445 5.469 5.478 5.478 5.462 5.436 5.419 5.408 5.467 5.545 5.566 5.564 5.557 5.558 5.566 5.575 5.579
-99.000 -99.000 -99.000 -99.000 -99.000 -99.000 -99.000 -99.000 -99.000 -99.000 -99.000 -99.000 -99.000 -99.000 -99.000 -99.000 -99.000 -99.000 -99.000 -99.000 -99.000 -99.000 -99.000 1.644 1.646 1.678 1.808 2.050 2.383 2.784 3.217 3.663 4.060 4.360 4.564 4.724 4.870 5.003 5.104 5.153 5.270 5.365 5.370 5.361 5.340 5.315 5.278 5.241 5.223 5.226 5.321 5.425 5.458 5.478 5.486 5.484 5.466 5.440 5.421 5.410 5.471 5.554 5.578 5.578 5.571 5.569 5.571 5.580 5.585
-99.000 -99.000 -99.000 -99.000 -99.000 -99.000 -99.000 -99.000 -99.000 -99.000 -99.000 -99.000 -99.000 -99.000 -99.000 -99.000 -99.000 -99.000 -99.000 -99.000 -99.000 -99.000 -99.000 1.644 1.651 1.712 1.884 2.160 2.524 2.944 3.377 3.804 4.166 4.436 4.635 4.801 4.953 5.089 5.167 5.203 5.313 5.399 5.397 5.386 5.363 5.333 5.294 5.249 5.236 5.247 5.343 5.447 5.475 5.492 5.496 5.490 5.472 5.443 5.424 5.416 5.479 5.567 5.595 5.599 5.594 5.589 5.589 5.602 5.597
-99.000 -99.000 -99.000 -99.000 -99.000 -99.000 -99.000 -99.000 -99.000 -99.000 -99.000 -99.000 -99.000 -99.000 -99.000 -99.000 -99.000 -99.000 -99.000 -99.000 -99.000 -99.000 -99.000 1.645 1.663 1.762 1.973 2.281 2.666 3.095 3.523 3.930 4.269 4.521 4.713 4.879 5.022 5.130 5.194 5.232 5.336 5.418 5.415 5.405 5.376 5.344 5.306 5.274 5.273 5.279 5.371 5.475 5.500 5.510 5.506 5.497 5.477 5.452 5.438 5.430 5.493 5.587 5.623 5.632 5.627 5.624 5.626 5.625 5.603
-99.000 -99.000 -99.000 -99.000 -99.000 -99.000 -99.000 -99.000 -99.000 -99.000 -99.000 -99.000 -99.000 -99.000 -99.000 -99.000 -99.000 -99.000 -99.000 -99.000 -99.000 -99.000 1.644 1.647 1.686 1.824 2.071 2.405 2.805 3.236 3.653 4.042 4.358 4.592 4.773 4.925 5.047 5.138 5.204 5.240 5.345 5.428 5.430 5.420 5.391 5.362 5.334 5.316 5.315 5.316 5.407 5.510 5.528 5.528 5.520 5.509 5.491 5.472 5.461 5.450 5.516 5.617 5.660 5.671 5.669 5.667 5.658 5.640 5.606
-99.000 -99.000 -99.000 -99.000 -99.000 -99.000 -99.000 -99.000 -99.000 -99.000 -99.000 -99.000 -99.000 -99.000 -99.000 -99.000 -99.000 -99.000 -99.000 -99.000 -99.000 -99.000 1.644 1.653 1.723 1.901 2.178 2.535 2.948 3.378 3.786 4.158 4.443 4.653 4.816 4.948 5.058 5.145 5.210 5.248 5.355 5.443 5.447 5.440 5.415 5.393 5.375 5.363 5.361 5.360 5.450 5.550 5.560 5.554 5.541 5.529 5.516 5.501 5.489 5.478 5.547 5.656 5.701 5.714 5.712 5.702 5.682 5.650 5.606
-99.000 -99.000 -99.000 -99.000 -99.000 -99.000 -99.000 -99.000 -99.000 -99.000 -99.000 -99.000 -99.000 -99.000 -99.000 -99.000 -99.000 -99.000 -99.000 -99.000 -99.000 -99.000 1.645 1.667 1.774 1.990 2.296 2.672 3.091 3.519 3.918 4.262 4.514 4.699 4.839 4.959 5.067 5.154 5.219 5.255 5.364 5.456 5.465 5.463 5.445 5.434 5.423 5.414 5.415 5.410 5.496 5.594 5.600 5.588 5.571 5.562 5.550 5.536 5.527 5.515 5.583 5.694 5.741 5.755 5.747 5.729 5.699 5.655 5.603
-99.000 -99.000 -99.000 -99.000 -99.000 -99.000 -99.000 -99.000 -99.000 -99.000 -99.000 -99.000 -99.000 -99.000 -99.000 -99.000 -99.000 -99.000 -99.000 -99.000 -99.000 1.644 1.648 1.694 1.842 2.093 2.425 2.816 3.239 3.663 4.043 4.348 4.567 4.727 4.852 4.969 5.078 5.164 5.225 5.260 5.373 5.472 5.486 5.490 5.483 5.480 5.475 5.470 5.470 5.460 5.544 5.642 5.646 5.630 5.613 5.602 5.590 5.579 5.569 5.552 5.617 5.729 5.777 5.785 5.772 5.747 5.707 5.655 5.597
-99.000 -99.000 -99.000 -99.000 -99.000 -99.000 -99.000 -99.000 -99.000 -99.000 -99.000 -99.000 -99.000 -99.000 -99.000 -99.000 -99.000 -99.000 -99.000 -99.000 -99.000 1.644 1.656 1.737 1.927 2.210 2.565 2.966 3.392 3.807 4.158 4.426 4.617 4.760 4.878 4.991 5.098 5.180 5.235 5.269 5.388 5.494 5.511 5.523 5.524 5.528 5.530 5.527 5.522 5.510 5.596 5.695 5.697 5.679 5.660 5.645 5.634 5.623 5.609 5.585 5.648 5.760 5.802 5.806 5.787 5.754 5.709 5.651 5.585
-99.000 -99.000 -99.000 -99.000 -99.000 -99.000 -99.000 -99.000 -99.000 -99.000 -99.000 -99.000 -99.000 -99.000 -99.000 -99.000 -99.000 -99.000 -99.000 -99.000 1.644 1.646 1.675 1.797 2.026 2.339 2.713 3.123 3.545 3.946 4.265 4.502 4.672 4.802 4.913 5.023 5.124 5.198 5.249 5.281 5.405 5.514 5.535 5.554 5.563 5.577 5.582 5.578 5.573 5.558 5.643 5.744 5.747 5.728 5.704 5.689 5.675 5.659 5.641 5.611 5.669 5.776 5.812 5.811 5.786 5.749 5.698 5.632 5.563
-99.000 -99.000 -99.000 -99.000 -99.000 -99.000 -99.000 -99.000 -99.000 -99.000 -99.000 -99.000 -99.000 -99.000 -99.000 -99.000 -99.000 -99.000 -99.000 -99.000 1.644 1.651 1.710 1.876 2.141 2.480 2.870 3.282 3.695 4.073 4.358 4.567 4.720 4.840 4.945 5.048 5.137 5.202 5.252 5.288 5.416 5.527 5.552 5.577 5.596 5.617 5.625 5.622 5.616 5.600 5.685 5.789 5.795 5.775 5.749 5.730 5.710 5.689 5.667 5.629 5.679 5.780 5.813 5.805 5.775 5.734 5.680 5.612 5.541
-99.000 -99.000 -99.000 -99.000 -99.000 -99.000 -99.000 -99.000 -99.000 -99.000 -99.000 -99.000 -99.000 -99.000 -99.000 -99.000 -99.000 -99.000 -99.000 -99.000 1.645 1.663 1.763 1.971 2.269 2.632 3.031 3.441 3.842 4.190 4.439 4.624 4.763 4.875 4.973 5.065 5.143 5.208 5.265 5.302 5.431 5.541 5.568 5.599 5.628 5.656 5.668 5.667 5.660 5.641 5.727 5.838 5.846 5.826 5.799 5.775 5.748 5.723 5.696 5.646 5.687 5.784 5.811 5.799 5.764 5.721 5.665 5.594 5.521
