version1/TsunamiDB/out53998.asc
ncols          264
nrows          230
xllcorner      497853.4375
yllcorner      4229146.0000
cellsize         5.
NODATA_value   -99
[rows 180 to 209 of 230, columns 138 to 206 of 264]
-99.000 -99.000 -99.000 -99.000 -99.000 -99.000 -99.000 -99.000 -99.000 -99.000 -99.000 -99.000 -99.000 -99.000 -99.000 -99.000 -99.000 -99.000 -99.000 -99.000 -99.000 -99.000 -99.000 -99.000 -99.000 -99.000 -99.000 -99.000 -99.000 -99.000 -99.000 1.672 1.676 1.698 1.808 2.029 2.322 2.669 3.058 3.450 3.896 4.166 4.347 4.464 4.524 4.559 4.569 4.567 4.581 4.617 4.764 4.844 4.887 4.943 4.975 5.007 5.026 5.035 5.041 5.042 5.128 5.240 5.274 5.285 5.281 5.269 5.246 5.213 5.177
-99.000 -99.000 -99.000 -99.000 -99.000 -99.000 -99.000 -99.000 -99.000 -99.000 -99.000 -99.000 -99.000 -99.000 -99.000 -99.000 -99.000 -99.000 -99.000 -99.000 -99.000 -99.000 -99.000 -99.000 -99.000 -99.000 -99.000 -99.000 -99.000 -99.000 -99.000 -99.000 1.680 1.729 1.876 2.129 2.457 2.838 3.237 3.618 4.031 4.263 4.413 4.520 4.569 4.598 4.604 4.603 4.622 4.665 4.821 4.904 4.944 4.987 5.013 5.043 5.063 5.077 5.084 5.079 5.165 5.279 5.312 5.317 5.306 5.287 5.254 5.213 5.171
-99.000 -99.000 -99.000 -99.000 -99.000 -99.000 -99.000 -99.000 -99.000 -99.000 -99.000 -99.000 -99.000 -99.000 -99.000 -99.000 -99.000 -99.000 -99.000 -99.000 -99.000 -99.000 -99.000 -99.000 -99.000 -99.000 -99.000 -99.000 -99.000 -99.000 -99.000 1.676 1.693 1.777 1.971 2.260 2.624 3.025 3.422 3.786 4.163 4.363 4.486 4.576 4.611 4.632 4.638 4.638 4.662 4.717 4.871 4.960 4.994 5.027 5.048 5.075 5.098 5.114 5.118 5.110 5.195 5.310 5.337 5.336 5.320 5.294 5.256 5.209 5.160
-99.000 -99.000 -99.000 -99.000 -99.000 -99.000 -99.000 -99.000 -99.000 -99.000 -99.000 -99.000 -99.000 -99.000 -99.000 -99.000 -99.000 -99.000 -99.000 -99.000 -99.000 -99.000 -99.000 -99.000 -99.000 -99.000 -99.000 -99.000 -99.000 -99.000 -99.000 1.677 1.714 1.840 2.072 2.400 2.797 3.217 3.610 3.948 4.287 4.456 4.551 4.624 4.649 4.668 4.669 4.671 4.705 4.760 4.906 5.004 5.034 5.058 5.074 5.101 5.125 5.138 5.141 5.128 5.210 5.322 5.344 5.339 5.316 5.287 5.245 5.190 5.138
-99.000 -99.000 -99.000 -99.000 -99.000 -99.000 -99.000 -99.000 -99.000 -99.000 -99.000 -99.000 -99.000 -99.000 -99.000 -99.000 -99.000 -99.000 -99.000 -99.000 -99.000 -99.000 -99.000 -99.000 -99.000 -99.000 -99.000 -99.000 -99.000 -99.000 -99.000 1.682 1.747 1.915 2.181 2.544 2.970 3.396 3.781 4.095 4.392 4.530 4.606 4.668 4.687 4.702 4.702 4.709 4.747 4.798 4.937 5.042 5.068 5.085 5.099 5.124 5.143 5.153 5.155 5.137 5.214 5.322 5.342 5.330 5.304 5.272 5.228 5.172 5.120
-99.000 -99.000 -99.000 -99.000 -99.000 -99.000 -99.000 -99.000 -99.000 -99.000 -99.000 -99.000 -99.000 -99.000 -99.000 -99.000 -99.000 -99.000 -99.000 -99.000 -99.000 -99.000 -99.000 -99.000 -99.000 -99.000 -99.000 -99.000 -99.000 -99.000 1.670 1.698 1.802 2.013 2.318 2.717 3.160 3.587 3.960 4.236 4.480 4.593 4.660 4.717 4.736 4.750 4.751 4.763 4.803 4.844 4.977 5.089 5.110 5.122 5.133 5.153 5.168 5.177 5.175 5.147 5.219 5.326 5.341 5.325 5.296 5.263 5.217 5.160 5.107
-99.000 -99.000 -99.000 -99.000 -99.000 -99.000 -99.000 -99.000 -99.000 -99.000 -99.000 -99.000 -99.000 -99.000 -99.000 -99.000 -99.000 -99.000 -99.000 -99.000 -99.000 -99.000 -99.000 -99.000 -99.000 -99.000 -99.000 -99.000 -99.000 1.674 1.676 1.730 1.880 2.135 2.482 2.903 3.358 3.800 4.139 4.361 4.552 4.651 4.715 4.769 4.787 4.799 4.805 4.822 4.859 4.893 5.023 5.137 5.154 5.164 5.173 5.186 5.196 5.203 5.190 5.152 5.220 5.323 5.334 5.315 5.282 5.245 5.199 5.137 5.089
-99.000 -99.000 -99.000 -99.000 -99.000 -99.000 -99.000 -99.000 -99.000 -99.000 -99.000 -99.000 -99.000 -99.000 -99.000 -99.000 -99.000 -99.000 -99.000 -99.000 -99.000 -99.000 -99.000 -99.000 -99.000 -99.000 -99.000 -99.000 -99.000 1.677 1.687 1.775 1.972 2.265 2.642 3.082 3.544 3.972 4.281 4.446 4.601 4.699 4.766 4.816 4.829 4.846 4.858 4.882 4.920 4.944 5.069 5.188 5.206 5.213 5.216 5.226 5.230 5.221 5.197 5.152 5.214 5.312 5.320 5.296 5.257 5.215 5.166 5.114 5.084
-99.000 -99.000 -99.000 -99.000 -99.000 -99.000 -99.000 -99.000 -99.000 -99.000 -99.000 -99.000 -99.000 -99.000 -99.000 -99.000 -99.000 -99.000 -99.000 -99.000 -99.000 -99.000 -99.000 -99.000 -99.000 -99.000 -99.000 -99.000 -99.000 1.682 1.709 1.840 2.077 2.403 2.803 3.258 3.726 4.122 4.375 4.498 4.647 4.750 4.816 4.861 4.872 4.893 4.912 4.944 4.980 4.994 5.119 5.246 5.263 5.263 5.263 5.266 5.254 5.231 5.197 5.144 5.199 5.293 5.297 5.267 5.223 5.180 5.136 5.103 5.084
-99.000 -99.000 -99.000 -99.000 -99.000 -99.000 -99.000 -99.000 -99.000 -99.000 -99.000 -99.000 -99.000 -99.000 -99.000 -99.000 -99.000 -99.000 -99.000 -99.000 -99.000 -99.000 -99.000 -99.000 -99.000 -99.000 -99.000 -99.000 -99.000 1.689 1.747 1.925 2.198 2.554 2.978 3.446 3.905 4.246 4.447 4.556 4.704 4.811 4.867 4.906 4.913 4.937 4.969 5.008 5.038 5.047 5.174 5.306 5.316 5.312 5.306 5.295 5.270 5.234 5.188 5.128 5.177 5.265 5.264 5.231 5.187 5.147 5.117 5.097 5.085
-99.000 -99.000 -99.000 -99.000 -99.000 -99.000 -99.000 -99.000 -99.000 -99.000 -99.000 -99.000 -99.000 -99.000 -99.000 -99.000 -99.000 -99.000 -99.000 -99.000 -99.000 -99.000 -99.000 -99.000 -99.000 -99.000 -99.000 -99.000 1.675 1.703 1.800 2.018 2.327 2.711 3.155 3.637 4.061 4.345 4.514 4.616 4.762 4.864 4.915 4.944 4.945 4.982 5.026 5.069 5.100 5.101 5.225 5.358 5.366 5.356 5.339 5.318 5.280 5.230 5.174 5.107 5.148 5.230 5.227 5.194 5.154 5.126 5.106 5.094 5.089
-99.000 -99.000 -99.000 -99.000 -99.000 -99.000 -99.000 -99.000 -99.000 -99.000 -99.000 -99.000 -99.000 -99.000 -99.000 -99.000 -99.000 -99.000 -99.000 -99.000 -99.000 -99.000 -99.000 -99.000 -99.000 -99.000 -99.000 -99.000 1.677 1.727 1.870 2.126 2.466 2.880 3.351 3.830 4.198 4.430 4.576 4.674 4.817 4.913 4.954 4.967 4.974 5.027 5.077 5.128 5.159 5.149 5.272 5.408 5.412 5.392 5.366 5.335 5.284 5.221 5.155 5.081 5.115 5.193 5.191 5.161 5.131 5.111 5.099 5.094 5.094
-99.000 -99.000 -99.000 -99.000 -99.000 -99.000 -99.000 -99.000 -99.000 -99.000 -99.000 -99.000 -99.000 -99.000 -99.000 -99.000 -99.000 -99.000 -99.000 -99.000 -99.000 -99.000 -99.000 -99.000 -99.000 -99.000 -99.000 1.665 1.681 1.768 1.957 2.253 2.625 3.072 3.565 4.012 4.321 4.517 4.648 4.739 4.868 4.955 4.975 4.981 5.003 5.063 5.124 5.183 5.210 5.195 5.317 5.453 5.447 5.419 5.385 5.343 5.281 5.207 5.130 5.051 5.083 5.157 5.156 5.136 5.112 5.097 5.094 5.096 5.098
-99.000 -99.000 -99.000 -99.000 -99.000 -99.000 -99.000 -99.000 -99.000 -99.000 -99.000 -99.000 -99.000 -99.000 -99.000 -99.000 -99.000 -99.000 -99.000 -99.000 -99.000 -99.000 -99.000 -99.000 -99.000 -99.000 -99.000 1.662 1.697 1.827 2.060 2.391 2.799 3.274 3.768 4.174 4.434 4.605 4.729 4.797 4.899 4.971 4.983 4.991 5.019 5.090 5.161 5.223 5.253 5.231 5.348 5.479 5.466 5.430 5.387 5.336 5.265 5.178 5.093 5.014 5.043 5.117 5.123 5.108 5.090 5.085 5.088 5.092 5.094
-99.000 -99.000 -99.000 -99.000 -99.000 -99.000 -99.000 -99.000 -99.000 -99.000 -99.000 -99.000 -99.000 -99.000 -99.000 -99.000 -99.000 -99.000 -99.000 -99.000 -99.000 -99.000 -99.000 -99.000 -99.000 -99.000 -99.000 1.668 1.735 1.914 2.187 2.557 2.998 3.491 3.963 4.313 4.534 4.695 4.813 4.850 4.929 5.001 5.010 5.016 5.052 5.124 5.188 5.252 5.286 5.257 5.365 5.492 5.475 5.433 5.382 5.325 5.245 5.152 5.063 4.984 5.014 5.089 5.099 5.088 5.075 5.076 5.081 5.086 5.090
-99.000 -99.000 -99.000 -99.000 -99.000 -99.000 -99.000 -99.000 -99.000 -99.000 -99.000 -99.000 -99.000 -99.000 -99.000 -99.000 -99.000 -99.000 -99.000 -99.000 -99.000 -99.000 -99.000 -99.000 -99.000 -99.000 1.654 1.677 1.786 2.010 2.326 2.737 3.205 3.695 4.128 4.439 4.652 4.823 4.926 4.916 4.982 5.056 5.055 5.060 5.099 5.164 5.223 5.295 5.332 5.288 5.388 5.512 5.492 5.443 5.387 5.324 5.237 5.137 5.042 4.965 4.997 5.072 5.084 5.076 5.069 5.073 5.079 5.086 5.090
-99.000 -99.000 -99.000 -99.000 -99.000 -99.000 -99.000 -99.000 -99.000 -99.000 -99.000 -99.000 -99.000 -99.000 -99.000 -99.000 -99.000 -99.000 -99.000 -99.000 -99.000 -99.000 -99.000 -99.000 -99.000 -99.000 1.654 1.698 1.855 2.121 2.483 2.935 3.416 3.886 4.275 4.559 4.780 4.964 5.009 4.961 5.032 5.107 5.104 5.114 5.155 5.211 5.272 5.358 5.374 5.311 5.407 5.526 5.501 5.449 5.387 5.313 5.221 5.111 5.018 4.952 4.984 5.059 5.072 5.068 5.064 5.068 5.076 5.084 5.089
-99.000 -99.000 -99.000 -99.000 -99.000 -99.000 -99.000 -99.000 -99.000 -99.000 -99.000 -99.000 -99.000 -99.000 -99.000 -99.000 -99.000 -99.000 -99.000 -99.000 -99.000 -99.000 -99.000 -99.000 -99.000 1.654 1.659 1.739 1.936 2.240 2.652 3.144 3.624 4.061 4.409 4.682 4.882 5.009 5.024 4.990 5.075 5.148 5.152 5.168 5.210 5.271 5.333 5.386 5.379 5.322 5.411 5.521 5.497 5.442 5.371 5.290 5.190 5.087 5.011 4.946 4.975 5.050 5.067 5.065 5.060 5.065 5.074 5.083 5.090
-99.000 -99.000 -99.000 -99.000 -99.000 -99.000 -99.000 -99.000 -99.000 -99.000 -99.000 -99.000 -99.000 -99.000 -99.000 -99.000 -99.000 -99.000 -99.000 -99.000 -99.000 -99.000 -99.000 -99.000 -99.000 1.652 1.674 1.795 2.031 2.373 2.834 3.346 3.790 4.186 4.498 4.747 4.909 4.999 5.015 4.997 5.100 5.172 5.182 5.202 5.251 5.309 5.352 5.382 5.370 5.312 5.395 5.500 5.478 5.419 5.345 5.261 5.166 5.079 5.010 4.943 4.971 5.048 5.067 5.063 5.058 5.063 5.073 5.085 5.095
-99.000 -99.000 -99.000 -99.000 -99.000 -99.000 -99.000 -99.000 -99.000 -99.000 -99.000 -99.000 -99.000 -99.000 -99.000 -99.000 -99.000 -99.000 -99.000 -99.000 -99.000 -99.000 -99.000 -99.000 -99.000 1.656 1.708 1.872 2.151 2.537 3.040 3.545 3.928 4.283 4.554 4.767 4.900 4.971 4.987 4.993 5.109 5.177 5.185 5.215 5.268 5.315 5.346 5.364 5.344 5.287 5.366 5.468 5.446 5.390 5.318 5.237 5.154 5.077 5.008 4.943 4.973 5.050 5.067 5.063 5.058 5.062 5.075 5.092 5.104
-99.000 -99.000 -99.000 -99.000 -99.000 -99.000 -99.000 -99.000 -99.000 -99.000 -99.000 -99.000 -99.000 -99.000 -99.000 -99.000 -99.000 -99.000 -99.000 -99.000 -99.000 -99.000 -99.000 -99.000 1.656 1.667 1.756 1.962 2.292 2.716 3.245 3.717 4.039 4.356 4.582 4.767 4.878 4.934 4.955 4.981 5.105 5.160 5.174 5.216 5.263 5.303 5.327 5.333 5.310 5.256 5.329 5.426 5.409 5.360 5.293 5.224 5.149 5.074 5.009 4.947 4.977 5.052 5.070 5.067 5.061 5.067 5.084 5.103 5.120
-99.000 -99.000 -99.000 -99.000 -99.000 -99.000 -99.000 -99.000 -99.000 -99.000 -99.000 -99.000 -99.000 -99.000 -99.000 -99.000 -99.000 -99.000 -99.000 -99.000 -99.000 -99.000 -99.000 -99.000 1.661 1.696 1.829 2.077 2.456 2.906 3.443 3.866 4.121 4.404 4.589 4.747 4.840 4.886 4.911 4.953 5.083 5.132 5.153 5.197 5.245 5.279 5.295 5.296 5.272 5.218 5.287 5.385 5.375 5.332 5.277 5.215 5.145 5.074 5.012 4.951 4.980 5.055 5.075 5.073 5.070 5.078 5.096 5.121 5.143
-99.000 -99.000 -99.000 -99.000 -99.000 -99.000 -99.000 -99.000 -99.000 -99.000 -99.000 -99.000 -99.000 -99.000 -99.000 -99.000 -99.000 -99.000 -99.000 -99.000 -99.000 -99.000 -99.000 1.671 1.676 1.747 1.929 2.228 2.645 3.105 3.635 3.994 4.191 4.430 4.569 4.704 4.782 4.818 4.849 4.914 5.043 5.091 5.117 5.168 5.215 5.242 5.257 5.255 5.227 5.177 5.248 5.346 5.340 5.308 5.261 5.204 5.140 5.073 5.009 4.950 4.982 5.057 5.080 5.083 5.082 5.092 5.115 5.145 5.169
-99.000 -99.000 -99.000 -99.000 -99.000 -99.000 -99.000 -99.000 -99.000 -99.000 -99.000 -99.000 -99.000 -99.000 -99.000 -99.000 -99.000 -99.000 -99.000 -99.000 -99.000 -99.000 -99.000 1.677 1.699 1.816 2.046 2.396 2.852 3.303 3.809 4.096 4.242 4.416 4.521 4.634 4.694 4.720 4.762 4.841 4.963 5.016 5.055 5.114 5.157 5.184 5.200 5.193 5.170 5.127 5.196 5.294 5.298 5.274 5.232 5.185 5.127 5.058 4.995 4.942 4.975 5.052 5.083 5.092 5.095 5.108 5.136 5.169 5.194
-99.000 -99.000 -99.000 -99.000 -99.000 -99.000 -99.000 -99.000 -99.000 -99.000 -99.000 -99.000 -99.000 -99.000 -99.000 -99.000 -99.000 -99.000 -99.000 -99.000 -99.000 -99.000 1.677 1.681 1.731 1.895 2.177 2.601 3.088 3.524 3.993 4.223 4.324 4.454 4.539 4.629 4.672 4.688 4.728 4.802 4.912 4.972 5.017 5.074 5.113 5.140 5.152 5.145 5.126 5.085 5.156 5.257 5.266 5.246 5.210 5.168 5.113 5.046 4.986 4.937 4.973 5.055 5.093 5.109 5.116 5.133 5.161 5.192 5.218
-99.000 -99.000 -99.000 -99.000 -99.000 -99.000 -99.000 -99.000 -99.000 -99.000 -99.000 -99.000 -99.000 -99.000 -99.000 -99.000 -99.000 -99.000 -99.000 -99.000 -99.000 -99.000 1.682 1.698 1.789 2.003 2.359 2.841 3.323 3.732 4.175 4.365 4.447 4.561 4.634 4.704 4.728 4.729 4.752 4.809 4.906 4.970 5.011 5.059 5.094 5.115 5.122 5.116 5.097 5.060 5.132 5.232 5.243 5.226 5.196 5.159 5.106 5.041 4.981 4.937 4.979 5.066 5.111 5.132 5.146 5.165 5.190 5.222 5.249
-99.000 -99.000 -99.000 -99.000 -99.000 -99.000 -99.000 -99.000 -99.000 -99.000 -99.000 -99.000 -99.000 -99.000 -99.000 -99.000 -99.000 -99.000 -99.000 -99.000 -99.000 -99.000 1.691 1.728 1.867 2.133 2.554 3.072 3.502 3.874 4.259 4.425 4.495 4.600 4.664 4.722 4.743 4.731 4.755 4.805 4.896 4.963 4.997 5.041 5.068 5.082 5.090 5.083 5.065 5.035 5.108 5.205 5.217 5.205 5.179 5.142 5.093 5.026 4.971 4.939 4.986 5.077 5.128 5.159 5.178 5.197 5.223 5.259 5.277
-99.000 -99.000 -99.000 -99.000 -99.000 -99.000 -99.000 -99.000 -99.000 -99.000 -99.000 -99.000 -99.000 -99.000 -99.000 -99.000 -99.000 -99.000 -99.000 -99.000 -99.000 1.684 1.697 1.765 1.948 2.275 2.733 3.224 3.659 3.993 4.315 4.470 4.527 4.614 4.661 4.710 4.732 4.732 4.762 4.795 4.883 4.950 4.982 5.019 5.036 5.047 5.053 5.046 5.034 5.009 5.078 5.173 5.189 5.179 5.151 5.115 5.067 5.009 4.970 4.945 4.994 5.091 5.152 5.190 5.213 5.237 5.266 5.291 5.293
-99.000 -99.000 -99.000 -99.000 -99.000 -99.000 -99.000 -99.000 -99.000 -99.000 -99.000 -99.000 -99.000 -99.000 -99.000 -99.000 -99.000 -99.000 -99.000 -99.000 1.679 1.687 1.710 1.817 2.047 2.420 2.892 3.374 3.791 4.073 4.364 4.512 4.557 4.627 4.664 4.706 4.728 4.735 4.757 4.781 4.864 4.935 4.960 4.988 5.001 5.008 5.012 5.010 5.001 4.977 5.044 5.139 5.157 5.145 5.117 5.084 5.043 5.003 4.975 4.953 5.006 5.112 5.182 5.225 5.253 5.280 5.302 5.311 5.297
-99.000 -99.000 -99.000 -99.000 -99.000 -99.000 -99.000 -99.000 -99.000 -99.000 -99.000 -99.000 -99.000 -99.000 -99.000 -99.000 -99.000 -99.000 -99.000 -99.000 -99.000 1.694 1.738 1.892 2.176 2.583 3.069 3.539 3.908 4.146 4.410 4.559 4.589 4.650 4.676 4.709 4.726 4.726 4.745 4.765 4.842 4.911 4.930 4.955 4.962 4.967 4.974 4.974 4.965 4.944 5.011 5.104 5.120 5.109 5.084 5.056 5.029 5.002 4.982 4.966 5.025 5.139 5.214 5.262 5.293 5.315 5.326 5.319 5.290
