version1/TsunamiDB/out54157.asc
ncols          264
nrows          230
xllcorner      497853.4375
yllcorner      4229146.0000
cellsize         5.
NODATA_value   -99
[rows 170 to 203 of 230, columns 77 to 153 of 264]
7.001 7.008 7.015 7.022 7.028 7.034 7.040 7.045 7.050 7.054 7.058 7.061 7.065 7.068 7.070 7.072 7.074 7.076 7.078 7.079 7.081 7.083 7.084 7.086 7.087 7.088 7.089 7.090 7.092 7.093 7.095 7.097 7.099 7.101 7.103 7.105 7.108 7.111 7.113 7.116 7.119 7.122 7.125 7.129 7.132 7.136 7.139 7.142 7.144 7.147 7.150 7.152 7.155 7.157 7.159 7.161 7.163 7.165 7.167 7.169 7.171 7.172 7.174 7.176 7.177 7.179 7.181 7.183 7.185 7.187 7.188 7.190 7.191 7.193 7.195 7.196 7.198
7.004 7.011 7.018 7.025 7.032 7.038 7.044 7.049 7.054 7.059 7.063 7.067 7.071 7.074 7.076 7.079 7.081 7.083 7.085 7.087 7.088 7.090 7.092 7.093 7.094 7.095 7.097 7.098 7.099 7.100 7.102 7.104 7.105 7.107 7.109 7.112 7.114 7.117 7.119 7.122 7.125 7.128 7.131 7.135 7.138 7.141 7.144 7.147 7.150 7.153 7.155 7.158 7.160 7.163 7.165 7.167 7.169 7.171 7.173 7.175 7.176 7.178 7.180 7.182 7.183 7.185 7.187 7.189 7.191 7.193 7.194 7.196 7.197 7.199 7.201 7.202 7.204
7.006 7.014 7.021 7.028 7.035 7.041 7.047 7.053 7.058 7.063 7.068 7.072 7.076 7.079 7.082 7.085 7.088 7.090 7.092 7.094 7.096 7.098 7.099 7.100 7.102 7.103 7.104 7.105 7.106 7.107 7.109 7.110 7.112 7.114 7.116 7.118 7.120 7.123 7.125 7.128 7.131 7.134 7.137 7.140 7.144 7.147 7.150 7.153 7.155 7.158 7.161 7.163 7.166 7.168 7.170 7.172 7.175 7.176 7.178 7.180 7.182 7.184 7.186 7.187 7.189 7.191 7.193 7.195 7.197 7.198 7.200 7.202 7.203 7.205 7.207 7.208 7.210
7.008 7.016 7.023 7.030 7.037 7.044 7.050 7.056 7.062 7.067 7.072 7.077 7.081 7.085 7.088 7.091 7.094 7.096 7.098 7.100 7.102 7.105 7.106 7.107 7.109 7.110 7.111 7.112 7.113 7.114 7.115 7.117 7.118 7.120 7.122 7.124 7.126 7.128 7.131 7.134 7.136 7.139 7.142 7.145 7.149 7.152 7.155 7.158 7.161 7.163 7.166 7.169 7.171 7.173 7.176 7.178 7.180 7.182 7.184 7.186 7.188 7.189 7.191 7.193 7.195 7.196 7.199 7.201 7.203 7.204 7.206 7.208 7.209 7.211 7.213 7.214 7.216
7.010 7.018 7.025 7.032 7.039 7.046 7.053 7.059 7.065 7.071 7.076 7.081 7.085 7.089 7.093 7.096 7.099 7.102 7.104 7.107 7.109 7.111 7.113 7.114 7.115 7.116 7.117 7.118 7.119 7.121 7.122 7.123 7.124 7.126 7.128 7.130 7.132 7.134 7.136 7.139 7.142 7.144 7.147 7.151 7.154 7.157 7.160 7.163 7.166 7.168 7.171 7.174 7.176 7.178 7.181 7.183 7.185 7.187 7.189 7.191 7.193 7.195 7.197 7.198 7.200 7.202 7.204 7.206 7.208 7.210 7.212 7.213 7.215 7.217 7.219 7.220 7.222
7.012 7.019 7.027 7.034 7.041 7.048 7.055 7.061 7.067 7.073 7.079 7.084 7.089 7.093 7.097 7.101 7.104 7.107 7.110 7.112 7.115 7.117 7.119 7.120 7.122 7.123 7.124 7.125 7.126 7.127 7.128 7.129 7.131 7.132 7.134 7.135 7.137 7.140 7.142 7.144 7.147 7.150 7.153 7.156 7.159 7.162 7.165 7.168 7.171 7.173 7.176 7.179 7.181 7.183 7.186 7.188 7.190 7.192 7.194 7.196 7.198 7.200 7.202 7.204 7.205 7.207 7.210 7.212 7.214 7.215 7.217 7.219 7.221 7.222 7.224 7.226 7.228
7.013 7.021 7.028 7.035 7.042 7.049 7.056 7.063 7.069 7.076 7.081 7.087 7.092 7.097 7.101 7.105 7.109 7.112 7.115 7.118 7.121 7.123 7.125 7.126 7.128 7.129 7.130 7.131 7.132 7.133 7.134 7.135 7.136 7.138 7.139 7.141 7.143 7.145 7.147 7.149 7.152 7.155 7.157 7.161 7.164 7.167 7.170 7.173 7.175 7.178 7.181 7.183 7.186 7.188 7.191 7.193 7.195 7.197 7.199 7.201 7.203 7.205 7.207 7.209 7.211 7.213 7.215 7.217 7.219 7.221 7.223 7.224 7.226 7.228 7.230 7.232 7.234
7.014 7.021 7.029 7.036 7.043 7.050 7.057 7.064 7.071 7.077 7.083 7.089 7.095 7.100 7.104 7.109 7.113 7.116 7.120 7.123 7.126 7.129 7.130 7.132 7.134 7.135 7.136 7.137 7.138 7.139 7.140 7.141 7.142 7.143 7.145 7.146 7.148 7.150 7.152 7.154 7.157 7.159 7.162 7.166 7.169 7.171 7.174 7.177 7.180 7.183 7.185 7.188 7.190 7.193 7.195 7.198 7.200 7.202 7.204 7.206 7.208 7.210 7.212 7.214 7.216 7.218 7.220 7.222 7.224 7.226 7.228 7.230 7.232 7.234 7.236 7.237 7.239
7.015 7.022 7.029 7.036 7.043 7.051 7.058 7.065 7.072 7.078 7.085 7.091 7.097 7.102 7.107 7.112 7.116 7.120 7.124 7.127 7.130 7.133 7.136 7.137 7.139 7.140 7.142 7.143 7.144 7.145 7.146 7.147 7.148 7.149 7.150 7.152 7.153 7.155 7.157 7.159 7.162 7.164 7.167 7.170 7.173 7.176 7.179 7.182 7.184 7.187 7.190 7.192 7.195 7.197 7.200 7.202 7.204 7.207 7.209 7.211 7.213 7.215 7.217 7.219 7.221 7.223 7.225 7.228 7.230 7.231 7.233 7.235 7.237 7.239 7.241 7.243 7.245
7.014 7.022 7.029 7.036 7.043 7.050 7.058 7.065 7.072 7.079 7.085 7.092 7.098 7.103 7.109 7.114 7.119 7.123 7.127 7.131 7.134 7.138 7.140 7.142 7.144 7.145 7.147 7.148 7.149 7.150 7.151 7.152 7.153 7.154 7.155 7.157 7.158 7.160 7.162 7.164 7.166 7.169 7.171 7.175 7.178 7.180 7.183 7.186 7.189 7.191 7.194 7.197 7.199 7.202 7.204 7.207 7.209 7.211 7.214 7.216 7.218 7.220 7.222 7.224 7.226 7.228 7.230 7.233 7.235 7.237 7.239 7.241 7.243 7.245 7.247 7.249 7.251
7.014 7.021 7.028 7.035 7.042 7.050 7.057 7.064 7.071 7.078 7.085 7.092 7.098 7.104 7.110 7.115 7.121 7.125 7.130 7.134 7.138 7.141 7.144 7.146 7.148 7.150 7.152 7.153 7.154 7.155 7.156 7.157 7.158 7.159 7.160 7.162 7.163 7.165 7.167 7.169 7.171 7.173 7.176 7.179 7.182 7.185 7.187 7.190 7.193 7.196 7.198 7.201 7.204 7.206 7.209 7.211 7.214 7.216 7.218 7.220 7.223 7.225 7.227 7.229 7.231 7.233 7.236 7.238 7.240 7.242 7.244 7.246 7.248 7.250 7.252 7.255 7.257
7.012 7.019 7.026 7.033 7.041 7.048 7.055 7.063 7.070 7.077 7.084 7.091 7.098 7.104 7.110 7.116 7.122 7.127 7.131 7.136 7.140 7.144 7.147 7.150 7.152 7.154 7.156 7.157 7.159 7.160 7.161 7.162 7.163 7.164 7.165 7.166 7.168 7.169 7.171 7.173 7.175 7.178 7.180 7.183 7.186 7.189 7.192 7.194 7.197 7.200 7.203 7.205 7.208 7.211 7.213 7.216 7.218 7.221 7.223 7.225 7.227 7.230 7.232 7.234 7.236 7.238 7.241 7.243 7.245 7.248 7.250 7.252 7.254 7.256 7.258 7.261 7.263
7.010 7.017 7.024 7.031 7.038 7.046 7.053 7.060 7.068 7.075 7.082 7.089 7.096 7.103 7.110 7.116 7.122 7.127 7.132 7.137 7.142 7.147 7.150 7.153 7.156 7.158 7.160 7.161 7.163 7.164 7.165 7.166 7.167 7.168 7.170 7.171 7.172 7.174 7.175 7.177 7.179 7.182 7.184 7.187 7.190 7.193 7.196 7.199 7.201 7.204 7.207 7.210 7.212 7.215 7.218 7.220 7.223 7.225 7.228 7.230 7.232 7.234 7.237 7.239 7.241 7.244 7.246 7.249 7.251 7.253 7.255 7.257 7.260 7.262 7.264 7.267 7.269
7.007 7.014 7.021 7.028 7.035 7.043 7.050 7.057 7.065 7.072 7.080 7.087 7.094 7.101 7.108 7.115 7.121 7.127 7.132 7.138 7.143 7.148 7.152 7.155 7.158 7.161 7.163 7.165 7.166 7.168 7.169 7.170 7.171 7.173 7.174 7.175 7.176 7.178 7.180 7.182 7.184 7.186 7.188 7.191 7.194 7.197 7.200 7.203 7.205 7.208 7.211 7.214 7.217 7.219 7.222 7.225 7.227 7.230 7.232 7.235 7.237 7.239 7.242 7.244 7.246 7.249 7.252 7.254 7.257 7.259 7.261 7.263 7.266 7.268 7.270 7.273 7.275
7.003 7.010 7.017 7.024 7.032 7.039 7.046 7.054 7.061 7.069 7.076 7.084 7.091 7.098 7.106 7.112 7.119 7.125 7.132 7.137 7.143 7.148 7.153 7.156 7.160 7.163 7.165 7.167 7.169 7.171 7.173 7.174 7.175 7.176 7.178 7.179 7.180 7.182 7.184 7.185 7.187 7.190 7.192 7.195 7.198 7.201 7.204 7.207 7.209 7.212 7.215 7.218 7.221 7.224 7.227 7.229 7.232 7.235 7.237 7.240 7.242 7.245 7.247 7.249 7.252 7.254 7.257 7.260 7.262 7.265 7.267 7.270 7.272 7.274 7.277 7.280 7.282
6.998 7.005 7.012 7.020 7.027 7.034 7.042 7.049 7.057 7.065 7.072 7.080 7.087 7.095 7.102 7.109 7.116 7.123 7.130 7.136 7.142 7.148 7.153 7.157 7.161 7.164 7.167 7.169 7.172 7.174 7.175 7.177 7.178 7.180 7.181 7.182 7.184 7.185 7.187 7.189 7.191 7.193 7.196 7.199 7.202 7.205 7.208 7.210 7.213 7.216 7.219 7.222 7.225 7.228 7.231 7.234 7.237 7.239 7.242 7.245 7.247 7.250 7.252 7.255 7.257 7.260 7.263 7.266 7.268 7.271 7.273 7.276 7.279 7.281 7.284 7.286 7.289
6.993 7.000 7.007 7.014 7.022 7.029 7.037 7.044 7.052 7.060 7.067 7.075 7.083 7.091 7.098 7.106 7.113 7.120 7.127 7.134 7.140 7.146 7.152 7.156 7.161 7.164 7.168 7.171 7.173 7.176 7.178 7.179 7.181 7.183 7.184 7.186 7.187 7.189 7.191 7.192 7.195 7.197 7.200 7.203 7.206 7.208 7.211 7.214 7.217 7.220 7.223 7.226 7.229 7.232 7.235 7.238 7.241 7.244 7.247 7.250 7.252 7.255 7.258 7.260 7.263 7.266 7.269 7.272 7.275 7.277 7.280 7.283 7.285 7.288 7.291 7.294 7.297
6.987 6.994 7.001 7.009 7.016 7.024 7.031 7.039 7.047 7.054 7.062 7.070 7.078 7.086 7.093 7.101 7.109 7.116 7.123 7.131 7.138 7.144 7.150 7.155 7.160 7.164 7.168 7.171 7.174 7.177 7.179 7.181 7.183 7.185 7.187 7.188 7.190 7.192 7.193 7.195 7.198 7.200 7.203 7.206 7.209 7.212 7.215 7.218 7.221 7.224 7.227 7.230 7.234 7.237 7.240 7.243 7.246 7.249 7.252 7.255 7.258 7.261 7.263 7.266 7.269 7.272 7.275 7.278 7.281 7.284 7.287 7.289 7.292 7.295 7.298 7.301 7.304
6.981 6.988 6.996 7.003 7.010 7.018 7.025 7.033 7.041 7.049 7.056 7.064 7.072 7.080 7.088 7.096 7.104 7.112 7.119 7.127 7.134 7.141 7.147 7.153 7.158 7.163 7.167 7.171 7.174 7.177 7.180 7.183 7.185 7.187 7.189 7.190 7.192 7.194 7.196 7.198 7.200 7.203 7.206 7.209 7.212 7.215 7.218 7.221 7.224 7.228 7.231 7.234 7.238 7.241 7.244 7.247 7.251 7.254 7.257 7.260 7.263 7.266 7.269 7.272 7.275 7.278 7.282 7.285 7.288 7.291 7.293 7.296 7.300 7.303 7.306 7.309 7.312
6.975 6.982 6.990 6.997 7.004 7.012 7.019 7.027 7.035 7.043 7.050 7.058 7.066 7.074 7.082 7.090 7.099 7.106 7.114 7.122 7.130 7.137 7.144 7.150 7.156 7.161 7.166 7.170 7.174 7.177 7.180 7.183 7.186 7.188 7.190 7.192 7.194 7.196 7.198 7.201 7.203 7.205 7.208 7.212 7.215 7.218 7.221 7.224 7.228 7.231 7.234 7.238 7.241 7.245 7.248 7.252 7.255 7.258 7.262 7.265 7.268 7.271 7.274 7.278 7.281 7.284 7.288 7.291 7.294 7.297 7.300 7.304 7.307 7.310 7.314 7.317 7.320
6.969 6.976 6.984 6.991 6.998 7.006 7.013 7.021 7.029 7.037 7.044 7.052 7.060 7.068 7.077 7.085 7.093 7.101 7.109 7.117 7.125 7.133 7.140 7.147 7.153 7.158 7.164 7.169 7.173 7.177 7.180 7.183 7.186 7.189 7.191 7.193 7.196 7.198 7.200 7.203 7.205 7.208 7.211 7.214 7.218 7.221 7.224 7.227 7.231 7.234 7.238 7.241 7.245 7.249 7.252 7.256 7.259 7.263 7.266 7.270 7.273 7.277 7.280 7.283 7.287 7.290 7.294 7.298 7.301 7.304 7.307 7.311 7.314 7.318 7.321 7.325 7.329
6.964 6.971 6.978 6.985 6.993 7.000 7.008 7.015 7.023 7.031 7.038 7.046 7.054 7.062 7.071 7.079 7.087 7.095 7.104 7.112 7.121 7.128 7.136 7.143 7.149 7.155 7.161 7.166 7.171 7.175 7.179 7.183 7.186 7.189 7.192 7.194 7.197 7.199 7.202 7.204 7.207 7.210 7.213 7.217 7.220 7.223 7.227 7.230 7.234 7.237 7.241 7.245 7.249 7.252 7.256 7.260 7.264 7.267 7.271 7.275 7.278 7.282 7.285 7.289 7.292 7.296 7.300 7.304 7.307 7.311 7.314 7.318 7.322 7.325 7.329 7.333 7.337
6.959 6.966 6.973 6.980 6.987 6.995 7.002 7.010 7.017 7.025 7.033 7.041 7.049 7.057 7.065 7.073 7.081 7.090 7.098 7.107 7.116 7.123 7.131 7.138 7.145 7.152 7.158 7.164 7.169 7.174 7.178 7.182 7.186 7.189 7.192 7.195 7.198 7.200 7.203 7.206 7.208 7.212 7.215 7.219 7.222 7.225 7.229 7.233 7.236 7.240 7.244 7.248 7.252 7.256 7.260 7.264 7.268 7.272 7.275 7.279 7.283 7.287 7.291 7.294 7.298 7.302 7.306 7.310 7.314 7.318 7.321 7.325 7.329 7.333 7.337 7.342 7.346
6.954 6.961 6.968 6.975 6.982 6.990 6.997 7.004 7.012 7.020 7.027 7.035 7.043 7.051 7.059 7.067 7.076 7.084 7.093 7.102 7.110 7.118 7.126 7.134 7.141 7.148 7.155 7.161 7.167 7.172 7.177 7.181 7.185 7.189 7.192 7.195 7.198 7.201 7.204 7.207 7.210 7.213 7.217 7.221 7.224 7.228 7.231 7.235 7.239 7.243 7.247 7.251 7.255 7.259 7.263 7.267 7.272 7.276 7.280 7.284 7.288 7.292 7.296 7.300 7.304 7.308 7.312 7.316 7.320 7.324 7.328 7.332 7.336 7.341 7.345 7.350 7.354
6.951 6.957 6.964 6.971 6.978 6.985 6.992 7.000 7.007 7.015 7.022 7.030 7.038 7.046 7.054 7.062 7.070 7.079 7.087 7.096 7.105 7.113 7.122 7.129 7.137 7.144 7.151 7.158 7.164 7.170 7.175 7.180 7.184 7.188 7.192 7.195 7.199 7.202 7.205 7.208 7.211 7.215 7.218 7.222 7.226 7.229 7.233 7.237 7.241 7.245 7.249 7.254 7.258 7.262 7.267 7.271 7.275 7.280 7.284 7.288 7.292 7.296 7.301 7.305 7.309 7.314 7.318 7.322 7.326 7.330 7.335 7.339 7.343 7.348 7.353 7.358 7.362
6.948 6.954 6.960 6.967 6.974 6.981 6.988 6.996 7.003 7.010 7.018 7.026 7.033 7.041 7.049 7.057 7.066 7.074 7.083 7.092 7.100 7.109 7.117 7.125 7.133 7.140 7.148 7.155 7.161 7.167 7.173 7.178 7.183 7.187 7.191 7.195 7.199 7.202 7.206 7.209 7.212 7.216 7.220 7.224 7.228 7.231 7.235 7.239 7.243 7.248 7.252 7.256 7.261 7.265 7.270 7.274 7.279 7.283 7.288 7.292 7.297 7.301 7.305 7.310 7.314 7.319 7.324 7.328 7.332 7.337 7.341 7.345 7.350 7.355 7.360 7.365 7.370
6.945 6.951 6.958 6.964 6.971 6.978 6.985 6.992 6.999 7.007 7.014 7.022 7.029 7.037 7.045 7.053 7.061 7.070 7.078 7.087 7.096 7.104 7.113 7.121 7.129 7.137 7.144 7.151 7.158 7.165 7.171 7.176 7.182 7.186 7.191 7.195 7.199 7.203 7.206 7.210 7.214 7.217 7.222 7.226 7.229 7.233 7.237 7.241 7.246 7.250 7.255 7.259 7.264 7.268 7.273 7.278 7.282 7.287 7.292 7.296 7.301 7.306 7.310 7.315 7.319 7.324 7.329 7.333 7.338 7.343 7.347 7.352 7.357 7.362 7.367 7.372 7.378
6.943 6.949 6.955 6.962 6.968 6.975 6.982 6.989 6.996 7.003 7.011 7.018 7.026 7.033 7.041 7.049 7.057 7.066 7.074 7.083 7.092 7.100 7.108 7.117 7.125 7.133 7.141 7.148 7.155 7.162 7.169 7.175 7.180 7.186 7.190 7.195 7.199 7.203 7.207 7.211 7.215 7.219 7.223 7.227 7.231 7.235 7.239 7.244 7.248 7.253 7.257 7.262 7.267 7.271 7.276 7.281 7.286 7.291 7.296 7.300 7.305 7.310 7.315 7.319 7.324 7.329 7.334 7.339 7.344 7.348 7.353 7.358 7.363 7.368 7.374 7.379 7.385
6.942 6.948 6.954 6.960 6.966 6.973 6.980 6.986 6.993 7.001 7.008 7.015 7.023 7.030 7.038 7.046 7.054 7.062 7.071 7.079 7.088 7.096 7.105 7.113 7.121 7.130 7.138 7.145 7.153 7.160 7.167 7.173 7.179 7.185 7.190 7.195 7.199 7.204 7.208 7.212 7.216 7.220 7.225 7.229 7.233 7.237 7.242 7.246 7.251 7.255 7.260 7.265 7.269 7.274 7.279 7.284 7.289 7.294 7.299 7.304 7.309 7.314 7.319 7.324 7.329 7.334 7.339 7.344 7.349 7.354 7.359 7.364 7.369 7.375 7.380 7.386 7.391
6.942 6.947 6.953 6.959 6.965 6.971 6.978 6.984 6.991 6.998 7.006 7.013 7.020 7.028 7.035 7.043 7.051 7.059 7.068 7.076 7.085 7.093 7.102 7.110 7.118 7.127 7.135 7.143 7.150 7.158 7.165 7.171 7.178 7.184 7.189 7.195 7.200 7.204 7.209 7.213 7.218 7.222 7.227 7.231 7.235 7.240 7.244 7.248 7.253 7.258 7.263 7.267 7.272 7.278 7.283 7.288 7.293 7.298 7.303 7.308 7.313 7.319 7.324 7.329 7.334 7.339 7.345 7.350 7.355 7.360 7.365 7.370 7.375 7.381 7.387 7.392 7.397
6.942 6.947 6.952 6.958 6.964 6.970 6.976 6.983 6.990 6.997 7.004 7.011 7.018 7.026 7.033 7.041 7.049 7.057 7.065 7.074 7.082 7.091 7.099 7.107 7.116 7.124 7.132 7.140 7.148 7.156 7.163 7.170 7.177 7.183 7.189 7.195 7.200 7.205 7.210 7.215 7.219 7.224 7.229 7.233 7.238 7.242 7.246 7.251 7.256 7.261 7.265 7.270 7.276 7.281 7.286 7.291 7.296 7.302 7.307 7.312 7.318 7.323 7.328 7.333 7.339 7.344 7.350 7.355 7.360 7.365 7.370 7.376 7.381 7.387 7.393 7.398 7.403
6.942 6.947 6.952 6.958 6.963 6.969 6.976 6.982 6.989 6.995 7.002 7.009 7.017 7.024 7.032 7.039 7.047 7.055 7.063 7.072 7.080 7.088 7.097 7.105 7.113 7.121 7.130 7.138 7.146 7.154 7.161 7.169 7.176 7.182 7.189 7.195 7.200 7.206 7.211 7.216 7.221 7.226 7.231 7.235 7.240 7.245 7.249 7.254 7.259 7.264 7.269 7.274 7.279 7.284 7.289 7.295 7.300 7.306 7.311 7.316 7.322 7.327 7.333 7.338 7.343 7.349 7.355 7.360 7.365 7.371 7.376 7.381 7.387 7.392 7.398 7.404 7.409
6.943 6.947 6.952 6.958 6.963 6.969 6.975 6.981 6.988 6.995 7.001 7.008 7.016 7.023 7.030 7.038 7.046 7.053 7.061 7.070 7.078 7.087 7.095 7.103 7.111 7.119 7.128 7.136 7.144 7.152 7.160 7.167 7.175 7.182 7.188 7.195 7.201 7.207 7.212 7.217 7.222 7.228 7.233 7.238 7.243 7.247 7.252 7.257 7.262 7.267 7.272 7.277 7.282 7.288 7.293 7.298 7.304 7.309 7.315 7.321 7.326 7.332 7.337 7.343 7.348 7.354 7.360 7.365 7.371 7.376 7.381 7.387 7.392 7.398 7.404 7.410 7.415
6.944 6.948 6.953 6.958 6.964 6.969 6.975 6.981 6.988 6.994 7.001 7.008 7.015 7.022 7.029 7.037 7.045 7.052 7.060 7.069 7.077 7.085 7.093 7.101 7.110 7.118 7.126 7.134 7.142 7.151 7.158 7.166 7.174 7.181 7.188 7.195 7.201 7.207 7.213 7.219 7.224 7.230 7.235 7.240 7.245 7.250 7.255 7.260 7.265 7.270 7.275 7.280 7.286 7.291 7.297 7.302 7.308 7.313 7.319 7.325 7.330 7.336 7.342 7.348 7.353 7.359 7.365 7.371 7.376 7.381 7.386 7.392 7.397 7.403 7.409 7.415 7.421
