version1/TsunamiDB/out54195.asc
ncols          264
nrows          230
xllcorner      497853.4375
yllcorner      4229146.0000
cellsize         5.
NODATA_value   -99
[rows 0 to 33 of 230, columns 0 to 76 of 264]
5.640 5.651 5.662 5.673 5.684 5.695 5.706 5.717 5.728 5.739 5.750 5.761 5.772 5.783 5.794 5.805 5.815 5.825 5.835 5.844 5.853 5.862 5.871 5.879 5.888 5.896 5.904 5.912 5.919 5.926 5.933 5.940 5.946 5.952 5.958 5.964 5.969 5.975 5.980 5.986 5.990 5.994 5.997 6.001 6.004 6.007 6.010 6.013 6.015 6.018 6.021 6.023 6.026 6.029 6.031 6.034 6.037 6.040 6.043 6.046 6.049 6.053 6.056 6.060 6.063 6.066 6.069 6.072 6.076 6.079 6.082 6.086 6.089 6.093 6.096 6.100 6.104
5.645 5.656 5.668 5.679 5.690 5.701 5.712 5.723 5.734 5.745 5.756 5.767 5.778 5.789 5.800 5.811 5.822 5.832 5.842 5.851 5.861 5.870 5.879 5.888 5.896 5.905 5.913 5.921 5.929 5.936 5.944 5.951 5.958 5.964 5.970 5.976 5.982 5.988 5.994 5.999 6.004 6.008 6.012 6.015 6.019 6.022 6.025 6.028 6.030 6.033 6.035 6.038 6.040 6.043 6.045 6.048 6.050 6.053 6.056 6.058 6.061 6.065 6.068 6.071 6.074 6.077 6.080 6.083 6.086 6.089 6.092 6.095 6.098 6.102 6.105 6.109 6.112
5.651 5.662 5.673 5.684 5.695 5.706 5.718 5.729 5.740 5.751 5.762 5.773 5.784 5.795 5.806 5.817 5.828 5.838 5.848 5.858 5.867 5.876 5.886 5.895 5.904 5.912 5.921 5.929 5.938 5.946 5.953 5.961 5.968 5.975 5.981 5.988 5.994 6.000 6.006 6.012 6.017 6.021 6.025 6.029 6.033 6.036 6.039 6.042 6.045 6.048 6.050 6.053 6.055 6.058 6.060 6.062 6.065 6.067 6.070 6.072 6.075 6.078 6.081 6.084 6.086 6.089 6.092 6.094 6.097 6.100 6.103 6.105 6.108 6.111 6.115 6.118 6.121
5.656 5.667 5.678 5.690 5.701 5.712 5.723 5.734 5.745 5.756 5.767 5.778 5.789 5.800 5.811 5.822 5.833 5.843 5.853 5.863 5.873 5.883 5.892 5.901 5.910 5.919 5.928 5.937 5.945 5.954 5.962 5.970 5.977 5.984 5.991 5.998 6.005 6.011 6.018 6.024 6.029 6.034 6.039 6.043 6.047 6.050 6.054 6.057 6.060 6.063 6.065 6.068 6.070 6.073 6.075 6.077 6.080 6.082 6.084 6.087 6.089 6.092 6.095 6.097 6.100 6.102 6.104 6.107 6.109 6.111 6.114 6.117 6.119 6.122 6.125 6.128 6.131
5.662 5.673 5.684 5.695 5.706 5.717 5.728 5.739 5.750 5.761 5.772 5.782 5.793 5.805 5.816 5.827 5.838 5.848 5.858 5.868 5.878 5.888 5.897 5.907 5.916 5.926 5.935 5.944 5.952 5.961 5.969 5.977 5.985 5.993 6.001 6.008 6.015 6.022 6.029 6.035 6.041 6.046 6.051 6.055 6.060 6.063 6.067 6.071 6.074 6.077 6.080 6.083 6.085 6.088 6.090 6.093 6.095 6.097 6.099 6.102 6.104 6.107 6.109 6.112 6.114 6.116 6.118 6.120 6.122 6.124 6.126 6.129 6.131 6.134 6.136 6.139 6.142
5.667 5.678 5.688 5.699 5.710 5.721 5.732 5.743 5.754 5.765 5.776 5.787 5.798 5.809 5.820 5.831 5.842 5.853 5.863 5.873 5.883 5.893 5.902 5.912 5.922 5.931 5.940 5.949 5.958 5.967 5.976 5.984 5.993 6.001 6.008 6.016 6.024 6.031 6.038 6.045 6.051 6.057 6.062 6.067 6.071 6.076 6.080 6.084 6.087 6.091 6.094 6.097 6.100 6.102 6.105 6.108 6.110 6.112 6.115 6.117 6.119 6.122 6.124 6.126 6.128 6.130 6.132 6.134 6.136 6.138 6.140 6.142 6.144 6.146 6.148 6.151 6.153
5.672 5.682 5.693 5.704 5.715 5.726 5.737 5.748 5.758 5.769 5.780 5.791 5.802 5.813 5.824 5.836 5.846 5.857 5.867 5.877 5.887 5.897 5.907 5.916 5.926 5.936 5.945 5.954 5.964 5.973 5.982 5.990 5.999 6.007 6.015 6.023 6.031 6.039 6.047 6.054 6.060 6.066 6.072 6.077 6.082 6.087 6.092 6.096 6.100 6.103 6.107 6.110 6.114 6.117 6.119 6.122 6.125 6.127 6.130 6.132 6.134 6.137 6.140 6.142 6.143 6.145 6.147 6.149 6.150 6.152 6.154 6.156 6.158 6.160 6.162 6.164 6.166
5.677 5.687 5.698 5.709 5.719 5.730 5.741 5.752 5.762 5.773 5.784 5.795 5.806 5.817 5.828 5.839 5.850 5.861 5.871 5.881 5.891 5.901 5.911 5.920 5.930 5.940 5.949 5.959 5.968 5.978 5.987 5.996 6.005 6.013 6.022 6.030 6.038 6.046 6.054 6.062 6.068 6.075 6.081 6.087 6.092 6.097 6.102 6.107 6.111 6.115 6.119 6.123 6.126 6.130 6.133 6.136 6.139 6.142 6.144 6.147 6.149 6.152 6.155 6.157 6.159 6.160 6.162 6.164 6.165 6.167 6.169 6.170 6.172 6.174 6.175 6.177 6.179
5.681 5.692 5.702 5.713 5.724 5.734 5.745 5.756 5.766 5.777 5.788 5.799 5.809 5.820 5.831 5.843 5.854 5.864 5.874 5.884 5.894 5.904 5.914 5.924 5.934 5.943 5.953 5.963 5.972 5.982 5.991 6.000 6.009 6.018 6.027 6.035 6.044 6.052 6.060 6.068 6.075 6.082 6.089 6.095 6.101 6.106 6.112 6.117 6.121 6.126 6.130 6.134 6.138 6.142 6.145 6.149 6.152 6.155 6.158 6.161 6.164 6.167 6.169 6.172 6.174 6.175 6.177 6.179 6.181 6.182 6.184 6.185 6.187 6.188 6.190 6.192 6.193
5.686 5.696 5.707 5.717 5.728 5.738 5.749 5.760 5.770 5.781 5.791 5.802 5.813 5.824 5.835 5.846 5.857 5.867 5.877 5.887 5.897 5.907 5.917 5.927 5.937 5.947 5.956 5.966 5.976 5.985 5.995 6.004 6.013 6.022 6.031 6.040 6.049 6.057 6.066 6.074 6.082 6.089 6.096 6.102 6.108 6.114 6.120 6.125 6.130 6.135 6.140 6.145 6.149 6.153 6.157 6.161 6.164 6.168 6.171 6.174 6.177 6.181 6.184 6.186 6.188 6.190 6.192 6.194 6.196 6.197 6.199 6.200 6.202 6.203 6.205 6.206 6.208
5.691 5.701 5.711 5.722 5.732 5.742 5.753 5.763 5.774 5.784 5.795 5.806 5.816 5.827 5.838 5.849 5.860 5.870 5.880 5.890 5.900 5.910 5.920 5.930 5.940 5.950 5.959 5.969 5.979 5.989 5.998 6.008 6.017 6.026 6.035 6.044 6.053 6.062 6.071 6.079 6.087 6.094 6.101 6.108 6.115 6.121 6.127 6.133 6.138 6.144 6.149 6.154 6.158 6.163 6.167 6.171 6.175 6.179 6.183 6.186 6.190 6.193 6.197 6.199 6.202 6.204 6.206 6.208 6.210 6.212 6.213 6.215 6.217 6.218 6.220 6.221 6.223
5.695 5.705 5.716 5.726 5.736 5.746 5.757 5.767 5.777 5.788 5.798 5.809 5.819 5.830 5.841 5.852 5.863 5.873 5.883 5.893 5.903 5.913 5.922 5.932 5.942 5.952 5.962 5.972 5.982 5.991 6.001 6.010 6.020 6.029 6.039 6.048 6.057 6.066 6.075 6.084 6.091 6.099 6.107 6.114 6.121 6.127 6.133 6.140 6.145 6.151 6.157 6.162 6.167 6.172 6.176 6.181 6.185 6.189 6.193 6.197 6.201 6.205 6.209 6.212 6.215 6.217 6.220 6.222 6.224 6.226 6.228 6.230 6.231 6.233 6.234 6.236 6.238
5.700 5.710 5.720 5.730 5.740 5.750 5.761 5.771 5.781 5.791 5.802 5.812 5.823 5.833 5.844 5.855 5.865 5.875 5.885 5.895 5.905 5.915 5.925 5.935 5.945 5.954 5.964 5.974 5.984 5.994 6.003 6.013 6.023 6.032 6.041 6.051 6.060 6.069 6.078 6.087 6.095 6.103 6.111 6.118 6.125 6.132 6.139 6.145 6.152 6.157 6.163 6.169 6.174 6.179 6.185 6.189 6.194 6.199 6.203 6.207 6.212 6.216 6.220 6.223 6.226 6.229 6.232 6.235 6.237 6.239 6.241 6.243 6.245 6.247 6.249 6.250 6.252
5.704 5.714 5.724 5.734 5.744 5.754 5.764 5.774 5.785 5.795 5.805 5.815 5.826 5.836 5.847 5.858 5.868 5.878 5.888 5.898 5.908 5.917 5.927 5.937 5.947 5.957 5.966 5.976 5.986 5.996 6.006 6.015 6.025 6.034 6.044 6.053 6.063 6.072 6.081 6.090 6.099 6.107 6.115 6.122 6.130 6.137 6.144 6.150 6.157 6.163 6.169 6.175 6.181 6.186 6.192 6.197 6.202 6.207 6.212 6.216 6.221 6.226 6.230 6.234 6.237 6.240 6.243 6.246 6.249 6.252 6.254 6.256 6.258 6.260 6.262 6.264 6.266
5.708 5.718 5.728 5.738 5.748 5.758 5.768 5.778 5.788 5.798 5.808 5.819 5.829 5.839 5.850 5.861 5.871 5.881 5.890 5.900 5.910 5.920 5.929 5.939 5.949 5.959 5.968 5.978 5.988 5.998 6.008 6.017 6.027 6.036 6.046 6.055 6.065 6.074 6.084 6.093 6.102 6.110 6.118 6.126 6.133 6.141 6.148 6.155 6.161 6.168 6.174 6.180 6.186 6.192 6.198 6.203 6.209 6.214 6.219 6.224 6.229 6.234 6.239 6.243 6.247 6.250 6.254 6.257 6.260 6.263 6.265 6.268 6.270 6.273 6.275 6.277 6.279
5.713 5.723 5.733 5.742 5.752 5.762 5.772 5.782 5.792 5.802 5.812 5.822 5.832 5.843 5.853 5.864 5.873 5.883 5.893 5.902 5.912 5.922 5.931 5.941 5.951 5.961 5.970 5.980 5.990 6.000 6.009 6.019 6.029 6.038 6.048 6.057 6.067 6.077 6.087 6.096 6.104 6.113 6.121 6.129 6.137 6.144 6.151 6.159 6.165 6.172 6.179 6.185 6.191 6.198 6.203 6.209 6.215 6.220 6.226 6.231 6.236 6.242 6.247 6.251 6.255 6.259 6.263 6.266 6.270 6.273 6.276 6.279 6.282 6.284 6.287 6.289 6.291
5.717 5.727 5.737 5.747 5.756 5.766 5.776 5.786 5.796 5.805 5.815 5.825 5.835 5.846 5.856 5.866 5.876 5.886 5.895 5.905 5.914 5.924 5.934 5.943 5.953 5.963 5.972 5.982 5.992 6.001 6.011 6.021 6.030 6.040 6.050 6.059 6.069 6.079 6.089 6.098 6.106 6.115 6.123 6.131 6.139 6.147 6.155 6.162 6.169 6.176 6.183 6.189 6.196 6.202 6.208 6.214 6.220 6.226 6.232 6.237 6.243 6.249 6.254 6.258 6.263 6.267 6.271 6.275 6.279 6.282 6.285 6.289 6.292 6.295 6.297 6.300 6.303
5.721 5.731 5.741 5.751 5.760 5.770 5.780 5.790 5.799 5.809 5.819 5.829 5.839 5.849 5.859 5.869 5.879 5.888 5.898 5.907 5.917 5.926 5.936 5.945 5.955 5.964 5.974 5.984 5.993 6.003 6.013 6.022 6.032 6.042 6.051 6.061 6.071 6.081 6.090 6.100 6.108 6.117 6.125 6.134 6.142 6.150 6.157 6.165 6.172 6.179 6.186 6.193 6.200 6.206 6.213 6.219 6.225 6.231 6.237 6.243 6.249 6.255 6.260 6.265 6.269 6.274 6.278 6.283 6.287 6.290 6.294 6.297 6.301 6.304 6.307 6.310 6.313
5.726 5.735 5.745 5.755 5.765 5.774 5.784 5.794 5.803 5.813 5.823 5.832 5.842 5.852 5.862 5.872 5.882 5.891 5.901 5.910 5.919 5.929 5.938 5.947 5.957 5.966 5.976 5.986 5.995 6.005 6.014 6.024 6.034 6.043 6.053 6.063 6.072 6.082 6.092 6.101 6.110 6.119 6.127 6.136 6.144 6.152 6.160 6.167 6.175 6.182 6.189 6.196 6.203 6.210 6.217 6.223 6.229 6.235 6.242 6.248 6.254 6.260 6.265 6.271 6.276 6.280 6.285 6.289 6.294 6.298 6.302 6.305 6.309 6.312 6.316 6.319 6.322
5.730 5.740 5.749 5.759 5.769 5.778 5.788 5.798 5.807 5.817 5.826 5.836 5.846 5.855 5.866 5.876 5.885 5.894 5.903 5.913 5.922 5.931 5.940 5.950 5.959 5.968 5.978 5.987 5.997 6.007 6.016 6.026 6.035 6.045 6.055 6.064 6.074 6.084 6.094 6.103 6.112 6.121 6.129 6.138 6.146 6.154 6.162 6.170 6.177 6.185 6.192 6.199 6.206 6.213 6.220 6.227 6.233 6.240 6.246 6.252 6.259 6.265 6.270 6.276 6.281 6.286 6.291 6.296 6.300 6.304 6.308 6.312 6.316 6.320 6.324 6.327 6.331
5.734 5.744 5.753 5.763 5.773 5.782 5.792 5.802 5.811 5.821 5.830 5.840 5.849 5.859 5.869 5.879 5.888 5.897 5.906 5.915 5.924 5.934 5.943 5.952 5.961 5.971 5.980 5.989 5.999 6.008 6.018 6.027 6.037 6.047 6.056 6.066 6.076 6.086 6.095 6.104 6.113 6.122 6.131 6.140 6.148 6.156 6.164 6.172 6.180 6.187 6.195 6.202 6.209 6.216 6.223 6.230 6.237 6.243 6.250 6.256 6.263 6.269 6.275 6.281 6.286 6.291 6.296 6.301 6.306 6.310 6.315 6.319 6.323 6.327 6.331 6.335 6.338
5.738 5.748 5.757 5.767 5.777 5.787 5.796 5.806 5.815 5.825 5.834 5.843 5.853 5.863 5.873 5.882 5.891 5.900 5.909 5.918 5.927 5.936 5.945 5.954 5.964 5.973 5.982 5.991 6.001 6.010 6.020 6.029 6.039 6.048 6.058 6.067 6.077 6.087 6.097 6.106 6.115 6.124 6.133 6.141 6.150 6.158 6.166 6.174 6.182 6.190 6.197 6.205 6.212 6.219 6.226 6.233 6.240 6.247 6.253 6.260 6.267 6.273 6.279 6.285 6.290 6.296 6.301 6.306 6.311 6.316 6.320 6.325 6.329 6.333 6.337 6.341 6.345
5.741 5.751 5.761 5.771 5.781 5.791 5.800 5.810 5.819 5.829 5.838 5.847 5.857 5.867 5.876 5.886 5.895 5.904 5.913 5.922 5.930 5.939 5.948 5.957 5.966 5.975 5.984 5.994 6.003 6.012 6.022 6.031 6.041 6.050 6.060 6.069 6.079 6.089 6.099 6.108 6.117 6.126 6.134 6.143 6.152 6.160 6.168 6.176 6.184 6.192 6.200 6.207 6.215 6.222 6.229 6.236 6.243 6.250 6.257 6.263 6.270 6.277 6.283 6.289 6.295 6.300 6.306 6.311 6.316 6.321 6.326 6.330 6.335 6.339 6.343 6.348 6.352
5.745 5.755 5.765 5.775 5.785 5.795 5.804 5.814 5.823 5.833 5.842 5.852 5.861 5.870 5.880 5.890 5.899 5.907 5.916 5.925 5.934 5.942 5.951 5.960 5.969 5.978 5.987 5.996 6.005 6.015 6.024 6.033 6.043 6.052 6.061 6.071 6.081 6.091 6.100 6.109 6.118 6.127 6.136 6.145 6.153 6.162 6.170 6.178 6.186 6.194 6.202 6.210 6.217 6.224 6.232 6.239 6.246 6.253 6.260 6.267 6.274 6.281 6.287 6.293 6.299 6.305 6.310 6.315 6.321 6.326 6.331 6.335 6.340 6.345 6.349 6.353 6.358
5.748 5.758 5.769 5.779 5.789 5.799 5.809 5.818 5.828 5.837 5.846 5.856 5.865 5.875 5.884 5.894 5.903 5.911 5.920 5.928 5.937 5.946 5.954 5.963 5.972 5.981 5.990 5.999 6.008 6.017 6.026 6.035 6.045 6.054 6.063 6.073 6.083 6.092 6.102 6.111 6.120 6.129 6.138 6.147 6.155 6.164 6.172 6.180 6.188 6.196 6.204 6.212 6.219 6.227 6.234 6.242 6.249 6.256 6.263 6.270 6.277 6.284 6.290 6.297 6.303 6.309 6.314 6.320 6.325 6.330 6.335 6.340 6.345 6.350 6.354 6.359 6.363
5.751 5.762 5.772 5.783 5.793 5.803 5.813 5.822 5.832 5.841 5.851 5.860 5.869 5.879 5.889 5.898 5.907 5.915 5.924 5.932 5.941 5.949 5.958 5.967 5.975 5.984 5.993 6.002 6.011 6.020 6.029 6.038 6.047 6.056 6.066 6.075 6.085 6.094 6.104 6.113 6.122 6.131 6.140 6.149 6.157 6.166 6.174 6.182 6.190 6.198 6.206 6.214 6.222 6.229 6.237 6.244 6.252 6.259 6.266 6.273 6.281 6.288 6.294 6.300 6.306 6.312 6.318 6.324 6.329 6.335 6.340 6.345 6.350 6.355 6.359 6.364 6.368
5.754 5.765 5.776 5.786 5.796 5.806 5.816 5.826 5.836 5.845 5.855 5.864 5.874 5.883 5.893 5.902 5.911 5.919 5.928 5.936 5.945 5.953 5.962 5.970 5.979 5.987 5.996 6.005 6.014 6.023 6.032 6.041 6.050 6.059 6.068 6.077 6.087 6.097 6.106 6.115 6.124 6.133 6.142 6.151 6.159 6.168 6.176 6.184 6.192 6.201 6.209 6.216 6.224 6.232 6.240 6.247 6.255 6.262 6.269 6.276 6.284 6.291 6.297 6.304 6.310 6.316 6.322 6.328 6.333 6.339 6.344 6.349 6.354 6.359 6.364 6.369 6.374
5.757 5.768 5.779 5.789 5.800 5.810 5.820 5.830 5.840 5.850 5.859 5.869 5.878 5.888 5.897 5.907 5.915 5.924 5.932 5.940 5.949 5.957 5.965 5.974 5.982 5.991 6.000 6.008 6.017 6.026 6.035 6.044 6.053 6.062 6.071 6.080 6.089 6.099 6.109 6.118 6.126 6.135 6.144 6.153 6.161 6.170 6.178 6.186 6.195 6.203 6.211 6.219 6.227 6.235 6.242 6.250 6.257 6.265 6.272 6.279 6.287 6.294 6.301 6.307 6.314 6.320 6.326 6.332 6.338 6.343 6.349 6.354 6.359 6.364 6.369 6.374 6.379
5.759 5.770 5.781 5.792 5.803 5.814 5.824 5.834 5.844 5.854 5.863 5.873 5.882 5.892 5.902 5.911 5.920 5.928 5.936 5.945 5.953 5.961 5.970 5.978 5.986 5.995 6.003 6.012 6.020 6.029 6.038 6.047 6.056 6.065 6.074 6.083 6.092 6.102 6.111 6.120 6.129 6.138 6.146 6.155 6.164 6.172 6.180 6.189 6.197 6.205 6.213 6.221 6.229 6.237 6.245 6.253 6.260 6.268 6.275 6.282 6.290 6.297 6.304 6.311 6.317 6.324 6.330 6.336 6.342 6.347 6.353 6.358 6.363 6.369 6.374 6.379 6.384
5.762 5.773 5.784 5.795 5.806 5.817 5.827 5.838 5.848 5.858 5.867 5.877 5.887 5.897 5.907 5.915 5.924 5.932 5.941 5.949 5.957 5.966 5.974 5.982 5.990 5.999 6.007 6.016 6.024 6.033 6.041 6.050 6.059 6.068 6.077 6.086 6.095 6.104 6.114 6.123 6.131 6.140 6.149 6.157 6.166 6.174 6.183 6.191 6.199 6.208 6.216 6.224 6.232 6.240 6.248 6.255 6.263 6.271 6.278 6.286 6.293 6.301 6.308 6.314 6.321 6.327 6.334 6.340 6.346 6.351 6.357 6.363 6.368 6.373 6.378 6.383 6.388
5.764 5.775 5.787 5.798 5.809 5.820 5.830 5.841 5.851 5.861 5.871 5.881 5.891 5.901 5.911 5.920 5.928 5.937 5.945 5.954 5.962 5.970 5.978 5.987 5.995 6.003 6.011 6.020 6.028 6.037 6.045 6.054 6.062 6.071 6.080 6.089 6.098 6.108 6.117 6.126 6.134 6.143 6.151 6.160 6.169 6.177 6.185 6.194 6.202 6.210 6.218 6.227 6.235 6.242 6.250 6.258 6.266 6.274 6.281 6.289 6.297 6.304 6.311 6.318 6.325 6.331 6.337 6.344 6.350 6.356 6.361 6.367 6.372 6.378 6.383 6.388 6.393
5.767 5.778 5.789 5.801 5.812 5.823 5.834 5.844 5.855 5.865 5.875 5.885 5.895 5.906 5.915 5.924 5.933 5.942 5.950 5.958 5.967 5.975 5.983 5.991 5.999 6.007 6.016 6.024 6.032 6.041 6.049 6.058 6.066 6.075 6.083 6.092 6.101 6.111 6.120 6.129 6.137 6.146 6.154 6.163 6.171 6.180 6.188 6.196 6.205 6.213 6.221 6.229 6.237 6.245 6.253 6.261 6.269 6.277 6.284 6.292 6.300 6.308 6.315 6.322 6.328 6.335 6.341 6.348 6.354 6.360 6.366 6.371 6.377 6.382 6.388 6.393 6.398
5.769 5.781 5.792 5.803 5.815 5.826 5.837 5.847 5.858 5.868 5.879 5.889 5.899 5.910 5.919 5.929 5.937 5.946 5.955 5.963 5.971 5.979 5.988 5.996 6.004 6.012 6.020 6.028 6.037 6.045 6.053 6.062 6.070 6.079 6.087 6.096 6.105 6.114 6.123 6.132 6.140 6.149 6.157 6.166 6.174 6.183 6.191 6.199 6.208 6.216 6.224 6.232 6.240 6.248 6.256 6.264 6.272 6.280 6.287 6.295 6.303 6.311 6.318 6.325 6.332 6.339 6.345 6.352 6.358 6.364 6.370 6.376 6.381 6.387 6.392 6.398 6.403
5.772 5.784 5.795 5.806 5.817 5.829 5.840 5.850 5.861 5.872 5.882 5.893 5.903 5.913 5.923 5.933 5.942 5.950 5.959 5.967 5.976 5.984 5.992 6.000 6.009 6.017 6.025 6.033 6.041 6.049 6.058 6.066 6.074 6.083 6.091 6.100 6.109 6.118 6.127 6.135 6.144 6.152 6.160 6.169 6.177 6.186 6.194 6.202 6.210 6.219 6.227 6.235 6.243 6.251 6.259 6.267 6.275 6.283 6.291 6.299 6.307 6.314 6.322 6.329 6.336 6.342 6.349 6.356 6.362 6.368 6.374 6.380 6.386 6.391 6.397 6.402 6.408
