version1/TsunamiDB/out54010.asc
ncols          264
nrows          230
xllcorner      497853.4375
yllcorner      4229146.0000
cellsize         5.
NODATA_value   -99
[rows 124 to 154 of 230, columns 140 to 209 of 264]
-99.000 -99.000 -99.000 -99.000 -99.000 -99.000 -99.000 -99.000 -99.000 -99.000 -99.000 -99.000 -99.000 -99.000 -99.000 -99.000 -99.000 -99.000 -99.000 -99.000 -99.000 -99.000 -99.000 1.645 1.672 1.785 2.003 2.304 2.665 3.052 3.430 3.769 4.040 4.247 4.405 4.527 4.625 4.709 4.783 4.852 4.918 4.982 5.043 5.102 5.158 5.212 5.262 5.308 5.349 5.386 5.421 5.457 5.495 5.536 5.582 5.635 5.699 5.773 5.852 5.940 6.037 6.137 6.238 6.340 6.440 6.532 6.613 6.672 6.747 6.827
-99.000 -99.000 -99.000 -99.000 -99.000 -99.000 -99.000 -99.000 -99.000 -99.000 -99.000 -99.000 -99.000 -99.000 -99.000 -99.000 -99.000 -99.000 -99.000 -99.000 -99.000 -99.000 1.644 1.650 1.705 1.863 2.118 2.446 2.821 3.209 3.574 3.888 4.133 4.319 4.461 4.573 4.664 4.743 4.814 4.881 4.944 5.005 5.065 5.123 5.178 5.231 5.281 5.327 5.369 5.406 5.442 5.479 5.518 5.560 5.606 5.659 5.722 5.797 5.877 5.965 6.064 6.167 6.272 6.378 6.480 6.577 6.660 6.715 6.791 6.877
-99.000 -99.000 -99.000 -99.000 -99.000 -99.000 -99.000 -99.000 -99.000 -99.000 -99.000 -99.000 -99.000 -99.000 -99.000 -99.000 -99.000 -99.000 -99.000 -99.000 -99.000 -99.000 1.645 1.662 1.756 1.956 2.244 2.596 2.980 3.362 3.709 3.995 4.215 4.383 4.512 4.616 4.702 4.778 4.846 4.910 4.972 5.031 5.088 5.144 5.198 5.250 5.299 5.346 5.388 5.427 5.465 5.502 5.542 5.585 5.631 5.684 5.749 5.825 5.904 5.994 6.093 6.197 6.307 6.415 6.520 6.623 6.703 6.751 6.830 6.924
-99.000 -99.000 -99.000 -99.000 -99.000 -99.000 -99.000 -99.000 -99.000 -99.000 -99.000 -99.000 -99.000 -99.000 -99.000 -99.000 -99.000 -99.000 -99.000 -99.000 -99.000 1.644 1.647 1.688 1.825 2.064 2.381 2.750 3.137 3.509 3.832 4.089 4.286 4.438 4.558 4.655 4.738 4.811 4.878 4.941 5.001 5.058 5.113 5.167 5.219 5.270 5.320 5.367 5.410 5.451 5.490 5.529 5.570 5.614 5.662 5.719 5.786 5.861 5.940 6.029 6.129 6.235 6.345 6.457 6.567 6.664 6.735 6.783 6.867 6.968
-99.000 -99.000 -99.000 -99.000 -99.000 -99.000 -99.000 -99.000 -99.000 -99.000 -99.000 -99.000 -99.000 -99.000 -99.000 -99.000 -99.000 -99.000 -99.000 -99.000 -99.000 1.644 1.655 1.730 1.911 2.184 2.526 2.907 3.292 3.647 3.941 4.171 4.348 4.486 4.597 4.690 4.771 4.843 4.909 4.971 5.030 5.086 5.140 5.192 5.243 5.293 5.342 5.390 5.435 5.478 5.521 5.562 5.605 5.652 5.704 5.764 5.832 5.906 5.985 6.074 6.172 6.276 6.386 6.499 6.606 6.696 6.765 6.814 6.902 7.014
-99.000 -99.000 -99.000 -99.000 -99.000 -99.000 -99.000 -99.000 -99.000 -99.000 -99.000 -99.000 -99.000 -99.000 -99.000 -99.000 -99.000 -99.000 -99.000 -99.000 1.644 1.646 1.674 1.790 2.011 2.315 2.677 3.064 3.441 3.773 4.036 4.241 4.400 4.526 4.631 4.720 4.799 4.871 4.938 5.000 5.059 5.114 5.167 5.218 5.267 5.317 5.367 5.416 5.464 5.511 5.557 5.603 5.649 5.700 5.756 5.818 5.886 5.960 6.039 6.127 6.220 6.319 6.427 6.536 6.639 6.727 6.797 6.847 6.941 7.066
-99.000 -99.000 -99.000 -99.000 -99.000 -99.000 -99.000 -99.000 -99.000 -99.000 -99.000 -99.000 -99.000 -99.000 -99.000 -99.000 -99.000 -99.000 -99.000 -99.000 1.644 1.650 1.708 1.868 2.125 2.456 2.833 3.221 3.582 3.884 4.119 4.301 4.444 4.560 4.659 4.745 4.823 4.895 4.962 5.025 5.084 5.140 5.192 5.243 5.292 5.342 5.393 5.445 5.496 5.547 5.599 5.649 5.701 5.756 5.816 5.880 5.949 6.022 6.100 6.185 6.272 6.366 6.465 6.569 6.671 6.760 6.835 6.886 6.984 7.116
-99.000 -99.000 -99.000 -99.000 -99.000 -99.000 -99.000 -99.000 -99.000 -99.000 -99.000 -99.000 -99.000 -99.000 -99.000 -99.000 -99.000 -99.000 -99.000 -99.000 1.645 1.663 1.760 1.962 2.252 2.606 2.992 3.373 3.712 3.983 4.192 4.354 4.483 4.590 4.683 4.766 4.843 4.915 4.982 5.046 5.105 5.161 5.214 5.265 5.315 5.366 5.418 5.473 5.527 5.584 5.642 5.700 5.757 5.817 5.881 5.947 6.016 6.087 6.163 6.246 6.327 6.413 6.503 6.602 6.704 6.797 6.876 6.925 7.024 7.163
-99.000 -99.000 -99.000 -99.000 -99.000 -99.000 -99.000 -99.000 -99.000 -99.000 -99.000 -99.000 -99.000 -99.000 -99.000 -99.000 -99.000 -99.000 -99.000 1.644 1.648 1.690 1.831 2.072 2.391 2.762 3.151 3.520 3.830 4.073 4.259 4.403 4.520 4.618 4.705 4.784 4.859 4.930 4.997 5.061 5.121 5.178 5.232 5.283 5.333 5.385 5.439 5.497 5.556 5.618 5.684 5.750 5.813 5.879 5.947 6.014 6.083 6.152 6.228 6.309 6.384 6.461 6.544 6.639 6.740 6.838 6.917 6.962 7.061 7.205
-99.000 -99.000 -99.000 -99.000 -99.000 -99.000 -99.000 -99.000 -99.000 -99.000 -99.000 -99.000 -99.000 -99.000 -99.000 -99.000 -99.000 -99.000 -99.000 1.644 1.656 1.735 1.919 2.195 2.540 2.923 3.309 3.657 3.938 4.155 4.320 4.450 4.555 4.645 4.726 4.802 4.874 4.943 5.010 5.073 5.132 5.189 5.242 5.294 5.345 5.399 5.456 5.518 5.581 5.650 5.723 5.797 5.868 5.940 6.011 6.080 6.148 6.216 6.291 6.371 6.441 6.512 6.588 6.677 6.778 6.875 6.954 6.992 7.088 7.230
-99.000 -99.000 -99.000 -99.000 -99.000 -99.000 -99.000 -99.000 -99.000 -99.000 -99.000 -99.000 -99.000 -99.000 -99.000 -99.000 -99.000 -99.000 1.644 1.646 1.677 1.799 2.025 2.333 2.698 3.087 3.461 3.783 4.037 4.230 4.378 4.495 4.591 4.674 4.749 4.821 4.890 4.956 5.021 5.082 5.140 5.195 5.248 5.300 5.352 5.407 5.467 5.533 5.601 5.675 5.756 5.837 5.916 5.993 6.068 6.138 6.208 6.275 6.351 6.430 6.498 6.564 6.635 6.719 6.812 6.905 6.982 7.012 7.098 7.232
-99.000 -99.000 -99.000 -99.000 -99.000 -99.000 -99.000 -99.000 -99.000 -99.000 -99.000 -99.000 -99.000 -99.000 -99.000 -99.000 -99.000 -99.000 1.644 1.652 1.715 1.883 2.146 2.482 2.862 3.249 3.606 3.900 4.128 4.300 4.433 4.539 4.627 4.704 4.775 4.843 4.908 4.972 5.033 5.091 5.147 5.199 5.250 5.301 5.353 5.409 5.471 5.542 5.616 5.695 5.783 5.871 5.958 6.042 6.121 6.195 6.266 6.332 6.409 6.492 6.558 6.620 6.686 6.762 6.846 6.936 7.011 7.025 7.097 7.224
-99.000 -99.000 -99.000 -99.000 -99.000 -99.000 -99.000 -99.000 -99.000 -99.000 -99.000 -99.000 -99.000 -99.000 -99.000 -99.000 -99.000 -99.000 1.645 1.668 1.773 1.985 2.282 2.641 3.029 3.409 3.741 4.006 4.210 4.364 4.484 4.582 4.664 4.737 4.804 4.868 4.931 4.991 5.049 5.103 5.155 5.204 5.252 5.301 5.352 5.409 5.475 5.551 5.628 5.714 5.807 5.902 5.996 6.086 6.170 6.249 6.320 6.387 6.467 6.554 6.619 6.679 6.741 6.809 6.885 6.978 7.037 7.024 7.083 7.201
-99.000 -99.000 -99.000 -99.000 -99.000 -99.000 -99.000 -99.000 -99.000 -99.000 -99.000 -99.000 -99.000 -99.000 -99.000 -99.000 -99.000 1.644 1.649 1.700 1.852 2.103 2.431 2.808 3.197 3.561 3.865 4.102 4.283 4.422 4.532 4.622 4.700 4.770 4.835 4.897 4.957 5.014 5.069 5.120 5.168 5.213 5.258 5.304 5.354 5.413 5.483 5.563 5.645 5.734 5.833 5.933 6.032 6.127 6.218 6.299 6.373 6.441 6.526 6.618 6.686 6.746 6.804 6.870 6.945 7.013 7.037 7.007 7.055 7.161
-99.000 -99.000 -99.000 -99.000 -99.000 -99.000 -99.000 -99.000 -99.000 -99.000 -99.000 -99.000 -99.000 -99.000 -99.000 -99.000 -99.000 1.645 1.661 1.752 1.950 2.237 2.591 2.979 3.363 3.704 3.977 4.188 4.350 4.475 4.575 4.660 4.735 4.803 4.866 4.927 4.985 5.041 5.093 5.142 5.187 5.228 5.269 5.313 5.364 5.424 5.496 5.579 5.664 5.756 5.858 5.962 6.064 6.166 6.262 6.348 6.426 6.496 6.586 6.687 6.759 6.818 6.874 6.935 6.991 7.024 7.023 6.978 7.012 7.105
-99.000 -99.000 -99.000 -99.000 -99.000 -99.000 -99.000 -99.000 -99.000 -99.000 -99.000 -99.000 -99.000 -99.000 -99.000 -99.000 1.644 1.647 1.687 1.825 2.064 2.385 2.759 3.151 3.523 3.835 4.079 4.266 4.410 4.523 4.616 4.696 4.768 4.834 4.897 4.957 5.014 5.069 5.120 5.167 5.210 5.249 5.287 5.329 5.379 5.440 5.514 5.599 5.686 5.781 5.885 5.990 6.097 6.203 6.306 6.398 6.480 6.553 6.650 6.760 6.834 6.891 6.943 6.987 7.017 7.022 6.998 6.938 6.959 7.040
-99.000 -99.000 -99.000 -99.000 -99.000 -99.000 -99.000 -99.000 -99.000 -99.000 -99.000 -99.000 -99.000 -99.000 -99.000 -99.000 1.644 1.656 1.734 1.918 2.196 2.544 2.932 3.322 3.673 3.955 4.172 4.337 4.466 4.567 4.653 4.730 4.799 4.864 4.926 4.986 5.042 5.096 5.146 5.192 5.233 5.271 5.308 5.349 5.399 5.461 5.537 5.623 5.712 5.808 5.913 6.021 6.129 6.240 6.349 6.448 6.537 6.612 6.715 6.830 6.905 6.960 6.997 7.021 7.027 7.009 6.966 6.892 6.899 6.967
-99.000 -99.000 -99.000 -99.000 -99.000 -99.000 -99.000 -99.000 -99.000 -99.000 -99.000 -99.000 -99.000 -99.000 -99.000 1.644 1.646 1.678 1.801 2.030 2.342 2.713 3.108 3.488 3.812 4.066 4.258 4.404 4.518 4.610 4.690 4.762 4.829 4.892 4.953 5.012 5.067 5.120 5.169 5.214 5.255 5.293 5.331 5.372 5.423 5.485 5.561 5.648 5.737 5.834 5.941 6.050 6.161 6.276 6.392 6.499 6.594 6.667 6.772 6.893 6.968 7.012 7.033 7.038 7.025 6.987 6.929 6.840 6.833 6.891
-99.000 -99.000 -99.000 -99.000 -99.000 -99.000 -99.000 -99.000 -99.000 -99.000 -99.000 -99.000 -99.000 -99.000 -99.000 1.644 1.652 1.718 1.890 2.158 2.501 2.888 3.283 3.646 3.942 4.168 4.338 4.467 4.569 4.652 4.726 4.793 4.858 4.919 4.978 5.035 5.089 5.140 5.188 5.232 5.274 5.314 5.353 5.396 5.447 5.509 5.584 5.671 5.760 5.858 5.967 6.077 6.191 6.310 6.432 6.547 6.643 6.714 6.820 6.946 7.015 7.046 7.053 7.043 7.012 6.959 6.886 6.786 6.770 6.819
-99.000 -99.000 -99.000 -99.000 -99.000 -99.000 -99.000 -99.000 -99.000 -99.000 -99.000 -99.000 -99.000 -99.000 -99.000 1.645 1.670 1.781 1.999 2.303 2.670 3.067 3.455 3.795 4.062 4.263 4.414 4.528 4.620 4.695 4.763 4.826 4.887 4.945 5.002 5.056 5.108 5.157 5.203 5.246 5.289 5.331 5.373 5.419 5.470 5.532 5.606 5.692 5.781 5.879 5.989 6.102 6.218 6.341 6.468 6.586 6.684 6.749 6.854 6.978 7.039 7.062 7.056 7.031 6.987 6.921 6.837 6.729 6.705 6.748
-99.000 -99.000 -99.000 -99.000 -99.000 -99.000 -99.000 -99.000 -99.000 -99.000 -99.000 -99.000 -99.000 -99.000 1.644 1.650 1.706 1.866 2.125 2.462 2.847 3.246 3.620 3.932 4.172 4.351 4.485 4.588 4.671 4.740 4.803 4.862 4.918 4.973 5.026 5.076 5.125 5.171 5.214 5.257 5.300 5.345 5.391 5.440 5.493 5.554 5.626 5.710 5.799 5.897 6.008 6.123 6.240 6.363 6.489 6.607 6.706 6.766 6.866 6.986 7.043 7.058 7.043 7.009 6.955 6.880 6.791 6.677 6.648 6.688
-99.000 -99.000 -99.000 -99.000 -99.000 -99.000 -99.000 -99.000 -99.000 -99.000 -99.000 -99.000 -99.000 -99.000 1.645 1.664 1.764 1.971 2.267 2.631 3.028 3.422 3.776 4.059 4.273 4.433 4.553 4.647 4.723 4.787 4.846 4.900 4.952 5.003 5.052 5.098 5.142 5.185 5.226 5.267 5.312 5.360 5.410 5.463 5.517 5.576 5.645 5.728 5.814 5.911 6.021 6.136 6.254 6.377 6.502 6.623 6.724 6.773 6.866 6.987 7.041 7.050 7.029 6.988 6.927 6.846 6.752 6.634 6.602 6.639
-99.000 -99.000 -99.000 -99.000 -99.000 -99.000 -99.000 -99.000 -99.000 -99.000 -99.000 -99.000 -99.000 1.644 1.648 1.695 1.843 2.093 2.423 2.807 3.208 3.591 3.919 4.174 4.365 4.508 4.617 4.703 4.775 4.836 4.891 4.942 4.990 5.036 5.081 5.123 5.164 5.204 5.242 5.283 5.328 5.378 5.432 5.486 5.541 5.599 5.667 5.748 5.832 5.927 6.035 6.149 6.269 6.392 6.517 6.646 6.736 6.767 6.857 6.979 7.030 7.036 7.012 6.966 6.899 6.815 6.716 6.596 6.563 6.595
-99.000 -99.000 -99.000 -99.000 -99.000 -99.000 -99.000 -99.000 -99.000 -99.000 -99.000 -99.000 -99.000 1.644 1.659 1.746 1.941 2.230 2.588 2.986 3.385 3.751 4.050 4.278 4.448 4.577 4.677 4.758 4.827 4.886 4.938 4.986 5.031 5.074 5.115 5.155 5.194 5.231 5.267 5.307 5.353 5.403 5.458 5.515 5.572 5.633 5.703 5.780 5.861 5.954 6.059 6.172 6.292 6.418 6.545 6.656 6.723 6.751 6.841 6.962 7.013 7.019 6.992 6.942 6.873 6.783 6.682 6.561 6.523 6.549
-99.000 -99.000 -99.000 -99.000 -99.000 -99.000 -99.000 -99.000 -99.000 -99.000 -99.000 -99.000 1.644 1.647 1.684 1.818 2.056 2.379 2.760 3.165 3.556 3.899 4.168 4.371 4.523 4.640 4.733 4.811 4.877 4.935 4.986 5.032 5.075 5.115 5.155 5.194 5.231 5.267 5.302 5.341 5.387 5.437 5.494 5.554 5.617 5.682 5.751 5.825 5.905 5.996 6.096 6.203 6.319 6.442 6.556 6.646 6.704 6.728 6.818 6.939 6.992 6.998 6.970 6.918 6.843 6.750 6.646 6.520 6.477 6.496
-99.000 -99.000 -99.000 -99.000 -99.000 -99.000 -99.000 -99.000 -99.000 -99.000 -99.000 -99.000 1.644 1.654 1.727 1.908 2.185 2.537 2.934 3.340 3.718 4.034 4.274 4.454 4.591 4.698 4.786 4.861 4.926 4.983 5.034 5.080 5.121 5.160 5.199 5.237 5.274 5.310 5.345 5.385 5.430 5.481 5.539 5.604 5.672 5.741 5.810 5.883 5.961 6.049 6.138 6.234 6.343 6.452 6.550 6.629 6.681 6.703 6.792 6.915 6.969 6.974 6.945 6.890 6.811 6.713 6.602 6.472 6.424 6.434
-99.000 -99.000 -99.000 -99.000 -99.000 -99.000 -99.000 -99.000 -99.000 -99.000 -99.000 -99.000 1.645 1.673 1.790 2.014 2.326 2.702 3.109 3.509 3.869 4.155 4.369 4.530 4.653 4.752 4.835 4.908 4.973 5.030 5.081 5.127 5.168 5.207 5.245 5.283 5.320 5.358 5.395 5.435 5.480 5.531 5.592 5.661 5.734 5.807 5.880 5.949 6.025 6.106 6.183 6.267 6.356 6.449 6.538 6.609 6.659 6.678 6.765 6.889 6.942 6.948 6.915 6.857 6.774 6.667 6.549 6.415 6.361 6.364
-99.000 -99.000 -99.000 -99.000 -99.000 -99.000 -99.000 -99.000 -99.000 -99.000 -99.000 1.644 1.650 1.708 1.871 2.134 2.476 2.869 3.280 3.670 4.006 4.264 4.456 4.599 4.711 4.803 4.882 4.953 5.017 5.073 5.126 5.172 5.214 5.252 5.290 5.328 5.368 5.407 5.445 5.486 5.533 5.586 5.649 5.720 5.798 5.877 5.949 6.014 6.087 6.163 6.227 6.291 6.361 6.442 6.522 6.591 6.640 6.653 6.737 6.861 6.914 6.916 6.880 6.818 6.728 6.614 6.488 6.351 6.295 6.295
-99.000 -99.000 -99.000 -99.000 -99.000 -99.000 -99.000 -99.000 -99.000 -99.000 -99.000 1.645 1.663 1.761 1.968 2.266 2.632 3.037 3.445 3.821 4.132 4.365 4.536 4.666 4.768 4.853 4.928 4.996 5.058 5.114 5.167 5.215 5.257 5.295 5.334 5.373 5.413 5.454 5.495 5.538 5.586 5.640 5.705 5.779 5.860 5.942 6.014 6.074 6.144 6.218 6.267 6.311 6.367 6.435 6.507 6.576 6.622 6.630 6.710 6.835 6.882 6.879 6.839 6.771 6.675 6.554 6.421 6.285 6.234 6.238
-99.000 -99.000 -99.000 -99.000 -99.000 -99.000 -99.000 -99.000 -99.000 -99.000 1.644 1.647 1.690 1.833 2.079 2.407 2.792 3.202 3.603 3.962 4.248 4.459 4.614 4.731 4.824 4.903 4.974 5.039 5.099 5.154 5.207 5.254 5.297 5.337 5.375 5.414 5.456 5.499 5.542 5.587 5.637 5.694 5.760 5.836 5.918 6.000 6.071 6.126 6.194 6.263 6.299 6.332 6.373 6.428 6.496 6.561 6.606 6.607 6.682 6.801 6.841 6.831 6.785 6.713 6.612 6.484 6.350 6.223 6.179 6.193
-99.000 -99.000 -99.000 -99.000 -99.000 -99.000 -99.000 -99.000 -99.000 -99.000 1.644 1.656 1.734 1.921 2.202 2.555 2.953 3.363 3.751 4.091 4.355 4.548 4.689 4.797 4.883 4.956 5.022 5.084 5.140 5.193 5.245 5.291 5.334 5.375 5.414 5.455 5.498 5.543 5.588 5.635 5.687 5.745 5.812 5.887 5.967 6.047 6.117 6.168 6.234 6.300 6.333 6.358 6.387 6.433 6.490 6.549 6.591 6.584 6.651 6.762 6.795 6.778 6.726 6.652 6.550 6.424 6.294 6.178 6.148 6.179
