version1/TsunamiDB/out54043.asc
ncols          264
nrows          230
xllcorner      497853.4375
yllcorner      4229146.0000
cellsize         5.
NODATA_value   -99
[rows 64 to 95 of 230, columns 73 to 145 of 264]
-99.000 -99.000 -99.000 -99.000 -99.000 -99.000 -99.000 -99.000 -99.000 -99.000 -99.000 -99.000 -99.000 -99.000 -99.000 -99.000 -99.000 -99.000 -99.000 -99.000 -99.000 -99.000 -99.000 -99.000 -99.000 -99.000 -99.000 -99.000 -99.000 -99.000 -99.000 -99.000 -99.000 -99.000 -99.000 -99.000 -99.000 -99.000 -99.000 -99.000 -99.000 1.648 1.674 1.782 1.986 2.259 2.562 2.860 3.128 3.352 3.533 3.676 3.792 3.887 3.967 4.037 4.100 4.157 4.211 4.262 4.310 4.356 4.400 4.442 4.484 4.524 4.564 4.603 4.641 4.678 4.715 4.752 4.789
-99.000 -99.000 -99.000 -99.000 -99.000 -99.000 -99.000 -99.000 -99.000 -99.000 -99.000 -99.000 -99.000 -99.000 -99.000 -99.000 -99.000 -99.000 -99.000 -99.000 -99.000 -99.000 -99.000 -99.000 -99.000 -99.000 -99.000 -99.000 -99.000 -99.000 -99.000 -99.000 -99.000 -99.000 -99.000 -99.000 -99.000 -99.000 -99.000 -99.000 1.646 1.653 1.710 1.864 2.104 2.395 2.700 2.987 3.235 3.440 3.603 3.734 3.839 3.928 4.004 4.070 4.130 4.186 4.239 4.288 4.335 4.380 4.423 4.464 4.505 4.544 4.582 4.620 4.657 4.694 4.730 4.765 4.801
-99.000 -99.000 -99.000 -99.000 -99.000 -99.000 -99.000 -99.000 -99.000 -99.000 -99.000 -99.000 -99.000 -99.000 -99.000 -99.000 -99.000 -99.000 -99.000 -99.000 -99.000 -99.000 -99.000 -99.000 -99.000 -99.000 -99.000 -99.000 -99.000 -99.000 -99.000 -99.000 -99.000 -99.000 -99.000 -99.000 -99.000 -99.000 -99.000 -99.000 1.647 1.669 1.768 1.964 2.232 2.534 2.834 3.105 3.334 3.519 3.667 3.786 3.883 3.966 4.038 4.102 4.160 4.215 4.266 4.314 4.360 4.403 4.446 4.486 4.526 4.564 4.601 4.638 4.674 4.710 4.745 4.779 4.814
-99.000 -99.000 -99.000 -99.000 -99.000 -99.000 -99.000 -99.000 -99.000 -99.000 -99.000 -99.000 -99.000 -99.000 -99.000 -99.000 -99.000 -99.000 -99.000 -99.000 -99.000 -99.000 -99.000 -99.000 -99.000 -99.000 -99.000 -99.000 -99.000 -99.000 -99.000 -99.000 -99.000 -99.000 -99.000 -99.000 -99.000 -99.000 -99.000 1.646 1.651 1.702 1.846 2.080 2.368 2.673 2.962 3.215 3.424 3.591 3.725 3.834 3.924 4.002 4.071 4.132 4.189 4.242 4.292 4.339 4.384 4.427 4.468 4.508 4.547 4.584 4.621 4.656 4.692 4.726 4.760 4.794 4.828
-99.000 -99.000 -99.000 -99.000 -99.000 -99.000 -99.000 -99.000 -99.000 -99.000 -99.000 -99.000 -99.000 -99.000 -99.000 -99.000 -99.000 -99.000 -99.000 -99.000 -99.000 -99.000 -99.000 -99.000 -99.000 -99.000 -99.000 -99.000 -99.000 -99.000 -99.000 -99.000 -99.000 -99.000 -99.000 -99.000 -99.000 -99.000 -99.000 1.647 1.665 1.756 1.944 2.207 2.508 2.809 3.083 3.316 3.505 3.656 3.778 3.878 3.963 4.037 4.102 4.162 4.218 4.270 4.319 4.365 4.409 4.451 4.491 4.530 4.568 4.605 4.640 4.675 4.709 4.743 4.776 4.809 4.842
-99.000 -99.000 -99.000 -99.000 -99.000 -99.000 -99.000 -99.000 -99.000 -99.000 -99.000 -99.000 -99.000 -99.000 -99.000 -99.000 -99.000 -99.000 -99.000 -99.000 -99.000 -99.000 -99.000 -99.000 -99.000 -99.000 -99.000 -99.000 -99.000 -99.000 -99.000 -99.000 -99.000 -99.000 -99.000 -99.000 -99.000 -99.000 1.646 1.650 1.695 1.831 2.059 2.344 2.648 2.939 3.195 3.407 3.578 3.714 3.826 3.918 3.999 4.069 4.132 4.190 4.245 4.296 4.344 4.390 4.433 4.474 4.514 4.552 4.589 4.625 4.660 4.694 4.727 4.760 4.793 4.825 4.857
-99.000 -99.000 -99.000 -99.000 -99.000 -99.000 -99.000 -99.000 -99.000 -99.000 -99.000 -99.000 -99.000 -99.000 -99.000 -99.000 -99.000 -99.000 -99.000 -99.000 -99.000 -99.000 -99.000 -99.000 -99.000 -99.000 -99.000 -99.000 -99.000 -99.000 -99.000 -99.000 -99.000 -99.000 -99.000 -99.000 -99.000 -99.000 1.647 1.662 1.746 1.928 2.186 2.485 2.786 3.063 3.298 3.490 3.644 3.767 3.870 3.956 4.032 4.100 4.161 4.218 4.272 4.322 4.369 4.414 4.457 4.497 4.536 4.574 4.610 4.645 4.679 4.713 4.746 4.778 4.810 4.841 4.873
-99.000 -99.000 -99.000 -99.000 -99.000 -99.000 -99.000 -99.000 -99.000 -99.000 -99.000 -99.000 -99.000 -99.000 -99.000 -99.000 -99.000 -99.000 -99.000 -99.000 -99.000 -99.000 -99.000 -99.000 -99.000 -99.000 -99.000 -99.000 -99.000 -99.000 -99.000 -99.000 -99.000 -99.000 -99.000 -99.000 -99.000 1.646 1.649 1.689 1.819 2.041 2.323 2.627 2.919 3.177 3.392 3.564 3.703 3.816 3.910 3.992 4.064 4.130 4.189 4.245 4.298 4.347 4.394 4.438 4.480 4.520 4.559 4.595 4.631 4.666 4.699 4.732 4.764 4.796 4.827 4.858 4.889
-99.000 -99.000 -99.000 -99.000 -99.000 -99.000 -99.000 -99.000 -99.000 -99.000 -99.000 -99.000 -99.000 -99.000 -99.000 -99.000 -99.000 -99.000 -99.000 -99.000 -99.000 -99.000 -99.000 -99.000 -99.000 -99.000 -99.000 -99.000 -99.000 -99.000 -99.000 -99.000 -99.000 -99.000 -99.000 -99.000 -99.000 1.646 1.660 1.738 1.914 2.169 2.465 2.767 3.045 3.282 3.476 3.631 3.757 3.860 3.948 4.025 4.094 4.158 4.216 4.270 4.322 4.371 4.417 4.461 4.503 4.542 4.580 4.617 4.652 4.686 4.719 4.751 4.783 4.814 4.845 4.875 4.906
-99.000 -99.000 -99.000 -99.000 -99.000 -99.000 -99.000 -99.000 -99.000 -99.000 -99.000 -99.000 -99.000 -99.000 -99.000 -99.000 -99.000 -99.000 -99.000 -99.000 -99.000 -99.000 -99.000 -99.000 -99.000 -99.000 -99.000 -99.000 -99.000 -99.000 -99.000 -99.000 -99.000 -99.000 -99.000 -99.000 1.646 1.649 1.685 1.809 2.027 2.306 2.610 2.903 3.162 3.378 3.552 3.692 3.805 3.900 3.983 4.056 4.123 4.185 4.241 4.295 4.346 4.394 4.440 4.483 4.525 4.564 4.601 4.637 4.672 4.705 4.738 4.770 4.801 4.832 4.863 4.893 4.923
-99.000 -99.000 -99.000 -99.000 -99.000 -99.000 -99.000 -99.000 -99.000 -99.000 -99.000 -99.000 -99.000 -99.000 -99.000 -99.000 -99.000 -99.000 -99.000 -99.000 -99.000 -99.000 -99.000 -99.000 -99.000 -99.000 -99.000 -99.000 -99.000 -99.000 -99.000 -99.000 -99.000 -99.000 -99.000 -99.000 1.646 1.658 1.732 1.903 2.154 2.450 2.752 3.031 3.270 3.465 3.621 3.747 3.850 3.938 4.016 4.086 4.150 4.210 4.266 4.318 4.369 4.417 4.462 4.505 4.546 4.585 4.622 4.658 4.692 4.725 4.757 4.789 4.820 4.851 4.881 4.911 4.940
-99.000 -99.000 -99.000 -99.000 -99.000 -99.000 -99.000 -99.000 -99.000 -99.000 -99.000 -99.000 -99.000 -99.000 -99.000 -99.000 -99.000 -99.000 -99.000 -99.000 -99.000 -99.000 -99.000 -99.000 -99.000 -99.000 -99.000 -99.000 -99.000 -99.000 -99.000 -99.000 -99.000 -99.000 -99.000 1.646 1.648 1.682 1.802 2.015 2.292 2.595 2.889 3.150 3.368 3.543 3.683 3.797 3.892 3.974 4.047 4.114 4.176 4.234 4.289 4.340 4.390 4.438 4.483 4.525 4.566 4.605 4.642 4.677 4.711 4.744 4.777 4.808 4.839 4.869 4.899 4.929 4.958
-99.000 -99.000 -99.000 -99.000 -99.000 -99.000 -99.000 -99.000 -99.000 -99.000 -99.000 -99.000 -99.000 -99.000 -99.000 -99.000 -99.000 -99.000 -99.000 -99.000 -99.000 -99.000 -99.000 -99.000 -99.000 -99.000 -99.000 -99.000 -99.000 -99.000 -99.000 -99.000 -99.000 -99.000 -99.000 1.646 1.657 1.727 1.894 2.143 2.437 2.739 3.020 3.260 3.457 3.614 3.740 3.843 3.930 4.007 4.076 4.141 4.201 4.258 4.311 4.362 4.411 4.458 4.503 4.545 4.586 4.624 4.661 4.696 4.731 4.764 4.796 4.827 4.858 4.888 4.918 4.947 4.976
-99.000 -99.000 -99.000 -99.000 -99.000 -99.000 -99.000 -99.000 -99.000 -99.000 -99.000 -99.000 -99.000 -99.000 -99.000 -99.000 -99.000 -99.000 -99.000 -99.000 -99.000 -99.000 -99.000 -99.000 -99.000 -99.000 -99.000 -99.000 -99.000 -99.000 -99.000 -99.000 -99.000 -99.000 1.646 1.648 1.679 1.795 2.005 2.281 2.584 2.879 3.141 3.361 3.537 3.678 3.791 3.886 3.967 4.039 4.105 4.167 4.225 4.280 4.332 4.382 4.431 4.477 4.522 4.564 4.604 4.643 4.680 4.715 4.749 4.782 4.815 4.846 4.877 4.907 4.936 4.965 4.994
-99.000 -99.000 -99.000 -99.000 -99.000 -99.000 -99.000 -99.000 -99.000 -99.000 -99.000 -99.000 -99.000 -99.000 -99.000 -99.000 -99.000 -99.000 -99.000 -99.000 -99.000 -99.000 -99.000 -99.000 -99.000 -99.000 -99.000 -99.000 -99.000 -99.000 -99.000 -99.000 -99.000 -99.000 1.646 1.656 1.722 1.886 2.132 2.426 2.729 3.011 3.254 3.452 3.610 3.737 3.840 3.926 4.002 4.070 4.133 4.192 4.248 4.302 4.353 4.402 4.450 4.496 4.540 4.582 4.622 4.661 4.698 4.733 4.768 4.801 4.833 4.865 4.896 4.926 4.955 4.984 5.012
-99.000 -99.000 -99.000 -99.000 -99.000 -99.000 -99.000 -99.000 -99.000 -99.000 -99.000 -99.000 -99.000 -99.000 -99.000 -99.000 -99.000 -99.000 -99.000 -99.000 -99.000 -99.000 -99.000 -99.000 -99.000 -99.000 -99.000 -99.000 -99.000 -99.000 -99.000 -99.000 -99.000 1.646 1.648 1.677 1.789 1.997 2.271 2.574 2.870 3.135 3.357 3.535 3.677 3.791 3.885 3.965 4.036 4.100 4.160 4.217 4.272 4.324 4.373 4.421 4.468 4.514 4.557 4.599 4.639 4.678 4.715 4.751 4.786 4.819 4.852 4.884 4.914 4.944 4.974 5.002 5.030
-99.000 -99.000 -99.000 -99.000 -99.000 -99.000 -99.000 -99.000 -99.000 -99.000 -99.000 -99.000 -99.000 -99.000 -99.000 -99.000 -99.000 -99.000 -99.000 -99.000 -99.000 -99.000 -99.000 -99.000 -99.000 -99.000 -99.000 -99.000 -99.000 -99.000 -99.000 -99.000 -99.000 1.646 1.655 1.718 1.879 2.123 2.416 2.720 3.005 3.250 3.451 3.611 3.738 3.842 3.928 4.002 4.069 4.130 4.188 4.242 4.295 4.346 4.394 4.441 4.487 4.531 4.574 4.616 4.656 4.695 4.732 4.769 4.804 4.838 4.871 4.902 4.933 4.963 4.992 5.020 5.048
-99.000 -99.000 -99.000 -99.000 -99.000 -99.000 -99.000 -99.000 -99.000 -99.000 -99.000 -99.000 -99.000 -99.000 -99.000 -99.000 -99.000 -99.000 -99.000 -99.000 -99.000 -99.000 -99.000 -99.000 -99.000 -99.000 -99.000 -99.000 -99.000 -99.000 -99.000 -99.000 -99.000 1.648 1.675 1.784 1.988 2.261 2.565 2.863 3.131 3.356 3.537 3.680 3.795 3.889 3.969 4.039 4.102 4.160 4.215 4.268 4.318 4.367 4.414 4.460 4.505 4.549 4.591 4.632 4.672 4.711 4.749 4.786 4.821 4.856 4.889 4.921 4.952 4.981 5.010 5.038 5.066
-99.000 -99.000 -99.000 -99.000 -99.000 -99.000 -99.000 -99.000 -99.000 -99.000 -99.000 -99.000 -99.000 -99.000 -99.000 -99.000 -99.000 -99.000 -99.000 -99.000 -99.000 -99.000 -99.000 -99.000 -99.000 -99.000 -99.000 -99.000 -99.000 -99.000 -99.000 -99.000 1.646 1.654 1.715 1.872 2.114 2.407 2.713 3.000 3.248 3.452 3.615 3.744 3.848 3.935 4.009 4.074 4.134 4.190 4.243 4.294 4.342 4.389 4.435 4.479 4.523 4.566 4.608 4.649 4.689 4.728 4.766 4.803 4.838 4.873 4.907 4.939 4.970 5.000 5.028 5.056 5.083
-99.000 -99.000 -99.000 -99.000 -99.000 -99.000 -99.000 -99.000 -99.000 -99.000 -99.000 -99.000 -99.000 -99.000 -99.000 -99.000 -99.000 -99.000 -99.000 -99.000 -99.000 -99.000 -99.000 -99.000 -99.000 -99.000 -99.000 -99.000 -99.000 -99.000 -99.000 -99.000 1.647 1.673 1.779 1.981 2.252 2.556 2.857 3.128 3.356 3.540 3.686 3.803 3.898 3.978 4.047 4.110 4.167 4.220 4.271 4.320 4.367 4.412 4.456 4.499 4.542 4.584 4.625 4.665 4.705 4.744 4.782 4.819 4.855 4.890 4.924 4.956 4.988 5.018 5.046 5.074 5.101
-99.000 -99.000 -99.000 -99.000 -99.000 -99.000 -99.000 -99.000 -99.000 -99.000 -99.000 -99.000 -99.000 -99.000 -99.000 -99.000 -99.000 -99.000 -99.000 -99.000 -99.000 -99.000 -99.000 -99.000 -99.000 -99.000 -99.000 -99.000 -99.000 -99.000 -99.000 1.646 1.653 1.711 1.866 2.106 2.398 2.705 2.995 3.247 3.455 3.621 3.752 3.858 3.945 4.020 4.085 4.145 4.199 4.251 4.300 4.347 4.392 4.436 4.478 4.520 4.561 4.602 4.642 4.682 4.722 4.760 4.798 4.836 4.872 4.907 4.941 4.974 5.005 5.035 5.064 5.092 5.119
-99.000 -99.000 -99.000 -99.000 -99.000 -99.000 -99.000 -99.000 -99.000 -99.000 -99.000 -99.000 -99.000 -99.000 -99.000 -99.000 -99.000 -99.000 -99.000 -99.000 -99.000 -99.000 -99.000 -99.000 -99.000 -99.000 -99.000 -99.000 -99.000 -99.000 -99.000 1.647 1.671 1.774 1.974 2.244 2.548 2.851 3.125 3.357 3.545 3.694 3.813 3.909 3.990 4.060 4.123 4.179 4.232 4.282 4.329 4.374 4.418 4.460 4.500 4.541 4.582 4.621 4.661 4.700 4.739 4.777 4.815 4.852 4.889 4.924 4.958 4.991 5.022 5.052 5.081 5.109 5.136
-99.000 -99.000 -99.000 -99.000 -99.000 -99.000 -99.000 -99.000 -99.000 -99.000 -99.000 -99.000 -99.000 -99.000 -99.000 -99.000 -99.000 -99.000 -99.000 -99.000 -99.000 -99.000 -99.000 -99.000 -99.000 -99.000 -99.000 -99.000 -99.000 -99.000 1.647 1.653 1.708 1.860 2.098 2.390 2.698 2.991 3.246 3.458 3.627 3.761 3.869 3.958 4.033 4.100 4.159 4.214 4.265 4.313 4.358 4.402 4.445 4.485 4.524 4.564 4.603 4.641 4.680 4.718 4.756 4.794 4.832 4.869 4.905 4.940 4.974 5.007 5.039 5.069 5.098 5.127 5.154
-99.000 -99.000 -99.000 -99.000 -99.000 -99.000 -99.000 -99.000 -99.000 -99.000 -99.000 -99.000 -99.000 -99.000 -99.000 -99.000 -99.000 -99.000 -99.000 -99.000 -99.000 -99.000 -99.000 -99.000 -99.000 -99.000 -99.000 -99.000 -99.000 -99.000 1.647 1.669 1.769 1.967 2.236 2.541 2.845 3.122 3.358 3.549 3.701 3.822 3.921 4.003 4.075 4.138 4.195 4.248 4.297 4.344 4.388 4.431 4.472 4.511 4.549 4.587 4.625 4.663 4.700 4.737 4.775 4.812 4.849 4.885 4.921 4.956 4.990 5.023 5.055 5.085 5.115 5.143 5.171
-99.000 -99.000 -99.000 -99.000 -99.000 -99.000 -99.000 -99.000 -99.000 -99.000 -99.000 -99.000 -99.000 -99.000 -99.000 -99.000 -99.000 -99.000 -99.000 -99.000 -99.000 -99.000 -99.000 -99.000 -99.000 -99.000 -99.000 -99.000 -99.000 1.647 1.652 1.705 1.854 2.091 2.382 2.691 2.986 3.245 3.459 3.631 3.768 3.879 3.970 4.047 4.114 4.175 4.230 4.282 4.330 4.375 4.418 4.460 4.500 4.538 4.575 4.612 4.649 4.685 4.721 4.758 4.794 4.831 4.867 4.903 4.938 4.972 5.006 5.039 5.070 5.101 5.131 5.160 5.187
-99.000 -99.000 -99.000 -99.000 -99.000 -99.000 -99.000 -99.000 -99.000 -99.000 -99.000 -99.000 -99.000 -99.000 -99.000 -99.000 -99.000 -99.000 -99.000 -99.000 -99.000 -99.000 -99.000 -99.000 -99.000 -99.000 -99.000 -99.000 -99.000 1.648 1.668 1.765 1.960 2.228 2.533 2.839 3.119 3.357 3.551 3.706 3.830 3.931 4.015 4.088 4.153 4.211 4.265 4.315 4.362 4.406 4.449 4.489 4.528 4.565 4.601 4.638 4.673 4.709 4.744 4.779 4.815 4.850 4.885 4.920 4.955 4.988 5.022 5.054 5.086 5.116 5.146 5.175 5.203
-99.000 -99.000 -99.000 -99.000 -99.000 -99.000 -99.000 -99.000 -99.000 -99.000 -99.000 -99.000 -99.000 -99.000 -99.000 -99.000 -99.000 -99.000 -99.000 -99.000 -99.000 -99.000 -99.000 -99.000 -99.000 -99.000 -99.000 -99.000 1.647 1.653 1.702 1.848 2.083 2.374 2.684 2.980 3.242 3.459 3.634 3.774 3.886 3.979 4.058 4.128 4.190 4.246 4.299 4.348 4.394 4.437 4.479 4.519 4.557 4.593 4.628 4.664 4.699 4.733 4.768 4.802 4.836 4.871 4.905 4.939 4.972 5.005 5.037 5.069 5.101 5.132 5.162 5.191 5.219
-99.000 -99.000 -99.000 -99.000 -99.000 -99.000 -99.000 -99.000 -99.000 -99.000 -99.000 -99.000 -99.000 -99.000 -99.000 -99.000 -99.000 -99.000 -99.000 -99.000 -99.000 -99.000 -99.000 -99.000 -99.000 -99.000 -99.000 -99.000 1.648 1.667 1.760 1.952 2.219 2.524 2.831 3.113 3.354 3.551 3.708 3.835 3.938 4.024 4.099 4.165 4.225 4.280 4.332 4.380 4.425 4.468 4.509 4.548 4.586 4.621 4.656 4.691 4.725 4.759 4.792 4.826 4.859 4.892 4.925 4.958 4.990 5.022 5.054 5.085 5.116 5.147 5.176 5.205 5.234
-99.000 -99.000 -99.000 -99.000 -99.000 -99.000 -99.000 -99.000 -99.000 -99.000 -99.000 -99.000 -99.000 -99.000 -99.000 -99.000 -99.000 -99.000 -99.000 -99.000 -99.000 -99.000 -99.000 -99.000 -99.000 -99.000 -99.000 1.647 1.652 1.700 1.842 2.074 2.364 2.675 2.973 3.236 3.456 3.634 3.775 3.890 3.985 4.066 4.137 4.201 4.259 4.313 4.363 4.411 4.456 4.498 4.539 4.578 4.615 4.650 4.684 4.718 4.752 4.785 4.818 4.851 4.883 4.915 4.947 4.978 5.010 5.041 5.071 5.102 5.132 5.162 5.191 5.220 5.248
-99.000 -99.000 -99.000 -99.000 -99.000 -99.000 -99.000 -99.000 -99.000 -99.000 -99.000 -99.000 -99.000 -99.000 -99.000 -99.000 -99.000 -99.000 -99.000 -99.000 -99.000 -99.000 -99.000 -99.000 -99.000 -99.000 -99.000 1.648 1.666 1.756 1.944 2.209 2.514 2.822 3.106 3.349 3.548 3.708 3.836 3.941 4.029 4.105 4.173 4.235 4.292 4.345 4.394 4.441 4.485 4.528 4.568 4.606 4.643 4.678 4.712 4.746 4.779 4.812 4.844 4.876 4.908 4.939 4.970 5.000 5.030 5.060 5.090 5.119 5.148 5.177 5.206 5.234 5.262
-99.000 -99.000 -99.000 -99.000 -99.000 -99.000 -99.000 -99.000 -99.000 -99.000 -99.000 -99.000 -99.000 -99.000 -99.000 -99.000 -99.000 -99.000 -99.000 -99.000 -99.000 -99.000 -99.000 -99.000 -99.000 -99.000 1.647 1.651 1.697 1.835 2.064 2.353 2.664 2.963 3.228 3.450 3.630 3.774 3.890 3.987 4.070 4.142 4.208 4.267 4.323 4.375 4.424 4.470 4.514 4.556 4.596 4.635 4.672 4.706 4.740 4.774 4.807 4.840 4.871 4.903 4.934 4.964 4.994 5.023 5.052 5.081 5.109 5.138 5.166 5.194 5.221 5.249 5.276
-99.000 -99.000 -99.000 -99.000 -99.000 -99.000 -99.000 -99.000 -99.000 -99.000 -99.000 -99.000 -99.000 -99.000 -99.000 -99.000 -99.000 -99.000 -99.000 -99.000 -99.000 -99.000 -99.000 -99.000 -99.000 -99.000 1.648 1.664 1.750 1.935 2.197 2.501 2.810 3.095 3.340 3.541 3.703 3.833 3.940 4.029 4.107 4.177 4.240 4.298 4.353 4.404 4.453 4.498 4.542 4.584 4.624 4.662 4.699 4.734 4.768 4.802 4.835 4.867 4.899 4.930 4.960 4.990 5.019 5.047 5.075 5.103 5.130 5.157 5.184 5.211 5.238 5.264 5.291
