version1/TsunamiDB/out54038.asc
ncols          264
nrows          230
xllcorner      497853.4375
yllcorner      4229146.0000
cellsize         5.
NODATA_value   -99
[rows 192 to 223 of 230, columns 72 to 143 of 264]
2.175 2.482 2.798 3.096 3.357 3.574 3.749 3.889 4.003 4.097 4.176 4.245 4.307 4.364 4.418 4.469 4.519 4.566 4.612 4.658 4.701 4.744 4.786 4.827 4.866 4.904 4.940 4.977 5.012 5.046 5.080 5.114 5.147 5.180 5.213 5.246 5.280 5.315 5.351 5.388 5.426 5.465 5.506 5.548 5.591 5.635 5.680 5.725 5.769 5.813 5.857 5.901 5.942 5.981 6.017 6.050 6.079 6.104 6.126 6.145 6.161 6.177 6.192 6.209 6.228 6.250 6.276 6.305 6.338 6.373 6.412 6.451
2.299 2.615 2.927 3.212 3.457 3.657 3.819 3.949 4.054 4.142 4.216 4.282 4.341 4.396 4.449 4.498 4.546 4.593 4.638 4.683 4.726 4.768 4.809 4.848 4.887 4.924 4.960 4.995 5.030 5.063 5.096 5.128 5.159 5.190 5.222 5.253 5.285 5.317 5.351 5.386 5.422 5.460 5.499 5.539 5.581 5.624 5.668 5.713 5.756 5.800 5.845 5.888 5.930 5.970 6.008 6.042 6.073 6.101 6.125 6.145 6.163 6.179 6.195 6.211 6.228 6.249 6.272 6.300 6.331 6.366 6.403 6.442
2.427 2.746 3.051 3.322 3.550 3.736 3.885 4.005 4.102 4.184 4.254 4.317 4.375 4.428 4.479 4.528 4.574 4.620 4.664 4.708 4.750 4.791 4.831 4.870 4.909 4.945 4.980 5.015 5.049 5.081 5.113 5.144 5.174 5.203 5.233 5.262 5.292 5.322 5.354 5.386 5.420 5.456 5.493 5.532 5.573 5.614 5.657 5.701 5.744 5.787 5.831 5.875 5.917 5.957 5.996 6.031 6.063 6.092 6.118 6.140 6.159 6.177 6.193 6.209 6.226 6.245 6.268 6.294 6.323 6.356 6.393 6.431
2.557 2.875 3.169 3.424 3.637 3.808 3.946 4.057 4.147 4.224 4.292 4.352 4.408 4.460 4.509 4.556 4.602 4.647 4.690 4.733 4.774 4.815 4.854 4.893 4.931 4.966 5.001 5.035 5.069 5.101 5.131 5.161 5.190 5.219 5.246 5.274 5.302 5.330 5.359 5.389 5.421 5.455 5.490 5.527 5.566 5.606 5.647 5.690 5.732 5.775 5.818 5.861 5.903 5.943 5.981 6.017 6.051 6.080 6.107 6.131 6.152 6.170 6.187 6.204 6.222 6.240 6.262 6.286 6.314 6.346 6.381 6.418
2.687 2.999 3.280 3.520 3.717 3.876 4.002 4.105 4.190 4.263 4.328 4.386 4.440 4.491 4.539 4.585 4.630 4.674 4.716 4.758 4.799 4.838 4.877 4.915 4.953 4.988 5.022 5.056 5.089 5.121 5.151 5.180 5.208 5.235 5.262 5.288 5.314 5.340 5.367 5.395 5.424 5.456 5.489 5.524 5.561 5.599 5.639 5.680 5.721 5.763 5.805 5.847 5.889 5.929 5.967 6.003 6.036 6.067 6.094 6.119 6.141 6.161 6.180 6.198 6.216 6.235 6.255 6.279 6.305 6.335 6.369 6.404
2.816 3.119 3.386 3.610 3.792 3.938 4.055 4.150 4.231 4.301 4.363 4.420 4.472 4.522 4.569 4.614 4.658 4.701 4.742 4.783 4.823 4.862 4.900 4.938 4.975 5.010 5.044 5.077 5.110 5.141 5.171 5.200 5.228 5.254 5.280 5.304 5.329 5.353 5.378 5.404 5.431 5.459 5.490 5.523 5.558 5.594 5.633 5.673 5.712 5.752 5.794 5.835 5.875 5.915 5.952 5.988 6.022 6.052 6.081 6.106 6.130 6.151 6.171 6.190 6.209 6.229 6.250 6.273 6.298 6.327 6.358 6.392
2.941 3.233 3.484 3.692 3.861 3.995 4.103 4.193 4.270 4.337 4.397 4.452 4.504 4.552 4.599 4.643 4.686 4.728 4.768 4.808 4.847 4.886 4.924 4.961 4.997 5.031 5.065 5.099 5.131 5.162 5.192 5.221 5.248 5.274 5.299 5.323 5.346 5.369 5.392 5.415 5.440 5.466 5.495 5.525 5.557 5.592 5.629 5.667 5.705 5.744 5.784 5.824 5.863 5.902 5.939 5.975 6.008 6.039 6.068 6.094 6.119 6.142 6.163 6.184 6.204 6.225 6.246 6.269 6.294 6.321 6.351 6.383
3.063 3.341 3.576 3.769 3.923 4.048 4.149 4.234 4.307 4.372 4.431 4.485 4.535 4.583 4.628 4.672 4.714 4.755 4.795 4.834 4.872 4.910 4.947 4.983 5.019 5.053 5.087 5.120 5.152 5.184 5.214 5.242 5.270 5.296 5.320 5.344 5.366 5.388 5.409 5.431 5.453 5.477 5.502 5.530 5.560 5.592 5.626 5.663 5.699 5.737 5.775 5.814 5.853 5.891 5.927 5.962 5.996 6.027 6.056 6.084 6.110 6.134 6.157 6.179 6.201 6.223 6.245 6.268 6.292 6.319 6.348 6.378
3.179 3.442 3.661 3.838 3.981 4.096 4.192 4.273 4.343 4.406 4.463 4.516 4.566 4.613 4.657 4.700 4.742 4.782 4.821 4.859 4.897 4.934 4.970 5.006 5.041 5.075 5.108 5.141 5.174 5.205 5.235 5.264 5.292 5.318 5.343 5.366 5.388 5.409 5.429 5.449 5.469 5.490 5.513 5.538 5.565 5.595 5.627 5.661 5.695 5.731 5.769 5.807 5.844 5.881 5.917 5.952 5.985 6.017 6.047 6.075 6.102 6.128 6.153 6.177 6.200 6.224 6.247 6.270 6.295 6.321 6.349 6.379
3.290 3.536 3.739 3.902 4.034 4.142 4.232 4.309 4.378 4.439 4.495 4.547 4.596 4.643 4.687 4.729 4.770 4.809 4.847 4.885 4.922 4.958 4.994 5.029 5.064 5.097 5.130 5.163 5.195 5.226 5.257 5.286 5.314 5.340 5.365 5.389 5.411 5.431 5.451 5.470 5.488 5.508 5.528 5.550 5.574 5.601 5.630 5.661 5.694 5.728 5.764 5.800 5.837 5.873 5.909 5.943 5.977 6.009 6.040 6.069 6.098 6.125 6.152 6.177 6.202 6.227 6.251 6.276 6.301 6.327 6.355 6.384
3.394 3.624 3.811 3.961 4.084 4.184 4.270 4.344 4.411 4.471 4.526 4.578 4.626 4.672 4.716 4.757 4.797 4.836 4.874 4.911 4.947 4.982 5.017 5.052 5.086 5.119 5.151 5.184 5.216 5.248 5.278 5.308 5.336 5.363 5.389 5.413 5.435 5.456 5.475 5.493 5.511 5.528 5.546 5.565 5.587 5.610 5.636 5.665 5.695 5.727 5.761 5.796 5.832 5.867 5.902 5.937 5.970 6.003 6.035 6.065 6.095 6.124 6.153 6.180 6.207 6.233 6.259 6.284 6.310 6.337 6.365 6.394
3.491 3.704 3.876 4.015 4.129 4.224 4.306 4.378 4.443 4.502 4.556 4.608 4.656 4.701 4.744 4.786 4.825 4.864 4.901 4.937 4.972 5.007 5.041 5.075 5.109 5.141 5.173 5.206 5.237 5.269 5.299 5.329 5.358 5.386 5.412 5.437 5.460 5.481 5.501 5.519 5.536 5.552 5.568 5.585 5.603 5.623 5.646 5.672 5.699 5.728 5.760 5.794 5.828 5.863 5.897 5.931 5.965 5.999 6.031 6.063 6.095 6.126 6.156 6.185 6.214 6.242 6.269 6.296 6.323 6.350 6.378 6.408
3.581 3.778 3.937 4.065 4.172 4.262 4.340 4.410 4.473 4.532 4.586 4.637 4.684 4.730 4.773 4.814 4.853 4.891 4.927 4.963 4.998 5.032 5.065 5.099 5.132 5.163 5.195 5.227 5.259 5.290 5.321 5.351 5.380 5.408 5.435 5.461 5.485 5.507 5.527 5.546 5.563 5.578 5.593 5.608 5.624 5.641 5.660 5.682 5.706 5.733 5.762 5.794 5.827 5.860 5.894 5.928 5.962 5.996 6.030 6.063 6.096 6.129 6.161 6.192 6.223 6.252 6.281 6.309 6.337 6.365 6.395 6.424
3.665 3.846 3.992 4.111 4.211 4.297 4.373 4.441 4.503 4.561 4.614 4.665 4.713 4.758 4.800 4.841 4.880 4.918 4.954 4.989 5.023 5.057 5.090 5.122 5.155 5.186 5.217 5.248 5.280 5.311 5.342 5.372 5.401 5.430 5.458 5.485 5.510 5.533 5.555 5.574 5.591 5.607 5.621 5.635 5.648 5.662 5.679 5.697 5.718 5.741 5.768 5.797 5.828 5.860 5.893 5.927 5.961 5.996 6.031 6.065 6.100 6.134 6.168 6.201 6.234 6.265 6.295 6.325 6.354 6.383 6.413 6.443
3.742 3.909 4.043 4.154 4.249 4.331 4.404 4.470 4.532 4.589 4.642 4.692 4.740 4.785 4.828 4.869 4.907 4.945 4.981 5.015 5.049 5.082 5.114 5.146 5.178 5.208 5.239 5.270 5.301 5.332 5.362 5.393 5.423 5.452 5.481 5.508 5.534 5.559 5.582 5.602 5.621 5.637 5.652 5.665 5.676 5.689 5.702 5.717 5.734 5.754 5.777 5.803 5.832 5.863 5.895 5.928 5.962 5.997 6.033 6.069 6.105 6.141 6.177 6.212 6.246 6.279 6.311 6.342 6.372 6.403 6.433 6.464
3.813 3.966 4.091 4.195 4.284 4.363 4.434 4.499 4.559 4.616 4.669 4.719 4.767 4.812 4.855 4.895 4.934 4.971 5.007 5.041 5.075 5.107 5.139 5.170 5.201 5.231 5.261 5.292 5.322 5.353 5.383 5.414 5.444 5.473 5.503 5.531 5.558 5.584 5.608 5.631 5.651 5.668 5.684 5.697 5.708 5.718 5.729 5.741 5.754 5.771 5.791 5.814 5.840 5.869 5.899 5.932 5.966 6.001 6.037 6.074 6.112 6.150 6.187 6.224 6.260 6.295 6.329 6.361 6.393 6.424 6.455 6.486
3.878 4.019 4.135 4.232 4.318 4.393 4.462 4.526 4.586 4.642 4.695 4.745 4.792 4.838 4.881 4.921 4.960 4.998 5.033 5.067 5.100 5.132 5.164 5.195 5.225 5.254 5.284 5.314 5.344 5.374 5.404 5.434 5.464 5.494 5.524 5.553 5.582 5.609 5.635 5.659 5.680 5.699 5.716 5.730 5.741 5.751 5.761 5.770 5.780 5.793 5.809 5.829 5.852 5.878 5.907 5.938 5.972 6.007 6.044 6.082 6.121 6.160 6.199 6.238 6.276 6.312 6.348 6.382 6.415 6.447 6.478 6.510
3.938 4.068 4.176 4.268 4.349 4.422 4.490 4.552 4.611 4.667 4.720 4.770 4.817 4.863 4.906 4.947 4.986 5.023 5.059 5.093 5.126 5.158 5.189 5.219 5.248 5.277 5.306 5.335 5.365 5.395 5.424 5.454 5.485 5.515 5.545 5.575 5.604 5.633 5.660 5.686 5.709 5.730 5.748 5.764 5.776 5.786 5.795 5.803 5.810 5.820 5.833 5.849 5.869 5.892 5.919 5.948 5.981 6.016 6.052 6.091 6.131 6.171 6.212 6.253 6.292 6.331 6.368 6.403 6.438 6.471 6.503 6.535
3.994 4.114 4.214 4.302 4.380 4.450 4.516 4.578 4.636 4.691 4.744 4.794 4.841 4.887 4.930 4.971 5.011 5.048 5.084 5.118 5.151 5.183 5.213 5.243 5.272 5.300 5.328 5.357 5.386 5.415 5.445 5.475 5.505 5.535 5.566 5.596 5.626 5.656 5.684 5.712 5.737 5.760 5.780 5.797 5.811 5.823 5.832 5.838 5.843 5.851 5.861 5.874 5.890 5.910 5.934 5.962 5.993 6.027 6.064 6.102 6.143 6.185 6.227 6.269 6.310 6.350 6.389 6.427 6.462 6.497 6.530 6.562
4.045 4.156 4.251 4.334 4.409 4.477 4.542 4.602 4.660 4.714 4.767 4.817 4.864 4.910 4.954 4.995 5.035 5.072 5.108 5.143 5.176 5.207 5.238 5.267 5.295 5.323 5.351 5.379 5.407 5.436 5.465 5.494 5.524 5.555 5.586 5.617 5.647 5.678 5.708 5.736 5.763 5.788 5.811 5.830 5.846 5.859 5.868 5.875 5.880 5.886 5.893 5.903 5.916 5.933 5.954 5.980 6.009 6.041 6.077 6.116 6.157 6.199 6.243 6.286 6.329 6.371 6.412 6.451 6.488 6.523 6.557 6.590
4.093 4.197 4.286 4.365 4.437 4.503 4.566 4.626 4.682 4.737 4.789 4.839 4.886 4.932 4.976 5.018 5.058 5.096 5.132 5.166 5.200 5.231 5.262 5.291 5.319 5.346 5.374 5.401 5.429 5.457 5.485 5.514 5.544 5.574 5.605 5.636 5.668 5.699 5.730 5.760 5.788 5.815 5.839 5.860 5.879 5.893 5.905 5.912 5.917 5.923 5.929 5.937 5.947 5.961 5.979 6.001 6.028 6.059 6.094 6.132 6.173 6.216 6.260 6.305 6.349 6.393 6.435 6.476 6.514 6.551 6.585 6.618
4.138 4.235 4.319 4.395 4.464 4.529 4.590 4.649 4.705 4.758 4.810 4.860 4.908 4.953 4.997 5.039 5.080 5.118 5.155 5.190 5.223 5.255 5.285 5.315 5.342 5.369 5.396 5.423 5.450 5.478 5.505 5.534 5.563 5.593 5.624 5.655 5.687 5.719 5.751 5.782 5.811 5.840 5.866 5.889 5.909 5.926 5.939 5.949 5.955 5.961 5.966 5.973 5.981 5.993 6.008 6.028 6.052 6.081 6.114 6.151 6.191 6.234 6.279 6.324 6.370 6.415 6.459 6.501 6.541 6.579 6.614 6.647
4.180 4.271 4.351 4.423 4.490 4.554 4.613 4.671 4.726 4.779 4.831 4.880 4.928 4.974 5.018 5.060 5.101 5.139 5.176 5.212 5.245 5.278 5.308 5.338 5.365 5.392 5.419 5.445 5.472 5.498 5.526 5.554 5.582 5.612 5.642 5.674 5.706 5.738 5.770 5.802 5.833 5.863 5.890 5.915 5.938 5.957 5.972 5.983 5.991 5.998 6.004 6.010 6.018 6.028 6.041 6.058 6.080 6.106 6.137 6.173 6.212 6.254 6.299 6.345 6.392 6.438 6.484 6.527 6.569 6.608 6.643 6.676
4.220 4.305 4.381 4.451 4.516 4.578 4.636 4.693 4.747 4.800 4.851 4.900 4.947 4.993 5.037 5.080 5.121 5.160 5.197 5.233 5.267 5.300 5.331 5.360 5.388 5.414 5.441 5.467 5.493 5.520 5.546 5.573 5.601 5.631 5.661 5.692 5.724 5.756 5.789 5.821 5.853 5.883 5.912 5.939 5.963 5.984 6.002 6.016 6.026 6.034 6.042 6.048 6.056 6.065 6.077 6.092 6.112 6.136 6.165 6.198 6.236 6.277 6.321 6.367 6.414 6.462 6.509 6.554 6.597 6.637 6.674 6.707
4.257 4.338 4.411 4.479 4.542 4.602 4.659 4.714 4.768 4.820 4.870 4.919 4.966 5.012 5.056 5.099 5.140 5.179 5.217 5.253 5.288 5.321 5.352 5.383 5.410 5.437 5.464 5.490 5.515 5.541 5.567 5.593 5.621 5.649 5.679 5.709 5.741 5.773 5.806 5.839 5.871 5.903 5.933 5.961 5.986 6.009 6.029 6.045 6.057 6.068 6.078 6.086 6.094 6.103 6.115 6.129 6.147 6.169 6.195 6.226 6.262 6.302 6.345 6.391 6.438 6.487 6.535 6.581 6.626 6.667 6.705 6.739
4.293 4.371 4.441 4.506 4.567 4.625 4.681 4.736 4.788 4.839 4.889 4.937 4.984 5.030 5.074 5.117 5.158 5.198 5.236 5.272 5.308 5.341 5.373 5.404 5.432 5.459 5.486 5.512 5.537 5.563 5.588 5.614 5.640 5.668 5.697 5.727 5.758 5.790 5.822 5.855 5.888 5.920 5.951 5.980 6.007 6.031 6.053 6.071 6.086 6.099 6.111 6.121 6.131 6.142 6.153 6.167 6.184 6.204 6.229 6.258 6.291 6.329 6.371 6.417 6.464 6.513 6.561 6.609 6.655 6.698 6.737 6.771
4.328 4.402 4.469 4.533 4.592 4.649 4.704 4.757 4.808 4.858 4.907 4.955 5.001 5.047 5.091 5.134 5.175 5.215 5.254 5.291 5.326 5.361 5.393 5.425 5.453 5.481 5.508 5.534 5.560 5.585 5.609 5.635 5.660 5.687 5.715 5.744 5.774 5.805 5.837 5.870 5.903 5.935 5.966 5.996 6.025 6.051 6.074 6.094 6.111 6.127 6.142 6.155 6.167 6.179 6.192 6.206 6.223 6.242 6.265 6.292 6.324 6.360 6.400 6.444 6.491 6.540 6.589 6.638 6.686 6.730 6.770 6.806
4.361 4.432 4.498 4.559 4.617 4.673 4.726 4.778 4.829 4.878 4.926 4.973 5.018 5.063 5.107 5.150 5.191 5.231 5.270 5.308 5.344 5.379 5.412 5.444 5.474 5.502 5.530 5.556 5.582 5.607 5.631 5.656 5.681 5.707 5.733 5.761 5.790 5.821 5.852 5.884 5.917 5.949 5.980 6.011 6.040 6.067 6.092 6.114 6.134 6.152 6.169 6.185 6.200 6.215 6.230 6.245 6.262 6.281 6.303 6.329 6.358 6.392 6.431 6.474 6.520 6.568 6.618 6.669 6.717 6.764 6.806 6.846
4.393 4.462 4.525 4.586 4.642 4.697 4.749 4.800 4.849 4.897 4.944 4.990 5.035 5.080 5.123 5.165 5.207 5.247 5.286 5.324 5.361 5.396 5.430 5.463 5.493 5.522 5.551 5.578 5.604 5.629 5.653 5.678 5.702 5.727 5.752 5.779 5.807 5.836 5.866 5.898 5.929 5.961 5.993 6.023 6.053 6.081 6.107 6.131 6.153 6.174 6.194 6.213 6.231 6.249 6.266 6.283 6.301 6.320 6.342 6.367 6.395 6.427 6.464 6.505 6.550 6.599 6.649 6.700 6.751 6.800 6.846 6.889
4.424 4.491 4.553 4.612 4.667 4.721 4.772 4.821 4.870 4.917 4.963 5.008 5.052 5.096 5.139 5.181 5.222 5.262 5.301 5.339 5.376 5.412 5.447 5.480 5.511 5.541 5.571 5.599 5.625 5.651 5.675 5.700 5.723 5.747 5.772 5.797 5.824 5.851 5.880 5.910 5.941 5.972 6.003 6.034 6.064 6.093 6.120 6.146 6.170 6.194 6.216 6.238 6.259 6.280 6.299 6.319 6.338 6.359 6.381 6.405 6.432 6.463 6.498 6.538 6.583 6.631 6.682 6.734 6.787 6.839 6.889 6.937
4.454 4.519 4.580 4.638 4.692 4.745 4.795 4.844 4.891 4.937 4.982 5.026 5.069 5.112 5.154 5.196 5.236 5.276 5.315 5.353 5.390 5.427 5.462 5.496 5.528 5.559 5.589 5.618 5.646 5.672 5.697 5.722 5.745 5.768 5.792 5.816 5.841 5.867 5.894 5.923 5.952 5.982 6.013 6.043 6.073 6.102 6.131 6.158 6.184 6.210 6.236 6.261 6.285 6.308 6.330 6.352 6.374 6.396 6.419 6.443 6.470 6.500 6.534 6.572 6.616 6.665 6.716 6.769 6.825 6.881 6.935 6.987
4.484 4.547 4.607 4.663 4.717 4.769 4.818 4.866 4.912 4.957 5.001 5.044 5.087 5.129 5.170 5.211 5.251 5.290 5.329 5.367 5.404 5.441 5.476 5.511 5.544 5.576 5.607 5.637 5.665 5.693 5.719 5.743 5.767 5.790 5.812 5.835 5.858 5.883 5.908 5.935 5.963 5.992 6.021 6.051 6.081 6.111 6.140 6.168 6.196 6.225 6.253 6.281 6.308 6.334 6.359 6.384 6.407 6.431 6.455 6.480 6.507 6.536 6.569 6.607 6.650 6.699 6.752 6.807 6.866 6.925 6.984 7.040
