version1/TsunamiDB/out54117.asc
ncols          264
nrows          230
xllcorner      497853.4375
yllcorner      4229146.0000
cellsize         5.
NODATA_value   -99
[rows 34 to 67 of 230, columns 0 to 76 of 264]
3.583 3.651 3.714 3.772 3.827 3.880 3.930 3.978 4.025 4.070 4.113 4.155 4.196 4.236 4.274 4.311 4.347 4.383 4.418 4.452 4.486 4.519 4.551 4.583 4.615 4.646 4.677 4.707 4.737 4.766 4.795 4.824 4.852 4.880 4.907 4.934 4.960 4.985 5.009 5.033 5.057 5.080 5.103 5.125 5.147 5.169 5.190 5.210 5.230 5.250 5.269 5.289 5.307 5.326 5.344 5.363 5.381 5.398 5.416 5.434 5.450 5.465 5.481 5.497 5.513 5.529 5.544 5.559 5.574 5.589 5.603 5.617 5.631 5.645 5.658 5.671 5.684
3.617 3.682 3.743 3.799 3.853 3.905 3.954 4.001 4.047 4.091 4.134 4.176 4.216 4.255 4.292 4.329 4.365 4.400 4.435 4.469 4.502 4.535 4.567 4.598 4.629 4.660 4.690 4.720 4.750 4.779 4.808 4.836 4.864 4.892 4.919 4.945 4.972 4.996 5.020 5.044 5.068 5.092 5.114 5.137 5.158 5.180 5.201 5.221 5.241 5.261 5.280 5.299 5.318 5.337 5.355 5.373 5.391 5.409 5.426 5.444 5.460 5.476 5.491 5.507 5.523 5.539 5.555 5.570 5.585 5.600 5.614 5.628 5.642 5.656 5.669 5.683 5.696
3.650 3.712 3.771 3.826 3.878 3.929 3.977 4.023 4.068 4.112 4.154 4.195 4.235 4.274 4.311 4.347 4.382 4.417 4.452 4.485 4.518 4.550 4.582 4.613 4.644 4.674 4.704 4.734 4.763 4.792 4.820 4.848 4.876 4.903 4.930 4.957 4.983 5.008 5.031 5.056 5.079 5.103 5.125 5.148 5.170 5.191 5.212 5.232 5.252 5.272 5.291 5.310 5.329 5.347 5.365 5.383 5.401 5.419 5.436 5.454 5.470 5.485 5.501 5.517 5.533 5.549 5.565 5.580 5.595 5.610 5.625 5.639 5.653 5.667 5.681 5.694 5.707
3.681 3.741 3.798 3.852 3.903 3.952 4.000 4.045 4.090 4.132 4.174 4.214 4.254 4.292 4.329 4.364 4.399 4.434 4.468 4.501 4.534 4.566 4.597 4.628 4.658 4.688 4.718 4.747 4.776 4.804 4.833 4.860 4.888 4.915 4.942 4.968 4.994 5.019 5.043 5.067 5.090 5.114 5.136 5.159 5.181 5.202 5.223 5.243 5.263 5.283 5.302 5.321 5.339 5.358 5.376 5.394 5.411 5.429 5.446 5.463 5.480 5.495 5.511 5.527 5.543 5.559 5.574 5.590 5.605 5.620 5.635 5.649 5.664 5.678 5.691 5.705 5.718
3.711 3.769 3.824 3.877 3.927 3.975 4.022 4.067 4.110 4.153 4.194 4.233 4.272 4.310 4.346 4.381 4.416 4.451 4.484 4.517 4.549 4.581 4.612 4.642 4.672 4.702 4.731 4.760 4.789 4.817 4.845 4.872 4.900 4.927 4.953 4.979 5.005 5.030 5.054 5.078 5.101 5.125 5.147 5.170 5.191 5.213 5.234 5.254 5.274 5.293 5.312 5.331 5.350 5.368 5.386 5.404 5.421 5.438 5.456 5.473 5.489 5.504 5.520 5.536 5.552 5.568 5.584 5.599 5.615 5.630 5.645 5.659 5.674 5.688 5.701 5.715 5.728
3.740 3.796 3.850 3.902 3.951 3.998 4.044 4.088 4.131 4.172 4.213 4.252 4.290 4.328 4.363 4.398 4.433 4.467 4.500 4.532 4.564 4.596 4.626 4.657 4.686 4.716 4.745 4.773 4.802 4.829 4.857 4.884 4.911 4.938 4.964 4.991 5.016 5.041 5.064 5.088 5.112 5.135 5.158 5.181 5.202 5.224 5.244 5.265 5.285 5.304 5.323 5.342 5.360 5.378 5.396 5.414 5.431 5.448 5.465 5.482 5.498 5.513 5.529 5.545 5.561 5.577 5.592 5.608 5.623 5.639 5.654 5.668 5.683 5.697 5.711 5.725 5.738
3.768 3.823 3.875 3.926 3.974 4.020 4.065 4.109 4.151 4.192 4.231 4.270 4.308 4.345 4.380 4.414 4.449 4.482 4.515 4.548 4.579 4.610 4.641 4.671 4.700 4.729 4.758 4.786 4.814 4.842 4.869 4.896 4.923 4.949 4.976 5.002 5.027 5.052 5.075 5.099 5.123 5.146 5.169 5.191 5.213 5.235 5.255 5.276 5.296 5.315 5.334 5.353 5.371 5.389 5.407 5.424 5.441 5.458 5.475 5.492 5.508 5.523 5.538 5.554 5.570 5.585 5.601 5.617 5.632 5.647 5.662 5.677 5.692 5.706 5.720 5.734 5.748
3.795 3.849 3.900 3.949 3.996 4.042 4.086 4.129 4.170 4.211 4.250 4.288 4.325 4.362 4.397 4.431 4.464 4.498 4.530 4.562 4.594 4.624 4.655 4.684 4.714 4.742 4.771 4.799 4.827 4.854 4.881 4.908 4.934 4.961 4.987 5.012 5.038 5.062 5.086 5.110 5.133 5.157 5.180 5.202 5.224 5.245 5.266 5.287 5.307 5.326 5.345 5.364 5.382 5.400 5.417 5.434 5.451 5.468 5.485 5.501 5.517 5.532 5.547 5.563 5.578 5.594 5.610 5.625 5.640 5.655 5.670 5.685 5.700 5.714 5.729 5.743 5.757
3.822 3.874 3.924 3.972 4.019 4.063 4.107 4.149 4.189 4.229 4.268 4.305 4.342 4.378 4.413 4.446 4.480 4.513 4.545 4.577 4.608 4.638 4.668 4.698 4.727 4.755 4.784 4.811 4.839 4.866 4.893 4.919 4.946 4.972 4.998 5.023 5.048 5.073 5.096 5.120 5.144 5.167 5.190 5.212 5.234 5.256 5.277 5.297 5.317 5.337 5.356 5.375 5.393 5.411 5.428 5.445 5.462 5.479 5.495 5.511 5.527 5.541 5.557 5.572 5.587 5.603 5.618 5.633 5.648 5.663 5.678 5.693 5.708 5.722 5.737 5.751 5.765
3.848 3.899 3.948 3.995 4.041 4.085 4.127 4.168 4.208 4.248 4.286 4.323 4.359 4.395 4.429 4.462 4.495 4.528 4.560 4.591 4.622 4.652 4.682 4.711 4.740 4.768 4.796 4.824 4.851 4.878 4.904 4.931 4.957 4.983 5.008 5.033 5.059 5.083 5.106 5.130 5.154 5.177 5.200 5.223 5.245 5.266 5.287 5.308 5.328 5.348 5.367 5.386 5.404 5.422 5.439 5.456 5.473 5.489 5.506 5.522 5.537 5.551 5.566 5.581 5.596 5.611 5.627 5.642 5.657 5.671 5.686 5.701 5.716 5.730 5.745 5.759 5.773
3.874 3.924 3.972 4.018 4.062 4.105 4.147 4.188 4.227 4.266 4.303 4.340 4.376 4.411 4.444 4.477 4.510 4.542 4.574 4.605 4.635 4.665 4.695 4.724 4.752 4.780 4.808 4.835 4.862 4.889 4.915 4.942 4.967 4.993 5.018 5.044 5.069 5.092 5.116 5.139 5.163 5.187 5.210 5.232 5.255 5.276 5.298 5.318 5.339 5.358 5.378 5.397 5.415 5.433 5.450 5.467 5.484 5.500 5.516 5.532 5.547 5.561 5.576 5.591 5.606 5.621 5.635 5.650 5.665 5.680 5.694 5.709 5.723 5.738 5.752 5.766 5.780
3.899 3.948 3.995 4.040 4.084 4.126 4.167 4.207 4.246 4.284 4.321 4.357 4.392 4.426 4.459 4.492 4.524 4.556 4.588 4.618 4.648 4.678 4.707 4.736 4.764 4.792 4.820 4.847 4.874 4.900 4.926 4.952 4.978 5.003 5.028 5.053 5.078 5.102 5.125 5.149 5.172 5.196 5.219 5.242 5.264 5.286 5.307 5.328 5.349 5.369 5.388 5.407 5.426 5.444 5.461 5.478 5.495 5.511 5.528 5.543 5.558 5.572 5.586 5.601 5.616 5.630 5.645 5.659 5.674 5.688 5.702 5.717 5.731 5.745 5.759 5.774 5.788
3.924 3.972 4.018 4.062 4.105 4.147 4.187 4.226 4.264 4.302 4.338 4.374 4.408 4.442 4.474 4.507 4.539 4.570 4.601 4.632 4.662 4.691 4.720 4.748 4.776 4.804 4.831 4.858 4.885 4.911 4.937 4.962 4.988 5.013 5.038 5.063 5.087 5.111 5.134 5.158 5.181 5.204 5.228 5.250 5.273 5.295 5.317 5.338 5.358 5.379 5.398 5.418 5.436 5.455 5.472 5.490 5.506 5.523 5.539 5.555 5.569 5.583 5.597 5.612 5.626 5.640 5.654 5.669 5.683 5.697 5.711 5.725 5.739 5.753 5.767 5.781 5.795
3.949 3.996 4.041 4.084 4.126 4.167 4.207 4.245 4.283 4.319 4.355 4.390 4.425 4.458 4.489 4.521 4.553 4.584 4.615 4.645 4.674 4.703 4.732 4.760 4.788 4.815 4.842 4.869 4.895 4.921 4.947 4.972 4.998 5.023 5.048 5.072 5.096 5.119 5.142 5.166 5.189 5.213 5.236 5.259 5.281 5.303 5.325 5.347 5.368 5.388 5.408 5.428 5.447 5.465 5.483 5.500 5.517 5.534 5.550 5.566 5.580 5.594 5.608 5.623 5.637 5.651 5.665 5.678 5.692 5.706 5.720 5.733 5.747 5.761 5.775 5.788 5.802
3.973 4.019 4.063 4.106 4.147 4.187 4.226 4.264 4.301 4.337 4.372 4.407 4.441 4.473 4.504 4.536 4.567 4.598 4.628 4.658 4.687 4.716 4.744 4.772 4.800 4.827 4.853 4.880 4.906 4.932 4.957 4.982 5.007 5.032 5.057 5.081 5.105 5.128 5.151 5.174 5.197 5.221 5.244 5.266 5.289 5.311 5.333 5.355 5.376 5.397 5.417 5.437 5.456 5.475 5.493 5.511 5.528 5.545 5.561 5.577 5.592 5.606 5.620 5.634 5.648 5.662 5.675 5.689 5.702 5.716 5.729 5.743 5.756 5.769 5.783 5.796 5.810
3.998 4.043 4.086 4.128 4.169 4.208 4.246 4.283 4.320 4.355 4.390 4.424 4.457 4.488 4.519 4.551 4.581 4.612 4.641 4.671 4.700 4.728 4.756 4.784 4.811 4.838 4.864 4.890 4.916 4.942 4.967 4.992 5.017 5.041 5.066 5.090 5.113 5.135 5.159 5.182 5.205 5.228 5.251 5.274 5.296 5.319 5.341 5.362 5.384 5.405 5.425 5.445 5.465 5.484 5.503 5.521 5.539 5.556 5.572 5.588 5.603 5.617 5.631 5.645 5.659 5.673 5.686 5.700 5.713 5.726 5.739 5.752 5.765 5.778 5.791 5.805 5.818
4.022 4.066 4.109 4.150 4.190 4.228 4.266 4.302 4.338 4.373 4.407 4.440 4.473 4.504 4.535 4.565 4.596 4.626 4.655 4.684 4.712 4.740 4.768 4.795 4.822 4.849 4.875 4.901 4.926 4.952 4.977 5.001 5.026 5.050 5.074 5.098 5.121 5.143 5.166 5.189 5.212 5.235 5.258 5.281 5.303 5.325 5.347 5.369 5.391 5.412 5.433 5.453 5.473 5.492 5.511 5.530 5.548 5.566 5.583 5.599 5.614 5.628 5.642 5.657 5.671 5.684 5.698 5.711 5.724 5.737 5.750 5.762 5.775 5.788 5.801 5.813 5.826
4.046 4.090 4.131 4.172 4.211 4.249 4.286 4.322 4.357 4.391 4.424 4.457 4.490 4.520 4.550 4.580 4.610 4.640 4.669 4.697 4.725 4.753 4.780 4.807 4.834 4.860 4.886 4.911 4.937 4.961 4.986 5.011 5.035 5.059 5.083 5.106 5.129 5.151 5.174 5.196 5.219 5.242 5.265 5.287 5.309 5.332 5.354 5.375 5.397 5.418 5.439 5.460 5.480 5.500 5.519 5.538 5.557 5.575 5.592 5.609 5.624 5.639 5.653 5.668 5.682 5.696 5.709 5.722 5.735 5.748 5.761 5.773 5.786 5.798 5.810 5.823 5.835
4.070 4.113 4.154 4.194 4.232 4.269 4.306 4.341 4.375 4.409 4.442 4.474 4.506 4.536 4.566 4.595 4.625 4.654 4.682 4.710 4.738 4.765 4.792 4.819 4.845 4.871 4.897 4.922 4.947 4.971 4.996 5.020 5.044 5.068 5.091 5.115 5.137 5.159 5.181 5.204 5.226 5.249 5.271 5.293 5.315 5.337 5.359 5.381 5.403 5.424 5.445 5.466 5.487 5.507 5.526 5.546 5.565 5.583 5.601 5.618 5.633 5.648 5.664 5.678 5.693 5.707 5.721 5.734 5.747 5.759 5.772 5.784 5.797 5.809 5.821 5.833 5.845
4.094 4.136 4.177 4.216 4.253 4.290 4.326 4.361 4.394 4.427 4.460 4.492 4.523 4.553 4.582 4.611 4.640 4.668 4.696 4.724 4.751 4.778 4.805 4.831 4.857 4.882 4.907 4.932 4.957 4.981 5.005 5.029 5.053 5.076 5.099 5.123 5.145 5.166 5.188 5.211 5.233 5.255 5.277 5.299 5.321 5.343 5.365 5.387 5.408 5.429 5.451 5.472 5.492 5.513 5.533 5.552 5.572 5.591 5.609 5.626 5.642 5.658 5.673 5.688 5.703 5.718 5.732 5.745 5.758 5.771 5.783 5.796 5.808 5.820 5.832 5.843 5.855
4.118 4.159 4.199 4.238 4.275 4.311 4.346 4.380 4.414 4.446 4.478 4.509 4.540 4.569 4.598 4.626 4.655 4.683 4.711 4.738 4.765 4.791 4.817 4.843 4.868 4.894 4.918 4.943 4.967 4.991 5.015 5.039 5.062 5.085 5.108 5.131 5.153 5.174 5.196 5.218 5.240 5.261 5.283 5.305 5.327 5.348 5.370 5.392 5.413 5.434 5.455 5.476 5.497 5.518 5.538 5.558 5.578 5.597 5.616 5.633 5.649 5.666 5.682 5.698 5.713 5.728 5.742 5.756 5.769 5.782 5.795 5.807 5.819 5.831 5.843 5.854 5.866
4.142 4.183 4.222 4.260 4.296 4.332 4.366 4.400 4.433 4.465 4.496 4.527 4.557 4.586 4.614 4.642 4.670 4.698 4.725 4.752 4.778 4.804 4.830 4.855 4.881 4.905 4.930 4.954 4.978 5.002 5.025 5.048 5.071 5.094 5.117 5.139 5.161 5.182 5.203 5.225 5.246 5.268 5.289 5.311 5.332 5.354 5.375 5.396 5.418 5.439 5.460 5.481 5.502 5.522 5.543 5.563 5.583 5.602 5.621 5.639 5.656 5.673 5.689 5.706 5.721 5.737 5.752 5.766 5.780 5.793 5.806 5.818 5.831 5.843 5.854 5.866 5.877
4.166 4.206 4.244 4.282 4.318 4.353 4.387 4.420 4.452 4.484 4.515 4.545 4.575 4.603 4.631 4.658 4.686 4.713 4.740 4.766 4.792 4.818 4.843 4.868 4.893 4.917 4.941 4.965 4.989 5.012 5.035 5.058 5.081 5.103 5.126 5.148 5.169 5.189 5.211 5.232 5.253 5.274 5.296 5.317 5.338 5.359 5.380 5.401 5.422 5.443 5.464 5.485 5.506 5.526 5.547 5.567 5.587 5.607 5.626 5.644 5.662 5.679 5.696 5.713 5.729 5.745 5.760 5.775 5.789 5.803 5.816 5.829 5.842 5.854 5.866 5.877 5.889
4.189 4.229 4.267 4.303 4.339 4.374 4.407 4.440 4.472 4.503 4.533 4.563 4.592 4.620 4.647 4.675 4.702 4.729 4.755 4.781 4.807 4.832 4.857 4.881 4.906 4.930 4.954 4.977 5.000 5.023 5.046 5.068 5.091 5.113 5.135 5.157 5.177 5.198 5.218 5.239 5.260 5.281 5.302 5.323 5.344 5.364 5.385 5.406 5.427 5.447 5.468 5.489 5.509 5.530 5.550 5.571 5.591 5.610 5.630 5.649 5.666 5.684 5.702 5.719 5.736 5.752 5.768 5.783 5.798 5.812 5.826 5.839 5.852 5.864 5.877 5.888 5.900
4.212 4.251 4.289 4.325 4.360 4.394 4.428 4.460 4.491 4.522 4.552 4.581 4.610 4.638 4.664 4.692 4.718 4.745 4.771 4.796 4.821 4.846 4.871 4.895 4.919 4.943 4.966 4.989 5.012 5.035 5.057 5.079 5.101 5.123 5.144 5.166 5.186 5.206 5.227 5.247 5.268 5.288 5.309 5.329 5.350 5.370 5.390 5.411 5.431 5.452 5.472 5.493 5.513 5.533 5.554 5.574 5.594 5.614 5.634 5.652 5.670 5.688 5.706 5.724 5.741 5.758 5.774 5.790 5.805 5.820 5.835 5.848 5.862 5.875 5.887 5.899 5.911
4.235 4.274 4.311 4.347 4.382 4.415 4.448 4.480 4.511 4.541 4.571 4.600 4.628 4.655 4.682 4.708 4.735 4.761 4.786 4.812 4.836 4.861 4.885 4.909 4.933 4.956 4.979 5.002 5.024 5.046 5.068 5.090 5.112 5.133 5.154 5.176 5.196 5.215 5.235 5.255 5.276 5.296 5.316 5.336 5.356 5.376 5.396 5.416 5.436 5.456 5.476 5.496 5.516 5.537 5.557 5.577 5.597 5.617 5.637 5.655 5.673 5.692 5.710 5.728 5.746 5.763 5.780 5.796 5.812 5.827 5.842 5.857 5.870 5.884 5.897 5.909 5.921
4.258 4.296 4.333 4.368 4.403 4.436 4.468 4.500 4.530 4.560 4.590 4.618 4.646 4.673 4.699 4.725 4.751 4.777 4.802 4.827 4.852 4.876 4.900 4.923 4.947 4.970 4.992 5.015 5.037 5.059 5.080 5.102 5.123 5.144 5.165 5.186 5.205 5.225 5.244 5.264 5.284 5.304 5.324 5.343 5.363 5.382 5.402 5.422 5.441 5.461 5.481 5.500 5.520 5.540 5.560 5.580 5.600 5.619 5.639 5.658 5.676 5.694 5.713 5.731 5.749 5.767 5.784 5.801 5.817 5.833 5.849 5.864 5.878 5.892 5.905 5.918 5.930
4.280 4.318 4.354 4.390 4.424 4.456 4.488 4.520 4.550 4.580 4.608 4.637 4.664 4.691 4.716 4.743 4.768 4.794 4.819 4.843 4.867 4.891 4.915 4.938 4.961 4.984 5.006 5.028 5.050 5.071 5.093 5.114 5.135 5.156 5.176 5.196 5.216 5.235 5.254 5.273 5.293 5.312 5.332 5.351 5.370 5.389 5.408 5.428 5.447 5.466 5.485 5.505 5.524 5.544 5.563 5.583 5.602 5.622 5.642 5.660 5.678 5.697 5.715 5.734 5.752 5.770 5.788 5.805 5.822 5.838 5.854 5.869 5.884 5.899 5.913 5.926 5.939
4.302 4.340 4.376 4.410 4.444 4.477 4.508 4.539 4.569 4.599 4.627 4.655 4.683 4.708 4.734 4.760 4.785 4.810 4.835 4.859 4.883 4.907 4.930 4.953 4.975 4.998 5.020 5.042 5.063 5.085 5.106 5.127 5.147 5.168 5.188 5.208 5.227 5.245 5.264 5.283 5.302 5.321 5.340 5.359 5.378 5.397 5.415 5.434 5.453 5.472 5.491 5.509 5.528 5.548 5.567 5.586 5.605 5.625 5.644 5.663 5.680 5.699 5.717 5.736 5.754 5.773 5.790 5.808 5.825 5.842 5.858 5.874 5.890 5.905 5.919 5.933 5.947
4.324 4.361 4.397 4.431 4.464 4.497 4.528 4.559 4.588 4.618 4.646 4.674 4.700 4.725 4.751 4.777 4.802 4.827 4.851 4.875 4.899 4.922 4.945 4.968 4.990 5.012 5.034 5.056 5.077 5.098 5.119 5.139 5.160 5.180 5.200 5.219 5.238 5.256 5.275 5.294 5.312 5.331 5.350 5.368 5.386 5.405 5.423 5.441 5.460 5.478 5.496 5.515 5.533 5.552 5.571 5.590 5.609 5.628 5.647 5.665 5.683 5.701 5.719 5.738 5.756 5.775 5.793 5.810 5.828 5.845 5.862 5.878 5.894 5.910 5.925 5.939 5.953
4.344 4.382 4.417 4.451 4.485 4.517 4.548 4.578 4.607 4.636 4.664 4.692 4.718 4.743 4.769 4.794 4.819 4.843 4.867 4.891 4.915 4.938 4.961 4.983 5.005 5.027 5.049 5.070 5.091 5.112 5.132 5.153 5.173 5.193 5.212 5.232 5.250 5.268 5.286 5.305 5.323 5.341 5.359 5.378 5.395 5.413 5.431 5.449 5.467 5.485 5.503 5.521 5.539 5.557 5.575 5.594 5.612 5.631 5.649 5.667 5.685 5.703 5.721 5.740 5.758 5.776 5.794 5.812 5.830 5.847 5.864 5.881 5.897 5.913 5.929 5.944 5.959
4.365 4.402 4.437 4.471 4.504 4.536 4.567 4.597 4.626 4.655 4.683 4.710 4.736 4.760 4.786 4.811 4.836 4.860 4.884 4.907 4.930 4.953 4.976 4.998 5.020 5.042 5.063 5.084 5.105 5.126 5.146 5.166 5.186 5.206 5.225 5.244 5.262 5.280 5.298 5.316 5.334 5.352 5.370 5.388 5.405 5.423 5.440 5.458 5.475 5.492 5.510 5.527 5.545 5.563 5.580 5.598 5.616 5.635 5.653 5.670 5.687 5.705 5.723 5.741 5.760 5.778 5.796 5.814 5.832 5.849 5.866 5.883 5.900 5.916 5.932 5.948 5.963
4.385 4.421 4.457 4.491 4.523 4.555 4.586 4.616 4.645 4.673 4.700 4.728 4.753 4.778 4.803 4.828 4.852 4.876 4.900 4.923 4.946 4.969 4.991 5.013 5.035 5.056 5.078 5.099 5.119 5.140 5.160 5.180 5.200 5.219 5.239 5.257 5.275 5.292 5.310 5.328 5.346 5.364 5.381 5.399 5.416 5.433 5.450 5.467 5.484 5.501 5.518 5.535 5.552 5.569 5.586 5.604 5.621 5.639 5.657 5.674 5.690 5.708 5.725 5.743 5.761 5.779 5.797 5.815 5.833 5.851 5.868 5.885 5.902 5.919 5.935 5.951 5.966
4.404 4.441 4.476 4.510 4.542 4.574 4.604 4.634 4.663 4.691 4.718 4.745 4.770 4.795 4.820 4.844 4.869 4.892 4.916 4.939 4.962 4.984 5.006 5.028 5.050 5.071 5.092 5.113 5.133 5.154 5.174 5.194 5.213 5.233 5.252 5.270 5.287 5.305 5.323 5.341 5.358 5.376 5.393 5.410 5.427 5.444 5.460 5.477 5.493 5.510 5.526 5.543 5.560 5.576 5.593 5.610 5.627 5.644 5.661 5.678 5.694 5.711 5.728 5.746 5.763 5.781 5.799 5.816 5.834 5.852 5.869 5.886 5.904 5.920 5.937 5.953 5.969
