version1/TsunamiDB/out54053.asc
ncols          264
nrows          230
xllcorner      497853.4375
yllcorner      4229146.0000
cellsize         5.
NODATA_value   -99
[rows 33 to 65 of 230, columns 74 to 147 of 264]
-99.000 -99.000 -99.000 -99.000 -99.000 -99.000 -99.000 -99.000 -99.000 -99.000 -99.000 -99.000 -99.000 -99.000 -99.000 -99.000 -99.000 -99.000 -99.000 -99.000 -99.000 -99.000 -99.000 -99.000 -99.000 -99.000 -99.000 -99.000 -99.000 -99.000 -99.000 -99.000 -99.000 1.647 1.672 1.776 1.975 2.245 2.549 2.850 3.123 3.354 3.542 3.691 3.812 3.911 3.994 4.067 4.132 4.191 4.246 4.298 4.346 4.392 4.435 4.476 4.515 4.554 4.591 4.627 4.662 4.696 4.729 4.762 4.793 4.824 4.854 4.884 4.913 4.941 4.969 4.997 5.023 5.050
-99.000 -99.000 -99.000 -99.000 -99.000 -99.000 -99.000 -99.000 -99.000 -99.000 -99.000 -99.000 -99.000 -99.000 -99.000 -99.000 -99.000 -99.000 -99.000 -99.000 -99.000 -99.000 -99.000 -99.000 -99.000 -99.000 -99.000 -99.000 -99.000 -99.000 -99.000 -99.000 1.646 1.651 1.697 1.835 2.063 2.349 2.656 2.950 3.210 3.426 3.601 3.740 3.853 3.947 4.028 4.098 4.162 4.220 4.274 4.325 4.373 4.418 4.461 4.501 4.540 4.578 4.615 4.651 4.685 4.719 4.752 4.784 4.815 4.845 4.875 4.904 4.932 4.960 4.988 5.014 5.041 5.067
-99.000 -99.000 -99.000 -99.000 -99.000 -99.000 -99.000 -99.000 -99.000 -99.000 -99.000 -99.000 -99.000 -99.000 -99.000 -99.000 -99.000 -99.000 -99.000 -99.000 -99.000 -99.000 -99.000 -99.000 -99.000 -99.000 -99.000 -99.000 -99.000 -99.000 -99.000 -99.000 1.646 1.659 1.733 1.906 2.158 2.456 2.762 3.047 3.292 3.494 3.656 3.786 3.892 3.982 4.060 4.129 4.191 4.249 4.302 4.352 4.399 4.444 4.487 4.527 4.565 4.603 4.639 4.675 4.709 4.742 4.774 4.806 4.837 4.867 4.896 4.925 4.953 4.980 5.007 5.033 5.059 5.084
-99.000 -99.000 -99.000 -99.000 -99.000 -99.000 -99.000 -99.000 -99.000 -99.000 -99.000 -99.000 -99.000 -99.000 -99.000 -99.000 -99.000 -99.000 -99.000 -99.000 -99.000 -99.000 -99.000 -99.000 -99.000 -99.000 -99.000 -99.000 -99.000 -99.000 -99.000 -99.000 1.648 1.675 1.783 1.988 2.261 2.566 2.867 3.139 3.369 3.556 3.707 3.829 3.930 4.016 4.091 4.159 4.220 4.277 4.330 4.379 4.426 4.470 4.513 4.552 4.590 4.627 4.663 4.698 4.732 4.765 4.797 4.828 4.859 4.888 4.917 4.946 4.973 5.000 5.027 5.052 5.078 5.103
-99.000 -99.000 -99.000 -99.000 -99.000 -99.000 -99.000 -99.000 -99.000 -99.000 -99.000 -99.000 -99.000 -99.000 -99.000 -99.000 -99.000 -99.000 -99.000 -99.000 -99.000 -99.000 -99.000 -99.000 -99.000 -99.000 -99.000 -99.000 -99.000 -99.000 -99.000 1.647 1.652 1.703 1.847 2.081 2.370 2.677 2.970 3.227 3.442 3.615 3.755 3.869 3.965 4.048 4.122 4.188 4.249 4.305 4.357 4.406 4.453 4.496 4.538 4.577 4.615 4.652 4.688 4.722 4.756 4.788 4.820 4.851 4.881 4.910 4.939 4.967 4.994 5.021 5.047 5.072 5.097 5.122
-99.000 -99.000 -99.000 -99.000 -99.000 -99.000 -99.000 -99.000 -99.000 -99.000 -99.000 -99.000 -99.000 -99.000 -99.000 -99.000 -99.000 -99.000 -99.000 -99.000 -99.000 -99.000 -99.000 -99.000 -99.000 -99.000 -99.000 -99.000 -99.000 -99.000 -99.000 1.648 1.662 1.744 1.925 2.183 2.483 2.788 3.069 3.311 3.509 3.669 3.799 3.907 3.999 4.079 4.151 4.216 4.276 4.332 4.384 4.433 4.479 4.523 4.564 4.603 4.640 4.677 4.712 4.746 4.779 4.811 4.843 4.873 4.903 4.932 4.960 4.988 5.015 5.041 5.067 5.092 5.117 5.141
-99.000 -99.000 -99.000 -99.000 -99.000 -99.000 -99.000 -99.000 -99.000 -99.000 -99.000 -99.000 -99.000 -99.000 -99.000 -99.000 -99.000 -99.000 -99.000 -99.000 -99.000 -99.000 -99.000 -99.000 -99.000 -99.000 -99.000 -99.000 -99.000 -99.000 1.647 1.650 1.682 1.802 2.016 2.294 2.600 2.898 3.164 3.388 3.571 3.719 3.840 3.942 4.031 4.109 4.180 4.244 4.304 4.359 4.411 4.459 4.505 4.548 4.590 4.628 4.665 4.701 4.736 4.770 4.803 4.834 4.865 4.895 4.925 4.953 4.981 5.009 5.036 5.062 5.087 5.112 5.137 5.161
-99.000 -99.000 -99.000 -99.000 -99.000 -99.000 -99.000 -99.000 -99.000 -99.000 -99.000 -99.000 -99.000 -99.000 -99.000 -99.000 -99.000 -99.000 -99.000 -99.000 -99.000 -99.000 -99.000 -99.000 -99.000 -99.000 -99.000 -99.000 -99.000 -99.000 1.647 1.656 1.717 1.875 2.118 2.412 2.717 3.004 3.253 3.460 3.627 3.764 3.878 3.975 4.061 4.137 4.207 4.271 4.330 4.385 4.437 4.485 4.531 4.574 4.615 4.653 4.690 4.726 4.760 4.794 4.826 4.858 4.888 4.918 4.947 4.975 5.003 5.030 5.056 5.082 5.108 5.132 5.157 5.180
-99.000 -99.000 -99.000 -99.000 -99.000 -99.000 -99.000 -99.000 -99.000 -99.000 -99.000 -99.000 -99.000 -99.000 -99.000 -99.000 -99.000 -99.000 -99.000 -99.000 -99.000 -99.000 -99.000 -99.000 -99.000 -99.000 -99.000 -99.000 -99.000 -99.000 1.648 1.670 1.768 1.964 2.231 2.533 2.833 3.105 3.336 3.525 3.679 3.806 3.913 4.006 4.089 4.164 4.232 4.296 4.355 4.410 4.462 4.510 4.556 4.599 4.640 4.678 4.714 4.750 4.784 4.817 4.849 4.881 4.911 4.940 4.969 4.997 5.024 5.051 5.077 5.103 5.128 5.152 5.176 5.200
-99.000 -99.000 -99.000 -99.000 -99.000 -99.000 -99.000 -99.000 -99.000 -99.000 -99.000 -99.000 -99.000 -99.000 -99.000 -99.000 -99.000 -99.000 -99.000 -99.000 -99.000 -99.000 -99.000 -99.000 -99.000 -99.000 -99.000 -99.000 -99.000 1.647 1.652 1.699 1.838 2.067 2.352 2.657 2.946 3.201 3.412 3.585 3.726 3.844 3.945 4.034 4.115 4.189 4.257 4.320 4.379 4.434 4.486 4.534 4.580 4.623 4.664 4.702 4.738 4.774 4.808 4.841 4.873 4.903 4.933 4.962 4.991 5.018 5.045 5.072 5.098 5.123 5.148 5.172 5.196 5.219
-99.000 -99.000 -99.000 -99.000 -99.000 -99.000 -99.000 -99.000 -99.000 -99.000 -99.000 -99.000 -99.000 -99.000 -99.000 -99.000 -99.000 -99.000 -99.000 -99.000 -99.000 -99.000 -99.000 -99.000 -99.000 -99.000 -99.000 -99.000 -99.000 1.648 1.663 1.745 1.925 2.182 2.479 2.779 3.054 3.289 3.482 3.639 3.769 3.878 3.974 4.060 4.139 4.212 4.279 4.343 4.402 4.457 4.509 4.558 4.603 4.647 4.688 4.726 4.762 4.797 4.831 4.864 4.896 4.926 4.956 4.985 5.013 5.040 5.067 5.093 5.118 5.143 5.168 5.192 5.215 5.239
-99.000 -99.000 -99.000 -99.000 -99.000 -99.000 -99.000 -99.000 -99.000 -99.000 -99.000 -99.000 -99.000 -99.000 -99.000 -99.000 -99.000 -99.000 -99.000 -99.000 -99.000 -99.000 -99.000 -99.000 -99.000 -99.000 -99.000 -99.000 1.647 1.650 1.686 1.811 2.027 2.306 2.608 2.899 3.156 3.370 3.545 3.688 3.807 3.910 4.001 4.084 4.161 4.233 4.300 4.364 4.423 4.478 4.531 4.580 4.626 4.669 4.711 4.749 4.785 4.821 4.855 4.887 4.919 4.949 4.978 5.007 5.035 5.062 5.088 5.114 5.139 5.164 5.188 5.212 5.235 5.258
-99.000 -99.000 -99.000 -99.000 -99.000 -99.000 -99.000 -99.000 -99.000 -99.000 -99.000 -99.000 -99.000 -99.000 -99.000 -99.000 -99.000 -99.000 -99.000 -99.000 -99.000 -99.000 -99.000 -99.000 -99.000 -99.000 -99.000 -99.000 1.647 1.658 1.728 1.896 2.144 2.437 2.736 3.013 3.250 3.444 3.602 3.732 3.842 3.939 4.026 4.106 4.182 4.253 4.319 4.383 4.442 4.498 4.551 4.600 4.647 4.691 4.733 4.771 4.808 4.843 4.877 4.910 4.941 4.971 5.001 5.029 5.057 5.083 5.109 5.135 5.160 5.184 5.208 5.231 5.254 5.277
-99.000 -99.000 -99.000 -99.000 -99.000 -99.000 -99.000 -99.000 -99.000 -99.000 -99.000 -99.000 -99.000 -99.000 -99.000 -99.000 -99.000 -99.000 -99.000 -99.000 -99.000 -99.000 -99.000 -99.000 -99.000 -99.000 -99.000 1.647 1.649 1.678 1.791 1.999 2.270 2.570 2.861 3.119 3.335 3.511 3.653 3.772 3.874 3.965 4.049 4.127 4.200 4.270 4.337 4.400 4.460 4.516 4.569 4.620 4.667 4.711 4.753 4.792 4.829 4.865 4.899 4.932 4.963 4.994 5.023 5.051 5.078 5.105 5.131 5.156 5.181 5.205 5.228 5.251 5.274 5.296
-99.000 -99.000 -99.000 -99.000 -99.000 -99.000 -99.000 -99.000 -99.000 -99.000 -99.000 -99.000 -99.000 -99.000 -99.000 -99.000 -99.000 -99.000 -99.000 -99.000 -99.000 -99.000 -99.000 -99.000 -99.000 -99.000 -99.000 1.647 1.655 1.717 1.874 2.116 2.404 2.703 2.980 3.218 3.413 3.571 3.700 3.809 3.904 3.990 4.070 4.145 4.217 4.286 4.352 4.415 4.475 4.532 4.586 4.637 4.685 4.730 4.773 4.812 4.850 4.886 4.921 4.954 4.985 5.016 5.045 5.073 5.100 5.127 5.152 5.177 5.202 5.225 5.249 5.271 5.294 5.316
-99.000 -99.000 -99.000 -99.000 -99.000 -99.000 -99.000 -99.000 -99.000 -99.000 -99.000 -99.000 -99.000 -99.000 -99.000 -99.000 -99.000 -99.000 -99.000 -99.000 -99.000 -99.000 -99.000 -99.000 -99.000 -99.000 -99.000 1.648 1.673 1.776 1.976 2.244 2.540 2.832 3.091 3.308 3.484 3.625 3.742 3.843 3.932 4.013 4.090 4.163 4.233 4.301 4.366 4.429 4.489 4.547 4.601 4.653 4.701 4.747 4.791 4.831 4.869 4.906 4.941 4.974 5.006 5.037 5.066 5.095 5.122 5.148 5.174 5.199 5.223 5.246 5.269 5.292 5.314 5.336
-99.000 -99.000 -99.000 -99.000 -99.000 -99.000 -99.000 -99.000 -99.000 -99.000 -99.000 -99.000 -99.000 -99.000 -99.000 -99.000 -99.000 -99.000 -99.000 -99.000 -99.000 -99.000 -99.000 -99.000 -99.000 -99.000 1.647 1.653 1.708 1.858 2.093 2.379 2.676 2.954 3.194 3.389 3.547 3.675 3.781 3.874 3.958 4.035 4.109 4.180 4.248 4.314 4.379 4.441 4.501 4.559 4.614 4.666 4.716 4.763 4.807 4.848 4.887 4.925 4.960 4.994 5.027 5.058 5.087 5.116 5.143 5.170 5.195 5.220 5.244 5.267 5.290 5.312 5.334 5.356
-99.000 -99.000 -99.000 -99.000 -99.000 -99.000 -99.000 -99.000 -99.000 -99.000 -99.000 -99.000 -99.000 -99.000 -99.000 -99.000 -99.000 -99.000 -99.000 -99.000 -99.000 -99.000 -99.000 -99.000 -99.000 -99.000 1.648 1.669 1.765 1.958 2.222 2.518 2.808 3.069 3.287 3.463 3.604 3.719 3.817 3.904 3.983 4.057 4.127 4.195 4.262 4.327 4.390 4.452 4.511 4.569 4.625 4.678 4.728 4.776 4.822 4.863 4.904 4.942 4.978 5.013 5.046 5.077 5.107 5.136 5.164 5.191 5.216 5.241 5.265 5.289 5.311 5.334 5.355 5.376
-99.000 -99.000 -99.000 -99.000 -99.000 -99.000 -99.000 -99.000 -99.000 -99.000 -99.000 -99.000 -99.000 -99.000 -99.000 -99.000 -99.000 -99.000 -99.000 -99.000 -99.000 -99.000 -99.000 -99.000 -99.000 1.647 1.652 1.701 1.844 2.074 2.358 2.656 2.934 3.174 3.371 3.529 3.655 3.761 3.851 3.932 4.007 4.077 4.145 4.211 4.275 4.338 4.400 4.461 4.520 4.578 4.634 4.687 4.739 4.788 4.833 4.876 4.918 4.957 4.995 5.030 5.064 5.096 5.127 5.156 5.184 5.211 5.237 5.262 5.286 5.310 5.333 5.355 5.376 5.397
-99.000 -99.000 -99.000 -99.000 -99.000 -99.000 -99.000 -99.000 -99.000 -99.000 -99.000 -99.000 -99.000 -99.000 -99.000 -99.000 -99.000 -99.000 -99.000 -99.000 -99.000 -99.000 -99.000 -99.000 -99.000 1.648 1.666 1.756 1.943 2.203 2.498 2.789 3.051 3.270 3.447 3.588 3.703 3.799 3.883 3.959 4.030 4.097 4.162 4.226 4.288 4.349 4.410 4.469 4.528 4.585 4.641 4.695 4.747 4.797 4.843 4.887 4.930 4.971 5.009 5.046 5.080 5.113 5.145 5.175 5.203 5.231 5.257 5.283 5.307 5.331 5.354 5.376 5.398 5.419
-99.000 -99.000 -99.000 -99.000 -99.000 -99.000 -99.000 -99.000 -99.000 -99.000 -99.000 -99.000 -99.000 -99.000 -99.000 -99.000 -99.000 -99.000 -99.000 -99.000 -99.000 -99.000 -99.000 -99.000 1.647 1.651 1.696 1.833 2.058 2.340 2.637 2.917 3.159 3.357 3.515 3.642 3.746 3.835 3.913 3.985 4.053 4.117 4.180 4.241 4.301 4.360 4.419 4.477 4.535 4.591 4.646 4.700 4.753 4.803 4.851 4.896 4.940 4.982 5.022 5.059 5.095 5.129 5.161 5.192 5.221 5.249 5.276 5.302 5.327 5.351 5.375 5.397 5.419 5.440
-99.000 -99.000 -99.000 -99.000 -99.000 -99.000 -99.000 -99.000 -99.000 -99.000 -99.000 -99.000 -99.000 -99.000 -99.000 -99.000 -99.000 -99.000 -99.000 -99.000 -99.000 -99.000 -99.000 -99.000 1.648 1.663 1.748 1.930 2.186 2.480 2.773 3.036 3.257 3.435 3.576 3.691 3.786 3.868 3.942 4.010 4.075 4.137 4.197 4.256 4.314 4.371 4.428 4.485 4.541 4.596 4.651 4.705 4.757 4.808 4.856 4.903 4.948 4.991 5.032 5.071 5.108 5.143 5.176 5.208 5.238 5.267 5.294 5.321 5.346 5.371 5.395 5.418 5.440 5.462
-99.000 -99.000 -99.000 -99.000 -99.000 -99.000 -99.000 -99.000 -99.000 -99.000 -99.000 -99.000 -99.000 -99.000 -99.000 -99.000 -99.000 -99.000 -99.000 -99.000 -99.000 -99.000 -99.000 1.647 1.651 1.691 1.822 2.044 2.323 2.620 2.902 3.146 3.346 3.505 3.632 3.736 3.823 3.900 3.970 4.035 4.097 4.157 4.214 4.271 4.327 4.382 4.437 4.492 4.547 4.601 4.654 4.708 4.760 4.811 4.860 4.907 4.953 4.997 5.040 5.080 5.118 5.154 5.189 5.221 5.253 5.282 5.311 5.338 5.365 5.390 5.414 5.438 5.461 5.483
-99.000 -99.000 -99.000 -99.000 -99.000 -99.000 -99.000 -99.000 -99.000 -99.000 -99.000 -99.000 -99.000 -99.000 -99.000 -99.000 -99.000 -99.000 -99.000 -99.000 -99.000 -99.000 -99.000 1.647 1.661 1.740 1.917 2.171 2.463 2.757 3.023 3.246 3.426 3.568 3.683 3.778 3.859 3.931 3.998 4.060 4.119 4.176 4.232 4.287 4.341 4.394 4.447 4.500 4.553 4.605 4.658 4.710 4.761 4.812 4.861 4.909 4.956 5.001 5.045 5.086 5.126 5.163 5.199 5.233 5.265 5.296 5.326 5.354 5.381 5.407 5.433 5.457 5.480 5.503
-99.000 -99.000 -99.000 -99.000 -99.000 -99.000 -99.000 -99.000 -99.000 -99.000 -99.000 -99.000 -99.000 -99.000 -99.000 -99.000 -99.000 -99.000 -99.000 -99.000 -99.000 -99.000 1.647 1.650 1.687 1.812 2.029 2.306 2.604 2.888 3.135 3.337 3.498 3.626 3.730 3.817 3.893 3.961 4.025 4.084 4.141 4.196 4.250 4.303 4.355 4.406 4.457 4.508 4.559 4.610 4.661 4.712 4.762 4.813 4.861 4.909 4.957 5.003 5.047 5.090 5.131 5.170 5.207 5.242 5.276 5.308 5.339 5.368 5.396 5.423 5.450 5.475 5.499 5.523
-99.000 -99.000 -99.000 -99.000 -99.000 -99.000 -99.000 -99.000 -99.000 -99.000 -99.000 -99.000 -99.000 -99.000 -99.000 -99.000 -99.000 -99.000 -99.000 -99.000 -99.000 -99.000 1.647 1.659 1.733 1.905 2.155 2.447 2.742 3.011 3.238 3.419 3.563 3.679 3.774 3.855 3.926 3.991 4.051 4.108 4.163 4.216 4.268 4.319 4.369 4.419 4.468 4.517 4.566 4.615 4.664 4.714 4.763 4.812 4.860 4.908 4.955 5.002 5.047 5.091 5.133 5.173 5.212 5.249 5.284 5.317 5.349 5.380 5.409 5.438 5.465 5.491 5.516 5.541
-99.000 -99.000 -99.000 -99.000 -99.000 -99.000 -99.000 -99.000 -99.000 -99.000 -99.000 -99.000 -99.000 -99.000 -99.000 -99.000 -99.000 -99.000 -99.000 -99.000 -99.000 1.647 1.649 1.683 1.803 2.016 2.291 2.589 2.875 3.125 3.331 3.494 3.623 3.728 3.815 3.890 3.958 4.020 4.078 4.133 4.186 4.237 4.287 4.336 4.384 4.432 4.479 4.526 4.574 4.621 4.668 4.716 4.764 4.812 4.859 4.906 4.953 4.999 5.045 5.090 5.133 5.174 5.214 5.252 5.289 5.324 5.357 5.389 5.420 5.450 5.478 5.505 5.532 5.557
-99.000 -99.000 -99.000 -99.000 -99.000 -99.000 -99.000 -99.000 -99.000 -99.000 -99.000 -99.000 -99.000 -99.000 -99.000 -99.000 -99.000 -99.000 -99.000 -99.000 -99.000 1.647 1.658 1.727 1.894 2.141 2.432 2.728 3.000 3.230 3.415 3.561 3.678 3.773 3.854 3.925 3.989 4.049 4.104 4.158 4.209 4.258 4.306 4.353 4.400 4.446 4.491 4.537 4.582 4.628 4.673 4.719 4.765 4.812 4.857 4.903 4.949 4.996 5.041 5.086 5.130 5.172 5.213 5.253 5.291 5.328 5.363 5.396 5.428 5.459 5.489 5.518 5.545 5.572
-99.000 -99.000 -99.000 -99.000 -99.000 -99.000 -99.000 -99.000 -99.000 -99.000 -99.000 -99.000 -99.000 -99.000 -99.000 -99.000 -99.000 -99.000 -99.000 -99.000 1.647 1.649 1.679 1.795 2.004 2.277 2.575 2.863 3.116 3.325 3.492 3.623 3.729 3.817 3.892 3.959 4.021 4.078 4.131 4.183 4.232 4.280 4.326 4.372 4.416 4.461 4.505 4.548 4.592 4.635 4.679 4.723 4.767 4.812 4.856 4.901 4.946 4.991 5.036 5.081 5.125 5.168 5.210 5.251 5.290 5.328 5.365 5.400 5.434 5.466 5.497 5.527 5.556 5.584
-99.000 -99.000 -99.000 -99.000 -99.000 -99.000 -99.000 -99.000 -99.000 -99.000 -99.000 -99.000 -99.000 -99.000 -99.000 -99.000 -99.000 -99.000 -99.000 -99.000 1.647 1.656 1.722 1.884 2.129 2.419 2.716 2.990 3.223 3.412 3.562 3.680 3.776 3.858 3.929 3.993 4.052 4.107 4.158 4.208 4.256 4.302 4.347 4.391 4.434 4.476 4.519 4.561 4.602 4.644 4.686 4.728 4.771 4.814 4.856 4.899 4.943 4.987 5.031 5.075 5.119 5.162 5.205 5.246 5.287 5.326 5.364 5.400 5.436 5.470 5.503 5.534 5.565 5.594
-99.000 -99.000 -99.000 -99.000 -99.000 -99.000 -99.000 -99.000 -99.000 -99.000 -99.000 -99.000 -99.000 -99.000 -99.000 -99.000 -99.000 -99.000 -99.000 -99.000 1.649 1.677 1.788 1.994 2.265 2.563 2.853 3.109 3.322 3.491 3.626 3.733 3.821 3.898 3.965 4.027 4.083 4.136 4.186 4.234 4.280 4.325 4.368 4.411 4.452 4.493 4.534 4.574 4.614 4.654 4.695 4.735 4.775 4.816 4.857 4.898 4.940 4.983 5.025 5.069 5.112 5.155 5.197 5.239 5.280 5.321 5.360 5.398 5.435 5.470 5.505 5.538 5.570 5.601
-99.000 -99.000 -99.000 -99.000 -99.000 -99.000 -99.000 -99.000 -99.000 -99.000 -99.000 -99.000 -99.000 -99.000 -99.000 -99.000 -99.000 -99.000 -99.000 1.647 1.656 1.718 1.877 2.119 2.409 2.707 2.983 3.219 3.411 3.563 3.685 3.782 3.865 3.937 4.001 4.060 4.114 4.166 4.214 4.261 4.305 4.348 4.390 4.431 4.472 4.511 4.550 4.589 4.627 4.666 4.704 4.743 4.781 4.821 4.859 4.898 4.939 4.980 5.021 5.063 5.105 5.147 5.189 5.231 5.272 5.313 5.353 5.392 5.431 5.468 5.504 5.539 5.573 5.605
-99.000 -99.000 -99.000 -99.000 -99.000 -99.000 -99.000 -99.000 -99.000 -99.000 -99.000 -99.000 -99.000 -99.000 -99.000 -99.000 -99.000 -99.000 -99.000 1.649 1.675 1.783 1.987 2.257 2.555 2.847 3.105 3.320 3.493 3.629 3.739 3.829 3.906 3.975 4.036 4.093 4.146 4.196 4.243 4.288 4.331 4.373 4.414 4.453 4.492 4.530 4.568 4.605 4.642 4.679 4.715 4.752 4.789 4.826 4.863 4.900 4.939 4.978 5.017 5.057 5.098 5.139 5.180 5.221 5.262 5.303 5.344 5.384 5.423 5.462 5.499 5.536 5.571 5.606
