version1/TsunamiDB/out54024.asc
ncols          264
nrows          230
xllcorner      497853.4375
yllcorner      4229146.0000
cellsize         5.
NODATA_value   -99
[rows 186 to 216 of 230, columns 71 to 141 of 264]
-99.000 -99.000 -99.000 -99.000 -99.000 -99.000 -99.000 -99.000 -99.000 -99.000 -99.000 -99.000 -99.000 -99.000 -99.000 -99.000 -99.000 -99.000 -99.000 -99.000 -99.000 -99.000 -99.000 -99.000 -99.000 -99.000 -99.000 -99.000 -99.000 -99.000 -99.000 -99.000 1.646 1.653 1.711 1.871 2.125 2.448 2.800 3.140 3.440 3.690 3.889 4.045 4.168 4.267 4.349 4.421 4.485 4.545 4.601 4.655 4.709 4.761 4.812 4.863 4.914 4.964 5.014 5.064 5.114 5.164 5.213 5.263 5.311 5.357 5.401 5.443 5.480 5.512 5.540
-99.000 -99.000 -99.000 -99.000 -99.000 -99.000 -99.000 -99.000 -99.000 -99.000 -99.000 -99.000 -99.000 -99.000 -99.000 -99.000 -99.000 -99.000 -99.000 -99.000 -99.000 -99.000 -99.000 -99.000 -99.000 -99.000 -99.000 -99.000 -99.000 -99.000 -99.000 -99.000 1.647 1.667 1.766 1.969 2.256 2.600 2.955 3.283 3.565 3.794 3.973 4.113 4.224 4.314 4.390 4.456 4.517 4.574 4.627 4.679 4.730 4.780 4.829 4.879 4.927 4.976 5.025 5.075 5.124 5.174 5.224 5.274 5.323 5.371 5.418 5.461 5.500 5.535 5.564
-99.000 -99.000 -99.000 -99.000 -99.000 -99.000 -99.000 -99.000 -99.000 -99.000 -99.000 -99.000 -99.000 -99.000 -99.000 -99.000 -99.000 -99.000 -99.000 -99.000 -99.000 -99.000 -99.000 -99.000 -99.000 -99.000 -99.000 -99.000 -99.000 -99.000 -99.000 1.646 1.650 1.696 1.840 2.082 2.398 2.756 3.107 3.421 3.682 3.890 4.052 4.178 4.278 4.360 4.430 4.492 4.549 4.603 4.654 4.703 4.752 4.800 4.847 4.894 4.942 4.989 5.037 5.085 5.134 5.184 5.234 5.284 5.335 5.384 5.432 5.477 5.519 5.555 5.586
-99.000 -99.000 -99.000 -99.000 -99.000 -99.000 -99.000 -99.000 -99.000 -99.000 -99.000 -99.000 -99.000 -99.000 -99.000 -99.000 -99.000 -99.000 -99.000 -99.000 -99.000 -99.000 -99.000 -99.000 -99.000 -99.000 -99.000 -99.000 -99.000 -99.000 -99.000 1.646 1.660 1.743 1.931 2.208 2.548 2.913 3.255 3.551 3.792 3.980 4.125 4.239 4.329 4.405 4.470 4.528 4.582 4.633 4.681 4.729 4.775 4.821 4.866 4.911 4.957 5.002 5.049 5.096 5.144 5.193 5.243 5.294 5.345 5.396 5.445 5.492 5.535 5.574 5.606
-99.000 -99.000 -99.000 -99.000 -99.000 -99.000 -99.000 -99.000 -99.000 -99.000 -99.000 -99.000 -99.000 -99.000 -99.000 -99.000 -99.000 -99.000 -99.000 -99.000 -99.000 -99.000 -99.000 -99.000 -99.000 -99.000 -99.000 -99.000 -99.000 -99.000 1.646 1.648 1.683 1.810 2.038 2.345 2.704 3.069 3.398 3.674 3.894 4.064 4.194 4.297 4.379 4.449 4.510 4.565 4.616 4.665 4.710 4.755 4.800 4.843 4.887 4.930 4.973 5.017 5.061 5.107 5.155 5.203 5.253 5.304 5.355 5.406 5.456 5.504 5.549 5.589 5.624
-99.000 -99.000 -99.000 -99.000 -99.000 -99.000 -99.000 -99.000 -99.000 -99.000 -99.000 -99.000 -99.000 -99.000 -99.000 -99.000 -99.000 -99.000 -99.000 -99.000 -99.000 -99.000 -99.000 -99.000 -99.000 -99.000 -99.000 -99.000 -99.000 -99.000 1.646 1.655 1.723 1.894 2.158 2.492 2.862 3.221 3.533 3.789 3.988 4.141 4.259 4.352 4.428 4.492 4.550 4.602 4.651 4.696 4.740 4.784 4.826 4.867 4.909 4.950 4.991 5.033 5.076 5.120 5.166 5.214 5.263 5.313 5.364 5.416 5.466 5.515 5.561 5.603 5.639
-99.000 -99.000 -99.000 -99.000 -99.000 -99.000 -99.000 -99.000 -99.000 -99.000 -99.000 -99.000 -99.000 -99.000 -99.000 -99.000 -99.000 -99.000 -99.000 -99.000 -99.000 -99.000 -99.000 -99.000 -99.000 -99.000 -99.000 -99.000 -99.000 -99.000 1.647 1.672 1.781 1.995 2.291 2.645 3.021 3.367 3.661 3.895 4.075 4.213 4.320 4.405 4.475 4.535 4.590 4.639 4.686 4.729 4.772 4.813 4.854 4.893 4.933 4.972 5.011 5.051 5.092 5.135 5.179 5.226 5.274 5.323 5.374 5.425 5.475 5.524 5.571 5.614 5.652
-99.000 -99.000 -99.000 -99.000 -99.000 -99.000 -99.000 -99.000 -99.000 -99.000 -99.000 -99.000 -99.000 -99.000 -99.000 -99.000 -99.000 -99.000 -99.000 -99.000 -99.000 -99.000 -99.000 -99.000 -99.000 -99.000 -99.000 -99.000 -99.000 1.646 1.652 1.705 1.858 2.109 2.433 2.803 3.176 3.507 3.779 3.992 4.155 4.280 4.377 4.456 4.521 4.578 4.630 4.677 4.722 4.764 4.805 4.845 4.884 4.921 4.959 4.996 5.033 5.071 5.111 5.151 5.194 5.239 5.285 5.334 5.383 5.433 5.483 5.532 5.579 5.623 5.663
-99.000 -99.000 -99.000 -99.000 -99.000 -99.000 -99.000 -99.000 -99.000 -99.000 -99.000 -99.000 -99.000 -99.000 -99.000 -99.000 -99.000 -99.000 -99.000 -99.000 -99.000 -99.000 -99.000 -99.000 -99.000 -99.000 -99.000 -99.000 -99.000 1.647 1.664 1.755 1.952 2.236 2.583 2.962 3.325 3.637 3.887 4.081 4.229 4.342 4.431 4.504 4.566 4.621 4.670 4.716 4.760 4.800 4.839 4.878 4.915 4.952 4.988 5.023 5.059 5.095 5.132 5.171 5.211 5.253 5.298 5.344 5.392 5.441 5.490 5.539 5.586 5.630 5.670
-99.000 -99.000 -99.000 -99.000 -99.000 -99.000 -99.000 -99.000 -99.000 -99.000 -99.000 -99.000 -99.000 -99.000 -99.000 -99.000 -99.000 -99.000 -99.000 -99.000 -99.000 -99.000 -99.000 -99.000 -99.000 -99.000 -99.000 -99.000 1.646 1.649 1.689 1.824 2.060 2.374 2.738 3.118 3.467 3.757 3.986 4.161 4.295 4.399 4.482 4.551 4.610 4.663 4.711 4.756 4.798 4.837 4.875 4.913 4.949 4.985 5.019 5.053 5.087 5.121 5.156 5.192 5.230 5.270 5.312 5.356 5.401 5.448 5.496 5.543 5.590 5.634 5.676
-99.000 -99.000 -99.000 -99.000 -99.000 -99.000 -99.000 -99.000 -99.000 -99.000 -99.000 -99.000 -99.000 -99.000 -99.000 -99.000 -99.000 -99.000 -99.000 -99.000 -99.000 -99.000 -99.000 -99.000 -99.000 -99.000 -99.000 -99.000 1.646 1.657 1.732 1.911 2.181 2.519 2.895 3.269 3.599 3.866 4.074 4.234 4.356 4.452 4.530 4.596 4.653 4.704 4.751 4.795 4.837 4.875 4.913 4.950 4.986 5.020 5.054 5.087 5.119 5.152 5.184 5.218 5.252 5.289 5.327 5.368 5.411 5.455 5.501 5.547 5.593 5.637 5.679
-99.000 -99.000 -99.000 -99.000 -99.000 -99.000 -99.000 -99.000 -99.000 -99.000 -99.000 -99.000 -99.000 -99.000 -99.000 -99.000 -99.000 -99.000 -99.000 -99.000 -99.000 -99.000 -99.000 -99.000 -99.000 -99.000 -99.000 1.646 1.648 1.676 1.792 2.012 2.312 2.670 3.050 3.413 3.720 3.965 4.154 4.298 4.411 4.501 4.575 4.638 4.694 4.744 4.791 4.835 4.876 4.914 4.951 4.988 5.024 5.058 5.091 5.123 5.155 5.186 5.216 5.247 5.278 5.311 5.346 5.383 5.422 5.463 5.506 5.550 5.595 5.639 5.681
-99.000 -99.000 -99.000 -99.000 -99.000 -99.000 -99.000 -99.000 -99.000 -99.000 -99.000 -99.000 -99.000 -99.000 -99.000 -99.000 -99.000 -99.000 -99.000 -99.000 -99.000 -99.000 -99.000 -99.000 -99.000 -99.000 -99.000 1.646 1.653 1.710 1.870 2.125 2.452 2.823 3.202 3.547 3.830 4.052 4.224 4.356 4.460 4.545 4.616 4.678 4.733 4.783 4.830 4.874 4.915 4.953 4.991 5.028 5.063 5.098 5.131 5.163 5.194 5.223 5.252 5.280 5.308 5.337 5.368 5.400 5.435 5.472 5.512 5.554 5.597 5.640 5.683
-99.000 -99.000 -99.000 -99.000 -99.000 -99.000 -99.000 -99.000 -99.000 -99.000 -99.000 -99.000 -99.000 -99.000 -99.000 -99.000 -99.000 -99.000 -99.000 -99.000 -99.000 -99.000 -99.000 -99.000 -99.000 -99.000 -99.000 1.647 1.666 1.762 1.963 2.249 2.598 2.976 3.347 3.669 3.928 4.130 4.286 4.407 4.505 4.586 4.655 4.715 4.770 4.821 4.868 4.912 4.953 4.992 5.030 5.068 5.104 5.139 5.172 5.204 5.235 5.264 5.292 5.318 5.343 5.368 5.394 5.422 5.452 5.485 5.521 5.560 5.601 5.643 5.686
-99.000 -99.000 -99.000 -99.000 -99.000 -99.000 -99.000 -99.000 -99.000 -99.000 -99.000 -99.000 -99.000 -99.000 -99.000 -99.000 -99.000 -99.000 -99.000 -99.000 -99.000 -99.000 -99.000 -99.000 -99.000 -99.000 1.646 1.650 1.692 1.830 2.068 2.383 2.747 3.127 3.483 3.780 4.016 4.199 4.340 4.453 4.545 4.622 4.690 4.750 4.805 4.856 4.904 4.948 4.991 5.031 5.069 5.107 5.144 5.180 5.215 5.248 5.279 5.308 5.335 5.360 5.382 5.404 5.426 5.449 5.474 5.502 5.534 5.569 5.607 5.648 5.691
-99.000 -99.000 -99.000 -99.000 -99.000 -99.000 -99.000 -99.000 -99.000 -99.000 -99.000 -99.000 -99.000 -99.000 -99.000 -99.000 -99.000 -99.000 -99.000 -99.000 -99.000 -99.000 -99.000 -99.000 -99.000 -99.000 1.646 1.658 1.734 1.914 2.185 2.523 2.897 3.272 3.607 3.880 4.093 4.259 4.389 4.493 4.581 4.656 4.722 4.782 4.838 4.889 4.937 4.983 5.027 5.067 5.107 5.146 5.184 5.222 5.257 5.291 5.324 5.354 5.381 5.405 5.426 5.445 5.463 5.481 5.501 5.524 5.551 5.582 5.618 5.657 5.700
-99.000 -99.000 -99.000 -99.000 -99.000 -99.000 -99.000 -99.000 -99.000 -99.000 -99.000 -99.000 -99.000 -99.000 -99.000 -99.000 -99.000 -99.000 -99.000 -99.000 -99.000 -99.000 -99.000 -99.000 -99.000 -99.000 1.648 1.676 1.793 2.012 2.312 2.667 3.046 3.410 3.721 3.969 4.162 4.312 4.432 4.529 4.613 4.686 4.751 4.812 4.867 4.919 4.969 5.015 5.060 5.102 5.143 5.184 5.223 5.262 5.299 5.335 5.369 5.400 5.428 5.453 5.474 5.491 5.506 5.520 5.535 5.553 5.574 5.601 5.633 5.670 5.712
-99.000 -99.000 -99.000 -99.000 -99.000 -99.000 -99.000 -99.000 -99.000 -99.000 -99.000 -99.000 -99.000 -99.000 -99.000 -99.000 -99.000 -99.000 -99.000 -99.000 -99.000 -99.000 -99.000 -99.000 -99.000 1.647 1.653 1.709 1.867 2.121 2.446 2.815 3.192 3.538 3.823 4.048 4.223 4.360 4.470 4.562 4.642 4.713 4.778 4.838 4.894 4.947 4.997 5.045 5.091 5.134 5.177 5.219 5.260 5.300 5.339 5.377 5.413 5.446 5.476 5.502 5.523 5.541 5.554 5.565 5.575 5.588 5.604 5.626 5.654 5.688 5.728
-99.000 -99.000 -99.000 -99.000 -99.000 -99.000 -99.000 -99.000 -99.000 -99.000 -99.000 -99.000 -99.000 -99.000 -99.000 -99.000 -99.000 -99.000 -99.000 -99.000 -99.000 -99.000 -99.000 -99.000 -99.000 1.648 1.665 1.758 1.956 2.241 2.586 2.962 3.332 3.655 3.915 4.119 4.277 4.402 4.505 4.592 4.668 4.738 4.802 4.862 4.918 4.972 5.023 5.071 5.119 5.163 5.207 5.251 5.294 5.336 5.377 5.417 5.455 5.491 5.523 5.551 5.574 5.592 5.605 5.614 5.621 5.629 5.640 5.657 5.680 5.711 5.749
-99.000 -99.000 -99.000 -99.000 -99.000 -99.000 -99.000 -99.000 -99.000 -99.000 -99.000 -99.000 -99.000 -99.000 -99.000 -99.000 -99.000 -99.000 -99.000 -99.000 -99.000 -99.000 -99.000 -99.000 -99.000 1.650 1.689 1.823 2.058 2.369 2.731 3.109 3.464 3.762 3.999 4.183 4.326 4.441 4.537 4.619 4.693 4.761 4.823 4.883 4.939 4.993 5.045 5.095 5.143 5.189 5.235 5.280 5.325 5.369 5.412 5.454 5.495 5.533 5.567 5.598 5.623 5.643 5.657 5.666 5.671 5.675 5.682 5.694 5.713 5.740 5.775
-99.000 -99.000 -99.000 -99.000 -99.000 -99.000 -99.000 -99.000 -99.000 -99.000 -99.000 -99.000 -99.000 -99.000 -99.000 -99.000 -99.000 -99.000 -99.000 -99.000 -99.000 -99.000 -99.000 -99.000 1.647 1.658 1.728 1.904 2.171 2.505 2.878 3.252 3.587 3.860 4.074 4.240 4.371 4.477 4.567 4.645 4.716 4.782 4.844 4.902 4.959 5.013 5.065 5.115 5.164 5.212 5.259 5.306 5.352 5.398 5.444 5.488 5.531 5.571 5.609 5.643 5.671 5.693 5.709 5.718 5.723 5.726 5.729 5.737 5.751 5.774 5.805
-99.000 -99.000 -99.000 -99.000 -99.000 -99.000 -99.000 -99.000 -99.000 -99.000 -99.000 -99.000 -99.000 -99.000 -99.000 -99.000 -99.000 -99.000 -99.000 -99.000 -99.000 -99.000 -99.000 -99.000 1.648 1.674 1.784 1.998 2.294 2.647 3.025 3.389 3.700 3.948 4.142 4.293 4.413 4.511 4.596 4.670 4.739 4.802 4.863 4.921 4.976 5.030 5.082 5.133 5.183 5.231 5.279 5.328 5.376 5.424 5.471 5.518 5.563 5.606 5.647 5.683 5.715 5.740 5.759 5.770 5.776 5.778 5.780 5.785 5.795 5.814 5.841
-99.000 -99.000 -99.000 -99.000 -99.000 -99.000 -99.000 -99.000 -99.000 -99.000 -99.000 -99.000 -99.000 -99.000 -99.000 -99.000 -99.000 -99.000 -99.000 -99.000 -99.000 -99.000 -99.000 1.647 1.652 1.704 1.855 2.104 2.425 2.793 3.171 3.518 3.804 4.029 4.204 4.341 4.451 4.543 4.623 4.695 4.761 4.823 4.881 4.938 4.993 5.046 5.098 5.148 5.198 5.247 5.296 5.346 5.396 5.445 5.495 5.543 5.591 5.637 5.680 5.720 5.754 5.783 5.805 5.819 5.828 5.831 5.833 5.836 5.844 5.859 5.883
-99.000 -99.000 -99.000 -99.000 -99.000 -99.000 -99.000 -99.000 -99.000 -99.000 -99.000 -99.000 -99.000 -99.000 -99.000 -99.000 -99.000 -99.000 -99.000 -99.000 -99.000 -99.000 -99.000 1.648 1.663 1.750 1.941 2.220 2.564 2.941 3.313 3.638 3.900 4.104 4.262 4.386 4.488 4.574 4.649 4.718 4.782 4.842 4.900 4.955 5.009 5.061 5.112 5.162 5.212 5.261 5.311 5.362 5.412 5.463 5.514 5.565 5.615 5.663 5.709 5.751 5.789 5.821 5.846 5.864 5.876 5.882 5.886 5.890 5.897 5.910 5.930
-99.000 -99.000 -99.000 -99.000 -99.000 -99.000 -99.000 -99.000 -99.000 -99.000 -99.000 -99.000 -99.000 -99.000 -99.000 -99.000 -99.000 -99.000 -99.000 -99.000 -99.000 -99.000 1.647 1.650 1.685 1.812 2.039 2.347 2.708 3.089 3.448 3.749 3.988 4.172 4.315 4.429 4.523 4.603 4.675 4.741 4.803 4.862 4.918 4.972 5.025 5.076 5.126 5.176 5.225 5.274 5.324 5.375 5.426 5.478 5.531 5.583 5.634 5.684 5.733 5.777 5.818 5.853 5.882 5.904 5.920 5.930 5.937 5.944 5.951 5.964 5.981
-99.000 -99.000 -99.000 -99.000 -99.000 -99.000 -99.000 -99.000 -99.000 -99.000 -99.000 -99.000 -99.000 -99.000 -99.000 -99.000 -99.000 -99.000 -99.000 -99.000 -99.000 -99.000 1.647 1.656 1.721 1.888 2.150 2.482 2.856 3.235 3.576 3.853 4.069 4.236 4.365 4.469 4.556 4.632 4.701 4.765 4.825 4.882 4.937 4.990 5.041 5.091 5.140 5.189 5.237 5.286 5.336 5.387 5.439 5.491 5.544 5.597 5.650 5.702 5.752 5.799 5.842 5.880 5.913 5.939 5.959 5.974 5.986 5.996 6.007 6.020 6.037
-99.000 -99.000 -99.000 -99.000 -99.000 -99.000 -99.000 -99.000 -99.000 -99.000 -99.000 -99.000 -99.000 -99.000 -99.000 -99.000 -99.000 -99.000 -99.000 -99.000 -99.000 -99.000 1.648 1.670 1.773 1.979 2.271 2.624 3.005 3.377 3.695 3.949 4.145 4.295 4.413 4.508 4.589 4.661 4.727 4.788 4.846 4.902 4.955 5.007 5.058 5.107 5.155 5.203 5.250 5.298 5.348 5.398 5.450 5.502 5.555 5.609 5.662 5.715 5.766 5.815 5.861 5.902 5.938 5.968 5.993 6.014 6.031 6.046 6.061 6.076 6.094
-99.000 -99.000 -99.000 -99.000 -99.000 -99.000 -99.000 -99.000 -99.000 -99.000 -99.000 -99.000 -99.000 -99.000 -99.000 -99.000 -99.000 -99.000 -99.000 -99.000 -99.000 1.647 1.651 1.697 1.842 2.083 2.402 2.771 3.154 3.511 3.806 4.037 4.214 4.350 4.458 4.546 4.622 4.690 4.753 4.812 4.868 4.922 4.975 5.026 5.075 5.123 5.171 5.218 5.264 5.311 5.360 5.409 5.460 5.512 5.564 5.618 5.671 5.725 5.777 5.827 5.875 5.918 5.957 5.992 6.022 6.048 6.071 6.092 6.112 6.132 6.152
-99.000 -99.000 -99.000 -99.000 -99.000 -99.000 -99.000 -99.000 -99.000 -99.000 -99.000 -99.000 -99.000 -99.000 -99.000 -99.000 -99.000 -99.000 -99.000 -99.000 -99.000 1.647 1.660 1.740 1.926 2.199 2.541 2.921 3.301 3.638 3.909 4.119 4.279 4.403 4.501 4.583 4.655 4.719 4.779 4.836 4.891 4.944 4.995 5.045 5.094 5.141 5.188 5.234 5.279 5.325 5.373 5.421 5.470 5.520 5.572 5.625 5.678 5.731 5.784 5.835 5.884 5.930 5.972 6.011 6.045 6.077 6.106 6.134 6.160 6.185 6.209
-99.000 -99.000 -99.000 -99.000 -99.000 -99.000 -99.000 -99.000 -99.000 -99.000 -99.000 -99.000 -99.000 -99.000 -99.000 -99.000 -99.000 -99.000 -99.000 -99.000 1.647 1.649 1.680 1.800 2.024 2.326 2.687 3.072 3.441 3.755 4.003 4.193 4.338 4.452 4.543 4.620 4.687 4.749 4.807 4.862 4.915 4.966 5.016 5.065 5.113 5.160 5.206 5.251 5.296 5.340 5.386 5.432 5.480 5.529 5.579 5.630 5.682 5.735 5.787 5.839 5.889 5.937 5.982 6.024 6.064 6.101 6.137 6.172 6.204 6.235 6.264
-99.000 -99.000 -99.000 -99.000 -99.000 -99.000 -99.000 -99.000 -99.000 -99.000 -99.000 -99.000 -99.000 -99.000 -99.000 -99.000 -99.000 -99.000 -99.000 -99.000 1.647 1.654 1.714 1.877 2.134 2.463 2.837 3.221 3.574 3.863 4.088 4.261 4.393 4.497 4.583 4.656 4.720 4.780 4.835 4.889 4.940 4.990 5.039 5.087 5.134 5.180 5.226 5.270 5.313 5.356 5.400 5.445 5.490 5.536 5.584 5.633 5.684 5.735 5.787 5.839 5.890 5.939 5.987 6.033 6.078 6.121 6.163 6.204 6.244 6.281 6.315
