version1/TsunamiDB/out54117.asc
ncols          264
nrows          230
xllcorner      497853.4375
yllcorner      4229146.0000
cellsize         5.
NODATA_value   -99
[rows 102 to 135 of 230, columns 0 to 76 of 264]
4.836 4.859 4.882 4.905 4.928 4.951 4.974 4.997 5.021 5.045 5.068 5.091 5.116 5.142 5.168 5.195 5.223 5.251 5.279 5.308 5.336 5.365 5.393 5.420 5.447 5.472 5.497 5.520 5.543 5.564 5.585 5.605 5.624 5.642 5.658 5.674 5.690 5.706 5.722 5.737 5.752 5.767 5.782 5.797 5.811 5.825 5.839 5.853 5.866 5.879 5.892 5.905 5.918 5.930 5.942 5.955 5.966 5.976 5.986 5.996 6.007 6.017 6.027 6.037 6.047 6.058 6.068 6.078 6.088 6.098 6.108 6.118 6.128 6.138 6.148 6.158 6.168
4.852 4.875 4.898 4.920 4.943 4.965 4.988 5.010 5.033 5.056 5.078 5.101 5.124 5.149 5.174 5.199 5.226 5.253 5.280 5.308 5.336 5.365 5.393 5.421 5.448 5.474 5.500 5.524 5.547 5.570 5.591 5.612 5.631 5.649 5.666 5.682 5.699 5.715 5.731 5.746 5.762 5.777 5.791 5.806 5.820 5.835 5.849 5.862 5.876 5.889 5.902 5.915 5.928 5.941 5.953 5.966 5.977 5.987 5.997 6.008 6.018 6.028 6.039 6.049 6.059 6.069 6.079 6.088 6.098 6.108 6.118 6.128 6.138 6.147 6.157 6.167 6.177
4.867 4.890 4.913 4.935 4.957 4.979 5.001 5.023 5.045 5.068 5.089 5.111 5.133 5.157 5.180 5.205 5.230 5.256 5.282 5.309 5.337 5.365 5.392 5.420 5.448 5.475 5.501 5.526 5.551 5.574 5.596 5.618 5.638 5.657 5.674 5.691 5.707 5.724 5.740 5.755 5.771 5.786 5.801 5.815 5.829 5.844 5.858 5.872 5.885 5.899 5.912 5.925 5.938 5.951 5.964 5.976 5.987 5.998 6.008 6.019 6.029 6.040 6.050 6.060 6.070 6.080 6.090 6.100 6.109 6.119 6.128 6.138 6.148 6.157 6.167 6.177 6.187
4.883 4.905 4.928 4.950 4.972 4.994 5.015 5.037 5.058 5.080 5.101 5.122 5.143 5.166 5.188 5.212 5.236 5.260 5.285 5.311 5.338 5.365 5.392 5.420 5.447 5.474 5.501 5.527 5.553 5.577 5.600 5.622 5.644 5.663 5.681 5.699 5.716 5.732 5.749 5.764 5.780 5.795 5.810 5.824 5.839 5.853 5.867 5.881 5.894 5.908 5.921 5.935 5.948 5.961 5.973 5.986 5.997 6.008 6.018 6.029 6.040 6.050 6.061 6.071 6.081 6.091 6.101 6.111 6.120 6.130 6.139 6.149 6.158 6.168 6.177 6.187 6.197
4.897 4.920 4.942 4.964 4.986 5.008 5.029 5.050 5.071 5.093 5.113 5.133 5.154 5.175 5.197 5.220 5.242 5.266 5.290 5.314 5.340 5.366 5.392 5.419 5.446 5.473 5.500 5.527 5.553 5.578 5.602 5.626 5.648 5.669 5.687 5.706 5.723 5.741 5.757 5.773 5.789 5.804 5.819 5.833 5.848 5.862 5.876 5.890 5.903 5.917 5.930 5.944 5.957 5.970 5.983 5.995 6.007 6.018 6.028 6.039 6.050 6.061 6.072 6.082 6.092 6.102 6.112 6.122 6.131 6.141 6.150 6.159 6.169 6.178 6.188 6.197 6.207
4.912 4.934 4.957 4.978 5.000 5.021 5.042 5.063 5.084 5.105 5.125 5.145 5.165 5.186 5.207 5.228 5.250 5.272 5.295 5.319 5.343 5.367 5.393 5.419 5.445 5.472 5.499 5.526 5.552 5.578 5.603 5.628 5.651 5.673 5.692 5.712 5.730 5.748 5.765 5.782 5.798 5.813 5.828 5.842 5.857 5.871 5.885 5.899 5.912 5.926 5.939 5.952 5.966 5.979 5.991 6.004 6.016 6.027 6.038 6.049 6.060 6.071 6.082 6.092 6.103 6.113 6.123 6.132 6.142 6.151 6.161 6.170 6.179 6.189 6.198 6.207 6.217
4.926 4.948 4.970 4.992 5.014 5.035 5.056 5.076 5.097 5.118 5.137 5.156 5.176 5.196 5.217 5.237 5.258 5.280 5.302 5.324 5.347 5.370 5.394 5.419 5.445 5.471 5.497 5.524 5.550 5.577 5.603 5.628 5.652 5.675 5.696 5.716 5.736 5.755 5.773 5.790 5.806 5.822 5.837 5.852 5.866 5.880 5.894 5.908 5.921 5.935 5.948 5.961 5.974 5.987 6.000 6.013 6.025 6.036 6.047 6.058 6.069 6.081 6.091 6.102 6.113 6.123 6.133 6.143 6.153 6.162 6.172 6.181 6.190 6.199 6.208 6.218 6.227
4.939 4.962 4.984 5.005 5.027 5.048 5.069 5.089 5.110 5.130 5.149 5.168 5.188 5.207 5.227 5.247 5.267 5.288 5.309 5.330 5.352 5.374 5.397 5.421 5.445 5.470 5.496 5.522 5.548 5.574 5.600 5.626 5.652 5.675 5.698 5.719 5.740 5.760 5.779 5.797 5.814 5.830 5.846 5.861 5.875 5.890 5.903 5.917 5.930 5.944 5.957 5.970 5.983 5.996 6.009 6.022 6.033 6.044 6.056 6.067 6.078 6.090 6.101 6.112 6.122 6.133 6.143 6.153 6.163 6.172 6.182 6.191 6.201 6.210 6.219 6.228 6.237
4.952 4.975 4.997 5.018 5.039 5.060 5.081 5.102 5.122 5.142 5.161 5.180 5.199 5.218 5.238 5.257 5.277 5.297 5.317 5.337 5.358 5.379 5.401 5.424 5.447 5.470 5.495 5.520 5.545 5.571 5.597 5.623 5.649 5.674 5.697 5.720 5.742 5.764 5.784 5.803 5.821 5.838 5.854 5.870 5.885 5.899 5.913 5.927 5.940 5.953 5.966 5.979 5.992 6.005 6.017 6.030 6.042 6.053 6.064 6.076 6.087 6.098 6.110 6.121 6.132 6.142 6.152 6.163 6.173 6.182 6.192 6.201 6.211 6.220 6.229 6.238 6.247
4.965 4.987 5.009 5.031 5.052 5.073 5.093 5.114 5.134 5.154 5.173 5.191 5.210 5.229 5.248 5.267 5.287 5.306 5.325 5.345 5.365 5.385 5.406 5.427 5.449 5.472 5.495 5.519 5.543 5.568 5.594 5.620 5.646 5.671 5.695 5.719 5.742 5.765 5.787 5.807 5.826 5.845 5.862 5.878 5.894 5.908 5.923 5.936 5.950 5.963 5.976 5.988 6.001 6.014 6.026 6.039 6.051 6.062 6.073 6.084 6.096 6.107 6.118 6.129 6.140 6.151 6.162 6.172 6.182 6.192 6.202 6.211 6.221 6.230 6.239 6.248 6.257
4.977 4.999 5.021 5.043 5.064 5.085 5.105 5.125 5.145 5.165 5.184 5.202 5.221 5.240 5.259 5.277 5.296 5.315 5.334 5.353 5.372 5.392 5.412 5.432 5.453 5.474 5.496 5.519 5.542 5.566 5.591 5.616 5.642 5.666 5.691 5.715 5.740 5.764 5.787 5.809 5.829 5.849 5.868 5.885 5.901 5.917 5.932 5.946 5.959 5.973 5.986 5.998 6.011 6.023 6.036 6.048 6.059 6.070 6.081 6.093 6.104 6.115 6.127 6.138 6.149 6.160 6.170 6.181 6.191 6.201 6.211 6.221 6.230 6.240 6.249 6.258 6.267
4.989 5.011 5.033 5.054 5.075 5.096 5.117 5.137 5.157 5.176 5.195 5.213 5.232 5.250 5.269 5.288 5.306 5.325 5.343 5.362 5.380 5.399 5.418 5.438 5.458 5.478 5.499 5.520 5.542 5.565 5.589 5.613 5.637 5.662 5.686 5.710 5.735 5.760 5.784 5.808 5.830 5.851 5.871 5.890 5.908 5.924 5.940 5.955 5.969 5.983 5.996 6.008 6.021 6.033 6.045 6.057 6.069 6.079 6.090 6.101 6.113 6.124 6.135 6.146 6.157 6.168 6.179 6.189 6.200 6.210 6.220 6.230 6.239 6.249 6.258 6.267 6.277
5.000 5.023 5.044 5.066 5.087 5.108 5.128 5.148 5.168 5.187 5.206 5.224 5.242 5.261 5.279 5.298 5.316 5.334 5.352 5.370 5.389 5.407 5.426 5.444 5.463 5.483 5.502 5.523 5.544 5.565 5.587 5.610 5.634 5.657 5.680 5.705 5.730 5.755 5.779 5.804 5.827 5.850 5.872 5.892 5.912 5.930 5.947 5.963 5.978 5.992 6.005 6.018 6.031 6.043 6.055 6.067 6.078 6.089 6.100 6.110 6.122 6.133 6.144 6.155 6.166 6.177 6.187 6.198 6.208 6.219 6.229 6.238 6.248 6.258 6.267 6.277 6.286
5.012 5.034 5.056 5.077 5.098 5.119 5.139 5.159 5.179 5.198 5.216 5.234 5.253 5.271 5.289 5.308 5.326 5.344 5.361 5.379 5.397 5.415 5.433 5.451 5.470 5.488 5.507 5.527 5.546 5.567 5.588 5.609 5.631 5.653 5.676 5.699 5.723 5.748 5.773 5.798 5.822 5.846 5.869 5.891 5.912 5.932 5.951 5.968 5.985 6.000 6.014 6.028 6.041 6.054 6.066 6.078 6.089 6.099 6.109 6.120 6.131 6.142 6.153 6.164 6.174 6.185 6.196 6.206 6.217 6.227 6.237 6.247 6.257 6.267 6.276 6.286 6.295
5.023 5.045 5.067 5.088 5.109 5.130 5.150 5.170 5.190 5.209 5.226 5.245 5.263 5.281 5.299 5.317 5.335 5.353 5.371 5.388 5.406 5.424 5.441 5.459 5.477 5.495 5.513 5.531 5.550 5.569 5.589 5.610 5.631 5.651 5.672 5.694 5.717 5.741 5.766 5.790 5.815 5.840 5.864 5.887 5.910 5.932 5.952 5.971 5.989 6.006 6.022 6.036 6.050 6.064 6.076 6.088 6.099 6.109 6.120 6.130 6.141 6.151 6.162 6.173 6.183 6.194 6.204 6.215 6.225 6.235 6.246 6.256 6.265 6.275 6.285 6.294 6.304
5.034 5.056 5.078 5.099 5.120 5.141 5.161 5.181 5.201 5.219 5.237 5.255 5.273 5.291 5.309 5.327 5.345 5.362 5.380 5.397 5.415 5.432 5.449 5.467 5.484 5.501 5.519 5.537 5.555 5.573 5.592 5.612 5.631 5.650 5.670 5.691 5.713 5.735 5.759 5.783 5.807 5.832 5.856 5.880 5.904 5.927 5.949 5.971 5.990 6.009 6.027 6.043 6.058 6.072 6.086 6.098 6.110 6.120 6.130 6.141 6.151 6.162 6.172 6.183 6.193 6.203 6.214 6.224 6.234 6.244 6.254 6.264 6.274 6.284 6.293 6.303 6.313
5.046 5.068 5.089 5.110 5.131 5.152 5.172 5.192 5.211 5.230 5.247 5.265 5.283 5.301 5.319 5.337 5.355 5.372 5.389 5.406 5.424 5.441 5.458 5.475 5.492 5.509 5.526 5.543 5.561 5.578 5.596 5.615 5.633 5.651 5.669 5.689 5.710 5.731 5.753 5.776 5.799 5.823 5.847 5.872 5.896 5.920 5.943 5.966 5.988 6.008 6.028 6.046 6.063 6.079 6.094 6.107 6.119 6.130 6.141 6.151 6.162 6.172 6.183 6.193 6.203 6.213 6.223 6.233 6.243 6.253 6.263 6.273 6.283 6.292 6.302 6.312 6.321
5.057 5.079 5.100 5.122 5.142 5.163 5.183 5.202 5.222 5.240 5.258 5.276 5.294 5.312 5.329 5.347 5.364 5.382 5.399 5.416 5.433 5.449 5.466 5.483 5.500 5.516 5.533 5.550 5.567 5.584 5.601 5.619 5.636 5.653 5.671 5.689 5.708 5.728 5.749 5.770 5.792 5.815 5.838 5.862 5.886 5.910 5.934 5.958 5.981 6.004 6.025 6.045 6.064 6.082 6.099 6.114 6.127 6.139 6.150 6.162 6.173 6.183 6.193 6.204 6.214 6.224 6.233 6.243 6.253 6.263 6.272 6.282 6.292 6.301 6.311 6.320 6.330
5.068 5.090 5.112 5.133 5.153 5.174 5.194 5.213 5.233 5.251 5.268 5.286 5.304 5.322 5.339 5.357 5.374 5.391 5.408 5.425 5.442 5.458 5.475 5.491 5.508 5.524 5.541 5.557 5.574 5.590 5.607 5.624 5.641 5.657 5.673 5.691 5.709 5.728 5.747 5.767 5.787 5.809 5.831 5.853 5.876 5.900 5.924 5.948 5.972 5.995 6.018 6.040 6.061 6.081 6.100 6.117 6.131 6.145 6.158 6.171 6.182 6.193 6.204 6.215 6.225 6.234 6.244 6.254 6.263 6.273 6.282 6.292 6.301 6.311 6.320 6.329 6.339
5.080 5.102 5.123 5.144 5.165 5.185 5.205 5.224 5.244 5.262 5.279 5.297 5.315 5.332 5.350 5.367 5.384 5.401 5.418 5.434 5.451 5.468 5.484 5.500 5.516 5.533 5.549 5.565 5.581 5.597 5.614 5.630 5.646 5.661 5.677 5.694 5.711 5.729 5.747 5.765 5.784 5.804 5.825 5.846 5.868 5.890 5.913 5.937 5.961 5.985 6.008 6.032 6.054 6.076 6.097 6.116 6.132 6.148 6.163 6.177 6.190 6.202 6.214 6.225 6.235 6.245 6.255 6.265 6.274 6.284 6.293 6.302 6.311 6.321 6.330 6.339 6.348
5.092 5.114 5.135 5.156 5.176 5.197 5.216 5.236 5.255 5.273 5.290 5.308 5.325 5.343 5.360 5.377 5.394 5.411 5.428 5.444 5.461 5.477 5.493 5.509 5.525 5.541 5.557 5.573 5.589 5.605 5.621 5.637 5.652 5.667 5.682 5.698 5.715 5.731 5.748 5.766 5.784 5.802 5.821 5.841 5.861 5.882 5.904 5.927 5.949 5.973 5.996 6.020 6.043 6.067 6.089 6.110 6.129 6.147 6.164 6.180 6.195 6.209 6.222 6.234 6.245 6.256 6.266 6.276 6.285 6.295 6.304 6.313 6.322 6.331 6.340 6.349 6.358
5.104 5.126 5.147 5.168 5.188 5.208 5.228 5.247 5.266 5.284 5.301 5.319 5.336 5.354 5.371 5.388 5.405 5.421 5.438 5.454 5.470 5.486 5.502 5.518 5.534 5.550 5.565 5.581 5.597 5.612 5.628 5.644 5.659 5.673 5.688 5.704 5.719 5.735 5.751 5.768 5.785 5.802 5.820 5.838 5.857 5.877 5.897 5.918 5.939 5.962 5.984 6.007 6.031 6.054 6.078 6.100 6.120 6.140 6.160 6.178 6.195 6.211 6.226 6.240 6.253 6.264 6.276 6.286 6.296 6.306 6.315 6.324 6.333 6.342 6.351 6.360 6.369
5.117 5.138 5.160 5.180 5.201 5.220 5.240 5.259 5.278 5.296 5.313 5.330 5.348 5.365 5.382 5.399 5.415 5.432 5.448 5.464 5.480 5.496 5.512 5.528 5.543 5.559 5.574 5.590 5.605 5.621 5.636 5.651 5.666 5.680 5.695 5.710 5.725 5.740 5.756 5.772 5.788 5.804 5.821 5.838 5.855 5.874 5.892 5.912 5.932 5.952 5.974 5.996 6.018 6.041 6.064 6.087 6.108 6.130 6.151 6.171 6.190 6.209 6.226 6.242 6.256 6.270 6.283 6.295 6.306 6.316 6.326 6.335 6.345 6.354 6.363 6.371 6.380
5.130 5.151 5.172 5.193 5.213 5.233 5.252 5.272 5.290 5.308 5.325 5.342 5.359 5.377 5.393 5.410 5.427 5.443 5.459 5.475 5.491 5.506 5.522 5.537 5.553 5.568 5.584 5.599 5.614 5.629 5.644 5.660 5.674 5.688 5.702 5.717 5.731 5.746 5.761 5.777 5.792 5.807 5.823 5.839 5.856 5.873 5.890 5.908 5.926 5.945 5.965 5.986 6.007 6.028 6.051 6.073 6.094 6.116 6.138 6.160 6.181 6.201 6.220 6.239 6.256 6.272 6.286 6.300 6.312 6.324 6.335 6.345 6.355 6.365 6.374 6.383 6.392
5.143 5.164 5.185 5.206 5.226 5.246 5.265 5.284 5.303 5.320 5.337 5.354 5.372 5.389 5.405 5.422 5.438 5.454 5.470 5.486 5.501 5.517 5.532 5.548 5.563 5.578 5.593 5.608 5.623 5.638 5.653 5.668 5.682 5.696 5.710 5.724 5.738 5.753 5.768 5.782 5.797 5.812 5.827 5.843 5.858 5.874 5.890 5.907 5.924 5.942 5.960 5.978 5.998 6.018 6.039 6.060 6.080 6.102 6.123 6.145 6.167 6.189 6.210 6.230 6.249 6.268 6.285 6.300 6.315 6.329 6.341 6.353 6.364 6.374 6.384 6.394 6.403
5.156 5.177 5.198 5.219 5.239 5.259 5.278 5.297 5.316 5.333 5.350 5.367 5.384 5.401 5.417 5.434 5.450 5.466 5.482 5.497 5.513 5.528 5.543 5.558 5.573 5.588 5.603 5.618 5.633 5.647 5.662 5.677 5.691 5.704 5.718 5.732 5.746 5.760 5.775 5.789 5.803 5.818 5.832 5.847 5.862 5.877 5.892 5.908 5.924 5.940 5.957 5.974 5.992 6.011 6.030 6.049 6.068 6.088 6.109 6.131 6.152 6.174 6.196 6.217 6.238 6.258 6.278 6.296 6.313 6.329 6.343 6.357 6.370 6.382 6.393 6.403 6.413
5.170 5.191 5.212 5.232 5.252 5.272 5.291 5.310 5.329 5.346 5.363 5.380 5.397 5.413 5.430 5.446 5.462 5.478 5.494 5.509 5.524 5.539 5.554 5.569 5.584 5.599 5.613 5.628 5.642 5.657 5.671 5.686 5.700 5.713 5.726 5.740 5.754 5.768 5.782 5.796 5.810 5.824 5.839 5.853 5.867 5.882 5.896 5.911 5.926 5.941 5.957 5.973 5.990 6.007 6.024 6.042 6.059 6.078 6.097 6.117 6.138 6.159 6.180 6.202 6.223 6.245 6.265 6.286 6.305 6.323 6.340 6.356 6.371 6.385 6.398 6.410 6.421
5.183 5.204 5.225 5.245 5.265 5.285 5.304 5.323 5.342 5.359 5.376 5.393 5.410 5.426 5.443 5.459 5.475 5.490 5.506 5.521 5.536 5.551 5.566 5.580 5.595 5.610 5.624 5.638 5.653 5.667 5.681 5.696 5.709 5.722 5.735 5.749 5.763 5.776 5.790 5.804 5.818 5.832 5.846 5.859 5.873 5.887 5.901 5.915 5.930 5.944 5.959 5.974 5.990 6.005 6.022 6.038 6.053 6.070 6.088 6.106 6.125 6.145 6.165 6.186 6.207 6.229 6.250 6.271 6.292 6.312 6.331 6.349 6.367 6.383 6.398 6.412 6.425
5.197 5.218 5.238 5.258 5.278 5.298 5.317 5.336 5.355 5.372 5.389 5.406 5.423 5.439 5.456 5.472 5.488 5.503 5.519 5.534 5.548 5.563 5.578 5.592 5.607 5.621 5.635 5.649 5.663 5.677 5.692 5.706 5.719 5.731 5.745 5.758 5.772 5.785 5.799 5.812 5.826 5.839 5.853 5.867 5.880 5.894 5.907 5.921 5.935 5.949 5.963 5.977 5.992 6.007 6.022 6.036 6.051 6.066 6.082 6.099 6.116 6.134 6.153 6.172 6.192 6.213 6.233 6.254 6.275 6.296 6.317 6.337 6.356 6.375 6.392 6.409 6.424
5.210 5.231 5.251 5.271 5.291 5.311 5.330 5.349 5.368 5.385 5.402 5.419 5.436 5.452 5.469 5.485 5.501 5.516 5.531 5.546 5.561 5.576 5.590 5.604 5.619 5.633 5.647 5.661 5.674 5.688 5.702 5.716 5.729 5.741 5.754 5.768 5.781 5.794 5.808 5.821 5.834 5.848 5.861 5.874 5.888 5.901 5.914 5.928 5.941 5.955 5.968 5.982 5.996 6.010 6.024 6.038 6.051 6.065 6.080 6.095 6.111 6.127 6.144 6.162 6.180 6.199 6.218 6.238 6.259 6.279 6.300 6.321 6.341 6.361 6.381 6.399 6.417
5.223 5.244 5.264 5.284 5.304 5.324 5.343 5.362 5.381 5.397 5.414 5.432 5.449 5.465 5.482 5.498 5.514 5.529 5.544 5.559 5.574 5.588 5.603 5.617 5.631 5.645 5.659 5.672 5.686 5.700 5.713 5.727 5.739 5.752 5.764 5.777 5.790 5.804 5.817 5.830 5.843 5.856 5.870 5.883 5.896 5.909 5.922 5.935 5.948 5.961 5.975 5.988 6.001 6.015 6.028 6.041 6.054 6.067 6.080 6.094 6.109 6.123 6.139 6.155 6.171 6.189 6.206 6.225 6.244 6.263 6.283 6.303 6.324 6.345 6.365 6.385 6.405
5.236 5.257 5.277 5.297 5.317 5.336 5.356 5.375 5.393 5.409 5.427 5.444 5.461 5.478 5.495 5.511 5.527 5.542 5.557 5.572 5.587 5.601 5.616 5.630 5.643 5.657 5.671 5.684 5.698 5.711 5.725 5.738 5.750 5.762 5.775 5.787 5.800 5.813 5.826 5.839 5.852 5.865 5.878 5.891 5.904 5.917 5.930 5.943 5.956 5.969 5.982 5.995 6.008 6.021 6.034 6.046 6.058 6.070 6.083 6.096 6.109 6.123 6.137 6.152 6.167 6.182 6.198 6.215 6.232 6.250 6.268 6.287 6.307 6.327 6.347 6.368 6.388
5.249 5.269 5.289 5.309 5.329 5.348 5.368 5.387 5.404 5.421 5.439 5.456 5.473 5.490 5.507 5.523 5.539 5.555 5.570 5.585 5.600 5.614 5.628 5.642 5.656 5.670 5.683 5.696 5.710 5.723 5.736 5.749 5.761 5.773 5.785 5.798 5.811 5.823 5.836 5.849 5.862 5.875 5.887 5.900 5.913 5.926 5.938 5.951 5.964 5.977 5.989 6.002 6.015 6.028 6.040 6.052 6.063 6.075 6.087 6.100 6.112 6.125 6.138 6.152 6.166 6.180 6.194 6.209 6.224 6.240 6.257 6.274 6.292 6.311 6.330 6.350 6.370
5.262 5.282 5.302 5.321 5.341 5.360 5.379 5.398 5.416 5.433 5.450 5.468 5.485 5.502 5.519 5.535 5.551 5.567 5.582 5.597 5.612 5.627 5.641 5.655 5.669 5.682 5.695 5.709 5.722 5.735 5.748 5.761 5.772 5.784 5.796 5.809 5.821 5.834 5.846 5.859 5.871 5.884 5.897 5.909 5.922 5.935 5.947 5.960 5.972 5.985 5.997 6.010 6.022 6.035 6.048 6.059 6.070 6.082 6.093 6.105 6.117 6.130 6.142 6.155 6.167 6.180 6.193 6.207 6.221 6.235 6.250 6.266 6.282 6.299 6.316 6.335 6.353
