version1/TsunamiDB/out54103.asc
ncols          264
nrows          230
xllcorner      497853.4375
yllcorner      4229146.0000
cellsize         5.
NODATA_value   -99
[rows 102 to 135 of 230, columns 77 to 153 of 264]
6.058 6.071 6.084 6.095 6.106 6.118 6.131 6.144 6.157 6.170 6.183 6.197 6.210 6.224 6.237 6.251 6.264 6.277 6.290 6.303 6.316 6.329 6.341 6.354 6.366 6.378 6.388 6.398 6.408 6.418 6.428 6.438 6.448 6.457 6.467 6.477 6.486 6.495 6.504 6.514 6.522 6.531 6.540 6.549 6.557 6.565 6.573 6.582 6.589 6.596 6.602 6.608 6.614 6.621 6.628 6.635 6.642 6.650 6.657 6.665 6.674 6.682 6.691 6.700 6.709 6.719 6.728 6.738 6.747 6.757 6.767 6.776 6.785 6.793 6.802 6.811 6.820
6.070 6.083 6.095 6.106 6.117 6.129 6.142 6.154 6.167 6.180 6.193 6.206 6.219 6.233 6.246 6.259 6.273 6.286 6.299 6.312 6.325 6.338 6.350 6.363 6.375 6.387 6.397 6.407 6.418 6.428 6.438 6.448 6.458 6.468 6.478 6.488 6.497 6.507 6.516 6.525 6.534 6.543 6.552 6.561 6.570 6.578 6.587 6.595 6.603 6.609 6.615 6.622 6.628 6.634 6.641 6.648 6.655 6.662 6.670 6.677 6.685 6.694 6.702 6.711 6.720 6.729 6.738 6.748 6.757 6.767 6.777 6.786 6.794 6.803 6.811 6.820 6.830
6.081 6.094 6.106 6.117 6.128 6.140 6.152 6.165 6.177 6.190 6.203 6.215 6.228 6.242 6.255 6.268 6.281 6.295 6.308 6.321 6.334 6.347 6.359 6.372 6.384 6.396 6.407 6.417 6.427 6.438 6.448 6.458 6.469 6.479 6.488 6.498 6.508 6.517 6.527 6.536 6.546 6.555 6.564 6.573 6.582 6.590 6.599 6.608 6.615 6.622 6.628 6.635 6.641 6.648 6.654 6.661 6.668 6.675 6.682 6.690 6.697 6.705 6.713 6.722 6.731 6.739 6.748 6.758 6.767 6.777 6.786 6.795 6.804 6.812 6.821 6.830 6.839
6.090 6.104 6.116 6.127 6.139 6.151 6.163 6.175 6.187 6.200 6.212 6.225 6.238 6.251 6.264 6.277 6.290 6.303 6.317 6.330 6.343 6.355 6.368 6.381 6.394 6.405 6.416 6.426 6.437 6.447 6.458 6.468 6.478 6.489 6.499 6.508 6.518 6.528 6.537 6.547 6.556 6.566 6.575 6.584 6.593 6.602 6.611 6.620 6.628 6.634 6.641 6.648 6.654 6.661 6.667 6.674 6.681 6.688 6.695 6.702 6.709 6.717 6.725 6.733 6.742 6.750 6.759 6.768 6.777 6.787 6.796 6.805 6.813 6.822 6.830 6.839 6.848
6.097 6.112 6.125 6.137 6.149 6.161 6.173 6.185 6.198 6.210 6.222 6.235 6.247 6.260 6.273 6.286 6.299 6.312 6.325 6.338 6.351 6.364 6.377 6.390 6.403 6.414 6.425 6.436 6.446 6.457 6.467 6.478 6.488 6.498 6.508 6.518 6.528 6.538 6.548 6.557 6.567 6.576 6.585 6.595 6.604 6.613 6.622 6.631 6.639 6.646 6.653 6.660 6.667 6.673 6.680 6.687 6.693 6.700 6.707 6.714 6.721 6.729 6.736 6.744 6.753 6.761 6.770 6.778 6.787 6.797 6.806 6.815 6.823 6.831 6.839 6.848 6.857
6.101 6.117 6.132 6.145 6.157 6.170 6.183 6.195 6.207 6.220 6.232 6.244 6.257 6.270 6.282 6.295 6.308 6.321 6.334 6.347 6.360 6.373 6.386 6.399 6.412 6.423 6.434 6.445 6.455 6.466 6.477 6.487 6.498 6.508 6.518 6.528 6.538 6.548 6.557 6.567 6.577 6.586 6.596 6.605 6.614 6.624 6.633 6.642 6.650 6.657 6.664 6.671 6.678 6.685 6.692 6.699 6.706 6.712 6.719 6.726 6.733 6.740 6.748 6.756 6.764 6.772 6.780 6.789 6.798 6.807 6.816 6.824 6.832 6.840 6.849 6.857 6.866
6.101 6.119 6.135 6.150 6.164 6.177 6.190 6.203 6.216 6.229 6.241 6.254 6.266 6.279 6.291 6.304 6.317 6.330 6.343 6.356 6.369 6.382 6.395 6.408 6.420 6.432 6.443 6.454 6.465 6.475 6.486 6.497 6.507 6.518 6.528 6.538 6.548 6.557 6.567 6.577 6.586 6.596 6.605 6.615 6.624 6.634 6.643 6.652 6.660 6.668 6.675 6.682 6.690 6.697 6.704 6.711 6.717 6.724 6.731 6.738 6.745 6.752 6.759 6.767 6.775 6.783 6.791 6.799 6.808 6.816 6.826 6.834 6.842 6.850 6.858 6.866 6.874
6.097 6.117 6.135 6.151 6.167 6.182 6.196 6.210 6.223 6.236 6.249 6.262 6.275 6.287 6.300 6.313 6.326 6.339 6.352 6.365 6.378 6.390 6.403 6.416 6.429 6.441 6.452 6.463 6.474 6.484 6.495 6.506 6.517 6.527 6.537 6.547 6.557 6.567 6.576 6.586 6.596 6.605 6.615 6.624 6.634 6.643 6.652 6.662 6.670 6.678 6.685 6.693 6.700 6.708 6.715 6.722 6.729 6.736 6.742 6.749 6.756 6.763 6.770 6.778 6.785 6.793 6.801 6.809 6.818 6.826 6.835 6.843 6.851 6.859 6.867 6.875 6.883
6.087 6.110 6.130 6.148 6.166 6.183 6.199 6.214 6.228 6.242 6.256 6.269 6.282 6.295 6.308 6.321 6.334 6.347 6.360 6.373 6.386 6.399 6.412 6.425 6.437 6.449 6.460 6.471 6.482 6.493 6.504 6.515 6.526 6.536 6.546 6.556 6.566 6.576 6.586 6.595 6.605 6.614 6.624 6.633 6.643 6.652 6.662 6.671 6.680 6.687 6.695 6.703 6.710 6.718 6.725 6.732 6.739 6.746 6.753 6.760 6.767 6.774 6.781 6.788 6.796 6.803 6.811 6.819 6.827 6.836 6.845 6.853 6.860 6.868 6.875 6.883 6.891
6.072 6.097 6.120 6.140 6.160 6.179 6.197 6.214 6.230 6.246 6.260 6.275 6.288 6.302 6.315 6.328 6.341 6.355 6.368 6.381 6.394 6.407 6.420 6.433 6.446 6.458 6.469 6.480 6.491 6.502 6.513 6.524 6.535 6.545 6.555 6.566 6.575 6.585 6.595 6.604 6.614 6.623 6.633 6.642 6.652 6.661 6.670 6.680 6.689 6.696 6.704 6.712 6.720 6.727 6.735 6.742 6.749 6.757 6.764 6.770 6.777 6.784 6.791 6.798 6.806 6.813 6.821 6.829 6.837 6.845 6.854 6.862 6.869 6.876 6.884 6.891 6.899
6.052 6.078 6.103 6.127 6.149 6.170 6.191 6.210 6.228 6.245 6.261 6.277 6.292 6.306 6.320 6.334 6.348 6.361 6.374 6.388 6.401 6.414 6.427 6.440 6.453 6.465 6.477 6.488 6.499 6.511 6.522 6.533 6.544 6.554 6.564 6.575 6.584 6.594 6.604 6.613 6.623 6.632 6.642 6.651 6.660 6.670 6.679 6.688 6.697 6.705 6.713 6.721 6.729 6.736 6.744 6.751 6.759 6.766 6.773 6.780 6.787 6.794 6.801 6.808 6.815 6.823 6.830 6.838 6.846 6.854 6.862 6.870 6.877 6.885 6.892 6.899 6.907
6.028 6.056 6.082 6.107 6.132 6.156 6.178 6.200 6.221 6.240 6.258 6.276 6.292 6.308 6.323 6.338 6.352 6.366 6.380 6.394 6.407 6.421 6.434 6.447 6.460 6.473 6.484 6.496 6.507 6.519 6.530 6.541 6.552 6.563 6.573 6.583 6.593 6.603 6.613 6.622 6.632 6.641 6.650 6.659 6.669 6.678 6.687 6.697 6.705 6.713 6.721 6.729 6.737 6.745 6.753 6.760 6.768 6.775 6.782 6.789 6.796 6.803 6.810 6.817 6.825 6.832 6.839 6.847 6.854 6.862 6.871 6.878 6.885 6.893 6.900 6.907 6.914
6.003 6.031 6.057 6.083 6.109 6.135 6.160 6.184 6.207 6.229 6.250 6.269 6.288 6.305 6.322 6.338 6.353 6.369 6.383 6.398 6.412 6.426 6.439 6.453 6.467 6.479 6.491 6.503 6.514 6.526 6.538 6.549 6.560 6.571 6.581 6.592 6.602 6.612 6.621 6.631 6.640 6.649 6.659 6.668 6.677 6.686 6.695 6.705 6.713 6.721 6.729 6.737 6.745 6.753 6.761 6.769 6.776 6.784 6.791 6.798 6.805 6.812 6.819 6.826 6.833 6.840 6.848 6.855 6.863 6.871 6.879 6.886 6.893 6.900 6.907 6.914 6.921
5.980 6.006 6.032 6.058 6.084 6.110 6.137 6.162 6.188 6.212 6.235 6.257 6.278 6.297 6.316 6.334 6.351 6.368 6.384 6.399 6.414 6.429 6.443 6.457 6.471 6.484 6.497 6.509 6.521 6.533 6.545 6.556 6.568 6.579 6.589 6.600 6.610 6.620 6.630 6.639 6.649 6.658 6.667 6.676 6.685 6.694 6.703 6.713 6.721 6.729 6.737 6.745 6.753 6.761 6.769 6.776 6.784 6.792 6.799 6.806 6.813 6.820 6.827 6.834 6.841 6.848 6.856 6.863 6.871 6.878 6.886 6.894 6.900 6.907 6.914 6.921 6.928
5.959 5.983 6.008 6.032 6.057 6.084 6.110 6.137 6.163 6.189 6.214 6.238 6.261 6.283 6.305 6.325 6.344 6.362 6.380 6.397 6.413 6.429 6.445 6.460 6.474 6.488 6.501 6.513 6.526 6.538 6.551 6.563 6.574 6.586 6.597 6.607 6.618 6.628 6.638 6.647 6.657 6.666 6.675 6.684 6.693 6.702 6.711 6.720 6.729 6.737 6.744 6.752 6.760 6.768 6.776 6.784 6.792 6.799 6.807 6.814 6.821 6.828 6.835 6.842 6.849 6.856 6.863 6.870 6.878 6.886 6.893 6.901 6.907 6.914 6.920 6.927 6.934
5.943 5.965 5.987 6.009 6.033 6.058 6.083 6.109 6.136 6.162 6.188 6.214 6.239 6.263 6.287 6.309 6.331 6.351 6.371 6.390 6.408 6.426 6.442 6.459 6.475 6.489 6.503 6.516 6.529 6.542 6.555 6.568 6.580 6.592 6.603 6.614 6.625 6.635 6.645 6.655 6.664 6.674 6.683 6.692 6.701 6.710 6.719 6.728 6.736 6.744 6.752 6.759 6.767 6.775 6.783 6.791 6.799 6.806 6.814 6.821 6.828 6.836 6.843 6.849 6.856 6.863 6.870 6.878 6.885 6.892 6.900 6.907 6.913 6.920 6.926 6.933 6.940
5.931 5.951 5.970 5.991 6.012 6.035 6.058 6.083 6.108 6.134 6.160 6.186 6.212 6.237 6.263 6.287 6.311 6.334 6.356 6.377 6.397 6.417 6.436 6.454 6.471 6.487 6.501 6.516 6.530 6.544 6.558 6.571 6.584 6.596 6.608 6.620 6.631 6.642 6.652 6.662 6.672 6.681 6.690 6.699 6.709 6.718 6.726 6.735 6.744 6.751 6.759 6.766 6.774 6.782 6.790 6.798 6.806 6.813 6.821 6.828 6.835 6.842 6.849 6.856 6.863 6.870 6.877 6.884 6.891 6.899 6.906 6.913 6.919 6.926 6.932 6.939 6.945
5.924 5.942 5.959 5.977 5.996 6.016 6.038 6.060 6.083 6.107 6.132 6.157 6.183 6.208 6.234 6.260 6.285 6.310 6.334 6.357 6.380 6.402 6.423 6.443 6.462 6.480 6.496 6.512 6.528 6.543 6.558 6.572 6.586 6.599 6.612 6.624 6.636 6.647 6.658 6.668 6.678 6.688 6.697 6.706 6.716 6.725 6.734 6.743 6.750 6.758 6.765 6.773 6.781 6.789 6.796 6.804 6.812 6.820 6.827 6.835 6.842 6.849 6.856 6.863 6.870 6.877 6.883 6.890 6.898 6.905 6.912 6.919 6.925 6.931 6.937 6.944 6.950
5.921 5.937 5.952 5.967 5.985 6.003 6.022 6.042 6.063 6.084 6.107 6.130 6.154 6.179 6.204 6.230 6.255 6.281 6.307 6.332 6.356 6.380 6.403 6.426 6.447 6.467 6.485 6.504 6.521 6.538 6.554 6.570 6.585 6.599 6.613 6.626 6.638 6.650 6.662 6.673 6.683 6.693 6.703 6.713 6.722 6.731 6.740 6.749 6.757 6.764 6.772 6.779 6.787 6.795 6.803 6.811 6.818 6.826 6.833 6.841 6.848 6.855 6.862 6.869 6.876 6.883 6.889 6.896 6.903 6.911 6.918 6.924 6.930 6.936 6.942 6.949 6.955
5.921 5.935 5.948 5.963 5.978 5.994 6.011 6.029 6.047 6.067 6.087 6.108 6.130 6.153 6.176 6.200 6.225 6.250 6.276 6.301 6.327 6.352 6.377 6.402 6.426 6.447 6.468 6.489 6.508 6.527 6.546 6.563 6.580 6.595 6.611 6.625 6.638 6.651 6.664 6.675 6.687 6.697 6.708 6.718 6.727 6.737 6.746 6.755 6.763 6.770 6.778 6.785 6.793 6.801 6.809 6.816 6.824 6.832 6.839 6.846 6.854 6.861 6.868 6.875 6.881 6.888 6.895 6.902 6.909 6.916 6.923 6.929 6.934 6.940 6.947 6.953 6.959
5.924 5.936 5.948 5.961 5.975 5.990 6.005 6.021 6.037 6.054 6.072 6.091 6.110 6.131 6.152 6.174 6.197 6.221 6.245 6.270 6.295 6.321 6.347 6.373 6.398 6.421 6.444 6.467 6.489 6.510 6.531 6.550 6.569 6.587 6.604 6.620 6.635 6.649 6.663 6.676 6.688 6.699 6.710 6.721 6.731 6.741 6.751 6.760 6.768 6.775 6.783 6.791 6.798 6.806 6.814 6.822 6.829 6.837 6.844 6.852 6.859 6.866 6.873 6.880 6.887 6.893 6.900 6.907 6.914 6.921 6.927 6.933 6.939 6.945 6.951 6.957 6.963
5.929 5.940 5.951 5.963 5.975 5.989 6.002 6.017 6.031 6.047 6.063 6.079 6.096 6.114 6.133 6.153 6.173 6.195 6.217 6.240 6.264 6.289 6.314 6.340 6.365 6.389 6.414 6.438 6.462 6.486 6.509 6.531 6.552 6.572 6.591 6.609 6.626 6.643 6.658 6.672 6.686 6.698 6.711 6.722 6.733 6.744 6.754 6.763 6.771 6.779 6.787 6.795 6.803 6.811 6.819 6.826 6.834 6.842 6.849 6.857 6.864 6.871 6.878 6.885 6.891 6.898 6.905 6.911 6.918 6.925 6.932 6.937 6.943 6.949 6.954 6.960 6.967
5.935 5.946 5.956 5.967 5.978 5.990 6.003 6.016 6.029 6.043 6.057 6.072 6.087 6.103 6.120 6.137 6.155 6.174 6.194 6.215 6.237 6.259 6.283 6.307 6.332 6.356 6.380 6.405 6.430 6.455 6.480 6.504 6.528 6.550 6.572 6.592 6.612 6.630 6.648 6.664 6.679 6.694 6.707 6.720 6.732 6.744 6.755 6.765 6.773 6.782 6.790 6.798 6.806 6.814 6.822 6.830 6.838 6.846 6.853 6.861 6.868 6.875 6.882 6.889 6.896 6.902 6.909 6.916 6.922 6.929 6.935 6.941 6.946 6.952 6.958 6.964 6.970
5.943 5.953 5.962 5.972 5.983 5.994 6.006 6.018 6.030 6.043 6.056 6.069 6.083 6.097 6.112 6.127 6.143 6.160 6.177 6.195 6.215 6.235 6.256 6.278 6.301 6.323 6.347 6.371 6.396 6.421 6.447 6.472 6.497 6.522 6.545 6.568 6.590 6.611 6.631 6.649 6.667 6.683 6.699 6.713 6.727 6.740 6.752 6.763 6.773 6.782 6.791 6.800 6.808 6.817 6.825 6.833 6.841 6.849 6.856 6.864 6.871 6.879 6.886 6.893 6.899 6.906 6.913 6.919 6.926 6.932 6.939 6.944 6.949 6.955 6.961 6.966 6.972
5.952 5.961 5.970 5.980 5.990 6.000 6.011 6.022 6.034 6.045 6.057 6.069 6.082 6.095 6.108 6.122 6.136 6.151 6.166 6.182 6.199 6.216 6.235 6.255 6.275 6.295 6.316 6.339 6.362 6.387 6.412 6.437 6.463 6.488 6.513 6.538 6.562 6.585 6.607 6.628 6.648 6.667 6.685 6.701 6.717 6.732 6.746 6.758 6.769 6.779 6.789 6.799 6.808 6.817 6.825 6.834 6.842 6.850 6.858 6.866 6.874 6.881 6.888 6.895 6.902 6.909 6.915 6.922 6.928 6.935 6.941 6.947 6.952 6.957 6.963 6.969 6.975
5.962 5.971 5.979 5.988 5.998 6.007 6.018 6.028 6.039 6.050 6.061 6.072 6.084 6.095 6.108 6.120 6.133 6.146 6.159 6.174 6.188 6.204 6.220 6.237 6.255 6.273 6.292 6.312 6.333 6.355 6.379 6.403 6.427 6.452 6.478 6.503 6.528 6.553 6.576 6.600 6.622 6.643 6.663 6.683 6.701 6.717 6.733 6.748 6.760 6.772 6.783 6.794 6.804 6.814 6.824 6.833 6.842 6.850 6.859 6.867 6.874 6.882 6.889 6.897 6.904 6.910 6.917 6.924 6.930 6.937 6.943 6.949 6.954 6.959 6.965 6.971 6.976
5.972 5.981 5.989 5.997 6.006 6.016 6.025 6.035 6.045 6.056 6.066 6.077 6.088 6.099 6.110 6.121 6.133 6.145 6.157 6.169 6.183 6.196 6.211 6.226 6.241 6.256 6.273 6.291 6.309 6.329 6.350 6.372 6.395 6.419 6.443 6.467 6.492 6.517 6.542 6.566 6.590 6.613 6.636 6.657 6.677 6.697 6.715 6.731 6.746 6.760 6.773 6.785 6.797 6.808 6.818 6.829 6.838 6.848 6.856 6.865 6.873 6.881 6.889 6.897 6.904 6.911 6.918 6.925 6.931 6.938 6.944 6.950 6.955 6.961 6.966 6.972 6.977
5.983 5.991 5.999 6.007 6.016 6.025 6.034 6.044 6.053 6.063 6.073 6.083 6.093 6.103 6.114 6.124 6.135 6.146 6.157 6.169 6.181 6.193 6.206 6.219 6.232 6.246 6.260 6.275 6.292 6.309 6.328 6.348 6.368 6.390 6.412 6.435 6.458 6.482 6.507 6.531 6.555 6.579 6.603 6.626 6.648 6.669 6.690 6.709 6.726 6.742 6.757 6.771 6.784 6.797 6.809 6.821 6.831 6.842 6.852 6.861 6.870 6.879 6.887 6.895 6.902 6.910 6.917 6.924 6.931 6.938 6.944 6.950 6.955 6.961 6.966 6.972 6.978
5.994 6.002 6.009 6.018 6.026 6.035 6.044 6.053 6.062 6.071 6.081 6.090 6.100 6.110 6.119 6.129 6.139 6.150 6.160 6.171 6.182 6.193 6.204 6.216 6.228 6.240 6.252 6.266 6.280 6.296 6.312 6.329 6.347 6.366 6.386 6.407 6.429 6.451 6.474 6.497 6.521 6.544 6.568 6.592 6.615 6.637 6.660 6.680 6.699 6.717 6.734 6.751 6.766 6.781 6.795 6.808 6.820 6.832 6.843 6.853 6.863 6.873 6.882 6.891 6.899 6.907 6.914 6.922 6.929 6.937 6.943 6.949 6.954 6.960 6.966 6.971 6.977
6.004 6.013 6.020 6.028 6.036 6.045 6.053 6.062 6.071 6.080 6.089 6.098 6.107 6.117 6.126 6.136 6.145 6.155 6.165 6.175 6.185 6.195 6.206 6.217 6.227 6.238 6.249 6.261 6.273 6.287 6.301 6.316 6.332 6.349 6.367 6.385 6.405 6.425 6.446 6.467 6.489 6.512 6.534 6.557 6.581 6.604 6.626 6.648 6.668 6.688 6.707 6.725 6.743 6.759 6.775 6.790 6.804 6.817 6.830 6.842 6.853 6.864 6.874 6.883 6.893 6.901 6.910 6.918 6.925 6.933 6.940 6.946 6.952 6.958 6.964 6.970 6.976
6.015 6.023 6.030 6.038 6.047 6.055 6.063 6.072 6.081 6.089 6.098 6.107 6.116 6.125 6.134 6.143 6.152 6.161 6.171 6.180 6.189 6.199 6.209 6.219 6.229 6.238 6.248 6.259 6.270 6.282 6.295 6.309 6.323 6.338 6.353 6.370 6.387 6.405 6.423 6.443 6.463 6.484 6.505 6.526 6.548 6.571 6.593 6.615 6.635 6.656 6.676 6.695 6.714 6.733 6.750 6.767 6.783 6.798 6.812 6.826 6.839 6.851 6.862 6.873 6.883 6.893 6.902 6.911 6.920 6.928 6.935 6.942 6.948 6.954 6.961 6.967 6.973
6.025 6.033 6.041 6.048 6.057 6.065 6.073 6.082 6.090 6.099 6.107 6.116 6.125 6.133 6.142 6.151 6.160 6.169 6.177 6.186 6.195 6.205 6.214 6.224 6.232 6.241 6.250 6.260 6.270 6.281 6.293 6.305 6.317 6.331 6.345 6.359 6.375 6.391 6.407 6.425 6.443 6.461 6.481 6.500 6.521 6.542 6.563 6.584 6.604 6.624 6.644 6.664 6.684 6.703 6.722 6.740 6.758 6.774 6.790 6.806 6.820 6.834 6.847 6.859 6.870 6.881 6.892 6.902 6.911 6.920 6.929 6.936 6.942 6.949 6.956 6.962 6.969
6.034 6.042 6.050 6.058 6.066 6.075 6.083 6.092 6.100 6.108 6.117 6.125 6.134 6.142 6.151 6.159 6.168 6.176 6.185 6.194 6.202 6.211 6.220 6.229 6.237 6.245 6.254 6.263 6.272 6.282 6.293 6.304 6.315 6.327 6.340 6.353 6.367 6.381 6.396 6.412 6.428 6.445 6.462 6.480 6.499 6.518 6.537 6.557 6.575 6.594 6.614 6.633 6.653 6.673 6.692 6.711 6.729 6.747 6.765 6.782 6.798 6.813 6.827 6.841 6.854 6.866 6.878 6.889 6.900 6.910 6.919 6.927 6.935 6.942 6.949 6.957 6.964
6.043 6.051 6.059 6.068 6.076 6.084 6.093 6.101 6.109 6.118 6.126 6.134 6.143 6.151 6.160 6.168 6.176 6.185 6.193 6.201 6.210 6.218 6.227 6.236 6.243 6.251 6.259 6.267 6.276 6.285 6.295 6.305 6.316 6.327 6.338 6.350 6.363 6.376 6.389 6.403 6.418 6.433 6.449 6.465 6.482 6.499 6.517 6.535 6.552 6.570 6.588 6.606 6.625 6.644 6.663 6.682 6.701 6.719 6.737 6.755 6.772 6.789 6.805 6.820 6.835 6.848 6.862 6.874 6.886 6.898 6.908 6.917 6.925 6.933 6.941 6.949 6.957
