version1/TsunamiDB/out54127.asc
ncols          264
nrows          230
xllcorner      497853.4375
yllcorner      4229146.0000
cellsize         5.
NODATA_value   -99
[rows 34 to 67 of 230, columns 154 to 230 of 264]
6.419 6.426 6.433 6.439 6.446 6.452 6.458 6.464 6.469 6.475 6.480 6.485 6.490 6.495 6.499 6.504 6.508 6.512 6.516 6.520 6.524 6.527 6.530 6.533 6.535 6.538 6.540 6.543 6.546 6.549 6.552 6.555 6.558 6.562 6.565 6.569 6.573 6.577 6.581 6.585 6.589 6.594 6.598 6.603 6.608 6.612 6.616 6.620 6.623 6.627 6.631 6.635 6.639 6.643 6.646 6.650 6.654 6.658 6.661 6.665 6.668 6.671 6.674 6.677 6.680 6.682 6.684 6.685 6.684 6.682 6.679 6.674 6.668 6.661 6.653 6.647 6.642
6.424 6.430 6.437 6.444 6.450 6.456 6.462 6.468 6.474 6.479 6.485 6.490 6.495 6.500 6.504 6.508 6.513 6.517 6.520 6.524 6.528 6.532 6.535 6.537 6.540 6.542 6.545 6.547 6.550 6.553 6.555 6.559 6.562 6.565 6.569 6.572 6.576 6.580 6.584 6.588 6.592 6.596 6.601 6.606 6.610 6.614 6.618 6.622 6.626 6.630 6.633 6.637 6.641 6.645 6.649 6.652 6.656 6.660 6.663 6.667 6.670 6.673 6.676 6.679 6.682 6.684 6.686 6.687 6.686 6.684 6.680 6.674 6.666 6.658 6.650 6.643 6.637
6.428 6.435 6.441 6.448 6.454 6.460 6.467 6.472 6.478 6.484 6.489 6.494 6.499 6.504 6.509 6.513 6.517 6.521 6.525 6.529 6.533 6.537 6.539 6.542 6.544 6.547 6.549 6.551 6.554 6.557 6.559 6.562 6.566 6.569 6.572 6.576 6.579 6.583 6.587 6.591 6.595 6.599 6.604 6.609 6.613 6.617 6.621 6.625 6.628 6.632 6.636 6.640 6.643 6.647 6.651 6.655 6.658 6.662 6.666 6.669 6.672 6.676 6.679 6.681 6.684 6.686 6.688 6.689 6.688 6.685 6.680 6.674 6.665 6.656 6.647 6.639 6.632
6.432 6.439 6.446 6.452 6.459 6.465 6.471 6.477 6.483 6.488 6.494 6.499 6.504 6.509 6.514 6.518 6.522 6.526 6.530 6.534 6.538 6.541 6.544 6.547 6.549 6.551 6.554 6.556 6.558 6.561 6.564 6.566 6.569 6.573 6.576 6.579 6.583 6.587 6.590 6.594 6.598 6.602 6.607 6.612 6.616 6.620 6.624 6.627 6.631 6.635 6.638 6.642 6.646 6.650 6.653 6.657 6.661 6.664 6.668 6.671 6.675 6.678 6.681 6.683 6.686 6.688 6.690 6.690 6.689 6.686 6.681 6.673 6.664 6.654 6.644 6.635 6.628
6.437 6.444 6.450 6.457 6.463 6.470 6.476 6.482 6.488 6.493 6.499 6.504 6.509 6.514 6.518 6.523 6.527 6.531 6.535 6.539 6.543 6.546 6.549 6.552 6.554 6.556 6.558 6.561 6.563 6.565 6.568 6.571 6.574 6.577 6.580 6.583 6.586 6.590 6.594 6.598 6.601 6.606 6.610 6.615 6.619 6.623 6.626 6.630 6.634 6.637 6.641 6.645 6.648 6.652 6.656 6.659 6.663 6.667 6.670 6.674 6.677 6.680 6.683 6.686 6.688 6.690 6.692 6.692 6.690 6.687 6.681 6.672 6.662 6.651 6.641 6.631 6.625
6.442 6.448 6.455 6.462 6.468 6.474 6.481 6.487 6.492 6.498 6.504 6.509 6.514 6.519 6.524 6.528 6.532 6.536 6.540 6.544 6.548 6.552 6.554 6.557 6.559 6.561 6.563 6.565 6.568 6.570 6.572 6.575 6.578 6.581 6.584 6.587 6.590 6.594 6.597 6.601 6.605 6.609 6.613 6.618 6.622 6.626 6.630 6.633 6.637 6.640 6.644 6.648 6.651 6.655 6.659 6.662 6.666 6.669 6.673 6.676 6.679 6.682 6.685 6.688 6.690 6.692 6.694 6.693 6.691 6.687 6.681 6.672 6.661 6.649 6.638 6.628 6.621
6.446 6.453 6.460 6.467 6.473 6.479 6.486 6.492 6.498 6.503 6.509 6.514 6.519 6.524 6.529 6.533 6.538 6.542 6.546 6.550 6.554 6.557 6.560 6.562 6.564 6.566 6.568 6.571 6.573 6.575 6.577 6.580 6.582 6.585 6.588 6.591 6.594 6.598 6.601 6.605 6.609 6.613 6.617 6.621 6.626 6.629 6.633 6.636 6.640 6.644 6.647 6.651 6.654 6.658 6.661 6.665 6.669 6.672 6.675 6.679 6.682 6.685 6.688 6.690 6.692 6.694 6.695 6.695 6.692 6.688 6.681 6.671 6.659 6.647 6.636 6.625 6.618
6.451 6.458 6.465 6.472 6.478 6.485 6.491 6.497 6.503 6.509 6.514 6.519 6.525 6.530 6.534 6.539 6.543 6.547 6.551 6.555 6.559 6.563 6.565 6.568 6.570 6.572 6.574 6.576 6.578 6.580 6.582 6.585 6.587 6.590 6.592 6.595 6.599 6.602 6.605 6.609 6.612 6.616 6.621 6.625 6.629 6.633 6.636 6.640 6.643 6.647 6.651 6.654 6.658 6.661 6.665 6.668 6.672 6.675 6.678 6.681 6.685 6.687 6.690 6.692 6.694 6.696 6.697 6.696 6.693 6.689 6.681 6.671 6.659 6.646 6.634 6.623 6.616
6.456 6.463 6.470 6.477 6.483 6.490 6.496 6.502 6.508 6.514 6.520 6.525 6.530 6.535 6.540 6.544 6.549 6.553 6.557 6.561 6.565 6.568 6.571 6.573 6.575 6.577 6.579 6.581 6.583 6.585 6.587 6.590 6.592 6.595 6.597 6.600 6.603 6.606 6.609 6.613 6.617 6.620 6.625 6.629 6.633 6.637 6.640 6.644 6.647 6.651 6.654 6.658 6.661 6.665 6.668 6.671 6.675 6.678 6.681 6.684 6.687 6.690 6.693 6.695 6.697 6.698 6.699 6.697 6.695 6.690 6.682 6.671 6.658 6.645 6.632 6.621 6.614
6.461 6.468 6.475 6.482 6.489 6.495 6.501 6.508 6.514 6.520 6.525 6.531 6.536 6.541 6.546 6.550 6.555 6.559 6.563 6.567 6.571 6.575 6.577 6.579 6.581 6.583 6.585 6.587 6.589 6.591 6.593 6.595 6.597 6.600 6.602 6.605 6.608 6.611 6.614 6.617 6.621 6.625 6.629 6.634 6.637 6.641 6.644 6.648 6.651 6.654 6.658 6.661 6.665 6.668 6.672 6.675 6.678 6.682 6.685 6.688 6.690 6.693 6.695 6.697 6.699 6.700 6.701 6.699 6.696 6.691 6.683 6.671 6.657 6.644 6.631 6.620 6.613
6.466 6.473 6.480 6.487 6.494 6.500 6.507 6.513 6.519 6.525 6.531 6.537 6.542 6.547 6.552 6.556 6.561 6.565 6.569 6.574 6.578 6.581 6.583 6.586 6.588 6.590 6.592 6.593 6.595 6.597 6.599 6.601 6.603 6.605 6.608 6.610 6.613 6.616 6.619 6.622 6.626 6.630 6.634 6.638 6.641 6.645 6.648 6.652 6.655 6.659 6.662 6.665 6.669 6.672 6.676 6.679 6.682 6.685 6.688 6.691 6.694 6.696 6.698 6.700 6.702 6.703 6.703 6.701 6.698 6.693 6.684 6.672 6.658 6.644 6.631 6.619 6.614
6.471 6.478 6.485 6.492 6.499 6.506 6.512 6.519 6.525 6.531 6.537 6.543 6.548 6.553 6.558 6.563 6.567 6.572 6.576 6.580 6.584 6.587 6.590 6.592 6.594 6.596 6.598 6.600 6.601 6.603 6.605 6.607 6.609 6.611 6.613 6.616 6.619 6.621 6.624 6.628 6.631 6.635 6.639 6.643 6.646 6.650 6.653 6.656 6.660 6.663 6.666 6.670 6.673 6.676 6.680 6.683 6.686 6.689 6.692 6.695 6.697 6.699 6.701 6.703 6.704 6.705 6.705 6.703 6.700 6.695 6.686 6.673 6.658 6.644 6.631 6.620 6.616
6.476 6.483 6.491 6.498 6.505 6.511 6.518 6.525 6.531 6.537 6.543 6.549 6.554 6.559 6.564 6.569 6.574 6.578 6.583 6.587 6.591 6.594 6.597 6.599 6.601 6.603 6.605 6.607 6.608 6.610 6.612 6.613 6.615 6.617 6.620 6.622 6.624 6.627 6.630 6.633 6.636 6.640 6.644 6.648 6.651 6.655 6.658 6.661 6.665 6.668 6.671 6.674 6.678 6.681 6.684 6.687 6.690 6.693 6.696 6.699 6.701 6.703 6.705 6.706 6.707 6.708 6.708 6.706 6.703 6.697 6.688 6.675 6.659 6.645 6.632 6.623 6.620
6.481 6.489 6.496 6.503 6.510 6.517 6.524 6.530 6.537 6.543 6.549 6.555 6.560 6.566 6.571 6.576 6.580 6.585 6.589 6.594 6.598 6.601 6.604 6.606 6.608 6.610 6.612 6.614 6.615 6.617 6.618 6.620 6.622 6.624 6.626 6.628 6.631 6.633 6.636 6.639 6.642 6.646 6.650 6.653 6.657 6.660 6.663 6.666 6.670 6.673 6.676 6.679 6.683 6.686 6.689 6.692 6.695 6.698 6.700 6.703 6.705 6.707 6.708 6.710 6.711 6.711 6.711 6.709 6.706 6.700 6.690 6.677 6.661 6.648 6.636 6.627 6.627
6.486 6.493 6.501 6.508 6.515 6.522 6.529 6.536 6.542 6.549 6.555 6.561 6.567 6.572 6.577 6.582 6.587 6.592 6.596 6.601 6.605 6.608 6.611 6.613 6.615 6.617 6.619 6.621 6.623 6.624 6.626 6.627 6.629 6.631 6.633 6.635 6.637 6.640 6.642 6.645 6.648 6.652 6.656 6.659 6.662 6.666 6.669 6.672 6.675 6.678 6.681 6.685 6.688 6.691 6.694 6.697 6.699 6.702 6.705 6.707 6.709 6.711 6.712 6.713 6.714 6.715 6.714 6.712 6.709 6.703 6.694 6.680 6.665 6.652 6.642 6.635 6.636
6.491 6.498 6.506 6.513 6.520 6.527 6.534 6.541 6.548 6.554 6.561 6.567 6.573 6.578 6.584 6.589 6.594 6.599 6.603 6.608 6.612 6.615 6.618 6.621 6.623 6.625 6.627 6.629 6.630 6.632 6.633 6.635 6.636 6.638 6.640 6.642 6.644 6.647 6.649 6.652 6.655 6.658 6.662 6.665 6.669 6.672 6.675 6.678 6.681 6.684 6.687 6.690 6.693 6.696 6.699 6.702 6.704 6.707 6.709 6.712 6.714 6.715 6.717 6.718 6.718 6.719 6.718 6.717 6.713 6.708 6.698 6.685 6.670 6.659 6.650 6.645 6.649
6.496 6.503 6.511 6.518 6.525 6.532 6.540 6.547 6.553 6.560 6.567 6.573 6.579 6.585 6.590 6.596 6.601 6.606 6.610 6.615 6.619 6.623 6.626 6.628 6.631 6.633 6.635 6.636 6.638 6.639 6.641 6.643 6.644 6.646 6.648 6.650 6.652 6.654 6.656 6.659 6.662 6.665 6.669 6.672 6.675 6.678 6.681 6.684 6.687 6.690 6.693 6.696 6.699 6.702 6.704 6.707 6.710 6.712 6.714 6.717 6.718 6.720 6.721 6.722 6.723 6.723 6.723 6.721 6.718 6.713 6.704 6.691 6.678 6.667 6.660 6.658 6.664
6.500 6.508 6.515 6.523 6.530 6.538 6.545 6.552 6.559 6.566 6.572 6.579 6.585 6.591 6.597 6.602 6.607 6.612 6.617 6.622 6.627 6.630 6.633 6.636 6.638 6.641 6.643 6.644 6.646 6.647 6.649 6.651 6.652 6.654 6.655 6.657 6.659 6.661 6.664 6.666 6.669 6.672 6.676 6.679 6.682 6.685 6.688 6.690 6.693 6.696 6.699 6.702 6.705 6.708 6.710 6.713 6.715 6.718 6.720 6.722 6.724 6.725 6.726 6.727 6.728 6.729 6.728 6.727 6.724 6.719 6.711 6.699 6.687 6.678 6.673 6.672 6.680
6.505 6.512 6.520 6.527 6.535 6.542 6.550 6.557 6.564 6.571 6.578 6.584 6.591 6.597 6.603 6.608 6.614 6.619 6.624 6.629 6.634 6.638 6.641 6.644 6.646 6.648 6.651 6.652 6.654 6.656 6.657 6.659 6.660 6.662 6.664 6.665 6.667 6.669 6.671 6.674 6.677 6.680 6.683 6.686 6.689 6.692 6.694 6.697 6.700 6.703 6.706 6.708 6.711 6.714 6.716 6.719 6.721 6.723 6.726 6.727 6.729 6.731 6.732 6.733 6.734 6.735 6.734 6.733 6.731 6.727 6.719 6.708 6.697 6.690 6.687 6.688 6.698
6.509 6.517 6.525 6.532 6.540 6.547 6.555 6.562 6.569 6.576 6.583 6.590 6.596 6.603 6.609 6.615 6.620 6.626 6.631 6.636 6.641 6.645 6.648 6.651 6.654 6.656 6.659 6.660 6.662 6.664 6.666 6.667 6.669 6.670 6.672 6.674 6.675 6.677 6.679 6.682 6.684 6.687 6.691 6.694 6.696 6.699 6.702 6.704 6.707 6.710 6.712 6.715 6.718 6.720 6.723 6.725 6.727 6.730 6.732 6.733 6.735 6.737 6.738 6.739 6.740 6.741 6.741 6.741 6.739 6.736 6.729 6.719 6.709 6.704 6.702 6.705 6.717
6.514 6.522 6.529 6.537 6.544 6.552 6.559 6.567 6.574 6.581 6.588 6.595 6.602 6.608 6.615 6.621 6.627 6.632 6.638 6.643 6.648 6.652 6.656 6.659 6.662 6.664 6.667 6.669 6.671 6.672 6.674 6.676 6.677 6.679 6.680 6.682 6.684 6.686 6.688 6.690 6.692 6.695 6.698 6.701 6.704 6.707 6.709 6.712 6.714 6.717 6.719 6.722 6.725 6.727 6.729 6.732 6.734 6.736 6.738 6.740 6.742 6.743 6.745 6.746 6.747 6.749 6.749 6.749 6.748 6.745 6.740 6.731 6.722 6.719 6.718 6.722 6.735
6.519 6.526 6.534 6.541 6.549 6.556 6.564 6.571 6.579 6.586 6.593 6.600 6.607 6.614 6.620 6.627 6.633 6.638 6.644 6.650 6.655 6.659 6.663 6.666 6.669 6.672 6.675 6.677 6.679 6.681 6.682 6.684 6.686 6.687 6.689 6.691 6.692 6.694 6.696 6.698 6.701 6.703 6.707 6.709 6.712 6.714 6.717 6.719 6.722 6.724 6.727 6.729 6.732 6.734 6.737 6.739 6.741 6.743 6.745 6.747 6.749 6.750 6.752 6.753 6.755 6.757 6.758 6.758 6.758 6.757 6.752 6.745 6.737 6.734 6.735 6.740 6.754
6.523 6.531 6.538 6.546 6.553 6.561 6.569 6.576 6.584 6.591 6.598 6.606 6.613 6.619 6.626 6.632 6.639 6.645 6.650 6.656 6.662 6.666 6.670 6.674 6.677 6.680 6.682 6.685 6.687 6.689 6.691 6.693 6.694 6.696 6.697 6.699 6.701 6.703 6.705 6.707 6.709 6.712 6.715 6.718 6.720 6.722 6.725 6.727 6.730 6.732 6.734 6.737 6.739 6.742 6.744 6.746 6.748 6.751 6.753 6.755 6.756 6.758 6.760 6.762 6.764 6.766 6.767 6.769 6.769 6.769 6.765 6.759 6.752 6.750 6.752 6.758 6.773
6.528 6.535 6.543 6.550 6.558 6.565 6.573 6.581 6.588 6.596 6.603 6.611 6.618 6.625 6.631 6.638 6.644 6.650 6.657 6.663 6.668 6.673 6.677 6.681 6.684 6.687 6.690 6.693 6.695 6.697 6.699 6.701 6.703 6.704 6.706 6.708 6.710 6.711 6.713 6.715 6.718 6.720 6.723 6.726 6.728 6.731 6.733 6.735 6.738 6.740 6.742 6.745 6.747 6.750 6.752 6.754 6.756 6.759 6.761 6.763 6.765 6.767 6.769 6.771 6.774 6.776 6.778 6.780 6.782 6.782 6.779 6.774 6.768 6.767 6.770 6.776 6.792
6.533 6.540 6.547 6.555 6.562 6.570 6.578 6.585 6.593 6.601 6.608 6.615 6.623 6.630 6.637 6.643 6.650 6.656 6.663 6.669 6.675 6.679 6.684 6.688 6.691 6.695 6.698 6.700 6.703 6.705 6.707 6.709 6.711 6.713 6.715 6.717 6.718 6.720 6.722 6.724 6.727 6.729 6.732 6.735 6.737 6.739 6.741 6.744 6.746 6.748 6.751 6.753 6.755 6.758 6.760 6.762 6.765 6.767 6.769 6.772 6.774 6.776 6.779 6.781 6.784 6.787 6.790 6.793 6.795 6.796 6.795 6.790 6.785 6.785 6.789 6.796 6.812
6.538 6.545 6.552 6.559 6.567 6.575 6.582 6.590 6.598 6.605 6.613 6.620 6.627 6.635 6.642 6.649 6.655 6.662 6.668 6.675 6.681 6.686 6.690 6.694 6.698 6.702 6.705 6.708 6.711 6.713 6.716 6.718 6.720 6.722 6.723 6.725 6.727 6.729 6.731 6.733 6.735 6.738 6.741 6.743 6.746 6.748 6.750 6.752 6.755 6.757 6.759 6.762 6.764 6.766 6.769 6.771 6.774 6.776 6.779 6.781 6.784 6.786 6.789 6.792 6.796 6.799 6.803 6.806 6.809 6.812 6.811 6.807 6.802 6.804 6.808 6.816 6.834
6.543 6.550 6.557 6.564 6.572 6.579 6.587 6.594 6.602 6.610 6.617 6.625 6.632 6.640 6.647 6.654 6.661 6.667 6.674 6.681 6.687 6.692 6.697 6.701 6.705 6.709 6.712 6.716 6.718 6.721 6.724 6.726 6.728 6.730 6.732 6.734 6.736 6.738 6.740 6.742 6.744 6.747 6.750 6.752 6.754 6.756 6.759 6.761 6.763 6.766 6.768 6.770 6.773 6.775 6.778 6.780 6.783 6.786 6.788 6.791 6.794 6.797 6.800 6.804 6.808 6.812 6.816 6.821 6.825 6.828 6.828 6.825 6.821 6.823 6.829 6.838 6.856
6.548 6.555 6.562 6.569 6.576 6.584 6.591 6.599 6.607 6.614 6.622 6.630 6.637 6.644 6.652 6.659 6.666 6.673 6.680 6.686 6.693 6.698 6.703 6.708 6.712 6.716 6.719 6.723 6.726 6.729 6.731 6.734 6.736 6.738 6.740 6.742 6.744 6.746 6.748 6.751 6.753 6.756 6.759 6.761 6.763 6.765 6.768 6.770 6.772 6.775 6.777 6.780 6.782 6.785 6.787 6.790 6.793 6.796 6.799 6.802 6.805 6.809 6.812 6.817 6.821 6.826 6.831 6.836 6.841 6.845 6.846 6.844 6.841 6.844 6.850 6.860 6.879
6.554 6.560 6.567 6.574 6.581 6.589 6.596 6.604 6.612 6.619 6.627 6.634 6.642 6.649 6.657 6.664 6.671 6.678 6.685 6.692 6.698 6.704 6.709 6.714 6.718 6.722 6.726 6.730 6.733 6.736 6.739 6.742 6.744 6.746 6.749 6.751 6.753 6.755 6.757 6.759 6.762 6.765 6.768 6.770 6.772 6.774 6.777 6.779 6.781 6.784 6.787 6.789 6.792 6.795 6.797 6.800 6.804 6.807 6.810 6.814 6.817 6.821 6.825 6.830 6.835 6.841 6.846 6.852 6.858 6.863 6.865 6.863 6.861 6.864 6.871 6.881 6.901
6.560 6.566 6.573 6.579 6.586 6.594 6.601 6.609 6.616 6.624 6.632 6.639 6.647 6.654 6.662 6.669 6.676 6.683 6.691 6.698 6.704 6.710 6.715 6.720 6.725 6.729 6.733 6.737 6.740 6.744 6.747 6.749 6.752 6.755 6.757 6.759 6.761 6.764 6.766 6.768 6.771 6.774 6.776 6.779 6.781 6.783 6.786 6.788 6.791 6.793 6.796 6.799 6.802 6.805 6.808 6.811 6.815 6.818 6.822 6.826 6.830 6.834 6.839 6.844 6.850 6.856 6.862 6.869 6.876 6.882 6.884 6.883 6.881 6.885 6.892 6.902 6.922
6.565 6.572 6.578 6.585 6.592 6.599 6.606 6.614 6.621 6.629 6.636 6.644 6.652 6.659 6.667 6.674 6.681 6.689 6.696 6.703 6.710 6.715 6.721 6.726 6.731 6.735 6.740 6.744 6.747 6.751 6.754 6.757 6.760 6.762 6.765 6.767 6.770 6.772 6.774 6.777 6.779 6.782 6.785 6.788 6.790 6.793 6.795 6.798 6.800 6.803 6.806 6.809 6.812 6.815 6.819 6.822 6.826 6.830 6.834 6.838 6.843 6.848 6.853 6.859 6.866 6.872 6.879 6.886 6.894 6.901 6.904 6.903 6.902 6.905 6.913 6.923 6.942
6.571 6.577 6.584 6.590 6.597 6.604 6.611 6.619 6.626 6.634 6.641 6.649 6.656 6.664 6.671 6.679 6.686 6.694 6.702 6.709 6.715 6.721 6.727 6.732 6.737 6.742 6.746 6.750 6.754 6.758 6.761 6.764 6.767 6.770 6.773 6.775 6.778 6.780 6.783 6.785 6.788 6.791 6.794 6.797 6.799 6.802 6.804 6.807 6.810 6.813 6.816 6.819 6.823 6.826 6.830 6.834 6.838 6.842 6.847 6.851 6.857 6.862 6.868 6.874 6.881 6.889 6.896 6.904 6.913 6.920 6.924 6.923 6.921 6.925 6.932 6.942 6.961
6.577 6.583 6.589 6.596 6.602 6.609 6.616 6.624 6.631 6.639 6.646 6.654 6.661 6.669 6.676 6.684 6.691 6.699 6.707 6.714 6.720 6.726 6.732 6.738 6.743 6.748 6.752 6.757 6.761 6.765 6.768 6.772 6.775 6.778 6.781 6.783 6.786 6.788 6.791 6.794 6.797 6.800 6.803 6.806 6.808 6.811 6.814 6.817 6.820 6.823 6.826 6.830 6.833 6.837 6.841 6.846 6.850 6.855 6.860 6.865 6.871 6.877 6.883 6.890 6.898 6.906 6.914 6.922 6.931 6.939 6.943 6.943 6.940 6.945 6.951 6.961 6.979
6.583 6.589 6.595 6.601 6.608 6.615 6.622 6.629 6.636 6.644 6.651 6.659 6.666 6.674 6.681 6.689 6.697 6.704 6.712 6.719 6.726 6.732 6.738 6.743 6.749 6.754 6.759 6.763 6.767 6.771 6.775 6.779 6.782 6.785 6.788 6.791 6.794 6.797 6.799 6.802 6.805 6.809 6.812 6.814 6.817 6.820 6.823 6.826 6.830 6.833 6.837 6.840 6.844 6.849 6.853 6.858 6.863 6.868 6.873 6.879 6.885 6.892 6.899 6.906 6.914 6.923 6.932 6.941 6.950 6.958 6.962 6.962 6.960 6.965 6.971 6.980 6.998
