version1/TsunamiDB/out54055.asc
ncols          264
nrows          230
xllcorner      497853.4375
yllcorner      4229146.0000
cellsize         5.
NODATA_value   -99
[rows 33 to 65 of 230, columns 148 to 221 of 264]
5.170 5.194 5.218 5.241 5.263 5.284 5.306 5.328 5.350 5.371 5.393 5.414 5.436 5.458 5.480 5.503 5.526 5.549 5.572 5.595 5.619 5.643 5.667 5.691 5.715 5.738 5.762 5.784 5.806 5.828 5.850 5.871 5.892 5.911 5.930 5.947 5.963 5.978 5.993 6.006 6.018 6.031 6.043 6.055 6.068 6.081 6.095 6.110 6.126 6.143 6.160 6.177 6.195 6.214 6.232 6.251 6.269 6.286 6.303 6.320 6.336 6.351 6.365 6.379 6.393 6.407 6.420 6.434 6.449 6.465 6.481 6.500 6.519 6.540
5.184 5.208 5.231 5.254 5.276 5.297 5.318 5.339 5.360 5.381 5.402 5.423 5.444 5.465 5.486 5.508 5.530 5.552 5.575 5.598 5.621 5.644 5.667 5.691 5.715 5.738 5.762 5.785 5.806 5.829 5.851 5.872 5.893 5.913 5.932 5.950 5.967 5.983 5.998 6.012 6.025 6.037 6.049 6.062 6.074 6.086 6.100 6.114 6.129 6.145 6.161 6.178 6.196 6.214 6.232 6.251 6.270 6.288 6.305 6.322 6.339 6.354 6.369 6.384 6.398 6.412 6.426 6.440 6.454 6.470 6.486 6.504 6.523 6.543
5.199 5.223 5.246 5.268 5.289 5.310 5.331 5.352 5.372 5.392 5.412 5.432 5.452 5.473 5.493 5.514 5.535 5.556 5.578 5.600 5.623 5.645 5.668 5.692 5.715 5.738 5.762 5.784 5.806 5.829 5.851 5.872 5.894 5.914 5.934 5.952 5.970 5.987 6.002 6.017 6.030 6.043 6.056 6.068 6.080 6.092 6.105 6.118 6.133 6.148 6.163 6.179 6.196 6.214 6.233 6.252 6.270 6.289 6.307 6.324 6.341 6.358 6.373 6.388 6.403 6.417 6.431 6.445 6.460 6.475 6.491 6.508 6.527 6.546
5.215 5.238 5.261 5.283 5.304 5.324 5.345 5.365 5.385 5.405 5.424 5.444 5.463 5.482 5.502 5.521 5.541 5.562 5.583 5.604 5.625 5.647 5.670 5.692 5.715 5.738 5.761 5.784 5.805 5.828 5.850 5.872 5.893 5.914 5.934 5.953 5.972 5.989 6.005 6.020 6.035 6.048 6.061 6.073 6.085 6.098 6.110 6.123 6.137 6.151 6.166 6.181 6.198 6.216 6.234 6.253 6.271 6.290 6.308 6.326 6.344 6.361 6.377 6.393 6.408 6.422 6.436 6.451 6.465 6.480 6.496 6.513 6.531 6.551
5.230 5.253 5.276 5.298 5.319 5.339 5.359 5.379 5.399 5.418 5.437 5.456 5.475 5.493 5.512 5.531 5.550 5.569 5.588 5.609 5.629 5.650 5.672 5.693 5.716 5.738 5.761 5.783 5.805 5.827 5.849 5.871 5.893 5.914 5.934 5.954 5.972 5.990 6.007 6.023 6.038 6.052 6.065 6.078 6.091 6.103 6.115 6.128 6.141 6.155 6.169 6.184 6.200 6.218 6.236 6.254 6.273 6.292 6.311 6.329 6.347 6.364 6.381 6.397 6.413 6.428 6.443 6.457 6.472 6.487 6.503 6.520 6.538 6.556
5.246 5.269 5.291 5.313 5.334 5.354 5.374 5.394 5.414 5.433 5.452 5.470 5.488 5.506 5.524 5.542 5.559 5.578 5.596 5.615 5.634 5.654 5.675 5.696 5.717 5.739 5.761 5.783 5.804 5.826 5.848 5.870 5.892 5.913 5.933 5.953 5.973 5.991 6.008 6.025 6.041 6.055 6.069 6.083 6.096 6.108 6.121 6.133 6.146 6.160 6.174 6.188 6.204 6.221 6.238 6.257 6.276 6.295 6.314 6.332 6.351 6.369 6.386 6.403 6.419 6.435 6.450 6.465 6.480 6.495 6.511 6.528 6.546 6.564
5.262 5.285 5.307 5.329 5.349 5.369 5.390 5.410 5.429 5.448 5.467 5.485 5.503 5.520 5.537 5.554 5.571 5.588 5.606 5.623 5.642 5.660 5.679 5.699 5.720 5.740 5.762 5.783 5.804 5.825 5.847 5.869 5.891 5.912 5.933 5.953 5.973 5.991 6.009 6.027 6.043 6.058 6.073 6.087 6.100 6.113 6.126 6.139 6.152 6.166 6.179 6.193 6.208 6.225 6.243 6.261 6.279 6.298 6.318 6.337 6.356 6.374 6.393 6.410 6.427 6.443 6.459 6.474 6.489 6.505 6.521 6.538 6.555 6.573
5.278 5.300 5.322 5.344 5.365 5.385 5.405 5.425 5.445 5.464 5.483 5.501 5.519 5.536 5.552 5.569 5.585 5.601 5.617 5.634 5.651 5.668 5.686 5.705 5.724 5.744 5.764 5.784 5.804 5.825 5.847 5.869 5.890 5.911 5.932 5.953 5.973 5.992 6.010 6.028 6.045 6.061 6.077 6.091 6.105 6.119 6.132 6.145 6.158 6.172 6.185 6.199 6.214 6.231 6.248 6.266 6.285 6.304 6.323 6.343 6.362 6.381 6.400 6.418 6.436 6.453 6.469 6.485 6.501 6.516 6.533 6.550 6.567 6.585
5.294 5.316 5.338 5.360 5.380 5.400 5.421 5.441 5.461 5.480 5.499 5.517 5.535 5.552 5.569 5.585 5.600 5.616 5.631 5.647 5.662 5.679 5.695 5.712 5.730 5.749 5.768 5.787 5.806 5.827 5.848 5.869 5.890 5.911 5.932 5.953 5.973 5.993 6.012 6.030 6.047 6.064 6.080 6.095 6.110 6.124 6.138 6.152 6.165 6.179 6.192 6.206 6.221 6.237 6.255 6.273 6.291 6.311 6.330 6.350 6.370 6.390 6.409 6.428 6.446 6.464 6.481 6.498 6.514 6.530 6.547 6.564 6.581 6.599
5.310 5.332 5.354 5.375 5.395 5.415 5.436 5.456 5.476 5.496 5.515 5.534 5.552 5.569 5.586 5.602 5.617 5.632 5.647 5.662 5.676 5.691 5.707 5.722 5.739 5.756 5.774 5.791 5.810 5.829 5.850 5.870 5.891 5.912 5.933 5.954 5.974 5.994 6.013 6.032 6.050 6.067 6.084 6.100 6.115 6.130 6.144 6.159 6.173 6.187 6.199 6.214 6.229 6.246 6.263 6.281 6.300 6.319 6.339 6.359 6.380 6.400 6.420 6.440 6.459 6.477 6.495 6.512 6.529 6.546 6.563 6.580 6.597 6.615
5.327 5.348 5.369 5.391 5.411 5.431 5.451 5.472 5.492 5.512 5.531 5.550 5.568 5.586 5.603 5.619 5.635 5.650 5.664 5.678 5.692 5.706 5.720 5.735 5.750 5.766 5.782 5.798 5.816 5.834 5.854 5.873 5.894 5.914 5.935 5.955 5.976 5.996 6.016 6.035 6.053 6.071 6.088 6.105 6.121 6.136 6.151 6.166 6.181 6.195 6.208 6.223 6.238 6.255 6.272 6.290 6.309 6.329 6.349 6.370 6.391 6.411 6.432 6.453 6.473 6.492 6.511 6.529 6.546 6.563 6.581 6.598 6.615 6.633
5.344 5.365 5.386 5.406 5.426 5.446 5.467 5.487 5.507 5.527 5.547 5.566 5.585 5.603 5.620 5.637 5.653 5.668 5.682 5.696 5.710 5.723 5.737 5.750 5.764 5.778 5.793 5.808 5.824 5.841 5.860 5.879 5.898 5.918 5.938 5.959 5.979 5.999 6.019 6.038 6.057 6.076 6.093 6.111 6.127 6.143 6.159 6.174 6.190 6.204 6.218 6.233 6.249 6.265 6.283 6.301 6.320 6.340 6.361 6.382 6.403 6.424 6.446 6.467 6.488 6.508 6.528 6.547 6.565 6.583 6.601 6.618 6.636 6.653
5.361 5.382 5.402 5.423 5.442 5.462 5.482 5.503 5.523 5.543 5.563 5.582 5.601 5.619 5.637 5.654 5.671 5.686 5.701 5.715 5.729 5.742 5.755 5.768 5.781 5.794 5.807 5.820 5.835 5.851 5.868 5.886 5.904 5.924 5.943 5.963 5.983 6.003 6.023 6.043 6.062 6.081 6.099 6.117 6.134 6.151 6.167 6.183 6.199 6.214 6.228 6.244 6.260 6.277 6.295 6.313 6.332 6.352 6.373 6.395 6.417 6.439 6.461 6.483 6.505 6.526 6.546 6.566 6.585 6.604 6.622 6.640 6.657 6.675
5.380 5.400 5.420 5.440 5.459 5.478 5.498 5.518 5.538 5.558 5.578 5.598 5.617 5.636 5.654 5.671 5.688 5.704 5.720 5.734 5.748 5.762 5.774 5.787 5.799 5.812 5.823 5.835 5.849 5.864 5.879 5.896 5.913 5.931 5.950 5.970 5.989 6.009 6.029 6.049 6.068 6.088 6.106 6.124 6.142 6.159 6.176 6.193 6.209 6.224 6.239 6.255 6.272 6.289 6.307 6.326 6.346 6.366 6.387 6.409 6.431 6.454 6.477 6.500 6.522 6.544 6.566 6.587 6.607 6.626 6.645 6.663 6.681 6.698
5.399 5.418 5.438 5.457 5.476 5.495 5.515 5.534 5.554 5.574 5.594 5.613 5.633 5.652 5.670 5.688 5.706 5.722 5.738 5.754 5.768 5.782 5.795 5.807 5.819 5.831 5.842 5.853 5.866 5.879 5.893 5.908 5.925 5.942 5.960 5.978 5.997 6.017 6.037 6.056 6.076 6.095 6.114 6.133 6.151 6.169 6.186 6.203 6.220 6.236 6.251 6.268 6.285 6.302 6.321 6.340 6.360 6.380 6.402 6.424 6.447 6.470 6.493 6.517 6.540 6.563 6.586 6.608 6.629 6.649 6.668 6.687 6.705 6.722
5.418 5.438 5.457 5.476 5.494 5.512 5.532 5.551 5.570 5.590 5.610 5.629 5.648 5.667 5.686 5.705 5.723 5.740 5.757 5.772 5.787 5.802 5.815 5.828 5.840 5.852 5.863 5.873 5.885 5.897 5.910 5.924 5.939 5.955 5.971 5.989 6.007 6.026 6.046 6.065 6.085 6.104 6.123 6.142 6.161 6.179 6.197 6.214 6.232 6.248 6.264 6.281 6.298 6.316 6.335 6.354 6.375 6.395 6.417 6.440 6.463 6.487 6.511 6.535 6.559 6.583 6.607 6.629 6.651 6.672 6.693 6.712 6.730 6.748
5.439 5.458 5.477 5.495 5.512 5.531 5.550 5.569 5.588 5.607 5.626 5.645 5.664 5.683 5.702 5.721 5.739 5.757 5.774 5.791 5.806 5.821 5.836 5.849 5.862 5.874 5.885 5.895 5.906 5.917 5.929 5.942 5.956 5.970 5.986 6.002 6.020 6.038 6.056 6.075 6.095 6.114 6.133 6.152 6.171 6.190 6.208 6.226 6.244 6.261 6.277 6.295 6.313 6.331 6.350 6.370 6.390 6.411 6.433 6.456 6.480 6.504 6.529 6.554 6.579 6.603 6.628 6.652 6.674 6.697 6.718 6.738 6.757 6.775
5.460 5.479 5.498 5.515 5.532 5.550 5.569 5.587 5.605 5.624 5.643 5.661 5.680 5.699 5.718 5.737 5.755 5.773 5.791 5.808 5.825 5.841 5.856 5.870 5.883 5.896 5.907 5.917 5.928 5.939 5.950 5.962 5.975 5.988 6.003 6.018 6.034 6.051 6.069 6.088 6.106 6.126 6.145 6.164 6.183 6.202 6.220 6.239 6.257 6.275 6.291 6.309 6.327 6.346 6.365 6.385 6.406 6.428 6.450 6.473 6.497 6.522 6.547 6.573 6.598 6.624 6.649 6.674 6.698 6.721 6.743 6.764 6.784 6.803
5.482 5.501 5.519 5.536 5.553 5.571 5.589 5.606 5.624 5.642 5.660 5.679 5.697 5.716 5.734 5.753 5.771 5.790 5.808 5.825 5.842 5.859 5.875 5.890 5.904 5.918 5.929 5.940 5.951 5.962 5.973 5.984 5.996 6.008 6.022 6.036 6.051 6.067 6.084 6.102 6.120 6.139 6.157 6.177 6.196 6.215 6.233 6.252 6.271 6.289 6.306 6.324 6.343 6.362 6.382 6.402 6.423 6.445 6.467 6.491 6.515 6.540 6.566 6.592 6.618 6.644 6.671 6.696 6.721 6.746 6.769 6.791 6.812 6.831
5.504 5.523 5.541 5.558 5.575 5.592 5.610 5.627 5.644 5.662 5.679 5.697 5.715 5.733 5.751 5.769 5.788 5.806 5.824 5.842 5.860 5.877 5.893 5.909 5.924 5.939 5.951 5.963 5.975 5.986 5.997 6.008 6.019 6.031 6.043 6.056 6.070 6.085 6.101 6.118 6.135 6.153 6.172 6.191 6.209 6.228 6.247 6.266 6.285 6.304 6.321 6.340 6.359 6.378 6.398 6.419 6.440 6.462 6.485 6.508 6.533 6.558 6.584 6.611 6.638 6.665 6.692 6.719 6.745 6.771 6.795 6.819 6.841 6.861
5.526 5.545 5.564 5.581 5.597 5.615 5.632 5.649 5.665 5.682 5.699 5.716 5.733 5.751 5.768 5.786 5.804 5.822 5.841 5.859 5.877 5.894 5.911 5.928 5.944 5.959 5.973 5.985 5.998 6.009 6.021 6.032 6.043 6.054 6.066 6.078 6.091 6.105 6.120 6.136 6.152 6.169 6.187 6.206 6.225 6.243 6.262 6.282 6.301 6.319 6.337 6.356 6.375 6.395 6.415 6.436 6.457 6.479 6.502 6.526 6.551 6.577 6.603 6.631 6.658 6.686 6.714 6.742 6.769 6.796 6.822 6.847 6.870 6.891
5.548 5.567 5.586 5.603 5.620 5.638 5.654 5.671 5.688 5.704 5.720 5.737 5.753 5.770 5.787 5.804 5.822 5.840 5.858 5.876 5.894 5.911 5.929 5.946 5.963 5.979 5.993 6.007 6.020 6.033 6.045 6.056 6.068 6.079 6.090 6.102 6.114 6.127 6.141 6.155 6.171 6.187 6.205 6.223 6.241 6.260 6.278 6.297 6.317 6.335 6.353 6.372 6.392 6.412 6.432 6.453 6.475 6.497 6.521 6.545 6.570 6.596 6.623 6.650 6.678 6.707 6.736 6.765 6.793 6.821 6.848 6.875 6.899 6.922
5.569 5.589 5.608 5.626 5.643 5.661 5.678 5.694 5.711 5.727 5.742 5.758 5.774 5.790 5.807 5.823 5.840 5.857 5.875 5.893 5.911 5.929 5.946 5.964 5.981 5.998 6.013 6.027 6.042 6.055 6.068 6.080 6.092 6.104 6.115 6.126 6.138 6.150 6.163 6.177 6.192 6.207 6.224 6.241 6.259 6.277 6.295 6.314 6.333 6.352 6.370 6.389 6.409 6.429 6.450 6.471 6.493 6.516 6.539 6.563 6.589 6.615 6.642 6.670 6.699 6.728 6.758 6.787 6.817 6.846 6.875 6.903 6.927 6.952
5.589 5.610 5.630 5.648 5.666 5.684 5.701 5.718 5.734 5.750 5.766 5.781 5.796 5.812 5.827 5.843 5.860 5.876 5.893 5.911 5.928 5.946 5.964 5.981 5.999 6.016 6.032 6.047 6.062 6.077 6.091 6.104 6.116 6.128 6.140 6.151 6.163 6.175 6.187 6.200 6.214 6.229 6.244 6.260 6.278 6.295 6.314 6.332 6.351 6.370 6.388 6.407 6.427 6.447 6.468 6.489 6.511 6.534 6.558 6.582 6.608 6.634 6.662 6.690 6.719 6.749 6.780 6.810 6.841 6.872 6.902 6.930 6.956 6.981
5.609 5.630 5.651 5.670 5.688 5.706 5.724 5.741 5.758 5.774 5.789 5.805 5.820 5.835 5.850 5.865 5.880 5.896 5.913 5.929 5.946 5.964 5.981 5.999 6.017 6.034 6.051 6.066 6.082 6.098 6.112 6.126 6.140 6.152 6.165 6.176 6.188 6.200 6.212 6.224 6.237 6.251 6.266 6.282 6.298 6.315 6.333 6.351 6.370 6.388 6.406 6.426 6.446 6.466 6.487 6.508 6.530 6.553 6.577 6.601 6.627 6.654 6.682 6.710 6.740 6.771 6.802 6.833 6.865 6.896 6.927 6.957 6.984 7.010
5.627 5.649 5.670 5.690 5.709 5.728 5.747 5.764 5.781 5.798 5.813 5.829 5.844 5.858 5.873 5.887 5.902 5.917 5.933 5.949 5.966 5.982 6.000 6.017 6.035 6.052 6.069 6.085 6.102 6.118 6.133 6.148 6.162 6.176 6.189 6.201 6.213 6.225 6.237 6.249 6.262 6.275 6.289 6.304 6.320 6.336 6.354 6.371 6.390 6.407 6.425 6.445 6.465 6.485 6.506 6.527 6.550 6.572 6.596 6.621 6.647 6.673 6.701 6.731 6.761 6.792 6.823 6.856 6.888 6.921 6.953 6.983 7.011 7.039
5.644 5.666 5.689 5.709 5.729 5.749 5.768 5.786 5.804 5.821 5.837 5.853 5.868 5.882 5.897 5.911 5.925 5.940 5.955 5.970 5.986 6.002 6.019 6.036 6.053 6.071 6.087 6.104 6.120 6.137 6.153 6.169 6.184 6.199 6.212 6.225 6.238 6.250 6.262 6.274 6.287 6.300 6.313 6.327 6.342 6.358 6.375 6.393 6.410 6.427 6.446 6.465 6.485 6.505 6.526 6.547 6.569 6.592 6.616 6.641 6.666 6.693 6.722 6.751 6.781 6.813 6.845 6.878 6.911 6.944 6.977 7.008 7.038 7.066
5.659 5.683 5.706 5.727 5.748 5.768 5.788 5.808 5.826 5.844 5.860 5.877 5.892 5.907 5.921 5.935 5.949 5.963 5.978 5.992 6.007 6.023 6.039 6.055 6.072 6.089 6.106 6.122 6.139 6.156 6.173 6.189 6.205 6.220 6.235 6.249 6.262 6.275 6.287 6.300 6.312 6.325 6.338 6.352 6.366 6.382 6.398 6.415 6.432 6.448 6.466 6.485 6.505 6.525 6.546 6.567 6.589 6.612 6.636 6.660 6.686 6.713 6.742 6.771 6.802 6.834 6.866 6.900 6.933 6.967 7.001 7.033 7.063 7.092
5.673 5.697 5.721 5.743 5.765 5.786 5.807 5.827 5.847 5.865 5.883 5.900 5.916 5.931 5.946 5.960 5.974 5.988 6.001 6.015 6.030 6.044 6.060 6.075 6.092 6.108 6.124 6.141 6.158 6.175 6.192 6.209 6.225 6.241 6.257 6.271 6.285 6.299 6.312 6.324 6.337 6.350 6.363 6.376 6.390 6.405 6.421 6.438 6.454 6.470 6.488 6.507 6.526 6.546 6.567 6.588 6.610 6.633 6.656 6.681 6.706 6.733 6.762 6.791 6.822 6.854 6.887 6.921 6.955 6.989 7.024 7.057 7.088 7.117
5.686 5.711 5.735 5.758 5.780 5.803 5.824 5.845 5.866 5.885 5.904 5.921 5.938 5.954 5.970 5.984 5.998 6.012 6.026 6.039 6.053 6.067 6.082 6.097 6.112 6.128 6.144 6.160 6.177 6.194 6.211 6.228 6.245 6.262 6.278 6.293 6.308 6.322 6.335 6.349 6.362 6.375 6.388 6.401 6.415 6.430 6.445 6.461 6.477 6.493 6.511 6.529 6.549 6.568 6.589 6.610 6.631 6.654 6.677 6.701 6.727 6.754 6.782 6.811 6.842 6.874 6.907 6.941 6.976 7.011 7.046 7.079 7.111 7.142
5.697 5.722 5.747 5.771 5.794 5.817 5.840 5.862 5.883 5.904 5.923 5.942 5.960 5.977 5.993 6.008 6.023 6.037 6.050 6.064 6.077 6.091 6.105 6.119 6.134 6.149 6.164 6.179 6.196 6.213 6.230 6.248 6.265 6.281 6.298 6.314 6.329 6.344 6.358 6.372 6.386 6.399 6.412 6.426 6.440 6.454 6.469 6.485 6.501 6.517 6.534 6.552 6.571 6.591 6.611 6.632 6.653 6.675 6.698 6.722 6.747 6.774 6.801 6.831 6.861 6.893 6.927 6.961 6.996 7.031 7.067 7.101 7.134 7.165
5.706 5.732 5.758 5.782 5.806 5.830 5.854 5.877 5.899 5.920 5.941 5.961 5.979 5.997 6.014 6.031 6.046 6.061 6.074 6.088 6.101 6.115 6.128 6.142 6.157 6.171 6.184 6.200 6.216 6.233 6.250 6.267 6.284 6.301 6.318 6.334 6.350 6.366 6.381 6.395 6.409 6.423 6.437 6.450 6.464 6.479 6.494 6.510 6.525 6.541 6.558 6.576 6.595 6.614 6.634 6.655 6.676 6.697 6.720 6.743 6.768 6.794 6.821 6.850 6.881 6.912 6.946 6.980 7.015 7.051 7.087 7.122 7.155 7.188
5.713 5.740 5.767 5.792 5.816 5.841 5.866 5.889 5.913 5.935 5.957 5.977 5.997 6.016 6.035 6.052 6.068 6.083 6.098 6.112 6.126 6.139 6.152 6.166 6.180 6.193 6.206 6.221 6.236 6.253 6.269 6.286 6.303 6.320 6.338 6.354 6.371 6.387 6.402 6.417 6.432 6.446 6.460 6.474 6.488 6.503 6.518 6.534 6.550 6.565 6.582 6.600 6.619 6.638 6.658 6.678 6.698 6.720 6.742 6.765 6.789 6.814 6.841 6.869 6.899 6.931 6.964 6.998 7.034 7.070 7.106 7.142 7.176 7.209
