version1/TsunamiDB/out54116.asc
ncols          264
nrows          230
xllcorner      497853.4375
yllcorner      4229146.0000
cellsize         5.
NODATA_value   -99
[rows 34 to 67 of 230, columns 77 to 153 of 264]
5.676 5.689 5.702 5.715 5.728 5.742 5.755 5.766 5.778 5.790 5.802 5.814 5.826 5.838 5.850 5.861 5.872 5.883 5.894 5.904 5.913 5.922 5.931 5.939 5.947 5.954 5.961 5.967 5.973 5.979 5.982 5.986 5.991 5.995 6.000 6.005 6.011 6.017 6.024 6.031 6.038 6.046 6.055 6.064 6.073 6.083 6.092 6.102 6.113 6.123 6.134 6.145 6.156 6.166 6.175 6.185 6.196 6.206 6.216 6.227 6.237 6.248 6.259 6.269 6.280 6.290 6.300 6.311 6.321 6.331 6.341 6.350 6.360 6.370 6.379 6.388 6.396
5.687 5.700 5.713 5.726 5.738 5.751 5.764 5.775 5.786 5.798 5.810 5.822 5.834 5.846 5.857 5.869 5.880 5.891 5.902 5.912 5.922 5.932 5.941 5.950 5.958 5.965 5.973 5.980 5.986 5.991 5.995 6.000 6.004 6.008 6.013 6.018 6.023 6.028 6.034 6.041 6.048 6.055 6.063 6.071 6.080 6.089 6.098 6.108 6.118 6.128 6.139 6.150 6.160 6.170 6.179 6.189 6.199 6.209 6.220 6.230 6.241 6.251 6.261 6.272 6.282 6.293 6.303 6.313 6.323 6.333 6.343 6.353 6.363 6.373 6.382 6.391 6.399
5.698 5.711 5.724 5.736 5.749 5.762 5.773 5.784 5.795 5.807 5.818 5.830 5.842 5.854 5.865 5.877 5.888 5.899 5.910 5.920 5.931 5.940 5.950 5.959 5.968 5.976 5.984 5.991 5.998 6.004 6.008 6.012 6.017 6.021 6.026 6.030 6.035 6.040 6.046 6.051 6.058 6.064 6.072 6.079 6.087 6.096 6.105 6.114 6.124 6.134 6.144 6.155 6.165 6.174 6.183 6.193 6.203 6.213 6.223 6.234 6.244 6.254 6.265 6.275 6.285 6.296 6.306 6.316 6.326 6.336 6.346 6.356 6.366 6.375 6.385 6.394 6.402
5.710 5.722 5.735 5.747 5.760 5.772 5.783 5.794 5.805 5.816 5.827 5.839 5.850 5.862 5.873 5.884 5.896 5.907 5.918 5.928 5.939 5.949 5.959 5.968 5.977 5.986 5.994 6.002 6.009 6.015 6.020 6.025 6.030 6.034 6.039 6.043 6.048 6.052 6.057 6.063 6.068 6.075 6.081 6.088 6.096 6.104 6.112 6.121 6.130 6.140 6.150 6.160 6.170 6.179 6.188 6.197 6.207 6.217 6.227 6.237 6.248 6.258 6.268 6.278 6.289 6.299 6.309 6.319 6.329 6.339 6.349 6.359 6.369 6.378 6.388 6.397 6.405
5.721 5.734 5.746 5.758 5.771 5.783 5.794 5.804 5.815 5.826 5.837 5.848 5.859 5.870 5.882 5.893 5.904 5.915 5.925 5.936 5.946 5.957 5.967 5.976 5.986 5.995 6.003 6.012 6.019 6.026 6.031 6.037 6.042 6.046 6.051 6.056 6.060 6.065 6.070 6.075 6.080 6.085 6.091 6.098 6.105 6.112 6.120 6.128 6.137 6.146 6.156 6.165 6.175 6.184 6.193 6.202 6.212 6.222 6.231 6.241 6.252 6.262 6.272 6.282 6.292 6.302 6.312 6.323 6.333 6.342 6.352 6.362 6.372 6.381 6.391 6.400 6.408
5.732 5.745 5.757 5.770 5.782 5.794 5.805 5.815 5.825 5.836 5.847 5.858 5.869 5.879 5.890 5.901 5.912 5.923 5.933 5.944 5.954 5.965 5.975 5.984 5.994 6.003 6.012 6.021 6.029 6.036 6.042 6.048 6.053 6.058 6.063 6.068 6.073 6.077 6.082 6.086 6.091 6.097 6.102 6.108 6.114 6.121 6.128 6.136 6.144 6.153 6.162 6.172 6.181 6.189 6.198 6.207 6.217 6.226 6.236 6.246 6.256 6.266 6.276 6.286 6.296 6.306 6.316 6.326 6.336 6.346 6.356 6.365 6.375 6.385 6.395 6.404 6.412
5.743 5.756 5.768 5.781 5.793 5.805 5.816 5.826 5.836 5.847 5.857 5.868 5.879 5.889 5.900 5.910 5.921 5.931 5.942 5.952 5.962 5.973 5.983 5.992 6.002 6.012 6.021 6.029 6.038 6.046 6.052 6.058 6.064 6.069 6.075 6.080 6.085 6.089 6.094 6.099 6.103 6.108 6.113 6.119 6.124 6.131 6.137 6.145 6.152 6.160 6.169 6.178 6.187 6.195 6.204 6.213 6.222 6.231 6.241 6.251 6.260 6.270 6.280 6.290 6.300 6.310 6.320 6.330 6.340 6.350 6.359 6.369 6.379 6.388 6.398 6.407 6.415
5.753 5.766 5.779 5.791 5.804 5.816 5.827 5.837 5.847 5.858 5.868 5.878 5.889 5.899 5.909 5.920 5.930 5.940 5.950 5.960 5.971 5.981 5.991 6.000 6.010 6.020 6.029 6.038 6.047 6.055 6.061 6.068 6.074 6.080 6.086 6.091 6.096 6.101 6.106 6.110 6.115 6.120 6.124 6.130 6.135 6.141 6.147 6.154 6.161 6.168 6.177 6.185 6.194 6.201 6.210 6.218 6.227 6.236 6.246 6.255 6.265 6.275 6.285 6.295 6.305 6.314 6.324 6.334 6.344 6.354 6.363 6.373 6.383 6.392 6.402 6.411 6.419
5.763 5.776 5.789 5.801 5.814 5.826 5.837 5.848 5.858 5.868 5.879 5.889 5.899 5.909 5.920 5.930 5.940 5.949 5.959 5.969 5.979 5.989 5.999 6.009 6.018 6.028 6.037 6.046 6.055 6.063 6.070 6.077 6.083 6.090 6.096 6.102 6.107 6.112 6.117 6.122 6.127 6.131 6.136 6.141 6.146 6.151 6.157 6.163 6.170 6.177 6.185 6.193 6.201 6.208 6.216 6.224 6.233 6.242 6.251 6.261 6.270 6.280 6.290 6.299 6.309 6.319 6.329 6.339 6.348 6.358 6.368 6.377 6.387 6.396 6.406 6.415 6.423
5.771 5.785 5.798 5.811 5.824 5.836 5.848 5.858 5.869 5.879 5.889 5.900 5.910 5.920 5.930 5.940 5.950 5.959 5.969 5.979 5.988 5.998 6.007 6.017 6.027 6.036 6.045 6.054 6.064 6.072 6.079 6.086 6.093 6.099 6.106 6.112 6.118 6.123 6.128 6.133 6.138 6.143 6.147 6.152 6.157 6.162 6.167 6.173 6.179 6.186 6.193 6.201 6.208 6.215 6.223 6.231 6.239 6.248 6.257 6.266 6.276 6.285 6.295 6.304 6.314 6.324 6.333 6.343 6.353 6.362 6.372 6.382 6.391 6.401 6.410 6.419 6.427
5.780 5.794 5.807 5.820 5.833 5.846 5.857 5.868 5.879 5.889 5.900 5.910 5.921 5.931 5.940 5.950 5.960 5.969 5.979 5.988 5.998 6.007 6.016 6.026 6.035 6.044 6.054 6.063 6.072 6.080 6.087 6.095 6.102 6.109 6.115 6.122 6.128 6.134 6.139 6.144 6.149 6.154 6.158 6.163 6.168 6.173 6.178 6.183 6.189 6.195 6.202 6.209 6.216 6.223 6.230 6.237 6.246 6.254 6.263 6.272 6.281 6.291 6.300 6.310 6.319 6.329 6.338 6.348 6.358 6.367 6.377 6.386 6.396 6.405 6.415 6.424 6.432
5.788 5.802 5.815 5.829 5.842 5.855 5.867 5.877 5.888 5.899 5.910 5.921 5.931 5.941 5.951 5.961 5.970 5.980 5.989 5.998 6.007 6.017 6.026 6.035 6.044 6.053 6.062 6.071 6.081 6.089 6.096 6.103 6.110 6.118 6.125 6.131 6.138 6.144 6.149 6.155 6.160 6.165 6.169 6.174 6.179 6.183 6.188 6.193 6.199 6.205 6.211 6.218 6.224 6.231 6.237 6.245 6.252 6.261 6.269 6.278 6.287 6.296 6.305 6.315 6.324 6.334 6.343 6.353 6.363 6.372 6.382 6.391 6.401 6.410 6.420 6.429 6.437
5.796 5.809 5.823 5.837 5.850 5.863 5.875 5.886 5.897 5.909 5.920 5.930 5.941 5.951 5.961 5.971 5.981 5.990 5.999 6.008 6.017 6.026 6.035 6.044 6.053 6.062 6.071 6.080 6.089 6.097 6.105 6.112 6.119 6.127 6.134 6.141 6.147 6.153 6.159 6.165 6.170 6.175 6.180 6.185 6.190 6.194 6.199 6.204 6.209 6.215 6.220 6.227 6.233 6.239 6.245 6.252 6.259 6.267 6.276 6.284 6.293 6.302 6.311 6.320 6.330 6.339 6.349 6.358 6.368 6.377 6.387 6.396 6.406 6.415 6.425 6.434 6.441
5.803 5.817 5.831 5.844 5.858 5.871 5.883 5.894 5.906 5.917 5.929 5.940 5.950 5.961 5.971 5.981 5.991 6.000 6.009 6.019 6.028 6.037 6.045 6.054 6.063 6.072 6.081 6.090 6.098 6.106 6.113 6.121 6.128 6.135 6.143 6.150 6.157 6.163 6.169 6.175 6.181 6.186 6.191 6.196 6.200 6.205 6.209 6.214 6.219 6.225 6.230 6.236 6.242 6.247 6.253 6.260 6.267 6.274 6.282 6.291 6.299 6.308 6.317 6.326 6.335 6.345 6.354 6.364 6.373 6.382 6.392 6.401 6.411 6.420 6.430 6.439 6.447
5.810 5.824 5.838 5.852 5.865 5.878 5.891 5.902 5.914 5.926 5.937 5.948 5.959 5.970 5.981 5.991 6.001 6.010 6.020 6.029 6.038 6.047 6.055 6.064 6.073 6.082 6.090 6.099 6.108 6.115 6.122 6.130 6.137 6.144 6.152 6.159 6.166 6.172 6.179 6.185 6.191 6.196 6.201 6.206 6.211 6.215 6.220 6.225 6.230 6.235 6.240 6.246 6.251 6.256 6.261 6.268 6.274 6.282 6.289 6.297 6.306 6.314 6.323 6.332 6.341 6.350 6.360 6.369 6.378 6.388 6.397 6.407 6.416 6.426 6.436 6.444 6.452
5.818 5.831 5.845 5.859 5.872 5.886 5.898 5.910 5.921 5.933 5.945 5.957 5.968 5.979 5.990 6.000 6.010 6.020 6.029 6.039 6.048 6.057 6.065 6.074 6.083 6.091 6.100 6.109 6.117 6.125 6.132 6.139 6.146 6.154 6.161 6.168 6.175 6.182 6.188 6.195 6.200 6.206 6.211 6.216 6.221 6.226 6.231 6.235 6.240 6.245 6.250 6.256 6.260 6.265 6.270 6.276 6.282 6.289 6.297 6.304 6.312 6.321 6.329 6.338 6.347 6.356 6.365 6.375 6.384 6.393 6.403 6.412 6.422 6.432 6.441 6.449 6.457
5.825 5.839 5.852 5.866 5.879 5.893 5.905 5.917 5.929 5.941 5.953 5.964 5.976 5.987 5.998 6.009 6.019 6.029 6.039 6.048 6.057 6.067 6.075 6.084 6.093 6.101 6.110 6.118 6.127 6.134 6.141 6.148 6.155 6.163 6.170 6.177 6.184 6.191 6.198 6.204 6.210 6.216 6.221 6.227 6.232 6.236 6.241 6.246 6.250 6.255 6.260 6.266 6.270 6.274 6.279 6.284 6.290 6.297 6.304 6.311 6.319 6.327 6.336 6.344 6.353 6.362 6.371 6.380 6.390 6.399 6.408 6.418 6.427 6.437 6.446 6.454 6.462
5.833 5.847 5.860 5.873 5.887 5.900 5.912 5.924 5.936 5.948 5.960 5.972 5.983 5.995 6.006 6.017 6.027 6.038 6.048 6.057 6.067 6.076 6.085 6.094 6.103 6.111 6.120 6.128 6.137 6.144 6.151 6.158 6.165 6.172 6.180 6.187 6.194 6.201 6.207 6.214 6.220 6.226 6.231 6.237 6.242 6.247 6.252 6.256 6.261 6.266 6.271 6.276 6.279 6.283 6.288 6.293 6.299 6.305 6.312 6.319 6.326 6.334 6.342 6.351 6.359 6.368 6.377 6.386 6.396 6.405 6.414 6.424 6.433 6.443 6.452 6.460 6.468
5.842 5.855 5.868 5.881 5.894 5.907 5.919 5.930 5.942 5.955 5.967 5.979 5.991 6.002 6.014 6.025 6.035 6.046 6.056 6.066 6.076 6.085 6.094 6.103 6.112 6.121 6.129 6.138 6.146 6.153 6.160 6.167 6.174 6.182 6.189 6.196 6.203 6.210 6.217 6.223 6.230 6.236 6.241 6.247 6.252 6.257 6.262 6.267 6.271 6.276 6.281 6.286 6.289 6.293 6.297 6.302 6.308 6.314 6.320 6.327 6.334 6.341 6.349 6.358 6.366 6.375 6.383 6.392 6.402 6.411 6.420 6.429 6.439 6.449 6.458 6.466 6.474
5.851 5.863 5.876 5.889 5.902 5.914 5.926 5.937 5.949 5.962 5.974 5.986 5.998 6.009 6.021 6.032 6.043 6.054 6.064 6.074 6.084 6.094 6.103 6.112 6.121 6.130 6.139 6.148 6.156 6.162 6.169 6.177 6.184 6.191 6.198 6.206 6.213 6.220 6.226 6.233 6.239 6.245 6.251 6.257 6.262 6.267 6.272 6.277 6.282 6.287 6.292 6.296 6.299 6.303 6.307 6.312 6.317 6.322 6.328 6.335 6.342 6.349 6.356 6.364 6.373 6.381 6.390 6.399 6.408 6.417 6.426 6.435 6.445 6.454 6.463 6.471 6.479
5.860 5.873 5.885 5.898 5.910 5.922 5.933 5.945 5.957 5.969 5.981 5.993 6.005 6.016 6.028 6.039 6.050 6.061 6.072 6.082 6.092 6.102 6.112 6.121 6.130 6.139 6.148 6.157 6.165 6.172 6.179 6.186 6.193 6.200 6.208 6.215 6.222 6.229 6.236 6.243 6.249 6.255 6.261 6.267 6.272 6.278 6.283 6.288 6.292 6.297 6.302 6.306 6.309 6.313 6.317 6.321 6.326 6.331 6.337 6.343 6.350 6.357 6.364 6.372 6.379 6.388 6.396 6.405 6.414 6.423 6.432 6.441 6.451 6.460 6.469 6.477 6.485
5.870 5.882 5.894 5.907 5.919 5.930 5.941 5.953 5.964 5.976 5.988 6.000 6.012 6.023 6.035 6.046 6.058 6.069 6.079 6.090 6.100 6.110 6.120 6.129 6.139 6.148 6.157 6.166 6.174 6.181 6.188 6.195 6.202 6.210 6.217 6.224 6.231 6.238 6.245 6.252 6.259 6.265 6.271 6.277 6.282 6.288 6.293 6.298 6.303 6.308 6.312 6.316 6.320 6.323 6.327 6.331 6.335 6.340 6.346 6.352 6.358 6.364 6.372 6.379 6.387 6.395 6.403 6.411 6.420 6.429 6.438 6.447 6.457 6.466 6.475 6.483 6.491
5.881 5.892 5.904 5.916 5.928 5.939 5.950 5.961 5.972 5.984 5.995 6.007 6.019 6.030 6.042 6.053 6.065 6.076 6.087 6.097 6.108 6.118 6.128 6.137 6.147 6.156 6.165 6.174 6.182 6.189 6.197 6.204 6.211 6.219 6.226 6.233 6.240 6.247 6.254 6.261 6.268 6.274 6.281 6.287 6.292 6.298 6.303 6.308 6.313 6.318 6.323 6.327 6.330 6.333 6.337 6.341 6.345 6.350 6.355 6.360 6.366 6.373 6.379 6.387 6.394 6.402 6.410 6.418 6.427 6.435 6.444 6.453 6.463 6.472 6.481 6.489 6.497
5.891 5.903 5.914 5.926 5.938 5.949 5.959 5.970 5.981 5.992 6.003 6.015 6.026 6.038 6.049 6.060 6.072 6.083 6.094 6.104 6.115 6.125 6.135 6.145 6.155 6.164 6.173 6.182 6.191 6.198 6.205 6.212 6.220 6.227 6.235 6.242 6.249 6.256 6.263 6.270 6.277 6.284 6.290 6.296 6.302 6.308 6.313 6.318 6.323 6.328 6.333 6.337 6.340 6.344 6.347 6.351 6.355 6.360 6.364 6.370 6.375 6.381 6.388 6.394 6.402 6.409 6.417 6.425 6.433 6.442 6.451 6.460 6.469 6.478 6.487 6.495 6.503
5.902 5.914 5.925 5.936 5.948 5.959 5.969 5.979 5.990 6.001 6.012 6.023 6.034 6.045 6.056 6.068 6.079 6.090 6.101 6.111 6.122 6.132 6.142 6.152 6.162 6.172 6.181 6.190 6.199 6.206 6.213 6.221 6.228 6.236 6.243 6.251 6.258 6.265 6.272 6.279 6.286 6.293 6.299 6.305 6.312 6.317 6.323 6.328 6.333 6.338 6.343 6.348 6.351 6.354 6.358 6.361 6.365 6.369 6.374 6.379 6.384 6.390 6.396 6.402 6.409 6.417 6.424 6.432 6.440 6.449 6.457 6.466 6.475 6.485 6.493 6.501 6.509
5.912 5.924 5.936 5.947 5.958 5.969 5.979 5.989 5.999 6.010 6.020 6.031 6.042 6.053 6.064 6.075 6.086 6.097 6.108 6.119 6.129 6.139 6.150 6.160 6.169 6.179 6.188 6.198 6.206 6.214 6.221 6.229 6.236 6.244 6.251 6.259 6.266 6.273 6.281 6.288 6.295 6.301 6.308 6.314 6.321 6.327 6.332 6.338 6.343 6.348 6.354 6.358 6.361 6.364 6.368 6.371 6.375 6.379 6.384 6.388 6.393 6.399 6.405 6.411 6.417 6.424 6.432 6.439 6.447 6.455 6.464 6.473 6.482 6.491 6.500 6.508 6.516
5.923 5.934 5.946 5.958 5.969 5.979 5.989 5.999 6.009 6.019 6.030 6.040 6.051 6.062 6.072 6.083 6.094 6.105 6.115 6.126 6.136 6.147 6.157 6.167 6.177 6.186 6.196 6.205 6.214 6.221 6.229 6.236 6.244 6.252 6.259 6.267 6.274 6.282 6.289 6.296 6.303 6.310 6.317 6.323 6.330 6.336 6.342 6.347 6.353 6.358 6.364 6.368 6.371 6.375 6.378 6.382 6.385 6.389 6.393 6.398 6.403 6.408 6.413 6.419 6.425 6.432 6.439 6.447 6.454 6.462 6.471 6.479 6.488 6.497 6.506 6.514 6.522
5.932 5.944 5.956 5.968 5.979 5.990 5.999 6.009 6.019 6.029 6.039 6.050 6.060 6.071 6.081 6.092 6.102 6.113 6.123 6.133 6.144 6.154 6.164 6.174 6.184 6.194 6.203 6.213 6.221 6.229 6.236 6.244 6.252 6.259 6.267 6.275 6.282 6.289 6.297 6.304 6.311 6.318 6.325 6.331 6.338 6.344 6.350 6.356 6.362 6.368 6.373 6.378 6.381 6.385 6.388 6.392 6.395 6.399 6.403 6.408 6.412 6.417 6.422 6.428 6.434 6.440 6.447 6.454 6.461 6.469 6.477 6.486 6.495 6.504 6.512 6.520 6.528
5.940 5.953 5.966 5.977 5.989 6.000 6.009 6.019 6.029 6.039 6.049 6.060 6.070 6.080 6.090 6.100 6.111 6.121 6.131 6.141 6.151 6.161 6.171 6.181 6.191 6.201 6.210 6.220 6.228 6.236 6.244 6.251 6.259 6.267 6.274 6.282 6.290 6.297 6.304 6.312 6.319 6.326 6.333 6.339 6.346 6.353 6.359 6.365 6.371 6.377 6.382 6.387 6.391 6.394 6.398 6.402 6.405 6.409 6.413 6.417 6.422 6.426 6.431 6.437 6.442 6.448 6.455 6.462 6.469 6.476 6.484 6.493 6.501 6.510 6.519 6.527 6.534
5.948 5.961 5.974 5.986 5.998 6.009 6.019 6.029 6.039 6.049 6.059 6.069 6.079 6.089 6.099 6.109 6.119 6.129 6.139 6.149 6.159 6.169 6.179 6.189 6.199 6.208 6.218 6.227 6.236 6.243 6.251 6.259 6.266 6.274 6.282 6.289 6.297 6.304 6.312 6.319 6.326 6.333 6.340 6.347 6.354 6.361 6.367 6.373 6.380 6.386 6.391 6.396 6.400 6.404 6.408 6.411 6.415 6.419 6.423 6.427 6.431 6.436 6.440 6.445 6.451 6.456 6.463 6.469 6.476 6.484 6.491 6.500 6.508 6.517 6.525 6.533 6.541
5.954 5.968 5.982 5.994 6.007 6.018 6.028 6.039 6.049 6.059 6.069 6.079 6.089 6.099 6.109 6.119 6.128 6.138 6.148 6.158 6.168 6.177 6.187 6.197 6.206 6.216 6.225 6.235 6.243 6.251 6.258 6.266 6.274 6.281 6.289 6.297 6.304 6.312 6.319 6.326 6.333 6.341 6.348 6.355 6.361 6.368 6.375 6.381 6.388 6.394 6.400 6.405 6.409 6.413 6.417 6.421 6.425 6.429 6.432 6.436 6.441 6.445 6.449 6.454 6.459 6.465 6.471 6.477 6.484 6.491 6.498 6.506 6.515 6.523 6.532 6.539 6.547
5.960 5.974 5.988 6.001 6.014 6.026 6.037 6.047 6.058 6.068 6.079 6.089 6.099 6.109 6.118 6.128 6.138 6.147 6.157 6.167 6.176 6.186 6.195 6.205 6.214 6.224 6.233 6.242 6.251 6.258 6.266 6.273 6.281 6.289 6.296 6.304 6.311 6.319 6.326 6.333 6.341 6.348 6.355 6.362 6.369 6.375 6.382 6.389 6.395 6.402 6.408 6.413 6.418 6.422 6.426 6.430 6.434 6.438 6.442 6.446 6.450 6.454 6.458 6.463 6.468 6.473 6.479 6.485 6.491 6.498 6.505 6.513 6.521 6.530 6.538 6.545 6.553
5.964 5.979 5.993 6.007 6.021 6.033 6.044 6.055 6.066 6.077 6.088 6.098 6.108 6.118 6.128 6.138 6.147 6.157 6.166 6.176 6.185 6.194 6.204 6.213 6.223 6.232 6.241 6.250 6.258 6.266 6.273 6.281 6.289 6.296 6.304 6.311 6.319 6.326 6.333 6.340 6.348 6.355 6.362 6.369 6.376 6.383 6.389 6.396 6.403 6.409 6.416 6.421 6.426 6.430 6.434 6.439 6.443 6.447 6.451 6.455 6.459 6.463 6.467 6.472 6.476 6.481 6.487 6.492 6.499 6.505 6.512 6.520 6.528 6.536 6.544 6.551 6.559
5.967 5.983 5.998 6.012 6.026 6.039 6.050 6.062 6.074 6.085 6.096 6.106 6.117 6.127 6.137 6.147 6.156 6.166 6.175 6.185 6.194 6.203 6.213 6.222 6.231 6.240 6.249 6.258 6.266 6.274 6.281 6.289 6.296 6.304 6.311 6.319 6.326 6.333 6.340 6.348 6.355 6.362 6.369 6.376 6.383 6.390 6.396 6.403 6.410 6.417 6.424 6.429 6.433 6.438 6.442 6.447 6.451 6.455 6.460 6.464 6.468 6.472 6.476 6.480 6.485 6.490 6.495 6.500 6.506 6.512 6.519 6.527 6.535 6.543 6.550 6.557 6.565
