version1/TsunamiDB/out54055.asc
ncols          264
nrows          230
xllcorner      497853.4375
yllcorner      4229146.0000
cellsize         5.
NODATA_value   -99
[rows 132 to 164 of 230, columns 74 to 147 of 264]
4.200 4.259 4.314 4.366 4.414 4.461 4.506 4.550 4.592 4.633 4.673 4.712 4.751 4.788 4.825 4.861 4.897 4.932 4.967 5.002 5.036 5.070 5.103 5.137 5.169 5.202 5.234 5.264 5.293 5.323 5.351 5.379 5.405 5.430 5.454 5.477 5.498 5.519 5.538 5.557 5.576 5.594 5.612 5.630 5.649 5.668 5.689 5.710 5.732 5.755 5.777 5.800 5.824 5.847 5.871 5.894 5.917 5.939 5.959 5.978 5.996 6.012 6.026 6.037 6.046 6.052 6.057 6.059 6.060 6.061 6.062 6.064 6.068 6.074
4.230 4.286 4.340 4.391 4.439 4.485 4.529 4.572 4.614 4.654 4.693 4.731 4.769 4.805 4.841 4.877 4.912 4.947 4.981 5.015 5.049 5.083 5.116 5.150 5.182 5.215 5.247 5.278 5.308 5.338 5.367 5.395 5.422 5.448 5.473 5.497 5.519 5.540 5.560 5.579 5.597 5.615 5.632 5.649 5.667 5.685 5.703 5.723 5.743 5.765 5.786 5.808 5.831 5.855 5.879 5.902 5.925 5.948 5.969 5.990 6.009 6.026 6.042 6.055 6.067 6.076 6.082 6.087 6.089 6.091 6.091 6.093 6.095 6.098
4.258 4.314 4.366 4.416 4.463 4.508 4.552 4.594 4.635 4.675 4.713 4.750 4.787 4.823 4.858 4.893 4.927 4.961 4.995 5.029 5.062 5.096 5.129 5.162 5.195 5.227 5.260 5.291 5.321 5.351 5.381 5.410 5.438 5.465 5.491 5.515 5.539 5.561 5.581 5.601 5.619 5.637 5.654 5.670 5.686 5.703 5.720 5.738 5.757 5.777 5.797 5.818 5.840 5.863 5.887 5.910 5.933 5.956 5.979 6.000 6.020 6.039 6.056 6.072 6.085 6.096 6.105 6.112 6.116 6.119 6.121 6.122 6.123 6.125
4.286 4.340 4.392 4.441 4.487 4.532 4.575 4.617 4.657 4.695 4.733 4.769 4.805 4.840 4.875 4.909 4.942 4.976 5.009 5.042 5.075 5.108 5.141 5.174 5.206 5.239 5.271 5.302 5.333 5.364 5.394 5.423 5.452 5.480 5.507 5.533 5.557 5.580 5.602 5.622 5.641 5.659 5.676 5.692 5.708 5.723 5.739 5.755 5.772 5.791 5.809 5.829 5.850 5.872 5.895 5.918 5.941 5.964 5.987 6.009 6.030 6.050 6.069 6.086 6.101 6.114 6.125 6.134 6.141 6.145 6.148 6.150 6.152 6.152
4.313 4.366 4.417 4.466 4.511 4.555 4.598 4.639 4.678 4.716 4.753 4.789 4.824 4.858 4.892 4.925 4.958 4.991 5.023 5.056 5.088 5.121 5.153 5.186 5.218 5.250 5.282 5.313 5.343 5.375 5.405 5.435 5.465 5.493 5.521 5.548 5.573 5.598 5.621 5.642 5.662 5.681 5.698 5.715 5.730 5.745 5.760 5.775 5.790 5.807 5.823 5.841 5.861 5.882 5.904 5.926 5.949 5.972 5.995 6.017 6.039 6.060 6.080 6.098 6.115 6.130 6.143 6.154 6.162 6.169 6.174 6.178 6.180 6.180
4.339 4.392 4.442 4.490 4.534 4.578 4.620 4.660 4.699 4.737 4.773 4.808 4.842 4.876 4.909 4.942 4.974 5.006 5.038 5.070 5.102 5.134 5.166 5.197 5.229 5.261 5.292 5.323 5.353 5.384 5.415 5.446 5.475 5.505 5.533 5.561 5.588 5.613 5.638 5.660 5.682 5.702 5.720 5.737 5.753 5.768 5.782 5.796 5.811 5.825 5.840 5.856 5.874 5.894 5.914 5.936 5.958 5.980 6.003 6.026 6.048 6.069 6.090 6.109 6.127 6.143 6.158 6.171 6.182 6.191 6.198 6.203 6.206 6.208
4.364 4.416 4.466 4.512 4.557 4.600 4.642 4.682 4.720 4.757 4.793 4.828 4.862 4.895 4.927 4.960 4.991 5.023 5.054 5.085 5.117 5.148 5.179 5.210 5.240 5.271 5.302 5.332 5.362 5.393 5.424 5.455 5.485 5.515 5.544 5.572 5.600 5.627 5.652 5.676 5.699 5.721 5.740 5.759 5.775 5.791 5.805 5.819 5.833 5.846 5.859 5.873 5.890 5.907 5.926 5.946 5.968 5.989 6.012 6.034 6.056 6.078 6.099 6.119 6.138 6.156 6.172 6.186 6.199 6.210 6.219 6.226 6.231 6.233
4.389 4.440 4.489 4.535 4.579 4.622 4.663 4.703 4.741 4.777 4.813 4.847 4.881 4.914 4.946 4.978 5.009 5.040 5.071 5.101 5.132 5.162 5.192 5.222 5.252 5.283 5.312 5.341 5.371 5.402 5.432 5.463 5.493 5.523 5.553 5.582 5.610 5.638 5.665 5.690 5.714 5.737 5.759 5.778 5.796 5.813 5.828 5.842 5.856 5.868 5.879 5.893 5.907 5.923 5.940 5.959 5.979 5.999 6.021 6.043 6.065 6.087 6.108 6.128 6.148 6.167 6.184 6.200 6.214 6.226 6.237 6.246 6.253 6.257
4.412 4.463 4.511 4.556 4.600 4.643 4.684 4.723 4.761 4.797 4.833 4.867 4.900 4.933 4.965 4.996 5.028 5.058 5.088 5.118 5.148 5.177 5.206 5.236 5.265 5.294 5.322 5.351 5.380 5.410 5.440 5.470 5.500 5.530 5.560 5.590 5.619 5.647 5.675 5.701 5.727 5.751 5.774 5.796 5.815 5.833 5.850 5.865 5.879 5.890 5.902 5.914 5.927 5.941 5.957 5.973 5.991 6.011 6.031 6.052 6.074 6.095 6.117 6.137 6.158 6.177 6.195 6.212 6.227 6.241 6.254 6.264 6.273 6.279
4.434 4.484 4.532 4.577 4.620 4.663 4.704 4.743 4.780 4.817 4.852 4.886 4.920 4.952 4.984 5.016 5.047 5.077 5.107 5.136 5.165 5.193 5.221 5.250 5.278 5.306 5.333 5.361 5.390 5.419 5.448 5.477 5.507 5.537 5.567 5.596 5.626 5.655 5.683 5.711 5.737 5.763 5.787 5.810 5.832 5.851 5.869 5.886 5.900 5.913 5.924 5.936 5.948 5.961 5.975 5.990 6.006 6.024 6.043 6.063 6.083 6.104 6.126 6.146 6.167 6.186 6.205 6.223 6.239 6.254 6.268 6.281 6.291 6.299
4.456 4.505 4.552 4.597 4.640 4.682 4.723 4.762 4.799 4.836 4.871 4.906 4.939 4.972 5.004 5.035 5.066 5.096 5.125 5.154 5.182 5.210 5.238 5.265 5.292 5.319 5.345 5.372 5.400 5.428 5.456 5.485 5.514 5.543 5.572 5.602 5.631 5.661 5.689 5.718 5.745 5.772 5.798 5.822 5.845 5.867 5.886 5.904 5.921 5.934 5.947 5.959 5.971 5.983 5.995 6.008 6.023 6.039 6.056 6.075 6.094 6.114 6.135 6.156 6.176 6.196 6.215 6.233 6.250 6.266 6.281 6.295 6.307 6.316
4.476 4.525 4.571 4.616 4.658 4.700 4.741 4.780 4.818 4.854 4.890 4.924 4.958 4.991 5.024 5.055 5.086 5.116 5.145 5.173 5.201 5.228 5.255 5.281 5.307 5.334 5.359 5.384 5.411 5.438 5.465 5.493 5.521 5.549 5.578 5.607 5.636 5.666 5.695 5.723 5.752 5.779 5.806 5.832 5.856 5.879 5.901 5.920 5.939 5.954 5.967 5.980 5.992 6.004 6.016 6.028 6.042 6.056 6.072 6.089 6.107 6.126 6.145 6.165 6.185 6.205 6.224 6.243 6.261 6.278 6.293 6.308 6.321 6.332
4.495 4.543 4.590 4.634 4.676 4.718 4.758 4.797 4.835 4.872 4.908 4.943 4.977 5.010 5.043 5.075 5.105 5.135 5.164 5.193 5.220 5.247 5.273 5.299 5.324 5.349 5.373 5.398 5.423 5.448 5.475 5.501 5.528 5.556 5.584 5.612 5.641 5.670 5.699 5.728 5.756 5.785 5.812 5.839 5.865 5.889 5.912 5.934 5.954 5.971 5.986 6.000 6.013 6.026 6.037 6.049 6.061 6.074 6.089 6.104 6.120 6.138 6.157 6.176 6.195 6.214 6.234 6.252 6.271 6.288 6.305 6.321 6.335 6.347
4.514 4.561 4.607 4.650 4.693 4.734 4.775 4.814 4.852 4.889 4.925 4.961 4.995 5.029 5.062 5.094 5.125 5.155 5.184 5.212 5.239 5.266 5.292 5.317 5.342 5.366 5.389 5.412 5.437 5.461 5.486 5.511 5.537 5.563 5.590 5.617 5.645 5.674 5.703 5.731 5.760 5.789 5.817 5.844 5.871 5.896 5.921 5.944 5.966 5.985 6.002 6.018 6.032 6.046 6.058 6.070 6.082 6.094 6.107 6.121 6.136 6.152 6.169 6.187 6.206 6.225 6.243 6.262 6.280 6.298 6.315 6.332 6.347 6.360
4.531 4.578 4.624 4.667 4.709 4.750 4.790 4.830 4.868 4.905 4.942 4.978 5.013 5.047 5.080 5.112 5.143 5.174 5.203 5.231 5.259 5.285 5.311 5.336 5.360 5.384 5.407 5.429 5.452 5.475 5.498 5.522 5.546 5.571 5.597 5.623 5.650 5.678 5.706 5.734 5.763 5.791 5.820 5.848 5.875 5.902 5.928 5.952 5.975 5.996 6.015 6.032 6.049 6.064 6.077 6.090 6.102 6.113 6.126 6.139 6.152 6.167 6.183 6.200 6.217 6.235 6.254 6.272 6.290 6.308 6.326 6.343 6.359 6.373
4.548 4.595 4.639 4.682 4.724 4.765 4.805 4.845 4.883 4.921 4.958 4.994 5.029 5.064 5.097 5.130 5.161 5.192 5.222 5.250 5.278 5.305 5.331 5.356 5.380 5.403 5.425 5.447 5.469 5.491 5.513 5.535 5.558 5.581 5.606 5.630 5.656 5.683 5.710 5.738 5.766 5.794 5.822 5.850 5.878 5.905 5.932 5.958 5.982 6.004 6.025 6.044 6.063 6.079 6.094 6.108 6.120 6.132 6.144 6.157 6.170 6.183 6.198 6.213 6.230 6.247 6.265 6.283 6.301 6.319 6.336 6.354 6.370 6.385
4.565 4.610 4.655 4.697 4.738 4.780 4.820 4.859 4.898 4.936 4.973 5.009 5.045 5.079 5.113 5.146 5.178 5.209 5.239 5.268 5.297 5.324 5.350 5.375 5.399 5.423 5.445 5.465 5.487 5.508 5.529 5.550 5.571 5.593 5.616 5.639 5.663 5.689 5.714 5.741 5.768 5.796 5.824 5.852 5.880 5.908 5.935 5.962 5.987 6.011 6.033 6.054 6.074 6.092 6.108 6.123 6.137 6.150 6.162 6.175 6.187 6.200 6.214 6.228 6.243 6.260 6.276 6.294 6.312 6.329 6.347 6.365 6.382 6.397
4.581 4.626 4.670 4.711 4.752 4.794 4.834 4.873 4.912 4.950 4.987 5.024 5.059 5.094 5.128 5.162 5.194 5.225 5.256 5.286 5.314 5.342 5.369 5.394 5.419 5.443 5.464 5.485 5.506 5.527 5.547 5.567 5.587 5.607 5.628 5.650 5.672 5.696 5.720 5.746 5.772 5.799 5.826 5.854 5.882 5.910 5.937 5.964 5.991 6.015 6.038 6.061 6.082 6.102 6.120 6.137 6.152 6.166 6.179 6.191 6.204 6.216 6.229 6.243 6.257 6.273 6.289 6.306 6.323 6.341 6.358 6.376 6.393 6.409
4.597 4.641 4.684 4.726 4.766 4.807 4.847 4.886 4.925 4.963 5.000 5.037 5.073 5.108 5.142 5.176 5.208 5.240 5.271 5.302 5.331 5.359 5.386 5.413 5.438 5.462 5.484 5.505 5.526 5.546 5.566 5.585 5.604 5.623 5.642 5.662 5.683 5.705 5.728 5.752 5.777 5.802 5.829 5.856 5.883 5.911 5.939 5.966 5.993 6.018 6.042 6.066 6.088 6.109 6.129 6.147 6.164 6.179 6.193 6.207 6.219 6.232 6.245 6.258 6.272 6.286 6.302 6.318 6.335 6.352 6.370 6.388 6.405 6.421
4.612 4.656 4.699 4.740 4.780 4.820 4.860 4.899 4.938 4.976 5.013 5.050 5.085 5.121 5.155 5.189 5.222 5.254 5.286 5.316 5.346 5.375 5.403 5.430 5.456 5.481 5.503 5.525 5.546 5.567 5.586 5.605 5.623 5.641 5.659 5.677 5.696 5.716 5.737 5.759 5.783 5.807 5.833 5.859 5.885 5.913 5.940 5.967 5.994 6.020 6.044 6.069 6.093 6.115 6.136 6.156 6.174 6.190 6.206 6.220 6.233 6.246 6.259 6.272 6.286 6.300 6.315 6.331 6.347 6.364 6.382 6.400 6.417 6.434
4.628 4.671 4.713 4.753 4.793 4.833 4.873 4.912 4.950 4.988 5.025 5.061 5.097 5.132 5.167 5.201 5.234 5.267 5.299 5.330 5.360 5.390 5.418 5.446 5.473 5.498 5.522 5.544 5.566 5.587 5.606 5.625 5.643 5.660 5.677 5.695 5.712 5.730 5.749 5.770 5.791 5.814 5.838 5.862 5.888 5.915 5.941 5.968 5.995 6.021 6.046 6.071 6.096 6.119 6.141 6.162 6.181 6.199 6.216 6.231 6.245 6.259 6.272 6.286 6.299 6.313 6.328 6.343 6.359 6.376 6.394 6.412 6.429 6.446
4.644 4.686 4.728 4.767 4.807 4.846 4.885 4.924 4.962 4.999 5.036 5.072 5.108 5.143 5.178 5.212 5.245 5.278 5.310 5.342 5.373 5.403 5.432 5.461 5.488 5.514 5.539 5.562 5.585 5.606 5.627 5.646 5.664 5.681 5.698 5.714 5.730 5.747 5.764 5.782 5.802 5.822 5.844 5.868 5.892 5.918 5.944 5.970 5.997 6.022 6.048 6.073 6.098 6.122 6.145 6.167 6.187 6.206 6.224 6.240 6.256 6.270 6.284 6.298 6.311 6.325 6.340 6.355 6.372 6.389 6.406 6.424 6.441 6.459
4.661 4.702 4.742 4.781 4.820 4.859 4.898 4.936 4.973 5.010 5.047 5.083 5.118 5.153 5.188 5.222 5.255 5.288 5.321 5.353 5.384 5.415 5.445 5.474 5.502 5.529 5.554 5.579 5.602 5.625 5.646 5.666 5.685 5.702 5.719 5.734 5.750 5.765 5.781 5.797 5.815 5.833 5.854 5.875 5.898 5.922 5.947 5.972 5.998 6.024 6.049 6.075 6.100 6.124 6.148 6.170 6.191 6.211 6.230 6.247 6.264 6.279 6.294 6.308 6.322 6.337 6.351 6.367 6.383 6.400 6.418 6.436 6.453 6.472
4.678 4.718 4.758 4.796 4.834 4.872 4.910 4.948 4.985 5.021 5.057 5.093 5.128 5.163 5.197 5.231 5.264 5.297 5.330 5.362 5.394 5.425 5.456 5.485 5.514 5.542 5.568 5.593 5.618 5.642 5.664 5.685 5.705 5.723 5.740 5.756 5.771 5.785 5.800 5.815 5.831 5.847 5.865 5.885 5.906 5.928 5.952 5.976 6.001 6.026 6.051 6.076 6.101 6.126 6.150 6.173 6.195 6.215 6.235 6.253 6.270 6.286 6.302 6.317 6.332 6.346 6.362 6.378 6.394 6.411 6.430 6.447 6.465 6.484
4.696 4.735 4.773 4.810 4.848 4.886 4.923 4.959 4.996 5.032 5.067 5.102 5.137 5.171 5.206 5.239 5.273 5.306 5.339 5.371 5.403 5.434 5.465 5.496 5.525 5.553 5.580 5.606 5.632 5.657 5.681 5.703 5.723 5.743 5.760 5.777 5.792 5.807 5.821 5.835 5.849 5.864 5.880 5.897 5.916 5.937 5.959 5.982 6.005 6.029 6.053 6.078 6.103 6.128 6.152 6.175 6.197 6.218 6.239 6.258 6.275 6.292 6.309 6.324 6.340 6.355 6.371 6.387 6.404 6.422 6.440 6.458 6.477 6.496
4.714 4.752 4.789 4.826 4.863 4.899 4.936 4.972 5.007 5.042 5.077 5.112 5.146 5.180 5.214 5.247 5.281 5.314 5.346 5.379 5.411 5.442 5.474 5.504 5.534 5.563 5.590 5.618 5.645 5.670 5.695 5.718 5.740 5.761 5.780 5.798 5.814 5.829 5.843 5.856 5.870 5.883 5.897 5.913 5.930 5.948 5.968 5.989 6.011 6.033 6.056 6.081 6.105 6.130 6.154 6.177 6.200 6.221 6.242 6.261 6.280 6.297 6.314 6.330 6.347 6.363 6.379 6.395 6.413 6.431 6.450 6.468 6.487 6.507
4.732 4.770 4.806 4.842 4.878 4.914 4.949 4.984 5.019 5.053 5.087 5.121 5.155 5.188 5.222 5.255 5.288 5.321 5.353 5.385 5.418 5.449 5.481 5.511 5.542 5.571 5.599 5.627 5.655 5.682 5.708 5.732 5.756 5.777 5.798 5.817 5.834 5.850 5.865 5.878 5.891 5.904 5.917 5.931 5.946 5.962 5.980 5.999 6.019 6.039 6.062 6.085 6.109 6.132 6.156 6.179 6.202 6.224 6.244 6.264 6.283 6.301 6.319 6.336 6.352 6.369 6.386 6.403 6.420 6.439 6.458 6.477 6.497 6.517
4.751 4.788 4.823 4.858 4.893 4.928 4.963 4.997 5.031 5.064 5.098 5.131 5.164 5.197 5.230 5.262 5.295 5.327 5.360 5.392 5.424 5.455 5.487 5.518 5.548 5.578 5.606 5.635 5.664 5.691 5.718 5.744 5.769 5.792 5.814 5.834 5.853 5.870 5.886 5.900 5.914 5.926 5.938 5.951 5.964 5.978 5.994 6.011 6.029 6.048 6.068 6.090 6.113 6.136 6.159 6.182 6.204 6.226 6.247 6.267 6.287 6.305 6.323 6.341 6.358 6.375 6.392 6.409 6.428 6.446 6.466 6.486 6.506 6.527
4.771 4.807 4.841 4.875 4.910 4.944 4.977 5.010 5.043 5.076 5.109 5.141 5.173 5.206 5.238 5.270 5.302 5.334 5.365 5.397 5.429 5.460 5.492 5.523 5.554 5.583 5.612 5.642 5.671 5.699 5.727 5.754 5.779 5.804 5.827 5.849 5.870 5.888 5.906 5.921 5.935 5.948 5.961 5.972 5.985 5.997 6.011 6.026 6.042 6.059 6.078 6.098 6.119 6.141 6.163 6.186 6.208 6.229 6.250 6.270 6.290 6.309 6.327 6.345 6.362 6.380 6.397 6.415 6.434 6.453 6.473 6.493 6.513 6.535
4.792 4.827 4.860 4.893 4.927 4.960 4.993 5.025 5.057 5.089 5.120 5.152 5.183 5.215 5.246 5.277 5.309 5.340 5.371 5.403 5.434 5.465 5.496 5.527 5.558 5.588 5.617 5.647 5.677 5.705 5.734 5.761 5.788 5.814 5.839 5.862 5.884 5.904 5.923 5.940 5.956 5.970 5.983 5.995 6.006 6.018 6.030 6.044 6.057 6.072 6.089 6.108 6.127 6.148 6.169 6.190 6.212 6.233 6.254 6.274 6.293 6.313 6.331 6.349 6.367 6.385 6.403 6.421 6.440 6.460 6.480 6.500 6.521 6.543
4.812 4.847 4.879 4.912 4.945 4.977 5.009 5.040 5.071 5.102 5.133 5.163 5.194 5.224 5.255 5.285 5.316 5.347 5.377 5.408 5.439 5.470 5.500 5.531 5.562 5.592 5.621 5.651 5.681 5.710 5.739 5.768 5.795 5.822 5.848 5.873 5.896 5.918 5.938 5.957 5.974 5.990 6.004 6.016 6.028 6.040 6.051 6.063 6.075 6.088 6.103 6.120 6.137 6.156 6.176 6.196 6.217 6.238 6.258 6.278 6.298 6.317 6.335 6.354 6.372 6.390 6.408 6.427 6.446 6.466 6.486 6.507 6.528 6.550
4.833 4.867 4.899 4.931 4.963 4.994 5.025 5.056 5.086 5.116 5.146 5.176 5.206 5.235 5.265 5.294 5.324 5.354 5.384 5.413 5.444 5.474 5.504 5.535 5.565 5.595 5.624 5.654 5.684 5.714 5.743 5.772 5.800 5.828 5.855 5.881 5.906 5.929 5.951 5.971 5.990 6.007 6.023 6.037 6.049 6.061 6.072 6.084 6.095 6.106 6.119 6.134 6.150 6.167 6.185 6.204 6.224 6.244 6.263 6.283 6.303 6.322 6.340 6.359 6.377 6.396 6.414 6.433 6.452 6.472 6.493 6.513 6.534 6.557
4.854 4.888 4.919 4.950 4.982 5.013 5.043 5.073 5.103 5.132 5.161 5.190 5.218 5.247 5.276 5.304 5.333 5.362 5.390 5.420 5.449 5.478 5.508 5.538 5.568 5.597 5.626 5.656 5.686 5.716 5.746 5.775 5.804 5.833 5.860 5.887 5.913 5.938 5.961 5.983 6.004 6.023 6.040 6.055 6.069 6.082 6.094 6.105 6.115 6.125 6.137 6.150 6.165 6.180 6.197 6.214 6.233 6.251 6.270 6.290 6.309 6.328 6.346 6.365 6.384 6.402 6.421 6.440 6.459 6.479 6.500 6.520 6.541 6.564
