version1/TsunamiDB/out54171.asc
ncols          264
nrows          230
xllcorner      497853.4375
yllcorner      4229146.0000
cellsize         5.
NODATA_value   -99
[rows 136 to 169 of 230, columns 0 to 76 of 264]
6.344 6.356 6.368 6.380 6.392 6.404 6.417 6.429 6.441 6.453 6.464 6.475 6.485 6.495 6.506 6.515 6.525 6.534 6.543 6.551 6.559 6.566 6.573 6.579 6.585 6.590 6.595 6.599 6.602 6.605 6.608 6.610 6.612 6.612 6.613 6.613 6.613 6.613 6.614 6.614 6.615 6.616 6.617 6.619 6.621 6.624 6.626 6.629 6.632 6.635 6.638 6.641 6.645 6.649 6.653 6.656 6.659 6.662 6.665 6.668 6.671 6.674 6.677 6.679 6.682 6.685 6.687 6.690 6.692 6.695 6.697 6.699 6.702 6.704 6.706 6.708 6.710
6.347 6.359 6.371 6.383 6.395 6.407 6.420 6.432 6.444 6.456 6.467 6.478 6.489 6.499 6.509 6.519 6.529 6.539 6.548 6.556 6.565 6.572 6.580 6.587 6.593 6.599 6.604 6.608 6.612 6.616 6.619 6.622 6.623 6.624 6.624 6.625 6.625 6.625 6.625 6.625 6.625 6.626 6.627 6.629 6.630 6.632 6.634 6.637 6.640 6.643 6.646 6.649 6.652 6.656 6.660 6.663 6.666 6.669 6.672 6.675 6.678 6.681 6.683 6.686 6.689 6.691 6.694 6.697 6.699 6.702 6.704 6.706 6.709 6.711 6.713 6.715 6.718
6.350 6.362 6.374 6.386 6.398 6.411 6.423 6.435 6.448 6.459 6.470 6.481 6.492 6.503 6.513 6.524 6.533 6.543 6.553 6.562 6.570 6.578 6.586 6.594 6.600 6.607 6.612 6.617 6.622 6.626 6.630 6.633 6.634 6.636 6.636 6.637 6.637 6.637 6.636 6.636 6.636 6.637 6.637 6.638 6.640 6.641 6.643 6.645 6.648 6.650 6.653 6.656 6.660 6.663 6.667 6.670 6.673 6.676 6.679 6.682 6.685 6.688 6.690 6.693 6.696 6.698 6.701 6.703 6.706 6.708 6.711 6.713 6.716 6.718 6.720 6.723 6.725
6.353 6.365 6.377 6.389 6.402 6.414 6.426 6.439 6.451 6.462 6.474 6.485 6.496 6.506 6.517 6.528 6.538 6.548 6.557 6.567 6.576 6.584 6.592 6.600 6.607 6.614 6.620 6.626 6.631 6.636 6.640 6.643 6.646 6.647 6.648 6.649 6.649 6.649 6.648 6.648 6.648 6.648 6.648 6.649 6.650 6.651 6.652 6.654 6.656 6.659 6.661 6.664 6.668 6.671 6.675 6.678 6.681 6.683 6.686 6.689 6.692 6.695 6.697 6.700 6.703 6.705 6.708 6.710 6.713 6.715 6.718 6.720 6.723 6.725 6.727 6.730 6.733
6.357 6.369 6.381 6.393 6.405 6.417 6.429 6.442 6.454 6.465 6.477 6.488 6.499 6.510 6.521 6.531 6.542 6.552 6.562 6.572 6.581 6.590 6.598 6.607 6.614 6.622 6.628 6.634 6.640 6.645 6.650 6.654 6.657 6.659 6.660 6.661 6.661 6.661 6.661 6.660 6.660 6.660 6.660 6.660 6.660 6.661 6.662 6.664 6.665 6.668 6.670 6.673 6.676 6.679 6.682 6.685 6.688 6.691 6.694 6.697 6.699 6.702 6.705 6.707 6.710 6.712 6.715 6.718 6.720 6.723 6.725 6.728 6.730 6.732 6.735 6.737 6.740
6.360 6.372 6.384 6.396 6.408 6.420 6.433 6.445 6.457 6.469 6.480 6.492 6.503 6.514 6.525 6.535 6.546 6.556 6.566 6.576 6.586 6.595 6.604 6.613 6.621 6.629 6.636 6.642 6.649 6.654 6.660 6.664 6.667 6.670 6.672 6.673 6.673 6.674 6.673 6.673 6.673 6.672 6.672 6.671 6.671 6.672 6.673 6.674 6.675 6.677 6.679 6.681 6.684 6.687 6.691 6.693 6.696 6.699 6.701 6.704 6.707 6.709 6.712 6.715 6.717 6.720 6.722 6.725 6.727 6.730 6.732 6.735 6.737 6.740 6.742 6.745 6.748
6.364 6.376 6.388 6.400 6.412 6.424 6.436 6.448 6.461 6.472 6.484 6.495 6.506 6.517 6.528 6.539 6.550 6.561 6.571 6.581 6.591 6.601 6.610 6.619 6.627 6.635 6.643 6.650 6.657 6.663 6.669 6.674 6.678 6.681 6.683 6.685 6.686 6.686 6.686 6.686 6.685 6.685 6.684 6.684 6.683 6.683 6.684 6.684 6.685 6.687 6.688 6.691 6.693 6.696 6.699 6.702 6.704 6.707 6.709 6.712 6.715 6.717 6.720 6.722 6.725 6.727 6.730 6.732 6.735 6.737 6.740 6.742 6.745 6.747 6.750 6.752 6.755
6.368 6.379 6.391 6.403 6.415 6.427 6.439 6.452 6.464 6.476 6.487 6.498 6.510 6.521 6.532 6.543 6.554 6.565 6.575 6.586 6.596 6.606 6.615 6.625 6.633 6.642 6.650 6.658 6.665 6.671 6.678 6.683 6.688 6.691 6.694 6.696 6.698 6.699 6.699 6.699 6.698 6.698 6.697 6.696 6.696 6.695 6.695 6.695 6.696 6.697 6.698 6.700 6.702 6.705 6.708 6.710 6.713 6.715 6.718 6.720 6.723 6.725 6.728 6.730 6.733 6.735 6.738 6.740 6.743 6.745 6.748 6.750 6.753 6.755 6.758 6.760 6.763
6.371 6.383 6.395 6.406 6.418 6.430 6.443 6.455 6.467 6.479 6.490 6.502 6.513 6.524 6.536 6.547 6.558 6.569 6.579 6.590 6.600 6.611 6.620 6.630 6.639 6.648 6.657 6.665 6.672 6.680 6.686 6.693 6.697 6.702 6.705 6.708 6.710 6.711 6.712 6.712 6.712 6.711 6.710 6.709 6.709 6.708 6.707 6.707 6.708 6.708 6.709 6.710 6.712 6.715 6.717 6.719 6.721 6.724 6.726 6.729 6.731 6.734 6.736 6.738 6.741 6.743 6.746 6.748 6.751 6.753 6.756 6.758 6.761 6.763 6.766 6.768 6.771
6.375 6.386 6.398 6.410 6.422 6.434 6.446 6.459 6.471 6.482 6.494 6.505 6.517 6.528 6.539 6.550 6.562 6.573 6.584 6.594 6.605 6.615 6.625 6.635 6.645 6.654 6.663 6.671 6.680 6.687 6.695 6.701 6.707 6.712 6.716 6.719 6.721 6.723 6.724 6.725 6.725 6.725 6.724 6.723 6.722 6.721 6.720 6.720 6.720 6.720 6.720 6.721 6.723 6.725 6.727 6.729 6.731 6.733 6.735 6.737 6.740 6.742 6.744 6.747 6.749 6.752 6.754 6.756 6.759 6.761 6.764 6.766 6.769 6.771 6.774 6.776 6.779
6.378 6.390 6.401 6.413 6.425 6.437 6.449 6.462 6.474 6.485 6.497 6.508 6.520 6.531 6.543 6.554 6.565 6.576 6.587 6.598 6.609 6.620 6.630 6.640 6.650 6.660 6.669 6.678 6.686 6.695 6.703 6.710 6.716 6.721 6.726 6.730 6.733 6.735 6.737 6.738 6.738 6.738 6.737 6.737 6.736 6.735 6.734 6.733 6.732 6.732 6.732 6.733 6.734 6.735 6.737 6.739 6.741 6.742 6.744 6.747 6.749 6.751 6.753 6.756 6.758 6.760 6.763 6.765 6.767 6.770 6.772 6.775 6.777 6.780 6.782 6.785 6.788
6.382 6.393 6.405 6.416 6.428 6.440 6.452 6.465 6.477 6.488 6.500 6.511 6.523 6.534 6.546 6.557 6.568 6.580 6.591 6.602 6.613 6.624 6.635 6.645 6.655 6.665 6.675 6.684 6.693 6.701 6.710 6.718 6.724 6.730 6.735 6.740 6.743 6.746 6.749 6.750 6.751 6.751 6.751 6.750 6.750 6.749 6.747 6.746 6.746 6.745 6.745 6.745 6.745 6.747 6.748 6.749 6.751 6.752 6.754 6.756 6.758 6.760 6.762 6.765 6.767 6.769 6.771 6.774 6.776 6.778 6.781 6.783 6.786 6.788 6.791 6.793 6.796
6.385 6.396 6.408 6.420 6.431 6.443 6.456 6.468 6.480 6.491 6.503 6.514 6.526 6.537 6.549 6.560 6.572 6.583 6.594 6.606 6.617 6.628 6.639 6.649 6.660 6.670 6.680 6.690 6.699 6.708 6.717 6.725 6.732 6.739 6.744 6.749 6.754 6.757 6.760 6.762 6.764 6.764 6.765 6.764 6.764 6.763 6.761 6.760 6.759 6.758 6.758 6.757 6.758 6.759 6.759 6.760 6.761 6.763 6.764 6.766 6.768 6.770 6.772 6.774 6.776 6.778 6.781 6.783 6.785 6.787 6.790 6.792 6.795 6.797 6.800 6.802 6.805
6.388 6.400 6.411 6.423 6.434 6.446 6.459 6.471 6.483 6.494 6.505 6.517 6.528 6.540 6.551 6.563 6.574 6.586 6.597 6.609 6.620 6.631 6.642 6.653 6.664 6.675 6.685 6.695 6.704 6.714 6.723 6.732 6.739 6.746 6.753 6.758 6.763 6.767 6.771 6.774 6.776 6.777 6.778 6.778 6.777 6.777 6.776 6.774 6.773 6.772 6.771 6.771 6.770 6.771 6.771 6.772 6.773 6.774 6.775 6.776 6.778 6.780 6.782 6.784 6.786 6.788 6.790 6.792 6.794 6.797 6.799 6.801 6.804 6.806 6.809 6.811 6.814
6.391 6.403 6.414 6.426 6.437 6.449 6.462 6.474 6.485 6.497 6.508 6.519 6.531 6.542 6.554 6.565 6.577 6.589 6.600 6.612 6.623 6.635 6.646 6.657 6.668 6.679 6.689 6.699 6.710 6.719 6.729 6.738 6.746 6.754 6.761 6.767 6.772 6.777 6.781 6.785 6.787 6.789 6.790 6.791 6.791 6.791 6.790 6.789 6.787 6.786 6.785 6.784 6.784 6.784 6.784 6.784 6.784 6.785 6.786 6.787 6.788 6.790 6.792 6.794 6.795 6.797 6.800 6.802 6.804 6.806 6.808 6.811 6.813 6.816 6.818 6.821 6.824
6.394 6.405 6.417 6.428 6.440 6.452 6.464 6.476 6.488 6.499 6.510 6.522 6.533 6.545 6.556 6.568 6.579 6.591 6.603 6.614 6.626 6.637 6.649 6.660 6.671 6.682 6.693 6.704 6.714 6.724 6.735 6.744 6.752 6.760 6.768 6.775 6.781 6.786 6.791 6.795 6.798 6.801 6.802 6.804 6.804 6.804 6.804 6.803 6.802 6.800 6.799 6.798 6.797 6.797 6.797 6.797 6.796 6.797 6.797 6.798 6.799 6.801 6.802 6.804 6.805 6.807 6.809 6.811 6.814 6.816 6.818 6.820 6.823 6.825 6.827 6.830 6.833
6.397 6.408 6.420 6.431 6.443 6.454 6.467 6.479 6.490 6.501 6.513 6.524 6.535 6.547 6.558 6.570 6.581 6.593 6.605 6.617 6.628 6.640 6.651 6.663 6.674 6.685 6.697 6.707 6.718 6.729 6.740 6.749 6.758 6.766 6.774 6.782 6.788 6.794 6.800 6.804 6.808 6.811 6.814 6.816 6.817 6.817 6.817 6.817 6.816 6.815 6.813 6.812 6.811 6.811 6.810 6.809 6.809 6.809 6.809 6.810 6.810 6.811 6.813 6.814 6.816 6.818 6.819 6.821 6.823 6.826 6.828 6.830 6.832 6.835 6.837 6.840 6.843
6.400 6.411 6.422 6.434 6.445 6.457 6.469 6.481 6.492 6.503 6.515 6.526 6.537 6.549 6.560 6.572 6.583 6.595 6.607 6.618 6.630 6.642 6.654 6.665 6.677 6.688 6.699 6.711 6.722 6.733 6.744 6.754 6.763 6.772 6.780 6.788 6.795 6.802 6.808 6.813 6.818 6.821 6.824 6.827 6.829 6.830 6.830 6.830 6.829 6.829 6.827 6.826 6.825 6.825 6.824 6.823 6.822 6.821 6.821 6.821 6.822 6.823 6.824 6.825 6.826 6.828 6.830 6.831 6.833 6.836 6.838 6.840 6.842 6.844 6.847 6.850 6.852
6.402 6.413 6.425 6.436 6.447 6.459 6.471 6.483 6.494 6.505 6.516 6.528 6.539 6.550 6.562 6.573 6.585 6.597 6.608 6.620 6.632 6.644 6.655 6.667 6.679 6.690 6.702 6.713 6.725 6.736 6.747 6.757 6.767 6.777 6.785 6.794 6.801 6.808 6.815 6.821 6.826 6.831 6.834 6.837 6.840 6.841 6.842 6.843 6.843 6.842 6.841 6.840 6.839 6.839 6.838 6.836 6.835 6.834 6.834 6.834 6.834 6.834 6.835 6.836 6.837 6.838 6.840 6.842 6.844 6.846 6.848 6.850 6.852 6.854 6.857 6.859 6.862
6.404 6.416 6.427 6.438 6.449 6.461 6.473 6.485 6.496 6.507 6.518 6.529 6.541 6.552 6.563 6.575 6.586 6.598 6.610 6.621 6.633 6.645 6.657 6.669 6.681 6.692 6.704 6.716 6.727 6.739 6.750 6.761 6.771 6.781 6.790 6.799 6.807 6.814 6.821 6.828 6.834 6.839 6.843 6.847 6.850 6.852 6.854 6.855 6.855 6.855 6.855 6.854 6.853 6.853 6.851 6.850 6.848 6.847 6.846 6.846 6.846 6.846 6.846 6.847 6.848 6.849 6.850 6.852 6.854 6.856 6.858 6.860 6.862 6.864 6.867 6.869 6.872
6.407 6.418 6.429 6.440 6.451 6.463 6.475 6.487 6.498 6.509 6.520 6.531 6.542 6.553 6.565 6.576 6.587 6.599 6.611 6.622 6.634 6.646 6.658 6.670 6.682 6.694 6.706 6.717 6.729 6.741 6.753 6.764 6.774 6.784 6.794 6.803 6.811 6.820 6.827 6.834 6.841 6.846 6.851 6.856 6.859 6.862 6.865 6.866 6.867 6.868 6.868 6.867 6.867 6.866 6.865 6.863 6.862 6.860 6.859 6.858 6.858 6.858 6.858 6.858 6.859 6.860 6.861 6.862 6.864 6.866 6.868 6.870 6.872 6.874 6.876 6.879 6.882
6.409 6.420 6.431 6.442 6.453 6.465 6.477 6.488 6.499 6.510 6.521 6.532 6.543 6.554 6.566 6.577 6.588 6.600 6.612 6.623 6.635 6.647 6.659 6.671 6.683 6.695 6.707 6.719 6.731 6.743 6.755 6.766 6.776 6.787 6.797 6.806 6.815 6.824 6.832 6.840 6.847 6.853 6.859 6.864 6.868 6.872 6.875 6.877 6.878 6.879 6.880 6.880 6.880 6.879 6.878 6.876 6.875 6.873 6.872 6.871 6.870 6.869 6.869 6.869 6.870 6.871 6.872 6.873 6.874 6.876 6.878 6.880 6.882 6.884 6.886 6.889 6.892
6.411 6.422 6.433 6.444 6.455 6.467 6.478 6.490 6.501 6.512 6.523 6.533 6.544 6.556 6.567 6.578 6.589 6.601 6.612 6.624 6.636 6.648 6.660 6.671 6.684 6.696 6.708 6.720 6.732 6.744 6.756 6.767 6.778 6.789 6.799 6.809 6.819 6.828 6.836 6.844 6.852 6.859 6.865 6.871 6.876 6.880 6.884 6.886 6.889 6.890 6.891 6.892 6.892 6.892 6.891 6.889 6.888 6.886 6.885 6.883 6.882 6.881 6.881 6.881 6.881 6.881 6.882 6.883 6.884 6.886 6.888 6.889 6.891 6.894 6.896 6.899 6.902
6.413 6.424 6.435 6.446 6.457 6.468 6.480 6.491 6.502 6.513 6.524 6.535 6.546 6.557 6.568 6.579 6.590 6.601 6.613 6.625 6.636 6.648 6.660 6.672 6.684 6.696 6.708 6.720 6.733 6.745 6.757 6.769 6.780 6.791 6.801 6.812 6.822 6.831 6.840 6.848 6.856 6.864 6.871 6.877 6.882 6.887 6.892 6.895 6.898 6.900 6.902 6.903 6.904 6.904 6.903 6.902 6.901 6.899 6.897 6.896 6.895 6.893 6.893 6.892 6.892 6.892 6.893 6.893 6.895 6.896 6.897 6.899 6.901 6.903 6.906 6.908 6.911
6.415 6.426 6.436 6.448 6.459 6.470 6.482 6.493 6.504 6.514 6.525 6.536 6.547 6.558 6.569 6.580 6.591 6.602 6.613 6.625 6.637 6.648 6.660 6.672 6.684 6.696 6.708 6.721 6.733 6.746 6.758 6.769 6.781 6.792 6.803 6.814 6.824 6.834 6.843 6.852 6.860 6.868 6.875 6.882 6.888 6.894 6.899 6.903 6.907 6.909 6.912 6.913 6.915 6.915 6.915 6.914 6.913 6.911 6.910 6.908 6.907 6.905 6.904 6.903 6.903 6.903 6.903 6.904 6.905 6.906 6.907 6.909 6.911 6.913 6.915 6.918 6.920
6.416 6.427 6.438 6.449 6.460 6.472 6.483 6.494 6.505 6.516 6.526 6.537 6.548 6.559 6.569 6.580 6.591 6.603 6.614 6.625 6.637 6.649 6.660 6.672 6.684 6.696 6.708 6.721 6.733 6.746 6.758 6.770 6.782 6.793 6.804 6.815 6.825 6.836 6.845 6.855 6.863 6.872 6.880 6.887 6.894 6.900 6.905 6.910 6.914 6.918 6.920 6.923 6.925 6.926 6.926 6.925 6.925 6.923 6.922 6.920 6.919 6.917 6.916 6.915 6.914 6.914 6.914 6.914 6.915 6.916 6.917 6.918 6.920 6.922 6.924 6.927 6.929
6.418 6.429 6.440 6.451 6.462 6.473 6.485 6.496 6.506 6.517 6.528 6.538 6.549 6.559 6.570 6.581 6.592 6.603 6.614 6.626 6.637 6.649 6.661 6.672 6.684 6.696 6.708 6.721 6.733 6.746 6.758 6.770 6.782 6.793 6.805 6.816 6.827 6.837 6.847 6.857 6.866 6.875 6.883 6.891 6.898 6.905 6.911 6.916 6.921 6.925 6.929 6.932 6.934 6.936 6.936 6.936 6.936 6.935 6.934 6.932 6.930 6.929 6.927 6.926 6.925 6.924 6.924 6.924 6.925 6.925 6.926 6.928 6.929 6.931 6.933 6.936 6.938
6.420 6.431 6.441 6.452 6.464 6.475 6.486 6.497 6.508 6.518 6.529 6.539 6.550 6.560 6.571 6.582 6.593 6.604 6.615 6.626 6.638 6.649 6.661 6.672 6.684 6.696 6.708 6.720 6.733 6.746 6.758 6.770 6.782 6.794 6.805 6.816 6.827 6.838 6.848 6.859 6.868 6.877 6.886 6.894 6.902 6.909 6.916 6.922 6.927 6.932 6.936 6.939 6.943 6.945 6.946 6.946 6.946 6.946 6.945 6.943 6.942 6.940 6.939 6.937 6.936 6.935 6.934 6.934 6.934 6.935 6.936 6.937 6.938 6.940 6.942 6.944 6.947
6.421 6.432 6.443 6.454 6.465 6.476 6.488 6.499 6.509 6.520 6.530 6.540 6.551 6.561 6.572 6.583 6.594 6.604 6.615 6.627 6.638 6.649 6.661 6.672 6.684 6.696 6.708 6.720 6.733 6.745 6.758 6.770 6.782 6.794 6.805 6.817 6.828 6.839 6.849 6.860 6.870 6.879 6.888 6.897 6.905 6.913 6.920 6.927 6.933 6.938 6.943 6.947 6.950 6.953 6.955 6.956 6.956 6.956 6.955 6.954 6.953 6.951 6.950 6.948 6.947 6.946 6.945 6.944 6.944 6.944 6.945 6.946 6.947 6.949 6.951 6.953 6.955
6.423 6.434 6.445 6.456 6.467 6.478 6.489 6.500 6.511 6.521 6.531 6.542 6.552 6.563 6.573 6.584 6.594 6.605 6.616 6.627 6.638 6.650 6.661 6.672 6.684 6.696 6.708 6.720 6.732 6.745 6.757 6.769 6.781 6.793 6.805 6.817 6.828 6.839 6.850 6.861 6.871 6.881 6.890 6.899 6.908 6.916 6.924 6.931 6.937 6.943 6.948 6.953 6.958 6.961 6.963 6.965 6.966 6.966 6.966 6.965 6.964 6.962 6.961 6.959 6.958 6.956 6.955 6.954 6.954 6.954 6.954 6.955 6.956 6.957 6.959 6.961 6.964
6.424 6.435 6.446 6.457 6.468 6.479 6.491 6.502 6.512 6.522 6.533 6.543 6.553 6.564 6.574 6.585 6.595 6.606 6.617 6.628 6.639 6.650 6.661 6.673 6.684 6.696 6.708 6.720 6.732 6.745 6.757 6.769 6.781 6.793 6.805 6.816 6.828 6.839 6.850 6.861 6.872 6.882 6.892 6.901 6.910 6.919 6.927 6.935 6.942 6.948 6.954 6.959 6.964 6.968 6.971 6.973 6.974 6.975 6.975 6.975 6.974 6.973 6.971 6.970 6.968 6.967 6.965 6.964 6.964 6.963 6.964 6.964 6.965 6.966 6.968 6.970 6.972
6.425 6.436 6.447 6.458 6.470 6.481 6.493 6.503 6.513 6.524 6.534 6.544 6.554 6.565 6.575 6.586 6.596 6.607 6.618 6.628 6.639 6.650 6.661 6.673 6.684 6.696 6.707 6.719 6.732 6.744 6.757 6.768 6.780 6.792 6.804 6.816 6.828 6.839 6.850 6.861 6.872 6.883 6.893 6.903 6.912 6.921 6.930 6.938 6.945 6.952 6.959 6.964 6.970 6.974 6.978 6.981 6.983 6.984 6.984 6.984 6.984 6.983 6.982 6.980 6.979 6.977 6.976 6.974 6.974 6.973 6.973 6.973 6.974 6.975 6.976 6.978 6.980
6.426 6.437 6.448 6.459 6.471 6.483 6.494 6.504 6.515 6.525 6.535 6.545 6.556 6.566 6.576 6.587 6.597 6.608 6.618 6.629 6.640 6.651 6.662 6.673 6.684 6.696 6.707 6.719 6.731 6.744 6.756 6.768 6.780 6.792 6.804 6.815 6.827 6.839 6.850 6.861 6.873 6.883 6.894 6.904 6.914 6.923 6.932 6.941 6.948 6.956 6.963 6.969 6.975 6.980 6.984 6.988 6.990 6.992 6.993 6.994 6.993 6.993 6.992 6.990 6.989 6.987 6.986 6.984 6.983 6.983 6.982 6.982 6.982 6.983 6.984 6.986 6.988
6.426 6.437 6.449 6.460 6.472 6.484 6.495 6.505 6.516 6.526 6.536 6.547 6.557 6.567 6.577 6.588 6.598 6.609 6.619 6.630 6.641 6.651 6.662 6.673 6.685 6.696 6.707 6.719 6.731 6.744 6.756 6.768 6.779 6.791 6.803 6.815 6.827 6.838 6.850 6.861 6.873 6.884 6.894 6.905 6.915 6.925 6.934 6.943 6.951 6.959 6.967 6.973 6.980 6.986 6.990 6.994 6.997 7.000 7.001 7.002 7.002 7.002 7.001 7.000 6.999 6.997 6.996 6.994 6.993 6.992 6.991 6.991 6.991 6.992 6.993 6.994 6.996
