version1/TsunamiDB/out54122.asc
ncols          264
nrows          230
xllcorner      497853.4375
yllcorner      4229146.0000
cellsize         5.
NODATA_value   -99
[rows 136 to 169 of 230, columns 0 to 76 of 264]
5.418 5.435 5.452 5.469 5.486 5.502 5.518 5.534 5.549 5.563 5.577 5.592 5.607 5.621 5.635 5.649 5.663 5.677 5.690 5.703 5.716 5.729 5.742 5.754 5.766 5.778 5.790 5.802 5.813 5.825 5.836 5.847 5.856 5.866 5.876 5.886 5.896 5.907 5.917 5.928 5.939 5.950 5.961 5.973 5.985 5.997 6.009 6.023 6.036 6.050 6.065 6.081 6.097 6.114 6.132 6.149 6.167 6.187 6.207 6.229 6.251 6.275 6.299 6.324 6.350 6.376 6.402 6.428 6.453 6.478 6.502 6.525 6.547 6.567 6.587 6.605 6.622
5.428 5.446 5.462 5.479 5.495 5.512 5.528 5.544 5.558 5.572 5.587 5.601 5.616 5.630 5.644 5.658 5.672 5.686 5.699 5.712 5.725 5.738 5.751 5.763 5.776 5.788 5.800 5.811 5.823 5.834 5.846 5.856 5.866 5.875 5.885 5.895 5.905 5.916 5.926 5.936 5.947 5.957 5.968 5.979 5.990 6.002 6.014 6.026 6.039 6.052 6.066 6.080 6.095 6.110 6.126 6.142 6.158 6.175 6.194 6.213 6.234 6.255 6.278 6.301 6.325 6.350 6.375 6.401 6.426 6.452 6.477 6.502 6.526 6.549 6.571 6.592 6.612
5.439 5.456 5.473 5.489 5.505 5.521 5.537 5.553 5.568 5.582 5.596 5.610 5.625 5.639 5.653 5.667 5.681 5.694 5.708 5.721 5.734 5.747 5.760 5.772 5.784 5.797 5.809 5.820 5.832 5.844 5.855 5.865 5.875 5.885 5.895 5.905 5.915 5.925 5.935 5.945 5.955 5.965 5.976 5.986 5.997 6.008 6.019 6.031 6.043 6.055 6.068 6.081 6.095 6.109 6.124 6.137 6.152 6.168 6.184 6.202 6.220 6.240 6.260 6.281 6.303 6.326 6.350 6.374 6.399 6.424 6.450 6.475 6.500 6.525 6.549 6.572 6.595
5.450 5.466 5.483 5.499 5.515 5.531 5.547 5.563 5.577 5.591 5.605 5.619 5.634 5.648 5.662 5.676 5.689 5.703 5.716 5.729 5.742 5.755 5.768 5.780 5.793 5.805 5.817 5.829 5.841 5.852 5.864 5.874 5.884 5.894 5.904 5.914 5.924 5.934 5.944 5.953 5.963 5.973 5.983 5.994 6.004 6.014 6.025 6.036 6.048 6.059 6.071 6.084 6.096 6.110 6.123 6.136 6.149 6.164 6.179 6.194 6.211 6.228 6.247 6.266 6.286 6.306 6.328 6.351 6.374 6.398 6.422 6.447 6.472 6.498 6.523 6.548 6.572
5.460 5.477 5.493 5.509 5.525 5.541 5.557 5.572 5.587 5.600 5.614 5.629 5.643 5.657 5.670 5.684 5.698 5.711 5.724 5.737 5.750 5.763 5.776 5.789 5.801 5.813 5.825 5.837 5.849 5.861 5.872 5.883 5.892 5.902 5.912 5.922 5.932 5.942 5.952 5.962 5.972 5.981 5.991 6.001 6.011 6.021 6.032 6.042 6.053 6.064 6.075 6.087 6.099 6.112 6.124 6.136 6.149 6.162 6.175 6.190 6.205 6.221 6.237 6.255 6.273 6.291 6.311 6.331 6.352 6.375 6.397 6.421 6.445 6.469 6.494 6.519 6.545
5.470 5.487 5.503 5.520 5.535 5.551 5.567 5.582 5.596 5.610 5.624 5.638 5.652 5.666 5.679 5.693 5.706 5.720 5.733 5.746 5.759 5.771 5.784 5.796 5.809 5.821 5.833 5.845 5.857 5.868 5.880 5.891 5.900 5.910 5.921 5.931 5.941 5.951 5.960 5.970 5.980 5.990 5.999 6.009 6.019 6.028 6.038 6.049 6.059 6.070 6.080 6.092 6.103 6.115 6.127 6.138 6.149 6.162 6.175 6.188 6.202 6.216 6.232 6.247 6.263 6.280 6.298 6.316 6.336 6.356 6.376 6.398 6.420 6.443 6.467 6.491 6.516
5.481 5.497 5.513 5.530 5.545 5.561 5.577 5.592 5.606 5.619 5.633 5.647 5.661 5.675 5.688 5.702 5.715 5.728 5.741 5.754 5.767 5.779 5.792 5.804 5.816 5.829 5.841 5.852 5.864 5.876 5.888 5.898 5.908 5.918 5.928 5.939 5.949 5.959 5.968 5.978 5.988 5.997 6.007 6.017 6.026 6.036 6.045 6.055 6.065 6.075 6.086 6.097 6.108 6.119 6.130 6.140 6.151 6.163 6.175 6.188 6.201 6.214 6.228 6.243 6.258 6.273 6.289 6.306 6.323 6.341 6.360 6.380 6.400 6.421 6.443 6.465 6.489
5.490 5.507 5.523 5.539 5.555 5.571 5.586 5.602 5.616 5.629 5.643 5.657 5.670 5.684 5.697 5.711 5.724 5.737 5.749 5.762 5.775 5.787 5.800 5.812 5.824 5.836 5.848 5.860 5.872 5.883 5.895 5.906 5.916 5.926 5.936 5.946 5.956 5.966 5.976 5.986 5.996 6.005 6.015 6.024 6.033 6.043 6.052 6.062 6.072 6.082 6.092 6.102 6.112 6.123 6.134 6.144 6.154 6.165 6.177 6.189 6.201 6.214 6.227 6.240 6.254 6.269 6.284 6.299 6.315 6.331 6.348 6.366 6.384 6.403 6.423 6.443 6.465
5.500 5.517 5.533 5.549 5.565 5.581 5.596 5.611 5.625 5.639 5.652 5.666 5.680 5.693 5.706 5.720 5.733 5.745 5.758 5.771 5.783 5.795 5.808 5.820 5.832 5.844 5.855 5.867 5.879 5.891 5.902 5.913 5.923 5.933 5.943 5.953 5.964 5.974 5.984 5.993 6.003 6.013 6.022 6.031 6.041 6.050 6.059 6.069 6.078 6.088 6.098 6.107 6.118 6.128 6.138 6.148 6.158 6.169 6.179 6.191 6.203 6.215 6.227 6.240 6.253 6.266 6.280 6.295 6.309 6.324 6.340 6.356 6.372 6.390 6.408 6.426 6.446
5.509 5.526 5.542 5.559 5.574 5.590 5.605 5.621 5.635 5.648 5.662 5.675 5.689 5.702 5.716 5.729 5.742 5.754 5.767 5.779 5.791 5.804 5.816 5.828 5.839 5.851 5.863 5.875 5.886 5.898 5.909 5.920 5.930 5.940 5.950 5.960 5.971 5.981 5.991 6.000 6.010 6.020 6.029 6.039 6.048 6.057 6.066 6.075 6.085 6.094 6.104 6.113 6.123 6.133 6.143 6.152 6.162 6.172 6.183 6.194 6.205 6.216 6.228 6.241 6.253 6.266 6.279 6.292 6.306 6.320 6.334 6.349 6.365 6.380 6.397 6.414 6.431
5.518 5.535 5.551 5.568 5.584 5.599 5.615 5.630 5.644 5.657 5.671 5.685 5.698 5.712 5.725 5.738 5.751 5.763 5.776 5.788 5.800 5.812 5.824 5.836 5.847 5.859 5.871 5.882 5.893 5.905 5.916 5.927 5.937 5.947 5.957 5.967 5.977 5.987 5.997 6.007 6.017 6.027 6.036 6.045 6.055 6.064 6.073 6.082 6.091 6.100 6.110 6.119 6.129 6.139 6.148 6.157 6.166 6.176 6.186 6.197 6.208 6.219 6.230 6.242 6.254 6.266 6.279 6.292 6.305 6.318 6.331 6.345 6.359 6.374 6.389 6.405 6.421
5.527 5.544 5.560 5.576 5.592 5.608 5.624 5.639 5.653 5.666 5.680 5.694 5.707 5.721 5.734 5.747 5.760 5.772 5.785 5.797 5.809 5.821 5.832 5.844 5.856 5.867 5.878 5.890 5.901 5.912 5.923 5.934 5.943 5.953 5.964 5.974 5.984 5.994 6.004 6.014 6.024 6.033 6.043 6.052 6.061 6.071 6.080 6.089 6.098 6.107 6.116 6.125 6.135 6.144 6.153 6.162 6.171 6.180 6.190 6.200 6.211 6.222 6.233 6.244 6.256 6.268 6.280 6.292 6.304 6.317 6.330 6.343 6.356 6.370 6.384 6.399 6.414
5.536 5.552 5.569 5.585 5.601 5.617 5.632 5.648 5.661 5.675 5.689 5.703 5.716 5.730 5.743 5.756 5.769 5.781 5.794 5.806 5.818 5.830 5.841 5.853 5.864 5.875 5.886 5.898 5.909 5.920 5.931 5.941 5.950 5.960 5.970 5.980 5.991 6.001 6.011 6.021 6.030 6.040 6.049 6.059 6.068 6.077 6.086 6.095 6.104 6.113 6.122 6.131 6.140 6.150 6.159 6.167 6.176 6.185 6.194 6.204 6.215 6.225 6.236 6.247 6.258 6.269 6.281 6.293 6.305 6.317 6.330 6.342 6.355 6.368 6.382 6.395 6.409
5.544 5.560 5.577 5.593 5.609 5.625 5.641 5.656 5.669 5.683 5.697 5.711 5.725 5.739 5.752 5.765 5.778 5.791 5.803 5.815 5.827 5.838 5.850 5.861 5.873 5.884 5.895 5.906 5.917 5.928 5.938 5.948 5.958 5.967 5.977 5.987 5.997 6.007 6.017 6.027 6.037 6.046 6.056 6.065 6.074 6.083 6.092 6.101 6.110 6.119 6.128 6.137 6.146 6.155 6.164 6.172 6.181 6.190 6.199 6.208 6.218 6.229 6.239 6.250 6.261 6.272 6.283 6.295 6.306 6.318 6.330 6.342 6.355 6.367 6.380 6.393 6.407
5.552 5.569 5.585 5.601 5.617 5.633 5.649 5.664 5.678 5.692 5.706 5.720 5.734 5.747 5.761 5.774 5.787 5.799 5.812 5.824 5.836 5.848 5.859 5.870 5.881 5.892 5.903 5.914 5.925 5.936 5.946 5.956 5.965 5.974 5.984 5.994 6.004 6.014 6.024 6.033 6.043 6.053 6.062 6.071 6.081 6.090 6.099 6.108 6.116 6.125 6.134 6.143 6.152 6.161 6.170 6.177 6.186 6.194 6.203 6.213 6.222 6.232 6.243 6.253 6.264 6.274 6.285 6.297 6.308 6.319 6.331 6.343 6.355 6.367 6.380 6.393 6.406
5.560 5.577 5.593 5.609 5.625 5.641 5.657 5.672 5.686 5.700 5.714 5.728 5.742 5.756 5.769 5.783 5.796 5.808 5.821 5.833 5.845 5.857 5.868 5.879 5.890 5.901 5.912 5.923 5.933 5.944 5.954 5.964 5.973 5.982 5.992 6.001 6.011 6.021 6.030 6.040 6.050 6.059 6.068 6.078 6.087 6.096 6.105 6.114 6.122 6.131 6.140 6.149 6.158 6.167 6.175 6.183 6.191 6.199 6.208 6.217 6.227 6.236 6.246 6.256 6.267 6.277 6.288 6.299 6.310 6.321 6.333 6.344 6.356 6.368 6.380 6.393 6.405
5.568 5.585 5.601 5.617 5.633 5.649 5.665 5.679 5.693 5.708 5.722 5.736 5.750 5.764 5.778 5.791 5.804 5.817 5.830 5.842 5.854 5.866 5.877 5.888 5.899 5.910 5.921 5.932 5.942 5.953 5.963 5.972 5.981 5.990 5.999 6.009 6.018 6.028 6.037 6.047 6.056 6.065 6.075 6.084 6.093 6.102 6.111 6.120 6.129 6.137 6.146 6.155 6.164 6.173 6.181 6.188 6.196 6.204 6.213 6.222 6.231 6.240 6.250 6.260 6.270 6.280 6.291 6.302 6.312 6.323 6.335 6.346 6.358 6.369 6.381 6.393 6.406
5.577 5.593 5.609 5.625 5.641 5.657 5.673 5.687 5.701 5.715 5.730 5.744 5.758 5.772 5.786 5.799 5.812 5.825 5.838 5.851 5.863 5.874 5.886 5.897 5.909 5.919 5.930 5.941 5.951 5.962 5.972 5.980 5.989 5.998 6.007 6.016 6.026 6.035 6.044 6.054 6.063 6.072 6.081 6.090 6.099 6.108 6.117 6.126 6.135 6.143 6.152 6.161 6.170 6.178 6.186 6.193 6.201 6.209 6.218 6.227 6.235 6.245 6.254 6.264 6.274 6.284 6.294 6.304 6.315 6.326 6.337 6.348 6.359 6.371 6.383 6.395 6.407
5.585 5.601 5.617 5.633 5.649 5.665 5.680 5.695 5.709 5.723 5.738 5.752 5.766 5.780 5.794 5.807 5.821 5.834 5.847 5.859 5.871 5.883 5.895 5.906 5.918 5.929 5.939 5.950 5.961 5.971 5.980 5.989 5.998 6.006 6.016 6.025 6.034 6.043 6.052 6.061 6.070 6.079 6.088 6.097 6.106 6.115 6.124 6.132 6.141 6.150 6.158 6.167 6.176 6.184 6.192 6.199 6.207 6.215 6.223 6.231 6.240 6.249 6.258 6.268 6.277 6.287 6.297 6.308 6.318 6.329 6.339 6.350 6.361 6.373 6.384 6.396 6.408
5.595 5.610 5.626 5.642 5.658 5.673 5.689 5.703 5.717 5.731 5.745 5.760 5.774 5.788 5.802 5.815 5.829 5.842 5.855 5.868 5.880 5.892 5.904 5.915 5.927 5.938 5.949 5.959 5.970 5.980 5.990 5.998 6.007 6.015 6.024 6.033 6.042 6.051 6.060 6.069 6.078 6.087 6.095 6.104 6.113 6.122 6.130 6.139 6.147 6.156 6.165 6.173 6.182 6.190 6.197 6.205 6.212 6.220 6.228 6.236 6.245 6.254 6.263 6.272 6.281 6.291 6.301 6.311 6.321 6.331 6.342 6.353 6.364 6.375 6.386 6.398 6.410
5.605 5.620 5.636 5.651 5.666 5.682 5.697 5.712 5.725 5.739 5.754 5.768 5.782 5.796 5.810 5.824 5.837 5.850 5.863 5.876 5.888 5.901 5.913 5.924 5.936 5.947 5.958 5.969 5.979 5.990 5.999 6.007 6.016 6.025 6.033 6.042 6.051 6.060 6.068 6.077 6.086 6.094 6.103 6.112 6.120 6.129 6.137 6.146 6.154 6.163 6.171 6.180 6.188 6.196 6.203 6.210 6.218 6.226 6.234 6.242 6.250 6.259 6.267 6.276 6.286 6.295 6.305 6.314 6.324 6.335 6.345 6.356 6.366 6.377 6.389 6.400 6.412
5.616 5.631 5.646 5.661 5.676 5.691 5.706 5.720 5.734 5.748 5.762 5.776 5.790 5.804 5.818 5.832 5.845 5.858 5.872 5.884 5.897 5.909 5.921 5.933 5.945 5.956 5.967 5.978 5.989 5.999 6.008 6.017 6.025 6.034 6.043 6.052 6.060 6.069 6.077 6.086 6.094 6.103 6.111 6.119 6.128 6.136 6.145 6.153 6.161 6.170 6.178 6.186 6.195 6.203 6.209 6.217 6.224 6.231 6.239 6.247 6.255 6.264 6.272 6.281 6.290 6.299 6.309 6.318 6.328 6.338 6.348 6.359 6.369 6.380 6.391 6.403 6.414
5.628 5.642 5.657 5.672 5.687 5.701 5.716 5.730 5.743 5.757 5.771 5.785 5.799 5.813 5.827 5.840 5.854 5.867 5.880 5.893 5.906 5.918 5.930 5.942 5.954 5.965 5.976 5.987 5.998 6.009 6.018 6.027 6.035 6.044 6.053 6.061 6.070 6.078 6.087 6.095 6.103 6.111 6.120 6.128 6.136 6.144 6.152 6.161 6.169 6.177 6.185 6.193 6.202 6.209 6.216 6.223 6.230 6.238 6.245 6.253 6.261 6.269 6.278 6.286 6.295 6.304 6.313 6.322 6.332 6.342 6.352 6.362 6.372 6.383 6.394 6.405 6.416
5.641 5.655 5.670 5.684 5.698 5.712 5.727 5.740 5.753 5.767 5.780 5.794 5.808 5.822 5.835 5.849 5.862 5.876 5.889 5.902 5.914 5.927 5.939 5.951 5.963 5.974 5.986 5.997 6.008 6.018 6.028 6.036 6.045 6.054 6.063 6.071 6.080 6.088 6.096 6.105 6.113 6.121 6.129 6.137 6.145 6.153 6.161 6.169 6.177 6.185 6.193 6.201 6.209 6.216 6.223 6.230 6.237 6.244 6.252 6.259 6.267 6.275 6.283 6.291 6.300 6.309 6.318 6.327 6.336 6.346 6.355 6.366 6.376 6.386 6.397 6.408 6.419
5.656 5.670 5.683 5.697 5.711 5.725 5.739 5.752 5.764 5.777 5.791 5.804 5.818 5.831 5.845 5.858 5.872 5.885 5.898 5.911 5.923 5.936 5.948 5.960 5.972 5.984 5.995 6.006 6.017 6.028 6.038 6.046 6.055 6.064 6.073 6.081 6.090 6.098 6.107 6.115 6.123 6.131 6.139 6.146 6.154 6.162 6.170 6.177 6.185 6.193 6.201 6.209 6.217 6.224 6.230 6.237 6.244 6.251 6.258 6.266 6.273 6.281 6.289 6.297 6.306 6.314 6.323 6.332 6.341 6.350 6.360 6.369 6.380 6.390 6.400 6.411 6.422
5.672 5.686 5.699 5.712 5.725 5.739 5.752 5.765 5.777 5.789 5.802 5.815 5.829 5.842 5.855 5.868 5.881 5.894 5.907 5.920 5.933 5.945 5.957 5.969 5.981 5.993 6.005 6.016 6.027 6.038 6.048 6.056 6.065 6.074 6.083 6.092 6.100 6.109 6.117 6.125 6.133 6.141 6.149 6.156 6.164 6.172 6.179 6.187 6.194 6.202 6.210 6.217 6.225 6.232 6.238 6.245 6.252 6.259 6.266 6.273 6.280 6.288 6.296 6.303 6.312 6.320 6.328 6.337 6.346 6.355 6.364 6.374 6.384 6.394 6.404 6.415 6.425
5.690 5.703 5.716 5.728 5.741 5.754 5.767 5.779 5.790 5.802 5.815 5.828 5.840 5.853 5.866 5.879 5.892 5.905 5.917 5.930 5.942 5.955 5.967 5.979 5.991 6.003 6.014 6.026 6.037 6.048 6.058 6.067 6.076 6.085 6.094 6.103 6.111 6.120 6.128 6.136 6.144 6.152 6.159 6.167 6.174 6.182 6.189 6.197 6.204 6.212 6.219 6.226 6.234 6.241 6.247 6.253 6.260 6.267 6.274 6.281 6.288 6.295 6.303 6.310 6.318 6.326 6.334 6.343 6.351 6.360 6.369 6.379 6.388 6.398 6.408 6.419 6.429
5.709 5.722 5.734 5.746 5.758 5.771 5.783 5.794 5.805 5.817 5.829 5.841 5.853 5.866 5.878 5.891 5.903 5.916 5.928 5.941 5.953 5.965 5.977 5.989 6.001 6.013 6.024 6.036 6.047 6.058 6.068 6.077 6.086 6.095 6.105 6.113 6.122 6.131 6.139 6.147 6.155 6.163 6.171 6.178 6.185 6.193 6.200 6.207 6.215 6.222 6.229 6.236 6.244 6.250 6.256 6.262 6.269 6.275 6.282 6.289 6.296 6.303 6.310 6.318 6.325 6.333 6.341 6.349 6.357 6.366 6.375 6.384 6.393 6.403 6.413 6.423 6.433
5.729 5.741 5.753 5.765 5.777 5.789 5.801 5.811 5.822 5.833 5.844 5.856 5.868 5.880 5.892 5.904 5.916 5.928 5.940 5.952 5.964 5.976 5.988 6.000 6.012 6.023 6.035 6.046 6.058 6.069 6.079 6.088 6.097 6.106 6.116 6.125 6.133 6.142 6.150 6.159 6.167 6.174 6.182 6.190 6.197 6.204 6.211 6.218 6.225 6.233 6.240 6.247 6.254 6.260 6.266 6.272 6.278 6.285 6.291 6.298 6.304 6.311 6.318 6.325 6.333 6.340 6.348 6.356 6.364 6.372 6.381 6.389 6.399 6.408 6.418 6.428 6.438
5.750 5.762 5.774 5.785 5.797 5.808 5.820 5.830 5.840 5.850 5.861 5.872 5.884 5.895 5.906 5.918 5.929 5.941 5.953 5.965 5.976 5.988 6.000 6.011 6.023 6.035 6.046 6.057 6.069 6.080 6.090 6.099 6.108 6.118 6.127 6.136 6.145 6.154 6.162 6.170 6.178 6.186 6.194 6.201 6.209 6.216 6.223 6.230 6.237 6.244 6.251 6.258 6.265 6.271 6.277 6.282 6.288 6.295 6.301 6.307 6.314 6.320 6.327 6.334 6.341 6.348 6.356 6.363 6.371 6.379 6.387 6.396 6.405 6.414 6.423 6.433 6.443
5.770 5.782 5.794 5.806 5.817 5.829 5.840 5.849 5.859 5.869 5.880 5.890 5.901 5.912 5.923 5.933 5.945 5.956 5.967 5.978 5.990 6.001 6.012 6.024 6.035 6.047 6.058 6.069 6.080 6.091 6.101 6.110 6.120 6.129 6.139 6.148 6.157 6.166 6.174 6.182 6.191 6.198 6.206 6.214 6.221 6.228 6.235 6.242 6.249 6.256 6.263 6.270 6.276 6.283 6.288 6.294 6.299 6.305 6.311 6.318 6.324 6.330 6.337 6.343 6.350 6.357 6.364 6.371 6.379 6.386 6.394 6.403 6.411 6.420 6.429 6.439 6.448
5.791 5.803 5.815 5.827 5.838 5.850 5.860 5.869 5.879 5.889 5.899 5.909 5.919 5.930 5.940 5.950 5.961 5.971 5.982 5.993 6.004 6.015 6.026 6.037 6.048 6.059 6.070 6.082 6.093 6.103 6.113 6.122 6.132 6.141 6.151 6.160 6.169 6.178 6.186 6.195 6.203 6.211 6.219 6.226 6.234 6.241 6.248 6.255 6.262 6.268 6.275 6.282 6.289 6.295 6.300 6.305 6.311 6.317 6.322 6.328 6.335 6.341 6.347 6.353 6.360 6.366 6.373 6.380 6.387 6.395 6.402 6.410 6.419 6.427 6.436 6.446 6.455
5.810 5.823 5.835 5.847 5.859 5.870 5.881 5.890 5.899 5.909 5.919 5.929 5.939 5.949 5.959 5.968 5.978 5.989 5.999 6.009 6.019 6.030 6.041 6.051 6.062 6.073 6.084 6.095 6.105 6.116 6.126 6.135 6.144 6.154 6.163 6.172 6.181 6.190 6.199 6.208 6.216 6.224 6.232 6.239 6.247 6.254 6.261 6.268 6.275 6.281 6.288 6.295 6.301 6.307 6.312 6.317 6.323 6.328 6.334 6.340 6.346 6.352 6.358 6.364 6.370 6.376 6.383 6.390 6.396 6.403 6.411 6.419 6.427 6.435 6.444 6.453 6.461
5.829 5.842 5.854 5.867 5.878 5.890 5.901 5.910 5.920 5.930 5.940 5.949 5.959 5.969 5.978 5.988 5.997 6.007 6.016 6.026 6.036 6.046 6.056 6.066 6.077 6.087 6.098 6.109 6.119 6.130 6.139 6.148 6.157 6.167 6.176 6.185 6.194 6.203 6.212 6.221 6.229 6.237 6.245 6.252 6.260 6.267 6.274 6.281 6.288 6.295 6.301 6.308 6.314 6.320 6.325 6.330 6.335 6.341 6.346 6.352 6.358 6.364 6.369 6.375 6.381 6.387 6.393 6.400 6.406 6.413 6.420 6.427 6.435 6.443 6.451 6.460 6.469
