version1/TsunamiDB/out54107.asc
ncols          264
nrows          230
xllcorner      497853.4375
yllcorner      4229146.0000
cellsize         5.
NODATA_value   -99
[rows 34 to 67 of 230, columns 77 to 153 of 264]
5.490 5.507 5.523 5.539 5.554 5.569 5.583 5.596 5.608 5.621 5.633 5.645 5.657 5.668 5.680 5.691 5.702 5.712 5.723 5.735 5.746 5.757 5.769 5.781 5.794 5.807 5.820 5.834 5.848 5.861 5.873 5.886 5.900 5.914 5.927 5.941 5.955 5.969 5.982 5.996 6.009 6.023 6.036 6.049 6.062 6.075 6.088 6.100 6.113 6.126 6.138 6.151 6.163 6.173 6.184 6.195 6.206 6.217 6.228 6.238 6.249 6.259 6.269 6.279 6.288 6.298 6.306 6.315 6.323 6.330 6.337 6.344 6.350 6.355 6.361 6.365 6.367
5.501 5.518 5.535 5.551 5.567 5.582 5.596 5.609 5.622 5.635 5.647 5.660 5.672 5.683 5.694 5.705 5.716 5.726 5.737 5.747 5.758 5.768 5.779 5.791 5.802 5.814 5.827 5.840 5.853 5.865 5.877 5.890 5.903 5.917 5.930 5.944 5.958 5.971 5.985 5.999 6.012 6.025 6.039 6.052 6.065 6.078 6.091 6.103 6.116 6.129 6.141 6.154 6.166 6.177 6.187 6.198 6.210 6.221 6.231 6.242 6.253 6.263 6.274 6.284 6.293 6.303 6.312 6.321 6.329 6.337 6.344 6.351 6.358 6.364 6.370 6.374 6.377
5.512 5.529 5.546 5.562 5.578 5.594 5.608 5.621 5.635 5.648 5.661 5.674 5.686 5.697 5.709 5.720 5.730 5.740 5.751 5.761 5.771 5.781 5.791 5.801 5.812 5.823 5.835 5.847 5.859 5.871 5.883 5.895 5.907 5.921 5.934 5.947 5.961 5.974 5.988 6.001 6.015 6.028 6.041 6.054 6.068 6.081 6.093 6.106 6.119 6.132 6.144 6.157 6.169 6.180 6.191 6.202 6.213 6.224 6.235 6.246 6.257 6.267 6.278 6.288 6.298 6.308 6.317 6.326 6.335 6.343 6.351 6.358 6.365 6.372 6.378 6.383 6.387
5.522 5.539 5.556 5.572 5.589 5.605 5.619 5.633 5.647 5.660 5.674 5.687 5.699 5.711 5.723 5.734 5.745 5.755 5.765 5.775 5.784 5.794 5.804 5.813 5.823 5.834 5.844 5.855 5.867 5.878 5.889 5.900 5.912 5.925 5.938 5.951 5.964 5.978 5.991 6.004 6.018 6.031 6.044 6.057 6.070 6.083 6.096 6.109 6.122 6.135 6.147 6.160 6.172 6.183 6.194 6.205 6.216 6.227 6.238 6.249 6.260 6.271 6.282 6.292 6.302 6.312 6.322 6.331 6.340 6.349 6.357 6.365 6.372 6.379 6.386 6.391 6.395
5.531 5.548 5.565 5.582 5.598 5.615 5.630 5.644 5.658 5.672 5.686 5.699 5.712 5.725 5.737 5.748 5.759 5.770 5.780 5.790 5.799 5.808 5.817 5.827 5.836 5.845 5.855 5.865 5.876 5.886 5.896 5.907 5.918 5.930 5.943 5.955 5.968 5.981 5.994 6.008 6.021 6.034 6.047 6.060 6.073 6.086 6.099 6.112 6.125 6.137 6.150 6.163 6.175 6.186 6.197 6.208 6.219 6.231 6.242 6.253 6.264 6.275 6.286 6.296 6.306 6.316 6.326 6.336 6.345 6.354 6.363 6.371 6.379 6.386 6.393 6.399 6.404
5.540 5.557 5.574 5.591 5.608 5.624 5.639 5.654 5.668 5.683 5.697 5.711 5.724 5.737 5.749 5.761 5.773 5.784 5.794 5.804 5.814 5.823 5.832 5.841 5.849 5.858 5.867 5.877 5.886 5.896 5.905 5.915 5.925 5.937 5.948 5.960 5.973 5.985 5.998 6.011 6.024 6.037 6.050 6.063 6.076 6.089 6.102 6.115 6.127 6.140 6.153 6.166 6.177 6.188 6.200 6.211 6.222 6.234 6.245 6.256 6.267 6.278 6.289 6.300 6.310 6.321 6.331 6.340 6.350 6.359 6.368 6.376 6.385 6.392 6.400 6.406 6.411
5.549 5.566 5.583 5.600 5.617 5.633 5.648 5.663 5.678 5.692 5.707 5.721 5.735 5.748 5.761 5.774 5.786 5.797 5.808 5.818 5.828 5.838 5.847 5.855 5.864 5.872 5.881 5.889 5.898 5.907 5.915 5.924 5.934 5.944 5.955 5.966 5.978 5.990 6.003 6.015 6.028 6.041 6.054 6.066 6.079 6.092 6.105 6.118 6.130 6.143 6.156 6.169 6.180 6.191 6.203 6.214 6.225 6.237 6.248 6.259 6.271 6.282 6.293 6.303 6.314 6.324 6.335 6.345 6.354 6.364 6.373 6.382 6.390 6.398 6.406 6.413 6.419
5.558 5.575 5.592 5.609 5.625 5.642 5.657 5.672 5.687 5.702 5.716 5.731 5.745 5.759 5.772 5.785 5.798 5.810 5.821 5.832 5.842 5.852 5.861 5.870 5.878 5.887 5.895 5.903 5.911 5.919 5.926 5.934 5.943 5.953 5.963 5.974 5.985 5.996 6.008 6.020 6.032 6.045 6.057 6.070 6.083 6.095 6.108 6.121 6.133 6.146 6.159 6.171 6.183 6.194 6.206 6.217 6.228 6.240 6.251 6.263 6.274 6.285 6.296 6.307 6.318 6.328 6.338 6.349 6.358 6.368 6.377 6.387 6.395 6.404 6.412 6.419 6.425
5.567 5.584 5.601 5.617 5.634 5.650 5.666 5.680 5.695 5.710 5.725 5.740 5.755 5.769 5.782 5.796 5.809 5.821 5.833 5.844 5.855 5.865 5.875 5.884 5.893 5.901 5.909 5.917 5.925 5.932 5.939 5.946 5.954 5.963 5.972 5.982 5.992 6.003 6.014 6.025 6.037 6.049 6.062 6.074 6.086 6.099 6.112 6.124 6.137 6.149 6.162 6.175 6.186 6.197 6.209 6.220 6.231 6.243 6.254 6.266 6.277 6.288 6.299 6.310 6.321 6.332 6.342 6.352 6.362 6.372 6.382 6.391 6.400 6.409 6.418 6.425 6.431
5.576 5.593 5.609 5.626 5.642 5.659 5.674 5.689 5.704 5.719 5.734 5.749 5.763 5.778 5.792 5.805 5.819 5.832 5.844 5.856 5.867 5.878 5.888 5.898 5.907 5.916 5.924 5.932 5.940 5.946 5.953 5.959 5.967 5.974 5.983 5.992 6.001 6.011 6.021 6.032 6.043 6.055 6.066 6.078 6.091 6.103 6.115 6.128 6.140 6.153 6.165 6.178 6.190 6.201 6.212 6.223 6.235 6.246 6.258 6.269 6.280 6.292 6.303 6.314 6.325 6.335 6.346 6.356 6.366 6.376 6.386 6.396 6.405 6.414 6.423 6.431 6.437
5.585 5.602 5.618 5.635 5.651 5.667 5.683 5.697 5.712 5.727 5.742 5.757 5.772 5.786 5.800 5.814 5.828 5.841 5.854 5.867 5.878 5.890 5.901 5.911 5.921 5.930 5.938 5.946 5.954 5.961 5.967 5.973 5.980 5.987 5.995 6.003 6.011 6.020 6.030 6.040 6.050 6.061 6.072 6.084 6.095 6.107 6.119 6.132 6.144 6.156 6.169 6.181 6.193 6.204 6.215 6.226 6.238 6.249 6.261 6.272 6.284 6.295 6.306 6.317 6.328 6.339 6.349 6.360 6.370 6.380 6.390 6.400 6.409 6.419 6.428 6.436 6.443
5.595 5.611 5.628 5.644 5.660 5.676 5.691 5.705 5.720 5.735 5.750 5.765 5.780 5.794 5.809 5.823 5.837 5.850 5.863 5.876 5.889 5.901 5.912 5.923 5.933 5.943 5.952 5.960 5.969 5.975 5.981 5.988 5.994 6.001 6.008 6.015 6.022 6.031 6.039 6.048 6.058 6.068 6.079 6.090 6.101 6.112 6.124 6.136 6.148 6.160 6.173 6.185 6.197 6.207 6.218 6.230 6.241 6.253 6.264 6.276 6.287 6.298 6.309 6.320 6.331 6.342 6.353 6.364 6.374 6.384 6.394 6.404 6.414 6.423 6.433 6.441 6.448
5.604 5.621 5.637 5.654 5.669 5.685 5.700 5.714 5.729 5.743 5.758 5.773 5.788 5.802 5.816 5.831 5.845 5.859 5.872 5.885 5.898 5.910 5.922 5.934 5.945 5.955 5.965 5.974 5.982 5.990 5.996 6.002 6.008 6.015 6.021 6.028 6.035 6.042 6.050 6.058 6.067 6.076 6.086 6.096 6.107 6.118 6.130 6.141 6.153 6.165 6.177 6.189 6.200 6.211 6.222 6.233 6.245 6.256 6.268 6.279 6.290 6.302 6.313 6.324 6.335 6.346 6.357 6.367 6.378 6.388 6.398 6.408 6.418 6.428 6.437 6.445 6.453
5.614 5.631 5.647 5.663 5.679 5.695 5.709 5.723 5.737 5.752 5.767 5.781 5.796 5.810 5.824 5.839 5.853 5.866 5.880 5.894 5.907 5.919 5.932 5.944 5.955 5.966 5.976 5.986 5.995 6.003 6.010 6.016 6.023 6.029 6.035 6.042 6.048 6.055 6.062 6.069 6.077 6.086 6.095 6.104 6.114 6.125 6.136 6.147 6.158 6.170 6.182 6.193 6.205 6.215 6.226 6.237 6.248 6.260 6.271 6.283 6.294 6.305 6.316 6.328 6.339 6.349 6.360 6.371 6.381 6.392 6.402 6.412 6.422 6.432 6.442 6.450 6.457
5.624 5.641 5.657 5.673 5.689 5.704 5.719 5.732 5.747 5.761 5.775 5.790 5.804 5.818 5.832 5.846 5.860 5.874 5.888 5.901 5.915 5.928 5.940 5.953 5.965 5.976 5.987 5.998 6.007 6.016 6.023 6.030 6.037 6.043 6.050 6.056 6.062 6.068 6.075 6.082 6.089 6.096 6.105 6.113 6.123 6.132 6.142 6.153 6.164 6.175 6.187 6.198 6.209 6.220 6.230 6.241 6.253 6.264 6.275 6.287 6.298 6.309 6.320 6.331 6.342 6.353 6.364 6.375 6.385 6.396 6.406 6.416 6.426 6.436 6.446 6.454 6.462
5.633 5.650 5.667 5.683 5.699 5.714 5.728 5.742 5.756 5.770 5.784 5.798 5.812 5.826 5.840 5.854 5.868 5.882 5.895 5.909 5.922 5.936 5.949 5.961 5.974 5.986 5.997 6.008 6.018 6.027 6.035 6.043 6.050 6.057 6.064 6.070 6.076 6.082 6.088 6.094 6.101 6.108 6.115 6.123 6.132 6.141 6.150 6.160 6.171 6.181 6.192 6.204 6.214 6.224 6.235 6.246 6.257 6.268 6.279 6.291 6.302 6.313 6.324 6.335 6.346 6.357 6.368 6.379 6.389 6.400 6.410 6.420 6.430 6.441 6.450 6.458 6.466
5.642 5.659 5.676 5.693 5.709 5.724 5.738 5.752 5.766 5.780 5.794 5.808 5.821 5.835 5.849 5.862 5.876 5.890 5.903 5.917 5.930 5.943 5.956 5.969 5.982 5.994 6.006 6.018 6.028 6.038 6.046 6.054 6.062 6.070 6.077 6.084 6.090 6.096 6.102 6.108 6.114 6.120 6.127 6.134 6.142 6.150 6.159 6.168 6.178 6.188 6.199 6.210 6.220 6.229 6.240 6.251 6.262 6.273 6.284 6.295 6.306 6.317 6.328 6.339 6.350 6.361 6.372 6.383 6.393 6.404 6.414 6.424 6.435 6.445 6.454 6.463 6.471
5.651 5.668 5.685 5.702 5.718 5.734 5.748 5.761 5.775 5.789 5.803 5.817 5.831 5.844 5.858 5.871 5.884 5.898 5.911 5.924 5.938 5.951 5.964 5.977 5.990 6.002 6.014 6.026 6.038 6.047 6.056 6.065 6.074 6.082 6.089 6.097 6.103 6.110 6.116 6.121 6.127 6.133 6.139 6.146 6.153 6.160 6.168 6.177 6.186 6.196 6.206 6.216 6.225 6.235 6.245 6.256 6.267 6.278 6.289 6.300 6.311 6.322 6.333 6.344 6.355 6.366 6.376 6.387 6.398 6.408 6.418 6.429 6.439 6.449 6.459 6.467 6.475
5.658 5.676 5.694 5.711 5.727 5.743 5.757 5.771 5.785 5.799 5.813 5.827 5.840 5.854 5.867 5.880 5.893 5.906 5.919 5.932 5.945 5.958 5.971 5.984 5.997 6.010 6.022 6.035 6.046 6.056 6.065 6.075 6.084 6.093 6.101 6.109 6.116 6.123 6.129 6.135 6.140 6.146 6.152 6.158 6.165 6.171 6.179 6.187 6.195 6.204 6.214 6.223 6.232 6.241 6.251 6.261 6.272 6.283 6.294 6.305 6.316 6.327 6.337 6.348 6.359 6.370 6.381 6.391 6.402 6.412 6.423 6.433 6.443 6.454 6.463 6.471 6.480
5.665 5.683 5.701 5.719 5.736 5.751 5.766 5.780 5.795 5.809 5.823 5.836 5.850 5.863 5.876 5.889 5.902 5.915 5.928 5.940 5.953 5.966 5.979 5.992 6.005 6.017 6.030 6.042 6.054 6.064 6.074 6.084 6.094 6.103 6.112 6.120 6.128 6.135 6.141 6.148 6.154 6.159 6.165 6.171 6.177 6.183 6.190 6.197 6.205 6.213 6.222 6.231 6.239 6.248 6.258 6.268 6.278 6.288 6.299 6.310 6.321 6.332 6.342 6.353 6.364 6.375 6.386 6.396 6.407 6.417 6.427 6.438 6.448 6.458 6.468 6.476 6.484
5.671 5.690 5.708 5.726 5.743 5.759 5.774 5.789 5.803 5.818 5.832 5.846 5.860 5.873 5.886 5.899 5.911 5.924 5.936 5.949 5.962 5.974 5.987 5.999 6.012 6.025 6.037 6.050 6.061 6.071 6.082 6.092 6.102 6.112 6.121 6.130 6.138 6.146 6.153 6.160 6.166 6.172 6.178 6.183 6.189 6.195 6.202 6.208 6.215 6.223 6.232 6.240 6.247 6.256 6.265 6.274 6.284 6.294 6.305 6.315 6.326 6.337 6.348 6.358 6.369 6.380 6.390 6.401 6.412 6.422 6.432 6.442 6.453 6.463 6.472 6.481 6.489
5.677 5.695 5.714 5.732 5.749 5.766 5.781 5.796 5.812 5.827 5.841 5.855 5.869 5.882 5.895 5.908 5.921 5.933 5.946 5.958 5.970 5.983 5.995 6.007 6.020 6.032 6.045 6.057 6.068 6.079 6.090 6.100 6.111 6.121 6.130 6.140 6.148 6.157 6.164 6.171 6.178 6.184 6.190 6.196 6.202 6.207 6.213 6.220 6.226 6.233 6.241 6.249 6.256 6.264 6.272 6.281 6.291 6.301 6.311 6.321 6.332 6.342 6.353 6.364 6.374 6.385 6.396 6.406 6.417 6.427 6.437 6.447 6.458 6.468 6.477 6.485 6.494
5.682 5.700 5.719 5.737 5.755 5.772 5.788 5.803 5.819 5.834 5.849 5.864 5.878 5.891 5.904 5.917 5.930 5.942 5.955 5.967 5.979 5.991 6.003 6.015 6.028 6.040 6.052 6.064 6.076 6.086 6.097 6.108 6.118 6.129 6.139 6.149 6.158 6.166 6.174 6.182 6.189 6.196 6.202 6.208 6.214 6.219 6.225 6.231 6.237 6.244 6.251 6.258 6.265 6.272 6.280 6.289 6.298 6.308 6.318 6.328 6.338 6.348 6.359 6.369 6.380 6.390 6.401 6.411 6.422 6.432 6.442 6.453 6.463 6.473 6.482 6.491 6.499
5.686 5.705 5.723 5.742 5.760 5.777 5.793 5.809 5.825 5.841 5.856 5.871 5.886 5.900 5.913 5.926 5.939 5.952 5.964 5.976 5.988 6.000 6.012 6.024 6.036 6.048 6.060 6.072 6.083 6.093 6.104 6.115 6.126 6.136 6.147 6.157 6.166 6.175 6.184 6.192 6.199 6.207 6.213 6.219 6.225 6.231 6.237 6.243 6.249 6.255 6.262 6.268 6.274 6.281 6.289 6.297 6.306 6.315 6.324 6.334 6.344 6.355 6.365 6.375 6.386 6.396 6.407 6.417 6.427 6.437 6.448 6.458 6.468 6.478 6.487 6.496 6.504
5.690 5.709 5.728 5.746 5.764 5.782 5.798 5.814 5.831 5.847 5.863 5.878 5.893 5.907 5.921 5.935 5.948 5.960 5.973 5.985 5.997 6.009 6.021 6.032 6.044 6.056 6.068 6.079 6.091 6.101 6.111 6.122 6.133 6.144 6.154 6.164 6.174 6.184 6.193 6.201 6.209 6.217 6.224 6.230 6.236 6.242 6.248 6.254 6.260 6.266 6.272 6.278 6.284 6.291 6.298 6.305 6.314 6.322 6.332 6.341 6.351 6.361 6.371 6.381 6.392 6.402 6.412 6.423 6.433 6.443 6.453 6.463 6.473 6.483 6.493 6.501 6.509
5.695 5.713 5.731 5.750 5.768 5.785 5.802 5.819 5.835 5.852 5.868 5.884 5.899 5.914 5.928 5.942 5.956 5.969 5.981 5.994 6.006 6.018 6.029 6.041 6.052 6.064 6.076 6.087 6.098 6.108 6.119 6.130 6.140 6.151 6.162 6.172 6.182 6.192 6.201 6.210 6.218 6.226 6.233 6.240 6.247 6.253 6.259 6.265 6.271 6.277 6.283 6.289 6.294 6.300 6.307 6.314 6.322 6.330 6.339 6.348 6.358 6.367 6.377 6.387 6.398 6.408 6.418 6.428 6.438 6.449 6.459 6.469 6.479 6.489 6.498 6.507 6.515
5.699 5.717 5.735 5.753 5.772 5.789 5.805 5.822 5.839 5.856 5.872 5.889 5.904 5.920 5.934 5.949 5.963 5.976 5.989 6.002 6.014 6.026 6.038 6.049 6.061 6.072 6.084 6.095 6.106 6.116 6.126 6.137 6.148 6.158 6.169 6.179 6.189 6.199 6.209 6.218 6.227 6.235 6.243 6.250 6.257 6.263 6.270 6.276 6.282 6.288 6.294 6.299 6.304 6.310 6.316 6.323 6.330 6.338 6.347 6.356 6.365 6.374 6.384 6.394 6.404 6.414 6.424 6.434 6.444 6.454 6.464 6.475 6.485 6.495 6.504 6.512 6.520
5.703 5.721 5.739 5.757 5.775 5.792 5.809 5.825 5.842 5.859 5.876 5.893 5.909 5.924 5.940 5.954 5.969 5.983 5.996 6.009 6.022 6.034 6.046 6.057 6.069 6.080 6.092 6.103 6.114 6.124 6.134 6.144 6.155 6.166 6.176 6.187 6.197 6.207 6.216 6.226 6.235 6.243 6.251 6.259 6.266 6.273 6.280 6.286 6.292 6.298 6.304 6.310 6.314 6.320 6.326 6.332 6.339 6.347 6.355 6.363 6.372 6.381 6.391 6.400 6.410 6.420 6.430 6.440 6.450 6.460 6.470 6.480 6.490 6.500 6.510 6.518 6.526
5.709 5.726 5.743 5.761 5.778 5.795 5.812 5.828 5.845 5.862 5.879 5.896 5.912 5.928 5.944 5.959 5.974 5.988 6.002 6.015 6.028 6.041 6.053 6.065 6.077 6.088 6.100 6.111 6.122 6.131 6.141 6.152 6.162 6.173 6.183 6.194 6.204 6.214 6.224 6.233 6.242 6.251 6.260 6.268 6.275 6.282 6.289 6.296 6.302 6.308 6.314 6.320 6.324 6.329 6.335 6.341 6.348 6.355 6.363 6.371 6.379 6.388 6.397 6.407 6.416 6.426 6.436 6.446 6.456 6.466 6.476 6.486 6.496 6.506 6.515 6.524 6.532
5.714 5.731 5.748 5.765 5.782 5.799 5.815 5.831 5.848 5.865 5.882 5.899 5.915 5.931 5.947 5.963 5.978 5.993 6.007 6.021 6.034 6.047 6.060 6.072 6.084 6.096 6.107 6.119 6.129 6.139 6.149 6.159 6.169 6.180 6.190 6.201 6.211 6.221 6.231 6.241 6.250 6.259 6.268 6.276 6.284 6.291 6.298 6.305 6.312 6.318 6.324 6.329 6.334 6.339 6.345 6.351 6.357 6.364 6.371 6.379 6.387 6.395 6.404 6.413 6.423 6.432 6.442 6.452 6.462 6.472 6.482 6.492 6.502 6.512 6.521 6.529 6.538
5.721 5.737 5.753 5.770 5.787 5.803 5.818 5.835 5.851 5.868 5.885 5.901 5.918 5.934 5.950 5.966 5.981 5.996 6.011 6.025 6.039 6.052 6.065 6.078 6.090 6.102 6.114 6.126 6.136 6.146 6.156 6.166 6.177 6.187 6.197 6.208 6.218 6.228 6.238 6.248 6.257 6.266 6.275 6.284 6.292 6.300 6.307 6.314 6.321 6.327 6.334 6.339 6.344 6.349 6.354 6.360 6.366 6.372 6.379 6.387 6.394 6.403 6.411 6.420 6.429 6.438 6.448 6.458 6.467 6.477 6.487 6.497 6.507 6.517 6.527 6.535 6.543
5.728 5.744 5.760 5.776 5.792 5.807 5.822 5.838 5.854 5.871 5.887 5.904 5.920 5.936 5.952 5.968 5.984 5.999 6.014 6.029 6.043 6.057 6.070 6.083 6.096 6.108 6.120 6.132 6.143 6.153 6.163 6.173 6.183 6.194 6.204 6.215 6.225 6.235 6.245 6.255 6.264 6.274 6.283 6.291 6.300 6.308 6.315 6.323 6.330 6.336 6.343 6.348 6.353 6.358 6.363 6.369 6.375 6.381 6.388 6.395 6.402 6.410 6.418 6.427 6.435 6.445 6.454 6.463 6.473 6.483 6.493 6.503 6.513 6.523 6.532 6.540 6.549
5.737 5.752 5.767 5.782 5.798 5.812 5.827 5.842 5.858 5.874 5.890 5.906 5.922 5.939 5.955 5.971 5.986 6.002 6.017 6.032 6.046 6.060 6.074 6.088 6.101 6.113 6.126 6.138 6.149 6.159 6.169 6.179 6.190 6.200 6.211 6.221 6.231 6.242 6.252 6.262 6.271 6.281 6.290 6.299 6.307 6.316 6.323 6.331 6.338 6.345 6.352 6.357 6.362 6.367 6.372 6.378 6.384 6.390 6.396 6.403 6.410 6.417 6.425 6.433 6.442 6.451 6.460 6.469 6.479 6.489 6.499 6.509 6.519 6.529 6.538 6.546 6.554
5.747 5.761 5.775 5.790 5.805 5.819 5.833 5.847 5.862 5.878 5.894 5.909 5.925 5.941 5.957 5.973 5.988 6.004 6.019 6.034 6.049 6.063 6.077 6.091 6.105 6.118 6.130 6.143 6.154 6.164 6.174 6.185 6.196 6.206 6.217 6.227 6.238 6.248 6.258 6.268 6.278 6.287 6.297 6.306 6.315 6.323 6.331 6.339 6.347 6.354 6.361 6.366 6.371 6.376 6.381 6.387 6.392 6.398 6.404 6.411 6.418 6.425 6.432 6.440 6.449 6.457 6.466 6.475 6.485 6.494 6.504 6.514 6.524 6.534 6.543 6.551 6.560
