version1/TsunamiDB/out54149.asc
ncols          264
nrows          230
xllcorner      497853.4375
yllcorner      4229146.0000
cellsize         5.
NODATA_value   -99
[rows 136 to 169 of 230, columns 0 to 76 of 264]
6.178 6.187 6.196 6.206 6.215 6.224 6.233 6.243 6.251 6.259 6.267 6.275 6.283 6.291 6.299 6.307 6.314 6.322 6.330 6.338 6.345 6.353 6.360 6.368 6.375 6.383 6.391 6.398 6.406 6.414 6.423 6.431 6.437 6.444 6.451 6.458 6.464 6.471 6.478 6.484 6.491 6.498 6.504 6.510 6.517 6.523 6.529 6.535 6.541 6.547 6.554 6.560 6.566 6.573 6.579 6.585 6.591 6.596 6.602 6.608 6.614 6.619 6.626 6.632 6.638 6.645 6.651 6.658 6.665 6.672 6.679 6.686 6.693 6.700 6.708 6.716 6.724
6.190 6.200 6.209 6.218 6.227 6.236 6.245 6.254 6.263 6.270 6.278 6.286 6.294 6.302 6.310 6.318 6.326 6.333 6.341 6.349 6.356 6.364 6.371 6.379 6.386 6.394 6.401 6.409 6.417 6.425 6.433 6.441 6.448 6.454 6.461 6.468 6.475 6.481 6.488 6.495 6.501 6.508 6.515 6.521 6.527 6.534 6.540 6.546 6.552 6.558 6.564 6.571 6.577 6.583 6.590 6.596 6.601 6.607 6.612 6.618 6.623 6.629 6.635 6.641 6.647 6.654 6.660 6.667 6.674 6.680 6.687 6.694 6.701 6.709 6.716 6.724 6.732
6.202 6.211 6.221 6.230 6.239 6.248 6.256 6.266 6.274 6.282 6.289 6.297 6.305 6.313 6.321 6.329 6.336 6.344 6.352 6.360 6.367 6.375 6.382 6.390 6.397 6.404 6.412 6.419 6.427 6.435 6.443 6.451 6.457 6.464 6.471 6.478 6.484 6.491 6.498 6.505 6.511 6.518 6.525 6.531 6.538 6.544 6.550 6.557 6.563 6.569 6.575 6.581 6.587 6.594 6.600 6.606 6.611 6.617 6.622 6.628 6.633 6.639 6.645 6.651 6.657 6.663 6.669 6.676 6.682 6.689 6.696 6.703 6.710 6.717 6.724 6.732 6.740
6.212 6.222 6.232 6.241 6.250 6.259 6.268 6.277 6.285 6.293 6.300 6.308 6.316 6.323 6.331 6.339 6.347 6.355 6.363 6.370 6.378 6.385 6.393 6.400 6.407 6.415 6.422 6.430 6.437 6.445 6.453 6.460 6.467 6.474 6.480 6.487 6.494 6.501 6.507 6.514 6.521 6.528 6.535 6.541 6.548 6.554 6.560 6.567 6.573 6.579 6.585 6.591 6.598 6.604 6.611 6.616 6.621 6.627 6.632 6.637 6.643 6.648 6.654 6.660 6.666 6.672 6.678 6.685 6.691 6.698 6.704 6.711 6.718 6.725 6.732 6.740 6.748
6.220 6.231 6.242 6.252 6.262 6.271 6.280 6.288 6.297 6.304 6.311 6.319 6.326 6.334 6.342 6.350 6.357 6.365 6.373 6.381 6.388 6.396 6.403 6.410 6.418 6.425 6.432 6.440 6.447 6.455 6.463 6.470 6.476 6.483 6.490 6.496 6.503 6.510 6.517 6.523 6.530 6.537 6.544 6.550 6.557 6.564 6.570 6.576 6.583 6.589 6.595 6.601 6.608 6.614 6.620 6.626 6.631 6.636 6.641 6.647 6.652 6.658 6.663 6.669 6.675 6.681 6.687 6.693 6.700 6.706 6.713 6.719 6.726 6.733 6.740 6.748 6.756
6.225 6.238 6.250 6.261 6.271 6.281 6.290 6.300 6.308 6.315 6.322 6.330 6.337 6.345 6.352 6.360 6.368 6.375 6.383 6.391 6.398 6.406 6.413 6.421 6.428 6.435 6.442 6.450 6.457 6.464 6.472 6.479 6.486 6.492 6.499 6.505 6.512 6.519 6.525 6.532 6.539 6.546 6.553 6.559 6.566 6.573 6.579 6.586 6.592 6.598 6.605 6.611 6.617 6.624 6.630 6.635 6.640 6.646 6.651 6.656 6.661 6.667 6.672 6.678 6.684 6.690 6.696 6.702 6.708 6.715 6.721 6.728 6.734 6.741 6.748 6.756 6.763
6.226 6.241 6.255 6.267 6.279 6.290 6.300 6.310 6.318 6.326 6.333 6.340 6.348 6.355 6.363 6.370 6.378 6.386 6.393 6.401 6.408 6.416 6.423 6.431 6.438 6.445 6.452 6.460 6.467 6.474 6.482 6.489 6.495 6.501 6.508 6.514 6.521 6.527 6.534 6.541 6.548 6.554 6.561 6.568 6.575 6.581 6.588 6.595 6.601 6.607 6.614 6.620 6.626 6.633 6.639 6.644 6.650 6.655 6.660 6.665 6.670 6.676 6.681 6.687 6.693 6.698 6.704 6.710 6.717 6.723 6.729 6.736 6.742 6.749 6.756 6.763 6.771
6.224 6.240 6.256 6.271 6.284 6.296 6.308 6.318 6.328 6.336 6.343 6.351 6.358 6.365 6.373 6.380 6.388 6.396 6.403 6.411 6.418 6.426 6.433 6.441 6.448 6.455 6.462 6.469 6.477 6.484 6.491 6.498 6.504 6.511 6.517 6.523 6.529 6.536 6.543 6.549 6.556 6.563 6.570 6.576 6.583 6.590 6.596 6.603 6.610 6.616 6.622 6.629 6.635 6.642 6.648 6.653 6.659 6.664 6.669 6.674 6.679 6.685 6.690 6.695 6.701 6.707 6.713 6.719 6.725 6.731 6.737 6.744 6.750 6.757 6.764 6.771 6.779
6.218 6.236 6.253 6.270 6.285 6.299 6.312 6.324 6.335 6.344 6.352 6.360 6.368 6.375 6.383 6.390 6.398 6.405 6.413 6.421 6.428 6.436 6.443 6.450 6.458 6.465 6.472 6.479 6.486 6.493 6.501 6.508 6.514 6.520 6.526 6.532 6.538 6.545 6.551 6.558 6.564 6.571 6.578 6.584 6.591 6.598 6.605 6.611 6.618 6.624 6.631 6.637 6.644 6.650 6.657 6.662 6.667 6.672 6.677 6.683 6.688 6.693 6.698 6.704 6.709 6.715 6.721 6.727 6.733 6.739 6.745 6.751 6.758 6.765 6.771 6.778 6.786
6.209 6.228 6.247 6.265 6.282 6.298 6.313 6.327 6.339 6.350 6.359 6.368 6.376 6.384 6.392 6.400 6.407 6.415 6.423 6.430 6.438 6.445 6.453 6.460 6.467 6.474 6.482 6.489 6.496 6.503 6.510 6.517 6.523 6.529 6.535 6.541 6.547 6.553 6.560 6.566 6.573 6.579 6.586 6.592 6.599 6.606 6.613 6.619 6.626 6.632 6.639 6.645 6.652 6.659 6.665 6.670 6.676 6.681 6.686 6.691 6.696 6.701 6.707 6.712 6.717 6.723 6.729 6.735 6.741 6.747 6.753 6.759 6.765 6.772 6.779 6.786 6.793
6.199 6.219 6.238 6.257 6.276 6.294 6.311 6.326 6.340 6.352 6.363 6.373 6.383 6.392 6.400 6.408 6.416 6.424 6.432 6.439 6.447 6.454 6.462 6.469 6.476 6.484 6.491 6.498 6.505 6.512 6.520 6.526 6.532 6.538 6.544 6.550 6.556 6.562 6.568 6.574 6.581 6.587 6.594 6.600 6.607 6.614 6.620 6.627 6.634 6.640 6.647 6.653 6.660 6.667 6.673 6.678 6.684 6.689 6.694 6.699 6.704 6.709 6.715 6.720 6.725 6.731 6.736 6.742 6.748 6.754 6.760 6.766 6.773 6.779 6.786 6.793 6.800
6.188 6.208 6.228 6.247 6.267 6.286 6.304 6.321 6.337 6.351 6.364 6.375 6.386 6.397 6.406 6.415 6.424 6.432 6.440 6.448 6.455 6.463 6.471 6.478 6.485 6.493 6.500 6.507 6.514 6.522 6.529 6.536 6.541 6.547 6.553 6.559 6.565 6.571 6.577 6.583 6.589 6.595 6.602 6.608 6.615 6.621 6.628 6.635 6.641 6.648 6.654 6.661 6.667 6.674 6.680 6.686 6.691 6.697 6.702 6.707 6.712 6.717 6.722 6.728 6.733 6.738 6.744 6.750 6.755 6.761 6.767 6.773 6.780 6.786 6.793 6.800 6.807
6.179 6.198 6.217 6.236 6.256 6.275 6.295 6.313 6.330 6.346 6.360 6.374 6.387 6.398 6.409 6.420 6.429 6.438 6.447 6.455 6.463 6.471 6.479 6.486 6.494 6.501 6.509 6.516 6.523 6.531 6.538 6.545 6.551 6.556 6.562 6.568 6.574 6.579 6.585 6.591 6.597 6.604 6.610 6.616 6.623 6.629 6.636 6.642 6.649 6.655 6.662 6.668 6.675 6.682 6.688 6.694 6.699 6.704 6.709 6.714 6.720 6.725 6.730 6.735 6.740 6.746 6.751 6.757 6.763 6.768 6.774 6.780 6.787 6.793 6.799 6.806 6.813
6.171 6.189 6.207 6.226 6.245 6.264 6.284 6.303 6.320 6.337 6.353 6.368 6.383 6.396 6.409 6.421 6.432 6.442 6.452 6.461 6.469 6.478 6.486 6.494 6.501 6.509 6.517 6.524 6.532 6.539 6.547 6.553 6.559 6.565 6.571 6.577 6.582 6.588 6.594 6.600 6.606 6.612 6.618 6.624 6.631 6.637 6.643 6.650 6.656 6.663 6.669 6.676 6.682 6.689 6.695 6.701 6.706 6.712 6.717 6.722 6.727 6.732 6.737 6.743 6.748 6.753 6.759 6.764 6.770 6.775 6.781 6.787 6.793 6.799 6.806 6.812 6.820
6.166 6.182 6.199 6.217 6.235 6.253 6.272 6.291 6.309 6.326 6.343 6.359 6.375 6.391 6.405 6.418 6.431 6.443 6.453 6.464 6.473 6.483 6.491 6.500 6.508 6.516 6.524 6.532 6.540 6.547 6.555 6.562 6.568 6.574 6.580 6.585 6.591 6.597 6.603 6.608 6.614 6.620 6.626 6.632 6.639 6.645 6.651 6.657 6.664 6.670 6.676 6.683 6.690 6.696 6.703 6.708 6.714 6.719 6.724 6.729 6.734 6.739 6.745 6.750 6.755 6.760 6.766 6.771 6.777 6.782 6.788 6.794 6.800 6.806 6.812 6.819 6.826
6.162 6.177 6.193 6.210 6.226 6.244 6.262 6.280 6.297 6.314 6.331 6.348 6.365 6.381 6.397 6.412 6.426 6.439 6.452 6.464 6.475 6.485 6.495 6.504 6.513 6.521 6.530 6.538 6.546 6.554 6.562 6.570 6.576 6.582 6.588 6.594 6.600 6.605 6.611 6.617 6.623 6.629 6.635 6.640 6.647 6.653 6.659 6.665 6.671 6.677 6.684 6.690 6.697 6.704 6.710 6.715 6.721 6.726 6.731 6.736 6.742 6.747 6.752 6.757 6.762 6.767 6.773 6.778 6.783 6.789 6.795 6.800 6.806 6.812 6.818 6.825 6.832
6.161 6.175 6.190 6.205 6.221 6.237 6.254 6.270 6.286 6.303 6.320 6.336 6.353 6.370 6.386 6.402 6.418 6.433 6.447 6.460 6.472 6.484 6.495 6.505 6.515 6.525 6.534 6.543 6.552 6.560 6.569 6.576 6.583 6.589 6.596 6.602 6.608 6.614 6.619 6.625 6.631 6.637 6.643 6.649 6.654 6.660 6.666 6.672 6.679 6.685 6.691 6.697 6.704 6.711 6.717 6.722 6.728 6.733 6.738 6.743 6.749 6.754 6.759 6.764 6.769 6.774 6.780 6.785 6.790 6.796 6.801 6.807 6.812 6.818 6.824 6.831 6.838
6.161 6.174 6.188 6.202 6.217 6.232 6.247 6.263 6.278 6.293 6.309 6.325 6.341 6.358 6.374 6.391 6.407 6.423 6.438 6.452 6.466 6.479 6.492 6.504 6.515 6.526 6.536 6.546 6.555 6.565 6.574 6.582 6.589 6.596 6.602 6.609 6.615 6.621 6.627 6.633 6.639 6.645 6.651 6.657 6.662 6.668 6.674 6.680 6.686 6.692 6.698 6.705 6.711 6.718 6.724 6.729 6.735 6.740 6.745 6.750 6.756 6.761 6.766 6.771 6.776 6.781 6.786 6.792 6.797 6.802 6.808 6.813 6.819 6.825 6.831 6.837 6.844
6.162 6.175 6.188 6.202 6.215 6.229 6.244 6.258 6.272 6.286 6.301 6.316 6.331 6.347 6.363 6.379 6.395 6.411 6.426 6.442 6.457 6.471 6.485 6.498 6.511 6.523 6.534 6.546 6.556 6.567 6.577 6.585 6.593 6.601 6.608 6.615 6.621 6.628 6.634 6.641 6.647 6.653 6.658 6.664 6.670 6.676 6.682 6.688 6.694 6.700 6.706 6.712 6.718 6.725 6.731 6.736 6.742 6.747 6.752 6.757 6.762 6.768 6.773 6.778 6.783 6.788 6.793 6.798 6.804 6.809 6.814 6.819 6.825 6.831 6.837 6.843 6.849
6.165 6.177 6.190 6.203 6.216 6.229 6.242 6.256 6.268 6.282 6.295 6.309 6.323 6.337 6.352 6.368 6.383 6.399 6.414 6.430 6.445 6.460 6.475 6.489 6.503 6.517 6.529 6.542 6.554 6.566 6.577 6.586 6.595 6.603 6.612 6.619 6.627 6.634 6.640 6.647 6.653 6.660 6.666 6.672 6.678 6.683 6.689 6.695 6.701 6.707 6.713 6.719 6.726 6.732 6.738 6.743 6.749 6.754 6.759 6.764 6.769 6.774 6.780 6.785 6.790 6.795 6.800 6.805 6.810 6.815 6.821 6.826 6.831 6.837 6.843 6.849 6.855
6.168 6.180 6.193 6.205 6.217 6.230 6.243 6.255 6.267 6.279 6.292 6.304 6.317 6.331 6.344 6.358 6.373 6.387 6.402 6.417 6.432 6.448 6.463 6.478 6.492 6.507 6.521 6.535 6.548 6.561 6.573 6.584 6.594 6.604 6.613 6.622 6.630 6.638 6.645 6.652 6.659 6.666 6.672 6.678 6.684 6.690 6.696 6.702 6.708 6.714 6.720 6.726 6.733 6.739 6.745 6.750 6.755 6.760 6.766 6.771 6.776 6.781 6.786 6.791 6.796 6.801 6.807 6.812 6.817 6.822 6.827 6.832 6.837 6.843 6.849 6.855 6.861
6.172 6.184 6.196 6.208 6.220 6.232 6.244 6.256 6.268 6.279 6.291 6.302 6.314 6.327 6.339 6.352 6.365 6.379 6.392 6.406 6.421 6.435 6.450 6.465 6.480 6.494 6.509 6.524 6.538 6.553 6.566 6.578 6.590 6.601 6.611 6.621 6.630 6.639 6.648 6.656 6.663 6.671 6.677 6.684 6.691 6.697 6.703 6.709 6.715 6.721 6.727 6.733 6.740 6.746 6.751 6.757 6.762 6.767 6.772 6.777 6.783 6.788 6.793 6.798 6.803 6.808 6.813 6.818 6.823 6.828 6.833 6.838 6.844 6.849 6.855 6.861 6.867
6.176 6.188 6.200 6.211 6.223 6.235 6.247 6.259 6.269 6.280 6.291 6.302 6.313 6.325 6.336 6.348 6.360 6.373 6.385 6.398 6.411 6.424 6.438 6.452 6.466 6.481 6.496 6.511 6.526 6.541 6.555 6.569 6.582 6.594 6.606 6.617 6.628 6.638 6.648 6.657 6.665 6.674 6.681 6.688 6.695 6.702 6.709 6.715 6.721 6.727 6.733 6.740 6.746 6.752 6.758 6.763 6.768 6.773 6.779 6.784 6.789 6.794 6.799 6.804 6.809 6.814 6.819 6.824 6.829 6.834 6.839 6.844 6.850 6.855 6.860 6.866 6.872
6.181 6.192 6.204 6.215 6.227 6.239 6.250 6.262 6.272 6.283 6.293 6.304 6.314 6.325 6.336 6.347 6.358 6.369 6.381 6.392 6.404 6.416 6.429 6.441 6.455 6.468 6.482 6.497 6.511 6.527 6.542 6.556 6.570 6.583 6.596 6.609 6.622 6.633 6.644 6.655 6.665 6.674 6.683 6.691 6.699 6.706 6.713 6.720 6.726 6.733 6.739 6.746 6.752 6.758 6.764 6.769 6.774 6.780 6.785 6.790 6.795 6.800 6.805 6.810 6.815 6.821 6.826 6.831 6.836 6.841 6.846 6.851 6.856 6.861 6.866 6.872 6.878
6.185 6.196 6.208 6.219 6.231 6.243 6.254 6.265 6.276 6.286 6.296 6.306 6.317 6.327 6.337 6.348 6.358 6.368 6.379 6.389 6.400 6.411 6.422 6.434 6.445 6.458 6.470 6.484 6.498 6.512 6.527 6.541 6.555 6.569 6.584 6.598 6.611 6.624 6.637 6.649 6.660 6.671 6.681 6.691 6.700 6.708 6.716 6.723 6.730 6.737 6.744 6.751 6.757 6.764 6.769 6.775 6.780 6.785 6.790 6.796 6.801 6.806 6.811 6.816 6.821 6.827 6.832 6.837 6.842 6.847 6.852 6.857 6.862 6.867 6.872 6.878 6.883
6.189 6.201 6.212 6.224 6.235 6.247 6.258 6.269 6.280 6.290 6.300 6.310 6.320 6.330 6.340 6.350 6.360 6.369 6.379 6.389 6.399 6.409 6.419 6.429 6.439 6.450 6.461 6.473 6.485 6.499 6.512 6.526 6.540 6.554 6.568 6.583 6.597 6.612 6.626 6.639 6.652 6.665 6.676 6.687 6.697 6.707 6.716 6.724 6.732 6.740 6.747 6.754 6.762 6.768 6.774 6.780 6.785 6.790 6.796 6.801 6.806 6.811 6.817 6.822 6.827 6.832 6.837 6.842 6.847 6.852 6.857 6.862 6.867 6.872 6.878 6.883 6.889
6.193 6.205 6.216 6.228 6.239 6.251 6.263 6.274 6.284 6.294 6.304 6.314 6.324 6.333 6.343 6.353 6.363 6.372 6.381 6.391 6.400 6.409 6.418 6.427 6.436 6.446 6.455 6.466 6.476 6.488 6.500 6.512 6.525 6.538 6.552 6.566 6.581 6.596 6.611 6.626 6.640 6.654 6.667 6.680 6.692 6.703 6.713 6.723 6.732 6.741 6.749 6.757 6.764 6.771 6.778 6.784 6.789 6.795 6.800 6.806 6.811 6.816 6.822 6.827 6.832 6.837 6.843 6.848 6.853 6.858 6.863 6.868 6.873 6.878 6.883 6.888 6.894
6.197 6.209 6.220 6.232 6.243 6.255 6.267 6.278 6.288 6.298 6.308 6.318 6.328 6.337 6.347 6.357 6.366 6.376 6.385 6.394 6.402 6.411 6.419 6.428 6.436 6.444 6.453 6.462 6.471 6.481 6.491 6.502 6.512 6.524 6.537 6.550 6.564 6.579 6.594 6.609 6.625 6.640 6.654 6.669 6.682 6.695 6.707 6.718 6.728 6.738 6.748 6.756 6.765 6.773 6.780 6.786 6.792 6.798 6.804 6.810 6.815 6.821 6.826 6.831 6.837 6.842 6.847 6.853 6.858 6.863 6.868 6.873 6.878 6.883 6.888 6.893 6.899
6.201 6.212 6.224 6.236 6.247 6.259 6.271 6.282 6.292 6.302 6.312 6.322 6.332 6.342 6.351 6.361 6.370 6.380 6.389 6.398 6.406 6.414 6.423 6.430 6.438 6.446 6.453 6.461 6.469 6.478 6.486 6.495 6.504 6.513 6.524 6.536 6.549 6.562 6.577 6.592 6.607 6.623 6.638 6.654 6.668 6.683 6.696 6.709 6.721 6.733 6.743 6.753 6.763 6.772 6.780 6.787 6.794 6.800 6.806 6.812 6.818 6.824 6.830 6.835 6.841 6.846 6.852 6.857 6.862 6.867 6.872 6.877 6.882 6.888 6.893 6.898 6.903
6.204 6.216 6.228 6.239 6.251 6.263 6.275 6.286 6.296 6.306 6.316 6.326 6.336 6.346 6.356 6.365 6.375 6.384 6.393 6.402 6.411 6.419 6.427 6.434 6.442 6.449 6.456 6.463 6.470 6.477 6.485 6.491 6.499 6.506 6.515 6.525 6.536 6.548 6.561 6.575 6.589 6.605 6.620 6.636 6.652 6.667 6.682 6.696 6.710 6.723 6.735 6.747 6.758 6.768 6.777 6.785 6.793 6.800 6.807 6.814 6.820 6.826 6.832 6.838 6.844 6.849 6.855 6.860 6.866 6.871 6.876 6.881 6.887 6.892 6.897 6.902 6.908
6.207 6.219 6.231 6.243 6.255 6.266 6.278 6.289 6.299 6.309 6.320 6.330 6.340 6.350 6.360 6.370 6.379 6.389 6.398 6.407 6.415 6.424 6.432 6.439 6.446 6.453 6.460 6.467 6.473 6.480 6.486 6.491 6.497 6.503 6.510 6.518 6.527 6.537 6.548 6.560 6.573 6.587 6.602 6.617 6.633 6.649 6.665 6.680 6.695 6.710 6.723 6.737 6.749 6.761 6.771 6.781 6.790 6.798 6.805 6.813 6.820 6.827 6.833 6.839 6.845 6.851 6.857 6.863 6.869 6.874 6.880 6.885 6.890 6.895 6.901 6.906 6.911
6.210 6.222 6.234 6.246 6.258 6.270 6.282 6.292 6.303 6.313 6.323 6.334 6.344 6.354 6.364 6.374 6.384 6.393 6.402 6.411 6.420 6.429 6.437 6.444 6.452 6.459 6.465 6.472 6.478 6.484 6.490 6.494 6.499 6.504 6.509 6.515 6.522 6.530 6.539 6.549 6.560 6.572 6.586 6.600 6.615 6.630 6.646 6.662 6.678 6.693 6.708 6.723 6.737 6.750 6.762 6.773 6.783 6.792 6.801 6.810 6.817 6.825 6.832 6.839 6.846 6.852 6.858 6.865 6.870 6.876 6.882 6.887 6.893 6.898 6.904 6.909 6.914
6.213 6.225 6.237 6.249 6.261 6.273 6.285 6.295 6.306 6.316 6.327 6.337 6.347 6.358 6.368 6.378 6.388 6.397 6.407 6.416 6.425 6.434 6.442 6.450 6.457 6.464 6.471 6.478 6.484 6.490 6.495 6.499 6.503 6.507 6.511 6.516 6.521 6.527 6.534 6.542 6.551 6.561 6.573 6.585 6.599 6.613 6.628 6.643 6.659 6.675 6.691 6.706 6.722 6.736 6.749 6.761 6.773 6.784 6.794 6.803 6.812 6.821 6.829 6.837 6.844 6.851 6.858 6.865 6.871 6.877 6.883 6.889 6.894 6.900 6.906 6.911 6.917
6.216 6.228 6.240 6.252 6.264 6.276 6.288 6.298 6.309 6.320 6.330 6.340 6.351 6.361 6.371 6.382 6.392 6.401 6.411 6.420 6.429 6.438 6.447 6.455 6.463 6.470 6.477 6.484 6.490 6.497 6.501 6.505 6.509 6.512 6.516 6.519 6.523 6.527 6.533 6.539 6.546 6.554 6.563 6.574 6.585 6.598 6.612 6.626 6.641 6.657 6.672 6.688 6.704 6.719 6.734 6.747 6.760 6.772 6.783 6.794 6.804 6.814 6.823 6.832 6.840 6.848 6.856 6.863 6.870 6.876 6.883 6.889 6.895 6.901 6.907 6.913 6.918
