version1/TsunamiDB/out54101.asc
ncols          264
nrows          230
xllcorner      497853.4375
yllcorner      4229146.0000
cellsize         5.
NODATA_value   -99
[rows 34 to 67 of 230, columns 0 to 76 of 264]
-99.000 -99.000 -99.000 -99.000 -99.000 -99.000 -99.000 -99.000 -99.000 -99.000 -99.000 -99.000 -99.000 -99.000 -99.000 -99.000 1.651 1.676 1.780 1.977 2.239 2.523 2.791 3.022 3.207 3.352 3.466 3.559 3.638 3.708 3.771 3.830 3.885 3.937 3.988 4.036 4.082 4.126 4.168 4.210 4.251 4.291 4.329 4.367 4.403 4.439 4.474 4.508 4.541 4.574 4.606 4.637 4.668 4.698 4.728 4.757 4.785 4.814 4.842 4.870 4.896 4.922 4.949 4.975 5.001 5.027 5.053 5.078 5.103 5.128 5.152 5.176 5.199 5.222 5.244 5.266 5.286
-99.000 -99.000 -99.000 -99.000 -99.000 -99.000 -99.000 -99.000 -99.000 -99.000 -99.000 -99.000 -99.000 -99.000 -99.000 1.650 1.656 1.708 1.854 2.085 2.361 2.643 2.897 3.108 3.275 3.406 3.511 3.597 3.672 3.738 3.799 3.856 3.910 3.961 4.011 4.058 4.103 4.146 4.188 4.229 4.270 4.309 4.347 4.384 4.420 4.455 4.490 4.524 4.557 4.589 4.621 4.652 4.682 4.712 4.741 4.770 4.799 4.827 4.854 4.882 4.908 4.934 4.960 4.986 5.012 5.038 5.064 5.089 5.114 5.139 5.163 5.187 5.210 5.233 5.255 5.277 5.298
-99.000 -99.000 -99.000 -99.000 -99.000 -99.000 -99.000 -99.000 -99.000 -99.000 -99.000 -99.000 -99.000 -99.000 -99.000 1.651 1.669 1.759 1.945 2.200 2.484 2.757 2.994 3.186 3.337 3.456 3.552 3.633 3.704 3.768 3.827 3.882 3.935 3.985 4.033 4.080 4.125 4.167 4.208 4.249 4.288 4.327 4.364 4.401 4.437 4.472 4.506 4.539 4.572 4.604 4.635 4.666 4.696 4.725 4.754 4.783 4.811 4.839 4.867 4.894 4.920 4.945 4.971 4.997 5.023 5.048 5.074 5.099 5.124 5.149 5.173 5.197 5.221 5.244 5.266 5.288 5.310
-99.000 -99.000 -99.000 -99.000 -99.000 -99.000 -99.000 -99.000 -99.000 -99.000 -99.000 -99.000 -99.000 -99.000 1.650 1.654 1.696 1.828 2.048 2.321 2.605 2.865 3.083 3.257 3.393 3.502 3.591 3.667 3.735 3.797 3.854 3.908 3.960 4.009 4.056 4.102 4.146 4.187 4.228 4.268 4.307 4.345 4.382 4.418 4.453 4.488 4.521 4.554 4.587 4.618 4.649 4.680 4.710 4.739 4.768 4.796 4.824 4.851 4.879 4.905 4.931 4.956 4.982 5.008 5.033 5.059 5.084 5.109 5.134 5.158 5.183 5.207 5.230 5.254 5.276 5.299 5.320
-99.000 -99.000 -99.000 -99.000 -99.000 -99.000 -99.000 -99.000 -99.000 -99.000 -99.000 -99.000 -99.000 -99.000 1.650 1.663 1.740 1.914 2.162 2.444 2.722 2.965 3.165 3.321 3.445 3.544 3.627 3.700 3.765 3.825 3.881 3.934 3.984 4.033 4.079 4.124 4.167 4.208 4.247 4.287 4.325 4.363 4.399 4.435 4.470 4.504 4.537 4.570 4.602 4.633 4.664 4.694 4.723 4.752 4.781 4.809 4.836 4.864 4.890 4.917 4.942 4.967 4.993 5.018 5.043 5.068 5.093 5.118 5.143 5.167 5.192 5.216 5.239 5.263 5.286 5.308 5.330
-99.000 -99.000 -99.000 -99.000 -99.000 -99.000 -99.000 -99.000 -99.000 -99.000 -99.000 -99.000 -99.000 -99.000 1.652 1.685 1.803 2.013 2.282 2.567 2.832 3.058 3.238 3.380 3.492 3.584 3.662 3.732 3.794 3.853 3.907 3.959 4.009 4.056 4.102 4.146 4.188 4.228 4.267 4.306 4.344 4.381 4.417 4.452 4.486 4.520 4.553 4.585 4.617 4.648 4.678 4.708 4.737 4.766 4.794 4.821 4.849 4.876 4.902 4.929 4.954 4.978 5.003 5.028 5.053 5.078 5.103 5.127 5.152 5.176 5.200 5.224 5.248 5.271 5.294 5.317 5.340
-99.000 -99.000 -99.000 -99.000 -99.000 -99.000 -99.000 -99.000 -99.000 -99.000 -99.000 -99.000 -99.000 1.651 1.659 1.724 1.884 2.124 2.405 2.685 2.936 3.142 3.305 3.433 3.536 3.622 3.696 3.763 3.824 3.880 3.934 3.985 4.033 4.080 4.124 4.168 4.209 4.249 4.287 4.326 4.363 4.399 4.434 4.469 4.503 4.536 4.569 4.600 4.632 4.662 4.692 4.722 4.751 4.779 4.807 4.834 4.861 4.888 4.914 4.940 4.965 4.989 5.014 5.039 5.063 5.088 5.112 5.136 5.161 5.185 5.208 5.232 5.256 5.279 5.302 5.325 5.348
-99.000 -99.000 -99.000 -99.000 -99.000 -99.000 -99.000 -99.000 -99.000 -99.000 -99.000 -99.000 -99.000 1.652 1.676 1.781 1.980 2.243 2.528 2.799 3.031 3.219 3.366 3.483 3.578 3.658 3.729 3.793 3.852 3.908 3.960 4.010 4.057 4.103 4.147 4.190 4.231 4.270 4.307 4.345 4.382 4.417 4.452 4.487 4.520 4.553 4.585 4.616 4.647 4.677 4.707 4.736 4.765 4.793 4.820 4.847 4.874 4.900 4.926 4.952 4.976 5.000 5.025 5.049 5.073 5.097 5.121 5.145 5.169 5.193 5.216 5.240 5.263 5.287 5.310 5.333 5.356
-99.000 -99.000 -99.000 -99.000 -99.000 -99.000 -99.000 -99.000 -99.000 -99.000 -99.000 -99.000 1.651 1.657 1.709 1.857 2.088 2.366 2.650 2.906 3.119 3.289 3.422 3.528 3.617 3.693 3.761 3.823 3.881 3.935 3.986 4.035 4.082 4.127 4.170 4.212 4.252 4.291 4.328 4.365 4.401 4.436 4.471 4.504 4.537 4.569 4.601 4.632 4.663 4.692 4.722 4.750 4.779 4.807 4.834 4.861 4.887 4.913 4.939 4.964 4.988 5.012 5.036 5.060 5.084 5.107 5.131 5.154 5.178 5.201 5.224 5.248 5.271 5.294 5.317 5.340 5.363
-99.000 -99.000 -99.000 -99.000 -99.000 -99.000 -99.000 -99.000 -99.000 -99.000 -99.000 -99.000 1.652 1.671 1.761 1.949 2.206 2.491 2.766 3.005 3.199 3.352 3.473 3.571 3.654 3.727 3.792 3.853 3.909 3.962 4.012 4.060 4.106 4.150 4.193 4.234 4.274 4.312 4.348 4.385 4.420 4.455 4.489 4.522 4.555 4.586 4.618 4.648 4.678 4.708 4.737 4.765 4.793 4.821 4.848 4.874 4.900 4.926 4.951 4.976 5.000 5.023 5.047 5.070 5.094 5.117 5.141 5.164 5.187 5.210 5.232 5.255 5.278 5.301 5.324 5.346 5.369
-99.000 -99.000 -99.000 -99.000 -99.000 -99.000 -99.000 -99.000 -99.000 -99.000 -99.000 1.651 1.655 1.699 1.832 2.055 2.329 2.615 2.876 3.096 3.272 3.410 3.520 3.612 3.690 3.760 3.823 3.882 3.937 3.989 4.038 4.086 4.131 4.174 4.216 4.256 4.296 4.333 4.369 4.405 4.440 4.474 4.507 4.540 4.572 4.604 4.634 4.665 4.694 4.724 4.752 4.780 4.808 4.835 4.862 4.888 4.914 4.939 4.964 4.989 5.012 5.035 5.058 5.082 5.105 5.128 5.151 5.173 5.196 5.218 5.241 5.263 5.286 5.308 5.331 5.353 5.375
-99.000 -99.000 -99.000 -99.000 -99.000 -99.000 -99.000 -99.000 -99.000 -99.000 -99.000 1.651 1.665 1.745 1.921 2.171 2.456 2.734 2.979 3.179 3.337 3.463 3.564 3.650 3.725 3.792 3.854 3.911 3.965 4.016 4.064 4.111 4.155 4.198 4.239 4.279 4.317 4.354 4.389 4.425 4.459 4.493 4.526 4.558 4.590 4.621 4.651 4.681 4.711 4.739 4.768 4.796 4.823 4.850 4.876 4.902 4.928 4.953 4.977 5.002 5.025 5.047 5.070 5.093 5.116 5.139 5.161 5.183 5.205 5.227 5.249 5.271 5.293 5.315 5.337 5.359 5.382
-99.000 -99.000 -99.000 -99.000 -99.000 -99.000 -99.000 -99.000 -99.000 -99.000 1.651 1.654 1.689 1.812 2.025 2.296 2.582 2.848 3.073 3.254 3.397 3.512 3.606 3.687 3.758 3.823 3.883 3.940 3.992 4.043 4.090 4.136 4.180 4.222 4.262 4.301 4.339 4.375 4.410 4.445 4.479 4.512 4.545 4.577 4.608 4.639 4.669 4.698 4.727 4.756 4.784 4.811 4.838 4.865 4.891 4.917 4.942 4.967 4.991 5.015 5.038 5.060 5.083 5.106 5.128 5.150 5.172 5.194 5.215 5.237 5.259 5.280 5.302 5.323 5.345 5.366 5.388
-99.000 -99.000 -99.000 -99.000 -99.000 -99.000 -99.000 -99.000 -99.000 -99.000 1.651 1.662 1.731 1.896 2.141 2.424 2.704 2.954 3.160 3.323 3.452 3.557 3.645 3.722 3.791 3.854 3.913 3.968 4.020 4.069 4.116 4.161 4.204 4.245 4.285 4.324 4.361 4.396 4.431 4.465 4.499 4.532 4.564 4.595 4.626 4.656 4.686 4.715 4.744 4.772 4.800 4.827 4.854 4.880 4.906 4.931 4.956 4.981 5.005 5.029 5.051 5.073 5.096 5.118 5.140 5.162 5.184 5.205 5.226 5.247 5.268 5.289 5.310 5.331 5.352 5.373 5.395
-99.000 -99.000 -99.000 -99.000 -99.000 -99.000 -99.000 -99.000 -99.000 1.651 1.653 1.682 1.794 1.999 2.266 2.552 2.821 3.052 3.238 3.385 3.502 3.600 3.683 3.756 3.823 3.885 3.942 3.996 4.047 4.096 4.142 4.186 4.228 4.269 4.308 4.346 4.383 4.418 4.452 4.486 4.519 4.551 4.583 4.614 4.644 4.674 4.704 4.732 4.761 4.788 4.816 4.843 4.869 4.895 4.921 4.946 4.971 4.995 5.019 5.043 5.065 5.087 5.109 5.131 5.153 5.174 5.196 5.217 5.237 5.258 5.279 5.299 5.320 5.340 5.361 5.381 5.402
-99.000 -99.000 -99.000 -99.000 -99.000 -99.000 -99.000 -99.000 -99.000 1.651 1.659 1.720 1.878 2.115 2.396 2.678 2.931 3.141 3.308 3.441 3.549 3.640 3.719 3.790 3.855 3.915 3.971 4.024 4.074 4.122 4.167 4.211 4.252 4.293 4.331 4.369 4.405 4.438 4.473 4.506 4.539 4.571 4.602 4.633 4.663 4.692 4.721 4.749 4.777 4.805 4.832 4.859 4.885 4.911 4.936 4.961 4.986 5.010 5.034 5.057 5.079 5.101 5.123 5.145 5.166 5.187 5.208 5.229 5.249 5.270 5.290 5.310 5.330 5.350 5.370 5.390 5.410
-99.000 -99.000 -99.000 -99.000 -99.000 -99.000 -99.000 -99.000 -99.000 1.652 1.677 1.781 1.979 2.241 2.527 2.798 3.032 3.222 3.372 3.492 3.592 3.678 3.753 3.822 3.885 3.944 4.000 4.052 4.101 4.148 4.193 4.235 4.277 4.316 4.354 4.391 4.426 4.460 4.494 4.527 4.559 4.590 4.621 4.651 4.681 4.710 4.738 4.767 4.794 4.821 4.848 4.875 4.901 4.926 4.951 4.976 5.001 5.025 5.049 5.072 5.093 5.115 5.137 5.159 5.180 5.201 5.221 5.242 5.262 5.282 5.302 5.321 5.341 5.360 5.379 5.399 5.418
-99.000 -99.000 -99.000 -99.000 -99.000 -99.000 -99.000 -99.000 1.651 1.658 1.713 1.862 2.096 2.374 2.656 2.911 3.124 3.294 3.430 3.540 3.633 3.714 3.787 3.853 3.915 3.973 4.028 4.079 4.127 4.174 4.218 4.260 4.301 4.340 4.377 4.414 4.448 4.481 4.514 4.547 4.579 4.610 4.640 4.670 4.699 4.728 4.756 4.784 4.811 4.838 4.864 4.891 4.916 4.942 4.967 4.991 5.016 5.040 5.063 5.086 5.108 5.129 5.151 5.173 5.194 5.215 5.235 5.255 5.275 5.295 5.314 5.333 5.352 5.371 5.390 5.409 5.428
-99.000 -99.000 -99.000 -99.000 -99.000 -99.000 -99.000 -99.000 1.652 1.673 1.771 1.964 2.224 2.508 2.780 3.016 3.207 3.359 3.482 3.583 3.671 3.748 3.819 3.884 3.945 4.002 4.055 4.106 4.154 4.199 4.243 4.284 4.324 4.363 4.400 4.436 4.470 4.502 4.535 4.567 4.599 4.629 4.659 4.688 4.717 4.746 4.773 4.801 4.828 4.854 4.881 4.906 4.932 4.957 4.982 5.006 5.031 5.054 5.078 5.100 5.121 5.143 5.165 5.187 5.208 5.228 5.249 5.269 5.288 5.308 5.327 5.346 5.365 5.383 5.402 5.420 5.438
-99.000 -99.000 -99.000 -99.000 -99.000 -99.000 -99.000 1.651 1.657 1.708 1.852 2.082 2.359 2.640 2.896 3.110 3.281 3.418 3.529 3.624 3.707 3.781 3.850 3.914 3.973 4.029 4.082 4.132 4.179 4.224 4.267 4.308 4.348 4.386 4.423 4.458 4.491 4.524 4.556 4.588 4.618 4.649 4.678 4.707 4.735 4.763 4.791 4.818 4.845 4.871 4.897 4.922 4.947 4.972 4.997 5.021 5.045 5.069 5.092 5.114 5.135 5.157 5.179 5.200 5.221 5.242 5.262 5.282 5.302 5.321 5.340 5.359 5.377 5.396 5.414 5.432 5.449
-99.000 -99.000 -99.000 -99.000 -99.000 -99.000 -99.000 1.652 1.671 1.765 1.955 2.213 2.497 2.768 3.003 3.195 3.347 3.470 3.573 3.661 3.741 3.813 3.880 3.942 4.001 4.056 4.109 4.158 4.205 4.249 4.292 4.332 4.371 4.409 4.445 4.480 4.513 4.545 4.577 4.608 4.638 4.668 4.697 4.726 4.754 4.781 4.808 4.835 4.861 4.887 4.913 4.938 4.963 4.987 5.012 5.036 5.060 5.083 5.106 5.128 5.149 5.171 5.193 5.214 5.235 5.256 5.276 5.296 5.316 5.335 5.354 5.372 5.391 5.409 5.426 5.444 5.461
-99.000 -99.000 -99.000 -99.000 -99.000 -99.000 1.651 1.656 1.705 1.848 2.075 2.351 2.632 2.886 3.099 3.270 3.406 3.518 3.613 3.697 3.773 3.843 3.909 3.970 4.028 4.083 4.134 4.183 4.230 4.274 4.316 4.356 4.395 4.432 4.468 4.502 4.535 4.566 4.598 4.628 4.658 4.688 4.716 4.744 4.772 4.799 4.826 4.852 4.878 4.903 4.929 4.954 4.978 5.002 5.026 5.050 5.074 5.097 5.120 5.142 5.163 5.185 5.206 5.227 5.248 5.269 5.289 5.309 5.329 5.348 5.367 5.386 5.404 5.422 5.439 5.457 5.474
-99.000 -99.000 -99.000 -99.000 -99.000 -99.000 1.652 1.671 1.764 1.952 2.209 2.491 2.762 2.995 3.185 3.337 3.459 3.561 3.650 3.730 3.804 3.872 3.937 3.997 4.055 4.109 4.160 4.208 4.254 4.298 4.340 4.380 4.418 4.455 4.490 4.524 4.556 4.587 4.618 4.649 4.678 4.707 4.735 4.763 4.790 4.817 4.843 4.869 4.895 4.920 4.945 4.969 4.993 5.017 5.041 5.064 5.088 5.111 5.134 5.155 5.176 5.198 5.219 5.240 5.261 5.282 5.302 5.322 5.342 5.361 5.380 5.399 5.417 5.435 5.453 5.470 5.487
-99.000 -99.000 -99.000 -99.000 -99.000 1.651 1.656 1.705 1.848 2.075 2.349 2.630 2.883 3.093 3.262 3.396 3.507 3.601 3.685 3.762 3.833 3.900 3.964 4.023 4.080 4.134 4.184 4.233 4.278 4.322 4.363 4.403 4.441 4.477 4.512 4.546 4.578 4.609 4.639 4.669 4.698 4.727 4.755 4.782 4.809 4.835 4.861 4.886 4.911 4.936 4.961 4.985 5.009 5.032 5.056 5.079 5.102 5.124 5.147 5.168 5.189 5.211 5.232 5.253 5.274 5.295 5.315 5.335 5.355 5.374 5.393 5.412 5.430 5.448 5.466 5.483 5.500
-99.000 -99.000 -99.000 -99.000 -99.000 1.652 1.671 1.765 1.955 2.211 2.493 2.761 2.993 3.180 3.329 3.449 3.550 3.638 3.718 3.792 3.861 3.927 3.989 4.048 4.104 4.158 4.208 4.256 4.302 4.345 4.386 4.426 4.463 4.499 4.534 4.568 4.599 4.630 4.660 4.690 4.718 4.747 4.774 4.801 4.827 4.853 4.879 4.904 4.928 4.953 4.977 5.001 5.024 5.047 5.070 5.093 5.116 5.138 5.160 5.181 5.202 5.223 5.244 5.265 5.286 5.307 5.327 5.347 5.367 5.386 5.405 5.424 5.442 5.461 5.478 5.496 5.513
-99.000 -99.000 -99.000 -99.000 1.651 1.657 1.707 1.852 2.080 2.354 2.633 2.884 3.092 3.257 3.389 3.497 3.590 3.673 3.749 3.821 3.888 3.953 4.014 4.072 4.128 4.181 4.231 4.279 4.324 4.367 4.409 4.448 4.485 4.521 4.556 4.589 4.621 4.651 4.681 4.710 4.739 4.766 4.793 4.820 4.846 4.872 4.897 4.921 4.946 4.970 4.993 5.017 5.040 5.062 5.085 5.107 5.130 5.152 5.174 5.194 5.215 5.236 5.257 5.278 5.298 5.319 5.339 5.359 5.379 5.398 5.417 5.436 5.454 5.473 5.490 5.508 5.525
-99.000 -99.000 -99.000 -99.000 1.652 1.673 1.770 1.961 2.219 2.500 2.766 2.994 3.179 3.324 3.442 3.540 3.627 3.705 3.779 3.848 3.914 3.977 4.037 4.095 4.150 4.203 4.253 4.301 4.346 4.389 4.430 4.470 4.507 4.543 4.577 4.611 4.642 4.672 4.701 4.730 4.759 4.786 4.813 4.839 4.865 4.890 4.915 4.939 4.963 4.987 5.010 5.033 5.055 5.078 5.100 5.122 5.144 5.165 5.187 5.208 5.228 5.248 5.269 5.289 5.310 5.330 5.350 5.370 5.390 5.409 5.428 5.447 5.466 5.484 5.502 5.520 5.537
-99.000 -99.000 -99.000 1.651 1.657 1.711 1.859 2.090 2.364 2.641 2.889 3.093 3.256 3.384 3.490 3.580 3.661 3.736 3.806 3.874 3.938 4.000 4.060 4.117 4.172 4.224 4.274 4.322 4.367 4.410 4.452 4.491 4.528 4.564 4.598 4.632 4.663 4.692 4.722 4.751 4.779 4.806 4.833 4.859 4.884 4.909 4.933 4.957 4.981 5.004 5.027 5.049 5.072 5.094 5.115 5.137 5.158 5.180 5.201 5.221 5.240 5.261 5.281 5.301 5.321 5.341 5.361 5.381 5.401 5.420 5.439 5.458 5.477 5.495 5.513 5.531 5.548
-99.000 -99.000 -99.000 1.652 1.675 1.776 1.972 2.230 2.511 2.775 3.000 3.181 3.323 3.437 3.533 3.617 3.694 3.765 3.833 3.898 3.961 4.022 4.081 4.138 4.192 4.244 4.294 4.342 4.387 4.431 4.472 4.511 4.549 4.585 4.619 4.652 4.683 4.713 4.742 4.771 4.799 4.826 4.852 4.878 4.903 4.928 4.952 4.975 4.999 5.022 5.044 5.066 5.088 5.110 5.131 5.152 5.173 5.194 5.215 5.234 5.254 5.273 5.293 5.313 5.333 5.353 5.372 5.392 5.411 5.430 5.450 5.468 5.487 5.505 5.524 5.542 5.559
-99.000 -99.000 1.651 1.658 1.716 1.868 2.102 2.377 2.653 2.897 3.099 3.258 3.383 3.485 3.573 3.652 3.724 3.793 3.859 3.922 3.984 4.043 4.101 4.157 4.211 4.263 4.313 4.361 4.406 4.450 4.491 4.531 4.569 4.605 4.639 4.672 4.703 4.733 4.762 4.791 4.819 4.846 4.872 4.897 4.922 4.947 4.971 4.994 5.017 5.039 5.062 5.083 5.105 5.126 5.147 5.168 5.188 5.209 5.229 5.248 5.267 5.286 5.306 5.325 5.345 5.364 5.384 5.403 5.422 5.441 5.460 5.478 5.497 5.515 5.534 5.552 5.569
-99.000 -99.000 1.652 1.678 1.784 1.983 2.244 2.524 2.786 3.008 3.185 3.325 3.436 3.529 3.610 3.684 3.753 3.819 3.883 3.945 4.005 4.063 4.120 4.176 4.229 4.281 4.331 4.379 4.424 4.468 4.510 4.550 4.588 4.624 4.658 4.691 4.722 4.752 4.782 4.810 4.838 4.865 4.891 4.917 4.941 4.966 4.989 5.012 5.035 5.057 5.079 5.101 5.122 5.143 5.164 5.184 5.204 5.224 5.244 5.262 5.281 5.300 5.319 5.338 5.357 5.376 5.395 5.414 5.433 5.451 5.470 5.488 5.507 5.525 5.543 5.561 5.579
-99.000 1.651 1.659 1.721 1.879 2.116 2.392 2.666 2.908 3.106 3.262 3.385 3.484 3.569 3.645 3.715 3.782 3.845 3.907 3.967 4.025 4.083 4.139 4.193 4.246 4.298 4.347 4.395 4.441 4.485 4.527 4.567 4.606 4.642 4.677 4.710 4.741 4.771 4.801 4.830 4.857 4.884 4.910 4.936 4.960 4.984 5.008 5.031 5.054 5.076 5.097 5.119 5.140 5.160 5.181 5.201 5.220 5.240 5.259 5.277 5.295 5.314 5.333 5.351 5.370 5.388 5.407 5.425 5.443 5.462 5.480 5.498 5.517 5.535 5.553 5.570 5.588
-99.000 1.653 1.681 1.792 1.996 2.259 2.538 2.798 3.017 3.192 3.329 3.438 3.528 3.607 3.678 3.745 3.809 3.870 3.929 3.988 4.045 4.101 4.156 4.210 4.262 4.313 4.363 4.411 4.457 4.501 4.544 4.584 4.623 4.660 4.695 4.728 4.759 4.790 4.819 4.848 4.876 4.903 4.929 4.954 4.979 5.003 5.027 5.050 5.072 5.094 5.115 5.137 5.157 5.178 5.198 5.218 5.237 5.256 5.275 5.293 5.310 5.329 5.347 5.365 5.383 5.401 5.419 5.437 5.455 5.473 5.491 5.508 5.526 5.544 5.562 5.580 5.597
1.651 1.661 1.727 1.889 2.129 2.406 2.679 2.919 3.114 3.267 3.388 3.486 3.569 3.642 3.710 3.774 3.835 3.894 3.952 4.008 4.064 4.119 4.172 4.225 4.277 4.328 4.377 4.425 4.472 4.516 4.559 4.600 4.639 4.676 4.712 4.745 4.776 4.807 4.837 4.866 4.894 4.921 4.947 4.973 4.997 5.021 5.045 5.068 5.090 5.112 5.134 5.155 5.175 5.195 5.215 5.235 5.254 5.273 5.292 5.309 5.326 5.344 5.362 5.379 5.397 5.414 5.432 5.449 5.467 5.484 5.502 5.519 5.536 5.554 5.571 5.589 5.606
