version1/TsunamiDB/out54096.asc
ncols          264
nrows          230
xllcorner      497853.4375
yllcorner      4229146.0000
cellsize         5.
NODATA_value   -99
[rows 136 to 169 of 230, columns 0 to 76 of 264]
4.343 4.386 4.427 4.468 4.507 4.546 4.583 4.619 4.654 4.687 4.721 4.754 4.785 4.816 4.847 4.876 4.905 4.933 4.960 4.986 5.012 5.037 5.061 5.085 5.108 5.130 5.152 5.174 5.195 5.215 5.235 5.254 5.271 5.290 5.308 5.326 5.343 5.361 5.378 5.395 5.412 5.428 5.445 5.462 5.479 5.495 5.512 5.529 5.546 5.563 5.579 5.596 5.613 5.630 5.646 5.662 5.677 5.693 5.709 5.725 5.741 5.756 5.771 5.786 5.800 5.815 5.828 5.842 5.855 5.868 5.880 5.893 5.905 5.917 5.929 5.941 5.953
4.362 4.405 4.446 4.486 4.525 4.563 4.600 4.637 4.671 4.704 4.738 4.770 4.802 4.833 4.863 4.893 4.922 4.949 4.977 5.003 5.029 5.054 5.079 5.102 5.126 5.148 5.170 5.192 5.212 5.233 5.253 5.271 5.289 5.307 5.325 5.342 5.360 5.377 5.393 5.410 5.426 5.443 5.459 5.475 5.491 5.507 5.524 5.540 5.556 5.572 5.589 5.605 5.622 5.638 5.654 5.669 5.685 5.701 5.717 5.732 5.748 5.763 5.778 5.793 5.808 5.822 5.836 5.850 5.863 5.876 5.889 5.901 5.914 5.926 5.938 5.950 5.961
4.382 4.423 4.464 4.504 4.543 4.580 4.617 4.653 4.687 4.721 4.754 4.787 4.818 4.849 4.880 4.909 4.938 4.966 4.993 5.020 5.046 5.071 5.096 5.119 5.143 5.165 5.188 5.209 5.230 5.251 5.270 5.289 5.306 5.325 5.342 5.360 5.377 5.394 5.410 5.426 5.442 5.458 5.474 5.489 5.505 5.521 5.536 5.552 5.567 5.583 5.599 5.615 5.631 5.647 5.663 5.677 5.692 5.708 5.724 5.739 5.755 5.770 5.785 5.800 5.815 5.829 5.844 5.857 5.871 5.884 5.897 5.910 5.922 5.934 5.946 5.958 5.970
4.400 4.441 4.482 4.521 4.559 4.597 4.634 4.669 4.703 4.737 4.770 4.802 4.834 4.865 4.895 4.925 4.953 4.982 5.009 5.036 5.062 5.087 5.112 5.136 5.159 5.182 5.205 5.226 5.247 5.268 5.288 5.307 5.324 5.342 5.360 5.378 5.394 5.411 5.427 5.443 5.459 5.474 5.490 5.505 5.520 5.535 5.550 5.565 5.580 5.595 5.610 5.625 5.641 5.656 5.671 5.685 5.700 5.716 5.731 5.746 5.762 5.777 5.792 5.807 5.822 5.836 5.851 5.865 5.878 5.892 5.905 5.918 5.930 5.943 5.955 5.967 5.979
4.418 4.459 4.499 4.538 4.576 4.613 4.649 4.685 4.719 4.752 4.785 4.817 4.849 4.880 4.910 4.940 4.968 4.997 5.024 5.051 5.077 5.103 5.128 5.152 5.176 5.199 5.221 5.243 5.264 5.285 5.305 5.324 5.342 5.360 5.378 5.395 5.412 5.429 5.445 5.461 5.476 5.491 5.506 5.521 5.536 5.550 5.564 5.579 5.593 5.607 5.622 5.637 5.651 5.666 5.680 5.694 5.709 5.724 5.739 5.754 5.769 5.784 5.799 5.814 5.829 5.843 5.858 5.872 5.886 5.899 5.913 5.926 5.938 5.951 5.963 5.975 5.987
4.436 4.476 4.515 4.554 4.591 4.628 4.664 4.700 4.733 4.766 4.799 4.831 4.863 4.894 4.924 4.954 4.983 5.011 5.039 5.066 5.092 5.118 5.143 5.167 5.191 5.214 5.237 5.259 5.281 5.302 5.322 5.341 5.359 5.378 5.396 5.413 5.430 5.447 5.463 5.479 5.494 5.509 5.524 5.538 5.552 5.566 5.580 5.594 5.608 5.621 5.635 5.649 5.663 5.677 5.691 5.704 5.718 5.732 5.747 5.762 5.776 5.791 5.806 5.821 5.835 5.850 5.864 5.879 5.893 5.906 5.920 5.933 5.946 5.959 5.971 5.983 5.995
4.453 4.493 4.532 4.570 4.607 4.643 4.679 4.714 4.747 4.780 4.813 4.845 4.877 4.907 4.938 4.967 4.996 5.024 5.052 5.079 5.106 5.132 5.157 5.182 5.206 5.229 5.252 5.274 5.296 5.317 5.338 5.358 5.376 5.395 5.413 5.431 5.448 5.465 5.481 5.497 5.513 5.527 5.542 5.556 5.570 5.584 5.597 5.610 5.624 5.637 5.650 5.663 5.676 5.690 5.702 5.715 5.728 5.742 5.756 5.770 5.784 5.799 5.813 5.828 5.842 5.857 5.871 5.885 5.899 5.913 5.927 5.940 5.953 5.966 5.979 5.991 6.004
4.470 4.509 4.547 4.585 4.622 4.658 4.693 4.728 4.761 4.793 4.826 4.858 4.889 4.920 4.950 4.980 5.009 5.037 5.065 5.092 5.119 5.145 5.170 5.195 5.219 5.243 5.266 5.289 5.311 5.333 5.354 5.373 5.392 5.411 5.430 5.448 5.465 5.483 5.499 5.515 5.531 5.546 5.560 5.575 5.588 5.602 5.615 5.628 5.641 5.653 5.666 5.678 5.691 5.703 5.715 5.727 5.739 5.752 5.766 5.779 5.793 5.807 5.821 5.835 5.849 5.864 5.878 5.892 5.906 5.920 5.934 5.947 5.960 5.974 5.986 5.999 6.011
4.486 4.525 4.563 4.600 4.636 4.672 4.707 4.741 4.774 4.806 4.839 4.871 4.902 4.932 4.963 4.992 5.021 5.049 5.077 5.104 5.131 5.157 5.183 5.208 5.232 5.256 5.280 5.302 5.325 5.347 5.368 5.388 5.407 5.426 5.445 5.464 5.482 5.499 5.516 5.533 5.549 5.564 5.579 5.593 5.607 5.620 5.634 5.646 5.659 5.671 5.683 5.695 5.707 5.719 5.730 5.741 5.752 5.764 5.777 5.790 5.803 5.816 5.829 5.843 5.857 5.871 5.885 5.899 5.913 5.927 5.940 5.954 5.967 5.980 5.993 6.006 6.019
4.502 4.540 4.578 4.614 4.650 4.685 4.720 4.754 4.787 4.819 4.851 4.882 4.914 4.944 4.974 5.004 5.032 5.061 5.089 5.116 5.143 5.169 5.195 5.220 5.244 5.268 5.292 5.315 5.338 5.360 5.382 5.402 5.421 5.441 5.460 5.479 5.498 5.515 5.533 5.550 5.566 5.582 5.597 5.611 5.625 5.639 5.652 5.665 5.677 5.689 5.701 5.712 5.724 5.735 5.746 5.756 5.766 5.778 5.789 5.801 5.814 5.826 5.839 5.852 5.865 5.879 5.892 5.906 5.920 5.933 5.947 5.961 5.974 5.987 6.000 6.013 6.026
4.518 4.556 4.592 4.629 4.664 4.699 4.733 4.767 4.799 4.831 4.863 4.894 4.925 4.955 4.985 5.015 5.043 5.072 5.099 5.127 5.154 5.180 5.206 5.231 5.256 5.280 5.304 5.327 5.350 5.372 5.394 5.415 5.434 5.454 5.474 5.493 5.512 5.530 5.548 5.565 5.582 5.598 5.614 5.629 5.643 5.657 5.671 5.684 5.696 5.708 5.720 5.731 5.742 5.753 5.763 5.772 5.782 5.793 5.804 5.815 5.826 5.838 5.850 5.862 5.875 5.887 5.900 5.914 5.927 5.940 5.954 5.967 5.981 5.994 6.007 6.020 6.033
4.534 4.571 4.607 4.643 4.678 4.712 4.746 4.779 4.811 4.842 4.874 4.905 4.936 4.966 4.996 5.025 5.054 5.082 5.110 5.137 5.164 5.190 5.216 5.241 5.266 5.291 5.315 5.338 5.361 5.383 5.406 5.426 5.446 5.467 5.487 5.507 5.526 5.544 5.563 5.580 5.597 5.614 5.630 5.646 5.661 5.675 5.689 5.702 5.715 5.727 5.739 5.750 5.761 5.772 5.781 5.790 5.800 5.810 5.820 5.830 5.840 5.851 5.862 5.873 5.885 5.897 5.910 5.922 5.935 5.948 5.961 5.974 5.988 6.001 6.014 6.027 6.040
4.549 4.586 4.622 4.657 4.691 4.725 4.759 4.791 4.822 4.854 4.885 4.916 4.946 4.976 5.006 5.035 5.064 5.092 5.119 5.147 5.173 5.200 5.226 5.251 5.276 5.301 5.325 5.348 5.371 5.394 5.416 5.437 5.458 5.478 5.499 5.519 5.538 5.557 5.576 5.594 5.612 5.629 5.645 5.661 5.677 5.692 5.706 5.720 5.733 5.746 5.758 5.770 5.781 5.791 5.801 5.809 5.819 5.828 5.837 5.847 5.856 5.866 5.876 5.887 5.897 5.909 5.920 5.932 5.944 5.957 5.969 5.982 5.995 6.008 6.021 6.034 6.046
4.564 4.601 4.636 4.671 4.705 4.739 4.772 4.803 4.834 4.865 4.896 4.927 4.957 4.987 5.016 5.045 5.073 5.101 5.129 5.156 5.183 5.209 5.235 5.260 5.285 5.310 5.334 5.358 5.381 5.404 5.426 5.447 5.468 5.489 5.509 5.530 5.550 5.569 5.588 5.606 5.625 5.642 5.659 5.676 5.692 5.707 5.722 5.737 5.751 5.764 5.777 5.789 5.800 5.811 5.820 5.829 5.838 5.847 5.856 5.865 5.874 5.883 5.892 5.902 5.912 5.922 5.932 5.943 5.955 5.966 5.978 5.991 6.003 6.015 6.028 6.041 6.053
4.580 4.616 4.651 4.685 4.719 4.752 4.784 4.815 4.846 4.877 4.907 4.937 4.967 4.997 5.026 5.054 5.083 5.110 5.138 5.165 5.191 5.218 5.244 5.269 5.294 5.319 5.343 5.367 5.390 5.413 5.436 5.457 5.478 5.499 5.519 5.540 5.560 5.580 5.599 5.618 5.636 5.654 5.672 5.689 5.706 5.722 5.737 5.752 5.767 5.781 5.794 5.807 5.819 5.830 5.840 5.849 5.858 5.867 5.876 5.885 5.893 5.901 5.910 5.919 5.928 5.937 5.946 5.956 5.967 5.978 5.989 6.000 6.012 6.024 6.036 6.048 6.061
4.595 4.631 4.665 4.699 4.732 4.765 4.797 4.828 4.858 4.888 4.918 4.948 4.978 5.007 5.035 5.064 5.092 5.119 5.147 5.174 5.200 5.226 5.252 5.277 5.302 5.327 5.351 5.375 5.399 5.422 5.444 5.465 5.486 5.508 5.529 5.549 5.570 5.590 5.609 5.628 5.647 5.666 5.684 5.701 5.718 5.735 5.751 5.767 5.782 5.796 5.810 5.824 5.836 5.848 5.859 5.868 5.878 5.887 5.896 5.905 5.913 5.921 5.929 5.937 5.945 5.954 5.962 5.971 5.981 5.990 6.001 6.011 6.022 6.034 6.045 6.057 6.069
4.611 4.646 4.680 4.713 4.746 4.778 4.810 4.840 4.870 4.900 4.930 4.959 4.988 5.017 5.045 5.073 5.101 5.128 5.155 5.182 5.208 5.234 5.260 5.285 5.310 5.335 5.359 5.383 5.407 5.430 5.452 5.473 5.495 5.516 5.537 5.558 5.579 5.599 5.619 5.638 5.657 5.676 5.694 5.712 5.730 5.747 5.763 5.780 5.795 5.811 5.825 5.839 5.853 5.865 5.877 5.887 5.897 5.907 5.916 5.925 5.934 5.942 5.950 5.957 5.965 5.972 5.980 5.988 5.997 6.005 6.015 6.024 6.034 6.045 6.055 6.066 6.078
4.627 4.661 4.695 4.728 4.760 4.792 4.823 4.853 4.882 4.912 4.941 4.970 4.999 5.027 5.055 5.083 5.110 5.137 5.164 5.191 5.217 5.242 5.268 5.293 5.318 5.343 5.367 5.391 5.414 5.438 5.460 5.481 5.502 5.524 5.545 5.566 5.587 5.607 5.627 5.647 5.666 5.685 5.704 5.722 5.740 5.757 5.774 5.791 5.808 5.823 5.839 5.854 5.868 5.881 5.893 5.904 5.915 5.926 5.936 5.946 5.954 5.963 5.971 5.978 5.986 5.993 6.000 6.007 6.015 6.022 6.031 6.039 6.048 6.058 6.067 6.078 6.088
4.643 4.676 4.710 4.742 4.774 4.806 4.836 4.866 4.895 4.924 4.953 4.982 5.010 5.038 5.065 5.093 5.120 5.147 5.173 5.199 5.225 5.251 5.276 5.301 5.326 5.350 5.374 5.398 5.422 5.445 5.467 5.488 5.510 5.531 5.553 5.574 5.595 5.615 5.635 5.655 5.674 5.694 5.713 5.731 5.749 5.767 5.785 5.802 5.819 5.835 5.851 5.866 5.881 5.896 5.908 5.920 5.932 5.944 5.954 5.965 5.974 5.983 5.992 5.999 6.007 6.014 6.021 6.027 6.034 6.041 6.048 6.056 6.064 6.072 6.081 6.091 6.100
4.659 4.692 4.725 4.757 4.789 4.820 4.850 4.879 4.908 4.937 4.965 4.993 5.021 5.049 5.076 5.103 5.130 5.156 5.182 5.208 5.234 5.259 5.284 5.309 5.333 5.358 5.382 5.405 5.429 5.452 5.474 5.495 5.517 5.538 5.560 5.581 5.602 5.622 5.643 5.663 5.682 5.702 5.721 5.739 5.758 5.776 5.794 5.811 5.829 5.845 5.862 5.878 5.894 5.908 5.921 5.934 5.947 5.960 5.971 5.983 5.993 6.003 6.012 6.020 6.028 6.035 6.042 6.049 6.055 6.062 6.068 6.075 6.082 6.089 6.097 6.106 6.114
4.675 4.708 4.741 4.772 4.804 4.834 4.865 4.893 4.921 4.950 4.978 5.006 5.033 5.060 5.087 5.114 5.140 5.166 5.192 5.217 5.242 5.268 5.292 5.317 5.341 5.365 5.389 5.412 5.436 5.459 5.481 5.502 5.524 5.545 5.567 5.588 5.609 5.629 5.650 5.670 5.690 5.709 5.728 5.747 5.766 5.784 5.802 5.820 5.838 5.855 5.872 5.889 5.905 5.920 5.933 5.947 5.961 5.974 5.987 5.999 6.010 6.021 6.031 6.040 6.049 6.056 6.064 6.071 6.077 6.083 6.089 6.096 6.102 6.108 6.115 6.123 6.130
4.691 4.724 4.756 4.788 4.819 4.849 4.879 4.907 4.935 4.963 4.991 5.019 5.046 5.072 5.099 5.125 5.151 5.176 5.202 5.227 5.252 5.276 5.301 5.325 5.349 5.373 5.396 5.420 5.443 5.466 5.488 5.509 5.530 5.552 5.573 5.595 5.616 5.636 5.657 5.677 5.697 5.716 5.735 5.755 5.773 5.792 5.810 5.828 5.846 5.864 5.881 5.898 5.915 5.930 5.944 5.959 5.973 5.987 6.001 6.014 6.026 6.038 6.049 6.059 6.068 6.077 6.085 6.092 6.099 6.105 6.111 6.117 6.123 6.129 6.135 6.142 6.148
4.708 4.741 4.773 4.804 4.834 4.864 4.894 4.922 4.949 4.977 5.005 5.032 5.059 5.085 5.111 5.137 5.162 5.187 5.212 5.237 5.262 5.286 5.310 5.334 5.357 5.381 5.404 5.427 5.450 5.473 5.495 5.516 5.537 5.559 5.580 5.601 5.622 5.643 5.663 5.683 5.703 5.723 5.742 5.762 5.780 5.799 5.818 5.836 5.854 5.872 5.889 5.907 5.924 5.939 5.954 5.969 5.985 5.999 6.013 6.027 6.040 6.053 6.065 6.076 6.086 6.096 6.104 6.113 6.120 6.127 6.133 6.139 6.145 6.151 6.157 6.162 6.168
4.725 4.757 4.789 4.820 4.850 4.880 4.909 4.937 4.964 4.992 5.019 5.046 5.072 5.098 5.124 5.149 5.174 5.199 5.224 5.248 5.272 5.296 5.320 5.343 5.366 5.390 5.412 5.435 5.458 5.480 5.502 5.523 5.544 5.565 5.587 5.608 5.629 5.649 5.670 5.690 5.710 5.729 5.749 5.768 5.787 5.806 5.825 5.843 5.861 5.879 5.897 5.915 5.932 5.948 5.963 5.979 5.995 6.010 6.025 6.039 6.053 6.066 6.079 6.091 6.102 6.113 6.123 6.132 6.140 6.148 6.155 6.161 6.167 6.173 6.179 6.184 6.189
4.741 4.774 4.805 4.836 4.866 4.896 4.925 4.952 4.979 5.006 5.033 5.060 5.086 5.112 5.137 5.162 5.187 5.211 5.235 5.259 5.283 5.307 5.330 5.353 5.376 5.399 5.421 5.444 5.466 5.488 5.509 5.530 5.551 5.572 5.594 5.614 5.635 5.656 5.676 5.696 5.716 5.736 5.755 5.775 5.794 5.813 5.832 5.850 5.868 5.886 5.904 5.922 5.940 5.956 5.972 5.988 6.004 6.020 6.035 6.050 6.065 6.079 6.092 6.105 6.117 6.129 6.139 6.150 6.159 6.167 6.175 6.182 6.189 6.195 6.201 6.207 6.211
4.758 4.790 4.821 4.852 4.882 4.911 4.940 4.968 4.994 5.021 5.048 5.074 5.100 5.126 5.151 5.176 5.200 5.224 5.248 5.272 5.295 5.318 5.341 5.364 5.386 5.409 5.431 5.453 5.475 5.497 5.518 5.538 5.559 5.580 5.601 5.621 5.642 5.662 5.683 5.703 5.723 5.742 5.762 5.781 5.800 5.819 5.838 5.857 5.875 5.893 5.911 5.929 5.947 5.964 5.980 5.996 6.012 6.028 6.044 6.060 6.075 6.090 6.104 6.117 6.130 6.143 6.154 6.165 6.176 6.185 6.194 6.202 6.210 6.216 6.223 6.229 6.233
4.775 4.806 4.838 4.868 4.898 4.927 4.956 4.983 5.010 5.037 5.063 5.089 5.115 5.140 5.165 5.189 5.214 5.237 5.261 5.284 5.307 5.330 5.353 5.375 5.397 5.419 5.441 5.463 5.484 5.506 5.526 5.546 5.567 5.588 5.608 5.629 5.649 5.669 5.689 5.709 5.729 5.749 5.768 5.788 5.807 5.826 5.845 5.863 5.882 5.900 5.918 5.936 5.954 5.971 5.987 6.004 6.020 6.037 6.053 6.069 6.084 6.099 6.114 6.128 6.142 6.155 6.168 6.180 6.191 6.202 6.211 6.221 6.229 6.237 6.244 6.250 6.255
4.791 4.823 4.854 4.884 4.914 4.943 4.971 4.998 5.025 5.052 5.078 5.104 5.130 5.155 5.179 5.204 5.228 5.251 5.275 5.298 5.320 5.343 5.365 5.387 5.409 5.431 5.452 5.473 5.495 5.516 5.536 5.555 5.576 5.596 5.616 5.636 5.657 5.677 5.696 5.716 5.736 5.755 5.775 5.794 5.813 5.832 5.851 5.870 5.888 5.907 5.925 5.943 5.961 5.978 5.995 6.011 6.028 6.045 6.061 6.077 6.093 6.109 6.124 6.139 6.153 6.167 6.180 6.193 6.205 6.216 6.227 6.237 6.246 6.255 6.263 6.270 6.276
4.807 4.839 4.870 4.900 4.930 4.958 4.987 5.014 5.040 5.067 5.093 5.119 5.144 5.169 5.194 5.218 5.242 5.265 5.288 5.311 5.334 5.356 5.378 5.400 5.421 5.443 5.464 5.485 5.505 5.526 5.546 5.565 5.585 5.605 5.625 5.645 5.665 5.684 5.704 5.723 5.743 5.762 5.782 5.801 5.820 5.839 5.858 5.876 5.895 5.913 5.932 5.950 5.968 5.985 6.002 6.018 6.035 6.052 6.069 6.085 6.101 6.117 6.133 6.148 6.163 6.177 6.191 6.205 6.217 6.230 6.241 6.252 6.262 6.272 6.281 6.289 6.296
4.824 4.855 4.886 4.916 4.945 4.974 5.002 5.029 5.055 5.082 5.108 5.134 5.159 5.184 5.208 5.232 5.256 5.280 5.302 5.325 5.348 5.370 5.391 5.413 5.434 5.455 5.476 5.497 5.517 5.537 5.557 5.576 5.595 5.615 5.634 5.654 5.673 5.693 5.712 5.731 5.750 5.770 5.789 5.808 5.827 5.846 5.864 5.883 5.902 5.920 5.938 5.957 5.975 5.992 6.008 6.025 6.042 6.059 6.076 6.093 6.109 6.126 6.141 6.157 6.172 6.187 6.201 6.215 6.229 6.242 6.254 6.266 6.277 6.287 6.297 6.306 6.314
4.840 4.871 4.901 4.931 4.961 4.989 5.017 5.044 5.070 5.097 5.123 5.148 5.174 5.198 5.223 5.247 5.270 5.294 5.317 5.339 5.361 5.383 5.405 5.426 5.447 5.468 5.489 5.509 5.529 5.549 5.568 5.587 5.606 5.625 5.645 5.664 5.683 5.702 5.721 5.740 5.759 5.777 5.796 5.815 5.834 5.852 5.871 5.890 5.908 5.927 5.945 5.963 5.982 5.999 6.015 6.032 6.050 6.067 6.084 6.100 6.117 6.133 6.150 6.165 6.181 6.196 6.211 6.225 6.239 6.253 6.266 6.278 6.290 6.301 6.312 6.322 6.331
4.856 4.887 4.917 4.947 4.976 5.005 5.032 5.058 5.085 5.111 5.137 5.163 5.188 5.213 5.237 5.261 5.284 5.308 5.330 5.353 5.375 5.397 5.418 5.440 5.461 5.482 5.502 5.522 5.542 5.562 5.580 5.599 5.618 5.637 5.655 5.674 5.693 5.711 5.730 5.749 5.767 5.786 5.804 5.823 5.841 5.860 5.878 5.897 5.915 5.934 5.952 5.970 5.988 6.005 6.022 6.039 6.056 6.074 6.091 6.108 6.125 6.141 6.157 6.173 6.189 6.205 6.220 6.235 6.249 6.263 6.277 6.290 6.302 6.314 6.326 6.336 6.346
4.872 4.902 4.932 4.962 4.991 5.019 5.046 5.073 5.099 5.125 5.151 5.177 5.202 5.226 5.251 5.274 5.298 5.321 5.344 5.366 5.389 5.410 5.432 5.453 5.474 5.495 5.515 5.535 5.555 5.575 5.593 5.611 5.630 5.648 5.667 5.685 5.704 5.722 5.740 5.758 5.777 5.795 5.813 5.831 5.849 5.868 5.886 5.904 5.922 5.941 5.959 5.977 5.995 6.012 6.029 6.046 6.063 6.081 6.098 6.115 6.132 6.149 6.165 6.181 6.197 6.213 6.229 6.244 6.259 6.273 6.287 6.300 6.314 6.326 6.338 6.350 6.360
4.887 4.918 4.948 4.977 5.006 5.034 5.061 5.087 5.113 5.139 5.165 5.191 5.215 5.240 5.264 5.288 5.311 5.334 5.357 5.380 5.402 5.423 5.445 5.466 5.487 5.508 5.528 5.548 5.568 5.587 5.605 5.623 5.642 5.660 5.679 5.697 5.715 5.733 5.751 5.769 5.786 5.804 5.822 5.840 5.858 5.876 5.894 5.912 5.930 5.948 5.966 5.984 6.002 6.019 6.036 6.053 6.070 6.088 6.105 6.122 6.139 6.156 6.173 6.189 6.205 6.221 6.237 6.253 6.268 6.282 6.297 6.311 6.324 6.337 6.350 6.362 6.373
