version1/TsunamiDB/out54008.asc
ncols          264
nrows          230
xllcorner      497853.4375
yllcorner      4229146.0000
cellsize         5.
NODATA_value   -99
[rows 124 to 154 of 230, columns 140 to 209 of 264]
-99.000 -99.000 -99.000 -99.000 -99.000 -99.000 -99.000 -99.000 -99.000 -99.000 -99.000 -99.000 -99.000 -99.000 -99.000 -99.000 -99.000 -99.000 -99.000 -99.000 -99.000 -99.000 -99.000 -99.000 -99.000 -99.000 -99.000 1.644 1.646 1.681 1.809 2.041 2.354 2.723 3.116 3.499 3.841 4.117 4.326 4.484 4.605 4.704 4.788 4.864 4.933 4.999 5.061 5.120 5.174 5.223 5.268 5.310 5.350 5.390 5.433 5.484 5.544 5.614 5.688 5.771 5.865 5.960 6.056 6.154 6.248 6.334 6.407 6.459 6.527 6.597
-99.000 -99.000 -99.000 -99.000 -99.000 -99.000 -99.000 -99.000 -99.000 -99.000 -99.000 -99.000 -99.000 -99.000 -99.000 -99.000 -99.000 -99.000 -99.000 -99.000 -99.000 -99.000 -99.000 -99.000 -99.000 -99.000 -99.000 1.644 1.653 1.721 1.894 2.162 2.501 2.884 3.275 3.644 3.963 4.212 4.400 4.543 4.655 4.747 4.826 4.897 4.963 5.026 5.085 5.142 5.193 5.240 5.284 5.324 5.365 5.406 5.449 5.500 5.561 5.633 5.710 5.795 5.892 5.992 6.094 6.197 6.293 6.385 6.462 6.509 6.578 6.654
-99.000 -99.000 -99.000 -99.000 -99.000 -99.000 -99.000 -99.000 -99.000 -99.000 -99.000 -99.000 -99.000 -99.000 -99.000 -99.000 -99.000 -99.000 -99.000 -99.000 -99.000 -99.000 -99.000 -99.000 -99.000 -99.000 -99.000 1.645 1.670 1.780 1.994 2.294 2.656 3.046 3.430 3.780 4.072 4.297 4.467 4.598 4.702 4.789 4.864 4.932 4.995 5.055 5.112 5.166 5.215 5.260 5.302 5.341 5.382 5.423 5.468 5.519 5.582 5.656 5.734 5.823 5.922 6.026 6.134 6.240 6.341 6.439 6.512 6.553 6.626 6.709
-99.000 -99.000 -99.000 -99.000 -99.000 -99.000 -99.000 -99.000 -99.000 -99.000 -99.000 -99.000 -99.000 -99.000 -99.000 -99.000 -99.000 -99.000 -99.000 -99.000 -99.000 -99.000 -99.000 -99.000 -99.000 -99.000 1.644 1.649 1.702 1.856 2.108 2.437 2.814 3.206 3.578 3.906 4.170 4.371 4.525 4.646 4.745 4.828 4.902 4.968 5.029 5.087 5.142 5.194 5.241 5.285 5.326 5.365 5.404 5.446 5.493 5.549 5.615 5.690 5.769 5.860 5.960 6.067 6.178 6.288 6.395 6.487 6.552 6.595 6.674 6.765
-99.000 -99.000 -99.000 -99.000 -99.000 -99.000 -99.000 -99.000 -99.000 -99.000 -99.000 -99.000 -99.000 -99.000 -99.000 -99.000 -99.000 -99.000 -99.000 -99.000 -99.000 -99.000 -99.000 -99.000 -99.000 -99.000 1.645 1.661 1.751 1.948 2.234 2.587 2.974 3.362 3.717 4.018 4.253 4.433 4.574 4.687 4.782 4.864 4.936 5.002 5.062 5.119 5.173 5.225 5.272 5.315 5.357 5.396 5.436 5.480 5.531 5.590 5.658 5.734 5.815 5.905 6.005 6.111 6.222 6.335 6.439 6.526 6.591 6.636 6.721 6.824
-99.000 -99.000 -99.000 -99.000 -99.000 -99.000 -99.000 -99.000 -99.000 -99.000 -99.000 -99.000 -99.000 -99.000 -99.000 -99.000 -99.000 -99.000 -99.000 -99.000 -99.000 -99.000 -99.000 -99.000 -99.000 1.644 1.647 1.685 1.818 2.055 2.370 2.742 3.134 3.511 3.846 4.115 4.323 4.484 4.613 4.721 4.813 4.894 4.966 5.032 5.093 5.150 5.204 5.256 5.304 5.350 5.394 5.435 5.477 5.523 5.578 5.640 5.710 5.786 5.868 5.959 6.054 6.156 6.266 6.375 6.477 6.564 6.631 6.679 6.771 6.887
-99.000 -99.000 -99.000 -99.000 -99.000 -99.000 -99.000 -99.000 -99.000 -99.000 -99.000 -99.000 -99.000 -99.000 -99.000 -99.000 -99.000 -99.000 -99.000 -99.000 -99.000 -99.000 -99.000 -99.000 -99.000 1.644 1.654 1.725 1.902 2.173 2.514 2.899 3.290 3.653 3.959 4.197 4.381 4.526 4.645 4.747 4.837 4.918 4.991 5.057 5.119 5.177 5.233 5.287 5.337 5.386 5.433 5.478 5.524 5.574 5.632 5.697 5.769 5.845 5.926 6.014 6.105 6.203 6.305 6.411 6.514 6.602 6.675 6.725 6.822 6.946
-99.000 -99.000 -99.000 -99.000 -99.000 -99.000 -99.000 -99.000 -99.000 -99.000 -99.000 -99.000 -99.000 -99.000 -99.000 -99.000 -99.000 -99.000 -99.000 -99.000 -99.000 -99.000 -99.000 -99.000 -99.000 1.645 1.671 1.783 2.000 2.303 2.665 3.057 3.442 3.784 4.057 4.268 4.431 4.562 4.672 4.768 4.855 4.935 5.009 5.076 5.138 5.198 5.256 5.312 5.366 5.419 5.471 5.522 5.573 5.627 5.690 5.758 5.830 5.905 5.985 6.071 6.157 6.247 6.341 6.444 6.548 6.643 6.720 6.767 6.866 6.998
-99.000 -99.000 -99.000 -99.000 -99.000 -99.000 -99.000 -99.000 -99.000 -99.000 -99.000 -99.000 -99.000 -99.000 -99.000 -99.000 -99.000 -99.000 -99.000 -99.000 -99.000 -99.000 -99.000 -99.000 1.644 1.649 1.703 1.858 2.112 2.442 2.821 3.215 3.586 3.901 4.144 4.331 4.476 4.595 4.696 4.786 4.870 4.948 5.021 5.088 5.151 5.211 5.272 5.331 5.389 5.446 5.506 5.564 5.621 5.681 5.748 5.818 5.890 5.963 6.043 6.128 6.207 6.289 6.378 6.478 6.583 6.681 6.759 6.802 6.902 7.040
-99.000 -99.000 -99.000 -99.000 -99.000 -99.000 -99.000 -99.000 -99.000 -99.000 -99.000 -99.000 -99.000 -99.000 -99.000 -99.000 -99.000 -99.000 -99.000 -99.000 -99.000 -99.000 -99.000 -99.000 1.645 1.661 1.752 1.950 2.237 2.591 2.979 3.369 3.722 4.007 4.224 4.390 4.520 4.627 4.720 4.805 4.884 4.958 5.029 5.095 5.157 5.219 5.281 5.343 5.405 5.468 5.535 5.600 5.666 5.734 5.804 5.875 5.947 6.019 6.099 6.182 6.255 6.332 6.414 6.510 6.614 6.713 6.791 6.827 6.923 7.058
-99.000 -99.000 -99.000 -99.000 -99.000 -99.000 -99.000 -99.000 -99.000 -99.000 -99.000 -99.000 -99.000 -99.000 -99.000 -99.000 -99.000 -99.000 -99.000 -99.000 -99.000 -99.000 -99.000 1.644 1.647 1.685 1.820 2.057 2.374 2.745 3.139 3.518 3.847 4.104 4.299 4.447 4.564 4.662 4.747 4.825 4.899 4.969 5.036 5.100 5.161 5.222 5.284 5.349 5.414 5.482 5.556 5.630 5.704 5.778 5.852 5.925 5.997 6.068 6.148 6.230 6.302 6.373 6.450 6.540 6.637 6.731 6.807 6.834 6.922 7.050
-99.000 -99.000 -99.000 -99.000 -99.000 -99.000 -99.000 -99.000 -99.000 -99.000 -99.000 -99.000 -99.000 -99.000 -99.000 -99.000 -99.000 -99.000 -99.000 -99.000 -99.000 -99.000 -99.000 1.644 1.654 1.727 1.906 2.178 2.521 2.905 3.297 3.660 3.961 4.193 4.367 4.502 4.608 4.698 4.777 4.850 4.918 4.983 5.045 5.105 5.163 5.222 5.284 5.351 5.418 5.491 5.573 5.656 5.739 5.820 5.898 5.974 6.048 6.117 6.197 6.282 6.350 6.417 6.488 6.569 6.657 6.749 6.824 6.834 6.909 7.032
-99.000 -99.000 -99.000 -99.000 -99.000 -99.000 -99.000 -99.000 -99.000 -99.000 -99.000 -99.000 -99.000 -99.000 -99.000 -99.000 -99.000 -99.000 -99.000 -99.000 -99.000 -99.000 -99.000 1.645 1.673 1.788 2.008 2.313 2.678 3.068 3.452 3.793 4.065 4.273 4.430 4.552 4.651 4.735 4.810 4.878 4.942 5.002 5.059 5.114 5.168 5.224 5.287 5.356 5.426 5.504 5.592 5.682 5.774 5.862 5.945 6.023 6.097 6.165 6.248 6.335 6.400 6.464 6.531 6.603 6.684 6.779 6.835 6.819 6.884 7.001
-99.000 -99.000 -99.000 -99.000 -99.000 -99.000 -99.000 -99.000 -99.000 -99.000 -99.000 -99.000 -99.000 -99.000 -99.000 -99.000 -99.000 -99.000 -99.000 -99.000 -99.000 -99.000 1.644 1.650 1.707 1.868 2.127 2.460 2.840 3.231 3.601 3.914 4.158 4.344 4.487 4.599 4.692 4.772 4.843 4.909 4.969 5.026 5.078 5.129 5.181 5.236 5.299 5.369 5.441 5.524 5.617 5.714 5.811 5.904 5.993 6.074 6.148 6.217 6.303 6.394 6.460 6.522 6.584 6.654 6.731 6.798 6.820 6.791 6.848 6.955
-99.000 -99.000 -99.000 -99.000 -99.000 -99.000 -99.000 -99.000 -99.000 -99.000 -99.000 -99.000 -99.000 -99.000 -99.000 -99.000 -99.000 -99.000 -99.000 -99.000 -99.000 -99.000 1.645 1.664 1.762 1.966 2.259 2.617 3.007 3.393 3.741 4.024 4.241 4.407 4.536 4.641 4.729 4.806 4.876 4.941 4.999 5.053 5.103 5.151 5.200 5.254 5.317 5.389 5.464 5.550 5.648 5.747 5.848 5.948 6.042 6.127 6.204 6.274 6.365 6.462 6.530 6.588 6.646 6.709 6.763 6.795 6.793 6.752 6.800 6.898
-99.000 -99.000 -99.000 -99.000 -99.000 -99.000 -99.000 -99.000 -99.000 -99.000 -99.000 -99.000 -99.000 -99.000 -99.000 -99.000 -99.000 -99.000 -99.000 -99.000 -99.000 1.644 1.648 1.692 1.835 2.080 2.405 2.781 3.175 3.549 3.871 4.123 4.315 4.463 4.581 4.679 4.763 4.838 4.907 4.971 5.028 5.080 5.128 5.173 5.221 5.275 5.338 5.413 5.491 5.581 5.680 5.783 5.887 5.992 6.093 6.183 6.264 6.336 6.433 6.538 6.604 6.656 6.706 6.749 6.776 6.780 6.759 6.706 6.743 6.832
-99.000 -99.000 -99.000 -99.000 -99.000 -99.000 -99.000 -99.000 -99.000 -99.000 -99.000 -99.000 -99.000 -99.000 -99.000 -99.000 -99.000 -99.000 -99.000 -99.000 -99.000 1.644 1.657 1.739 1.928 2.209 2.561 2.950 3.342 3.698 3.989 4.212 4.382 4.515 4.622 4.713 4.793 4.867 4.934 4.997 5.054 5.105 5.151 5.195 5.241 5.295 5.361 5.439 5.521 5.613 5.714 5.819 5.926 6.035 6.143 6.241 6.328 6.401 6.502 6.610 6.674 6.720 6.751 6.771 6.776 6.757 6.719 6.655 6.680 6.758
-99.000 -99.000 -99.000 -99.000 -99.000 -99.000 -99.000 -99.000 -99.000 -99.000 -99.000 -99.000 -99.000 -99.000 -99.000 -99.000 -99.000 -99.000 -99.000 -99.000 1.644 1.646 1.679 1.806 2.037 2.352 2.725 3.121 3.504 3.836 4.096 4.294 4.444 4.563 4.660 4.745 4.821 4.892 4.958 5.019 5.075 5.125 5.170 5.212 5.258 5.313 5.381 5.463 5.548 5.641 5.746 5.852 5.961 6.076 6.191 6.296 6.388 6.459 6.561 6.673 6.734 6.766 6.778 6.779 6.764 6.727 6.675 6.598 6.612 6.683
-99.000 -99.000 -99.000 -99.000 -99.000 -99.000 -99.000 -99.000 -99.000 -99.000 -99.000 -99.000 -99.000 -99.000 -99.000 -99.000 -99.000 -99.000 -99.000 -99.000 1.644 1.653 1.720 1.893 2.163 2.507 2.895 3.292 3.660 3.964 4.196 4.371 4.504 4.610 4.699 4.777 4.848 4.915 4.978 5.037 5.091 5.139 5.183 5.224 5.270 5.326 5.397 5.481 5.568 5.665 5.771 5.880 5.992 6.111 6.232 6.345 6.438 6.505 6.608 6.725 6.776 6.793 6.791 6.775 6.743 6.693 6.627 6.541 6.548 6.612
-99.000 -99.000 -99.000 -99.000 -99.000 -99.000 -99.000 -99.000 -99.000 -99.000 -99.000 -99.000 -99.000 -99.000 -99.000 -99.000 -99.000 -99.000 -99.000 -99.000 1.645 1.670 1.782 1.999 2.304 2.671 3.069 3.460 3.808 4.082 4.290 4.445 4.563 4.658 4.738 4.810 4.876 4.938 4.996 5.051 5.102 5.149 5.191 5.233 5.280 5.337 5.410 5.495 5.584 5.682 5.791 5.903 6.018 6.140 6.266 6.381 6.476 6.537 6.640 6.753 6.795 6.802 6.786 6.756 6.712 6.649 6.576 6.483 6.483 6.542
-99.000 -99.000 -99.000 -99.000 -99.000 -99.000 -99.000 -99.000 -99.000 -99.000 -99.000 -99.000 -99.000 -99.000 -99.000 -99.000 -99.000 -99.000 -99.000 1.644 1.650 1.705 1.864 2.123 2.458 2.844 3.244 3.622 3.945 4.193 4.377 4.516 4.622 4.708 4.781 4.846 4.906 4.962 5.015 5.064 5.111 5.155 5.198 5.242 5.290 5.348 5.420 5.506 5.595 5.694 5.805 5.919 6.035 6.158 6.283 6.398 6.493 6.548 6.646 6.756 6.794 6.794 6.769 6.730 6.677 6.608 6.529 6.431 6.427 6.483
-99.000 -99.000 -99.000 -99.000 -99.000 -99.000 -99.000 -99.000 -99.000 -99.000 -99.000 -99.000 -99.000 -99.000 -99.000 -99.000 -99.000 -99.000 -99.000 1.645 1.663 1.761 1.967 2.262 2.625 3.021 3.417 3.777 4.072 4.294 4.460 4.584 4.680 4.759 4.826 4.884 4.939 4.989 5.036 5.079 5.123 5.165 5.209 5.254 5.304 5.361 5.432 5.517 5.604 5.702 5.813 5.928 6.047 6.169 6.292 6.411 6.507 6.550 6.643 6.755 6.791 6.785 6.755 6.711 6.651 6.577 6.494 6.392 6.384 6.435
-99.000 -99.000 -99.000 -99.000 -99.000 -99.000 -99.000 -99.000 -99.000 -99.000 -99.000 -99.000 -99.000 -99.000 -99.000 -99.000 -99.000 -99.000 1.644 1.648 1.693 1.840 2.088 2.417 2.800 3.201 3.586 3.924 4.190 4.388 4.536 4.649 4.737 4.810 4.872 4.926 4.976 5.022 5.063 5.102 5.142 5.183 5.228 5.275 5.325 5.381 5.450 5.534 5.619 5.715 5.825 5.941 6.062 6.184 6.307 6.434 6.517 6.543 6.635 6.749 6.782 6.775 6.742 6.693 6.629 6.551 6.463 6.358 6.345 6.391
-99.000 -99.000 -99.000 -99.000 -99.000 -99.000 -99.000 -99.000 -99.000 -99.000 -99.000 -99.000 -99.000 -99.000 -99.000 -99.000 -99.000 -99.000 1.644 1.658 1.744 1.938 2.226 2.583 2.980 3.380 3.748 4.059 4.297 4.474 4.607 4.710 4.792 4.860 4.919 4.972 5.019 5.061 5.098 5.133 5.171 5.212 5.258 5.306 5.358 5.417 5.486 5.565 5.649 5.744 5.852 5.968 6.089 6.214 6.339 6.444 6.505 6.530 6.623 6.736 6.771 6.764 6.729 6.677 6.608 6.524 6.433 6.325 6.306 6.342
-99.000 -99.000 -99.000 -99.000 -99.000 -99.000 -99.000 -99.000 -99.000 -99.000 -99.000 -99.000 -99.000 -99.000 -99.000 -99.000 -99.000 1.644 1.647 1.683 1.817 2.055 2.377 2.758 3.163 3.554 3.902 4.183 4.394 4.552 4.672 4.767 4.844 4.909 4.967 5.018 5.064 5.104 5.139 5.173 5.210 5.252 5.299 5.350 5.406 5.468 5.536 5.612 5.694 5.788 5.891 6.001 6.119 6.241 6.351 6.435 6.489 6.511 6.604 6.719 6.757 6.750 6.714 6.660 6.585 6.496 6.401 6.287 6.261 6.288
-99.000 -99.000 -99.000 -99.000 -99.000 -99.000 -99.000 -99.000 -99.000 -99.000 -99.000 -99.000 -99.000 -99.000 -99.000 -99.000 -99.000 1.644 1.654 1.728 1.909 2.187 2.540 2.938 3.344 3.722 4.045 4.295 4.482 4.623 4.732 4.821 4.894 4.957 5.014 5.065 5.109 5.149 5.184 5.219 5.257 5.299 5.348 5.403 5.464 5.529 5.597 5.671 5.751 5.842 5.934 6.033 6.143 6.251 6.346 6.421 6.470 6.490 6.583 6.702 6.740 6.734 6.697 6.638 6.558 6.464 6.360 6.241 6.209 6.226
-99.000 -99.000 -99.000 -99.000 -99.000 -99.000 -99.000 -99.000 -99.000 -99.000 -99.000 -99.000 -99.000 -99.000 -99.000 -99.000 -99.000 1.646 1.674 1.793 2.019 2.333 2.711 3.119 3.520 3.881 4.175 4.396 4.562 4.688 4.789 4.871 4.941 5.003 5.059 5.109 5.154 5.195 5.231 5.268 5.307 5.350 5.401 5.460 5.525 5.595 5.666 5.736 5.814 5.897 5.975 6.063 6.154 6.248 6.336 6.405 6.452 6.470 6.561 6.680 6.720 6.715 6.674 6.612 6.527 6.423 6.311 6.189 6.151 6.161
-99.000 -99.000 -99.000 -99.000 -99.000 -99.000 -99.000 -99.000 -99.000 -99.000 -99.000 -99.000 -99.000 -99.000 -99.000 -99.000 1.644 1.651 1.711 1.877 2.144 2.489 2.886 3.298 3.690 4.029 4.293 4.489 4.636 4.750 4.842 4.920 4.987 5.047 5.101 5.150 5.195 5.238 5.277 5.316 5.357 5.401 5.454 5.516 5.587 5.662 5.734 5.799 5.873 5.950 6.015 6.083 6.156 6.240 6.321 6.389 6.435 6.448 6.537 6.658 6.698 6.689 6.646 6.580 6.488 6.376 6.258 6.134 6.095 6.105
-99.000 -99.000 -99.000 -99.000 -99.000 -99.000 -99.000 -99.000 -99.000 -99.000 -99.000 -99.000 -99.000 -99.000 -99.000 -99.000 1.645 1.665 1.767 1.979 2.282 2.653 3.063 3.473 3.851 4.166 4.402 4.577 4.707 4.810 4.895 4.968 5.031 5.088 5.139 5.187 5.233 5.277 5.319 5.361 5.404 5.450 5.505 5.570 5.646 5.726 5.797 5.858 5.928 6.001 6.050 6.098 6.158 6.231 6.306 6.375 6.419 6.428 6.514 6.637 6.672 6.658 6.612 6.541 6.444 6.326 6.203 6.082 6.049 6.064
-99.000 -99.000 -99.000 -99.000 -99.000 -99.000 -99.000 -99.000 -99.000 -99.000 -99.000 -99.000 -99.000 -99.000 -99.000 1.644 1.648 1.694 1.843 2.095 2.430 2.822 3.237 3.641 4.002 4.292 4.506 4.663 4.780 4.873 4.951 5.017 5.076 5.129 5.176 5.221 5.266 5.313 5.358 5.403 5.448 5.496 5.553 5.622 5.701 5.783 5.854 5.909 5.977 6.043 6.078 6.114 6.160 6.221 6.293 6.360 6.404 6.406 6.489 6.608 6.636 6.617 6.566 6.492 6.392 6.270 6.147 6.036 6.011 6.037
-99.000 -99.000 -99.000 -99.000 -99.000 -99.000 -99.000 -99.000 -99.000 -99.000 -99.000 -99.000 -99.000 -99.000 -99.000 1.644 1.658 1.742 1.936 2.225 2.586 2.992 3.408 3.801 4.145 4.412 4.607 4.749 4.854 4.938 5.009 5.069 5.122 5.170 5.213 5.256 5.300 5.348 5.396 5.443 5.491 5.542 5.601 5.671 5.749 5.830 5.901 5.953 6.018 6.081 6.111 6.136 6.171 6.222 6.284 6.346 6.390 6.385 6.461 6.574 6.597 6.572 6.518 6.444 6.344 6.226 6.110 6.010 5.999 6.040
