version1/TsunamiDB/out54097.asc
ncols          264
nrows          230
xllcorner      497853.4375
yllcorner      4229146.0000
cellsize         5.
NODATA_value   -99
[rows 102 to 135 of 230, columns 77 to 153 of 264]
5.864 5.894 5.922 5.949 5.974 5.999 6.024 6.047 6.069 6.090 6.111 6.130 6.149 6.167 6.184 6.200 6.216 6.231 6.246 6.259 6.273 6.286 6.298 6.310 6.322 6.333 6.343 6.352 6.361 6.371 6.381 6.390 6.400 6.410 6.419 6.429 6.439 6.448 6.458 6.467 6.476 6.485 6.494 6.503 6.512 6.521 6.530 6.538 6.547 6.555 6.562 6.570 6.579 6.587 6.596 6.605 6.614 6.623 6.633 6.642 6.651 6.660 6.669 6.678 6.686 6.694 6.702 6.710 6.718 6.726 6.734 6.741 6.748 6.755 6.763 6.771 6.781
5.846 5.877 5.906 5.933 5.961 5.988 6.014 6.039 6.063 6.086 6.108 6.129 6.149 6.168 6.186 6.204 6.221 6.237 6.252 6.267 6.281 6.295 6.308 6.321 6.333 6.345 6.355 6.364 6.374 6.384 6.394 6.404 6.414 6.424 6.434 6.443 6.453 6.462 6.472 6.481 6.490 6.499 6.508 6.517 6.526 6.534 6.543 6.552 6.560 6.567 6.574 6.582 6.590 6.598 6.607 6.616 6.625 6.634 6.643 6.652 6.661 6.670 6.679 6.688 6.696 6.705 6.713 6.721 6.729 6.737 6.745 6.752 6.759 6.766 6.773 6.781 6.790
5.827 5.857 5.886 5.915 5.944 5.972 6.000 6.027 6.053 6.078 6.102 6.124 6.146 6.167 6.186 6.205 6.223 6.240 6.257 6.273 6.288 6.302 6.316 6.330 6.343 6.355 6.366 6.376 6.387 6.397 6.407 6.417 6.428 6.437 6.447 6.457 6.467 6.476 6.486 6.495 6.504 6.513 6.522 6.531 6.539 6.548 6.557 6.565 6.573 6.580 6.587 6.594 6.602 6.610 6.618 6.627 6.635 6.644 6.653 6.662 6.671 6.680 6.689 6.698 6.706 6.715 6.723 6.732 6.740 6.748 6.756 6.763 6.769 6.776 6.783 6.791 6.800
5.807 5.837 5.865 5.894 5.923 5.953 5.982 6.011 6.039 6.065 6.091 6.116 6.139 6.162 6.183 6.204 6.223 6.242 6.259 6.276 6.293 6.308 6.323 6.337 6.351 6.364 6.375 6.386 6.397 6.408 6.419 6.430 6.440 6.450 6.460 6.470 6.480 6.490 6.499 6.509 6.518 6.527 6.536 6.545 6.554 6.562 6.570 6.579 6.586 6.593 6.600 6.607 6.614 6.622 6.630 6.638 6.646 6.655 6.663 6.672 6.681 6.690 6.699 6.708 6.716 6.725 6.733 6.742 6.750 6.758 6.766 6.773 6.779 6.786 6.793 6.801 6.809
5.790 5.817 5.845 5.873 5.902 5.931 5.961 5.991 6.020 6.048 6.076 6.103 6.128 6.153 6.176 6.199 6.220 6.240 6.259 6.278 6.295 6.312 6.328 6.343 6.358 6.371 6.383 6.395 6.407 6.418 6.430 6.441 6.452 6.462 6.473 6.483 6.493 6.503 6.513 6.522 6.532 6.541 6.550 6.559 6.567 6.576 6.584 6.593 6.600 6.606 6.613 6.620 6.627 6.634 6.642 6.650 6.658 6.666 6.674 6.683 6.691 6.700 6.709 6.717 6.726 6.735 6.743 6.752 6.760 6.768 6.776 6.783 6.790 6.796 6.803 6.810 6.818
5.776 5.801 5.827 5.852 5.880 5.908 5.938 5.968 5.997 6.027 6.056 6.085 6.112 6.139 6.165 6.189 6.212 6.235 6.256 6.276 6.295 6.313 6.330 6.347 6.362 6.377 6.390 6.402 6.415 6.427 6.439 6.451 6.462 6.473 6.484 6.494 6.505 6.515 6.525 6.535 6.545 6.554 6.563 6.572 6.581 6.590 6.598 6.606 6.614 6.620 6.626 6.633 6.640 6.647 6.654 6.662 6.669 6.677 6.685 6.693 6.702 6.710 6.719 6.727 6.736 6.745 6.753 6.761 6.770 6.778 6.786 6.793 6.799 6.806 6.812 6.819 6.827
5.767 5.789 5.812 5.835 5.860 5.887 5.915 5.944 5.973 6.003 6.033 6.063 6.092 6.120 6.148 6.175 6.200 6.224 6.248 6.270 6.291 6.310 6.329 6.347 6.364 6.380 6.394 6.408 6.421 6.434 6.447 6.459 6.471 6.482 6.494 6.505 6.516 6.526 6.537 6.547 6.557 6.566 6.576 6.585 6.594 6.603 6.612 6.620 6.627 6.634 6.640 6.647 6.653 6.660 6.667 6.674 6.681 6.689 6.696 6.704 6.712 6.721 6.729 6.737 6.746 6.754 6.763 6.771 6.779 6.787 6.795 6.803 6.809 6.815 6.822 6.829 6.836
5.763 5.782 5.802 5.823 5.845 5.869 5.895 5.921 5.949 5.978 6.008 6.037 6.067 6.097 6.126 6.155 6.182 6.209 6.234 6.259 6.282 6.304 6.325 6.344 6.363 6.380 6.395 6.410 6.425 6.439 6.452 6.466 6.478 6.490 6.502 6.514 6.525 6.536 6.547 6.557 6.568 6.578 6.588 6.597 6.607 6.616 6.624 6.633 6.641 6.647 6.654 6.660 6.667 6.673 6.680 6.687 6.694 6.701 6.708 6.716 6.723 6.731 6.739 6.748 6.756 6.764 6.772 6.781 6.789 6.797 6.805 6.812 6.818 6.825 6.831 6.838 6.845
5.763 5.780 5.797 5.815 5.834 5.856 5.878 5.902 5.928 5.955 5.983 6.011 6.041 6.071 6.100 6.130 6.159 6.188 6.216 6.242 6.268 6.292 6.315 6.337 6.358 6.377 6.394 6.410 6.426 6.441 6.456 6.470 6.483 6.496 6.509 6.521 6.533 6.545 6.556 6.567 6.578 6.588 6.599 6.608 6.618 6.628 6.637 6.646 6.653 6.660 6.667 6.673 6.680 6.686 6.693 6.700 6.706 6.713 6.720 6.727 6.735 6.742 6.750 6.758 6.766 6.774 6.782 6.790 6.798 6.806 6.814 6.822 6.828 6.834 6.840 6.847 6.853
5.766 5.781 5.796 5.812 5.829 5.847 5.867 5.888 5.911 5.935 5.961 5.987 6.015 6.044 6.073 6.103 6.132 6.162 6.191 6.220 6.247 6.274 6.300 6.324 6.347 6.368 6.387 6.406 6.423 6.440 6.456 6.472 6.486 6.500 6.514 6.527 6.539 6.552 6.563 6.575 6.586 6.597 6.608 6.618 6.629 6.638 6.648 6.657 6.665 6.672 6.679 6.686 6.693 6.699 6.706 6.712 6.719 6.726 6.732 6.739 6.746 6.754 6.761 6.769 6.776 6.784 6.792 6.800 6.808 6.816 6.824 6.831 6.837 6.843 6.849 6.856 6.862
5.773 5.786 5.800 5.813 5.828 5.844 5.861 5.879 5.899 5.920 5.943 5.967 5.992 6.019 6.046 6.075 6.104 6.133 6.163 6.193 6.222 6.250 6.278 6.305 6.330 6.354 6.375 6.396 6.416 6.435 6.453 6.470 6.486 6.501 6.516 6.530 6.543 6.556 6.569 6.581 6.593 6.605 6.616 6.627 6.638 6.648 6.658 6.668 6.676 6.684 6.691 6.698 6.705 6.712 6.718 6.725 6.731 6.738 6.744 6.751 6.758 6.765 6.772 6.779 6.787 6.795 6.802 6.810 6.818 6.825 6.833 6.840 6.846 6.852 6.858 6.864 6.871
5.782 5.794 5.806 5.818 5.831 5.845 5.860 5.876 5.893 5.911 5.931 5.952 5.974 5.998 6.023 6.049 6.076 6.105 6.134 6.163 6.192 6.222 6.251 6.279 6.307 6.333 6.357 6.380 6.403 6.424 6.444 6.463 6.481 6.498 6.514 6.530 6.544 6.559 6.572 6.585 6.598 6.610 6.622 6.634 6.645 6.656 6.666 6.677 6.686 6.694 6.701 6.709 6.716 6.723 6.730 6.737 6.743 6.750 6.756 6.763 6.769 6.776 6.783 6.790 6.797 6.805 6.812 6.820 6.827 6.835 6.843 6.849 6.855 6.861 6.867 6.873 6.879
5.792 5.803 5.814 5.825 5.837 5.849 5.862 5.876 5.891 5.907 5.924 5.942 5.962 5.983 6.005 6.028 6.053 6.079 6.106 6.134 6.162 6.191 6.220 6.249 6.278 6.306 6.332 6.358 6.383 6.406 6.429 6.450 6.471 6.490 6.508 6.525 6.542 6.557 6.572 6.586 6.600 6.613 6.626 6.638 6.650 6.662 6.673 6.684 6.694 6.702 6.711 6.719 6.726 6.734 6.741 6.748 6.755 6.761 6.768 6.774 6.781 6.787 6.794 6.801 6.808 6.815 6.822 6.830 6.837 6.845 6.852 6.859 6.864 6.870 6.876 6.882 6.888
5.802 5.814 5.824 5.834 5.845 5.856 5.868 5.880 5.894 5.907 5.922 5.938 5.955 5.973 5.992 6.013 6.035 6.058 6.082 6.107 6.134 6.161 6.189 6.218 6.247 6.275 6.302 6.329 6.356 6.382 6.407 6.431 6.454 6.476 6.496 6.515 6.534 6.551 6.568 6.584 6.599 6.613 6.627 6.640 6.653 6.666 6.678 6.689 6.700 6.709 6.718 6.727 6.735 6.743 6.751 6.758 6.765 6.772 6.779 6.785 6.791 6.798 6.805 6.811 6.818 6.825 6.832 6.839 6.847 6.854 6.861 6.868 6.873 6.879 6.884 6.890 6.896
5.813 5.825 5.835 5.844 5.854 5.865 5.876 5.887 5.899 5.911 5.924 5.938 5.953 5.969 5.986 6.003 6.022 6.043 6.064 6.087 6.110 6.135 6.161 6.188 6.216 6.243 6.270 6.297 6.324 6.352 6.379 6.405 6.430 6.454 6.477 6.499 6.520 6.539 6.558 6.576 6.593 6.609 6.624 6.639 6.653 6.667 6.680 6.692 6.704 6.714 6.723 6.733 6.742 6.751 6.759 6.767 6.774 6.781 6.788 6.795 6.801 6.808 6.814 6.821 6.828 6.835 6.841 6.849 6.856 6.863 6.870 6.876 6.882 6.887 6.893 6.898 6.904
5.824 5.835 5.846 5.855 5.865 5.875 5.886 5.896 5.907 5.918 5.930 5.942 5.955 5.969 5.984 5.999 6.016 6.033 6.052 6.072 6.093 6.115 6.138 6.162 6.188 6.213 6.238 6.264 6.291 6.319 6.346 6.373 6.400 6.426 6.451 6.475 6.498 6.520 6.541 6.562 6.581 6.599 6.616 6.633 6.648 6.664 6.678 6.692 6.704 6.715 6.726 6.736 6.746 6.756 6.765 6.773 6.781 6.789 6.796 6.803 6.810 6.817 6.823 6.830 6.837 6.843 6.850 6.857 6.864 6.871 6.878 6.885 6.890 6.895 6.901 6.906 6.912
5.835 5.846 5.856 5.866 5.876 5.886 5.896 5.906 5.916 5.927 5.937 5.949 5.960 5.972 5.985 5.999 6.014 6.029 6.046 6.063 6.081 6.101 6.121 6.143 6.165 6.188 6.211 6.235 6.260 6.286 6.313 6.339 6.366 6.393 6.419 6.445 6.470 6.494 6.518 6.540 6.562 6.582 6.602 6.620 6.638 6.655 6.672 6.687 6.701 6.713 6.725 6.737 6.748 6.758 6.768 6.778 6.787 6.795 6.803 6.810 6.817 6.824 6.831 6.838 6.845 6.851 6.858 6.865 6.872 6.879 6.886 6.892 6.897 6.903 6.908 6.913 6.919
5.845 5.856 5.867 5.876 5.886 5.897 5.907 5.916 5.926 5.936 5.946 5.957 5.968 5.979 5.990 6.003 6.016 6.029 6.044 6.059 6.075 6.092 6.110 6.129 6.149 6.169 6.189 6.211 6.234 6.257 6.282 6.307 6.333 6.359 6.385 6.411 6.437 6.462 6.487 6.512 6.535 6.558 6.580 6.601 6.621 6.641 6.659 6.677 6.692 6.706 6.720 6.733 6.746 6.758 6.769 6.779 6.789 6.798 6.807 6.815 6.823 6.830 6.837 6.844 6.851 6.858 6.865 6.872 6.879 6.886 6.893 6.899 6.904 6.909 6.915 6.920 6.925
5.855 5.866 5.877 5.886 5.897 5.907 5.917 5.927 5.937 5.947 5.956 5.966 5.976 5.987 5.997 6.009 6.020 6.033 6.046 6.059 6.074 6.089 6.105 6.122 6.139 6.156 6.174 6.193 6.213 6.234 6.256 6.279 6.303 6.327 6.352 6.377 6.402 6.428 6.453 6.478 6.503 6.528 6.552 6.575 6.597 6.619 6.640 6.659 6.677 6.693 6.709 6.724 6.739 6.752 6.765 6.777 6.788 6.798 6.808 6.817 6.826 6.834 6.841 6.849 6.856 6.863 6.870 6.877 6.885 6.892 6.899 6.904 6.910 6.915 6.921 6.926 6.931
5.864 5.875 5.886 5.896 5.907 5.917 5.928 5.938 5.947 5.957 5.967 5.976 5.986 5.996 6.006 6.016 6.027 6.038 6.050 6.063 6.076 6.089 6.104 6.119 6.134 6.149 6.165 6.181 6.199 6.218 6.238 6.258 6.279 6.301 6.323 6.346 6.370 6.394 6.418 6.443 6.468 6.493 6.518 6.542 6.566 6.590 6.613 6.635 6.655 6.673 6.691 6.709 6.725 6.741 6.756 6.769 6.782 6.794 6.805 6.815 6.825 6.834 6.843 6.851 6.859 6.866 6.874 6.881 6.889 6.896 6.903 6.909 6.914 6.920 6.925 6.931 6.936
5.872 5.884 5.894 5.905 5.916 5.927 5.938 5.948 5.958 5.968 5.977 5.987 5.996 6.006 6.015 6.025 6.035 6.046 6.057 6.068 6.080 6.093 6.106 6.119 6.133 6.146 6.160 6.175 6.191 6.208 6.225 6.243 6.261 6.281 6.301 6.321 6.342 6.364 6.387 6.410 6.434 6.458 6.482 6.507 6.531 6.556 6.580 6.604 6.625 6.646 6.667 6.686 6.705 6.723 6.740 6.756 6.771 6.785 6.797 6.809 6.820 6.831 6.840 6.850 6.858 6.867 6.875 6.883 6.890 6.898 6.905 6.911 6.917 6.923 6.928 6.934 6.940
5.880 5.892 5.903 5.914 5.925 5.936 5.947 5.957 5.968 5.978 5.987 5.997 6.006 6.016 6.025 6.035 6.044 6.054 6.065 6.075 6.086 6.098 6.110 6.123 6.135 6.147 6.160 6.173 6.187 6.202 6.218 6.234 6.250 6.267 6.285 6.303 6.322 6.341 6.361 6.382 6.404 6.426 6.449 6.472 6.496 6.520 6.545 6.568 6.591 6.613 6.635 6.657 6.678 6.698 6.717 6.735 6.753 6.769 6.784 6.798 6.811 6.823 6.834 6.844 6.854 6.863 6.872 6.881 6.889 6.898 6.905 6.912 6.918 6.924 6.930 6.936 6.942
5.888 5.900 5.911 5.922 5.934 5.945 5.956 5.967 5.977 5.987 5.997 6.007 6.017 6.026 6.035 6.045 6.054 6.064 6.073 6.083 6.094 6.105 6.116 6.128 6.139 6.150 6.162 6.174 6.187 6.201 6.215 6.229 6.244 6.259 6.275 6.291 6.308 6.325 6.343 6.361 6.380 6.400 6.420 6.442 6.464 6.486 6.510 6.532 6.555 6.577 6.600 6.623 6.645 6.667 6.688 6.708 6.728 6.746 6.763 6.780 6.795 6.809 6.822 6.834 6.845 6.856 6.866 6.876 6.885 6.894 6.902 6.909 6.916 6.923 6.929 6.936 6.942
5.895 5.907 5.918 5.930 5.941 5.953 5.964 5.975 5.986 5.997 6.007 6.017 6.026 6.036 6.045 6.054 6.064 6.073 6.082 6.092 6.102 6.112 6.123 6.134 6.145 6.155 6.166 6.178 6.190 6.202 6.215 6.229 6.242 6.256 6.270 6.284 6.299 6.314 6.330 6.346 6.363 6.381 6.399 6.417 6.437 6.457 6.479 6.500 6.521 6.542 6.564 6.587 6.609 6.632 6.654 6.676 6.697 6.717 6.737 6.755 6.772 6.789 6.804 6.818 6.831 6.844 6.855 6.866 6.877 6.887 6.896 6.904 6.912 6.919 6.926 6.933 6.940
5.902 5.914 5.926 5.937 5.949 5.961 5.972 5.984 5.995 6.005 6.016 6.026 6.036 6.045 6.055 6.064 6.073 6.082 6.092 6.101 6.111 6.121 6.131 6.141 6.152 6.161 6.172 6.183 6.194 6.206 6.218 6.230 6.243 6.256 6.269 6.282 6.295 6.309 6.323 6.338 6.352 6.368 6.384 6.400 6.417 6.435 6.454 6.473 6.492 6.511 6.532 6.553 6.575 6.597 6.619 6.641 6.663 6.684 6.705 6.725 6.744 6.762 6.780 6.796 6.811 6.826 6.839 6.852 6.864 6.876 6.886 6.895 6.904 6.912 6.920 6.928 6.935
5.910 5.922 5.933 5.945 5.956 5.968 5.980 5.991 6.003 6.013 6.024 6.034 6.044 6.054 6.064 6.073 6.082 6.092 6.101 6.110 6.120 6.129 6.139 6.149 6.159 6.168 6.178 6.189 6.200 6.211 6.222 6.234 6.246 6.258 6.270 6.283 6.295 6.308 6.320 6.333 6.347 6.360 6.374 6.389 6.404 6.420 6.436 6.453 6.469 6.487 6.505 6.524 6.544 6.565 6.586 6.607 6.628 6.650 6.671 6.692 6.712 6.732 6.751 6.769 6.786 6.802 6.818 6.833 6.846 6.860 6.872 6.882 6.892 6.902 6.911 6.920 6.928
5.917 5.929 5.940 5.952 5.964 5.975 5.987 5.999 6.010 6.021 6.032 6.043 6.053 6.063 6.073 6.082 6.091 6.101 6.110 6.119 6.128 6.138 6.147 6.157 6.167 6.176 6.185 6.195 6.206 6.217 6.228 6.239 6.251 6.262 6.274 6.285 6.297 6.309 6.321 6.333 6.345 6.357 6.370 6.383 6.396 6.410 6.425 6.439 6.453 6.468 6.484 6.501 6.519 6.538 6.557 6.577 6.597 6.618 6.638 6.659 6.679 6.699 6.719 6.738 6.757 6.775 6.792 6.808 6.824 6.839 6.853 6.865 6.877 6.888 6.898 6.908 6.918
5.924 5.936 5.947 5.959 5.971 5.983 5.994 6.006 6.017 6.029 6.040 6.050 6.061 6.071 6.081 6.091 6.100 6.109 6.119 6.128 6.137 6.146 6.156 6.166 6.175 6.183 6.193 6.202 6.213 6.223 6.234 6.245 6.256 6.267 6.278 6.290 6.301 6.312 6.323 6.335 6.346 6.357 6.369 6.381 6.393 6.405 6.418 6.431 6.443 6.456 6.470 6.485 6.501 6.517 6.535 6.552 6.571 6.590 6.609 6.629 6.648 6.668 6.688 6.707 6.726 6.745 6.763 6.781 6.798 6.815 6.830 6.844 6.857 6.870 6.882 6.893 6.904
5.932 5.943 5.954 5.966 5.978 5.989 6.001 6.013 6.025 6.036 6.047 6.058 6.068 6.079 6.089 6.099 6.108 6.118 6.127 6.136 6.145 6.155 6.164 6.174 6.183 6.191 6.200 6.210 6.220 6.230 6.240 6.251 6.262 6.273 6.284 6.295 6.306 6.317 6.327 6.338 6.349 6.360 6.371 6.382 6.393 6.404 6.416 6.427 6.438 6.450 6.462 6.475 6.489 6.503 6.518 6.534 6.551 6.568 6.585 6.603 6.621 6.640 6.659 6.678 6.697 6.716 6.734 6.753 6.771 6.788 6.805 6.820 6.835 6.849 6.862 6.875 6.888
5.939 5.951 5.962 5.973 5.985 5.996 6.008 6.020 6.031 6.043 6.054 6.065 6.076 6.086 6.096 6.106 6.116 6.126 6.135 6.144 6.154 6.163 6.172 6.182 6.190 6.199 6.207 6.217 6.227 6.237 6.247 6.257 6.268 6.279 6.289 6.300 6.311 6.322 6.332 6.343 6.353 6.364 6.374 6.385 6.395 6.406 6.416 6.427 6.437 6.447 6.458 6.469 6.482 6.494 6.508 6.522 6.536 6.551 6.567 6.583 6.600 6.617 6.635 6.652 6.670 6.688 6.707 6.725 6.743 6.761 6.779 6.795 6.810 6.826 6.841 6.855 6.869
5.947 5.959 5.969 5.980 5.992 6.003 6.015 6.027 6.038 6.050 6.061 6.072 6.083 6.093 6.104 6.114 6.124 6.133 6.143 6.152 6.161 6.171 6.180 6.189 6.198 6.206 6.215 6.224 6.234 6.243 6.254 6.264 6.274 6.285 6.295 6.306 6.317 6.327 6.338 6.348 6.358 6.369 6.379 6.389 6.399 6.409 6.419 6.429 6.438 6.447 6.457 6.467 6.478 6.490 6.502 6.514 6.527 6.541 6.555 6.569 6.584 6.600 6.615 6.632 6.648 6.665 6.683 6.700 6.718 6.736 6.753 6.770 6.786 6.802 6.818 6.833 6.848
5.956 5.966 5.977 5.988 5.999 6.011 6.022 6.034 6.045 6.057 6.068 6.079 6.090 6.100 6.111 6.121 6.131 6.141 6.150 6.160 6.169 6.178 6.187 6.197 6.205 6.213 6.222 6.231 6.240 6.250 6.260 6.270 6.280 6.291 6.301 6.312 6.322 6.333 6.343 6.354 6.364 6.374 6.384 6.394 6.404 6.414 6.423 6.432 6.441 6.449 6.459 6.468 6.478 6.488 6.499 6.510 6.522 6.534 6.547 6.560 6.573 6.587 6.602 6.616 6.632 6.647 6.663 6.680 6.697 6.714 6.731 6.747 6.763 6.779 6.795 6.811 6.827
5.964 5.975 5.985 5.996 6.007 6.018 6.029 6.041 6.052 6.063 6.075 6.086 6.096 6.107 6.118 6.128 6.138 6.148 6.157 6.167 6.176 6.186 6.195 6.204 6.212 6.220 6.229 6.238 6.247 6.257 6.266 6.276 6.287 6.297 6.307 6.318 6.328 6.339 6.349 6.360 6.370 6.380 6.390 6.400 6.409 6.419 6.428 6.437 6.445 6.453 6.462 6.471 6.480 6.490 6.499 6.510 6.520 6.531 6.543 6.555 6.567 6.579 6.592 6.606 6.620 6.634 6.649 6.664 6.680 6.696 6.712 6.727 6.743 6.758 6.775 6.791 6.807
5.973 5.983 5.993 6.004 6.015 6.026 6.037 6.048 6.059 6.070 6.081 6.092 6.103 6.114 6.124 6.135 6.145 6.155 6.164 6.174 6.183 6.193 6.202 6.211 6.219 6.227 6.236 6.245 6.254 6.263 6.273 6.283 6.293 6.303 6.313 6.324 6.334 6.344 6.355 6.365 6.375 6.386 6.396 6.405 6.415 6.425 6.434 6.443 6.450 6.458 6.466 6.475 6.484 6.492 6.502 6.511 6.521 6.531 6.542 6.552 6.564 6.575 6.587 6.599 6.612 6.625 6.638 6.653 6.667 6.682 6.697 6.711 6.726 6.741 6.757 6.773 6.789
