version1/TsunamiDB/out54087.asc
ncols          264
nrows          230
xllcorner      497853.4375
yllcorner      4229146.0000
cellsize         5.
NODATA_value   -99
[rows 102 to 135 of 230, columns 0 to 76 of 264]
-99.000 -99.000 -99.000 -99.000 -99.000 -99.000 -99.000 -99.000 1.651 1.657 1.709 1.856 2.088 2.368 2.655 2.917 3.138 3.314 3.453 3.564 3.655 3.733 3.802 3.865 3.923 3.978 4.030 4.079 4.126 4.172 4.215 4.257 4.298 4.337 4.374 4.412 4.449 4.485 4.521 4.556 4.591 4.625 4.659 4.692 4.724 4.757 4.788 4.819 4.850 4.880 4.909 4.937 4.965 4.992 5.019 5.045 5.070 5.093 5.116 5.139 5.162 5.185 5.206 5.228 5.249 5.270 5.290 5.310 5.330 5.349 5.368 5.387 5.405 5.423 5.441 5.458 5.475
-99.000 -99.000 -99.000 -99.000 -99.000 -99.000 -99.000 -99.000 1.652 1.672 1.766 1.956 2.216 2.504 2.783 3.027 3.227 3.385 3.509 3.610 3.695 3.769 3.835 3.896 3.953 4.006 4.057 4.105 4.151 4.196 4.238 4.280 4.320 4.358 4.395 4.432 4.468 4.504 4.538 4.573 4.607 4.640 4.673 4.706 4.738 4.770 4.801 4.832 4.862 4.891 4.920 4.949 4.977 5.004 5.030 5.056 5.081 5.104 5.127 5.151 5.174 5.196 5.218 5.239 5.260 5.281 5.302 5.322 5.341 5.361 5.380 5.399 5.417 5.435 5.453 5.471 5.488
-99.000 -99.000 -99.000 -99.000 -99.000 -99.000 -99.000 1.651 1.656 1.704 1.844 2.071 2.350 2.638 2.903 3.127 3.306 3.448 3.561 3.654 3.733 3.803 3.867 3.926 3.981 4.033 4.083 4.130 4.176 4.219 4.261 4.302 4.341 4.379 4.415 4.451 4.487 4.522 4.556 4.590 4.623 4.656 4.688 4.720 4.752 4.783 4.814 4.844 4.874 4.903 4.932 4.960 4.988 5.015 5.042 5.067 5.091 5.115 5.139 5.162 5.185 5.207 5.229 5.250 5.272 5.292 5.313 5.333 5.352 5.372 5.391 5.410 5.429 5.447 5.465 5.483 5.500
-99.000 -99.000 -99.000 -99.000 -99.000 -99.000 -99.000 1.652 1.669 1.757 1.941 2.197 2.485 2.766 3.013 3.217 3.378 3.505 3.608 3.694 3.769 3.836 3.898 3.955 4.009 4.060 4.109 4.155 4.200 4.243 4.284 4.324 4.363 4.400 4.436 4.471 4.506 4.540 4.574 4.607 4.640 4.672 4.703 4.735 4.766 4.797 4.827 4.857 4.886 4.915 4.944 4.972 4.999 5.026 5.052 5.078 5.102 5.126 5.149 5.173 5.195 5.218 5.240 5.261 5.282 5.303 5.323 5.343 5.363 5.383 5.402 5.421 5.439 5.458 5.476 5.494 5.512
-99.000 -99.000 -99.000 -99.000 -99.000 -99.000 1.651 1.655 1.698 1.832 2.053 2.330 2.619 2.886 3.114 3.297 3.442 3.557 3.651 3.732 3.803 3.868 3.928 3.984 4.036 4.086 4.134 4.180 4.224 4.266 4.307 4.346 4.385 4.421 4.456 4.491 4.525 4.559 4.592 4.624 4.656 4.688 4.719 4.750 4.780 4.810 4.840 4.870 4.899 4.927 4.955 4.983 5.010 5.037 5.063 5.089 5.113 5.136 5.160 5.183 5.206 5.228 5.250 5.272 5.293 5.313 5.334 5.354 5.373 5.393 5.412 5.431 5.450 5.468 5.486 5.504 5.522
-99.000 -99.000 -99.000 -99.000 -99.000 -99.000 1.652 1.666 1.747 1.926 2.177 2.464 2.747 2.998 3.205 3.369 3.499 3.604 3.692 3.768 3.836 3.899 3.957 4.011 4.063 4.112 4.159 4.204 4.248 4.289 4.329 4.368 4.406 4.442 4.476 4.511 4.545 4.578 4.610 4.642 4.673 4.704 4.735 4.765 4.795 4.825 4.854 4.883 4.911 4.939 4.967 4.995 5.022 5.048 5.074 5.100 5.124 5.147 5.170 5.194 5.216 5.238 5.260 5.282 5.303 5.323 5.344 5.363 5.383 5.403 5.422 5.441 5.460 5.478 5.496 5.514 5.532
-99.000 -99.000 -99.000 -99.000 -99.000 1.651 1.654 1.692 1.818 2.035 2.308 2.597 2.868 3.099 3.286 3.434 3.552 3.648 3.730 3.802 3.868 3.928 3.985 4.038 4.089 4.138 4.184 4.228 4.271 4.312 4.352 4.390 4.427 4.462 4.497 4.531 4.564 4.597 4.628 4.660 4.691 4.721 4.751 4.781 4.810 4.839 4.868 4.896 4.924 4.952 4.979 5.006 5.033 5.059 5.085 5.110 5.134 5.157 5.181 5.204 5.226 5.249 5.270 5.292 5.312 5.333 5.353 5.373 5.393 5.412 5.431 5.450 5.469 5.487 5.506 5.524 5.542
-99.000 -99.000 -99.000 -99.000 -99.000 1.651 1.663 1.737 1.908 2.156 2.441 2.726 2.980 3.191 3.359 3.492 3.599 3.689 3.766 3.835 3.898 3.957 4.013 4.065 4.115 4.162 4.208 4.252 4.294 4.334 4.374 4.412 4.448 4.483 4.517 4.550 4.583 4.615 4.647 4.678 4.708 4.738 4.767 4.797 4.825 4.854 4.882 4.910 4.937 4.965 4.992 5.018 5.045 5.071 5.096 5.121 5.145 5.168 5.191 5.214 5.237 5.259 5.280 5.301 5.322 5.343 5.363 5.383 5.402 5.421 5.440 5.459 5.478 5.496 5.515 5.533 5.551
-99.000 -99.000 -99.000 -99.000 1.651 1.653 1.686 1.804 2.015 2.285 2.574 2.848 3.083 3.274 3.425 3.545 3.643 3.727 3.800 3.867 3.928 3.985 4.040 4.091 4.140 4.187 4.232 4.275 4.317 4.357 4.395 4.433 4.469 4.503 4.537 4.570 4.602 4.634 4.665 4.696 4.726 4.755 4.784 4.813 4.841 4.869 4.897 4.924 4.951 4.978 5.005 5.031 5.057 5.082 5.107 5.132 5.156 5.179 5.202 5.225 5.247 5.269 5.290 5.311 5.332 5.352 5.372 5.392 5.411 5.430 5.449 5.468 5.487 5.505 5.523 5.541 5.559
-99.000 -99.000 -99.000 -99.000 1.651 1.661 1.728 1.891 2.134 2.418 2.703 2.961 3.176 3.348 3.484 3.593 3.684 3.763 3.833 3.897 3.957 4.013 4.066 4.116 4.165 4.211 4.255 4.298 4.339 4.378 4.417 4.454 4.490 4.524 4.557 4.589 4.622 4.653 4.684 4.714 4.743 4.772 4.801 4.829 4.857 4.884 4.911 4.938 4.965 4.992 5.018 5.043 5.069 5.094 5.119 5.144 5.167 5.190 5.213 5.235 5.257 5.279 5.300 5.321 5.342 5.362 5.382 5.401 5.420 5.439 5.458 5.477 5.495 5.513 5.532 5.550 5.568
-99.000 -99.000 -99.000 1.651 1.653 1.680 1.790 1.994 2.261 2.551 2.826 3.065 3.260 3.415 3.538 3.638 3.723 3.797 3.865 3.927 3.985 4.039 4.092 4.141 4.189 4.234 4.278 4.320 4.361 4.400 4.438 4.474 4.510 4.543 4.576 4.609 4.640 4.671 4.702 4.732 4.761 4.789 4.818 4.845 4.873 4.900 4.927 4.953 4.979 5.005 5.031 5.057 5.082 5.107 5.131 5.155 5.178 5.201 5.224 5.246 5.268 5.290 5.311 5.331 5.352 5.372 5.391 5.411 5.430 5.448 5.467 5.485 5.504 5.522 5.540 5.558 5.576
-99.000 -99.000 -99.000 1.651 1.659 1.718 1.873 2.110 2.393 2.680 2.941 3.160 3.336 3.475 3.586 3.679 3.759 3.830 3.895 3.955 4.012 4.066 4.117 4.166 4.212 4.257 4.300 4.342 4.382 4.421 4.458 4.495 4.530 4.563 4.595 4.628 4.659 4.690 4.720 4.749 4.778 4.806 4.834 4.862 4.889 4.916 4.942 4.968 4.994 5.019 5.045 5.070 5.095 5.119 5.143 5.167 5.190 5.212 5.235 5.257 5.279 5.300 5.321 5.342 5.362 5.382 5.401 5.420 5.439 5.458 5.476 5.494 5.512 5.530 5.548 5.566 5.583
-99.000 -99.000 -99.000 1.652 1.675 1.776 1.972 2.235 2.525 2.804 3.046 3.245 3.404 3.529 3.631 3.718 3.793 3.861 3.924 3.983 4.038 4.091 4.141 4.189 4.236 4.280 4.323 4.364 4.403 4.442 4.479 4.515 4.549 4.582 4.614 4.646 4.678 4.708 4.738 4.767 4.796 4.824 4.851 4.878 4.905 4.931 4.957 4.983 5.009 5.034 5.059 5.083 5.108 5.132 5.156 5.180 5.202 5.224 5.246 5.268 5.290 5.311 5.332 5.353 5.373 5.392 5.411 5.430 5.449 5.467 5.485 5.503 5.521 5.539 5.556 5.574 5.591
-99.000 -99.000 1.651 1.657 1.709 1.855 2.086 2.366 2.655 2.920 3.143 3.322 3.464 3.579 3.673 3.754 3.826 3.892 3.953 4.010 4.064 4.116 4.166 4.213 4.258 4.302 4.344 4.385 4.424 4.462 4.499 4.534 4.569 4.601 4.633 4.665 4.696 4.726 4.756 4.784 4.813 4.840 4.868 4.895 4.921 4.947 4.973 4.998 5.023 5.048 5.073 5.097 5.121 5.145 5.169 5.192 5.214 5.236 5.258 5.280 5.302 5.323 5.343 5.364 5.383 5.403 5.422 5.440 5.459 5.477 5.495 5.512 5.530 5.547 5.565 5.582 5.599
-99.000 -99.000 1.652 1.671 1.763 1.951 2.209 2.498 2.780 3.026 3.229 3.391 3.520 3.624 3.712 3.788 3.858 3.921 3.980 4.037 4.090 4.141 4.189 4.236 4.281 4.324 4.366 4.406 4.445 4.482 4.519 4.554 4.588 4.620 4.652 4.683 4.714 4.744 4.773 4.802 4.830 4.857 4.884 4.911 4.937 4.963 4.988 5.013 5.038 5.063 5.087 5.111 5.135 5.159 5.182 5.205 5.227 5.248 5.270 5.292 5.313 5.334 5.355 5.375 5.395 5.414 5.433 5.451 5.469 5.487 5.505 5.522 5.539 5.556 5.573 5.590 5.607
-99.000 1.651 1.655 1.700 1.837 2.062 2.339 2.628 2.897 3.124 3.308 3.453 3.570 3.666 3.748 3.821 3.888 3.950 4.008 4.062 4.115 4.165 4.212 4.258 4.303 4.345 4.387 4.426 4.465 4.502 4.538 4.573 4.606 4.638 4.670 4.701 4.732 4.761 4.790 4.819 4.846 4.874 4.901 4.927 4.953 4.978 5.003 5.028 5.053 5.077 5.101 5.125 5.149 5.172 5.195 5.218 5.239 5.261 5.282 5.304 5.325 5.346 5.366 5.386 5.406 5.425 5.444 5.462 5.480 5.498 5.515 5.532 5.549 5.566 5.582 5.599 5.615
-99.000 1.652 1.667 1.750 1.929 2.183 2.471 2.754 3.006 3.213 3.378 3.509 3.616 3.705 3.783 3.853 3.917 3.977 4.034 4.088 4.139 4.188 4.235 4.281 4.324 4.367 4.407 4.447 4.485 4.521 4.557 4.592 4.624 4.656 4.688 4.719 4.749 4.779 4.807 4.835 4.863 4.890 4.917 4.943 4.968 4.994 5.019 5.043 5.067 5.091 5.115 5.139 5.162 5.185 5.208 5.231 5.252 5.273 5.295 5.316 5.337 5.358 5.378 5.398 5.418 5.437 5.455 5.473 5.491 5.509 5.526 5.542 5.559 5.575 5.592 5.608 5.624
1.651 1.654 1.692 1.820 2.037 2.311 2.601 2.873 3.105 3.293 3.441 3.561 3.659 3.742 3.816 3.883 3.946 4.004 4.060 4.113 4.163 4.211 4.258 4.303 4.346 4.387 4.428 4.466 4.504 4.541 4.576 4.610 4.643 4.674 4.706 4.736 4.766 4.796 4.824 4.852 4.879 4.906 4.933 4.958 4.984 5.009 5.034 5.058 5.082 5.106 5.129 5.153 5.176 5.199 5.222 5.243 5.264 5.285 5.307 5.328 5.349 5.370 5.390 5.410 5.429 5.448 5.467 5.485 5.503 5.520 5.537 5.553 5.570 5.586 5.602 5.618 5.634
1.651 1.663 1.737 1.908 2.156 2.442 2.728 2.983 3.196 3.364 3.499 3.607 3.698 3.777 3.848 3.913 3.973 4.031 4.085 4.137 4.186 4.234 4.280 4.324 4.367 4.408 4.448 4.486 4.523 4.560 4.595 4.629 4.661 4.692 4.723 4.754 4.783 4.812 4.841 4.868 4.896 4.922 4.948 4.974 4.999 5.024 5.048 5.072 5.096 5.120 5.143 5.166 5.189 5.212 5.234 5.256 5.276 5.298 5.319 5.340 5.361 5.382 5.402 5.422 5.441 5.460 5.479 5.497 5.514 5.532 5.548 5.565 5.581 5.597 5.613 5.628 5.644
1.653 1.685 1.803 2.013 2.283 2.573 2.848 3.085 3.277 3.429 3.551 3.651 3.735 3.810 3.878 3.941 4.000 4.056 4.110 4.161 4.209 4.256 4.302 4.345 4.387 4.428 4.467 4.506 4.542 4.578 4.613 4.647 4.679 4.710 4.741 4.771 4.800 4.829 4.857 4.885 4.912 4.938 4.964 4.989 5.014 5.039 5.063 5.087 5.110 5.134 5.157 5.180 5.202 5.225 5.247 5.268 5.289 5.310 5.331 5.352 5.373 5.394 5.414 5.433 5.453 5.472 5.490 5.509 5.526 5.543 5.560 5.577 5.593 5.608 5.624 5.639 5.654
1.661 1.726 1.887 2.129 2.414 2.701 2.960 3.177 3.351 3.488 3.598 3.691 3.771 3.842 3.908 3.969 4.027 4.082 4.134 4.184 4.232 4.278 4.323 4.366 4.408 4.448 4.487 4.525 4.561 4.597 4.631 4.665 4.696 4.727 4.758 4.788 4.817 4.846 4.873 4.901 4.927 4.954 4.979 5.004 5.029 5.054 5.078 5.101 5.124 5.148 5.170 5.193 5.215 5.238 5.260 5.281 5.301 5.322 5.343 5.364 5.385 5.405 5.425 5.445 5.464 5.483 5.502 5.520 5.538 5.555 5.572 5.589 5.605 5.620 5.635 5.651 5.665
1.679 1.787 1.988 2.255 2.545 2.822 3.063 3.260 3.417 3.541 3.642 3.728 3.804 3.873 3.936 3.996 4.052 4.106 4.158 4.207 4.254 4.300 4.344 4.387 4.428 4.468 4.506 4.544 4.580 4.615 4.649 4.683 4.714 4.744 4.775 4.805 4.834 4.862 4.890 4.917 4.943 4.969 4.995 5.019 5.044 5.068 5.092 5.115 5.138 5.161 5.184 5.206 5.228 5.250 5.272 5.293 5.313 5.334 5.355 5.376 5.396 5.416 5.437 5.456 5.476 5.495 5.513 5.532 5.550 5.567 5.584 5.600 5.617 5.632 5.647 5.662 5.677
1.715 1.867 2.103 2.385 2.673 2.936 3.158 3.336 3.477 3.589 3.683 3.764 3.836 3.902 3.964 4.022 4.077 4.130 4.181 4.229 4.276 4.321 4.365 4.407 4.448 4.487 4.525 4.562 4.598 4.633 4.667 4.700 4.731 4.762 4.792 4.821 4.850 4.878 4.906 4.933 4.959 4.985 5.010 5.034 5.059 5.083 5.106 5.129 5.152 5.175 5.197 5.219 5.241 5.263 5.284 5.305 5.325 5.346 5.366 5.387 5.407 5.428 5.448 5.467 5.487 5.506 5.525 5.543 5.561 5.579 5.596 5.612 5.628 5.644 5.659 5.674 5.689
1.771 1.965 2.226 2.516 2.796 3.041 3.243 3.403 3.531 3.634 3.721 3.798 3.867 3.931 3.991 4.048 4.102 4.154 4.204 4.251 4.298 4.342 4.385 4.427 4.467 4.506 4.544 4.581 4.616 4.651 4.685 4.718 4.749 4.779 4.809 4.838 4.867 4.894 4.922 4.948 4.974 5.000 5.025 5.049 5.073 5.097 5.120 5.143 5.166 5.188 5.210 5.232 5.254 5.275 5.297 5.317 5.337 5.357 5.378 5.398 5.418 5.438 5.458 5.478 5.497 5.516 5.535 5.554 5.572 5.590 5.607 5.624 5.640 5.656 5.671 5.686 5.701
1.848 2.076 2.355 2.645 2.911 3.138 3.320 3.464 3.580 3.675 3.757 3.830 3.897 3.959 4.017 4.073 4.126 4.177 4.226 4.273 4.319 4.363 4.405 4.446 4.486 4.525 4.562 4.599 4.634 4.669 4.702 4.735 4.766 4.795 4.825 4.854 4.883 4.911 4.938 4.964 4.990 5.015 5.040 5.064 5.088 5.112 5.135 5.157 5.180 5.202 5.223 5.245 5.266 5.288 5.309 5.329 5.348 5.369 5.389 5.409 5.429 5.449 5.469 5.488 5.508 5.527 5.546 5.564 5.582 5.600 5.618 5.635 5.651 5.667 5.683 5.698 5.713
1.941 2.198 2.486 2.769 3.019 3.225 3.389 3.520 3.626 3.714 3.791 3.861 3.925 3.986 4.043 4.097 4.150 4.200 4.248 4.294 4.339 4.383 4.425 4.466 4.505 4.543 4.581 4.617 4.652 4.686 4.719 4.752 4.782 4.812 4.842 4.871 4.899 4.927 4.953 4.980 5.005 5.031 5.055 5.079 5.103 5.126 5.149 5.171 5.193 5.215 5.237 5.258 5.279 5.300 5.321 5.341 5.360 5.380 5.400 5.420 5.440 5.459 5.479 5.498 5.518 5.537 5.555 5.574 5.592 5.610 5.628 5.645 5.662 5.678 5.694 5.710 5.725
2.050 2.326 2.616 2.886 3.117 3.304 3.452 3.570 3.668 3.750 3.823 3.891 3.953 4.012 4.068 4.121 4.173 4.222 4.269 4.315 4.360 4.402 4.444 4.484 4.524 4.562 4.599 4.634 4.669 4.703 4.736 4.769 4.799 4.828 4.858 4.887 4.915 4.942 4.969 4.995 5.021 5.046 5.070 5.094 5.118 5.141 5.163 5.185 5.207 5.229 5.250 5.271 5.292 5.312 5.333 5.352 5.371 5.391 5.411 5.431 5.450 5.470 5.489 5.508 5.527 5.546 5.565 5.584 5.602 5.620 5.638 5.655 5.672 5.689 5.705 5.721 5.736
2.169 2.456 2.741 2.995 3.206 3.375 3.508 3.616 3.707 3.785 3.855 3.920 3.980 4.038 4.092 4.145 4.195 4.244 4.290 4.336 4.379 4.422 4.463 4.503 4.542 4.580 4.616 4.652 4.686 4.720 4.753 4.785 4.815 4.845 4.874 4.903 4.931 4.958 4.985 5.011 5.036 5.061 5.085 5.109 5.132 5.155 5.178 5.200 5.221 5.243 5.264 5.284 5.305 5.325 5.345 5.364 5.383 5.402 5.422 5.441 5.460 5.480 5.499 5.518 5.537 5.556 5.574 5.593 5.611 5.629 5.647 5.664 5.682 5.699 5.715 5.731 5.747
2.296 2.586 2.860 3.096 3.287 3.439 3.560 3.659 3.744 3.818 3.885 3.948 4.007 4.063 4.116 4.168 4.217 4.265 4.311 4.356 4.399 4.441 4.482 4.521 4.560 4.597 4.633 4.669 4.703 4.737 4.769 4.801 4.831 4.861 4.890 4.918 4.946 4.974 5.000 5.026 5.051 5.076 5.100 5.124 5.147 5.170 5.192 5.214 5.235 5.256 5.277 5.298 5.318 5.338 5.358 5.376 5.395 5.414 5.433 5.452 5.471 5.490 5.509 5.527 5.546 5.565 5.583 5.601 5.620 5.638 5.656 5.673 5.691 5.708 5.725 5.741 5.757
2.426 2.713 2.971 3.187 3.360 3.497 3.607 3.699 3.779 3.849 3.914 3.975 4.033 4.088 4.140 4.190 4.239 4.286 4.331 4.375 4.418 4.460 4.500 4.539 4.577 4.614 4.650 4.685 4.720 4.753 4.785 4.817 4.847 4.876 4.905 4.934 4.962 4.989 5.015 5.041 5.066 5.091 5.115 5.139 5.162 5.184 5.206 5.228 5.249 5.270 5.291 5.311 5.331 5.351 5.370 5.389 5.407 5.425 5.444 5.463 5.481 5.500 5.518 5.537 5.555 5.574 5.592 5.610 5.628 5.646 5.664 5.682 5.699 5.716 5.733 5.750 5.766
2.557 2.834 3.074 3.270 3.426 3.550 3.651 3.737 3.812 3.880 3.943 4.002 4.058 4.112 4.163 4.213 4.260 4.307 4.351 4.395 4.437 4.478 4.518 4.557 4.594 4.631 4.667 4.702 4.736 4.769 4.801 4.833 4.862 4.892 4.921 4.949 4.977 5.004 5.030 5.056 5.081 5.106 5.130 5.153 5.176 5.199 5.221 5.242 5.264 5.284 5.305 5.325 5.344 5.364 5.383 5.401 5.419 5.437 5.456 5.474 5.492 5.510 5.528 5.547 5.565 5.583 5.601 5.619 5.637 5.654 5.672 5.690 5.707 5.725 5.742 5.759 5.775
2.684 2.947 3.168 3.345 3.485 3.598 3.692 3.773 3.844 3.909 3.970 4.028 4.083 4.136 4.186 4.235 4.282 4.327 4.371 4.414 4.455 4.496 4.535 4.574 4.611 4.648 4.683 4.718 4.752 4.784 4.816 4.848 4.877 4.907 4.936 4.964 4.992 5.019 5.045 5.071 5.096 5.121 5.145 5.168 5.191 5.213 5.235 5.257 5.278 5.298 5.319 5.338 5.358 5.377 5.396 5.414 5.431 5.449 5.467 5.485 5.503 5.521 5.539 5.556 5.574 5.592 5.609 5.627 5.645 5.662 5.680 5.698 5.715 5.732 5.750 5.767 5.783
2.807 3.052 3.253 3.412 3.539 3.643 3.730 3.807 3.875 3.938 3.997 4.054 4.108 4.159 4.209 4.256 4.302 4.347 4.391 4.433 4.474 4.514 4.553 4.591 4.628 4.664 4.699 4.733 4.767 4.800 4.832 4.863 4.892 4.921 4.950 4.978 5.006 5.033 5.059 5.085 5.110 5.135 5.159 5.182 5.205 5.228 5.249 5.271 5.292 5.312 5.333 5.352 5.372 5.391 5.409 5.427 5.444 5.462 5.479 5.497 5.514 5.532 5.549 5.566 5.584 5.601 5.618 5.636 5.653 5.670 5.688 5.705 5.723 5.740 5.757 5.774 5.791
2.922 3.147 3.329 3.473 3.589 3.684 3.767 3.839 3.905 3.966 4.024 4.079 4.132 4.182 4.231 4.278 4.323 4.367 4.410 4.451 4.492 4.531 4.570 4.607 4.644 4.680 4.715 4.749 4.782 4.815 4.847 4.877 4.906 4.936 4.964 4.993 5.020 5.047 5.074 5.099 5.124 5.149 5.173 5.196 5.219 5.242 5.264 5.285 5.306 5.326 5.346 5.366 5.385 5.404 5.423 5.440 5.457 5.474 5.492 5.509 5.526 5.543 5.560 5.577 5.594 5.611 5.628 5.645 5.662 5.679 5.696 5.713 5.730 5.747 5.764 5.781 5.798
