version1/TsunamiDB/out54063.asc
ncols          264
nrows          230
xllcorner      497853.4375
yllcorner      4229146.0000
cellsize         5.
NODATA_value   -99
[rows 33 to 65 of 230, columns 75 to 149 of 264]
-99.000 -99.000 -99.000 -99.000 -99.000 -99.000 -99.000 -99.000 -99.000 -99.000 -99.000 -99.000 1.647 1.658 1.725 1.889 2.135 2.427 2.726 3.003 3.240 3.432 3.585 3.707 3.807 3.891 3.964 4.029 4.088 4.143 4.195 4.244 4.289 4.334 4.376 4.418 4.458 4.496 4.534 4.570 4.606 4.641 4.675 4.709 4.742 4.774 4.806 4.837 4.868 4.898 4.928 4.957 4.986 5.014 5.041 5.067 5.094 5.120 5.146 5.171 5.195 5.219 5.243 5.266 5.289 5.312 5.333 5.355 5.376 5.398 5.418 5.439 5.460 5.480 5.500
-99.000 -99.000 -99.000 -99.000 -99.000 -99.000 -99.000 -99.000 -99.000 -99.000 -99.000 -99.000 1.648 1.672 1.773 1.971 2.238 2.537 2.832 3.096 3.317 3.495 3.636 3.750 3.844 3.924 3.994 4.057 4.115 4.170 4.221 4.268 4.313 4.357 4.399 4.439 4.479 4.517 4.554 4.590 4.625 4.660 4.693 4.726 4.759 4.791 4.822 4.853 4.883 4.913 4.942 4.971 5.000 5.028 5.055 5.081 5.107 5.133 5.159 5.184 5.208 5.232 5.256 5.279 5.301 5.323 5.345 5.366 5.387 5.408 5.429 5.449 5.469 5.489 5.509
-99.000 -99.000 -99.000 -99.000 -99.000 -99.000 -99.000 -99.000 -99.000 -99.000 -99.000 1.647 1.652 1.697 1.835 2.062 2.346 2.647 2.933 3.183 3.388 3.553 3.684 3.790 3.879 3.956 4.024 4.085 4.142 4.195 4.245 4.292 4.336 4.380 4.421 4.461 4.500 4.538 4.574 4.610 4.645 4.679 4.712 4.744 4.776 4.808 4.839 4.869 4.899 4.928 4.958 4.986 5.014 5.042 5.068 5.094 5.121 5.146 5.172 5.197 5.221 5.245 5.268 5.291 5.313 5.335 5.357 5.378 5.398 5.419 5.439 5.459 5.479 5.499 5.518
-99.000 -99.000 -99.000 -99.000 -99.000 -99.000 -99.000 -99.000 -99.000 -99.000 -99.000 1.647 1.660 1.736 1.909 2.162 2.457 2.756 3.031 3.265 3.455 3.606 3.728 3.828 3.913 3.987 4.053 4.113 4.169 4.221 4.271 4.316 4.360 4.403 4.444 4.483 4.522 4.559 4.595 4.630 4.664 4.698 4.730 4.762 4.794 4.825 4.855 4.885 4.915 4.944 4.973 5.001 5.029 5.056 5.083 5.108 5.134 5.160 5.185 5.210 5.234 5.258 5.281 5.303 5.326 5.347 5.369 5.389 5.410 5.430 5.450 5.469 5.489 5.508 5.527
-99.000 -99.000 -99.000 -99.000 -99.000 -99.000 -99.000 -99.000 -99.000 -99.000 1.647 1.649 1.678 1.789 1.996 2.268 2.569 2.862 3.123 3.341 3.516 3.657 3.770 3.864 3.945 4.017 4.081 4.140 4.195 4.247 4.296 4.341 4.384 4.426 4.467 4.506 4.543 4.580 4.615 4.650 4.684 4.717 4.749 4.781 4.812 4.842 4.872 4.902 4.931 4.960 4.988 5.016 5.044 5.071 5.097 5.122 5.148 5.173 5.198 5.223 5.247 5.270 5.294 5.316 5.338 5.360 5.381 5.401 5.422 5.441 5.461 5.480 5.499 5.518 5.537
-99.000 -99.000 -99.000 -99.000 -99.000 -99.000 -99.000 -99.000 -99.000 -99.000 1.647 1.654 1.708 1.857 2.092 2.380 2.682 2.965 3.211 3.412 3.574 3.703 3.810 3.899 3.977 4.047 4.110 4.168 4.222 4.273 4.321 4.365 4.408 4.449 4.489 4.528 4.565 4.601 4.636 4.670 4.703 4.736 4.768 4.799 4.830 4.860 4.889 4.918 4.947 4.975 5.003 5.031 5.058 5.085 5.111 5.136 5.162 5.187 5.212 5.236 5.260 5.283 5.306 5.329 5.351 5.372 5.393 5.414 5.434 5.453 5.472 5.491 5.510 5.528 5.547
-99.000 -99.000 -99.000 -99.000 -99.000 -99.000 -99.000 -99.000 -99.000 -99.000 1.648 1.665 1.753 1.938 2.198 2.496 2.794 3.064 3.292 3.478 3.627 3.747 3.847 3.933 4.008 4.076 4.138 4.195 4.248 4.298 4.346 4.390 4.432 4.473 4.512 4.550 4.587 4.622 4.657 4.690 4.723 4.755 4.786 4.817 4.847 4.877 4.906 4.935 4.963 4.991 5.019 5.046 5.073 5.100 5.125 5.150 5.175 5.200 5.225 5.249 5.273 5.296 5.319 5.342 5.363 5.385 5.406 5.426 5.446 5.465 5.484 5.503 5.521 5.539 5.557
-99.000 -99.000 -99.000 -99.000 -99.000 -99.000 -99.000 -99.000 -99.000 1.647 1.650 1.688 1.814 2.033 2.312 2.614 2.903 3.157 3.368 3.539 3.676 3.788 3.883 3.965 4.038 4.104 4.165 4.222 4.274 4.324 4.371 4.414 4.456 4.496 4.535 4.572 4.608 4.643 4.677 4.710 4.743 4.774 4.805 4.836 4.865 4.895 4.923 4.952 4.980 5.007 5.034 5.061 5.088 5.114 5.139 5.164 5.189 5.214 5.238 5.262 5.286 5.309 5.332 5.354 5.376 5.398 5.418 5.439 5.458 5.478 5.497 5.515 5.533 5.551 5.569
-99.000 -99.000 -99.000 -99.000 -99.000 -99.000 -99.000 -99.000 -99.000 1.647 1.658 1.726 1.891 2.139 2.431 2.731 3.008 3.245 3.439 3.595 3.722 3.827 3.917 3.996 4.068 4.133 4.193 4.248 4.301 4.350 4.396 4.439 4.480 4.520 4.558 4.595 4.630 4.665 4.698 4.731 4.763 4.794 4.824 4.854 4.883 4.912 4.941 4.968 4.996 5.023 5.050 5.076 5.103 5.129 5.153 5.178 5.202 5.227 5.251 5.275 5.299 5.322 5.345 5.367 5.389 5.410 5.431 5.451 5.471 5.490 5.509 5.528 5.546 5.563 5.581
-99.000 -99.000 -99.000 -99.000 -99.000 -99.000 -99.000 -99.000 -99.000 1.649 1.675 1.782 1.984 2.255 2.554 2.847 3.108 3.326 3.503 3.647 3.764 3.863 3.950 4.027 4.096 4.160 4.220 4.275 4.326 4.375 4.421 4.463 4.504 4.543 4.581 4.617 4.652 4.686 4.719 4.751 4.783 4.813 4.843 4.873 4.902 4.930 4.958 4.985 5.012 5.039 5.065 5.091 5.117 5.143 5.167 5.191 5.216 5.240 5.264 5.288 5.311 5.335 5.357 5.379 5.401 5.423 5.443 5.464 5.484 5.503 5.522 5.540 5.558 5.576 5.593
-99.000 -99.000 -99.000 -99.000 -99.000 -99.000 -99.000 -99.000 1.647 1.653 1.707 1.856 2.091 2.378 2.678 2.959 3.201 3.401 3.563 3.694 3.804 3.898 3.981 4.056 4.124 4.187 4.246 4.301 4.352 4.400 4.446 4.488 4.528 4.567 4.604 4.640 4.675 4.708 4.741 4.772 4.803 4.833 4.863 4.891 4.920 4.948 4.975 5.002 5.029 5.055 5.081 5.107 5.132 5.157 5.181 5.205 5.229 5.253 5.277 5.301 5.324 5.347 5.370 5.392 5.413 5.435 5.456 5.476 5.496 5.516 5.535 5.553 5.571 5.589 5.606
-99.000 -99.000 -99.000 -99.000 -99.000 -99.000 -99.000 -99.000 1.648 1.667 1.759 1.948 2.210 2.507 2.801 3.065 3.288 3.470 3.617 3.738 3.841 3.930 4.011 4.084 4.151 4.214 4.272 4.327 4.378 4.425 4.471 4.512 4.552 4.591 4.628 4.663 4.697 4.730 4.762 4.793 4.824 4.853 4.882 4.910 4.938 4.966 4.993 5.019 5.045 5.071 5.097 5.122 5.147 5.172 5.195 5.219 5.243 5.267 5.290 5.313 5.336 5.359 5.382 5.404 5.426 5.447 5.468 5.488 5.509 5.528 5.547 5.566 5.584 5.602 5.619
-99.000 -99.000 -99.000 -99.000 -99.000 -99.000 -99.000 1.648 1.651 1.695 1.831 2.057 2.338 2.637 2.919 3.165 3.368 3.532 3.666 3.778 3.875 3.961 4.039 4.111 4.178 4.240 4.298 4.352 4.403 4.450 4.495 4.537 4.576 4.615 4.651 4.686 4.720 4.752 4.784 4.815 4.844 4.873 4.902 4.930 4.957 4.984 5.010 5.036 5.062 5.087 5.113 5.137 5.162 5.186 5.210 5.233 5.256 5.280 5.303 5.326 5.349 5.371 5.394 5.416 5.437 5.459 5.480 5.500 5.521 5.541 5.560 5.579 5.597 5.615 5.633
-99.000 -99.000 -99.000 -99.000 -99.000 -99.000 -99.000 1.649 1.662 1.744 1.924 2.179 2.472 2.766 3.032 3.257 3.441 3.589 3.712 3.816 3.908 3.990 4.067 4.137 4.203 4.265 4.322 4.376 4.427 4.475 4.520 4.561 4.600 4.639 4.675 4.710 4.743 4.775 4.806 4.836 4.866 4.894 4.922 4.949 4.976 5.003 5.028 5.054 5.079 5.104 5.129 5.153 5.177 5.201 5.224 5.246 5.270 5.293 5.316 5.338 5.361 5.383 5.405 5.427 5.449 5.470 5.491 5.512 5.533 5.553 5.572 5.591 5.610 5.629 5.646
-99.000 -99.000 -99.000 -99.000 -99.000 -99.000 1.648 1.651 1.688 1.816 2.035 2.312 2.609 2.892 3.138 3.342 3.507 3.641 3.754 3.851 3.938 4.018 4.093 4.162 4.227 4.289 4.346 4.400 4.451 4.499 4.544 4.585 4.625 4.663 4.699 4.733 4.766 4.798 4.829 4.858 4.887 4.915 4.943 4.969 4.996 5.022 5.047 5.072 5.097 5.121 5.145 5.169 5.192 5.216 5.238 5.260 5.283 5.306 5.329 5.351 5.373 5.395 5.417 5.439 5.461 5.482 5.503 5.524 5.544 5.564 5.584 5.604 5.623 5.642 5.660
-99.000 -99.000 -99.000 -99.000 -99.000 -99.000 1.648 1.661 1.736 1.910 2.161 2.452 2.744 3.011 3.236 3.419 3.567 3.689 3.793 3.884 3.968 4.045 4.118 4.186 4.251 4.312 4.369 4.423 4.474 4.522 4.567 4.609 4.648 4.686 4.722 4.757 4.789 4.821 4.851 4.881 4.909 4.937 4.964 4.990 5.016 5.041 5.066 5.090 5.115 5.138 5.162 5.185 5.208 5.231 5.253 5.275 5.297 5.319 5.342 5.364 5.386 5.407 5.429 5.451 5.472 5.493 5.514 5.535 5.556 5.576 5.596 5.616 5.635 5.654 5.673
-99.000 -99.000 -99.000 -99.000 -99.000 1.648 1.651 1.686 1.808 2.023 2.298 2.594 2.876 3.122 3.325 3.488 3.621 3.733 3.829 3.916 3.996 4.070 4.141 4.209 4.273 4.334 4.391 4.446 4.497 4.545 4.591 4.632 4.672 4.710 4.746 4.780 4.813 4.844 4.874 4.903 4.931 4.959 4.985 5.011 5.036 5.061 5.085 5.109 5.133 5.156 5.179 5.202 5.225 5.247 5.268 5.289 5.311 5.333 5.355 5.376 5.398 5.420 5.441 5.462 5.483 5.504 5.525 5.546 5.567 5.587 5.608 5.628 5.647 5.667 5.686
-99.000 -99.000 -99.000 -99.000 -99.000 1.648 1.660 1.734 1.904 2.153 2.442 2.734 2.999 3.223 3.405 3.551 3.671 3.773 3.863 3.946 4.022 4.095 4.164 4.231 4.294 4.355 4.412 4.467 4.519 4.567 4.613 4.655 4.695 4.734 4.770 4.804 4.837 4.868 4.898 4.926 4.954 4.981 5.007 5.033 5.057 5.082 5.105 5.129 5.152 5.175 5.197 5.220 5.242 5.263 5.284 5.305 5.326 5.347 5.369 5.390 5.411 5.432 5.453 5.474 5.495 5.516 5.537 5.557 5.578 5.598 5.619 5.639 5.659 5.679 5.698
-99.000 -99.000 -99.000 -99.000 1.648 1.651 1.685 1.807 2.020 2.294 2.589 2.870 3.115 3.316 3.478 3.609 3.717 3.812 3.896 3.974 4.048 4.119 4.186 4.252 4.314 4.375 4.432 4.487 4.539 4.588 4.634 4.677 4.718 4.756 4.793 4.827 4.860 4.891 4.921 4.950 4.977 5.004 5.030 5.055 5.079 5.103 5.126 5.149 5.172 5.194 5.216 5.238 5.259 5.280 5.300 5.320 5.341 5.362 5.383 5.403 5.424 5.445 5.465 5.486 5.507 5.527 5.548 5.568 5.589 5.610 5.630 5.650 5.671 5.691 5.710
-99.000 -99.000 -99.000 -99.000 1.648 1.660 1.734 1.904 2.153 2.442 2.734 2.998 3.220 3.399 3.543 3.661 3.760 3.848 3.928 4.002 4.073 4.141 4.208 4.272 4.334 4.393 4.451 4.506 4.559 4.608 4.655 4.698 4.740 4.779 4.816 4.851 4.884 4.915 4.945 4.973 5.001 5.027 5.053 5.077 5.101 5.125 5.148 5.170 5.192 5.214 5.235 5.257 5.278 5.297 5.317 5.337 5.357 5.377 5.398 5.418 5.438 5.458 5.478 5.498 5.519 5.539 5.559 5.580 5.600 5.621 5.641 5.662 5.682 5.702 5.722
-99.000 -99.000 -99.000 1.648 1.651 1.686 1.810 2.024 2.298 2.593 2.872 3.116 3.315 3.474 3.603 3.709 3.801 3.882 3.958 4.029 4.098 4.164 4.228 4.291 4.352 4.411 4.469 4.524 4.576 4.627 4.673 4.718 4.760 4.800 4.838 4.873 4.907 4.938 4.969 4.997 5.025 5.051 5.076 5.101 5.124 5.147 5.170 5.192 5.213 5.235 5.256 5.276 5.297 5.316 5.335 5.354 5.374 5.394 5.413 5.433 5.452 5.472 5.491 5.511 5.531 5.551 5.571 5.591 5.612 5.632 5.652 5.673 5.693 5.713 5.733
-99.000 -99.000 -99.000 1.648 1.661 1.737 1.911 2.160 2.450 2.740 3.003 3.223 3.400 3.542 3.657 3.754 3.838 3.915 3.987 4.055 4.121 4.185 4.248 4.309 4.369 4.428 4.485 4.540 4.593 4.644 4.691 4.736 4.780 4.821 4.859 4.895 4.929 4.961 4.992 5.021 5.048 5.075 5.100 5.124 5.148 5.170 5.192 5.214 5.235 5.256 5.276 5.297 5.316 5.335 5.353 5.372 5.392 5.411 5.429 5.448 5.467 5.486 5.505 5.525 5.544 5.564 5.583 5.603 5.623 5.643 5.664 5.684 5.704 5.725 5.745
-99.000 -99.000 1.648 1.651 1.689 1.816 2.034 2.308 2.603 2.881 3.122 3.319 3.477 3.603 3.706 3.795 3.874 3.947 4.016 4.081 4.145 4.207 4.267 4.327 4.386 4.444 4.500 4.555 4.608 4.659 4.708 4.753 4.798 4.840 4.879 4.916 4.951 4.984 5.015 5.044 5.072 5.098 5.124 5.148 5.171 5.194 5.216 5.237 5.258 5.278 5.298 5.318 5.337 5.355 5.373 5.392 5.410 5.428 5.447 5.465 5.483 5.502 5.520 5.539 5.558 5.577 5.596 5.616 5.635 5.655 5.675 5.695 5.715 5.736 5.756
-99.000 -99.000 1.648 1.662 1.743 1.920 2.173 2.462 2.752 3.013 3.231 3.406 3.545 3.658 3.752 3.834 3.909 3.978 4.043 4.106 4.168 4.228 4.287 4.345 4.402 4.459 4.514 4.569 4.622 4.674 4.722 4.769 4.814 4.857 4.898 4.936 4.972 5.005 5.037 5.067 5.095 5.122 5.148 5.172 5.195 5.218 5.239 5.260 5.281 5.301 5.320 5.340 5.359 5.376 5.394 5.412 5.429 5.447 5.465 5.483 5.500 5.518 5.536 5.554 5.572 5.591 5.610 5.629 5.648 5.667 5.687 5.707 5.727 5.747 5.768
-99.000 1.648 1.652 1.693 1.824 2.046 2.323 2.617 2.894 3.133 3.327 3.482 3.606 3.708 3.795 3.871 3.942 4.007 4.070 4.131 4.190 4.248 4.305 4.362 4.418 4.473 4.528 4.582 4.635 4.686 4.735 4.783 4.829 4.873 4.914 4.954 4.991 5.026 5.058 5.089 5.118 5.145 5.171 5.196 5.219 5.242 5.264 5.284 5.305 5.324 5.344 5.362 5.381 5.398 5.415 5.432 5.450 5.467 5.484 5.501 5.519 5.536 5.553 5.570 5.588 5.606 5.624 5.642 5.661 5.680 5.699 5.719 5.739 5.759 5.779
-99.000 1.649 1.664 1.749 1.931 2.187 2.478 2.766 3.025 3.241 3.414 3.551 3.661 3.754 3.834 3.907 3.973 4.036 4.097 4.155 4.212 4.268 4.324 4.379 4.433 4.487 4.541 4.594 4.646 4.698 4.747 4.795 4.842 4.887 4.929 4.970 5.008 5.044 5.078 5.110 5.140 5.168 5.194 5.219 5.243 5.266 5.288 5.309 5.329 5.348 5.367 5.386 5.404 5.421 5.437 5.454 5.471 5.488 5.504 5.521 5.538 5.554 5.571 5.588 5.605 5.622 5.639 5.657 5.675 5.694 5.713 5.732 5.751 5.771 5.791
1.648 1.652 1.697 1.834 2.059 2.339 2.633 2.908 3.145 3.337 3.490 3.612 3.712 3.797 3.872 3.940 4.004 4.064 4.123 4.179 4.234 4.288 4.342 4.395 4.448 4.501 4.553 4.605 4.657 4.708 4.757 4.805 4.853 4.898 4.942 4.984 5.024 5.061 5.096 5.129 5.160 5.189 5.217 5.242 5.267 5.290 5.312 5.333 5.353 5.372 5.391 5.410 5.428 5.444 5.460 5.477 5.493 5.509 5.526 5.542 5.558 5.574 5.590 5.606 5.622 5.639 5.656 5.673 5.690 5.708 5.727 5.745 5.764 5.783 5.803
1.649 1.666 1.756 1.943 2.202 2.494 2.783 3.039 3.252 3.423 3.558 3.667 3.758 3.837 3.907 3.972 4.033 4.092 4.148 4.202 4.256 4.308 4.360 4.412 4.463 4.514 4.565 4.616 4.667 4.717 4.766 4.814 4.862 4.908 4.953 4.996 5.037 5.076 5.112 5.147 5.179 5.209 5.238 5.265 5.290 5.313 5.336 5.357 5.378 5.397 5.416 5.434 5.452 5.468 5.484 5.500 5.516 5.532 5.548 5.563 5.579 5.594 5.610 5.626 5.641 5.657 5.673 5.690 5.707 5.724 5.742 5.760 5.778 5.797 5.816
1.653 1.701 1.843 2.072 2.354 2.649 2.923 3.157 3.347 3.498 3.619 3.717 3.801 3.874 3.941 4.003 4.062 4.118 4.173 4.225 4.277 4.328 4.378 4.428 4.478 4.527 4.577 4.626 4.676 4.725 4.774 4.821 4.869 4.916 4.962 5.006 5.048 5.088 5.126 5.162 5.196 5.228 5.257 5.285 5.311 5.336 5.359 5.381 5.402 5.421 5.440 5.458 5.476 5.492 5.508 5.524 5.539 5.555 5.570 5.586 5.601 5.616 5.631 5.646 5.661 5.677 5.692 5.708 5.724 5.741 5.758 5.775 5.792 5.811 5.829
1.669 1.763 1.954 2.216 2.510 2.797 3.052 3.263 3.432 3.565 3.673 3.763 3.841 3.910 3.974 4.033 4.090 4.144 4.197 4.248 4.298 4.347 4.396 4.444 4.492 4.540 4.588 4.637 4.685 4.733 4.781 4.828 4.875 4.922 4.968 5.013 5.056 5.098 5.138 5.175 5.211 5.244 5.275 5.304 5.332 5.357 5.382 5.404 5.425 5.446 5.465 5.483 5.501 5.517 5.532 5.548 5.563 5.579 5.594 5.609 5.623 5.638 5.653 5.668 5.682 5.697 5.712 5.727 5.743 5.759 5.775 5.791 5.808 5.826 5.843
1.705 1.852 2.085 2.368 2.663 2.936 3.169 3.357 3.506 3.625 3.722 3.805 3.878 3.944 4.005 4.062 4.117 4.170 4.221 4.270 4.319 4.366 4.414 4.461 4.507 4.554 4.600 4.647 4.694 4.741 4.787 4.834 4.881 4.927 4.973 5.019 5.063 5.105 5.146 5.185 5.223 5.258 5.290 5.321 5.350 5.377 5.403 5.426 5.448 5.469 5.489 5.507 5.525 5.541 5.557 5.573 5.588 5.603 5.618 5.632 5.647 5.661 5.676 5.690 5.704 5.719 5.733 5.748 5.762 5.778 5.793 5.809 5.825 5.842 5.859
1.769 1.964 2.228 2.522 2.809 3.063 3.273 3.440 3.572 3.679 3.768 3.845 3.913 3.976 4.035 4.090 4.143 4.194 4.244 4.292 4.339 4.385 4.431 4.477 4.522 4.567 4.612 4.657 4.703 4.748 4.793 4.839 4.885 4.931 4.977 5.022 5.067 5.110 5.152 5.193 5.232 5.268 5.303 5.336 5.366 5.395 5.422 5.447 5.470 5.492 5.512 5.531 5.550 5.566 5.582 5.597 5.613 5.628 5.642 5.657 5.671 5.685 5.699 5.713 5.727 5.741 5.755 5.769 5.783 5.798 5.812 5.827 5.843 5.859 5.875
1.859 2.095 2.380 2.674 2.946 3.178 3.365 3.513 3.630 3.727 3.810 3.882 3.947 4.008 4.064 4.118 4.169 4.219 4.267 4.314 4.359 4.404 4.449 4.493 4.537 4.580 4.624 4.668 4.712 4.756 4.800 4.844 4.889 4.934 4.979 5.025 5.069 5.113 5.156 5.198 5.238 5.276 5.313 5.347 5.380 5.410 5.439 5.465 5.490 5.513 5.535 5.555 5.574 5.590 5.606 5.622 5.638 5.653 5.667 5.681 5.695 5.709 5.723 5.736 5.750 5.764 5.777 5.791 5.805 5.819 5.833 5.847 5.862 5.877 5.892
