version1/TsunamiDB/out54038.asc
ncols          264
nrows          230
xllcorner      497853.4375
yllcorner      4229146.0000
cellsize         5.
NODATA_value   -99
[rows 128 to 159 of 230, columns 144 to 215 of 264]
5.601 5.639 5.676 5.713 5.750 5.789 5.827 5.865 5.903 5.941 5.979 6.016 6.053 6.088 6.122 6.155 6.185 6.214 6.240 6.263 6.284 6.301 6.316 6.328 6.337 6.345 6.350 6.354 6.359 6.365 6.371 6.379 6.388 6.400 6.412 6.426 6.442 6.459 6.479 6.500 6.525 6.553 6.586 6.625 6.667 6.712 6.760 6.809 6.857 6.903 6.949 6.998 7.051 7.111 7.175 7.247 7.326 7.410 7.500 7.597 7.700 7.800 7.887 7.948 8.016 8.108 8.196 8.276 8.350 8.424 8.497 8.569
5.602 5.639 5.677 5.714 5.752 5.790 5.828 5.867 5.906 5.945 5.983 6.021 6.059 6.095 6.131 6.165 6.197 6.228 6.256 6.282 6.305 6.325 6.343 6.358 6.371 6.382 6.390 6.396 6.403 6.409 6.416 6.423 6.432 6.442 6.454 6.467 6.481 6.498 6.516 6.536 6.559 6.586 6.618 6.656 6.697 6.741 6.789 6.839 6.888 6.936 6.986 7.038 7.095 7.157 7.224 7.300 7.383 7.471 7.564 7.663 7.765 7.863 7.949 8.009 8.076 8.169 8.257 8.339 8.415 8.489 8.559 8.624
5.601 5.639 5.677 5.714 5.751 5.790 5.829 5.868 5.907 5.946 5.985 6.024 6.063 6.100 6.137 6.172 6.206 6.239 6.269 6.297 6.323 6.346 6.367 6.385 6.402 6.416 6.427 6.436 6.445 6.453 6.461 6.469 6.477 6.487 6.497 6.510 6.523 6.538 6.555 6.574 6.596 6.621 6.652 6.688 6.728 6.772 6.820 6.870 6.921 6.973 7.026 7.083 7.143 7.207 7.278 7.357 7.443 7.534 7.628 7.725 7.826 7.923 8.010 8.069 8.136 8.229 8.318 8.402 8.479 8.551 8.618 8.675
5.600 5.638 5.676 5.713 5.750 5.789 5.828 5.867 5.907 5.946 5.986 6.025 6.065 6.103 6.141 6.178 6.213 6.247 6.279 6.310 6.338 6.364 6.388 6.409 6.429 6.446 6.461 6.474 6.485 6.496 6.506 6.515 6.524 6.533 6.543 6.555 6.567 6.581 6.597 6.615 6.635 6.659 6.688 6.723 6.762 6.805 6.853 6.905 6.958 7.013 7.071 7.131 7.195 7.261 7.333 7.416 7.505 7.596 7.688 7.784 7.883 7.980 8.069 8.128 8.194 8.289 8.380 8.463 8.539 8.609 8.672 8.723
5.599 5.636 5.674 5.711 5.748 5.787 5.826 5.865 5.905 5.945 5.985 6.025 6.065 6.104 6.143 6.181 6.217 6.253 6.287 6.319 6.350 6.378 6.405 6.430 6.453 6.474 6.492 6.508 6.523 6.537 6.549 6.560 6.570 6.580 6.591 6.602 6.614 6.627 6.641 6.658 6.676 6.698 6.725 6.759 6.797 6.840 6.888 6.942 6.998 7.056 7.119 7.183 7.249 7.316 7.390 7.476 7.566 7.656 7.746 7.840 7.937 8.037 8.128 8.186 8.252 8.349 8.440 8.522 8.596 8.664 8.722 8.767
5.597 5.634 5.671 5.708 5.745 5.784 5.823 5.862 5.902 5.942 5.982 6.023 6.063 6.103 6.143 6.181 6.219 6.256 6.292 6.326 6.359 6.390 6.419 6.447 6.473 6.498 6.519 6.539 6.558 6.575 6.590 6.604 6.616 6.627 6.639 6.650 6.661 6.674 6.687 6.702 6.718 6.739 6.765 6.798 6.836 6.878 6.928 6.983 7.042 7.105 7.171 7.238 7.305 7.372 7.447 7.535 7.624 7.714 7.802 7.893 7.991 8.092 8.185 8.243 8.310 8.407 8.496 8.576 8.648 8.712 8.767 8.806
5.595 5.631 5.668 5.704 5.741 5.780 5.819 5.858 5.898 5.938 5.978 6.019 6.060 6.100 6.141 6.180 6.219 6.258 6.295 6.331 6.366 6.399 6.431 6.462 6.491 6.518 6.543 6.566 6.589 6.610 6.628 6.645 6.660 6.673 6.686 6.698 6.710 6.722 6.734 6.748 6.763 6.782 6.807 6.840 6.878 6.920 6.971 7.028 7.089 7.155 7.223 7.292 7.361 7.428 7.503 7.590 7.680 7.769 7.856 7.947 8.043 8.144 8.240 8.300 8.365 8.461 8.548 8.626 8.695 8.757 8.807 8.843
5.593 5.628 5.665 5.701 5.738 5.776 5.814 5.853 5.893 5.933 5.974 6.014 6.055 6.096 6.137 6.177 6.217 6.257 6.295 6.333 6.370 6.406 6.440 6.473 6.505 6.535 6.563 6.591 6.616 6.641 6.663 6.683 6.701 6.717 6.732 6.745 6.758 6.770 6.783 6.796 6.810 6.828 6.852 6.885 6.923 6.965 7.016 7.074 7.138 7.207 7.278 7.349 7.419 7.484 7.558 7.646 7.736 7.824 7.911 8.001 8.095 8.198 8.300 8.358 8.421 8.515 8.600 8.675 8.741 8.799 8.846 8.878
5.591 5.626 5.661 5.697 5.733 5.771 5.809 5.848 5.888 5.927 5.968 6.009 6.050 6.091 6.132 6.173 6.214 6.254 6.294 6.333 6.372 6.410 6.447 6.482 6.517 6.550 6.581 6.611 6.641 6.668 6.694 6.718 6.739 6.758 6.775 6.791 6.805 6.818 6.831 6.844 6.857 6.874 6.898 6.932 6.970 7.013 7.065 7.125 7.191 7.262 7.334 7.407 7.477 7.540 7.612 7.700 7.790 7.879 7.967 8.056 8.150 8.259 8.363 8.416 8.476 8.567 8.648 8.720 8.783 8.837 8.881 8.907
5.589 5.624 5.658 5.693 5.729 5.767 5.804 5.843 5.882 5.922 5.962 6.002 6.043 6.084 6.126 6.167 6.209 6.250 6.291 6.332 6.372 6.412 6.451 6.489 6.526 6.562 6.595 6.629 6.661 6.692 6.721 6.749 6.773 6.796 6.816 6.834 6.850 6.865 6.879 6.892 6.905 6.922 6.947 6.982 7.021 7.065 7.118 7.179 7.246 7.318 7.393 7.466 7.536 7.596 7.667 7.755 7.846 7.936 8.025 8.116 8.216 8.325 8.420 8.470 8.527 8.615 8.692 8.761 8.819 8.870 8.908 8.928
5.589 5.622 5.655 5.689 5.725 5.762 5.799 5.838 5.876 5.915 5.955 5.995 6.036 6.077 6.119 6.161 6.203 6.245 6.287 6.329 6.371 6.413 6.454 6.494 6.533 6.571 6.608 6.644 6.679 6.713 6.745 6.776 6.804 6.830 6.853 6.875 6.893 6.910 6.925 6.939 6.954 6.972 6.999 7.035 7.075 7.119 7.174 7.235 7.303 7.375 7.451 7.525 7.595 7.653 7.722 7.812 7.905 7.996 8.087 8.183 8.284 8.386 8.474 8.520 8.574 8.657 8.731 8.796 8.851 8.896 8.928 8.947
5.589 5.621 5.653 5.686 5.722 5.758 5.795 5.832 5.870 5.909 5.949 5.989 6.029 6.070 6.112 6.154 6.196 6.239 6.282 6.326 6.369 6.412 6.455 6.497 6.539 6.579 6.617 6.656 6.694 6.731 6.766 6.800 6.831 6.861 6.887 6.912 6.934 6.953 6.971 6.987 7.004 7.024 7.051 7.089 7.130 7.176 7.230 7.292 7.359 7.432 7.509 7.584 7.654 7.712 7.780 7.873 7.967 8.059 8.154 8.251 8.348 8.443 8.523 8.566 8.616 8.694 8.765 8.826 8.877 8.917 8.946 8.963
5.591 5.621 5.652 5.684 5.718 5.754 5.790 5.827 5.865 5.903 5.942 5.982 6.022 6.063 6.105 6.147 6.190 6.233 6.277 6.321 6.366 6.410 6.455 6.499 6.543 6.585 6.625 6.666 6.706 6.746 6.784 6.821 6.855 6.888 6.918 6.946 6.971 6.994 7.015 7.034 7.053 7.076 7.105 7.143 7.186 7.232 7.287 7.349 7.416 7.488 7.565 7.643 7.716 7.773 7.842 7.936 8.031 8.127 8.221 8.315 8.408 8.495 8.569 8.609 8.655 8.728 8.794 8.851 8.898 8.935 8.961 8.977
5.596 5.623 5.652 5.683 5.716 5.750 5.786 5.822 5.860 5.898 5.936 5.975 6.015 6.056 6.098 6.140 6.183 6.227 6.271 6.317 6.362 6.408 6.454 6.500 6.545 6.589 6.632 6.675 6.717 6.758 6.799 6.838 6.876 6.912 6.946 6.977 7.006 7.032 7.057 7.080 7.103 7.127 7.157 7.197 7.240 7.287 7.343 7.405 7.470 7.542 7.621 7.703 7.780 7.837 7.906 8.002 8.099 8.195 8.286 8.377 8.464 8.544 8.612 8.648 8.689 8.757 8.819 8.872 8.915 8.949 8.974 8.987
5.604 5.628 5.654 5.683 5.714 5.748 5.782 5.818 5.855 5.892 5.930 5.969 6.009 6.050 6.091 6.133 6.177 6.221 6.266 6.312 6.359 6.406 6.453 6.500 6.547 6.593 6.637 6.682 6.726 6.769 6.812 6.854 6.895 6.934 6.971 7.005 7.038 7.069 7.098 7.125 7.151 7.177 7.208 7.248 7.292 7.340 7.396 7.458 7.523 7.596 7.678 7.764 7.846 7.904 7.973 8.072 8.169 8.261 8.349 8.435 8.516 8.590 8.652 8.683 8.721 8.783 8.839 8.889 8.930 8.961 8.984 8.995
5.617 5.637 5.659 5.685 5.714 5.746 5.779 5.814 5.850 5.887 5.925 5.964 6.003 6.044 6.085 6.127 6.171 6.216 6.261 6.308 6.355 6.403 6.452 6.500 6.549 6.596 6.642 6.688 6.734 6.779 6.823 6.867 6.911 6.953 6.994 7.032 7.068 7.103 7.136 7.167 7.196 7.224 7.256 7.297 7.342 7.390 7.447 7.510 7.576 7.650 7.736 7.828 7.914 7.973 8.042 8.142 8.236 8.325 8.408 8.488 8.564 8.631 8.688 8.716 8.749 8.805 8.857 8.903 8.940 8.970 8.990 8.999
5.634 5.650 5.668 5.690 5.717 5.746 5.778 5.811 5.846 5.882 5.920 5.958 5.998 6.038 6.079 6.122 6.166 6.211 6.257 6.304 6.352 6.401 6.451 6.501 6.550 6.599 6.646 6.694 6.741 6.787 6.834 6.880 6.925 6.971 7.015 7.056 7.097 7.135 7.172 7.206 7.238 7.268 7.302 7.343 7.388 7.438 7.496 7.560 7.628 7.705 7.793 7.888 7.980 8.042 8.111 8.208 8.300 8.386 8.464 8.539 8.608 8.670 8.722 8.746 8.774 8.826 8.873 8.914 8.948 8.975 8.993 8.999
5.656 5.667 5.681 5.699 5.722 5.748 5.777 5.809 5.843 5.879 5.915 5.953 5.993 6.033 6.074 6.117 6.161 6.206 6.253 6.301 6.350 6.399 6.450 6.501 6.552 6.602 6.651 6.699 6.747 6.795 6.843 6.891 6.939 6.987 7.034 7.079 7.123 7.165 7.205 7.243 7.277 7.310 7.344 7.386 7.432 7.483 7.543 7.609 7.680 7.760 7.850 7.951 8.051 8.112 8.179 8.275 8.364 8.445 8.519 8.588 8.652 8.708 8.755 8.775 8.798 8.845 8.887 8.923 8.953 8.978 8.994 8.996
5.683 5.690 5.699 5.712 5.730 5.753 5.779 5.809 5.841 5.875 5.912 5.949 5.988 6.028 6.070 6.113 6.157 6.203 6.250 6.298 6.347 6.398 6.450 6.501 6.554 6.605 6.655 6.705 6.754 6.803 6.852 6.901 6.952 7.003 7.053 7.101 7.147 7.192 7.236 7.276 7.313 7.347 7.383 7.427 7.475 7.528 7.590 7.658 7.734 7.816 7.910 8.022 8.126 8.182 8.246 8.340 8.425 8.502 8.572 8.635 8.693 8.744 8.786 8.801 8.821 8.862 8.899 8.931 8.957 8.978 8.991 8.986
5.714 5.718 5.722 5.730 5.744 5.762 5.784 5.811 5.841 5.874 5.909 5.946 5.984 6.025 6.066 6.109 6.153 6.199 6.247 6.295 6.346 6.397 6.449 6.502 6.555 6.608 6.659 6.710 6.760 6.810 6.860 6.912 6.965 7.019 7.071 7.122 7.171 7.218 7.264 7.306 7.345 7.382 7.423 7.469 7.518 7.574 7.640 7.712 7.791 7.880 7.983 8.096 8.193 8.247 8.309 8.400 8.482 8.556 8.621 8.680 8.732 8.777 8.814 8.826 8.841 8.877 8.909 8.936 8.958 8.973 8.979 8.969
5.749 5.750 5.751 5.754 5.762 5.775 5.793 5.816 5.843 5.874 5.907 5.943 5.981 6.021 6.063 6.106 6.150 6.197 6.244 6.293 6.344 6.396 6.449 6.503 6.557 6.611 6.663 6.715 6.766 6.817 6.870 6.923 6.979 7.035 7.089 7.142 7.194 7.243 7.290 7.334 7.377 7.419 7.464 7.512 7.564 7.624 7.695 7.771 7.854 7.950 8.055 8.162 8.254 8.307 8.367 8.455 8.535 8.606 8.667 8.722 8.769 8.809 8.841 8.849 8.860 8.890 8.917 8.939 8.955 8.964 8.962 8.947
5.784 5.784 5.783 5.782 5.786 5.794 5.807 5.825 5.848 5.876 5.907 5.942 5.979 6.019 6.060 6.103 6.148 6.194 6.242 6.292 6.343 6.395 6.449 6.504 6.559 6.613 6.667 6.721 6.773 6.826 6.880 6.936 6.993 7.051 7.107 7.162 7.215 7.266 7.315 7.362 7.410 7.458 7.508 7.559 7.614 7.681 7.755 7.835 7.923 8.020 8.122 8.224 8.311 8.362 8.420 8.507 8.585 8.653 8.711 8.761 8.803 8.839 8.866 8.870 8.877 8.902 8.922 8.939 8.948 8.950 8.941 8.921
5.818 5.819 5.817 5.815 5.815 5.818 5.826 5.839 5.858 5.882 5.910 5.943 5.979 6.017 6.058 6.101 6.146 6.192 6.240 6.290 6.341 6.394 6.449 6.504 6.560 6.616 6.671 6.726 6.781 6.836 6.892 6.949 7.008 7.067 7.125 7.182 7.237 7.290 7.342 7.393 7.446 7.500 7.557 7.612 7.671 7.742 7.820 7.903 7.991 8.085 8.183 8.279 8.364 8.414 8.470 8.554 8.629 8.696 8.750 8.797 8.836 8.867 8.889 8.889 8.892 8.911 8.926 8.936 8.938 8.933 8.918 8.891
5.851 5.853 5.852 5.849 5.847 5.847 5.850 5.858 5.872 5.892 5.916 5.946 5.980 6.017 6.057 6.099 6.144 6.190 6.238 6.288 6.340 6.393 6.448 6.505 6.562 6.618 6.675 6.732 6.790 6.847 6.905 6.964 7.024 7.084 7.143 7.202 7.260 7.316 7.371 7.427 7.485 7.547 7.611 7.669 7.731 7.806 7.888 7.972 8.056 8.146 8.238 8.330 8.413 8.461 8.516 8.597 8.671 8.735 8.787 8.831 8.866 8.892 8.910 8.906 8.904 8.917 8.926 8.929 8.925 8.913 8.890 8.855
5.879 5.885 5.886 5.884 5.882 5.879 5.879 5.883 5.892 5.906 5.927 5.953 5.984 6.019 6.057 6.099 6.142 6.189 6.237 6.287 6.338 6.392 6.448 6.505 6.563 6.620 6.680 6.740 6.799 6.859 6.919 6.979 7.040 7.101 7.162 7.223 7.284 7.344 7.403 7.465 7.529 7.599 7.669 7.730 7.794 7.874 7.957 8.037 8.118 8.202 8.288 8.377 8.458 8.506 8.558 8.639 8.711 8.772 8.821 8.862 8.893 8.916 8.929 8.921 8.915 8.921 8.924 8.921 8.910 8.889 8.857 8.813
5.904 5.913 5.917 5.918 5.916 5.914 5.912 5.913 5.917 5.927 5.942 5.964 5.991 6.023 6.059 6.099 6.142 6.187 6.235 6.285 6.337 6.390 6.447 6.506 6.564 6.624 6.685 6.748 6.810 6.872 6.934 6.995 7.056 7.118 7.181 7.246 7.311 7.375 7.440 7.507 7.579 7.655 7.730 7.793 7.859 7.940 8.020 8.098 8.174 8.252 8.334 8.420 8.501 8.547 8.598 8.677 8.746 8.804 8.851 8.889 8.917 8.935 8.943 8.932 8.921 8.921 8.918 8.909 8.890 8.860 8.819 8.762
5.924 5.936 5.944 5.948 5.949 5.948 5.947 5.946 5.947 5.953 5.964 5.980 6.002 6.030 6.064 6.101 6.142 6.187 6.234 6.283 6.335 6.389 6.446 6.506 6.566 6.628 6.691 6.756 6.820 6.885 6.949 7.011 7.073 7.137 7.202 7.271 7.341 7.410 7.480 7.553 7.630 7.710 7.790 7.855 7.921 8.001 8.080 8.155 8.227 8.301 8.378 8.460 8.541 8.587 8.636 8.712 8.778 8.833 8.877 8.913 8.939 8.953 8.956 8.941 8.924 8.919 8.910 8.893 8.866 8.826 8.771 8.698
5.940 5.955 5.966 5.975 5.979 5.981 5.981 5.981 5.981 5.983 5.990 6.002 6.019 6.043 6.072 6.106 6.145 6.188 6.234 6.283 6.334 6.388 6.446 6.507 6.569 6.632 6.698 6.764 6.832 6.899 6.965 7.029 7.092 7.157 7.226 7.299 7.374 7.448 7.524 7.603 7.684 7.770 7.856 7.920 7.983 8.062 8.139 8.210 8.278 8.348 8.420 8.500 8.583 8.627 8.673 8.746 8.808 8.860 8.901 8.935 8.958 8.968 8.966 8.945 8.924 8.912 8.896 8.871 8.834 8.781 8.710 8.618
5.952 5.970 5.985 5.997 6.006 6.011 6.014 6.015 6.016 6.017 6.021 6.029 6.041 6.060 6.084 6.115 6.150 6.191 6.235 6.283 6.333 6.387 6.446 6.509 6.572 6.637 6.705 6.774 6.845 6.914 6.982 7.047 7.112 7.181 7.252 7.330 7.411 7.491 7.573 7.657 7.743 7.837 7.924 7.983 8.043 8.120 8.194 8.262 8.328 8.394 8.462 8.545 8.628 8.666 8.709 8.778 8.836 8.884 8.922 8.953 8.973 8.977 8.969 8.945 8.919 8.900 8.876 8.841 8.792 8.724 8.632 8.525
5.961 5.982 6.000 6.016 6.028 6.038 6.044 6.048 6.051 6.053 6.056 6.060 6.069 6.083 6.102 6.128 6.159 6.196 6.238 6.285 6.334 6.388 6.448 6.512 6.577 6.644 6.714 6.786 6.858 6.929 6.999 7.068 7.137 7.208 7.283 7.367 7.453 7.540 7.628 7.718 7.811 7.907 7.988 8.043 8.100 8.174 8.246 8.313 8.376 8.441 8.512 8.593 8.667 8.702 8.742 8.805 8.859 8.904 8.939 8.965 8.980 8.980 8.968 8.940 8.908 8.881 8.847 8.801 8.737 8.651 8.545 8.424
5.966 5.990 6.011 6.030 6.047 6.060 6.071 6.079 6.085 6.089 6.092 6.096 6.101 6.111 6.126 6.146 6.173 6.207 6.245 6.289 6.338 6.392 6.451 6.517 6.583 6.651 6.724 6.797 6.871 6.945 7.019 7.093 7.166 7.240 7.318 7.408 7.501 7.593 7.687 7.783 7.880 7.971 8.047 8.099 8.153 8.225 8.296 8.361 8.425 8.492 8.563 8.636 8.702 8.734 8.771 8.829 8.878 8.919 8.950 8.972 8.981 8.977 8.963 8.930 8.890 8.854 8.809 8.748 8.668 8.567 8.447 8.317
5.970 5.996 6.020 6.042 6.062 6.079 6.094 6.106 6.116 6.123 6.128 6.132 6.137 6.144 6.155 6.171 6.193 6.222 6.257 6.298 6.345 6.398 6.457 6.523 6.590 6.660 6.734 6.810 6.886 6.963 7.042 7.121 7.199 7.275 7.358 7.454 7.552 7.650 7.749 7.848 7.943 8.030 8.102 8.151 8.203 8.274 8.344 8.409 8.474 8.541 8.609 8.676 8.734 8.763 8.795 8.848 8.892 8.929 8.956 8.972 8.977 8.970 8.951 8.911 8.863 8.817 8.759 8.683 8.587 8.472 8.345 8.214
