version1/TsunamiDB/out54122.asc
ncols          264
nrows          230
xllcorner      497853.4375
yllcorner      4229146.0000
cellsize         5.
NODATA_value   -99
[rows 34 to 67 of 230, columns 0 to 76 of 264]
4.030 4.074 4.116 4.157 4.198 4.237 4.275 4.312 4.348 4.384 4.419 4.454 4.488 4.521 4.553 4.584 4.616 4.647 4.678 4.709 4.739 4.768 4.797 4.826 4.853 4.881 4.907 4.933 4.959 4.983 5.008 5.031 5.054 5.076 5.098 5.120 5.141 5.160 5.178 5.197 5.216 5.235 5.253 5.271 5.288 5.306 5.323 5.340 5.356 5.373 5.390 5.406 5.422 5.438 5.454 5.471 5.487 5.503 5.519 5.535 5.550 5.564 5.579 5.594 5.609 5.624 5.638 5.653 5.667 5.681 5.695 5.709 5.722 5.735 5.748 5.760 5.772
4.050 4.093 4.135 4.176 4.215 4.254 4.292 4.328 4.364 4.400 4.434 4.468 4.502 4.535 4.566 4.597 4.629 4.660 4.690 4.721 4.750 4.780 4.809 4.837 4.865 4.892 4.919 4.945 4.970 4.995 5.020 5.043 5.066 5.089 5.111 5.132 5.153 5.173 5.192 5.210 5.229 5.248 5.266 5.284 5.301 5.318 5.335 5.352 5.369 5.385 5.401 5.417 5.433 5.449 5.465 5.481 5.496 5.512 5.528 5.544 5.558 5.572 5.587 5.601 5.616 5.631 5.646 5.660 5.674 5.689 5.703 5.716 5.730 5.743 5.756 5.768 5.780
4.070 4.113 4.154 4.194 4.233 4.271 4.308 4.344 4.380 4.415 4.449 4.482 4.516 4.548 4.579 4.610 4.641 4.672 4.702 4.732 4.762 4.791 4.820 4.848 4.876 4.903 4.930 4.956 4.982 5.007 5.031 5.055 5.078 5.101 5.123 5.145 5.166 5.186 5.204 5.223 5.242 5.261 5.279 5.297 5.314 5.331 5.348 5.365 5.381 5.397 5.413 5.429 5.445 5.461 5.476 5.491 5.507 5.522 5.538 5.553 5.567 5.581 5.595 5.610 5.624 5.639 5.653 5.667 5.682 5.696 5.710 5.723 5.737 5.750 5.763 5.776 5.788
4.090 4.132 4.172 4.212 4.250 4.288 4.324 4.360 4.395 4.430 4.463 4.496 4.529 4.561 4.592 4.622 4.653 4.683 4.713 4.743 4.772 4.801 4.830 4.858 4.886 4.913 4.940 4.966 4.992 5.017 5.042 5.066 5.089 5.112 5.135 5.156 5.178 5.198 5.217 5.236 5.255 5.273 5.292 5.309 5.327 5.344 5.361 5.378 5.394 5.410 5.426 5.441 5.457 5.472 5.488 5.503 5.518 5.533 5.548 5.563 5.577 5.590 5.604 5.618 5.632 5.646 5.661 5.675 5.689 5.703 5.717 5.730 5.744 5.757 5.770 5.783 5.796
4.109 4.150 4.190 4.229 4.267 4.304 4.340 4.376 4.410 4.444 4.477 4.510 4.542 4.574 4.605 4.634 4.665 4.695 4.724 4.754 4.783 4.812 4.840 4.868 4.896 4.923 4.950 4.976 5.002 5.027 5.052 5.076 5.100 5.123 5.145 5.167 5.189 5.209 5.228 5.248 5.267 5.286 5.304 5.322 5.340 5.357 5.374 5.390 5.407 5.423 5.438 5.454 5.469 5.484 5.499 5.514 5.529 5.544 5.558 5.573 5.587 5.600 5.613 5.627 5.641 5.655 5.669 5.683 5.696 5.710 5.724 5.737 5.751 5.764 5.777 5.790 5.803
4.128 4.169 4.208 4.246 4.284 4.320 4.356 4.391 4.425 4.459 4.491 4.524 4.556 4.587 4.617 4.646 4.676 4.706 4.735 4.764 4.793 4.822 4.850 4.878 4.905 4.932 4.959 4.985 5.011 5.036 5.061 5.086 5.110 5.133 5.156 5.178 5.200 5.220 5.239 5.259 5.278 5.297 5.316 5.334 5.352 5.369 5.386 5.403 5.419 5.435 5.451 5.466 5.482 5.497 5.512 5.526 5.541 5.555 5.570 5.584 5.597 5.610 5.623 5.637 5.650 5.664 5.677 5.691 5.704 5.718 5.731 5.745 5.758 5.771 5.784 5.797 5.810
4.147 4.187 4.225 4.263 4.300 4.336 4.371 4.406 4.440 4.473 4.505 4.537 4.568 4.600 4.629 4.658 4.688 4.717 4.746 4.775 4.803 4.831 4.859 4.887 4.914 4.941 4.968 4.994 5.020 5.045 5.070 5.095 5.119 5.142 5.165 5.188 5.210 5.230 5.250 5.270 5.289 5.308 5.327 5.345 5.363 5.381 5.398 5.415 5.431 5.447 5.463 5.479 5.494 5.509 5.524 5.538 5.553 5.567 5.581 5.595 5.609 5.621 5.634 5.647 5.660 5.673 5.687 5.700 5.713 5.726 5.739 5.752 5.765 5.778 5.791 5.804 5.817
4.165 4.205 4.243 4.280 4.316 4.352 4.387 4.421 4.454 4.487 4.519 4.550 4.581 4.612 4.641 4.670 4.699 4.728 4.756 4.785 4.813 4.841 4.868 4.896 4.923 4.949 4.976 5.002 5.028 5.053 5.078 5.103 5.127 5.151 5.174 5.196 5.219 5.240 5.259 5.279 5.299 5.319 5.338 5.356 5.374 5.392 5.409 5.426 5.443 5.459 5.475 5.491 5.506 5.521 5.536 5.551 5.565 5.579 5.593 5.607 5.620 5.632 5.645 5.658 5.671 5.684 5.696 5.709 5.722 5.735 5.748 5.761 5.773 5.786 5.799 5.811 5.824
4.184 4.222 4.260 4.297 4.333 4.368 4.402 4.436 4.469 4.501 4.533 4.564 4.594 4.624 4.653 4.682 4.710 4.739 4.767 4.795 4.823 4.850 4.877 4.904 4.931 4.958 4.984 5.010 5.036 5.061 5.086 5.111 5.135 5.159 5.182 5.205 5.227 5.248 5.268 5.289 5.309 5.328 5.348 5.366 5.385 5.403 5.420 5.437 5.454 5.471 5.487 5.503 5.518 5.533 5.548 5.563 5.577 5.591 5.605 5.619 5.632 5.644 5.656 5.669 5.682 5.694 5.707 5.719 5.732 5.744 5.757 5.769 5.782 5.794 5.806 5.819 5.831
4.202 4.240 4.277 4.313 4.349 4.383 4.417 4.450 4.483 4.515 4.546 4.577 4.607 4.637 4.665 4.693 4.722 4.750 4.777 4.805 4.832 4.859 4.886 4.913 4.939 4.966 4.992 5.017 5.043 5.068 5.093 5.118 5.142 5.166 5.189 5.212 5.235 5.256 5.276 5.297 5.317 5.337 5.357 5.376 5.394 5.413 5.430 5.448 5.465 5.481 5.498 5.514 5.529 5.545 5.560 5.574 5.589 5.603 5.617 5.631 5.644 5.656 5.668 5.681 5.693 5.706 5.718 5.730 5.742 5.754 5.767 5.779 5.791 5.803 5.815 5.827 5.839
4.220 4.258 4.294 4.330 4.365 4.399 4.432 4.465 4.497 4.529 4.560 4.590 4.620 4.649 4.677 4.705 4.733 4.761 4.788 4.815 4.842 4.869 4.895 4.922 4.948 4.974 4.999 5.025 5.050 5.075 5.100 5.125 5.149 5.173 5.196 5.219 5.242 5.263 5.284 5.305 5.325 5.345 5.365 5.384 5.403 5.422 5.440 5.457 5.474 5.491 5.508 5.524 5.540 5.555 5.571 5.586 5.600 5.615 5.629 5.643 5.656 5.668 5.680 5.692 5.705 5.717 5.729 5.741 5.753 5.765 5.777 5.789 5.800 5.812 5.824 5.835 5.847
4.239 4.275 4.311 4.347 4.381 4.415 4.448 4.480 4.512 4.543 4.574 4.604 4.633 4.662 4.690 4.717 4.745 4.772 4.799 4.826 4.852 4.878 4.905 4.930 4.956 4.982 5.007 5.032 5.057 5.082 5.107 5.131 5.155 5.179 5.203 5.226 5.249 5.270 5.291 5.312 5.332 5.353 5.373 5.392 5.411 5.430 5.448 5.466 5.484 5.501 5.517 5.534 5.550 5.566 5.581 5.596 5.611 5.626 5.640 5.654 5.667 5.679 5.692 5.704 5.716 5.729 5.741 5.753 5.764 5.776 5.788 5.799 5.811 5.822 5.833 5.845 5.856
4.257 4.293 4.329 4.363 4.397 4.431 4.463 4.495 4.526 4.557 4.588 4.617 4.646 4.675 4.702 4.729 4.756 4.783 4.810 4.836 4.862 4.888 4.914 4.939 4.965 4.990 5.015 5.040 5.065 5.089 5.114 5.138 5.162 5.186 5.209 5.232 5.255 5.276 5.297 5.318 5.339 5.360 5.380 5.399 5.419 5.438 5.456 5.474 5.492 5.509 5.526 5.543 5.559 5.575 5.591 5.606 5.621 5.636 5.651 5.665 5.678 5.690 5.703 5.716 5.728 5.740 5.752 5.764 5.776 5.787 5.799 5.810 5.821 5.832 5.843 5.854 5.865
4.275 4.311 4.346 4.380 4.414 4.446 4.479 4.510 4.541 4.572 4.602 4.631 4.660 4.688 4.714 4.741 4.768 4.795 4.821 4.847 4.873 4.898 4.924 4.949 4.974 4.998 5.023 5.048 5.072 5.096 5.120 5.144 5.168 5.192 5.215 5.238 5.261 5.282 5.303 5.324 5.345 5.366 5.386 5.406 5.425 5.445 5.463 5.482 5.500 5.517 5.534 5.551 5.568 5.584 5.600 5.616 5.631 5.646 5.661 5.675 5.689 5.701 5.714 5.727 5.739 5.752 5.764 5.776 5.787 5.799 5.810 5.821 5.832 5.843 5.854 5.865 5.876
4.294 4.329 4.363 4.397 4.430 4.463 4.494 4.525 4.556 4.586 4.616 4.645 4.673 4.701 4.727 4.754 4.780 4.807 4.833 4.858 4.884 4.909 4.934 4.958 4.983 5.007 5.031 5.055 5.079 5.103 5.127 5.151 5.174 5.198 5.221 5.244 5.266 5.287 5.308 5.330 5.351 5.372 5.392 5.412 5.432 5.451 5.470 5.488 5.507 5.524 5.542 5.559 5.576 5.592 5.608 5.624 5.640 5.655 5.670 5.685 5.698 5.711 5.724 5.737 5.750 5.762 5.775 5.787 5.799 5.810 5.822 5.833 5.844 5.854 5.865 5.876 5.886
4.312 4.347 4.381 4.414 4.447 4.479 4.510 4.541 4.571 4.601 4.630 4.659 4.687 4.714 4.740 4.766 4.793 4.819 4.844 4.870 4.895 4.919 4.944 4.968 4.992 5.016 5.040 5.064 5.087 5.111 5.134 5.158 5.181 5.204 5.227 5.250 5.272 5.292 5.314 5.335 5.356 5.377 5.398 5.418 5.437 5.457 5.476 5.495 5.513 5.531 5.549 5.566 5.583 5.599 5.616 5.632 5.648 5.663 5.679 5.694 5.707 5.720 5.733 5.747 5.760 5.773 5.785 5.798 5.810 5.821 5.833 5.844 5.855 5.866 5.876 5.887 5.897
4.331 4.365 4.398 4.431 4.463 4.495 4.526 4.556 4.586 4.615 4.644 4.673 4.701 4.727 4.753 4.779 4.805 4.831 4.856 4.881 4.906 4.930 4.955 4.979 5.002 5.026 5.049 5.073 5.096 5.119 5.142 5.165 5.188 5.210 5.233 5.256 5.277 5.298 5.319 5.340 5.361 5.382 5.403 5.423 5.443 5.462 5.482 5.500 5.519 5.537 5.555 5.572 5.589 5.606 5.623 5.639 5.655 5.671 5.687 5.702 5.715 5.729 5.742 5.756 5.769 5.782 5.795 5.808 5.820 5.832 5.843 5.855 5.866 5.877 5.887 5.898 5.908
4.349 4.383 4.416 4.448 4.480 4.511 4.542 4.572 4.601 4.630 4.659 4.687 4.715 4.741 4.767 4.792 4.818 4.844 4.869 4.893 4.918 4.942 4.966 4.989 5.013 5.036 5.059 5.082 5.104 5.127 5.150 5.172 5.195 5.217 5.240 5.262 5.283 5.303 5.324 5.346 5.367 5.387 5.408 5.428 5.448 5.468 5.487 5.506 5.524 5.543 5.561 5.578 5.596 5.613 5.629 5.646 5.662 5.678 5.694 5.709 5.723 5.736 5.750 5.764 5.778 5.791 5.804 5.817 5.830 5.842 5.854 5.865 5.877 5.888 5.898 5.909 5.919
4.368 4.401 4.434 4.466 4.497 4.528 4.558 4.587 4.617 4.645 4.673 4.701 4.729 4.755 4.780 4.806 4.831 4.856 4.881 4.906 4.930 4.954 4.977 5.000 5.023 5.046 5.069 5.091 5.114 5.136 5.158 5.180 5.202 5.224 5.246 5.268 5.289 5.309 5.330 5.351 5.372 5.392 5.413 5.433 5.453 5.473 5.492 5.511 5.530 5.548 5.566 5.584 5.601 5.618 5.635 5.652 5.668 5.685 5.701 5.716 5.730 5.744 5.758 5.772 5.786 5.799 5.813 5.826 5.839 5.851 5.863 5.875 5.887 5.898 5.909 5.920 5.930
4.387 4.419 4.452 4.483 4.514 4.544 4.574 4.603 4.632 4.660 4.688 4.716 4.743 4.769 4.794 4.819 4.844 4.869 4.894 4.918 4.942 4.965 4.989 5.012 5.034 5.057 5.079 5.101 5.123 5.145 5.167 5.189 5.210 5.232 5.254 5.275 5.296 5.316 5.336 5.357 5.377 5.398 5.418 5.438 5.458 5.477 5.497 5.516 5.535 5.553 5.571 5.589 5.607 5.624 5.641 5.658 5.674 5.691 5.707 5.722 5.736 5.750 5.765 5.779 5.793 5.807 5.821 5.834 5.847 5.860 5.872 5.884 5.896 5.908 5.919 5.930 5.941
4.405 4.438 4.469 4.500 4.531 4.561 4.590 4.619 4.647 4.675 4.703 4.730 4.757 4.783 4.807 4.833 4.858 4.882 4.907 4.931 4.954 4.978 5.001 5.023 5.046 5.068 5.090 5.112 5.134 5.155 5.177 5.198 5.219 5.240 5.261 5.283 5.303 5.322 5.342 5.363 5.383 5.403 5.423 5.443 5.463 5.482 5.502 5.521 5.539 5.558 5.576 5.594 5.612 5.629 5.646 5.663 5.680 5.696 5.712 5.728 5.742 5.756 5.771 5.785 5.800 5.814 5.828 5.841 5.855 5.868 5.880 5.893 5.905 5.917 5.928 5.940 5.951
4.424 4.456 4.487 4.518 4.548 4.577 4.606 4.635 4.663 4.691 4.718 4.745 4.771 4.797 4.821 4.846 4.871 4.895 4.919 4.943 4.967 4.990 5.013 5.035 5.057 5.079 5.101 5.123 5.144 5.165 5.186 5.207 5.228 5.249 5.270 5.291 5.310 5.330 5.349 5.369 5.389 5.409 5.429 5.449 5.468 5.488 5.507 5.526 5.544 5.563 5.581 5.599 5.616 5.634 5.651 5.668 5.685 5.701 5.718 5.733 5.747 5.762 5.777 5.791 5.806 5.820 5.834 5.848 5.862 5.875 5.888 5.901 5.913 5.925 5.937 5.949 5.960
4.443 4.474 4.505 4.535 4.565 4.594 4.623 4.651 4.678 4.706 4.733 4.759 4.786 4.811 4.835 4.860 4.884 4.908 4.932 4.956 4.979 5.002 5.025 5.047 5.069 5.091 5.113 5.134 5.155 5.176 5.197 5.217 5.238 5.258 5.279 5.299 5.318 5.337 5.357 5.376 5.396 5.416 5.435 5.455 5.474 5.493 5.512 5.531 5.549 5.568 5.586 5.604 5.621 5.639 5.656 5.673 5.690 5.706 5.723 5.738 5.753 5.767 5.782 5.797 5.811 5.826 5.840 5.854 5.868 5.882 5.895 5.908 5.921 5.933 5.945 5.957 5.969
4.462 4.492 4.523 4.553 4.582 4.610 4.639 4.667 4.694 4.721 4.748 4.774 4.800 4.824 4.849 4.873 4.897 4.921 4.945 4.969 4.992 5.014 5.037 5.059 5.081 5.103 5.124 5.145 5.166 5.187 5.207 5.228 5.248 5.268 5.288 5.308 5.327 5.346 5.365 5.384 5.403 5.423 5.442 5.461 5.480 5.499 5.518 5.536 5.554 5.573 5.591 5.609 5.626 5.644 5.661 5.678 5.694 5.711 5.728 5.743 5.758 5.772 5.787 5.802 5.817 5.831 5.846 5.860 5.874 5.888 5.901 5.915 5.928 5.940 5.953 5.965 5.977
4.480 4.511 4.540 4.570 4.599 4.627 4.655 4.682 4.709 4.736 4.762 4.788 4.814 4.838 4.862 4.886 4.911 4.934 4.958 4.981 5.004 5.027 5.049 5.071 5.093 5.114 5.136 5.156 5.177 5.198 5.218 5.238 5.258 5.278 5.298 5.318 5.336 5.354 5.373 5.392 5.411 5.430 5.449 5.468 5.486 5.505 5.523 5.542 5.560 5.578 5.596 5.614 5.631 5.648 5.666 5.682 5.699 5.716 5.732 5.748 5.762 5.777 5.792 5.807 5.822 5.837 5.851 5.866 5.880 5.894 5.907 5.921 5.934 5.947 5.960 5.972 5.984
4.499 4.529 4.558 4.587 4.616 4.643 4.671 4.698 4.725 4.751 4.777 4.803 4.828 4.852 4.876 4.900 4.924 4.947 4.971 4.994 5.016 5.039 5.061 5.083 5.105 5.126 5.147 5.168 5.188 5.209 5.229 5.249 5.269 5.288 5.308 5.327 5.346 5.364 5.382 5.401 5.419 5.438 5.457 5.475 5.493 5.512 5.530 5.548 5.566 5.584 5.601 5.619 5.636 5.654 5.671 5.687 5.704 5.721 5.737 5.752 5.767 5.782 5.797 5.812 5.827 5.842 5.856 5.871 5.885 5.899 5.913 5.926 5.940 5.953 5.966 5.979 5.991
4.517 4.547 4.576 4.604 4.632 4.660 4.687 4.714 4.740 4.766 4.792 4.817 4.842 4.866 4.889 4.913 4.937 4.960 4.983 5.006 5.029 5.051 5.073 5.095 5.116 5.137 5.158 5.179 5.200 5.220 5.240 5.260 5.279 5.299 5.318 5.337 5.356 5.373 5.391 5.410 5.428 5.446 5.465 5.483 5.501 5.519 5.537 5.555 5.572 5.590 5.607 5.625 5.642 5.659 5.676 5.692 5.709 5.726 5.742 5.757 5.772 5.787 5.802 5.817 5.832 5.846 5.861 5.876 5.890 5.904 5.918 5.932 5.945 5.959 5.972 5.985 5.997
4.536 4.565 4.593 4.622 4.649 4.676 4.703 4.730 4.756 4.781 4.807 4.832 4.856 4.879 4.903 4.926 4.950 4.973 4.996 5.018 5.041 5.063 5.085 5.106 5.128 5.149 5.169 5.190 5.210 5.231 5.251 5.270 5.290 5.309 5.328 5.347 5.365 5.383 5.401 5.419 5.437 5.455 5.473 5.491 5.509 5.527 5.544 5.562 5.579 5.596 5.614 5.631 5.648 5.665 5.681 5.698 5.714 5.731 5.747 5.762 5.777 5.791 5.806 5.821 5.836 5.851 5.866 5.880 5.895 5.909 5.923 5.937 5.950 5.964 5.977 5.990 6.003
4.554 4.583 4.611 4.639 4.666 4.693 4.719 4.745 4.771 4.796 4.821 4.846 4.870 4.893 4.916 4.939 4.962 4.985 5.008 5.030 5.053 5.074 5.096 5.118 5.139 5.160 5.180 5.201 5.221 5.241 5.261 5.281 5.300 5.319 5.339 5.357 5.375 5.393 5.410 5.428 5.446 5.464 5.482 5.500 5.517 5.535 5.552 5.569 5.586 5.603 5.620 5.637 5.654 5.671 5.687 5.704 5.720 5.736 5.752 5.767 5.782 5.796 5.811 5.826 5.841 5.856 5.870 5.885 5.899 5.914 5.928 5.942 5.955 5.969 5.982 5.996 6.009
4.572 4.601 4.628 4.656 4.683 4.709 4.735 4.761 4.786 4.811 4.836 4.861 4.884 4.906 4.929 4.952 4.975 4.998 5.020 5.042 5.064 5.086 5.107 5.129 5.150 5.171 5.191 5.212 5.232 5.252 5.271 5.291 5.310 5.330 5.349 5.367 5.385 5.402 5.420 5.438 5.456 5.473 5.491 5.508 5.526 5.543 5.560 5.577 5.594 5.611 5.628 5.644 5.661 5.677 5.693 5.710 5.726 5.742 5.758 5.773 5.787 5.801 5.816 5.831 5.846 5.861 5.875 5.890 5.904 5.918 5.932 5.946 5.960 5.974 5.987 6.001 6.014
4.590 4.618 4.646 4.673 4.699 4.726 4.751 4.777 4.802 4.826 4.851 4.875 4.898 4.920 4.943 4.965 4.988 5.010 5.032 5.054 5.076 5.097 5.119 5.140 5.161 5.181 5.202 5.222 5.242 5.262 5.281 5.301 5.320 5.339 5.358 5.377 5.395 5.412 5.429 5.447 5.465 5.482 5.500 5.517 5.534 5.551 5.568 5.585 5.602 5.618 5.635 5.651 5.668 5.684 5.700 5.716 5.732 5.748 5.763 5.778 5.792 5.807 5.821 5.836 5.851 5.865 5.880 5.894 5.909 5.923 5.937 5.951 5.965 5.978 5.992 6.005 6.019
4.608 4.636 4.663 4.690 4.716 4.742 4.767 4.792 4.817 4.841 4.865 4.889 4.912 4.933 4.956 4.978 5.001 5.023 5.044 5.066 5.088 5.109 5.130 5.151 5.171 5.192 5.212 5.232 5.252 5.272 5.291 5.311 5.330 5.349 5.368 5.386 5.404 5.421 5.438 5.456 5.474 5.491 5.508 5.526 5.543 5.560 5.577 5.593 5.610 5.626 5.643 5.659 5.675 5.691 5.707 5.723 5.739 5.754 5.770 5.784 5.798 5.812 5.827 5.841 5.856 5.870 5.885 5.899 5.913 5.928 5.942 5.956 5.969 5.983 5.997 6.010 6.023
4.626 4.654 4.681 4.707 4.733 4.758 4.783 4.808 4.832 4.856 4.880 4.903 4.926 4.947 4.969 4.991 5.013 5.035 5.057 5.078 5.099 5.120 5.141 5.161 5.182 5.202 5.222 5.242 5.262 5.281 5.301 5.320 5.339 5.358 5.377 5.395 5.412 5.429 5.447 5.465 5.482 5.500 5.517 5.534 5.551 5.568 5.585 5.601 5.618 5.634 5.650 5.666 5.682 5.698 5.714 5.730 5.745 5.761 5.776 5.790 5.804 5.818 5.832 5.847 5.861 5.876 5.890 5.904 5.918 5.932 5.946 5.960 5.974 5.988 6.001 6.015 6.028
4.644 4.671 4.698 4.724 4.749 4.775 4.799 4.824 4.848 4.871 4.895 4.918 4.940 4.961 4.983 5.005 5.026 5.048 5.069 5.090 5.111 5.131 5.152 5.172 5.192 5.212 5.232 5.252 5.271 5.291 5.310 5.329 5.348 5.367 5.386 5.404 5.421 5.438 5.455 5.473 5.491 5.508 5.525 5.542 5.559 5.576 5.593 5.609 5.626 5.642 5.658 5.674 5.690 5.706 5.721 5.737 5.752 5.768 5.783 5.796 5.810 5.824 5.838 5.853 5.867 5.881 5.895 5.909 5.923 5.937 5.951 5.965 5.979 5.992 6.006 6.019 6.033
