version1/TsunamiDB/out54121.asc
ncols          264
nrows          230
xllcorner      497853.4375
yllcorner      4229146.0000
cellsize         5.
NODATA_value   -99
[rows 170 to 203 of 230, columns 77 to 153 of 264]
6.478 6.486 6.494 6.503 6.513 6.522 6.532 6.542 6.552 6.562 6.572 6.582 6.592 6.602 6.612 6.622 6.631 6.641 6.651 6.661 6.670 6.680 6.689 6.697 6.705 6.713 6.721 6.728 6.736 6.744 6.752 6.759 6.767 6.775 6.782 6.790 6.798 6.806 6.814 6.822 6.830 6.838 6.847 6.856 6.865 6.874 6.883 6.891 6.900 6.909 6.918 6.928 6.937 6.947 6.957 6.967 6.977 6.987 6.998 7.008 7.018 7.029 7.039 7.049 7.060 7.071 7.082 7.093 7.104 7.115 7.126 7.136 7.147 7.157 7.168 7.178 7.188
6.485 6.493 6.501 6.510 6.519 6.529 6.538 6.548 6.558 6.568 6.578 6.588 6.598 6.608 6.618 6.627 6.637 6.647 6.657 6.667 6.676 6.686 6.695 6.703 6.711 6.719 6.727 6.735 6.742 6.750 6.758 6.765 6.773 6.780 6.788 6.796 6.803 6.811 6.819 6.827 6.835 6.843 6.851 6.860 6.869 6.878 6.886 6.894 6.903 6.911 6.920 6.930 6.939 6.949 6.958 6.968 6.979 6.989 6.999 7.009 7.020 7.030 7.041 7.052 7.062 7.073 7.085 7.096 7.108 7.118 7.129 7.140 7.150 7.161 7.172 7.182 7.193
6.493 6.501 6.509 6.518 6.526 6.536 6.545 6.555 6.564 6.574 6.584 6.594 6.604 6.614 6.624 6.634 6.644 6.653 6.663 6.673 6.683 6.692 6.701 6.710 6.718 6.726 6.733 6.741 6.749 6.756 6.764 6.772 6.779 6.787 6.794 6.802 6.809 6.817 6.825 6.832 6.840 6.848 6.856 6.865 6.874 6.882 6.890 6.898 6.906 6.915 6.923 6.932 6.942 6.951 6.961 6.971 6.981 6.991 7.001 7.011 7.022 7.033 7.043 7.054 7.065 7.076 7.088 7.100 7.111 7.122 7.133 7.143 7.154 7.165 7.176 7.186 7.197
6.502 6.509 6.517 6.525 6.534 6.543 6.552 6.562 6.571 6.581 6.591 6.601 6.611 6.620 6.630 6.640 6.650 6.660 6.670 6.680 6.689 6.699 6.708 6.716 6.724 6.732 6.740 6.748 6.756 6.764 6.771 6.779 6.786 6.794 6.801 6.809 6.816 6.824 6.831 6.839 6.846 6.854 6.862 6.871 6.879 6.887 6.895 6.903 6.911 6.919 6.927 6.936 6.945 6.954 6.964 6.973 6.983 6.993 7.004 7.014 7.025 7.035 7.046 7.057 7.068 7.080 7.091 7.103 7.115 7.126 7.137 7.148 7.159 7.170 7.181 7.191 7.202
6.511 6.518 6.526 6.534 6.542 6.551 6.560 6.569 6.579 6.588 6.598 6.608 6.618 6.627 6.637 6.647 6.657 6.667 6.677 6.687 6.697 6.707 6.715 6.724 6.732 6.740 6.748 6.755 6.763 6.771 6.779 6.786 6.794 6.801 6.809 6.816 6.823 6.831 6.838 6.846 6.853 6.861 6.869 6.877 6.886 6.893 6.901 6.908 6.916 6.924 6.932 6.941 6.950 6.959 6.968 6.977 6.987 6.997 7.007 7.017 7.028 7.039 7.049 7.061 7.072 7.083 7.095 7.107 7.119 7.130 7.141 7.152 7.164 7.175 7.186 7.197 7.208
6.520 6.527 6.534 6.542 6.550 6.559 6.568 6.577 6.586 6.596 6.605 6.615 6.625 6.635 6.644 6.654 6.664 6.674 6.684 6.694 6.704 6.714 6.723 6.731 6.739 6.747 6.755 6.763 6.771 6.779 6.786 6.794 6.801 6.809 6.816 6.824 6.831 6.839 6.846 6.853 6.861 6.868 6.876 6.885 6.893 6.900 6.907 6.915 6.922 6.930 6.938 6.946 6.955 6.964 6.973 6.982 6.991 7.001 7.011 7.021 7.032 7.043 7.053 7.064 7.076 7.088 7.100 7.112 7.123 7.135 7.146 7.157 7.169 7.180 7.191 7.203 7.214
6.530 6.537 6.544 6.551 6.559 6.567 6.576 6.585 6.594 6.603 6.613 6.622 6.632 6.642 6.652 6.662 6.672 6.682 6.691 6.702 6.712 6.721 6.730 6.739 6.747 6.755 6.763 6.771 6.779 6.787 6.794 6.802 6.810 6.817 6.824 6.832 6.839 6.847 6.854 6.861 6.869 6.876 6.884 6.892 6.900 6.907 6.915 6.922 6.929 6.937 6.945 6.953 6.961 6.969 6.978 6.987 6.997 7.006 7.016 7.026 7.036 7.047 7.058 7.069 7.080 7.092 7.104 7.116 7.128 7.140 7.151 7.163 7.174 7.186 7.197 7.209 7.220
6.541 6.547 6.554 6.561 6.568 6.576 6.585 6.593 6.602 6.611 6.621 6.630 6.640 6.649 6.659 6.669 6.679 6.689 6.699 6.709 6.719 6.729 6.738 6.746 6.755 6.763 6.771 6.779 6.787 6.795 6.803 6.810 6.818 6.825 6.833 6.840 6.848 6.855 6.862 6.870 6.877 6.885 6.892 6.900 6.908 6.915 6.922 6.929 6.937 6.944 6.952 6.960 6.968 6.976 6.984 6.993 7.002 7.012 7.021 7.031 7.042 7.052 7.063 7.074 7.085 7.097 7.109 7.121 7.133 7.145 7.157 7.169 7.180 7.192 7.204 7.216 7.227
6.552 6.557 6.564 6.570 6.578 6.585 6.593 6.602 6.610 6.619 6.629 6.638 6.647 6.657 6.667 6.677 6.687 6.697 6.707 6.717 6.727 6.737 6.745 6.754 6.762 6.771 6.779 6.787 6.795 6.803 6.811 6.818 6.826 6.834 6.841 6.849 6.856 6.863 6.871 6.878 6.886 6.893 6.901 6.909 6.916 6.923 6.930 6.938 6.945 6.952 6.959 6.967 6.975 6.983 6.991 7.000 7.009 7.018 7.027 7.037 7.047 7.057 7.068 7.079 7.090 7.102 7.114 7.127 7.138 7.150 7.162 7.174 7.187 7.199 7.211 7.223 7.235
6.563 6.568 6.574 6.580 6.587 6.595 6.602 6.610 6.619 6.628 6.637 6.646 6.655 6.665 6.674 6.684 6.694 6.704 6.714 6.724 6.734 6.744 6.753 6.762 6.770 6.778 6.787 6.795 6.803 6.811 6.819 6.827 6.834 6.842 6.850 6.857 6.865 6.872 6.879 6.887 6.894 6.902 6.909 6.917 6.925 6.932 6.939 6.946 6.953 6.960 6.967 6.975 6.983 6.990 6.999 7.007 7.016 7.025 7.034 7.043 7.053 7.063 7.074 7.085 7.096 7.108 7.120 7.132 7.144 7.156 7.168 7.181 7.193 7.205 7.218 7.230 7.243
6.574 6.579 6.585 6.591 6.597 6.604 6.612 6.619 6.628 6.636 6.645 6.654 6.663 6.672 6.682 6.692 6.702 6.711 6.721 6.731 6.742 6.751 6.760 6.769 6.778 6.786 6.794 6.803 6.811 6.819 6.827 6.835 6.843 6.850 6.858 6.866 6.873 6.881 6.888 6.895 6.903 6.910 6.918 6.926 6.934 6.940 6.947 6.954 6.961 6.969 6.976 6.983 6.991 6.998 7.006 7.014 7.023 7.032 7.041 7.050 7.060 7.070 7.080 7.091 7.102 7.113 7.125 7.138 7.150 7.162 7.174 7.187 7.199 7.212 7.225 7.238 7.251
6.586 6.591 6.596 6.601 6.607 6.614 6.621 6.628 6.636 6.644 6.653 6.662 6.671 6.680 6.690 6.699 6.709 6.719 6.729 6.739 6.749 6.759 6.768 6.776 6.785 6.794 6.802 6.810 6.819 6.827 6.835 6.843 6.851 6.859 6.866 6.874 6.881 6.889 6.896 6.904 6.911 6.919 6.927 6.935 6.942 6.949 6.956 6.963 6.970 6.977 6.984 6.991 6.999 7.006 7.014 7.022 7.030 7.039 7.048 7.057 7.066 7.076 7.086 7.097 7.108 7.119 7.131 7.143 7.155 7.168 7.180 7.193 7.206 7.219 7.232 7.246 7.259
6.598 6.602 6.607 6.612 6.618 6.624 6.631 6.638 6.645 6.653 6.661 6.670 6.679 6.688 6.697 6.707 6.716 6.726 6.736 6.746 6.756 6.766 6.775 6.784 6.792 6.801 6.809 6.818 6.826 6.834 6.843 6.851 6.859 6.866 6.874 6.882 6.890 6.897 6.905 6.912 6.920 6.927 6.935 6.943 6.951 6.958 6.965 6.971 6.978 6.985 6.992 7.000 7.007 7.014 7.022 7.030 7.038 7.047 7.055 7.064 7.073 7.083 7.093 7.103 7.114 7.125 7.137 7.149 7.161 7.174 7.186 7.199 7.212 7.226 7.239 7.253 7.267
6.610 6.614 6.618 6.623 6.629 6.634 6.641 6.647 6.654 6.662 6.670 6.678 6.687 6.695 6.705 6.714 6.723 6.733 6.743 6.753 6.763 6.773 6.782 6.791 6.799 6.808 6.817 6.825 6.833 6.842 6.850 6.858 6.866 6.874 6.882 6.890 6.898 6.905 6.913 6.920 6.928 6.935 6.943 6.951 6.959 6.966 6.973 6.980 6.987 6.994 7.001 7.008 7.015 7.023 7.030 7.038 7.046 7.054 7.063 7.071 7.080 7.090 7.099 7.109 7.120 7.131 7.143 7.155 7.167 7.179 7.192 7.205 7.219 7.232 7.246 7.260 7.275
6.623 6.626 6.630 6.635 6.639 6.645 6.651 6.657 6.664 6.671 6.678 6.686 6.695 6.703 6.712 6.721 6.731 6.740 6.750 6.760 6.770 6.780 6.789 6.797 6.806 6.815 6.823 6.832 6.841 6.849 6.857 6.865 6.874 6.882 6.890 6.897 6.905 6.913 6.921 6.928 6.936 6.943 6.951 6.959 6.967 6.974 6.981 6.988 6.995 7.002 7.009 7.016 7.023 7.031 7.038 7.046 7.054 7.062 7.070 7.079 7.087 7.097 7.106 7.116 7.126 7.137 7.149 7.161 7.173 7.185 7.198 7.211 7.225 7.239 7.253 7.267 7.282
6.635 6.638 6.642 6.646 6.651 6.656 6.661 6.667 6.673 6.680 6.687 6.695 6.703 6.711 6.720 6.729 6.738 6.747 6.757 6.767 6.777 6.786 6.795 6.804 6.813 6.822 6.830 6.839 6.847 6.856 6.864 6.873 6.881 6.889 6.897 6.905 6.913 6.920 6.928 6.936 6.944 6.951 6.959 6.967 6.975 6.982 6.989 6.996 7.003 7.010 7.017 7.024 7.031 7.039 7.046 7.054 7.061 7.069 7.077 7.086 7.095 7.104 7.113 7.123 7.133 7.144 7.155 7.167 7.179 7.191 7.204 7.217 7.230 7.245 7.259 7.274 7.290
6.648 6.651 6.654 6.658 6.662 6.667 6.672 6.677 6.683 6.689 6.696 6.703 6.711 6.719 6.727 6.736 6.745 6.754 6.764 6.773 6.783 6.793 6.802 6.811 6.819 6.828 6.837 6.846 6.854 6.863 6.871 6.879 6.888 6.896 6.904 6.912 6.920 6.928 6.936 6.943 6.951 6.959 6.967 6.975 6.983 6.990 6.997 7.004 7.011 7.018 7.025 7.032 7.039 7.046 7.054 7.061 7.069 7.077 7.085 7.093 7.102 7.111 7.120 7.129 7.139 7.150 7.161 7.173 7.184 7.197 7.209 7.222 7.236 7.251 7.265 7.281 7.296
6.661 6.663 6.667 6.670 6.674 6.678 6.682 6.687 6.693 6.699 6.705 6.712 6.719 6.727 6.735 6.743 6.752 6.761 6.771 6.780 6.790 6.800 6.808 6.817 6.826 6.835 6.843 6.852 6.861 6.869 6.878 6.886 6.895 6.903 6.911 6.919 6.927 6.935 6.943 6.951 6.958 6.966 6.974 6.982 6.990 6.997 7.005 7.012 7.019 7.026 7.033 7.040 7.047 7.054 7.062 7.069 7.077 7.084 7.092 7.101 7.109 7.118 7.127 7.136 7.146 7.156 7.168 7.179 7.190 7.202 7.215 7.228 7.242 7.256 7.271 7.287 7.303
6.674 6.676 6.679 6.682 6.686 6.689 6.694 6.698 6.703 6.709 6.715 6.721 6.728 6.735 6.743 6.751 6.760 6.768 6.778 6.787 6.797 6.806 6.815 6.824 6.832 6.841 6.850 6.859 6.867 6.876 6.885 6.893 6.901 6.910 6.918 6.926 6.934 6.942 6.950 6.958 6.966 6.974 6.982 6.990 6.998 7.005 7.012 7.019 7.026 7.033 7.040 7.048 7.055 7.062 7.069 7.077 7.084 7.092 7.100 7.108 7.116 7.125 7.134 7.143 7.153 7.163 7.174 7.185 7.197 7.208 7.221 7.234 7.248 7.262 7.277 7.293 7.309
6.686 6.689 6.691 6.694 6.697 6.701 6.705 6.709 6.714 6.719 6.724 6.730 6.737 6.744 6.751 6.759 6.767 6.776 6.785 6.794 6.804 6.813 6.822 6.830 6.839 6.848 6.856 6.865 6.874 6.882 6.891 6.900 6.908 6.916 6.925 6.933 6.941 6.949 6.957 6.965 6.973 6.981 6.989 6.997 7.005 7.012 7.020 7.027 7.034 7.041 7.048 7.055 7.062 7.070 7.077 7.085 7.092 7.100 7.108 7.116 7.124 7.132 7.141 7.150 7.160 7.170 7.181 7.192 7.203 7.215 7.227 7.240 7.254 7.268 7.283 7.299 7.316
6.699 6.701 6.704 6.707 6.710 6.713 6.716 6.720 6.724 6.729 6.734 6.740 6.746 6.752 6.759 6.767 6.775 6.783 6.792 6.801 6.811 6.820 6.828 6.837 6.845 6.854 6.863 6.872 6.880 6.889 6.898 6.906 6.915 6.923 6.932 6.940 6.948 6.956 6.964 6.972 6.980 6.988 6.996 7.005 7.013 7.020 7.027 7.034 7.041 7.049 7.056 7.063 7.070 7.078 7.085 7.092 7.100 7.108 7.115 7.123 7.131 7.140 7.148 7.158 7.167 7.177 7.188 7.199 7.210 7.221 7.233 7.246 7.260 7.274 7.289 7.305 7.322
6.712 6.714 6.716 6.719 6.722 6.725 6.728 6.731 6.735 6.740 6.744 6.749 6.755 6.761 6.768 6.775 6.783 6.791 6.799 6.808 6.818 6.826 6.835 6.843 6.852 6.861 6.869 6.878 6.887 6.896 6.904 6.913 6.922 6.930 6.938 6.947 6.955 6.963 6.971 6.979 6.987 6.995 7.004 7.012 7.020 7.027 7.035 7.042 7.049 7.056 7.064 7.071 7.078 7.085 7.093 7.100 7.108 7.115 7.123 7.131 7.139 7.148 7.156 7.165 7.175 7.185 7.195 7.206 7.217 7.228 7.240 7.253 7.266 7.281 7.296 7.312 7.328
6.724 6.726 6.729 6.731 6.734 6.736 6.739 6.743 6.746 6.750 6.755 6.759 6.765 6.770 6.777 6.783 6.791 6.799 6.807 6.816 6.825 6.833 6.841 6.850 6.858 6.867 6.876 6.885 6.893 6.902 6.911 6.920 6.928 6.937 6.945 6.954 6.962 6.970 6.978 6.986 6.995 7.003 7.012 7.020 7.027 7.035 7.042 7.050 7.057 7.064 7.071 7.079 7.086 7.093 7.101 7.108 7.116 7.123 7.131 7.139 7.147 7.156 7.164 7.173 7.182 7.193 7.203 7.213 7.224 7.235 7.247 7.260 7.273 7.287 7.302 7.318 7.335
6.737 6.739 6.741 6.743 6.746 6.748 6.751 6.754 6.757 6.761 6.765 6.769 6.774 6.780 6.786 6.792 6.799 6.806 6.815 6.823 6.832 6.840 6.848 6.857 6.865 6.874 6.882 6.891 6.900 6.909 6.918 6.926 6.935 6.944 6.952 6.960 6.969 6.977 6.985 6.994 7.002 7.010 7.019 7.027 7.035 7.042 7.050 7.057 7.065 7.072 7.079 7.087 7.094 7.101 7.109 7.116 7.124 7.132 7.140 7.147 7.156 7.164 7.172 7.181 7.191 7.201 7.211 7.221 7.232 7.243 7.255 7.267 7.280 7.294 7.309 7.325 7.341
6.749 6.751 6.753 6.755 6.757 6.760 6.762 6.765 6.768 6.772 6.775 6.779 6.784 6.789 6.795 6.801 6.807 6.814 6.822 6.831 6.839 6.847 6.855 6.863 6.872 6.880 6.889 6.898 6.906 6.915 6.924 6.933 6.942 6.950 6.959 6.967 6.976 6.984 6.993 7.001 7.009 7.018 7.027 7.035 7.043 7.050 7.058 7.065 7.073 7.080 7.087 7.095 7.102 7.110 7.117 7.125 7.132 7.140 7.148 7.156 7.164 7.172 7.181 7.190 7.199 7.209 7.219 7.229 7.240 7.251 7.262 7.275 7.288 7.302 7.317 7.332 7.348
6.760 6.762 6.764 6.767 6.769 6.771 6.774 6.776 6.779 6.782 6.786 6.790 6.794 6.798 6.804 6.809 6.816 6.822 6.830 6.838 6.846 6.854 6.862 6.870 6.878 6.887 6.895 6.904 6.913 6.922 6.931 6.940 6.948 6.957 6.966 6.974 6.983 6.991 7.000 7.008 7.017 7.025 7.034 7.043 7.050 7.058 7.066 7.073 7.081 7.088 7.096 7.103 7.111 7.118 7.126 7.133 7.141 7.149 7.157 7.165 7.173 7.181 7.190 7.198 7.208 7.218 7.228 7.238 7.248 7.259 7.270 7.283 7.296 7.309 7.324 7.340 7.355
6.771 6.773 6.776 6.778 6.780 6.783 6.785 6.787 6.790 6.793 6.796 6.800 6.804 6.808 6.813 6.818 6.824 6.831 6.838 6.846 6.853 6.861 6.868 6.876 6.885 6.893 6.902 6.910 6.919 6.928 6.937 6.946 6.955 6.964 6.972 6.981 6.990 6.998 7.007 7.016 7.024 7.033 7.042 7.050 7.058 7.066 7.073 7.081 7.089 7.096 7.104 7.111 7.119 7.127 7.134 7.142 7.150 7.158 7.165 7.173 7.182 7.190 7.199 7.207 7.217 7.226 7.236 7.246 7.257 7.267 7.279 7.291 7.304 7.318 7.332 7.347 7.362
6.782 6.784 6.787 6.789 6.791 6.793 6.796 6.798 6.801 6.804 6.807 6.810 6.813 6.817 6.822 6.827 6.833 6.839 6.845 6.853 6.860 6.868 6.875 6.883 6.891 6.899 6.908 6.917 6.926 6.934 6.943 6.952 6.961 6.970 6.979 6.988 6.997 7.005 7.014 7.023 7.031 7.040 7.049 7.058 7.066 7.074 7.081 7.089 7.097 7.105 7.112 7.120 7.128 7.135 7.143 7.151 7.159 7.166 7.174 7.183 7.191 7.199 7.208 7.217 7.226 7.236 7.246 7.255 7.266 7.276 7.288 7.300 7.312 7.326 7.340 7.355 7.369
6.793 6.795 6.797 6.800 6.802 6.804 6.807 6.809 6.811 6.814 6.817 6.820 6.823 6.827 6.831 6.836 6.841 6.847 6.853 6.860 6.868 6.875 6.882 6.889 6.897 6.906 6.914 6.923 6.932 6.941 6.950 6.959 6.968 6.977 6.986 6.995 7.003 7.012 7.021 7.030 7.039 7.047 7.057 7.065 7.073 7.081 7.089 7.097 7.105 7.113 7.121 7.128 7.136 7.144 7.152 7.160 7.168 7.176 7.184 7.192 7.200 7.208 7.217 7.226 7.235 7.245 7.255 7.265 7.275 7.285 7.297 7.308 7.321 7.334 7.348 7.362 7.376
6.803 6.805 6.808 6.810 6.812 6.815 6.817 6.819 6.822 6.824 6.827 6.830 6.833 6.837 6.840 6.845 6.850 6.855 6.861 6.868 6.875 6.881 6.888 6.896 6.904 6.912 6.920 6.929 6.938 6.946 6.956 6.965 6.974 6.983 6.992 7.001 7.010 7.019 7.028 7.037 7.046 7.055 7.064 7.073 7.081 7.089 7.097 7.105 7.113 7.121 7.129 7.137 7.145 7.153 7.161 7.169 7.177 7.185 7.193 7.201 7.209 7.218 7.227 7.235 7.245 7.255 7.264 7.274 7.284 7.295 7.306 7.317 7.330 7.343 7.356 7.370 7.383
6.813 6.815 6.818 6.820 6.822 6.825 6.827 6.830 6.832 6.834 6.837 6.840 6.843 6.846 6.850 6.854 6.858 6.863 6.869 6.875 6.882 6.888 6.895 6.902 6.910 6.918 6.926 6.935 6.943 6.952 6.961 6.970 6.980 6.989 6.998 7.007 7.016 7.025 7.034 7.043 7.052 7.062 7.071 7.080 7.088 7.097 7.105 7.113 7.121 7.129 7.137 7.145 7.153 7.161 7.170 7.178 7.186 7.194 7.202 7.210 7.219 7.227 7.236 7.245 7.254 7.264 7.274 7.284 7.294 7.304 7.315 7.326 7.338 7.351 7.364 7.377 7.390
6.822 6.825 6.827 6.830 6.832 6.835 6.837 6.840 6.842 6.844 6.847 6.850 6.852 6.855 6.859 6.863 6.867 6.872 6.877 6.883 6.889 6.895 6.902 6.909 6.916 6.924 6.932 6.940 6.949 6.958 6.967 6.976 6.985 6.995 7.004 7.013 7.022 7.031 7.041 7.050 7.059 7.068 7.078 7.087 7.096 7.104 7.113 7.121 7.129 7.137 7.146 7.154 7.162 7.170 7.178 7.187 7.195 7.203 7.211 7.220 7.228 7.237 7.246 7.255 7.264 7.274 7.284 7.293 7.303 7.313 7.324 7.335 7.347 7.359 7.372 7.385 7.397
6.832 6.834 6.837 6.839 6.842 6.844 6.847 6.849 6.852 6.854 6.857 6.859 6.862 6.865 6.868 6.872 6.875 6.880 6.885 6.891 6.897 6.902 6.908 6.915 6.922 6.930 6.938 6.946 6.955 6.963 6.972 6.982 6.991 7.000 7.009 7.019 7.028 7.037 7.047 7.056 7.065 7.075 7.085 7.094 7.103 7.111 7.120 7.128 7.137 7.145 7.154 7.162 7.170 7.179 7.187 7.195 7.204 7.212 7.221 7.229 7.238 7.246 7.255 7.264 7.274 7.284 7.294 7.303 7.313 7.323 7.333 7.344 7.355 7.367 7.379 7.392 7.405
6.841 6.844 6.846 6.849 6.851 6.854 6.857 6.859 6.861 6.864 6.866 6.869 6.872 6.874 6.877 6.881 6.884 6.888 6.893 6.899 6.904 6.909 6.915 6.922 6.928 6.936 6.943 6.952 6.960 6.969 6.978 6.987 6.996 7.006 7.015 7.024 7.034 7.043 7.053 7.062 7.072 7.081 7.091 7.101 7.110 7.118 7.127 7.136 7.144 7.153 7.162 7.170 7.179 7.187 7.196 7.204 7.213 7.221 7.230 7.238 7.247 7.256 7.265 7.274 7.283 7.293 7.303 7.313 7.322 7.332 7.342 7.352 7.363 7.375 7.387 7.400 7.412
