version1/TsunamiDB/out54150.asc
ncols          264
nrows          230
xllcorner      497853.4375
yllcorner      4229146.0000
cellsize         5.
NODATA_value   -99
[rows 136 to 169 of 230, columns 0 to 76 of 264]
6.201 6.209 6.216 6.224 6.231 6.239 6.247 6.256 6.263 6.270 6.278 6.285 6.292 6.300 6.307 6.315 6.322 6.330 6.337 6.345 6.352 6.360 6.367 6.374 6.382 6.389 6.397 6.404 6.412 6.420 6.428 6.436 6.443 6.450 6.457 6.464 6.470 6.477 6.484 6.491 6.498 6.505 6.512 6.519 6.525 6.532 6.539 6.545 6.552 6.558 6.565 6.571 6.578 6.585 6.592 6.598 6.603 6.609 6.615 6.620 6.626 6.632 6.638 6.644 6.650 6.656 6.662 6.668 6.674 6.680 6.687 6.693 6.699 6.706 6.713 6.719 6.727
6.216 6.224 6.231 6.238 6.245 6.253 6.260 6.268 6.276 6.282 6.289 6.296 6.304 6.311 6.318 6.326 6.333 6.341 6.348 6.356 6.363 6.370 6.378 6.385 6.392 6.400 6.407 6.414 6.422 6.430 6.438 6.446 6.452 6.459 6.466 6.473 6.480 6.487 6.494 6.501 6.508 6.515 6.521 6.528 6.535 6.542 6.548 6.555 6.562 6.568 6.575 6.581 6.588 6.595 6.601 6.608 6.613 6.619 6.624 6.630 6.636 6.641 6.647 6.653 6.659 6.665 6.671 6.677 6.683 6.689 6.696 6.702 6.708 6.715 6.721 6.728 6.735
6.231 6.239 6.246 6.253 6.260 6.267 6.274 6.282 6.289 6.295 6.301 6.308 6.315 6.322 6.329 6.337 6.344 6.352 6.359 6.366 6.374 6.381 6.388 6.395 6.403 6.410 6.417 6.424 6.432 6.440 6.447 6.455 6.462 6.468 6.475 6.482 6.489 6.496 6.503 6.510 6.517 6.524 6.531 6.537 6.544 6.551 6.558 6.564 6.571 6.578 6.584 6.591 6.597 6.604 6.611 6.617 6.623 6.628 6.634 6.639 6.645 6.651 6.657 6.662 6.668 6.674 6.680 6.686 6.692 6.698 6.704 6.711 6.717 6.723 6.730 6.736 6.744
6.244 6.253 6.260 6.267 6.274 6.281 6.288 6.295 6.302 6.308 6.314 6.320 6.327 6.334 6.341 6.348 6.355 6.362 6.370 6.377 6.384 6.391 6.399 6.406 6.413 6.420 6.427 6.434 6.442 6.449 6.457 6.464 6.471 6.477 6.484 6.491 6.497 6.504 6.511 6.518 6.525 6.532 6.539 6.546 6.553 6.560 6.567 6.573 6.580 6.587 6.593 6.600 6.607 6.614 6.620 6.626 6.632 6.637 6.643 6.649 6.654 6.660 6.666 6.671 6.677 6.683 6.689 6.695 6.701 6.707 6.713 6.719 6.726 6.732 6.738 6.745 6.752
6.256 6.265 6.273 6.281 6.289 6.296 6.302 6.309 6.316 6.321 6.327 6.333 6.339 6.345 6.352 6.359 6.366 6.373 6.380 6.387 6.395 6.402 6.409 6.416 6.423 6.430 6.437 6.444 6.451 6.459 6.466 6.474 6.480 6.486 6.493 6.499 6.506 6.513 6.520 6.527 6.534 6.541 6.548 6.555 6.562 6.568 6.575 6.582 6.589 6.595 6.602 6.609 6.616 6.623 6.629 6.635 6.641 6.646 6.652 6.657 6.663 6.669 6.674 6.680 6.686 6.692 6.698 6.704 6.710 6.716 6.722 6.728 6.734 6.740 6.747 6.753 6.760
6.264 6.275 6.285 6.294 6.302 6.309 6.316 6.323 6.329 6.335 6.340 6.346 6.351 6.357 6.364 6.370 6.377 6.384 6.391 6.398 6.405 6.412 6.419 6.426 6.433 6.440 6.447 6.454 6.461 6.468 6.476 6.483 6.489 6.495 6.502 6.508 6.515 6.521 6.528 6.535 6.542 6.549 6.556 6.563 6.570 6.577 6.583 6.590 6.597 6.604 6.611 6.617 6.624 6.631 6.638 6.644 6.649 6.655 6.660 6.666 6.672 6.677 6.683 6.689 6.695 6.701 6.706 6.712 6.718 6.724 6.730 6.737 6.743 6.749 6.755 6.762 6.769
6.269 6.282 6.293 6.304 6.313 6.321 6.329 6.337 6.343 6.348 6.354 6.359 6.364 6.370 6.376 6.382 6.389 6.395 6.402 6.409 6.416 6.423 6.429 6.436 6.443 6.450 6.457 6.464 6.471 6.478 6.485 6.492 6.498 6.504 6.511 6.517 6.523 6.530 6.536 6.543 6.550 6.557 6.564 6.571 6.578 6.585 6.591 6.598 6.605 6.612 6.619 6.625 6.632 6.639 6.646 6.652 6.657 6.663 6.669 6.674 6.680 6.686 6.691 6.697 6.703 6.709 6.715 6.721 6.727 6.733 6.739 6.745 6.751 6.757 6.763 6.770 6.777
6.269 6.284 6.298 6.310 6.321 6.331 6.340 6.349 6.356 6.361 6.367 6.372 6.377 6.383 6.388 6.394 6.400 6.407 6.413 6.420 6.426 6.433 6.440 6.447 6.453 6.460 6.467 6.474 6.481 6.488 6.495 6.502 6.508 6.514 6.520 6.526 6.532 6.538 6.545 6.551 6.558 6.565 6.572 6.578 6.585 6.592 6.599 6.606 6.613 6.620 6.626 6.633 6.640 6.647 6.654 6.660 6.665 6.671 6.677 6.682 6.688 6.694 6.699 6.705 6.711 6.717 6.723 6.729 6.735 6.741 6.747 6.753 6.759 6.765 6.771 6.778 6.785
6.265 6.282 6.298 6.313 6.326 6.338 6.349 6.359 6.367 6.373 6.379 6.385 6.390 6.396 6.401 6.407 6.412 6.418 6.424 6.431 6.437 6.444 6.450 6.457 6.464 6.470 6.477 6.484 6.491 6.497 6.505 6.511 6.517 6.523 6.529 6.535 6.541 6.547 6.553 6.559 6.566 6.573 6.579 6.586 6.593 6.600 6.607 6.614 6.620 6.627 6.634 6.641 6.648 6.655 6.662 6.667 6.673 6.679 6.684 6.690 6.696 6.701 6.707 6.713 6.719 6.724 6.730 6.736 6.742 6.748 6.755 6.761 6.767 6.773 6.779 6.786 6.792
6.257 6.276 6.295 6.312 6.327 6.341 6.354 6.366 6.375 6.383 6.390 6.396 6.402 6.408 6.413 6.419 6.424 6.430 6.436 6.442 6.448 6.454 6.461 6.467 6.474 6.480 6.487 6.494 6.500 6.507 6.514 6.521 6.526 6.532 6.538 6.544 6.549 6.555 6.562 6.568 6.574 6.581 6.587 6.594 6.601 6.607 6.614 6.621 6.628 6.635 6.641 6.648 6.655 6.662 6.669 6.675 6.681 6.686 6.692 6.698 6.703 6.709 6.714 6.720 6.726 6.732 6.738 6.744 6.750 6.756 6.762 6.768 6.774 6.780 6.787 6.793 6.800
6.245 6.266 6.286 6.305 6.323 6.340 6.355 6.369 6.380 6.390 6.399 6.406 6.413 6.419 6.425 6.431 6.436 6.442 6.447 6.453 6.459 6.465 6.471 6.478 6.484 6.490 6.497 6.503 6.510 6.517 6.524 6.530 6.536 6.541 6.547 6.553 6.558 6.564 6.570 6.576 6.582 6.589 6.595 6.602 6.608 6.615 6.622 6.628 6.635 6.642 6.649 6.655 6.662 6.670 6.676 6.682 6.688 6.694 6.699 6.705 6.710 6.716 6.722 6.728 6.733 6.739 6.745 6.751 6.757 6.763 6.769 6.775 6.782 6.788 6.794 6.800 6.807
6.232 6.253 6.275 6.295 6.315 6.334 6.351 6.368 6.381 6.393 6.404 6.413 6.421 6.429 6.435 6.442 6.447 6.453 6.459 6.464 6.470 6.476 6.482 6.488 6.494 6.500 6.507 6.513 6.520 6.527 6.533 6.540 6.545 6.551 6.556 6.562 6.567 6.573 6.579 6.585 6.591 6.597 6.603 6.610 6.616 6.623 6.629 6.636 6.642 6.649 6.656 6.663 6.670 6.677 6.683 6.689 6.695 6.701 6.706 6.712 6.718 6.723 6.729 6.735 6.740 6.746 6.752 6.758 6.764 6.770 6.776 6.782 6.789 6.795 6.801 6.808 6.814
6.218 6.239 6.261 6.283 6.304 6.324 6.343 6.362 6.378 6.392 6.405 6.416 6.426 6.435 6.443 6.451 6.457 6.463 6.469 6.475 6.481 6.487 6.492 6.498 6.504 6.510 6.517 6.523 6.529 6.536 6.543 6.549 6.555 6.560 6.566 6.571 6.577 6.582 6.588 6.594 6.599 6.605 6.611 6.618 6.624 6.630 6.637 6.643 6.650 6.656 6.663 6.670 6.677 6.684 6.690 6.696 6.702 6.708 6.713 6.719 6.725 6.730 6.736 6.741 6.747 6.753 6.759 6.765 6.771 6.777 6.783 6.789 6.795 6.802 6.808 6.814 6.821
6.205 6.226 6.247 6.268 6.290 6.311 6.332 6.352 6.370 6.386 6.401 6.415 6.427 6.438 6.448 6.457 6.465 6.472 6.479 6.485 6.491 6.497 6.502 6.508 6.514 6.520 6.526 6.533 6.539 6.546 6.552 6.559 6.564 6.569 6.575 6.580 6.586 6.591 6.597 6.602 6.608 6.614 6.620 6.626 6.632 6.638 6.644 6.651 6.657 6.664 6.670 6.677 6.684 6.691 6.697 6.703 6.709 6.715 6.720 6.726 6.731 6.737 6.743 6.748 6.754 6.760 6.766 6.772 6.778 6.784 6.790 6.796 6.802 6.808 6.814 6.821 6.828
6.194 6.213 6.234 6.254 6.275 6.297 6.318 6.339 6.358 6.376 6.393 6.409 6.424 6.437 6.449 6.460 6.470 6.478 6.486 6.493 6.500 6.506 6.512 6.518 6.524 6.530 6.536 6.542 6.548 6.555 6.562 6.568 6.573 6.579 6.584 6.589 6.595 6.600 6.606 6.611 6.617 6.622 6.628 6.634 6.640 6.646 6.652 6.658 6.665 6.671 6.677 6.684 6.691 6.698 6.704 6.710 6.716 6.721 6.727 6.733 6.738 6.744 6.749 6.755 6.761 6.766 6.772 6.778 6.784 6.790 6.796 6.802 6.808 6.814 6.821 6.827 6.834
6.185 6.203 6.222 6.242 6.262 6.282 6.304 6.324 6.344 6.363 6.381 6.399 6.416 6.431 6.446 6.459 6.470 6.481 6.490 6.499 6.506 6.513 6.520 6.526 6.532 6.539 6.545 6.551 6.557 6.564 6.571 6.577 6.582 6.588 6.593 6.598 6.604 6.609 6.614 6.620 6.625 6.631 6.637 6.642 6.648 6.654 6.660 6.666 6.672 6.678 6.685 6.691 6.698 6.705 6.711 6.717 6.723 6.728 6.734 6.739 6.745 6.750 6.756 6.762 6.767 6.773 6.779 6.785 6.790 6.796 6.802 6.808 6.814 6.821 6.827 6.834 6.840
6.179 6.196 6.213 6.231 6.250 6.270 6.290 6.310 6.329 6.348 6.367 6.386 6.404 6.421 6.438 6.453 6.467 6.479 6.491 6.501 6.510 6.518 6.526 6.533 6.540 6.546 6.553 6.559 6.566 6.573 6.579 6.585 6.591 6.596 6.601 6.607 6.612 6.618 6.623 6.629 6.634 6.640 6.645 6.651 6.656 6.662 6.668 6.674 6.680 6.686 6.692 6.698 6.705 6.712 6.718 6.724 6.729 6.735 6.741 6.746 6.752 6.757 6.763 6.768 6.774 6.779 6.785 6.791 6.797 6.803 6.809 6.814 6.821 6.827 6.833 6.840 6.846
6.175 6.191 6.207 6.224 6.241 6.259 6.278 6.297 6.315 6.334 6.353 6.371 6.390 6.408 6.426 6.443 6.459 6.473 6.487 6.499 6.510 6.520 6.529 6.538 6.545 6.552 6.559 6.566 6.573 6.580 6.587 6.593 6.599 6.604 6.610 6.615 6.621 6.626 6.632 6.637 6.643 6.648 6.654 6.659 6.665 6.670 6.676 6.682 6.687 6.693 6.700 6.706 6.712 6.719 6.725 6.731 6.736 6.742 6.747 6.753 6.758 6.764 6.769 6.775 6.780 6.786 6.792 6.797 6.803 6.809 6.815 6.821 6.827 6.833 6.839 6.846 6.852
6.174 6.188 6.203 6.218 6.234 6.251 6.268 6.286 6.303 6.321 6.339 6.357 6.375 6.394 6.412 6.430 6.447 6.463 6.479 6.493 6.506 6.518 6.529 6.539 6.548 6.556 6.564 6.572 6.579 6.587 6.594 6.600 6.606 6.612 6.617 6.623 6.628 6.634 6.640 6.645 6.651 6.656 6.662 6.667 6.673 6.678 6.684 6.689 6.695 6.701 6.707 6.713 6.720 6.726 6.732 6.738 6.743 6.749 6.754 6.759 6.765 6.770 6.776 6.781 6.787 6.792 6.798 6.804 6.809 6.815 6.821 6.827 6.833 6.839 6.845 6.851 6.858
6.174 6.187 6.201 6.216 6.230 6.246 6.262 6.278 6.294 6.310 6.327 6.344 6.361 6.379 6.397 6.415 6.433 6.450 6.467 6.483 6.498 6.511 6.524 6.536 6.547 6.557 6.566 6.575 6.583 6.591 6.599 6.606 6.612 6.618 6.624 6.630 6.636 6.641 6.647 6.653 6.659 6.664 6.670 6.675 6.681 6.686 6.692 6.697 6.703 6.709 6.714 6.721 6.727 6.734 6.739 6.744 6.750 6.755 6.761 6.766 6.771 6.777 6.782 6.788 6.793 6.799 6.804 6.810 6.815 6.821 6.827 6.833 6.838 6.844 6.851 6.857 6.864
6.175 6.188 6.201 6.215 6.229 6.243 6.258 6.273 6.287 6.302 6.317 6.333 6.350 6.366 6.384 6.401 6.419 6.436 6.453 6.470 6.486 6.501 6.516 6.529 6.542 6.553 6.564 6.574 6.584 6.593 6.602 6.609 6.616 6.623 6.629 6.636 6.642 6.648 6.654 6.660 6.666 6.671 6.677 6.683 6.688 6.694 6.699 6.705 6.710 6.716 6.722 6.728 6.734 6.741 6.746 6.751 6.757 6.762 6.767 6.773 6.778 6.783 6.789 6.794 6.800 6.805 6.811 6.816 6.822 6.827 6.833 6.838 6.844 6.850 6.856 6.863 6.870
6.177 6.190 6.202 6.215 6.228 6.242 6.256 6.270 6.283 6.297 6.311 6.326 6.341 6.356 6.372 6.388 6.405 6.422 6.439 6.456 6.472 6.488 6.504 6.518 6.533 6.546 6.558 6.570 6.581 6.592 6.602 6.610 6.618 6.625 6.633 6.640 6.646 6.653 6.660 6.666 6.672 6.678 6.684 6.690 6.695 6.701 6.707 6.712 6.718 6.723 6.729 6.735 6.742 6.747 6.753 6.758 6.763 6.769 6.774 6.779 6.784 6.790 6.795 6.800 6.806 6.811 6.817 6.822 6.828 6.833 6.839 6.844 6.850 6.856 6.862 6.869 6.875
6.180 6.192 6.204 6.217 6.230 6.243 6.256 6.269 6.281 6.294 6.307 6.320 6.334 6.349 6.363 6.378 6.394 6.410 6.426 6.442 6.458 6.474 6.490 6.505 6.520 6.535 6.549 6.562 6.575 6.587 6.598 6.608 6.617 6.625 6.634 6.642 6.649 6.656 6.664 6.670 6.677 6.684 6.690 6.696 6.702 6.708 6.713 6.719 6.725 6.730 6.736 6.742 6.748 6.754 6.760 6.765 6.770 6.775 6.780 6.785 6.791 6.796 6.801 6.807 6.812 6.817 6.823 6.828 6.834 6.839 6.845 6.850 6.856 6.862 6.868 6.874 6.880
6.183 6.195 6.207 6.219 6.232 6.244 6.257 6.269 6.281 6.293 6.305 6.318 6.331 6.344 6.357 6.371 6.385 6.400 6.415 6.430 6.445 6.461 6.476 6.491 6.507 6.522 6.536 6.551 6.564 6.578 6.590 6.602 6.612 6.622 6.632 6.641 6.649 6.657 6.665 6.673 6.681 6.688 6.694 6.701 6.707 6.714 6.720 6.725 6.731 6.737 6.743 6.749 6.755 6.761 6.766 6.771 6.776 6.781 6.787 6.792 6.797 6.802 6.807 6.813 6.818 6.823 6.829 6.834 6.840 6.845 6.850 6.856 6.861 6.867 6.873 6.880 6.886
6.186 6.198 6.210 6.222 6.234 6.247 6.259 6.271 6.282 6.294 6.305 6.317 6.329 6.341 6.354 6.367 6.380 6.393 6.407 6.421 6.435 6.449 6.464 6.478 6.493 6.508 6.523 6.537 6.552 6.566 6.579 6.592 6.604 6.615 6.626 6.636 6.646 6.655 6.665 6.673 6.682 6.690 6.697 6.705 6.711 6.718 6.725 6.731 6.737 6.743 6.749 6.755 6.761 6.767 6.772 6.777 6.783 6.788 6.793 6.798 6.803 6.808 6.813 6.819 6.824 6.829 6.835 6.840 6.845 6.851 6.856 6.862 6.867 6.873 6.879 6.885 6.891
6.190 6.202 6.214 6.225 6.237 6.249 6.262 6.273 6.284 6.295 6.306 6.318 6.329 6.341 6.352 6.364 6.376 6.389 6.401 6.414 6.427 6.440 6.454 6.467 6.481 6.495 6.509 6.523 6.538 6.552 6.566 6.579 6.592 6.604 6.616 6.628 6.639 6.650 6.660 6.670 6.680 6.689 6.698 6.706 6.714 6.721 6.728 6.735 6.742 6.748 6.754 6.760 6.767 6.773 6.778 6.783 6.788 6.793 6.799 6.804 6.809 6.814 6.819 6.824 6.830 6.835 6.840 6.846 6.851 6.856 6.862 6.867 6.872 6.878 6.884 6.890 6.896
6.193 6.205 6.217 6.229 6.241 6.253 6.265 6.276 6.287 6.298 6.308 6.319 6.330 6.341 6.353 6.364 6.375 6.387 6.399 6.410 6.422 6.434 6.447 6.459 6.472 6.484 6.497 6.511 6.524 6.538 6.552 6.565 6.578 6.591 6.603 6.616 6.628 6.640 6.652 6.664 6.675 6.685 6.695 6.704 6.713 6.722 6.730 6.737 6.745 6.751 6.758 6.765 6.772 6.778 6.783 6.789 6.794 6.799 6.804 6.809 6.814 6.819 6.825 6.830 6.835 6.840 6.846 6.851 6.856 6.862 6.867 6.872 6.878 6.883 6.889 6.895 6.901
6.197 6.209 6.220 6.232 6.244 6.256 6.268 6.279 6.290 6.300 6.311 6.322 6.332 6.343 6.354 6.365 6.376 6.387 6.398 6.409 6.420 6.431 6.442 6.454 6.465 6.477 6.489 6.501 6.513 6.526 6.539 6.551 6.564 6.576 6.589 6.602 6.615 6.628 6.641 6.653 6.665 6.677 6.689 6.700 6.710 6.719 6.729 6.737 6.745 6.753 6.761 6.768 6.775 6.782 6.787 6.793 6.798 6.804 6.809 6.814 6.819 6.824 6.830 6.835 6.840 6.845 6.851 6.856 6.861 6.867 6.872 6.877 6.883 6.888 6.894 6.900 6.905
6.200 6.212 6.224 6.235 6.247 6.259 6.271 6.282 6.293 6.303 6.314 6.324 6.335 6.346 6.356 6.367 6.377 6.388 6.399 6.409 6.420 6.430 6.440 6.451 6.461 6.472 6.483 6.494 6.505 6.517 6.528 6.539 6.551 6.562 6.574 6.587 6.600 6.613 6.626 6.640 6.653 6.666 6.679 6.691 6.703 6.714 6.724 6.734 6.744 6.752 6.761 6.769 6.777 6.784 6.790 6.796 6.802 6.807 6.813 6.818 6.823 6.829 6.834 6.839 6.845 6.850 6.855 6.861 6.866 6.871 6.877 6.882 6.887 6.893 6.898 6.904 6.910
6.203 6.215 6.227 6.239 6.250 6.262 6.274 6.285 6.296 6.306 6.317 6.327 6.338 6.348 6.359 6.369 6.380 6.390 6.400 6.411 6.421 6.431 6.441 6.450 6.460 6.470 6.480 6.490 6.500 6.510 6.520 6.530 6.540 6.550 6.561 6.573 6.585 6.597 6.611 6.624 6.638 6.651 6.665 6.679 6.692 6.704 6.716 6.728 6.738 6.748 6.758 6.767 6.776 6.784 6.791 6.798 6.804 6.810 6.816 6.821 6.827 6.832 6.838 6.843 6.849 6.854 6.860 6.865 6.870 6.876 6.881 6.886 6.892 6.897 6.903 6.909 6.914
6.206 6.218 6.230 6.242 6.254 6.266 6.278 6.289 6.299 6.309 6.320 6.330 6.341 6.351 6.362 6.372 6.382 6.393 6.403 6.413 6.423 6.432 6.442 6.451 6.461 6.470 6.479 6.488 6.497 6.507 6.516 6.524 6.533 6.542 6.551 6.561 6.572 6.583 6.595 6.608 6.621 6.635 6.649 6.663 6.677 6.691 6.704 6.717 6.729 6.741 6.752 6.763 6.773 6.782 6.790 6.797 6.804 6.811 6.817 6.823 6.829 6.835 6.841 6.846 6.852 6.857 6.863 6.869 6.874 6.879 6.885 6.890 6.896 6.901 6.907 6.913 6.918
6.209 6.221 6.233 6.245 6.257 6.269 6.281 6.291 6.302 6.312 6.323 6.333 6.344 6.354 6.365 6.375 6.385 6.396 6.406 6.416 6.425 6.435 6.444 6.454 6.463 6.471 6.480 6.489 6.497 6.506 6.514 6.521 6.529 6.536 6.544 6.553 6.562 6.572 6.582 6.594 6.606 6.619 6.633 6.647 6.661 6.675 6.689 6.703 6.717 6.730 6.742 6.754 6.766 6.776 6.786 6.794 6.802 6.810 6.817 6.823 6.830 6.836 6.842 6.848 6.854 6.860 6.866 6.871 6.877 6.882 6.888 6.893 6.899 6.904 6.910 6.916 6.922
6.212 6.224 6.236 6.248 6.260 6.272 6.284 6.294 6.305 6.315 6.326 6.336 6.347 6.357 6.368 6.378 6.389 6.399 6.409 6.419 6.428 6.438 6.447 6.457 6.465 6.474 6.483 6.491 6.499 6.507 6.515 6.521 6.528 6.534 6.541 6.548 6.555 6.564 6.572 6.582 6.593 6.604 6.617 6.630 6.644 6.658 6.672 6.687 6.701 6.715 6.729 6.743 6.756 6.768 6.778 6.788 6.797 6.806 6.814 6.821 6.829 6.835 6.842 6.849 6.855 6.861 6.867 6.873 6.879 6.885 6.890 6.896 6.902 6.907 6.913 6.919 6.924
6.215 6.227 6.239 6.251 6.263 6.275 6.286 6.297 6.308 6.318 6.329 6.339 6.350 6.361 6.371 6.381 6.392 6.402 6.412 6.422 6.432 6.441 6.451 6.460 6.469 6.477 6.486 6.494 6.502 6.510 6.517 6.523 6.529 6.535 6.540 6.546 6.552 6.559 6.566 6.574 6.583 6.593 6.604 6.615 6.628 6.641 6.655 6.670 6.684 6.699 6.713 6.728 6.742 6.755 6.767 6.778 6.789 6.799 6.808 6.817 6.825 6.833 6.840 6.847 6.854 6.861 6.867 6.873 6.880 6.886 6.892 6.897 6.903 6.909 6.915 6.921 6.927
