version1/TsunamiDB/out54015.asc
ncols          264
nrows          230
xllcorner      497853.4375
yllcorner      4229146.0000
cellsize         5.
NODATA_value   -99
[rows 155 to 185 of 230, columns 140 to 209 of 264]
1.793 2.015 2.318 2.678 3.066 3.449 3.797 4.082 4.298 4.457 4.577 4.671 4.747 4.814 4.875 4.933 4.989 5.043 5.097 5.150 5.203 5.254 5.306 5.357 5.409 5.461 5.514 5.569 5.621 5.672 5.725 5.776 5.827 5.876 5.921 5.964 6.008 6.054 6.102 6.155 6.209 6.266 6.330 6.401 6.475 6.556 6.632 6.684 6.757 6.843 6.898 6.930 6.956 6.986 7.021 7.067 7.101 7.073 7.100 7.191 7.232 7.229 7.190 7.122 7.017 6.877 6.716 6.560 6.484 6.483
1.862 2.115 2.441 2.815 3.203 3.575 3.904 4.168 4.366 4.513 4.624 4.713 4.786 4.851 4.910 4.966 5.021 5.073 5.125 5.176 5.226 5.276 5.326 5.376 5.428 5.481 5.537 5.595 5.650 5.706 5.763 5.819 5.874 5.927 5.976 6.022 6.068 6.117 6.166 6.220 6.272 6.327 6.390 6.456 6.525 6.607 6.672 6.711 6.782 6.872 6.927 6.960 6.986 7.011 7.040 7.090 7.112 7.062 7.077 7.157 7.187 7.174 7.128 7.053 6.944 6.797 6.643 6.509 6.454 6.468
1.943 2.224 2.570 2.952 3.337 3.694 4.002 4.245 4.426 4.562 4.667 4.752 4.824 4.887 4.946 5.001 5.053 5.105 5.155 5.203 5.251 5.299 5.347 5.397 5.449 5.504 5.562 5.623 5.682 5.742 5.803 5.864 5.923 5.980 6.034 6.085 6.136 6.187 6.239 6.295 6.347 6.400 6.459 6.523 6.590 6.656 6.703 6.739 6.809 6.901 6.961 6.998 7.025 7.052 7.085 7.116 7.109 7.047 7.051 7.118 7.137 7.117 7.062 6.979 6.864 6.725 6.595 6.483 6.443 6.471
2.034 2.341 2.702 3.088 3.465 3.805 4.091 4.312 4.478 4.605 4.705 4.787 4.858 4.921 4.980 5.034 5.086 5.136 5.185 5.232 5.278 5.324 5.371 5.420 5.472 5.528 5.589 5.653 5.715 5.779 5.846 5.910 5.974 6.037 6.098 6.156 6.211 6.263 6.320 6.381 6.432 6.483 6.538 6.596 6.652 6.700 6.738 6.768 6.839 6.935 7.001 7.044 7.075 7.104 7.126 7.130 7.100 7.026 7.019 7.072 7.083 7.054 6.993 6.905 6.794 6.676 6.571 6.477 6.451 6.494
2.135 2.464 2.838 3.223 3.589 3.909 4.171 4.371 4.522 4.640 4.736 4.817 4.888 4.952 5.011 5.066 5.118 5.167 5.215 5.261 5.306 5.350 5.396 5.445 5.498 5.555 5.618 5.685 5.751 5.820 5.891 5.960 6.029 6.099 6.167 6.231 6.291 6.346 6.408 6.474 6.524 6.571 6.620 6.667 6.710 6.746 6.777 6.804 6.875 6.977 7.047 7.094 7.128 7.150 7.154 7.135 7.086 7.001 6.982 7.023 7.025 6.991 6.926 6.839 6.743 6.649 6.565 6.489 6.476 6.532
2.245 2.594 2.975 3.356 3.707 4.005 4.241 4.420 4.559 4.669 4.762 4.842 4.913 4.978 5.037 5.093 5.146 5.196 5.244 5.289 5.333 5.377 5.423 5.471 5.524 5.583 5.649 5.719 5.789 5.862 5.938 6.014 6.089 6.164 6.239 6.309 6.374 6.432 6.499 6.568 6.618 6.662 6.701 6.737 6.771 6.799 6.825 6.848 6.918 7.022 7.095 7.146 7.174 7.184 7.173 7.133 7.066 6.972 6.943 6.971 6.966 6.930 6.866 6.791 6.714 6.641 6.577 6.516 6.514 6.578
2.365 2.729 3.113 3.486 3.818 4.091 4.301 4.462 4.588 4.692 4.781 4.860 4.932 4.998 5.059 5.117 5.171 5.221 5.269 5.315 5.359 5.403 5.448 5.497 5.551 5.612 5.680 5.753 5.828 5.905 5.987 6.068 6.149 6.231 6.312 6.388 6.457 6.517 6.588 6.662 6.713 6.751 6.781 6.810 6.836 6.859 6.881 6.897 6.963 7.069 7.143 7.190 7.210 7.209 7.181 7.124 7.043 6.939 6.900 6.919 6.911 6.876 6.821 6.761 6.702 6.649 6.603 6.553 6.558 6.629
2.493 2.868 3.252 3.611 3.921 4.166 4.352 4.497 4.613 4.711 4.797 4.874 4.946 5.013 5.076 5.135 5.190 5.242 5.291 5.336 5.381 5.425 5.471 5.521 5.576 5.638 5.709 5.787 5.865 5.946 6.035 6.122 6.208 6.296 6.383 6.464 6.537 6.598 6.673 6.753 6.803 6.837 6.863 6.885 6.906 6.924 6.939 6.948 7.010 7.115 7.185 7.225 7.236 7.223 7.182 7.110 7.014 6.903 6.857 6.870 6.862 6.835 6.793 6.747 6.706 6.670 6.636 6.594 6.606 6.680
2.629 3.011 3.388 3.730 4.014 4.231 4.398 4.528 4.635 4.727 4.809 4.885 4.956 5.023 5.087 5.147 5.203 5.256 5.306 5.353 5.398 5.443 5.491 5.542 5.598 5.663 5.736 5.818 5.900 5.987 6.080 6.173 6.266 6.359 6.450 6.535 6.610 6.672 6.751 6.835 6.886 6.919 6.941 6.959 6.975 6.986 6.996 6.996 7.052 7.151 7.214 7.247 7.248 7.224 7.171 7.084 6.977 6.861 6.811 6.822 6.819 6.803 6.773 6.744 6.719 6.695 6.671 6.635 6.650 6.726
2.772 3.156 3.523 3.843 4.097 4.291 4.440 4.558 4.657 4.743 4.821 4.894 4.963 5.029 5.093 5.154 5.211 5.265 5.316 5.364 5.410 5.457 5.506 5.559 5.618 5.685 5.761 5.846 5.932 6.023 6.121 6.219 6.316 6.413 6.507 6.594 6.673 6.736 6.817 6.905 6.959 6.994 7.015 7.030 7.041 7.046 7.050 7.041 7.087 7.179 7.236 7.260 7.251 7.217 7.154 7.056 6.941 6.822 6.773 6.788 6.793 6.787 6.770 6.753 6.740 6.725 6.707 6.676 6.692 6.767
2.922 3.302 3.652 3.945 4.172 4.345 4.479 4.587 4.679 4.759 4.833 4.903 4.970 5.034 5.097 5.157 5.214 5.268 5.320 5.368 5.416 5.464 5.515 5.571 5.632 5.701 5.780 5.869 5.959 6.053 6.156 6.258 6.360 6.462 6.559 6.650 6.732 6.794 6.878 6.972 7.032 7.069 7.090 7.104 7.110 7.112 7.110 7.088 7.123 7.208 7.257 7.272 7.255 7.212 7.140 7.033 6.910 6.793 6.749 6.768 6.782 6.784 6.778 6.773 6.767 6.759 6.746 6.717 6.732 6.806
3.075 3.446 3.774 4.037 4.239 4.394 4.516 4.616 4.702 4.778 4.848 4.914 4.978 5.040 5.100 5.158 5.214 5.268 5.319 5.368 5.417 5.466 5.520 5.578 5.641 5.713 5.796 5.890 5.982 6.080 6.187 6.294 6.402 6.507 6.608 6.706 6.786 6.845 6.933 7.034 7.098 7.139 7.164 7.176 7.179 7.178 7.165 7.129 7.154 7.232 7.274 7.280 7.255 7.203 7.121 7.003 6.876 6.769 6.733 6.758 6.777 6.790 6.793 6.794 6.795 6.792 6.782 6.752 6.767 6.838
3.230 3.586 3.885 4.119 4.299 4.439 4.551 4.645 4.726 4.798 4.865 4.928 4.989 5.047 5.105 5.161 5.215 5.267 5.317 5.365 5.414 5.465 5.521 5.582 5.649 5.726 5.813 5.910 6.005 6.106 6.217 6.329 6.441 6.551 6.657 6.751 6.827 6.889 6.981 7.089 7.159 7.205 7.232 7.246 7.249 7.238 7.211 7.164 7.179 7.249 7.284 7.284 7.249 7.185 7.092 6.970 6.856 6.757 6.726 6.755 6.782 6.802 6.811 6.817 6.823 6.822 6.812 6.783 6.794 6.861
3.383 3.715 3.983 4.191 4.352 4.479 4.583 4.672 4.750 4.819 4.884 4.944 5.002 5.058 5.113 5.165 5.217 5.266 5.314 5.362 5.411 5.463 5.522 5.586 5.658 5.738 5.829 5.929 6.027 6.131 6.245 6.359 6.474 6.587 6.693 6.784 6.861 6.924 7.021 7.136 7.213 7.264 7.294 7.310 7.308 7.286 7.247 7.189 7.196 7.259 7.287 7.279 7.235 7.161 7.061 6.948 6.845 6.753 6.725 6.760 6.793 6.816 6.830 6.840 6.847 6.847 6.837 6.806 6.814 6.877
3.529 3.831 4.069 4.255 4.400 4.517 4.614 4.698 4.773 4.840 4.903 4.962 5.018 5.071 5.123 5.173 5.221 5.267 5.313 5.359 5.408 5.462 5.523 5.591 5.666 5.749 5.843 5.946 6.046 6.152 6.267 6.383 6.499 6.612 6.718 6.810 6.889 6.954 7.056 7.178 7.260 7.315 7.349 7.362 7.354 7.322 7.272 7.207 7.205 7.261 7.283 7.269 7.216 7.136 7.040 6.937 6.842 6.755 6.732 6.771 6.806 6.832 6.848 6.859 6.866 6.866 6.855 6.822 6.827 6.887
3.663 3.934 4.147 4.312 4.444 4.551 4.642 4.722 4.794 4.860 4.922 4.980 5.034 5.086 5.135 5.182 5.226 5.270 5.313 5.358 5.406 5.462 5.525 5.595 5.673 5.760 5.856 5.960 6.062 6.168 6.283 6.400 6.514 6.627 6.735 6.829 6.912 6.980 7.084 7.211 7.298 7.357 7.390 7.400 7.387 7.346 7.288 7.216 7.207 7.255 7.272 7.252 7.196 7.119 7.030 6.935 6.847 6.765 6.744 6.784 6.820 6.848 6.864 6.874 6.880 6.878 6.868 6.833 6.834 6.889
3.783 4.026 4.216 4.365 4.484 4.582 4.668 4.744 4.814 4.879 4.939 4.996 5.049 5.099 5.146 5.190 5.232 5.273 5.314 5.357 5.405 5.461 5.526 5.599 5.678 5.766 5.863 5.968 6.070 6.176 6.292 6.407 6.520 6.634 6.745 6.844 6.931 6.998 7.105 7.237 7.327 7.387 7.417 7.425 7.406 7.359 7.295 7.215 7.199 7.242 7.256 7.235 7.183 7.111 7.028 6.941 6.859 6.778 6.756 6.796 6.833 6.860 6.875 6.884 6.887 6.885 6.875 6.838 6.833 6.883
3.891 4.109 4.279 4.413 4.521 4.612 4.693 4.766 4.833 4.896 4.955 5.011 5.063 5.111 5.156 5.198 5.238 5.276 5.315 5.357 5.405 5.461 5.526 5.598 5.678 5.765 5.863 5.969 6.071 6.177 6.293 6.406 6.520 6.636 6.750 6.854 6.944 7.010 7.119 7.256 7.346 7.403 7.432 7.437 7.415 7.362 7.291 7.206 7.186 7.225 7.238 7.222 7.175 7.110 7.036 6.954 6.873 6.791 6.768 6.806 6.842 6.867 6.881 6.887 6.889 6.888 6.876 6.836 6.826 6.871
3.988 4.182 4.335 4.457 4.556 4.641 4.717 4.787 4.852 4.913 4.971 5.025 5.076 5.123 5.166 5.206 5.244 5.280 5.317 5.357 5.404 5.459 5.523 5.593 5.671 5.758 5.857 5.963 6.065 6.172 6.288 6.403 6.517 6.635 6.753 6.861 6.953 7.017 7.126 7.263 7.351 7.407 7.432 7.434 7.409 7.350 7.274 7.186 7.163 7.203 7.220 7.210 7.170 7.114 7.046 6.967 6.885 6.801 6.774 6.809 6.843 6.868 6.879 6.884 6.886 6.884 6.872 6.828 6.813 6.851
4.073 4.247 4.385 4.497 4.589 4.669 4.742 4.809 4.871 4.930 4.986 5.039 5.089 5.135 5.177 5.216 5.252 5.286 5.321 5.360 5.404 5.457 5.518 5.586 5.662 5.747 5.845 5.951 6.054 6.161 6.278 6.395 6.510 6.629 6.747 6.856 6.950 7.013 7.120 7.255 7.342 7.394 7.417 7.418 7.390 7.330 7.251 7.162 7.140 7.183 7.206 7.202 7.170 7.122 7.058 6.980 6.897 6.809 6.777 6.809 6.842 6.865 6.875 6.879 6.879 6.875 6.863 6.816 6.794 6.824
4.148 4.305 4.430 4.534 4.621 4.697 4.767 4.831 4.892 4.949 5.004 5.056 5.105 5.150 5.192 5.229 5.264 5.297 5.330 5.366 5.407 5.455 5.511 5.575 5.648 5.730 5.826 5.932 6.035 6.143 6.262 6.379 6.496 6.615 6.734 6.847 6.944 7.000 7.104 7.240 7.325 7.375 7.397 7.397 7.368 7.306 7.225 7.137 7.119 7.167 7.196 7.199 7.175 7.134 7.073 6.995 6.907 6.815 6.778 6.806 6.837 6.859 6.869 6.872 6.870 6.866 6.855 6.803 6.773 6.796
4.212 4.355 4.471 4.568 4.650 4.724 4.792 4.855 4.914 4.971 5.025 5.076 5.125 5.170 5.211 5.249 5.282 5.314 5.344 5.376 5.413 5.455 5.506 5.564 5.631 5.709 5.803 5.910 6.012 6.121 6.241 6.360 6.481 6.602 6.722 6.843 6.935 6.980 7.083 7.220 7.302 7.350 7.371 7.369 7.338 7.272 7.191 7.112 7.099 7.153 7.188 7.198 7.182 7.144 7.085 7.004 6.913 6.816 6.775 6.800 6.829 6.851 6.862 6.864 6.861 6.862 6.849 6.788 6.751 6.767
4.269 4.399 4.506 4.598 4.678 4.750 4.817 4.879 4.938 4.994 5.048 5.100 5.149 5.195 5.237 5.274 5.308 5.337 5.365 5.393 5.424 5.461 5.505 5.556 5.618 5.693 5.785 5.889 5.991 6.102 6.224 6.347 6.470 6.595 6.720 6.831 6.907 6.953 7.056 7.190 7.271 7.318 7.336 7.329 7.295 7.231 7.163 7.090 7.081 7.140 7.182 7.198 7.185 7.149 7.090 7.008 6.917 6.818 6.770 6.792 6.821 6.844 6.856 6.860 6.862 6.860 6.838 6.770 6.727 6.734
4.318 4.437 4.537 4.625 4.702 4.773 4.840 4.902 4.961 5.018 5.073 5.126 5.176 5.223 5.267 5.305 5.339 5.367 5.393 5.418 5.444 5.475 5.513 5.558 5.613 5.683 5.771 5.873 5.975 6.086 6.210 6.335 6.460 6.585 6.704 6.801 6.872 6.918 7.020 7.152 7.231 7.276 7.290 7.281 7.248 7.197 7.139 7.070 7.064 7.128 7.175 7.195 7.185 7.149 7.090 7.011 6.922 6.818 6.766 6.787 6.817 6.841 6.855 6.863 6.865 6.856 6.825 6.751 6.701 6.701
4.361 4.470 4.565 4.648 4.724 4.794 4.860 4.923 4.983 5.042 5.098 5.152 5.205 5.254 5.299 5.340 5.374 5.403 5.427 5.450 5.473 5.499 5.531 5.569 5.617 5.679 5.762 5.862 5.962 6.073 6.197 6.320 6.443 6.564 6.674 6.764 6.833 6.878 6.979 7.110 7.186 7.228 7.241 7.232 7.208 7.167 7.117 7.051 7.049 7.118 7.167 7.189 7.180 7.146 7.089 7.015 6.926 6.821 6.767 6.789 6.818 6.843 6.859 6.868 6.867 6.852 6.812 6.731 6.674 6.668
4.400 4.501 4.589 4.669 4.742 4.811 4.878 4.941 5.003 5.062 5.120 5.177 5.232 5.283 5.331 5.374 5.411 5.441 5.465 5.487 5.507 5.530 5.557 5.588 5.629 5.684 5.761 5.855 5.951 6.058 6.178 6.300 6.417 6.530 6.637 6.723 6.792 6.836 6.935 7.063 7.139 7.180 7.193 7.190 7.174 7.142 7.098 7.036 7.035 7.106 7.157 7.181 7.173 7.142 7.091 7.020 6.936 6.832 6.775 6.795 6.824 6.850 6.867 6.874 6.869 6.845 6.797 6.711 6.647 6.633
4.435 4.528 4.611 4.688 4.758 4.826 4.892 4.956 5.018 5.079 5.139 5.198 5.255 5.309 5.360 5.405 5.445 5.477 5.503 5.525 5.544 5.565 5.588 5.614 5.647 5.694 5.761 5.847 5.937 6.038 6.154 6.270 6.380 6.491 6.595 6.682 6.752 6.794 6.891 7.019 7.095 7.136 7.152 7.156 7.147 7.121 7.084 7.022 7.021 7.094 7.148 7.172 7.168 7.142 7.095 7.031 6.953 6.848 6.790 6.808 6.837 6.861 6.876 6.881 6.870 6.838 6.782 6.689 6.619 6.597
4.468 4.555 4.633 4.705 4.773 4.839 4.905 4.968 5.031 5.093 5.155 5.215 5.274 5.330 5.384 5.432 5.474 5.509 5.538 5.561 5.581 5.600 5.620 5.641 5.668 5.705 5.762 5.840 5.920 6.014 6.124 6.234 6.343 6.452 6.556 6.646 6.717 6.758 6.855 6.984 7.059 7.102 7.121 7.129 7.126 7.107 7.071 7.009 7.010 7.085 7.139 7.167 7.167 7.145 7.106 7.049 6.976 6.871 6.811 6.828 6.852 6.873 6.885 6.885 6.868 6.829 6.764 6.665 6.589 6.560
4.501 4.580 4.653 4.722 4.788 4.852 4.916 4.979 5.042 5.104 5.167 5.228 5.288 5.347 5.402 5.453 5.498 5.536 5.567 5.593 5.614 5.633 5.651 5.670 5.691 5.722 5.770 5.837 5.908 5.993 6.098 6.205 6.312 6.421 6.528 6.620 6.693 6.734 6.830 6.959 7.033 7.076 7.098 7.111 7.112 7.095 7.061 7.000 7.001 7.076 7.133 7.164 7.168 7.153 7.121 7.071 7.002 6.899 6.836 6.848 6.867 6.883 6.889 6.884 6.861 6.814 6.741 6.635 6.553 6.518
4.532 4.606 4.675 4.740 4.802 4.864 4.927 4.989 5.051 5.114 5.176 5.238 5.299 5.359 5.415 5.468 5.516 5.557 5.592 5.620 5.643 5.664 5.683 5.702 5.722 5.747 5.787 5.844 5.905 5.982 6.080 6.185 6.290 6.400 6.507 6.601 6.677 6.717 6.812 6.939 7.014 7.057 7.080 7.096 7.100 7.085 7.053 6.992 6.993 7.070 7.130 7.165 7.174 7.166 7.140 7.095 7.031 6.929 6.863 6.868 6.880 6.890 6.890 6.879 6.851 6.796 6.715 6.603 6.516 6.478
4.564 4.633 4.697 4.759 4.818 4.878 4.938 4.999 5.060 5.122 5.184 5.246 5.308 5.367 5.425 5.479 5.529 5.573 5.612 5.644 5.671 5.694 5.717 5.737 5.758 5.781 5.814 5.863 5.914 5.980 6.072 6.171 6.276 6.385 6.493 6.591 6.672 6.708 6.801 6.928 7.002 7.045 7.070 7.088 7.093 7.081 7.052 6.990 6.992 7.072 7.134 7.173 7.189 7.187 7.166 7.127 7.069 6.965 6.893 6.891 6.896 6.898 6.892 6.875 6.840 6.777 6.687 6.570 6.480 6.442
