version1/TsunamiDB/out54032.asc
ncols          264
nrows          230
xllcorner      497853.4375
yllcorner      4229146.0000
cellsize         5.
NODATA_value   -99
[rows 128 to 159 of 230, columns 72 to 143 of 264]
-99.000 -99.000 -99.000 -99.000 -99.000 -99.000 -99.000 -99.000 -99.000 -99.000 -99.000 -99.000 -99.000 -99.000 -99.000 -99.000 -99.000 -99.000 -99.000 -99.000 -99.000 -99.000 -99.000 -99.000 -99.000 -99.000 -99.000 -99.000 -99.000 -99.000 -99.000 -99.000 -99.000 -99.000 -99.000 -99.000 1.646 1.648 1.675 1.786 1.994 2.273 2.588 2.903 3.191 3.439 3.643 3.808 3.941 4.051 4.145 4.228 4.303 4.371 4.436 4.496 4.554 4.609 4.662 4.713 4.763 4.812 4.860 4.907 4.954 4.999 5.044 5.088 5.132 5.176 5.219 5.262
-99.000 -99.000 -99.000 -99.000 -99.000 -99.000 -99.000 -99.000 -99.000 -99.000 -99.000 -99.000 -99.000 -99.000 -99.000 -99.000 -99.000 -99.000 -99.000 -99.000 -99.000 -99.000 -99.000 -99.000 -99.000 -99.000 -99.000 -99.000 -99.000 -99.000 -99.000 -99.000 -99.000 -99.000 -99.000 -99.000 1.646 1.652 1.707 1.857 2.098 2.395 2.713 3.020 3.293 3.523 3.710 3.861 3.985 4.088 4.177 4.256 4.328 4.395 4.458 4.517 4.573 4.627 4.679 4.730 4.779 4.827 4.874 4.921 4.967 5.012 5.056 5.100 5.143 5.186 5.229 5.271
-99.000 -99.000 -99.000 -99.000 -99.000 -99.000 -99.000 -99.000 -99.000 -99.000 -99.000 -99.000 -99.000 -99.000 -99.000 -99.000 -99.000 -99.000 -99.000 -99.000 -99.000 -99.000 -99.000 -99.000 -99.000 -99.000 -99.000 -99.000 -99.000 -99.000 -99.000 -99.000 -99.000 -99.000 -99.000 -99.000 1.647 1.664 1.754 1.943 2.210 2.520 2.837 3.132 3.388 3.600 3.772 3.911 4.025 4.122 4.207 4.283 4.353 4.418 4.479 4.537 4.592 4.645 4.696 4.746 4.794 4.842 4.888 4.934 4.979 5.024 5.067 5.111 5.154 5.196 5.239 5.281
-99.000 -99.000 -99.000 -99.000 -99.000 -99.000 -99.000 -99.000 -99.000 -99.000 -99.000 -99.000 -99.000 -99.000 -99.000 -99.000 -99.000 -99.000 -99.000 -99.000 -99.000 -99.000 -99.000 -99.000 -99.000 -99.000 -99.000 -99.000 -99.000 -99.000 -99.000 -99.000 -99.000 -99.000 -99.000 1.646 1.649 1.688 1.817 2.041 2.329 2.646 2.956 3.237 3.476 3.671 3.829 3.957 4.063 4.154 4.235 4.309 4.377 4.440 4.500 4.556 4.611 4.663 4.713 4.762 4.810 4.856 4.902 4.947 4.991 5.035 5.078 5.121 5.163 5.206 5.247 5.289
-99.000 -99.000 -99.000 -99.000 -99.000 -99.000 -99.000 -99.000 -99.000 -99.000 -99.000 -99.000 -99.000 -99.000 -99.000 -99.000 -99.000 -99.000 -99.000 -99.000 -99.000 -99.000 -99.000 -99.000 -99.000 -99.000 -99.000 -99.000 -99.000 -99.000 -99.000 -99.000 -99.000 -99.000 -99.000 1.646 1.657 1.727 1.896 2.149 2.453 2.771 3.072 3.337 3.558 3.737 3.881 3.999 4.099 4.185 4.263 4.335 4.400 4.462 4.520 4.576 4.629 4.680 4.730 4.778 4.824 4.870 4.915 4.959 5.003 5.046 5.088 5.131 5.173 5.214 5.256 5.297
-99.000 -99.000 -99.000 -99.000 -99.000 -99.000 -99.000 -99.000 -99.000 -99.000 -99.000 -99.000 -99.000 -99.000 -99.000 -99.000 -99.000 -99.000 -99.000 -99.000 -99.000 -99.000 -99.000 -99.000 -99.000 -99.000 -99.000 -99.000 -99.000 -99.000 -99.000 -99.000 -99.000 -99.000 1.646 1.648 1.674 1.782 1.988 2.266 2.579 2.893 3.182 3.430 3.633 3.798 3.930 4.040 4.133 4.216 4.291 4.360 4.423 4.483 4.540 4.595 4.647 4.698 4.746 4.793 4.839 4.884 4.928 4.971 5.014 5.056 5.098 5.140 5.181 5.222 5.263 5.304
-99.000 -99.000 -99.000 -99.000 -99.000 -99.000 -99.000 -99.000 -99.000 -99.000 -99.000 -99.000 -99.000 -99.000 -99.000 -99.000 -99.000 -99.000 -99.000 -99.000 -99.000 -99.000 -99.000 -99.000 -99.000 -99.000 -99.000 -99.000 -99.000 -99.000 -99.000 -99.000 -99.000 -99.000 1.646 1.652 1.705 1.854 2.092 2.389 2.706 3.013 3.286 3.516 3.703 3.854 3.976 4.078 4.167 4.246 4.318 4.385 4.446 4.505 4.561 4.614 4.666 4.715 4.763 4.809 4.854 4.898 4.941 4.983 5.025 5.067 5.108 5.149 5.190 5.230 5.270 5.310
-99.000 -99.000 -99.000 -99.000 -99.000 -99.000 -99.000 -99.000 -99.000 -99.000 -99.000 -99.000 -99.000 -99.000 -99.000 -99.000 -99.000 -99.000 -99.000 -99.000 -99.000 -99.000 -99.000 -99.000 -99.000 -99.000 -99.000 -99.000 -99.000 -99.000 -99.000 -99.000 -99.000 -99.000 1.647 1.664 1.752 1.940 2.206 2.515 2.832 3.128 3.384 3.597 3.768 3.907 4.020 4.116 4.200 4.276 4.345 4.410 4.470 4.526 4.581 4.634 4.684 4.732 4.779 4.825 4.869 4.912 4.954 4.996 5.037 5.077 5.118 5.158 5.198 5.238 5.277 5.317
-99.000 -99.000 -99.000 -99.000 -99.000 -99.000 -99.000 -99.000 -99.000 -99.000 -99.000 -99.000 -99.000 -99.000 -99.000 -99.000 -99.000 -99.000 -99.000 -99.000 -99.000 -99.000 -99.000 -99.000 -99.000 -99.000 -99.000 -99.000 -99.000 -99.000 -99.000 -99.000 -99.000 1.646 1.649 1.688 1.817 2.040 2.328 2.644 2.956 3.237 3.476 3.672 3.829 3.956 4.062 4.153 4.233 4.306 4.373 4.435 4.493 4.549 4.602 4.654 4.703 4.750 4.796 4.841 4.884 4.926 4.967 5.008 5.048 5.088 5.127 5.166 5.206 5.245 5.284 5.323
-99.000 -99.000 -99.000 -99.000 -99.000 -99.000 -99.000 -99.000 -99.000 -99.000 -99.000 -99.000 -99.000 -99.000 -99.000 -99.000 -99.000 -99.000 -99.000 -99.000 -99.000 -99.000 -99.000 -99.000 -99.000 -99.000 -99.000 -99.000 -99.000 -99.000 -99.000 -99.000 -99.000 1.646 1.657 1.728 1.897 2.151 2.455 2.773 3.075 3.340 3.562 3.741 3.885 4.004 4.103 4.189 4.266 4.336 4.400 4.461 4.517 4.572 4.624 4.674 4.722 4.769 4.814 4.857 4.899 4.940 4.980 5.020 5.059 5.098 5.137 5.175 5.214 5.252 5.290 5.329
-99.000 -99.000 -99.000 -99.000 -99.000 -99.000 -99.000 -99.000 -99.000 -99.000 -99.000 -99.000 -99.000 -99.000 -99.000 -99.000 -99.000 -99.000 -99.000 -99.000 -99.000 -99.000 -99.000 -99.000 -99.000 -99.000 -99.000 -99.000 -99.000 -99.000 -99.000 -99.000 1.646 1.648 1.675 1.785 1.992 2.271 2.585 2.900 3.189 3.437 3.641 3.806 3.939 4.049 4.142 4.224 4.298 4.366 4.428 4.487 4.542 4.595 4.646 4.695 4.743 4.788 4.832 4.874 4.915 4.955 4.994 5.033 5.071 5.108 5.146 5.184 5.221 5.259 5.297 5.335
-99.000 -99.000 -99.000 -99.000 -99.000 -99.000 -99.000 -99.000 -99.000 -99.000 -99.000 -99.000 -99.000 -99.000 -99.000 -99.000 -99.000 -99.000 -99.000 -99.000 -99.000 -99.000 -99.000 -99.000 -99.000 -99.000 -99.000 -99.000 -99.000 -99.000 -99.000 -99.000 1.646 1.653 1.708 1.859 2.100 2.397 2.716 3.023 3.297 3.527 3.715 3.866 3.989 4.092 4.181 4.259 4.330 4.395 4.456 4.512 4.566 4.619 4.669 4.718 4.764 4.808 4.851 4.892 4.932 4.971 5.009 5.046 5.083 5.119 5.156 5.192 5.229 5.266 5.303 5.340
-99.000 -99.000 -99.000 -99.000 -99.000 -99.000 -99.000 -99.000 -99.000 -99.000 -99.000 -99.000 -99.000 -99.000 -99.000 -99.000 -99.000 -99.000 -99.000 -99.000 -99.000 -99.000 -99.000 -99.000 -99.000 -99.000 -99.000 -99.000 -99.000 -99.000 -99.000 -99.000 1.647 1.665 1.757 1.948 2.217 2.528 2.845 3.141 3.398 3.611 3.783 3.923 4.038 4.134 4.218 4.293 4.360 4.424 4.483 4.539 4.592 4.644 4.693 4.740 4.786 4.829 4.871 4.911 4.950 4.988 5.024 5.060 5.096 5.131 5.166 5.201 5.237 5.273 5.309 5.346
-99.000 -99.000 -99.000 -99.000 -99.000 -99.000 -99.000 -99.000 -99.000 -99.000 -99.000 -99.000 -99.000 -99.000 -99.000 -99.000 -99.000 -99.000 -99.000 -99.000 -99.000 -99.000 -99.000 -99.000 -99.000 -99.000 -99.000 -99.000 -99.000 -99.000 -99.000 1.646 1.650 1.691 1.824 2.051 2.341 2.659 2.971 3.252 3.492 3.689 3.848 3.977 4.084 4.174 4.253 4.325 4.390 4.452 4.510 4.565 4.617 4.668 4.717 4.764 4.809 4.852 4.893 4.932 4.969 5.006 5.041 5.076 5.110 5.143 5.177 5.211 5.245 5.280 5.315 5.351
-99.000 -99.000 -99.000 -99.000 -99.000 -99.000 -99.000 -99.000 -99.000 -99.000 -99.000 -99.000 -99.000 -99.000 -99.000 -99.000 -99.000 -99.000 -99.000 -99.000 -99.000 -99.000 -99.000 -99.000 -99.000 -99.000 -99.000 -99.000 -99.000 -99.000 -99.000 1.646 1.658 1.733 1.907 2.164 2.470 2.789 3.092 3.358 3.581 3.762 3.909 4.028 4.127 4.212 4.287 4.356 4.419 4.479 4.537 4.590 4.642 4.693 4.741 4.788 4.832 4.875 4.915 4.953 4.990 5.026 5.060 5.093 5.125 5.157 5.189 5.221 5.254 5.287 5.321 5.356
-99.000 -99.000 -99.000 -99.000 -99.000 -99.000 -99.000 -99.000 -99.000 -99.000 -99.000 -99.000 -99.000 -99.000 -99.000 -99.000 -99.000 -99.000 -99.000 -99.000 -99.000 -99.000 -99.000 -99.000 -99.000 -99.000 -99.000 -99.000 -99.000 -99.000 1.646 1.648 1.678 1.792 2.004 2.285 2.601 2.917 3.207 3.457 3.664 3.831 3.966 4.076 4.168 4.248 4.320 4.385 4.447 4.506 4.562 4.615 4.667 4.717 4.765 4.812 4.856 4.898 4.938 4.976 5.012 5.047 5.080 5.112 5.143 5.173 5.203 5.233 5.264 5.296 5.328 5.362
-99.000 -99.000 -99.000 -99.000 -99.000 -99.000 -99.000 -99.000 -99.000 -99.000 -99.000 -99.000 -99.000 -99.000 -99.000 -99.000 -99.000 -99.000 -99.000 -99.000 -99.000 -99.000 -99.000 -99.000 -99.000 -99.000 -99.000 -99.000 -99.000 -99.000 1.646 1.653 1.712 1.868 2.112 2.412 2.733 3.041 3.317 3.551 3.742 3.896 4.019 4.121 4.207 4.282 4.351 4.414 4.474 4.532 4.587 4.640 4.691 4.741 4.789 4.835 4.879 4.922 4.962 5.000 5.036 5.070 5.102 5.133 5.162 5.191 5.219 5.247 5.276 5.306 5.336 5.368
-99.000 -99.000 -99.000 -99.000 -99.000 -99.000 -99.000 -99.000 -99.000 -99.000 -99.000 -99.000 -99.000 -99.000 -99.000 -99.000 -99.000 -99.000 -99.000 -99.000 -99.000 -99.000 -99.000 -99.000 -99.000 -99.000 -99.000 -99.000 -99.000 -99.000 1.647 1.667 1.763 1.958 2.230 2.543 2.862 3.161 3.422 3.639 3.815 3.955 4.069 4.163 4.244 4.315 4.381 4.442 4.501 4.557 4.611 4.663 4.713 4.763 4.811 4.858 4.902 4.945 4.985 5.023 5.059 5.093 5.125 5.155 5.184 5.211 5.238 5.264 5.290 5.318 5.346 5.376
-99.000 -99.000 -99.000 -99.000 -99.000 -99.000 -99.000 -99.000 -99.000 -99.000 -99.000 -99.000 -99.000 -99.000 -99.000 -99.000 -99.000 -99.000 -99.000 -99.000 -99.000 -99.000 -99.000 -99.000 -99.000 -99.000 -99.000 -99.000 -99.000 1.646 1.650 1.694 1.831 2.061 2.355 2.675 2.990 3.276 3.520 3.721 3.882 4.010 4.115 4.202 4.279 4.347 4.410 4.470 4.526 4.581 4.634 4.685 4.735 4.785 4.833 4.879 4.924 4.967 5.008 5.047 5.083 5.118 5.150 5.180 5.208 5.234 5.259 5.283 5.308 5.333 5.358 5.386
-99.000 -99.000 -99.000 -99.000 -99.000 -99.000 -99.000 -99.000 -99.000 -99.000 -99.000 -99.000 -99.000 -99.000 -99.000 -99.000 -99.000 -99.000 -99.000 -99.000 -99.000 -99.000 -99.000 -99.000 -99.000 -99.000 -99.000 -99.000 -99.000 1.646 1.659 1.737 1.915 2.175 2.484 2.807 3.114 3.385 3.613 3.797 3.943 4.061 4.158 4.240 4.312 4.378 4.438 4.496 4.551 4.605 4.657 4.707 4.756 4.805 4.853 4.899 4.944 4.988 5.029 5.069 5.106 5.141 5.174 5.204 5.232 5.258 5.283 5.306 5.328 5.351 5.374 5.398
-99.000 -99.000 -99.000 -99.000 -99.000 -99.000 -99.000 -99.000 -99.000 -99.000 -99.000 -99.000 -99.000 -99.000 -99.000 -99.000 -99.000 -99.000 -99.000 -99.000 -99.000 -99.000 -99.000 -99.000 -99.000 -99.000 -99.000 -99.000 1.646 1.648 1.680 1.797 2.012 2.297 2.617 2.937 3.233 3.488 3.698 3.866 4.000 4.109 4.199 4.276 4.345 4.408 4.466 4.522 4.576 4.628 4.679 4.728 4.776 4.825 4.872 4.918 4.963 5.007 5.049 5.090 5.128 5.164 5.198 5.229 5.258 5.284 5.308 5.331 5.352 5.372 5.393 5.414
-99.000 -99.000 -99.000 -99.000 -99.000 -99.000 -99.000 -99.000 -99.000 -99.000 -99.000 -99.000 -99.000 -99.000 -99.000 -99.000 -99.000 -99.000 -99.000 -99.000 -99.000 -99.000 -99.000 -99.000 -99.000 -99.000 -99.000 -99.000 1.646 1.654 1.715 1.874 2.122 2.426 2.751 3.065 3.347 3.585 3.777 3.931 4.054 4.154 4.238 4.311 4.376 4.437 4.493 4.548 4.600 4.651 4.700 4.748 4.796 4.843 4.890 4.936 4.981 5.025 5.067 5.109 5.148 5.185 5.220 5.253 5.283 5.310 5.335 5.358 5.378 5.397 5.416 5.434
-99.000 -99.000 -99.000 -99.000 -99.000 -99.000 -99.000 -99.000 -99.000 -99.000 -99.000 -99.000 -99.000 -99.000 -99.000 -99.000 -99.000 -99.000 -99.000 -99.000 -99.000 -99.000 -99.000 -99.000 -99.000 -99.000 -99.000 -99.000 1.647 1.668 1.767 1.966 2.241 2.559 2.885 3.189 3.455 3.674 3.851 3.991 4.103 4.196 4.275 4.344 4.407 4.465 4.520 4.573 4.624 4.673 4.722 4.768 4.815 4.861 4.907 4.953 4.997 5.041 5.084 5.126 5.166 5.205 5.241 5.275 5.307 5.335 5.362 5.385 5.406 5.424 5.441 5.458
-99.000 -99.000 -99.000 -99.000 -99.000 -99.000 -99.000 -99.000 -99.000 -99.000 -99.000 -99.000 -99.000 -99.000 -99.000 -99.000 -99.000 -99.000 -99.000 -99.000 -99.000 -99.000 -99.000 -99.000 -99.000 -99.000 -99.000 1.647 1.651 1.696 1.837 2.071 2.369 2.695 3.016 3.308 3.556 3.758 3.918 4.047 4.150 4.237 4.311 4.377 4.438 4.494 4.547 4.598 4.647 4.695 4.743 4.788 4.833 4.879 4.924 4.969 5.013 5.057 5.100 5.142 5.182 5.222 5.259 5.295 5.328 5.359 5.387 5.412 5.434 5.453 5.470 5.484
-99.000 -99.000 -99.000 -99.000 -99.000 -99.000 -99.000 -99.000 -99.000 -99.000 -99.000 -99.000 -99.000 -99.000 -99.000 -99.000 -99.000 -99.000 -99.000 -99.000 -99.000 -99.000 -99.000 -99.000 -99.000 -99.000 -99.000 1.647 1.660 1.741 1.922 2.187 2.502 2.831 3.144 3.420 3.650 3.834 3.981 4.099 4.195 4.276 4.347 4.410 4.468 4.522 4.574 4.623 4.671 4.718 4.764 4.808 4.852 4.897 4.941 4.984 5.028 5.071 5.114 5.156 5.197 5.237 5.276 5.313 5.348 5.381 5.411 5.437 5.461 5.482 5.499 5.513
-99.000 -99.000 -99.000 -99.000 -99.000 -99.000 -99.000 -99.000 -99.000 -99.000 -99.000 -99.000 -99.000 -99.000 -99.000 -99.000 -99.000 -99.000 -99.000 -99.000 -99.000 -99.000 -99.000 -99.000 -99.000 -99.000 1.647 1.649 1.682 1.803 2.022 2.312 2.638 2.966 3.267 3.525 3.737 3.906 4.040 4.149 4.238 4.315 4.382 4.442 4.498 4.551 4.601 4.649 4.695 4.741 4.785 4.828 4.871 4.914 4.957 5.000 5.043 5.085 5.127 5.169 5.211 5.251 5.291 5.329 5.365 5.400 5.432 5.461 5.487 5.509 5.528 5.543
-99.000 -99.000 -99.000 -99.000 -99.000 -99.000 -99.000 -99.000 -99.000 -99.000 -99.000 -99.000 -99.000 -99.000 -99.000 -99.000 -99.000 -99.000 -99.000 -99.000 -99.000 -99.000 -99.000 -99.000 -99.000 -99.000 1.647 1.656 1.719 1.882 2.135 2.445 2.776 3.097 3.382 3.623 3.817 3.972 4.095 4.196 4.280 4.352 4.416 4.475 4.529 4.580 4.628 4.675 4.720 4.764 4.807 4.849 4.890 4.932 4.974 5.016 5.057 5.099 5.141 5.182 5.223 5.264 5.304 5.343 5.380 5.417 5.450 5.482 5.510 5.535 5.555 5.572
-99.000 -99.000 -99.000 -99.000 -99.000 -99.000 -99.000 -99.000 -99.000 -99.000 -99.000 -99.000 -99.000 -99.000 -99.000 -99.000 -99.000 -99.000 -99.000 -99.000 -99.000 -99.000 -99.000 -99.000 -99.000 -99.000 1.648 1.672 1.774 1.977 2.257 2.581 2.913 3.222 3.491 3.713 3.891 4.033 4.147 4.241 4.320 4.389 4.451 4.507 4.560 4.609 4.656 4.702 4.745 4.788 4.830 4.870 4.910 4.951 4.991 5.032 5.072 5.113 5.154 5.194 5.235 5.276 5.316 5.355 5.394 5.431 5.467 5.500 5.531 5.558 5.581 5.600
-99.000 -99.000 -99.000 -99.000 -99.000 -99.000 -99.000 -99.000 -99.000 -99.000 -99.000 -99.000 -99.000 -99.000 -99.000 -99.000 -99.000 -99.000 -99.000 -99.000 -99.000 -99.000 -99.000 -99.000 -99.000 1.647 1.652 1.701 1.846 2.085 2.388 2.720 3.046 3.341 3.591 3.796 3.959 4.090 4.196 4.284 4.360 4.426 4.486 4.540 4.591 4.639 4.685 4.729 4.772 4.813 4.853 4.892 4.931 4.970 5.009 5.048 5.087 5.127 5.167 5.207 5.247 5.287 5.327 5.367 5.406 5.444 5.481 5.516 5.548 5.578 5.604 5.625
-99.000 -99.000 -99.000 -99.000 -99.000 -99.000 -99.000 -99.000 -99.000 -99.000 -99.000 -99.000 -99.000 -99.000 -99.000 -99.000 -99.000 -99.000 -99.000 -99.000 -99.000 -99.000 -99.000 -99.000 -99.000 1.648 1.664 1.749 1.935 2.204 2.524 2.857 3.173 3.451 3.683 3.871 4.022 4.143 4.242 4.326 4.398 4.462 4.520 4.574 4.624 4.670 4.715 4.758 4.799 4.839 4.877 4.914 4.953 4.990 5.028 5.065 5.103 5.142 5.180 5.220 5.259 5.299 5.338 5.378 5.417 5.456 5.493 5.530 5.564 5.595 5.623 5.648
-99.000 -99.000 -99.000 -99.000 -99.000 -99.000 -99.000 -99.000 -99.000 -99.000 -99.000 -99.000 -99.000 -99.000 -99.000 -99.000 -99.000 -99.000 -99.000 -99.000 -99.000 -99.000 -99.000 -99.000 1.647 1.650 1.687 1.814 2.039 2.332 2.662 2.991 3.293 3.553 3.767 3.940 4.079 4.192 4.286 4.366 4.436 4.498 4.555 4.607 4.656 4.702 4.746 4.787 4.827 4.866 4.903 4.939 4.976 5.012 5.048 5.084 5.120 5.157 5.195 5.232 5.271 5.310 5.349 5.388 5.428 5.466 5.505 5.542 5.577 5.610 5.641 5.668
-99.000 -99.000 -99.000 -99.000 -99.000 -99.000 -99.000 -99.000 -99.000 -99.000 -99.000 -99.000 -99.000 -99.000 -99.000 -99.000 -99.000 -99.000 -99.000 -99.000 -99.000 -99.000 -99.000 -99.000 1.647 1.658 1.728 1.897 2.154 2.467 2.799 3.118 3.404 3.645 3.843 4.002 4.131 4.237 4.326 4.404 4.472 4.533 4.589 4.641 4.689 4.735 4.778 4.818 4.857 4.895 4.930 4.965 5.000 5.035 5.069 5.104 5.138 5.174 5.210 5.246 5.283 5.321 5.360 5.398 5.437 5.476 5.515 5.552 5.589 5.623 5.656 5.685
