version1/TsunamiDB/out54161.asc
ncols          264
nrows          230
xllcorner      497853.4375
yllcorner      4229146.0000
cellsize         5.
NODATA_value   -99
[rows 170 to 203 of 230, columns 154 to 230 of 264]
7.195 7.197 7.199 7.201 7.203 7.205 7.206 7.208 7.209 7.209 7.207 7.202 7.195 7.190 7.183 7.175 7.170 7.170 7.175 7.186 7.207 7.233 7.262 7.284 7.311 7.356 7.403 7.453 7.502 7.550 7.597 7.640 7.678 7.703 7.729 7.765 7.799 7.832 7.861 7.888 7.913 7.934 7.953 7.966 7.978 7.996 8.013 8.029 8.045 8.060 8.075 8.089 8.103 8.112 8.122 8.136 8.151 8.166 8.179 8.193 8.205 8.217 8.228 8.237 8.245 8.257 8.268 8.280 8.291 8.303 8.314 8.326 8.337 8.346 8.355 8.366 8.377
7.202 7.204 7.206 7.208 7.210 7.212 7.213 7.215 7.216 7.217 7.215 7.210 7.203 7.197 7.191 7.183 7.180 7.181 7.187 7.199 7.221 7.248 7.280 7.303 7.332 7.379 7.428 7.480 7.529 7.578 7.625 7.667 7.704 7.727 7.752 7.786 7.820 7.851 7.879 7.904 7.928 7.949 7.967 7.980 7.992 8.009 8.026 8.042 8.057 8.071 8.086 8.100 8.114 8.123 8.132 8.146 8.161 8.175 8.189 8.202 8.214 8.225 8.236 8.244 8.252 8.263 8.275 8.286 8.297 8.308 8.319 8.330 8.342 8.351 8.360 8.371 8.383
7.209 7.211 7.213 7.215 7.217 7.219 7.221 7.222 7.224 7.224 7.222 7.217 7.210 7.205 7.199 7.193 7.190 7.192 7.198 7.212 7.234 7.264 7.299 7.323 7.353 7.403 7.454 7.506 7.556 7.605 7.651 7.692 7.728 7.750 7.774 7.807 7.838 7.868 7.895 7.920 7.943 7.963 7.982 7.994 8.006 8.022 8.039 8.054 8.069 8.083 8.097 8.110 8.124 8.133 8.142 8.157 8.171 8.185 8.198 8.211 8.223 8.234 8.244 8.252 8.260 8.270 8.281 8.292 8.302 8.313 8.324 8.335 8.347 8.356 8.365 8.377 8.389
7.215 7.218 7.220 7.222 7.224 7.226 7.228 7.229 7.231 7.232 7.230 7.225 7.219 7.214 7.208 7.203 7.201 7.203 7.211 7.225 7.249 7.281 7.318 7.344 7.376 7.427 7.479 7.532 7.582 7.630 7.675 7.715 7.749 7.771 7.793 7.825 7.855 7.884 7.910 7.934 7.957 7.977 7.995 8.007 8.019 8.035 8.051 8.066 8.080 8.094 8.107 8.121 8.135 8.144 8.153 8.167 8.181 8.195 8.208 8.220 8.231 8.242 8.252 8.259 8.267 8.277 8.287 8.297 8.307 8.318 8.329 8.340 8.352 8.361 8.371 8.383 8.395
7.222 7.224 7.227 7.229 7.231 7.233 7.235 7.237 7.239 7.240 7.238 7.233 7.227 7.223 7.218 7.213 7.212 7.215 7.224 7.239 7.264 7.297 7.337 7.365 7.399 7.451 7.503 7.556 7.606 7.654 7.698 7.737 7.770 7.791 7.812 7.842 7.872 7.900 7.925 7.949 7.971 7.991 8.009 8.020 8.032 8.047 8.063 8.078 8.092 8.105 8.118 8.132 8.146 8.155 8.164 8.178 8.192 8.205 8.217 8.229 8.240 8.250 8.260 8.267 8.274 8.283 8.293 8.303 8.313 8.323 8.334 8.345 8.357 8.367 8.376 8.389 8.401
7.229 7.231 7.234 7.236 7.238 7.240 7.242 7.244 7.246 7.247 7.246 7.242 7.236 7.232 7.228 7.223 7.223 7.227 7.236 7.253 7.279 7.314 7.358 7.388 7.422 7.475 7.528 7.580 7.630 7.678 7.722 7.760 7.791 7.810 7.831 7.860 7.888 7.915 7.940 7.964 7.986 8.005 8.023 8.034 8.045 8.060 8.076 8.090 8.104 8.117 8.130 8.143 8.157 8.166 8.175 8.189 8.202 8.215 8.227 8.238 8.249 8.259 8.268 8.274 8.281 8.290 8.300 8.309 8.319 8.329 8.339 8.350 8.363 8.372 8.382 8.394 8.407
7.236 7.238 7.241 7.243 7.245 7.248 7.250 7.252 7.254 7.256 7.255 7.251 7.244 7.241 7.237 7.234 7.234 7.239 7.250 7.268 7.294 7.336 7.384 7.413 7.447 7.500 7.553 7.605 7.654 7.701 7.745 7.780 7.809 7.828 7.848 7.877 7.905 7.931 7.956 7.979 8.001 8.020 8.036 8.047 8.058 8.073 8.088 8.103 8.116 8.129 8.141 8.155 8.170 8.179 8.187 8.200 8.213 8.225 8.236 8.248 8.258 8.267 8.275 8.282 8.288 8.297 8.306 8.315 8.325 8.335 8.345 8.356 8.369 8.378 8.388 8.400 8.413
7.243 7.245 7.248 7.250 7.253 7.255 7.258 7.260 7.263 7.264 7.264 7.259 7.254 7.251 7.248 7.245 7.246 7.253 7.265 7.286 7.317 7.362 7.408 7.437 7.472 7.525 7.578 7.629 7.678 7.723 7.764 7.798 7.827 7.846 7.865 7.893 7.921 7.947 7.971 7.994 8.015 8.033 8.050 8.061 8.071 8.086 8.101 8.116 8.129 8.142 8.155 8.169 8.183 8.191 8.199 8.212 8.224 8.235 8.246 8.257 8.267 8.275 8.283 8.289 8.295 8.304 8.313 8.322 8.331 8.341 8.351 8.363 8.375 8.384 8.394 8.406 8.419
7.250 7.253 7.255 7.258 7.261 7.263 7.266 7.268 7.271 7.273 7.273 7.269 7.264 7.262 7.260 7.258 7.260 7.269 7.283 7.307 7.342 7.386 7.431 7.461 7.496 7.548 7.601 7.652 7.699 7.743 7.782 7.816 7.846 7.864 7.883 7.910 7.937 7.963 7.987 8.009 8.030 8.048 8.064 8.075 8.085 8.100 8.115 8.129 8.143 8.156 8.169 8.182 8.195 8.203 8.211 8.223 8.235 8.246 8.256 8.266 8.275 8.283 8.291 8.297 8.302 8.311 8.320 8.329 8.338 8.348 8.358 8.370 8.382 8.390 8.400 8.412 8.425
7.257 7.260 7.263 7.266 7.268 7.271 7.274 7.277 7.280 7.282 7.283 7.279 7.275 7.274 7.272 7.272 7.276 7.286 7.304 7.330 7.367 7.410 7.454 7.483 7.519 7.571 7.623 7.673 7.719 7.762 7.800 7.834 7.863 7.882 7.900 7.928 7.954 7.980 8.003 8.025 8.044 8.062 8.079 8.089 8.099 8.114 8.129 8.143 8.157 8.170 8.183 8.196 8.209 8.216 8.224 8.235 8.246 8.256 8.266 8.275 8.284 8.292 8.299 8.305 8.310 8.318 8.327 8.336 8.345 8.355 8.366 8.377 8.388 8.397 8.406 8.418 8.430
7.265 7.268 7.270 7.273 7.276 7.279 7.283 7.286 7.289 7.292 7.293 7.290 7.287 7.286 7.287 7.288 7.293 7.306 7.326 7.353 7.390 7.432 7.476 7.506 7.541 7.593 7.644 7.694 7.739 7.780 7.818 7.852 7.881 7.900 7.918 7.945 7.972 7.996 8.019 8.040 8.060 8.078 8.094 8.104 8.114 8.129 8.144 8.159 8.172 8.185 8.198 8.210 8.222 8.229 8.236 8.247 8.257 8.267 8.276 8.284 8.292 8.300 8.308 8.313 8.318 8.326 8.335 8.344 8.353 8.363 8.373 8.384 8.395 8.403 8.412 8.424 8.436
7.272 7.275 7.278 7.281 7.284 7.288 7.291 7.295 7.299 7.302 7.303 7.302 7.299 7.300 7.302 7.304 7.312 7.327 7.347 7.375 7.412 7.453 7.497 7.527 7.562 7.614 7.665 7.713 7.758 7.799 7.836 7.870 7.900 7.918 7.936 7.963 7.989 8.014 8.036 8.057 8.076 8.093 8.110 8.120 8.130 8.145 8.160 8.174 8.188 8.201 8.213 8.224 8.236 8.242 8.249 8.259 8.268 8.277 8.286 8.294 8.301 8.309 8.316 8.321 8.327 8.335 8.343 8.352 8.361 8.371 8.381 8.391 8.402 8.410 8.419 8.430 8.442
7.280 7.283 7.286 7.289 7.293 7.296 7.300 7.304 7.308 7.312 7.314 7.314 7.312 7.314 7.317 7.321 7.331 7.346 7.368 7.396 7.432 7.474 7.518 7.548 7.584 7.635 7.686 7.734 7.777 7.818 7.855 7.888 7.918 7.936 7.954 7.981 8.007 8.031 8.053 8.074 8.092 8.110 8.127 8.137 8.146 8.161 8.176 8.190 8.204 8.216 8.228 8.239 8.249 8.255 8.261 8.271 8.279 8.288 8.296 8.303 8.311 8.318 8.325 8.330 8.336 8.344 8.352 8.361 8.370 8.379 8.389 8.399 8.409 8.417 8.426 8.437 8.448
7.287 7.290 7.294 7.297 7.301 7.305 7.309 7.313 7.318 7.323 7.325 7.325 7.325 7.328 7.333 7.338 7.349 7.366 7.388 7.416 7.453 7.494 7.539 7.571 7.606 7.657 7.707 7.754 7.797 7.837 7.874 7.908 7.937 7.955 7.973 8.000 8.025 8.049 8.071 8.091 8.109 8.127 8.144 8.153 8.163 8.178 8.193 8.207 8.219 8.231 8.243 8.253 8.263 8.268 8.274 8.282 8.290 8.298 8.306 8.313 8.320 8.327 8.335 8.340 8.345 8.353 8.361 8.370 8.379 8.388 8.397 8.407 8.417 8.425 8.433 8.444 8.455
7.294 7.297 7.301 7.305 7.309 7.313 7.318 7.323 7.328 7.333 7.336 7.337 7.338 7.342 7.349 7.356 7.368 7.386 7.409 7.437 7.473 7.515 7.560 7.593 7.628 7.679 7.728 7.774 7.817 7.857 7.893 7.927 7.957 7.974 7.991 8.018 8.044 8.067 8.088 8.108 8.127 8.144 8.161 8.171 8.180 8.195 8.209 8.223 8.235 8.247 8.258 8.268 8.277 8.282 8.287 8.294 8.302 8.310 8.317 8.323 8.330 8.337 8.345 8.349 8.354 8.362 8.371 8.379 8.388 8.396 8.406 8.415 8.425 8.432 8.440 8.451 8.461
7.301 7.304 7.308 7.312 7.317 7.321 7.326 7.332 7.338 7.343 7.347 7.349 7.350 7.356 7.364 7.372 7.386 7.405 7.427 7.456 7.492 7.534 7.582 7.615 7.650 7.701 7.749 7.795 7.837 7.877 7.913 7.946 7.976 7.994 8.011 8.037 8.062 8.086 8.107 8.127 8.145 8.163 8.180 8.189 8.198 8.213 8.227 8.240 8.252 8.264 8.274 8.284 8.291 8.296 8.300 8.307 8.314 8.321 8.328 8.335 8.341 8.348 8.355 8.360 8.365 8.372 8.381 8.389 8.397 8.406 8.415 8.424 8.434 8.441 8.448 8.458 8.469
7.307 7.311 7.315 7.320 7.324 7.329 7.335 7.341 7.347 7.353 7.358 7.359 7.361 7.369 7.378 7.388 7.403 7.422 7.446 7.475 7.511 7.557 7.606 7.638 7.673 7.723 7.771 7.816 7.858 7.897 7.934 7.966 7.996 8.013 8.030 8.057 8.082 8.105 8.126 8.146 8.164 8.182 8.199 8.209 8.217 8.232 8.245 8.258 8.270 8.281 8.291 8.299 8.305 8.309 8.314 8.320 8.327 8.333 8.340 8.346 8.353 8.359 8.366 8.371 8.376 8.383 8.391 8.399 8.408 8.416 8.424 8.433 8.443 8.450 8.457 8.466 8.476
7.314 7.318 7.322 7.326 7.331 7.337 7.343 7.349 7.356 7.362 7.366 7.368 7.372 7.381 7.392 7.404 7.420 7.441 7.466 7.496 7.534 7.581 7.630 7.662 7.696 7.746 7.793 7.838 7.879 7.918 7.954 7.986 8.016 8.033 8.050 8.076 8.101 8.124 8.146 8.165 8.184 8.202 8.219 8.228 8.237 8.251 8.264 8.276 8.287 8.297 8.306 8.313 8.320 8.324 8.327 8.334 8.340 8.346 8.352 8.358 8.365 8.371 8.378 8.383 8.387 8.394 8.402 8.410 8.418 8.426 8.435 8.444 8.452 8.459 8.466 8.475 8.484
7.319 7.324 7.328 7.333 7.338 7.344 7.350 7.357 7.363 7.369 7.373 7.377 7.383 7.394 7.406 7.419 7.437 7.459 7.486 7.518 7.558 7.604 7.651 7.684 7.719 7.767 7.815 7.859 7.900 7.939 7.974 8.006 8.036 8.053 8.069 8.095 8.121 8.144 8.166 8.186 8.205 8.222 8.239 8.247 8.256 8.269 8.282 8.294 8.304 8.313 8.321 8.328 8.334 8.338 8.341 8.347 8.353 8.359 8.365 8.371 8.377 8.384 8.391 8.395 8.399 8.406 8.414 8.422 8.430 8.438 8.446 8.454 8.463 8.469 8.475 8.484 8.493
7.325 7.330 7.334 7.339 7.344 7.350 7.357 7.363 7.370 7.375 7.380 7.386 7.393 7.405 7.419 7.435 7.455 7.478 7.506 7.540 7.581 7.626 7.672 7.705 7.740 7.789 7.837 7.881 7.922 7.960 7.994 8.026 8.056 8.072 8.089 8.115 8.141 8.164 8.186 8.206 8.225 8.242 8.258 8.267 8.275 8.288 8.300 8.311 8.320 8.329 8.336 8.343 8.349 8.352 8.356 8.361 8.367 8.373 8.379 8.385 8.391 8.397 8.403 8.407 8.411 8.418 8.426 8.434 8.442 8.449 8.457 8.465 8.473 8.479 8.485 8.493 8.502
7.330 7.335 7.340 7.345 7.350 7.356 7.362 7.369 7.375 7.381 7.386 7.394 7.403 7.417 7.433 7.451 7.472 7.498 7.528 7.562 7.602 7.646 7.693 7.727 7.762 7.811 7.859 7.903 7.943 7.980 8.015 8.046 8.076 8.092 8.108 8.135 8.161 8.185 8.206 8.227 8.245 8.262 8.277 8.285 8.293 8.305 8.317 8.327 8.336 8.344 8.351 8.358 8.364 8.367 8.370 8.376 8.381 8.387 8.393 8.398 8.404 8.410 8.416 8.420 8.424 8.431 8.439 8.446 8.454 8.462 8.469 8.477 8.484 8.490 8.495 8.503 8.511
7.336 7.340 7.345 7.350 7.355 7.361 7.367 7.373 7.379 7.385 7.392 7.401 7.413 7.429 7.447 7.466 7.490 7.517 7.547 7.582 7.621 7.665 7.713 7.748 7.784 7.833 7.882 7.926 7.965 8.001 8.034 8.065 8.095 8.112 8.128 8.155 8.181 8.205 8.226 8.246 8.264 8.281 8.295 8.303 8.310 8.322 8.333 8.343 8.351 8.359 8.365 8.372 8.378 8.381 8.384 8.390 8.395 8.401 8.406 8.412 8.418 8.423 8.430 8.434 8.437 8.445 8.452 8.459 8.467 8.474 8.482 8.489 8.496 8.501 8.506 8.513 8.521
7.340 7.345 7.350 7.354 7.359 7.364 7.370 7.376 7.382 7.389 7.398 7.409 7.423 7.440 7.459 7.481 7.507 7.535 7.566 7.600 7.639 7.684 7.734 7.770 7.807 7.857 7.906 7.949 7.987 8.022 8.054 8.085 8.115 8.131 8.147 8.175 8.201 8.224 8.246 8.265 8.283 8.298 8.312 8.320 8.326 8.338 8.348 8.357 8.365 8.372 8.379 8.385 8.391 8.394 8.398 8.403 8.409 8.415 8.420 8.425 8.431 8.437 8.443 8.447 8.451 8.458 8.465 8.473 8.480 8.487 8.494 8.501 8.508 8.512 8.517 8.524 8.531
7.345 7.350 7.354 7.358 7.363 7.367 7.372 7.379 7.385 7.393 7.404 7.416 7.432 7.450 7.471 7.494 7.522 7.552 7.583 7.617 7.657 7.704 7.756 7.793 7.831 7.882 7.929 7.971 8.008 8.041 8.073 8.103 8.133 8.150 8.166 8.193 8.219 8.242 8.263 8.282 8.299 8.314 8.327 8.334 8.341 8.351 8.361 8.370 8.377 8.384 8.391 8.397 8.404 8.407 8.410 8.416 8.422 8.427 8.433 8.438 8.444 8.450 8.456 8.460 8.464 8.471 8.478 8.486 8.493 8.500 8.507 8.513 8.519 8.524 8.528 8.534 8.541
7.349 7.354 7.357 7.361 7.365 7.369 7.374 7.380 7.387 7.396 7.408 7.423 7.440 7.460 7.482 7.507 7.536 7.568 7.600 7.636 7.676 7.724 7.778 7.817 7.855 7.906 7.953 7.993 8.029 8.061 8.091 8.121 8.151 8.168 8.184 8.211 8.236 8.259 8.279 8.298 8.314 8.329 8.341 8.347 8.353 8.363 8.373 8.381 8.389 8.395 8.402 8.408 8.415 8.418 8.422 8.427 8.433 8.439 8.445 8.450 8.456 8.462 8.469 8.473 8.477 8.484 8.491 8.498 8.505 8.512 8.519 8.525 8.531 8.535 8.539 8.545 8.551
7.353 7.357 7.360 7.364 7.367 7.371 7.375 7.381 7.389 7.400 7.413 7.429 7.448 7.469 7.491 7.519 7.550 7.583 7.618 7.655 7.696 7.744 7.804 7.845 7.883 7.932 7.977 8.016 8.050 8.081 8.109 8.138 8.169 8.186 8.202 8.229 8.253 8.275 8.295 8.313 8.329 8.342 8.354 8.359 8.365 8.374 8.383 8.391 8.399 8.406 8.412 8.418 8.425 8.428 8.432 8.438 8.444 8.450 8.456 8.461 8.467 8.473 8.480 8.485 8.489 8.496 8.503 8.510 8.517 8.524 8.530 8.536 8.542 8.546 8.549 8.555 8.561
7.357 7.360 7.362 7.366 7.369 7.372 7.377 7.383 7.392 7.404 7.418 7.435 7.455 7.478 7.501 7.531 7.565 7.600 7.637 7.676 7.717 7.775 7.838 7.876 7.912 7.959 8.002 8.038 8.070 8.100 8.127 8.157 8.189 8.204 8.220 8.246 8.269 8.290 8.309 8.326 8.342 8.354 8.364 8.369 8.375 8.384 8.392 8.400 8.407 8.414 8.421 8.427 8.433 8.437 8.441 8.447 8.453 8.459 8.465 8.471 8.477 8.484 8.491 8.496 8.500 8.507 8.515 8.521 8.528 8.535 8.541 8.547 8.552 8.555 8.559 8.565 8.570
7.360 7.363 7.365 7.368 7.371 7.374 7.378 7.385 7.395 7.407 7.423 7.441 7.464 7.488 7.513 7.545 7.582 7.620 7.660 7.703 7.752 7.813 7.870 7.906 7.941 7.986 8.025 8.060 8.091 8.119 8.147 8.177 8.207 8.221 8.236 8.261 8.283 8.303 8.321 8.338 8.352 8.363 8.373 8.378 8.383 8.391 8.400 8.407 8.414 8.421 8.428 8.434 8.440 8.444 8.448 8.454 8.461 8.467 8.473 8.479 8.486 8.493 8.501 8.505 8.510 8.517 8.524 8.531 8.538 8.544 8.550 8.555 8.560 8.564 8.568 8.573 8.579
7.363 7.365 7.367 7.370 7.373 7.376 7.381 7.388 7.398 7.411 7.427 7.448 7.474 7.499 7.525 7.561 7.602 7.644 7.689 7.737 7.790 7.848 7.901 7.935 7.968 8.010 8.048 8.081 8.110 8.139 8.167 8.196 8.223 8.237 8.251 8.274 8.296 8.315 8.332 8.347 8.360 8.371 8.380 8.385 8.390 8.398 8.406 8.413 8.420 8.427 8.433 8.440 8.446 8.450 8.453 8.460 8.467 8.473 8.480 8.486 8.493 8.501 8.508 8.513 8.517 8.525 8.532 8.538 8.545 8.551 8.557 8.562 8.567 8.571 8.575 8.580 8.586
7.365 7.368 7.369 7.372 7.375 7.379 7.384 7.392 7.401 7.414 7.432 7.456 7.485 7.512 7.540 7.581 7.625 7.672 7.721 7.773 7.827 7.881 7.930 7.962 7.993 8.033 8.069 8.101 8.130 8.158 8.185 8.212 8.237 8.250 8.264 8.286 8.306 8.324 8.340 8.355 8.367 8.377 8.386 8.391 8.395 8.403 8.411 8.418 8.425 8.431 8.437 8.444 8.450 8.454 8.458 8.464 8.471 8.478 8.485 8.492 8.499 8.507 8.514 8.519 8.523 8.530 8.537 8.544 8.550 8.556 8.562 8.567 8.573 8.576 8.580 8.585 8.591
7.368 7.370 7.372 7.375 7.378 7.382 7.387 7.395 7.405 7.418 7.438 7.465 7.499 7.528 7.558 7.603 7.652 7.703 7.755 7.809 7.862 7.913 7.958 7.989 8.018 8.055 8.089 8.120 8.148 8.175 8.201 8.226 8.250 8.262 8.275 8.296 8.315 8.332 8.347 8.361 8.372 8.382 8.391 8.395 8.400 8.407 8.415 8.422 8.428 8.434 8.440 8.447 8.453 8.457 8.461 8.468 8.475 8.482 8.489 8.496 8.504 8.511 8.518 8.523 8.527 8.534 8.541 8.548 8.554 8.560 8.565 8.571 8.576 8.580 8.583 8.589 8.594
7.371 7.373 7.375 7.378 7.381 7.385 7.390 7.398 7.409 7.423 7.445 7.476 7.514 7.546 7.579 7.628 7.681 7.735 7.789 7.843 7.895 7.943 7.986 8.014 8.041 8.076 8.108 8.138 8.165 8.191 8.215 8.239 8.261 8.272 8.285 8.304 8.322 8.338 8.353 8.365 8.376 8.386 8.395 8.399 8.403 8.410 8.418 8.424 8.430 8.436 8.442 8.448 8.455 8.459 8.463 8.470 8.477 8.485 8.492 8.499 8.507 8.514 8.520 8.525 8.529 8.536 8.543 8.549 8.555 8.561 8.566 8.572 8.577 8.581 8.585 8.590 8.596
7.374 7.376 7.377 7.380 7.384 7.387 7.393 7.402 7.413 7.429 7.453 7.489 7.532 7.566 7.602 7.656 7.712 7.768 7.823 7.876 7.927 7.972 8.011 8.038 8.063 8.095 8.126 8.154 8.180 8.204 8.227 8.250 8.270 8.281 8.293 8.311 8.328 8.343 8.357 8.369 8.380 8.389 8.397 8.401 8.405 8.412 8.419 8.425 8.431 8.437 8.443 8.449 8.456 8.460 8.464 8.471 8.479 8.486 8.493 8.501 8.508 8.515 8.521 8.526 8.530 8.537 8.543 8.549 8.555 8.560 8.566 8.571 8.577 8.581 8.585 8.590 8.596
7.376 7.378 7.380 7.383 7.387 7.390 7.397 7.406 7.418 7.436 7.465 7.505 7.553 7.588 7.627 7.685 7.742 7.799 7.853 7.905 7.954 7.996 8.033 8.057 8.081 8.111 8.140 8.167 8.192 8.215 8.237 8.258 8.277 8.288 8.299 8.316 8.332 8.346 8.359 8.371 8.381 8.390 8.398 8.402 8.406 8.413 8.419 8.426 8.431 8.437 8.443 8.449 8.456 8.460 8.464 8.471 8.479 8.486 8.494 8.501 8.508 8.515 8.521 8.525 8.529 8.535 8.541 8.547 8.553 8.559 8.564 8.569 8.575 8.579 8.583 8.588 8.594
