version1/TsunamiDB/out54134.asc
ncols          264
nrows          230
xllcorner      497853.4375
yllcorner      4229146.0000
cellsize         5.
NODATA_value   -99
[rows 136 to 169 of 230, columns 77 to 153 of 264]
6.662 6.672 6.682 6.691 6.701 6.710 6.720 6.729 6.739 6.749 6.758 6.768 6.778 6.787 6.797 6.807 6.816 6.826 6.836 6.846 6.856 6.866 6.876 6.887 6.897 6.906 6.915 6.924 6.933 6.942 6.950 6.959 6.967 6.975 6.982 6.990 6.997 7.003 7.010 7.016 7.022 7.027 7.032 7.037 7.042 7.047 7.052 7.056 7.059 7.062 7.065 7.067 7.070 7.072 7.075 7.077 7.080 7.083 7.086 7.089 7.092 7.096 7.099 7.103 7.106 7.110 7.114 7.118 7.122 7.126 7.130 7.133 7.136 7.138 7.141 7.144 7.146
6.667 6.676 6.686 6.695 6.705 6.714 6.724 6.733 6.743 6.753 6.762 6.772 6.781 6.791 6.801 6.810 6.820 6.830 6.839 6.849 6.859 6.869 6.880 6.890 6.900 6.909 6.919 6.928 6.937 6.946 6.954 6.963 6.971 6.980 6.988 6.995 7.003 7.010 7.017 7.023 7.029 7.035 7.041 7.046 7.051 7.056 7.061 7.065 7.069 7.072 7.075 7.077 7.080 7.083 7.085 7.088 7.090 7.093 7.096 7.099 7.103 7.106 7.109 7.113 7.116 7.120 7.124 7.128 7.132 7.136 7.140 7.143 7.146 7.149 7.152 7.155 7.158
6.671 6.681 6.690 6.700 6.709 6.718 6.728 6.737 6.747 6.756 6.766 6.776 6.785 6.795 6.804 6.814 6.823 6.833 6.843 6.852 6.862 6.872 6.883 6.893 6.903 6.912 6.922 6.931 6.940 6.949 6.958 6.967 6.976 6.984 6.992 7.000 7.008 7.016 7.023 7.030 7.036 7.042 7.048 7.054 7.059 7.064 7.070 7.074 7.078 7.081 7.084 7.087 7.090 7.092 7.095 7.098 7.100 7.103 7.106 7.109 7.112 7.115 7.119 7.122 7.126 7.130 7.133 7.137 7.142 7.146 7.150 7.153 7.156 7.160 7.163 7.166 7.168
6.676 6.685 6.695 6.704 6.713 6.723 6.732 6.742 6.751 6.761 6.770 6.780 6.789 6.799 6.808 6.818 6.827 6.837 6.846 6.856 6.866 6.876 6.886 6.896 6.906 6.915 6.925 6.934 6.943 6.952 6.961 6.970 6.979 6.988 6.996 7.005 7.013 7.021 7.028 7.035 7.042 7.049 7.055 7.061 7.067 7.073 7.078 7.082 7.086 7.090 7.093 7.096 7.099 7.102 7.104 7.107 7.110 7.112 7.115 7.118 7.121 7.124 7.128 7.131 7.135 7.139 7.142 7.146 7.151 7.155 7.159 7.162 7.166 7.169 7.172 7.175 7.178
6.680 6.690 6.699 6.709 6.718 6.727 6.737 6.746 6.756 6.765 6.774 6.784 6.793 6.803 6.812 6.821 6.831 6.840 6.850 6.859 6.869 6.879 6.889 6.900 6.909 6.918 6.928 6.937 6.946 6.955 6.964 6.974 6.983 6.992 7.000 7.009 7.017 7.025 7.033 7.041 7.048 7.055 7.061 7.068 7.074 7.080 7.086 7.090 7.095 7.098 7.102 7.105 7.108 7.111 7.113 7.116 7.119 7.121 7.124 7.127 7.130 7.133 7.136 7.140 7.143 7.147 7.151 7.155 7.159 7.164 7.167 7.171 7.174 7.178 7.181 7.184 7.187
6.685 6.695 6.704 6.713 6.723 6.732 6.741 6.751 6.760 6.770 6.779 6.788 6.798 6.807 6.816 6.826 6.835 6.844 6.854 6.863 6.873 6.883 6.893 6.903 6.912 6.921 6.930 6.940 6.949 6.958 6.967 6.977 6.986 6.995 7.004 7.013 7.021 7.030 7.038 7.046 7.053 7.060 7.067 7.074 7.081 7.087 7.093 7.098 7.102 7.106 7.110 7.113 7.116 7.119 7.122 7.125 7.127 7.130 7.133 7.136 7.139 7.142 7.145 7.148 7.152 7.155 7.159 7.163 7.167 7.172 7.175 7.179 7.182 7.186 7.189 7.192 7.195
6.691 6.700 6.709 6.719 6.728 6.737 6.746 6.756 6.765 6.774 6.784 6.793 6.802 6.811 6.821 6.830 6.839 6.849 6.858 6.867 6.877 6.886 6.897 6.906 6.915 6.924 6.934 6.943 6.952 6.961 6.970 6.979 6.989 6.998 7.007 7.016 7.025 7.034 7.042 7.050 7.058 7.066 7.073 7.080 7.087 7.094 7.100 7.105 7.110 7.114 7.118 7.121 7.125 7.128 7.130 7.133 7.136 7.138 7.141 7.144 7.147 7.150 7.153 7.156 7.160 7.163 7.167 7.171 7.175 7.179 7.183 7.186 7.190 7.193 7.197 7.200 7.203
6.696 6.706 6.715 6.724 6.733 6.742 6.752 6.761 6.770 6.779 6.789 6.798 6.807 6.816 6.825 6.835 6.844 6.853 6.862 6.871 6.881 6.890 6.900 6.910 6.919 6.928 6.937 6.946 6.955 6.964 6.973 6.982 6.992 7.001 7.010 7.019 7.028 7.037 7.046 7.054 7.062 7.070 7.078 7.085 7.092 7.100 7.106 7.111 7.116 7.121 7.125 7.129 7.132 7.135 7.138 7.141 7.144 7.147 7.149 7.152 7.155 7.158 7.161 7.164 7.167 7.171 7.174 7.178 7.183 7.187 7.190 7.194 7.197 7.201 7.204 7.208 7.211
6.702 6.711 6.720 6.729 6.739 6.748 6.757 6.766 6.775 6.784 6.794 6.803 6.812 6.821 6.830 6.840 6.849 6.858 6.867 6.876 6.885 6.895 6.904 6.914 6.923 6.931 6.940 6.949 6.958 6.967 6.976 6.985 6.994 7.004 7.013 7.022 7.031 7.040 7.049 7.058 7.066 7.075 7.082 7.090 7.098 7.105 7.112 7.118 7.123 7.128 7.132 7.136 7.140 7.143 7.146 7.149 7.152 7.154 7.157 7.160 7.163 7.165 7.168 7.172 7.175 7.178 7.182 7.186 7.190 7.194 7.198 7.201 7.205 7.208 7.212 7.215 7.218
6.708 6.717 6.726 6.735 6.744 6.753 6.762 6.772 6.781 6.790 6.799 6.808 6.817 6.826 6.836 6.845 6.854 6.863 6.872 6.881 6.890 6.899 6.909 6.918 6.927 6.935 6.944 6.953 6.961 6.970 6.979 6.988 6.997 7.007 7.016 7.025 7.034 7.043 7.052 7.061 7.070 7.078 7.087 7.095 7.102 7.110 7.117 7.123 7.129 7.134 7.139 7.143 7.147 7.150 7.153 7.156 7.159 7.162 7.165 7.167 7.170 7.173 7.176 7.179 7.182 7.186 7.189 7.193 7.197 7.201 7.205 7.208 7.212 7.215 7.219 7.222 7.225
6.714 6.723 6.732 6.741 6.750 6.759 6.768 6.777 6.786 6.795 6.804 6.814 6.823 6.832 6.841 6.850 6.859 6.868 6.877 6.886 6.895 6.904 6.913 6.922 6.931 6.939 6.948 6.956 6.965 6.974 6.982 6.991 7.000 7.009 7.019 7.028 7.037 7.046 7.055 7.064 7.073 7.082 7.090 7.099 7.107 7.115 7.122 7.129 7.135 7.140 7.145 7.149 7.153 7.157 7.161 7.164 7.167 7.170 7.172 7.175 7.178 7.181 7.183 7.186 7.190 7.193 7.196 7.200 7.204 7.208 7.212 7.215 7.219 7.222 7.225 7.229 7.232
6.720 6.729 6.738 6.747 6.756 6.765 6.774 6.783 6.792 6.801 6.810 6.819 6.828 6.837 6.846 6.855 6.864 6.873 6.882 6.891 6.900 6.909 6.918 6.927 6.935 6.944 6.952 6.960 6.969 6.977 6.986 6.995 7.003 7.012 7.022 7.031 7.040 7.049 7.058 7.067 7.076 7.085 7.094 7.102 7.111 7.119 7.127 7.133 7.140 7.145 7.151 7.155 7.160 7.164 7.167 7.171 7.174 7.177 7.180 7.182 7.185 7.188 7.191 7.194 7.197 7.200 7.203 7.207 7.211 7.215 7.218 7.222 7.225 7.229 7.232 7.236 7.239
6.725 6.734 6.743 6.752 6.761 6.770 6.779 6.788 6.797 6.806 6.815 6.825 6.834 6.843 6.852 6.861 6.869 6.878 6.887 6.896 6.905 6.914 6.923 6.932 6.940 6.948 6.956 6.965 6.973 6.981 6.990 6.998 7.007 7.016 7.025 7.034 7.043 7.052 7.061 7.070 7.079 7.088 7.097 7.106 7.114 7.123 7.131 7.138 7.144 7.151 7.156 7.161 7.166 7.170 7.174 7.177 7.181 7.184 7.187 7.189 7.192 7.195 7.198 7.201 7.204 7.207 7.210 7.214 7.218 7.222 7.225 7.229 7.232 7.236 7.239 7.242 7.246
6.729 6.739 6.748 6.757 6.766 6.775 6.784 6.793 6.802 6.812 6.821 6.830 6.839 6.848 6.857 6.866 6.875 6.884 6.892 6.901 6.910 6.919 6.928 6.937 6.945 6.953 6.961 6.969 6.977 6.985 6.993 7.002 7.010 7.019 7.028 7.036 7.045 7.055 7.064 7.073 7.082 7.091 7.100 7.109 7.118 7.126 7.135 7.142 7.149 7.155 7.161 7.166 7.171 7.176 7.180 7.184 7.187 7.190 7.193 7.196 7.199 7.202 7.205 7.208 7.211 7.214 7.217 7.221 7.225 7.229 7.232 7.235 7.239 7.242 7.246 7.249 7.252
6.733 6.742 6.752 6.761 6.770 6.780 6.789 6.798 6.807 6.816 6.826 6.835 6.844 6.853 6.862 6.871 6.880 6.889 6.897 6.906 6.915 6.924 6.933 6.942 6.950 6.957 6.965 6.973 6.981 6.989 6.997 7.005 7.014 7.022 7.031 7.039 7.048 7.057 7.066 7.075 7.084 7.093 7.102 7.111 7.120 7.129 7.138 7.145 7.153 7.159 7.165 7.171 7.176 7.181 7.186 7.190 7.193 7.197 7.200 7.203 7.206 7.209 7.212 7.215 7.218 7.221 7.224 7.228 7.232 7.235 7.239 7.242 7.246 7.249 7.252 7.256 7.259
6.734 6.744 6.754 6.764 6.774 6.783 6.793 6.802 6.811 6.821 6.830 6.839 6.848 6.857 6.867 6.875 6.884 6.893 6.902 6.911 6.920 6.928 6.937 6.946 6.954 6.962 6.970 6.977 6.985 6.993 7.001 7.009 7.017 7.025 7.034 7.042 7.051 7.060 7.069 7.078 7.087 7.096 7.105 7.114 7.123 7.132 7.141 7.148 7.156 7.163 7.169 7.175 7.181 7.186 7.191 7.195 7.199 7.203 7.206 7.209 7.212 7.215 7.218 7.221 7.224 7.227 7.231 7.234 7.238 7.242 7.245 7.249 7.252 7.255 7.259 7.262 7.265
6.733 6.744 6.755 6.765 6.775 6.785 6.795 6.805 6.814 6.824 6.833 6.843 6.852 6.861 6.870 6.880 6.888 6.897 6.906 6.915 6.924 6.933 6.942 6.950 6.958 6.966 6.974 6.981 6.989 6.997 7.004 7.012 7.020 7.028 7.037 7.045 7.053 7.062 7.071 7.080 7.089 7.098 7.107 7.116 7.125 7.134 7.143 7.151 7.158 7.166 7.172 7.179 7.185 7.190 7.195 7.200 7.204 7.208 7.212 7.215 7.218 7.222 7.225 7.228 7.231 7.234 7.237 7.241 7.245 7.248 7.252 7.255 7.258 7.262 7.265 7.268 7.272
6.729 6.741 6.753 6.764 6.775 6.785 6.796 6.806 6.816 6.826 6.836 6.845 6.855 6.864 6.874 6.883 6.892 6.901 6.910 6.919 6.927 6.936 6.946 6.954 6.962 6.970 6.977 6.985 6.992 7.000 7.008 7.015 7.023 7.031 7.039 7.047 7.056 7.064 7.073 7.081 7.090 7.099 7.108 7.117 7.126 7.136 7.144 7.153 7.160 7.168 7.175 7.182 7.188 7.194 7.199 7.204 7.209 7.213 7.217 7.221 7.224 7.227 7.231 7.234 7.237 7.240 7.243 7.247 7.251 7.255 7.258 7.261 7.265 7.268 7.271 7.275 7.278
6.721 6.734 6.747 6.759 6.771 6.783 6.794 6.805 6.816 6.826 6.836 6.846 6.856 6.866 6.875 6.885 6.894 6.903 6.912 6.921 6.930 6.939 6.949 6.957 6.965 6.973 6.980 6.988 6.995 7.003 7.010 7.018 7.026 7.033 7.041 7.049 7.058 7.066 7.074 7.083 7.091 7.100 7.109 7.118 7.127 7.137 7.145 7.154 7.162 7.169 7.177 7.184 7.190 7.196 7.202 7.207 7.212 7.217 7.221 7.225 7.229 7.232 7.236 7.239 7.242 7.246 7.249 7.253 7.257 7.260 7.264 7.267 7.270 7.274 7.277 7.280 7.284
6.708 6.723 6.737 6.751 6.764 6.777 6.789 6.801 6.813 6.824 6.835 6.845 6.856 6.866 6.876 6.885 6.895 6.904 6.914 6.923 6.932 6.941 6.951 6.959 6.967 6.975 6.982 6.990 6.998 7.005 7.013 7.020 7.028 7.035 7.043 7.051 7.059 7.067 7.075 7.084 7.092 7.101 7.109 7.118 7.127 7.137 7.146 7.154 7.162 7.170 7.178 7.185 7.192 7.198 7.204 7.210 7.215 7.220 7.225 7.229 7.233 7.237 7.241 7.244 7.247 7.251 7.255 7.259 7.262 7.266 7.269 7.273 7.276 7.279 7.283 7.286 7.289
6.692 6.708 6.724 6.739 6.754 6.768 6.781 6.794 6.807 6.819 6.831 6.842 6.853 6.864 6.874 6.884 6.894 6.904 6.914 6.923 6.933 6.942 6.952 6.960 6.968 6.976 6.984 6.991 6.999 7.006 7.014 7.021 7.029 7.037 7.044 7.052 7.060 7.068 7.076 7.084 7.092 7.101 7.109 7.118 7.127 7.137 7.145 7.154 7.162 7.170 7.178 7.185 7.192 7.199 7.205 7.211 7.217 7.223 7.228 7.232 7.237 7.241 7.244 7.248 7.252 7.255 7.259 7.263 7.267 7.271 7.274 7.278 7.281 7.284 7.288 7.291 7.294
6.673 6.690 6.707 6.723 6.739 6.754 6.769 6.784 6.797 6.811 6.823 6.836 6.848 6.859 6.870 6.881 6.892 6.902 6.912 6.922 6.932 6.942 6.951 6.960 6.968 6.976 6.984 6.992 6.999 7.007 7.014 7.022 7.029 7.037 7.044 7.052 7.060 7.068 7.076 7.084 7.092 7.100 7.108 7.117 7.126 7.136 7.144 7.152 7.161 7.169 7.177 7.184 7.192 7.199 7.206 7.212 7.218 7.224 7.229 7.234 7.239 7.243 7.248 7.252 7.255 7.259 7.263 7.267 7.271 7.275 7.278 7.282 7.285 7.289 7.292 7.296 7.299
6.652 6.670 6.687 6.704 6.721 6.738 6.754 6.769 6.785 6.799 6.813 6.827 6.839 6.852 6.864 6.875 6.887 6.898 6.908 6.919 6.929 6.939 6.949 6.958 6.966 6.975 6.983 6.991 6.998 7.006 7.014 7.021 7.029 7.036 7.044 7.051 7.059 7.067 7.075 7.083 7.091 7.099 7.107 7.116 7.125 7.134 7.142 7.150 7.159 7.167 7.175 7.183 7.190 7.198 7.205 7.211 7.218 7.224 7.230 7.235 7.240 7.245 7.250 7.254 7.258 7.262 7.266 7.271 7.275 7.279 7.282 7.286 7.289 7.293 7.296 7.300 7.303
6.632 6.649 6.667 6.684 6.702 6.719 6.736 6.752 6.769 6.784 6.799 6.814 6.828 6.842 6.855 6.867 6.879 6.891 6.902 6.913 6.924 6.935 6.945 6.954 6.963 6.972 6.980 6.988 6.996 7.004 7.012 7.019 7.027 7.035 7.042 7.050 7.057 7.065 7.073 7.081 7.089 7.097 7.105 7.113 7.122 7.131 7.139 7.148 7.156 7.164 7.172 7.180 7.188 7.195 7.203 7.210 7.217 7.223 7.229 7.235 7.241 7.246 7.251 7.256 7.260 7.264 7.269 7.273 7.278 7.281 7.285 7.289 7.293 7.296 7.300 7.303 7.307
6.614 6.631 6.647 6.664 6.682 6.699 6.716 6.733 6.750 6.767 6.783 6.799 6.814 6.829 6.843 6.856 6.869 6.882 6.894 6.906 6.917 6.929 6.939 6.949 6.958 6.967 6.976 6.984 6.993 7.001 7.009 7.017 7.024 7.032 7.040 7.047 7.055 7.063 7.070 7.078 7.086 7.094 7.102 7.110 7.119 7.128 7.136 7.144 7.152 7.161 7.169 7.177 7.184 7.192 7.200 7.207 7.214 7.221 7.228 7.234 7.240 7.246 7.251 7.256 7.261 7.266 7.270 7.275 7.280 7.284 7.288 7.291 7.295 7.299 7.303 7.306 7.310
6.600 6.615 6.630 6.646 6.663 6.680 6.697 6.714 6.731 6.748 6.765 6.782 6.798 6.813 6.828 6.843 6.857 6.870 6.883 6.896 6.908 6.920 6.932 6.942 6.952 6.961 6.970 6.979 6.988 6.996 7.004 7.012 7.020 7.028 7.036 7.044 7.051 7.059 7.067 7.075 7.082 7.090 7.098 7.107 7.115 7.124 7.132 7.140 7.148 7.156 7.164 7.172 7.180 7.188 7.196 7.204 7.211 7.218 7.225 7.232 7.238 7.244 7.250 7.256 7.261 7.266 7.271 7.276 7.281 7.285 7.289 7.293 7.297 7.301 7.305 7.308 7.312
6.590 6.603 6.617 6.631 6.647 6.662 6.679 6.696 6.712 6.730 6.747 6.763 6.780 6.796 6.812 6.828 6.842 6.857 6.871 6.884 6.897 6.910 6.922 6.933 6.944 6.954 6.963 6.972 6.981 6.990 6.999 7.007 7.015 7.023 7.031 7.039 7.047 7.055 7.062 7.070 7.078 7.086 7.094 7.102 7.111 7.119 7.127 7.135 7.143 7.151 7.159 7.167 7.176 7.184 7.191 7.199 7.207 7.215 7.222 7.229 7.236 7.242 7.249 7.254 7.260 7.265 7.271 7.276 7.281 7.286 7.290 7.294 7.298 7.302 7.306 7.310 7.314
6.583 6.594 6.607 6.620 6.634 6.648 6.663 6.679 6.695 6.712 6.729 6.746 6.762 6.779 6.795 6.811 6.827 6.842 6.857 6.871 6.885 6.898 6.911 6.923 6.934 6.944 6.955 6.964 6.974 6.983 6.992 7.000 7.009 7.017 7.025 7.034 7.041 7.049 7.057 7.065 7.073 7.081 7.089 7.097 7.106 7.114 7.122 7.130 7.138 7.146 7.154 7.162 7.170 7.178 7.186 7.194 7.202 7.210 7.218 7.225 7.232 7.239 7.246 7.252 7.258 7.264 7.270 7.276 7.281 7.286 7.290 7.295 7.299 7.303 7.307 7.311 7.315
6.579 6.589 6.600 6.612 6.624 6.637 6.651 6.666 6.681 6.696 6.713 6.729 6.745 6.762 6.778 6.795 6.811 6.826 6.841 6.856 6.871 6.885 6.899 6.911 6.923 6.934 6.945 6.955 6.965 6.975 6.984 6.993 7.002 7.010 7.019 7.027 7.035 7.043 7.051 7.059 7.067 7.075 7.083 7.092 7.100 7.109 7.116 7.124 7.132 7.140 7.148 7.156 7.164 7.172 7.180 7.189 7.197 7.205 7.213 7.221 7.228 7.236 7.243 7.249 7.256 7.262 7.268 7.275 7.280 7.285 7.290 7.295 7.300 7.304 7.308 7.312 7.317
6.578 6.587 6.596 6.607 6.618 6.629 6.642 6.655 6.669 6.684 6.699 6.714 6.730 6.746 6.763 6.779 6.795 6.811 6.826 6.842 6.857 6.871 6.886 6.898 6.911 6.923 6.934 6.945 6.955 6.965 6.975 6.985 6.994 7.003 7.012 7.020 7.028 7.037 7.045 7.053 7.061 7.069 7.077 7.086 7.094 7.103 7.110 7.118 7.126 7.134 7.142 7.150 7.158 7.166 7.174 7.183 7.191 7.199 7.207 7.216 7.223 7.231 7.239 7.246 7.253 7.260 7.266 7.273 7.279 7.285 7.290 7.295 7.300 7.304 7.309 7.313 7.317
6.580 6.588 6.596 6.604 6.614 6.624 6.636 6.648 6.660 6.674 6.688 6.702 6.717 6.733 6.748 6.764 6.780 6.796 6.812 6.827 6.842 6.858 6.872 6.886 6.898 6.911 6.923 6.934 6.945 6.956 6.966 6.976 6.985 6.995 7.004 7.013 7.021 7.030 7.038 7.046 7.055 7.063 7.071 7.079 7.088 7.096 7.104 7.112 7.120 7.128 7.136 7.144 7.152 7.160 7.168 7.177 7.185 7.193 7.202 7.210 7.218 7.226 7.234 7.242 7.249 7.257 7.264 7.271 7.277 7.283 7.289 7.294 7.299 7.304 7.309 7.314 7.318
6.583 6.590 6.597 6.605 6.613 6.622 6.632 6.643 6.654 6.666 6.679 6.693 6.707 6.721 6.736 6.752 6.767 6.782 6.798 6.813 6.829 6.844 6.859 6.873 6.886 6.899 6.911 6.923 6.935 6.946 6.956 6.966 6.976 6.986 6.996 7.005 7.014 7.022 7.031 7.039 7.048 7.056 7.064 7.073 7.082 7.090 7.098 7.106 7.114 7.122 7.129 7.137 7.145 7.154 7.162 7.170 7.179 7.187 7.196 7.204 7.213 7.221 7.230 7.238 7.246 7.253 7.261 7.268 7.275 7.282 7.288 7.293 7.299 7.304 7.309 7.314 7.319
6.588 6.594 6.600 6.607 6.614 6.622 6.631 6.640 6.651 6.662 6.673 6.686 6.699 6.712 6.727 6.741 6.756 6.771 6.786 6.801 6.817 6.832 6.847 6.861 6.874 6.887 6.900 6.912 6.924 6.936 6.947 6.957 6.968 6.978 6.987 6.997 7.006 7.015 7.024 7.033 7.041 7.050 7.058 7.067 7.075 7.084 7.092 7.100 7.108 7.115 7.123 7.131 7.139 7.148 7.156 7.164 7.173 7.181 7.190 7.199 7.208 7.216 7.225 7.233 7.242 7.250 7.258 7.266 7.273 7.280 7.286 7.292 7.298 7.304 7.309 7.314 7.319
6.594 6.599 6.604 6.610 6.616 6.623 6.631 6.640 6.649 6.659 6.670 6.681 6.693 6.706 6.719 6.733 6.747 6.761 6.776 6.791 6.806 6.821 6.836 6.850 6.863 6.877 6.889 6.902 6.914 6.926 6.937 6.948 6.959 6.969 6.979 6.989 6.999 7.008 7.017 7.026 7.034 7.043 7.052 7.060 7.069 7.078 7.086 7.094 7.102 7.110 7.118 7.126 7.134 7.142 7.150 7.158 7.167 7.176 7.184 7.193 7.202 7.211 7.220 7.229 7.237 7.246 7.254 7.263 7.271 7.278 7.285 7.291 7.298 7.304 7.309 7.315 7.320
