version1/TsunamiDB/out54172.asc
ncols          264
nrows          230
xllcorner      497853.4375
yllcorner      4229146.0000
cellsize         5.
NODATA_value   -99
[rows 68 to 101 of 230, columns 0 to 76 of 264]
5.774 5.782 5.791 5.799 5.807 5.816 5.824 5.832 5.841 5.849 5.857 5.866 5.874 5.882 5.889 5.897 5.904 5.912 5.919 5.927 5.934 5.942 5.950 5.958 5.966 5.973 5.981 5.989 5.997 6.005 6.013 6.021 6.030 6.038 6.047 6.055 6.063 6.071 6.079 6.087 6.094 6.102 6.110 6.118 6.126 6.134 6.143 6.151 6.159 6.167 6.176 6.184 6.192 6.200 6.209 6.217 6.225 6.234 6.243 6.250 6.258 6.265 6.272 6.280 6.287 6.294 6.300 6.307 6.314 6.320 6.327 6.333 6.340 6.346 6.352 6.359 6.365
5.784 5.792 5.801 5.809 5.817 5.825 5.833 5.842 5.850 5.858 5.866 5.875 5.883 5.890 5.898 5.905 5.912 5.919 5.927 5.934 5.942 5.950 5.957 5.965 5.973 5.980 5.988 5.996 6.004 6.011 6.019 6.027 6.035 6.044 6.053 6.061 6.068 6.076 6.084 6.091 6.099 6.107 6.115 6.122 6.130 6.138 6.146 6.155 6.163 6.171 6.179 6.187 6.195 6.204 6.212 6.220 6.228 6.237 6.246 6.253 6.261 6.268 6.275 6.283 6.290 6.296 6.303 6.310 6.317 6.323 6.330 6.337 6.343 6.349 6.356 6.362 6.368
5.794 5.803 5.811 5.819 5.827 5.835 5.843 5.852 5.860 5.868 5.876 5.884 5.892 5.899 5.906 5.913 5.921 5.928 5.935 5.942 5.950 5.957 5.965 5.972 5.980 5.987 5.995 6.003 6.010 6.018 6.026 6.034 6.042 6.050 6.058 6.067 6.074 6.081 6.089 6.096 6.104 6.112 6.119 6.127 6.135 6.143 6.151 6.159 6.167 6.175 6.183 6.191 6.199 6.207 6.215 6.223 6.232 6.240 6.249 6.256 6.264 6.271 6.278 6.286 6.293 6.300 6.306 6.313 6.320 6.327 6.333 6.340 6.346 6.353 6.359 6.365 6.371
5.805 5.813 5.822 5.830 5.838 5.846 5.854 5.862 5.870 5.878 5.886 5.894 5.902 5.909 5.916 5.923 5.930 5.937 5.944 5.951 5.958 5.965 5.973 5.980 5.988 5.995 6.003 6.010 6.018 6.025 6.033 6.041 6.048 6.056 6.065 6.073 6.080 6.087 6.095 6.102 6.109 6.117 6.124 6.132 6.140 6.147 6.155 6.163 6.171 6.179 6.187 6.195 6.203 6.211 6.219 6.227 6.235 6.244 6.252 6.260 6.267 6.275 6.282 6.289 6.296 6.303 6.310 6.317 6.323 6.330 6.337 6.343 6.350 6.356 6.362 6.369 6.375
5.816 5.825 5.833 5.841 5.849 5.857 5.865 5.873 5.880 5.888 5.896 5.904 5.912 5.919 5.925 5.932 5.939 5.946 5.953 5.960 5.967 5.974 5.981 5.989 5.996 6.003 6.010 6.018 6.025 6.033 6.040 6.048 6.055 6.063 6.071 6.079 6.086 6.094 6.101 6.108 6.115 6.122 6.130 6.137 6.145 6.152 6.160 6.168 6.175 6.183 6.191 6.199 6.207 6.215 6.223 6.231 6.239 6.248 6.256 6.263 6.271 6.278 6.285 6.292 6.299 6.306 6.313 6.320 6.327 6.333 6.340 6.347 6.353 6.359 6.366 6.372 6.378
5.828 5.836 5.844 5.852 5.860 5.868 5.876 5.884 5.891 5.899 5.907 5.915 5.922 5.929 5.936 5.942 5.949 5.956 5.962 5.969 5.976 5.983 5.990 5.997 6.004 6.012 6.019 6.026 6.033 6.041 6.048 6.055 6.063 6.071 6.079 6.086 6.093 6.100 6.107 6.114 6.121 6.128 6.136 6.143 6.150 6.158 6.165 6.173 6.180 6.188 6.196 6.204 6.212 6.219 6.227 6.235 6.243 6.252 6.260 6.267 6.275 6.282 6.289 6.296 6.303 6.310 6.317 6.324 6.330 6.337 6.344 6.350 6.357 6.363 6.370 6.376 6.382
5.839 5.847 5.856 5.864 5.872 5.880 5.887 5.895 5.903 5.910 5.918 5.926 5.933 5.940 5.946 5.953 5.959 5.966 5.973 5.979 5.986 5.993 6.000 6.007 6.014 6.021 6.028 6.035 6.042 6.049 6.056 6.063 6.071 6.078 6.086 6.093 6.100 6.107 6.114 6.121 6.128 6.135 6.142 6.149 6.156 6.163 6.171 6.178 6.186 6.193 6.201 6.209 6.216 6.224 6.232 6.240 6.248 6.256 6.264 6.272 6.279 6.286 6.293 6.300 6.307 6.314 6.321 6.328 6.334 6.341 6.348 6.354 6.361 6.367 6.373 6.380 6.386
5.851 5.859 5.867 5.875 5.883 5.891 5.899 5.907 5.914 5.922 5.930 5.937 5.945 5.951 5.957 5.964 5.970 5.977 5.983 5.990 5.996 6.003 6.010 6.016 6.023 6.030 6.037 6.044 6.051 6.058 6.065 6.072 6.079 6.086 6.094 6.101 6.108 6.115 6.121 6.128 6.135 6.141 6.148 6.155 6.162 6.169 6.177 6.184 6.191 6.199 6.206 6.214 6.221 6.229 6.237 6.245 6.252 6.261 6.269 6.276 6.283 6.290 6.297 6.304 6.311 6.318 6.325 6.332 6.338 6.345 6.352 6.358 6.365 6.371 6.377 6.384 6.390
5.863 5.871 5.879 5.887 5.895 5.903 5.911 5.919 5.926 5.934 5.942 5.949 5.956 5.963 5.969 5.975 5.981 5.988 5.994 6.000 6.007 6.013 6.020 6.027 6.033 6.040 6.046 6.053 6.060 6.067 6.074 6.080 6.088 6.095 6.102 6.109 6.116 6.122 6.129 6.135 6.142 6.148 6.155 6.162 6.169 6.176 6.183 6.190 6.197 6.204 6.212 6.219 6.227 6.234 6.242 6.250 6.257 6.266 6.273 6.281 6.288 6.295 6.302 6.309 6.316 6.322 6.329 6.336 6.343 6.349 6.356 6.362 6.369 6.375 6.382 6.388 6.394
5.874 5.883 5.891 5.899 5.907 5.915 5.923 5.931 5.938 5.946 5.954 5.961 5.968 5.975 5.981 5.987 5.993 5.999 6.005 6.012 6.018 6.024 6.031 6.037 6.044 6.050 6.057 6.063 6.070 6.076 6.083 6.090 6.097 6.104 6.111 6.118 6.124 6.130 6.137 6.143 6.149 6.156 6.162 6.169 6.176 6.182 6.189 6.196 6.203 6.211 6.218 6.225 6.232 6.240 6.247 6.255 6.263 6.271 6.278 6.285 6.292 6.299 6.306 6.313 6.320 6.327 6.334 6.340 6.347 6.353 6.360 6.367 6.373 6.380 6.386 6.392 6.399
5.886 5.895 5.903 5.911 5.919 5.927 5.935 5.943 5.950 5.958 5.966 5.973 5.980 5.987 5.993 5.999 6.005 6.011 6.017 6.023 6.029 6.036 6.042 6.048 6.054 6.061 6.067 6.073 6.080 6.086 6.093 6.099 6.106 6.113 6.120 6.127 6.133 6.139 6.145 6.151 6.157 6.164 6.170 6.176 6.183 6.189 6.196 6.203 6.210 6.217 6.224 6.231 6.238 6.245 6.253 6.260 6.268 6.276 6.283 6.290 6.297 6.304 6.311 6.318 6.325 6.331 6.338 6.345 6.351 6.358 6.365 6.371 6.378 6.384 6.390 6.397 6.403
5.898 5.907 5.915 5.923 5.931 5.939 5.947 5.955 5.963 5.970 5.978 5.986 5.993 5.999 6.005 6.011 6.017 6.023 6.029 6.035 6.041 6.047 6.053 6.059 6.065 6.072 6.078 6.084 6.090 6.096 6.103 6.109 6.116 6.122 6.129 6.136 6.142 6.148 6.154 6.159 6.165 6.172 6.178 6.184 6.190 6.197 6.203 6.210 6.217 6.223 6.230 6.237 6.244 6.251 6.259 6.266 6.273 6.281 6.289 6.296 6.303 6.309 6.316 6.323 6.330 6.336 6.343 6.349 6.356 6.363 6.369 6.376 6.382 6.389 6.395 6.401 6.408
5.910 5.919 5.927 5.935 5.943 5.951 5.959 5.967 5.975 5.982 5.990 5.998 6.005 6.011 6.017 6.023 6.029 6.035 6.041 6.047 6.053 6.059 6.065 6.071 6.077 6.083 6.089 6.095 6.101 6.107 6.113 6.119 6.126 6.132 6.139 6.145 6.151 6.157 6.162 6.168 6.174 6.180 6.186 6.192 6.198 6.204 6.211 6.217 6.224 6.230 6.237 6.244 6.251 6.258 6.265 6.272 6.279 6.287 6.294 6.301 6.308 6.315 6.321 6.328 6.334 6.341 6.348 6.354 6.361 6.367 6.374 6.380 6.387 6.393 6.399 6.406 6.412
5.922 5.931 5.939 5.947 5.955 5.963 5.971 5.979 5.987 5.995 6.003 6.010 6.017 6.023 6.029 6.035 6.041 6.047 6.053 6.059 6.065 6.071 6.077 6.082 6.088 6.094 6.100 6.106 6.112 6.118 6.124 6.130 6.136 6.142 6.149 6.155 6.161 6.166 6.172 6.177 6.183 6.188 6.194 6.200 6.206 6.212 6.218 6.224 6.231 6.237 6.244 6.250 6.257 6.264 6.271 6.278 6.285 6.293 6.300 6.307 6.313 6.320 6.326 6.333 6.339 6.346 6.352 6.359 6.365 6.372 6.378 6.385 6.391 6.398 6.404 6.410 6.417
5.934 5.942 5.951 5.959 5.967 5.975 5.983 5.991 5.999 6.007 6.015 6.022 6.029 6.035 6.041 6.047 6.053 6.059 6.065 6.071 6.077 6.083 6.088 6.094 6.100 6.106 6.111 6.117 6.123 6.129 6.134 6.140 6.146 6.153 6.159 6.165 6.170 6.176 6.181 6.186 6.192 6.197 6.203 6.208 6.214 6.220 6.226 6.232 6.238 6.244 6.251 6.257 6.264 6.270 6.277 6.284 6.291 6.299 6.306 6.312 6.319 6.325 6.332 6.338 6.344 6.351 6.357 6.364 6.370 6.377 6.383 6.389 6.396 6.402 6.409 6.415 6.421
5.946 5.954 5.963 5.971 5.979 5.987 5.995 6.003 6.011 6.019 6.027 6.034 6.041 6.047 6.053 6.059 6.065 6.071 6.077 6.083 6.089 6.095 6.100 6.106 6.112 6.117 6.123 6.129 6.134 6.140 6.145 6.151 6.157 6.164 6.170 6.175 6.180 6.185 6.190 6.196 6.201 6.206 6.212 6.217 6.223 6.228 6.234 6.240 6.246 6.252 6.258 6.264 6.270 6.277 6.283 6.290 6.297 6.305 6.311 6.318 6.324 6.330 6.337 6.343 6.350 6.356 6.362 6.369 6.375 6.381 6.388 6.394 6.400 6.407 6.413 6.419 6.426
5.958 5.966 5.974 5.982 5.990 5.999 6.006 6.014 6.022 6.030 6.038 6.046 6.052 6.059 6.065 6.071 6.077 6.083 6.089 6.095 6.101 6.106 6.112 6.118 6.123 6.129 6.135 6.140 6.146 6.151 6.157 6.162 6.168 6.174 6.180 6.185 6.190 6.195 6.200 6.205 6.210 6.215 6.221 6.226 6.231 6.237 6.242 6.248 6.254 6.259 6.265 6.271 6.277 6.284 6.290 6.297 6.304 6.311 6.317 6.323 6.330 6.336 6.342 6.348 6.355 6.361 6.367 6.373 6.380 6.386 6.392 6.399 6.405 6.411 6.418 6.424 6.430
5.969 5.978 5.986 5.994 6.002 6.010 6.018 6.026 6.034 6.042 6.050 6.057 6.064 6.070 6.076 6.083 6.089 6.095 6.101 6.106 6.112 6.118 6.124 6.129 6.135 6.141 6.146 6.151 6.157 6.162 6.168 6.173 6.179 6.185 6.191 6.196 6.201 6.205 6.210 6.215 6.220 6.225 6.230 6.235 6.240 6.245 6.250 6.256 6.261 6.267 6.273 6.279 6.284 6.290 6.297 6.303 6.310 6.317 6.323 6.329 6.335 6.341 6.347 6.354 6.360 6.366 6.372 6.378 6.385 6.391 6.397 6.403 6.410 6.416 6.422 6.428 6.435
5.981 5.989 5.997 6.005 6.013 6.021 6.029 6.037 6.045 6.053 6.061 6.068 6.075 6.081 6.088 6.094 6.100 6.106 6.112 6.118 6.124 6.130 6.135 6.141 6.147 6.152 6.158 6.163 6.168 6.174 6.179 6.184 6.190 6.196 6.201 6.206 6.211 6.215 6.220 6.225 6.229 6.234 6.239 6.244 6.249 6.254 6.259 6.264 6.269 6.275 6.280 6.286 6.292 6.297 6.303 6.310 6.317 6.323 6.329 6.335 6.341 6.347 6.353 6.359 6.365 6.371 6.377 6.383 6.389 6.395 6.402 6.408 6.414 6.420 6.426 6.433 6.439
5.992 6.000 6.008 6.016 6.024 6.032 6.040 6.048 6.056 6.064 6.072 6.079 6.086 6.092 6.099 6.105 6.111 6.117 6.123 6.129 6.135 6.141 6.147 6.152 6.158 6.163 6.169 6.174 6.180 6.185 6.190 6.195 6.201 6.207 6.212 6.217 6.221 6.226 6.230 6.235 6.239 6.244 6.248 6.253 6.258 6.263 6.267 6.273 6.278 6.283 6.288 6.293 6.299 6.305 6.310 6.317 6.323 6.329 6.335 6.341 6.347 6.352 6.358 6.364 6.370 6.376 6.382 6.388 6.394 6.400 6.406 6.412 6.418 6.425 6.431 6.437 6.443
6.004 6.012 6.020 6.027 6.035 6.043 6.051 6.059 6.067 6.074 6.082 6.090 6.096 6.103 6.109 6.116 6.122 6.128 6.134 6.140 6.146 6.152 6.158 6.163 6.169 6.175 6.180 6.185 6.191 6.196 6.201 6.206 6.212 6.217 6.223 6.227 6.232 6.236 6.240 6.245 6.249 6.253 6.258 6.262 6.267 6.271 6.276 6.281 6.286 6.291 6.296 6.301 6.306 6.312 6.317 6.323 6.330 6.336 6.341 6.347 6.352 6.358 6.364 6.369 6.375 6.381 6.387 6.393 6.399 6.405 6.411 6.417 6.423 6.429 6.435 6.441 6.447
6.015 6.023 6.030 6.038 6.046 6.054 6.061 6.069 6.077 6.085 6.093 6.100 6.107 6.113 6.120 6.126 6.132 6.138 6.145 6.151 6.157 6.163 6.168 6.174 6.180 6.185 6.191 6.196 6.202 6.207 6.212 6.217 6.223 6.228 6.233 6.238 6.242 6.246 6.251 6.255 6.259 6.263 6.267 6.272 6.276 6.281 6.285 6.290 6.294 6.299 6.304 6.309 6.314 6.319 6.325 6.330 6.336 6.342 6.348 6.353 6.358 6.364 6.369 6.375 6.380 6.386 6.392 6.398 6.403 6.409 6.415 6.421 6.427 6.433 6.439 6.445 6.451
6.025 6.033 6.041 6.049 6.056 6.064 6.072 6.079 6.087 6.095 6.103 6.110 6.117 6.123 6.130 6.136 6.142 6.149 6.155 6.161 6.167 6.173 6.179 6.185 6.190 6.196 6.201 6.207 6.212 6.217 6.223 6.228 6.233 6.239 6.244 6.248 6.252 6.257 6.261 6.265 6.269 6.273 6.277 6.281 6.285 6.290 6.294 6.298 6.303 6.307 6.312 6.317 6.322 6.327 6.332 6.337 6.343 6.349 6.354 6.359 6.364 6.370 6.375 6.380 6.386 6.391 6.397 6.402 6.408 6.414 6.420 6.425 6.431 6.437 6.443 6.449 6.455
6.036 6.044 6.051 6.059 6.067 6.074 6.082 6.089 6.097 6.105 6.113 6.120 6.127 6.133 6.139 6.146 6.152 6.158 6.164 6.171 6.177 6.183 6.189 6.195 6.200 6.206 6.212 6.217 6.223 6.228 6.233 6.238 6.244 6.249 6.254 6.259 6.263 6.267 6.271 6.275 6.279 6.283 6.287 6.291 6.295 6.299 6.303 6.307 6.312 6.316 6.320 6.325 6.330 6.334 6.339 6.345 6.350 6.356 6.361 6.365 6.370 6.376 6.381 6.386 6.391 6.396 6.402 6.407 6.413 6.418 6.424 6.430 6.436 6.442 6.447 6.453 6.459
6.046 6.054 6.062 6.069 6.077 6.084 6.092 6.099 6.107 6.114 6.122 6.129 6.136 6.142 6.149 6.155 6.161 6.168 6.174 6.180 6.186 6.192 6.198 6.204 6.210 6.216 6.222 6.227 6.233 6.238 6.243 6.249 6.254 6.259 6.264 6.269 6.273 6.277 6.281 6.285 6.289 6.292 6.296 6.300 6.304 6.308 6.312 6.316 6.320 6.325 6.329 6.333 6.338 6.342 6.347 6.352 6.357 6.363 6.367 6.372 6.377 6.382 6.386 6.391 6.397 6.402 6.407 6.412 6.418 6.423 6.429 6.434 6.440 6.446 6.452 6.457 6.463
6.056 6.064 6.071 6.079 6.086 6.094 6.101 6.109 6.116 6.124 6.131 6.139 6.145 6.152 6.158 6.164 6.170 6.177 6.183 6.189 6.195 6.202 6.208 6.214 6.220 6.226 6.231 6.237 6.242 6.248 6.253 6.258 6.264 6.269 6.274 6.279 6.283 6.287 6.291 6.295 6.298 6.302 6.306 6.310 6.313 6.317 6.321 6.325 6.329 6.333 6.337 6.342 6.346 6.350 6.355 6.359 6.365 6.370 6.374 6.379 6.383 6.388 6.392 6.397 6.402 6.407 6.412 6.417 6.423 6.428 6.433 6.439 6.444 6.450 6.456 6.462 6.467
6.066 6.074 6.081 6.088 6.096 6.103 6.111 6.118 6.125 6.133 6.141 6.148 6.154 6.160 6.167 6.173 6.179 6.185 6.192 6.198 6.204 6.210 6.217 6.223 6.229 6.235 6.240 6.246 6.252 6.257 6.263 6.268 6.273 6.279 6.284 6.288 6.293 6.297 6.300 6.304 6.308 6.312 6.315 6.319 6.323 6.327 6.330 6.334 6.338 6.342 6.346 6.350 6.354 6.358 6.363 6.367 6.372 6.377 6.381 6.385 6.390 6.394 6.399 6.403 6.408 6.413 6.417 6.422 6.427 6.433 6.438 6.443 6.449 6.454 6.460 6.466 6.471
6.076 6.083 6.090 6.098 6.105 6.112 6.120 6.127 6.134 6.142 6.150 6.157 6.163 6.169 6.175 6.181 6.188 6.194 6.200 6.206 6.213 6.219 6.225 6.231 6.237 6.243 6.249 6.255 6.261 6.266 6.272 6.277 6.283 6.288 6.293 6.298 6.302 6.306 6.310 6.314 6.317 6.321 6.325 6.328 6.332 6.336 6.339 6.343 6.347 6.351 6.355 6.358 6.362 6.366 6.371 6.375 6.380 6.384 6.388 6.392 6.396 6.401 6.405 6.409 6.414 6.418 6.423 6.428 6.433 6.438 6.443 6.448 6.453 6.459 6.464 6.470 6.476
6.085 6.092 6.100 6.107 6.114 6.122 6.129 6.136 6.143 6.151 6.158 6.165 6.171 6.178 6.184 6.190 6.196 6.202 6.208 6.215 6.221 6.227 6.233 6.240 6.246 6.252 6.258 6.263 6.269 6.275 6.280 6.286 6.292 6.297 6.303 6.307 6.311 6.315 6.319 6.323 6.327 6.330 6.334 6.338 6.341 6.345 6.349 6.352 6.356 6.359 6.363 6.367 6.371 6.375 6.379 6.383 6.387 6.392 6.396 6.399 6.403 6.407 6.411 6.415 6.420 6.424 6.428 6.433 6.438 6.443 6.448 6.453 6.458 6.463 6.469 6.474 6.480
6.094 6.102 6.109 6.116 6.123 6.130 6.138 6.145 6.152 6.160 6.167 6.174 6.180 6.186 6.192 6.198 6.204 6.210 6.216 6.223 6.229 6.235 6.241 6.247 6.254 6.260 6.266 6.271 6.277 6.283 6.289 6.294 6.300 6.306 6.311 6.316 6.320 6.324 6.328 6.332 6.336 6.340 6.343 6.347 6.350 6.354 6.357 6.361 6.365 6.368 6.372 6.375 6.379 6.383 6.387 6.391 6.395 6.399 6.403 6.407 6.410 6.414 6.418 6.422 6.426 6.430 6.434 6.439 6.443 6.448 6.453 6.457 6.463 6.468 6.473 6.478 6.484
6.104 6.111 6.118 6.125 6.132 6.139 6.146 6.154 6.161 6.168 6.176 6.182 6.188 6.194 6.200 6.206 6.212 6.218 6.224 6.231 6.237 6.243 6.249 6.255 6.261 6.267 6.273 6.279 6.285 6.291 6.297 6.302 6.308 6.314 6.320 6.324 6.329 6.333 6.337 6.341 6.345 6.348 6.352 6.356 6.359 6.363 6.366 6.370 6.373 6.377 6.380 6.384 6.387 6.391 6.395 6.399 6.403 6.407 6.410 6.414 6.417 6.421 6.425 6.428 6.432 6.436 6.440 6.444 6.449 6.453 6.458 6.462 6.467 6.472 6.477 6.483 6.488
6.113 6.120 6.127 6.134 6.141 6.148 6.155 6.162 6.170 6.177 6.184 6.190 6.196 6.202 6.208 6.214 6.220 6.226 6.232 6.238 6.244 6.250 6.257 6.263 6.269 6.275 6.281 6.287 6.293 6.299 6.304 6.310 6.316 6.322 6.328 6.332 6.337 6.341 6.345 6.349 6.353 6.357 6.361 6.364 6.368 6.371 6.375 6.378 6.382 6.385 6.389 6.392 6.396 6.399 6.403 6.407 6.411 6.415 6.418 6.421 6.425 6.428 6.431 6.435 6.438 6.442 6.446 6.450 6.454 6.458 6.463 6.467 6.472 6.477 6.482 6.487 6.492
6.123 6.130 6.137 6.143 6.150 6.157 6.164 6.171 6.178 6.186 6.192 6.198 6.204 6.210 6.216 6.222 6.228 6.234 6.240 6.246 6.252 6.258 6.264 6.270 6.276 6.282 6.288 6.294 6.300 6.306 6.312 6.318 6.324 6.330 6.335 6.340 6.345 6.349 6.353 6.357 6.361 6.365 6.369 6.373 6.376 6.380 6.383 6.387 6.390 6.394 6.397 6.401 6.404 6.407 6.411 6.415 6.419 6.422 6.426 6.429 6.432 6.435 6.438 6.441 6.445 6.448 6.452 6.456 6.460 6.464 6.468 6.472 6.477 6.482 6.486 6.491 6.496
6.134 6.140 6.146 6.153 6.160 6.166 6.173 6.180 6.187 6.194 6.201 6.207 6.213 6.218 6.224 6.230 6.236 6.242 6.247 6.253 6.259 6.265 6.271 6.277 6.283 6.289 6.295 6.301 6.307 6.313 6.319 6.325 6.331 6.337 6.343 6.347 6.352 6.357 6.361 6.365 6.369 6.373 6.377 6.381 6.384 6.388 6.392 6.395 6.399 6.402 6.405 6.409 6.412 6.415 6.419 6.423 6.427 6.430 6.433 6.436 6.439 6.442 6.445 6.448 6.451 6.455 6.458 6.462 6.465 6.469 6.473 6.478 6.482 6.486 6.491 6.496 6.501
