version1/TsunamiDB/out54132.asc
ncols          264
nrows          230
xllcorner      497853.4375
yllcorner      4229146.0000
cellsize         5.
NODATA_value   -99
[rows 102 to 135 of 230, columns 0 to 76 of 264]
5.440 5.458 5.475 5.492 5.509 5.525 5.541 5.557 5.573 5.589 5.604 5.618 5.632 5.647 5.662 5.677 5.691 5.706 5.721 5.735 5.750 5.764 5.779 5.793 5.807 5.821 5.835 5.849 5.863 5.877 5.891 5.905 5.919 5.932 5.944 5.955 5.968 5.980 5.992 6.004 6.015 6.027 6.038 6.050 6.060 6.071 6.081 6.091 6.101 6.110 6.119 6.128 6.137 6.145 6.153 6.161 6.168 6.174 6.180 6.185 6.191 6.197 6.203 6.209 6.215 6.221 6.227 6.233 6.240 6.246 6.253 6.259 6.266 6.273 6.281 6.288 6.296
5.453 5.471 5.488 5.505 5.521 5.538 5.554 5.570 5.585 5.601 5.616 5.630 5.644 5.659 5.673 5.688 5.702 5.717 5.731 5.746 5.760 5.775 5.789 5.803 5.817 5.831 5.845 5.859 5.873 5.887 5.901 5.915 5.928 5.941 5.953 5.965 5.977 5.990 6.002 6.014 6.026 6.038 6.049 6.061 6.072 6.083 6.093 6.104 6.114 6.124 6.133 6.142 6.151 6.160 6.168 6.177 6.184 6.190 6.196 6.202 6.208 6.214 6.220 6.226 6.232 6.237 6.243 6.249 6.255 6.261 6.267 6.274 6.280 6.286 6.293 6.300 6.307
5.465 5.483 5.501 5.518 5.534 5.550 5.566 5.582 5.598 5.614 5.628 5.642 5.656 5.670 5.685 5.699 5.714 5.728 5.742 5.757 5.771 5.785 5.799 5.813 5.827 5.841 5.855 5.869 5.883 5.897 5.910 5.924 5.938 5.951 5.963 5.975 5.987 5.999 6.012 6.024 6.036 6.048 6.060 6.071 6.083 6.094 6.105 6.115 6.126 6.136 6.146 6.155 6.165 6.174 6.183 6.192 6.199 6.206 6.212 6.219 6.225 6.231 6.237 6.243 6.249 6.255 6.260 6.266 6.272 6.277 6.283 6.289 6.295 6.301 6.307 6.314 6.320
5.477 5.495 5.513 5.530 5.547 5.563 5.579 5.595 5.611 5.626 5.641 5.654 5.668 5.683 5.697 5.711 5.725 5.740 5.754 5.768 5.782 5.796 5.810 5.824 5.838 5.852 5.865 5.879 5.893 5.907 5.920 5.934 5.948 5.960 5.972 5.985 5.997 6.009 6.022 6.034 6.046 6.058 6.070 6.082 6.093 6.105 6.116 6.127 6.137 6.148 6.158 6.168 6.178 6.187 6.197 6.206 6.214 6.221 6.228 6.234 6.241 6.247 6.254 6.260 6.266 6.272 6.278 6.283 6.289 6.294 6.300 6.306 6.311 6.317 6.323 6.329 6.335
5.488 5.507 5.525 5.543 5.560 5.576 5.592 5.608 5.624 5.639 5.654 5.667 5.681 5.695 5.709 5.723 5.737 5.751 5.765 5.779 5.793 5.807 5.821 5.834 5.848 5.862 5.876 5.889 5.903 5.916 5.930 5.944 5.957 5.970 5.982 5.994 6.007 6.019 6.031 6.044 6.056 6.068 6.080 6.092 6.104 6.115 6.126 6.138 6.149 6.159 6.170 6.180 6.190 6.200 6.210 6.219 6.228 6.235 6.242 6.249 6.256 6.263 6.270 6.276 6.283 6.289 6.295 6.300 6.306 6.312 6.317 6.323 6.328 6.334 6.339 6.345 6.351
5.499 5.518 5.537 5.555 5.572 5.589 5.605 5.621 5.637 5.652 5.667 5.680 5.694 5.708 5.722 5.736 5.750 5.763 5.777 5.791 5.805 5.818 5.832 5.845 5.859 5.873 5.886 5.900 5.913 5.927 5.940 5.953 5.967 5.980 5.992 6.004 6.016 6.029 6.041 6.053 6.066 6.078 6.090 6.102 6.114 6.125 6.137 6.148 6.159 6.170 6.181 6.192 6.202 6.212 6.222 6.232 6.241 6.249 6.256 6.264 6.271 6.278 6.285 6.292 6.299 6.305 6.311 6.317 6.323 6.329 6.335 6.340 6.346 6.351 6.357 6.362 6.368
5.508 5.528 5.547 5.566 5.583 5.601 5.617 5.634 5.649 5.665 5.679 5.693 5.707 5.721 5.734 5.748 5.762 5.776 5.789 5.803 5.816 5.830 5.843 5.857 5.870 5.883 5.897 5.910 5.923 5.937 5.950 5.963 5.977 5.990 6.002 6.014 6.026 6.038 6.051 6.063 6.075 6.088 6.100 6.112 6.124 6.135 6.147 6.159 6.170 6.181 6.192 6.203 6.213 6.224 6.234 6.244 6.253 6.261 6.269 6.277 6.285 6.292 6.300 6.307 6.314 6.321 6.327 6.334 6.340 6.346 6.352 6.358 6.363 6.369 6.374 6.380 6.385
5.515 5.536 5.556 5.575 5.594 5.612 5.629 5.645 5.662 5.677 5.692 5.705 5.719 5.733 5.747 5.761 5.775 5.788 5.802 5.815 5.828 5.841 5.855 5.868 5.881 5.894 5.908 5.921 5.934 5.947 5.960 5.974 5.987 5.999 6.011 6.023 6.036 6.048 6.060 6.073 6.085 6.097 6.109 6.122 6.134 6.145 6.157 6.169 6.180 6.191 6.202 6.213 6.224 6.235 6.245 6.256 6.265 6.274 6.282 6.290 6.298 6.306 6.314 6.321 6.329 6.336 6.343 6.350 6.356 6.363 6.369 6.375 6.381 6.386 6.392 6.397 6.403
5.521 5.543 5.564 5.584 5.603 5.622 5.639 5.657 5.673 5.689 5.704 5.718 5.732 5.746 5.760 5.773 5.787 5.800 5.814 5.827 5.840 5.853 5.866 5.879 5.892 5.905 5.918 5.931 5.944 5.958 5.971 5.984 5.997 6.009 6.021 6.033 6.045 6.057 6.070 6.082 6.095 6.107 6.119 6.131 6.143 6.155 6.167 6.179 6.190 6.202 6.213 6.224 6.235 6.246 6.256 6.267 6.277 6.285 6.294 6.302 6.311 6.319 6.327 6.335 6.343 6.350 6.358 6.365 6.372 6.378 6.385 6.391 6.397 6.403 6.409 6.415 6.420
5.524 5.547 5.570 5.591 5.611 5.630 5.649 5.667 5.684 5.700 5.715 5.729 5.744 5.758 5.772 5.786 5.799 5.813 5.826 5.839 5.852 5.865 5.878 5.891 5.904 5.917 5.929 5.942 5.955 5.968 5.981 5.994 6.007 6.019 6.031 6.043 6.055 6.067 6.079 6.092 6.104 6.116 6.129 6.141 6.153 6.165 6.177 6.188 6.200 6.211 6.223 6.234 6.245 6.256 6.267 6.278 6.288 6.297 6.306 6.314 6.323 6.332 6.340 6.348 6.356 6.364 6.372 6.379 6.387 6.394 6.400 6.407 6.413 6.420 6.426 6.432 6.438
5.526 5.550 5.573 5.596 5.617 5.637 5.657 5.675 5.693 5.710 5.726 5.740 5.755 5.769 5.783 5.797 5.811 5.825 5.838 5.851 5.864 5.877 5.890 5.903 5.915 5.928 5.941 5.953 5.966 5.979 5.991 6.004 6.017 6.029 6.041 6.053 6.064 6.077 6.089 6.101 6.113 6.126 6.138 6.150 6.162 6.174 6.186 6.198 6.209 6.221 6.233 6.244 6.255 6.266 6.277 6.288 6.298 6.308 6.317 6.326 6.335 6.344 6.352 6.361 6.369 6.377 6.385 6.393 6.401 6.408 6.415 6.422 6.429 6.436 6.442 6.448 6.455
5.525 5.550 5.575 5.598 5.621 5.642 5.663 5.682 5.701 5.719 5.735 5.750 5.765 5.780 5.794 5.809 5.823 5.836 5.850 5.863 5.876 5.889 5.901 5.914 5.927 5.939 5.952 5.964 5.977 5.989 6.002 6.015 6.027 6.039 6.051 6.062 6.074 6.086 6.098 6.110 6.123 6.135 6.147 6.159 6.171 6.183 6.195 6.207 6.219 6.230 6.242 6.253 6.265 6.276 6.287 6.298 6.309 6.318 6.327 6.337 6.346 6.355 6.364 6.373 6.381 6.390 6.398 6.406 6.414 6.422 6.429 6.437 6.444 6.451 6.457 6.464 6.471
5.522 5.549 5.574 5.599 5.622 5.645 5.667 5.687 5.707 5.726 5.743 5.758 5.774 5.789 5.804 5.819 5.833 5.847 5.861 5.874 5.887 5.900 5.913 5.925 5.938 5.950 5.963 5.975 5.988 6.000 6.012 6.025 6.038 6.049 6.060 6.072 6.084 6.095 6.108 6.120 6.132 6.144 6.156 6.168 6.180 6.192 6.204 6.216 6.228 6.239 6.251 6.263 6.274 6.286 6.297 6.308 6.319 6.328 6.338 6.347 6.357 6.366 6.375 6.384 6.393 6.402 6.410 6.419 6.427 6.435 6.443 6.450 6.458 6.465 6.472 6.479 6.486
5.518 5.545 5.571 5.597 5.622 5.646 5.668 5.690 5.711 5.731 5.749 5.765 5.782 5.798 5.813 5.829 5.843 5.857 5.871 5.885 5.898 5.911 5.924 5.936 5.949 5.961 5.974 5.986 5.998 6.011 6.023 6.035 6.048 6.059 6.070 6.081 6.093 6.105 6.117 6.129 6.141 6.153 6.165 6.177 6.189 6.201 6.213 6.225 6.237 6.248 6.260 6.272 6.283 6.295 6.306 6.318 6.328 6.338 6.347 6.357 6.367 6.376 6.386 6.395 6.404 6.413 6.422 6.431 6.439 6.447 6.456 6.463 6.471 6.479 6.486 6.494 6.501
5.513 5.540 5.567 5.593 5.619 5.644 5.668 5.691 5.713 5.734 5.752 5.770 5.788 5.805 5.821 5.837 5.852 5.867 5.881 5.895 5.908 5.921 5.934 5.947 5.960 5.972 5.984 5.997 6.009 6.021 6.033 6.046 6.058 6.069 6.080 6.091 6.102 6.114 6.126 6.138 6.150 6.162 6.174 6.186 6.197 6.209 6.221 6.233 6.245 6.257 6.268 6.280 6.292 6.303 6.315 6.327 6.337 6.347 6.357 6.367 6.376 6.386 6.396 6.405 6.415 6.424 6.433 6.442 6.451 6.459 6.468 6.476 6.484 6.492 6.499 6.507 6.515
5.508 5.534 5.561 5.588 5.614 5.640 5.665 5.689 5.713 5.734 5.754 5.773 5.792 5.810 5.827 5.844 5.859 5.875 5.889 5.904 5.918 5.931 5.944 5.957 5.970 5.982 5.995 6.007 6.019 6.031 6.043 6.056 6.068 6.078 6.089 6.100 6.112 6.123 6.135 6.147 6.158 6.170 6.182 6.194 6.206 6.218 6.229 6.241 6.253 6.265 6.277 6.288 6.300 6.312 6.324 6.335 6.346 6.356 6.366 6.376 6.386 6.396 6.405 6.415 6.425 6.434 6.444 6.453 6.462 6.470 6.479 6.487 6.496 6.504 6.512 6.520 6.528
5.502 5.528 5.555 5.581 5.608 5.634 5.660 5.685 5.710 5.733 5.754 5.774 5.794 5.813 5.831 5.849 5.865 5.881 5.897 5.912 5.926 5.940 5.953 5.966 5.979 5.992 6.004 6.017 6.029 6.041 6.053 6.066 6.077 6.088 6.098 6.109 6.121 6.132 6.144 6.155 6.167 6.179 6.190 6.202 6.214 6.226 6.237 6.249 6.261 6.273 6.284 6.296 6.308 6.320 6.332 6.343 6.354 6.364 6.374 6.384 6.394 6.404 6.414 6.424 6.434 6.444 6.453 6.463 6.472 6.481 6.490 6.498 6.507 6.515 6.524 6.532 6.540
5.498 5.523 5.548 5.574 5.600 5.627 5.653 5.679 5.704 5.728 5.751 5.773 5.794 5.814 5.834 5.852 5.870 5.887 5.903 5.918 5.933 5.947 5.961 5.975 5.988 6.001 6.014 6.026 6.038 6.051 6.063 6.075 6.086 6.097 6.108 6.119 6.130 6.141 6.152 6.164 6.175 6.187 6.198 6.210 6.222 6.233 6.245 6.257 6.269 6.280 6.292 6.304 6.316 6.327 6.340 6.351 6.361 6.372 6.382 6.392 6.402 6.413 6.423 6.433 6.443 6.453 6.463 6.472 6.482 6.491 6.500 6.509 6.518 6.526 6.535 6.543 6.552
5.495 5.518 5.543 5.567 5.593 5.619 5.645 5.671 5.697 5.722 5.745 5.768 5.791 5.812 5.833 5.853 5.872 5.890 5.907 5.923 5.939 5.954 5.968 5.982 5.996 6.009 6.022 6.035 6.047 6.060 6.072 6.084 6.096 6.106 6.117 6.127 6.138 6.150 6.161 6.172 6.184 6.195 6.206 6.218 6.229 6.241 6.253 6.264 6.276 6.288 6.299 6.311 6.323 6.335 6.347 6.358 6.369 6.379 6.389 6.400 6.410 6.420 6.431 6.441 6.451 6.461 6.471 6.481 6.490 6.500 6.509 6.518 6.527 6.536 6.545 6.554 6.563
5.494 5.516 5.538 5.562 5.586 5.611 5.636 5.662 5.688 5.713 5.738 5.762 5.785 5.808 5.830 5.852 5.872 5.891 5.909 5.927 5.943 5.959 5.974 5.989 6.003 6.017 6.030 6.043 6.056 6.068 6.080 6.093 6.104 6.115 6.125 6.136 6.147 6.158 6.169 6.180 6.192 6.203 6.214 6.226 6.237 6.248 6.260 6.271 6.283 6.295 6.306 6.318 6.330 6.342 6.354 6.365 6.375 6.386 6.396 6.407 6.417 6.428 6.438 6.448 6.459 6.469 6.479 6.489 6.499 6.508 6.518 6.527 6.537 6.546 6.555 6.564 6.573
5.495 5.515 5.536 5.558 5.580 5.604 5.628 5.653 5.679 5.704 5.728 5.753 5.777 5.801 5.825 5.847 5.869 5.890 5.909 5.928 5.945 5.962 5.978 5.994 6.009 6.023 6.037 6.050 6.063 6.076 6.088 6.101 6.112 6.123 6.134 6.144 6.155 6.166 6.177 6.188 6.200 6.211 6.222 6.233 6.244 6.256 6.267 6.279 6.290 6.302 6.313 6.325 6.336 6.348 6.360 6.371 6.382 6.392 6.403 6.413 6.424 6.434 6.445 6.455 6.466 6.476 6.486 6.496 6.506 6.516 6.526 6.536 6.545 6.554 6.564 6.573 6.582
5.497 5.516 5.535 5.556 5.577 5.599 5.621 5.645 5.670 5.694 5.718 5.743 5.768 5.792 5.817 5.841 5.863 5.885 5.906 5.926 5.945 5.963 5.981 5.997 6.013 6.028 6.042 6.056 6.069 6.083 6.096 6.108 6.120 6.131 6.142 6.152 6.163 6.174 6.185 6.196 6.207 6.218 6.229 6.241 6.252 6.263 6.274 6.285 6.297 6.308 6.320 6.331 6.343 6.354 6.366 6.378 6.388 6.398 6.409 6.419 6.430 6.441 6.451 6.462 6.472 6.483 6.493 6.503 6.514 6.523 6.533 6.543 6.553 6.562 6.572 6.581 6.591
5.502 5.519 5.537 5.556 5.575 5.595 5.617 5.639 5.662 5.685 5.708 5.732 5.757 5.782 5.807 5.831 5.855 5.879 5.901 5.922 5.943 5.962 5.981 5.998 6.015 6.031 6.046 6.061 6.075 6.088 6.102 6.115 6.127 6.138 6.149 6.160 6.171 6.182 6.193 6.204 6.215 6.226 6.237 6.248 6.259 6.270 6.281 6.292 6.303 6.315 6.326 6.337 6.349 6.360 6.372 6.383 6.394 6.404 6.415 6.425 6.436 6.447 6.457 6.468 6.478 6.489 6.499 6.510 6.520 6.530 6.540 6.550 6.560 6.570 6.579 6.589 6.599
5.508 5.524 5.541 5.558 5.576 5.594 5.614 5.634 5.656 5.677 5.699 5.722 5.746 5.770 5.795 5.820 5.845 5.869 5.893 5.915 5.937 5.958 5.978 5.997 6.015 6.032 6.048 6.064 6.079 6.093 6.107 6.121 6.133 6.144 6.156 6.167 6.178 6.189 6.200 6.211 6.222 6.233 6.244 6.255 6.266 6.277 6.288 6.299 6.310 6.321 6.332 6.343 6.355 6.366 6.378 6.389 6.399 6.410 6.420 6.431 6.441 6.452 6.463 6.474 6.484 6.495 6.505 6.516 6.526 6.536 6.547 6.557 6.567 6.577 6.586 6.596 6.606
5.515 5.530 5.546 5.562 5.578 5.596 5.614 5.632 5.652 5.672 5.692 5.713 5.736 5.759 5.783 5.808 5.833 5.857 5.882 5.906 5.929 5.951 5.973 5.993 6.012 6.031 6.048 6.065 6.081 6.096 6.111 6.125 6.138 6.150 6.162 6.173 6.184 6.196 6.207 6.218 6.229 6.240 6.251 6.262 6.273 6.283 6.294 6.305 6.316 6.327 6.338 6.349 6.361 6.372 6.384 6.395 6.405 6.415 6.426 6.436 6.447 6.457 6.468 6.479 6.490 6.500 6.511 6.521 6.532 6.542 6.552 6.563 6.573 6.583 6.593 6.603 6.613
5.523 5.537 5.552 5.567 5.583 5.599 5.615 5.633 5.651 5.669 5.687 5.707 5.728 5.750 5.772 5.796 5.820 5.845 5.869 5.894 5.918 5.941 5.964 5.986 6.007 6.027 6.046 6.064 6.081 6.097 6.113 6.128 6.142 6.154 6.166 6.178 6.190 6.202 6.213 6.224 6.236 6.247 6.258 6.268 6.279 6.290 6.301 6.312 6.322 6.333 6.344 6.355 6.366 6.378 6.389 6.400 6.410 6.420 6.431 6.441 6.452 6.462 6.473 6.484 6.495 6.505 6.516 6.526 6.537 6.547 6.558 6.568 6.578 6.589 6.599 6.609 6.619
5.532 5.546 5.560 5.574 5.589 5.604 5.619 5.635 5.652 5.668 5.685 5.703 5.722 5.742 5.763 5.785 5.808 5.832 5.856 5.880 5.905 5.929 5.953 5.976 5.998 6.020 6.040 6.060 6.079 6.096 6.113 6.129 6.144 6.157 6.170 6.183 6.195 6.207 6.219 6.230 6.242 6.253 6.264 6.275 6.285 6.296 6.307 6.318 6.328 6.339 6.350 6.361 6.372 6.383 6.394 6.405 6.415 6.425 6.436 6.446 6.457 6.467 6.478 6.489 6.499 6.510 6.521 6.531 6.542 6.552 6.563 6.573 6.584 6.594 6.604 6.614 6.624
5.541 5.555 5.568 5.582 5.596 5.610 5.625 5.640 5.655 5.670 5.685 5.701 5.718 5.737 5.756 5.777 5.798 5.820 5.843 5.867 5.891 5.915 5.939 5.963 5.987 6.009 6.032 6.053 6.073 6.092 6.111 6.128 6.144 6.158 6.172 6.186 6.199 6.211 6.223 6.235 6.247 6.258 6.270 6.281 6.291 6.302 6.313 6.324 6.334 6.345 6.356 6.367 6.377 6.389 6.400 6.410 6.420 6.430 6.441 6.451 6.461 6.472 6.483 6.493 6.504 6.515 6.525 6.536 6.547 6.557 6.568 6.578 6.589 6.599 6.609 6.619 6.630
5.550 5.564 5.577 5.591 5.604 5.618 5.632 5.646 5.660 5.674 5.687 5.702 5.718 5.735 5.752 5.771 5.790 5.810 5.832 5.854 5.877 5.900 5.924 5.948 5.973 5.996 6.020 6.042 6.064 6.085 6.105 6.124 6.141 6.157 6.172 6.187 6.201 6.214 6.227 6.239 6.252 6.263 6.275 6.286 6.297 6.308 6.319 6.329 6.340 6.351 6.361 6.372 6.383 6.394 6.405 6.416 6.425 6.435 6.445 6.456 6.466 6.476 6.487 6.498 6.508 6.519 6.530 6.540 6.551 6.562 6.572 6.583 6.593 6.604 6.614 6.624 6.635
5.560 5.573 5.586 5.600 5.613 5.626 5.639 5.653 5.666 5.679 5.692 5.705 5.720 5.735 5.751 5.767 5.785 5.804 5.823 5.843 5.865 5.887 5.910 5.933 5.957 5.981 6.005 6.029 6.052 6.074 6.096 6.117 6.136 6.153 6.169 6.185 6.200 6.215 6.229 6.242 6.255 6.267 6.279 6.291 6.302 6.313 6.324 6.335 6.346 6.356 6.367 6.378 6.388 6.399 6.410 6.421 6.430 6.440 6.450 6.460 6.471 6.481 6.492 6.502 6.513 6.523 6.534 6.545 6.555 6.566 6.577 6.587 6.598 6.608 6.618 6.629 6.639
5.569 5.583 5.596 5.609 5.622 5.635 5.648 5.661 5.674 5.686 5.698 5.710 5.724 5.738 5.752 5.767 5.783 5.800 5.817 5.836 5.855 5.876 5.897 5.919 5.942 5.965 5.989 6.013 6.037 6.060 6.083 6.106 6.126 6.145 6.163 6.181 6.198 6.213 6.229 6.243 6.257 6.270 6.282 6.294 6.306 6.318 6.329 6.340 6.351 6.361 6.372 6.383 6.393 6.404 6.415 6.426 6.435 6.445 6.455 6.465 6.475 6.485 6.496 6.506 6.517 6.528 6.538 6.549 6.560 6.570 6.581 6.591 6.602 6.612 6.623 6.633 6.644
5.579 5.592 5.605 5.618 5.631 5.644 5.657 5.670 5.682 5.693 5.705 5.717 5.729 5.742 5.756 5.769 5.784 5.799 5.815 5.831 5.849 5.867 5.886 5.907 5.928 5.950 5.973 5.997 6.020 6.044 6.068 6.092 6.113 6.134 6.154 6.173 6.191 6.209 6.226 6.241 6.256 6.270 6.284 6.297 6.309 6.321 6.333 6.344 6.355 6.366 6.377 6.388 6.398 6.409 6.420 6.430 6.440 6.450 6.459 6.469 6.480 6.490 6.500 6.511 6.521 6.532 6.542 6.553 6.564 6.574 6.585 6.595 6.606 6.616 6.627 6.637 6.648
5.588 5.601 5.615 5.628 5.640 5.653 5.666 5.679 5.690 5.701 5.713 5.724 5.736 5.748 5.761 5.774 5.787 5.801 5.815 5.830 5.845 5.862 5.879 5.898 5.917 5.937 5.959 5.981 6.004 6.027 6.051 6.075 6.098 6.119 6.141 6.162 6.182 6.201 6.219 6.237 6.253 6.269 6.283 6.297 6.311 6.323 6.336 6.347 6.359 6.370 6.381 6.392 6.403 6.414 6.425 6.435 6.445 6.454 6.464 6.474 6.484 6.494 6.505 6.515 6.525 6.536 6.546 6.557 6.568 6.578 6.589 6.599 6.610 6.620 6.631 6.641 6.652
5.597 5.611 5.624 5.637 5.650 5.663 5.675 5.688 5.699 5.710 5.721 5.733 5.744 5.756 5.768 5.780 5.792 5.805 5.818 5.831 5.845 5.860 5.876 5.892 5.909 5.928 5.947 5.967 5.989 6.011 6.034 6.057 6.080 6.102 6.124 6.146 6.168 6.189 6.209 6.228 6.247 6.264 6.280 6.295 6.310 6.324 6.337 6.349 6.362 6.373 6.385 6.396 6.407 6.419 6.430 6.440 6.449 6.459 6.468 6.478 6.488 6.499 6.509 6.519 6.530 6.540 6.551 6.561 6.572 6.582 6.593 6.603 6.614 6.624 6.635 6.645 6.656
