version1/TsunamiDB/out54055.asc
ncols          264
nrows          230
xllcorner      497853.4375
yllcorner      4229146.0000
cellsize         5.
NODATA_value   -99
[rows 165 to 197 of 230, columns 148 to 221 of 264]
6.595 6.620 6.646 6.672 6.699 6.726 6.752 6.778 6.803 6.827 6.848 6.868 6.886 6.902 6.915 6.926 6.937 6.949 6.970 7.002 7.042 7.088 7.147 7.215 7.291 7.375 7.465 7.558 7.649 7.722 7.802 7.900 7.996 8.088 8.175 8.259 8.339 8.413 8.482 8.526 8.573 8.639 8.704 8.765 8.821 8.874 8.923 8.962 8.991 9.006 9.023 9.050 9.076 9.101 9.123 9.143 9.161 9.178 9.192 9.196 9.201 9.215 9.229 9.243 9.256 9.270 9.282 9.292 9.300 9.301 9.302 9.308 9.314 9.317
6.603 6.629 6.655 6.681 6.709 6.736 6.764 6.791 6.817 6.842 6.866 6.888 6.907 6.924 6.939 6.951 6.961 6.972 6.992 7.025 7.065 7.112 7.172 7.242 7.322 7.410 7.504 7.603 7.695 7.767 7.846 7.946 8.043 8.135 8.223 8.307 8.386 8.463 8.531 8.573 8.618 8.684 8.746 8.805 8.860 8.910 8.957 8.991 9.016 9.030 9.046 9.071 9.095 9.118 9.139 9.158 9.176 9.192 9.207 9.210 9.215 9.229 9.243 9.257 9.271 9.283 9.296 9.305 9.311 9.311 9.312 9.317 9.321 9.323
6.612 6.638 6.664 6.691 6.719 6.747 6.776 6.804 6.832 6.858 6.884 6.907 6.928 6.947 6.963 6.976 6.986 6.998 7.018 7.052 7.092 7.140 7.202 7.275 7.358 7.450 7.548 7.649 7.740 7.810 7.890 7.991 8.088 8.182 8.270 8.355 8.435 8.511 8.578 8.618 8.662 8.726 8.786 8.843 8.895 8.943 8.984 9.015 9.040 9.053 9.067 9.091 9.113 9.135 9.155 9.173 9.191 9.206 9.220 9.224 9.229 9.243 9.257 9.271 9.284 9.296 9.307 9.315 9.321 9.321 9.320 9.324 9.326 9.326
6.622 6.648 6.674 6.701 6.730 6.759 6.788 6.817 6.846 6.874 6.901 6.926 6.949 6.970 6.988 7.002 7.014 7.027 7.048 7.082 7.123 7.172 7.236 7.312 7.397 7.492 7.593 7.693 7.782 7.852 7.932 8.034 8.133 8.227 8.317 8.402 8.484 8.558 8.622 8.661 8.703 8.764 8.822 8.877 8.926 8.970 9.008 9.038 9.062 9.075 9.087 9.109 9.131 9.151 9.170 9.187 9.204 9.219 9.233 9.237 9.241 9.255 9.269 9.283 9.296 9.307 9.317 9.324 9.330 9.328 9.326 9.329 9.329 9.327
6.634 6.659 6.685 6.713 6.741 6.771 6.801 6.831 6.861 6.890 6.919 6.946 6.971 6.994 7.014 7.030 7.044 7.058 7.080 7.116 7.158 7.209 7.274 7.351 7.439 7.535 7.636 7.734 7.824 7.893 7.973 8.077 8.177 8.272 8.363 8.449 8.530 8.602 8.663 8.700 8.741 8.800 8.855 8.908 8.954 8.995 9.030 9.059 9.082 9.094 9.106 9.127 9.147 9.166 9.184 9.201 9.217 9.231 9.244 9.248 9.252 9.266 9.280 9.294 9.306 9.316 9.325 9.332 9.336 9.334 9.330 9.331 9.330 9.324
6.646 6.671 6.697 6.725 6.754 6.783 6.814 6.845 6.876 6.907 6.937 6.966 6.993 7.018 7.040 7.059 7.075 7.091 7.115 7.152 7.196 7.248 7.314 7.393 7.481 7.576 7.676 7.774 7.864 7.934 8.014 8.119 8.220 8.317 8.408 8.494 8.573 8.643 8.701 8.737 8.776 8.832 8.885 8.935 8.978 9.017 9.050 9.078 9.101 9.112 9.124 9.144 9.163 9.181 9.197 9.213 9.228 9.242 9.255 9.258 9.262 9.276 9.290 9.303 9.314 9.324 9.332 9.337 9.341 9.337 9.332 9.331 9.327 9.318
6.661 6.685 6.711 6.738 6.767 6.797 6.828 6.860 6.892 6.924 6.955 6.986 7.015 7.043 7.068 7.089 7.108 7.126 7.152 7.191 7.236 7.289 7.356 7.434 7.520 7.614 7.713 7.812 7.904 7.974 8.054 8.160 8.263 8.361 8.451 8.536 8.614 8.681 8.738 8.772 8.808 8.862 8.913 8.959 9.000 9.037 9.069 9.096 9.119 9.130 9.140 9.159 9.178 9.194 9.210 9.224 9.238 9.251 9.264 9.267 9.271 9.284 9.298 9.310 9.320 9.329 9.336 9.341 9.343 9.338 9.331 9.327 9.320 9.307
6.677 6.701 6.726 6.753 6.782 6.812 6.843 6.876 6.909 6.942 6.975 7.007 7.039 7.068 7.096 7.121 7.141 7.162 7.189 7.230 7.276 7.329 7.396 7.473 7.557 7.649 7.749 7.849 7.943 8.014 8.095 8.202 8.305 8.403 8.493 8.577 8.653 8.718 8.772 8.804 8.838 8.889 8.937 8.982 9.021 9.056 9.087 9.113 9.135 9.145 9.155 9.174 9.191 9.207 9.221 9.234 9.247 9.260 9.272 9.275 9.278 9.291 9.304 9.315 9.325 9.333 9.338 9.342 9.343 9.336 9.327 9.320 9.308 9.290
6.695 6.718 6.743 6.770 6.798 6.828 6.860 6.893 6.926 6.961 6.995 7.029 7.063 7.095 7.125 7.152 7.175 7.197 7.227 7.268 7.315 7.369 7.435 7.510 7.593 7.684 7.784 7.886 7.983 8.054 8.136 8.244 8.346 8.443 8.532 8.614 8.689 8.751 8.802 8.833 8.865 8.913 8.959 9.002 9.039 9.073 9.104 9.129 9.150 9.160 9.169 9.187 9.203 9.218 9.231 9.243 9.255 9.267 9.279 9.281 9.284 9.296 9.308 9.319 9.327 9.334 9.338 9.340 9.339 9.330 9.318 9.307 9.291 9.267
6.715 6.737 6.762 6.788 6.816 6.846 6.877 6.911 6.945 6.980 7.016 7.052 7.087 7.122 7.154 7.184 7.209 7.233 7.264 7.306 7.353 7.406 7.472 7.546 7.628 7.718 7.818 7.921 8.021 8.093 8.175 8.282 8.384 8.479 8.567 8.648 8.721 8.782 8.831 8.860 8.890 8.936 8.980 9.021 9.057 9.090 9.119 9.144 9.164 9.174 9.182 9.199 9.214 9.228 9.240 9.251 9.262 9.273 9.285 9.286 9.288 9.300 9.311 9.320 9.327 9.332 9.336 9.336 9.332 9.320 9.305 9.290 9.268 9.237
6.737 6.759 6.782 6.808 6.835 6.865 6.897 6.930 6.965 7.001 7.038 7.075 7.112 7.149 7.184 7.215 7.242 7.268 7.299 7.342 7.389 7.441 7.506 7.580 7.660 7.751 7.850 7.955 8.060 8.133 8.213 8.320 8.421 8.515 8.601 8.682 8.753 8.812 8.858 8.885 8.914 8.958 9.000 9.039 9.074 9.107 9.135 9.159 9.179 9.187 9.194 9.210 9.225 9.238 9.249 9.259 9.268 9.278 9.290 9.291 9.292 9.302 9.312 9.319 9.325 9.329 9.330 9.328 9.322 9.307 9.287 9.267 9.238 9.199
6.760 6.782 6.805 6.830 6.857 6.886 6.917 6.951 6.986 7.023 7.061 7.100 7.138 7.176 7.212 7.246 7.274 7.301 7.332 7.376 7.423 7.474 7.538 7.611 7.693 7.783 7.883 7.996 8.103 8.172 8.251 8.357 8.457 8.549 8.634 8.713 8.783 8.838 8.882 8.908 8.936 8.978 9.019 9.057 9.091 9.123 9.151 9.174 9.192 9.199 9.206 9.221 9.235 9.247 9.257 9.266 9.274 9.284 9.296 9.295 9.295 9.304 9.311 9.317 9.321 9.323 9.322 9.317 9.307 9.288 9.263 9.236 9.200 9.152
6.786 6.807 6.829 6.854 6.880 6.909 6.940 6.973 7.009 7.046 7.085 7.124 7.164 7.203 7.241 7.275 7.305 7.332 7.365 7.409 7.455 7.507 7.571 7.645 7.727 7.820 7.925 8.038 8.140 8.209 8.287 8.392 8.490 8.581 8.665 8.741 8.807 8.860 8.904 8.930 8.957 8.998 9.038 9.075 9.108 9.139 9.165 9.187 9.205 9.211 9.217 9.231 9.244 9.256 9.265 9.273 9.281 9.291 9.300 9.298 9.297 9.304 9.309 9.313 9.315 9.314 9.310 9.302 9.288 9.264 9.233 9.199 9.154 9.097
6.813 6.834 6.856 6.879 6.905 6.933 6.964 6.997 7.032 7.070 7.109 7.149 7.189 7.229 7.268 7.304 7.335 7.363 7.396 7.440 7.488 7.539 7.604 7.679 7.763 7.859 7.967 8.076 8.174 8.242 8.320 8.423 8.519 8.610 8.691 8.765 8.828 8.881 8.925 8.950 8.976 9.017 9.056 9.092 9.125 9.154 9.179 9.200 9.218 9.224 9.228 9.242 9.254 9.265 9.274 9.282 9.289 9.297 9.304 9.301 9.297 9.302 9.306 9.307 9.306 9.302 9.295 9.282 9.264 9.234 9.196 9.153 9.100 9.036
6.840 6.862 6.883 6.906 6.931 6.959 6.989 7.021 7.057 7.094 7.133 7.174 7.215 7.255 7.295 7.332 7.364 7.393 7.427 7.472 7.520 7.573 7.638 7.715 7.801 7.899 8.004 8.110 8.205 8.272 8.349 8.451 8.546 8.635 8.714 8.785 8.848 8.900 8.945 8.969 8.995 9.035 9.074 9.109 9.141 9.169 9.193 9.214 9.230 9.236 9.240 9.253 9.265 9.275 9.283 9.290 9.296 9.302 9.307 9.302 9.297 9.299 9.300 9.298 9.294 9.286 9.274 9.257 9.233 9.197 9.151 9.101 9.040 8.970
6.868 6.890 6.912 6.935 6.959 6.986 7.015 7.047 7.082 7.119 7.158 7.198 7.240 7.281 7.321 7.359 7.392 7.422 7.457 7.503 7.553 7.607 7.674 7.752 7.839 7.935 8.038 8.140 8.234 8.300 8.376 8.476 8.570 8.657 8.734 8.804 8.866 8.918 8.963 8.988 9.013 9.053 9.091 9.126 9.156 9.183 9.207 9.227 9.243 9.248 9.251 9.264 9.275 9.285 9.292 9.299 9.304 9.308 9.310 9.303 9.295 9.295 9.292 9.287 9.279 9.267 9.250 9.227 9.197 9.153 9.099 9.042 8.976 8.903
6.895 6.918 6.940 6.963 6.987 7.013 7.042 7.073 7.107 7.143 7.182 7.223 7.264 7.306 7.347 7.385 7.420 7.452 7.488 7.535 7.587 7.642 7.710 7.788 7.873 7.967 8.067 8.167 8.259 8.326 8.400 8.499 8.591 8.677 8.753 8.821 8.882 8.935 8.980 9.004 9.029 9.069 9.107 9.141 9.170 9.197 9.220 9.240 9.256 9.260 9.263 9.275 9.286 9.295 9.302 9.307 9.310 9.312 9.312 9.302 9.292 9.288 9.282 9.273 9.260 9.242 9.220 9.190 9.154 9.102 9.042 8.979 8.910 8.838
6.921 6.945 6.968 6.991 7.015 7.041 7.068 7.099 7.132 7.168 7.207 7.247 7.289 7.331 7.372 7.412 7.447 7.480 7.518 7.567 7.620 7.677 7.745 7.822 7.905 7.995 8.093 8.191 8.283 8.349 8.423 8.520 8.611 8.695 8.770 8.837 8.897 8.950 8.995 9.020 9.045 9.085 9.122 9.155 9.185 9.210 9.233 9.252 9.269 9.272 9.275 9.286 9.297 9.305 9.310 9.314 9.316 9.315 9.312 9.300 9.287 9.278 9.268 9.254 9.236 9.213 9.184 9.148 9.105 9.047 8.980 8.915 8.846 8.777
6.945 6.970 6.995 7.019 7.043 7.068 7.095 7.125 7.157 7.192 7.231 7.271 7.313 7.355 7.397 7.437 7.474 7.509 7.548 7.599 7.653 7.711 7.778 7.854 7.934 8.022 8.117 8.214 8.306 8.372 8.445 8.541 8.630 8.712 8.785 8.852 8.912 8.964 9.010 9.034 9.059 9.098 9.135 9.169 9.197 9.222 9.245 9.264 9.281 9.284 9.286 9.297 9.306 9.313 9.317 9.320 9.319 9.316 9.310 9.295 9.278 9.265 9.250 9.231 9.207 9.178 9.142 9.100 9.050 8.987 8.918 8.852 8.786 8.723
6.968 6.994 7.020 7.044 7.069 7.094 7.121 7.150 7.181 7.216 7.254 7.294 7.336 7.379 7.422 7.463 7.500 7.537 7.578 7.630 7.686 7.744 7.811 7.885 7.963 8.048 8.140 8.236 8.328 8.394 8.465 8.559 8.647 8.727 8.799 8.865 8.925 8.977 9.022 9.046 9.071 9.110 9.147 9.180 9.208 9.233 9.255 9.274 9.291 9.294 9.295 9.306 9.314 9.320 9.323 9.323 9.321 9.315 9.305 9.287 9.266 9.248 9.228 9.203 9.173 9.137 9.096 9.047 8.993 8.927 8.857 8.793 8.732 8.676
6.988 7.016 7.042 7.068 7.093 7.119 7.145 7.174 7.205 7.239 7.276 7.317 7.359 7.402 7.445 7.487 7.526 7.564 7.607 7.661 7.717 7.775 7.841 7.913 7.989 8.071 8.161 8.256 8.350 8.415 8.485 8.577 8.663 8.742 8.812 8.877 8.937 8.989 9.034 9.057 9.081 9.121 9.157 9.190 9.218 9.243 9.265 9.284 9.301 9.304 9.304 9.314 9.321 9.326 9.327 9.325 9.320 9.312 9.298 9.275 9.250 9.227 9.201 9.171 9.134 9.092 9.045 8.992 8.935 8.868 8.799 8.740 8.685 8.636
7.006 7.035 7.063 7.090 7.116 7.142 7.168 7.196 7.227 7.261 7.298 7.338 7.381 7.424 7.468 7.510 7.551 7.589 7.633 7.689 7.747 7.805 7.870 7.940 8.015 8.095 8.182 8.280 8.375 8.437 8.505 8.595 8.679 8.755 8.825 8.889 8.948 8.999 9.044 9.067 9.090 9.130 9.166 9.199 9.227 9.252 9.273 9.293 9.310 9.312 9.312 9.320 9.326 9.329 9.328 9.324 9.317 9.304 9.286 9.259 9.229 9.202 9.170 9.133 9.091 9.044 8.992 8.937 8.879 8.813 8.748 8.694 8.646 8.604
7.021 7.052 7.081 7.109 7.136 7.163 7.189 7.217 7.248 7.281 7.318 7.358 7.401 7.445 7.489 7.531 7.572 7.613 7.660 7.718 7.776 7.834 7.899 7.968 8.041 8.121 8.210 8.307 8.397 8.458 8.524 8.612 8.694 8.769 8.837 8.900 8.958 9.008 9.052 9.075 9.098 9.137 9.173 9.206 9.234 9.259 9.281 9.300 9.316 9.317 9.317 9.324 9.328 9.329 9.326 9.319 9.309 9.292 9.270 9.239 9.205 9.172 9.134 9.093 9.046 8.994 8.940 8.884 8.827 8.764 8.703 8.655 8.614 8.578
7.035 7.067 7.098 7.127 7.155 7.182 7.209 7.237 7.267 7.300 7.337 7.377 7.420 7.463 7.507 7.549 7.591 7.636 7.687 7.746 7.805 7.864 7.928 7.997 8.070 8.150 8.239 8.332 8.419 8.478 8.543 8.628 8.709 8.783 8.849 8.911 8.967 9.016 9.061 9.082 9.104 9.143 9.180 9.212 9.240 9.265 9.287 9.306 9.321 9.321 9.319 9.325 9.328 9.327 9.321 9.311 9.296 9.276 9.251 9.216 9.176 9.138 9.096 9.050 8.999 8.945 8.890 8.834 8.780 8.721 8.665 8.623 8.588 8.558
7.047 7.080 7.112 7.142 7.171 7.199 7.226 7.254 7.284 7.317 7.353 7.393 7.436 7.479 7.522 7.566 7.610 7.659 7.713 7.773 7.833 7.894 7.959 8.027 8.100 8.180 8.266 8.356 8.440 8.498 8.561 8.646 8.725 8.797 8.862 8.922 8.976 9.024 9.068 9.089 9.110 9.149 9.185 9.218 9.246 9.271 9.292 9.309 9.323 9.322 9.319 9.323 9.324 9.321 9.312 9.298 9.280 9.256 9.228 9.188 9.145 9.102 9.056 9.006 8.953 8.898 8.843 8.790 8.739 8.684 8.634 8.597 8.567 8.542
7.057 7.092 7.124 7.156 7.186 7.214 7.242 7.270 7.299 7.332 7.368 7.407 7.448 7.492 7.536 7.581 7.629 7.681 7.738 7.801 7.863 7.925 7.990 8.059 8.132 8.209 8.292 8.379 8.461 8.520 8.582 8.664 8.742 8.813 8.875 8.933 8.985 9.032 9.075 9.095 9.115 9.154 9.190 9.222 9.250 9.274 9.295 9.311 9.323 9.321 9.316 9.319 9.317 9.311 9.300 9.283 9.261 9.234 9.202 9.159 9.111 9.065 9.016 8.963 8.909 8.854 8.801 8.751 8.704 8.654 8.608 8.577 8.551 8.530
7.067 7.102 7.136 7.168 7.199 7.228 7.256 7.284 7.312 7.344 7.379 7.417 7.458 7.501 7.547 7.596 7.647 7.703 7.763 7.828 7.892 7.955 8.022 8.092 8.162 8.237 8.317 8.401 8.484 8.542 8.603 8.684 8.761 8.830 8.890 8.944 8.994 9.039 9.082 9.101 9.121 9.159 9.195 9.227 9.254 9.277 9.296 9.311 9.322 9.318 9.311 9.312 9.308 9.299 9.284 9.265 9.239 9.209 9.174 9.127 9.076 9.027 8.976 8.923 8.868 8.815 8.764 8.717 8.675 8.629 8.587 8.560 8.539 8.521
7.075 7.111 7.145 7.179 7.211 7.240 7.268 7.295 7.323 7.353 7.388 7.424 7.465 7.510 7.558 7.609 7.665 7.725 7.788 7.854 7.919 7.984 8.053 8.122 8.191 8.263 8.340 8.425 8.509 8.567 8.627 8.708 8.784 8.848 8.905 8.956 9.003 9.048 9.090 9.108 9.126 9.165 9.200 9.230 9.256 9.279 9.297 9.310 9.318 9.313 9.304 9.302 9.296 9.284 9.267 9.244 9.216 9.182 9.144 9.095 9.041 8.991 8.938 8.885 8.832 8.780 8.732 8.689 8.651 8.609 8.571 8.548 8.530 8.514
7.082 7.118 7.154 7.188 7.220 7.250 7.277 7.303 7.330 7.360 7.393 7.429 7.471 7.517 7.567 7.623 7.683 7.746 7.811 7.878 7.944 8.012 8.082 8.151 8.219 8.289 8.366 8.451 8.537 8.595 8.654 8.735 8.806 8.868 8.921 8.969 9.013 9.056 9.098 9.115 9.132 9.170 9.204 9.233 9.258 9.278 9.295 9.306 9.312 9.305 9.295 9.290 9.281 9.267 9.246 9.221 9.190 9.154 9.114 9.062 9.007 8.956 8.903 8.851 8.799 8.750 8.705 8.666 8.632 8.593 8.559 8.539 8.523 8.509
7.089 7.125 7.161 7.196 7.228 7.258 7.285 7.310 7.335 7.364 7.397 7.433 7.475 7.522 7.576 7.635 7.699 7.765 7.832 7.900 7.967 8.037 8.109 8.179 8.247 8.317 8.393 8.477 8.566 8.626 8.684 8.761 8.830 8.889 8.938 8.983 9.024 9.065 9.105 9.122 9.139 9.175 9.207 9.235 9.258 9.277 9.292 9.301 9.305 9.296 9.283 9.276 9.264 9.247 9.225 9.197 9.164 9.126 9.083 9.030 8.974 8.922 8.871 8.820 8.770 8.724 8.683 8.646 8.616 8.581 8.550 8.532 8.517 8.505
7.095 7.131 7.167 7.202 7.235 7.264 7.290 7.313 7.337 7.366 7.399 7.435 7.478 7.527 7.584 7.647 7.714 7.783 7.851 7.920 7.988 8.060 8.135 8.206 8.276 8.347 8.421 8.507 8.602 8.662 8.717 8.791 8.857 8.911 8.956 8.998 9.035 9.074 9.116 9.131 9.146 9.181 9.211 9.237 9.258 9.276 9.289 9.296 9.297 9.285 9.270 9.260 9.246 9.227 9.202 9.172 9.137 9.097 9.054 9.000 8.944 8.893 8.843 8.794 8.747 8.704 8.665 8.631 8.605 8.573 8.543 8.528 8.514 8.503
7.100 7.136 7.172 7.207 7.239 7.268 7.293 7.314 7.337 7.367 7.400 7.437 7.482 7.533 7.593 7.659 7.728 7.799 7.869 7.939 8.008 8.083 8.160 8.234 8.307 8.379 8.453 8.550 8.648 8.701 8.752 8.823 8.883 8.933 8.975 9.013 9.047 9.087 9.129 9.141 9.154 9.187 9.215 9.238 9.257 9.273 9.284 9.288 9.286 9.272 9.256 9.244 9.227 9.206 9.179 9.147 9.111 9.070 9.025 8.972 8.916 8.866 8.818 8.772 8.728 8.687 8.651 8.621 8.598 8.567 8.540 8.525 8.512 8.501
7.104 7.140 7.176 7.210 7.242 7.270 7.293 7.315 7.338 7.369 7.403 7.441 7.487 7.541 7.603 7.669 7.740 7.814 7.888 7.959 8.029 8.108 8.189 8.267 8.343 8.420 8.504 8.602 8.690 8.740 8.788 8.853 8.909 8.955 8.994 9.030 9.065 9.104 9.140 9.151 9.163 9.192 9.218 9.239 9.256 9.269 9.277 9.278 9.274 9.259 9.240 9.226 9.207 9.184 9.156 9.123 9.085 9.044 8.999 8.946 8.891 8.843 8.797 8.754 8.712 8.675 8.642 8.615 8.593 8.563 8.537 8.523 8.511 8.500
