version1/TsunamiDB/out54043.asc
ncols          264
nrows          230
xllcorner      497853.4375
yllcorner      4229146.0000
cellsize         5.
NODATA_value   -99
[rows 64 to 95 of 230, columns 146 to 218 of 264]
4.825 4.861 4.898 4.934 4.970 5.006 5.043 5.080 5.118 5.156 5.194 5.233 5.273 5.313 5.353 5.393 5.434 5.475 5.516 5.557 5.597 5.637 5.675 5.713 5.748 5.783 5.815 5.845 5.872 5.898 5.922 5.945 5.967 5.987 6.007 6.027 6.048 6.069 6.092 6.115 6.140 6.166 6.193 6.221 6.250 6.279 6.307 6.336 6.364 6.392 6.418 6.443 6.469 6.494 6.518 6.543 6.567 6.591 6.615 6.640 6.665 6.691 6.719 6.747 6.778 6.809 6.842 6.876 6.911 6.947 6.983 7.018 7.052
4.836 4.871 4.907 4.942 4.977 5.011 5.047 5.083 5.119 5.155 5.192 5.229 5.267 5.305 5.344 5.383 5.422 5.462 5.502 5.543 5.583 5.623 5.662 5.701 5.739 5.775 5.810 5.842 5.871 5.900 5.927 5.952 5.976 5.998 6.019 6.040 6.060 6.081 6.102 6.125 6.148 6.174 6.200 6.227 6.255 6.283 6.312 6.341 6.370 6.398 6.425 6.451 6.477 6.503 6.529 6.554 6.580 6.605 6.630 6.656 6.682 6.708 6.736 6.765 6.796 6.828 6.861 6.896 6.932 6.968 7.005 7.041 7.077
4.848 4.882 4.917 4.951 4.985 5.018 5.052 5.087 5.121 5.156 5.192 5.227 5.263 5.299 5.336 5.373 5.411 5.450 5.489 5.528 5.568 5.607 5.647 5.686 5.725 5.763 5.799 5.833 5.866 5.897 5.927 5.955 5.981 6.005 6.028 6.049 6.070 6.091 6.112 6.134 6.157 6.180 6.206 6.232 6.259 6.287 6.315 6.344 6.373 6.402 6.430 6.456 6.484 6.511 6.537 6.564 6.590 6.616 6.642 6.669 6.696 6.723 6.751 6.781 6.812 6.844 6.878 6.913 6.949 6.987 7.024 7.062 7.099
4.861 4.894 4.928 4.961 4.993 5.025 5.059 5.092 5.126 5.159 5.193 5.226 5.260 5.295 5.330 5.365 5.401 5.438 5.475 5.513 5.552 5.591 5.630 5.669 5.708 5.746 5.784 5.820 5.855 5.889 5.921 5.951 5.980 6.007 6.032 6.055 6.077 6.099 6.120 6.142 6.164 6.187 6.211 6.236 6.262 6.289 6.317 6.346 6.375 6.404 6.432 6.460 6.488 6.516 6.544 6.571 6.598 6.626 6.653 6.680 6.707 6.735 6.764 6.794 6.825 6.858 6.892 6.928 6.965 7.003 7.042 7.081 7.120
4.875 4.907 4.940 4.972 5.003 5.035 5.067 5.099 5.131 5.163 5.195 5.228 5.260 5.293 5.326 5.359 5.393 5.428 5.464 5.500 5.537 5.574 5.612 5.650 5.689 5.728 5.766 5.803 5.839 5.875 5.909 5.942 5.973 6.003 6.030 6.056 6.080 6.103 6.125 6.147 6.169 6.192 6.215 6.239 6.264 6.291 6.318 6.346 6.375 6.404 6.433 6.461 6.490 6.519 6.548 6.576 6.604 6.633 6.661 6.689 6.717 6.746 6.775 6.805 6.837 6.870 6.905 6.941 6.978 7.017 7.057 7.097 7.137
4.889 4.921 4.953 4.984 5.015 5.045 5.076 5.108 5.138 5.169 5.200 5.231 5.261 5.292 5.324 5.355 5.387 5.420 5.454 5.488 5.523 5.558 5.595 5.632 5.670 5.708 5.746 5.783 5.820 5.857 5.893 5.928 5.961 5.993 6.023 6.051 6.078 6.103 6.126 6.149 6.172 6.194 6.217 6.240 6.265 6.291 6.317 6.345 6.373 6.403 6.431 6.460 6.490 6.519 6.549 6.579 6.608 6.637 6.666 6.695 6.724 6.754 6.784 6.815 6.847 6.880 6.915 6.951 6.990 7.029 7.070 7.111 7.152
4.904 4.935 4.966 4.997 5.027 5.057 5.087 5.117 5.147 5.177 5.206 5.235 5.265 5.294 5.324 5.354 5.384 5.414 5.446 5.478 5.510 5.544 5.579 5.614 5.650 5.687 5.724 5.761 5.798 5.835 5.872 5.908 5.943 5.977 6.010 6.040 6.069 6.097 6.122 6.147 6.170 6.193 6.216 6.239 6.263 6.288 6.314 6.341 6.370 6.399 6.428 6.457 6.487 6.518 6.548 6.579 6.610 6.640 6.670 6.700 6.730 6.760 6.790 6.822 6.854 6.888 6.923 6.960 6.998 7.039 7.080 7.122 7.164
4.920 4.950 4.981 5.011 5.040 5.069 5.099 5.128 5.157 5.186 5.214 5.242 5.270 5.298 5.326 5.354 5.383 5.411 5.441 5.470 5.501 5.532 5.564 5.598 5.632 5.667 5.703 5.738 5.774 5.811 5.848 5.885 5.921 5.957 5.991 6.023 6.055 6.084 6.112 6.138 6.164 6.188 6.211 6.235 6.259 6.283 6.309 6.335 6.363 6.392 6.421 6.451 6.482 6.513 6.545 6.577 6.608 6.640 6.671 6.702 6.733 6.764 6.795 6.826 6.859 6.893 6.928 6.966 7.005 7.045 7.087 7.130 7.173
4.936 4.966 4.996 5.026 5.054 5.082 5.111 5.140 5.168 5.196 5.223 5.251 5.278 5.304 5.331 5.358 5.384 5.411 5.438 5.466 5.494 5.523 5.553 5.583 5.615 5.648 5.682 5.716 5.751 5.787 5.823 5.859 5.896 5.932 5.967 6.001 6.034 6.065 6.095 6.124 6.151 6.176 6.201 6.225 6.250 6.274 6.299 6.326 6.353 6.382 6.412 6.442 6.473 6.505 6.538 6.571 6.604 6.636 6.669 6.701 6.733 6.764 6.796 6.828 6.862 6.896 6.931 6.969 7.008 7.049 7.091 7.135 7.179
4.953 4.982 5.012 5.041 5.069 5.096 5.125 5.152 5.180 5.207 5.234 5.260 5.287 5.312 5.338 5.363 5.389 5.414 5.439 5.464 5.490 5.517 5.544 5.572 5.602 5.632 5.664 5.695 5.728 5.762 5.797 5.833 5.869 5.904 5.940 5.974 6.008 6.041 6.073 6.103 6.131 6.158 6.185 6.210 6.235 6.260 6.285 6.312 6.339 6.368 6.398 6.428 6.460 6.493 6.527 6.561 6.595 6.629 6.663 6.696 6.729 6.762 6.794 6.827 6.861 6.895 6.931 6.968 7.007 7.049 7.092 7.136 7.180
4.970 4.999 5.028 5.056 5.084 5.111 5.138 5.166 5.193 5.219 5.246 5.272 5.297 5.322 5.347 5.371 5.395 5.419 5.443 5.466 5.490 5.515 5.539 5.565 5.592 5.619 5.648 5.677 5.708 5.740 5.773 5.807 5.841 5.876 5.911 5.945 5.979 6.012 6.045 6.076 6.106 6.134 6.161 6.188 6.214 6.239 6.265 6.292 6.320 6.349 6.378 6.409 6.442 6.476 6.511 6.546 6.582 6.617 6.652 6.686 6.720 6.754 6.788 6.821 6.855 6.890 6.926 6.963 7.003 7.044 7.087 7.133 7.178
4.987 5.016 5.044 5.072 5.099 5.126 5.153 5.180 5.206 5.232 5.258 5.284 5.309 5.333 5.357 5.381 5.404 5.427 5.449 5.472 5.494 5.516 5.539 5.562 5.586 5.611 5.637 5.663 5.691 5.720 5.751 5.782 5.815 5.848 5.881 5.915 5.948 5.981 6.014 6.045 6.075 6.105 6.133 6.160 6.186 6.213 6.239 6.266 6.294 6.323 6.353 6.384 6.417 6.452 6.488 6.524 6.561 6.598 6.634 6.670 6.705 6.740 6.775 6.809 6.844 6.879 6.915 6.953 6.992 7.034 7.078 7.124 7.171
5.004 5.032 5.060 5.088 5.114 5.141 5.167 5.194 5.220 5.246 5.272 5.297 5.321 5.346 5.369 5.392 5.415 5.437 5.458 5.480 5.500 5.521 5.542 5.563 5.584 5.607 5.630 5.653 5.678 5.705 5.733 5.762 5.792 5.823 5.855 5.887 5.919 5.951 5.982 6.013 6.043 6.072 6.100 6.128 6.154 6.181 6.207 6.234 6.262 6.291 6.320 6.352 6.385 6.421 6.457 6.494 6.532 6.570 6.608 6.645 6.682 6.718 6.754 6.790 6.825 6.861 6.898 6.936 6.976 7.018 7.063 7.110 7.157
5.022 5.050 5.077 5.104 5.130 5.156 5.182 5.209 5.234 5.260 5.285 5.310 5.335 5.359 5.382 5.405 5.427 5.449 5.470 5.490 5.510 5.530 5.549 5.568 5.587 5.607 5.628 5.649 5.671 5.695 5.720 5.746 5.774 5.802 5.832 5.862 5.892 5.922 5.952 5.982 6.011 6.040 6.067 6.094 6.120 6.146 6.173 6.199 6.226 6.254 6.283 6.314 6.347 6.382 6.419 6.456 6.495 6.534 6.573 6.611 6.649 6.687 6.724 6.761 6.797 6.834 6.872 6.910 6.951 6.994 7.040 7.088 7.137
5.039 5.067 5.094 5.121 5.146 5.171 5.198 5.223 5.249 5.274 5.300 5.324 5.349 5.373 5.396 5.419 5.441 5.462 5.483 5.503 5.522 5.541 5.559 5.577 5.595 5.613 5.631 5.650 5.669 5.690 5.713 5.736 5.761 5.787 5.814 5.842 5.870 5.898 5.927 5.955 5.983 6.010 6.036 6.062 6.088 6.113 6.138 6.163 6.190 6.216 6.243 6.273 6.305 6.339 6.375 6.413 6.451 6.490 6.529 6.569 6.608 6.647 6.685 6.722 6.760 6.798 6.836 6.876 6.917 6.961 7.008 7.057 7.108
5.057 5.084 5.110 5.137 5.162 5.187 5.213 5.238 5.264 5.289 5.314 5.339 5.363 5.387 5.410 5.433 5.455 5.477 5.497 5.517 5.536 5.555 5.572 5.590 5.606 5.623 5.639 5.656 5.673 5.691 5.711 5.732 5.755 5.778 5.803 5.828 5.854 5.880 5.907 5.933 5.959 5.985 6.011 6.035 6.060 6.083 6.107 6.131 6.156 6.181 6.206 6.235 6.265 6.297 6.331 6.367 6.405 6.443 6.482 6.521 6.560 6.599 6.638 6.676 6.715 6.753 6.792 6.832 6.874 6.918 6.966 7.016 7.068
5.075 5.101 5.127 5.153 5.178 5.203 5.228 5.254 5.279 5.304 5.328 5.353 5.377 5.401 5.424 5.447 5.470 5.491 5.512 5.533 5.552 5.570 5.588 5.605 5.621 5.637 5.652 5.666 5.682 5.698 5.716 5.735 5.754 5.775 5.797 5.821 5.844 5.869 5.893 5.918 5.943 5.967 5.991 6.015 6.038 6.060 6.083 6.106 6.129 6.152 6.176 6.202 6.230 6.260 6.292 6.326 6.361 6.398 6.435 6.473 6.512 6.550 6.588 6.626 6.664 6.703 6.741 6.781 6.823 6.867 6.915 6.966 7.019
5.092 5.118 5.144 5.170 5.194 5.219 5.244 5.269 5.293 5.318 5.343 5.367 5.391 5.415 5.439 5.462 5.485 5.507 5.528 5.548 5.568 5.587 5.605 5.622 5.638 5.654 5.668 5.681 5.695 5.710 5.726 5.742 5.760 5.779 5.799 5.819 5.841 5.863 5.886 5.909 5.933 5.956 5.978 6.001 6.023 6.045 6.066 6.088 6.110 6.131 6.154 6.178 6.204 6.231 6.261 6.292 6.325 6.360 6.395 6.431 6.468 6.505 6.541 6.578 6.615 6.652 6.689 6.728 6.768 6.811 6.858 6.909 6.962
5.110 5.136 5.161 5.187 5.211 5.235 5.259 5.284 5.308 5.333 5.357 5.381 5.406 5.430 5.453 5.477 5.499 5.522 5.544 5.565 5.585 5.604 5.623 5.640 5.657 5.672 5.686 5.699 5.713 5.726 5.741 5.755 5.771 5.788 5.805 5.824 5.844 5.864 5.885 5.907 5.929 5.950 5.972 5.994 6.015 6.036 6.057 6.078 6.099 6.119 6.140 6.163 6.187 6.213 6.240 6.269 6.300 6.331 6.365 6.398 6.433 6.467 6.502 6.537 6.571 6.606 6.641 6.678 6.716 6.756 6.801 6.851 6.903
5.128 5.153 5.178 5.203 5.227 5.251 5.275 5.299 5.323 5.347 5.372 5.396 5.420 5.444 5.467 5.491 5.514 5.537 5.559 5.581 5.601 5.621 5.641 5.659 5.676 5.692 5.706 5.719 5.733 5.746 5.759 5.773 5.787 5.801 5.817 5.834 5.852 5.870 5.890 5.910 5.930 5.951 5.972 5.992 6.013 6.033 6.054 6.074 6.095 6.115 6.135 6.156 6.179 6.203 6.229 6.256 6.284 6.314 6.345 6.376 6.408 6.441 6.473 6.505 6.537 6.569 6.602 6.635 6.670 6.707 6.749 6.797 6.849
5.145 5.171 5.196 5.220 5.243 5.267 5.291 5.315 5.338 5.362 5.386 5.410 5.434 5.457 5.481 5.505 5.528 5.551 5.574 5.596 5.618 5.638 5.658 5.677 5.695 5.712 5.727 5.741 5.754 5.767 5.780 5.793 5.806 5.819 5.833 5.848 5.864 5.881 5.899 5.917 5.936 5.956 5.976 5.996 6.016 6.036 6.056 6.077 6.097 6.117 6.136 6.157 6.179 6.202 6.226 6.251 6.278 6.306 6.335 6.365 6.395 6.425 6.455 6.485 6.515 6.544 6.573 6.603 6.635 6.669 6.708 6.755 6.806
5.163 5.188 5.213 5.237 5.259 5.283 5.307 5.330 5.353 5.377 5.400 5.424 5.447 5.471 5.495 5.519 5.542 5.566 5.589 5.611 5.633 5.655 5.676 5.696 5.714 5.732 5.748 5.762 5.777 5.790 5.803 5.815 5.828 5.840 5.853 5.866 5.880 5.896 5.912 5.929 5.947 5.965 5.984 6.004 6.023 6.043 6.063 6.083 6.104 6.123 6.143 6.163 6.184 6.207 6.230 6.254 6.280 6.306 6.334 6.362 6.390 6.419 6.447 6.475 6.503 6.530 6.557 6.584 6.612 6.643 6.679 6.724 6.775
5.180 5.206 5.230 5.254 5.276 5.300 5.323 5.346 5.368 5.391 5.414 5.438 5.461 5.484 5.508 5.532 5.556 5.579 5.603 5.626 5.648 5.671 5.692 5.713 5.733 5.752 5.769 5.784 5.799 5.813 5.827 5.839 5.851 5.863 5.874 5.887 5.900 5.913 5.928 5.944 5.960 5.978 5.996 6.015 6.034 6.054 6.073 6.094 6.114 6.134 6.153 6.173 6.194 6.216 6.239 6.262 6.287 6.313 6.339 6.366 6.394 6.421 6.448 6.475 6.501 6.526 6.551 6.575 6.600 6.628 6.663 6.707 6.757
5.197 5.223 5.248 5.271 5.293 5.316 5.339 5.361 5.384 5.406 5.429 5.451 5.474 5.498 5.521 5.545 5.568 5.592 5.616 5.639 5.663 5.686 5.708 5.730 5.751 5.771 5.789 5.805 5.821 5.836 5.850 5.863 5.875 5.887 5.898 5.909 5.921 5.933 5.947 5.961 5.976 5.993 6.010 6.028 6.047 6.067 6.086 6.107 6.127 6.147 6.166 6.187 6.208 6.229 6.251 6.274 6.299 6.324 6.350 6.376 6.403 6.430 6.456 6.482 6.507 6.531 6.554 6.576 6.599 6.626 6.659 6.703 6.752
5.214 5.240 5.265 5.288 5.310 5.333 5.355 5.377 5.399 5.421 5.443 5.465 5.488 5.511 5.534 5.557 5.581 5.605 5.629 5.653 5.676 5.700 5.723 5.745 5.767 5.788 5.807 5.825 5.842 5.858 5.873 5.887 5.899 5.911 5.922 5.933 5.944 5.955 5.968 5.981 5.995 6.010 6.027 6.044 6.063 6.082 6.102 6.122 6.142 6.162 6.182 6.202 6.223 6.245 6.267 6.290 6.313 6.338 6.364 6.390 6.417 6.443 6.470 6.495 6.520 6.543 6.565 6.587 6.608 6.634 6.666 6.709 6.757
5.230 5.256 5.281 5.305 5.327 5.350 5.372 5.393 5.415 5.436 5.458 5.480 5.502 5.524 5.547 5.570 5.593 5.617 5.641 5.665 5.689 5.713 5.737 5.760 5.783 5.804 5.825 5.843 5.862 5.879 5.895 5.909 5.923 5.935 5.946 5.957 5.967 5.978 5.990 6.002 6.015 6.029 6.045 6.062 6.080 6.099 6.119 6.139 6.159 6.179 6.199 6.220 6.241 6.262 6.284 6.307 6.331 6.356 6.381 6.407 6.434 6.461 6.488 6.513 6.538 6.561 6.583 6.604 6.625 6.649 6.680 6.722 6.769
5.246 5.272 5.298 5.321 5.344 5.366 5.388 5.410 5.431 5.452 5.473 5.494 5.515 5.537 5.559 5.582 5.605 5.629 5.653 5.677 5.701 5.725 5.749 5.773 5.797 5.820 5.841 5.860 5.880 5.898 5.915 5.931 5.945 5.958 5.970 5.981 5.991 6.002 6.013 6.024 6.037 6.050 6.065 6.082 6.099 6.118 6.137 6.157 6.178 6.198 6.218 6.239 6.260 6.282 6.304 6.327 6.350 6.375 6.401 6.427 6.454 6.482 6.509 6.535 6.560 6.584 6.607 6.628 6.648 6.671 6.701 6.741 6.786
5.261 5.288 5.313 5.337 5.360 5.383 5.405 5.426 5.447 5.468 5.488 5.509 5.529 5.550 5.572 5.594 5.617 5.640 5.664 5.688 5.712 5.737 5.761 5.786 5.810 5.833 5.855 5.876 5.896 5.916 5.934 5.950 5.966 5.979 5.992 6.003 6.014 6.025 6.036 6.047 6.059 6.072 6.087 6.102 6.120 6.138 6.157 6.177 6.198 6.218 6.238 6.259 6.281 6.303 6.325 6.347 6.371 6.396 6.422 6.449 6.476 6.504 6.532 6.560 6.586 6.611 6.634 6.656 6.676 6.697 6.725 6.763 6.806
5.276 5.302 5.328 5.352 5.376 5.399 5.421 5.442 5.463 5.484 5.504 5.524 5.544 5.564 5.585 5.606 5.628 5.651 5.675 5.699 5.723 5.748 5.772 5.797 5.822 5.846 5.868 5.890 5.911 5.932 5.951 5.968 5.985 5.999 6.013 6.025 6.037 6.048 6.059 6.070 6.082 6.095 6.109 6.124 6.141 6.159 6.178 6.198 6.219 6.239 6.260 6.281 6.303 6.324 6.347 6.369 6.393 6.418 6.444 6.471 6.500 6.529 6.558 6.586 6.614 6.640 6.664 6.686 6.705 6.725 6.751 6.787 6.829
5.290 5.316 5.343 5.367 5.390 5.414 5.436 5.458 5.479 5.499 5.519 5.539 5.558 5.578 5.598 5.619 5.640 5.662 5.685 5.709 5.733 5.758 5.783 5.807 5.832 5.857 5.880 5.903 5.925 5.946 5.966 5.985 6.002 6.018 6.032 6.045 6.058 6.069 6.081 6.092 6.104 6.117 6.131 6.147 6.163 6.181 6.201 6.221 6.241 6.262 6.282 6.304 6.325 6.347 6.370 6.393 6.416 6.441 6.467 6.495 6.524 6.554 6.584 6.614 6.643 6.670 6.695 6.717 6.736 6.754 6.779 6.814 6.854
5.303 5.330 5.356 5.380 5.404 5.428 5.451 5.473 5.494 5.514 5.534 5.554 5.573 5.592 5.612 5.631 5.652 5.674 5.696 5.719 5.743 5.767 5.792 5.817 5.842 5.867 5.891 5.914 5.937 5.959 5.980 5.999 6.017 6.034 6.050 6.064 6.077 6.090 6.102 6.114 6.127 6.140 6.154 6.170 6.186 6.204 6.224 6.244 6.264 6.285 6.305 6.327 6.349 6.371 6.394 6.416 6.440 6.465 6.491 6.519 6.549 6.580 6.611 6.642 6.672 6.701 6.727 6.749 6.767 6.785 6.809 6.844 6.883
5.317 5.343 5.369 5.393 5.417 5.441 5.464 5.487 5.508 5.529 5.549 5.568 5.587 5.606 5.625 5.644 5.664 5.685 5.706 5.729 5.752 5.776 5.800 5.825 5.851 5.876 5.900 5.923 5.947 5.970 5.991 6.012 6.031 6.049 6.066 6.081 6.096 6.109 6.122 6.135 6.149 6.162 6.177 6.193 6.209 6.228 6.247 6.267 6.288 6.308 6.329 6.351 6.373 6.396 6.418 6.441 6.465 6.489 6.516 6.544 6.574 6.605 6.638 6.670 6.701 6.731 6.757 6.780 6.799 6.817 6.839 6.874 6.914
