version1/TsunamiDB/out54099.asc
ncols          264
nrows          230
xllcorner      497853.4375
yllcorner      4229146.0000
cellsize         5.
NODATA_value   -99
[rows 34 to 67 of 230, columns 154 to 230 of 264]
6.267 6.268 6.270 6.273 6.277 6.281 6.286 6.291 6.297 6.303 6.309 6.315 6.322 6.328 6.335 6.342 6.349 6.356 6.363 6.370 6.377 6.383 6.389 6.395 6.401 6.407 6.413 6.419 6.425 6.431 6.437 6.443 6.449 6.455 6.460 6.466 6.471 6.477 6.482 6.487 6.493 6.498 6.504 6.510 6.515 6.519 6.523 6.528 6.532 6.537 6.542 6.546 6.551 6.556 6.560 6.565 6.569 6.574 6.578 6.583 6.587 6.591 6.595 6.599 6.602 6.605 6.607 6.608 6.607 6.605 6.603 6.601 6.601 6.602 6.607 6.614 6.625
6.284 6.284 6.286 6.288 6.291 6.295 6.299 6.303 6.308 6.314 6.319 6.325 6.331 6.338 6.344 6.351 6.357 6.364 6.370 6.377 6.384 6.390 6.396 6.402 6.407 6.413 6.419 6.425 6.431 6.437 6.443 6.449 6.455 6.461 6.467 6.472 6.478 6.483 6.489 6.494 6.500 6.505 6.511 6.517 6.522 6.526 6.530 6.535 6.540 6.544 6.549 6.554 6.558 6.563 6.568 6.572 6.577 6.581 6.585 6.590 6.594 6.598 6.602 6.606 6.609 6.611 6.613 6.613 6.611 6.609 6.605 6.602 6.600 6.601 6.605 6.612 6.623
6.302 6.302 6.302 6.304 6.306 6.309 6.312 6.316 6.321 6.325 6.331 6.336 6.342 6.348 6.354 6.360 6.366 6.372 6.379 6.385 6.392 6.398 6.403 6.409 6.414 6.420 6.426 6.432 6.438 6.444 6.450 6.456 6.462 6.468 6.473 6.479 6.484 6.490 6.495 6.501 6.506 6.512 6.518 6.523 6.529 6.533 6.537 6.542 6.547 6.552 6.556 6.561 6.566 6.571 6.575 6.580 6.584 6.588 6.593 6.597 6.601 6.605 6.609 6.612 6.615 6.617 6.619 6.618 6.616 6.612 6.608 6.603 6.600 6.600 6.604 6.611 6.623
6.319 6.319 6.319 6.320 6.322 6.324 6.327 6.330 6.334 6.338 6.343 6.348 6.353 6.358 6.364 6.370 6.376 6.382 6.388 6.394 6.401 6.406 6.411 6.416 6.422 6.427 6.433 6.439 6.445 6.451 6.457 6.463 6.468 6.474 6.480 6.486 6.491 6.497 6.502 6.508 6.513 6.519 6.525 6.531 6.536 6.540 6.545 6.549 6.554 6.559 6.564 6.569 6.573 6.578 6.583 6.587 6.592 6.596 6.600 6.604 6.608 6.612 6.616 6.619 6.622 6.623 6.624 6.623 6.620 6.616 6.610 6.604 6.600 6.600 6.603 6.611 6.623
6.337 6.337 6.337 6.337 6.338 6.340 6.342 6.344 6.348 6.351 6.355 6.360 6.365 6.370 6.375 6.380 6.386 6.392 6.397 6.403 6.410 6.415 6.420 6.425 6.430 6.435 6.441 6.446 6.452 6.458 6.464 6.469 6.475 6.481 6.487 6.492 6.498 6.504 6.509 6.515 6.520 6.526 6.532 6.538 6.543 6.547 6.552 6.557 6.561 6.566 6.571 6.576 6.581 6.586 6.590 6.595 6.599 6.604 6.608 6.612 6.616 6.619 6.623 6.626 6.628 6.630 6.630 6.628 6.624 6.619 6.613 6.607 6.602 6.601 6.604 6.612 6.625
6.355 6.354 6.354 6.354 6.355 6.356 6.357 6.359 6.362 6.365 6.369 6.373 6.377 6.382 6.386 6.392 6.397 6.402 6.408 6.413 6.419 6.424 6.429 6.433 6.438 6.443 6.449 6.454 6.460 6.465 6.471 6.477 6.482 6.488 6.494 6.499 6.505 6.511 6.516 6.522 6.528 6.533 6.539 6.545 6.550 6.555 6.559 6.564 6.569 6.574 6.579 6.584 6.589 6.593 6.598 6.602 6.607 6.611 6.615 6.619 6.623 6.626 6.629 6.632 6.634 6.636 6.636 6.633 6.629 6.623 6.617 6.610 6.604 6.603 6.606 6.615 6.628
6.372 6.371 6.371 6.371 6.371 6.372 6.373 6.375 6.377 6.379 6.382 6.386 6.390 6.394 6.399 6.403 6.408 6.413 6.418 6.424 6.429 6.434 6.438 6.442 6.447 6.452 6.457 6.462 6.468 6.473 6.479 6.484 6.490 6.495 6.501 6.507 6.512 6.518 6.524 6.529 6.535 6.541 6.547 6.553 6.558 6.562 6.567 6.571 6.576 6.581 6.586 6.591 6.596 6.601 6.606 6.610 6.615 6.619 6.623 6.627 6.630 6.633 6.636 6.639 6.641 6.642 6.642 6.639 6.634 6.628 6.621 6.614 6.608 6.607 6.610 6.618 6.632
6.388 6.388 6.388 6.388 6.388 6.388 6.389 6.390 6.392 6.394 6.397 6.400 6.403 6.407 6.411 6.415 6.420 6.425 6.430 6.435 6.440 6.444 6.448 6.452 6.456 6.461 6.466 6.471 6.476 6.481 6.487 6.492 6.498 6.503 6.509 6.514 6.520 6.525 6.531 6.537 6.542 6.548 6.554 6.560 6.565 6.570 6.574 6.579 6.584 6.589 6.594 6.599 6.604 6.609 6.613 6.618 6.622 6.626 6.630 6.634 6.637 6.640 6.643 6.646 6.647 6.648 6.648 6.645 6.640 6.634 6.627 6.619 6.613 6.611 6.614 6.622 6.636
6.403 6.404 6.404 6.404 6.404 6.404 6.405 6.406 6.407 6.409 6.411 6.413 6.416 6.420 6.424 6.428 6.432 6.436 6.441 6.446 6.451 6.455 6.458 6.462 6.466 6.471 6.475 6.480 6.485 6.490 6.495 6.500 6.506 6.511 6.516 6.522 6.527 6.533 6.539 6.544 6.550 6.556 6.562 6.568 6.573 6.577 6.582 6.587 6.592 6.597 6.602 6.607 6.612 6.616 6.621 6.626 6.630 6.634 6.638 6.641 6.645 6.648 6.650 6.652 6.654 6.655 6.654 6.651 6.647 6.641 6.633 6.625 6.618 6.616 6.619 6.627 6.642
6.418 6.418 6.419 6.419 6.420 6.420 6.420 6.421 6.422 6.423 6.425 6.427 6.430 6.433 6.437 6.440 6.444 6.449 6.453 6.458 6.462 6.466 6.469 6.473 6.477 6.481 6.485 6.489 6.494 6.499 6.504 6.509 6.514 6.519 6.525 6.530 6.535 6.541 6.547 6.552 6.558 6.564 6.570 6.576 6.580 6.585 6.590 6.595 6.600 6.605 6.610 6.615 6.619 6.624 6.629 6.633 6.637 6.641 6.645 6.649 6.652 6.655 6.657 6.660 6.661 6.662 6.662 6.659 6.655 6.649 6.641 6.632 6.624 6.622 6.625 6.633 6.650
6.431 6.432 6.433 6.434 6.435 6.435 6.436 6.436 6.437 6.438 6.440 6.442 6.444 6.447 6.450 6.453 6.457 6.461 6.465 6.469 6.474 6.477 6.480 6.484 6.487 6.491 6.495 6.499 6.504 6.508 6.513 6.518 6.523 6.528 6.533 6.538 6.544 6.549 6.555 6.560 6.566 6.572 6.578 6.584 6.588 6.593 6.598 6.602 6.607 6.612 6.617 6.622 6.627 6.632 6.637 6.641 6.645 6.649 6.653 6.656 6.659 6.662 6.665 6.667 6.669 6.670 6.669 6.667 6.663 6.657 6.649 6.640 6.632 6.630 6.633 6.641 6.659
6.443 6.445 6.447 6.448 6.449 6.450 6.451 6.451 6.452 6.453 6.454 6.456 6.458 6.460 6.463 6.466 6.469 6.473 6.477 6.482 6.486 6.488 6.491 6.495 6.498 6.502 6.506 6.510 6.514 6.518 6.522 6.527 6.532 6.537 6.542 6.547 6.552 6.558 6.563 6.569 6.574 6.580 6.586 6.592 6.596 6.601 6.606 6.610 6.615 6.620 6.625 6.630 6.635 6.640 6.644 6.649 6.653 6.657 6.660 6.664 6.667 6.670 6.673 6.675 6.677 6.678 6.678 6.676 6.672 6.667 6.658 6.649 6.640 6.638 6.641 6.651 6.670
6.455 6.458 6.460 6.462 6.463 6.464 6.465 6.465 6.466 6.467 6.468 6.469 6.471 6.473 6.476 6.479 6.482 6.485 6.489 6.494 6.497 6.500 6.503 6.506 6.509 6.513 6.516 6.520 6.524 6.528 6.532 6.537 6.541 6.546 6.551 6.556 6.561 6.566 6.572 6.577 6.583 6.588 6.594 6.600 6.604 6.609 6.614 6.619 6.623 6.628 6.633 6.638 6.643 6.648 6.652 6.657 6.661 6.665 6.668 6.672 6.675 6.678 6.681 6.683 6.685 6.687 6.687 6.686 6.683 6.677 6.669 6.658 6.650 6.648 6.652 6.663 6.683
6.466 6.469 6.472 6.474 6.476 6.477 6.479 6.479 6.480 6.481 6.482 6.483 6.485 6.486 6.489 6.491 6.494 6.498 6.502 6.506 6.509 6.512 6.514 6.517 6.521 6.524 6.527 6.531 6.535 6.539 6.543 6.547 6.551 6.556 6.560 6.565 6.570 6.575 6.580 6.586 6.591 6.597 6.603 6.608 6.613 6.617 6.622 6.627 6.631 6.636 6.641 6.646 6.651 6.656 6.660 6.665 6.669 6.673 6.676 6.680 6.683 6.687 6.690 6.692 6.695 6.697 6.697 6.696 6.693 6.688 6.679 6.669 6.661 6.660 6.665 6.677 6.700
6.475 6.479 6.483 6.486 6.488 6.490 6.492 6.493 6.494 6.495 6.496 6.497 6.498 6.500 6.502 6.504 6.507 6.510 6.513 6.517 6.521 6.523 6.526 6.529 6.532 6.535 6.539 6.542 6.546 6.549 6.553 6.557 6.561 6.566 6.570 6.575 6.579 6.584 6.589 6.595 6.600 6.606 6.611 6.617 6.621 6.626 6.630 6.635 6.640 6.645 6.649 6.654 6.659 6.664 6.668 6.673 6.677 6.681 6.685 6.689 6.692 6.696 6.699 6.702 6.705 6.707 6.708 6.707 6.705 6.700 6.692 6.682 6.674 6.674 6.681 6.694 6.719
6.485 6.489 6.493 6.497 6.500 6.502 6.504 6.506 6.507 6.508 6.509 6.510 6.511 6.512 6.514 6.516 6.519 6.522 6.525 6.529 6.532 6.535 6.537 6.540 6.543 6.547 6.550 6.553 6.557 6.560 6.564 6.568 6.572 6.576 6.580 6.584 6.589 6.594 6.599 6.604 6.609 6.615 6.620 6.625 6.630 6.634 6.639 6.643 6.648 6.653 6.658 6.663 6.667 6.672 6.677 6.681 6.685 6.690 6.694 6.698 6.701 6.705 6.709 6.712 6.715 6.718 6.720 6.720 6.718 6.713 6.706 6.696 6.690 6.691 6.699 6.714 6.741
6.493 6.498 6.503 6.507 6.511 6.514 6.516 6.518 6.519 6.521 6.522 6.523 6.524 6.525 6.527 6.529 6.531 6.534 6.537 6.540 6.543 6.546 6.549 6.552 6.555 6.558 6.561 6.564 6.568 6.571 6.575 6.579 6.582 6.586 6.590 6.595 6.599 6.604 6.608 6.613 6.618 6.624 6.629 6.634 6.639 6.643 6.647 6.652 6.657 6.661 6.666 6.671 6.676 6.681 6.685 6.690 6.694 6.699 6.703 6.707 6.711 6.715 6.719 6.723 6.727 6.730 6.732 6.733 6.732 6.728 6.721 6.713 6.707 6.710 6.720 6.737 6.765
6.501 6.506 6.512 6.517 6.521 6.524 6.527 6.529 6.531 6.533 6.534 6.535 6.536 6.538 6.539 6.541 6.543 6.546 6.548 6.552 6.555 6.557 6.560 6.563 6.566 6.569 6.572 6.576 6.579 6.583 6.586 6.590 6.593 6.597 6.601 6.605 6.609 6.614 6.618 6.623 6.628 6.633 6.639 6.644 6.648 6.652 6.656 6.661 6.666 6.670 6.675 6.680 6.685 6.690 6.694 6.699 6.704 6.708 6.713 6.717 6.721 6.726 6.730 6.735 6.739 6.743 6.746 6.747 6.747 6.744 6.738 6.731 6.727 6.731 6.742 6.760 6.790
6.508 6.514 6.520 6.525 6.530 6.534 6.537 6.540 6.543 6.544 6.546 6.547 6.549 6.550 6.551 6.553 6.555 6.557 6.560 6.563 6.566 6.568 6.571 6.574 6.577 6.580 6.583 6.587 6.590 6.594 6.597 6.601 6.604 6.608 6.612 6.616 6.620 6.624 6.629 6.633 6.638 6.643 6.649 6.653 6.657 6.662 6.666 6.670 6.675 6.680 6.684 6.689 6.694 6.699 6.704 6.709 6.713 6.718 6.723 6.728 6.732 6.737 6.742 6.747 6.752 6.756 6.760 6.762 6.763 6.761 6.757 6.751 6.747 6.753 6.766 6.785 6.816
6.514 6.521 6.527 6.533 6.539 6.543 6.547 6.550 6.553 6.556 6.557 6.559 6.560 6.562 6.563 6.565 6.566 6.569 6.571 6.574 6.577 6.579 6.581 6.584 6.587 6.591 6.594 6.598 6.601 6.605 6.608 6.612 6.615 6.619 6.623 6.627 6.631 6.635 6.639 6.644 6.648 6.653 6.659 6.663 6.667 6.671 6.676 6.680 6.685 6.689 6.694 6.699 6.704 6.709 6.714 6.719 6.724 6.729 6.734 6.739 6.744 6.749 6.755 6.760 6.766 6.771 6.775 6.778 6.780 6.780 6.777 6.772 6.770 6.777 6.790 6.810 6.841
6.520 6.527 6.534 6.541 6.546 6.552 6.556 6.560 6.563 6.566 6.568 6.570 6.572 6.573 6.575 6.576 6.578 6.580 6.582 6.585 6.588 6.590 6.592 6.595 6.598 6.601 6.605 6.608 6.612 6.615 6.619 6.623 6.626 6.630 6.634 6.638 6.642 6.646 6.650 6.654 6.659 6.664 6.669 6.674 6.678 6.682 6.686 6.690 6.695 6.700 6.704 6.709 6.714 6.719 6.725 6.730 6.735 6.740 6.746 6.751 6.757 6.762 6.768 6.774 6.780 6.787 6.792 6.796 6.799 6.800 6.798 6.794 6.793 6.801 6.815 6.835 6.867
6.525 6.533 6.540 6.547 6.554 6.559 6.564 6.569 6.572 6.576 6.578 6.581 6.583 6.584 6.586 6.587 6.589 6.591 6.593 6.596 6.598 6.600 6.603 6.605 6.608 6.612 6.615 6.619 6.622 6.626 6.630 6.634 6.637 6.641 6.645 6.649 6.653 6.657 6.661 6.665 6.670 6.675 6.680 6.685 6.688 6.692 6.697 6.701 6.706 6.710 6.715 6.720 6.726 6.731 6.736 6.742 6.747 6.753 6.758 6.764 6.770 6.776 6.783 6.789 6.796 6.803 6.809 6.814 6.818 6.821 6.820 6.817 6.817 6.825 6.839 6.860 6.891
6.530 6.538 6.546 6.553 6.560 6.566 6.572 6.577 6.581 6.585 6.588 6.591 6.593 6.595 6.597 6.598 6.600 6.602 6.604 6.607 6.609 6.611 6.613 6.615 6.618 6.622 6.625 6.629 6.633 6.637 6.640 6.644 6.648 6.652 6.656 6.660 6.664 6.668 6.672 6.677 6.681 6.686 6.691 6.696 6.700 6.704 6.708 6.712 6.717 6.722 6.727 6.732 6.737 6.743 6.748 6.754 6.760 6.766 6.772 6.778 6.784 6.791 6.798 6.805 6.813 6.820 6.827 6.833 6.839 6.843 6.843 6.840 6.840 6.849 6.864 6.884 6.916
6.534 6.543 6.551 6.559 6.566 6.573 6.579 6.584 6.589 6.593 6.597 6.600 6.602 6.605 6.607 6.609 6.611 6.612 6.615 6.617 6.619 6.621 6.623 6.625 6.628 6.632 6.635 6.639 6.643 6.647 6.651 6.655 6.659 6.663 6.667 6.671 6.675 6.679 6.683 6.688 6.693 6.698 6.703 6.707 6.711 6.715 6.720 6.724 6.729 6.734 6.739 6.745 6.750 6.756 6.762 6.768 6.774 6.780 6.786 6.793 6.800 6.807 6.814 6.822 6.831 6.839 6.846 6.854 6.860 6.865 6.866 6.864 6.865 6.874 6.888 6.908 6.940
6.538 6.547 6.556 6.564 6.571 6.578 6.585 6.591 6.596 6.601 6.605 6.609 6.612 6.614 6.617 6.619 6.621 6.623 6.625 6.627 6.629 6.631 6.633 6.635 6.638 6.641 6.645 6.649 6.653 6.657 6.661 6.665 6.669 6.673 6.677 6.681 6.686 6.690 6.695 6.699 6.704 6.710 6.715 6.719 6.723 6.728 6.732 6.737 6.742 6.747 6.753 6.758 6.764 6.770 6.776 6.782 6.788 6.795 6.802 6.808 6.816 6.823 6.831 6.840 6.849 6.858 6.867 6.875 6.883 6.888 6.890 6.889 6.890 6.899 6.913 6.933 6.966
6.542 6.551 6.560 6.568 6.576 6.584 6.591 6.597 6.603 6.608 6.612 6.617 6.620 6.623 6.626 6.628 6.630 6.633 6.635 6.637 6.639 6.641 6.643 6.645 6.648 6.651 6.654 6.658 6.662 6.666 6.670 6.675 6.679 6.683 6.688 6.692 6.697 6.701 6.706 6.711 6.716 6.722 6.727 6.731 6.736 6.740 6.745 6.750 6.755 6.761 6.766 6.772 6.778 6.784 6.791 6.797 6.804 6.811 6.818 6.825 6.833 6.841 6.850 6.859 6.869 6.878 6.888 6.897 6.905 6.912 6.914 6.913 6.914 6.924 6.938 6.959 6.993
6.545 6.554 6.563 6.572 6.580 6.588 6.596 6.602 6.609 6.614 6.619 6.624 6.628 6.631 6.634 6.637 6.640 6.642 6.645 6.647 6.649 6.650 6.652 6.654 6.657 6.660 6.664 6.667 6.671 6.676 6.680 6.684 6.689 6.694 6.698 6.703 6.707 6.712 6.717 6.723 6.728 6.734 6.739 6.744 6.749 6.753 6.759 6.764 6.769 6.775 6.781 6.787 6.793 6.800 6.806 6.813 6.820 6.827 6.835 6.843 6.851 6.859 6.869 6.878 6.889 6.899 6.909 6.919 6.929 6.936 6.939 6.939 6.940 6.950 6.965 6.986 7.020
6.547 6.557 6.567 6.576 6.584 6.593 6.600 6.608 6.614 6.620 6.626 6.631 6.635 6.639 6.643 6.646 6.649 6.651 6.654 6.656 6.658 6.660 6.661 6.664 6.666 6.669 6.673 6.677 6.681 6.685 6.689 6.694 6.699 6.703 6.708 6.713 6.718 6.723 6.729 6.734 6.740 6.746 6.752 6.757 6.762 6.767 6.772 6.778 6.784 6.790 6.796 6.802 6.809 6.816 6.823 6.830 6.837 6.845 6.853 6.861 6.870 6.879 6.888 6.899 6.910 6.921 6.932 6.943 6.953 6.961 6.965 6.965 6.966 6.976 6.992 7.013 7.047
6.550 6.560 6.570 6.579 6.588 6.596 6.605 6.612 6.619 6.626 6.632 6.637 6.642 6.646 6.650 6.654 6.657 6.660 6.663 6.666 6.668 6.669 6.671 6.673 6.675 6.678 6.682 6.686 6.690 6.694 6.699 6.703 6.708 6.713 6.718 6.724 6.729 6.734 6.740 6.746 6.752 6.758 6.764 6.769 6.775 6.780 6.786 6.792 6.798 6.805 6.811 6.818 6.825 6.832 6.840 6.847 6.855 6.863 6.871 6.880 6.889 6.899 6.909 6.920 6.931 6.943 6.955 6.966 6.977 6.986 6.990 6.991 6.992 7.002 7.018 7.039 7.073
6.552 6.562 6.572 6.582 6.591 6.600 6.608 6.616 6.624 6.631 6.637 6.643 6.648 6.653 6.657 6.661 6.665 6.668 6.672 6.675 6.676 6.678 6.680 6.682 6.684 6.687 6.691 6.695 6.699 6.703 6.708 6.713 6.718 6.723 6.728 6.734 6.739 6.745 6.751 6.757 6.764 6.770 6.777 6.782 6.788 6.794 6.800 6.807 6.813 6.820 6.827 6.834 6.842 6.849 6.857 6.865 6.873 6.882 6.891 6.900 6.909 6.919 6.930 6.941 6.954 6.966 6.978 6.990 7.002 7.011 7.016 7.016 7.018 7.029 7.044 7.065 7.098
6.554 6.565 6.575 6.585 6.594 6.603 6.612 6.620 6.628 6.635 6.642 6.649 6.654 6.659 6.664 6.669 6.673 6.676 6.680 6.683 6.685 6.687 6.688 6.691 6.693 6.696 6.700 6.704 6.708 6.712 6.717 6.722 6.727 6.733 6.738 6.744 6.750 6.756 6.762 6.769 6.775 6.783 6.789 6.795 6.802 6.808 6.815 6.822 6.829 6.836 6.843 6.851 6.859 6.867 6.875 6.884 6.892 6.901 6.910 6.920 6.930 6.941 6.952 6.963 6.976 6.989 7.001 7.014 7.027 7.037 7.042 7.043 7.044 7.054 7.069 7.089 7.122
6.557 6.567 6.578 6.588 6.597 6.607 6.616 6.624 6.632 6.640 6.647 6.654 6.660 6.666 6.671 6.676 6.680 6.684 6.688 6.691 6.693 6.695 6.697 6.700 6.702 6.705 6.709 6.713 6.717 6.721 6.726 6.731 6.737 6.742 6.748 6.754 6.760 6.767 6.773 6.780 6.787 6.795 6.802 6.808 6.815 6.822 6.829 6.836 6.844 6.852 6.860 6.868 6.876 6.885 6.893 6.902 6.911 6.921 6.931 6.941 6.951 6.962 6.974 6.986 6.999 7.012 7.025 7.038 7.051 7.062 7.067 7.068 7.069 7.079 7.093 7.112 7.144
6.559 6.570 6.580 6.590 6.600 6.610 6.619 6.628 6.636 6.644 6.652 6.659 6.665 6.671 6.677 6.682 6.687 6.692 6.696 6.699 6.702 6.704 6.706 6.709 6.711 6.714 6.718 6.722 6.726 6.731 6.735 6.741 6.746 6.752 6.758 6.764 6.771 6.777 6.784 6.792 6.799 6.807 6.814 6.821 6.828 6.836 6.843 6.851 6.859 6.867 6.876 6.884 6.893 6.902 6.912 6.921 6.931 6.941 6.951 6.961 6.972 6.984 6.996 7.008 7.022 7.035 7.049 7.062 7.076 7.087 7.093 7.093 7.093 7.103 7.116 7.134 7.165
6.561 6.572 6.583 6.593 6.603 6.613 6.623 6.632 6.640 6.649 6.656 6.664 6.671 6.677 6.683 6.689 6.694 6.699 6.704 6.707 6.710 6.712 6.715 6.718 6.720 6.724 6.727 6.731 6.735 6.740 6.745 6.750 6.756 6.762 6.768 6.775 6.781 6.788 6.796 6.803 6.811 6.819 6.827 6.834 6.842 6.850 6.858 6.866 6.874 6.883 6.892 6.901 6.911 6.920 6.930 6.940 6.950 6.961 6.971 6.982 6.994 7.005 7.018 7.031 7.045 7.058 7.072 7.086 7.100 7.111 7.117 7.117 7.117 7.127 7.140 7.157 7.187
