version1/TsunamiDB/out54002.asc
ncols          264
nrows          230
xllcorner      497853.4375
yllcorner      4229146.0000
cellsize         5.
NODATA_value   -99
[rows 186 to 216 of 230, columns 138 to 206 of 264]
-99.000 -99.000 -99.000 -99.000 -99.000 -99.000 -99.000 -99.000 -99.000 -99.000 -99.000 -99.000 -99.000 -99.000 -99.000 -99.000 -99.000 -99.000 -99.000 1.644 1.647 1.690 1.834 2.080 2.408 2.788 3.193 3.598 3.987 4.304 4.524 4.689 4.816 4.920 5.012 5.092 5.166 5.243 5.295 5.329 5.455 5.561 5.588 5.624 5.660 5.692 5.708 5.708 5.699 5.680 5.770 5.885 5.896 5.878 5.849 5.819 5.787 5.758 5.718 5.655 5.689 5.781 5.803 5.786 5.748 5.700 5.642 5.566 5.497
-99.000 -99.000 -99.000 -99.000 -99.000 -99.000 -99.000 -99.000 -99.000 -99.000 -99.000 -99.000 -99.000 -99.000 -99.000 -99.000 -99.000 -99.000 -99.000 1.644 1.656 1.735 1.923 2.204 2.556 2.948 3.355 3.756 4.125 4.412 4.607 4.754 4.869 4.964 5.046 5.123 5.200 5.269 5.319 5.357 5.476 5.579 5.608 5.648 5.686 5.723 5.743 5.746 5.740 5.720 5.810 5.931 5.950 5.932 5.900 5.867 5.830 5.786 5.731 5.658 5.684 5.769 5.787 5.766 5.721 5.668 5.605 5.535 5.483
-99.000 -99.000 -99.000 -99.000 -99.000 -99.000 -99.000 -99.000 -99.000 -99.000 -99.000 -99.000 -99.000 -99.000 -99.000 -99.000 -99.000 -99.000 -99.000 1.646 1.677 1.801 2.030 2.344 2.716 3.117 3.522 3.911 4.251 4.503 4.674 4.802 4.904 4.987 5.061 5.140 5.220 5.290 5.345 5.378 5.495 5.597 5.630 5.669 5.710 5.752 5.776 5.785 5.782 5.759 5.851 5.981 6.005 5.986 5.952 5.915 5.864 5.805 5.738 5.654 5.671 5.751 5.764 5.736 5.685 5.628 5.567 5.514 5.475
-99.000 -99.000 -99.000 -99.000 -99.000 -99.000 -99.000 -99.000 -99.000 -99.000 -99.000 -99.000 -99.000 -99.000 -99.000 -99.000 -99.000 -99.000 1.644 1.652 1.716 1.888 2.157 2.500 2.888 3.294 3.693 4.066 4.369 4.587 4.732 4.842 4.927 4.998 5.072 5.157 5.245 5.321 5.371 5.403 5.518 5.625 5.654 5.692 5.737 5.780 5.809 5.825 5.824 5.800 5.896 6.033 6.058 6.039 6.002 5.953 5.890 5.817 5.736 5.643 5.652 5.724 5.731 5.698 5.644 5.588 5.538 5.500 5.471
-99.000 -99.000 -99.000 -99.000 -99.000 -99.000 -99.000 -99.000 -99.000 -99.000 -99.000 -99.000 -99.000 -99.000 -99.000 -99.000 -99.000 -99.000 1.645 1.668 1.778 1.997 2.302 2.671 3.073 3.479 3.870 4.217 4.479 4.663 4.784 4.873 4.945 5.010 5.084 5.179 5.276 5.353 5.402 5.431 5.545 5.651 5.682 5.722 5.763 5.808 5.843 5.864 5.869 5.845 5.939 6.079 6.106 6.086 6.041 5.983 5.908 5.821 5.728 5.626 5.626 5.690 5.692 5.656 5.604 5.557 5.519 5.491 5.470
-99.000 -99.000 -99.000 -99.000 -99.000 -99.000 -99.000 -99.000 -99.000 -99.000 -99.000 -99.000 -99.000 -99.000 -99.000 -99.000 -99.000 1.644 1.649 1.703 1.864 2.125 2.466 2.857 3.269 3.674 4.051 4.359 4.578 4.729 4.825 4.896 4.958 5.020 5.098 5.203 5.304 5.385 5.432 5.456 5.573 5.684 5.717 5.750 5.789 5.836 5.874 5.903 5.913 5.884 5.976 6.119 6.148 6.122 6.070 6.004 5.918 5.818 5.715 5.603 5.594 5.653 5.651 5.617 5.572 5.534 5.505 5.486 5.473
-99.000 -99.000 -99.000 -99.000 -99.000 -99.000 -99.000 -99.000 -99.000 -99.000 -99.000 -99.000 -99.000 -99.000 -99.000 -99.000 -99.000 1.645 1.663 1.761 1.971 2.273 2.646 3.056 3.472 3.876 4.229 4.492 4.671 4.790 4.864 4.921 4.976 5.037 5.123 5.230 5.334 5.418 5.465 5.487 5.607 5.726 5.750 5.775 5.814 5.859 5.901 5.940 5.951 5.917 6.008 6.154 6.179 6.147 6.089 6.014 5.918 5.807 5.692 5.573 5.560 5.613 5.611 5.583 5.545 5.514 5.495 5.485 5.475
-99.000 -99.000 -99.000 -99.000 -99.000 -99.000 -99.000 -99.000 -99.000 -99.000 -99.000 -99.000 -99.000 -99.000 -99.000 -99.000 -99.000 1.648 1.694 1.843 2.098 2.440 2.840 3.266 3.690 4.083 4.398 4.618 4.760 4.850 4.904 4.953 5.009 5.073 5.157 5.262 5.364 5.449 5.501 5.519 5.638 5.754 5.772 5.797 5.831 5.877 5.924 5.966 5.980 5.942 6.029 6.170 6.190 6.154 6.089 6.007 5.903 5.780 5.656 5.534 5.517 5.568 5.572 5.550 5.519 5.498 5.487 5.480 5.472
-99.000 -99.000 -99.000 -99.000 -99.000 -99.000 -99.000 -99.000 -99.000 -99.000 -99.000 -99.000 -99.000 -99.000 -99.000 -99.000 1.644 1.657 1.743 1.941 2.237 2.614 3.038 3.481 3.910 4.287 4.561 4.742 4.851 4.917 4.958 5.006 5.067 5.130 5.206 5.298 5.386 5.473 5.532 5.545 5.661 5.777 5.798 5.820 5.852 5.897 5.940 5.981 5.998 5.954 6.034 6.171 6.188 6.147 6.076 5.989 5.878 5.749 5.620 5.497 5.481 5.534 5.542 5.525 5.501 5.487 5.479 5.474 5.468
-99.000 -99.000 -99.000 -99.000 -99.000 -99.000 -99.000 -99.000 -99.000 -99.000 -99.000 -99.000 -99.000 -99.000 -99.000 1.644 1.646 1.679 1.813 2.057 2.390 2.798 3.245 3.706 4.142 4.492 4.725 4.868 4.948 4.997 5.034 5.089 5.151 5.207 5.270 5.347 5.425 5.521 5.587 5.584 5.694 5.810 5.828 5.846 5.876 5.915 5.954 6.000 6.021 5.965 6.036 6.170 6.184 6.137 6.063 5.973 5.857 5.723 5.588 5.468 5.456 5.510 5.522 5.509 5.491 5.481 5.476 5.472 5.466
-99.000 -99.000 -99.000 -99.000 -99.000 -99.000 -99.000 -99.000 -99.000 -99.000 -99.000 -99.000 -99.000 -99.000 -99.000 1.644 1.651 1.717 1.900 2.186 2.552 2.987 3.454 3.931 4.366 4.681 4.876 4.986 5.048 5.089 5.131 5.196 5.258 5.309 5.366 5.426 5.497 5.607 5.645 5.621 5.727 5.838 5.854 5.872 5.902 5.937 5.976 6.034 6.040 5.967 6.033 6.162 6.170 6.121 6.044 5.947 5.827 5.685 5.552 5.443 5.435 5.491 5.505 5.497 5.484 5.475 5.471 5.468 5.461
-99.000 -99.000 -99.000 -99.000 -99.000 -99.000 -99.000 -99.000 -99.000 -99.000 -99.000 -99.000 -99.000 -99.000 -99.000 1.645 1.666 1.776 2.002 2.324 2.720 3.177 3.664 4.150 4.567 4.845 5.007 5.097 5.151 5.190 5.244 5.321 5.384 5.433 5.480 5.535 5.597 5.656 5.665 5.654 5.754 5.860 5.882 5.904 5.934 5.974 6.017 6.049 6.030 5.958 6.020 6.140 6.145 6.095 6.012 5.909 5.783 5.645 5.529 5.427 5.418 5.475 5.494 5.491 5.478 5.470 5.467 5.464 5.458
-99.000 -99.000 -99.000 -99.000 -99.000 -99.000 -99.000 -99.000 -99.000 -99.000 -99.000 -99.000 -99.000 -99.000 1.644 1.648 1.696 1.851 2.117 2.472 2.893 3.370 3.873 4.356 4.737 4.972 5.107 5.189 5.242 5.285 5.354 5.442 5.501 5.546 5.585 5.625 5.653 5.677 5.685 5.675 5.771 5.879 5.909 5.934 5.967 6.005 6.030 6.036 6.008 5.936 5.992 6.104 6.109 6.055 5.969 5.863 5.739 5.617 5.513 5.414 5.406 5.467 5.489 5.485 5.473 5.466 5.462 5.461 5.458
-99.000 -99.000 -99.000 -99.000 -99.000 -99.000 -99.000 -99.000 -99.000 -99.000 -99.000 -99.000 -99.000 -99.000 1.644 1.657 1.741 1.940 2.243 2.628 3.071 3.566 4.077 4.542 4.868 5.063 5.181 5.261 5.320 5.370 5.453 5.548 5.597 5.638 5.667 5.685 5.690 5.697 5.698 5.690 5.783 5.894 5.927 5.955 5.985 6.009 6.018 6.010 5.974 5.902 5.954 6.059 6.060 6.006 5.920 5.817 5.705 5.598 5.499 5.404 5.400 5.462 5.484 5.481 5.470 5.462 5.460 5.463 5.461
-99.000 -99.000 -99.000 -99.000 -99.000 -99.000 -99.000 -99.000 -99.000 -99.000 -99.000 -99.000 -99.000 1.644 1.646 1.677 1.804 2.044 2.379 2.788 3.251 3.759 4.269 4.693 4.960 5.122 5.231 5.317 5.389 5.442 5.533 5.632 5.675 5.712 5.727 5.730 5.723 5.713 5.708 5.700 5.789 5.897 5.933 5.962 5.980 5.992 5.992 5.972 5.931 5.861 5.906 6.004 6.004 5.954 5.873 5.781 5.682 5.582 5.489 5.399 5.397 5.457 5.481 5.480 5.468 5.462 5.463 5.468 5.471
-99.000 -99.000 -99.000 -99.000 -99.000 -99.000 -99.000 -99.000 -99.000 -99.000 -99.000 -99.000 -99.000 1.644 1.651 1.711 1.883 2.160 2.524 2.956 3.435 3.952 4.441 4.800 5.012 5.151 5.260 5.361 5.442 5.494 5.595 5.701 5.738 5.766 5.773 5.768 5.747 5.726 5.712 5.698 5.783 5.890 5.926 5.947 5.956 5.960 5.951 5.925 5.883 5.812 5.852 5.946 5.949 5.903 5.833 5.752 5.662 5.569 5.482 5.394 5.392 5.453 5.478 5.479 5.470 5.467 5.470 5.480 5.488
-99.000 -99.000 -99.000 -99.000 -99.000 -99.000 -99.000 -99.000 -99.000 -99.000 -99.000 -99.000 -99.000 1.645 1.663 1.762 1.976 2.287 2.679 3.134 3.629 4.146 4.586 4.869 5.039 5.163 5.279 5.392 5.478 5.528 5.641 5.755 5.783 5.805 5.805 5.791 5.762 5.727 5.700 5.685 5.766 5.872 5.902 5.916 5.920 5.916 5.902 5.874 5.828 5.759 5.799 5.890 5.895 5.859 5.798 5.725 5.644 5.558 5.471 5.387 5.387 5.447 5.474 5.481 5.476 5.475 5.483 5.500 5.511
-99.000 -99.000 -99.000 -99.000 -99.000 -99.000 -99.000 -99.000 -99.000 -99.000 -99.000 -99.000 1.645 1.648 1.689 1.832 2.084 2.427 2.845 3.323 3.832 4.332 4.702 4.924 5.060 5.173 5.291 5.404 5.491 5.534 5.657 5.775 5.796 5.813 5.805 5.785 5.747 5.698 5.665 5.647 5.725 5.826 5.854 5.866 5.862 5.855 5.841 5.808 5.763 5.699 5.737 5.826 5.838 5.811 5.757 5.695 5.622 5.537 5.452 5.372 5.374 5.436 5.469 5.482 5.483 5.487 5.502 5.521 5.536
-99.000 -99.000 -99.000 -99.000 -99.000 -99.000 -99.000 -99.000 -99.000 -99.000 -99.000 -99.000 1.645 1.655 1.730 1.916 2.204 2.575 3.017 3.515 4.030 4.495 4.799 4.975 5.084 5.184 5.294 5.403 5.485 5.523 5.650 5.770 5.789 5.800 5.789 5.767 5.725 5.671 5.631 5.609 5.686 5.786 5.811 5.818 5.809 5.800 5.783 5.750 5.708 5.646 5.685 5.776 5.792 5.769 5.723 5.667 5.600 5.518 5.435 5.359 5.364 5.430 5.470 5.490 5.497 5.508 5.525 5.547 5.563
-99.000 -99.000 -99.000 -99.000 -99.000 -99.000 -99.000 -99.000 -99.000 -99.000 -99.000 -99.000 1.648 1.673 1.789 2.016 2.334 2.731 3.195 3.707 4.214 4.633 4.887 5.031 5.129 5.230 5.344 5.453 5.528 5.551 5.681 5.806 5.819 5.824 5.809 5.782 5.732 5.668 5.617 5.589 5.663 5.761 5.782 5.783 5.771 5.759 5.739 5.706 5.665 5.607 5.647 5.738 5.756 5.736 5.696 5.647 5.583 5.503 5.422 5.351 5.361 5.432 5.479 5.506 5.521 5.537 5.556 5.580 5.600
-99.000 -99.000 -99.000 -99.000 -99.000 -99.000 -99.000 -99.000 -99.000 -99.000 -99.000 1.647 1.652 1.705 1.866 2.128 2.475 2.892 3.378 3.899 4.380 4.740 4.951 5.082 5.188 5.298 5.416 5.531 5.582 5.593 5.728 5.852 5.857 5.856 5.832 5.794 5.735 5.654 5.597 5.570 5.639 5.734 5.751 5.749 5.733 5.716 5.696 5.663 5.623 5.571 5.613 5.701 5.719 5.705 5.670 5.622 5.561 5.480 5.403 5.343 5.361 5.436 5.489 5.525 5.549 5.568 5.591 5.622 5.638
-99.000 -99.000 -99.000 -99.000 -99.000 -99.000 -99.000 -99.000 -99.000 -99.000 -99.000 1.648 1.663 1.754 1.956 2.253 2.627 3.068 3.564 4.080 4.524 4.823 5.002 5.127 5.241 5.364 5.480 5.563 5.602 5.624 5.762 5.885 5.889 5.880 5.844 5.795 5.723 5.643 5.593 5.553 5.614 5.707 5.722 5.715 5.694 5.674 5.653 5.620 5.586 5.539 5.579 5.663 5.684 5.673 5.637 5.590 5.529 5.455 5.393 5.342 5.362 5.442 5.506 5.551 5.581 5.609 5.638 5.664 5.668
-99.000 -99.000 -99.000 -99.000 -99.000 -99.000 -99.000 -99.000 -99.000 -99.000 1.646 1.649 1.686 1.822 2.064 2.392 2.791 3.246 3.745 4.240 4.631 4.876 5.031 5.152 5.269 5.390 5.493 5.564 5.611 5.633 5.776 5.905 5.911 5.894 5.853 5.796 5.720 5.646 5.588 5.534 5.588 5.681 5.692 5.678 5.653 5.631 5.608 5.580 5.550 5.505 5.543 5.626 5.649 5.636 5.599 5.553 5.497 5.438 5.389 5.344 5.369 5.457 5.530 5.582 5.620 5.654 5.682 5.698 5.690
-99.000 -99.000 -99.000 -99.000 -99.000 -99.000 -99.000 -99.000 -99.000 -99.000 1.646 1.657 1.728 1.910 2.189 2.548 2.967 3.433 3.926 4.388 4.715 4.918 5.049 5.163 5.279 5.392 5.491 5.565 5.613 5.637 5.784 5.922 5.926 5.908 5.864 5.802 5.725 5.645 5.574 5.511 5.561 5.650 5.655 5.638 5.611 5.586 5.566 5.542 5.513 5.471 5.509 5.590 5.611 5.597 5.562 5.518 5.474 5.429 5.389 5.352 5.383 5.480 5.558 5.616 5.661 5.695 5.718 5.723 5.702
-99.000 -99.000 -99.000 -99.000 -99.000 -99.000 -99.000 -99.000 -99.000 -99.000 1.647 1.675 1.792 2.018 2.334 2.718 3.153 3.624 4.103 4.517 4.784 4.946 5.062 5.168 5.270 5.381 5.488 5.568 5.620 5.639 5.787 5.931 5.937 5.920 5.872 5.810 5.728 5.637 5.557 5.485 5.529 5.613 5.615 5.595 5.567 5.546 5.528 5.504 5.478 5.439 5.475 5.552 5.572 5.560 5.527 5.492 5.459 5.426 5.399 5.369 5.405 5.505 5.588 5.652 5.697 5.728 5.743 5.736 5.705
-99.000 -99.000 -99.000 -99.000 -99.000 -99.000 -99.000 -99.000 -99.000 1.646 1.652 1.712 1.880 2.148 2.497 2.905 3.353 3.824 4.275 4.621 4.832 4.961 5.060 5.151 5.244 5.365 5.480 5.573 5.627 5.637 5.787 5.940 5.950 5.926 5.880 5.816 5.725 5.623 5.532 5.451 5.489 5.570 5.570 5.549 5.525 5.506 5.488 5.467 5.443 5.405 5.439 5.514 5.536 5.526 5.501 5.475 5.452 5.431 5.415 5.389 5.427 5.531 5.617 5.681 5.724 5.750 5.756 5.739 5.697
-99.000 -99.000 -99.000 -99.000 -99.000 -99.000 -99.000 -99.000 -99.000 1.649 1.669 1.773 1.992 2.300 2.679 3.113 3.576 4.041 4.440 4.710 4.873 4.975 5.048 5.122 5.221 5.347 5.476 5.582 5.636 5.638 5.791 5.955 5.955 5.925 5.877 5.808 5.710 5.596 5.491 5.406 5.443 5.518 5.518 5.505 5.482 5.464 5.451 5.432 5.407 5.370 5.405 5.479 5.503 5.501 5.483 5.465 5.452 5.444 5.433 5.410 5.449 5.555 5.639 5.701 5.741 5.760 5.758 5.731 5.677
-99.000 -99.000 -99.000 -99.000 -99.000 -99.000 -99.000 -99.000 -99.000 1.656 1.704 1.861 2.125 2.473 2.886 3.344 3.819 4.261 4.588 4.793 4.915 4.984 5.034 5.099 5.196 5.331 5.472 5.583 5.641 5.631 5.784 5.942 5.931 5.897 5.844 5.773 5.667 5.540 5.427 5.343 5.379 5.455 5.463 5.453 5.433 5.420 5.409 5.389 5.365 5.332 5.367 5.443 5.473 5.478 5.468 5.460 5.457 5.454 5.449 5.427 5.465 5.568 5.649 5.708 5.741 5.754 5.744 5.706 5.641
-99.000 -99.000 -99.000 -99.000 -99.000 -99.000 -99.000 -99.000 1.649 1.666 1.753 1.959 2.265 2.652 3.102 3.589 4.071 4.465 4.726 4.881 4.968 5.014 5.049 5.108 5.204 5.337 5.460 5.569 5.632 5.613 5.758 5.909 5.893 5.852 5.796 5.724 5.615 5.483 5.366 5.285 5.324 5.403 5.415 5.407 5.391 5.382 5.371 5.352 5.330 5.299 5.337 5.417 5.455 5.466 5.463 5.463 5.465 5.466 5.464 5.440 5.475 5.573 5.650 5.704 5.731 5.737 5.718 5.670 5.596
-99.000 -99.000 -99.000 -99.000 -99.000 -99.000 -99.000 -99.000 1.653 1.694 1.825 2.076 2.422 2.848 3.338 3.854 4.324 4.658 4.863 4.976 5.043 5.083 5.112 5.171 5.257 5.368 5.477 5.596 5.662 5.617 5.748 5.892 5.866 5.816 5.759 5.685 5.573 5.435 5.312 5.239 5.284 5.365 5.381 5.375 5.363 5.356 5.345 5.326 5.305 5.278 5.320 5.404 5.447 5.464 5.469 5.474 5.478 5.481 5.481 5.453 5.481 5.573 5.646 5.693 5.714 5.713 5.686 5.628 5.544
-99.000 -99.000 -99.000 -99.000 -99.000 -99.000 -99.000 1.645 1.662 1.736 1.912 2.206 2.587 3.052 3.580 4.110 4.541 4.816 4.974 5.059 5.122 5.172 5.209 5.274 5.349 5.437 5.538 5.675 5.697 5.617 5.737 5.865 5.828 5.773 5.711 5.630 5.516 5.366 5.253 5.200 5.248 5.332 5.351 5.349 5.340 5.331 5.320 5.301 5.282 5.262 5.308 5.395 5.442 5.467 5.478 5.485 5.491 5.499 5.494 5.458 5.479 5.565 5.631 5.673 5.689 5.679 5.643 5.576 5.482
