version1/TsunamiDB/out53997.asc
ncols          264
nrows          230
xllcorner      497853.4375
yllcorner      4229146.0000
cellsize         5.
NODATA_value   -99
[rows 180 to 209 of 230, columns 138 to 206 of 264]
-99.000 -99.000 -99.000 -99.000 -99.000 -99.000 -99.000 -99.000 -99.000 -99.000 -99.000 -99.000 -99.000 -99.000 -99.000 -99.000 -99.000 -99.000 -99.000 -99.000 -99.000 -99.000 -99.000 -99.000 -99.000 -99.000 -99.000 -99.000 -99.000 -99.000 -99.000 -99.000 -99.000 -99.000 -99.000 1.640 1.676 1.810 2.039 2.326 2.764 3.158 3.554 3.852 4.050 4.173 4.238 4.271 4.295 4.316 4.467 4.578 4.626 4.719 4.779 4.831 4.860 4.882 4.895 4.897 4.985 5.096 5.130 5.145 5.145 5.137 5.119 5.091 5.060
-99.000 -99.000 -99.000 -99.000 -99.000 -99.000 -99.000 -99.000 -99.000 -99.000 -99.000 -99.000 -99.000 -99.000 -99.000 -99.000 -99.000 -99.000 -99.000 -99.000 -99.000 -99.000 -99.000 -99.000 -99.000 -99.000 -99.000 -99.000 -99.000 -99.000 -99.000 -99.000 -99.000 -99.000 1.654 1.654 1.725 1.899 2.166 2.484 2.945 3.356 3.705 3.966 4.133 4.236 4.289 4.311 4.328 4.348 4.525 4.640 4.691 4.774 4.821 4.867 4.897 4.923 4.936 4.933 5.021 5.135 5.167 5.175 5.169 5.155 5.127 5.090 5.054
-99.000 -99.000 -99.000 -99.000 -99.000 -99.000 -99.000 -99.000 -99.000 -99.000 -99.000 -99.000 -99.000 -99.000 -99.000 -99.000 -99.000 -99.000 -99.000 -99.000 -99.000 -99.000 -99.000 -99.000 -99.000 -99.000 -99.000 -99.000 -99.000 -99.000 -99.000 -99.000 -99.000 -99.000 1.665 1.687 1.803 2.019 2.324 2.662 3.144 3.550 3.851 4.080 4.214 4.294 4.333 4.345 4.355 4.385 4.589 4.698 4.748 4.817 4.853 4.895 4.930 4.957 4.967 4.962 5.050 5.165 5.192 5.195 5.183 5.162 5.128 5.085 5.042
-99.000 -99.000 -99.000 -99.000 -99.000 -99.000 -99.000 -99.000 -99.000 -99.000 -99.000 -99.000 -99.000 -99.000 -99.000 -99.000 -99.000 -99.000 -99.000 -99.000 -99.000 -99.000 -99.000 -99.000 -99.000 -99.000 -99.000 -99.000 -99.000 -99.000 -99.000 -99.000 -99.000 -99.000 1.675 1.733 1.893 2.152 2.493 2.845 3.347 3.733 3.990 4.184 4.286 4.348 4.374 4.376 4.388 4.430 4.640 4.741 4.789 4.844 4.873 4.916 4.952 4.978 4.988 4.978 5.065 5.177 5.198 5.196 5.179 5.154 5.116 5.066 5.019
-99.000 -99.000 -99.000 -99.000 -99.000 -99.000 -99.000 -99.000 -99.000 -99.000 -99.000 -99.000 -99.000 -99.000 -99.000 -99.000 -99.000 -99.000 -99.000 -99.000 -99.000 -99.000 -99.000 -99.000 -99.000 -99.000 -99.000 -99.000 -99.000 -99.000 -99.000 -99.000 -99.000 1.679 1.690 1.785 1.983 2.288 2.660 3.027 3.546 3.899 4.109 4.271 4.352 4.401 4.418 4.419 4.435 4.486 4.680 4.778 4.825 4.866 4.893 4.934 4.967 4.991 5.000 4.986 5.069 5.178 5.196 5.189 5.167 5.140 5.100 5.049 5.002
-99.000 -99.000 -99.000 -99.000 -99.000 -99.000 -99.000 -99.000 -99.000 -99.000 -99.000 -99.000 -99.000 -99.000 -99.000 -99.000 -99.000 -99.000 -99.000 -99.000 -99.000 -99.000 -99.000 -99.000 -99.000 -99.000 -99.000 -99.000 -99.000 -99.000 -99.000 -99.000 1.685 1.688 1.724 1.865 2.114 2.461 2.843 3.231 3.745 4.045 4.215 4.352 4.422 4.466 4.478 4.480 4.503 4.557 4.730 4.831 4.870 4.901 4.924 4.961 4.991 5.014 5.020 4.998 5.076 5.184 5.198 5.185 5.161 5.132 5.091 5.039 4.990
-99.000 -99.000 -99.000 -99.000 -99.000 -99.000 -99.000 -99.000 -99.000 -99.000 -99.000 -99.000 -99.000 -99.000 -99.000 -99.000 -99.000 -99.000 -99.000 -99.000 -99.000 -99.000 -99.000 -99.000 -99.000 -99.000 -99.000 -99.000 -99.000 -99.000 -99.000 -99.000 1.692 1.705 1.782 1.970 2.270 2.657 3.038 3.459 3.928 4.169 4.307 4.428 4.489 4.524 4.535 4.541 4.571 4.625 4.786 4.888 4.918 4.943 4.962 4.992 5.019 5.040 5.036 5.004 5.080 5.185 5.194 5.178 5.149 5.116 5.074 5.017 4.974
-99.000 -99.000 -99.000 -99.000 -99.000 -99.000 -99.000 -99.000 -99.000 -99.000 -99.000 -99.000 -99.000 -99.000 -99.000 -99.000 -99.000 -99.000 -99.000 -99.000 -99.000 -99.000 -99.000 -99.000 -99.000 -99.000 -99.000 -99.000 -99.000 -99.000 -99.000 -99.000 1.695 1.725 1.847 2.083 2.416 2.806 3.237 3.675 4.070 4.260 4.385 4.494 4.544 4.578 4.589 4.603 4.642 4.690 4.839 4.946 4.974 4.992 5.005 5.032 5.051 5.058 5.043 5.006 5.075 5.175 5.182 5.161 5.125 5.088 5.043 4.996 4.971
-99.000 -99.000 -99.000 -99.000 -99.000 -99.000 -99.000 -99.000 -99.000 -99.000 -99.000 -99.000 -99.000 -99.000 -99.000 -99.000 -99.000 -99.000 -99.000 -99.000 -99.000 -99.000 -99.000 -99.000 -99.000 -99.000 -99.000 -99.000 -99.000 -99.000 -99.000 1.690 1.702 1.762 1.930 2.204 2.559 2.976 3.446 3.842 4.172 4.338 4.456 4.557 4.601 4.633 4.644 4.668 4.710 4.750 4.894 5.008 5.033 5.043 5.053 5.070 5.075 5.067 5.044 4.998 5.061 5.158 5.161 5.132 5.093 5.054 5.015 4.987 4.973
-99.000 -99.000 -99.000 -99.000 -99.000 -99.000 -99.000 -99.000 -99.000 -99.000 -99.000 -99.000 -99.000 -99.000 -99.000 -99.000 -99.000 -99.000 -99.000 -99.000 -99.000 -99.000 -99.000 -99.000 -99.000 -99.000 -99.000 -99.000 -99.000 -99.000 -99.000 1.695 1.717 1.820 2.035 2.341 2.724 3.176 3.636 3.974 4.266 4.422 4.526 4.622 4.660 4.682 4.700 4.734 4.777 4.810 4.949 5.071 5.088 5.093 5.096 5.099 5.090 5.070 5.035 4.983 5.040 5.131 5.129 5.098 5.059 5.024 4.999 4.983 4.975
-99.000 -99.000 -99.000 -99.000 -99.000 -99.000 -99.000 -99.000 -99.000 -99.000 -99.000 -99.000 -99.000 -99.000 -99.000 -99.000 -99.000 -99.000 -99.000 -99.000 -99.000 -99.000 -99.000 -99.000 -99.000 -99.000 -99.000 -99.000 -99.000 -99.000 -99.000 1.695 1.745 1.894 2.145 2.485 2.900 3.372 3.799 4.088 4.352 4.496 4.596 4.686 4.703 4.725 4.756 4.799 4.845 4.867 5.002 5.127 5.139 5.138 5.130 5.123 5.102 5.067 5.022 4.964 5.013 5.098 5.095 5.065 5.029 5.006 4.991 4.982 4.980
-99.000 -99.000 -99.000 -99.000 -99.000 -99.000 -99.000 -99.000 -99.000 -99.000 -99.000 -99.000 -99.000 -99.000 -99.000 -99.000 -99.000 -99.000 -99.000 -99.000 -99.000 -99.000 -99.000 -99.000 -99.000 -99.000 -99.000 -99.000 -99.000 -99.000 1.683 1.702 1.788 1.982 2.269 2.649 3.105 3.575 3.945 4.187 4.435 4.569 4.660 4.727 4.730 4.765 4.808 4.863 4.908 4.918 5.051 5.181 5.188 5.175 5.160 5.143 5.108 5.060 5.005 4.939 4.983 5.065 5.062 5.036 5.010 4.994 4.985 4.984 4.987
-99.000 -99.000 -99.000 -99.000 -99.000 -99.000 -99.000 -99.000 -99.000 -99.000 -99.000 -99.000 -99.000 -99.000 -99.000 -99.000 -99.000 -99.000 -99.000 -99.000 -99.000 -99.000 -99.000 -99.000 -99.000 -99.000 -99.000 -99.000 -99.000 1.679 1.680 1.720 1.849 2.087 2.423 2.848 3.330 3.772 4.079 4.290 4.525 4.644 4.703 4.745 4.750 4.796 4.854 4.922 4.964 4.966 5.099 5.231 5.226 5.205 5.182 5.154 5.108 5.048 4.981 4.912 4.954 5.032 5.031 5.013 4.993 4.982 4.982 4.987 4.991
-99.000 -99.000 -99.000 -99.000 -99.000 -99.000 -99.000 -99.000 -99.000 -99.000 -99.000 -99.000 -99.000 -99.000 -99.000 -99.000 -99.000 -99.000 -99.000 -99.000 -99.000 -99.000 -99.000 -99.000 -99.000 -99.000 -99.000 -99.000 -99.000 1.672 1.679 1.751 1.928 2.208 2.589 3.063 3.556 3.949 4.207 4.393 4.601 4.684 4.724 4.754 4.759 4.818 4.893 4.966 5.010 5.004 5.133 5.261 5.247 5.219 5.187 5.151 5.094 5.020 4.947 4.877 4.916 4.994 5.000 4.988 4.973 4.972 4.978 4.984 4.988
-99.000 -99.000 -99.000 -99.000 -99.000 -99.000 -99.000 -99.000 -99.000 -99.000 -99.000 -99.000 -99.000 -99.000 -99.000 -99.000 -99.000 -99.000 -99.000 -99.000 -99.000 -99.000 -99.000 -99.000 -99.000 -99.000 -99.000 -99.000 1.665 1.672 1.694 1.811 2.034 2.356 2.783 3.288 3.761 4.102 4.331 4.499 4.669 4.734 4.767 4.781 4.790 4.857 4.930 5.002 5.047 5.034 5.156 5.278 5.260 5.225 5.186 5.144 5.078 4.998 4.920 4.850 4.890 4.969 4.979 4.970 4.961 4.965 4.973 4.980 4.986
-99.000 -99.000 -99.000 -99.000 -99.000 -99.000 -99.000 -99.000 -99.000 -99.000 -99.000 -99.000 -99.000 -99.000 -99.000 -99.000 -99.000 -99.000 -99.000 -99.000 -99.000 -99.000 -99.000 -99.000 -99.000 -99.000 -99.000 -99.000 -99.000 1.665 1.716 1.881 2.147 2.515 2.985 3.497 3.942 4.265 4.481 4.612 4.744 4.802 4.823 4.827 4.846 4.915 4.980 5.056 5.105 5.077 5.188 5.307 5.284 5.241 5.198 5.148 5.074 4.986 4.903 4.835 4.876 4.955 4.967 4.960 4.956 4.964 4.972 4.981 4.988
-99.000 -99.000 -99.000 -99.000 -99.000 -99.000 -99.000 -99.000 -99.000 -99.000 -99.000 -99.000 -99.000 -99.000 -99.000 -99.000 -99.000 -99.000 -99.000 -99.000 -99.000 -99.000 -99.000 -99.000 -99.000 -99.000 -99.000 -99.000 1.646 1.663 1.755 1.966 2.276 2.689 3.182 3.666 4.085 4.441 4.616 4.691 4.793 4.854 4.872 4.883 4.914 4.977 5.039 5.131 5.159 5.111 5.216 5.329 5.300 5.254 5.203 5.141 5.061 4.963 4.881 4.824 4.865 4.944 4.957 4.954 4.953 4.961 4.971 4.982 4.988
-99.000 -99.000 -99.000 -99.000 -99.000 -99.000 -99.000 -99.000 -99.000 -99.000 -99.000 -99.000 -99.000 -99.000 -99.000 -99.000 -99.000 -99.000 -99.000 -99.000 -99.000 -99.000 -99.000 -99.000 -99.000 -99.000 -99.000 -99.000 1.634 1.665 1.803 2.057 2.416 2.866 3.360 3.818 4.207 4.520 4.682 4.726 4.821 4.892 4.919 4.937 4.973 5.041 5.103 5.168 5.176 5.130 5.226 5.330 5.302 5.252 5.191 5.121 5.034 4.943 4.877 4.821 4.858 4.936 4.953 4.952 4.950 4.959 4.971 4.983 4.992
-99.000 -99.000 -99.000 -99.000 -99.000 -99.000 -99.000 -99.000 -99.000 -99.000 -99.000 -99.000 -99.000 -99.000 -99.000 -99.000 -99.000 -99.000 -99.000 -99.000 -99.000 -99.000 -99.000 -99.000 -99.000 -99.000 -99.000 -99.000 1.622 1.678 1.859 2.161 2.559 3.024 3.496 3.914 4.273 4.548 4.686 4.719 4.830 4.912 4.947 4.967 5.011 5.077 5.125 5.171 5.175 5.126 5.214 5.315 5.288 5.235 5.170 5.098 5.014 4.938 4.878 4.819 4.855 4.936 4.954 4.951 4.949 4.958 4.972 4.987 4.999
-99.000 -99.000 -99.000 -99.000 -99.000 -99.000 -99.000 -99.000 -99.000 -99.000 -99.000 -99.000 -99.000 -99.000 -99.000 -99.000 -99.000 -99.000 -99.000 -99.000 -99.000 -99.000 -99.000 -99.000 -99.000 -99.000 -99.000 -99.000 1.620 1.712 1.941 2.296 2.718 3.181 3.611 3.983 4.308 4.543 4.656 4.693 4.828 4.923 4.950 4.973 5.025 5.084 5.124 5.161 5.155 5.107 5.190 5.288 5.262 5.212 5.149 5.079 5.006 4.939 4.879 4.821 4.859 4.939 4.955 4.953 4.950 4.959 4.976 4.995 5.010
-99.000 -99.000 -99.000 -99.000 -99.000 -99.000 -99.000 -99.000 -99.000 -99.000 -99.000 -99.000 -99.000 -99.000 -99.000 -99.000 -99.000 -99.000 -99.000 -99.000 -99.000 -99.000 -99.000 -99.000 -99.000 -99.000 -99.000 1.611 1.628 1.761 2.041 2.447 2.883 3.320 3.696 4.034 4.322 4.519 4.616 4.657 4.819 4.911 4.936 4.967 5.022 5.080 5.113 5.138 5.128 5.081 5.158 5.253 5.233 5.189 5.131 5.071 5.006 4.939 4.882 4.827 4.865 4.942 4.960 4.957 4.954 4.965 4.986 5.008 5.029
-99.000 -99.000 -99.000 -99.000 -99.000 -99.000 -99.000 -99.000 -99.000 -99.000 -99.000 -99.000 -99.000 -99.000 -99.000 -99.000 -99.000 -99.000 -99.000 -99.000 -99.000 -99.000 -99.000 -99.000 -99.000 -99.000 1.631 1.610 1.655 1.833 2.167 2.617 3.038 3.431 3.765 4.063 4.313 4.478 4.557 4.605 4.794 4.884 4.907 4.946 5.011 5.064 5.089 5.109 5.096 5.048 5.122 5.218 5.205 5.168 5.121 5.068 5.005 4.942 4.886 4.832 4.869 4.947 4.966 4.965 4.964 4.977 4.999 5.028 5.053
-99.000 -99.000 -99.000 -99.000 -99.000 -99.000 -99.000 -99.000 -99.000 -99.000 -99.000 -99.000 -99.000 -99.000 -99.000 -99.000 -99.000 -99.000 -99.000 -99.000 -99.000 -99.000 -99.000 -99.000 -99.000 -99.000 1.639 1.628 1.712 1.936 2.324 2.799 3.182 3.537 3.820 4.076 4.282 4.411 4.478 4.538 4.753 4.838 4.861 4.914 4.986 5.033 5.058 5.073 5.057 5.012 5.087 5.184 5.176 5.150 5.109 5.060 5.003 4.942 4.885 4.833 4.872 4.950 4.972 4.976 4.978 4.991 5.018 5.053 5.080
-99.000 -99.000 -99.000 -99.000 -99.000 -99.000 -99.000 -99.000 -99.000 -99.000 -99.000 -99.000 -99.000 -99.000 -99.000 -99.000 -99.000 -99.000 -99.000 -99.000 -99.000 -99.000 -99.000 -99.000 -99.000 -99.000 1.648 1.661 1.788 2.054 2.493 2.976 3.320 3.629 3.849 4.058 4.216 4.317 4.375 4.448 4.677 4.752 4.787 4.856 4.929 4.978 5.004 5.014 5.001 4.964 5.038 5.136 5.138 5.120 5.084 5.043 4.991 4.928 4.872 4.826 4.866 4.946 4.976 4.986 4.991 5.008 5.040 5.076 5.104
-99.000 -99.000 -99.000 -99.000 -99.000 -99.000 -99.000 -99.000 -99.000 -99.000 -99.000 -99.000 -99.000 -99.000 -99.000 -99.000 -99.000 -99.000 -99.000 -99.000 -99.000 -99.000 -99.000 -99.000 -99.000 1.666 1.656 1.708 1.907 2.226 2.718 3.213 3.506 3.768 3.939 4.111 4.239 4.314 4.357 4.439 4.658 4.712 4.751 4.822 4.893 4.938 4.961 4.971 4.960 4.925 5.001 5.102 5.110 5.095 5.065 5.030 4.980 4.918 4.864 4.822 4.866 4.951 4.988 5.003 5.012 5.033 5.064 5.098 5.127
-99.000 -99.000 -99.000 -99.000 -99.000 -99.000 -99.000 -99.000 -99.000 -99.000 -99.000 -99.000 -99.000 -99.000 -99.000 -99.000 -99.000 -99.000 -99.000 -99.000 -99.000 -99.000 -99.000 -99.000 -99.000 1.674 1.684 1.789 2.059 2.405 2.947 3.427 3.676 3.906 4.061 4.216 4.320 4.375 4.408 4.499 4.683 4.724 4.758 4.820 4.883 4.920 4.938 4.946 4.935 4.904 4.981 5.082 5.092 5.079 5.055 5.023 4.975 4.915 4.861 4.824 4.873 4.963 5.007 5.027 5.042 5.063 5.091 5.126 5.154
-99.000 -99.000 -99.000 -99.000 -99.000 -99.000 -99.000 -99.000 -99.000 -99.000 -99.000 -99.000 -99.000 -99.000 -99.000 -99.000 -99.000 -99.000 -99.000 -99.000 -99.000 -99.000 -99.000 -99.000 -99.000 1.681 1.729 1.917 2.219 2.570 3.137 3.556 3.753 3.949 4.088 4.229 4.324 4.366 4.414 4.520 4.684 4.724 4.752 4.810 4.864 4.891 4.909 4.915 4.905 4.881 4.959 5.058 5.069 5.061 5.039 5.007 4.963 4.900 4.851 4.826 4.881 4.975 5.024 5.054 5.073 5.094 5.122 5.160 5.180
-99.000 -99.000 -99.000 -99.000 -99.000 -99.000 -99.000 -99.000 -99.000 -99.000 -99.000 -99.000 -99.000 -99.000 -99.000 -99.000 -99.000 -99.000 -99.000 -99.000 -99.000 -99.000 -99.000 -99.000 -99.000 1.674 1.765 2.003 2.348 2.744 3.308 3.669 3.830 3.992 4.104 4.221 4.308 4.365 4.424 4.515 4.674 4.715 4.742 4.795 4.836 4.859 4.874 4.879 4.876 4.856 4.931 5.027 5.043 5.037 5.012 4.981 4.938 4.885 4.852 4.832 4.889 4.988 5.049 5.085 5.107 5.132 5.163 5.189 5.190
-99.000 -99.000 -99.000 -99.000 -99.000 -99.000 -99.000 -99.000 -99.000 -99.000 -99.000 -99.000 -99.000 -99.000 -99.000 -99.000 -99.000 -99.000 -99.000 -99.000 -99.000 -99.000 -99.000 -99.000 1.662 1.678 1.817 2.099 2.483 2.904 3.450 3.770 3.902 4.036 4.128 4.221 4.311 4.375 4.422 4.504 4.658 4.701 4.723 4.769 4.804 4.821 4.835 4.844 4.844 4.824 4.898 4.995 5.013 5.003 4.980 4.952 4.915 4.880 4.858 4.841 4.900 5.010 5.079 5.119 5.146 5.173 5.195 5.204 5.190
-99.000 -99.000 -99.000 -99.000 -99.000 -99.000 -99.000 -99.000 -99.000 -99.000 -99.000 -99.000 -99.000 -99.000 -99.000 -99.000 -99.000 -99.000 -99.000 -99.000 -99.000 -99.000 -99.000 -99.000 1.660 1.710 1.902 2.228 2.642 3.078 3.582 3.868 3.967 4.085 4.155 4.232 4.321 4.373 4.412 4.498 4.640 4.679 4.698 4.742 4.768 4.782 4.799 4.809 4.808 4.793 4.866 4.961 4.977 4.969 4.949 4.926 4.903 4.881 4.865 4.854 4.920 5.037 5.111 5.155 5.184 5.205 5.214 5.206 5.178
