version1/TsunamiDB/out54008.asc
ncols          264
nrows          230
xllcorner      497853.4375
yllcorner      4229146.0000
cellsize         5.
NODATA_value   -99
[rows 93 to 123 of 230, columns 140 to 209 of 264]
-99.000 -99.000 -99.000 -99.000 -99.000 -99.000 -99.000 -99.000 -99.000 -99.000 -99.000 -99.000 -99.000 -99.000 -99.000 -99.000 -99.000 -99.000 -99.000 -99.000 -99.000 -99.000 -99.000 -99.000 -99.000 -99.000 -99.000 -99.000 -99.000 -99.000 -99.000 -99.000 -99.000 -99.000 -99.000 -99.000 -99.000 -99.000 -99.000 -99.000 1.643 1.659 1.745 1.939 2.221 2.568 2.949 3.330 3.673 3.953 4.170 4.337 4.468 4.575 4.665 4.744 4.816 4.884 4.949 5.011 5.071 5.127 5.180 5.229 5.273 5.309 5.336 5.355 5.365 5.370
-99.000 -99.000 -99.000 -99.000 -99.000 -99.000 -99.000 -99.000 -99.000 -99.000 -99.000 -99.000 -99.000 -99.000 -99.000 -99.000 -99.000 -99.000 -99.000 -99.000 -99.000 -99.000 -99.000 -99.000 -99.000 -99.000 -99.000 -99.000 -99.000 -99.000 -99.000 -99.000 -99.000 -99.000 -99.000 -99.000 -99.000 -99.000 -99.000 1.643 1.646 1.682 1.814 2.047 2.359 2.725 3.110 3.479 3.796 4.047 4.242 4.392 4.511 4.610 4.695 4.771 4.842 4.910 4.975 5.038 5.099 5.158 5.213 5.265 5.311 5.350 5.381 5.403 5.416 5.423
-99.000 -99.000 -99.000 -99.000 -99.000 -99.000 -99.000 -99.000 -99.000 -99.000 -99.000 -99.000 -99.000 -99.000 -99.000 -99.000 -99.000 -99.000 -99.000 -99.000 -99.000 -99.000 -99.000 -99.000 -99.000 -99.000 -99.000 -99.000 -99.000 -99.000 -99.000 -99.000 -99.000 -99.000 -99.000 -99.000 -99.000 -99.000 -99.000 1.643 1.653 1.723 1.899 2.167 2.505 2.883 3.265 3.617 3.906 4.132 4.306 4.442 4.551 4.643 4.723 4.796 4.866 4.933 4.998 5.062 5.124 5.183 5.241 5.294 5.343 5.385 5.420 5.446 5.463 5.475
-99.000 -99.000 -99.000 -99.000 -99.000 -99.000 -99.000 -99.000 -99.000 -99.000 -99.000 -99.000 -99.000 -99.000 -99.000 -99.000 -99.000 -99.000 -99.000 -99.000 -99.000 -99.000 -99.000 -99.000 -99.000 -99.000 -99.000 -99.000 -99.000 -99.000 -99.000 -99.000 -99.000 -99.000 -99.000 -99.000 -99.000 -99.000 -99.000 1.644 1.670 1.782 1.998 2.297 2.656 3.040 3.414 3.742 4.004 4.206 4.363 4.486 4.588 4.674 4.751 4.822 4.890 4.956 5.020 5.084 5.146 5.206 5.264 5.319 5.369 5.415 5.453 5.484 5.507 5.524
-99.000 -99.000 -99.000 -99.000 -99.000 -99.000 -99.000 -99.000 -99.000 -99.000 -99.000 -99.000 -99.000 -99.000 -99.000 -99.000 -99.000 -99.000 -99.000 -99.000 -99.000 -99.000 -99.000 -99.000 -99.000 -99.000 -99.000 -99.000 -99.000 -99.000 -99.000 -99.000 -99.000 -99.000 -99.000 -99.000 -99.000 -99.000 1.643 1.649 1.702 1.856 2.109 2.435 2.808 3.194 3.554 3.855 4.091 4.272 4.414 4.527 4.622 4.704 4.778 4.847 4.914 4.978 5.042 5.105 5.167 5.227 5.285 5.340 5.392 5.440 5.482 5.518 5.547 5.571
-99.000 -99.000 -99.000 -99.000 -99.000 -99.000 -99.000 -99.000 -99.000 -99.000 -99.000 -99.000 -99.000 -99.000 -99.000 -99.000 -99.000 -99.000 -99.000 -99.000 -99.000 -99.000 -99.000 -99.000 -99.000 -99.000 -99.000 -99.000 -99.000 -99.000 -99.000 -99.000 -99.000 -99.000 -99.000 -99.000 -99.000 -99.000 1.644 1.660 1.749 1.945 2.230 2.579 2.962 3.342 3.682 3.956 4.168 4.331 4.459 4.564 4.653 4.732 4.804 4.871 4.937 5.002 5.065 5.127 5.188 5.247 5.305 5.360 5.413 5.463 5.509 5.550 5.585 5.616
-99.000 -99.000 -99.000 -99.000 -99.000 -99.000 -99.000 -99.000 -99.000 -99.000 -99.000 -99.000 -99.000 -99.000 -99.000 -99.000 -99.000 -99.000 -99.000 -99.000 -99.000 -99.000 -99.000 -99.000 -99.000 -99.000 -99.000 -99.000 -99.000 -99.000 -99.000 -99.000 -99.000 -99.000 -99.000 -99.000 -99.000 1.643 1.646 1.683 1.814 2.047 2.359 2.726 3.113 3.484 3.799 4.046 4.236 4.383 4.501 4.598 4.683 4.759 4.829 4.896 4.961 5.025 5.087 5.149 5.209 5.268 5.325 5.380 5.434 5.486 5.535 5.580 5.622 5.661
-99.000 -99.000 -99.000 -99.000 -99.000 -99.000 -99.000 -99.000 -99.000 -99.000 -99.000 -99.000 -99.000 -99.000 -99.000 -99.000 -99.000 -99.000 -99.000 -99.000 -99.000 -99.000 -99.000 -99.000 -99.000 -99.000 -99.000 -99.000 -99.000 -99.000 -99.000 -99.000 -99.000 -99.000 -99.000 -99.000 -99.000 1.643 1.652 1.720 1.893 2.160 2.497 2.876 3.262 3.616 3.904 4.127 4.298 4.431 4.538 4.629 4.710 4.784 4.852 4.918 4.983 5.047 5.109 5.170 5.229 5.288 5.344 5.400 5.455 5.508 5.560 5.610 5.658 5.705
-99.000 -99.000 -99.000 -99.000 -99.000 -99.000 -99.000 -99.000 -99.000 -99.000 -99.000 -99.000 -99.000 -99.000 -99.000 -99.000 -99.000 -99.000 -99.000 -99.000 -99.000 -99.000 -99.000 -99.000 -99.000 -99.000 -99.000 -99.000 -99.000 -99.000 -99.000 -99.000 -99.000 -99.000 -99.000 -99.000 -99.000 1.644 1.668 1.774 1.986 2.283 2.641 3.028 3.407 3.739 4.001 4.201 4.355 4.475 4.574 4.659 4.735 4.807 4.874 4.940 5.004 5.067 5.129 5.189 5.248 5.306 5.362 5.418 5.473 5.528 5.583 5.637 5.691 5.746
-99.000 -99.000 -99.000 -99.000 -99.000 -99.000 -99.000 -99.000 -99.000 -99.000 -99.000 -99.000 -99.000 -99.000 -99.000 -99.000 -99.000 -99.000 -99.000 -99.000 -99.000 -99.000 -99.000 -99.000 -99.000 -99.000 -99.000 -99.000 -99.000 -99.000 -99.000 -99.000 -99.000 -99.000 -99.000 -99.000 1.643 1.648 1.696 1.844 2.092 2.415 2.789 3.179 3.546 3.852 4.090 4.270 4.408 4.517 4.608 4.687 4.760 4.830 4.895 4.959 5.023 5.085 5.146 5.205 5.263 5.320 5.376 5.431 5.487 5.543 5.601 5.660 5.721 5.783
-99.000 -99.000 -99.000 -99.000 -99.000 -99.000 -99.000 -99.000 -99.000 -99.000 -99.000 -99.000 -99.000 -99.000 -99.000 -99.000 -99.000 -99.000 -99.000 -99.000 -99.000 -99.000 -99.000 -99.000 -99.000 -99.000 -99.000 -99.000 -99.000 -99.000 -99.000 -99.000 -99.000 -99.000 -99.000 -99.000 1.643 1.657 1.741 1.930 2.209 2.556 2.941 3.327 3.677 3.958 4.173 4.335 4.459 4.558 4.642 4.717 4.786 4.852 4.916 4.978 5.041 5.101 5.160 5.218 5.274 5.329 5.384 5.439 5.495 5.552 5.613 5.678 5.745 5.816
-99.000 -99.000 -99.000 -99.000 -99.000 -99.000 -99.000 -99.000 -99.000 -99.000 -99.000 -99.000 -99.000 -99.000 -99.000 -99.000 -99.000 -99.000 -99.000 -99.000 -99.000 -99.000 -99.000 -99.000 -99.000 -99.000 -99.000 -99.000 -99.000 -99.000 -99.000 -99.000 -99.000 -99.000 -99.000 1.643 1.645 1.678 1.801 2.029 2.337 2.703 3.094 3.472 3.800 4.056 4.250 4.397 4.509 4.600 4.678 4.748 4.813 4.877 4.937 4.998 5.057 5.116 5.172 5.227 5.280 5.333 5.386 5.441 5.497 5.557 5.621 5.691 5.765 5.843
-99.000 -99.000 -99.000 -99.000 -99.000 -99.000 -99.000 -99.000 -99.000 -99.000 -99.000 -99.000 -99.000 -99.000 -99.000 -99.000 -99.000 -99.000 -99.000 -99.000 -99.000 -99.000 -99.000 -99.000 -99.000 -99.000 -99.000 -99.000 -99.000 -99.000 -99.000 -99.000 -99.000 -99.000 -99.000 1.643 1.651 1.713 1.879 2.140 2.475 2.855 3.246 3.611 3.914 4.148 4.323 4.455 4.558 4.643 4.715 4.781 4.844 4.904 4.961 5.018 5.075 5.130 5.183 5.234 5.284 5.334 5.385 5.438 5.495 5.557 5.625 5.701 5.780 5.865
-99.000 -99.000 -99.000 -99.000 -99.000 -99.000 -99.000 -99.000 -99.000 -99.000 -99.000 -99.000 -99.000 -99.000 -99.000 -99.000 -99.000 -99.000 -99.000 -99.000 -99.000 -99.000 -99.000 -99.000 -99.000 -99.000 -99.000 -99.000 -99.000 -99.000 -99.000 -99.000 -99.000 -99.000 -99.000 1.644 1.664 1.764 1.970 2.263 2.620 3.009 3.395 3.742 4.020 4.231 4.390 4.511 4.606 4.685 4.755 4.818 4.877 4.934 4.989 5.042 5.095 5.147 5.196 5.243 5.288 5.334 5.383 5.435 5.492 5.555 5.629 5.711 5.796 5.888
-99.000 -99.000 -99.000 -99.000 -99.000 -99.000 -99.000 -99.000 -99.000 -99.000 -99.000 -99.000 -99.000 -99.000 -99.000 -99.000 -99.000 -99.000 -99.000 -99.000 -99.000 -99.000 -99.000 -99.000 -99.000 -99.000 -99.000 -99.000 -99.000 -99.000 -99.000 -99.000 -99.000 -99.000 1.643 1.647 1.691 1.833 2.075 2.396 2.771 3.163 3.539 3.863 4.115 4.306 4.451 4.562 4.652 4.728 4.795 4.856 4.913 4.968 5.020 5.070 5.120 5.167 5.212 5.255 5.296 5.338 5.383 5.434 5.492 5.560 5.639 5.726 5.816 5.912
-99.000 -99.000 -99.000 -99.000 -99.000 -99.000 -99.000 -99.000 -99.000 -99.000 -99.000 -99.000 -99.000 -99.000 -99.000 -99.000 -99.000 -99.000 -99.000 -99.000 -99.000 -99.000 -99.000 -99.000 -99.000 -99.000 -99.000 -99.000 -99.000 -99.000 -99.000 -99.000 -99.000 -99.000 1.643 1.655 1.733 1.917 2.193 2.539 2.925 3.316 3.677 3.974 4.201 4.373 4.505 4.609 4.695 4.769 4.835 4.895 4.951 5.005 5.054 5.102 5.148 5.192 5.233 5.272 5.309 5.347 5.390 5.440 5.500 5.572 5.654 5.744 5.839 5.939
-99.000 -99.000 -99.000 -99.000 -99.000 -99.000 -99.000 -99.000 -99.000 -99.000 -99.000 -99.000 -99.000 -99.000 -99.000 -99.000 -99.000 -99.000 -99.000 -99.000 -99.000 -99.000 -99.000 -99.000 -99.000 -99.000 -99.000 -99.000 -99.000 -99.000 -99.000 -99.000 -99.000 1.643 1.645 1.674 1.793 2.015 2.322 2.688 3.081 3.465 3.804 4.073 4.277 4.432 4.553 4.651 4.733 4.806 4.872 4.933 4.989 5.042 5.091 5.137 5.181 5.222 5.260 5.295 5.329 5.365 5.405 5.455 5.516 5.589 5.673 5.766 5.864 5.968
-99.000 -99.000 -99.000 -99.000 -99.000 -99.000 -99.000 -99.000 -99.000 -99.000 -99.000 -99.000 -99.000 -99.000 -99.000 -99.000 -99.000 -99.000 -99.000 -99.000 -99.000 -99.000 -99.000 -99.000 -99.000 -99.000 -99.000 -99.000 -99.000 -99.000 -99.000 -99.000 -99.000 1.643 1.650 1.708 1.869 2.127 2.461 2.843 3.237 3.608 3.920 4.161 4.343 4.484 4.595 4.687 4.768 4.840 4.907 4.968 5.026 5.079 5.127 5.173 5.215 5.255 5.290 5.323 5.355 5.389 5.429 5.478 5.540 5.613 5.699 5.793 5.893 5.999
-99.000 -99.000 -99.000 -99.000 -99.000 -99.000 -99.000 -99.000 -99.000 -99.000 -99.000 -99.000 -99.000 -99.000 -99.000 -99.000 -99.000 -99.000 -99.000 -99.000 -99.000 -99.000 -99.000 -99.000 -99.000 -99.000 -99.000 -99.000 -99.000 -99.000 -99.000 -99.000 -99.000 1.644 1.662 1.759 1.961 2.252 2.608 3.000 3.390 3.742 4.025 4.240 4.403 4.530 4.633 4.720 4.798 4.870 4.937 5.000 5.059 5.113 5.162 5.207 5.249 5.288 5.322 5.353 5.385 5.419 5.459 5.509 5.570 5.643 5.727 5.821 5.922 6.030
-99.000 -99.000 -99.000 -99.000 -99.000 -99.000 -99.000 -99.000 -99.000 -99.000 -99.000 -99.000 -99.000 -99.000 -99.000 -99.000 -99.000 -99.000 -99.000 -99.000 -99.000 -99.000 -99.000 -99.000 -99.000 -99.000 -99.000 -99.000 -99.000 -99.000 -99.000 -99.000 1.643 1.646 1.688 1.827 2.068 2.388 2.763 3.158 3.539 3.866 4.120 4.312 4.458 4.573 4.668 4.750 4.826 4.897 4.964 5.027 5.087 5.142 5.192 5.238 5.280 5.319 5.353 5.385 5.418 5.454 5.495 5.544 5.604 5.675 5.758 5.850 5.952 6.061
-99.000 -99.000 -99.000 -99.000 -99.000 -99.000 -99.000 -99.000 -99.000 -99.000 -99.000 -99.000 -99.000 -99.000 -99.000 -99.000 -99.000 -99.000 -99.000 -99.000 -99.000 -99.000 -99.000 -99.000 -99.000 -99.000 -99.000 -99.000 -99.000 -99.000 -99.000 -99.000 1.643 1.655 1.731 1.913 2.188 2.534 2.921 3.315 3.680 3.979 4.208 4.380 4.510 4.614 4.702 4.780 4.852 4.921 4.987 5.051 5.111 5.166 5.216 5.263 5.307 5.346 5.381 5.415 5.451 5.490 5.533 5.584 5.642 5.710 5.789 5.880 5.980 6.089
-99.000 -99.000 -99.000 -99.000 -99.000 -99.000 -99.000 -99.000 -99.000 -99.000 -99.000 -99.000 -99.000 -99.000 -99.000 -99.000 -99.000 -99.000 -99.000 -99.000 -99.000 -99.000 -99.000 -99.000 -99.000 -99.000 -99.000 -99.000 -99.000 -99.000 -99.000 1.643 1.645 1.674 1.792 2.015 2.321 2.688 3.082 3.468 3.812 4.084 4.289 4.443 4.561 4.656 4.737 4.810 4.879 4.945 5.010 5.071 5.130 5.185 5.235 5.283 5.328 5.369 5.406 5.443 5.483 5.525 5.572 5.623 5.680 5.745 5.820 5.907 6.004 6.112
-99.000 -99.000 -99.000 -99.000 -99.000 -99.000 -99.000 -99.000 -99.000 -99.000 -99.000 -99.000 -99.000 -99.000 -99.000 -99.000 -99.000 -99.000 -99.000 -99.000 -99.000 -99.000 -99.000 -99.000 -99.000 -99.000 -99.000 -99.000 -99.000 -99.000 -99.000 1.643 1.650 1.709 1.871 2.130 2.465 2.846 3.241 3.615 3.934 4.180 4.364 4.502 4.610 4.698 4.773 4.843 4.908 4.971 5.032 5.091 5.148 5.200 5.250 5.298 5.343 5.387 5.428 5.469 5.514 5.560 5.611 5.664 5.720 5.781 5.852 5.933 6.027 6.132
-99.000 -99.000 -99.000 -99.000 -99.000 -99.000 -99.000 -99.000 -99.000 -99.000 -99.000 -99.000 -99.000 -99.000 -99.000 -99.000 -99.000 -99.000 -99.000 -99.000 -99.000 -99.000 -99.000 -99.000 -99.000 -99.000 -99.000 -99.000 -99.000 -99.000 -99.000 1.644 1.663 1.762 1.966 2.259 2.617 3.008 3.398 3.754 4.045 4.267 4.432 4.558 4.657 4.739 4.811 4.877 4.939 4.999 5.057 5.112 5.165 5.215 5.263 5.310 5.358 5.405 5.450 5.496 5.546 5.596 5.651 5.705 5.761 5.819 5.885 5.962 6.051 6.152
-99.000 -99.000 -99.000 -99.000 -99.000 -99.000 -99.000 -99.000 -99.000 -99.000 -99.000 -99.000 -99.000 -99.000 -99.000 -99.000 -99.000 -99.000 -99.000 -99.000 -99.000 -99.000 -99.000 -99.000 -99.000 -99.000 -99.000 -99.000 -99.000 -99.000 1.643 1.647 1.691 1.833 2.077 2.399 2.775 3.170 3.549 3.882 4.146 4.344 4.494 4.609 4.702 4.781 4.850 4.913 4.973 5.030 5.084 5.136 5.185 5.231 5.278 5.326 5.375 5.425 5.474 5.526 5.580 5.635 5.692 5.749 5.806 5.864 5.928 5.999 6.083 6.180
-99.000 -99.000 -99.000 -99.000 -99.000 -99.000 -99.000 -99.000 -99.000 -99.000 -99.000 -99.000 -99.000 -99.000 -99.000 -99.000 -99.000 -99.000 -99.000 -99.000 -99.000 -99.000 -99.000 -99.000 -99.000 -99.000 -99.000 -99.000 -99.000 -99.000 1.643 1.656 1.735 1.922 2.200 2.548 2.936 3.329 3.693 3.999 4.235 4.413 4.549 4.656 4.744 4.820 4.888 4.950 5.008 5.063 5.114 5.163 5.209 5.253 5.297 5.345 5.396 5.450 5.503 5.559 5.618 5.678 5.738 5.799 5.859 5.919 5.982 6.048 6.128 6.221
-99.000 -99.000 -99.000 -99.000 -99.000 -99.000 -99.000 -99.000 -99.000 -99.000 -99.000 -99.000 -99.000 -99.000 -99.000 -99.000 -99.000 -99.000 -99.000 -99.000 -99.000 -99.000 -99.000 -99.000 -99.000 -99.000 -99.000 -99.000 -99.000 -99.000 1.645 1.676 1.799 2.026 2.335 2.704 3.099 3.484 3.827 4.104 4.314 4.473 4.597 4.698 4.782 4.856 4.923 4.985 5.043 5.096 5.146 5.192 5.236 5.278 5.321 5.369 5.421 5.478 5.536 5.597 5.661 5.725 5.789 5.856 5.921 5.984 6.047 6.111 6.188 6.277
-99.000 -99.000 -99.000 -99.000 -99.000 -99.000 -99.000 -99.000 -99.000 -99.000 -99.000 -99.000 -99.000 -99.000 -99.000 -99.000 -99.000 -99.000 -99.000 -99.000 -99.000 -99.000 -99.000 -99.000 -99.000 -99.000 -99.000 -99.000 -99.000 1.644 1.651 1.713 1.880 2.143 2.481 2.864 3.259 3.631 3.949 4.196 4.383 4.527 4.641 4.735 4.817 4.890 4.957 5.018 5.076 5.129 5.177 5.222 5.264 5.304 5.347 5.395 5.450 5.510 5.572 5.637 5.706 5.776 5.846 5.919 5.990 6.059 6.124 6.186 6.260 6.342
-99.000 -99.000 -99.000 -99.000 -99.000 -99.000 -99.000 -99.000 -99.000 -99.000 -99.000 -99.000 -99.000 -99.000 -99.000 -99.000 -99.000 -99.000 -99.000 -99.000 -99.000 -99.000 -99.000 -99.000 -99.000 -99.000 -99.000 -99.000 -99.000 1.645 1.665 1.768 1.978 2.274 2.634 3.026 3.416 3.770 4.058 4.278 4.445 4.574 4.680 4.769 4.848 4.920 4.986 5.048 5.105 5.158 5.206 5.250 5.292 5.331 5.373 5.422 5.478 5.541 5.606 5.676 5.752 5.828 5.905 5.983 6.062 6.137 6.205 6.264 6.335 6.411
-99.000 -99.000 -99.000 -99.000 -99.000 -99.000 -99.000 -99.000 -99.000 -99.000 -99.000 -99.000 -99.000 -99.000 -99.000 -99.000 -99.000 -99.000 -99.000 -99.000 -99.000 -99.000 -99.000 -99.000 -99.000 -99.000 -99.000 -99.000 1.644 1.648 1.695 1.842 2.090 2.415 2.793 3.188 3.566 3.897 4.156 4.352 4.501 4.619 4.716 4.800 4.877 4.947 5.013 5.074 5.131 5.183 5.231 5.275 5.315 5.354 5.396 5.445 5.503 5.568 5.637 5.712 5.794 5.877 5.960 6.046 6.132 6.213 6.282 6.338 6.407 6.482
-99.000 -99.000 -99.000 -99.000 -99.000 -99.000 -99.000 -99.000 -99.000 -99.000 -99.000 -99.000 -99.000 -99.000 -99.000 -99.000 -99.000 -99.000 -99.000 -99.000 -99.000 -99.000 -99.000 -99.000 -99.000 -99.000 -99.000 -99.000 1.644 1.659 1.742 1.934 2.216 2.566 2.954 3.346 3.709 4.012 4.245 4.420 4.554 4.661 4.752 4.831 4.905 4.973 5.037 5.098 5.154 5.205 5.252 5.294 5.335 5.374 5.416 5.466 5.524 5.593 5.665 5.744 5.832 5.922 6.013 6.105 6.197 6.281 6.352 6.405 6.474 6.544
