version1/TsunamiDB/out54103.asc
ncols          264
nrows          230
xllcorner      497853.4375
yllcorner      4229146.0000
cellsize         5.
NODATA_value   -99
[rows 34 to 67 of 230, columns 77 to 153 of 264]
5.378 5.396 5.413 5.430 5.446 5.461 5.476 5.489 5.502 5.516 5.530 5.544 5.557 5.571 5.585 5.600 5.614 5.629 5.644 5.659 5.675 5.690 5.706 5.722 5.739 5.755 5.772 5.789 5.806 5.822 5.837 5.853 5.869 5.885 5.901 5.917 5.933 5.949 5.964 5.980 5.995 6.010 6.025 6.040 6.054 6.069 6.083 6.097 6.111 6.125 6.138 6.152 6.164 6.175 6.186 6.198 6.209 6.220 6.230 6.240 6.250 6.260 6.269 6.277 6.285 6.292 6.299 6.304 6.310 6.314 6.318 6.321 6.324 6.326 6.328 6.328 6.328
5.392 5.410 5.427 5.444 5.460 5.476 5.490 5.503 5.517 5.530 5.544 5.557 5.570 5.584 5.597 5.610 5.624 5.638 5.652 5.667 5.681 5.697 5.712 5.727 5.743 5.759 5.776 5.792 5.809 5.825 5.840 5.855 5.871 5.887 5.903 5.919 5.935 5.951 5.966 5.982 5.997 6.012 6.027 6.042 6.057 6.071 6.086 6.100 6.114 6.128 6.141 6.155 6.167 6.179 6.190 6.202 6.213 6.224 6.235 6.246 6.256 6.266 6.275 6.284 6.292 6.300 6.307 6.314 6.320 6.325 6.330 6.334 6.337 6.340 6.342 6.343 6.343
5.404 5.422 5.440 5.458 5.474 5.490 5.505 5.518 5.532 5.545 5.558 5.571 5.584 5.597 5.610 5.622 5.635 5.648 5.662 5.675 5.689 5.704 5.718 5.733 5.749 5.764 5.780 5.796 5.812 5.828 5.842 5.858 5.874 5.889 5.905 5.921 5.937 5.953 5.968 5.984 5.999 6.014 6.029 6.044 6.059 6.074 6.088 6.102 6.116 6.130 6.144 6.158 6.170 6.182 6.194 6.205 6.217 6.228 6.239 6.250 6.261 6.271 6.281 6.290 6.299 6.307 6.315 6.322 6.329 6.335 6.340 6.345 6.349 6.352 6.355 6.357 6.357
5.415 5.434 5.453 5.470 5.488 5.504 5.519 5.533 5.546 5.560 5.573 5.586 5.599 5.611 5.623 5.635 5.648 5.660 5.673 5.685 5.699 5.712 5.726 5.740 5.755 5.770 5.785 5.800 5.816 5.831 5.846 5.861 5.876 5.892 5.908 5.924 5.939 5.955 5.971 5.986 6.001 6.017 6.032 6.047 6.061 6.076 6.091 6.105 6.119 6.133 6.147 6.161 6.173 6.185 6.197 6.209 6.221 6.232 6.244 6.255 6.266 6.276 6.286 6.296 6.305 6.314 6.322 6.330 6.337 6.344 6.350 6.355 6.360 6.364 6.368 6.370 6.371
5.425 5.445 5.464 5.482 5.500 5.517 5.532 5.546 5.561 5.575 5.588 5.601 5.614 5.626 5.638 5.649 5.661 5.673 5.685 5.697 5.709 5.722 5.735 5.748 5.762 5.776 5.790 5.805 5.820 5.835 5.849 5.864 5.879 5.895 5.910 5.926 5.942 5.957 5.973 5.988 6.004 6.019 6.034 6.049 6.064 6.078 6.093 6.107 6.121 6.135 6.149 6.163 6.176 6.188 6.200 6.212 6.224 6.236 6.248 6.259 6.270 6.281 6.291 6.301 6.311 6.320 6.329 6.337 6.345 6.352 6.359 6.365 6.370 6.375 6.379 6.382 6.384
5.434 5.454 5.474 5.493 5.511 5.529 5.545 5.560 5.574 5.589 5.603 5.616 5.629 5.641 5.653 5.664 5.676 5.687 5.698 5.709 5.721 5.733 5.745 5.757 5.770 5.783 5.797 5.811 5.826 5.840 5.853 5.868 5.883 5.898 5.913 5.929 5.944 5.960 5.975 5.991 6.006 6.021 6.036 6.051 6.066 6.081 6.095 6.110 6.124 6.138 6.152 6.166 6.179 6.191 6.203 6.215 6.227 6.239 6.251 6.263 6.274 6.285 6.296 6.306 6.316 6.326 6.335 6.344 6.352 6.360 6.367 6.374 6.380 6.385 6.390 6.394 6.396
5.441 5.462 5.482 5.502 5.521 5.539 5.556 5.572 5.587 5.602 5.616 5.630 5.643 5.656 5.668 5.679 5.691 5.702 5.712 5.723 5.734 5.745 5.756 5.768 5.779 5.792 5.805 5.818 5.832 5.845 5.858 5.872 5.887 5.901 5.916 5.932 5.947 5.962 5.978 5.993 6.008 6.023 6.038 6.053 6.068 6.083 6.098 6.112 6.126 6.140 6.155 6.169 6.182 6.194 6.206 6.218 6.231 6.243 6.255 6.267 6.278 6.289 6.300 6.311 6.322 6.331 6.341 6.350 6.359 6.367 6.375 6.382 6.389 6.395 6.400 6.404 6.407
5.448 5.469 5.490 5.510 5.530 5.549 5.566 5.582 5.598 5.614 5.629 5.644 5.657 5.670 5.683 5.695 5.706 5.717 5.727 5.738 5.748 5.758 5.769 5.779 5.790 5.802 5.814 5.826 5.839 5.852 5.864 5.877 5.891 5.906 5.920 5.935 5.950 5.965 5.980 5.996 6.011 6.026 6.041 6.056 6.071 6.085 6.100 6.114 6.129 6.143 6.157 6.171 6.184 6.197 6.209 6.221 6.234 6.246 6.258 6.270 6.282 6.293 6.305 6.316 6.326 6.337 6.346 6.356 6.365 6.374 6.382 6.389 6.397 6.403 6.409 6.414 6.418
5.454 5.475 5.496 5.517 5.537 5.557 5.575 5.592 5.609 5.625 5.641 5.656 5.670 5.684 5.697 5.709 5.721 5.732 5.743 5.753 5.763 5.773 5.783 5.793 5.803 5.813 5.824 5.836 5.848 5.859 5.871 5.883 5.897 5.910 5.925 5.939 5.954 5.968 5.983 5.998 6.013 6.028 6.043 6.058 6.073 6.088 6.102 6.117 6.131 6.145 6.160 6.174 6.187 6.199 6.212 6.224 6.237 6.249 6.261 6.274 6.285 6.297 6.309 6.320 6.331 6.341 6.351 6.361 6.371 6.380 6.388 6.397 6.404 6.411 6.418 6.423 6.427
5.459 5.481 5.502 5.523 5.543 5.564 5.582 5.600 5.617 5.634 5.651 5.667 5.682 5.696 5.710 5.723 5.735 5.747 5.758 5.768 5.778 5.788 5.797 5.807 5.817 5.826 5.836 5.847 5.858 5.868 5.879 5.891 5.903 5.916 5.930 5.944 5.958 5.972 5.987 6.001 6.016 6.031 6.046 6.061 6.075 6.090 6.105 6.119 6.134 6.148 6.162 6.176 6.189 6.202 6.214 6.227 6.240 6.252 6.265 6.277 6.289 6.301 6.312 6.324 6.335 6.346 6.356 6.366 6.376 6.385 6.394 6.403 6.411 6.419 6.426 6.432 6.436
5.464 5.486 5.507 5.528 5.549 5.570 5.589 5.607 5.625 5.643 5.660 5.677 5.692 5.708 5.722 5.736 5.749 5.761 5.772 5.783 5.793 5.803 5.813 5.822 5.831 5.840 5.850 5.859 5.869 5.879 5.889 5.899 5.911 5.923 5.936 5.949 5.962 5.976 5.991 6.005 6.019 6.034 6.049 6.063 6.078 6.093 6.107 6.122 6.136 6.150 6.165 6.179 6.192 6.204 6.217 6.230 6.242 6.255 6.268 6.280 6.292 6.304 6.316 6.328 6.339 6.350 6.361 6.371 6.381 6.391 6.400 6.409 6.418 6.426 6.433 6.440 6.445
5.469 5.491 5.512 5.533 5.554 5.575 5.594 5.613 5.631 5.650 5.667 5.685 5.701 5.717 5.733 5.747 5.761 5.774 5.786 5.797 5.808 5.818 5.828 5.837 5.846 5.855 5.864 5.873 5.882 5.891 5.900 5.909 5.920 5.931 5.943 5.955 5.968 5.981 5.995 6.009 6.023 6.037 6.052 6.066 6.081 6.095 6.110 6.124 6.139 6.153 6.167 6.181 6.194 6.207 6.220 6.232 6.245 6.258 6.271 6.283 6.295 6.307 6.319 6.331 6.343 6.354 6.365 6.375 6.386 6.396 6.405 6.415 6.424 6.432 6.440 6.447 6.453
5.475 5.496 5.517 5.538 5.559 5.579 5.599 5.618 5.637 5.655 5.674 5.692 5.709 5.726 5.742 5.757 5.772 5.785 5.798 5.811 5.822 5.833 5.843 5.853 5.862 5.871 5.879 5.888 5.896 5.904 5.912 5.921 5.930 5.940 5.951 5.963 5.975 5.987 6.000 6.014 6.027 6.041 6.055 6.069 6.084 6.098 6.112 6.127 6.141 6.155 6.170 6.184 6.197 6.209 6.222 6.235 6.248 6.261 6.273 6.286 6.298 6.311 6.323 6.335 6.346 6.358 6.369 6.380 6.390 6.400 6.410 6.420 6.429 6.438 6.447 6.454 6.460
5.481 5.501 5.522 5.543 5.563 5.584 5.603 5.622 5.641 5.661 5.679 5.698 5.716 5.733 5.750 5.766 5.781 5.796 5.809 5.823 5.835 5.846 5.857 5.867 5.877 5.886 5.895 5.903 5.911 5.918 5.925 5.933 5.942 5.951 5.961 5.972 5.983 5.994 6.006 6.019 6.032 6.046 6.059 6.073 6.087 6.101 6.115 6.130 6.144 6.158 6.172 6.186 6.200 6.212 6.225 6.238 6.251 6.263 6.276 6.289 6.301 6.314 6.326 6.338 6.350 6.361 6.372 6.384 6.394 6.405 6.415 6.425 6.435 6.444 6.453 6.460 6.467
5.487 5.507 5.528 5.548 5.568 5.588 5.608 5.626 5.646 5.665 5.684 5.703 5.721 5.739 5.756 5.773 5.789 5.804 5.819 5.833 5.846 5.859 5.870 5.881 5.891 5.901 5.910 5.918 5.926 5.933 5.940 5.947 5.955 5.963 5.972 5.982 5.992 6.002 6.014 6.026 6.038 6.051 6.064 6.077 6.091 6.105 6.119 6.133 6.147 6.161 6.175 6.189 6.202 6.215 6.227 6.240 6.253 6.266 6.279 6.292 6.304 6.317 6.329 6.341 6.353 6.365 6.376 6.387 6.398 6.409 6.419 6.430 6.440 6.449 6.459 6.466 6.473
5.494 5.514 5.534 5.554 5.573 5.593 5.612 5.631 5.650 5.669 5.688 5.707 5.726 5.744 5.762 5.779 5.796 5.812 5.827 5.842 5.856 5.869 5.882 5.894 5.905 5.915 5.924 5.933 5.941 5.948 5.955 5.962 5.969 5.977 5.985 5.993 6.002 6.012 6.022 6.033 6.045 6.057 6.069 6.082 6.095 6.109 6.122 6.136 6.150 6.164 6.178 6.192 6.205 6.217 6.230 6.243 6.256 6.269 6.282 6.295 6.307 6.320 6.332 6.344 6.356 6.368 6.380 6.391 6.402 6.413 6.424 6.434 6.444 6.454 6.464 6.471 6.478
5.503 5.522 5.541 5.560 5.579 5.599 5.617 5.635 5.654 5.673 5.692 5.711 5.730 5.748 5.766 5.784 5.801 5.818 5.834 5.850 5.864 5.879 5.892 5.905 5.916 5.927 5.938 5.947 5.956 5.963 5.970 5.977 5.984 5.991 5.998 6.006 6.014 6.023 6.032 6.042 6.053 6.064 6.075 6.088 6.100 6.113 6.126 6.140 6.154 6.167 6.181 6.195 6.208 6.220 6.233 6.246 6.259 6.272 6.285 6.297 6.310 6.323 6.335 6.347 6.359 6.371 6.383 6.394 6.406 6.417 6.428 6.438 6.449 6.459 6.468 6.476 6.484
5.512 5.530 5.549 5.567 5.586 5.605 5.622 5.640 5.659 5.678 5.696 5.715 5.734 5.752 5.771 5.788 5.806 5.823 5.840 5.856 5.871 5.886 5.901 5.914 5.927 5.939 5.950 5.960 5.970 5.977 5.984 5.991 5.998 6.005 6.012 6.019 6.027 6.035 6.043 6.052 6.062 6.072 6.083 6.094 6.106 6.118 6.131 6.144 6.158 6.171 6.185 6.198 6.211 6.223 6.236 6.249 6.262 6.275 6.288 6.300 6.313 6.326 6.338 6.350 6.363 6.375 6.386 6.398 6.409 6.421 6.431 6.442 6.453 6.463 6.473 6.481 6.489
5.522 5.540 5.558 5.576 5.594 5.612 5.628 5.646 5.664 5.682 5.701 5.719 5.738 5.756 5.774 5.792 5.810 5.828 5.845 5.861 5.877 5.893 5.908 5.922 5.936 5.949 5.961 5.972 5.982 5.990 5.998 6.006 6.013 6.020 6.027 6.034 6.041 6.048 6.055 6.063 6.072 6.081 6.091 6.102 6.113 6.124 6.137 6.149 6.162 6.175 6.189 6.202 6.214 6.226 6.239 6.252 6.265 6.278 6.291 6.303 6.316 6.329 6.341 6.354 6.366 6.378 6.390 6.401 6.413 6.424 6.435 6.446 6.457 6.467 6.477 6.485 6.493
5.533 5.550 5.568 5.585 5.603 5.619 5.636 5.653 5.670 5.688 5.706 5.724 5.742 5.760 5.778 5.796 5.814 5.831 5.849 5.866 5.882 5.898 5.914 5.929 5.943 5.957 5.970 5.982 5.993 6.002 6.011 6.019 6.027 6.034 6.041 6.048 6.055 6.061 6.068 6.076 6.083 6.092 6.101 6.110 6.121 6.131 6.143 6.155 6.167 6.180 6.193 6.206 6.217 6.230 6.242 6.255 6.268 6.281 6.294 6.306 6.319 6.332 6.344 6.357 6.369 6.381 6.393 6.405 6.416 6.428 6.439 6.450 6.461 6.471 6.481 6.490 6.498
5.544 5.561 5.578 5.595 5.612 5.628 5.644 5.660 5.677 5.694 5.712 5.729 5.747 5.764 5.782 5.800 5.817 5.835 5.852 5.870 5.886 5.903 5.919 5.934 5.949 5.964 5.978 5.991 6.002 6.012 6.022 6.031 6.039 6.048 6.055 6.062 6.069 6.075 6.082 6.089 6.096 6.103 6.111 6.120 6.129 6.139 6.150 6.161 6.173 6.185 6.198 6.210 6.221 6.234 6.246 6.259 6.271 6.284 6.297 6.310 6.322 6.335 6.348 6.360 6.372 6.384 6.396 6.408 6.420 6.431 6.442 6.453 6.464 6.475 6.485 6.494 6.502
5.555 5.572 5.589 5.605 5.622 5.638 5.653 5.669 5.685 5.702 5.718 5.735 5.752 5.769 5.787 5.804 5.821 5.839 5.856 5.873 5.890 5.907 5.923 5.939 5.954 5.969 5.984 5.998 6.010 6.021 6.031 6.041 6.051 6.060 6.068 6.075 6.082 6.089 6.096 6.102 6.109 6.116 6.123 6.131 6.139 6.148 6.158 6.169 6.180 6.191 6.203 6.215 6.226 6.238 6.250 6.262 6.275 6.288 6.300 6.313 6.326 6.338 6.351 6.363 6.376 6.388 6.400 6.411 6.423 6.435 6.446 6.457 6.468 6.479 6.489 6.498 6.506
5.566 5.583 5.600 5.616 5.633 5.648 5.663 5.678 5.694 5.710 5.726 5.742 5.759 5.775 5.792 5.809 5.826 5.843 5.860 5.877 5.893 5.910 5.927 5.943 5.959 5.974 5.989 6.004 6.017 6.028 6.040 6.050 6.061 6.070 6.079 6.088 6.095 6.102 6.109 6.115 6.122 6.128 6.135 6.142 6.150 6.158 6.167 6.177 6.187 6.198 6.209 6.220 6.231 6.243 6.254 6.267 6.279 6.292 6.304 6.317 6.329 6.342 6.354 6.367 6.379 6.391 6.403 6.415 6.427 6.438 6.449 6.461 6.472 6.483 6.492 6.501 6.510
5.577 5.594 5.611 5.627 5.643 5.658 5.673 5.688 5.703 5.719 5.734 5.750 5.766 5.782 5.798 5.814 5.831 5.847 5.864 5.880 5.897 5.914 5.930 5.946 5.962 5.978 5.993 6.008 6.022 6.034 6.046 6.058 6.069 6.080 6.089 6.098 6.107 6.114 6.122 6.128 6.135 6.141 6.148 6.154 6.161 6.169 6.177 6.186 6.195 6.205 6.216 6.227 6.237 6.248 6.259 6.271 6.283 6.296 6.308 6.321 6.333 6.346 6.358 6.370 6.383 6.395 6.407 6.419 6.430 6.442 6.453 6.464 6.475 6.486 6.496 6.505 6.514
5.588 5.605 5.621 5.638 5.654 5.669 5.683 5.698 5.713 5.728 5.743 5.759 5.774 5.789 5.805 5.820 5.836 5.852 5.868 5.884 5.901 5.917 5.933 5.949 5.966 5.981 5.997 6.012 6.026 6.039 6.052 6.064 6.076 6.088 6.098 6.108 6.117 6.125 6.133 6.140 6.147 6.154 6.160 6.167 6.173 6.180 6.188 6.196 6.204 6.214 6.224 6.234 6.243 6.254 6.265 6.276 6.288 6.300 6.313 6.325 6.337 6.350 6.362 6.374 6.386 6.399 6.410 6.422 6.434 6.445 6.457 6.468 6.479 6.490 6.500 6.509 6.518
5.598 5.615 5.631 5.648 5.664 5.679 5.694 5.708 5.723 5.738 5.753 5.768 5.783 5.797 5.812 5.827 5.843 5.858 5.874 5.889 5.905 5.921 5.937 5.953 5.969 5.985 6.000 6.016 6.030 6.043 6.057 6.070 6.082 6.094 6.105 6.116 6.126 6.135 6.144 6.151 6.159 6.166 6.172 6.179 6.185 6.192 6.199 6.206 6.214 6.223 6.232 6.241 6.250 6.260 6.271 6.282 6.293 6.305 6.317 6.329 6.342 6.354 6.366 6.378 6.390 6.402 6.414 6.426 6.438 6.449 6.461 6.472 6.483 6.494 6.504 6.513 6.522
5.607 5.624 5.641 5.658 5.674 5.689 5.704 5.719 5.733 5.748 5.763 5.777 5.792 5.806 5.821 5.835 5.850 5.865 5.880 5.895 5.910 5.925 5.941 5.956 5.972 5.988 6.003 6.019 6.033 6.047 6.060 6.074 6.087 6.099 6.111 6.123 6.133 6.143 6.153 6.161 6.169 6.176 6.183 6.190 6.197 6.203 6.210 6.217 6.224 6.232 6.241 6.250 6.258 6.267 6.277 6.288 6.299 6.310 6.322 6.334 6.346 6.358 6.370 6.382 6.394 6.406 6.418 6.430 6.442 6.453 6.465 6.476 6.487 6.498 6.508 6.517 6.526
5.616 5.633 5.650 5.667 5.683 5.699 5.713 5.728 5.743 5.758 5.773 5.787 5.801 5.815 5.830 5.844 5.858 5.872 5.886 5.901 5.916 5.930 5.945 5.961 5.976 5.991 6.007 6.022 6.036 6.050 6.064 6.077 6.091 6.104 6.116 6.128 6.140 6.150 6.160 6.170 6.178 6.186 6.194 6.201 6.208 6.214 6.221 6.228 6.235 6.242 6.250 6.258 6.266 6.275 6.284 6.294 6.305 6.316 6.327 6.339 6.351 6.363 6.375 6.387 6.399 6.411 6.422 6.434 6.446 6.457 6.469 6.480 6.491 6.502 6.512 6.521 6.530
5.624 5.641 5.658 5.675 5.692 5.707 5.722 5.737 5.752 5.767 5.782 5.796 5.811 5.825 5.839 5.853 5.866 5.880 5.894 5.908 5.922 5.936 5.951 5.965 5.980 5.995 6.010 6.025 6.039 6.053 6.067 6.081 6.094 6.108 6.121 6.133 6.145 6.156 6.167 6.177 6.186 6.195 6.203 6.210 6.218 6.225 6.231 6.238 6.245 6.252 6.260 6.267 6.274 6.283 6.291 6.301 6.311 6.322 6.333 6.344 6.356 6.367 6.379 6.391 6.403 6.415 6.427 6.438 6.450 6.461 6.473 6.484 6.495 6.506 6.516 6.525 6.534
5.631 5.649 5.666 5.683 5.700 5.715 5.730 5.746 5.761 5.776 5.791 5.805 5.820 5.834 5.848 5.861 5.875 5.888 5.902 5.916 5.929 5.943 5.957 5.971 5.985 6.000 6.014 6.029 6.043 6.056 6.070 6.083 6.097 6.111 6.124 6.137 6.149 6.161 6.172 6.183 6.193 6.202 6.211 6.219 6.227 6.234 6.241 6.248 6.255 6.262 6.269 6.276 6.283 6.291 6.299 6.308 6.318 6.328 6.339 6.350 6.361 6.372 6.384 6.396 6.407 6.419 6.431 6.443 6.454 6.466 6.477 6.488 6.499 6.511 6.521 6.530 6.539
5.639 5.656 5.673 5.690 5.707 5.723 5.738 5.754 5.769 5.784 5.799 5.814 5.828 5.843 5.857 5.870 5.884 5.897 5.910 5.924 5.937 5.950 5.963 5.977 5.991 6.005 6.019 6.033 6.046 6.059 6.073 6.086 6.100 6.114 6.127 6.140 6.153 6.165 6.177 6.188 6.199 6.209 6.218 6.227 6.235 6.243 6.250 6.257 6.265 6.272 6.279 6.285 6.292 6.299 6.307 6.315 6.325 6.334 6.345 6.355 6.366 6.377 6.389 6.400 6.412 6.424 6.435 6.447 6.458 6.470 6.481 6.493 6.504 6.515 6.525 6.534 6.543
5.646 5.663 5.680 5.697 5.714 5.730 5.745 5.761 5.776 5.792 5.807 5.822 5.837 5.851 5.865 5.879 5.892 5.906 5.919 5.932 5.945 5.958 5.971 5.984 5.997 6.010 6.024 6.038 6.051 6.063 6.076 6.090 6.103 6.117 6.130 6.143 6.156 6.169 6.181 6.192 6.203 6.214 6.224 6.233 6.242 6.250 6.258 6.266 6.273 6.281 6.288 6.294 6.300 6.307 6.315 6.323 6.332 6.341 6.351 6.361 6.372 6.383 6.394 6.405 6.417 6.428 6.440 6.451 6.463 6.474 6.486 6.497 6.508 6.519 6.529 6.539 6.548
5.654 5.671 5.688 5.704 5.721 5.737 5.752 5.768 5.783 5.799 5.814 5.829 5.844 5.859 5.873 5.887 5.900 5.914 5.927 5.940 5.953 5.966 5.978 5.991 6.004 6.017 6.030 6.043 6.055 6.068 6.080 6.093 6.107 6.120 6.133 6.146 6.159 6.172 6.184 6.196 6.208 6.219 6.229 6.239 6.248 6.257 6.266 6.274 6.281 6.289 6.296 6.303 6.309 6.315 6.323 6.330 6.339 6.348 6.357 6.367 6.377 6.388 6.399 6.410 6.421 6.433 6.444 6.456 6.467 6.479 6.490 6.502 6.513 6.524 6.534 6.543 6.552
5.661 5.678 5.695 5.711 5.728 5.743 5.758 5.774 5.790 5.805 5.821 5.836 5.851 5.866 5.880 5.894 5.908 5.922 5.935 5.948 5.961 5.973 5.986 5.999 6.011 6.024 6.036 6.049 6.061 6.073 6.085 6.098 6.110 6.123 6.137 6.150 6.162 6.175 6.188 6.200 6.211 6.223 6.233 6.244 6.254 6.263 6.272 6.280 6.289 6.296 6.304 6.310 6.316 6.323 6.330 6.338 6.346 6.354 6.363 6.373 6.383 6.393 6.404 6.415 6.426 6.437 6.448 6.460 6.471 6.483 6.494 6.506 6.518 6.529 6.538 6.548 6.557
