version1/TsunamiDB/out54067.asc
ncols          264
nrows          230
xllcorner      497853.4375
yllcorner      4229146.0000
cellsize         5.
NODATA_value   -99
[rows 0 to 32 of 230, columns 75 to 149 of 264]
-99.000 -99.000 -99.000 -99.000 -99.000 -99.000 -99.000 -99.000 -99.000 -99.000 -99.000 -99.000 -99.000 -99.000 -99.000 -99.000 -99.000 -99.000 1.647 1.657 1.725 1.889 2.132 2.417 2.704 2.963 3.180 3.354 3.491 3.602 3.694 3.774 3.845 3.910 3.970 4.028 4.083 4.137 4.189 4.239 4.288 4.335 4.382 4.427 4.471 4.514 4.556 4.596 4.635 4.673 4.710 4.745 4.779 4.813 4.845 4.876 4.905 4.934 4.963 4.991 5.019 5.046 5.073 5.099 5.125 5.150 5.176 5.201 5.225 5.250 5.274 5.297 5.321 5.344 5.366
-99.000 -99.000 -99.000 -99.000 -99.000 -99.000 -99.000 -99.000 -99.000 -99.000 -99.000 -99.000 -99.000 -99.000 -99.000 -99.000 -99.000 1.647 1.649 1.677 1.787 1.990 2.257 2.547 2.825 3.066 3.263 3.420 3.544 3.646 3.732 3.807 3.875 3.937 3.995 4.052 4.106 4.158 4.208 4.257 4.305 4.352 4.398 4.442 4.486 4.528 4.570 4.610 4.649 4.686 4.723 4.758 4.792 4.825 4.857 4.889 4.918 4.946 4.975 5.003 5.031 5.057 5.084 5.110 5.136 5.161 5.186 5.211 5.235 5.259 5.283 5.307 5.330 5.353 5.376
-99.000 -99.000 -99.000 -99.000 -99.000 -99.000 -99.000 -99.000 -99.000 -99.000 -99.000 -99.000 -99.000 -99.000 -99.000 -99.000 -99.000 1.647 1.655 1.714 1.867 2.104 2.386 2.675 2.938 3.160 3.338 3.480 3.593 3.687 3.767 3.839 3.904 3.964 4.020 4.075 4.128 4.178 4.228 4.276 4.323 4.369 4.414 4.457 4.500 4.542 4.583 4.623 4.662 4.699 4.735 4.771 4.805 4.838 4.870 4.901 4.930 4.959 4.987 5.015 5.042 5.069 5.095 5.121 5.146 5.171 5.196 5.220 5.244 5.268 5.292 5.315 5.339 5.362 5.384
-99.000 -99.000 -99.000 -99.000 -99.000 -99.000 -99.000 -99.000 -99.000 -99.000 -99.000 -99.000 -99.000 -99.000 -99.000 -99.000 -99.000 1.648 1.671 1.770 1.965 2.226 2.516 2.797 3.043 3.245 3.406 3.534 3.638 3.725 3.801 3.869 3.932 3.990 4.045 4.098 4.150 4.199 4.247 4.294 4.340 4.385 4.429 4.472 4.515 4.556 4.596 4.636 4.674 4.712 4.748 4.783 4.817 4.850 4.882 4.913 4.942 4.971 4.999 5.027 5.054 5.080 5.106 5.131 5.156 5.181 5.206 5.230 5.254 5.277 5.301 5.324 5.347 5.370 5.392
-99.000 -99.000 -99.000 -99.000 -99.000 -99.000 -99.000 -99.000 -99.000 -99.000 -99.000 -99.000 -99.000 -99.000 -99.000 -99.000 1.647 1.653 1.703 1.846 2.075 2.354 2.644 2.911 3.139 3.322 3.468 3.584 3.680 3.761 3.834 3.899 3.960 4.016 4.070 4.122 4.172 4.220 4.267 4.313 4.358 4.402 4.445 4.487 4.529 4.570 4.610 4.649 4.687 4.724 4.760 4.795 4.829 4.862 4.894 4.925 4.954 4.982 5.011 5.038 5.065 5.091 5.117 5.142 5.167 5.191 5.215 5.239 5.263 5.286 5.309 5.332 5.355 5.377 5.400
-99.000 -99.000 -99.000 -99.000 -99.000 -99.000 -99.000 -99.000 -99.000 -99.000 -99.000 -99.000 -99.000 -99.000 -99.000 -99.000 1.648 1.665 1.754 1.938 2.194 2.483 2.766 3.018 3.226 3.392 3.523 3.630 3.719 3.796 3.865 3.928 3.987 4.042 4.094 4.145 4.194 4.241 4.287 4.332 4.376 4.419 4.461 4.502 4.543 4.583 4.623 4.661 4.699 4.736 4.772 4.807 4.841 4.874 4.906 4.937 4.966 4.994 5.022 5.050 5.076 5.102 5.128 5.153 5.177 5.201 5.225 5.248 5.272 5.295 5.317 5.340 5.362 5.385 5.407
-99.000 -99.000 -99.000 -99.000 -99.000 -99.000 -99.000 -99.000 -99.000 -99.000 -99.000 -99.000 -99.000 -99.000 -99.000 1.647 1.651 1.693 1.824 2.045 2.320 2.611 2.883 3.116 3.305 3.455 3.574 3.673 3.756 3.829 3.895 3.957 4.014 4.067 4.118 4.168 4.216 4.262 4.307 4.351 4.394 4.436 4.477 4.518 4.558 4.597 4.636 4.674 4.712 4.748 4.784 4.819 4.853 4.886 4.918 4.949 4.978 5.006 5.034 5.061 5.088 5.114 5.139 5.164 5.188 5.212 5.235 5.258 5.281 5.303 5.326 5.348 5.370 5.392 5.414
-99.000 -99.000 -99.000 -99.000 -99.000 -99.000 -99.000 -99.000 -99.000 -99.000 -99.000 -99.000 -99.000 -99.000 -99.000 1.647 1.661 1.738 1.912 2.161 2.448 2.734 2.991 3.205 3.376 3.512 3.621 3.712 3.791 3.861 3.925 3.984 4.040 4.092 4.142 4.191 4.237 4.283 4.327 4.370 4.412 4.453 4.493 4.533 4.572 4.611 4.649 4.687 4.724 4.760 4.796 4.830 4.864 4.897 4.929 4.960 4.990 5.018 5.046 5.073 5.100 5.125 5.150 5.175 5.199 5.222 5.245 5.268 5.290 5.312 5.334 5.356 5.378 5.400 5.421
-99.000 -99.000 -99.000 -99.000 -99.000 -99.000 -99.000 -99.000 -99.000 -99.000 -99.000 -99.000 -99.000 -99.000 1.647 1.650 1.683 1.803 2.014 2.285 2.576 2.852 3.091 3.286 3.441 3.564 3.665 3.750 3.824 3.892 3.954 4.011 4.066 4.117 4.166 4.213 4.259 4.304 4.347 4.389 4.430 4.470 4.510 4.549 4.587 4.625 4.663 4.700 4.736 4.772 4.807 4.842 4.875 4.908 4.940 4.972 5.001 5.029 5.057 5.085 5.111 5.137 5.162 5.186 5.210 5.233 5.256 5.278 5.300 5.322 5.343 5.365 5.386 5.407 5.429
-99.000 -99.000 -99.000 -99.000 -99.000 -99.000 -99.000 -99.000 -99.000 -99.000 -99.000 -99.000 -99.000 -99.000 1.647 1.657 1.723 1.885 2.128 2.412 2.700 2.962 3.182 3.359 3.499 3.612 3.705 3.785 3.856 3.921 3.981 4.038 4.091 4.141 4.189 4.236 4.281 4.324 4.367 4.408 4.448 4.488 4.527 4.565 4.602 4.640 4.676 4.713 4.749 4.784 4.819 4.853 4.887 4.919 4.951 4.983 5.012 5.040 5.069 5.096 5.123 5.149 5.173 5.198 5.221 5.244 5.267 5.289 5.310 5.332 5.353 5.374 5.395 5.416 5.436
-99.000 -99.000 -99.000 -99.000 -99.000 -99.000 -99.000 -99.000 -99.000 -99.000 -99.000 -99.000 -99.000 -99.000 1.649 1.675 1.782 1.983 2.249 2.539 2.819 3.064 3.265 3.425 3.552 3.656 3.743 3.819 3.887 3.950 4.008 4.064 4.116 4.165 4.212 4.258 4.302 4.345 4.387 4.427 4.467 4.505 4.543 4.581 4.618 4.654 4.690 4.726 4.761 4.796 4.830 4.864 4.897 4.930 4.962 4.993 5.023 5.051 5.080 5.108 5.134 5.160 5.185 5.209 5.233 5.256 5.278 5.300 5.321 5.342 5.363 5.383 5.404 5.424 5.445
-99.000 -99.000 -99.000 -99.000 -99.000 -99.000 -99.000 -99.000 -99.000 -99.000 -99.000 -99.000 -99.000 1.647 1.654 1.710 1.859 2.093 2.374 2.664 2.931 3.157 3.340 3.485 3.601 3.697 3.779 3.851 3.917 3.978 4.035 4.089 4.140 4.188 4.235 4.280 4.323 4.366 4.407 4.446 4.485 4.523 4.560 4.597 4.633 4.669 4.704 4.739 4.773 4.808 4.842 4.875 4.908 4.941 4.972 5.004 5.033 5.062 5.091 5.119 5.145 5.171 5.197 5.221 5.244 5.267 5.289 5.311 5.332 5.353 5.373 5.393 5.413 5.433 5.453
-99.000 -99.000 -99.000 -99.000 -99.000 -99.000 -99.000 -99.000 -99.000 -99.000 -99.000 -99.000 -99.000 1.648 1.668 1.762 1.952 2.211 2.501 2.784 3.035 3.242 3.408 3.539 3.646 3.735 3.813 3.882 3.945 4.005 4.060 4.113 4.164 4.211 4.257 4.301 4.344 4.386 4.426 4.465 4.503 4.541 4.577 4.613 4.648 4.683 4.718 4.752 4.786 4.820 4.853 4.886 4.919 4.951 4.983 5.014 5.043 5.072 5.101 5.129 5.156 5.182 5.208 5.232 5.256 5.279 5.301 5.323 5.343 5.364 5.384 5.404 5.424 5.443 5.463
-99.000 -99.000 -99.000 -99.000 -99.000 -99.000 -99.000 -99.000 -99.000 -99.000 -99.000 -99.000 1.647 1.652 1.697 1.833 2.057 2.335 2.626 2.897 3.130 3.319 3.469 3.589 3.688 3.771 3.845 3.912 3.973 4.031 4.085 4.137 4.187 4.233 4.278 4.322 4.365 4.406 4.446 4.484 4.522 4.558 4.594 4.629 4.664 4.698 4.732 4.766 4.799 4.832 4.864 4.897 4.929 4.961 4.992 5.023 5.053 5.082 5.111 5.139 5.166 5.193 5.219 5.243 5.267 5.290 5.313 5.334 5.355 5.376 5.396 5.415 5.435 5.454 5.473
-99.000 -99.000 -99.000 -99.000 -99.000 -99.000 -99.000 -99.000 -99.000 -99.000 -99.000 -99.000 1.648 1.662 1.743 1.921 2.172 2.460 2.747 3.003 3.218 3.389 3.525 3.635 3.727 3.805 3.876 3.940 4.000 4.056 4.109 4.160 4.209 4.255 4.300 4.343 4.385 4.425 4.465 4.503 4.540 4.576 4.611 4.646 4.680 4.713 4.746 4.779 4.812 4.844 4.876 4.908 4.939 4.971 5.002 5.032 5.062 5.091 5.120 5.148 5.176 5.203 5.229 5.254 5.278 5.302 5.324 5.346 5.367 5.388 5.408 5.427 5.446 5.465 5.484
-99.000 -99.000 -99.000 -99.000 -99.000 -99.000 -99.000 -99.000 -99.000 -99.000 -99.000 1.647 1.650 1.686 1.808 2.021 2.293 2.585 2.861 3.101 3.297 3.453 3.577 3.678 3.763 3.838 3.905 3.967 4.026 4.081 4.133 4.183 4.231 4.276 4.320 4.363 4.405 4.445 4.483 4.521 4.558 4.593 4.628 4.662 4.696 4.728 4.761 4.793 4.825 4.856 4.888 4.919 4.950 4.981 5.011 5.041 5.070 5.099 5.128 5.157 5.185 5.212 5.238 5.264 5.288 5.312 5.335 5.357 5.379 5.400 5.420 5.439 5.458 5.477 5.496
-99.000 -99.000 -99.000 -99.000 -99.000 -99.000 -99.000 -99.000 -99.000 -99.000 -99.000 1.647 1.658 1.725 1.889 2.132 2.417 2.706 2.969 3.191 3.369 3.510 3.624 3.717 3.798 3.869 3.934 3.994 4.051 4.105 4.156 4.205 4.252 4.297 4.340 4.383 4.424 4.463 4.502 4.539 4.575 4.610 4.645 4.678 4.711 4.744 4.775 4.807 4.838 4.869 4.899 4.930 4.960 4.990 5.020 5.050 5.078 5.107 5.136 5.165 5.193 5.220 5.247 5.273 5.298 5.322 5.346 5.368 5.390 5.411 5.432 5.452 5.471 5.490 5.508
-99.000 -99.000 -99.000 -99.000 -99.000 -99.000 -99.000 -99.000 -99.000 -99.000 -99.000 1.649 1.676 1.783 1.984 2.250 2.541 2.822 3.069 3.272 3.434 3.563 3.667 3.755 3.830 3.899 3.961 4.020 4.075 4.128 4.178 4.227 4.273 4.317 4.360 4.402 4.443 4.482 4.520 4.557 4.593 4.627 4.661 4.694 4.727 4.759 4.790 4.821 4.851 4.881 4.911 4.941 4.971 5.000 5.030 5.058 5.086 5.115 5.144 5.172 5.200 5.227 5.254 5.281 5.306 5.331 5.355 5.378 5.401 5.423 5.443 5.464 5.483 5.502 5.521
-99.000 -99.000 -99.000 -99.000 -99.000 -99.000 -99.000 -99.000 -99.000 -99.000 1.647 1.654 1.708 1.857 2.090 2.371 2.662 2.932 3.161 3.346 3.494 3.611 3.708 3.790 3.862 3.927 3.988 4.045 4.099 4.150 4.200 4.248 4.293 4.336 4.379 4.421 4.461 4.500 4.537 4.574 4.610 4.644 4.678 4.710 4.743 4.774 4.805 4.835 4.865 4.894 4.924 4.953 4.982 5.011 5.039 5.067 5.094 5.123 5.151 5.179 5.207 5.234 5.261 5.288 5.314 5.339 5.363 5.387 5.411 5.433 5.454 5.475 5.495 5.514 5.533
-99.000 -99.000 -99.000 -99.000 -99.000 -99.000 -99.000 -99.000 -99.000 -99.000 1.648 1.667 1.758 1.945 2.203 2.494 2.779 3.034 3.245 3.414 3.548 3.656 3.746 3.823 3.892 3.955 4.013 4.069 4.122 4.172 4.221 4.268 4.312 4.355 4.398 4.439 4.479 4.517 4.555 4.591 4.626 4.661 4.694 4.726 4.758 4.789 4.819 4.849 4.878 4.907 4.936 4.964 4.993 5.021 5.049 5.076 5.103 5.130 5.158 5.186 5.213 5.240 5.267 5.294 5.320 5.346 5.371 5.395 5.419 5.442 5.464 5.486 5.506 5.526 5.545
-99.000 -99.000 -99.000 -99.000 -99.000 -99.000 -99.000 -99.000 -99.000 1.647 1.651 1.693 1.825 2.045 2.322 2.614 2.890 3.128 3.321 3.475 3.598 3.697 3.781 3.855 3.921 3.981 4.038 4.092 4.144 4.194 4.242 4.288 4.332 4.374 4.416 4.457 4.496 4.534 4.572 4.608 4.643 4.677 4.710 4.742 4.773 4.804 4.834 4.863 4.892 4.921 4.949 4.976 5.004 5.032 5.059 5.085 5.111 5.138 5.165 5.192 5.219 5.246 5.273 5.300 5.326 5.352 5.377 5.402 5.426 5.450 5.473 5.495 5.516 5.537 5.557
-99.000 -99.000 -99.000 -99.000 -99.000 -99.000 -99.000 -99.000 -99.000 1.647 1.660 1.735 1.906 2.154 2.442 2.731 2.994 3.214 3.391 3.531 3.644 3.736 3.815 3.885 3.948 4.007 4.063 4.116 4.166 4.215 4.262 4.307 4.350 4.392 4.434 4.474 4.513 4.551 4.588 4.624 4.659 4.692 4.725 4.757 4.788 4.819 4.849 4.878 4.906 4.934 4.962 4.989 5.016 5.043 5.069 5.095 5.120 5.147 5.173 5.199 5.226 5.252 5.279 5.305 5.331 5.357 5.383 5.408 5.433 5.457 5.480 5.503 5.525 5.547 5.567
-99.000 -99.000 -99.000 -99.000 -99.000 -99.000 -99.000 -99.000 -99.000 1.649 1.679 1.793 1.999 2.268 2.561 2.843 3.090 3.293 3.455 3.583 3.686 3.773 3.847 3.914 3.975 4.032 4.087 4.138 4.188 4.235 4.282 4.326 4.369 4.410 4.451 4.491 4.530 4.567 4.604 4.640 4.674 4.708 4.741 4.772 4.803 4.834 4.863 4.892 4.920 4.948 4.975 5.002 5.028 5.054 5.080 5.105 5.130 5.156 5.181 5.207 5.233 5.259 5.285 5.310 5.336 5.362 5.388 5.413 5.438 5.463 5.487 5.510 5.533 5.555 5.576
-99.000 -99.000 -99.000 -99.000 -99.000 -99.000 -99.000 -99.000 1.648 1.655 1.713 1.865 2.101 2.385 2.678 2.949 3.179 3.365 3.513 3.630 3.726 3.807 3.878 3.942 4.002 4.057 4.110 4.160 4.209 4.256 4.301 4.345 4.387 4.428 4.468 4.508 4.546 4.583 4.620 4.655 4.689 4.723 4.755 4.787 4.818 4.848 4.877 4.906 4.934 4.961 4.988 5.015 5.041 5.066 5.092 5.116 5.140 5.165 5.190 5.215 5.240 5.266 5.291 5.316 5.341 5.367 5.392 5.418 5.443 5.467 5.492 5.516 5.539 5.562 5.584
-99.000 -99.000 -99.000 -99.000 -99.000 -99.000 -99.000 -99.000 1.649 1.668 1.762 1.951 2.211 2.503 2.790 3.047 3.260 3.431 3.566 3.674 3.764 3.840 3.908 3.970 4.027 4.081 4.133 4.182 4.230 4.276 4.320 4.363 4.405 4.445 4.485 4.524 4.562 4.599 4.635 4.670 4.704 4.737 4.770 4.802 4.832 4.862 4.892 4.920 4.948 4.975 5.002 5.028 5.054 5.079 5.104 5.128 5.151 5.176 5.200 5.224 5.249 5.273 5.298 5.322 5.347 5.372 5.397 5.422 5.447 5.472 5.496 5.520 5.544 5.567 5.590
-99.000 -99.000 -99.000 -99.000 -99.000 -99.000 -99.000 1.648 1.652 1.693 1.825 2.047 2.324 2.619 2.897 3.138 3.335 3.491 3.615 3.715 3.799 3.872 3.937 3.996 4.052 4.105 4.155 4.203 4.250 4.295 4.339 4.382 4.422 4.462 4.501 4.540 4.577 4.614 4.650 4.684 4.719 4.752 4.784 4.816 4.847 4.876 4.906 4.934 4.962 4.989 5.015 5.041 5.067 5.092 5.117 5.140 5.163 5.187 5.211 5.234 5.258 5.282 5.305 5.329 5.353 5.378 5.402 5.426 5.451 5.475 5.500 5.524 5.548 5.571 5.594
-99.000 -99.000 -99.000 -99.000 -99.000 -99.000 -99.000 1.648 1.660 1.733 1.902 2.150 2.439 2.731 2.998 3.222 3.403 3.546 3.660 3.753 3.833 3.902 3.965 4.022 4.077 4.128 4.177 4.225 4.270 4.315 4.358 4.400 4.439 4.478 4.517 4.555 4.592 4.629 4.664 4.699 4.733 4.766 4.798 4.829 4.860 4.890 4.919 4.948 4.976 5.003 5.029 5.055 5.080 5.105 5.130 5.153 5.175 5.199 5.222 5.245 5.268 5.291 5.314 5.337 5.361 5.384 5.408 5.432 5.455 5.479 5.503 5.527 5.551 5.575 5.598
-99.000 -99.000 -99.000 -99.000 -99.000 -99.000 1.648 1.650 1.678 1.787 1.990 2.259 2.554 2.839 3.091 3.299 3.465 3.597 3.702 3.790 3.865 3.931 3.992 4.048 4.101 4.151 4.199 4.246 4.290 4.334 4.376 4.417 4.457 4.495 4.533 4.571 4.607 4.643 4.678 4.713 4.746 4.779 4.811 4.843 4.874 4.903 4.933 4.961 4.989 5.016 5.043 5.068 5.094 5.118 5.143 5.166 5.188 5.211 5.234 5.257 5.279 5.302 5.324 5.346 5.369 5.392 5.414 5.437 5.461 5.484 5.507 5.531 5.554 5.578 5.601
-99.000 -99.000 -99.000 -99.000 -99.000 -99.000 1.648 1.655 1.708 1.854 2.087 2.370 2.666 2.942 3.178 3.370 3.523 3.644 3.742 3.824 3.895 3.959 4.018 4.073 4.125 4.174 4.221 4.266 4.310 4.353 4.394 4.435 4.474 4.511 4.549 4.586 4.622 4.658 4.692 4.726 4.760 4.792 4.824 4.856 4.886 4.916 4.946 4.974 5.002 5.029 5.056 5.082 5.107 5.132 5.156 5.179 5.201 5.224 5.247 5.269 5.291 5.313 5.335 5.357 5.378 5.400 5.422 5.444 5.467 5.489 5.512 5.535 5.558 5.581 5.604
-99.000 -99.000 -99.000 -99.000 -99.000 -99.000 1.649 1.666 1.752 1.933 2.190 2.483 2.775 3.038 3.258 3.435 3.575 3.687 3.779 3.857 3.925 3.987 4.044 4.098 4.148 4.196 4.243 4.287 4.330 4.372 4.413 4.453 4.491 4.528 4.565 4.601 4.637 4.672 4.706 4.740 4.773 4.805 4.837 4.868 4.899 4.929 4.958 4.987 5.015 5.042 5.069 5.095 5.120 5.145 5.169 5.192 5.214 5.237 5.260 5.282 5.303 5.325 5.346 5.368 5.389 5.410 5.431 5.452 5.474 5.496 5.517 5.539 5.562 5.584 5.607
-99.000 -99.000 -99.000 -99.000 -99.000 1.648 1.651 1.687 1.809 2.023 2.298 2.595 2.879 3.128 3.332 3.495 3.624 3.728 3.814 3.888 3.954 4.014 4.070 4.122 4.172 4.219 4.264 4.308 4.350 4.391 4.431 4.470 4.508 4.544 4.581 4.616 4.651 4.686 4.720 4.753 4.786 4.818 4.850 4.881 4.911 4.941 4.970 4.999 5.027 5.054 5.081 5.107 5.133 5.158 5.182 5.205 5.228 5.250 5.273 5.295 5.316 5.338 5.359 5.379 5.400 5.421 5.441 5.462 5.482 5.503 5.524 5.545 5.567 5.588 5.610
-99.000 -99.000 -99.000 -99.000 -99.000 1.648 1.657 1.721 1.880 2.121 2.409 2.705 2.979 3.212 3.401 3.550 3.670 3.767 3.848 3.919 3.983 4.041 4.095 4.146 4.195 4.241 4.286 4.329 4.370 4.411 4.450 4.488 4.525 4.561 4.596 4.632 4.666 4.700 4.734 4.766 4.799 4.831 4.862 4.893 4.923 4.953 4.982 5.011 5.039 5.066 5.093 5.120 5.145 5.170 5.195 5.218 5.241 5.263 5.286 5.308 5.329 5.350 5.371 5.392 5.412 5.432 5.452 5.472 5.492 5.512 5.532 5.552 5.573 5.593 5.614
-99.000 -99.000 -99.000 -99.000 -99.000 1.649 1.671 1.768 1.962 2.225 2.521 2.812 3.072 3.290 3.464 3.602 3.712 3.803 3.881 3.949 4.011 4.067 4.120 4.171 4.218 4.264 4.308 4.350 4.391 4.430 4.469 4.506 4.542 4.577 4.613 4.647 4.681 4.714 4.747 4.780 4.812 4.843 4.874 4.905 4.935 4.964 4.993 5.022 5.050 5.078 5.105 5.131 5.157 5.182 5.207 5.230 5.253 5.276 5.299 5.321 5.342 5.363 5.384 5.405 5.424 5.444 5.464 5.483 5.502 5.521 5.541 5.560 5.580 5.600 5.620
