version1/TsunamiDB/out54075.asc
ncols          264
nrows          230
xllcorner      497853.4375
yllcorner      4229146.0000
cellsize         5.
NODATA_value   -99
[rows 170 to 203 of 230, columns 152 to 227 of 264]
7.024 7.039 7.053 7.069 7.084 7.100 7.116 7.132 7.147 7.161 7.174 7.184 7.189 7.191 7.198 7.214 7.236 7.265 7.308 7.363 7.429 7.504 7.586 7.669 7.747 7.808 7.877 7.967 8.056 8.143 8.224 8.300 8.372 8.435 8.489 8.523 8.558 8.609 8.657 8.702 8.741 8.777 8.808 8.834 8.857 8.870 8.883 8.903 8.922 8.941 8.958 8.974 8.990 9.005 9.019 9.025 9.032 9.046 9.060 9.074 9.086 9.097 9.105 9.112 9.118 9.118 9.117 9.120 9.122 9.124 9.124 9.123 9.122 9.120 9.117 9.110
7.039 7.054 7.070 7.085 7.101 7.117 7.133 7.150 7.166 7.181 7.195 7.206 7.212 7.217 7.226 7.244 7.268 7.299 7.343 7.399 7.464 7.539 7.621 7.704 7.784 7.845 7.915 8.007 8.097 8.184 8.265 8.342 8.412 8.473 8.525 8.557 8.591 8.639 8.685 8.727 8.765 8.799 8.829 8.854 8.877 8.889 8.901 8.921 8.940 8.958 8.974 8.989 9.004 9.019 9.033 9.039 9.045 9.059 9.074 9.087 9.098 9.109 9.117 9.124 9.129 9.129 9.128 9.131 9.133 9.134 9.134 9.133 9.132 9.130 9.128 9.121
7.055 7.071 7.086 7.102 7.118 7.135 7.151 7.168 7.185 7.202 7.217 7.229 7.238 7.244 7.254 7.274 7.300 7.333 7.378 7.434 7.498 7.572 7.654 7.739 7.821 7.883 7.953 8.047 8.138 8.225 8.305 8.381 8.450 8.509 8.558 8.589 8.621 8.667 8.710 8.751 8.787 8.819 8.848 8.874 8.896 8.908 8.920 8.939 8.957 8.974 8.989 9.004 9.018 9.033 9.046 9.052 9.059 9.073 9.087 9.100 9.111 9.121 9.129 9.135 9.140 9.140 9.139 9.141 9.143 9.144 9.144 9.143 9.142 9.140 9.138 9.132
7.071 7.087 7.103 7.119 7.136 7.153 7.170 7.188 7.206 7.223 7.240 7.254 7.264 7.272 7.284 7.306 7.334 7.367 7.412 7.468 7.532 7.604 7.687 7.774 7.858 7.921 7.991 8.086 8.177 8.263 8.343 8.417 8.484 8.541 8.588 8.617 8.648 8.691 8.733 8.772 8.807 8.838 8.867 8.892 8.913 8.925 8.937 8.955 8.973 8.990 9.004 9.018 9.032 9.046 9.060 9.066 9.072 9.086 9.100 9.112 9.123 9.132 9.140 9.146 9.151 9.150 9.149 9.151 9.153 9.154 9.153 9.152 9.151 9.150 9.149 9.143
7.088 7.104 7.120 7.137 7.154 7.171 7.190 7.208 7.227 7.246 7.264 7.280 7.292 7.302 7.315 7.339 7.367 7.401 7.447 7.502 7.565 7.637 7.719 7.807 7.894 7.957 8.029 8.123 8.213 8.298 8.377 8.450 8.516 8.571 8.617 8.644 8.673 8.714 8.755 8.792 8.826 8.857 8.886 8.910 8.931 8.942 8.954 8.972 8.989 9.005 9.019 9.033 9.046 9.060 9.074 9.080 9.086 9.099 9.113 9.124 9.135 9.144 9.151 9.157 9.161 9.160 9.159 9.161 9.162 9.163 9.163 9.162 9.161 9.160 9.159 9.153
7.105 7.121 7.138 7.155 7.173 7.191 7.210 7.229 7.249 7.269 7.289 7.307 7.321 7.332 7.347 7.371 7.400 7.434 7.479 7.534 7.596 7.668 7.750 7.840 7.932 7.996 8.065 8.160 8.249 8.333 8.410 8.482 8.547 8.601 8.644 8.669 8.696 8.737 8.776 8.812 8.845 8.876 8.904 8.928 8.948 8.959 8.970 8.988 9.005 9.021 9.035 9.048 9.061 9.074 9.088 9.094 9.100 9.113 9.126 9.137 9.146 9.155 9.163 9.168 9.171 9.170 9.168 9.170 9.172 9.172 9.172 9.172 9.171 9.170 9.170 9.165
7.122 7.139 7.156 7.174 7.192 7.211 7.231 7.251 7.273 7.294 7.315 7.335 7.350 7.362 7.378 7.403 7.433 7.466 7.511 7.566 7.629 7.701 7.783 7.879 7.973 8.034 8.102 8.196 8.284 8.367 8.443 8.513 8.577 8.627 8.667 8.692 8.718 8.758 8.796 8.831 8.864 8.894 8.922 8.945 8.965 8.976 8.986 9.004 9.020 9.036 9.050 9.063 9.075 9.089 9.104 9.109 9.114 9.127 9.139 9.149 9.158 9.167 9.174 9.178 9.181 9.179 9.178 9.179 9.181 9.182 9.182 9.181 9.180 9.181 9.182 9.176
7.139 7.157 7.175 7.193 7.212 7.232 7.253 7.274 7.297 7.319 7.342 7.363 7.379 7.393 7.410 7.436 7.466 7.500 7.545 7.600 7.663 7.737 7.825 7.922 8.011 8.071 8.139 8.231 8.317 8.399 8.473 8.542 8.602 8.649 8.690 8.714 8.740 8.778 8.815 8.850 8.882 8.912 8.939 8.961 8.981 8.992 9.002 9.019 9.036 9.051 9.065 9.078 9.091 9.105 9.119 9.124 9.129 9.141 9.152 9.161 9.170 9.178 9.184 9.188 9.190 9.189 9.187 9.188 9.190 9.191 9.191 9.191 9.191 9.192 9.193 9.188
7.157 7.175 7.194 7.213 7.233 7.254 7.275 7.298 7.321 7.345 7.369 7.391 7.409 7.424 7.442 7.469 7.499 7.533 7.579 7.635 7.701 7.778 7.867 7.961 8.047 8.105 8.173 8.263 8.348 8.428 8.501 8.567 8.624 8.671 8.712 8.736 8.760 8.798 8.835 8.869 8.900 8.929 8.955 8.978 8.997 9.007 9.017 9.034 9.051 9.067 9.081 9.094 9.108 9.121 9.134 9.139 9.143 9.154 9.164 9.173 9.181 9.188 9.193 9.197 9.199 9.198 9.196 9.197 9.199 9.200 9.201 9.201 9.202 9.203 9.204 9.199
7.175 7.194 7.214 7.234 7.254 7.276 7.299 7.322 7.347 7.372 7.397 7.420 7.439 7.455 7.474 7.502 7.533 7.569 7.616 7.673 7.741 7.819 7.907 7.997 8.080 8.138 8.205 8.294 8.378 8.456 8.527 8.590 8.645 8.693 8.733 8.756 8.780 8.818 8.854 8.888 8.918 8.946 8.972 8.994 9.013 9.023 9.033 9.050 9.067 9.083 9.098 9.111 9.124 9.137 9.149 9.153 9.157 9.167 9.177 9.185 9.192 9.198 9.203 9.206 9.208 9.207 9.204 9.206 9.208 9.209 9.211 9.212 9.213 9.214 9.215 9.210
7.193 7.213 7.234 7.255 7.276 7.299 7.322 7.347 7.372 7.398 7.425 7.449 7.470 7.487 7.507 7.536 7.569 7.606 7.654 7.713 7.781 7.858 7.945 8.032 8.113 8.170 8.235 8.322 8.405 8.482 8.550 8.612 8.667 8.713 8.754 8.777 8.800 8.838 8.873 8.906 8.936 8.963 8.988 9.010 9.029 9.039 9.049 9.066 9.084 9.100 9.114 9.128 9.141 9.153 9.164 9.167 9.171 9.180 9.189 9.196 9.202 9.208 9.212 9.215 9.217 9.216 9.214 9.216 9.217 9.219 9.221 9.222 9.223 9.225 9.225 9.221
7.212 7.233 7.254 7.276 7.298 7.321 7.346 7.371 7.398 7.425 7.452 7.478 7.500 7.519 7.541 7.571 7.606 7.644 7.693 7.753 7.820 7.895 7.979 8.063 8.144 8.200 8.264 8.350 8.431 8.507 8.573 8.634 8.688 8.734 8.775 8.797 8.820 8.857 8.893 8.925 8.954 8.981 9.005 9.026 9.046 9.056 9.065 9.083 9.100 9.116 9.131 9.144 9.157 9.168 9.178 9.181 9.184 9.193 9.200 9.207 9.213 9.217 9.221 9.224 9.227 9.225 9.223 9.225 9.227 9.229 9.231 9.232 9.234 9.235 9.236 9.231
7.230 7.252 7.274 7.297 7.320 7.344 7.369 7.396 7.423 7.451 7.480 7.507 7.530 7.550 7.573 7.606 7.642 7.681 7.731 7.790 7.856 7.930 8.011 8.094 8.174 8.230 8.293 8.378 8.458 8.531 8.596 8.655 8.709 8.755 8.796 8.818 8.840 8.877 8.912 8.944 8.972 8.998 9.022 9.043 9.063 9.073 9.082 9.100 9.117 9.133 9.147 9.161 9.173 9.184 9.193 9.195 9.198 9.205 9.212 9.218 9.223 9.227 9.230 9.233 9.236 9.234 9.232 9.235 9.237 9.239 9.241 9.243 9.244 9.246 9.247 9.242
7.248 7.271 7.294 7.318 7.342 7.366 7.393 7.420 7.448 7.477 7.507 7.535 7.559 7.581 7.606 7.640 7.678 7.719 7.769 7.827 7.891 7.963 8.042 8.125 8.204 8.260 8.322 8.406 8.484 8.556 8.619 8.678 8.730 8.777 8.817 8.838 8.860 8.897 8.931 8.962 8.990 9.015 9.039 9.060 9.080 9.089 9.098 9.116 9.133 9.149 9.163 9.176 9.188 9.198 9.206 9.208 9.210 9.216 9.222 9.228 9.232 9.236 9.239 9.242 9.245 9.243 9.242 9.244 9.247 9.249 9.251 9.253 9.255 9.256 9.257 9.253
7.267 7.290 7.314 7.338 7.363 7.389 7.415 7.444 7.473 7.503 7.533 7.562 7.588 7.611 7.638 7.674 7.713 7.755 7.806 7.863 7.926 7.996 8.073 8.154 8.234 8.290 8.351 8.433 8.509 8.580 8.642 8.700 8.752 8.797 8.837 8.859 8.880 8.916 8.950 8.981 9.008 9.033 9.056 9.077 9.097 9.107 9.115 9.133 9.150 9.165 9.179 9.192 9.203 9.212 9.220 9.221 9.222 9.228 9.233 9.238 9.242 9.246 9.249 9.252 9.255 9.253 9.252 9.254 9.257 9.260 9.261 9.263 9.265 9.266 9.267 9.263
7.285 7.309 7.334 7.358 7.384 7.410 7.438 7.466 7.497 7.528 7.559 7.588 7.616 7.641 7.669 7.706 7.747 7.790 7.840 7.898 7.959 8.027 8.102 8.183 8.265 8.321 8.380 8.460 8.535 8.604 8.665 8.722 8.774 8.819 8.858 8.879 8.900 8.936 8.969 9.000 9.027 9.051 9.074 9.095 9.116 9.125 9.133 9.150 9.167 9.182 9.195 9.207 9.218 9.227 9.233 9.234 9.234 9.240 9.245 9.249 9.253 9.256 9.259 9.262 9.265 9.263 9.262 9.265 9.267 9.270 9.272 9.274 9.276 9.277 9.278 9.274
7.303 7.328 7.353 7.378 7.404 7.431 7.459 7.488 7.519 7.551 7.583 7.613 7.641 7.667 7.697 7.737 7.779 7.823 7.874 7.930 7.991 8.058 8.131 8.215 8.298 8.352 8.410 8.488 8.561 8.628 8.689 8.745 8.796 8.841 8.880 8.900 8.920 8.956 8.989 9.019 9.046 9.070 9.093 9.114 9.135 9.143 9.151 9.168 9.184 9.198 9.211 9.222 9.233 9.240 9.245 9.246 9.246 9.251 9.255 9.260 9.263 9.266 9.269 9.272 9.275 9.274 9.272 9.275 9.278 9.281 9.283 9.285 9.286 9.288 9.289 9.285
7.320 7.346 7.371 7.397 7.423 7.450 7.479 7.509 7.541 7.573 7.605 7.636 7.664 7.692 7.725 7.767 7.811 7.856 7.907 7.963 8.024 8.090 8.166 8.250 8.329 8.382 8.439 8.516 8.587 8.653 8.713 8.768 8.818 8.862 8.901 8.921 8.941 8.976 9.009 9.039 9.065 9.090 9.113 9.134 9.154 9.162 9.169 9.186 9.201 9.214 9.226 9.237 9.246 9.253 9.257 9.258 9.258 9.262 9.266 9.270 9.274 9.277 9.280 9.283 9.286 9.284 9.283 9.286 9.289 9.292 9.294 9.296 9.298 9.299 9.300 9.296
7.337 7.363 7.389 7.415 7.442 7.469 7.498 7.529 7.561 7.593 7.625 7.655 7.685 7.716 7.752 7.796 7.842 7.888 7.940 7.997 8.057 8.125 8.202 8.283 8.359 8.411 8.468 8.543 8.614 8.679 8.737 8.791 8.840 8.884 8.922 8.942 8.961 8.996 9.029 9.059 9.086 9.111 9.133 9.154 9.173 9.180 9.187 9.203 9.217 9.230 9.241 9.251 9.259 9.265 9.270 9.270 9.270 9.274 9.278 9.281 9.284 9.288 9.291 9.294 9.297 9.295 9.293 9.296 9.300 9.303 9.305 9.307 9.309 9.311 9.311 9.307
7.353 7.380 7.406 7.432 7.459 7.486 7.515 7.546 7.578 7.611 7.642 7.673 7.705 7.739 7.778 7.824 7.872 7.920 7.973 8.030 8.092 8.160 8.235 8.314 8.389 8.440 8.496 8.571 8.641 8.705 8.762 8.815 8.862 8.906 8.944 8.963 8.982 9.017 9.050 9.080 9.107 9.132 9.154 9.174 9.192 9.198 9.205 9.220 9.233 9.245 9.256 9.264 9.271 9.277 9.281 9.281 9.281 9.285 9.289 9.293 9.296 9.299 9.302 9.305 9.308 9.306 9.304 9.308 9.311 9.314 9.317 9.319 9.321 9.322 9.323 9.319
7.368 7.396 7.422 7.449 7.475 7.502 7.531 7.562 7.593 7.625 7.657 7.690 7.724 7.761 7.804 7.852 7.902 7.952 8.007 8.065 8.127 8.194 8.267 8.344 8.418 8.470 8.526 8.599 8.668 8.732 8.788 8.839 8.885 8.927 8.966 8.984 9.003 9.038 9.071 9.102 9.128 9.153 9.174 9.194 9.211 9.217 9.222 9.236 9.249 9.260 9.269 9.277 9.283 9.288 9.293 9.293 9.293 9.297 9.300 9.304 9.307 9.310 9.313 9.316 9.319 9.317 9.316 9.319 9.323 9.326 9.329 9.331 9.333 9.334 9.334 9.330
7.383 7.411 7.438 7.464 7.490 7.517 7.545 7.575 7.606 7.638 7.671 7.705 7.742 7.783 7.829 7.880 7.931 7.984 8.040 8.100 8.161 8.226 8.297 8.373 8.448 8.500 8.555 8.628 8.698 8.760 8.813 8.863 8.908 8.949 8.988 9.006 9.024 9.060 9.093 9.123 9.150 9.174 9.195 9.213 9.229 9.234 9.239 9.252 9.264 9.274 9.282 9.289 9.295 9.300 9.305 9.305 9.304 9.308 9.312 9.315 9.318 9.321 9.324 9.327 9.330 9.329 9.327 9.331 9.334 9.338 9.341 9.343 9.345 9.345 9.345 9.341
7.397 7.425 7.452 7.477 7.503 7.529 7.556 7.585 7.615 7.648 7.683 7.719 7.760 7.805 7.854 7.906 7.960 8.015 8.073 8.133 8.193 8.257 8.326 8.402 8.478 8.532 8.586 8.660 8.729 8.788 8.840 8.887 8.930 8.971 9.010 9.028 9.046 9.082 9.115 9.145 9.171 9.194 9.215 9.232 9.247 9.252 9.256 9.268 9.278 9.287 9.295 9.301 9.307 9.312 9.316 9.316 9.316 9.320 9.323 9.327 9.330 9.332 9.335 9.338 9.342 9.340 9.339 9.343 9.346 9.350 9.353 9.355 9.356 9.357 9.357 9.352
7.410 7.438 7.465 7.489 7.514 7.539 7.566 7.593 7.624 7.657 7.694 7.734 7.778 7.826 7.877 7.931 7.987 8.044 8.104 8.164 8.224 8.287 8.355 8.432 8.511 8.565 8.619 8.693 8.759 8.816 8.866 8.911 8.952 8.993 9.032 9.050 9.068 9.104 9.137 9.166 9.191 9.214 9.234 9.250 9.264 9.268 9.271 9.282 9.291 9.300 9.307 9.313 9.318 9.323 9.327 9.327 9.327 9.331 9.335 9.338 9.341 9.343 9.346 9.349 9.353 9.352 9.351 9.355 9.358 9.362 9.364 9.367 9.368 9.369 9.368 9.363
7.423 7.451 7.476 7.500 7.523 7.547 7.573 7.600 7.631 7.665 7.703 7.747 7.794 7.846 7.899 7.955 8.011 8.071 8.133 8.195 8.255 8.318 8.386 8.463 8.544 8.599 8.653 8.725 8.790 8.845 8.892 8.935 8.975 9.014 9.054 9.071 9.090 9.125 9.157 9.186 9.210 9.233 9.252 9.267 9.280 9.283 9.286 9.295 9.304 9.312 9.318 9.324 9.329 9.334 9.338 9.338 9.338 9.342 9.346 9.349 9.352 9.355 9.357 9.361 9.365 9.364 9.363 9.366 9.370 9.374 9.376 9.378 9.380 9.380 9.379 9.374
7.434 7.461 7.487 7.509 7.530 7.554 7.579 7.605 7.636 7.671 7.712 7.759 7.811 7.865 7.920 7.977 8.035 8.097 8.162 8.225 8.287 8.351 8.417 8.495 8.582 8.638 8.690 8.760 8.822 8.873 8.918 8.959 8.997 9.035 9.076 9.094 9.112 9.146 9.178 9.205 9.229 9.251 9.270 9.284 9.295 9.297 9.300 9.309 9.317 9.324 9.330 9.335 9.340 9.345 9.349 9.349 9.349 9.353 9.357 9.360 9.363 9.366 9.369 9.372 9.377 9.376 9.375 9.379 9.382 9.385 9.388 9.390 9.391 9.391 9.390 9.384
7.444 7.471 7.495 7.516 7.535 7.559 7.583 7.610 7.642 7.678 7.722 7.772 7.826 7.882 7.940 7.998 8.057 8.123 8.190 8.256 8.321 8.385 8.451 8.538 8.627 8.678 8.727 8.794 8.852 8.901 8.944 8.983 9.018 9.059 9.100 9.117 9.133 9.168 9.198 9.224 9.247 9.268 9.286 9.300 9.309 9.311 9.313 9.321 9.329 9.335 9.341 9.346 9.351 9.356 9.360 9.360 9.359 9.364 9.368 9.371 9.374 9.377 9.380 9.384 9.389 9.388 9.387 9.391 9.394 9.397 9.399 9.401 9.402 9.402 9.400 9.394
7.452 7.479 7.501 7.521 7.540 7.564 7.589 7.616 7.648 7.687 7.733 7.784 7.839 7.899 7.960 8.020 8.081 8.149 8.220 8.290 8.358 8.426 8.500 8.588 8.669 8.717 8.764 8.827 8.882 8.929 8.969 9.007 9.043 9.084 9.122 9.138 9.154 9.187 9.216 9.242 9.264 9.284 9.301 9.313 9.322 9.323 9.325 9.333 9.340 9.346 9.352 9.357 9.361 9.366 9.370 9.370 9.370 9.374 9.378 9.382 9.385 9.389 9.392 9.396 9.401 9.400 9.399 9.402 9.406 9.408 9.410 9.412 9.413 9.412 9.409 9.404
7.459 7.485 7.507 7.526 7.545 7.569 7.594 7.622 7.656 7.696 7.742 7.794 7.852 7.916 7.982 8.043 8.105 8.178 8.254 8.327 8.400 8.475 8.553 8.636 8.710 8.755 8.799 8.858 8.910 8.955 8.994 9.032 9.069 9.107 9.143 9.158 9.174 9.205 9.233 9.258 9.279 9.298 9.313 9.325 9.334 9.335 9.337 9.344 9.351 9.357 9.362 9.367 9.371 9.375 9.380 9.379 9.379 9.384 9.388 9.393 9.396 9.400 9.404 9.408 9.412 9.411 9.410 9.414 9.417 9.419 9.421 9.422 9.422 9.421 9.419 9.413
7.465 7.490 7.512 7.531 7.550 7.574 7.600 7.629 7.664 7.705 7.752 7.804 7.866 7.935 8.006 8.068 8.131 8.211 8.291 8.369 8.447 8.526 8.604 8.681 8.749 8.791 8.833 8.888 8.937 8.980 9.019 9.057 9.092 9.128 9.162 9.176 9.192 9.222 9.249 9.272 9.293 9.310 9.324 9.336 9.345 9.346 9.347 9.355 9.361 9.367 9.372 9.376 9.380 9.385 9.389 9.389 9.389 9.393 9.398 9.403 9.407 9.411 9.415 9.420 9.423 9.422 9.421 9.424 9.427 9.429 9.430 9.431 9.431 9.429 9.427 9.421
7.470 7.495 7.517 7.536 7.556 7.580 7.607 7.637 7.672 7.714 7.761 7.816 7.881 7.955 8.031 8.095 8.162 8.246 8.330 8.414 8.496 8.576 8.653 8.725 8.787 8.827 8.865 8.917 8.963 9.005 9.043 9.079 9.114 9.148 9.179 9.193 9.208 9.236 9.262 9.285 9.304 9.321 9.335 9.346 9.355 9.356 9.358 9.364 9.371 9.376 9.381 9.385 9.389 9.393 9.398 9.398 9.398 9.403 9.408 9.413 9.418 9.422 9.427 9.430 9.434 9.433 9.432 9.434 9.437 9.438 9.439 9.439 9.439 9.437 9.435 9.429
7.473 7.499 7.521 7.541 7.561 7.587 7.615 7.645 7.681 7.724 7.772 7.829 7.898 7.977 8.060 8.126 8.194 8.284 8.373 8.461 8.544 8.624 8.699 8.766 8.824 8.861 8.897 8.944 8.989 9.029 9.066 9.101 9.134 9.166 9.195 9.209 9.223 9.250 9.275 9.296 9.315 9.331 9.344 9.355 9.364 9.366 9.367 9.374 9.380 9.385 9.389 9.393 9.397 9.402 9.406 9.407 9.407 9.412 9.418 9.423 9.428 9.433 9.437 9.441 9.444 9.443 9.441 9.444 9.445 9.447 9.447 9.447 9.446 9.444 9.442 9.436
7.477 7.503 7.526 7.546 7.567 7.593 7.623 7.653 7.691 7.735 7.784 7.843 7.917 8.003 8.091 8.159 8.230 8.326 8.418 8.507 8.591 8.670 8.742 8.806 8.859 8.893 8.926 8.971 9.013 9.052 9.087 9.120 9.152 9.182 9.210 9.223 9.237 9.262 9.285 9.306 9.324 9.340 9.353 9.364 9.373 9.374 9.376 9.382 9.388 9.393 9.397 9.401 9.405 9.410 9.415 9.415 9.415 9.421 9.427 9.433 9.438 9.442 9.447 9.450 9.453 9.452 9.450 9.452 9.453 9.454 9.454 9.454 9.452 9.450 9.447 9.441
7.479 7.506 7.530 7.551 7.573 7.600 7.631 7.663 7.702 7.748 7.799 7.862 7.940 8.032 8.126 8.196 8.269 8.368 8.462 8.551 8.634 8.711 8.781 8.841 8.891 8.922 8.953 8.995 9.035 9.072 9.106 9.138 9.168 9.197 9.223 9.236 9.249 9.273 9.295 9.315 9.333 9.348 9.361 9.372 9.380 9.382 9.383 9.390 9.395 9.400 9.404 9.408 9.412 9.417 9.422 9.423 9.423 9.429 9.435 9.441 9.446 9.451 9.456 9.459 9.461 9.460 9.458 9.459 9.460 9.461 9.460 9.459 9.458 9.456 9.452 9.446
