version1/TsunamiDB/out54029.asc
ncols          264
nrows          230
xllcorner      497853.4375
yllcorner      4229146.0000
cellsize         5.
NODATA_value   -99
[rows 160 to 191 of 230, columns 71 to 141 of 264]
-99.000 -99.000 -99.000 -99.000 -99.000 -99.000 -99.000 -99.000 -99.000 -99.000 -99.000 -99.000 -99.000 -99.000 -99.000 -99.000 -99.000 -99.000 -99.000 -99.000 -99.000 -99.000 -99.000 -99.000 -99.000 -99.000 -99.000 -99.000 -99.000 -99.000 -99.000 1.646 1.648 1.675 1.787 1.999 2.287 2.622 2.965 3.282 3.557 3.784 3.968 4.115 4.235 4.335 4.421 4.495 4.561 4.620 4.675 4.725 4.771 4.817 4.860 4.902 4.943 4.983 5.023 5.063 5.102 5.142 5.181 5.220 5.259 5.298 5.335 5.372 5.408 5.442 5.475
-99.000 -99.000 -99.000 -99.000 -99.000 -99.000 -99.000 -99.000 -99.000 -99.000 -99.000 -99.000 -99.000 -99.000 -99.000 -99.000 -99.000 -99.000 -99.000 -99.000 -99.000 -99.000 -99.000 -99.000 -99.000 -99.000 -99.000 -99.000 -99.000 -99.000 -99.000 1.646 1.653 1.710 1.865 2.112 2.423 2.765 3.098 3.397 3.651 3.860 4.028 4.165 4.278 4.373 4.455 4.528 4.593 4.652 4.706 4.755 4.802 4.846 4.889 4.930 4.969 5.009 5.047 5.086 5.124 5.163 5.202 5.240 5.279 5.317 5.355 5.393 5.429 5.464 5.498
-99.000 -99.000 -99.000 -99.000 -99.000 -99.000 -99.000 -99.000 -99.000 -99.000 -99.000 -99.000 -99.000 -99.000 -99.000 -99.000 -99.000 -99.000 -99.000 -99.000 -99.000 -99.000 -99.000 -99.000 -99.000 -99.000 -99.000 -99.000 -99.000 -99.000 -99.000 1.647 1.667 1.763 1.960 2.237 2.564 2.904 3.223 3.503 3.737 3.928 4.083 4.210 4.317 4.408 4.488 4.559 4.624 4.683 4.737 4.786 4.832 4.876 4.918 4.958 4.997 5.035 5.072 5.110 5.147 5.184 5.222 5.260 5.298 5.336 5.374 5.412 5.449 5.485 5.520
-99.000 -99.000 -99.000 -99.000 -99.000 -99.000 -99.000 -99.000 -99.000 -99.000 -99.000 -99.000 -99.000 -99.000 -99.000 -99.000 -99.000 -99.000 -99.000 -99.000 -99.000 -99.000 -99.000 -99.000 -99.000 -99.000 -99.000 -99.000 -99.000 -99.000 1.646 1.650 1.695 1.835 2.069 2.371 2.706 3.037 3.340 3.599 3.815 3.990 4.133 4.252 4.353 4.441 4.519 4.589 4.653 4.712 4.766 4.816 4.862 4.906 4.947 4.987 5.025 5.062 5.098 5.134 5.170 5.207 5.243 5.280 5.318 5.355 5.393 5.431 5.468 5.505 5.541
-99.000 -99.000 -99.000 -99.000 -99.000 -99.000 -99.000 -99.000 -99.000 -99.000 -99.000 -99.000 -99.000 -99.000 -99.000 -99.000 -99.000 -99.000 -99.000 -99.000 -99.000 -99.000 -99.000 -99.000 -99.000 -99.000 -99.000 -99.000 -99.000 -99.000 1.646 1.661 1.742 1.925 2.191 2.510 2.844 3.164 3.447 3.687 3.884 4.045 4.178 4.290 4.386 4.471 4.548 4.617 4.681 4.740 4.795 4.845 4.891 4.935 4.977 5.016 5.053 5.090 5.125 5.160 5.194 5.229 5.265 5.301 5.337 5.374 5.411 5.449 5.486 5.524 5.560
-99.000 -99.000 -99.000 -99.000 -99.000 -99.000 -99.000 -99.000 -99.000 -99.000 -99.000 -99.000 -99.000 -99.000 -99.000 -99.000 -99.000 -99.000 -99.000 -99.000 -99.000 -99.000 -99.000 -99.000 -99.000 -99.000 -99.000 -99.000 -99.000 1.646 1.649 1.684 1.808 2.030 2.322 2.649 2.978 3.282 3.546 3.767 3.947 4.096 4.219 4.324 4.417 4.499 4.574 4.644 4.708 4.767 4.822 4.873 4.920 4.965 5.006 5.045 5.082 5.118 5.152 5.186 5.220 5.253 5.287 5.322 5.357 5.393 5.430 5.467 5.504 5.542 5.579
-99.000 -99.000 -99.000 -99.000 -99.000 -99.000 -99.000 -99.000 -99.000 -99.000 -99.000 -99.000 -99.000 -99.000 -99.000 -99.000 -99.000 -99.000 -99.000 -99.000 -99.000 -99.000 -99.000 -99.000 -99.000 -99.000 -99.000 -99.000 -99.000 1.646 1.656 1.724 1.893 2.148 2.458 2.787 3.106 3.393 3.637 3.839 4.004 4.141 4.256 4.356 4.445 4.525 4.599 4.668 4.732 4.792 4.848 4.899 4.947 4.993 5.035 5.074 5.112 5.147 5.181 5.214 5.246 5.278 5.310 5.343 5.377 5.412 5.448 5.485 5.522 5.559 5.597
-99.000 -99.000 -99.000 -99.000 -99.000 -99.000 -99.000 -99.000 -99.000 -99.000 -99.000 -99.000 -99.000 -99.000 -99.000 -99.000 -99.000 -99.000 -99.000 -99.000 -99.000 -99.000 -99.000 -99.000 -99.000 -99.000 -99.000 -99.000 1.646 1.648 1.674 1.784 1.993 2.276 2.597 2.923 3.228 3.495 3.720 3.904 4.056 4.182 4.290 4.385 4.471 4.549 4.622 4.691 4.755 4.815 4.872 4.924 4.973 5.019 5.062 5.103 5.141 5.176 5.209 5.242 5.273 5.304 5.335 5.366 5.398 5.432 5.467 5.502 5.539 5.576 5.614
-99.000 -99.000 -99.000 -99.000 -99.000 -99.000 -99.000 -99.000 -99.000 -99.000 -99.000 -99.000 -99.000 -99.000 -99.000 -99.000 -99.000 -99.000 -99.000 -99.000 -99.000 -99.000 -99.000 -99.000 -99.000 -99.000 -99.000 -99.000 1.646 1.653 1.709 1.863 2.107 2.410 2.736 3.054 3.342 3.589 3.794 3.963 4.102 4.219 4.321 4.412 4.495 4.571 4.643 4.711 4.775 4.836 4.893 4.946 4.996 5.044 5.089 5.130 5.169 5.205 5.238 5.270 5.301 5.331 5.360 5.390 5.420 5.452 5.485 5.520 5.556 5.592 5.630
-99.000 -99.000 -99.000 -99.000 -99.000 -99.000 -99.000 -99.000 -99.000 -99.000 -99.000 -99.000 -99.000 -99.000 -99.000 -99.000 -99.000 -99.000 -99.000 -99.000 -99.000 -99.000 -99.000 -99.000 -99.000 -99.000 -99.000 -99.000 1.647 1.667 1.763 1.959 2.233 2.549 2.874 3.179 3.448 3.675 3.862 4.016 4.144 4.253 4.349 4.436 4.517 4.592 4.663 4.730 4.794 4.855 4.913 4.967 5.018 5.067 5.113 5.156 5.195 5.232 5.267 5.299 5.329 5.358 5.387 5.415 5.443 5.473 5.505 5.537 5.572 5.608 5.645
-99.000 -99.000 -99.000 -99.000 -99.000 -99.000 -99.000 -99.000 -99.000 -99.000 -99.000 -99.000 -99.000 -99.000 -99.000 -99.000 -99.000 -99.000 -99.000 -99.000 -99.000 -99.000 -99.000 -99.000 -99.000 -99.000 -99.000 1.647 1.650 1.696 1.836 2.070 2.366 2.689 3.007 3.297 3.546 3.754 3.924 4.064 4.182 4.284 4.375 4.459 4.536 4.610 4.680 4.747 4.811 4.872 4.930 4.985 5.038 5.088 5.135 5.179 5.221 5.259 5.295 5.327 5.358 5.387 5.414 5.441 5.468 5.496 5.525 5.556 5.589 5.623 5.660
-99.000 -99.000 -99.000 -99.000 -99.000 -99.000 -99.000 -99.000 -99.000 -99.000 -99.000 -99.000 -99.000 -99.000 -99.000 -99.000 -99.000 -99.000 -99.000 -99.000 -99.000 -99.000 -99.000 -99.000 -99.000 -99.000 -99.000 1.647 1.661 1.744 1.928 2.193 2.505 2.829 3.136 3.407 3.636 3.825 3.980 4.109 4.217 4.313 4.399 4.479 4.555 4.626 4.695 4.761 4.825 4.886 4.945 5.001 5.055 5.106 5.155 5.201 5.244 5.284 5.321 5.355 5.386 5.415 5.443 5.468 5.494 5.519 5.546 5.575 5.606 5.639 5.674
-99.000 -99.000 -99.000 -99.000 -99.000 -99.000 -99.000 -99.000 -99.000 -99.000 -99.000 -99.000 -99.000 -99.000 -99.000 -99.000 -99.000 -99.000 -99.000 -99.000 -99.000 -99.000 -99.000 -99.000 -99.000 -99.000 1.647 1.650 1.685 1.812 2.035 2.325 2.647 2.966 3.258 3.510 3.719 3.891 4.032 4.149 4.250 4.340 4.422 4.498 4.571 4.641 4.709 4.774 4.838 4.899 4.958 5.015 5.069 5.122 5.172 5.220 5.265 5.306 5.345 5.381 5.414 5.444 5.471 5.497 5.521 5.545 5.569 5.595 5.624 5.655 5.688
-99.000 -99.000 -99.000 -99.000 -99.000 -99.000 -99.000 -99.000 -99.000 -99.000 -99.000 -99.000 -99.000 -99.000 -99.000 -99.000 -99.000 -99.000 -99.000 -99.000 -99.000 -99.000 -99.000 -99.000 -99.000 -99.000 1.647 1.658 1.728 1.900 2.157 2.465 2.789 3.098 3.372 3.604 3.795 3.951 4.079 4.187 4.281 4.366 4.443 4.517 4.587 4.655 4.721 4.786 4.848 4.910 4.969 5.025 5.081 5.135 5.186 5.236 5.282 5.326 5.367 5.405 5.440 5.471 5.500 5.526 5.549 5.572 5.594 5.618 5.644 5.672 5.703
-99.000 -99.000 -99.000 -99.000 -99.000 -99.000 -99.000 -99.000 -99.000 -99.000 -99.000 -99.000 -99.000 -99.000 -99.000 -99.000 -99.000 -99.000 -99.000 -99.000 -99.000 -99.000 -99.000 -99.000 -99.000 1.647 1.649 1.678 1.792 2.005 2.289 2.608 2.928 3.223 3.478 3.691 3.864 4.006 4.123 4.223 4.311 4.390 4.464 4.535 4.602 4.668 4.733 4.796 4.858 4.918 4.977 5.034 5.090 5.145 5.198 5.248 5.297 5.343 5.386 5.426 5.464 5.497 5.527 5.554 5.578 5.600 5.621 5.643 5.666 5.691 5.719
-99.000 -99.000 -99.000 -99.000 -99.000 -99.000 -99.000 -99.000 -99.000 -99.000 -99.000 -99.000 -99.000 -99.000 -99.000 -99.000 -99.000 -99.000 -99.000 -99.000 -99.000 -99.000 -99.000 -99.000 -99.000 1.647 1.655 1.715 1.876 2.125 2.429 2.752 3.063 3.341 3.577 3.770 3.928 4.057 4.165 4.257 4.340 4.415 4.485 4.553 4.618 4.681 4.744 4.805 4.865 4.925 4.983 5.040 5.097 5.152 5.206 5.258 5.308 5.356 5.402 5.444 5.484 5.520 5.553 5.582 5.607 5.630 5.650 5.670 5.690 5.712 5.738
-99.000 -99.000 -99.000 -99.000 -99.000 -99.000 -99.000 -99.000 -99.000 -99.000 -99.000 -99.000 -99.000 -99.000 -99.000 -99.000 -99.000 -99.000 -99.000 -99.000 -99.000 -99.000 -99.000 -99.000 -99.000 1.648 1.672 1.775 1.978 2.256 2.573 2.894 3.192 3.451 3.667 3.843 3.986 4.104 4.204 4.290 4.368 4.439 4.507 4.571 4.634 4.695 4.755 4.814 4.873 4.931 4.988 5.044 5.101 5.156 5.211 5.264 5.315 5.365 5.413 5.458 5.501 5.540 5.575 5.607 5.634 5.658 5.679 5.699 5.717 5.737 5.759
-99.000 -99.000 -99.000 -99.000 -99.000 -99.000 -99.000 -99.000 -99.000 -99.000 -99.000 -99.000 -99.000 -99.000 -99.000 -99.000 -99.000 -99.000 -99.000 -99.000 -99.000 -99.000 -99.000 -99.000 1.647 1.653 1.706 1.855 2.096 2.397 2.719 3.033 3.314 3.553 3.750 3.910 4.041 4.149 4.241 4.322 4.396 4.464 4.528 4.590 4.650 4.709 4.766 4.823 4.880 4.936 4.992 5.047 5.103 5.158 5.212 5.266 5.319 5.370 5.420 5.468 5.513 5.555 5.594 5.628 5.659 5.686 5.708 5.728 5.746 5.764 5.783
-99.000 -99.000 -99.000 -99.000 -99.000 -99.000 -99.000 -99.000 -99.000 -99.000 -99.000 -99.000 -99.000 -99.000 -99.000 -99.000 -99.000 -99.000 -99.000 -99.000 -99.000 -99.000 -99.000 -99.000 1.648 1.667 1.761 1.955 2.227 2.542 2.864 3.165 3.428 3.648 3.827 3.972 4.091 4.191 4.277 4.353 4.423 4.489 4.551 4.610 4.668 4.724 4.779 4.834 4.888 4.943 4.996 5.049 5.104 5.158 5.212 5.266 5.319 5.372 5.423 5.473 5.520 5.565 5.607 5.646 5.680 5.710 5.735 5.757 5.775 5.792 5.810
-99.000 -99.000 -99.000 -99.000 -99.000 -99.000 -99.000 -99.000 -99.000 -99.000 -99.000 -99.000 -99.000 -99.000 -99.000 -99.000 -99.000 -99.000 -99.000 -99.000 -99.000 -99.000 -99.000 1.647 1.651 1.697 1.838 2.071 2.367 2.690 3.006 3.291 3.534 3.735 3.898 4.030 4.138 4.230 4.311 4.384 4.451 4.514 4.573 4.631 4.686 4.741 4.794 4.846 4.898 4.950 5.001 5.052 5.105 5.158 5.211 5.264 5.317 5.370 5.422 5.473 5.523 5.571 5.616 5.658 5.696 5.730 5.759 5.784 5.804 5.822 5.838
-99.000 -99.000 -99.000 -99.000 -99.000 -99.000 -99.000 -99.000 -99.000 -99.000 -99.000 -99.000 -99.000 -99.000 -99.000 -99.000 -99.000 -99.000 -99.000 -99.000 -99.000 -99.000 -99.000 1.648 1.663 1.748 1.934 2.200 2.513 2.837 3.141 3.409 3.633 3.816 3.963 4.083 4.183 4.268 4.344 4.414 4.478 4.539 4.597 4.652 4.706 4.758 4.809 4.859 4.909 4.959 5.007 5.056 5.107 5.157 5.209 5.261 5.313 5.366 5.419 5.471 5.522 5.572 5.620 5.665 5.707 5.745 5.778 5.807 5.830 5.850 5.866
-99.000 -99.000 -99.000 -99.000 -99.000 -99.000 -99.000 -99.000 -99.000 -99.000 -99.000 -99.000 -99.000 -99.000 -99.000 -99.000 -99.000 -99.000 -99.000 -99.000 -99.000 -99.000 1.647 1.650 1.689 1.820 2.047 2.339 2.661 2.980 3.270 3.519 3.724 3.890 4.023 4.133 4.225 4.305 4.377 4.443 4.505 4.564 4.620 4.674 4.727 4.777 4.826 4.874 4.922 4.969 5.015 5.062 5.110 5.158 5.208 5.258 5.309 5.361 5.413 5.466 5.518 5.569 5.620 5.668 5.713 5.755 5.792 5.825 5.852 5.875 5.893
-99.000 -99.000 -99.000 -99.000 -99.000 -99.000 -99.000 -99.000 -99.000 -99.000 -99.000 -99.000 -99.000 -99.000 -99.000 -99.000 -99.000 -99.000 -99.000 -99.000 -99.000 -99.000 1.647 1.659 1.735 1.912 2.174 2.484 2.809 3.118 3.392 3.622 3.809 3.958 4.079 4.179 4.265 4.340 4.409 4.472 4.533 4.590 4.644 4.697 4.748 4.797 4.844 4.891 4.936 4.981 5.025 5.069 5.115 5.161 5.208 5.256 5.305 5.356 5.407 5.459 5.512 5.564 5.616 5.666 5.715 5.760 5.801 5.838 5.869 5.895 5.917
-99.000 -99.000 -99.000 -99.000 -99.000 -99.000 -99.000 -99.000 -99.000 -99.000 -99.000 -99.000 -99.000 -99.000 -99.000 -99.000 -99.000 -99.000 -99.000 -99.000 -99.000 1.647 1.649 1.682 1.802 2.021 2.310 2.631 2.954 3.250 3.506 3.717 3.886 4.021 4.131 4.223 4.303 4.374 4.440 4.501 4.560 4.615 4.669 4.720 4.770 4.817 4.864 4.908 4.952 4.995 5.037 5.079 5.122 5.165 5.210 5.256 5.303 5.352 5.402 5.453 5.505 5.558 5.610 5.662 5.712 5.760 5.805 5.845 5.881 5.911 5.935
-99.000 -99.000 -99.000 -99.000 -99.000 -99.000 -99.000 -99.000 -99.000 -99.000 -99.000 -99.000 -99.000 -99.000 -99.000 -99.000 -99.000 -99.000 -99.000 -99.000 -99.000 1.647 1.656 1.722 1.889 2.143 2.452 2.779 3.094 3.375 3.612 3.804 3.956 4.079 4.180 4.265 4.340 4.408 4.471 4.530 4.587 4.641 4.693 4.744 4.792 4.839 4.884 4.927 4.969 5.011 5.050 5.090 5.130 5.171 5.213 5.257 5.302 5.348 5.397 5.447 5.498 5.551 5.603 5.656 5.708 5.757 5.805 5.848 5.887 5.921 5.949
-99.000 -99.000 -99.000 -99.000 -99.000 -99.000 -99.000 -99.000 -99.000 -99.000 -99.000 -99.000 -99.000 -99.000 -99.000 -99.000 -99.000 -99.000 -99.000 -99.000 -99.000 1.648 1.674 1.782 1.991 2.275 2.598 2.925 3.229 3.493 3.709 3.883 4.021 4.132 4.225 4.305 4.375 4.440 4.501 4.558 4.614 4.667 4.718 4.767 4.815 4.861 4.905 4.947 4.988 5.028 5.066 5.103 5.141 5.180 5.219 5.260 5.302 5.347 5.393 5.442 5.492 5.543 5.596 5.649 5.701 5.752 5.801 5.847 5.889 5.925 5.957
-99.000 -99.000 -99.000 -99.000 -99.000 -99.000 -99.000 -99.000 -99.000 -99.000 -99.000 -99.000 -99.000 -99.000 -99.000 -99.000 -99.000 -99.000 -99.000 -99.000 1.647 1.653 1.708 1.862 2.108 2.414 2.745 3.067 3.357 3.601 3.799 3.956 4.081 4.182 4.268 4.342 4.410 4.472 4.531 4.587 4.640 4.692 4.743 4.791 4.838 4.883 4.926 4.968 5.008 5.046 5.082 5.118 5.154 5.190 5.227 5.265 5.305 5.347 5.391 5.438 5.486 5.537 5.588 5.641 5.693 5.745 5.795 5.842 5.886 5.925 5.959
-99.000 -99.000 -99.000 -99.000 -99.000 -99.000 -99.000 -99.000 -99.000 -99.000 -99.000 -99.000 -99.000 -99.000 -99.000 -99.000 -99.000 -99.000 -99.000 -99.000 1.648 1.667 1.761 1.957 2.235 2.558 2.892 3.204 3.476 3.701 3.880 4.022 4.136 4.229 4.308 4.379 4.443 4.503 4.560 4.614 4.667 4.718 4.767 4.815 4.862 4.906 4.949 4.989 5.028 5.066 5.101 5.135 5.169 5.203 5.237 5.273 5.310 5.349 5.391 5.435 5.482 5.531 5.581 5.633 5.685 5.736 5.786 5.834 5.879 5.920 5.957
-99.000 -99.000 -99.000 -99.000 -99.000 -99.000 -99.000 -99.000 -99.000 -99.000 -99.000 -99.000 -99.000 -99.000 -99.000 -99.000 -99.000 -99.000 -99.000 1.647 1.651 1.694 1.832 2.067 2.370 2.705 3.035 3.334 3.587 3.792 3.955 4.083 4.187 4.273 4.347 4.414 4.475 4.533 4.588 4.641 4.693 4.743 4.792 4.839 4.885 4.929 4.971 5.011 5.050 5.087 5.121 5.154 5.186 5.218 5.250 5.283 5.318 5.354 5.393 5.435 5.479 5.526 5.574 5.625 5.675 5.726 5.776 5.824 5.870 5.912 5.949
-99.000 -99.000 -99.000 -99.000 -99.000 -99.000 -99.000 -99.000 -99.000 -99.000 -99.000 -99.000 -99.000 -99.000 -99.000 -99.000 -99.000 -99.000 -99.000 1.647 1.660 1.738 1.920 2.188 2.511 2.851 3.173 3.455 3.689 3.876 4.023 4.140 4.234 4.314 4.384 4.447 4.506 4.562 4.616 4.668 4.718 4.768 4.816 4.863 4.908 4.952 4.994 5.034 5.072 5.108 5.142 5.174 5.206 5.236 5.266 5.297 5.328 5.362 5.398 5.437 5.478 5.522 5.569 5.617 5.666 5.716 5.765 5.812 5.858 5.900 5.939
-99.000 -99.000 -99.000 -99.000 -99.000 -99.000 -99.000 -99.000 -99.000 -99.000 -99.000 -99.000 -99.000 -99.000 -99.000 -99.000 -99.000 -99.000 1.647 1.649 1.681 1.801 2.022 2.318 2.656 2.994 3.305 3.569 3.783 3.953 4.086 4.192 4.279 4.354 4.419 4.480 4.536 4.591 4.643 4.694 4.743 4.792 4.839 4.886 4.931 4.974 5.016 5.056 5.095 5.131 5.164 5.196 5.227 5.257 5.285 5.314 5.343 5.373 5.406 5.441 5.479 5.520 5.564 5.610 5.657 5.705 5.752 5.799 5.844 5.886 5.925
-99.000 -99.000 -99.000 -99.000 -99.000 -99.000 -99.000 -99.000 -99.000 -99.000 -99.000 -99.000 -99.000 -99.000 -99.000 -99.000 -99.000 -99.000 1.647 1.655 1.717 1.880 2.136 2.455 2.801 3.134 3.428 3.673 3.869 4.023 4.144 4.241 4.322 4.391 4.454 4.512 4.566 4.618 4.669 4.719 4.768 4.815 4.862 4.908 4.953 4.996 5.038 5.079 5.118 5.153 5.187 5.220 5.251 5.280 5.307 5.334 5.361 5.389 5.418 5.450 5.484 5.521 5.562 5.604 5.649 5.694 5.740 5.785 5.829 5.870 5.910
