version1/TsunamiDB/out54120.asc
ncols          264
nrows          230
xllcorner      497853.4375
yllcorner      4229146.0000
cellsize         5.
NODATA_value   -99
[rows 68 to 101 of 230, columns 154 to 230 of 264]
6.579 6.586 6.594 6.602 6.610 6.619 6.627 6.636 6.645 6.653 6.662 6.671 6.679 6.687 6.695 6.703 6.711 6.719 6.726 6.733 6.739 6.744 6.749 6.754 6.758 6.762 6.766 6.769 6.772 6.775 6.777 6.780 6.782 6.784 6.787 6.789 6.792 6.794 6.797 6.800 6.803 6.807 6.811 6.815 6.818 6.822 6.826 6.830 6.835 6.839 6.844 6.850 6.855 6.861 6.867 6.873 6.880 6.887 6.894 6.902 6.910 6.918 6.927 6.936 6.947 6.957 6.968 6.978 6.989 6.998 7.003 7.003 7.002 7.007 7.014 7.024 7.044
6.584 6.591 6.599 6.607 6.615 6.623 6.632 6.641 6.649 6.658 6.667 6.675 6.684 6.692 6.700 6.709 6.717 6.724 6.732 6.739 6.746 6.751 6.757 6.761 6.766 6.770 6.774 6.778 6.781 6.784 6.787 6.789 6.792 6.794 6.797 6.799 6.802 6.805 6.808 6.811 6.814 6.818 6.822 6.826 6.830 6.834 6.838 6.842 6.847 6.852 6.857 6.863 6.868 6.875 6.881 6.888 6.895 6.902 6.909 6.917 6.926 6.935 6.944 6.954 6.964 6.975 6.986 6.997 7.008 7.017 7.022 7.022 7.021 7.027 7.034 7.044 7.064
6.590 6.597 6.604 6.612 6.620 6.628 6.637 6.645 6.654 6.663 6.671 6.680 6.689 6.697 6.706 6.714 6.722 6.730 6.738 6.745 6.752 6.758 6.763 6.769 6.774 6.778 6.782 6.786 6.790 6.793 6.796 6.799 6.802 6.804 6.807 6.810 6.813 6.815 6.818 6.822 6.825 6.830 6.834 6.837 6.841 6.846 6.850 6.855 6.860 6.865 6.870 6.876 6.882 6.889 6.895 6.902 6.910 6.917 6.925 6.933 6.942 6.951 6.961 6.971 6.982 6.993 7.004 7.015 7.027 7.036 7.042 7.042 7.042 7.047 7.055 7.065 7.085
6.595 6.602 6.609 6.617 6.625 6.633 6.641 6.650 6.658 6.667 6.676 6.685 6.693 6.702 6.711 6.719 6.727 6.736 6.744 6.751 6.758 6.764 6.770 6.776 6.781 6.786 6.790 6.794 6.798 6.802 6.805 6.808 6.811 6.814 6.817 6.820 6.823 6.826 6.829 6.833 6.837 6.841 6.845 6.849 6.854 6.858 6.863 6.867 6.873 6.878 6.884 6.890 6.896 6.903 6.910 6.917 6.925 6.933 6.941 6.950 6.959 6.968 6.978 6.989 7.000 7.011 7.023 7.034 7.046 7.056 7.062 7.063 7.062 7.067 7.076 7.086 7.106
6.601 6.607 6.615 6.622 6.630 6.638 6.646 6.654 6.663 6.672 6.681 6.689 6.698 6.707 6.715 6.724 6.733 6.741 6.749 6.757 6.764 6.771 6.777 6.783 6.788 6.793 6.798 6.802 6.807 6.811 6.814 6.818 6.821 6.824 6.827 6.831 6.834 6.837 6.841 6.844 6.848 6.853 6.857 6.862 6.866 6.871 6.875 6.881 6.886 6.892 6.898 6.904 6.911 6.918 6.925 6.933 6.941 6.949 6.958 6.967 6.976 6.986 6.996 7.007 7.018 7.030 7.041 7.053 7.065 7.075 7.082 7.082 7.082 7.088 7.096 7.107 7.127
6.607 6.613 6.620 6.627 6.635 6.643 6.651 6.659 6.668 6.676 6.685 6.694 6.703 6.712 6.720 6.729 6.738 6.746 6.755 6.763 6.770 6.777 6.783 6.789 6.795 6.801 6.806 6.810 6.815 6.819 6.823 6.827 6.831 6.834 6.838 6.841 6.845 6.848 6.852 6.856 6.860 6.865 6.870 6.874 6.879 6.883 6.889 6.894 6.900 6.906 6.912 6.919 6.926 6.933 6.941 6.949 6.957 6.965 6.974 6.984 6.993 7.003 7.014 7.025 7.036 7.048 7.060 7.072 7.084 7.095 7.101 7.102 7.102 7.108 7.118 7.128 7.149
6.613 6.619 6.626 6.633 6.640 6.648 6.656 6.664 6.673 6.681 6.690 6.699 6.708 6.716 6.725 6.734 6.743 6.752 6.760 6.769 6.776 6.783 6.790 6.796 6.802 6.808 6.813 6.818 6.823 6.828 6.832 6.836 6.840 6.844 6.848 6.852 6.855 6.859 6.863 6.867 6.872 6.877 6.882 6.887 6.891 6.897 6.902 6.908 6.914 6.920 6.927 6.933 6.941 6.948 6.956 6.965 6.973 6.982 6.991 7.001 7.011 7.021 7.032 7.043 7.055 7.066 7.078 7.091 7.103 7.114 7.121 7.122 7.122 7.129 7.139 7.150 7.170
6.619 6.625 6.632 6.639 6.646 6.653 6.661 6.669 6.678 6.686 6.695 6.704 6.713 6.721 6.730 6.739 6.748 6.757 6.766 6.774 6.782 6.789 6.796 6.803 6.809 6.815 6.821 6.826 6.832 6.836 6.841 6.846 6.850 6.854 6.858 6.862 6.866 6.870 6.875 6.879 6.884 6.889 6.895 6.899 6.904 6.910 6.915 6.921 6.928 6.934 6.941 6.948 6.956 6.964 6.972 6.981 6.990 6.999 7.008 7.018 7.028 7.039 7.050 7.061 7.073 7.085 7.097 7.110 7.122 7.133 7.140 7.142 7.142 7.149 7.159 7.170 7.190
6.626 6.632 6.638 6.644 6.651 6.659 6.667 6.675 6.683 6.691 6.700 6.709 6.718 6.727 6.735 6.744 6.753 6.762 6.772 6.780 6.788 6.795 6.802 6.809 6.816 6.822 6.828 6.834 6.840 6.845 6.850 6.855 6.860 6.864 6.869 6.873 6.877 6.882 6.886 6.891 6.896 6.902 6.907 6.912 6.918 6.923 6.929 6.935 6.942 6.949 6.956 6.964 6.971 6.980 6.988 6.997 7.006 7.016 7.026 7.036 7.046 7.056 7.067 7.079 7.091 7.103 7.116 7.128 7.141 7.152 7.159 7.160 7.160 7.168 7.179 7.190 7.210
6.633 6.638 6.644 6.651 6.657 6.665 6.672 6.680 6.688 6.697 6.705 6.714 6.723 6.732 6.741 6.750 6.759 6.768 6.777 6.786 6.794 6.802 6.809 6.816 6.823 6.830 6.836 6.842 6.848 6.854 6.859 6.864 6.869 6.874 6.879 6.884 6.888 6.893 6.898 6.903 6.909 6.915 6.920 6.925 6.931 6.937 6.943 6.949 6.956 6.963 6.971 6.979 6.987 6.995 7.004 7.013 7.023 7.033 7.043 7.053 7.063 7.074 7.085 7.097 7.109 7.121 7.134 7.147 7.159 7.170 7.176 7.178 7.179 7.188 7.199 7.211 7.231
6.640 6.645 6.651 6.657 6.664 6.671 6.678 6.686 6.694 6.702 6.711 6.719 6.728 6.737 6.746 6.755 6.764 6.774 6.783 6.792 6.800 6.808 6.816 6.823 6.830 6.837 6.844 6.850 6.856 6.862 6.868 6.874 6.879 6.884 6.889 6.894 6.899 6.904 6.910 6.915 6.921 6.927 6.933 6.938 6.944 6.950 6.957 6.964 6.971 6.978 6.986 6.994 7.002 7.011 7.020 7.030 7.040 7.050 7.060 7.070 7.081 7.092 7.103 7.115 7.127 7.139 7.151 7.164 7.177 7.187 7.193 7.196 7.198 7.208 7.220 7.233 7.254
6.647 6.652 6.657 6.663 6.670 6.677 6.684 6.692 6.700 6.708 6.716 6.725 6.734 6.743 6.752 6.761 6.770 6.780 6.789 6.798 6.806 6.814 6.822 6.830 6.837 6.845 6.852 6.858 6.865 6.871 6.877 6.883 6.889 6.894 6.900 6.905 6.910 6.916 6.921 6.927 6.933 6.940 6.945 6.951 6.958 6.964 6.971 6.978 6.985 6.993 7.001 7.009 7.018 7.027 7.036 7.046 7.056 7.066 7.077 7.088 7.098 7.109 7.120 7.132 7.144 7.156 7.169 7.181 7.193 7.203 7.210 7.213 7.217 7.228 7.241 7.256 7.280
6.654 6.659 6.664 6.670 6.676 6.683 6.690 6.698 6.705 6.714 6.722 6.731 6.739 6.748 6.758 6.767 6.776 6.786 6.796 6.804 6.813 6.821 6.829 6.837 6.845 6.852 6.859 6.866 6.873 6.880 6.886 6.893 6.899 6.905 6.910 6.916 6.922 6.927 6.933 6.939 6.946 6.952 6.958 6.964 6.971 6.978 6.985 6.992 6.999 7.007 7.016 7.024 7.033 7.042 7.052 7.062 7.072 7.083 7.094 7.104 7.115 7.126 7.137 7.149 7.161 7.173 7.185 7.197 7.209 7.219 7.226 7.231 7.236 7.250 7.265 7.282 7.307
6.661 6.666 6.671 6.677 6.683 6.689 6.696 6.704 6.712 6.720 6.728 6.737 6.745 6.754 6.763 6.773 6.782 6.792 6.802 6.811 6.819 6.828 6.836 6.844 6.852 6.860 6.867 6.875 6.882 6.889 6.896 6.902 6.909 6.915 6.921 6.927 6.933 6.939 6.945 6.951 6.958 6.965 6.971 6.978 6.984 6.991 6.998 7.006 7.014 7.022 7.030 7.039 7.048 7.058 7.068 7.078 7.088 7.099 7.110 7.121 7.132 7.143 7.154 7.165 7.177 7.188 7.200 7.211 7.223 7.234 7.242 7.249 7.256 7.272 7.289 7.308 7.337
6.668 6.673 6.678 6.683 6.689 6.696 6.703 6.710 6.718 6.726 6.734 6.743 6.751 6.760 6.770 6.779 6.789 6.799 6.808 6.817 6.826 6.835 6.843 6.851 6.860 6.868 6.875 6.883 6.891 6.898 6.905 6.912 6.919 6.925 6.932 6.938 6.944 6.950 6.957 6.963 6.970 6.977 6.984 6.991 6.998 7.005 7.012 7.020 7.028 7.036 7.045 7.054 7.063 7.073 7.083 7.093 7.104 7.115 7.126 7.138 7.149 7.159 7.170 7.181 7.192 7.203 7.214 7.225 7.237 7.248 7.258 7.266 7.276 7.293 7.313 7.335 7.366
6.675 6.680 6.685 6.690 6.696 6.702 6.709 6.716 6.724 6.732 6.740 6.749 6.758 6.767 6.776 6.785 6.795 6.805 6.815 6.824 6.833 6.842 6.850 6.859 6.867 6.876 6.884 6.892 6.899 6.907 6.914 6.921 6.929 6.935 6.942 6.949 6.955 6.962 6.969 6.976 6.983 6.990 6.997 7.004 7.011 7.018 7.026 7.034 7.042 7.050 7.059 7.068 7.078 7.088 7.098 7.108 7.119 7.131 7.142 7.153 7.164 7.175 7.185 7.196 7.206 7.216 7.227 7.238 7.250 7.262 7.274 7.284 7.296 7.315 7.337 7.362 7.395
6.682 6.687 6.692 6.697 6.703 6.709 6.716 6.723 6.730 6.738 6.746 6.755 6.764 6.773 6.782 6.792 6.802 6.812 6.822 6.831 6.840 6.849 6.858 6.867 6.875 6.884 6.892 6.900 6.908 6.916 6.924 6.931 6.939 6.946 6.953 6.960 6.967 6.973 6.980 6.988 6.995 7.002 7.009 7.017 7.024 7.031 7.039 7.047 7.056 7.064 7.073 7.082 7.092 7.102 7.112 7.123 7.134 7.146 7.157 7.169 7.180 7.190 7.199 7.209 7.219 7.229 7.239 7.250 7.262 7.276 7.289 7.301 7.315 7.336 7.360 7.387 7.422
6.689 6.694 6.699 6.704 6.710 6.716 6.722 6.729 6.737 6.745 6.753 6.761 6.770 6.779 6.789 6.798 6.808 6.819 6.829 6.838 6.847 6.856 6.865 6.874 6.883 6.892 6.900 6.909 6.917 6.925 6.933 6.941 6.949 6.956 6.963 6.971 6.978 6.985 6.992 7.000 7.007 7.015 7.022 7.029 7.037 7.045 7.052 7.061 7.069 7.078 7.087 7.096 7.106 7.116 7.127 7.138 7.149 7.160 7.172 7.184 7.195 7.204 7.213 7.222 7.232 7.240 7.250 7.261 7.274 7.289 7.304 7.318 7.334 7.357 7.382 7.412 7.449
6.697 6.701 6.706 6.711 6.717 6.723 6.729 6.736 6.744 6.751 6.759 6.768 6.777 6.786 6.795 6.805 6.815 6.825 6.835 6.845 6.854 6.864 6.873 6.882 6.891 6.900 6.909 6.917 6.926 6.934 6.943 6.951 6.959 6.966 6.974 6.981 6.989 6.996 7.004 7.011 7.019 7.027 7.035 7.042 7.050 7.058 7.066 7.074 7.083 7.091 7.101 7.110 7.120 7.130 7.141 7.152 7.163 7.175 7.186 7.198 7.209 7.217 7.225 7.234 7.243 7.251 7.261 7.272 7.286 7.302 7.318 7.334 7.352 7.376 7.403 7.436 7.475
6.704 6.708 6.713 6.718 6.724 6.730 6.736 6.743 6.750 6.758 6.766 6.775 6.783 6.793 6.802 6.812 6.822 6.832 6.842 6.852 6.862 6.871 6.880 6.890 6.899 6.908 6.917 6.926 6.935 6.944 6.952 6.960 6.969 6.977 6.985 6.992 7.000 7.008 7.015 7.023 7.031 7.039 7.047 7.055 7.062 7.070 7.079 7.087 7.096 7.105 7.114 7.124 7.134 7.144 7.155 7.166 7.177 7.189 7.200 7.212 7.222 7.230 7.237 7.246 7.254 7.262 7.272 7.284 7.298 7.314 7.331 7.348 7.370 7.396 7.425 7.460 7.502
6.711 6.716 6.721 6.726 6.731 6.737 6.743 6.750 6.757 6.765 6.773 6.781 6.790 6.799 6.809 6.819 6.829 6.839 6.849 6.859 6.869 6.879 6.888 6.898 6.907 6.917 6.926 6.935 6.944 6.953 6.962 6.970 6.979 6.987 6.995 7.003 7.011 7.019 7.027 7.035 7.043 7.051 7.059 7.067 7.075 7.083 7.091 7.100 7.109 7.118 7.127 7.137 7.147 7.157 7.168 7.179 7.190 7.202 7.214 7.225 7.235 7.242 7.249 7.258 7.266 7.273 7.283 7.295 7.309 7.325 7.343 7.364 7.389 7.417 7.447 7.485 7.530
6.719 6.723 6.728 6.733 6.738 6.744 6.750 6.757 6.764 6.772 6.780 6.788 6.797 6.806 6.816 6.825 6.836 6.846 6.857 6.866 6.876 6.886 6.896 6.906 6.915 6.925 6.934 6.944 6.953 6.962 6.971 6.980 6.989 6.997 7.005 7.014 7.022 7.030 7.038 7.046 7.055 7.063 7.071 7.079 7.087 7.096 7.104 7.113 7.122 7.131 7.140 7.150 7.160 7.170 7.181 7.192 7.203 7.215 7.227 7.238 7.247 7.255 7.261 7.269 7.277 7.284 7.294 7.306 7.319 7.335 7.355 7.379 7.408 7.438 7.470 7.513 7.561
6.727 6.731 6.736 6.741 6.746 6.752 6.758 6.764 6.771 6.779 6.787 6.795 6.804 6.813 6.823 6.832 6.843 6.853 6.864 6.874 6.884 6.894 6.904 6.914 6.923 6.933 6.943 6.952 6.962 6.971 6.980 6.990 6.998 7.007 7.016 7.024 7.033 7.041 7.049 7.058 7.067 7.075 7.083 7.091 7.100 7.108 7.117 7.125 7.134 7.143 7.153 7.163 7.173 7.183 7.194 7.205 7.216 7.228 7.239 7.250 7.259 7.267 7.273 7.281 7.288 7.295 7.304 7.316 7.329 7.346 7.368 7.396 7.429 7.460 7.495 7.542 7.594
6.734 6.739 6.744 6.748 6.754 6.759 6.765 6.772 6.779 6.786 6.794 6.802 6.811 6.820 6.830 6.840 6.850 6.861 6.871 6.881 6.891 6.901 6.912 6.922 6.932 6.942 6.951 6.961 6.971 6.980 6.990 6.999 7.008 7.017 7.026 7.035 7.044 7.052 7.061 7.069 7.078 7.087 7.095 7.103 7.112 7.120 7.129 7.138 7.147 7.156 7.165 7.175 7.185 7.195 7.206 7.217 7.229 7.240 7.252 7.263 7.272 7.279 7.285 7.292 7.299 7.305 7.314 7.326 7.339 7.357 7.381 7.413 7.451 7.485 7.522 7.573 7.629
6.742 6.747 6.752 6.756 6.762 6.767 6.773 6.780 6.786 6.794 6.802 6.810 6.818 6.827 6.837 6.847 6.857 6.868 6.879 6.889 6.899 6.909 6.919 6.930 6.940 6.950 6.960 6.970 6.980 6.990 6.999 7.009 7.018 7.027 7.036 7.045 7.054 7.063 7.072 7.081 7.090 7.098 7.107 7.115 7.124 7.132 7.141 7.150 7.159 7.168 7.178 7.187 7.197 7.208 7.218 7.229 7.241 7.252 7.264 7.275 7.284 7.290 7.296 7.303 7.309 7.315 7.324 7.335 7.349 7.368 7.395 7.432 7.474 7.510 7.550 7.606 7.665
6.751 6.755 6.760 6.765 6.770 6.775 6.781 6.788 6.794 6.802 6.809 6.817 6.826 6.835 6.844 6.854 6.864 6.875 6.886 6.896 6.907 6.917 6.927 6.938 6.948 6.958 6.969 6.979 6.989 6.999 7.009 7.018 7.028 7.037 7.047 7.056 7.065 7.074 7.083 7.092 7.101 7.110 7.118 7.127 7.135 7.144 7.153 7.162 7.171 7.180 7.190 7.199 7.209 7.220 7.230 7.241 7.253 7.264 7.276 7.287 7.296 7.302 7.307 7.313 7.319 7.325 7.333 7.345 7.360 7.380 7.412 7.453 7.499 7.537 7.580 7.640 7.700
6.759 6.764 6.768 6.773 6.778 6.784 6.790 6.796 6.802 6.810 6.817 6.825 6.834 6.843 6.852 6.862 6.872 6.883 6.894 6.904 6.914 6.925 6.935 6.946 6.956 6.967 6.977 6.988 6.998 7.008 7.018 7.028 7.038 7.047 7.057 7.066 7.075 7.084 7.094 7.103 7.112 7.121 7.130 7.138 7.147 7.156 7.164 7.173 7.183 7.192 7.201 7.211 7.221 7.231 7.242 7.253 7.264 7.276 7.288 7.299 7.308 7.313 7.318 7.323 7.329 7.334 7.343 7.355 7.371 7.394 7.428 7.472 7.524 7.564 7.609 7.671 7.733
6.768 6.772 6.777 6.782 6.787 6.792 6.798 6.804 6.811 6.818 6.825 6.833 6.841 6.850 6.860 6.870 6.880 6.891 6.901 6.912 6.922 6.933 6.943 6.954 6.965 6.975 6.986 6.996 7.007 7.017 7.027 7.037 7.047 7.057 7.067 7.076 7.086 7.095 7.104 7.114 7.123 7.132 7.141 7.150 7.158 7.167 7.176 7.185 7.194 7.203 7.213 7.223 7.232 7.243 7.253 7.264 7.276 7.288 7.300 7.310 7.319 7.324 7.327 7.333 7.339 7.344 7.352 7.365 7.382 7.409 7.446 7.494 7.552 7.595 7.640 7.704 7.767
6.777 6.781 6.786 6.791 6.796 6.801 6.807 6.813 6.819 6.826 6.834 6.841 6.850 6.858 6.868 6.877 6.888 6.899 6.909 6.920 6.930 6.941 6.951 6.962 6.973 6.984 6.994 7.005 7.016 7.026 7.037 7.047 7.057 7.067 7.077 7.086 7.096 7.105 7.115 7.125 7.134 7.143 7.152 7.161 7.169 7.178 7.187 7.196 7.206 7.215 7.224 7.234 7.243 7.254 7.264 7.276 7.287 7.299 7.311 7.322 7.330 7.334 7.336 7.342 7.348 7.353 7.362 7.376 7.396 7.425 7.466 7.522 7.584 7.626 7.672 7.737 7.801
6.786 6.790 6.795 6.800 6.805 6.810 6.816 6.822 6.828 6.835 6.842 6.850 6.858 6.867 6.876 6.886 6.896 6.907 6.917 6.928 6.938 6.949 6.960 6.970 6.981 6.992 7.003 7.014 7.025 7.035 7.046 7.056 7.067 7.077 7.087 7.097 7.106 7.116 7.125 7.135 7.145 7.154 7.163 7.172 7.180 7.189 7.198 7.208 7.217 7.226 7.235 7.245 7.254 7.265 7.275 7.286 7.298 7.310 7.322 7.332 7.339 7.342 7.345 7.352 7.358 7.364 7.374 7.390 7.413 7.446 7.494 7.554 7.615 7.658 7.704 7.770 7.834
6.795 6.800 6.804 6.809 6.814 6.820 6.825 6.831 6.837 6.844 6.851 6.858 6.867 6.875 6.884 6.894 6.904 6.915 6.926 6.936 6.946 6.957 6.968 6.979 6.990 7.001 7.012 7.023 7.034 7.044 7.055 7.066 7.076 7.086 7.096 7.106 7.116 7.126 7.136 7.146 7.155 7.164 7.173 7.182 7.191 7.200 7.209 7.218 7.228 7.237 7.246 7.255 7.265 7.275 7.286 7.297 7.309 7.320 7.332 7.341 7.348 7.351 7.355 7.362 7.370 7.376 7.388 7.407 7.434 7.472 7.524 7.585 7.646 7.688 7.734 7.801 7.867
6.805 6.809 6.814 6.819 6.824 6.829 6.834 6.840 6.846 6.853 6.860 6.867 6.875 6.884 6.893 6.902 6.913 6.924 6.934 6.944 6.955 6.965 6.976 6.987 6.998 7.009 7.020 7.031 7.042 7.053 7.064 7.075 7.086 7.096 7.106 7.116 7.126 7.136 7.146 7.156 7.166 7.175 7.184 7.193 7.202 7.211 7.220 7.229 7.238 7.247 7.256 7.266 7.275 7.285 7.296 7.307 7.319 7.330 7.341 7.349 7.356 7.360 7.365 7.374 7.382 7.391 7.406 7.427 7.458 7.500 7.554 7.615 7.677 7.719 7.765 7.833 7.899
6.814 6.819 6.824 6.828 6.833 6.839 6.844 6.850 6.856 6.862 6.869 6.876 6.884 6.893 6.901 6.911 6.921 6.932 6.942 6.952 6.963 6.974 6.985 6.996 7.007 7.018 7.029 7.040 7.051 7.062 7.073 7.084 7.095 7.105 7.116 7.126 7.136 7.146 7.156 7.166 7.176 7.185 7.194 7.203 7.212 7.221 7.230 7.239 7.248 7.257 7.266 7.276 7.285 7.295 7.305 7.316 7.328 7.338 7.349 7.357 7.364 7.370 7.376 7.387 7.398 7.410 7.427 7.452 7.486 7.529 7.583 7.644 7.707 7.749 7.795 7.864 7.930
6.824 6.829 6.833 6.838 6.843 6.848 6.854 6.859 6.865 6.872 6.878 6.886 6.893 6.901 6.910 6.920 6.930 6.940 6.950 6.961 6.971 6.982 6.993 7.004 7.015 7.027 7.038 7.049 7.060 7.071 7.082 7.093 7.104 7.115 7.125 7.136 7.146 7.156 7.166 7.176 7.186 7.195 7.204 7.213 7.222 7.231 7.240 7.249 7.258 7.267 7.276 7.285 7.295 7.304 7.315 7.325 7.336 7.346 7.356 7.365 7.372 7.380 7.389 7.402 7.415 7.430 7.451 7.479 7.513 7.557 7.610 7.672 7.738 7.780 7.826 7.895 7.961
