version1/TsunamiDB/out54030.asc
ncols          264
nrows          230
xllcorner      497853.4375
yllcorner      4229146.0000
cellsize         5.
NODATA_value   -99
[rows 96 to 127 of 230, columns 144 to 215 of 264]
4.360 4.420 4.475 4.528 4.578 4.625 4.670 4.715 4.757 4.798 4.837 4.875 4.912 4.947 4.982 5.016 5.050 5.082 5.114 5.145 5.176 5.206 5.236 5.265 5.293 5.320 5.347 5.373 5.397 5.421 5.445 5.468 5.492 5.515 5.538 5.563 5.588 5.614 5.641 5.670 5.700 5.731 5.762 5.794 5.826 5.858 5.890 5.921 5.951 5.980 6.007 6.033 6.057 6.081 6.103 6.125 6.147 6.170 6.195 6.223 6.256 6.292 6.331 6.374 6.418 6.464 6.509 6.553 6.594 6.634 6.672 6.710
4.388 4.446 4.501 4.552 4.602 4.649 4.694 4.737 4.779 4.820 4.859 4.897 4.934 4.970 5.005 5.039 5.072 5.104 5.136 5.168 5.198 5.229 5.258 5.288 5.316 5.344 5.371 5.397 5.421 5.445 5.468 5.491 5.513 5.535 5.556 5.578 5.600 5.623 5.648 5.674 5.701 5.729 5.759 5.790 5.821 5.853 5.885 5.918 5.950 5.981 6.011 6.039 6.067 6.094 6.119 6.143 6.166 6.190 6.215 6.242 6.273 6.308 6.346 6.388 6.432 6.477 6.523 6.567 6.609 6.649 6.687 6.729
4.416 4.472 4.525 4.576 4.625 4.671 4.716 4.759 4.801 4.842 4.881 4.918 4.955 4.991 5.026 5.060 5.093 5.126 5.158 5.189 5.220 5.251 5.281 5.310 5.339 5.367 5.395 5.421 5.445 5.470 5.493 5.516 5.538 5.558 5.578 5.598 5.618 5.639 5.660 5.683 5.707 5.733 5.760 5.789 5.819 5.851 5.883 5.916 5.949 5.982 6.014 6.045 6.076 6.105 6.133 6.160 6.185 6.210 6.235 6.262 6.292 6.326 6.363 6.404 6.447 6.492 6.538 6.582 6.625 6.666 6.707 6.755
4.443 4.498 4.550 4.600 4.648 4.693 4.738 4.781 4.822 4.862 4.901 4.939 4.976 5.011 5.046 5.080 5.113 5.146 5.178 5.210 5.241 5.271 5.302 5.332 5.361 5.390 5.418 5.445 5.470 5.496 5.520 5.543 5.565 5.585 5.604 5.623 5.641 5.659 5.678 5.698 5.719 5.742 5.767 5.793 5.822 5.852 5.884 5.917 5.951 5.985 6.019 6.051 6.085 6.116 6.147 6.176 6.203 6.230 6.256 6.283 6.313 6.346 6.382 6.422 6.464 6.509 6.554 6.600 6.644 6.688 6.734 6.785
4.469 4.523 4.574 4.624 4.671 4.715 4.759 4.802 4.843 4.882 4.921 4.959 4.995 5.030 5.065 5.099 5.132 5.165 5.197 5.229 5.260 5.291 5.322 5.352 5.382 5.412 5.441 5.468 5.495 5.521 5.546 5.570 5.592 5.613 5.633 5.651 5.668 5.684 5.701 5.718 5.737 5.757 5.779 5.803 5.829 5.858 5.889 5.921 5.955 5.990 6.025 6.059 6.094 6.128 6.161 6.192 6.222 6.250 6.278 6.306 6.336 6.368 6.404 6.443 6.484 6.529 6.575 6.621 6.668 6.716 6.767 6.823
4.496 4.548 4.599 4.647 4.693 4.737 4.780 4.822 4.863 4.902 4.940 4.977 5.014 5.049 5.083 5.117 5.150 5.183 5.215 5.246 5.278 5.309 5.340 5.371 5.402 5.432 5.462 5.490 5.518 5.545 5.572 5.597 5.620 5.642 5.662 5.680 5.697 5.712 5.728 5.743 5.759 5.776 5.795 5.817 5.841 5.868 5.898 5.929 5.963 5.998 6.034 6.069 6.105 6.141 6.176 6.209 6.241 6.271 6.301 6.330 6.360 6.393 6.428 6.466 6.508 6.552 6.599 6.648 6.699 6.752 6.807 6.867
4.522 4.574 4.623 4.671 4.715 4.759 4.802 4.843 4.883 4.922 4.959 4.996 5.032 5.067 5.101 5.134 5.167 5.199 5.231 5.263 5.294 5.326 5.357 5.388 5.419 5.450 5.481 5.510 5.539 5.568 5.596 5.622 5.647 5.670 5.691 5.710 5.727 5.742 5.756 5.770 5.784 5.800 5.816 5.836 5.858 5.883 5.911 5.941 5.974 6.009 6.045 6.081 6.118 6.156 6.192 6.227 6.261 6.293 6.324 6.355 6.386 6.418 6.454 6.493 6.535 6.579 6.628 6.681 6.736 6.792 6.853 6.917
4.549 4.600 4.648 4.695 4.738 4.781 4.823 4.864 4.903 4.941 4.978 5.014 5.050 5.084 5.118 5.151 5.183 5.215 5.247 5.278 5.310 5.341 5.373 5.404 5.436 5.467 5.499 5.529 5.559 5.589 5.618 5.646 5.672 5.696 5.719 5.739 5.756 5.772 5.787 5.800 5.813 5.826 5.841 5.858 5.878 5.901 5.927 5.957 5.989 6.024 6.059 6.095 6.133 6.172 6.210 6.246 6.282 6.316 6.349 6.381 6.413 6.446 6.482 6.522 6.566 6.612 6.664 6.719 6.778 6.840 6.903 6.969
4.576 4.626 4.673 4.719 4.762 4.804 4.845 4.885 4.924 4.961 4.998 5.033 5.068 5.102 5.135 5.167 5.199 5.231 5.262 5.293 5.324 5.355 5.387 5.418 5.450 5.482 5.514 5.545 5.576 5.607 5.638 5.667 5.694 5.720 5.744 5.766 5.785 5.802 5.817 5.830 5.843 5.855 5.869 5.884 5.902 5.923 5.948 5.976 6.007 6.041 6.076 6.112 6.151 6.190 6.229 6.267 6.304 6.340 6.374 6.408 6.441 6.475 6.513 6.555 6.600 6.648 6.703 6.761 6.823 6.888 6.954 7.021
4.604 4.652 4.698 4.743 4.786 4.827 4.867 4.906 4.944 4.981 5.017 5.052 5.086 5.119 5.152 5.184 5.215 5.246 5.277 5.307 5.338 5.369 5.400 5.432 5.463 5.496 5.528 5.560 5.591 5.623 5.655 5.685 5.714 5.742 5.767 5.790 5.811 5.829 5.846 5.860 5.873 5.885 5.898 5.913 5.929 5.949 5.972 5.998 6.028 6.060 6.095 6.131 6.170 6.210 6.250 6.289 6.328 6.365 6.401 6.436 6.470 6.506 6.544 6.589 6.637 6.687 6.744 6.805 6.870 6.939 7.007 7.076
4.631 4.679 4.724 4.768 4.810 4.850 4.890 4.929 4.966 5.002 5.037 5.072 5.105 5.138 5.169 5.201 5.231 5.262 5.292 5.322 5.352 5.382 5.413 5.444 5.476 5.508 5.541 5.573 5.605 5.638 5.670 5.702 5.732 5.761 5.788 5.813 5.835 5.855 5.873 5.888 5.902 5.916 5.929 5.943 5.959 5.977 5.999 6.023 6.052 6.083 6.117 6.152 6.191 6.231 6.272 6.312 6.352 6.391 6.429 6.465 6.501 6.537 6.578 6.626 6.676 6.730 6.789 6.852 6.921 6.992 7.061 7.130
4.660 4.706 4.751 4.794 4.835 4.874 4.914 4.951 4.988 5.024 5.058 5.092 5.125 5.157 5.188 5.218 5.248 5.278 5.307 5.336 5.366 5.395 5.425 5.456 5.487 5.519 5.552 5.584 5.617 5.650 5.683 5.715 5.747 5.777 5.805 5.832 5.856 5.878 5.897 5.915 5.930 5.945 5.959 5.974 5.990 6.008 6.028 6.052 6.079 6.109 6.141 6.176 6.214 6.255 6.296 6.337 6.378 6.418 6.457 6.494 6.531 6.570 6.615 6.666 6.718 6.775 6.837 6.903 6.973 7.044 7.115 7.185
4.689 4.734 4.778 4.820 4.860 4.899 4.938 4.975 5.011 5.046 5.080 5.113 5.145 5.176 5.207 5.237 5.266 5.295 5.323 5.352 5.380 5.409 5.438 5.468 5.499 5.530 5.563 5.595 5.627 5.661 5.694 5.727 5.760 5.791 5.820 5.848 5.874 5.898 5.919 5.939 5.957 5.973 5.989 6.005 6.022 6.040 6.060 6.082 6.108 6.137 6.168 6.202 6.240 6.280 6.321 6.363 6.406 6.447 6.487 6.526 6.565 6.607 6.655 6.707 6.763 6.822 6.886 6.953 7.023 7.095 7.168 7.241
4.718 4.763 4.806 4.847 4.886 4.925 4.962 4.999 5.034 5.069 5.102 5.135 5.166 5.197 5.227 5.256 5.285 5.313 5.341 5.368 5.396 5.423 5.452 5.480 5.510 5.541 5.573 5.604 5.637 5.670 5.704 5.737 5.770 5.802 5.833 5.862 5.890 5.915 5.939 5.961 5.981 6.000 6.018 6.036 6.054 6.072 6.093 6.115 6.140 6.168 6.198 6.231 6.268 6.308 6.349 6.391 6.434 6.477 6.518 6.560 6.602 6.647 6.696 6.750 6.808 6.870 6.935 7.003 7.073 7.146 7.222 7.297
4.748 4.792 4.834 4.875 4.913 4.951 4.988 5.024 5.058 5.092 5.125 5.157 5.188 5.218 5.248 5.277 5.305 5.332 5.359 5.386 5.412 5.439 5.466 5.494 5.523 5.552 5.583 5.614 5.646 5.679 5.712 5.746 5.779 5.812 5.844 5.874 5.903 5.930 5.956 5.981 6.003 6.025 6.046 6.066 6.085 6.105 6.126 6.149 6.173 6.200 6.229 6.261 6.298 6.337 6.378 6.421 6.465 6.509 6.553 6.596 6.641 6.687 6.738 6.794 6.854 6.917 6.984 7.053 7.123 7.198 7.277 7.356
4.778 4.821 4.863 4.903 4.941 4.977 5.014 5.049 5.083 5.116 5.149 5.180 5.211 5.241 5.270 5.298 5.326 5.352 5.379 5.405 5.431 5.456 5.482 5.509 5.536 5.564 5.594 5.624 5.654 5.687 5.720 5.754 5.787 5.820 5.852 5.884 5.914 5.943 5.971 5.998 6.024 6.048 6.071 6.094 6.116 6.138 6.160 6.183 6.208 6.235 6.263 6.294 6.330 6.369 6.410 6.453 6.498 6.543 6.589 6.635 6.682 6.730 6.782 6.838 6.899 6.964 7.033 7.103 7.174 7.250 7.333 7.418
4.808 4.851 4.892 4.931 4.969 5.005 5.041 5.075 5.109 5.141 5.173 5.204 5.234 5.264 5.292 5.320 5.347 5.374 5.400 5.425 5.450 5.475 5.500 5.525 5.551 5.578 5.605 5.634 5.663 5.695 5.728 5.761 5.794 5.827 5.860 5.892 5.924 5.955 5.985 6.014 6.042 6.069 6.096 6.121 6.145 6.169 6.193 6.218 6.243 6.270 6.297 6.328 6.363 6.402 6.443 6.487 6.533 6.580 6.628 6.676 6.724 6.773 6.825 6.882 6.944 7.011 7.082 7.153 7.226 7.305 7.393 7.485
4.838 4.880 4.921 4.960 4.997 5.033 5.068 5.102 5.135 5.167 5.198 5.228 5.258 5.287 5.315 5.343 5.370 5.396 5.422 5.447 5.471 5.495 5.519 5.543 5.567 5.592 5.619 5.645 5.673 5.703 5.735 5.767 5.800 5.833 5.866 5.900 5.932 5.965 5.997 6.028 6.059 6.089 6.118 6.146 6.173 6.200 6.226 6.252 6.278 6.305 6.332 6.364 6.399 6.438 6.479 6.523 6.570 6.619 6.668 6.718 6.767 6.816 6.869 6.927 6.990 7.059 7.131 7.205 7.280 7.364 7.458 7.556
4.867 4.909 4.950 4.989 5.026 5.061 5.096 5.129 5.162 5.193 5.224 5.254 5.283 5.311 5.339 5.366 5.393 5.419 5.445 5.469 5.494 5.517 5.540 5.563 5.586 5.609 5.634 5.658 5.684 5.713 5.743 5.774 5.806 5.839 5.872 5.906 5.940 5.974 6.008 6.042 6.075 6.107 6.139 6.170 6.200 6.229 6.257 6.285 6.313 6.340 6.368 6.400 6.435 6.475 6.517 6.561 6.609 6.659 6.710 6.761 6.811 6.861 6.913 6.971 7.035 7.106 7.181 7.258 7.337 7.425 7.523 7.624
4.896 4.938 4.979 5.018 5.055 5.090 5.124 5.158 5.189 5.220 5.250 5.280 5.308 5.336 5.364 5.391 5.417 5.443 5.468 5.493 5.517 5.540 5.563 5.585 5.607 5.629 5.650 5.672 5.697 5.723 5.751 5.781 5.812 5.845 5.878 5.912 5.947 5.983 6.018 6.054 6.090 6.125 6.159 6.193 6.226 6.257 6.288 6.317 6.347 6.375 6.404 6.437 6.472 6.513 6.556 6.600 6.649 6.700 6.752 6.805 6.856 6.906 6.959 7.017 7.082 7.155 7.233 7.314 7.398 7.490 7.590 7.697
4.923 4.966 5.007 5.047 5.083 5.119 5.153 5.186 5.218 5.248 5.278 5.306 5.334 5.362 5.389 5.415 5.442 5.467 5.493 5.517 5.541 5.564 5.587 5.608 5.629 5.649 5.669 5.690 5.712 5.736 5.762 5.790 5.820 5.851 5.884 5.919 5.954 5.991 6.028 6.066 6.104 6.141 6.178 6.215 6.250 6.284 6.317 6.348 6.379 6.410 6.440 6.473 6.510 6.552 6.595 6.641 6.691 6.743 6.796 6.850 6.902 6.953 7.006 7.065 7.131 7.207 7.288 7.373 7.463 7.559 7.663 7.782
4.950 4.993 5.035 5.074 5.111 5.147 5.182 5.215 5.246 5.276 5.305 5.334 5.361 5.388 5.414 5.441 5.467 5.492 5.517 5.542 5.566 5.589 5.611 5.633 5.653 5.673 5.691 5.709 5.729 5.751 5.774 5.800 5.828 5.859 5.891 5.926 5.962 5.999 6.038 6.077 6.117 6.157 6.196 6.235 6.273 6.309 6.344 6.378 6.411 6.443 6.475 6.509 6.549 6.592 6.637 6.683 6.734 6.787 6.842 6.896 6.949 7.002 7.057 7.116 7.184 7.264 7.350 7.440 7.534 7.637 7.751 7.869
4.975 5.019 5.061 5.101 5.138 5.175 5.210 5.243 5.275 5.305 5.334 5.362 5.389 5.415 5.441 5.467 5.492 5.517 5.542 5.567 5.591 5.615 5.637 5.658 5.678 5.697 5.714 5.731 5.749 5.769 5.790 5.813 5.839 5.868 5.900 5.934 5.970 6.008 6.048 6.088 6.130 6.172 6.214 6.255 6.295 6.334 6.371 6.407 6.442 6.476 6.510 6.547 6.588 6.633 6.679 6.727 6.779 6.832 6.887 6.943 6.998 7.055 7.112 7.173 7.242 7.327 7.418 7.513 7.612 7.722 7.838 7.948
5.000 5.044 5.086 5.126 5.164 5.202 5.237 5.271 5.303 5.333 5.362 5.390 5.417 5.443 5.468 5.493 5.518 5.543 5.568 5.593 5.617 5.640 5.663 5.684 5.704 5.723 5.739 5.755 5.772 5.789 5.808 5.829 5.853 5.880 5.910 5.943 5.979 6.018 6.058 6.100 6.143 6.187 6.230 6.274 6.316 6.358 6.397 6.436 6.473 6.509 6.545 6.584 6.627 6.674 6.721 6.771 6.823 6.878 6.934 6.991 7.051 7.111 7.172 7.234 7.307 7.397 7.492 7.590 7.695 7.806 7.918 8.022
5.023 5.067 5.110 5.150 5.189 5.227 5.263 5.298 5.330 5.361 5.391 5.419 5.445 5.471 5.496 5.521 5.545 5.570 5.594 5.618 5.642 5.666 5.688 5.710 5.730 5.749 5.766 5.781 5.796 5.812 5.829 5.848 5.870 5.895 5.923 5.955 5.990 6.029 6.069 6.112 6.156 6.201 6.247 6.292 6.337 6.381 6.423 6.464 6.504 6.542 6.581 6.622 6.666 6.715 6.764 6.815 6.869 6.925 6.982 7.043 7.107 7.172 7.237 7.302 7.378 7.472 7.571 7.673 7.778 7.885 7.992 8.090
5.045 5.089 5.132 5.173 5.213 5.251 5.288 5.324 5.357 5.389 5.419 5.447 5.474 5.500 5.524 5.549 5.573 5.596 5.620 5.644 5.668 5.691 5.714 5.736 5.756 5.776 5.792 5.807 5.823 5.838 5.853 5.870 5.890 5.912 5.939 5.969 6.004 6.041 6.082 6.125 6.170 6.216 6.264 6.311 6.358 6.404 6.449 6.492 6.535 6.576 6.616 6.659 6.705 6.755 6.807 6.859 6.914 6.973 7.033 7.097 7.166 7.237 7.309 7.375 7.452 7.550 7.653 7.755 7.856 7.958 8.059 8.152
5.066 5.110 5.154 5.195 5.235 5.274 5.312 5.348 5.383 5.415 5.446 5.475 5.502 5.528 5.553 5.577 5.601 5.624 5.647 5.670 5.693 5.716 5.739 5.761 5.782 5.801 5.819 5.834 5.850 5.864 5.879 5.895 5.913 5.933 5.958 5.987 6.019 6.056 6.096 6.139 6.184 6.232 6.280 6.330 6.379 6.427 6.474 6.521 6.566 6.609 6.652 6.695 6.743 6.795 6.848 6.902 6.961 7.023 7.086 7.155 7.230 7.307 7.383 7.450 7.529 7.631 7.734 7.833 7.929 8.025 8.120 8.210
5.086 5.131 5.174 5.215 5.256 5.296 5.334 5.371 5.407 5.440 5.472 5.502 5.530 5.557 5.582 5.606 5.629 5.652 5.674 5.696 5.719 5.741 5.763 5.785 5.806 5.826 5.844 5.860 5.876 5.891 5.906 5.921 5.938 5.958 5.980 6.007 6.038 6.073 6.112 6.154 6.200 6.248 6.297 6.348 6.399 6.450 6.500 6.549 6.597 6.642 6.686 6.731 6.780 6.835 6.890 6.947 7.009 7.074 7.142 7.217 7.297 7.380 7.460 7.527 7.607 7.710 7.810 7.906 7.997 8.087 8.177 8.265
5.106 5.150 5.193 5.235 5.276 5.316 5.355 5.393 5.429 5.464 5.497 5.528 5.557 5.584 5.610 5.634 5.657 5.680 5.701 5.723 5.744 5.766 5.787 5.809 5.830 5.850 5.868 5.885 5.902 5.918 5.934 5.949 5.966 5.984 6.005 6.030 6.059 6.093 6.130 6.172 6.217 6.265 6.315 6.367 6.420 6.473 6.526 6.577 6.627 6.675 6.721 6.767 6.818 6.874 6.933 6.993 7.059 7.128 7.201 7.280 7.365 7.452 7.535 7.603 7.682 7.783 7.881 7.974 8.061 8.146 8.232 8.316
5.124 5.168 5.212 5.254 5.295 5.335 5.375 5.414 5.451 5.486 5.520 5.553 5.583 5.611 5.638 5.663 5.686 5.708 5.729 5.750 5.771 5.791 5.811 5.832 5.852 5.872 5.891 5.909 5.927 5.944 5.961 5.977 5.994 6.012 6.033 6.056 6.083 6.115 6.151 6.191 6.235 6.282 6.333 6.387 6.442 6.496 6.551 6.605 6.657 6.707 6.755 6.803 6.855 6.914 6.976 7.040 7.110 7.183 7.261 7.346 7.434 7.526 7.614 7.680 7.755 7.854 7.951 8.040 8.123 8.204 8.284 8.366
5.142 5.186 5.229 5.271 5.312 5.354 5.394 5.433 5.471 5.508 5.543 5.576 5.608 5.637 5.665 5.691 5.714 5.737 5.758 5.778 5.797 5.816 5.835 5.855 5.874 5.894 5.912 5.931 5.950 5.968 5.987 6.005 6.023 6.041 6.062 6.084 6.110 6.140 6.174 6.212 6.255 6.301 6.352 6.407 6.463 6.520 6.577 6.632 6.687 6.739 6.788 6.838 6.892 6.955 7.020 7.089 7.163 7.241 7.325 7.413 7.505 7.604 7.693 7.753 7.824 7.922 8.016 8.103 8.184 8.260 8.336 8.422
5.158 5.203 5.246 5.288 5.329 5.371 5.411 5.451 5.490 5.527 5.564 5.598 5.631 5.662 5.691 5.718 5.742 5.765 5.786 5.806 5.824 5.842 5.860 5.878 5.896 5.915 5.933 5.951 5.971 5.991 6.011 6.031 6.050 6.070 6.091 6.113 6.138 6.166 6.199 6.235 6.276 6.322 6.373 6.428 6.485 6.543 6.602 6.660 6.716 6.769 6.821 6.874 6.933 6.999 7.068 7.141 7.220 7.303 7.391 7.484 7.583 7.683 7.767 7.823 7.891 7.986 8.078 8.163 8.242 8.318 8.397 8.480
