version1/TsunamiDB/out54096.asc
ncols          264
nrows          230
xllcorner      497853.4375
yllcorner      4229146.0000
cellsize         5.
NODATA_value   -99
[rows 0 to 33 of 230, columns 154 to 230 of 264]
5.961 5.969 5.977 5.986 5.995 6.004 6.013 6.021 6.030 6.039 6.048 6.056 6.064 6.073 6.081 6.089 6.097 6.105 6.113 6.121 6.129 6.137 6.145 6.152 6.159 6.166 6.173 6.181 6.188 6.196 6.204 6.212 6.220 6.228 6.236 6.244 6.252 6.260 6.269 6.277 6.286 6.295 6.304 6.313 6.322 6.332 6.341 6.349 6.357 6.366 6.375 6.384 6.393 6.401 6.410 6.419 6.427 6.436 6.445 6.453 6.462 6.471 6.481 6.491 6.502 6.513 6.526 6.539 6.553 6.567 6.581 6.595 6.611 6.627 6.643 6.660 6.677
5.970 5.978 5.986 5.994 6.003 6.011 6.020 6.029 6.038 6.047 6.055 6.064 6.072 6.080 6.089 6.097 6.105 6.113 6.120 6.128 6.136 6.144 6.152 6.159 6.166 6.173 6.180 6.187 6.194 6.202 6.209 6.217 6.225 6.232 6.240 6.248 6.256 6.264 6.272 6.280 6.288 6.297 6.306 6.315 6.324 6.333 6.342 6.350 6.359 6.367 6.376 6.385 6.394 6.402 6.411 6.420 6.428 6.437 6.446 6.454 6.463 6.472 6.481 6.491 6.502 6.513 6.525 6.538 6.552 6.565 6.579 6.593 6.609 6.625 6.641 6.658 6.675
5.979 5.986 5.994 6.002 6.011 6.019 6.028 6.037 6.045 6.054 6.063 6.071 6.080 6.088 6.096 6.104 6.112 6.120 6.128 6.136 6.144 6.151 6.159 6.166 6.173 6.179 6.186 6.193 6.200 6.208 6.215 6.222 6.230 6.237 6.244 6.252 6.259 6.267 6.275 6.283 6.291 6.299 6.308 6.317 6.326 6.335 6.344 6.352 6.360 6.368 6.377 6.386 6.395 6.404 6.412 6.421 6.430 6.438 6.447 6.455 6.464 6.473 6.482 6.492 6.502 6.513 6.525 6.537 6.551 6.564 6.577 6.592 6.607 6.623 6.639 6.656 6.673
5.987 5.995 6.002 6.010 6.019 6.027 6.036 6.044 6.053 6.061 6.070 6.079 6.087 6.095 6.104 6.112 6.120 6.128 6.136 6.143 6.151 6.159 6.167 6.174 6.180 6.186 6.193 6.200 6.207 6.214 6.221 6.228 6.235 6.242 6.249 6.257 6.264 6.271 6.279 6.286 6.294 6.302 6.311 6.319 6.328 6.337 6.345 6.353 6.361 6.370 6.378 6.387 6.396 6.405 6.414 6.422 6.431 6.439 6.448 6.456 6.465 6.474 6.483 6.492 6.502 6.513 6.525 6.537 6.550 6.563 6.576 6.590 6.605 6.621 6.637 6.654 6.671
5.996 6.003 6.011 6.019 6.027 6.035 6.043 6.052 6.060 6.069 6.077 6.086 6.094 6.103 6.111 6.119 6.127 6.135 6.143 6.151 6.159 6.166 6.174 6.181 6.187 6.193 6.200 6.207 6.214 6.220 6.227 6.234 6.241 6.248 6.255 6.262 6.268 6.276 6.283 6.290 6.298 6.306 6.314 6.322 6.330 6.339 6.347 6.355 6.363 6.371 6.380 6.389 6.397 6.406 6.415 6.423 6.432 6.441 6.449 6.458 6.466 6.475 6.484 6.493 6.503 6.513 6.525 6.537 6.549 6.562 6.575 6.589 6.604 6.620 6.636 6.653 6.670
6.005 6.012 6.019 6.027 6.035 6.043 6.051 6.060 6.068 6.076 6.085 6.093 6.101 6.110 6.118 6.126 6.134 6.142 6.150 6.158 6.166 6.174 6.181 6.188 6.194 6.201 6.207 6.214 6.220 6.227 6.234 6.240 6.247 6.254 6.260 6.267 6.274 6.280 6.287 6.294 6.302 6.309 6.317 6.325 6.333 6.342 6.350 6.357 6.365 6.373 6.381 6.390 6.399 6.407 6.416 6.425 6.433 6.442 6.450 6.459 6.467 6.476 6.485 6.494 6.503 6.514 6.525 6.537 6.549 6.561 6.574 6.588 6.603 6.618 6.635 6.651 6.669
6.014 6.021 6.028 6.036 6.043 6.051 6.059 6.067 6.076 6.084 6.092 6.100 6.109 6.117 6.125 6.133 6.141 6.149 6.157 6.165 6.173 6.181 6.188 6.195 6.201 6.208 6.214 6.221 6.227 6.234 6.240 6.247 6.253 6.260 6.266 6.273 6.279 6.286 6.292 6.299 6.306 6.313 6.320 6.328 6.336 6.345 6.352 6.359 6.367 6.375 6.383 6.392 6.400 6.409 6.418 6.426 6.435 6.443 6.452 6.460 6.469 6.477 6.486 6.495 6.504 6.514 6.525 6.537 6.549 6.561 6.573 6.587 6.602 6.617 6.633 6.650 6.667
6.023 6.030 6.037 6.044 6.052 6.060 6.067 6.075 6.083 6.091 6.100 6.108 6.116 6.124 6.132 6.140 6.148 6.156 6.164 6.172 6.180 6.188 6.195 6.202 6.208 6.215 6.221 6.228 6.234 6.241 6.247 6.254 6.260 6.266 6.272 6.279 6.285 6.291 6.297 6.304 6.310 6.317 6.324 6.332 6.340 6.348 6.355 6.362 6.369 6.377 6.385 6.394 6.402 6.411 6.419 6.428 6.436 6.445 6.453 6.462 6.470 6.478 6.487 6.496 6.505 6.515 6.526 6.537 6.548 6.560 6.573 6.586 6.601 6.616 6.632 6.649 6.666
6.031 6.038 6.045 6.053 6.060 6.068 6.076 6.083 6.091 6.099 6.107 6.115 6.123 6.131 6.139 6.147 6.155 6.163 6.171 6.179 6.187 6.195 6.202 6.209 6.215 6.222 6.228 6.235 6.241 6.248 6.254 6.260 6.267 6.273 6.279 6.285 6.291 6.297 6.303 6.309 6.315 6.322 6.329 6.336 6.344 6.351 6.357 6.364 6.372 6.379 6.387 6.396 6.404 6.413 6.421 6.430 6.438 6.447 6.455 6.463 6.472 6.480 6.488 6.497 6.506 6.516 6.526 6.537 6.548 6.560 6.572 6.586 6.600 6.615 6.631 6.648 6.665
6.040 6.047 6.054 6.061 6.069 6.076 6.084 6.092 6.099 6.107 6.115 6.123 6.130 6.138 6.146 6.154 6.162 6.170 6.178 6.186 6.194 6.201 6.209 6.216 6.222 6.228 6.235 6.241 6.248 6.254 6.261 6.267 6.273 6.279 6.285 6.291 6.297 6.303 6.309 6.315 6.321 6.327 6.333 6.340 6.348 6.354 6.361 6.367 6.374 6.382 6.390 6.398 6.406 6.415 6.423 6.431 6.440 6.448 6.457 6.465 6.473 6.481 6.490 6.498 6.507 6.516 6.527 6.537 6.549 6.560 6.572 6.585 6.599 6.614 6.630 6.647 6.664
6.048 6.055 6.062 6.070 6.077 6.085 6.092 6.100 6.107 6.115 6.123 6.130 6.138 6.146 6.153 6.161 6.169 6.177 6.185 6.192 6.200 6.208 6.216 6.222 6.228 6.235 6.241 6.248 6.255 6.261 6.268 6.274 6.280 6.286 6.292 6.298 6.303 6.309 6.315 6.320 6.326 6.332 6.338 6.345 6.352 6.358 6.364 6.371 6.377 6.385 6.392 6.400 6.408 6.417 6.425 6.433 6.442 6.450 6.458 6.467 6.475 6.483 6.491 6.499 6.508 6.517 6.527 6.538 6.549 6.560 6.572 6.585 6.599 6.614 6.629 6.646 6.663
6.056 6.063 6.070 6.078 6.085 6.093 6.100 6.108 6.115 6.123 6.130 6.138 6.145 6.153 6.161 6.168 6.176 6.184 6.191 6.199 6.207 6.215 6.222 6.229 6.235 6.241 6.248 6.254 6.261 6.268 6.274 6.280 6.287 6.293 6.298 6.304 6.310 6.315 6.321 6.326 6.332 6.338 6.344 6.350 6.356 6.362 6.368 6.374 6.381 6.388 6.395 6.403 6.411 6.419 6.427 6.436 6.444 6.452 6.460 6.468 6.476 6.484 6.493 6.501 6.509 6.518 6.528 6.538 6.549 6.560 6.571 6.584 6.598 6.613 6.628 6.645 6.662
6.063 6.071 6.078 6.086 6.094 6.101 6.109 6.116 6.124 6.131 6.138 6.146 6.153 6.161 6.168 6.176 6.183 6.191 6.198 6.206 6.214 6.222 6.229 6.235 6.241 6.247 6.254 6.261 6.267 6.274 6.280 6.287 6.293 6.299 6.305 6.311 6.316 6.322 6.327 6.332 6.338 6.343 6.349 6.355 6.361 6.367 6.372 6.378 6.384 6.391 6.398 6.406 6.414 6.422 6.430 6.438 6.446 6.454 6.462 6.470 6.478 6.486 6.494 6.502 6.511 6.519 6.529 6.539 6.549 6.560 6.571 6.584 6.597 6.612 6.628 6.644 6.661
6.071 6.078 6.086 6.094 6.102 6.109 6.117 6.124 6.132 6.139 6.146 6.154 6.161 6.168 6.176 6.183 6.190 6.198 6.205 6.213 6.220 6.228 6.235 6.241 6.247 6.254 6.260 6.267 6.274 6.280 6.287 6.293 6.299 6.305 6.311 6.317 6.323 6.328 6.333 6.339 6.344 6.349 6.355 6.360 6.366 6.372 6.377 6.382 6.388 6.395 6.402 6.409 6.416 6.424 6.432 6.440 6.448 6.456 6.464 6.472 6.480 6.488 6.496 6.504 6.512 6.521 6.530 6.540 6.550 6.560 6.571 6.583 6.597 6.611 6.627 6.643 6.660
6.078 6.086 6.094 6.102 6.109 6.117 6.125 6.132 6.140 6.147 6.154 6.162 6.169 6.176 6.183 6.190 6.198 6.205 6.212 6.220 6.227 6.235 6.242 6.247 6.254 6.260 6.267 6.273 6.280 6.286 6.293 6.299 6.305 6.312 6.317 6.323 6.329 6.334 6.340 6.345 6.350 6.355 6.360 6.366 6.372 6.377 6.382 6.387 6.393 6.399 6.405 6.412 6.420 6.427 6.435 6.443 6.451 6.459 6.467 6.474 6.482 6.490 6.498 6.506 6.514 6.522 6.531 6.540 6.550 6.560 6.571 6.583 6.596 6.611 6.626 6.642 6.659
6.085 6.093 6.101 6.109 6.117 6.125 6.133 6.140 6.148 6.155 6.163 6.170 6.177 6.184 6.191 6.198 6.205 6.212 6.220 6.227 6.234 6.242 6.248 6.254 6.260 6.266 6.273 6.279 6.286 6.292 6.299 6.305 6.311 6.318 6.324 6.329 6.335 6.341 6.346 6.351 6.356 6.361 6.366 6.372 6.377 6.382 6.387 6.392 6.397 6.403 6.409 6.416 6.423 6.431 6.438 6.446 6.454 6.461 6.469 6.477 6.484 6.492 6.500 6.507 6.515 6.523 6.532 6.541 6.551 6.560 6.571 6.583 6.596 6.610 6.626 6.642 6.659
6.091 6.100 6.108 6.116 6.125 6.133 6.141 6.148 6.156 6.163 6.171 6.178 6.185 6.192 6.199 6.206 6.213 6.220 6.227 6.234 6.241 6.248 6.255 6.261 6.267 6.273 6.279 6.285 6.292 6.298 6.305 6.311 6.317 6.324 6.330 6.335 6.341 6.347 6.352 6.357 6.362 6.367 6.372 6.378 6.383 6.388 6.392 6.397 6.402 6.408 6.414 6.420 6.427 6.434 6.441 6.449 6.457 6.464 6.472 6.479 6.487 6.494 6.502 6.509 6.517 6.525 6.534 6.543 6.552 6.561 6.571 6.583 6.596 6.610 6.625 6.641 6.658
6.098 6.106 6.115 6.123 6.132 6.140 6.148 6.156 6.164 6.171 6.179 6.186 6.193 6.200 6.207 6.214 6.221 6.228 6.235 6.241 6.248 6.256 6.262 6.267 6.273 6.279 6.285 6.292 6.298 6.305 6.311 6.317 6.323 6.330 6.336 6.341 6.347 6.353 6.358 6.363 6.368 6.374 6.379 6.384 6.389 6.394 6.398 6.402 6.407 6.412 6.418 6.424 6.431 6.438 6.445 6.452 6.460 6.467 6.475 6.482 6.490 6.497 6.504 6.512 6.519 6.527 6.535 6.544 6.553 6.561 6.571 6.583 6.596 6.610 6.625 6.641 6.658
6.104 6.113 6.122 6.130 6.139 6.147 6.156 6.164 6.171 6.179 6.186 6.194 6.201 6.208 6.215 6.222 6.229 6.235 6.242 6.249 6.256 6.263 6.269 6.274 6.280 6.286 6.292 6.298 6.304 6.311 6.317 6.323 6.329 6.335 6.341 6.347 6.353 6.359 6.364 6.369 6.375 6.380 6.385 6.390 6.395 6.400 6.403 6.408 6.412 6.418 6.423 6.429 6.435 6.442 6.449 6.456 6.463 6.471 6.478 6.485 6.493 6.500 6.507 6.514 6.522 6.529 6.537 6.546 6.554 6.562 6.572 6.583 6.596 6.609 6.624 6.640 6.657
6.111 6.119 6.128 6.137 6.146 6.154 6.163 6.171 6.179 6.187 6.194 6.201 6.209 6.216 6.223 6.230 6.236 6.243 6.250 6.257 6.263 6.270 6.276 6.282 6.287 6.293 6.299 6.305 6.311 6.317 6.323 6.329 6.335 6.341 6.347 6.353 6.359 6.365 6.370 6.376 6.381 6.386 6.391 6.396 6.401 6.406 6.409 6.414 6.418 6.423 6.428 6.434 6.440 6.447 6.453 6.460 6.467 6.475 6.482 6.489 6.496 6.503 6.510 6.517 6.524 6.532 6.540 6.548 6.555 6.563 6.573 6.584 6.596 6.609 6.624 6.640 6.657
6.117 6.126 6.135 6.144 6.152 6.161 6.170 6.178 6.186 6.194 6.202 6.209 6.216 6.224 6.231 6.237 6.244 6.251 6.258 6.264 6.271 6.278 6.284 6.289 6.294 6.300 6.306 6.312 6.318 6.324 6.330 6.336 6.342 6.348 6.353 6.359 6.365 6.371 6.376 6.382 6.387 6.392 6.397 6.402 6.408 6.412 6.416 6.420 6.424 6.429 6.434 6.439 6.445 6.452 6.458 6.465 6.472 6.479 6.486 6.493 6.500 6.507 6.514 6.521 6.528 6.535 6.542 6.550 6.557 6.565 6.574 6.584 6.596 6.610 6.624 6.640 6.657
6.123 6.132 6.141 6.150 6.159 6.168 6.176 6.185 6.193 6.201 6.209 6.217 6.224 6.231 6.238 6.245 6.252 6.259 6.266 6.272 6.279 6.286 6.292 6.297 6.302 6.307 6.313 6.319 6.325 6.330 6.336 6.342 6.348 6.354 6.360 6.365 6.371 6.377 6.382 6.388 6.393 6.398 6.404 6.409 6.414 6.418 6.422 6.426 6.430 6.435 6.440 6.445 6.451 6.457 6.463 6.470 6.476 6.483 6.490 6.497 6.504 6.511 6.518 6.524 6.531 6.538 6.545 6.552 6.559 6.566 6.575 6.585 6.597 6.610 6.625 6.640 6.657
6.129 6.138 6.147 6.156 6.165 6.174 6.183 6.192 6.200 6.208 6.216 6.224 6.231 6.239 6.246 6.253 6.260 6.267 6.273 6.280 6.287 6.293 6.299 6.304 6.309 6.315 6.320 6.326 6.332 6.337 6.343 6.349 6.354 6.360 6.366 6.372 6.377 6.383 6.388 6.394 6.399 6.405 6.410 6.415 6.421 6.425 6.428 6.432 6.437 6.441 6.446 6.451 6.457 6.462 6.469 6.475 6.481 6.488 6.495 6.502 6.508 6.515 6.522 6.528 6.535 6.541 6.549 6.555 6.561 6.568 6.577 6.586 6.598 6.611 6.625 6.641 6.657
6.135 6.144 6.153 6.162 6.171 6.180 6.189 6.198 6.207 6.215 6.223 6.231 6.238 6.246 6.253 6.260 6.267 6.274 6.281 6.288 6.295 6.301 6.307 6.312 6.317 6.322 6.328 6.333 6.339 6.345 6.350 6.356 6.361 6.367 6.372 6.378 6.384 6.389 6.395 6.400 6.406 6.411 6.417 6.422 6.427 6.431 6.435 6.439 6.443 6.448 6.452 6.458 6.463 6.468 6.474 6.480 6.487 6.493 6.500 6.507 6.513 6.520 6.526 6.533 6.539 6.545 6.552 6.558 6.564 6.571 6.579 6.588 6.599 6.611 6.625 6.641 6.658
6.141 6.150 6.159 6.168 6.177 6.187 6.196 6.204 6.213 6.221 6.230 6.238 6.245 6.253 6.260 6.268 6.275 6.282 6.289 6.296 6.302 6.309 6.315 6.320 6.325 6.330 6.336 6.341 6.346 6.352 6.357 6.363 6.368 6.374 6.379 6.385 6.390 6.396 6.401 6.407 6.412 6.418 6.423 6.429 6.434 6.438 6.442 6.446 6.450 6.454 6.459 6.464 6.469 6.475 6.481 6.486 6.493 6.499 6.505 6.512 6.518 6.525 6.531 6.537 6.544 6.550 6.556 6.562 6.567 6.573 6.581 6.590 6.600 6.612 6.626 6.642 6.658
6.147 6.156 6.165 6.174 6.183 6.193 6.202 6.211 6.219 6.228 6.236 6.244 6.252 6.260 6.267 6.275 6.282 6.289 6.296 6.303 6.310 6.317 6.322 6.327 6.333 6.338 6.343 6.349 6.354 6.359 6.365 6.370 6.375 6.381 6.386 6.391 6.397 6.402 6.408 6.413 6.419 6.424 6.430 6.436 6.441 6.445 6.449 6.453 6.457 6.461 6.466 6.471 6.476 6.481 6.487 6.493 6.499 6.505 6.511 6.518 6.524 6.530 6.537 6.543 6.548 6.554 6.560 6.566 6.571 6.576 6.583 6.591 6.601 6.613 6.627 6.642 6.658
6.153 6.162 6.171 6.180 6.189 6.199 6.208 6.217 6.225 6.234 6.242 6.251 6.259 6.267 6.274 6.282 6.289 6.296 6.304 6.311 6.317 6.324 6.330 6.335 6.340 6.346 6.351 6.356 6.362 6.367 6.372 6.378 6.383 6.388 6.393 6.399 6.404 6.409 6.415 6.420 6.426 6.431 6.437 6.443 6.448 6.452 6.456 6.460 6.464 6.469 6.473 6.478 6.483 6.488 6.494 6.499 6.505 6.511 6.518 6.524 6.530 6.536 6.542 6.548 6.554 6.559 6.565 6.570 6.574 6.580 6.586 6.594 6.603 6.614 6.627 6.642 6.658
6.160 6.169 6.177 6.187 6.196 6.205 6.214 6.223 6.232 6.240 6.249 6.257 6.265 6.273 6.281 6.289 6.296 6.303 6.311 6.318 6.325 6.332 6.337 6.343 6.348 6.353 6.359 6.364 6.369 6.375 6.380 6.385 6.390 6.395 6.401 6.406 6.411 6.416 6.422 6.427 6.433 6.438 6.444 6.450 6.455 6.459 6.463 6.467 6.471 6.476 6.481 6.485 6.490 6.495 6.501 6.506 6.512 6.518 6.524 6.530 6.536 6.542 6.548 6.554 6.559 6.565 6.570 6.575 6.579 6.583 6.589 6.596 6.604 6.615 6.628 6.642 6.657
6.167 6.175 6.184 6.193 6.202 6.211 6.220 6.229 6.238 6.246 6.255 6.263 6.272 6.280 6.287 6.295 6.303 6.310 6.318 6.325 6.332 6.339 6.345 6.350 6.355 6.361 6.366 6.372 6.377 6.382 6.388 6.393 6.398 6.403 6.408 6.413 6.418 6.424 6.429 6.434 6.440 6.445 6.451 6.457 6.462 6.466 6.470 6.474 6.479 6.483 6.488 6.493 6.498 6.503 6.508 6.514 6.519 6.525 6.531 6.537 6.543 6.549 6.554 6.560 6.565 6.570 6.575 6.579 6.583 6.587 6.592 6.598 6.606 6.616 6.628 6.641 6.656
6.175 6.183 6.191 6.200 6.209 6.217 6.226 6.235 6.244 6.253 6.261 6.270 6.278 6.286 6.294 6.302 6.309 6.317 6.324 6.332 6.339 6.346 6.352 6.357 6.362 6.368 6.374 6.379 6.385 6.390 6.395 6.400 6.406 6.411 6.416 6.421 6.426 6.431 6.436 6.442 6.447 6.452 6.458 6.464 6.469 6.473 6.477 6.482 6.486 6.491 6.496 6.500 6.505 6.510 6.516 6.521 6.526 6.532 6.538 6.544 6.549 6.555 6.561 6.566 6.571 6.576 6.581 6.584 6.587 6.591 6.595 6.600 6.607 6.616 6.627 6.640 6.654
6.183 6.191 6.199 6.207 6.215 6.224 6.233 6.242 6.250 6.259 6.267 6.276 6.284 6.292 6.300 6.308 6.316 6.324 6.331 6.339 6.346 6.353 6.358 6.364 6.370 6.375 6.381 6.387 6.392 6.398 6.403 6.408 6.413 6.418 6.423 6.428 6.433 6.438 6.444 6.449 6.454 6.460 6.465 6.471 6.476 6.480 6.485 6.489 6.494 6.498 6.503 6.508 6.513 6.518 6.523 6.528 6.534 6.539 6.545 6.551 6.556 6.562 6.567 6.573 6.578 6.582 6.586 6.590 6.592 6.595 6.598 6.602 6.608 6.616 6.626 6.638 6.652
6.192 6.199 6.207 6.215 6.223 6.231 6.240 6.248 6.257 6.265 6.274 6.282 6.290 6.299 6.307 6.315 6.322 6.330 6.338 6.345 6.353 6.359 6.365 6.371 6.377 6.382 6.388 6.394 6.400 6.405 6.410 6.416 6.421 6.426 6.431 6.436 6.441 6.446 6.451 6.456 6.462 6.467 6.473 6.478 6.483 6.488 6.492 6.497 6.501 6.506 6.511 6.516 6.521 6.526 6.531 6.536 6.541 6.547 6.552 6.558 6.564 6.569 6.574 6.579 6.584 6.588 6.592 6.595 6.597 6.599 6.601 6.604 6.609 6.616 6.625 6.636 6.649
6.202 6.209 6.216 6.223 6.231 6.239 6.247 6.255 6.264 6.272 6.280 6.289 6.297 6.305 6.313 6.321 6.329 6.337 6.344 6.352 6.359 6.366 6.372 6.378 6.383 6.389 6.395 6.401 6.407 6.412 6.418 6.423 6.428 6.433 6.439 6.444 6.449 6.454 6.459 6.464 6.469 6.474 6.480 6.486 6.491 6.495 6.500 6.504 6.509 6.514 6.519 6.524 6.529 6.534 6.539 6.544 6.549 6.554 6.560 6.565 6.571 6.576 6.581 6.586 6.591 6.595 6.598 6.600 6.602 6.602 6.604 6.606 6.609 6.615 6.623 6.633 6.646
6.213 6.219 6.226 6.232 6.240 6.247 6.255 6.263 6.271 6.279 6.288 6.296 6.304 6.312 6.320 6.328 6.335 6.343 6.351 6.358 6.366 6.373 6.378 6.384 6.390 6.396 6.402 6.408 6.414 6.419 6.425 6.430 6.436 6.441 6.446 6.451 6.456 6.461 6.466 6.471 6.477 6.482 6.487 6.493 6.498 6.503 6.507 6.512 6.517 6.521 6.526 6.531 6.536 6.541 6.546 6.551 6.557 6.562 6.567 6.573 6.578 6.583 6.588 6.593 6.597 6.601 6.604 6.606 6.606 6.606 6.606 6.607 6.609 6.613 6.621 6.630 6.643
