version1/TsunamiDB/out54160.asc
ncols          264
nrows          230
xllcorner      497853.4375
yllcorner      4229146.0000
cellsize         5.
NODATA_value   -99
[rows 136 to 169 of 230, columns 0 to 76 of 264]
6.326 6.336 6.344 6.353 6.361 6.369 6.376 6.383 6.390 6.395 6.399 6.403 6.407 6.410 6.413 6.416 6.419 6.422 6.425 6.428 6.432 6.435 6.440 6.444 6.450 6.455 6.461 6.468 6.474 6.482 6.490 6.498 6.505 6.512 6.519 6.526 6.533 6.540 6.547 6.554 6.562 6.569 6.576 6.583 6.590 6.597 6.604 6.611 6.617 6.624 6.630 6.636 6.643 6.649 6.655 6.660 6.665 6.669 6.673 6.677 6.680 6.684 6.687 6.690 6.692 6.695 6.697 6.700 6.702 6.704 6.706 6.708 6.710 6.712 6.714 6.716 6.718
6.334 6.344 6.353 6.362 6.370 6.378 6.386 6.394 6.401 6.406 6.411 6.416 6.420 6.423 6.427 6.430 6.433 6.436 6.438 6.441 6.444 6.448 6.452 6.456 6.460 6.465 6.471 6.477 6.483 6.490 6.498 6.505 6.512 6.519 6.526 6.533 6.540 6.547 6.554 6.561 6.568 6.576 6.583 6.590 6.597 6.604 6.611 6.617 6.624 6.631 6.637 6.643 6.650 6.656 6.662 6.668 6.672 6.677 6.681 6.685 6.689 6.692 6.695 6.698 6.701 6.704 6.706 6.708 6.711 6.713 6.715 6.717 6.719 6.721 6.723 6.725 6.727
6.342 6.352 6.361 6.370 6.379 6.388 6.396 6.404 6.411 6.417 6.423 6.428 6.432 6.436 6.440 6.443 6.447 6.449 6.452 6.455 6.458 6.461 6.464 6.468 6.472 6.476 6.481 6.486 6.492 6.499 6.506 6.513 6.520 6.526 6.533 6.540 6.547 6.554 6.561 6.568 6.575 6.582 6.589 6.596 6.604 6.610 6.617 6.624 6.631 6.638 6.644 6.650 6.657 6.664 6.670 6.675 6.680 6.685 6.689 6.693 6.697 6.700 6.704 6.707 6.710 6.712 6.715 6.717 6.720 6.722 6.724 6.726 6.728 6.730 6.732 6.734 6.737
6.349 6.359 6.369 6.378 6.387 6.396 6.405 6.414 6.421 6.428 6.434 6.439 6.444 6.449 6.453 6.457 6.460 6.463 6.466 6.469 6.472 6.474 6.477 6.480 6.484 6.488 6.492 6.497 6.502 6.508 6.515 6.521 6.528 6.534 6.541 6.547 6.554 6.561 6.568 6.575 6.582 6.589 6.596 6.603 6.610 6.617 6.624 6.631 6.638 6.645 6.651 6.658 6.664 6.671 6.677 6.682 6.688 6.692 6.697 6.701 6.705 6.709 6.712 6.715 6.718 6.721 6.724 6.727 6.729 6.731 6.733 6.735 6.737 6.739 6.741 6.744 6.746
6.356 6.366 6.376 6.386 6.395 6.405 6.414 6.423 6.431 6.438 6.444 6.450 6.456 6.461 6.465 6.469 6.473 6.477 6.480 6.483 6.485 6.488 6.491 6.493 6.496 6.500 6.504 6.508 6.513 6.518 6.524 6.530 6.536 6.542 6.548 6.555 6.561 6.568 6.575 6.582 6.589 6.596 6.603 6.610 6.617 6.624 6.631 6.638 6.645 6.652 6.658 6.665 6.671 6.678 6.685 6.690 6.695 6.700 6.705 6.709 6.713 6.717 6.720 6.724 6.727 6.730 6.733 6.736 6.738 6.741 6.743 6.745 6.747 6.749 6.751 6.753 6.756
6.363 6.373 6.383 6.393 6.403 6.412 6.422 6.431 6.439 6.447 6.454 6.460 6.466 6.472 6.477 6.482 6.486 6.490 6.493 6.496 6.499 6.502 6.504 6.507 6.509 6.512 6.516 6.519 6.524 6.528 6.534 6.539 6.545 6.550 6.556 6.562 6.569 6.575 6.582 6.589 6.596 6.603 6.610 6.617 6.624 6.631 6.638 6.645 6.652 6.659 6.665 6.672 6.679 6.686 6.692 6.697 6.703 6.708 6.712 6.717 6.721 6.725 6.729 6.732 6.736 6.739 6.742 6.745 6.747 6.750 6.752 6.754 6.757 6.759 6.761 6.763 6.765
6.369 6.379 6.390 6.400 6.410 6.420 6.429 6.439 6.448 6.455 6.463 6.470 6.476 6.482 6.488 6.493 6.498 6.502 6.506 6.509 6.512 6.515 6.518 6.520 6.523 6.525 6.528 6.531 6.535 6.539 6.544 6.549 6.554 6.559 6.565 6.570 6.576 6.583 6.589 6.596 6.603 6.610 6.617 6.624 6.631 6.638 6.645 6.652 6.659 6.666 6.672 6.679 6.686 6.693 6.699 6.705 6.710 6.715 6.720 6.725 6.729 6.733 6.737 6.741 6.745 6.748 6.751 6.754 6.757 6.759 6.762 6.764 6.766 6.768 6.771 6.773 6.775
6.375 6.385 6.396 6.406 6.416 6.426 6.436 6.446 6.455 6.464 6.471 6.479 6.486 6.492 6.498 6.504 6.509 6.514 6.518 6.522 6.525 6.529 6.531 6.534 6.536 6.539 6.541 6.544 6.547 6.551 6.555 6.560 6.564 6.568 6.573 6.579 6.584 6.590 6.597 6.603 6.610 6.617 6.624 6.631 6.638 6.645 6.652 6.659 6.666 6.673 6.680 6.686 6.693 6.700 6.707 6.712 6.718 6.723 6.728 6.733 6.737 6.742 6.746 6.750 6.753 6.757 6.760 6.763 6.766 6.769 6.771 6.774 6.776 6.778 6.780 6.783 6.785
6.380 6.391 6.402 6.412 6.423 6.433 6.443 6.453 6.463 6.471 6.479 6.487 6.494 6.501 6.508 6.514 6.520 6.525 6.530 6.534 6.538 6.542 6.545 6.547 6.550 6.552 6.555 6.557 6.560 6.563 6.567 6.571 6.574 6.578 6.583 6.588 6.593 6.598 6.604 6.611 6.617 6.624 6.631 6.638 6.645 6.652 6.659 6.666 6.673 6.680 6.687 6.694 6.700 6.708 6.714 6.720 6.726 6.731 6.736 6.741 6.746 6.750 6.754 6.758 6.762 6.766 6.769 6.772 6.775 6.778 6.781 6.783 6.786 6.788 6.790 6.793 6.795
6.386 6.397 6.407 6.418 6.429 6.439 6.450 6.460 6.470 6.478 6.487 6.495 6.502 6.510 6.517 6.523 6.530 6.535 6.541 6.546 6.550 6.554 6.557 6.560 6.563 6.566 6.568 6.570 6.573 6.576 6.579 6.582 6.585 6.589 6.593 6.597 6.602 6.607 6.612 6.618 6.625 6.631 6.638 6.645 6.652 6.659 6.666 6.673 6.680 6.687 6.694 6.701 6.708 6.715 6.721 6.727 6.733 6.739 6.744 6.749 6.754 6.758 6.762 6.767 6.771 6.774 6.778 6.781 6.784 6.787 6.790 6.793 6.795 6.798 6.800 6.803 6.805
6.391 6.402 6.413 6.424 6.434 6.445 6.456 6.466 6.476 6.485 6.494 6.502 6.510 6.518 6.525 6.532 6.539 6.545 6.551 6.556 6.561 6.566 6.570 6.573 6.576 6.579 6.581 6.584 6.586 6.588 6.591 6.594 6.597 6.600 6.603 6.607 6.611 6.615 6.621 6.626 6.632 6.638 6.645 6.652 6.658 6.665 6.673 6.680 6.687 6.694 6.701 6.708 6.715 6.722 6.729 6.735 6.741 6.746 6.752 6.757 6.762 6.766 6.771 6.775 6.779 6.783 6.787 6.790 6.794 6.797 6.800 6.802 6.805 6.808 6.810 6.813 6.815
6.395 6.407 6.418 6.429 6.440 6.451 6.461 6.472 6.482 6.491 6.500 6.509 6.517 6.525 6.533 6.540 6.548 6.554 6.561 6.567 6.572 6.577 6.581 6.585 6.589 6.592 6.594 6.597 6.599 6.602 6.604 6.607 6.609 6.611 6.614 6.617 6.621 6.625 6.629 6.634 6.640 6.646 6.652 6.659 6.665 6.672 6.679 6.686 6.693 6.701 6.708 6.715 6.722 6.729 6.736 6.742 6.748 6.754 6.759 6.764 6.769 6.774 6.779 6.783 6.788 6.792 6.795 6.799 6.803 6.806 6.809 6.812 6.815 6.817 6.820 6.823 6.825
6.400 6.411 6.422 6.434 6.445 6.456 6.467 6.478 6.488 6.497 6.506 6.515 6.524 6.532 6.540 6.548 6.556 6.563 6.570 6.576 6.582 6.587 6.592 6.597 6.601 6.604 6.607 6.610 6.612 6.615 6.617 6.620 6.621 6.623 6.625 6.628 6.631 6.634 6.639 6.643 6.648 6.654 6.660 6.666 6.673 6.679 6.686 6.693 6.700 6.707 6.714 6.722 6.729 6.736 6.743 6.749 6.755 6.761 6.767 6.772 6.777 6.782 6.787 6.792 6.796 6.800 6.804 6.808 6.812 6.815 6.818 6.821 6.824 6.827 6.830 6.832 6.835
6.404 6.415 6.427 6.438 6.450 6.461 6.472 6.483 6.493 6.503 6.512 6.521 6.530 6.539 6.547 6.555 6.563 6.571 6.578 6.585 6.591 6.597 6.603 6.608 6.612 6.616 6.619 6.622 6.625 6.628 6.630 6.632 6.634 6.635 6.637 6.639 6.642 6.645 6.648 6.652 6.657 6.662 6.667 6.673 6.680 6.686 6.693 6.700 6.707 6.714 6.721 6.728 6.736 6.743 6.750 6.756 6.763 6.769 6.774 6.780 6.785 6.790 6.795 6.800 6.804 6.809 6.813 6.817 6.821 6.824 6.828 6.831 6.834 6.837 6.840 6.842 6.845
6.407 6.419 6.431 6.443 6.454 6.466 6.477 6.488 6.498 6.508 6.518 6.527 6.536 6.545 6.554 6.562 6.570 6.578 6.586 6.593 6.600 6.606 6.612 6.618 6.623 6.627 6.631 6.634 6.637 6.640 6.643 6.645 6.647 6.648 6.649 6.651 6.653 6.655 6.658 6.662 6.666 6.670 6.676 6.681 6.687 6.693 6.700 6.707 6.714 6.721 6.728 6.735 6.742 6.750 6.757 6.763 6.770 6.776 6.782 6.787 6.793 6.798 6.803 6.808 6.813 6.817 6.821 6.826 6.830 6.833 6.837 6.840 6.843 6.846 6.849 6.852 6.855
6.411 6.423 6.435 6.447 6.458 6.470 6.482 6.493 6.503 6.513 6.523 6.532 6.542 6.551 6.560 6.568 6.577 6.585 6.593 6.601 6.608 6.615 6.621 6.627 6.633 6.637 6.642 6.646 6.649 6.653 6.656 6.658 6.659 6.661 6.662 6.663 6.665 6.667 6.669 6.672 6.675 6.679 6.684 6.689 6.695 6.701 6.707 6.713 6.720 6.727 6.734 6.742 6.749 6.757 6.764 6.770 6.777 6.783 6.789 6.795 6.800 6.806 6.811 6.816 6.821 6.825 6.830 6.834 6.838 6.842 6.846 6.849 6.853 6.856 6.859 6.862 6.865
6.413 6.426 6.438 6.450 6.462 6.474 6.486 6.497 6.508 6.518 6.528 6.538 6.547 6.556 6.566 6.574 6.583 6.592 6.600 6.608 6.616 6.623 6.630 6.636 6.642 6.647 6.652 6.657 6.661 6.665 6.668 6.671 6.672 6.673 6.674 6.676 6.677 6.678 6.680 6.682 6.685 6.689 6.693 6.697 6.703 6.708 6.714 6.720 6.727 6.734 6.741 6.748 6.756 6.763 6.770 6.777 6.784 6.790 6.796 6.802 6.808 6.813 6.819 6.824 6.829 6.834 6.838 6.843 6.847 6.851 6.855 6.859 6.862 6.865 6.869 6.872 6.875
6.415 6.428 6.441 6.453 6.466 6.478 6.490 6.502 6.512 6.523 6.533 6.543 6.552 6.562 6.571 6.580 6.589 6.598 6.606 6.615 6.623 6.630 6.637 6.644 6.651 6.657 6.662 6.667 6.672 6.676 6.680 6.682 6.684 6.686 6.687 6.688 6.689 6.690 6.692 6.693 6.696 6.699 6.702 6.706 6.711 6.716 6.721 6.727 6.734 6.740 6.747 6.754 6.762 6.770 6.777 6.784 6.790 6.797 6.803 6.809 6.815 6.821 6.826 6.831 6.837 6.842 6.846 6.851 6.855 6.860 6.864 6.868 6.871 6.875 6.878 6.881 6.885
6.416 6.429 6.443 6.456 6.469 6.481 6.494 6.505 6.516 6.527 6.537 6.547 6.557 6.567 6.576 6.586 6.595 6.604 6.613 6.621 6.629 6.637 6.645 6.652 6.659 6.665 6.671 6.677 6.682 6.687 6.691 6.694 6.696 6.698 6.699 6.700 6.701 6.702 6.703 6.705 6.707 6.709 6.712 6.715 6.719 6.724 6.729 6.735 6.741 6.747 6.754 6.761 6.768 6.776 6.783 6.790 6.797 6.803 6.809 6.816 6.822 6.828 6.833 6.839 6.844 6.849 6.854 6.859 6.864 6.868 6.872 6.876 6.880 6.884 6.887 6.891 6.895
6.415 6.429 6.444 6.457 6.471 6.484 6.497 6.509 6.520 6.531 6.541 6.552 6.562 6.572 6.581 6.591 6.600 6.610 6.618 6.627 6.636 6.644 6.652 6.659 6.667 6.673 6.680 6.686 6.692 6.697 6.702 6.705 6.708 6.710 6.711 6.713 6.714 6.715 6.715 6.717 6.718 6.720 6.722 6.725 6.728 6.732 6.737 6.742 6.748 6.754 6.760 6.767 6.775 6.782 6.789 6.796 6.803 6.809 6.816 6.822 6.829 6.835 6.840 6.846 6.852 6.857 6.862 6.867 6.872 6.877 6.881 6.885 6.889 6.893 6.897 6.900 6.904
6.412 6.427 6.443 6.457 6.471 6.485 6.499 6.511 6.523 6.534 6.545 6.556 6.566 6.576 6.586 6.596 6.606 6.615 6.624 6.633 6.642 6.650 6.659 6.666 6.674 6.681 6.688 6.694 6.701 6.707 6.712 6.715 6.719 6.721 6.723 6.725 6.726 6.727 6.728 6.728 6.730 6.731 6.733 6.735 6.738 6.741 6.745 6.750 6.755 6.761 6.767 6.774 6.781 6.789 6.795 6.802 6.809 6.816 6.822 6.829 6.835 6.841 6.847 6.853 6.859 6.864 6.870 6.875 6.880 6.885 6.889 6.894 6.898 6.902 6.906 6.910 6.914
6.406 6.423 6.440 6.456 6.471 6.485 6.500 6.513 6.525 6.537 6.548 6.559 6.570 6.580 6.591 6.601 6.610 6.620 6.630 6.639 6.648 6.656 6.665 6.673 6.681 6.689 6.696 6.703 6.709 6.716 6.721 6.725 6.729 6.732 6.735 6.736 6.738 6.739 6.740 6.741 6.741 6.742 6.744 6.746 6.748 6.751 6.754 6.758 6.763 6.768 6.774 6.781 6.788 6.795 6.801 6.808 6.815 6.822 6.828 6.835 6.841 6.848 6.854 6.860 6.866 6.872 6.877 6.883 6.888 6.893 6.897 6.902 6.906 6.910 6.915 6.919 6.923
6.397 6.416 6.434 6.451 6.468 6.484 6.499 6.513 6.526 6.539 6.551 6.562 6.573 6.584 6.595 6.605 6.615 6.625 6.635 6.644 6.653 6.662 6.671 6.680 6.688 6.696 6.703 6.710 6.717 6.724 6.730 6.735 6.739 6.743 6.745 6.748 6.750 6.751 6.752 6.753 6.753 6.754 6.755 6.757 6.758 6.761 6.764 6.767 6.771 6.776 6.781 6.787 6.794 6.801 6.807 6.814 6.821 6.827 6.834 6.841 6.847 6.854 6.860 6.866 6.873 6.878 6.884 6.890 6.895 6.900 6.905 6.910 6.914 6.919 6.923 6.928 6.932
6.385 6.406 6.425 6.444 6.462 6.479 6.496 6.512 6.526 6.539 6.552 6.564 6.576 6.587 6.598 6.609 6.619 6.629 6.639 6.649 6.659 6.668 6.677 6.686 6.694 6.702 6.710 6.718 6.725 6.732 6.739 6.744 6.749 6.753 6.756 6.759 6.761 6.763 6.764 6.765 6.766 6.766 6.767 6.768 6.769 6.771 6.773 6.776 6.780 6.784 6.789 6.794 6.801 6.807 6.813 6.820 6.827 6.833 6.840 6.847 6.853 6.860 6.866 6.873 6.879 6.885 6.891 6.897 6.902 6.908 6.913 6.918 6.923 6.927 6.932 6.936 6.940
6.370 6.392 6.413 6.434 6.454 6.472 6.491 6.508 6.523 6.537 6.551 6.564 6.577 6.589 6.601 6.612 6.623 6.633 6.644 6.654 6.664 6.673 6.682 6.691 6.700 6.709 6.717 6.725 6.732 6.740 6.747 6.753 6.758 6.762 6.766 6.769 6.772 6.774 6.776 6.777 6.778 6.778 6.779 6.780 6.781 6.782 6.784 6.786 6.789 6.793 6.797 6.802 6.808 6.814 6.820 6.826 6.832 6.839 6.846 6.852 6.859 6.866 6.872 6.879 6.885 6.891 6.898 6.904 6.909 6.915 6.920 6.925 6.930 6.935 6.940 6.945 6.949
6.351 6.375 6.398 6.420 6.441 6.462 6.482 6.500 6.517 6.533 6.548 6.563 6.576 6.589 6.602 6.614 6.625 6.636 6.647 6.658 6.668 6.678 6.688 6.697 6.706 6.715 6.723 6.731 6.739 6.747 6.755 6.761 6.766 6.771 6.776 6.779 6.782 6.785 6.787 6.788 6.790 6.790 6.791 6.792 6.792 6.793 6.795 6.797 6.799 6.802 6.806 6.810 6.815 6.821 6.826 6.832 6.838 6.845 6.851 6.858 6.865 6.871 6.878 6.885 6.891 6.898 6.904 6.910 6.916 6.922 6.927 6.933 6.938 6.943 6.948 6.953 6.957
6.332 6.356 6.379 6.403 6.425 6.448 6.469 6.490 6.508 6.526 6.543 6.558 6.573 6.588 6.601 6.614 6.627 6.638 6.650 6.661 6.672 6.682 6.692 6.702 6.711 6.720 6.729 6.738 6.746 6.754 6.762 6.769 6.775 6.780 6.785 6.789 6.793 6.796 6.798 6.800 6.801 6.802 6.803 6.804 6.804 6.805 6.806 6.807 6.809 6.812 6.815 6.818 6.823 6.828 6.833 6.839 6.844 6.851 6.857 6.863 6.870 6.877 6.883 6.890 6.897 6.903 6.910 6.916 6.922 6.928 6.934 6.940 6.945 6.950 6.956 6.961 6.965
6.311 6.335 6.359 6.383 6.407 6.430 6.453 6.475 6.496 6.515 6.534 6.551 6.568 6.583 6.598 6.612 6.626 6.639 6.651 6.663 6.674 6.685 6.696 6.706 6.716 6.725 6.735 6.743 6.752 6.761 6.769 6.776 6.782 6.788 6.793 6.798 6.802 6.806 6.809 6.811 6.813 6.814 6.815 6.816 6.817 6.817 6.818 6.819 6.820 6.822 6.824 6.827 6.832 6.836 6.841 6.846 6.851 6.857 6.863 6.869 6.876 6.882 6.889 6.896 6.902 6.909 6.916 6.922 6.929 6.935 6.941 6.947 6.952 6.958 6.963 6.968 6.973
6.292 6.315 6.339 6.362 6.386 6.410 6.435 6.458 6.479 6.500 6.521 6.540 6.558 6.576 6.592 6.608 6.623 6.637 6.650 6.663 6.675 6.687 6.698 6.709 6.720 6.730 6.739 6.749 6.758 6.767 6.775 6.783 6.789 6.796 6.802 6.807 6.811 6.815 6.819 6.822 6.824 6.826 6.827 6.828 6.829 6.829 6.830 6.830 6.831 6.833 6.835 6.837 6.841 6.844 6.848 6.853 6.858 6.863 6.869 6.875 6.881 6.888 6.894 6.901 6.908 6.915 6.921 6.928 6.935 6.941 6.947 6.953 6.959 6.965 6.970 6.976 6.981
6.275 6.297 6.319 6.342 6.366 6.390 6.414 6.437 6.460 6.482 6.504 6.525 6.545 6.564 6.583 6.600 6.617 6.632 6.647 6.661 6.675 6.687 6.699 6.711 6.722 6.733 6.743 6.753 6.763 6.772 6.781 6.789 6.796 6.803 6.809 6.815 6.820 6.824 6.828 6.832 6.835 6.837 6.839 6.840 6.841 6.841 6.842 6.842 6.843 6.844 6.845 6.847 6.850 6.853 6.857 6.861 6.865 6.870 6.875 6.881 6.887 6.893 6.900 6.906 6.913 6.920 6.927 6.934 6.940 6.947 6.953 6.959 6.966 6.971 6.977 6.983 6.988
6.261 6.281 6.302 6.323 6.346 6.369 6.393 6.416 6.439 6.462 6.484 6.506 6.528 6.549 6.569 6.588 6.607 6.624 6.641 6.656 6.671 6.685 6.698 6.711 6.723 6.734 6.745 6.756 6.766 6.776 6.786 6.794 6.802 6.809 6.816 6.822 6.828 6.833 6.837 6.841 6.845 6.847 6.850 6.851 6.853 6.853 6.854 6.854 6.855 6.856 6.857 6.858 6.860 6.863 6.866 6.869 6.873 6.877 6.882 6.887 6.893 6.899 6.905 6.912 6.918 6.925 6.932 6.939 6.946 6.953 6.959 6.966 6.972 6.978 6.984 6.990 6.995
6.250 6.268 6.287 6.307 6.328 6.351 6.373 6.395 6.417 6.440 6.463 6.485 6.508 6.530 6.552 6.573 6.593 6.612 6.630 6.648 6.664 6.680 6.694 6.708 6.722 6.734 6.746 6.758 6.769 6.780 6.790 6.798 6.807 6.815 6.822 6.829 6.835 6.840 6.846 6.850 6.854 6.857 6.860 6.862 6.864 6.865 6.866 6.866 6.867 6.867 6.868 6.869 6.871 6.873 6.875 6.878 6.881 6.885 6.889 6.894 6.899 6.905 6.911 6.917 6.924 6.930 6.937 6.944 6.951 6.958 6.965 6.971 6.978 6.984 6.990 6.997 7.002
6.241 6.258 6.276 6.294 6.314 6.334 6.355 6.376 6.397 6.419 6.441 6.464 6.486 6.509 6.531 6.554 6.575 6.596 6.616 6.635 6.654 6.671 6.687 6.703 6.717 6.731 6.744 6.757 6.769 6.781 6.792 6.801 6.810 6.819 6.827 6.834 6.841 6.847 6.853 6.858 6.863 6.866 6.870 6.873 6.875 6.876 6.877 6.878 6.879 6.879 6.880 6.881 6.882 6.884 6.885 6.887 6.890 6.893 6.896 6.901 6.906 6.911 6.917 6.923 6.929 6.936 6.942 6.949 6.956 6.963 6.970 6.977 6.984 6.990 6.996 7.003 7.009
6.235 6.251 6.267 6.284 6.302 6.321 6.340 6.359 6.379 6.399 6.420 6.442 6.464 6.487 6.509 6.532 6.554 6.576 6.598 6.619 6.639 6.658 6.676 6.693 6.710 6.725 6.740 6.754 6.767 6.780 6.792 6.802 6.812 6.822 6.830 6.838 6.846 6.853 6.859 6.865 6.870 6.875 6.879 6.882 6.885 6.887 6.888 6.890 6.890 6.891 6.891 6.892 6.893 6.894 6.895 6.897 6.899 6.901 6.904 6.908 6.912 6.917 6.923 6.928 6.934 6.941 6.948 6.954 6.961 6.968 6.975 6.982 6.989 6.996 7.002 7.009 7.015
