version1/TsunamiDB/out54005.asc
ncols          264
nrows          230
xllcorner      497853.4375
yllcorner      4229146.0000
cellsize         5.
NODATA_value   -99
[rows 155 to 185 of 230, columns 138 to 206 of 264]
-99.000 -99.000 -99.000 -99.000 -99.000 -99.000 -99.000 -99.000 -99.000 -99.000 -99.000 -99.000 -99.000 -99.000 -99.000 -99.000 -99.000 -99.000 -99.000 -99.000 -99.000 -99.000 -99.000 -99.000 1.644 1.655 1.730 1.916 2.200 2.562 2.970 3.396 3.808 4.180 4.481 4.693 4.838 4.939 5.011 5.070 5.121 5.172 5.220 5.265 5.315 5.370 5.432 5.511 5.587 5.643 5.722 5.793 5.820 5.844 5.876 5.923 5.980 6.046 6.091 6.074 6.156 6.265 6.273 6.241 6.190 6.126 6.036 5.932 5.837
-99.000 -99.000 -99.000 -99.000 -99.000 -99.000 -99.000 -99.000 -99.000 -99.000 -99.000 -99.000 -99.000 -99.000 -99.000 -99.000 -99.000 -99.000 -99.000 -99.000 -99.000 -99.000 -99.000 -99.000 1.646 1.674 1.794 2.024 2.344 2.730 3.149 3.577 3.982 4.341 4.619 4.809 4.936 5.022 5.085 5.138 5.188 5.240 5.287 5.332 5.383 5.437 5.500 5.583 5.650 5.697 5.777 5.848 5.869 5.888 5.914 5.950 6.000 6.074 6.103 6.072 6.151 6.258 6.261 6.228 6.178 6.113 6.027 5.923 5.841
-99.000 -99.000 -99.000 -99.000 -99.000 -99.000 -99.000 -99.000 -99.000 -99.000 -99.000 -99.000 -99.000 -99.000 -99.000 -99.000 -99.000 -99.000 -99.000 -99.000 -99.000 -99.000 -99.000 1.644 1.651 1.711 1.878 2.147 2.498 2.903 3.328 3.752 4.147 4.489 4.742 4.911 5.023 5.101 5.161 5.211 5.263 5.319 5.367 5.415 5.466 5.522 5.585 5.651 5.707 5.757 5.838 5.910 5.932 5.949 5.969 6.003 6.049 6.091 6.095 6.066 6.143 6.241 6.241 6.208 6.155 6.088 6.004 5.917 5.863
-99.000 -99.000 -99.000 -99.000 -99.000 -99.000 -99.000 -99.000 -99.000 -99.000 -99.000 -99.000 -99.000 -99.000 -99.000 -99.000 -99.000 -99.000 -99.000 -99.000 -99.000 -99.000 -99.000 1.645 1.665 1.767 1.980 2.285 2.661 3.078 3.505 3.920 4.301 4.618 4.842 4.992 5.095 5.170 5.228 5.279 5.336 5.398 5.448 5.496 5.548 5.603 5.658 5.714 5.768 5.816 5.900 5.977 6.002 6.017 6.033 6.057 6.077 6.088 6.081 6.052 6.121 6.212 6.211 6.175 6.121 6.058 5.987 5.929 5.892
-99.000 -99.000 -99.000 -99.000 -99.000 -99.000 -99.000 -99.000 -99.000 -99.000 -99.000 -99.000 -99.000 -99.000 -99.000 -99.000 -99.000 -99.000 -99.000 -99.000 -99.000 -99.000 1.644 1.648 1.694 1.843 2.096 2.433 2.830 3.255 3.677 4.081 4.441 4.726 4.919 5.053 5.151 5.225 5.285 5.339 5.403 5.471 5.520 5.570 5.621 5.672 5.722 5.774 5.826 5.873 5.959 6.041 6.065 6.077 6.086 6.091 6.088 6.079 6.060 6.028 6.090 6.172 6.169 6.135 6.085 6.032 5.985 5.948 5.922
-99.000 -99.000 -99.000 -99.000 -99.000 -99.000 -99.000 -99.000 -99.000 -99.000 -99.000 -99.000 -99.000 -99.000 -99.000 -99.000 -99.000 -99.000 -99.000 -99.000 -99.000 -99.000 1.644 1.658 1.742 1.937 2.227 2.592 3.003 3.430 3.844 4.231 4.563 4.807 4.973 5.096 5.191 5.268 5.333 5.390 5.461 5.534 5.584 5.634 5.682 5.731 5.780 5.828 5.879 5.923 6.009 6.092 6.114 6.124 6.120 6.109 6.091 6.063 6.033 5.998 6.051 6.125 6.123 6.095 6.055 6.021 5.993 5.970 5.957
-99.000 -99.000 -99.000 -99.000 -99.000 -99.000 -99.000 -99.000 -99.000 -99.000 -99.000 -99.000 -99.000 -99.000 -99.000 -99.000 -99.000 -99.000 -99.000 -99.000 -99.000 1.644 1.646 1.680 1.809 2.046 2.370 2.756 3.177 3.602 4.004 4.368 4.658 4.861 5.006 5.122 5.218 5.300 5.368 5.427 5.507 5.587 5.638 5.686 5.731 5.780 5.827 5.874 5.921 5.958 6.043 6.127 6.147 6.150 6.138 6.118 6.085 6.043 6.003 5.963 6.009 6.080 6.082 6.062 6.038 6.019 6.005 5.996 5.995
-99.000 -99.000 -99.000 -99.000 -99.000 -99.000 -99.000 -99.000 -99.000 -99.000 -99.000 -99.000 -99.000 -99.000 -99.000 -99.000 -99.000 -99.000 -99.000 -99.000 -99.000 1.644 1.652 1.718 1.894 2.168 2.520 2.925 3.351 3.771 4.157 4.488 4.728 4.898 5.028 5.138 5.236 5.319 5.389 5.452 5.541 5.629 5.680 5.728 5.771 5.816 5.862 5.906 5.947 5.979 6.063 6.149 6.163 6.160 6.144 6.117 6.075 6.021 5.971 5.929 5.972 6.040 6.047 6.041 6.029 6.021 6.021 6.023 6.027
-99.000 -99.000 -99.000 -99.000 -99.000 -99.000 -99.000 -99.000 -99.000 -99.000 -99.000 -99.000 -99.000 -99.000 -99.000 -99.000 -99.000 -99.000 -99.000 -99.000 -99.000 1.645 1.667 1.775 1.993 2.301 2.678 3.095 3.524 3.937 4.301 4.586 4.787 4.933 5.049 5.153 5.246 5.327 5.397 5.462 5.561 5.655 5.706 5.754 5.793 5.835 5.877 5.917 5.955 5.980 6.062 6.146 6.155 6.151 6.131 6.100 6.052 5.987 5.933 5.892 5.933 6.001 6.017 6.021 6.018 6.023 6.034 6.041 6.048
-99.000 -99.000 -99.000 -99.000 -99.000 -99.000 -99.000 -99.000 -99.000 -99.000 -99.000 -99.000 -99.000 -99.000 -99.000 -99.000 -99.000 -99.000 -99.000 -99.000 1.644 1.648 1.696 1.849 2.105 2.443 2.839 3.264 3.691 4.092 4.426 4.670 4.841 4.969 5.073 5.167 5.252 5.328 5.398 5.466 5.571 5.669 5.722 5.768 5.804 5.841 5.878 5.913 5.948 5.966 6.046 6.130 6.139 6.134 6.112 6.081 6.031 5.964 5.907 5.867 5.910 5.980 6.002 6.012 6.016 6.029 6.044 6.053 6.062
-99.000 -99.000 -99.000 -99.000 -99.000 -99.000 -99.000 -99.000 -99.000 -99.000 -99.000 -99.000 -99.000 -99.000 -99.000 -99.000 -99.000 -99.000 -99.000 -99.000 1.644 1.658 1.742 1.937 2.227 2.591 3.001 3.429 3.850 4.235 4.533 4.745 4.896 5.011 5.108 5.197 5.278 5.352 5.424 5.491 5.600 5.702 5.753 5.794 5.825 5.856 5.886 5.918 5.948 5.957 6.036 6.123 6.134 6.127 6.107 6.076 6.024 5.954 5.892 5.857 5.902 5.972 5.997 6.010 6.019 6.036 6.052 6.063 6.071
-99.000 -99.000 -99.000 -99.000 -99.000 -99.000 -99.000 -99.000 -99.000 -99.000 -99.000 -99.000 -99.000 -99.000 -99.000 -99.000 -99.000 -99.000 -99.000 1.644 1.646 1.678 1.804 2.038 2.359 2.743 3.163 3.589 4.001 4.362 4.622 4.809 4.945 5.055 5.152 5.238 5.318 5.396 5.464 5.531 5.643 5.746 5.792 5.828 5.853 5.875 5.897 5.925 5.943 5.944 6.025 6.116 6.127 6.120 6.099 6.065 6.011 5.933 5.875 5.851 5.896 5.966 5.992 6.008 6.020 6.035 6.052 6.063 6.068
-99.000 -99.000 -99.000 -99.000 -99.000 -99.000 -99.000 -99.000 -99.000 -99.000 -99.000 -99.000 -99.000 -99.000 -99.000 -99.000 -99.000 -99.000 -99.000 1.644 1.651 1.712 1.880 2.149 2.496 2.896 3.320 3.743 4.139 4.466 4.692 4.858 4.985 5.093 5.188 5.276 5.359 5.433 5.503 5.577 5.691 5.793 5.836 5.867 5.883 5.898 5.912 5.923 5.929 5.929 6.009 6.101 6.112 6.105 6.078 6.038 5.980 5.911 5.871 5.849 5.892 5.962 5.990 6.006 6.015 6.030 6.046 6.053 6.054
-99.000 -99.000 -99.000 -99.000 -99.000 -99.000 -99.000 -99.000 -99.000 -99.000 -99.000 -99.000 -99.000 -99.000 -99.000 -99.000 -99.000 -99.000 -99.000 1.645 1.663 1.762 1.970 2.269 2.638 3.048 3.471 3.882 4.255 4.543 4.741 4.889 5.009 5.113 5.206 5.296 5.382 5.461 5.540 5.616 5.734 5.837 5.876 5.900 5.909 5.914 5.913 5.909 5.908 5.903 5.982 6.075 6.087 6.076 6.046 6.003 5.950 5.900 5.868 5.845 5.887 5.959 5.988 5.999 6.006 6.018 6.030 6.034 6.032
-99.000 -99.000 -99.000 -99.000 -99.000 -99.000 -99.000 -99.000 -99.000 -99.000 -99.000 -99.000 -99.000 -99.000 -99.000 -99.000 -99.000 -99.000 1.644 1.647 1.687 1.827 2.072 2.399 2.785 3.200 3.617 4.012 4.353 4.603 4.775 4.910 5.021 5.118 5.211 5.305 5.399 5.486 5.571 5.650 5.770 5.873 5.906 5.924 5.925 5.917 5.904 5.887 5.878 5.870 5.948 6.040 6.051 6.041 6.010 5.971 5.930 5.890 5.860 5.839 5.883 5.957 5.983 5.991 5.993 6.000 6.008 6.010 6.004
-99.000 -99.000 -99.000 -99.000 -99.000 -99.000 -99.000 -99.000 -99.000 -99.000 -99.000 -99.000 -99.000 -99.000 -99.000 -99.000 -99.000 -99.000 1.644 1.654 1.726 1.907 2.184 2.535 2.934 3.350 3.759 4.133 4.434 4.649 4.801 4.920 5.021 5.114 5.206 5.308 5.413 5.510 5.599 5.677 5.795 5.896 5.923 5.936 5.927 5.911 5.888 5.861 5.846 5.835 5.911 6.002 6.015 6.005 5.978 5.949 5.915 5.878 5.853 5.834 5.878 5.951 5.976 5.980 5.977 5.979 5.983 5.982 5.976
-99.000 -99.000 -99.000 -99.000 -99.000 -99.000 -99.000 -99.000 -99.000 -99.000 -99.000 -99.000 -99.000 -99.000 -99.000 -99.000 -99.000 -99.000 1.645 1.669 1.780 2.000 2.307 2.679 3.087 3.500 3.895 4.238 4.497 4.683 4.814 4.918 5.011 5.101 5.198 5.311 5.426 5.531 5.622 5.693 5.810 5.909 5.931 5.936 5.922 5.901 5.871 5.836 5.815 5.801 5.875 5.967 5.983 5.976 5.956 5.931 5.900 5.868 5.845 5.825 5.869 5.942 5.966 5.966 5.958 5.956 5.956 5.956 5.951
-99.000 -99.000 -99.000 -99.000 -99.000 -99.000 -99.000 -99.000 -99.000 -99.000 -99.000 -99.000 -99.000 -99.000 -99.000 -99.000 -99.000 1.644 1.649 1.697 1.850 2.104 2.438 2.827 3.240 3.647 4.022 4.326 4.549 4.710 4.822 4.913 5.000 5.091 5.198 5.321 5.444 5.551 5.640 5.706 5.819 5.917 5.931 5.932 5.916 5.891 5.856 5.814 5.787 5.773 5.848 5.940 5.957 5.956 5.938 5.915 5.888 5.858 5.832 5.812 5.856 5.930 5.953 5.951 5.940 5.933 5.933 5.934 5.927
-99.000 -99.000 -99.000 -99.000 -99.000 -99.000 -99.000 -99.000 -99.000 -99.000 -99.000 -99.000 -99.000 -99.000 -99.000 -99.000 -99.000 1.644 1.657 1.740 1.932 2.218 2.575 2.976 3.389 3.785 4.135 4.402 4.596 4.734 4.830 4.913 5.000 5.099 5.213 5.340 5.464 5.569 5.655 5.712 5.821 5.914 5.924 5.922 5.903 5.877 5.837 5.790 5.762 5.748 5.823 5.915 5.935 5.934 5.918 5.899 5.873 5.840 5.813 5.793 5.837 5.911 5.936 5.935 5.922 5.914 5.914 5.914 5.908
-99.000 -99.000 -99.000 -99.000 -99.000 -99.000 -99.000 -99.000 -99.000 -99.000 -99.000 -99.000 -99.000 -99.000 -99.000 -99.000 1.644 1.646 1.676 1.797 2.026 2.340 2.716 3.123 3.531 3.910 4.229 4.463 4.631 4.752 4.839 4.921 5.014 5.120 5.237 5.360 5.475 5.575 5.657 5.706 5.811 5.902 5.911 5.908 5.889 5.864 5.825 5.779 5.749 5.735 5.810 5.902 5.922 5.919 5.903 5.884 5.858 5.823 5.796 5.774 5.819 5.896 5.924 5.925 5.913 5.905 5.902 5.900 5.894
-99.000 -99.000 -99.000 -99.000 -99.000 -99.000 -99.000 -99.000 -99.000 -99.000 -99.000 -99.000 -99.000 -99.000 -99.000 -99.000 1.644 1.650 1.706 1.868 2.129 2.468 2.858 3.267 3.665 4.020 4.305 4.511 4.661 4.772 4.857 4.943 5.044 5.153 5.267 5.383 5.492 5.591 5.670 5.709 5.812 5.905 5.915 5.911 5.894 5.871 5.831 5.783 5.750 5.737 5.810 5.902 5.920 5.914 5.898 5.879 5.850 5.814 5.784 5.761 5.807 5.888 5.921 5.924 5.915 5.906 5.899 5.898 5.892
-99.000 -99.000 -99.000 -99.000 -99.000 -99.000 -99.000 -99.000 -99.000 -99.000 -99.000 -99.000 -99.000 -99.000 -99.000 -99.000 1.645 1.660 1.751 1.951 2.242 2.601 2.999 3.405 3.787 4.118 4.373 4.556 4.694 4.804 4.892 4.985 5.091 5.200 5.311 5.420 5.525 5.627 5.691 5.719 5.824 5.918 5.925 5.921 5.904 5.878 5.839 5.786 5.755 5.746 5.818 5.909 5.924 5.916 5.898 5.875 5.845 5.806 5.774 5.753 5.801 5.885 5.922 5.931 5.924 5.914 5.907 5.911 5.899
-99.000 -99.000 -99.000 -99.000 -99.000 -99.000 -99.000 -99.000 -99.000 -99.000 -99.000 -99.000 -99.000 -99.000 -99.000 1.644 1.646 1.681 1.811 2.046 2.363 2.738 3.139 3.535 3.899 4.204 4.435 4.603 4.733 4.842 4.934 5.032 5.139 5.247 5.354 5.462 5.564 5.645 5.696 5.730 5.833 5.925 5.932 5.929 5.908 5.880 5.842 5.799 5.779 5.765 5.833 5.923 5.937 5.925 5.900 5.873 5.840 5.802 5.775 5.752 5.800 5.889 5.934 5.948 5.944 5.938 5.934 5.928 5.900
-99.000 -99.000 -99.000 -99.000 -99.000 -99.000 -99.000 -99.000 -99.000 -99.000 -99.000 -99.000 -99.000 -99.000 -99.000 1.644 1.652 1.716 1.887 2.154 2.494 2.880 3.279 3.661 4.002 4.279 4.486 4.640 4.763 4.871 4.965 5.062 5.168 5.273 5.378 5.483 5.575 5.642 5.694 5.728 5.833 5.924 5.935 5.932 5.913 5.889 5.859 5.829 5.809 5.789 5.854 5.945 5.956 5.938 5.908 5.878 5.844 5.811 5.785 5.760 5.808 5.904 5.956 5.974 5.974 5.971 5.961 5.940 5.901
-99.000 -99.000 -99.000 -99.000 -99.000 -99.000 -99.000 -99.000 -99.000 -99.000 -99.000 -99.000 -99.000 -99.000 -99.000 1.645 1.666 1.768 1.978 2.275 2.635 3.027 3.419 3.783 4.100 4.346 4.529 4.668 4.784 4.890 4.981 5.077 5.180 5.284 5.389 5.488 5.573 5.637 5.688 5.725 5.831 5.925 5.938 5.940 5.927 5.910 5.890 5.864 5.842 5.819 5.883 5.974 5.981 5.958 5.924 5.891 5.860 5.830 5.803 5.776 5.827 5.929 5.984 6.006 6.008 6.000 5.981 5.948 5.898
-99.000 -99.000 -99.000 -99.000 -99.000 -99.000 -99.000 -99.000 -99.000 -99.000 -99.000 -99.000 -99.000 -99.000 1.644 1.648 1.692 1.838 2.084 2.408 2.784 3.177 3.557 3.901 4.187 4.403 4.566 4.692 4.801 4.902 4.990 5.082 5.186 5.291 5.391 5.486 5.569 5.631 5.684 5.723 5.830 5.927 5.946 5.955 5.949 5.942 5.926 5.902 5.882 5.855 5.916 6.007 6.013 5.987 5.950 5.918 5.888 5.858 5.833 5.804 5.854 5.958 6.015 6.039 6.038 6.024 5.995 5.950 5.892
-99.000 -99.000 -99.000 -99.000 -99.000 -99.000 -99.000 -99.000 -99.000 -99.000 -99.000 -99.000 -99.000 -99.000 1.644 1.657 1.737 1.926 2.206 2.555 2.941 3.331 3.695 4.013 4.265 4.454 4.597 4.710 4.810 4.906 4.991 5.081 5.186 5.289 5.385 5.479 5.560 5.626 5.682 5.723 5.832 5.934 5.961 5.976 5.979 5.979 5.967 5.946 5.925 5.894 5.954 6.047 6.055 6.027 5.989 5.957 5.925 5.896 5.871 5.837 5.883 5.988 6.045 6.066 6.061 6.040 6.002 5.948 5.883
-99.000 -99.000 -99.000 -99.000 -99.000 -99.000 -99.000 -99.000 -99.000 -99.000 -99.000 -99.000 -99.000 1.644 1.646 1.677 1.801 2.031 2.343 2.711 3.103 3.484 3.829 4.117 4.337 4.501 4.627 4.727 4.819 4.910 4.992 5.083 5.187 5.287 5.382 5.474 5.557 5.629 5.690 5.732 5.844 5.952 5.982 6.004 6.014 6.017 6.011 5.992 5.968 5.935 5.997 6.093 6.103 6.076 6.038 6.002 5.970 5.941 5.911 5.870 5.913 6.017 6.070 6.086 6.075 6.046 6.002 5.941 5.869
-99.000 -99.000 -99.000 -99.000 -99.000 -99.000 -99.000 -99.000 -99.000 -99.000 -99.000 -99.000 -99.000 1.644 1.652 1.716 1.886 2.153 2.493 2.877 3.268 3.635 3.956 4.211 4.404 4.549 4.659 4.749 4.835 4.921 5.001 5.090 5.192 5.291 5.384 5.476 5.565 5.643 5.709 5.750 5.862 5.971 6.004 6.032 6.047 6.058 6.055 6.035 6.012 5.978 6.040 6.139 6.153 6.128 6.088 6.051 6.017 5.983 5.948 5.901 5.936 6.035 6.082 6.093 6.075 6.041 5.991 5.922 5.844
-99.000 -99.000 -99.000 -99.000 -99.000 -99.000 -99.000 -99.000 -99.000 -99.000 -99.000 -99.000 -99.000 1.645 1.668 1.775 1.990 2.292 2.656 3.048 3.434 3.783 4.075 4.300 4.469 4.596 4.694 4.774 4.852 4.935 5.011 5.096 5.196 5.291 5.384 5.479 5.572 5.655 5.724 5.763 5.875 5.987 6.024 6.055 6.076 6.092 6.092 6.075 6.052 6.018 6.081 6.184 6.203 6.181 6.141 6.102 6.063 6.023 5.983 5.926 5.953 6.044 6.086 6.090 6.066 6.028 5.973 5.899 5.818
-99.000 -99.000 -99.000 -99.000 -99.000 -99.000 -99.000 -99.000 -99.000 -99.000 -99.000 -99.000 1.644 1.649 1.701 1.857 2.112 2.446 2.828 3.223 3.597 3.924 4.185 4.383 4.531 4.643 4.729 4.800 4.871 4.948 5.017 5.096 5.190 5.284 5.380 5.481 5.580 5.670 5.741 5.776 5.888 6.002 6.042 6.076 6.103 6.125 6.128 6.115 6.094 6.059 6.122 6.233 6.257 6.238 6.199 6.157 6.112 6.067 6.021 5.952 5.968 6.053 6.089 6.086 6.057 6.014 5.955 5.878 5.793
