version1/TsunamiDB/out54030.asc
ncols          264
nrows          230
xllcorner      497853.4375
yllcorner      4229146.0000
cellsize         5.
NODATA_value   -99
[rows 160 to 191 of 230, columns 72 to 143 of 264]
-99.000 -99.000 -99.000 -99.000 -99.000 -99.000 -99.000 -99.000 -99.000 -99.000 -99.000 -99.000 -99.000 -99.000 -99.000 -99.000 -99.000 -99.000 -99.000 -99.000 -99.000 -99.000 -99.000 -99.000 -99.000 -99.000 -99.000 -99.000 1.646 1.651 1.702 1.848 2.088 2.394 2.733 3.065 3.365 3.622 3.832 4.002 4.139 4.252 4.346 4.427 4.499 4.562 4.620 4.673 4.722 4.768 4.811 4.852 4.892 4.931 4.969 5.007 5.045 5.083 5.120 5.158 5.196 5.235 5.273 5.312 5.350 5.388 5.425 5.462 5.497 5.530 5.562 5.590
-99.000 -99.000 -99.000 -99.000 -99.000 -99.000 -99.000 -99.000 -99.000 -99.000 -99.000 -99.000 -99.000 -99.000 -99.000 -99.000 -99.000 -99.000 -99.000 -99.000 -99.000 -99.000 -99.000 -99.000 -99.000 -99.000 -99.000 -99.000 1.647 1.663 1.751 1.940 2.210 2.533 2.871 3.191 3.473 3.710 3.903 4.059 4.187 4.293 4.384 4.463 4.533 4.596 4.653 4.706 4.754 4.800 4.842 4.882 4.921 4.959 4.996 5.032 5.069 5.105 5.141 5.178 5.215 5.252 5.290 5.328 5.366 5.404 5.442 5.479 5.515 5.549 5.582 5.612
-99.000 -99.000 -99.000 -99.000 -99.000 -99.000 -99.000 -99.000 -99.000 -99.000 -99.000 -99.000 -99.000 -99.000 -99.000 -99.000 -99.000 -99.000 -99.000 -99.000 -99.000 -99.000 -99.000 -99.000 -99.000 -99.000 -99.000 1.646 1.649 1.688 1.819 2.045 2.342 2.673 3.004 3.308 3.571 3.789 3.966 4.111 4.230 4.331 4.419 4.496 4.565 4.627 4.685 4.738 4.786 4.832 4.874 4.913 4.952 4.988 5.024 5.059 5.094 5.128 5.163 5.198 5.234 5.270 5.307 5.345 5.382 5.420 5.457 5.495 5.531 5.567 5.601 5.633
-99.000 -99.000 -99.000 -99.000 -99.000 -99.000 -99.000 -99.000 -99.000 -99.000 -99.000 -99.000 -99.000 -99.000 -99.000 -99.000 -99.000 -99.000 -99.000 -99.000 -99.000 -99.000 -99.000 -99.000 -99.000 -99.000 -99.000 1.646 1.658 1.731 1.905 2.164 2.478 2.811 3.131 3.417 3.660 3.860 4.023 4.158 4.270 4.366 4.451 4.527 4.595 4.658 4.715 4.769 4.818 4.864 4.905 4.945 4.983 5.019 5.054 5.088 5.121 5.154 5.187 5.220 5.254 5.289 5.325 5.361 5.398 5.435 5.473 5.510 5.547 5.583 5.618 5.652
-99.000 -99.000 -99.000 -99.000 -99.000 -99.000 -99.000 -99.000 -99.000 -99.000 -99.000 -99.000 -99.000 -99.000 -99.000 -99.000 -99.000 -99.000 -99.000 -99.000 -99.000 -99.000 -99.000 -99.000 -99.000 -99.000 -99.000 1.648 1.677 1.793 2.006 2.292 2.616 2.944 3.250 3.517 3.741 3.925 4.075 4.200 4.306 4.398 4.481 4.555 4.623 4.686 4.744 4.798 4.848 4.894 4.937 4.976 5.015 5.050 5.084 5.117 5.149 5.181 5.212 5.244 5.276 5.309 5.343 5.378 5.414 5.451 5.488 5.525 5.562 5.599 5.635 5.670
-99.000 -99.000 -99.000 -99.000 -99.000 -99.000 -99.000 -99.000 -99.000 -99.000 -99.000 -99.000 -99.000 -99.000 -99.000 -99.000 -99.000 -99.000 -99.000 -99.000 -99.000 -99.000 -99.000 -99.000 -99.000 -99.000 1.647 1.654 1.714 1.872 2.120 2.426 2.753 3.073 3.362 3.609 3.814 3.983 4.121 4.238 4.339 4.428 4.508 4.582 4.650 4.713 4.771 4.826 4.877 4.924 4.967 5.008 5.046 5.082 5.116 5.148 5.179 5.210 5.240 5.269 5.300 5.331 5.363 5.397 5.431 5.467 5.503 5.540 5.577 5.614 5.651 5.686
-99.000 -99.000 -99.000 -99.000 -99.000 -99.000 -99.000 -99.000 -99.000 -99.000 -99.000 -99.000 -99.000 -99.000 -99.000 -99.000 -99.000 -99.000 -99.000 -99.000 -99.000 -99.000 -99.000 -99.000 -99.000 -99.000 1.648 1.669 1.769 1.968 2.244 2.563 2.888 3.195 3.465 3.692 3.880 4.035 4.163 4.273 4.369 4.455 4.533 4.606 4.674 4.737 4.796 4.852 4.904 4.952 4.996 5.038 5.077 5.114 5.148 5.180 5.211 5.240 5.269 5.297 5.325 5.355 5.385 5.416 5.449 5.483 5.519 5.555 5.592 5.629 5.666 5.702
-99.000 -99.000 -99.000 -99.000 -99.000 -99.000 -99.000 -99.000 -99.000 -99.000 -99.000 -99.000 -99.000 -99.000 -99.000 -99.000 -99.000 -99.000 -99.000 -99.000 -99.000 -99.000 -99.000 -99.000 -99.000 1.647 1.652 1.699 1.842 2.078 2.376 2.700 3.019 3.309 3.559 3.768 3.940 4.082 4.201 4.305 4.396 4.479 4.556 4.628 4.695 4.759 4.819 4.875 4.928 4.978 5.023 5.066 5.107 5.144 5.179 5.212 5.243 5.272 5.299 5.326 5.353 5.380 5.408 5.438 5.468 5.501 5.535 5.570 5.606 5.643 5.681 5.717
-99.000 -99.000 -99.000 -99.000 -99.000 -99.000 -99.000 -99.000 -99.000 -99.000 -99.000 -99.000 -99.000 -99.000 -99.000 -99.000 -99.000 -99.000 -99.000 -99.000 -99.000 -99.000 -99.000 -99.000 -99.000 1.648 1.663 1.747 1.933 2.199 2.512 2.837 3.144 3.416 3.646 3.837 3.994 4.124 4.236 4.333 4.421 4.502 4.577 4.648 4.715 4.778 4.839 4.896 4.950 5.001 5.048 5.092 5.135 5.174 5.210 5.244 5.275 5.304 5.331 5.357 5.383 5.408 5.434 5.461 5.489 5.520 5.552 5.586 5.621 5.658 5.695 5.732
-99.000 -99.000 -99.000 -99.000 -99.000 -99.000 -99.000 -99.000 -99.000 -99.000 -99.000 -99.000 -99.000 -99.000 -99.000 -99.000 -99.000 -99.000 -99.000 -99.000 -99.000 -99.000 -99.000 -99.000 1.647 1.650 1.688 1.815 2.039 2.330 2.651 2.970 3.263 3.515 3.726 3.899 4.042 4.163 4.267 4.360 4.444 4.522 4.596 4.666 4.733 4.796 4.857 4.915 4.970 5.022 5.070 5.116 5.160 5.201 5.239 5.274 5.306 5.336 5.364 5.390 5.414 5.438 5.462 5.486 5.512 5.540 5.570 5.602 5.636 5.672 5.709 5.746
-99.000 -99.000 -99.000 -99.000 -99.000 -99.000 -99.000 -99.000 -99.000 -99.000 -99.000 -99.000 -99.000 -99.000 -99.000 -99.000 -99.000 -99.000 -99.000 -99.000 -99.000 -99.000 -99.000 -99.000 1.647 1.658 1.730 1.901 2.158 2.466 2.790 3.099 3.374 3.606 3.798 3.956 4.087 4.199 4.296 4.384 4.465 4.541 4.613 4.682 4.748 4.812 4.872 4.931 4.987 5.040 5.090 5.137 5.183 5.225 5.265 5.302 5.336 5.368 5.396 5.422 5.447 5.470 5.492 5.514 5.538 5.563 5.590 5.620 5.652 5.687 5.723 5.760
-99.000 -99.000 -99.000 -99.000 -99.000 -99.000 -99.000 -99.000 -99.000 -99.000 -99.000 -99.000 -99.000 -99.000 -99.000 -99.000 -99.000 -99.000 -99.000 -99.000 -99.000 -99.000 -99.000 1.647 1.649 1.678 1.793 2.004 2.288 2.607 2.927 3.222 3.477 3.690 3.864 4.008 4.128 4.232 4.323 4.407 4.485 4.558 4.629 4.697 4.762 4.825 4.886 4.945 5.001 5.055 5.107 5.156 5.203 5.247 5.289 5.328 5.364 5.397 5.428 5.455 5.480 5.503 5.524 5.545 5.566 5.588 5.612 5.639 5.669 5.702 5.737 5.773
-99.000 -99.000 -99.000 -99.000 -99.000 -99.000 -99.000 -99.000 -99.000 -99.000 -99.000 -99.000 -99.000 -99.000 -99.000 -99.000 -99.000 -99.000 -99.000 -99.000 -99.000 -99.000 -99.000 1.647 1.655 1.716 1.875 2.122 2.425 2.748 3.059 3.337 3.573 3.766 3.925 4.056 4.166 4.263 4.349 4.428 4.503 4.574 4.643 4.710 4.774 4.837 4.898 4.957 5.013 5.068 5.120 5.171 5.219 5.266 5.310 5.351 5.389 5.425 5.457 5.486 5.512 5.536 5.557 5.577 5.596 5.616 5.637 5.661 5.688 5.718 5.751 5.787
-99.000 -99.000 -99.000 -99.000 -99.000 -99.000 -99.000 -99.000 -99.000 -99.000 -99.000 -99.000 -99.000 -99.000 -99.000 -99.000 -99.000 -99.000 -99.000 -99.000 -99.000 -99.000 -99.000 1.648 1.671 1.774 1.976 2.251 2.568 2.888 3.186 3.445 3.660 3.836 3.980 4.100 4.203 4.293 4.374 4.449 4.521 4.590 4.657 4.722 4.785 4.847 4.907 4.966 5.023 5.079 5.131 5.183 5.233 5.281 5.327 5.370 5.411 5.449 5.484 5.515 5.544 5.569 5.591 5.610 5.628 5.646 5.665 5.685 5.709 5.737 5.767 5.802
-99.000 -99.000 -99.000 -99.000 -99.000 -99.000 -99.000 -99.000 -99.000 -99.000 -99.000 -99.000 -99.000 -99.000 -99.000 -99.000 -99.000 -99.000 -99.000 -99.000 -99.000 -99.000 1.647 1.653 1.704 1.852 2.092 2.389 2.711 3.025 3.306 3.545 3.741 3.901 4.032 4.142 4.237 4.321 4.398 4.470 4.539 4.605 4.670 4.733 4.795 4.856 4.915 4.974 5.031 5.086 5.139 5.192 5.244 5.293 5.341 5.386 5.429 5.470 5.507 5.542 5.572 5.600 5.623 5.644 5.662 5.679 5.695 5.713 5.733 5.757 5.785 5.817
-99.000 -99.000 -99.000 -99.000 -99.000 -99.000 -99.000 -99.000 -99.000 -99.000 -99.000 -99.000 -99.000 -99.000 -99.000 -99.000 -99.000 -99.000 -99.000 -99.000 -99.000 -99.000 1.648 1.666 1.758 1.950 2.219 2.533 2.855 3.155 3.418 3.637 3.815 3.960 4.080 4.182 4.270 4.350 4.422 4.491 4.557 4.621 4.683 4.744 4.804 4.864 4.922 4.980 5.036 5.091 5.145 5.199 5.251 5.302 5.351 5.398 5.443 5.486 5.527 5.564 5.598 5.628 5.654 5.677 5.696 5.713 5.728 5.744 5.761 5.781 5.806 5.835
-99.000 -99.000 -99.000 -99.000 -99.000 -99.000 -99.000 -99.000 -99.000 -99.000 -99.000 -99.000 -99.000 -99.000 -99.000 -99.000 -99.000 -99.000 -99.000 -99.000 -99.000 1.647 1.651 1.695 1.833 2.064 2.358 2.679 2.994 3.279 3.521 3.721 3.883 4.015 4.125 4.220 4.303 4.378 4.447 4.513 4.576 4.637 4.697 4.755 4.814 4.871 4.928 4.984 5.040 5.095 5.149 5.202 5.255 5.307 5.357 5.406 5.454 5.499 5.542 5.582 5.619 5.653 5.682 5.708 5.729 5.747 5.762 5.777 5.792 5.809 5.830 5.855
-99.000 -99.000 -99.000 -99.000 -99.000 -99.000 -99.000 -99.000 -99.000 -99.000 -99.000 -99.000 -99.000 -99.000 -99.000 -99.000 -99.000 -99.000 -99.000 -99.000 -99.000 1.647 1.662 1.745 1.928 2.193 2.503 2.825 3.128 3.394 3.617 3.798 3.945 4.066 4.168 4.256 4.334 4.405 4.472 4.535 4.595 4.654 4.711 4.768 4.824 4.879 4.934 4.989 5.043 5.097 5.150 5.204 5.256 5.309 5.360 5.410 5.460 5.507 5.553 5.596 5.636 5.673 5.706 5.735 5.760 5.780 5.797 5.811 5.825 5.840 5.857 5.879
-99.000 -99.000 -99.000 -99.000 -99.000 -99.000 -99.000 -99.000 -99.000 -99.000 -99.000 -99.000 -99.000 -99.000 -99.000 -99.000 -99.000 -99.000 -99.000 -99.000 1.647 1.650 1.688 1.816 2.041 2.331 2.651 2.967 3.255 3.501 3.704 3.869 4.003 4.114 4.209 4.291 4.365 4.433 4.497 4.558 4.616 4.673 4.728 4.782 4.835 4.888 4.941 4.994 5.046 5.098 5.150 5.203 5.255 5.308 5.360 5.411 5.461 5.511 5.558 5.604 5.648 5.688 5.725 5.758 5.787 5.810 5.830 5.846 5.860 5.873 5.888 5.906
-99.000 -99.000 -99.000 -99.000 -99.000 -99.000 -99.000 -99.000 -99.000 -99.000 -99.000 -99.000 -99.000 -99.000 -99.000 -99.000 -99.000 -99.000 -99.000 -99.000 1.647 1.659 1.733 1.909 2.168 2.476 2.798 3.104 3.374 3.600 3.784 3.934 4.057 4.159 4.247 4.325 4.395 4.461 4.522 4.581 4.638 4.692 4.745 4.797 4.848 4.899 4.949 4.999 5.050 5.100 5.150 5.201 5.253 5.305 5.356 5.408 5.459 5.510 5.560 5.608 5.654 5.698 5.739 5.776 5.809 5.837 5.860 5.879 5.894 5.907 5.921 5.936
-99.000 -99.000 -99.000 -99.000 -99.000 -99.000 -99.000 -99.000 -99.000 -99.000 -99.000 -99.000 -99.000 -99.000 -99.000 -99.000 -99.000 -99.000 -99.000 1.647 1.649 1.681 1.801 2.019 2.305 2.625 2.942 3.233 3.484 3.691 3.858 3.995 4.107 4.201 4.284 4.357 4.425 4.488 4.548 4.605 4.660 4.713 4.764 4.814 4.863 4.912 4.959 5.007 5.055 5.102 5.150 5.200 5.250 5.300 5.351 5.403 5.454 5.506 5.557 5.607 5.656 5.703 5.747 5.788 5.825 5.858 5.885 5.908 5.926 5.940 5.954 5.967
-99.000 -99.000 -99.000 -99.000 -99.000 -99.000 -99.000 -99.000 -99.000 -99.000 -99.000 -99.000 -99.000 -99.000 -99.000 -99.000 -99.000 -99.000 -99.000 1.647 1.656 1.723 1.890 2.143 2.449 2.773 3.080 3.355 3.585 3.774 3.927 4.051 4.154 4.241 4.319 4.389 4.454 4.515 4.574 4.629 4.683 4.734 4.784 4.833 4.880 4.926 4.972 5.017 5.062 5.107 5.152 5.199 5.247 5.296 5.345 5.396 5.447 5.499 5.551 5.603 5.653 5.703 5.750 5.795 5.836 5.873 5.905 5.932 5.953 5.971 5.985 5.998
-99.000 -99.000 -99.000 -99.000 -99.000 -99.000 -99.000 -99.000 -99.000 -99.000 -99.000 -99.000 -99.000 -99.000 -99.000 -99.000 -99.000 -99.000 1.647 1.649 1.675 1.786 1.996 2.278 2.597 2.917 3.212 3.467 3.679 3.851 3.990 4.103 4.197 4.279 4.352 4.420 4.482 4.542 4.599 4.654 4.706 4.757 4.805 4.852 4.898 4.943 4.986 5.029 5.072 5.114 5.156 5.201 5.246 5.292 5.340 5.389 5.439 5.491 5.543 5.595 5.647 5.698 5.748 5.796 5.841 5.882 5.918 5.950 5.975 5.996 6.013 6.027
-99.000 -99.000 -99.000 -99.000 -99.000 -99.000 -99.000 -99.000 -99.000 -99.000 -99.000 -99.000 -99.000 -99.000 -99.000 -99.000 -99.000 -99.000 1.647 1.654 1.712 1.869 2.116 2.420 2.744 3.056 3.335 3.572 3.766 3.922 4.047 4.150 4.238 4.315 4.385 4.449 4.510 4.568 4.624 4.678 4.729 4.779 4.827 4.873 4.917 4.960 5.002 5.043 5.084 5.123 5.163 5.205 5.247 5.291 5.336 5.383 5.432 5.482 5.533 5.586 5.638 5.691 5.743 5.793 5.841 5.885 5.926 5.961 5.991 6.016 6.036 6.052
-99.000 -99.000 -99.000 -99.000 -99.000 -99.000 -99.000 -99.000 -99.000 -99.000 -99.000 -99.000 -99.000 -99.000 -99.000 -99.000 -99.000 -99.000 1.648 1.670 1.770 1.970 2.247 2.565 2.888 3.189 3.451 3.669 3.846 3.986 4.100 4.195 4.277 4.349 4.416 4.478 4.538 4.594 4.649 4.702 4.753 4.802 4.849 4.894 4.938 4.980 5.020 5.060 5.098 5.135 5.173 5.211 5.251 5.291 5.334 5.378 5.425 5.473 5.524 5.575 5.628 5.681 5.734 5.786 5.836 5.883 5.927 5.966 6.000 6.029 6.053 6.072
-99.000 -99.000 -99.000 -99.000 -99.000 -99.000 -99.000 -99.000 -99.000 -99.000 -99.000 -99.000 -99.000 -99.000 -99.000 -99.000 -99.000 1.647 1.652 1.701 1.846 2.085 2.385 2.710 3.028 3.316 3.559 3.759 3.918 4.045 4.149 4.237 4.313 4.382 4.446 4.507 4.564 4.620 4.673 4.725 4.776 4.824 4.871 4.916 4.959 5.000 5.039 5.077 5.115 5.150 5.185 5.221 5.257 5.295 5.335 5.376 5.420 5.467 5.515 5.566 5.617 5.670 5.724 5.776 5.828 5.877 5.923 5.965 6.003 6.035 6.063 6.086
-99.000 -99.000 -99.000 -99.000 -99.000 -99.000 -99.000 -99.000 -99.000 -99.000 -99.000 -99.000 -99.000 -99.000 -99.000 -99.000 -99.000 1.648 1.664 1.751 1.940 2.211 2.527 2.854 3.163 3.434 3.659 3.840 3.984 4.099 4.195 4.276 4.348 4.414 4.476 4.534 4.590 4.645 4.697 4.749 4.798 4.846 4.892 4.937 4.980 5.020 5.059 5.097 5.132 5.166 5.199 5.233 5.267 5.302 5.338 5.377 5.418 5.462 5.508 5.557 5.607 5.659 5.712 5.765 5.817 5.867 5.915 5.960 6.000 6.035 6.066 6.092
-99.000 -99.000 -99.000 -99.000 -99.000 -99.000 -99.000 -99.000 -99.000 -99.000 -99.000 -99.000 -99.000 -99.000 -99.000 -99.000 1.647 1.650 1.689 1.820 2.048 2.344 2.671 2.995 3.292 3.545 3.750 3.914 4.044 4.150 4.238 4.314 4.382 4.445 4.504 4.561 4.616 4.669 4.721 4.771 4.820 4.868 4.914 4.958 5.001 5.041 5.080 5.117 5.152 5.184 5.216 5.248 5.279 5.311 5.345 5.380 5.418 5.459 5.503 5.549 5.598 5.648 5.700 5.752 5.804 5.855 5.903 5.949 5.991 6.029 6.063 6.092
-99.000 -99.000 -99.000 -99.000 -99.000 -99.000 -99.000 -99.000 -99.000 -99.000 -99.000 -99.000 -99.000 -99.000 -99.000 -99.000 1.647 1.658 1.731 1.906 2.168 2.482 2.814 3.132 3.412 3.646 3.833 3.981 4.100 4.196 4.278 4.350 4.414 4.475 4.532 4.587 4.641 4.693 4.744 4.794 4.842 4.889 4.935 4.979 5.021 5.062 5.100 5.137 5.172 5.204 5.235 5.265 5.295 5.324 5.355 5.388 5.422 5.460 5.500 5.543 5.589 5.638 5.688 5.739 5.790 5.840 5.889 5.935 5.978 6.018 6.053 6.086
-99.000 -99.000 -99.000 -99.000 -99.000 -99.000 -99.000 -99.000 -99.000 -99.000 -99.000 -99.000 -99.000 -99.000 -99.000 1.647 1.649 1.677 1.792 2.007 2.296 2.624 2.956 3.262 3.525 3.740 3.910 4.044 4.152 4.240 4.316 4.384 4.446 4.504 4.559 4.613 4.665 4.716 4.766 4.815 4.863 4.910 4.955 4.999 5.042 5.082 5.121 5.158 5.193 5.224 5.255 5.285 5.313 5.341 5.369 5.398 5.430 5.463 5.500 5.540 5.583 5.629 5.676 5.725 5.775 5.824 5.872 5.918 5.961 6.002 6.039 6.073
-99.000 -99.000 -99.000 -99.000 -99.000 -99.000 -99.000 -99.000 -99.000 -99.000 -99.000 -99.000 -99.000 -99.000 -99.000 1.647 1.654 1.711 1.869 2.119 2.431 2.767 3.094 3.385 3.629 3.826 3.979 4.101 4.200 4.282 4.353 4.417 4.476 4.532 4.586 4.638 4.689 4.739 4.788 4.836 4.883 4.930 4.975 5.019 5.061 5.102 5.141 5.179 5.214 5.246 5.277 5.306 5.334 5.360 5.386 5.413 5.441 5.471 5.504 5.540 5.579 5.621 5.666 5.712 5.759 5.807 5.853 5.899 5.942 5.983 6.021 6.057
-99.000 -99.000 -99.000 -99.000 -99.000 -99.000 -99.000 -99.000 -99.000 -99.000 -99.000 -99.000 -99.000 -99.000 -99.000 1.648 1.667 1.763 1.961 2.241 2.570 2.909 3.226 3.500 3.726 3.904 4.044 4.155 4.246 4.322 4.389 4.450 4.506 4.560 4.612 4.663 4.712 4.761 4.809 4.856 4.903 4.949 4.994 5.038 5.080 5.121 5.161 5.199 5.234 5.267 5.299 5.329 5.356 5.382 5.407 5.432 5.457 5.483 5.512 5.543 5.578 5.616 5.657 5.700 5.745 5.790 5.835 5.879 5.921 5.962 6.002 6.039
