version1/TsunamiDB/out54101.asc
ncols          264
nrows          230
xllcorner      497853.4375
yllcorner      4229146.0000
cellsize         5.
NODATA_value   -99
[rows 34 to 67 of 230, columns 154 to 230 of 264]
6.298 6.298 6.299 6.300 6.302 6.304 6.308 6.311 6.315 6.320 6.325 6.330 6.335 6.341 6.347 6.353 6.359 6.365 6.371 6.378 6.384 6.390 6.396 6.401 6.407 6.412 6.418 6.424 6.430 6.436 6.442 6.448 6.454 6.460 6.466 6.472 6.477 6.483 6.488 6.493 6.499 6.504 6.510 6.515 6.520 6.524 6.528 6.533 6.537 6.541 6.545 6.550 6.554 6.558 6.563 6.567 6.571 6.575 6.579 6.583 6.587 6.591 6.595 6.599 6.602 6.604 6.606 6.607 6.605 6.603 6.601 6.598 6.597 6.597 6.601 6.607 6.616
6.315 6.315 6.315 6.316 6.317 6.319 6.322 6.325 6.328 6.332 6.337 6.341 6.346 6.352 6.357 6.363 6.369 6.374 6.380 6.386 6.393 6.398 6.403 6.409 6.414 6.420 6.425 6.431 6.437 6.443 6.449 6.455 6.461 6.466 6.472 6.478 6.484 6.489 6.495 6.500 6.505 6.511 6.516 6.522 6.527 6.531 6.535 6.540 6.544 6.548 6.553 6.557 6.562 6.566 6.570 6.574 6.578 6.583 6.587 6.591 6.595 6.598 6.602 6.605 6.608 6.610 6.612 6.612 6.610 6.607 6.603 6.599 6.596 6.596 6.599 6.605 6.614
6.332 6.332 6.332 6.332 6.333 6.334 6.336 6.339 6.342 6.345 6.349 6.354 6.358 6.363 6.368 6.373 6.379 6.384 6.390 6.396 6.402 6.407 6.412 6.417 6.422 6.427 6.433 6.438 6.444 6.450 6.456 6.461 6.467 6.473 6.479 6.484 6.490 6.496 6.501 6.507 6.512 6.518 6.523 6.529 6.534 6.538 6.543 6.547 6.551 6.556 6.560 6.565 6.569 6.573 6.578 6.582 6.586 6.590 6.594 6.598 6.602 6.605 6.609 6.612 6.615 6.617 6.618 6.617 6.614 6.610 6.606 6.600 6.596 6.595 6.597 6.603 6.614
6.349 6.348 6.348 6.348 6.349 6.350 6.351 6.353 6.356 6.359 6.362 6.366 6.370 6.375 6.379 6.384 6.389 6.395 6.400 6.405 6.411 6.416 6.421 6.425 6.430 6.435 6.440 6.446 6.451 6.457 6.463 6.468 6.474 6.480 6.486 6.491 6.497 6.502 6.508 6.514 6.519 6.525 6.530 6.536 6.541 6.545 6.550 6.554 6.559 6.563 6.568 6.572 6.577 6.581 6.585 6.590 6.594 6.598 6.602 6.606 6.609 6.613 6.616 6.619 6.621 6.623 6.623 6.622 6.619 6.614 6.608 6.602 6.597 6.595 6.597 6.603 6.614
6.365 6.365 6.364 6.364 6.365 6.366 6.367 6.368 6.370 6.373 6.376 6.379 6.383 6.387 6.391 6.396 6.401 6.406 6.411 6.416 6.421 6.426 6.430 6.434 6.439 6.444 6.449 6.454 6.459 6.465 6.470 6.476 6.481 6.487 6.493 6.498 6.504 6.509 6.515 6.521 6.526 6.532 6.538 6.543 6.549 6.553 6.557 6.562 6.566 6.571 6.575 6.580 6.584 6.589 6.593 6.598 6.602 6.606 6.609 6.613 6.617 6.620 6.623 6.625 6.628 6.629 6.629 6.627 6.623 6.618 6.611 6.604 6.598 6.596 6.598 6.605 6.616
6.380 6.380 6.380 6.380 6.381 6.381 6.382 6.383 6.385 6.387 6.389 6.392 6.396 6.399 6.403 6.408 6.412 6.417 6.422 6.427 6.432 6.436 6.440 6.444 6.448 6.453 6.457 6.462 6.467 6.473 6.478 6.483 6.489 6.494 6.500 6.505 6.511 6.517 6.522 6.528 6.534 6.539 6.545 6.551 6.556 6.560 6.565 6.569 6.574 6.578 6.583 6.588 6.592 6.597 6.601 6.605 6.609 6.613 6.617 6.621 6.624 6.627 6.630 6.632 6.634 6.635 6.635 6.633 6.628 6.622 6.615 6.607 6.601 6.598 6.600 6.607 6.619
6.394 6.395 6.395 6.396 6.396 6.396 6.397 6.398 6.399 6.401 6.403 6.406 6.409 6.412 6.416 6.420 6.424 6.428 6.433 6.438 6.443 6.447 6.450 6.454 6.458 6.462 6.467 6.471 6.476 6.481 6.486 6.491 6.497 6.502 6.508 6.513 6.519 6.524 6.530 6.535 6.541 6.547 6.553 6.559 6.564 6.568 6.572 6.577 6.582 6.586 6.591 6.596 6.600 6.605 6.609 6.613 6.617 6.621 6.625 6.628 6.631 6.634 6.637 6.639 6.641 6.642 6.641 6.638 6.633 6.627 6.619 6.611 6.604 6.602 6.603 6.610 6.622
6.408 6.409 6.410 6.410 6.411 6.411 6.412 6.413 6.414 6.415 6.417 6.419 6.422 6.425 6.428 6.432 6.436 6.440 6.445 6.449 6.454 6.458 6.461 6.464 6.468 6.472 6.476 6.481 6.485 6.490 6.495 6.500 6.505 6.510 6.515 6.521 6.526 6.532 6.537 6.543 6.549 6.554 6.560 6.566 6.571 6.575 6.580 6.585 6.589 6.594 6.599 6.603 6.608 6.613 6.617 6.621 6.625 6.629 6.632 6.636 6.639 6.642 6.644 6.646 6.647 6.648 6.647 6.644 6.639 6.633 6.625 6.616 6.609 6.606 6.607 6.614 6.626
6.420 6.422 6.423 6.424 6.425 6.426 6.426 6.427 6.428 6.429 6.431 6.433 6.435 6.438 6.441 6.444 6.448 6.452 6.456 6.461 6.465 6.469 6.472 6.475 6.479 6.482 6.486 6.491 6.495 6.499 6.504 6.509 6.514 6.519 6.524 6.529 6.534 6.540 6.545 6.551 6.556 6.562 6.568 6.574 6.579 6.583 6.588 6.592 6.597 6.602 6.607 6.611 6.616 6.620 6.625 6.629 6.633 6.637 6.640 6.643 6.646 6.649 6.651 6.653 6.654 6.655 6.654 6.651 6.646 6.640 6.631 6.622 6.614 6.611 6.612 6.618 6.632
6.432 6.434 6.436 6.438 6.439 6.440 6.441 6.441 6.442 6.443 6.445 6.446 6.448 6.451 6.454 6.457 6.460 6.464 6.468 6.472 6.477 6.480 6.483 6.486 6.489 6.493 6.497 6.501 6.505 6.509 6.513 6.518 6.523 6.527 6.532 6.537 6.543 6.548 6.553 6.559 6.565 6.570 6.577 6.582 6.586 6.591 6.596 6.600 6.605 6.610 6.614 6.619 6.624 6.628 6.633 6.637 6.641 6.644 6.648 6.651 6.654 6.656 6.658 6.660 6.661 6.662 6.661 6.658 6.653 6.647 6.638 6.628 6.620 6.617 6.618 6.624 6.639
6.443 6.446 6.448 6.450 6.452 6.453 6.454 6.455 6.456 6.457 6.458 6.460 6.462 6.464 6.466 6.469 6.472 6.476 6.480 6.484 6.488 6.491 6.494 6.497 6.500 6.504 6.507 6.511 6.515 6.519 6.523 6.528 6.532 6.537 6.541 6.546 6.551 6.556 6.562 6.567 6.573 6.579 6.585 6.590 6.594 6.599 6.604 6.608 6.613 6.618 6.622 6.627 6.632 6.636 6.640 6.644 6.648 6.652 6.655 6.658 6.661 6.664 6.666 6.667 6.669 6.669 6.669 6.666 6.661 6.655 6.646 6.636 6.627 6.624 6.625 6.632 6.648
6.453 6.457 6.460 6.462 6.464 6.466 6.467 6.468 6.469 6.470 6.472 6.473 6.475 6.476 6.479 6.481 6.484 6.488 6.492 6.496 6.500 6.502 6.505 6.508 6.511 6.515 6.518 6.522 6.526 6.529 6.533 6.537 6.542 6.546 6.551 6.555 6.560 6.565 6.570 6.576 6.581 6.587 6.593 6.598 6.603 6.607 6.612 6.616 6.621 6.626 6.630 6.635 6.639 6.644 6.648 6.652 6.656 6.660 6.663 6.666 6.669 6.671 6.673 6.675 6.676 6.677 6.677 6.674 6.670 6.664 6.655 6.644 6.635 6.631 6.633 6.641 6.658
6.463 6.467 6.470 6.474 6.476 6.478 6.480 6.481 6.482 6.484 6.485 6.486 6.487 6.489 6.491 6.494 6.496 6.500 6.503 6.507 6.511 6.514 6.516 6.519 6.522 6.526 6.529 6.533 6.536 6.540 6.544 6.548 6.552 6.556 6.560 6.565 6.570 6.574 6.579 6.585 6.590 6.596 6.601 6.606 6.611 6.615 6.620 6.624 6.629 6.634 6.638 6.643 6.647 6.652 6.656 6.660 6.664 6.667 6.671 6.674 6.676 6.679 6.681 6.683 6.685 6.686 6.686 6.683 6.680 6.674 6.665 6.653 6.644 6.641 6.643 6.652 6.671
6.472 6.476 6.480 6.484 6.487 6.490 6.492 6.494 6.495 6.496 6.497 6.499 6.500 6.502 6.504 6.506 6.508 6.511 6.515 6.519 6.522 6.525 6.527 6.530 6.533 6.537 6.540 6.544 6.547 6.551 6.554 6.558 6.562 6.566 6.570 6.575 6.579 6.584 6.589 6.594 6.599 6.604 6.610 6.615 6.619 6.624 6.628 6.633 6.637 6.642 6.646 6.651 6.655 6.660 6.664 6.668 6.672 6.675 6.679 6.682 6.684 6.687 6.690 6.692 6.694 6.695 6.695 6.693 6.690 6.684 6.675 6.664 6.654 6.652 6.655 6.666 6.687
6.480 6.485 6.490 6.494 6.497 6.501 6.503 6.505 6.507 6.509 6.510 6.511 6.512 6.514 6.516 6.518 6.520 6.523 6.526 6.530 6.533 6.536 6.538 6.541 6.544 6.548 6.551 6.554 6.558 6.561 6.565 6.569 6.573 6.576 6.581 6.585 6.589 6.594 6.598 6.603 6.608 6.613 6.619 6.624 6.628 6.632 6.637 6.641 6.646 6.650 6.655 6.659 6.664 6.668 6.672 6.676 6.680 6.683 6.687 6.690 6.693 6.696 6.698 6.701 6.703 6.705 6.705 6.704 6.701 6.695 6.687 6.676 6.667 6.666 6.670 6.682 6.705
6.487 6.493 6.498 6.503 6.507 6.511 6.514 6.516 6.519 6.520 6.522 6.523 6.525 6.526 6.528 6.530 6.532 6.534 6.537 6.541 6.544 6.546 6.549 6.552 6.555 6.558 6.562 6.565 6.569 6.572 6.576 6.579 6.583 6.587 6.591 6.595 6.599 6.604 6.608 6.613 6.618 6.623 6.628 6.633 6.637 6.641 6.646 6.650 6.654 6.659 6.663 6.668 6.672 6.676 6.680 6.684 6.688 6.692 6.695 6.699 6.702 6.705 6.708 6.711 6.713 6.716 6.716 6.716 6.713 6.708 6.700 6.689 6.682 6.682 6.688 6.701 6.727
6.494 6.500 6.506 6.511 6.516 6.520 6.524 6.527 6.529 6.532 6.533 6.535 6.536 6.538 6.539 6.541 6.543 6.546 6.548 6.552 6.555 6.557 6.560 6.562 6.566 6.569 6.572 6.576 6.579 6.583 6.587 6.590 6.594 6.598 6.602 6.606 6.610 6.614 6.618 6.623 6.628 6.633 6.638 6.643 6.647 6.651 6.655 6.659 6.663 6.668 6.672 6.676 6.681 6.685 6.689 6.693 6.697 6.701 6.705 6.708 6.711 6.715 6.718 6.721 6.724 6.727 6.728 6.728 6.726 6.722 6.714 6.705 6.699 6.700 6.708 6.723 6.750
6.501 6.507 6.513 6.519 6.524 6.529 6.533 6.537 6.540 6.542 6.544 6.546 6.548 6.549 6.551 6.553 6.554 6.557 6.559 6.562 6.565 6.567 6.570 6.573 6.576 6.579 6.583 6.586 6.590 6.594 6.597 6.601 6.605 6.608 6.612 6.616 6.620 6.624 6.629 6.633 6.638 6.643 6.648 6.652 6.656 6.660 6.664 6.668 6.673 6.677 6.681 6.686 6.690 6.694 6.698 6.702 6.707 6.710 6.714 6.718 6.722 6.725 6.729 6.733 6.736 6.739 6.741 6.742 6.741 6.737 6.731 6.723 6.717 6.720 6.730 6.746 6.775
6.506 6.514 6.520 6.526 6.532 6.537 6.542 6.546 6.549 6.552 6.555 6.557 6.559 6.560 6.562 6.564 6.566 6.568 6.570 6.573 6.576 6.578 6.580 6.583 6.586 6.589 6.593 6.597 6.600 6.604 6.608 6.611 6.615 6.619 6.623 6.627 6.631 6.635 6.639 6.644 6.648 6.653 6.658 6.662 6.666 6.670 6.674 6.678 6.682 6.687 6.691 6.695 6.700 6.704 6.708 6.712 6.717 6.721 6.725 6.729 6.733 6.737 6.741 6.745 6.749 6.752 6.755 6.756 6.756 6.754 6.749 6.742 6.738 6.742 6.753 6.770 6.800
6.512 6.519 6.526 6.533 6.539 6.545 6.550 6.554 6.558 6.562 6.564 6.567 6.569 6.571 6.573 6.574 6.576 6.578 6.581 6.583 6.586 6.588 6.590 6.593 6.596 6.599 6.603 6.607 6.610 6.614 6.618 6.622 6.626 6.629 6.633 6.637 6.641 6.645 6.650 6.654 6.659 6.663 6.668 6.673 6.677 6.680 6.684 6.688 6.692 6.697 6.701 6.705 6.710 6.714 6.719 6.723 6.727 6.732 6.736 6.740 6.745 6.749 6.753 6.758 6.762 6.767 6.770 6.772 6.774 6.773 6.768 6.762 6.759 6.765 6.777 6.795 6.825
6.517 6.525 6.532 6.539 6.546 6.552 6.557 6.562 6.567 6.570 6.574 6.576 6.579 6.581 6.583 6.585 6.587 6.589 6.591 6.594 6.596 6.598 6.600 6.603 6.606 6.609 6.613 6.616 6.620 6.624 6.628 6.632 6.636 6.640 6.644 6.648 6.652 6.656 6.660 6.665 6.669 6.674 6.679 6.684 6.687 6.691 6.695 6.699 6.703 6.707 6.712 6.716 6.721 6.725 6.730 6.734 6.739 6.743 6.748 6.753 6.757 6.762 6.767 6.772 6.777 6.782 6.786 6.790 6.792 6.792 6.789 6.784 6.783 6.789 6.801 6.820 6.850
6.521 6.529 6.537 6.545 6.552 6.558 6.564 6.569 6.574 6.578 6.582 6.585 6.588 6.591 6.593 6.595 6.597 6.599 6.601 6.604 6.606 6.608 6.610 6.612 6.615 6.618 6.622 6.626 6.630 6.634 6.638 6.642 6.646 6.650 6.654 6.658 6.662 6.666 6.671 6.675 6.680 6.685 6.690 6.694 6.698 6.702 6.706 6.710 6.714 6.719 6.723 6.728 6.732 6.737 6.742 6.746 6.751 6.756 6.761 6.766 6.771 6.776 6.781 6.787 6.793 6.799 6.804 6.808 6.811 6.813 6.811 6.808 6.806 6.813 6.826 6.845 6.875
6.526 6.534 6.542 6.550 6.557 6.564 6.570 6.576 6.581 6.586 6.590 6.594 6.597 6.600 6.602 6.604 6.607 6.609 6.611 6.614 6.616 6.617 6.619 6.622 6.624 6.628 6.631 6.635 6.639 6.643 6.647 6.651 6.655 6.660 6.664 6.668 6.672 6.677 6.681 6.686 6.691 6.696 6.701 6.705 6.709 6.713 6.717 6.722 6.726 6.730 6.735 6.740 6.745 6.749 6.754 6.759 6.764 6.770 6.775 6.780 6.786 6.791 6.797 6.803 6.810 6.817 6.822 6.827 6.832 6.835 6.834 6.831 6.830 6.837 6.850 6.869 6.899
6.530 6.538 6.547 6.555 6.562 6.569 6.576 6.582 6.588 6.593 6.598 6.602 6.605 6.608 6.611 6.614 6.616 6.618 6.621 6.623 6.625 6.627 6.629 6.631 6.634 6.637 6.640 6.644 6.648 6.652 6.656 6.661 6.665 6.669 6.674 6.678 6.682 6.687 6.692 6.696 6.701 6.707 6.712 6.717 6.721 6.725 6.729 6.733 6.738 6.743 6.748 6.752 6.757 6.763 6.768 6.773 6.778 6.784 6.790 6.795 6.801 6.807 6.814 6.821 6.828 6.835 6.842 6.848 6.854 6.858 6.858 6.855 6.854 6.862 6.875 6.894 6.924
6.533 6.542 6.551 6.559 6.567 6.574 6.581 6.588 6.594 6.599 6.604 6.609 6.613 6.616 6.619 6.622 6.625 6.627 6.630 6.632 6.634 6.636 6.638 6.640 6.642 6.645 6.649 6.653 6.657 6.661 6.665 6.669 6.674 6.678 6.683 6.688 6.692 6.697 6.702 6.707 6.712 6.718 6.723 6.728 6.732 6.736 6.741 6.746 6.750 6.755 6.760 6.766 6.771 6.776 6.782 6.788 6.793 6.799 6.805 6.811 6.818 6.824 6.831 6.839 6.847 6.855 6.862 6.870 6.876 6.881 6.882 6.880 6.879 6.887 6.900 6.919 6.950
6.537 6.546 6.555 6.563 6.571 6.579 6.586 6.593 6.600 6.605 6.611 6.616 6.620 6.624 6.627 6.630 6.633 6.636 6.639 6.641 6.643 6.645 6.647 6.649 6.651 6.654 6.657 6.661 6.665 6.669 6.674 6.678 6.683 6.687 6.692 6.697 6.702 6.707 6.712 6.717 6.723 6.729 6.734 6.739 6.743 6.748 6.753 6.758 6.763 6.768 6.774 6.779 6.785 6.791 6.797 6.803 6.809 6.815 6.822 6.828 6.835 6.842 6.850 6.858 6.867 6.876 6.884 6.892 6.900 6.905 6.907 6.905 6.905 6.913 6.926 6.945 6.977
6.540 6.549 6.558 6.567 6.575 6.583 6.591 6.598 6.605 6.611 6.617 6.622 6.627 6.631 6.635 6.638 6.641 6.644 6.647 6.650 6.652 6.654 6.655 6.657 6.660 6.663 6.666 6.669 6.673 6.678 6.682 6.687 6.691 6.696 6.701 6.706 6.711 6.716 6.722 6.727 6.733 6.739 6.745 6.750 6.755 6.760 6.765 6.771 6.776 6.782 6.788 6.794 6.800 6.806 6.812 6.819 6.825 6.832 6.839 6.846 6.853 6.861 6.869 6.878 6.888 6.897 6.906 6.915 6.924 6.930 6.932 6.931 6.931 6.939 6.953 6.973 7.004
6.544 6.553 6.562 6.571 6.579 6.588 6.595 6.603 6.610 6.616 6.622 6.628 6.633 6.638 6.642 6.646 6.649 6.652 6.655 6.658 6.661 6.662 6.664 6.666 6.668 6.671 6.674 6.678 6.682 6.686 6.690 6.695 6.700 6.705 6.710 6.715 6.720 6.726 6.731 6.737 6.743 6.750 6.756 6.761 6.766 6.772 6.777 6.783 6.789 6.795 6.802 6.808 6.814 6.821 6.828 6.835 6.842 6.849 6.856 6.864 6.872 6.880 6.889 6.899 6.909 6.919 6.929 6.939 6.948 6.955 6.958 6.957 6.958 6.966 6.980 7.000 7.032
6.547 6.556 6.566 6.575 6.583 6.592 6.600 6.607 6.615 6.621 6.628 6.634 6.639 6.644 6.648 6.653 6.656 6.660 6.663 6.667 6.669 6.670 6.672 6.674 6.677 6.679 6.682 6.686 6.690 6.694 6.698 6.703 6.708 6.713 6.718 6.724 6.729 6.735 6.741 6.747 6.754 6.760 6.767 6.772 6.778 6.784 6.790 6.796 6.802 6.809 6.816 6.822 6.829 6.837 6.844 6.851 6.859 6.867 6.875 6.883 6.891 6.900 6.910 6.920 6.931 6.941 6.952 6.963 6.973 6.981 6.984 6.984 6.984 6.993 7.007 7.026 7.058
6.550 6.560 6.569 6.578 6.587 6.596 6.604 6.612 6.619 6.626 6.633 6.639 6.645 6.650 6.655 6.659 6.664 6.667 6.671 6.675 6.677 6.678 6.680 6.682 6.685 6.688 6.691 6.694 6.698 6.702 6.707 6.711 6.716 6.722 6.727 6.733 6.738 6.744 6.751 6.757 6.764 6.771 6.777 6.783 6.789 6.796 6.802 6.809 6.816 6.823 6.830 6.837 6.845 6.852 6.860 6.868 6.876 6.885 6.893 6.902 6.911 6.921 6.931 6.941 6.953 6.964 6.975 6.987 6.998 7.006 7.010 7.010 7.011 7.019 7.033 7.052 7.084
6.553 6.563 6.573 6.582 6.591 6.600 6.608 6.616 6.624 6.631 6.638 6.644 6.650 6.656 6.661 6.666 6.671 6.675 6.679 6.683 6.685 6.687 6.689 6.691 6.693 6.696 6.699 6.702 6.706 6.710 6.715 6.720 6.725 6.730 6.736 6.742 6.748 6.754 6.760 6.767 6.774 6.781 6.788 6.794 6.801 6.808 6.815 6.822 6.829 6.836 6.844 6.852 6.860 6.868 6.877 6.885 6.894 6.903 6.912 6.921 6.931 6.941 6.952 6.963 6.975 6.987 6.999 7.011 7.022 7.032 7.036 7.036 7.037 7.046 7.059 7.078 7.108
6.557 6.567 6.576 6.586 6.595 6.604 6.612 6.620 6.628 6.636 6.643 6.650 6.656 6.662 6.667 6.673 6.677 6.682 6.686 6.690 6.692 6.694 6.697 6.699 6.702 6.704 6.707 6.711 6.715 6.719 6.723 6.728 6.733 6.739 6.745 6.751 6.757 6.763 6.770 6.777 6.784 6.792 6.799 6.806 6.813 6.820 6.827 6.834 6.842 6.850 6.858 6.867 6.875 6.884 6.893 6.902 6.911 6.921 6.931 6.940 6.951 6.961 6.973 6.984 6.997 7.010 7.022 7.035 7.047 7.057 7.062 7.062 7.062 7.071 7.084 7.101 7.131
6.560 6.570 6.580 6.589 6.599 6.608 6.616 6.625 6.633 6.641 6.648 6.655 6.661 6.668 6.674 6.679 6.684 6.689 6.694 6.697 6.700 6.703 6.705 6.707 6.710 6.713 6.716 6.720 6.723 6.728 6.732 6.737 6.742 6.748 6.754 6.760 6.766 6.773 6.780 6.787 6.794 6.802 6.810 6.817 6.824 6.832 6.839 6.847 6.856 6.864 6.873 6.882 6.891 6.900 6.909 6.919 6.929 6.939 6.949 6.960 6.971 6.982 6.994 7.006 7.019 7.032 7.045 7.058 7.071 7.081 7.087 7.087 7.086 7.094 7.107 7.124 7.152
6.564 6.574 6.584 6.593 6.603 6.612 6.621 6.629 6.638 6.646 6.653 6.660 6.667 6.674 6.680 6.685 6.691 6.696 6.701 6.705 6.708 6.711 6.713 6.716 6.719 6.722 6.725 6.728 6.732 6.737 6.741 6.746 6.751 6.757 6.763 6.769 6.776 6.782 6.790 6.797 6.805 6.813 6.821 6.828 6.836 6.844 6.852 6.860 6.869 6.878 6.887 6.896 6.906 6.916 6.926 6.936 6.946 6.957 6.968 6.979 6.990 7.002 7.014 7.027 7.041 7.054 7.068 7.081 7.095 7.105 7.111 7.110 7.110 7.119 7.130 7.147 7.174
