version1/TsunamiDB/out54191.asc
ncols          264
nrows          230
xllcorner      497853.4375
yllcorner      4229146.0000
cellsize         5.
NODATA_value   -99
[rows 68 to 101 of 230, columns 154 to 230 of 264]
6.862 6.864 6.867 6.870 6.872 6.875 6.878 6.880 6.883 6.885 6.888 6.890 6.893 6.895 6.898 6.900 6.903 6.906 6.909 6.912 6.915 6.918 6.921 6.924 6.927 6.930 6.933 6.937 6.940 6.944 6.948 6.952 6.956 6.960 6.964 6.968 6.972 6.977 6.981 6.985 6.990 6.995 6.999 7.003 7.008 7.012 7.016 7.020 7.024 7.028 7.032 7.036 7.040 7.044 7.048 7.052 7.056 7.060 7.064 7.068 7.072 7.076 7.080 7.083 7.087 7.090 7.093 7.096 7.098 7.099 7.098 7.092 7.084 7.079 7.074 7.069 7.068
6.860 6.863 6.865 6.868 6.870 6.873 6.875 6.878 6.880 6.883 6.885 6.888 6.890 6.893 6.895 6.898 6.900 6.903 6.906 6.909 6.912 6.915 6.918 6.921 6.924 6.927 6.930 6.933 6.937 6.941 6.944 6.948 6.952 6.956 6.960 6.964 6.969 6.973 6.977 6.982 6.986 6.991 6.995 7.000 7.004 7.008 7.013 7.017 7.021 7.025 7.029 7.033 7.037 7.041 7.045 7.049 7.053 7.057 7.061 7.065 7.069 7.073 7.077 7.081 7.085 7.088 7.091 7.094 7.097 7.098 7.097 7.092 7.084 7.080 7.075 7.070 7.070
6.858 6.861 6.863 6.866 6.868 6.871 6.873 6.876 6.878 6.881 6.883 6.885 6.888 6.890 6.893 6.895 6.898 6.900 6.903 6.906 6.909 6.912 6.914 6.917 6.920 6.923 6.927 6.930 6.933 6.937 6.941 6.944 6.948 6.952 6.956 6.960 6.964 6.969 6.973 6.978 6.982 6.987 6.992 6.996 7.000 7.005 7.009 7.013 7.017 7.022 7.026 7.030 7.034 7.038 7.042 7.046 7.050 7.054 7.058 7.062 7.066 7.070 7.074 7.078 7.082 7.086 7.090 7.093 7.096 7.098 7.097 7.092 7.085 7.081 7.077 7.073 7.073
6.856 6.859 6.861 6.864 6.866 6.869 6.871 6.873 6.876 6.878 6.881 6.883 6.885 6.888 6.890 6.892 6.895 6.897 6.900 6.903 6.906 6.908 6.911 6.914 6.917 6.920 6.923 6.926 6.930 6.933 6.937 6.940 6.944 6.948 6.952 6.956 6.960 6.965 6.969 6.973 6.978 6.983 6.988 6.992 6.997 7.001 7.005 7.010 7.014 7.018 7.022 7.027 7.031 7.035 7.039 7.043 7.047 7.051 7.055 7.059 7.063 7.068 7.072 7.076 7.080 7.084 7.088 7.091 7.095 7.097 7.097 7.093 7.086 7.082 7.079 7.076 7.077
6.854 6.856 6.859 6.861 6.864 6.866 6.869 6.871 6.873 6.876 6.878 6.880 6.883 6.885 6.887 6.890 6.892 6.895 6.897 6.900 6.903 6.905 6.908 6.911 6.914 6.916 6.920 6.923 6.926 6.929 6.933 6.937 6.940 6.944 6.948 6.952 6.956 6.961 6.965 6.969 6.974 6.979 6.984 6.988 6.993 6.997 7.002 7.006 7.011 7.015 7.019 7.023 7.028 7.032 7.036 7.040 7.044 7.048 7.053 7.057 7.061 7.065 7.069 7.074 7.078 7.082 7.086 7.090 7.094 7.097 7.097 7.093 7.087 7.084 7.081 7.078 7.081
6.852 6.854 6.857 6.859 6.862 6.864 6.866 6.869 6.871 6.873 6.876 6.878 6.880 6.882 6.885 6.887 6.889 6.892 6.894 6.897 6.900 6.902 6.905 6.907 6.910 6.913 6.916 6.919 6.922 6.926 6.929 6.933 6.936 6.940 6.944 6.948 6.952 6.957 6.961 6.965 6.970 6.975 6.980 6.984 6.989 6.994 6.998 7.003 7.007 7.012 7.016 7.020 7.025 7.029 7.033 7.037 7.042 7.046 7.050 7.054 7.058 7.063 7.067 7.072 7.076 7.081 7.085 7.089 7.093 7.097 7.097 7.093 7.088 7.086 7.084 7.082 7.085
6.850 6.852 6.855 6.857 6.860 6.862 6.864 6.867 6.869 6.871 6.873 6.875 6.878 6.880 6.882 6.884 6.887 6.889 6.892 6.894 6.897 6.899 6.902 6.904 6.907 6.910 6.913 6.916 6.919 6.922 6.926 6.929 6.933 6.936 6.940 6.944 6.948 6.953 6.957 6.961 6.966 6.971 6.976 6.981 6.985 6.990 6.995 6.999 7.004 7.008 7.013 7.017 7.022 7.026 7.030 7.035 7.039 7.043 7.048 7.052 7.056 7.061 7.065 7.070 7.075 7.079 7.084 7.088 7.093 7.097 7.098 7.095 7.090 7.088 7.087 7.085 7.089
6.848 6.851 6.853 6.855 6.858 6.860 6.862 6.864 6.867 6.869 6.871 6.873 6.875 6.878 6.880 6.882 6.884 6.886 6.889 6.892 6.894 6.896 6.899 6.901 6.904 6.907 6.910 6.912 6.916 6.919 6.922 6.926 6.929 6.933 6.937 6.941 6.945 6.949 6.953 6.958 6.962 6.967 6.972 6.977 6.982 6.986 6.991 6.996 7.001 7.005 7.010 7.015 7.019 7.024 7.028 7.032 7.037 7.041 7.045 7.050 7.054 7.059 7.063 7.068 7.073 7.078 7.083 7.088 7.093 7.097 7.098 7.096 7.091 7.090 7.090 7.089 7.093
6.847 6.849 6.851 6.854 6.856 6.858 6.860 6.863 6.865 6.867 6.869 6.871 6.873 6.875 6.878 6.880 6.882 6.884 6.887 6.889 6.891 6.894 6.896 6.899 6.901 6.904 6.907 6.909 6.912 6.916 6.919 6.922 6.926 6.929 6.933 6.937 6.941 6.945 6.950 6.954 6.959 6.964 6.969 6.973 6.978 6.983 6.988 6.993 6.998 7.002 7.007 7.012 7.017 7.021 7.026 7.030 7.035 7.039 7.044 7.048 7.052 7.057 7.062 7.067 7.072 7.077 7.082 7.087 7.093 7.097 7.099 7.096 7.092 7.091 7.092 7.092 7.096
6.846 6.848 6.850 6.852 6.854 6.857 6.859 6.861 6.863 6.865 6.867 6.869 6.871 6.873 6.876 6.878 6.880 6.882 6.884 6.887 6.889 6.891 6.894 6.896 6.899 6.901 6.904 6.907 6.910 6.913 6.916 6.919 6.923 6.926 6.930 6.934 6.938 6.942 6.946 6.951 6.955 6.960 6.965 6.970 6.975 6.980 6.985 6.990 6.995 7.000 7.005 7.009 7.014 7.019 7.024 7.028 7.033 7.037 7.042 7.046 7.051 7.056 7.060 7.066 7.071 7.076 7.082 7.087 7.093 7.097 7.099 7.097 7.093 7.094 7.095 7.095 7.101
6.845 6.847 6.849 6.851 6.853 6.855 6.857 6.860 6.862 6.864 6.866 6.868 6.870 6.872 6.874 6.876 6.878 6.880 6.883 6.885 6.887 6.889 6.891 6.894 6.896 6.899 6.901 6.904 6.907 6.910 6.913 6.916 6.920 6.923 6.927 6.931 6.935 6.939 6.943 6.947 6.952 6.957 6.962 6.967 6.972 6.977 6.982 6.987 6.992 6.997 7.002 7.007 7.012 7.017 7.022 7.026 7.031 7.036 7.041 7.045 7.050 7.055 7.060 7.065 7.070 7.076 7.081 7.087 7.093 7.097 7.099 7.098 7.095 7.097 7.099 7.100 7.107
6.844 6.846 6.848 6.850 6.852 6.854 6.856 6.858 6.860 6.862 6.864 6.866 6.868 6.870 6.872 6.874 6.876 6.878 6.881 6.883 6.885 6.887 6.890 6.892 6.894 6.897 6.899 6.902 6.905 6.907 6.911 6.914 6.917 6.920 6.924 6.928 6.932 6.936 6.940 6.945 6.949 6.954 6.959 6.964 6.969 6.974 6.979 6.984 6.989 6.995 7.000 7.005 7.010 7.015 7.020 7.025 7.030 7.035 7.040 7.044 7.049 7.054 7.059 7.064 7.070 7.075 7.081 7.087 7.093 7.097 7.099 7.099 7.097 7.100 7.103 7.107 7.115
6.844 6.846 6.848 6.850 6.852 6.854 6.856 6.858 6.860 6.862 6.863 6.865 6.867 6.869 6.871 6.873 6.875 6.877 6.880 6.882 6.884 6.886 6.888 6.890 6.892 6.895 6.897 6.900 6.903 6.905 6.908 6.912 6.915 6.918 6.922 6.925 6.929 6.933 6.937 6.942 6.947 6.952 6.956 6.961 6.966 6.972 6.977 6.982 6.987 6.993 6.998 7.003 7.008 7.014 7.019 7.024 7.029 7.034 7.039 7.044 7.049 7.054 7.059 7.064 7.070 7.075 7.081 7.087 7.093 7.097 7.100 7.100 7.100 7.104 7.110 7.115 7.125
6.843 6.845 6.847 6.849 6.851 6.853 6.855 6.857 6.859 6.861 6.863 6.865 6.867 6.868 6.870 6.872 6.874 6.876 6.879 6.881 6.883 6.885 6.887 6.889 6.891 6.893 6.896 6.898 6.901 6.904 6.907 6.910 6.913 6.916 6.920 6.923 6.927 6.931 6.935 6.940 6.944 6.949 6.954 6.959 6.964 6.969 6.975 6.980 6.985 6.991 6.996 7.002 7.007 7.012 7.018 7.023 7.028 7.033 7.039 7.044 7.049 7.054 7.059 7.064 7.070 7.075 7.081 7.087 7.093 7.098 7.101 7.103 7.104 7.110 7.117 7.124 7.137
6.844 6.846 6.848 6.849 6.851 6.853 6.855 6.857 6.859 6.861 6.862 6.864 6.866 6.868 6.870 6.872 6.874 6.876 6.878 6.880 6.882 6.884 6.886 6.888 6.890 6.892 6.895 6.897 6.900 6.902 6.905 6.908 6.911 6.915 6.918 6.922 6.925 6.929 6.933 6.938 6.943 6.947 6.952 6.957 6.962 6.967 6.973 6.978 6.984 6.989 6.995 7.000 7.006 7.011 7.017 7.022 7.028 7.033 7.039 7.044 7.049 7.054 7.059 7.064 7.070 7.075 7.081 7.087 7.092 7.098 7.103 7.106 7.109 7.116 7.125 7.134 7.150
6.844 6.846 6.848 6.850 6.852 6.853 6.855 6.857 6.859 6.861 6.862 6.864 6.866 6.868 6.870 6.871 6.873 6.876 6.878 6.880 6.881 6.883 6.885 6.887 6.889 6.892 6.894 6.896 6.899 6.901 6.904 6.907 6.910 6.913 6.917 6.920 6.924 6.928 6.932 6.936 6.941 6.946 6.951 6.956 6.961 6.966 6.971 6.977 6.982 6.988 6.994 6.999 7.005 7.011 7.017 7.022 7.028 7.033 7.039 7.045 7.050 7.055 7.060 7.065 7.070 7.075 7.081 7.086 7.093 7.099 7.105 7.109 7.114 7.123 7.133 7.145 7.162
6.845 6.847 6.848 6.850 6.852 6.854 6.856 6.857 6.859 6.861 6.863 6.864 6.866 6.868 6.870 6.871 6.873 6.875 6.878 6.879 6.881 6.883 6.885 6.887 6.889 6.891 6.894 6.896 6.898 6.901 6.904 6.906 6.909 6.913 6.916 6.919 6.923 6.927 6.931 6.935 6.940 6.945 6.949 6.954 6.959 6.965 6.970 6.976 6.981 6.987 6.993 6.999 7.005 7.011 7.016 7.022 7.028 7.034 7.040 7.046 7.051 7.056 7.061 7.066 7.071 7.075 7.081 7.086 7.093 7.100 7.107 7.113 7.119 7.130 7.142 7.156 7.175
6.846 6.848 6.849 6.851 6.853 6.855 6.856 6.858 6.860 6.861 6.863 6.865 6.867 6.868 6.870 6.872 6.874 6.876 6.878 6.880 6.881 6.883 6.885 6.887 6.889 6.891 6.893 6.896 6.898 6.901 6.903 6.906 6.909 6.912 6.915 6.919 6.922 6.926 6.930 6.934 6.939 6.944 6.949 6.953 6.959 6.964 6.969 6.975 6.981 6.986 6.992 6.998 7.005 7.011 7.017 7.023 7.029 7.035 7.041 7.047 7.053 7.057 7.062 7.066 7.071 7.076 7.081 7.087 7.094 7.102 7.110 7.117 7.125 7.137 7.150 7.166 7.188
6.847 6.849 6.851 6.852 6.854 6.856 6.857 6.859 6.861 6.862 6.864 6.866 6.867 6.869 6.871 6.872 6.874 6.876 6.878 6.880 6.882 6.884 6.886 6.888 6.889 6.892 6.894 6.896 6.898 6.901 6.903 6.906 6.909 6.912 6.915 6.919 6.922 6.926 6.930 6.934 6.939 6.943 6.948 6.953 6.958 6.963 6.969 6.975 6.980 6.986 6.992 6.999 7.005 7.011 7.017 7.024 7.030 7.036 7.043 7.049 7.054 7.059 7.063 7.067 7.072 7.076 7.082 7.088 7.095 7.104 7.113 7.121 7.130 7.144 7.159 7.177 7.200
6.848 6.850 6.852 6.854 6.855 6.857 6.859 6.860 6.862 6.863 6.865 6.867 6.868 6.870 6.871 6.873 6.875 6.877 6.879 6.881 6.883 6.884 6.886 6.888 6.890 6.892 6.894 6.897 6.899 6.901 6.904 6.907 6.909 6.912 6.915 6.919 6.922 6.926 6.930 6.934 6.939 6.943 6.948 6.953 6.958 6.963 6.969 6.974 6.980 6.986 6.993 6.999 7.005 7.012 7.018 7.025 7.031 7.038 7.045 7.051 7.056 7.061 7.065 7.069 7.074 7.078 7.083 7.090 7.098 7.107 7.116 7.126 7.137 7.152 7.168 7.189 7.215
6.850 6.852 6.853 6.855 6.857 6.858 6.860 6.862 6.863 6.865 6.866 6.868 6.869 6.871 6.873 6.874 6.876 6.878 6.880 6.882 6.884 6.885 6.887 6.889 6.891 6.893 6.895 6.897 6.900 6.902 6.905 6.907 6.910 6.913 6.916 6.919 6.923 6.926 6.930 6.934 6.939 6.944 6.948 6.953 6.958 6.964 6.969 6.975 6.981 6.987 6.993 7.000 7.006 7.013 7.020 7.026 7.033 7.040 7.047 7.053 7.059 7.063 7.067 7.072 7.076 7.080 7.086 7.092 7.101 7.110 7.120 7.131 7.146 7.162 7.179 7.203 7.231
6.852 6.854 6.855 6.857 6.859 6.860 6.862 6.863 6.865 6.866 6.868 6.869 6.871 6.872 6.874 6.876 6.877 6.879 6.881 6.883 6.885 6.887 6.888 6.890 6.892 6.894 6.896 6.898 6.901 6.903 6.906 6.908 6.911 6.914 6.917 6.920 6.924 6.927 6.931 6.935 6.940 6.944 6.949 6.954 6.959 6.964 6.970 6.975 6.981 6.988 6.994 7.001 7.007 7.014 7.021 7.028 7.035 7.042 7.049 7.056 7.062 7.066 7.070 7.074 7.079 7.083 7.089 7.095 7.103 7.112 7.124 7.138 7.155 7.173 7.192 7.219 7.251
6.854 6.856 6.857 6.859 6.860 6.862 6.864 6.865 6.866 6.868 6.869 6.871 6.872 6.874 6.876 6.877 6.879 6.881 6.883 6.884 6.886 6.888 6.890 6.892 6.894 6.896 6.898 6.900 6.902 6.904 6.907 6.909 6.912 6.915 6.918 6.921 6.925 6.928 6.932 6.936 6.940 6.945 6.950 6.955 6.960 6.965 6.971 6.976 6.982 6.989 6.995 7.002 7.009 7.016 7.023 7.030 7.037 7.045 7.052 7.059 7.065 7.069 7.073 7.078 7.082 7.087 7.092 7.099 7.107 7.116 7.129 7.145 7.166 7.185 7.206 7.237 7.272
6.856 6.858 6.860 6.861 6.863 6.864 6.866 6.867 6.869 6.870 6.871 6.873 6.874 6.876 6.877 6.879 6.881 6.883 6.885 6.886 6.888 6.890 6.891 6.893 6.895 6.897 6.899 6.901 6.904 6.906 6.908 6.911 6.914 6.916 6.919 6.923 6.926 6.929 6.933 6.937 6.942 6.946 6.951 6.956 6.961 6.966 6.972 6.978 6.984 6.990 6.997 7.003 7.010 7.017 7.025 7.032 7.040 7.047 7.055 7.062 7.068 7.073 7.077 7.082 7.086 7.090 7.095 7.102 7.110 7.120 7.134 7.154 7.178 7.199 7.223 7.257 7.296
6.859 6.860 6.862 6.864 6.865 6.867 6.868 6.869 6.871 6.872 6.874 6.875 6.877 6.878 6.879 6.881 6.883 6.885 6.887 6.888 6.890 6.892 6.893 6.895 6.897 6.899 6.901 6.903 6.905 6.908 6.910 6.913 6.915 6.918 6.921 6.924 6.928 6.931 6.935 6.939 6.943 6.948 6.952 6.957 6.962 6.967 6.973 6.979 6.985 6.991 6.998 7.005 7.012 7.019 7.027 7.035 7.042 7.050 7.058 7.066 7.072 7.077 7.081 7.086 7.090 7.094 7.099 7.106 7.114 7.125 7.141 7.164 7.192 7.215 7.241 7.280 7.322
6.861 6.863 6.865 6.866 6.868 6.869 6.871 6.872 6.873 6.875 6.876 6.878 6.879 6.880 6.882 6.883 6.885 6.887 6.889 6.890 6.892 6.894 6.895 6.897 6.899 6.901 6.903 6.905 6.907 6.910 6.912 6.915 6.917 6.920 6.923 6.926 6.929 6.933 6.936 6.940 6.945 6.949 6.954 6.959 6.964 6.969 6.975 6.981 6.987 6.993 7.000 7.007 7.014 7.021 7.029 7.037 7.045 7.053 7.062 7.070 7.076 7.081 7.085 7.090 7.094 7.098 7.103 7.110 7.119 7.131 7.150 7.176 7.208 7.233 7.261 7.303 7.346
6.864 6.866 6.868 6.869 6.871 6.872 6.874 6.875 6.876 6.878 6.879 6.880 6.882 6.883 6.884 6.886 6.888 6.889 6.891 6.893 6.894 6.896 6.898 6.900 6.901 6.903 6.905 6.907 6.910 6.912 6.914 6.917 6.919 6.922 6.925 6.928 6.931 6.935 6.938 6.942 6.947 6.951 6.956 6.961 6.966 6.971 6.976 6.982 6.989 6.995 7.002 7.009 7.016 7.024 7.031 7.040 7.048 7.056 7.065 7.073 7.080 7.085 7.089 7.094 7.098 7.102 7.107 7.115 7.124 7.138 7.159 7.188 7.223 7.250 7.281 7.325 7.370
6.868 6.870 6.871 6.873 6.874 6.876 6.877 6.878 6.879 6.881 6.882 6.883 6.885 6.886 6.887 6.889 6.890 6.892 6.894 6.895 6.897 6.899 6.900 6.902 6.904 6.906 6.908 6.910 6.912 6.914 6.917 6.919 6.922 6.924 6.927 6.930 6.934 6.937 6.941 6.945 6.949 6.953 6.958 6.963 6.968 6.973 6.978 6.984 6.991 6.997 7.004 7.011 7.018 7.026 7.034 7.042 7.051 7.060 7.069 7.077 7.085 7.089 7.093 7.097 7.102 7.106 7.111 7.119 7.130 7.145 7.169 7.201 7.241 7.271 7.302 7.348 7.395
6.871 6.873 6.875 6.876 6.878 6.879 6.880 6.882 6.883 6.884 6.885 6.887 6.888 6.889 6.891 6.892 6.893 6.895 6.897 6.898 6.900 6.902 6.903 6.905 6.907 6.909 6.911 6.913 6.915 6.917 6.919 6.922 6.924 6.927 6.930 6.933 6.936 6.939 6.943 6.947 6.951 6.956 6.960 6.965 6.970 6.975 6.981 6.987 6.993 6.999 7.006 7.013 7.020 7.028 7.036 7.045 7.054 7.063 7.072 7.081 7.088 7.093 7.095 7.101 7.106 7.109 7.115 7.124 7.136 7.155 7.180 7.218 7.263 7.292 7.325 7.373 7.421
6.875 6.877 6.879 6.880 6.882 6.883 6.884 6.885 6.887 6.888 6.889 6.890 6.891 6.893 6.894 6.895 6.897 6.899 6.900 6.902 6.903 6.905 6.907 6.908 6.910 6.912 6.914 6.916 6.918 6.920 6.922 6.925 6.927 6.930 6.933 6.936 6.939 6.942 6.946 6.950 6.954 6.958 6.963 6.967 6.972 6.978 6.983 6.989 6.995 7.002 7.008 7.015 7.023 7.031 7.039 7.048 7.057 7.066 7.076 7.084 7.091 7.095 7.099 7.104 7.110 7.114 7.121 7.131 7.146 7.167 7.198 7.239 7.284 7.315 7.347 7.397 7.446
6.879 6.881 6.883 6.884 6.886 6.887 6.888 6.889 6.891 6.892 6.893 6.894 6.895 6.897 6.898 6.899 6.901 6.903 6.904 6.905 6.907 6.908 6.910 6.912 6.913 6.915 6.917 6.919 6.921 6.923 6.926 6.928 6.930 6.933 6.936 6.939 6.942 6.945 6.949 6.953 6.957 6.961 6.966 6.970 6.975 6.980 6.986 6.992 6.998 7.004 7.011 7.018 7.025 7.033 7.041 7.050 7.060 7.069 7.079 7.087 7.094 7.098 7.102 7.109 7.115 7.120 7.128 7.141 7.157 7.182 7.217 7.260 7.306 7.336 7.370 7.420 7.470
6.884 6.886 6.887 6.889 6.890 6.891 6.893 6.894 6.895 6.896 6.897 6.898 6.900 6.901 6.902 6.903 6.905 6.907 6.908 6.909 6.911 6.912 6.914 6.915 6.917 6.919 6.921 6.923 6.925 6.927 6.929 6.932 6.934 6.937 6.939 6.942 6.945 6.949 6.952 6.956 6.960 6.964 6.969 6.973 6.978 6.983 6.989 6.995 7.001 7.007 7.014 7.021 7.028 7.036 7.044 7.053 7.063 7.072 7.081 7.090 7.096 7.101 7.106 7.114 7.121 7.128 7.138 7.152 7.172 7.200 7.237 7.281 7.327 7.358 7.392 7.444 7.494
6.889 6.890 6.892 6.893 6.895 6.896 6.897 6.899 6.900 6.901 6.902 6.903 6.904 6.905 6.906 6.908 6.909 6.911 6.912 6.914 6.915 6.917 6.918 6.920 6.921 6.923 6.925 6.927 6.929 6.931 6.933 6.935 6.938 6.940 6.943 6.946 6.949 6.952 6.956 6.960 6.964 6.968 6.972 6.977 6.981 6.987 6.992 6.998 7.004 7.010 7.017 7.024 7.031 7.039 7.047 7.056 7.065 7.075 7.084 7.092 7.099 7.105 7.111 7.120 7.129 7.138 7.150 7.167 7.190 7.219 7.257 7.301 7.348 7.380 7.414 7.467 7.518
6.894 6.895 6.897 6.899 6.900 6.901 6.902 6.904 6.905 6.906 6.907 6.908 6.909 6.910 6.911 6.913 6.914 6.916 6.917 6.918 6.920 6.921 6.923 6.924 6.926 6.927 6.929 6.931 6.933 6.935 6.937 6.940 6.942 6.945 6.947 6.950 6.953 6.956 6.960 6.964 6.968 6.972 6.976 6.980 6.985 6.990 6.996 7.001 7.007 7.014 7.020 7.027 7.034 7.042 7.050 7.059 7.068 7.077 7.086 7.095 7.102 7.109 7.117 7.128 7.138 7.149 7.164 7.184 7.207 7.237 7.275 7.320 7.370 7.402 7.437 7.490 7.543
