version1/TsunamiDB/out54046.asc
ncols          264
nrows          230
xllcorner      497853.4375
yllcorner      4229146.0000
cellsize         5.
NODATA_value   -99
[rows 192 to 223 of 230, columns 73 to 145 of 264]
4.541 4.585 4.628 4.671 4.712 4.754 4.794 4.834 4.873 4.912 4.950 4.988 5.026 5.064 5.101 5.138 5.176 5.213 5.251 5.288 5.326 5.363 5.401 5.438 5.474 5.509 5.545 5.580 5.613 5.645 5.675 5.703 5.730 5.755 5.778 5.801 5.822 5.844 5.866 5.889 5.914 5.940 5.969 6.000 6.032 6.066 6.100 6.134 6.168 6.203 6.238 6.272 6.304 6.336 6.366 6.394 6.421 6.447 6.471 6.493 6.515 6.536 6.557 6.577 6.599 6.621 6.644 6.668 6.694 6.721 6.749 6.777 6.806
4.565 4.607 4.649 4.691 4.732 4.772 4.812 4.850 4.889 4.926 4.964 5.001 5.037 5.074 5.110 5.146 5.182 5.218 5.255 5.291 5.328 5.364 5.401 5.438 5.473 5.508 5.544 5.578 5.612 5.645 5.676 5.706 5.734 5.760 5.785 5.808 5.830 5.851 5.873 5.895 5.918 5.943 5.971 6.000 6.031 6.064 6.098 6.131 6.166 6.201 6.235 6.270 6.303 6.335 6.366 6.395 6.423 6.450 6.475 6.499 6.522 6.544 6.566 6.588 6.611 6.634 6.657 6.683 6.709 6.737 6.766 6.794 6.824
4.588 4.630 4.671 4.712 4.752 4.791 4.830 4.868 4.905 4.942 4.978 5.014 5.049 5.084 5.119 5.154 5.189 5.224 5.259 5.295 5.330 5.365 5.401 5.437 5.472 5.506 5.542 5.576 5.611 5.644 5.676 5.707 5.736 5.763 5.789 5.813 5.836 5.858 5.879 5.900 5.923 5.946 5.972 6.000 6.029 6.061 6.094 6.127 6.161 6.195 6.230 6.265 6.299 6.331 6.363 6.393 6.422 6.450 6.477 6.502 6.526 6.550 6.573 6.597 6.620 6.644 6.669 6.694 6.722 6.750 6.780 6.809 6.840
4.612 4.653 4.693 4.733 4.772 4.810 4.848 4.885 4.922 4.958 4.993 5.028 5.062 5.096 5.130 5.164 5.197 5.231 5.265 5.299 5.333 5.367 5.402 5.437 5.471 5.505 5.539 5.574 5.608 5.641 5.674 5.706 5.736 5.764 5.791 5.817 5.841 5.863 5.884 5.906 5.927 5.949 5.973 5.999 6.027 6.057 6.088 6.120 6.153 6.188 6.223 6.257 6.291 6.324 6.357 6.388 6.418 6.447 6.475 6.502 6.528 6.553 6.577 6.602 6.626 6.651 6.677 6.703 6.731 6.760 6.790 6.821 6.853
4.636 4.676 4.715 4.755 4.793 4.830 4.867 4.904 4.939 4.974 5.009 5.042 5.076 5.109 5.142 5.174 5.207 5.239 5.272 5.304 5.337 5.370 5.404 5.437 5.470 5.503 5.537 5.571 5.605 5.638 5.671 5.703 5.734 5.764 5.792 5.818 5.843 5.867 5.889 5.910 5.931 5.952 5.974 5.998 6.024 6.052 6.082 6.112 6.144 6.178 6.212 6.246 6.280 6.314 6.347 6.379 6.410 6.440 6.470 6.498 6.525 6.552 6.578 6.604 6.629 6.655 6.681 6.709 6.737 6.767 6.797 6.828 6.861
4.660 4.699 4.738 4.777 4.814 4.851 4.887 4.923 4.957 4.992 5.025 5.058 5.091 5.123 5.154 5.186 5.217 5.248 5.279 5.311 5.342 5.374 5.406 5.439 5.471 5.503 5.536 5.569 5.602 5.635 5.668 5.700 5.731 5.762 5.791 5.818 5.844 5.868 5.891 5.913 5.933 5.954 5.975 5.997 6.021 6.047 6.074 6.103 6.133 6.165 6.198 6.232 6.266 6.300 6.333 6.366 6.398 6.430 6.461 6.491 6.520 6.548 6.576 6.603 6.629 6.656 6.683 6.711 6.739 6.769 6.800 6.831 6.865
4.685 4.723 4.761 4.799 4.836 4.872 4.907 4.942 4.976 5.010 5.042 5.075 5.106 5.137 5.168 5.198 5.228 5.258 5.288 5.318 5.349 5.379 5.410 5.441 5.472 5.503 5.535 5.567 5.600 5.632 5.665 5.697 5.728 5.759 5.789 5.817 5.844 5.869 5.892 5.914 5.935 5.955 5.975 5.996 6.017 6.041 6.066 6.092 6.120 6.150 6.182 6.215 6.248 6.282 6.316 6.350 6.383 6.416 6.448 6.479 6.510 6.540 6.569 6.597 6.625 6.653 6.680 6.709 6.738 6.768 6.799 6.830 6.864
4.710 4.747 4.784 4.822 4.858 4.893 4.928 4.962 4.996 5.028 5.060 5.092 5.123 5.153 5.183 5.212 5.241 5.270 5.298 5.327 5.356 5.385 5.415 5.445 5.474 5.504 5.535 5.567 5.599 5.630 5.662 5.694 5.725 5.756 5.786 5.815 5.842 5.868 5.893 5.915 5.936 5.956 5.975 5.994 6.014 6.035 6.058 6.081 6.106 6.135 6.164 6.196 6.228 6.262 6.295 6.329 6.363 6.397 6.431 6.464 6.496 6.528 6.559 6.588 6.617 6.646 6.674 6.703 6.732 6.762 6.793 6.825 6.859
4.735 4.772 4.808 4.845 4.880 4.915 4.949 4.983 5.016 5.048 5.079 5.110 5.140 5.169 5.198 5.227 5.255 5.282 5.310 5.338 5.365 5.393 5.421 5.450 5.478 5.507 5.537 5.567 5.598 5.629 5.661 5.692 5.723 5.754 5.784 5.813 5.841 5.867 5.892 5.915 5.937 5.956 5.975 5.993 6.011 6.030 6.050 6.071 6.093 6.119 6.146 6.176 6.207 6.239 6.272 6.307 6.341 6.376 6.411 6.445 6.479 6.512 6.544 6.576 6.606 6.635 6.664 6.693 6.722 6.753 6.784 6.816 6.850
4.760 4.796 4.832 4.868 4.903 4.937 4.971 5.004 5.036 5.068 5.098 5.129 5.158 5.187 5.215 5.243 5.270 5.297 5.323 5.349 5.376 5.402 5.429 5.457 5.484 5.511 5.540 5.569 5.599 5.629 5.660 5.691 5.721 5.752 5.782 5.811 5.839 5.866 5.892 5.915 5.937 5.957 5.976 5.993 6.010 6.026 6.044 6.062 6.082 6.104 6.129 6.156 6.185 6.216 6.249 6.282 6.317 6.353 6.389 6.424 6.459 6.494 6.527 6.560 6.591 6.621 6.651 6.680 6.710 6.740 6.771 6.803 6.838
4.785 4.821 4.856 4.891 4.925 4.959 4.992 5.025 5.057 5.088 5.118 5.148 5.177 5.205 5.233 5.260 5.286 5.312 5.338 5.363 5.388 5.413 5.439 5.465 5.491 5.517 5.544 5.572 5.601 5.631 5.660 5.691 5.721 5.751 5.781 5.810 5.839 5.866 5.892 5.916 5.938 5.958 5.977 5.994 6.009 6.025 6.041 6.056 6.073 6.093 6.115 6.139 6.166 6.195 6.226 6.259 6.294 6.329 6.366 6.402 6.438 6.474 6.509 6.542 6.575 6.606 6.636 6.666 6.696 6.726 6.757 6.789 6.824
4.810 4.845 4.880 4.914 4.948 4.982 5.014 5.047 5.078 5.109 5.139 5.168 5.197 5.224 5.252 5.278 5.304 5.329 5.353 5.378 5.402 5.426 5.450 5.475 5.499 5.524 5.550 5.577 5.605 5.633 5.662 5.692 5.721 5.751 5.781 5.810 5.838 5.866 5.892 5.917 5.939 5.960 5.979 5.996 6.011 6.026 6.040 6.054 6.068 6.085 6.104 6.126 6.150 6.177 6.207 6.239 6.272 6.308 6.344 6.381 6.418 6.454 6.490 6.524 6.558 6.590 6.621 6.651 6.681 6.712 6.743 6.775 6.810
4.834 4.869 4.904 4.938 4.971 5.004 5.037 5.068 5.099 5.130 5.159 5.188 5.217 5.244 5.271 5.297 5.322 5.347 5.370 5.394 5.417 5.440 5.463 5.487 5.509 5.533 5.558 5.583 5.610 5.637 5.665 5.694 5.723 5.752 5.782 5.811 5.839 5.867 5.893 5.918 5.941 5.963 5.982 5.999 6.014 6.029 6.042 6.055 6.067 6.082 6.099 6.118 6.140 6.165 6.192 6.223 6.255 6.289 6.325 6.362 6.399 6.436 6.473 6.508 6.542 6.575 6.607 6.638 6.668 6.699 6.730 6.762 6.797
4.859 4.894 4.928 4.961 4.995 5.027 5.059 5.090 5.121 5.151 5.180 5.209 5.237 5.264 5.291 5.316 5.341 5.365 5.389 5.412 5.434 5.456 5.478 5.500 5.522 5.544 5.567 5.591 5.617 5.643 5.670 5.698 5.726 5.755 5.784 5.812 5.841 5.868 5.895 5.920 5.944 5.966 5.986 6.003 6.019 6.034 6.047 6.059 6.071 6.084 6.099 6.116 6.136 6.158 6.184 6.212 6.243 6.276 6.311 6.348 6.385 6.422 6.459 6.495 6.530 6.564 6.596 6.627 6.658 6.689 6.719 6.751 6.787
4.884 4.918 4.951 4.985 5.018 5.050 5.081 5.112 5.143 5.172 5.201 5.230 5.258 5.285 5.311 5.337 5.361 5.385 5.408 5.430 5.452 5.473 5.494 5.515 5.536 5.556 5.578 5.601 5.625 5.650 5.676 5.703 5.730 5.758 5.787 5.815 5.843 5.871 5.898 5.923 5.947 5.970 5.990 6.009 6.025 6.040 6.054 6.065 6.077 6.090 6.103 6.119 6.137 6.158 6.181 6.208 6.237 6.269 6.303 6.339 6.376 6.413 6.450 6.486 6.522 6.556 6.589 6.621 6.651 6.682 6.712 6.744 6.779
4.908 4.942 4.975 5.008 5.041 5.072 5.103 5.134 5.164 5.194 5.223 5.251 5.279 5.306 5.332 5.357 5.382 5.406 5.428 5.450 5.472 5.492 5.512 5.532 5.552 5.571 5.592 5.613 5.636 5.659 5.684 5.709 5.736 5.763 5.791 5.819 5.847 5.874 5.901 5.927 5.951 5.974 5.995 6.015 6.032 6.048 6.062 6.074 6.086 6.098 6.112 6.126 6.143 6.162 6.184 6.209 6.237 6.267 6.300 6.335 6.372 6.409 6.446 6.483 6.519 6.553 6.587 6.619 6.650 6.680 6.709 6.741 6.775
4.932 4.965 4.999 5.031 5.063 5.095 5.126 5.156 5.186 5.215 5.244 5.272 5.300 5.326 5.353 5.378 5.403 5.426 5.449 5.471 5.492 5.513 5.532 5.551 5.570 5.588 5.607 5.627 5.648 5.670 5.694 5.718 5.743 5.769 5.796 5.824 5.851 5.879 5.905 5.931 5.956 5.980 6.001 6.021 6.040 6.056 6.071 6.084 6.096 6.109 6.123 6.137 6.153 6.171 6.192 6.216 6.242 6.271 6.303 6.337 6.373 6.410 6.447 6.484 6.520 6.556 6.589 6.622 6.653 6.682 6.712 6.742 6.776
4.956 4.988 5.022 5.054 5.086 5.117 5.148 5.178 5.207 5.236 5.265 5.293 5.320 5.347 5.374 5.399 5.424 5.448 5.471 5.493 5.514 5.534 5.553 5.572 5.589 5.607 5.625 5.644 5.663 5.684 5.706 5.728 5.752 5.778 5.803 5.830 5.857 5.884 5.911 5.937 5.962 5.985 6.008 6.028 6.048 6.065 6.081 6.095 6.108 6.122 6.136 6.150 6.166 6.184 6.204 6.227 6.252 6.280 6.311 6.344 6.379 6.416 6.453 6.490 6.527 6.563 6.597 6.629 6.661 6.690 6.718 6.748 6.781
4.979 5.012 5.045 5.077 5.108 5.139 5.169 5.199 5.228 5.257 5.286 5.314 5.341 5.368 5.394 5.420 5.445 5.469 5.492 5.514 5.536 5.556 5.575 5.594 5.610 5.628 5.645 5.663 5.681 5.700 5.720 5.741 5.764 5.788 5.812 5.838 5.864 5.891 5.917 5.943 5.968 5.992 6.015 6.036 6.056 6.075 6.091 6.106 6.121 6.135 6.150 6.165 6.182 6.199 6.219 6.241 6.265 6.292 6.322 6.355 6.390 6.426 6.463 6.501 6.538 6.574 6.609 6.642 6.673 6.703 6.730 6.759 6.790
5.002 5.035 5.067 5.099 5.130 5.161 5.191 5.220 5.249 5.278 5.306 5.334 5.361 5.388 5.415 5.441 5.466 5.490 5.514 5.536 5.558 5.579 5.598 5.616 5.633 5.650 5.667 5.684 5.701 5.719 5.737 5.757 5.778 5.800 5.823 5.848 5.873 5.899 5.924 5.950 5.975 5.999 6.022 6.044 6.065 6.085 6.102 6.118 6.134 6.150 6.166 6.182 6.198 6.216 6.236 6.257 6.281 6.308 6.337 6.369 6.403 6.439 6.477 6.514 6.552 6.589 6.625 6.659 6.690 6.719 6.746 6.774 6.803
5.025 5.057 5.090 5.121 5.152 5.182 5.212 5.241 5.270 5.299 5.327 5.354 5.382 5.408 5.435 5.461 5.486 5.511 5.535 5.558 5.580 5.601 5.621 5.639 5.656 5.674 5.690 5.707 5.723 5.740 5.757 5.775 5.794 5.815 5.837 5.860 5.884 5.908 5.933 5.958 5.983 6.007 6.030 6.053 6.074 6.095 6.113 6.130 6.148 6.165 6.182 6.199 6.216 6.234 6.254 6.276 6.299 6.326 6.354 6.386 6.419 6.455 6.493 6.531 6.570 6.607 6.644 6.679 6.711 6.740 6.766 6.792 6.819
5.048 5.080 5.112 5.143 5.174 5.204 5.233 5.262 5.290 5.319 5.346 5.374 5.401 5.428 5.454 5.480 5.506 5.531 5.555 5.579 5.602 5.623 5.644 5.663 5.681 5.698 5.715 5.731 5.747 5.763 5.779 5.796 5.813 5.832 5.853 5.874 5.896 5.920 5.944 5.968 5.992 6.016 6.039 6.062 6.084 6.105 6.125 6.143 6.162 6.180 6.198 6.216 6.234 6.254 6.274 6.295 6.319 6.345 6.373 6.404 6.437 6.473 6.511 6.550 6.589 6.628 6.665 6.701 6.734 6.763 6.789 6.813 6.838
5.070 5.102 5.134 5.165 5.195 5.225 5.254 5.282 5.311 5.338 5.366 5.393 5.420 5.447 5.473 5.500 5.525 5.551 5.575 5.599 5.623 5.645 5.667 5.687 5.705 5.723 5.741 5.757 5.773 5.788 5.803 5.819 5.835 5.852 5.871 5.891 5.911 5.933 5.956 5.979 6.003 6.026 6.049 6.072 6.095 6.116 6.137 6.156 6.176 6.195 6.215 6.234 6.253 6.273 6.294 6.316 6.339 6.365 6.393 6.423 6.457 6.492 6.530 6.570 6.610 6.649 6.688 6.725 6.759 6.789 6.814 6.838 6.862
5.093 5.125 5.156 5.187 5.217 5.246 5.274 5.303 5.330 5.358 5.385 5.412 5.439 5.465 5.492 5.518 5.544 5.569 5.595 5.619 5.643 5.667 5.689 5.709 5.729 5.748 5.766 5.783 5.799 5.815 5.829 5.844 5.859 5.875 5.892 5.910 5.929 5.949 5.970 5.992 6.014 6.037 6.060 6.083 6.106 6.128 6.149 6.170 6.191 6.211 6.232 6.252 6.273 6.293 6.314 6.337 6.360 6.386 6.413 6.444 6.477 6.512 6.550 6.590 6.631 6.672 6.712 6.750 6.785 6.815 6.842 6.865 6.888
5.115 5.147 5.178 5.209 5.238 5.267 5.295 5.323 5.350 5.377 5.404 5.431 5.457 5.483 5.510 5.536 5.562 5.588 5.613 5.638 5.663 5.687 5.710 5.732 5.752 5.772 5.791 5.809 5.826 5.842 5.857 5.871 5.885 5.900 5.915 5.931 5.949 5.967 5.986 6.007 6.028 6.050 6.072 6.095 6.118 6.140 6.162 6.184 6.206 6.228 6.249 6.271 6.292 6.313 6.335 6.358 6.381 6.407 6.434 6.464 6.497 6.532 6.570 6.611 6.652 6.694 6.736 6.775 6.812 6.843 6.870 6.894 6.916
5.138 5.169 5.200 5.230 5.259 5.288 5.316 5.343 5.370 5.396 5.422 5.449 5.475 5.501 5.527 5.553 5.579 5.605 5.631 5.656 5.681 5.706 5.730 5.753 5.774 5.796 5.816 5.835 5.853 5.869 5.885 5.899 5.913 5.927 5.941 5.955 5.971 5.987 6.005 6.024 6.043 6.064 6.086 6.108 6.130 6.154 6.176 6.198 6.221 6.244 6.267 6.290 6.312 6.334 6.356 6.379 6.403 6.428 6.456 6.485 6.517 6.553 6.591 6.631 6.673 6.716 6.759 6.800 6.838 6.872 6.900 6.924 6.950
5.160 5.192 5.223 5.252 5.281 5.309 5.336 5.363 5.389 5.415 5.441 5.467 5.492 5.518 5.544 5.570 5.596 5.621 5.647 5.673 5.699 5.724 5.749 5.773 5.795 5.818 5.839 5.860 5.879 5.896 5.912 5.927 5.941 5.955 5.968 5.981 5.995 6.010 6.025 6.042 6.061 6.080 6.100 6.122 6.144 6.168 6.190 6.213 6.237 6.261 6.285 6.309 6.332 6.355 6.378 6.401 6.425 6.450 6.477 6.506 6.538 6.573 6.610 6.651 6.694 6.738 6.782 6.825 6.865 6.900 6.930 6.959 6.989
5.183 5.214 5.245 5.274 5.303 5.331 5.357 5.384 5.409 5.435 5.460 5.485 5.510 5.535 5.560 5.586 5.612 5.637 5.663 5.689 5.715 5.741 5.767 5.791 5.815 5.839 5.861 5.883 5.903 5.922 5.939 5.955 5.970 5.983 5.996 6.008 6.021 6.034 6.048 6.063 6.080 6.098 6.117 6.138 6.160 6.183 6.206 6.229 6.254 6.279 6.304 6.328 6.352 6.376 6.400 6.423 6.447 6.472 6.499 6.527 6.558 6.592 6.630 6.671 6.714 6.759 6.804 6.849 6.892 6.930 6.964 6.998 7.033
5.205 5.236 5.267 5.297 5.325 5.352 5.379 5.405 5.430 5.454 5.479 5.503 5.528 5.552 5.577 5.602 5.627 5.653 5.679 5.705 5.731 5.757 5.783 5.808 5.833 5.858 5.882 5.905 5.926 5.946 5.965 5.982 5.997 6.011 6.024 6.036 6.048 6.060 6.072 6.086 6.101 6.117 6.135 6.155 6.176 6.199 6.222 6.246 6.271 6.297 6.323 6.348 6.373 6.398 6.422 6.446 6.470 6.495 6.521 6.549 6.579 6.613 6.649 6.690 6.734 6.779 6.826 6.873 6.919 6.961 7.001 7.040 7.080
5.227 5.259 5.290 5.319 5.348 5.375 5.401 5.426 5.451 5.475 5.499 5.522 5.546 5.569 5.593 5.618 5.642 5.668 5.693 5.719 5.746 5.772 5.799 5.824 5.850 5.875 5.900 5.925 5.947 5.969 5.989 6.007 6.024 6.038 6.052 6.064 6.075 6.086 6.098 6.110 6.123 6.138 6.155 6.174 6.194 6.217 6.240 6.264 6.289 6.316 6.342 6.368 6.394 6.420 6.444 6.468 6.493 6.517 6.543 6.570 6.600 6.633 6.669 6.709 6.753 6.800 6.848 6.898 6.947 6.995 7.041 7.085 7.129
5.249 5.281 5.312 5.342 5.370 5.397 5.423 5.448 5.473 5.496 5.519 5.542 5.564 5.587 5.610 5.634 5.658 5.682 5.708 5.733 5.759 5.786 5.813 5.839 5.865 5.891 5.917 5.943 5.967 5.990 6.011 6.030 6.048 6.064 6.078 6.091 6.102 6.113 6.124 6.135 6.148 6.161 6.177 6.195 6.214 6.236 6.259 6.283 6.308 6.335 6.362 6.389 6.416 6.442 6.467 6.492 6.516 6.541 6.566 6.593 6.622 6.653 6.688 6.728 6.773 6.821 6.871 6.923 6.978 7.030 7.081 7.131 7.179
5.270 5.302 5.334 5.364 5.393 5.420 5.446 5.471 5.495 5.518 5.540 5.562 5.584 5.606 5.628 5.651 5.674 5.697 5.722 5.747 5.773 5.799 5.826 5.853 5.879 5.906 5.933 5.959 5.984 6.008 6.031 6.052 6.071 6.088 6.103 6.116 6.129 6.140 6.150 6.161 6.173 6.186 6.200 6.217 6.236 6.257 6.279 6.303 6.329 6.356 6.383 6.411 6.438 6.465 6.491 6.516 6.540 6.565 6.590 6.616 6.643 6.674 6.708 6.748 6.793 6.842 6.895 6.951 7.009 7.067 7.123 7.177 7.229
