version1/TsunamiDB/out54060.asc
ncols          264
nrows          230
xllcorner      497853.4375
yllcorner      4229146.0000
cellsize         5.
NODATA_value   -99
[rows 0 to 32 of 230, columns 74 to 147 of 264]
-99.000 -99.000 -99.000 -99.000 -99.000 -99.000 -99.000 -99.000 -99.000 -99.000 -99.000 -99.000 -99.000 -99.000 -99.000 -99.000 -99.000 -99.000 -99.000 -99.000 -99.000 -99.000 -99.000 -99.000 -99.000 -99.000 -99.000 -99.000 -99.000 -99.000 -99.000 -99.000 1.647 1.651 1.693 1.825 2.047 2.325 2.619 2.895 3.132 3.326 3.480 3.603 3.704 3.789 3.864 3.932 3.995 4.054 4.110 4.164 4.216 4.266 4.316 4.364 4.411 4.456 4.500 4.545 4.588 4.630 4.671 4.711 4.750 4.787 4.823 4.857 4.890 4.921 4.952 4.980 5.008 5.035
-99.000 -99.000 -99.000 -99.000 -99.000 -99.000 -99.000 -99.000 -99.000 -99.000 -99.000 -99.000 -99.000 -99.000 -99.000 -99.000 -99.000 -99.000 -99.000 -99.000 -99.000 -99.000 -99.000 -99.000 -99.000 -99.000 -99.000 -99.000 -99.000 -99.000 -99.000 -99.000 1.647 1.661 1.739 1.915 2.167 2.457 2.746 3.007 3.225 3.400 3.540 3.652 3.745 3.825 3.897 3.962 4.023 4.080 4.135 4.187 4.238 4.287 4.336 4.383 4.429 4.473 4.517 4.561 4.604 4.645 4.686 4.726 4.765 4.802 4.839 4.873 4.907 4.939 4.969 4.999 5.027 5.054
-99.000 -99.000 -99.000 -99.000 -99.000 -99.000 -99.000 -99.000 -99.000 -99.000 -99.000 -99.000 -99.000 -99.000 -99.000 -99.000 -99.000 -99.000 -99.000 -99.000 -99.000 -99.000 -99.000 -99.000 -99.000 -99.000 -99.000 -99.000 -99.000 -99.000 -99.000 1.647 1.650 1.685 1.807 2.021 2.294 2.588 2.868 3.110 3.309 3.467 3.594 3.697 3.784 3.860 3.928 3.991 4.050 4.106 4.159 4.210 4.260 4.308 4.355 4.401 4.446 4.490 4.533 4.576 4.618 4.660 4.701 4.740 4.779 4.817 4.853 4.889 4.923 4.955 4.986 5.016 5.045 5.072
-99.000 -99.000 -99.000 -99.000 -99.000 -99.000 -99.000 -99.000 -99.000 -99.000 -99.000 -99.000 -99.000 -99.000 -99.000 -99.000 -99.000 -99.000 -99.000 -99.000 -99.000 -99.000 -99.000 -99.000 -99.000 -99.000 -99.000 -99.000 -99.000 -99.000 -99.000 1.647 1.658 1.727 1.892 2.138 2.425 2.716 2.981 3.205 3.385 3.528 3.643 3.739 3.820 3.892 3.958 4.019 4.076 4.131 4.183 4.233 4.281 4.328 4.374 4.419 4.464 4.506 4.548 4.591 4.632 4.673 4.714 4.753 4.792 4.830 4.867 4.903 4.937 4.970 5.002 5.032 5.062 5.090
-99.000 -99.000 -99.000 -99.000 -99.000 -99.000 -99.000 -99.000 -99.000 -99.000 -99.000 -99.000 -99.000 -99.000 -99.000 -99.000 -99.000 -99.000 -99.000 -99.000 -99.000 -99.000 -99.000 -99.000 -99.000 -99.000 -99.000 -99.000 -99.000 -99.000 1.647 1.649 1.678 1.789 1.994 2.263 2.556 2.839 3.086 3.291 3.453 3.583 3.689 3.777 3.855 3.924 3.987 4.046 4.102 4.155 4.206 4.255 4.302 4.348 4.393 4.437 4.480 4.522 4.563 4.605 4.646 4.686 4.726 4.766 4.804 4.842 4.879 4.915 4.950 4.984 5.016 5.047 5.077 5.106
-99.000 -99.000 -99.000 -99.000 -99.000 -99.000 -99.000 -99.000 -99.000 -99.000 -99.000 -99.000 -99.000 -99.000 -99.000 -99.000 -99.000 -99.000 -99.000 -99.000 -99.000 -99.000 -99.000 -99.000 -99.000 -99.000 -99.000 -99.000 -99.000 -99.000 1.647 1.655 1.715 1.870 2.107 2.392 2.685 2.954 3.183 3.368 3.515 3.633 3.731 3.814 3.887 3.954 4.015 4.072 4.127 4.179 4.228 4.276 4.323 4.368 4.412 4.455 4.497 4.538 4.578 4.619 4.659 4.699 4.738 4.777 4.815 4.853 4.890 4.926 4.961 4.995 5.028 5.060 5.091 5.120
-99.000 -99.000 -99.000 -99.000 -99.000 -99.000 -99.000 -99.000 -99.000 -99.000 -99.000 -99.000 -99.000 -99.000 -99.000 -99.000 -99.000 -99.000 -99.000 -99.000 -99.000 -99.000 -99.000 -99.000 -99.000 -99.000 -99.000 -99.000 -99.000 -99.000 1.648 1.671 1.772 1.967 2.230 2.523 2.808 3.061 3.270 3.438 3.571 3.679 3.770 3.848 3.918 3.982 4.042 4.098 4.151 4.202 4.250 4.297 4.343 4.387 4.430 4.472 4.513 4.553 4.592 4.632 4.671 4.710 4.749 4.787 4.825 4.863 4.900 4.936 4.971 5.006 5.039 5.072 5.103 5.133
-99.000 -99.000 -99.000 -99.000 -99.000 -99.000 -99.000 -99.000 -99.000 -99.000 -99.000 -99.000 -99.000 -99.000 -99.000 -99.000 -99.000 -99.000 -99.000 -99.000 -99.000 -99.000 -99.000 -99.000 -99.000 -99.000 -99.000 -99.000 -99.000 1.647 1.653 1.703 1.847 2.077 2.358 2.651 2.924 3.159 3.349 3.500 3.622 3.722 3.806 3.881 3.948 4.010 4.068 4.123 4.175 4.224 4.272 4.318 4.362 4.406 4.448 4.489 4.529 4.568 4.606 4.645 4.684 4.722 4.760 4.797 4.835 4.872 4.908 4.944 4.980 5.014 5.048 5.081 5.113 5.144
-99.000 -99.000 -99.000 -99.000 -99.000 -99.000 -99.000 -99.000 -99.000 -99.000 -99.000 -99.000 -99.000 -99.000 -99.000 -99.000 -99.000 -99.000 -99.000 -99.000 -99.000 -99.000 -99.000 -99.000 -99.000 -99.000 -99.000 -99.000 -99.000 1.648 1.666 1.754 1.940 2.197 2.487 2.775 3.033 3.248 3.420 3.557 3.668 3.761 3.841 3.912 3.976 4.037 4.093 4.147 4.198 4.246 4.293 4.338 4.382 4.424 4.465 4.506 4.545 4.583 4.620 4.658 4.696 4.733 4.770 4.807 4.843 4.880 4.916 4.952 4.987 5.022 5.056 5.089 5.121 5.153
-99.000 -99.000 -99.000 -99.000 -99.000 -99.000 -99.000 -99.000 -99.000 -99.000 -99.000 -99.000 -99.000 -99.000 -99.000 -99.000 -99.000 -99.000 -99.000 -99.000 -99.000 -99.000 -99.000 -99.000 -99.000 -99.000 -99.000 -99.000 1.647 1.651 1.693 1.825 2.046 2.323 2.616 2.893 3.132 3.328 3.484 3.609 3.711 3.797 3.873 3.941 4.004 4.062 4.117 4.170 4.220 4.268 4.314 4.358 4.401 4.443 4.483 4.522 4.561 4.598 4.634 4.671 4.708 4.744 4.780 4.816 4.852 4.888 4.923 4.958 4.993 5.028 5.062 5.095 5.128 5.160
-99.000 -99.000 -99.000 -99.000 -99.000 -99.000 -99.000 -99.000 -99.000 -99.000 -99.000 -99.000 -99.000 -99.000 -99.000 -99.000 -99.000 -99.000 -99.000 -99.000 -99.000 -99.000 -99.000 -99.000 -99.000 -99.000 -99.000 -99.000 1.647 1.661 1.738 1.912 2.162 2.451 2.740 3.003 3.223 3.401 3.542 3.656 3.751 3.832 3.904 3.969 4.030 4.087 4.141 4.193 4.242 4.289 4.334 4.378 4.420 4.461 4.500 4.539 4.577 4.613 4.648 4.684 4.720 4.755 4.790 4.825 4.860 4.895 4.930 4.964 4.999 5.033 5.067 5.100 5.133 5.165
-99.000 -99.000 -99.000 -99.000 -99.000 -99.000 -99.000 -99.000 -99.000 -99.000 -99.000 -99.000 -99.000 -99.000 -99.000 -99.000 -99.000 -99.000 -99.000 -99.000 -99.000 -99.000 -99.000 -99.000 -99.000 -99.000 -99.000 1.647 1.650 1.683 1.802 2.013 2.285 2.579 2.859 3.104 3.306 3.467 3.595 3.700 3.788 3.864 3.933 3.997 4.056 4.111 4.164 4.215 4.263 4.309 4.354 4.397 4.438 4.478 4.517 4.555 4.593 4.628 4.663 4.698 4.732 4.767 4.801 4.835 4.869 4.903 4.936 4.970 5.004 5.037 5.071 5.104 5.137 5.169
-99.000 -99.000 -99.000 -99.000 -99.000 -99.000 -99.000 -99.000 -99.000 -99.000 -99.000 -99.000 -99.000 -99.000 -99.000 -99.000 -99.000 -99.000 -99.000 -99.000 -99.000 -99.000 -99.000 -99.000 -99.000 -99.000 -99.000 1.647 1.657 1.722 1.883 2.125 2.411 2.704 2.970 3.197 3.380 3.526 3.643 3.740 3.823 3.895 3.962 4.023 4.080 4.135 4.187 4.236 4.284 4.329 4.373 4.416 4.457 4.496 4.534 4.572 4.608 4.643 4.677 4.711 4.745 4.778 4.811 4.844 4.877 4.910 4.943 4.976 5.009 5.042 5.074 5.107 5.139 5.171
-99.000 -99.000 -99.000 -99.000 -99.000 -99.000 -99.000 -99.000 -99.000 -99.000 -99.000 -99.000 -99.000 -99.000 -99.000 -99.000 -99.000 -99.000 -99.000 -99.000 -99.000 -99.000 -99.000 -99.000 -99.000 -99.000 -99.000 1.649 1.674 1.779 1.979 2.245 2.538 2.823 3.073 3.281 3.448 3.580 3.688 3.778 3.855 3.925 3.989 4.048 4.104 4.157 4.208 4.257 4.304 4.349 4.392 4.434 4.475 4.514 4.551 4.588 4.624 4.658 4.691 4.725 4.758 4.790 4.823 4.855 4.886 4.918 4.950 4.982 5.014 5.046 5.078 5.110 5.142 5.173
-99.000 -99.000 -99.000 -99.000 -99.000 -99.000 -99.000 -99.000 -99.000 -99.000 -99.000 -99.000 -99.000 -99.000 -99.000 -99.000 -99.000 -99.000 -99.000 -99.000 -99.000 -99.000 -99.000 -99.000 -99.000 -99.000 1.647 1.653 1.707 1.854 2.087 2.369 2.663 2.935 3.168 3.358 3.509 3.630 3.729 3.813 3.887 3.954 4.015 4.073 4.128 4.180 4.230 4.278 4.324 4.368 4.411 4.452 4.492 4.531 4.568 4.604 4.640 4.673 4.706 4.739 4.771 4.803 4.834 4.865 4.896 4.927 4.958 4.988 5.019 5.050 5.081 5.112 5.144 5.175
-99.000 -99.000 -99.000 -99.000 -99.000 -99.000 -99.000 -99.000 -99.000 -99.000 -99.000 -99.000 -99.000 -99.000 -99.000 -99.000 -99.000 -99.000 -99.000 -99.000 -99.000 -99.000 -99.000 -99.000 -99.000 -99.000 1.648 1.667 1.757 1.944 2.202 2.494 2.782 3.040 3.255 3.427 3.565 3.676 3.768 3.847 3.917 3.981 4.041 4.097 4.150 4.202 4.251 4.298 4.343 4.387 4.429 4.470 4.510 4.548 4.585 4.621 4.655 4.688 4.721 4.753 4.785 4.816 4.846 4.876 4.906 4.936 4.966 4.996 5.025 5.055 5.085 5.115 5.146 5.176
-99.000 -99.000 -99.000 -99.000 -99.000 -99.000 -99.000 -99.000 -99.000 -99.000 -99.000 -99.000 -99.000 -99.000 -99.000 -99.000 -99.000 -99.000 -99.000 -99.000 -99.000 -99.000 -99.000 -99.000 -99.000 1.647 1.651 1.693 1.825 2.046 2.323 2.618 2.896 3.137 3.334 3.491 3.616 3.718 3.804 3.879 3.946 4.008 4.066 4.120 4.173 4.223 4.271 4.318 4.362 4.406 4.448 4.488 4.527 4.565 4.602 4.637 4.671 4.704 4.736 4.767 4.798 4.829 4.859 4.888 4.917 4.946 4.975 5.004 5.032 5.061 5.090 5.119 5.149 5.178
-99.000 -99.000 -99.000 -99.000 -99.000 -99.000 -99.000 -99.000 -99.000 -99.000 -99.000 -99.000 -99.000 -99.000 -99.000 -99.000 -99.000 -99.000 -99.000 -99.000 -99.000 -99.000 -99.000 -99.000 -99.000 1.647 1.660 1.736 1.908 2.157 2.446 2.738 3.003 3.225 3.405 3.548 3.663 3.758 3.838 3.909 3.974 4.034 4.090 4.143 4.195 4.244 4.291 4.337 4.381 4.424 4.465 4.505 4.544 4.582 4.618 4.653 4.687 4.719 4.751 4.782 4.813 4.842 4.872 4.900 4.929 4.957 4.985 5.012 5.040 5.068 5.096 5.124 5.152 5.181
-99.000 -99.000 -99.000 -99.000 -99.000 -99.000 -99.000 -99.000 -99.000 -99.000 -99.000 -99.000 -99.000 -99.000 -99.000 -99.000 -99.000 -99.000 -99.000 -99.000 -99.000 -99.000 -99.000 -99.000 1.647 1.649 1.680 1.795 2.003 2.274 2.569 2.852 3.102 3.307 3.471 3.601 3.707 3.795 3.871 3.939 4.001 4.059 4.114 4.166 4.216 4.264 4.311 4.356 4.400 4.442 4.483 4.522 4.561 4.598 4.634 4.669 4.702 4.734 4.766 4.797 4.827 4.856 4.885 4.913 4.941 4.968 4.996 5.022 5.049 5.076 5.103 5.130 5.157 5.185
-99.000 -99.000 -99.000 -99.000 -99.000 -99.000 -99.000 -99.000 -99.000 -99.000 -99.000 -99.000 -99.000 -99.000 -99.000 -99.000 -99.000 -99.000 -99.000 -99.000 -99.000 -99.000 -99.000 -99.000 1.647 1.655 1.715 1.870 2.108 2.394 2.688 2.960 3.193 3.381 3.530 3.650 3.748 3.830 3.902 3.967 4.028 4.084 4.137 4.188 4.237 4.285 4.330 4.375 4.418 4.459 4.500 4.539 4.577 4.614 4.650 4.685 4.718 4.749 4.781 4.812 4.842 4.871 4.899 4.927 4.954 4.981 5.007 5.033 5.059 5.085 5.111 5.137 5.164 5.190
-99.000 -99.000 -99.000 -99.000 -99.000 -99.000 -99.000 -99.000 -99.000 -99.000 -99.000 -99.000 -99.000 -99.000 -99.000 -99.000 -99.000 -99.000 -99.000 -99.000 -99.000 -99.000 -99.000 -99.000 1.648 1.670 1.766 1.958 2.220 2.514 2.803 3.061 3.276 3.448 3.585 3.695 3.786 3.864 3.933 3.995 4.053 4.108 4.160 4.210 4.258 4.305 4.350 4.393 4.436 4.477 4.517 4.556 4.593 4.630 4.666 4.700 4.733 4.764 4.796 4.827 4.856 4.885 4.913 4.941 4.968 4.994 5.020 5.045 5.071 5.096 5.121 5.146 5.172 5.197
-99.000 -99.000 -99.000 -99.000 -99.000 -99.000 -99.000 -99.000 -99.000 -99.000 -99.000 -99.000 -99.000 -99.000 -99.000 -99.000 -99.000 -99.000 -99.000 -99.000 -99.000 -99.000 -99.000 1.647 1.652 1.697 1.832 2.057 2.336 2.632 2.912 3.154 3.353 3.510 3.635 3.737 3.822 3.896 3.962 4.022 4.079 4.132 4.183 4.232 4.279 4.324 4.369 4.412 4.453 4.494 4.533 4.572 4.609 4.646 4.681 4.715 4.748 4.779 4.811 4.841 4.871 4.900 4.928 4.955 4.982 5.008 5.033 5.058 5.083 5.108 5.132 5.156 5.181 5.205
-99.000 -99.000 -99.000 -99.000 -99.000 -99.000 -99.000 -99.000 -99.000 -99.000 -99.000 -99.000 -99.000 -99.000 -99.000 -99.000 -99.000 -99.000 -99.000 -99.000 -99.000 -99.000 -99.000 1.647 1.661 1.738 1.912 2.163 2.454 2.747 3.015 3.241 3.423 3.567 3.682 3.777 3.857 3.927 3.990 4.049 4.104 4.156 4.205 4.253 4.299 4.344 4.387 4.430 4.471 4.511 4.550 4.588 4.625 4.661 4.696 4.730 4.763 4.794 4.825 4.856 4.885 4.914 4.942 4.969 4.996 5.022 5.047 5.072 5.096 5.120 5.144 5.168 5.192 5.215
-99.000 -99.000 -99.000 -99.000 -99.000 -99.000 -99.000 -99.000 -99.000 -99.000 -99.000 -99.000 -99.000 -99.000 -99.000 -99.000 -99.000 -99.000 -99.000 -99.000 -99.000 -99.000 1.647 1.649 1.680 1.795 2.003 2.274 2.570 2.857 3.110 3.320 3.487 3.619 3.726 3.814 3.890 3.957 4.018 4.075 4.128 4.179 4.228 4.274 4.320 4.364 4.406 4.448 4.488 4.527 4.566 4.604 4.640 4.676 4.711 4.745 4.777 4.808 4.840 4.870 4.900 4.929 4.957 4.984 5.010 5.036 5.061 5.086 5.110 5.134 5.158 5.181 5.204 5.227
-99.000 -99.000 -99.000 -99.000 -99.000 -99.000 -99.000 -99.000 -99.000 -99.000 -99.000 -99.000 -99.000 -99.000 -99.000 -99.000 -99.000 -99.000 -99.000 -99.000 -99.000 -99.000 1.647 1.655 1.713 1.865 2.102 2.388 2.685 2.961 3.199 3.392 3.546 3.668 3.767 3.850 3.922 3.986 4.045 4.101 4.153 4.202 4.250 4.296 4.340 4.383 4.425 4.466 4.505 4.544 4.582 4.619 4.655 4.691 4.725 4.759 4.791 4.823 4.854 4.884 4.914 4.943 4.971 4.998 5.025 5.051 5.076 5.101 5.125 5.148 5.172 5.194 5.217 5.239
-99.000 -99.000 -99.000 -99.000 -99.000 -99.000 -99.000 -99.000 -99.000 -99.000 -99.000 -99.000 -99.000 -99.000 -99.000 -99.000 -99.000 -99.000 -99.000 -99.000 -99.000 -99.000 1.648 1.667 1.759 1.947 2.207 2.502 2.795 3.059 3.281 3.459 3.601 3.713 3.805 3.884 3.953 4.015 4.072 4.126 4.177 4.225 4.272 4.317 4.360 4.402 4.444 4.484 4.523 4.561 4.598 4.635 4.671 4.706 4.740 4.774 4.805 4.836 4.868 4.898 4.928 4.957 4.985 5.012 5.039 5.065 5.091 5.115 5.139 5.163 5.186 5.209 5.231 5.253
-99.000 -99.000 -99.000 -99.000 -99.000 -99.000 -99.000 -99.000 -99.000 -99.000 -99.000 -99.000 -99.000 -99.000 -99.000 -99.000 -99.000 -99.000 -99.000 -99.000 -99.000 1.647 1.651 1.690 1.819 2.038 2.316 2.615 2.900 3.150 3.356 3.520 3.651 3.755 3.842 3.916 3.983 4.043 4.098 4.151 4.200 4.248 4.294 4.338 4.380 4.422 4.462 4.502 4.540 4.578 4.614 4.650 4.686 4.720 4.754 4.788 4.819 4.850 4.881 4.912 4.941 4.970 4.999 5.026 5.053 5.079 5.105 5.130 5.154 5.178 5.201 5.223 5.245 5.267
-99.000 -99.000 -99.000 -99.000 -99.000 -99.000 -99.000 -99.000 -99.000 -99.000 -99.000 -99.000 -99.000 -99.000 -99.000 -99.000 -99.000 -99.000 -99.000 -99.000 -99.000 1.647 1.658 1.726 1.891 2.136 2.427 2.725 3.000 3.235 3.425 3.577 3.698 3.795 3.876 3.948 4.012 4.070 4.124 4.176 4.224 4.271 4.316 4.359 4.401 4.442 4.481 4.520 4.558 4.595 4.631 4.666 4.701 4.735 4.769 4.802 4.833 4.864 4.895 4.925 4.955 4.984 5.012 5.040 5.067 5.093 5.119 5.144 5.168 5.192 5.215 5.238 5.260 5.282
-99.000 -99.000 -99.000 -99.000 -99.000 -99.000 -99.000 -99.000 -99.000 -99.000 -99.000 -99.000 -99.000 -99.000 -99.000 -99.000 -99.000 -99.000 -99.000 -99.000 -99.000 1.648 1.673 1.775 1.973 2.240 2.538 2.831 3.093 3.313 3.489 3.629 3.741 3.832 3.910 3.978 4.040 4.097 4.150 4.200 4.248 4.294 4.338 4.380 4.421 4.461 4.500 4.538 4.576 4.612 4.647 4.682 4.716 4.750 4.783 4.816 4.847 4.877 4.908 4.938 4.968 4.997 5.025 5.053 5.080 5.106 5.132 5.158 5.182 5.206 5.230 5.252 5.275 5.296
-99.000 -99.000 -99.000 -99.000 -99.000 -99.000 -99.000 -99.000 -99.000 -99.000 -99.000 -99.000 -99.000 -99.000 -99.000 -99.000 -99.000 -99.000 -99.000 -99.000 1.647 1.652 1.699 1.837 2.064 2.347 2.648 2.933 3.181 3.385 3.548 3.678 3.782 3.868 3.942 4.008 4.068 4.124 4.175 4.225 4.272 4.317 4.360 4.402 4.442 4.482 4.520 4.557 4.594 4.629 4.664 4.699 4.732 4.765 4.798 4.830 4.860 4.891 4.921 4.951 4.980 5.009 5.038 5.065 5.092 5.119 5.145 5.171 5.195 5.220 5.243 5.266 5.289 5.310
-99.000 -99.000 -99.000 -99.000 -99.000 -99.000 -99.000 -99.000 -99.000 -99.000 -99.000 -99.000 -99.000 -99.000 -99.000 -99.000 -99.000 -99.000 -99.000 -99.000 1.647 1.661 1.737 1.910 2.162 2.456 2.755 3.030 3.263 3.452 3.603 3.723 3.821 3.903 3.973 4.037 4.096 4.150 4.201 4.249 4.295 4.340 4.382 4.423 4.463 4.502 4.540 4.576 4.612 4.647 4.682 4.715 4.748 4.781 4.813 4.844 4.875 4.904 4.934 4.964 4.993 5.022 5.050 5.078 5.105 5.131 5.157 5.183 5.208 5.232 5.256 5.279 5.302 5.324
-99.000 -99.000 -99.000 -99.000 -99.000 -99.000 -99.000 -99.000 -99.000 -99.000 -99.000 -99.000 -99.000 -99.000 -99.000 -99.000 -99.000 -99.000 -99.000 1.647 1.649 1.678 1.788 1.994 2.265 2.566 2.859 3.121 3.339 3.515 3.654 3.766 3.858 3.936 4.004 4.066 4.123 4.176 4.226 4.274 4.319 4.363 4.405 4.445 4.484 4.523 4.560 4.596 4.631 4.666 4.699 4.733 4.765 4.797 4.829 4.859 4.889 4.918 4.948 4.977 5.006 5.034 5.062 5.090 5.117 5.143 5.169 5.195 5.220 5.244 5.268 5.292 5.314 5.337
-99.000 -99.000 -99.000 -99.000 -99.000 -99.000 -99.000 -99.000 -99.000 -99.000 -99.000 -99.000 -99.000 -99.000 -99.000 -99.000 -99.000 -99.000 -99.000 1.647 1.653 1.706 1.852 2.085 2.372 2.674 2.959 3.206 3.410 3.572 3.701 3.806 3.893 3.967 4.034 4.094 4.150 4.202 4.251 4.298 4.343 4.386 4.427 4.467 4.506 4.544 4.580 4.616 4.650 4.684 4.718 4.750 4.782 4.814 4.845 4.875 4.904 4.933 4.962 4.991 5.019 5.047 5.075 5.102 5.128 5.155 5.181 5.206 5.231 5.255 5.280 5.303 5.326 5.349
