version1/TsunamiDB/out54081.asc
ncols          264
nrows          230
xllcorner      497853.4375
yllcorner      4229146.0000
cellsize         5.
NODATA_value   -99
[rows 68 to 101 of 230, columns 152 to 227 of 264]
6.402 6.411 6.419 6.426 6.433 6.438 6.443 6.447 6.450 6.454 6.457 6.460 6.464 6.468 6.473 6.479 6.485 6.493 6.501 6.510 6.520 6.530 6.539 6.549 6.560 6.571 6.583 6.594 6.606 6.618 6.630 6.643 6.655 6.668 6.681 6.695 6.709 6.723 6.737 6.752 6.766 6.781 6.797 6.812 6.827 6.840 6.855 6.869 6.883 6.898 6.913 6.928 6.943 6.958 6.973 6.989 7.004 7.020 7.036 7.051 7.067 7.083 7.099 7.116 7.133 7.151 7.171 7.190 7.208 7.227 7.245 7.260 7.268 7.272 7.277 7.294
6.415 6.425 6.434 6.443 6.450 6.457 6.462 6.467 6.471 6.475 6.478 6.482 6.485 6.489 6.494 6.499 6.505 6.512 6.520 6.528 6.538 6.547 6.556 6.565 6.576 6.587 6.598 6.609 6.621 6.633 6.645 6.657 6.669 6.682 6.695 6.708 6.722 6.736 6.751 6.765 6.780 6.796 6.811 6.827 6.842 6.856 6.871 6.885 6.900 6.915 6.930 6.946 6.961 6.977 6.993 7.009 7.025 7.041 7.057 7.073 7.089 7.105 7.122 7.139 7.156 7.175 7.194 7.213 7.232 7.251 7.269 7.284 7.293 7.296 7.302 7.318
6.428 6.439 6.449 6.458 6.467 6.474 6.481 6.487 6.491 6.496 6.500 6.503 6.507 6.511 6.515 6.520 6.525 6.532 6.539 6.547 6.556 6.564 6.573 6.582 6.593 6.603 6.614 6.625 6.637 6.648 6.660 6.672 6.684 6.697 6.710 6.723 6.737 6.751 6.765 6.780 6.795 6.810 6.826 6.842 6.857 6.872 6.887 6.902 6.917 6.933 6.949 6.964 6.980 6.996 7.013 7.029 7.045 7.062 7.078 7.095 7.111 7.127 7.144 7.161 7.179 7.197 7.217 7.236 7.255 7.274 7.293 7.308 7.317 7.321 7.327 7.343
6.440 6.452 6.463 6.473 6.482 6.491 6.498 6.505 6.511 6.516 6.520 6.525 6.528 6.532 6.537 6.541 6.546 6.552 6.559 6.566 6.575 6.583 6.591 6.600 6.610 6.620 6.631 6.642 6.653 6.665 6.676 6.688 6.700 6.712 6.725 6.738 6.752 6.766 6.780 6.795 6.810 6.826 6.841 6.858 6.873 6.888 6.904 6.919 6.935 6.951 6.967 6.983 6.999 7.016 7.032 7.049 7.066 7.083 7.099 7.116 7.133 7.149 7.166 7.183 7.201 7.220 7.239 7.259 7.278 7.297 7.316 7.331 7.341 7.345 7.351 7.367
6.452 6.464 6.476 6.487 6.497 6.506 6.515 6.522 6.529 6.535 6.540 6.545 6.549 6.554 6.558 6.562 6.567 6.573 6.579 6.586 6.594 6.602 6.610 6.618 6.628 6.638 6.649 6.659 6.671 6.682 6.693 6.705 6.717 6.729 6.741 6.754 6.768 6.781 6.796 6.810 6.826 6.841 6.857 6.874 6.890 6.905 6.920 6.936 6.952 6.969 6.985 7.002 7.018 7.035 7.052 7.069 7.086 7.103 7.120 7.137 7.154 7.171 7.188 7.205 7.223 7.242 7.261 7.280 7.300 7.320 7.339 7.355 7.365 7.369 7.375 7.392
6.463 6.476 6.488 6.500 6.511 6.521 6.530 6.539 6.546 6.553 6.559 6.565 6.570 6.574 6.579 6.583 6.588 6.593 6.599 6.606 6.613 6.621 6.628 6.637 6.646 6.656 6.667 6.677 6.688 6.699 6.711 6.722 6.734 6.746 6.758 6.771 6.784 6.798 6.812 6.827 6.842 6.858 6.874 6.890 6.906 6.922 6.937 6.954 6.970 6.987 7.003 7.020 7.037 7.054 7.072 7.089 7.106 7.124 7.141 7.158 7.175 7.192 7.209 7.227 7.245 7.264 7.283 7.302 7.322 7.342 7.361 7.378 7.388 7.393 7.400 7.417
6.473 6.487 6.500 6.512 6.524 6.535 6.545 6.554 6.563 6.571 6.577 6.584 6.589 6.594 6.599 6.604 6.609 6.614 6.619 6.626 6.633 6.640 6.647 6.655 6.665 6.674 6.685 6.695 6.706 6.717 6.729 6.740 6.752 6.764 6.776 6.789 6.802 6.815 6.829 6.844 6.859 6.874 6.891 6.907 6.923 6.939 6.955 6.971 6.988 7.005 7.022 7.039 7.056 7.074 7.091 7.109 7.127 7.144 7.162 7.179 7.196 7.213 7.231 7.248 7.266 7.285 7.304 7.323 7.343 7.364 7.383 7.400 7.411 7.417 7.424 7.442
6.484 6.498 6.511 6.524 6.537 6.548 6.559 6.569 6.579 6.587 6.595 6.602 6.608 6.614 6.619 6.624 6.629 6.634 6.640 6.646 6.653 6.659 6.666 6.674 6.683 6.692 6.703 6.713 6.724 6.735 6.747 6.758 6.770 6.782 6.794 6.806 6.819 6.833 6.846 6.861 6.876 6.892 6.908 6.924 6.940 6.956 6.972 6.989 7.006 7.023 7.040 7.057 7.075 7.093 7.110 7.128 7.146 7.164 7.182 7.200 7.217 7.234 7.251 7.269 7.287 7.305 7.325 7.344 7.364 7.385 7.405 7.422 7.434 7.440 7.447 7.466
6.494 6.508 6.522 6.536 6.549 6.561 6.573 6.584 6.594 6.603 6.611 6.619 6.626 6.632 6.638 6.643 6.649 6.654 6.659 6.665 6.672 6.678 6.685 6.692 6.701 6.710 6.721 6.731 6.742 6.753 6.765 6.776 6.788 6.800 6.812 6.825 6.837 6.851 6.864 6.879 6.894 6.909 6.925 6.942 6.958 6.973 6.990 7.006 7.023 7.041 7.058 7.076 7.093 7.111 7.130 7.148 7.166 7.184 7.202 7.220 7.237 7.255 7.272 7.289 7.307 7.325 7.345 7.364 7.385 7.405 7.426 7.443 7.455 7.461 7.469 7.489
6.504 6.519 6.533 6.547 6.561 6.574 6.586 6.597 6.608 6.618 6.627 6.636 6.643 6.650 6.656 6.662 6.668 6.673 6.679 6.685 6.691 6.697 6.704 6.711 6.719 6.728 6.738 6.749 6.760 6.771 6.783 6.794 6.806 6.818 6.830 6.843 6.856 6.869 6.882 6.897 6.911 6.927 6.943 6.960 6.975 6.991 7.007 7.024 7.041 7.059 7.076 7.094 7.112 7.130 7.148 7.167 7.185 7.203 7.222 7.240 7.257 7.275 7.292 7.309 7.327 7.345 7.364 7.384 7.404 7.425 7.446 7.463 7.475 7.482 7.491 7.513
6.513 6.528 6.543 6.558 6.572 6.585 6.598 6.610 6.622 6.632 6.642 6.651 6.660 6.667 6.674 6.681 6.687 6.693 6.698 6.704 6.710 6.716 6.722 6.729 6.737 6.746 6.756 6.766 6.777 6.788 6.800 6.812 6.824 6.836 6.848 6.861 6.874 6.887 6.901 6.915 6.930 6.945 6.961 6.977 6.993 7.009 7.025 7.042 7.059 7.076 7.094 7.112 7.130 7.148 7.167 7.185 7.204 7.223 7.241 7.259 7.277 7.294 7.311 7.328 7.346 7.364 7.383 7.402 7.423 7.444 7.464 7.481 7.493 7.502 7.514 7.537
6.523 6.538 6.553 6.568 6.583 6.597 6.610 6.623 6.635 6.646 6.657 6.667 6.676 6.684 6.692 6.699 6.705 6.711 6.717 6.723 6.729 6.735 6.741 6.747 6.755 6.763 6.773 6.783 6.794 6.805 6.817 6.829 6.841 6.854 6.866 6.879 6.892 6.905 6.919 6.933 6.948 6.963 6.979 6.995 7.010 7.026 7.043 7.060 7.077 7.094 7.112 7.130 7.148 7.166 7.185 7.204 7.223 7.241 7.260 7.278 7.296 7.314 7.331 7.347 7.364 7.382 7.401 7.420 7.441 7.461 7.481 7.498 7.512 7.523 7.536 7.561
6.532 6.548 6.563 6.579 6.593 6.608 6.622 6.635 6.648 6.660 6.671 6.681 6.691 6.700 6.708 6.716 6.723 6.729 6.736 6.742 6.748 6.753 6.759 6.765 6.772 6.781 6.790 6.800 6.811 6.822 6.834 6.846 6.858 6.871 6.883 6.896 6.910 6.923 6.937 6.951 6.966 6.981 6.997 7.013 7.028 7.044 7.060 7.077 7.094 7.112 7.130 7.148 7.166 7.184 7.203 7.222 7.241 7.260 7.278 7.297 7.315 7.333 7.349 7.366 7.382 7.400 7.418 7.437 7.457 7.477 7.497 7.515 7.530 7.543 7.560 7.587
6.540 6.557 6.573 6.588 6.604 6.619 6.633 6.647 6.660 6.672 6.684 6.695 6.706 6.715 6.724 6.732 6.740 6.747 6.754 6.761 6.767 6.771 6.777 6.783 6.790 6.798 6.807 6.816 6.827 6.838 6.850 6.862 6.874 6.887 6.900 6.913 6.927 6.940 6.954 6.968 6.983 6.998 7.014 7.030 7.045 7.061 7.078 7.094 7.112 7.129 7.147 7.165 7.183 7.202 7.220 7.239 7.258 7.277 7.296 7.315 7.333 7.351 7.368 7.384 7.400 7.417 7.434 7.452 7.471 7.491 7.511 7.531 7.548 7.564 7.584 7.614
6.549 6.566 6.582 6.598 6.614 6.629 6.644 6.658 6.671 6.685 6.697 6.709 6.720 6.730 6.740 6.748 6.757 6.764 6.771 6.778 6.784 6.789 6.795 6.801 6.807 6.815 6.824 6.833 6.843 6.854 6.866 6.878 6.890 6.903 6.916 6.930 6.943 6.957 6.971 6.986 7.000 7.016 7.032 7.047 7.063 7.078 7.095 7.112 7.129 7.146 7.164 7.182 7.200 7.219 7.238 7.257 7.276 7.295 7.314 7.333 7.351 7.369 7.385 7.401 7.416 7.432 7.449 7.466 7.484 7.504 7.525 7.546 7.566 7.585 7.608 7.641
6.557 6.574 6.591 6.607 6.623 6.639 6.654 6.669 6.683 6.696 6.709 6.722 6.733 6.744 6.754 6.764 6.773 6.781 6.788 6.796 6.802 6.807 6.812 6.818 6.825 6.832 6.840 6.849 6.859 6.870 6.881 6.893 6.906 6.919 6.932 6.946 6.960 6.974 6.988 7.002 7.017 7.032 7.048 7.064 7.079 7.095 7.112 7.128 7.146 7.163 7.181 7.199 7.217 7.236 7.254 7.273 7.293 7.312 7.331 7.350 7.369 7.386 7.402 7.417 7.431 7.447 7.462 7.478 7.496 7.517 7.538 7.561 7.584 7.606 7.632 7.668
6.565 6.582 6.599 6.616 6.632 6.648 6.664 6.679 6.693 6.707 6.721 6.734 6.746 6.758 6.768 6.778 6.788 6.797 6.805 6.812 6.819 6.824 6.830 6.836 6.842 6.849 6.857 6.865 6.875 6.885 6.897 6.908 6.921 6.934 6.947 6.961 6.975 6.989 7.004 7.018 7.033 7.049 7.065 7.080 7.096 7.112 7.128 7.145 7.162 7.180 7.197 7.215 7.234 7.252 7.271 7.290 7.309 7.328 7.348 7.367 7.385 7.403 7.419 7.433 7.446 7.460 7.475 7.490 7.508 7.528 7.551 7.576 7.602 7.628 7.657 7.695
6.573 6.591 6.608 6.625 6.641 6.657 6.673 6.689 6.704 6.718 6.732 6.745 6.758 6.770 6.782 6.792 6.802 6.812 6.820 6.828 6.835 6.841 6.847 6.852 6.859 6.866 6.873 6.881 6.891 6.901 6.912 6.923 6.936 6.949 6.962 6.976 6.990 7.004 7.019 7.034 7.049 7.064 7.080 7.096 7.112 7.128 7.144 7.161 7.178 7.196 7.213 7.231 7.250 7.268 7.287 7.306 7.325 7.345 7.364 7.383 7.402 7.419 7.434 7.447 7.459 7.472 7.486 7.500 7.518 7.539 7.563 7.591 7.620 7.649 7.681 7.721
6.581 6.598 6.616 6.633 6.650 6.666 6.682 6.698 6.714 6.728 6.743 6.757 6.770 6.782 6.794 6.806 6.816 6.826 6.835 6.844 6.851 6.857 6.863 6.869 6.875 6.882 6.889 6.897 6.906 6.916 6.927 6.938 6.950 6.963 6.976 6.990 7.004 7.019 7.033 7.048 7.063 7.079 7.095 7.111 7.127 7.143 7.159 7.176 7.193 7.211 7.229 7.247 7.265 7.284 7.302 7.321 7.341 7.360 7.380 7.399 7.417 7.434 7.449 7.461 7.471 7.484 7.497 7.511 7.528 7.550 7.576 7.606 7.638 7.669 7.704 7.747
6.588 6.606 6.624 6.641 6.658 6.675 6.691 6.707 6.723 6.738 6.753 6.767 6.781 6.794 6.806 6.818 6.829 6.839 6.849 6.858 6.866 6.873 6.879 6.885 6.891 6.898 6.905 6.913 6.922 6.931 6.941 6.952 6.964 6.977 6.990 7.004 7.018 7.032 7.047 7.062 7.078 7.093 7.110 7.126 7.141 7.157 7.174 7.191 7.208 7.226 7.244 7.262 7.280 7.299 7.317 7.336 7.356 7.375 7.395 7.414 7.432 7.449 7.463 7.473 7.483 7.495 7.508 7.521 7.539 7.561 7.589 7.620 7.654 7.689 7.728 7.773
6.595 6.613 6.631 6.649 6.666 6.683 6.700 6.716 6.732 6.747 6.763 6.777 6.791 6.805 6.818 6.830 6.841 6.852 6.862 6.872 6.880 6.887 6.894 6.900 6.907 6.914 6.921 6.928 6.937 6.946 6.956 6.966 6.978 6.991 7.004 7.017 7.031 7.046 7.061 7.076 7.091 7.107 7.123 7.139 7.155 7.171 7.188 7.205 7.222 7.240 7.258 7.276 7.294 7.313 7.332 7.351 7.370 7.390 7.409 7.428 7.446 7.463 7.476 7.486 7.495 7.507 7.519 7.532 7.550 7.574 7.602 7.634 7.669 7.709 7.754 7.801
6.603 6.621 6.638 6.656 6.674 6.691 6.708 6.724 6.740 6.756 6.772 6.787 6.801 6.815 6.828 6.841 6.853 6.864 6.875 6.885 6.894 6.901 6.908 6.915 6.922 6.929 6.936 6.943 6.951 6.960 6.970 6.980 6.992 7.004 7.017 7.030 7.044 7.059 7.073 7.089 7.104 7.120 7.136 7.152 7.168 7.185 7.201 7.218 7.236 7.254 7.272 7.290 7.308 7.327 7.345 7.365 7.384 7.403 7.423 7.442 7.460 7.476 7.488 7.498 7.507 7.518 7.530 7.543 7.562 7.586 7.614 7.647 7.686 7.731 7.780 7.829
6.609 6.628 6.646 6.663 6.681 6.698 6.716 6.732 6.749 6.765 6.780 6.795 6.810 6.824 6.838 6.851 6.864 6.875 6.887 6.897 6.907 6.914 6.922 6.929 6.936 6.943 6.950 6.958 6.966 6.974 6.984 6.994 7.005 7.017 7.029 7.043 7.057 7.071 7.086 7.101 7.116 7.132 7.149 7.165 7.181 7.197 7.214 7.231 7.248 7.266 7.284 7.303 7.321 7.340 7.358 7.377 7.397 7.416 7.436 7.455 7.473 7.488 7.501 7.510 7.518 7.529 7.541 7.555 7.573 7.597 7.626 7.661 7.704 7.753 7.808 7.859
6.616 6.634 6.653 6.670 6.688 6.706 6.723 6.740 6.757 6.773 6.789 6.804 6.819 6.833 6.847 6.861 6.874 6.886 6.897 6.909 6.918 6.927 6.935 6.942 6.950 6.957 6.964 6.972 6.980 6.988 6.997 7.007 7.018 7.030 7.042 7.055 7.069 7.083 7.098 7.113 7.128 7.144 7.160 7.176 7.192 7.208 7.225 7.242 7.260 7.278 7.296 7.314 7.333 7.351 7.370 7.389 7.409 7.428 7.448 7.467 7.485 7.500 7.513 7.522 7.530 7.541 7.552 7.566 7.584 7.609 7.639 7.675 7.722 7.778 7.838 7.891
6.623 6.641 6.659 6.677 6.695 6.713 6.730 6.747 6.764 6.780 6.796 6.812 6.827 6.842 6.856 6.870 6.883 6.896 6.908 6.919 6.929 6.938 6.947 6.955 6.962 6.970 6.977 6.985 6.993 7.001 7.010 7.020 7.030 7.042 7.054 7.067 7.080 7.094 7.109 7.124 7.139 7.155 7.171 7.187 7.203 7.219 7.236 7.253 7.271 7.289 7.307 7.325 7.344 7.362 7.381 7.400 7.420 7.439 7.459 7.478 7.496 7.512 7.525 7.533 7.541 7.552 7.564 7.577 7.596 7.621 7.652 7.691 7.742 7.804 7.870 7.926
6.629 6.648 6.666 6.684 6.702 6.720 6.737 6.754 6.771 6.788 6.804 6.820 6.835 6.850 6.864 6.878 6.892 6.905 6.917 6.929 6.940 6.949 6.958 6.966 6.974 6.982 6.990 6.998 7.006 7.014 7.023 7.032 7.043 7.054 7.066 7.078 7.092 7.105 7.120 7.135 7.150 7.166 7.182 7.198 7.213 7.229 7.246 7.263 7.281 7.299 7.317 7.335 7.354 7.372 7.391 7.410 7.430 7.449 7.469 7.488 7.507 7.523 7.535 7.544 7.551 7.562 7.574 7.588 7.607 7.634 7.666 7.709 7.766 7.833 7.905 7.962
6.636 6.654 6.673 6.691 6.709 6.727 6.744 6.761 6.778 6.795 6.811 6.827 6.842 6.857 6.872 6.886 6.900 6.913 6.926 6.938 6.949 6.959 6.968 6.977 6.985 6.993 7.001 7.009 7.018 7.026 7.035 7.044 7.054 7.065 7.077 7.089 7.102 7.116 7.130 7.145 7.160 7.176 7.192 7.207 7.223 7.239 7.255 7.273 7.290 7.308 7.326 7.345 7.363 7.381 7.400 7.419 7.438 7.458 7.478 7.497 7.516 7.533 7.546 7.554 7.562 7.573 7.585 7.599 7.619 7.647 7.682 7.729 7.790 7.862 7.938 7.999
6.642 6.661 6.679 6.697 6.715 6.733 6.751 6.768 6.785 6.802 6.818 6.834 6.849 6.865 6.879 6.894 6.908 6.921 6.934 6.947 6.958 6.968 6.977 6.987 6.996 7.004 7.012 7.021 7.029 7.037 7.046 7.056 7.066 7.076 7.088 7.100 7.113 7.126 7.140 7.155 7.170 7.185 7.201 7.216 7.232 7.247 7.264 7.281 7.299 7.316 7.334 7.353 7.371 7.389 7.408 7.427 7.446 7.466 7.486 7.506 7.525 7.542 7.555 7.563 7.570 7.582 7.595 7.610 7.631 7.661 7.700 7.751 7.816 7.893 7.976 8.038
6.649 6.667 6.685 6.704 6.722 6.740 6.757 6.775 6.792 6.808 6.825 6.841 6.856 6.871 6.886 6.901 6.915 6.929 6.942 6.955 6.966 6.976 6.986 6.996 7.005 7.014 7.023 7.031 7.040 7.048 7.057 7.066 7.076 7.087 7.098 7.110 7.123 7.136 7.150 7.164 7.179 7.194 7.210 7.225 7.240 7.255 7.272 7.289 7.306 7.324 7.342 7.360 7.378 7.396 7.414 7.433 7.452 7.472 7.493 7.513 7.532 7.549 7.562 7.570 7.577 7.591 7.605 7.621 7.644 7.677 7.720 7.775 7.844 7.930 8.018 8.079
6.655 6.673 6.692 6.710 6.728 6.746 6.764 6.781 6.798 6.815 6.831 6.847 6.863 6.878 6.893 6.908 6.922 6.936 6.949 6.962 6.974 6.984 6.994 7.004 7.014 7.023 7.032 7.041 7.050 7.058 7.067 7.077 7.086 7.097 7.108 7.120 7.132 7.145 7.159 7.173 7.188 7.203 7.218 7.232 7.247 7.263 7.279 7.296 7.313 7.331 7.348 7.366 7.384 7.402 7.420 7.438 7.458 7.478 7.498 7.519 7.538 7.555 7.567 7.575 7.584 7.600 7.616 7.633 7.660 7.696 7.743 7.804 7.881 7.971 8.058 8.119
6.661 6.679 6.698 6.716 6.734 6.752 6.770 6.787 6.804 6.821 6.837 6.853 6.869 6.884 6.899 6.914 6.928 6.942 6.956 6.969 6.981 6.992 7.002 7.012 7.022 7.032 7.041 7.050 7.059 7.068 7.077 7.086 7.096 7.106 7.117 7.129 7.141 7.154 7.167 7.181 7.196 7.211 7.225 7.240 7.254 7.270 7.286 7.302 7.319 7.337 7.354 7.371 7.389 7.406 7.424 7.443 7.462 7.482 7.503 7.523 7.542 7.558 7.571 7.580 7.592 7.609 7.628 7.649 7.679 7.719 7.771 7.837 7.919 8.010 8.097 8.157
6.667 6.685 6.703 6.722 6.740 6.758 6.776 6.793 6.810 6.827 6.843 6.859 6.875 6.890 6.906 6.920 6.935 6.949 6.963 6.976 6.987 6.998 7.009 7.020 7.030 7.040 7.050 7.059 7.068 7.077 7.086 7.095 7.105 7.115 7.126 7.138 7.150 7.162 7.176 7.189 7.203 7.218 7.233 7.247 7.261 7.276 7.292 7.308 7.325 7.342 7.359 7.376 7.393 7.410 7.428 7.446 7.465 7.485 7.506 7.526 7.544 7.560 7.574 7.585 7.599 7.620 7.642 7.667 7.702 7.746 7.802 7.873 7.957 8.048 8.135 8.195
6.672 6.691 6.709 6.727 6.745 6.763 6.781 6.799 6.816 6.833 6.849 6.865 6.881 6.896 6.911 6.926 6.941 6.955 6.969 6.982 6.994 7.005 7.016 7.027 7.037 7.048 7.057 7.067 7.076 7.085 7.095 7.104 7.114 7.124 7.135 7.146 7.158 7.170 7.183 7.197 7.211 7.225 7.239 7.253 7.267 7.282 7.297 7.313 7.329 7.346 7.363 7.380 7.397 7.414 7.431 7.449 7.468 7.487 7.507 7.526 7.545 7.561 7.576 7.591 7.609 7.634 7.660 7.690 7.728 7.777 7.837 7.909 7.993 8.083 8.172 8.232
6.677 6.695 6.714 6.732 6.750 6.768 6.786 6.804 6.821 6.838 6.854 6.871 6.886 6.902 6.917 6.932 6.946 6.961 6.975 6.988 7.000 7.011 7.022 7.034 7.044 7.055 7.065 7.074 7.084 7.093 7.103 7.112 7.122 7.132 7.142 7.153 7.165 7.177 7.190 7.204 7.217 7.231 7.245 7.259 7.272 7.287 7.301 7.317 7.333 7.350 7.367 7.383 7.400 7.417 7.433 7.451 7.469 7.488 7.507 7.526 7.545 7.562 7.580 7.598 7.621 7.649 7.680 7.714 7.758 7.811 7.871 7.943 8.026 8.117 8.208 8.268
