version1/TsunamiDB/out54155.asc
ncols          264
nrows          230
xllcorner      497853.4375
yllcorner      4229146.0000
cellsize         5.
NODATA_value   -99
[rows 102 to 135 of 230, columns 0 to 76 of 264]
5.823 5.835 5.848 5.860 5.873 5.885 5.897 5.909 5.922 5.934 5.946 5.956 5.967 5.978 5.989 6.000 6.010 6.021 6.032 6.043 6.053 6.064 6.074 6.085 6.095 6.105 6.115 6.125 6.135 6.145 6.155 6.165 6.175 6.184 6.193 6.201 6.209 6.217 6.225 6.233 6.241 6.249 6.257 6.264 6.272 6.280 6.288 6.296 6.303 6.311 6.319 6.327 6.335 6.343 6.351 6.360 6.368 6.376 6.383 6.391 6.398 6.405 6.413 6.420 6.428 6.436 6.443 6.451 6.458 6.466 6.474 6.481 6.489 6.496 6.503 6.510 6.518
5.832 5.845 5.857 5.869 5.882 5.894 5.906 5.918 5.930 5.943 5.954 5.965 5.975 5.986 5.997 6.008 6.018 6.029 6.040 6.051 6.061 6.072 6.082 6.092 6.103 6.113 6.123 6.133 6.143 6.152 6.162 6.172 6.182 6.191 6.200 6.208 6.216 6.224 6.232 6.240 6.248 6.255 6.263 6.271 6.279 6.287 6.294 6.302 6.310 6.317 6.325 6.333 6.341 6.349 6.357 6.365 6.374 6.381 6.388 6.396 6.403 6.410 6.418 6.425 6.433 6.440 6.448 6.455 6.463 6.470 6.478 6.485 6.493 6.500 6.508 6.515 6.522
5.842 5.854 5.866 5.879 5.891 5.903 5.915 5.927 5.939 5.951 5.963 5.973 5.984 5.995 6.005 6.016 6.027 6.038 6.048 6.059 6.069 6.080 6.090 6.100 6.110 6.121 6.131 6.140 6.150 6.160 6.170 6.180 6.190 6.199 6.207 6.215 6.223 6.231 6.239 6.247 6.255 6.263 6.270 6.278 6.286 6.293 6.301 6.309 6.316 6.324 6.331 6.339 6.347 6.355 6.363 6.371 6.379 6.386 6.394 6.401 6.408 6.415 6.423 6.430 6.438 6.445 6.453 6.460 6.468 6.475 6.483 6.490 6.497 6.505 6.512 6.519 6.527
5.852 5.864 5.876 5.888 5.900 5.912 5.924 5.936 5.948 5.961 5.972 5.983 5.993 6.004 6.014 6.025 6.036 6.046 6.057 6.067 6.078 6.088 6.099 6.109 6.119 6.129 6.139 6.149 6.158 6.168 6.178 6.188 6.197 6.206 6.215 6.223 6.231 6.239 6.247 6.254 6.262 6.270 6.278 6.285 6.293 6.301 6.308 6.316 6.323 6.331 6.338 6.346 6.353 6.361 6.369 6.377 6.385 6.392 6.399 6.406 6.414 6.421 6.428 6.435 6.443 6.450 6.457 6.465 6.472 6.480 6.487 6.495 6.502 6.510 6.517 6.524 6.532
5.863 5.875 5.887 5.899 5.910 5.922 5.934 5.946 5.958 5.970 5.981 5.992 6.002 6.013 6.024 6.034 6.045 6.055 6.066 6.076 6.087 6.097 6.107 6.118 6.128 6.138 6.147 6.157 6.167 6.177 6.186 6.196 6.206 6.215 6.223 6.231 6.239 6.247 6.254 6.262 6.270 6.278 6.285 6.293 6.301 6.308 6.315 6.323 6.330 6.338 6.345 6.353 6.360 6.368 6.376 6.384 6.391 6.398 6.405 6.412 6.419 6.426 6.434 6.441 6.448 6.455 6.463 6.470 6.478 6.485 6.492 6.500 6.507 6.514 6.522 6.529 6.536
5.874 5.886 5.898 5.909 5.921 5.933 5.944 5.956 5.968 5.980 5.991 6.002 6.012 6.023 6.033 6.044 6.054 6.065 6.075 6.086 6.096 6.106 6.117 6.127 6.137 6.147 6.156 6.166 6.176 6.185 6.195 6.204 6.214 6.223 6.231 6.239 6.247 6.255 6.263 6.270 6.278 6.286 6.293 6.301 6.308 6.316 6.323 6.330 6.338 6.345 6.352 6.360 6.367 6.375 6.382 6.390 6.398 6.405 6.412 6.418 6.425 6.432 6.439 6.446 6.454 6.461 6.468 6.475 6.483 6.490 6.498 6.505 6.512 6.520 6.527 6.534 6.542
5.886 5.898 5.909 5.920 5.932 5.943 5.955 5.967 5.978 5.990 6.001 6.012 6.022 6.032 6.043 6.053 6.064 6.074 6.085 6.095 6.106 6.116 6.126 6.136 6.146 6.156 6.166 6.175 6.185 6.194 6.204 6.213 6.223 6.232 6.240 6.248 6.256 6.263 6.271 6.279 6.286 6.294 6.302 6.309 6.316 6.324 6.331 6.338 6.346 6.353 6.360 6.367 6.375 6.382 6.389 6.397 6.405 6.411 6.418 6.425 6.432 6.438 6.445 6.452 6.459 6.467 6.474 6.481 6.488 6.496 6.503 6.510 6.518 6.525 6.532 6.539 6.547
5.899 5.910 5.921 5.932 5.944 5.955 5.966 5.978 5.989 6.001 6.012 6.022 6.032 6.043 6.053 6.063 6.074 6.084 6.095 6.105 6.115 6.126 6.136 6.146 6.156 6.165 6.175 6.185 6.194 6.204 6.213 6.223 6.232 6.241 6.249 6.257 6.265 6.272 6.280 6.288 6.295 6.303 6.310 6.318 6.325 6.332 6.339 6.347 6.354 6.361 6.368 6.375 6.382 6.389 6.397 6.404 6.412 6.418 6.425 6.431 6.438 6.445 6.452 6.458 6.465 6.472 6.480 6.487 6.494 6.501 6.508 6.516 6.523 6.530 6.538 6.545 6.552
5.912 5.923 5.934 5.945 5.956 5.967 5.978 5.989 6.000 6.012 6.023 6.033 6.043 6.053 6.063 6.074 6.084 6.094 6.105 6.115 6.125 6.136 6.146 6.156 6.166 6.175 6.185 6.194 6.204 6.213 6.223 6.232 6.242 6.250 6.258 6.266 6.274 6.281 6.289 6.297 6.304 6.312 6.319 6.326 6.334 6.341 6.348 6.355 6.362 6.369 6.376 6.383 6.390 6.397 6.404 6.412 6.419 6.425 6.432 6.438 6.445 6.451 6.458 6.465 6.472 6.479 6.486 6.493 6.500 6.507 6.514 6.521 6.529 6.536 6.543 6.550 6.558
5.926 5.936 5.947 5.957 5.968 5.979 5.990 6.001 6.012 6.023 6.034 6.044 6.054 6.064 6.074 6.084 6.094 6.105 6.115 6.125 6.136 6.146 6.156 6.166 6.176 6.185 6.195 6.204 6.214 6.223 6.233 6.242 6.251 6.260 6.268 6.276 6.283 6.291 6.298 6.306 6.313 6.321 6.328 6.335 6.342 6.350 6.357 6.364 6.371 6.377 6.384 6.391 6.398 6.405 6.412 6.419 6.426 6.433 6.439 6.445 6.452 6.458 6.465 6.471 6.478 6.485 6.492 6.499 6.506 6.513 6.520 6.527 6.534 6.541 6.549 6.556 6.563
5.940 5.950 5.960 5.971 5.981 5.992 6.002 6.013 6.024 6.035 6.045 6.055 6.065 6.075 6.085 6.095 6.105 6.115 6.126 6.136 6.146 6.156 6.166 6.176 6.186 6.195 6.205 6.214 6.224 6.233 6.243 6.252 6.261 6.270 6.278 6.285 6.293 6.300 6.308 6.315 6.323 6.330 6.337 6.345 6.352 6.359 6.366 6.372 6.379 6.386 6.393 6.400 6.406 6.413 6.420 6.427 6.434 6.440 6.446 6.452 6.459 6.465 6.471 6.478 6.484 6.491 6.498 6.505 6.512 6.519 6.526 6.533 6.540 6.547 6.554 6.561 6.569
5.954 5.964 5.974 5.984 5.994 6.005 6.015 6.025 6.036 6.047 6.057 6.066 6.076 6.086 6.096 6.106 6.116 6.126 6.136 6.146 6.156 6.166 6.176 6.186 6.196 6.206 6.215 6.225 6.234 6.243 6.253 6.262 6.271 6.280 6.288 6.295 6.303 6.310 6.318 6.325 6.332 6.340 6.347 6.354 6.361 6.368 6.375 6.382 6.388 6.395 6.402 6.408 6.415 6.421 6.428 6.435 6.442 6.448 6.454 6.460 6.466 6.472 6.478 6.484 6.491 6.497 6.504 6.511 6.518 6.525 6.531 6.538 6.546 6.553 6.560 6.567 6.574
5.969 5.979 5.988 5.998 6.008 6.018 6.028 6.038 6.049 6.059 6.069 6.078 6.088 6.097 6.107 6.117 6.127 6.137 6.147 6.157 6.167 6.177 6.187 6.196 6.206 6.216 6.225 6.235 6.244 6.254 6.263 6.272 6.282 6.290 6.298 6.305 6.313 6.320 6.328 6.335 6.342 6.349 6.356 6.364 6.370 6.377 6.384 6.391 6.397 6.404 6.410 6.417 6.423 6.430 6.437 6.444 6.450 6.456 6.461 6.467 6.473 6.479 6.485 6.491 6.497 6.504 6.510 6.517 6.524 6.530 6.537 6.544 6.551 6.558 6.565 6.572 6.579
5.984 5.993 6.003 6.012 6.022 6.031 6.041 6.051 6.061 6.072 6.081 6.090 6.099 6.109 6.118 6.128 6.138 6.148 6.157 6.167 6.177 6.187 6.197 6.207 6.217 6.226 6.236 6.245 6.254 6.264 6.273 6.282 6.292 6.300 6.308 6.315 6.323 6.330 6.338 6.345 6.352 6.359 6.366 6.373 6.380 6.387 6.394 6.400 6.407 6.413 6.420 6.426 6.432 6.439 6.445 6.452 6.458 6.464 6.469 6.475 6.480 6.486 6.492 6.498 6.504 6.510 6.517 6.523 6.530 6.536 6.543 6.550 6.557 6.564 6.571 6.578 6.585
5.998 6.007 6.017 6.026 6.035 6.045 6.054 6.064 6.075 6.084 6.093 6.102 6.111 6.120 6.129 6.139 6.149 6.158 6.168 6.178 6.188 6.198 6.207 6.217 6.227 6.236 6.246 6.255 6.265 6.274 6.283 6.293 6.302 6.310 6.318 6.326 6.333 6.340 6.348 6.355 6.362 6.369 6.376 6.383 6.390 6.397 6.403 6.410 6.416 6.423 6.429 6.435 6.441 6.448 6.454 6.461 6.467 6.472 6.477 6.483 6.488 6.494 6.499 6.505 6.511 6.517 6.523 6.530 6.536 6.543 6.549 6.556 6.563 6.569 6.576 6.583 6.590
6.013 6.022 6.031 6.040 6.049 6.058 6.068 6.077 6.087 6.097 6.105 6.114 6.123 6.132 6.141 6.150 6.160 6.169 6.179 6.189 6.198 6.208 6.218 6.227 6.237 6.247 6.256 6.265 6.275 6.284 6.294 6.303 6.312 6.320 6.328 6.336 6.343 6.351 6.358 6.365 6.372 6.379 6.386 6.393 6.400 6.407 6.413 6.419 6.426 6.432 6.438 6.444 6.450 6.457 6.463 6.469 6.475 6.480 6.485 6.491 6.496 6.501 6.507 6.512 6.518 6.524 6.530 6.536 6.542 6.549 6.555 6.562 6.568 6.575 6.582 6.589 6.596
6.026 6.035 6.045 6.054 6.063 6.072 6.081 6.090 6.100 6.109 6.117 6.126 6.134 6.143 6.152 6.161 6.171 6.180 6.189 6.199 6.209 6.218 6.228 6.237 6.247 6.257 6.266 6.275 6.285 6.294 6.304 6.313 6.322 6.330 6.338 6.346 6.353 6.361 6.368 6.375 6.382 6.389 6.396 6.403 6.410 6.416 6.423 6.429 6.436 6.442 6.448 6.454 6.460 6.466 6.472 6.479 6.484 6.489 6.494 6.499 6.504 6.509 6.514 6.520 6.525 6.531 6.537 6.543 6.549 6.555 6.561 6.568 6.574 6.581 6.587 6.594 6.601
6.040 6.049 6.058 6.067 6.076 6.085 6.094 6.103 6.113 6.121 6.130 6.138 6.146 6.155 6.163 6.172 6.181 6.191 6.200 6.209 6.219 6.228 6.238 6.247 6.257 6.266 6.276 6.285 6.295 6.304 6.314 6.323 6.332 6.340 6.348 6.356 6.363 6.371 6.378 6.385 6.392 6.399 6.406 6.413 6.420 6.426 6.433 6.439 6.445 6.451 6.457 6.463 6.469 6.475 6.482 6.488 6.493 6.498 6.502 6.507 6.512 6.517 6.522 6.527 6.532 6.538 6.544 6.549 6.555 6.561 6.567 6.573 6.580 6.586 6.593 6.599 6.606
6.053 6.062 6.071 6.080 6.089 6.098 6.107 6.116 6.125 6.134 6.142 6.150 6.158 6.166 6.175 6.183 6.192 6.201 6.210 6.220 6.229 6.238 6.248 6.257 6.267 6.276 6.285 6.295 6.304 6.314 6.323 6.333 6.342 6.350 6.358 6.366 6.373 6.381 6.388 6.395 6.402 6.410 6.416 6.423 6.430 6.437 6.443 6.449 6.455 6.461 6.467 6.473 6.479 6.485 6.491 6.497 6.502 6.506 6.511 6.516 6.520 6.525 6.530 6.535 6.540 6.545 6.551 6.556 6.562 6.568 6.574 6.580 6.586 6.592 6.598 6.605 6.612
6.066 6.075 6.084 6.092 6.101 6.110 6.119 6.128 6.137 6.145 6.153 6.161 6.169 6.177 6.186 6.194 6.203 6.212 6.221 6.230 6.239 6.248 6.257 6.267 6.276 6.285 6.295 6.304 6.314 6.323 6.333 6.342 6.351 6.360 6.367 6.375 6.383 6.390 6.398 6.405 6.412 6.420 6.426 6.433 6.440 6.447 6.453 6.459 6.465 6.471 6.477 6.483 6.489 6.495 6.501 6.506 6.511 6.516 6.520 6.525 6.529 6.534 6.538 6.543 6.548 6.553 6.558 6.563 6.569 6.574 6.580 6.586 6.592 6.598 6.604 6.611 6.617
6.079 6.087 6.096 6.105 6.113 6.122 6.131 6.140 6.149 6.157 6.165 6.173 6.180 6.188 6.197 6.205 6.213 6.222 6.231 6.240 6.249 6.258 6.267 6.276 6.285 6.295 6.304 6.313 6.323 6.332 6.342 6.351 6.361 6.369 6.377 6.385 6.392 6.400 6.408 6.415 6.422 6.429 6.436 6.443 6.450 6.457 6.463 6.469 6.475 6.481 6.487 6.493 6.499 6.505 6.511 6.516 6.521 6.525 6.529 6.534 6.538 6.542 6.547 6.551 6.556 6.561 6.566 6.571 6.576 6.581 6.587 6.592 6.598 6.604 6.610 6.616 6.623
6.091 6.100 6.108 6.117 6.125 6.134 6.142 6.151 6.160 6.169 6.176 6.184 6.191 6.199 6.207 6.215 6.224 6.232 6.241 6.249 6.258 6.267 6.276 6.285 6.294 6.304 6.313 6.322 6.332 6.341 6.351 6.360 6.369 6.378 6.386 6.394 6.402 6.409 6.417 6.424 6.432 6.439 6.446 6.453 6.460 6.466 6.473 6.479 6.485 6.491 6.497 6.503 6.509 6.515 6.520 6.526 6.530 6.535 6.539 6.543 6.547 6.551 6.556 6.560 6.564 6.569 6.573 6.578 6.583 6.588 6.594 6.599 6.605 6.610 6.616 6.622 6.629
6.104 6.112 6.120 6.129 6.137 6.145 6.154 6.163 6.171 6.180 6.187 6.195 6.202 6.210 6.218 6.226 6.234 6.242 6.251 6.259 6.268 6.277 6.285 6.294 6.303 6.312 6.322 6.331 6.340 6.349 6.359 6.369 6.378 6.386 6.394 6.402 6.410 6.418 6.426 6.434 6.441 6.448 6.456 6.463 6.470 6.476 6.483 6.489 6.495 6.501 6.507 6.513 6.519 6.525 6.530 6.536 6.540 6.544 6.548 6.553 6.557 6.561 6.565 6.569 6.573 6.577 6.582 6.586 6.591 6.596 6.601 6.606 6.611 6.617 6.623 6.629 6.635
6.117 6.125 6.133 6.141 6.149 6.157 6.165 6.174 6.183 6.191 6.198 6.205 6.213 6.221 6.228 6.236 6.244 6.252 6.260 6.269 6.277 6.286 6.294 6.303 6.312 6.321 6.330 6.339 6.348 6.358 6.367 6.377 6.386 6.394 6.403 6.411 6.419 6.427 6.435 6.442 6.450 6.458 6.465 6.472 6.479 6.486 6.492 6.499 6.505 6.511 6.517 6.523 6.529 6.535 6.540 6.546 6.550 6.554 6.558 6.562 6.566 6.570 6.574 6.578 6.582 6.586 6.590 6.594 6.599 6.604 6.608 6.613 6.618 6.624 6.629 6.635 6.641
6.131 6.138 6.146 6.153 6.161 6.169 6.177 6.185 6.194 6.202 6.209 6.216 6.223 6.231 6.239 6.246 6.254 6.262 6.270 6.278 6.287 6.295 6.303 6.312 6.321 6.329 6.338 6.347 6.356 6.366 6.375 6.385 6.394 6.402 6.411 6.419 6.427 6.435 6.443 6.451 6.459 6.466 6.474 6.481 6.488 6.495 6.502 6.508 6.515 6.521 6.527 6.533 6.539 6.544 6.550 6.556 6.560 6.564 6.568 6.572 6.576 6.580 6.583 6.587 6.591 6.595 6.599 6.603 6.607 6.612 6.616 6.621 6.626 6.631 6.636 6.642 6.648
6.146 6.152 6.159 6.166 6.173 6.181 6.189 6.197 6.205 6.213 6.220 6.227 6.234 6.241 6.249 6.256 6.264 6.272 6.280 6.288 6.296 6.304 6.312 6.321 6.329 6.338 6.346 6.355 6.364 6.373 6.383 6.392 6.401 6.410 6.418 6.426 6.435 6.443 6.451 6.459 6.467 6.475 6.482 6.490 6.497 6.504 6.511 6.518 6.524 6.531 6.537 6.543 6.549 6.554 6.560 6.565 6.570 6.574 6.578 6.582 6.586 6.589 6.593 6.597 6.600 6.604 6.608 6.612 6.616 6.620 6.624 6.629 6.634 6.638 6.644 6.649 6.655
6.161 6.167 6.173 6.180 6.187 6.194 6.201 6.208 6.216 6.224 6.230 6.237 6.244 6.252 6.259 6.266 6.274 6.282 6.289 6.297 6.305 6.313 6.321 6.329 6.338 6.346 6.355 6.363 6.372 6.381 6.390 6.400 6.409 6.417 6.426 6.434 6.442 6.450 6.458 6.467 6.475 6.483 6.490 6.498 6.506 6.513 6.520 6.527 6.533 6.540 6.546 6.552 6.558 6.564 6.570 6.575 6.580 6.584 6.588 6.592 6.596 6.599 6.603 6.606 6.610 6.613 6.617 6.621 6.625 6.629 6.633 6.637 6.642 6.646 6.651 6.656 6.662
6.178 6.183 6.189 6.194 6.201 6.207 6.214 6.221 6.228 6.235 6.242 6.248 6.255 6.262 6.269 6.276 6.284 6.291 6.299 6.307 6.314 6.322 6.330 6.338 6.346 6.354 6.363 6.371 6.380 6.389 6.398 6.407 6.416 6.424 6.433 6.441 6.449 6.457 6.466 6.474 6.482 6.490 6.498 6.506 6.514 6.521 6.528 6.535 6.542 6.549 6.555 6.561 6.568 6.574 6.580 6.585 6.590 6.594 6.598 6.602 6.605 6.609 6.613 6.616 6.620 6.623 6.627 6.630 6.634 6.638 6.642 6.646 6.650 6.654 6.659 6.664 6.669
6.195 6.199 6.205 6.210 6.215 6.221 6.227 6.234 6.241 6.247 6.253 6.259 6.266 6.272 6.279 6.286 6.294 6.301 6.308 6.316 6.324 6.331 6.339 6.347 6.355 6.363 6.371 6.379 6.388 6.396 6.405 6.414 6.423 6.431 6.440 6.448 6.456 6.464 6.472 6.481 6.489 6.497 6.505 6.513 6.521 6.529 6.536 6.544 6.551 6.557 6.564 6.570 6.577 6.583 6.589 6.595 6.599 6.604 6.608 6.612 6.615 6.619 6.622 6.626 6.629 6.633 6.636 6.640 6.643 6.647 6.651 6.654 6.658 6.663 6.667 6.672 6.677
6.212 6.217 6.221 6.226 6.231 6.236 6.242 6.248 6.254 6.260 6.265 6.271 6.277 6.283 6.290 6.297 6.304 6.311 6.318 6.326 6.333 6.340 6.348 6.356 6.363 6.371 6.379 6.387 6.395 6.404 6.413 6.422 6.430 6.438 6.446 6.454 6.463 6.471 6.479 6.487 6.496 6.504 6.512 6.520 6.528 6.536 6.544 6.551 6.559 6.566 6.572 6.579 6.585 6.592 6.598 6.604 6.609 6.613 6.617 6.621 6.625 6.629 6.632 6.636 6.639 6.643 6.646 6.649 6.653 6.656 6.660 6.663 6.667 6.671 6.675 6.680 6.685
6.229 6.234 6.238 6.243 6.247 6.252 6.257 6.262 6.268 6.273 6.278 6.283 6.289 6.295 6.301 6.307 6.314 6.321 6.328 6.335 6.342 6.350 6.357 6.364 6.372 6.380 6.387 6.395 6.403 6.412 6.420 6.429 6.437 6.445 6.453 6.461 6.469 6.477 6.486 6.494 6.502 6.511 6.519 6.527 6.535 6.543 6.551 6.559 6.566 6.573 6.580 6.587 6.594 6.600 6.607 6.613 6.618 6.622 6.627 6.631 6.635 6.638 6.642 6.645 6.649 6.652 6.656 6.659 6.662 6.666 6.669 6.673 6.676 6.680 6.684 6.688 6.693
6.247 6.251 6.256 6.260 6.264 6.268 6.273 6.278 6.283 6.287 6.291 6.296 6.301 6.306 6.312 6.318 6.325 6.331 6.338 6.345 6.352 6.359 6.366 6.374 6.381 6.388 6.396 6.404 6.411 6.419 6.428 6.436 6.445 6.452 6.460 6.468 6.476 6.484 6.492 6.500 6.509 6.517 6.525 6.534 6.542 6.550 6.558 6.566 6.573 6.581 6.588 6.595 6.602 6.609 6.616 6.622 6.627 6.631 6.636 6.640 6.644 6.648 6.652 6.655 6.659 6.662 6.665 6.669 6.672 6.675 6.678 6.682 6.685 6.689 6.693 6.697 6.701
6.263 6.268 6.273 6.277 6.281 6.285 6.290 6.294 6.298 6.302 6.306 6.310 6.314 6.319 6.324 6.330 6.336 6.342 6.348 6.355 6.362 6.369 6.376 6.383 6.390 6.397 6.405 6.412 6.420 6.428 6.436 6.444 6.452 6.459 6.467 6.474 6.482 6.490 6.498 6.506 6.515 6.523 6.531 6.540 6.548 6.556 6.564 6.572 6.580 6.588 6.595 6.603 6.610 6.617 6.624 6.630 6.635 6.640 6.645 6.649 6.653 6.657 6.661 6.665 6.668 6.672 6.675 6.678 6.682 6.685 6.688 6.691 6.695 6.698 6.702 6.705 6.710
6.279 6.284 6.289 6.294 6.298 6.302 6.306 6.311 6.314 6.317 6.321 6.324 6.328 6.332 6.337 6.342 6.347 6.353 6.359 6.365 6.372 6.379 6.385 6.392 6.399 6.406 6.413 6.421 6.428 6.436 6.444 6.452 6.460 6.467 6.474 6.481 6.489 6.497 6.505 6.513 6.521 6.529 6.537 6.546 6.554 6.562 6.571 6.579 6.587 6.594 6.602 6.610 6.617 6.624 6.632 6.638 6.643 6.649 6.653 6.658 6.662 6.666 6.670 6.674 6.678 6.681 6.685 6.688 6.691 6.694 6.698 6.701 6.704 6.707 6.711 6.714 6.718
