version1/TsunamiDB/out54129.asc
ncols          264
nrows          230
xllcorner      497853.4375
yllcorner      4229146.0000
cellsize         5.
NODATA_value   -99
[rows 68 to 101 of 230, columns 154 to 230 of 264]
6.592 6.597 6.602 6.608 6.613 6.619 6.626 6.632 6.639 6.646 6.653 6.660 6.667 6.674 6.682 6.689 6.697 6.704 6.712 6.719 6.726 6.732 6.739 6.745 6.750 6.756 6.761 6.766 6.770 6.775 6.779 6.783 6.787 6.790 6.794 6.797 6.800 6.803 6.806 6.809 6.812 6.816 6.819 6.822 6.825 6.828 6.831 6.835 6.838 6.842 6.846 6.850 6.854 6.858 6.863 6.868 6.874 6.879 6.885 6.891 6.898 6.905 6.912 6.920 6.929 6.938 6.947 6.957 6.967 6.976 6.980 6.981 6.980 6.985 6.991 7.000 7.018
6.598 6.603 6.608 6.613 6.619 6.624 6.631 6.637 6.644 6.650 6.657 6.664 6.672 6.679 6.686 6.694 6.701 6.709 6.717 6.724 6.731 6.737 6.744 6.750 6.755 6.761 6.766 6.771 6.776 6.781 6.785 6.789 6.793 6.797 6.800 6.804 6.807 6.810 6.813 6.816 6.820 6.823 6.827 6.830 6.833 6.836 6.840 6.843 6.847 6.851 6.855 6.859 6.864 6.869 6.874 6.879 6.885 6.891 6.897 6.904 6.911 6.919 6.927 6.935 6.944 6.954 6.964 6.974 6.984 6.993 6.999 6.999 6.999 7.004 7.010 7.019 7.037
6.603 6.608 6.613 6.618 6.624 6.629 6.635 6.642 6.648 6.655 6.662 6.669 6.676 6.684 6.691 6.698 6.706 6.713 6.721 6.729 6.736 6.742 6.748 6.755 6.760 6.766 6.772 6.777 6.782 6.786 6.791 6.795 6.799 6.803 6.807 6.810 6.814 6.817 6.820 6.824 6.827 6.831 6.835 6.838 6.841 6.845 6.848 6.852 6.856 6.860 6.864 6.869 6.874 6.879 6.885 6.890 6.897 6.903 6.910 6.917 6.924 6.932 6.941 6.950 6.960 6.970 6.980 6.990 7.001 7.011 7.016 7.018 7.017 7.023 7.030 7.039 7.057
6.609 6.614 6.618 6.623 6.629 6.634 6.640 6.647 6.653 6.660 6.667 6.674 6.681 6.688 6.695 6.703 6.710 6.718 6.726 6.733 6.740 6.747 6.753 6.759 6.765 6.771 6.777 6.782 6.787 6.792 6.797 6.801 6.805 6.809 6.813 6.817 6.821 6.824 6.827 6.831 6.835 6.839 6.842 6.846 6.849 6.853 6.857 6.861 6.865 6.869 6.874 6.879 6.884 6.890 6.895 6.902 6.908 6.915 6.922 6.930 6.938 6.946 6.955 6.965 6.975 6.985 6.996 7.007 7.018 7.028 7.034 7.036 7.036 7.041 7.049 7.059 7.077
6.615 6.619 6.624 6.629 6.634 6.639 6.645 6.651 6.658 6.664 6.671 6.678 6.685 6.692 6.700 6.707 6.715 6.722 6.730 6.738 6.745 6.751 6.758 6.764 6.770 6.776 6.782 6.787 6.793 6.798 6.802 6.807 6.811 6.816 6.820 6.824 6.827 6.831 6.835 6.838 6.842 6.846 6.850 6.854 6.858 6.862 6.866 6.870 6.874 6.879 6.884 6.889 6.894 6.900 6.906 6.913 6.920 6.927 6.935 6.943 6.951 6.960 6.969 6.979 6.990 7.001 7.011 7.023 7.035 7.045 7.052 7.053 7.054 7.060 7.068 7.078 7.097
6.620 6.624 6.629 6.634 6.639 6.644 6.650 6.656 6.662 6.669 6.675 6.682 6.689 6.697 6.704 6.711 6.719 6.727 6.735 6.742 6.749 6.756 6.763 6.769 6.775 6.781 6.787 6.793 6.798 6.803 6.808 6.813 6.818 6.822 6.826 6.830 6.834 6.838 6.842 6.846 6.850 6.854 6.859 6.862 6.866 6.870 6.875 6.879 6.884 6.888 6.894 6.899 6.905 6.911 6.918 6.924 6.932 6.939 6.947 6.955 6.964 6.973 6.983 6.994 7.005 7.015 7.027 7.039 7.051 7.061 7.068 7.070 7.071 7.078 7.087 7.097 7.116
6.625 6.630 6.634 6.639 6.644 6.649 6.655 6.661 6.667 6.673 6.680 6.687 6.694 6.701 6.708 6.716 6.723 6.731 6.739 6.747 6.754 6.761 6.767 6.774 6.780 6.786 6.792 6.798 6.803 6.809 6.814 6.819 6.824 6.828 6.833 6.837 6.841 6.845 6.849 6.853 6.858 6.862 6.867 6.871 6.875 6.879 6.884 6.888 6.893 6.898 6.904 6.910 6.916 6.922 6.929 6.936 6.943 6.951 6.960 6.968 6.977 6.987 6.997 7.008 7.019 7.030 7.042 7.054 7.067 7.078 7.085 7.087 7.088 7.095 7.105 7.115 7.134
6.631 6.635 6.639 6.644 6.649 6.654 6.659 6.665 6.671 6.678 6.684 6.691 6.698 6.705 6.712 6.720 6.727 6.735 6.743 6.751 6.758 6.765 6.772 6.778 6.785 6.791 6.797 6.803 6.809 6.814 6.820 6.825 6.830 6.835 6.839 6.844 6.848 6.853 6.857 6.861 6.866 6.871 6.875 6.879 6.884 6.888 6.893 6.898 6.903 6.908 6.914 6.920 6.926 6.933 6.940 6.948 6.955 6.964 6.972 6.981 6.991 7.000 7.011 7.022 7.033 7.045 7.057 7.069 7.082 7.093 7.101 7.104 7.105 7.112 7.122 7.132 7.151
6.636 6.640 6.644 6.649 6.654 6.659 6.664 6.670 6.676 6.682 6.688 6.695 6.702 6.709 6.717 6.724 6.732 6.739 6.748 6.755 6.762 6.769 6.776 6.783 6.790 6.796 6.802 6.808 6.814 6.820 6.826 6.831 6.836 6.841 6.846 6.851 6.855 6.860 6.864 6.869 6.874 6.879 6.884 6.888 6.893 6.898 6.902 6.908 6.913 6.919 6.925 6.931 6.937 6.944 6.952 6.959 6.968 6.976 6.985 6.994 7.004 7.014 7.024 7.035 7.047 7.059 7.071 7.084 7.097 7.108 7.116 7.118 7.119 7.128 7.138 7.149 7.167
6.641 6.645 6.650 6.654 6.659 6.664 6.669 6.674 6.680 6.686 6.693 6.699 6.706 6.713 6.721 6.728 6.736 6.744 6.752 6.760 6.767 6.774 6.781 6.788 6.794 6.801 6.807 6.814 6.820 6.826 6.831 6.837 6.842 6.848 6.853 6.858 6.863 6.867 6.872 6.877 6.882 6.888 6.892 6.897 6.902 6.907 6.912 6.918 6.923 6.929 6.935 6.942 6.949 6.956 6.964 6.971 6.980 6.989 6.998 7.007 7.017 7.027 7.038 7.049 7.061 7.073 7.085 7.098 7.111 7.122 7.129 7.132 7.134 7.143 7.154 7.165 7.185
6.647 6.651 6.655 6.659 6.664 6.669 6.674 6.679 6.685 6.691 6.697 6.704 6.711 6.718 6.725 6.732 6.740 6.748 6.756 6.764 6.771 6.778 6.785 6.792 6.799 6.806 6.813 6.819 6.825 6.831 6.837 6.843 6.849 6.854 6.860 6.865 6.870 6.875 6.880 6.885 6.891 6.896 6.901 6.906 6.912 6.917 6.922 6.928 6.934 6.940 6.946 6.953 6.960 6.968 6.975 6.984 6.992 7.001 7.010 7.020 7.030 7.040 7.051 7.062 7.074 7.086 7.099 7.112 7.124 7.135 7.142 7.145 7.149 7.159 7.171 7.183 7.204
6.652 6.656 6.660 6.664 6.669 6.673 6.679 6.684 6.689 6.695 6.702 6.708 6.715 6.722 6.729 6.736 6.744 6.752 6.760 6.768 6.776 6.783 6.790 6.797 6.804 6.811 6.818 6.824 6.831 6.837 6.843 6.849 6.855 6.861 6.867 6.872 6.878 6.883 6.888 6.894 6.900 6.905 6.911 6.916 6.921 6.927 6.932 6.938 6.944 6.951 6.957 6.964 6.972 6.979 6.987 6.996 7.005 7.014 7.023 7.033 7.043 7.053 7.064 7.075 7.087 7.099 7.112 7.124 7.137 7.147 7.155 7.159 7.163 7.175 7.188 7.202 7.225
6.657 6.661 6.665 6.669 6.674 6.678 6.683 6.689 6.694 6.700 6.706 6.713 6.719 6.726 6.733 6.741 6.748 6.757 6.765 6.773 6.780 6.787 6.795 6.802 6.809 6.816 6.823 6.830 6.837 6.843 6.849 6.856 6.862 6.868 6.874 6.880 6.885 6.891 6.897 6.902 6.908 6.914 6.920 6.925 6.931 6.937 6.943 6.949 6.955 6.962 6.969 6.976 6.984 6.991 7.000 7.008 7.017 7.027 7.036 7.046 7.056 7.067 7.077 7.088 7.100 7.112 7.124 7.136 7.148 7.159 7.167 7.172 7.178 7.191 7.206 7.223 7.247
6.663 6.667 6.671 6.675 6.679 6.684 6.688 6.694 6.699 6.705 6.711 6.717 6.724 6.731 6.738 6.745 6.753 6.761 6.770 6.777 6.785 6.792 6.799 6.807 6.814 6.821 6.828 6.835 6.842 6.849 6.856 6.862 6.869 6.875 6.881 6.887 6.893 6.899 6.905 6.911 6.917 6.924 6.929 6.935 6.941 6.947 6.953 6.960 6.966 6.973 6.980 6.988 6.995 7.003 7.012 7.021 7.030 7.039 7.049 7.059 7.070 7.080 7.090 7.101 7.112 7.124 7.135 7.147 7.159 7.170 7.179 7.186 7.194 7.209 7.226 7.244 7.271
6.668 6.672 6.676 6.680 6.684 6.689 6.693 6.699 6.704 6.710 6.715 6.722 6.728 6.735 6.742 6.750 6.757 6.766 6.774 6.782 6.789 6.797 6.804 6.812 6.819 6.827 6.834 6.841 6.848 6.855 6.862 6.869 6.875 6.882 6.888 6.895 6.901 6.907 6.913 6.920 6.926 6.933 6.939 6.945 6.951 6.957 6.964 6.970 6.977 6.984 6.992 6.999 7.007 7.016 7.024 7.033 7.043 7.052 7.062 7.073 7.083 7.093 7.103 7.113 7.124 7.135 7.146 7.158 7.169 7.181 7.191 7.200 7.210 7.226 7.245 7.267 7.296
6.674 6.677 6.681 6.685 6.689 6.694 6.699 6.704 6.709 6.714 6.720 6.726 6.733 6.740 6.747 6.754 6.762 6.771 6.779 6.786 6.794 6.802 6.809 6.817 6.825 6.832 6.840 6.847 6.854 6.861 6.868 6.875 6.882 6.889 6.896 6.902 6.909 6.915 6.922 6.929 6.935 6.942 6.949 6.955 6.961 6.968 6.974 6.981 6.988 6.996 7.003 7.011 7.019 7.028 7.036 7.046 7.055 7.065 7.075 7.086 7.096 7.105 7.115 7.125 7.135 7.145 7.156 7.168 7.179 7.192 7.203 7.214 7.226 7.244 7.265 7.288 7.320
6.679 6.683 6.687 6.691 6.695 6.699 6.704 6.709 6.714 6.719 6.725 6.731 6.738 6.745 6.752 6.759 6.767 6.775 6.783 6.791 6.799 6.807 6.814 6.822 6.830 6.838 6.845 6.853 6.860 6.868 6.875 6.882 6.889 6.896 6.903 6.910 6.917 6.924 6.931 6.937 6.945 6.952 6.958 6.965 6.971 6.978 6.985 6.992 6.999 7.007 7.015 7.023 7.031 7.040 7.049 7.058 7.068 7.078 7.088 7.098 7.108 7.118 7.127 7.136 7.146 7.155 7.166 7.177 7.189 7.202 7.215 7.227 7.241 7.261 7.284 7.310 7.343
6.684 6.688 6.692 6.696 6.700 6.704 6.709 6.714 6.719 6.724 6.730 6.736 6.743 6.749 6.757 6.764 6.772 6.780 6.788 6.796 6.804 6.812 6.820 6.828 6.835 6.843 6.851 6.859 6.867 6.874 6.882 6.889 6.896 6.904 6.911 6.918 6.925 6.932 6.939 6.946 6.954 6.961 6.968 6.975 6.982 6.989 6.996 7.003 7.011 7.018 7.026 7.034 7.043 7.052 7.061 7.070 7.080 7.090 7.101 7.111 7.121 7.130 7.138 7.147 7.156 7.165 7.175 7.185 7.198 7.212 7.227 7.241 7.256 7.278 7.302 7.330 7.365
6.690 6.694 6.697 6.701 6.706 6.710 6.714 6.719 6.724 6.730 6.735 6.741 6.748 6.754 6.761 6.769 6.777 6.785 6.793 6.801 6.809 6.817 6.825 6.833 6.841 6.849 6.857 6.865 6.873 6.881 6.888 6.896 6.904 6.911 6.919 6.926 6.933 6.941 6.948 6.955 6.963 6.970 6.978 6.985 6.992 6.999 7.006 7.014 7.022 7.029 7.037 7.046 7.054 7.063 7.073 7.082 7.092 7.102 7.113 7.123 7.133 7.141 7.149 7.157 7.166 7.174 7.184 7.194 7.208 7.223 7.239 7.254 7.270 7.294 7.319 7.350 7.387
6.695 6.699 6.703 6.707 6.711 6.715 6.720 6.725 6.730 6.735 6.741 6.747 6.753 6.760 6.767 6.774 6.782 6.790 6.798 6.806 6.814 6.822 6.830 6.839 6.847 6.855 6.863 6.871 6.879 6.887 6.895 6.903 6.911 6.919 6.926 6.934 6.941 6.949 6.957 6.964 6.972 6.980 6.987 6.994 7.002 7.009 7.017 7.024 7.032 7.040 7.049 7.057 7.066 7.075 7.084 7.094 7.104 7.114 7.125 7.135 7.144 7.152 7.159 7.167 7.175 7.183 7.193 7.204 7.218 7.233 7.249 7.266 7.286 7.311 7.337 7.371 7.410
6.701 6.704 6.708 6.712 6.716 6.721 6.725 6.730 6.735 6.740 6.746 6.752 6.758 6.765 6.772 6.779 6.787 6.795 6.804 6.812 6.820 6.828 6.836 6.844 6.853 6.861 6.869 6.877 6.886 6.894 6.902 6.910 6.918 6.926 6.934 6.942 6.950 6.957 6.965 6.973 6.981 6.989 6.997 7.004 7.012 7.019 7.027 7.035 7.043 7.051 7.060 7.068 7.077 7.086 7.096 7.106 7.116 7.126 7.137 7.147 7.156 7.163 7.170 7.177 7.185 7.193 7.202 7.213 7.227 7.242 7.259 7.278 7.302 7.328 7.356 7.392 7.435
6.706 6.710 6.714 6.718 6.722 6.726 6.731 6.735 6.740 6.746 6.751 6.757 6.763 6.770 6.777 6.784 6.792 6.801 6.809 6.817 6.825 6.833 6.842 6.850 6.858 6.867 6.875 6.884 6.892 6.901 6.909 6.917 6.926 6.934 6.942 6.950 6.958 6.966 6.974 6.982 6.990 6.998 7.006 7.014 7.022 7.029 7.037 7.045 7.054 7.062 7.070 7.079 7.088 7.097 7.107 7.117 7.127 7.138 7.148 7.158 7.167 7.174 7.180 7.188 7.195 7.202 7.211 7.223 7.236 7.251 7.269 7.292 7.318 7.346 7.376 7.417 7.462
6.711 6.715 6.719 6.723 6.727 6.732 6.736 6.741 6.746 6.751 6.757 6.763 6.769 6.775 6.782 6.790 6.798 6.806 6.814 6.822 6.831 6.839 6.847 6.856 6.864 6.873 6.882 6.890 6.899 6.907 6.916 6.924 6.933 6.941 6.950 6.958 6.966 6.974 6.982 6.991 6.999 7.007 7.015 7.023 7.031 7.039 7.047 7.055 7.064 7.072 7.081 7.090 7.099 7.108 7.118 7.128 7.138 7.149 7.159 7.169 7.178 7.184 7.190 7.198 7.205 7.212 7.221 7.231 7.244 7.259 7.280 7.305 7.336 7.366 7.398 7.443 7.492
6.717 6.721 6.725 6.729 6.733 6.737 6.742 6.746 6.751 6.757 6.762 6.768 6.774 6.781 6.788 6.795 6.803 6.811 6.820 6.828 6.836 6.845 6.853 6.862 6.870 6.879 6.888 6.897 6.905 6.914 6.923 6.932 6.940 6.949 6.957 6.966 6.974 6.982 6.991 6.999 7.008 7.016 7.025 7.033 7.041 7.049 7.057 7.065 7.074 7.082 7.091 7.100 7.109 7.119 7.129 7.139 7.149 7.159 7.170 7.180 7.189 7.195 7.201 7.208 7.214 7.221 7.229 7.240 7.252 7.269 7.291 7.320 7.356 7.387 7.422 7.470 7.524
6.722 6.726 6.730 6.734 6.738 6.743 6.747 6.752 6.757 6.762 6.768 6.773 6.780 6.786 6.793 6.801 6.808 6.817 6.825 6.834 6.842 6.850 6.859 6.868 6.877 6.885 6.894 6.903 6.912 6.921 6.930 6.939 6.948 6.956 6.965 6.974 6.982 6.991 6.999 7.008 7.017 7.025 7.034 7.042 7.050 7.058 7.067 7.075 7.084 7.092 7.101 7.110 7.119 7.129 7.139 7.149 7.159 7.170 7.180 7.191 7.199 7.205 7.210 7.217 7.223 7.229 7.237 7.248 7.261 7.278 7.303 7.337 7.377 7.410 7.447 7.500 7.557
6.728 6.732 6.736 6.740 6.744 6.748 6.753 6.758 6.763 6.768 6.773 6.779 6.785 6.792 6.799 6.806 6.814 6.822 6.831 6.839 6.848 6.856 6.865 6.874 6.883 6.892 6.901 6.910 6.919 6.928 6.937 6.946 6.955 6.964 6.973 6.982 6.990 6.999 7.008 7.016 7.026 7.034 7.043 7.051 7.059 7.068 7.076 7.085 7.093 7.102 7.111 7.120 7.129 7.139 7.149 7.159 7.169 7.180 7.191 7.201 7.209 7.215 7.220 7.226 7.232 7.237 7.245 7.256 7.270 7.289 7.317 7.355 7.399 7.435 7.474 7.531 7.588
6.734 6.738 6.742 6.746 6.750 6.754 6.759 6.763 6.768 6.773 6.779 6.785 6.791 6.797 6.804 6.812 6.820 6.828 6.837 6.845 6.853 6.862 6.871 6.880 6.889 6.898 6.907 6.916 6.926 6.935 6.944 6.953 6.962 6.971 6.980 6.989 6.998 7.007 7.016 7.025 7.034 7.043 7.051 7.060 7.068 7.077 7.085 7.094 7.103 7.111 7.120 7.129 7.139 7.148 7.158 7.168 7.179 7.190 7.201 7.211 7.219 7.225 7.229 7.235 7.241 7.246 7.253 7.264 7.279 7.300 7.332 7.373 7.420 7.459 7.501 7.559 7.618
6.739 6.743 6.747 6.752 6.756 6.760 6.765 6.769 6.774 6.779 6.785 6.790 6.797 6.803 6.810 6.817 6.825 6.834 6.842 6.851 6.859 6.868 6.877 6.886 6.895 6.904 6.913 6.923 6.932 6.942 6.951 6.960 6.970 6.979 6.988 6.997 7.006 7.015 7.024 7.034 7.043 7.052 7.060 7.069 7.077 7.086 7.094 7.103 7.112 7.121 7.130 7.139 7.148 7.158 7.167 7.178 7.188 7.199 7.210 7.221 7.229 7.234 7.237 7.243 7.248 7.253 7.261 7.273 7.289 7.313 7.347 7.392 7.445 7.486 7.528 7.589 7.649
6.745 6.749 6.753 6.757 6.762 6.766 6.771 6.775 6.780 6.785 6.791 6.796 6.802 6.809 6.816 6.823 6.831 6.839 6.848 6.856 6.865 6.874 6.883 6.892 6.901 6.910 6.920 6.929 6.939 6.948 6.958 6.967 6.977 6.986 6.996 7.005 7.014 7.023 7.033 7.042 7.051 7.060 7.069 7.077 7.086 7.095 7.103 7.112 7.121 7.130 7.139 7.148 7.157 7.166 7.176 7.187 7.198 7.209 7.220 7.230 7.238 7.242 7.244 7.250 7.256 7.261 7.269 7.281 7.300 7.327 7.364 7.416 7.475 7.514 7.557 7.619 7.680
6.751 6.755 6.759 6.763 6.768 6.772 6.777 6.781 6.786 6.791 6.797 6.802 6.808 6.815 6.822 6.829 6.837 6.845 6.854 6.862 6.871 6.879 6.888 6.898 6.907 6.917 6.926 6.936 6.946 6.955 6.965 6.975 6.984 6.994 7.003 7.013 7.022 7.031 7.041 7.050 7.060 7.069 7.077 7.086 7.095 7.103 7.112 7.121 7.130 7.139 7.147 7.156 7.165 7.175 7.185 7.196 7.206 7.218 7.229 7.238 7.245 7.249 7.252 7.258 7.264 7.269 7.278 7.293 7.315 7.345 7.389 7.445 7.503 7.543 7.586 7.649 7.710
6.757 6.761 6.766 6.770 6.774 6.778 6.783 6.787 6.792 6.797 6.803 6.808 6.814 6.821 6.827 6.835 6.843 6.851 6.860 6.868 6.876 6.885 6.894 6.904 6.913 6.923 6.933 6.942 6.952 6.962 6.972 6.982 6.991 7.001 7.011 7.020 7.030 7.039 7.049 7.058 7.068 7.077 7.086 7.094 7.103 7.112 7.121 7.130 7.138 7.147 7.156 7.165 7.174 7.183 7.193 7.204 7.215 7.226 7.237 7.246 7.252 7.256 7.259 7.266 7.273 7.279 7.291 7.308 7.332 7.367 7.415 7.472 7.531 7.570 7.613 7.677 7.739
6.764 6.768 6.772 6.776 6.780 6.785 6.789 6.794 6.799 6.804 6.809 6.814 6.820 6.827 6.833 6.841 6.849 6.857 6.865 6.874 6.882 6.891 6.900 6.910 6.919 6.929 6.939 6.949 6.959 6.969 6.979 6.989 6.999 7.008 7.018 7.028 7.038 7.047 7.057 7.067 7.076 7.085 7.094 7.103 7.112 7.120 7.129 7.138 7.147 7.155 7.164 7.173 7.182 7.192 7.201 7.212 7.223 7.234 7.244 7.252 7.258 7.263 7.267 7.275 7.284 7.292 7.306 7.325 7.354 7.392 7.442 7.499 7.558 7.598 7.641 7.706 7.768
6.770 6.774 6.778 6.782 6.787 6.791 6.796 6.800 6.805 6.810 6.815 6.821 6.827 6.833 6.840 6.847 6.855 6.863 6.871 6.880 6.888 6.897 6.906 6.916 6.925 6.935 6.945 6.955 6.965 6.975 6.986 6.996 7.006 7.016 7.026 7.035 7.045 7.055 7.065 7.075 7.084 7.093 7.102 7.111 7.120 7.129 7.137 7.146 7.155 7.164 7.172 7.181 7.190 7.199 7.209 7.219 7.230 7.240 7.250 7.258 7.265 7.270 7.276 7.286 7.296 7.308 7.324 7.347 7.378 7.418 7.468 7.526 7.585 7.625 7.668 7.733 7.796
6.776 6.781 6.785 6.789 6.793 6.798 6.802 6.807 6.812 6.817 6.822 6.827 6.833 6.839 6.846 6.853 6.861 6.869 6.877 6.886 6.894 6.903 6.912 6.922 6.932 6.941 6.952 6.962 6.972 6.982 6.992 7.003 7.013 7.023 7.033 7.043 7.053 7.063 7.072 7.082 7.092 7.101 7.110 7.119 7.128 7.137 7.145 7.154 7.163 7.172 7.180 7.189 7.198 7.207 7.216 7.226 7.236 7.246 7.255 7.264 7.271 7.278 7.286 7.298 7.311 7.325 7.345 7.371 7.402 7.442 7.492 7.551 7.612 7.652 7.695 7.761 7.825
