version1/TsunamiDB/out54149.asc
ncols          264
nrows          230
xllcorner      497853.4375
yllcorner      4229146.0000
cellsize         5.
NODATA_value   -99
[rows 102 to 135 of 230, columns 77 to 153 of 264]
6.544 6.551 6.559 6.565 6.571 6.576 6.581 6.587 6.592 6.597 6.602 6.606 6.611 6.616 6.620 6.624 6.629 6.633 6.637 6.640 6.644 6.648 6.651 6.655 6.658 6.662 6.665 6.667 6.669 6.671 6.673 6.675 6.677 6.678 6.680 6.681 6.683 6.684 6.686 6.687 6.689 6.690 6.692 6.694 6.695 6.697 6.699 6.702 6.705 6.707 6.708 6.710 6.712 6.714 6.715 6.717 6.718 6.720 6.721 6.722 6.723 6.725 6.726 6.726 6.727 6.728 6.729 6.730 6.731 6.732 6.733 6.734 6.735 6.736 6.736 6.737 6.738
6.547 6.555 6.562 6.569 6.574 6.580 6.586 6.591 6.596 6.601 6.606 6.611 6.616 6.621 6.625 6.630 6.634 6.639 6.643 6.647 6.651 6.654 6.658 6.662 6.666 6.670 6.673 6.675 6.678 6.680 6.682 6.684 6.686 6.688 6.689 6.691 6.693 6.694 6.696 6.698 6.699 6.701 6.703 6.705 6.706 6.708 6.711 6.713 6.716 6.718 6.720 6.722 6.724 6.726 6.728 6.729 6.731 6.733 6.734 6.736 6.737 6.739 6.740 6.741 6.742 6.743 6.744 6.745 6.746 6.747 6.749 6.750 6.751 6.751 6.752 6.753 6.753
6.551 6.558 6.566 6.572 6.578 6.584 6.589 6.595 6.600 6.606 6.611 6.616 6.621 6.625 6.630 6.635 6.639 6.644 6.648 6.653 6.657 6.661 6.665 6.669 6.673 6.677 6.680 6.683 6.685 6.688 6.690 6.692 6.694 6.696 6.698 6.700 6.702 6.704 6.705 6.707 6.709 6.711 6.713 6.715 6.717 6.719 6.721 6.724 6.727 6.729 6.731 6.733 6.735 6.737 6.739 6.741 6.743 6.745 6.747 6.749 6.750 6.752 6.753 6.755 6.756 6.758 6.759 6.760 6.761 6.762 6.764 6.765 6.766 6.767 6.768 6.768 6.769
6.554 6.562 6.569 6.575 6.581 6.587 6.593 6.599 6.604 6.609 6.615 6.620 6.625 6.630 6.635 6.640 6.644 6.649 6.653 6.658 6.662 6.666 6.671 6.675 6.679 6.683 6.687 6.690 6.692 6.695 6.697 6.700 6.702 6.704 6.706 6.708 6.710 6.712 6.714 6.716 6.718 6.720 6.722 6.724 6.726 6.728 6.731 6.734 6.736 6.739 6.741 6.743 6.745 6.748 6.750 6.752 6.754 6.756 6.758 6.760 6.762 6.764 6.766 6.768 6.769 6.771 6.773 6.774 6.776 6.777 6.779 6.781 6.782 6.783 6.783 6.784 6.785
6.557 6.564 6.572 6.578 6.585 6.591 6.597 6.602 6.608 6.613 6.619 6.624 6.629 6.634 6.639 6.644 6.649 6.654 6.658 6.663 6.667 6.672 6.676 6.680 6.685 6.689 6.693 6.696 6.699 6.702 6.704 6.707 6.709 6.711 6.714 6.716 6.718 6.720 6.722 6.724 6.726 6.728 6.730 6.733 6.735 6.737 6.740 6.743 6.746 6.748 6.750 6.752 6.755 6.757 6.759 6.762 6.764 6.767 6.769 6.771 6.773 6.776 6.778 6.780 6.782 6.784 6.785 6.787 6.789 6.791 6.793 6.795 6.796 6.798 6.799 6.800 6.801
6.559 6.567 6.575 6.581 6.588 6.594 6.600 6.606 6.611 6.617 6.622 6.628 6.633 6.638 6.643 6.648 6.653 6.658 6.663 6.668 6.672 6.677 6.681 6.686 6.691 6.695 6.699 6.702 6.705 6.708 6.711 6.713 6.716 6.718 6.721 6.723 6.725 6.728 6.730 6.732 6.734 6.736 6.739 6.741 6.743 6.745 6.748 6.751 6.754 6.756 6.759 6.761 6.764 6.766 6.768 6.771 6.773 6.776 6.778 6.781 6.783 6.786 6.788 6.791 6.793 6.795 6.797 6.799 6.802 6.804 6.806 6.808 6.810 6.812 6.813 6.814 6.816
6.562 6.570 6.578 6.584 6.591 6.597 6.603 6.609 6.615 6.621 6.626 6.632 6.637 6.642 6.647 6.653 6.658 6.663 6.667 6.672 6.677 6.682 6.686 6.691 6.696 6.700 6.704 6.708 6.711 6.714 6.717 6.720 6.722 6.725 6.727 6.730 6.732 6.735 6.737 6.739 6.742 6.744 6.746 6.748 6.751 6.753 6.756 6.759 6.762 6.764 6.767 6.769 6.772 6.774 6.777 6.779 6.782 6.785 6.787 6.790 6.793 6.795 6.798 6.801 6.803 6.806 6.808 6.811 6.813 6.816 6.818 6.821 6.823 6.825 6.827 6.828 6.830
6.565 6.573 6.581 6.587 6.594 6.600 6.606 6.612 6.618 6.624 6.630 6.635 6.641 6.646 6.651 6.657 6.662 6.667 6.672 6.677 6.682 6.686 6.691 6.696 6.701 6.706 6.709 6.713 6.716 6.720 6.723 6.726 6.729 6.731 6.734 6.736 6.739 6.741 6.744 6.746 6.749 6.751 6.753 6.756 6.758 6.761 6.763 6.767 6.769 6.772 6.774 6.777 6.779 6.782 6.785 6.787 6.790 6.793 6.795 6.798 6.801 6.804 6.807 6.810 6.812 6.815 6.818 6.821 6.824 6.826 6.830 6.832 6.835 6.837 6.839 6.841 6.843
6.568 6.576 6.584 6.590 6.597 6.604 6.610 6.616 6.622 6.628 6.633 6.639 6.645 6.650 6.656 6.661 6.666 6.671 6.676 6.681 6.686 6.691 6.696 6.701 6.706 6.711 6.715 6.718 6.722 6.725 6.729 6.732 6.735 6.737 6.740 6.743 6.745 6.748 6.751 6.753 6.756 6.758 6.760 6.763 6.765 6.768 6.771 6.774 6.777 6.779 6.782 6.784 6.787 6.789 6.792 6.795 6.797 6.800 6.803 6.806 6.809 6.812 6.815 6.818 6.821 6.824 6.827 6.830 6.833 6.836 6.840 6.843 6.846 6.848 6.850 6.853 6.855
6.571 6.579 6.587 6.594 6.600 6.607 6.613 6.620 6.626 6.631 6.637 6.643 6.649 6.654 6.660 6.665 6.670 6.676 6.681 6.686 6.691 6.696 6.701 6.706 6.711 6.716 6.720 6.724 6.727 6.731 6.734 6.737 6.741 6.743 6.746 6.749 6.752 6.754 6.757 6.760 6.762 6.765 6.767 6.770 6.772 6.775 6.778 6.781 6.784 6.786 6.789 6.791 6.794 6.797 6.799 6.802 6.805 6.807 6.810 6.813 6.816 6.820 6.823 6.826 6.829 6.832 6.836 6.839 6.842 6.845 6.849 6.853 6.855 6.858 6.861 6.864 6.866
6.574 6.582 6.590 6.597 6.604 6.611 6.617 6.623 6.629 6.635 6.641 6.647 6.653 6.658 6.664 6.669 6.675 6.680 6.685 6.691 6.696 6.701 6.706 6.711 6.716 6.721 6.725 6.729 6.733 6.737 6.740 6.743 6.746 6.749 6.752 6.755 6.758 6.761 6.764 6.766 6.769 6.772 6.774 6.777 6.779 6.782 6.785 6.788 6.791 6.794 6.796 6.799 6.801 6.804 6.806 6.809 6.812 6.815 6.818 6.821 6.824 6.827 6.830 6.833 6.837 6.840 6.844 6.847 6.850 6.854 6.858 6.862 6.865 6.868 6.871 6.874 6.876
6.577 6.586 6.594 6.601 6.608 6.614 6.621 6.627 6.633 6.640 6.646 6.651 6.657 6.663 6.669 6.674 6.680 6.685 6.690 6.695 6.701 6.706 6.711 6.716 6.721 6.726 6.731 6.735 6.738 6.742 6.746 6.749 6.752 6.756 6.759 6.762 6.764 6.767 6.770 6.773 6.776 6.778 6.781 6.784 6.786 6.789 6.792 6.795 6.798 6.801 6.803 6.806 6.808 6.811 6.813 6.816 6.819 6.822 6.825 6.828 6.831 6.834 6.837 6.841 6.844 6.848 6.851 6.855 6.858 6.862 6.866 6.870 6.874 6.877 6.880 6.883 6.886
6.581 6.590 6.598 6.605 6.612 6.618 6.625 6.632 6.638 6.644 6.650 6.656 6.662 6.668 6.673 6.679 6.684 6.690 6.695 6.701 6.706 6.711 6.716 6.721 6.727 6.732 6.736 6.740 6.744 6.748 6.752 6.755 6.758 6.762 6.765 6.768 6.771 6.774 6.777 6.780 6.782 6.785 6.788 6.791 6.793 6.796 6.799 6.802 6.805 6.808 6.810 6.813 6.815 6.818 6.821 6.823 6.826 6.829 6.832 6.835 6.838 6.841 6.845 6.848 6.852 6.855 6.859 6.862 6.866 6.870 6.874 6.878 6.882 6.885 6.889 6.892 6.895
6.585 6.594 6.602 6.609 6.616 6.623 6.630 6.636 6.642 6.649 6.655 6.661 6.667 6.673 6.678 6.684 6.690 6.695 6.701 6.706 6.711 6.716 6.722 6.727 6.732 6.737 6.742 6.746 6.750 6.754 6.758 6.761 6.765 6.768 6.771 6.774 6.777 6.781 6.783 6.786 6.789 6.792 6.795 6.798 6.801 6.803 6.806 6.810 6.813 6.815 6.818 6.820 6.823 6.825 6.828 6.830 6.833 6.836 6.839 6.842 6.845 6.848 6.852 6.855 6.859 6.862 6.866 6.870 6.874 6.878 6.882 6.886 6.890 6.894 6.897 6.901 6.904
6.590 6.599 6.607 6.614 6.621 6.628 6.634 6.641 6.647 6.654 6.660 6.666 6.672 6.678 6.684 6.689 6.695 6.701 6.706 6.712 6.717 6.722 6.727 6.733 6.738 6.743 6.748 6.752 6.756 6.760 6.764 6.768 6.771 6.775 6.778 6.781 6.784 6.787 6.790 6.793 6.796 6.799 6.802 6.805 6.808 6.811 6.814 6.817 6.820 6.823 6.825 6.828 6.830 6.833 6.835 6.838 6.841 6.843 6.846 6.849 6.852 6.856 6.859 6.863 6.866 6.870 6.874 6.877 6.881 6.886 6.890 6.894 6.898 6.902 6.906 6.909 6.913
6.595 6.604 6.612 6.619 6.626 6.633 6.640 6.646 6.653 6.659 6.665 6.672 6.678 6.684 6.689 6.695 6.701 6.707 6.712 6.718 6.723 6.728 6.734 6.739 6.745 6.750 6.754 6.759 6.763 6.767 6.771 6.774 6.778 6.781 6.785 6.788 6.791 6.795 6.798 6.801 6.804 6.807 6.810 6.813 6.816 6.818 6.822 6.825 6.828 6.831 6.833 6.836 6.838 6.841 6.843 6.846 6.848 6.851 6.854 6.857 6.860 6.863 6.867 6.870 6.874 6.877 6.881 6.885 6.889 6.893 6.898 6.902 6.906 6.910 6.914 6.918 6.921
6.600 6.609 6.617 6.624 6.631 6.638 6.645 6.652 6.658 6.665 6.671 6.677 6.684 6.690 6.696 6.701 6.707 6.713 6.718 6.724 6.729 6.735 6.740 6.746 6.751 6.756 6.761 6.765 6.769 6.774 6.777 6.781 6.785 6.788 6.792 6.795 6.799 6.802 6.805 6.808 6.811 6.814 6.817 6.820 6.823 6.826 6.830 6.833 6.836 6.839 6.841 6.844 6.846 6.849 6.851 6.854 6.856 6.859 6.862 6.865 6.868 6.871 6.874 6.878 6.881 6.885 6.889 6.893 6.897 6.901 6.906 6.910 6.914 6.918 6.922 6.926 6.930
6.606 6.615 6.623 6.630 6.637 6.644 6.651 6.658 6.665 6.671 6.677 6.684 6.690 6.696 6.702 6.708 6.714 6.719 6.725 6.731 6.736 6.742 6.747 6.753 6.758 6.763 6.768 6.772 6.777 6.781 6.785 6.789 6.792 6.796 6.799 6.803 6.806 6.810 6.813 6.816 6.819 6.822 6.825 6.828 6.831 6.835 6.838 6.841 6.844 6.847 6.850 6.852 6.855 6.857 6.859 6.862 6.865 6.867 6.870 6.873 6.876 6.879 6.882 6.886 6.889 6.893 6.897 6.901 6.905 6.910 6.914 6.918 6.922 6.926 6.930 6.934 6.938
6.612 6.621 6.629 6.636 6.644 6.651 6.658 6.664 6.671 6.678 6.684 6.690 6.697 6.703 6.709 6.715 6.721 6.726 6.732 6.738 6.743 6.749 6.754 6.760 6.766 6.771 6.775 6.780 6.784 6.788 6.792 6.796 6.800 6.804 6.807 6.811 6.814 6.818 6.821 6.824 6.827 6.830 6.834 6.837 6.840 6.843 6.846 6.850 6.853 6.856 6.858 6.861 6.863 6.866 6.868 6.871 6.873 6.876 6.878 6.881 6.884 6.887 6.891 6.894 6.897 6.901 6.905 6.909 6.913 6.918 6.922 6.927 6.931 6.935 6.939 6.943 6.947
6.619 6.628 6.636 6.643 6.650 6.657 6.664 6.671 6.678 6.684 6.691 6.697 6.704 6.710 6.716 6.722 6.728 6.734 6.739 6.745 6.751 6.756 6.762 6.767 6.773 6.778 6.783 6.787 6.792 6.796 6.800 6.804 6.808 6.812 6.815 6.819 6.822 6.826 6.829 6.832 6.836 6.839 6.842 6.845 6.848 6.852 6.855 6.859 6.862 6.864 6.867 6.870 6.872 6.875 6.877 6.879 6.882 6.885 6.887 6.890 6.893 6.896 6.899 6.902 6.906 6.910 6.913 6.917 6.922 6.926 6.931 6.935 6.939 6.943 6.947 6.952 6.956
6.626 6.635 6.642 6.650 6.657 6.664 6.671 6.678 6.685 6.691 6.698 6.704 6.711 6.717 6.723 6.729 6.735 6.741 6.747 6.753 6.758 6.764 6.770 6.775 6.781 6.786 6.791 6.795 6.800 6.804 6.808 6.812 6.816 6.820 6.824 6.827 6.831 6.834 6.838 6.841 6.844 6.848 6.851 6.854 6.857 6.861 6.864 6.868 6.871 6.873 6.876 6.879 6.881 6.884 6.886 6.889 6.891 6.894 6.896 6.899 6.902 6.905 6.908 6.911 6.915 6.918 6.922 6.926 6.930 6.935 6.939 6.943 6.948 6.952 6.956 6.960 6.964
6.633 6.642 6.649 6.657 6.664 6.671 6.678 6.685 6.692 6.699 6.705 6.712 6.718 6.725 6.731 6.737 6.743 6.749 6.755 6.760 6.766 6.772 6.778 6.784 6.789 6.794 6.799 6.803 6.808 6.812 6.816 6.820 6.824 6.828 6.832 6.836 6.839 6.843 6.846 6.850 6.853 6.856 6.860 6.863 6.866 6.870 6.874 6.877 6.880 6.883 6.885 6.888 6.891 6.893 6.896 6.898 6.900 6.903 6.906 6.908 6.911 6.914 6.917 6.920 6.924 6.927 6.931 6.935 6.939 6.943 6.948 6.952 6.956 6.961 6.965 6.969 6.973
6.640 6.649 6.656 6.664 6.671 6.679 6.686 6.693 6.699 6.706 6.713 6.719 6.726 6.732 6.739 6.745 6.751 6.757 6.763 6.768 6.774 6.780 6.786 6.792 6.797 6.802 6.807 6.812 6.816 6.821 6.825 6.829 6.833 6.837 6.841 6.844 6.848 6.852 6.855 6.859 6.862 6.866 6.869 6.872 6.876 6.879 6.883 6.886 6.889 6.892 6.895 6.898 6.900 6.903 6.905 6.908 6.910 6.912 6.915 6.918 6.920 6.923 6.926 6.929 6.933 6.936 6.940 6.944 6.948 6.952 6.957 6.961 6.965 6.969 6.973 6.978 6.982
6.648 6.656 6.664 6.671 6.679 6.686 6.693 6.700 6.707 6.714 6.720 6.727 6.734 6.740 6.746 6.753 6.759 6.765 6.771 6.777 6.782 6.788 6.794 6.800 6.806 6.811 6.816 6.820 6.825 6.829 6.833 6.838 6.842 6.846 6.849 6.853 6.857 6.861 6.864 6.868 6.871 6.875 6.878 6.881 6.885 6.888 6.892 6.896 6.899 6.902 6.904 6.907 6.910 6.912 6.915 6.917 6.920 6.922 6.925 6.927 6.930 6.933 6.935 6.939 6.942 6.945 6.949 6.953 6.957 6.961 6.966 6.970 6.974 6.978 6.982 6.986 6.991
6.655 6.664 6.671 6.679 6.686 6.693 6.701 6.708 6.715 6.721 6.728 6.735 6.741 6.748 6.754 6.761 6.767 6.773 6.779 6.785 6.791 6.796 6.802 6.808 6.814 6.819 6.824 6.829 6.833 6.838 6.842 6.846 6.850 6.854 6.858 6.862 6.866 6.869 6.873 6.877 6.880 6.884 6.887 6.891 6.894 6.898 6.902 6.905 6.908 6.911 6.914 6.917 6.919 6.922 6.924 6.927 6.929 6.932 6.934 6.937 6.939 6.942 6.945 6.948 6.951 6.954 6.958 6.962 6.966 6.970 6.974 6.979 6.983 6.987 6.991 6.995 6.999
6.663 6.671 6.679 6.686 6.694 6.701 6.708 6.715 6.722 6.729 6.736 6.743 6.749 6.756 6.762 6.768 6.775 6.781 6.787 6.793 6.799 6.805 6.811 6.817 6.822 6.828 6.832 6.837 6.842 6.846 6.851 6.855 6.859 6.863 6.867 6.871 6.875 6.878 6.882 6.886 6.889 6.893 6.896 6.900 6.903 6.907 6.911 6.914 6.918 6.921 6.923 6.926 6.929 6.931 6.934 6.936 6.939 6.941 6.944 6.946 6.949 6.951 6.954 6.957 6.960 6.964 6.967 6.971 6.975 6.979 6.983 6.987 6.991 6.996 7.000 7.004 7.008
6.670 6.679 6.686 6.694 6.701 6.709 6.716 6.723 6.730 6.737 6.744 6.750 6.757 6.763 6.770 6.776 6.783 6.789 6.795 6.801 6.807 6.813 6.819 6.825 6.831 6.836 6.841 6.846 6.850 6.855 6.859 6.863 6.868 6.872 6.876 6.880 6.883 6.887 6.891 6.895 6.898 6.902 6.905 6.909 6.913 6.916 6.920 6.924 6.927 6.930 6.933 6.936 6.938 6.941 6.943 6.946 6.948 6.951 6.953 6.956 6.958 6.961 6.964 6.966 6.969 6.973 6.976 6.980 6.983 6.988 6.992 6.996 7.000 7.004 7.008 7.012 7.017
6.678 6.686 6.694 6.701 6.709 6.716 6.723 6.730 6.737 6.744 6.751 6.758 6.765 6.771 6.778 6.784 6.791 6.797 6.803 6.809 6.815 6.821 6.827 6.833 6.839 6.844 6.849 6.854 6.859 6.863 6.868 6.872 6.876 6.880 6.884 6.888 6.892 6.896 6.900 6.903 6.907 6.911 6.914 6.918 6.921 6.925 6.929 6.933 6.936 6.939 6.942 6.945 6.948 6.950 6.953 6.955 6.958 6.960 6.963 6.965 6.967 6.970 6.973 6.975 6.978 6.982 6.985 6.988 6.992 6.996 7.001 7.004 7.008 7.012 7.017 7.021 7.025
6.686 6.694 6.701 6.709 6.716 6.724 6.731 6.738 6.745 6.752 6.759 6.766 6.772 6.779 6.785 6.792 6.798 6.805 6.811 6.817 6.823 6.829 6.835 6.841 6.847 6.852 6.857 6.862 6.867 6.872 6.876 6.880 6.885 6.889 6.893 6.897 6.901 6.904 6.908 6.912 6.916 6.919 6.923 6.927 6.930 6.934 6.938 6.942 6.945 6.948 6.951 6.954 6.957 6.959 6.962 6.964 6.967 6.969 6.972 6.974 6.977 6.979 6.982 6.984 6.987 6.990 6.993 6.997 7.001 7.005 7.009 7.013 7.017 7.021 7.025 7.029 7.033
6.693 6.701 6.709 6.716 6.724 6.731 6.738 6.745 6.752 6.759 6.766 6.773 6.780 6.787 6.793 6.800 6.806 6.812 6.819 6.825 6.831 6.837 6.843 6.849 6.855 6.860 6.865 6.870 6.875 6.880 6.884 6.889 6.893 6.897 6.901 6.905 6.909 6.913 6.917 6.920 6.924 6.928 6.932 6.935 6.939 6.943 6.947 6.950 6.954 6.957 6.960 6.963 6.965 6.968 6.971 6.973 6.976 6.978 6.981 6.983 6.985 6.988 6.990 6.993 6.996 6.999 7.002 7.005 7.009 7.013 7.017 7.021 7.025 7.029 7.033 7.037 7.041
6.701 6.709 6.717 6.724 6.731 6.739 6.746 6.753 6.760 6.767 6.774 6.781 6.787 6.794 6.801 6.807 6.814 6.820 6.826 6.833 6.839 6.845 6.851 6.857 6.863 6.868 6.873 6.878 6.883 6.888 6.892 6.897 6.901 6.905 6.909 6.913 6.917 6.921 6.925 6.929 6.933 6.936 6.940 6.944 6.947 6.951 6.955 6.959 6.962 6.965 6.968 6.971 6.974 6.977 6.979 6.982 6.984 6.987 6.989 6.992 6.994 6.996 6.999 7.001 7.004 7.007 7.010 7.013 7.017 7.021 7.025 7.028 7.032 7.036 7.040 7.044 7.048
6.709 6.717 6.724 6.731 6.739 6.746 6.753 6.760 6.767 6.774 6.781 6.788 6.795 6.802 6.808 6.815 6.821 6.828 6.834 6.840 6.846 6.852 6.859 6.865 6.871 6.876 6.881 6.886 6.891 6.896 6.900 6.905 6.909 6.913 6.917 6.921 6.925 6.929 6.933 6.937 6.941 6.944 6.948 6.952 6.956 6.959 6.963 6.967 6.970 6.974 6.977 6.980 6.982 6.985 6.988 6.990 6.993 6.995 6.998 7.000 7.002 7.005 7.007 7.010 7.012 7.015 7.018 7.021 7.025 7.028 7.032 7.036 7.040 7.043 7.047 7.051 7.055
6.716 6.724 6.732 6.739 6.746 6.753 6.761 6.768 6.775 6.782 6.789 6.795 6.802 6.809 6.816 6.822 6.829 6.835 6.841 6.848 6.854 6.860 6.866 6.873 6.879 6.884 6.889 6.894 6.899 6.904 6.908 6.913 6.917 6.921 6.925 6.929 6.933 6.937 6.941 6.945 6.949 6.952 6.956 6.960 6.964 6.967 6.972 6.975 6.979 6.982 6.985 6.988 6.991 6.993 6.996 6.998 7.001 7.003 7.006 7.008 7.010 7.013 7.015 7.017 7.020 7.023 7.026 7.029 7.032 7.036 7.040 7.043 7.047 7.050 7.054 7.058 7.062
6.724 6.732 6.739 6.747 6.754 6.761 6.768 6.775 6.782 6.789 6.796 6.803 6.810 6.816 6.823 6.830 6.836 6.843 6.849 6.855 6.861 6.868 6.874 6.880 6.886 6.892 6.897 6.902 6.907 6.911 6.916 6.920 6.925 6.929 6.933 6.937 6.941 6.945 6.949 6.953 6.957 6.960 6.964 6.968 6.972 6.975 6.980 6.983 6.987 6.990 6.993 6.996 6.999 7.001 7.004 7.006 7.009 7.011 7.014 7.016 7.018 7.020 7.023 7.025 7.028 7.030 7.033 7.036 7.039 7.043 7.047 7.050 7.054 7.057 7.061 7.065 7.069
