version1/TsunamiDB/out54028.asc
ncols          264
nrows          230
xllcorner      497853.4375
yllcorner      4229146.0000
cellsize         5.
NODATA_value   -99
[rows 128 to 159 of 230, columns 142 to 212 of 264]
4.925 4.974 5.021 5.068 5.114 5.158 5.201 5.244 5.285 5.326 5.365 5.403 5.440 5.475 5.508 5.540 5.570 5.598 5.625 5.650 5.673 5.696 5.718 5.740 5.762 5.783 5.805 5.826 5.847 5.868 5.889 5.910 5.931 5.952 5.973 5.993 6.015 6.040 6.067 6.098 6.134 6.175 6.220 6.271 6.327 6.387 6.450 6.513 6.578 6.641 6.702 6.761 6.819 6.880 6.946 7.017 7.091 7.171 7.256 7.343 7.435 7.532 7.632 7.726 7.805 7.855 7.919 8.015 8.108 8.194 8.273
4.944 4.993 5.041 5.087 5.133 5.177 5.220 5.263 5.306 5.347 5.387 5.425 5.463 5.499 5.533 5.566 5.597 5.626 5.653 5.678 5.702 5.724 5.745 5.765 5.785 5.805 5.825 5.845 5.865 5.885 5.907 5.929 5.951 5.974 5.996 6.019 6.041 6.066 6.092 6.122 6.156 6.195 6.238 6.288 6.343 6.403 6.466 6.531 6.597 6.663 6.727 6.790 6.853 6.919 6.989 7.064 7.142 7.228 7.317 7.408 7.503 7.601 7.700 7.791 7.867 7.914 7.975 8.071 8.163 8.249 8.330
4.963 5.011 5.059 5.105 5.151 5.195 5.238 5.282 5.324 5.366 5.407 5.446 5.485 5.522 5.557 5.591 5.623 5.654 5.681 5.707 5.731 5.753 5.773 5.792 5.810 5.828 5.846 5.865 5.883 5.903 5.924 5.947 5.970 5.994 6.019 6.043 6.067 6.092 6.119 6.148 6.180 6.217 6.258 6.306 6.359 6.419 6.482 6.548 6.616 6.685 6.753 6.820 6.889 6.960 7.034 7.112 7.195 7.285 7.378 7.473 7.568 7.664 7.760 7.850 7.925 7.971 8.030 8.124 8.216 8.303 8.384
4.981 5.029 5.076 5.122 5.168 5.212 5.255 5.299 5.341 5.384 5.425 5.465 5.505 5.543 5.580 5.615 5.649 5.680 5.709 5.736 5.761 5.783 5.802 5.821 5.837 5.853 5.869 5.886 5.903 5.921 5.942 5.964 5.989 6.014 6.040 6.066 6.093 6.119 6.146 6.175 6.206 6.241 6.280 6.325 6.377 6.435 6.498 6.564 6.635 6.707 6.780 6.852 6.926 7.001 7.079 7.159 7.246 7.341 7.437 7.533 7.625 7.719 7.813 7.903 7.981 8.024 8.081 8.175 8.267 8.353 8.432
4.998 5.046 5.092 5.138 5.184 5.227 5.271 5.314 5.357 5.400 5.442 5.483 5.523 5.562 5.601 5.637 5.672 5.705 5.736 5.764 5.790 5.813 5.833 5.850 5.866 5.881 5.895 5.910 5.925 5.941 5.961 5.983 6.008 6.034 6.061 6.089 6.117 6.145 6.173 6.202 6.233 6.266 6.303 6.346 6.396 6.453 6.515 6.582 6.655 6.731 6.807 6.884 6.963 7.043 7.124 7.205 7.294 7.393 7.491 7.586 7.676 7.768 7.861 7.953 8.033 8.076 8.131 8.226 8.316 8.399 8.475
5.014 5.062 5.108 5.154 5.199 5.242 5.285 5.329 5.372 5.415 5.457 5.499 5.540 5.580 5.620 5.658 5.694 5.729 5.761 5.791 5.818 5.842 5.863 5.881 5.897 5.911 5.924 5.937 5.949 5.965 5.983 6.004 6.028 6.054 6.083 6.112 6.142 6.171 6.201 6.230 6.260 6.293 6.328 6.369 6.417 6.473 6.535 6.601 6.676 6.755 6.835 6.917 7.001 7.083 7.166 7.247 7.338 7.439 7.538 7.632 7.722 7.811 7.906 8.000 8.083 8.125 8.179 8.273 8.359 8.439 8.510
5.029 5.076 5.123 5.168 5.213 5.256 5.299 5.342 5.386 5.428 5.471 5.513 5.555 5.596 5.637 5.676 5.714 5.750 5.785 5.816 5.845 5.871 5.893 5.912 5.929 5.943 5.955 5.966 5.977 5.991 6.008 6.027 6.050 6.076 6.105 6.135 6.166 6.197 6.228 6.258 6.289 6.321 6.355 6.394 6.441 6.496 6.557 6.623 6.699 6.780 6.863 6.949 7.035 7.120 7.203 7.285 7.376 7.478 7.578 7.673 7.762 7.852 7.946 8.042 8.128 8.171 8.224 8.314 8.397 8.472 8.538
5.042 5.090 5.136 5.181 5.226 5.269 5.312 5.355 5.398 5.441 5.484 5.526 5.569 5.611 5.652 5.693 5.732 5.770 5.806 5.840 5.871 5.898 5.922 5.943 5.961 5.975 5.988 5.998 6.008 6.021 6.036 6.054 6.076 6.101 6.129 6.159 6.191 6.223 6.255 6.287 6.318 6.350 6.384 6.422 6.467 6.522 6.581 6.647 6.723 6.805 6.891 6.980 7.068 7.155 7.239 7.319 7.409 7.513 7.615 7.711 7.801 7.892 7.985 8.084 8.178 8.219 8.268 8.355 8.433 8.502 8.563
5.054 5.102 5.148 5.193 5.238 5.280 5.324 5.367 5.410 5.453 5.496 5.539 5.581 5.624 5.666 5.708 5.749 5.788 5.826 5.861 5.894 5.924 5.950 5.973 5.992 6.008 6.021 6.032 6.043 6.055 6.069 6.085 6.105 6.129 6.156 6.186 6.218 6.250 6.283 6.316 6.348 6.380 6.413 6.450 6.495 6.550 6.609 6.674 6.749 6.832 6.920 7.011 7.101 7.189 7.273 7.351 7.440 7.546 7.649 7.747 7.840 7.932 8.027 8.135 8.231 8.266 8.310 8.392 8.465 8.528 8.583
5.065 5.112 5.158 5.204 5.248 5.291 5.334 5.377 5.420 5.463 5.506 5.550 5.593 5.636 5.679 5.721 5.763 5.804 5.843 5.880 5.915 5.947 5.976 6.001 6.022 6.041 6.056 6.068 6.079 6.091 6.105 6.120 6.139 6.161 6.186 6.215 6.246 6.279 6.312 6.345 6.378 6.410 6.444 6.482 6.528 6.583 6.640 6.704 6.779 6.862 6.950 7.041 7.133 7.223 7.305 7.381 7.469 7.577 7.684 7.785 7.882 7.979 8.083 8.191 8.277 8.309 8.348 8.425 8.491 8.548 8.596
5.073 5.121 5.167 5.213 5.256 5.300 5.344 5.387 5.430 5.473 5.516 5.559 5.603 5.647 5.690 5.734 5.776 5.818 5.859 5.898 5.934 5.968 5.999 6.027 6.051 6.072 6.090 6.104 6.117 6.130 6.144 6.159 6.176 6.196 6.220 6.247 6.277 6.309 6.343 6.376 6.409 6.442 6.477 6.517 6.563 6.618 6.675 6.738 6.812 6.894 6.981 7.072 7.165 7.255 7.338 7.411 7.499 7.612 7.722 7.828 7.929 8.034 8.140 8.241 8.319 8.347 8.382 8.451 8.512 8.563 8.604
5.081 5.128 5.175 5.220 5.264 5.307 5.351 5.395 5.438 5.481 5.525 5.568 5.612 5.656 5.700 5.744 5.788 5.830 5.872 5.912 5.951 5.987 6.020 6.051 6.078 6.102 6.123 6.140 6.155 6.170 6.185 6.201 6.218 6.236 6.258 6.283 6.311 6.342 6.375 6.409 6.443 6.477 6.514 6.554 6.601 6.656 6.713 6.775 6.847 6.927 7.012 7.103 7.197 7.288 7.372 7.444 7.534 7.651 7.766 7.875 7.983 8.090 8.193 8.286 8.357 8.381 8.411 8.473 8.527 8.571 8.604
5.088 5.135 5.181 5.226 5.270 5.314 5.358 5.401 5.445 5.488 5.531 5.575 5.619 5.664 5.708 5.753 5.797 5.841 5.883 5.925 5.965 6.003 6.039 6.072 6.102 6.129 6.154 6.175 6.193 6.211 6.228 6.245 6.262 6.280 6.300 6.323 6.349 6.378 6.411 6.445 6.480 6.515 6.553 6.594 6.642 6.697 6.754 6.815 6.885 6.963 7.046 7.136 7.231 7.324 7.411 7.484 7.575 7.696 7.814 7.929 8.038 8.143 8.242 8.327 8.392 8.411 8.436 8.490 8.537 8.574 8.598
5.094 5.140 5.186 5.231 5.275 5.318 5.363 5.406 5.450 5.493 5.537 5.581 5.625 5.670 5.715 5.760 5.804 5.849 5.893 5.935 5.977 6.017 6.055 6.090 6.124 6.154 6.183 6.207 6.229 6.250 6.270 6.289 6.308 6.326 6.346 6.367 6.392 6.419 6.450 6.484 6.520 6.556 6.594 6.636 6.684 6.740 6.797 6.857 6.926 7.001 7.082 7.170 7.266 7.364 7.456 7.528 7.620 7.745 7.867 7.983 8.090 8.192 8.285 8.364 8.423 8.438 8.456 8.503 8.541 8.570 8.587
5.100 5.145 5.191 5.235 5.279 5.322 5.366 5.410 5.454 5.497 5.541 5.585 5.630 5.674 5.719 5.765 5.810 5.855 5.899 5.943 5.986 6.028 6.068 6.106 6.143 6.177 6.209 6.237 6.263 6.288 6.312 6.334 6.355 6.374 6.394 6.416 6.438 6.464 6.494 6.527 6.563 6.600 6.639 6.680 6.728 6.784 6.841 6.900 6.968 7.042 7.120 7.208 7.307 7.410 7.506 7.578 7.670 7.799 7.921 8.034 8.139 8.237 8.324 8.397 8.449 8.460 8.473 8.511 8.540 8.561 8.570
5.106 5.151 5.195 5.239 5.282 5.325 5.369 5.413 5.457 5.500 5.544 5.588 5.632 5.677 5.722 5.768 5.813 5.859 5.904 5.949 5.993 6.036 6.079 6.119 6.159 6.197 6.232 6.265 6.295 6.324 6.351 6.377 6.401 6.423 6.445 6.467 6.489 6.513 6.542 6.574 6.609 6.646 6.685 6.725 6.773 6.829 6.886 6.946 7.014 7.086 7.164 7.253 7.355 7.462 7.562 7.632 7.724 7.853 7.972 8.083 8.183 8.275 8.357 8.424 8.471 8.477 8.483 8.513 8.533 8.545 8.544
5.112 5.156 5.199 5.243 5.285 5.328 5.372 5.415 5.459 5.502 5.546 5.590 5.634 5.679 5.724 5.769 5.815 5.861 5.907 5.952 5.998 6.043 6.087 6.130 6.173 6.214 6.253 6.290 6.324 6.357 6.388 6.418 6.445 6.471 6.495 6.519 6.542 6.566 6.594 6.624 6.658 6.695 6.732 6.773 6.819 6.875 6.933 6.994 7.062 7.136 7.214 7.304 7.407 7.515 7.618 7.688 7.777 7.902 8.019 8.126 8.221 8.309 8.385 8.447 8.489 8.490 8.490 8.510 8.521 8.521 8.509
5.119 5.161 5.204 5.247 5.289 5.331 5.374 5.417 5.460 5.503 5.547 5.590 5.634 5.679 5.724 5.769 5.815 5.861 5.908 5.954 6.001 6.047 6.093 6.139 6.184 6.228 6.271 6.312 6.350 6.387 6.422 6.456 6.487 6.517 6.545 6.572 6.597 6.621 6.648 6.677 6.710 6.746 6.783 6.822 6.867 6.923 6.982 7.045 7.115 7.189 7.269 7.360 7.462 7.574 7.682 7.748 7.830 7.952 8.065 8.167 8.258 8.340 8.411 8.467 8.504 8.500 8.491 8.502 8.501 8.489 8.464
5.126 5.167 5.209 5.251 5.292 5.333 5.376 5.418 5.461 5.504 5.547 5.590 5.634 5.678 5.722 5.768 5.813 5.860 5.907 5.954 6.002 6.050 6.098 6.146 6.193 6.241 6.287 6.331 6.373 6.414 6.453 6.490 6.526 6.559 6.592 6.623 6.651 6.677 6.704 6.733 6.765 6.799 6.835 6.872 6.917 6.974 7.035 7.099 7.172 7.248 7.331 7.422 7.525 7.646 7.752 7.807 7.883 8.000 8.107 8.204 8.290 8.367 8.432 8.483 8.514 8.503 8.487 8.487 8.473 8.446 8.405
5.135 5.174 5.214 5.255 5.295 5.335 5.377 5.419 5.462 5.504 5.546 5.589 5.632 5.676 5.720 5.765 5.811 5.857 5.905 5.953 6.001 6.050 6.100 6.150 6.201 6.251 6.300 6.347 6.393 6.437 6.480 6.520 6.560 6.599 6.637 6.673 6.704 6.733 6.761 6.790 6.820 6.853 6.888 6.926 6.974 7.031 7.092 7.160 7.236 7.316 7.401 7.496 7.605 7.722 7.815 7.862 7.931 8.043 8.144 8.237 8.317 8.389 8.448 8.492 8.517 8.500 8.474 8.462 8.433 8.390 8.331
5.144 5.181 5.220 5.259 5.298 5.338 5.379 5.420 5.462 5.503 5.545 5.587 5.630 5.673 5.717 5.762 5.807 5.854 5.901 5.950 5.999 6.050 6.101 6.153 6.206 6.258 6.310 6.361 6.410 6.457 6.503 6.547 6.592 6.636 6.679 6.719 6.755 6.787 6.818 6.847 6.877 6.909 6.945 6.986 7.036 7.092 7.155 7.228 7.309 7.392 7.479 7.579 7.686 7.790 7.873 7.913 7.975 8.079 8.177 8.264 8.339 8.405 8.458 8.496 8.514 8.488 8.452 8.425 8.381 8.320 8.240
5.154 5.190 5.226 5.264 5.301 5.340 5.379 5.420 5.461 5.502 5.543 5.584 5.626 5.669 5.713 5.757 5.802 5.849 5.897 5.946 5.997 6.048 6.101 6.155 6.209 6.264 6.318 6.372 6.424 6.475 6.524 6.572 6.621 6.670 6.718 6.763 6.803 6.840 6.873 6.904 6.935 6.969 7.007 7.052 7.103 7.160 7.226 7.305 7.389 7.474 7.564 7.661 7.760 7.853 7.926 7.960 8.014 8.112 8.204 8.285 8.356 8.415 8.462 8.493 8.502 8.467 8.419 8.377 8.315 8.233 8.132
5.167 5.200 5.234 5.270 5.305 5.342 5.380 5.419 5.459 5.499 5.539 5.580 5.622 5.664 5.707 5.751 5.797 5.844 5.892 5.942 5.993 6.045 6.099 6.155 6.211 6.268 6.325 6.380 6.435 6.490 6.543 6.596 6.649 6.702 6.753 6.803 6.848 6.889 6.927 6.961 6.995 7.033 7.075 7.123 7.178 7.236 7.303 7.387 7.473 7.561 7.648 7.738 7.828 7.910 7.976 8.003 8.050 8.141 8.225 8.302 8.366 8.419 8.459 8.482 8.482 8.436 8.374 8.315 8.234 8.133 8.011
5.183 5.214 5.245 5.277 5.310 5.344 5.381 5.418 5.456 5.495 5.534 5.575 5.616 5.658 5.701 5.745 5.791 5.838 5.886 5.937 5.988 6.042 6.097 6.154 6.212 6.270 6.330 6.387 6.446 6.504 6.561 6.618 6.674 6.731 6.786 6.840 6.890 6.937 6.980 7.019 7.058 7.100 7.146 7.200 7.258 7.316 7.384 7.470 7.560 7.645 7.726 7.807 7.888 7.962 8.023 8.043 8.082 8.164 8.243 8.312 8.370 8.416 8.449 8.462 8.451 8.394 8.317 8.239 8.140 8.020 7.883
5.202 5.230 5.258 5.288 5.317 5.349 5.382 5.417 5.453 5.490 5.529 5.568 5.609 5.650 5.693 5.738 5.783 5.831 5.880 5.931 5.983 6.038 6.094 6.152 6.211 6.272 6.333 6.393 6.455 6.517 6.578 6.638 6.698 6.758 6.817 6.874 6.930 6.983 7.032 7.078 7.122 7.169 7.221 7.281 7.341 7.397 7.465 7.554 7.642 7.722 7.797 7.870 7.941 8.011 8.066 8.080 8.110 8.186 8.256 8.317 8.367 8.406 8.430 8.434 8.410 8.339 8.247 8.152 8.035 7.901 7.756
5.225 5.251 5.276 5.302 5.327 5.355 5.385 5.417 5.450 5.486 5.522 5.561 5.601 5.642 5.685 5.729 5.776 5.824 5.873 5.925 5.978 6.033 6.090 6.149 6.210 6.274 6.336 6.399 6.465 6.530 6.594 6.658 6.721 6.783 6.845 6.907 6.967 7.027 7.084 7.136 7.187 7.241 7.299 7.362 7.424 7.478 7.544 7.631 7.715 7.791 7.859 7.924 7.990 8.054 8.106 8.114 8.136 8.203 8.263 8.315 8.356 8.387 8.402 8.395 8.358 8.273 8.165 8.052 7.922 7.779 7.631
5.252 5.275 5.298 5.320 5.341 5.366 5.392 5.419 5.449 5.482 5.516 5.553 5.592 5.633 5.676 5.721 5.768 5.816 5.866 5.919 5.973 6.029 6.087 6.147 6.210 6.275 6.340 6.406 6.474 6.542 6.610 6.677 6.743 6.808 6.872 6.937 7.004 7.070 7.134 7.194 7.252 7.312 7.374 7.439 7.503 7.554 7.615 7.699 7.779 7.851 7.914 7.974 8.034 8.093 8.142 8.145 8.159 8.215 8.265 8.307 8.338 8.361 8.366 8.348 8.297 8.197 8.073 7.947 7.807 7.661 7.518
5.282 5.304 5.324 5.342 5.361 5.381 5.402 5.425 5.451 5.480 5.512 5.547 5.584 5.625 5.668 5.713 5.760 5.809 5.860 5.913 5.968 6.024 6.083 6.144 6.209 6.276 6.344 6.412 6.483 6.554 6.625 6.696 6.764 6.832 6.898 6.968 7.039 7.112 7.184 7.251 7.316 7.382 7.447 7.516 7.582 7.627 7.681 7.761 7.837 7.905 7.964 8.021 8.074 8.131 8.181 8.178 8.181 8.226 8.265 8.295 8.316 8.329 8.325 8.294 8.228 8.112 7.974 7.837 7.693 7.550 7.419
5.314 5.335 5.354 5.370 5.385 5.401 5.418 5.436 5.457 5.482 5.510 5.542 5.578 5.617 5.660 5.705 5.752 5.802 5.854 5.907 5.963 6.020 6.080 6.142 6.208 6.278 6.348 6.419 6.492 6.566 6.641 6.714 6.786 6.855 6.925 6.999 7.075 7.156 7.234 7.308 7.381 7.451 7.520 7.596 7.659 7.694 7.740 7.815 7.887 7.951 8.009 8.063 8.113 8.175 8.223 8.209 8.201 8.235 8.260 8.278 8.289 8.292 8.277 8.230 8.147 8.018 7.868 7.725 7.581 7.449 7.339
5.348 5.369 5.387 5.402 5.415 5.427 5.439 5.453 5.469 5.488 5.512 5.541 5.574 5.612 5.654 5.699 5.746 5.796 5.848 5.903 5.959 6.017 6.078 6.142 6.210 6.282 6.353 6.427 6.503 6.580 6.657 6.732 6.807 6.880 6.956 7.032 7.113 7.200 7.286 7.368 7.447 7.523 7.600 7.673 7.725 7.752 7.792 7.861 7.930 7.994 8.051 8.106 8.163 8.222 8.258 8.237 8.220 8.239 8.251 8.257 8.256 8.246 8.216 8.155 8.060 7.919 7.760 7.614 7.480 7.367 7.280
5.381 5.403 5.422 5.436 5.448 5.458 5.467 5.475 5.486 5.500 5.519 5.544 5.574 5.609 5.650 5.694 5.742 5.792 5.844 5.899 5.956 6.015 6.077 6.142 6.212 6.286 6.360 6.435 6.514 6.593 6.672 6.751 6.830 6.909 6.988 7.067 7.152 7.248 7.340 7.428 7.513 7.596 7.673 7.738 7.782 7.802 7.836 7.902 7.970 8.033 8.093 8.152 8.211 8.262 8.288 8.260 8.234 8.239 8.238 8.231 8.216 8.191 8.146 8.072 7.966 7.815 7.651 7.513 7.397 7.306 7.247
5.414 5.437 5.457 5.473 5.484 5.493 5.499 5.504 5.510 5.519 5.533 5.553 5.579 5.611 5.649 5.692 5.739 5.790 5.842 5.898 5.955 6.015 6.078 6.144 6.215 6.290 6.366 6.443 6.525 6.607 6.688 6.771 6.856 6.940 7.023 7.105 7.195 7.297 7.396 7.489 7.578 7.662 7.735 7.793 7.832 7.847 7.876 7.940 8.007 8.071 8.135 8.197 8.253 8.296 8.313 8.279 8.243 8.234 8.219 8.198 8.169 8.127 8.068 7.983 7.868 7.711 7.550 7.428 7.334 7.269 7.237
