version1/TsunamiDB/out54038.asc
ncols          264
nrows          230
xllcorner      497853.4375
yllcorner      4229146.0000
cellsize         5.
NODATA_value   -99
[rows 96 to 127 of 230, columns 144 to 215 of 264]
4.973 4.999 5.025 5.050 5.076 5.101 5.126 5.152 5.179 5.205 5.232 5.260 5.288 5.317 5.346 5.376 5.408 5.439 5.472 5.506 5.539 5.574 5.609 5.643 5.678 5.712 5.745 5.777 5.808 5.836 5.864 5.891 5.915 5.937 5.956 5.974 5.989 6.003 6.015 6.026 6.037 6.049 6.061 6.075 6.091 6.108 6.128 6.149 6.172 6.196 6.220 6.244 6.269 6.295 6.320 6.345 6.370 6.395 6.420 6.447 6.474 6.504 6.535 6.567 6.600 6.634 6.666 6.696 6.725 6.750 6.772 6.793
5.000 5.025 5.050 5.075 5.099 5.123 5.147 5.171 5.196 5.220 5.245 5.271 5.297 5.324 5.351 5.379 5.408 5.438 5.469 5.501 5.534 5.567 5.602 5.636 5.671 5.706 5.740 5.773 5.805 5.836 5.866 5.894 5.920 5.944 5.966 5.985 6.002 6.018 6.032 6.044 6.056 6.068 6.081 6.095 6.110 6.127 6.146 6.167 6.190 6.214 6.238 6.263 6.289 6.315 6.341 6.367 6.392 6.417 6.443 6.470 6.498 6.527 6.559 6.592 6.626 6.660 6.694 6.725 6.754 6.778 6.800 6.824
5.029 5.054 5.078 5.101 5.124 5.147 5.169 5.192 5.215 5.239 5.262 5.285 5.309 5.334 5.359 5.385 5.411 5.439 5.468 5.498 5.529 5.562 5.595 5.629 5.664 5.699 5.733 5.767 5.800 5.832 5.863 5.893 5.921 5.947 5.971 5.993 6.012 6.029 6.045 6.059 6.073 6.086 6.099 6.113 6.129 6.146 6.164 6.185 6.208 6.232 6.256 6.281 6.307 6.334 6.360 6.387 6.413 6.439 6.465 6.491 6.520 6.550 6.582 6.616 6.650 6.685 6.720 6.752 6.781 6.807 6.831 6.860
5.059 5.083 5.106 5.129 5.151 5.172 5.194 5.216 5.238 5.259 5.281 5.303 5.325 5.348 5.371 5.394 5.419 5.444 5.471 5.498 5.528 5.558 5.590 5.623 5.657 5.691 5.726 5.760 5.793 5.826 5.858 5.890 5.919 5.947 5.973 5.996 6.018 6.037 6.055 6.071 6.086 6.101 6.115 6.130 6.146 6.163 6.182 6.203 6.225 6.249 6.273 6.299 6.325 6.352 6.379 6.406 6.432 6.459 6.485 6.512 6.540 6.570 6.603 6.637 6.672 6.708 6.744 6.777 6.808 6.837 6.867 6.900
5.089 5.113 5.135 5.158 5.179 5.199 5.220 5.241 5.262 5.282 5.303 5.324 5.344 5.365 5.386 5.407 5.430 5.453 5.477 5.503 5.529 5.558 5.588 5.619 5.652 5.685 5.719 5.752 5.785 5.819 5.852 5.884 5.915 5.944 5.972 5.997 6.020 6.042 6.062 6.080 6.097 6.113 6.129 6.145 6.162 6.180 6.199 6.220 6.242 6.266 6.290 6.315 6.342 6.369 6.397 6.424 6.451 6.478 6.504 6.531 6.560 6.590 6.622 6.657 6.693 6.730 6.767 6.802 6.837 6.872 6.906 6.945
5.120 5.143 5.166 5.187 5.208 5.227 5.248 5.268 5.288 5.308 5.327 5.346 5.366 5.385 5.405 5.424 5.445 5.466 5.488 5.511 5.535 5.561 5.589 5.618 5.649 5.681 5.714 5.746 5.779 5.813 5.846 5.878 5.910 5.940 5.969 5.996 6.021 6.044 6.066 6.086 6.105 6.124 6.141 6.159 6.176 6.195 6.215 6.236 6.258 6.282 6.307 6.332 6.359 6.386 6.414 6.442 6.469 6.496 6.523 6.551 6.579 6.609 6.641 6.676 6.713 6.751 6.790 6.829 6.869 6.909 6.950 6.995
5.151 5.174 5.196 5.217 5.237 5.256 5.276 5.296 5.315 5.334 5.353 5.371 5.390 5.408 5.426 5.445 5.463 5.482 5.502 5.523 5.545 5.569 5.594 5.621 5.650 5.680 5.711 5.742 5.774 5.807 5.840 5.873 5.905 5.936 5.965 5.994 6.020 6.045 6.069 6.091 6.112 6.132 6.151 6.171 6.190 6.209 6.230 6.251 6.274 6.298 6.323 6.348 6.375 6.403 6.431 6.459 6.487 6.515 6.542 6.570 6.597 6.627 6.660 6.695 6.733 6.772 6.814 6.859 6.904 6.950 6.999 7.049
5.181 5.205 5.227 5.248 5.267 5.286 5.306 5.324 5.343 5.361 5.380 5.398 5.415 5.433 5.450 5.467 5.485 5.502 5.520 5.539 5.559 5.580 5.603 5.628 5.654 5.682 5.712 5.742 5.772 5.804 5.837 5.869 5.901 5.932 5.962 5.991 6.019 6.046 6.071 6.095 6.118 6.140 6.161 6.181 6.202 6.223 6.244 6.266 6.290 6.314 6.339 6.364 6.391 6.420 6.448 6.477 6.506 6.534 6.561 6.589 6.616 6.646 6.678 6.715 6.754 6.796 6.842 6.891 6.942 6.996 7.050 7.105
5.212 5.235 5.257 5.278 5.298 5.316 5.335 5.354 5.372 5.390 5.407 5.425 5.442 5.459 5.476 5.492 5.509 5.525 5.542 5.559 5.577 5.596 5.616 5.638 5.662 5.688 5.716 5.744 5.773 5.804 5.835 5.867 5.898 5.930 5.960 5.990 6.019 6.046 6.073 6.098 6.123 6.147 6.169 6.192 6.214 6.236 6.258 6.281 6.305 6.330 6.355 6.381 6.408 6.437 6.466 6.495 6.525 6.553 6.581 6.609 6.636 6.666 6.698 6.736 6.778 6.823 6.873 6.926 6.982 7.042 7.101 7.161
5.242 5.266 5.288 5.309 5.328 5.347 5.365 5.383 5.401 5.418 5.436 5.453 5.469 5.486 5.502 5.518 5.534 5.550 5.566 5.582 5.598 5.615 5.633 5.653 5.675 5.698 5.723 5.749 5.776 5.806 5.836 5.867 5.898 5.929 5.959 5.990 6.019 6.048 6.075 6.102 6.128 6.154 6.178 6.202 6.226 6.249 6.272 6.296 6.321 6.346 6.371 6.397 6.425 6.455 6.485 6.515 6.544 6.574 6.602 6.630 6.658 6.687 6.720 6.760 6.804 6.851 6.905 6.963 7.024 7.090 7.154 7.217
5.272 5.296 5.319 5.340 5.359 5.377 5.396 5.413 5.430 5.447 5.464 5.481 5.497 5.513 5.529 5.545 5.561 5.576 5.591 5.606 5.622 5.637 5.654 5.671 5.690 5.711 5.734 5.758 5.783 5.811 5.840 5.869 5.899 5.930 5.960 5.991 6.021 6.050 6.079 6.107 6.135 6.161 6.187 6.213 6.238 6.262 6.287 6.311 6.337 6.363 6.388 6.415 6.444 6.474 6.504 6.535 6.566 6.596 6.625 6.653 6.681 6.710 6.744 6.787 6.833 6.884 6.941 7.003 7.070 7.139 7.206 7.273
5.301 5.326 5.349 5.370 5.390 5.408 5.426 5.443 5.460 5.477 5.493 5.509 5.525 5.541 5.557 5.573 5.588 5.603 5.618 5.633 5.647 5.662 5.677 5.692 5.709 5.728 5.748 5.770 5.793 5.818 5.845 5.874 5.903 5.933 5.963 5.993 6.024 6.054 6.084 6.113 6.142 6.170 6.197 6.224 6.250 6.276 6.302 6.327 6.353 6.380 6.406 6.434 6.463 6.494 6.525 6.557 6.589 6.619 6.649 6.678 6.707 6.737 6.774 6.819 6.867 6.921 6.981 7.046 7.116 7.187 7.258 7.328
5.329 5.355 5.378 5.400 5.420 5.439 5.457 5.474 5.491 5.507 5.522 5.538 5.553 5.569 5.584 5.600 5.615 5.630 5.645 5.660 5.674 5.688 5.702 5.716 5.731 5.747 5.765 5.784 5.805 5.828 5.853 5.880 5.908 5.937 5.967 5.998 6.028 6.059 6.090 6.120 6.150 6.180 6.208 6.236 6.264 6.291 6.318 6.344 6.371 6.398 6.425 6.453 6.483 6.515 6.547 6.580 6.613 6.645 6.676 6.706 6.736 6.769 6.808 6.854 6.904 6.961 7.023 7.091 7.161 7.234 7.309 7.383
5.357 5.383 5.407 5.430 5.450 5.469 5.488 5.505 5.521 5.537 5.552 5.567 5.582 5.597 5.612 5.627 5.642 5.658 5.672 5.687 5.701 5.714 5.728 5.741 5.755 5.769 5.785 5.801 5.820 5.841 5.864 5.889 5.916 5.944 5.973 6.003 6.034 6.065 6.097 6.128 6.159 6.190 6.220 6.249 6.278 6.306 6.334 6.362 6.389 6.417 6.445 6.474 6.505 6.537 6.571 6.604 6.639 6.672 6.704 6.736 6.769 6.805 6.845 6.892 6.944 7.003 7.067 7.135 7.206 7.281 7.359 7.437
5.383 5.410 5.435 5.459 5.480 5.500 5.519 5.536 5.552 5.568 5.583 5.597 5.611 5.626 5.640 5.655 5.670 5.684 5.699 5.714 5.728 5.741 5.755 5.767 5.780 5.793 5.807 5.821 5.837 5.856 5.877 5.900 5.925 5.952 5.980 6.010 6.041 6.073 6.105 6.137 6.169 6.201 6.233 6.263 6.293 6.323 6.352 6.380 6.409 6.437 6.466 6.495 6.527 6.561 6.595 6.630 6.666 6.701 6.736 6.771 6.806 6.843 6.885 6.933 6.987 7.046 7.111 7.180 7.251 7.327 7.408 7.491
5.408 5.436 5.462 5.487 5.509 5.530 5.549 5.567 5.584 5.599 5.614 5.628 5.641 5.655 5.669 5.683 5.697 5.711 5.726 5.740 5.755 5.768 5.781 5.794 5.806 5.818 5.830 5.843 5.857 5.873 5.892 5.913 5.936 5.962 5.990 6.019 6.050 6.082 6.114 6.147 6.180 6.214 6.246 6.278 6.309 6.340 6.370 6.399 6.429 6.458 6.488 6.518 6.550 6.585 6.621 6.657 6.694 6.732 6.770 6.808 6.846 6.885 6.928 6.976 7.030 7.090 7.155 7.225 7.296 7.374 7.458 7.546
5.431 5.460 5.488 5.514 5.537 5.559 5.579 5.598 5.615 5.631 5.646 5.659 5.673 5.685 5.698 5.711 5.725 5.739 5.753 5.767 5.781 5.795 5.808 5.820 5.832 5.843 5.855 5.866 5.878 5.893 5.909 5.928 5.950 5.974 6.000 6.029 6.059 6.091 6.124 6.158 6.192 6.226 6.260 6.293 6.326 6.358 6.389 6.419 6.450 6.480 6.510 6.541 6.574 6.610 6.647 6.685 6.725 6.766 6.806 6.847 6.887 6.927 6.971 7.019 7.073 7.133 7.200 7.269 7.342 7.421 7.510 7.605
5.453 5.483 5.512 5.539 5.564 5.587 5.608 5.628 5.647 5.663 5.678 5.692 5.705 5.717 5.729 5.741 5.754 5.766 5.780 5.793 5.807 5.820 5.833 5.846 5.858 5.869 5.880 5.890 5.901 5.914 5.929 5.946 5.965 5.988 6.013 6.041 6.071 6.102 6.136 6.170 6.205 6.240 6.275 6.309 6.343 6.376 6.408 6.440 6.472 6.502 6.532 6.564 6.599 6.636 6.675 6.715 6.757 6.800 6.843 6.887 6.929 6.971 7.014 7.062 7.116 7.178 7.245 7.315 7.389 7.471 7.565 7.665
5.473 5.504 5.534 5.563 5.589 5.613 5.636 5.658 5.677 5.695 5.710 5.725 5.738 5.750 5.761 5.772 5.784 5.795 5.808 5.820 5.833 5.846 5.859 5.871 5.883 5.895 5.905 5.915 5.925 5.937 5.950 5.965 5.983 6.004 6.028 6.054 6.083 6.115 6.148 6.183 6.218 6.254 6.290 6.326 6.361 6.395 6.429 6.461 6.493 6.524 6.555 6.588 6.624 6.663 6.703 6.745 6.789 6.835 6.881 6.927 6.971 7.014 7.058 7.106 7.160 7.221 7.290 7.362 7.437 7.523 7.620 7.723
5.491 5.524 5.555 5.585 5.612 5.638 5.663 5.685 5.706 5.725 5.742 5.758 5.771 5.783 5.795 5.805 5.816 5.826 5.837 5.848 5.860 5.872 5.884 5.897 5.908 5.920 5.930 5.939 5.949 5.960 5.973 5.987 6.003 6.022 6.045 6.070 6.098 6.129 6.162 6.197 6.233 6.269 6.306 6.343 6.379 6.414 6.449 6.483 6.516 6.547 6.579 6.613 6.649 6.690 6.732 6.776 6.822 6.870 6.918 6.967 7.013 7.057 7.101 7.149 7.203 7.266 7.336 7.410 7.489 7.578 7.676 7.785
5.508 5.541 5.573 5.604 5.633 5.660 5.687 5.711 5.734 5.755 5.773 5.790 5.804 5.817 5.829 5.839 5.849 5.858 5.868 5.878 5.888 5.899 5.910 5.922 5.933 5.944 5.955 5.964 5.974 5.985 5.996 6.010 6.025 6.043 6.063 6.087 6.114 6.144 6.177 6.211 6.248 6.285 6.323 6.360 6.398 6.434 6.470 6.504 6.538 6.571 6.603 6.637 6.675 6.718 6.762 6.807 6.856 6.905 6.956 7.007 7.054 7.100 7.145 7.194 7.249 7.313 7.385 7.462 7.545 7.637 7.738 7.857
5.522 5.557 5.590 5.622 5.652 5.681 5.709 5.735 5.760 5.782 5.803 5.821 5.837 5.851 5.863 5.874 5.884 5.892 5.901 5.909 5.918 5.927 5.937 5.947 5.958 5.969 5.979 5.988 5.999 6.010 6.021 6.034 6.048 6.065 6.084 6.107 6.133 6.162 6.193 6.227 6.264 6.301 6.339 6.378 6.416 6.454 6.491 6.526 6.561 6.594 6.627 6.663 6.703 6.747 6.793 6.840 6.890 6.942 6.994 7.046 7.095 7.143 7.191 7.241 7.297 7.365 7.439 7.520 7.607 7.704 7.814 7.933
5.536 5.571 5.605 5.638 5.669 5.699 5.729 5.757 5.783 5.808 5.830 5.850 5.868 5.884 5.898 5.909 5.919 5.928 5.935 5.942 5.950 5.957 5.965 5.974 5.984 5.994 6.004 6.013 6.024 6.035 6.046 6.059 6.073 6.089 6.107 6.128 6.153 6.181 6.211 6.245 6.281 6.318 6.357 6.396 6.435 6.474 6.512 6.549 6.584 6.619 6.653 6.690 6.731 6.777 6.824 6.872 6.924 6.978 7.031 7.084 7.137 7.189 7.240 7.292 7.350 7.421 7.500 7.585 7.676 7.779 7.891 8.003
5.547 5.583 5.618 5.651 5.683 5.716 5.747 5.776 5.804 5.831 5.855 5.878 5.898 5.916 5.931 5.944 5.955 5.964 5.971 5.978 5.984 5.990 5.996 6.003 6.011 6.020 6.029 6.038 6.049 6.060 6.072 6.085 6.098 6.114 6.131 6.152 6.175 6.201 6.231 6.263 6.299 6.336 6.375 6.415 6.455 6.494 6.533 6.571 6.608 6.644 6.679 6.718 6.760 6.807 6.856 6.906 6.959 7.013 7.068 7.124 7.180 7.236 7.292 7.346 7.407 7.484 7.568 7.655 7.751 7.855 7.963 8.068
5.557 5.594 5.629 5.663 5.696 5.730 5.762 5.793 5.823 5.851 5.878 5.903 5.925 5.945 5.963 5.978 5.990 6.000 6.008 6.014 6.019 6.024 6.029 6.034 6.041 6.048 6.056 6.064 6.075 6.086 6.098 6.111 6.125 6.140 6.157 6.176 6.198 6.224 6.252 6.283 6.318 6.355 6.394 6.434 6.474 6.515 6.555 6.595 6.633 6.670 6.707 6.747 6.790 6.838 6.888 6.939 6.993 7.049 7.106 7.165 7.226 7.287 7.349 7.406 7.472 7.553 7.639 7.731 7.827 7.927 8.031 8.129
5.566 5.603 5.639 5.674 5.708 5.742 5.776 5.808 5.840 5.870 5.898 5.925 5.950 5.972 5.992 6.009 6.024 6.035 6.044 6.051 6.056 6.060 6.064 6.068 6.073 6.078 6.085 6.092 6.102 6.113 6.125 6.138 6.152 6.167 6.184 6.202 6.223 6.247 6.275 6.305 6.338 6.374 6.413 6.453 6.495 6.537 6.578 6.619 6.659 6.698 6.736 6.776 6.820 6.869 6.920 6.972 7.028 7.086 7.145 7.208 7.274 7.342 7.410 7.471 7.539 7.625 7.715 7.808 7.900 7.995 8.092 8.186
5.574 5.611 5.648 5.683 5.718 5.753 5.787 5.821 5.854 5.886 5.916 5.945 5.972 5.996 6.019 6.038 6.055 6.069 6.080 6.088 6.094 6.098 6.101 6.104 6.107 6.111 6.116 6.122 6.131 6.142 6.153 6.166 6.180 6.195 6.212 6.230 6.250 6.273 6.299 6.328 6.360 6.395 6.434 6.474 6.516 6.558 6.601 6.644 6.686 6.726 6.765 6.806 6.851 6.900 6.952 7.005 7.063 7.124 7.186 7.253 7.326 7.401 7.475 7.539 7.610 7.700 7.792 7.882 7.970 8.060 8.150 8.240
5.581 5.618 5.655 5.691 5.726 5.762 5.798 5.832 5.866 5.900 5.931 5.962 5.991 6.018 6.043 6.065 6.084 6.100 6.114 6.124 6.131 6.136 6.139 6.142 6.144 6.147 6.150 6.155 6.163 6.172 6.183 6.196 6.210 6.225 6.241 6.258 6.278 6.300 6.325 6.352 6.383 6.418 6.455 6.496 6.538 6.581 6.626 6.670 6.713 6.755 6.795 6.836 6.881 6.931 6.984 7.039 7.100 7.164 7.230 7.303 7.382 7.464 7.543 7.608 7.682 7.775 7.865 7.952 8.036 8.120 8.206 8.292
5.587 5.625 5.662 5.698 5.734 5.770 5.806 5.842 5.877 5.911 5.945 5.977 6.008 6.037 6.064 6.088 6.110 6.129 6.145 6.157 6.167 6.174 6.178 6.181 6.183 6.185 6.187 6.191 6.197 6.205 6.215 6.227 6.241 6.255 6.271 6.288 6.307 6.328 6.352 6.378 6.408 6.441 6.478 6.519 6.561 6.606 6.651 6.696 6.741 6.784 6.825 6.866 6.912 6.963 7.018 7.075 7.139 7.206 7.277 7.355 7.439 7.525 7.610 7.678 7.752 7.845 7.935 8.020 8.100 8.179 8.260 8.341
5.592 5.630 5.667 5.703 5.740 5.777 5.813 5.850 5.886 5.921 5.956 5.990 6.022 6.053 6.082 6.109 6.133 6.155 6.173 6.189 6.200 6.209 6.216 6.220 6.223 6.225 6.227 6.229 6.234 6.241 6.250 6.261 6.274 6.288 6.303 6.320 6.338 6.358 6.381 6.406 6.434 6.466 6.503 6.543 6.586 6.630 6.677 6.723 6.769 6.813 6.855 6.897 6.943 6.996 7.053 7.113 7.180 7.251 7.327 7.410 7.498 7.590 7.680 7.749 7.821 7.914 8.004 8.087 8.163 8.238 8.313 8.392
5.596 5.634 5.671 5.708 5.744 5.782 5.819 5.856 5.893 5.930 5.966 6.001 6.034 6.067 6.098 6.127 6.154 6.178 6.199 6.217 6.231 6.243 6.252 6.258 6.262 6.266 6.268 6.270 6.274 6.280 6.288 6.298 6.309 6.323 6.337 6.353 6.371 6.390 6.411 6.435 6.463 6.493 6.529 6.568 6.611 6.656 6.704 6.751 6.798 6.843 6.886 6.928 6.975 7.031 7.090 7.153 7.224 7.299 7.381 7.468 7.560 7.661 7.753 7.818 7.889 7.982 8.069 8.150 8.226 8.297 8.367 8.450
5.599 5.637 5.674 5.711 5.748 5.786 5.824 5.861 5.899 5.936 5.973 6.009 6.045 6.079 6.111 6.142 6.171 6.197 6.221 6.241 6.259 6.274 6.285 6.294 6.301 6.306 6.309 6.312 6.316 6.321 6.328 6.337 6.347 6.360 6.374 6.389 6.405 6.424 6.444 6.467 6.492 6.522 6.557 6.596 6.638 6.684 6.731 6.780 6.827 6.873 6.916 6.961 7.011 7.069 7.131 7.198 7.272 7.353 7.439 7.531 7.630 7.732 7.822 7.885 7.954 8.046 8.133 8.214 8.287 8.358 8.432 8.511
