version1/TsunamiDB/out54186.asc
ncols          264
nrows          230
xllcorner      497853.4375
yllcorner      4229146.0000
cellsize         5.
NODATA_value   -99
[rows 102 to 135 of 230, columns 0 to 76 of 264]
6.249 6.256 6.263 6.270 6.276 6.283 6.289 6.295 6.300 6.306 6.311 6.315 6.319 6.322 6.325 6.327 6.329 6.331 6.332 6.333 6.335 6.336 6.337 6.339 6.340 6.342 6.344 6.347 6.349 6.352 6.355 6.359 6.363 6.367 6.370 6.374 6.378 6.381 6.385 6.389 6.392 6.396 6.399 6.403 6.407 6.410 6.414 6.417 6.421 6.425 6.428 6.432 6.435 6.439 6.443 6.447 6.451 6.455 6.458 6.461 6.464 6.467 6.470 6.473 6.475 6.478 6.480 6.482 6.484 6.486 6.488 6.490 6.492 6.494 6.496 6.497 6.499
6.254 6.262 6.269 6.276 6.283 6.289 6.296 6.302 6.308 6.314 6.319 6.324 6.328 6.331 6.334 6.337 6.339 6.341 6.343 6.344 6.346 6.347 6.348 6.349 6.351 6.352 6.354 6.356 6.358 6.361 6.363 6.367 6.370 6.374 6.378 6.381 6.385 6.388 6.392 6.395 6.399 6.402 6.406 6.409 6.413 6.416 6.420 6.423 6.427 6.431 6.434 6.438 6.441 6.445 6.449 6.453 6.457 6.461 6.464 6.467 6.470 6.473 6.476 6.479 6.482 6.484 6.486 6.489 6.491 6.493 6.495 6.497 6.499 6.500 6.502 6.504 6.506
6.259 6.267 6.274 6.282 6.289 6.296 6.302 6.309 6.315 6.321 6.327 6.332 6.336 6.340 6.344 6.347 6.349 6.352 6.353 6.355 6.356 6.358 6.359 6.360 6.361 6.363 6.364 6.366 6.368 6.370 6.372 6.375 6.379 6.382 6.385 6.388 6.392 6.395 6.398 6.402 6.405 6.409 6.412 6.416 6.419 6.423 6.426 6.430 6.433 6.437 6.440 6.444 6.447 6.451 6.455 6.459 6.463 6.466 6.470 6.473 6.476 6.479 6.482 6.485 6.488 6.490 6.493 6.495 6.497 6.499 6.501 6.503 6.505 6.507 6.509 6.511 6.512
6.264 6.272 6.280 6.287 6.294 6.301 6.308 6.315 6.322 6.328 6.334 6.340 6.344 6.349 6.353 6.356 6.359 6.361 6.364 6.366 6.367 6.369 6.370 6.371 6.372 6.373 6.374 6.376 6.377 6.379 6.381 6.384 6.387 6.390 6.393 6.396 6.399 6.402 6.405 6.409 6.412 6.415 6.419 6.422 6.426 6.429 6.432 6.436 6.439 6.443 6.446 6.450 6.453 6.457 6.461 6.465 6.469 6.472 6.476 6.479 6.482 6.485 6.488 6.491 6.494 6.496 6.499 6.501 6.504 6.506 6.508 6.510 6.512 6.514 6.515 6.517 6.519
6.269 6.277 6.285 6.292 6.300 6.307 6.314 6.321 6.328 6.335 6.341 6.347 6.352 6.357 6.361 6.365 6.368 6.371 6.374 6.376 6.378 6.379 6.381 6.382 6.383 6.384 6.385 6.386 6.387 6.389 6.391 6.393 6.396 6.399 6.401 6.404 6.407 6.410 6.413 6.416 6.419 6.422 6.425 6.429 6.432 6.435 6.439 6.442 6.446 6.449 6.452 6.456 6.459 6.463 6.467 6.471 6.475 6.478 6.482 6.485 6.488 6.491 6.494 6.497 6.500 6.503 6.505 6.508 6.510 6.512 6.514 6.516 6.518 6.520 6.522 6.524 6.526
6.274 6.282 6.290 6.297 6.305 6.312 6.320 6.327 6.334 6.341 6.348 6.354 6.359 6.364 6.369 6.373 6.377 6.380 6.383 6.386 6.388 6.390 6.391 6.393 6.394 6.395 6.396 6.397 6.398 6.399 6.401 6.403 6.405 6.407 6.410 6.412 6.415 6.417 6.420 6.423 6.426 6.429 6.432 6.435 6.439 6.442 6.445 6.448 6.452 6.455 6.459 6.462 6.466 6.469 6.473 6.477 6.481 6.484 6.488 6.491 6.494 6.497 6.500 6.503 6.506 6.509 6.511 6.514 6.516 6.519 6.521 6.523 6.525 6.527 6.529 6.531 6.533
6.278 6.286 6.294 6.302 6.310 6.318 6.325 6.332 6.340 6.347 6.354 6.360 6.366 6.371 6.376 6.381 6.385 6.389 6.392 6.395 6.398 6.400 6.402 6.403 6.404 6.406 6.407 6.408 6.409 6.410 6.411 6.412 6.415 6.417 6.419 6.421 6.423 6.425 6.428 6.430 6.433 6.436 6.439 6.442 6.445 6.448 6.452 6.455 6.458 6.462 6.465 6.468 6.472 6.475 6.479 6.483 6.487 6.490 6.494 6.497 6.500 6.503 6.506 6.509 6.512 6.515 6.518 6.520 6.523 6.525 6.527 6.529 6.531 6.533 6.535 6.537 6.539
6.283 6.291 6.299 6.307 6.315 6.323 6.330 6.338 6.345 6.353 6.360 6.366 6.373 6.378 6.383 6.388 6.393 6.397 6.401 6.404 6.407 6.409 6.412 6.414 6.415 6.416 6.417 6.418 6.419 6.420 6.421 6.423 6.425 6.426 6.428 6.430 6.431 6.434 6.436 6.438 6.441 6.443 6.446 6.449 6.452 6.455 6.458 6.461 6.465 6.468 6.471 6.475 6.478 6.482 6.485 6.489 6.493 6.496 6.500 6.503 6.506 6.509 6.513 6.515 6.518 6.521 6.524 6.526 6.529 6.531 6.534 6.536 6.538 6.540 6.542 6.544 6.546
6.288 6.296 6.304 6.312 6.320 6.328 6.335 6.343 6.351 6.359 6.366 6.373 6.379 6.385 6.390 6.396 6.400 6.405 6.409 6.413 6.416 6.419 6.421 6.424 6.425 6.427 6.428 6.429 6.430 6.431 6.432 6.433 6.435 6.436 6.438 6.439 6.440 6.442 6.444 6.446 6.449 6.451 6.454 6.456 6.459 6.462 6.465 6.468 6.471 6.475 6.478 6.481 6.484 6.488 6.492 6.495 6.499 6.503 6.506 6.509 6.512 6.516 6.519 6.522 6.525 6.527 6.530 6.533 6.535 6.538 6.540 6.542 6.544 6.547 6.549 6.551 6.553
6.292 6.301 6.309 6.317 6.325 6.333 6.341 6.348 6.356 6.364 6.372 6.378 6.385 6.391 6.397 6.402 6.408 6.412 6.417 6.421 6.425 6.428 6.431 6.433 6.436 6.437 6.439 6.440 6.441 6.442 6.443 6.444 6.445 6.447 6.448 6.449 6.450 6.451 6.453 6.455 6.457 6.459 6.461 6.464 6.466 6.469 6.472 6.475 6.478 6.481 6.484 6.488 6.491 6.494 6.498 6.502 6.505 6.509 6.512 6.515 6.519 6.522 6.525 6.528 6.531 6.533 6.536 6.539 6.541 6.544 6.546 6.549 6.551 6.553 6.555 6.557 6.559
6.297 6.305 6.313 6.322 6.330 6.338 6.346 6.353 6.361 6.370 6.377 6.384 6.391 6.397 6.403 6.409 6.414 6.420 6.424 6.429 6.433 6.437 6.440 6.443 6.445 6.447 6.449 6.451 6.452 6.453 6.454 6.455 6.456 6.457 6.458 6.459 6.460 6.461 6.462 6.463 6.465 6.467 6.469 6.471 6.474 6.476 6.479 6.482 6.485 6.488 6.491 6.494 6.497 6.501 6.504 6.508 6.512 6.515 6.518 6.522 6.525 6.528 6.531 6.534 6.537 6.540 6.542 6.545 6.548 6.550 6.553 6.555 6.557 6.560 6.562 6.564 6.566
6.301 6.310 6.318 6.326 6.334 6.342 6.350 6.359 6.367 6.375 6.383 6.390 6.396 6.403 6.409 6.415 6.421 6.426 6.432 6.436 6.441 6.445 6.449 6.452 6.455 6.457 6.459 6.461 6.463 6.464 6.465 6.466 6.467 6.468 6.469 6.469 6.470 6.471 6.472 6.473 6.474 6.476 6.477 6.479 6.481 6.484 6.486 6.489 6.492 6.495 6.498 6.501 6.504 6.507 6.511 6.515 6.518 6.521 6.525 6.528 6.531 6.534 6.537 6.540 6.543 6.546 6.549 6.551 6.554 6.557 6.559 6.561 6.564 6.566 6.568 6.570 6.573
6.306 6.314 6.323 6.331 6.339 6.347 6.355 6.363 6.372 6.380 6.388 6.395 6.402 6.409 6.415 6.421 6.427 6.433 6.438 6.444 6.448 6.453 6.457 6.461 6.464 6.467 6.469 6.471 6.473 6.475 6.476 6.477 6.479 6.480 6.480 6.480 6.481 6.481 6.482 6.482 6.483 6.485 6.486 6.488 6.490 6.492 6.494 6.496 6.499 6.502 6.505 6.508 6.511 6.514 6.517 6.521 6.525 6.528 6.531 6.534 6.537 6.540 6.543 6.546 6.549 6.552 6.555 6.558 6.560 6.563 6.565 6.568 6.570 6.573 6.575 6.577 6.579
6.310 6.319 6.327 6.335 6.344 6.352 6.360 6.368 6.377 6.385 6.393 6.400 6.407 6.414 6.421 6.427 6.434 6.439 6.445 6.451 6.456 6.460 6.465 6.469 6.473 6.476 6.479 6.481 6.483 6.485 6.487 6.488 6.490 6.491 6.491 6.491 6.492 6.492 6.492 6.492 6.493 6.494 6.495 6.496 6.498 6.500 6.502 6.504 6.507 6.509 6.512 6.515 6.518 6.521 6.524 6.528 6.531 6.535 6.538 6.541 6.544 6.547 6.550 6.553 6.556 6.558 6.561 6.564 6.567 6.569 6.572 6.574 6.577 6.579 6.581 6.584 6.586
6.315 6.323 6.332 6.340 6.348 6.357 6.365 6.373 6.382 6.390 6.398 6.405 6.413 6.420 6.426 6.433 6.439 6.446 6.452 6.457 6.463 6.468 6.472 6.477 6.481 6.485 6.488 6.491 6.493 6.495 6.497 6.499 6.501 6.502 6.502 6.503 6.503 6.503 6.503 6.503 6.503 6.504 6.505 6.506 6.507 6.508 6.510 6.512 6.514 6.517 6.519 6.522 6.525 6.528 6.531 6.535 6.538 6.541 6.544 6.547 6.550 6.553 6.556 6.559 6.562 6.565 6.568 6.570 6.573 6.576 6.578 6.581 6.583 6.586 6.588 6.590 6.592
6.319 6.327 6.336 6.344 6.353 6.361 6.369 6.378 6.387 6.395 6.403 6.410 6.418 6.425 6.432 6.439 6.445 6.452 6.458 6.464 6.469 6.475 6.480 6.484 6.489 6.493 6.497 6.500 6.503 6.505 6.508 6.510 6.512 6.513 6.514 6.514 6.514 6.514 6.514 6.514 6.514 6.514 6.515 6.515 6.516 6.517 6.519 6.520 6.522 6.524 6.527 6.529 6.532 6.535 6.538 6.542 6.545 6.548 6.551 6.554 6.557 6.560 6.563 6.566 6.569 6.571 6.574 6.577 6.580 6.582 6.585 6.587 6.590 6.592 6.594 6.597 6.599
6.323 6.332 6.340 6.349 6.357 6.365 6.374 6.382 6.391 6.400 6.408 6.415 6.423 6.430 6.437 6.444 6.451 6.457 6.464 6.470 6.476 6.481 6.486 6.492 6.496 6.501 6.505 6.509 6.512 6.515 6.518 6.520 6.523 6.524 6.525 6.525 6.525 6.525 6.525 6.525 6.525 6.525 6.525 6.525 6.526 6.527 6.528 6.529 6.531 6.533 6.535 6.537 6.540 6.542 6.546 6.549 6.552 6.555 6.558 6.561 6.564 6.567 6.570 6.572 6.575 6.578 6.581 6.583 6.586 6.589 6.591 6.594 6.596 6.599 6.601 6.603 6.606
6.327 6.335 6.344 6.353 6.361 6.370 6.378 6.387 6.396 6.404 6.412 6.420 6.427 6.435 6.442 6.449 6.456 6.463 6.469 6.475 6.482 6.487 6.493 6.498 6.503 6.508 6.513 6.517 6.521 6.524 6.527 6.530 6.533 6.534 6.536 6.536 6.537 6.537 6.537 6.536 6.536 6.536 6.536 6.536 6.536 6.536 6.537 6.538 6.539 6.541 6.543 6.545 6.547 6.550 6.553 6.557 6.559 6.562 6.565 6.568 6.571 6.574 6.576 6.579 6.582 6.585 6.587 6.590 6.593 6.595 6.598 6.600 6.603 6.605 6.608 6.610 6.613
6.331 6.339 6.348 6.357 6.365 6.374 6.382 6.391 6.400 6.408 6.416 6.424 6.432 6.439 6.447 6.454 6.461 6.468 6.474 6.481 6.487 6.493 6.499 6.505 6.510 6.515 6.520 6.525 6.529 6.533 6.536 6.540 6.543 6.545 6.546 6.547 6.548 6.548 6.548 6.548 6.548 6.547 6.547 6.546 6.546 6.547 6.547 6.548 6.549 6.550 6.551 6.553 6.555 6.558 6.561 6.564 6.567 6.569 6.572 6.575 6.578 6.581 6.583 6.586 6.589 6.592 6.594 6.597 6.600 6.602 6.605 6.607 6.610 6.612 6.615 6.617 6.619
6.334 6.343 6.351 6.360 6.369 6.377 6.386 6.395 6.404 6.412 6.420 6.428 6.436 6.444 6.451 6.458 6.466 6.473 6.479 6.486 6.493 6.499 6.505 6.511 6.516 6.522 6.527 6.532 6.536 6.541 6.545 6.549 6.552 6.554 6.556 6.558 6.559 6.559 6.559 6.559 6.559 6.559 6.558 6.558 6.557 6.557 6.557 6.557 6.558 6.559 6.560 6.562 6.564 6.566 6.569 6.572 6.574 6.577 6.579 6.582 6.585 6.588 6.590 6.593 6.596 6.599 6.601 6.604 6.606 6.609 6.611 6.614 6.616 6.619 6.621 6.624 6.626
6.337 6.346 6.355 6.364 6.372 6.381 6.390 6.398 6.407 6.416 6.424 6.432 6.440 6.448 6.455 6.463 6.470 6.477 6.484 6.491 6.497 6.504 6.510 6.516 6.522 6.528 6.533 6.539 6.544 6.548 6.553 6.557 6.561 6.563 6.566 6.568 6.569 6.570 6.570 6.571 6.570 6.570 6.569 6.569 6.568 6.568 6.568 6.568 6.568 6.569 6.570 6.571 6.572 6.574 6.577 6.580 6.582 6.584 6.587 6.590 6.592 6.595 6.598 6.600 6.603 6.606 6.608 6.611 6.613 6.616 6.618 6.621 6.623 6.626 6.628 6.631 6.633
6.340 6.349 6.358 6.367 6.375 6.384 6.393 6.402 6.411 6.420 6.428 6.436 6.444 6.451 6.459 6.467 6.474 6.481 6.488 6.495 6.502 6.509 6.515 6.522 6.528 6.534 6.539 6.545 6.550 6.555 6.560 6.565 6.569 6.572 6.575 6.577 6.579 6.580 6.581 6.581 6.581 6.581 6.581 6.580 6.579 6.579 6.578 6.578 6.578 6.578 6.579 6.580 6.581 6.583 6.585 6.588 6.590 6.592 6.595 6.597 6.600 6.602 6.605 6.607 6.610 6.613 6.615 6.618 6.620 6.623 6.625 6.628 6.630 6.633 6.635 6.638 6.640
6.343 6.352 6.361 6.370 6.378 6.387 6.396 6.405 6.414 6.423 6.431 6.439 6.447 6.455 6.463 6.470 6.478 6.485 6.492 6.499 6.506 6.513 6.520 6.526 6.533 6.539 6.545 6.551 6.556 6.561 6.567 6.572 6.576 6.580 6.583 6.586 6.588 6.590 6.591 6.592 6.592 6.592 6.592 6.591 6.591 6.590 6.589 6.589 6.589 6.589 6.589 6.589 6.590 6.592 6.594 6.596 6.598 6.600 6.602 6.605 6.607 6.610 6.612 6.615 6.617 6.620 6.622 6.625 6.627 6.630 6.632 6.635 6.637 6.640 6.642 6.645 6.648
6.345 6.354 6.363 6.372 6.381 6.390 6.399 6.408 6.417 6.426 6.434 6.442 6.450 6.458 6.466 6.473 6.481 6.488 6.496 6.503 6.510 6.517 6.524 6.531 6.537 6.544 6.550 6.556 6.562 6.567 6.573 6.578 6.583 6.587 6.591 6.594 6.597 6.599 6.601 6.602 6.602 6.603 6.603 6.602 6.602 6.601 6.600 6.600 6.599 6.599 6.599 6.599 6.600 6.601 6.603 6.605 6.606 6.608 6.610 6.612 6.615 6.617 6.619 6.622 6.624 6.627 6.629 6.632 6.635 6.637 6.639 6.642 6.644 6.647 6.649 6.652 6.655
6.347 6.356 6.365 6.374 6.383 6.392 6.401 6.410 6.419 6.428 6.437 6.445 6.453 6.461 6.469 6.476 6.484 6.492 6.499 6.506 6.513 6.521 6.528 6.534 6.541 6.548 6.554 6.560 6.566 6.572 6.578 6.584 6.589 6.594 6.598 6.601 6.605 6.607 6.609 6.611 6.612 6.613 6.613 6.613 6.613 6.612 6.611 6.611 6.610 6.609 6.609 6.609 6.609 6.610 6.612 6.613 6.615 6.616 6.618 6.620 6.622 6.625 6.627 6.629 6.632 6.634 6.637 6.639 6.642 6.644 6.647 6.649 6.652 6.654 6.657 6.659 6.662
6.349 6.358 6.367 6.376 6.385 6.394 6.403 6.412 6.422 6.431 6.439 6.447 6.455 6.463 6.471 6.479 6.487 6.494 6.502 6.509 6.517 6.524 6.531 6.538 6.545 6.552 6.558 6.565 6.571 6.577 6.583 6.589 6.595 6.600 6.604 6.608 6.612 6.615 6.617 6.619 6.621 6.622 6.623 6.623 6.623 6.622 6.622 6.621 6.620 6.620 6.619 6.619 6.619 6.620 6.621 6.622 6.623 6.624 6.626 6.628 6.630 6.632 6.634 6.637 6.639 6.641 6.644 6.646 6.649 6.651 6.654 6.656 6.658 6.661 6.664 6.666 6.669
6.351 6.360 6.369 6.378 6.387 6.396 6.405 6.414 6.424 6.433 6.441 6.449 6.457 6.466 6.474 6.481 6.489 6.497 6.504 6.512 6.519 6.527 6.534 6.541 6.548 6.555 6.562 6.568 6.575 6.581 6.587 6.594 6.600 6.605 6.610 6.614 6.618 6.622 6.625 6.627 6.629 6.631 6.632 6.632 6.633 6.633 6.632 6.631 6.631 6.630 6.630 6.629 6.629 6.629 6.630 6.631 6.632 6.633 6.634 6.636 6.638 6.639 6.642 6.644 6.646 6.648 6.651 6.653 6.656 6.658 6.660 6.663 6.665 6.668 6.670 6.673 6.676
6.352 6.361 6.371 6.380 6.389 6.398 6.407 6.416 6.425 6.434 6.443 6.451 6.459 6.467 6.476 6.483 6.491 6.499 6.507 6.514 6.522 6.529 6.536 6.544 6.551 6.558 6.565 6.571 6.578 6.585 6.591 6.598 6.604 6.609 6.615 6.619 6.624 6.628 6.631 6.634 6.637 6.639 6.640 6.641 6.642 6.642 6.642 6.641 6.641 6.640 6.640 6.639 6.639 6.639 6.639 6.640 6.640 6.641 6.642 6.644 6.645 6.647 6.649 6.651 6.653 6.655 6.658 6.660 6.662 6.665 6.667 6.670 6.672 6.675 6.677 6.680 6.682
6.353 6.363 6.372 6.381 6.390 6.399 6.408 6.417 6.427 6.436 6.444 6.453 6.461 6.469 6.477 6.485 6.493 6.501 6.509 6.516 6.524 6.531 6.539 6.546 6.553 6.560 6.567 6.574 6.581 6.588 6.595 6.601 6.608 6.614 6.619 6.624 6.629 6.633 6.637 6.641 6.643 6.646 6.648 6.649 6.650 6.651 6.651 6.651 6.651 6.650 6.649 6.649 6.648 6.648 6.648 6.649 6.649 6.650 6.650 6.652 6.653 6.654 6.656 6.658 6.660 6.662 6.664 6.667 6.669 6.671 6.674 6.676 6.679 6.681 6.684 6.686 6.689
6.354 6.364 6.373 6.382 6.391 6.400 6.409 6.419 6.428 6.437 6.446 6.454 6.462 6.471 6.479 6.487 6.495 6.503 6.510 6.518 6.526 6.533 6.541 6.548 6.555 6.563 6.570 6.577 6.584 6.591 6.597 6.605 6.611 6.617 6.623 6.628 6.633 6.638 6.642 6.646 6.649 6.652 6.655 6.657 6.658 6.659 6.660 6.660 6.660 6.659 6.659 6.658 6.658 6.657 6.658 6.658 6.658 6.658 6.659 6.659 6.660 6.662 6.663 6.665 6.667 6.669 6.671 6.673 6.675 6.678 6.680 6.683 6.685 6.688 6.690 6.693 6.696
6.355 6.365 6.374 6.383 6.392 6.401 6.411 6.420 6.430 6.439 6.447 6.455 6.464 6.472 6.480 6.488 6.496 6.504 6.512 6.519 6.527 6.535 6.542 6.550 6.557 6.564 6.572 6.579 6.586 6.593 6.600 6.607 6.614 6.620 6.626 6.632 6.637 6.642 6.647 6.651 6.655 6.658 6.661 6.663 6.665 6.667 6.668 6.668 6.668 6.668 6.668 6.667 6.667 6.666 6.667 6.667 6.666 6.666 6.667 6.667 6.668 6.669 6.670 6.672 6.674 6.675 6.677 6.680 6.682 6.684 6.686 6.689 6.691 6.694 6.696 6.699 6.702
6.356 6.365 6.375 6.384 6.393 6.402 6.412 6.421 6.431 6.439 6.448 6.456 6.465 6.473 6.481 6.489 6.497 6.505 6.513 6.521 6.529 6.536 6.544 6.551 6.559 6.566 6.573 6.581 6.588 6.595 6.602 6.610 6.617 6.623 6.629 6.635 6.640 6.646 6.651 6.655 6.659 6.663 6.666 6.669 6.671 6.673 6.675 6.676 6.676 6.676 6.676 6.676 6.676 6.675 6.675 6.675 6.675 6.675 6.675 6.675 6.676 6.676 6.677 6.679 6.680 6.682 6.684 6.686 6.688 6.690 6.692 6.695 6.697 6.700 6.702 6.705 6.708
6.357 6.366 6.375 6.385 6.394 6.403 6.412 6.422 6.432 6.440 6.449 6.457 6.466 6.474 6.482 6.490 6.498 6.506 6.514 6.522 6.530 6.537 6.545 6.553 6.560 6.568 6.575 6.582 6.590 6.597 6.604 6.612 6.619 6.625 6.632 6.638 6.643 6.649 6.654 6.659 6.663 6.668 6.671 6.674 6.677 6.679 6.681 6.683 6.683 6.684 6.684 6.684 6.684 6.684 6.684 6.684 6.683 6.683 6.683 6.683 6.683 6.684 6.684 6.685 6.687 6.688 6.690 6.692 6.694 6.696 6.698 6.700 6.703 6.705 6.708 6.711 6.713
6.357 6.366 6.376 6.385 6.394 6.404 6.413 6.423 6.432 6.441 6.450 6.458 6.467 6.475 6.483 6.491 6.499 6.507 6.515 6.523 6.531 6.539 6.546 6.554 6.561 6.569 6.576 6.584 6.591 6.598 6.606 6.614 6.621 6.627 6.634 6.640 6.646 6.652 6.657 6.662 6.667 6.671 6.675 6.679 6.682 6.685 6.687 6.689 6.690 6.691 6.692 6.692 6.692 6.692 6.692 6.692 6.691 6.691 6.691 6.690 6.690 6.691 6.691 6.692 6.693 6.695 6.696 6.698 6.700 6.702 6.704 6.706 6.708 6.711 6.713 6.716 6.719
