version1/TsunamiDB/out54015.asc
ncols          264
nrows          230
xllcorner      497853.4375
yllcorner      4229146.0000
cellsize         5.
NODATA_value   -99
[rows 186 to 216 of 230, columns 140 to 209 of 264]
4.596 4.660 4.721 4.779 4.836 4.893 4.951 5.010 5.070 5.131 5.192 5.253 5.314 5.373 5.431 5.486 5.538 5.585 5.627 5.665 5.697 5.725 5.751 5.776 5.799 5.821 5.853 5.896 5.937 5.994 6.076 6.170 6.274 6.384 6.493 6.601 6.677 6.706 6.799 6.926 6.998 7.041 7.068 7.086 7.092 7.082 7.054 6.993 6.997 7.079 7.144 7.188 7.210 7.213 7.197 7.166 7.109 7.001 6.923 6.912 6.908 6.903 6.890 6.866 6.823 6.750 6.651 6.534 6.446 6.409
4.630 4.690 4.747 4.802 4.856 4.910 4.966 5.023 5.081 5.139 5.199 5.259 5.318 5.377 5.435 5.490 5.544 5.594 5.640 5.683 5.722 5.756 5.788 5.817 5.845 5.874 5.908 5.947 5.981 6.028 6.101 6.189 6.290 6.400 6.514 6.614 6.679 6.710 6.803 6.928 7.001 7.044 7.069 7.086 7.093 7.085 7.061 7.002 7.006 7.090 7.160 7.209 7.235 7.244 7.235 7.206 7.146 7.035 6.949 6.929 6.917 6.904 6.882 6.848 6.795 6.713 6.616 6.501 6.414 6.380
4.664 4.721 4.775 4.828 4.879 4.931 4.984 5.038 5.093 5.149 5.206 5.264 5.321 5.379 5.436 5.492 5.547 5.601 5.652 5.702 5.748 5.790 5.828 5.865 5.901 5.937 5.974 6.011 6.042 6.081 6.144 6.222 6.316 6.424 6.531 6.620 6.684 6.716 6.809 6.934 7.009 7.051 7.074 7.091 7.098 7.094 7.074 7.016 7.020 7.109 7.184 7.236 7.267 7.281 7.274 7.243 7.181 7.065 6.971 6.941 6.920 6.897 6.866 6.822 6.758 6.675 6.582 6.470 6.387 6.359
4.700 4.754 4.806 4.856 4.905 4.955 5.005 5.056 5.108 5.160 5.214 5.268 5.323 5.379 5.436 5.493 5.550 5.607 5.664 5.721 5.775 5.826 5.872 5.917 5.961 6.005 6.046 6.086 6.115 6.149 6.200 6.265 6.349 6.446 6.545 6.631 6.694 6.729 6.821 6.949 7.023 7.062 7.084 7.099 7.107 7.107 7.091 7.035 7.042 7.135 7.212 7.267 7.302 7.318 7.311 7.278 7.211 7.088 6.986 6.947 6.915 6.882 6.841 6.787 6.718 6.638 6.549 6.443 6.368 6.348
4.737 4.789 4.839 4.888 4.935 4.983 5.030 5.077 5.124 5.172 5.222 5.272 5.324 5.378 5.434 5.492 5.552 5.613 5.676 5.740 5.803 5.862 5.918 5.972 6.023 6.073 6.121 6.165 6.197 6.226 6.265 6.317 6.385 6.469 6.562 6.647 6.713 6.749 6.840 6.966 7.040 7.079 7.097 7.110 7.120 7.123 7.113 7.061 7.069 7.165 7.243 7.301 7.337 7.353 7.344 7.307 7.234 7.106 6.995 6.944 6.902 6.859 6.808 6.748 6.680 6.603 6.521 6.423 6.356 6.343
4.776 4.827 4.876 4.923 4.969 5.014 5.058 5.101 5.143 5.186 5.229 5.276 5.324 5.376 5.431 5.490 5.553 5.620 5.688 5.759 5.829 5.898 5.963 6.024 6.082 6.139 6.193 6.241 6.277 6.305 6.337 6.374 6.425 6.497 6.584 6.671 6.741 6.774 6.861 6.988 7.064 7.099 7.113 7.125 7.135 7.144 7.142 7.091 7.100 7.197 7.277 7.335 7.369 7.384 7.373 7.331 7.252 7.116 6.995 6.933 6.880 6.827 6.770 6.709 6.641 6.571 6.499 6.410 6.351 6.345
4.818 4.867 4.916 4.962 5.006 5.049 5.090 5.127 5.164 5.200 5.237 5.278 5.323 5.372 5.427 5.487 5.554 5.625 5.700 5.775 5.854 5.931 6.003 6.071 6.137 6.199 6.257 6.311 6.352 6.385 6.413 6.437 6.475 6.536 6.617 6.707 6.777 6.805 6.889 7.020 7.092 7.120 7.131 7.142 7.153 7.170 7.173 7.123 7.133 7.232 7.311 7.365 7.399 7.410 7.395 7.348 7.261 7.117 6.986 6.912 6.848 6.790 6.730 6.668 6.606 6.546 6.483 6.403 6.352 6.353
4.862 4.911 4.959 5.004 5.047 5.088 5.125 5.157 5.187 5.216 5.246 5.280 5.320 5.367 5.421 5.483 5.554 5.630 5.710 5.792 5.877 5.960 6.039 6.116 6.186 6.252 6.314 6.373 6.423 6.463 6.492 6.512 6.540 6.591 6.666 6.754 6.824 6.845 6.924 7.049 7.115 7.140 7.149 7.158 7.174 7.196 7.205 7.157 7.167 7.263 7.338 7.390 7.419 7.427 7.408 7.353 7.257 7.105 6.964 6.878 6.808 6.747 6.686 6.628 6.575 6.523 6.470 6.399 6.356 6.361
4.909 4.958 5.006 5.051 5.092 5.131 5.163 5.191 5.215 5.236 5.258 5.285 5.320 5.364 5.418 5.482 5.555 5.636 5.720 5.806 5.896 5.984 6.070 6.152 6.228 6.298 6.365 6.432 6.491 6.542 6.579 6.601 6.625 6.666 6.728 6.808 6.875 6.887 6.956 7.075 7.138 7.162 7.170 7.181 7.198 7.222 7.236 7.190 7.197 7.288 7.359 7.407 7.432 7.436 7.412 7.350 7.245 7.082 6.932 6.840 6.766 6.703 6.645 6.594 6.549 6.506 6.462 6.399 6.362 6.371
4.959 5.008 5.056 5.100 5.140 5.177 5.206 5.230 5.247 5.261 5.275 5.294 5.324 5.365 5.417 5.482 5.558 5.643 5.730 5.820 5.915 6.007 6.101 6.190 6.272 6.347 6.419 6.491 6.561 6.627 6.674 6.700 6.723 6.756 6.804 6.878 6.944 6.938 6.991 7.104 7.163 7.185 7.194 7.205 7.221 7.250 7.274 7.226 7.226 7.312 7.378 7.421 7.441 7.442 7.411 7.340 7.223 7.052 6.895 6.799 6.724 6.662 6.609 6.567 6.530 6.496 6.460 6.403 6.371 6.385
5.011 5.061 5.108 5.152 5.192 5.226 5.254 5.273 5.285 5.293 5.300 5.312 5.335 5.372 5.423 5.488 5.567 5.656 5.746 5.840 5.939 6.036 6.136 6.231 6.318 6.398 6.476 6.555 6.635 6.717 6.775 6.810 6.839 6.865 6.903 6.982 7.025 6.988 7.027 7.132 7.186 7.207 7.218 7.231 7.249 7.291 7.315 7.257 7.252 7.331 7.390 7.427 7.444 7.438 7.400 7.317 7.188 7.012 6.853 6.755 6.681 6.624 6.579 6.544 6.515 6.489 6.459 6.409 6.382 6.399
5.065 5.114 5.162 5.206 5.245 5.279 5.305 5.322 5.331 5.334 5.335 5.342 5.359 5.392 5.441 5.506 5.587 5.678 5.770 5.867 5.969 6.072 6.175 6.274 6.369 6.459 6.545 6.628 6.717 6.816 6.889 6.938 6.973 7.004 7.045 7.089 7.086 7.033 7.060 7.154 7.205 7.230 7.244 7.263 7.293 7.332 7.342 7.281 7.270 7.341 7.393 7.426 7.435 7.422 7.373 7.279 7.147 6.968 6.807 6.712 6.643 6.592 6.554 6.525 6.504 6.484 6.461 6.416 6.392 6.412
5.118 5.168 5.216 5.260 5.300 5.334 5.360 5.376 5.384 5.384 5.383 5.385 5.398 5.427 5.473 5.536 5.615 5.707 5.800 5.899 6.005 6.111 6.217 6.323 6.429 6.530 6.623 6.708 6.807 6.925 7.013 7.075 7.119 7.155 7.177 7.177 7.143 7.074 7.089 7.172 7.225 7.253 7.274 7.302 7.332 7.360 7.360 7.294 7.278 7.339 7.386 7.412 7.415 7.393 7.333 7.234 7.100 6.920 6.762 6.672 6.610 6.565 6.533 6.511 6.494 6.481 6.463 6.423 6.403 6.426
5.169 5.220 5.269 5.313 5.354 5.390 5.417 5.434 5.442 5.443 5.441 5.442 5.452 5.477 5.518 5.576 5.652 5.743 5.836 5.937 6.046 6.155 6.266 6.381 6.498 6.609 6.708 6.795 6.905 7.039 7.140 7.212 7.263 7.291 7.289 7.258 7.198 7.116 7.116 7.192 7.244 7.276 7.306 7.335 7.361 7.378 7.368 7.298 7.275 7.328 7.368 7.388 7.384 7.351 7.285 7.184 7.049 6.871 6.720 6.638 6.581 6.543 6.515 6.497 6.486 6.478 6.466 6.431 6.414 6.442
5.216 5.268 5.318 5.364 5.407 5.444 5.474 5.494 5.504 5.507 5.506 5.508 5.518 5.540 5.575 5.628 5.699 5.787 5.880 5.981 6.092 6.207 6.323 6.446 6.573 6.692 6.799 6.887 7.005 7.151 7.261 7.342 7.391 7.407 7.389 7.334 7.254 7.159 7.146 7.211 7.262 7.302 7.332 7.358 7.379 7.385 7.365 7.292 7.263 7.306 7.338 7.352 7.340 7.302 7.233 7.130 6.997 6.826 6.682 6.607 6.557 6.523 6.500 6.486 6.479 6.476 6.470 6.440 6.428 6.459
5.258 5.312 5.363 5.411 5.456 5.496 5.529 5.552 5.566 5.573 5.577 5.582 5.594 5.614 5.645 5.691 5.756 5.839 5.929 6.030 6.144 6.263 6.385 6.515 6.649 6.778 6.892 6.978 7.099 7.255 7.373 7.455 7.499 7.509 7.478 7.407 7.312 7.203 7.175 7.231 7.282 7.321 7.349 7.372 7.384 7.381 7.354 7.276 7.240 7.274 7.299 7.306 7.289 7.248 7.177 7.076 6.948 6.783 6.648 6.580 6.535 6.505 6.486 6.476 6.473 6.475 6.476 6.450 6.441 6.477
5.295 5.350 5.403 5.453 5.500 5.543 5.579 5.607 5.626 5.639 5.649 5.660 5.675 5.696 5.723 5.763 5.822 5.899 5.985 6.084 6.201 6.322 6.448 6.584 6.728 6.866 6.982 7.064 7.188 7.353 7.472 7.552 7.593 7.597 7.558 7.477 7.367 7.246 7.204 7.251 7.296 7.333 7.358 7.373 7.378 7.368 7.333 7.250 7.207 7.233 7.250 7.253 7.233 7.189 7.119 7.023 6.899 6.742 6.616 6.554 6.514 6.489 6.472 6.465 6.467 6.476 6.482 6.461 6.456 6.496
5.326 5.382 5.436 5.488 5.537 5.584 5.624 5.657 5.682 5.702 5.719 5.737 5.758 5.781 5.808 5.844 5.897 5.969 6.049 6.144 6.261 6.385 6.515 6.657 6.808 6.950 7.067 7.144 7.269 7.434 7.551 7.629 7.667 7.667 7.624 7.534 7.413 7.281 7.226 7.261 7.300 7.334 7.353 7.361 7.360 7.341 7.298 7.211 7.162 7.179 7.191 7.191 7.168 7.126 7.060 6.968 6.850 6.702 6.583 6.526 6.491 6.470 6.457 6.454 6.462 6.476 6.488 6.472 6.471 6.513
5.351 5.407 5.463 5.516 5.568 5.617 5.661 5.701 5.733 5.761 5.787 5.812 5.839 5.867 5.896 5.931 5.980 6.047 6.120 6.210 6.324 6.449 6.581 6.726 6.876 7.019 7.138 7.211 7.330 7.494 7.611 7.688 7.724 7.723 7.678 7.583 7.455 7.312 7.245 7.268 7.302 7.329 7.341 7.343 7.334 7.306 7.257 7.164 7.109 7.121 7.129 7.126 7.104 7.064 7.004 6.917 6.805 6.664 6.552 6.500 6.470 6.453 6.445 6.446 6.458 6.477 6.496 6.484 6.486 6.529
5.370 5.427 5.482 5.536 5.590 5.642 5.691 5.737 5.777 5.814 5.849 5.882 5.916 5.950 5.983 6.020 6.067 6.130 6.198 6.280 6.389 6.512 6.645 6.791 6.942 7.089 7.213 7.275 7.385 7.550 7.667 7.743 7.779 7.778 7.731 7.633 7.496 7.343 7.263 7.276 7.301 7.320 7.325 7.320 7.302 7.266 7.210 7.112 7.053 7.061 7.067 7.063 7.042 7.008 6.952 6.871 6.763 6.627 6.522 6.476 6.451 6.439 6.436 6.443 6.458 6.483 6.509 6.501 6.504 6.546
5.385 5.440 5.495 5.549 5.604 5.659 5.713 5.766 5.815 5.861 5.905 5.945 5.986 6.026 6.065 6.105 6.156 6.220 6.282 6.358 6.460 6.580 6.715 6.861 7.013 7.171 7.286 7.328 7.433 7.598 7.714 7.790 7.827 7.824 7.776 7.669 7.524 7.365 7.275 7.277 7.292 7.303 7.301 7.287 7.261 7.218 7.154 7.054 6.993 6.999 7.003 7.000 6.984 6.952 6.902 6.822 6.717 6.590 6.494 6.453 6.433 6.427 6.430 6.442 6.462 6.496 6.527 6.519 6.522 6.564
5.397 5.450 5.503 5.557 5.612 5.670 5.728 5.788 5.845 5.901 5.953 6.002 6.049 6.095 6.142 6.193 6.252 6.317 6.378 6.450 6.546 6.661 6.794 6.943 7.101 7.245 7.337 7.371 7.472 7.636 7.752 7.829 7.863 7.858 7.803 7.692 7.548 7.382 7.280 7.270 7.276 7.280 7.269 7.246 7.213 7.161 7.093 6.993 6.932 6.935 6.940 6.940 6.925 6.897 6.848 6.771 6.674 6.556 6.465 6.431 6.418 6.420 6.429 6.447 6.477 6.514 6.544 6.536 6.540 6.578
5.408 5.459 5.510 5.561 5.617 5.676 5.739 5.804 5.869 5.933 5.995 6.052 6.107 6.162 6.220 6.283 6.350 6.421 6.485 6.556 6.647 6.754 6.881 7.028 7.175 7.297 7.377 7.404 7.501 7.663 7.782 7.857 7.889 7.879 7.818 7.708 7.564 7.390 7.275 7.256 7.253 7.248 7.228 7.198 7.156 7.100 7.030 6.929 6.869 6.872 6.880 6.880 6.868 6.840 6.791 6.721 6.633 6.522 6.439 6.414 6.410 6.418 6.434 6.460 6.495 6.532 6.560 6.552 6.555 6.590
5.423 5.469 5.516 5.565 5.620 5.680 5.746 5.816 5.888 5.961 6.033 6.099 6.163 6.229 6.299 6.372 6.449 6.527 6.598 6.673 6.757 6.853 6.971 7.103 7.232 7.338 7.410 7.432 7.523 7.686 7.803 7.876 7.904 7.889 7.826 7.716 7.569 7.386 7.263 7.234 7.221 7.208 7.180 7.142 7.095 7.037 6.965 6.866 6.808 6.813 6.821 6.822 6.810 6.782 6.737 6.673 6.594 6.492 6.419 6.404 6.407 6.422 6.446 6.477 6.514 6.550 6.575 6.566 6.568 6.599
5.440 5.481 5.524 5.570 5.623 5.683 5.752 5.827 5.906 5.987 6.067 6.145 6.221 6.298 6.378 6.461 6.547 6.634 6.714 6.792 6.870 6.957 7.054 7.163 7.276 7.374 7.442 7.458 7.542 7.701 7.816 7.887 7.910 7.892 7.827 7.715 7.564 7.374 7.240 7.202 7.181 7.159 7.125 7.082 7.033 6.973 6.902 6.807 6.751 6.756 6.764 6.765 6.752 6.725 6.684 6.628 6.559 6.469 6.406 6.400 6.411 6.433 6.461 6.496 6.533 6.566 6.589 6.580 6.578 6.605
5.459 5.496 5.534 5.577 5.628 5.687 5.758 5.837 5.921 6.009 6.100 6.190 6.277 6.364 6.454 6.546 6.640 6.733 6.820 6.904 6.981 7.052 7.126 7.216 7.315 7.407 7.474 7.482 7.557 7.713 7.826 7.891 7.910 7.889 7.821 7.706 7.549 7.350 7.208 7.161 7.132 7.103 7.066 7.021 6.970 6.911 6.843 6.751 6.696 6.701 6.708 6.708 6.695 6.671 6.635 6.588 6.532 6.452 6.399 6.402 6.420 6.447 6.479 6.514 6.550 6.581 6.601 6.590 6.586 6.607
5.480 5.511 5.544 5.583 5.632 5.691 5.763 5.846 5.935 6.029 6.131 6.232 6.329 6.426 6.525 6.624 6.722 6.818 6.912 7.005 7.079 7.137 7.195 7.268 7.354 7.445 7.509 7.507 7.573 7.727 7.833 7.890 7.904 7.879 7.807 7.687 7.521 7.314 7.164 7.108 7.073 7.043 7.005 6.959 6.910 6.854 6.787 6.697 6.644 6.647 6.653 6.653 6.642 6.620 6.591 6.556 6.511 6.442 6.399 6.410 6.434 6.464 6.497 6.532 6.566 6.595 6.611 6.598 6.591 6.606
5.501 5.526 5.554 5.589 5.636 5.694 5.768 5.854 5.947 6.048 6.159 6.269 6.377 6.484 6.588 6.689 6.789 6.887 6.987 7.087 7.162 7.217 7.263 7.322 7.401 7.487 7.550 7.537 7.591 7.736 7.831 7.880 7.887 7.857 7.781 7.651 7.475 7.260 7.104 7.042 7.006 6.977 6.939 6.897 6.852 6.797 6.732 6.643 6.590 6.591 6.597 6.598 6.589 6.573 6.553 6.528 6.495 6.437 6.403 6.420 6.447 6.479 6.511 6.546 6.579 6.604 6.617 6.602 6.590 6.599
5.521 5.541 5.564 5.596 5.641 5.700 5.774 5.863 5.959 6.064 6.180 6.297 6.414 6.529 6.637 6.740 6.841 6.940 7.046 7.153 7.237 7.294 7.338 7.389 7.456 7.533 7.593 7.569 7.608 7.738 7.823 7.862 7.862 7.825 7.742 7.603 7.416 7.193 7.033 6.972 6.939 6.912 6.877 6.840 6.798 6.745 6.680 6.592 6.539 6.540 6.546 6.549 6.543 6.534 6.523 6.508 6.486 6.437 6.410 6.432 6.461 6.493 6.525 6.558 6.589 6.611 6.621 6.602 6.586 6.589
5.541 5.556 5.574 5.603 5.646 5.704 5.779 5.871 5.969 6.076 6.197 6.320 6.445 6.567 6.681 6.787 6.889 6.986 7.096 7.217 7.310 7.373 7.419 7.465 7.519 7.594 7.656 7.612 7.628 7.743 7.814 7.841 7.832 7.787 7.695 7.546 7.344 7.116 6.959 6.902 6.874 6.851 6.822 6.790 6.750 6.699 6.634 6.546 6.493 6.495 6.502 6.507 6.507 6.506 6.503 6.497 6.487 6.446 6.424 6.448 6.478 6.510 6.540 6.572 6.599 6.618 6.623 6.600 6.579 6.576
5.562 5.573 5.588 5.614 5.655 5.712 5.790 5.885 5.982 6.092 6.216 6.343 6.476 6.604 6.723 6.833 6.934 7.029 7.145 7.278 7.382 7.454 7.509 7.554 7.602 7.690 7.736 7.658 7.648 7.744 7.799 7.814 7.793 7.737 7.635 7.466 7.252 7.029 6.880 6.833 6.812 6.795 6.773 6.744 6.706 6.654 6.589 6.503 6.452 6.454 6.463 6.472 6.480 6.485 6.490 6.496 6.494 6.458 6.439 6.466 6.494 6.525 6.554 6.582 6.606 6.620 6.620 6.593 6.567 6.557
