version1/TsunamiDB/out54035.asc
ncols          264
nrows          230
xllcorner      497853.4375
yllcorner      4229146.0000
cellsize         5.
NODATA_value   -99
[rows 160 to 191 of 230, columns 72 to 143 of 264]
-99.000 -99.000 -99.000 -99.000 -99.000 -99.000 -99.000 -99.000 -99.000 -99.000 -99.000 -99.000 -99.000 -99.000 -99.000 -99.000 -99.000 1.648 1.670 1.768 1.967 2.241 2.557 2.880 3.182 3.446 3.667 3.846 3.992 4.113 4.214 4.301 4.377 4.445 4.508 4.565 4.619 4.669 4.716 4.762 4.805 4.847 4.887 4.926 4.963 5.000 5.035 5.068 5.101 5.132 5.161 5.188 5.216 5.243 5.270 5.296 5.322 5.350 5.378 5.408 5.440 5.473 5.508 5.544 5.581 5.620 5.658 5.696 5.734 5.771 5.806 5.838
-99.000 -99.000 -99.000 -99.000 -99.000 -99.000 -99.000 -99.000 -99.000 -99.000 -99.000 -99.000 -99.000 -99.000 -99.000 -99.000 1.647 1.652 1.697 1.837 2.070 2.365 2.688 3.005 3.293 3.540 3.744 3.909 4.044 4.157 4.252 4.336 4.410 4.477 4.538 4.595 4.648 4.698 4.746 4.791 4.834 4.876 4.916 4.954 4.992 5.028 5.063 5.097 5.129 5.160 5.189 5.217 5.244 5.270 5.295 5.320 5.344 5.369 5.395 5.422 5.451 5.481 5.514 5.548 5.583 5.620 5.658 5.696 5.734 5.771 5.807 5.841
-99.000 -99.000 -99.000 -99.000 -99.000 -99.000 -99.000 -99.000 -99.000 -99.000 -99.000 -99.000 -99.000 -99.000 -99.000 -99.000 1.647 1.661 1.741 1.921 2.183 2.494 2.817 3.125 3.397 3.626 3.813 3.965 4.091 4.197 4.288 4.369 4.441 4.507 4.568 4.624 4.677 4.727 4.774 4.819 4.862 4.904 4.944 4.982 5.020 5.056 5.091 5.125 5.158 5.189 5.218 5.246 5.273 5.299 5.323 5.347 5.370 5.392 5.416 5.440 5.465 5.493 5.522 5.554 5.587 5.622 5.659 5.696 5.734 5.771 5.808 5.843
-99.000 -99.000 -99.000 -99.000 -99.000 -99.000 -99.000 -99.000 -99.000 -99.000 -99.000 -99.000 -99.000 -99.000 -99.000 1.647 1.649 1.682 1.802 2.018 2.304 2.624 2.944 3.238 3.493 3.704 3.877 4.017 4.134 4.234 4.321 4.399 4.470 4.536 4.596 4.652 4.705 4.754 4.802 4.847 4.890 4.931 4.971 5.009 5.047 5.083 5.119 5.153 5.186 5.218 5.247 5.275 5.303 5.329 5.353 5.376 5.398 5.419 5.440 5.461 5.484 5.508 5.534 5.563 5.593 5.626 5.661 5.697 5.734 5.771 5.808 5.844
-99.000 -99.000 -99.000 -99.000 -99.000 -99.000 -99.000 -99.000 -99.000 -99.000 -99.000 -99.000 -99.000 -99.000 -99.000 1.647 1.656 1.718 1.879 2.128 2.432 2.755 3.067 3.345 3.581 3.776 3.934 4.064 4.173 4.268 4.352 4.428 4.498 4.562 4.623 4.679 4.731 4.781 4.828 4.873 4.916 4.957 4.997 5.036 5.074 5.110 5.146 5.180 5.214 5.246 5.276 5.305 5.333 5.359 5.384 5.407 5.428 5.448 5.468 5.487 5.506 5.527 5.550 5.575 5.603 5.633 5.666 5.700 5.736 5.772 5.809 5.846
-99.000 -99.000 -99.000 -99.000 -99.000 -99.000 -99.000 -99.000 -99.000 -99.000 -99.000 -99.000 -99.000 -99.000 -99.000 1.648 1.671 1.772 1.972 2.247 2.563 2.885 3.184 3.445 3.663 3.841 3.987 4.107 4.210 4.300 4.381 4.455 4.524 4.588 4.648 4.704 4.756 4.806 4.853 4.898 4.942 4.983 5.023 5.062 5.099 5.136 5.172 5.207 5.241 5.274 5.304 5.334 5.363 5.390 5.415 5.439 5.460 5.480 5.499 5.516 5.534 5.551 5.571 5.592 5.616 5.643 5.673 5.705 5.739 5.774 5.811 5.847
-99.000 -99.000 -99.000 -99.000 -99.000 -99.000 -99.000 -99.000 -99.000 -99.000 -99.000 -99.000 -99.000 -99.000 1.647 1.652 1.700 1.844 2.079 2.376 2.697 3.012 3.295 3.538 3.738 3.901 4.035 4.146 4.243 4.330 4.408 4.481 4.549 4.612 4.672 4.727 4.780 4.830 4.877 4.923 4.966 5.007 5.048 5.086 5.124 5.161 5.197 5.232 5.267 5.300 5.331 5.362 5.392 5.420 5.446 5.471 5.493 5.514 5.532 5.549 5.564 5.580 5.596 5.614 5.634 5.657 5.684 5.713 5.745 5.779 5.814 5.850
-99.000 -99.000 -99.000 -99.000 -99.000 -99.000 -99.000 -99.000 -99.000 -99.000 -99.000 -99.000 -99.000 -99.000 1.648 1.663 1.748 1.933 2.199 2.510 2.831 3.134 3.400 3.623 3.806 3.955 4.078 4.183 4.274 4.357 4.434 4.505 4.572 4.635 4.694 4.750 4.803 4.853 4.900 4.946 4.989 5.031 5.071 5.110 5.148 5.185 5.221 5.257 5.291 5.325 5.358 5.389 5.420 5.449 5.477 5.503 5.526 5.548 5.567 5.584 5.599 5.613 5.626 5.641 5.658 5.677 5.699 5.725 5.754 5.785 5.819 5.855
-99.000 -99.000 -99.000 -99.000 -99.000 -99.000 -99.000 -99.000 -99.000 -99.000 -99.000 -99.000 -99.000 1.647 1.650 1.688 1.816 2.039 2.328 2.647 2.963 3.251 3.498 3.702 3.868 4.004 4.119 4.216 4.303 4.384 4.458 4.528 4.594 4.657 4.716 4.771 4.824 4.874 4.922 4.967 5.011 5.053 5.093 5.132 5.170 5.208 5.244 5.280 5.315 5.349 5.382 5.414 5.446 5.477 5.506 5.533 5.558 5.581 5.602 5.619 5.635 5.648 5.661 5.673 5.686 5.701 5.720 5.741 5.767 5.796 5.828 5.862
-99.000 -99.000 -99.000 -99.000 -99.000 -99.000 -99.000 -99.000 -99.000 -99.000 -99.000 -99.000 -99.000 1.647 1.658 1.731 1.903 2.159 2.465 2.786 3.091 3.361 3.588 3.773 3.924 4.049 4.156 4.248 4.331 4.408 4.481 4.550 4.615 4.677 4.736 4.792 4.844 4.895 4.943 4.988 5.032 5.074 5.114 5.154 5.192 5.229 5.266 5.301 5.337 5.372 5.405 5.438 5.471 5.503 5.533 5.562 5.589 5.614 5.636 5.655 5.672 5.686 5.698 5.709 5.720 5.732 5.746 5.763 5.785 5.810 5.839 5.871
-99.000 -99.000 -99.000 -99.000 -99.000 -99.000 -99.000 -99.000 -99.000 -99.000 -99.000 -99.000 1.647 1.649 1.679 1.794 2.007 2.289 2.606 2.923 3.213 3.463 3.670 3.839 3.976 4.091 4.190 4.277 4.357 4.432 4.503 4.571 4.636 4.697 4.756 4.811 4.864 4.914 4.962 5.008 5.052 5.094 5.134 5.174 5.212 5.249 5.286 5.322 5.358 5.393 5.427 5.460 5.494 5.527 5.559 5.589 5.618 5.645 5.669 5.690 5.709 5.724 5.737 5.747 5.757 5.766 5.777 5.791 5.808 5.830 5.855 5.885
-99.000 -99.000 -99.000 -99.000 -99.000 -99.000 -99.000 -99.000 -99.000 -99.000 -99.000 -99.000 1.647 1.655 1.717 1.878 2.126 2.428 2.749 3.056 3.328 3.558 3.745 3.898 4.023 4.129 4.222 4.304 4.381 4.454 4.524 4.591 4.655 4.716 4.774 4.829 4.882 4.933 4.981 5.027 5.071 5.113 5.153 5.192 5.231 5.268 5.305 5.341 5.377 5.412 5.447 5.481 5.515 5.549 5.582 5.614 5.645 5.673 5.700 5.723 5.744 5.762 5.776 5.788 5.797 5.805 5.814 5.824 5.837 5.855 5.876 5.902
-99.000 -99.000 -99.000 -99.000 -99.000 -99.000 -99.000 -99.000 -99.000 -99.000 -99.000 -99.000 1.648 1.673 1.777 1.981 2.258 2.572 2.889 3.182 3.435 3.644 3.814 3.952 4.066 4.165 4.252 4.331 4.405 4.476 4.544 4.610 4.673 4.734 4.792 4.847 4.900 4.950 4.999 5.045 5.089 5.131 5.171 5.210 5.249 5.286 5.322 5.359 5.394 5.430 5.465 5.499 5.535 5.569 5.603 5.637 5.669 5.699 5.728 5.754 5.777 5.797 5.814 5.828 5.838 5.846 5.854 5.862 5.872 5.885 5.903 5.925
-99.000 -99.000 -99.000 -99.000 -99.000 -99.000 -99.000 -99.000 -99.000 -99.000 -99.000 1.647 1.653 1.707 1.858 2.099 2.398 2.717 3.025 3.300 3.532 3.722 3.875 4.001 4.106 4.198 4.280 4.355 4.427 4.497 4.564 4.628 4.691 4.751 4.808 4.864 4.917 4.967 5.016 5.062 5.106 5.148 5.189 5.228 5.266 5.303 5.339 5.375 5.411 5.446 5.481 5.516 5.552 5.587 5.622 5.657 5.690 5.723 5.753 5.782 5.808 5.831 5.850 5.866 5.879 5.888 5.896 5.903 5.911 5.921 5.935 5.954
-99.000 -99.000 -99.000 -99.000 -99.000 -99.000 -99.000 -99.000 -99.000 -99.000 -99.000 1.648 1.668 1.764 1.959 2.230 2.543 2.860 3.155 3.410 3.621 3.792 3.931 4.045 4.143 4.229 4.307 4.379 4.449 4.517 4.582 4.646 4.707 4.766 4.824 4.879 4.932 4.983 5.032 5.078 5.123 5.165 5.206 5.245 5.282 5.319 5.355 5.391 5.426 5.461 5.495 5.531 5.567 5.603 5.639 5.674 5.709 5.743 5.776 5.806 5.835 5.861 5.883 5.902 5.918 5.929 5.939 5.946 5.953 5.961 5.972 5.987
-99.000 -99.000 -99.000 -99.000 -99.000 -99.000 -99.000 -99.000 -99.000 -99.000 1.647 1.652 1.699 1.842 2.076 2.371 2.689 2.998 3.276 3.510 3.701 3.855 3.981 4.086 4.177 4.258 4.332 4.402 4.470 4.536 4.600 4.662 4.723 4.781 4.838 4.893 4.947 4.998 5.047 5.094 5.139 5.181 5.222 5.261 5.298 5.335 5.370 5.405 5.440 5.474 5.509 5.545 5.581 5.617 5.653 5.690 5.725 5.761 5.795 5.828 5.859 5.887 5.913 5.935 5.954 5.969 5.980 5.989 5.997 6.004 6.013 6.025
-99.000 -99.000 -99.000 -99.000 -99.000 -99.000 -99.000 -99.000 -99.000 -99.000 1.648 1.664 1.752 1.940 2.206 2.516 2.834 3.130 3.387 3.600 3.773 3.912 4.026 4.123 4.208 4.286 4.357 4.425 4.491 4.555 4.618 4.678 4.738 4.795 4.852 4.907 4.960 5.012 5.061 5.108 5.153 5.196 5.237 5.276 5.314 5.350 5.385 5.420 5.454 5.487 5.521 5.557 5.592 5.629 5.665 5.702 5.739 5.776 5.812 5.847 5.880 5.911 5.939 5.965 5.987 6.005 6.020 6.031 6.040 6.048 6.057 6.067
-99.000 -99.000 -99.000 -99.000 -99.000 -99.000 -99.000 -99.000 -99.000 1.647 1.651 1.692 1.827 2.055 2.346 2.663 2.973 3.252 3.488 3.681 3.836 3.962 4.067 4.157 4.238 4.312 4.381 4.447 4.512 4.574 4.635 4.694 4.752 4.809 4.865 4.919 4.972 5.024 5.074 5.121 5.167 5.211 5.252 5.291 5.329 5.365 5.400 5.434 5.467 5.500 5.533 5.568 5.603 5.639 5.676 5.713 5.751 5.788 5.826 5.862 5.897 5.931 5.962 5.991 6.016 6.038 6.056 6.071 6.083 6.092 6.101 6.111
-99.000 -99.000 -99.000 -99.000 -99.000 -99.000 -99.000 -99.000 -99.000 1.647 1.661 1.741 1.922 2.183 2.491 2.808 3.106 3.365 3.580 3.754 3.893 4.008 4.105 4.189 4.266 4.338 4.405 4.469 4.532 4.592 4.651 4.709 4.766 4.822 4.877 4.931 4.984 5.035 5.085 5.133 5.179 5.223 5.265 5.305 5.343 5.379 5.414 5.447 5.480 5.512 5.544 5.578 5.612 5.648 5.685 5.722 5.760 5.798 5.837 5.875 5.912 5.947 5.981 6.013 6.041 6.067 6.088 6.107 6.122 6.134 6.145 6.155
-99.000 -99.000 -99.000 -99.000 -99.000 -99.000 -99.000 -99.000 1.647 1.650 1.686 1.812 2.034 2.321 2.637 2.948 3.229 3.467 3.662 3.818 3.944 4.049 4.139 4.220 4.294 4.363 4.428 4.490 4.551 4.610 4.668 4.724 4.780 4.835 4.889 4.942 4.994 5.045 5.095 5.144 5.190 5.235 5.278 5.318 5.356 5.393 5.427 5.461 5.493 5.524 5.555 5.588 5.621 5.656 5.692 5.729 5.767 5.806 5.845 5.885 5.923 5.961 5.997 6.031 6.063 6.091 6.117 6.139 6.157 6.173 6.186 6.198
-99.000 -99.000 -99.000 -99.000 -99.000 -99.000 -99.000 -99.000 1.647 1.658 1.731 1.904 2.160 2.464 2.782 3.081 3.343 3.560 3.735 3.876 3.991 4.087 4.172 4.249 4.320 4.387 4.450 4.511 4.570 4.627 4.684 4.739 4.793 4.847 4.900 4.952 5.004 5.055 5.104 5.153 5.200 5.245 5.288 5.329 5.369 5.405 5.440 5.474 5.506 5.536 5.566 5.597 5.630 5.663 5.698 5.735 5.773 5.812 5.852 5.892 5.932 5.971 6.010 6.046 6.080 6.112 6.141 6.166 6.188 6.207 6.223 6.238
-99.000 -99.000 -99.000 -99.000 -99.000 -99.000 -99.000 1.647 1.649 1.680 1.798 2.012 2.295 2.610 2.922 3.205 3.446 3.643 3.800 3.928 4.033 4.123 4.204 4.277 4.346 4.411 4.471 4.530 4.588 4.644 4.699 4.754 4.807 4.859 4.911 4.963 5.013 5.063 5.113 5.161 5.208 5.253 5.297 5.339 5.379 5.417 5.452 5.486 5.518 5.548 5.577 5.607 5.638 5.670 5.704 5.740 5.777 5.816 5.856 5.897 5.938 5.979 6.019 6.057 6.094 6.129 6.160 6.188 6.214 6.236 6.255 6.273
-99.000 -99.000 -99.000 -99.000 -99.000 -99.000 -99.000 1.647 1.656 1.721 1.884 2.134 2.436 2.753 3.055 3.319 3.539 3.717 3.859 3.975 4.073 4.158 4.234 4.305 4.371 4.433 4.492 4.549 4.606 4.661 4.715 4.768 4.820 4.872 4.922 4.973 5.023 5.072 5.121 5.168 5.215 5.261 5.305 5.348 5.388 5.427 5.463 5.497 5.530 5.559 5.588 5.617 5.647 5.678 5.710 5.744 5.780 5.819 5.858 5.900 5.941 5.983 6.025 6.065 6.104 6.141 6.175 6.206 6.234 6.260 6.282 6.303
-99.000 -99.000 -99.000 -99.000 -99.000 -99.000 -99.000 1.648 1.674 1.782 1.988 2.266 2.580 2.893 3.179 3.424 3.624 3.784 3.913 4.020 4.111 4.191 4.264 4.331 4.395 4.455 4.512 4.568 4.623 4.677 4.730 4.782 4.833 4.884 4.933 4.983 5.032 5.080 5.128 5.175 5.222 5.267 5.312 5.355 5.396 5.435 5.472 5.507 5.540 5.570 5.599 5.628 5.656 5.685 5.716 5.748 5.783 5.820 5.859 5.900 5.942 5.985 6.027 6.069 6.110 6.149 6.185 6.219 6.250 6.278 6.304 6.327
-99.000 -99.000 -99.000 -99.000 -99.000 -99.000 1.647 1.654 1.710 1.864 2.106 2.405 2.722 3.026 3.294 3.519 3.700 3.845 3.964 4.062 4.148 4.224 4.293 4.357 4.418 4.476 4.532 4.586 4.640 4.693 4.745 4.795 4.846 4.895 4.944 4.993 5.041 5.088 5.135 5.182 5.228 5.273 5.318 5.361 5.402 5.442 5.480 5.516 5.550 5.581 5.610 5.638 5.666 5.694 5.723 5.753 5.786 5.821 5.859 5.899 5.941 5.984 6.027 6.070 6.112 6.152 6.191 6.227 6.260 6.291 6.320 6.346
-99.000 -99.000 -99.000 -99.000 -99.000 -99.000 1.648 1.669 1.766 1.962 2.234 2.546 2.860 3.151 3.401 3.605 3.770 3.903 4.011 4.103 4.183 4.255 4.321 4.382 4.441 4.497 4.551 4.604 4.657 4.708 4.759 4.809 4.858 4.906 4.955 5.002 5.049 5.096 5.142 5.188 5.234 5.279 5.323 5.366 5.408 5.448 5.487 5.524 5.559 5.590 5.620 5.648 5.676 5.703 5.730 5.759 5.790 5.823 5.859 5.897 5.938 5.980 6.023 6.067 6.110 6.151 6.192 6.230 6.265 6.299 6.330 6.360
-99.000 -99.000 -99.000 -99.000 -99.000 1.647 1.652 1.699 1.841 2.075 2.369 2.686 2.993 3.267 3.498 3.685 3.835 3.956 4.057 4.143 4.218 4.286 4.348 4.407 4.464 4.519 4.571 4.622 4.674 4.724 4.773 4.822 4.870 4.918 4.965 5.011 5.057 5.103 5.149 5.194 5.239 5.283 5.327 5.370 5.412 5.453 5.493 5.530 5.566 5.599 5.629 5.659 5.686 5.713 5.739 5.766 5.794 5.825 5.858 5.895 5.934 5.975 6.017 6.061 6.104 6.147 6.188 6.228 6.266 6.301 6.335 6.368
-99.000 -99.000 -99.000 -99.000 -99.000 1.648 1.663 1.748 1.933 2.198 2.507 2.824 3.119 3.376 3.588 3.759 3.896 4.008 4.101 4.181 4.252 4.316 4.376 4.432 4.487 4.540 4.591 4.641 4.691 4.739 4.788 4.835 4.882 4.928 4.974 5.020 5.065 5.110 5.155 5.200 5.244 5.288 5.331 5.374 5.416 5.457 5.497 5.536 5.573 5.607 5.638 5.669 5.697 5.723 5.749 5.774 5.801 5.829 5.859 5.893 5.929 5.968 6.009 6.052 6.095 6.138 6.180 6.221 6.261 6.299 6.335 6.370
-99.000 -99.000 -99.000 -99.000 1.647 1.650 1.688 1.816 2.040 2.328 2.645 2.957 3.238 3.476 3.671 3.828 3.954 4.057 4.144 4.218 4.285 4.346 4.403 4.458 4.511 4.562 4.611 4.660 4.708 4.755 4.802 4.848 4.894 4.939 4.984 5.029 5.073 5.117 5.161 5.205 5.248 5.292 5.335 5.377 5.419 5.461 5.501 5.540 5.578 5.613 5.646 5.678 5.707 5.734 5.760 5.784 5.808 5.834 5.861 5.891 5.925 5.961 6.000 6.040 6.082 6.125 6.168 6.210 6.251 6.291 6.330 6.368
-99.000 -99.000 -99.000 -99.000 1.647 1.658 1.730 1.901 2.157 2.463 2.782 3.083 3.349 3.570 3.749 3.893 4.009 4.104 4.184 4.254 4.317 4.376 4.431 4.484 4.535 4.584 4.632 4.679 4.726 4.772 4.817 4.862 4.906 4.950 4.994 5.037 5.080 5.123 5.166 5.209 5.252 5.295 5.337 5.380 5.422 5.463 5.504 5.544 5.582 5.618 5.653 5.686 5.717 5.745 5.771 5.795 5.818 5.841 5.865 5.892 5.921 5.954 5.989 6.027 6.068 6.109 6.151 6.194 6.236 6.278 6.320 6.359
-99.000 -99.000 -99.000 1.647 1.649 1.677 1.790 2.001 2.282 2.598 2.914 3.204 3.453 3.658 3.823 3.955 4.061 4.149 4.224 4.290 4.350 4.406 4.460 4.511 4.560 4.608 4.654 4.699 4.744 4.789 4.833 4.876 4.919 4.961 5.004 5.046 5.088 5.130 5.172 5.214 5.256 5.298 5.340 5.382 5.423 5.465 5.506 5.546 5.586 5.623 5.659 5.693 5.725 5.755 5.781 5.806 5.828 5.849 5.871 5.894 5.919 5.947 5.979 6.013 6.051 6.090 6.132 6.174 6.217 6.260 6.304 6.346
-99.000 -99.000 -99.000 1.647 1.654 1.712 1.867 2.111 2.412 2.733 3.043 3.319 3.552 3.741 3.893 4.013 4.111 4.192 4.263 4.326 4.383 4.437 4.488 4.538 4.585 4.631 4.676 4.720 4.764 4.807 4.849 4.891 4.932 4.973 5.014 5.055 5.096 5.136 5.177 5.218 5.259 5.301 5.342 5.383 5.425 5.466 5.508 5.549 5.588 5.626 5.663 5.699 5.733 5.763 5.791 5.816 5.838 5.859 5.878 5.898 5.919 5.943 5.969 6.000 6.034 6.070 6.110 6.151 6.194 6.238 6.283 6.327
