version1/TsunamiDB/out54124.asc
ncols          264
nrows          230
xllcorner      497853.4375
yllcorner      4229146.0000
cellsize         5.
NODATA_value   -99
[rows 68 to 101 of 230, columns 0 to 76 of 264]
4.737 4.762 4.786 4.811 4.835 4.858 4.881 4.904 4.927 4.949 4.971 4.993 5.014 5.034 5.054 5.075 5.096 5.116 5.136 5.156 5.176 5.195 5.215 5.234 5.253 5.272 5.291 5.310 5.329 5.347 5.366 5.384 5.402 5.421 5.439 5.456 5.473 5.490 5.508 5.525 5.543 5.560 5.578 5.595 5.613 5.630 5.647 5.664 5.681 5.698 5.714 5.731 5.747 5.763 5.778 5.794 5.809 5.824 5.838 5.850 5.863 5.875 5.888 5.901 5.913 5.925 5.938 5.950 5.962 5.974 5.986 5.998 6.010 6.022 6.034 6.046 6.058
4.753 4.778 4.802 4.826 4.850 4.873 4.896 4.919 4.941 4.963 4.985 5.007 5.027 5.047 5.067 5.087 5.108 5.128 5.148 5.167 5.187 5.206 5.225 5.244 5.263 5.282 5.300 5.319 5.337 5.356 5.374 5.392 5.410 5.428 5.446 5.463 5.479 5.496 5.514 5.531 5.548 5.566 5.583 5.600 5.617 5.635 5.652 5.669 5.686 5.702 5.719 5.735 5.752 5.768 5.784 5.799 5.815 5.830 5.844 5.856 5.869 5.882 5.895 5.908 5.920 5.933 5.945 5.957 5.969 5.981 5.993 6.005 6.016 6.028 6.040 6.052 6.064
4.769 4.794 4.818 4.842 4.865 4.888 4.911 4.933 4.955 4.977 4.999 5.020 5.040 5.060 5.080 5.100 5.120 5.140 5.159 5.179 5.198 5.217 5.236 5.255 5.273 5.292 5.310 5.328 5.346 5.364 5.382 5.400 5.418 5.435 5.453 5.470 5.486 5.503 5.520 5.537 5.554 5.571 5.588 5.605 5.622 5.639 5.656 5.673 5.690 5.707 5.723 5.740 5.756 5.772 5.788 5.804 5.820 5.835 5.849 5.862 5.875 5.888 5.901 5.914 5.927 5.939 5.952 5.964 5.976 5.988 6.000 6.011 6.023 6.035 6.047 6.058 6.070
4.785 4.810 4.834 4.857 4.880 4.903 4.926 4.948 4.970 4.991 5.013 5.034 5.054 5.073 5.093 5.113 5.132 5.152 5.171 5.190 5.209 5.228 5.247 5.265 5.283 5.302 5.320 5.338 5.355 5.373 5.391 5.408 5.426 5.443 5.460 5.477 5.493 5.509 5.526 5.543 5.559 5.576 5.593 5.610 5.627 5.644 5.660 5.677 5.694 5.711 5.727 5.744 5.760 5.776 5.792 5.808 5.824 5.839 5.854 5.867 5.880 5.894 5.907 5.920 5.933 5.946 5.958 5.970 5.983 5.994 6.006 6.018 6.030 6.041 6.053 6.065 6.076
4.801 4.826 4.849 4.873 4.896 4.918 4.940 4.962 4.984 5.005 5.026 5.047 5.067 5.086 5.106 5.125 5.145 5.164 5.183 5.202 5.221 5.239 5.258 5.276 5.294 5.312 5.330 5.347 5.365 5.382 5.399 5.417 5.434 5.451 5.468 5.484 5.500 5.516 5.532 5.549 5.565 5.582 5.598 5.615 5.632 5.648 5.665 5.681 5.698 5.714 5.731 5.747 5.764 5.780 5.796 5.812 5.827 5.843 5.858 5.871 5.885 5.899 5.912 5.926 5.939 5.952 5.964 5.977 5.989 6.001 6.013 6.024 6.036 6.048 6.059 6.071 6.082
4.817 4.841 4.865 4.888 4.911 4.933 4.955 4.977 4.998 5.019 5.040 5.061 5.080 5.099 5.119 5.138 5.157 5.177 5.195 5.214 5.233 5.251 5.269 5.287 5.305 5.322 5.340 5.357 5.375 5.392 5.409 5.426 5.442 5.459 5.476 5.492 5.507 5.523 5.539 5.555 5.571 5.588 5.604 5.620 5.636 5.653 5.669 5.685 5.702 5.718 5.734 5.751 5.767 5.783 5.799 5.815 5.831 5.846 5.861 5.875 5.889 5.903 5.917 5.930 5.944 5.957 5.970 5.982 5.995 6.007 6.019 6.030 6.042 6.054 6.065 6.077 6.088
4.833 4.857 4.880 4.903 4.925 4.948 4.970 4.991 5.012 5.033 5.054 5.074 5.094 5.113 5.132 5.151 5.170 5.189 5.208 5.226 5.244 5.263 5.280 5.298 5.316 5.333 5.351 5.368 5.385 5.401 5.418 5.435 5.451 5.468 5.484 5.500 5.515 5.530 5.546 5.562 5.578 5.594 5.610 5.626 5.642 5.658 5.674 5.690 5.706 5.722 5.738 5.754 5.770 5.786 5.802 5.818 5.834 5.849 5.864 5.878 5.892 5.906 5.920 5.934 5.948 5.961 5.974 5.987 6.000 6.012 6.024 6.036 6.048 6.059 6.071 6.082 6.094
4.848 4.872 4.895 4.918 4.940 4.962 4.984 5.005 5.026 5.047 5.068 5.088 5.107 5.126 5.145 5.164 5.183 5.201 5.220 5.238 5.256 5.274 5.292 5.310 5.327 5.344 5.361 5.378 5.395 5.412 5.428 5.444 5.461 5.477 5.493 5.508 5.523 5.538 5.554 5.569 5.585 5.600 5.616 5.631 5.647 5.663 5.678 5.694 5.710 5.726 5.741 5.757 5.773 5.789 5.805 5.820 5.836 5.852 5.867 5.881 5.895 5.909 5.923 5.937 5.951 5.965 5.978 5.991 6.004 6.017 6.029 6.041 6.053 6.065 6.076 6.088 6.099
4.864 4.887 4.910 4.933 4.955 4.977 4.998 5.019 5.040 5.061 5.081 5.101 5.120 5.139 5.158 5.177 5.195 5.214 5.232 5.250 5.268 5.286 5.304 5.321 5.338 5.355 5.372 5.389 5.405 5.422 5.438 5.454 5.470 5.486 5.502 5.517 5.532 5.546 5.562 5.577 5.592 5.607 5.622 5.638 5.653 5.668 5.684 5.699 5.714 5.730 5.745 5.761 5.776 5.792 5.808 5.823 5.839 5.854 5.869 5.883 5.897 5.912 5.926 5.940 5.954 5.968 5.982 5.995 6.008 6.021 6.033 6.046 6.058 6.070 6.081 6.093 6.104
4.879 4.902 4.925 4.947 4.969 4.991 5.012 5.033 5.054 5.075 5.095 5.115 5.133 5.152 5.170 5.189 5.208 5.226 5.244 5.262 5.280 5.298 5.315 5.333 5.350 5.366 5.383 5.400 5.416 5.432 5.449 5.465 5.480 5.496 5.512 5.526 5.541 5.555 5.570 5.585 5.600 5.615 5.629 5.644 5.659 5.674 5.689 5.704 5.719 5.734 5.749 5.765 5.780 5.795 5.811 5.826 5.841 5.857 5.872 5.885 5.900 5.914 5.928 5.943 5.957 5.971 5.984 5.998 6.011 6.024 6.037 6.049 6.062 6.074 6.086 6.097 6.109
4.894 4.917 4.940 4.962 4.984 5.005 5.027 5.047 5.068 5.088 5.108 5.128 5.146 5.165 5.183 5.202 5.220 5.238 5.257 5.274 5.292 5.310 5.327 5.344 5.361 5.378 5.394 5.411 5.427 5.443 5.459 5.475 5.491 5.506 5.521 5.536 5.550 5.564 5.579 5.593 5.608 5.622 5.637 5.651 5.666 5.681 5.695 5.710 5.724 5.739 5.754 5.769 5.784 5.799 5.814 5.829 5.844 5.859 5.874 5.888 5.902 5.916 5.930 5.945 5.959 5.973 5.987 6.000 6.014 6.027 6.040 6.053 6.065 6.077 6.089 6.101 6.113
4.909 4.932 4.955 4.977 4.998 5.020 5.041 5.061 5.082 5.102 5.122 5.141 5.159 5.177 5.196 5.214 5.233 5.251 5.269 5.286 5.304 5.321 5.338 5.355 5.372 5.389 5.405 5.422 5.438 5.454 5.470 5.485 5.501 5.516 5.532 5.546 5.559 5.573 5.588 5.602 5.616 5.631 5.645 5.659 5.673 5.688 5.702 5.716 5.730 5.745 5.759 5.774 5.788 5.803 5.818 5.832 5.847 5.862 5.876 5.890 5.904 5.918 5.932 5.947 5.961 5.975 5.989 6.003 6.016 6.029 6.042 6.055 6.068 6.080 6.093 6.105 6.117
4.924 4.947 4.970 4.992 5.013 5.034 5.055 5.075 5.096 5.116 5.135 5.154 5.172 5.190 5.208 5.227 5.245 5.263 5.281 5.298 5.316 5.333 5.350 5.367 5.383 5.400 5.416 5.433 5.449 5.465 5.480 5.496 5.511 5.527 5.542 5.556 5.569 5.583 5.597 5.611 5.625 5.639 5.653 5.667 5.681 5.695 5.709 5.723 5.737 5.751 5.765 5.779 5.793 5.807 5.822 5.836 5.851 5.865 5.879 5.892 5.906 5.920 5.934 5.948 5.963 5.977 5.991 6.004 6.018 6.031 6.045 6.058 6.070 6.083 6.095 6.108 6.120
4.939 4.962 4.984 5.006 5.028 5.049 5.069 5.090 5.110 5.129 5.149 5.168 5.185 5.203 5.221 5.239 5.257 5.275 5.293 5.310 5.327 5.344 5.361 5.378 5.395 5.411 5.427 5.444 5.459 5.475 5.491 5.507 5.522 5.537 5.552 5.566 5.579 5.593 5.607 5.621 5.635 5.649 5.662 5.676 5.690 5.703 5.717 5.730 5.744 5.757 5.771 5.785 5.798 5.812 5.826 5.840 5.855 5.869 5.882 5.895 5.909 5.922 5.936 5.950 5.964 5.978 5.992 6.006 6.020 6.033 6.046 6.059 6.072 6.085 6.098 6.110 6.122
4.954 4.977 5.000 5.021 5.043 5.063 5.084 5.104 5.124 5.143 5.163 5.181 5.198 5.216 5.234 5.252 5.270 5.287 5.305 5.322 5.339 5.356 5.373 5.389 5.406 5.422 5.438 5.454 5.470 5.486 5.502 5.517 5.532 5.548 5.562 5.576 5.589 5.603 5.617 5.631 5.644 5.658 5.672 5.685 5.698 5.712 5.725 5.738 5.751 5.764 5.778 5.791 5.804 5.818 5.832 5.845 5.859 5.873 5.886 5.899 5.912 5.925 5.939 5.953 5.966 5.980 5.994 6.008 6.021 6.035 6.048 6.061 6.074 6.087 6.100 6.112 6.124
4.970 4.992 5.015 5.036 5.058 5.078 5.098 5.118 5.138 5.157 5.176 5.194 5.211 5.229 5.247 5.265 5.282 5.299 5.317 5.334 5.351 5.367 5.384 5.401 5.417 5.433 5.449 5.465 5.481 5.497 5.512 5.527 5.543 5.558 5.573 5.586 5.599 5.613 5.627 5.641 5.654 5.668 5.681 5.694 5.707 5.720 5.733 5.746 5.759 5.772 5.785 5.798 5.811 5.824 5.837 5.851 5.864 5.878 5.890 5.902 5.915 5.928 5.942 5.955 5.969 5.982 5.996 6.009 6.023 6.036 6.049 6.063 6.076 6.088 6.101 6.114 6.126
4.985 5.008 5.030 5.052 5.073 5.093 5.113 5.133 5.153 5.172 5.190 5.208 5.225 5.243 5.260 5.278 5.295 5.312 5.329 5.346 5.362 5.379 5.395 5.412 5.428 5.444 5.460 5.476 5.491 5.507 5.522 5.538 5.553 5.568 5.582 5.596 5.609 5.623 5.637 5.650 5.664 5.677 5.691 5.704 5.717 5.730 5.742 5.755 5.768 5.780 5.793 5.806 5.818 5.831 5.844 5.857 5.870 5.883 5.895 5.907 5.919 5.932 5.945 5.958 5.972 5.985 5.998 6.011 6.025 6.038 6.051 6.064 6.077 6.090 6.103 6.115 6.128
5.000 5.023 5.045 5.067 5.088 5.109 5.129 5.148 5.167 5.186 5.205 5.222 5.239 5.256 5.274 5.291 5.308 5.325 5.341 5.358 5.374 5.391 5.407 5.423 5.439 5.455 5.471 5.486 5.502 5.517 5.533 5.548 5.563 5.578 5.592 5.606 5.619 5.633 5.647 5.660 5.674 5.687 5.700 5.713 5.726 5.739 5.752 5.764 5.777 5.789 5.801 5.814 5.826 5.839 5.851 5.864 5.877 5.889 5.900 5.912 5.924 5.936 5.949 5.962 5.975 5.988 6.001 6.014 6.027 6.040 6.053 6.066 6.079 6.092 6.104 6.117 6.129
5.015 5.038 5.061 5.082 5.104 5.124 5.144 5.163 5.183 5.201 5.220 5.237 5.254 5.271 5.288 5.304 5.321 5.338 5.354 5.371 5.387 5.403 5.419 5.435 5.450 5.466 5.482 5.497 5.513 5.528 5.543 5.558 5.573 5.588 5.602 5.615 5.629 5.643 5.656 5.670 5.683 5.697 5.710 5.723 5.736 5.749 5.761 5.774 5.786 5.798 5.810 5.822 5.835 5.847 5.859 5.871 5.884 5.895 5.906 5.918 5.929 5.941 5.954 5.966 5.979 5.991 6.004 6.017 6.030 6.042 6.055 6.068 6.081 6.093 6.106 6.119 6.131
5.030 5.053 5.076 5.098 5.119 5.140 5.160 5.179 5.198 5.217 5.235 5.252 5.268 5.285 5.302 5.319 5.335 5.351 5.368 5.384 5.400 5.415 5.431 5.447 5.462 5.477 5.493 5.508 5.523 5.538 5.553 5.568 5.583 5.598 5.612 5.625 5.639 5.652 5.666 5.680 5.693 5.706 5.720 5.733 5.745 5.758 5.771 5.783 5.795 5.807 5.819 5.831 5.843 5.855 5.867 5.879 5.891 5.902 5.913 5.924 5.935 5.947 5.959 5.971 5.983 5.995 6.008 6.020 6.033 6.045 6.058 6.070 6.083 6.095 6.108 6.120 6.133
5.044 5.068 5.091 5.113 5.135 5.155 5.175 5.195 5.214 5.232 5.251 5.268 5.284 5.300 5.317 5.333 5.349 5.366 5.381 5.397 5.413 5.428 5.444 5.459 5.474 5.489 5.504 5.519 5.534 5.549 5.564 5.579 5.593 5.608 5.622 5.635 5.648 5.662 5.676 5.689 5.703 5.716 5.729 5.742 5.755 5.768 5.780 5.792 5.805 5.817 5.829 5.840 5.852 5.864 5.876 5.887 5.899 5.910 5.920 5.931 5.942 5.953 5.965 5.976 5.988 6.000 6.012 6.024 6.036 6.049 6.061 6.073 6.086 6.098 6.110 6.123 6.135
5.058 5.082 5.106 5.128 5.150 5.171 5.191 5.211 5.230 5.248 5.267 5.283 5.299 5.316 5.332 5.348 5.364 5.380 5.396 5.411 5.427 5.442 5.457 5.472 5.487 5.501 5.516 5.531 5.545 5.560 5.574 5.589 5.604 5.618 5.632 5.645 5.658 5.671 5.685 5.698 5.712 5.725 5.738 5.751 5.764 5.777 5.789 5.802 5.814 5.826 5.838 5.850 5.861 5.873 5.884 5.896 5.907 5.918 5.928 5.939 5.949 5.960 5.971 5.983 5.994 6.006 6.017 6.029 6.041 6.053 6.065 6.077 6.089 6.101 6.113 6.125 6.137
5.071 5.096 5.120 5.143 5.165 5.186 5.207 5.227 5.246 5.264 5.283 5.300 5.316 5.332 5.348 5.364 5.380 5.396 5.411 5.426 5.441 5.456 5.471 5.485 5.500 5.514 5.528 5.543 5.557 5.571 5.586 5.600 5.614 5.628 5.642 5.654 5.668 5.681 5.694 5.708 5.721 5.734 5.748 5.761 5.773 5.786 5.799 5.811 5.823 5.835 5.847 5.859 5.870 5.882 5.893 5.905 5.916 5.927 5.936 5.946 5.957 5.968 5.978 5.989 6.000 6.012 6.023 6.034 6.046 6.057 6.069 6.081 6.092 6.104 6.116 6.128 6.140
5.083 5.108 5.133 5.157 5.179 5.201 5.222 5.242 5.262 5.280 5.299 5.316 5.332 5.348 5.364 5.380 5.396 5.411 5.426 5.441 5.456 5.471 5.485 5.499 5.513 5.528 5.542 5.556 5.569 5.583 5.597 5.611 5.625 5.639 5.652 5.665 5.677 5.691 5.704 5.717 5.730 5.744 5.757 5.770 5.782 5.795 5.808 5.820 5.832 5.844 5.856 5.868 5.879 5.891 5.902 5.913 5.925 5.935 5.945 5.955 5.965 5.975 5.986 5.997 6.007 6.018 6.029 6.040 6.051 6.062 6.074 6.085 6.097 6.108 6.120 6.132 6.143
5.093 5.120 5.146 5.170 5.193 5.215 5.237 5.257 5.277 5.296 5.315 5.332 5.348 5.365 5.381 5.397 5.412 5.428 5.443 5.457 5.472 5.486 5.500 5.514 5.528 5.542 5.555 5.569 5.583 5.596 5.610 5.623 5.637 5.650 5.663 5.675 5.688 5.701 5.714 5.727 5.740 5.753 5.766 5.779 5.791 5.804 5.816 5.829 5.841 5.853 5.865 5.877 5.888 5.900 5.911 5.922 5.934 5.944 5.954 5.963 5.973 5.984 5.994 6.004 6.015 6.025 6.036 6.047 6.057 6.068 6.079 6.090 6.102 6.113 6.124 6.136 6.147
5.103 5.130 5.157 5.182 5.206 5.229 5.251 5.272 5.292 5.312 5.330 5.348 5.364 5.381 5.397 5.413 5.429 5.444 5.459 5.474 5.488 5.502 5.516 5.530 5.543 5.557 5.570 5.583 5.596 5.610 5.623 5.636 5.649 5.662 5.674 5.686 5.698 5.711 5.724 5.737 5.749 5.762 5.775 5.788 5.800 5.813 5.825 5.838 5.850 5.862 5.874 5.885 5.897 5.909 5.920 5.931 5.942 5.953 5.962 5.972 5.982 5.992 6.002 6.012 6.022 6.033 6.043 6.054 6.064 6.075 6.085 6.096 6.107 6.118 6.129 6.140 6.151
5.111 5.139 5.166 5.192 5.217 5.241 5.264 5.286 5.306 5.326 5.346 5.363 5.380 5.397 5.413 5.430 5.445 5.461 5.476 5.490 5.505 5.519 5.533 5.546 5.559 5.573 5.586 5.598 5.611 5.624 5.637 5.649 5.662 5.675 5.687 5.698 5.710 5.722 5.734 5.747 5.759 5.772 5.785 5.797 5.809 5.822 5.834 5.846 5.858 5.870 5.882 5.894 5.906 5.917 5.929 5.940 5.951 5.961 5.971 5.981 5.990 6.000 6.010 6.020 6.031 6.041 6.051 6.061 6.071 6.081 6.092 6.102 6.113 6.124 6.134 6.145 6.156
5.117 5.147 5.175 5.202 5.227 5.252 5.275 5.298 5.320 5.340 5.360 5.378 5.395 5.412 5.429 5.446 5.462 5.477 5.492 5.507 5.522 5.536 5.549 5.563 5.576 5.589 5.602 5.614 5.627 5.639 5.652 5.664 5.676 5.688 5.700 5.711 5.722 5.734 5.746 5.758 5.770 5.782 5.794 5.807 5.819 5.831 5.843 5.855 5.867 5.879 5.891 5.903 5.914 5.926 5.937 5.949 5.960 5.970 5.980 5.989 5.999 6.009 6.019 6.029 6.039 6.049 6.059 6.069 6.079 6.089 6.099 6.109 6.119 6.130 6.140 6.151 6.161
5.122 5.152 5.181 5.209 5.236 5.261 5.286 5.309 5.331 5.353 5.373 5.392 5.409 5.427 5.444 5.461 5.478 5.493 5.509 5.524 5.538 5.553 5.566 5.580 5.593 5.606 5.619 5.631 5.643 5.656 5.668 5.679 5.691 5.703 5.714 5.725 5.735 5.747 5.758 5.770 5.781 5.793 5.805 5.817 5.829 5.841 5.852 5.864 5.876 5.888 5.900 5.911 5.923 5.934 5.946 5.957 5.968 5.979 5.988 5.998 6.008 6.018 6.027 6.037 6.047 6.057 6.067 6.077 6.086 6.096 6.106 6.116 6.126 6.136 6.146 6.157 6.167
5.125 5.156 5.186 5.215 5.243 5.269 5.295 5.319 5.342 5.364 5.385 5.404 5.423 5.441 5.459 5.476 5.493 5.509 5.525 5.540 5.555 5.569 5.583 5.597 5.610 5.623 5.636 5.648 5.660 5.672 5.684 5.696 5.707 5.719 5.729 5.739 5.750 5.761 5.772 5.783 5.794 5.805 5.816 5.828 5.839 5.851 5.862 5.874 5.885 5.897 5.908 5.920 5.931 5.943 5.954 5.965 5.977 5.987 5.996 6.006 6.016 6.026 6.036 6.046 6.056 6.065 6.075 6.085 6.094 6.104 6.114 6.123 6.133 6.143 6.153 6.163 6.173
5.127 5.159 5.189 5.219 5.248 5.275 5.302 5.327 5.351 5.375 5.396 5.415 5.435 5.454 5.472 5.490 5.507 5.524 5.540 5.556 5.571 5.586 5.600 5.614 5.627 5.640 5.653 5.666 5.678 5.690 5.701 5.713 5.724 5.735 5.746 5.755 5.765 5.776 5.786 5.797 5.807 5.818 5.829 5.840 5.851 5.862 5.873 5.884 5.895 5.906 5.918 5.929 5.940 5.952 5.963 5.974 5.985 5.995 6.005 6.015 6.024 6.034 6.044 6.054 6.064 6.074 6.083 6.093 6.102 6.112 6.121 6.131 6.141 6.150 6.160 6.170 6.180
5.128 5.160 5.191 5.221 5.251 5.280 5.307 5.333 5.359 5.383 5.405 5.425 5.446 5.465 5.484 5.503 5.521 5.538 5.554 5.570 5.586 5.601 5.616 5.630 5.644 5.657 5.670 5.683 5.695 5.707 5.719 5.731 5.742 5.753 5.763 5.772 5.782 5.792 5.802 5.812 5.822 5.832 5.842 5.853 5.863 5.874 5.884 5.895 5.906 5.917 5.928 5.939 5.950 5.961 5.972 5.983 5.994 6.004 6.013 6.023 6.033 6.043 6.052 6.062 6.072 6.082 6.091 6.101 6.110 6.120 6.129 6.139 6.148 6.158 6.167 6.177 6.187
5.128 5.160 5.191 5.222 5.253 5.282 5.310 5.338 5.364 5.389 5.412 5.434 5.455 5.475 5.495 5.514 5.533 5.551 5.568 5.584 5.600 5.616 5.631 5.646 5.660 5.673 5.687 5.700 5.712 5.725 5.737 5.748 5.760 5.770 5.780 5.789 5.799 5.809 5.818 5.828 5.838 5.847 5.857 5.867 5.877 5.887 5.897 5.907 5.917 5.928 5.938 5.949 5.959 5.970 5.981 5.992 6.003 6.012 6.022 6.031 6.041 6.051 6.061 6.071 6.080 6.090 6.100 6.109 6.119 6.128 6.137 6.147 6.156 6.165 6.175 6.184 6.194
5.127 5.158 5.190 5.222 5.252 5.283 5.312 5.340 5.368 5.394 5.418 5.441 5.463 5.484 5.505 5.525 5.544 5.562 5.580 5.597 5.614 5.630 5.645 5.660 5.675 5.689 5.703 5.716 5.729 5.742 5.754 5.766 5.777 5.788 5.798 5.807 5.817 5.826 5.836 5.845 5.855 5.864 5.873 5.883 5.892 5.901 5.911 5.920 5.930 5.940 5.950 5.960 5.970 5.980 5.991 6.001 6.012 6.021 6.030 6.040 6.050 6.059 6.069 6.079 6.089 6.098 6.108 6.117 6.127 6.136 6.145 6.154 6.164 6.173 6.182 6.192 6.201
