version1/TsunamiDB/out54127.asc
ncols          264
nrows          230
xllcorner      497853.4375
yllcorner      4229146.0000
cellsize         5.
NODATA_value   -99
[rows 102 to 135 of 230, columns 154 to 230 of 264]
6.795 6.800 6.804 6.808 6.813 6.817 6.822 6.826 6.831 6.836 6.842 6.848 6.854 6.860 6.867 6.875 6.883 6.892 6.900 6.909 6.918 6.928 6.938 6.948 6.958 6.968 6.979 6.989 7.000 7.011 7.022 7.032 7.043 7.053 7.064 7.074 7.084 7.094 7.104 7.114 7.124 7.133 7.142 7.150 7.159 7.168 7.176 7.185 7.194 7.202 7.211 7.219 7.228 7.237 7.246 7.255 7.264 7.274 7.284 7.293 7.302 7.311 7.322 7.336 7.351 7.369 7.393 7.420 7.453 7.494 7.544 7.605 7.669 7.710 7.754 7.822 7.885
6.803 6.807 6.811 6.816 6.820 6.824 6.829 6.834 6.839 6.844 6.849 6.855 6.861 6.867 6.874 6.882 6.890 6.898 6.907 6.916 6.925 6.934 6.944 6.954 6.964 6.975 6.985 6.996 7.007 7.018 7.028 7.039 7.050 7.060 7.071 7.081 7.092 7.102 7.112 7.122 7.132 7.141 7.150 7.158 7.167 7.176 7.184 7.193 7.202 7.210 7.219 7.227 7.235 7.243 7.252 7.260 7.270 7.279 7.289 7.299 7.310 7.321 7.334 7.351 7.368 7.389 7.415 7.445 7.478 7.518 7.569 7.631 7.699 7.740 7.784 7.852 7.914
6.810 6.814 6.819 6.823 6.827 6.832 6.837 6.841 6.846 6.851 6.856 6.862 6.868 6.874 6.881 6.889 6.897 6.905 6.913 6.922 6.931 6.940 6.950 6.960 6.970 6.981 6.992 7.002 7.013 7.024 7.035 7.046 7.057 7.067 7.078 7.089 7.099 7.109 7.119 7.130 7.139 7.148 7.157 7.166 7.175 7.183 7.192 7.200 7.209 7.218 7.226 7.234 7.242 7.249 7.257 7.265 7.274 7.283 7.294 7.305 7.318 7.331 7.347 7.366 7.386 7.409 7.438 7.470 7.504 7.545 7.595 7.657 7.728 7.771 7.815 7.881 7.941
6.818 6.822 6.826 6.831 6.835 6.840 6.844 6.849 6.854 6.859 6.864 6.869 6.875 6.881 6.888 6.895 6.904 6.912 6.920 6.929 6.937 6.947 6.957 6.967 6.977 6.987 6.998 7.009 7.020 7.031 7.042 7.053 7.064 7.074 7.085 7.096 7.106 7.116 7.127 7.137 7.147 7.156 7.165 7.173 7.182 7.190 7.199 7.208 7.216 7.225 7.234 7.241 7.247 7.254 7.262 7.269 7.278 7.288 7.299 7.312 7.327 7.343 7.362 7.382 7.404 7.430 7.462 7.495 7.531 7.572 7.621 7.685 7.761 7.805 7.847 7.912 7.969
6.825 6.830 6.834 6.838 6.843 6.847 6.852 6.856 6.861 6.866 6.871 6.877 6.882 6.889 6.895 6.902 6.910 6.919 6.927 6.935 6.944 6.953 6.963 6.973 6.983 6.994 7.004 7.015 7.026 7.037 7.048 7.059 7.070 7.081 7.092 7.103 7.113 7.124 7.134 7.144 7.154 7.163 7.172 7.181 7.189 7.198 7.206 7.215 7.224 7.232 7.240 7.247 7.252 7.259 7.266 7.274 7.283 7.293 7.306 7.321 7.338 7.356 7.377 7.399 7.422 7.451 7.485 7.521 7.559 7.601 7.649 7.723 7.803 7.842 7.881 7.943 7.997
6.833 6.837 6.842 6.846 6.850 6.855 6.859 6.864 6.869 6.874 6.879 6.884 6.890 6.896 6.902 6.910 6.917 6.925 6.933 6.942 6.950 6.960 6.969 6.979 6.989 7.000 7.011 7.021 7.032 7.043 7.055 7.066 7.077 7.088 7.099 7.109 7.120 7.131 7.141 7.151 7.161 7.170 7.179 7.188 7.196 7.204 7.213 7.222 7.230 7.239 7.246 7.252 7.258 7.264 7.271 7.279 7.288 7.299 7.314 7.330 7.349 7.370 7.394 7.418 7.442 7.474 7.511 7.550 7.591 7.636 7.693 7.768 7.840 7.877 7.915 7.972 8.023
6.841 6.845 6.850 6.854 6.858 6.863 6.867 6.872 6.877 6.881 6.886 6.892 6.897 6.903 6.910 6.917 6.924 6.932 6.940 6.948 6.957 6.966 6.976 6.986 6.996 7.006 7.017 7.028 7.039 7.050 7.061 7.072 7.083 7.094 7.105 7.116 7.127 7.137 7.148 7.158 7.168 7.177 7.186 7.194 7.203 7.211 7.220 7.228 7.237 7.245 7.252 7.257 7.263 7.270 7.277 7.285 7.295 7.307 7.323 7.341 7.361 7.386 7.413 7.437 7.463 7.498 7.539 7.582 7.627 7.679 7.741 7.810 7.875 7.909 7.945 7.998 8.045
6.849 6.853 6.857 6.862 6.866 6.871 6.875 6.880 6.884 6.889 6.894 6.899 6.905 6.911 6.917 6.924 6.931 6.939 6.947 6.955 6.964 6.973 6.982 6.992 7.002 7.012 7.023 7.034 7.045 7.056 7.067 7.078 7.090 7.101 7.112 7.123 7.133 7.144 7.155 7.165 7.175 7.184 7.192 7.201 7.209 7.217 7.226 7.234 7.242 7.250 7.257 7.263 7.269 7.276 7.283 7.291 7.303 7.316 7.333 7.352 7.375 7.402 7.432 7.458 7.486 7.526 7.571 7.617 7.669 7.725 7.786 7.850 7.908 7.939 7.973 8.022 8.065
6.857 6.861 6.865 6.870 6.874 6.879 6.883 6.888 6.892 6.897 6.902 6.907 6.912 6.918 6.924 6.931 6.939 6.946 6.954 6.962 6.970 6.979 6.989 6.998 7.008 7.019 7.029 7.040 7.051 7.062 7.073 7.085 7.096 7.107 7.118 7.129 7.140 7.150 7.161 7.172 7.181 7.190 7.199 7.207 7.215 7.223 7.232 7.240 7.248 7.255 7.262 7.268 7.275 7.282 7.290 7.299 7.311 7.326 7.343 7.364 7.390 7.420 7.453 7.482 7.512 7.557 7.605 7.657 7.711 7.769 7.828 7.886 7.938 7.968 7.999 8.043 8.082
6.865 6.869 6.873 6.878 6.882 6.887 6.891 6.896 6.900 6.905 6.910 6.915 6.920 6.926 6.932 6.938 6.946 6.953 6.961 6.969 6.977 6.986 6.995 7.005 7.015 7.025 7.035 7.046 7.057 7.068 7.080 7.091 7.102 7.113 7.124 7.135 7.146 7.157 7.167 7.178 7.188 7.196 7.205 7.213 7.221 7.229 7.237 7.245 7.253 7.260 7.268 7.274 7.281 7.289 7.297 7.308 7.321 7.337 7.355 7.377 7.405 7.439 7.477 7.508 7.540 7.589 7.642 7.697 7.753 7.810 7.866 7.920 7.967 7.994 8.022 8.062 8.098
6.873 6.877 6.882 6.886 6.890 6.895 6.899 6.904 6.908 6.913 6.918 6.923 6.928 6.933 6.939 6.946 6.953 6.960 6.968 6.975 6.984 6.992 7.001 7.011 7.021 7.031 7.042 7.052 7.063 7.074 7.086 7.097 7.108 7.119 7.130 7.141 7.152 7.163 7.174 7.184 7.194 7.202 7.211 7.219 7.226 7.234 7.242 7.250 7.258 7.265 7.273 7.280 7.288 7.296 7.305 7.317 7.331 7.349 7.368 7.392 7.422 7.461 7.503 7.536 7.571 7.625 7.680 7.737 7.793 7.848 7.902 7.951 7.993 8.018 8.043 8.079 8.111
6.881 6.885 6.890 6.894 6.898 6.903 6.907 6.912 6.916 6.921 6.925 6.930 6.935 6.941 6.947 6.953 6.960 6.967 6.975 6.982 6.990 6.999 7.008 7.017 7.027 7.037 7.048 7.058 7.069 7.080 7.092 7.103 7.114 7.125 7.136 7.147 7.158 7.169 7.180 7.190 7.200 7.208 7.216 7.224 7.231 7.239 7.246 7.254 7.262 7.270 7.279 7.287 7.295 7.304 7.314 7.326 7.342 7.361 7.382 7.408 7.442 7.484 7.531 7.565 7.603 7.660 7.717 7.774 7.828 7.882 7.932 7.977 8.016 8.039 8.062 8.094 8.123
6.889 6.893 6.898 6.902 6.907 6.911 6.915 6.920 6.924 6.929 6.933 6.938 6.943 6.948 6.954 6.960 6.968 6.974 6.981 6.989 6.997 7.005 7.014 7.024 7.033 7.044 7.054 7.065 7.075 7.086 7.097 7.109 7.120 7.131 7.142 7.153 7.164 7.175 7.186 7.196 7.205 7.214 7.221 7.229 7.236 7.243 7.250 7.258 7.267 7.275 7.285 7.293 7.302 7.312 7.322 7.336 7.353 7.374 7.396 7.425 7.461 7.507 7.558 7.595 7.635 7.693 7.751 7.808 7.861 7.913 7.961 8.003 8.039 8.059 8.079 8.109 8.135
6.897 6.902 6.906 6.910 6.915 6.919 6.923 6.928 6.932 6.936 6.941 6.946 6.951 6.956 6.962 6.968 6.975 6.981 6.988 6.996 7.004 7.012 7.021 7.030 7.040 7.050 7.060 7.071 7.081 7.092 7.103 7.114 7.126 7.137 7.148 7.159 7.170 7.180 7.191 7.202 7.211 7.219 7.226 7.233 7.240 7.247 7.254 7.262 7.271 7.281 7.291 7.300 7.310 7.320 7.331 7.346 7.365 7.387 7.412 7.443 7.483 7.532 7.590 7.628 7.669 7.728 7.786 7.842 7.895 7.944 7.990 8.028 8.060 8.079 8.097 8.123 8.147
6.905 6.910 6.914 6.918 6.923 6.927 6.931 6.936 6.940 6.944 6.949 6.953 6.958 6.963 6.969 6.975 6.982 6.989 6.995 7.003 7.010 7.018 7.027 7.036 7.046 7.056 7.066 7.077 7.087 7.098 7.109 7.120 7.131 7.142 7.153 7.164 7.175 7.186 7.197 7.207 7.216 7.223 7.230 7.237 7.244 7.251 7.258 7.266 7.276 7.286 7.297 7.307 7.317 7.328 7.341 7.357 7.378 7.402 7.431 7.465 7.507 7.564 7.626 7.663 7.703 7.763 7.821 7.875 7.926 7.974 8.016 8.051 8.080 8.096 8.113 8.137 8.158
6.913 6.918 6.922 6.926 6.931 6.935 6.939 6.943 6.948 6.952 6.957 6.961 6.966 6.971 6.976 6.983 6.989 6.995 7.002 7.009 7.017 7.025 7.034 7.043 7.052 7.062 7.072 7.083 7.093 7.104 7.115 7.126 7.137 7.148 7.159 7.170 7.181 7.191 7.202 7.212 7.220 7.227 7.234 7.241 7.248 7.255 7.262 7.271 7.281 7.292 7.303 7.314 7.325 7.337 7.351 7.370 7.393 7.420 7.452 7.491 7.540 7.601 7.661 7.698 7.737 7.796 7.853 7.907 7.955 8.000 8.040 8.071 8.098 8.113 8.128 8.150 8.169
6.921 6.926 6.930 6.934 6.939 6.943 6.947 6.951 6.956 6.960 6.964 6.969 6.973 6.978 6.984 6.990 6.996 7.002 7.009 7.016 7.023 7.031 7.040 7.049 7.058 7.068 7.078 7.089 7.099 7.110 7.121 7.132 7.143 7.153 7.164 7.175 7.186 7.197 7.207 7.217 7.225 7.232 7.238 7.245 7.252 7.259 7.267 7.276 7.286 7.297 7.309 7.321 7.334 7.348 7.363 7.384 7.411 7.442 7.478 7.522 7.576 7.636 7.695 7.730 7.769 7.827 7.883 7.935 7.982 8.024 8.060 8.090 8.115 8.129 8.143 8.162 8.179
6.929 6.934 6.938 6.942 6.947 6.951 6.955 6.959 6.963 6.968 6.972 6.976 6.981 6.986 6.991 6.997 7.003 7.009 7.016 7.023 7.030 7.038 7.046 7.055 7.064 7.074 7.084 7.095 7.105 7.116 7.127 7.137 7.148 7.159 7.170 7.180 7.191 7.202 7.212 7.221 7.229 7.236 7.242 7.249 7.256 7.263 7.271 7.281 7.291 7.302 7.315 7.329 7.344 7.360 7.377 7.402 7.432 7.467 7.508 7.557 7.612 7.671 7.727 7.761 7.799 7.857 7.911 7.962 8.007 8.046 8.080 8.108 8.132 8.144 8.156 8.174 8.189
6.937 6.942 6.946 6.950 6.954 6.959 6.963 6.967 6.971 6.975 6.979 6.984 6.988 6.993 6.998 7.004 7.010 7.016 7.022 7.029 7.036 7.044 7.052 7.061 7.071 7.080 7.090 7.100 7.111 7.122 7.132 7.143 7.154 7.164 7.175 7.185 7.196 7.206 7.216 7.225 7.233 7.240 7.246 7.253 7.260 7.268 7.276 7.286 7.296 7.308 7.322 7.338 7.356 7.374 7.394 7.423 7.457 7.497 7.541 7.591 7.646 7.703 7.758 7.792 7.828 7.884 7.937 7.986 8.029 8.067 8.099 8.126 8.147 8.159 8.169 8.185 8.198
6.945 6.950 6.954 6.958 6.962 6.966 6.970 6.975 6.979 6.983 6.987 6.991 6.996 7.000 7.005 7.011 7.017 7.023 7.029 7.036 7.043 7.050 7.059 7.067 7.077 7.086 7.096 7.106 7.117 7.127 7.138 7.149 7.159 7.170 7.180 7.190 7.201 7.211 7.221 7.230 7.237 7.244 7.251 7.258 7.265 7.272 7.281 7.290 7.301 7.314 7.329 7.348 7.371 7.391 7.414 7.447 7.485 7.528 7.574 7.624 7.678 7.734 7.788 7.820 7.855 7.910 7.962 8.009 8.051 8.087 8.118 8.143 8.162 8.172 8.181 8.195 8.207
6.953 6.957 6.962 6.966 6.970 6.974 6.978 6.982 6.986 6.990 6.994 6.999 7.003 7.008 7.013 7.018 7.024 7.030 7.036 7.042 7.049 7.057 7.065 7.073 7.083 7.092 7.102 7.112 7.123 7.133 7.144 7.154 7.164 7.175 7.185 7.195 7.205 7.215 7.225 7.234 7.242 7.248 7.255 7.262 7.269 7.276 7.285 7.295 7.306 7.320 7.338 7.361 7.387 7.410 7.436 7.474 7.516 7.560 7.607 7.656 7.709 7.763 7.817 7.848 7.882 7.936 7.986 8.032 8.071 8.106 8.135 8.159 8.176 8.184 8.193 8.204 8.214
6.961 6.965 6.969 6.974 6.978 6.982 6.986 6.990 6.994 6.998 7.002 7.006 7.010 7.015 7.020 7.025 7.031 7.036 7.042 7.049 7.055 7.063 7.071 7.079 7.089 7.098 7.108 7.118 7.128 7.139 7.149 7.160 7.170 7.180 7.190 7.199 7.209 7.219 7.229 7.238 7.246 7.253 7.259 7.266 7.273 7.280 7.289 7.300 7.312 7.328 7.349 7.375 7.405 7.431 7.460 7.502 7.546 7.592 7.638 7.686 7.738 7.792 7.845 7.876 7.908 7.961 8.009 8.052 8.090 8.123 8.151 8.173 8.188 8.195 8.202 8.212 8.221
6.969 6.973 6.977 6.981 6.985 6.989 6.993 6.997 7.001 7.005 7.009 7.013 7.017 7.022 7.026 7.032 7.037 7.043 7.049 7.055 7.062 7.069 7.077 7.085 7.094 7.104 7.114 7.124 7.134 7.145 7.155 7.165 7.175 7.184 7.194 7.204 7.213 7.223 7.233 7.242 7.250 7.257 7.263 7.269 7.277 7.284 7.294 7.305 7.319 7.337 7.360 7.390 7.424 7.453 7.485 7.529 7.576 7.623 7.669 7.717 7.767 7.819 7.872 7.902 7.934 7.984 8.030 8.071 8.107 8.139 8.166 8.186 8.199 8.205 8.210 8.219 8.227
6.976 6.981 6.985 6.989 6.993 6.997 7.001 7.005 7.009 7.012 7.016 7.020 7.024 7.029 7.033 7.039 7.044 7.049 7.055 7.061 7.068 7.075 7.083 7.091 7.100 7.110 7.119 7.130 7.140 7.150 7.160 7.170 7.180 7.189 7.198 7.208 7.217 7.227 7.237 7.246 7.254 7.261 7.266 7.273 7.280 7.288 7.298 7.311 7.327 7.347 7.374 7.407 7.447 7.479 7.512 7.559 7.607 7.654 7.701 7.747 7.795 7.846 7.901 7.931 7.961 8.009 8.052 8.091 8.125 8.155 8.181 8.199 8.209 8.213 8.217 8.225 8.233
6.984 6.988 6.992 6.996 7.000 7.004 7.008 7.012 7.016 7.020 7.024 7.027 7.031 7.036 7.040 7.045 7.051 7.056 7.061 7.067 7.074 7.081 7.089 7.097 7.106 7.115 7.125 7.135 7.146 7.156 7.166 7.175 7.184 7.194 7.203 7.212 7.221 7.230 7.240 7.250 7.258 7.264 7.269 7.276 7.284 7.292 7.304 7.318 7.337 7.360 7.390 7.430 7.474 7.506 7.540 7.588 7.637 7.686 7.732 7.778 7.824 7.878 7.934 7.961 7.988 8.033 8.074 8.110 8.141 8.170 8.195 8.209 8.215 8.219 8.223 8.231 8.238
6.992 6.996 7.000 7.004 7.008 7.012 7.016 7.020 7.023 7.027 7.031 7.035 7.039 7.043 7.047 7.052 7.057 7.062 7.068 7.074 7.080 7.087 7.095 7.103 7.112 7.121 7.131 7.141 7.151 7.161 7.171 7.180 7.189 7.198 7.207 7.216 7.225 7.234 7.244 7.253 7.261 7.266 7.272 7.280 7.288 7.298 7.311 7.328 7.349 7.377 7.412 7.456 7.501 7.533 7.569 7.618 7.668 7.717 7.764 7.811 7.859 7.913 7.964 7.988 8.015 8.057 8.094 8.127 8.156 8.183 8.203 8.215 8.222 8.225 8.229 8.236 8.243
7.001 7.005 7.008 7.012 7.016 7.020 7.023 7.027 7.031 7.034 7.038 7.042 7.046 7.050 7.054 7.059 7.064 7.069 7.074 7.080 7.086 7.093 7.101 7.109 7.118 7.127 7.137 7.147 7.157 7.167 7.177 7.186 7.194 7.203 7.211 7.220 7.229 7.238 7.248 7.256 7.263 7.269 7.276 7.284 7.293 7.305 7.321 7.341 7.366 7.397 7.437 7.483 7.528 7.561 7.597 7.648 7.699 7.750 7.798 7.846 7.896 7.946 7.992 8.015 8.039 8.078 8.112 8.142 8.169 8.192 8.209 8.220 8.228 8.231 8.234 8.241 8.249
7.009 7.013 7.017 7.020 7.024 7.028 7.031 7.035 7.038 7.042 7.045 7.049 7.053 7.057 7.061 7.066 7.070 7.075 7.080 7.086 7.092 7.099 7.106 7.115 7.123 7.132 7.142 7.152 7.162 7.172 7.182 7.191 7.199 7.207 7.215 7.224 7.232 7.242 7.250 7.259 7.266 7.273 7.281 7.290 7.301 7.315 7.333 7.356 7.385 7.420 7.463 7.509 7.556 7.589 7.625 7.678 7.731 7.782 7.833 7.882 7.931 7.977 8.019 8.040 8.062 8.097 8.128 8.156 8.179 8.199 8.214 8.225 8.233 8.236 8.239 8.246 8.255
7.018 7.022 7.025 7.029 7.032 7.036 7.039 7.043 7.046 7.050 7.053 7.056 7.060 7.064 7.068 7.072 7.077 7.082 7.087 7.092 7.098 7.105 7.112 7.120 7.129 7.138 7.148 7.158 7.168 7.178 7.187 7.196 7.204 7.212 7.220 7.228 7.236 7.244 7.253 7.261 7.269 7.277 7.287 7.298 7.310 7.327 7.348 7.375 7.407 7.444 7.488 7.536 7.584 7.618 7.655 7.709 7.763 7.817 7.868 7.917 7.964 8.007 8.044 8.063 8.083 8.114 8.142 8.167 8.187 8.204 8.218 8.229 8.237 8.241 8.244 8.252 8.261
7.028 7.031 7.034 7.038 7.041 7.044 7.048 7.051 7.054 7.057 7.061 7.064 7.067 7.071 7.075 7.079 7.084 7.088 7.093 7.098 7.104 7.111 7.118 7.126 7.135 7.144 7.153 7.163 7.174 7.184 7.193 7.201 7.209 7.216 7.224 7.231 7.239 7.247 7.255 7.263 7.272 7.282 7.294 7.307 7.321 7.341 7.366 7.396 7.430 7.469 7.513 7.563 7.613 7.648 7.685 7.741 7.797 7.851 7.901 7.950 7.995 8.034 8.067 8.085 8.103 8.130 8.155 8.177 8.194 8.210 8.222 8.233 8.242 8.245 8.248 8.258 8.267
7.038 7.041 7.044 7.047 7.050 7.053 7.056 7.060 7.063 7.066 7.069 7.072 7.075 7.078 7.082 7.086 7.091 7.095 7.099 7.105 7.110 7.117 7.124 7.132 7.140 7.150 7.159 7.169 7.179 7.189 7.198 7.206 7.213 7.221 7.228 7.234 7.241 7.249 7.258 7.266 7.277 7.289 7.303 7.317 7.334 7.358 7.386 7.418 7.453 7.493 7.539 7.590 7.643 7.678 7.716 7.774 7.831 7.884 7.934 7.981 8.024 8.060 8.089 8.104 8.120 8.144 8.166 8.185 8.201 8.214 8.226 8.237 8.246 8.250 8.253 8.263 8.273
7.049 7.052 7.054 7.057 7.060 7.063 7.066 7.069 7.071 7.074 7.077 7.080 7.083 7.086 7.090 7.094 7.098 7.102 7.106 7.111 7.117 7.123 7.130 7.138 7.146 7.155 7.165 7.175 7.185 7.195 7.204 7.211 7.218 7.225 7.231 7.237 7.244 7.252 7.260 7.270 7.282 7.297 7.313 7.329 7.349 7.375 7.406 7.440 7.477 7.518 7.565 7.618 7.673 7.709 7.748 7.807 7.863 7.915 7.964 8.009 8.049 8.082 8.108 8.122 8.135 8.156 8.175 8.192 8.206 8.219 8.230 8.241 8.251 8.254 8.258 8.269 8.279
7.061 7.063 7.066 7.068 7.071 7.073 7.076 7.078 7.081 7.083 7.086 7.089 7.091 7.094 7.098 7.102 7.105 7.109 7.113 7.118 7.123 7.129 7.136 7.144 7.152 7.161 7.171 7.181 7.191 7.201 7.210 7.217 7.223 7.229 7.235 7.240 7.247 7.254 7.263 7.274 7.288 7.305 7.324 7.342 7.364 7.393 7.426 7.463 7.501 7.543 7.591 7.645 7.703 7.740 7.780 7.838 7.893 7.945 7.992 8.035 8.073 8.103 8.126 8.138 8.150 8.168 8.185 8.200 8.212 8.223 8.234 8.245 8.255 8.259 8.263 8.274 8.285
7.074 7.076 7.078 7.080 7.082 7.084 7.087 7.089 7.091 7.093 7.096 7.098 7.100 7.103 7.106 7.110 7.113 7.116 7.120 7.125 7.130 7.136 7.143 7.150 7.159 7.168 7.177 7.187 7.198 7.207 7.216 7.222 7.227 7.233 7.238 7.243 7.249 7.257 7.267 7.280 7.296 7.315 7.337 7.357 7.380 7.412 7.448 7.486 7.526 7.570 7.618 7.674 7.736 7.775 7.813 7.871 7.925 7.975 8.019 8.061 8.096 8.124 8.143 8.153 8.163 8.179 8.194 8.207 8.218 8.228 8.238 8.248 8.259 8.264 8.268 8.279 8.291
