version1/TsunamiDB/out54080.asc
ncols          264
nrows          230
xllcorner      497853.4375
yllcorner      4229146.0000
cellsize         5.
NODATA_value   -99
[rows 170 to 203 of 230, columns 76 to 151 of 264]
5.963 5.981 6.000 6.019 6.038 6.057 6.075 6.093 6.111 6.128 6.145 6.161 6.176 6.191 6.206 6.221 6.235 6.249 6.263 6.277 6.290 6.304 6.318 6.331 6.343 6.356 6.370 6.383 6.396 6.409 6.422 6.434 6.447 6.459 6.471 6.483 6.494 6.506 6.518 6.531 6.543 6.556 6.569 6.582 6.596 6.610 6.623 6.636 6.650 6.664 6.678 6.692 6.707 6.720 6.734 6.747 6.760 6.773 6.785 6.797 6.809 6.821 6.833 6.846 6.858 6.872 6.885 6.899 6.913 6.926 6.939 6.952 6.965 6.978 6.992 7.005
5.966 5.984 6.003 6.022 6.041 6.060 6.078 6.097 6.115 6.132 6.149 6.166 6.182 6.197 6.212 6.227 6.242 6.256 6.270 6.284 6.298 6.312 6.326 6.338 6.351 6.364 6.377 6.390 6.404 6.417 6.429 6.442 6.454 6.466 6.478 6.490 6.502 6.514 6.525 6.537 6.550 6.562 6.575 6.588 6.602 6.616 6.629 6.642 6.656 6.670 6.685 6.699 6.714 6.728 6.742 6.756 6.769 6.782 6.795 6.808 6.820 6.833 6.845 6.858 6.871 6.884 6.897 6.911 6.925 6.939 6.952 6.965 6.979 6.993 7.006 7.020
5.970 5.988 6.006 6.025 6.044 6.063 6.081 6.100 6.118 6.135 6.153 6.170 6.186 6.202 6.218 6.233 6.248 6.263 6.277 6.291 6.305 6.319 6.333 6.346 6.358 6.371 6.385 6.398 6.411 6.424 6.437 6.450 6.462 6.474 6.486 6.498 6.509 6.521 6.533 6.544 6.556 6.569 6.581 6.595 6.608 6.622 6.635 6.648 6.662 6.676 6.691 6.706 6.720 6.735 6.750 6.764 6.778 6.791 6.805 6.818 6.831 6.843 6.856 6.869 6.882 6.896 6.910 6.924 6.938 6.952 6.965 6.979 6.993 7.007 7.021 7.035
5.975 5.992 6.010 6.028 6.047 6.065 6.084 6.102 6.120 6.138 6.156 6.173 6.190 6.206 6.222 6.238 6.253 6.268 6.283 6.297 6.312 6.326 6.340 6.353 6.365 6.378 6.392 6.405 6.419 6.432 6.445 6.457 6.470 6.482 6.494 6.505 6.517 6.529 6.540 6.552 6.563 6.575 6.588 6.601 6.614 6.628 6.640 6.654 6.668 6.682 6.697 6.712 6.727 6.742 6.757 6.772 6.786 6.800 6.814 6.827 6.841 6.854 6.867 6.880 6.894 6.908 6.922 6.936 6.951 6.964 6.978 6.992 7.006 7.021 7.035 7.050
5.982 5.998 6.015 6.032 6.050 6.068 6.087 6.105 6.123 6.141 6.159 6.176 6.193 6.210 6.226 6.242 6.258 6.273 6.288 6.303 6.317 6.332 6.346 6.359 6.372 6.385 6.399 6.412 6.425 6.439 6.452 6.465 6.477 6.489 6.501 6.513 6.525 6.536 6.547 6.559 6.570 6.582 6.595 6.607 6.621 6.634 6.646 6.659 6.673 6.688 6.703 6.718 6.733 6.749 6.764 6.779 6.794 6.808 6.823 6.837 6.851 6.864 6.878 6.891 6.905 6.919 6.934 6.949 6.963 6.977 6.991 7.005 7.020 7.035 7.050 7.065
5.989 6.005 6.021 6.038 6.055 6.072 6.090 6.108 6.126 6.143 6.161 6.179 6.196 6.213 6.229 6.245 6.261 6.277 6.292 6.307 6.322 6.337 6.351 6.364 6.377 6.391 6.405 6.418 6.432 6.445 6.459 6.472 6.484 6.497 6.509 6.521 6.532 6.544 6.555 6.566 6.578 6.589 6.601 6.614 6.627 6.639 6.652 6.665 6.679 6.693 6.708 6.724 6.739 6.755 6.771 6.786 6.801 6.816 6.831 6.846 6.860 6.874 6.888 6.902 6.916 6.931 6.945 6.961 6.975 6.989 7.004 7.019 7.034 7.049 7.064 7.080
6.000 6.014 6.028 6.044 6.060 6.077 6.094 6.111 6.129 6.146 6.164 6.181 6.198 6.215 6.232 6.248 6.264 6.280 6.296 6.311 6.327 6.342 6.355 6.368 6.382 6.396 6.410 6.424 6.438 6.451 6.465 6.478 6.491 6.504 6.516 6.528 6.540 6.551 6.563 6.574 6.585 6.597 6.608 6.620 6.633 6.645 6.657 6.670 6.684 6.699 6.714 6.730 6.745 6.761 6.777 6.793 6.809 6.824 6.839 6.854 6.869 6.884 6.898 6.913 6.927 6.942 6.957 6.972 6.987 7.002 7.017 7.032 7.047 7.063 7.079 7.095
6.012 6.025 6.038 6.053 6.068 6.083 6.099 6.116 6.133 6.149 6.167 6.184 6.201 6.218 6.234 6.251 6.267 6.283 6.299 6.315 6.330 6.345 6.359 6.372 6.386 6.400 6.415 6.429 6.443 6.457 6.470 6.484 6.497 6.510 6.523 6.535 6.547 6.558 6.570 6.581 6.592 6.604 6.615 6.627 6.640 6.652 6.663 6.676 6.690 6.705 6.720 6.735 6.751 6.767 6.783 6.800 6.816 6.832 6.847 6.863 6.878 6.893 6.908 6.923 6.938 6.953 6.968 6.984 6.999 7.014 7.029 7.045 7.061 7.077 7.093 7.110
6.027 6.038 6.050 6.063 6.077 6.091 6.106 6.122 6.137 6.154 6.170 6.187 6.204 6.220 6.237 6.253 6.270 6.286 6.302 6.317 6.333 6.348 6.362 6.376 6.390 6.404 6.418 6.433 6.447 6.461 6.475 6.489 6.503 6.516 6.529 6.541 6.554 6.566 6.577 6.588 6.600 6.611 6.622 6.634 6.646 6.658 6.670 6.682 6.696 6.710 6.725 6.741 6.757 6.773 6.790 6.806 6.823 6.839 6.855 6.871 6.887 6.903 6.918 6.933 6.949 6.964 6.980 6.996 7.011 7.026 7.042 7.058 7.075 7.091 7.108 7.125
6.045 6.054 6.065 6.076 6.088 6.101 6.115 6.129 6.144 6.159 6.175 6.191 6.207 6.223 6.240 6.256 6.272 6.288 6.304 6.320 6.335 6.350 6.365 6.379 6.393 6.407 6.422 6.436 6.451 6.465 6.479 6.493 6.507 6.521 6.534 6.547 6.560 6.572 6.584 6.596 6.607 6.618 6.629 6.641 6.653 6.664 6.676 6.688 6.702 6.716 6.731 6.747 6.763 6.779 6.796 6.813 6.829 6.846 6.863 6.879 6.896 6.912 6.927 6.943 6.959 6.975 6.991 7.007 7.023 7.039 7.055 7.071 7.088 7.105 7.123 7.140
6.064 6.073 6.082 6.092 6.103 6.114 6.126 6.139 6.152 6.167 6.181 6.196 6.212 6.227 6.243 6.259 6.275 6.291 6.306 6.322 6.337 6.353 6.367 6.381 6.395 6.410 6.424 6.439 6.454 6.468 6.483 6.497 6.511 6.525 6.539 6.553 6.566 6.578 6.590 6.602 6.614 6.625 6.637 6.648 6.660 6.671 6.682 6.695 6.708 6.722 6.737 6.752 6.768 6.785 6.802 6.819 6.836 6.853 6.870 6.887 6.904 6.921 6.937 6.953 6.969 6.986 7.002 7.019 7.035 7.051 7.068 7.084 7.102 7.119 7.137 7.155
6.085 6.093 6.101 6.110 6.119 6.129 6.140 6.151 6.163 6.176 6.189 6.203 6.218 6.233 6.248 6.263 6.278 6.294 6.309 6.324 6.340 6.355 6.369 6.383 6.397 6.412 6.427 6.442 6.456 6.471 6.486 6.500 6.515 6.529 6.543 6.557 6.571 6.584 6.596 6.609 6.620 6.632 6.644 6.655 6.667 6.678 6.689 6.701 6.714 6.728 6.743 6.758 6.774 6.791 6.808 6.825 6.843 6.860 6.878 6.895 6.913 6.930 6.946 6.963 6.980 6.996 7.013 7.030 7.047 7.064 7.080 7.098 7.116 7.134 7.152 7.171
6.106 6.114 6.122 6.130 6.138 6.147 6.156 6.166 6.177 6.188 6.200 6.212 6.226 6.239 6.254 6.268 6.283 6.298 6.312 6.327 6.342 6.358 6.372 6.385 6.400 6.414 6.429 6.444 6.459 6.473 6.488 6.503 6.518 6.533 6.547 6.561 6.575 6.589 6.602 6.614 6.627 6.639 6.650 6.662 6.674 6.685 6.696 6.708 6.721 6.734 6.749 6.764 6.780 6.797 6.814 6.832 6.850 6.868 6.885 6.903 6.921 6.938 6.956 6.973 6.990 7.007 7.024 7.042 7.059 7.076 7.093 7.111 7.130 7.148 7.167 7.187
6.127 6.135 6.143 6.151 6.159 6.167 6.175 6.183 6.192 6.202 6.213 6.224 6.236 6.248 6.261 6.275 6.289 6.303 6.317 6.331 6.346 6.361 6.375 6.388 6.402 6.416 6.431 6.446 6.461 6.476 6.491 6.506 6.521 6.535 6.550 6.565 6.579 6.593 6.607 6.620 6.632 6.645 6.657 6.669 6.681 6.692 6.703 6.715 6.727 6.741 6.755 6.770 6.786 6.803 6.820 6.838 6.856 6.875 6.893 6.911 6.929 6.947 6.965 6.983 7.001 7.018 7.036 7.054 7.072 7.089 7.107 7.125 7.144 7.163 7.183 7.203
6.147 6.156 6.164 6.172 6.180 6.188 6.195 6.203 6.211 6.219 6.228 6.238 6.249 6.260 6.271 6.284 6.296 6.310 6.323 6.337 6.351 6.365 6.378 6.391 6.405 6.419 6.434 6.448 6.463 6.478 6.493 6.508 6.523 6.538 6.553 6.568 6.583 6.597 6.611 6.625 6.638 6.651 6.663 6.676 6.688 6.699 6.710 6.722 6.734 6.748 6.762 6.777 6.793 6.810 6.827 6.845 6.863 6.882 6.901 6.919 6.938 6.956 6.975 6.993 7.011 7.029 7.048 7.066 7.084 7.102 7.120 7.139 7.158 7.178 7.199 7.219
6.165 6.175 6.185 6.193 6.201 6.209 6.216 6.223 6.231 6.238 6.246 6.255 6.264 6.274 6.284 6.295 6.307 6.319 6.331 6.344 6.357 6.370 6.383 6.396 6.409 6.423 6.437 6.451 6.466 6.480 6.495 6.510 6.525 6.541 6.556 6.571 6.586 6.601 6.615 6.629 6.643 6.656 6.669 6.682 6.695 6.706 6.717 6.729 6.741 6.755 6.769 6.784 6.800 6.816 6.834 6.852 6.870 6.889 6.908 6.927 6.947 6.966 6.985 7.003 7.022 7.041 7.059 7.078 7.097 7.115 7.134 7.153 7.173 7.194 7.215 7.236
6.181 6.192 6.203 6.213 6.222 6.230 6.238 6.245 6.252 6.259 6.266 6.274 6.282 6.290 6.299 6.309 6.319 6.330 6.341 6.353 6.365 6.378 6.390 6.401 6.414 6.427 6.441 6.455 6.469 6.483 6.498 6.513 6.528 6.543 6.559 6.574 6.589 6.604 6.619 6.634 6.648 6.662 6.675 6.688 6.701 6.713 6.724 6.736 6.749 6.762 6.776 6.791 6.807 6.823 6.841 6.859 6.877 6.897 6.916 6.936 6.955 6.975 6.994 7.014 7.033 7.052 7.071 7.091 7.110 7.129 7.148 7.168 7.188 7.209 7.231 7.252
6.194 6.207 6.220 6.231 6.241 6.250 6.259 6.266 6.274 6.280 6.287 6.294 6.301 6.309 6.317 6.325 6.334 6.344 6.354 6.365 6.376 6.387 6.398 6.409 6.421 6.433 6.446 6.460 6.473 6.487 6.502 6.516 6.531 6.546 6.562 6.577 6.592 6.608 6.623 6.638 6.653 6.667 6.681 6.695 6.708 6.720 6.732 6.744 6.756 6.769 6.783 6.798 6.814 6.830 6.848 6.866 6.885 6.904 6.924 6.944 6.964 6.984 7.004 7.024 7.044 7.064 7.084 7.104 7.123 7.142 7.162 7.183 7.204 7.225 7.247 7.269
6.206 6.220 6.234 6.246 6.258 6.268 6.278 6.287 6.294 6.302 6.309 6.316 6.322 6.329 6.337 6.344 6.352 6.361 6.370 6.379 6.389 6.399 6.409 6.419 6.430 6.441 6.453 6.466 6.479 6.492 6.506 6.521 6.535 6.550 6.565 6.581 6.596 6.611 6.627 6.642 6.657 6.672 6.687 6.701 6.714 6.727 6.739 6.751 6.764 6.777 6.791 6.806 6.821 6.838 6.855 6.874 6.893 6.912 6.932 6.953 6.973 6.994 7.014 7.035 7.055 7.076 7.096 7.117 7.137 7.156 7.177 7.198 7.219 7.241 7.264 7.287
6.216 6.231 6.246 6.260 6.273 6.285 6.295 6.305 6.314 6.322 6.330 6.337 6.344 6.351 6.358 6.365 6.372 6.379 6.387 6.396 6.405 6.414 6.422 6.431 6.441 6.451 6.463 6.474 6.486 6.499 6.512 6.526 6.540 6.555 6.570 6.585 6.600 6.616 6.631 6.647 6.662 6.677 6.692 6.707 6.721 6.734 6.746 6.759 6.772 6.785 6.799 6.814 6.829 6.846 6.863 6.881 6.900 6.920 6.941 6.961 6.982 7.004 7.025 7.046 7.067 7.088 7.109 7.130 7.150 7.170 7.191 7.213 7.235 7.257 7.280 7.304
6.224 6.240 6.256 6.271 6.286 6.299 6.311 6.322 6.332 6.341 6.350 6.358 6.365 6.372 6.379 6.386 6.393 6.400 6.407 6.415 6.423 6.431 6.438 6.446 6.455 6.464 6.474 6.485 6.496 6.508 6.520 6.533 6.547 6.561 6.575 6.590 6.605 6.620 6.636 6.652 6.667 6.683 6.698 6.713 6.727 6.740 6.753 6.766 6.779 6.793 6.807 6.822 6.837 6.854 6.871 6.889 6.909 6.929 6.949 6.970 6.992 7.013 7.035 7.057 7.078 7.100 7.121 7.143 7.164 7.184 7.206 7.228 7.250 7.273 7.297 7.321
6.230 6.248 6.265 6.281 6.296 6.311 6.324 6.337 6.348 6.359 6.368 6.377 6.385 6.393 6.401 6.408 6.415 6.422 6.429 6.436 6.443 6.451 6.457 6.464 6.472 6.480 6.489 6.498 6.508 6.519 6.530 6.542 6.555 6.568 6.582 6.596 6.611 6.626 6.642 6.657 6.673 6.688 6.704 6.719 6.734 6.747 6.760 6.774 6.787 6.801 6.816 6.830 6.846 6.862 6.880 6.898 6.917 6.937 6.958 6.979 7.001 7.023 7.045 7.068 7.090 7.112 7.134 7.156 7.177 7.198 7.220 7.243 7.266 7.289 7.313 7.338
6.236 6.254 6.272 6.289 6.306 6.321 6.336 6.349 6.362 6.374 6.385 6.395 6.404 6.413 6.421 6.429 6.436 6.444 6.451 6.458 6.465 6.472 6.478 6.484 6.491 6.498 6.506 6.515 6.523 6.533 6.543 6.554 6.565 6.578 6.591 6.604 6.618 6.633 6.648 6.663 6.679 6.695 6.710 6.726 6.741 6.754 6.768 6.782 6.796 6.810 6.824 6.839 6.855 6.871 6.888 6.907 6.926 6.946 6.967 6.989 7.011 7.033 7.056 7.078 7.101 7.124 7.147 7.169 7.190 7.212 7.234 7.257 7.281 7.305 7.330 7.354
6.241 6.260 6.278 6.296 6.313 6.330 6.345 6.360 6.374 6.387 6.399 6.410 6.421 6.431 6.440 6.449 6.457 6.465 6.473 6.480 6.488 6.494 6.500 6.506 6.512 6.519 6.526 6.534 6.541 6.550 6.559 6.568 6.578 6.589 6.601 6.614 6.627 6.641 6.656 6.671 6.686 6.702 6.718 6.733 6.748 6.762 6.776 6.790 6.804 6.818 6.833 6.848 6.864 6.880 6.897 6.915 6.935 6.955 6.976 6.998 7.020 7.043 7.066 7.089 7.112 7.136 7.159 7.181 7.203 7.225 7.248 7.271 7.295 7.320 7.345 7.371
6.246 6.265 6.284 6.303 6.320 6.338 6.354 6.370 6.384 6.398 6.412 6.424 6.436 6.447 6.457 6.467 6.476 6.485 6.493 6.502 6.510 6.516 6.522 6.529 6.535 6.542 6.548 6.555 6.562 6.569 6.577 6.585 6.594 6.604 6.615 6.626 6.639 6.652 6.666 6.680 6.695 6.710 6.726 6.741 6.756 6.770 6.784 6.799 6.813 6.828 6.842 6.857 6.873 6.889 6.907 6.925 6.944 6.964 6.985 7.007 7.030 7.053 7.076 7.100 7.123 7.147 7.171 7.194 7.216 7.238 7.262 7.285 7.310 7.335 7.360 7.386
6.250 6.270 6.289 6.308 6.327 6.344 6.362 6.378 6.394 6.409 6.423 6.436 6.449 6.461 6.472 6.483 6.494 6.503 6.513 6.522 6.531 6.538 6.545 6.551 6.558 6.565 6.571 6.578 6.584 6.591 6.598 6.605 6.613 6.621 6.631 6.641 6.652 6.664 6.677 6.691 6.705 6.720 6.735 6.750 6.765 6.779 6.793 6.808 6.822 6.837 6.852 6.867 6.883 6.899 6.916 6.934 6.953 6.974 6.995 7.017 7.040 7.063 7.087 7.110 7.134 7.158 7.182 7.206 7.228 7.251 7.274 7.298 7.323 7.349 7.375 7.401
6.255 6.275 6.294 6.314 6.332 6.351 6.368 6.385 6.402 6.418 6.433 6.447 6.461 6.474 6.486 6.498 6.509 6.520 6.531 6.541 6.550 6.559 6.566 6.574 6.581 6.588 6.595 6.602 6.608 6.614 6.621 6.627 6.634 6.641 6.649 6.658 6.668 6.679 6.691 6.703 6.717 6.731 6.746 6.761 6.775 6.789 6.803 6.818 6.832 6.847 6.862 6.877 6.893 6.909 6.926 6.944 6.963 6.983 7.004 7.026 7.049 7.073 7.097 7.121 7.145 7.169 7.193 7.217 7.240 7.263 7.287 7.311 7.336 7.362 7.388 7.415
6.259 6.279 6.299 6.319 6.338 6.357 6.375 6.392 6.409 6.426 6.442 6.457 6.471 6.485 6.499 6.511 6.523 6.535 6.547 6.558 6.568 6.578 6.586 6.595 6.603 6.611 6.619 6.626 6.632 6.639 6.645 6.651 6.657 6.664 6.671 6.678 6.687 6.696 6.707 6.718 6.731 6.744 6.758 6.772 6.787 6.800 6.814 6.829 6.843 6.858 6.873 6.888 6.904 6.920 6.937 6.954 6.973 6.993 7.014 7.036 7.059 7.082 7.106 7.131 7.155 7.180 7.204 7.228 7.251 7.274 7.298 7.323 7.348 7.374 7.400 7.427
6.264 6.284 6.304 6.324 6.344 6.363 6.381 6.399 6.417 6.434 6.450 6.466 6.481 6.496 6.510 6.523 6.536 6.549 6.561 6.573 6.585 6.595 6.604 6.614 6.623 6.632 6.641 6.649 6.656 6.663 6.669 6.676 6.681 6.687 6.694 6.700 6.708 6.716 6.725 6.736 6.747 6.759 6.772 6.786 6.800 6.813 6.827 6.841 6.855 6.870 6.885 6.900 6.915 6.931 6.948 6.965 6.984 7.003 7.024 7.046 7.069 7.092 7.116 7.141 7.165 7.190 7.215 7.239 7.262 7.285 7.309 7.333 7.359 7.385 7.412 7.438
6.269 6.290 6.310 6.330 6.349 6.368 6.387 6.406 6.424 6.441 6.458 6.474 6.490 6.505 6.520 6.534 6.548 6.561 6.574 6.587 6.599 6.611 6.621 6.631 6.642 6.652 6.661 6.670 6.679 6.686 6.694 6.700 6.706 6.712 6.718 6.724 6.731 6.738 6.746 6.755 6.765 6.777 6.789 6.802 6.815 6.827 6.840 6.854 6.868 6.883 6.897 6.912 6.927 6.943 6.959 6.976 6.995 7.014 7.034 7.056 7.079 7.102 7.126 7.150 7.175 7.200 7.225 7.249 7.272 7.295 7.319 7.343 7.368 7.395 7.421 7.447
6.275 6.295 6.315 6.335 6.355 6.374 6.394 6.412 6.430 6.448 6.466 6.482 6.499 6.514 6.530 6.545 6.559 6.573 6.587 6.600 6.613 6.625 6.636 6.647 6.659 6.669 6.680 6.690 6.700 6.708 6.716 6.724 6.730 6.737 6.743 6.749 6.755 6.761 6.769 6.777 6.786 6.796 6.807 6.819 6.831 6.843 6.856 6.869 6.883 6.897 6.911 6.925 6.940 6.955 6.971 6.988 7.006 7.025 7.045 7.066 7.089 7.112 7.136 7.160 7.185 7.210 7.234 7.258 7.281 7.304 7.328 7.352 7.377 7.403 7.429 7.455
6.281 6.301 6.321 6.341 6.361 6.381 6.400 6.419 6.437 6.455 6.473 6.490 6.507 6.523 6.539 6.554 6.569 6.584 6.598 6.612 6.626 6.638 6.650 6.662 6.674 6.686 6.697 6.708 6.719 6.728 6.737 6.746 6.753 6.760 6.767 6.773 6.779 6.785 6.792 6.800 6.808 6.817 6.827 6.839 6.850 6.861 6.873 6.886 6.899 6.912 6.926 6.940 6.954 6.969 6.985 7.001 7.018 7.036 7.056 7.077 7.099 7.122 7.146 7.170 7.194 7.219 7.244 7.267 7.290 7.313 7.336 7.360 7.384 7.410 7.436 7.462
6.287 6.307 6.327 6.347 6.367 6.387 6.407 6.426 6.444 6.463 6.481 6.498 6.516 6.532 6.548 6.564 6.580 6.595 6.609 6.624 6.638 6.651 6.663 6.675 6.688 6.700 6.712 6.724 6.736 6.746 6.757 6.766 6.775 6.782 6.790 6.796 6.803 6.809 6.816 6.823 6.831 6.839 6.849 6.859 6.870 6.880 6.892 6.904 6.917 6.930 6.943 6.956 6.970 6.984 6.999 7.014 7.031 7.049 7.068 7.088 7.109 7.132 7.156 7.180 7.204 7.229 7.253 7.276 7.299 7.321 7.343 7.366 7.391 7.415 7.441 7.467
6.294 6.314 6.334 6.354 6.374 6.394 6.413 6.433 6.452 6.470 6.489 6.506 6.524 6.541 6.558 6.574 6.590 6.605 6.620 6.635 6.649 6.663 6.675 6.688 6.701 6.714 6.727 6.739 6.751 6.763 6.774 6.784 6.794 6.803 6.811 6.818 6.826 6.832 6.839 6.846 6.854 6.862 6.871 6.881 6.891 6.901 6.912 6.923 6.936 6.948 6.961 6.973 6.986 7.000 7.014 7.029 7.044 7.061 7.080 7.099 7.120 7.143 7.166 7.190 7.214 7.238 7.262 7.285 7.307 7.328 7.350 7.372 7.396 7.420 7.446 7.472
