version1/TsunamiDB/out54148.asc
ncols          264
nrows          230
xllcorner      497853.4375
yllcorner      4229146.0000
cellsize         5.
NODATA_value   -99
[rows 170 to 203 of 230, columns 154 to 230 of 264]
7.239 7.240 7.241 7.242 7.243 7.243 7.244 7.244 7.244 7.243 7.238 7.230 7.220 7.211 7.202 7.192 7.186 7.187 7.196 7.213 7.240 7.274 7.311 7.338 7.372 7.425 7.480 7.536 7.591 7.644 7.696 7.742 7.783 7.810 7.837 7.875 7.912 7.946 7.977 8.005 8.030 8.051 8.070 8.081 8.093 8.110 8.126 8.141 8.155 8.169 8.182 8.194 8.205 8.212 8.218 8.229 8.241 8.252 8.262 8.271 8.279 8.286 8.292 8.294 8.297 8.302 8.307 8.311 8.315 8.319 8.323 8.327 8.330 8.332 8.333 8.338 8.343
7.243 7.244 7.245 7.245 7.246 7.247 7.247 7.248 7.247 7.246 7.242 7.234 7.224 7.215 7.207 7.198 7.194 7.197 7.206 7.225 7.253 7.289 7.328 7.357 7.393 7.447 7.504 7.562 7.617 7.671 7.722 7.767 7.807 7.832 7.858 7.894 7.930 7.962 7.991 8.018 8.042 8.063 8.081 8.093 8.104 8.120 8.136 8.151 8.164 8.177 8.190 8.202 8.213 8.219 8.226 8.237 8.249 8.260 8.269 8.278 8.286 8.292 8.298 8.300 8.302 8.307 8.312 8.316 8.320 8.323 8.327 8.330 8.334 8.336 8.337 8.342 8.347
7.247 7.247 7.248 7.249 7.250 7.251 7.251 7.251 7.251 7.250 7.246 7.238 7.228 7.220 7.212 7.205 7.202 7.206 7.217 7.237 7.267 7.304 7.346 7.377 7.414 7.471 7.529 7.588 7.643 7.696 7.747 7.791 7.829 7.852 7.877 7.912 7.945 7.977 8.005 8.030 8.054 8.074 8.092 8.104 8.114 8.130 8.146 8.160 8.173 8.186 8.198 8.209 8.221 8.227 8.234 8.245 8.257 8.267 8.277 8.285 8.293 8.299 8.305 8.307 8.308 8.313 8.317 8.321 8.324 8.328 8.331 8.335 8.339 8.340 8.341 8.346 8.351
7.250 7.251 7.252 7.253 7.254 7.255 7.255 7.256 7.256 7.255 7.251 7.243 7.234 7.226 7.219 7.213 7.212 7.217 7.229 7.250 7.281 7.321 7.366 7.398 7.437 7.495 7.554 7.612 7.668 7.720 7.770 7.812 7.848 7.871 7.895 7.928 7.960 7.990 8.017 8.042 8.065 8.085 8.103 8.114 8.124 8.140 8.155 8.169 8.181 8.193 8.205 8.217 8.229 8.235 8.242 8.253 8.264 8.275 8.284 8.292 8.299 8.305 8.311 8.313 8.314 8.318 8.322 8.326 8.329 8.332 8.336 8.339 8.343 8.345 8.346 8.351 8.356
7.254 7.255 7.256 7.257 7.258 7.259 7.260 7.260 7.261 7.260 7.256 7.249 7.240 7.234 7.228 7.222 7.222 7.229 7.242 7.264 7.296 7.338 7.385 7.419 7.459 7.518 7.578 7.636 7.690 7.743 7.791 7.832 7.867 7.889 7.911 7.943 7.974 8.003 8.029 8.053 8.076 8.096 8.113 8.124 8.134 8.149 8.164 8.178 8.190 8.202 8.213 8.225 8.237 8.243 8.250 8.261 8.272 8.282 8.291 8.299 8.306 8.312 8.317 8.318 8.320 8.324 8.328 8.331 8.334 8.337 8.340 8.344 8.348 8.350 8.351 8.356 8.361
7.259 7.260 7.261 7.262 7.263 7.264 7.265 7.266 7.266 7.266 7.263 7.256 7.247 7.242 7.237 7.232 7.234 7.241 7.255 7.278 7.311 7.355 7.407 7.443 7.483 7.542 7.602 7.659 7.714 7.765 7.813 7.853 7.886 7.906 7.927 7.958 7.988 8.016 8.041 8.066 8.088 8.107 8.124 8.135 8.145 8.159 8.174 8.187 8.199 8.211 8.222 8.233 8.246 8.252 8.258 8.269 8.280 8.290 8.298 8.306 8.313 8.319 8.323 8.324 8.326 8.329 8.333 8.336 8.339 8.342 8.346 8.349 8.354 8.356 8.357 8.362 8.367
7.263 7.264 7.266 7.267 7.268 7.269 7.270 7.271 7.273 7.273 7.270 7.263 7.255 7.250 7.246 7.243 7.245 7.254 7.269 7.294 7.328 7.378 7.433 7.467 7.507 7.568 7.627 7.683 7.737 7.788 7.834 7.872 7.902 7.922 7.943 7.973 8.002 8.029 8.054 8.078 8.100 8.119 8.135 8.145 8.155 8.169 8.183 8.196 8.208 8.220 8.230 8.242 8.255 8.261 8.267 8.278 8.288 8.297 8.305 8.313 8.320 8.325 8.329 8.330 8.331 8.335 8.338 8.342 8.345 8.348 8.351 8.355 8.360 8.362 8.363 8.368 8.373
7.268 7.269 7.271 7.272 7.273 7.275 7.276 7.278 7.279 7.280 7.277 7.271 7.264 7.260 7.257 7.255 7.258 7.269 7.286 7.313 7.353 7.405 7.458 7.492 7.532 7.592 7.650 7.706 7.759 7.808 7.852 7.888 7.919 7.938 7.958 7.987 8.015 8.042 8.067 8.090 8.111 8.129 8.146 8.156 8.165 8.179 8.193 8.206 8.218 8.229 8.241 8.253 8.265 8.271 8.276 8.287 8.296 8.305 8.313 8.320 8.326 8.331 8.335 8.336 8.337 8.340 8.344 8.347 8.350 8.354 8.357 8.362 8.367 8.368 8.370 8.375 8.380
7.273 7.274 7.276 7.278 7.279 7.281 7.283 7.285 7.287 7.287 7.286 7.281 7.274 7.272 7.269 7.268 7.273 7.286 7.306 7.336 7.379 7.430 7.482 7.516 7.556 7.615 7.673 7.728 7.779 7.827 7.869 7.904 7.935 7.954 7.973 8.001 8.029 8.056 8.080 8.103 8.123 8.141 8.157 8.166 8.175 8.190 8.204 8.217 8.229 8.240 8.252 8.263 8.275 8.280 8.285 8.295 8.304 8.312 8.320 8.326 8.332 8.336 8.340 8.341 8.342 8.346 8.349 8.353 8.356 8.360 8.364 8.368 8.373 8.375 8.376 8.381 8.386
7.278 7.280 7.282 7.283 7.285 7.288 7.290 7.292 7.294 7.296 7.295 7.291 7.285 7.284 7.283 7.284 7.291 7.305 7.328 7.361 7.405 7.455 7.505 7.539 7.579 7.637 7.694 7.749 7.799 7.844 7.885 7.920 7.951 7.969 7.988 8.016 8.044 8.070 8.093 8.115 8.135 8.152 8.168 8.178 8.186 8.201 8.215 8.228 8.240 8.252 8.263 8.274 8.284 8.289 8.294 8.304 8.312 8.320 8.326 8.332 8.338 8.342 8.346 8.347 8.348 8.351 8.355 8.359 8.362 8.366 8.370 8.375 8.379 8.381 8.382 8.387 8.392
7.283 7.285 7.288 7.290 7.292 7.294 7.297 7.300 7.303 7.305 7.305 7.301 7.297 7.297 7.298 7.301 7.309 7.327 7.352 7.385 7.429 7.478 7.527 7.562 7.601 7.658 7.714 7.768 7.816 7.861 7.901 7.936 7.967 7.985 8.003 8.031 8.058 8.084 8.107 8.128 8.147 8.164 8.180 8.190 8.198 8.212 8.226 8.240 8.252 8.263 8.274 8.285 8.294 8.299 8.304 8.312 8.320 8.327 8.333 8.338 8.343 8.347 8.351 8.352 8.353 8.357 8.361 8.365 8.369 8.373 8.377 8.381 8.386 8.387 8.389 8.393 8.398
7.289 7.291 7.294 7.296 7.299 7.302 7.305 7.308 7.312 7.315 7.316 7.313 7.310 7.312 7.314 7.319 7.330 7.349 7.374 7.408 7.452 7.499 7.549 7.583 7.622 7.679 7.734 7.787 7.834 7.878 7.917 7.952 7.983 8.001 8.018 8.046 8.073 8.098 8.120 8.141 8.160 8.177 8.193 8.202 8.210 8.225 8.239 8.252 8.264 8.275 8.286 8.296 8.305 8.309 8.313 8.320 8.328 8.334 8.340 8.345 8.349 8.353 8.357 8.358 8.359 8.363 8.367 8.371 8.375 8.379 8.383 8.387 8.392 8.393 8.395 8.399 8.404
7.295 7.298 7.301 7.303 7.306 7.310 7.313 7.317 7.321 7.325 7.327 7.326 7.324 7.327 7.331 7.337 7.350 7.370 7.396 7.430 7.473 7.520 7.570 7.604 7.643 7.699 7.754 7.805 7.852 7.894 7.933 7.968 7.999 8.017 8.034 8.062 8.088 8.113 8.134 8.155 8.173 8.190 8.206 8.215 8.223 8.238 8.251 8.264 8.276 8.287 8.297 8.307 8.315 8.319 8.322 8.329 8.335 8.341 8.346 8.351 8.355 8.359 8.363 8.364 8.365 8.369 8.373 8.377 8.381 8.385 8.389 8.394 8.398 8.399 8.401 8.405 8.410
7.302 7.305 7.308 7.311 7.314 7.318 7.322 7.327 7.332 7.336 7.339 7.338 7.338 7.342 7.348 7.356 7.370 7.391 7.418 7.452 7.494 7.541 7.591 7.626 7.664 7.720 7.774 7.824 7.870 7.912 7.950 7.985 8.015 8.033 8.050 8.077 8.103 8.127 8.149 8.168 8.187 8.204 8.220 8.228 8.236 8.251 8.264 8.277 8.288 8.299 8.309 8.317 8.325 8.328 8.331 8.337 8.343 8.348 8.353 8.357 8.361 8.365 8.369 8.370 8.371 8.375 8.379 8.383 8.387 8.391 8.395 8.399 8.404 8.405 8.407 8.411 8.415
7.309 7.312 7.315 7.318 7.322 7.326 7.331 7.336 7.342 7.347 7.351 7.352 7.352 7.358 7.366 7.375 7.391 7.413 7.440 7.473 7.514 7.562 7.612 7.647 7.686 7.741 7.793 7.843 7.887 7.929 7.967 8.001 8.032 8.049 8.066 8.093 8.118 8.142 8.163 8.182 8.200 8.217 8.233 8.242 8.250 8.264 8.277 8.289 8.300 8.311 8.320 8.328 8.335 8.337 8.340 8.345 8.351 8.355 8.360 8.364 8.368 8.371 8.375 8.376 8.377 8.381 8.385 8.389 8.393 8.397 8.401 8.405 8.410 8.411 8.412 8.417 8.421
7.316 7.319 7.323 7.326 7.331 7.335 7.341 7.347 7.353 7.359 7.363 7.365 7.367 7.374 7.383 7.394 7.411 7.433 7.460 7.493 7.534 7.581 7.634 7.669 7.707 7.761 7.813 7.861 7.905 7.947 7.984 8.018 8.048 8.065 8.081 8.108 8.134 8.157 8.178 8.197 8.215 8.231 8.248 8.256 8.264 8.278 8.291 8.302 8.313 8.323 8.332 8.339 8.345 8.347 8.349 8.354 8.359 8.363 8.367 8.371 8.374 8.378 8.382 8.383 8.384 8.388 8.392 8.396 8.400 8.404 8.407 8.411 8.416 8.417 8.418 8.422 8.426
7.323 7.327 7.331 7.335 7.339 7.345 7.351 7.357 7.364 7.370 7.375 7.377 7.380 7.389 7.400 7.412 7.430 7.453 7.480 7.514 7.554 7.604 7.658 7.692 7.730 7.783 7.834 7.881 7.924 7.965 8.002 8.036 8.065 8.082 8.098 8.124 8.149 8.172 8.193 8.212 8.230 8.247 8.263 8.271 8.278 8.292 8.304 8.316 8.326 8.335 8.344 8.350 8.355 8.357 8.358 8.363 8.367 8.371 8.375 8.378 8.382 8.385 8.389 8.390 8.391 8.395 8.399 8.403 8.406 8.410 8.414 8.418 8.422 8.423 8.424 8.428 8.432
7.331 7.335 7.339 7.344 7.348 7.354 7.361 7.368 7.375 7.381 7.386 7.389 7.394 7.404 7.417 7.431 7.450 7.473 7.502 7.536 7.578 7.630 7.682 7.715 7.752 7.804 7.854 7.901 7.944 7.984 8.020 8.053 8.083 8.099 8.114 8.140 8.165 8.188 8.209 8.228 8.246 8.263 8.279 8.286 8.293 8.306 8.318 8.329 8.339 8.347 8.355 8.360 8.365 8.366 8.368 8.371 8.375 8.379 8.383 8.386 8.389 8.393 8.397 8.397 8.398 8.402 8.406 8.410 8.413 8.417 8.421 8.425 8.428 8.429 8.430 8.434 8.437
7.339 7.344 7.348 7.353 7.358 7.364 7.371 7.378 7.385 7.391 7.396 7.401 7.408 7.420 7.434 7.449 7.470 7.495 7.524 7.560 7.604 7.654 7.704 7.738 7.775 7.826 7.875 7.922 7.963 8.003 8.039 8.071 8.100 8.116 8.131 8.157 8.182 8.205 8.225 8.245 8.263 8.279 8.294 8.301 8.308 8.320 8.332 8.342 8.351 8.359 8.365 8.370 8.375 8.376 8.377 8.381 8.384 8.388 8.391 8.394 8.398 8.401 8.404 8.405 8.406 8.409 8.413 8.417 8.421 8.424 8.428 8.431 8.435 8.436 8.437 8.440 8.443
7.348 7.352 7.357 7.362 7.367 7.373 7.380 7.388 7.395 7.401 7.406 7.413 7.422 7.436 7.452 7.469 7.491 7.518 7.548 7.585 7.629 7.678 7.727 7.761 7.797 7.848 7.897 7.943 7.984 8.022 8.057 8.089 8.118 8.133 8.148 8.174 8.199 8.222 8.243 8.262 8.279 8.295 8.310 8.316 8.323 8.334 8.345 8.355 8.363 8.370 8.375 8.380 8.384 8.385 8.386 8.390 8.393 8.397 8.400 8.403 8.406 8.409 8.413 8.413 8.413 8.417 8.421 8.425 8.428 8.432 8.435 8.439 8.442 8.442 8.443 8.446 8.449
7.357 7.362 7.366 7.371 7.377 7.383 7.390 7.397 7.403 7.410 7.417 7.425 7.436 7.452 7.470 7.489 7.513 7.541 7.573 7.610 7.653 7.701 7.750 7.784 7.821 7.871 7.920 7.965 8.006 8.043 8.077 8.108 8.137 8.152 8.166 8.192 8.217 8.240 8.261 8.279 8.297 8.312 8.326 8.332 8.337 8.348 8.358 8.367 8.374 8.380 8.386 8.390 8.394 8.395 8.396 8.399 8.403 8.406 8.409 8.412 8.415 8.418 8.421 8.421 8.422 8.425 8.429 8.433 8.436 8.440 8.443 8.446 8.449 8.449 8.449 8.452 8.455
7.366 7.371 7.375 7.380 7.386 7.392 7.398 7.405 7.412 7.419 7.427 7.438 7.451 7.469 7.489 7.510 7.536 7.566 7.598 7.634 7.676 7.723 7.773 7.808 7.845 7.895 7.944 7.989 8.028 8.064 8.096 8.127 8.156 8.171 8.185 8.211 8.236 8.258 8.279 8.297 8.314 8.328 8.341 8.347 8.352 8.362 8.371 8.379 8.385 8.391 8.396 8.400 8.404 8.405 8.406 8.409 8.412 8.415 8.418 8.421 8.424 8.427 8.430 8.430 8.430 8.434 8.438 8.441 8.445 8.448 8.451 8.454 8.456 8.456 8.456 8.458 8.461
7.376 7.380 7.385 7.389 7.395 7.400 7.406 7.413 7.420 7.428 7.438 7.451 7.466 7.486 7.507 7.531 7.559 7.589 7.621 7.658 7.698 7.746 7.797 7.834 7.870 7.922 7.971 8.013 8.051 8.085 8.116 8.147 8.176 8.190 8.204 8.230 8.255 8.277 8.297 8.315 8.331 8.344 8.356 8.361 8.366 8.375 8.383 8.390 8.396 8.402 8.406 8.410 8.414 8.415 8.415 8.419 8.422 8.425 8.427 8.430 8.433 8.436 8.439 8.439 8.439 8.443 8.447 8.450 8.454 8.457 8.459 8.462 8.464 8.463 8.463 8.465 8.467
7.385 7.390 7.394 7.398 7.403 7.408 7.414 7.420 7.428 7.438 7.449 7.464 7.481 7.502 7.525 7.550 7.580 7.611 7.644 7.680 7.722 7.771 7.824 7.861 7.898 7.950 7.997 8.038 8.074 8.107 8.137 8.167 8.195 8.210 8.223 8.250 8.274 8.295 8.314 8.332 8.347 8.360 8.371 8.375 8.379 8.387 8.395 8.401 8.407 8.412 8.416 8.420 8.424 8.424 8.425 8.428 8.431 8.434 8.437 8.439 8.442 8.445 8.448 8.448 8.449 8.452 8.456 8.459 8.462 8.465 8.468 8.470 8.471 8.471 8.470 8.472 8.473
7.395 7.399 7.403 7.407 7.411 7.415 7.421 7.428 7.436 7.447 7.460 7.477 7.496 7.518 7.542 7.569 7.601 7.634 7.668 7.705 7.747 7.796 7.851 7.890 7.927 7.978 8.024 8.064 8.098 8.129 8.158 8.186 8.215 8.229 8.243 8.269 8.292 8.313 8.331 8.348 8.363 8.375 8.385 8.388 8.391 8.399 8.406 8.412 8.417 8.422 8.426 8.429 8.433 8.434 8.434 8.437 8.440 8.443 8.446 8.448 8.451 8.454 8.457 8.458 8.458 8.462 8.465 8.468 8.471 8.474 8.476 8.478 8.479 8.478 8.478 8.479 8.480
7.405 7.409 7.411 7.415 7.419 7.422 7.428 7.434 7.443 7.456 7.472 7.490 7.511 7.534 7.559 7.588 7.622 7.657 7.692 7.731 7.772 7.822 7.883 7.923 7.960 8.009 8.054 8.091 8.123 8.153 8.180 8.207 8.237 8.251 8.264 8.289 8.312 8.331 8.349 8.365 8.379 8.390 8.399 8.402 8.404 8.411 8.417 8.423 8.428 8.432 8.436 8.439 8.443 8.443 8.444 8.447 8.450 8.453 8.455 8.458 8.460 8.463 8.467 8.468 8.468 8.471 8.475 8.478 8.480 8.483 8.485 8.487 8.487 8.486 8.485 8.486 8.487
7.414 7.417 7.419 7.423 7.426 7.430 7.435 7.442 7.453 7.467 7.484 7.503 7.525 7.550 7.576 7.608 7.644 7.681 7.719 7.759 7.801 7.860 7.923 7.960 7.994 8.041 8.083 8.118 8.148 8.176 8.201 8.230 8.260 8.273 8.285 8.309 8.331 8.350 8.366 8.381 8.394 8.404 8.412 8.414 8.416 8.423 8.428 8.433 8.438 8.442 8.446 8.449 8.452 8.453 8.453 8.456 8.459 8.462 8.465 8.467 8.470 8.473 8.477 8.478 8.478 8.481 8.484 8.487 8.490 8.492 8.494 8.495 8.495 8.494 8.493 8.493 8.494
7.423 7.426 7.428 7.431 7.435 7.438 7.443 7.451 7.463 7.477 7.495 7.516 7.541 7.568 7.595 7.630 7.669 7.709 7.750 7.794 7.843 7.904 7.962 7.996 8.029 8.073 8.112 8.145 8.174 8.200 8.226 8.255 8.282 8.294 8.306 8.329 8.349 8.367 8.383 8.397 8.409 8.417 8.424 8.426 8.428 8.434 8.439 8.444 8.448 8.452 8.455 8.459 8.462 8.462 8.463 8.466 8.469 8.472 8.475 8.477 8.480 8.484 8.487 8.488 8.488 8.491 8.494 8.497 8.499 8.501 8.503 8.503 8.503 8.502 8.501 8.501 8.501
7.433 7.435 7.437 7.440 7.444 7.447 7.453 7.462 7.473 7.488 7.507 7.531 7.559 7.587 7.615 7.654 7.697 7.741 7.786 7.835 7.889 7.947 8.000 8.032 8.063 8.104 8.141 8.172 8.200 8.226 8.252 8.278 8.304 8.315 8.326 8.347 8.367 8.383 8.398 8.411 8.422 8.430 8.436 8.438 8.439 8.445 8.450 8.454 8.458 8.462 8.465 8.468 8.471 8.471 8.472 8.475 8.478 8.481 8.484 8.487 8.490 8.494 8.497 8.498 8.498 8.501 8.504 8.506 8.508 8.510 8.511 8.511 8.512 8.510 8.509 8.509 8.509
7.443 7.445 7.447 7.450 7.454 7.457 7.463 7.472 7.484 7.499 7.519 7.547 7.579 7.608 7.639 7.682 7.729 7.777 7.827 7.880 7.934 7.988 8.037 8.067 8.096 8.134 8.169 8.198 8.226 8.252 8.276 8.301 8.324 8.334 8.345 8.365 8.383 8.399 8.413 8.424 8.434 8.442 8.448 8.449 8.451 8.456 8.460 8.464 8.468 8.471 8.474 8.477 8.480 8.481 8.481 8.484 8.488 8.491 8.494 8.498 8.501 8.504 8.507 8.507 8.508 8.510 8.513 8.515 8.517 8.518 8.519 8.519 8.519 8.518 8.516 8.516 8.516
7.453 7.456 7.457 7.461 7.464 7.468 7.474 7.484 7.495 7.511 7.534 7.565 7.601 7.633 7.666 7.713 7.764 7.817 7.871 7.925 7.978 8.029 8.073 8.102 8.129 8.164 8.196 8.225 8.252 8.276 8.300 8.323 8.344 8.354 8.363 8.382 8.399 8.414 8.426 8.437 8.446 8.453 8.459 8.461 8.462 8.466 8.471 8.474 8.478 8.481 8.483 8.486 8.489 8.490 8.490 8.494 8.497 8.501 8.504 8.508 8.511 8.514 8.517 8.517 8.517 8.520 8.522 8.524 8.525 8.526 8.527 8.527 8.527 8.526 8.524 8.524 8.524
7.464 7.466 7.468 7.472 7.476 7.479 7.486 7.496 7.508 7.524 7.550 7.584 7.626 7.660 7.695 7.747 7.803 7.859 7.914 7.969 8.021 8.068 8.110 8.136 8.161 8.193 8.224 8.252 8.276 8.300 8.322 8.343 8.363 8.372 8.381 8.398 8.414 8.428 8.439 8.450 8.458 8.465 8.471 8.472 8.473 8.477 8.481 8.484 8.487 8.490 8.492 8.495 8.499 8.499 8.499 8.503 8.507 8.511 8.514 8.518 8.521 8.524 8.527 8.527 8.527 8.529 8.531 8.532 8.533 8.534 8.535 8.535 8.535 8.534 8.532 8.532 8.532
7.475 7.477 7.479 7.483 7.487 7.491 7.498 7.508 7.521 7.539 7.567 7.607 7.654 7.690 7.728 7.786 7.844 7.902 7.958 8.012 8.062 8.107 8.145 8.169 8.192 8.223 8.251 8.277 8.301 8.323 8.344 8.363 8.381 8.389 8.398 8.414 8.428 8.441 8.452 8.462 8.470 8.476 8.482 8.482 8.483 8.487 8.491 8.494 8.497 8.499 8.501 8.504 8.508 8.508 8.509 8.512 8.516 8.520 8.524 8.528 8.531 8.534 8.536 8.536 8.536 8.537 8.539 8.540 8.541 8.542 8.543 8.543 8.543 8.541 8.540 8.540 8.539
7.486 7.489 7.490 7.494 7.499 7.503 7.511 7.522 7.536 7.556 7.589 7.633 7.685 7.723 7.764 7.825 7.884 7.943 7.999 8.051 8.100 8.142 8.177 8.199 8.220 8.249 8.275 8.300 8.323 8.343 8.363 8.382 8.398 8.406 8.414 8.428 8.442 8.454 8.464 8.473 8.481 8.487 8.492 8.493 8.493 8.497 8.500 8.503 8.506 8.508 8.510 8.513 8.517 8.517 8.518 8.522 8.526 8.530 8.533 8.537 8.540 8.543 8.545 8.545 8.544 8.546 8.547 8.548 8.549 8.550 8.550 8.550 8.550 8.549 8.547 8.547 8.547
