version1/TsunamiDB/out54075.asc
ncols          264
nrows          230
xllcorner      497853.4375
yllcorner      4229146.0000
cellsize         5.
NODATA_value   -99
[rows 102 to 135 of 230, columns 152 to 227 of 264]
6.495 6.528 6.561 6.593 6.623 6.653 6.682 6.709 6.736 6.761 6.786 6.809 6.831 6.853 6.873 6.893 6.912 6.930 6.947 6.963 6.977 6.991 7.004 7.016 7.027 7.038 7.048 7.057 7.066 7.075 7.084 7.094 7.104 7.114 7.126 7.138 7.151 7.164 7.177 7.191 7.205 7.219 7.232 7.245 7.258 7.271 7.285 7.300 7.315 7.331 7.346 7.361 7.376 7.390 7.404 7.418 7.433 7.448 7.464 7.482 7.500 7.519 7.539 7.562 7.589 7.623 7.658 7.699 7.749 7.804 7.867 7.939 8.022 8.117 8.211 8.272
6.450 6.485 6.519 6.553 6.586 6.618 6.649 6.679 6.707 6.735 6.762 6.787 6.812 6.835 6.857 6.879 6.899 6.919 6.938 6.955 6.971 6.985 7.000 7.013 7.025 7.037 7.048 7.059 7.068 7.078 7.088 7.097 7.108 7.118 7.130 7.142 7.155 7.168 7.181 7.195 7.209 7.223 7.236 7.248 7.261 7.275 7.289 7.303 7.319 7.335 7.351 7.366 7.381 7.394 7.408 7.421 7.436 7.451 7.468 7.486 7.507 7.529 7.554 7.582 7.614 7.651 7.691 7.736 7.788 7.845 7.906 7.975 8.058 8.154 8.251 8.311
6.404 6.439 6.473 6.508 6.542 6.575 6.608 6.640 6.671 6.701 6.730 6.757 6.784 6.810 6.834 6.858 6.880 6.902 6.923 6.942 6.959 6.976 6.991 7.006 7.020 7.033 7.046 7.057 7.068 7.078 7.089 7.099 7.109 7.120 7.132 7.144 7.157 7.170 7.184 7.198 7.211 7.225 7.238 7.251 7.263 7.277 7.291 7.306 7.321 7.338 7.354 7.370 7.385 7.398 7.410 7.424 7.438 7.453 7.471 7.491 7.514 7.541 7.570 7.603 7.640 7.681 7.724 7.773 7.828 7.887 7.948 8.016 8.096 8.190 8.290 8.351
6.361 6.394 6.427 6.461 6.495 6.529 6.562 6.595 6.627 6.659 6.690 6.720 6.749 6.777 6.804 6.829 6.854 6.878 6.901 6.922 6.942 6.960 6.978 6.995 7.010 7.025 7.039 7.052 7.064 7.075 7.086 7.097 7.108 7.120 7.132 7.144 7.157 7.171 7.184 7.198 7.212 7.226 7.239 7.251 7.264 7.277 7.291 7.306 7.323 7.339 7.356 7.372 7.387 7.400 7.411 7.424 7.439 7.455 7.474 7.496 7.523 7.555 7.590 7.627 7.669 7.713 7.758 7.811 7.869 7.929 7.990 8.057 8.135 8.230 8.335 8.396
6.325 6.355 6.387 6.418 6.450 6.483 6.516 6.548 6.581 6.613 6.645 6.676 6.707 6.737 6.765 6.794 6.821 6.847 6.872 6.896 6.918 6.938 6.958 6.977 6.995 7.012 7.027 7.042 7.055 7.068 7.080 7.092 7.104 7.116 7.129 7.142 7.155 7.169 7.183 7.197 7.211 7.225 7.238 7.250 7.263 7.276 7.291 7.306 7.322 7.339 7.357 7.373 7.387 7.399 7.411 7.425 7.440 7.457 7.479 7.504 7.535 7.572 7.611 7.654 7.699 7.745 7.793 7.849 7.910 7.971 8.035 8.102 8.177 8.282 8.390 8.443
6.298 6.325 6.353 6.383 6.412 6.443 6.474 6.505 6.536 6.568 6.599 6.631 6.662 6.692 6.722 6.752 6.781 6.809 6.837 6.862 6.886 6.910 6.932 6.953 6.973 6.992 7.010 7.026 7.042 7.056 7.070 7.083 7.096 7.109 7.122 7.136 7.150 7.164 7.179 7.193 7.208 7.222 7.235 7.248 7.260 7.274 7.289 7.304 7.321 7.338 7.356 7.372 7.386 7.398 7.410 7.425 7.442 7.462 7.486 7.515 7.550 7.590 7.634 7.681 7.731 7.779 7.828 7.888 7.952 8.017 8.083 8.153 8.238 8.342 8.439 8.489
6.279 6.303 6.329 6.355 6.383 6.411 6.439 6.468 6.498 6.527 6.557 6.588 6.618 6.648 6.678 6.708 6.738 6.767 6.796 6.824 6.849 6.875 6.899 6.923 6.945 6.967 6.987 7.005 7.023 7.039 7.055 7.070 7.084 7.098 7.112 7.127 7.142 7.157 7.172 7.187 7.202 7.217 7.230 7.243 7.256 7.270 7.285 7.301 7.318 7.336 7.353 7.369 7.383 7.396 7.410 7.427 7.446 7.468 7.496 7.529 7.567 7.611 7.659 7.711 7.765 7.814 7.865 7.929 7.997 8.066 8.136 8.214 8.303 8.398 8.485 8.532
6.268 6.290 6.313 6.337 6.362 6.387 6.413 6.440 6.467 6.494 6.522 6.551 6.579 6.608 6.637 6.667 6.696 6.725 6.754 6.783 6.810 6.836 6.862 6.888 6.912 6.936 6.958 6.979 6.998 7.017 7.034 7.051 7.067 7.083 7.098 7.114 7.130 7.146 7.162 7.178 7.194 7.210 7.224 7.237 7.250 7.264 7.280 7.296 7.313 7.331 7.349 7.365 7.380 7.395 7.411 7.430 7.452 7.477 7.509 7.545 7.586 7.633 7.685 7.742 7.799 7.850 7.904 7.973 8.046 8.119 8.196 8.278 8.364 8.451 8.529 8.572
6.263 6.283 6.304 6.325 6.348 6.371 6.395 6.420 6.444 6.470 6.496 6.522 6.548 6.576 6.603 6.631 6.659 6.687 6.716 6.743 6.770 6.797 6.824 6.850 6.876 6.901 6.925 6.948 6.970 6.990 7.009 7.028 7.046 7.063 7.080 7.098 7.115 7.132 7.150 7.167 7.184 7.200 7.215 7.229 7.242 7.257 7.273 7.290 7.307 7.325 7.343 7.361 7.378 7.395 7.414 7.436 7.460 7.489 7.524 7.563 7.607 7.656 7.712 7.774 7.836 7.890 7.946 8.020 8.096 8.175 8.256 8.338 8.421 8.500 8.570 8.610
6.262 6.281 6.300 6.320 6.341 6.362 6.384 6.407 6.430 6.453 6.477 6.501 6.526 6.551 6.577 6.602 6.629 6.656 6.683 6.709 6.735 6.762 6.788 6.815 6.841 6.866 6.891 6.915 6.938 6.960 6.981 7.001 7.021 7.040 7.059 7.078 7.096 7.115 7.134 7.153 7.171 7.188 7.204 7.218 7.233 7.248 7.264 7.281 7.299 7.318 7.338 7.357 7.377 7.397 7.419 7.443 7.471 7.503 7.541 7.583 7.629 7.681 7.741 7.807 7.876 7.931 7.990 8.068 8.150 8.232 8.313 8.393 8.472 8.545 8.609 8.646
6.265 6.282 6.300 6.319 6.338 6.358 6.379 6.400 6.421 6.443 6.466 6.488 6.511 6.534 6.558 6.582 6.607 6.632 6.657 6.682 6.707 6.732 6.757 6.783 6.809 6.834 6.859 6.883 6.907 6.930 6.952 6.973 6.994 7.014 7.034 7.055 7.075 7.095 7.116 7.136 7.156 7.175 7.191 7.206 7.221 7.237 7.254 7.272 7.291 7.311 7.332 7.354 7.377 7.400 7.425 7.452 7.483 7.519 7.560 7.605 7.653 7.707 7.771 7.843 7.917 7.974 8.035 8.119 8.204 8.287 8.367 8.445 8.519 8.586 8.644 8.678
6.271 6.287 6.303 6.321 6.339 6.358 6.378 6.398 6.418 6.439 6.460 6.481 6.503 6.525 6.547 6.569 6.592 6.616 6.640 6.663 6.686 6.709 6.733 6.758 6.782 6.807 6.831 6.855 6.878 6.901 6.923 6.945 6.966 6.988 7.009 7.030 7.052 7.074 7.095 7.117 7.138 7.158 7.176 7.192 7.208 7.225 7.243 7.261 7.282 7.304 7.328 7.353 7.379 7.406 7.433 7.464 7.497 7.536 7.579 7.627 7.678 7.736 7.804 7.881 7.960 8.019 8.082 8.170 8.254 8.337 8.415 8.490 8.561 8.622 8.675 8.707
6.279 6.293 6.309 6.325 6.343 6.361 6.379 6.399 6.418 6.438 6.458 6.479 6.499 6.520 6.541 6.563 6.584 6.606 6.629 6.650 6.672 6.694 6.716 6.739 6.763 6.786 6.809 6.832 6.854 6.876 6.898 6.920 6.941 6.962 6.984 7.006 7.028 7.051 7.074 7.097 7.119 7.140 7.159 7.176 7.193 7.211 7.230 7.250 7.273 7.297 7.324 7.353 7.383 7.412 7.443 7.476 7.512 7.553 7.600 7.650 7.704 7.765 7.837 7.917 8.001 8.062 8.128 8.216 8.301 8.383 8.459 8.532 8.598 8.656 8.705 8.734
6.288 6.301 6.316 6.332 6.348 6.365 6.383 6.402 6.421 6.440 6.460 6.479 6.499 6.519 6.540 6.560 6.581 6.603 6.623 6.644 6.664 6.685 6.706 6.728 6.749 6.771 6.793 6.815 6.836 6.857 6.878 6.899 6.919 6.940 6.962 6.983 7.006 7.029 7.053 7.076 7.100 7.121 7.141 7.159 7.177 7.196 7.218 7.240 7.265 7.292 7.322 7.355 7.388 7.421 7.454 7.490 7.528 7.572 7.622 7.675 7.732 7.797 7.871 7.956 8.047 8.110 8.175 8.263 8.348 8.428 8.502 8.572 8.635 8.688 8.733 8.759
6.297 6.310 6.324 6.339 6.355 6.371 6.389 6.407 6.425 6.444 6.463 6.483 6.502 6.522 6.542 6.562 6.582 6.602 6.622 6.642 6.661 6.681 6.701 6.722 6.742 6.763 6.783 6.804 6.824 6.844 6.863 6.883 6.902 6.922 6.943 6.964 6.986 7.009 7.033 7.057 7.081 7.103 7.123 7.141 7.161 7.182 7.206 7.230 7.258 7.289 7.322 7.358 7.394 7.430 7.466 7.504 7.545 7.592 7.645 7.701 7.763 7.832 7.909 8.003 8.098 8.158 8.221 8.309 8.393 8.471 8.542 8.609 8.668 8.717 8.757 8.782
6.307 6.319 6.333 6.347 6.362 6.378 6.395 6.413 6.431 6.450 6.468 6.488 6.507 6.526 6.546 6.566 6.585 6.606 6.625 6.643 6.662 6.681 6.701 6.720 6.740 6.759 6.779 6.798 6.817 6.835 6.854 6.872 6.890 6.909 6.928 6.948 6.970 6.992 7.015 7.039 7.063 7.085 7.106 7.125 7.146 7.170 7.196 7.223 7.254 7.288 7.324 7.363 7.401 7.440 7.480 7.521 7.564 7.615 7.671 7.732 7.798 7.872 7.958 8.055 8.145 8.203 8.265 8.352 8.434 8.510 8.579 8.642 8.697 8.742 8.780 8.803
6.318 6.329 6.342 6.355 6.370 6.386 6.402 6.420 6.437 6.456 6.475 6.494 6.513 6.532 6.552 6.571 6.591 6.611 6.630 6.648 6.666 6.685 6.703 6.722 6.741 6.760 6.778 6.797 6.815 6.832 6.849 6.866 6.883 6.901 6.919 6.937 6.958 6.979 7.002 7.025 7.048 7.071 7.091 7.112 7.135 7.161 7.188 7.218 7.252 7.288 7.327 7.367 7.409 7.452 7.496 7.539 7.586 7.640 7.702 7.768 7.838 7.919 8.009 8.103 8.190 8.246 8.307 8.391 8.472 8.545 8.612 8.671 8.722 8.765 8.801 8.823
6.329 6.339 6.351 6.364 6.378 6.394 6.410 6.427 6.444 6.463 6.481 6.500 6.520 6.539 6.559 6.578 6.598 6.617 6.636 6.654 6.672 6.691 6.709 6.727 6.746 6.764 6.782 6.799 6.816 6.833 6.849 6.865 6.881 6.897 6.913 6.931 6.950 6.970 6.992 7.014 7.037 7.059 7.081 7.103 7.127 7.154 7.184 7.216 7.252 7.290 7.330 7.373 7.418 7.465 7.513 7.560 7.610 7.671 7.737 7.807 7.884 7.968 8.058 8.149 8.232 8.286 8.345 8.428 8.506 8.578 8.641 8.697 8.746 8.786 8.820 8.840
6.339 6.350 6.361 6.373 6.387 6.402 6.418 6.434 6.452 6.470 6.489 6.508 6.527 6.546 6.566 6.586 6.605 6.625 6.644 6.662 6.680 6.698 6.716 6.734 6.752 6.770 6.787 6.804 6.821 6.837 6.852 6.867 6.882 6.897 6.912 6.928 6.946 6.965 6.986 7.007 7.030 7.053 7.075 7.098 7.123 7.152 7.183 7.216 7.253 7.293 7.335 7.380 7.429 7.480 7.533 7.584 7.639 7.705 7.775 7.851 7.931 8.015 8.104 8.191 8.272 8.324 8.381 8.461 8.537 8.607 8.668 8.721 8.768 8.806 8.838 8.857
6.350 6.360 6.371 6.382 6.396 6.410 6.425 6.442 6.459 6.477 6.496 6.515 6.534 6.554 6.574 6.594 6.613 6.633 6.652 6.670 6.688 6.707 6.725 6.743 6.761 6.778 6.795 6.812 6.828 6.844 6.859 6.873 6.887 6.900 6.914 6.929 6.946 6.964 6.983 7.005 7.027 7.050 7.073 7.097 7.123 7.152 7.184 7.218 7.256 7.298 7.341 7.389 7.441 7.497 7.557 7.612 7.671 7.741 7.817 7.897 7.976 8.060 8.145 8.230 8.309 8.360 8.414 8.492 8.567 8.634 8.692 8.744 8.789 8.825 8.854 8.871
6.361 6.370 6.380 6.392 6.404 6.418 6.433 6.450 6.467 6.485 6.503 6.522 6.542 6.562 6.582 6.602 6.622 6.642 6.661 6.679 6.698 6.716 6.734 6.752 6.770 6.788 6.805 6.821 6.837 6.853 6.867 6.881 6.894 6.906 6.919 6.933 6.949 6.966 6.985 7.006 7.029 7.053 7.076 7.100 7.126 7.156 7.188 7.223 7.261 7.304 7.349 7.399 7.456 7.519 7.584 7.642 7.705 7.781 7.861 7.941 8.020 8.101 8.184 8.267 8.345 8.393 8.446 8.523 8.594 8.659 8.715 8.765 8.808 8.842 8.869 8.884
6.373 6.381 6.391 6.401 6.413 6.427 6.441 6.457 6.474 6.492 6.511 6.530 6.550 6.570 6.590 6.610 6.631 6.651 6.670 6.689 6.707 6.726 6.744 6.763 6.781 6.798 6.815 6.832 6.848 6.863 6.877 6.890 6.903 6.915 6.927 6.940 6.955 6.971 6.990 7.011 7.034 7.058 7.082 7.106 7.132 7.162 7.194 7.229 7.269 7.313 7.360 7.414 7.475 7.543 7.613 7.675 7.741 7.822 7.903 7.983 8.061 8.139 8.219 8.300 8.378 8.425 8.476 8.551 8.619 8.681 8.735 8.784 8.825 8.856 8.880 8.894
6.384 6.392 6.401 6.411 6.423 6.435 6.450 6.465 6.482 6.500 6.518 6.537 6.557 6.577 6.598 6.619 6.639 6.660 6.680 6.699 6.718 6.736 6.755 6.774 6.792 6.810 6.827 6.844 6.860 6.875 6.889 6.902 6.914 6.925 6.936 6.949 6.963 6.979 6.998 7.019 7.043 7.067 7.091 7.115 7.141 7.170 7.203 7.238 7.279 7.325 7.375 7.432 7.497 7.569 7.644 7.709 7.777 7.859 7.942 8.022 8.099 8.175 8.253 8.331 8.409 8.456 8.505 8.576 8.642 8.701 8.753 8.799 8.839 8.869 8.890 8.902
6.396 6.403 6.412 6.421 6.432 6.444 6.458 6.473 6.490 6.507 6.526 6.545 6.565 6.585 6.606 6.627 6.648 6.669 6.689 6.709 6.728 6.747 6.766 6.785 6.803 6.822 6.839 6.856 6.872 6.888 6.902 6.915 6.926 6.937 6.948 6.960 6.974 6.990 7.009 7.030 7.054 7.079 7.103 7.126 7.151 7.181 7.214 7.250 7.293 7.340 7.393 7.454 7.522 7.598 7.679 7.746 7.814 7.898 7.981 8.060 8.136 8.211 8.285 8.362 8.441 8.487 8.534 8.602 8.664 8.720 8.769 8.814 8.852 8.880 8.897 8.907
6.409 6.415 6.423 6.432 6.442 6.454 6.467 6.482 6.498 6.515 6.533 6.553 6.573 6.593 6.614 6.636 6.657 6.678 6.699 6.719 6.738 6.758 6.777 6.796 6.815 6.834 6.852 6.869 6.886 6.901 6.916 6.928 6.940 6.950 6.960 6.973 6.986 7.002 7.021 7.043 7.067 7.092 7.116 7.139 7.163 7.194 7.228 7.266 7.310 7.359 7.416 7.481 7.552 7.636 7.720 7.784 7.851 7.935 8.018 8.097 8.172 8.244 8.316 8.396 8.476 8.518 8.561 8.626 8.685 8.737 8.783 8.826 8.863 8.886 8.899 8.909
6.421 6.427 6.435 6.443 6.452 6.463 6.476 6.490 6.506 6.523 6.541 6.560 6.581 6.601 6.623 6.644 6.666 6.688 6.709 6.729 6.749 6.769 6.789 6.808 6.828 6.847 6.865 6.883 6.900 6.916 6.930 6.943 6.954 6.965 6.975 6.987 7.001 7.017 7.036 7.058 7.082 7.106 7.129 7.152 7.179 7.211 7.246 7.286 7.333 7.386 7.446 7.514 7.592 7.678 7.759 7.822 7.888 7.972 8.054 8.133 8.207 8.280 8.354 8.433 8.506 8.545 8.587 8.647 8.702 8.751 8.794 8.834 8.866 8.886 8.899 8.909
6.435 6.440 6.447 6.454 6.463 6.474 6.486 6.500 6.515 6.531 6.549 6.569 6.589 6.610 6.631 6.653 6.675 6.697 6.719 6.739 6.760 6.780 6.800 6.821 6.840 6.860 6.879 6.897 6.914 6.931 6.945 6.959 6.970 6.981 6.991 7.003 7.017 7.033 7.052 7.074 7.097 7.121 7.144 7.170 7.199 7.232 7.269 7.312 7.362 7.418 7.482 7.554 7.635 7.719 7.799 7.860 7.925 8.008 8.091 8.169 8.243 8.318 8.393 8.466 8.533 8.570 8.608 8.665 8.715 8.760 8.800 8.835 8.863 8.882 8.897 8.905
6.448 6.454 6.460 6.467 6.475 6.485 6.496 6.509 6.524 6.540 6.558 6.577 6.597 6.618 6.640 6.662 6.684 6.707 6.729 6.750 6.771 6.792 6.812 6.833 6.853 6.873 6.893 6.911 6.929 6.946 6.962 6.975 6.987 6.998 7.008 7.020 7.034 7.050 7.069 7.090 7.113 7.137 7.162 7.190 7.221 7.257 7.296 7.343 7.396 7.456 7.523 7.597 7.678 7.760 7.839 7.898 7.962 8.045 8.128 8.206 8.282 8.356 8.428 8.497 8.557 8.591 8.627 8.678 8.725 8.766 8.802 8.832 8.857 8.876 8.891 8.899
6.462 6.467 6.473 6.480 6.487 6.497 6.507 6.520 6.534 6.550 6.567 6.586 6.606 6.627 6.649 6.671 6.694 6.717 6.739 6.761 6.782 6.803 6.825 6.846 6.867 6.887 6.907 6.926 6.945 6.962 6.978 6.993 7.005 7.015 7.026 7.038 7.052 7.067 7.085 7.106 7.130 7.155 7.182 7.213 7.248 7.286 7.329 7.378 7.435 7.498 7.567 7.640 7.720 7.801 7.879 7.938 8.000 8.083 8.165 8.244 8.320 8.392 8.461 8.524 8.578 8.610 8.643 8.689 8.731 8.768 8.799 8.827 8.849 8.867 8.883 8.891
6.477 6.482 6.487 6.493 6.500 6.509 6.519 6.531 6.544 6.560 6.577 6.596 6.615 6.637 6.659 6.681 6.704 6.728 6.750 6.772 6.794 6.816 6.837 6.859 6.880 6.901 6.922 6.942 6.961 6.979 6.996 7.011 7.023 7.034 7.044 7.056 7.070 7.085 7.103 7.124 7.148 7.175 7.205 7.240 7.279 7.319 7.364 7.418 7.478 7.543 7.611 7.684 7.761 7.842 7.921 7.978 8.039 8.122 8.205 8.283 8.357 8.427 8.492 8.549 8.598 8.626 8.655 8.696 8.734 8.766 8.794 8.819 8.839 8.856 8.872 8.880
6.491 6.496 6.501 6.507 6.514 6.522 6.532 6.543 6.556 6.571 6.587 6.605 6.625 6.646 6.668 6.691 6.715 6.738 6.761 6.783 6.806 6.828 6.851 6.873 6.895 6.916 6.937 6.958 6.978 6.997 7.014 7.029 7.042 7.053 7.063 7.075 7.088 7.102 7.120 7.143 7.168 7.197 7.231 7.270 7.312 7.355 7.403 7.459 7.522 7.587 7.655 7.726 7.803 7.884 7.963 8.020 8.080 8.164 8.245 8.322 8.393 8.460 8.521 8.572 8.615 8.640 8.666 8.702 8.734 8.763 8.788 8.809 8.828 8.845 8.860 8.867
6.505 6.510 6.516 6.522 6.528 6.536 6.545 6.555 6.568 6.582 6.598 6.616 6.636 6.657 6.679 6.702 6.726 6.750 6.772 6.795 6.818 6.841 6.864 6.887 6.909 6.931 6.953 6.974 6.995 7.014 7.033 7.048 7.061 7.072 7.082 7.093 7.106 7.121 7.140 7.163 7.191 7.223 7.261 7.303 7.348 7.393 7.443 7.502 7.566 7.632 7.698 7.769 7.845 7.926 8.007 8.063 8.122 8.206 8.284 8.358 8.426 8.489 8.545 8.592 8.629 8.651 8.674 8.704 8.733 8.758 8.780 8.798 8.816 8.832 8.848 8.855
6.518 6.524 6.530 6.536 6.543 6.550 6.558 6.568 6.580 6.594 6.609 6.627 6.646 6.667 6.689 6.713 6.737 6.761 6.784 6.807 6.831 6.854 6.878 6.901 6.924 6.947 6.969 6.991 7.013 7.033 7.051 7.068 7.081 7.091 7.101 7.113 7.126 7.141 7.160 7.185 7.215 7.250 7.292 7.337 7.385 7.432 7.483 7.544 7.609 7.675 7.742 7.812 7.887 7.968 8.050 8.106 8.165 8.246 8.322 8.393 8.457 8.517 8.569 8.612 8.644 8.663 8.681 8.708 8.732 8.754 8.773 8.789 8.805 8.821 8.836 8.842
6.532 6.538 6.545 6.551 6.557 6.564 6.572 6.582 6.593 6.606 6.621 6.638 6.657 6.678 6.700 6.724 6.748 6.772 6.796 6.820 6.844 6.868 6.892 6.916 6.940 6.963 6.986 7.009 7.031 7.051 7.071 7.087 7.100 7.111 7.120 7.132 7.146 7.161 7.182 7.209 7.241 7.280 7.325 7.374 7.425 7.473 7.524 7.587 7.653 7.720 7.787 7.856 7.930 8.012 8.098 8.154 8.210 8.288 8.362 8.429 8.490 8.545 8.594 8.632 8.659 8.673 8.689 8.711 8.732 8.751 8.767 8.781 8.796 8.810 8.825 8.831
