version1/TsunamiDB/out54122.asc
ncols          264
nrows          230
xllcorner      497853.4375
yllcorner      4229146.0000
cellsize         5.
NODATA_value   -99
[rows 136 to 169 of 230, columns 77 to 153 of 264]
6.638 6.652 6.665 6.676 6.687 6.697 6.706 6.715 6.723 6.731 6.738 6.745 6.751 6.757 6.762 6.767 6.771 6.775 6.778 6.782 6.785 6.787 6.790 6.793 6.794 6.795 6.796 6.797 6.798 6.800 6.801 6.803 6.805 6.807 6.809 6.812 6.814 6.817 6.820 6.823 6.826 6.830 6.834 6.838 6.843 6.848 6.853 6.859 6.864 6.870 6.876 6.882 6.889 6.896 6.904 6.912 6.920 6.928 6.937 6.945 6.954 6.963 6.972 6.981 6.990 6.998 7.007 7.015 7.024 7.033 7.040 7.047 7.054 7.060 7.066 7.072 7.078
6.631 6.647 6.662 6.675 6.688 6.700 6.711 6.721 6.731 6.739 6.748 6.755 6.762 6.769 6.775 6.781 6.786 6.790 6.794 6.798 6.802 6.805 6.808 6.811 6.813 6.814 6.815 6.816 6.817 6.819 6.820 6.822 6.823 6.825 6.827 6.829 6.832 6.834 6.836 6.839 6.842 6.845 6.848 6.852 6.856 6.861 6.866 6.871 6.875 6.880 6.886 6.891 6.898 6.904 6.911 6.918 6.926 6.934 6.942 6.950 6.959 6.968 6.976 6.985 6.993 7.002 7.011 7.019 7.028 7.037 7.044 7.051 7.058 7.064 7.071 7.076 7.082
6.616 6.635 6.652 6.668 6.683 6.697 6.711 6.723 6.734 6.744 6.754 6.763 6.771 6.779 6.786 6.792 6.798 6.804 6.809 6.813 6.817 6.821 6.825 6.829 6.831 6.832 6.833 6.835 6.836 6.837 6.839 6.840 6.842 6.844 6.845 6.847 6.849 6.851 6.854 6.856 6.858 6.861 6.864 6.867 6.871 6.875 6.880 6.884 6.888 6.892 6.897 6.902 6.907 6.913 6.920 6.926 6.933 6.941 6.948 6.956 6.964 6.973 6.981 6.989 6.998 7.006 7.015 7.023 7.032 7.040 7.048 7.055 7.062 7.068 7.075 7.081 7.087
6.595 6.616 6.636 6.655 6.672 6.689 6.705 6.719 6.732 6.745 6.756 6.767 6.776 6.785 6.794 6.801 6.808 6.815 6.821 6.826 6.831 6.836 6.840 6.844 6.847 6.849 6.850 6.852 6.854 6.855 6.857 6.858 6.860 6.862 6.863 6.865 6.867 6.869 6.871 6.873 6.875 6.877 6.880 6.883 6.886 6.890 6.894 6.897 6.901 6.904 6.908 6.913 6.918 6.923 6.929 6.935 6.942 6.948 6.956 6.963 6.971 6.978 6.986 6.994 7.002 7.011 7.019 7.028 7.036 7.045 7.052 7.059 7.066 7.073 7.079 7.085 7.091
6.569 6.591 6.613 6.635 6.655 6.674 6.692 6.709 6.725 6.740 6.753 6.766 6.777 6.788 6.798 6.807 6.815 6.823 6.830 6.836 6.842 6.848 6.853 6.858 6.861 6.863 6.866 6.868 6.870 6.871 6.873 6.875 6.877 6.879 6.880 6.882 6.884 6.886 6.888 6.890 6.892 6.894 6.896 6.899 6.902 6.905 6.908 6.911 6.914 6.917 6.921 6.925 6.929 6.934 6.939 6.945 6.951 6.957 6.964 6.971 6.978 6.985 6.992 7.000 7.008 7.016 7.024 7.032 7.041 7.049 7.057 7.064 7.071 7.077 7.084 7.090 7.096
6.540 6.563 6.586 6.609 6.631 6.652 6.673 6.692 6.711 6.728 6.744 6.759 6.773 6.785 6.797 6.808 6.818 6.827 6.835 6.843 6.850 6.857 6.863 6.869 6.872 6.876 6.879 6.882 6.884 6.886 6.888 6.891 6.893 6.895 6.897 6.898 6.900 6.902 6.904 6.906 6.908 6.910 6.912 6.914 6.917 6.920 6.923 6.926 6.928 6.931 6.934 6.937 6.941 6.945 6.950 6.955 6.961 6.966 6.972 6.979 6.986 6.992 6.999 7.007 7.014 7.022 7.030 7.038 7.046 7.054 7.062 7.069 7.075 7.082 7.089 7.095 7.101
6.512 6.535 6.557 6.580 6.603 6.626 6.648 6.669 6.690 6.710 6.728 6.745 6.762 6.777 6.791 6.804 6.816 6.827 6.837 6.846 6.855 6.863 6.870 6.876 6.881 6.886 6.889 6.893 6.896 6.899 6.902 6.904 6.907 6.909 6.911 6.913 6.915 6.917 6.919 6.921 6.923 6.925 6.928 6.930 6.932 6.935 6.938 6.940 6.942 6.944 6.947 6.950 6.954 6.957 6.962 6.966 6.971 6.976 6.982 6.988 6.994 7.001 7.007 7.014 7.021 7.029 7.036 7.044 7.052 7.060 7.067 7.074 7.081 7.087 7.094 7.100 7.106
6.486 6.508 6.530 6.552 6.574 6.597 6.620 6.642 6.664 6.685 6.706 6.726 6.744 6.762 6.778 6.794 6.808 6.821 6.833 6.844 6.854 6.864 6.873 6.881 6.887 6.892 6.897 6.901 6.905 6.909 6.912 6.916 6.919 6.921 6.924 6.926 6.929 6.931 6.933 6.936 6.938 6.940 6.942 6.944 6.947 6.950 6.952 6.954 6.956 6.958 6.960 6.963 6.966 6.969 6.973 6.977 6.982 6.987 6.992 6.997 7.003 7.009 7.016 7.022 7.029 7.036 7.043 7.051 7.059 7.066 7.073 7.080 7.087 7.093 7.100 7.106 7.112
6.465 6.485 6.505 6.526 6.547 6.569 6.591 6.613 6.636 6.658 6.679 6.701 6.721 6.741 6.759 6.777 6.794 6.809 6.823 6.837 6.849 6.860 6.871 6.880 6.888 6.895 6.901 6.907 6.912 6.916 6.920 6.924 6.928 6.931 6.934 6.937 6.940 6.943 6.946 6.948 6.950 6.953 6.955 6.957 6.960 6.963 6.965 6.967 6.969 6.971 6.973 6.975 6.978 6.981 6.985 6.988 6.993 6.997 7.002 7.007 7.013 7.018 7.024 7.031 7.037 7.044 7.051 7.058 7.066 7.073 7.080 7.087 7.093 7.100 7.106 7.112 7.118
6.449 6.467 6.485 6.504 6.523 6.543 6.564 6.585 6.607 6.629 6.651 6.673 6.694 6.715 6.735 6.755 6.773 6.791 6.808 6.823 6.838 6.851 6.864 6.875 6.885 6.893 6.901 6.908 6.914 6.920 6.925 6.930 6.934 6.939 6.942 6.946 6.949 6.953 6.956 6.958 6.961 6.964 6.966 6.969 6.972 6.975 6.977 6.979 6.980 6.982 6.984 6.987 6.989 6.992 6.995 6.999 7.003 7.007 7.012 7.017 7.022 7.028 7.033 7.039 7.046 7.052 7.059 7.066 7.073 7.080 7.087 7.094 7.100 7.107 7.113 7.119 7.125
6.437 6.453 6.469 6.486 6.504 6.522 6.541 6.561 6.581 6.602 6.623 6.644 6.666 6.687 6.708 6.728 6.748 6.768 6.786 6.804 6.821 6.836 6.851 6.865 6.876 6.887 6.896 6.905 6.912 6.920 6.926 6.932 6.938 6.943 6.947 6.952 6.956 6.960 6.963 6.967 6.970 6.973 6.976 6.979 6.981 6.985 6.987 6.989 6.991 6.993 6.995 6.997 7.000 7.002 7.006 7.009 7.013 7.017 7.022 7.026 7.031 7.037 7.042 7.048 7.054 7.060 7.067 7.074 7.081 7.088 7.095 7.101 7.107 7.114 7.120 7.126 7.132
6.429 6.443 6.458 6.473 6.489 6.506 6.523 6.541 6.560 6.579 6.598 6.618 6.638 6.659 6.680 6.701 6.721 6.741 6.761 6.780 6.798 6.816 6.833 6.848 6.862 6.874 6.886 6.896 6.906 6.915 6.923 6.930 6.937 6.943 6.949 6.954 6.959 6.964 6.968 6.972 6.976 6.979 6.983 6.986 6.989 6.993 6.995 6.998 7.000 7.002 7.004 7.006 7.008 7.011 7.014 7.018 7.022 7.026 7.030 7.035 7.040 7.045 7.050 7.056 7.062 7.068 7.075 7.081 7.089 7.096 7.102 7.109 7.115 7.121 7.128 7.134 7.140
6.423 6.436 6.450 6.464 6.479 6.494 6.509 6.526 6.542 6.560 6.577 6.596 6.615 6.634 6.654 6.674 6.694 6.714 6.734 6.754 6.773 6.792 6.810 6.828 6.843 6.857 6.871 6.883 6.895 6.905 6.915 6.924 6.932 6.940 6.947 6.953 6.959 6.965 6.970 6.974 6.979 6.983 6.987 6.991 6.995 6.998 7.002 7.004 7.006 7.008 7.011 7.013 7.016 7.019 7.022 7.025 7.029 7.033 7.038 7.042 7.047 7.052 7.058 7.064 7.069 7.076 7.082 7.089 7.096 7.103 7.109 7.116 7.122 7.129 7.135 7.141 7.147
6.420 6.432 6.445 6.458 6.471 6.485 6.500 6.514 6.530 6.545 6.561 6.578 6.595 6.613 6.631 6.650 6.669 6.688 6.708 6.727 6.747 6.766 6.785 6.804 6.820 6.836 6.851 6.866 6.879 6.891 6.903 6.913 6.923 6.932 6.941 6.948 6.956 6.962 6.968 6.974 6.979 6.984 6.989 6.993 6.997 7.002 7.005 7.008 7.011 7.013 7.016 7.018 7.021 7.024 7.027 7.031 7.035 7.039 7.044 7.048 7.053 7.059 7.064 7.070 7.076 7.082 7.089 7.096 7.103 7.110 7.116 7.123 7.129 7.136 7.142 7.149 7.155
6.418 6.430 6.442 6.454 6.467 6.480 6.493 6.506 6.520 6.535 6.549 6.565 6.580 6.596 6.613 6.630 6.647 6.665 6.684 6.703 6.722 6.741 6.760 6.778 6.796 6.813 6.829 6.845 6.859 6.873 6.887 6.899 6.910 6.921 6.931 6.940 6.948 6.956 6.963 6.970 6.976 6.982 6.987 6.993 6.998 7.002 7.007 7.010 7.013 7.016 7.019 7.022 7.025 7.028 7.031 7.035 7.039 7.043 7.048 7.053 7.058 7.063 7.069 7.075 7.081 7.088 7.094 7.101 7.109 7.116 7.122 7.129 7.136 7.142 7.149 7.156 7.162
6.417 6.429 6.440 6.452 6.464 6.476 6.489 6.501 6.514 6.527 6.541 6.555 6.569 6.584 6.599 6.614 6.630 6.647 6.664 6.681 6.699 6.717 6.736 6.754 6.772 6.789 6.805 6.822 6.838 6.853 6.867 6.881 6.894 6.906 6.918 6.928 6.938 6.947 6.955 6.963 6.970 6.977 6.983 6.989 6.995 7.001 7.006 7.010 7.013 7.016 7.020 7.023 7.026 7.030 7.033 7.037 7.042 7.046 7.051 7.056 7.061 7.067 7.073 7.079 7.085 7.092 7.098 7.106 7.113 7.121 7.127 7.134 7.141 7.148 7.155 7.162 7.169
6.417 6.428 6.440 6.451 6.462 6.474 6.486 6.498 6.510 6.523 6.535 6.548 6.561 6.575 6.589 6.603 6.617 6.632 6.648 6.664 6.681 6.698 6.715 6.732 6.749 6.766 6.782 6.799 6.815 6.831 6.846 6.861 6.875 6.889 6.901 6.913 6.924 6.935 6.944 6.953 6.962 6.970 6.977 6.984 6.990 6.997 7.002 7.007 7.011 7.015 7.019 7.022 7.026 7.030 7.034 7.038 7.042 7.047 7.052 7.057 7.063 7.068 7.075 7.081 7.087 7.094 7.101 7.109 7.117 7.124 7.131 7.138 7.145 7.153 7.160 7.167 7.174
6.418 6.429 6.440 6.451 6.462 6.473 6.485 6.496 6.508 6.520 6.532 6.544 6.556 6.569 6.582 6.595 6.608 6.622 6.636 6.651 6.666 6.682 6.698 6.714 6.730 6.745 6.761 6.778 6.794 6.810 6.825 6.841 6.856 6.870 6.884 6.897 6.909 6.920 6.931 6.941 6.951 6.960 6.968 6.976 6.983 6.991 6.997 7.002 7.007 7.011 7.016 7.020 7.024 7.028 7.032 7.037 7.042 7.046 7.052 7.057 7.063 7.069 7.075 7.082 7.088 7.095 7.103 7.111 7.119 7.126 7.134 7.141 7.148 7.156 7.164 7.171 7.179
6.419 6.430 6.440 6.451 6.462 6.473 6.484 6.496 6.507 6.518 6.530 6.541 6.553 6.565 6.577 6.589 6.601 6.614 6.627 6.641 6.655 6.669 6.684 6.699 6.714 6.728 6.743 6.759 6.774 6.790 6.805 6.821 6.836 6.851 6.865 6.879 6.892 6.904 6.916 6.927 6.938 6.948 6.957 6.966 6.975 6.983 6.990 6.996 7.001 7.006 7.011 7.016 7.020 7.025 7.030 7.034 7.039 7.045 7.050 7.056 7.062 7.068 7.074 7.081 7.088 7.095 7.103 7.111 7.120 7.127 7.135 7.143 7.150 7.158 7.166 7.174 7.182
6.421 6.431 6.441 6.452 6.463 6.474 6.485 6.496 6.507 6.518 6.529 6.540 6.551 6.563 6.574 6.585 6.597 6.609 6.621 6.634 6.647 6.660 6.674 6.688 6.701 6.715 6.729 6.743 6.758 6.773 6.788 6.803 6.818 6.832 6.847 6.861 6.875 6.888 6.901 6.913 6.924 6.935 6.945 6.955 6.964 6.973 6.981 6.988 6.994 7.000 7.005 7.011 7.016 7.021 7.026 7.031 7.036 7.042 7.047 7.053 7.059 7.066 7.073 7.080 7.087 7.094 7.102 7.111 7.119 7.127 7.135 7.143 7.151 7.159 7.167 7.176 7.184
6.422 6.432 6.443 6.453 6.464 6.475 6.485 6.496 6.507 6.518 6.529 6.540 6.551 6.562 6.572 6.584 6.595 6.606 6.617 6.629 6.641 6.654 6.667 6.679 6.691 6.704 6.717 6.730 6.744 6.758 6.772 6.787 6.801 6.816 6.830 6.845 6.858 6.872 6.885 6.898 6.910 6.921 6.932 6.943 6.953 6.963 6.972 6.979 6.986 6.992 6.998 7.004 7.010 7.015 7.021 7.026 7.032 7.038 7.044 7.050 7.056 7.063 7.070 7.077 7.085 7.093 7.101 7.110 7.118 7.126 7.134 7.143 7.151 7.159 7.168 7.176 7.185
6.424 6.434 6.444 6.455 6.465 6.476 6.487 6.497 6.508 6.519 6.529 6.540 6.551 6.561 6.572 6.583 6.594 6.604 6.615 6.627 6.638 6.650 6.662 6.673 6.685 6.696 6.708 6.721 6.734 6.747 6.760 6.774 6.788 6.802 6.816 6.830 6.843 6.857 6.870 6.883 6.896 6.908 6.919 6.931 6.942 6.952 6.961 6.969 6.977 6.984 6.991 6.997 7.004 7.010 7.016 7.021 7.027 7.034 7.040 7.046 7.053 7.060 7.067 7.074 7.082 7.090 7.099 7.108 7.116 7.125 7.133 7.141 7.150 7.159 7.167 7.176 7.185
6.426 6.436 6.446 6.457 6.467 6.478 6.488 6.499 6.510 6.520 6.531 6.541 6.552 6.562 6.573 6.583 6.593 6.604 6.614 6.625 6.636 6.648 6.659 6.669 6.680 6.691 6.702 6.714 6.726 6.738 6.750 6.763 6.776 6.790 6.803 6.817 6.830 6.844 6.857 6.870 6.883 6.895 6.907 6.919 6.931 6.941 6.951 6.960 6.968 6.976 6.983 6.990 6.997 7.003 7.010 7.016 7.023 7.029 7.035 7.042 7.049 7.056 7.064 7.071 7.079 7.087 7.096 7.105 7.114 7.123 7.131 7.140 7.149 7.157 7.166 7.175 7.184
6.429 6.439 6.449 6.459 6.469 6.480 6.490 6.501 6.511 6.522 6.532 6.543 6.553 6.563 6.574 6.584 6.594 6.604 6.615 6.625 6.636 6.647 6.657 6.667 6.677 6.687 6.698 6.709 6.720 6.731 6.743 6.755 6.768 6.780 6.793 6.806 6.819 6.832 6.845 6.858 6.871 6.883 6.896 6.908 6.920 6.931 6.941 6.950 6.959 6.968 6.976 6.983 6.990 6.997 7.004 7.011 7.018 7.024 7.031 7.038 7.045 7.053 7.060 7.068 7.076 7.085 7.093 7.103 7.112 7.121 7.129 7.138 7.147 7.156 7.165 7.174 7.184
6.431 6.441 6.451 6.461 6.472 6.482 6.492 6.503 6.513 6.524 6.534 6.545 6.555 6.565 6.575 6.585 6.595 6.605 6.616 6.626 6.636 6.647 6.657 6.666 6.676 6.686 6.695 6.706 6.716 6.727 6.738 6.749 6.761 6.773 6.785 6.798 6.810 6.823 6.835 6.848 6.860 6.873 6.885 6.898 6.910 6.921 6.932 6.941 6.951 6.960 6.968 6.976 6.984 6.991 6.999 7.006 7.013 7.020 7.027 7.034 7.042 7.049 7.057 7.065 7.073 7.082 7.091 7.100 7.110 7.119 7.128 7.137 7.146 7.155 7.164 7.173 7.183
6.435 6.444 6.454 6.464 6.474 6.485 6.495 6.505 6.516 6.526 6.537 6.547 6.557 6.567 6.577 6.587 6.597 6.607 6.617 6.627 6.637 6.647 6.657 6.666 6.676 6.685 6.694 6.704 6.714 6.724 6.735 6.745 6.756 6.768 6.779 6.791 6.803 6.815 6.827 6.839 6.852 6.864 6.876 6.889 6.901 6.912 6.923 6.933 6.943 6.952 6.961 6.970 6.978 6.986 6.993 7.001 7.008 7.016 7.023 7.031 7.038 7.046 7.054 7.062 7.071 7.080 7.089 7.098 7.108 7.117 7.126 7.135 7.144 7.154 7.163 7.173 7.182
6.438 6.448 6.458 6.467 6.478 6.488 6.498 6.508 6.519 6.529 6.539 6.550 6.560 6.570 6.580 6.590 6.600 6.610 6.619 6.629 6.639 6.649 6.659 6.668 6.676 6.685 6.695 6.704 6.713 6.723 6.733 6.743 6.753 6.764 6.775 6.786 6.798 6.809 6.821 6.833 6.845 6.857 6.869 6.881 6.893 6.905 6.915 6.926 6.936 6.945 6.955 6.964 6.972 6.981 6.989 6.997 7.004 7.012 7.020 7.028 7.035 7.043 7.052 7.060 7.069 7.078 7.087 7.097 7.106 7.116 7.125 7.134 7.144 7.153 7.163 7.172 7.182
6.442 6.452 6.461 6.471 6.481 6.491 6.501 6.512 6.522 6.532 6.542 6.553 6.563 6.573 6.583 6.593 6.603 6.612 6.622 6.632 6.641 6.651 6.661 6.670 6.678 6.687 6.696 6.705 6.714 6.723 6.732 6.742 6.752 6.762 6.772 6.783 6.794 6.805 6.816 6.827 6.839 6.851 6.862 6.874 6.886 6.898 6.909 6.919 6.930 6.939 6.949 6.958 6.967 6.976 6.984 6.993 7.001 7.009 7.017 7.025 7.033 7.041 7.050 7.058 7.067 7.076 7.086 7.096 7.105 7.115 7.124 7.134 7.143 7.153 7.162 7.172 7.182
6.447 6.456 6.465 6.475 6.485 6.495 6.505 6.515 6.525 6.536 6.546 6.556 6.566 6.576 6.586 6.596 6.606 6.616 6.625 6.635 6.644 6.654 6.664 6.672 6.681 6.689 6.698 6.706 6.715 6.724 6.733 6.742 6.752 6.761 6.771 6.781 6.792 6.802 6.813 6.824 6.835 6.846 6.858 6.869 6.881 6.893 6.903 6.914 6.924 6.934 6.944 6.954 6.963 6.972 6.981 6.990 6.998 7.006 7.015 7.023 7.031 7.040 7.048 7.057 7.066 7.075 7.085 7.095 7.105 7.114 7.124 7.133 7.143 7.153 7.163 7.172 7.182
6.452 6.461 6.470 6.480 6.489 6.499 6.509 6.519 6.529 6.540 6.550 6.560 6.570 6.580 6.590 6.600 6.610 6.619 6.629 6.638 6.648 6.658 6.667 6.675 6.684 6.692 6.700 6.709 6.717 6.726 6.735 6.743 6.753 6.762 6.771 6.781 6.791 6.801 6.811 6.822 6.832 6.843 6.854 6.866 6.877 6.889 6.899 6.910 6.920 6.930 6.940 6.950 6.959 6.969 6.978 6.987 6.996 7.004 7.013 7.022 7.030 7.039 7.048 7.056 7.066 7.075 7.085 7.095 7.105 7.114 7.124 7.134 7.144 7.153 7.163 7.173 7.183
6.457 6.466 6.475 6.484 6.494 6.504 6.514 6.524 6.534 6.544 6.554 6.564 6.574 6.584 6.594 6.604 6.614 6.623 6.633 6.643 6.652 6.662 6.671 6.679 6.688 6.696 6.704 6.712 6.720 6.729 6.737 6.746 6.755 6.763 6.773 6.782 6.791 6.801 6.811 6.821 6.831 6.841 6.852 6.863 6.874 6.886 6.896 6.906 6.917 6.927 6.937 6.947 6.957 6.966 6.976 6.985 6.994 7.003 7.012 7.021 7.030 7.038 7.047 7.056 7.066 7.075 7.085 7.095 7.106 7.115 7.125 7.135 7.145 7.155 7.165 7.175 7.185
6.463 6.472 6.481 6.490 6.499 6.509 6.519 6.529 6.539 6.549 6.559 6.569 6.579 6.589 6.599 6.609 6.618 6.628 6.638 6.647 6.657 6.666 6.676 6.684 6.692 6.700 6.708 6.716 6.724 6.732 6.741 6.749 6.758 6.766 6.775 6.784 6.793 6.802 6.811 6.821 6.831 6.841 6.851 6.862 6.873 6.884 6.894 6.904 6.914 6.925 6.935 6.945 6.955 6.964 6.974 6.984 6.993 7.002 7.011 7.021 7.030 7.039 7.048 7.057 7.067 7.076 7.086 7.097 7.107 7.117 7.127 7.136 7.146 7.156 7.167 7.177 7.187
6.470 6.478 6.487 6.496 6.505 6.515 6.524 6.534 6.544 6.554 6.564 6.574 6.584 6.594 6.604 6.614 6.623 6.633 6.643 6.652 6.662 6.672 6.681 6.689 6.697 6.705 6.713 6.721 6.729 6.737 6.745 6.753 6.761 6.770 6.778 6.787 6.796 6.804 6.813 6.823 6.832 6.842 6.852 6.862 6.873 6.883 6.893 6.903 6.913 6.923 6.933 6.943 6.953 6.963 6.973 6.983 6.993 7.002 7.012 7.021 7.030 7.040 7.049 7.058 7.068 7.078 7.088 7.098 7.109 7.119 7.129 7.139 7.149 7.159 7.169 7.179 7.189
6.477 6.485 6.493 6.502 6.511 6.521 6.530 6.540 6.550 6.560 6.570 6.580 6.590 6.600 6.609 6.619 6.629 6.639 6.648 6.658 6.668 6.677 6.686 6.694 6.703 6.710 6.718 6.726 6.734 6.742 6.750 6.758 6.766 6.774 6.782 6.791 6.799 6.808 6.816 6.825 6.834 6.844 6.853 6.863 6.874 6.884 6.893 6.903 6.913 6.923 6.933 6.943 6.953 6.963 6.973 6.983 6.993 7.002 7.012 7.022 7.031 7.041 7.050 7.060 7.070 7.080 7.090 7.101 7.111 7.121 7.131 7.141 7.152 7.162 7.172 7.182 7.192
