version1/TsunamiDB/out54180.asc
ncols          264
nrows          230
xllcorner      497853.4375
yllcorner      4229146.0000
cellsize         5.
NODATA_value   -99
[rows 0 to 33 of 230, columns 0 to 76 of 264]
5.386 5.400 5.414 5.427 5.440 5.453 5.465 5.478 5.490 5.502 5.513 5.525 5.536 5.547 5.559 5.570 5.581 5.591 5.600 5.610 5.620 5.629 5.639 5.649 5.659 5.668 5.678 5.688 5.697 5.707 5.716 5.726 5.736 5.745 5.755 5.764 5.774 5.784 5.795 5.804 5.814 5.823 5.831 5.840 5.849 5.859 5.868 5.877 5.886 5.895 5.904 5.914 5.923 5.932 5.941 5.950 5.959 5.968 5.977 5.986 5.995 6.004 6.013 6.021 6.029 6.036 6.044 6.051 6.058 6.065 6.072 6.078 6.085 6.092 6.098 6.105 6.111
5.391 5.406 5.419 5.433 5.446 5.459 5.472 5.484 5.496 5.508 5.520 5.531 5.543 5.554 5.565 5.577 5.587 5.597 5.607 5.616 5.626 5.636 5.645 5.655 5.665 5.674 5.684 5.693 5.703 5.712 5.722 5.731 5.741 5.750 5.760 5.770 5.779 5.789 5.799 5.809 5.818 5.827 5.836 5.844 5.853 5.862 5.871 5.880 5.889 5.898 5.908 5.917 5.926 5.935 5.944 5.953 5.962 5.971 5.980 5.989 5.998 6.007 6.016 6.024 6.031 6.039 6.046 6.054 6.061 6.068 6.075 6.081 6.088 6.095 6.101 6.108 6.114
5.397 5.411 5.425 5.439 5.452 5.465 5.478 5.491 5.503 5.515 5.526 5.538 5.549 5.561 5.572 5.583 5.594 5.604 5.613 5.623 5.632 5.642 5.651 5.661 5.671 5.680 5.690 5.699 5.709 5.718 5.728 5.737 5.746 5.756 5.765 5.775 5.784 5.794 5.804 5.814 5.822 5.831 5.840 5.849 5.857 5.866 5.875 5.884 5.893 5.902 5.911 5.920 5.929 5.938 5.947 5.956 5.965 5.974 5.983 5.991 6.000 6.010 6.018 6.026 6.034 6.042 6.049 6.056 6.063 6.071 6.077 6.084 6.091 6.098 6.104 6.111 6.117
5.403 5.417 5.431 5.445 5.459 5.472 5.485 5.497 5.509 5.521 5.533 5.545 5.556 5.567 5.579 5.590 5.600 5.610 5.620 5.629 5.639 5.648 5.658 5.667 5.677 5.686 5.696 5.705 5.715 5.724 5.733 5.743 5.752 5.761 5.771 5.780 5.789 5.799 5.809 5.818 5.827 5.836 5.844 5.853 5.862 5.870 5.879 5.888 5.897 5.905 5.914 5.923 5.932 5.941 5.950 5.959 5.968 5.977 5.985 5.994 6.003 6.012 6.021 6.029 6.037 6.044 6.052 6.059 6.066 6.073 6.080 6.087 6.094 6.101 6.107 6.114 6.120
5.408 5.423 5.437 5.451 5.465 5.478 5.491 5.504 5.516 5.528 5.540 5.552 5.563 5.574 5.586 5.597 5.607 5.617 5.627 5.636 5.645 5.655 5.664 5.674 5.683 5.692 5.702 5.711 5.720 5.730 5.739 5.748 5.758 5.767 5.776 5.785 5.795 5.804 5.814 5.823 5.832 5.840 5.849 5.857 5.866 5.874 5.883 5.892 5.900 5.909 5.918 5.927 5.936 5.944 5.953 5.962 5.971 5.980 5.988 5.997 6.006 6.015 6.024 6.032 6.040 6.047 6.055 6.062 6.069 6.076 6.083 6.090 6.097 6.103 6.110 6.117 6.123
5.414 5.429 5.443 5.458 5.471 5.485 5.498 5.511 5.523 5.535 5.547 5.559 5.570 5.582 5.593 5.604 5.615 5.624 5.634 5.643 5.652 5.662 5.671 5.680 5.690 5.699 5.708 5.717 5.727 5.736 5.745 5.754 5.763 5.772 5.782 5.791 5.800 5.809 5.819 5.828 5.837 5.845 5.853 5.862 5.870 5.879 5.887 5.896 5.904 5.913 5.922 5.930 5.939 5.948 5.957 5.965 5.974 5.983 5.991 6.000 6.009 6.018 6.027 6.035 6.042 6.050 6.057 6.065 6.072 6.079 6.086 6.093 6.100 6.106 6.113 6.119 6.126
5.421 5.435 5.450 5.464 5.478 5.491 5.505 5.518 5.530 5.543 5.555 5.566 5.578 5.589 5.600 5.612 5.622 5.632 5.641 5.650 5.660 5.669 5.678 5.687 5.696 5.706 5.715 5.724 5.733 5.742 5.751 5.760 5.769 5.778 5.787 5.796 5.805 5.815 5.824 5.833 5.842 5.850 5.858 5.867 5.875 5.883 5.892 5.900 5.908 5.917 5.926 5.934 5.943 5.951 5.960 5.969 5.977 5.986 5.995 6.003 6.012 6.021 6.030 6.038 6.045 6.053 6.060 6.068 6.075 6.082 6.089 6.096 6.102 6.109 6.116 6.122 6.129
5.427 5.442 5.456 5.470 5.484 5.498 5.512 5.525 5.538 5.550 5.562 5.574 5.586 5.597 5.608 5.620 5.630 5.639 5.649 5.658 5.667 5.676 5.685 5.695 5.704 5.713 5.722 5.731 5.740 5.749 5.758 5.766 5.775 5.784 5.793 5.802 5.811 5.820 5.830 5.839 5.847 5.855 5.863 5.871 5.880 5.888 5.896 5.904 5.913 5.921 5.930 5.938 5.947 5.955 5.964 5.972 5.981 5.989 5.998 6.006 6.015 6.024 6.033 6.041 6.048 6.056 6.063 6.071 6.078 6.085 6.092 6.099 6.105 6.112 6.119 6.125 6.132
5.433 5.448 5.463 5.477 5.491 5.505 5.519 5.532 5.545 5.557 5.570 5.582 5.594 5.605 5.617 5.628 5.638 5.648 5.657 5.666 5.675 5.684 5.693 5.702 5.711 5.720 5.729 5.738 5.747 5.756 5.764 5.773 5.782 5.791 5.799 5.808 5.817 5.826 5.835 5.844 5.852 5.860 5.868 5.876 5.884 5.892 5.901 5.909 5.917 5.925 5.934 5.942 5.950 5.959 5.967 5.976 5.984 5.993 6.001 6.010 6.018 6.027 6.036 6.044 6.051 6.059 6.066 6.073 6.081 6.088 6.095 6.102 6.108 6.115 6.122 6.128 6.135
5.440 5.454 5.469 5.483 5.498 5.512 5.525 5.539 5.552 5.565 5.577 5.590 5.602 5.613 5.625 5.636 5.647 5.656 5.666 5.675 5.684 5.693 5.702 5.711 5.719 5.728 5.737 5.746 5.754 5.763 5.772 5.780 5.789 5.797 5.806 5.814 5.823 5.832 5.841 5.850 5.858 5.866 5.874 5.882 5.889 5.897 5.905 5.914 5.922 5.930 5.938 5.946 5.955 5.963 5.971 5.980 5.988 5.996 6.005 6.013 6.022 6.031 6.039 6.047 6.054 6.062 6.069 6.076 6.084 6.091 6.098 6.104 6.111 6.118 6.125 6.131 6.138
5.446 5.461 5.476 5.490 5.504 5.518 5.532 5.546 5.559 5.572 5.585 5.598 5.610 5.622 5.634 5.645 5.656 5.665 5.675 5.684 5.693 5.702 5.711 5.719 5.728 5.737 5.745 5.754 5.762 5.771 5.779 5.788 5.796 5.804 5.813 5.821 5.830 5.838 5.847 5.856 5.864 5.872 5.879 5.887 5.895 5.903 5.910 5.918 5.926 5.934 5.943 5.951 5.959 5.967 5.975 5.983 5.992 6.000 6.008 6.017 6.025 6.034 6.042 6.050 6.058 6.065 6.072 6.080 6.087 6.094 6.101 6.108 6.114 6.121 6.128 6.134 6.141
5.453 5.467 5.482 5.496 5.511 5.525 5.539 5.553 5.566 5.580 5.593 5.605 5.618 5.630 5.642 5.654 5.665 5.674 5.684 5.693 5.702 5.711 5.720 5.729 5.737 5.746 5.754 5.763 5.771 5.779 5.788 5.796 5.804 5.812 5.820 5.829 5.837 5.845 5.854 5.862 5.870 5.878 5.885 5.893 5.900 5.908 5.916 5.924 5.931 5.939 5.947 5.955 5.963 5.971 5.979 5.988 5.996 6.004 6.012 6.020 6.029 6.037 6.046 6.053 6.061 6.068 6.076 6.083 6.090 6.097 6.104 6.111 6.117 6.124 6.131 6.137 6.144
5.460 5.474 5.488 5.503 5.517 5.531 5.545 5.559 5.573 5.586 5.600 5.613 5.626 5.638 5.651 5.663 5.673 5.683 5.693 5.702 5.712 5.721 5.730 5.739 5.747 5.756 5.764 5.772 5.780 5.789 5.797 5.805 5.812 5.820 5.828 5.836 5.845 5.853 5.861 5.870 5.877 5.884 5.892 5.899 5.906 5.914 5.921 5.929 5.937 5.945 5.952 5.960 5.968 5.976 5.984 5.992 6.000 6.008 6.016 6.024 6.033 6.041 6.049 6.057 6.064 6.072 6.079 6.086 6.093 6.100 6.107 6.114 6.121 6.127 6.134 6.140 6.147
5.466 5.480 5.495 5.509 5.523 5.537 5.551 5.565 5.579 5.593 5.606 5.620 5.633 5.646 5.659 5.671 5.682 5.692 5.702 5.712 5.721 5.731 5.740 5.749 5.757 5.766 5.774 5.782 5.790 5.798 5.806 5.814 5.822 5.830 5.837 5.845 5.853 5.861 5.869 5.877 5.884 5.891 5.899 5.906 5.913 5.920 5.928 5.935 5.943 5.950 5.958 5.965 5.973 5.981 5.989 5.996 6.004 6.012 6.020 6.028 6.037 6.045 6.053 6.061 6.068 6.075 6.082 6.089 6.096 6.103 6.110 6.117 6.124 6.130 6.137 6.144 6.150
5.472 5.487 5.501 5.515 5.529 5.543 5.557 5.571 5.585 5.599 5.613 5.626 5.640 5.653 5.666 5.679 5.690 5.701 5.711 5.721 5.731 5.741 5.750 5.759 5.768 5.776 5.785 5.793 5.801 5.809 5.816 5.824 5.832 5.839 5.847 5.854 5.862 5.870 5.878 5.886 5.892 5.899 5.906 5.913 5.920 5.927 5.934 5.941 5.949 5.956 5.963 5.971 5.979 5.986 5.994 6.001 6.009 6.017 6.025 6.033 6.041 6.049 6.057 6.064 6.072 6.079 6.086 6.093 6.100 6.107 6.114 6.120 6.127 6.134 6.140 6.147 6.153
5.479 5.493 5.507 5.521 5.535 5.549 5.563 5.577 5.591 5.605 5.619 5.632 5.646 5.660 5.673 5.686 5.697 5.709 5.719 5.730 5.740 5.750 5.760 5.769 5.778 5.787 5.795 5.804 5.812 5.820 5.827 5.835 5.842 5.850 5.857 5.865 5.872 5.880 5.888 5.895 5.901 5.908 5.914 5.921 5.928 5.935 5.941 5.948 5.955 5.963 5.970 5.977 5.984 5.992 5.999 6.007 6.014 6.022 6.029 6.037 6.045 6.054 6.061 6.068 6.076 6.083 6.090 6.097 6.103 6.110 6.117 6.124 6.131 6.137 6.144 6.150 6.157
5.485 5.499 5.513 5.527 5.540 5.554 5.568 5.582 5.596 5.610 5.624 5.638 5.652 5.666 5.679 5.692 5.704 5.716 5.727 5.738 5.749 5.759 5.769 5.779 5.788 5.797 5.806 5.815 5.823 5.831 5.839 5.846 5.854 5.861 5.868 5.875 5.883 5.891 5.898 5.905 5.911 5.917 5.924 5.930 5.936 5.943 5.949 5.956 5.963 5.970 5.977 5.984 5.991 5.998 6.005 6.012 6.020 6.027 6.035 6.042 6.050 6.058 6.066 6.073 6.080 6.087 6.094 6.100 6.107 6.114 6.121 6.127 6.134 6.141 6.147 6.154 6.160
5.492 5.505 5.519 5.532 5.546 5.560 5.574 5.587 5.601 5.615 5.629 5.643 5.657 5.671 5.685 5.698 5.710 5.722 5.734 5.745 5.756 5.767 5.778 5.788 5.798 5.807 5.816 5.825 5.834 5.842 5.850 5.858 5.865 5.872 5.880 5.887 5.894 5.902 5.909 5.915 5.921 5.927 5.934 5.940 5.946 5.952 5.958 5.965 5.971 5.978 5.984 5.991 5.998 6.005 6.012 6.019 6.026 6.033 6.040 6.048 6.056 6.063 6.070 6.077 6.084 6.091 6.098 6.105 6.111 6.118 6.125 6.131 6.138 6.144 6.151 6.157 6.164
5.498 5.511 5.525 5.538 5.552 5.565 5.579 5.593 5.606 5.620 5.634 5.648 5.662 5.676 5.690 5.703 5.716 5.728 5.740 5.752 5.763 5.775 5.786 5.796 5.807 5.816 5.826 5.835 5.844 5.853 5.861 5.869 5.877 5.884 5.892 5.899 5.906 5.914 5.920 5.927 5.933 5.938 5.944 5.950 5.956 5.962 5.968 5.974 5.980 5.986 5.993 5.999 6.006 6.012 6.019 6.026 6.032 6.039 6.046 6.054 6.061 6.069 6.076 6.082 6.089 6.096 6.102 6.109 6.116 6.122 6.129 6.135 6.142 6.148 6.155 6.161 6.168
5.504 5.517 5.531 5.544 5.557 5.571 5.584 5.598 5.611 5.625 5.638 5.652 5.666 5.680 5.694 5.708 5.720 5.733 5.745 5.757 5.769 5.781 5.792 5.803 5.814 5.825 5.835 5.845 5.854 5.863 5.872 5.880 5.888 5.896 5.903 5.911 5.918 5.926 5.933 5.939 5.944 5.950 5.956 5.962 5.967 5.973 5.979 5.984 5.990 5.996 6.002 6.008 6.014 6.021 6.027 6.033 6.040 6.046 6.053 6.060 6.068 6.075 6.081 6.088 6.095 6.101 6.107 6.114 6.120 6.127 6.133 6.140 6.146 6.153 6.159 6.165 6.172
5.511 5.524 5.537 5.550 5.563 5.576 5.589 5.603 5.616 5.629 5.643 5.656 5.670 5.684 5.698 5.712 5.724 5.737 5.750 5.762 5.774 5.786 5.798 5.810 5.821 5.832 5.843 5.853 5.863 5.872 5.882 5.890 5.899 5.907 5.915 5.923 5.930 5.938 5.945 5.951 5.957 5.962 5.968 5.974 5.979 5.984 5.990 5.995 6.001 6.007 6.012 6.018 6.024 6.030 6.036 6.042 6.048 6.054 6.061 6.068 6.075 6.082 6.088 6.094 6.100 6.107 6.113 6.119 6.126 6.132 6.138 6.144 6.151 6.157 6.163 6.170 6.176
5.517 5.530 5.543 5.556 5.569 5.582 5.595 5.608 5.621 5.634 5.647 5.661 5.674 5.688 5.702 5.715 5.728 5.741 5.753 5.766 5.778 5.791 5.803 5.815 5.827 5.838 5.849 5.860 5.871 5.881 5.891 5.900 5.909 5.918 5.926 5.934 5.942 5.950 5.957 5.963 5.969 5.975 5.981 5.986 5.991 5.997 6.002 6.007 6.013 6.018 6.023 6.029 6.034 6.040 6.046 6.051 6.057 6.063 6.069 6.076 6.083 6.089 6.095 6.101 6.107 6.113 6.119 6.125 6.131 6.137 6.143 6.150 6.156 6.162 6.168 6.174 6.180
5.523 5.536 5.549 5.562 5.574 5.587 5.600 5.613 5.626 5.639 5.652 5.665 5.678 5.692 5.706 5.719 5.732 5.744 5.757 5.769 5.782 5.794 5.807 5.819 5.831 5.843 5.855 5.866 5.877 5.888 5.898 5.908 5.918 5.927 5.936 5.944 5.953 5.961 5.969 5.975 5.982 5.987 5.993 5.999 6.004 6.009 6.015 6.020 6.025 6.030 6.035 6.041 6.046 6.051 6.057 6.062 6.068 6.073 6.079 6.085 6.091 6.098 6.103 6.109 6.115 6.120 6.126 6.132 6.138 6.143 6.149 6.155 6.161 6.167 6.173 6.179 6.185
5.530 5.542 5.555 5.568 5.580 5.593 5.605 5.618 5.631 5.643 5.656 5.669 5.682 5.696 5.709 5.722 5.735 5.747 5.760 5.772 5.785 5.797 5.810 5.823 5.835 5.847 5.859 5.871 5.883 5.894 5.905 5.915 5.925 5.935 5.945 5.954 5.963 5.971 5.979 5.987 5.993 6.000 6.006 6.011 6.017 6.022 6.028 6.033 6.038 6.043 6.048 6.053 6.058 6.063 6.068 6.073 6.079 6.084 6.089 6.095 6.101 6.107 6.112 6.118 6.123 6.128 6.134 6.139 6.145 6.150 6.156 6.162 6.167 6.173 6.179 6.185 6.191
5.536 5.549 5.561 5.573 5.586 5.598 5.611 5.623 5.636 5.648 5.661 5.674 5.687 5.700 5.713 5.726 5.738 5.750 5.763 5.775 5.788 5.800 5.813 5.825 5.838 5.850 5.863 5.875 5.887 5.898 5.910 5.921 5.932 5.942 5.952 5.962 5.971 5.981 5.989 5.997 6.004 6.011 6.017 6.023 6.029 6.035 6.040 6.046 6.051 6.056 6.061 6.066 6.071 6.076 6.081 6.086 6.091 6.096 6.101 6.106 6.112 6.117 6.122 6.127 6.132 6.137 6.142 6.148 6.153 6.158 6.163 6.169 6.174 6.180 6.186 6.191 6.197
5.543 5.555 5.567 5.579 5.592 5.604 5.616 5.628 5.641 5.653 5.666 5.678 5.691 5.704 5.717 5.729 5.741 5.754 5.766 5.778 5.790 5.803 5.815 5.828 5.840 5.853 5.865 5.878 5.890 5.902 5.914 5.925 5.936 5.947 5.958 5.968 5.978 5.988 5.998 6.006 6.014 6.021 6.028 6.034 6.041 6.047 6.053 6.058 6.064 6.069 6.074 6.079 6.084 6.089 6.094 6.098 6.103 6.108 6.113 6.118 6.123 6.129 6.133 6.138 6.143 6.147 6.152 6.157 6.162 6.167 6.172 6.177 6.182 6.187 6.193 6.198 6.204
5.549 5.561 5.573 5.586 5.598 5.610 5.622 5.634 5.646 5.658 5.670 5.683 5.695 5.708 5.721 5.733 5.745 5.757 5.769 5.781 5.793 5.805 5.817 5.830 5.842 5.855 5.867 5.880 5.892 5.904 5.916 5.928 5.940 5.951 5.963 5.973 5.984 5.995 6.005 6.014 6.022 6.030 6.037 6.044 6.051 6.058 6.064 6.070 6.076 6.081 6.087 6.092 6.097 6.102 6.107 6.112 6.116 6.121 6.126 6.131 6.136 6.141 6.145 6.149 6.154 6.158 6.163 6.167 6.171 6.176 6.181 6.186 6.191 6.196 6.201 6.206 6.211
5.556 5.568 5.580 5.591 5.603 5.615 5.627 5.639 5.651 5.663 5.675 5.687 5.700 5.712 5.725 5.737 5.748 5.760 5.772 5.783 5.795 5.807 5.820 5.832 5.844 5.857 5.869 5.881 5.894 5.906 5.918 5.931 5.942 5.954 5.966 5.977 5.988 6.000 6.010 6.020 6.029 6.037 6.045 6.053 6.060 6.068 6.074 6.081 6.087 6.093 6.099 6.104 6.110 6.115 6.120 6.125 6.130 6.134 6.139 6.144 6.149 6.154 6.158 6.162 6.166 6.170 6.174 6.178 6.182 6.187 6.191 6.195 6.200 6.205 6.210 6.214 6.219
5.562 5.574 5.586 5.597 5.609 5.621 5.633 5.645 5.656 5.668 5.680 5.692 5.704 5.717 5.729 5.741 5.752 5.763 5.775 5.786 5.798 5.810 5.822 5.834 5.846 5.858 5.871 5.883 5.895 5.908 5.920 5.932 5.944 5.956 5.968 5.980 5.991 6.003 6.014 6.024 6.034 6.043 6.052 6.060 6.068 6.076 6.083 6.090 6.097 6.104 6.110 6.116 6.122 6.127 6.132 6.138 6.142 6.147 6.152 6.157 6.162 6.167 6.171 6.175 6.179 6.182 6.186 6.190 6.194 6.198 6.202 6.206 6.211 6.215 6.219 6.224 6.229
5.569 5.580 5.592 5.603 5.615 5.627 5.638 5.650 5.662 5.673 5.685 5.697 5.709 5.721 5.733 5.744 5.756 5.767 5.778 5.789 5.801 5.812 5.824 5.836 5.848 5.860 5.872 5.884 5.896 5.909 5.921 5.933 5.945 5.957 5.969 5.981 5.993 6.005 6.017 6.027 6.037 6.047 6.056 6.065 6.074 6.082 6.090 6.098 6.106 6.113 6.120 6.126 6.132 6.138 6.144 6.149 6.155 6.160 6.165 6.170 6.175 6.180 6.184 6.188 6.192 6.195 6.199 6.203 6.206 6.210 6.214 6.218 6.222 6.226 6.230 6.234 6.239
5.575 5.586 5.598 5.609 5.621 5.632 5.644 5.655 5.667 5.678 5.690 5.702 5.713 5.726 5.737 5.748 5.759 5.770 5.781 5.792 5.804 5.815 5.826 5.838 5.850 5.861 5.873 5.885 5.897 5.909 5.921 5.934 5.946 5.958 5.970 5.982 5.994 6.007 6.018 6.029 6.040 6.050 6.060 6.069 6.078 6.087 6.096 6.104 6.112 6.120 6.128 6.135 6.142 6.148 6.154 6.160 6.166 6.172 6.177 6.182 6.188 6.193 6.197 6.201 6.205 6.208 6.212 6.216 6.219 6.223 6.226 6.230 6.234 6.238 6.242 6.246 6.250
5.581 5.592 5.604 5.615 5.627 5.638 5.649 5.661 5.672 5.683 5.695 5.706 5.718 5.730 5.742 5.752 5.763 5.774 5.785 5.795 5.806 5.818 5.829 5.840 5.852 5.863 5.875 5.887 5.898 5.910 5.922 5.934 5.946 5.958 5.970 5.982 5.995 6.007 6.019 6.030 6.041 6.051 6.061 6.072 6.081 6.091 6.100 6.109 6.118 6.126 6.134 6.142 6.149 6.156 6.163 6.170 6.176 6.182 6.188 6.194 6.199 6.205 6.209 6.213 6.217 6.221 6.225 6.229 6.232 6.236 6.239 6.243 6.246 6.250 6.254 6.258 6.261
5.587 5.599 5.610 5.621 5.632 5.643 5.655 5.666 5.677 5.688 5.700 5.711 5.723 5.734 5.746 5.756 5.767 5.777 5.788 5.799 5.810 5.820 5.831 5.843 5.854 5.865 5.876 5.888 5.899 5.911 5.923 5.935 5.946 5.958 5.970 5.982 5.995 6.007 6.019 6.030 6.041 6.052 6.062 6.073 6.083 6.093 6.102 6.112 6.121 6.130 6.139 6.147 6.155 6.163 6.170 6.177 6.184 6.191 6.197 6.204 6.210 6.216 6.220 6.225 6.229 6.233 6.237 6.241 6.245 6.248 6.252 6.256 6.259 6.263 6.266 6.270 6.274
5.594 5.605 5.616 5.627 5.638 5.649 5.660 5.671 5.682 5.693 5.705 5.716 5.727 5.739 5.750 5.760 5.771 5.781 5.792 5.802 5.813 5.823 5.834 5.845 5.856 5.867 5.878 5.889 5.901 5.912 5.924 5.935 5.947 5.958 5.970 5.982 5.995 6.007 6.018 6.029 6.041 6.051 6.062 6.073 6.083 6.093 6.104 6.113 6.123 6.133 6.142 6.151 6.159 6.168 6.176 6.183 6.191 6.198 6.205 6.212 6.219 6.225 6.230 6.235 6.240 6.245 6.249 6.253 6.257 6.261 6.264 6.268 6.272 6.275 6.279 6.283 6.286
