version1/TsunamiDB/out54035.asc
ncols          264
nrows          230
xllcorner      497853.4375
yllcorner      4229146.0000
cellsize         5.
NODATA_value   -99
[rows 128 to 159 of 230, columns 72 to 143 of 264]
-99.000 -99.000 -99.000 -99.000 -99.000 -99.000 -99.000 -99.000 -99.000 -99.000 -99.000 -99.000 -99.000 -99.000 -99.000 -99.000 -99.000 -99.000 -99.000 -99.000 -99.000 -99.000 -99.000 -99.000 -99.000 -99.000 -99.000 -99.000 -99.000 -99.000 1.646 1.657 1.727 1.896 2.149 2.451 2.767 3.067 3.329 3.548 3.725 3.866 3.981 4.077 4.159 4.232 4.298 4.359 4.417 4.473 4.526 4.577 4.625 4.672 4.718 4.762 4.807 4.850 4.893 4.935 4.977 5.019 5.061 5.102 5.143 5.184 5.225 5.266 5.307 5.347 5.388 5.428
-99.000 -99.000 -99.000 -99.000 -99.000 -99.000 -99.000 -99.000 -99.000 -99.000 -99.000 -99.000 -99.000 -99.000 -99.000 -99.000 -99.000 -99.000 -99.000 -99.000 -99.000 -99.000 -99.000 -99.000 -99.000 -99.000 -99.000 -99.000 -99.000 1.646 1.648 1.674 1.783 1.988 2.265 2.577 2.890 3.176 3.422 3.623 3.785 3.916 4.023 4.113 4.191 4.260 4.325 4.385 4.442 4.496 4.548 4.598 4.645 4.690 4.735 4.779 4.822 4.864 4.906 4.947 4.988 5.029 5.070 5.110 5.151 5.191 5.231 5.272 5.312 5.352 5.392 5.432
-99.000 -99.000 -99.000 -99.000 -99.000 -99.000 -99.000 -99.000 -99.000 -99.000 -99.000 -99.000 -99.000 -99.000 -99.000 -99.000 -99.000 -99.000 -99.000 -99.000 -99.000 -99.000 -99.000 -99.000 -99.000 -99.000 -99.000 -99.000 -99.000 1.646 1.652 1.705 1.854 2.093 2.388 2.704 3.009 3.280 3.508 3.693 3.842 3.962 4.062 4.146 4.221 4.289 4.351 4.411 4.467 4.520 4.571 4.620 4.665 4.709 4.753 4.795 4.837 4.878 4.919 4.959 4.999 5.039 5.079 5.118 5.158 5.198 5.237 5.277 5.316 5.356 5.395 5.435
-99.000 -99.000 -99.000 -99.000 -99.000 -99.000 -99.000 -99.000 -99.000 -99.000 -99.000 -99.000 -99.000 -99.000 -99.000 -99.000 -99.000 -99.000 -99.000 -99.000 -99.000 -99.000 -99.000 -99.000 -99.000 -99.000 -99.000 -99.000 -99.000 1.647 1.664 1.753 1.941 2.207 2.515 2.830 3.124 3.378 3.588 3.758 3.894 4.005 4.099 4.179 4.251 4.317 4.378 4.437 4.492 4.544 4.594 4.642 4.686 4.729 4.772 4.813 4.853 4.893 4.932 4.971 5.010 5.049 5.088 5.126 5.165 5.204 5.243 5.282 5.321 5.359 5.398 5.437
-99.000 -99.000 -99.000 -99.000 -99.000 -99.000 -99.000 -99.000 -99.000 -99.000 -99.000 -99.000 -99.000 -99.000 -99.000 -99.000 -99.000 -99.000 -99.000 -99.000 -99.000 -99.000 -99.000 -99.000 -99.000 -99.000 -99.000 -99.000 1.647 1.649 1.689 1.819 2.042 2.330 2.645 2.954 3.233 3.469 3.662 3.817 3.943 4.046 4.134 4.211 4.280 4.345 4.405 4.463 4.517 4.569 4.618 4.665 4.708 4.750 4.792 4.831 4.871 4.909 4.947 4.984 5.022 5.059 5.097 5.135 5.172 5.210 5.248 5.286 5.325 5.363 5.401 5.440
-99.000 -99.000 -99.000 -99.000 -99.000 -99.000 -99.000 -99.000 -99.000 -99.000 -99.000 -99.000 -99.000 -99.000 -99.000 -99.000 -99.000 -99.000 -99.000 -99.000 -99.000 -99.000 -99.000 -99.000 -99.000 -99.000 -99.000 -99.000 1.647 1.658 1.730 1.900 2.154 2.457 2.774 3.073 3.335 3.554 3.730 3.872 3.988 4.084 4.167 4.241 4.309 4.372 4.432 4.489 4.543 4.594 4.642 4.688 4.731 4.772 4.812 4.851 4.889 4.926 4.962 4.999 5.034 5.071 5.107 5.143 5.180 5.217 5.254 5.291 5.329 5.366 5.404 5.442
-99.000 -99.000 -99.000 -99.000 -99.000 -99.000 -99.000 -99.000 -99.000 -99.000 -99.000 -99.000 -99.000 -99.000 -99.000 -99.000 -99.000 -99.000 -99.000 -99.000 -99.000 -99.000 -99.000 -99.000 -99.000 -99.000 -99.000 -99.000 1.649 1.676 1.788 1.997 2.276 2.588 2.901 3.186 3.431 3.632 3.793 3.923 4.030 4.120 4.199 4.271 4.337 4.400 4.459 4.515 4.569 4.619 4.667 4.712 4.754 4.795 4.834 4.872 4.909 4.944 4.979 5.014 5.048 5.083 5.117 5.152 5.188 5.223 5.259 5.296 5.333 5.369 5.407 5.444
-99.000 -99.000 -99.000 -99.000 -99.000 -99.000 -99.000 -99.000 -99.000 -99.000 -99.000 -99.000 -99.000 -99.000 -99.000 -99.000 -99.000 -99.000 -99.000 -99.000 -99.000 -99.000 -99.000 -99.000 -99.000 -99.000 -99.000 1.647 1.654 1.710 1.864 2.106 2.404 2.720 3.024 3.293 3.520 3.703 3.850 3.970 4.069 4.155 4.230 4.300 4.365 4.427 4.485 4.541 4.594 4.644 4.691 4.736 4.778 4.818 4.857 4.894 4.930 4.964 4.998 5.031 5.064 5.096 5.129 5.163 5.196 5.231 5.265 5.301 5.336 5.373 5.409 5.446
-99.000 -99.000 -99.000 -99.000 -99.000 -99.000 -99.000 -99.000 -99.000 -99.000 -99.000 -99.000 -99.000 -99.000 -99.000 -99.000 -99.000 -99.000 -99.000 -99.000 -99.000 -99.000 -99.000 -99.000 -99.000 -99.000 -99.000 1.648 1.668 1.762 1.956 2.226 2.536 2.850 3.141 3.393 3.601 3.768 3.903 4.013 4.106 4.187 4.260 4.328 4.392 4.453 4.511 4.567 4.619 4.668 4.716 4.761 4.803 4.843 4.881 4.918 4.952 4.986 5.018 5.050 5.081 5.112 5.143 5.174 5.206 5.239 5.272 5.306 5.341 5.376 5.412 5.448
-99.000 -99.000 -99.000 -99.000 -99.000 -99.000 -99.000 -99.000 -99.000 -99.000 -99.000 -99.000 -99.000 -99.000 -99.000 -99.000 -99.000 -99.000 -99.000 -99.000 -99.000 -99.000 -99.000 -99.000 -99.000 -99.000 1.647 1.651 1.696 1.833 2.062 2.353 2.669 2.976 3.252 3.485 3.675 3.828 3.951 4.053 4.141 4.218 4.290 4.356 4.419 4.479 4.537 4.591 4.643 4.693 4.740 4.785 4.827 4.867 4.905 4.942 4.976 5.009 5.040 5.071 5.100 5.129 5.159 5.188 5.218 5.249 5.280 5.312 5.346 5.380 5.414 5.450
-99.000 -99.000 -99.000 -99.000 -99.000 -99.000 -99.000 -99.000 -99.000 -99.000 -99.000 -99.000 -99.000 -99.000 -99.000 -99.000 -99.000 -99.000 -99.000 -99.000 -99.000 -99.000 -99.000 -99.000 -99.000 -99.000 1.647 1.661 1.741 1.920 2.179 2.485 2.801 3.097 3.355 3.570 3.743 3.882 3.995 4.090 4.174 4.249 4.318 4.383 4.445 4.504 4.561 4.615 4.667 4.716 4.763 4.808 4.850 4.891 4.930 4.966 5.000 5.033 5.064 5.093 5.121 5.149 5.176 5.204 5.232 5.260 5.290 5.320 5.352 5.384 5.418 5.452
-99.000 -99.000 -99.000 -99.000 -99.000 -99.000 -99.000 -99.000 -99.000 -99.000 -99.000 -99.000 -99.000 -99.000 -99.000 -99.000 -99.000 -99.000 -99.000 -99.000 -99.000 -99.000 -99.000 -99.000 -99.000 1.647 1.650 1.684 1.804 2.021 2.305 2.619 2.930 3.211 3.451 3.646 3.804 3.931 4.036 4.126 4.205 4.278 4.346 4.410 4.471 4.529 4.584 4.638 4.689 4.739 4.786 4.831 4.873 4.915 4.954 4.990 5.025 5.057 5.088 5.117 5.144 5.171 5.196 5.222 5.248 5.274 5.301 5.329 5.359 5.390 5.422 5.455
-99.000 -99.000 -99.000 -99.000 -99.000 -99.000 -99.000 -99.000 -99.000 -99.000 -99.000 -99.000 -99.000 -99.000 -99.000 -99.000 -99.000 -99.000 -99.000 -99.000 -99.000 -99.000 -99.000 -99.000 -99.000 1.647 1.657 1.723 1.886 2.135 2.436 2.752 3.053 3.317 3.538 3.716 3.860 3.976 4.074 4.160 4.236 4.307 4.373 4.435 4.494 4.552 4.607 4.660 4.711 4.760 4.808 4.853 4.896 4.938 4.977 5.014 5.049 5.082 5.113 5.142 5.169 5.194 5.219 5.243 5.266 5.290 5.315 5.341 5.368 5.397 5.427 5.459
-99.000 -99.000 -99.000 -99.000 -99.000 -99.000 -99.000 -99.000 -99.000 -99.000 -99.000 -99.000 -99.000 -99.000 -99.000 -99.000 -99.000 -99.000 -99.000 -99.000 -99.000 -99.000 -99.000 -99.000 -99.000 1.648 1.674 1.780 1.983 2.258 2.570 2.883 3.169 3.415 3.617 3.780 3.911 4.019 4.111 4.193 4.266 4.334 4.398 4.459 4.517 4.573 4.628 4.681 4.732 4.781 4.829 4.874 4.917 4.959 5.000 5.038 5.073 5.107 5.138 5.167 5.194 5.220 5.243 5.266 5.288 5.310 5.332 5.355 5.380 5.406 5.434 5.464
-99.000 -99.000 -99.000 -99.000 -99.000 -99.000 -99.000 -99.000 -99.000 -99.000 -99.000 -99.000 -99.000 -99.000 -99.000 -99.000 -99.000 -99.000 -99.000 -99.000 -99.000 -99.000 -99.000 -99.000 1.647 1.653 1.706 1.855 2.092 2.388 2.704 3.008 3.279 3.506 3.690 3.839 3.959 4.060 4.147 4.225 4.295 4.361 4.423 4.482 4.539 4.595 4.648 4.701 4.751 4.801 4.848 4.894 4.937 4.980 5.021 5.060 5.096 5.131 5.163 5.193 5.220 5.246 5.269 5.291 5.312 5.332 5.352 5.373 5.395 5.418 5.443 5.471
-99.000 -99.000 -99.000 -99.000 -99.000 -99.000 -99.000 -99.000 -99.000 -99.000 -99.000 -99.000 -99.000 -99.000 -99.000 -99.000 -99.000 -99.000 -99.000 -99.000 -99.000 -99.000 -99.000 -99.000 1.648 1.666 1.757 1.946 2.212 2.521 2.835 3.127 3.380 3.589 3.757 3.893 4.005 4.100 4.182 4.256 4.323 4.386 4.446 4.504 4.560 4.615 4.668 4.720 4.770 4.819 4.867 4.912 4.956 4.999 5.041 5.080 5.118 5.153 5.187 5.218 5.246 5.272 5.296 5.317 5.338 5.356 5.375 5.393 5.412 5.433 5.455 5.480
-99.000 -99.000 -99.000 -99.000 -99.000 -99.000 -99.000 -99.000 -99.000 -99.000 -99.000 -99.000 -99.000 -99.000 -99.000 -99.000 -99.000 -99.000 -99.000 -99.000 -99.000 -99.000 -99.000 1.647 1.651 1.692 1.825 2.052 2.339 2.655 2.963 3.240 3.474 3.666 3.820 3.945 4.049 4.138 4.215 4.285 4.350 4.411 4.469 4.526 4.581 4.634 4.687 4.738 4.788 4.837 4.884 4.930 4.974 5.017 5.059 5.100 5.138 5.175 5.209 5.241 5.271 5.298 5.323 5.345 5.365 5.383 5.400 5.417 5.434 5.451 5.471 5.492
-99.000 -99.000 -99.000 -99.000 -99.000 -99.000 -99.000 -99.000 -99.000 -99.000 -99.000 -99.000 -99.000 -99.000 -99.000 -99.000 -99.000 -99.000 -99.000 -99.000 -99.000 -99.000 -99.000 1.647 1.660 1.736 1.911 2.168 2.472 2.788 3.085 3.345 3.562 3.738 3.879 3.995 4.092 4.175 4.248 4.314 4.376 4.435 4.492 4.547 4.600 4.653 4.704 4.755 4.804 4.853 4.900 4.946 4.990 5.034 5.076 5.117 5.157 5.194 5.230 5.263 5.294 5.323 5.349 5.372 5.393 5.412 5.428 5.444 5.459 5.474 5.490 5.508
-99.000 -99.000 -99.000 -99.000 -99.000 -99.000 -99.000 -99.000 -99.000 -99.000 -99.000 -99.000 -99.000 -99.000 -99.000 -99.000 -99.000 -99.000 -99.000 -99.000 -99.000 -99.000 1.647 1.649 1.681 1.798 2.011 2.293 2.606 2.917 3.201 3.444 3.644 3.805 3.935 4.042 4.132 4.210 4.279 4.343 4.403 4.459 4.514 4.568 4.620 4.671 4.722 4.771 4.820 4.868 4.915 4.960 5.005 5.049 5.092 5.133 5.173 5.212 5.249 5.283 5.316 5.346 5.374 5.399 5.421 5.440 5.458 5.473 5.486 5.499 5.513 5.527
-99.000 -99.000 -99.000 -99.000 -99.000 -99.000 -99.000 -99.000 -99.000 -99.000 -99.000 -99.000 -99.000 -99.000 -99.000 -99.000 -99.000 -99.000 -99.000 -99.000 -99.000 -99.000 1.647 1.655 1.717 1.877 2.124 2.424 2.740 3.043 3.311 3.536 3.720 3.868 3.988 4.087 4.171 4.244 4.310 4.371 4.429 4.484 4.537 4.589 4.640 4.690 4.739 4.787 4.835 4.883 4.929 4.974 5.018 5.063 5.106 5.148 5.188 5.228 5.265 5.301 5.336 5.367 5.397 5.424 5.448 5.469 5.487 5.503 5.516 5.528 5.539 5.551
-99.000 -99.000 -99.000 -99.000 -99.000 -99.000 -99.000 -99.000 -99.000 -99.000 -99.000 -99.000 -99.000 -99.000 -99.000 -99.000 -99.000 -99.000 -99.000 -99.000 -99.000 -99.000 1.648 1.671 1.773 1.973 2.246 2.558 2.872 3.163 3.414 3.623 3.791 3.928 4.038 4.131 4.209 4.278 4.342 4.400 4.456 4.509 4.560 4.610 4.659 4.708 4.756 4.803 4.850 4.896 4.942 4.987 5.031 5.075 5.118 5.160 5.202 5.242 5.280 5.317 5.353 5.386 5.418 5.447 5.473 5.496 5.516 5.533 5.548 5.559 5.569 5.578
-99.000 -99.000 -99.000 -99.000 -99.000 -99.000 -99.000 -99.000 -99.000 -99.000 -99.000 -99.000 -99.000 -99.000 -99.000 -99.000 -99.000 -99.000 -99.000 -99.000 -99.000 1.647 1.652 1.702 1.846 2.081 2.375 2.693 3.000 3.277 3.511 3.704 3.859 3.984 4.086 4.172 4.246 4.312 4.373 4.429 4.483 4.534 4.584 4.632 4.680 4.727 4.773 4.819 4.864 4.910 4.955 4.998 5.042 5.086 5.129 5.171 5.213 5.254 5.293 5.331 5.368 5.403 5.436 5.467 5.496 5.521 5.544 5.563 5.579 5.591 5.601 5.609
-99.000 -99.000 -99.000 -99.000 -99.000 -99.000 -99.000 -99.000 -99.000 -99.000 -99.000 -99.000 -99.000 -99.000 -99.000 -99.000 -99.000 -99.000 -99.000 -99.000 -99.000 1.648 1.664 1.750 1.935 2.200 2.509 2.826 3.124 3.385 3.602 3.779 3.922 4.037 4.132 4.212 4.282 4.346 4.404 4.458 4.510 4.560 4.608 4.655 4.701 4.746 4.791 4.835 4.879 4.923 4.967 5.010 5.052 5.096 5.138 5.181 5.223 5.264 5.304 5.343 5.381 5.417 5.452 5.485 5.516 5.544 5.569 5.591 5.609 5.623 5.634 5.642
-99.000 -99.000 -99.000 -99.000 -99.000 -99.000 -99.000 -99.000 -99.000 -99.000 -99.000 -99.000 -99.000 -99.000 -99.000 -99.000 -99.000 -99.000 -99.000 -99.000 1.647 1.650 1.688 1.816 2.039 2.327 2.644 2.957 3.241 3.486 3.687 3.850 3.981 4.087 4.175 4.251 4.318 4.379 4.435 4.488 4.538 4.587 4.633 4.679 4.723 4.767 4.810 4.852 4.895 4.937 4.980 5.021 5.063 5.105 5.147 5.189 5.231 5.272 5.313 5.353 5.391 5.429 5.466 5.500 5.533 5.563 5.591 5.616 5.636 5.653 5.666 5.675
-99.000 -99.000 -99.000 -99.000 -99.000 -99.000 -99.000 -99.000 -99.000 -99.000 -99.000 -99.000 -99.000 -99.000 -99.000 -99.000 -99.000 -99.000 -99.000 -99.000 1.647 1.658 1.729 1.899 2.153 2.458 2.778 3.084 3.353 3.581 3.767 3.916 4.036 4.134 4.217 4.289 4.354 4.412 4.467 4.518 4.567 4.614 4.660 4.704 4.746 4.788 4.830 4.871 4.911 4.952 4.993 5.033 5.073 5.114 5.155 5.197 5.238 5.279 5.320 5.360 5.400 5.439 5.476 5.512 5.547 5.580 5.610 5.637 5.661 5.681 5.696 5.708
-99.000 -99.000 -99.000 -99.000 -99.000 -99.000 -99.000 -99.000 -99.000 -99.000 -99.000 -99.000 -99.000 -99.000 -99.000 -99.000 -99.000 -99.000 -99.000 1.647 1.649 1.677 1.788 1.997 2.277 2.593 2.911 3.204 3.458 3.669 3.840 3.977 4.088 4.179 4.258 4.327 4.388 4.445 4.499 4.549 4.596 4.642 4.686 4.729 4.771 4.811 4.851 4.890 4.929 4.968 5.007 5.045 5.084 5.124 5.164 5.204 5.244 5.285 5.326 5.366 5.406 5.446 5.484 5.522 5.558 5.593 5.625 5.655 5.682 5.705 5.723 5.737
-99.000 -99.000 -99.000 -99.000 -99.000 -99.000 -99.000 -99.000 -99.000 -99.000 -99.000 -99.000 -99.000 -99.000 -99.000 -99.000 -99.000 -99.000 -99.000 1.647 1.654 1.711 1.864 2.107 2.407 2.728 3.039 3.319 3.556 3.751 3.907 4.033 4.136 4.223 4.297 4.363 4.423 4.478 4.530 4.579 4.626 4.671 4.714 4.756 4.796 4.836 4.874 4.912 4.949 4.986 5.023 5.059 5.096 5.134 5.173 5.211 5.251 5.291 5.331 5.371 5.411 5.451 5.490 5.529 5.567 5.603 5.637 5.669 5.699 5.725 5.747 5.764
-99.000 -99.000 -99.000 -99.000 -99.000 -99.000 -99.000 -99.000 -99.000 -99.000 -99.000 -99.000 -99.000 -99.000 -99.000 -99.000 -99.000 -99.000 -99.000 1.648 1.668 1.762 1.956 2.227 2.540 2.861 3.162 3.426 3.646 3.826 3.970 4.086 4.182 4.264 4.335 4.399 4.457 4.511 4.562 4.610 4.656 4.700 4.742 4.783 4.823 4.861 4.898 4.935 4.971 5.006 5.041 5.075 5.110 5.146 5.183 5.220 5.258 5.296 5.335 5.375 5.415 5.455 5.495 5.534 5.573 5.610 5.646 5.680 5.712 5.740 5.765 5.786
-99.000 -99.000 -99.000 -99.000 -99.000 -99.000 -99.000 -99.000 -99.000 -99.000 -99.000 -99.000 -99.000 -99.000 -99.000 -99.000 -99.000 -99.000 1.647 1.651 1.694 1.831 2.061 2.354 2.675 2.991 3.279 3.525 3.729 3.894 4.027 4.135 4.226 4.303 4.372 4.434 4.491 4.544 4.594 4.641 4.686 4.729 4.771 4.811 4.850 4.888 4.924 4.959 4.994 5.028 5.061 5.093 5.127 5.161 5.195 5.230 5.266 5.303 5.340 5.379 5.418 5.458 5.497 5.537 5.576 5.615 5.652 5.688 5.721 5.752 5.780 5.804
-99.000 -99.000 -99.000 -99.000 -99.000 -99.000 -99.000 -99.000 -99.000 -99.000 -99.000 -99.000 -99.000 -99.000 -99.000 -99.000 -99.000 -99.000 1.647 1.660 1.738 1.915 2.176 2.485 2.808 3.115 3.388 3.617 3.805 3.956 4.079 4.181 4.267 4.341 4.408 4.468 4.524 4.576 4.625 4.672 4.716 4.759 4.800 4.840 4.878 4.915 4.951 4.985 5.019 5.052 5.083 5.114 5.145 5.177 5.209 5.242 5.276 5.311 5.347 5.383 5.421 5.460 5.499 5.539 5.578 5.617 5.656 5.693 5.728 5.761 5.791 5.817
-99.000 -99.000 -99.000 -99.000 -99.000 -99.000 -99.000 -99.000 -99.000 -99.000 -99.000 -99.000 -99.000 -99.000 -99.000 -99.000 -99.000 1.647 1.649 1.681 1.799 2.014 2.299 2.618 2.938 3.233 3.489 3.701 3.873 4.013 4.128 4.223 4.305 4.378 4.442 4.501 4.556 4.607 4.656 4.702 4.746 4.789 4.829 4.869 4.906 4.943 4.978 5.012 5.045 5.077 5.107 5.137 5.167 5.196 5.226 5.257 5.288 5.321 5.354 5.389 5.426 5.463 5.501 5.540 5.580 5.619 5.657 5.695 5.732 5.766 5.798 5.827
-99.000 -99.000 -99.000 -99.000 -99.000 -99.000 -99.000 -99.000 -99.000 -99.000 -99.000 -99.000 -99.000 -99.000 -99.000 -99.000 -99.000 1.647 1.655 1.716 1.876 2.123 2.427 2.750 3.063 3.343 3.582 3.777 3.936 4.065 4.173 4.263 4.342 4.412 4.476 4.534 4.588 4.638 4.686 4.732 4.776 4.818 4.858 4.897 4.935 4.971 5.006 5.040 5.073 5.104 5.133 5.162 5.190 5.219 5.247 5.275 5.304 5.334 5.365 5.397 5.432 5.467 5.504 5.542 5.580 5.619 5.658 5.696 5.733 5.769 5.803 5.834
