version1/TsunamiDB/out54126.asc
ncols          264
nrows          230
xllcorner      497853.4375
yllcorner      4229146.0000
cellsize         5.
NODATA_value   -99
[rows 170 to 203 of 230, columns 0 to 76 of 264]
5.962 5.971 5.980 5.990 5.999 6.010 6.019 6.028 6.038 6.048 6.058 6.068 6.078 6.088 6.098 6.107 6.117 6.126 6.135 6.144 6.152 6.161 6.169 6.177 6.185 6.194 6.202 6.210 6.219 6.228 6.235 6.242 6.250 6.258 6.266 6.274 6.283 6.291 6.299 6.307 6.315 6.323 6.331 6.338 6.345 6.352 6.359 6.365 6.371 6.378 6.384 6.390 6.395 6.400 6.404 6.408 6.413 6.417 6.422 6.426 6.431 6.435 6.440 6.445 6.449 6.454 6.459 6.463 6.468 6.473 6.478 6.483 6.489 6.495 6.501 6.508 6.514
5.983 5.991 5.999 6.008 6.017 6.026 6.035 6.043 6.052 6.061 6.071 6.081 6.091 6.101 6.111 6.121 6.131 6.140 6.149 6.158 6.167 6.175 6.184 6.192 6.200 6.208 6.217 6.225 6.234 6.241 6.248 6.256 6.263 6.271 6.279 6.287 6.296 6.304 6.312 6.320 6.328 6.336 6.344 6.351 6.358 6.365 6.372 6.379 6.385 6.391 6.397 6.403 6.409 6.414 6.418 6.422 6.426 6.431 6.435 6.440 6.444 6.449 6.453 6.458 6.462 6.467 6.471 6.476 6.480 6.485 6.490 6.495 6.500 6.506 6.512 6.518 6.524
6.006 6.013 6.020 6.028 6.035 6.044 6.051 6.059 6.067 6.076 6.085 6.095 6.104 6.114 6.124 6.134 6.144 6.153 6.162 6.171 6.180 6.189 6.198 6.206 6.214 6.222 6.231 6.239 6.247 6.255 6.262 6.269 6.276 6.284 6.292 6.300 6.308 6.316 6.325 6.333 6.341 6.349 6.356 6.364 6.371 6.378 6.385 6.392 6.398 6.405 6.411 6.417 6.423 6.428 6.432 6.436 6.440 6.444 6.449 6.453 6.457 6.462 6.466 6.470 6.475 6.479 6.484 6.488 6.492 6.497 6.502 6.506 6.511 6.517 6.522 6.528 6.534
6.029 6.036 6.042 6.049 6.056 6.063 6.070 6.076 6.083 6.091 6.100 6.108 6.118 6.127 6.137 6.146 6.156 6.165 6.175 6.184 6.193 6.202 6.211 6.219 6.228 6.236 6.244 6.252 6.261 6.268 6.275 6.282 6.289 6.297 6.305 6.312 6.320 6.329 6.337 6.345 6.353 6.361 6.368 6.376 6.384 6.391 6.398 6.405 6.412 6.418 6.425 6.431 6.437 6.441 6.445 6.449 6.453 6.458 6.462 6.466 6.471 6.475 6.479 6.483 6.488 6.492 6.496 6.501 6.505 6.509 6.514 6.518 6.523 6.528 6.533 6.539 6.544
6.053 6.059 6.065 6.071 6.077 6.084 6.089 6.095 6.101 6.108 6.115 6.123 6.132 6.140 6.149 6.159 6.168 6.178 6.187 6.196 6.205 6.214 6.223 6.232 6.241 6.249 6.257 6.265 6.274 6.281 6.288 6.295 6.302 6.309 6.317 6.324 6.332 6.340 6.348 6.356 6.364 6.372 6.380 6.388 6.396 6.403 6.410 6.417 6.424 6.431 6.438 6.444 6.450 6.454 6.458 6.463 6.467 6.471 6.475 6.480 6.484 6.488 6.492 6.496 6.501 6.505 6.509 6.513 6.517 6.521 6.526 6.530 6.535 6.540 6.545 6.550 6.555
6.076 6.083 6.089 6.095 6.100 6.106 6.111 6.115 6.120 6.126 6.132 6.139 6.147 6.155 6.163 6.172 6.180 6.190 6.199 6.208 6.217 6.226 6.235 6.244 6.253 6.261 6.269 6.278 6.286 6.293 6.300 6.307 6.314 6.321 6.329 6.336 6.344 6.352 6.360 6.368 6.376 6.384 6.392 6.399 6.407 6.415 6.422 6.429 6.436 6.443 6.450 6.457 6.462 6.467 6.472 6.476 6.480 6.485 6.489 6.493 6.497 6.501 6.505 6.510 6.514 6.518 6.522 6.526 6.530 6.534 6.538 6.542 6.547 6.551 6.556 6.561 6.565
6.099 6.106 6.112 6.118 6.124 6.129 6.134 6.137 6.141 6.146 6.151 6.157 6.163 6.170 6.177 6.185 6.193 6.202 6.211 6.220 6.229 6.238 6.247 6.255 6.264 6.273 6.281 6.289 6.298 6.305 6.312 6.319 6.326 6.333 6.340 6.348 6.355 6.363 6.371 6.379 6.386 6.394 6.402 6.410 6.418 6.426 6.433 6.441 6.448 6.455 6.462 6.469 6.475 6.480 6.484 6.489 6.493 6.498 6.502 6.506 6.510 6.514 6.518 6.523 6.526 6.530 6.534 6.538 6.542 6.546 6.550 6.554 6.558 6.563 6.568 6.572 6.576
6.119 6.127 6.135 6.141 6.147 6.153 6.157 6.160 6.164 6.167 6.172 6.176 6.181 6.187 6.193 6.200 6.207 6.215 6.223 6.232 6.240 6.249 6.258 6.267 6.275 6.284 6.292 6.301 6.309 6.317 6.323 6.330 6.337 6.344 6.351 6.359 6.366 6.374 6.381 6.389 6.397 6.405 6.413 6.421 6.428 6.436 6.444 6.452 6.459 6.466 6.473 6.480 6.486 6.492 6.496 6.501 6.506 6.510 6.515 6.519 6.523 6.527 6.531 6.535 6.539 6.543 6.547 6.551 6.555 6.559 6.562 6.566 6.571 6.575 6.579 6.584 6.587
6.138 6.147 6.156 6.163 6.170 6.176 6.180 6.184 6.187 6.190 6.194 6.197 6.201 6.206 6.211 6.216 6.223 6.229 6.237 6.244 6.252 6.261 6.269 6.278 6.286 6.295 6.303 6.312 6.320 6.328 6.335 6.341 6.348 6.355 6.362 6.370 6.377 6.384 6.392 6.399 6.407 6.415 6.423 6.431 6.438 6.446 6.454 6.462 6.469 6.477 6.484 6.491 6.498 6.503 6.508 6.513 6.518 6.523 6.527 6.532 6.536 6.540 6.544 6.548 6.552 6.556 6.560 6.563 6.567 6.571 6.575 6.579 6.583 6.587 6.591 6.595 6.598
6.154 6.165 6.174 6.183 6.191 6.198 6.203 6.207 6.210 6.213 6.217 6.220 6.223 6.226 6.230 6.235 6.240 6.245 6.251 6.258 6.265 6.273 6.281 6.289 6.297 6.306 6.314 6.323 6.331 6.339 6.345 6.352 6.359 6.366 6.373 6.380 6.387 6.395 6.402 6.410 6.417 6.425 6.432 6.440 6.448 6.456 6.464 6.471 6.479 6.487 6.494 6.501 6.508 6.514 6.519 6.524 6.529 6.534 6.539 6.544 6.548 6.552 6.557 6.561 6.564 6.568 6.572 6.576 6.580 6.583 6.587 6.591 6.595 6.599 6.603 6.606 6.609
6.168 6.180 6.191 6.200 6.209 6.217 6.224 6.228 6.233 6.236 6.240 6.243 6.245 6.248 6.251 6.255 6.258 6.263 6.268 6.273 6.279 6.286 6.293 6.301 6.309 6.317 6.325 6.333 6.342 6.349 6.356 6.363 6.370 6.377 6.384 6.391 6.398 6.405 6.412 6.420 6.427 6.434 6.442 6.450 6.457 6.465 6.473 6.480 6.488 6.496 6.503 6.511 6.518 6.524 6.529 6.535 6.540 6.545 6.550 6.555 6.560 6.564 6.569 6.573 6.577 6.581 6.584 6.588 6.592 6.595 6.599 6.603 6.606 6.610 6.614 6.618 6.621
6.180 6.193 6.205 6.216 6.226 6.235 6.243 6.248 6.254 6.258 6.262 6.265 6.268 6.271 6.273 6.276 6.279 6.282 6.285 6.290 6.295 6.300 6.307 6.313 6.321 6.328 6.336 6.344 6.352 6.360 6.367 6.373 6.380 6.387 6.394 6.401 6.408 6.415 6.422 6.429 6.437 6.444 6.451 6.459 6.466 6.474 6.482 6.489 6.497 6.505 6.512 6.520 6.527 6.533 6.539 6.545 6.550 6.556 6.561 6.566 6.571 6.576 6.580 6.584 6.588 6.592 6.596 6.600 6.604 6.607 6.611 6.615 6.618 6.622 6.626 6.629 6.632
6.190 6.203 6.216 6.229 6.240 6.251 6.259 6.266 6.273 6.278 6.283 6.287 6.291 6.294 6.296 6.298 6.300 6.302 6.305 6.308 6.312 6.316 6.321 6.327 6.334 6.340 6.348 6.355 6.363 6.371 6.377 6.384 6.391 6.398 6.405 6.412 6.418 6.425 6.432 6.439 6.446 6.453 6.461 6.468 6.475 6.483 6.490 6.498 6.506 6.513 6.521 6.529 6.536 6.542 6.548 6.554 6.560 6.566 6.571 6.576 6.582 6.586 6.591 6.596 6.600 6.604 6.608 6.612 6.615 6.619 6.623 6.626 6.630 6.634 6.638 6.641 6.643
6.198 6.213 6.226 6.240 6.252 6.264 6.273 6.282 6.289 6.296 6.303 6.308 6.312 6.315 6.318 6.320 6.322 6.324 6.326 6.328 6.331 6.334 6.338 6.342 6.348 6.354 6.360 6.367 6.375 6.382 6.388 6.394 6.401 6.408 6.415 6.422 6.429 6.436 6.442 6.449 6.456 6.463 6.470 6.477 6.484 6.491 6.499 6.506 6.514 6.522 6.529 6.537 6.544 6.551 6.557 6.563 6.569 6.575 6.581 6.586 6.591 6.597 6.602 6.606 6.611 6.615 6.619 6.623 6.627 6.630 6.634 6.638 6.641 6.645 6.649 6.652 6.655
6.205 6.220 6.235 6.249 6.263 6.275 6.285 6.295 6.304 6.312 6.320 6.326 6.332 6.336 6.340 6.342 6.344 6.346 6.347 6.349 6.351 6.353 6.356 6.359 6.363 6.368 6.374 6.380 6.387 6.393 6.399 6.405 6.412 6.419 6.425 6.432 6.439 6.446 6.453 6.459 6.466 6.473 6.479 6.486 6.493 6.500 6.508 6.515 6.522 6.530 6.537 6.545 6.552 6.559 6.565 6.571 6.577 6.583 6.589 6.595 6.601 6.606 6.611 6.616 6.621 6.625 6.630 6.634 6.638 6.641 6.645 6.649 6.652 6.656 6.660 6.663 6.666
6.211 6.227 6.242 6.257 6.271 6.284 6.295 6.306 6.316 6.326 6.335 6.342 6.349 6.355 6.359 6.363 6.366 6.368 6.369 6.370 6.372 6.373 6.375 6.377 6.380 6.384 6.388 6.394 6.400 6.405 6.411 6.416 6.423 6.429 6.436 6.443 6.449 6.456 6.463 6.469 6.476 6.483 6.489 6.496 6.503 6.509 6.516 6.523 6.531 6.538 6.546 6.553 6.560 6.567 6.573 6.579 6.585 6.592 6.598 6.604 6.610 6.615 6.621 6.626 6.631 6.635 6.640 6.644 6.648 6.652 6.656 6.659 6.663 6.667 6.671 6.674 6.676
6.216 6.232 6.248 6.263 6.278 6.292 6.304 6.316 6.327 6.338 6.347 6.356 6.364 6.371 6.377 6.382 6.386 6.388 6.390 6.392 6.393 6.394 6.395 6.396 6.398 6.401 6.404 6.409 6.414 6.418 6.423 6.428 6.434 6.440 6.447 6.453 6.460 6.467 6.473 6.480 6.486 6.493 6.499 6.505 6.512 6.519 6.525 6.532 6.539 6.546 6.554 6.561 6.568 6.574 6.581 6.587 6.593 6.600 6.606 6.612 6.618 6.624 6.630 6.635 6.640 6.645 6.649 6.654 6.658 6.662 6.666 6.670 6.674 6.677 6.681 6.685 6.687
6.220 6.237 6.253 6.269 6.284 6.298 6.311 6.324 6.336 6.347 6.358 6.368 6.378 6.386 6.393 6.399 6.404 6.408 6.410 6.413 6.414 6.415 6.416 6.417 6.418 6.419 6.422 6.425 6.429 6.432 6.436 6.440 6.446 6.452 6.458 6.464 6.471 6.477 6.484 6.490 6.496 6.503 6.509 6.515 6.522 6.528 6.535 6.541 6.548 6.555 6.562 6.570 6.576 6.582 6.588 6.595 6.601 6.607 6.614 6.620 6.626 6.632 6.638 6.643 6.649 6.654 6.659 6.663 6.667 6.672 6.676 6.680 6.684 6.687 6.691 6.695 6.697
6.224 6.241 6.257 6.273 6.289 6.304 6.317 6.331 6.343 6.356 6.368 6.379 6.389 6.398 6.407 6.414 6.420 6.425 6.429 6.432 6.434 6.435 6.436 6.437 6.438 6.439 6.440 6.443 6.445 6.447 6.450 6.454 6.458 6.463 6.469 6.475 6.481 6.488 6.494 6.500 6.507 6.513 6.519 6.525 6.532 6.538 6.544 6.551 6.557 6.564 6.571 6.578 6.584 6.590 6.596 6.602 6.609 6.615 6.622 6.628 6.634 6.640 6.646 6.652 6.657 6.662 6.667 6.672 6.677 6.681 6.685 6.689 6.693 6.697 6.701 6.705 6.707
6.228 6.245 6.261 6.278 6.294 6.309 6.323 6.337 6.350 6.363 6.375 6.387 6.399 6.409 6.418 6.427 6.434 6.440 6.446 6.450 6.453 6.455 6.456 6.457 6.458 6.459 6.459 6.461 6.462 6.463 6.465 6.468 6.472 6.476 6.481 6.487 6.493 6.499 6.505 6.511 6.517 6.523 6.529 6.536 6.542 6.548 6.554 6.560 6.566 6.573 6.580 6.587 6.593 6.598 6.604 6.610 6.617 6.623 6.629 6.636 6.642 6.648 6.654 6.660 6.665 6.671 6.676 6.681 6.685 6.690 6.694 6.698 6.703 6.707 6.711 6.714 6.717
6.231 6.248 6.265 6.281 6.298 6.313 6.328 6.342 6.356 6.369 6.382 6.395 6.407 6.418 6.429 6.438 6.447 6.454 6.460 6.466 6.470 6.473 6.475 6.477 6.478 6.478 6.479 6.480 6.480 6.480 6.481 6.483 6.486 6.489 6.494 6.499 6.504 6.510 6.516 6.522 6.528 6.534 6.540 6.546 6.552 6.558 6.564 6.570 6.576 6.583 6.589 6.596 6.601 6.607 6.612 6.618 6.624 6.631 6.637 6.643 6.649 6.656 6.662 6.668 6.673 6.679 6.684 6.689 6.694 6.699 6.703 6.707 6.712 6.716 6.720 6.724 6.726
6.233 6.251 6.268 6.285 6.302 6.317 6.332 6.346 6.361 6.375 6.388 6.402 6.414 6.426 6.437 6.448 6.457 6.466 6.474 6.480 6.485 6.490 6.493 6.495 6.497 6.498 6.498 6.499 6.499 6.498 6.498 6.499 6.501 6.504 6.507 6.511 6.516 6.521 6.527 6.533 6.539 6.544 6.550 6.556 6.562 6.568 6.574 6.580 6.586 6.592 6.599 6.605 6.610 6.615 6.621 6.627 6.633 6.639 6.645 6.651 6.657 6.663 6.669 6.675 6.681 6.687 6.692 6.697 6.702 6.707 6.712 6.716 6.721 6.725 6.729 6.733 6.735
6.236 6.254 6.271 6.288 6.305 6.321 6.336 6.351 6.365 6.380 6.394 6.407 6.421 6.433 6.445 6.456 6.467 6.476 6.485 6.493 6.499 6.505 6.509 6.512 6.515 6.516 6.517 6.518 6.518 6.517 6.516 6.516 6.517 6.519 6.521 6.525 6.529 6.533 6.538 6.544 6.549 6.555 6.561 6.567 6.573 6.579 6.584 6.590 6.596 6.602 6.609 6.614 6.619 6.624 6.630 6.635 6.641 6.647 6.653 6.659 6.665 6.671 6.677 6.683 6.689 6.695 6.700 6.705 6.710 6.715 6.720 6.725 6.729 6.734 6.738 6.741 6.744
6.238 6.256 6.274 6.291 6.308 6.325 6.340 6.355 6.370 6.384 6.399 6.413 6.426 6.440 6.452 6.464 6.475 6.486 6.495 6.504 6.511 6.518 6.523 6.528 6.531 6.534 6.535 6.536 6.536 6.535 6.534 6.534 6.534 6.535 6.536 6.539 6.542 6.546 6.550 6.555 6.560 6.566 6.572 6.577 6.583 6.589 6.595 6.601 6.606 6.612 6.618 6.624 6.629 6.634 6.639 6.644 6.650 6.655 6.661 6.667 6.673 6.679 6.685 6.691 6.697 6.702 6.708 6.713 6.719 6.724 6.728 6.733 6.738 6.743 6.747 6.750 6.753
6.241 6.259 6.276 6.294 6.311 6.328 6.343 6.358 6.374 6.389 6.403 6.418 6.432 6.445 6.458 6.471 6.483 6.494 6.504 6.514 6.522 6.530 6.537 6.542 6.546 6.550 6.552 6.554 6.555 6.554 6.553 6.552 6.551 6.551 6.552 6.553 6.556 6.559 6.563 6.567 6.572 6.577 6.582 6.588 6.594 6.599 6.605 6.611 6.617 6.622 6.628 6.634 6.638 6.643 6.648 6.653 6.658 6.664 6.670 6.675 6.681 6.687 6.693 6.699 6.705 6.710 6.716 6.721 6.727 6.732 6.737 6.742 6.746 6.751 6.755 6.759 6.762
6.242 6.261 6.279 6.296 6.314 6.331 6.346 6.362 6.377 6.393 6.408 6.422 6.437 6.451 6.464 6.477 6.490 6.501 6.512 6.523 6.532 6.541 6.548 6.555 6.560 6.565 6.568 6.571 6.572 6.571 6.571 6.570 6.569 6.568 6.568 6.569 6.570 6.573 6.576 6.579 6.584 6.588 6.593 6.599 6.604 6.610 6.615 6.621 6.627 6.632 6.638 6.644 6.648 6.653 6.657 6.662 6.667 6.673 6.678 6.684 6.690 6.695 6.701 6.707 6.713 6.718 6.724 6.730 6.735 6.740 6.745 6.750 6.755 6.760 6.764 6.767 6.770
6.244 6.262 6.281 6.299 6.316 6.333 6.349 6.365 6.381 6.396 6.411 6.427 6.441 6.456 6.469 6.483 6.496 6.508 6.520 6.531 6.541 6.550 6.559 6.566 6.573 6.578 6.583 6.587 6.588 6.589 6.588 6.587 6.587 6.586 6.585 6.585 6.586 6.587 6.589 6.592 6.596 6.600 6.605 6.610 6.615 6.620 6.626 6.631 6.637 6.643 6.648 6.654 6.658 6.662 6.667 6.672 6.677 6.682 6.687 6.693 6.698 6.704 6.710 6.715 6.721 6.727 6.732 6.738 6.743 6.748 6.753 6.758 6.763 6.768 6.772 6.776 6.779
6.245 6.264 6.282 6.300 6.318 6.335 6.351 6.367 6.383 6.399 6.415 6.430 6.445 6.460 6.474 6.488 6.501 6.514 6.527 6.538 6.549 6.559 6.568 6.577 6.584 6.591 6.596 6.601 6.604 6.605 6.605 6.605 6.604 6.603 6.602 6.602 6.602 6.602 6.604 6.606 6.609 6.612 6.616 6.621 6.625 6.631 6.636 6.641 6.647 6.653 6.658 6.663 6.668 6.672 6.677 6.681 6.686 6.691 6.696 6.702 6.707 6.712 6.718 6.724 6.729 6.735 6.740 6.746 6.751 6.757 6.762 6.767 6.772 6.777 6.781 6.784 6.787
6.246 6.265 6.284 6.302 6.320 6.337 6.354 6.370 6.386 6.402 6.418 6.434 6.449 6.464 6.479 6.493 6.507 6.520 6.533 6.545 6.556 6.567 6.577 6.587 6.595 6.602 6.609 6.615 6.618 6.620 6.621 6.622 6.621 6.621 6.620 6.619 6.618 6.618 6.619 6.620 6.622 6.625 6.628 6.632 6.636 6.641 6.646 6.652 6.657 6.663 6.668 6.673 6.678 6.682 6.686 6.691 6.696 6.700 6.705 6.711 6.716 6.721 6.727 6.732 6.738 6.743 6.749 6.754 6.760 6.765 6.770 6.775 6.780 6.785 6.789 6.793 6.796
6.247 6.266 6.285 6.303 6.321 6.339 6.355 6.372 6.388 6.405 6.421 6.437 6.452 6.468 6.483 6.497 6.511 6.525 6.538 6.551 6.563 6.575 6.585 6.595 6.605 6.613 6.621 6.627 6.632 6.635 6.637 6.638 6.638 6.638 6.637 6.636 6.635 6.635 6.635 6.635 6.636 6.638 6.640 6.644 6.648 6.652 6.657 6.662 6.667 6.672 6.678 6.683 6.687 6.692 6.696 6.701 6.705 6.710 6.715 6.720 6.725 6.730 6.735 6.741 6.746 6.752 6.757 6.762 6.768 6.773 6.778 6.783 6.788 6.794 6.798 6.801 6.805
6.247 6.266 6.285 6.304 6.322 6.340 6.356 6.373 6.390 6.407 6.423 6.439 6.455 6.471 6.486 6.501 6.516 6.530 6.543 6.557 6.569 6.581 6.593 6.604 6.614 6.623 6.631 6.639 6.644 6.648 6.651 6.653 6.654 6.655 6.654 6.654 6.653 6.652 6.651 6.651 6.651 6.652 6.654 6.656 6.659 6.663 6.667 6.672 6.677 6.682 6.688 6.693 6.697 6.701 6.706 6.710 6.715 6.719 6.724 6.729 6.734 6.739 6.744 6.749 6.755 6.760 6.765 6.771 6.776 6.781 6.787 6.792 6.797 6.802 6.806 6.810 6.813
6.247 6.266 6.285 6.304 6.323 6.340 6.357 6.374 6.391 6.408 6.425 6.441 6.458 6.473 6.489 6.504 6.519 6.534 6.548 6.562 6.575 6.587 6.600 6.611 6.622 6.632 6.641 6.649 6.656 6.661 6.665 6.668 6.670 6.671 6.671 6.671 6.670 6.669 6.668 6.667 6.666 6.666 6.667 6.669 6.671 6.675 6.678 6.683 6.687 6.692 6.698 6.703 6.707 6.711 6.715 6.720 6.724 6.729 6.733 6.738 6.743 6.748 6.753 6.758 6.763 6.768 6.774 6.779 6.784 6.790 6.795 6.800 6.805 6.810 6.815 6.819 6.822
6.247 6.266 6.285 6.305 6.323 6.340 6.357 6.374 6.392 6.409 6.426 6.443 6.459 6.476 6.492 6.507 6.522 6.537 6.552 6.566 6.580 6.593 6.606 6.618 6.629 6.640 6.650 6.659 6.667 6.673 6.678 6.681 6.684 6.686 6.687 6.687 6.687 6.686 6.685 6.683 6.682 6.682 6.682 6.683 6.684 6.687 6.690 6.694 6.698 6.703 6.708 6.712 6.716 6.721 6.725 6.729 6.733 6.738 6.743 6.747 6.752 6.757 6.762 6.767 6.772 6.777 6.782 6.787 6.793 6.798 6.803 6.808 6.813 6.819 6.823 6.827 6.831
6.246 6.266 6.285 6.304 6.322 6.340 6.357 6.374 6.392 6.409 6.427 6.444 6.460 6.477 6.493 6.509 6.525 6.540 6.555 6.570 6.584 6.598 6.611 6.624 6.636 6.647 6.658 6.668 6.677 6.683 6.689 6.694 6.698 6.701 6.703 6.704 6.704 6.703 6.702 6.700 6.699 6.698 6.697 6.697 6.698 6.700 6.702 6.705 6.709 6.713 6.718 6.722 6.726 6.730 6.734 6.738 6.743 6.747 6.752 6.756 6.761 6.766 6.771 6.775 6.780 6.785 6.791 6.796 6.801 6.806 6.811 6.816 6.822 6.827 6.832 6.835 6.839
