version1/TsunamiDB/out54151.asc
ncols          264
nrows          230
xllcorner      497853.4375
yllcorner      4229146.0000
cellsize         5.
NODATA_value   -99
[rows 170 to 203 of 230, columns 77 to 153 of 264]
6.942 6.947 6.952 6.958 6.963 6.968 6.973 6.979 6.984 6.989 6.995 7.000 7.006 7.012 7.018 7.024 7.029 7.035 7.041 7.047 7.053 7.060 7.066 7.071 7.077 7.082 7.087 7.092 7.097 7.101 7.106 7.111 7.115 7.120 7.124 7.129 7.133 7.137 7.141 7.145 7.149 7.153 7.157 7.161 7.165 7.169 7.172 7.176 7.179 7.181 7.184 7.187 7.189 7.191 7.193 7.195 7.197 7.199 7.200 7.202 7.203 7.204 7.206 7.207 7.208 7.209 7.210 7.212 7.213 7.214 7.215 7.215 7.216 7.217 7.218 7.219 7.219
6.943 6.948 6.954 6.959 6.964 6.969 6.975 6.980 6.985 6.990 6.996 7.001 7.007 7.013 7.019 7.025 7.030 7.036 7.042 7.049 7.055 7.061 7.067 7.073 7.078 7.084 7.089 7.094 7.099 7.104 7.109 7.113 7.118 7.122 7.127 7.131 7.136 7.140 7.144 7.148 7.152 7.156 7.160 7.164 7.169 7.172 7.176 7.179 7.182 7.185 7.188 7.190 7.193 7.195 7.197 7.199 7.201 7.203 7.204 7.206 7.207 7.209 7.210 7.211 7.212 7.213 7.215 7.216 7.217 7.218 7.219 7.220 7.221 7.222 7.223 7.223 7.224
6.943 6.949 6.954 6.960 6.965 6.970 6.975 6.980 6.986 6.991 6.997 7.002 7.008 7.013 7.019 7.025 7.031 7.037 7.043 7.049 7.056 7.062 7.069 7.074 7.080 7.085 7.091 7.096 7.101 7.106 7.111 7.115 7.120 7.125 7.129 7.134 7.138 7.142 7.147 7.151 7.155 7.159 7.163 7.167 7.171 7.175 7.179 7.182 7.185 7.188 7.191 7.193 7.196 7.198 7.201 7.203 7.205 7.206 7.208 7.210 7.211 7.213 7.214 7.215 7.216 7.218 7.219 7.221 7.222 7.223 7.224 7.225 7.225 7.226 7.227 7.228 7.229
6.943 6.948 6.954 6.959 6.965 6.970 6.975 6.980 6.986 6.991 6.996 7.002 7.008 7.013 7.019 7.025 7.031 7.037 7.043 7.049 7.056 7.063 7.069 7.075 7.080 7.086 7.092 7.097 7.102 7.107 7.112 7.117 7.122 7.127 7.131 7.136 7.140 7.145 7.149 7.153 7.157 7.161 7.165 7.170 7.174 7.178 7.181 7.185 7.188 7.191 7.194 7.196 7.199 7.202 7.204 7.206 7.208 7.210 7.212 7.213 7.215 7.216 7.218 7.219 7.221 7.222 7.223 7.225 7.226 7.227 7.228 7.229 7.230 7.231 7.232 7.233 7.234
6.941 6.947 6.953 6.958 6.964 6.969 6.974 6.980 6.985 6.990 6.996 7.001 7.007 7.013 7.018 7.024 7.030 7.036 7.042 7.049 7.055 7.062 7.069 7.075 7.080 7.086 7.092 7.097 7.103 7.108 7.113 7.118 7.123 7.128 7.133 7.137 7.142 7.146 7.151 7.155 7.159 7.163 7.168 7.172 7.177 7.180 7.184 7.187 7.190 7.193 7.196 7.199 7.202 7.204 7.207 7.209 7.211 7.213 7.215 7.217 7.219 7.220 7.222 7.223 7.224 7.226 7.228 7.229 7.230 7.232 7.233 7.234 7.235 7.236 7.237 7.238 7.239
6.938 6.944 6.950 6.956 6.962 6.967 6.973 6.978 6.983 6.989 6.994 7.000 7.005 7.011 7.017 7.023 7.029 7.035 7.041 7.047 7.054 7.061 7.068 7.074 7.080 7.086 7.091 7.097 7.103 7.108 7.113 7.118 7.124 7.129 7.133 7.138 7.143 7.147 7.152 7.156 7.161 7.165 7.169 7.174 7.178 7.182 7.186 7.189 7.193 7.196 7.199 7.202 7.205 7.207 7.210 7.212 7.214 7.216 7.218 7.220 7.222 7.224 7.225 7.227 7.228 7.230 7.232 7.233 7.235 7.236 7.237 7.238 7.239 7.240 7.241 7.242 7.243
6.934 6.940 6.947 6.953 6.959 6.964 6.970 6.976 6.981 6.987 6.992 6.998 7.003 7.009 7.015 7.021 7.027 7.033 7.039 7.046 7.053 7.059 7.066 7.072 7.078 7.084 7.090 7.096 7.102 7.107 7.113 7.118 7.124 7.129 7.134 7.139 7.143 7.148 7.153 7.157 7.162 7.166 7.171 7.175 7.180 7.184 7.187 7.191 7.195 7.198 7.201 7.204 7.207 7.210 7.212 7.215 7.217 7.219 7.221 7.223 7.225 7.227 7.229 7.230 7.232 7.234 7.236 7.237 7.239 7.240 7.241 7.242 7.244 7.245 7.246 7.247 7.248
6.928 6.935 6.942 6.948 6.954 6.960 6.966 6.972 6.978 6.984 6.989 6.995 7.001 7.006 7.012 7.018 7.024 7.030 7.037 7.043 7.050 7.057 7.063 7.070 7.076 7.082 7.088 7.094 7.100 7.106 7.112 7.117 7.123 7.128 7.133 7.139 7.144 7.148 7.153 7.158 7.162 7.167 7.172 7.176 7.181 7.185 7.189 7.193 7.196 7.200 7.203 7.206 7.209 7.212 7.215 7.217 7.220 7.222 7.224 7.226 7.228 7.230 7.232 7.234 7.236 7.238 7.240 7.242 7.243 7.244 7.246 7.247 7.248 7.250 7.251 7.252 7.253
6.922 6.929 6.936 6.943 6.949 6.956 6.962 6.968 6.974 6.980 6.986 6.991 6.997 7.003 7.009 7.015 7.021 7.027 7.033 7.040 7.047 7.054 7.060 7.067 7.073 7.080 7.086 7.092 7.098 7.104 7.110 7.116 7.122 7.127 7.133 7.138 7.143 7.148 7.153 7.158 7.163 7.167 7.172 7.177 7.182 7.186 7.190 7.194 7.198 7.201 7.205 7.208 7.211 7.214 7.217 7.220 7.222 7.225 7.227 7.229 7.232 7.234 7.236 7.238 7.239 7.241 7.244 7.246 7.247 7.249 7.250 7.252 7.253 7.254 7.256 7.257 7.259
6.914 6.922 6.930 6.937 6.944 6.950 6.957 6.963 6.969 6.975 6.981 6.987 6.993 6.999 7.005 7.011 7.017 7.023 7.030 7.036 7.043 7.050 7.057 7.063 7.070 7.076 7.083 7.089 7.095 7.102 7.108 7.114 7.120 7.125 7.131 7.137 7.142 7.147 7.153 7.158 7.163 7.168 7.172 7.178 7.182 7.187 7.191 7.195 7.199 7.202 7.206 7.209 7.213 7.216 7.219 7.222 7.225 7.227 7.230 7.232 7.235 7.237 7.239 7.241 7.243 7.245 7.248 7.250 7.251 7.253 7.255 7.256 7.258 7.259 7.261 7.262 7.264
6.907 6.915 6.923 6.930 6.937 6.944 6.951 6.958 6.964 6.970 6.976 6.983 6.989 6.995 7.001 7.007 7.013 7.019 7.026 7.032 7.039 7.046 7.053 7.059 7.066 7.072 7.079 7.086 7.092 7.098 7.105 7.111 7.117 7.123 7.129 7.135 7.141 7.146 7.152 7.157 7.162 7.167 7.172 7.178 7.183 7.187 7.191 7.196 7.200 7.204 7.207 7.211 7.214 7.218 7.221 7.224 7.227 7.230 7.233 7.235 7.238 7.240 7.242 7.245 7.247 7.249 7.252 7.254 7.256 7.258 7.259 7.261 7.263 7.264 7.266 7.268 7.269
6.899 6.907 6.915 6.923 6.931 6.938 6.945 6.952 6.958 6.965 6.971 6.978 6.984 6.990 6.996 7.002 7.009 7.015 7.021 7.028 7.035 7.042 7.049 7.055 7.062 7.068 7.075 7.082 7.088 7.095 7.101 7.108 7.114 7.121 7.127 7.133 7.139 7.145 7.150 7.156 7.161 7.167 7.172 7.177 7.183 7.187 7.192 7.196 7.200 7.205 7.208 7.212 7.216 7.219 7.223 7.226 7.229 7.232 7.235 7.238 7.241 7.243 7.246 7.248 7.251 7.253 7.256 7.258 7.260 7.262 7.264 7.266 7.268 7.270 7.271 7.273 7.275
6.891 6.900 6.908 6.916 6.924 6.931 6.939 6.946 6.953 6.959 6.966 6.972 6.979 6.985 6.991 6.998 7.004 7.010 7.017 7.024 7.031 7.038 7.044 7.051 7.057 7.064 7.071 7.078 7.084 7.091 7.098 7.104 7.111 7.118 7.124 7.130 7.137 7.143 7.149 7.154 7.160 7.166 7.171 7.177 7.182 7.187 7.192 7.197 7.201 7.205 7.209 7.213 7.217 7.221 7.225 7.228 7.231 7.235 7.238 7.241 7.244 7.246 7.249 7.252 7.254 7.257 7.260 7.262 7.265 7.267 7.269 7.271 7.273 7.275 7.277 7.279 7.281
6.884 6.892 6.901 6.909 6.917 6.925 6.933 6.940 6.947 6.954 6.961 6.967 6.974 6.980 6.987 6.993 7.000 7.006 7.013 7.019 7.026 7.033 7.040 7.046 7.053 7.060 7.066 7.073 7.080 7.087 7.094 7.101 7.107 7.114 7.121 7.128 7.134 7.140 7.147 7.153 7.159 7.165 7.170 7.176 7.182 7.187 7.192 7.197 7.202 7.206 7.210 7.215 7.219 7.223 7.226 7.230 7.234 7.237 7.240 7.244 7.247 7.250 7.253 7.255 7.258 7.261 7.264 7.267 7.269 7.272 7.274 7.276 7.279 7.281 7.283 7.285 7.288
6.877 6.886 6.895 6.903 6.911 6.919 6.927 6.935 6.942 6.949 6.956 6.963 6.969 6.976 6.982 6.989 6.995 7.002 7.008 7.015 7.022 7.029 7.036 7.042 7.049 7.056 7.062 7.069 7.076 7.083 7.090 7.097 7.104 7.111 7.118 7.125 7.131 7.138 7.145 7.151 7.157 7.163 7.170 7.176 7.182 7.187 7.192 7.197 7.202 7.207 7.212 7.216 7.220 7.224 7.228 7.232 7.236 7.240 7.243 7.247 7.250 7.253 7.256 7.259 7.262 7.265 7.269 7.272 7.274 7.277 7.279 7.282 7.284 7.287 7.289 7.292 7.294
6.872 6.881 6.889 6.898 6.906 6.914 6.922 6.930 6.937 6.944 6.951 6.958 6.965 6.972 6.978 6.985 6.992 6.998 7.005 7.011 7.019 7.025 7.032 7.038 7.045 7.052 7.058 7.065 7.072 7.079 7.086 7.093 7.100 7.107 7.115 7.122 7.129 7.136 7.143 7.149 7.156 7.162 7.169 7.175 7.181 7.187 7.193 7.198 7.203 7.208 7.213 7.217 7.222 7.226 7.230 7.234 7.238 7.242 7.246 7.250 7.253 7.257 7.260 7.263 7.266 7.270 7.273 7.276 7.279 7.282 7.285 7.287 7.290 7.293 7.295 7.298 7.301
6.867 6.876 6.885 6.894 6.902 6.910 6.918 6.926 6.933 6.940 6.948 6.955 6.962 6.968 6.975 6.982 6.988 6.995 7.001 7.008 7.015 7.022 7.029 7.035 7.042 7.048 7.055 7.062 7.068 7.075 7.083 7.090 7.097 7.104 7.112 7.119 7.126 7.133 7.140 7.147 7.154 7.161 7.168 7.175 7.181 7.187 7.193 7.198 7.204 7.209 7.214 7.219 7.223 7.228 7.233 7.237 7.241 7.245 7.249 7.253 7.257 7.260 7.264 7.267 7.271 7.274 7.278 7.281 7.284 7.287 7.290 7.293 7.296 7.299 7.302 7.305 7.308
6.864 6.873 6.881 6.890 6.898 6.907 6.915 6.922 6.930 6.937 6.945 6.952 6.959 6.966 6.972 6.979 6.986 6.992 6.999 7.006 7.013 7.020 7.026 7.032 7.039 7.045 7.052 7.059 7.065 7.072 7.079 7.087 7.094 7.101 7.109 7.116 7.124 7.131 7.139 7.146 7.153 7.160 7.167 7.174 7.181 7.187 7.193 7.199 7.205 7.210 7.215 7.221 7.225 7.230 7.235 7.240 7.244 7.248 7.252 7.256 7.260 7.264 7.268 7.272 7.275 7.279 7.283 7.287 7.290 7.293 7.296 7.299 7.302 7.306 7.309 7.312 7.315
6.861 6.870 6.879 6.887 6.896 6.904 6.912 6.920 6.927 6.935 6.942 6.949 6.957 6.963 6.970 6.977 6.984 6.990 6.997 7.004 7.011 7.018 7.024 7.030 7.037 7.043 7.050 7.056 7.063 7.070 7.077 7.084 7.091 7.099 7.106 7.114 7.122 7.129 7.137 7.145 7.152 7.159 7.167 7.174 7.181 7.188 7.194 7.200 7.206 7.212 7.217 7.223 7.228 7.233 7.238 7.242 7.247 7.252 7.256 7.260 7.264 7.269 7.272 7.276 7.280 7.284 7.288 7.292 7.296 7.299 7.302 7.306 7.309 7.312 7.316 7.319 7.323
6.860 6.868 6.877 6.886 6.894 6.902 6.910 6.918 6.926 6.933 6.941 6.948 6.955 6.962 6.969 6.976 6.982 6.989 6.996 7.003 7.010 7.017 7.023 7.029 7.035 7.042 7.048 7.055 7.061 7.068 7.075 7.082 7.090 7.097 7.105 7.112 7.120 7.128 7.136 7.144 7.151 7.159 7.167 7.175 7.182 7.189 7.195 7.202 7.208 7.214 7.219 7.225 7.230 7.236 7.241 7.246 7.251 7.255 7.260 7.264 7.269 7.273 7.277 7.281 7.285 7.290 7.294 7.298 7.302 7.305 7.309 7.312 7.316 7.320 7.323 7.327 7.330
6.859 6.868 6.876 6.885 6.893 6.901 6.909 6.917 6.925 6.932 6.940 6.947 6.954 6.961 6.968 6.975 6.982 6.989 6.995 7.002 7.009 7.016 7.022 7.029 7.035 7.041 7.047 7.054 7.060 7.067 7.074 7.081 7.088 7.096 7.103 7.111 7.119 7.127 7.135 7.143 7.151 7.159 7.167 7.175 7.183 7.190 7.197 7.203 7.210 7.216 7.222 7.228 7.234 7.239 7.244 7.250 7.255 7.260 7.264 7.269 7.274 7.278 7.282 7.287 7.291 7.295 7.300 7.304 7.308 7.312 7.316 7.319 7.323 7.327 7.331 7.335 7.339
6.859 6.867 6.876 6.884 6.892 6.901 6.909 6.916 6.924 6.932 6.939 6.947 6.954 6.961 6.968 6.975 6.982 6.989 6.996 7.003 7.010 7.016 7.023 7.029 7.035 7.041 7.047 7.054 7.060 7.067 7.074 7.081 7.088 7.095 7.103 7.111 7.118 7.127 7.135 7.143 7.151 7.159 7.168 7.177 7.184 7.192 7.199 7.206 7.212 7.219 7.225 7.231 7.237 7.243 7.248 7.254 7.259 7.264 7.269 7.274 7.279 7.283 7.288 7.292 7.297 7.302 7.306 7.311 7.315 7.319 7.323 7.327 7.331 7.335 7.339 7.343 7.347
6.860 6.868 6.876 6.884 6.892 6.901 6.909 6.916 6.924 6.932 6.940 6.947 6.954 6.962 6.969 6.976 6.983 6.989 6.996 7.004 7.011 7.017 7.023 7.030 7.036 7.042 7.048 7.054 7.061 7.067 7.074 7.081 7.088 7.095 7.103 7.110 7.118 7.127 7.135 7.143 7.152 7.160 7.169 7.178 7.186 7.194 7.201 7.208 7.215 7.222 7.229 7.235 7.241 7.247 7.253 7.258 7.264 7.269 7.274 7.279 7.284 7.289 7.294 7.299 7.303 7.308 7.313 7.317 7.322 7.326 7.330 7.334 7.339 7.343 7.347 7.352 7.356
6.861 6.869 6.877 6.885 6.893 6.901 6.909 6.917 6.925 6.933 6.940 6.948 6.955 6.962 6.970 6.977 6.984 6.991 6.998 7.005 7.012 7.018 7.025 7.031 7.037 7.043 7.049 7.056 7.062 7.068 7.075 7.082 7.089 7.096 7.103 7.111 7.119 7.127 7.136 7.144 7.153 7.162 7.171 7.180 7.188 7.196 7.204 7.211 7.219 7.226 7.233 7.239 7.245 7.252 7.258 7.263 7.269 7.275 7.280 7.285 7.290 7.295 7.300 7.305 7.310 7.315 7.320 7.325 7.329 7.334 7.338 7.342 7.347 7.351 7.356 7.361 7.366
6.862 6.870 6.878 6.886 6.894 6.902 6.910 6.918 6.925 6.933 6.941 6.949 6.956 6.964 6.971 6.978 6.985 6.992 6.999 7.007 7.014 7.020 7.027 7.033 7.039 7.045 7.051 7.057 7.064 7.070 7.076 7.083 7.090 7.097 7.104 7.112 7.120 7.128 7.137 7.145 7.154 7.163 7.172 7.182 7.190 7.199 7.207 7.215 7.222 7.230 7.237 7.244 7.250 7.257 7.263 7.269 7.275 7.281 7.286 7.292 7.297 7.302 7.307 7.312 7.317 7.323 7.328 7.332 7.337 7.342 7.346 7.351 7.356 7.360 7.365 7.371 7.376
6.864 6.872 6.879 6.887 6.895 6.903 6.911 6.918 6.926 6.934 6.942 6.950 6.957 6.965 6.972 6.979 6.987 6.994 7.001 7.009 7.016 7.022 7.029 7.035 7.041 7.047 7.054 7.060 7.066 7.072 7.078 7.085 7.092 7.099 7.106 7.114 7.121 7.130 7.138 7.147 7.156 7.165 7.174 7.184 7.193 7.201 7.210 7.218 7.226 7.234 7.241 7.249 7.256 7.262 7.269 7.275 7.281 7.287 7.293 7.298 7.304 7.309 7.315 7.320 7.325 7.331 7.336 7.341 7.345 7.350 7.355 7.360 7.365 7.370 7.375 7.380 7.386
6.866 6.874 6.881 6.888 6.896 6.904 6.911 6.919 6.927 6.935 6.943 6.951 6.958 6.966 6.974 6.981 6.988 6.996 7.003 7.011 7.018 7.024 7.031 7.037 7.044 7.050 7.056 7.062 7.068 7.074 7.081 7.087 7.094 7.101 7.108 7.115 7.123 7.131 7.140 7.149 7.158 7.167 7.177 7.186 7.195 7.204 7.213 7.222 7.230 7.238 7.246 7.254 7.261 7.268 7.275 7.281 7.288 7.294 7.300 7.305 7.311 7.317 7.322 7.328 7.333 7.339 7.344 7.349 7.354 7.359 7.364 7.369 7.374 7.380 7.385 7.391 7.396
6.869 6.876 6.883 6.890 6.897 6.905 6.913 6.920 6.928 6.936 6.944 6.952 6.959 6.967 6.975 6.982 6.990 6.997 7.005 7.013 7.020 7.027 7.033 7.040 7.046 7.053 7.059 7.065 7.071 7.077 7.083 7.090 7.096 7.103 7.110 7.118 7.125 7.133 7.142 7.151 7.160 7.169 7.179 7.189 7.198 7.207 7.217 7.226 7.234 7.243 7.251 7.259 7.267 7.274 7.281 7.288 7.294 7.301 7.307 7.313 7.319 7.325 7.330 7.336 7.341 7.347 7.353 7.358 7.363 7.368 7.374 7.379 7.384 7.390 7.395 7.401 7.406
6.871 6.878 6.884 6.891 6.899 6.906 6.914 6.921 6.929 6.937 6.945 6.953 6.960 6.968 6.976 6.984 6.991 6.999 7.007 7.015 7.022 7.029 7.036 7.042 7.049 7.055 7.061 7.068 7.074 7.080 7.086 7.092 7.099 7.106 7.113 7.120 7.128 7.136 7.144 7.153 7.162 7.171 7.181 7.191 7.201 7.210 7.220 7.229 7.238 7.247 7.256 7.264 7.272 7.280 7.287 7.294 7.301 7.308 7.314 7.321 7.327 7.333 7.338 7.344 7.350 7.356 7.362 7.367 7.373 7.378 7.383 7.389 7.394 7.400 7.406 7.412 7.417
6.874 6.880 6.886 6.893 6.900 6.907 6.915 6.922 6.930 6.938 6.945 6.953 6.961 6.969 6.977 6.985 6.993 7.001 7.008 7.016 7.024 7.031 7.038 7.045 7.051 7.058 7.064 7.070 7.077 7.083 7.089 7.095 7.102 7.108 7.115 7.122 7.130 7.138 7.146 7.155 7.164 7.173 7.183 7.193 7.203 7.213 7.223 7.233 7.242 7.251 7.261 7.269 7.278 7.286 7.293 7.301 7.308 7.315 7.322 7.328 7.335 7.341 7.347 7.353 7.359 7.365 7.371 7.377 7.382 7.388 7.393 7.399 7.405 7.411 7.416 7.422 7.427
6.877 6.883 6.889 6.895 6.902 6.908 6.916 6.923 6.931 6.938 6.946 6.954 6.962 6.970 6.978 6.986 6.994 7.002 7.010 7.018 7.026 7.033 7.040 7.047 7.054 7.060 7.067 7.073 7.079 7.085 7.092 7.098 7.104 7.111 7.118 7.125 7.132 7.140 7.148 7.157 7.166 7.175 7.185 7.196 7.206 7.216 7.226 7.236 7.246 7.255 7.265 7.274 7.283 7.291 7.300 7.307 7.315 7.322 7.329 7.336 7.343 7.349 7.355 7.362 7.368 7.374 7.381 7.386 7.392 7.398 7.403 7.409 7.415 7.421 7.427 7.433 7.438
6.880 6.885 6.891 6.897 6.903 6.910 6.917 6.924 6.931 6.939 6.947 6.954 6.962 6.970 6.979 6.987 6.995 7.003 7.011 7.019 7.027 7.034 7.042 7.049 7.056 7.062 7.069 7.075 7.082 7.088 7.094 7.101 7.107 7.114 7.120 7.127 7.135 7.142 7.151 7.159 7.168 7.177 7.187 7.198 7.208 7.218 7.228 7.239 7.249 7.259 7.269 7.278 7.288 7.297 7.305 7.314 7.321 7.329 7.336 7.344 7.351 7.357 7.364 7.370 7.377 7.384 7.390 7.396 7.402 7.408 7.414 7.419 7.425 7.431 7.437 7.443 7.449
6.883 6.888 6.893 6.899 6.905 6.911 6.918 6.925 6.932 6.939 6.947 6.955 6.963 6.971 6.979 6.987 6.995 7.003 7.012 7.020 7.028 7.036 7.043 7.050 7.057 7.064 7.071 7.078 7.084 7.090 7.097 7.103 7.110 7.116 7.123 7.130 7.137 7.145 7.153 7.161 7.170 7.179 7.189 7.199 7.209 7.220 7.230 7.241 7.251 7.262 7.272 7.282 7.292 7.301 7.311 7.319 7.328 7.336 7.344 7.351 7.358 7.365 7.372 7.379 7.386 7.393 7.399 7.406 7.412 7.418 7.423 7.429 7.435 7.441 7.448 7.454 7.460
6.887 6.891 6.896 6.901 6.907 6.913 6.919 6.926 6.933 6.940 6.947 6.955 6.963 6.971 6.979 6.987 6.995 7.004 7.012 7.021 7.029 7.037 7.044 7.052 7.059 7.066 7.073 7.080 7.086 7.093 7.099 7.105 7.112 7.118 7.125 7.132 7.139 7.147 7.155 7.163 7.172 7.181 7.191 7.201 7.211 7.221 7.232 7.243 7.254 7.264 7.275 7.286 7.296 7.306 7.315 7.325 7.333 7.342 7.350 7.358 7.366 7.373 7.380 7.387 7.394 7.402 7.409 7.415 7.421 7.427 7.433 7.439 7.445 7.451 7.458 7.464 7.471
