version1/TsunamiDB/out54060.asc
ncols          264
nrows          230
xllcorner      497853.4375
yllcorner      4229146.0000
cellsize         5.
NODATA_value   -99
[rows 99 to 131 of 230, columns 74 to 147 of 264]
3.797 3.881 3.955 4.022 4.083 4.139 4.192 4.242 4.290 4.335 4.379 4.421 4.461 4.500 4.537 4.573 4.608 4.643 4.676 4.709 4.740 4.772 4.802 4.832 4.862 4.891 4.919 4.948 4.975 5.002 5.027 5.054 5.079 5.104 5.129 5.153 5.177 5.200 5.223 5.246 5.268 5.290 5.313 5.335 5.357 5.380 5.402 5.425 5.448 5.471 5.494 5.517 5.539 5.561 5.584 5.606 5.629 5.652 5.674 5.697 5.719 5.742 5.764 5.787 5.809 5.831 5.854 5.876 5.899 5.921 5.943 5.965 5.987 6.009
3.837 3.917 3.988 4.052 4.111 4.167 4.218 4.267 4.314 4.359 4.402 4.444 4.483 4.522 4.559 4.595 4.629 4.663 4.696 4.728 4.760 4.791 4.821 4.851 4.880 4.908 4.937 4.964 4.991 5.017 5.043 5.069 5.094 5.119 5.144 5.167 5.191 5.214 5.236 5.258 5.280 5.302 5.323 5.345 5.366 5.388 5.410 5.432 5.455 5.477 5.500 5.523 5.545 5.567 5.590 5.613 5.636 5.658 5.681 5.703 5.726 5.749 5.771 5.794 5.816 5.838 5.861 5.883 5.906 5.928 5.951 5.973 5.995 6.017
3.876 3.951 4.019 4.081 4.139 4.193 4.243 4.292 4.338 4.383 4.425 4.466 4.505 4.543 4.580 4.615 4.650 4.683 4.716 4.748 4.779 4.809 4.839 4.869 4.897 4.926 4.954 4.981 5.008 5.033 5.059 5.084 5.110 5.134 5.159 5.182 5.205 5.228 5.250 5.272 5.293 5.314 5.335 5.355 5.376 5.397 5.418 5.440 5.462 5.484 5.506 5.529 5.551 5.573 5.596 5.618 5.641 5.664 5.687 5.710 5.732 5.755 5.777 5.800 5.823 5.845 5.868 5.890 5.913 5.935 5.958 5.980 6.002 6.025
3.912 3.984 4.049 4.110 4.166 4.219 4.268 4.316 4.362 4.406 4.448 4.488 4.527 4.564 4.601 4.636 4.670 4.703 4.735 4.767 4.798 4.828 4.858 4.887 4.915 4.943 4.971 4.998 5.024 5.049 5.075 5.100 5.125 5.150 5.174 5.198 5.221 5.243 5.265 5.286 5.307 5.327 5.347 5.367 5.387 5.407 5.427 5.448 5.469 5.490 5.512 5.534 5.556 5.578 5.600 5.623 5.646 5.669 5.692 5.715 5.738 5.761 5.783 5.806 5.829 5.851 5.874 5.896 5.919 5.942 5.964 5.987 6.010 6.032
3.947 4.016 4.079 4.138 4.193 4.244 4.292 4.340 4.385 4.428 4.470 4.510 4.548 4.585 4.621 4.656 4.690 4.723 4.755 4.786 4.816 4.846 4.875 4.904 4.932 4.960 4.987 5.014 5.040 5.065 5.091 5.116 5.141 5.166 5.190 5.213 5.237 5.259 5.281 5.302 5.322 5.342 5.361 5.380 5.399 5.418 5.437 5.457 5.477 5.497 5.519 5.539 5.560 5.582 5.605 5.628 5.651 5.674 5.697 5.720 5.743 5.766 5.788 5.811 5.834 5.857 5.880 5.902 5.925 5.948 5.971 5.993 6.016 6.039
3.980 4.046 4.108 4.165 4.219 4.269 4.317 4.363 4.408 4.450 4.491 4.531 4.569 4.606 4.641 4.676 4.709 4.742 4.773 4.804 4.834 4.864 4.893 4.921 4.949 4.977 5.004 5.030 5.056 5.081 5.106 5.132 5.157 5.181 5.205 5.229 5.252 5.275 5.297 5.318 5.338 5.357 5.376 5.395 5.413 5.430 5.448 5.467 5.486 5.505 5.525 5.545 5.565 5.586 5.609 5.631 5.654 5.677 5.700 5.723 5.747 5.770 5.793 5.816 5.839 5.862 5.884 5.907 5.930 5.953 5.976 5.999 6.022 6.045
4.012 4.076 4.136 4.191 4.244 4.294 4.341 4.387 4.430 4.473 4.513 4.552 4.590 4.626 4.661 4.695 4.728 4.760 4.792 4.822 4.852 4.881 4.910 4.938 4.965 4.993 5.020 5.046 5.071 5.096 5.121 5.147 5.172 5.197 5.221 5.245 5.268 5.291 5.313 5.334 5.354 5.374 5.392 5.410 5.427 5.444 5.461 5.478 5.496 5.514 5.532 5.551 5.570 5.591 5.612 5.635 5.657 5.680 5.703 5.726 5.750 5.773 5.796 5.819 5.842 5.866 5.889 5.912 5.935 5.958 5.981 6.004 6.027 6.050
4.043 4.105 4.163 4.218 4.270 4.318 4.364 4.410 4.453 4.494 4.534 4.573 4.610 4.646 4.681 4.714 4.747 4.779 4.810 4.840 4.869 4.898 4.926 4.954 4.982 5.008 5.035 5.061 5.086 5.111 5.136 5.162 5.187 5.212 5.236 5.260 5.284 5.307 5.329 5.351 5.371 5.390 5.409 5.427 5.444 5.460 5.476 5.492 5.508 5.524 5.541 5.558 5.576 5.596 5.616 5.638 5.660 5.682 5.705 5.728 5.752 5.775 5.798 5.822 5.845 5.869 5.892 5.915 5.938 5.962 5.985 6.008 6.032 6.055
4.073 4.134 4.190 4.244 4.295 4.342 4.388 4.433 4.475 4.516 4.556 4.594 4.631 4.666 4.700 4.734 4.766 4.797 4.828 4.858 4.887 4.915 4.943 4.970 4.997 5.024 5.050 5.076 5.101 5.126 5.151 5.176 5.201 5.226 5.251 5.275 5.299 5.322 5.345 5.367 5.387 5.407 5.426 5.444 5.461 5.476 5.492 5.507 5.522 5.537 5.552 5.567 5.583 5.601 5.621 5.641 5.662 5.684 5.706 5.729 5.753 5.776 5.800 5.823 5.847 5.871 5.894 5.918 5.941 5.965 5.988 6.012 6.035 6.059
4.103 4.161 4.217 4.269 4.320 4.366 4.411 4.455 4.498 4.538 4.577 4.615 4.651 4.686 4.720 4.753 4.785 4.816 4.846 4.875 4.904 4.932 4.959 4.986 5.013 5.039 5.065 5.091 5.116 5.140 5.165 5.190 5.216 5.241 5.265 5.290 5.314 5.337 5.360 5.382 5.404 5.424 5.443 5.461 5.478 5.494 5.509 5.523 5.537 5.551 5.565 5.579 5.593 5.609 5.626 5.645 5.665 5.686 5.708 5.730 5.753 5.776 5.800 5.824 5.848 5.871 5.895 5.919 5.943 5.967 5.990 6.014 6.038 6.062
4.131 4.189 4.243 4.295 4.344 4.390 4.435 4.478 4.520 4.560 4.599 4.636 4.672 4.706 4.740 4.772 4.804 4.834 4.864 4.893 4.921 4.949 4.976 5.002 5.028 5.054 5.080 5.105 5.130 5.154 5.179 5.204 5.229 5.254 5.279 5.304 5.328 5.352 5.375 5.397 5.419 5.440 5.460 5.478 5.496 5.512 5.527 5.541 5.555 5.568 5.580 5.592 5.605 5.619 5.634 5.651 5.669 5.688 5.709 5.731 5.753 5.776 5.799 5.823 5.847 5.871 5.895 5.919 5.943 5.967 5.991 6.015 6.040 6.064
4.160 4.216 4.269 4.320 4.368 4.414 4.458 4.501 4.542 4.582 4.620 4.657 4.692 4.727 4.760 4.792 4.823 4.853 4.882 4.911 4.939 4.966 4.992 5.018 5.044 5.070 5.095 5.120 5.144 5.168 5.193 5.218 5.243 5.268 5.292 5.317 5.341 5.365 5.389 5.412 5.434 5.455 5.475 5.495 5.513 5.530 5.546 5.560 5.573 5.586 5.598 5.608 5.619 5.631 5.644 5.659 5.675 5.692 5.711 5.732 5.753 5.775 5.798 5.822 5.846 5.870 5.894 5.918 5.943 5.967 5.991 6.016 6.040 6.065
4.187 4.242 4.294 4.344 4.392 4.437 4.481 4.523 4.564 4.603 4.641 4.678 4.713 4.747 4.780 4.812 4.842 4.872 4.901 4.929 4.957 4.983 5.009 5.035 5.060 5.085 5.110 5.135 5.158 5.182 5.206 5.231 5.256 5.281 5.305 5.330 5.354 5.378 5.402 5.425 5.448 5.470 5.491 5.511 5.530 5.547 5.564 5.579 5.593 5.605 5.617 5.627 5.636 5.646 5.657 5.670 5.683 5.698 5.715 5.734 5.754 5.775 5.797 5.820 5.844 5.868 5.892 5.917 5.941 5.966 5.990 6.015 6.040 6.065
4.214 4.268 4.319 4.369 4.416 4.460 4.503 4.545 4.586 4.625 4.662 4.699 4.734 4.767 4.800 4.832 4.862 4.892 4.920 4.948 4.975 5.001 5.027 5.052 5.076 5.101 5.125 5.149 5.173 5.196 5.220 5.244 5.269 5.293 5.318 5.342 5.366 5.391 5.414 5.438 5.461 5.483 5.505 5.526 5.545 5.564 5.581 5.597 5.612 5.625 5.637 5.646 5.655 5.664 5.674 5.684 5.695 5.708 5.722 5.738 5.756 5.776 5.797 5.819 5.842 5.866 5.890 5.914 5.939 5.964 5.989 6.013 6.038 6.064
4.240 4.293 4.344 4.392 4.439 4.483 4.525 4.567 4.607 4.646 4.683 4.719 4.754 4.788 4.820 4.852 4.882 4.911 4.940 4.967 4.994 5.019 5.045 5.069 5.093 5.117 5.141 5.165 5.188 5.210 5.234 5.258 5.282 5.306 5.330 5.354 5.378 5.402 5.426 5.450 5.473 5.496 5.518 5.539 5.560 5.580 5.598 5.615 5.630 5.645 5.657 5.667 5.676 5.684 5.693 5.701 5.710 5.720 5.732 5.745 5.761 5.778 5.797 5.818 5.840 5.863 5.887 5.911 5.936 5.961 5.986 6.011 6.036 6.062
4.266 4.318 4.368 4.416 4.462 4.505 4.547 4.588 4.628 4.667 4.704 4.740 4.775 4.808 4.840 4.872 4.902 4.931 4.959 4.987 5.013 5.038 5.063 5.087 5.111 5.135 5.158 5.181 5.203 5.225 5.248 5.272 5.295 5.319 5.342 5.366 5.390 5.414 5.438 5.461 5.485 5.508 5.530 5.552 5.574 5.594 5.613 5.631 5.648 5.663 5.677 5.688 5.697 5.706 5.714 5.721 5.728 5.736 5.745 5.756 5.769 5.784 5.801 5.819 5.840 5.862 5.885 5.908 5.933 5.958 5.983 6.008 6.033 6.059
4.291 4.342 4.391 4.438 4.484 4.527 4.568 4.609 4.649 4.687 4.724 4.760 4.795 4.828 4.861 4.892 4.922 4.951 4.979 5.006 5.033 5.058 5.083 5.106 5.130 5.153 5.175 5.198 5.219 5.241 5.263 5.286 5.309 5.332 5.355 5.378 5.402 5.425 5.449 5.472 5.496 5.519 5.542 5.564 5.586 5.607 5.628 5.647 5.665 5.681 5.696 5.708 5.718 5.728 5.736 5.743 5.749 5.756 5.763 5.771 5.781 5.793 5.807 5.823 5.841 5.862 5.883 5.906 5.930 5.954 5.979 6.005 6.030 6.056
4.316 4.366 4.414 4.461 4.506 4.548 4.589 4.630 4.669 4.707 4.744 4.780 4.815 4.848 4.880 4.912 4.942 4.971 4.999 5.026 5.052 5.078 5.102 5.126 5.149 5.172 5.194 5.216 5.237 5.257 5.279 5.301 5.323 5.345 5.368 5.390 5.413 5.436 5.460 5.483 5.506 5.530 5.553 5.575 5.598 5.619 5.640 5.661 5.680 5.697 5.713 5.727 5.739 5.749 5.758 5.766 5.772 5.778 5.783 5.789 5.796 5.805 5.817 5.830 5.846 5.864 5.884 5.905 5.928 5.952 5.976 6.001 6.027 6.052
4.340 4.389 4.437 4.482 4.527 4.569 4.610 4.650 4.689 4.727 4.764 4.799 4.834 4.867 4.900 4.931 4.961 4.991 5.019 5.046 5.073 5.098 5.122 5.146 5.169 5.191 5.213 5.234 5.255 5.275 5.296 5.317 5.338 5.360 5.381 5.403 5.425 5.448 5.471 5.494 5.517 5.540 5.563 5.586 5.608 5.631 5.652 5.673 5.693 5.712 5.729 5.744 5.758 5.770 5.780 5.789 5.796 5.801 5.806 5.811 5.816 5.822 5.831 5.841 5.854 5.869 5.887 5.907 5.928 5.950 5.974 5.999 6.024 6.049
4.363 4.412 4.459 4.504 4.548 4.589 4.630 4.670 4.708 4.746 4.783 4.818 4.853 4.886 4.919 4.950 4.980 5.010 5.038 5.066 5.092 5.118 5.143 5.166 5.189 5.212 5.233 5.254 5.274 5.294 5.314 5.334 5.355 5.375 5.396 5.417 5.438 5.460 5.482 5.504 5.527 5.550 5.573 5.596 5.618 5.641 5.663 5.685 5.705 5.725 5.744 5.760 5.775 5.789 5.801 5.811 5.819 5.826 5.830 5.835 5.839 5.843 5.849 5.856 5.866 5.878 5.893 5.910 5.930 5.951 5.973 5.997 6.022 6.047
4.386 4.434 4.480 4.525 4.568 4.609 4.649 4.689 4.727 4.765 4.801 4.836 4.871 4.904 4.937 4.968 4.999 5.029 5.057 5.085 5.112 5.138 5.163 5.187 5.210 5.232 5.254 5.275 5.294 5.314 5.333 5.353 5.372 5.392 5.412 5.432 5.452 5.473 5.494 5.516 5.538 5.560 5.583 5.605 5.628 5.651 5.673 5.695 5.717 5.737 5.757 5.774 5.791 5.806 5.820 5.832 5.841 5.849 5.855 5.860 5.863 5.866 5.870 5.875 5.882 5.892 5.903 5.918 5.935 5.954 5.975 5.997 6.021 6.045
4.409 4.456 4.502 4.546 4.588 4.628 4.668 4.707 4.746 4.783 4.819 4.854 4.888 4.922 4.954 4.986 5.017 5.047 5.076 5.104 5.131 5.157 5.183 5.207 5.231 5.253 5.275 5.296 5.315 5.334 5.354 5.373 5.392 5.410 5.429 5.448 5.467 5.487 5.507 5.528 5.549 5.570 5.592 5.615 5.637 5.660 5.683 5.705 5.727 5.748 5.768 5.787 5.805 5.821 5.837 5.850 5.862 5.871 5.879 5.884 5.888 5.892 5.894 5.898 5.902 5.909 5.918 5.929 5.943 5.960 5.979 5.999 6.022 6.044
4.432 4.478 4.523 4.566 4.607 4.647 4.687 4.726 4.764 4.800 4.836 4.871 4.905 4.939 4.971 5.003 5.034 5.064 5.093 5.122 5.149 5.176 5.202 5.227 5.251 5.274 5.296 5.317 5.336 5.356 5.375 5.394 5.412 5.430 5.448 5.466 5.484 5.502 5.521 5.541 5.561 5.582 5.603 5.625 5.647 5.669 5.692 5.714 5.736 5.758 5.779 5.798 5.817 5.835 5.852 5.867 5.880 5.892 5.901 5.908 5.913 5.917 5.920 5.923 5.926 5.930 5.936 5.944 5.955 5.969 5.985 6.004 6.024 6.045
4.454 4.499 4.543 4.586 4.627 4.666 4.706 4.744 4.781 4.818 4.853 4.888 4.922 4.955 4.988 5.019 5.050 5.081 5.110 5.139 5.167 5.194 5.220 5.246 5.270 5.294 5.317 5.338 5.357 5.377 5.397 5.415 5.433 5.451 5.468 5.485 5.502 5.520 5.537 5.556 5.574 5.594 5.614 5.635 5.656 5.678 5.700 5.723 5.745 5.767 5.788 5.808 5.828 5.847 5.865 5.882 5.897 5.910 5.921 5.930 5.937 5.942 5.946 5.949 5.951 5.954 5.957 5.963 5.971 5.982 5.996 6.011 6.030 6.049
4.476 4.521 4.564 4.606 4.646 4.685 4.724 4.762 4.799 4.835 4.870 4.904 4.938 4.971 5.003 5.035 5.066 5.096 5.126 5.155 5.183 5.211 5.238 5.264 5.289 5.313 5.337 5.358 5.378 5.399 5.419 5.437 5.455 5.473 5.490 5.506 5.522 5.538 5.555 5.572 5.590 5.608 5.627 5.646 5.667 5.688 5.709 5.731 5.754 5.776 5.797 5.817 5.838 5.858 5.877 5.895 5.911 5.926 5.939 5.950 5.959 5.966 5.971 5.974 5.977 5.979 5.982 5.985 5.991 5.999 6.009 6.023 6.038 6.055
4.498 4.542 4.585 4.626 4.665 4.704 4.742 4.779 4.816 4.851 4.886 4.920 4.954 4.987 5.019 5.050 5.081 5.111 5.141 5.170 5.199 5.227 5.254 5.280 5.306 5.331 5.355 5.378 5.399 5.420 5.440 5.459 5.478 5.495 5.512 5.528 5.544 5.559 5.575 5.590 5.606 5.623 5.641 5.659 5.678 5.698 5.719 5.740 5.762 5.784 5.805 5.825 5.846 5.867 5.887 5.906 5.924 5.940 5.955 5.968 5.979 5.988 5.994 5.999 6.003 6.005 6.007 6.010 6.013 6.019 6.027 6.037 6.050 6.065
4.520 4.563 4.605 4.646 4.685 4.723 4.760 4.797 4.833 4.868 4.902 4.936 4.969 5.002 5.034 5.065 5.096 5.126 5.156 5.185 5.213 5.242 5.269 5.296 5.322 5.348 5.373 5.396 5.418 5.440 5.461 5.481 5.500 5.518 5.535 5.551 5.566 5.581 5.596 5.610 5.625 5.641 5.657 5.674 5.692 5.710 5.730 5.750 5.771 5.792 5.813 5.834 5.855 5.876 5.896 5.916 5.935 5.953 5.969 5.983 5.996 6.007 6.016 6.022 6.027 6.031 6.033 6.035 6.038 6.042 6.047 6.055 6.065 6.077
4.542 4.584 4.626 4.666 4.704 4.741 4.779 4.815 4.850 4.885 4.919 4.952 4.984 5.017 5.048 5.079 5.110 5.140 5.169 5.199 5.227 5.256 5.283 5.311 5.338 5.364 5.389 5.413 5.436 5.459 5.481 5.501 5.521 5.540 5.557 5.574 5.589 5.604 5.618 5.632 5.646 5.660 5.675 5.690 5.707 5.724 5.742 5.761 5.781 5.801 5.822 5.842 5.863 5.884 5.905 5.925 5.945 5.964 5.981 5.997 6.011 6.024 6.035 6.043 6.050 6.055 6.059 6.061 6.064 6.066 6.070 6.076 6.084 6.093
4.564 4.606 4.646 4.686 4.724 4.760 4.797 4.833 4.867 4.901 4.935 4.968 5.000 5.031 5.063 5.093 5.123 5.153 5.183 5.212 5.240 5.269 5.297 5.324 5.352 5.378 5.405 5.429 5.453 5.476 5.499 5.521 5.541 5.561 5.579 5.596 5.612 5.627 5.642 5.655 5.669 5.682 5.695 5.709 5.724 5.739 5.756 5.773 5.792 5.812 5.831 5.850 5.871 5.892 5.913 5.934 5.954 5.973 5.992 6.009 6.025 6.039 6.051 6.062 6.070 6.077 6.082 6.086 6.089 6.092 6.095 6.099 6.104 6.111
4.585 4.627 4.667 4.706 4.743 4.779 4.815 4.850 4.885 4.918 4.951 4.983 5.015 5.046 5.077 5.107 5.137 5.166 5.196 5.225 5.253 5.281 5.310 5.337 5.365 5.392 5.418 5.443 5.468 5.492 5.516 5.538 5.560 5.580 5.600 5.618 5.635 5.650 5.665 5.679 5.692 5.705 5.717 5.730 5.743 5.757 5.772 5.788 5.805 5.823 5.841 5.860 5.880 5.900 5.921 5.942 5.962 5.982 6.001 6.020 6.036 6.052 6.066 6.078 6.089 6.097 6.104 6.109 6.113 6.117 6.119 6.123 6.127 6.132
4.607 4.648 4.687 4.726 4.763 4.798 4.834 4.868 4.902 4.935 4.968 5.000 5.031 5.061 5.092 5.121 5.151 5.180 5.209 5.237 5.266 5.294 5.322 5.350 5.377 5.404 5.431 5.457 5.482 5.507 5.531 5.554 5.577 5.598 5.619 5.638 5.656 5.673 5.688 5.702 5.716 5.728 5.741 5.752 5.764 5.777 5.790 5.804 5.820 5.836 5.853 5.870 5.889 5.909 5.930 5.950 5.971 5.991 6.010 6.029 6.047 6.064 6.079 6.093 6.105 6.115 6.124 6.131 6.136 6.140 6.144 6.147 6.151 6.155
4.628 4.669 4.708 4.746 4.782 4.817 4.852 4.887 4.920 4.953 4.985 5.016 5.047 5.077 5.106 5.136 5.165 5.193 5.222 5.250 5.278 5.306 5.334 5.361 5.389 5.416 5.443 5.469 5.494 5.520 5.545 5.569 5.592 5.615 5.636 5.656 5.675 5.693 5.710 5.725 5.739 5.752 5.765 5.776 5.787 5.799 5.811 5.823 5.837 5.852 5.867 5.883 5.900 5.919 5.939 5.959 5.979 5.999 6.019 6.038 6.056 6.074 6.090 6.105 6.119 6.131 6.141 6.150 6.157 6.163 6.167 6.171 6.175 6.178
4.649 4.689 4.728 4.766 4.801 4.836 4.871 4.905 4.938 4.970 5.002 5.032 5.063 5.092 5.121 5.150 5.179 5.207 5.235 5.263 5.290 5.318 5.345 5.373 5.400 5.427 5.454 5.480 5.506 5.532 5.557 5.582 5.606 5.629 5.652 5.673 5.693 5.712 5.730 5.747 5.762 5.776 5.788 5.800 5.811 5.822 5.833 5.844 5.856 5.869 5.883 5.897 5.913 5.931 5.949 5.968 5.988 6.007 6.027 6.047 6.065 6.084 6.101 6.117 6.132 6.145 6.157 6.167 6.176 6.183 6.189 6.194 6.198 6.201
