version1/TsunamiDB/out54021.asc
ncols          264
nrows          230
xllcorner      497853.4375
yllcorner      4229146.0000
cellsize         5.
NODATA_value   -99
[rows 186 to 216 of 230, columns 142 to 212 of 264]
5.307 5.334 5.360 5.387 5.417 5.452 5.492 5.537 5.587 5.641 5.698 5.758 5.820 5.883 5.948 6.013 6.078 6.140 6.199 6.253 6.302 6.346 6.385 6.420 6.460 6.505 6.537 6.570 6.620 6.683 6.759 6.848 6.946 7.050 7.128 7.157 7.235 7.357 7.445 7.505 7.545 7.572 7.586 7.582 7.558 7.494 7.466 7.507 7.549 7.586 7.614 7.634 7.644 7.646 7.630 7.567 7.506 7.480 7.452 7.424 7.395 7.367 7.335 7.286 7.217 7.123 7.033 6.967 6.907 6.856 6.812
5.334 5.360 5.382 5.403 5.427 5.455 5.488 5.527 5.572 5.623 5.678 5.736 5.798 5.863 5.929 5.996 6.063 6.128 6.190 6.246 6.298 6.345 6.389 6.433 6.481 6.530 6.566 6.598 6.643 6.699 6.768 6.853 6.951 7.046 7.112 7.139 7.216 7.336 7.424 7.486 7.526 7.553 7.567 7.565 7.544 7.482 7.455 7.498 7.544 7.584 7.615 7.639 7.654 7.659 7.645 7.583 7.522 7.492 7.460 7.427 7.391 7.355 7.313 7.254 7.182 7.086 6.993 6.926 6.868 6.821 6.783
5.364 5.388 5.407 5.424 5.442 5.462 5.488 5.520 5.560 5.607 5.659 5.717 5.779 5.844 5.911 5.980 6.049 6.117 6.181 6.241 6.296 6.348 6.399 6.452 6.508 6.562 6.604 6.640 6.684 6.734 6.795 6.874 6.962 7.042 7.101 7.126 7.201 7.321 7.410 7.471 7.510 7.537 7.550 7.550 7.533 7.472 7.448 7.495 7.545 7.588 7.622 7.650 7.669 7.674 7.660 7.599 7.536 7.503 7.466 7.426 7.382 7.336 7.283 7.219 7.145 7.046 6.952 6.887 6.834 6.791 6.759
5.396 5.419 5.436 5.450 5.462 5.475 5.494 5.519 5.553 5.595 5.645 5.701 5.762 5.828 5.897 5.967 6.038 6.109 6.177 6.240 6.300 6.358 6.417 6.478 6.540 6.601 6.650 6.693 6.737 6.781 6.835 6.902 6.976 7.046 7.099 7.122 7.195 7.314 7.402 7.460 7.499 7.523 7.537 7.540 7.526 7.468 7.446 7.499 7.552 7.597 7.635 7.665 7.685 7.691 7.676 7.613 7.548 7.511 7.468 7.419 7.366 7.310 7.248 7.181 7.104 7.004 6.911 6.852 6.803 6.767 6.741
5.427 5.452 5.468 5.479 5.487 5.495 5.506 5.525 5.553 5.590 5.636 5.691 5.751 5.817 5.887 5.959 6.032 6.105 6.177 6.245 6.311 6.376 6.441 6.508 6.576 6.645 6.702 6.751 6.796 6.838 6.882 6.935 6.997 7.060 7.110 7.131 7.198 7.314 7.400 7.457 7.492 7.514 7.528 7.533 7.524 7.470 7.452 7.509 7.564 7.613 7.652 7.683 7.703 7.707 7.690 7.626 7.558 7.515 7.464 7.407 7.344 7.278 7.211 7.139 7.062 6.963 6.874 6.820 6.778 6.748 6.728
5.459 5.484 5.501 5.511 5.517 5.520 5.526 5.539 5.561 5.593 5.636 5.687 5.746 5.811 5.881 5.955 6.030 6.106 6.181 6.256 6.329 6.400 6.471 6.543 6.616 6.689 6.753 6.808 6.858 6.897 6.931 6.974 7.027 7.086 7.135 7.150 7.210 7.322 7.407 7.460 7.489 7.510 7.523 7.532 7.530 7.479 7.464 7.524 7.583 7.632 7.671 7.702 7.720 7.723 7.704 7.637 7.565 7.514 7.455 7.388 7.316 7.243 7.170 7.096 7.019 6.923 6.839 6.792 6.758 6.734 6.720
5.487 5.514 5.533 5.544 5.549 5.550 5.553 5.561 5.578 5.605 5.643 5.691 5.746 5.810 5.880 5.955 6.032 6.110 6.190 6.271 6.349 6.426 6.503 6.579 6.654 6.730 6.800 6.862 6.916 6.954 6.986 7.022 7.070 7.128 7.174 7.181 7.233 7.343 7.421 7.466 7.492 7.509 7.522 7.537 7.541 7.494 7.482 7.546 7.604 7.652 7.691 7.720 7.737 7.737 7.714 7.644 7.567 7.508 7.439 7.363 7.283 7.203 7.126 7.052 6.978 6.885 6.808 6.769 6.742 6.725 6.716
5.513 5.542 5.563 5.576 5.582 5.583 5.585 5.590 5.603 5.626 5.659 5.701 5.753 5.814 5.883 5.958 6.037 6.117 6.203 6.288 6.372 6.455 6.535 6.612 6.689 6.767 6.841 6.911 6.971 7.014 7.047 7.083 7.130 7.186 7.230 7.227 7.268 7.368 7.436 7.475 7.495 7.511 7.526 7.546 7.556 7.513 7.504 7.568 7.625 7.671 7.707 7.735 7.749 7.746 7.717 7.644 7.560 7.492 7.415 7.331 7.243 7.159 7.081 7.008 6.937 6.850 6.780 6.748 6.729 6.718 6.713
5.535 5.567 5.590 5.606 5.614 5.617 5.620 5.625 5.636 5.655 5.683 5.720 5.767 5.824 5.891 5.966 6.045 6.127 6.215 6.304 6.392 6.480 6.563 6.643 6.720 6.800 6.879 6.958 7.027 7.079 7.119 7.158 7.202 7.254 7.296 7.283 7.308 7.395 7.455 7.488 7.505 7.519 7.536 7.558 7.575 7.536 7.527 7.589 7.644 7.687 7.721 7.746 7.758 7.751 7.718 7.638 7.548 7.472 7.386 7.294 7.201 7.114 7.036 6.966 6.900 6.819 6.756 6.732 6.720 6.715 6.714
5.554 5.588 5.613 5.632 5.644 5.651 5.657 5.664 5.675 5.691 5.715 5.747 5.788 5.839 5.902 5.976 6.054 6.138 6.228 6.320 6.414 6.506 6.593 6.675 6.754 6.835 6.919 7.008 7.088 7.149 7.198 7.242 7.285 7.338 7.382 7.353 7.358 7.430 7.479 7.505 7.519 7.533 7.548 7.575 7.601 7.564 7.554 7.614 7.665 7.704 7.735 7.758 7.766 7.754 7.714 7.628 7.531 7.447 7.353 7.254 7.157 7.070 6.994 6.929 6.868 6.794 6.739 6.722 6.716 6.716 6.721
5.570 5.605 5.634 5.657 5.673 5.685 5.695 5.705 5.718 5.733 5.754 5.781 5.815 5.861 5.920 5.993 6.070 6.154 6.246 6.341 6.439 6.535 6.625 6.710 6.791 6.875 6.964 7.065 7.155 7.227 7.288 7.339 7.385 7.454 7.486 7.429 7.413 7.468 7.505 7.524 7.537 7.550 7.566 7.606 7.636 7.594 7.581 7.637 7.682 7.718 7.745 7.764 7.769 7.749 7.700 7.610 7.507 7.415 7.315 7.212 7.114 7.028 6.956 6.896 6.841 6.774 6.726 6.716 6.716 6.721 6.731
5.583 5.621 5.652 5.679 5.700 5.718 5.733 5.748 5.764 5.781 5.800 5.823 5.853 5.894 5.950 6.020 6.094 6.177 6.271 6.368 6.467 6.565 6.661 6.752 6.840 6.925 7.019 7.131 7.233 7.319 7.392 7.457 7.520 7.576 7.577 7.504 7.470 7.506 7.531 7.546 7.558 7.575 7.602 7.642 7.663 7.620 7.606 7.655 7.695 7.727 7.749 7.763 7.761 7.734 7.682 7.586 7.477 7.378 7.274 7.169 7.071 6.989 6.921 6.867 6.819 6.759 6.717 6.714 6.719 6.730 6.744
5.596 5.635 5.670 5.701 5.728 5.751 5.773 5.793 5.814 5.834 5.854 5.876 5.903 5.941 5.992 6.056 6.127 6.208 6.301 6.399 6.499 6.601 6.704 6.805 6.899 6.983 7.083 7.208 7.323 7.421 7.508 7.586 7.649 7.682 7.662 7.576 7.526 7.543 7.560 7.572 7.585 7.608 7.638 7.672 7.687 7.642 7.624 7.666 7.702 7.729 7.746 7.754 7.744 7.713 7.658 7.557 7.441 7.338 7.232 7.127 7.031 6.953 6.891 6.843 6.802 6.749 6.713 6.715 6.727 6.743 6.761
5.609 5.651 5.689 5.724 5.756 5.786 5.814 5.841 5.866 5.891 5.914 5.937 5.964 5.997 6.044 6.104 6.170 6.248 6.339 6.436 6.538 6.646 6.758 6.868 6.966 7.051 7.157 7.296 7.420 7.528 7.625 7.706 7.760 7.777 7.742 7.646 7.581 7.584 7.591 7.601 7.617 7.642 7.670 7.697 7.705 7.659 7.637 7.673 7.702 7.724 7.736 7.737 7.722 7.687 7.627 7.521 7.401 7.296 7.189 7.086 6.995 6.921 6.865 6.824 6.790 6.742 6.713 6.722 6.739 6.760 6.783
5.624 5.667 5.708 5.748 5.786 5.822 5.856 5.889 5.921 5.950 5.978 6.004 6.031 6.064 6.107 6.163 6.225 6.298 6.386 6.484 6.588 6.701 6.821 6.938 7.043 7.129 7.239 7.386 7.518 7.636 7.734 7.811 7.858 7.862 7.817 7.715 7.639 7.626 7.625 7.634 7.649 7.672 7.697 7.717 7.719 7.671 7.645 7.672 7.695 7.711 7.717 7.713 7.694 7.655 7.591 7.481 7.358 7.252 7.146 7.048 6.961 6.893 6.844 6.809 6.783 6.742 6.718 6.733 6.754 6.780 6.807
5.641 5.685 5.730 5.774 5.817 5.860 5.900 5.939 5.976 6.011 6.044 6.075 6.105 6.137 6.179 6.232 6.290 6.358 6.445 6.542 6.647 6.764 6.891 7.016 7.128 7.211 7.323 7.478 7.616 7.734 7.831 7.903 7.943 7.940 7.889 7.782 7.695 7.669 7.662 7.667 7.679 7.698 7.718 7.731 7.728 7.677 7.646 7.665 7.682 7.691 7.692 7.684 7.660 7.617 7.550 7.437 7.313 7.208 7.106 7.012 6.931 6.870 6.826 6.799 6.780 6.745 6.726 6.746 6.773 6.802 6.831
5.659 5.705 5.752 5.800 5.849 5.897 5.944 5.989 6.032 6.073 6.111 6.147 6.180 6.215 6.257 6.310 6.365 6.430 6.514 6.610 6.715 6.835 6.968 7.101 7.216 7.296 7.409 7.569 7.707 7.823 7.916 7.984 8.019 8.010 7.954 7.843 7.749 7.714 7.698 7.697 7.705 7.719 7.733 7.741 7.732 7.677 7.641 7.652 7.661 7.665 7.662 7.648 7.621 7.575 7.504 7.389 7.266 7.164 7.066 6.979 6.905 6.850 6.813 6.793 6.781 6.752 6.738 6.763 6.793 6.824 6.855
5.678 5.725 5.775 5.827 5.881 5.935 5.987 6.038 6.087 6.133 6.177 6.218 6.256 6.295 6.340 6.395 6.450 6.512 6.594 6.688 6.794 6.916 7.054 7.190 7.306 7.381 7.492 7.652 7.786 7.898 7.986 8.050 8.080 8.067 8.008 7.897 7.797 7.752 7.728 7.722 7.723 7.731 7.741 7.743 7.728 7.670 7.628 7.630 7.632 7.632 7.623 7.606 7.576 7.527 7.452 7.337 7.215 7.117 7.026 6.947 6.881 6.832 6.803 6.790 6.785 6.761 6.752 6.781 6.812 6.845 6.876
5.698 5.747 5.798 5.854 5.912 5.971 6.030 6.086 6.140 6.192 6.241 6.288 6.332 6.376 6.425 6.484 6.541 6.602 6.682 6.775 6.879 7.002 7.138 7.273 7.390 7.461 7.566 7.720 7.851 7.960 8.044 8.104 8.133 8.118 8.058 7.945 7.841 7.788 7.757 7.745 7.740 7.742 7.746 7.742 7.721 7.658 7.609 7.604 7.600 7.593 7.580 7.559 7.527 7.476 7.399 7.284 7.166 7.073 6.990 6.919 6.860 6.819 6.797 6.789 6.791 6.772 6.767 6.798 6.832 6.865 6.895
5.720 5.768 5.822 5.880 5.942 6.006 6.070 6.132 6.192 6.248 6.303 6.355 6.405 6.454 6.508 6.573 6.634 6.696 6.776 6.866 6.970 7.091 7.225 7.362 7.483 7.543 7.637 7.788 7.915 8.020 8.101 8.159 8.185 8.169 8.106 7.992 7.885 7.826 7.788 7.767 7.755 7.752 7.749 7.737 7.710 7.642 7.587 7.574 7.563 7.551 7.534 7.511 7.477 7.424 7.345 7.231 7.118 7.033 6.958 6.895 6.845 6.811 6.794 6.794 6.803 6.788 6.786 6.819 6.852 6.885 6.914
5.741 5.789 5.844 5.905 5.970 6.039 6.107 6.175 6.240 6.302 6.362 6.418 6.472 6.526 6.588 6.661 6.727 6.794 6.874 6.965 7.070 7.189 7.321 7.467 7.581 7.622 7.705 7.851 7.973 8.075 8.153 8.208 8.232 8.211 8.145 8.032 7.923 7.859 7.813 7.784 7.766 7.755 7.745 7.727 7.692 7.619 7.559 7.539 7.522 7.505 7.485 7.459 7.424 7.368 7.287 7.178 7.071 6.994 6.927 6.874 6.833 6.807 6.796 6.805 6.820 6.806 6.805 6.839 6.872 6.904 6.932
5.764 5.811 5.867 5.929 5.997 6.069 6.142 6.214 6.285 6.352 6.415 6.475 6.535 6.598 6.670 6.750 6.823 6.896 6.981 7.075 7.180 7.301 7.439 7.572 7.664 7.694 7.769 7.908 8.026 8.124 8.198 8.249 8.267 8.243 8.180 8.067 7.955 7.885 7.832 7.797 7.771 7.752 7.734 7.708 7.668 7.591 7.525 7.498 7.475 7.455 7.432 7.404 7.366 7.308 7.231 7.127 7.027 6.957 6.901 6.857 6.825 6.807 6.806 6.820 6.836 6.824 6.825 6.857 6.890 6.920 6.946
5.789 5.835 5.889 5.952 6.021 6.096 6.172 6.250 6.326 6.397 6.465 6.531 6.599 6.672 6.752 6.839 6.920 7.003 7.095 7.191 7.298 7.421 7.550 7.664 7.741 7.761 7.826 7.958 8.074 8.167 8.237 8.283 8.296 8.271 8.210 8.096 7.980 7.905 7.846 7.802 7.768 7.741 7.716 7.684 7.638 7.556 7.485 7.453 7.426 7.402 7.376 7.346 7.305 7.249 7.177 7.078 6.984 6.925 6.879 6.845 6.822 6.814 6.820 6.835 6.851 6.841 6.842 6.873 6.905 6.933 6.957
5.816 5.859 5.913 5.975 6.045 6.121 6.201 6.282 6.363 6.441 6.514 6.588 6.665 6.747 6.834 6.928 7.019 7.114 7.211 7.310 7.418 7.534 7.649 7.748 7.814 7.826 7.882 8.008 8.118 8.206 8.271 8.311 8.321 8.296 8.234 8.118 7.998 7.917 7.850 7.799 7.757 7.722 7.690 7.652 7.601 7.515 7.440 7.404 7.374 7.347 7.319 7.286 7.245 7.192 7.124 7.031 6.946 6.898 6.862 6.837 6.824 6.824 6.834 6.851 6.865 6.856 6.857 6.887 6.916 6.942 6.962
5.847 5.887 5.938 5.999 6.068 6.146 6.227 6.312 6.398 6.483 6.565 6.648 6.733 6.822 6.918 7.018 7.118 7.222 7.325 7.428 7.530 7.633 7.736 7.825 7.887 7.891 7.937 8.055 8.158 8.242 8.301 8.336 8.343 8.316 8.252 8.133 8.008 7.920 7.846 7.786 7.736 7.695 7.657 7.614 7.558 7.470 7.392 7.353 7.320 7.291 7.260 7.226 7.186 7.136 7.076 6.990 6.914 6.876 6.850 6.835 6.830 6.835 6.848 6.864 6.878 6.869 6.870 6.897 6.924 6.947 6.964
5.883 5.920 5.967 6.025 6.093 6.171 6.254 6.341 6.433 6.526 6.618 6.709 6.803 6.899 7.001 7.105 7.212 7.322 7.432 7.534 7.626 7.720 7.813 7.898 7.959 7.958 7.993 8.102 8.199 8.275 8.328 8.359 8.361 8.331 8.263 8.139 8.008 7.913 7.830 7.762 7.706 7.660 7.617 7.570 7.512 7.421 7.342 7.300 7.265 7.234 7.201 7.168 7.130 7.085 7.032 6.954 6.887 6.859 6.843 6.836 6.837 6.846 6.861 6.877 6.890 6.881 6.880 6.905 6.929 6.948 6.962
5.924 5.957 6.000 6.054 6.120 6.197 6.281 6.370 6.469 6.570 6.669 6.769 6.872 6.975 7.079 7.184 7.295 7.414 7.527 7.624 7.711 7.798 7.885 7.971 8.033 8.026 8.051 8.154 8.241 8.307 8.352 8.377 8.375 8.339 8.265 8.134 7.997 7.892 7.800 7.727 7.666 7.615 7.570 7.521 7.461 7.369 7.289 7.246 7.209 7.177 7.145 7.111 7.076 7.038 6.992 6.922 6.864 6.847 6.839 6.839 6.844 6.856 6.872 6.888 6.899 6.889 6.888 6.909 6.930 6.946 6.956
5.969 5.999 6.038 6.088 6.151 6.228 6.311 6.402 6.506 6.613 6.721 6.831 6.939 7.045 7.149 7.254 7.367 7.491 7.604 7.701 7.786 7.867 7.955 8.043 8.109 8.098 8.115 8.205 8.279 8.334 8.370 8.388 8.381 8.338 8.255 8.117 7.971 7.856 7.757 7.679 7.614 7.562 7.516 7.466 7.405 7.314 7.234 7.189 7.153 7.121 7.089 7.057 7.027 6.994 6.957 6.895 6.846 6.837 6.835 6.841 6.850 6.864 6.880 6.895 6.905 6.894 6.891 6.909 6.926 6.939 6.946
6.018 6.046 6.083 6.129 6.189 6.263 6.344 6.436 6.541 6.653 6.767 6.883 6.996 7.104 7.209 7.312 7.426 7.552 7.670 7.770 7.855 7.937 8.023 8.111 8.183 8.172 8.178 8.254 8.313 8.356 8.382 8.393 8.378 8.328 8.236 8.088 7.930 7.807 7.703 7.621 7.555 7.504 7.459 7.409 7.348 7.258 7.178 7.134 7.099 7.068 7.037 7.008 6.982 6.955 6.926 6.872 6.832 6.829 6.834 6.844 6.855 6.870 6.887 6.901 6.909 6.897 6.891 6.907 6.920 6.931 6.934
6.070 6.097 6.131 6.173 6.229 6.301 6.379 6.468 6.575 6.689 6.809 6.932 7.048 7.159 7.264 7.364 7.476 7.608 7.730 7.833 7.922 8.005 8.089 8.183 8.268 8.252 8.245 8.305 8.349 8.377 8.392 8.394 8.371 8.311 8.205 8.045 7.877 7.747 7.639 7.556 7.492 7.444 7.400 7.352 7.291 7.203 7.125 7.082 7.048 7.018 6.990 6.966 6.944 6.924 6.903 6.857 6.823 6.827 6.837 6.849 6.863 6.879 6.895 6.907 6.913 6.899 6.891 6.903 6.913 6.920 6.920
6.122 6.149 6.182 6.221 6.274 6.344 6.419 6.505 6.611 6.726 6.851 6.977 7.097 7.210 7.314 7.408 7.520 7.657 7.784 7.893 7.989 8.076 8.161 8.277 8.363 8.333 8.311 8.354 8.380 8.393 8.396 8.386 8.354 8.278 8.156 7.986 7.811 7.675 7.567 7.486 7.427 7.381 7.341 7.293 7.234 7.148 7.073 7.033 7.000 6.972 6.948 6.928 6.912 6.900 6.887 6.846 6.818 6.828 6.840 6.855 6.870 6.886 6.901 6.910 6.913 6.898 6.887 6.896 6.903 6.905 6.903
