version1/TsunamiDB/out54030.asc
ncols          264
nrows          230
xllcorner      497853.4375
yllcorner      4229146.0000
cellsize         5.
NODATA_value   -99
[rows 64 to 95 of 230, columns 144 to 215 of 264]
1.842 2.076 2.368 2.682 2.984 3.253 3.478 3.659 3.803 3.920 4.015 4.095 4.165 4.227 4.283 4.335 4.384 4.431 4.477 4.520 4.563 4.605 4.646 4.686 4.725 4.764 4.802 4.841 4.879 4.916 4.953 4.992 5.030 5.069 5.108 5.148 5.187 5.227 5.267 5.307 5.347 5.387 5.427 5.466 5.504 5.541 5.577 5.610 5.641 5.669 5.694 5.716 5.735 5.752 5.769 5.788 5.809 5.833 5.862 5.895 5.933 5.975 6.022 6.071 6.123 6.177 6.232 6.288 6.344 6.401 6.456 6.510
1.932 2.195 2.501 2.813 3.104 3.355 3.561 3.726 3.858 3.966 4.055 4.131 4.197 4.257 4.312 4.363 4.411 4.457 4.501 4.544 4.586 4.626 4.666 4.705 4.742 4.780 4.816 4.853 4.890 4.925 4.961 4.998 5.035 5.072 5.110 5.148 5.186 5.225 5.264 5.304 5.343 5.382 5.422 5.461 5.499 5.537 5.573 5.608 5.640 5.670 5.697 5.721 5.741 5.758 5.774 5.790 5.807 5.827 5.850 5.878 5.911 5.950 5.992 6.039 6.089 6.142 6.197 6.254 6.311 6.369 6.426 6.482
2.037 2.322 2.635 2.941 3.216 3.449 3.637 3.787 3.909 4.008 4.092 4.165 4.229 4.287 4.340 4.390 4.438 4.483 4.526 4.568 4.609 4.649 4.687 4.724 4.761 4.796 4.832 4.867 4.902 4.936 4.970 5.005 5.040 5.076 5.112 5.149 5.186 5.224 5.261 5.300 5.338 5.377 5.416 5.455 5.493 5.531 5.568 5.603 5.637 5.668 5.697 5.723 5.744 5.762 5.778 5.793 5.808 5.824 5.843 5.866 5.894 5.927 5.965 6.008 6.056 6.107 6.161 6.217 6.274 6.332 6.391 6.448
2.154 2.456 2.770 3.064 3.322 3.535 3.706 3.843 3.955 4.048 4.127 4.197 4.259 4.316 4.368 4.418 4.464 4.509 4.552 4.594 4.634 4.672 4.709 4.745 4.780 4.815 4.849 4.882 4.916 4.948 4.980 5.014 5.047 5.082 5.116 5.151 5.187 5.223 5.259 5.296 5.334 5.372 5.410 5.448 5.486 5.524 5.561 5.597 5.631 5.664 5.694 5.721 5.744 5.764 5.781 5.796 5.809 5.823 5.839 5.857 5.880 5.908 5.941 5.980 6.024 6.072 6.123 6.178 6.234 6.292 6.350 6.408
2.282 2.593 2.901 3.181 3.419 3.613 3.768 3.894 3.998 4.085 4.160 4.228 4.288 4.344 4.396 4.445 4.491 4.536 4.579 4.619 4.659 4.696 4.733 4.768 4.801 4.835 4.867 4.899 4.931 4.962 4.992 5.024 5.056 5.088 5.121 5.154 5.188 5.223 5.258 5.294 5.330 5.367 5.404 5.441 5.479 5.516 5.553 5.589 5.624 5.657 5.688 5.717 5.741 5.763 5.781 5.797 5.811 5.823 5.837 5.852 5.870 5.893 5.922 5.955 5.994 6.038 6.086 6.138 6.192 6.248 6.305 6.362
2.417 2.731 3.028 3.290 3.508 3.684 3.825 3.940 4.037 4.119 4.191 4.257 4.316 4.371 4.423 4.472 4.518 4.563 4.605 4.646 4.685 4.722 4.757 4.791 4.824 4.856 4.888 4.918 4.949 4.978 5.007 5.037 5.067 5.097 5.128 5.160 5.192 5.224 5.258 5.292 5.327 5.363 5.399 5.435 5.472 5.508 5.545 5.581 5.616 5.649 5.681 5.711 5.737 5.759 5.779 5.797 5.811 5.824 5.836 5.850 5.865 5.884 5.907 5.935 5.969 6.008 6.052 6.099 6.150 6.204 6.259 6.315
2.557 2.866 3.149 3.391 3.589 3.749 3.877 3.982 4.072 4.150 4.220 4.284 4.342 4.397 4.449 4.498 4.545 4.590 4.633 4.673 4.711 4.748 4.783 4.816 4.848 4.880 4.910 4.939 4.968 4.996 5.023 5.052 5.080 5.109 5.137 5.167 5.197 5.228 5.260 5.292 5.326 5.360 5.395 5.430 5.466 5.502 5.538 5.573 5.608 5.642 5.674 5.704 5.731 5.755 5.776 5.795 5.811 5.825 5.838 5.850 5.864 5.879 5.899 5.922 5.950 5.984 6.023 6.066 6.113 6.164 6.216 6.270
2.698 2.997 3.262 3.483 3.662 3.806 3.923 4.020 4.105 4.179 4.247 4.309 4.367 4.422 4.474 4.524 4.571 4.617 4.659 4.700 4.738 4.775 4.809 4.842 4.874 4.904 4.934 4.963 4.990 5.017 5.043 5.069 5.096 5.122 5.149 5.177 5.205 5.234 5.264 5.295 5.327 5.359 5.393 5.427 5.462 5.497 5.532 5.567 5.601 5.635 5.667 5.698 5.725 5.750 5.773 5.794 5.811 5.827 5.840 5.853 5.866 5.880 5.897 5.917 5.940 5.969 6.003 6.041 6.084 6.131 6.180 6.232
2.837 3.122 3.366 3.567 3.728 3.859 3.965 4.055 4.135 4.206 4.272 4.333 4.391 4.446 4.499 4.549 4.597 4.643 4.686 4.726 4.765 4.801 4.836 4.869 4.900 4.930 4.959 4.987 5.014 5.040 5.064 5.089 5.114 5.139 5.164 5.190 5.216 5.243 5.271 5.300 5.330 5.361 5.393 5.426 5.460 5.494 5.528 5.563 5.597 5.630 5.662 5.693 5.721 5.747 5.771 5.793 5.813 5.830 5.845 5.859 5.873 5.887 5.902 5.919 5.940 5.964 5.994 6.028 6.066 6.109 6.156 6.205
2.971 3.238 3.461 3.643 3.788 3.906 4.003 4.087 4.163 4.231 4.295 4.355 4.413 4.469 4.522 4.573 4.621 4.668 4.711 4.752 4.791 4.828 4.863 4.896 4.927 4.957 4.986 5.014 5.040 5.065 5.088 5.112 5.136 5.159 5.183 5.206 5.230 5.255 5.281 5.308 5.337 5.366 5.396 5.428 5.460 5.493 5.527 5.561 5.594 5.627 5.660 5.691 5.719 5.746 5.771 5.795 5.816 5.835 5.852 5.868 5.883 5.898 5.913 5.930 5.948 5.970 5.996 6.026 6.061 6.100 6.144 6.190
3.099 3.345 3.548 3.711 3.842 3.949 4.038 4.117 4.188 4.254 4.317 4.377 4.434 4.490 4.544 4.595 4.644 4.691 4.735 4.777 4.816 4.854 4.889 4.923 4.955 4.985 5.014 5.041 5.067 5.092 5.115 5.138 5.160 5.182 5.204 5.226 5.248 5.271 5.295 5.320 5.346 5.374 5.402 5.432 5.464 5.496 5.528 5.562 5.595 5.628 5.660 5.691 5.720 5.747 5.774 5.798 5.821 5.842 5.862 5.880 5.897 5.913 5.930 5.946 5.964 5.984 6.008 6.035 6.067 6.103 6.143 6.188
3.218 3.444 3.627 3.773 3.891 3.988 4.071 4.145 4.213 4.277 4.338 4.397 4.454 4.510 4.564 4.616 4.666 4.713 4.757 4.800 4.840 4.878 4.915 4.949 4.981 5.012 5.041 5.069 5.096 5.120 5.143 5.165 5.187 5.208 5.228 5.249 5.269 5.290 5.312 5.335 5.359 5.385 5.412 5.440 5.470 5.501 5.533 5.565 5.598 5.630 5.662 5.694 5.723 5.751 5.779 5.804 5.829 5.852 5.873 5.894 5.913 5.931 5.950 5.967 5.986 6.006 6.028 6.053 6.082 6.116 6.154 6.196
3.328 3.533 3.697 3.829 3.936 4.025 4.102 4.171 4.236 4.298 4.358 4.417 4.474 4.529 4.583 4.635 4.685 4.732 4.778 4.821 4.862 4.901 4.939 4.974 5.007 5.039 5.069 5.097 5.124 5.148 5.171 5.194 5.215 5.236 5.256 5.275 5.294 5.313 5.333 5.354 5.376 5.399 5.424 5.451 5.479 5.509 5.540 5.571 5.603 5.636 5.668 5.699 5.728 5.757 5.785 5.812 5.838 5.863 5.886 5.909 5.931 5.952 5.972 5.991 6.011 6.031 6.053 6.077 6.105 6.136 6.172 6.212
3.428 3.614 3.761 3.880 3.977 4.059 4.131 4.197 4.260 4.320 4.379 4.436 4.493 4.548 4.601 4.653 4.702 4.750 4.796 4.840 4.883 4.923 4.961 4.997 5.032 5.064 5.095 5.124 5.152 5.177 5.201 5.224 5.245 5.265 5.285 5.303 5.321 5.339 5.358 5.376 5.396 5.418 5.441 5.465 5.492 5.520 5.549 5.580 5.611 5.643 5.675 5.705 5.735 5.765 5.794 5.822 5.849 5.875 5.901 5.925 5.949 5.972 5.995 6.017 6.038 6.059 6.082 6.106 6.132 6.162 6.195 6.233
3.520 3.687 3.820 3.927 4.016 4.092 4.160 4.223 4.284 4.342 4.399 4.456 4.511 4.565 4.617 4.669 4.718 4.766 4.813 4.858 4.901 4.942 4.981 5.018 5.054 5.088 5.120 5.150 5.178 5.204 5.229 5.253 5.275 5.296 5.315 5.334 5.351 5.368 5.385 5.402 5.421 5.440 5.460 5.483 5.507 5.534 5.561 5.591 5.621 5.652 5.683 5.713 5.743 5.774 5.803 5.832 5.861 5.888 5.916 5.942 5.968 5.994 6.018 6.042 6.065 6.088 6.111 6.135 6.161 6.190 6.222 6.259
3.603 3.753 3.873 3.970 4.052 4.124 4.188 4.249 4.308 4.365 4.421 4.475 4.529 4.582 4.633 4.683 4.733 4.781 4.828 4.873 4.917 4.959 4.999 5.037 5.074 5.109 5.142 5.173 5.203 5.230 5.256 5.281 5.305 5.326 5.346 5.365 5.383 5.400 5.416 5.432 5.448 5.465 5.484 5.504 5.526 5.550 5.576 5.604 5.632 5.662 5.693 5.723 5.752 5.783 5.813 5.843 5.873 5.902 5.931 5.959 5.987 6.014 6.041 6.067 6.092 6.116 6.141 6.165 6.191 6.220 6.251 6.286
3.678 3.813 3.922 4.011 4.088 4.156 4.217 4.276 4.333 4.388 4.442 4.495 4.547 4.598 4.648 4.698 4.746 4.794 4.841 4.886 4.931 4.973 5.014 5.054 5.091 5.127 5.162 5.195 5.226 5.254 5.282 5.308 5.333 5.356 5.377 5.397 5.415 5.432 5.448 5.463 5.479 5.494 5.511 5.529 5.548 5.570 5.593 5.619 5.646 5.674 5.704 5.733 5.762 5.793 5.823 5.854 5.884 5.915 5.945 5.975 6.005 6.034 6.063 6.091 6.117 6.143 6.169 6.195 6.221 6.249 6.280 6.315
3.746 3.868 3.967 4.050 4.122 4.187 4.246 4.303 4.358 4.412 4.464 4.515 4.565 4.614 4.663 4.712 4.760 4.807 4.853 4.898 4.943 4.986 5.027 5.067 5.106 5.143 5.179 5.213 5.245 5.275 5.304 5.332 5.358 5.383 5.406 5.427 5.447 5.465 5.481 5.497 5.512 5.526 5.541 5.557 5.574 5.593 5.613 5.636 5.661 5.688 5.716 5.744 5.772 5.803 5.833 5.865 5.896 5.928 5.959 5.991 6.023 6.054 6.084 6.113 6.142 6.170 6.197 6.223 6.251 6.279 6.310 6.343
3.808 3.919 4.011 4.088 4.156 4.219 4.276 4.331 4.385 4.436 4.486 4.535 4.584 4.631 4.679 4.726 4.773 4.819 4.864 4.909 4.953 4.996 5.038 5.079 5.118 5.156 5.193 5.229 5.261 5.293 5.324 5.353 5.381 5.408 5.433 5.456 5.477 5.496 5.514 5.531 5.546 5.560 5.574 5.588 5.603 5.619 5.637 5.657 5.679 5.703 5.729 5.755 5.783 5.813 5.843 5.875 5.907 5.940 5.973 6.006 6.040 6.072 6.104 6.135 6.165 6.195 6.223 6.251 6.279 6.308 6.338 6.372
3.864 3.967 4.052 4.125 4.190 4.250 4.306 4.360 4.411 4.461 4.509 4.556 4.603 4.649 4.695 4.741 4.786 4.831 4.875 4.919 4.963 5.006 5.048 5.088 5.128 5.167 5.205 5.241 5.275 5.308 5.340 5.372 5.401 5.430 5.456 5.481 5.505 5.526 5.546 5.564 5.580 5.594 5.608 5.621 5.634 5.648 5.663 5.680 5.699 5.720 5.744 5.768 5.794 5.823 5.854 5.885 5.918 5.952 5.986 6.021 6.056 6.090 6.124 6.156 6.188 6.219 6.248 6.278 6.307 6.336 6.367 6.401
3.917 4.012 4.091 4.161 4.224 4.283 4.336 4.388 4.438 4.486 4.532 4.578 4.623 4.668 4.712 4.756 4.800 4.843 4.887 4.930 4.972 5.014 5.056 5.096 5.136 5.176 5.214 5.251 5.286 5.320 5.354 5.386 5.418 5.448 5.477 5.504 5.529 5.553 5.575 5.595 5.613 5.629 5.643 5.656 5.668 5.680 5.692 5.706 5.722 5.740 5.761 5.783 5.807 5.834 5.864 5.896 5.929 5.964 5.999 6.035 6.071 6.107 6.142 6.177 6.210 6.242 6.273 6.304 6.334 6.364 6.395 6.430
3.966 4.054 4.130 4.197 4.258 4.314 4.366 4.417 4.465 4.511 4.557 4.601 4.644 4.688 4.730 4.773 4.815 4.857 4.899 4.940 4.982 5.023 5.063 5.104 5.143 5.182 5.221 5.258 5.294 5.329 5.364 5.398 5.431 5.463 5.493 5.522 5.550 5.576 5.601 5.623 5.643 5.661 5.676 5.690 5.702 5.713 5.724 5.735 5.748 5.763 5.780 5.799 5.821 5.847 5.876 5.907 5.940 5.976 6.012 6.049 6.087 6.124 6.161 6.197 6.231 6.265 6.297 6.329 6.360 6.391 6.423 6.458
4.012 4.095 4.167 4.232 4.291 4.346 4.397 4.446 4.492 4.537 4.581 4.624 4.667 4.708 4.749 4.790 4.831 4.871 4.912 4.952 4.992 5.032 5.071 5.110 5.149 5.188 5.226 5.264 5.300 5.335 5.371 5.406 5.440 5.474 5.506 5.537 5.567 5.596 5.622 5.647 5.670 5.690 5.707 5.722 5.735 5.746 5.756 5.766 5.776 5.788 5.803 5.819 5.838 5.862 5.889 5.919 5.952 5.988 6.025 6.063 6.102 6.140 6.179 6.216 6.252 6.287 6.321 6.354 6.386 6.418 6.451 6.486
4.055 4.134 4.203 4.266 4.324 4.377 4.427 4.474 4.520 4.564 4.607 4.649 4.690 4.730 4.770 4.809 4.848 4.887 4.926 4.965 5.003 5.041 5.080 5.118 5.156 5.193 5.231 5.268 5.304 5.339 5.376 5.411 5.446 5.481 5.515 5.548 5.580 5.610 5.640 5.667 5.692 5.715 5.735 5.752 5.766 5.778 5.789 5.798 5.806 5.816 5.828 5.841 5.857 5.879 5.904 5.933 5.965 6.001 6.038 6.077 6.117 6.157 6.196 6.235 6.273 6.309 6.344 6.378 6.412 6.445 6.478 6.514
4.096 4.171 4.238 4.299 4.356 4.407 4.456 4.503 4.548 4.591 4.633 4.674 4.714 4.753 4.791 4.830 4.867 4.905 4.942 4.979 5.016 5.053 5.089 5.126 5.162 5.199 5.235 5.272 5.307 5.342 5.378 5.414 5.450 5.485 5.520 5.554 5.588 5.621 5.652 5.682 5.709 5.734 5.757 5.777 5.794 5.808 5.819 5.828 5.837 5.845 5.855 5.866 5.880 5.899 5.922 5.949 5.980 6.015 6.052 6.091 6.131 6.172 6.213 6.253 6.292 6.330 6.367 6.402 6.437 6.471 6.505 6.543
4.134 4.207 4.272 4.332 4.387 4.437 4.485 4.531 4.576 4.618 4.659 4.699 4.738 4.777 4.814 4.851 4.888 4.924 4.960 4.995 5.031 5.066 5.101 5.136 5.171 5.206 5.241 5.276 5.310 5.344 5.380 5.415 5.451 5.486 5.522 5.557 5.592 5.626 5.659 5.691 5.721 5.749 5.774 5.797 5.816 5.832 5.846 5.857 5.866 5.875 5.884 5.893 5.905 5.921 5.942 5.967 5.997 6.030 6.067 6.106 6.146 6.188 6.230 6.271 6.312 6.351 6.389 6.426 6.462 6.497 6.532 6.570
4.171 4.241 4.305 4.363 4.417 4.467 4.514 4.560 4.603 4.645 4.686 4.725 4.763 4.801 4.838 4.874 4.909 4.944 4.979 5.013 5.047 5.081 5.115 5.148 5.181 5.215 5.248 5.281 5.314 5.347 5.381 5.416 5.451 5.486 5.521 5.557 5.592 5.627 5.662 5.695 5.727 5.757 5.785 5.810 5.833 5.852 5.868 5.882 5.893 5.902 5.912 5.921 5.932 5.947 5.965 5.988 6.015 6.047 6.082 6.121 6.161 6.203 6.246 6.288 6.330 6.371 6.410 6.448 6.485 6.521 6.558 6.596
4.206 4.274 4.336 4.393 4.446 4.495 4.542 4.587 4.631 4.672 4.712 4.751 4.789 4.826 4.862 4.897 4.932 4.966 5.000 5.033 5.066 5.098 5.131 5.162 5.194 5.226 5.257 5.289 5.320 5.351 5.384 5.417 5.450 5.484 5.519 5.554 5.589 5.625 5.660 5.695 5.728 5.760 5.790 5.818 5.843 5.865 5.885 5.901 5.915 5.927 5.938 5.948 5.959 5.973 5.990 6.011 6.036 6.065 6.099 6.136 6.176 6.218 6.261 6.304 6.347 6.389 6.430 6.470 6.508 6.545 6.581 6.620
4.239 4.305 4.366 4.422 4.475 4.523 4.569 4.614 4.657 4.699 4.738 4.777 4.814 4.851 4.886 4.921 4.955 4.989 5.022 5.054 5.086 5.118 5.149 5.179 5.210 5.240 5.270 5.300 5.329 5.358 5.388 5.419 5.451 5.483 5.517 5.551 5.585 5.620 5.655 5.690 5.725 5.758 5.790 5.820 5.847 5.872 5.895 5.915 5.932 5.947 5.961 5.973 5.985 5.999 6.015 6.035 6.058 6.085 6.117 6.152 6.191 6.233 6.276 6.320 6.364 6.407 6.449 6.489 6.529 6.566 6.603 6.641
4.271 4.336 4.395 4.450 4.502 4.550 4.596 4.641 4.683 4.725 4.764 4.802 4.839 4.876 4.911 4.945 4.979 5.012 5.045 5.076 5.108 5.139 5.169 5.198 5.228 5.257 5.285 5.313 5.341 5.368 5.396 5.425 5.455 5.485 5.516 5.548 5.581 5.615 5.649 5.684 5.718 5.752 5.785 5.816 5.846 5.874 5.899 5.923 5.944 5.963 5.980 5.994 6.009 6.024 6.041 6.059 6.081 6.106 6.135 6.169 6.207 6.247 6.290 6.334 6.379 6.423 6.466 6.507 6.547 6.585 6.621 6.659
4.302 4.365 4.423 4.477 4.528 4.576 4.622 4.666 4.709 4.750 4.789 4.827 4.864 4.900 4.935 4.969 5.003 5.036 5.068 5.099 5.130 5.161 5.190 5.219 5.248 5.276 5.303 5.330 5.356 5.382 5.409 5.435 5.462 5.490 5.519 5.548 5.579 5.611 5.643 5.676 5.710 5.744 5.777 5.809 5.841 5.871 5.899 5.925 5.950 5.973 5.993 6.011 6.029 6.046 6.064 6.083 6.104 6.127 6.155 6.187 6.222 6.262 6.304 6.348 6.392 6.437 6.481 6.523 6.564 6.602 6.639 6.678
4.332 4.393 4.450 4.503 4.554 4.601 4.647 4.691 4.733 4.774 4.813 4.851 4.888 4.924 4.959 4.993 5.026 5.059 5.091 5.122 5.153 5.183 5.213 5.242 5.270 5.297 5.324 5.350 5.375 5.400 5.425 5.450 5.475 5.500 5.526 5.553 5.581 5.610 5.640 5.671 5.703 5.736 5.769 5.801 5.834 5.865 5.895 5.924 5.952 5.978 6.002 6.024 6.045 6.065 6.085 6.105 6.126 6.149 6.175 6.205 6.239 6.276 6.317 6.361 6.405 6.451 6.495 6.538 6.580 6.618 6.656 6.695
