version1/TsunamiDB/out54086.asc
ncols          264
nrows          230
xllcorner      497853.4375
yllcorner      4229146.0000
cellsize         5.
NODATA_value   -99
[rows 34 to 67 of 230, columns 154 to 230 of 264]
6.147 6.161 6.174 6.188 6.201 6.213 6.225 6.237 6.248 6.259 6.269 6.279 6.288 6.297 6.306 6.314 6.322 6.329 6.337 6.344 6.351 6.357 6.362 6.368 6.373 6.379 6.384 6.390 6.395 6.400 6.405 6.411 6.416 6.421 6.426 6.431 6.436 6.441 6.447 6.452 6.457 6.462 6.467 6.472 6.476 6.479 6.483 6.487 6.491 6.496 6.501 6.506 6.512 6.518 6.525 6.532 6.539 6.547 6.555 6.563 6.571 6.579 6.587 6.594 6.601 6.606 6.612 6.616 6.619 6.622 6.625 6.630 6.637 6.648 6.661 6.678 6.697
6.153 6.166 6.180 6.193 6.206 6.219 6.231 6.243 6.255 6.266 6.276 6.286 6.296 6.305 6.314 6.322 6.331 6.338 6.346 6.353 6.360 6.366 6.372 6.377 6.383 6.388 6.394 6.399 6.404 6.409 6.415 6.420 6.425 6.430 6.435 6.440 6.445 6.450 6.456 6.461 6.466 6.471 6.476 6.481 6.486 6.489 6.493 6.497 6.501 6.506 6.510 6.516 6.521 6.527 6.533 6.540 6.547 6.555 6.563 6.570 6.578 6.586 6.593 6.600 6.606 6.611 6.616 6.619 6.621 6.623 6.626 6.630 6.636 6.646 6.659 6.676 6.696
6.158 6.171 6.185 6.198 6.212 6.224 6.237 6.249 6.261 6.272 6.283 6.293 6.303 6.313 6.322 6.331 6.339 6.347 6.355 6.362 6.369 6.376 6.381 6.386 6.392 6.397 6.403 6.408 6.414 6.419 6.424 6.429 6.434 6.439 6.444 6.449 6.454 6.459 6.465 6.470 6.475 6.480 6.486 6.491 6.495 6.499 6.503 6.507 6.511 6.516 6.520 6.525 6.531 6.536 6.542 6.549 6.556 6.563 6.570 6.577 6.585 6.592 6.599 6.606 6.611 6.617 6.621 6.623 6.624 6.625 6.627 6.629 6.635 6.644 6.658 6.675 6.697
6.163 6.177 6.190 6.204 6.217 6.230 6.243 6.255 6.267 6.278 6.290 6.300 6.310 6.320 6.330 6.339 6.347 6.355 6.363 6.371 6.378 6.385 6.390 6.396 6.401 6.407 6.412 6.418 6.423 6.428 6.433 6.438 6.443 6.448 6.453 6.458 6.463 6.468 6.473 6.479 6.484 6.490 6.495 6.500 6.505 6.509 6.513 6.517 6.521 6.526 6.530 6.535 6.540 6.546 6.551 6.557 6.564 6.571 6.578 6.585 6.592 6.599 6.605 6.612 6.617 6.622 6.625 6.627 6.628 6.628 6.628 6.630 6.635 6.644 6.658 6.676 6.698
6.169 6.182 6.196 6.209 6.222 6.235 6.248 6.261 6.273 6.284 6.296 6.307 6.317 6.327 6.337 6.346 6.355 6.363 6.372 6.379 6.387 6.394 6.399 6.405 6.410 6.416 6.422 6.427 6.432 6.438 6.443 6.448 6.452 6.457 6.462 6.467 6.472 6.477 6.482 6.488 6.493 6.499 6.504 6.510 6.514 6.518 6.522 6.527 6.531 6.536 6.540 6.545 6.550 6.555 6.560 6.566 6.572 6.579 6.585 6.592 6.599 6.606 6.612 6.618 6.623 6.627 6.631 6.632 6.631 6.631 6.631 6.632 6.636 6.646 6.660 6.678 6.702
6.175 6.188 6.201 6.214 6.227 6.240 6.253 6.266 6.278 6.290 6.302 6.313 6.324 6.334 6.344 6.353 6.362 6.371 6.380 6.388 6.395 6.402 6.408 6.414 6.419 6.425 6.431 6.437 6.442 6.447 6.452 6.457 6.462 6.467 6.471 6.476 6.481 6.486 6.491 6.497 6.502 6.508 6.513 6.519 6.524 6.528 6.532 6.536 6.541 6.545 6.550 6.555 6.560 6.565 6.570 6.575 6.581 6.587 6.593 6.600 6.606 6.612 6.618 6.624 6.629 6.633 6.636 6.636 6.636 6.635 6.635 6.635 6.639 6.649 6.663 6.682 6.706
6.181 6.194 6.207 6.220 6.233 6.246 6.259 6.271 6.284 6.296 6.307 6.319 6.330 6.340 6.350 6.360 6.370 6.379 6.387 6.395 6.403 6.410 6.416 6.422 6.428 6.434 6.440 6.446 6.451 6.456 6.461 6.466 6.471 6.476 6.481 6.486 6.491 6.496 6.501 6.506 6.511 6.517 6.523 6.528 6.533 6.537 6.541 6.546 6.551 6.555 6.560 6.564 6.569 6.574 6.579 6.584 6.590 6.596 6.601 6.608 6.614 6.620 6.625 6.631 6.636 6.640 6.642 6.642 6.642 6.641 6.640 6.640 6.644 6.653 6.667 6.686 6.711
6.188 6.200 6.212 6.225 6.238 6.251 6.264 6.276 6.289 6.301 6.313 6.324 6.335 6.346 6.357 6.367 6.376 6.386 6.394 6.403 6.411 6.418 6.424 6.430 6.437 6.443 6.449 6.455 6.460 6.466 6.471 6.476 6.481 6.486 6.490 6.495 6.500 6.505 6.510 6.515 6.521 6.526 6.532 6.538 6.542 6.546 6.551 6.555 6.560 6.565 6.570 6.574 6.579 6.584 6.588 6.593 6.599 6.604 6.610 6.616 6.621 6.627 6.633 6.638 6.643 6.647 6.649 6.649 6.649 6.648 6.646 6.646 6.649 6.658 6.673 6.692 6.717
6.195 6.206 6.219 6.231 6.244 6.256 6.269 6.282 6.294 6.306 6.318 6.330 6.341 6.352 6.362 6.373 6.383 6.392 6.401 6.410 6.418 6.426 6.432 6.438 6.445 6.451 6.457 6.463 6.469 6.475 6.480 6.485 6.490 6.495 6.500 6.505 6.509 6.514 6.519 6.525 6.530 6.536 6.542 6.547 6.551 6.555 6.560 6.565 6.570 6.575 6.579 6.584 6.589 6.593 6.598 6.603 6.608 6.613 6.618 6.624 6.630 6.635 6.641 6.646 6.650 6.654 6.657 6.657 6.657 6.656 6.654 6.653 6.656 6.665 6.679 6.698 6.724
6.202 6.214 6.225 6.237 6.250 6.262 6.274 6.287 6.299 6.311 6.323 6.335 6.346 6.357 6.368 6.378 6.389 6.398 6.408 6.417 6.425 6.433 6.439 6.446 6.453 6.459 6.466 6.472 6.478 6.483 6.489 6.494 6.499 6.504 6.509 6.514 6.519 6.524 6.529 6.534 6.539 6.545 6.551 6.556 6.560 6.565 6.570 6.574 6.579 6.584 6.589 6.594 6.598 6.603 6.608 6.612 6.617 6.622 6.627 6.633 6.638 6.644 6.649 6.654 6.659 6.663 6.666 6.667 6.666 6.665 6.663 6.662 6.664 6.673 6.687 6.706 6.734
6.211 6.221 6.232 6.244 6.256 6.268 6.280 6.292 6.304 6.316 6.328 6.340 6.351 6.363 6.373 6.384 6.394 6.404 6.414 6.423 6.432 6.439 6.446 6.453 6.460 6.467 6.473 6.480 6.486 6.492 6.498 6.503 6.509 6.514 6.519 6.524 6.529 6.533 6.539 6.544 6.549 6.555 6.560 6.565 6.570 6.574 6.579 6.584 6.589 6.594 6.599 6.603 6.608 6.613 6.617 6.622 6.627 6.631 6.637 6.642 6.647 6.653 6.658 6.663 6.668 6.673 6.676 6.677 6.677 6.676 6.674 6.672 6.673 6.682 6.696 6.716 6.745
6.220 6.230 6.240 6.251 6.262 6.274 6.286 6.298 6.310 6.321 6.333 6.345 6.356 6.368 6.379 6.389 6.400 6.410 6.420 6.429 6.438 6.445 6.452 6.460 6.467 6.474 6.481 6.488 6.494 6.500 6.506 6.512 6.517 6.523 6.528 6.533 6.538 6.543 6.548 6.553 6.559 6.564 6.570 6.575 6.579 6.584 6.588 6.593 6.598 6.603 6.608 6.613 6.618 6.623 6.627 6.632 6.636 6.641 6.646 6.652 6.657 6.662 6.668 6.673 6.679 6.684 6.687 6.688 6.689 6.688 6.685 6.682 6.683 6.692 6.707 6.728 6.759
6.230 6.239 6.249 6.259 6.270 6.281 6.292 6.303 6.315 6.327 6.338 6.350 6.361 6.373 6.384 6.394 6.405 6.415 6.425 6.435 6.444 6.451 6.458 6.466 6.473 6.481 6.488 6.495 6.502 6.508 6.514 6.520 6.526 6.532 6.537 6.542 6.547 6.552 6.558 6.563 6.568 6.573 6.579 6.584 6.588 6.593 6.598 6.603 6.608 6.613 6.618 6.623 6.628 6.633 6.637 6.642 6.647 6.652 6.657 6.662 6.667 6.673 6.679 6.685 6.690 6.695 6.699 6.701 6.702 6.701 6.698 6.694 6.695 6.704 6.720 6.742 6.775
6.241 6.249 6.258 6.268 6.277 6.288 6.299 6.310 6.321 6.332 6.344 6.355 6.366 6.378 6.388 6.399 6.410 6.420 6.430 6.440 6.449 6.457 6.464 6.472 6.480 6.487 6.495 6.502 6.509 6.515 6.522 6.528 6.534 6.540 6.546 6.551 6.556 6.562 6.567 6.572 6.577 6.583 6.589 6.594 6.598 6.603 6.608 6.613 6.618 6.623 6.628 6.633 6.638 6.643 6.648 6.653 6.657 6.662 6.668 6.673 6.679 6.685 6.691 6.697 6.703 6.708 6.712 6.715 6.716 6.715 6.711 6.708 6.709 6.719 6.735 6.759 6.793
6.254 6.261 6.268 6.277 6.286 6.296 6.306 6.316 6.327 6.338 6.349 6.360 6.372 6.383 6.393 6.404 6.415 6.425 6.435 6.445 6.454 6.462 6.470 6.478 6.486 6.493 6.501 6.508 6.516 6.523 6.529 6.536 6.542 6.548 6.554 6.560 6.565 6.571 6.576 6.581 6.587 6.592 6.598 6.603 6.608 6.612 6.617 6.622 6.628 6.633 6.638 6.644 6.649 6.654 6.659 6.664 6.669 6.674 6.679 6.685 6.691 6.697 6.703 6.710 6.716 6.722 6.727 6.729 6.731 6.730 6.727 6.724 6.725 6.736 6.754 6.779 6.815
6.267 6.273 6.280 6.288 6.296 6.305 6.314 6.324 6.334 6.345 6.355 6.366 6.377 6.388 6.399 6.409 6.420 6.430 6.440 6.450 6.459 6.467 6.475 6.483 6.491 6.499 6.507 6.515 6.522 6.529 6.536 6.543 6.550 6.556 6.562 6.568 6.574 6.579 6.585 6.590 6.596 6.602 6.607 6.613 6.617 6.622 6.627 6.632 6.638 6.643 6.649 6.654 6.659 6.665 6.670 6.675 6.680 6.686 6.691 6.697 6.703 6.710 6.717 6.724 6.730 6.737 6.742 6.745 6.747 6.746 6.744 6.741 6.743 6.755 6.774 6.801 6.840
6.282 6.287 6.293 6.299 6.306 6.314 6.323 6.332 6.342 6.351 6.362 6.372 6.383 6.393 6.404 6.414 6.425 6.435 6.445 6.455 6.464 6.472 6.480 6.488 6.497 6.505 6.513 6.521 6.528 6.536 6.543 6.550 6.557 6.563 6.570 6.576 6.582 6.588 6.594 6.599 6.605 6.611 6.617 6.622 6.627 6.632 6.637 6.642 6.648 6.653 6.659 6.665 6.670 6.676 6.682 6.687 6.693 6.698 6.704 6.711 6.717 6.724 6.731 6.738 6.745 6.752 6.758 6.762 6.764 6.765 6.763 6.761 6.764 6.777 6.798 6.826 6.866
6.298 6.302 6.306 6.312 6.318 6.325 6.333 6.341 6.350 6.359 6.369 6.379 6.389 6.399 6.409 6.420 6.430 6.440 6.450 6.460 6.469 6.477 6.485 6.494 6.502 6.510 6.518 6.526 6.534 6.542 6.549 6.556 6.563 6.570 6.577 6.584 6.590 6.596 6.602 6.608 6.614 6.620 6.626 6.632 6.636 6.641 6.647 6.652 6.658 6.664 6.670 6.676 6.682 6.688 6.694 6.700 6.705 6.712 6.718 6.724 6.731 6.739 6.746 6.754 6.762 6.769 6.775 6.780 6.783 6.784 6.784 6.783 6.787 6.801 6.823 6.852 6.893
6.315 6.318 6.321 6.326 6.331 6.337 6.343 6.351 6.359 6.367 6.376 6.386 6.395 6.405 6.415 6.425 6.435 6.445 6.455 6.465 6.474 6.482 6.490 6.499 6.507 6.515 6.524 6.532 6.540 6.548 6.555 6.563 6.570 6.577 6.584 6.591 6.598 6.604 6.610 6.617 6.623 6.629 6.635 6.641 6.646 6.651 6.657 6.663 6.669 6.675 6.681 6.688 6.694 6.700 6.706 6.713 6.719 6.725 6.732 6.739 6.746 6.754 6.762 6.770 6.778 6.787 6.793 6.799 6.803 6.806 6.806 6.806 6.811 6.826 6.849 6.878 6.920
6.332 6.334 6.337 6.340 6.344 6.349 6.355 6.362 6.369 6.376 6.385 6.393 6.403 6.412 6.422 6.431 6.441 6.451 6.461 6.470 6.479 6.487 6.496 6.504 6.512 6.521 6.529 6.537 6.545 6.553 6.561 6.569 6.576 6.584 6.591 6.598 6.605 6.612 6.619 6.625 6.632 6.638 6.645 6.651 6.656 6.661 6.667 6.673 6.680 6.686 6.693 6.699 6.706 6.713 6.719 6.726 6.733 6.740 6.747 6.754 6.762 6.770 6.778 6.787 6.796 6.805 6.813 6.819 6.825 6.828 6.829 6.830 6.836 6.852 6.875 6.905 6.947
6.349 6.351 6.353 6.356 6.359 6.363 6.368 6.373 6.379 6.386 6.394 6.402 6.410 6.419 6.428 6.438 6.447 6.457 6.466 6.476 6.485 6.493 6.501 6.509 6.518 6.526 6.535 6.543 6.551 6.559 6.567 6.575 6.583 6.590 6.598 6.605 6.613 6.620 6.627 6.634 6.641 6.647 6.654 6.660 6.666 6.672 6.678 6.684 6.691 6.698 6.705 6.712 6.719 6.726 6.733 6.740 6.747 6.755 6.762 6.770 6.778 6.787 6.796 6.805 6.815 6.825 6.833 6.841 6.847 6.852 6.854 6.856 6.862 6.878 6.902 6.932 6.974
6.366 6.367 6.369 6.371 6.374 6.377 6.381 6.386 6.391 6.397 6.404 6.411 6.419 6.427 6.436 6.445 6.454 6.463 6.473 6.482 6.491 6.499 6.507 6.515 6.524 6.532 6.540 6.549 6.557 6.565 6.573 6.581 6.589 6.597 6.605 6.613 6.620 6.628 6.635 6.642 6.650 6.657 6.664 6.670 6.676 6.682 6.689 6.696 6.703 6.710 6.717 6.725 6.732 6.740 6.747 6.755 6.763 6.770 6.778 6.787 6.795 6.804 6.814 6.824 6.835 6.845 6.854 6.863 6.871 6.877 6.880 6.882 6.888 6.905 6.928 6.958 6.999
6.381 6.383 6.385 6.387 6.389 6.392 6.395 6.399 6.403 6.409 6.415 6.421 6.429 6.436 6.444 6.453 6.462 6.471 6.480 6.489 6.497 6.505 6.513 6.521 6.530 6.538 6.546 6.555 6.563 6.571 6.580 6.588 6.596 6.604 6.612 6.620 6.628 6.636 6.643 6.651 6.659 6.666 6.674 6.681 6.687 6.693 6.700 6.707 6.715 6.722 6.730 6.738 6.746 6.754 6.762 6.770 6.778 6.786 6.795 6.804 6.813 6.822 6.833 6.843 6.855 6.866 6.876 6.886 6.895 6.902 6.906 6.908 6.914 6.930 6.953 6.983 7.024
6.395 6.398 6.400 6.402 6.404 6.407 6.409 6.413 6.416 6.421 6.426 6.432 6.439 6.446 6.454 6.462 6.470 6.479 6.487 6.496 6.505 6.512 6.520 6.528 6.536 6.545 6.553 6.561 6.570 6.578 6.586 6.595 6.603 6.611 6.619 6.628 6.636 6.644 6.652 6.660 6.668 6.676 6.684 6.691 6.698 6.705 6.712 6.720 6.727 6.735 6.744 6.752 6.760 6.769 6.777 6.786 6.794 6.803 6.812 6.821 6.831 6.841 6.852 6.864 6.876 6.888 6.899 6.910 6.920 6.927 6.932 6.934 6.940 6.957 6.979 7.008 7.050
6.408 6.412 6.415 6.417 6.419 6.421 6.424 6.427 6.430 6.434 6.438 6.444 6.450 6.456 6.463 6.471 6.479 6.487 6.496 6.505 6.513 6.520 6.528 6.536 6.544 6.552 6.560 6.569 6.577 6.585 6.594 6.602 6.610 6.619 6.627 6.636 6.644 6.653 6.661 6.670 6.678 6.687 6.695 6.702 6.709 6.717 6.724 6.732 6.741 6.749 6.757 6.766 6.775 6.784 6.793 6.802 6.811 6.820 6.830 6.840 6.850 6.861 6.872 6.884 6.897 6.910 6.922 6.934 6.945 6.953 6.958 6.960 6.967 6.983 7.005 7.034 7.076
6.419 6.424 6.428 6.431 6.433 6.436 6.438 6.441 6.444 6.447 6.451 6.456 6.461 6.467 6.474 6.481 6.489 6.497 6.505 6.513 6.521 6.528 6.536 6.544 6.552 6.560 6.568 6.577 6.585 6.593 6.602 6.610 6.619 6.627 6.636 6.644 6.653 6.662 6.671 6.680 6.689 6.698 6.706 6.714 6.721 6.729 6.737 6.746 6.754 6.763 6.772 6.781 6.790 6.800 6.809 6.819 6.828 6.838 6.848 6.859 6.870 6.881 6.893 6.906 6.919 6.933 6.946 6.958 6.970 6.979 6.984 6.987 6.993 7.009 7.031 7.061 7.103
6.429 6.435 6.439 6.443 6.447 6.449 6.452 6.455 6.458 6.461 6.464 6.469 6.474 6.479 6.485 6.492 6.499 6.507 6.515 6.523 6.531 6.538 6.545 6.553 6.561 6.569 6.577 6.585 6.594 6.602 6.610 6.619 6.627 6.636 6.645 6.654 6.663 6.672 6.681 6.690 6.700 6.709 6.718 6.726 6.734 6.742 6.751 6.759 6.768 6.778 6.787 6.797 6.806 6.816 6.826 6.836 6.846 6.857 6.867 6.878 6.890 6.902 6.914 6.928 6.942 6.956 6.970 6.983 6.996 7.005 7.011 7.014 7.020 7.036 7.058 7.088 7.131
6.438 6.444 6.450 6.455 6.459 6.462 6.465 6.468 6.471 6.474 6.478 6.482 6.486 6.491 6.497 6.504 6.511 6.518 6.526 6.534 6.541 6.548 6.555 6.563 6.571 6.579 6.587 6.595 6.603 6.612 6.620 6.628 6.637 6.646 6.655 6.664 6.673 6.682 6.692 6.701 6.711 6.721 6.730 6.738 6.747 6.756 6.764 6.774 6.783 6.793 6.803 6.813 6.823 6.833 6.843 6.854 6.865 6.876 6.887 6.898 6.910 6.923 6.936 6.950 6.965 6.980 6.994 7.008 7.021 7.032 7.038 7.041 7.047 7.063 7.086 7.115 7.158
6.445 6.453 6.459 6.465 6.470 6.475 6.478 6.482 6.485 6.488 6.491 6.495 6.499 6.504 6.510 6.516 6.522 6.530 6.537 6.545 6.552 6.559 6.566 6.574 6.582 6.590 6.598 6.606 6.614 6.622 6.631 6.639 6.648 6.657 6.666 6.675 6.684 6.694 6.704 6.713 6.723 6.734 6.743 6.752 6.761 6.770 6.779 6.789 6.798 6.809 6.819 6.829 6.840 6.851 6.861 6.873 6.884 6.895 6.907 6.919 6.931 6.945 6.958 6.973 6.988 7.003 7.018 7.033 7.047 7.058 7.065 7.068 7.074 7.090 7.113 7.142 7.184
6.452 6.460 6.468 6.475 6.481 6.486 6.490 6.494 6.498 6.501 6.505 6.509 6.513 6.517 6.523 6.528 6.535 6.542 6.549 6.557 6.564 6.570 6.578 6.585 6.593 6.601 6.609 6.617 6.626 6.634 6.642 6.651 6.659 6.668 6.677 6.687 6.696 6.706 6.716 6.726 6.736 6.747 6.757 6.766 6.775 6.784 6.794 6.804 6.814 6.825 6.836 6.846 6.857 6.869 6.880 6.892 6.903 6.915 6.927 6.940 6.953 6.967 6.981 6.996 7.012 7.027 7.043 7.058 7.073 7.085 7.091 7.095 7.100 7.116 7.139 7.167 7.209
6.458 6.467 6.476 6.484 6.491 6.497 6.502 6.507 6.511 6.515 6.518 6.522 6.526 6.531 6.536 6.541 6.548 6.555 6.562 6.569 6.576 6.583 6.590 6.598 6.606 6.614 6.622 6.630 6.638 6.646 6.655 6.663 6.672 6.681 6.690 6.700 6.709 6.719 6.729 6.739 6.750 6.761 6.771 6.780 6.790 6.800 6.810 6.820 6.831 6.842 6.853 6.864 6.876 6.887 6.899 6.911 6.923 6.936 6.948 6.961 6.975 6.989 7.004 7.019 7.035 7.052 7.068 7.083 7.099 7.111 7.118 7.121 7.127 7.143 7.164 7.192 7.233
6.463 6.474 6.483 6.492 6.500 6.507 6.513 6.519 6.523 6.528 6.532 6.536 6.540 6.545 6.550 6.555 6.561 6.568 6.575 6.582 6.589 6.596 6.603 6.611 6.619 6.627 6.635 6.643 6.652 6.660 6.668 6.677 6.686 6.695 6.704 6.713 6.723 6.733 6.743 6.754 6.764 6.775 6.786 6.796 6.806 6.816 6.826 6.837 6.848 6.859 6.871 6.882 6.894 6.906 6.919 6.931 6.944 6.957 6.970 6.983 6.997 7.011 7.026 7.042 7.059 7.076 7.092 7.108 7.124 7.137 7.145 7.148 7.152 7.167 7.188 7.215 7.255
6.469 6.480 6.491 6.500 6.509 6.517 6.524 6.530 6.536 6.541 6.545 6.550 6.554 6.559 6.564 6.569 6.575 6.581 6.589 6.595 6.602 6.609 6.616 6.624 6.633 6.641 6.649 6.658 6.666 6.674 6.683 6.692 6.700 6.709 6.718 6.728 6.738 6.748 6.758 6.769 6.780 6.791 6.802 6.812 6.822 6.833 6.843 6.854 6.866 6.877 6.889 6.901 6.913 6.926 6.939 6.951 6.964 6.978 6.991 7.005 7.019 7.034 7.049 7.066 7.083 7.100 7.116 7.133 7.149 7.163 7.170 7.173 7.176 7.191 7.211 7.237 7.276
6.475 6.487 6.498 6.508 6.518 6.526 6.534 6.541 6.548 6.553 6.558 6.563 6.568 6.573 6.578 6.583 6.589 6.595 6.602 6.609 6.616 6.623 6.630 6.638 6.647 6.655 6.664 6.672 6.681 6.690 6.698 6.707 6.716 6.725 6.734 6.743 6.753 6.763 6.774 6.785 6.796 6.807 6.818 6.828 6.839 6.850 6.861 6.872 6.884 6.896 6.908 6.920 6.933 6.946 6.959 6.972 6.986 6.999 7.013 7.027 7.042 7.057 7.072 7.089 7.106 7.124 7.141 7.158 7.174 7.187 7.195 7.197 7.201 7.215 7.235 7.260 7.297
