version1/TsunamiDB/out54068.asc
ncols          264
nrows          230
xllcorner      497853.4375
yllcorner      4229146.0000
cellsize         5.
NODATA_value   -99
[rows 0 to 32 of 230, columns 75 to 149 of 264]
-99.000 -99.000 -99.000 -99.000 -99.000 -99.000 -99.000 -99.000 -99.000 -99.000 -99.000 -99.000 -99.000 -99.000 -99.000 -99.000 1.647 1.654 1.712 1.864 2.099 2.381 2.669 2.932 3.153 3.331 3.472 3.585 3.679 3.759 3.831 3.897 3.959 4.017 4.071 4.125 4.177 4.227 4.276 4.324 4.371 4.416 4.460 4.502 4.544 4.584 4.622 4.660 4.696 4.731 4.765 4.798 4.830 4.861 4.891 4.920 4.947 4.974 5.001 5.028 5.055 5.081 5.107 5.132 5.157 5.182 5.207 5.231 5.255 5.279 5.303 5.327 5.350 5.373 5.396
-99.000 -99.000 -99.000 -99.000 -99.000 -99.000 -99.000 -99.000 -99.000 -99.000 -99.000 -99.000 -99.000 -99.000 -99.000 -99.000 1.648 1.670 1.768 1.961 2.222 2.511 2.791 3.037 3.239 3.399 3.526 3.630 3.717 3.793 3.862 3.925 3.985 4.040 4.094 4.146 4.197 4.246 4.294 4.341 4.387 4.431 4.475 4.517 4.558 4.598 4.637 4.674 4.710 4.745 4.779 4.811 4.843 4.874 4.904 4.933 4.960 4.987 5.014 5.040 5.066 5.092 5.117 5.142 5.167 5.192 5.216 5.240 5.264 5.288 5.311 5.334 5.358 5.381 5.403
-99.000 -99.000 -99.000 -99.000 -99.000 -99.000 -99.000 -99.000 -99.000 -99.000 -99.000 -99.000 -99.000 -99.000 -99.000 1.647 1.652 1.702 1.844 2.072 2.350 2.640 2.906 3.133 3.316 3.460 3.576 3.671 3.753 3.825 3.891 3.952 4.010 4.064 4.116 4.167 4.217 4.265 4.312 4.358 4.403 4.447 4.490 4.532 4.572 4.612 4.650 4.688 4.724 4.759 4.792 4.825 4.856 4.887 4.917 4.946 4.973 4.999 5.026 5.052 5.078 5.103 5.128 5.153 5.177 5.201 5.225 5.249 5.272 5.296 5.319 5.342 5.365 5.388 5.410
-99.000 -99.000 -99.000 -99.000 -99.000 -99.000 -99.000 -99.000 -99.000 -99.000 -99.000 -99.000 -99.000 -99.000 -99.000 1.648 1.665 1.753 1.936 2.192 2.480 2.763 3.013 3.220 3.385 3.516 3.622 3.710 3.787 3.856 3.919 3.979 4.035 4.087 4.138 4.188 4.237 4.284 4.330 4.375 4.419 4.462 4.505 4.546 4.586 4.626 4.664 4.701 4.737 4.772 4.806 4.838 4.870 4.900 4.930 4.959 4.986 5.012 5.038 5.064 5.090 5.114 5.139 5.163 5.187 5.211 5.234 5.257 5.281 5.304 5.326 5.349 5.372 5.394 5.417
-99.000 -99.000 -99.000 -99.000 -99.000 -99.000 -99.000 -99.000 -99.000 -99.000 -99.000 -99.000 -99.000 -99.000 1.647 1.651 1.692 1.823 2.043 2.318 2.608 2.879 3.111 3.299 3.448 3.567 3.664 3.747 3.820 3.886 3.947 4.005 4.060 4.111 4.161 4.209 4.257 4.303 4.348 4.392 4.435 4.478 4.520 4.560 4.600 4.639 4.677 4.714 4.750 4.785 4.819 4.851 4.883 4.913 4.943 4.972 4.999 5.025 5.051 5.076 5.102 5.126 5.150 5.174 5.198 5.221 5.244 5.267 5.289 5.312 5.334 5.356 5.379 5.401 5.423
-99.000 -99.000 -99.000 -99.000 -99.000 -99.000 -99.000 -99.000 -99.000 -99.000 -99.000 -99.000 -99.000 -99.000 1.647 1.661 1.738 1.911 2.161 2.447 2.732 2.988 3.201 3.370 3.505 3.614 3.704 3.782 3.852 3.916 3.975 4.031 4.084 4.134 4.183 4.231 4.277 4.322 4.366 4.409 4.452 4.493 4.534 4.575 4.614 4.653 4.691 4.727 4.763 4.798 4.832 4.864 4.896 4.926 4.956 4.985 5.012 5.038 5.064 5.089 5.114 5.138 5.162 5.185 5.208 5.231 5.254 5.276 5.298 5.320 5.342 5.364 5.386 5.408 5.429
-99.000 -99.000 -99.000 -99.000 -99.000 -99.000 -99.000 -99.000 -99.000 -99.000 -99.000 -99.000 -99.000 1.647 1.650 1.683 1.803 2.014 2.285 2.575 2.850 3.088 3.281 3.435 3.557 3.657 3.742 3.816 3.882 3.944 4.002 4.056 4.109 4.157 4.205 4.252 4.297 4.341 4.384 4.426 4.468 4.509 4.549 4.589 4.628 4.666 4.703 4.740 4.776 4.810 4.844 4.877 4.909 4.939 4.969 4.998 5.025 5.051 5.077 5.102 5.126 5.150 5.174 5.197 5.220 5.242 5.264 5.286 5.307 5.329 5.350 5.372 5.393 5.415 5.436
-99.000 -99.000 -99.000 -99.000 -99.000 -99.000 -99.000 -99.000 -99.000 -99.000 -99.000 -99.000 -99.000 1.647 1.657 1.724 1.886 2.128 2.413 2.700 2.961 3.179 3.354 3.493 3.605 3.698 3.777 3.848 3.912 3.972 4.028 4.082 4.133 4.180 4.227 4.273 4.317 4.360 4.402 4.444 4.485 4.525 4.564 4.603 4.641 4.679 4.716 4.753 4.788 4.823 4.857 4.889 4.921 4.952 4.982 5.011 5.038 5.064 5.090 5.115 5.139 5.163 5.186 5.209 5.231 5.253 5.275 5.296 5.317 5.338 5.359 5.380 5.401 5.422 5.443
-99.000 -99.000 -99.000 -99.000 -99.000 -99.000 -99.000 -99.000 -99.000 -99.000 -99.000 -99.000 -99.000 1.649 1.676 1.783 1.985 2.250 2.541 2.819 3.062 3.262 3.420 3.547 3.649 3.736 3.811 3.879 3.941 3.999 4.054 4.106 4.156 4.203 4.249 4.294 4.337 4.379 4.421 4.461 4.501 4.540 4.579 4.617 4.655 4.692 4.729 4.765 4.800 4.835 4.869 4.901 4.933 4.964 4.994 5.023 5.050 5.077 5.103 5.128 5.152 5.176 5.199 5.222 5.244 5.265 5.286 5.307 5.328 5.348 5.369 5.389 5.409 5.430 5.450
-99.000 -99.000 -99.000 -99.000 -99.000 -99.000 -99.000 -99.000 -99.000 -99.000 -99.000 -99.000 1.647 1.654 1.710 1.861 2.095 2.377 2.666 2.931 3.156 3.337 3.480 3.595 3.690 3.772 3.843 3.909 3.969 4.026 4.080 4.131 4.180 4.226 4.270 4.314 4.357 4.398 4.439 4.479 4.518 4.556 4.594 4.632 4.669 4.705 4.741 4.777 4.812 4.846 4.880 4.913 4.945 4.976 5.006 5.036 5.063 5.089 5.115 5.141 5.165 5.189 5.212 5.235 5.256 5.278 5.298 5.319 5.339 5.359 5.379 5.399 5.419 5.438 5.458
-99.000 -99.000 -99.000 -99.000 -99.000 -99.000 -99.000 -99.000 -99.000 -99.000 -99.000 -99.000 1.648 1.669 1.764 1.955 2.215 2.504 2.786 3.035 3.241 3.405 3.535 3.640 3.729 3.806 3.875 3.938 3.996 4.052 4.104 4.155 4.203 4.248 4.292 4.335 4.377 4.418 4.457 4.496 4.535 4.572 4.609 4.646 4.682 4.718 4.754 4.789 4.824 4.858 4.891 4.924 4.956 4.987 5.018 5.047 5.075 5.102 5.128 5.154 5.178 5.202 5.225 5.248 5.269 5.291 5.311 5.331 5.351 5.371 5.390 5.409 5.429 5.448 5.467
-99.000 -99.000 -99.000 -99.000 -99.000 -99.000 -99.000 -99.000 -99.000 -99.000 -99.000 1.647 1.652 1.698 1.836 2.062 2.339 2.630 2.900 3.130 3.318 3.466 3.585 3.682 3.765 3.838 3.904 3.966 4.023 4.077 4.129 4.178 4.225 4.270 4.313 4.355 4.397 4.437 4.476 4.514 4.551 4.588 4.625 4.661 4.696 4.731 4.766 4.801 4.835 4.869 4.902 4.935 4.967 4.998 5.029 5.058 5.086 5.113 5.140 5.166 5.191 5.215 5.238 5.261 5.283 5.304 5.324 5.344 5.364 5.383 5.402 5.421 5.439 5.458 5.477
-99.000 -99.000 -99.000 -99.000 -99.000 -99.000 -99.000 -99.000 -99.000 -99.000 -99.000 1.648 1.663 1.746 1.925 2.178 2.466 2.751 3.006 3.218 3.387 3.522 3.630 3.721 3.799 3.869 3.933 3.993 4.049 4.102 4.152 4.201 4.248 4.291 4.334 4.376 4.416 4.456 4.494 4.531 4.568 4.604 4.640 4.675 4.710 4.745 4.779 4.813 4.846 4.880 4.913 4.945 4.977 5.008 5.039 5.069 5.097 5.124 5.151 5.178 5.203 5.228 5.251 5.274 5.296 5.317 5.337 5.357 5.377 5.396 5.414 5.433 5.451 5.469 5.487
-99.000 -99.000 -99.000 -99.000 -99.000 -99.000 -99.000 -99.000 -99.000 -99.000 1.647 1.650 1.687 1.812 2.027 2.300 2.591 2.866 3.103 3.297 3.450 3.573 3.673 3.758 3.832 3.899 3.961 4.019 4.074 4.126 4.176 4.223 4.269 4.313 4.354 4.396 4.436 4.474 4.512 4.549 4.585 4.621 4.655 4.690 4.724 4.758 4.791 4.825 4.858 4.890 4.923 4.955 4.987 5.018 5.048 5.078 5.107 5.134 5.162 5.189 5.214 5.239 5.263 5.286 5.309 5.330 5.351 5.371 5.390 5.409 5.428 5.446 5.464 5.481 5.499
-99.000 -99.000 -99.000 -99.000 -99.000 -99.000 -99.000 -99.000 -99.000 -99.000 1.647 1.658 1.729 1.895 2.140 2.426 2.713 2.974 3.192 3.368 3.507 3.619 3.712 3.792 3.863 3.928 3.988 4.045 4.098 4.149 4.198 4.245 4.290 4.333 4.375 4.415 4.455 4.493 4.530 4.566 4.602 4.637 4.671 4.705 4.738 4.771 4.804 4.836 4.869 4.901 4.933 4.965 4.996 5.027 5.057 5.087 5.116 5.144 5.171 5.198 5.225 5.250 5.275 5.298 5.321 5.343 5.364 5.384 5.404 5.423 5.441 5.459 5.477 5.494 5.512
-99.000 -99.000 -99.000 -99.000 -99.000 -99.000 -99.000 -99.000 -99.000 -99.000 1.649 1.678 1.788 1.992 2.260 2.551 2.830 3.074 3.274 3.433 3.560 3.663 3.749 3.825 3.893 3.956 4.014 4.069 4.122 4.172 4.220 4.267 4.311 4.353 4.394 4.435 4.473 4.511 4.548 4.584 4.619 4.653 4.687 4.720 4.752 4.785 4.817 4.848 4.880 4.912 4.943 4.974 5.005 5.036 5.066 5.095 5.124 5.152 5.180 5.207 5.234 5.260 5.285 5.309 5.332 5.354 5.376 5.397 5.417 5.436 5.455 5.473 5.491 5.508 5.525
-99.000 -99.000 -99.000 -99.000 -99.000 -99.000 -99.000 -99.000 -99.000 1.648 1.655 1.713 1.865 2.101 2.383 2.673 2.939 3.165 3.347 3.492 3.608 3.703 3.784 3.856 3.922 3.982 4.039 4.093 4.145 4.194 4.242 4.288 4.332 4.373 4.414 4.453 4.492 4.529 4.566 4.601 4.635 4.669 4.702 4.735 4.767 4.798 4.830 4.861 4.892 4.922 4.953 4.984 5.014 5.044 5.074 5.103 5.131 5.159 5.188 5.215 5.242 5.268 5.294 5.319 5.342 5.365 5.387 5.409 5.429 5.449 5.468 5.487 5.505 5.522 5.539
-99.000 -99.000 -99.000 -99.000 -99.000 -99.000 -99.000 -99.000 -99.000 1.649 1.669 1.765 1.957 2.217 2.507 2.790 3.041 3.249 3.414 3.546 3.652 3.741 3.817 3.886 3.949 4.008 4.064 4.117 4.167 4.216 4.263 4.308 4.351 4.392 4.433 4.472 4.510 4.547 4.583 4.618 4.652 4.685 4.718 4.750 4.781 4.812 4.843 4.873 4.903 4.933 4.963 4.993 5.023 5.053 5.082 5.110 5.138 5.166 5.195 5.222 5.249 5.276 5.302 5.327 5.351 5.375 5.398 5.420 5.441 5.461 5.481 5.500 5.518 5.536 5.553
-99.000 -99.000 -99.000 -99.000 -99.000 -99.000 -99.000 -99.000 1.648 1.652 1.698 1.835 2.060 2.338 2.629 2.901 3.135 3.325 3.475 3.595 3.693 3.776 3.849 3.915 3.976 4.033 4.088 4.139 4.189 4.237 4.283 4.328 4.370 4.411 4.451 4.490 4.528 4.564 4.600 4.635 4.668 4.701 4.734 4.765 4.796 4.826 4.856 4.886 4.916 4.945 4.974 5.003 5.032 5.061 5.090 5.118 5.145 5.173 5.201 5.229 5.256 5.283 5.309 5.334 5.359 5.383 5.407 5.430 5.452 5.473 5.493 5.513 5.531 5.549 5.567
-99.000 -99.000 -99.000 -99.000 -99.000 -99.000 -99.000 -99.000 1.649 1.662 1.743 1.920 2.172 2.460 2.747 3.005 3.221 3.393 3.530 3.640 3.731 3.810 3.879 3.943 4.002 4.057 4.111 4.161 4.210 4.257 4.303 4.347 4.389 4.429 4.469 4.508 4.545 4.582 4.617 4.651 4.685 4.717 4.749 4.780 4.811 4.841 4.870 4.899 4.928 4.957 4.985 5.013 5.042 5.070 5.098 5.125 5.152 5.180 5.207 5.235 5.262 5.288 5.315 5.341 5.366 5.391 5.415 5.438 5.461 5.483 5.504 5.524 5.543 5.562 5.580
-99.000 -99.000 -99.000 -99.000 -99.000 -99.000 -99.000 1.648 1.651 1.684 1.805 2.017 2.289 2.581 2.859 3.101 3.299 3.456 3.581 3.682 3.767 3.842 3.908 3.969 4.027 4.081 4.133 4.183 4.231 4.277 4.322 4.366 4.407 4.447 4.486 4.525 4.562 4.598 4.633 4.667 4.701 4.733 4.765 4.795 4.826 4.855 4.884 4.913 4.941 4.969 4.997 5.024 5.052 5.079 5.107 5.133 5.159 5.186 5.213 5.240 5.267 5.294 5.320 5.346 5.372 5.397 5.421 5.445 5.469 5.491 5.513 5.534 5.554 5.574 5.592
-99.000 -99.000 -99.000 -99.000 -99.000 -99.000 -99.000 1.648 1.658 1.722 1.882 2.124 2.409 2.699 2.965 3.189 3.370 3.513 3.628 3.722 3.802 3.872 3.936 3.995 4.051 4.104 4.155 4.204 4.251 4.297 4.341 4.384 4.425 4.464 4.504 4.542 4.579 4.614 4.649 4.683 4.716 4.748 4.780 4.810 4.840 4.870 4.898 4.926 4.954 4.981 5.009 5.035 5.062 5.089 5.116 5.141 5.167 5.193 5.220 5.246 5.273 5.299 5.325 5.351 5.377 5.402 5.427 5.451 5.475 5.498 5.521 5.543 5.564 5.584 5.603
-99.000 -99.000 -99.000 -99.000 -99.000 -99.000 -99.000 1.649 1.674 1.775 1.973 2.237 2.529 2.813 3.063 3.270 3.435 3.566 3.671 3.759 3.834 3.901 3.963 4.021 4.075 4.127 4.176 4.224 4.271 4.316 4.359 4.402 4.442 4.481 4.520 4.558 4.595 4.630 4.665 4.699 4.732 4.764 4.795 4.825 4.855 4.884 4.912 4.940 4.967 4.994 5.021 5.047 5.073 5.100 5.126 5.150 5.175 5.201 5.227 5.252 5.278 5.304 5.330 5.356 5.381 5.406 5.432 5.456 5.481 5.504 5.527 5.550 5.572 5.593 5.613
-99.000 -99.000 -99.000 -99.000 -99.000 -99.000 1.648 1.654 1.703 1.844 2.073 2.353 2.646 2.919 3.154 3.344 3.494 3.614 3.711 3.793 3.865 3.930 3.989 4.045 4.098 4.149 4.198 4.245 4.290 4.334 4.377 4.419 4.459 4.498 4.536 4.574 4.610 4.646 4.680 4.714 4.747 4.778 4.809 4.840 4.869 4.898 4.926 4.954 4.981 5.008 5.034 5.060 5.085 5.111 5.136 5.160 5.184 5.209 5.234 5.259 5.285 5.310 5.335 5.360 5.386 5.411 5.436 5.461 5.485 5.509 5.533 5.556 5.578 5.600 5.621
-99.000 -99.000 -99.000 -99.000 -99.000 -99.000 1.649 1.665 1.748 1.927 2.181 2.471 2.760 3.019 3.237 3.411 3.548 3.658 3.749 3.827 3.895 3.957 4.015 4.069 4.121 4.170 4.218 4.264 4.309 4.353 4.395 4.436 4.475 4.514 4.552 4.589 4.625 4.660 4.695 4.728 4.761 4.793 4.824 4.854 4.883 4.912 4.940 4.968 4.995 5.021 5.047 5.072 5.097 5.122 5.147 5.171 5.194 5.219 5.243 5.267 5.292 5.316 5.341 5.366 5.390 5.415 5.440 5.464 5.489 5.513 5.537 5.560 5.583 5.606 5.627
-99.000 -99.000 -99.000 -99.000 -99.000 1.648 1.651 1.686 1.808 2.020 2.293 2.587 2.868 3.112 3.313 3.472 3.598 3.700 3.785 3.858 3.924 3.984 4.040 4.093 4.143 4.192 4.239 4.284 4.328 4.371 4.412 4.453 4.492 4.529 4.567 4.604 4.640 4.675 4.709 4.742 4.775 4.807 4.838 4.868 4.897 4.926 4.954 4.981 5.008 5.034 5.060 5.085 5.110 5.135 5.159 5.182 5.205 5.229 5.253 5.276 5.300 5.324 5.348 5.372 5.396 5.420 5.444 5.469 5.493 5.517 5.541 5.564 5.587 5.610 5.632
-99.000 -99.000 -99.000 -99.000 -99.000 1.648 1.657 1.722 1.881 2.122 2.408 2.701 2.970 3.198 3.382 3.528 3.644 3.739 3.819 3.889 3.952 4.010 4.064 4.116 4.165 4.213 4.259 4.303 4.346 4.388 4.429 4.469 4.507 4.545 4.582 4.618 4.654 4.689 4.723 4.756 4.788 4.820 4.851 4.881 4.911 4.939 4.967 4.995 5.022 5.048 5.073 5.098 5.123 5.147 5.171 5.194 5.217 5.240 5.263 5.286 5.309 5.332 5.356 5.379 5.402 5.426 5.449 5.473 5.497 5.520 5.544 5.567 5.591 5.614 5.636
-99.000 -99.000 -99.000 -99.000 -99.000 1.649 1.672 1.772 1.967 2.229 2.523 2.810 3.065 3.277 3.446 3.579 3.687 3.775 3.851 3.918 3.979 4.035 4.088 4.139 4.187 4.234 4.279 4.322 4.365 4.406 4.446 4.486 4.523 4.560 4.597 4.633 4.668 4.702 4.736 4.769 4.802 4.833 4.864 4.894 4.924 4.952 4.980 5.008 5.035 5.061 5.086 5.111 5.136 5.160 5.184 5.207 5.229 5.252 5.274 5.297 5.319 5.342 5.364 5.387 5.410 5.432 5.455 5.478 5.501 5.524 5.547 5.571 5.594 5.617 5.639
-99.000 -99.000 -99.000 -99.000 1.648 1.653 1.699 1.836 2.061 2.341 2.636 2.914 3.154 3.349 3.504 3.627 3.727 3.810 3.882 3.946 4.005 4.060 4.112 4.162 4.209 4.255 4.299 4.341 4.383 4.423 4.463 4.502 4.539 4.575 4.611 4.647 4.682 4.716 4.749 4.782 4.814 4.846 4.876 4.907 4.936 4.965 4.993 5.020 5.047 5.074 5.099 5.124 5.149 5.173 5.197 5.219 5.241 5.264 5.286 5.308 5.330 5.352 5.374 5.396 5.418 5.440 5.462 5.484 5.507 5.529 5.551 5.574 5.597 5.619 5.642
-99.000 -99.000 -99.000 -99.000 1.648 1.662 1.739 1.913 2.164 2.453 2.746 3.012 3.236 3.416 3.558 3.672 3.764 3.843 3.912 3.974 4.032 4.085 4.136 4.184 4.231 4.275 4.319 4.360 4.401 4.441 4.480 4.518 4.554 4.590 4.626 4.661 4.695 4.729 4.762 4.795 4.826 4.858 4.888 4.919 4.948 4.977 5.005 5.033 5.060 5.086 5.112 5.137 5.162 5.186 5.210 5.232 5.254 5.276 5.299 5.321 5.342 5.364 5.385 5.406 5.428 5.449 5.470 5.491 5.513 5.535 5.556 5.578 5.600 5.622 5.645
-99.000 -99.000 -99.000 1.648 1.650 1.680 1.793 2.000 2.271 2.566 2.852 3.104 3.311 3.477 3.608 3.713 3.800 3.875 3.941 4.002 4.057 4.110 4.159 4.207 4.252 4.296 4.339 4.380 4.420 4.459 4.497 4.534 4.570 4.605 4.640 4.674 4.708 4.742 4.775 4.807 4.838 4.870 4.900 4.930 4.959 4.988 5.016 5.044 5.071 5.098 5.124 5.149 5.174 5.198 5.222 5.244 5.267 5.289 5.311 5.333 5.354 5.376 5.397 5.417 5.438 5.459 5.479 5.500 5.521 5.541 5.562 5.583 5.605 5.626 5.648
-99.000 -99.000 -99.000 1.648 1.655 1.711 1.861 2.096 2.382 2.677 2.953 3.189 3.381 3.533 3.654 3.752 3.835 3.906 3.970 4.029 4.083 4.134 4.183 4.229 4.274 4.317 4.359 4.399 4.438 4.476 4.514 4.550 4.585 4.620 4.654 4.688 4.722 4.755 4.787 4.819 4.850 4.881 4.911 4.941 4.971 4.999 5.027 5.055 5.082 5.109 5.135 5.161 5.186 5.210 5.234 5.256 5.279 5.301 5.323 5.345 5.367 5.388 5.408 5.429 5.449 5.469 5.489 5.509 5.529 5.549 5.569 5.590 5.610 5.631 5.652
-99.000 -99.000 -99.000 1.649 1.667 1.755 1.941 2.200 2.494 2.785 3.048 3.269 3.446 3.586 3.698 3.790 3.868 3.937 3.998 4.055 4.109 4.159 4.206 4.252 4.296 4.338 4.379 4.419 4.457 4.495 4.531 4.567 4.601 4.635 4.669 4.703 4.735 4.768 4.800 4.831 4.862 4.893 4.923 4.952 4.981 5.010 5.038 5.066 5.093 5.120 5.146 5.172 5.197 5.222 5.246 5.268 5.291 5.313 5.336 5.357 5.379 5.400 5.421 5.441 5.461 5.481 5.500 5.520 5.539 5.558 5.578 5.597 5.617 5.637 5.657
