version1/TsunamiDB/out54188.asc
ncols          264
nrows          230
xllcorner      497853.4375
yllcorner      4229146.0000
cellsize         5.
NODATA_value   -99
[rows 102 to 135 of 230, columns 0 to 76 of 264]
6.248 6.256 6.263 6.271 6.278 6.285 6.292 6.299 6.305 6.312 6.318 6.323 6.328 6.332 6.336 6.339 6.342 6.345 6.347 6.349 6.351 6.352 6.354 6.355 6.356 6.357 6.358 6.360 6.361 6.363 6.365 6.368 6.371 6.374 6.377 6.380 6.383 6.386 6.389 6.393 6.396 6.399 6.403 6.406 6.409 6.413 6.416 6.419 6.423 6.426 6.430 6.433 6.437 6.441 6.444 6.448 6.453 6.456 6.460 6.463 6.466 6.470 6.473 6.476 6.478 6.481 6.484 6.486 6.489 6.491 6.493 6.495 6.497 6.499 6.501 6.503 6.505
6.253 6.261 6.269 6.276 6.283 6.291 6.298 6.305 6.311 6.318 6.325 6.330 6.335 6.340 6.344 6.348 6.351 6.354 6.357 6.359 6.361 6.363 6.364 6.365 6.366 6.368 6.369 6.370 6.371 6.373 6.375 6.377 6.380 6.383 6.385 6.388 6.391 6.394 6.397 6.400 6.403 6.406 6.409 6.412 6.416 6.419 6.422 6.426 6.429 6.432 6.436 6.439 6.443 6.447 6.450 6.454 6.459 6.462 6.465 6.469 6.472 6.475 6.478 6.481 6.484 6.487 6.490 6.492 6.495 6.497 6.499 6.501 6.503 6.505 6.507 6.509 6.511
6.258 6.266 6.273 6.281 6.289 6.296 6.303 6.310 6.317 6.324 6.331 6.337 6.342 6.347 6.352 6.356 6.360 6.363 6.366 6.369 6.371 6.373 6.374 6.376 6.377 6.378 6.379 6.380 6.381 6.383 6.384 6.386 6.389 6.391 6.393 6.396 6.398 6.401 6.404 6.407 6.410 6.413 6.416 6.419 6.422 6.425 6.429 6.432 6.435 6.439 6.442 6.445 6.449 6.452 6.456 6.460 6.464 6.468 6.471 6.475 6.478 6.481 6.484 6.487 6.490 6.493 6.496 6.498 6.501 6.503 6.506 6.508 6.510 6.512 6.514 6.516 6.518
6.262 6.270 6.278 6.286 6.294 6.301 6.308 6.316 6.323 6.330 6.337 6.343 6.349 6.354 6.359 6.364 6.368 6.372 6.375 6.378 6.381 6.383 6.385 6.386 6.388 6.389 6.390 6.391 6.392 6.393 6.394 6.396 6.398 6.400 6.402 6.404 6.406 6.409 6.411 6.414 6.417 6.420 6.423 6.426 6.429 6.432 6.435 6.438 6.441 6.445 6.448 6.452 6.455 6.459 6.462 6.466 6.470 6.474 6.477 6.481 6.484 6.487 6.490 6.493 6.496 6.499 6.502 6.505 6.507 6.509 6.512 6.514 6.516 6.518 6.520 6.522 6.524
6.267 6.275 6.283 6.291 6.299 6.306 6.314 6.321 6.329 6.336 6.343 6.349 6.355 6.361 6.366 6.371 6.376 6.380 6.384 6.387 6.390 6.392 6.395 6.396 6.398 6.399 6.401 6.402 6.403 6.404 6.405 6.406 6.408 6.410 6.411 6.413 6.415 6.417 6.419 6.422 6.424 6.427 6.430 6.433 6.435 6.438 6.442 6.445 6.448 6.451 6.454 6.458 6.461 6.465 6.468 6.472 6.476 6.480 6.483 6.486 6.490 6.493 6.496 6.499 6.502 6.505 6.508 6.511 6.513 6.516 6.518 6.520 6.523 6.525 6.527 6.529 6.531
6.272 6.280 6.288 6.296 6.303 6.311 6.319 6.326 6.334 6.342 6.349 6.355 6.362 6.368 6.373 6.378 6.383 6.388 6.392 6.395 6.399 6.402 6.404 6.406 6.408 6.410 6.411 6.412 6.413 6.414 6.415 6.416 6.418 6.420 6.421 6.422 6.424 6.426 6.428 6.430 6.432 6.434 6.437 6.440 6.442 6.445 6.448 6.451 6.454 6.458 6.461 6.464 6.467 6.471 6.474 6.478 6.482 6.486 6.489 6.492 6.496 6.499 6.502 6.505 6.508 6.511 6.514 6.517 6.519 6.522 6.524 6.527 6.529 6.531 6.533 6.535 6.537
6.276 6.284 6.292 6.300 6.308 6.316 6.324 6.332 6.339 6.347 6.354 6.361 6.368 6.374 6.380 6.385 6.390 6.395 6.400 6.404 6.407 6.411 6.413 6.416 6.418 6.420 6.422 6.423 6.424 6.425 6.426 6.427 6.428 6.430 6.431 6.432 6.433 6.435 6.436 6.438 6.440 6.442 6.444 6.447 6.450 6.452 6.455 6.458 6.461 6.464 6.467 6.470 6.474 6.477 6.481 6.485 6.488 6.492 6.495 6.498 6.502 6.505 6.508 6.511 6.514 6.517 6.520 6.523 6.526 6.528 6.531 6.533 6.535 6.537 6.540 6.542 6.544
6.281 6.289 6.297 6.305 6.313 6.321 6.329 6.337 6.344 6.352 6.360 6.367 6.373 6.380 6.386 6.392 6.397 6.402 6.407 6.411 6.415 6.419 6.422 6.425 6.428 6.430 6.432 6.433 6.435 6.436 6.437 6.438 6.439 6.440 6.441 6.442 6.443 6.444 6.445 6.447 6.448 6.450 6.452 6.454 6.457 6.459 6.462 6.465 6.468 6.471 6.474 6.477 6.480 6.484 6.487 6.491 6.495 6.498 6.501 6.505 6.508 6.511 6.514 6.517 6.520 6.523 6.526 6.529 6.532 6.534 6.537 6.539 6.542 6.544 6.546 6.548 6.550
6.285 6.294 6.302 6.310 6.318 6.326 6.334 6.342 6.350 6.358 6.365 6.372 6.379 6.386 6.392 6.398 6.404 6.409 6.414 6.419 6.423 6.427 6.431 6.434 6.437 6.440 6.442 6.444 6.445 6.447 6.448 6.449 6.450 6.451 6.452 6.452 6.453 6.454 6.455 6.456 6.457 6.459 6.460 6.462 6.465 6.467 6.469 6.472 6.475 6.478 6.481 6.484 6.487 6.490 6.493 6.497 6.501 6.504 6.507 6.511 6.514 6.517 6.520 6.523 6.526 6.529 6.532 6.535 6.538 6.540 6.543 6.546 6.548 6.550 6.553 6.555 6.557
6.290 6.298 6.306 6.314 6.323 6.331 6.339 6.346 6.355 6.363 6.371 6.378 6.385 6.391 6.398 6.404 6.410 6.416 6.421 6.426 6.431 6.435 6.439 6.443 6.446 6.449 6.452 6.454 6.456 6.457 6.458 6.460 6.461 6.462 6.463 6.463 6.463 6.464 6.465 6.465 6.466 6.468 6.469 6.471 6.473 6.475 6.477 6.479 6.482 6.485 6.488 6.490 6.494 6.497 6.500 6.504 6.507 6.511 6.514 6.517 6.520 6.523 6.527 6.530 6.533 6.536 6.538 6.541 6.544 6.547 6.549 6.552 6.554 6.557 6.559 6.561 6.564
6.294 6.303 6.311 6.319 6.327 6.335 6.343 6.351 6.359 6.368 6.376 6.383 6.390 6.397 6.403 6.410 6.416 6.422 6.428 6.433 6.438 6.443 6.447 6.451 6.455 6.458 6.461 6.464 6.466 6.468 6.469 6.471 6.472 6.473 6.474 6.474 6.474 6.475 6.475 6.475 6.476 6.477 6.478 6.479 6.481 6.483 6.485 6.487 6.489 6.492 6.495 6.497 6.500 6.504 6.507 6.510 6.514 6.517 6.520 6.523 6.527 6.530 6.533 6.536 6.539 6.542 6.545 6.548 6.550 6.553 6.556 6.558 6.561 6.563 6.566 6.568 6.570
6.299 6.307 6.315 6.323 6.332 6.340 6.348 6.356 6.364 6.373 6.381 6.388 6.395 6.402 6.409 6.416 6.422 6.428 6.434 6.439 6.445 6.450 6.455 6.459 6.463 6.467 6.470 6.473 6.475 6.478 6.480 6.481 6.483 6.484 6.485 6.485 6.485 6.485 6.486 6.486 6.486 6.487 6.488 6.489 6.490 6.491 6.493 6.495 6.497 6.499 6.502 6.505 6.508 6.511 6.514 6.517 6.521 6.524 6.527 6.530 6.533 6.536 6.539 6.542 6.545 6.548 6.551 6.554 6.557 6.559 6.562 6.565 6.567 6.570 6.572 6.574 6.577
6.303 6.311 6.319 6.328 6.336 6.344 6.352 6.361 6.369 6.378 6.386 6.393 6.400 6.407 6.414 6.421 6.427 6.434 6.440 6.446 6.451 6.457 6.462 6.466 6.471 6.475 6.479 6.482 6.485 6.487 6.490 6.492 6.494 6.495 6.496 6.496 6.497 6.497 6.497 6.497 6.497 6.497 6.497 6.498 6.499 6.500 6.502 6.503 6.505 6.507 6.510 6.512 6.515 6.518 6.521 6.524 6.528 6.531 6.534 6.537 6.540 6.543 6.546 6.549 6.552 6.555 6.558 6.560 6.563 6.566 6.569 6.571 6.574 6.576 6.579 6.581 6.583
6.307 6.315 6.324 6.332 6.340 6.348 6.357 6.365 6.374 6.382 6.390 6.398 6.405 6.412 6.419 6.426 6.433 6.439 6.446 6.452 6.458 6.463 6.468 6.473 6.478 6.483 6.487 6.490 6.494 6.497 6.499 6.502 6.504 6.506 6.507 6.507 6.508 6.508 6.508 6.508 6.508 6.508 6.508 6.508 6.509 6.510 6.511 6.512 6.514 6.515 6.518 6.520 6.522 6.525 6.528 6.531 6.535 6.538 6.541 6.544 6.547 6.550 6.553 6.556 6.558 6.561 6.564 6.567 6.570 6.572 6.575 6.578 6.580 6.583 6.585 6.588 6.590
6.311 6.319 6.328 6.336 6.344 6.353 6.361 6.369 6.378 6.387 6.395 6.402 6.410 6.417 6.424 6.431 6.438 6.445 6.451 6.457 6.463 6.469 6.475 6.480 6.485 6.490 6.494 6.499 6.502 6.506 6.509 6.512 6.515 6.516 6.518 6.518 6.519 6.519 6.519 6.519 6.519 6.519 6.519 6.519 6.519 6.519 6.520 6.521 6.522 6.524 6.526 6.528 6.530 6.533 6.536 6.539 6.542 6.545 6.548 6.551 6.554 6.556 6.559 6.562 6.565 6.568 6.571 6.574 6.576 6.579 6.582 6.584 6.587 6.589 6.592 6.594 6.597
6.314 6.323 6.331 6.340 6.348 6.357 6.365 6.373 6.382 6.391 6.399 6.406 6.414 6.421 6.429 6.436 6.443 6.450 6.456 6.463 6.469 6.475 6.481 6.486 6.492 6.497 6.502 6.506 6.510 6.514 6.518 6.521 6.524 6.526 6.528 6.529 6.530 6.530 6.530 6.530 6.530 6.530 6.529 6.529 6.529 6.529 6.530 6.531 6.532 6.533 6.534 6.536 6.538 6.541 6.543 6.547 6.550 6.552 6.555 6.558 6.561 6.564 6.566 6.569 6.572 6.575 6.578 6.580 6.583 6.586 6.588 6.591 6.594 6.596 6.599 6.601 6.604
6.318 6.326 6.335 6.343 6.352 6.360 6.369 6.377 6.386 6.395 6.403 6.410 6.418 6.426 6.433 6.440 6.447 6.454 6.461 6.468 6.474 6.480 6.486 6.492 6.498 6.503 6.508 6.513 6.518 6.522 6.526 6.530 6.533 6.536 6.538 6.539 6.540 6.541 6.542 6.542 6.541 6.541 6.541 6.540 6.540 6.540 6.540 6.540 6.541 6.542 6.543 6.545 6.547 6.549 6.551 6.554 6.557 6.560 6.562 6.565 6.568 6.571 6.573 6.576 6.579 6.582 6.585 6.587 6.590 6.593 6.595 6.598 6.601 6.603 6.606 6.608 6.611
6.321 6.330 6.338 6.347 6.355 6.364 6.372 6.381 6.390 6.398 6.406 6.414 6.422 6.430 6.437 6.444 6.452 6.459 6.466 6.472 6.479 6.485 6.492 6.498 6.504 6.509 6.515 6.520 6.525 6.529 6.534 6.538 6.542 6.545 6.547 6.549 6.551 6.552 6.552 6.553 6.553 6.552 6.552 6.551 6.551 6.551 6.550 6.551 6.551 6.552 6.552 6.554 6.555 6.557 6.560 6.563 6.565 6.567 6.570 6.572 6.575 6.578 6.581 6.583 6.586 6.589 6.592 6.594 6.597 6.600 6.602 6.605 6.607 6.610 6.613 6.615 6.618
6.324 6.333 6.341 6.350 6.359 6.367 6.376 6.384 6.393 6.402 6.410 6.418 6.426 6.433 6.441 6.448 6.456 6.463 6.470 6.477 6.483 6.490 6.496 6.503 6.509 6.515 6.520 6.526 6.531 6.536 6.541 6.546 6.550 6.553 6.556 6.558 6.560 6.562 6.563 6.563 6.563 6.563 6.563 6.563 6.562 6.562 6.561 6.561 6.561 6.561 6.562 6.563 6.564 6.566 6.568 6.571 6.573 6.575 6.577 6.580 6.583 6.585 6.588 6.591 6.593 6.596 6.599 6.601 6.604 6.607 6.609 6.612 6.614 6.617 6.620 6.622 6.625
6.327 6.336 6.344 6.353 6.362 6.370 6.379 6.387 6.396 6.405 6.413 6.421 6.429 6.437 6.444 6.452 6.459 6.466 6.474 6.481 6.487 6.494 6.501 6.507 6.514 6.520 6.526 6.531 6.537 6.542 6.547 6.553 6.557 6.561 6.564 6.567 6.569 6.571 6.573 6.574 6.574 6.574 6.574 6.574 6.573 6.573 6.572 6.572 6.571 6.571 6.572 6.572 6.573 6.575 6.577 6.579 6.581 6.583 6.585 6.588 6.590 6.593 6.595 6.598 6.601 6.603 6.606 6.608 6.611 6.614 6.616 6.619 6.621 6.624 6.627 6.629 6.632
6.330 6.338 6.347 6.356 6.364 6.373 6.381 6.390 6.399 6.408 6.416 6.424 6.432 6.440 6.447 6.455 6.462 6.470 6.477 6.484 6.491 6.498 6.505 6.511 6.518 6.524 6.531 6.536 6.542 6.548 6.553 6.559 6.564 6.568 6.572 6.575 6.578 6.580 6.582 6.583 6.584 6.584 6.585 6.584 6.584 6.583 6.583 6.582 6.582 6.582 6.582 6.582 6.583 6.584 6.586 6.587 6.589 6.591 6.593 6.595 6.598 6.600 6.603 6.605 6.608 6.610 6.613 6.616 6.618 6.621 6.623 6.626 6.628 6.631 6.634 6.636 6.639
6.332 6.341 6.349 6.358 6.367 6.375 6.384 6.393 6.402 6.411 6.419 6.427 6.435 6.443 6.450 6.458 6.465 6.473 6.480 6.487 6.495 6.502 6.508 6.515 6.522 6.528 6.535 6.541 6.547 6.553 6.559 6.564 6.570 6.574 6.578 6.582 6.585 6.588 6.590 6.592 6.593 6.594 6.595 6.595 6.594 6.594 6.593 6.593 6.592 6.592 6.592 6.592 6.592 6.593 6.595 6.596 6.598 6.599 6.601 6.603 6.605 6.608 6.610 6.612 6.615 6.618 6.620 6.623 6.625 6.628 6.630 6.633 6.635 6.638 6.641 6.643 6.646
6.334 6.343 6.352 6.360 6.369 6.378 6.386 6.395 6.404 6.413 6.421 6.429 6.437 6.445 6.453 6.461 6.468 6.476 6.483 6.490 6.498 6.505 6.512 6.519 6.525 6.532 6.539 6.545 6.551 6.557 6.563 6.570 6.575 6.580 6.585 6.589 6.592 6.596 6.598 6.601 6.602 6.603 6.604 6.605 6.605 6.604 6.604 6.603 6.603 6.602 6.602 6.602 6.602 6.602 6.604 6.605 6.606 6.607 6.609 6.611 6.613 6.615 6.617 6.620 6.622 6.625 6.627 6.630 6.632 6.635 6.637 6.640 6.642 6.645 6.648 6.650 6.653
6.336 6.345 6.354 6.362 6.371 6.380 6.388 6.397 6.406 6.415 6.423 6.431 6.439 6.447 6.455 6.463 6.471 6.478 6.486 6.493 6.500 6.507 6.515 6.522 6.529 6.535 6.542 6.549 6.555 6.561 6.568 6.574 6.580 6.585 6.590 6.595 6.599 6.602 6.605 6.608 6.610 6.612 6.613 6.614 6.614 6.614 6.614 6.614 6.613 6.612 6.612 6.612 6.612 6.612 6.613 6.614 6.615 6.616 6.617 6.619 6.621 6.623 6.625 6.627 6.629 6.632 6.634 6.637 6.639 6.642 6.644 6.647 6.649 6.652 6.654 6.657 6.660
6.338 6.347 6.355 6.364 6.373 6.382 6.390 6.399 6.408 6.417 6.425 6.433 6.442 6.449 6.457 6.465 6.473 6.480 6.488 6.495 6.503 6.510 6.517 6.524 6.531 6.538 6.545 6.552 6.558 6.565 6.571 6.578 6.584 6.590 6.595 6.600 6.604 6.608 6.612 6.615 6.618 6.620 6.621 6.622 6.623 6.624 6.624 6.623 6.623 6.622 6.622 6.621 6.621 6.621 6.622 6.623 6.623 6.624 6.625 6.627 6.628 6.630 6.632 6.634 6.636 6.639 6.641 6.643 6.646 6.648 6.651 6.653 6.656 6.658 6.661 6.664 6.667
6.339 6.348 6.357 6.366 6.374 6.383 6.392 6.401 6.410 6.419 6.427 6.435 6.443 6.451 6.459 6.467 6.475 6.482 6.490 6.497 6.505 6.512 6.519 6.527 6.534 6.541 6.548 6.555 6.561 6.568 6.575 6.581 6.588 6.594 6.599 6.604 6.609 6.613 6.617 6.621 6.624 6.627 6.629 6.630 6.631 6.632 6.633 6.633 6.632 6.632 6.631 6.631 6.631 6.631 6.631 6.631 6.632 6.632 6.633 6.634 6.636 6.637 6.639 6.641 6.643 6.645 6.648 6.650 6.652 6.655 6.657 6.660 6.662 6.665 6.668 6.670 6.673
6.341 6.350 6.358 6.367 6.376 6.385 6.394 6.402 6.412 6.420 6.429 6.437 6.445 6.453 6.461 6.469 6.476 6.484 6.492 6.499 6.507 6.514 6.521 6.529 6.536 6.543 6.550 6.557 6.564 6.571 6.578 6.585 6.591 6.597 6.603 6.608 6.613 6.618 6.622 6.626 6.630 6.633 6.635 6.637 6.639 6.640 6.641 6.641 6.641 6.641 6.641 6.640 6.640 6.640 6.640 6.640 6.640 6.641 6.641 6.642 6.643 6.645 6.646 6.648 6.650 6.652 6.654 6.657 6.659 6.661 6.664 6.666 6.669 6.671 6.674 6.677 6.679
6.342 6.351 6.360 6.369 6.377 6.386 6.395 6.404 6.413 6.422 6.430 6.438 6.446 6.454 6.462 6.470 6.478 6.486 6.493 6.501 6.508 6.516 6.523 6.531 6.538 6.545 6.552 6.559 6.566 6.573 6.580 6.587 6.594 6.600 6.606 6.612 6.617 6.622 6.627 6.631 6.635 6.638 6.641 6.644 6.646 6.648 6.649 6.649 6.650 6.650 6.650 6.649 6.649 6.649 6.649 6.649 6.649 6.649 6.649 6.650 6.651 6.652 6.653 6.655 6.657 6.659 6.661 6.663 6.665 6.667 6.670 6.672 6.675 6.677 6.680 6.683 6.685
6.343 6.352 6.361 6.370 6.378 6.387 6.396 6.405 6.414 6.423 6.431 6.440 6.448 6.456 6.464 6.472 6.479 6.487 6.495 6.502 6.510 6.517 6.525 6.532 6.540 6.547 6.554 6.561 6.568 6.575 6.582 6.590 6.596 6.603 6.609 6.615 6.620 6.626 6.631 6.635 6.640 6.643 6.647 6.650 6.652 6.654 6.656 6.657 6.657 6.658 6.658 6.658 6.658 6.657 6.657 6.658 6.657 6.657 6.657 6.658 6.658 6.659 6.660 6.662 6.663 6.665 6.667 6.669 6.671 6.673 6.676 6.678 6.681 6.683 6.686 6.688 6.691
6.344 6.353 6.362 6.371 6.380 6.388 6.397 6.406 6.416 6.424 6.433 6.441 6.449 6.457 6.465 6.473 6.481 6.488 6.496 6.504 6.511 6.519 6.526 6.534 6.541 6.548 6.556 6.563 6.570 6.577 6.584 6.592 6.599 6.605 6.611 6.618 6.623 6.629 6.634 6.639 6.644 6.648 6.652 6.655 6.658 6.660 6.662 6.664 6.665 6.665 6.666 6.666 6.666 6.666 6.666 6.666 6.666 6.665 6.665 6.666 6.666 6.667 6.667 6.669 6.670 6.671 6.673 6.675 6.677 6.679 6.682 6.684 6.686 6.689 6.691 6.694 6.697
6.345 6.354 6.363 6.372 6.381 6.389 6.398 6.408 6.417 6.426 6.434 6.442 6.450 6.458 6.466 6.474 6.482 6.490 6.497 6.505 6.513 6.520 6.528 6.535 6.543 6.550 6.557 6.564 6.572 6.579 6.586 6.594 6.601 6.607 6.614 6.620 6.626 6.632 6.637 6.642 6.647 6.652 6.656 6.659 6.663 6.665 6.668 6.670 6.671 6.672 6.673 6.673 6.674 6.674 6.674 6.674 6.674 6.673 6.673 6.673 6.673 6.674 6.674 6.675 6.676 6.678 6.679 6.681 6.683 6.685 6.687 6.689 6.692 6.694 6.697 6.699 6.702
6.346 6.355 6.364 6.373 6.382 6.390 6.399 6.409 6.418 6.427 6.435 6.443 6.451 6.459 6.467 6.475 6.483 6.491 6.499 6.506 6.514 6.521 6.529 6.536 6.544 6.551 6.559 6.566 6.573 6.580 6.588 6.595 6.603 6.609 6.616 6.622 6.628 6.634 6.640 6.645 6.650 6.655 6.659 6.663 6.667 6.670 6.673 6.675 6.677 6.679 6.680 6.680 6.681 6.681 6.682 6.682 6.681 6.681 6.681 6.681 6.681 6.681 6.681 6.682 6.683 6.684 6.685 6.687 6.689 6.691 6.693 6.695 6.697 6.699 6.702 6.705 6.707
6.347 6.356 6.365 6.374 6.382 6.391 6.400 6.410 6.419 6.427 6.436 6.444 6.452 6.460 6.468 6.476 6.484 6.492 6.500 6.507 6.515 6.523 6.530 6.538 6.545 6.552 6.560 6.567 6.574 6.582 6.589 6.597 6.604 6.611 6.618 6.624 6.630 6.636 6.642 6.648 6.653 6.658 6.663 6.667 6.671 6.675 6.678 6.680 6.683 6.684 6.686 6.687 6.688 6.688 6.689 6.689 6.689 6.689 6.688 6.688 6.688 6.688 6.688 6.689 6.689 6.690 6.691 6.693 6.694 6.696 6.698 6.700 6.702 6.705 6.707 6.710 6.712
6.348 6.357 6.366 6.374 6.383 6.392 6.401 6.411 6.420 6.428 6.437 6.445 6.453 6.461 6.469 6.477 6.485 6.493 6.501 6.508 6.516 6.524 6.531 6.539 6.546 6.554 6.561 6.568 6.576 6.583 6.591 6.599 6.606 6.613 6.619 6.626 6.632 6.638 6.644 6.650 6.656 6.661 6.666 6.670 6.675 6.678 6.682 6.685 6.688 6.690 6.692 6.693 6.694 6.695 6.696 6.696 6.696 6.696 6.696 6.695 6.695 6.695 6.695 6.695 6.696 6.696 6.697 6.698 6.700 6.701 6.703 6.705 6.707 6.709 6.712 6.714 6.717
