version1/TsunamiDB/out54053.asc
ncols          264
nrows          230
xllcorner      497853.4375
yllcorner      4229146.0000
cellsize         5.
NODATA_value   -99
[rows 66 to 98 of 230, columns 148 to 221 of 264]
5.637 5.671 5.703 5.733 5.763 5.792 5.820 5.847 5.873 5.898 5.922 5.945 5.966 5.986 6.006 6.024 6.041 6.057 6.073 6.088 6.102 6.117 6.131 6.146 6.162 6.176 6.192 6.208 6.225 6.243 6.261 6.280 6.298 6.316 6.334 6.351 6.368 6.384 6.400 6.415 6.429 6.443 6.457 6.471 6.485 6.500 6.515 6.531 6.547 6.564 6.582 6.601 6.621 6.641 6.662 6.684 6.706 6.729 6.752 6.776 6.802 6.828 6.856 6.885 6.916 6.949 6.983 7.018 7.055 7.092 7.129 7.166 7.201 7.235
5.632 5.667 5.701 5.732 5.764 5.795 5.825 5.853 5.881 5.907 5.933 5.957 5.980 6.002 6.023 6.042 6.060 6.078 6.094 6.110 6.125 6.139 6.154 6.168 6.183 6.197 6.212 6.228 6.244 6.262 6.280 6.298 6.316 6.334 6.352 6.370 6.387 6.404 6.420 6.436 6.451 6.466 6.480 6.494 6.509 6.523 6.539 6.555 6.571 6.587 6.605 6.624 6.643 6.664 6.684 6.706 6.727 6.750 6.773 6.796 6.821 6.847 6.874 6.903 6.934 6.966 7.000 7.035 7.072 7.109 7.147 7.184 7.220 7.255
5.623 5.660 5.694 5.728 5.761 5.794 5.825 5.856 5.885 5.913 5.940 5.966 5.991 6.014 6.037 6.058 6.077 6.096 6.114 6.130 6.146 6.161 6.176 6.190 6.205 6.219 6.233 6.248 6.264 6.281 6.298 6.316 6.334 6.352 6.370 6.388 6.406 6.423 6.440 6.456 6.472 6.487 6.502 6.517 6.531 6.546 6.562 6.578 6.594 6.610 6.628 6.647 6.666 6.686 6.707 6.728 6.749 6.771 6.794 6.817 6.841 6.866 6.892 6.921 6.950 6.982 7.016 7.051 7.088 7.125 7.164 7.202 7.238 7.274
5.610 5.648 5.684 5.719 5.754 5.789 5.822 5.854 5.885 5.915 5.944 5.972 5.998 6.023 6.047 6.070 6.092 6.112 6.131 6.148 6.165 6.181 6.196 6.211 6.226 6.240 6.253 6.268 6.284 6.300 6.317 6.334 6.352 6.370 6.388 6.406 6.424 6.441 6.458 6.475 6.491 6.507 6.522 6.538 6.553 6.568 6.584 6.601 6.617 6.633 6.651 6.669 6.689 6.709 6.729 6.750 6.771 6.793 6.815 6.837 6.860 6.885 6.911 6.938 6.967 6.998 7.031 7.066 7.103 7.141 7.180 7.218 7.255 7.291
5.595 5.634 5.671 5.707 5.744 5.779 5.814 5.848 5.881 5.913 5.943 5.973 6.001 6.028 6.054 6.079 6.102 6.124 6.145 6.164 6.182 6.199 6.215 6.231 6.246 6.260 6.274 6.288 6.303 6.319 6.335 6.352 6.369 6.387 6.405 6.423 6.441 6.459 6.476 6.493 6.510 6.526 6.542 6.558 6.573 6.589 6.605 6.622 6.638 6.655 6.673 6.691 6.711 6.731 6.751 6.772 6.793 6.814 6.836 6.858 6.880 6.904 6.929 6.955 6.984 7.014 7.046 7.081 7.117 7.155 7.194 7.233 7.270 7.307
5.579 5.617 5.655 5.692 5.729 5.766 5.802 5.838 5.873 5.906 5.939 5.970 6.000 6.030 6.057 6.084 6.109 6.133 6.155 6.176 6.196 6.215 6.232 6.249 6.265 6.279 6.293 6.308 6.323 6.338 6.354 6.370 6.387 6.404 6.422 6.440 6.457 6.475 6.493 6.510 6.527 6.544 6.560 6.576 6.593 6.609 6.625 6.642 6.659 6.676 6.694 6.713 6.732 6.752 6.773 6.794 6.814 6.835 6.857 6.878 6.900 6.923 6.947 6.973 7.000 7.029 7.061 7.095 7.131 7.169 7.208 7.247 7.285 7.322
5.561 5.599 5.636 5.673 5.711 5.749 5.787 5.823 5.860 5.895 5.929 5.963 5.995 6.026 6.056 6.085 6.112 6.138 6.162 6.185 6.207 6.227 6.246 6.264 6.281 6.296 6.311 6.326 6.341 6.356 6.372 6.388 6.404 6.421 6.438 6.456 6.473 6.491 6.509 6.526 6.543 6.560 6.577 6.594 6.611 6.627 6.644 6.662 6.679 6.696 6.714 6.733 6.753 6.773 6.794 6.815 6.836 6.857 6.878 6.899 6.920 6.942 6.966 6.990 7.016 7.045 7.076 7.109 7.145 7.182 7.221 7.260 7.298 7.336
5.543 5.580 5.617 5.653 5.691 5.729 5.767 5.805 5.843 5.879 5.915 5.951 5.985 6.018 6.050 6.081 6.110 6.138 6.164 6.190 6.213 6.235 6.256 6.276 6.295 6.311 6.327 6.342 6.358 6.373 6.389 6.405 6.421 6.437 6.454 6.471 6.489 6.506 6.524 6.541 6.559 6.576 6.593 6.610 6.627 6.644 6.662 6.679 6.697 6.714 6.733 6.753 6.773 6.793 6.814 6.835 6.857 6.878 6.899 6.919 6.940 6.962 6.984 7.008 7.033 7.060 7.090 7.122 7.157 7.195 7.233 7.272 7.311 7.350
5.527 5.562 5.597 5.633 5.670 5.707 5.745 5.784 5.822 5.859 5.897 5.934 5.970 6.005 6.039 6.071 6.103 6.133 6.162 6.189 6.215 6.240 6.263 6.284 6.304 6.323 6.339 6.356 6.372 6.389 6.404 6.420 6.436 6.453 6.469 6.486 6.503 6.521 6.538 6.556 6.573 6.591 6.608 6.625 6.643 6.660 6.678 6.696 6.714 6.732 6.751 6.771 6.791 6.812 6.834 6.855 6.877 6.898 6.919 6.940 6.961 6.981 7.003 7.025 7.049 7.075 7.104 7.135 7.169 7.206 7.244 7.283 7.323 7.362
5.512 5.545 5.578 5.612 5.648 5.684 5.722 5.760 5.798 5.836 5.874 5.912 5.949 5.986 6.022 6.057 6.091 6.123 6.154 6.184 6.212 6.239 6.264 6.288 6.310 6.330 6.349 6.367 6.384 6.401 6.418 6.434 6.450 6.467 6.483 6.500 6.517 6.534 6.552 6.569 6.587 6.604 6.622 6.639 6.657 6.675 6.693 6.712 6.730 6.748 6.767 6.788 6.809 6.830 6.852 6.874 6.896 6.917 6.939 6.960 6.980 7.001 7.022 7.043 7.066 7.091 7.118 7.148 7.181 7.217 7.255 7.294 7.334 7.374
5.501 5.531 5.562 5.594 5.627 5.662 5.698 5.734 5.772 5.810 5.848 5.887 5.925 5.963 6.000 6.037 6.073 6.107 6.141 6.173 6.204 6.233 6.261 6.287 6.311 6.333 6.354 6.374 6.393 6.411 6.428 6.445 6.462 6.479 6.495 6.512 6.529 6.546 6.564 6.581 6.599 6.617 6.634 6.652 6.670 6.689 6.707 6.726 6.744 6.763 6.783 6.804 6.825 6.847 6.869 6.892 6.914 6.936 6.958 6.979 7.000 7.020 7.040 7.061 7.082 7.106 7.132 7.160 7.192 7.227 7.265 7.303 7.344 7.384
5.492 5.520 5.549 5.578 5.609 5.641 5.675 5.710 5.746 5.782 5.820 5.858 5.897 5.935 5.974 6.012 6.049 6.086 6.121 6.156 6.189 6.221 6.251 6.279 6.306 6.331 6.354 6.376 6.397 6.416 6.435 6.453 6.471 6.488 6.505 6.522 6.540 6.557 6.574 6.592 6.610 6.628 6.646 6.664 6.682 6.701 6.720 6.739 6.757 6.776 6.797 6.818 6.840 6.862 6.885 6.908 6.931 6.953 6.976 6.997 7.018 7.038 7.058 7.078 7.099 7.121 7.145 7.172 7.203 7.237 7.274 7.312 7.353 7.393
5.488 5.513 5.539 5.565 5.593 5.623 5.654 5.687 5.720 5.755 5.791 5.828 5.866 5.904 5.943 5.982 6.020 6.058 6.095 6.132 6.167 6.202 6.234 6.265 6.295 6.322 6.347 6.372 6.395 6.417 6.438 6.457 6.476 6.494 6.512 6.530 6.548 6.565 6.583 6.601 6.619 6.637 6.656 6.674 6.693 6.712 6.732 6.750 6.769 6.789 6.809 6.831 6.853 6.876 6.899 6.923 6.946 6.969 6.992 7.014 7.035 7.056 7.076 7.095 7.115 7.136 7.158 7.184 7.213 7.246 7.282 7.320 7.360 7.401
5.487 5.510 5.533 5.557 5.582 5.609 5.637 5.667 5.698 5.730 5.764 5.799 5.835 5.872 5.910 5.948 5.987 6.025 6.064 6.102 6.139 6.175 6.210 6.244 6.276 6.306 6.334 6.361 6.387 6.411 6.434 6.456 6.476 6.496 6.515 6.534 6.552 6.570 6.589 6.607 6.626 6.645 6.663 6.683 6.702 6.721 6.741 6.760 6.779 6.799 6.820 6.842 6.865 6.888 6.912 6.936 6.960 6.984 7.007 7.030 7.051 7.072 7.092 7.111 7.130 7.150 7.171 7.195 7.223 7.254 7.289 7.327 7.367 7.407
5.490 5.511 5.531 5.552 5.575 5.599 5.624 5.651 5.679 5.708 5.739 5.771 5.805 5.840 5.876 5.913 5.951 5.989 6.028 6.067 6.105 6.143 6.180 6.215 6.250 6.282 6.313 6.342 6.371 6.398 6.423 6.447 6.470 6.491 6.512 6.532 6.552 6.572 6.591 6.610 6.630 6.649 6.669 6.688 6.708 6.728 6.749 6.769 6.788 6.808 6.830 6.852 6.875 6.898 6.922 6.947 6.971 6.996 7.020 7.043 7.066 7.087 7.107 7.126 7.145 7.163 7.183 7.206 7.231 7.261 7.295 7.332 7.371 7.411
5.497 5.515 5.534 5.553 5.573 5.594 5.616 5.640 5.665 5.691 5.718 5.748 5.778 5.811 5.844 5.879 5.916 5.953 5.990 6.028 6.066 6.105 6.143 6.180 6.216 6.249 6.283 6.315 6.346 6.376 6.404 6.430 6.455 6.479 6.502 6.524 6.546 6.567 6.588 6.608 6.629 6.650 6.670 6.691 6.712 6.733 6.754 6.774 6.794 6.815 6.837 6.859 6.882 6.906 6.931 6.956 6.981 7.006 7.031 7.055 7.078 7.100 7.120 7.140 7.158 7.176 7.195 7.215 7.239 7.267 7.299 7.335 7.373 7.413
5.506 5.523 5.540 5.557 5.575 5.594 5.614 5.634 5.656 5.679 5.703 5.729 5.757 5.786 5.817 5.849 5.883 5.917 5.953 5.990 6.027 6.064 6.102 6.139 6.176 6.210 6.245 6.280 6.313 6.345 6.375 6.404 6.432 6.458 6.484 6.508 6.532 6.555 6.578 6.600 6.622 6.645 6.667 6.689 6.711 6.733 6.755 6.776 6.797 6.819 6.841 6.864 6.887 6.911 6.936 6.962 6.987 7.013 7.039 7.063 7.087 7.110 7.131 7.151 7.169 7.187 7.204 7.223 7.245 7.271 7.302 7.335 7.373 7.415
5.519 5.535 5.549 5.565 5.581 5.598 5.615 5.634 5.653 5.673 5.694 5.717 5.741 5.767 5.795 5.824 5.854 5.886 5.919 5.954 5.989 6.025 6.061 6.097 6.133 6.168 6.203 6.238 6.272 6.305 6.338 6.369 6.399 6.427 6.455 6.482 6.508 6.534 6.559 6.583 6.608 6.632 6.656 6.680 6.704 6.727 6.751 6.773 6.795 6.818 6.841 6.864 6.888 6.913 6.938 6.964 6.990 7.017 7.043 7.069 7.094 7.118 7.139 7.160 7.178 7.195 7.212 7.228 7.248 7.273 7.302 7.335 7.373 7.415
5.535 5.549 5.562 5.576 5.591 5.606 5.622 5.638 5.654 5.672 5.691 5.711 5.732 5.755 5.779 5.805 5.832 5.861 5.891 5.923 5.955 5.989 6.023 6.058 6.091 6.125 6.160 6.194 6.228 6.261 6.294 6.326 6.357 6.388 6.417 6.446 6.475 6.502 6.530 6.557 6.584 6.610 6.637 6.663 6.689 6.714 6.740 6.764 6.787 6.811 6.835 6.860 6.885 6.910 6.936 6.962 6.989 7.017 7.044 7.071 7.097 7.121 7.144 7.165 7.184 7.201 7.216 7.232 7.250 7.273 7.301 7.333 7.371 7.414
5.554 5.566 5.577 5.590 5.604 5.618 5.632 5.646 5.661 5.676 5.693 5.710 5.729 5.748 5.770 5.793 5.817 5.843 5.870 5.899 5.928 5.959 5.991 6.023 6.055 6.086 6.119 6.152 6.184 6.217 6.249 6.281 6.312 6.343 6.373 6.403 6.433 6.462 6.491 6.520 6.549 6.578 6.607 6.636 6.664 6.692 6.720 6.746 6.772 6.797 6.823 6.848 6.874 6.901 6.928 6.955 6.983 7.011 7.040 7.068 7.095 7.120 7.144 7.166 7.186 7.203 7.217 7.231 7.248 7.270 7.297 7.329 7.368 7.413
5.574 5.585 5.596 5.608 5.620 5.632 5.645 5.658 5.671 5.685 5.700 5.715 5.731 5.748 5.767 5.787 5.809 5.832 5.856 5.882 5.909 5.937 5.966 5.996 6.025 6.054 6.084 6.115 6.146 6.176 6.207 6.237 6.267 6.297 6.327 6.356 6.386 6.416 6.446 6.476 6.507 6.537 6.568 6.599 6.629 6.660 6.690 6.718 6.746 6.774 6.801 6.829 6.856 6.884 6.912 6.941 6.970 6.999 7.029 7.058 7.087 7.114 7.139 7.162 7.182 7.200 7.214 7.227 7.242 7.265 7.292 7.324 7.365 7.412
5.597 5.607 5.616 5.627 5.638 5.650 5.661 5.673 5.685 5.698 5.710 5.724 5.738 5.753 5.770 5.787 5.806 5.827 5.849 5.872 5.896 5.922 5.948 5.976 6.003 6.029 6.057 6.086 6.114 6.143 6.171 6.199 6.227 6.255 6.284 6.312 6.341 6.370 6.399 6.430 6.460 6.491 6.523 6.555 6.587 6.619 6.651 6.681 6.711 6.741 6.770 6.799 6.829 6.858 6.888 6.918 6.948 6.979 7.010 7.041 7.071 7.100 7.127 7.151 7.173 7.191 7.205 7.218 7.234 7.258 7.286 7.319 7.361 7.411
5.623 5.631 5.639 5.649 5.659 5.669 5.680 5.691 5.702 5.713 5.725 5.737 5.749 5.763 5.777 5.793 5.810 5.828 5.847 5.868 5.890 5.914 5.938 5.963 5.988 6.013 6.038 6.065 6.091 6.117 6.143 6.169 6.196 6.222 6.248 6.274 6.301 6.329 6.357 6.386 6.415 6.446 6.477 6.509 6.541 6.573 6.606 6.638 6.669 6.700 6.731 6.762 6.792 6.823 6.854 6.886 6.918 6.950 6.983 7.015 7.047 7.078 7.107 7.133 7.156 7.175 7.191 7.205 7.223 7.248 7.278 7.313 7.357 7.409
5.651 5.658 5.665 5.673 5.682 5.691 5.701 5.711 5.721 5.731 5.742 5.752 5.764 5.776 5.789 5.803 5.817 5.834 5.851 5.870 5.890 5.911 5.934 5.957 5.980 6.003 6.027 6.051 6.075 6.100 6.124 6.148 6.173 6.197 6.221 6.246 6.270 6.296 6.322 6.349 6.377 6.406 6.435 6.466 6.497 6.529 6.561 6.593 6.624 6.655 6.687 6.718 6.750 6.781 6.813 6.846 6.879 6.913 6.947 6.981 7.015 7.048 7.079 7.107 7.133 7.154 7.172 7.189 7.209 7.236 7.268 7.305 7.351 7.404
5.680 5.687 5.693 5.700 5.707 5.715 5.724 5.733 5.742 5.751 5.761 5.771 5.781 5.792 5.804 5.816 5.829 5.844 5.859 5.876 5.894 5.914 5.934 5.956 5.977 5.998 6.021 6.044 6.067 6.090 6.112 6.135 6.158 6.180 6.203 6.226 6.249 6.272 6.297 6.322 6.347 6.374 6.402 6.431 6.460 6.491 6.522 6.552 6.582 6.613 6.644 6.675 6.706 6.738 6.769 6.802 6.835 6.870 6.905 6.940 6.976 7.011 7.044 7.075 7.103 7.128 7.149 7.169 7.191 7.221 7.255 7.294 7.341 7.396
5.712 5.717 5.723 5.729 5.735 5.742 5.749 5.757 5.765 5.773 5.782 5.791 5.801 5.811 5.821 5.832 5.844 5.857 5.871 5.886 5.903 5.920 5.939 5.959 5.979 5.999 6.020 6.041 6.063 6.085 6.107 6.128 6.150 6.171 6.193 6.214 6.236 6.258 6.280 6.304 6.328 6.353 6.379 6.405 6.433 6.462 6.491 6.519 6.548 6.577 6.607 6.637 6.667 6.697 6.728 6.759 6.792 6.826 6.861 6.898 6.934 6.970 7.006 7.040 7.071 7.099 7.123 7.146 7.171 7.203 7.239 7.279 7.328 7.385
5.744 5.749 5.754 5.760 5.765 5.771 5.776 5.783 5.790 5.797 5.805 5.813 5.822 5.831 5.841 5.851 5.861 5.873 5.886 5.899 5.914 5.930 5.947 5.966 5.984 6.003 6.023 6.043 6.064 6.085 6.106 6.127 6.147 6.168 6.188 6.209 6.229 6.250 6.272 6.294 6.316 6.340 6.364 6.389 6.415 6.442 6.469 6.496 6.523 6.551 6.579 6.607 6.635 6.664 6.693 6.723 6.754 6.787 6.822 6.858 6.895 6.932 6.969 7.005 7.039 7.070 7.097 7.121 7.148 7.182 7.220 7.261 7.312 7.371
5.776 5.782 5.787 5.792 5.797 5.801 5.806 5.811 5.817 5.823 5.830 5.837 5.845 5.853 5.862 5.871 5.881 5.891 5.903 5.915 5.928 5.943 5.958 5.975 5.992 6.010 6.028 6.048 6.068 6.088 6.108 6.128 6.149 6.169 6.189 6.209 6.229 6.249 6.269 6.290 6.312 6.334 6.357 6.381 6.406 6.431 6.457 6.482 6.508 6.534 6.561 6.587 6.614 6.641 6.668 6.696 6.726 6.757 6.790 6.826 6.862 6.900 6.938 6.975 7.010 7.043 7.071 7.096 7.125 7.161 7.200 7.242 7.295 7.357
5.808 5.815 5.820 5.825 5.830 5.834 5.838 5.842 5.846 5.851 5.857 5.863 5.869 5.877 5.884 5.893 5.902 5.911 5.921 5.932 5.945 5.958 5.972 5.987 6.003 6.019 6.037 6.055 6.074 6.094 6.114 6.133 6.153 6.173 6.192 6.212 6.232 6.252 6.272 6.292 6.313 6.334 6.357 6.379 6.403 6.428 6.452 6.476 6.501 6.526 6.551 6.577 6.602 6.627 6.653 6.679 6.707 6.737 6.769 6.803 6.839 6.876 6.914 6.952 6.988 7.020 7.049 7.075 7.104 7.141 7.181 7.225 7.279 7.344
5.838 5.846 5.853 5.858 5.863 5.867 5.871 5.874 5.878 5.881 5.885 5.890 5.896 5.902 5.909 5.916 5.924 5.932 5.942 5.952 5.962 5.974 5.987 6.001 6.015 6.030 6.047 6.065 6.083 6.102 6.121 6.140 6.160 6.179 6.199 6.218 6.238 6.258 6.277 6.297 6.318 6.339 6.361 6.383 6.406 6.430 6.454 6.477 6.501 6.525 6.550 6.574 6.599 6.623 6.647 6.672 6.698 6.727 6.757 6.790 6.825 6.861 6.899 6.936 6.972 7.004 7.033 7.058 7.086 7.125 7.166 7.211 7.267 7.334
5.867 5.876 5.884 5.891 5.897 5.901 5.905 5.908 5.911 5.913 5.916 5.920 5.924 5.929 5.934 5.941 5.947 5.955 5.963 5.972 5.982 5.992 6.004 6.016 6.029 6.043 6.059 6.075 6.093 6.111 6.130 6.149 6.168 6.188 6.207 6.227 6.246 6.266 6.286 6.306 6.326 6.347 6.368 6.390 6.413 6.436 6.459 6.482 6.506 6.530 6.554 6.578 6.602 6.626 6.649 6.673 6.698 6.724 6.753 6.785 6.819 6.854 6.891 6.927 6.962 6.994 7.022 7.046 7.074 7.115 7.158 7.203 7.261 7.331
5.893 5.904 5.914 5.922 5.929 5.935 5.939 5.942 5.945 5.947 5.949 5.951 5.954 5.958 5.962 5.967 5.972 5.979 5.986 5.994 6.002 6.012 6.022 6.033 6.045 6.057 6.072 6.088 6.104 6.122 6.140 6.159 6.178 6.198 6.217 6.237 6.257 6.276 6.296 6.316 6.336 6.357 6.378 6.400 6.422 6.445 6.468 6.491 6.514 6.538 6.563 6.587 6.611 6.634 6.657 6.680 6.703 6.729 6.756 6.787 6.820 6.854 6.890 6.925 6.959 6.989 7.015 7.040 7.071 7.114 7.159 7.206 7.267 7.340
5.916 5.929 5.941 5.951 5.960 5.967 5.972 5.976 5.979 5.981 5.983 5.984 5.986 5.988 5.991 5.995 5.999 6.004 6.010 6.017 6.024 6.032 6.042 6.052 6.061 6.073 6.086 6.101 6.117 6.134 6.152 6.170 6.189 6.209 6.228 6.248 6.268 6.288 6.308 6.328 6.348 6.369 6.390 6.411 6.434 6.456 6.479 6.502 6.526 6.550 6.574 6.599 6.622 6.646 6.668 6.690 6.713 6.738 6.765 6.794 6.825 6.858 6.893 6.927 6.959 6.988 7.015 7.043 7.078 7.123 7.170 7.221 7.285 7.361
