version1/TsunamiDB/out54068.asc
ncols          264
nrows          230
xllcorner      497853.4375
yllcorner      4229146.0000
cellsize         5.
NODATA_value   -99
[rows 33 to 65 of 230, columns 150 to 224 of 264]
5.683 5.702 5.721 5.740 5.760 5.781 5.801 5.822 5.843 5.863 5.883 5.903 5.922 5.941 5.958 5.975 5.992 6.007 6.021 6.035 6.048 6.060 6.072 6.084 6.095 6.106 6.116 6.127 6.139 6.151 6.164 6.177 6.190 6.203 6.217 6.231 6.244 6.258 6.271 6.285 6.298 6.311 6.324 6.336 6.349 6.362 6.375 6.388 6.400 6.413 6.426 6.439 6.453 6.467 6.482 6.496 6.511 6.525 6.539 6.553 6.566 6.578 6.589 6.600 6.610 6.619 6.627 6.635 6.643 6.650 6.658 6.666 6.675 6.686 6.699
5.689 5.708 5.726 5.744 5.764 5.783 5.804 5.824 5.844 5.865 5.885 5.905 5.924 5.943 5.962 5.980 5.997 6.013 6.028 6.043 6.057 6.070 6.082 6.094 6.105 6.116 6.126 6.137 6.148 6.160 6.172 6.184 6.196 6.209 6.222 6.235 6.249 6.262 6.275 6.288 6.301 6.314 6.327 6.340 6.352 6.365 6.378 6.391 6.404 6.416 6.429 6.443 6.457 6.471 6.486 6.500 6.515 6.530 6.544 6.558 6.572 6.584 6.596 6.608 6.618 6.627 6.636 6.644 6.651 6.658 6.666 6.673 6.681 6.690 6.702
5.697 5.715 5.732 5.750 5.768 5.787 5.807 5.826 5.846 5.866 5.886 5.906 5.926 5.945 5.964 5.983 6.000 6.017 6.034 6.049 6.064 6.077 6.090 6.103 6.115 6.126 6.136 6.146 6.157 6.168 6.180 6.191 6.203 6.216 6.228 6.241 6.254 6.266 6.279 6.292 6.305 6.318 6.330 6.343 6.356 6.368 6.381 6.394 6.407 6.419 6.432 6.446 6.460 6.474 6.489 6.504 6.519 6.534 6.549 6.563 6.577 6.590 6.603 6.614 6.625 6.635 6.644 6.652 6.659 6.666 6.673 6.680 6.687 6.695 6.706
5.706 5.723 5.740 5.756 5.774 5.792 5.811 5.829 5.849 5.868 5.888 5.907 5.927 5.946 5.966 5.984 6.003 6.020 6.037 6.054 6.069 6.084 6.098 6.111 6.123 6.134 6.145 6.155 6.166 6.177 6.188 6.199 6.211 6.222 6.234 6.246 6.259 6.271 6.284 6.296 6.309 6.321 6.334 6.346 6.359 6.372 6.384 6.397 6.410 6.422 6.435 6.449 6.463 6.478 6.492 6.507 6.523 6.538 6.553 6.567 6.582 6.595 6.608 6.621 6.632 6.642 6.651 6.660 6.667 6.674 6.681 6.687 6.693 6.701 6.711
5.716 5.732 5.748 5.764 5.781 5.798 5.816 5.834 5.852 5.871 5.890 5.909 5.928 5.947 5.967 5.986 6.004 6.022 6.040 6.057 6.073 6.089 6.103 6.117 6.130 6.142 6.153 6.164 6.175 6.185 6.196 6.207 6.218 6.229 6.241 6.252 6.264 6.276 6.288 6.300 6.313 6.325 6.337 6.350 6.362 6.375 6.387 6.400 6.413 6.425 6.438 6.452 6.466 6.480 6.495 6.510 6.526 6.541 6.556 6.571 6.586 6.600 6.614 6.626 6.638 6.649 6.658 6.667 6.675 6.682 6.688 6.694 6.700 6.707 6.717
5.726 5.742 5.758 5.773 5.789 5.806 5.822 5.839 5.857 5.875 5.893 5.911 5.930 5.949 5.968 5.986 6.005 6.024 6.042 6.059 6.076 6.092 6.107 6.122 6.136 6.148 6.160 6.171 6.182 6.193 6.204 6.215 6.225 6.236 6.247 6.258 6.270 6.281 6.293 6.305 6.317 6.329 6.341 6.353 6.366 6.378 6.390 6.403 6.415 6.427 6.440 6.454 6.468 6.483 6.498 6.513 6.528 6.544 6.559 6.575 6.590 6.604 6.618 6.631 6.644 6.655 6.665 6.674 6.683 6.690 6.697 6.702 6.708 6.715 6.724
5.736 5.753 5.768 5.783 5.798 5.814 5.830 5.846 5.863 5.880 5.897 5.914 5.932 5.951 5.969 5.987 6.006 6.024 6.042 6.060 6.078 6.094 6.110 6.126 6.140 6.153 6.165 6.177 6.189 6.200 6.211 6.222 6.232 6.243 6.254 6.265 6.276 6.287 6.298 6.310 6.321 6.333 6.345 6.357 6.369 6.381 6.394 6.406 6.418 6.430 6.443 6.456 6.471 6.485 6.500 6.515 6.531 6.546 6.562 6.578 6.593 6.608 6.623 6.636 6.649 6.661 6.672 6.682 6.691 6.699 6.705 6.711 6.717 6.724 6.733
5.746 5.763 5.778 5.793 5.808 5.823 5.839 5.854 5.870 5.886 5.902 5.919 5.936 5.953 5.971 5.989 6.007 6.025 6.043 6.061 6.078 6.096 6.112 6.128 6.143 6.157 6.169 6.182 6.194 6.206 6.217 6.228 6.239 6.249 6.260 6.271 6.281 6.292 6.303 6.315 6.326 6.337 6.349 6.361 6.373 6.385 6.397 6.409 6.421 6.433 6.445 6.459 6.473 6.487 6.502 6.517 6.533 6.549 6.565 6.581 6.596 6.612 6.627 6.641 6.654 6.667 6.679 6.689 6.699 6.708 6.715 6.720 6.727 6.734 6.743
5.756 5.773 5.788 5.803 5.818 5.833 5.848 5.863 5.878 5.893 5.909 5.924 5.941 5.957 5.974 5.991 6.009 6.026 6.044 6.061 6.079 6.096 6.113 6.129 6.145 6.159 6.172 6.185 6.198 6.210 6.222 6.233 6.244 6.255 6.266 6.276 6.287 6.298 6.309 6.320 6.331 6.342 6.353 6.365 6.376 6.388 6.400 6.412 6.424 6.435 6.448 6.461 6.475 6.489 6.504 6.520 6.535 6.551 6.567 6.583 6.599 6.615 6.631 6.645 6.660 6.673 6.686 6.697 6.707 6.717 6.725 6.731 6.738 6.745 6.754
5.765 5.782 5.797 5.812 5.828 5.843 5.858 5.872 5.887 5.901 5.916 5.931 5.946 5.962 5.978 5.994 6.011 6.028 6.045 6.062 6.079 6.097 6.113 6.130 6.146 6.160 6.174 6.188 6.201 6.214 6.226 6.238 6.249 6.260 6.271 6.282 6.292 6.303 6.314 6.325 6.335 6.346 6.358 6.369 6.380 6.392 6.404 6.416 6.426 6.438 6.451 6.464 6.477 6.492 6.506 6.522 6.537 6.553 6.570 6.586 6.602 6.619 6.635 6.650 6.665 6.679 6.693 6.705 6.717 6.727 6.736 6.743 6.750 6.758 6.766
5.773 5.790 5.806 5.822 5.837 5.852 5.867 5.882 5.896 5.910 5.925 5.939 5.953 5.968 5.983 5.999 6.014 6.030 6.047 6.064 6.080 6.097 6.114 6.130 6.146 6.161 6.175 6.189 6.203 6.216 6.229 6.241 6.253 6.265 6.276 6.287 6.297 6.308 6.319 6.330 6.340 6.351 6.362 6.373 6.385 6.396 6.408 6.419 6.430 6.441 6.454 6.467 6.480 6.494 6.509 6.524 6.540 6.556 6.572 6.589 6.606 6.622 6.639 6.655 6.671 6.686 6.700 6.714 6.726 6.738 6.747 6.755 6.763 6.771 6.779
5.780 5.798 5.815 5.830 5.846 5.861 5.877 5.891 5.906 5.920 5.933 5.947 5.961 5.975 5.989 6.004 6.019 6.034 6.050 6.066 6.082 6.098 6.115 6.131 6.147 6.161 6.176 6.190 6.205 6.218 6.232 6.244 6.257 6.268 6.280 6.291 6.302 6.313 6.324 6.335 6.345 6.356 6.367 6.378 6.389 6.401 6.412 6.423 6.434 6.445 6.457 6.470 6.483 6.497 6.512 6.527 6.543 6.559 6.576 6.592 6.610 6.627 6.644 6.661 6.678 6.694 6.709 6.723 6.737 6.749 6.760 6.769 6.777 6.785 6.793
5.787 5.805 5.822 5.838 5.854 5.870 5.886 5.900 5.915 5.929 5.943 5.956 5.970 5.983 5.997 6.011 6.025 6.039 6.054 6.069 6.085 6.100 6.116 6.133 6.148 6.162 6.177 6.191 6.206 6.220 6.234 6.247 6.260 6.272 6.284 6.295 6.307 6.318 6.329 6.340 6.350 6.361 6.372 6.383 6.394 6.406 6.417 6.428 6.438 6.449 6.461 6.474 6.487 6.501 6.516 6.531 6.546 6.563 6.579 6.597 6.614 6.632 6.650 6.667 6.685 6.702 6.718 6.733 6.748 6.761 6.773 6.783 6.792 6.800 6.808
5.793 5.812 5.829 5.845 5.862 5.878 5.894 5.909 5.924 5.938 5.952 5.966 5.979 5.992 6.005 6.018 6.032 6.045 6.059 6.074 6.089 6.104 6.119 6.135 6.149 6.163 6.178 6.193 6.207 6.222 6.236 6.249 6.262 6.275 6.287 6.299 6.311 6.322 6.333 6.345 6.356 6.367 6.378 6.389 6.400 6.411 6.423 6.433 6.444 6.455 6.467 6.479 6.492 6.506 6.520 6.535 6.551 6.567 6.584 6.602 6.620 6.638 6.656 6.674 6.693 6.710 6.727 6.744 6.759 6.774 6.787 6.797 6.807 6.815 6.823
5.799 5.817 5.835 5.852 5.869 5.886 5.902 5.918 5.933 5.947 5.961 5.975 5.988 6.001 6.014 6.027 6.040 6.053 6.066 6.080 6.094 6.108 6.123 6.138 6.152 6.166 6.180 6.195 6.209 6.224 6.238 6.252 6.265 6.278 6.291 6.303 6.315 6.327 6.338 6.350 6.361 6.373 6.384 6.395 6.406 6.418 6.429 6.440 6.450 6.461 6.473 6.485 6.498 6.512 6.526 6.541 6.557 6.573 6.590 6.608 6.626 6.645 6.663 6.682 6.701 6.720 6.738 6.755 6.772 6.787 6.801 6.812 6.823 6.832 6.840
5.804 5.823 5.840 5.858 5.875 5.893 5.909 5.925 5.941 5.956 5.970 5.984 5.997 6.010 6.023 6.036 6.048 6.061 6.074 6.087 6.100 6.114 6.128 6.142 6.156 6.169 6.183 6.198 6.212 6.227 6.241 6.255 6.268 6.282 6.295 6.307 6.320 6.332 6.344 6.356 6.367 6.379 6.390 6.402 6.413 6.425 6.437 6.447 6.458 6.469 6.481 6.493 6.506 6.519 6.533 6.548 6.564 6.580 6.597 6.615 6.634 6.652 6.672 6.691 6.711 6.730 6.749 6.768 6.785 6.801 6.816 6.828 6.839 6.849 6.857
5.809 5.828 5.845 5.863 5.881 5.899 5.916 5.933 5.949 5.964 5.979 5.993 6.007 6.020 6.033 6.045 6.058 6.070 6.083 6.095 6.108 6.121 6.134 6.148 6.161 6.174 6.188 6.202 6.216 6.231 6.245 6.259 6.272 6.286 6.299 6.312 6.325 6.337 6.350 6.362 6.374 6.386 6.398 6.410 6.421 6.433 6.445 6.456 6.467 6.478 6.490 6.502 6.515 6.528 6.542 6.557 6.572 6.588 6.606 6.624 6.642 6.662 6.681 6.701 6.721 6.742 6.761 6.780 6.799 6.816 6.831 6.845 6.857 6.867 6.877
5.814 5.833 5.851 5.869 5.887 5.905 5.923 5.940 5.956 5.972 5.987 6.002 6.016 6.030 6.043 6.055 6.068 6.080 6.092 6.104 6.117 6.129 6.142 6.156 6.168 6.181 6.194 6.208 6.222 6.236 6.250 6.264 6.278 6.291 6.305 6.318 6.331 6.344 6.356 6.369 6.381 6.394 6.406 6.418 6.430 6.442 6.455 6.466 6.477 6.488 6.500 6.512 6.525 6.538 6.552 6.567 6.582 6.598 6.615 6.633 6.652 6.672 6.692 6.712 6.733 6.754 6.774 6.794 6.813 6.832 6.848 6.862 6.876 6.887 6.898
5.820 5.838 5.856 5.875 5.893 5.912 5.929 5.947 5.964 5.980 5.996 6.011 6.025 6.039 6.053 6.066 6.078 6.091 6.103 6.115 6.127 6.139 6.152 6.164 6.177 6.188 6.201 6.215 6.228 6.242 6.256 6.270 6.284 6.298 6.311 6.325 6.338 6.351 6.364 6.377 6.389 6.402 6.415 6.427 6.440 6.453 6.465 6.477 6.488 6.500 6.512 6.524 6.537 6.550 6.564 6.578 6.594 6.610 6.627 6.645 6.664 6.683 6.704 6.724 6.746 6.767 6.788 6.809 6.829 6.848 6.866 6.881 6.896 6.909 6.920
5.826 5.844 5.862 5.881 5.900 5.918 5.936 5.954 5.971 5.988 6.004 6.019 6.034 6.049 6.063 6.076 6.089 6.101 6.114 6.126 6.138 6.150 6.162 6.175 6.186 6.198 6.210 6.223 6.237 6.250 6.264 6.278 6.292 6.305 6.319 6.332 6.346 6.359 6.372 6.385 6.398 6.412 6.425 6.438 6.451 6.464 6.477 6.489 6.501 6.513 6.525 6.538 6.550 6.564 6.577 6.592 6.607 6.623 6.640 6.658 6.676 6.696 6.716 6.738 6.759 6.781 6.803 6.824 6.846 6.866 6.885 6.901 6.917 6.931 6.944
5.833 5.851 5.869 5.887 5.906 5.925 5.943 5.961 5.978 5.995 6.012 6.028 6.044 6.058 6.073 6.087 6.100 6.113 6.125 6.137 6.149 6.161 6.174 6.186 6.197 6.209 6.221 6.233 6.246 6.260 6.273 6.287 6.300 6.314 6.328 6.341 6.355 6.368 6.382 6.395 6.408 6.422 6.435 6.449 6.462 6.476 6.489 6.502 6.514 6.527 6.539 6.552 6.565 6.579 6.592 6.607 6.622 6.637 6.654 6.672 6.690 6.710 6.731 6.752 6.774 6.796 6.819 6.841 6.863 6.885 6.905 6.923 6.940 6.955 6.968
5.840 5.858 5.876 5.894 5.913 5.932 5.950 5.968 5.986 6.003 6.020 6.037 6.053 6.068 6.083 6.097 6.111 6.124 6.137 6.149 6.162 6.174 6.186 6.198 6.209 6.220 6.232 6.245 6.257 6.271 6.284 6.297 6.311 6.324 6.338 6.351 6.365 6.379 6.392 6.406 6.419 6.433 6.447 6.461 6.475 6.489 6.503 6.516 6.529 6.542 6.555 6.568 6.581 6.595 6.609 6.623 6.638 6.654 6.670 6.687 6.706 6.726 6.746 6.768 6.790 6.813 6.836 6.859 6.882 6.905 6.926 6.945 6.963 6.980 6.994
5.849 5.866 5.884 5.902 5.920 5.939 5.957 5.976 5.994 6.011 6.029 6.046 6.062 6.078 6.093 6.108 6.122 6.136 6.149 6.162 6.174 6.187 6.199 6.211 6.222 6.233 6.245 6.257 6.270 6.283 6.296 6.309 6.322 6.336 6.349 6.363 6.376 6.390 6.404 6.417 6.431 6.445 6.459 6.474 6.488 6.503 6.517 6.531 6.544 6.557 6.571 6.585 6.599 6.612 6.626 6.641 6.656 6.671 6.687 6.705 6.723 6.742 6.763 6.785 6.807 6.830 6.854 6.878 6.902 6.926 6.947 6.968 6.988 7.005 7.020
5.858 5.875 5.892 5.910 5.929 5.947 5.966 5.984 6.002 6.020 6.037 6.055 6.071 6.088 6.103 6.119 6.133 6.148 6.161 6.175 6.187 6.200 6.212 6.225 6.236 6.247 6.259 6.271 6.283 6.296 6.309 6.322 6.335 6.348 6.362 6.375 6.389 6.402 6.416 6.430 6.444 6.458 6.473 6.487 6.502 6.517 6.532 6.546 6.560 6.574 6.588 6.602 6.617 6.631 6.645 6.660 6.674 6.690 6.706 6.723 6.741 6.761 6.781 6.803 6.825 6.849 6.873 6.898 6.923 6.947 6.970 6.992 7.012 7.031 7.046
5.869 5.886 5.902 5.920 5.938 5.956 5.974 5.992 6.011 6.029 6.046 6.064 6.081 6.098 6.114 6.130 6.145 6.159 6.174 6.187 6.201 6.214 6.226 6.239 6.250 6.261 6.273 6.285 6.297 6.310 6.323 6.335 6.349 6.362 6.375 6.388 6.402 6.416 6.429 6.443 6.458 6.472 6.486 6.501 6.516 6.532 6.547 6.562 6.576 6.590 6.605 6.620 6.635 6.650 6.665 6.679 6.694 6.710 6.726 6.743 6.761 6.780 6.800 6.822 6.845 6.869 6.894 6.919 6.945 6.970 6.993 7.016 7.038 7.056 7.072
5.881 5.897 5.913 5.930 5.947 5.965 5.984 6.002 6.020 6.038 6.056 6.074 6.091 6.108 6.125 6.141 6.156 6.171 6.186 6.200 6.214 6.227 6.240 6.253 6.265 6.276 6.288 6.300 6.312 6.325 6.337 6.350 6.363 6.376 6.389 6.403 6.416 6.430 6.444 6.458 6.472 6.486 6.501 6.516 6.531 6.547 6.563 6.577 6.592 6.608 6.623 6.639 6.654 6.669 6.685 6.700 6.715 6.731 6.747 6.764 6.781 6.800 6.821 6.843 6.865 6.890 6.915 6.941 6.967 6.993 7.017 7.041 7.063 7.082 7.097
5.894 5.910 5.925 5.941 5.958 5.976 5.994 6.012 6.030 6.048 6.066 6.084 6.101 6.118 6.135 6.152 6.168 6.184 6.199 6.213 6.228 6.241 6.255 6.268 6.280 6.291 6.303 6.315 6.328 6.340 6.353 6.366 6.379 6.392 6.405 6.418 6.431 6.445 6.459 6.473 6.487 6.501 6.516 6.531 6.547 6.563 6.579 6.593 6.609 6.625 6.641 6.657 6.673 6.689 6.705 6.721 6.736 6.752 6.768 6.785 6.803 6.822 6.842 6.864 6.887 6.911 6.937 6.963 6.990 7.016 7.041 7.065 7.088 7.108 7.123
5.909 5.923 5.938 5.954 5.970 5.987 6.005 6.022 6.040 6.058 6.076 6.094 6.112 6.129 6.146 6.163 6.180 6.196 6.211 6.227 6.241 6.256 6.269 6.283 6.295 6.307 6.319 6.331 6.344 6.356 6.369 6.382 6.395 6.408 6.421 6.434 6.447 6.461 6.474 6.488 6.502 6.517 6.532 6.547 6.563 6.579 6.595 6.610 6.626 6.642 6.659 6.676 6.692 6.709 6.725 6.742 6.758 6.774 6.791 6.808 6.825 6.844 6.865 6.886 6.909 6.934 6.959 6.986 7.013 7.040 7.065 7.090 7.113 7.133 7.149
5.925 5.939 5.952 5.967 5.983 6.000 6.016 6.034 6.051 6.069 6.087 6.105 6.123 6.140 6.158 6.175 6.192 6.208 6.224 6.240 6.255 6.270 6.284 6.298 6.310 6.322 6.335 6.347 6.360 6.373 6.385 6.398 6.411 6.424 6.437 6.450 6.464 6.477 6.491 6.505 6.519 6.533 6.548 6.563 6.579 6.595 6.611 6.627 6.643 6.660 6.677 6.694 6.712 6.729 6.746 6.763 6.780 6.796 6.813 6.830 6.848 6.867 6.888 6.909 6.932 6.956 6.982 7.009 7.036 7.063 7.089 7.115 7.138 7.159 7.175
5.942 5.955 5.968 5.982 5.997 6.013 6.029 6.046 6.063 6.081 6.098 6.116 6.134 6.152 6.169 6.187 6.204 6.221 6.237 6.253 6.269 6.284 6.299 6.313 6.326 6.338 6.351 6.364 6.377 6.389 6.402 6.415 6.428 6.441 6.454 6.467 6.481 6.494 6.508 6.522 6.536 6.550 6.565 6.580 6.596 6.612 6.628 6.644 6.660 6.677 6.695 6.713 6.731 6.749 6.766 6.784 6.801 6.819 6.836 6.853 6.872 6.891 6.911 6.932 6.955 6.979 7.005 7.032 7.059 7.087 7.113 7.139 7.164 7.185 7.201
5.961 5.973 5.985 5.998 6.013 6.028 6.043 6.059 6.076 6.093 6.110 6.128 6.146 6.163 6.181 6.199 6.216 6.233 6.250 6.266 6.282 6.298 6.313 6.328 6.341 6.354 6.367 6.380 6.393 6.406 6.419 6.432 6.445 6.458 6.471 6.485 6.498 6.511 6.525 6.539 6.553 6.567 6.582 6.597 6.613 6.629 6.645 6.661 6.678 6.695 6.713 6.731 6.750 6.768 6.787 6.805 6.823 6.841 6.859 6.877 6.895 6.914 6.934 6.955 6.978 7.002 7.028 7.055 7.082 7.110 7.137 7.163 7.188 7.210 7.226
5.980 5.991 6.003 6.015 6.029 6.043 6.058 6.073 6.090 6.106 6.123 6.140 6.158 6.176 6.193 6.211 6.228 6.246 6.263 6.279 6.296 6.312 6.328 6.343 6.356 6.369 6.383 6.396 6.410 6.423 6.436 6.449 6.463 6.476 6.489 6.502 6.516 6.529 6.543 6.557 6.571 6.585 6.600 6.615 6.630 6.647 6.662 6.678 6.695 6.713 6.731 6.750 6.769 6.788 6.807 6.825 6.844 6.863 6.881 6.899 6.918 6.937 6.957 6.979 7.001 7.025 7.051 7.077 7.105 7.133 7.160 7.187 7.213 7.234 7.251
6.001 6.011 6.022 6.034 6.046 6.060 6.074 6.089 6.104 6.120 6.136 6.153 6.171 6.188 6.206 6.223 6.241 6.258 6.276 6.293 6.310 6.326 6.342 6.357 6.371 6.385 6.399 6.413 6.426 6.440 6.453 6.467 6.480 6.493 6.507 6.520 6.534 6.547 6.561 6.575 6.589 6.603 6.618 6.633 6.648 6.664 6.680 6.696 6.713 6.731 6.749 6.768 6.787 6.807 6.826 6.846 6.865 6.884 6.903 6.922 6.941 6.960 6.980 7.002 7.024 7.048 7.073 7.100 7.128 7.156 7.183 7.210 7.236 7.259 7.275
