version1/TsunamiDB/out54160.asc
ncols          264
nrows          230
xllcorner      497853.4375
yllcorner      4229146.0000
cellsize         5.
NODATA_value   -99
[rows 0 to 33 of 230, columns 0 to 76 of 264]
4.983 4.999 5.015 5.030 5.046 5.061 5.077 5.092 5.107 5.122 5.137 5.152 5.167 5.181 5.196 5.211 5.225 5.238 5.252 5.266 5.280 5.294 5.308 5.323 5.337 5.352 5.367 5.382 5.397 5.412 5.428 5.443 5.459 5.475 5.492 5.508 5.525 5.542 5.559 5.576 5.591 5.607 5.623 5.639 5.654 5.670 5.685 5.700 5.715 5.730 5.744 5.758 5.771 5.785 5.798 5.810 5.823 5.835 5.847 5.859 5.870 5.882 5.893 5.903 5.912 5.922 5.931 5.940 5.949 5.958 5.967 5.976 5.985 5.994 6.002 6.011 6.019
4.993 5.009 5.025 5.041 5.056 5.071 5.087 5.102 5.117 5.132 5.146 5.161 5.176 5.191 5.205 5.220 5.234 5.247 5.260 5.274 5.288 5.302 5.316 5.330 5.344 5.358 5.373 5.387 5.402 5.417 5.432 5.447 5.462 5.478 5.493 5.509 5.526 5.542 5.559 5.575 5.590 5.606 5.622 5.637 5.653 5.669 5.684 5.699 5.715 5.729 5.744 5.758 5.772 5.786 5.799 5.812 5.825 5.837 5.850 5.862 5.874 5.886 5.897 5.907 5.917 5.926 5.936 5.945 5.954 5.964 5.973 5.982 5.991 5.999 6.008 6.017 6.025
5.004 5.019 5.035 5.051 5.066 5.081 5.096 5.111 5.126 5.141 5.156 5.171 5.185 5.200 5.214 5.229 5.243 5.256 5.269 5.282 5.296 5.310 5.323 5.337 5.351 5.365 5.379 5.393 5.407 5.422 5.436 5.451 5.466 5.481 5.496 5.511 5.527 5.543 5.559 5.575 5.590 5.605 5.620 5.636 5.652 5.667 5.683 5.698 5.714 5.729 5.743 5.758 5.772 5.786 5.800 5.813 5.827 5.839 5.852 5.864 5.877 5.889 5.900 5.910 5.920 5.930 5.940 5.950 5.959 5.968 5.978 5.987 5.996 6.005 6.014 6.022 6.031
5.014 5.029 5.045 5.060 5.076 5.091 5.106 5.121 5.136 5.150 5.165 5.180 5.194 5.209 5.223 5.238 5.251 5.264 5.277 5.291 5.304 5.318 5.331 5.345 5.358 5.372 5.386 5.400 5.413 5.427 5.441 5.455 5.470 5.484 5.499 5.514 5.529 5.544 5.560 5.575 5.590 5.605 5.620 5.635 5.650 5.666 5.681 5.697 5.712 5.727 5.742 5.757 5.772 5.786 5.800 5.814 5.827 5.840 5.853 5.866 5.879 5.891 5.903 5.913 5.924 5.934 5.944 5.954 5.963 5.973 5.982 5.991 6.001 6.010 6.019 6.027 6.036
5.024 5.039 5.055 5.070 5.085 5.100 5.115 5.130 5.145 5.159 5.174 5.189 5.203 5.217 5.232 5.246 5.260 5.272 5.285 5.299 5.312 5.325 5.339 5.352 5.366 5.379 5.393 5.406 5.420 5.433 5.447 5.461 5.475 5.489 5.503 5.517 5.532 5.546 5.562 5.576 5.590 5.605 5.619 5.634 5.649 5.665 5.680 5.695 5.711 5.726 5.741 5.756 5.771 5.785 5.799 5.813 5.827 5.841 5.854 5.867 5.880 5.893 5.905 5.916 5.926 5.937 5.947 5.957 5.967 5.977 5.986 5.996 6.005 6.014 6.023 6.032 6.041
5.033 5.049 5.064 5.079 5.094 5.109 5.124 5.139 5.154 5.168 5.183 5.197 5.211 5.226 5.240 5.254 5.268 5.281 5.294 5.307 5.320 5.333 5.347 5.360 5.373 5.386 5.400 5.413 5.426 5.439 5.453 5.466 5.480 5.493 5.507 5.521 5.535 5.549 5.564 5.578 5.592 5.605 5.620 5.634 5.649 5.664 5.679 5.694 5.709 5.724 5.739 5.754 5.769 5.784 5.798 5.813 5.827 5.840 5.854 5.867 5.881 5.894 5.906 5.917 5.928 5.939 5.949 5.960 5.970 5.980 5.990 5.999 6.009 6.018 6.027 6.036 6.045
5.043 5.058 5.073 5.089 5.104 5.118 5.133 5.148 5.162 5.177 5.191 5.206 5.220 5.234 5.248 5.262 5.276 5.288 5.301 5.314 5.328 5.341 5.354 5.367 5.380 5.394 5.407 5.420 5.433 5.446 5.459 5.472 5.485 5.498 5.512 5.525 5.539 5.553 5.567 5.580 5.594 5.607 5.621 5.634 5.649 5.663 5.678 5.692 5.707 5.722 5.737 5.752 5.767 5.782 5.796 5.811 5.825 5.839 5.853 5.867 5.880 5.894 5.906 5.918 5.929 5.940 5.951 5.962 5.972 5.982 5.992 6.002 6.012 6.022 6.031 6.040 6.049
5.052 5.067 5.083 5.098 5.112 5.127 5.142 5.156 5.171 5.185 5.199 5.214 5.228 5.242 5.256 5.270 5.284 5.296 5.309 5.322 5.335 5.348 5.361 5.374 5.388 5.401 5.414 5.427 5.439 5.452 5.465 5.478 5.491 5.504 5.517 5.530 5.543 5.557 5.570 5.584 5.596 5.609 5.622 5.636 5.649 5.663 5.677 5.692 5.706 5.721 5.736 5.750 5.765 5.780 5.794 5.809 5.823 5.838 5.852 5.866 5.879 5.893 5.906 5.918 5.930 5.941 5.952 5.963 5.974 5.984 5.995 6.005 6.015 6.025 6.034 6.044 6.053
5.062 5.077 5.092 5.107 5.121 5.136 5.150 5.165 5.179 5.193 5.208 5.222 5.236 5.250 5.264 5.278 5.291 5.304 5.316 5.329 5.342 5.355 5.368 5.382 5.395 5.407 5.420 5.433 5.446 5.459 5.471 5.484 5.497 5.510 5.522 5.535 5.548 5.561 5.574 5.587 5.599 5.612 5.624 5.637 5.650 5.664 5.678 5.691 5.706 5.720 5.734 5.749 5.763 5.778 5.792 5.807 5.821 5.835 5.850 5.864 5.878 5.892 5.905 5.917 5.929 5.941 5.953 5.964 5.975 5.986 5.996 6.007 6.017 6.027 6.037 6.047 6.056
5.071 5.086 5.101 5.116 5.130 5.145 5.159 5.173 5.188 5.202 5.216 5.230 5.244 5.258 5.272 5.286 5.299 5.311 5.324 5.336 5.349 5.362 5.375 5.388 5.401 5.414 5.427 5.440 5.452 5.465 5.478 5.490 5.503 5.515 5.528 5.540 5.553 5.566 5.579 5.591 5.603 5.615 5.627 5.640 5.652 5.665 5.678 5.692 5.705 5.719 5.733 5.747 5.761 5.776 5.790 5.804 5.819 5.833 5.847 5.862 5.876 5.890 5.903 5.916 5.928 5.940 5.952 5.964 5.975 5.986 5.997 6.008 6.019 6.029 6.039 6.049 6.059
5.080 5.095 5.110 5.124 5.139 5.153 5.168 5.182 5.196 5.210 5.224 5.238 5.252 5.265 5.279 5.293 5.306 5.318 5.331 5.343 5.356 5.369 5.382 5.395 5.408 5.421 5.433 5.446 5.459 5.471 5.484 5.496 5.509 5.521 5.533 5.546 5.558 5.571 5.584 5.596 5.607 5.619 5.631 5.643 5.655 5.667 5.680 5.693 5.706 5.719 5.733 5.746 5.760 5.774 5.788 5.802 5.816 5.830 5.845 5.859 5.873 5.888 5.901 5.914 5.926 5.939 5.951 5.963 5.975 5.986 5.997 6.009 6.019 6.030 6.040 6.051 6.061
5.090 5.104 5.119 5.133 5.148 5.162 5.176 5.190 5.204 5.218 5.232 5.246 5.259 5.273 5.287 5.301 5.313 5.325 5.338 5.350 5.363 5.376 5.389 5.402 5.414 5.427 5.440 5.452 5.465 5.477 5.490 5.502 5.514 5.527 5.539 5.551 5.564 5.576 5.589 5.600 5.612 5.623 5.634 5.646 5.658 5.670 5.682 5.695 5.707 5.720 5.733 5.746 5.759 5.773 5.786 5.800 5.814 5.828 5.842 5.856 5.870 5.885 5.898 5.911 5.924 5.936 5.949 5.961 5.973 5.985 5.997 6.008 6.019 6.030 6.041 6.052 6.062
5.099 5.114 5.128 5.142 5.157 5.171 5.185 5.199 5.212 5.226 5.240 5.254 5.267 5.281 5.295 5.308 5.320 5.332 5.345 5.357 5.370 5.383 5.395 5.408 5.421 5.433 5.446 5.458 5.471 5.483 5.496 5.508 5.520 5.532 5.545 5.557 5.569 5.581 5.594 5.605 5.616 5.627 5.638 5.650 5.661 5.673 5.685 5.697 5.709 5.722 5.734 5.747 5.759 5.772 5.785 5.799 5.812 5.826 5.840 5.854 5.868 5.882 5.895 5.908 5.921 5.934 5.946 5.959 5.971 5.983 5.995 6.007 6.019 6.030 6.041 6.052 6.062
5.109 5.123 5.137 5.152 5.166 5.180 5.193 5.207 5.221 5.234 5.248 5.262 5.275 5.289 5.302 5.315 5.327 5.339 5.352 5.364 5.377 5.389 5.402 5.414 5.427 5.440 5.452 5.464 5.477 5.489 5.501 5.514 5.526 5.538 5.550 5.562 5.574 5.587 5.599 5.610 5.621 5.632 5.643 5.654 5.665 5.677 5.688 5.700 5.712 5.724 5.736 5.748 5.760 5.773 5.785 5.798 5.811 5.824 5.838 5.851 5.865 5.879 5.892 5.905 5.918 5.931 5.943 5.956 5.968 5.981 5.993 6.005 6.017 6.029 6.040 6.051 6.062
5.118 5.132 5.147 5.161 5.175 5.189 5.202 5.216 5.229 5.243 5.256 5.270 5.283 5.296 5.310 5.323 5.334 5.346 5.359 5.371 5.383 5.396 5.408 5.421 5.433 5.446 5.458 5.470 5.483 5.495 5.507 5.519 5.531 5.543 5.555 5.568 5.580 5.592 5.604 5.615 5.626 5.636 5.647 5.658 5.669 5.680 5.692 5.703 5.715 5.726 5.738 5.749 5.761 5.773 5.786 5.798 5.810 5.823 5.836 5.849 5.863 5.877 5.890 5.902 5.915 5.927 5.940 5.953 5.965 5.978 5.990 6.003 6.015 6.027 6.038 6.050 6.061
5.128 5.142 5.156 5.170 5.184 5.198 5.211 5.225 5.238 5.251 5.265 5.278 5.291 5.304 5.318 5.330 5.342 5.354 5.366 5.378 5.390 5.403 5.415 5.427 5.440 5.452 5.464 5.476 5.488 5.501 5.513 5.525 5.537 5.549 5.561 5.573 5.585 5.597 5.609 5.620 5.630 5.641 5.652 5.663 5.674 5.685 5.696 5.707 5.718 5.729 5.740 5.752 5.763 5.775 5.787 5.798 5.810 5.823 5.835 5.848 5.861 5.875 5.887 5.899 5.912 5.924 5.936 5.949 5.962 5.974 5.987 5.999 6.012 6.024 6.036 6.048 6.059
5.137 5.151 5.165 5.179 5.193 5.207 5.220 5.233 5.247 5.260 5.273 5.286 5.299 5.312 5.325 5.338 5.349 5.361 5.373 5.385 5.397 5.409 5.422 5.434 5.446 5.458 5.470 5.482 5.494 5.506 5.518 5.530 5.542 5.554 5.566 5.578 5.590 5.602 5.614 5.625 5.635 5.646 5.656 5.667 5.678 5.689 5.700 5.711 5.721 5.732 5.743 5.754 5.766 5.777 5.788 5.800 5.811 5.823 5.835 5.848 5.861 5.873 5.885 5.897 5.909 5.921 5.933 5.946 5.958 5.971 5.983 5.996 6.008 6.020 6.033 6.045 6.056
5.147 5.161 5.175 5.189 5.202 5.216 5.229 5.242 5.256 5.269 5.282 5.295 5.307 5.320 5.333 5.346 5.357 5.369 5.380 5.392 5.404 5.416 5.428 5.440 5.452 5.464 5.476 5.488 5.500 5.512 5.524 5.536 5.548 5.560 5.571 5.583 5.595 5.608 5.619 5.629 5.640 5.650 5.661 5.672 5.682 5.693 5.704 5.715 5.725 5.736 5.747 5.758 5.768 5.779 5.790 5.801 5.813 5.824 5.836 5.848 5.860 5.872 5.884 5.895 5.907 5.918 5.930 5.942 5.955 5.967 5.980 5.992 6.004 6.017 6.029 6.041 6.053
5.157 5.170 5.184 5.198 5.211 5.225 5.238 5.251 5.264 5.277 5.290 5.303 5.316 5.329 5.341 5.354 5.365 5.376 5.388 5.400 5.411 5.423 5.435 5.447 5.459 5.471 5.483 5.495 5.506 5.518 5.530 5.542 5.553 5.565 5.577 5.589 5.601 5.613 5.624 5.634 5.645 5.655 5.666 5.676 5.687 5.697 5.708 5.719 5.729 5.740 5.750 5.761 5.772 5.782 5.793 5.804 5.815 5.826 5.837 5.849 5.861 5.872 5.883 5.894 5.905 5.916 5.928 5.940 5.952 5.964 5.976 5.988 6.001 6.013 6.025 6.037 6.049
5.166 5.180 5.194 5.207 5.221 5.234 5.247 5.260 5.273 5.286 5.299 5.312 5.324 5.337 5.350 5.362 5.373 5.384 5.396 5.407 5.419 5.431 5.442 5.454 5.466 5.478 5.489 5.501 5.513 5.524 5.536 5.547 5.559 5.571 5.582 5.594 5.606 5.618 5.629 5.639 5.649 5.660 5.670 5.681 5.691 5.702 5.712 5.723 5.733 5.744 5.754 5.765 5.775 5.786 5.796 5.807 5.817 5.828 5.839 5.850 5.861 5.872 5.883 5.894 5.904 5.915 5.926 5.938 5.949 5.961 5.973 5.985 5.997 6.009 6.021 6.033 6.045
5.176 5.189 5.203 5.216 5.230 5.243 5.256 5.269 5.282 5.295 5.308 5.320 5.333 5.345 5.358 5.370 5.381 5.392 5.403 5.415 5.426 5.438 5.450 5.461 5.473 5.484 5.496 5.507 5.519 5.530 5.542 5.553 5.565 5.576 5.588 5.599 5.611 5.623 5.634 5.644 5.654 5.665 5.675 5.685 5.696 5.706 5.717 5.727 5.738 5.748 5.758 5.769 5.779 5.789 5.799 5.810 5.820 5.830 5.841 5.852 5.863 5.874 5.884 5.894 5.904 5.915 5.925 5.936 5.947 5.959 5.970 5.982 5.994 6.005 6.017 6.029 6.041
5.185 5.199 5.212 5.226 5.239 5.252 5.265 5.278 5.291 5.304 5.316 5.329 5.341 5.354 5.366 5.378 5.389 5.400 5.411 5.423 5.434 5.446 5.457 5.469 5.480 5.491 5.503 5.514 5.525 5.537 5.548 5.559 5.571 5.582 5.593 5.605 5.616 5.628 5.639 5.649 5.659 5.669 5.680 5.690 5.700 5.711 5.721 5.732 5.742 5.752 5.762 5.773 5.783 5.793 5.803 5.813 5.823 5.833 5.844 5.854 5.865 5.875 5.885 5.895 5.905 5.915 5.925 5.935 5.946 5.957 5.968 5.979 5.991 6.002 6.014 6.026 6.037
5.194 5.208 5.221 5.235 5.248 5.261 5.274 5.287 5.300 5.312 5.325 5.337 5.350 5.362 5.375 5.386 5.397 5.408 5.419 5.431 5.442 5.453 5.465 5.476 5.487 5.499 5.510 5.521 5.532 5.543 5.555 5.566 5.577 5.588 5.599 5.610 5.622 5.633 5.644 5.654 5.664 5.674 5.685 5.695 5.705 5.715 5.726 5.736 5.746 5.756 5.767 5.777 5.787 5.797 5.807 5.817 5.827 5.837 5.847 5.857 5.867 5.877 5.887 5.896 5.906 5.915 5.925 5.935 5.946 5.956 5.967 5.978 5.989 6.000 6.011 6.023 6.034
5.204 5.217 5.231 5.244 5.257 5.270 5.283 5.296 5.308 5.321 5.334 5.346 5.358 5.371 5.383 5.395 5.405 5.416 5.427 5.439 5.450 5.461 5.472 5.483 5.495 5.506 5.517 5.528 5.539 5.550 5.561 5.572 5.583 5.594 5.605 5.616 5.627 5.639 5.649 5.659 5.669 5.679 5.689 5.700 5.710 5.720 5.730 5.740 5.751 5.761 5.771 5.781 5.791 5.801 5.811 5.820 5.830 5.840 5.850 5.860 5.870 5.880 5.889 5.898 5.907 5.917 5.926 5.936 5.946 5.956 5.966 5.977 5.987 5.998 6.009 6.020 6.031
5.213 5.226 5.240 5.253 5.266 5.279 5.292 5.304 5.317 5.330 5.342 5.354 5.367 5.379 5.391 5.403 5.414 5.424 5.435 5.447 5.458 5.469 5.480 5.491 5.502 5.513 5.524 5.535 5.546 5.557 5.568 5.579 5.590 5.600 5.611 5.622 5.633 5.645 5.655 5.665 5.675 5.685 5.695 5.705 5.715 5.725 5.735 5.745 5.755 5.765 5.775 5.785 5.795 5.805 5.815 5.824 5.834 5.844 5.853 5.863 5.873 5.883 5.892 5.901 5.910 5.919 5.928 5.937 5.947 5.956 5.966 5.976 5.986 5.997 6.007 6.018 6.029
5.222 5.236 5.249 5.262 5.275 5.288 5.300 5.313 5.326 5.338 5.351 5.363 5.375 5.387 5.400 5.411 5.422 5.432 5.443 5.454 5.466 5.477 5.488 5.499 5.510 5.521 5.532 5.542 5.553 5.564 5.575 5.585 5.596 5.607 5.618 5.628 5.639 5.650 5.661 5.670 5.680 5.690 5.700 5.710 5.720 5.730 5.740 5.750 5.760 5.770 5.780 5.789 5.799 5.809 5.819 5.828 5.838 5.847 5.857 5.867 5.877 5.886 5.895 5.903 5.912 5.921 5.930 5.939 5.948 5.957 5.967 5.977 5.986 5.996 6.006 6.017 6.027
5.232 5.245 5.258 5.271 5.284 5.297 5.309 5.322 5.334 5.347 5.359 5.371 5.383 5.396 5.408 5.419 5.430 5.440 5.451 5.462 5.473 5.484 5.495 5.506 5.517 5.528 5.539 5.550 5.560 5.571 5.582 5.592 5.603 5.614 5.624 5.635 5.646 5.656 5.667 5.676 5.686 5.695 5.705 5.715 5.725 5.735 5.745 5.755 5.764 5.774 5.784 5.794 5.804 5.813 5.823 5.832 5.842 5.851 5.861 5.870 5.880 5.889 5.898 5.906 5.915 5.924 5.932 5.941 5.950 5.959 5.968 5.977 5.987 5.996 6.006 6.016 6.026
5.242 5.255 5.267 5.280 5.293 5.306 5.318 5.330 5.343 5.355 5.367 5.380 5.392 5.404 5.416 5.427 5.438 5.448 5.459 5.470 5.481 5.492 5.503 5.514 5.525 5.536 5.546 5.557 5.568 5.578 5.589 5.599 5.610 5.620 5.631 5.641 5.652 5.663 5.673 5.682 5.692 5.701 5.711 5.720 5.730 5.740 5.750 5.760 5.769 5.779 5.789 5.798 5.808 5.818 5.827 5.837 5.846 5.855 5.865 5.874 5.884 5.893 5.901 5.910 5.918 5.926 5.935 5.943 5.952 5.961 5.970 5.979 5.988 5.997 6.007 6.016 6.026
5.252 5.264 5.277 5.290 5.302 5.315 5.327 5.339 5.351 5.364 5.376 5.388 5.400 5.412 5.424 5.435 5.445 5.456 5.467 5.478 5.489 5.500 5.511 5.522 5.532 5.543 5.554 5.564 5.575 5.585 5.596 5.606 5.617 5.627 5.638 5.648 5.659 5.669 5.679 5.688 5.698 5.707 5.716 5.726 5.736 5.745 5.755 5.765 5.774 5.784 5.794 5.803 5.813 5.822 5.831 5.841 5.850 5.859 5.869 5.878 5.888 5.897 5.905 5.913 5.921 5.930 5.938 5.946 5.955 5.963 5.972 5.981 5.989 5.998 6.008 6.017 6.026
5.262 5.275 5.287 5.299 5.312 5.324 5.336 5.348 5.360 5.372 5.384 5.396 5.408 5.421 5.432 5.443 5.453 5.464 5.475 5.485 5.496 5.507 5.518 5.529 5.540 5.550 5.561 5.572 5.582 5.593 5.603 5.613 5.624 5.634 5.644 5.655 5.665 5.676 5.685 5.695 5.704 5.713 5.722 5.732 5.741 5.751 5.760 5.770 5.779 5.789 5.798 5.808 5.817 5.827 5.836 5.845 5.854 5.864 5.873 5.882 5.892 5.901 5.909 5.917 5.925 5.933 5.941 5.949 5.958 5.966 5.974 5.983 5.991 6.000 6.009 6.018 6.027
5.273 5.285 5.297 5.310 5.322 5.334 5.346 5.358 5.369 5.381 5.393 5.405 5.417 5.429 5.440 5.450 5.461 5.472 5.482 5.493 5.504 5.515 5.526 5.536 5.547 5.558 5.568 5.579 5.589 5.600 5.610 5.620 5.631 5.641 5.651 5.661 5.672 5.682 5.692 5.701 5.710 5.719 5.728 5.738 5.747 5.756 5.766 5.775 5.785 5.794 5.803 5.813 5.822 5.831 5.841 5.850 5.859 5.868 5.877 5.887 5.896 5.905 5.913 5.921 5.929 5.936 5.944 5.953 5.961 5.969 5.977 5.985 5.994 6.002 6.011 6.019 6.028
5.284 5.296 5.308 5.320 5.332 5.344 5.356 5.367 5.379 5.391 5.402 5.414 5.426 5.437 5.448 5.459 5.469 5.479 5.490 5.501 5.512 5.522 5.533 5.544 5.554 5.565 5.575 5.586 5.596 5.607 5.617 5.627 5.637 5.648 5.658 5.668 5.679 5.689 5.698 5.707 5.716 5.725 5.734 5.744 5.753 5.762 5.771 5.781 5.790 5.799 5.809 5.818 5.827 5.836 5.845 5.854 5.863 5.873 5.882 5.891 5.900 5.909 5.917 5.925 5.932 5.940 5.948 5.956 5.964 5.972 5.980 5.988 5.996 6.005 6.013 6.021 6.030
5.296 5.308 5.319 5.331 5.343 5.354 5.366 5.377 5.389 5.400 5.412 5.423 5.435 5.446 5.457 5.467 5.477 5.487 5.498 5.509 5.519 5.530 5.540 5.551 5.562 5.572 5.583 5.593 5.603 5.614 5.624 5.634 5.644 5.655 5.665 5.675 5.685 5.696 5.705 5.714 5.722 5.731 5.740 5.750 5.759 5.768 5.777 5.786 5.796 5.805 5.814 5.823 5.832 5.841 5.850 5.859 5.868 5.877 5.886 5.895 5.905 5.913 5.921 5.929 5.936 5.944 5.952 5.960 5.968 5.975 5.983 5.991 5.999 6.007 6.016 6.024 6.032
5.308 5.320 5.331 5.343 5.354 5.366 5.377 5.388 5.399 5.410 5.422 5.433 5.444 5.455 5.466 5.476 5.486 5.496 5.506 5.517 5.527 5.537 5.548 5.558 5.569 5.579 5.590 5.600 5.610 5.621 5.631 5.641 5.651 5.661 5.671 5.682 5.692 5.702 5.711 5.720 5.729 5.738 5.747 5.756 5.765 5.774 5.783 5.792 5.801 5.810 5.819 5.828 5.837 5.846 5.855 5.864 5.873 5.882 5.891 5.900 5.909 5.917 5.925 5.933 5.940 5.948 5.956 5.963 5.971 5.979 5.987 5.995 6.002 6.010 6.018 6.026 6.034
