version1/TsunamiDB/out54195.asc
ncols          264
nrows          230
xllcorner      497853.4375
yllcorner      4229146.0000
cellsize         5.
NODATA_value   -99
[rows 102 to 135 of 230, columns 154 to 230 of 264]
6.907 6.908 6.909 6.910 6.911 6.911 6.912 6.913 6.913 6.914 6.915 6.916 6.917 6.918 6.919 6.921 6.923 6.924 6.926 6.928 6.930 6.932 6.934 6.937 6.939 6.942 6.945 6.948 6.951 6.954 6.957 6.961 6.965 6.969 6.973 6.977 6.981 6.985 6.990 6.995 7.000 7.005 7.010 7.015 7.021 7.027 7.033 7.039 7.046 7.052 7.059 7.066 7.073 7.080 7.088 7.095 7.103 7.111 7.118 7.125 7.132 7.139 7.147 7.157 7.167 7.179 7.195 7.214 7.236 7.264 7.299 7.343 7.392 7.423 7.455 7.507 7.556
6.913 6.914 6.915 6.916 6.917 6.917 6.918 6.919 6.919 6.920 6.921 6.922 6.923 6.924 6.925 6.927 6.928 6.930 6.932 6.934 6.935 6.937 6.940 6.942 6.945 6.947 6.950 6.953 6.956 6.959 6.963 6.966 6.970 6.974 6.978 6.982 6.986 6.990 6.995 7.000 7.005 7.010 7.015 7.020 7.026 7.032 7.038 7.044 7.051 7.058 7.065 7.071 7.078 7.085 7.093 7.100 7.108 7.116 7.123 7.132 7.140 7.148 7.158 7.169 7.182 7.196 7.214 7.234 7.257 7.285 7.322 7.368 7.419 7.451 7.484 7.536 7.584
6.920 6.921 6.921 6.922 6.923 6.924 6.924 6.925 6.926 6.926 6.927 6.928 6.929 6.930 6.931 6.932 6.934 6.936 6.938 6.939 6.941 6.943 6.945 6.948 6.950 6.953 6.955 6.958 6.961 6.965 6.968 6.972 6.975 6.979 6.983 6.987 6.991 6.996 7.000 7.005 7.010 7.015 7.020 7.025 7.031 7.037 7.043 7.049 7.056 7.063 7.070 7.077 7.083 7.090 7.098 7.105 7.112 7.120 7.129 7.138 7.147 7.157 7.169 7.182 7.196 7.213 7.233 7.255 7.280 7.309 7.345 7.391 7.445 7.479 7.512 7.564 7.611
6.926 6.927 6.928 6.928 6.929 6.930 6.931 6.931 6.932 6.933 6.933 6.934 6.935 6.936 6.937 6.939 6.940 6.942 6.943 6.945 6.947 6.949 6.951 6.953 6.956 6.958 6.961 6.964 6.967 6.970 6.974 6.977 6.981 6.985 6.988 6.993 6.997 7.001 7.006 7.011 7.016 7.021 7.026 7.031 7.036 7.042 7.048 7.054 7.061 7.068 7.075 7.082 7.088 7.095 7.102 7.109 7.117 7.125 7.134 7.144 7.156 7.168 7.181 7.196 7.211 7.230 7.253 7.277 7.303 7.333 7.369 7.416 7.476 7.511 7.544 7.595 7.640
6.932 6.933 6.934 6.935 6.936 6.936 6.937 6.938 6.938 6.939 6.940 6.941 6.941 6.942 6.944 6.945 6.946 6.948 6.950 6.951 6.953 6.955 6.957 6.959 6.962 6.964 6.967 6.970 6.973 6.976 6.979 6.983 6.986 6.990 6.994 6.998 7.002 7.007 7.011 7.016 7.021 7.026 7.031 7.036 7.042 7.047 7.053 7.060 7.067 7.074 7.081 7.087 7.093 7.100 7.106 7.113 7.121 7.130 7.140 7.152 7.165 7.179 7.194 7.211 7.227 7.248 7.273 7.299 7.327 7.358 7.394 7.451 7.515 7.546 7.577 7.626 7.668
6.939 6.940 6.941 6.941 6.942 6.943 6.944 6.944 6.945 6.946 6.946 6.947 6.948 6.949 6.950 6.951 6.953 6.954 6.956 6.958 6.959 6.961 6.963 6.965 6.968 6.970 6.973 6.976 6.979 6.982 6.985 6.989 6.992 6.996 7.000 7.004 7.008 7.013 7.017 7.022 7.027 7.032 7.037 7.042 7.047 7.053 7.059 7.065 7.072 7.079 7.086 7.092 7.098 7.104 7.111 7.119 7.127 7.137 7.148 7.161 7.175 7.191 7.209 7.226 7.244 7.267 7.294 7.324 7.354 7.389 7.433 7.492 7.550 7.579 7.609 7.655 7.695
6.945 6.946 6.947 6.948 6.949 6.950 6.950 6.951 6.952 6.952 6.953 6.954 6.955 6.956 6.957 6.958 6.959 6.961 6.962 6.964 6.966 6.967 6.969 6.972 6.974 6.976 6.979 6.982 6.985 6.988 6.991 6.995 6.998 7.002 7.006 7.010 7.014 7.019 7.023 7.028 7.033 7.038 7.043 7.048 7.053 7.059 7.065 7.071 7.078 7.085 7.091 7.097 7.103 7.110 7.117 7.125 7.134 7.144 7.157 7.170 7.186 7.204 7.225 7.243 7.262 7.288 7.319 7.352 7.386 7.427 7.475 7.531 7.583 7.611 7.640 7.682 7.719
6.952 6.953 6.954 6.955 6.956 6.956 6.957 6.958 6.959 6.959 6.960 6.961 6.961 6.962 6.963 6.965 6.966 6.968 6.969 6.971 6.972 6.974 6.976 6.978 6.980 6.983 6.985 6.988 6.991 6.994 6.998 7.001 7.005 7.008 7.012 7.016 7.020 7.025 7.029 7.034 7.039 7.044 7.049 7.054 7.059 7.065 7.071 7.077 7.084 7.090 7.097 7.103 7.109 7.116 7.123 7.131 7.141 7.153 7.166 7.181 7.198 7.219 7.241 7.262 7.282 7.313 7.347 7.383 7.423 7.467 7.516 7.567 7.615 7.641 7.668 7.707 7.742
6.959 6.960 6.961 6.962 6.963 6.964 6.964 6.965 6.966 6.966 6.967 6.968 6.969 6.969 6.970 6.972 6.973 6.975 6.976 6.977 6.979 6.981 6.983 6.985 6.987 6.989 6.992 6.995 6.998 7.001 7.004 7.007 7.011 7.015 7.019 7.023 7.027 7.031 7.036 7.041 7.046 7.050 7.055 7.060 7.065 7.071 7.077 7.083 7.089 7.096 7.102 7.109 7.115 7.123 7.130 7.139 7.150 7.162 7.176 7.192 7.212 7.234 7.260 7.282 7.305 7.339 7.377 7.418 7.461 7.507 7.555 7.602 7.645 7.670 7.695 7.731 7.762
6.966 6.967 6.968 6.969 6.970 6.971 6.972 6.972 6.973 6.974 6.974 6.975 6.976 6.977 6.978 6.979 6.980 6.982 6.983 6.985 6.986 6.988 6.990 6.992 6.994 6.996 6.999 7.002 7.005 7.008 7.011 7.014 7.018 7.021 7.025 7.029 7.034 7.038 7.043 7.048 7.053 7.057 7.062 7.067 7.072 7.077 7.083 7.089 7.095 7.102 7.109 7.115 7.122 7.130 7.139 7.148 7.160 7.173 7.188 7.205 7.226 7.251 7.281 7.305 7.331 7.368 7.410 7.454 7.498 7.545 7.591 7.635 7.674 7.697 7.720 7.753 7.782
6.974 6.975 6.976 6.977 6.978 6.978 6.979 6.980 6.981 6.981 6.982 6.983 6.983 6.984 6.985 6.986 6.988 6.989 6.991 6.992 6.994 6.995 6.997 6.999 7.001 7.004 7.006 7.009 7.012 7.015 7.018 7.021 7.025 7.029 7.032 7.037 7.041 7.045 7.050 7.055 7.060 7.064 7.069 7.074 7.079 7.084 7.089 7.095 7.102 7.109 7.116 7.123 7.130 7.138 7.147 7.158 7.170 7.185 7.200 7.219 7.242 7.271 7.304 7.330 7.358 7.400 7.444 7.490 7.535 7.581 7.625 7.666 7.702 7.723 7.745 7.774 7.800
6.981 6.983 6.984 6.985 6.985 6.986 6.987 6.988 6.988 6.989 6.990 6.990 6.991 6.992 6.993 6.994 6.996 6.997 6.998 7.000 7.001 7.003 7.005 7.007 7.009 7.011 7.014 7.016 7.019 7.022 7.025 7.029 7.032 7.036 7.040 7.044 7.048 7.053 7.058 7.063 7.067 7.072 7.076 7.081 7.086 7.091 7.096 7.102 7.109 7.116 7.123 7.131 7.139 7.147 7.157 7.168 7.182 7.197 7.214 7.234 7.260 7.292 7.329 7.357 7.387 7.432 7.478 7.524 7.570 7.614 7.656 7.694 7.727 7.747 7.767 7.793 7.817
6.989 6.991 6.992 6.993 6.994 6.994 6.995 6.996 6.997 6.997 6.998 6.999 6.999 7.000 7.001 7.002 7.004 7.005 7.006 7.008 7.009 7.011 7.013 7.015 7.017 7.019 7.022 7.024 7.027 7.030 7.033 7.037 7.040 7.044 7.048 7.052 7.056 7.061 7.066 7.071 7.075 7.080 7.084 7.088 7.093 7.098 7.103 7.110 7.116 7.124 7.131 7.140 7.148 7.157 7.167 7.179 7.193 7.210 7.228 7.250 7.278 7.313 7.353 7.384 7.417 7.463 7.510 7.557 7.602 7.646 7.686 7.722 7.753 7.771 7.789 7.813 7.835
6.998 6.999 7.000 7.001 7.002 7.003 7.004 7.004 7.005 7.006 7.006 7.007 7.008 7.009 7.010 7.011 7.012 7.014 7.015 7.016 7.018 7.020 7.021 7.023 7.025 7.028 7.030 7.033 7.036 7.038 7.042 7.045 7.048 7.052 7.056 7.060 7.064 7.069 7.074 7.079 7.084 7.088 7.092 7.096 7.101 7.106 7.111 7.117 7.124 7.132 7.140 7.149 7.158 7.167 7.178 7.191 7.206 7.224 7.244 7.268 7.298 7.336 7.383 7.416 7.449 7.497 7.545 7.592 7.636 7.679 7.717 7.751 7.779 7.796 7.812 7.834 7.854
7.006 7.007 7.009 7.010 7.011 7.011 7.012 7.013 7.014 7.014 7.015 7.016 7.017 7.018 7.019 7.020 7.021 7.023 7.024 7.025 7.027 7.028 7.030 7.032 7.034 7.036 7.039 7.042 7.044 7.047 7.050 7.054 7.057 7.061 7.065 7.069 7.073 7.078 7.083 7.088 7.092 7.096 7.100 7.104 7.109 7.114 7.119 7.126 7.133 7.141 7.150 7.159 7.168 7.178 7.189 7.203 7.220 7.239 7.262 7.289 7.321 7.367 7.417 7.450 7.483 7.532 7.580 7.626 7.670 7.710 7.747 7.778 7.804 7.819 7.834 7.855 7.873
7.015 7.016 7.017 7.019 7.019 7.020 7.021 7.022 7.023 7.023 7.024 7.025 7.026 7.027 7.028 7.029 7.030 7.032 7.033 7.034 7.036 7.038 7.039 7.041 7.043 7.046 7.048 7.051 7.054 7.057 7.060 7.063 7.067 7.070 7.074 7.078 7.083 7.087 7.092 7.097 7.101 7.105 7.109 7.113 7.118 7.123 7.128 7.135 7.143 7.151 7.160 7.170 7.180 7.191 7.202 7.218 7.236 7.258 7.284 7.314 7.353 7.402 7.451 7.484 7.517 7.566 7.614 7.660 7.702 7.741 7.775 7.804 7.828 7.843 7.857 7.875 7.892
7.024 7.025 7.026 7.028 7.029 7.029 7.030 7.031 7.032 7.033 7.033 7.034 7.035 7.036 7.037 7.038 7.040 7.041 7.042 7.044 7.045 7.047 7.049 7.051 7.053 7.055 7.058 7.060 7.063 7.066 7.069 7.073 7.076 7.080 7.084 7.088 7.092 7.097 7.102 7.107 7.111 7.114 7.118 7.123 7.127 7.132 7.138 7.145 7.153 7.161 7.171 7.181 7.192 7.204 7.217 7.234 7.255 7.280 7.309 7.344 7.387 7.436 7.485 7.517 7.551 7.599 7.647 7.692 7.732 7.770 7.802 7.829 7.852 7.866 7.878 7.896 7.911
7.033 7.034 7.035 7.037 7.038 7.039 7.040 7.040 7.041 7.042 7.043 7.044 7.045 7.045 7.046 7.048 7.049 7.051 7.052 7.053 7.055 7.057 7.059 7.061 7.063 7.065 7.068 7.070 7.073 7.076 7.079 7.083 7.086 7.090 7.094 7.098 7.102 7.107 7.112 7.116 7.120 7.124 7.128 7.132 7.137 7.142 7.148 7.155 7.163 7.172 7.182 7.193 7.206 7.219 7.233 7.254 7.278 7.305 7.338 7.378 7.422 7.471 7.519 7.550 7.583 7.632 7.678 7.722 7.762 7.797 7.827 7.853 7.875 7.888 7.900 7.916 7.929
7.041 7.043 7.044 7.046 7.047 7.048 7.049 7.050 7.051 7.051 7.052 7.053 7.054 7.055 7.056 7.057 7.059 7.060 7.062 7.063 7.065 7.066 7.068 7.070 7.073 7.075 7.078 7.080 7.083 7.086 7.089 7.093 7.096 7.100 7.104 7.108 7.112 7.117 7.122 7.126 7.130 7.134 7.138 7.143 7.148 7.153 7.159 7.166 7.174 7.183 7.194 7.206 7.221 7.236 7.253 7.275 7.302 7.334 7.370 7.411 7.456 7.504 7.551 7.582 7.615 7.662 7.708 7.751 7.789 7.823 7.853 7.877 7.898 7.910 7.921 7.935 7.947
7.050 7.052 7.053 7.055 7.056 7.057 7.058 7.059 7.060 7.061 7.062 7.063 7.063 7.064 7.066 7.067 7.068 7.070 7.071 7.073 7.074 7.076 7.078 7.080 7.082 7.085 7.087 7.090 7.093 7.096 7.099 7.103 7.106 7.110 7.114 7.118 7.122 7.127 7.131 7.136 7.140 7.144 7.148 7.153 7.158 7.164 7.170 7.177 7.185 7.195 7.206 7.220 7.238 7.255 7.273 7.299 7.330 7.365 7.402 7.444 7.489 7.535 7.582 7.613 7.645 7.692 7.737 7.779 7.816 7.849 7.877 7.900 7.920 7.931 7.941 7.953 7.964
7.059 7.061 7.062 7.064 7.065 7.066 7.067 7.068 7.069 7.070 7.071 7.072 7.073 7.074 7.075 7.076 7.078 7.079 7.081 7.082 7.084 7.086 7.088 7.090 7.092 7.095 7.097 7.100 7.103 7.106 7.109 7.113 7.116 7.120 7.124 7.128 7.132 7.136 7.141 7.146 7.150 7.154 7.158 7.163 7.168 7.174 7.180 7.188 7.196 7.206 7.219 7.236 7.256 7.275 7.295 7.325 7.359 7.395 7.434 7.475 7.519 7.566 7.613 7.643 7.674 7.721 7.765 7.805 7.841 7.873 7.900 7.922 7.940 7.950 7.959 7.970 7.979
7.067 7.069 7.071 7.072 7.073 7.075 7.076 7.077 7.078 7.079 7.080 7.081 7.082 7.083 7.084 7.085 7.087 7.088 7.090 7.091 7.093 7.095 7.097 7.099 7.101 7.104 7.107 7.109 7.113 7.116 7.119 7.122 7.126 7.129 7.133 7.137 7.141 7.146 7.150 7.155 7.160 7.164 7.168 7.173 7.178 7.183 7.190 7.198 7.207 7.218 7.232 7.251 7.274 7.295 7.318 7.351 7.387 7.424 7.463 7.504 7.548 7.594 7.641 7.671 7.702 7.748 7.790 7.829 7.863 7.894 7.920 7.941 7.956 7.965 7.973 7.983 7.992
7.075 7.077 7.078 7.080 7.082 7.083 7.084 7.085 7.086 7.087 7.088 7.089 7.090 7.091 7.092 7.094 7.095 7.097 7.098 7.100 7.102 7.104 7.106 7.108 7.110 7.113 7.115 7.118 7.121 7.125 7.128 7.131 7.135 7.138 7.142 7.146 7.150 7.154 7.159 7.164 7.169 7.173 7.177 7.181 7.186 7.192 7.199 7.207 7.216 7.229 7.245 7.266 7.292 7.316 7.341 7.375 7.413 7.452 7.491 7.532 7.575 7.620 7.667 7.698 7.728 7.772 7.813 7.851 7.883 7.913 7.938 7.958 7.972 7.979 7.986 7.994 8.002
7.082 7.084 7.086 7.088 7.089 7.090 7.092 7.093 7.094 7.095 7.096 7.097 7.098 7.099 7.100 7.102 7.103 7.105 7.106 7.108 7.110 7.112 7.114 7.116 7.118 7.121 7.124 7.127 7.130 7.133 7.136 7.140 7.143 7.146 7.150 7.153 7.157 7.162 7.167 7.172 7.177 7.181 7.184 7.189 7.194 7.199 7.206 7.215 7.226 7.240 7.258 7.282 7.312 7.337 7.364 7.400 7.439 7.479 7.518 7.559 7.601 7.645 7.694 7.725 7.754 7.797 7.836 7.871 7.902 7.931 7.955 7.973 7.984 7.990 7.996 8.003 8.011
7.088 7.091 7.093 7.094 7.096 7.097 7.099 7.100 7.101 7.102 7.103 7.104 7.105 7.106 7.108 7.109 7.111 7.112 7.114 7.115 7.117 7.119 7.121 7.123 7.126 7.128 7.131 7.134 7.137 7.140 7.144 7.147 7.150 7.153 7.157 7.160 7.164 7.168 7.174 7.179 7.184 7.187 7.190 7.195 7.200 7.206 7.213 7.223 7.235 7.251 7.271 7.300 7.334 7.359 7.386 7.424 7.464 7.504 7.544 7.584 7.625 7.673 7.723 7.751 7.779 7.820 7.856 7.889 7.919 7.946 7.969 7.983 7.991 7.997 8.002 8.010 8.017
7.094 7.097 7.099 7.101 7.102 7.104 7.105 7.107 7.108 7.109 7.110 7.111 7.112 7.113 7.114 7.116 7.117 7.119 7.120 7.122 7.123 7.125 7.127 7.130 7.132 7.135 7.137 7.140 7.143 7.147 7.150 7.153 7.156 7.159 7.162 7.166 7.170 7.174 7.179 7.184 7.188 7.192 7.195 7.200 7.205 7.212 7.220 7.231 7.246 7.264 7.288 7.320 7.354 7.380 7.408 7.447 7.488 7.529 7.569 7.610 7.653 7.701 7.747 7.774 7.801 7.839 7.873 7.904 7.932 7.956 7.976 7.988 7.996 8.002 8.006 8.013 8.021
7.100 7.102 7.104 7.106 7.108 7.110 7.111 7.112 7.114 7.115 7.116 7.117 7.118 7.119 7.120 7.122 7.123 7.124 7.126 7.127 7.129 7.131 7.133 7.135 7.138 7.140 7.143 7.146 7.149 7.152 7.155 7.158 7.161 7.164 7.167 7.171 7.175 7.179 7.184 7.188 7.192 7.195 7.199 7.205 7.210 7.218 7.228 7.241 7.257 7.279 7.306 7.339 7.374 7.400 7.428 7.468 7.510 7.552 7.593 7.636 7.681 7.726 7.768 7.793 7.819 7.855 7.887 7.915 7.941 7.962 7.979 7.990 7.999 8.004 8.008 8.016 8.023
7.104 7.107 7.109 7.111 7.113 7.115 7.116 7.117 7.119 7.120 7.121 7.122 7.123 7.124 7.125 7.127 7.128 7.130 7.131 7.132 7.134 7.136 7.138 7.140 7.142 7.145 7.147 7.150 7.153 7.156 7.159 7.162 7.165 7.168 7.171 7.174 7.178 7.182 7.187 7.191 7.194 7.198 7.203 7.209 7.215 7.224 7.236 7.251 7.270 7.294 7.323 7.357 7.392 7.419 7.448 7.489 7.532 7.575 7.618 7.661 7.705 7.748 7.786 7.810 7.834 7.867 7.896 7.923 7.945 7.964 7.979 7.991 8.000 8.005 8.009 8.017 8.025
7.108 7.111 7.113 7.115 7.117 7.119 7.120 7.122 7.123 7.124 7.125 7.126 7.127 7.129 7.130 7.131 7.133 7.134 7.135 7.137 7.138 7.140 7.142 7.144 7.146 7.148 7.151 7.154 7.157 7.160 7.163 7.166 7.168 7.171 7.174 7.177 7.180 7.184 7.188 7.192 7.196 7.200 7.206 7.213 7.220 7.231 7.244 7.262 7.283 7.308 7.339 7.373 7.410 7.437 7.467 7.509 7.553 7.597 7.641 7.684 7.727 7.766 7.802 7.823 7.846 7.876 7.903 7.927 7.947 7.964 7.978 7.989 7.999 8.004 8.008 8.017 8.025
7.112 7.114 7.117 7.119 7.121 7.123 7.124 7.126 7.127 7.128 7.129 7.130 7.131 7.132 7.133 7.135 7.136 7.137 7.139 7.140 7.142 7.143 7.145 7.147 7.149 7.151 7.154 7.157 7.160 7.163 7.166 7.168 7.170 7.173 7.176 7.178 7.181 7.185 7.189 7.193 7.197 7.202 7.209 7.217 7.225 7.238 7.254 7.273 7.296 7.322 7.353 7.388 7.427 7.455 7.485 7.529 7.574 7.619 7.662 7.705 7.746 7.782 7.814 7.834 7.855 7.882 7.906 7.928 7.946 7.962 7.975 7.986 7.997 8.002 8.007 8.016 8.025
7.115 7.117 7.120 7.122 7.124 7.126 7.127 7.129 7.130 7.131 7.132 7.133 7.134 7.135 7.137 7.138 7.139 7.140 7.142 7.143 7.144 7.146 7.148 7.149 7.152 7.154 7.156 7.159 7.162 7.165 7.168 7.170 7.172 7.174 7.176 7.179 7.181 7.185 7.188 7.192 7.197 7.204 7.212 7.221 7.231 7.245 7.263 7.284 7.308 7.335 7.367 7.404 7.444 7.473 7.503 7.549 7.595 7.639 7.682 7.723 7.762 7.796 7.825 7.843 7.862 7.886 7.908 7.927 7.944 7.958 7.971 7.983 7.994 7.999 8.004 8.014 8.024
7.117 7.120 7.122 7.124 7.126 7.128 7.130 7.131 7.133 7.134 7.135 7.136 7.137 7.138 7.139 7.141 7.142 7.143 7.144 7.145 7.147 7.148 7.150 7.151 7.153 7.156 7.158 7.160 7.163 7.166 7.169 7.171 7.172 7.174 7.176 7.178 7.181 7.184 7.188 7.192 7.198 7.206 7.215 7.225 7.236 7.252 7.272 7.294 7.319 7.347 7.380 7.418 7.460 7.490 7.521 7.568 7.613 7.657 7.699 7.738 7.774 7.805 7.832 7.848 7.865 7.887 7.907 7.925 7.940 7.954 7.967 7.978 7.990 7.996 8.002 8.012 8.022
7.119 7.122 7.124 7.126 7.129 7.130 7.132 7.133 7.135 7.136 7.137 7.138 7.139 7.140 7.141 7.143 7.144 7.145 7.146 7.147 7.148 7.150 7.151 7.153 7.155 7.157 7.159 7.162 7.164 7.167 7.170 7.171 7.173 7.174 7.176 7.177 7.179 7.182 7.186 7.191 7.198 7.207 7.218 7.229 7.241 7.259 7.280 7.304 7.330 7.359 7.393 7.432 7.475 7.506 7.539 7.585 7.630 7.673 7.713 7.751 7.785 7.814 7.838 7.853 7.868 7.888 7.906 7.922 7.937 7.950 7.962 7.974 7.985 7.992 7.998 8.009 8.020
7.120 7.123 7.126 7.128 7.130 7.132 7.134 7.135 7.136 7.138 7.139 7.140 7.141 7.142 7.143 7.144 7.145 7.146 7.147 7.148 7.149 7.151 7.152 7.154 7.156 7.158 7.160 7.162 7.165 7.168 7.170 7.171 7.172 7.173 7.175 7.176 7.178 7.180 7.185 7.190 7.198 7.209 7.221 7.233 7.246 7.266 7.289 7.314 7.341 7.372 7.406 7.446 7.494 7.526 7.558 7.604 7.648 7.690 7.728 7.764 7.797 7.823 7.844 7.857 7.870 7.888 7.904 7.919 7.933 7.945 7.957 7.969 7.981 7.988 7.994 8.006 8.017
