version1/TsunamiDB/out54081.asc
ncols          264
nrows          230
xllcorner      497853.4375
yllcorner      4229146.0000
cellsize         5.
NODATA_value   -99
[rows 170 to 203 of 230, columns 0 to 75 of 264]
3.654 3.753 3.838 3.914 3.982 4.045 4.103 4.157 4.209 4.259 4.306 4.352 4.396 4.438 4.479 4.518 4.557 4.595 4.632 4.668 4.704 4.739 4.774 4.808 4.842 4.875 4.908 4.941 4.973 5.005 5.035 5.066 5.096 5.127 5.156 5.186 5.214 5.243 5.270 5.298 5.324 5.351 5.376 5.401 5.426 5.450 5.473 5.496 5.518 5.539 5.560 5.580 5.599 5.617 5.634 5.651 5.667 5.683 5.698 5.713 5.728 5.742 5.756 5.770 5.784 5.798 5.813 5.828 5.843 5.859 5.876 5.893 5.911 5.929 5.948 5.967
3.698 3.791 3.872 3.944 4.010 4.072 4.128 4.182 4.233 4.282 4.329 4.373 4.417 4.458 4.498 4.537 4.575 4.612 4.649 4.684 4.720 4.754 4.788 4.822 4.855 4.888 4.921 4.953 4.985 5.015 5.045 5.076 5.106 5.136 5.166 5.195 5.224 5.252 5.280 5.308 5.335 5.361 5.387 5.412 5.437 5.461 5.485 5.508 5.531 5.553 5.574 5.595 5.615 5.633 5.650 5.668 5.685 5.701 5.717 5.732 5.746 5.760 5.774 5.787 5.800 5.814 5.827 5.841 5.855 5.870 5.886 5.902 5.918 5.935 5.953 5.971
3.739 3.827 3.904 3.974 4.038 4.098 4.154 4.206 4.257 4.305 4.351 4.395 4.437 4.478 4.518 4.556 4.594 4.630 4.666 4.701 4.735 4.769 4.803 4.836 4.868 4.901 4.933 4.964 4.996 5.026 5.056 5.086 5.116 5.146 5.175 5.204 5.233 5.261 5.289 5.317 5.344 5.370 5.396 5.422 5.447 5.472 5.496 5.520 5.543 5.565 5.587 5.609 5.629 5.648 5.666 5.684 5.702 5.719 5.735 5.750 5.765 5.779 5.793 5.806 5.818 5.831 5.844 5.857 5.870 5.883 5.897 5.912 5.927 5.943 5.959 5.976
3.778 3.860 3.934 4.002 4.065 4.124 4.178 4.230 4.280 4.327 4.373 4.416 4.458 4.498 4.537 4.575 4.612 4.648 4.683 4.717 4.751 4.784 4.817 4.849 4.882 4.913 4.945 4.976 5.007 5.036 5.066 5.096 5.125 5.155 5.184 5.213 5.241 5.269 5.297 5.325 5.352 5.379 5.405 5.431 5.456 5.481 5.505 5.529 5.553 5.576 5.599 5.621 5.641 5.660 5.680 5.699 5.717 5.735 5.752 5.768 5.783 5.798 5.812 5.825 5.838 5.850 5.862 5.874 5.886 5.899 5.911 5.925 5.938 5.953 5.968 5.984
3.813 3.892 3.963 4.029 4.091 4.149 4.202 4.254 4.303 4.350 4.394 4.437 4.479 4.518 4.557 4.594 4.630 4.666 4.700 4.734 4.767 4.800 4.832 4.863 4.895 4.926 4.957 4.987 5.018 5.047 5.076 5.105 5.134 5.164 5.192 5.221 5.249 5.277 5.305 5.332 5.359 5.386 5.412 5.438 5.464 5.489 5.514 5.538 5.562 5.586 5.609 5.631 5.652 5.672 5.693 5.712 5.732 5.750 5.768 5.785 5.801 5.816 5.830 5.844 5.857 5.869 5.881 5.893 5.905 5.916 5.928 5.940 5.952 5.965 5.979 5.993
3.847 3.922 3.991 4.056 4.116 4.173 4.226 4.277 4.325 4.372 4.416 4.458 4.499 4.538 4.576 4.613 4.649 4.683 4.717 4.750 4.783 4.815 4.847 4.878 4.908 4.939 4.969 4.999 5.029 5.057 5.086 5.115 5.144 5.172 5.201 5.229 5.257 5.285 5.312 5.339 5.366 5.393 5.419 5.445 5.471 5.496 5.521 5.546 5.570 5.594 5.617 5.640 5.662 5.682 5.703 5.724 5.744 5.763 5.782 5.800 5.817 5.833 5.848 5.863 5.876 5.889 5.901 5.913 5.924 5.935 5.946 5.957 5.968 5.980 5.993 6.005
3.878 3.951 4.018 4.081 4.141 4.197 4.249 4.299 4.347 4.393 4.437 4.479 4.519 4.558 4.596 4.632 4.667 4.701 4.735 4.767 4.799 4.831 4.862 4.892 4.922 4.952 4.982 5.011 5.040 5.068 5.096 5.124 5.153 5.181 5.209 5.237 5.264 5.292 5.319 5.346 5.373 5.399 5.425 5.451 5.477 5.502 5.527 5.552 5.577 5.601 5.625 5.648 5.670 5.691 5.713 5.734 5.755 5.775 5.794 5.813 5.831 5.848 5.865 5.880 5.895 5.908 5.921 5.933 5.944 5.955 5.966 5.976 5.987 5.997 6.008 6.019
3.909 3.979 4.045 4.106 4.165 4.220 4.272 4.321 4.369 4.415 4.458 4.500 4.540 4.578 4.615 4.651 4.686 4.719 4.752 4.784 4.816 4.847 4.877 4.907 4.936 4.966 4.995 5.023 5.052 5.079 5.106 5.134 5.162 5.190 5.217 5.244 5.272 5.299 5.325 5.352 5.379 5.405 5.431 5.457 5.482 5.508 5.533 5.558 5.582 5.607 5.631 5.654 5.677 5.699 5.721 5.743 5.764 5.785 5.805 5.825 5.844 5.862 5.879 5.896 5.911 5.926 5.940 5.953 5.964 5.976 5.986 5.996 6.006 6.016 6.026 6.035
3.937 4.006 4.070 4.130 4.188 4.243 4.294 4.343 4.390 4.436 4.479 4.520 4.560 4.598 4.635 4.670 4.704 4.738 4.770 4.802 4.833 4.863 4.893 4.922 4.951 4.980 5.008 5.036 5.064 5.091 5.117 5.144 5.172 5.199 5.225 5.252 5.279 5.306 5.332 5.358 5.384 5.410 5.436 5.462 5.487 5.513 5.538 5.563 5.587 5.612 5.636 5.660 5.683 5.705 5.727 5.750 5.772 5.793 5.814 5.835 5.855 5.874 5.892 5.910 5.926 5.942 5.957 5.971 5.984 5.996 6.007 6.017 6.027 6.037 6.046 6.054
3.965 4.032 4.094 4.154 4.211 4.265 4.316 4.364 4.411 4.456 4.499 4.540 4.580 4.618 4.654 4.689 4.723 4.756 4.788 4.820 4.850 4.880 4.909 4.938 4.966 4.994 5.022 5.049 5.077 5.103 5.129 5.155 5.182 5.208 5.234 5.260 5.287 5.313 5.339 5.364 5.390 5.416 5.441 5.467 5.492 5.517 5.542 5.567 5.592 5.616 5.640 5.665 5.688 5.710 5.733 5.756 5.778 5.800 5.822 5.843 5.864 5.884 5.903 5.922 5.940 5.956 5.972 5.987 6.001 6.014 6.026 6.037 6.048 6.057 6.067 6.075
3.992 4.057 4.118 4.177 4.233 4.286 4.337 4.385 4.432 4.477 4.519 4.560 4.600 4.637 4.674 4.709 4.742 4.775 4.807 4.838 4.868 4.897 4.926 4.954 4.982 5.009 5.036 5.063 5.090 5.115 5.140 5.166 5.192 5.218 5.244 5.269 5.295 5.320 5.345 5.371 5.396 5.421 5.446 5.472 5.497 5.521 5.546 5.571 5.596 5.620 5.644 5.669 5.692 5.714 5.738 5.761 5.784 5.806 5.828 5.850 5.871 5.892 5.912 5.932 5.951 5.969 5.986 6.002 6.017 6.031 6.044 6.057 6.068 6.078 6.088 6.096
4.018 4.081 4.141 4.199 4.254 4.307 4.357 4.405 4.452 4.496 4.539 4.580 4.619 4.657 4.693 4.728 4.761 4.794 4.825 4.856 4.886 4.915 4.943 4.971 4.998 5.025 5.051 5.078 5.104 5.129 5.153 5.178 5.203 5.229 5.253 5.278 5.303 5.328 5.353 5.378 5.402 5.427 5.452 5.476 5.501 5.526 5.550 5.575 5.599 5.624 5.648 5.672 5.695 5.718 5.742 5.765 5.788 5.811 5.834 5.856 5.878 5.899 5.920 5.940 5.960 5.979 5.997 6.014 6.031 6.046 6.061 6.074 6.086 6.098 6.108 6.117
4.043 4.105 4.164 4.221 4.275 4.327 4.377 4.425 4.471 4.516 4.559 4.599 4.639 4.676 4.712 4.747 4.781 4.813 4.844 4.874 4.904 4.933 4.961 4.988 5.015 5.041 5.067 5.093 5.118 5.143 5.166 5.191 5.215 5.240 5.264 5.288 5.313 5.337 5.361 5.385 5.409 5.433 5.457 5.482 5.506 5.530 5.554 5.579 5.603 5.627 5.651 5.676 5.699 5.722 5.745 5.768 5.792 5.815 5.838 5.860 5.883 5.905 5.926 5.947 5.968 5.987 6.007 6.025 6.043 6.059 6.075 6.089 6.103 6.116 6.127 6.137
4.067 4.128 4.186 4.242 4.296 4.347 4.396 4.444 4.490 4.535 4.577 4.618 4.658 4.695 4.731 4.766 4.800 4.832 4.863 4.893 4.923 4.951 4.979 5.006 5.032 5.058 5.084 5.109 5.134 5.157 5.181 5.205 5.228 5.252 5.276 5.299 5.323 5.346 5.369 5.393 5.416 5.440 5.464 5.487 5.511 5.535 5.559 5.583 5.607 5.631 5.655 5.679 5.702 5.725 5.748 5.772 5.795 5.818 5.841 5.864 5.887 5.909 5.931 5.953 5.974 5.994 6.014 6.034 6.052 6.070 6.087 6.103 6.118 6.131 6.144 6.155
4.091 4.150 4.207 4.262 4.316 4.366 4.415 4.463 4.509 4.553 4.596 4.637 4.676 4.714 4.750 4.785 4.818 4.851 4.882 4.912 4.941 4.970 4.997 5.024 5.050 5.076 5.101 5.126 5.150 5.173 5.196 5.219 5.242 5.265 5.288 5.311 5.334 5.356 5.379 5.402 5.425 5.447 5.470 5.493 5.517 5.540 5.563 5.587 5.611 5.634 5.658 5.682 5.705 5.728 5.751 5.774 5.798 5.821 5.844 5.868 5.890 5.913 5.935 5.957 5.979 6.000 6.021 6.041 6.060 6.079 6.097 6.114 6.130 6.145 6.159 6.172
4.114 4.172 4.228 4.282 4.335 4.385 4.433 4.481 4.527 4.571 4.614 4.655 4.694 4.732 4.769 4.803 4.837 4.869 4.901 4.931 4.960 4.988 5.016 5.042 5.068 5.094 5.119 5.143 5.167 5.189 5.212 5.234 5.257 5.279 5.302 5.324 5.346 5.368 5.390 5.412 5.434 5.456 5.478 5.501 5.523 5.546 5.569 5.592 5.615 5.638 5.662 5.685 5.708 5.731 5.754 5.777 5.801 5.824 5.847 5.870 5.893 5.916 5.939 5.961 5.983 6.004 6.026 6.046 6.067 6.086 6.105 6.123 6.140 6.157 6.172 6.186
4.137 4.194 4.249 4.302 4.353 4.403 4.451 4.498 4.544 4.588 4.631 4.672 4.712 4.750 4.786 4.822 4.855 4.888 4.919 4.949 4.979 5.007 5.034 5.061 5.087 5.112 5.137 5.161 5.184 5.206 5.228 5.251 5.273 5.295 5.316 5.338 5.359 5.380 5.401 5.423 5.444 5.465 5.487 5.509 5.531 5.553 5.575 5.598 5.620 5.643 5.666 5.689 5.712 5.734 5.757 5.780 5.803 5.827 5.850 5.873 5.896 5.919 5.942 5.964 5.986 6.008 6.030 6.051 6.072 6.092 6.112 6.131 6.149 6.166 6.183 6.198
4.160 4.215 4.269 4.321 4.372 4.421 4.468 4.515 4.561 4.605 4.647 4.689 4.728 4.767 4.804 4.839 4.873 4.906 4.937 4.968 4.997 5.026 5.053 5.080 5.106 5.131 5.155 5.179 5.202 5.224 5.246 5.268 5.289 5.311 5.332 5.353 5.373 5.394 5.414 5.435 5.456 5.476 5.497 5.518 5.539 5.561 5.582 5.604 5.626 5.649 5.671 5.694 5.716 5.738 5.760 5.783 5.806 5.830 5.853 5.876 5.899 5.922 5.944 5.967 5.989 6.011 6.033 6.055 6.076 6.097 6.117 6.137 6.156 6.174 6.192 6.208
4.182 4.236 4.289 4.340 4.390 4.438 4.485 4.531 4.577 4.621 4.663 4.705 4.745 4.783 4.820 4.856 4.890 4.923 4.955 4.986 5.015 5.044 5.071 5.098 5.124 5.149 5.174 5.198 5.220 5.242 5.264 5.285 5.307 5.328 5.348 5.369 5.389 5.409 5.429 5.449 5.468 5.488 5.508 5.529 5.549 5.570 5.591 5.612 5.634 5.655 5.677 5.699 5.720 5.742 5.764 5.787 5.810 5.833 5.856 5.878 5.901 5.924 5.947 5.969 5.992 6.014 6.036 6.058 6.080 6.101 6.122 6.142 6.162 6.181 6.199 6.216
4.205 4.257 4.309 4.359 4.408 4.455 4.501 4.547 4.592 4.636 4.678 4.720 4.760 4.798 4.836 4.872 4.906 4.940 4.972 5.003 5.033 5.062 5.089 5.116 5.142 5.168 5.192 5.216 5.239 5.260 5.282 5.304 5.325 5.345 5.366 5.386 5.405 5.425 5.444 5.463 5.483 5.502 5.521 5.541 5.560 5.580 5.601 5.621 5.642 5.663 5.684 5.706 5.726 5.747 5.769 5.791 5.814 5.836 5.859 5.881 5.904 5.927 5.950 5.972 5.995 6.017 6.039 6.061 6.083 6.104 6.126 6.146 6.167 6.186 6.205 6.223
4.227 4.278 4.328 4.377 4.426 4.472 4.517 4.563 4.607 4.651 4.693 4.734 4.774 4.813 4.851 4.887 4.922 4.956 4.988 5.019 5.050 5.079 5.107 5.134 5.160 5.186 5.210 5.234 5.257 5.278 5.300 5.322 5.343 5.363 5.383 5.403 5.422 5.442 5.461 5.479 5.498 5.517 5.535 5.554 5.573 5.593 5.612 5.632 5.652 5.672 5.693 5.713 5.732 5.753 5.775 5.796 5.818 5.840 5.863 5.885 5.907 5.930 5.952 5.975 5.997 6.020 6.042 6.064 6.086 6.108 6.129 6.150 6.171 6.191 6.211 6.229
4.249 4.299 4.348 4.396 4.443 4.489 4.533 4.578 4.622 4.665 4.707 4.748 4.788 4.827 4.865 4.901 4.936 4.971 5.003 5.035 5.065 5.095 5.123 5.151 5.177 5.203 5.228 5.252 5.275 5.296 5.318 5.340 5.361 5.381 5.401 5.421 5.440 5.459 5.478 5.496 5.515 5.533 5.551 5.569 5.588 5.606 5.625 5.644 5.663 5.683 5.703 5.722 5.740 5.761 5.781 5.802 5.824 5.845 5.867 5.889 5.911 5.933 5.956 5.978 6.000 6.023 6.045 6.067 6.089 6.111 6.132 6.154 6.175 6.195 6.215 6.234
4.271 4.320 4.368 4.415 4.461 4.505 4.549 4.593 4.636 4.679 4.720 4.761 4.801 4.840 4.878 4.915 4.950 4.984 5.018 5.050 5.080 5.110 5.139 5.167 5.194 5.220 5.245 5.269 5.292 5.314 5.336 5.358 5.379 5.399 5.420 5.439 5.458 5.477 5.496 5.514 5.532 5.550 5.568 5.586 5.604 5.622 5.640 5.658 5.676 5.695 5.714 5.732 5.750 5.769 5.789 5.810 5.830 5.851 5.873 5.894 5.916 5.938 5.959 5.982 6.004 6.026 6.048 6.070 6.092 6.114 6.135 6.157 6.178 6.199 6.219 6.238
4.293 4.341 4.388 4.433 4.479 4.522 4.565 4.608 4.650 4.692 4.733 4.774 4.814 4.852 4.890 4.927 4.963 4.997 5.031 5.063 5.094 5.125 5.154 5.182 5.209 5.235 5.261 5.286 5.309 5.331 5.353 5.375 5.396 5.417 5.437 5.457 5.476 5.495 5.514 5.532 5.550 5.568 5.586 5.603 5.621 5.638 5.656 5.673 5.691 5.708 5.726 5.744 5.761 5.780 5.799 5.818 5.838 5.858 5.879 5.900 5.921 5.942 5.964 5.986 6.007 6.029 6.051 6.073 6.095 6.117 6.139 6.160 6.182 6.203 6.223 6.242
4.316 4.362 4.408 4.452 4.496 4.539 4.581 4.623 4.665 4.706 4.746 4.786 4.826 4.864 4.902 4.939 4.975 5.009 5.043 5.076 5.107 5.138 5.167 5.196 5.223 5.250 5.276 5.301 5.324 5.347 5.369 5.392 5.413 5.434 5.455 5.475 5.494 5.513 5.532 5.551 5.569 5.587 5.604 5.622 5.639 5.656 5.673 5.690 5.707 5.724 5.741 5.757 5.774 5.791 5.810 5.828 5.847 5.867 5.887 5.907 5.927 5.948 5.969 5.990 6.012 6.034 6.055 6.077 6.099 6.121 6.142 6.164 6.185 6.207 6.227 6.246
4.338 4.383 4.428 4.471 4.514 4.556 4.597 4.638 4.679 4.719 4.759 4.798 4.837 4.876 4.913 4.950 4.986 5.021 5.054 5.087 5.119 5.150 5.180 5.209 5.237 5.264 5.290 5.315 5.339 5.362 5.385 5.407 5.429 5.450 5.471 5.492 5.511 5.531 5.550 5.569 5.587 5.605 5.623 5.640 5.657 5.674 5.691 5.707 5.724 5.740 5.757 5.773 5.788 5.805 5.822 5.840 5.858 5.876 5.895 5.915 5.935 5.955 5.975 5.996 6.017 6.038 6.060 6.081 6.103 6.125 6.146 6.168 6.189 6.210 6.231 6.250
4.360 4.405 4.448 4.491 4.533 4.573 4.613 4.653 4.693 4.733 4.772 4.811 4.849 4.887 4.924 4.960 4.996 5.031 5.065 5.098 5.130 5.161 5.192 5.221 5.249 5.276 5.303 5.329 5.353 5.376 5.399 5.422 5.444 5.466 5.487 5.508 5.528 5.548 5.567 5.586 5.605 5.623 5.641 5.659 5.676 5.693 5.709 5.726 5.742 5.758 5.774 5.789 5.804 5.820 5.836 5.853 5.870 5.888 5.906 5.924 5.943 5.963 5.983 6.003 6.023 6.044 6.065 6.086 6.108 6.129 6.150 6.172 6.193 6.214 6.235 6.254
4.383 4.426 4.468 4.510 4.551 4.591 4.630 4.669 4.708 4.747 4.785 4.823 4.861 4.898 4.934 4.971 5.006 5.041 5.075 5.108 5.141 5.172 5.202 5.232 5.260 5.288 5.315 5.341 5.365 5.389 5.412 5.436 5.458 5.480 5.502 5.523 5.543 5.564 5.584 5.603 5.622 5.641 5.659 5.677 5.695 5.712 5.728 5.745 5.761 5.776 5.792 5.807 5.821 5.836 5.852 5.868 5.884 5.900 5.918 5.935 5.953 5.972 5.991 6.011 6.030 6.051 6.071 6.092 6.113 6.134 6.155 6.176 6.198 6.219 6.239 6.259
4.405 4.447 4.489 4.530 4.570 4.608 4.647 4.685 4.723 4.761 4.798 4.835 4.872 4.909 4.945 4.981 5.016 5.050 5.084 5.118 5.150 5.182 5.212 5.242 5.271 5.299 5.326 5.352 5.377 5.401 5.425 5.448 5.471 5.494 5.515 5.537 5.558 5.579 5.599 5.619 5.638 5.658 5.676 5.695 5.712 5.730 5.747 5.763 5.779 5.795 5.811 5.825 5.839 5.853 5.868 5.883 5.899 5.915 5.931 5.948 5.965 5.982 6.001 6.019 6.039 6.058 6.078 6.098 6.119 6.140 6.161 6.182 6.203 6.224 6.244 6.264
4.427 4.469 4.509 4.549 4.588 4.626 4.664 4.701 4.739 4.775 4.812 4.848 4.884 4.920 4.956 4.991 5.025 5.060 5.093 5.127 5.159 5.191 5.221 5.251 5.281 5.309 5.336 5.363 5.388 5.412 5.436 5.460 5.483 5.506 5.528 5.550 5.572 5.593 5.613 5.634 5.654 5.673 5.693 5.711 5.730 5.747 5.765 5.781 5.798 5.813 5.829 5.843 5.857 5.871 5.886 5.900 5.915 5.930 5.946 5.961 5.978 5.994 6.012 6.029 6.048 6.067 6.086 6.106 6.126 6.146 6.167 6.187 6.208 6.229 6.249 6.269
4.449 4.490 4.530 4.569 4.607 4.644 4.681 4.718 4.754 4.790 4.826 4.861 4.897 4.932 4.966 5.001 5.035 5.069 5.102 5.135 5.168 5.199 5.230 5.260 5.290 5.318 5.346 5.373 5.398 5.422 5.447 5.471 5.495 5.518 5.540 5.562 5.584 5.606 5.627 5.647 5.668 5.688 5.708 5.727 5.745 5.764 5.781 5.799 5.815 5.831 5.847 5.862 5.875 5.890 5.904 5.918 5.932 5.947 5.961 5.976 5.992 6.007 6.024 6.041 6.058 6.076 6.095 6.114 6.133 6.153 6.173 6.194 6.214 6.235 6.255 6.274
4.471 4.511 4.550 4.589 4.626 4.662 4.698 4.734 4.770 4.805 4.840 4.875 4.909 4.944 4.978 5.011 5.045 5.078 5.111 5.144 5.176 5.207 5.238 5.268 5.298 5.327 5.354 5.382 5.407 5.432 5.457 5.481 5.505 5.528 5.551 5.574 5.596 5.618 5.639 5.660 5.681 5.701 5.721 5.741 5.760 5.779 5.797 5.815 5.832 5.848 5.865 5.879 5.893 5.908 5.922 5.936 5.950 5.964 5.978 5.992 6.007 6.022 6.037 6.053 6.070 6.087 6.105 6.123 6.142 6.161 6.181 6.201 6.221 6.241 6.261 6.280
4.492 4.532 4.570 4.608 4.644 4.680 4.716 4.751 4.786 4.820 4.855 4.889 4.922 4.956 4.989 5.022 5.055 5.088 5.120 5.152 5.184 5.215 5.246 5.276 5.306 5.335 5.363 5.390 5.416 5.441 5.466 5.491 5.515 5.539 5.562 5.584 5.607 5.629 5.651 5.672 5.693 5.714 5.734 5.754 5.774 5.793 5.812 5.830 5.847 5.864 5.881 5.896 5.911 5.925 5.940 5.954 5.968 5.981 5.995 6.009 6.023 6.037 6.052 6.067 6.082 6.099 6.116 6.133 6.151 6.170 6.189 6.208 6.228 6.248 6.268 6.287
4.513 4.552 4.590 4.627 4.663 4.697 4.733 4.767 4.802 4.836 4.869 4.902 4.935 4.968 5.001 5.033 5.065 5.097 5.129 5.161 5.192 5.223 5.254 5.284 5.313 5.342 5.370 5.398 5.424 5.449 5.475 5.500 5.524 5.548 5.571 5.594 5.617 5.639 5.661 5.683 5.704 5.725 5.746 5.766 5.786 5.806 5.825 5.843 5.862 5.879 5.896 5.912 5.927 5.942 5.957 5.971 5.985 5.999 6.012 6.026 6.039 6.053 6.067 6.081 6.096 6.111 6.127 6.144 6.161 6.179 6.198 6.217 6.236 6.255 6.275 6.293
