version1/TsunamiDB/out54029.asc
ncols          264
nrows          230
xllcorner      497853.4375
yllcorner      4229146.0000
cellsize         5.
NODATA_value   -99
[rows 192 to 223 of 230, columns 142 to 212 of 264]
5.932 5.967 6.001 6.034 6.066 6.098 6.128 6.157 6.184 6.212 6.240 6.269 6.301 6.339 6.383 6.435 6.493 6.556 6.625 6.698 6.771 6.846 6.923 7.000 7.079 7.162 7.244 7.327 7.412 7.489 7.562 7.634 7.708 7.783 7.844 7.855 7.873 7.932 7.977 8.003 8.018 8.028 8.036 8.045 8.049 8.008 7.983 8.013 8.042 8.067 8.088 8.106 8.119 8.126 8.124 8.094 8.067 8.060 8.045 8.023 7.989 7.944 7.889 7.826 7.753 7.657 7.562 7.484 7.412 7.345 7.284
5.919 5.956 5.992 6.027 6.062 6.096 6.129 6.160 6.189 6.217 6.245 6.274 6.304 6.338 6.380 6.430 6.486 6.547 6.617 6.692 6.769 6.849 6.928 7.006 7.084 7.166 7.249 7.334 7.421 7.499 7.573 7.646 7.726 7.809 7.878 7.894 7.912 7.967 8.003 8.022 8.028 8.031 8.035 8.044 8.050 8.011 7.989 8.021 8.050 8.075 8.095 8.113 8.125 8.129 8.124 8.093 8.064 8.052 8.036 8.010 7.973 7.925 7.867 7.800 7.722 7.624 7.525 7.447 7.375 7.311 7.254
5.908 5.947 5.985 6.023 6.060 6.097 6.132 6.165 6.196 6.226 6.255 6.283 6.313 6.346 6.386 6.434 6.489 6.549 6.619 6.694 6.773 6.855 6.936 7.014 7.091 7.171 7.254 7.342 7.431 7.513 7.589 7.668 7.750 7.838 7.916 7.937 7.954 8.002 8.032 8.042 8.040 8.037 8.037 8.044 8.052 8.016 7.996 8.028 8.058 8.082 8.101 8.117 8.128 8.130 8.122 8.089 8.057 8.043 8.023 7.995 7.954 7.903 7.841 7.770 7.689 7.588 7.488 7.409 7.340 7.279 7.227
5.900 5.940 5.980 6.021 6.061 6.100 6.137 6.173 6.206 6.238 6.268 6.297 6.327 6.359 6.398 6.447 6.500 6.559 6.628 6.703 6.784 6.868 6.950 7.028 7.104 7.181 7.262 7.354 7.447 7.532 7.613 7.696 7.781 7.876 7.967 7.989 8.001 8.043 8.064 8.065 8.056 8.046 8.040 8.047 8.061 8.027 8.007 8.039 8.068 8.090 8.108 8.123 8.132 8.131 8.119 8.083 8.049 8.031 8.009 7.976 7.932 7.878 7.813 7.738 7.654 7.550 7.449 7.373 7.307 7.251 7.204
5.894 5.936 5.978 6.021 6.064 6.105 6.145 6.183 6.218 6.252 6.284 6.314 6.345 6.377 6.417 6.467 6.520 6.578 6.647 6.722 6.804 6.888 6.970 7.047 7.122 7.198 7.279 7.375 7.471 7.561 7.650 7.736 7.825 7.940 8.033 8.044 8.050 8.084 8.096 8.088 8.074 8.058 8.048 8.062 8.078 8.041 8.020 8.051 8.078 8.098 8.114 8.126 8.133 8.127 8.110 8.073 8.037 8.017 7.990 7.955 7.908 7.850 7.781 7.703 7.616 7.510 7.410 7.337 7.276 7.226 7.186
5.890 5.934 5.978 6.024 6.069 6.113 6.155 6.195 6.233 6.268 6.302 6.334 6.366 6.401 6.444 6.495 6.548 6.606 6.675 6.750 6.831 6.913 6.995 7.076 7.154 7.227 7.307 7.408 7.511 7.608 7.703 7.798 7.902 8.015 8.091 8.097 8.098 8.122 8.126 8.114 8.094 8.076 8.071 8.084 8.093 8.055 8.034 8.062 8.086 8.104 8.117 8.126 8.128 8.118 8.100 8.061 8.022 7.999 7.970 7.931 7.880 7.818 7.746 7.664 7.576 7.470 7.372 7.302 7.247 7.205 7.172
5.890 5.934 5.980 6.028 6.075 6.121 6.166 6.208 6.249 6.287 6.323 6.357 6.392 6.430 6.475 6.528 6.582 6.641 6.709 6.783 6.862 6.944 7.031 7.117 7.199 7.269 7.349 7.457 7.567 7.671 7.773 7.879 7.985 8.082 8.145 8.146 8.142 8.158 8.157 8.140 8.118 8.102 8.097 8.105 8.109 8.070 8.047 8.072 8.093 8.108 8.118 8.123 8.119 8.107 8.088 8.047 8.005 7.979 7.947 7.904 7.849 7.783 7.707 7.623 7.534 7.429 7.334 7.271 7.223 7.188 7.163
5.892 5.937 5.985 6.034 6.084 6.132 6.179 6.224 6.267 6.308 6.347 6.384 6.422 6.462 6.509 6.565 6.620 6.680 6.748 6.822 6.900 6.985 7.078 7.172 7.256 7.325 7.407 7.523 7.637 7.747 7.856 7.963 8.062 8.145 8.196 8.193 8.184 8.194 8.188 8.168 8.147 8.131 8.123 8.125 8.123 8.083 8.059 8.080 8.097 8.109 8.115 8.115 8.109 8.095 8.074 8.030 7.987 7.957 7.921 7.874 7.815 7.744 7.665 7.580 7.492 7.389 7.299 7.243 7.203 7.176 7.160
5.898 5.944 5.992 6.042 6.094 6.145 6.195 6.243 6.289 6.332 6.374 6.415 6.455 6.497 6.547 6.604 6.662 6.723 6.792 6.867 6.948 7.038 7.137 7.237 7.328 7.396 7.479 7.599 7.717 7.832 7.941 8.043 8.134 8.204 8.245 8.238 8.225 8.229 8.219 8.200 8.177 8.159 8.149 8.144 8.137 8.096 8.070 8.085 8.099 8.107 8.109 8.106 8.097 8.081 8.057 8.012 7.966 7.933 7.892 7.841 7.777 7.703 7.621 7.536 7.450 7.352 7.267 7.220 7.188 7.170 7.160
5.909 5.954 6.002 6.054 6.107 6.160 6.213 6.263 6.312 6.359 6.404 6.447 6.490 6.534 6.586 6.646 6.707 6.769 6.841 6.920 7.004 7.098 7.205 7.313 7.410 7.477 7.560 7.685 7.806 7.920 8.024 8.120 8.201 8.261 8.294 8.282 8.265 8.263 8.251 8.231 8.207 8.186 8.172 8.162 8.150 8.107 8.079 8.089 8.098 8.103 8.101 8.095 8.083 8.065 8.040 7.991 7.942 7.905 7.861 7.805 7.736 7.659 7.575 7.491 7.410 7.318 7.240 7.201 7.178 7.167 7.164
5.926 5.969 6.016 6.068 6.122 6.178 6.233 6.287 6.338 6.389 6.437 6.482 6.527 6.573 6.626 6.690 6.753 6.818 6.895 6.977 7.066 7.166 7.280 7.398 7.501 7.567 7.650 7.778 7.897 8.006 8.105 8.193 8.265 8.317 8.341 8.325 8.303 8.298 8.283 8.261 8.235 8.211 8.192 8.178 8.162 8.117 8.086 8.091 8.095 8.096 8.092 8.083 8.068 8.048 8.019 7.968 7.916 7.875 7.825 7.765 7.693 7.612 7.529 7.448 7.373 7.287 7.218 7.188 7.172 7.167 7.169
5.950 5.990 6.035 6.087 6.141 6.198 6.256 6.312 6.367 6.420 6.471 6.519 6.565 6.614 6.670 6.736 6.803 6.873 6.953 7.041 7.135 7.243 7.365 7.489 7.597 7.661 7.744 7.869 7.982 8.086 8.177 8.258 8.322 8.365 8.382 8.362 8.337 8.328 8.310 8.287 8.259 8.231 8.209 8.190 8.169 8.123 8.089 8.089 8.089 8.087 8.079 8.067 8.051 8.028 7.995 7.941 7.885 7.839 7.785 7.721 7.646 7.564 7.483 7.407 7.339 7.261 7.200 7.178 7.168 7.168 7.174
5.980 6.017 6.060 6.110 6.164 6.222 6.281 6.340 6.398 6.454 6.507 6.558 6.607 6.657 6.716 6.786 6.857 6.930 7.016 7.108 7.208 7.321 7.447 7.575 7.689 7.754 7.833 7.953 8.062 8.159 8.243 8.317 8.375 8.411 8.423 8.399 8.371 8.358 8.339 8.313 8.282 8.251 8.226 8.202 8.177 8.128 8.091 8.086 8.082 8.076 8.065 8.051 8.032 8.006 7.970 7.911 7.851 7.800 7.742 7.675 7.598 7.517 7.439 7.369 7.310 7.240 7.186 7.171 7.167 7.171 7.179
6.018 6.051 6.090 6.138 6.191 6.249 6.309 6.370 6.431 6.489 6.545 6.599 6.650 6.703 6.763 6.837 6.912 6.990 7.079 7.177 7.282 7.401 7.530 7.665 7.789 7.851 7.924 8.040 8.144 8.235 8.313 8.381 8.433 8.462 8.467 8.439 8.407 8.391 8.369 8.341 8.306 8.272 8.242 8.213 8.184 8.132 8.091 8.083 8.075 8.065 8.051 8.034 8.013 7.983 7.941 7.879 7.814 7.759 7.698 7.628 7.551 7.473 7.399 7.337 7.287 7.226 7.179 7.170 7.170 7.176 7.187
6.062 6.091 6.127 6.171 6.223 6.280 6.341 6.403 6.466 6.527 6.585 6.641 6.694 6.748 6.812 6.891 6.970 7.052 7.146 7.249 7.361 7.485 7.619 7.769 7.893 7.946 8.013 8.125 8.223 8.308 8.381 8.442 8.488 8.509 8.507 8.476 8.442 8.423 8.398 8.366 8.329 8.290 8.255 8.222 8.188 8.133 8.090 8.077 8.065 8.051 8.034 8.014 7.990 7.955 7.908 7.842 7.773 7.715 7.650 7.581 7.506 7.432 7.364 7.312 7.273 7.217 7.176 7.172 7.175 7.183 7.195
6.112 6.137 6.170 6.211 6.260 6.315 6.375 6.439 6.503 6.566 6.626 6.682 6.738 6.797 6.868 6.950 7.033 7.120 7.220 7.329 7.447 7.579 7.725 7.872 7.984 8.033 8.097 8.204 8.297 8.379 8.446 8.500 8.538 8.551 8.547 8.513 8.475 8.453 8.425 8.390 8.349 8.306 8.266 8.227 8.188 8.132 8.086 8.068 8.052 8.036 8.015 7.992 7.963 7.922 7.873 7.803 7.730 7.668 7.603 7.535 7.464 7.396 7.339 7.296 7.262 7.212 7.177 7.175 7.181 7.191 7.202
6.167 6.190 6.219 6.256 6.302 6.355 6.413 6.476 6.541 6.605 6.666 6.726 6.787 6.853 6.929 7.014 7.101 7.195 7.301 7.416 7.539 7.677 7.824 7.960 8.066 8.112 8.173 8.277 8.368 8.445 8.506 8.554 8.584 8.594 8.588 8.550 8.508 8.483 8.451 8.412 8.366 8.318 8.272 8.229 8.186 8.127 8.078 8.056 8.037 8.017 7.992 7.965 7.930 7.887 7.834 7.761 7.684 7.621 7.558 7.492 7.427 7.369 7.321 7.284 7.255 7.211 7.180 7.180 7.187 7.197 7.208
6.224 6.246 6.273 6.307 6.348 6.398 6.454 6.516 6.581 6.647 6.710 6.774 6.842 6.915 6.995 7.084 7.176 7.277 7.388 7.505 7.634 7.771 7.910 8.038 8.140 8.185 8.244 8.346 8.435 8.508 8.564 8.605 8.630 8.636 8.626 8.584 8.539 8.510 8.474 8.431 8.380 8.327 8.276 8.227 8.181 8.119 8.067 8.042 8.019 7.995 7.966 7.933 7.895 7.848 7.793 7.717 7.638 7.576 7.515 7.454 7.397 7.347 7.307 7.277 7.251 7.211 7.184 7.186 7.193 7.203 7.213
6.282 6.304 6.330 6.361 6.400 6.447 6.500 6.559 6.624 6.691 6.760 6.830 6.904 6.983 7.068 7.161 7.257 7.363 7.477 7.598 7.724 7.854 7.986 8.108 8.208 8.254 8.311 8.411 8.497 8.567 8.619 8.655 8.675 8.678 8.664 8.618 8.569 8.536 8.495 8.447 8.390 8.332 8.276 8.223 8.172 8.107 8.053 8.024 7.997 7.969 7.936 7.899 7.856 7.807 7.750 7.672 7.593 7.534 7.476 7.422 7.372 7.330 7.298 7.272 7.250 7.214 7.190 7.192 7.199 7.208 7.215
6.339 6.362 6.388 6.418 6.454 6.499 6.549 6.607 6.672 6.742 6.816 6.892 6.973 7.058 7.147 7.241 7.340 7.449 7.567 7.687 7.804 7.926 8.051 8.170 8.273 8.319 8.375 8.473 8.559 8.625 8.672 8.704 8.720 8.718 8.700 8.650 8.596 8.558 8.512 8.458 8.397 8.333 8.272 8.214 8.160 8.092 8.034 8.002 7.971 7.938 7.901 7.860 7.815 7.763 7.706 7.628 7.550 7.494 7.442 7.395 7.353 7.318 7.291 7.270 7.252 7.219 7.196 7.198 7.204 7.211 7.217
6.394 6.420 6.446 6.475 6.511 6.554 6.604 6.659 6.725 6.800 6.878 6.960 7.047 7.137 7.228 7.321 7.421 7.535 7.652 7.766 7.877 7.992 8.110 8.230 8.336 8.383 8.437 8.537 8.619 8.680 8.723 8.751 8.762 8.756 8.733 8.678 8.621 8.577 8.524 8.466 8.399 8.330 8.264 8.202 8.143 8.073 8.012 7.975 7.940 7.904 7.864 7.819 7.771 7.719 7.662 7.584 7.509 7.458 7.413 7.372 7.337 7.309 7.288 7.270 7.254 7.223 7.202 7.204 7.208 7.214 7.218
6.446 6.474 6.502 6.532 6.569 6.614 6.663 6.718 6.787 6.863 6.946 7.035 7.127 7.218 7.309 7.400 7.499 7.614 7.729 7.839 7.944 8.051 8.167 8.288 8.398 8.446 8.500 8.598 8.674 8.731 8.769 8.793 8.801 8.789 8.760 8.702 8.639 8.589 8.532 8.468 8.396 8.322 8.251 8.184 8.121 8.048 7.984 7.943 7.904 7.865 7.821 7.774 7.725 7.673 7.618 7.543 7.471 7.426 7.386 7.353 7.324 7.301 7.285 7.270 7.256 7.228 7.207 7.207 7.211 7.215 7.218
6.495 6.526 6.557 6.590 6.628 6.675 6.726 6.782 6.852 6.930 7.016 7.110 7.204 7.297 7.387 7.475 7.572 7.686 7.800 7.908 8.009 8.113 8.224 8.343 8.457 8.508 8.561 8.654 8.726 8.778 8.812 8.832 8.835 8.820 8.785 8.721 8.654 8.598 8.536 8.466 8.388 8.309 8.233 8.162 8.095 8.018 7.951 7.906 7.865 7.823 7.776 7.728 7.679 7.628 7.575 7.503 7.436 7.397 7.364 7.336 7.313 7.296 7.283 7.271 7.259 7.232 7.212 7.211 7.214 7.217 7.218
6.540 6.575 6.609 6.644 6.686 6.737 6.791 6.848 6.919 6.999 7.089 7.187 7.284 7.378 7.468 7.550 7.642 7.756 7.871 7.976 8.075 8.175 8.281 8.401 8.525 8.575 8.624 8.712 8.779 8.824 8.853 8.869 8.868 8.848 8.806 8.737 8.665 8.604 8.536 8.460 8.376 8.292 8.212 8.136 8.065 7.984 7.913 7.866 7.822 7.777 7.730 7.682 7.633 7.584 7.536 7.468 7.406 7.373 7.346 7.324 7.306 7.294 7.284 7.275 7.263 7.237 7.217 7.216 7.217 7.218 7.218
6.583 6.620 6.657 6.695 6.741 6.799 6.856 6.917 6.990 7.072 7.166 7.265 7.364 7.460 7.547 7.623 7.711 7.825 7.939 8.044 8.144 8.241 8.343 8.478 8.604 8.643 8.686 8.767 8.827 8.867 8.890 8.901 8.897 8.868 8.818 8.747 8.671 8.604 8.530 8.448 8.360 8.270 8.184 8.104 8.028 7.944 7.872 7.822 7.776 7.730 7.683 7.635 7.588 7.544 7.501 7.437 7.381 7.353 7.331 7.315 7.302 7.293 7.286 7.278 7.266 7.241 7.222 7.220 7.219 7.219 7.217
6.622 6.662 6.702 6.746 6.799 6.863 6.924 6.988 7.064 7.150 7.244 7.344 7.445 7.542 7.628 7.698 7.781 7.895 8.010 8.117 8.218 8.319 8.433 8.564 8.671 8.705 8.744 8.817 8.869 8.903 8.922 8.927 8.915 8.879 8.828 8.753 8.672 8.599 8.520 8.432 8.337 8.241 8.150 8.064 7.986 7.901 7.826 7.774 7.727 7.682 7.635 7.590 7.548 7.509 7.469 7.409 7.358 7.336 7.319 7.308 7.299 7.292 7.287 7.280 7.269 7.246 7.226 7.223 7.221 7.219 7.216
6.658 6.702 6.747 6.798 6.857 6.925 6.991 7.059 7.138 7.226 7.320 7.420 7.524 7.623 7.710 7.774 7.852 7.969 8.087 8.197 8.301 8.410 8.526 8.641 8.733 8.762 8.795 8.859 8.905 8.934 8.946 8.945 8.925 8.886 8.832 8.753 8.667 8.589 8.503 8.409 8.307 8.205 8.108 8.019 7.939 7.852 7.776 7.724 7.678 7.634 7.590 7.549 7.511 7.475 7.440 7.385 7.339 7.321 7.310 7.302 7.296 7.292 7.288 7.281 7.272 7.249 7.229 7.225 7.222 7.218 7.213
6.693 6.742 6.793 6.848 6.912 6.985 7.056 7.129 7.211 7.298 7.393 7.495 7.601 7.704 7.792 7.853 7.930 8.051 8.170 8.282 8.393 8.503 8.611 8.711 8.789 8.813 8.841 8.896 8.935 8.958 8.965 8.956 8.931 8.889 8.831 8.747 8.656 8.572 8.480 8.378 8.269 8.160 8.059 7.969 7.888 7.800 7.724 7.674 7.629 7.587 7.547 7.510 7.477 7.446 7.413 7.363 7.322 7.309 7.302 7.297 7.294 7.291 7.288 7.282 7.274 7.251 7.231 7.226 7.221 7.215 7.208
6.728 6.783 6.839 6.898 6.966 7.044 7.119 7.195 7.280 7.370 7.464 7.566 7.677 7.784 7.879 7.938 8.015 8.138 8.258 8.374 8.484 8.590 8.690 8.776 8.841 8.860 8.882 8.928 8.959 8.976 8.976 8.962 8.932 8.885 8.824 8.736 8.638 8.548 8.447 8.338 8.222 8.108 8.005 7.913 7.833 7.747 7.672 7.624 7.582 7.544 7.508 7.475 7.446 7.418 7.390 7.345 7.308 7.299 7.295 7.293 7.292 7.290 7.288 7.283 7.274 7.252 7.231 7.225 7.218 7.210 7.200
6.763 6.823 6.883 6.947 7.018 7.099 7.178 7.258 7.346 7.437 7.531 7.635 7.749 7.866 7.969 8.028 8.103 8.229 8.351 8.466 8.572 8.672 8.761 8.835 8.889 8.902 8.918 8.954 8.978 8.989 8.983 8.963 8.928 8.877 8.811 8.716 8.612 8.514 8.405 8.288 8.166 8.049 7.944 7.854 7.777 7.693 7.620 7.576 7.538 7.503 7.471 7.443 7.418 7.394 7.371 7.329 7.296 7.290 7.289 7.289 7.289 7.289 7.287 7.282 7.274 7.251 7.230 7.222 7.213 7.203 7.191
6.796 6.861 6.926 6.993 7.066 7.149 7.232 7.316 7.408 7.500 7.597 7.703 7.823 7.950 8.062 8.122 8.197 8.326 8.446 8.555 8.655 8.747 8.828 8.890 8.932 8.939 8.948 8.976 8.992 8.996 8.986 8.960 8.918 8.862 8.790 8.688 8.576 8.469 8.351 8.227 8.102 7.983 7.880 7.794 7.720 7.639 7.571 7.530 7.496 7.466 7.438 7.414 7.392 7.373 7.354 7.316 7.286 7.284 7.284 7.286 7.287 7.287 7.286 7.281 7.272 7.248 7.227 7.216 7.205 7.193 7.179
6.828 6.899 6.967 7.036 7.111 7.196 7.283 7.371 7.466 7.563 7.662 7.772 7.901 8.037 8.158 8.219 8.295 8.423 8.535 8.638 8.730 8.814 8.885 8.936 8.968 8.969 8.972 8.990 9.000 8.999 8.982 8.950 8.903 8.840 8.760 8.650 8.528 8.411 8.286 8.156 8.029 7.912 7.814 7.732 7.664 7.587 7.523 7.487 7.457 7.432 7.408 7.387 7.370 7.354 7.338 7.305 7.278 7.277 7.279 7.282 7.283 7.284 7.283 7.277 7.267 7.243 7.220 7.207 7.194 7.179 7.163
