version1/TsunamiDB/out54150.asc
ncols          264
nrows          230
xllcorner      497853.4375
yllcorner      4229146.0000
cellsize         5.
NODATA_value   -99
[rows 170 to 203 of 230, columns 0 to 76 of 264]
6.218 6.229 6.241 6.253 6.265 6.278 6.289 6.300 6.311 6.321 6.332 6.342 6.353 6.364 6.374 6.384 6.395 6.405 6.415 6.425 6.435 6.445 6.454 6.463 6.472 6.481 6.490 6.498 6.506 6.514 6.521 6.527 6.532 6.537 6.542 6.547 6.552 6.558 6.564 6.570 6.577 6.585 6.594 6.604 6.615 6.627 6.639 6.653 6.667 6.681 6.696 6.711 6.726 6.740 6.753 6.766 6.778 6.789 6.799 6.809 6.818 6.827 6.835 6.843 6.851 6.858 6.865 6.872 6.879 6.885 6.892 6.898 6.904 6.910 6.916 6.922 6.928
6.220 6.232 6.244 6.256 6.268 6.280 6.292 6.303 6.313 6.324 6.335 6.345 6.356 6.367 6.377 6.388 6.398 6.408 6.419 6.429 6.439 6.448 6.458 6.467 6.476 6.485 6.494 6.502 6.511 6.518 6.525 6.531 6.536 6.541 6.546 6.551 6.555 6.559 6.564 6.569 6.574 6.581 6.588 6.596 6.605 6.615 6.626 6.638 6.651 6.665 6.679 6.694 6.709 6.724 6.737 6.751 6.763 6.776 6.787 6.798 6.809 6.819 6.828 6.837 6.846 6.854 6.862 6.869 6.876 6.883 6.890 6.897 6.903 6.909 6.916 6.922 6.928
6.223 6.235 6.247 6.259 6.271 6.283 6.295 6.305 6.316 6.327 6.338 6.348 6.359 6.369 6.380 6.391 6.401 6.411 6.422 6.432 6.442 6.452 6.461 6.471 6.480 6.489 6.498 6.507 6.515 6.523 6.530 6.536 6.541 6.546 6.551 6.555 6.559 6.563 6.567 6.571 6.575 6.580 6.585 6.592 6.599 6.607 6.616 6.627 6.638 6.650 6.664 6.678 6.693 6.707 6.720 6.734 6.748 6.761 6.773 6.785 6.797 6.808 6.819 6.829 6.838 6.847 6.856 6.864 6.872 6.880 6.887 6.894 6.901 6.908 6.914 6.921 6.928
6.225 6.237 6.249 6.261 6.273 6.286 6.297 6.308 6.319 6.330 6.340 6.351 6.362 6.372 6.383 6.394 6.404 6.415 6.425 6.435 6.445 6.455 6.465 6.475 6.484 6.493 6.502 6.511 6.520 6.528 6.535 6.541 6.547 6.552 6.557 6.561 6.565 6.568 6.572 6.575 6.578 6.582 6.586 6.591 6.596 6.603 6.610 6.619 6.628 6.639 6.651 6.664 6.678 6.691 6.704 6.718 6.731 6.745 6.758 6.771 6.783 6.795 6.807 6.818 6.828 6.838 6.848 6.857 6.865 6.874 6.882 6.889 6.897 6.904 6.911 6.919 6.925
6.228 6.240 6.252 6.264 6.276 6.288 6.300 6.311 6.322 6.332 6.343 6.354 6.365 6.375 6.386 6.397 6.407 6.418 6.428 6.438 6.449 6.459 6.469 6.478 6.488 6.497 6.506 6.515 6.524 6.533 6.540 6.546 6.552 6.558 6.563 6.567 6.571 6.575 6.578 6.581 6.584 6.586 6.590 6.593 6.597 6.602 6.608 6.614 6.622 6.631 6.641 6.653 6.665 6.677 6.689 6.702 6.715 6.729 6.742 6.755 6.768 6.780 6.793 6.805 6.816 6.827 6.837 6.847 6.857 6.866 6.875 6.883 6.891 6.899 6.907 6.915 6.922
6.230 6.242 6.255 6.267 6.279 6.291 6.303 6.314 6.325 6.335 6.346 6.357 6.368 6.378 6.389 6.400 6.410 6.421 6.431 6.442 6.452 6.462 6.472 6.482 6.492 6.501 6.511 6.520 6.529 6.537 6.545 6.552 6.558 6.564 6.569 6.573 6.578 6.581 6.585 6.587 6.590 6.592 6.595 6.598 6.601 6.604 6.608 6.614 6.620 6.627 6.635 6.645 6.655 6.666 6.677 6.689 6.701 6.714 6.727 6.740 6.753 6.766 6.778 6.791 6.803 6.814 6.825 6.836 6.847 6.856 6.866 6.875 6.884 6.893 6.901 6.910 6.917
6.233 6.245 6.257 6.269 6.281 6.294 6.306 6.316 6.327 6.338 6.349 6.360 6.371 6.381 6.392 6.403 6.414 6.424 6.435 6.445 6.455 6.466 6.476 6.486 6.496 6.505 6.515 6.524 6.533 6.542 6.550 6.557 6.563 6.569 6.575 6.580 6.585 6.588 6.592 6.595 6.597 6.600 6.602 6.604 6.606 6.609 6.612 6.615 6.620 6.626 6.633 6.641 6.649 6.658 6.668 6.679 6.690 6.701 6.713 6.726 6.738 6.751 6.764 6.776 6.789 6.801 6.813 6.824 6.835 6.846 6.856 6.866 6.875 6.884 6.894 6.903 6.910
6.235 6.248 6.260 6.272 6.284 6.297 6.308 6.319 6.330 6.341 6.352 6.363 6.373 6.384 6.395 6.406 6.417 6.427 6.438 6.448 6.459 6.469 6.479 6.489 6.499 6.509 6.519 6.528 6.538 6.547 6.554 6.562 6.569 6.575 6.581 6.587 6.591 6.596 6.599 6.603 6.605 6.608 6.610 6.611 6.613 6.615 6.617 6.620 6.623 6.627 6.633 6.639 6.646 6.654 6.662 6.671 6.681 6.691 6.702 6.714 6.726 6.738 6.750 6.763 6.775 6.787 6.800 6.811 6.823 6.834 6.845 6.855 6.865 6.875 6.885 6.894 6.903
6.238 6.250 6.262 6.275 6.287 6.299 6.311 6.322 6.333 6.344 6.355 6.366 6.376 6.387 6.398 6.409 6.420 6.431 6.441 6.452 6.462 6.473 6.483 6.493 6.503 6.513 6.523 6.532 6.542 6.551 6.559 6.567 6.574 6.581 6.587 6.593 6.598 6.603 6.607 6.610 6.613 6.616 6.618 6.620 6.621 6.623 6.624 6.626 6.628 6.631 6.635 6.640 6.646 6.652 6.659 6.667 6.675 6.684 6.694 6.705 6.716 6.727 6.739 6.751 6.763 6.775 6.787 6.799 6.811 6.822 6.833 6.844 6.855 6.865 6.876 6.885 6.894
6.240 6.253 6.265 6.277 6.290 6.302 6.314 6.325 6.336 6.347 6.358 6.368 6.379 6.390 6.401 6.412 6.423 6.434 6.445 6.455 6.466 6.476 6.487 6.497 6.507 6.517 6.527 6.537 6.546 6.556 6.564 6.572 6.580 6.587 6.593 6.599 6.605 6.610 6.615 6.618 6.622 6.625 6.627 6.629 6.630 6.631 6.632 6.634 6.635 6.637 6.640 6.644 6.648 6.653 6.658 6.665 6.672 6.680 6.689 6.698 6.708 6.718 6.729 6.741 6.752 6.764 6.776 6.787 6.799 6.811 6.822 6.833 6.844 6.855 6.866 6.876 6.885
6.243 6.255 6.267 6.280 6.292 6.305 6.316 6.327 6.338 6.349 6.360 6.371 6.382 6.393 6.404 6.415 6.426 6.437 6.448 6.459 6.469 6.480 6.490 6.500 6.511 6.521 6.531 6.541 6.551 6.560 6.569 6.577 6.585 6.592 6.599 6.605 6.611 6.617 6.622 6.626 6.630 6.633 6.636 6.638 6.639 6.641 6.641 6.642 6.643 6.645 6.647 6.650 6.653 6.656 6.660 6.665 6.671 6.678 6.685 6.694 6.703 6.712 6.722 6.733 6.743 6.755 6.766 6.777 6.789 6.800 6.812 6.823 6.834 6.845 6.856 6.867 6.876
6.245 6.258 6.270 6.282 6.295 6.307 6.319 6.330 6.341 6.352 6.363 6.374 6.385 6.396 6.407 6.418 6.429 6.440 6.451 6.462 6.473 6.483 6.494 6.504 6.514 6.525 6.535 6.545 6.555 6.565 6.573 6.582 6.590 6.597 6.605 6.612 6.618 6.624 6.629 6.634 6.638 6.642 6.645 6.647 6.649 6.650 6.651 6.652 6.653 6.654 6.655 6.657 6.659 6.661 6.664 6.668 6.673 6.678 6.685 6.692 6.699 6.708 6.717 6.727 6.737 6.747 6.758 6.769 6.780 6.791 6.802 6.813 6.825 6.836 6.847 6.857 6.867
6.248 6.260 6.272 6.285 6.297 6.310 6.322 6.333 6.344 6.355 6.366 6.377 6.388 6.399 6.410 6.421 6.432 6.443 6.454 6.465 6.476 6.487 6.497 6.508 6.518 6.528 6.539 6.549 6.559 6.569 6.578 6.587 6.595 6.603 6.610 6.617 6.624 6.630 6.636 6.641 6.646 6.650 6.654 6.656 6.659 6.660 6.661 6.662 6.663 6.663 6.664 6.665 6.667 6.668 6.670 6.673 6.676 6.681 6.686 6.692 6.699 6.706 6.714 6.723 6.732 6.742 6.752 6.762 6.773 6.784 6.795 6.805 6.816 6.827 6.838 6.849 6.859
6.250 6.262 6.275 6.287 6.300 6.313 6.324 6.335 6.346 6.357 6.368 6.380 6.391 6.402 6.413 6.424 6.435 6.446 6.457 6.468 6.479 6.490 6.500 6.511 6.522 6.532 6.542 6.553 6.563 6.573 6.582 6.591 6.600 6.608 6.616 6.623 6.630 6.637 6.643 6.649 6.654 6.658 6.662 6.666 6.668 6.670 6.672 6.672 6.673 6.673 6.674 6.675 6.676 6.676 6.677 6.679 6.682 6.685 6.689 6.694 6.700 6.706 6.713 6.721 6.730 6.739 6.748 6.758 6.768 6.778 6.788 6.799 6.810 6.820 6.831 6.842 6.852
6.252 6.265 6.277 6.290 6.303 6.315 6.326 6.337 6.349 6.360 6.371 6.382 6.393 6.405 6.416 6.427 6.438 6.449 6.460 6.471 6.482 6.493 6.504 6.514 6.525 6.536 6.546 6.557 6.568 6.578 6.587 6.596 6.604 6.613 6.621 6.629 6.636 6.643 6.650 6.656 6.661 6.666 6.671 6.675 6.678 6.680 6.682 6.683 6.684 6.684 6.685 6.685 6.686 6.686 6.686 6.687 6.688 6.691 6.694 6.698 6.702 6.708 6.714 6.721 6.729 6.737 6.746 6.755 6.764 6.774 6.784 6.794 6.804 6.815 6.825 6.836 6.846
6.254 6.267 6.279 6.292 6.305 6.317 6.328 6.340 6.351 6.362 6.373 6.385 6.396 6.407 6.418 6.430 6.441 6.452 6.463 6.474 6.485 6.496 6.507 6.518 6.528 6.539 6.550 6.561 6.571 6.582 6.591 6.600 6.609 6.617 6.626 6.634 6.642 6.649 6.656 6.663 6.669 6.674 6.679 6.683 6.687 6.690 6.692 6.693 6.695 6.695 6.696 6.696 6.696 6.696 6.696 6.696 6.696 6.698 6.700 6.703 6.707 6.711 6.717 6.723 6.729 6.737 6.745 6.753 6.762 6.771 6.780 6.790 6.800 6.810 6.821 6.831 6.841
6.256 6.269 6.281 6.294 6.307 6.319 6.330 6.342 6.353 6.364 6.375 6.387 6.398 6.409 6.421 6.432 6.443 6.455 6.466 6.477 6.488 6.499 6.510 6.521 6.532 6.542 6.553 6.564 6.575 6.585 6.595 6.604 6.613 6.622 6.631 6.639 6.647 6.655 6.662 6.669 6.675 6.681 6.687 6.692 6.696 6.699 6.702 6.704 6.705 6.706 6.707 6.707 6.707 6.707 6.706 6.706 6.706 6.706 6.707 6.709 6.712 6.716 6.720 6.726 6.732 6.738 6.745 6.753 6.761 6.770 6.779 6.788 6.797 6.807 6.817 6.827 6.837
6.258 6.271 6.283 6.296 6.309 6.321 6.332 6.343 6.355 6.366 6.377 6.389 6.400 6.412 6.423 6.434 6.446 6.457 6.468 6.479 6.491 6.502 6.513 6.524 6.535 6.545 6.556 6.568 6.579 6.589 6.599 6.608 6.617 6.626 6.635 6.644 6.652 6.660 6.668 6.675 6.682 6.688 6.694 6.699 6.704 6.708 6.711 6.714 6.716 6.717 6.718 6.719 6.719 6.718 6.717 6.716 6.716 6.716 6.716 6.717 6.719 6.722 6.726 6.730 6.735 6.741 6.747 6.754 6.762 6.770 6.778 6.787 6.796 6.805 6.815 6.825 6.834
6.260 6.272 6.285 6.297 6.310 6.322 6.334 6.345 6.357 6.368 6.379 6.391 6.402 6.414 6.425 6.436 6.448 6.459 6.470 6.482 6.493 6.504 6.515 6.526 6.537 6.548 6.559 6.571 6.582 6.592 6.602 6.612 6.621 6.630 6.639 6.648 6.657 6.665 6.673 6.681 6.688 6.695 6.701 6.707 6.712 6.717 6.720 6.723 6.726 6.728 6.729 6.730 6.731 6.730 6.729 6.728 6.727 6.726 6.726 6.726 6.727 6.729 6.732 6.736 6.740 6.745 6.751 6.757 6.764 6.771 6.779 6.787 6.796 6.805 6.814 6.824 6.833
6.261 6.274 6.286 6.299 6.312 6.324 6.335 6.347 6.358 6.369 6.381 6.392 6.404 6.415 6.427 6.438 6.450 6.461 6.472 6.484 6.495 6.506 6.517 6.529 6.540 6.551 6.562 6.574 6.585 6.595 6.605 6.615 6.624 6.634 6.643 6.652 6.661 6.670 6.678 6.686 6.694 6.701 6.708 6.714 6.719 6.725 6.729 6.733 6.736 6.738 6.740 6.742 6.742 6.741 6.740 6.739 6.738 6.737 6.736 6.736 6.736 6.738 6.740 6.742 6.746 6.750 6.755 6.761 6.767 6.774 6.781 6.789 6.797 6.805 6.814 6.823 6.832
6.263 6.275 6.288 6.300 6.313 6.325 6.337 6.348 6.359 6.371 6.382 6.394 6.405 6.417 6.428 6.440 6.451 6.463 6.474 6.485 6.497 6.508 6.519 6.531 6.542 6.553 6.565 6.576 6.587 6.598 6.608 6.618 6.628 6.637 6.647 6.656 6.665 6.674 6.682 6.691 6.699 6.706 6.714 6.720 6.726 6.732 6.737 6.741 6.745 6.748 6.751 6.753 6.753 6.753 6.752 6.751 6.750 6.748 6.747 6.746 6.746 6.747 6.748 6.750 6.753 6.756 6.760 6.765 6.771 6.777 6.784 6.791 6.798 6.807 6.815 6.824 6.832
6.264 6.276 6.289 6.301 6.314 6.326 6.338 6.349 6.361 6.372 6.383 6.395 6.406 6.418 6.430 6.441 6.453 6.464 6.476 6.487 6.498 6.510 6.521 6.533 6.544 6.555 6.567 6.578 6.590 6.600 6.610 6.620 6.630 6.640 6.650 6.659 6.669 6.678 6.687 6.695 6.703 6.711 6.719 6.726 6.733 6.739 6.744 6.749 6.753 6.757 6.761 6.763 6.764 6.764 6.764 6.763 6.761 6.760 6.759 6.757 6.757 6.757 6.757 6.758 6.760 6.763 6.767 6.771 6.776 6.781 6.787 6.794 6.801 6.809 6.817 6.825 6.833
6.265 6.277 6.290 6.302 6.315 6.327 6.339 6.350 6.362 6.373 6.384 6.396 6.408 6.419 6.431 6.442 6.454 6.465 6.477 6.488 6.500 6.511 6.523 6.534 6.546 6.557 6.569 6.580 6.592 6.602 6.612 6.623 6.633 6.643 6.653 6.662 6.672 6.681 6.690 6.699 6.708 6.716 6.724 6.731 6.738 6.745 6.751 6.756 6.761 6.766 6.770 6.772 6.774 6.775 6.775 6.774 6.773 6.772 6.770 6.769 6.768 6.767 6.767 6.767 6.769 6.771 6.774 6.777 6.781 6.786 6.792 6.798 6.805 6.812 6.820 6.827 6.835
6.266 6.278 6.291 6.303 6.316 6.328 6.340 6.351 6.362 6.374 6.385 6.397 6.408 6.420 6.432 6.443 6.455 6.466 6.478 6.489 6.501 6.512 6.524 6.535 6.547 6.558 6.570 6.582 6.593 6.604 6.614 6.625 6.635 6.645 6.655 6.665 6.674 6.684 6.693 6.702 6.711 6.720 6.728 6.736 6.744 6.751 6.757 6.763 6.769 6.773 6.778 6.781 6.783 6.785 6.785 6.785 6.784 6.783 6.782 6.780 6.779 6.778 6.777 6.777 6.778 6.779 6.781 6.784 6.788 6.792 6.797 6.803 6.809 6.816 6.823 6.830 6.837
6.266 6.279 6.291 6.304 6.317 6.329 6.340 6.352 6.363 6.375 6.386 6.398 6.409 6.421 6.432 6.444 6.456 6.467 6.479 6.490 6.502 6.513 6.525 6.536 6.548 6.560 6.571 6.583 6.595 6.605 6.616 6.626 6.637 6.647 6.657 6.667 6.677 6.686 6.696 6.705 6.714 6.723 6.732 6.740 6.748 6.755 6.762 6.769 6.775 6.780 6.786 6.790 6.792 6.794 6.795 6.795 6.795 6.794 6.793 6.791 6.790 6.789 6.788 6.787 6.787 6.788 6.790 6.792 6.795 6.798 6.803 6.808 6.814 6.820 6.827 6.833 6.840
6.267 6.280 6.292 6.305 6.317 6.330 6.341 6.352 6.364 6.375 6.387 6.398 6.410 6.421 6.433 6.445 6.456 6.468 6.479 6.491 6.503 6.514 6.526 6.537 6.549 6.560 6.572 6.584 6.596 6.606 6.617 6.628 6.638 6.648 6.659 6.669 6.679 6.689 6.698 6.708 6.717 6.726 6.735 6.744 6.752 6.760 6.767 6.774 6.781 6.787 6.792 6.797 6.800 6.803 6.804 6.805 6.805 6.805 6.804 6.802 6.801 6.800 6.798 6.797 6.797 6.797 6.798 6.800 6.802 6.805 6.809 6.813 6.819 6.825 6.831 6.837 6.844
6.268 6.280 6.293 6.305 6.318 6.330 6.341 6.353 6.364 6.376 6.387 6.399 6.410 6.422 6.433 6.445 6.457 6.468 6.480 6.492 6.503 6.515 6.526 6.538 6.550 6.561 6.573 6.585 6.597 6.607 6.618 6.629 6.639 6.650 6.660 6.670 6.680 6.690 6.700 6.710 6.720 6.729 6.738 6.747 6.755 6.764 6.771 6.779 6.786 6.792 6.798 6.803 6.807 6.811 6.813 6.814 6.815 6.815 6.814 6.813 6.812 6.810 6.809 6.808 6.807 6.807 6.807 6.808 6.810 6.812 6.816 6.820 6.824 6.830 6.836 6.841 6.847
6.268 6.281 6.293 6.306 6.318 6.330 6.342 6.353 6.364 6.376 6.387 6.399 6.411 6.422 6.434 6.445 6.457 6.469 6.480 6.492 6.504 6.515 6.527 6.538 6.550 6.562 6.574 6.586 6.597 6.608 6.619 6.630 6.640 6.651 6.661 6.671 6.682 6.692 6.702 6.712 6.722 6.731 6.740 6.750 6.758 6.767 6.775 6.783 6.790 6.797 6.804 6.809 6.814 6.818 6.820 6.822 6.824 6.824 6.824 6.823 6.822 6.821 6.819 6.818 6.817 6.816 6.816 6.817 6.818 6.820 6.823 6.826 6.830 6.835 6.841 6.846 6.851
6.269 6.281 6.294 6.306 6.319 6.331 6.342 6.353 6.365 6.376 6.388 6.399 6.411 6.422 6.434 6.446 6.457 6.469 6.481 6.492 6.504 6.516 6.527 6.539 6.550 6.562 6.574 6.586 6.598 6.609 6.619 6.630 6.641 6.651 6.662 6.672 6.683 6.693 6.703 6.713 6.723 6.733 6.742 6.752 6.761 6.770 6.778 6.786 6.794 6.801 6.808 6.814 6.819 6.824 6.827 6.830 6.832 6.833 6.833 6.833 6.832 6.831 6.829 6.828 6.827 6.826 6.825 6.826 6.826 6.828 6.830 6.833 6.836 6.841 6.846 6.850 6.856
6.269 6.281 6.294 6.307 6.319 6.331 6.342 6.354 6.365 6.376 6.388 6.399 6.411 6.423 6.434 6.446 6.458 6.469 6.481 6.493 6.504 6.516 6.527 6.539 6.551 6.562 6.574 6.586 6.598 6.609 6.620 6.631 6.641 6.652 6.663 6.673 6.684 6.694 6.704 6.714 6.724 6.734 6.744 6.754 6.763 6.772 6.781 6.789 6.797 6.805 6.812 6.819 6.824 6.829 6.833 6.836 6.839 6.841 6.841 6.842 6.841 6.840 6.839 6.838 6.837 6.835 6.835 6.834 6.835 6.836 6.837 6.839 6.843 6.847 6.851 6.855 6.860
6.269 6.282 6.294 6.307 6.320 6.331 6.342 6.354 6.365 6.376 6.388 6.400 6.411 6.423 6.434 6.446 6.458 6.469 6.481 6.493 6.504 6.516 6.528 6.539 6.551 6.563 6.575 6.587 6.598 6.609 6.620 6.631 6.642 6.652 6.663 6.674 6.684 6.695 6.705 6.715 6.725 6.736 6.745 6.755 6.765 6.774 6.783 6.791 6.800 6.808 6.816 6.823 6.829 6.834 6.839 6.842 6.845 6.848 6.849 6.850 6.850 6.849 6.848 6.847 6.846 6.845 6.844 6.843 6.843 6.843 6.845 6.846 6.849 6.853 6.856 6.860 6.865
6.270 6.282 6.295 6.307 6.320 6.332 6.343 6.354 6.365 6.377 6.388 6.400 6.411 6.423 6.435 6.446 6.458 6.470 6.481 6.493 6.504 6.516 6.528 6.539 6.551 6.563 6.575 6.587 6.599 6.610 6.620 6.631 6.642 6.653 6.663 6.674 6.685 6.695 6.706 6.716 6.726 6.737 6.747 6.756 6.766 6.775 6.785 6.793 6.802 6.810 6.819 6.826 6.833 6.838 6.843 6.848 6.851 6.854 6.856 6.857 6.858 6.858 6.857 6.856 6.855 6.854 6.853 6.852 6.851 6.851 6.852 6.853 6.856 6.859 6.862 6.866 6.869
6.270 6.282 6.295 6.308 6.320 6.332 6.343 6.354 6.365 6.377 6.388 6.400 6.411 6.423 6.435 6.446 6.458 6.470 6.481 6.493 6.504 6.516 6.528 6.539 6.551 6.563 6.575 6.587 6.599 6.610 6.621 6.631 6.642 6.653 6.664 6.674 6.685 6.696 6.706 6.717 6.727 6.737 6.747 6.757 6.767 6.777 6.786 6.795 6.804 6.813 6.821 6.829 6.836 6.842 6.848 6.852 6.856 6.860 6.862 6.864 6.865 6.865 6.865 6.865 6.864 6.862 6.861 6.860 6.860 6.859 6.860 6.861 6.862 6.865 6.868 6.871 6.874
6.271 6.283 6.296 6.308 6.320 6.332 6.343 6.354 6.366 6.377 6.388 6.400 6.412 6.423 6.435 6.446 6.458 6.470 6.481 6.493 6.505 6.516 6.528 6.539 6.551 6.563 6.575 6.587 6.599 6.610 6.621 6.632 6.642 6.653 6.664 6.675 6.685 6.696 6.707 6.717 6.728 6.738 6.748 6.758 6.768 6.778 6.787 6.797 6.806 6.815 6.824 6.832 6.839 6.845 6.851 6.856 6.861 6.865 6.868 6.870 6.872 6.873 6.873 6.872 6.872 6.871 6.870 6.869 6.868 6.867 6.867 6.868 6.869 6.871 6.874 6.876 6.879
