version1/TsunamiDB/out54200.asc
ncols          264
nrows          230
xllcorner      497853.4375
yllcorner      4229146.0000
cellsize         5.
NODATA_value   -99
[rows 34 to 67 of 230, columns 77 to 153 of 264]
6.422 6.428 6.434 6.439 6.445 6.451 6.457 6.463 6.468 6.474 6.480 6.485 6.491 6.496 6.502 6.507 6.513 6.518 6.523 6.529 6.534 6.539 6.544 6.549 6.553 6.558 6.563 6.568 6.573 6.578 6.582 6.587 6.591 6.595 6.599 6.604 6.608 6.612 6.616 6.620 6.624 6.628 6.632 6.636 6.639 6.643 6.647 6.651 6.655 6.659 6.663 6.668 6.673 6.677 6.682 6.686 6.691 6.696 6.701 6.707 6.712 6.718 6.724 6.729 6.735 6.741 6.747 6.754 6.760 6.766 6.772 6.778 6.783 6.789 6.795 6.801 6.806
6.427 6.432 6.438 6.443 6.449 6.455 6.462 6.467 6.473 6.478 6.484 6.490 6.495 6.501 6.506 6.512 6.517 6.523 6.528 6.533 6.539 6.544 6.549 6.554 6.559 6.563 6.568 6.573 6.578 6.583 6.588 6.592 6.596 6.601 6.605 6.609 6.614 6.618 6.622 6.626 6.630 6.634 6.637 6.641 6.645 6.649 6.653 6.657 6.660 6.664 6.668 6.673 6.677 6.682 6.686 6.691 6.695 6.700 6.705 6.711 6.716 6.721 6.727 6.733 6.739 6.745 6.751 6.757 6.763 6.769 6.775 6.780 6.786 6.792 6.798 6.804 6.809
6.431 6.436 6.442 6.448 6.454 6.460 6.466 6.471 6.477 6.483 6.488 6.494 6.500 6.505 6.511 6.517 6.522 6.527 6.533 6.538 6.543 6.548 6.554 6.559 6.564 6.568 6.573 6.578 6.583 6.588 6.593 6.597 6.602 6.606 6.611 6.615 6.619 6.623 6.627 6.631 6.635 6.639 6.643 6.647 6.651 6.654 6.658 6.662 6.666 6.669 6.673 6.678 6.682 6.686 6.691 6.695 6.700 6.704 6.709 6.714 6.719 6.725 6.730 6.736 6.742 6.747 6.753 6.759 6.765 6.771 6.777 6.783 6.789 6.795 6.801 6.807 6.812
6.435 6.440 6.446 6.452 6.458 6.464 6.470 6.476 6.481 6.487 6.493 6.498 6.504 6.510 6.515 6.521 6.526 6.532 6.537 6.543 6.548 6.553 6.558 6.563 6.568 6.573 6.578 6.583 6.588 6.593 6.598 6.602 6.607 6.611 6.616 6.620 6.624 6.628 6.633 6.637 6.641 6.644 6.648 6.652 6.656 6.660 6.663 6.667 6.671 6.674 6.678 6.683 6.687 6.691 6.695 6.699 6.704 6.708 6.713 6.718 6.723 6.728 6.733 6.739 6.745 6.750 6.756 6.762 6.768 6.774 6.780 6.786 6.791 6.797 6.803 6.809 6.815
6.438 6.444 6.450 6.456 6.462 6.468 6.474 6.480 6.485 6.491 6.497 6.503 6.508 6.514 6.520 6.525 6.531 6.536 6.542 6.547 6.552 6.557 6.563 6.568 6.573 6.578 6.583 6.588 6.593 6.598 6.603 6.607 6.612 6.616 6.621 6.625 6.629 6.633 6.638 6.642 6.646 6.650 6.653 6.657 6.661 6.665 6.668 6.672 6.675 6.679 6.683 6.687 6.691 6.695 6.699 6.703 6.708 6.712 6.717 6.721 6.726 6.731 6.737 6.742 6.747 6.753 6.759 6.764 6.770 6.776 6.782 6.788 6.794 6.800 6.806 6.811 6.817
6.442 6.448 6.454 6.460 6.465 6.472 6.478 6.484 6.489 6.495 6.501 6.507 6.512 6.518 6.524 6.529 6.535 6.540 6.546 6.551 6.556 6.562 6.567 6.572 6.577 6.582 6.587 6.592 6.597 6.603 6.607 6.612 6.616 6.621 6.625 6.630 6.634 6.638 6.642 6.647 6.651 6.654 6.658 6.662 6.666 6.669 6.673 6.677 6.680 6.684 6.688 6.692 6.696 6.699 6.703 6.707 6.712 6.716 6.720 6.725 6.730 6.734 6.740 6.745 6.750 6.755 6.761 6.767 6.772 6.778 6.784 6.790 6.796 6.802 6.808 6.814 6.819
6.446 6.452 6.457 6.463 6.469 6.475 6.482 6.487 6.493 6.499 6.505 6.510 6.516 6.522 6.527 6.533 6.539 6.544 6.550 6.555 6.560 6.566 6.571 6.576 6.581 6.586 6.591 6.597 6.602 6.607 6.612 6.616 6.621 6.626 6.630 6.634 6.639 6.643 6.647 6.651 6.655 6.659 6.663 6.667 6.670 6.674 6.678 6.681 6.685 6.688 6.692 6.696 6.700 6.704 6.707 6.711 6.715 6.719 6.724 6.728 6.733 6.737 6.742 6.747 6.753 6.758 6.763 6.769 6.775 6.780 6.786 6.792 6.798 6.803 6.809 6.815 6.821
6.449 6.455 6.461 6.467 6.473 6.479 6.485 6.491 6.497 6.503 6.508 6.514 6.520 6.526 6.531 6.537 6.543 6.548 6.554 6.559 6.564 6.570 6.575 6.580 6.585 6.590 6.596 6.601 6.606 6.611 6.616 6.621 6.625 6.630 6.634 6.639 6.643 6.647 6.652 6.656 6.660 6.664 6.668 6.671 6.675 6.679 6.682 6.686 6.689 6.693 6.696 6.700 6.704 6.708 6.711 6.715 6.719 6.723 6.727 6.731 6.736 6.740 6.745 6.750 6.755 6.760 6.766 6.771 6.777 6.782 6.788 6.793 6.799 6.805 6.811 6.817 6.822
6.453 6.458 6.464 6.470 6.476 6.482 6.489 6.494 6.500 6.506 6.512 6.518 6.523 6.529 6.535 6.541 6.546 6.552 6.557 6.563 6.568 6.574 6.579 6.584 6.589 6.594 6.600 6.605 6.610 6.615 6.620 6.625 6.629 6.634 6.639 6.643 6.647 6.652 6.656 6.660 6.664 6.668 6.672 6.676 6.679 6.683 6.686 6.690 6.693 6.697 6.700 6.704 6.708 6.711 6.715 6.719 6.722 6.726 6.730 6.734 6.739 6.743 6.748 6.753 6.757 6.762 6.768 6.773 6.778 6.784 6.789 6.795 6.801 6.806 6.812 6.818 6.824
6.456 6.462 6.468 6.474 6.480 6.486 6.492 6.498 6.504 6.510 6.515 6.521 6.527 6.533 6.539 6.544 6.550 6.555 6.561 6.567 6.572 6.577 6.583 6.588 6.593 6.598 6.603 6.609 6.614 6.619 6.624 6.629 6.633 6.638 6.643 6.647 6.652 6.656 6.660 6.664 6.668 6.672 6.676 6.680 6.684 6.687 6.691 6.694 6.698 6.701 6.704 6.708 6.712 6.715 6.719 6.722 6.726 6.730 6.734 6.738 6.742 6.746 6.750 6.755 6.760 6.765 6.770 6.775 6.780 6.785 6.791 6.796 6.802 6.808 6.814 6.820 6.825
6.459 6.465 6.471 6.477 6.483 6.489 6.495 6.501 6.507 6.513 6.519 6.525 6.531 6.536 6.542 6.548 6.553 6.559 6.565 6.570 6.576 6.581 6.586 6.592 6.597 6.602 6.607 6.612 6.618 6.623 6.628 6.633 6.637 6.642 6.647 6.651 6.656 6.660 6.664 6.668 6.672 6.676 6.680 6.684 6.688 6.691 6.695 6.698 6.701 6.705 6.708 6.712 6.716 6.719 6.722 6.726 6.729 6.733 6.737 6.740 6.744 6.749 6.753 6.757 6.762 6.767 6.772 6.777 6.782 6.787 6.792 6.798 6.803 6.809 6.815 6.821 6.826
6.462 6.468 6.474 6.480 6.486 6.492 6.499 6.505 6.510 6.516 6.522 6.528 6.534 6.540 6.545 6.551 6.557 6.563 6.568 6.574 6.579 6.585 6.590 6.595 6.600 6.606 6.611 6.616 6.621 6.627 6.632 6.636 6.641 6.646 6.650 6.655 6.659 6.664 6.668 6.672 6.676 6.680 6.684 6.688 6.692 6.695 6.699 6.702 6.705 6.709 6.712 6.716 6.719 6.722 6.726 6.729 6.733 6.736 6.740 6.743 6.747 6.751 6.755 6.760 6.764 6.769 6.773 6.778 6.783 6.788 6.794 6.799 6.804 6.810 6.816 6.822 6.827
6.465 6.471 6.477 6.483 6.489 6.495 6.502 6.508 6.514 6.520 6.525 6.531 6.537 6.543 6.549 6.555 6.560 6.566 6.572 6.577 6.583 6.588 6.593 6.599 6.604 6.609 6.614 6.620 6.625 6.630 6.635 6.640 6.645 6.650 6.654 6.659 6.663 6.668 6.672 6.676 6.680 6.684 6.688 6.692 6.695 6.699 6.702 6.706 6.709 6.712 6.716 6.719 6.723 6.726 6.729 6.732 6.736 6.739 6.743 6.746 6.750 6.754 6.758 6.762 6.766 6.771 6.775 6.780 6.785 6.790 6.795 6.800 6.805 6.811 6.817 6.822 6.828
6.468 6.474 6.480 6.486 6.492 6.498 6.505 6.511 6.517 6.523 6.529 6.535 6.540 6.546 6.552 6.558 6.564 6.569 6.575 6.581 6.586 6.592 6.597 6.602 6.608 6.613 6.618 6.623 6.629 6.634 6.639 6.644 6.649 6.653 6.658 6.662 6.667 6.671 6.676 6.680 6.684 6.688 6.692 6.695 6.699 6.703 6.706 6.709 6.713 6.716 6.719 6.723 6.726 6.729 6.733 6.736 6.739 6.742 6.746 6.749 6.753 6.756 6.760 6.764 6.768 6.773 6.777 6.782 6.786 6.791 6.796 6.801 6.806 6.812 6.817 6.823 6.828
6.470 6.476 6.483 6.489 6.495 6.501 6.508 6.514 6.520 6.526 6.532 6.538 6.544 6.550 6.555 6.561 6.567 6.573 6.578 6.584 6.589 6.595 6.600 6.606 6.611 6.616 6.622 6.627 6.632 6.638 6.643 6.647 6.652 6.657 6.662 6.666 6.671 6.675 6.679 6.683 6.688 6.692 6.695 6.699 6.703 6.706 6.710 6.713 6.716 6.720 6.723 6.726 6.730 6.733 6.736 6.739 6.742 6.745 6.748 6.752 6.755 6.759 6.763 6.766 6.770 6.775 6.779 6.783 6.788 6.792 6.797 6.802 6.807 6.812 6.818 6.824 6.829
6.473 6.479 6.485 6.491 6.498 6.504 6.511 6.517 6.523 6.529 6.535 6.541 6.547 6.553 6.559 6.564 6.570 6.576 6.582 6.587 6.593 6.598 6.604 6.609 6.614 6.620 6.625 6.630 6.636 6.641 6.646 6.651 6.656 6.661 6.665 6.670 6.674 6.679 6.683 6.687 6.691 6.695 6.699 6.703 6.706 6.710 6.713 6.717 6.720 6.723 6.726 6.730 6.733 6.736 6.739 6.742 6.745 6.748 6.751 6.755 6.758 6.761 6.765 6.769 6.772 6.776 6.780 6.785 6.789 6.794 6.798 6.803 6.808 6.813 6.819 6.824 6.829
6.475 6.481 6.488 6.494 6.500 6.507 6.513 6.519 6.526 6.532 6.538 6.544 6.550 6.556 6.562 6.567 6.573 6.579 6.585 6.590 6.596 6.602 6.607 6.613 6.618 6.623 6.628 6.634 6.639 6.645 6.650 6.655 6.659 6.664 6.669 6.673 6.678 6.682 6.687 6.691 6.695 6.699 6.703 6.706 6.710 6.714 6.717 6.720 6.723 6.727 6.730 6.733 6.737 6.739 6.742 6.745 6.748 6.751 6.754 6.757 6.761 6.764 6.767 6.771 6.774 6.778 6.782 6.786 6.791 6.795 6.799 6.804 6.809 6.814 6.819 6.824 6.830
6.478 6.484 6.490 6.496 6.503 6.510 6.516 6.522 6.528 6.534 6.540 6.546 6.553 6.559 6.565 6.570 6.576 6.582 6.588 6.594 6.599 6.605 6.610 6.616 6.621 6.627 6.632 6.637 6.643 6.648 6.653 6.658 6.663 6.668 6.672 6.677 6.681 6.686 6.690 6.694 6.698 6.702 6.706 6.710 6.714 6.717 6.720 6.724 6.727 6.730 6.733 6.737 6.740 6.743 6.745 6.748 6.751 6.754 6.757 6.760 6.763 6.766 6.770 6.773 6.777 6.780 6.784 6.788 6.792 6.796 6.800 6.805 6.810 6.815 6.820 6.825 6.830
6.480 6.486 6.492 6.499 6.505 6.512 6.518 6.524 6.531 6.537 6.543 6.549 6.555 6.561 6.567 6.573 6.579 6.585 6.591 6.597 6.602 6.608 6.614 6.619 6.624 6.630 6.635 6.641 6.646 6.652 6.656 6.661 6.666 6.671 6.676 6.680 6.685 6.689 6.694 6.698 6.702 6.706 6.710 6.713 6.717 6.721 6.724 6.727 6.730 6.733 6.737 6.740 6.743 6.746 6.749 6.751 6.754 6.757 6.760 6.763 6.766 6.769 6.772 6.775 6.779 6.782 6.786 6.789 6.793 6.797 6.802 6.806 6.811 6.816 6.821 6.825 6.830
6.481 6.488 6.494 6.501 6.507 6.514 6.520 6.527 6.533 6.539 6.545 6.552 6.558 6.564 6.570 6.576 6.582 6.588 6.594 6.600 6.605 6.611 6.617 6.622 6.628 6.633 6.638 6.644 6.650 6.655 6.660 6.665 6.670 6.674 6.679 6.684 6.688 6.693 6.697 6.701 6.705 6.709 6.713 6.717 6.721 6.724 6.727 6.731 6.734 6.737 6.740 6.743 6.746 6.749 6.752 6.755 6.757 6.760 6.763 6.766 6.768 6.771 6.774 6.777 6.781 6.784 6.788 6.791 6.795 6.799 6.803 6.807 6.811 6.816 6.821 6.826 6.830
6.483 6.490 6.496 6.502 6.509 6.516 6.522 6.529 6.535 6.541 6.548 6.554 6.560 6.566 6.573 6.579 6.585 6.591 6.597 6.602 6.608 6.614 6.620 6.625 6.631 6.636 6.642 6.647 6.653 6.658 6.663 6.668 6.673 6.678 6.683 6.687 6.692 6.696 6.701 6.705 6.709 6.713 6.717 6.720 6.724 6.727 6.731 6.734 6.737 6.740 6.744 6.747 6.750 6.752 6.755 6.758 6.760 6.763 6.766 6.768 6.771 6.774 6.777 6.780 6.783 6.786 6.789 6.793 6.796 6.800 6.804 6.808 6.812 6.817 6.822 6.826 6.831
6.485 6.491 6.497 6.504 6.511 6.518 6.524 6.531 6.537 6.543 6.550 6.556 6.562 6.569 6.575 6.581 6.587 6.593 6.599 6.605 6.611 6.617 6.622 6.628 6.634 6.639 6.645 6.650 6.656 6.661 6.666 6.671 6.676 6.681 6.686 6.691 6.695 6.700 6.704 6.708 6.712 6.716 6.720 6.724 6.727 6.731 6.734 6.737 6.741 6.744 6.747 6.750 6.753 6.755 6.758 6.761 6.763 6.766 6.768 6.771 6.774 6.776 6.779 6.782 6.785 6.788 6.791 6.795 6.798 6.802 6.805 6.809 6.813 6.818 6.822 6.827 6.831
6.486 6.492 6.499 6.505 6.512 6.519 6.526 6.532 6.539 6.545 6.552 6.558 6.564 6.571 6.577 6.583 6.589 6.596 6.602 6.608 6.614 6.619 6.625 6.631 6.636 6.642 6.648 6.653 6.659 6.664 6.669 6.674 6.679 6.684 6.689 6.694 6.698 6.703 6.707 6.712 6.716 6.720 6.723 6.727 6.731 6.734 6.738 6.741 6.744 6.747 6.750 6.753 6.756 6.759 6.761 6.764 6.766 6.769 6.771 6.774 6.776 6.779 6.782 6.784 6.787 6.790 6.793 6.796 6.800 6.803 6.807 6.810 6.814 6.819 6.823 6.827 6.832
6.487 6.493 6.500 6.506 6.513 6.520 6.527 6.534 6.540 6.547 6.553 6.560 6.566 6.573 6.579 6.585 6.591 6.598 6.604 6.610 6.616 6.622 6.628 6.633 6.639 6.645 6.650 6.656 6.662 6.667 6.672 6.677 6.683 6.687 6.692 6.697 6.702 6.706 6.711 6.715 6.719 6.723 6.727 6.731 6.734 6.738 6.741 6.744 6.747 6.750 6.754 6.757 6.759 6.762 6.764 6.767 6.769 6.772 6.774 6.777 6.779 6.782 6.784 6.787 6.790 6.792 6.795 6.798 6.801 6.805 6.808 6.812 6.815 6.819 6.824 6.828 6.832
6.487 6.494 6.500 6.507 6.514 6.521 6.528 6.535 6.541 6.548 6.554 6.561 6.568 6.574 6.581 6.587 6.593 6.600 6.606 6.612 6.618 6.624 6.630 6.636 6.641 6.647 6.653 6.659 6.665 6.670 6.675 6.680 6.685 6.690 6.695 6.700 6.705 6.709 6.714 6.718 6.722 6.726 6.730 6.734 6.737 6.741 6.744 6.747 6.750 6.754 6.757 6.760 6.762 6.765 6.767 6.770 6.772 6.775 6.777 6.779 6.782 6.784 6.787 6.789 6.792 6.794 6.797 6.800 6.803 6.806 6.809 6.813 6.816 6.820 6.825 6.828 6.833
6.487 6.494 6.501 6.507 6.515 6.522 6.528 6.535 6.542 6.549 6.555 6.562 6.569 6.575 6.582 6.588 6.595 6.601 6.607 6.614 6.620 6.626 6.632 6.638 6.644 6.649 6.655 6.661 6.667 6.672 6.678 6.683 6.688 6.693 6.698 6.703 6.708 6.712 6.717 6.721 6.725 6.729 6.733 6.737 6.741 6.744 6.747 6.751 6.754 6.757 6.760 6.763 6.766 6.768 6.771 6.773 6.775 6.778 6.780 6.782 6.785 6.787 6.789 6.792 6.794 6.797 6.799 6.802 6.805 6.808 6.811 6.814 6.818 6.821 6.825 6.829 6.833
6.487 6.494 6.501 6.508 6.515 6.522 6.529 6.536 6.542 6.549 6.556 6.563 6.569 6.576 6.583 6.589 6.596 6.602 6.609 6.615 6.621 6.628 6.634 6.640 6.646 6.651 6.657 6.663 6.669 6.675 6.680 6.686 6.691 6.696 6.701 6.706 6.710 6.715 6.720 6.724 6.728 6.732 6.736 6.740 6.744 6.747 6.750 6.754 6.757 6.760 6.763 6.766 6.769 6.771 6.774 6.776 6.778 6.781 6.783 6.785 6.787 6.790 6.792 6.794 6.796 6.799 6.801 6.804 6.807 6.810 6.812 6.816 6.819 6.823 6.826 6.830 6.834
6.487 6.493 6.500 6.507 6.514 6.522 6.529 6.536 6.542 6.549 6.556 6.563 6.570 6.577 6.583 6.590 6.597 6.603 6.610 6.616 6.623 6.629 6.635 6.641 6.647 6.653 6.659 6.665 6.671 6.677 6.682 6.688 6.693 6.698 6.703 6.708 6.713 6.718 6.722 6.727 6.731 6.735 6.739 6.743 6.746 6.750 6.753 6.757 6.760 6.763 6.766 6.769 6.772 6.774 6.776 6.779 6.781 6.783 6.786 6.788 6.790 6.792 6.794 6.797 6.799 6.801 6.804 6.806 6.809 6.811 6.814 6.817 6.820 6.824 6.827 6.831 6.834
6.486 6.492 6.499 6.506 6.514 6.521 6.528 6.535 6.542 6.549 6.556 6.563 6.570 6.577 6.584 6.591 6.597 6.604 6.611 6.617 6.624 6.630 6.636 6.642 6.649 6.655 6.661 6.667 6.673 6.679 6.684 6.690 6.695 6.700 6.705 6.710 6.715 6.720 6.725 6.729 6.733 6.738 6.742 6.746 6.749 6.753 6.756 6.759 6.763 6.766 6.769 6.772 6.774 6.777 6.779 6.782 6.784 6.786 6.788 6.790 6.793 6.795 6.797 6.799 6.801 6.803 6.806 6.808 6.810 6.813 6.816 6.818 6.821 6.825 6.828 6.832 6.835
6.484 6.491 6.498 6.505 6.513 6.520 6.527 6.534 6.541 6.548 6.556 6.563 6.570 6.577 6.584 6.591 6.597 6.604 6.611 6.618 6.624 6.631 6.637 6.643 6.650 6.656 6.662 6.668 6.674 6.680 6.686 6.691 6.697 6.702 6.707 6.712 6.717 6.722 6.727 6.731 6.736 6.740 6.744 6.748 6.752 6.755 6.759 6.762 6.765 6.768 6.772 6.775 6.777 6.780 6.782 6.784 6.787 6.789 6.791 6.793 6.795 6.797 6.799 6.801 6.803 6.805 6.808 6.810 6.812 6.815 6.817 6.820 6.823 6.826 6.829 6.833 6.836
6.483 6.490 6.497 6.504 6.511 6.519 6.526 6.533 6.540 6.547 6.555 6.562 6.569 6.576 6.583 6.590 6.597 6.604 6.611 6.618 6.624 6.631 6.637 6.644 6.650 6.657 6.663 6.669 6.676 6.681 6.687 6.693 6.698 6.704 6.709 6.714 6.719 6.724 6.729 6.734 6.738 6.742 6.746 6.750 6.754 6.758 6.761 6.764 6.768 6.771 6.774 6.777 6.780 6.782 6.785 6.787 6.789 6.791 6.793 6.795 6.797 6.799 6.801 6.804 6.806 6.808 6.810 6.812 6.814 6.816 6.819 6.821 6.824 6.827 6.830 6.834 6.837
6.481 6.488 6.495 6.502 6.510 6.517 6.524 6.532 6.539 6.546 6.553 6.561 6.568 6.575 6.582 6.589 6.596 6.603 6.610 6.617 6.624 6.631 6.637 6.644 6.650 6.657 6.663 6.670 6.676 6.682 6.688 6.694 6.700 6.705 6.710 6.716 6.721 6.726 6.731 6.735 6.740 6.744 6.748 6.752 6.756 6.760 6.763 6.767 6.770 6.773 6.776 6.779 6.782 6.785 6.787 6.789 6.791 6.794 6.796 6.798 6.800 6.802 6.804 6.806 6.808 6.810 6.812 6.814 6.816 6.818 6.820 6.823 6.825 6.829 6.832 6.834 6.837
6.479 6.486 6.493 6.500 6.508 6.515 6.522 6.530 6.537 6.544 6.552 6.559 6.566 6.574 6.581 6.588 6.595 6.602 6.610 6.617 6.623 6.630 6.637 6.644 6.650 6.657 6.664 6.670 6.677 6.683 6.689 6.695 6.700 6.706 6.711 6.717 6.722 6.727 6.732 6.737 6.741 6.746 6.750 6.754 6.758 6.762 6.765 6.769 6.772 6.775 6.779 6.782 6.784 6.787 6.789 6.791 6.794 6.796 6.798 6.800 6.802 6.804 6.806 6.808 6.810 6.812 6.813 6.815 6.818 6.820 6.822 6.824 6.827 6.830 6.833 6.835 6.838
6.477 6.484 6.491 6.498 6.505 6.513 6.520 6.527 6.535 6.542 6.550 6.557 6.564 6.572 6.579 6.587 6.594 6.601 6.608 6.615 6.623 6.629 6.636 6.643 6.650 6.657 6.663 6.670 6.677 6.683 6.689 6.695 6.701 6.707 6.712 6.718 6.723 6.728 6.733 6.738 6.743 6.747 6.751 6.756 6.760 6.763 6.767 6.770 6.774 6.777 6.781 6.783 6.786 6.789 6.791 6.793 6.796 6.798 6.800 6.802 6.804 6.806 6.808 6.810 6.811 6.813 6.815 6.817 6.819 6.821 6.823 6.825 6.828 6.831 6.833 6.836 6.839
