version1/TsunamiDB/out54200.asc
ncols          264
nrows          230
xllcorner      497853.4375
yllcorner      4229146.0000
cellsize         5.
NODATA_value   -99
[rows 34 to 67 of 230, columns 154 to 230 of 264]
6.811 6.816 6.820 6.825 6.829 6.833 6.837 6.840 6.844 6.847 6.851 6.854 6.857 6.860 6.863 6.867 6.870 6.873 6.876 6.879 6.883 6.887 6.890 6.894 6.898 6.901 6.905 6.909 6.913 6.917 6.921 6.925 6.929 6.933 6.937 6.941 6.945 6.948 6.952 6.955 6.959 6.962 6.965 6.968 6.970 6.973 6.975 6.976 6.978 6.979 6.980 6.980 6.981 6.981 6.980 6.980 6.979 6.978 6.976 6.975 6.973 6.971 6.969 6.966 6.963 6.961 6.958 6.955 6.952 6.948 6.944 6.940 6.935 6.931 6.926 6.921 6.916
6.814 6.819 6.824 6.828 6.832 6.837 6.840 6.844 6.848 6.851 6.855 6.858 6.861 6.864 6.867 6.871 6.874 6.877 6.880 6.883 6.887 6.891 6.894 6.898 6.901 6.905 6.909 6.913 6.917 6.921 6.925 6.929 6.933 6.937 6.941 6.945 6.948 6.952 6.956 6.959 6.963 6.966 6.969 6.972 6.975 6.977 6.979 6.980 6.982 6.983 6.984 6.985 6.985 6.985 6.985 6.985 6.984 6.983 6.982 6.980 6.978 6.976 6.974 6.972 6.969 6.967 6.964 6.961 6.958 6.954 6.950 6.946 6.941 6.936 6.931 6.925 6.920
6.817 6.822 6.827 6.831 6.836 6.840 6.844 6.848 6.851 6.855 6.858 6.862 6.865 6.868 6.871 6.874 6.877 6.881 6.884 6.887 6.891 6.894 6.898 6.901 6.905 6.908 6.912 6.916 6.920 6.924 6.928 6.932 6.936 6.940 6.944 6.948 6.952 6.955 6.959 6.963 6.966 6.969 6.972 6.975 6.978 6.980 6.982 6.984 6.985 6.987 6.988 6.988 6.989 6.989 6.989 6.989 6.988 6.987 6.986 6.984 6.983 6.981 6.979 6.976 6.974 6.971 6.968 6.965 6.962 6.959 6.955 6.950 6.945 6.940 6.935 6.929 6.923
6.820 6.825 6.830 6.834 6.839 6.843 6.847 6.851 6.855 6.858 6.862 6.865 6.869 6.872 6.875 6.878 6.881 6.884 6.887 6.890 6.894 6.898 6.901 6.904 6.908 6.912 6.915 6.919 6.923 6.927 6.931 6.935 6.939 6.943 6.947 6.951 6.955 6.958 6.962 6.965 6.969 6.972 6.975 6.978 6.981 6.983 6.985 6.987 6.988 6.990 6.991 6.991 6.992 6.992 6.992 6.992 6.991 6.990 6.989 6.988 6.986 6.984 6.982 6.980 6.977 6.975 6.972 6.969 6.966 6.962 6.958 6.953 6.948 6.943 6.937 6.931 6.925
6.822 6.827 6.832 6.837 6.842 6.846 6.850 6.854 6.858 6.862 6.865 6.869 6.872 6.875 6.878 6.881 6.884 6.887 6.891 6.894 6.897 6.901 6.904 6.907 6.911 6.914 6.918 6.922 6.926 6.930 6.934 6.937 6.941 6.945 6.949 6.953 6.957 6.961 6.964 6.968 6.971 6.974 6.977 6.980 6.983 6.985 6.987 6.989 6.991 6.992 6.993 6.994 6.994 6.995 6.995 6.994 6.994 6.993 6.992 6.990 6.989 6.987 6.985 6.982 6.980 6.977 6.975 6.972 6.968 6.965 6.960 6.956 6.950 6.945 6.939 6.932 6.926
6.824 6.830 6.835 6.839 6.844 6.849 6.853 6.857 6.861 6.865 6.868 6.872 6.875 6.878 6.881 6.885 6.888 6.891 6.894 6.897 6.900 6.904 6.907 6.910 6.914 6.917 6.921 6.924 6.928 6.932 6.936 6.940 6.944 6.948 6.952 6.956 6.959 6.963 6.967 6.970 6.973 6.976 6.979 6.983 6.985 6.988 6.990 6.991 6.993 6.994 6.995 6.996 6.996 6.997 6.997 6.996 6.996 6.995 6.994 6.992 6.991 6.989 6.987 6.985 6.982 6.979 6.977 6.974 6.970 6.966 6.962 6.957 6.952 6.946 6.940 6.933 6.926
6.826 6.831 6.837 6.842 6.846 6.851 6.855 6.860 6.864 6.867 6.871 6.875 6.878 6.881 6.884 6.888 6.891 6.894 6.897 6.900 6.903 6.907 6.910 6.913 6.916 6.920 6.923 6.927 6.931 6.934 6.938 6.942 6.946 6.950 6.954 6.957 6.961 6.965 6.968 6.972 6.975 6.978 6.981 6.984 6.987 6.989 6.991 6.993 6.995 6.996 6.997 6.998 6.998 6.998 6.998 6.998 6.997 6.997 6.995 6.994 6.993 6.991 6.988 6.986 6.984 6.981 6.978 6.975 6.972 6.968 6.963 6.958 6.952 6.946 6.940 6.933 6.926
6.828 6.833 6.838 6.843 6.848 6.853 6.857 6.862 6.866 6.870 6.874 6.877 6.881 6.884 6.887 6.890 6.893 6.896 6.899 6.903 6.906 6.909 6.912 6.915 6.919 6.922 6.925 6.929 6.933 6.936 6.940 6.944 6.948 6.952 6.955 6.959 6.963 6.967 6.970 6.973 6.977 6.980 6.983 6.986 6.989 6.991 6.993 6.994 6.996 6.997 6.998 6.999 6.999 7.000 7.000 6.999 6.999 6.998 6.997 6.995 6.994 6.992 6.990 6.987 6.985 6.982 6.979 6.976 6.972 6.969 6.964 6.959 6.953 6.946 6.940 6.932 6.925
6.829 6.835 6.840 6.845 6.850 6.855 6.859 6.864 6.868 6.872 6.876 6.880 6.883 6.886 6.890 6.893 6.896 6.899 6.902 6.905 6.908 6.912 6.915 6.918 6.921 6.924 6.927 6.931 6.934 6.938 6.942 6.945 6.949 6.953 6.957 6.961 6.964 6.968 6.971 6.975 6.978 6.981 6.984 6.987 6.990 6.992 6.994 6.996 6.997 6.998 6.999 7.000 7.000 7.001 7.001 7.000 7.000 6.999 6.998 6.996 6.995 6.993 6.990 6.988 6.986 6.983 6.980 6.977 6.973 6.969 6.964 6.959 6.952 6.946 6.939 6.931 6.923
6.831 6.836 6.841 6.846 6.851 6.856 6.861 6.865 6.870 6.874 6.878 6.882 6.885 6.889 6.892 6.895 6.898 6.901 6.904 6.907 6.911 6.914 6.917 6.920 6.923 6.926 6.929 6.933 6.936 6.940 6.943 6.947 6.951 6.954 6.958 6.962 6.965 6.969 6.972 6.976 6.979 6.982 6.985 6.988 6.990 6.993 6.995 6.996 6.998 6.999 7.000 7.001 7.001 7.001 7.001 7.001 7.000 6.999 6.998 6.997 6.995 6.993 6.991 6.989 6.986 6.983 6.980 6.977 6.973 6.969 6.964 6.959 6.952 6.945 6.937 6.929 6.921
6.832 6.837 6.842 6.847 6.852 6.857 6.862 6.867 6.871 6.875 6.879 6.883 6.887 6.891 6.894 6.897 6.900 6.903 6.906 6.909 6.913 6.916 6.919 6.922 6.925 6.928 6.931 6.934 6.937 6.941 6.944 6.948 6.952 6.955 6.959 6.963 6.966 6.970 6.973 6.976 6.980 6.983 6.986 6.989 6.991 6.993 6.995 6.997 6.998 6.999 7.000 7.001 7.001 7.002 7.002 7.001 7.001 7.000 6.998 6.997 6.995 6.993 6.991 6.989 6.986 6.983 6.980 6.977 6.973 6.969 6.964 6.958 6.951 6.943 6.936 6.927 6.918
6.832 6.838 6.843 6.848 6.853 6.858 6.863 6.868 6.872 6.877 6.881 6.885 6.889 6.892 6.896 6.899 6.902 6.905 6.908 6.911 6.915 6.918 6.920 6.923 6.926 6.929 6.932 6.935 6.939 6.942 6.945 6.949 6.952 6.956 6.960 6.963 6.967 6.970 6.974 6.977 6.980 6.983 6.986 6.989 6.991 6.993 6.995 6.997 6.998 7.000 7.001 7.001 7.002 7.002 7.002 7.001 7.001 7.000 6.998 6.997 6.995 6.993 6.991 6.989 6.986 6.983 6.980 6.977 6.973 6.969 6.964 6.957 6.949 6.942 6.933 6.924 6.915
6.833 6.838 6.844 6.849 6.854 6.859 6.864 6.869 6.873 6.878 6.882 6.886 6.890 6.893 6.897 6.900 6.904 6.907 6.910 6.913 6.916 6.919 6.922 6.925 6.928 6.931 6.933 6.937 6.940 6.943 6.946 6.950 6.953 6.957 6.960 6.964 6.967 6.970 6.974 6.977 6.980 6.983 6.986 6.989 6.991 6.993 6.995 6.997 6.998 7.000 7.000 7.001 7.001 7.002 7.001 7.001 7.000 6.999 6.998 6.997 6.995 6.993 6.991 6.988 6.985 6.983 6.980 6.976 6.972 6.968 6.963 6.956 6.947 6.939 6.930 6.921 6.911
6.834 6.839 6.844 6.849 6.855 6.860 6.865 6.869 6.874 6.878 6.883 6.887 6.891 6.895 6.898 6.902 6.905 6.908 6.911 6.914 6.918 6.920 6.923 6.926 6.929 6.932 6.934 6.937 6.940 6.944 6.947 6.950 6.953 6.957 6.960 6.964 6.967 6.970 6.974 6.977 6.980 6.983 6.986 6.989 6.991 6.993 6.995 6.997 6.998 6.999 7.000 7.001 7.001 7.001 7.001 7.001 7.000 6.999 6.998 6.996 6.994 6.992 6.990 6.988 6.985 6.982 6.979 6.975 6.971 6.967 6.961 6.954 6.946 6.937 6.928 6.918 6.908
6.834 6.839 6.845 6.850 6.855 6.860 6.865 6.870 6.874 6.879 6.883 6.888 6.892 6.895 6.899 6.903 6.906 6.909 6.912 6.916 6.919 6.922 6.924 6.927 6.930 6.933 6.935 6.938 6.941 6.944 6.947 6.950 6.954 6.957 6.960 6.964 6.967 6.970 6.974 6.977 6.980 6.983 6.986 6.988 6.991 6.993 6.995 6.996 6.998 6.999 6.999 7.000 7.000 7.001 7.000 7.000 6.999 6.998 6.997 6.995 6.994 6.992 6.989 6.987 6.984 6.981 6.978 6.974 6.970 6.966 6.960 6.953 6.944 6.935 6.925 6.915 6.905
6.834 6.840 6.845 6.850 6.855 6.860 6.865 6.870 6.875 6.879 6.884 6.888 6.892 6.896 6.900 6.903 6.907 6.910 6.913 6.917 6.920 6.922 6.925 6.928 6.931 6.933 6.936 6.939 6.942 6.944 6.947 6.951 6.954 6.957 6.960 6.963 6.967 6.970 6.973 6.976 6.979 6.982 6.985 6.988 6.990 6.992 6.994 6.995 6.997 6.998 6.999 6.999 7.000 7.000 6.999 6.999 6.998 6.997 6.996 6.995 6.993 6.991 6.988 6.986 6.983 6.980 6.977 6.973 6.969 6.964 6.959 6.951 6.942 6.933 6.923 6.913 6.903
6.835 6.840 6.845 6.850 6.855 6.860 6.865 6.870 6.875 6.880 6.884 6.888 6.893 6.896 6.900 6.904 6.907 6.911 6.914 6.917 6.920 6.923 6.926 6.929 6.931 6.934 6.936 6.939 6.942 6.945 6.948 6.951 6.954 6.957 6.960 6.963 6.966 6.969 6.973 6.976 6.979 6.981 6.984 6.987 6.989 6.991 6.993 6.995 6.996 6.997 6.998 6.998 6.999 6.999 6.998 6.998 6.997 6.996 6.995 6.993 6.992 6.990 6.987 6.985 6.982 6.979 6.976 6.972 6.968 6.963 6.957 6.949 6.940 6.931 6.921 6.911 6.901
6.835 6.840 6.845 6.850 6.855 6.860 6.865 6.870 6.875 6.880 6.884 6.889 6.893 6.897 6.901 6.904 6.908 6.911 6.914 6.918 6.921 6.924 6.926 6.929 6.932 6.934 6.937 6.939 6.942 6.945 6.948 6.951 6.953 6.956 6.960 6.963 6.966 6.969 6.972 6.975 6.978 6.981 6.983 6.986 6.988 6.990 6.992 6.993 6.995 6.996 6.997 6.997 6.997 6.997 6.997 6.997 6.996 6.995 6.994 6.992 6.990 6.988 6.986 6.983 6.980 6.977 6.974 6.970 6.966 6.962 6.956 6.948 6.938 6.929 6.919 6.909 6.900
6.835 6.840 6.845 6.850 6.855 6.860 6.865 6.870 6.875 6.880 6.884 6.889 6.893 6.897 6.901 6.904 6.908 6.911 6.915 6.918 6.921 6.924 6.927 6.929 6.932 6.935 6.937 6.940 6.942 6.945 6.948 6.950 6.953 6.956 6.959 6.962 6.965 6.968 6.971 6.974 6.977 6.980 6.982 6.985 6.987 6.989 6.991 6.992 6.994 6.995 6.995 6.996 6.996 6.996 6.996 6.995 6.995 6.994 6.992 6.991 6.989 6.987 6.985 6.982 6.979 6.976 6.973 6.969 6.965 6.960 6.954 6.946 6.936 6.927 6.918 6.907 6.899
6.835 6.840 6.845 6.850 6.855 6.860 6.865 6.870 6.875 6.879 6.884 6.888 6.893 6.897 6.901 6.904 6.908 6.912 6.915 6.918 6.922 6.924 6.927 6.930 6.932 6.935 6.937 6.940 6.942 6.945 6.947 6.950 6.953 6.956 6.958 6.961 6.964 6.967 6.970 6.973 6.976 6.978 6.981 6.984 6.986 6.988 6.990 6.991 6.992 6.993 6.994 6.995 6.995 6.995 6.995 6.994 6.993 6.992 6.991 6.989 6.988 6.986 6.983 6.981 6.978 6.975 6.971 6.968 6.964 6.959 6.953 6.944 6.934 6.926 6.916 6.906 6.897
6.836 6.840 6.845 6.850 6.855 6.860 6.865 6.870 6.875 6.879 6.884 6.888 6.893 6.897 6.901 6.904 6.908 6.912 6.915 6.918 6.922 6.924 6.927 6.930 6.932 6.935 6.937 6.940 6.942 6.945 6.947 6.950 6.952 6.955 6.958 6.961 6.964 6.966 6.969 6.972 6.975 6.977 6.980 6.983 6.985 6.987 6.988 6.990 6.991 6.992 6.993 6.993 6.993 6.993 6.993 6.993 6.992 6.991 6.990 6.988 6.986 6.984 6.982 6.979 6.976 6.973 6.970 6.966 6.962 6.957 6.951 6.943 6.933 6.924 6.915 6.905 6.897
6.836 6.841 6.845 6.850 6.855 6.860 6.865 6.869 6.874 6.879 6.883 6.888 6.892 6.896 6.900 6.904 6.908 6.911 6.915 6.918 6.922 6.925 6.927 6.930 6.932 6.935 6.937 6.940 6.942 6.944 6.947 6.949 6.952 6.955 6.957 6.960 6.963 6.965 6.968 6.971 6.974 6.976 6.979 6.981 6.983 6.985 6.987 6.988 6.990 6.991 6.991 6.992 6.992 6.992 6.992 6.991 6.990 6.989 6.988 6.987 6.985 6.983 6.980 6.978 6.975 6.972 6.969 6.965 6.961 6.956 6.950 6.942 6.932 6.923 6.913 6.903 6.895
6.836 6.841 6.845 6.850 6.855 6.860 6.864 6.869 6.874 6.879 6.883 6.888 6.892 6.896 6.900 6.904 6.908 6.911 6.915 6.918 6.922 6.924 6.927 6.930 6.932 6.935 6.937 6.939 6.942 6.944 6.947 6.949 6.951 6.954 6.957 6.959 6.962 6.964 6.967 6.970 6.972 6.975 6.978 6.980 6.982 6.984 6.986 6.987 6.988 6.989 6.990 6.990 6.991 6.991 6.990 6.990 6.989 6.988 6.987 6.985 6.983 6.981 6.979 6.976 6.974 6.971 6.967 6.964 6.960 6.955 6.949 6.940 6.930 6.921 6.912 6.902 6.894
6.836 6.841 6.845 6.850 6.855 6.859 6.864 6.869 6.874 6.878 6.883 6.887 6.892 6.896 6.900 6.904 6.908 6.911 6.915 6.918 6.921 6.924 6.927 6.930 6.932 6.935 6.937 6.939 6.942 6.944 6.946 6.949 6.951 6.953 6.956 6.958 6.961 6.964 6.966 6.969 6.971 6.974 6.976 6.979 6.981 6.983 6.984 6.986 6.987 6.988 6.988 6.989 6.989 6.989 6.989 6.988 6.988 6.987 6.985 6.984 6.982 6.980 6.978 6.975 6.973 6.970 6.966 6.963 6.959 6.954 6.948 6.939 6.929 6.920 6.911 6.901 6.893
6.837 6.841 6.846 6.850 6.855 6.859 6.864 6.869 6.873 6.878 6.882 6.887 6.891 6.895 6.900 6.903 6.907 6.911 6.914 6.918 6.921 6.924 6.927 6.930 6.932 6.934 6.937 6.939 6.941 6.944 6.946 6.948 6.950 6.953 6.955 6.958 6.960 6.963 6.965 6.968 6.970 6.973 6.975 6.978 6.980 6.981 6.983 6.984 6.985 6.986 6.987 6.988 6.988 6.988 6.988 6.987 6.986 6.985 6.984 6.983 6.981 6.979 6.977 6.974 6.972 6.969 6.965 6.962 6.958 6.953 6.947 6.938 6.928 6.919 6.910 6.900 6.893
6.837 6.841 6.846 6.850 6.855 6.859 6.864 6.868 6.873 6.878 6.882 6.887 6.891 6.895 6.899 6.903 6.907 6.911 6.914 6.918 6.921 6.924 6.927 6.929 6.932 6.934 6.937 6.939 6.941 6.943 6.945 6.948 6.950 6.952 6.954 6.957 6.959 6.962 6.964 6.967 6.969 6.972 6.974 6.976 6.978 6.980 6.982 6.983 6.984 6.985 6.986 6.986 6.987 6.987 6.986 6.986 6.985 6.984 6.983 6.982 6.980 6.978 6.976 6.973 6.971 6.968 6.965 6.961 6.957 6.953 6.947 6.938 6.928 6.919 6.910 6.901 6.894
6.838 6.842 6.846 6.850 6.855 6.859 6.864 6.868 6.873 6.877 6.882 6.886 6.890 6.895 6.899 6.903 6.907 6.910 6.914 6.917 6.921 6.924 6.927 6.929 6.932 6.934 6.936 6.939 6.941 6.943 6.945 6.947 6.949 6.952 6.954 6.956 6.958 6.961 6.963 6.965 6.968 6.971 6.973 6.975 6.977 6.979 6.980 6.982 6.983 6.984 6.985 6.985 6.985 6.985 6.985 6.985 6.984 6.983 6.982 6.981 6.979 6.977 6.975 6.973 6.970 6.967 6.964 6.961 6.957 6.953 6.946 6.938 6.928 6.919 6.910 6.902 6.896
6.838 6.842 6.846 6.850 6.855 6.859 6.863 6.868 6.872 6.877 6.881 6.886 6.890 6.894 6.898 6.902 6.906 6.910 6.913 6.917 6.921 6.924 6.926 6.929 6.931 6.934 6.936 6.938 6.940 6.943 6.945 6.947 6.949 6.951 6.953 6.955 6.958 6.960 6.962 6.964 6.967 6.969 6.972 6.974 6.976 6.978 6.979 6.981 6.982 6.983 6.984 6.984 6.984 6.984 6.984 6.984 6.983 6.982 6.981 6.980 6.978 6.976 6.974 6.972 6.970 6.967 6.964 6.961 6.957 6.953 6.947 6.938 6.928 6.920 6.911 6.903 6.898
6.839 6.843 6.847 6.851 6.855 6.859 6.863 6.868 6.872 6.877 6.881 6.885 6.890 6.894 6.898 6.902 6.906 6.909 6.913 6.917 6.920 6.923 6.926 6.929 6.931 6.934 6.936 6.938 6.940 6.942 6.944 6.946 6.948 6.950 6.953 6.955 6.957 6.959 6.961 6.964 6.966 6.968 6.971 6.973 6.975 6.977 6.978 6.980 6.981 6.982 6.983 6.983 6.984 6.984 6.983 6.983 6.983 6.982 6.981 6.979 6.978 6.976 6.974 6.972 6.970 6.967 6.964 6.961 6.957 6.953 6.948 6.939 6.929 6.920 6.912 6.904 6.899
6.839 6.843 6.847 6.851 6.855 6.859 6.863 6.868 6.872 6.876 6.881 6.885 6.889 6.893 6.897 6.901 6.905 6.909 6.913 6.917 6.920 6.923 6.926 6.928 6.931 6.933 6.936 6.938 6.940 6.942 6.944 6.946 6.948 6.950 6.952 6.954 6.956 6.958 6.961 6.963 6.965 6.968 6.970 6.972 6.974 6.976 6.977 6.979 6.980 6.981 6.982 6.982 6.983 6.983 6.983 6.983 6.982 6.981 6.980 6.979 6.978 6.976 6.974 6.972 6.970 6.967 6.964 6.961 6.958 6.954 6.948 6.940 6.930 6.922 6.914 6.906 6.901
6.840 6.844 6.847 6.851 6.855 6.859 6.863 6.867 6.872 6.876 6.880 6.884 6.889 6.893 6.897 6.901 6.905 6.909 6.913 6.916 6.920 6.923 6.926 6.928 6.931 6.933 6.936 6.938 6.940 6.942 6.944 6.946 6.948 6.950 6.952 6.954 6.956 6.958 6.960 6.962 6.964 6.967 6.969 6.971 6.973 6.975 6.977 6.978 6.979 6.980 6.981 6.982 6.982 6.982 6.982 6.982 6.982 6.981 6.980 6.979 6.978 6.976 6.974 6.972 6.970 6.968 6.965 6.962 6.959 6.955 6.950 6.941 6.931 6.923 6.915 6.907 6.903
6.841 6.844 6.848 6.851 6.855 6.859 6.863 6.867 6.871 6.876 6.880 6.884 6.888 6.892 6.897 6.901 6.904 6.908 6.912 6.916 6.919 6.922 6.925 6.928 6.931 6.933 6.935 6.938 6.940 6.942 6.944 6.945 6.947 6.949 6.951 6.953 6.955 6.957 6.959 6.961 6.964 6.966 6.968 6.970 6.972 6.974 6.976 6.977 6.979 6.980 6.981 6.981 6.982 6.982 6.982 6.982 6.982 6.981 6.980 6.979 6.978 6.976 6.975 6.973 6.971 6.969 6.966 6.963 6.960 6.957 6.952 6.943 6.933 6.924 6.917 6.908 6.904
6.841 6.845 6.848 6.851 6.855 6.859 6.863 6.867 6.871 6.875 6.879 6.884 6.888 6.892 6.896 6.900 6.904 6.908 6.912 6.916 6.919 6.922 6.925 6.928 6.930 6.933 6.935 6.937 6.940 6.942 6.943 6.945 6.947 6.949 6.951 6.953 6.955 6.957 6.959 6.961 6.963 6.965 6.968 6.970 6.972 6.974 6.975 6.977 6.978 6.980 6.981 6.981 6.982 6.982 6.982 6.982 6.982 6.981 6.981 6.980 6.978 6.977 6.975 6.974 6.972 6.970 6.967 6.965 6.962 6.959 6.954 6.945 6.934 6.926 6.918 6.910 6.906
6.842 6.845 6.848 6.852 6.855 6.859 6.863 6.867 6.871 6.875 6.879 6.883 6.887 6.891 6.896 6.900 6.904 6.907 6.911 6.915 6.919 6.922 6.925 6.928 6.930 6.933 6.935 6.937 6.939 6.941 6.943 6.945 6.947 6.949 6.951 6.953 6.955 6.956 6.958 6.961 6.963 6.965 6.967 6.969 6.971 6.973 6.975 6.977 6.978 6.979 6.980 6.981 6.982 6.982 6.983 6.983 6.982 6.982 6.981 6.980 6.979 6.978 6.977 6.975 6.973 6.972 6.969 6.967 6.964 6.961 6.956 6.947 6.936 6.928 6.920 6.913 6.908
