version1/TsunamiDB/out54113.asc
ncols          264
nrows          230
xllcorner      497853.4375
yllcorner      4229146.0000
cellsize         5.
NODATA_value   -99
[rows 68 to 101 of 230, columns 77 to 153 of 264]
5.908 5.923 5.938 5.952 5.967 5.979 5.991 6.003 6.016 6.028 6.040 6.052 6.064 6.076 6.087 6.099 6.110 6.122 6.133 6.145 6.156 6.167 6.179 6.190 6.201 6.212 6.223 6.233 6.243 6.251 6.260 6.270 6.279 6.288 6.296 6.305 6.314 6.322 6.331 6.339 6.347 6.355 6.363 6.371 6.379 6.386 6.394 6.401 6.408 6.415 6.422 6.426 6.431 6.436 6.440 6.444 6.448 6.452 6.456 6.460 6.464 6.469 6.473 6.478 6.483 6.488 6.494 6.500 6.506 6.513 6.521 6.529 6.537 6.546 6.553 6.561 6.568
5.913 5.928 5.943 5.958 5.972 5.985 5.997 6.010 6.022 6.035 6.047 6.059 6.071 6.083 6.094 6.106 6.117 6.129 6.140 6.151 6.162 6.173 6.185 6.196 6.207 6.218 6.229 6.239 6.248 6.257 6.266 6.275 6.284 6.293 6.302 6.311 6.320 6.328 6.337 6.345 6.353 6.361 6.370 6.377 6.385 6.393 6.401 6.408 6.416 6.423 6.429 6.434 6.439 6.444 6.449 6.453 6.457 6.462 6.466 6.470 6.474 6.478 6.482 6.486 6.491 6.496 6.502 6.508 6.514 6.521 6.528 6.536 6.544 6.552 6.559 6.567 6.575
5.917 5.933 5.948 5.963 5.977 5.990 6.003 6.016 6.029 6.041 6.054 6.066 6.078 6.090 6.101 6.113 6.124 6.135 6.146 6.158 6.169 6.180 6.191 6.202 6.213 6.224 6.235 6.245 6.254 6.263 6.272 6.281 6.290 6.299 6.308 6.317 6.326 6.334 6.343 6.351 6.359 6.367 6.376 6.384 6.392 6.399 6.407 6.415 6.422 6.430 6.436 6.442 6.447 6.452 6.457 6.461 6.466 6.470 6.475 6.479 6.483 6.487 6.491 6.495 6.500 6.505 6.510 6.515 6.522 6.528 6.535 6.543 6.551 6.558 6.566 6.573 6.581
5.921 5.937 5.952 5.968 5.982 5.995 6.008 6.021 6.034 6.047 6.060 6.072 6.084 6.096 6.108 6.119 6.131 6.142 6.153 6.164 6.175 6.186 6.197 6.208 6.219 6.230 6.240 6.250 6.259 6.268 6.277 6.287 6.296 6.305 6.314 6.323 6.331 6.340 6.348 6.357 6.365 6.373 6.381 6.389 6.397 6.405 6.413 6.421 6.429 6.436 6.443 6.448 6.454 6.459 6.464 6.469 6.474 6.479 6.483 6.487 6.491 6.496 6.500 6.504 6.508 6.513 6.518 6.523 6.529 6.535 6.542 6.549 6.557 6.565 6.572 6.579 6.587
5.925 5.940 5.956 5.971 5.986 5.999 6.012 6.026 6.039 6.052 6.065 6.078 6.090 6.102 6.114 6.125 6.137 6.148 6.159 6.170 6.181 6.192 6.203 6.214 6.225 6.235 6.246 6.256 6.265 6.274 6.283 6.292 6.301 6.310 6.319 6.328 6.337 6.346 6.354 6.362 6.371 6.379 6.387 6.395 6.403 6.411 6.419 6.427 6.435 6.442 6.449 6.455 6.461 6.466 6.471 6.477 6.482 6.486 6.491 6.495 6.500 6.504 6.508 6.512 6.517 6.521 6.526 6.531 6.537 6.543 6.549 6.556 6.564 6.571 6.578 6.585 6.593
5.928 5.943 5.959 5.975 5.989 6.003 6.016 6.030 6.043 6.057 6.070 6.083 6.095 6.108 6.119 6.131 6.143 6.154 6.165 6.176 6.187 6.198 6.209 6.220 6.231 6.241 6.252 6.262 6.271 6.280 6.289 6.298 6.307 6.316 6.325 6.334 6.343 6.351 6.360 6.368 6.376 6.385 6.393 6.401 6.409 6.417 6.425 6.432 6.440 6.448 6.455 6.461 6.467 6.473 6.478 6.484 6.489 6.494 6.499 6.503 6.508 6.512 6.516 6.520 6.525 6.529 6.534 6.539 6.544 6.550 6.556 6.563 6.570 6.577 6.584 6.591 6.599
5.931 5.947 5.962 5.978 5.992 6.006 6.020 6.034 6.047 6.061 6.074 6.087 6.100 6.112 6.125 6.137 6.148 6.160 6.171 6.182 6.193 6.204 6.215 6.226 6.237 6.247 6.258 6.268 6.277 6.286 6.295 6.304 6.313 6.322 6.331 6.340 6.348 6.357 6.365 6.374 6.382 6.390 6.398 6.406 6.414 6.422 6.430 6.438 6.446 6.454 6.461 6.467 6.473 6.479 6.484 6.490 6.496 6.501 6.506 6.511 6.515 6.520 6.524 6.528 6.533 6.537 6.542 6.546 6.552 6.557 6.563 6.569 6.577 6.583 6.590 6.597 6.604
5.934 5.950 5.965 5.981 5.995 6.009 6.023 6.037 6.051 6.065 6.078 6.091 6.104 6.117 6.129 6.142 6.153 6.165 6.177 6.188 6.199 6.210 6.221 6.232 6.242 6.253 6.264 6.273 6.282 6.291 6.301 6.310 6.319 6.328 6.337 6.346 6.354 6.363 6.371 6.380 6.388 6.396 6.404 6.412 6.420 6.428 6.435 6.443 6.451 6.459 6.466 6.472 6.478 6.485 6.491 6.496 6.502 6.508 6.513 6.518 6.523 6.527 6.532 6.536 6.540 6.545 6.549 6.554 6.559 6.564 6.570 6.576 6.583 6.590 6.596 6.603 6.610
5.937 5.953 5.968 5.984 5.998 6.012 6.026 6.040 6.054 6.068 6.081 6.095 6.108 6.121 6.134 6.146 6.158 6.170 6.182 6.193 6.204 6.215 6.226 6.237 6.248 6.259 6.269 6.279 6.288 6.297 6.306 6.316 6.325 6.334 6.343 6.352 6.360 6.369 6.377 6.385 6.394 6.402 6.410 6.418 6.425 6.433 6.441 6.449 6.457 6.464 6.472 6.478 6.484 6.490 6.496 6.502 6.508 6.514 6.519 6.525 6.530 6.534 6.539 6.543 6.548 6.552 6.557 6.561 6.566 6.571 6.577 6.583 6.590 6.596 6.602 6.609 6.616
5.941 5.956 5.972 5.987 6.001 6.015 6.029 6.043 6.057 6.071 6.085 6.098 6.111 6.125 6.137 6.150 6.162 6.174 6.186 6.198 6.209 6.220 6.231 6.242 6.253 6.264 6.275 6.285 6.294 6.303 6.312 6.321 6.331 6.340 6.349 6.358 6.366 6.375 6.383 6.392 6.400 6.408 6.416 6.423 6.431 6.439 6.447 6.454 6.462 6.470 6.477 6.483 6.490 6.496 6.502 6.508 6.514 6.520 6.526 6.531 6.536 6.541 6.546 6.551 6.555 6.560 6.564 6.569 6.573 6.578 6.584 6.590 6.596 6.602 6.608 6.615 6.622
5.945 5.960 5.975 5.990 6.005 6.018 6.032 6.046 6.060 6.074 6.088 6.101 6.115 6.128 6.141 6.154 6.166 6.178 6.190 6.202 6.213 6.225 6.236 6.247 6.258 6.269 6.280 6.290 6.299 6.308 6.318 6.327 6.336 6.346 6.355 6.364 6.373 6.381 6.390 6.398 6.406 6.414 6.422 6.429 6.437 6.445 6.452 6.460 6.468 6.476 6.483 6.489 6.495 6.501 6.508 6.514 6.520 6.526 6.532 6.538 6.543 6.548 6.553 6.558 6.562 6.567 6.571 6.576 6.581 6.586 6.591 6.597 6.603 6.609 6.615 6.621 6.627
5.949 5.964 5.979 5.994 6.008 6.022 6.035 6.049 6.063 6.077 6.091 6.104 6.118 6.131 6.144 6.157 6.170 6.182 6.194 6.206 6.218 6.229 6.240 6.252 6.263 6.274 6.285 6.295 6.304 6.314 6.323 6.333 6.342 6.351 6.361 6.370 6.379 6.387 6.396 6.404 6.412 6.420 6.428 6.436 6.443 6.451 6.459 6.466 6.474 6.482 6.488 6.495 6.501 6.507 6.513 6.520 6.526 6.532 6.538 6.544 6.549 6.555 6.560 6.565 6.570 6.574 6.579 6.583 6.588 6.593 6.598 6.604 6.610 6.616 6.621 6.627 6.634
5.954 5.969 5.983 5.998 6.012 6.025 6.039 6.053 6.066 6.080 6.094 6.108 6.121 6.134 6.147 6.160 6.173 6.185 6.198 6.210 6.221 6.233 6.245 6.256 6.267 6.278 6.290 6.300 6.309 6.319 6.328 6.338 6.348 6.357 6.366 6.376 6.385 6.394 6.402 6.411 6.419 6.427 6.435 6.442 6.450 6.458 6.465 6.473 6.480 6.488 6.495 6.501 6.507 6.513 6.519 6.526 6.532 6.538 6.544 6.550 6.556 6.561 6.567 6.572 6.577 6.581 6.586 6.591 6.596 6.600 6.606 6.611 6.617 6.623 6.628 6.634 6.640
5.960 5.974 5.988 6.003 6.016 6.029 6.043 6.056 6.070 6.084 6.097 6.111 6.124 6.138 6.151 6.164 6.176 6.189 6.201 6.213 6.225 6.237 6.249 6.260 6.272 6.283 6.294 6.304 6.314 6.324 6.333 6.343 6.353 6.363 6.372 6.382 6.391 6.400 6.408 6.417 6.425 6.433 6.441 6.449 6.457 6.464 6.472 6.479 6.487 6.494 6.501 6.507 6.513 6.519 6.526 6.532 6.538 6.545 6.551 6.557 6.563 6.568 6.574 6.579 6.584 6.589 6.594 6.598 6.603 6.608 6.613 6.619 6.624 6.630 6.635 6.640 6.647
5.966 5.980 5.994 6.008 6.021 6.034 6.047 6.060 6.074 6.087 6.101 6.114 6.128 6.141 6.154 6.167 6.180 6.192 6.205 6.217 6.229 6.241 6.252 6.264 6.276 6.287 6.298 6.309 6.318 6.328 6.338 6.348 6.358 6.368 6.378 6.387 6.397 6.406 6.415 6.423 6.432 6.440 6.448 6.456 6.464 6.471 6.479 6.486 6.494 6.501 6.508 6.514 6.520 6.526 6.532 6.538 6.545 6.551 6.557 6.563 6.569 6.575 6.581 6.586 6.591 6.596 6.601 6.606 6.611 6.616 6.621 6.626 6.632 6.637 6.642 6.648 6.654
5.973 5.986 6.000 6.014 6.026 6.039 6.052 6.065 6.078 6.092 6.105 6.118 6.131 6.145 6.158 6.170 6.183 6.196 6.208 6.220 6.232 6.244 6.256 6.268 6.280 6.291 6.303 6.313 6.323 6.333 6.343 6.353 6.363 6.373 6.383 6.393 6.402 6.412 6.421 6.430 6.438 6.447 6.455 6.463 6.471 6.479 6.486 6.494 6.501 6.509 6.515 6.521 6.527 6.533 6.539 6.545 6.552 6.558 6.564 6.570 6.576 6.582 6.588 6.594 6.599 6.604 6.609 6.614 6.619 6.624 6.629 6.635 6.640 6.645 6.650 6.655 6.661
5.980 5.994 6.007 6.020 6.032 6.045 6.057 6.070 6.083 6.096 6.109 6.122 6.136 6.149 6.161 6.174 6.187 6.199 6.212 6.224 6.236 6.248 6.260 6.272 6.284 6.295 6.307 6.317 6.327 6.337 6.347 6.357 6.368 6.378 6.388 6.398 6.408 6.417 6.427 6.436 6.445 6.454 6.462 6.470 6.478 6.486 6.494 6.501 6.509 6.516 6.523 6.528 6.534 6.540 6.547 6.553 6.559 6.565 6.572 6.578 6.584 6.590 6.596 6.601 6.607 6.612 6.617 6.622 6.627 6.632 6.638 6.643 6.649 6.654 6.658 6.663 6.669
5.989 6.002 6.014 6.027 6.039 6.051 6.063 6.076 6.088 6.101 6.114 6.127 6.140 6.153 6.166 6.178 6.191 6.203 6.216 6.228 6.240 6.252 6.264 6.276 6.288 6.299 6.311 6.321 6.331 6.341 6.352 6.362 6.372 6.383 6.393 6.403 6.413 6.423 6.433 6.442 6.451 6.460 6.469 6.477 6.486 6.494 6.501 6.509 6.517 6.524 6.530 6.536 6.542 6.548 6.554 6.561 6.567 6.573 6.579 6.586 6.592 6.598 6.604 6.609 6.615 6.620 6.626 6.631 6.636 6.641 6.647 6.652 6.658 6.662 6.667 6.672 6.677
5.998 6.010 6.023 6.035 6.047 6.058 6.070 6.082 6.094 6.107 6.120 6.132 6.145 6.158 6.170 6.183 6.195 6.208 6.220 6.232 6.244 6.256 6.268 6.280 6.292 6.304 6.315 6.326 6.335 6.346 6.356 6.366 6.377 6.387 6.398 6.408 6.418 6.428 6.438 6.448 6.457 6.467 6.476 6.484 6.493 6.501 6.509 6.517 6.525 6.532 6.538 6.544 6.550 6.556 6.563 6.569 6.575 6.581 6.588 6.594 6.600 6.606 6.612 6.618 6.623 6.629 6.634 6.640 6.645 6.650 6.656 6.662 6.667 6.671 6.676 6.681 6.686
6.008 6.020 6.032 6.044 6.054 6.065 6.077 6.089 6.101 6.113 6.126 6.138 6.151 6.163 6.176 6.188 6.200 6.212 6.225 6.237 6.249 6.261 6.273 6.284 6.296 6.308 6.320 6.330 6.340 6.350 6.360 6.371 6.382 6.392 6.403 6.413 6.423 6.434 6.444 6.454 6.463 6.473 6.482 6.491 6.500 6.508 6.517 6.525 6.533 6.540 6.547 6.553 6.559 6.565 6.571 6.577 6.583 6.590 6.596 6.602 6.608 6.615 6.621 6.627 6.632 6.638 6.644 6.649 6.654 6.660 6.665 6.671 6.676 6.681 6.685 6.690 6.695
6.019 6.030 6.042 6.053 6.063 6.074 6.085 6.096 6.108 6.120 6.132 6.144 6.157 6.169 6.181 6.193 6.206 6.218 6.230 6.242 6.254 6.265 6.277 6.289 6.301 6.313 6.324 6.334 6.344 6.355 6.365 6.376 6.386 6.397 6.407 6.418 6.428 6.439 6.449 6.459 6.469 6.479 6.488 6.498 6.507 6.516 6.524 6.533 6.541 6.548 6.555 6.561 6.567 6.574 6.580 6.586 6.592 6.599 6.605 6.611 6.617 6.624 6.630 6.636 6.642 6.647 6.653 6.659 6.664 6.670 6.675 6.681 6.686 6.690 6.695 6.700 6.705
6.030 6.041 6.052 6.063 6.072 6.083 6.093 6.105 6.116 6.128 6.139 6.151 6.163 6.175 6.187 6.199 6.211 6.223 6.235 6.247 6.259 6.271 6.282 6.294 6.306 6.318 6.329 6.339 6.349 6.359 6.370 6.380 6.391 6.402 6.412 6.423 6.433 6.444 6.454 6.465 6.475 6.485 6.495 6.504 6.513 6.523 6.532 6.540 6.549 6.556 6.563 6.570 6.576 6.582 6.589 6.595 6.601 6.608 6.614 6.620 6.627 6.633 6.639 6.645 6.651 6.657 6.663 6.668 6.674 6.680 6.685 6.691 6.696 6.701 6.705 6.710 6.715
6.042 6.052 6.063 6.073 6.082 6.092 6.103 6.113 6.124 6.136 6.147 6.159 6.170 6.182 6.194 6.206 6.217 6.229 6.241 6.253 6.265 6.276 6.288 6.300 6.311 6.323 6.334 6.344 6.354 6.364 6.375 6.385 6.396 6.407 6.417 6.428 6.439 6.449 6.460 6.470 6.480 6.491 6.501 6.510 6.520 6.529 6.539 6.548 6.556 6.564 6.571 6.578 6.585 6.591 6.598 6.604 6.610 6.617 6.623 6.630 6.636 6.642 6.648 6.655 6.661 6.667 6.673 6.678 6.684 6.690 6.696 6.701 6.707 6.711 6.716 6.720 6.725
6.053 6.063 6.074 6.084 6.093 6.102 6.112 6.123 6.133 6.144 6.155 6.167 6.178 6.189 6.201 6.212 6.224 6.236 6.247 6.259 6.271 6.282 6.294 6.305 6.317 6.328 6.339 6.349 6.359 6.370 6.380 6.391 6.401 6.412 6.422 6.433 6.444 6.454 6.465 6.475 6.486 6.496 6.506 6.516 6.526 6.536 6.545 6.555 6.564 6.572 6.579 6.586 6.593 6.600 6.606 6.613 6.620 6.626 6.633 6.639 6.646 6.652 6.658 6.664 6.671 6.677 6.683 6.689 6.695 6.700 6.706 6.712 6.717 6.722 6.726 6.731 6.736
6.065 6.075 6.085 6.095 6.103 6.113 6.122 6.132 6.143 6.153 6.164 6.175 6.186 6.197 6.208 6.220 6.231 6.243 6.254 6.266 6.277 6.288 6.300 6.311 6.323 6.334 6.345 6.355 6.365 6.375 6.386 6.396 6.407 6.417 6.428 6.438 6.449 6.460 6.470 6.481 6.491 6.502 6.512 6.522 6.532 6.542 6.552 6.562 6.571 6.580 6.587 6.594 6.601 6.608 6.615 6.622 6.629 6.635 6.642 6.649 6.655 6.662 6.668 6.674 6.681 6.687 6.693 6.699 6.705 6.711 6.717 6.723 6.728 6.733 6.737 6.742 6.747
6.076 6.086 6.096 6.106 6.114 6.123 6.133 6.142 6.152 6.163 6.173 6.184 6.194 6.205 6.216 6.227 6.239 6.250 6.261 6.273 6.284 6.295 6.306 6.318 6.329 6.341 6.351 6.361 6.371 6.381 6.391 6.402 6.412 6.423 6.433 6.444 6.455 6.465 6.476 6.486 6.497 6.507 6.518 6.528 6.538 6.549 6.558 6.568 6.578 6.587 6.595 6.602 6.610 6.617 6.624 6.631 6.638 6.645 6.651 6.658 6.665 6.671 6.678 6.684 6.691 6.697 6.703 6.709 6.716 6.722 6.728 6.734 6.739 6.744 6.749 6.753 6.758
6.088 6.098 6.108 6.117 6.125 6.134 6.143 6.153 6.163 6.172 6.183 6.193 6.203 6.214 6.225 6.236 6.247 6.258 6.269 6.280 6.291 6.302 6.313 6.325 6.336 6.347 6.358 6.368 6.377 6.388 6.398 6.408 6.418 6.429 6.439 6.450 6.460 6.471 6.481 6.492 6.503 6.513 6.524 6.534 6.544 6.555 6.565 6.575 6.585 6.594 6.602 6.610 6.617 6.625 6.632 6.640 6.647 6.654 6.661 6.668 6.674 6.681 6.688 6.694 6.701 6.707 6.714 6.720 6.726 6.732 6.738 6.745 6.750 6.755 6.760 6.765 6.770
6.099 6.109 6.119 6.128 6.136 6.145 6.154 6.163 6.173 6.182 6.192 6.202 6.212 6.223 6.233 6.244 6.255 6.266 6.276 6.287 6.298 6.310 6.321 6.332 6.343 6.354 6.365 6.374 6.384 6.394 6.404 6.414 6.425 6.435 6.445 6.456 6.466 6.477 6.487 6.498 6.508 6.519 6.529 6.540 6.550 6.561 6.571 6.581 6.591 6.601 6.609 6.617 6.625 6.633 6.641 6.648 6.656 6.663 6.670 6.677 6.684 6.691 6.697 6.704 6.711 6.717 6.724 6.730 6.737 6.743 6.749 6.756 6.761 6.766 6.771 6.776 6.781
6.109 6.119 6.129 6.138 6.147 6.156 6.164 6.174 6.183 6.192 6.202 6.212 6.222 6.232 6.242 6.253 6.263 6.274 6.285 6.295 6.306 6.317 6.328 6.339 6.350 6.361 6.372 6.381 6.391 6.401 6.411 6.421 6.431 6.442 6.452 6.462 6.473 6.483 6.493 6.504 6.514 6.525 6.535 6.546 6.556 6.567 6.577 6.588 6.598 6.608 6.616 6.624 6.633 6.641 6.649 6.656 6.664 6.672 6.679 6.686 6.693 6.700 6.707 6.714 6.721 6.727 6.734 6.741 6.747 6.754 6.760 6.767 6.772 6.777 6.782 6.787 6.792
6.119 6.129 6.140 6.149 6.157 6.166 6.175 6.184 6.193 6.202 6.212 6.222 6.231 6.241 6.251 6.261 6.272 6.282 6.293 6.303 6.314 6.325 6.336 6.347 6.358 6.369 6.379 6.389 6.399 6.408 6.418 6.428 6.438 6.449 6.459 6.469 6.479 6.490 6.500 6.510 6.521 6.531 6.541 6.552 6.563 6.573 6.584 6.594 6.605 6.614 6.623 6.632 6.640 6.648 6.656 6.664 6.672 6.680 6.688 6.695 6.702 6.709 6.717 6.724 6.730 6.737 6.744 6.751 6.757 6.764 6.771 6.777 6.783 6.788 6.793 6.798 6.803
6.129 6.139 6.150 6.159 6.167 6.176 6.185 6.194 6.203 6.212 6.222 6.231 6.241 6.251 6.260 6.270 6.280 6.291 6.301 6.312 6.322 6.333 6.344 6.355 6.366 6.377 6.387 6.396 6.406 6.416 6.426 6.436 6.446 6.456 6.466 6.476 6.486 6.496 6.506 6.517 6.527 6.537 6.548 6.558 6.569 6.579 6.590 6.600 6.611 6.621 6.630 6.638 6.647 6.656 6.664 6.672 6.680 6.688 6.696 6.704 6.711 6.719 6.726 6.733 6.740 6.747 6.754 6.761 6.768 6.775 6.781 6.788 6.794 6.799 6.804 6.809 6.815
6.138 6.149 6.159 6.168 6.177 6.186 6.195 6.204 6.213 6.222 6.232 6.241 6.250 6.260 6.270 6.279 6.289 6.299 6.310 6.320 6.331 6.341 6.352 6.363 6.374 6.385 6.395 6.404 6.414 6.424 6.433 6.443 6.453 6.463 6.473 6.483 6.493 6.503 6.513 6.524 6.534 6.544 6.554 6.565 6.575 6.586 6.596 6.607 6.618 6.627 6.636 6.645 6.654 6.663 6.672 6.680 6.688 6.697 6.705 6.712 6.720 6.728 6.735 6.742 6.750 6.757 6.764 6.771 6.778 6.785 6.792 6.799 6.805 6.810 6.815 6.821 6.826
6.147 6.158 6.168 6.178 6.187 6.195 6.205 6.214 6.223 6.232 6.241 6.250 6.260 6.269 6.279 6.288 6.298 6.308 6.318 6.329 6.339 6.350 6.360 6.371 6.382 6.393 6.403 6.412 6.422 6.431 6.441 6.451 6.461 6.471 6.481 6.491 6.501 6.511 6.521 6.531 6.541 6.551 6.561 6.571 6.582 6.592 6.603 6.614 6.624 6.634 6.643 6.652 6.661 6.670 6.679 6.688 6.696 6.705 6.713 6.721 6.729 6.737 6.744 6.752 6.759 6.766 6.773 6.781 6.788 6.795 6.802 6.809 6.815 6.821 6.826 6.831 6.837
6.155 6.166 6.177 6.187 6.196 6.205 6.214 6.223 6.232 6.241 6.251 6.260 6.269 6.278 6.288 6.297 6.307 6.317 6.327 6.337 6.347 6.358 6.368 6.379 6.390 6.401 6.411 6.420 6.430 6.439 6.449 6.459 6.469 6.479 6.489 6.498 6.508 6.518 6.528 6.538 6.548 6.558 6.568 6.578 6.589 6.599 6.610 6.620 6.631 6.641 6.650 6.659 6.668 6.677 6.686 6.695 6.704 6.713 6.721 6.729 6.737 6.745 6.753 6.761 6.768 6.776 6.783 6.790 6.798 6.805 6.813 6.820 6.826 6.831 6.837 6.842 6.848
