version1/TsunamiDB/out54099.asc
ncols          264
nrows          230
xllcorner      497853.4375
yllcorner      4229146.0000
cellsize         5.
NODATA_value   -99
[rows 68 to 101 of 230, columns 0 to 76 of 264]
-99.000 -99.000 -99.000 1.651 1.658 1.717 1.871 2.105 2.381 2.657 2.902 3.103 3.260 3.384 3.484 3.568 3.642 3.709 3.772 3.832 3.890 3.946 4.001 4.055 4.109 4.161 4.213 4.265 4.316 4.366 4.415 4.463 4.509 4.554 4.597 4.638 4.676 4.714 4.750 4.784 4.817 4.848 4.878 4.907 4.934 4.961 4.987 5.012 5.036 5.060 5.083 5.105 5.127 5.148 5.169 5.190 5.210 5.231 5.249 5.267 5.286 5.305 5.324 5.342 5.361 5.379 5.397 5.416 5.434 5.452 5.470 5.488 5.506 5.524 5.542 5.559 5.577
-99.000 -99.000 -99.000 1.652 1.678 1.785 1.986 2.247 2.528 2.790 3.013 3.191 3.329 3.439 3.529 3.607 3.677 3.741 3.802 3.859 3.915 3.969 4.023 4.075 4.127 4.178 4.229 4.280 4.330 4.379 4.428 4.475 4.522 4.567 4.610 4.651 4.690 4.728 4.765 4.800 4.833 4.865 4.895 4.924 4.952 4.979 5.005 5.030 5.054 5.078 5.101 5.123 5.145 5.166 5.187 5.208 5.228 5.248 5.266 5.284 5.302 5.321 5.339 5.357 5.375 5.393 5.411 5.429 5.447 5.464 5.482 5.500 5.517 5.535 5.553 5.570 5.588
-99.000 -99.000 1.651 1.659 1.722 1.880 2.117 2.394 2.669 2.913 3.112 3.268 3.390 3.488 3.572 3.644 3.710 3.772 3.830 3.886 3.940 3.992 4.044 4.095 4.145 4.195 4.244 4.294 4.343 4.391 4.439 4.486 4.533 4.578 4.622 4.663 4.703 4.742 4.779 4.814 4.848 4.880 4.911 4.941 4.969 4.996 5.022 5.048 5.072 5.096 5.119 5.141 5.163 5.184 5.205 5.226 5.246 5.265 5.283 5.301 5.319 5.337 5.355 5.373 5.391 5.408 5.426 5.443 5.460 5.477 5.495 5.512 5.529 5.547 5.564 5.581 5.598
-99.000 -99.000 1.653 1.681 1.792 1.996 2.259 2.540 2.801 3.023 3.199 3.337 3.445 3.534 3.611 3.680 3.743 3.802 3.858 3.912 3.964 4.015 4.065 4.114 4.163 4.211 4.259 4.307 4.355 4.403 4.450 4.497 4.543 4.588 4.632 4.674 4.714 4.753 4.791 4.827 4.862 4.895 4.926 4.956 4.985 5.013 5.039 5.065 5.090 5.114 5.137 5.159 5.181 5.202 5.223 5.243 5.263 5.283 5.301 5.318 5.336 5.354 5.372 5.389 5.407 5.424 5.441 5.457 5.474 5.491 5.508 5.525 5.542 5.558 5.575 5.592 5.609
-99.000 1.651 1.660 1.726 1.888 2.128 2.405 2.680 2.922 3.120 3.275 3.397 3.494 3.576 3.648 3.714 3.774 3.831 3.885 3.937 3.988 4.037 4.085 4.133 4.180 4.227 4.274 4.321 4.368 4.414 4.461 4.507 4.552 4.598 4.642 4.684 4.724 4.764 4.802 4.839 4.874 4.908 4.940 4.971 5.000 5.028 5.055 5.081 5.106 5.130 5.154 5.177 5.199 5.220 5.241 5.261 5.281 5.301 5.319 5.336 5.354 5.371 5.389 5.406 5.423 5.440 5.456 5.473 5.489 5.505 5.522 5.538 5.554 5.571 5.587 5.604 5.620
1.651 1.653 1.683 1.798 2.005 2.270 2.550 2.811 3.031 3.206 3.343 3.452 3.540 3.616 3.684 3.746 3.804 3.859 3.912 3.962 4.011 4.059 4.106 4.152 4.198 4.244 4.289 4.334 4.380 4.425 4.471 4.516 4.561 4.606 4.650 4.692 4.733 4.773 4.812 4.850 4.886 4.920 4.953 4.984 5.014 5.043 5.070 5.097 5.122 5.147 5.170 5.193 5.216 5.237 5.258 5.279 5.299 5.318 5.336 5.354 5.371 5.389 5.406 5.423 5.440 5.456 5.473 5.489 5.505 5.521 5.536 5.552 5.568 5.584 5.600 5.616 5.632
1.651 1.661 1.730 1.895 2.137 2.415 2.690 2.931 3.128 3.282 3.403 3.501 3.582 3.653 3.718 3.778 3.834 3.887 3.938 3.987 4.035 4.081 4.127 4.171 4.216 4.260 4.304 4.348 4.392 4.436 4.480 4.525 4.569 4.613 4.657 4.699 4.740 4.781 4.821 4.859 4.895 4.931 4.964 4.996 5.027 5.056 5.084 5.111 5.137 5.162 5.186 5.209 5.232 5.254 5.275 5.296 5.316 5.336 5.354 5.371 5.389 5.407 5.424 5.441 5.457 5.474 5.490 5.505 5.521 5.536 5.552 5.567 5.582 5.598 5.613 5.628 5.644
1.653 1.685 1.803 2.012 2.278 2.559 2.819 3.038 3.213 3.349 3.457 3.546 3.621 3.689 3.751 3.808 3.862 3.914 3.964 4.011 4.058 4.103 4.147 4.191 4.234 4.276 4.319 4.361 4.404 4.447 4.490 4.534 4.577 4.620 4.664 4.706 4.747 4.788 4.828 4.866 4.904 4.940 4.974 5.007 5.038 5.068 5.097 5.124 5.151 5.176 5.201 5.225 5.247 5.270 5.291 5.312 5.332 5.352 5.371 5.388 5.406 5.424 5.441 5.458 5.475 5.491 5.507 5.522 5.538 5.553 5.568 5.583 5.598 5.613 5.627 5.642 5.657
1.662 1.733 1.901 2.144 2.423 2.697 2.938 3.134 3.287 3.408 3.506 3.588 3.659 3.723 3.782 3.838 3.891 3.941 3.989 4.036 4.081 4.125 4.168 4.210 4.252 4.293 4.334 4.375 4.417 4.458 4.500 4.542 4.585 4.627 4.670 4.711 4.752 4.793 4.834 4.873 4.911 4.947 4.982 5.016 5.048 5.079 5.108 5.137 5.164 5.190 5.215 5.239 5.262 5.285 5.306 5.328 5.348 5.369 5.387 5.405 5.423 5.441 5.459 5.476 5.492 5.508 5.524 5.540 5.555 5.570 5.585 5.599 5.614 5.628 5.642 5.657 5.671
1.687 1.807 2.018 2.285 2.567 2.826 3.044 3.218 3.354 3.462 3.550 3.627 3.694 3.755 3.813 3.867 3.918 3.967 4.014 4.060 4.104 4.146 4.188 4.229 4.270 4.310 4.350 4.390 4.430 4.470 4.510 4.551 4.592 4.634 4.675 4.716 4.757 4.798 4.838 4.878 4.916 4.953 4.989 5.024 5.057 5.088 5.118 5.147 5.175 5.202 5.227 5.252 5.276 5.299 5.321 5.343 5.364 5.384 5.403 5.421 5.440 5.458 5.475 5.493 5.509 5.526 5.542 5.557 5.572 5.587 5.602 5.616 5.630 5.645 5.658 5.672 5.686
1.736 1.905 2.150 2.430 2.704 2.944 3.139 3.292 3.413 3.510 3.592 3.664 3.728 3.787 3.843 3.896 3.946 3.993 4.039 4.084 4.126 4.168 4.209 4.249 4.288 4.327 4.366 4.404 4.443 4.482 4.521 4.560 4.600 4.640 4.681 4.721 4.761 4.802 4.842 4.882 4.920 4.958 4.995 5.030 5.064 5.096 5.127 5.157 5.185 5.213 5.239 5.264 5.288 5.312 5.334 5.356 5.378 5.399 5.418 5.436 5.455 5.473 5.491 5.509 5.526 5.543 5.559 5.574 5.590 5.605 5.619 5.634 5.648 5.661 5.675 5.689 5.702
1.811 2.023 2.291 2.572 2.831 3.049 3.222 3.358 3.466 3.555 3.631 3.699 3.760 3.818 3.872 3.923 3.972 4.019 4.064 4.107 4.149 4.190 4.230 4.268 4.307 4.344 4.382 4.419 4.457 4.494 4.532 4.570 4.608 4.647 4.687 4.726 4.765 4.805 4.845 4.884 4.923 4.962 4.999 5.035 5.069 5.102 5.134 5.165 5.194 5.222 5.249 5.275 5.300 5.324 5.347 5.369 5.391 5.412 5.432 5.451 5.470 5.489 5.507 5.525 5.542 5.559 5.575 5.591 5.607 5.622 5.637 5.651 5.665 5.679 5.692 5.706 5.719
1.909 2.155 2.435 2.709 2.948 3.143 3.296 3.416 3.514 3.596 3.668 3.733 3.792 3.848 3.901 3.951 3.999 4.044 4.088 4.131 4.172 4.212 4.250 4.288 4.325 4.362 4.399 4.435 4.471 4.507 4.543 4.580 4.617 4.655 4.693 4.731 4.769 4.808 4.847 4.887 4.925 4.964 5.001 5.038 5.073 5.107 5.140 5.171 5.201 5.230 5.258 5.284 5.310 5.334 5.358 5.381 5.403 5.425 5.445 5.464 5.484 5.503 5.521 5.540 5.557 5.574 5.591 5.608 5.623 5.639 5.654 5.668 5.682 5.696 5.710 5.723 5.736
2.027 2.296 2.577 2.836 3.053 3.225 3.361 3.469 3.558 3.635 3.703 3.765 3.822 3.877 3.929 3.978 4.025 4.069 4.113 4.154 4.194 4.233 4.271 4.308 4.344 4.380 4.416 4.451 4.486 4.521 4.556 4.591 4.627 4.663 4.700 4.736 4.773 4.811 4.850 4.888 4.927 4.965 5.003 5.040 5.076 5.111 5.144 5.176 5.207 5.237 5.265 5.293 5.319 5.344 5.368 5.392 5.414 5.436 5.457 5.477 5.496 5.516 5.535 5.553 5.572 5.589 5.606 5.623 5.639 5.655 5.670 5.685 5.699 5.713 5.727 5.740 5.753
2.159 2.439 2.712 2.951 3.146 3.298 3.419 3.516 3.599 3.671 3.737 3.796 3.852 3.906 3.956 4.004 4.050 4.094 4.137 4.177 4.217 4.255 4.292 4.328 4.364 4.399 4.433 4.467 4.501 4.535 4.569 4.603 4.637 4.672 4.707 4.742 4.778 4.815 4.852 4.890 4.928 4.966 5.003 5.041 5.077 5.112 5.147 5.180 5.212 5.242 5.272 5.300 5.327 5.352 5.377 5.401 5.425 5.447 5.468 5.488 5.508 5.528 5.547 5.566 5.585 5.603 5.620 5.638 5.654 5.670 5.686 5.701 5.716 5.730 5.744 5.758 5.771
2.299 2.580 2.838 3.055 3.228 3.363 3.471 3.560 3.637 3.706 3.769 3.827 3.881 3.933 3.983 4.030 4.075 4.119 4.160 4.200 4.239 4.277 4.313 4.348 4.383 4.417 4.451 4.484 4.517 4.550 4.582 4.615 4.649 4.682 4.715 4.748 4.783 4.819 4.855 4.892 4.929 4.966 5.003 5.041 5.077 5.113 5.148 5.182 5.214 5.246 5.276 5.305 5.333 5.360 5.385 5.410 5.434 5.456 5.478 5.498 5.519 5.539 5.559 5.578 5.597 5.616 5.634 5.651 5.668 5.685 5.701 5.716 5.732 5.746 5.761 5.774 5.788
2.442 2.715 2.954 3.148 3.300 3.420 3.518 3.601 3.673 3.739 3.800 3.856 3.909 3.960 4.009 4.055 4.100 4.143 4.184 4.223 4.261 4.298 4.334 4.369 4.403 4.436 4.469 4.501 4.533 4.565 4.597 4.629 4.661 4.693 4.724 4.756 4.790 4.824 4.859 4.894 4.930 4.967 5.003 5.040 5.076 5.112 5.148 5.182 5.216 5.248 5.279 5.309 5.338 5.365 5.392 5.417 5.442 5.465 5.486 5.508 5.529 5.549 5.570 5.589 5.609 5.627 5.646 5.664 5.681 5.698 5.715 5.731 5.746 5.761 5.776 5.790 5.804
2.582 2.840 3.057 3.229 3.364 3.472 3.561 3.639 3.708 3.771 3.830 3.885 3.937 3.987 4.035 4.080 4.124 4.166 4.207 4.246 4.283 4.319 4.355 4.389 4.422 4.455 4.487 4.519 4.550 4.581 4.612 4.642 4.673 4.704 4.735 4.765 4.797 4.830 4.863 4.897 4.932 4.967 5.003 5.039 5.075 5.111 5.147 5.182 5.216 5.249 5.281 5.311 5.341 5.369 5.397 5.423 5.448 5.472 5.494 5.516 5.538 5.559 5.579 5.599 5.619 5.638 5.657 5.675 5.693 5.710 5.727 5.744 5.760 5.776 5.791 5.806 5.820
2.716 2.955 3.149 3.301 3.421 3.519 3.602 3.674 3.741 3.802 3.859 3.913 3.963 4.013 4.060 4.105 4.148 4.189 4.229 4.268 4.305 4.341 4.376 4.409 4.442 4.474 4.506 4.537 4.567 4.597 4.627 4.657 4.687 4.717 4.746 4.775 4.806 4.837 4.869 4.902 4.935 4.969 5.004 5.039 5.074 5.109 5.145 5.180 5.214 5.248 5.281 5.312 5.343 5.372 5.400 5.428 5.454 5.478 5.500 5.523 5.545 5.567 5.588 5.608 5.628 5.648 5.667 5.686 5.704 5.722 5.739 5.756 5.773 5.789 5.804 5.820 5.834
2.841 3.058 3.230 3.365 3.473 3.562 3.639 3.708 3.772 3.831 3.887 3.940 3.990 4.038 4.084 4.129 4.171 4.212 4.252 4.290 4.326 4.362 4.396 4.430 4.462 4.494 4.525 4.555 4.585 4.614 4.643 4.672 4.701 4.730 4.758 4.786 4.816 4.846 4.876 4.907 4.939 4.972 5.005 5.039 5.073 5.108 5.143 5.177 5.212 5.246 5.279 5.312 5.343 5.373 5.403 5.431 5.457 5.482 5.506 5.529 5.552 5.574 5.596 5.617 5.637 5.657 5.676 5.695 5.714 5.732 5.750 5.767 5.784 5.801 5.817 5.833 5.848
2.955 3.149 3.302 3.422 3.519 3.602 3.675 3.741 3.802 3.860 3.915 3.966 4.015 4.063 4.108 4.152 4.194 4.235 4.274 4.311 4.348 4.383 4.417 4.450 4.482 4.513 4.543 4.573 4.602 4.631 4.660 4.688 4.716 4.744 4.771 4.798 4.827 4.855 4.884 4.914 4.944 4.975 5.007 5.039 5.073 5.106 5.140 5.175 5.209 5.243 5.277 5.310 5.342 5.373 5.403 5.432 5.460 5.486 5.510 5.534 5.557 5.580 5.602 5.624 5.645 5.665 5.685 5.704 5.723 5.741 5.760 5.777 5.795 5.812 5.828 5.844 5.860
3.058 3.230 3.365 3.473 3.562 3.639 3.709 3.772 3.832 3.888 3.941 3.991 4.040 4.087 4.132 4.175 4.217 4.257 4.295 4.332 4.368 4.403 4.437 4.469 4.501 4.532 4.562 4.591 4.620 4.649 4.677 4.704 4.732 4.759 4.785 4.811 4.838 4.866 4.894 4.922 4.951 4.981 5.011 5.042 5.073 5.106 5.139 5.172 5.206 5.240 5.273 5.306 5.339 5.371 5.402 5.432 5.461 5.487 5.513 5.538 5.562 5.585 5.608 5.630 5.651 5.672 5.692 5.712 5.731 5.750 5.768 5.786 5.804 5.822 5.839 5.855 5.872
3.149 3.302 3.422 3.520 3.602 3.675 3.741 3.802 3.860 3.915 3.967 4.016 4.064 4.110 4.154 4.197 4.238 4.278 4.316 4.353 4.389 4.423 4.457 4.489 4.520 4.551 4.581 4.610 4.638 4.666 4.694 4.721 4.747 4.774 4.800 4.825 4.851 4.878 4.904 4.932 4.959 4.987 5.016 5.045 5.075 5.106 5.138 5.170 5.203 5.236 5.269 5.302 5.335 5.368 5.399 5.430 5.460 5.487 5.514 5.540 5.565 5.589 5.612 5.635 5.657 5.678 5.699 5.719 5.738 5.758 5.776 5.795 5.813 5.831 5.848 5.865 5.882
3.230 3.365 3.473 3.562 3.639 3.708 3.772 3.831 3.887 3.941 3.992 4.041 4.087 4.133 4.177 4.219 4.260 4.299 4.337 4.374 4.409 4.443 4.476 4.508 4.540 4.570 4.599 4.628 4.656 4.684 4.711 4.737 4.764 4.790 4.815 4.839 4.865 4.890 4.916 4.942 4.968 4.995 5.022 5.050 5.079 5.108 5.138 5.169 5.201 5.233 5.265 5.298 5.331 5.363 5.395 5.427 5.457 5.486 5.513 5.540 5.566 5.591 5.616 5.639 5.661 5.683 5.704 5.725 5.745 5.764 5.784 5.802 5.821 5.839 5.857 5.874 5.891
3.301 3.422 3.520 3.602 3.675 3.741 3.802 3.859 3.914 3.966 4.017 4.064 4.110 4.155 4.198 4.240 4.280 4.319 4.357 4.393 4.429 4.463 4.496 4.527 4.558 4.588 4.618 4.646 4.674 4.701 4.728 4.754 4.780 4.806 4.830 4.854 4.879 4.904 4.929 4.954 4.979 5.004 5.030 5.057 5.084 5.112 5.140 5.170 5.200 5.231 5.262 5.294 5.326 5.358 5.390 5.422 5.453 5.483 5.511 5.539 5.566 5.592 5.617 5.641 5.665 5.687 5.709 5.730 5.751 5.771 5.790 5.809 5.828 5.846 5.864 5.882 5.899
3.365 3.473 3.563 3.640 3.708 3.771 3.831 3.886 3.940 3.991 4.040 4.087 4.132 4.177 4.219 4.261 4.301 4.339 4.377 4.413 4.448 4.482 4.514 4.546 4.577 4.607 4.636 4.664 4.692 4.719 4.745 4.771 4.797 4.822 4.846 4.869 4.893 4.918 4.942 4.966 4.990 5.015 5.040 5.065 5.091 5.117 5.144 5.172 5.200 5.230 5.260 5.290 5.322 5.353 5.385 5.417 5.448 5.478 5.507 5.536 5.564 5.591 5.617 5.642 5.667 5.690 5.712 5.734 5.755 5.776 5.796 5.815 5.834 5.853 5.871 5.889 5.907
3.422 3.520 3.603 3.675 3.741 3.801 3.859 3.913 3.965 4.015 4.064 4.110 4.154 4.198 4.240 4.281 4.320 4.359 4.396 4.432 4.467 4.500 4.533 4.564 4.595 4.625 4.654 4.682 4.709 4.736 4.762 4.788 4.813 4.838 4.862 4.885 4.908 4.932 4.956 4.979 5.003 5.026 5.050 5.074 5.099 5.124 5.150 5.176 5.203 5.230 5.259 5.288 5.318 5.348 5.379 5.411 5.442 5.472 5.502 5.531 5.560 5.588 5.616 5.642 5.667 5.691 5.714 5.737 5.759 5.780 5.800 5.820 5.840 5.859 5.877 5.896 5.914
3.473 3.563 3.640 3.709 3.772 3.830 3.886 3.939 3.990 4.039 4.086 4.131 4.175 4.218 4.260 4.301 4.340 4.378 4.415 4.450 4.485 4.518 4.551 4.582 4.613 4.642 4.671 4.699 4.726 4.753 4.779 4.804 4.829 4.854 4.877 4.900 4.923 4.947 4.970 4.993 5.016 5.039 5.062 5.085 5.108 5.132 5.157 5.181 5.207 5.233 5.260 5.287 5.316 5.345 5.375 5.405 5.436 5.466 5.495 5.525 5.555 5.584 5.612 5.639 5.665 5.691 5.715 5.738 5.761 5.783 5.804 5.824 5.844 5.864 5.883 5.901 5.920
3.520 3.603 3.676 3.741 3.802 3.859 3.913 3.965 4.014 4.062 4.109 4.153 4.196 4.239 4.280 4.320 4.359 4.396 4.433 4.468 4.503 4.536 4.569 4.600 4.630 4.660 4.688 4.716 4.743 4.770 4.796 4.821 4.846 4.870 4.893 4.916 4.939 4.962 4.984 5.007 5.029 5.052 5.074 5.096 5.119 5.142 5.165 5.189 5.213 5.237 5.263 5.289 5.315 5.343 5.371 5.400 5.430 5.459 5.488 5.518 5.548 5.578 5.606 5.635 5.662 5.688 5.714 5.738 5.762 5.784 5.806 5.827 5.848 5.868 5.887 5.906 5.925
3.563 3.641 3.709 3.772 3.831 3.886 3.939 3.990 4.038 4.085 4.131 4.174 4.217 4.258 4.299 4.339 4.377 4.415 4.451 4.486 4.520 4.554 4.586 4.617 4.647 4.677 4.705 4.733 4.760 4.786 4.812 4.837 4.862 4.886 4.909 4.931 4.954 4.976 4.999 5.021 5.043 5.065 5.087 5.108 5.130 5.152 5.174 5.197 5.220 5.243 5.267 5.292 5.317 5.343 5.369 5.397 5.425 5.453 5.482 5.511 5.540 5.570 5.599 5.628 5.656 5.684 5.710 5.736 5.760 5.784 5.807 5.829 5.850 5.871 5.891 5.911 5.930
3.604 3.676 3.742 3.803 3.859 3.913 3.965 4.014 4.062 4.108 4.152 4.194 4.237 4.278 4.318 4.357 4.395 4.432 4.468 4.503 4.537 4.570 4.603 4.634 4.664 4.693 4.722 4.749 4.776 4.803 4.828 4.853 4.878 4.902 4.924 4.946 4.969 4.991 5.013 5.035 5.057 5.078 5.100 5.121 5.142 5.164 5.185 5.207 5.228 5.251 5.273 5.296 5.320 5.345 5.370 5.395 5.422 5.449 5.476 5.504 5.533 5.562 5.591 5.620 5.649 5.677 5.705 5.731 5.757 5.782 5.806 5.829 5.851 5.872 5.893 5.913 5.933
3.642 3.711 3.774 3.832 3.887 3.940 3.990 4.038 4.085 4.130 4.173 4.215 4.257 4.297 4.337 4.375 4.413 4.450 4.485 4.520 4.554 4.587 4.619 4.650 4.680 4.709 4.738 4.765 4.792 4.819 4.844 4.869 4.893 4.917 4.939 4.961 4.984 5.006 5.028 5.049 5.071 5.092 5.113 5.134 5.154 5.175 5.196 5.217 5.238 5.259 5.281 5.303 5.325 5.348 5.372 5.396 5.421 5.446 5.471 5.498 5.526 5.554 5.583 5.612 5.640 5.669 5.697 5.725 5.751 5.777 5.802 5.827 5.850 5.872 5.894 5.915 5.935
3.678 3.743 3.804 3.861 3.914 3.966 4.015 4.062 4.108 4.152 4.194 4.235 4.276 4.316 4.355 4.393 4.431 4.467 4.502 4.537 4.570 4.603 4.635 4.666 4.696 4.725 4.754 4.781 4.808 4.834 4.860 4.885 4.909 4.932 4.954 4.976 4.998 5.020 5.042 5.063 5.084 5.105 5.126 5.147 5.167 5.187 5.208 5.228 5.248 5.269 5.290 5.311 5.332 5.354 5.376 5.399 5.422 5.445 5.469 5.494 5.520 5.547 5.575 5.603 5.631 5.659 5.688 5.716 5.743 5.770 5.797 5.822 5.846 5.870 5.893 5.915 5.936
3.712 3.775 3.834 3.889 3.941 3.991 4.039 4.086 4.130 4.174 4.215 4.256 4.296 4.335 4.374 4.411 4.448 4.484 4.519 4.553 4.587 4.619 4.651 4.682 4.712 4.741 4.769 4.797 4.823 4.849 4.875 4.900 4.924 4.947 4.969 4.991 5.013 5.035 5.056 5.077 5.098 5.119 5.139 5.159 5.180 5.200 5.219 5.239 5.259 5.279 5.299 5.319 5.340 5.360 5.382 5.403 5.425 5.446 5.468 5.492 5.516 5.542 5.568 5.594 5.622 5.650 5.678 5.706 5.734 5.761 5.788 5.815 5.840 5.865 5.889 5.913 5.935
