version1/TsunamiDB/out54065.asc
ncols          264
nrows          230
xllcorner      497853.4375
yllcorner      4229146.0000
cellsize         5.
NODATA_value   -99
[rows 33 to 65 of 230, columns 150 to 224 of 264]
5.581 5.601 5.620 5.639 5.659 5.679 5.700 5.720 5.740 5.760 5.780 5.800 5.819 5.837 5.855 5.872 5.889 5.905 5.921 5.937 5.952 5.968 5.983 5.999 6.015 6.031 6.046 6.063 6.080 6.097 6.115 6.132 6.149 6.166 6.183 6.199 6.214 6.230 6.244 6.259 6.272 6.286 6.299 6.312 6.324 6.337 6.350 6.363 6.375 6.387 6.400 6.414 6.428 6.443 6.458 6.473 6.487 6.502 6.516 6.530 6.543 6.556 6.568 6.579 6.589 6.598 6.608 6.617 6.626 6.635 6.646 6.657 6.669 6.683 6.699
5.588 5.608 5.626 5.645 5.664 5.684 5.704 5.724 5.744 5.764 5.784 5.804 5.823 5.842 5.860 5.878 5.895 5.911 5.927 5.943 5.959 5.974 5.989 6.004 6.020 6.035 6.050 6.066 6.082 6.099 6.116 6.133 6.150 6.167 6.183 6.200 6.216 6.231 6.246 6.260 6.274 6.288 6.301 6.314 6.327 6.340 6.353 6.366 6.379 6.391 6.404 6.418 6.433 6.447 6.462 6.477 6.493 6.508 6.522 6.537 6.550 6.563 6.576 6.587 6.597 6.607 6.617 6.626 6.634 6.643 6.653 6.663 6.674 6.687 6.703
5.597 5.616 5.634 5.651 5.670 5.690 5.709 5.729 5.749 5.768 5.788 5.808 5.827 5.846 5.864 5.882 5.900 5.917 5.933 5.949 5.964 5.980 5.995 6.010 6.025 6.039 6.053 6.069 6.085 6.101 6.117 6.134 6.151 6.167 6.184 6.200 6.216 6.232 6.247 6.262 6.276 6.290 6.303 6.317 6.330 6.343 6.356 6.369 6.382 6.394 6.408 6.422 6.436 6.451 6.466 6.482 6.497 6.512 6.528 6.542 6.556 6.570 6.583 6.595 6.606 6.616 6.625 6.634 6.643 6.651 6.660 6.670 6.679 6.692 6.706
5.607 5.625 5.642 5.659 5.677 5.696 5.715 5.734 5.753 5.773 5.792 5.811 5.831 5.850 5.868 5.886 5.904 5.921 5.938 5.954 5.970 5.985 6.000 6.015 6.030 6.044 6.057 6.072 6.087 6.103 6.119 6.135 6.152 6.168 6.184 6.200 6.216 6.232 6.247 6.262 6.277 6.291 6.305 6.318 6.332 6.345 6.358 6.372 6.384 6.397 6.410 6.425 6.439 6.454 6.470 6.485 6.501 6.517 6.532 6.547 6.562 6.576 6.589 6.602 6.613 6.624 6.633 6.643 6.651 6.660 6.668 6.677 6.686 6.697 6.711
5.617 5.634 5.651 5.667 5.685 5.703 5.721 5.739 5.758 5.777 5.796 5.815 5.834 5.853 5.872 5.890 5.908 5.925 5.942 5.959 5.975 5.990 6.005 6.020 6.034 6.048 6.061 6.076 6.090 6.105 6.121 6.136 6.152 6.168 6.184 6.200 6.216 6.232 6.247 6.262 6.277 6.291 6.305 6.319 6.333 6.346 6.360 6.374 6.386 6.399 6.413 6.427 6.442 6.457 6.472 6.488 6.504 6.520 6.536 6.552 6.567 6.581 6.595 6.608 6.620 6.631 6.641 6.651 6.660 6.668 6.676 6.684 6.693 6.704 6.717
5.628 5.645 5.661 5.676 5.693 5.710 5.728 5.746 5.764 5.782 5.801 5.819 5.838 5.857 5.875 5.893 5.911 5.929 5.946 5.963 5.979 5.995 6.010 6.025 6.039 6.053 6.066 6.079 6.094 6.108 6.123 6.138 6.153 6.169 6.184 6.200 6.216 6.231 6.247 6.262 6.277 6.291 6.306 6.320 6.334 6.347 6.361 6.375 6.388 6.401 6.414 6.429 6.444 6.459 6.475 6.491 6.507 6.523 6.539 6.555 6.571 6.586 6.600 6.614 6.627 6.638 6.649 6.659 6.668 6.677 6.685 6.693 6.701 6.711 6.724
5.640 5.656 5.671 5.687 5.703 5.719 5.736 5.753 5.771 5.788 5.806 5.824 5.842 5.861 5.879 5.897 5.915 5.932 5.950 5.967 5.983 5.999 6.014 6.029 6.043 6.057 6.070 6.083 6.097 6.111 6.125 6.140 6.154 6.169 6.185 6.200 6.216 6.231 6.246 6.261 6.276 6.291 6.306 6.320 6.334 6.348 6.362 6.376 6.389 6.402 6.416 6.430 6.445 6.461 6.477 6.493 6.509 6.526 6.542 6.559 6.575 6.590 6.605 6.620 6.633 6.646 6.657 6.668 6.677 6.687 6.695 6.702 6.711 6.721 6.733
5.652 5.668 5.683 5.697 5.713 5.729 5.745 5.761 5.778 5.795 5.812 5.830 5.847 5.865 5.883 5.901 5.918 5.936 5.953 5.970 5.986 6.002 6.018 6.033 6.047 6.061 6.074 6.087 6.100 6.114 6.128 6.142 6.156 6.170 6.185 6.200 6.215 6.230 6.246 6.261 6.276 6.290 6.305 6.320 6.334 6.348 6.362 6.376 6.389 6.403 6.417 6.431 6.447 6.462 6.478 6.494 6.511 6.528 6.545 6.561 6.578 6.594 6.610 6.625 6.639 6.653 6.665 6.676 6.687 6.697 6.705 6.713 6.722 6.732 6.744
5.664 5.680 5.695 5.709 5.724 5.739 5.755 5.771 5.786 5.803 5.819 5.836 5.853 5.870 5.887 5.905 5.922 5.939 5.956 5.973 5.990 6.006 6.022 6.037 6.051 6.065 6.077 6.091 6.104 6.117 6.131 6.144 6.158 6.172 6.186 6.201 6.215 6.230 6.245 6.260 6.275 6.290 6.304 6.319 6.333 6.348 6.362 6.377 6.390 6.403 6.417 6.432 6.447 6.463 6.479 6.496 6.513 6.530 6.547 6.564 6.581 6.598 6.615 6.631 6.646 6.660 6.673 6.686 6.697 6.708 6.717 6.725 6.734 6.744 6.756
5.676 5.692 5.707 5.721 5.736 5.751 5.766 5.781 5.796 5.811 5.827 5.843 5.859 5.876 5.892 5.909 5.926 5.943 5.960 5.977 5.993 6.009 6.025 6.040 6.055 6.068 6.081 6.095 6.108 6.121 6.134 6.147 6.160 6.174 6.187 6.201 6.216 6.230 6.245 6.260 6.274 6.289 6.304 6.319 6.333 6.348 6.363 6.376 6.389 6.403 6.418 6.433 6.448 6.464 6.481 6.497 6.514 6.532 6.549 6.567 6.585 6.602 6.620 6.636 6.652 6.668 6.682 6.695 6.708 6.719 6.729 6.738 6.748 6.758 6.770
5.688 5.704 5.719 5.733 5.748 5.763 5.777 5.792 5.806 5.821 5.836 5.851 5.866 5.882 5.898 5.914 5.931 5.947 5.964 5.980 5.997 6.013 6.029 6.044 6.059 6.072 6.085 6.098 6.112 6.125 6.138 6.150 6.163 6.176 6.190 6.203 6.217 6.231 6.245 6.260 6.274 6.289 6.304 6.318 6.333 6.348 6.363 6.376 6.390 6.404 6.418 6.434 6.449 6.465 6.482 6.499 6.516 6.534 6.552 6.570 6.589 6.607 6.625 6.642 6.660 6.676 6.691 6.706 6.719 6.732 6.743 6.753 6.762 6.773 6.784
5.699 5.716 5.731 5.745 5.760 5.775 5.789 5.803 5.818 5.832 5.846 5.860 5.875 5.890 5.905 5.921 5.936 5.952 5.969 5.985 6.001 6.017 6.032 6.048 6.063 6.076 6.089 6.103 6.116 6.129 6.142 6.155 6.167 6.180 6.193 6.206 6.219 6.233 6.247 6.261 6.275 6.290 6.304 6.319 6.333 6.348 6.363 6.377 6.390 6.404 6.419 6.435 6.451 6.467 6.484 6.501 6.519 6.537 6.555 6.574 6.593 6.612 6.631 6.649 6.667 6.684 6.701 6.717 6.731 6.745 6.757 6.768 6.778 6.788 6.799
5.710 5.727 5.743 5.758 5.773 5.787 5.802 5.816 5.829 5.843 5.857 5.871 5.885 5.899 5.913 5.928 5.943 5.958 5.974 5.990 6.005 6.021 6.037 6.053 6.067 6.080 6.094 6.107 6.121 6.134 6.147 6.159 6.172 6.184 6.197 6.210 6.223 6.236 6.249 6.263 6.277 6.291 6.306 6.320 6.335 6.349 6.364 6.378 6.392 6.406 6.421 6.437 6.453 6.469 6.486 6.503 6.521 6.540 6.559 6.578 6.598 6.617 6.637 6.656 6.675 6.694 6.711 6.728 6.744 6.759 6.772 6.783 6.794 6.805 6.815
5.721 5.738 5.754 5.769 5.785 5.800 5.814 5.828 5.842 5.855 5.869 5.882 5.895 5.909 5.923 5.937 5.951 5.966 5.981 5.996 6.011 6.027 6.042 6.057 6.071 6.085 6.099 6.112 6.126 6.139 6.152 6.165 6.177 6.190 6.202 6.215 6.227 6.240 6.253 6.267 6.281 6.294 6.309 6.323 6.337 6.352 6.367 6.381 6.394 6.409 6.424 6.439 6.455 6.472 6.489 6.507 6.525 6.544 6.563 6.583 6.603 6.624 6.644 6.664 6.684 6.704 6.722 6.740 6.757 6.773 6.787 6.799 6.811 6.822 6.832
5.731 5.749 5.765 5.781 5.797 5.812 5.827 5.841 5.855 5.868 5.881 5.894 5.907 5.920 5.933 5.947 5.960 5.974 5.989 6.003 6.018 6.033 6.048 6.063 6.077 6.090 6.104 6.118 6.132 6.145 6.158 6.171 6.184 6.196 6.209 6.221 6.233 6.246 6.259 6.272 6.285 6.299 6.313 6.327 6.341 6.356 6.370 6.384 6.398 6.413 6.428 6.443 6.460 6.476 6.494 6.511 6.530 6.549 6.569 6.589 6.610 6.631 6.652 6.673 6.694 6.714 6.734 6.753 6.771 6.788 6.803 6.816 6.828 6.839 6.850
5.741 5.759 5.775 5.792 5.808 5.824 5.839 5.854 5.868 5.881 5.894 5.907 5.920 5.932 5.945 5.958 5.971 5.984 5.998 6.012 6.026 6.040 6.055 6.070 6.084 6.097 6.111 6.125 6.139 6.152 6.165 6.178 6.191 6.204 6.216 6.228 6.241 6.253 6.266 6.279 6.292 6.305 6.319 6.333 6.347 6.361 6.376 6.390 6.403 6.418 6.433 6.449 6.465 6.482 6.499 6.517 6.536 6.555 6.575 6.596 6.617 6.639 6.660 6.682 6.704 6.725 6.746 6.766 6.785 6.804 6.819 6.833 6.846 6.858 6.869
5.750 5.768 5.785 5.802 5.819 5.836 5.851 5.866 5.881 5.895 5.908 5.921 5.933 5.946 5.958 5.970 5.983 5.996 6.009 6.022 6.035 6.049 6.064 6.078 6.092 6.105 6.119 6.132 6.146 6.160 6.173 6.187 6.199 6.212 6.225 6.237 6.249 6.262 6.274 6.287 6.300 6.313 6.327 6.341 6.354 6.369 6.383 6.397 6.411 6.425 6.440 6.456 6.472 6.489 6.506 6.524 6.543 6.563 6.583 6.604 6.626 6.648 6.670 6.692 6.715 6.737 6.759 6.780 6.800 6.819 6.836 6.851 6.865 6.878 6.890
5.759 5.777 5.795 5.812 5.830 5.847 5.863 5.879 5.894 5.908 5.921 5.935 5.947 5.960 5.972 5.984 5.996 6.008 6.021 6.033 6.046 6.060 6.074 6.088 6.101 6.114 6.127 6.141 6.155 6.169 6.182 6.196 6.209 6.222 6.234 6.247 6.259 6.272 6.284 6.297 6.310 6.323 6.336 6.350 6.364 6.378 6.392 6.406 6.420 6.434 6.449 6.465 6.481 6.498 6.515 6.533 6.552 6.572 6.592 6.613 6.635 6.657 6.680 6.703 6.727 6.750 6.772 6.794 6.816 6.836 6.854 6.870 6.886 6.899 6.912
5.768 5.786 5.804 5.822 5.840 5.858 5.874 5.891 5.906 5.921 5.935 5.949 5.962 5.974 5.986 5.998 6.010 6.022 6.034 6.046 6.059 6.072 6.085 6.099 6.111 6.124 6.137 6.151 6.165 6.179 6.192 6.206 6.219 6.232 6.245 6.258 6.270 6.283 6.295 6.308 6.321 6.334 6.348 6.361 6.375 6.389 6.403 6.417 6.431 6.445 6.460 6.475 6.491 6.508 6.525 6.543 6.562 6.582 6.602 6.624 6.646 6.668 6.692 6.715 6.739 6.763 6.786 6.809 6.832 6.853 6.873 6.890 6.907 6.922 6.936
5.777 5.796 5.814 5.832 5.850 5.868 5.886 5.902 5.918 5.934 5.948 5.962 5.976 5.989 6.001 6.013 6.025 6.037 6.049 6.060 6.073 6.085 6.098 6.111 6.123 6.136 6.149 6.162 6.176 6.190 6.204 6.217 6.231 6.244 6.257 6.270 6.282 6.295 6.308 6.321 6.334 6.347 6.360 6.374 6.388 6.402 6.416 6.430 6.443 6.458 6.472 6.488 6.504 6.520 6.537 6.555 6.574 6.593 6.614 6.635 6.657 6.680 6.704 6.728 6.752 6.777 6.801 6.825 6.849 6.871 6.892 6.911 6.929 6.945 6.960
5.786 5.805 5.823 5.842 5.861 5.879 5.897 5.914 5.930 5.946 5.962 5.976 5.990 6.003 6.016 6.029 6.041 6.052 6.064 6.076 6.088 6.100 6.112 6.125 6.137 6.149 6.162 6.175 6.189 6.202 6.216 6.229 6.243 6.256 6.269 6.282 6.295 6.308 6.321 6.334 6.347 6.361 6.374 6.388 6.402 6.416 6.430 6.444 6.458 6.472 6.487 6.502 6.518 6.534 6.551 6.569 6.587 6.607 6.627 6.648 6.670 6.693 6.717 6.742 6.766 6.791 6.817 6.842 6.866 6.890 6.912 6.932 6.952 6.969 6.985
5.795 5.814 5.833 5.852 5.870 5.889 5.907 5.925 5.942 5.959 5.974 5.990 6.004 6.018 6.031 6.044 6.057 6.069 6.080 6.092 6.104 6.115 6.128 6.140 6.152 6.163 6.176 6.189 6.202 6.216 6.229 6.243 6.256 6.270 6.283 6.296 6.309 6.322 6.336 6.349 6.362 6.375 6.389 6.403 6.417 6.431 6.446 6.460 6.473 6.488 6.503 6.518 6.533 6.550 6.566 6.584 6.602 6.621 6.641 6.662 6.684 6.708 6.731 6.756 6.781 6.807 6.833 6.859 6.885 6.910 6.933 6.955 6.975 6.994 7.011
5.805 5.824 5.842 5.861 5.880 5.899 5.918 5.936 5.954 5.971 5.987 6.003 6.018 6.033 6.046 6.060 6.073 6.085 6.097 6.109 6.120 6.132 6.144 6.156 6.168 6.179 6.191 6.204 6.217 6.230 6.244 6.257 6.271 6.284 6.298 6.311 6.324 6.338 6.351 6.364 6.378 6.391 6.405 6.419 6.433 6.448 6.463 6.477 6.490 6.505 6.520 6.535 6.551 6.567 6.583 6.600 6.618 6.637 6.657 6.678 6.700 6.723 6.747 6.772 6.797 6.824 6.850 6.877 6.904 6.930 6.954 6.977 6.999 7.019 7.036
5.815 5.834 5.852 5.871 5.891 5.910 5.928 5.947 5.965 5.982 5.999 6.016 6.032 6.047 6.061 6.075 6.089 6.101 6.114 6.126 6.138 6.149 6.161 6.173 6.184 6.195 6.207 6.220 6.233 6.246 6.259 6.273 6.286 6.300 6.313 6.327 6.340 6.353 6.367 6.380 6.394 6.408 6.422 6.436 6.450 6.465 6.480 6.494 6.508 6.523 6.538 6.553 6.569 6.585 6.601 6.618 6.636 6.654 6.674 6.695 6.716 6.739 6.763 6.789 6.815 6.841 6.869 6.896 6.924 6.951 6.976 7.000 7.023 7.044 7.062
5.826 5.844 5.862 5.882 5.901 5.920 5.939 5.958 5.976 5.994 6.012 6.029 6.045 6.061 6.076 6.090 6.104 6.118 6.131 6.143 6.155 6.167 6.179 6.191 6.202 6.213 6.225 6.237 6.250 6.263 6.276 6.289 6.302 6.316 6.329 6.343 6.356 6.370 6.383 6.397 6.411 6.425 6.439 6.453 6.468 6.483 6.498 6.513 6.527 6.542 6.557 6.573 6.589 6.604 6.621 6.638 6.655 6.673 6.692 6.713 6.734 6.757 6.781 6.806 6.833 6.860 6.888 6.916 6.945 6.972 6.998 7.023 7.047 7.068 7.086
5.837 5.855 5.873 5.892 5.911 5.931 5.950 5.969 5.987 6.006 6.024 6.041 6.058 6.074 6.090 6.105 6.120 6.134 6.147 6.160 6.173 6.185 6.197 6.209 6.220 6.231 6.243 6.255 6.267 6.280 6.293 6.306 6.320 6.333 6.346 6.360 6.373 6.387 6.400 6.414 6.428 6.442 6.457 6.471 6.486 6.502 6.517 6.532 6.546 6.561 6.577 6.593 6.609 6.625 6.641 6.658 6.675 6.693 6.712 6.732 6.753 6.776 6.800 6.825 6.852 6.879 6.907 6.936 6.965 6.994 7.020 7.046 7.071 7.092 7.110
5.849 5.867 5.885 5.903 5.922 5.941 5.961 5.980 5.999 6.017 6.035 6.053 6.071 6.088 6.104 6.120 6.135 6.150 6.164 6.177 6.190 6.203 6.215 6.227 6.239 6.250 6.261 6.273 6.286 6.298 6.311 6.324 6.337 6.351 6.364 6.377 6.391 6.405 6.418 6.432 6.446 6.460 6.475 6.490 6.505 6.521 6.536 6.551 6.566 6.582 6.598 6.614 6.630 6.646 6.663 6.679 6.697 6.714 6.733 6.753 6.774 6.796 6.820 6.845 6.871 6.899 6.928 6.957 6.987 7.015 7.043 7.070 7.095 7.116 7.135
5.862 5.879 5.897 5.915 5.934 5.953 5.972 5.991 6.010 6.029 6.047 6.066 6.083 6.101 6.118 6.134 6.150 6.165 6.180 6.194 6.207 6.221 6.233 6.246 6.257 6.268 6.280 6.292 6.304 6.317 6.330 6.343 6.356 6.369 6.382 6.396 6.409 6.423 6.436 6.450 6.464 6.479 6.493 6.508 6.524 6.540 6.555 6.570 6.586 6.602 6.618 6.635 6.652 6.668 6.685 6.702 6.719 6.737 6.755 6.774 6.795 6.817 6.841 6.866 6.892 6.920 6.948 6.978 7.008 7.037 7.065 7.092 7.118 7.140 7.158
5.876 5.893 5.909 5.927 5.946 5.964 5.983 6.002 6.021 6.040 6.059 6.078 6.096 6.114 6.131 6.148 6.164 6.180 6.195 6.210 6.224 6.238 6.251 6.264 6.276 6.287 6.299 6.311 6.323 6.336 6.349 6.362 6.375 6.388 6.401 6.414 6.428 6.441 6.455 6.469 6.483 6.497 6.512 6.527 6.543 6.559 6.574 6.590 6.606 6.622 6.639 6.656 6.673 6.690 6.707 6.724 6.742 6.759 6.778 6.797 6.817 6.839 6.862 6.887 6.913 6.941 6.969 6.999 7.029 7.059 7.088 7.115 7.141 7.164 7.182
5.891 5.907 5.923 5.940 5.958 5.977 5.995 6.014 6.033 6.052 6.071 6.090 6.108 6.126 6.144 6.162 6.179 6.195 6.211 6.226 6.241 6.255 6.269 6.282 6.294 6.306 6.318 6.330 6.343 6.355 6.368 6.381 6.394 6.407 6.420 6.433 6.447 6.460 6.474 6.488 6.502 6.516 6.531 6.546 6.562 6.578 6.594 6.609 6.626 6.643 6.660 6.678 6.695 6.713 6.730 6.748 6.765 6.783 6.801 6.820 6.840 6.862 6.884 6.909 6.935 6.962 6.991 7.020 7.051 7.081 7.110 7.138 7.165 7.188 7.206
5.907 5.922 5.938 5.954 5.972 5.990 6.008 6.026 6.045 6.064 6.083 6.102 6.121 6.139 6.157 6.175 6.192 6.209 6.226 6.242 6.257 6.272 6.286 6.300 6.312 6.324 6.337 6.349 6.362 6.375 6.387 6.400 6.413 6.426 6.439 6.453 6.466 6.480 6.493 6.507 6.521 6.536 6.550 6.566 6.581 6.598 6.614 6.629 6.646 6.663 6.681 6.699 6.717 6.735 6.753 6.771 6.789 6.807 6.825 6.844 6.864 6.885 6.907 6.931 6.957 6.984 7.012 7.042 7.072 7.103 7.132 7.160 7.187 7.211 7.229
5.925 5.939 5.954 5.969 5.986 6.003 6.021 6.039 6.058 6.077 6.095 6.114 6.133 6.152 6.170 6.188 6.206 6.223 6.240 6.257 6.273 6.288 6.303 6.317 6.330 6.342 6.355 6.368 6.381 6.394 6.407 6.420 6.433 6.446 6.459 6.472 6.486 6.499 6.513 6.527 6.541 6.555 6.570 6.585 6.601 6.617 6.633 6.649 6.666 6.684 6.702 6.720 6.739 6.757 6.776 6.794 6.812 6.831 6.849 6.868 6.888 6.908 6.930 6.954 6.979 7.005 7.034 7.063 7.094 7.124 7.154 7.183 7.210 7.234 7.252
5.944 5.957 5.970 5.986 6.001 6.018 6.035 6.053 6.071 6.089 6.108 6.127 6.146 6.164 6.183 6.202 6.220 6.237 6.255 6.272 6.288 6.304 6.320 6.334 6.347 6.360 6.374 6.387 6.400 6.413 6.426 6.439 6.452 6.465 6.479 6.492 6.505 6.519 6.533 6.546 6.561 6.575 6.590 6.605 6.620 6.637 6.653 6.669 6.686 6.704 6.722 6.741 6.760 6.779 6.798 6.817 6.836 6.854 6.873 6.892 6.911 6.932 6.953 6.976 7.001 7.027 7.055 7.084 7.115 7.145 7.175 7.204 7.232 7.256 7.275
