version1/TsunamiDB/out54074.asc
ncols          264
nrows          230
xllcorner      497853.4375
yllcorner      4229146.0000
cellsize         5.
NODATA_value   -99
[rows 66 to 98 of 230, columns 152 to 227 of 264]
6.182 6.185 6.189 6.193 6.199 6.205 6.212 6.221 6.230 6.240 6.251 6.263 6.276 6.289 6.303 6.318 6.333 6.348 6.363 6.379 6.395 6.410 6.425 6.440 6.455 6.470 6.485 6.501 6.516 6.531 6.546 6.561 6.576 6.591 6.607 6.622 6.637 6.652 6.667 6.682 6.697 6.712 6.728 6.743 6.758 6.772 6.787 6.802 6.818 6.835 6.852 6.869 6.887 6.905 6.924 6.942 6.960 6.979 6.997 7.015 7.034 7.053 7.072 7.093 7.114 7.136 7.160 7.183 7.206 7.228 7.250 7.268 7.280 7.287 7.296 7.319
6.212 6.214 6.216 6.220 6.224 6.229 6.235 6.242 6.250 6.259 6.269 6.280 6.292 6.304 6.317 6.331 6.346 6.361 6.376 6.391 6.407 6.422 6.436 6.451 6.466 6.482 6.497 6.512 6.527 6.543 6.558 6.573 6.589 6.604 6.619 6.635 6.650 6.666 6.681 6.697 6.713 6.728 6.744 6.760 6.775 6.789 6.805 6.820 6.837 6.853 6.871 6.888 6.907 6.925 6.944 6.962 6.981 7.000 7.019 7.037 7.056 7.076 7.095 7.116 7.137 7.160 7.183 7.207 7.230 7.253 7.275 7.293 7.305 7.311 7.321 7.344
6.243 6.244 6.246 6.248 6.251 6.255 6.259 6.265 6.272 6.280 6.288 6.298 6.309 6.321 6.333 6.346 6.360 6.374 6.389 6.404 6.420 6.434 6.449 6.463 6.478 6.494 6.509 6.524 6.539 6.555 6.570 6.586 6.601 6.617 6.632 6.648 6.664 6.680 6.696 6.712 6.728 6.744 6.760 6.776 6.792 6.807 6.822 6.838 6.855 6.872 6.890 6.908 6.926 6.945 6.964 6.983 7.002 7.021 7.040 7.059 7.078 7.098 7.118 7.139 7.160 7.183 7.207 7.230 7.254 7.277 7.299 7.317 7.329 7.337 7.347 7.368
6.274 6.275 6.277 6.278 6.280 6.283 6.286 6.290 6.296 6.302 6.310 6.318 6.328 6.339 6.350 6.362 6.375 6.389 6.403 6.418 6.433 6.447 6.461 6.476 6.491 6.506 6.521 6.536 6.552 6.567 6.582 6.598 6.613 6.629 6.645 6.661 6.677 6.693 6.710 6.726 6.742 6.759 6.776 6.792 6.808 6.824 6.840 6.856 6.873 6.890 6.908 6.926 6.945 6.964 6.984 7.003 7.022 7.042 7.061 7.081 7.100 7.120 7.140 7.161 7.183 7.205 7.229 7.253 7.277 7.300 7.323 7.341 7.354 7.361 7.371 7.392
6.305 6.307 6.308 6.309 6.311 6.312 6.315 6.318 6.322 6.327 6.333 6.340 6.349 6.358 6.369 6.380 6.392 6.405 6.419 6.433 6.447 6.461 6.475 6.489 6.504 6.519 6.534 6.549 6.564 6.580 6.595 6.610 6.626 6.642 6.658 6.674 6.690 6.707 6.723 6.740 6.757 6.774 6.791 6.808 6.825 6.841 6.857 6.874 6.891 6.909 6.927 6.945 6.964 6.983 7.003 7.023 7.043 7.062 7.082 7.102 7.121 7.141 7.162 7.182 7.204 7.227 7.251 7.275 7.299 7.323 7.346 7.365 7.378 7.386 7.396 7.417
6.335 6.338 6.339 6.341 6.342 6.343 6.344 6.347 6.349 6.353 6.358 6.364 6.371 6.379 6.389 6.399 6.410 6.422 6.435 6.449 6.463 6.476 6.490 6.503 6.518 6.533 6.547 6.562 6.577 6.593 6.608 6.623 6.639 6.655 6.671 6.687 6.703 6.720 6.737 6.754 6.771 6.789 6.806 6.824 6.841 6.857 6.874 6.891 6.908 6.926 6.945 6.964 6.983 7.002 7.022 7.042 7.062 7.082 7.102 7.122 7.142 7.162 7.182 7.203 7.225 7.248 7.273 7.297 7.321 7.345 7.368 7.388 7.402 7.410 7.421 7.442
6.364 6.367 6.370 6.372 6.373 6.374 6.375 6.377 6.379 6.381 6.385 6.390 6.395 6.402 6.411 6.420 6.430 6.441 6.453 6.466 6.479 6.492 6.505 6.518 6.532 6.547 6.561 6.576 6.591 6.606 6.621 6.636 6.652 6.667 6.683 6.700 6.716 6.733 6.750 6.768 6.785 6.803 6.821 6.839 6.856 6.873 6.890 6.908 6.925 6.944 6.962 6.981 7.001 7.021 7.041 7.061 7.081 7.102 7.122 7.142 7.162 7.182 7.203 7.224 7.246 7.269 7.293 7.317 7.341 7.366 7.390 7.410 7.425 7.433 7.444 7.467
6.390 6.395 6.399 6.402 6.404 6.406 6.407 6.408 6.409 6.411 6.413 6.417 6.421 6.427 6.434 6.442 6.451 6.461 6.472 6.484 6.497 6.509 6.521 6.534 6.548 6.562 6.576 6.590 6.605 6.620 6.635 6.650 6.665 6.681 6.697 6.713 6.729 6.746 6.764 6.781 6.799 6.817 6.835 6.854 6.871 6.889 6.906 6.924 6.942 6.961 6.979 6.999 7.018 7.038 7.059 7.079 7.100 7.120 7.141 7.161 7.182 7.202 7.222 7.243 7.265 7.289 7.312 7.336 7.361 7.386 7.411 7.432 7.447 7.456 7.468 7.491
6.415 6.421 6.427 6.431 6.434 6.436 6.438 6.439 6.440 6.441 6.443 6.445 6.449 6.453 6.459 6.466 6.474 6.483 6.493 6.504 6.516 6.527 6.539 6.551 6.564 6.578 6.591 6.606 6.620 6.634 6.649 6.664 6.679 6.694 6.710 6.726 6.743 6.759 6.777 6.795 6.813 6.831 6.849 6.868 6.886 6.904 6.921 6.940 6.958 6.977 6.996 7.015 7.035 7.056 7.076 7.097 7.118 7.138 7.159 7.180 7.200 7.220 7.241 7.262 7.284 7.307 7.331 7.355 7.380 7.406 7.431 7.452 7.468 7.478 7.491 7.515
6.437 6.445 6.452 6.458 6.462 6.465 6.468 6.469 6.471 6.472 6.473 6.475 6.478 6.481 6.486 6.491 6.498 6.506 6.515 6.525 6.536 6.546 6.557 6.569 6.581 6.594 6.608 6.621 6.635 6.649 6.664 6.678 6.693 6.708 6.724 6.740 6.756 6.773 6.790 6.808 6.826 6.845 6.863 6.882 6.900 6.918 6.936 6.955 6.973 6.993 7.012 7.032 7.052 7.072 7.093 7.114 7.135 7.156 7.177 7.197 7.218 7.238 7.259 7.280 7.302 7.325 7.348 7.373 7.398 7.424 7.449 7.472 7.488 7.499 7.512 7.537
6.458 6.467 6.475 6.482 6.488 6.493 6.496 6.499 6.501 6.502 6.503 6.505 6.507 6.510 6.513 6.518 6.523 6.530 6.538 6.547 6.557 6.567 6.577 6.588 6.600 6.612 6.625 6.638 6.652 6.665 6.679 6.693 6.708 6.723 6.738 6.754 6.770 6.786 6.804 6.821 6.839 6.858 6.877 6.896 6.914 6.932 6.951 6.969 6.988 7.008 7.027 7.047 7.067 7.088 7.109 7.130 7.151 7.172 7.193 7.214 7.235 7.255 7.276 7.297 7.318 7.341 7.365 7.389 7.415 7.441 7.467 7.490 7.507 7.518 7.532 7.559
6.476 6.487 6.497 6.505 6.512 6.518 6.523 6.527 6.529 6.532 6.533 6.535 6.537 6.539 6.541 6.545 6.550 6.556 6.563 6.571 6.579 6.588 6.598 6.608 6.619 6.631 6.643 6.656 6.669 6.682 6.695 6.709 6.723 6.738 6.753 6.768 6.784 6.800 6.817 6.835 6.853 6.872 6.891 6.910 6.928 6.946 6.965 6.984 7.003 7.022 7.042 7.062 7.082 7.103 7.124 7.145 7.167 7.188 7.209 7.230 7.251 7.272 7.292 7.313 7.334 7.357 7.380 7.405 7.431 7.457 7.483 7.506 7.523 7.536 7.552 7.580
6.493 6.505 6.516 6.526 6.534 6.542 6.548 6.553 6.557 6.560 6.562 6.564 6.566 6.568 6.570 6.573 6.577 6.582 6.588 6.595 6.603 6.611 6.619 6.629 6.639 6.651 6.662 6.674 6.687 6.700 6.713 6.726 6.740 6.754 6.768 6.783 6.799 6.815 6.831 6.849 6.867 6.885 6.905 6.923 6.941 6.960 6.978 6.997 7.017 7.036 7.056 7.076 7.097 7.117 7.139 7.160 7.181 7.203 7.225 7.246 7.267 7.287 7.307 7.328 7.349 7.371 7.394 7.419 7.445 7.471 7.497 7.520 7.538 7.553 7.571 7.601
6.508 6.521 6.533 6.544 6.554 6.563 6.571 6.577 6.582 6.586 6.589 6.592 6.594 6.596 6.599 6.601 6.605 6.609 6.614 6.620 6.627 6.634 6.642 6.651 6.661 6.671 6.682 6.694 6.706 6.718 6.731 6.743 6.757 6.770 6.784 6.799 6.814 6.830 6.846 6.863 6.881 6.899 6.918 6.937 6.955 6.973 6.992 7.011 7.030 7.050 7.070 7.090 7.111 7.131 7.153 7.174 7.196 7.217 7.239 7.260 7.281 7.302 7.322 7.342 7.362 7.384 7.407 7.432 7.457 7.484 7.510 7.533 7.552 7.569 7.590 7.622
6.522 6.536 6.549 6.561 6.573 6.583 6.591 6.599 6.605 6.611 6.615 6.619 6.622 6.624 6.626 6.629 6.632 6.636 6.640 6.646 6.652 6.658 6.665 6.673 6.682 6.692 6.703 6.714 6.725 6.737 6.749 6.762 6.774 6.787 6.801 6.815 6.830 6.845 6.861 6.878 6.895 6.913 6.932 6.950 6.968 6.987 7.005 7.024 7.044 7.063 7.083 7.104 7.124 7.145 7.166 7.187 7.209 7.231 7.253 7.274 7.295 7.316 7.335 7.355 7.375 7.397 7.419 7.443 7.468 7.494 7.520 7.544 7.566 7.585 7.609 7.644
6.535 6.550 6.564 6.577 6.589 6.600 6.610 6.619 6.627 6.634 6.639 6.644 6.647 6.651 6.653 6.656 6.659 6.662 6.666 6.672 6.677 6.682 6.688 6.696 6.704 6.714 6.724 6.735 6.746 6.757 6.769 6.781 6.793 6.805 6.818 6.832 6.846 6.861 6.877 6.893 6.910 6.927 6.946 6.964 6.982 7.000 7.019 7.038 7.057 7.077 7.096 7.117 7.137 7.158 7.179 7.200 7.222 7.244 7.266 7.287 7.309 7.329 7.348 7.368 7.387 7.408 7.429 7.452 7.477 7.503 7.529 7.555 7.579 7.602 7.629 7.667
6.547 6.562 6.577 6.591 6.604 6.617 6.628 6.638 6.647 6.655 6.661 6.667 6.672 6.676 6.679 6.682 6.685 6.688 6.692 6.697 6.701 6.706 6.712 6.719 6.727 6.736 6.745 6.755 6.766 6.777 6.788 6.800 6.812 6.824 6.837 6.850 6.863 6.878 6.893 6.908 6.925 6.942 6.960 6.978 6.996 7.014 7.032 7.051 7.070 7.090 7.109 7.129 7.150 7.170 7.192 7.213 7.235 7.257 7.278 7.300 7.321 7.342 7.361 7.379 7.398 7.417 7.438 7.460 7.484 7.510 7.538 7.565 7.592 7.619 7.649 7.690
6.557 6.573 6.589 6.604 6.618 6.631 6.644 6.655 6.665 6.674 6.682 6.689 6.694 6.699 6.703 6.707 6.710 6.714 6.717 6.722 6.726 6.730 6.735 6.741 6.749 6.757 6.767 6.776 6.787 6.797 6.808 6.820 6.831 6.843 6.855 6.868 6.881 6.895 6.909 6.925 6.941 6.957 6.975 6.992 7.010 7.027 7.046 7.064 7.083 7.103 7.122 7.142 7.162 7.183 7.204 7.225 7.247 7.269 7.291 7.312 7.333 7.353 7.372 7.389 7.407 7.426 7.446 7.466 7.490 7.516 7.545 7.575 7.605 7.635 7.670 7.713
6.567 6.584 6.600 6.616 6.631 6.645 6.658 6.670 6.681 6.692 6.701 6.708 6.715 6.721 6.726 6.730 6.734 6.738 6.742 6.746 6.749 6.753 6.758 6.764 6.771 6.779 6.788 6.797 6.807 6.818 6.829 6.840 6.851 6.863 6.874 6.887 6.899 6.913 6.927 6.941 6.957 6.973 6.990 7.007 7.024 7.041 7.059 7.078 7.097 7.116 7.135 7.155 7.175 7.195 7.216 7.237 7.259 7.280 7.302 7.324 7.345 7.365 7.383 7.399 7.415 7.433 7.452 7.472 7.495 7.522 7.552 7.585 7.618 7.652 7.689 7.736
6.576 6.593 6.610 6.627 6.642 6.657 6.671 6.684 6.696 6.708 6.718 6.727 6.735 6.741 6.747 6.752 6.757 6.761 6.765 6.769 6.772 6.776 6.780 6.786 6.792 6.800 6.808 6.817 6.827 6.838 6.848 6.859 6.871 6.882 6.894 6.906 6.918 6.931 6.944 6.958 6.973 6.989 7.006 7.022 7.039 7.056 7.073 7.092 7.110 7.129 7.148 7.167 7.187 7.207 7.228 7.249 7.270 7.292 7.313 7.335 7.356 7.375 7.393 7.408 7.422 7.439 7.457 7.476 7.499 7.526 7.558 7.594 7.631 7.668 7.709 7.758
6.584 6.602 6.619 6.636 6.653 6.668 6.683 6.697 6.710 6.722 6.733 6.743 6.752 6.760 6.767 6.773 6.778 6.782 6.787 6.791 6.794 6.798 6.802 6.807 6.813 6.820 6.828 6.837 6.847 6.857 6.868 6.879 6.890 6.901 6.913 6.925 6.937 6.949 6.962 6.976 6.990 7.005 7.022 7.038 7.054 7.070 7.088 7.105 7.124 7.142 7.161 7.180 7.199 7.219 7.239 7.260 7.281 7.303 7.324 7.346 7.366 7.385 7.401 7.415 7.428 7.444 7.461 7.480 7.503 7.531 7.565 7.604 7.644 7.684 7.727 7.779
6.591 6.610 6.628 6.645 6.662 6.678 6.694 6.709 6.723 6.736 6.748 6.758 6.768 6.777 6.785 6.792 6.798 6.803 6.807 6.812 6.816 6.819 6.822 6.827 6.833 6.840 6.848 6.856 6.866 6.876 6.886 6.897 6.909 6.920 6.932 6.943 6.955 6.968 6.980 6.994 7.007 7.022 7.038 7.053 7.069 7.085 7.102 7.120 7.137 7.155 7.174 7.193 7.212 7.231 7.251 7.272 7.292 7.314 7.335 7.356 7.376 7.394 7.409 7.422 7.434 7.449 7.466 7.484 7.508 7.537 7.573 7.613 7.655 7.698 7.747 7.801
6.598 6.617 6.635 6.653 6.671 6.687 6.704 6.719 6.734 6.748 6.760 6.772 6.783 6.793 6.802 6.809 6.816 6.822 6.827 6.832 6.836 6.839 6.842 6.847 6.852 6.859 6.866 6.875 6.884 6.894 6.904 6.915 6.927 6.938 6.950 6.962 6.974 6.986 6.998 7.011 7.025 7.039 7.054 7.069 7.084 7.100 7.117 7.134 7.151 7.169 7.187 7.205 7.224 7.243 7.263 7.283 7.303 7.324 7.345 7.366 7.385 7.403 7.417 7.429 7.440 7.454 7.470 7.489 7.513 7.544 7.580 7.620 7.665 7.714 7.768 7.823
6.603 6.623 6.642 6.660 6.678 6.696 6.712 6.728 6.744 6.758 6.772 6.785 6.796 6.807 6.817 6.825 6.833 6.839 6.845 6.850 6.855 6.858 6.862 6.866 6.871 6.877 6.884 6.892 6.901 6.911 6.922 6.933 6.944 6.956 6.967 6.979 6.991 7.004 7.016 7.029 7.042 7.056 7.071 7.085 7.100 7.115 7.132 7.148 7.165 7.183 7.200 7.218 7.236 7.255 7.274 7.294 7.314 7.335 7.355 7.375 7.394 7.411 7.425 7.435 7.446 7.460 7.476 7.494 7.519 7.551 7.587 7.628 7.676 7.731 7.789 7.847
6.608 6.628 6.647 6.666 6.685 6.703 6.720 6.737 6.753 6.768 6.782 6.796 6.808 6.820 6.830 6.840 6.848 6.855 6.862 6.868 6.872 6.876 6.880 6.884 6.889 6.895 6.901 6.909 6.918 6.927 6.938 6.949 6.960 6.972 6.984 6.996 7.008 7.021 7.033 7.046 7.059 7.073 7.087 7.101 7.116 7.131 7.146 7.163 7.179 7.196 7.214 7.231 7.249 7.267 7.286 7.305 7.325 7.345 7.365 7.384 7.403 7.419 7.432 7.442 7.452 7.466 7.482 7.501 7.526 7.557 7.593 7.637 7.689 7.748 7.812 7.872
6.611 6.632 6.651 6.671 6.690 6.709 6.727 6.744 6.760 6.776 6.791 6.806 6.819 6.831 6.843 6.853 6.862 6.870 6.877 6.884 6.889 6.893 6.897 6.901 6.906 6.912 6.918 6.925 6.934 6.943 6.953 6.964 6.976 6.988 7.000 7.012 7.025 7.037 7.050 7.062 7.075 7.089 7.103 7.117 7.131 7.146 7.161 7.177 7.193 7.210 7.227 7.244 7.261 7.279 7.297 7.316 7.335 7.354 7.374 7.393 7.412 7.428 7.440 7.450 7.460 7.473 7.489 7.507 7.532 7.564 7.601 7.647 7.703 7.767 7.837 7.899
6.614 6.634 6.655 6.675 6.694 6.713 6.732 6.750 6.767 6.783 6.799 6.814 6.828 6.841 6.853 6.864 6.874 6.883 6.892 6.899 6.904 6.909 6.913 6.917 6.922 6.928 6.934 6.941 6.949 6.958 6.968 6.979 6.991 7.003 7.015 7.027 7.040 7.053 7.065 7.078 7.091 7.105 7.119 7.132 7.146 7.160 7.176 7.191 7.207 7.224 7.240 7.257 7.273 7.291 7.308 7.326 7.345 7.364 7.383 7.402 7.420 7.436 7.449 7.458 7.467 7.480 7.496 7.513 7.538 7.571 7.610 7.658 7.718 7.789 7.865 7.928
6.614 6.636 6.657 6.677 6.697 6.717 6.736 6.754 6.772 6.789 6.806 6.821 6.836 6.850 6.863 6.875 6.886 6.895 6.904 6.912 6.918 6.923 6.928 6.933 6.938 6.943 6.949 6.956 6.964 6.972 6.982 6.993 7.004 7.016 7.029 7.042 7.054 7.067 7.080 7.093 7.106 7.120 7.134 7.147 7.161 7.175 7.190 7.205 7.221 7.237 7.253 7.269 7.285 7.302 7.319 7.337 7.355 7.373 7.392 7.411 7.429 7.445 7.457 7.465 7.474 7.488 7.503 7.521 7.546 7.580 7.620 7.672 7.738 7.814 7.894 7.960
6.613 6.635 6.657 6.678 6.699 6.719 6.739 6.758 6.776 6.794 6.811 6.827 6.842 6.857 6.871 6.883 6.895 6.906 6.915 6.924 6.931 6.937 6.942 6.947 6.952 6.957 6.963 6.970 6.978 6.986 6.996 7.006 7.018 7.030 7.042 7.055 7.068 7.081 7.094 7.107 7.121 7.134 7.148 7.161 7.174 7.188 7.203 7.218 7.234 7.250 7.265 7.281 7.297 7.313 7.329 7.346 7.364 7.382 7.401 7.420 7.438 7.454 7.465 7.474 7.482 7.495 7.511 7.529 7.555 7.590 7.633 7.688 7.758 7.838 7.923 7.991
6.610 6.633 6.655 6.677 6.699 6.719 6.740 6.759 6.778 6.797 6.814 6.831 6.847 6.863 6.877 6.890 6.903 6.914 6.925 6.935 6.942 6.949 6.954 6.960 6.965 6.971 6.977 6.984 6.991 6.999 7.009 7.019 7.030 7.042 7.055 7.067 7.081 7.094 7.107 7.121 7.134 7.148 7.162 7.174 7.188 7.201 7.216 7.231 7.246 7.262 7.277 7.293 7.308 7.324 7.340 7.356 7.373 7.391 7.410 7.429 7.447 7.462 7.474 7.482 7.489 7.503 7.519 7.538 7.565 7.601 7.647 7.706 7.780 7.865 7.956 8.026
6.603 6.627 6.651 6.674 6.696 6.718 6.739 6.759 6.779 6.798 6.816 6.834 6.850 6.866 6.882 6.896 6.909 6.922 6.933 6.943 6.952 6.959 6.965 6.972 6.978 6.984 6.990 6.996 7.004 7.012 7.021 7.031 7.042 7.054 7.066 7.079 7.092 7.106 7.119 7.133 7.146 7.160 7.174 7.187 7.200 7.214 7.228 7.243 7.258 7.274 7.289 7.304 7.319 7.334 7.349 7.365 7.382 7.400 7.419 7.437 7.455 7.471 7.482 7.489 7.496 7.511 7.529 7.548 7.577 7.615 7.665 7.728 7.805 7.899 7.994 8.062
6.592 6.618 6.643 6.667 6.690 6.713 6.735 6.756 6.777 6.797 6.816 6.834 6.852 6.868 6.884 6.899 6.913 6.927 6.939 6.950 6.960 6.968 6.975 6.982 6.988 6.995 7.001 7.008 7.015 7.023 7.032 7.042 7.053 7.065 7.077 7.090 7.103 7.117 7.130 7.144 7.158 7.172 7.185 7.198 7.211 7.225 7.239 7.254 7.269 7.284 7.299 7.314 7.329 7.343 7.358 7.374 7.391 7.408 7.427 7.446 7.463 7.478 7.489 7.495 7.505 7.522 7.541 7.561 7.592 7.634 7.688 7.756 7.840 7.938 8.031 8.097
6.575 6.603 6.629 6.655 6.680 6.704 6.728 6.750 6.772 6.793 6.813 6.832 6.850 6.868 6.885 6.900 6.916 6.930 6.943 6.955 6.965 6.974 6.983 6.990 6.998 7.005 7.012 7.019 7.026 7.034 7.043 7.052 7.063 7.075 7.087 7.100 7.113 7.127 7.140 7.154 7.168 7.182 7.195 7.208 7.221 7.235 7.249 7.264 7.279 7.294 7.309 7.324 7.338 7.352 7.367 7.382 7.399 7.416 7.435 7.453 7.470 7.484 7.495 7.503 7.515 7.534 7.555 7.579 7.613 7.659 7.716 7.790 7.878 7.975 8.067 8.132
