version1/TsunamiDB/out54004.asc
ncols          264
nrows          230
xllcorner      497853.4375
yllcorner      4229146.0000
cellsize         5.
NODATA_value   -99
[rows 155 to 185 of 230, columns 138 to 206 of 264]
-99.000 -99.000 -99.000 -99.000 -99.000 -99.000 -99.000 -99.000 -99.000 -99.000 -99.000 -99.000 -99.000 -99.000 -99.000 -99.000 -99.000 -99.000 -99.000 -99.000 -99.000 -99.000 -99.000 -99.000 -99.000 -99.000 -99.000 1.646 1.680 1.810 2.045 2.370 2.759 3.183 3.609 4.010 4.356 4.612 4.787 4.905 4.988 5.054 5.109 5.156 5.204 5.254 5.308 5.376 5.446 5.504 5.592 5.670 5.702 5.731 5.767 5.816 5.874 5.940 5.983 5.966 6.051 6.160 6.165 6.135 6.088 6.027 5.940 5.839 5.749
-99.000 -99.000 -99.000 -99.000 -99.000 -99.000 -99.000 -99.000 -99.000 -99.000 -99.000 -99.000 -99.000 -99.000 -99.000 -99.000 -99.000 -99.000 -99.000 -99.000 -99.000 -99.000 -99.000 -99.000 -99.000 -99.000 1.644 1.652 1.721 1.898 2.172 2.529 2.937 3.369 3.795 4.186 4.510 4.737 4.890 4.993 5.067 5.129 5.182 5.228 5.275 5.322 5.375 5.447 5.508 5.560 5.648 5.725 5.750 5.773 5.803 5.841 5.893 5.968 5.996 5.965 6.050 6.157 6.158 6.128 6.082 6.019 5.936 5.834 5.757
-99.000 -99.000 -99.000 -99.000 -99.000 -99.000 -99.000 -99.000 -99.000 -99.000 -99.000 -99.000 -99.000 -99.000 -99.000 -99.000 -99.000 -99.000 -99.000 -99.000 -99.000 -99.000 -99.000 -99.000 -99.000 -99.000 1.645 1.669 1.780 2.002 2.311 2.694 3.117 3.552 3.973 4.350 4.648 4.850 4.983 5.073 5.143 5.207 5.262 5.310 5.357 5.406 5.458 5.515 5.568 5.622 5.711 5.788 5.813 5.833 5.855 5.891 5.938 5.981 5.986 5.960 6.043 6.143 6.142 6.111 6.061 5.997 5.915 5.832 5.782
-99.000 -99.000 -99.000 -99.000 -99.000 -99.000 -99.000 -99.000 -99.000 -99.000 -99.000 -99.000 -99.000 -99.000 -99.000 -99.000 -99.000 -99.000 -99.000 -99.000 -99.000 -99.000 -99.000 -99.000 -99.000 1.644 1.649 1.701 1.860 2.122 2.463 2.866 3.298 3.732 4.141 4.498 4.763 4.939 5.056 5.139 5.210 5.278 5.336 5.385 5.433 5.481 5.527 5.576 5.629 5.682 5.773 5.853 5.879 5.895 5.912 5.937 5.959 5.972 5.969 5.944 6.021 6.114 6.113 6.079 6.029 5.968 5.901 5.846 5.812
-99.000 -99.000 -99.000 -99.000 -99.000 -99.000 -99.000 -99.000 -99.000 -99.000 -99.000 -99.000 -99.000 -99.000 -99.000 -99.000 -99.000 -99.000 -99.000 -99.000 -99.000 -99.000 -99.000 -99.000 -99.000 1.644 1.660 1.752 1.957 2.257 2.626 3.045 3.480 3.907 4.299 4.625 4.853 5.005 5.111 5.189 5.264 5.339 5.396 5.447 5.496 5.543 5.586 5.633 5.684 5.737 5.830 5.914 5.935 5.948 5.956 5.961 5.961 5.956 5.943 5.917 5.987 6.073 6.070 6.040 5.993 5.944 5.900 5.866 5.843
-99.000 -99.000 -99.000 -99.000 -99.000 -99.000 -99.000 -99.000 -99.000 -99.000 -99.000 -99.000 -99.000 -99.000 -99.000 -99.000 -99.000 -99.000 -99.000 -99.000 -99.000 -99.000 -99.000 -99.000 1.644 1.646 1.685 1.825 2.072 2.404 2.796 3.224 3.659 4.074 4.442 4.725 4.917 5.051 5.150 5.226 5.305 5.386 5.445 5.499 5.546 5.593 5.637 5.682 5.734 5.784 5.875 5.958 5.977 5.986 5.980 5.970 5.955 5.933 5.911 5.883 5.946 6.025 6.024 6.000 5.964 5.933 5.908 5.888 5.879
-99.000 -99.000 -99.000 -99.000 -99.000 -99.000 -99.000 -99.000 -99.000 -99.000 -99.000 -99.000 -99.000 -99.000 -99.000 -99.000 -99.000 -99.000 -99.000 -99.000 -99.000 -99.000 -99.000 -99.000 1.644 1.654 1.729 1.915 2.201 2.563 2.972 3.405 3.834 4.231 4.560 4.794 4.958 5.081 5.175 5.248 5.334 5.421 5.483 5.536 5.584 5.632 5.677 5.723 5.772 5.815 5.904 5.987 6.003 6.003 5.989 5.972 5.943 5.908 5.877 5.845 5.902 5.978 5.982 5.967 5.946 5.931 5.920 5.914 5.915
-99.000 -99.000 -99.000 -99.000 -99.000 -99.000 -99.000 -99.000 -99.000 -99.000 -99.000 -99.000 -99.000 -99.000 -99.000 -99.000 -99.000 -99.000 -99.000 -99.000 -99.000 -99.000 -99.000 -99.000 1.645 1.673 1.792 2.022 2.342 2.730 3.151 3.587 4.006 4.375 4.650 4.844 4.988 5.101 5.189 5.259 5.350 5.444 5.507 5.562 5.611 5.659 5.704 5.749 5.794 5.831 5.920 6.003 6.011 6.006 5.990 5.965 5.929 5.882 5.841 5.809 5.863 5.937 5.947 5.944 5.936 5.932 5.935 5.940 5.946
-99.000 -99.000 -99.000 -99.000 -99.000 -99.000 -99.000 -99.000 -99.000 -99.000 -99.000 -99.000 -99.000 -99.000 -99.000 -99.000 -99.000 -99.000 -99.000 -99.000 -99.000 -99.000 -99.000 1.644 1.650 1.708 1.874 2.143 2.495 2.903 3.334 3.769 4.172 4.497 4.724 4.888 5.015 5.115 5.195 5.258 5.352 5.451 5.514 5.571 5.619 5.666 5.711 5.753 5.796 5.826 5.913 5.994 5.997 5.992 5.973 5.946 5.904 5.846 5.801 5.771 5.822 5.895 5.915 5.923 5.924 5.932 5.946 5.955 5.964
-99.000 -99.000 -99.000 -99.000 -99.000 -99.000 -99.000 -99.000 -99.000 -99.000 -99.000 -99.000 -99.000 -99.000 -99.000 -99.000 -99.000 -99.000 -99.000 -99.000 -99.000 -99.000 -99.000 1.645 1.663 1.761 1.970 2.275 2.653 3.077 3.513 3.943 4.322 4.600 4.792 4.933 5.043 5.131 5.200 5.257 5.354 5.455 5.519 5.574 5.619 5.664 5.704 5.743 5.784 5.808 5.892 5.972 5.976 5.970 5.952 5.926 5.883 5.823 5.775 5.745 5.797 5.873 5.898 5.911 5.919 5.935 5.952 5.963 5.974
-99.000 -99.000 -99.000 -99.000 -99.000 -99.000 -99.000 -99.000 -99.000 -99.000 -99.000 -99.000 -99.000 -99.000 -99.000 -99.000 -99.000 -99.000 -99.000 -99.000 -99.000 -99.000 1.644 1.647 1.689 1.831 2.081 2.417 2.817 3.253 3.689 4.107 4.453 4.695 4.863 4.989 5.089 5.170 5.234 5.286 5.387 5.491 5.551 5.601 5.640 5.677 5.710 5.746 5.781 5.796 5.879 5.963 5.969 5.963 5.947 5.923 5.878 5.814 5.761 5.734 5.787 5.862 5.889 5.905 5.918 5.937 5.955 5.968 5.978
-99.000 -99.000 -99.000 -99.000 -99.000 -99.000 -99.000 -99.000 -99.000 -99.000 -99.000 -99.000 -99.000 -99.000 -99.000 -99.000 -99.000 -99.000 -99.000 -99.000 -99.000 -99.000 1.644 1.655 1.731 1.917 2.202 2.565 2.985 3.428 3.859 4.258 4.562 4.773 4.926 5.043 5.138 5.218 5.275 5.329 5.436 5.542 5.596 5.640 5.671 5.696 5.721 5.752 5.775 5.781 5.866 5.954 5.960 5.955 5.939 5.912 5.865 5.793 5.743 5.727 5.780 5.853 5.880 5.898 5.913 5.932 5.951 5.963 5.969
-99.000 -99.000 -99.000 -99.000 -99.000 -99.000 -99.000 -99.000 -99.000 -99.000 -99.000 -99.000 -99.000 -99.000 -99.000 -99.000 -99.000 -99.000 -99.000 -99.000 -99.000 -99.000 1.645 1.672 1.789 2.016 2.333 2.720 3.151 3.596 4.017 4.385 4.650 4.836 4.974 5.085 5.177 5.249 5.309 5.373 5.486 5.595 5.646 5.684 5.703 5.720 5.735 5.748 5.759 5.763 5.847 5.936 5.943 5.939 5.918 5.885 5.834 5.772 5.739 5.723 5.772 5.844 5.873 5.891 5.903 5.921 5.939 5.948 5.951
-99.000 -99.000 -99.000 -99.000 -99.000 -99.000 -99.000 -99.000 -99.000 -99.000 -99.000 -99.000 -99.000 -99.000 -99.000 -99.000 -99.000 -99.000 -99.000 -99.000 -99.000 1.644 1.649 1.703 1.864 2.126 2.470 2.874 3.310 3.750 4.152 4.481 4.711 4.876 5.002 5.107 5.194 5.266 5.336 5.407 5.529 5.641 5.689 5.718 5.729 5.735 5.734 5.732 5.735 5.733 5.816 5.906 5.916 5.909 5.885 5.851 5.806 5.762 5.735 5.717 5.764 5.839 5.867 5.880 5.889 5.905 5.919 5.925 5.925
-99.000 -99.000 -99.000 -99.000 -99.000 -99.000 -99.000 -99.000 -99.000 -99.000 -99.000 -99.000 -99.000 -99.000 -99.000 -99.000 -99.000 -99.000 -99.000 -99.000 -99.000 1.644 1.660 1.750 1.952 2.246 2.613 3.028 3.466 3.897 4.271 4.557 4.756 4.903 5.018 5.115 5.202 5.281 5.359 5.437 5.564 5.678 5.719 5.741 5.743 5.735 5.722 5.707 5.701 5.697 5.779 5.870 5.880 5.875 5.852 5.821 5.788 5.752 5.727 5.710 5.759 5.834 5.859 5.867 5.872 5.882 5.894 5.898 5.895
-99.000 -99.000 -99.000 -99.000 -99.000 -99.000 -99.000 -99.000 -99.000 -99.000 -99.000 -99.000 -99.000 -99.000 -99.000 -99.000 -99.000 -99.000 -99.000 -99.000 1.644 1.646 1.681 1.813 2.052 2.375 2.761 3.184 3.619 4.033 4.371 4.616 4.789 4.919 5.020 5.115 5.208 5.297 5.384 5.464 5.592 5.703 5.737 5.752 5.743 5.726 5.704 5.679 5.669 5.661 5.741 5.832 5.846 5.844 5.825 5.803 5.774 5.742 5.721 5.705 5.754 5.828 5.850 5.854 5.853 5.858 5.866 5.868 5.866
-99.000 -99.000 -99.000 -99.000 -99.000 -99.000 -99.000 -99.000 -99.000 -99.000 -99.000 -99.000 -99.000 -99.000 -99.000 -99.000 -99.000 -99.000 -99.000 -99.000 1.644 1.652 1.718 1.892 2.164 2.513 2.914 3.341 3.769 4.158 4.450 4.658 4.807 4.919 5.012 5.111 5.214 5.315 5.407 5.484 5.612 5.720 5.746 5.752 5.737 5.715 5.685 5.655 5.638 5.627 5.707 5.801 5.819 5.819 5.808 5.789 5.763 5.734 5.715 5.698 5.746 5.819 5.840 5.840 5.834 5.835 5.839 5.842 5.841
-99.000 -99.000 -99.000 -99.000 -99.000 -99.000 -99.000 -99.000 -99.000 -99.000 -99.000 -99.000 -99.000 -99.000 -99.000 -99.000 -99.000 -99.000 -99.000 -99.000 1.645 1.666 1.770 1.984 2.288 2.659 3.071 3.498 3.914 4.267 4.515 4.693 4.819 4.916 5.008 5.114 5.230 5.339 5.431 5.504 5.628 5.732 5.747 5.748 5.730 5.704 5.671 5.633 5.611 5.601 5.683 5.778 5.798 5.805 5.794 5.776 5.754 5.726 5.704 5.687 5.736 5.809 5.829 5.827 5.818 5.814 5.817 5.822 5.819
-99.000 -99.000 -99.000 -99.000 -99.000 -99.000 -99.000 -99.000 -99.000 -99.000 -99.000 -99.000 -99.000 -99.000 -99.000 -99.000 -99.000 -99.000 -99.000 1.644 1.648 1.692 1.837 2.088 2.420 2.808 3.228 3.651 4.047 4.360 4.572 4.722 4.831 4.922 5.018 5.134 5.258 5.367 5.456 5.518 5.636 5.731 5.739 5.737 5.716 5.690 5.652 5.610 5.587 5.579 5.660 5.757 5.781 5.787 5.778 5.764 5.741 5.711 5.688 5.671 5.719 5.794 5.816 5.814 5.802 5.797 5.800 5.804 5.801
-99.000 -99.000 -99.000 -99.000 -99.000 -99.000 -99.000 -99.000 -99.000 -99.000 -99.000 -99.000 -99.000 -99.000 -99.000 -99.000 -99.000 -99.000 -99.000 1.644 1.655 1.732 1.919 2.201 2.557 2.959 3.380 3.791 4.157 4.432 4.615 4.745 4.846 4.940 5.045 5.166 5.284 5.387 5.470 5.522 5.631 5.722 5.728 5.724 5.704 5.679 5.642 5.599 5.575 5.568 5.651 5.748 5.772 5.776 5.766 5.753 5.729 5.697 5.674 5.656 5.705 5.783 5.809 5.808 5.796 5.791 5.791 5.792 5.789
-99.000 -99.000 -99.000 -99.000 -99.000 -99.000 -99.000 -99.000 -99.000 -99.000 -99.000 -99.000 -99.000 -99.000 -99.000 -99.000 -99.000 -99.000 -99.000 1.645 1.672 1.787 2.011 2.323 2.699 3.109 3.524 3.915 4.247 4.488 4.649 4.770 4.874 4.977 5.089 5.208 5.321 5.420 5.498 5.536 5.641 5.731 5.736 5.731 5.713 5.689 5.651 5.607 5.579 5.573 5.656 5.752 5.773 5.774 5.764 5.750 5.725 5.693 5.666 5.648 5.699 5.781 5.811 5.812 5.802 5.795 5.791 5.793 5.790
-99.000 -99.000 -99.000 -99.000 -99.000 -99.000 -99.000 -99.000 -99.000 -99.000 -99.000 -99.000 -99.000 -99.000 -99.000 -99.000 -99.000 -99.000 1.644 1.649 1.700 1.855 2.113 2.450 2.841 3.254 3.658 4.025 4.327 4.543 4.691 4.812 4.923 5.035 5.150 5.262 5.369 5.470 5.530 5.557 5.661 5.751 5.753 5.746 5.727 5.700 5.661 5.612 5.588 5.587 5.668 5.764 5.781 5.779 5.767 5.749 5.723 5.688 5.660 5.644 5.698 5.783 5.817 5.824 5.817 5.808 5.802 5.809 5.799
-99.000 -99.000 -99.000 -99.000 -99.000 -99.000 -99.000 -99.000 -99.000 -99.000 -99.000 -99.000 -99.000 -99.000 -99.000 -99.000 -99.000 -99.000 1.644 1.658 1.743 1.936 2.223 2.581 2.981 3.390 3.780 4.127 4.401 4.599 4.739 4.861 4.978 5.092 5.203 5.312 5.414 5.494 5.543 5.574 5.677 5.763 5.765 5.758 5.734 5.705 5.668 5.630 5.617 5.611 5.687 5.781 5.797 5.790 5.771 5.750 5.722 5.688 5.666 5.649 5.702 5.793 5.835 5.846 5.841 5.836 5.833 5.829 5.802
-99.000 -99.000 -99.000 -99.000 -99.000 -99.000 -99.000 -99.000 -99.000 -99.000 -99.000 -99.000 -99.000 -99.000 -99.000 -99.000 -99.000 1.644 1.646 1.677 1.800 2.030 2.344 2.718 3.122 3.522 3.894 4.214 4.461 4.643 4.777 4.897 5.012 5.122 5.228 5.334 5.427 5.496 5.546 5.578 5.682 5.768 5.773 5.765 5.743 5.718 5.690 5.665 5.652 5.639 5.713 5.807 5.818 5.804 5.780 5.756 5.728 5.701 5.680 5.660 5.714 5.813 5.862 5.877 5.876 5.872 5.863 5.842 5.804
-99.000 -99.000 -99.000 -99.000 -99.000 -99.000 -99.000 -99.000 -99.000 -99.000 -99.000 -99.000 -99.000 -99.000 -99.000 -99.000 -99.000 1.644 1.651 1.709 1.873 2.136 2.474 2.861 3.263 3.651 4.003 4.293 4.514 4.680 4.805 4.920 5.029 5.134 5.239 5.341 5.430 5.496 5.545 5.579 5.685 5.775 5.781 5.779 5.762 5.745 5.727 5.706 5.690 5.674 5.746 5.839 5.845 5.826 5.798 5.772 5.748 5.723 5.701 5.681 5.738 5.843 5.895 5.913 5.914 5.904 5.884 5.851 5.803
-99.000 -99.000 -99.000 -99.000 -99.000 -99.000 -99.000 -99.000 -99.000 -99.000 -99.000 -99.000 -99.000 -99.000 -99.000 -99.000 -99.000 1.645 1.662 1.758 1.962 2.255 2.613 3.007 3.404 3.777 4.107 4.365 4.560 4.709 4.825 4.931 5.036 5.140 5.242 5.343 5.431 5.494 5.544 5.581 5.689 5.782 5.794 5.799 5.789 5.782 5.769 5.749 5.735 5.715 5.784 5.876 5.880 5.857 5.826 5.801 5.777 5.753 5.734 5.711 5.768 5.875 5.929 5.949 5.946 5.929 5.900 5.855 5.798
-99.000 -99.000 -99.000 -99.000 -99.000 -99.000 -99.000 -99.000 -99.000 -99.000 -99.000 -99.000 -99.000 -99.000 -99.000 -99.000 1.644 1.647 1.687 1.825 2.066 2.388 2.762 3.159 3.547 3.901 4.199 4.423 4.595 4.729 4.835 4.933 5.037 5.140 5.240 5.341 5.427 5.491 5.544 5.583 5.695 5.794 5.813 5.825 5.825 5.824 5.815 5.798 5.782 5.758 5.825 5.919 5.924 5.898 5.866 5.840 5.815 5.793 5.773 5.745 5.799 5.907 5.961 5.978 5.969 5.946 5.907 5.854 5.791
-99.000 -99.000 -99.000 -99.000 -99.000 -99.000 -99.000 -99.000 -99.000 -99.000 -99.000 -99.000 -99.000 -99.000 -99.000 -99.000 1.644 1.654 1.728 1.910 2.185 2.531 2.918 3.312 3.687 4.018 4.280 4.476 4.627 4.750 4.846 4.941 5.042 5.144 5.245 5.342 5.427 5.494 5.551 5.594 5.710 5.814 5.837 5.856 5.864 5.869 5.864 5.849 5.830 5.803 5.872 5.968 5.974 5.948 5.915 5.885 5.860 5.837 5.813 5.779 5.829 5.936 5.986 5.998 5.984 5.953 5.908 5.848 5.777
-99.000 -99.000 -99.000 -99.000 -99.000 -99.000 -99.000 -99.000 -99.000 -99.000 -99.000 -99.000 -99.000 -99.000 -99.000 -99.000 1.645 1.672 1.788 2.011 2.319 2.685 3.078 3.466 3.823 4.126 4.357 4.530 4.664 4.775 4.865 4.956 5.056 5.157 5.253 5.347 5.433 5.505 5.569 5.613 5.729 5.835 5.862 5.887 5.902 5.914 5.912 5.896 5.877 5.849 5.917 6.016 6.025 6.000 5.964 5.933 5.906 5.878 5.849 5.808 5.851 5.953 5.998 6.004 5.984 5.948 5.897 5.829 5.753
-99.000 -99.000 -99.000 -99.000 -99.000 -99.000 -99.000 -99.000 -99.000 -99.000 -99.000 -99.000 -99.000 -99.000 -99.000 1.644 1.650 1.707 1.869 2.129 2.465 2.848 3.242 3.619 3.954 4.225 4.427 4.578 4.698 4.800 4.884 4.971 5.069 5.165 5.257 5.348 5.435 5.513 5.583 5.626 5.742 5.850 5.882 5.912 5.934 5.952 5.953 5.938 5.920 5.890 5.960 6.063 6.076 6.052 6.015 5.982 5.948 5.915 5.881 5.831 5.866 5.961 6.000 6.000 5.974 5.934 5.879 5.807 5.729
-99.000 -99.000 -99.000 -99.000 -99.000 -99.000 -99.000 -99.000 -99.000 -99.000 -99.000 -99.000 -99.000 -99.000 -99.000 1.645 1.663 1.761 1.967 2.263 2.623 3.015 3.406 3.767 4.077 4.316 4.493 4.624 4.730 4.824 4.901 4.982 5.075 5.164 5.253 5.345 5.438 5.526 5.600 5.638 5.754 5.865 5.900 5.935 5.963 5.987 5.992 5.981 5.963 5.932 6.003 6.113 6.131 6.109 6.072 6.034 5.994 5.955 5.916 5.853 5.878 5.968 6.001 5.995 5.964 5.920 5.861 5.786 5.705
