version1/TsunamiDB/out54024.asc
ncols          264
nrows          230
xllcorner      497853.4375
yllcorner      4229146.0000
cellsize         5.
NODATA_value   -99
[rows 186 to 216 of 230, columns 142 to 212 of 264]
5.562 5.580 5.595 5.610 5.629 5.654 5.685 5.725 5.771 5.825 5.883 5.947 6.014 6.083 6.154 6.226 6.297 6.366 6.432 6.493 6.550 6.603 6.652 6.698 6.749 6.806 6.850 6.887 6.934 6.985 7.046 7.118 7.199 7.289 7.360 7.382 7.446 7.558 7.644 7.708 7.754 7.786 7.805 7.807 7.788 7.729 7.694 7.718 7.746 7.773 7.796 7.815 7.828 7.838 7.834 7.791 7.747 7.730 7.708 7.680 7.649 7.616 7.581 7.532 7.471 7.390 7.310 7.247 7.184 7.123 7.066
5.586 5.604 5.616 5.627 5.640 5.658 5.682 5.715 5.755 5.804 5.859 5.920 5.985 6.054 6.126 6.198 6.271 6.341 6.409 6.472 6.531 6.586 6.638 6.691 6.751 6.813 6.862 6.904 6.952 7.003 7.060 7.129 7.211 7.293 7.350 7.367 7.428 7.537 7.623 7.688 7.733 7.766 7.786 7.789 7.774 7.717 7.683 7.709 7.741 7.771 7.796 7.818 7.835 7.847 7.844 7.802 7.759 7.741 7.717 7.687 7.650 7.611 7.566 7.509 7.443 7.357 7.272 7.206 7.142 7.083 7.028
5.610 5.628 5.639 5.647 5.655 5.667 5.684 5.710 5.744 5.787 5.838 5.895 5.958 6.026 6.097 6.169 6.242 6.314 6.384 6.449 6.510 6.568 6.626 6.687 6.753 6.820 6.877 6.926 6.978 7.030 7.086 7.153 7.228 7.296 7.344 7.357 7.414 7.520 7.606 7.670 7.715 7.748 7.767 7.772 7.760 7.704 7.672 7.703 7.739 7.771 7.799 7.824 7.844 7.856 7.854 7.813 7.770 7.751 7.724 7.689 7.647 7.599 7.544 7.482 7.412 7.321 7.232 7.165 7.102 7.045 6.994
5.632 5.650 5.661 5.669 5.674 5.682 5.693 5.713 5.740 5.777 5.822 5.876 5.936 6.001 6.071 6.143 6.216 6.289 6.361 6.428 6.493 6.555 6.620 6.688 6.759 6.832 6.896 6.953 7.011 7.065 7.120 7.181 7.246 7.305 7.346 7.355 7.408 7.512 7.595 7.657 7.700 7.730 7.749 7.756 7.747 7.693 7.664 7.700 7.739 7.775 7.806 7.833 7.854 7.866 7.863 7.822 7.778 7.758 7.727 7.688 7.638 7.581 7.519 7.451 7.377 7.282 7.191 7.124 7.064 7.010 6.965
5.651 5.672 5.684 5.691 5.696 5.701 5.709 5.724 5.746 5.777 5.816 5.864 5.920 5.982 6.050 6.121 6.194 6.269 6.342 6.414 6.483 6.552 6.622 6.695 6.771 6.849 6.920 6.985 7.048 7.105 7.157 7.211 7.268 7.320 7.359 7.365 7.412 7.510 7.590 7.649 7.688 7.715 7.733 7.742 7.737 7.686 7.661 7.701 7.743 7.782 7.815 7.843 7.864 7.876 7.872 7.830 7.785 7.761 7.727 7.681 7.624 7.559 7.490 7.417 7.339 7.242 7.150 7.085 7.028 6.980 6.941
5.669 5.691 5.705 5.715 5.720 5.725 5.732 5.744 5.761 5.787 5.820 5.863 5.913 5.971 6.036 6.106 6.180 6.255 6.331 6.407 6.483 6.557 6.632 6.709 6.789 6.870 6.947 7.018 7.086 7.144 7.193 7.242 7.294 7.346 7.385 7.386 7.425 7.516 7.593 7.647 7.680 7.704 7.720 7.731 7.731 7.684 7.662 7.707 7.752 7.792 7.826 7.855 7.875 7.885 7.880 7.837 7.790 7.762 7.722 7.669 7.605 7.533 7.457 7.380 7.300 7.201 7.110 7.049 6.997 6.954 6.920
5.684 5.708 5.725 5.737 5.746 5.753 5.760 5.771 5.786 5.807 5.836 5.872 5.916 5.969 6.031 6.099 6.172 6.248 6.328 6.409 6.489 6.568 6.648 6.728 6.809 6.892 6.972 7.049 7.121 7.180 7.229 7.277 7.329 7.384 7.424 7.421 7.449 7.537 7.606 7.649 7.676 7.695 7.710 7.725 7.731 7.687 7.669 7.718 7.765 7.805 7.838 7.866 7.885 7.893 7.886 7.840 7.791 7.758 7.712 7.653 7.582 7.503 7.421 7.340 7.258 7.159 7.071 7.014 6.968 6.932 6.904
5.696 5.723 5.743 5.759 5.771 5.782 5.792 5.804 5.818 5.836 5.860 5.891 5.929 5.977 6.034 6.101 6.173 6.249 6.332 6.416 6.501 6.586 6.668 6.749 6.830 6.913 6.995 7.077 7.153 7.216 7.269 7.320 7.376 7.436 7.478 7.469 7.488 7.564 7.620 7.654 7.674 7.690 7.705 7.724 7.734 7.694 7.680 7.731 7.777 7.816 7.848 7.875 7.893 7.898 7.887 7.839 7.787 7.748 7.696 7.630 7.552 7.467 7.382 7.298 7.215 7.117 7.033 6.982 6.942 6.912 6.890
5.706 5.735 5.759 5.779 5.796 5.811 5.825 5.840 5.855 5.873 5.893 5.919 5.952 5.994 6.047 6.110 6.180 6.256 6.340 6.426 6.514 6.603 6.688 6.770 6.850 6.933 7.017 7.104 7.187 7.257 7.317 7.374 7.433 7.495 7.541 7.528 7.534 7.595 7.640 7.665 7.679 7.691 7.705 7.725 7.742 7.706 7.694 7.745 7.790 7.827 7.857 7.882 7.898 7.900 7.886 7.835 7.778 7.734 7.676 7.604 7.518 7.429 7.340 7.255 7.172 7.077 6.997 6.952 6.920 6.897 6.880
5.713 5.745 5.773 5.798 5.820 5.840 5.859 5.877 5.895 5.913 5.933 5.955 5.983 6.019 6.067 6.127 6.194 6.269 6.353 6.440 6.532 6.624 6.711 6.794 6.874 6.956 7.043 7.137 7.228 7.305 7.372 7.437 7.498 7.566 7.622 7.600 7.590 7.636 7.667 7.682 7.689 7.698 7.710 7.734 7.759 7.726 7.713 7.763 7.806 7.840 7.867 7.890 7.903 7.902 7.882 7.827 7.766 7.716 7.652 7.573 7.482 7.389 7.298 7.212 7.132 7.040 6.966 6.928 6.903 6.886 6.876
5.718 5.753 5.785 5.814 5.841 5.867 5.891 5.914 5.935 5.955 5.975 5.996 6.021 6.052 6.096 6.153 6.217 6.289 6.373 6.461 6.555 6.648 6.738 6.821 6.902 6.986 7.075 7.178 7.275 7.361 7.440 7.511 7.578 7.666 7.720 7.678 7.652 7.681 7.697 7.702 7.705 7.710 7.722 7.756 7.785 7.749 7.735 7.782 7.821 7.851 7.875 7.895 7.905 7.898 7.871 7.814 7.749 7.693 7.623 7.538 7.443 7.347 7.255 7.171 7.094 7.007 6.939 6.908 6.890 6.880 6.876
5.722 5.760 5.795 5.829 5.862 5.893 5.922 5.950 5.975 5.998 6.020 6.041 6.065 6.095 6.136 6.190 6.250 6.319 6.401 6.490 6.583 6.676 6.768 6.857 6.943 7.026 7.118 7.229 7.337 7.433 7.522 7.605 7.691 7.774 7.805 7.754 7.715 7.726 7.730 7.727 7.725 7.731 7.751 7.786 7.808 7.771 7.756 7.798 7.832 7.860 7.880 7.895 7.899 7.886 7.858 7.797 7.727 7.666 7.589 7.500 7.401 7.303 7.212 7.131 7.059 6.978 6.916 6.893 6.881 6.878 6.880
5.725 5.766 5.805 5.844 5.882 5.918 5.952 5.985 6.015 6.042 6.067 6.091 6.116 6.146 6.186 6.237 6.293 6.359 6.438 6.524 6.615 6.710 6.808 6.905 6.996 7.077 7.171 7.294 7.412 7.518 7.618 7.714 7.802 7.868 7.883 7.826 7.777 7.772 7.765 7.756 7.753 7.762 7.784 7.813 7.829 7.791 7.774 7.810 7.841 7.863 7.879 7.889 7.887 7.871 7.840 7.775 7.701 7.634 7.553 7.459 7.358 7.260 7.171 7.094 7.028 6.954 6.898 6.882 6.879 6.882 6.889
5.730 5.773 5.816 5.859 5.902 5.943 5.983 6.020 6.055 6.087 6.117 6.145 6.172 6.203 6.243 6.292 6.345 6.407 6.483 6.567 6.657 6.755 6.860 6.964 7.058 7.139 7.238 7.371 7.496 7.611 7.720 7.819 7.900 7.951 7.956 7.894 7.836 7.819 7.803 7.789 7.786 7.796 7.814 7.838 7.848 7.808 7.789 7.819 7.845 7.863 7.874 7.877 7.871 7.852 7.818 7.749 7.670 7.598 7.513 7.416 7.314 7.217 7.132 7.061 7.002 6.934 6.886 6.878 6.881 6.890 6.904
5.736 5.781 5.828 5.875 5.923 5.969 6.014 6.056 6.096 6.133 6.168 6.200 6.231 6.265 6.305 6.355 6.406 6.465 6.537 6.620 6.710 6.812 6.923 7.033 7.133 7.213 7.315 7.455 7.586 7.708 7.818 7.913 7.986 8.026 8.023 7.958 7.894 7.867 7.843 7.827 7.821 7.827 7.843 7.859 7.864 7.824 7.801 7.824 7.844 7.857 7.862 7.861 7.851 7.829 7.791 7.718 7.635 7.559 7.470 7.372 7.270 7.176 7.097 7.033 6.981 6.921 6.880 6.879 6.888 6.904 6.922
5.745 5.793 5.842 5.893 5.945 5.996 6.045 6.092 6.137 6.179 6.219 6.257 6.292 6.329 6.372 6.422 6.474 6.531 6.602 6.684 6.775 6.879 6.995 7.112 7.217 7.294 7.396 7.542 7.678 7.801 7.907 7.997 8.063 8.095 8.086 8.019 7.950 7.915 7.885 7.865 7.855 7.857 7.867 7.878 7.877 7.835 7.808 7.825 7.838 7.846 7.847 7.842 7.828 7.802 7.761 7.684 7.596 7.516 7.425 7.326 7.228 7.139 7.065 7.009 6.966 6.913 6.879 6.884 6.899 6.919 6.941
5.758 5.807 5.858 5.913 5.969 6.024 6.078 6.130 6.179 6.227 6.271 6.313 6.353 6.393 6.439 6.494 6.547 6.605 6.677 6.759 6.850 6.956 7.077 7.201 7.309 7.381 7.483 7.633 7.768 7.887 7.989 8.073 8.133 8.158 8.144 8.075 8.003 7.962 7.927 7.902 7.887 7.884 7.888 7.893 7.888 7.843 7.812 7.822 7.829 7.831 7.827 7.818 7.800 7.771 7.725 7.644 7.553 7.470 7.378 7.282 7.188 7.104 7.038 6.990 6.956 6.910 6.882 6.894 6.914 6.937 6.961
5.774 5.823 5.877 5.934 5.993 6.053 6.111 6.168 6.222 6.274 6.323 6.369 6.413 6.458 6.509 6.568 6.626 6.686 6.760 6.843 6.935 7.044 7.170 7.296 7.405 7.472 7.571 7.719 7.848 7.963 8.059 8.137 8.191 8.210 8.192 8.123 8.049 8.003 7.962 7.933 7.912 7.903 7.903 7.902 7.892 7.845 7.810 7.812 7.813 7.810 7.802 7.788 7.768 7.735 7.684 7.599 7.504 7.420 7.329 7.237 7.148 7.072 7.015 6.976 6.950 6.911 6.889 6.906 6.928 6.954 6.979
5.794 5.843 5.898 5.957 6.019 6.082 6.145 6.206 6.265 6.321 6.374 6.425 6.474 6.523 6.579 6.644 6.706 6.770 6.847 6.933 7.027 7.138 7.262 7.388 7.498 7.561 7.653 7.794 7.918 8.027 8.118 8.191 8.241 8.257 8.237 8.167 8.091 8.041 7.997 7.963 7.936 7.922 7.916 7.910 7.895 7.845 7.804 7.800 7.795 7.787 7.773 7.756 7.732 7.695 7.639 7.550 7.453 7.369 7.281 7.195 7.113 7.046 6.996 6.965 6.948 6.915 6.898 6.918 6.943 6.970 6.996
5.817 5.866 5.920 5.981 6.045 6.111 6.178 6.243 6.307 6.367 6.425 6.480 6.533 6.587 6.647 6.718 6.787 6.856 6.937 7.025 7.123 7.235 7.358 7.487 7.602 7.656 7.736 7.871 7.990 8.093 8.179 8.248 8.293 8.306 8.282 8.210 8.133 8.081 8.032 7.992 7.960 7.940 7.928 7.916 7.896 7.841 7.796 7.786 7.774 7.760 7.742 7.722 7.694 7.653 7.592 7.500 7.402 7.319 7.236 7.157 7.084 7.025 6.984 6.961 6.952 6.925 6.912 6.935 6.961 6.989 7.015
5.845 5.891 5.945 6.006 6.071 6.141 6.211 6.281 6.348 6.413 6.475 6.533 6.590 6.646 6.713 6.792 6.867 6.941 7.027 7.121 7.224 7.338 7.463 7.603 7.712 7.749 7.818 7.946 8.058 8.155 8.236 8.300 8.342 8.348 8.319 8.248 8.170 8.116 8.063 8.018 7.980 7.954 7.935 7.917 7.891 7.833 7.784 7.767 7.749 7.730 7.708 7.683 7.652 7.605 7.539 7.446 7.349 7.270 7.193 7.122 7.059 7.009 6.976 6.964 6.963 6.938 6.928 6.953 6.979 7.006 7.032
5.877 5.920 5.973 6.032 6.099 6.170 6.243 6.316 6.388 6.456 6.521 6.583 6.643 6.707 6.783 6.867 6.948 7.031 7.124 7.224 7.332 7.452 7.587 7.719 7.810 7.837 7.897 8.016 8.122 8.214 8.288 8.346 8.381 8.382 8.354 8.283 8.204 8.146 8.089 8.039 7.995 7.962 7.937 7.913 7.882 7.821 7.767 7.743 7.720 7.696 7.669 7.640 7.603 7.552 7.485 7.392 7.297 7.223 7.154 7.093 7.040 7.000 6.978 6.973 6.974 6.953 6.944 6.969 6.996 7.022 7.047
5.914 5.954 6.003 6.061 6.127 6.198 6.273 6.349 6.425 6.497 6.566 6.631 6.699 6.772 6.854 6.944 7.032 7.124 7.225 7.331 7.444 7.571 7.703 7.820 7.901 7.920 7.971 8.082 8.183 8.268 8.337 8.388 8.415 8.415 8.387 8.314 8.232 8.172 8.111 8.055 8.004 7.964 7.932 7.902 7.867 7.802 7.744 7.715 7.686 7.657 7.626 7.592 7.550 7.497 7.431 7.339 7.247 7.180 7.120 7.069 7.026 6.998 6.985 6.983 6.986 6.967 6.960 6.984 7.010 7.036 7.058
5.957 5.993 6.038 6.093 6.156 6.227 6.302 6.381 6.460 6.537 6.610 6.683 6.759 6.840 6.927 7.023 7.118 7.221 7.329 7.439 7.557 7.682 7.805 7.911 7.985 8.000 8.043 8.148 8.242 8.320 8.382 8.426 8.448 8.446 8.416 8.341 8.257 8.193 8.126 8.064 8.007 7.959 7.921 7.887 7.847 7.778 7.716 7.682 7.649 7.615 7.579 7.540 7.495 7.442 7.377 7.287 7.201 7.142 7.093 7.051 7.019 7.000 6.993 6.995 6.997 6.980 6.974 6.998 7.023 7.046 7.066
6.005 6.036 6.077 6.128 6.188 6.258 6.333 6.412 6.495 6.577 6.657 6.739 6.822 6.910 7.004 7.105 7.208 7.317 7.430 7.546 7.662 7.778 7.893 7.993 8.066 8.079 8.115 8.212 8.298 8.371 8.425 8.463 8.481 8.474 8.442 8.364 8.276 8.207 8.135 8.066 8.001 7.948 7.904 7.864 7.820 7.749 7.684 7.645 7.607 7.569 7.528 7.486 7.440 7.387 7.325 7.240 7.160 7.111 7.070 7.039 7.017 7.005 7.002 7.006 7.009 6.993 6.987 7.009 7.032 7.054 7.070
6.058 6.086 6.122 6.167 6.224 6.291 6.364 6.445 6.531 6.619 6.708 6.797 6.888 6.984 7.083 7.186 7.294 7.409 7.528 7.643 7.752 7.861 7.969 8.068 8.143 8.155 8.185 8.276 8.356 8.420 8.467 8.499 8.511 8.501 8.464 8.382 8.289 8.214 8.135 8.058 7.988 7.929 7.880 7.836 7.788 7.715 7.646 7.603 7.561 7.519 7.475 7.431 7.385 7.334 7.277 7.197 7.125 7.084 7.054 7.032 7.017 7.011 7.012 7.016 7.020 7.004 6.998 7.018 7.039 7.057 7.072
6.115 6.139 6.171 6.211 6.264 6.328 6.400 6.479 6.569 6.665 6.759 6.856 6.957 7.058 7.160 7.264 7.374 7.495 7.616 7.726 7.830 7.933 8.037 8.139 8.218 8.230 8.256 8.343 8.415 8.469 8.508 8.533 8.540 8.524 8.481 8.393 8.296 8.213 8.125 8.042 7.965 7.901 7.848 7.801 7.750 7.674 7.603 7.557 7.512 7.468 7.422 7.377 7.331 7.284 7.233 7.159 7.094 7.064 7.042 7.027 7.019 7.017 7.020 7.026 7.029 7.014 7.007 7.025 7.042 7.059 7.071
6.173 6.196 6.225 6.261 6.310 6.371 6.440 6.519 6.612 6.711 6.814 6.920 7.025 7.129 7.232 7.334 7.446 7.570 7.690 7.799 7.899 7.997 8.101 8.206 8.293 8.306 8.329 8.409 8.470 8.515 8.544 8.562 8.563 8.540 8.490 8.396 8.291 8.199 8.104 8.014 7.932 7.864 7.809 7.759 7.705 7.628 7.554 7.505 7.459 7.414 7.367 7.323 7.280 7.238 7.192 7.125 7.068 7.046 7.031 7.023 7.020 7.021 7.027 7.033 7.035 7.020 7.012 7.027 7.042 7.056 7.066
6.233 6.256 6.284 6.318 6.363 6.421 6.487 6.564 6.657 6.759 6.866 6.978 7.087 7.193 7.296 7.397 7.508 7.633 7.755 7.865 7.963 8.061 8.163 8.269 8.363 8.379 8.400 8.471 8.523 8.557 8.577 8.587 8.581 8.551 8.493 8.392 8.278 8.177 8.074 7.977 7.890 7.820 7.763 7.711 7.656 7.576 7.502 7.452 7.405 7.360 7.315 7.272 7.233 7.195 7.157 7.096 7.047 7.032 7.024 7.021 7.021 7.026 7.033 7.039 7.041 7.025 7.016 7.028 7.041 7.052 7.060
6.291 6.317 6.345 6.377 6.420 6.477 6.540 6.612 6.704 6.807 6.918 7.034 7.147 7.256 7.358 7.455 7.563 7.691 7.816 7.926 8.025 8.122 8.222 8.333 8.440 8.458 8.472 8.535 8.576 8.598 8.609 8.610 8.596 8.558 8.489 8.379 8.256 8.145 8.035 7.931 7.841 7.770 7.712 7.659 7.603 7.523 7.448 7.399 7.353 7.309 7.266 7.227 7.191 7.159 7.128 7.074 7.031 7.022 7.020 7.022 7.025 7.033 7.040 7.046 7.046 7.029 7.019 7.028 7.038 7.047 7.052
6.346 6.375 6.404 6.437 6.480 6.538 6.598 6.668 6.757 6.858 6.972 7.090 7.205 7.315 7.416 7.507 7.613 7.745 7.871 7.984 8.088 8.186 8.285 8.416 8.527 8.535 8.543 8.595 8.624 8.635 8.635 8.627 8.605 8.554 8.472 8.354 8.222 8.102 7.984 7.877 7.786 7.714 7.656 7.603 7.545 7.466 7.393 7.345 7.301 7.259 7.220 7.185 7.154 7.129 7.105 7.056 7.019 7.016 7.018 7.024 7.030 7.038 7.047 7.050 7.049 7.031 7.019 7.026 7.033 7.039 7.041
