version1/TsunamiDB/out54178.asc
ncols          264
nrows          230
xllcorner      497853.4375
yllcorner      4229146.0000
cellsize         5.
NODATA_value   -99
[rows 34 to 67 of 230, columns 154 to 230 of 264]
6.596 6.600 6.603 6.607 6.611 6.615 6.618 6.622 6.626 6.629 6.633 6.637 6.640 6.644 6.648 6.652 6.655 6.659 6.664 6.668 6.673 6.678 6.682 6.687 6.692 6.697 6.702 6.708 6.713 6.719 6.725 6.731 6.737 6.743 6.749 6.755 6.761 6.768 6.774 6.780 6.787 6.793 6.799 6.806 6.812 6.818 6.824 6.829 6.834 6.839 6.844 6.848 6.852 6.856 6.859 6.862 6.865 6.867 6.869 6.871 6.872 6.873 6.874 6.875 6.875 6.876 6.877 6.877 6.877 6.877 6.877 6.876 6.875 6.875 6.874 6.872 6.871
6.600 6.603 6.607 6.611 6.615 6.618 6.622 6.626 6.629 6.633 6.636 6.640 6.644 6.647 6.651 6.655 6.658 6.662 6.666 6.671 6.675 6.680 6.685 6.689 6.694 6.699 6.704 6.709 6.715 6.720 6.726 6.731 6.737 6.743 6.749 6.755 6.762 6.768 6.774 6.780 6.787 6.793 6.799 6.806 6.812 6.818 6.823 6.829 6.834 6.839 6.844 6.848 6.852 6.856 6.859 6.862 6.865 6.867 6.869 6.871 6.873 6.874 6.875 6.875 6.876 6.876 6.877 6.877 6.877 6.877 6.877 6.876 6.875 6.873 6.872 6.870 6.868
6.603 6.607 6.611 6.614 6.618 6.622 6.625 6.629 6.633 6.636 6.640 6.643 6.647 6.650 6.654 6.658 6.661 6.665 6.669 6.673 6.678 6.682 6.687 6.691 6.696 6.701 6.706 6.711 6.716 6.721 6.727 6.732 6.738 6.744 6.750 6.756 6.762 6.768 6.774 6.780 6.786 6.793 6.799 6.805 6.812 6.817 6.823 6.828 6.834 6.839 6.843 6.848 6.852 6.856 6.859 6.862 6.865 6.867 6.870 6.871 6.873 6.874 6.875 6.876 6.876 6.877 6.878 6.878 6.878 6.877 6.877 6.875 6.874 6.872 6.870 6.868 6.866
6.607 6.611 6.614 6.618 6.622 6.625 6.629 6.633 6.636 6.640 6.643 6.647 6.650 6.654 6.657 6.661 6.664 6.668 6.672 6.676 6.680 6.685 6.689 6.693 6.698 6.703 6.707 6.712 6.717 6.723 6.728 6.733 6.739 6.745 6.750 6.756 6.762 6.768 6.774 6.780 6.786 6.792 6.799 6.805 6.811 6.817 6.822 6.828 6.833 6.838 6.843 6.847 6.851 6.855 6.859 6.862 6.865 6.868 6.870 6.872 6.873 6.875 6.876 6.876 6.877 6.877 6.878 6.878 6.878 6.877 6.876 6.875 6.873 6.871 6.868 6.866 6.863
6.611 6.614 6.618 6.622 6.625 6.629 6.633 6.636 6.640 6.643 6.647 6.650 6.653 6.657 6.660 6.664 6.667 6.671 6.675 6.679 6.683 6.687 6.691 6.696 6.700 6.705 6.709 6.714 6.719 6.724 6.729 6.735 6.740 6.745 6.751 6.757 6.763 6.768 6.774 6.780 6.786 6.792 6.798 6.804 6.811 6.816 6.822 6.827 6.832 6.837 6.842 6.847 6.851 6.855 6.859 6.862 6.865 6.868 6.870 6.872 6.873 6.875 6.876 6.877 6.877 6.878 6.878 6.878 6.878 6.877 6.876 6.874 6.872 6.869 6.866 6.863 6.860
6.614 6.618 6.622 6.625 6.629 6.633 6.636 6.640 6.643 6.647 6.650 6.653 6.657 6.660 6.663 6.667 6.670 6.674 6.677 6.681 6.685 6.690 6.694 6.698 6.702 6.706 6.711 6.716 6.720 6.725 6.730 6.736 6.741 6.746 6.752 6.757 6.763 6.769 6.774 6.780 6.786 6.792 6.798 6.804 6.810 6.816 6.821 6.827 6.832 6.837 6.842 6.846 6.851 6.855 6.858 6.862 6.865 6.867 6.870 6.872 6.874 6.875 6.876 6.877 6.877 6.878 6.879 6.879 6.878 6.877 6.876 6.874 6.871 6.868 6.864 6.861 6.857
6.618 6.622 6.625 6.629 6.633 6.636 6.640 6.643 6.647 6.650 6.653 6.657 6.660 6.663 6.666 6.670 6.673 6.677 6.680 6.684 6.688 6.692 6.696 6.700 6.704 6.708 6.713 6.717 6.722 6.727 6.732 6.737 6.742 6.747 6.752 6.758 6.763 6.769 6.774 6.780 6.786 6.792 6.797 6.804 6.810 6.815 6.821 6.826 6.831 6.836 6.841 6.846 6.850 6.854 6.858 6.861 6.864 6.867 6.870 6.872 6.874 6.875 6.876 6.877 6.878 6.878 6.879 6.879 6.878 6.877 6.876 6.873 6.870 6.866 6.862 6.858 6.854
6.622 6.626 6.629 6.633 6.636 6.640 6.643 6.647 6.650 6.653 6.657 6.660 6.663 6.666 6.670 6.673 6.676 6.679 6.683 6.686 6.690 6.694 6.698 6.702 6.706 6.710 6.714 6.719 6.723 6.728 6.733 6.738 6.743 6.748 6.753 6.758 6.763 6.769 6.774 6.780 6.786 6.791 6.797 6.803 6.809 6.814 6.820 6.825 6.830 6.835 6.840 6.845 6.849 6.853 6.857 6.861 6.864 6.867 6.869 6.872 6.873 6.875 6.876 6.877 6.878 6.879 6.879 6.879 6.878 6.877 6.875 6.872 6.869 6.865 6.860 6.855 6.850
6.626 6.630 6.633 6.637 6.640 6.644 6.647 6.650 6.654 6.657 6.660 6.663 6.666 6.670 6.673 6.676 6.679 6.682 6.686 6.689 6.693 6.697 6.700 6.704 6.708 6.712 6.716 6.720 6.725 6.729 6.734 6.739 6.743 6.748 6.753 6.758 6.764 6.769 6.774 6.780 6.785 6.791 6.797 6.803 6.808 6.814 6.819 6.824 6.829 6.834 6.839 6.844 6.848 6.853 6.856 6.860 6.863 6.866 6.869 6.871 6.873 6.875 6.876 6.877 6.878 6.879 6.879 6.879 6.878 6.877 6.875 6.872 6.868 6.863 6.858 6.852 6.846
6.630 6.634 6.637 6.641 6.644 6.647 6.651 6.654 6.657 6.660 6.664 6.667 6.670 6.673 6.676 6.679 6.682 6.685 6.688 6.692 6.695 6.699 6.703 6.706 6.710 6.714 6.718 6.722 6.726 6.730 6.735 6.739 6.744 6.749 6.754 6.759 6.764 6.769 6.774 6.780 6.785 6.790 6.796 6.802 6.808 6.813 6.818 6.823 6.829 6.834 6.838 6.843 6.847 6.852 6.856 6.859 6.863 6.866 6.868 6.871 6.873 6.875 6.876 6.877 6.878 6.879 6.879 6.879 6.878 6.877 6.875 6.871 6.866 6.861 6.856 6.849 6.842
6.635 6.638 6.641 6.645 6.648 6.651 6.655 6.658 6.661 6.664 6.667 6.670 6.673 6.676 6.679 6.682 6.685 6.688 6.691 6.694 6.698 6.702 6.705 6.708 6.712 6.716 6.719 6.723 6.727 6.732 6.736 6.740 6.745 6.750 6.754 6.759 6.764 6.769 6.774 6.779 6.785 6.790 6.796 6.802 6.807 6.812 6.817 6.823 6.828 6.833 6.837 6.842 6.847 6.851 6.855 6.859 6.862 6.865 6.868 6.870 6.872 6.874 6.876 6.877 6.878 6.879 6.879 6.879 6.878 6.877 6.874 6.870 6.865 6.859 6.853 6.845 6.838
6.639 6.643 6.646 6.649 6.652 6.656 6.659 6.662 6.665 6.668 6.671 6.674 6.677 6.680 6.682 6.685 6.688 6.691 6.694 6.697 6.701 6.704 6.707 6.711 6.714 6.718 6.721 6.725 6.729 6.733 6.737 6.741 6.746 6.750 6.755 6.760 6.764 6.769 6.774 6.779 6.784 6.790 6.795 6.801 6.806 6.811 6.817 6.822 6.827 6.832 6.836 6.841 6.846 6.850 6.854 6.858 6.861 6.864 6.867 6.870 6.872 6.874 6.875 6.877 6.878 6.878 6.879 6.879 6.878 6.877 6.874 6.870 6.863 6.857 6.850 6.841 6.833
6.645 6.648 6.651 6.654 6.657 6.660 6.663 6.666 6.669 6.672 6.675 6.678 6.681 6.683 6.686 6.689 6.691 6.694 6.697 6.700 6.704 6.707 6.710 6.713 6.716 6.720 6.723 6.727 6.730 6.734 6.738 6.742 6.747 6.751 6.756 6.760 6.765 6.770 6.774 6.779 6.784 6.789 6.795 6.800 6.805 6.811 6.816 6.821 6.826 6.831 6.835 6.840 6.845 6.849 6.853 6.857 6.860 6.864 6.867 6.869 6.871 6.873 6.875 6.876 6.877 6.878 6.879 6.878 6.878 6.876 6.874 6.868 6.861 6.855 6.847 6.837 6.829
6.650 6.653 6.656 6.660 6.663 6.665 6.668 6.671 6.674 6.677 6.679 6.682 6.685 6.687 6.690 6.692 6.695 6.698 6.700 6.703 6.707 6.709 6.712 6.715 6.718 6.722 6.725 6.729 6.732 6.736 6.740 6.744 6.748 6.752 6.756 6.761 6.765 6.770 6.774 6.779 6.784 6.789 6.794 6.800 6.805 6.810 6.815 6.820 6.825 6.830 6.834 6.839 6.844 6.848 6.852 6.856 6.860 6.863 6.866 6.869 6.871 6.873 6.875 6.876 6.877 6.878 6.879 6.878 6.878 6.876 6.873 6.867 6.860 6.852 6.844 6.834 6.825
6.657 6.660 6.663 6.666 6.668 6.671 6.674 6.677 6.679 6.682 6.684 6.687 6.689 6.692 6.694 6.697 6.699 6.701 6.704 6.707 6.710 6.713 6.715 6.718 6.721 6.724 6.727 6.731 6.734 6.738 6.741 6.745 6.749 6.753 6.757 6.761 6.766 6.770 6.775 6.779 6.784 6.789 6.794 6.799 6.804 6.809 6.814 6.819 6.824 6.829 6.834 6.838 6.843 6.847 6.851 6.855 6.859 6.862 6.865 6.868 6.870 6.873 6.874 6.876 6.877 6.878 6.879 6.878 6.878 6.876 6.873 6.867 6.859 6.851 6.841 6.831 6.822
6.664 6.667 6.669 6.672 6.675 6.678 6.680 6.683 6.685 6.688 6.690 6.692 6.695 6.697 6.699 6.701 6.704 6.706 6.708 6.711 6.714 6.716 6.719 6.721 6.724 6.727 6.730 6.733 6.736 6.740 6.743 6.747 6.750 6.754 6.758 6.762 6.766 6.771 6.775 6.780 6.784 6.789 6.794 6.799 6.804 6.809 6.814 6.818 6.823 6.828 6.833 6.837 6.842 6.846 6.850 6.854 6.858 6.861 6.865 6.867 6.870 6.872 6.874 6.876 6.877 6.878 6.879 6.878 6.878 6.876 6.872 6.866 6.857 6.849 6.840 6.829 6.820
6.672 6.674 6.677 6.680 6.682 6.685 6.687 6.690 6.692 6.694 6.696 6.699 6.701 6.703 6.705 6.707 6.709 6.711 6.713 6.716 6.718 6.720 6.723 6.725 6.728 6.730 6.733 6.736 6.739 6.742 6.745 6.749 6.752 6.756 6.760 6.763 6.767 6.772 6.776 6.780 6.785 6.789 6.794 6.799 6.804 6.808 6.813 6.818 6.823 6.827 6.832 6.837 6.841 6.845 6.850 6.854 6.857 6.861 6.864 6.867 6.870 6.872 6.874 6.876 6.877 6.878 6.879 6.879 6.878 6.876 6.872 6.865 6.857 6.848 6.839 6.828 6.819
6.680 6.683 6.685 6.688 6.690 6.693 6.695 6.697 6.700 6.702 6.704 6.706 6.708 6.709 6.711 6.713 6.715 6.717 6.719 6.721 6.723 6.725 6.727 6.730 6.732 6.734 6.737 6.739 6.742 6.745 6.748 6.751 6.755 6.758 6.762 6.765 6.769 6.773 6.777 6.781 6.785 6.790 6.794 6.799 6.804 6.808 6.813 6.818 6.822 6.827 6.832 6.836 6.841 6.845 6.849 6.853 6.857 6.860 6.864 6.867 6.869 6.872 6.874 6.876 6.877 6.878 6.879 6.879 6.878 6.876 6.872 6.866 6.857 6.848 6.838 6.828 6.820
6.689 6.692 6.694 6.697 6.699 6.702 6.704 6.706 6.708 6.710 6.712 6.714 6.715 6.717 6.719 6.720 6.722 6.724 6.725 6.727 6.729 6.731 6.733 6.735 6.737 6.739 6.741 6.744 6.746 6.749 6.752 6.755 6.758 6.761 6.764 6.768 6.771 6.775 6.779 6.782 6.787 6.791 6.795 6.800 6.804 6.809 6.813 6.818 6.822 6.827 6.831 6.836 6.840 6.845 6.849 6.853 6.857 6.860 6.864 6.867 6.869 6.872 6.874 6.876 6.877 6.879 6.880 6.879 6.879 6.877 6.873 6.866 6.857 6.848 6.839 6.829 6.821
6.699 6.701 6.704 6.706 6.709 6.711 6.713 6.715 6.717 6.719 6.721 6.723 6.724 6.726 6.727 6.729 6.730 6.731 6.733 6.735 6.737 6.738 6.740 6.741 6.743 6.745 6.747 6.749 6.751 6.754 6.756 6.759 6.761 6.764 6.767 6.771 6.774 6.777 6.781 6.785 6.788 6.793 6.797 6.801 6.806 6.810 6.814 6.818 6.823 6.827 6.832 6.836 6.840 6.845 6.849 6.853 6.857 6.860 6.864 6.867 6.870 6.872 6.875 6.876 6.878 6.880 6.880 6.880 6.880 6.878 6.874 6.867 6.858 6.849 6.840 6.830 6.823
6.709 6.711 6.714 6.716 6.719 6.721 6.723 6.725 6.727 6.729 6.731 6.732 6.734 6.735 6.737 6.738 6.739 6.740 6.742 6.743 6.745 6.746 6.747 6.749 6.750 6.752 6.754 6.755 6.757 6.759 6.762 6.764 6.766 6.769 6.772 6.775 6.778 6.781 6.784 6.788 6.791 6.795 6.799 6.804 6.808 6.812 6.816 6.820 6.824 6.828 6.833 6.837 6.841 6.845 6.850 6.854 6.857 6.861 6.864 6.868 6.871 6.873 6.876 6.878 6.879 6.881 6.882 6.882 6.881 6.880 6.876 6.868 6.859 6.851 6.842 6.832 6.826
6.718 6.721 6.724 6.726 6.729 6.731 6.734 6.736 6.738 6.740 6.741 6.743 6.744 6.746 6.747 6.748 6.749 6.750 6.752 6.753 6.754 6.755 6.756 6.758 6.759 6.760 6.762 6.763 6.765 6.767 6.768 6.771 6.773 6.775 6.778 6.780 6.783 6.786 6.789 6.792 6.795 6.799 6.803 6.807 6.811 6.814 6.818 6.822 6.826 6.830 6.835 6.839 6.843 6.847 6.851 6.855 6.859 6.862 6.866 6.869 6.872 6.875 6.877 6.879 6.881 6.883 6.884 6.884 6.883 6.882 6.878 6.871 6.861 6.853 6.844 6.835 6.830
6.728 6.731 6.733 6.736 6.739 6.741 6.744 6.746 6.748 6.750 6.752 6.754 6.755 6.757 6.758 6.759 6.760 6.761 6.762 6.764 6.765 6.766 6.767 6.768 6.769 6.770 6.771 6.772 6.774 6.775 6.777 6.779 6.780 6.783 6.785 6.787 6.789 6.792 6.795 6.798 6.801 6.804 6.808 6.811 6.815 6.818 6.822 6.826 6.830 6.834 6.838 6.842 6.845 6.849 6.853 6.857 6.861 6.865 6.868 6.871 6.874 6.877 6.879 6.881 6.884 6.885 6.886 6.886 6.886 6.885 6.881 6.873 6.864 6.856 6.847 6.839 6.834
6.737 6.740 6.743 6.746 6.749 6.751 6.754 6.757 6.759 6.761 6.763 6.765 6.767 6.768 6.769 6.771 6.772 6.773 6.774 6.775 6.776 6.777 6.778 6.779 6.780 6.781 6.782 6.783 6.784 6.785 6.786 6.788 6.790 6.791 6.793 6.795 6.798 6.800 6.802 6.805 6.808 6.811 6.814 6.817 6.821 6.824 6.827 6.831 6.834 6.838 6.842 6.846 6.849 6.853 6.857 6.861 6.864 6.868 6.871 6.874 6.877 6.880 6.883 6.885 6.887 6.889 6.890 6.890 6.890 6.889 6.885 6.877 6.868 6.860 6.852 6.844 6.840
6.745 6.748 6.751 6.755 6.758 6.761 6.764 6.766 6.769 6.771 6.774 6.776 6.778 6.779 6.781 6.782 6.784 6.785 6.786 6.787 6.789 6.789 6.790 6.791 6.792 6.792 6.793 6.794 6.795 6.796 6.798 6.799 6.800 6.802 6.804 6.805 6.807 6.809 6.812 6.814 6.816 6.819 6.822 6.825 6.828 6.831 6.834 6.838 6.841 6.844 6.848 6.851 6.855 6.859 6.862 6.866 6.869 6.873 6.876 6.879 6.882 6.885 6.887 6.889 6.892 6.893 6.894 6.895 6.895 6.894 6.890 6.882 6.873 6.865 6.858 6.850 6.847
6.752 6.756 6.759 6.763 6.766 6.769 6.773 6.776 6.778 6.781 6.784 6.786 6.788 6.790 6.792 6.794 6.795 6.797 6.798 6.800 6.801 6.802 6.803 6.803 6.804 6.805 6.806 6.807 6.808 6.809 6.810 6.811 6.812 6.814 6.815 6.817 6.819 6.820 6.822 6.824 6.827 6.829 6.832 6.835 6.838 6.840 6.843 6.846 6.849 6.853 6.856 6.859 6.862 6.866 6.869 6.873 6.876 6.879 6.882 6.885 6.888 6.891 6.893 6.896 6.898 6.899 6.900 6.901 6.901 6.900 6.896 6.889 6.880 6.873 6.865 6.859 6.857
6.759 6.763 6.766 6.770 6.774 6.777 6.781 6.784 6.787 6.790 6.793 6.796 6.798 6.800 6.803 6.805 6.806 6.808 6.810 6.811 6.813 6.814 6.815 6.816 6.817 6.818 6.819 6.820 6.821 6.822 6.823 6.824 6.825 6.827 6.828 6.830 6.831 6.833 6.835 6.837 6.839 6.841 6.844 6.847 6.849 6.852 6.854 6.857 6.860 6.863 6.866 6.869 6.872 6.875 6.878 6.882 6.885 6.888 6.891 6.894 6.896 6.899 6.901 6.904 6.906 6.907 6.908 6.909 6.909 6.908 6.905 6.898 6.889 6.882 6.875 6.870 6.869
6.764 6.769 6.773 6.777 6.780 6.784 6.788 6.791 6.795 6.798 6.801 6.804 6.807 6.810 6.812 6.814 6.817 6.819 6.821 6.823 6.825 6.826 6.827 6.828 6.830 6.831 6.832 6.833 6.834 6.835 6.836 6.838 6.839 6.840 6.842 6.843 6.845 6.847 6.848 6.850 6.852 6.855 6.857 6.860 6.862 6.864 6.867 6.870 6.872 6.875 6.878 6.881 6.884 6.887 6.890 6.893 6.896 6.899 6.901 6.904 6.907 6.909 6.912 6.914 6.916 6.918 6.919 6.919 6.920 6.919 6.916 6.909 6.900 6.894 6.888 6.883 6.883
6.770 6.774 6.778 6.782 6.786 6.790 6.794 6.798 6.802 6.805 6.809 6.812 6.815 6.818 6.821 6.823 6.826 6.828 6.831 6.833 6.835 6.837 6.839 6.840 6.841 6.843 6.844 6.846 6.847 6.848 6.850 6.851 6.852 6.854 6.855 6.857 6.859 6.861 6.862 6.864 6.867 6.869 6.872 6.874 6.876 6.879 6.881 6.884 6.886 6.889 6.892 6.895 6.897 6.900 6.903 6.906 6.909 6.912 6.914 6.917 6.920 6.922 6.924 6.926 6.928 6.930 6.931 6.932 6.933 6.932 6.929 6.922 6.914 6.907 6.902 6.898 6.899
6.774 6.779 6.783 6.787 6.792 6.796 6.800 6.804 6.808 6.811 6.815 6.819 6.822 6.825 6.828 6.831 6.834 6.837 6.840 6.842 6.845 6.847 6.849 6.851 6.852 6.854 6.856 6.857 6.859 6.860 6.862 6.864 6.865 6.867 6.869 6.871 6.873 6.875 6.877 6.879 6.881 6.884 6.886 6.889 6.891 6.894 6.896 6.899 6.902 6.904 6.907 6.910 6.913 6.916 6.919 6.921 6.924 6.927 6.930 6.932 6.934 6.937 6.939 6.941 6.943 6.945 6.946 6.947 6.948 6.948 6.945 6.938 6.930 6.924 6.919 6.915 6.917
6.778 6.783 6.787 6.792 6.796 6.801 6.805 6.809 6.813 6.817 6.821 6.825 6.828 6.832 6.835 6.838 6.841 6.844 6.848 6.851 6.853 6.856 6.858 6.860 6.862 6.864 6.866 6.868 6.870 6.872 6.874 6.876 6.877 6.879 6.881 6.884 6.886 6.888 6.890 6.893 6.895 6.898 6.901 6.903 6.906 6.909 6.912 6.914 6.917 6.920 6.923 6.926 6.929 6.932 6.935 6.938 6.941 6.944 6.946 6.949 6.951 6.954 6.956 6.958 6.960 6.962 6.964 6.965 6.966 6.966 6.963 6.957 6.949 6.943 6.939 6.935 6.938
6.782 6.787 6.791 6.796 6.801 6.805 6.810 6.814 6.818 6.822 6.826 6.830 6.834 6.837 6.841 6.844 6.848 6.851 6.854 6.858 6.861 6.863 6.866 6.868 6.871 6.873 6.875 6.877 6.880 6.882 6.884 6.886 6.888 6.891 6.893 6.895 6.898 6.900 6.903 6.905 6.908 6.911 6.915 6.917 6.920 6.923 6.926 6.930 6.933 6.936 6.939 6.942 6.945 6.949 6.952 6.955 6.958 6.961 6.964 6.967 6.969 6.972 6.974 6.977 6.979 6.981 6.983 6.984 6.986 6.986 6.984 6.979 6.970 6.965 6.961 6.957 6.960
6.785 6.790 6.795 6.800 6.805 6.809 6.814 6.818 6.823 6.827 6.831 6.835 6.839 6.843 6.846 6.850 6.853 6.857 6.861 6.864 6.867 6.870 6.873 6.876 6.878 6.881 6.883 6.886 6.888 6.891 6.893 6.895 6.898 6.900 6.903 6.906 6.908 6.911 6.914 6.917 6.920 6.923 6.927 6.930 6.933 6.937 6.940 6.943 6.947 6.950 6.954 6.957 6.961 6.965 6.968 6.972 6.975 6.978 6.981 6.985 6.988 6.990 6.993 6.996 6.998 7.001 7.003 7.005 7.007 7.008 7.007 7.001 6.993 6.988 6.984 6.981 6.984
6.789 6.794 6.799 6.804 6.809 6.813 6.818 6.823 6.827 6.831 6.836 6.840 6.844 6.847 6.851 6.855 6.858 6.862 6.866 6.870 6.873 6.876 6.879 6.882 6.885 6.887 6.890 6.893 6.896 6.898 6.901 6.903 6.906 6.909 6.912 6.915 6.917 6.920 6.924 6.927 6.930 6.934 6.938 6.941 6.945 6.948 6.952 6.956 6.960 6.963 6.967 6.971 6.975 6.979 6.983 6.987 6.991 6.994 6.998 7.002 7.005 7.008 7.011 7.015 7.018 7.021 7.024 7.026 7.029 7.031 7.030 7.024 7.017 7.013 7.010 7.007 7.010
