version1/TsunamiDB/out54110.asc
ncols          264
nrows          230
xllcorner      497853.4375
yllcorner      4229146.0000
cellsize         5.
NODATA_value   -99
[rows 102 to 135 of 230, columns 0 to 76 of 264]
4.534 4.565 4.594 4.623 4.652 4.679 4.706 4.732 4.757 4.782 4.805 4.828 4.851 4.874 4.896 4.918 4.940 4.962 4.983 5.005 5.026 5.048 5.070 5.092 5.114 5.136 5.159 5.182 5.206 5.231 5.256 5.283 5.310 5.337 5.364 5.392 5.421 5.451 5.480 5.510 5.539 5.567 5.594 5.620 5.645 5.669 5.692 5.714 5.734 5.754 5.772 5.790 5.807 5.824 5.840 5.856 5.872 5.886 5.899 5.913 5.928 5.942 5.956 5.970 5.984 5.998 6.012 6.025 6.038 6.052 6.065 6.077 6.090 6.102 6.114 6.126 6.138
4.551 4.582 4.611 4.640 4.668 4.695 4.722 4.748 4.773 4.798 4.821 4.843 4.866 4.888 4.910 4.932 4.954 4.975 4.996 5.017 5.038 5.059 5.080 5.101 5.122 5.144 5.166 5.188 5.211 5.234 5.258 5.283 5.309 5.334 5.360 5.387 5.415 5.444 5.473 5.502 5.532 5.560 5.589 5.616 5.643 5.668 5.692 5.715 5.737 5.758 5.777 5.796 5.814 5.831 5.848 5.864 5.880 5.893 5.907 5.922 5.936 5.950 5.964 5.978 5.992 6.006 6.019 6.033 6.046 6.060 6.073 6.086 6.098 6.111 6.123 6.135 6.147
4.568 4.599 4.628 4.657 4.685 4.712 4.738 4.764 4.789 4.814 4.836 4.859 4.881 4.903 4.925 4.946 4.968 4.988 5.009 5.030 5.050 5.071 5.091 5.111 5.132 5.153 5.173 5.195 5.216 5.238 5.261 5.285 5.309 5.333 5.357 5.383 5.410 5.437 5.466 5.494 5.523 5.552 5.581 5.609 5.637 5.664 5.689 5.714 5.737 5.759 5.780 5.800 5.819 5.837 5.855 5.872 5.887 5.901 5.915 5.930 5.944 5.958 5.972 5.986 6.000 6.014 6.027 6.041 6.054 6.067 6.080 6.093 6.106 6.119 6.131 6.144 6.156
4.585 4.616 4.645 4.674 4.702 4.729 4.755 4.780 4.805 4.830 4.852 4.874 4.896 4.918 4.940 4.961 4.982 5.002 5.023 5.043 5.063 5.083 5.102 5.122 5.142 5.162 5.182 5.202 5.223 5.244 5.265 5.288 5.310 5.333 5.356 5.380 5.405 5.431 5.459 5.486 5.515 5.543 5.572 5.601 5.629 5.657 5.684 5.710 5.735 5.758 5.781 5.802 5.822 5.842 5.860 5.877 5.893 5.908 5.923 5.937 5.952 5.966 5.980 5.994 6.008 6.021 6.035 6.048 6.062 6.075 6.088 6.101 6.114 6.127 6.139 6.152 6.164
4.603 4.633 4.662 4.691 4.718 4.745 4.771 4.797 4.822 4.846 4.868 4.890 4.912 4.934 4.955 4.976 4.996 5.017 5.037 5.056 5.076 5.095 5.114 5.134 5.153 5.172 5.191 5.211 5.231 5.251 5.271 5.292 5.313 5.335 5.356 5.379 5.402 5.427 5.453 5.479 5.506 5.534 5.562 5.591 5.620 5.648 5.676 5.703 5.729 5.755 5.779 5.801 5.823 5.844 5.863 5.882 5.899 5.914 5.929 5.944 5.959 5.974 5.988 6.002 6.015 6.029 6.043 6.056 6.069 6.082 6.096 6.109 6.121 6.134 6.147 6.159 6.172
4.620 4.650 4.679 4.707 4.735 4.762 4.788 4.813 4.838 4.862 4.885 4.906 4.928 4.950 4.971 4.991 5.011 5.031 5.051 5.070 5.089 5.108 5.127 5.146 5.164 5.183 5.202 5.221 5.239 5.259 5.278 5.298 5.318 5.338 5.358 5.379 5.401 5.425 5.449 5.474 5.499 5.526 5.553 5.581 5.609 5.637 5.666 5.693 5.721 5.748 5.773 5.798 5.821 5.843 5.864 5.884 5.902 5.919 5.935 5.950 5.966 5.981 5.995 6.009 6.023 6.037 6.050 6.064 6.077 6.090 6.103 6.116 6.129 6.142 6.154 6.167 6.179
4.637 4.666 4.696 4.724 4.752 4.778 4.805 4.830 4.855 4.879 4.901 4.923 4.944 4.966 4.987 5.007 5.027 5.047 5.066 5.085 5.104 5.122 5.140 5.159 5.177 5.195 5.213 5.231 5.249 5.268 5.286 5.305 5.324 5.343 5.362 5.382 5.402 5.424 5.446 5.470 5.494 5.519 5.544 5.571 5.598 5.626 5.654 5.682 5.710 5.738 5.764 5.791 5.816 5.839 5.862 5.884 5.903 5.921 5.938 5.955 5.971 5.987 6.002 6.016 6.030 6.044 6.058 6.071 6.084 6.098 6.111 6.123 6.136 6.149 6.162 6.174 6.187
4.653 4.683 4.712 4.741 4.768 4.795 4.821 4.846 4.871 4.895 4.917 4.939 4.961 4.982 5.003 5.023 5.043 5.062 5.081 5.100 5.118 5.136 5.154 5.172 5.190 5.207 5.225 5.242 5.260 5.277 5.295 5.313 5.331 5.349 5.367 5.386 5.405 5.425 5.446 5.468 5.490 5.513 5.537 5.562 5.588 5.615 5.642 5.670 5.697 5.725 5.753 5.780 5.807 5.832 5.857 5.880 5.901 5.921 5.940 5.958 5.975 5.991 6.007 6.022 6.037 6.051 6.065 6.078 6.092 6.105 6.118 6.131 6.144 6.156 6.169 6.181 6.194
4.670 4.700 4.729 4.757 4.785 4.811 4.837 4.863 4.888 4.912 4.934 4.956 4.977 4.998 5.019 5.039 5.059 5.078 5.097 5.115 5.134 5.151 5.169 5.186 5.203 5.221 5.238 5.254 5.271 5.288 5.305 5.323 5.340 5.357 5.373 5.391 5.409 5.428 5.448 5.468 5.489 5.510 5.533 5.556 5.580 5.605 5.631 5.657 5.684 5.712 5.740 5.767 5.795 5.821 5.847 5.873 5.896 5.917 5.938 5.957 5.976 5.994 6.011 6.027 6.042 6.057 6.071 6.085 6.099 6.112 6.125 6.138 6.151 6.164 6.176 6.189 6.201
4.686 4.716 4.745 4.773 4.801 4.828 4.854 4.879 4.904 4.928 4.950 4.972 4.994 5.015 5.036 5.056 5.076 5.095 5.113 5.132 5.149 5.167 5.184 5.201 5.218 5.235 5.251 5.268 5.284 5.300 5.317 5.333 5.350 5.366 5.381 5.398 5.415 5.433 5.451 5.470 5.489 5.509 5.530 5.551 5.574 5.597 5.621 5.646 5.672 5.698 5.726 5.753 5.781 5.808 5.835 5.861 5.886 5.909 5.932 5.953 5.974 5.993 6.012 6.029 6.046 6.061 6.076 6.091 6.105 6.119 6.132 6.145 6.158 6.171 6.183 6.196 6.208
4.702 4.732 4.761 4.789 4.816 4.843 4.870 4.895 4.920 4.944 4.967 4.988 5.010 5.032 5.052 5.073 5.092 5.111 5.130 5.148 5.166 5.183 5.200 5.217 5.233 5.250 5.266 5.282 5.298 5.313 5.329 5.345 5.361 5.376 5.391 5.406 5.423 5.439 5.457 5.474 5.492 5.510 5.530 5.549 5.570 5.591 5.614 5.637 5.661 5.686 5.712 5.738 5.765 5.793 5.820 5.847 5.873 5.898 5.922 5.946 5.968 5.989 6.010 6.029 6.047 6.064 6.080 6.095 6.110 6.124 6.138 6.151 6.164 6.177 6.190 6.203 6.215
4.718 4.747 4.776 4.804 4.832 4.859 4.885 4.911 4.936 4.960 4.983 5.005 5.027 5.048 5.069 5.089 5.109 5.128 5.147 5.165 5.183 5.200 5.217 5.233 5.249 5.265 5.281 5.297 5.312 5.327 5.342 5.358 5.373 5.387 5.401 5.416 5.432 5.447 5.463 5.480 5.497 5.514 5.531 5.550 5.569 5.588 5.609 5.630 5.653 5.676 5.700 5.725 5.751 5.777 5.804 5.831 5.857 5.883 5.908 5.933 5.958 5.981 6.003 6.024 6.044 6.063 6.080 6.097 6.113 6.128 6.143 6.157 6.170 6.183 6.196 6.209 6.222
4.733 4.762 4.791 4.819 4.847 4.874 4.900 4.926 4.951 4.975 4.998 5.020 5.042 5.064 5.085 5.106 5.126 5.145 5.164 5.182 5.199 5.217 5.233 5.250 5.266 5.282 5.297 5.312 5.327 5.342 5.357 5.372 5.386 5.400 5.413 5.427 5.442 5.457 5.472 5.487 5.503 5.519 5.535 5.552 5.570 5.588 5.607 5.626 5.647 5.668 5.690 5.713 5.737 5.762 5.788 5.814 5.840 5.866 5.892 5.918 5.944 5.969 5.993 6.016 6.037 6.058 6.078 6.096 6.113 6.130 6.145 6.160 6.175 6.188 6.202 6.215 6.228
4.748 4.777 4.805 4.833 4.861 4.888 4.914 4.940 4.966 4.990 5.013 5.035 5.058 5.080 5.101 5.122 5.142 5.161 5.180 5.199 5.216 5.234 5.250 5.267 5.283 5.298 5.314 5.329 5.343 5.358 5.372 5.387 5.401 5.413 5.426 5.440 5.454 5.468 5.482 5.496 5.511 5.526 5.541 5.557 5.573 5.590 5.607 5.625 5.644 5.663 5.684 5.705 5.727 5.750 5.774 5.799 5.823 5.848 5.874 5.900 5.926 5.952 5.978 6.002 6.026 6.049 6.070 6.091 6.110 6.128 6.145 6.161 6.177 6.192 6.206 6.220 6.233
4.763 4.791 4.819 4.847 4.875 4.902 4.928 4.954 4.980 5.004 5.027 5.050 5.073 5.095 5.116 5.137 5.158 5.177 5.196 5.215 5.233 5.250 5.267 5.284 5.300 5.315 5.331 5.346 5.360 5.375 5.389 5.403 5.416 5.428 5.441 5.454 5.467 5.480 5.494 5.507 5.521 5.535 5.549 5.564 5.579 5.594 5.610 5.627 5.644 5.661 5.680 5.699 5.719 5.740 5.762 5.785 5.808 5.831 5.856 5.881 5.907 5.933 5.959 5.985 6.010 6.035 6.058 6.081 6.102 6.122 6.141 6.159 6.176 6.193 6.208 6.223 6.237
4.777 4.805 4.833 4.861 4.888 4.915 4.941 4.967 4.993 5.017 5.040 5.064 5.087 5.109 5.131 5.152 5.173 5.193 5.212 5.231 5.249 5.267 5.284 5.301 5.317 5.333 5.348 5.363 5.377 5.392 5.406 5.420 5.432 5.444 5.456 5.469 5.481 5.494 5.507 5.519 5.532 5.545 5.559 5.572 5.586 5.600 5.615 5.630 5.646 5.662 5.679 5.696 5.715 5.734 5.754 5.775 5.795 5.817 5.839 5.863 5.888 5.914 5.939 5.965 5.991 6.017 6.042 6.066 6.089 6.112 6.133 6.153 6.172 6.190 6.207 6.223 6.239
4.790 4.818 4.846 4.874 4.901 4.928 4.954 4.980 5.005 5.030 5.053 5.076 5.100 5.122 5.145 5.166 5.187 5.207 5.227 5.246 5.265 5.283 5.300 5.317 5.334 5.350 5.365 5.380 5.395 5.409 5.423 5.437 5.449 5.461 5.473 5.485 5.497 5.509 5.521 5.533 5.545 5.558 5.570 5.583 5.596 5.609 5.622 5.636 5.651 5.665 5.681 5.697 5.713 5.731 5.749 5.768 5.786 5.805 5.826 5.848 5.871 5.895 5.920 5.945 5.970 5.996 6.022 6.047 6.072 6.096 6.119 6.141 6.162 6.183 6.202 6.220 6.237
4.804 4.831 4.859 4.886 4.913 4.940 4.966 4.992 5.017 5.042 5.065 5.089 5.112 5.135 5.157 5.179 5.201 5.221 5.241 5.261 5.280 5.298 5.316 5.333 5.350 5.366 5.382 5.397 5.412 5.426 5.440 5.454 5.466 5.478 5.490 5.502 5.514 5.525 5.537 5.548 5.560 5.571 5.583 5.595 5.607 5.619 5.631 5.644 5.657 5.671 5.685 5.700 5.715 5.731 5.747 5.764 5.780 5.798 5.816 5.836 5.857 5.879 5.902 5.925 5.950 5.975 6.000 6.025 6.051 6.076 6.101 6.125 6.148 6.170 6.191 6.211 6.231
4.816 4.844 4.871 4.898 4.925 4.951 4.977 5.003 5.029 5.053 5.076 5.100 5.124 5.147 5.169 5.192 5.213 5.234 5.255 5.274 5.294 5.313 5.331 5.348 5.365 5.382 5.398 5.414 5.429 5.443 5.458 5.471 5.484 5.495 5.507 5.519 5.531 5.542 5.554 5.565 5.576 5.587 5.598 5.609 5.620 5.631 5.643 5.654 5.666 5.679 5.692 5.705 5.719 5.733 5.748 5.763 5.777 5.793 5.810 5.828 5.847 5.867 5.887 5.909 5.931 5.954 5.978 6.003 6.028 6.053 6.079 6.104 6.128 6.152 6.176 6.198 6.219
4.829 4.856 4.883 4.910 4.936 4.962 4.988 5.014 5.039 5.064 5.087 5.111 5.134 5.158 5.181 5.203 5.225 5.246 5.267 5.287 5.307 5.326 5.344 5.363 5.380 5.397 5.413 5.429 5.445 5.460 5.474 5.488 5.501 5.513 5.525 5.537 5.549 5.560 5.571 5.582 5.593 5.603 5.614 5.624 5.634 5.645 5.656 5.666 5.677 5.689 5.701 5.713 5.725 5.738 5.752 5.765 5.778 5.792 5.807 5.823 5.840 5.858 5.876 5.896 5.916 5.937 5.959 5.982 6.006 6.030 6.055 6.080 6.105 6.130 6.155 6.179 6.202
4.842 4.868 4.895 4.921 4.947 4.973 4.999 5.024 5.050 5.074 5.097 5.121 5.145 5.168 5.191 5.213 5.235 5.257 5.278 5.299 5.319 5.338 5.357 5.376 5.394 5.411 5.428 5.444 5.460 5.475 5.490 5.505 5.518 5.530 5.542 5.555 5.566 5.578 5.589 5.600 5.610 5.621 5.631 5.641 5.651 5.660 5.670 5.680 5.690 5.701 5.712 5.723 5.734 5.746 5.758 5.770 5.782 5.794 5.808 5.822 5.837 5.853 5.870 5.887 5.905 5.924 5.944 5.965 5.986 6.009 6.032 6.056 6.081 6.106 6.131 6.156 6.181
4.854 4.880 4.907 4.933 4.958 4.984 5.009 5.035 5.060 5.083 5.107 5.130 5.154 5.177 5.200 5.223 5.245 5.267 5.288 5.309 5.330 5.349 5.369 5.388 5.406 5.424 5.441 5.458 5.474 5.490 5.506 5.521 5.534 5.547 5.559 5.572 5.584 5.596 5.607 5.618 5.629 5.639 5.649 5.658 5.668 5.677 5.687 5.696 5.705 5.715 5.725 5.734 5.745 5.755 5.766 5.777 5.788 5.799 5.811 5.824 5.838 5.852 5.866 5.882 5.898 5.915 5.933 5.951 5.971 5.991 6.012 6.035 6.058 6.081 6.106 6.130 6.155
4.866 4.892 4.918 4.944 4.969 4.995 5.020 5.044 5.069 5.093 5.116 5.140 5.163 5.186 5.209 5.232 5.254 5.276 5.298 5.319 5.340 5.360 5.379 5.399 5.417 5.436 5.453 5.471 5.487 5.504 5.520 5.535 5.549 5.562 5.575 5.588 5.601 5.613 5.625 5.636 5.647 5.657 5.667 5.677 5.686 5.695 5.704 5.713 5.722 5.730 5.739 5.748 5.758 5.767 5.777 5.787 5.796 5.806 5.817 5.829 5.841 5.853 5.867 5.880 5.895 5.910 5.926 5.942 5.960 5.978 5.997 6.017 6.038 6.059 6.082 6.106 6.130
4.879 4.904 4.930 4.955 4.980 5.005 5.030 5.054 5.079 5.102 5.125 5.148 5.172 5.195 5.218 5.241 5.263 5.285 5.307 5.328 5.349 5.369 5.389 5.409 5.428 5.446 5.465 5.482 5.499 5.516 5.533 5.549 5.563 5.577 5.590 5.604 5.617 5.629 5.642 5.653 5.664 5.675 5.685 5.695 5.704 5.714 5.722 5.731 5.739 5.748 5.756 5.764 5.773 5.781 5.790 5.799 5.807 5.816 5.826 5.836 5.847 5.858 5.870 5.882 5.895 5.909 5.923 5.937 5.953 5.969 5.986 6.003 6.022 6.042 6.062 6.083 6.106
4.891 4.916 4.942 4.966 4.991 5.016 5.040 5.064 5.088 5.111 5.134 5.157 5.180 5.203 5.226 5.249 5.271 5.293 5.315 5.336 5.357 5.378 5.398 5.418 5.437 5.456 5.475 5.493 5.510 5.528 5.544 5.561 5.576 5.590 5.604 5.618 5.632 5.645 5.658 5.670 5.681 5.692 5.703 5.713 5.723 5.732 5.741 5.750 5.758 5.766 5.774 5.781 5.789 5.797 5.805 5.813 5.820 5.828 5.836 5.845 5.855 5.865 5.876 5.887 5.898 5.910 5.923 5.936 5.950 5.964 5.979 5.995 6.011 6.028 6.046 6.066 6.086
4.904 4.929 4.953 4.978 5.002 5.026 5.050 5.074 5.098 5.121 5.143 5.166 5.189 5.211 5.234 5.256 5.279 5.301 5.322 5.344 5.365 5.385 5.406 5.426 5.446 5.465 5.484 5.502 5.520 5.538 5.555 5.572 5.587 5.602 5.617 5.631 5.645 5.659 5.672 5.685 5.697 5.709 5.720 5.731 5.741 5.750 5.760 5.768 5.777 5.785 5.792 5.800 5.807 5.815 5.822 5.829 5.835 5.842 5.849 5.857 5.866 5.875 5.884 5.894 5.904 5.915 5.926 5.938 5.950 5.963 5.976 5.990 6.005 6.020 6.036 6.053 6.070
4.916 4.941 4.965 4.990 5.014 5.037 5.061 5.084 5.108 5.130 5.152 5.174 5.197 5.219 5.242 5.264 5.286 5.308 5.330 5.351 5.372 5.393 5.413 5.433 5.453 5.473 5.492 5.511 5.529 5.547 5.565 5.582 5.598 5.613 5.628 5.643 5.658 5.672 5.686 5.699 5.712 5.724 5.736 5.747 5.758 5.768 5.778 5.787 5.795 5.804 5.811 5.819 5.826 5.833 5.840 5.846 5.852 5.858 5.865 5.872 5.879 5.887 5.895 5.904 5.913 5.922 5.932 5.943 5.954 5.965 5.977 5.989 6.002 6.016 6.030 6.045 6.060
4.929 4.954 4.978 5.002 5.025 5.048 5.072 5.095 5.118 5.139 5.161 5.183 5.206 5.228 5.250 5.272 5.294 5.315 5.337 5.358 5.379 5.400 5.420 5.440 5.460 5.480 5.499 5.518 5.537 5.555 5.573 5.591 5.607 5.623 5.638 5.654 5.669 5.684 5.698 5.712 5.725 5.738 5.751 5.763 5.774 5.785 5.795 5.805 5.814 5.822 5.830 5.838 5.845 5.852 5.859 5.865 5.870 5.876 5.882 5.888 5.894 5.901 5.908 5.916 5.924 5.932 5.941 5.950 5.960 5.970 5.981 5.992 6.003 6.015 6.028 6.041 6.055
4.943 4.967 4.990 5.014 5.037 5.060 5.083 5.105 5.128 5.149 5.171 5.192 5.214 5.236 5.258 5.280 5.301 5.322 5.344 5.365 5.386 5.406 5.427 5.447 5.467 5.487 5.506 5.526 5.544 5.563 5.581 5.599 5.616 5.631 5.647 5.663 5.679 5.694 5.709 5.724 5.738 5.751 5.764 5.777 5.789 5.800 5.811 5.821 5.831 5.840 5.849 5.857 5.865 5.872 5.879 5.885 5.889 5.895 5.900 5.906 5.912 5.918 5.924 5.930 5.937 5.945 5.952 5.960 5.969 5.978 5.987 5.997 6.007 6.018 6.029 6.041 6.053
4.957 4.980 5.003 5.027 5.049 5.072 5.095 5.117 5.139 5.160 5.181 5.202 5.224 5.245 5.266 5.288 5.309 5.330 5.351 5.372 5.392 5.413 5.433 5.454 5.474 5.493 5.513 5.532 5.551 5.570 5.588 5.606 5.623 5.639 5.656 5.672 5.688 5.704 5.719 5.734 5.749 5.763 5.776 5.789 5.802 5.814 5.825 5.837 5.847 5.857 5.866 5.875 5.883 5.891 5.898 5.904 5.909 5.914 5.920 5.925 5.930 5.936 5.941 5.947 5.953 5.959 5.966 5.973 5.980 5.988 5.996 6.005 6.014 6.024 6.034 6.044 6.055
4.971 4.994 5.017 5.040 5.062 5.085 5.107 5.129 5.150 5.170 5.191 5.212 5.233 5.254 5.275 5.296 5.317 5.338 5.358 5.379 5.399 5.420 5.440 5.460 5.480 5.499 5.519 5.538 5.557 5.576 5.595 5.613 5.630 5.646 5.663 5.680 5.696 5.712 5.728 5.743 5.758 5.773 5.787 5.801 5.814 5.827 5.839 5.850 5.862 5.872 5.882 5.892 5.901 5.909 5.917 5.923 5.928 5.934 5.939 5.945 5.950 5.955 5.960 5.965 5.970 5.976 5.981 5.987 5.994 6.001 6.008 6.015 6.023 6.032 6.041 6.050 6.060
4.985 5.008 5.031 5.054 5.076 5.098 5.120 5.141 5.162 5.182 5.202 5.223 5.244 5.264 5.285 5.305 5.326 5.346 5.366 5.386 5.407 5.427 5.447 5.466 5.486 5.506 5.525 5.544 5.563 5.582 5.601 5.619 5.636 5.653 5.670 5.687 5.703 5.720 5.736 5.752 5.767 5.782 5.797 5.811 5.825 5.838 5.851 5.863 5.875 5.886 5.897 5.907 5.917 5.926 5.934 5.941 5.947 5.953 5.959 5.964 5.970 5.975 5.979 5.984 5.989 5.994 5.999 6.004 6.010 6.015 6.022 6.028 6.035 6.043 6.050 6.059 6.067
5.001 5.023 5.046 5.068 5.090 5.111 5.133 5.154 5.174 5.194 5.214 5.234 5.254 5.275 5.295 5.315 5.335 5.355 5.375 5.394 5.414 5.434 5.453 5.473 5.493 5.512 5.531 5.550 5.569 5.588 5.607 5.625 5.642 5.659 5.676 5.693 5.710 5.727 5.743 5.759 5.775 5.790 5.805 5.820 5.834 5.848 5.861 5.874 5.887 5.899 5.910 5.921 5.932 5.941 5.951 5.958 5.965 5.971 5.978 5.984 5.989 5.995 6.000 6.004 6.009 6.013 6.018 6.022 6.027 6.032 6.038 6.043 6.049 6.056 6.063 6.070 6.077
5.016 5.039 5.061 5.083 5.104 5.126 5.147 5.168 5.187 5.206 5.226 5.246 5.266 5.286 5.306 5.325 5.345 5.364 5.384 5.403 5.422 5.442 5.461 5.480 5.499 5.518 5.537 5.556 5.575 5.594 5.613 5.631 5.648 5.665 5.682 5.699 5.716 5.733 5.750 5.766 5.782 5.798 5.813 5.828 5.843 5.857 5.871 5.884 5.897 5.910 5.922 5.934 5.945 5.956 5.966 5.974 5.981 5.988 5.996 6.002 6.008 6.014 6.019 6.024 6.029 6.033 6.038 6.042 6.046 6.051 6.055 6.060 6.065 6.071 6.077 6.083 6.090
