version1/TsunamiDB/out54140.asc
ncols          264
nrows          230
xllcorner      497853.4375
yllcorner      4229146.0000
cellsize         5.
NODATA_value   -99
[rows 34 to 67 of 230, columns 0 to 76 of 264]
4.896 4.917 4.939 4.960 4.981 5.002 5.022 5.042 5.062 5.082 5.101 5.121 5.140 5.159 5.177 5.194 5.212 5.229 5.247 5.264 5.281 5.298 5.314 5.330 5.346 5.362 5.377 5.392 5.407 5.421 5.435 5.449 5.463 5.476 5.489 5.502 5.515 5.527 5.537 5.548 5.559 5.570 5.581 5.593 5.604 5.614 5.625 5.636 5.647 5.658 5.668 5.679 5.690 5.701 5.712 5.723 5.734 5.745 5.756 5.767 5.778 5.788 5.798 5.808 5.818 5.828 5.839 5.849 5.859 5.869 5.880 5.890 5.900 5.910 5.919 5.929 5.939
4.908 4.929 4.951 4.972 4.992 5.013 5.033 5.053 5.073 5.092 5.112 5.131 5.150 5.169 5.187 5.204 5.221 5.239 5.256 5.273 5.291 5.307 5.324 5.340 5.356 5.372 5.387 5.402 5.417 5.431 5.446 5.460 5.473 5.487 5.500 5.513 5.526 5.537 5.548 5.559 5.570 5.581 5.592 5.603 5.614 5.624 5.635 5.646 5.656 5.667 5.677 5.688 5.698 5.709 5.720 5.730 5.741 5.752 5.763 5.774 5.785 5.794 5.804 5.814 5.824 5.834 5.844 5.855 5.865 5.875 5.885 5.895 5.905 5.915 5.925 5.935 5.944
4.919 4.941 4.962 4.983 5.004 5.024 5.044 5.064 5.083 5.103 5.122 5.141 5.160 5.179 5.196 5.213 5.231 5.248 5.266 5.283 5.300 5.317 5.333 5.349 5.365 5.381 5.397 5.412 5.427 5.441 5.456 5.470 5.483 5.497 5.510 5.523 5.536 5.548 5.559 5.569 5.580 5.591 5.602 5.613 5.624 5.635 5.645 5.655 5.666 5.676 5.686 5.697 5.707 5.717 5.728 5.738 5.749 5.759 5.770 5.781 5.791 5.801 5.810 5.820 5.830 5.840 5.850 5.860 5.871 5.881 5.891 5.901 5.911 5.921 5.931 5.941 5.950
4.931 4.952 4.973 4.994 5.015 5.035 5.055 5.074 5.094 5.113 5.132 5.151 5.170 5.188 5.206 5.223 5.240 5.257 5.275 5.292 5.309 5.325 5.342 5.358 5.374 5.390 5.406 5.421 5.436 5.451 5.465 5.479 5.493 5.507 5.520 5.533 5.546 5.558 5.569 5.580 5.591 5.602 5.613 5.624 5.634 5.645 5.655 5.665 5.676 5.686 5.696 5.706 5.716 5.726 5.736 5.747 5.757 5.767 5.778 5.788 5.798 5.807 5.817 5.826 5.836 5.846 5.856 5.866 5.876 5.886 5.897 5.907 5.917 5.926 5.936 5.946 5.956
4.943 4.964 4.985 5.005 5.026 5.045 5.065 5.085 5.104 5.123 5.142 5.161 5.179 5.198 5.215 5.232 5.249 5.266 5.283 5.300 5.317 5.334 5.351 5.367 5.383 5.399 5.414 5.430 5.445 5.460 5.474 5.488 5.502 5.516 5.530 5.543 5.556 5.568 5.579 5.590 5.601 5.612 5.623 5.634 5.645 5.655 5.665 5.676 5.686 5.696 5.706 5.716 5.725 5.735 5.745 5.755 5.765 5.775 5.785 5.796 5.805 5.814 5.824 5.833 5.843 5.852 5.862 5.872 5.882 5.892 5.902 5.912 5.922 5.932 5.942 5.952 5.961
4.954 4.975 4.996 5.016 5.036 5.056 5.076 5.095 5.114 5.133 5.152 5.170 5.189 5.207 5.224 5.241 5.258 5.275 5.292 5.309 5.326 5.342 5.359 5.375 5.391 5.407 5.423 5.438 5.453 5.468 5.483 5.497 5.511 5.525 5.539 5.552 5.565 5.577 5.588 5.600 5.611 5.622 5.633 5.644 5.655 5.665 5.675 5.686 5.696 5.706 5.715 5.725 5.735 5.745 5.754 5.764 5.774 5.784 5.793 5.804 5.813 5.822 5.831 5.840 5.849 5.859 5.869 5.878 5.888 5.898 5.908 5.918 5.928 5.937 5.947 5.957 5.967
4.965 4.986 5.007 5.027 5.047 5.067 5.086 5.106 5.124 5.143 5.162 5.180 5.198 5.216 5.233 5.250 5.267 5.284 5.300 5.317 5.334 5.351 5.367 5.383 5.399 5.415 5.431 5.446 5.461 5.476 5.491 5.505 5.519 5.533 5.547 5.561 5.574 5.586 5.597 5.609 5.620 5.632 5.643 5.654 5.664 5.675 5.685 5.696 5.706 5.716 5.725 5.735 5.745 5.754 5.764 5.773 5.783 5.792 5.802 5.812 5.821 5.829 5.838 5.847 5.856 5.866 5.875 5.885 5.894 5.904 5.914 5.924 5.933 5.943 5.953 5.962 5.972
4.976 4.997 5.018 5.038 5.058 5.078 5.097 5.116 5.135 5.153 5.172 5.190 5.208 5.226 5.242 5.259 5.275 5.292 5.309 5.326 5.342 5.359 5.375 5.391 5.407 5.423 5.438 5.453 5.469 5.484 5.498 5.513 5.527 5.541 5.555 5.569 5.582 5.595 5.606 5.618 5.629 5.641 5.652 5.663 5.674 5.685 5.695 5.705 5.715 5.725 5.735 5.745 5.754 5.764 5.773 5.782 5.792 5.801 5.810 5.820 5.829 5.837 5.846 5.855 5.864 5.873 5.882 5.891 5.901 5.910 5.920 5.930 5.939 5.949 5.958 5.968 5.978
4.987 5.008 5.029 5.049 5.069 5.088 5.107 5.126 5.145 5.163 5.182 5.200 5.217 5.235 5.252 5.268 5.284 5.301 5.317 5.334 5.350 5.367 5.383 5.399 5.414 5.430 5.446 5.461 5.476 5.491 5.506 5.520 5.535 5.549 5.563 5.576 5.590 5.602 5.614 5.626 5.637 5.649 5.661 5.672 5.683 5.694 5.704 5.715 5.725 5.735 5.745 5.754 5.764 5.773 5.782 5.792 5.801 5.810 5.819 5.829 5.838 5.846 5.854 5.862 5.871 5.880 5.889 5.898 5.908 5.917 5.926 5.936 5.945 5.955 5.964 5.974 5.983
4.998 5.019 5.040 5.060 5.080 5.099 5.118 5.137 5.155 5.174 5.192 5.209 5.227 5.244 5.261 5.277 5.293 5.309 5.326 5.342 5.358 5.375 5.390 5.406 5.422 5.437 5.453 5.468 5.483 5.498 5.513 5.527 5.542 5.556 5.570 5.584 5.597 5.610 5.622 5.633 5.645 5.657 5.669 5.680 5.691 5.702 5.713 5.724 5.734 5.744 5.754 5.763 5.773 5.782 5.792 5.801 5.810 5.819 5.828 5.837 5.846 5.854 5.862 5.870 5.879 5.887 5.896 5.905 5.914 5.923 5.933 5.942 5.951 5.961 5.970 5.979 5.989
5.009 5.030 5.050 5.070 5.090 5.109 5.128 5.147 5.166 5.184 5.202 5.219 5.237 5.254 5.270 5.286 5.302 5.318 5.335 5.351 5.367 5.383 5.398 5.414 5.430 5.445 5.460 5.475 5.490 5.505 5.520 5.534 5.549 5.563 5.577 5.591 5.604 5.617 5.629 5.641 5.653 5.665 5.676 5.688 5.699 5.710 5.721 5.732 5.742 5.753 5.762 5.772 5.782 5.791 5.801 5.810 5.819 5.828 5.837 5.846 5.855 5.862 5.870 5.878 5.887 5.895 5.904 5.913 5.921 5.930 5.939 5.948 5.958 5.967 5.976 5.985 5.994
5.019 5.040 5.061 5.081 5.101 5.120 5.139 5.157 5.176 5.194 5.212 5.229 5.247 5.264 5.280 5.295 5.311 5.327 5.343 5.359 5.375 5.391 5.406 5.422 5.437 5.452 5.467 5.482 5.497 5.512 5.526 5.541 5.555 5.569 5.583 5.597 5.611 5.624 5.635 5.647 5.660 5.672 5.684 5.695 5.707 5.718 5.729 5.740 5.750 5.761 5.771 5.781 5.790 5.800 5.809 5.819 5.828 5.837 5.846 5.855 5.863 5.871 5.879 5.887 5.895 5.903 5.911 5.920 5.929 5.937 5.946 5.955 5.964 5.973 5.982 5.991 6.000
5.030 5.051 5.071 5.091 5.111 5.130 5.149 5.168 5.186 5.204 5.222 5.239 5.257 5.274 5.289 5.305 5.320 5.336 5.352 5.368 5.384 5.399 5.415 5.430 5.445 5.460 5.475 5.490 5.504 5.519 5.533 5.548 5.562 5.576 5.590 5.604 5.617 5.630 5.642 5.654 5.666 5.678 5.690 5.702 5.714 5.725 5.736 5.747 5.758 5.768 5.779 5.789 5.799 5.808 5.818 5.827 5.836 5.845 5.854 5.864 5.872 5.879 5.887 5.895 5.903 5.911 5.919 5.928 5.936 5.945 5.953 5.962 5.971 5.979 5.988 5.997 6.006
5.040 5.061 5.081 5.101 5.121 5.140 5.159 5.178 5.196 5.214 5.232 5.250 5.267 5.283 5.298 5.314 5.330 5.346 5.361 5.377 5.392 5.408 5.423 5.438 5.453 5.468 5.483 5.497 5.512 5.526 5.540 5.555 5.569 5.583 5.597 5.610 5.624 5.636 5.648 5.660 5.672 5.685 5.697 5.709 5.720 5.732 5.743 5.754 5.765 5.776 5.786 5.796 5.806 5.816 5.826 5.835 5.845 5.854 5.863 5.872 5.880 5.888 5.895 5.903 5.911 5.919 5.927 5.935 5.943 5.952 5.960 5.969 5.977 5.986 5.995 6.003 6.012
5.049 5.070 5.091 5.111 5.131 5.151 5.169 5.188 5.206 5.224 5.242 5.260 5.277 5.293 5.308 5.324 5.339 5.355 5.371 5.386 5.401 5.416 5.431 5.446 5.461 5.476 5.490 5.505 5.519 5.533 5.547 5.561 5.575 5.589 5.603 5.617 5.630 5.643 5.654 5.666 5.679 5.691 5.703 5.715 5.727 5.738 5.750 5.761 5.772 5.783 5.793 5.804 5.814 5.824 5.833 5.843 5.852 5.862 5.871 5.880 5.888 5.896 5.903 5.911 5.919 5.927 5.935 5.943 5.951 5.959 5.967 5.976 5.984 5.993 6.001 6.010 6.018
5.059 5.080 5.101 5.121 5.141 5.160 5.179 5.198 5.216 5.234 5.252 5.269 5.287 5.303 5.318 5.333 5.349 5.364 5.380 5.395 5.410 5.425 5.440 5.455 5.470 5.484 5.498 5.513 5.527 5.541 5.555 5.569 5.582 5.596 5.610 5.624 5.637 5.649 5.660 5.673 5.685 5.697 5.709 5.721 5.733 5.744 5.756 5.767 5.778 5.789 5.800 5.810 5.821 5.831 5.840 5.850 5.860 5.869 5.879 5.888 5.896 5.903 5.911 5.919 5.927 5.934 5.942 5.950 5.959 5.967 5.975 5.983 5.991 5.999 6.008 6.016 6.025
5.068 5.089 5.110 5.130 5.150 5.170 5.189 5.208 5.226 5.244 5.262 5.279 5.296 5.312 5.327 5.343 5.358 5.374 5.389 5.405 5.420 5.434 5.449 5.464 5.478 5.492 5.507 5.521 5.535 5.549 5.562 5.576 5.590 5.603 5.617 5.631 5.643 5.655 5.667 5.679 5.691 5.703 5.715 5.727 5.739 5.750 5.762 5.773 5.784 5.795 5.806 5.817 5.827 5.837 5.847 5.857 5.867 5.876 5.886 5.895 5.903 5.911 5.919 5.926 5.934 5.942 5.950 5.958 5.966 5.974 5.982 5.990 5.998 6.006 6.014 6.023 6.031
5.077 5.098 5.119 5.139 5.159 5.179 5.198 5.217 5.235 5.253 5.271 5.289 5.306 5.322 5.337 5.353 5.368 5.383 5.399 5.414 5.429 5.444 5.458 5.473 5.487 5.501 5.515 5.529 5.543 5.557 5.570 5.584 5.597 5.611 5.624 5.637 5.650 5.661 5.673 5.685 5.697 5.709 5.721 5.733 5.745 5.756 5.768 5.779 5.790 5.801 5.812 5.823 5.833 5.844 5.854 5.864 5.874 5.883 5.893 5.902 5.911 5.918 5.926 5.934 5.942 5.950 5.957 5.965 5.973 5.981 5.989 5.997 6.005 6.013 6.021 6.029 6.037
5.085 5.107 5.128 5.148 5.168 5.188 5.207 5.226 5.245 5.263 5.280 5.298 5.315 5.331 5.346 5.362 5.377 5.393 5.408 5.423 5.438 5.453 5.467 5.482 5.496 5.510 5.524 5.538 5.551 5.565 5.578 5.592 5.605 5.618 5.631 5.645 5.657 5.668 5.680 5.692 5.704 5.715 5.727 5.739 5.751 5.762 5.774 5.785 5.796 5.807 5.818 5.829 5.839 5.850 5.860 5.870 5.880 5.890 5.900 5.909 5.917 5.925 5.933 5.941 5.949 5.957 5.965 5.973 5.980 5.988 5.996 6.004 6.012 6.020 6.028 6.036 6.044
5.094 5.115 5.136 5.157 5.177 5.196 5.216 5.235 5.253 5.272 5.289 5.307 5.324 5.340 5.356 5.371 5.387 5.402 5.417 5.432 5.447 5.462 5.476 5.491 5.505 5.519 5.533 5.546 5.560 5.573 5.587 5.600 5.613 5.626 5.639 5.652 5.664 5.675 5.687 5.698 5.710 5.722 5.734 5.745 5.757 5.768 5.780 5.791 5.802 5.813 5.824 5.835 5.845 5.856 5.866 5.876 5.886 5.896 5.906 5.915 5.923 5.931 5.939 5.947 5.956 5.964 5.972 5.980 5.987 5.995 6.003 6.011 6.019 6.027 6.035 6.042 6.050
5.102 5.123 5.144 5.165 5.185 5.205 5.224 5.243 5.262 5.280 5.298 5.316 5.333 5.349 5.365 5.380 5.396 5.411 5.426 5.442 5.456 5.471 5.485 5.500 5.514 5.528 5.541 5.555 5.568 5.582 5.595 5.608 5.621 5.634 5.647 5.660 5.672 5.683 5.694 5.706 5.717 5.729 5.740 5.752 5.763 5.775 5.786 5.797 5.808 5.819 5.830 5.840 5.851 5.861 5.872 5.882 5.892 5.902 5.912 5.921 5.929 5.938 5.946 5.954 5.962 5.970 5.978 5.986 5.994 6.002 6.010 6.018 6.026 6.033 6.041 6.049 6.057
5.110 5.131 5.152 5.173 5.193 5.213 5.232 5.251 5.270 5.289 5.307 5.324 5.342 5.358 5.373 5.389 5.405 5.420 5.435 5.450 5.465 5.480 5.494 5.509 5.523 5.537 5.550 5.564 5.577 5.590 5.604 5.616 5.629 5.642 5.655 5.667 5.679 5.690 5.701 5.713 5.724 5.736 5.747 5.758 5.770 5.781 5.792 5.803 5.814 5.825 5.836 5.846 5.857 5.867 5.878 5.888 5.898 5.908 5.918 5.927 5.935 5.944 5.952 5.960 5.968 5.977 5.985 5.993 6.001 6.009 6.017 6.024 6.032 6.040 6.048 6.055 6.063
5.118 5.139 5.160 5.181 5.201 5.221 5.240 5.259 5.278 5.297 5.315 5.333 5.350 5.366 5.382 5.398 5.413 5.429 5.444 5.459 5.474 5.489 5.503 5.517 5.532 5.545 5.559 5.573 5.586 5.599 5.612 5.625 5.638 5.650 5.663 5.676 5.687 5.698 5.709 5.720 5.732 5.743 5.754 5.765 5.777 5.788 5.799 5.810 5.820 5.831 5.842 5.852 5.863 5.873 5.883 5.894 5.904 5.914 5.924 5.933 5.941 5.950 5.958 5.966 5.975 5.983 5.991 5.999 6.007 6.015 6.023 6.031 6.039 6.046 6.054 6.062 6.070
5.127 5.148 5.168 5.189 5.209 5.229 5.248 5.267 5.286 5.305 5.323 5.341 5.358 5.375 5.390 5.406 5.421 5.437 5.452 5.468 5.483 5.497 5.512 5.526 5.540 5.554 5.568 5.581 5.594 5.608 5.621 5.633 5.646 5.659 5.671 5.684 5.695 5.706 5.717 5.728 5.739 5.750 5.762 5.773 5.784 5.795 5.805 5.816 5.827 5.837 5.848 5.858 5.869 5.879 5.889 5.899 5.909 5.919 5.929 5.939 5.947 5.955 5.964 5.972 5.980 5.989 5.997 6.005 6.013 6.021 6.029 6.037 6.045 6.053 6.060 6.068 6.076
5.135 5.156 5.176 5.197 5.217 5.237 5.256 5.275 5.294 5.313 5.331 5.349 5.366 5.382 5.398 5.414 5.430 5.445 5.461 5.476 5.491 5.506 5.520 5.534 5.549 5.562 5.576 5.590 5.603 5.616 5.629 5.642 5.655 5.667 5.680 5.692 5.704 5.714 5.725 5.736 5.747 5.758 5.769 5.780 5.791 5.802 5.812 5.823 5.834 5.844 5.854 5.865 5.875 5.885 5.895 5.905 5.915 5.925 5.935 5.944 5.953 5.961 5.969 5.978 5.986 5.995 6.003 6.011 6.019 6.027 6.035 6.043 6.051 6.059 6.066 6.074 6.082
5.144 5.165 5.185 5.205 5.225 5.245 5.264 5.283 5.302 5.320 5.339 5.356 5.374 5.390 5.406 5.422 5.437 5.453 5.469 5.484 5.499 5.514 5.528 5.543 5.557 5.571 5.584 5.598 5.611 5.624 5.637 5.650 5.663 5.676 5.688 5.700 5.712 5.723 5.733 5.744 5.755 5.766 5.777 5.788 5.799 5.809 5.820 5.830 5.841 5.851 5.861 5.871 5.881 5.891 5.901 5.911 5.921 5.931 5.941 5.950 5.958 5.967 5.975 5.984 5.992 6.000 6.009 6.017 6.025 6.033 6.041 6.049 6.057 6.065 6.073 6.080 6.088
5.153 5.174 5.194 5.214 5.233 5.253 5.272 5.291 5.310 5.328 5.346 5.364 5.382 5.398 5.414 5.429 5.445 5.461 5.476 5.492 5.507 5.522 5.536 5.550 5.565 5.579 5.592 5.606 5.619 5.632 5.645 5.658 5.671 5.684 5.696 5.709 5.720 5.731 5.742 5.752 5.763 5.774 5.785 5.796 5.806 5.817 5.827 5.838 5.848 5.858 5.868 5.878 5.888 5.898 5.908 5.918 5.927 5.937 5.947 5.956 5.964 5.973 5.981 5.989 5.998 6.006 6.015 6.023 6.031 6.039 6.047 6.055 6.063 6.071 6.078 6.086 6.094
5.163 5.183 5.203 5.223 5.242 5.261 5.280 5.299 5.318 5.336 5.354 5.372 5.390 5.406 5.421 5.437 5.453 5.469 5.484 5.499 5.514 5.529 5.544 5.558 5.572 5.586 5.600 5.614 5.627 5.640 5.653 5.666 5.679 5.692 5.704 5.717 5.728 5.739 5.750 5.760 5.771 5.782 5.793 5.804 5.814 5.825 5.835 5.845 5.855 5.865 5.875 5.885 5.895 5.905 5.914 5.924 5.934 5.943 5.953 5.962 5.970 5.978 5.987 5.995 6.004 6.012 6.020 6.029 6.037 6.045 6.053 6.061 6.069 6.077 6.084 6.092 6.100
5.173 5.193 5.213 5.232 5.251 5.270 5.289 5.308 5.326 5.345 5.363 5.380 5.398 5.413 5.429 5.445 5.461 5.476 5.492 5.507 5.522 5.537 5.551 5.566 5.580 5.594 5.608 5.621 5.635 5.648 5.661 5.674 5.687 5.700 5.712 5.725 5.736 5.747 5.758 5.768 5.779 5.790 5.801 5.812 5.822 5.833 5.843 5.853 5.863 5.873 5.883 5.892 5.902 5.912 5.921 5.931 5.940 5.950 5.959 5.968 5.976 5.984 5.993 6.001 6.009 6.018 6.026 6.034 6.043 6.051 6.059 6.067 6.075 6.082 6.090 6.098 6.105
5.184 5.203 5.223 5.242 5.261 5.280 5.298 5.317 5.335 5.353 5.371 5.389 5.406 5.421 5.437 5.453 5.469 5.484 5.500 5.515 5.530 5.544 5.559 5.573 5.587 5.601 5.615 5.629 5.642 5.655 5.669 5.682 5.694 5.707 5.720 5.732 5.744 5.754 5.765 5.776 5.787 5.798 5.809 5.820 5.830 5.840 5.851 5.861 5.871 5.880 5.890 5.900 5.909 5.919 5.928 5.938 5.947 5.957 5.966 5.975 5.983 5.991 5.999 6.007 6.015 6.024 6.032 6.040 6.048 6.056 6.064 6.072 6.080 6.088 6.096 6.103 6.111
5.195 5.214 5.233 5.252 5.271 5.290 5.308 5.326 5.344 5.362 5.380 5.398 5.414 5.430 5.445 5.461 5.477 5.492 5.508 5.523 5.538 5.552 5.567 5.581 5.595 5.609 5.623 5.636 5.649 5.663 5.676 5.689 5.702 5.715 5.727 5.740 5.751 5.762 5.773 5.784 5.795 5.806 5.817 5.827 5.838 5.848 5.858 5.868 5.878 5.888 5.898 5.907 5.917 5.926 5.936 5.945 5.954 5.964 5.973 5.981 5.989 5.997 6.005 6.013 6.021 6.030 6.038 6.046 6.054 6.062 6.070 6.078 6.086 6.094 6.101 6.109 6.117
5.206 5.225 5.244 5.263 5.281 5.300 5.318 5.336 5.354 5.372 5.390 5.407 5.423 5.439 5.454 5.470 5.485 5.501 5.516 5.531 5.546 5.560 5.575 5.589 5.603 5.616 5.630 5.644 5.657 5.670 5.683 5.696 5.709 5.722 5.735 5.747 5.758 5.769 5.780 5.791 5.802 5.813 5.824 5.835 5.845 5.856 5.866 5.876 5.886 5.896 5.906 5.915 5.924 5.934 5.943 5.952 5.962 5.971 5.980 5.988 5.996 6.004 6.012 6.020 6.028 6.036 6.044 6.052 6.060 6.068 6.076 6.084 6.092 6.100 6.107 6.115 6.122
5.218 5.236 5.255 5.274 5.292 5.311 5.329 5.347 5.364 5.382 5.399 5.417 5.433 5.448 5.463 5.479 5.494 5.510 5.525 5.540 5.554 5.569 5.583 5.597 5.611 5.624 5.638 5.651 5.664 5.677 5.690 5.703 5.716 5.729 5.742 5.754 5.765 5.776 5.787 5.798 5.810 5.821 5.832 5.842 5.853 5.863 5.874 5.884 5.894 5.904 5.913 5.923 5.932 5.941 5.951 5.960 5.969 5.978 5.987 5.995 6.003 6.010 6.018 6.026 6.034 6.042 6.050 6.058 6.066 6.074 6.082 6.090 6.098 6.105 6.113 6.121 6.128
5.229 5.248 5.267 5.285 5.303 5.321 5.339 5.357 5.375 5.392 5.409 5.427 5.443 5.458 5.473 5.489 5.504 5.519 5.534 5.549 5.563 5.577 5.591 5.605 5.619 5.632 5.646 5.659 5.672 5.685 5.698 5.711 5.724 5.736 5.749 5.761 5.772 5.783 5.794 5.805 5.817 5.828 5.839 5.850 5.860 5.871 5.881 5.891 5.901 5.911 5.921 5.930 5.940 5.949 5.958 5.967 5.976 5.986 5.995 6.002 6.010 6.017 6.025 6.033 6.041 6.049 6.057 6.065 6.073 6.081 6.088 6.096 6.104 6.111 6.119 6.126 6.134
