version1/TsunamiDB/out54010.asc
ncols          264
nrows          230
xllcorner      497853.4375
yllcorner      4229146.0000
cellsize         5.
NODATA_value   -99
[rows 186 to 216 of 230, columns 140 to 209 of 264]
1.868 2.129 2.467 2.853 3.248 3.612 3.911 4.144 4.322 4.461 4.571 4.664 4.745 4.819 4.889 4.956 5.020 5.079 5.132 5.177 5.212 5.239 5.262 5.283 5.306 5.335 5.382 5.445 5.508 5.589 5.691 5.795 5.904 6.012 6.117 6.219 6.288 6.316 6.420 6.545 6.600 6.633 6.657 6.676 6.682 6.671 6.644 6.594 6.630 6.737 6.798 6.819 6.809 6.776 6.726 6.667 6.591 6.479 6.433 6.471 6.494 6.497 6.477 6.438 6.378 6.289 6.187 6.086 6.037 6.048
1.965 2.260 2.623 3.019 3.410 3.751 4.023 4.231 4.391 4.516 4.617 4.704 4.782 4.855 4.924 4.991 5.055 5.115 5.168 5.213 5.248 5.274 5.296 5.317 5.342 5.376 5.425 5.483 5.542 5.617 5.713 5.817 5.926 6.039 6.149 6.241 6.300 6.333 6.438 6.561 6.616 6.650 6.673 6.692 6.700 6.693 6.671 6.622 6.658 6.769 6.837 6.865 6.859 6.831 6.785 6.721 6.634 6.512 6.454 6.480 6.496 6.491 6.462 6.414 6.343 6.250 6.156 6.061 6.016 6.032
2.073 2.399 2.781 3.183 3.562 3.878 4.123 4.310 4.453 4.566 4.660 4.743 4.819 4.890 4.959 5.026 5.090 5.150 5.203 5.249 5.286 5.313 5.336 5.359 5.390 5.431 5.480 5.536 5.589 5.656 5.744 5.842 5.949 6.063 6.169 6.253 6.314 6.350 6.455 6.578 6.636 6.667 6.688 6.708 6.718 6.716 6.700 6.651 6.687 6.804 6.879 6.911 6.910 6.887 6.839 6.767 6.671 6.537 6.467 6.483 6.491 6.477 6.439 6.380 6.302 6.215 6.130 6.042 6.003 6.025
2.191 2.543 2.939 3.339 3.703 3.994 4.215 4.382 4.511 4.614 4.701 4.780 4.854 4.924 4.993 5.059 5.122 5.182 5.236 5.284 5.323 5.353 5.380 5.409 5.446 5.492 5.544 5.598 5.646 5.703 5.780 5.867 5.970 6.078 6.181 6.266 6.330 6.369 6.475 6.601 6.657 6.685 6.705 6.724 6.737 6.741 6.729 6.681 6.720 6.843 6.920 6.957 6.960 6.937 6.885 6.806 6.700 6.555 6.473 6.479 6.476 6.454 6.407 6.341 6.265 6.186 6.110 6.030 5.998 6.027
2.318 2.692 3.096 3.492 3.835 4.101 4.300 4.450 4.565 4.659 4.741 4.817 4.888 4.957 5.024 5.089 5.151 5.210 5.265 5.314 5.356 5.392 5.426 5.463 5.507 5.558 5.612 5.665 5.709 5.756 5.819 5.896 5.987 6.090 6.194 6.284 6.352 6.393 6.498 6.624 6.680 6.707 6.723 6.741 6.757 6.766 6.761 6.716 6.755 6.880 6.960 7.000 7.004 6.979 6.923 6.836 6.719 6.564 6.472 6.466 6.454 6.423 6.370 6.304 6.233 6.163 6.098 6.026 6.000 6.034
2.454 2.843 3.250 3.636 3.958 4.201 4.380 4.514 4.618 4.705 4.782 4.853 4.922 4.988 5.052 5.114 5.175 5.233 5.288 5.339 5.386 5.431 5.473 5.518 5.569 5.625 5.681 5.733 5.773 5.812 5.864 5.927 6.006 6.104 6.209 6.306 6.380 6.418 6.522 6.650 6.708 6.731 6.741 6.759 6.777 6.793 6.795 6.750 6.789 6.915 6.998 7.038 7.040 7.013 6.951 6.855 6.729 6.564 6.461 6.444 6.424 6.387 6.334 6.271 6.207 6.148 6.094 6.029 6.008 6.045
2.596 2.997 3.402 3.773 4.074 4.296 4.458 4.578 4.673 4.752 4.823 4.890 4.955 5.017 5.077 5.136 5.194 5.251 5.305 5.358 5.414 5.467 5.519 5.573 5.631 5.690 5.746 5.798 5.838 5.875 5.916 5.965 6.035 6.127 6.232 6.337 6.414 6.449 6.551 6.685 6.739 6.753 6.762 6.778 6.798 6.823 6.829 6.784 6.821 6.950 7.031 7.067 7.068 7.035 6.968 6.865 6.727 6.553 6.440 6.414 6.387 6.350 6.299 6.242 6.189 6.141 6.095 6.036 6.019 6.059
2.746 3.152 3.550 3.905 4.184 4.388 4.535 4.644 4.730 4.802 4.868 4.930 4.989 5.046 5.100 5.154 5.209 5.265 5.320 5.377 5.440 5.502 5.566 5.630 5.691 5.751 5.809 5.863 5.906 5.943 5.979 6.020 6.079 6.163 6.268 6.376 6.455 6.484 6.583 6.714 6.761 6.773 6.780 6.796 6.821 6.850 6.861 6.815 6.850 6.975 7.051 7.085 7.080 7.044 6.970 6.857 6.709 6.527 6.406 6.373 6.346 6.311 6.265 6.219 6.176 6.137 6.097 6.043 6.029 6.070
2.902 3.308 3.695 4.031 4.291 4.478 4.612 4.712 4.791 4.858 4.917 4.973 5.026 5.076 5.124 5.173 5.224 5.279 5.335 5.396 5.466 5.537 5.610 5.681 5.748 5.812 5.872 5.931 5.980 6.023 6.059 6.094 6.144 6.218 6.312 6.415 6.496 6.518 6.610 6.737 6.784 6.795 6.801 6.818 6.842 6.872 6.888 6.840 6.870 6.989 7.062 7.090 7.081 7.039 6.959 6.838 6.681 6.492 6.367 6.333 6.308 6.277 6.239 6.202 6.169 6.137 6.103 6.053 6.040 6.081
3.063 3.464 3.835 4.152 4.393 4.566 4.691 4.784 4.857 4.918 4.971 5.019 5.064 5.106 5.148 5.191 5.239 5.294 5.353 5.419 5.497 5.576 5.659 5.740 5.812 5.879 5.942 6.006 6.064 6.117 6.154 6.184 6.226 6.286 6.365 6.469 6.551 6.557 6.638 6.764 6.809 6.819 6.825 6.841 6.862 6.897 6.919 6.866 6.887 7.000 7.067 7.090 7.075 7.029 6.942 6.812 6.645 6.452 6.329 6.297 6.275 6.250 6.220 6.193 6.167 6.141 6.112 6.064 6.052 6.093
3.227 3.618 3.970 4.266 4.491 4.653 4.771 4.858 4.926 4.981 5.028 5.069 5.106 5.141 5.175 5.214 5.261 5.319 5.381 5.454 5.539 5.626 5.717 5.803 5.880 5.951 6.020 6.090 6.157 6.222 6.263 6.293 6.331 6.379 6.445 6.554 6.614 6.592 6.666 6.787 6.830 6.840 6.849 6.863 6.886 6.932 6.950 6.883 6.896 7.003 7.062 7.079 7.060 7.006 6.912 6.770 6.596 6.408 6.290 6.262 6.245 6.227 6.207 6.187 6.167 6.147 6.120 6.074 6.063 6.104
3.392 3.767 4.098 4.373 4.585 4.738 4.849 4.932 4.996 5.047 5.088 5.122 5.151 5.179 5.208 5.245 5.294 5.354 5.420 5.500 5.590 5.684 5.779 5.869 5.956 6.036 6.113 6.185 6.264 6.343 6.392 6.427 6.462 6.506 6.566 6.631 6.646 6.620 6.689 6.803 6.847 6.862 6.873 6.894 6.926 6.964 6.962 6.888 6.895 6.992 7.045 7.057 7.030 6.968 6.863 6.714 6.547 6.366 6.254 6.231 6.221 6.211 6.196 6.182 6.168 6.150 6.128 6.084 6.072 6.114
3.555 3.912 4.220 4.475 4.673 4.818 4.924 5.004 5.064 5.111 5.147 5.176 5.199 5.221 5.247 5.282 5.331 5.395 5.466 5.551 5.648 5.745 5.844 5.943 6.040 6.131 6.214 6.290 6.380 6.477 6.536 6.574 6.606 6.640 6.668 6.683 6.674 6.642 6.705 6.814 6.864 6.884 6.902 6.929 6.957 6.976 6.960 6.881 6.881 6.969 7.016 7.021 6.987 6.916 6.803 6.658 6.499 6.327 6.222 6.207 6.203 6.197 6.188 6.178 6.166 6.153 6.134 6.092 6.081 6.124
3.714 4.050 4.334 4.570 4.754 4.890 4.992 5.069 5.128 5.172 5.206 5.230 5.248 5.265 5.287 5.320 5.371 5.439 5.516 5.607 5.709 5.811 5.915 6.023 6.131 6.232 6.321 6.399 6.501 6.615 6.679 6.718 6.744 6.756 6.749 6.731 6.701 6.662 6.717 6.825 6.879 6.905 6.929 6.953 6.970 6.973 6.944 6.861 6.855 6.934 6.974 6.973 6.932 6.853 6.740 6.603 6.454 6.291 6.195 6.187 6.187 6.185 6.179 6.171 6.164 6.156 6.140 6.100 6.091 6.137
3.865 4.179 4.442 4.658 4.825 4.952 5.050 5.125 5.184 5.228 5.260 5.282 5.297 5.309 5.327 5.360 5.414 5.486 5.568 5.664 5.771 5.879 5.989 6.105 6.223 6.332 6.428 6.508 6.618 6.743 6.812 6.851 6.863 6.853 6.823 6.777 6.730 6.685 6.732 6.834 6.891 6.924 6.945 6.960 6.967 6.956 6.917 6.831 6.819 6.887 6.920 6.914 6.867 6.788 6.680 6.551 6.412 6.260 6.173 6.168 6.171 6.173 6.168 6.164 6.161 6.157 6.146 6.111 6.104 6.152
4.007 4.299 4.541 4.734 4.885 5.002 5.096 5.172 5.232 5.278 5.312 5.333 5.344 5.352 5.367 5.400 5.456 5.532 5.618 5.719 5.833 5.947 6.062 6.185 6.311 6.430 6.532 6.608 6.724 6.859 6.932 6.965 6.965 6.940 6.891 6.825 6.762 6.705 6.743 6.841 6.900 6.931 6.946 6.953 6.948 6.926 6.881 6.791 6.771 6.831 6.858 6.847 6.800 6.725 6.624 6.505 6.377 6.233 6.152 6.150 6.156 6.159 6.157 6.157 6.157 6.159 6.155 6.124 6.119 6.169
4.139 4.408 4.628 4.798 4.932 5.042 5.133 5.210 5.273 5.322 5.358 5.379 5.389 5.394 5.407 5.439 5.497 5.576 5.665 5.771 5.890 6.009 6.130 6.260 6.395 6.522 6.626 6.698 6.819 6.964 7.036 7.062 7.055 7.018 6.955 6.872 6.790 6.722 6.750 6.844 6.898 6.925 6.934 6.930 6.917 6.887 6.834 6.740 6.716 6.769 6.790 6.779 6.734 6.664 6.572 6.464 6.343 6.206 6.130 6.130 6.137 6.143 6.146 6.148 6.154 6.163 6.166 6.138 6.137 6.189
4.259 4.506 4.701 4.850 4.972 5.075 5.164 5.241 5.307 5.359 5.397 5.420 5.430 5.435 5.447 5.480 5.539 5.619 5.709 5.818 5.943 6.069 6.196 6.332 6.474 6.604 6.709 6.776 6.899 7.047 7.116 7.140 7.125 7.080 7.005 6.905 6.807 6.727 6.744 6.829 6.879 6.902 6.902 6.890 6.870 6.832 6.773 6.678 6.650 6.696 6.716 6.707 6.667 6.604 6.523 6.422 6.306 6.176 6.103 6.104 6.115 6.126 6.132 6.139 6.152 6.168 6.177 6.154 6.155 6.208
4.367 4.592 4.763 4.897 5.009 5.105 5.191 5.268 5.334 5.389 5.429 5.454 5.467 5.475 5.490 5.524 5.581 5.659 5.749 5.859 5.988 6.119 6.252 6.392 6.534 6.665 6.772 6.834 6.954 7.103 7.174 7.195 7.176 7.125 7.042 6.930 6.819 6.726 6.732 6.810 6.854 6.871 6.863 6.844 6.817 6.773 6.710 6.613 6.583 6.628 6.648 6.641 6.606 6.551 6.478 6.382 6.271 6.145 6.076 6.080 6.095 6.110 6.121 6.135 6.154 6.175 6.191 6.173 6.175 6.226
4.464 4.666 4.819 4.941 5.044 5.135 5.217 5.292 5.358 5.412 5.454 5.482 5.500 5.515 5.535 5.569 5.623 5.699 5.786 5.894 6.025 6.161 6.300 6.444 6.588 6.724 6.835 6.885 7.001 7.155 7.228 7.249 7.228 7.174 7.083 6.960 6.833 6.726 6.721 6.790 6.828 6.837 6.822 6.798 6.763 6.713 6.648 6.551 6.521 6.566 6.588 6.583 6.554 6.507 6.439 6.348 6.237 6.116 6.052 6.060 6.079 6.099 6.116 6.137 6.161 6.188 6.213 6.197 6.198 6.247
4.551 4.731 4.870 4.982 5.078 5.163 5.242 5.316 5.380 5.435 5.478 5.509 5.533 5.555 5.581 5.615 5.669 5.744 5.826 5.931 6.062 6.202 6.349 6.498 6.645 6.794 6.893 6.924 7.039 7.199 7.273 7.294 7.271 7.211 7.113 6.974 6.832 6.717 6.702 6.763 6.793 6.797 6.776 6.744 6.704 6.651 6.583 6.489 6.463 6.508 6.530 6.530 6.507 6.464 6.400 6.308 6.199 6.086 6.029 6.041 6.064 6.091 6.117 6.143 6.172 6.211 6.240 6.222 6.221 6.267
4.626 4.787 4.913 5.017 5.109 5.192 5.269 5.341 5.405 5.460 5.505 5.540 5.570 5.599 5.632 5.674 5.732 5.803 5.882 5.983 6.111 6.253 6.404 6.561 6.717 6.846 6.922 6.950 7.067 7.228 7.305 7.327 7.300 7.233 7.123 6.975 6.833 6.706 6.677 6.730 6.755 6.753 6.725 6.687 6.643 6.586 6.520 6.432 6.408 6.452 6.478 6.482 6.460 6.418 6.354 6.264 6.166 6.061 6.009 6.026 6.056 6.091 6.123 6.157 6.197 6.239 6.264 6.246 6.243 6.283
4.688 4.832 4.949 5.048 5.136 5.217 5.293 5.365 5.430 5.488 5.537 5.578 5.614 5.652 5.695 5.746 5.807 5.878 5.955 6.050 6.171 6.308 6.459 6.618 6.763 6.872 6.939 6.965 7.080 7.244 7.326 7.346 7.314 7.240 7.122 6.975 6.829 6.689 6.647 6.694 6.714 6.704 6.671 6.628 6.579 6.523 6.461 6.378 6.356 6.401 6.429 6.433 6.412 6.370 6.306 6.225 6.137 6.040 5.994 6.018 6.057 6.098 6.137 6.181 6.226 6.265 6.287 6.267 6.261 6.294
4.739 4.868 4.977 5.072 5.158 5.239 5.315 5.388 5.455 5.517 5.573 5.621 5.665 5.711 5.764 5.823 5.890 5.965 6.040 6.131 6.238 6.362 6.506 6.653 6.785 6.886 6.950 6.972 7.086 7.254 7.335 7.353 7.318 7.239 7.119 6.972 6.818 6.666 6.615 6.655 6.667 6.653 6.614 6.567 6.518 6.465 6.405 6.326 6.308 6.353 6.381 6.385 6.363 6.321 6.262 6.191 6.113 6.025 5.988 6.021 6.065 6.112 6.159 6.207 6.253 6.289 6.307 6.284 6.274 6.301
4.782 4.900 5.002 5.093 5.177 5.256 5.332 5.406 5.476 5.543 5.606 5.663 5.717 5.773 5.835 5.904 5.980 6.059 6.134 6.216 6.308 6.417 6.539 6.670 6.795 6.893 6.959 6.977 7.087 7.255 7.336 7.352 7.314 7.234 7.114 6.963 6.802 6.640 6.579 6.611 6.618 6.598 6.556 6.509 6.462 6.410 6.354 6.280 6.263 6.306 6.333 6.336 6.314 6.275 6.224 6.162 6.097 6.021 5.992 6.031 6.081 6.133 6.184 6.234 6.278 6.310 6.324 6.298 6.283 6.301
4.821 4.930 5.025 5.111 5.192 5.267 5.342 5.417 5.489 5.561 5.633 5.700 5.764 5.830 5.902 5.981 6.064 6.147 6.224 6.301 6.379 6.465 6.562 6.679 6.798 6.900 6.968 6.979 7.082 7.252 7.334 7.347 7.306 7.227 7.105 6.949 6.779 6.606 6.538 6.563 6.564 6.541 6.500 6.455 6.409 6.360 6.308 6.236 6.218 6.260 6.285 6.288 6.269 6.236 6.192 6.144 6.093 6.025 6.003 6.047 6.102 6.157 6.209 6.258 6.300 6.328 6.336 6.306 6.285 6.295
4.862 4.961 5.049 5.128 5.202 5.273 5.345 5.419 5.493 5.568 5.650 5.729 5.803 5.880 5.963 6.049 6.138 6.224 6.305 6.384 6.448 6.509 6.589 6.691 6.805 6.912 6.980 6.983 7.081 7.254 7.332 7.338 7.296 7.214 7.089 6.926 6.745 6.564 6.490 6.508 6.505 6.485 6.446 6.401 6.360 6.315 6.263 6.192 6.174 6.214 6.238 6.243 6.229 6.202 6.170 6.135 6.095 6.036 6.020 6.069 6.125 6.181 6.232 6.279 6.317 6.341 6.344 6.308 6.280 6.281
4.908 4.997 5.074 5.145 5.210 5.274 5.341 5.414 5.488 5.569 5.659 5.748 5.837 5.927 6.016 6.107 6.199 6.289 6.377 6.458 6.514 6.565 6.626 6.711 6.821 6.929 7.000 6.992 7.084 7.251 7.319 7.320 7.272 7.187 7.057 6.884 6.693 6.507 6.429 6.443 6.444 6.426 6.389 6.350 6.312 6.267 6.215 6.146 6.127 6.165 6.191 6.201 6.192 6.175 6.155 6.132 6.103 6.052 6.039 6.090 6.145 6.200 6.249 6.293 6.327 6.345 6.342 6.302 6.265 6.255
4.961 5.038 5.105 5.165 5.220 5.275 5.336 5.405 5.478 5.562 5.660 5.759 5.861 5.961 6.058 6.154 6.250 6.343 6.439 6.528 6.588 6.633 6.681 6.753 6.847 6.948 7.019 7.001 7.080 7.238 7.298 7.290 7.236 7.145 7.010 6.830 6.631 6.442 6.365 6.382 6.386 6.371 6.339 6.304 6.268 6.223 6.171 6.102 6.083 6.123 6.152 6.167 6.165 6.159 6.150 6.136 6.116 6.071 6.060 6.110 6.164 6.216 6.262 6.303 6.333 6.345 6.336 6.288 6.243 6.223
5.019 5.085 5.141 5.188 5.232 5.277 5.330 5.397 5.468 5.554 5.660 5.771 5.887 6.000 6.105 6.206 6.304 6.399 6.504 6.607 6.673 6.715 6.755 6.811 6.886 6.985 7.059 7.019 7.077 7.225 7.275 7.256 7.194 7.097 6.955 6.768 6.560 6.375 6.305 6.328 6.337 6.324 6.297 6.266 6.230 6.185 6.132 6.064 6.047 6.089 6.122 6.142 6.150 6.154 6.153 6.148 6.138 6.095 6.084 6.132 6.183 6.231 6.274 6.311 6.335 6.341 6.324 6.268 6.213 6.183
5.081 5.137 5.181 5.217 5.251 5.287 5.336 5.401 5.471 5.562 5.675 5.797 5.925 6.047 6.158 6.263 6.361 6.457 6.572 6.690 6.763 6.810 6.850 6.893 6.953 7.062 7.110 7.030 7.070 7.205 7.240 7.211 7.139 7.032 6.883 6.681 6.472 6.306 6.248 6.277 6.290 6.283 6.261 6.231 6.195 6.148 6.094 6.030 6.017 6.062 6.099 6.126 6.144 6.155 6.162 6.168 6.162 6.120 6.107 6.151 6.198 6.242 6.281 6.312 6.331 6.329 6.302 6.238 6.174 6.134
