version1/TsunamiDB/out54032.asc
ncols          264
nrows          230
xllcorner      497853.4375
yllcorner      4229146.0000
cellsize         5.
NODATA_value   -99
[rows 192 to 223 of 230, columns 72 to 143 of 264]
-99.000 -99.000 -99.000 -99.000 -99.000 -99.000 -99.000 -99.000 -99.000 -99.000 1.648 1.671 1.774 1.978 2.259 2.584 2.915 3.224 3.490 3.709 3.883 4.020 4.129 4.218 4.293 4.358 4.416 4.471 4.523 4.573 4.621 4.669 4.715 4.761 4.807 4.852 4.897 4.942 4.986 5.030 5.074 5.117 5.160 5.202 5.243 5.284 5.324 5.362 5.399 5.433 5.467 5.499 5.528 5.554 5.578 5.600 5.619 5.638 5.657 5.678 5.702 5.729 5.760 5.795 5.832 5.872 5.913 5.956 6.000 6.044 6.088 6.132
-99.000 -99.000 -99.000 -99.000 -99.000 -99.000 -99.000 -99.000 -99.000 1.647 1.652 1.700 1.844 2.082 2.387 2.721 3.049 3.345 3.594 3.795 3.954 4.079 4.179 4.262 4.333 4.394 4.449 4.502 4.552 4.600 4.646 4.692 4.737 4.782 4.826 4.869 4.913 4.956 5.000 5.043 5.085 5.128 5.170 5.212 5.254 5.295 5.335 5.375 5.412 5.448 5.484 5.517 5.548 5.576 5.600 5.622 5.641 5.658 5.674 5.691 5.709 5.731 5.756 5.785 5.817 5.852 5.891 5.931 5.973 6.017 6.062 6.106
-99.000 -99.000 -99.000 -99.000 -99.000 -99.000 -99.000 -99.000 -99.000 1.647 1.662 1.744 1.928 2.197 2.521 2.859 3.179 3.459 3.690 3.875 4.020 4.135 4.228 4.305 4.371 4.429 4.483 4.533 4.581 4.627 4.672 4.716 4.760 4.802 4.845 4.887 4.929 4.971 5.013 5.055 5.097 5.139 5.181 5.223 5.264 5.305 5.346 5.387 5.425 5.463 5.499 5.534 5.567 5.597 5.623 5.646 5.665 5.681 5.695 5.708 5.722 5.738 5.757 5.780 5.807 5.838 5.872 5.910 5.950 5.993 6.038 6.082
-99.000 -99.000 -99.000 -99.000 -99.000 -99.000 -99.000 -99.000 1.647 1.649 1.682 1.804 2.025 2.321 2.657 2.994 3.303 3.566 3.780 3.949 4.082 4.187 4.274 4.347 4.410 4.465 4.517 4.565 4.612 4.656 4.699 4.741 4.783 4.824 4.865 4.905 4.946 4.987 5.027 5.068 5.109 5.150 5.191 5.232 5.274 5.315 5.356 5.397 5.437 5.476 5.514 5.550 5.585 5.616 5.645 5.669 5.689 5.706 5.719 5.730 5.740 5.751 5.765 5.782 5.803 5.829 5.860 5.894 5.933 5.974 6.018 6.063
-99.000 -99.000 -99.000 -99.000 -99.000 -99.000 -99.000 -99.000 1.647 1.655 1.718 1.880 2.134 2.451 2.795 3.126 3.420 3.665 3.862 4.017 4.139 4.237 4.318 4.387 4.448 4.501 4.551 4.598 4.643 4.686 4.727 4.768 4.808 4.847 4.886 4.925 4.964 5.003 5.042 5.081 5.121 5.161 5.201 5.242 5.283 5.325 5.366 5.407 5.448 5.487 5.527 5.565 5.601 5.635 5.665 5.691 5.713 5.731 5.744 5.754 5.762 5.770 5.779 5.791 5.807 5.828 5.854 5.885 5.921 5.961 6.004 6.049
-99.000 -99.000 -99.000 -99.000 -99.000 -99.000 -99.000 -99.000 1.648 1.669 1.769 1.970 2.252 2.586 2.931 3.252 3.530 3.757 3.938 4.080 4.193 4.284 4.361 4.427 4.485 4.537 4.585 4.631 4.674 4.716 4.756 4.795 4.833 4.871 4.908 4.946 4.983 5.020 5.058 5.096 5.134 5.173 5.212 5.252 5.293 5.334 5.375 5.417 5.458 5.498 5.539 5.578 5.616 5.651 5.684 5.712 5.736 5.755 5.770 5.780 5.787 5.793 5.799 5.806 5.818 5.834 5.856 5.884 5.916 5.954 5.996 6.040
-99.000 -99.000 -99.000 -99.000 -99.000 -99.000 -99.000 1.647 1.651 1.696 1.836 2.072 2.379 2.724 3.065 3.372 3.631 3.841 4.007 4.138 4.243 4.329 4.402 4.466 4.522 4.573 4.620 4.665 4.707 4.747 4.786 4.824 4.861 4.897 4.933 4.968 5.003 5.039 5.075 5.111 5.148 5.185 5.223 5.262 5.302 5.343 5.384 5.426 5.467 5.508 5.550 5.590 5.629 5.666 5.700 5.731 5.757 5.778 5.795 5.806 5.814 5.819 5.823 5.828 5.836 5.848 5.866 5.890 5.919 5.954 5.994 6.036
-99.000 -99.000 -99.000 -99.000 -99.000 -99.000 -99.000 1.647 1.660 1.738 1.919 2.185 2.512 2.862 3.193 3.484 3.725 3.918 4.070 4.191 4.289 4.371 4.441 4.503 4.559 4.608 4.655 4.699 4.740 4.780 4.818 4.854 4.890 4.924 4.958 4.992 5.026 5.059 5.093 5.128 5.163 5.199 5.235 5.273 5.312 5.352 5.393 5.434 5.476 5.517 5.559 5.600 5.641 5.679 5.715 5.747 5.775 5.799 5.818 5.831 5.840 5.846 5.850 5.854 5.860 5.869 5.883 5.903 5.929 5.961 5.998 6.039
-99.000 -99.000 -99.000 -99.000 -99.000 -99.000 1.647 1.649 1.679 1.797 2.014 2.308 2.649 2.997 3.316 3.588 3.811 3.988 4.128 4.240 4.333 4.411 4.479 4.539 4.594 4.643 4.689 4.733 4.774 4.813 4.850 4.885 4.920 4.953 4.986 5.018 5.050 5.082 5.114 5.147 5.180 5.214 5.249 5.285 5.323 5.362 5.402 5.443 5.484 5.525 5.568 5.610 5.651 5.690 5.727 5.761 5.792 5.818 5.839 5.855 5.866 5.874 5.879 5.883 5.888 5.896 5.907 5.924 5.946 5.975 6.009 6.047
-99.000 -99.000 -99.000 -99.000 -99.000 -99.000 1.647 1.654 1.713 1.871 2.121 2.438 2.788 3.128 3.431 3.684 3.889 4.051 4.181 4.286 4.373 4.449 4.515 4.574 4.629 4.678 4.723 4.767 4.808 4.846 4.883 4.918 4.951 4.984 5.015 5.046 5.076 5.107 5.137 5.167 5.199 5.231 5.264 5.299 5.335 5.373 5.412 5.452 5.493 5.534 5.576 5.618 5.660 5.700 5.738 5.774 5.806 5.834 5.858 5.877 5.891 5.901 5.909 5.914 5.920 5.927 5.937 5.952 5.971 5.996 6.027 6.062
-99.000 -99.000 -99.000 -99.000 -99.000 -99.000 1.648 1.667 1.762 1.960 2.239 2.574 2.925 3.253 3.537 3.772 3.960 4.109 4.229 4.328 4.411 4.484 4.549 4.608 4.662 4.711 4.757 4.800 4.841 4.880 4.916 4.951 4.984 5.015 5.046 5.076 5.105 5.134 5.162 5.191 5.220 5.250 5.282 5.314 5.349 5.385 5.423 5.462 5.502 5.542 5.584 5.627 5.668 5.709 5.748 5.785 5.819 5.849 5.875 5.897 5.914 5.928 5.938 5.947 5.954 5.962 5.972 5.985 6.002 6.024 6.052 6.084
-99.000 -99.000 -99.000 -99.000 -99.000 1.647 1.651 1.693 1.828 2.061 2.365 2.712 3.058 3.371 3.636 3.852 4.024 4.161 4.273 4.366 4.446 4.517 4.581 4.640 4.694 4.743 4.789 4.833 4.874 4.913 4.949 4.984 5.017 5.048 5.078 5.107 5.135 5.163 5.190 5.217 5.244 5.272 5.301 5.332 5.364 5.399 5.435 5.473 5.512 5.551 5.593 5.635 5.677 5.718 5.758 5.796 5.831 5.863 5.891 5.916 5.936 5.953 5.967 5.979 5.990 6.000 6.011 6.024 6.039 6.059 6.084 6.113
-99.000 -99.000 -99.000 -99.000 -99.000 1.647 1.659 1.733 1.909 2.173 2.499 2.850 3.185 3.481 3.727 3.925 4.082 4.209 4.313 4.402 4.479 4.548 4.611 4.670 4.724 4.773 4.820 4.864 4.906 4.945 4.982 5.017 5.050 5.081 5.111 5.140 5.167 5.193 5.219 5.245 5.270 5.297 5.324 5.352 5.383 5.415 5.449 5.486 5.523 5.562 5.603 5.644 5.686 5.727 5.767 5.806 5.842 5.876 5.907 5.934 5.957 5.978 5.995 6.011 6.025 6.038 6.051 6.065 6.081 6.099 6.122 6.148
-99.000 -99.000 -99.000 -99.000 1.647 1.649 1.677 1.790 2.004 2.295 2.636 2.985 3.307 3.583 3.809 3.991 4.135 4.253 4.351 4.435 4.510 4.578 4.640 4.698 4.752 4.802 4.849 4.894 4.936 4.976 5.014 5.049 5.083 5.114 5.144 5.173 5.200 5.226 5.251 5.275 5.299 5.324 5.349 5.375 5.403 5.433 5.466 5.500 5.536 5.573 5.613 5.654 5.695 5.736 5.777 5.816 5.854 5.889 5.921 5.951 5.977 6.001 6.023 6.042 6.060 6.077 6.093 6.109 6.126 6.144 6.165 6.189
-99.000 -99.000 -99.000 -99.000 1.647 1.654 1.709 1.863 2.111 2.425 2.775 3.116 3.421 3.677 3.885 4.051 4.184 4.293 4.385 4.466 4.539 4.605 4.667 4.724 4.778 4.829 4.876 4.922 4.965 5.006 5.044 5.080 5.114 5.147 5.177 5.206 5.233 5.259 5.284 5.308 5.331 5.354 5.377 5.401 5.427 5.455 5.484 5.517 5.550 5.586 5.625 5.665 5.705 5.746 5.787 5.826 5.865 5.901 5.935 5.967 5.997 6.024 6.049 6.073 6.094 6.115 6.134 6.153 6.172 6.191 6.212 6.234
-99.000 -99.000 -99.000 -99.000 1.648 1.666 1.757 1.951 2.228 2.561 2.912 3.241 3.527 3.764 3.954 4.105 4.228 4.330 4.418 4.495 4.566 4.631 4.692 4.749 4.803 4.854 4.902 4.948 4.992 5.033 5.073 5.110 5.145 5.178 5.209 5.239 5.267 5.293 5.318 5.341 5.364 5.386 5.408 5.430 5.453 5.479 5.506 5.536 5.567 5.601 5.638 5.676 5.716 5.756 5.797 5.837 5.876 5.913 5.949 5.983 6.015 6.046 6.074 6.102 6.128 6.152 6.175 6.197 6.218 6.239 6.260 6.283
-99.000 -99.000 -99.000 1.647 1.650 1.690 1.822 2.051 2.354 2.699 3.045 3.359 3.626 3.843 4.017 4.156 4.269 4.365 4.448 4.523 4.591 4.655 4.715 4.772 4.826 4.877 4.925 4.972 5.017 5.059 5.099 5.137 5.174 5.208 5.240 5.271 5.300 5.327 5.352 5.376 5.398 5.420 5.441 5.462 5.483 5.506 5.530 5.557 5.586 5.618 5.652 5.689 5.728 5.767 5.807 5.847 5.887 5.925 5.962 5.998 6.033 6.066 6.099 6.130 6.159 6.188 6.214 6.240 6.264 6.287 6.310 6.333
-99.000 -99.000 -99.000 1.647 1.658 1.729 1.901 2.163 2.486 2.838 3.174 3.470 3.717 3.916 4.075 4.202 4.308 4.398 4.477 4.549 4.616 4.678 4.738 4.794 4.848 4.898 4.947 4.995 5.040 5.083 5.124 5.163 5.200 5.236 5.269 5.301 5.331 5.359 5.386 5.410 5.433 5.455 5.475 5.495 5.515 5.536 5.558 5.582 5.607 5.636 5.669 5.703 5.740 5.779 5.818 5.858 5.897 5.936 5.975 6.013 6.050 6.086 6.122 6.156 6.190 6.222 6.252 6.281 6.308 6.334 6.359 6.383
-99.000 -99.000 -99.000 1.649 1.675 1.784 1.995 2.284 2.624 2.974 3.297 3.574 3.802 3.983 4.128 4.246 4.344 4.429 4.505 4.574 4.639 4.701 4.759 4.815 4.868 4.918 4.968 5.015 5.061 5.104 5.146 5.186 5.225 5.261 5.296 5.330 5.361 5.391 5.418 5.444 5.468 5.491 5.512 5.531 5.550 5.569 5.588 5.609 5.631 5.657 5.687 5.719 5.754 5.790 5.829 5.868 5.907 5.947 5.987 6.026 6.066 6.105 6.143 6.181 6.218 6.254 6.288 6.320 6.351 6.380 6.407 6.433
-99.000 -99.000 1.647 1.653 1.705 1.856 2.101 2.413 2.763 3.106 3.413 3.671 3.879 4.045 4.178 4.286 4.378 4.459 4.531 4.599 4.662 4.722 4.780 4.835 4.887 4.937 4.987 5.034 5.080 5.124 5.167 5.207 5.247 5.285 5.321 5.356 5.389 5.420 5.449 5.477 5.503 5.526 5.548 5.568 5.586 5.604 5.621 5.639 5.658 5.681 5.707 5.736 5.768 5.803 5.840 5.878 5.917 5.957 5.998 6.039 6.081 6.122 6.164 6.205 6.245 6.285 6.322 6.358 6.391 6.423 6.453 6.481
-99.000 -99.000 1.648 1.664 1.752 1.942 2.217 2.549 2.902 3.234 3.523 3.761 3.951 4.103 4.224 4.325 4.411 4.488 4.557 4.623 4.684 4.743 4.799 4.854 4.905 4.955 5.004 5.052 5.098 5.142 5.185 5.227 5.267 5.306 5.343 5.379 5.414 5.447 5.478 5.508 5.536 5.561 5.584 5.605 5.624 5.641 5.657 5.672 5.688 5.707 5.729 5.755 5.784 5.816 5.851 5.888 5.927 5.967 6.008 6.051 6.094 6.139 6.183 6.227 6.271 6.313 6.354 6.393 6.429 6.464 6.496 6.527
-99.000 1.647 1.650 1.687 1.815 2.041 2.342 2.688 3.038 3.355 3.625 3.844 4.018 4.156 4.268 4.362 4.443 4.516 4.583 4.646 4.706 4.764 4.819 4.872 4.923 4.973 5.021 5.068 5.114 5.159 5.202 5.244 5.285 5.324 5.363 5.400 5.437 5.472 5.505 5.537 5.566 5.594 5.619 5.642 5.661 5.679 5.694 5.707 5.721 5.736 5.755 5.776 5.802 5.831 5.863 5.898 5.936 5.976 6.018 6.062 6.107 6.154 6.201 6.248 6.294 6.340 6.384 6.426 6.466 6.503 6.537 6.570
-99.000 1.647 1.657 1.724 1.893 2.152 2.475 2.829 3.169 3.470 3.720 3.920 4.079 4.206 4.310 4.397 4.474 4.544 4.609 4.670 4.728 4.784 4.838 4.891 4.941 4.989 5.038 5.084 5.130 5.174 5.217 5.260 5.301 5.341 5.381 5.420 5.457 5.494 5.529 5.563 5.595 5.625 5.652 5.677 5.698 5.716 5.732 5.744 5.755 5.768 5.783 5.800 5.822 5.847 5.876 5.910 5.946 5.986 6.028 6.072 6.119 6.167 6.217 6.267 6.316 6.365 6.412 6.457 6.500 6.540 6.576 6.611
-99.000 1.648 1.673 1.778 1.986 2.273 2.613 2.967 3.295 3.577 3.807 3.991 4.136 4.253 4.349 4.432 4.505 4.572 4.634 4.694 4.750 4.805 4.858 4.909 4.958 5.006 5.054 5.100 5.145 5.189 5.232 5.274 5.316 5.357 5.397 5.437 5.476 5.514 5.551 5.587 5.621 5.653 5.683 5.710 5.733 5.753 5.769 5.782 5.792 5.802 5.813 5.827 5.844 5.866 5.892 5.922 5.957 5.995 6.037 6.083 6.130 6.180 6.232 6.284 6.337 6.388 6.439 6.487 6.532 6.575 6.614 6.650
1.648 1.652 1.702 1.849 2.090 2.402 2.753 3.102 3.414 3.676 3.887 4.055 4.188 4.297 4.387 4.466 4.536 4.600 4.660 4.718 4.773 4.826 4.878 4.928 4.976 5.023 5.070 5.115 5.159 5.203 5.246 5.288 5.330 5.371 5.412 5.452 5.492 5.531 5.570 5.608 5.644 5.679 5.711 5.740 5.766 5.788 5.806 5.819 5.829 5.838 5.846 5.856 5.869 5.887 5.909 5.937 5.969 6.006 6.048 6.093 6.141 6.193 6.246 6.301 6.356 6.410 6.463 6.514 6.563 6.608 6.649 6.688
1.649 1.663 1.747 1.934 2.206 2.537 2.893 3.230 3.524 3.767 3.961 4.114 4.237 4.338 4.424 4.498 4.566 4.628 4.687 4.743 4.796 4.848 4.898 4.947 4.994 5.040 5.086 5.130 5.174 5.217 5.259 5.301 5.343 5.384 5.425 5.466 5.507 5.547 5.587 5.626 5.665 5.701 5.736 5.767 5.796 5.820 5.840 5.855 5.865 5.874 5.881 5.888 5.898 5.911 5.930 5.954 5.984 6.019 6.059 6.104 6.153 6.205 6.259 6.316 6.373 6.430 6.486 6.540 6.592 6.640 6.683 6.724
1.651 1.684 1.808 2.032 2.330 2.677 3.030 3.352 3.627 3.850 4.027 4.169 4.283 4.377 4.459 4.531 4.596 4.656 4.713 4.768 4.820 4.870 4.919 4.967 5.013 5.057 5.102 5.146 5.189 5.231 5.273 5.314 5.355 5.396 5.437 5.478 5.520 5.561 5.602 5.643 5.682 5.721 5.757 5.791 5.822 5.849 5.871 5.888 5.900 5.909 5.915 5.921 5.928 5.939 5.954 5.975 6.002 6.034 6.073 6.116 6.165 6.217 6.272 6.330 6.389 6.448 6.507 6.564 6.619 6.670 6.716 6.759
1.657 1.720 1.886 2.142 2.463 2.817 3.162 3.467 3.721 3.925 4.088 4.218 4.325 4.414 4.492 4.562 4.625 4.685 4.740 4.794 4.845 4.894 4.942 4.988 5.032 5.076 5.120 5.162 5.204 5.245 5.286 5.327 5.367 5.408 5.449 5.490 5.531 5.573 5.615 5.656 5.697 5.737 5.775 5.811 5.844 5.874 5.899 5.918 5.932 5.942 5.949 5.955 5.961 5.969 5.981 5.999 6.023 6.053 6.089 6.131 6.178 6.230 6.285 6.344 6.404 6.466 6.527 6.587 6.645 6.699 6.749 6.797
1.672 1.773 1.977 2.262 2.600 2.956 3.287 3.572 3.807 3.994 4.143 4.264 4.364 4.449 4.524 4.592 4.654 4.712 4.767 4.820 4.870 4.918 4.965 5.010 5.053 5.095 5.138 5.179 5.220 5.260 5.300 5.340 5.380 5.420 5.460 5.501 5.542 5.584 5.626 5.668 5.710 5.751 5.790 5.828 5.863 5.895 5.922 5.943 5.960 5.973 5.981 5.988 5.994 6.001 6.012 6.027 6.048 6.075 6.108 6.148 6.193 6.244 6.299 6.358 6.419 6.482 6.546 6.609 6.670 6.728 6.783 6.836
1.700 1.842 2.081 2.390 2.741 3.090 3.404 3.669 3.884 4.056 4.193 4.305 4.400 4.482 4.555 4.621 4.682 4.740 4.794 4.846 4.895 4.943 4.988 5.033 5.075 5.116 5.157 5.198 5.237 5.276 5.315 5.354 5.393 5.432 5.471 5.511 5.552 5.594 5.636 5.678 5.720 5.762 5.802 5.841 5.878 5.911 5.941 5.965 5.984 5.999 6.011 6.019 6.026 6.034 6.044 6.058 6.077 6.101 6.131 6.168 6.211 6.260 6.313 6.372 6.434 6.499 6.564 6.630 6.695 6.758 6.819 6.876
1.744 1.926 2.196 2.525 2.881 3.218 3.513 3.758 3.955 4.112 4.239 4.344 4.434 4.512 4.583 4.649 4.709 4.766 4.820 4.872 4.921 4.967 5.013 5.056 5.098 5.138 5.178 5.217 5.256 5.294 5.332 5.369 5.407 5.445 5.483 5.522 5.562 5.603 5.644 5.686 5.729 5.770 5.812 5.852 5.889 5.924 5.956 5.982 6.004 6.022 6.037 6.048 6.058 6.067 6.078 6.091 6.109 6.131 6.159 6.192 6.232 6.278 6.330 6.387 6.449 6.515 6.583 6.651 6.720 6.789 6.854 6.916
1.804 2.024 2.320 2.665 3.017 3.339 3.614 3.839 4.019 4.163 4.281 4.380 4.465 4.541 4.611 4.675 4.735 4.792 4.846 4.897 4.946 4.992 5.037 5.080 5.121 5.161 5.200 5.238 5.276 5.313 5.349 5.386 5.422 5.459 5.496 5.534 5.572 5.612 5.653 5.694 5.736 5.778 5.819 5.859 5.898 5.934 5.967 5.996 6.020 6.042 6.059 6.074 6.087 6.099 6.112 6.126 6.143 6.164 6.190 6.220 6.257 6.300 6.349 6.404 6.466 6.533 6.602 6.673 6.746 6.819 6.889 6.956
