version1/TsunamiDB/out54080.asc
ncols          264
nrows          230
xllcorner      497853.4375
yllcorner      4229146.0000
cellsize         5.
NODATA_value   -99
[rows 34 to 67 of 230, columns 152 to 227 of 264]
6.055 6.068 6.082 6.095 6.109 6.122 6.134 6.147 6.158 6.170 6.181 6.192 6.202 6.213 6.223 6.233 6.243 6.253 6.263 6.273 6.283 6.293 6.303 6.312 6.319 6.328 6.336 6.344 6.352 6.359 6.366 6.373 6.380 6.386 6.393 6.399 6.404 6.410 6.415 6.420 6.425 6.430 6.434 6.439 6.444 6.449 6.453 6.457 6.462 6.467 6.474 6.480 6.488 6.496 6.505 6.514 6.523 6.533 6.543 6.553 6.563 6.573 6.583 6.592 6.600 6.608 6.616 6.622 6.628 6.633 6.637 6.641 6.647 6.655 6.665 6.678
6.061 6.075 6.089 6.103 6.117 6.130 6.143 6.155 6.167 6.179 6.190 6.201 6.212 6.223 6.233 6.243 6.253 6.263 6.273 6.283 6.292 6.302 6.312 6.321 6.328 6.337 6.345 6.353 6.361 6.368 6.376 6.383 6.390 6.396 6.402 6.408 6.414 6.420 6.425 6.430 6.436 6.440 6.445 6.450 6.455 6.460 6.464 6.467 6.472 6.477 6.483 6.489 6.496 6.504 6.512 6.521 6.530 6.539 6.549 6.559 6.569 6.579 6.588 6.597 6.606 6.613 6.621 6.627 6.632 6.637 6.640 6.644 6.648 6.655 6.664 6.677
6.067 6.081 6.095 6.110 6.124 6.137 6.151 6.163 6.176 6.188 6.199 6.211 6.222 6.232 6.242 6.253 6.263 6.273 6.282 6.292 6.302 6.311 6.321 6.329 6.337 6.345 6.353 6.362 6.369 6.377 6.385 6.392 6.399 6.405 6.412 6.418 6.424 6.430 6.435 6.441 6.446 6.451 6.456 6.461 6.466 6.470 6.475 6.478 6.482 6.487 6.492 6.498 6.505 6.512 6.520 6.528 6.537 6.546 6.556 6.565 6.575 6.585 6.594 6.603 6.611 6.619 6.626 6.632 6.637 6.640 6.643 6.646 6.650 6.655 6.664 6.677
6.072 6.087 6.101 6.116 6.130 6.144 6.158 6.171 6.184 6.196 6.208 6.219 6.230 6.241 6.252 6.262 6.272 6.282 6.292 6.301 6.311 6.320 6.330 6.338 6.346 6.354 6.362 6.370 6.378 6.386 6.393 6.401 6.408 6.414 6.421 6.427 6.433 6.439 6.445 6.451 6.456 6.462 6.467 6.472 6.477 6.481 6.485 6.489 6.493 6.497 6.503 6.508 6.514 6.521 6.528 6.536 6.545 6.553 6.563 6.572 6.581 6.591 6.600 6.608 6.617 6.624 6.631 6.637 6.641 6.645 6.647 6.649 6.652 6.657 6.665 6.678
6.077 6.092 6.107 6.122 6.136 6.151 6.164 6.178 6.191 6.204 6.216 6.228 6.239 6.250 6.261 6.271 6.281 6.291 6.301 6.310 6.320 6.329 6.339 6.347 6.355 6.363 6.371 6.379 6.387 6.394 6.402 6.409 6.416 6.423 6.430 6.436 6.442 6.449 6.455 6.461 6.466 6.472 6.477 6.482 6.487 6.492 6.496 6.500 6.504 6.508 6.513 6.518 6.524 6.530 6.537 6.545 6.553 6.561 6.570 6.579 6.588 6.597 6.606 6.614 6.622 6.630 6.636 6.642 6.647 6.649 6.651 6.653 6.655 6.660 6.668 6.681
6.081 6.096 6.111 6.127 6.142 6.156 6.170 6.184 6.198 6.211 6.223 6.235 6.247 6.258 6.269 6.280 6.290 6.300 6.310 6.319 6.329 6.338 6.347 6.356 6.363 6.371 6.379 6.387 6.395 6.403 6.410 6.417 6.425 6.431 6.438 6.445 6.451 6.458 6.464 6.470 6.476 6.482 6.487 6.493 6.498 6.503 6.507 6.511 6.515 6.519 6.524 6.529 6.534 6.540 6.547 6.553 6.561 6.569 6.577 6.586 6.595 6.603 6.612 6.620 6.628 6.636 6.642 6.648 6.652 6.654 6.656 6.658 6.660 6.664 6.672 6.686
6.085 6.100 6.116 6.131 6.146 6.161 6.176 6.190 6.204 6.217 6.230 6.242 6.254 6.266 6.277 6.288 6.298 6.308 6.318 6.328 6.337 6.347 6.356 6.364 6.372 6.379 6.387 6.395 6.403 6.411 6.418 6.426 6.433 6.440 6.447 6.453 6.460 6.466 6.473 6.479 6.485 6.491 6.497 6.503 6.509 6.514 6.518 6.522 6.526 6.530 6.534 6.539 6.544 6.550 6.556 6.563 6.570 6.577 6.585 6.593 6.602 6.610 6.619 6.627 6.635 6.642 6.649 6.654 6.658 6.661 6.662 6.664 6.666 6.670 6.678 6.691
6.089 6.104 6.120 6.135 6.151 6.166 6.181 6.195 6.209 6.223 6.236 6.249 6.261 6.273 6.284 6.295 6.306 6.316 6.326 6.336 6.346 6.355 6.364 6.372 6.380 6.388 6.396 6.404 6.411 6.419 6.427 6.434 6.441 6.448 6.455 6.462 6.468 6.475 6.481 6.488 6.494 6.500 6.507 6.513 6.519 6.524 6.528 6.532 6.536 6.541 6.545 6.550 6.555 6.560 6.566 6.572 6.579 6.586 6.593 6.601 6.609 6.618 6.626 6.634 6.642 6.649 6.656 6.662 6.666 6.668 6.670 6.672 6.673 6.677 6.684 6.698
6.092 6.107 6.123 6.139 6.154 6.170 6.185 6.200 6.214 6.228 6.241 6.255 6.267 6.279 6.291 6.302 6.313 6.324 6.334 6.344 6.354 6.363 6.372 6.380 6.388 6.396 6.404 6.412 6.419 6.427 6.435 6.442 6.449 6.456 6.463 6.470 6.476 6.483 6.490 6.496 6.503 6.509 6.516 6.522 6.529 6.534 6.538 6.542 6.547 6.551 6.556 6.561 6.566 6.571 6.576 6.582 6.588 6.595 6.602 6.610 6.618 6.626 6.634 6.642 6.650 6.657 6.664 6.670 6.674 6.677 6.679 6.681 6.682 6.685 6.692 6.705
6.095 6.110 6.126 6.142 6.158 6.173 6.189 6.204 6.218 6.233 6.246 6.260 6.273 6.285 6.297 6.309 6.320 6.331 6.341 6.351 6.361 6.371 6.380 6.388 6.396 6.404 6.412 6.420 6.427 6.435 6.443 6.450 6.457 6.464 6.471 6.478 6.485 6.491 6.498 6.505 6.511 6.518 6.525 6.531 6.538 6.543 6.548 6.552 6.557 6.562 6.567 6.571 6.576 6.581 6.586 6.592 6.598 6.604 6.611 6.618 6.626 6.634 6.642 6.650 6.658 6.665 6.672 6.679 6.684 6.687 6.689 6.691 6.692 6.694 6.701 6.714
6.097 6.112 6.128 6.144 6.160 6.176 6.192 6.207 6.222 6.236 6.251 6.264 6.277 6.290 6.303 6.314 6.326 6.337 6.348 6.358 6.368 6.378 6.388 6.395 6.403 6.411 6.419 6.427 6.435 6.443 6.451 6.458 6.465 6.472 6.479 6.486 6.493 6.499 6.506 6.513 6.519 6.526 6.533 6.540 6.547 6.552 6.557 6.562 6.567 6.572 6.577 6.582 6.587 6.592 6.597 6.602 6.608 6.614 6.621 6.628 6.635 6.643 6.651 6.659 6.667 6.675 6.682 6.689 6.694 6.698 6.701 6.702 6.703 6.705 6.711 6.724
6.099 6.114 6.130 6.146 6.163 6.179 6.194 6.210 6.225 6.240 6.254 6.268 6.282 6.295 6.307 6.320 6.331 6.343 6.354 6.364 6.375 6.385 6.394 6.402 6.410 6.418 6.427 6.435 6.443 6.451 6.458 6.466 6.473 6.480 6.487 6.494 6.501 6.507 6.514 6.521 6.528 6.535 6.541 6.548 6.555 6.561 6.566 6.572 6.577 6.582 6.588 6.593 6.598 6.603 6.608 6.613 6.619 6.625 6.631 6.638 6.645 6.653 6.661 6.669 6.678 6.686 6.693 6.701 6.706 6.710 6.713 6.715 6.715 6.717 6.722 6.736
6.101 6.116 6.132 6.148 6.164 6.180 6.196 6.212 6.227 6.242 6.257 6.271 6.285 6.298 6.311 6.324 6.336 6.348 6.359 6.370 6.381 6.391 6.401 6.409 6.417 6.425 6.434 6.442 6.450 6.458 6.466 6.473 6.481 6.488 6.495 6.502 6.509 6.515 6.522 6.529 6.536 6.543 6.550 6.557 6.564 6.570 6.575 6.581 6.587 6.592 6.598 6.603 6.608 6.613 6.619 6.624 6.630 6.636 6.642 6.649 6.656 6.664 6.672 6.681 6.689 6.697 6.706 6.713 6.719 6.724 6.727 6.729 6.729 6.729 6.734 6.749
6.103 6.118 6.133 6.149 6.165 6.182 6.198 6.213 6.229 6.244 6.259 6.274 6.288 6.301 6.315 6.328 6.340 6.352 6.364 6.375 6.386 6.397 6.406 6.415 6.423 6.432 6.441 6.449 6.457 6.465 6.473 6.481 6.488 6.496 6.503 6.510 6.516 6.523 6.530 6.537 6.544 6.551 6.558 6.565 6.572 6.579 6.584 6.590 6.596 6.602 6.608 6.613 6.619 6.624 6.630 6.635 6.641 6.647 6.653 6.660 6.668 6.676 6.684 6.693 6.701 6.710 6.719 6.727 6.733 6.738 6.741 6.743 6.743 6.743 6.749 6.764
6.104 6.119 6.134 6.150 6.166 6.182 6.198 6.214 6.230 6.245 6.260 6.275 6.290 6.304 6.317 6.331 6.343 6.356 6.368 6.379 6.391 6.402 6.411 6.420 6.429 6.438 6.447 6.455 6.464 6.472 6.480 6.488 6.496 6.503 6.510 6.517 6.524 6.531 6.538 6.545 6.552 6.559 6.566 6.573 6.581 6.587 6.593 6.599 6.606 6.612 6.618 6.624 6.630 6.636 6.641 6.647 6.653 6.659 6.666 6.673 6.680 6.688 6.697 6.706 6.715 6.724 6.733 6.742 6.748 6.753 6.757 6.759 6.759 6.760 6.766 6.782
6.106 6.120 6.136 6.151 6.167 6.183 6.199 6.215 6.230 6.246 6.261 6.276 6.291 6.305 6.319 6.333 6.346 6.359 6.371 6.383 6.394 6.406 6.416 6.425 6.434 6.443 6.452 6.461 6.470 6.479 6.487 6.495 6.503 6.511 6.518 6.525 6.532 6.539 6.546 6.553 6.560 6.567 6.574 6.582 6.589 6.596 6.602 6.609 6.615 6.622 6.628 6.635 6.641 6.647 6.653 6.659 6.665 6.672 6.679 6.686 6.694 6.702 6.711 6.720 6.729 6.739 6.748 6.757 6.765 6.770 6.774 6.777 6.777 6.779 6.785 6.802
6.108 6.122 6.137 6.152 6.168 6.183 6.199 6.215 6.231 6.246 6.262 6.277 6.292 6.306 6.321 6.334 6.348 6.361 6.373 6.386 6.398 6.409 6.420 6.429 6.439 6.448 6.458 6.467 6.476 6.485 6.494 6.502 6.510 6.518 6.526 6.533 6.540 6.547 6.554 6.561 6.569 6.576 6.583 6.590 6.598 6.605 6.611 6.618 6.625 6.632 6.639 6.646 6.652 6.659 6.666 6.672 6.679 6.685 6.692 6.700 6.708 6.716 6.725 6.735 6.745 6.755 6.764 6.774 6.782 6.788 6.793 6.796 6.797 6.799 6.807 6.825
6.112 6.125 6.139 6.154 6.169 6.184 6.199 6.215 6.230 6.246 6.261 6.277 6.292 6.307 6.321 6.335 6.349 6.362 6.375 6.388 6.400 6.412 6.423 6.433 6.443 6.453 6.462 6.472 6.482 6.491 6.500 6.508 6.517 6.525 6.533 6.541 6.548 6.555 6.563 6.570 6.577 6.584 6.592 6.599 6.607 6.614 6.621 6.628 6.635 6.642 6.650 6.657 6.664 6.671 6.678 6.685 6.692 6.699 6.707 6.715 6.723 6.732 6.741 6.751 6.761 6.771 6.782 6.792 6.800 6.807 6.813 6.817 6.819 6.822 6.831 6.850
6.116 6.128 6.142 6.156 6.170 6.185 6.200 6.215 6.230 6.246 6.261 6.276 6.292 6.307 6.321 6.336 6.350 6.363 6.377 6.389 6.402 6.415 6.426 6.436 6.446 6.456 6.467 6.477 6.486 6.496 6.505 6.514 6.523 6.532 6.540 6.548 6.556 6.564 6.571 6.579 6.586 6.594 6.601 6.609 6.617 6.624 6.631 6.638 6.646 6.654 6.661 6.669 6.677 6.684 6.692 6.699 6.707 6.714 6.722 6.730 6.739 6.748 6.757 6.768 6.778 6.789 6.800 6.811 6.820 6.828 6.835 6.840 6.843 6.846 6.855 6.876
6.122 6.133 6.145 6.158 6.172 6.186 6.201 6.215 6.230 6.246 6.261 6.276 6.291 6.306 6.321 6.336 6.350 6.364 6.377 6.391 6.404 6.416 6.428 6.438 6.449 6.460 6.470 6.481 6.491 6.501 6.511 6.520 6.529 6.538 6.547 6.556 6.564 6.572 6.580 6.587 6.595 6.603 6.611 6.619 6.627 6.635 6.642 6.649 6.657 6.665 6.673 6.682 6.690 6.698 6.706 6.714 6.722 6.730 6.738 6.747 6.755 6.765 6.775 6.785 6.796 6.808 6.819 6.831 6.841 6.850 6.858 6.864 6.868 6.872 6.882 6.903
6.130 6.140 6.151 6.163 6.175 6.189 6.202 6.217 6.231 6.246 6.261 6.276 6.291 6.306 6.321 6.335 6.350 6.364 6.378 6.392 6.405 6.418 6.430 6.441 6.452 6.463 6.474 6.485 6.495 6.506 6.516 6.526 6.535 6.545 6.554 6.563 6.571 6.580 6.588 6.596 6.605 6.613 6.621 6.629 6.638 6.646 6.653 6.661 6.669 6.677 6.686 6.695 6.704 6.712 6.721 6.729 6.738 6.746 6.755 6.764 6.773 6.783 6.793 6.804 6.816 6.828 6.840 6.852 6.863 6.873 6.882 6.889 6.894 6.899 6.909 6.930
6.139 6.148 6.158 6.169 6.180 6.192 6.205 6.219 6.233 6.247 6.261 6.276 6.291 6.306 6.321 6.335 6.350 6.364 6.378 6.392 6.406 6.419 6.431 6.443 6.454 6.466 6.477 6.488 6.499 6.510 6.521 6.531 6.541 6.551 6.561 6.570 6.579 6.588 6.597 6.606 6.614 6.623 6.632 6.640 6.649 6.657 6.665 6.673 6.681 6.690 6.699 6.709 6.718 6.727 6.736 6.745 6.754 6.763 6.772 6.782 6.791 6.802 6.812 6.824 6.836 6.848 6.862 6.875 6.886 6.897 6.908 6.916 6.921 6.926 6.936 6.957
6.151 6.159 6.167 6.176 6.187 6.198 6.210 6.222 6.235 6.249 6.263 6.277 6.292 6.306 6.321 6.336 6.350 6.365 6.379 6.393 6.407 6.421 6.433 6.445 6.456 6.468 6.480 6.492 6.503 6.514 6.525 6.536 6.547 6.557 6.567 6.577 6.587 6.597 6.606 6.615 6.624 6.633 6.642 6.652 6.661 6.669 6.677 6.686 6.695 6.704 6.714 6.723 6.733 6.743 6.752 6.762 6.771 6.781 6.790 6.800 6.810 6.821 6.832 6.844 6.857 6.870 6.884 6.898 6.910 6.923 6.934 6.943 6.949 6.954 6.963 6.984
6.166 6.172 6.179 6.187 6.196 6.205 6.216 6.228 6.240 6.253 6.266 6.280 6.294 6.308 6.322 6.337 6.351 6.366 6.380 6.394 6.408 6.422 6.435 6.447 6.459 6.471 6.483 6.495 6.507 6.519 6.530 6.541 6.552 6.563 6.574 6.585 6.595 6.605 6.615 6.625 6.634 6.644 6.654 6.663 6.673 6.682 6.690 6.699 6.708 6.718 6.728 6.738 6.748 6.759 6.769 6.779 6.789 6.799 6.809 6.819 6.830 6.841 6.853 6.866 6.879 6.893 6.908 6.922 6.935 6.949 6.961 6.970 6.977 6.982 6.991 7.012
6.183 6.187 6.193 6.199 6.207 6.215 6.225 6.235 6.246 6.258 6.270 6.283 6.297 6.311 6.325 6.339 6.353 6.368 6.382 6.396 6.410 6.424 6.437 6.449 6.462 6.474 6.487 6.499 6.511 6.523 6.535 6.547 6.558 6.570 6.581 6.592 6.603 6.614 6.624 6.635 6.645 6.655 6.665 6.675 6.686 6.695 6.703 6.713 6.723 6.733 6.743 6.754 6.765 6.775 6.786 6.797 6.807 6.818 6.829 6.839 6.851 6.862 6.875 6.888 6.901 6.916 6.932 6.947 6.961 6.975 6.988 6.998 7.005 7.010 7.019 7.039
6.202 6.205 6.209 6.214 6.221 6.228 6.236 6.245 6.255 6.265 6.277 6.289 6.302 6.315 6.329 6.342 6.357 6.371 6.385 6.399 6.413 6.427 6.440 6.453 6.465 6.478 6.491 6.503 6.516 6.528 6.540 6.552 6.564 6.576 6.588 6.600 6.611 6.622 6.634 6.645 6.655 6.666 6.677 6.688 6.699 6.708 6.717 6.727 6.738 6.748 6.759 6.770 6.781 6.793 6.804 6.815 6.826 6.837 6.849 6.860 6.872 6.884 6.897 6.910 6.925 6.940 6.956 6.972 6.987 7.002 7.015 7.026 7.033 7.038 7.047 7.067
6.223 6.225 6.228 6.232 6.237 6.243 6.249 6.257 6.265 6.275 6.285 6.297 6.309 6.321 6.334 6.347 6.361 6.375 6.389 6.403 6.417 6.431 6.444 6.457 6.469 6.482 6.495 6.508 6.521 6.533 6.546 6.558 6.571 6.583 6.595 6.608 6.620 6.631 6.643 6.655 6.666 6.678 6.689 6.701 6.712 6.721 6.731 6.742 6.753 6.764 6.775 6.787 6.798 6.810 6.822 6.834 6.845 6.857 6.869 6.881 6.893 6.906 6.920 6.934 6.949 6.964 6.981 6.997 7.013 7.029 7.043 7.055 7.062 7.067 7.075 7.095
6.245 6.247 6.249 6.252 6.256 6.260 6.265 6.271 6.279 6.287 6.296 6.306 6.317 6.329 6.341 6.354 6.367 6.381 6.394 6.408 6.422 6.436 6.449 6.461 6.474 6.487 6.500 6.513 6.526 6.539 6.552 6.565 6.578 6.590 6.603 6.616 6.628 6.641 6.653 6.665 6.677 6.690 6.702 6.714 6.725 6.735 6.746 6.757 6.768 6.780 6.792 6.804 6.816 6.828 6.841 6.853 6.865 6.877 6.890 6.902 6.915 6.929 6.943 6.957 6.973 6.989 7.006 7.023 7.040 7.056 7.071 7.083 7.091 7.096 7.104 7.124
6.267 6.269 6.271 6.274 6.276 6.280 6.284 6.289 6.295 6.302 6.310 6.318 6.328 6.339 6.350 6.362 6.375 6.388 6.401 6.415 6.429 6.442 6.455 6.468 6.480 6.493 6.507 6.520 6.533 6.546 6.559 6.572 6.585 6.598 6.611 6.624 6.637 6.650 6.663 6.676 6.689 6.701 6.714 6.727 6.739 6.750 6.761 6.772 6.784 6.796 6.809 6.821 6.834 6.847 6.859 6.872 6.885 6.898 6.911 6.924 6.938 6.952 6.966 6.981 6.997 7.014 7.031 7.049 7.066 7.083 7.099 7.111 7.119 7.124 7.132 7.152
6.290 6.292 6.294 6.296 6.298 6.301 6.304 6.308 6.313 6.318 6.325 6.333 6.342 6.351 6.362 6.373 6.385 6.397 6.410 6.423 6.437 6.450 6.462 6.475 6.488 6.501 6.514 6.527 6.540 6.553 6.567 6.580 6.593 6.607 6.620 6.633 6.647 6.660 6.673 6.687 6.700 6.713 6.727 6.740 6.752 6.764 6.776 6.788 6.800 6.813 6.826 6.839 6.852 6.865 6.879 6.892 6.906 6.919 6.933 6.946 6.960 6.975 6.989 7.005 7.021 7.039 7.057 7.075 7.092 7.110 7.126 7.139 7.147 7.152 7.160 7.180
6.312 6.315 6.317 6.320 6.322 6.324 6.326 6.329 6.333 6.337 6.343 6.350 6.357 6.366 6.375 6.385 6.397 6.408 6.421 6.433 6.447 6.459 6.471 6.483 6.496 6.509 6.522 6.535 6.549 6.562 6.575 6.589 6.602 6.616 6.629 6.643 6.657 6.670 6.684 6.698 6.712 6.726 6.739 6.753 6.766 6.778 6.791 6.804 6.816 6.830 6.843 6.856 6.870 6.884 6.898 6.912 6.926 6.940 6.954 6.968 6.983 6.998 7.013 7.029 7.046 7.063 7.082 7.100 7.118 7.136 7.153 7.167 7.175 7.180 7.188 7.207
6.333 6.337 6.340 6.343 6.345 6.347 6.350 6.352 6.355 6.358 6.363 6.368 6.375 6.382 6.391 6.400 6.410 6.421 6.433 6.445 6.458 6.470 6.481 6.493 6.506 6.519 6.532 6.545 6.558 6.571 6.585 6.598 6.612 6.625 6.639 6.653 6.667 6.681 6.695 6.709 6.724 6.738 6.752 6.767 6.780 6.793 6.806 6.819 6.833 6.846 6.860 6.874 6.888 6.903 6.917 6.932 6.947 6.961 6.976 6.991 7.006 7.021 7.037 7.053 7.070 7.088 7.107 7.125 7.144 7.162 7.180 7.194 7.203 7.207 7.214 7.232
6.352 6.358 6.362 6.366 6.369 6.371 6.373 6.375 6.378 6.381 6.384 6.389 6.394 6.401 6.408 6.416 6.426 6.436 6.447 6.458 6.470 6.482 6.493 6.505 6.517 6.530 6.542 6.555 6.568 6.582 6.595 6.608 6.622 6.636 6.650 6.664 6.678 6.692 6.707 6.721 6.736 6.751 6.766 6.781 6.795 6.808 6.822 6.835 6.849 6.863 6.878 6.892 6.907 6.922 6.937 6.952 6.967 6.982 6.998 7.013 7.028 7.044 7.060 7.076 7.094 7.112 7.131 7.150 7.169 7.188 7.206 7.220 7.229 7.233 7.239 7.257
6.371 6.377 6.383 6.387 6.391 6.394 6.397 6.399 6.402 6.404 6.407 6.411 6.415 6.421 6.427 6.435 6.443 6.452 6.462 6.473 6.485 6.496 6.506 6.518 6.530 6.542 6.555 6.567 6.580 6.593 6.606 6.620 6.633 6.647 6.661 6.675 6.689 6.704 6.719 6.734 6.749 6.764 6.779 6.794 6.809 6.823 6.837 6.851 6.866 6.880 6.895 6.910 6.926 6.941 6.957 6.972 6.988 7.003 7.019 7.035 7.051 7.067 7.083 7.100 7.117 7.136 7.155 7.174 7.194 7.213 7.231 7.246 7.254 7.258 7.264 7.281
