version1/TsunamiDB/out54126.asc
ncols          264
nrows          230
xllcorner      497853.4375
yllcorner      4229146.0000
cellsize         5.
NODATA_value   -99
[rows 136 to 169 of 230, columns 154 to 230 of 264]
7.083 7.085 7.087 7.090 7.092 7.095 7.097 7.100 7.102 7.105 7.107 7.110 7.112 7.115 7.118 7.122 7.125 7.129 7.133 7.137 7.143 7.149 7.156 7.164 7.173 7.182 7.192 7.203 7.213 7.223 7.232 7.237 7.242 7.247 7.253 7.257 7.264 7.272 7.284 7.298 7.317 7.339 7.364 7.386 7.411 7.445 7.484 7.525 7.568 7.614 7.663 7.726 7.791 7.827 7.864 7.921 7.973 8.020 8.063 8.102 8.136 8.160 8.175 8.184 8.194 8.207 8.220 8.232 8.242 8.251 8.261 8.271 8.283 8.287 8.292 8.304 8.316
7.095 7.097 7.099 7.102 7.104 7.106 7.108 7.110 7.112 7.114 7.116 7.118 7.121 7.123 7.126 7.129 7.132 7.136 7.139 7.144 7.149 7.155 7.162 7.170 7.179 7.188 7.198 7.209 7.219 7.229 7.236 7.241 7.246 7.251 7.257 7.261 7.268 7.277 7.290 7.307 7.328 7.353 7.380 7.403 7.430 7.467 7.509 7.553 7.598 7.646 7.702 7.766 7.827 7.861 7.897 7.952 8.002 8.047 8.087 8.124 8.153 8.174 8.189 8.197 8.205 8.217 8.228 8.238 8.247 8.256 8.265 8.276 8.287 8.291 8.296 8.309 8.321
7.109 7.111 7.112 7.114 7.116 7.118 7.119 7.121 7.123 7.125 7.126 7.128 7.130 7.132 7.135 7.138 7.140 7.143 7.147 7.151 7.156 7.162 7.169 7.176 7.185 7.194 7.204 7.214 7.225 7.234 7.241 7.246 7.250 7.256 7.261 7.266 7.273 7.284 7.298 7.317 7.340 7.368 7.397 7.422 7.450 7.491 7.536 7.583 7.631 7.684 7.742 7.804 7.861 7.894 7.928 7.980 8.028 8.071 8.109 8.142 8.168 8.187 8.201 8.209 8.215 8.226 8.236 8.245 8.253 8.261 8.270 8.280 8.291 8.296 8.301 8.313 8.326
7.123 7.125 7.126 7.128 7.129 7.130 7.132 7.133 7.135 7.136 7.137 7.139 7.140 7.142 7.144 7.146 7.149 7.151 7.155 7.158 7.163 7.169 7.175 7.183 7.191 7.200 7.210 7.221 7.230 7.239 7.246 7.251 7.255 7.261 7.267 7.272 7.281 7.293 7.308 7.328 7.354 7.384 7.416 7.442 7.472 7.517 7.566 7.615 7.668 7.724 7.782 7.840 7.894 7.924 7.957 8.007 8.052 8.093 8.128 8.157 8.181 8.199 8.213 8.219 8.226 8.235 8.244 8.251 8.258 8.266 8.274 8.284 8.295 8.300 8.305 8.318 8.332
7.139 7.140 7.141 7.142 7.143 7.144 7.145 7.146 7.147 7.148 7.149 7.150 7.151 7.152 7.154 7.156 7.158 7.160 7.163 7.167 7.171 7.176 7.183 7.190 7.198 7.207 7.217 7.227 7.236 7.245 7.252 7.257 7.262 7.268 7.275 7.281 7.290 7.303 7.320 7.341 7.369 7.401 7.437 7.465 7.498 7.546 7.598 7.652 7.707 7.763 7.820 7.875 7.925 7.954 7.985 8.031 8.074 8.112 8.144 8.172 8.194 8.211 8.224 8.230 8.235 8.244 8.251 8.258 8.264 8.270 8.278 8.288 8.299 8.304 8.310 8.323 8.337
7.155 7.156 7.157 7.158 7.158 7.159 7.160 7.160 7.161 7.161 7.162 7.162 7.163 7.163 7.165 7.166 7.168 7.169 7.172 7.175 7.180 7.185 7.190 7.197 7.205 7.214 7.224 7.233 7.243 7.252 7.259 7.265 7.270 7.277 7.284 7.291 7.301 7.316 7.333 7.356 7.385 7.421 7.460 7.491 7.526 7.578 7.633 7.689 7.745 7.801 7.856 7.908 7.955 7.982 8.010 8.053 8.094 8.129 8.160 8.186 8.207 8.222 8.234 8.240 8.245 8.252 8.258 8.264 8.269 8.275 8.282 8.291 8.303 8.308 8.314 8.328 8.343
7.171 7.172 7.173 7.174 7.174 7.175 7.175 7.175 7.176 7.176 7.175 7.175 7.175 7.176 7.176 7.177 7.178 7.180 7.182 7.185 7.189 7.193 7.199 7.206 7.214 7.222 7.231 7.241 7.251 7.260 7.268 7.274 7.279 7.287 7.294 7.303 7.314 7.330 7.348 7.372 7.403 7.443 7.487 7.520 7.557 7.613 7.671 7.727 7.783 7.837 7.890 7.939 7.983 8.008 8.035 8.075 8.112 8.146 8.174 8.199 8.219 8.234 8.244 8.249 8.254 8.260 8.265 8.270 8.274 8.279 8.285 8.295 8.307 8.313 8.319 8.334 8.349
7.187 7.188 7.189 7.190 7.190 7.191 7.191 7.191 7.191 7.191 7.190 7.189 7.189 7.188 7.189 7.189 7.190 7.191 7.193 7.195 7.199 7.203 7.208 7.215 7.222 7.231 7.240 7.249 7.259 7.269 7.277 7.284 7.290 7.298 7.307 7.316 7.329 7.346 7.365 7.391 7.425 7.468 7.516 7.551 7.591 7.650 7.708 7.765 7.819 7.872 7.922 7.969 8.010 8.033 8.057 8.095 8.129 8.161 8.188 8.211 8.230 8.244 8.253 8.258 8.261 8.266 8.271 8.275 8.279 8.283 8.289 8.299 8.312 8.319 8.325 8.341 8.355
7.203 7.204 7.205 7.206 7.207 7.207 7.207 7.207 7.207 7.206 7.205 7.204 7.203 7.202 7.202 7.202 7.202 7.202 7.204 7.206 7.209 7.213 7.218 7.224 7.232 7.240 7.249 7.259 7.269 7.279 7.289 7.296 7.302 7.311 7.321 7.332 7.346 7.364 7.386 7.413 7.449 7.495 7.547 7.585 7.626 7.686 7.745 7.801 7.854 7.905 7.954 7.997 8.036 8.057 8.079 8.114 8.147 8.176 8.201 8.223 8.242 8.255 8.262 8.266 8.269 8.273 8.277 8.281 8.284 8.288 8.294 8.304 8.318 8.325 8.332 8.347 8.362
7.217 7.219 7.220 7.221 7.222 7.223 7.223 7.223 7.223 7.222 7.221 7.219 7.218 7.216 7.216 7.215 7.214 7.215 7.216 7.217 7.220 7.223 7.228 7.234 7.242 7.250 7.259 7.270 7.281 7.292 7.302 7.310 7.317 7.327 7.337 7.349 7.365 7.385 7.408 7.438 7.476 7.526 7.584 7.624 7.665 7.725 7.784 7.839 7.891 7.940 7.985 8.026 8.063 8.082 8.102 8.135 8.164 8.191 8.215 8.236 8.254 8.266 8.271 8.273 8.276 8.279 8.284 8.287 8.290 8.294 8.299 8.309 8.325 8.332 8.339 8.355 8.369
7.230 7.232 7.234 7.236 7.237 7.238 7.238 7.239 7.238 7.237 7.236 7.234 7.232 7.231 7.229 7.228 7.227 7.227 7.228 7.229 7.231 7.234 7.238 7.245 7.252 7.261 7.271 7.282 7.294 7.306 7.316 7.325 7.332 7.344 7.356 7.369 7.387 7.409 7.435 7.467 7.508 7.566 7.628 7.666 7.706 7.766 7.824 7.877 7.927 7.974 8.017 8.056 8.090 8.107 8.125 8.155 8.183 8.207 8.229 8.249 8.266 8.275 8.278 8.280 8.282 8.286 8.289 8.293 8.297 8.300 8.304 8.317 8.335 8.341 8.348 8.363 8.376
7.241 7.244 7.247 7.249 7.250 7.252 7.253 7.253 7.253 7.252 7.251 7.249 7.247 7.245 7.243 7.241 7.240 7.239 7.239 7.240 7.241 7.244 7.249 7.255 7.264 7.273 7.284 7.295 7.308 7.320 7.332 7.341 7.351 7.364 7.377 7.393 7.414 7.439 7.468 7.504 7.552 7.613 7.672 7.709 7.749 7.807 7.863 7.916 7.964 8.008 8.049 8.085 8.116 8.132 8.149 8.176 8.201 8.223 8.243 8.261 8.275 8.282 8.285 8.287 8.288 8.292 8.296 8.300 8.304 8.308 8.315 8.328 8.344 8.350 8.357 8.371 8.383
7.251 7.254 7.257 7.260 7.262 7.264 7.265 7.266 7.266 7.266 7.264 7.263 7.260 7.258 7.256 7.254 7.252 7.251 7.250 7.250 7.251 7.254 7.259 7.266 7.275 7.286 7.297 7.310 7.323 7.336 7.348 7.359 7.372 7.387 7.402 7.421 7.446 7.475 7.508 7.549 7.601 7.660 7.718 7.753 7.791 7.849 7.904 7.954 8.000 8.043 8.081 8.114 8.144 8.158 8.172 8.197 8.220 8.240 8.257 8.272 8.283 8.289 8.293 8.295 8.295 8.299 8.304 8.309 8.314 8.319 8.328 8.340 8.354 8.360 8.366 8.379 8.390
7.258 7.262 7.266 7.269 7.272 7.274 7.276 7.277 7.278 7.278 7.277 7.275 7.273 7.270 7.267 7.265 7.263 7.261 7.259 7.259 7.260 7.263 7.269 7.277 7.287 7.298 7.311 7.325 7.338 7.352 7.366 7.380 7.396 7.413 7.431 7.455 7.483 7.516 7.554 7.599 7.652 7.709 7.764 7.798 7.835 7.891 7.945 7.994 8.038 8.078 8.113 8.145 8.172 8.184 8.197 8.219 8.239 8.256 8.271 8.283 8.292 8.298 8.302 8.303 8.304 8.308 8.314 8.319 8.325 8.332 8.341 8.352 8.365 8.370 8.375 8.387 8.397
7.264 7.269 7.273 7.277 7.280 7.283 7.285 7.287 7.288 7.288 7.287 7.286 7.283 7.280 7.278 7.275 7.272 7.269 7.267 7.266 7.268 7.271 7.278 7.287 7.298 7.311 7.325 7.339 7.354 7.369 7.385 7.402 7.422 7.443 7.465 7.493 7.526 7.563 7.605 7.651 7.703 7.758 7.811 7.845 7.880 7.935 7.986 8.034 8.076 8.114 8.147 8.176 8.200 8.211 8.222 8.242 8.259 8.273 8.285 8.295 8.303 8.308 8.312 8.313 8.313 8.319 8.325 8.331 8.338 8.346 8.355 8.365 8.376 8.380 8.385 8.395 8.404
7.268 7.273 7.278 7.282 7.286 7.289 7.292 7.294 7.296 7.297 7.296 7.295 7.292 7.289 7.286 7.283 7.279 7.276 7.273 7.273 7.274 7.279 7.287 7.297 7.309 7.323 7.338 7.353 7.369 7.386 7.405 7.426 7.452 7.476 7.502 7.535 7.573 7.614 7.656 7.703 7.754 7.807 7.860 7.892 7.926 7.979 8.029 8.075 8.115 8.151 8.182 8.208 8.231 8.240 8.249 8.265 8.280 8.292 8.301 8.309 8.314 8.319 8.324 8.325 8.325 8.331 8.338 8.345 8.352 8.361 8.369 8.379 8.388 8.391 8.395 8.403 8.411
7.270 7.276 7.281 7.286 7.290 7.294 7.298 7.300 7.302 7.303 7.303 7.302 7.299 7.296 7.293 7.288 7.284 7.280 7.278 7.277 7.280 7.286 7.294 7.305 7.318 7.333 7.350 7.367 7.385 7.404 7.426 7.453 7.483 7.512 7.541 7.579 7.622 7.664 7.708 7.754 7.803 7.856 7.908 7.939 7.973 8.025 8.073 8.117 8.155 8.189 8.218 8.242 8.262 8.269 8.276 8.290 8.302 8.311 8.318 8.324 8.328 8.333 8.339 8.339 8.339 8.345 8.352 8.360 8.368 8.376 8.384 8.392 8.400 8.402 8.405 8.412 8.418
7.271 7.278 7.283 7.289 7.293 7.298 7.302 7.305 7.307 7.309 7.309 7.307 7.305 7.301 7.297 7.292 7.287 7.283 7.281 7.281 7.284 7.291 7.300 7.312 7.326 7.342 7.361 7.380 7.400 7.422 7.449 7.481 7.517 7.549 7.582 7.625 7.669 7.713 7.757 7.802 7.851 7.903 7.955 7.986 8.019 8.070 8.116 8.158 8.194 8.226 8.254 8.276 8.293 8.299 8.304 8.315 8.325 8.332 8.338 8.341 8.345 8.350 8.355 8.355 8.355 8.362 8.369 8.376 8.384 8.392 8.399 8.406 8.412 8.413 8.415 8.420 8.425
7.271 7.278 7.284 7.290 7.295 7.300 7.304 7.308 7.311 7.313 7.313 7.312 7.308 7.305 7.300 7.294 7.288 7.284 7.282 7.283 7.288 7.295 7.305 7.318 7.333 7.350 7.371 7.392 7.415 7.442 7.472 7.508 7.550 7.586 7.622 7.668 7.715 7.760 7.804 7.850 7.897 7.948 8.001 8.033 8.065 8.114 8.159 8.199 8.233 8.264 8.290 8.310 8.325 8.329 8.333 8.342 8.350 8.356 8.360 8.362 8.365 8.368 8.374 8.374 8.373 8.380 8.387 8.394 8.401 8.408 8.415 8.421 8.425 8.425 8.425 8.429 8.433
7.270 7.277 7.284 7.291 7.296 7.302 7.306 7.310 7.314 7.316 7.316 7.314 7.311 7.306 7.301 7.294 7.289 7.284 7.283 7.285 7.290 7.299 7.309 7.323 7.339 7.358 7.381 7.405 7.432 7.463 7.497 7.539 7.587 7.626 7.663 7.712 7.760 7.806 7.851 7.896 7.941 7.992 8.047 8.080 8.111 8.158 8.202 8.239 8.272 8.301 8.326 8.345 8.357 8.360 8.362 8.370 8.377 8.381 8.384 8.386 8.387 8.390 8.397 8.396 8.395 8.401 8.407 8.414 8.420 8.426 8.432 8.437 8.438 8.437 8.437 8.439 8.442
7.268 7.276 7.283 7.290 7.297 7.302 7.307 7.312 7.315 7.318 7.318 7.316 7.312 7.307 7.301 7.294 7.288 7.284 7.283 7.286 7.292 7.301 7.313 7.327 7.345 7.367 7.392 7.420 7.451 7.486 7.525 7.575 7.628 7.666 7.705 7.754 7.803 7.850 7.895 7.939 7.984 8.039 8.095 8.125 8.155 8.201 8.242 8.277 8.309 8.337 8.360 8.376 8.386 8.389 8.391 8.398 8.404 8.408 8.410 8.411 8.412 8.416 8.423 8.421 8.419 8.425 8.430 8.435 8.440 8.446 8.451 8.453 8.452 8.450 8.449 8.450 8.452
7.266 7.274 7.282 7.289 7.296 7.302 7.308 7.313 7.317 7.319 7.319 7.317 7.312 7.307 7.301 7.294 7.288 7.284 7.284 7.287 7.293 7.303 7.317 7.333 7.352 7.377 7.406 7.439 7.475 7.515 7.561 7.616 7.668 7.706 7.745 7.796 7.845 7.893 7.938 7.983 8.032 8.087 8.139 8.167 8.196 8.240 8.278 8.312 8.342 8.368 8.390 8.404 8.414 8.417 8.419 8.426 8.431 8.435 8.438 8.439 8.441 8.446 8.452 8.449 8.447 8.451 8.455 8.459 8.463 8.466 8.469 8.469 8.468 8.465 8.462 8.462 8.463
7.263 7.272 7.280 7.288 7.295 7.302 7.308 7.313 7.318 7.320 7.320 7.317 7.313 7.307 7.301 7.293 7.287 7.284 7.283 7.287 7.294 7.306 7.322 7.340 7.361 7.390 7.424 7.461 7.502 7.549 7.601 7.656 7.708 7.746 7.785 7.835 7.886 7.934 7.981 8.029 8.079 8.130 8.179 8.206 8.234 8.275 8.311 8.343 8.372 8.396 8.415 8.429 8.440 8.443 8.445 8.452 8.458 8.463 8.466 8.469 8.472 8.477 8.482 8.478 8.475 8.479 8.482 8.485 8.487 8.489 8.489 8.488 8.485 8.481 8.477 8.476 8.475
7.260 7.269 7.278 7.287 7.294 7.302 7.308 7.314 7.318 7.321 7.321 7.318 7.313 7.307 7.300 7.293 7.287 7.283 7.283 7.287 7.296 7.311 7.330 7.350 7.374 7.407 7.445 7.488 7.535 7.586 7.640 7.695 7.746 7.785 7.823 7.875 7.926 7.976 8.024 8.073 8.122 8.171 8.216 8.241 8.268 8.306 8.341 8.371 8.397 8.419 8.437 8.452 8.463 8.467 8.469 8.477 8.484 8.490 8.494 8.499 8.503 8.508 8.512 8.509 8.505 8.508 8.510 8.512 8.512 8.512 8.511 8.508 8.505 8.499 8.494 8.492 8.490
7.257 7.266 7.276 7.285 7.293 7.301 7.308 7.314 7.319 7.321 7.322 7.318 7.313 7.307 7.300 7.292 7.286 7.283 7.283 7.288 7.299 7.317 7.340 7.362 7.389 7.428 7.471 7.519 7.570 7.624 7.680 7.734 7.786 7.824 7.862 7.914 7.966 8.017 8.066 8.115 8.163 8.209 8.250 8.274 8.299 8.334 8.366 8.395 8.419 8.440 8.458 8.472 8.484 8.488 8.492 8.500 8.508 8.515 8.521 8.527 8.533 8.538 8.541 8.539 8.536 8.538 8.539 8.540 8.539 8.537 8.535 8.531 8.527 8.520 8.513 8.510 8.507
7.254 7.264 7.274 7.283 7.292 7.300 7.308 7.314 7.319 7.322 7.322 7.319 7.314 7.307 7.300 7.292 7.286 7.283 7.284 7.290 7.304 7.325 7.352 7.378 7.408 7.451 7.500 7.552 7.606 7.662 7.718 7.773 7.825 7.862 7.901 7.953 8.005 8.057 8.106 8.154 8.201 8.244 8.282 8.304 8.328 8.360 8.390 8.416 8.439 8.459 8.476 8.491 8.503 8.508 8.512 8.522 8.531 8.539 8.547 8.554 8.560 8.566 8.570 8.568 8.565 8.567 8.568 8.568 8.567 8.564 8.560 8.556 8.551 8.543 8.535 8.530 8.526
7.251 7.261 7.272 7.281 7.291 7.299 7.307 7.314 7.320 7.323 7.324 7.320 7.314 7.308 7.301 7.292 7.286 7.283 7.285 7.293 7.311 7.337 7.368 7.396 7.430 7.479 7.531 7.586 7.642 7.699 7.756 7.812 7.863 7.900 7.939 7.992 8.044 8.095 8.144 8.191 8.236 8.276 8.311 8.332 8.354 8.384 8.411 8.436 8.458 8.477 8.494 8.508 8.521 8.526 8.531 8.542 8.552 8.561 8.570 8.578 8.585 8.591 8.596 8.594 8.593 8.595 8.596 8.596 8.594 8.591 8.587 8.582 8.577 8.568 8.559 8.553 8.548
7.249 7.259 7.270 7.280 7.290 7.299 7.307 7.315 7.321 7.325 7.325 7.321 7.315 7.309 7.301 7.293 7.287 7.285 7.288 7.300 7.321 7.351 7.387 7.418 7.455 7.508 7.563 7.621 7.678 7.735 7.793 7.849 7.901 7.937 7.975 8.028 8.080 8.131 8.179 8.225 8.268 8.305 8.337 8.357 8.377 8.404 8.430 8.454 8.474 8.493 8.510 8.525 8.538 8.544 8.549 8.560 8.571 8.581 8.591 8.600 8.608 8.614 8.619 8.619 8.618 8.620 8.622 8.622 8.621 8.618 8.614 8.609 8.604 8.595 8.585 8.578 8.572
7.247 7.258 7.269 7.279 7.289 7.299 7.308 7.315 7.322 7.326 7.327 7.323 7.317 7.310 7.303 7.294 7.289 7.288 7.293 7.308 7.332 7.366 7.406 7.441 7.481 7.536 7.594 7.654 7.712 7.770 7.829 7.884 7.937 7.973 8.012 8.064 8.115 8.165 8.211 8.256 8.297 8.333 8.363 8.381 8.399 8.425 8.449 8.471 8.491 8.509 8.526 8.540 8.554 8.560 8.566 8.578 8.589 8.600 8.610 8.620 8.628 8.635 8.641 8.641 8.641 8.644 8.646 8.647 8.646 8.644 8.641 8.637 8.631 8.622 8.613 8.605 8.598
7.246 7.257 7.268 7.279 7.289 7.299 7.308 7.317 7.324 7.328 7.329 7.326 7.319 7.312 7.304 7.296 7.291 7.292 7.300 7.318 7.346 7.385 7.430 7.467 7.509 7.567 7.627 7.688 7.748 7.807 7.865 7.921 7.975 8.012 8.049 8.101 8.151 8.200 8.245 8.288 8.327 8.361 8.387 8.404 8.421 8.445 8.467 8.489 8.508 8.525 8.542 8.556 8.570 8.577 8.583 8.595 8.607 8.618 8.629 8.639 8.648 8.655 8.661 8.661 8.662 8.665 8.668 8.669 8.670 8.669 8.667 8.663 8.658 8.650 8.641 8.634 8.626
7.246 7.257 7.268 7.279 7.290 7.300 7.310 7.318 7.326 7.331 7.332 7.328 7.320 7.314 7.307 7.299 7.295 7.298 7.309 7.331 7.364 7.408 7.457 7.495 7.538 7.599 7.661 7.723 7.784 7.845 7.903 7.961 8.015 8.050 8.086 8.137 8.186 8.233 8.277 8.318 8.356 8.386 8.409 8.425 8.441 8.464 8.485 8.505 8.524 8.541 8.557 8.572 8.586 8.592 8.599 8.611 8.623 8.635 8.646 8.657 8.666 8.673 8.679 8.680 8.681 8.685 8.688 8.690 8.691 8.691 8.690 8.688 8.684 8.676 8.668 8.662 8.655
7.247 7.258 7.269 7.280 7.291 7.302 7.311 7.320 7.328 7.334 7.335 7.331 7.324 7.318 7.311 7.304 7.302 7.308 7.323 7.349 7.387 7.436 7.486 7.524 7.569 7.631 7.695 7.759 7.821 7.882 7.943 8.001 8.053 8.087 8.123 8.172 8.220 8.265 8.307 8.345 8.380 8.407 8.430 8.445 8.461 8.482 8.502 8.522 8.540 8.557 8.573 8.588 8.601 8.608 8.615 8.627 8.640 8.652 8.663 8.673 8.683 8.690 8.695 8.697 8.698 8.702 8.706 8.709 8.711 8.712 8.712 8.710 8.707 8.701 8.694 8.688 8.682
7.248 7.260 7.271 7.282 7.293 7.303 7.314 7.323 7.331 7.337 7.338 7.335 7.328 7.323 7.317 7.311 7.312 7.321 7.340 7.370 7.413 7.463 7.514 7.553 7.599 7.663 7.729 7.795 7.859 7.921 7.982 8.039 8.090 8.123 8.157 8.205 8.251 8.294 8.334 8.370 8.402 8.428 8.450 8.465 8.479 8.500 8.519 8.538 8.556 8.572 8.588 8.603 8.616 8.623 8.630 8.642 8.655 8.667 8.679 8.689 8.698 8.705 8.711 8.713 8.715 8.719 8.723 8.726 8.729 8.730 8.731 8.730 8.729 8.724 8.718 8.714 8.709
7.251 7.262 7.273 7.284 7.295 7.306 7.316 7.326 7.335 7.341 7.343 7.339 7.333 7.329 7.325 7.321 7.325 7.337 7.360 7.394 7.439 7.491 7.542 7.583 7.630 7.697 7.764 7.831 7.896 7.960 8.021 8.076 8.126 8.157 8.190 8.236 8.280 8.322 8.359 8.393 8.422 8.448 8.470 8.484 8.497 8.517 8.536 8.555 8.572 8.588 8.603 8.617 8.631 8.637 8.644 8.657 8.670 8.682 8.694 8.704 8.712 8.720 8.726 8.728 8.730 8.734 8.738 8.742 8.745 8.747 8.748 8.748 8.748 8.744 8.740 8.737 8.734
