version1/TsunamiDB/out54140.asc
ncols          264
nrows          230
xllcorner      497853.4375
yllcorner      4229146.0000
cellsize         5.
NODATA_value   -99
[rows 68 to 101 of 230, columns 154 to 230 of 264]
6.582 6.585 6.589 6.592 6.595 6.599 6.603 6.607 6.611 6.615 6.620 6.625 6.630 6.636 6.641 6.647 6.654 6.660 6.667 6.674 6.681 6.687 6.694 6.700 6.706 6.713 6.719 6.725 6.731 6.736 6.742 6.748 6.753 6.758 6.763 6.768 6.773 6.777 6.782 6.786 6.791 6.796 6.801 6.805 6.809 6.813 6.817 6.821 6.826 6.830 6.834 6.839 6.843 6.848 6.853 6.858 6.864 6.869 6.875 6.881 6.887 6.894 6.901 6.908 6.917 6.925 6.934 6.943 6.953 6.962 6.967 6.968 6.969 6.974 6.980 6.988 7.005
6.586 6.590 6.593 6.596 6.599 6.603 6.607 6.610 6.615 6.619 6.623 6.628 6.633 6.639 6.644 6.650 6.656 6.663 6.670 6.677 6.683 6.690 6.696 6.703 6.709 6.715 6.721 6.728 6.734 6.739 6.745 6.751 6.756 6.761 6.767 6.772 6.776 6.781 6.786 6.790 6.795 6.800 6.805 6.809 6.813 6.817 6.822 6.826 6.830 6.835 6.839 6.844 6.849 6.854 6.859 6.865 6.870 6.876 6.882 6.889 6.896 6.903 6.910 6.918 6.927 6.937 6.946 6.956 6.966 6.975 6.981 6.983 6.983 6.989 6.996 7.004 7.021
6.591 6.594 6.597 6.600 6.604 6.607 6.611 6.614 6.618 6.622 6.627 6.632 6.637 6.642 6.647 6.653 6.659 6.666 6.673 6.679 6.686 6.692 6.699 6.705 6.712 6.718 6.724 6.730 6.736 6.742 6.748 6.754 6.759 6.765 6.770 6.775 6.780 6.785 6.790 6.794 6.799 6.804 6.809 6.813 6.817 6.822 6.826 6.831 6.835 6.840 6.845 6.850 6.855 6.860 6.866 6.871 6.877 6.884 6.890 6.897 6.904 6.912 6.920 6.929 6.938 6.948 6.958 6.968 6.979 6.988 6.995 6.997 6.998 7.004 7.012 7.021 7.038
6.595 6.598 6.601 6.604 6.608 6.611 6.614 6.618 6.622 6.626 6.630 6.635 6.640 6.645 6.651 6.656 6.662 6.669 6.675 6.682 6.689 6.695 6.701 6.708 6.714 6.721 6.727 6.733 6.739 6.745 6.751 6.757 6.762 6.768 6.773 6.778 6.783 6.788 6.793 6.798 6.803 6.808 6.813 6.817 6.822 6.826 6.831 6.835 6.840 6.845 6.850 6.855 6.861 6.866 6.872 6.878 6.884 6.891 6.898 6.905 6.913 6.921 6.930 6.939 6.949 6.959 6.969 6.980 6.992 7.002 7.009 7.012 7.013 7.019 7.028 7.037 7.055
6.599 6.602 6.605 6.608 6.612 6.615 6.618 6.622 6.626 6.630 6.634 6.639 6.643 6.648 6.654 6.659 6.665 6.671 6.678 6.685 6.691 6.698 6.704 6.710 6.717 6.723 6.729 6.736 6.742 6.748 6.754 6.760 6.765 6.771 6.776 6.782 6.787 6.792 6.797 6.802 6.807 6.812 6.817 6.822 6.826 6.831 6.836 6.840 6.845 6.850 6.855 6.861 6.866 6.872 6.878 6.885 6.892 6.899 6.906 6.914 6.922 6.930 6.939 6.949 6.960 6.970 6.981 6.992 7.004 7.015 7.023 7.026 7.027 7.034 7.043 7.053 7.071
6.603 6.606 6.609 6.612 6.616 6.619 6.622 6.626 6.629 6.633 6.637 6.642 6.647 6.652 6.657 6.662 6.668 6.674 6.681 6.688 6.694 6.700 6.707 6.713 6.719 6.726 6.732 6.738 6.745 6.751 6.757 6.763 6.768 6.774 6.780 6.785 6.790 6.796 6.801 6.806 6.811 6.816 6.821 6.826 6.831 6.836 6.840 6.845 6.850 6.856 6.861 6.867 6.872 6.879 6.885 6.892 6.899 6.906 6.914 6.922 6.931 6.940 6.949 6.960 6.970 6.981 6.993 7.005 7.017 7.028 7.036 7.039 7.042 7.049 7.059 7.069 7.087
6.608 6.610 6.613 6.616 6.620 6.623 6.626 6.629 6.633 6.637 6.641 6.645 6.650 6.655 6.660 6.665 6.671 6.677 6.684 6.690 6.697 6.703 6.709 6.716 6.722 6.728 6.735 6.741 6.747 6.753 6.760 6.766 6.771 6.777 6.783 6.788 6.794 6.799 6.804 6.810 6.815 6.820 6.826 6.831 6.835 6.840 6.845 6.850 6.856 6.861 6.867 6.873 6.879 6.885 6.892 6.899 6.906 6.914 6.922 6.931 6.940 6.949 6.959 6.970 6.981 6.992 7.004 7.016 7.029 7.041 7.049 7.053 7.056 7.064 7.074 7.085 7.103
6.612 6.614 6.617 6.620 6.623 6.627 6.630 6.633 6.637 6.640 6.644 6.649 6.653 6.658 6.663 6.668 6.674 6.680 6.687 6.693 6.699 6.705 6.712 6.718 6.725 6.731 6.737 6.744 6.750 6.756 6.762 6.768 6.774 6.780 6.786 6.792 6.797 6.803 6.808 6.813 6.819 6.825 6.830 6.835 6.840 6.845 6.850 6.856 6.861 6.867 6.873 6.879 6.885 6.892 6.899 6.906 6.914 6.922 6.930 6.939 6.949 6.958 6.969 6.980 6.991 7.003 7.015 7.028 7.041 7.053 7.062 7.066 7.069 7.077 7.088 7.099 7.118
6.616 6.618 6.621 6.624 6.627 6.630 6.633 6.637 6.640 6.644 6.648 6.652 6.656 6.661 6.666 6.671 6.677 6.683 6.689 6.696 6.702 6.708 6.714 6.721 6.727 6.734 6.740 6.746 6.753 6.759 6.765 6.771 6.777 6.783 6.789 6.795 6.801 6.806 6.812 6.817 6.823 6.829 6.835 6.840 6.845 6.850 6.856 6.861 6.867 6.873 6.879 6.885 6.892 6.899 6.906 6.914 6.922 6.930 6.939 6.948 6.958 6.968 6.978 6.990 7.002 7.014 7.026 7.040 7.053 7.065 7.074 7.078 7.081 7.090 7.101 7.113 7.131
6.619 6.622 6.625 6.628 6.631 6.634 6.637 6.640 6.644 6.648 6.651 6.655 6.660 6.664 6.669 6.674 6.680 6.686 6.692 6.699 6.705 6.711 6.717 6.723 6.730 6.736 6.743 6.749 6.755 6.762 6.768 6.774 6.781 6.787 6.793 6.799 6.804 6.810 6.816 6.822 6.828 6.834 6.839 6.845 6.850 6.856 6.861 6.867 6.873 6.879 6.885 6.892 6.898 6.906 6.913 6.921 6.929 6.938 6.947 6.957 6.967 6.977 6.988 6.999 7.012 7.024 7.037 7.050 7.064 7.076 7.085 7.089 7.093 7.103 7.115 7.127 7.146
6.623 6.626 6.629 6.632 6.635 6.638 6.641 6.644 6.647 6.651 6.655 6.659 6.663 6.668 6.672 6.677 6.683 6.689 6.695 6.701 6.707 6.714 6.720 6.726 6.732 6.739 6.745 6.752 6.758 6.765 6.771 6.777 6.784 6.790 6.796 6.802 6.808 6.814 6.820 6.826 6.832 6.838 6.844 6.850 6.855 6.861 6.867 6.873 6.879 6.885 6.892 6.898 6.905 6.913 6.921 6.929 6.937 6.946 6.956 6.965 6.976 6.986 6.997 7.009 7.021 7.034 7.047 7.061 7.074 7.086 7.095 7.100 7.105 7.116 7.129 7.141 7.162
6.627 6.630 6.633 6.636 6.639 6.641 6.645 6.648 6.651 6.655 6.658 6.662 6.666 6.671 6.675 6.680 6.686 6.692 6.698 6.704 6.710 6.716 6.722 6.729 6.735 6.742 6.748 6.755 6.761 6.768 6.774 6.781 6.787 6.793 6.800 6.806 6.812 6.818 6.824 6.830 6.837 6.843 6.849 6.855 6.861 6.867 6.873 6.879 6.885 6.892 6.898 6.905 6.913 6.920 6.928 6.937 6.945 6.955 6.964 6.974 6.985 6.995 7.006 7.018 7.031 7.044 7.057 7.071 7.084 7.096 7.105 7.110 7.116 7.129 7.143 7.157 7.180
6.631 6.634 6.637 6.639 6.642 6.645 6.648 6.651 6.655 6.658 6.662 6.666 6.670 6.674 6.679 6.684 6.689 6.695 6.701 6.707 6.713 6.719 6.725 6.731 6.738 6.744 6.751 6.757 6.764 6.771 6.777 6.784 6.790 6.797 6.803 6.810 6.816 6.822 6.828 6.835 6.842 6.848 6.854 6.860 6.866 6.872 6.879 6.885 6.892 6.898 6.905 6.912 6.920 6.928 6.936 6.945 6.954 6.963 6.973 6.983 6.994 7.004 7.016 7.028 7.040 7.053 7.066 7.079 7.092 7.104 7.114 7.121 7.129 7.143 7.158 7.175 7.199
6.635 6.638 6.640 6.643 6.646 6.649 6.652 6.655 6.658 6.662 6.665 6.669 6.673 6.677 6.682 6.687 6.692 6.698 6.704 6.710 6.716 6.722 6.728 6.734 6.741 6.747 6.754 6.760 6.767 6.774 6.780 6.787 6.794 6.800 6.807 6.813 6.820 6.826 6.833 6.839 6.846 6.853 6.859 6.866 6.872 6.878 6.885 6.891 6.898 6.905 6.912 6.920 6.927 6.936 6.944 6.953 6.962 6.972 6.982 6.992 7.003 7.013 7.025 7.036 7.049 7.061 7.074 7.087 7.100 7.112 7.123 7.132 7.141 7.157 7.175 7.193 7.220
6.639 6.641 6.644 6.647 6.650 6.653 6.656 6.659 6.662 6.665 6.669 6.672 6.676 6.680 6.685 6.690 6.695 6.701 6.707 6.713 6.719 6.725 6.731 6.737 6.744 6.750 6.757 6.763 6.770 6.777 6.784 6.790 6.797 6.804 6.811 6.817 6.824 6.831 6.837 6.844 6.851 6.858 6.865 6.871 6.878 6.885 6.891 6.898 6.905 6.912 6.920 6.927 6.935 6.943 6.952 6.961 6.970 6.980 6.990 7.001 7.012 7.022 7.033 7.045 7.057 7.069 7.081 7.094 7.107 7.120 7.132 7.142 7.154 7.171 7.191 7.212 7.242
6.643 6.645 6.648 6.651 6.654 6.656 6.659 6.662 6.665 6.669 6.672 6.676 6.680 6.684 6.688 6.693 6.698 6.704 6.710 6.716 6.722 6.728 6.734 6.740 6.746 6.753 6.760 6.766 6.773 6.780 6.787 6.794 6.801 6.808 6.815 6.821 6.828 6.835 6.842 6.849 6.856 6.864 6.870 6.877 6.884 6.891 6.898 6.905 6.912 6.919 6.927 6.935 6.943 6.951 6.960 6.969 6.979 6.989 6.999 7.010 7.020 7.031 7.041 7.053 7.064 7.075 7.088 7.101 7.114 7.128 7.141 7.153 7.166 7.185 7.207 7.230 7.262
6.646 6.649 6.652 6.655 6.657 6.660 6.663 6.666 6.669 6.672 6.676 6.679 6.683 6.687 6.692 6.696 6.701 6.707 6.713 6.719 6.725 6.731 6.737 6.743 6.750 6.756 6.763 6.770 6.777 6.783 6.790 6.798 6.805 6.812 6.819 6.826 6.833 6.840 6.847 6.854 6.862 6.869 6.876 6.883 6.890 6.897 6.904 6.912 6.919 6.926 6.934 6.942 6.951 6.959 6.968 6.977 6.987 6.997 7.008 7.019 7.029 7.039 7.049 7.060 7.071 7.082 7.094 7.106 7.120 7.135 7.149 7.163 7.178 7.199 7.222 7.248 7.281
6.650 6.653 6.656 6.658 6.661 6.664 6.667 6.670 6.673 6.676 6.679 6.683 6.687 6.691 6.695 6.700 6.705 6.711 6.716 6.722 6.728 6.734 6.740 6.746 6.753 6.759 6.766 6.773 6.780 6.787 6.794 6.801 6.808 6.816 6.823 6.830 6.837 6.845 6.852 6.859 6.867 6.875 6.882 6.889 6.896 6.904 6.911 6.918 6.926 6.934 6.942 6.950 6.958 6.967 6.976 6.986 6.995 7.006 7.016 7.027 7.038 7.048 7.057 7.067 7.078 7.088 7.099 7.112 7.126 7.142 7.158 7.173 7.190 7.212 7.236 7.265 7.300
6.654 6.657 6.660 6.662 6.665 6.668 6.670 6.673 6.676 6.680 6.683 6.686 6.690 6.694 6.698 6.703 6.708 6.714 6.720 6.725 6.731 6.737 6.743 6.749 6.756 6.763 6.769 6.776 6.783 6.791 6.798 6.805 6.812 6.820 6.827 6.835 6.842 6.849 6.857 6.865 6.872 6.880 6.888 6.895 6.903 6.910 6.918 6.925 6.933 6.941 6.949 6.958 6.966 6.975 6.984 6.994 7.004 7.014 7.025 7.036 7.046 7.055 7.064 7.074 7.084 7.093 7.105 7.117 7.132 7.149 7.166 7.182 7.200 7.224 7.250 7.281 7.318
6.658 6.661 6.663 6.666 6.669 6.672 6.674 6.677 6.680 6.683 6.687 6.690 6.694 6.698 6.702 6.707 6.712 6.717 6.723 6.728 6.734 6.740 6.746 6.753 6.759 6.766 6.773 6.780 6.787 6.794 6.802 6.809 6.816 6.824 6.832 6.839 6.847 6.854 6.862 6.870 6.878 6.886 6.894 6.901 6.909 6.917 6.924 6.932 6.940 6.948 6.957 6.965 6.974 6.983 6.992 7.002 7.012 7.023 7.033 7.044 7.054 7.062 7.071 7.080 7.090 7.099 7.110 7.123 7.138 7.155 7.173 7.191 7.212 7.237 7.264 7.298 7.337
6.662 6.665 6.667 6.670 6.673 6.675 6.678 6.681 6.684 6.687 6.690 6.694 6.697 6.701 6.706 6.710 6.715 6.721 6.726 6.732 6.738 6.744 6.750 6.756 6.763 6.770 6.776 6.784 6.791 6.798 6.806 6.813 6.821 6.828 6.836 6.844 6.852 6.859 6.867 6.875 6.884 6.892 6.900 6.907 6.915 6.923 6.931 6.939 6.947 6.956 6.964 6.973 6.982 6.991 7.000 7.010 7.020 7.031 7.041 7.052 7.062 7.070 7.078 7.087 7.096 7.105 7.116 7.129 7.144 7.161 7.179 7.200 7.224 7.251 7.279 7.316 7.358
6.666 6.669 6.671 6.674 6.677 6.679 6.682 6.685 6.688 6.691 6.694 6.698 6.701 6.705 6.709 6.714 6.719 6.724 6.730 6.735 6.741 6.747 6.753 6.760 6.766 6.773 6.780 6.787 6.795 6.802 6.810 6.817 6.825 6.833 6.841 6.849 6.857 6.865 6.873 6.881 6.889 6.898 6.906 6.914 6.922 6.930 6.938 6.946 6.955 6.963 6.972 6.980 6.989 6.999 7.008 7.018 7.028 7.039 7.049 7.060 7.069 7.077 7.085 7.094 7.103 7.111 7.122 7.135 7.150 7.166 7.186 7.209 7.237 7.265 7.295 7.336 7.381
6.670 6.673 6.675 6.678 6.681 6.683 6.686 6.689 6.692 6.695 6.698 6.702 6.705 6.709 6.713 6.718 6.723 6.728 6.734 6.739 6.745 6.751 6.757 6.763 6.770 6.777 6.784 6.791 6.799 6.806 6.814 6.822 6.830 6.838 6.846 6.854 6.862 6.870 6.878 6.886 6.895 6.904 6.912 6.920 6.928 6.936 6.945 6.953 6.962 6.970 6.979 6.988 6.997 7.006 7.016 7.026 7.036 7.047 7.057 7.068 7.077 7.085 7.092 7.101 7.109 7.118 7.128 7.141 7.155 7.172 7.193 7.219 7.250 7.281 7.313 7.358 7.406
6.674 6.677 6.679 6.682 6.685 6.688 6.690 6.693 6.696 6.699 6.702 6.706 6.709 6.713 6.717 6.722 6.727 6.732 6.738 6.743 6.749 6.755 6.761 6.767 6.774 6.781 6.788 6.795 6.803 6.811 6.818 6.826 6.834 6.842 6.850 6.859 6.867 6.875 6.884 6.892 6.901 6.910 6.918 6.926 6.935 6.943 6.951 6.960 6.969 6.977 6.986 6.995 7.004 7.014 7.024 7.034 7.044 7.054 7.065 7.076 7.085 7.092 7.099 7.107 7.116 7.124 7.134 7.146 7.160 7.177 7.200 7.230 7.266 7.298 7.333 7.381 7.434
6.678 6.681 6.684 6.686 6.689 6.692 6.695 6.697 6.700 6.703 6.707 6.710 6.714 6.717 6.721 6.726 6.731 6.736 6.742 6.747 6.753 6.759 6.765 6.771 6.778 6.785 6.792 6.800 6.807 6.815 6.823 6.831 6.839 6.847 6.855 6.864 6.872 6.881 6.889 6.898 6.907 6.916 6.924 6.933 6.941 6.950 6.958 6.967 6.976 6.984 6.993 7.003 7.012 7.021 7.031 7.041 7.052 7.062 7.073 7.083 7.093 7.100 7.106 7.114 7.122 7.129 7.139 7.151 7.165 7.183 7.209 7.243 7.282 7.317 7.354 7.407 7.463
6.682 6.685 6.688 6.690 6.693 6.696 6.699 6.702 6.705 6.708 6.711 6.714 6.718 6.722 6.726 6.730 6.735 6.740 6.746 6.751 6.757 6.763 6.769 6.776 6.782 6.789 6.797 6.804 6.812 6.820 6.828 6.836 6.844 6.852 6.861 6.869 6.878 6.886 6.895 6.904 6.913 6.922 6.930 6.939 6.948 6.956 6.965 6.974 6.983 6.992 7.001 7.010 7.019 7.029 7.038 7.049 7.059 7.070 7.081 7.091 7.100 7.107 7.113 7.120 7.128 7.135 7.144 7.156 7.171 7.191 7.220 7.257 7.301 7.337 7.376 7.432 7.490
6.686 6.689 6.692 6.695 6.698 6.700 6.703 6.706 6.709 6.712 6.715 6.719 6.722 6.726 6.730 6.735 6.739 6.745 6.750 6.756 6.761 6.767 6.773 6.780 6.787 6.794 6.801 6.809 6.816 6.824 6.832 6.841 6.849 6.857 6.866 6.874 6.883 6.892 6.901 6.910 6.919 6.928 6.937 6.945 6.954 6.963 6.972 6.981 6.989 6.998 7.008 7.017 7.026 7.036 7.046 7.056 7.066 7.077 7.088 7.099 7.108 7.114 7.119 7.126 7.134 7.140 7.149 7.162 7.177 7.199 7.230 7.271 7.318 7.356 7.398 7.456 7.515
6.690 6.693 6.696 6.699 6.702 6.705 6.708 6.711 6.714 6.717 6.720 6.723 6.727 6.731 6.735 6.739 6.744 6.749 6.755 6.760 6.766 6.772 6.778 6.785 6.791 6.798 6.806 6.813 6.821 6.829 6.837 6.846 6.854 6.863 6.871 6.880 6.889 6.898 6.906 6.916 6.925 6.934 6.943 6.952 6.961 6.969 6.978 6.987 6.996 7.005 7.014 7.024 7.033 7.043 7.052 7.063 7.073 7.084 7.095 7.106 7.115 7.121 7.125 7.132 7.139 7.145 7.154 7.167 7.183 7.208 7.241 7.286 7.339 7.379 7.422 7.482 7.542
6.695 6.698 6.701 6.704 6.707 6.710 6.712 6.715 6.718 6.722 6.725 6.728 6.732 6.735 6.740 6.744 6.749 6.754 6.760 6.765 6.770 6.776 6.783 6.789 6.796 6.803 6.811 6.818 6.826 6.834 6.843 6.851 6.859 6.868 6.877 6.886 6.894 6.903 6.912 6.922 6.931 6.940 6.949 6.958 6.967 6.976 6.985 6.994 7.003 7.012 7.021 7.030 7.040 7.049 7.059 7.070 7.080 7.091 7.103 7.113 7.122 7.127 7.130 7.137 7.144 7.150 7.159 7.173 7.192 7.218 7.255 7.306 7.363 7.403 7.446 7.508 7.569
6.699 6.702 6.705 6.708 6.711 6.714 6.717 6.720 6.723 6.726 6.730 6.733 6.737 6.740 6.744 6.749 6.754 6.759 6.765 6.770 6.775 6.781 6.788 6.794 6.801 6.808 6.816 6.823 6.831 6.839 6.848 6.856 6.865 6.874 6.882 6.891 6.900 6.909 6.919 6.928 6.938 6.947 6.956 6.965 6.974 6.983 6.992 7.001 7.010 7.019 7.028 7.037 7.046 7.056 7.066 7.076 7.087 7.098 7.109 7.120 7.127 7.131 7.135 7.143 7.150 7.156 7.166 7.181 7.203 7.233 7.275 7.330 7.387 7.427 7.471 7.533 7.595
6.704 6.707 6.710 6.713 6.716 6.719 6.722 6.725 6.728 6.732 6.735 6.738 6.742 6.746 6.750 6.754 6.759 6.764 6.770 6.775 6.780 6.786 6.793 6.799 6.806 6.813 6.821 6.829 6.837 6.845 6.853 6.862 6.870 6.879 6.888 6.897 6.906 6.915 6.925 6.934 6.944 6.953 6.962 6.971 6.980 6.989 6.998 7.008 7.017 7.026 7.035 7.044 7.053 7.062 7.072 7.083 7.094 7.105 7.116 7.125 7.132 7.136 7.141 7.149 7.157 7.164 7.176 7.193 7.217 7.251 7.298 7.354 7.411 7.451 7.494 7.558 7.620
6.708 6.712 6.715 6.718 6.721 6.724 6.727 6.730 6.733 6.737 6.740 6.743 6.747 6.751 6.755 6.759 6.764 6.770 6.775 6.780 6.786 6.792 6.798 6.804 6.811 6.819 6.826 6.834 6.842 6.850 6.859 6.867 6.876 6.885 6.894 6.903 6.912 6.922 6.931 6.941 6.950 6.959 6.969 6.978 6.987 6.996 7.005 7.014 7.023 7.032 7.041 7.050 7.059 7.069 7.079 7.089 7.100 7.111 7.121 7.130 7.137 7.142 7.147 7.156 7.164 7.174 7.188 7.207 7.235 7.272 7.321 7.377 7.434 7.474 7.518 7.582 7.645
6.713 6.717 6.720 6.723 6.726 6.729 6.732 6.736 6.739 6.742 6.745 6.749 6.752 6.756 6.760 6.765 6.770 6.775 6.780 6.785 6.791 6.797 6.803 6.810 6.817 6.824 6.831 6.839 6.847 6.856 6.864 6.873 6.882 6.891 6.900 6.909 6.918 6.928 6.937 6.947 6.957 6.966 6.975 6.984 6.993 7.002 7.012 7.021 7.030 7.039 7.048 7.057 7.066 7.075 7.085 7.095 7.106 7.116 7.126 7.134 7.141 7.147 7.154 7.164 7.175 7.186 7.202 7.225 7.255 7.294 7.343 7.399 7.458 7.498 7.541 7.606 7.669
6.718 6.722 6.725 6.728 6.731 6.735 6.738 6.741 6.744 6.748 6.751 6.754 6.758 6.762 6.766 6.770 6.776 6.781 6.786 6.791 6.796 6.802 6.809 6.815 6.822 6.829 6.837 6.845 6.853 6.861 6.870 6.879 6.888 6.897 6.906 6.915 6.925 6.934 6.944 6.953 6.963 6.972 6.982 6.991 7.000 7.009 7.018 7.027 7.036 7.045 7.054 7.063 7.072 7.081 7.091 7.101 7.111 7.120 7.130 7.139 7.146 7.153 7.162 7.174 7.187 7.201 7.220 7.246 7.276 7.315 7.364 7.420 7.481 7.521 7.565 7.630 7.694
