version1/TsunamiDB/out54167.asc
ncols          264
nrows          230
xllcorner      497853.4375
yllcorner      4229146.0000
cellsize         5.
NODATA_value   -99
[rows 34 to 67 of 230, columns 77 to 153 of 264]
6.092 6.101 6.109 6.119 6.128 6.137 6.147 6.156 6.165 6.174 6.183 6.191 6.200 6.209 6.217 6.226 6.235 6.244 6.252 6.261 6.270 6.278 6.287 6.296 6.304 6.313 6.322 6.330 6.339 6.348 6.356 6.364 6.372 6.380 6.387 6.395 6.402 6.409 6.416 6.423 6.430 6.437 6.443 6.450 6.456 6.463 6.469 6.475 6.481 6.487 6.493 6.500 6.506 6.512 6.517 6.522 6.527 6.532 6.537 6.541 6.546 6.550 6.554 6.558 6.562 6.566 6.570 6.574 6.577 6.581 6.585 6.588 6.592 6.596 6.600 6.604 6.608
6.091 6.099 6.108 6.116 6.125 6.135 6.144 6.153 6.161 6.170 6.178 6.187 6.196 6.204 6.213 6.221 6.230 6.239 6.247 6.256 6.265 6.273 6.282 6.291 6.299 6.308 6.317 6.326 6.335 6.344 6.352 6.360 6.368 6.375 6.383 6.391 6.398 6.405 6.412 6.419 6.426 6.433 6.440 6.447 6.453 6.460 6.466 6.472 6.479 6.485 6.491 6.498 6.504 6.510 6.515 6.521 6.526 6.531 6.536 6.541 6.545 6.550 6.554 6.558 6.562 6.566 6.570 6.574 6.578 6.582 6.585 6.589 6.593 6.597 6.601 6.605 6.609
6.090 6.098 6.107 6.115 6.124 6.133 6.142 6.150 6.158 6.167 6.175 6.183 6.192 6.200 6.208 6.217 6.225 6.234 6.242 6.251 6.260 6.268 6.277 6.286 6.294 6.303 6.312 6.320 6.330 6.339 6.347 6.355 6.363 6.371 6.378 6.386 6.394 6.401 6.408 6.415 6.422 6.429 6.436 6.443 6.450 6.456 6.463 6.469 6.476 6.482 6.489 6.495 6.502 6.508 6.513 6.519 6.524 6.529 6.534 6.539 6.544 6.549 6.553 6.557 6.562 6.566 6.570 6.574 6.578 6.581 6.585 6.589 6.593 6.597 6.601 6.606 6.609
6.090 6.098 6.106 6.114 6.123 6.132 6.140 6.148 6.156 6.164 6.172 6.180 6.188 6.196 6.204 6.213 6.221 6.229 6.238 6.246 6.255 6.263 6.272 6.280 6.289 6.298 6.306 6.315 6.324 6.333 6.342 6.350 6.358 6.366 6.373 6.381 6.389 6.396 6.403 6.411 6.418 6.425 6.432 6.439 6.446 6.452 6.459 6.466 6.472 6.479 6.485 6.492 6.499 6.505 6.511 6.516 6.522 6.527 6.532 6.537 6.542 6.547 6.551 6.556 6.560 6.565 6.569 6.573 6.577 6.581 6.585 6.589 6.593 6.597 6.601 6.606 6.609
6.092 6.099 6.107 6.115 6.123 6.131 6.139 6.147 6.155 6.162 6.170 6.178 6.185 6.193 6.201 6.209 6.217 6.225 6.233 6.242 6.250 6.258 6.267 6.275 6.284 6.292 6.301 6.310 6.319 6.328 6.336 6.344 6.352 6.360 6.368 6.376 6.383 6.391 6.398 6.406 6.413 6.420 6.427 6.434 6.441 6.448 6.455 6.462 6.468 6.475 6.482 6.489 6.495 6.501 6.507 6.513 6.519 6.524 6.530 6.535 6.540 6.545 6.549 6.554 6.558 6.563 6.567 6.571 6.576 6.580 6.584 6.588 6.592 6.596 6.601 6.605 6.609
6.093 6.101 6.108 6.116 6.123 6.131 6.139 6.147 6.154 6.161 6.169 6.176 6.183 6.191 6.198 6.206 6.214 6.222 6.230 6.238 6.246 6.254 6.262 6.271 6.279 6.287 6.296 6.305 6.314 6.322 6.331 6.339 6.347 6.355 6.363 6.370 6.378 6.386 6.393 6.400 6.408 6.415 6.422 6.429 6.436 6.443 6.450 6.457 6.464 6.471 6.477 6.484 6.491 6.497 6.504 6.509 6.515 6.521 6.526 6.532 6.537 6.542 6.547 6.551 6.556 6.561 6.565 6.569 6.574 6.578 6.582 6.586 6.591 6.595 6.599 6.604 6.608
6.096 6.103 6.110 6.117 6.125 6.132 6.140 6.147 6.154 6.161 6.168 6.175 6.182 6.189 6.196 6.204 6.211 6.219 6.226 6.234 6.242 6.250 6.258 6.266 6.274 6.283 6.291 6.300 6.309 6.317 6.325 6.333 6.341 6.349 6.357 6.365 6.372 6.380 6.388 6.395 6.402 6.410 6.417 6.424 6.431 6.438 6.445 6.452 6.459 6.466 6.473 6.480 6.487 6.493 6.499 6.505 6.511 6.517 6.523 6.528 6.533 6.538 6.543 6.548 6.553 6.558 6.562 6.567 6.571 6.576 6.580 6.584 6.589 6.593 6.598 6.602 6.606
6.099 6.106 6.113 6.120 6.127 6.134 6.141 6.148 6.155 6.161 6.168 6.175 6.182 6.188 6.195 6.202 6.209 6.217 6.224 6.231 6.239 6.247 6.255 6.262 6.270 6.279 6.287 6.295 6.304 6.312 6.320 6.328 6.336 6.344 6.352 6.359 6.367 6.375 6.382 6.389 6.397 6.404 6.411 6.418 6.426 6.433 6.440 6.447 6.454 6.461 6.468 6.475 6.482 6.488 6.495 6.501 6.507 6.513 6.518 6.524 6.529 6.535 6.540 6.545 6.550 6.554 6.559 6.564 6.568 6.573 6.577 6.582 6.586 6.591 6.595 6.600 6.604
6.103 6.110 6.116 6.123 6.129 6.137 6.144 6.150 6.156 6.163 6.169 6.175 6.182 6.188 6.195 6.202 6.208 6.215 6.222 6.230 6.237 6.244 6.252 6.259 6.267 6.275 6.283 6.291 6.300 6.308 6.316 6.324 6.331 6.339 6.347 6.354 6.362 6.369 6.377 6.384 6.391 6.399 6.406 6.413 6.420 6.427 6.434 6.441 6.448 6.455 6.463 6.470 6.477 6.483 6.490 6.496 6.502 6.508 6.514 6.520 6.525 6.530 6.536 6.541 6.546 6.551 6.556 6.560 6.565 6.570 6.574 6.579 6.583 6.588 6.593 6.598 6.602
6.108 6.114 6.120 6.126 6.133 6.140 6.147 6.153 6.159 6.165 6.171 6.177 6.183 6.189 6.195 6.202 6.208 6.215 6.221 6.228 6.235 6.242 6.250 6.257 6.264 6.272 6.280 6.288 6.296 6.304 6.312 6.319 6.327 6.334 6.342 6.349 6.357 6.364 6.371 6.379 6.386 6.393 6.400 6.408 6.415 6.422 6.429 6.436 6.443 6.450 6.457 6.465 6.472 6.478 6.485 6.491 6.497 6.503 6.509 6.515 6.520 6.526 6.531 6.537 6.542 6.547 6.552 6.556 6.561 6.566 6.571 6.575 6.580 6.585 6.590 6.595 6.599
6.113 6.119 6.125 6.131 6.137 6.144 6.150 6.156 6.162 6.167 6.173 6.179 6.185 6.191 6.197 6.203 6.209 6.215 6.221 6.228 6.235 6.241 6.248 6.255 6.262 6.270 6.277 6.285 6.293 6.301 6.308 6.316 6.323 6.330 6.338 6.345 6.352 6.359 6.367 6.374 6.381 6.388 6.395 6.403 6.410 6.417 6.424 6.431 6.438 6.445 6.452 6.459 6.467 6.473 6.480 6.486 6.492 6.498 6.504 6.510 6.516 6.521 6.527 6.532 6.537 6.542 6.547 6.552 6.557 6.562 6.567 6.572 6.576 6.581 6.586 6.591 6.596
6.119 6.125 6.131 6.136 6.142 6.149 6.155 6.160 6.166 6.171 6.176 6.182 6.187 6.193 6.199 6.204 6.210 6.216 6.222 6.228 6.235 6.241 6.248 6.254 6.261 6.268 6.275 6.283 6.291 6.298 6.305 6.313 6.320 6.327 6.334 6.341 6.348 6.355 6.362 6.369 6.377 6.384 6.391 6.398 6.405 6.412 6.419 6.426 6.433 6.440 6.447 6.454 6.461 6.468 6.475 6.481 6.487 6.493 6.499 6.505 6.511 6.516 6.522 6.527 6.533 6.538 6.543 6.548 6.553 6.558 6.563 6.568 6.573 6.578 6.583 6.588 6.592
6.127 6.132 6.137 6.143 6.148 6.154 6.160 6.165 6.170 6.175 6.181 6.186 6.191 6.196 6.201 6.207 6.212 6.218 6.224 6.229 6.235 6.242 6.248 6.254 6.261 6.267 6.274 6.281 6.289 6.296 6.303 6.310 6.317 6.324 6.331 6.338 6.345 6.352 6.359 6.366 6.372 6.379 6.386 6.393 6.400 6.407 6.414 6.421 6.428 6.435 6.442 6.450 6.457 6.463 6.470 6.476 6.482 6.488 6.494 6.500 6.506 6.512 6.517 6.523 6.528 6.533 6.539 6.544 6.549 6.554 6.559 6.564 6.569 6.574 6.579 6.584 6.589
6.135 6.140 6.145 6.150 6.155 6.161 6.166 6.171 6.176 6.181 6.185 6.190 6.195 6.200 6.205 6.210 6.215 6.221 6.226 6.232 6.237 6.243 6.249 6.255 6.261 6.268 6.274 6.281 6.288 6.295 6.302 6.308 6.315 6.322 6.329 6.335 6.342 6.349 6.355 6.362 6.369 6.376 6.383 6.389 6.396 6.403 6.410 6.417 6.424 6.431 6.438 6.445 6.452 6.459 6.465 6.471 6.478 6.484 6.490 6.496 6.501 6.507 6.513 6.518 6.524 6.529 6.534 6.539 6.544 6.550 6.555 6.560 6.565 6.570 6.575 6.580 6.585
6.144 6.149 6.153 6.158 6.163 6.168 6.173 6.178 6.182 6.187 6.191 6.196 6.200 6.205 6.210 6.214 6.219 6.224 6.229 6.234 6.240 6.245 6.251 6.256 6.262 6.268 6.275 6.281 6.288 6.295 6.301 6.308 6.314 6.320 6.327 6.333 6.340 6.346 6.353 6.360 6.366 6.373 6.379 6.386 6.393 6.400 6.406 6.413 6.420 6.427 6.434 6.441 6.448 6.454 6.461 6.467 6.473 6.479 6.485 6.491 6.497 6.503 6.508 6.514 6.519 6.525 6.530 6.535 6.540 6.545 6.551 6.556 6.561 6.566 6.572 6.577 6.581
6.155 6.159 6.163 6.167 6.172 6.177 6.181 6.186 6.190 6.194 6.198 6.202 6.206 6.211 6.215 6.219 6.224 6.229 6.233 6.238 6.243 6.248 6.254 6.259 6.264 6.270 6.276 6.282 6.289 6.295 6.301 6.308 6.314 6.320 6.326 6.332 6.338 6.345 6.351 6.358 6.364 6.370 6.377 6.383 6.390 6.397 6.403 6.410 6.416 6.423 6.430 6.437 6.444 6.451 6.457 6.463 6.469 6.475 6.481 6.487 6.493 6.499 6.504 6.510 6.515 6.521 6.526 6.531 6.536 6.541 6.547 6.552 6.557 6.562 6.568 6.573 6.578
6.166 6.170 6.174 6.178 6.182 6.186 6.191 6.194 6.198 6.202 6.206 6.210 6.213 6.217 6.221 6.226 6.230 6.234 6.238 6.243 6.248 6.252 6.257 6.262 6.267 6.273 6.278 6.284 6.291 6.297 6.302 6.308 6.314 6.320 6.326 6.332 6.338 6.344 6.350 6.356 6.362 6.369 6.375 6.381 6.388 6.394 6.401 6.407 6.414 6.420 6.427 6.434 6.441 6.447 6.454 6.460 6.466 6.472 6.478 6.484 6.489 6.495 6.501 6.506 6.512 6.517 6.522 6.527 6.533 6.538 6.543 6.548 6.553 6.559 6.564 6.569 6.574
6.179 6.182 6.186 6.189 6.193 6.197 6.201 6.204 6.208 6.211 6.215 6.218 6.222 6.225 6.229 6.233 6.236 6.240 6.244 6.249 6.253 6.257 6.262 6.267 6.271 6.276 6.282 6.287 6.294 6.299 6.304 6.310 6.315 6.321 6.327 6.332 6.338 6.344 6.350 6.356 6.362 6.368 6.374 6.380 6.386 6.392 6.399 6.405 6.411 6.418 6.425 6.432 6.438 6.444 6.451 6.457 6.463 6.469 6.475 6.480 6.486 6.492 6.497 6.503 6.508 6.514 6.519 6.524 6.529 6.534 6.540 6.545 6.550 6.556 6.561 6.566 6.571
6.193 6.196 6.199 6.202 6.206 6.209 6.212 6.215 6.218 6.221 6.225 6.228 6.231 6.234 6.237 6.241 6.244 6.248 6.252 6.255 6.259 6.263 6.268 6.272 6.276 6.281 6.286 6.292 6.297 6.302 6.307 6.312 6.317 6.323 6.328 6.333 6.339 6.345 6.350 6.356 6.362 6.367 6.373 6.379 6.385 6.391 6.397 6.404 6.410 6.416 6.423 6.430 6.436 6.442 6.448 6.454 6.460 6.466 6.472 6.478 6.483 6.489 6.494 6.500 6.505 6.511 6.516 6.521 6.526 6.531 6.537 6.542 6.547 6.553 6.558 6.563 6.568
6.208 6.210 6.213 6.216 6.219 6.222 6.225 6.228 6.230 6.233 6.236 6.238 6.241 6.244 6.247 6.250 6.253 6.256 6.260 6.263 6.267 6.270 6.274 6.278 6.282 6.287 6.291 6.297 6.302 6.306 6.311 6.316 6.321 6.326 6.331 6.336 6.341 6.346 6.351 6.357 6.362 6.368 6.374 6.379 6.385 6.391 6.397 6.403 6.409 6.415 6.422 6.429 6.435 6.441 6.447 6.453 6.458 6.464 6.470 6.476 6.481 6.487 6.492 6.497 6.503 6.508 6.513 6.519 6.524 6.529 6.534 6.539 6.545 6.550 6.556 6.560 6.565
6.223 6.225 6.228 6.230 6.233 6.236 6.239 6.241 6.243 6.245 6.248 6.250 6.253 6.255 6.258 6.260 6.263 6.266 6.269 6.272 6.275 6.279 6.282 6.286 6.289 6.293 6.298 6.303 6.307 6.311 6.316 6.320 6.325 6.329 6.334 6.339 6.344 6.349 6.354 6.359 6.364 6.369 6.375 6.380 6.386 6.391 6.397 6.403 6.409 6.415 6.422 6.428 6.434 6.440 6.445 6.451 6.457 6.463 6.468 6.474 6.479 6.485 6.490 6.496 6.501 6.506 6.511 6.516 6.522 6.527 6.532 6.537 6.542 6.548 6.553 6.558 6.563
6.239 6.241 6.243 6.246 6.248 6.251 6.253 6.255 6.257 6.259 6.261 6.263 6.265 6.267 6.270 6.272 6.274 6.277 6.279 6.282 6.285 6.288 6.291 6.294 6.298 6.301 6.305 6.310 6.314 6.318 6.322 6.326 6.330 6.334 6.339 6.343 6.347 6.352 6.357 6.362 6.367 6.372 6.377 6.382 6.387 6.393 6.398 6.404 6.410 6.415 6.422 6.428 6.434 6.439 6.445 6.451 6.456 6.462 6.467 6.473 6.478 6.484 6.489 6.494 6.499 6.504 6.510 6.515 6.520 6.525 6.530 6.535 6.540 6.546 6.551 6.556 6.561
6.254 6.256 6.259 6.261 6.264 6.266 6.268 6.270 6.271 6.273 6.275 6.277 6.278 6.280 6.282 6.284 6.286 6.289 6.291 6.293 6.296 6.298 6.301 6.304 6.307 6.310 6.314 6.318 6.322 6.325 6.329 6.333 6.336 6.340 6.344 6.348 6.352 6.357 6.361 6.366 6.370 6.375 6.380 6.385 6.390 6.395 6.400 6.406 6.411 6.417 6.423 6.429 6.434 6.440 6.445 6.451 6.456 6.462 6.467 6.472 6.478 6.483 6.488 6.493 6.498 6.503 6.509 6.514 6.519 6.524 6.529 6.534 6.539 6.545 6.550 6.555 6.560
6.269 6.272 6.274 6.276 6.279 6.281 6.283 6.285 6.286 6.288 6.289 6.291 6.293 6.294 6.296 6.298 6.299 6.301 6.303 6.305 6.308 6.310 6.312 6.315 6.318 6.321 6.324 6.327 6.331 6.334 6.337 6.340 6.344 6.347 6.351 6.355 6.358 6.362 6.366 6.370 6.375 6.379 6.384 6.388 6.393 6.398 6.403 6.408 6.413 6.419 6.425 6.430 6.436 6.441 6.446 6.452 6.457 6.462 6.467 6.473 6.478 6.483 6.488 6.493 6.498 6.503 6.508 6.513 6.518 6.523 6.528 6.533 6.538 6.544 6.549 6.554 6.559
6.284 6.286 6.289 6.291 6.294 6.297 6.298 6.300 6.301 6.303 6.304 6.306 6.307 6.308 6.310 6.311 6.313 6.315 6.317 6.318 6.320 6.322 6.324 6.327 6.329 6.332 6.335 6.338 6.341 6.344 6.347 6.349 6.352 6.356 6.359 6.362 6.365 6.369 6.373 6.377 6.380 6.385 6.389 6.393 6.398 6.402 6.407 6.412 6.417 6.422 6.427 6.433 6.438 6.443 6.448 6.453 6.458 6.463 6.468 6.473 6.478 6.483 6.488 6.493 6.498 6.503 6.508 6.513 6.518 6.523 6.528 6.533 6.538 6.543 6.548 6.553 6.558
6.297 6.300 6.303 6.306 6.309 6.311 6.313 6.315 6.316 6.318 6.319 6.320 6.322 6.323 6.324 6.326 6.327 6.329 6.330 6.332 6.334 6.335 6.337 6.339 6.341 6.344 6.346 6.349 6.352 6.354 6.357 6.360 6.362 6.365 6.368 6.371 6.374 6.377 6.380 6.384 6.387 6.391 6.395 6.399 6.403 6.407 6.412 6.416 6.421 6.426 6.431 6.436 6.441 6.446 6.451 6.456 6.461 6.465 6.470 6.475 6.480 6.485 6.490 6.494 6.499 6.504 6.509 6.514 6.518 6.523 6.528 6.533 6.538 6.543 6.548 6.553 6.558
6.310 6.313 6.316 6.319 6.322 6.325 6.327 6.329 6.331 6.332 6.334 6.335 6.336 6.338 6.339 6.340 6.342 6.343 6.344 6.346 6.347 6.349 6.351 6.353 6.355 6.357 6.359 6.362 6.364 6.366 6.368 6.371 6.373 6.375 6.378 6.380 6.383 6.386 6.389 6.392 6.395 6.399 6.402 6.406 6.410 6.414 6.418 6.422 6.426 6.431 6.436 6.441 6.445 6.450 6.455 6.459 6.464 6.468 6.473 6.478 6.482 6.487 6.492 6.496 6.501 6.505 6.510 6.515 6.519 6.524 6.529 6.534 6.539 6.544 6.549 6.554 6.558
6.321 6.325 6.328 6.331 6.335 6.338 6.340 6.342 6.344 6.346 6.348 6.349 6.351 6.352 6.353 6.355 6.356 6.357 6.359 6.360 6.362 6.363 6.365 6.366 6.368 6.370 6.372 6.375 6.377 6.379 6.381 6.383 6.385 6.387 6.389 6.391 6.394 6.396 6.399 6.402 6.404 6.408 6.411 6.414 6.418 6.421 6.425 6.429 6.433 6.437 6.442 6.447 6.451 6.455 6.459 6.464 6.468 6.472 6.477 6.481 6.486 6.490 6.494 6.499 6.503 6.508 6.512 6.517 6.521 6.526 6.530 6.535 6.540 6.545 6.550 6.555 6.559
6.331 6.335 6.339 6.343 6.346 6.350 6.352 6.355 6.357 6.359 6.361 6.363 6.364 6.366 6.367 6.368 6.370 6.371 6.373 6.374 6.376 6.377 6.379 6.380 6.382 6.384 6.386 6.388 6.390 6.392 6.393 6.395 6.397 6.399 6.401 6.403 6.405 6.407 6.410 6.412 6.415 6.417 6.420 6.423 6.427 6.430 6.433 6.437 6.441 6.445 6.449 6.453 6.457 6.461 6.465 6.469 6.473 6.478 6.482 6.486 6.490 6.494 6.498 6.502 6.507 6.511 6.515 6.520 6.524 6.528 6.533 6.537 6.542 6.547 6.552 6.556 6.561
6.340 6.344 6.348 6.353 6.357 6.360 6.363 6.366 6.369 6.371 6.373 6.375 6.377 6.379 6.380 6.382 6.383 6.385 6.386 6.388 6.389 6.391 6.392 6.394 6.395 6.397 6.399 6.401 6.403 6.405 6.407 6.408 6.410 6.412 6.413 6.415 6.417 6.419 6.421 6.423 6.426 6.428 6.431 6.434 6.436 6.439 6.443 6.446 6.449 6.453 6.457 6.461 6.465 6.469 6.472 6.476 6.480 6.484 6.488 6.491 6.495 6.499 6.503 6.507 6.511 6.515 6.519 6.523 6.528 6.532 6.536 6.540 6.545 6.550 6.555 6.559 6.563
6.348 6.353 6.357 6.361 6.366 6.370 6.373 6.376 6.379 6.382 6.384 6.386 6.389 6.390 6.392 6.394 6.396 6.397 6.399 6.401 6.402 6.404 6.405 6.407 6.409 6.411 6.413 6.415 6.417 6.418 6.420 6.421 6.423 6.424 6.426 6.428 6.429 6.431 6.433 6.435 6.437 6.440 6.442 6.445 6.447 6.450 6.453 6.456 6.459 6.463 6.467 6.470 6.474 6.477 6.481 6.484 6.488 6.491 6.495 6.498 6.502 6.505 6.509 6.513 6.517 6.520 6.524 6.528 6.532 6.536 6.540 6.544 6.549 6.554 6.558 6.562 6.566
6.355 6.360 6.365 6.369 6.374 6.379 6.382 6.386 6.389 6.392 6.394 6.397 6.399 6.401 6.404 6.405 6.407 6.409 6.411 6.413 6.415 6.416 6.418 6.420 6.422 6.423 6.425 6.428 6.430 6.431 6.433 6.434 6.436 6.437 6.439 6.440 6.442 6.444 6.446 6.447 6.449 6.452 6.454 6.456 6.459 6.461 6.464 6.467 6.470 6.473 6.477 6.480 6.483 6.487 6.490 6.493 6.496 6.500 6.503 6.506 6.510 6.513 6.516 6.520 6.523 6.527 6.530 6.534 6.538 6.542 6.545 6.549 6.554 6.558 6.563 6.567 6.571
6.361 6.366 6.371 6.376 6.381 6.386 6.390 6.394 6.397 6.400 6.403 6.406 6.409 6.411 6.414 6.416 6.418 6.420 6.422 6.424 6.426 6.428 6.430 6.432 6.434 6.436 6.438 6.440 6.442 6.444 6.446 6.447 6.449 6.450 6.451 6.453 6.455 6.456 6.458 6.460 6.462 6.464 6.466 6.468 6.470 6.473 6.475 6.478 6.481 6.484 6.488 6.491 6.494 6.497 6.500 6.503 6.506 6.509 6.512 6.515 6.518 6.521 6.525 6.528 6.531 6.534 6.538 6.541 6.545 6.548 6.552 6.556 6.560 6.564 6.568 6.572 6.576
6.367 6.372 6.377 6.383 6.388 6.393 6.397 6.401 6.405 6.408 6.411 6.415 6.417 6.420 6.423 6.425 6.428 6.430 6.432 6.435 6.437 6.439 6.441 6.443 6.445 6.447 6.449 6.452 6.454 6.456 6.458 6.459 6.461 6.462 6.464 6.465 6.467 6.468 6.470 6.472 6.474 6.476 6.478 6.480 6.482 6.485 6.487 6.490 6.493 6.496 6.499 6.502 6.505 6.508 6.511 6.514 6.517 6.519 6.522 6.525 6.528 6.531 6.534 6.537 6.540 6.543 6.546 6.549 6.552 6.556 6.559 6.563 6.567 6.571 6.575 6.578 6.582
