version1/TsunamiDB/out54127.asc
ncols          264
nrows          230
xllcorner      497853.4375
yllcorner      4229146.0000
cellsize         5.
NODATA_value   -99
[rows 0 to 33 of 230, columns 154 to 230 of 264]
6.373 6.378 6.382 6.387 6.392 6.397 6.402 6.408 6.413 6.419 6.425 6.431 6.437 6.444 6.450 6.456 6.463 6.469 6.475 6.482 6.489 6.496 6.503 6.510 6.516 6.522 6.528 6.534 6.540 6.546 6.552 6.558 6.563 6.569 6.575 6.581 6.586 6.592 6.597 6.602 6.607 6.612 6.617 6.621 6.626 6.631 6.635 6.639 6.642 6.645 6.648 6.651 6.654 6.656 6.659 6.662 6.664 6.667 6.670 6.673 6.675 6.678 6.681 6.684 6.687 6.690 6.693 6.697 6.701 6.704 6.708 6.712 6.716 6.721 6.726 6.732 6.738
6.374 6.379 6.383 6.388 6.393 6.398 6.403 6.408 6.414 6.420 6.426 6.432 6.438 6.444 6.450 6.457 6.463 6.469 6.476 6.482 6.489 6.495 6.503 6.509 6.515 6.521 6.527 6.533 6.539 6.544 6.550 6.556 6.562 6.568 6.574 6.579 6.585 6.590 6.596 6.601 6.606 6.611 6.616 6.621 6.625 6.630 6.635 6.638 6.642 6.645 6.648 6.651 6.654 6.656 6.659 6.662 6.664 6.667 6.670 6.673 6.676 6.678 6.681 6.684 6.687 6.690 6.693 6.697 6.701 6.704 6.708 6.711 6.715 6.720 6.725 6.731 6.737
6.374 6.378 6.383 6.388 6.393 6.398 6.403 6.408 6.414 6.420 6.426 6.432 6.438 6.444 6.450 6.456 6.463 6.469 6.475 6.482 6.488 6.495 6.502 6.508 6.514 6.520 6.526 6.531 6.537 6.543 6.549 6.555 6.560 6.566 6.572 6.578 6.583 6.589 6.594 6.599 6.604 6.609 6.614 6.619 6.624 6.629 6.633 6.637 6.641 6.644 6.647 6.650 6.653 6.656 6.658 6.661 6.664 6.667 6.670 6.672 6.675 6.678 6.681 6.684 6.686 6.689 6.693 6.696 6.700 6.703 6.707 6.710 6.714 6.719 6.724 6.729 6.735
6.373 6.377 6.382 6.387 6.392 6.397 6.402 6.407 6.413 6.419 6.425 6.431 6.437 6.443 6.449 6.456 6.462 6.468 6.474 6.481 6.487 6.494 6.501 6.507 6.513 6.518 6.524 6.530 6.535 6.541 6.547 6.552 6.558 6.564 6.570 6.575 6.581 6.586 6.592 6.597 6.602 6.607 6.612 6.617 6.622 6.627 6.632 6.635 6.639 6.642 6.645 6.648 6.651 6.654 6.657 6.660 6.663 6.666 6.668 6.671 6.674 6.677 6.680 6.683 6.685 6.688 6.692 6.695 6.699 6.702 6.705 6.709 6.712 6.717 6.722 6.727 6.733
6.371 6.376 6.381 6.386 6.391 6.396 6.401 6.406 6.412 6.418 6.423 6.429 6.436 6.442 6.448 6.454 6.461 6.467 6.473 6.479 6.486 6.492 6.499 6.505 6.511 6.516 6.522 6.527 6.533 6.539 6.544 6.550 6.556 6.561 6.567 6.573 6.578 6.584 6.589 6.594 6.599 6.605 6.610 6.615 6.620 6.625 6.629 6.633 6.637 6.640 6.643 6.646 6.649 6.652 6.655 6.658 6.661 6.664 6.667 6.670 6.672 6.675 6.678 6.681 6.684 6.687 6.690 6.694 6.697 6.700 6.703 6.707 6.710 6.714 6.719 6.725 6.731
6.369 6.374 6.379 6.384 6.389 6.394 6.399 6.405 6.410 6.416 6.422 6.428 6.434 6.440 6.446 6.453 6.459 6.465 6.471 6.478 6.484 6.490 6.497 6.503 6.509 6.514 6.520 6.525 6.531 6.536 6.542 6.547 6.553 6.558 6.564 6.569 6.575 6.580 6.586 6.591 6.596 6.601 6.607 6.612 6.617 6.622 6.626 6.630 6.634 6.637 6.641 6.644 6.647 6.650 6.653 6.656 6.659 6.662 6.665 6.668 6.670 6.673 6.676 6.679 6.682 6.685 6.688 6.692 6.695 6.698 6.701 6.704 6.708 6.712 6.716 6.722 6.728
6.367 6.373 6.378 6.382 6.387 6.392 6.397 6.403 6.408 6.414 6.420 6.426 6.432 6.438 6.444 6.450 6.457 6.463 6.469 6.476 6.482 6.488 6.495 6.501 6.507 6.512 6.517 6.523 6.528 6.533 6.539 6.544 6.550 6.555 6.561 6.566 6.572 6.577 6.582 6.588 6.593 6.598 6.603 6.608 6.613 6.619 6.623 6.627 6.631 6.634 6.638 6.641 6.644 6.647 6.650 6.653 6.656 6.659 6.662 6.665 6.668 6.671 6.674 6.677 6.679 6.682 6.686 6.689 6.692 6.695 6.698 6.701 6.705 6.709 6.713 6.718 6.724
6.366 6.371 6.376 6.381 6.386 6.391 6.396 6.401 6.406 6.412 6.418 6.423 6.429 6.436 6.442 6.448 6.454 6.461 6.467 6.473 6.480 6.486 6.493 6.499 6.504 6.510 6.515 6.520 6.525 6.531 6.536 6.541 6.547 6.552 6.557 6.563 6.568 6.574 6.579 6.584 6.589 6.594 6.600 6.605 6.610 6.615 6.620 6.624 6.627 6.631 6.634 6.638 6.641 6.644 6.647 6.650 6.653 6.656 6.659 6.662 6.665 6.668 6.671 6.674 6.677 6.680 6.683 6.686 6.690 6.692 6.695 6.698 6.701 6.705 6.710 6.715 6.720
6.364 6.370 6.375 6.380 6.384 6.389 6.394 6.399 6.405 6.410 6.416 6.421 6.427 6.433 6.439 6.446 6.452 6.458 6.464 6.471 6.477 6.484 6.490 6.497 6.502 6.507 6.512 6.517 6.523 6.528 6.533 6.538 6.544 6.549 6.554 6.560 6.565 6.570 6.575 6.581 6.586 6.591 6.596 6.601 6.607 6.612 6.616 6.620 6.624 6.627 6.631 6.634 6.637 6.641 6.644 6.647 6.650 6.653 6.656 6.659 6.662 6.665 6.668 6.671 6.674 6.677 6.680 6.683 6.686 6.689 6.692 6.695 6.698 6.702 6.706 6.711 6.717
6.363 6.369 6.374 6.379 6.384 6.388 6.393 6.398 6.403 6.409 6.414 6.420 6.425 6.431 6.437 6.443 6.450 6.456 6.462 6.468 6.475 6.481 6.488 6.494 6.500 6.505 6.510 6.515 6.520 6.525 6.530 6.536 6.541 6.546 6.551 6.556 6.562 6.567 6.572 6.577 6.582 6.587 6.592 6.598 6.603 6.608 6.612 6.616 6.620 6.624 6.627 6.631 6.634 6.637 6.640 6.643 6.647 6.650 6.653 6.656 6.659 6.662 6.665 6.668 6.671 6.674 6.677 6.680 6.683 6.686 6.688 6.691 6.694 6.698 6.702 6.707 6.712
6.362 6.368 6.373 6.378 6.383 6.388 6.393 6.397 6.402 6.407 6.413 6.418 6.424 6.429 6.435 6.441 6.447 6.454 6.460 6.466 6.473 6.479 6.486 6.492 6.497 6.502 6.508 6.513 6.518 6.523 6.528 6.533 6.538 6.543 6.548 6.554 6.559 6.564 6.569 6.574 6.579 6.584 6.589 6.594 6.600 6.605 6.609 6.613 6.617 6.620 6.624 6.627 6.631 6.634 6.637 6.640 6.643 6.646 6.650 6.653 6.656 6.659 6.662 6.665 6.668 6.670 6.674 6.677 6.680 6.682 6.685 6.688 6.691 6.694 6.698 6.703 6.708
6.362 6.368 6.373 6.378 6.383 6.388 6.392 6.397 6.402 6.407 6.412 6.417 6.423 6.428 6.434 6.440 6.446 6.452 6.458 6.464 6.471 6.477 6.484 6.490 6.495 6.500 6.505 6.510 6.516 6.521 6.526 6.531 6.536 6.541 6.546 6.551 6.556 6.561 6.566 6.571 6.576 6.581 6.586 6.591 6.597 6.602 6.606 6.610 6.614 6.617 6.621 6.624 6.627 6.631 6.634 6.637 6.640 6.643 6.646 6.650 6.653 6.656 6.659 6.662 6.664 6.667 6.670 6.674 6.677 6.679 6.681 6.684 6.687 6.690 6.694 6.699 6.704
6.362 6.368 6.373 6.378 6.383 6.388 6.393 6.397 6.402 6.407 6.412 6.417 6.422 6.427 6.433 6.438 6.444 6.450 6.456 6.462 6.469 6.476 6.482 6.488 6.493 6.498 6.504 6.509 6.514 6.519 6.524 6.529 6.534 6.539 6.544 6.549 6.554 6.559 6.564 6.569 6.574 6.579 6.584 6.589 6.594 6.599 6.603 6.607 6.611 6.614 6.618 6.621 6.625 6.628 6.631 6.634 6.637 6.641 6.644 6.647 6.650 6.653 6.656 6.659 6.662 6.664 6.667 6.671 6.674 6.676 6.678 6.681 6.683 6.687 6.690 6.695 6.700
6.363 6.369 6.374 6.379 6.384 6.389 6.394 6.398 6.403 6.407 6.412 6.417 6.422 6.427 6.432 6.438 6.443 6.449 6.455 6.461 6.468 6.474 6.481 6.486 6.492 6.497 6.502 6.507 6.512 6.517 6.522 6.527 6.532 6.537 6.542 6.547 6.552 6.557 6.562 6.567 6.571 6.576 6.581 6.586 6.592 6.596 6.601 6.604 6.608 6.612 6.615 6.619 6.622 6.625 6.629 6.632 6.635 6.638 6.641 6.644 6.647 6.650 6.653 6.656 6.659 6.662 6.665 6.668 6.671 6.673 6.675 6.677 6.680 6.683 6.687 6.691 6.696
6.364 6.370 6.375 6.380 6.385 6.390 6.395 6.399 6.404 6.408 6.413 6.418 6.422 6.427 6.432 6.438 6.443 6.449 6.454 6.460 6.467 6.473 6.480 6.485 6.490 6.495 6.501 6.506 6.511 6.516 6.521 6.526 6.531 6.535 6.540 6.545 6.550 6.555 6.560 6.565 6.570 6.575 6.580 6.585 6.590 6.595 6.599 6.602 6.606 6.610 6.613 6.617 6.620 6.623 6.626 6.630 6.633 6.636 6.639 6.642 6.645 6.648 6.651 6.654 6.657 6.659 6.662 6.665 6.668 6.670 6.672 6.675 6.677 6.680 6.683 6.688 6.693
6.365 6.371 6.376 6.382 6.387 6.392 6.396 6.401 6.405 6.410 6.414 6.419 6.423 6.428 6.433 6.438 6.443 6.449 6.454 6.460 6.466 6.473 6.479 6.484 6.489 6.495 6.500 6.505 6.510 6.515 6.520 6.525 6.529 6.534 6.539 6.544 6.549 6.554 6.559 6.564 6.568 6.573 6.578 6.583 6.588 6.593 6.597 6.601 6.605 6.608 6.612 6.615 6.618 6.622 6.625 6.628 6.631 6.634 6.637 6.640 6.643 6.646 6.649 6.652 6.655 6.657 6.660 6.663 6.666 6.668 6.670 6.672 6.674 6.677 6.680 6.684 6.689
6.366 6.372 6.378 6.383 6.388 6.393 6.398 6.403 6.407 6.412 6.416 6.420 6.425 6.430 6.434 6.439 6.444 6.449 6.455 6.460 6.466 6.472 6.478 6.484 6.489 6.494 6.499 6.504 6.509 6.514 6.519 6.524 6.529 6.534 6.538 6.543 6.548 6.553 6.558 6.563 6.567 6.572 6.577 6.582 6.587 6.592 6.596 6.600 6.604 6.607 6.611 6.614 6.617 6.621 6.624 6.627 6.630 6.633 6.636 6.639 6.642 6.645 6.648 6.650 6.653 6.656 6.659 6.662 6.664 6.666 6.668 6.670 6.672 6.674 6.677 6.681 6.686
6.367 6.374 6.379 6.385 6.390 6.395 6.400 6.405 6.409 6.414 6.418 6.423 6.427 6.431 6.436 6.440 6.445 6.450 6.455 6.461 6.467 6.473 6.478 6.483 6.489 6.494 6.499 6.504 6.509 6.514 6.518 6.523 6.528 6.533 6.538 6.543 6.548 6.552 6.557 6.562 6.567 6.572 6.576 6.581 6.587 6.591 6.595 6.599 6.603 6.606 6.610 6.613 6.617 6.620 6.623 6.626 6.629 6.632 6.635 6.638 6.641 6.644 6.647 6.649 6.652 6.655 6.657 6.660 6.663 6.664 6.666 6.668 6.669 6.672 6.675 6.678 6.683
6.369 6.375 6.381 6.387 6.393 6.398 6.403 6.407 6.412 6.416 6.421 6.425 6.429 6.434 6.438 6.442 6.447 6.452 6.457 6.462 6.467 6.473 6.479 6.484 6.489 6.494 6.499 6.504 6.508 6.513 6.518 6.523 6.528 6.533 6.538 6.543 6.547 6.552 6.557 6.562 6.567 6.571 6.576 6.581 6.586 6.591 6.595 6.599 6.603 6.606 6.610 6.613 6.616 6.620 6.623 6.626 6.629 6.632 6.635 6.638 6.641 6.644 6.646 6.649 6.651 6.654 6.657 6.660 6.662 6.663 6.664 6.666 6.668 6.670 6.672 6.676 6.680
6.371 6.377 6.384 6.389 6.395 6.400 6.405 6.410 6.415 6.419 6.423 6.428 6.432 6.436 6.440 6.445 6.449 6.454 6.458 6.463 6.469 6.474 6.480 6.485 6.489 6.494 6.499 6.504 6.509 6.514 6.518 6.523 6.528 6.533 6.538 6.543 6.547 6.552 6.557 6.562 6.566 6.571 6.576 6.581 6.586 6.591 6.595 6.599 6.603 6.606 6.610 6.613 6.616 6.620 6.623 6.626 6.629 6.632 6.635 6.638 6.641 6.644 6.646 6.649 6.651 6.654 6.657 6.659 6.661 6.662 6.663 6.665 6.666 6.668 6.670 6.674 6.678
6.373 6.380 6.386 6.392 6.397 6.403 6.408 6.413 6.418 6.422 6.426 6.431 6.435 6.439 6.443 6.447 6.452 6.456 6.460 6.465 6.470 6.476 6.481 6.486 6.490 6.495 6.500 6.504 6.509 6.514 6.519 6.524 6.528 6.533 6.538 6.543 6.548 6.552 6.557 6.562 6.567 6.571 6.576 6.581 6.586 6.591 6.595 6.599 6.603 6.607 6.610 6.614 6.617 6.620 6.623 6.627 6.630 6.633 6.636 6.639 6.641 6.644 6.647 6.649 6.652 6.654 6.657 6.659 6.661 6.662 6.663 6.664 6.665 6.667 6.669 6.672 6.676
6.376 6.382 6.388 6.394 6.400 6.406 6.411 6.416 6.421 6.425 6.430 6.434 6.438 6.442 6.446 6.450 6.454 6.459 6.463 6.468 6.472 6.478 6.483 6.487 6.492 6.496 6.501 6.505 6.510 6.515 6.519 6.524 6.529 6.534 6.539 6.543 6.548 6.553 6.558 6.562 6.567 6.572 6.577 6.582 6.587 6.592 6.596 6.600 6.603 6.607 6.611 6.614 6.618 6.621 6.624 6.628 6.631 6.634 6.637 6.640 6.642 6.645 6.648 6.650 6.653 6.655 6.657 6.660 6.661 6.662 6.663 6.663 6.664 6.665 6.667 6.670 6.674
6.378 6.385 6.391 6.397 6.403 6.408 6.414 6.419 6.424 6.428 6.433 6.437 6.441 6.446 6.450 6.454 6.458 6.462 6.466 6.470 6.475 6.480 6.485 6.489 6.493 6.498 6.502 6.507 6.511 6.516 6.520 6.525 6.530 6.535 6.539 6.544 6.549 6.554 6.558 6.563 6.568 6.572 6.577 6.582 6.588 6.592 6.596 6.600 6.604 6.608 6.612 6.615 6.619 6.622 6.625 6.629 6.632 6.635 6.638 6.641 6.644 6.646 6.649 6.651 6.654 6.656 6.659 6.661 6.662 6.662 6.663 6.663 6.664 6.665 6.666 6.669 6.672
6.381 6.387 6.394 6.400 6.406 6.411 6.417 6.422 6.427 6.432 6.436 6.441 6.445 6.449 6.453 6.457 6.461 6.465 6.469 6.473 6.478 6.483 6.487 6.491 6.495 6.500 6.504 6.508 6.513 6.517 6.522 6.526 6.531 6.536 6.540 6.545 6.550 6.554 6.559 6.564 6.568 6.573 6.578 6.583 6.589 6.593 6.597 6.601 6.605 6.609 6.613 6.616 6.620 6.623 6.627 6.630 6.633 6.636 6.639 6.642 6.645 6.648 6.650 6.653 6.655 6.658 6.660 6.662 6.663 6.663 6.663 6.663 6.664 6.664 6.665 6.667 6.671
6.384 6.390 6.397 6.403 6.409 6.415 6.420 6.425 6.431 6.435 6.440 6.445 6.449 6.453 6.457 6.461 6.465 6.469 6.472 6.477 6.481 6.486 6.490 6.494 6.498 6.502 6.506 6.510 6.514 6.519 6.523 6.528 6.532 6.537 6.542 6.546 6.551 6.555 6.560 6.565 6.569 6.574 6.579 6.584 6.590 6.594 6.598 6.602 6.606 6.610 6.614 6.617 6.621 6.625 6.628 6.631 6.635 6.638 6.641 6.644 6.647 6.650 6.652 6.655 6.657 6.659 6.662 6.663 6.664 6.664 6.664 6.664 6.664 6.664 6.665 6.666 6.669
6.387 6.393 6.400 6.406 6.412 6.418 6.424 6.429 6.434 6.439 6.444 6.448 6.453 6.457 6.461 6.465 6.469 6.472 6.476 6.480 6.484 6.489 6.493 6.497 6.501 6.504 6.508 6.512 6.516 6.521 6.525 6.529 6.534 6.538 6.543 6.548 6.552 6.557 6.561 6.566 6.571 6.575 6.580 6.586 6.591 6.595 6.599 6.603 6.607 6.611 6.615 6.619 6.622 6.626 6.630 6.633 6.637 6.640 6.643 6.646 6.649 6.652 6.654 6.657 6.659 6.661 6.663 6.665 6.665 6.665 6.665 6.665 6.664 6.664 6.664 6.666 6.668
6.390 6.397 6.403 6.409 6.415 6.421 6.427 6.432 6.438 6.443 6.448 6.452 6.457 6.461 6.465 6.469 6.473 6.476 6.480 6.484 6.488 6.493 6.497 6.500 6.504 6.507 6.511 6.515 6.519 6.523 6.527 6.531 6.536 6.540 6.545 6.549 6.554 6.558 6.563 6.567 6.572 6.577 6.582 6.587 6.592 6.596 6.601 6.605 6.609 6.613 6.616 6.620 6.624 6.628 6.631 6.635 6.638 6.642 6.645 6.648 6.651 6.654 6.656 6.659 6.661 6.663 6.666 6.667 6.667 6.667 6.667 6.666 6.665 6.664 6.664 6.665 6.667
6.393 6.400 6.406 6.413 6.419 6.425 6.431 6.436 6.441 6.447 6.452 6.456 6.461 6.465 6.469 6.473 6.477 6.480 6.484 6.488 6.492 6.497 6.500 6.504 6.507 6.510 6.514 6.518 6.521 6.525 6.529 6.534 6.538 6.542 6.547 6.551 6.555 6.560 6.564 6.569 6.574 6.578 6.583 6.589 6.594 6.598 6.602 6.606 6.610 6.614 6.618 6.622 6.626 6.629 6.633 6.637 6.640 6.644 6.647 6.650 6.653 6.656 6.659 6.661 6.664 6.666 6.668 6.669 6.669 6.669 6.668 6.667 6.665 6.664 6.664 6.664 6.665
6.397 6.403 6.410 6.416 6.422 6.428 6.434 6.440 6.445 6.450 6.455 6.460 6.465 6.469 6.473 6.477 6.481 6.485 6.488 6.492 6.496 6.501 6.504 6.507 6.510 6.514 6.517 6.521 6.524 6.528 6.532 6.536 6.540 6.544 6.549 6.553 6.557 6.562 6.566 6.571 6.575 6.580 6.585 6.590 6.595 6.599 6.604 6.608 6.612 6.616 6.620 6.623 6.627 6.631 6.635 6.638 6.642 6.646 6.649 6.652 6.655 6.658 6.661 6.664 6.666 6.668 6.670 6.671 6.671 6.671 6.670 6.668 6.666 6.664 6.663 6.663 6.663
6.400 6.407 6.413 6.420 6.426 6.432 6.438 6.444 6.449 6.454 6.459 6.464 6.469 6.473 6.477 6.481 6.485 6.489 6.493 6.497 6.501 6.505 6.508 6.511 6.514 6.517 6.521 6.524 6.527 6.531 6.535 6.539 6.543 6.547 6.551 6.555 6.560 6.564 6.568 6.573 6.577 6.582 6.587 6.592 6.597 6.601 6.605 6.609 6.613 6.617 6.621 6.625 6.629 6.633 6.637 6.640 6.644 6.648 6.651 6.654 6.658 6.661 6.663 6.666 6.668 6.670 6.672 6.674 6.674 6.673 6.671 6.669 6.667 6.665 6.663 6.661 6.661
6.404 6.411 6.417 6.424 6.430 6.436 6.442 6.447 6.453 6.458 6.463 6.468 6.473 6.478 6.482 6.486 6.490 6.494 6.497 6.501 6.505 6.509 6.512 6.515 6.518 6.521 6.524 6.527 6.531 6.534 6.538 6.542 6.545 6.549 6.554 6.558 6.562 6.566 6.571 6.575 6.580 6.584 6.589 6.594 6.599 6.603 6.607 6.611 6.615 6.619 6.623 6.627 6.631 6.635 6.638 6.642 6.646 6.650 6.653 6.656 6.660 6.663 6.666 6.668 6.671 6.673 6.675 6.676 6.676 6.675 6.673 6.671 6.668 6.664 6.662 6.660 6.658
6.408 6.414 6.421 6.427 6.434 6.440 6.446 6.451 6.457 6.462 6.468 6.473 6.477 6.482 6.486 6.490 6.494 6.498 6.502 6.506 6.510 6.514 6.517 6.519 6.522 6.525 6.528 6.531 6.534 6.538 6.541 6.545 6.548 6.552 6.556 6.560 6.565 6.569 6.573 6.577 6.582 6.586 6.591 6.596 6.601 6.605 6.609 6.613 6.617 6.621 6.625 6.629 6.633 6.636 6.640 6.644 6.648 6.652 6.655 6.659 6.662 6.665 6.668 6.671 6.673 6.675 6.677 6.678 6.678 6.677 6.675 6.672 6.668 6.664 6.660 6.657 6.655
6.411 6.418 6.425 6.431 6.437 6.444 6.450 6.455 6.461 6.466 6.472 6.477 6.482 6.486 6.491 6.495 6.499 6.503 6.507 6.510 6.514 6.518 6.521 6.524 6.526 6.529 6.532 6.535 6.538 6.541 6.544 6.548 6.552 6.555 6.559 6.563 6.567 6.571 6.576 6.580 6.584 6.589 6.593 6.598 6.603 6.607 6.611 6.615 6.619 6.623 6.627 6.631 6.635 6.638 6.642 6.646 6.650 6.654 6.657 6.661 6.664 6.667 6.670 6.673 6.675 6.677 6.679 6.681 6.680 6.679 6.676 6.673 6.668 6.663 6.659 6.654 6.651
6.415 6.422 6.429 6.435 6.442 6.448 6.454 6.459 6.465 6.471 6.476 6.481 6.486 6.491 6.495 6.499 6.503 6.507 6.511 6.515 6.519 6.523 6.525 6.528 6.531 6.533 6.536 6.539 6.542 6.545 6.548 6.551 6.555 6.558 6.562 6.566 6.570 6.574 6.578 6.582 6.587 6.591 6.596 6.601 6.605 6.609 6.613 6.617 6.621 6.625 6.629 6.633 6.637 6.640 6.644 6.648 6.652 6.656 6.659 6.663 6.666 6.669 6.672 6.675 6.677 6.680 6.682 6.683 6.682 6.681 6.678 6.674 6.668 6.662 6.656 6.651 6.646
