version1/TsunamiDB/out54010.asc
ncols          264
nrows          230
xllcorner      497853.4375
yllcorner      4229146.0000
cellsize         5.
NODATA_value   -99
[rows 93 to 123 of 230, columns 140 to 209 of 264]
-99.000 -99.000 -99.000 -99.000 -99.000 -99.000 -99.000 -99.000 -99.000 -99.000 -99.000 -99.000 -99.000 -99.000 -99.000 -99.000 -99.000 -99.000 -99.000 -99.000 -99.000 -99.000 -99.000 -99.000 -99.000 -99.000 -99.000 -99.000 -99.000 -99.000 -99.000 -99.000 -99.000 -99.000 -99.000 1.643 1.653 1.723 1.897 2.163 2.497 2.870 3.246 3.585 3.863 4.081 4.251 4.384 4.492 4.583 4.662 4.734 4.802 4.865 4.926 4.984 5.041 5.097 5.152 5.205 5.256 5.304 5.350 5.391 5.426 5.454 5.475 5.487 5.494 5.499
-99.000 -99.000 -99.000 -99.000 -99.000 -99.000 -99.000 -99.000 -99.000 -99.000 -99.000 -99.000 -99.000 -99.000 -99.000 -99.000 -99.000 -99.000 -99.000 -99.000 -99.000 -99.000 -99.000 -99.000 -99.000 -99.000 -99.000 -99.000 -99.000 -99.000 -99.000 -99.000 -99.000 -99.000 -99.000 1.644 1.670 1.780 1.995 2.292 2.646 3.025 3.391 3.705 3.957 4.153 4.306 4.427 4.527 4.612 4.688 4.757 4.823 4.886 4.947 5.005 5.064 5.121 5.177 5.232 5.285 5.336 5.384 5.427 5.466 5.499 5.524 5.543 5.556 5.566
-99.000 -99.000 -99.000 -99.000 -99.000 -99.000 -99.000 -99.000 -99.000 -99.000 -99.000 -99.000 -99.000 -99.000 -99.000 -99.000 -99.000 -99.000 -99.000 -99.000 -99.000 -99.000 -99.000 -99.000 -99.000 -99.000 -99.000 -99.000 -99.000 -99.000 -99.000 -99.000 -99.000 -99.000 1.643 1.649 1.701 1.855 2.105 2.428 2.797 3.176 3.525 3.814 4.042 4.219 4.356 4.467 4.559 4.640 4.712 4.779 4.843 4.905 4.965 5.024 5.083 5.141 5.198 5.254 5.309 5.361 5.410 5.457 5.499 5.535 5.566 5.592 5.612 5.629
-99.000 -99.000 -99.000 -99.000 -99.000 -99.000 -99.000 -99.000 -99.000 -99.000 -99.000 -99.000 -99.000 -99.000 -99.000 -99.000 -99.000 -99.000 -99.000 -99.000 -99.000 -99.000 -99.000 -99.000 -99.000 -99.000 -99.000 -99.000 -99.000 -99.000 -99.000 -99.000 -99.000 -99.000 1.644 1.660 1.749 1.943 2.225 2.571 2.949 3.322 3.649 3.913 4.118 4.277 4.403 4.505 4.591 4.667 4.736 4.801 4.863 4.924 4.982 5.041 5.100 5.158 5.216 5.272 5.327 5.380 5.431 5.479 5.524 5.565 5.601 5.634 5.662 5.686
-99.000 -99.000 -99.000 -99.000 -99.000 -99.000 -99.000 -99.000 -99.000 -99.000 -99.000 -99.000 -99.000 -99.000 -99.000 -99.000 -99.000 -99.000 -99.000 -99.000 -99.000 -99.000 -99.000 -99.000 -99.000 -99.000 -99.000 -99.000 -99.000 -99.000 -99.000 -99.000 -99.000 1.643 1.646 1.683 1.813 2.045 2.355 2.718 3.099 3.460 3.762 4.002 4.187 4.331 4.446 4.540 4.621 4.694 4.760 4.823 4.884 4.943 5.000 5.057 5.115 5.173 5.230 5.286 5.341 5.395 5.446 5.496 5.543 5.588 5.630 5.668 5.704 5.737
-99.000 -99.000 -99.000 -99.000 -99.000 -99.000 -99.000 -99.000 -99.000 -99.000 -99.000 -99.000 -99.000 -99.000 -99.000 -99.000 -99.000 -99.000 -99.000 -99.000 -99.000 -99.000 -99.000 -99.000 -99.000 -99.000 -99.000 -99.000 -99.000 -99.000 -99.000 -99.000 -99.000 1.643 1.652 1.720 1.893 2.158 2.492 2.868 3.247 3.588 3.865 4.082 4.249 4.380 4.485 4.573 4.650 4.720 4.785 4.846 4.905 4.963 5.019 5.075 5.131 5.188 5.244 5.299 5.353 5.407 5.458 5.509 5.559 5.607 5.653 5.697 5.740 5.781
-99.000 -99.000 -99.000 -99.000 -99.000 -99.000 -99.000 -99.000 -99.000 -99.000 -99.000 -99.000 -99.000 -99.000 -99.000 -99.000 -99.000 -99.000 -99.000 -99.000 -99.000 -99.000 -99.000 -99.000 -99.000 -99.000 -99.000 -99.000 -99.000 -99.000 -99.000 -99.000 -99.000 1.644 1.668 1.775 1.986 2.281 2.636 3.018 3.389 3.706 3.959 4.154 4.305 4.425 4.522 4.605 4.679 4.746 4.809 4.869 4.927 4.984 5.038 5.093 5.148 5.203 5.257 5.311 5.365 5.417 5.469 5.520 5.572 5.623 5.673 5.723 5.773 5.822
-99.000 -99.000 -99.000 -99.000 -99.000 -99.000 -99.000 -99.000 -99.000 -99.000 -99.000 -99.000 -99.000 -99.000 -99.000 -99.000 -99.000 -99.000 -99.000 -99.000 -99.000 -99.000 -99.000 -99.000 -99.000 -99.000 -99.000 -99.000 -99.000 -99.000 -99.000 -99.000 1.643 1.648 1.697 1.845 2.092 2.414 2.785 3.168 3.523 3.816 4.045 4.221 4.357 4.466 4.557 4.635 4.706 4.771 4.833 4.892 4.949 5.005 5.059 5.112 5.166 5.219 5.272 5.324 5.376 5.428 5.479 5.531 5.584 5.638 5.692 5.747 5.804 5.861
-99.000 -99.000 -99.000 -99.000 -99.000 -99.000 -99.000 -99.000 -99.000 -99.000 -99.000 -99.000 -99.000 -99.000 -99.000 -99.000 -99.000 -99.000 -99.000 -99.000 -99.000 -99.000 -99.000 -99.000 -99.000 -99.000 -99.000 -99.000 -99.000 -99.000 -99.000 -99.000 1.643 1.658 1.742 1.931 2.210 2.555 2.936 3.315 3.649 3.917 4.123 4.282 4.406 4.505 4.590 4.664 4.732 4.796 4.857 4.915 4.972 5.027 5.080 5.132 5.185 5.236 5.286 5.336 5.387 5.438 5.489 5.542 5.595 5.651 5.710 5.770 5.833 5.898
-99.000 -99.000 -99.000 -99.000 -99.000 -99.000 -99.000 -99.000 -99.000 -99.000 -99.000 -99.000 -99.000 -99.000 -99.000 -99.000 -99.000 -99.000 -99.000 -99.000 -99.000 -99.000 -99.000 -99.000 -99.000 -99.000 -99.000 -99.000 -99.000 -99.000 -99.000 1.643 1.645 1.678 1.803 2.030 2.338 2.702 3.089 3.457 3.766 4.010 4.196 4.339 4.451 4.543 4.622 4.693 4.758 4.820 4.880 4.938 4.994 5.049 5.101 5.152 5.203 5.252 5.300 5.348 5.397 5.446 5.497 5.550 5.605 5.663 5.725 5.791 5.860 5.932
-99.000 -99.000 -99.000 -99.000 -99.000 -99.000 -99.000 -99.000 -99.000 -99.000 -99.000 -99.000 -99.000 -99.000 -99.000 -99.000 -99.000 -99.000 -99.000 -99.000 -99.000 -99.000 -99.000 -99.000 -99.000 -99.000 -99.000 -99.000 -99.000 -99.000 -99.000 1.643 1.651 1.714 1.881 2.143 2.476 2.854 3.240 3.591 3.876 4.097 4.265 4.394 4.496 4.580 4.654 4.721 4.784 4.845 4.903 4.960 5.016 5.070 5.121 5.171 5.220 5.267 5.313 5.358 5.404 5.452 5.502 5.555 5.611 5.672 5.738 5.810 5.885 5.963
-99.000 -99.000 -99.000 -99.000 -99.000 -99.000 -99.000 -99.000 -99.000 -99.000 -99.000 -99.000 -99.000 -99.000 -99.000 -99.000 -99.000 -99.000 -99.000 -99.000 -99.000 -99.000 -99.000 -99.000 -99.000 -99.000 -99.000 -99.000 -99.000 -99.000 -99.000 1.644 1.665 1.767 1.974 2.266 2.622 3.008 3.387 3.716 3.977 4.177 4.329 4.445 4.539 4.618 4.687 4.751 4.812 4.871 4.928 4.984 5.038 5.091 5.140 5.189 5.236 5.281 5.324 5.366 5.409 5.455 5.504 5.557 5.615 5.679 5.749 5.826 5.906 5.990
-99.000 -99.000 -99.000 -99.000 -99.000 -99.000 -99.000 -99.000 -99.000 -99.000 -99.000 -99.000 -99.000 -99.000 -99.000 -99.000 -99.000 -99.000 -99.000 -99.000 -99.000 -99.000 -99.000 -99.000 -99.000 -99.000 -99.000 -99.000 -99.000 -99.000 1.644 1.647 1.693 1.836 2.080 2.401 2.773 3.162 3.528 3.833 4.071 4.251 4.388 4.495 4.582 4.655 4.721 4.783 4.841 4.898 4.954 5.008 5.061 5.112 5.160 5.206 5.251 5.293 5.333 5.372 5.413 5.456 5.504 5.557 5.617 5.683 5.756 5.838 5.923 6.012
-99.000 -99.000 -99.000 -99.000 -99.000 -99.000 -99.000 -99.000 -99.000 -99.000 -99.000 -99.000 -99.000 -99.000 -99.000 -99.000 -99.000 -99.000 -99.000 -99.000 -99.000 -99.000 -99.000 -99.000 -99.000 -99.000 -99.000 -99.000 -99.000 -99.000 1.644 1.656 1.736 1.922 2.199 2.544 2.927 3.313 3.660 3.940 4.155 4.318 4.443 4.542 4.623 4.693 4.757 4.816 4.873 4.929 4.982 5.035 5.086 5.135 5.181 5.224 5.267 5.306 5.343 5.379 5.416 5.457 5.503 5.557 5.617 5.685 5.763 5.850 5.939 6.034
-99.000 -99.000 -99.000 -99.000 -99.000 -99.000 -99.000 -99.000 -99.000 -99.000 -99.000 -99.000 -99.000 -99.000 -99.000 -99.000 -99.000 -99.000 -99.000 -99.000 -99.000 -99.000 -99.000 -99.000 -99.000 -99.000 -99.000 -99.000 -99.000 1.644 1.646 1.676 1.797 2.022 2.329 2.693 3.083 3.459 3.783 4.037 4.232 4.379 4.494 4.586 4.663 4.731 4.793 4.851 4.907 4.961 5.014 5.065 5.114 5.161 5.205 5.246 5.285 5.321 5.355 5.388 5.422 5.461 5.506 5.559 5.621 5.692 5.775 5.865 5.958 6.056
-99.000 -99.000 -99.000 -99.000 -99.000 -99.000 -99.000 -99.000 -99.000 -99.000 -99.000 -99.000 -99.000 -99.000 -99.000 -99.000 -99.000 -99.000 -99.000 -99.000 -99.000 -99.000 -99.000 -99.000 -99.000 -99.000 -99.000 -99.000 -99.000 1.644 1.651 1.711 1.875 2.135 2.469 2.848 3.237 3.598 3.894 4.124 4.299 4.433 4.539 4.627 4.701 4.768 4.829 4.887 4.942 4.996 5.048 5.098 5.145 5.191 5.232 5.271 5.308 5.341 5.372 5.403 5.435 5.471 5.515 5.568 5.632 5.706 5.790 5.882 5.977 6.078
-99.000 -99.000 -99.000 -99.000 -99.000 -99.000 -99.000 -99.000 -99.000 -99.000 -99.000 -99.000 -99.000 -99.000 -99.000 -99.000 -99.000 -99.000 -99.000 -99.000 -99.000 -99.000 -99.000 -99.000 -99.000 -99.000 -99.000 -99.000 -99.000 1.645 1.665 1.764 1.969 2.261 2.617 3.004 3.387 3.726 3.995 4.201 4.359 4.481 4.580 4.663 4.736 4.802 4.863 4.922 4.977 5.031 5.083 5.133 5.179 5.223 5.263 5.301 5.335 5.367 5.396 5.425 5.456 5.491 5.534 5.587 5.650 5.724 5.808 5.901 5.999 6.103
-99.000 -99.000 -99.000 -99.000 -99.000 -99.000 -99.000 -99.000 -99.000 -99.000 -99.000 -99.000 -99.000 -99.000 -99.000 -99.000 -99.000 -99.000 -99.000 -99.000 -99.000 -99.000 -99.000 -99.000 -99.000 -99.000 -99.000 -99.000 1.644 1.648 1.692 1.834 2.077 2.398 2.771 3.161 3.531 3.842 4.085 4.270 4.412 4.524 4.617 4.696 4.768 4.833 4.895 4.954 5.011 5.066 5.118 5.168 5.215 5.258 5.297 5.334 5.367 5.398 5.426 5.454 5.485 5.521 5.563 5.615 5.677 5.750 5.833 5.925 6.024 6.129
-99.000 -99.000 -99.000 -99.000 -99.000 -99.000 -99.000 -99.000 -99.000 -99.000 -99.000 -99.000 -99.000 -99.000 -99.000 -99.000 -99.000 -99.000 -99.000 -99.000 -99.000 -99.000 -99.000 -99.000 -99.000 -99.000 -99.000 -99.000 1.644 1.657 1.737 1.922 2.199 2.544 2.929 3.316 3.666 3.949 4.166 4.331 4.460 4.563 4.650 4.726 4.796 4.861 4.924 4.984 5.042 5.097 5.151 5.201 5.249 5.293 5.332 5.368 5.402 5.433 5.462 5.491 5.523 5.560 5.603 5.653 5.713 5.782 5.863 5.953 6.051 6.157
-99.000 -99.000 -99.000 -99.000 -99.000 -99.000 -99.000 -99.000 -99.000 -99.000 -99.000 -99.000 -99.000 -99.000 -99.000 -99.000 -99.000 -99.000 -99.000 -99.000 -99.000 -99.000 -99.000 -99.000 -99.000 -99.000 -99.000 1.644 1.646 1.677 1.800 2.025 2.332 2.698 3.088 3.466 3.791 4.046 4.240 4.388 4.504 4.599 4.680 4.753 4.821 4.887 4.949 5.010 5.069 5.126 5.180 5.231 5.280 5.324 5.364 5.402 5.437 5.469 5.500 5.532 5.568 5.607 5.650 5.699 5.756 5.821 5.897 5.985 6.081 6.188
-99.000 -99.000 -99.000 -99.000 -99.000 -99.000 -99.000 -99.000 -99.000 -99.000 -99.000 -99.000 -99.000 -99.000 -99.000 -99.000 -99.000 -99.000 -99.000 -99.000 -99.000 -99.000 -99.000 -99.000 -99.000 -99.000 -99.000 1.644 1.652 1.714 1.881 2.141 2.476 2.856 3.246 3.608 3.905 4.135 4.308 4.441 4.546 4.633 4.709 4.779 4.846 4.910 4.972 5.033 5.093 5.150 5.205 5.257 5.306 5.350 5.392 5.432 5.469 5.505 5.540 5.576 5.616 5.658 5.703 5.752 5.805 5.866 5.937 6.020 6.114 6.219
-99.000 -99.000 -99.000 -99.000 -99.000 -99.000 -99.000 -99.000 -99.000 -99.000 -99.000 -99.000 -99.000 -99.000 -99.000 -99.000 -99.000 -99.000 -99.000 -99.000 -99.000 -99.000 -99.000 -99.000 -99.000 -99.000 -99.000 1.645 1.666 1.769 1.978 2.271 2.628 3.017 3.400 3.740 4.010 4.216 4.372 4.492 4.587 4.668 4.739 4.806 4.870 4.932 4.994 5.054 5.113 5.170 5.224 5.276 5.325 5.371 5.414 5.456 5.497 5.538 5.578 5.620 5.664 5.710 5.758 5.807 5.859 5.915 5.981 6.059 6.149 6.251
-99.000 -99.000 -99.000 -99.000 -99.000 -99.000 -99.000 -99.000 -99.000 -99.000 -99.000 -99.000 -99.000 -99.000 -99.000 -99.000 -99.000 -99.000 -99.000 -99.000 -99.000 -99.000 -99.000 -99.000 -99.000 -99.000 1.644 1.648 1.696 1.843 2.088 2.412 2.786 3.177 3.548 3.862 4.106 4.291 4.431 4.540 4.628 4.703 4.771 4.834 4.895 4.955 5.015 5.074 5.131 5.186 5.239 5.290 5.339 5.384 5.429 5.474 5.519 5.566 5.612 5.660 5.710 5.761 5.813 5.865 5.915 5.968 6.029 6.101 6.186 6.283
-99.000 -99.000 -99.000 -99.000 -99.000 -99.000 -99.000 -99.000 -99.000 -99.000 -99.000 -99.000 -99.000 -99.000 -99.000 -99.000 -99.000 -99.000 -99.000 -99.000 -99.000 -99.000 -99.000 -99.000 -99.000 -99.000 1.644 1.658 1.743 1.933 2.214 2.561 2.946 3.334 3.686 3.973 4.193 4.359 4.486 4.586 4.668 4.739 4.804 4.864 4.923 4.981 5.038 5.094 5.149 5.202 5.252 5.301 5.348 5.393 5.439 5.486 5.537 5.590 5.642 5.696 5.753 5.809 5.866 5.920 5.971 6.022 6.080 6.147 6.226 6.318
-99.000 -99.000 -99.000 -99.000 -99.000 -99.000 -99.000 -99.000 -99.000 -99.000 -99.000 -99.000 -99.000 -99.000 -99.000 -99.000 -99.000 -99.000 -99.000 -99.000 -99.000 -99.000 -99.000 -99.000 -99.000 1.644 1.646 1.681 1.808 2.039 2.349 2.716 3.107 3.485 3.814 4.073 4.270 4.420 4.536 4.629 4.707 4.776 4.838 4.897 4.953 5.009 5.063 5.116 5.168 5.218 5.265 5.311 5.356 5.400 5.447 5.497 5.552 5.611 5.669 5.730 5.792 5.854 5.915 5.973 6.028 6.081 6.137 6.200 6.273 6.361
-99.000 -99.000 -99.000 -99.000 -99.000 -99.000 -99.000 -99.000 -99.000 -99.000 -99.000 -99.000 -99.000 -99.000 -99.000 -99.000 -99.000 -99.000 -99.000 -99.000 -99.000 -99.000 -99.000 -99.000 -99.000 1.644 1.653 1.720 1.891 2.157 2.494 2.876 3.265 3.627 3.929 4.162 4.339 4.475 4.582 4.670 4.745 4.811 4.873 4.930 4.986 5.039 5.091 5.142 5.191 5.237 5.281 5.324 5.366 5.409 5.457 5.510 5.568 5.631 5.694 5.760 5.829 5.896 5.962 6.026 6.086 6.144 6.201 6.260 6.331 6.415
-99.000 -99.000 -99.000 -99.000 -99.000 -99.000 -99.000 -99.000 -99.000 -99.000 -99.000 -99.000 -99.000 -99.000 -99.000 -99.000 -99.000 -99.000 -99.000 -99.000 -99.000 -99.000 -99.000 -99.000 -99.000 1.645 1.669 1.777 1.990 2.288 2.647 3.036 3.418 3.759 4.031 4.240 4.399 4.523 4.623 4.707 4.780 4.846 4.907 4.964 5.019 5.072 5.122 5.170 5.216 5.260 5.301 5.341 5.381 5.423 5.470 5.524 5.585 5.652 5.719 5.791 5.864 5.937 6.009 6.079 6.147 6.210 6.270 6.330 6.400 6.482
-99.000 -99.000 -99.000 -99.000 -99.000 -99.000 -99.000 -99.000 -99.000 -99.000 -99.000 -99.000 -99.000 -99.000 -99.000 -99.000 -99.000 -99.000 -99.000 -99.000 -99.000 -99.000 -99.000 -99.000 1.644 1.649 1.700 1.852 2.103 2.430 2.804 3.195 3.564 3.878 4.123 4.309 4.452 4.566 4.660 4.740 4.812 4.878 4.939 4.997 5.052 5.104 5.154 5.201 5.244 5.286 5.325 5.362 5.401 5.442 5.488 5.543 5.605 5.675 5.746 5.821 5.900 5.979 6.057 6.135 6.211 6.281 6.347 6.408 6.479 6.557
-99.000 -99.000 -99.000 -99.000 -99.000 -99.000 -99.000 -99.000 -99.000 -99.000 -99.000 -99.000 -99.000 -99.000 -99.000 -99.000 -99.000 -99.000 -99.000 -99.000 -99.000 -99.000 -99.000 -99.000 1.645 1.660 1.749 1.945 2.229 2.579 2.964 3.350 3.700 3.985 4.204 4.371 4.500 4.605 4.693 4.770 4.841 4.907 4.969 5.028 5.083 5.136 5.185 5.231 5.273 5.313 5.350 5.386 5.424 5.464 5.510 5.565 5.628 5.699 5.773 5.852 5.936 6.021 6.106 6.191 6.274 6.353 6.425 6.486 6.557 6.634
-99.000 -99.000 -99.000 -99.000 -99.000 -99.000 -99.000 -99.000 -99.000 -99.000 -99.000 -99.000 -99.000 -99.000 -99.000 -99.000 -99.000 -99.000 -99.000 -99.000 -99.000 -99.000 -99.000 1.644 1.647 1.684 1.817 2.052 2.366 2.734 3.123 3.498 3.825 4.081 4.277 4.426 4.544 4.640 4.724 4.798 4.868 4.933 4.996 5.055 5.111 5.164 5.214 5.259 5.301 5.339 5.375 5.411 5.448 5.488 5.534 5.588 5.651 5.724 5.800 5.882 5.972 6.063 6.153 6.245 6.337 6.423 6.498 6.558 6.631 6.710
-99.000 -99.000 -99.000 -99.000 -99.000 -99.000 -99.000 -99.000 -99.000 -99.000 -99.000 -99.000 -99.000 -99.000 -99.000 -99.000 -99.000 -99.000 -99.000 -99.000 -99.000 -99.000 -99.000 1.644 1.654 1.726 1.902 2.172 2.512 2.893 3.279 3.639 3.938 4.168 4.344 4.478 4.585 4.675 4.753 4.825 4.893 4.958 5.020 5.080 5.136 5.190 5.240 5.285 5.326 5.364 5.399 5.435 5.473 5.512 5.558 5.611 5.675 5.748 5.827 5.912 6.007 6.102 6.199 6.297 6.394 6.484 6.562 6.622 6.697 6.775
