version1/TsunamiDB/out54150.asc
ncols          264
nrows          230
xllcorner      497853.4375
yllcorner      4229146.0000
cellsize         5.
NODATA_value   -99
[rows 68 to 101 of 230, columns 0 to 76 of 264]
5.499 5.516 5.532 5.548 5.563 5.579 5.594 5.609 5.624 5.639 5.654 5.668 5.682 5.695 5.708 5.721 5.734 5.746 5.759 5.772 5.784 5.797 5.809 5.820 5.832 5.843 5.854 5.865 5.875 5.885 5.895 5.905 5.914 5.923 5.932 5.940 5.946 5.953 5.959 5.965 5.971 5.977 5.982 5.988 5.993 5.998 6.003 6.008 6.013 6.018 6.023 6.028 6.033 6.038 6.043 6.048 6.054 6.060 6.065 6.070 6.074 6.079 6.084 6.089 6.094 6.099 6.105 6.110 6.116 6.122 6.127 6.133 6.139 6.145 6.151 6.157 6.164
5.507 5.523 5.539 5.555 5.571 5.586 5.602 5.617 5.632 5.647 5.661 5.676 5.690 5.703 5.716 5.729 5.742 5.755 5.768 5.781 5.793 5.806 5.818 5.830 5.842 5.853 5.864 5.875 5.886 5.897 5.907 5.917 5.926 5.936 5.945 5.954 5.961 5.967 5.974 5.981 5.987 5.993 5.999 6.004 6.010 6.015 6.020 6.025 6.030 6.034 6.039 6.044 6.048 6.053 6.058 6.063 6.068 6.073 6.078 6.082 6.086 6.090 6.095 6.099 6.104 6.109 6.114 6.120 6.125 6.130 6.136 6.142 6.147 6.153 6.159 6.165 6.171
5.514 5.531 5.547 5.563 5.578 5.594 5.609 5.625 5.640 5.654 5.669 5.684 5.698 5.711 5.724 5.737 5.750 5.763 5.776 5.789 5.802 5.814 5.827 5.839 5.851 5.863 5.874 5.885 5.897 5.907 5.918 5.928 5.938 5.948 5.958 5.966 5.974 5.981 5.988 5.995 6.002 6.008 6.014 6.020 6.026 6.031 6.037 6.042 6.046 6.051 6.056 6.060 6.064 6.069 6.073 6.078 6.083 6.088 6.092 6.096 6.099 6.103 6.107 6.112 6.116 6.120 6.125 6.130 6.135 6.140 6.145 6.150 6.156 6.161 6.167 6.173 6.178
5.521 5.538 5.554 5.570 5.586 5.601 5.617 5.632 5.647 5.662 5.677 5.692 5.706 5.719 5.732 5.745 5.758 5.771 5.784 5.797 5.810 5.823 5.835 5.848 5.860 5.872 5.883 5.895 5.906 5.917 5.928 5.939 5.949 5.959 5.970 5.979 5.987 5.994 6.002 6.009 6.016 6.023 6.029 6.036 6.042 6.047 6.053 6.058 6.063 6.068 6.072 6.077 6.081 6.086 6.090 6.094 6.099 6.103 6.107 6.111 6.114 6.117 6.121 6.125 6.129 6.133 6.137 6.141 6.146 6.151 6.155 6.160 6.165 6.171 6.176 6.181 6.187
5.529 5.545 5.562 5.578 5.593 5.609 5.624 5.640 5.655 5.670 5.684 5.699 5.713 5.726 5.739 5.753 5.766 5.779 5.792 5.805 5.818 5.831 5.844 5.856 5.868 5.880 5.892 5.904 5.916 5.927 5.938 5.949 5.960 5.970 5.981 5.990 5.998 6.006 6.014 6.022 6.030 6.037 6.044 6.051 6.057 6.063 6.069 6.074 6.080 6.085 6.089 6.094 6.098 6.103 6.107 6.111 6.115 6.120 6.124 6.127 6.130 6.133 6.136 6.139 6.143 6.146 6.150 6.154 6.158 6.162 6.167 6.171 6.176 6.181 6.186 6.191 6.196
5.536 5.553 5.569 5.585 5.601 5.616 5.632 5.647 5.662 5.677 5.692 5.707 5.721 5.734 5.747 5.760 5.773 5.787 5.800 5.813 5.826 5.839 5.852 5.864 5.877 5.889 5.901 5.913 5.924 5.936 5.947 5.958 5.969 5.980 5.991 6.001 6.009 6.018 6.026 6.034 6.042 6.050 6.057 6.064 6.071 6.078 6.084 6.090 6.096 6.101 6.106 6.111 6.115 6.120 6.124 6.128 6.133 6.137 6.141 6.143 6.146 6.149 6.152 6.155 6.158 6.161 6.164 6.168 6.172 6.175 6.179 6.183 6.188 6.192 6.196 6.201 6.206
5.544 5.560 5.576 5.592 5.608 5.624 5.639 5.654 5.670 5.685 5.699 5.714 5.728 5.741 5.754 5.768 5.781 5.794 5.808 5.821 5.834 5.847 5.859 5.872 5.885 5.897 5.909 5.921 5.933 5.945 5.956 5.967 5.979 5.990 6.001 6.011 6.020 6.029 6.037 6.046 6.054 6.062 6.070 6.078 6.085 6.092 6.098 6.105 6.111 6.117 6.122 6.127 6.132 6.137 6.141 6.146 6.150 6.154 6.158 6.161 6.163 6.166 6.169 6.171 6.174 6.177 6.180 6.183 6.186 6.190 6.193 6.197 6.200 6.204 6.208 6.213 6.217
5.551 5.568 5.584 5.600 5.616 5.631 5.647 5.662 5.677 5.692 5.707 5.722 5.736 5.749 5.762 5.775 5.788 5.802 5.815 5.828 5.841 5.854 5.867 5.880 5.892 5.905 5.917 5.929 5.941 5.953 5.964 5.976 5.987 5.999 6.010 6.020 6.029 6.039 6.048 6.056 6.065 6.074 6.082 6.090 6.097 6.105 6.112 6.119 6.125 6.131 6.137 6.143 6.148 6.153 6.158 6.163 6.167 6.172 6.175 6.178 6.181 6.183 6.186 6.188 6.191 6.194 6.196 6.199 6.202 6.205 6.208 6.211 6.215 6.218 6.222 6.225 6.229
5.559 5.575 5.591 5.607 5.623 5.638 5.654 5.669 5.684 5.699 5.714 5.729 5.743 5.756 5.769 5.782 5.796 5.809 5.822 5.836 5.849 5.862 5.875 5.887 5.900 5.912 5.925 5.937 5.949 5.961 5.973 5.984 5.996 6.007 6.019 6.029 6.039 6.048 6.057 6.066 6.075 6.084 6.093 6.101 6.109 6.117 6.125 6.132 6.139 6.145 6.152 6.158 6.163 6.169 6.174 6.179 6.184 6.188 6.192 6.195 6.198 6.201 6.204 6.206 6.209 6.211 6.214 6.216 6.219 6.222 6.224 6.227 6.230 6.233 6.236 6.239 6.243
5.566 5.582 5.598 5.614 5.630 5.646 5.661 5.676 5.692 5.707 5.722 5.736 5.750 5.763 5.776 5.790 5.803 5.816 5.830 5.843 5.856 5.869 5.882 5.895 5.907 5.920 5.932 5.944 5.957 5.969 5.980 5.992 6.004 6.015 6.027 6.038 6.047 6.057 6.066 6.076 6.085 6.094 6.103 6.112 6.120 6.129 6.137 6.144 6.152 6.159 6.165 6.172 6.178 6.184 6.189 6.195 6.200 6.205 6.209 6.212 6.215 6.218 6.221 6.224 6.226 6.229 6.231 6.234 6.236 6.239 6.241 6.244 6.246 6.249 6.252 6.254 6.257
5.574 5.590 5.606 5.622 5.637 5.653 5.668 5.684 5.699 5.714 5.729 5.743 5.757 5.770 5.783 5.797 5.810 5.823 5.837 5.850 5.863 5.876 5.889 5.902 5.914 5.927 5.939 5.952 5.964 5.976 5.988 6.000 6.012 6.023 6.035 6.046 6.056 6.066 6.075 6.085 6.094 6.104 6.113 6.122 6.131 6.139 6.148 6.156 6.163 6.171 6.178 6.185 6.191 6.198 6.204 6.209 6.215 6.220 6.225 6.229 6.232 6.235 6.238 6.241 6.244 6.247 6.249 6.252 6.254 6.257 6.259 6.261 6.264 6.266 6.268 6.271 6.273
5.581 5.597 5.613 5.629 5.644 5.660 5.675 5.691 5.706 5.721 5.736 5.751 5.764 5.777 5.790 5.804 5.817 5.830 5.844 5.857 5.870 5.883 5.896 5.909 5.921 5.934 5.946 5.959 5.971 5.983 5.995 6.007 6.019 6.031 6.043 6.054 6.064 6.074 6.083 6.093 6.103 6.113 6.122 6.131 6.141 6.149 6.158 6.166 6.174 6.182 6.190 6.197 6.204 6.211 6.217 6.223 6.229 6.235 6.240 6.244 6.248 6.252 6.255 6.258 6.261 6.264 6.267 6.270 6.272 6.275 6.277 6.279 6.282 6.284 6.286 6.288 6.290
5.588 5.604 5.620 5.636 5.651 5.667 5.682 5.697 5.713 5.728 5.743 5.758 5.771 5.784 5.797 5.810 5.824 5.837 5.850 5.864 5.877 5.890 5.903 5.915 5.928 5.941 5.953 5.966 5.978 5.990 6.002 6.014 6.026 6.038 6.050 6.061 6.071 6.081 6.091 6.101 6.111 6.121 6.131 6.140 6.150 6.159 6.168 6.176 6.185 6.193 6.201 6.208 6.216 6.223 6.230 6.236 6.243 6.249 6.255 6.259 6.263 6.267 6.271 6.274 6.278 6.281 6.284 6.287 6.290 6.293 6.295 6.297 6.300 6.302 6.304 6.306 6.308
5.595 5.611 5.627 5.642 5.658 5.674 5.689 5.704 5.719 5.734 5.750 5.764 5.777 5.790 5.804 5.817 5.830 5.844 5.857 5.870 5.883 5.896 5.909 5.922 5.935 5.947 5.960 5.972 5.984 5.997 6.009 6.021 6.033 6.045 6.057 6.068 6.078 6.089 6.099 6.109 6.119 6.129 6.139 6.149 6.158 6.168 6.177 6.186 6.194 6.203 6.211 6.219 6.227 6.234 6.241 6.248 6.255 6.262 6.268 6.273 6.277 6.282 6.286 6.290 6.294 6.297 6.301 6.304 6.307 6.310 6.313 6.315 6.318 6.320 6.322 6.324 6.326
5.602 5.617 5.633 5.649 5.664 5.680 5.695 5.711 5.726 5.741 5.756 5.770 5.783 5.797 5.810 5.823 5.837 5.850 5.863 5.876 5.890 5.902 5.915 5.928 5.941 5.953 5.966 5.978 5.991 6.003 6.015 6.027 6.040 6.052 6.064 6.075 6.085 6.095 6.106 6.116 6.126 6.137 6.147 6.156 6.166 6.176 6.185 6.194 6.203 6.212 6.220 6.229 6.237 6.245 6.252 6.260 6.267 6.274 6.280 6.286 6.291 6.295 6.300 6.304 6.309 6.313 6.316 6.320 6.324 6.327 6.330 6.333 6.335 6.338 6.340 6.342 6.344
5.608 5.624 5.639 5.655 5.671 5.686 5.701 5.717 5.732 5.747 5.762 5.776 5.789 5.803 5.816 5.829 5.843 5.856 5.869 5.882 5.896 5.909 5.921 5.934 5.947 5.959 5.972 5.984 5.997 6.009 6.021 6.034 6.046 6.058 6.070 6.081 6.091 6.102 6.112 6.123 6.133 6.143 6.154 6.164 6.174 6.183 6.193 6.202 6.212 6.221 6.229 6.238 6.246 6.254 6.262 6.270 6.278 6.285 6.292 6.297 6.303 6.308 6.313 6.318 6.322 6.327 6.331 6.335 6.339 6.343 6.346 6.349 6.352 6.355 6.358 6.360 6.362
5.614 5.630 5.646 5.661 5.677 5.692 5.707 5.722 5.738 5.753 5.768 5.782 5.795 5.808 5.822 5.835 5.849 5.862 5.875 5.888 5.901 5.914 5.927 5.940 5.953 5.965 5.978 5.990 6.003 6.015 6.027 6.039 6.052 6.064 6.076 6.087 6.097 6.108 6.119 6.129 6.140 6.150 6.160 6.171 6.181 6.191 6.200 6.210 6.219 6.228 6.237 6.246 6.255 6.263 6.271 6.280 6.288 6.296 6.302 6.308 6.314 6.320 6.325 6.330 6.335 6.340 6.345 6.349 6.354 6.358 6.361 6.365 6.368 6.371 6.374 6.377 6.380
5.620 5.636 5.651 5.667 5.682 5.697 5.713 5.728 5.743 5.758 5.773 5.787 5.800 5.814 5.827 5.841 5.854 5.867 5.881 5.894 5.907 5.920 5.933 5.945 5.958 5.971 5.983 5.996 6.008 6.020 6.033 6.045 6.057 6.070 6.082 6.092 6.103 6.114 6.124 6.135 6.146 6.156 6.167 6.177 6.187 6.197 6.207 6.217 6.226 6.236 6.245 6.254 6.263 6.271 6.280 6.289 6.297 6.305 6.312 6.318 6.324 6.330 6.336 6.342 6.347 6.352 6.357 6.362 6.367 6.371 6.376 6.380 6.383 6.387 6.390 6.393 6.396
5.626 5.641 5.657 5.672 5.687 5.703 5.718 5.733 5.748 5.763 5.778 5.792 5.806 5.819 5.832 5.846 5.859 5.873 5.886 5.899 5.912 5.925 5.938 5.951 5.963 5.976 5.988 6.001 6.013 6.026 6.038 6.050 6.063 6.075 6.087 6.097 6.108 6.119 6.130 6.140 6.151 6.162 6.172 6.183 6.193 6.203 6.213 6.223 6.233 6.242 6.252 6.261 6.270 6.279 6.288 6.297 6.306 6.314 6.321 6.327 6.334 6.340 6.346 6.352 6.358 6.364 6.369 6.374 6.379 6.384 6.389 6.393 6.397 6.401 6.405 6.408 6.412
5.632 5.647 5.662 5.677 5.693 5.708 5.723 5.738 5.753 5.768 5.783 5.797 5.810 5.824 5.837 5.851 5.864 5.877 5.891 5.904 5.917 5.930 5.943 5.956 5.968 5.981 5.993 6.006 6.018 6.031 6.043 6.055 6.067 6.080 6.092 6.102 6.113 6.124 6.135 6.145 6.156 6.167 6.178 6.188 6.199 6.209 6.219 6.229 6.239 6.249 6.258 6.268 6.277 6.286 6.295 6.304 6.313 6.321 6.329 6.336 6.343 6.349 6.356 6.362 6.368 6.374 6.380 6.385 6.391 6.396 6.401 6.406 6.410 6.414 6.419 6.423 6.426
5.637 5.652 5.667 5.682 5.697 5.712 5.727 5.742 5.757 5.772 5.787 5.801 5.815 5.828 5.841 5.855 5.868 5.882 5.895 5.908 5.922 5.935 5.947 5.960 5.973 5.986 5.998 6.010 6.023 6.035 6.047 6.060 6.072 6.084 6.096 6.107 6.118 6.129 6.139 6.150 6.161 6.172 6.182 6.193 6.204 6.214 6.224 6.234 6.244 6.254 6.264 6.274 6.283 6.292 6.302 6.311 6.320 6.329 6.336 6.343 6.350 6.357 6.364 6.371 6.377 6.383 6.389 6.395 6.401 6.406 6.412 6.417 6.422 6.426 6.431 6.435 6.440
5.643 5.658 5.673 5.687 5.702 5.717 5.732 5.747 5.762 5.776 5.791 5.805 5.819 5.832 5.846 5.859 5.873 5.886 5.899 5.913 5.926 5.939 5.952 5.965 5.977 5.990 6.002 6.015 6.027 6.039 6.052 6.064 6.076 6.089 6.100 6.111 6.122 6.133 6.144 6.155 6.165 6.176 6.187 6.198 6.208 6.219 6.229 6.239 6.249 6.259 6.269 6.279 6.289 6.298 6.307 6.317 6.326 6.335 6.343 6.350 6.357 6.365 6.372 6.378 6.385 6.392 6.398 6.404 6.410 6.416 6.422 6.427 6.432 6.437 6.442 6.447 6.452
5.648 5.663 5.678 5.692 5.707 5.722 5.736 5.751 5.766 5.781 5.795 5.809 5.823 5.836 5.849 5.863 5.876 5.890 5.903 5.917 5.930 5.943 5.956 5.969 5.981 5.994 6.006 6.019 6.031 6.043 6.056 6.068 6.080 6.093 6.104 6.115 6.126 6.137 6.148 6.158 6.169 6.180 6.191 6.202 6.212 6.223 6.233 6.244 6.254 6.264 6.274 6.284 6.294 6.303 6.313 6.322 6.332 6.341 6.349 6.356 6.364 6.371 6.378 6.385 6.392 6.399 6.406 6.412 6.419 6.425 6.431 6.436 6.442 6.447 6.453 6.458 6.463
5.654 5.669 5.683 5.697 5.712 5.726 5.741 5.755 5.770 5.784 5.799 5.813 5.826 5.839 5.853 5.866 5.880 5.893 5.907 5.920 5.933 5.946 5.959 5.972 5.985 5.998 6.010 6.023 6.035 6.047 6.059 6.072 6.084 6.096 6.108 6.119 6.130 6.140 6.151 6.162 6.173 6.184 6.195 6.206 6.216 6.227 6.237 6.248 6.258 6.268 6.278 6.288 6.298 6.308 6.318 6.327 6.337 6.346 6.354 6.362 6.370 6.377 6.385 6.392 6.399 6.406 6.413 6.420 6.426 6.432 6.439 6.445 6.451 6.456 6.462 6.467 6.473
5.660 5.674 5.688 5.702 5.717 5.731 5.745 5.760 5.774 5.788 5.803 5.817 5.830 5.843 5.856 5.870 5.883 5.897 5.910 5.923 5.937 5.950 5.963 5.976 5.988 6.001 6.014 6.026 6.038 6.051 6.063 6.075 6.087 6.100 6.111 6.122 6.133 6.144 6.155 6.166 6.176 6.187 6.198 6.209 6.220 6.230 6.241 6.251 6.262 6.272 6.282 6.292 6.302 6.312 6.322 6.332 6.341 6.350 6.359 6.367 6.375 6.382 6.390 6.398 6.405 6.412 6.419 6.426 6.433 6.440 6.446 6.452 6.458 6.464 6.470 6.476 6.481
5.666 5.680 5.694 5.708 5.722 5.736 5.750 5.764 5.778 5.792 5.807 5.820 5.833 5.846 5.860 5.873 5.886 5.900 5.913 5.926 5.940 5.953 5.966 5.979 5.992 6.004 6.017 6.029 6.042 6.054 6.066 6.078 6.091 6.103 6.115 6.125 6.136 6.147 6.158 6.169 6.180 6.191 6.201 6.212 6.223 6.234 6.244 6.255 6.265 6.276 6.286 6.296 6.306 6.316 6.326 6.335 6.345 6.355 6.363 6.371 6.379 6.387 6.395 6.403 6.410 6.418 6.425 6.432 6.439 6.446 6.452 6.459 6.465 6.472 6.478 6.484 6.489
5.673 5.686 5.700 5.714 5.727 5.741 5.755 5.769 5.783 5.797 5.811 5.824 5.837 5.850 5.863 5.876 5.889 5.903 5.916 5.929 5.943 5.956 5.969 5.982 5.994 6.007 6.020 6.032 6.045 6.057 6.069 6.081 6.094 6.106 6.118 6.128 6.139 6.150 6.161 6.172 6.183 6.193 6.204 6.215 6.226 6.237 6.247 6.258 6.268 6.279 6.289 6.299 6.309 6.319 6.329 6.339 6.349 6.358 6.367 6.375 6.383 6.391 6.399 6.407 6.415 6.422 6.430 6.437 6.444 6.451 6.458 6.465 6.472 6.478 6.484 6.490 6.497
5.680 5.693 5.706 5.720 5.733 5.746 5.760 5.774 5.787 5.801 5.815 5.828 5.840 5.853 5.866 5.879 5.892 5.906 5.919 5.932 5.945 5.958 5.971 5.984 5.997 6.010 6.022 6.035 6.047 6.060 6.072 6.084 6.096 6.109 6.120 6.131 6.142 6.153 6.164 6.174 6.185 6.196 6.207 6.218 6.229 6.239 6.250 6.261 6.271 6.282 6.292 6.302 6.312 6.322 6.332 6.342 6.352 6.362 6.370 6.379 6.387 6.395 6.403 6.411 6.419 6.427 6.434 6.442 6.449 6.457 6.464 6.470 6.477 6.484 6.490 6.497 6.503
5.687 5.700 5.713 5.726 5.739 5.752 5.766 5.779 5.792 5.806 5.819 5.832 5.844 5.857 5.870 5.883 5.896 5.909 5.922 5.935 5.948 5.961 5.974 5.987 6.000 6.012 6.025 6.037 6.050 6.062 6.074 6.087 6.099 6.111 6.123 6.134 6.145 6.155 6.166 6.177 6.188 6.199 6.210 6.220 6.231 6.242 6.253 6.263 6.274 6.284 6.294 6.305 6.315 6.325 6.335 6.345 6.355 6.365 6.374 6.382 6.390 6.399 6.407 6.415 6.423 6.431 6.439 6.446 6.454 6.461 6.468 6.475 6.482 6.489 6.496 6.502 6.509
5.695 5.708 5.720 5.733 5.746 5.759 5.772 5.785 5.798 5.811 5.824 5.837 5.848 5.861 5.873 5.886 5.899 5.912 5.925 5.938 5.951 5.964 5.977 5.989 6.002 6.015 6.027 6.040 6.052 6.065 6.077 6.089 6.102 6.114 6.125 6.136 6.147 6.158 6.169 6.179 6.190 6.201 6.212 6.223 6.234 6.244 6.255 6.266 6.276 6.287 6.297 6.307 6.317 6.327 6.338 6.348 6.358 6.368 6.376 6.385 6.393 6.402 6.410 6.418 6.426 6.434 6.442 6.450 6.458 6.465 6.473 6.480 6.487 6.494 6.501 6.507 6.514
5.704 5.716 5.728 5.741 5.753 5.765 5.778 5.791 5.804 5.817 5.830 5.841 5.853 5.865 5.877 5.890 5.902 5.915 5.928 5.941 5.954 5.966 5.979 5.992 6.005 6.017 6.030 6.042 6.055 6.067 6.079 6.092 6.104 6.116 6.128 6.138 6.149 6.160 6.171 6.182 6.193 6.203 6.214 6.225 6.236 6.247 6.257 6.268 6.278 6.289 6.299 6.309 6.320 6.330 6.340 6.350 6.360 6.370 6.379 6.388 6.396 6.405 6.413 6.421 6.429 6.438 6.446 6.453 6.461 6.469 6.476 6.484 6.491 6.498 6.505 6.512 6.518
5.712 5.724 5.736 5.749 5.761 5.773 5.785 5.798 5.810 5.823 5.835 5.846 5.858 5.870 5.882 5.894 5.906 5.919 5.931 5.944 5.957 5.969 5.982 5.995 6.007 6.020 6.032 6.045 6.057 6.069 6.082 6.094 6.106 6.119 6.130 6.141 6.151 6.162 6.173 6.184 6.195 6.206 6.216 6.227 6.238 6.249 6.259 6.270 6.280 6.291 6.301 6.311 6.322 6.332 6.342 6.352 6.363 6.372 6.381 6.390 6.399 6.407 6.416 6.424 6.432 6.440 6.449 6.457 6.464 6.472 6.480 6.487 6.495 6.502 6.509 6.516 6.523
5.721 5.733 5.745 5.757 5.769 5.781 5.793 5.805 5.817 5.830 5.841 5.852 5.864 5.875 5.887 5.899 5.911 5.923 5.935 5.948 5.960 5.973 5.985 5.997 6.010 6.022 6.035 6.047 6.059 6.072 6.084 6.096 6.109 6.121 6.132 6.143 6.154 6.164 6.175 6.186 6.197 6.208 6.218 6.229 6.240 6.251 6.261 6.272 6.282 6.293 6.303 6.313 6.324 6.334 6.344 6.355 6.365 6.375 6.383 6.392 6.401 6.409 6.418 6.426 6.435 6.443 6.451 6.459 6.467 6.475 6.483 6.491 6.498 6.505 6.513 6.520 6.527
5.731 5.742 5.754 5.766 5.777 5.789 5.801 5.813 5.825 5.837 5.848 5.859 5.870 5.881 5.892 5.904 5.916 5.928 5.940 5.952 5.964 5.976 5.988 6.001 6.013 6.025 6.037 6.050 6.062 6.074 6.086 6.099 6.111 6.123 6.134 6.145 6.156 6.166 6.177 6.188 6.199 6.210 6.221 6.231 6.242 6.253 6.263 6.274 6.284 6.295 6.305 6.315 6.326 6.336 6.346 6.357 6.367 6.377 6.386 6.394 6.403 6.412 6.420 6.429 6.437 6.446 6.454 6.462 6.470 6.478 6.486 6.494 6.501 6.509 6.516 6.523 6.530
