version1/TsunamiDB/out54086.asc
ncols          264
nrows          230
xllcorner      497853.4375
yllcorner      4229146.0000
cellsize         5.
NODATA_value   -99
[rows 34 to 67 of 230, columns 77 to 153 of 264]
4.702 4.735 4.767 4.799 4.831 4.862 4.892 4.920 4.949 4.978 5.006 5.034 5.062 5.089 5.116 5.142 5.169 5.195 5.221 5.247 5.272 5.298 5.324 5.349 5.374 5.399 5.425 5.449 5.474 5.498 5.520 5.543 5.565 5.587 5.608 5.629 5.649 5.667 5.685 5.702 5.718 5.733 5.747 5.761 5.773 5.784 5.795 5.806 5.815 5.825 5.834 5.843 5.851 5.859 5.867 5.876 5.885 5.895 5.904 5.914 5.925 5.935 5.947 5.958 5.970 5.982 5.995 6.008 6.021 6.035 6.049 6.063 6.078 6.092 6.107 6.121 6.134
4.713 4.746 4.778 4.810 4.841 4.872 4.901 4.930 4.959 4.987 5.015 5.043 5.071 5.098 5.125 5.151 5.177 5.203 5.229 5.255 5.280 5.306 5.331 5.356 5.381 5.406 5.431 5.456 5.481 5.504 5.527 5.550 5.573 5.596 5.618 5.639 5.659 5.679 5.698 5.716 5.733 5.749 5.764 5.778 5.791 5.804 5.815 5.826 5.836 5.845 5.854 5.863 5.871 5.878 5.885 5.894 5.902 5.911 5.919 5.929 5.938 5.948 5.959 5.969 5.981 5.992 6.004 6.017 6.029 6.043 6.056 6.070 6.084 6.098 6.113 6.126 6.139
4.725 4.757 4.789 4.820 4.851 4.882 4.911 4.939 4.968 4.996 5.024 5.052 5.079 5.106 5.133 5.159 5.185 5.211 5.237 5.262 5.288 5.313 5.338 5.363 5.388 5.413 5.437 5.462 5.487 5.510 5.533 5.556 5.580 5.603 5.625 5.647 5.669 5.689 5.709 5.728 5.746 5.763 5.779 5.795 5.809 5.822 5.834 5.845 5.856 5.866 5.875 5.883 5.891 5.898 5.905 5.912 5.920 5.928 5.936 5.944 5.953 5.962 5.972 5.982 5.992 6.003 6.014 6.026 6.038 6.051 6.063 6.077 6.090 6.104 6.118 6.132 6.145
4.736 4.768 4.799 4.830 4.861 4.891 4.920 4.948 4.977 5.005 5.033 5.061 5.088 5.115 5.141 5.167 5.193 5.219 5.244 5.270 5.295 5.320 5.344 5.369 5.394 5.418 5.443 5.468 5.492 5.516 5.538 5.562 5.585 5.609 5.632 5.654 5.676 5.698 5.718 5.738 5.757 5.776 5.793 5.809 5.824 5.839 5.852 5.864 5.875 5.885 5.895 5.904 5.911 5.918 5.925 5.932 5.939 5.946 5.953 5.961 5.969 5.977 5.986 5.995 6.004 6.014 6.025 6.036 6.047 6.059 6.072 6.084 6.097 6.111 6.125 6.138 6.150
4.747 4.778 4.809 4.840 4.870 4.900 4.929 4.957 4.985 5.013 5.041 5.069 5.096 5.122 5.149 5.175 5.201 5.226 5.251 5.277 5.301 5.326 5.351 5.375 5.400 5.424 5.448 5.473 5.497 5.520 5.543 5.567 5.590 5.614 5.637 5.660 5.682 5.704 5.726 5.747 5.767 5.786 5.804 5.822 5.838 5.854 5.868 5.881 5.893 5.904 5.915 5.924 5.932 5.939 5.945 5.952 5.959 5.965 5.972 5.979 5.986 5.993 6.001 6.009 6.018 6.027 6.037 6.047 6.057 6.069 6.080 6.092 6.105 6.118 6.131 6.144 6.156
4.758 4.789 4.819 4.850 4.880 4.909 4.938 4.965 4.994 5.022 5.049 5.076 5.103 5.130 5.156 5.182 5.208 5.233 5.258 5.283 5.308 5.332 5.357 5.381 5.405 5.429 5.454 5.478 5.502 5.525 5.548 5.571 5.595 5.618 5.642 5.665 5.688 5.710 5.732 5.753 5.774 5.794 5.814 5.832 5.850 5.866 5.882 5.896 5.910 5.922 5.933 5.944 5.952 5.959 5.966 5.973 5.979 5.985 5.992 5.998 6.004 6.010 6.017 6.025 6.032 6.041 6.049 6.059 6.068 6.079 6.090 6.101 6.113 6.125 6.138 6.150 6.162
4.769 4.800 4.830 4.860 4.889 4.918 4.946 4.974 5.002 5.029 5.057 5.084 5.111 5.137 5.163 5.189 5.215 5.240 5.265 5.290 5.314 5.339 5.363 5.387 5.411 5.435 5.459 5.483 5.507 5.530 5.552 5.575 5.599 5.622 5.645 5.669 5.692 5.714 5.737 5.759 5.780 5.801 5.821 5.841 5.860 5.877 5.894 5.910 5.924 5.938 5.950 5.962 5.971 5.979 5.986 5.993 6.000 6.006 6.012 6.018 6.023 6.029 6.035 6.041 6.048 6.055 6.063 6.071 6.080 6.090 6.100 6.111 6.122 6.133 6.146 6.157 6.169
4.781 4.811 4.840 4.870 4.899 4.927 4.955 4.982 5.010 5.037 5.064 5.091 5.118 5.144 5.170 5.196 5.221 5.246 5.271 5.296 5.320 5.344 5.369 5.392 5.416 5.440 5.464 5.487 5.511 5.534 5.556 5.579 5.602 5.626 5.649 5.672 5.695 5.718 5.741 5.763 5.785 5.806 5.827 5.848 5.867 5.886 5.904 5.921 5.937 5.951 5.965 5.978 5.988 5.997 6.006 6.013 6.021 6.027 6.033 6.038 6.043 6.049 6.054 6.059 6.065 6.071 6.078 6.086 6.094 6.102 6.111 6.121 6.131 6.142 6.154 6.165 6.176
4.793 4.822 4.851 4.880 4.908 4.937 4.964 4.991 5.018 5.045 5.072 5.098 5.125 5.151 5.177 5.202 5.227 5.252 5.277 5.302 5.326 5.350 5.374 5.398 5.421 5.445 5.468 5.492 5.515 5.538 5.560 5.583 5.606 5.629 5.652 5.675 5.698 5.721 5.743 5.766 5.788 5.810 5.832 5.853 5.873 5.893 5.912 5.930 5.947 5.963 5.978 5.992 6.004 6.014 6.024 6.032 6.040 6.047 6.053 6.059 6.064 6.069 6.074 6.078 6.083 6.089 6.095 6.101 6.108 6.116 6.124 6.133 6.142 6.152 6.163 6.173 6.183
4.805 4.834 4.862 4.890 4.918 4.946 4.973 4.999 5.026 5.053 5.079 5.106 5.132 5.158 5.183 5.209 5.234 5.258 5.283 5.307 5.332 5.356 5.379 5.403 5.427 5.450 5.473 5.496 5.520 5.542 5.564 5.586 5.609 5.632 5.655 5.678 5.700 5.723 5.746 5.768 5.791 5.813 5.835 5.856 5.877 5.898 5.918 5.937 5.955 5.972 5.988 6.004 6.017 6.028 6.039 6.049 6.058 6.066 6.073 6.079 6.085 6.090 6.094 6.099 6.103 6.107 6.112 6.118 6.124 6.130 6.137 6.145 6.154 6.163 6.173 6.182 6.192
4.818 4.846 4.874 4.901 4.929 4.956 4.982 5.008 5.034 5.061 5.087 5.113 5.139 5.164 5.190 5.215 5.240 5.264 5.289 5.313 5.337 5.361 5.385 5.408 5.431 5.455 5.478 5.501 5.524 5.546 5.567 5.590 5.612 5.635 5.658 5.680 5.703 5.725 5.748 5.770 5.793 5.815 5.837 5.859 5.880 5.901 5.922 5.942 5.961 5.979 5.997 6.013 6.028 6.041 6.053 6.064 6.075 6.084 6.092 6.099 6.105 6.110 6.115 6.119 6.123 6.127 6.131 6.136 6.141 6.146 6.152 6.159 6.167 6.175 6.184 6.192 6.201
4.831 4.859 4.886 4.913 4.940 4.966 4.992 5.017 5.043 5.069 5.095 5.120 5.146 5.171 5.196 5.221 5.246 5.270 5.294 5.318 5.342 5.366 5.390 5.413 5.436 5.459 5.482 5.505 5.528 5.550 5.571 5.593 5.615 5.638 5.660 5.683 5.705 5.727 5.750 5.772 5.794 5.817 5.839 5.861 5.882 5.904 5.925 5.945 5.965 5.984 6.003 6.020 6.036 6.050 6.064 6.077 6.089 6.099 6.109 6.117 6.124 6.130 6.135 6.140 6.144 6.148 6.151 6.155 6.159 6.164 6.169 6.174 6.181 6.188 6.196 6.203 6.211
4.846 4.872 4.899 4.925 4.951 4.977 5.002 5.027 5.052 5.078 5.103 5.128 5.153 5.178 5.203 5.227 5.251 5.276 5.300 5.324 5.347 5.371 5.394 5.418 5.441 5.464 5.487 5.509 5.532 5.553 5.575 5.597 5.619 5.641 5.663 5.685 5.707 5.729 5.751 5.774 5.796 5.818 5.840 5.862 5.884 5.905 5.926 5.947 5.968 5.988 6.007 6.025 6.042 6.058 6.073 6.087 6.100 6.112 6.123 6.133 6.141 6.148 6.155 6.160 6.164 6.168 6.172 6.175 6.178 6.182 6.186 6.191 6.196 6.202 6.209 6.215 6.222
4.861 4.887 4.913 4.938 4.964 4.989 5.013 5.037 5.062 5.087 5.111 5.136 5.160 5.185 5.209 5.233 5.258 5.281 5.305 5.329 5.353 5.376 5.399 5.422 5.445 5.468 5.491 5.513 5.536 5.557 5.578 5.600 5.622 5.644 5.666 5.687 5.709 5.731 5.753 5.775 5.797 5.819 5.841 5.863 5.884 5.906 5.927 5.948 5.969 5.990 6.010 6.029 6.047 6.063 6.079 6.095 6.110 6.123 6.135 6.146 6.156 6.165 6.172 6.179 6.184 6.188 6.192 6.195 6.199 6.202 6.205 6.209 6.213 6.218 6.223 6.229 6.234
4.876 4.902 4.927 4.952 4.977 5.001 5.025 5.048 5.072 5.096 5.121 5.145 5.169 5.192 5.216 5.240 5.264 5.287 5.311 5.334 5.358 5.381 5.404 5.427 5.450 5.472 5.495 5.517 5.539 5.561 5.582 5.603 5.625 5.646 5.668 5.690 5.711 5.733 5.755 5.776 5.798 5.820 5.841 5.863 5.885 5.906 5.928 5.949 5.970 5.991 6.011 6.031 6.049 6.067 6.084 6.100 6.116 6.131 6.145 6.158 6.169 6.179 6.188 6.195 6.202 6.207 6.212 6.215 6.219 6.222 6.225 6.228 6.231 6.235 6.239 6.243 6.248
4.893 4.918 4.943 4.967 4.991 5.015 5.037 5.060 5.084 5.107 5.130 5.154 5.177 5.200 5.224 5.247 5.270 5.293 5.317 5.340 5.363 5.386 5.408 5.431 5.454 5.476 5.499 5.521 5.543 5.564 5.585 5.606 5.628 5.649 5.671 5.692 5.714 5.735 5.756 5.778 5.799 5.821 5.842 5.863 5.885 5.906 5.928 5.949 5.970 5.991 6.012 6.032 6.050 6.068 6.086 6.104 6.121 6.137 6.152 6.166 6.179 6.191 6.201 6.210 6.218 6.224 6.230 6.235 6.238 6.241 6.244 6.247 6.250 6.253 6.256 6.259 6.262
4.911 4.935 4.959 4.983 5.006 5.029 5.051 5.073 5.096 5.119 5.141 5.164 5.186 5.209 5.232 5.255 5.277 5.300 5.323 5.345 5.368 5.391 5.413 5.436 5.458 5.480 5.503 5.525 5.546 5.567 5.588 5.609 5.631 5.652 5.673 5.694 5.716 5.737 5.758 5.779 5.800 5.821 5.843 5.864 5.885 5.906 5.927 5.949 5.970 5.991 6.011 6.032 6.051 6.069 6.088 6.106 6.124 6.141 6.157 6.172 6.187 6.200 6.212 6.222 6.231 6.240 6.246 6.252 6.257 6.261 6.264 6.267 6.269 6.272 6.274 6.276 6.278
4.929 4.953 4.976 4.999 5.022 5.045 5.066 5.087 5.109 5.131 5.153 5.175 5.197 5.219 5.241 5.263 5.285 5.307 5.329 5.351 5.374 5.396 5.418 5.440 5.462 5.484 5.506 5.528 5.550 5.570 5.591 5.612 5.633 5.655 5.676 5.697 5.718 5.739 5.760 5.781 5.801 5.822 5.843 5.864 5.885 5.906 5.927 5.948 5.969 5.990 6.011 6.031 6.050 6.069 6.088 6.107 6.125 6.143 6.160 6.177 6.192 6.206 6.220 6.232 6.243 6.252 6.261 6.268 6.273 6.278 6.282 6.285 6.288 6.291 6.292 6.293 6.295
4.948 4.972 4.995 5.017 5.040 5.061 5.081 5.102 5.123 5.145 5.166 5.187 5.208 5.229 5.250 5.272 5.293 5.315 5.336 5.358 5.380 5.401 5.423 5.445 5.467 5.489 5.511 5.532 5.553 5.573 5.594 5.615 5.636 5.657 5.678 5.699 5.720 5.741 5.761 5.782 5.803 5.823 5.844 5.865 5.885 5.906 5.927 5.948 5.969 5.989 6.010 6.030 6.049 6.068 6.088 6.107 6.126 6.144 6.162 6.179 6.196 6.211 6.226 6.239 6.251 6.262 6.272 6.281 6.288 6.294 6.299 6.303 6.306 6.309 6.311 6.311 6.313
4.968 4.991 5.014 5.036 5.057 5.078 5.098 5.118 5.139 5.159 5.180 5.200 5.220 5.241 5.261 5.282 5.302 5.323 5.344 5.365 5.386 5.407 5.429 5.450 5.472 5.493 5.515 5.536 5.557 5.576 5.597 5.618 5.639 5.660 5.680 5.701 5.722 5.742 5.763 5.783 5.804 5.824 5.845 5.865 5.886 5.906 5.927 5.947 5.968 5.989 6.009 6.029 6.048 6.067 6.087 6.106 6.125 6.144 6.162 6.180 6.197 6.214 6.229 6.244 6.258 6.270 6.281 6.291 6.300 6.308 6.314 6.319 6.323 6.326 6.328 6.329 6.330
4.988 5.011 5.033 5.055 5.076 5.096 5.116 5.136 5.156 5.175 5.195 5.215 5.234 5.254 5.273 5.293 5.313 5.333 5.353 5.373 5.394 5.414 5.435 5.456 5.477 5.498 5.519 5.540 5.560 5.580 5.600 5.621 5.642 5.662 5.683 5.703 5.724 5.744 5.765 5.785 5.805 5.825 5.846 5.866 5.886 5.906 5.927 5.947 5.967 5.988 6.008 6.028 6.047 6.066 6.085 6.105 6.124 6.143 6.162 6.180 6.198 6.215 6.232 6.247 6.262 6.276 6.288 6.300 6.310 6.319 6.326 6.333 6.338 6.342 6.345 6.346 6.348
5.008 5.031 5.053 5.074 5.095 5.115 5.134 5.154 5.173 5.192 5.211 5.230 5.249 5.268 5.287 5.305 5.324 5.343 5.363 5.382 5.402 5.422 5.442 5.462 5.482 5.503 5.523 5.544 5.564 5.583 5.604 5.624 5.644 5.665 5.685 5.706 5.726 5.746 5.766 5.786 5.807 5.827 5.847 5.867 5.887 5.907 5.927 5.947 5.967 5.987 6.007 6.027 6.045 6.065 6.084 6.103 6.123 6.142 6.161 6.180 6.198 6.216 6.233 6.249 6.265 6.279 6.293 6.306 6.317 6.327 6.336 6.344 6.351 6.356 6.360 6.362 6.364
5.028 5.051 5.073 5.094 5.115 5.135 5.154 5.173 5.192 5.211 5.229 5.247 5.265 5.283 5.301 5.319 5.337 5.356 5.374 5.392 5.411 5.430 5.449 5.469 5.488 5.508 5.528 5.549 5.568 5.587 5.607 5.627 5.647 5.668 5.688 5.708 5.728 5.748 5.768 5.788 5.808 5.828 5.848 5.867 5.887 5.907 5.927 5.947 5.967 5.987 6.007 6.026 6.044 6.063 6.083 6.102 6.121 6.141 6.160 6.179 6.197 6.215 6.233 6.250 6.266 6.282 6.296 6.310 6.323 6.334 6.344 6.354 6.362 6.368 6.373 6.376 6.379
5.048 5.071 5.093 5.114 5.135 5.155 5.173 5.192 5.211 5.230 5.248 5.265 5.283 5.300 5.317 5.335 5.352 5.369 5.386 5.404 5.422 5.440 5.458 5.477 5.496 5.515 5.534 5.554 5.573 5.592 5.611 5.631 5.651 5.671 5.691 5.711 5.730 5.750 5.770 5.790 5.810 5.829 5.849 5.868 5.888 5.908 5.927 5.947 5.967 5.986 6.006 6.025 6.043 6.062 6.082 6.101 6.120 6.139 6.158 6.177 6.196 6.214 6.232 6.250 6.266 6.283 6.298 6.313 6.326 6.339 6.351 6.361 6.370 6.378 6.384 6.389 6.392
5.068 5.091 5.113 5.134 5.155 5.175 5.193 5.212 5.231 5.249 5.267 5.284 5.301 5.318 5.335 5.351 5.368 5.384 5.401 5.417 5.434 5.451 5.468 5.486 5.504 5.522 5.541 5.560 5.578 5.596 5.615 5.635 5.654 5.674 5.694 5.713 5.733 5.752 5.772 5.792 5.811 5.831 5.850 5.870 5.889 5.908 5.928 5.947 5.967 5.986 6.006 6.025 6.043 6.062 6.081 6.100 6.119 6.138 6.157 6.176 6.195 6.213 6.231 6.249 6.266 6.283 6.299 6.314 6.329 6.342 6.355 6.367 6.377 6.386 6.394 6.399 6.404
5.087 5.110 5.132 5.153 5.175 5.194 5.213 5.232 5.251 5.269 5.287 5.304 5.321 5.337 5.353 5.369 5.385 5.401 5.416 5.432 5.448 5.464 5.480 5.497 5.514 5.531 5.549 5.567 5.585 5.602 5.620 5.639 5.658 5.678 5.697 5.716 5.736 5.755 5.774 5.794 5.813 5.832 5.852 5.871 5.890 5.909 5.929 5.948 5.967 5.987 6.006 6.025 6.043 6.061 6.080 6.099 6.118 6.137 6.156 6.175 6.194 6.212 6.230 6.248 6.266 6.283 6.299 6.315 6.330 6.345 6.358 6.371 6.382 6.393 6.401 6.408 6.414
5.106 5.128 5.151 5.172 5.194 5.213 5.232 5.252 5.270 5.289 5.307 5.324 5.341 5.357 5.373 5.388 5.403 5.419 5.433 5.448 5.463 5.478 5.494 5.509 5.525 5.541 5.558 5.575 5.592 5.609 5.626 5.644 5.663 5.682 5.701 5.720 5.739 5.758 5.777 5.796 5.815 5.834 5.853 5.873 5.892 5.911 5.930 5.949 5.968 5.987 6.006 6.025 6.043 6.061 6.080 6.099 6.118 6.137 6.155 6.174 6.193 6.211 6.229 6.247 6.265 6.282 6.299 6.316 6.331 6.346 6.361 6.374 6.386 6.398 6.408 6.416 6.423
5.124 5.146 5.169 5.191 5.212 5.232 5.251 5.271 5.290 5.308 5.326 5.344 5.360 5.377 5.393 5.408 5.423 5.438 5.452 5.466 5.480 5.495 5.509 5.523 5.538 5.553 5.569 5.585 5.601 5.616 5.633 5.651 5.668 5.686 5.705 5.723 5.742 5.761 5.780 5.799 5.818 5.836 5.855 5.874 5.893 5.912 5.931 5.950 5.969 5.988 6.007 6.025 6.043 6.061 6.080 6.099 6.118 6.136 6.155 6.174 6.192 6.211 6.229 6.247 6.265 6.282 6.299 6.316 6.332 6.348 6.362 6.377 6.390 6.402 6.413 6.422 6.430
5.141 5.164 5.186 5.208 5.230 5.250 5.269 5.289 5.308 5.327 5.345 5.363 5.380 5.397 5.413 5.428 5.443 5.457 5.471 5.485 5.499 5.512 5.526 5.539 5.553 5.567 5.581 5.596 5.611 5.626 5.641 5.658 5.675 5.692 5.710 5.728 5.746 5.765 5.783 5.802 5.820 5.839 5.858 5.877 5.895 5.914 5.933 5.952 5.971 5.989 6.008 6.026 6.044 6.062 6.081 6.099 6.118 6.136 6.155 6.174 6.192 6.211 6.229 6.247 6.265 6.282 6.299 6.316 6.333 6.349 6.364 6.379 6.393 6.406 6.417 6.427 6.436
5.157 5.180 5.203 5.225 5.247 5.267 5.287 5.307 5.326 5.345 5.364 5.382 5.399 5.416 5.432 5.448 5.463 5.477 5.491 5.505 5.518 5.531 5.544 5.557 5.570 5.583 5.596 5.610 5.623 5.636 5.651 5.666 5.682 5.699 5.716 5.733 5.751 5.769 5.787 5.805 5.823 5.842 5.860 5.879 5.898 5.916 5.935 5.954 5.972 5.991 6.010 6.028 6.045 6.063 6.082 6.100 6.119 6.137 6.156 6.174 6.193 6.211 6.229 6.247 6.265 6.283 6.300 6.317 6.334 6.350 6.366 6.381 6.395 6.409 6.421 6.432 6.442
5.174 5.197 5.219 5.241 5.263 5.284 5.303 5.324 5.343 5.363 5.382 5.400 5.418 5.435 5.451 5.467 5.483 5.498 5.512 5.525 5.538 5.551 5.564 5.576 5.588 5.600 5.612 5.625 5.637 5.649 5.663 5.677 5.692 5.707 5.723 5.740 5.757 5.774 5.791 5.809 5.827 5.845 5.864 5.882 5.900 5.919 5.937 5.956 5.975 5.993 6.012 6.029 6.047 6.065 6.083 6.101 6.120 6.138 6.157 6.175 6.193 6.212 6.230 6.248 6.266 6.283 6.301 6.318 6.335 6.351 6.367 6.383 6.398 6.412 6.425 6.436 6.447
5.189 5.212 5.235 5.257 5.279 5.299 5.319 5.340 5.360 5.379 5.398 5.417 5.435 5.453 5.470 5.486 5.502 5.517 5.532 5.546 5.559 5.572 5.584 5.596 5.608 5.619 5.630 5.642 5.653 5.664 5.676 5.689 5.703 5.717 5.732 5.747 5.763 5.780 5.797 5.814 5.832 5.849 5.867 5.885 5.904 5.922 5.940 5.959 5.977 5.996 6.014 6.032 6.049 6.067 6.085 6.103 6.122 6.140 6.158 6.177 6.195 6.213 6.231 6.249 6.267 6.285 6.302 6.319 6.336 6.353 6.369 6.385 6.401 6.415 6.429 6.441 6.452
5.205 5.228 5.250 5.272 5.294 5.314 5.335 5.355 5.375 5.395 5.415 5.433 5.452 5.470 5.487 5.504 5.521 5.536 5.551 5.566 5.579 5.592 5.605 5.617 5.628 5.639 5.650 5.661 5.671 5.680 5.691 5.703 5.715 5.728 5.742 5.756 5.771 5.787 5.803 5.820 5.837 5.854 5.871 5.889 5.907 5.925 5.944 5.962 5.980 5.999 6.017 6.034 6.051 6.069 6.087 6.106 6.124 6.142 6.160 6.178 6.197 6.215 6.233 6.251 6.269 6.286 6.304 6.321 6.338 6.355 6.372 6.388 6.404 6.419 6.432 6.445 6.457
5.220 5.243 5.265 5.287 5.309 5.329 5.349 5.370 5.390 5.410 5.430 5.449 5.468 5.486 5.504 5.521 5.538 5.554 5.570 5.585 5.599 5.612 5.625 5.637 5.649 5.660 5.671 5.681 5.690 5.699 5.709 5.719 5.730 5.742 5.754 5.767 5.781 5.796 5.811 5.826 5.843 5.859 5.876 5.894 5.911 5.929 5.947 5.965 5.984 6.002 6.020 6.037 6.054 6.072 6.090 6.108 6.126 6.145 6.163 6.181 6.199 6.217 6.235 6.253 6.271 6.289 6.306 6.324 6.341 6.358 6.374 6.391 6.407 6.422 6.436 6.449 6.462
