version1/TsunamiDB/out54151.asc
ncols          264
nrows          230
xllcorner      497853.4375
yllcorner      4229146.0000
cellsize         5.
NODATA_value   -99
[rows 102 to 135 of 230, columns 154 to 230 of 264]
6.767 6.768 6.768 6.769 6.769 6.770 6.771 6.772 6.772 6.773 6.774 6.775 6.776 6.777 6.778 6.780 6.782 6.784 6.785 6.787 6.789 6.791 6.793 6.796 6.799 6.802 6.806 6.810 6.814 6.819 6.824 6.829 6.835 6.842 6.848 6.855 6.863 6.870 6.879 6.888 6.896 6.905 6.914 6.924 6.933 6.943 6.954 6.964 6.975 6.986 6.997 7.008 7.019 7.030 7.042 7.054 7.066 7.079 7.091 7.102 7.114 7.126 7.139 7.155 7.171 7.190 7.214 7.241 7.274 7.313 7.362 7.421 7.485 7.526 7.570 7.637 7.701
6.782 6.783 6.783 6.784 6.785 6.786 6.786 6.787 6.788 6.789 6.790 6.791 6.792 6.793 6.795 6.796 6.798 6.800 6.802 6.803 6.805 6.807 6.810 6.812 6.815 6.818 6.822 6.825 6.830 6.834 6.839 6.844 6.850 6.856 6.862 6.869 6.876 6.884 6.892 6.900 6.909 6.917 6.926 6.935 6.945 6.954 6.964 6.974 6.985 6.995 7.006 7.017 7.027 7.038 7.049 7.060 7.072 7.084 7.097 7.109 7.122 7.136 7.151 7.168 7.187 7.208 7.234 7.263 7.296 7.335 7.384 7.445 7.511 7.553 7.598 7.665 7.727
6.796 6.797 6.798 6.799 6.800 6.801 6.802 6.803 6.804 6.805 6.806 6.807 6.808 6.810 6.811 6.813 6.815 6.817 6.819 6.821 6.823 6.825 6.827 6.830 6.832 6.836 6.839 6.843 6.847 6.851 6.856 6.861 6.866 6.872 6.878 6.885 6.892 6.899 6.907 6.915 6.923 6.931 6.940 6.948 6.957 6.966 6.976 6.986 6.996 7.006 7.017 7.027 7.037 7.047 7.057 7.068 7.079 7.091 7.103 7.117 7.131 7.146 7.163 7.183 7.203 7.227 7.255 7.286 7.320 7.359 7.408 7.469 7.538 7.581 7.626 7.692 7.753
6.809 6.811 6.812 6.813 6.814 6.816 6.817 6.818 6.819 6.820 6.821 6.823 6.824 6.826 6.827 6.829 6.831 6.834 6.836 6.838 6.840 6.842 6.845 6.847 6.850 6.853 6.857 6.861 6.865 6.869 6.874 6.879 6.884 6.890 6.896 6.902 6.909 6.916 6.923 6.931 6.939 6.947 6.955 6.963 6.971 6.980 6.989 6.999 7.009 7.019 7.029 7.038 7.047 7.056 7.066 7.076 7.087 7.098 7.111 7.126 7.142 7.159 7.178 7.199 7.221 7.247 7.278 7.311 7.345 7.385 7.433 7.495 7.569 7.614 7.657 7.722 7.780
6.822 6.824 6.825 6.827 6.828 6.829 6.831 6.832 6.833 6.835 6.836 6.838 6.839 6.841 6.843 6.845 6.847 6.850 6.852 6.854 6.857 6.859 6.862 6.865 6.868 6.872 6.875 6.879 6.883 6.887 6.892 6.897 6.902 6.908 6.914 6.920 6.927 6.934 6.941 6.949 6.956 6.964 6.971 6.979 6.988 6.996 7.005 7.014 7.024 7.033 7.043 7.051 7.058 7.067 7.076 7.086 7.096 7.108 7.122 7.138 7.156 7.175 7.196 7.218 7.241 7.269 7.302 7.336 7.373 7.414 7.460 7.531 7.609 7.649 7.690 7.752 7.807
6.833 6.835 6.837 6.839 6.841 6.842 6.844 6.845 6.847 6.849 6.850 6.852 6.854 6.856 6.858 6.860 6.863 6.865 6.868 6.870 6.873 6.876 6.879 6.882 6.886 6.889 6.893 6.897 6.902 6.906 6.911 6.916 6.921 6.927 6.933 6.939 6.946 6.953 6.960 6.968 6.975 6.982 6.990 6.997 7.005 7.013 7.022 7.031 7.040 7.049 7.058 7.065 7.072 7.081 7.089 7.098 7.109 7.121 7.136 7.153 7.172 7.192 7.216 7.239 7.263 7.293 7.329 7.366 7.406 7.449 7.504 7.576 7.647 7.684 7.723 7.782 7.833
6.844 6.846 6.848 6.850 6.852 6.854 6.856 6.858 6.860 6.862 6.863 6.865 6.867 6.869 6.872 6.874 6.877 6.880 6.883 6.886 6.889 6.892 6.895 6.899 6.902 6.906 6.910 6.915 6.919 6.924 6.929 6.935 6.940 6.946 6.952 6.959 6.965 6.972 6.979 6.987 6.995 7.002 7.009 7.016 7.024 7.032 7.040 7.049 7.058 7.066 7.074 7.081 7.088 7.096 7.104 7.113 7.124 7.137 7.152 7.170 7.190 7.213 7.239 7.263 7.288 7.321 7.360 7.401 7.444 7.494 7.553 7.620 7.683 7.718 7.756 7.810 7.858
6.854 6.856 6.859 6.861 6.863 6.866 6.868 6.870 6.872 6.874 6.876 6.878 6.880 6.882 6.885 6.887 6.891 6.894 6.897 6.900 6.903 6.906 6.910 6.914 6.918 6.922 6.927 6.931 6.936 6.942 6.947 6.953 6.959 6.965 6.971 6.978 6.985 6.992 6.999 7.007 7.014 7.022 7.029 7.036 7.044 7.051 7.060 7.068 7.076 7.084 7.092 7.099 7.106 7.114 7.122 7.131 7.143 7.156 7.172 7.190 7.212 7.238 7.266 7.291 7.317 7.355 7.397 7.441 7.489 7.543 7.601 7.663 7.720 7.753 7.788 7.837 7.882
6.863 6.866 6.868 6.871 6.874 6.876 6.878 6.881 6.883 6.885 6.888 6.890 6.892 6.894 6.897 6.900 6.903 6.906 6.909 6.913 6.916 6.920 6.924 6.928 6.932 6.937 6.942 6.947 6.952 6.958 6.964 6.970 6.976 6.982 6.989 6.996 7.003 7.010 7.018 7.026 7.034 7.041 7.048 7.056 7.063 7.071 7.079 7.087 7.096 7.104 7.111 7.118 7.126 7.134 7.142 7.152 7.164 7.178 7.195 7.214 7.237 7.265 7.296 7.323 7.351 7.393 7.438 7.487 7.538 7.593 7.650 7.706 7.758 7.788 7.820 7.865 7.906
6.872 6.875 6.878 6.881 6.883 6.886 6.889 6.891 6.894 6.896 6.899 6.901 6.903 6.906 6.909 6.912 6.915 6.918 6.922 6.925 6.929 6.932 6.936 6.941 6.945 6.950 6.955 6.961 6.967 6.972 6.979 6.985 6.992 6.998 7.006 7.013 7.020 7.028 7.036 7.044 7.052 7.060 7.067 7.075 7.082 7.090 7.098 7.106 7.115 7.123 7.131 7.138 7.146 7.155 7.164 7.174 7.187 7.202 7.219 7.240 7.265 7.296 7.331 7.360 7.390 7.435 7.484 7.536 7.589 7.643 7.698 7.750 7.796 7.824 7.853 7.893 7.930
6.880 6.883 6.887 6.890 6.893 6.896 6.898 6.901 6.904 6.907 6.909 6.912 6.914 6.917 6.920 6.923 6.926 6.930 6.933 6.936 6.940 6.944 6.948 6.953 6.958 6.963 6.968 6.974 6.980 6.986 6.992 6.999 7.006 7.013 7.021 7.028 7.036 7.044 7.052 7.061 7.069 7.077 7.085 7.092 7.100 7.108 7.116 7.124 7.133 7.141 7.150 7.159 7.167 7.176 7.186 7.198 7.212 7.228 7.246 7.267 7.295 7.330 7.369 7.400 7.432 7.482 7.534 7.588 7.641 7.694 7.746 7.794 7.836 7.861 7.887 7.924 7.956
6.889 6.892 6.895 6.899 6.902 6.905 6.908 6.911 6.914 6.917 6.919 6.922 6.925 6.928 6.931 6.934 6.937 6.941 6.944 6.948 6.951 6.955 6.960 6.964 6.969 6.974 6.980 6.986 6.992 6.998 7.005 7.012 7.019 7.027 7.034 7.042 7.051 7.059 7.068 7.077 7.085 7.093 7.100 7.108 7.116 7.124 7.132 7.141 7.150 7.159 7.169 7.178 7.187 7.197 7.208 7.221 7.236 7.254 7.273 7.297 7.327 7.366 7.410 7.442 7.478 7.531 7.584 7.638 7.691 7.742 7.792 7.836 7.874 7.898 7.922 7.954 7.984
6.897 6.900 6.904 6.907 6.911 6.914 6.917 6.920 6.923 6.926 6.929 6.932 6.935 6.938 6.941 6.944 6.948 6.951 6.955 6.958 6.962 6.966 6.970 6.975 6.980 6.985 6.991 6.997 7.003 7.010 7.017 7.024 7.031 7.039 7.047 7.055 7.064 7.072 7.082 7.091 7.099 7.107 7.115 7.123 7.131 7.139 7.147 7.156 7.165 7.175 7.186 7.196 7.206 7.217 7.229 7.243 7.259 7.279 7.300 7.326 7.359 7.401 7.449 7.485 7.523 7.577 7.632 7.687 7.739 7.790 7.837 7.879 7.915 7.937 7.958 7.987 8.014
6.905 6.909 6.912 6.916 6.919 6.923 6.926 6.929 6.933 6.936 6.939 6.942 6.945 6.948 6.951 6.955 6.958 6.962 6.965 6.969 6.972 6.976 6.981 6.985 6.990 6.996 7.001 7.007 7.014 7.020 7.028 7.035 7.043 7.051 7.059 7.067 7.076 7.085 7.094 7.103 7.112 7.120 7.128 7.136 7.144 7.152 7.160 7.169 7.179 7.190 7.201 7.213 7.224 7.235 7.248 7.263 7.282 7.303 7.326 7.356 7.392 7.437 7.491 7.530 7.569 7.625 7.682 7.736 7.788 7.837 7.882 7.922 7.955 7.975 7.995 8.022 8.047
6.913 6.917 6.921 6.924 6.928 6.932 6.935 6.939 6.942 6.945 6.949 6.952 6.955 6.958 6.961 6.965 6.969 6.972 6.975 6.979 6.983 6.987 6.991 6.996 7.001 7.006 7.011 7.018 7.024 7.031 7.038 7.045 7.053 7.061 7.070 7.078 7.087 7.096 7.106 7.115 7.124 7.132 7.139 7.147 7.155 7.163 7.172 7.182 7.192 7.204 7.216 7.227 7.239 7.252 7.265 7.282 7.303 7.326 7.353 7.385 7.424 7.478 7.537 7.575 7.614 7.672 7.728 7.782 7.833 7.881 7.925 7.962 7.992 8.012 8.031 8.056 8.079
6.922 6.926 6.929 6.933 6.937 6.940 6.944 6.948 6.951 6.955 6.958 6.961 6.965 6.968 6.972 6.975 6.979 6.982 6.986 6.989 6.993 6.997 7.001 7.006 7.011 7.016 7.021 7.027 7.034 7.041 7.048 7.055 7.063 7.071 7.080 7.089 7.098 7.107 7.117 7.126 7.134 7.142 7.149 7.158 7.166 7.174 7.183 7.193 7.205 7.217 7.229 7.241 7.254 7.268 7.283 7.301 7.324 7.351 7.381 7.418 7.464 7.521 7.579 7.617 7.657 7.715 7.771 7.824 7.874 7.921 7.962 7.997 8.027 8.046 8.064 8.088 8.109
6.930 6.934 6.938 6.942 6.946 6.949 6.953 6.957 6.960 6.964 6.968 6.971 6.974 6.978 6.981 6.985 6.989 6.992 6.996 6.999 7.003 7.007 7.011 7.016 7.020 7.026 7.031 7.037 7.044 7.050 7.058 7.065 7.073 7.081 7.090 7.098 7.108 7.117 7.127 7.136 7.144 7.152 7.159 7.168 7.176 7.184 7.194 7.204 7.216 7.228 7.241 7.254 7.269 7.284 7.300 7.321 7.347 7.377 7.411 7.453 7.504 7.561 7.618 7.656 7.695 7.753 7.809 7.862 7.910 7.955 7.994 8.028 8.057 8.076 8.094 8.117 8.138
6.939 6.943 6.947 6.951 6.954 6.958 6.962 6.966 6.970 6.973 6.977 6.980 6.984 6.988 6.991 6.995 6.999 7.002 7.006 7.009 7.013 7.017 7.021 7.026 7.030 7.035 7.041 7.047 7.053 7.060 7.067 7.075 7.082 7.091 7.099 7.108 7.117 7.126 7.136 7.145 7.153 7.161 7.168 7.177 7.185 7.194 7.204 7.215 7.226 7.238 7.252 7.267 7.283 7.299 7.317 7.342 7.371 7.404 7.444 7.490 7.542 7.599 7.654 7.691 7.730 7.787 7.842 7.895 7.942 7.985 8.022 8.056 8.084 8.103 8.120 8.142 8.162
6.947 6.951 6.955 6.959 6.963 6.967 6.971 6.975 6.979 6.982 6.986 6.990 6.993 6.997 7.001 7.005 7.009 7.012 7.016 7.019 7.023 7.027 7.031 7.035 7.040 7.045 7.050 7.056 7.063 7.069 7.076 7.084 7.091 7.100 7.108 7.117 7.126 7.135 7.144 7.154 7.162 7.170 7.177 7.186 7.195 7.203 7.213 7.224 7.236 7.249 7.263 7.279 7.298 7.317 7.337 7.365 7.397 7.435 7.478 7.525 7.578 7.633 7.687 7.724 7.762 7.818 7.872 7.924 7.969 8.011 8.048 8.080 8.107 8.125 8.143 8.164 8.183
6.956 6.960 6.964 6.968 6.972 6.976 6.980 6.984 6.988 6.991 6.995 6.999 7.003 7.006 7.010 7.014 7.018 7.022 7.025 7.029 7.033 7.036 7.041 7.045 7.049 7.054 7.060 7.066 7.072 7.078 7.085 7.093 7.100 7.108 7.117 7.125 7.134 7.143 7.153 7.162 7.170 7.178 7.186 7.194 7.203 7.212 7.222 7.233 7.245 7.258 7.274 7.292 7.314 7.335 7.358 7.389 7.426 7.467 7.510 7.558 7.610 7.664 7.718 7.754 7.792 7.846 7.900 7.949 7.994 8.035 8.070 8.101 8.128 8.145 8.162 8.182 8.200
6.965 6.969 6.973 6.977 6.981 6.985 6.989 6.992 6.996 7.000 7.004 7.008 7.012 7.016 7.020 7.024 7.028 7.031 7.035 7.038 7.042 7.046 7.050 7.054 7.059 7.064 7.069 7.075 7.081 7.087 7.094 7.101 7.109 7.117 7.125 7.133 7.142 7.151 7.161 7.170 7.178 7.186 7.194 7.203 7.211 7.220 7.230 7.242 7.254 7.268 7.285 7.306 7.331 7.354 7.380 7.415 7.455 7.498 7.542 7.590 7.641 7.694 7.747 7.782 7.819 7.874 7.925 7.973 8.017 8.056 8.091 8.120 8.145 8.161 8.177 8.196 8.213
6.973 6.977 6.981 6.985 6.989 6.993 6.997 7.001 7.005 7.009 7.013 7.017 7.021 7.025 7.029 7.033 7.037 7.040 7.044 7.048 7.051 7.055 7.059 7.063 7.068 7.073 7.078 7.084 7.090 7.096 7.103 7.110 7.117 7.125 7.133 7.141 7.150 7.159 7.168 7.177 7.186 7.194 7.201 7.210 7.219 7.228 7.238 7.250 7.262 7.278 7.297 7.321 7.350 7.375 7.403 7.442 7.484 7.527 7.572 7.619 7.669 7.721 7.774 7.809 7.845 7.898 7.948 7.995 8.036 8.075 8.108 8.136 8.159 8.174 8.189 8.207 8.223
6.982 6.986 6.990 6.994 6.998 7.002 7.006 7.010 7.014 7.018 7.022 7.026 7.029 7.033 7.037 7.042 7.046 7.049 7.053 7.057 7.060 7.064 7.068 7.072 7.077 7.082 7.087 7.092 7.098 7.105 7.111 7.118 7.125 7.133 7.140 7.148 7.157 7.166 7.175 7.185 7.193 7.201 7.209 7.217 7.226 7.235 7.245 7.257 7.271 7.288 7.309 7.336 7.368 7.396 7.426 7.467 7.511 7.556 7.601 7.647 7.696 7.747 7.800 7.835 7.870 7.921 7.970 8.014 8.054 8.091 8.123 8.150 8.171 8.185 8.199 8.216 8.232
6.990 6.994 6.998 7.002 7.006 7.010 7.014 7.018 7.022 7.026 7.030 7.034 7.038 7.042 7.046 7.050 7.054 7.058 7.062 7.065 7.069 7.073 7.077 7.081 7.086 7.090 7.095 7.101 7.107 7.113 7.119 7.126 7.133 7.140 7.148 7.155 7.164 7.172 7.182 7.192 7.200 7.208 7.215 7.223 7.232 7.241 7.252 7.265 7.280 7.299 7.323 7.353 7.390 7.420 7.451 7.494 7.540 7.585 7.630 7.676 7.723 7.773 7.828 7.862 7.896 7.945 7.991 8.033 8.072 8.107 8.139 8.164 8.182 8.194 8.207 8.223 8.239
6.998 7.002 7.006 7.010 7.014 7.018 7.022 7.026 7.030 7.034 7.038 7.042 7.046 7.050 7.054 7.058 7.063 7.066 7.070 7.074 7.078 7.081 7.085 7.090 7.094 7.099 7.104 7.109 7.115 7.121 7.127 7.134 7.140 7.147 7.155 7.162 7.170 7.179 7.189 7.198 7.207 7.214 7.221 7.229 7.238 7.248 7.259 7.273 7.291 7.312 7.338 7.374 7.415 7.445 7.477 7.522 7.568 7.613 7.659 7.704 7.749 7.803 7.859 7.890 7.922 7.969 8.012 8.052 8.088 8.122 8.152 8.173 8.188 8.200 8.213 8.229 8.244
7.006 7.010 7.014 7.018 7.022 7.026 7.030 7.034 7.038 7.042 7.046 7.050 7.054 7.058 7.062 7.066 7.071 7.074 7.078 7.082 7.086 7.090 7.094 7.098 7.102 7.107 7.112 7.117 7.123 7.129 7.135 7.141 7.147 7.154 7.161 7.169 7.177 7.186 7.195 7.205 7.213 7.220 7.227 7.236 7.245 7.255 7.268 7.284 7.304 7.328 7.360 7.399 7.440 7.471 7.504 7.549 7.596 7.643 7.688 7.734 7.783 7.836 7.887 7.917 7.947 7.991 8.031 8.068 8.102 8.134 8.160 8.178 8.193 8.206 8.218 8.233 8.249
7.013 7.017 7.022 7.026 7.030 7.034 7.038 7.042 7.046 7.050 7.054 7.058 7.062 7.066 7.070 7.074 7.078 7.082 7.086 7.090 7.094 7.097 7.101 7.105 7.110 7.114 7.119 7.125 7.130 7.136 7.142 7.148 7.155 7.161 7.168 7.175 7.183 7.192 7.202 7.210 7.218 7.225 7.233 7.243 7.252 7.264 7.279 7.298 7.320 7.348 7.383 7.424 7.466 7.497 7.530 7.577 7.625 7.673 7.719 7.767 7.817 7.867 7.914 7.942 7.970 8.011 8.049 8.083 8.114 8.142 8.165 8.183 8.198 8.210 8.222 8.238 8.254
7.021 7.025 7.029 7.033 7.037 7.041 7.045 7.049 7.053 7.057 7.061 7.065 7.069 7.073 7.077 7.082 7.086 7.090 7.093 7.097 7.101 7.105 7.109 7.113 7.117 7.122 7.127 7.132 7.138 7.144 7.150 7.156 7.161 7.168 7.175 7.182 7.190 7.198 7.207 7.215 7.223 7.231 7.240 7.250 7.261 7.275 7.292 7.313 7.339 7.370 7.407 7.449 7.491 7.523 7.557 7.605 7.655 7.703 7.752 7.801 7.849 7.896 7.939 7.965 7.992 8.029 8.064 8.095 8.123 8.148 8.169 8.187 8.202 8.214 8.226 8.242 8.259
7.028 7.032 7.036 7.040 7.044 7.048 7.052 7.056 7.060 7.064 7.068 7.072 7.076 7.080 7.084 7.089 7.093 7.097 7.100 7.104 7.108 7.112 7.116 7.120 7.124 7.129 7.134 7.139 7.145 7.151 7.157 7.162 7.168 7.174 7.181 7.188 7.195 7.204 7.212 7.220 7.229 7.238 7.248 7.259 7.272 7.288 7.307 7.331 7.360 7.393 7.431 7.473 7.517 7.550 7.585 7.634 7.685 7.735 7.785 7.833 7.880 7.924 7.963 7.987 8.012 8.045 8.077 8.106 8.131 8.153 8.173 8.190 8.206 8.218 8.230 8.246 8.264
7.034 7.038 7.042 7.046 7.050 7.055 7.059 7.063 7.067 7.071 7.075 7.079 7.083 7.087 7.091 7.095 7.099 7.103 7.107 7.111 7.115 7.119 7.123 7.127 7.131 7.136 7.141 7.146 7.152 7.158 7.163 7.169 7.174 7.180 7.187 7.193 7.201 7.208 7.217 7.225 7.234 7.244 7.256 7.269 7.283 7.301 7.324 7.351 7.381 7.415 7.454 7.498 7.544 7.577 7.613 7.664 7.716 7.767 7.816 7.864 7.909 7.949 7.985 8.007 8.029 8.060 8.088 8.114 8.137 8.157 8.176 8.193 8.209 8.221 8.233 8.251 8.269
7.040 7.045 7.049 7.053 7.057 7.061 7.065 7.069 7.073 7.077 7.081 7.085 7.089 7.093 7.097 7.102 7.106 7.110 7.113 7.117 7.121 7.125 7.129 7.133 7.137 7.142 7.147 7.152 7.158 7.164 7.170 7.175 7.180 7.186 7.192 7.198 7.205 7.213 7.221 7.230 7.240 7.252 7.266 7.280 7.296 7.317 7.342 7.371 7.402 7.437 7.477 7.523 7.571 7.605 7.641 7.694 7.747 7.798 7.846 7.893 7.935 7.973 8.005 8.025 8.045 8.073 8.098 8.121 8.142 8.161 8.178 8.195 8.212 8.224 8.236 8.255 8.273
7.047 7.051 7.055 7.059 7.063 7.067 7.071 7.075 7.079 7.083 7.087 7.091 7.095 7.099 7.103 7.108 7.112 7.116 7.119 7.123 7.127 7.131 7.135 7.139 7.143 7.148 7.153 7.158 7.164 7.170 7.176 7.181 7.186 7.191 7.197 7.203 7.209 7.217 7.226 7.235 7.247 7.260 7.276 7.292 7.309 7.333 7.360 7.390 7.423 7.459 7.501 7.548 7.598 7.633 7.670 7.724 7.776 7.827 7.874 7.918 7.958 7.993 8.021 8.040 8.058 8.082 8.105 8.127 8.146 8.164 8.181 8.198 8.215 8.227 8.240 8.258 8.277
7.052 7.056 7.060 7.064 7.068 7.073 7.077 7.081 7.085 7.089 7.093 7.097 7.101 7.105 7.109 7.113 7.117 7.121 7.125 7.129 7.133 7.136 7.140 7.144 7.149 7.153 7.158 7.164 7.170 7.176 7.182 7.187 7.191 7.196 7.202 7.207 7.213 7.221 7.230 7.240 7.253 7.268 7.286 7.303 7.322 7.348 7.377 7.410 7.443 7.481 7.523 7.571 7.624 7.660 7.698 7.752 7.804 7.853 7.899 7.941 7.980 8.012 8.038 8.054 8.071 8.092 8.113 8.133 8.150 8.167 8.183 8.200 8.217 8.229 8.242 8.261 8.280
7.058 7.062 7.066 7.070 7.074 7.078 7.082 7.086 7.090 7.094 7.098 7.102 7.106 7.110 7.115 7.119 7.123 7.126 7.130 7.134 7.138 7.142 7.145 7.150 7.154 7.159 7.164 7.169 7.175 7.181 7.187 7.191 7.195 7.200 7.205 7.210 7.216 7.224 7.234 7.246 7.260 7.277 7.297 7.316 7.336 7.364 7.395 7.429 7.465 7.504 7.547 7.596 7.653 7.691 7.729 7.782 7.833 7.880 7.924 7.965 8.001 8.031 8.053 8.067 8.082 8.101 8.120 8.138 8.154 8.170 8.186 8.202 8.219 8.232 8.244 8.264 8.283
