version1/TsunamiDB/out54099.asc
ncols          264
nrows          230
xllcorner      497853.4375
yllcorner      4229146.0000
cellsize         5.
NODATA_value   -99
[rows 34 to 67 of 230, columns 0 to 76 of 264]
-99.000 -99.000 -99.000 -99.000 -99.000 -99.000 -99.000 -99.000 -99.000 -99.000 -99.000 -99.000 -99.000 -99.000 -99.000 -99.000 -99.000 -99.000 -99.000 1.650 1.657 1.711 1.859 2.091 2.368 2.650 2.904 3.116 3.283 3.414 3.519 3.605 3.680 3.747 3.808 3.865 3.919 3.969 4.018 4.065 4.110 4.154 4.197 4.238 4.278 4.318 4.356 4.393 4.429 4.464 4.499 4.533 4.565 4.598 4.629 4.660 4.690 4.720 4.749 4.777 4.805 4.830 4.857 4.884 4.910 4.936 4.962 4.987 5.013 5.037 5.062 5.087 5.111 5.135 5.158 5.181 5.204
-99.000 -99.000 -99.000 -99.000 -99.000 -99.000 -99.000 -99.000 -99.000 -99.000 -99.000 -99.000 -99.000 -99.000 -99.000 -99.000 -99.000 -99.000 -99.000 1.651 1.670 1.762 1.950 2.207 2.491 2.764 3.001 3.194 3.345 3.463 3.560 3.641 3.712 3.776 3.835 3.891 3.944 3.993 4.040 4.087 4.131 4.175 4.217 4.257 4.297 4.336 4.373 4.410 4.446 4.481 4.515 4.548 4.581 4.613 4.644 4.675 4.705 4.734 4.763 4.792 4.818 4.844 4.871 4.898 4.924 4.949 4.975 5.000 5.025 5.049 5.074 5.098 5.122 5.146 5.169 5.192 5.215
-99.000 -99.000 -99.000 -99.000 -99.000 -99.000 -99.000 -99.000 -99.000 -99.000 -99.000 -99.000 -99.000 -99.000 -99.000 -99.000 -99.000 -99.000 1.650 1.654 1.697 1.831 2.053 2.327 2.611 2.872 3.090 3.264 3.401 3.509 3.598 3.675 3.742 3.804 3.862 3.916 3.968 4.016 4.063 4.108 4.152 4.195 4.236 4.276 4.315 4.353 4.390 4.427 4.462 4.497 4.531 4.564 4.596 4.628 4.659 4.689 4.719 4.748 4.777 4.805 4.832 4.858 4.885 4.911 4.937 4.962 4.987 5.012 5.037 5.062 5.086 5.110 5.133 5.157 5.180 5.203 5.225
-99.000 -99.000 -99.000 -99.000 -99.000 -99.000 -99.000 -99.000 -99.000 -99.000 -99.000 -99.000 -99.000 -99.000 -99.000 -99.000 -99.000 -99.000 1.650 1.664 1.742 1.917 2.166 2.449 2.727 2.971 3.171 3.328 3.452 3.551 3.635 3.707 3.772 3.832 3.888 3.941 3.992 4.039 4.085 4.130 4.173 4.215 4.255 4.295 4.333 4.371 4.408 4.443 4.478 4.513 4.546 4.579 4.611 4.643 4.673 4.704 4.733 4.762 4.791 4.819 4.845 4.871 4.898 4.924 4.950 4.975 5.000 5.025 5.049 5.074 5.098 5.121 5.145 5.168 5.191 5.214 5.236
-99.000 -99.000 -99.000 -99.000 -99.000 -99.000 -99.000 -99.000 -99.000 -99.000 -99.000 -99.000 -99.000 -99.000 -99.000 -99.000 -99.000 1.650 1.653 1.686 1.805 2.016 2.285 2.571 2.837 3.063 3.244 3.386 3.499 3.591 3.669 3.738 3.801 3.860 3.914 3.966 4.016 4.062 4.107 4.151 4.193 4.235 4.275 4.313 4.351 4.388 4.425 4.460 4.494 4.528 4.561 4.594 4.626 4.657 4.687 4.717 4.747 4.776 4.804 4.832 4.859 4.884 4.911 4.937 4.962 4.987 5.012 5.037 5.061 5.085 5.109 5.133 5.156 5.179 5.202 5.225 5.247
-99.000 -99.000 -99.000 -99.000 -99.000 -99.000 -99.000 -99.000 -99.000 -99.000 -99.000 -99.000 -99.000 -99.000 -99.000 -99.000 -99.000 1.650 1.659 1.725 1.886 2.126 2.408 2.689 2.940 3.147 3.311 3.439 3.542 3.628 3.703 3.769 3.830 3.887 3.940 3.991 4.040 4.085 4.129 4.172 4.214 4.255 4.294 4.332 4.369 4.406 4.442 4.476 4.510 4.544 4.577 4.609 4.640 4.671 4.701 4.731 4.760 4.789 4.817 4.845 4.871 4.897 4.923 4.949 4.974 5.000 5.024 5.049 5.073 5.097 5.121 5.144 5.167 5.190 5.213 5.235 5.258
-99.000 -99.000 -99.000 -99.000 -99.000 -99.000 -99.000 -99.000 -99.000 -99.000 -99.000 -99.000 -99.000 -99.000 -99.000 -99.000 -99.000 1.651 1.677 1.781 1.981 2.244 2.530 2.801 3.035 3.223 3.371 3.488 3.583 3.664 3.735 3.799 3.858 3.914 3.966 4.016 4.063 4.108 4.151 4.194 4.235 4.275 4.313 4.351 4.388 4.423 4.459 4.493 4.527 4.559 4.592 4.624 4.655 4.685 4.715 4.745 4.773 4.802 4.830 4.858 4.884 4.909 4.935 4.961 4.986 5.011 5.036 5.060 5.084 5.108 5.132 5.155 5.178 5.201 5.224 5.246 5.268
-99.000 -99.000 -99.000 -99.000 -99.000 -99.000 -99.000 -99.000 -99.000 -99.000 -99.000 -99.000 -99.000 -99.000 -99.000 -99.000 1.650 1.656 1.709 1.856 2.088 2.366 2.650 2.907 3.122 3.292 3.426 3.533 3.622 3.698 3.766 3.828 3.886 3.940 3.991 4.040 4.087 4.131 4.173 4.215 4.256 4.295 4.333 4.370 4.406 4.441 4.476 4.510 4.543 4.575 4.607 4.638 4.669 4.699 4.729 4.758 4.787 4.815 4.843 4.870 4.896 4.921 4.947 4.973 4.998 5.023 5.047 5.071 5.095 5.119 5.143 5.166 5.189 5.212 5.234 5.256 5.278
-99.000 -99.000 -99.000 -99.000 -99.000 -99.000 -99.000 -99.000 -99.000 -99.000 -99.000 -99.000 -99.000 -99.000 -99.000 -99.000 1.651 1.669 1.760 1.947 2.204 2.490 2.766 3.006 3.201 3.355 3.477 3.576 3.659 3.732 3.797 3.858 3.914 3.967 4.017 4.065 4.111 4.154 4.196 4.237 4.277 4.315 4.352 4.389 4.424 4.459 4.493 4.526 4.559 4.591 4.623 4.653 4.684 4.713 4.743 4.772 4.800 4.828 4.855 4.882 4.908 4.933 4.959 4.984 5.009 5.034 5.058 5.082 5.106 5.130 5.153 5.176 5.199 5.222 5.244 5.266 5.288
-99.000 -99.000 -99.000 -99.000 -99.000 -99.000 -99.000 -99.000 -99.000 -99.000 -99.000 -99.000 -99.000 -99.000 -99.000 1.650 1.654 1.697 1.830 2.052 2.326 2.612 2.875 3.097 3.274 3.413 3.524 3.616 3.694 3.764 3.828 3.886 3.941 3.993 4.043 4.090 4.135 4.177 4.218 4.259 4.298 4.336 4.372 4.408 4.443 4.477 4.511 4.544 4.576 4.607 4.638 4.669 4.699 4.728 4.757 4.785 4.813 4.841 4.868 4.895 4.920 4.945 4.970 4.996 5.020 5.045 5.069 5.093 5.117 5.140 5.163 5.186 5.209 5.231 5.254 5.276 5.298
-99.000 -99.000 -99.000 -99.000 -99.000 -99.000 -99.000 -99.000 -99.000 -99.000 -99.000 -99.000 -99.000 -99.000 -99.000 1.650 1.664 1.742 1.917 2.167 2.451 2.731 2.977 3.179 3.339 3.466 3.568 3.654 3.729 3.796 3.858 3.915 3.969 4.020 4.068 4.114 4.159 4.201 4.241 4.281 4.319 4.356 4.393 4.428 4.462 4.496 4.529 4.561 4.593 4.624 4.654 4.684 4.714 4.743 4.771 4.799 4.827 4.854 4.881 4.907 4.932 4.957 4.982 5.007 5.031 5.056 5.080 5.103 5.127 5.150 5.173 5.196 5.218 5.241 5.263 5.285 5.307
-99.000 -99.000 -99.000 -99.000 -99.000 -99.000 -99.000 -99.000 -99.000 -99.000 -99.000 -99.000 -99.000 -99.000 1.650 1.653 1.686 1.807 2.019 2.289 2.576 2.844 3.071 3.255 3.399 3.514 3.609 3.690 3.762 3.827 3.887 3.943 3.996 4.046 4.094 4.139 4.183 4.224 4.264 4.303 4.341 4.377 4.413 4.448 4.482 4.515 4.547 4.579 4.610 4.641 4.671 4.700 4.729 4.758 4.786 4.813 4.841 4.867 4.894 4.920 4.945 4.969 4.994 5.018 5.043 5.067 5.090 5.114 5.137 5.160 5.183 5.205 5.228 5.250 5.272 5.294 5.316
-99.000 -99.000 -99.000 -99.000 -99.000 -99.000 -99.000 -99.000 -99.000 -99.000 -99.000 -99.000 -99.000 -99.000 1.650 1.660 1.727 1.890 2.133 2.416 2.698 2.949 3.157 3.323 3.454 3.560 3.648 3.726 3.795 3.858 3.917 3.972 4.024 4.073 4.120 4.164 4.207 4.248 4.287 4.325 4.362 4.399 4.434 4.468 4.501 4.534 4.566 4.597 4.628 4.658 4.688 4.717 4.745 4.773 4.801 4.828 4.855 4.881 4.907 4.933 4.958 4.982 5.006 5.030 5.054 5.078 5.101 5.124 5.147 5.170 5.193 5.215 5.237 5.259 5.281 5.303 5.324
-99.000 -99.000 -99.000 -99.000 -99.000 -99.000 -99.000 -99.000 -99.000 -99.000 -99.000 -99.000 -99.000 -99.000 1.652 1.679 1.787 1.990 2.256 2.543 2.814 3.047 3.236 3.385 3.504 3.602 3.686 3.760 3.827 3.888 3.946 4.000 4.051 4.099 4.145 4.189 4.231 4.271 4.310 4.348 4.384 4.420 4.455 4.488 4.521 4.554 4.585 4.616 4.646 4.676 4.705 4.733 4.762 4.789 4.816 4.843 4.870 4.896 4.921 4.947 4.971 4.994 5.018 5.042 5.066 5.089 5.112 5.135 5.158 5.180 5.202 5.224 5.246 5.268 5.290 5.311 5.333
-99.000 -99.000 -99.000 -99.000 -99.000 -99.000 -99.000 -99.000 -99.000 -99.000 -99.000 -99.000 -99.000 1.650 1.657 1.715 1.868 2.104 2.384 2.668 2.923 3.136 3.307 3.441 3.551 3.642 3.722 3.793 3.858 3.918 3.975 4.028 4.078 4.125 4.171 4.214 4.256 4.294 4.333 4.370 4.406 4.441 4.476 4.509 4.541 4.573 4.604 4.635 4.664 4.694 4.722 4.751 4.778 4.806 4.832 4.859 4.885 4.911 4.936 4.961 4.984 5.008 5.031 5.055 5.078 5.101 5.124 5.146 5.169 5.191 5.213 5.234 5.256 5.277 5.299 5.320 5.341
-99.000 -99.000 -99.000 -99.000 -99.000 -99.000 -99.000 -99.000 -99.000 -99.000 -99.000 -99.000 -99.000 1.651 1.673 1.772 1.966 2.227 2.514 2.788 3.025 3.218 3.371 3.493 3.594 3.680 3.756 3.825 3.889 3.948 4.003 4.055 4.105 4.152 4.196 4.239 4.279 4.318 4.356 4.393 4.428 4.463 4.497 4.530 4.562 4.593 4.624 4.654 4.683 4.712 4.740 4.768 4.795 4.822 4.849 4.875 4.901 4.926 4.951 4.975 4.999 5.022 5.045 5.068 5.091 5.114 5.136 5.158 5.180 5.202 5.223 5.244 5.266 5.287 5.308 5.329 5.349
-99.000 -99.000 -99.000 -99.000 -99.000 -99.000 -99.000 -99.000 -99.000 -99.000 -99.000 -99.000 1.651 1.656 1.706 1.850 2.080 2.358 2.642 2.900 3.117 3.291 3.428 3.540 3.634 3.716 3.790 3.857 3.919 3.977 4.031 4.082 4.131 4.177 4.222 4.264 4.303 4.341 4.379 4.415 4.450 4.485 4.518 4.550 4.582 4.613 4.643 4.673 4.702 4.730 4.758 4.786 4.813 4.839 4.865 4.891 4.917 4.942 4.966 4.990 5.013 5.036 5.059 5.082 5.104 5.127 5.148 5.170 5.192 5.213 5.234 5.255 5.276 5.297 5.317 5.338 5.358
-99.000 -99.000 -99.000 -99.000 -99.000 -99.000 -99.000 -99.000 -99.000 -99.000 -99.000 -99.000 1.652 1.669 1.761 1.948 2.205 2.490 2.765 3.005 3.201 3.356 3.481 3.584 3.673 3.751 3.822 3.887 3.948 4.005 4.059 4.109 4.157 4.203 4.246 4.288 4.327 4.365 4.402 4.438 4.472 4.506 4.539 4.571 4.602 4.633 4.663 4.692 4.721 4.749 4.776 4.804 4.830 4.857 4.882 4.908 4.933 4.958 4.982 5.006 5.028 5.051 5.073 5.096 5.118 5.140 5.162 5.183 5.204 5.225 5.246 5.266 5.287 5.307 5.327 5.347 5.367
-99.000 -99.000 -99.000 -99.000 -99.000 -99.000 -99.000 -99.000 -99.000 -99.000 -99.000 1.651 1.655 1.700 1.838 2.063 2.338 2.622 2.882 3.100 3.276 3.415 3.529 3.625 3.709 3.784 3.853 3.917 3.977 4.033 4.086 4.136 4.183 4.228 4.271 4.312 4.351 4.388 4.425 4.460 4.494 4.528 4.560 4.592 4.623 4.653 4.682 4.711 4.740 4.767 4.795 4.822 4.848 4.874 4.900 4.925 4.950 4.974 4.998 5.021 5.043 5.066 5.088 5.111 5.132 5.154 5.175 5.196 5.217 5.238 5.258 5.278 5.298 5.318 5.338 5.357 5.377
-99.000 -99.000 -99.000 -99.000 -99.000 -99.000 -99.000 -99.000 -99.000 -99.000 -99.000 1.652 1.668 1.753 1.936 2.190 2.474 2.749 2.989 3.186 3.342 3.468 3.573 3.663 3.743 3.816 3.883 3.946 4.004 4.060 4.112 4.161 4.208 4.253 4.296 4.336 4.374 4.411 4.447 4.482 4.516 4.549 4.581 4.612 4.643 4.673 4.702 4.730 4.759 4.786 4.813 4.840 4.866 4.891 4.917 4.942 4.966 4.991 5.015 5.037 5.059 5.081 5.104 5.126 5.147 5.169 5.190 5.210 5.231 5.251 5.271 5.291 5.310 5.330 5.349 5.368 5.387
-99.000 -99.000 -99.000 -99.000 -99.000 -99.000 -99.000 -99.000 -99.000 -99.000 1.651 1.655 1.698 1.830 2.052 2.325 2.609 2.868 3.087 3.262 3.402 3.517 3.613 3.698 3.775 3.846 3.912 3.973 4.032 4.086 4.138 4.187 4.233 4.278 4.320 4.360 4.398 4.434 4.470 4.504 4.538 4.570 4.602 4.633 4.663 4.692 4.721 4.750 4.777 4.805 4.831 4.858 4.883 4.909 4.934 4.959 4.983 5.007 5.031 5.053 5.075 5.097 5.119 5.141 5.162 5.183 5.204 5.225 5.245 5.265 5.284 5.304 5.323 5.342 5.361 5.380 5.398
-99.000 -99.000 -99.000 -99.000 -99.000 -99.000 -99.000 -99.000 -99.000 -99.000 1.652 1.667 1.751 1.930 2.182 2.464 2.739 2.978 3.174 3.330 3.456 3.561 3.651 3.732 3.806 3.875 3.940 4.000 4.058 4.112 4.163 4.212 4.258 4.302 4.343 4.383 4.421 4.457 4.492 4.526 4.559 4.591 4.623 4.653 4.683 4.712 4.741 4.769 4.796 4.823 4.849 4.875 4.901 4.926 4.951 4.975 5.000 5.023 5.047 5.069 5.091 5.113 5.135 5.156 5.177 5.198 5.219 5.239 5.259 5.279 5.298 5.318 5.337 5.355 5.374 5.392 5.410
-99.000 -99.000 -99.000 -99.000 -99.000 -99.000 -99.000 -99.000 -99.000 1.651 1.655 1.696 1.829 2.048 2.320 2.602 2.860 3.078 3.252 3.391 3.504 3.601 3.686 3.764 3.836 3.903 3.967 4.027 4.083 4.137 4.188 4.236 4.282 4.325 4.367 4.406 4.443 4.479 4.514 4.548 4.581 4.612 4.643 4.673 4.703 4.732 4.760 4.787 4.815 4.841 4.867 4.893 4.918 4.943 4.968 4.992 5.016 5.040 5.063 5.085 5.106 5.128 5.150 5.172 5.193 5.214 5.234 5.254 5.274 5.294 5.313 5.332 5.350 5.369 5.387 5.405 5.423
-99.000 -99.000 -99.000 -99.000 -99.000 -99.000 -99.000 -99.000 -99.000 1.652 1.667 1.750 1.930 2.180 2.462 2.735 2.972 3.166 3.321 3.445 3.548 3.638 3.719 3.794 3.864 3.930 3.992 4.052 4.108 4.161 4.211 4.259 4.305 4.348 4.389 4.429 4.466 4.501 4.536 4.569 4.602 4.633 4.664 4.694 4.723 4.751 4.779 4.806 4.833 4.859 4.885 4.911 4.936 4.960 4.985 5.009 5.032 5.056 5.079 5.101 5.122 5.144 5.165 5.187 5.208 5.229 5.249 5.269 5.289 5.308 5.327 5.346 5.365 5.383 5.401 5.419 5.436
-99.000 -99.000 -99.000 -99.000 -99.000 -99.000 -99.000 -99.000 1.651 1.655 1.697 1.830 2.051 2.322 2.602 2.858 3.073 3.245 3.382 3.493 3.589 3.673 3.751 3.823 3.891 3.956 4.017 4.076 4.131 4.184 4.235 4.282 4.328 4.371 4.412 4.451 4.488 4.523 4.557 4.591 4.623 4.654 4.684 4.714 4.742 4.770 4.798 4.825 4.851 4.877 4.903 4.928 4.953 4.977 5.001 5.025 5.048 5.071 5.094 5.116 5.137 5.159 5.180 5.202 5.223 5.243 5.264 5.284 5.303 5.323 5.342 5.361 5.379 5.397 5.415 5.432 5.450
-99.000 -99.000 -99.000 -99.000 -99.000 -99.000 -99.000 -99.000 1.652 1.667 1.753 1.934 2.186 2.466 2.736 2.972 3.163 3.314 3.436 3.538 3.626 3.706 3.780 3.850 3.917 3.980 4.041 4.099 4.154 4.207 4.257 4.304 4.350 4.393 4.434 4.473 4.509 4.544 4.578 4.612 4.643 4.674 4.704 4.734 4.762 4.790 4.817 4.843 4.870 4.895 4.920 4.945 4.970 4.994 5.018 5.041 5.064 5.087 5.110 5.131 5.152 5.174 5.195 5.216 5.237 5.258 5.278 5.298 5.318 5.337 5.356 5.375 5.393 5.411 5.429 5.447 5.464
-99.000 -99.000 -99.000 -99.000 -99.000 -99.000 -99.000 1.651 1.655 1.699 1.835 2.057 2.329 2.608 2.861 3.073 3.242 3.376 3.485 3.578 3.661 3.737 3.808 3.876 3.941 4.004 4.064 4.121 4.176 4.228 4.278 4.326 4.371 4.414 4.455 4.494 4.531 4.565 4.599 4.632 4.664 4.695 4.724 4.753 4.782 4.809 4.836 4.862 4.888 4.913 4.938 4.963 4.987 5.010 5.034 5.057 5.080 5.103 5.125 5.146 5.167 5.188 5.210 5.231 5.251 5.272 5.292 5.312 5.332 5.351 5.370 5.389 5.407 5.426 5.443 5.461 5.478
-99.000 -99.000 -99.000 -99.000 -99.000 -99.000 -99.000 1.652 1.669 1.757 1.942 2.195 2.475 2.743 2.975 3.163 3.312 3.431 3.530 3.616 3.694 3.767 3.835 3.902 3.965 4.026 4.085 4.142 4.197 4.249 4.299 4.346 4.392 4.435 4.476 4.515 4.551 4.586 4.620 4.653 4.684 4.715 4.745 4.773 4.801 4.828 4.855 4.881 4.906 4.931 4.956 4.980 5.004 5.027 5.050 5.073 5.096 5.118 5.140 5.161 5.182 5.203 5.224 5.245 5.265 5.286 5.306 5.326 5.346 5.365 5.384 5.403 5.421 5.439 5.457 5.475 5.492
-99.000 -99.000 -99.000 -99.000 -99.000 -99.000 1.651 1.656 1.703 1.842 2.067 2.340 2.618 2.869 3.077 3.243 3.374 3.480 3.571 3.651 3.725 3.795 3.861 3.926 3.988 4.048 4.106 4.162 4.217 4.269 4.319 4.366 4.411 4.455 4.496 4.535 4.571 4.606 4.640 4.673 4.705 4.735 4.764 4.793 4.821 4.847 4.874 4.899 4.925 4.949 4.973 4.997 5.021 5.044 5.067 5.089 5.111 5.133 5.155 5.176 5.196 5.217 5.238 5.259 5.279 5.299 5.319 5.339 5.359 5.378 5.397 5.416 5.435 5.453 5.471 5.488 5.506
-99.000 -99.000 -99.000 -99.000 -99.000 -99.000 1.652 1.671 1.764 1.952 2.207 2.487 2.753 2.982 3.167 3.313 3.429 3.525 3.609 3.684 3.755 3.822 3.886 3.949 4.010 4.069 4.126 4.182 4.236 4.287 4.337 4.385 4.430 4.474 4.515 4.554 4.591 4.626 4.660 4.693 4.725 4.755 4.784 4.813 4.840 4.867 4.893 4.918 4.943 4.967 4.991 5.015 5.038 5.061 5.083 5.105 5.127 5.149 5.170 5.191 5.211 5.231 5.252 5.272 5.292 5.313 5.332 5.352 5.372 5.391 5.410 5.429 5.447 5.466 5.484 5.501 5.519
-99.000 -99.000 -99.000 -99.000 -99.000 1.651 1.656 1.707 1.851 2.079 2.353 2.630 2.878 3.084 3.246 3.375 3.479 3.567 3.645 3.716 3.784 3.848 3.911 3.971 4.031 4.089 4.145 4.200 4.253 4.305 4.355 4.403 4.448 4.492 4.533 4.573 4.610 4.645 4.680 4.713 4.744 4.774 4.804 4.832 4.859 4.886 4.912 4.937 4.962 4.986 5.009 5.032 5.055 5.078 5.100 5.122 5.143 5.164 5.186 5.206 5.225 5.245 5.266 5.286 5.306 5.326 5.345 5.365 5.384 5.403 5.422 5.441 5.460 5.478 5.496 5.514 5.531
-99.000 -99.000 -99.000 -99.000 -99.000 1.652 1.673 1.771 1.963 2.220 2.500 2.766 2.992 3.173 3.316 3.430 3.524 3.605 3.679 3.747 3.811 3.874 3.934 3.993 4.051 4.108 4.163 4.217 4.270 4.322 4.371 4.419 4.465 4.509 4.551 4.591 4.628 4.664 4.698 4.731 4.763 4.794 4.823 4.851 4.879 4.905 4.931 4.956 4.980 5.004 5.027 5.050 5.073 5.095 5.117 5.138 5.159 5.180 5.201 5.221 5.240 5.260 5.280 5.299 5.319 5.339 5.358 5.377 5.397 5.416 5.434 5.453 5.472 5.490 5.508 5.526 5.544
-99.000 -99.000 -99.000 -99.000 1.651 1.657 1.712 1.861 2.092 2.367 2.644 2.890 3.093 3.252 3.378 3.480 3.566 3.642 3.711 3.776 3.838 3.898 3.957 4.014 4.071 4.126 4.181 4.234 4.286 4.337 4.387 4.435 4.481 4.525 4.568 4.608 4.645 4.681 4.716 4.750 4.782 4.812 4.842 4.870 4.898 4.924 4.950 4.975 4.999 5.023 5.046 5.068 5.091 5.113 5.134 5.155 5.176 5.197 5.217 5.236 5.255 5.274 5.294 5.313 5.333 5.352 5.371 5.390 5.409 5.428 5.446 5.465 5.483 5.501 5.520 5.537 5.555
-99.000 -99.000 -99.000 -99.000 1.652 1.676 1.778 1.974 2.234 2.514 2.778 3.003 3.182 3.322 3.434 3.526 3.605 3.676 3.742 3.805 3.864 3.923 3.979 4.035 4.090 4.144 4.197 4.250 4.301 4.352 4.401 4.449 4.496 4.540 4.583 4.623 4.661 4.698 4.734 4.767 4.800 4.831 4.860 4.889 4.916 4.943 4.968 4.993 5.018 5.041 5.064 5.087 5.109 5.130 5.152 5.172 5.193 5.213 5.233 5.251 5.270 5.289 5.309 5.328 5.346 5.365 5.384 5.403 5.421 5.440 5.458 5.476 5.495 5.513 5.531 5.549 5.566
