version1/TsunamiDB/out54028.asc
ncols          264
nrows          230
xllcorner      497853.4375
yllcorner      4229146.0000
cellsize         5.
NODATA_value   -99
[rows 160 to 191 of 230, columns 71 to 141 of 264]
-99.000 -99.000 -99.000 -99.000 -99.000 -99.000 -99.000 -99.000 -99.000 -99.000 -99.000 -99.000 -99.000 -99.000 -99.000 -99.000 -99.000 -99.000 -99.000 -99.000 -99.000 -99.000 -99.000 -99.000 -99.000 -99.000 -99.000 -99.000 -99.000 -99.000 -99.000 -99.000 -99.000 -99.000 1.646 1.659 1.737 1.916 2.182 2.506 2.856 3.189 3.484 3.730 3.929 4.089 4.218 4.325 4.414 4.492 4.561 4.622 4.678 4.731 4.780 4.827 4.872 4.916 4.959 5.001 5.042 5.083 5.123 5.163 5.203 5.241 5.279 5.316 5.351 5.385 5.416
-99.000 -99.000 -99.000 -99.000 -99.000 -99.000 -99.000 -99.000 -99.000 -99.000 -99.000 -99.000 -99.000 -99.000 -99.000 -99.000 -99.000 -99.000 -99.000 -99.000 -99.000 -99.000 -99.000 -99.000 -99.000 -99.000 -99.000 -99.000 -99.000 -99.000 -99.000 -99.000 -99.000 1.646 1.648 1.680 1.800 2.019 2.312 2.651 2.995 3.313 3.586 3.811 3.994 4.141 4.261 4.362 4.448 4.524 4.592 4.652 4.708 4.760 4.809 4.855 4.900 4.943 4.985 5.026 5.067 5.107 5.147 5.187 5.226 5.265 5.303 5.340 5.376 5.411 5.444
-99.000 -99.000 -99.000 -99.000 -99.000 -99.000 -99.000 -99.000 -99.000 -99.000 -99.000 -99.000 -99.000 -99.000 -99.000 -99.000 -99.000 -99.000 -99.000 -99.000 -99.000 -99.000 -99.000 -99.000 -99.000 -99.000 -99.000 -99.000 -99.000 -99.000 -99.000 -99.000 -99.000 1.646 1.655 1.718 1.882 2.135 2.450 2.795 3.128 3.426 3.678 3.885 4.052 4.188 4.301 4.397 4.480 4.554 4.621 4.681 4.736 4.789 4.837 4.883 4.927 4.970 5.011 5.051 5.091 5.131 5.170 5.209 5.249 5.287 5.326 5.363 5.400 5.436 5.470
-99.000 -99.000 -99.000 -99.000 -99.000 -99.000 -99.000 -99.000 -99.000 -99.000 -99.000 -99.000 -99.000 -99.000 -99.000 -99.000 -99.000 -99.000 -99.000 -99.000 -99.000 -99.000 -99.000 -99.000 -99.000 -99.000 -99.000 -99.000 -99.000 -99.000 -99.000 -99.000 -99.000 1.647 1.671 1.775 1.980 2.262 2.594 2.935 3.253 3.531 3.762 3.951 4.105 4.231 4.337 4.429 4.510 4.583 4.649 4.709 4.764 4.816 4.865 4.911 4.955 4.997 5.037 5.077 5.116 5.155 5.193 5.232 5.271 5.309 5.348 5.385 5.423 5.459 5.495
-99.000 -99.000 -99.000 -99.000 -99.000 -99.000 -99.000 -99.000 -99.000 -99.000 -99.000 -99.000 -99.000 -99.000 -99.000 -99.000 -99.000 -99.000 -99.000 -99.000 -99.000 -99.000 -99.000 -99.000 -99.000 -99.000 -99.000 -99.000 -99.000 -99.000 -99.000 -99.000 1.646 1.652 1.703 1.851 2.092 2.399 2.737 3.068 3.369 3.626 3.838 4.011 4.152 4.270 4.371 4.460 4.539 4.610 4.676 4.735 4.791 4.843 4.892 4.938 4.982 5.023 5.063 5.102 5.141 5.179 5.217 5.255 5.293 5.331 5.369 5.407 5.445 5.482 5.518
-99.000 -99.000 -99.000 -99.000 -99.000 -99.000 -99.000 -99.000 -99.000 -99.000 -99.000 -99.000 -99.000 -99.000 -99.000 -99.000 -99.000 -99.000 -99.000 -99.000 -99.000 -99.000 -99.000 -99.000 -99.000 -99.000 -99.000 -99.000 -99.000 -99.000 -99.000 -99.000 1.647 1.664 1.753 1.944 2.217 2.540 2.876 3.194 3.476 3.712 3.907 4.065 4.196 4.307 4.403 4.488 4.565 4.636 4.701 4.761 4.817 4.869 4.918 4.965 5.008 5.049 5.089 5.128 5.165 5.202 5.239 5.277 5.314 5.352 5.390 5.428 5.466 5.503 5.540
-99.000 -99.000 -99.000 -99.000 -99.000 -99.000 -99.000 -99.000 -99.000 -99.000 -99.000 -99.000 -99.000 -99.000 -99.000 -99.000 -99.000 -99.000 -99.000 -99.000 -99.000 -99.000 -99.000 -99.000 -99.000 -99.000 -99.000 -99.000 -99.000 -99.000 -99.000 1.646 1.650 1.690 1.824 2.053 2.350 2.681 3.010 3.313 3.574 3.791 3.969 4.114 4.236 4.341 4.432 4.515 4.590 4.660 4.725 4.785 4.841 4.894 4.944 4.990 5.034 5.075 5.115 5.153 5.190 5.226 5.262 5.299 5.335 5.372 5.410 5.448 5.486 5.524 5.561
-99.000 -99.000 -99.000 -99.000 -99.000 -99.000 -99.000 -99.000 -99.000 -99.000 -99.000 -99.000 -99.000 -99.000 -99.000 -99.000 -99.000 -99.000 -99.000 -99.000 -99.000 -99.000 -99.000 -99.000 -99.000 -99.000 -99.000 -99.000 -99.000 -99.000 -99.000 1.646 1.659 1.735 1.913 2.175 2.489 2.820 3.139 3.423 3.664 3.862 4.025 4.159 4.273 4.372 4.460 4.540 4.614 4.683 4.748 4.807 4.864 4.917 4.968 5.015 5.059 5.101 5.140 5.178 5.214 5.250 5.285 5.320 5.356 5.392 5.429 5.466 5.504 5.543 5.581
-99.000 -99.000 -99.000 -99.000 -99.000 -99.000 -99.000 -99.000 -99.000 -99.000 -99.000 -99.000 -99.000 -99.000 -99.000 -99.000 -99.000 -99.000 -99.000 -99.000 -99.000 -99.000 -99.000 -99.000 -99.000 -99.000 -99.000 -99.000 -99.000 -99.000 1.646 1.648 1.680 1.800 2.017 2.305 2.630 2.956 3.260 3.525 3.746 3.927 4.075 4.200 4.306 4.400 4.485 4.563 4.636 4.704 4.769 4.829 4.885 4.940 4.990 5.038 5.083 5.125 5.165 5.202 5.238 5.273 5.308 5.342 5.376 5.412 5.448 5.484 5.522 5.560 5.599
-99.000 -99.000 -99.000 -99.000 -99.000 -99.000 -99.000 -99.000 -99.000 -99.000 -99.000 -99.000 -99.000 -99.000 -99.000 -99.000 -99.000 -99.000 -99.000 -99.000 -99.000 -99.000 -99.000 -99.000 -99.000 -99.000 -99.000 -99.000 -99.000 -99.000 1.646 1.655 1.719 1.883 2.135 2.443 2.770 3.088 3.374 3.618 3.820 3.985 4.121 4.237 4.337 4.426 4.508 4.585 4.656 4.724 4.788 4.848 4.906 4.960 5.012 5.060 5.106 5.149 5.189 5.227 5.262 5.297 5.330 5.364 5.397 5.431 5.466 5.501 5.538 5.576 5.615
-99.000 -99.000 -99.000 -99.000 -99.000 -99.000 -99.000 -99.000 -99.000 -99.000 -99.000 -99.000 -99.000 -99.000 -99.000 -99.000 -99.000 -99.000 -99.000 -99.000 -99.000 -99.000 -99.000 -99.000 -99.000 -99.000 -99.000 -99.000 -99.000 -99.000 1.647 1.672 1.778 1.984 2.264 2.583 2.909 3.213 3.480 3.704 3.888 4.038 4.163 4.270 4.365 4.450 4.530 4.604 4.675 4.742 4.806 4.866 4.924 4.979 5.032 5.081 5.128 5.171 5.212 5.250 5.286 5.321 5.353 5.385 5.417 5.450 5.483 5.518 5.554 5.591 5.630
-99.000 -99.000 -99.000 -99.000 -99.000 -99.000 -99.000 -99.000 -99.000 -99.000 -99.000 -99.000 -99.000 -99.000 -99.000 -99.000 -99.000 -99.000 -99.000 -99.000 -99.000 -99.000 -99.000 -99.000 -99.000 -99.000 -99.000 -99.000 -99.000 1.646 1.652 1.706 1.856 2.098 2.400 2.725 3.043 3.331 3.577 3.782 3.949 4.086 4.201 4.301 4.391 4.473 4.549 4.622 4.691 4.758 4.822 4.882 4.941 4.997 5.050 5.100 5.148 5.193 5.235 5.274 5.310 5.344 5.377 5.408 5.439 5.469 5.501 5.534 5.569 5.605 5.643
-99.000 -99.000 -99.000 -99.000 -99.000 -99.000 -99.000 -99.000 -99.000 -99.000 -99.000 -99.000 -99.000 -99.000 -99.000 -99.000 -99.000 -99.000 -99.000 -99.000 -99.000 -99.000 -99.000 -99.000 -99.000 -99.000 -99.000 -99.000 -99.000 1.647 1.665 1.759 1.953 2.225 2.541 2.865 3.171 3.440 3.667 3.853 4.005 4.130 4.237 4.330 4.415 4.493 4.567 4.638 4.706 4.772 4.836 4.896 4.955 5.012 5.066 5.118 5.167 5.213 5.256 5.296 5.333 5.368 5.400 5.431 5.461 5.490 5.520 5.551 5.583 5.618 5.655
-99.000 -99.000 -99.000 -99.000 -99.000 -99.000 -99.000 -99.000 -99.000 -99.000 -99.000 -99.000 -99.000 -99.000 -99.000 -99.000 -99.000 -99.000 -99.000 -99.000 -99.000 -99.000 -99.000 -99.000 -99.000 -99.000 -99.000 -99.000 1.646 1.650 1.694 1.832 2.064 2.360 2.684 3.002 3.292 3.542 3.749 3.918 4.056 4.171 4.270 4.357 4.438 4.513 4.584 4.653 4.720 4.785 4.848 4.908 4.967 5.025 5.080 5.133 5.183 5.230 5.275 5.317 5.355 5.391 5.424 5.455 5.483 5.511 5.539 5.568 5.599 5.631 5.667
-99.000 -99.000 -99.000 -99.000 -99.000 -99.000 -99.000 -99.000 -99.000 -99.000 -99.000 -99.000 -99.000 -99.000 -99.000 -99.000 -99.000 -99.000 -99.000 -99.000 -99.000 -99.000 -99.000 -99.000 -99.000 -99.000 -99.000 -99.000 1.646 1.661 1.742 1.924 2.189 2.501 2.826 3.133 3.406 3.636 3.824 3.978 4.103 4.209 4.301 4.383 4.460 4.531 4.600 4.667 4.732 4.796 4.857 4.917 4.977 5.035 5.091 5.145 5.196 5.245 5.292 5.335 5.376 5.413 5.447 5.478 5.507 5.534 5.560 5.587 5.615 5.646 5.679
-99.000 -99.000 -99.000 -99.000 -99.000 -99.000 -99.000 -99.000 -99.000 -99.000 -99.000 -99.000 -99.000 -99.000 -99.000 -99.000 -99.000 -99.000 -99.000 -99.000 -99.000 -99.000 -99.000 -99.000 -99.000 -99.000 -99.000 1.646 1.649 1.685 1.811 2.033 2.323 2.645 2.965 3.258 3.511 3.721 3.893 4.032 4.147 4.245 4.331 4.409 4.481 4.550 4.616 4.681 4.744 4.806 4.866 4.925 4.985 5.043 5.099 5.154 5.207 5.257 5.306 5.351 5.394 5.433 5.469 5.501 5.531 5.558 5.583 5.608 5.634 5.661 5.692
-99.000 -99.000 -99.000 -99.000 -99.000 -99.000 -99.000 -99.000 -99.000 -99.000 -99.000 -99.000 -99.000 -99.000 -99.000 -99.000 -99.000 -99.000 -99.000 -99.000 -99.000 -99.000 -99.000 -99.000 -99.000 -99.000 -99.000 1.646 1.657 1.728 1.899 2.156 2.465 2.789 3.099 3.375 3.608 3.800 3.955 4.082 4.188 4.279 4.360 4.434 4.503 4.569 4.632 4.695 4.755 4.816 4.874 4.932 4.991 5.048 5.105 5.160 5.214 5.266 5.316 5.364 5.408 5.450 5.488 5.523 5.554 5.581 5.606 5.630 5.654 5.679 5.706
-99.000 -99.000 -99.000 -99.000 -99.000 -99.000 -99.000 -99.000 -99.000 -99.000 -99.000 -99.000 -99.000 -99.000 -99.000 -99.000 -99.000 -99.000 -99.000 -99.000 -99.000 -99.000 -99.000 -99.000 -99.000 -99.000 -99.000 1.648 1.677 1.792 2.005 2.290 2.610 2.931 3.227 3.484 3.698 3.872 4.013 4.129 4.226 4.311 4.388 4.458 4.524 4.588 4.649 4.709 4.768 4.826 4.882 4.939 4.996 5.052 5.108 5.164 5.218 5.271 5.323 5.372 5.419 5.463 5.504 5.541 5.575 5.604 5.630 5.654 5.676 5.699 5.724
-99.000 -99.000 -99.000 -99.000 -99.000 -99.000 -99.000 -99.000 -99.000 -99.000 -99.000 -99.000 -99.000 -99.000 -99.000 -99.000 -99.000 -99.000 -99.000 -99.000 -99.000 -99.000 -99.000 -99.000 -99.000 -99.000 1.647 1.654 1.716 1.877 2.126 2.431 2.756 3.069 3.348 3.586 3.781 3.938 4.066 4.172 4.263 4.343 4.415 4.483 4.546 4.607 4.666 4.724 4.780 4.836 4.891 4.945 5.001 5.056 5.111 5.166 5.220 5.273 5.326 5.377 5.426 5.473 5.516 5.556 5.592 5.624 5.653 5.677 5.699 5.721 5.743
-99.000 -99.000 -99.000 -99.000 -99.000 -99.000 -99.000 -99.000 -99.000 -99.000 -99.000 -99.000 -99.000 -99.000 -99.000 -99.000 -99.000 -99.000 -99.000 -99.000 -99.000 -99.000 -99.000 -99.000 -99.000 -99.000 1.648 1.671 1.776 1.980 2.259 2.577 2.900 3.201 3.462 3.680 3.857 3.999 4.115 4.213 4.298 4.373 4.442 4.507 4.568 4.627 4.684 4.740 4.794 4.848 4.900 4.953 5.006 5.059 5.113 5.167 5.220 5.274 5.327 5.379 5.429 5.478 5.524 5.567 5.607 5.642 5.673 5.699 5.723 5.744 5.764
-99.000 -99.000 -99.000 -99.000 -99.000 -99.000 -99.000 -99.000 -99.000 -99.000 -99.000 -99.000 -99.000 -99.000 -99.000 -99.000 -99.000 -99.000 -99.000 -99.000 -99.000 -99.000 -99.000 -99.000 -99.000 1.647 1.653 1.705 1.856 2.099 2.400 2.725 3.041 3.326 3.568 3.767 3.927 4.056 4.162 4.252 4.331 4.403 4.469 4.531 4.591 4.648 4.703 4.756 4.809 4.860 4.911 4.961 5.012 5.064 5.115 5.168 5.220 5.273 5.325 5.378 5.429 5.480 5.528 5.574 5.617 5.655 5.690 5.719 5.745 5.767 5.787
-99.000 -99.000 -99.000 -99.000 -99.000 -99.000 -99.000 -99.000 -99.000 -99.000 -99.000 -99.000 -99.000 -99.000 -99.000 -99.000 -99.000 -99.000 -99.000 -99.000 -99.000 -99.000 -99.000 -99.000 -99.000 1.648 1.667 1.760 1.956 2.229 2.546 2.872 3.177 3.444 3.667 3.847 3.991 4.108 4.206 4.290 4.364 4.432 4.496 4.556 4.613 4.668 4.722 4.774 4.824 4.874 4.922 4.971 5.020 5.069 5.119 5.169 5.220 5.272 5.324 5.376 5.428 5.479 5.529 5.577 5.623 5.665 5.703 5.736 5.764 5.788 5.809
-99.000 -99.000 -99.000 -99.000 -99.000 -99.000 -99.000 -99.000 -99.000 -99.000 -99.000 -99.000 -99.000 -99.000 -99.000 -99.000 -99.000 -99.000 -99.000 -99.000 -99.000 -99.000 -99.000 -99.000 1.647 1.651 1.696 1.836 2.071 2.369 2.695 3.015 3.307 3.555 3.758 3.921 4.051 4.158 4.248 4.326 4.397 4.462 4.523 4.581 4.636 4.690 4.741 4.792 4.841 4.889 4.935 4.981 5.028 5.075 5.123 5.172 5.221 5.271 5.322 5.373 5.425 5.477 5.528 5.578 5.626 5.671 5.712 5.749 5.780 5.807 5.829
-99.000 -99.000 -99.000 -99.000 -99.000 -99.000 -99.000 -99.000 -99.000 -99.000 -99.000 -99.000 -99.000 -99.000 -99.000 -99.000 -99.000 -99.000 -99.000 -99.000 -99.000 -99.000 -99.000 -99.000 1.647 1.662 1.746 1.930 2.198 2.514 2.843 3.155 3.429 3.658 3.842 3.989 4.107 4.205 4.288 4.362 4.429 4.491 4.550 4.606 4.660 4.712 4.762 4.810 4.858 4.904 4.949 4.993 5.038 5.083 5.129 5.175 5.223 5.271 5.321 5.371 5.423 5.474 5.526 5.577 5.626 5.674 5.718 5.758 5.793 5.822 5.847
-99.000 -99.000 -99.000 -99.000 -99.000 -99.000 -99.000 -99.000 -99.000 -99.000 -99.000 -99.000 -99.000 -99.000 -99.000 -99.000 -99.000 -99.000 -99.000 -99.000 -99.000 -99.000 -99.000 1.647 1.650 1.687 1.815 2.041 2.335 2.663 2.990 3.289 3.544 3.753 3.919 4.052 4.160 4.249 4.327 4.397 4.460 4.520 4.577 4.631 4.684 4.734 4.783 4.830 4.876 4.921 4.963 5.006 5.049 5.092 5.135 5.180 5.225 5.272 5.320 5.370 5.420 5.471 5.523 5.575 5.626 5.674 5.721 5.763 5.801 5.834 5.861
-99.000 -99.000 -99.000 -99.000 -99.000 -99.000 -99.000 -99.000 -99.000 -99.000 -99.000 -99.000 -99.000 -99.000 -99.000 -99.000 -99.000 -99.000 -99.000 -99.000 -99.000 -99.000 -99.000 1.647 1.658 1.730 1.903 2.164 2.479 2.813 3.132 3.415 3.650 3.840 3.990 4.110 4.209 4.292 4.365 4.431 4.492 4.550 4.605 4.658 4.708 4.757 4.805 4.851 4.895 4.938 4.979 5.020 5.061 5.102 5.143 5.186 5.229 5.274 5.320 5.369 5.418 5.469 5.520 5.572 5.623 5.673 5.721 5.766 5.807 5.842 5.872
-99.000 -99.000 -99.000 -99.000 -99.000 -99.000 -99.000 -99.000 -99.000 -99.000 -99.000 -99.000 -99.000 -99.000 -99.000 -99.000 -99.000 -99.000 -99.000 -99.000 -99.000 -99.000 1.647 1.649 1.677 1.792 2.008 2.297 2.628 2.961 3.268 3.532 3.748 3.920 4.056 4.165 4.255 4.333 4.401 4.464 4.523 4.579 4.633 4.684 4.734 4.782 4.828 4.872 4.915 4.957 4.996 5.035 5.074 5.113 5.152 5.193 5.234 5.277 5.322 5.368 5.416 5.466 5.517 5.569 5.620 5.671 5.720 5.766 5.809 5.846 5.879
-99.000 -99.000 -99.000 -99.000 -99.000 -99.000 -99.000 -99.000 -99.000 -99.000 -99.000 -99.000 -99.000 -99.000 -99.000 -99.000 -99.000 -99.000 -99.000 -99.000 -99.000 -99.000 1.647 1.654 1.713 1.873 2.125 2.439 2.777 3.105 3.397 3.642 3.838 3.993 4.116 4.216 4.299 4.372 4.437 4.497 4.554 4.608 4.661 4.711 4.759 4.806 4.851 4.895 4.936 4.977 5.015 5.052 5.089 5.126 5.163 5.201 5.240 5.281 5.324 5.369 5.415 5.464 5.514 5.565 5.616 5.667 5.717 5.764 5.808 5.847 5.881
-99.000 -99.000 -99.000 -99.000 -99.000 -99.000 -99.000 -99.000 -99.000 -99.000 -99.000 -99.000 -99.000 -99.000 -99.000 -99.000 -99.000 -99.000 -99.000 -99.000 -99.000 -99.000 1.648 1.669 1.768 1.970 2.254 2.585 2.926 3.243 3.518 3.742 3.920 4.060 4.172 4.263 4.341 4.409 4.472 4.530 4.585 4.638 4.688 4.738 4.785 4.831 4.876 4.918 4.959 4.998 5.035 5.071 5.106 5.141 5.176 5.212 5.248 5.287 5.327 5.370 5.415 5.462 5.511 5.561 5.612 5.662 5.712 5.759 5.803 5.844 5.880
-99.000 -99.000 -99.000 -99.000 -99.000 -99.000 -99.000 -99.000 -99.000 -99.000 -99.000 -99.000 -99.000 -99.000 -99.000 -99.000 -99.000 -99.000 -99.000 -99.000 -99.000 1.647 1.651 1.698 1.841 2.081 2.392 2.734 3.071 3.374 3.629 3.834 3.996 4.122 4.224 4.308 4.381 4.446 4.505 4.561 4.615 4.666 4.716 4.765 4.812 4.857 4.900 4.942 4.982 5.021 5.057 5.091 5.125 5.159 5.191 5.225 5.259 5.295 5.333 5.374 5.416 5.462 5.509 5.557 5.607 5.656 5.705 5.752 5.797 5.838 5.875
-99.000 -99.000 -99.000 -99.000 -99.000 -99.000 -99.000 -99.000 -99.000 -99.000 -99.000 -99.000 -99.000 -99.000 -99.000 -99.000 -99.000 -99.000 -99.000 -99.000 -99.000 1.647 1.662 1.744 1.931 2.204 2.535 2.883 3.211 3.497 3.732 3.919 4.065 4.180 4.273 4.351 4.419 4.481 4.538 4.592 4.644 4.695 4.744 4.791 4.837 4.882 4.925 4.967 5.007 5.045 5.080 5.114 5.147 5.179 5.210 5.241 5.273 5.306 5.342 5.379 5.420 5.462 5.507 5.554 5.602 5.650 5.698 5.744 5.789 5.830 5.867
-99.000 -99.000 -99.000 -99.000 -99.000 -99.000 -99.000 -99.000 -99.000 -99.000 -99.000 -99.000 -99.000 -99.000 -99.000 -99.000 -99.000 -99.000 -99.000 -99.000 1.647 1.649 1.684 1.809 2.034 2.336 2.682 3.028 3.344 3.611 3.827 3.996 4.128 4.233 4.319 4.392 4.456 4.515 4.570 4.622 4.673 4.722 4.770 4.817 4.863 4.907 4.950 4.992 5.032 5.069 5.104 5.138 5.170 5.201 5.231 5.261 5.290 5.321 5.354 5.388 5.425 5.465 5.507 5.552 5.597 5.644 5.690 5.736 5.779 5.820 5.858
