version1/TsunamiDB/out54001.asc
ncols          264
nrows          230
xllcorner      497853.4375
yllcorner      4229146.0000
cellsize         5.
NODATA_value   -99
[rows 186 to 216 of 230, columns 138 to 206 of 264]
-99.000 -99.000 -99.000 -99.000 -99.000 -99.000 -99.000 -99.000 -99.000 -99.000 -99.000 -99.000 -99.000 -99.000 -99.000 -99.000 -99.000 -99.000 -99.000 -99.000 -99.000 -99.000 1.644 1.659 1.749 1.949 2.242 2.606 3.026 3.461 3.872 4.237 4.500 4.686 4.825 4.935 5.020 5.089 5.121 5.142 5.270 5.377 5.401 5.431 5.463 5.496 5.517 5.524 5.524 5.512 5.610 5.726 5.733 5.719 5.698 5.676 5.652 5.630 5.598 5.541 5.583 5.679 5.697 5.679 5.640 5.594 5.538 5.466 5.402
-99.000 -99.000 -99.000 -99.000 -99.000 -99.000 -99.000 -99.000 -99.000 -99.000 -99.000 -99.000 -99.000 -99.000 -99.000 -99.000 -99.000 -99.000 -99.000 -99.000 -99.000 1.644 1.646 1.682 1.817 2.056 2.380 2.766 3.191 3.625 4.025 4.360 4.596 4.763 4.885 4.981 5.054 5.107 5.144 5.179 5.300 5.401 5.426 5.458 5.492 5.531 5.556 5.565 5.567 5.552 5.651 5.772 5.786 5.771 5.745 5.721 5.691 5.655 5.607 5.542 5.577 5.666 5.682 5.658 5.614 5.562 5.502 5.437 5.390
-99.000 -99.000 -99.000 -99.000 -99.000 -99.000 -99.000 -99.000 -99.000 -99.000 -99.000 -99.000 -99.000 -99.000 -99.000 -99.000 -99.000 -99.000 -99.000 -99.000 -99.000 1.644 1.653 1.723 1.902 2.178 2.530 2.930 3.357 3.783 4.164 4.461 4.669 4.814 4.919 5.000 5.066 5.122 5.174 5.209 5.326 5.425 5.450 5.482 5.521 5.566 5.594 5.609 5.611 5.593 5.694 5.823 5.842 5.824 5.796 5.765 5.722 5.670 5.611 5.535 5.562 5.646 5.657 5.628 5.578 5.523 5.466 5.418 5.385
-99.000 -99.000 -99.000 -99.000 -99.000 -99.000 -99.000 -99.000 -99.000 -99.000 -99.000 -99.000 -99.000 -99.000 -99.000 -99.000 -99.000 -99.000 -99.000 -99.000 -99.000 1.645 1.670 1.783 2.005 2.316 2.691 3.103 3.528 3.945 4.294 4.552 4.728 4.850 4.940 5.014 5.085 5.155 5.209 5.242 5.355 5.455 5.476 5.509 5.553 5.600 5.634 5.654 5.656 5.637 5.741 5.877 5.895 5.876 5.843 5.801 5.744 5.679 5.606 5.521 5.541 5.618 5.623 5.589 5.537 5.484 5.440 5.406 5.382
-99.000 -99.000 -99.000 -99.000 -99.000 -99.000 -99.000 -99.000 -99.000 -99.000 -99.000 -99.000 -99.000 -99.000 -99.000 -99.000 -99.000 -99.000 -99.000 -99.000 1.644 1.649 1.703 1.865 2.128 2.469 2.862 3.282 3.706 4.105 4.412 4.629 4.775 4.877 4.952 5.030 5.115 5.194 5.249 5.275 5.384 5.483 5.505 5.541 5.584 5.634 5.673 5.697 5.705 5.685 5.786 5.925 5.944 5.922 5.880 5.828 5.760 5.679 5.595 5.503 5.513 5.583 5.584 5.548 5.498 5.455 5.422 5.399 5.382
-99.000 -99.000 -99.000 -99.000 -99.000 -99.000 -99.000 -99.000 -99.000 -99.000 -99.000 -99.000 -99.000 -99.000 -99.000 -99.000 -99.000 -99.000 -99.000 -99.000 1.644 1.662 1.760 1.968 2.268 2.638 3.047 3.473 3.890 4.257 4.515 4.691 4.809 4.891 4.960 5.048 5.146 5.234 5.285 5.302 5.411 5.515 5.540 5.571 5.613 5.666 5.707 5.740 5.752 5.726 5.825 5.967 5.987 5.958 5.909 5.848 5.767 5.674 5.579 5.477 5.480 5.544 5.543 5.509 5.467 5.434 5.410 5.395 5.386
-99.000 -99.000 -99.000 -99.000 -99.000 -99.000 -99.000 -99.000 -99.000 -99.000 -99.000 -99.000 -99.000 -99.000 -99.000 -99.000 -99.000 -99.000 -99.000 1.645 1.648 1.692 1.841 2.093 2.426 2.822 3.246 3.675 4.077 4.397 4.608 4.748 4.839 4.906 4.978 5.076 5.183 5.275 5.320 5.331 5.443 5.556 5.573 5.598 5.642 5.692 5.738 5.780 5.792 5.761 5.860 6.004 6.019 5.983 5.927 5.856 5.765 5.662 5.555 5.446 5.445 5.504 5.503 5.476 5.442 5.415 5.400 5.394 5.387
-99.000 -99.000 -99.000 -99.000 -99.000 -99.000 -99.000 -99.000 -99.000 -99.000 -99.000 -99.000 -99.000 -99.000 -99.000 -99.000 -99.000 -99.000 -99.000 1.648 1.661 1.748 1.946 2.239 2.606 3.020 3.454 3.883 4.258 4.528 4.695 4.801 4.874 4.936 5.009 5.113 5.222 5.310 5.353 5.357 5.471 5.582 5.595 5.622 5.661 5.712 5.763 5.808 5.823 5.787 5.881 6.021 6.031 5.991 5.926 5.848 5.749 5.633 5.518 5.407 5.402 5.460 5.465 5.444 5.416 5.399 5.392 5.388 5.383
-99.000 -99.000 -99.000 -99.000 -99.000 -99.000 -99.000 -99.000 -99.000 -99.000 -99.000 -99.000 -99.000 -99.000 -99.000 -99.000 -99.000 -99.000 -99.000 1.650 1.685 1.820 2.064 2.397 2.795 3.231 3.677 4.099 4.434 4.656 4.784 4.865 4.930 4.991 5.063 5.160 5.253 5.334 5.379 5.381 5.495 5.605 5.622 5.647 5.684 5.734 5.781 5.825 5.843 5.800 5.887 6.022 6.030 5.984 5.914 5.830 5.725 5.603 5.483 5.371 5.367 5.427 5.436 5.420 5.398 5.388 5.384 5.382 5.378
-99.000 -99.000 -99.000 -99.000 -99.000 -99.000 -99.000 -99.000 -99.000 -99.000 -99.000 -99.000 -99.000 -99.000 -99.000 -99.000 -99.000 -99.000 1.648 1.661 1.731 1.917 2.203 2.572 3.001 3.459 3.914 4.317 4.603 4.780 4.879 4.948 5.012 5.072 5.138 5.221 5.300 5.383 5.434 5.423 5.532 5.642 5.656 5.676 5.711 5.755 5.798 5.847 5.869 5.814 5.891 6.024 6.029 5.978 5.904 5.817 5.705 5.578 5.453 5.344 5.344 5.405 5.417 5.404 5.389 5.382 5.380 5.379 5.376
-99.000 -99.000 -99.000 -99.000 -99.000 -99.000 -99.000 -99.000 -99.000 -99.000 -99.000 -99.000 -99.000 -99.000 -99.000 -99.000 -99.000 1.644 1.651 1.682 1.796 2.029 2.352 2.755 3.214 3.692 4.150 4.516 4.757 4.899 4.981 5.049 5.119 5.181 5.241 5.307 5.374 5.471 5.494 5.465 5.570 5.673 5.685 5.707 5.742 5.781 5.825 5.885 5.890 5.818 5.892 6.020 6.019 5.965 5.888 5.794 5.679 5.543 5.420 5.322 5.325 5.386 5.401 5.393 5.382 5.376 5.375 5.375 5.371
-99.000 -99.000 -99.000 -99.000 -99.000 -99.000 -99.000 -99.000 -99.000 -99.000 -99.000 -99.000 -99.000 -99.000 -99.000 -99.000 -99.000 -99.000 1.656 1.715 1.876 2.149 2.510 2.944 3.427 3.925 4.373 4.698 4.896 5.009 5.086 5.162 5.241 5.303 5.353 5.413 5.468 5.514 5.516 5.504 5.601 5.699 5.718 5.744 5.778 5.823 5.869 5.902 5.882 5.812 5.882 6.000 5.998 5.943 5.859 5.759 5.638 5.507 5.401 5.308 5.310 5.372 5.391 5.387 5.376 5.371 5.371 5.371 5.369
-99.000 -99.000 -99.000 -99.000 -99.000 -99.000 -99.000 -99.000 -99.000 -99.000 -99.000 -99.000 -99.000 -99.000 -99.000 -99.000 -99.000 1.648 1.669 1.766 1.972 2.284 2.679 3.141 3.648 4.150 4.566 4.839 4.999 5.094 5.178 5.267 5.347 5.403 5.445 5.490 5.512 5.530 5.537 5.526 5.620 5.720 5.748 5.777 5.814 5.856 5.883 5.890 5.863 5.792 5.856 5.968 5.965 5.906 5.820 5.717 5.598 5.485 5.389 5.298 5.300 5.366 5.387 5.383 5.372 5.367 5.366 5.369 5.369
-99.000 -99.000 -99.000 -99.000 -99.000 -99.000 -99.000 -99.000 -99.000 -99.000 -99.000 -99.000 -99.000 -99.000 -99.000 -99.000 -99.000 1.650 1.692 1.836 2.084 2.432 2.858 3.348 3.872 4.361 4.723 4.941 5.073 5.161 5.257 5.354 5.425 5.478 5.511 5.534 5.537 5.543 5.546 5.540 5.630 5.734 5.766 5.797 5.832 5.859 5.870 5.864 5.830 5.760 5.819 5.925 5.919 5.861 5.776 5.676 5.570 5.470 5.378 5.291 5.296 5.362 5.384 5.380 5.369 5.363 5.365 5.371 5.373
-99.000 -99.000 -99.000 -99.000 -99.000 -99.000 -99.000 -99.000 -99.000 -99.000 -99.000 -99.000 -99.000 -99.000 -99.000 -99.000 -99.000 1.657 1.733 1.921 2.207 2.587 3.042 3.557 4.086 4.540 4.834 5.011 5.131 5.214 5.318 5.420 5.483 5.533 5.554 5.564 5.557 5.550 5.551 5.546 5.631 5.733 5.768 5.803 5.825 5.841 5.844 5.826 5.788 5.721 5.774 5.872 5.867 5.815 5.734 5.646 5.552 5.457 5.372 5.289 5.295 5.360 5.382 5.380 5.369 5.365 5.369 5.378 5.384
-99.000 -99.000 -99.000 -99.000 -99.000 -99.000 -99.000 -99.000 -99.000 -99.000 -99.000 -99.000 -99.000 -99.000 -99.000 1.645 1.647 1.672 1.790 2.021 2.342 2.752 3.235 3.768 4.282 4.670 4.905 5.057 5.171 5.249 5.361 5.471 5.525 5.567 5.583 5.586 5.568 5.553 5.548 5.538 5.619 5.722 5.759 5.785 5.800 5.809 5.803 5.781 5.741 5.674 5.722 5.818 5.817 5.769 5.701 5.623 5.537 5.449 5.367 5.286 5.292 5.357 5.382 5.381 5.373 5.371 5.378 5.391 5.403
-99.000 -99.000 -99.000 -99.000 -99.000 -99.000 -99.000 -99.000 -99.000 -99.000 -99.000 -99.000 -99.000 -99.000 -99.000 1.644 1.649 1.701 1.864 2.135 2.489 2.931 3.441 3.981 4.451 4.760 4.951 5.090 5.198 5.269 5.388 5.504 5.546 5.585 5.597 5.593 5.570 5.544 5.529 5.517 5.598 5.700 5.732 5.753 5.763 5.764 5.755 5.730 5.688 5.624 5.672 5.766 5.767 5.730 5.671 5.601 5.523 5.440 5.359 5.281 5.289 5.354 5.380 5.385 5.381 5.381 5.392 5.412 5.427
-99.000 -99.000 -99.000 -99.000 -99.000 -99.000 -99.000 -99.000 -99.000 -99.000 -99.000 -99.000 -99.000 -99.000 -99.000 1.645 1.659 1.748 1.955 2.263 2.650 3.125 3.661 4.190 4.587 4.832 4.989 5.112 5.212 5.266 5.384 5.498 5.534 5.570 5.576 5.569 5.541 5.505 5.485 5.472 5.550 5.651 5.681 5.701 5.703 5.702 5.693 5.665 5.624 5.566 5.613 5.705 5.714 5.686 5.634 5.573 5.503 5.421 5.341 5.268 5.278 5.344 5.378 5.389 5.389 5.395 5.412 5.435 5.452
-99.000 -99.000 -99.000 -99.000 -99.000 -99.000 -99.000 -99.000 -99.000 -99.000 -99.000 -99.000 -99.000 -99.000 -99.000 1.646 1.679 1.812 2.060 2.403 2.822 3.328 3.879 4.375 4.699 4.894 5.025 5.136 5.225 5.259 5.372 5.486 5.515 5.543 5.546 5.539 5.511 5.472 5.447 5.430 5.510 5.611 5.639 5.653 5.651 5.649 5.637 5.608 5.571 5.516 5.564 5.658 5.672 5.648 5.602 5.549 5.484 5.405 5.327 5.258 5.271 5.342 5.382 5.400 5.406 5.418 5.437 5.460 5.479
-99.000 -99.000 -99.000 -99.000 -99.000 -99.000 -99.000 -99.000 -99.000 -99.000 -99.000 -99.000 -99.000 -99.000 1.646 1.652 1.714 1.891 2.178 2.556 3.006 3.537 4.086 4.535 4.808 4.972 5.098 5.214 5.295 5.308 5.423 5.539 5.554 5.570 5.566 5.554 5.519 5.471 5.433 5.413 5.491 5.590 5.614 5.622 5.617 5.611 5.596 5.568 5.532 5.480 5.529 5.623 5.639 5.618 5.579 5.532 5.470 5.393 5.316 5.252 5.271 5.346 5.393 5.419 5.433 5.448 5.468 5.493 5.515
-99.000 -99.000 -99.000 -99.000 -99.000 -99.000 -99.000 -99.000 -99.000 -99.000 -99.000 -99.000 -99.000 -99.000 1.648 1.665 1.767 1.984 2.310 2.722 3.200 3.746 4.271 4.656 4.885 5.038 5.171 5.301 5.355 5.357 5.483 5.597 5.599 5.606 5.591 5.566 5.522 5.456 5.415 5.396 5.471 5.568 5.587 5.591 5.582 5.570 5.555 5.528 5.493 5.447 5.497 5.588 5.605 5.589 5.555 5.509 5.450 5.373 5.301 5.248 5.273 5.353 5.406 5.441 5.463 5.481 5.503 5.535 5.551
-99.000 -99.000 -99.000 -99.000 -99.000 -99.000 -99.000 -99.000 -99.000 -99.000 -99.000 -99.000 -99.000 1.647 1.651 1.693 1.840 2.099 2.454 2.894 3.397 3.946 4.432 4.751 4.947 5.098 5.230 5.326 5.368 5.385 5.519 5.633 5.633 5.631 5.603 5.567 5.510 5.448 5.414 5.382 5.449 5.545 5.561 5.560 5.544 5.531 5.514 5.486 5.458 5.416 5.464 5.551 5.571 5.559 5.523 5.478 5.420 5.350 5.294 5.249 5.277 5.362 5.426 5.469 5.497 5.523 5.551 5.576 5.579
-99.000 -99.000 -99.000 -99.000 -99.000 -99.000 -99.000 -99.000 -99.000 -99.000 -99.000 -99.000 -99.000 1.647 1.658 1.737 1.931 2.225 2.608 3.069 3.585 4.117 4.545 4.811 4.986 5.127 5.239 5.318 5.367 5.388 5.531 5.652 5.654 5.645 5.612 5.568 5.508 5.452 5.410 5.364 5.425 5.521 5.533 5.524 5.506 5.489 5.471 5.448 5.423 5.383 5.428 5.515 5.536 5.522 5.487 5.443 5.390 5.336 5.293 5.253 5.285 5.379 5.452 5.502 5.537 5.569 5.595 5.608 5.597
-99.000 -99.000 -99.000 -99.000 -99.000 -99.000 -99.000 -99.000 -99.000 -99.000 -99.000 -99.000 -99.000 1.648 1.676 1.801 2.037 2.365 2.774 3.254 3.771 4.273 4.632 4.855 5.014 5.137 5.239 5.315 5.365 5.390 5.538 5.669 5.669 5.658 5.623 5.574 5.512 5.451 5.396 5.342 5.400 5.491 5.497 5.486 5.464 5.446 5.431 5.412 5.387 5.349 5.395 5.479 5.498 5.484 5.450 5.410 5.369 5.329 5.295 5.263 5.302 5.403 5.482 5.538 5.579 5.610 5.628 5.629 5.605
-99.000 -99.000 -99.000 -99.000 -99.000 -99.000 -99.000 -99.000 -99.000 -99.000 -99.000 -99.000 1.646 1.652 1.713 1.885 2.159 2.517 2.947 3.437 3.946 4.399 4.700 4.890 5.021 5.135 5.237 5.316 5.370 5.392 5.541 5.677 5.680 5.670 5.631 5.582 5.515 5.443 5.379 5.316 5.368 5.455 5.459 5.444 5.422 5.407 5.394 5.374 5.352 5.318 5.361 5.441 5.460 5.447 5.417 5.386 5.357 5.328 5.306 5.281 5.324 5.430 5.513 5.574 5.615 5.641 5.651 5.639 5.603
-99.000 -99.000 -99.000 -99.000 -99.000 -99.000 -99.000 -99.000 -99.000 -99.000 -99.000 -99.000 1.647 1.667 1.771 1.989 2.298 2.684 3.131 3.622 4.111 4.499 4.742 4.898 5.009 5.120 5.226 5.318 5.376 5.390 5.540 5.686 5.693 5.677 5.640 5.588 5.512 5.429 5.354 5.282 5.329 5.414 5.415 5.400 5.382 5.368 5.355 5.338 5.318 5.285 5.325 5.404 5.425 5.415 5.392 5.371 5.351 5.336 5.324 5.302 5.347 5.456 5.542 5.603 5.641 5.661 5.661 5.638 5.591
-99.000 -99.000 -99.000 -99.000 -99.000 -99.000 -99.000 -99.000 -99.000 -99.000 -99.000 -99.000 1.654 1.701 1.852 2.114 2.459 2.872 3.336 3.827 4.278 4.589 4.773 4.896 4.992 5.098 5.216 5.323 5.384 5.389 5.542 5.699 5.698 5.677 5.638 5.580 5.498 5.402 5.312 5.237 5.284 5.362 5.364 5.357 5.340 5.327 5.319 5.304 5.283 5.251 5.292 5.370 5.394 5.391 5.376 5.362 5.354 5.349 5.342 5.323 5.369 5.479 5.563 5.621 5.655 5.667 5.658 5.625 5.566
-99.000 -99.000 -99.000 -99.000 -99.000 -99.000 -99.000 -99.000 -99.000 -99.000 -99.000 1.656 1.672 1.761 1.963 2.264 2.642 3.084 3.567 4.047 4.433 4.667 4.800 4.891 4.964 5.075 5.209 5.323 5.385 5.374 5.527 5.682 5.672 5.648 5.604 5.545 5.455 5.346 5.248 5.175 5.220 5.301 5.311 5.306 5.291 5.284 5.278 5.262 5.242 5.213 5.255 5.335 5.365 5.370 5.362 5.357 5.358 5.359 5.357 5.339 5.383 5.490 5.571 5.625 5.653 5.658 5.640 5.595 5.526
-99.000 -99.000 -99.000 -99.000 -99.000 -99.000 -99.000 -99.000 -99.000 -99.000 -99.000 1.658 1.696 1.834 2.083 2.427 2.848 3.326 3.826 4.271 4.580 4.751 4.840 4.903 4.967 5.087 5.212 5.317 5.375 5.350 5.499 5.650 5.637 5.604 5.558 5.499 5.407 5.293 5.190 5.119 5.169 5.253 5.267 5.263 5.251 5.248 5.242 5.226 5.208 5.183 5.227 5.311 5.348 5.360 5.358 5.360 5.366 5.369 5.370 5.349 5.389 5.491 5.568 5.617 5.638 5.637 5.611 5.556 5.477
-99.000 -99.000 -99.000 -99.000 -99.000 -99.000 -99.000 -99.000 -99.000 -99.000 -99.000 1.673 1.747 1.933 2.226 2.612 3.076 3.593 4.093 4.474 4.718 4.842 4.897 4.948 5.022 5.148 5.254 5.361 5.417 5.364 5.503 5.645 5.618 5.575 5.529 5.470 5.374 5.252 5.142 5.079 5.134 5.219 5.237 5.234 5.227 5.224 5.217 5.202 5.186 5.164 5.212 5.300 5.342 5.358 5.363 5.370 5.377 5.383 5.385 5.359 5.392 5.489 5.560 5.603 5.618 5.610 5.575 5.511 5.423
-99.000 -99.000 -99.000 -99.000 -99.000 -99.000 -99.000 -99.000 -99.000 -99.000 1.666 1.698 1.813 2.044 2.379 2.807 3.315 3.857 4.326 4.636 4.831 4.926 4.970 5.033 5.116 5.223 5.323 5.451 5.462 5.379 5.508 5.630 5.588 5.540 5.489 5.423 5.324 5.189 5.089 5.047 5.104 5.192 5.211 5.211 5.206 5.202 5.195 5.180 5.165 5.150 5.202 5.292 5.338 5.361 5.372 5.380 5.388 5.397 5.394 5.360 5.386 5.477 5.542 5.580 5.589 5.573 5.531 5.457 5.360
