version1/TsunamiDB/out54091.asc
ncols          264
nrows          230
xllcorner      497853.4375
yllcorner      4229146.0000
cellsize         5.
NODATA_value   -99
[rows 102 to 135 of 230, columns 0 to 76 of 264]
-99.000 1.652 1.671 1.763 1.951 2.209 2.495 2.772 3.014 3.211 3.366 3.488 3.587 3.671 3.743 3.809 3.869 3.925 3.978 4.029 4.077 4.123 4.167 4.210 4.252 4.293 4.332 4.371 4.409 4.446 4.482 4.518 4.554 4.587 4.620 4.653 4.686 4.718 4.749 4.780 4.809 4.838 4.866 4.893 4.920 4.946 4.970 4.994 5.018 5.041 5.063 5.084 5.105 5.126 5.147 5.167 5.186 5.204 5.223 5.242 5.260 5.279 5.298 5.317 5.336 5.355 5.374 5.393 5.412 5.431 5.450 5.470 5.489 5.509 5.529 5.550 5.571
1.651 1.656 1.702 1.840 2.066 2.342 2.628 2.891 3.113 3.290 3.428 3.539 3.630 3.708 3.777 3.840 3.899 3.953 4.005 4.055 4.102 4.147 4.191 4.233 4.274 4.314 4.353 4.391 4.428 4.465 4.500 4.536 4.570 4.603 4.636 4.669 4.701 4.733 4.764 4.794 4.824 4.853 4.881 4.908 4.935 4.960 4.985 5.009 5.033 5.056 5.078 5.099 5.120 5.141 5.161 5.181 5.199 5.217 5.235 5.254 5.272 5.291 5.309 5.327 5.346 5.364 5.382 5.401 5.419 5.438 5.457 5.475 5.494 5.514 5.533 5.553 5.573
1.652 1.668 1.754 1.936 2.191 2.477 2.756 3.001 3.202 3.360 3.485 3.585 3.670 3.744 3.810 3.871 3.928 3.981 4.032 4.080 4.127 4.171 4.214 4.256 4.296 4.335 4.373 4.411 4.447 4.483 4.518 4.553 4.587 4.620 4.652 4.684 4.716 4.748 4.779 4.809 4.838 4.867 4.895 4.923 4.949 4.975 5.000 5.024 5.048 5.071 5.093 5.114 5.135 5.155 5.175 5.195 5.213 5.231 5.249 5.267 5.285 5.303 5.320 5.338 5.356 5.374 5.392 5.409 5.427 5.445 5.464 5.482 5.500 5.519 5.538 5.557 5.576
1.655 1.696 1.828 2.048 2.322 2.610 2.875 3.100 3.281 3.424 3.536 3.628 3.708 3.778 3.842 3.901 3.956 4.008 4.058 4.105 4.151 4.195 4.237 4.278 4.317 4.356 4.394 4.430 4.466 4.501 4.536 4.570 4.604 4.636 4.668 4.700 4.731 4.762 4.793 4.823 4.853 4.881 4.910 4.937 4.964 4.990 5.015 5.039 5.063 5.086 5.108 5.129 5.150 5.170 5.190 5.210 5.227 5.245 5.263 5.280 5.298 5.315 5.333 5.350 5.367 5.384 5.402 5.419 5.436 5.454 5.471 5.489 5.507 5.525 5.543 5.561 5.580
1.665 1.744 1.921 2.171 2.456 2.737 2.986 3.190 3.352 3.481 3.583 3.669 3.744 3.811 3.872 3.930 3.984 4.035 4.084 4.130 4.175 4.218 4.260 4.300 4.339 4.377 4.414 4.450 4.485 4.520 4.554 4.587 4.621 4.652 4.683 4.715 4.746 4.777 4.807 4.837 4.867 4.895 4.923 4.951 4.978 5.004 5.029 5.054 5.077 5.100 5.123 5.144 5.165 5.185 5.205 5.224 5.242 5.259 5.277 5.294 5.312 5.329 5.346 5.362 5.379 5.396 5.412 5.429 5.446 5.463 5.480 5.497 5.514 5.532 5.549 5.567 5.585
1.690 1.814 2.029 2.301 2.589 2.857 3.086 3.271 3.416 3.532 3.626 3.706 3.778 3.842 3.902 3.958 4.011 4.061 4.109 4.155 4.199 4.241 4.282 4.322 4.360 4.397 4.434 4.469 4.504 4.538 4.572 4.605 4.637 4.668 4.699 4.730 4.761 4.791 4.821 4.851 4.880 4.909 4.937 4.964 4.991 5.018 5.043 5.068 5.092 5.115 5.137 5.159 5.180 5.201 5.220 5.240 5.257 5.274 5.292 5.309 5.326 5.343 5.359 5.375 5.392 5.408 5.424 5.440 5.456 5.473 5.489 5.506 5.522 5.539 5.556 5.573 5.590
1.735 1.904 2.150 2.434 2.717 2.969 3.177 3.343 3.474 3.580 3.667 3.742 3.810 3.873 3.931 3.985 4.037 4.086 4.133 4.178 4.222 4.264 4.304 4.343 4.381 4.418 4.453 4.488 4.523 4.556 4.589 4.622 4.654 4.684 4.715 4.745 4.776 4.806 4.835 4.865 4.894 4.922 4.950 4.978 5.005 5.031 5.056 5.081 5.106 5.129 5.152 5.174 5.195 5.216 5.236 5.255 5.273 5.290 5.307 5.324 5.341 5.357 5.373 5.389 5.405 5.421 5.436 5.452 5.468 5.483 5.499 5.515 5.531 5.547 5.564 5.580 5.597
1.801 2.009 2.278 2.566 2.838 3.071 3.259 3.408 3.526 3.623 3.705 3.776 3.842 3.902 3.959 4.012 4.063 4.111 4.158 4.202 4.245 4.286 4.326 4.364 4.402 4.438 4.473 4.508 4.541 4.574 4.607 4.639 4.670 4.700 4.730 4.760 4.790 4.820 4.849 4.878 4.907 4.935 4.963 4.990 5.017 5.044 5.069 5.094 5.119 5.143 5.166 5.188 5.209 5.230 5.251 5.270 5.288 5.305 5.323 5.340 5.356 5.372 5.388 5.404 5.419 5.435 5.450 5.465 5.480 5.495 5.510 5.525 5.541 5.556 5.572 5.588 5.604
1.886 2.127 2.410 2.695 2.950 3.163 3.333 3.466 3.574 3.664 3.740 3.809 3.872 3.931 3.986 4.039 4.088 4.136 4.182 4.225 4.267 4.308 4.347 4.385 4.422 4.458 4.493 4.527 4.560 4.592 4.624 4.656 4.687 4.716 4.746 4.775 4.805 4.834 4.863 4.891 4.920 4.948 4.975 5.003 5.030 5.056 5.082 5.107 5.132 5.156 5.179 5.202 5.223 5.245 5.265 5.285 5.303 5.321 5.338 5.355 5.372 5.388 5.404 5.419 5.434 5.449 5.464 5.478 5.493 5.508 5.522 5.537 5.552 5.567 5.582 5.597 5.613
1.989 2.254 2.542 2.816 3.054 3.246 3.399 3.519 3.618 3.702 3.775 3.840 3.902 3.959 4.013 4.064 4.113 4.160 4.205 4.248 4.290 4.330 4.369 4.406 4.442 4.478 4.512 4.546 4.578 4.610 4.642 4.673 4.703 4.732 4.761 4.790 4.819 4.848 4.876 4.905 4.933 4.960 4.988 5.015 5.041 5.068 5.094 5.119 5.144 5.168 5.192 5.214 5.237 5.258 5.279 5.299 5.318 5.336 5.353 5.371 5.387 5.404 5.419 5.435 5.450 5.464 5.479 5.493 5.507 5.521 5.535 5.549 5.563 5.578 5.592 5.607 5.622
2.104 2.385 2.671 2.930 3.147 3.321 3.458 3.568 3.659 3.738 3.807 3.871 3.930 3.986 4.039 4.090 4.138 4.184 4.228 4.271 4.312 4.351 4.390 4.427 4.463 4.497 4.531 4.565 4.597 4.628 4.659 4.690 4.720 4.748 4.777 4.805 4.834 4.862 4.890 4.918 4.945 4.973 5.000 5.027 5.053 5.079 5.105 5.130 5.155 5.180 5.204 5.227 5.249 5.271 5.292 5.313 5.332 5.350 5.368 5.386 5.403 5.419 5.435 5.451 5.466 5.480 5.494 5.508 5.522 5.535 5.549 5.563 5.576 5.590 5.604 5.618 5.632
2.229 2.517 2.794 3.035 3.232 3.388 3.512 3.612 3.698 3.772 3.839 3.900 3.958 4.013 4.065 4.115 4.162 4.207 4.251 4.293 4.333 4.373 4.410 4.447 4.482 4.517 4.551 4.583 4.615 4.646 4.677 4.707 4.736 4.765 4.792 4.821 4.849 4.876 4.904 4.931 4.958 4.985 5.012 5.038 5.064 5.090 5.116 5.141 5.166 5.191 5.215 5.238 5.261 5.283 5.305 5.326 5.345 5.364 5.382 5.400 5.418 5.435 5.451 5.466 5.481 5.496 5.510 5.524 5.537 5.551 5.564 5.577 5.590 5.603 5.616 5.630 5.643
2.359 2.646 2.909 3.131 3.308 3.448 3.561 3.654 3.734 3.805 3.869 3.929 3.986 4.039 4.090 4.139 4.186 4.230 4.273 4.315 4.355 4.394 4.431 4.467 4.502 4.536 4.570 4.602 4.633 4.664 4.694 4.724 4.753 4.781 4.808 4.836 4.863 4.890 4.917 4.944 4.971 4.997 5.024 5.050 5.076 5.101 5.127 5.152 5.177 5.201 5.225 5.249 5.272 5.295 5.316 5.338 5.358 5.377 5.396 5.414 5.432 5.449 5.466 5.482 5.497 5.512 5.526 5.540 5.553 5.566 5.579 5.592 5.605 5.617 5.630 5.643 5.656
2.491 2.770 3.015 3.217 3.376 3.503 3.606 3.693 3.769 3.837 3.898 3.957 4.012 4.065 4.115 4.163 4.209 4.253 4.296 4.337 4.376 4.414 4.451 4.487 4.522 4.556 4.588 4.620 4.652 4.682 4.712 4.741 4.769 4.797 4.824 4.851 4.878 4.905 4.931 4.958 4.984 5.010 5.035 5.061 5.087 5.112 5.137 5.162 5.187 5.211 5.235 5.259 5.282 5.305 5.327 5.349 5.369 5.388 5.408 5.427 5.445 5.463 5.480 5.496 5.512 5.527 5.542 5.556 5.569 5.582 5.595 5.608 5.620 5.632 5.644 5.657 5.669
2.620 2.887 3.113 3.294 3.438 3.553 3.648 3.730 3.802 3.867 3.927 3.984 4.039 4.090 4.139 4.187 4.232 4.276 4.317 4.358 4.397 4.435 4.471 4.507 4.541 4.575 4.607 4.639 4.670 4.700 4.729 4.758 4.786 4.813 4.840 4.866 4.893 4.919 4.945 4.971 4.997 5.022 5.048 5.073 5.098 5.123 5.147 5.172 5.197 5.221 5.245 5.269 5.292 5.315 5.337 5.359 5.379 5.399 5.419 5.439 5.458 5.476 5.493 5.510 5.526 5.542 5.557 5.571 5.585 5.598 5.611 5.624 5.636 5.648 5.660 5.672 5.683
2.745 2.995 3.200 3.364 3.494 3.599 3.687 3.764 3.833 3.896 3.955 4.011 4.064 4.115 4.163 4.210 4.255 4.298 4.339 4.379 4.418 4.455 4.491 4.526 4.560 4.594 4.626 4.657 4.688 4.718 4.747 4.775 4.803 4.829 4.856 4.882 4.908 4.934 4.960 4.985 5.010 5.035 5.060 5.084 5.109 5.133 5.158 5.182 5.206 5.230 5.254 5.278 5.301 5.324 5.346 5.368 5.389 5.409 5.430 5.449 5.469 5.488 5.506 5.523 5.540 5.556 5.571 5.586 5.600 5.614 5.627 5.640 5.652 5.664 5.676 5.687 5.699
2.863 3.093 3.280 3.427 3.544 3.641 3.724 3.797 3.864 3.925 3.982 4.037 4.089 4.139 4.187 4.233 4.277 4.319 4.360 4.400 4.438 4.475 4.511 4.546 4.579 4.612 4.644 4.675 4.706 4.735 4.764 4.792 4.819 4.845 4.872 4.898 4.923 4.949 4.974 4.999 5.023 5.048 5.072 5.096 5.120 5.144 5.168 5.192 5.216 5.239 5.263 5.286 5.309 5.332 5.355 5.377 5.397 5.418 5.439 5.459 5.479 5.498 5.517 5.535 5.552 5.569 5.585 5.600 5.615 5.629 5.642 5.655 5.668 5.680 5.692 5.703 5.714
2.973 3.183 3.351 3.483 3.591 3.681 3.759 3.829 3.893 3.952 4.008 4.062 4.114 4.163 4.210 4.255 4.299 4.341 4.381 4.420 4.458 4.495 4.530 4.565 4.598 4.631 4.662 4.693 4.723 4.753 4.781 4.809 4.836 4.861 4.888 4.913 4.939 4.964 4.989 5.013 5.037 5.061 5.085 5.109 5.132 5.156 5.179 5.202 5.226 5.249 5.272 5.295 5.318 5.341 5.363 5.385 5.405 5.426 5.447 5.468 5.488 5.507 5.527 5.545 5.563 5.580 5.597 5.613 5.628 5.643 5.657 5.670 5.683 5.695 5.707 5.719 5.730
3.074 3.264 3.415 3.535 3.634 3.718 3.792 3.859 3.922 3.980 4.034 4.087 4.138 4.186 4.232 4.277 4.320 4.361 4.402 4.440 4.478 4.514 4.549 4.584 4.617 4.649 4.680 4.711 4.741 4.770 4.798 4.826 4.852 4.878 4.904 4.929 4.954 4.979 5.003 5.027 5.051 5.075 5.098 5.121 5.144 5.167 5.190 5.213 5.236 5.258 5.281 5.304 5.326 5.349 5.371 5.392 5.413 5.434 5.455 5.475 5.496 5.516 5.535 5.554 5.573 5.590 5.607 5.624 5.640 5.655 5.670 5.684 5.697 5.710 5.722 5.734 5.746
3.165 3.337 3.473 3.582 3.673 3.753 3.824 3.889 3.950 4.006 4.059 4.111 4.161 4.209 4.254 4.298 4.341 4.382 4.422 4.460 4.497 4.533 4.568 4.602 4.635 4.667 4.698 4.729 4.758 4.787 4.815 4.843 4.869 4.894 4.920 4.945 4.970 4.994 5.018 5.042 5.065 5.088 5.111 5.134 5.157 5.179 5.202 5.224 5.246 5.268 5.290 5.313 5.335 5.357 5.379 5.399 5.420 5.441 5.462 5.483 5.503 5.523 5.543 5.562 5.581 5.599 5.617 5.634 5.651 5.666 5.682 5.696 5.710 5.724 5.737 5.749 5.761
3.248 3.402 3.525 3.625 3.711 3.786 3.854 3.917 3.977 4.032 4.084 4.135 4.184 4.231 4.276 4.320 4.362 4.402 4.441 4.479 4.516 4.552 4.587 4.620 4.653 4.685 4.716 4.746 4.775 4.804 4.832 4.860 4.885 4.910 4.936 4.961 4.985 5.010 5.033 5.057 5.080 5.102 5.125 5.147 5.169 5.191 5.213 5.235 5.257 5.278 5.300 5.322 5.343 5.365 5.386 5.407 5.427 5.448 5.468 5.489 5.510 5.530 5.550 5.569 5.588 5.607 5.625 5.643 5.660 5.676 5.692 5.708 5.722 5.736 5.750 5.763 5.775
3.322 3.461 3.573 3.666 3.746 3.818 3.884 3.945 4.003 4.057 4.108 4.158 4.207 4.253 4.297 4.340 4.382 4.422 4.461 4.499 4.535 4.571 4.605 4.638 4.671 4.702 4.733 4.763 4.792 4.821 4.849 4.876 4.902 4.927 4.952 4.977 5.001 5.025 5.048 5.071 5.094 5.117 5.139 5.161 5.183 5.204 5.225 5.247 5.268 5.289 5.310 5.331 5.352 5.373 5.394 5.414 5.434 5.455 5.475 5.496 5.516 5.536 5.556 5.575 5.595 5.614 5.632 5.650 5.668 5.685 5.701 5.717 5.733 5.747 5.762 5.775 5.788
3.389 3.515 3.617 3.704 3.780 3.849 3.912 3.972 4.028 4.081 4.132 4.181 4.229 4.274 4.318 4.361 4.402 4.441 4.480 4.517 4.554 4.589 4.623 4.656 4.688 4.720 4.750 4.780 4.809 4.837 4.865 4.892 4.918 4.943 4.968 4.992 5.016 5.040 5.063 5.086 5.109 5.131 5.153 5.175 5.196 5.217 5.238 5.259 5.280 5.300 5.321 5.341 5.362 5.382 5.403 5.422 5.442 5.462 5.482 5.502 5.522 5.542 5.562 5.581 5.600 5.619 5.638 5.657 5.674 5.692 5.709 5.726 5.742 5.757 5.772 5.786 5.800
3.449 3.564 3.658 3.739 3.812 3.878 3.940 3.998 4.054 4.105 4.155 4.204 4.250 4.295 4.339 4.381 4.421 4.461 4.499 4.536 4.572 4.607 4.640 4.673 4.705 4.737 4.767 4.797 4.825 4.854 4.881 4.908 4.934 4.958 4.983 5.008 5.032 5.055 5.079 5.101 5.124 5.146 5.167 5.188 5.210 5.230 5.251 5.271 5.292 5.312 5.332 5.352 5.372 5.392 5.412 5.431 5.450 5.469 5.489 5.508 5.528 5.548 5.567 5.587 5.606 5.625 5.644 5.662 5.680 5.698 5.715 5.732 5.749 5.765 5.780 5.795 5.810
3.504 3.609 3.697 3.773 3.843 3.907 3.967 4.024 4.078 4.129 4.178 4.226 4.272 4.316 4.359 4.400 4.441 4.479 4.517 4.554 4.589 4.624 4.658 4.690 4.722 4.753 4.783 4.813 4.842 4.870 4.897 4.924 4.949 4.974 4.999 5.023 5.047 5.071 5.094 5.116 5.138 5.160 5.181 5.203 5.223 5.244 5.264 5.284 5.304 5.324 5.343 5.363 5.382 5.402 5.421 5.440 5.458 5.477 5.496 5.515 5.534 5.554 5.573 5.592 5.611 5.630 5.648 5.667 5.685 5.703 5.721 5.738 5.755 5.772 5.788 5.803 5.818
3.554 3.650 3.733 3.806 3.873 3.935 3.993 4.049 4.102 4.152 4.200 4.247 4.293 4.336 4.379 4.420 4.459 4.498 4.535 4.572 4.607 4.641 4.675 4.707 4.739 4.770 4.800 4.829 4.857 4.885 4.913 4.940 4.965 4.989 5.014 5.038 5.062 5.085 5.108 5.131 5.153 5.174 5.196 5.217 5.237 5.258 5.278 5.297 5.317 5.336 5.356 5.375 5.394 5.413 5.432 5.450 5.467 5.485 5.504 5.523 5.541 5.560 5.579 5.597 5.616 5.635 5.653 5.672 5.690 5.708 5.726 5.743 5.760 5.777 5.794 5.810 5.825
3.600 3.689 3.767 3.837 3.902 3.962 4.019 4.074 4.126 4.175 4.222 4.269 4.313 4.357 4.398 4.439 4.478 4.516 4.553 4.589 4.624 4.658 4.691 4.724 4.755 4.786 4.816 4.845 4.873 4.901 4.928 4.955 4.980 5.004 5.029 5.053 5.077 5.100 5.123 5.145 5.167 5.189 5.210 5.231 5.251 5.271 5.291 5.311 5.330 5.349 5.368 5.387 5.405 5.424 5.442 5.460 5.477 5.495 5.513 5.531 5.549 5.567 5.585 5.603 5.622 5.640 5.658 5.676 5.694 5.712 5.730 5.748 5.765 5.782 5.799 5.815 5.831
3.643 3.726 3.800 3.868 3.930 3.989 4.045 4.098 4.149 4.197 4.244 4.290 4.334 4.376 4.418 4.458 4.497 4.534 4.571 4.607 4.641 4.675 4.708 4.740 4.771 4.802 4.831 4.860 4.888 4.916 4.943 4.969 4.994 5.019 5.043 5.068 5.091 5.114 5.137 5.160 5.181 5.203 5.224 5.245 5.265 5.285 5.305 5.324 5.344 5.362 5.381 5.399 5.418 5.436 5.454 5.471 5.487 5.505 5.522 5.540 5.557 5.575 5.592 5.610 5.628 5.645 5.663 5.681 5.699 5.716 5.734 5.752 5.769 5.786 5.803 5.820 5.836
3.683 3.761 3.832 3.897 3.958 4.015 4.070 4.122 4.172 4.219 4.265 4.310 4.354 4.396 4.437 4.476 4.515 4.552 4.589 4.624 4.658 4.692 4.724 4.756 4.787 4.817 4.847 4.875 4.903 4.931 4.958 4.984 5.009 5.033 5.058 5.082 5.105 5.129 5.151 5.174 5.195 5.217 5.238 5.259 5.279 5.299 5.319 5.338 5.357 5.376 5.394 5.412 5.430 5.448 5.466 5.482 5.498 5.515 5.532 5.549 5.566 5.583 5.600 5.617 5.634 5.652 5.669 5.686 5.703 5.721 5.738 5.755 5.773 5.790 5.807 5.824 5.841
3.720 3.795 3.863 3.926 3.985 4.041 4.094 4.146 4.195 4.241 4.287 4.331 4.374 4.416 4.456 4.495 4.533 4.570 4.606 4.641 4.675 4.708 4.740 4.772 4.803 4.833 4.862 4.890 4.918 4.946 4.972 4.998 5.023 5.047 5.072 5.096 5.119 5.142 5.165 5.187 5.209 5.230 5.251 5.272 5.292 5.312 5.332 5.351 5.370 5.389 5.407 5.425 5.443 5.461 5.478 5.494 5.510 5.527 5.543 5.560 5.576 5.592 5.609 5.625 5.642 5.658 5.675 5.692 5.709 5.726 5.743 5.760 5.777 5.794 5.811 5.828 5.844
3.756 3.828 3.893 3.954 4.012 4.066 4.119 4.169 4.217 4.263 4.308 4.352 4.394 4.435 4.475 4.514 4.551 4.588 4.623 4.658 4.692 4.725 4.757 4.788 4.818 4.848 4.877 4.905 4.933 4.960 4.987 5.013 5.037 5.061 5.085 5.109 5.133 5.156 5.178 5.201 5.222 5.244 5.265 5.285 5.306 5.326 5.345 5.364 5.383 5.402 5.420 5.438 5.456 5.473 5.491 5.507 5.522 5.538 5.554 5.571 5.587 5.602 5.618 5.634 5.650 5.666 5.682 5.698 5.715 5.731 5.748 5.764 5.781 5.798 5.814 5.831 5.848
3.791 3.859 3.922 3.982 4.038 4.092 4.143 4.193 4.239 4.284 4.329 4.372 4.414 4.454 4.494 4.532 4.569 4.605 4.641 4.675 4.708 4.741 4.773 4.804 4.834 4.863 4.892 4.920 4.948 4.975 5.001 5.027 5.051 5.075 5.099 5.123 5.146 5.169 5.191 5.214 5.235 5.257 5.278 5.298 5.319 5.338 5.358 5.377 5.396 5.415 5.433 5.451 5.469 5.486 5.503 5.519 5.535 5.550 5.566 5.582 5.598 5.613 5.629 5.644 5.659 5.675 5.690 5.706 5.722 5.737 5.753 5.769 5.786 5.802 5.819 5.835 5.852
3.824 3.890 3.951 4.009 4.064 4.117 4.167 4.216 4.261 4.306 4.350 4.392 4.434 4.474 4.513 4.550 4.587 4.623 4.658 4.692 4.725 4.757 4.789 4.819 4.849 4.879 4.907 4.935 4.962 4.989 5.015 5.041 5.065 5.088 5.112 5.136 5.159 5.182 5.204 5.226 5.248 5.269 5.290 5.311 5.331 5.351 5.371 5.390 5.409 5.428 5.446 5.464 5.482 5.499 5.516 5.532 5.547 5.563 5.579 5.594 5.609 5.625 5.640 5.655 5.669 5.684 5.699 5.714 5.729 5.745 5.760 5.776 5.791 5.807 5.823 5.839 5.856
3.856 3.919 3.979 4.036 4.089 4.141 4.191 4.238 4.284 4.327 4.371 4.413 4.453 4.493 4.531 4.569 4.605 4.641 4.675 4.709 4.742 4.774 4.805 4.835 4.865 4.894 4.922 4.950 4.977 5.004 5.029 5.055 5.078 5.102 5.126 5.149 5.172 5.195 5.217 5.239 5.260 5.282 5.303 5.323 5.343 5.363 5.383 5.402 5.421 5.440 5.458 5.476 5.494 5.512 5.529 5.544 5.559 5.575 5.591 5.606 5.622 5.636 5.651 5.666 5.680 5.695 5.709 5.724 5.738 5.753 5.768 5.783 5.798 5.813 5.829 5.844 5.860
