version1/TsunamiDB/out54200.asc
ncols          264
nrows          230
xllcorner      497853.4375
yllcorner      4229146.0000
cellsize         5.
NODATA_value   -99
[rows 170 to 203 of 230, columns 154 to 230 of 264]
7.137 7.140 7.142 7.144 7.145 7.147 7.148 7.148 7.149 7.148 7.146 7.142 7.136 7.132 7.127 7.121 7.117 7.116 7.119 7.127 7.140 7.158 7.178 7.191 7.208 7.239 7.272 7.308 7.343 7.379 7.413 7.445 7.474 7.491 7.509 7.536 7.563 7.588 7.610 7.630 7.648 7.664 7.678 7.686 7.694 7.707 7.719 7.731 7.742 7.753 7.763 7.773 7.783 7.788 7.794 7.804 7.815 7.825 7.835 7.844 7.853 7.861 7.869 7.874 7.879 7.887 7.894 7.902 7.909 7.916 7.923 7.929 7.936 7.940 7.944 7.950 7.956
7.137 7.140 7.142 7.144 7.145 7.147 7.148 7.148 7.149 7.149 7.147 7.143 7.137 7.132 7.127 7.122 7.119 7.119 7.122 7.130 7.144 7.163 7.185 7.199 7.217 7.249 7.285 7.321 7.357 7.393 7.428 7.459 7.486 7.502 7.519 7.545 7.571 7.594 7.615 7.634 7.652 7.667 7.681 7.689 7.697 7.709 7.721 7.732 7.743 7.753 7.763 7.773 7.782 7.788 7.793 7.803 7.814 7.824 7.833 7.842 7.851 7.858 7.866 7.871 7.875 7.883 7.890 7.897 7.904 7.911 7.917 7.924 7.931 7.935 7.939 7.946 7.952
7.137 7.139 7.142 7.144 7.145 7.147 7.148 7.149 7.149 7.149 7.148 7.143 7.138 7.133 7.129 7.123 7.121 7.121 7.125 7.134 7.148 7.168 7.192 7.207 7.226 7.261 7.297 7.335 7.371 7.407 7.441 7.471 7.498 7.513 7.529 7.554 7.577 7.600 7.620 7.638 7.655 7.670 7.683 7.691 7.699 7.711 7.722 7.733 7.744 7.753 7.763 7.772 7.782 7.787 7.793 7.803 7.813 7.823 7.832 7.840 7.848 7.856 7.863 7.867 7.872 7.879 7.886 7.893 7.899 7.906 7.912 7.919 7.926 7.931 7.935 7.942 7.949
7.136 7.139 7.141 7.144 7.145 7.147 7.148 7.149 7.150 7.150 7.148 7.144 7.139 7.135 7.130 7.126 7.123 7.124 7.129 7.137 7.153 7.174 7.200 7.216 7.236 7.272 7.310 7.348 7.384 7.420 7.453 7.482 7.507 7.522 7.537 7.560 7.583 7.605 7.624 7.642 7.658 7.673 7.686 7.694 7.701 7.713 7.724 7.734 7.744 7.753 7.763 7.772 7.782 7.787 7.792 7.802 7.812 7.822 7.830 7.839 7.846 7.854 7.860 7.864 7.869 7.875 7.882 7.888 7.895 7.901 7.908 7.915 7.922 7.926 7.931 7.938 7.945
7.136 7.139 7.141 7.144 7.146 7.147 7.149 7.150 7.151 7.151 7.150 7.146 7.140 7.137 7.133 7.128 7.126 7.128 7.132 7.141 7.157 7.180 7.207 7.225 7.246 7.283 7.321 7.359 7.396 7.431 7.464 7.493 7.517 7.530 7.545 7.567 7.589 7.609 7.628 7.645 7.662 7.676 7.689 7.696 7.703 7.714 7.725 7.736 7.745 7.754 7.763 7.772 7.782 7.787 7.793 7.802 7.812 7.821 7.829 7.837 7.845 7.851 7.858 7.862 7.866 7.872 7.878 7.885 7.891 7.897 7.904 7.910 7.918 7.923 7.927 7.935 7.942
7.136 7.139 7.141 7.144 7.146 7.148 7.150 7.151 7.152 7.153 7.151 7.148 7.142 7.139 7.135 7.131 7.129 7.131 7.136 7.145 7.162 7.185 7.216 7.235 7.257 7.295 7.333 7.371 7.408 7.443 7.476 7.503 7.526 7.538 7.552 7.573 7.594 7.614 7.632 7.650 7.666 7.680 7.692 7.699 7.706 7.717 7.727 7.737 7.747 7.756 7.764 7.773 7.783 7.788 7.794 7.803 7.812 7.821 7.829 7.836 7.843 7.850 7.856 7.859 7.863 7.869 7.875 7.881 7.887 7.893 7.900 7.906 7.914 7.919 7.924 7.932 7.939
7.135 7.139 7.142 7.144 7.146 7.149 7.150 7.152 7.153 7.154 7.153 7.149 7.144 7.141 7.137 7.133 7.132 7.134 7.140 7.150 7.167 7.195 7.229 7.247 7.269 7.308 7.346 7.384 7.420 7.455 7.487 7.512 7.533 7.546 7.558 7.579 7.600 7.619 7.637 7.654 7.670 7.683 7.695 7.702 7.708 7.719 7.730 7.739 7.749 7.757 7.765 7.775 7.785 7.790 7.795 7.804 7.813 7.821 7.828 7.836 7.842 7.848 7.853 7.857 7.860 7.866 7.872 7.878 7.884 7.890 7.896 7.903 7.911 7.916 7.921 7.929 7.936
7.135 7.139 7.142 7.145 7.147 7.149 7.151 7.153 7.155 7.156 7.155 7.151 7.146 7.144 7.140 7.137 7.136 7.139 7.145 7.157 7.177 7.208 7.240 7.259 7.281 7.320 7.358 7.396 7.431 7.465 7.495 7.520 7.540 7.553 7.565 7.585 7.605 7.624 7.642 7.658 7.674 7.686 7.698 7.705 7.711 7.722 7.732 7.742 7.751 7.760 7.768 7.778 7.787 7.792 7.797 7.805 7.813 7.821 7.828 7.835 7.841 7.847 7.851 7.854 7.858 7.863 7.869 7.875 7.881 7.887 7.893 7.901 7.909 7.914 7.919 7.926 7.934
7.135 7.139 7.142 7.145 7.148 7.150 7.153 7.155 7.157 7.158 7.157 7.154 7.150 7.147 7.144 7.141 7.141 7.145 7.152 7.167 7.190 7.220 7.251 7.270 7.293 7.331 7.369 7.406 7.441 7.474 7.502 7.527 7.548 7.559 7.571 7.591 7.611 7.629 7.647 7.663 7.677 7.690 7.702 7.708 7.714 7.725 7.735 7.745 7.754 7.763 7.772 7.781 7.790 7.794 7.798 7.807 7.814 7.821 7.828 7.834 7.840 7.845 7.850 7.853 7.856 7.861 7.867 7.872 7.878 7.885 7.891 7.899 7.906 7.911 7.916 7.924 7.932
7.136 7.139 7.143 7.146 7.149 7.152 7.154 7.157 7.159 7.160 7.160 7.157 7.153 7.151 7.148 7.146 7.147 7.152 7.161 7.177 7.201 7.231 7.262 7.280 7.304 7.341 7.379 7.416 7.450 7.481 7.509 7.533 7.554 7.566 7.577 7.597 7.617 7.635 7.652 7.667 7.681 7.694 7.705 7.712 7.718 7.728 7.739 7.749 7.758 7.767 7.775 7.784 7.792 7.796 7.800 7.808 7.815 7.822 7.828 7.834 7.839 7.844 7.848 7.851 7.854 7.859 7.865 7.870 7.876 7.883 7.890 7.897 7.904 7.909 7.914 7.922 7.929
7.136 7.140 7.143 7.147 7.150 7.153 7.156 7.158 7.161 7.163 7.163 7.161 7.157 7.155 7.154 7.152 7.154 7.160 7.171 7.188 7.212 7.241 7.271 7.290 7.314 7.351 7.388 7.425 7.458 7.488 7.516 7.540 7.561 7.573 7.584 7.604 7.623 7.641 7.657 7.672 7.686 7.698 7.710 7.716 7.722 7.732 7.743 7.753 7.762 7.771 7.779 7.787 7.795 7.799 7.803 7.810 7.816 7.822 7.828 7.833 7.838 7.843 7.847 7.850 7.852 7.858 7.863 7.869 7.875 7.881 7.888 7.895 7.903 7.907 7.912 7.920 7.927
7.136 7.140 7.144 7.148 7.151 7.154 7.158 7.161 7.163 7.166 7.166 7.165 7.161 7.160 7.160 7.159 7.162 7.169 7.181 7.198 7.222 7.250 7.281 7.300 7.323 7.360 7.397 7.433 7.466 7.496 7.523 7.547 7.568 7.580 7.591 7.610 7.629 7.647 7.662 7.677 7.691 7.703 7.714 7.720 7.726 7.737 7.747 7.757 7.766 7.775 7.783 7.791 7.798 7.802 7.805 7.811 7.817 7.823 7.828 7.833 7.837 7.842 7.846 7.849 7.851 7.857 7.862 7.868 7.874 7.880 7.887 7.894 7.901 7.906 7.911 7.918 7.925
7.137 7.141 7.145 7.149 7.152 7.156 7.159 7.163 7.166 7.169 7.170 7.168 7.166 7.166 7.166 7.166 7.170 7.178 7.190 7.207 7.230 7.259 7.290 7.309 7.332 7.369 7.406 7.442 7.474 7.503 7.530 7.554 7.576 7.586 7.597 7.617 7.636 7.653 7.668 7.683 7.696 7.708 7.720 7.725 7.731 7.742 7.752 7.762 7.771 7.780 7.788 7.795 7.801 7.804 7.807 7.813 7.818 7.824 7.828 7.833 7.837 7.841 7.846 7.848 7.851 7.856 7.861 7.867 7.873 7.879 7.886 7.893 7.900 7.904 7.909 7.917 7.924
7.137 7.142 7.146 7.150 7.154 7.158 7.161 7.165 7.169 7.172 7.174 7.172 7.170 7.171 7.172 7.173 7.178 7.186 7.199 7.216 7.239 7.268 7.299 7.319 7.342 7.379 7.415 7.450 7.481 7.511 7.538 7.561 7.583 7.594 7.604 7.624 7.642 7.659 7.674 7.688 7.701 7.713 7.725 7.731 7.736 7.747 7.757 7.767 7.775 7.784 7.791 7.798 7.804 7.807 7.809 7.814 7.819 7.824 7.829 7.833 7.837 7.841 7.845 7.848 7.850 7.855 7.861 7.867 7.873 7.879 7.885 7.892 7.899 7.903 7.908 7.915 7.922
7.138 7.142 7.147 7.151 7.155 7.159 7.163 7.168 7.172 7.175 7.177 7.177 7.175 7.176 7.178 7.180 7.186 7.195 7.207 7.225 7.248 7.276 7.308 7.328 7.352 7.388 7.424 7.458 7.489 7.518 7.545 7.569 7.590 7.601 7.611 7.630 7.648 7.665 7.680 7.694 7.707 7.719 7.730 7.736 7.741 7.752 7.762 7.771 7.780 7.788 7.795 7.802 7.807 7.809 7.811 7.816 7.821 7.825 7.829 7.833 7.837 7.841 7.845 7.848 7.850 7.855 7.861 7.866 7.872 7.878 7.885 7.891 7.898 7.902 7.907 7.914 7.921
7.139 7.143 7.148 7.152 7.157 7.161 7.165 7.170 7.175 7.178 7.181 7.181 7.180 7.182 7.184 7.187 7.193 7.203 7.215 7.232 7.255 7.284 7.317 7.338 7.361 7.398 7.433 7.467 7.497 7.526 7.553 7.576 7.598 7.608 7.618 7.637 7.655 7.672 7.686 7.700 7.713 7.725 7.737 7.742 7.747 7.758 7.768 7.777 7.785 7.793 7.800 7.806 7.810 7.812 7.814 7.818 7.822 7.826 7.830 7.834 7.838 7.842 7.846 7.848 7.851 7.856 7.861 7.866 7.872 7.878 7.884 7.890 7.897 7.902 7.906 7.913 7.920
7.139 7.144 7.149 7.153 7.158 7.163 7.167 7.172 7.177 7.181 7.184 7.184 7.183 7.186 7.190 7.193 7.200 7.210 7.223 7.240 7.263 7.294 7.329 7.349 7.372 7.408 7.443 7.476 7.506 7.535 7.561 7.584 7.605 7.615 7.625 7.644 7.662 7.678 7.693 7.707 7.719 7.732 7.744 7.749 7.754 7.764 7.773 7.782 7.790 7.797 7.804 7.809 7.813 7.814 7.816 7.820 7.824 7.827 7.831 7.835 7.838 7.842 7.847 7.849 7.851 7.856 7.861 7.867 7.872 7.878 7.884 7.890 7.897 7.901 7.905 7.912 7.919
7.140 7.145 7.150 7.154 7.159 7.164 7.169 7.174 7.179 7.184 7.186 7.186 7.187 7.191 7.195 7.200 7.207 7.218 7.232 7.250 7.274 7.306 7.340 7.360 7.383 7.418 7.453 7.485 7.515 7.543 7.569 7.592 7.613 7.623 7.633 7.652 7.669 7.686 7.700 7.714 7.727 7.739 7.751 7.756 7.760 7.770 7.779 7.787 7.795 7.801 7.807 7.812 7.815 7.817 7.818 7.822 7.825 7.829 7.832 7.836 7.839 7.843 7.847 7.849 7.852 7.856 7.862 7.867 7.872 7.878 7.884 7.890 7.896 7.900 7.904 7.911 7.917
7.141 7.146 7.150 7.155 7.160 7.165 7.171 7.176 7.181 7.185 7.187 7.189 7.190 7.195 7.201 7.206 7.215 7.227 7.241 7.260 7.286 7.318 7.350 7.370 7.393 7.428 7.463 7.495 7.524 7.552 7.578 7.600 7.621 7.631 7.640 7.659 7.677 7.694 7.708 7.722 7.735 7.747 7.758 7.762 7.767 7.776 7.785 7.792 7.799 7.805 7.810 7.814 7.818 7.819 7.820 7.824 7.827 7.830 7.834 7.837 7.840 7.844 7.848 7.850 7.852 7.857 7.862 7.867 7.872 7.878 7.883 7.889 7.895 7.899 7.903 7.909 7.915
7.141 7.146 7.151 7.156 7.161 7.166 7.172 7.177 7.182 7.186 7.188 7.191 7.194 7.200 7.206 7.213 7.223 7.236 7.251 7.272 7.298 7.328 7.361 7.381 7.404 7.439 7.473 7.505 7.534 7.562 7.586 7.609 7.630 7.639 7.648 7.667 7.685 7.702 7.716 7.730 7.743 7.754 7.765 7.769 7.773 7.782 7.790 7.797 7.803 7.809 7.813 7.817 7.820 7.821 7.822 7.825 7.828 7.832 7.835 7.838 7.841 7.845 7.848 7.850 7.852 7.856 7.861 7.866 7.871 7.877 7.882 7.887 7.893 7.896 7.900 7.906 7.911
7.142 7.147 7.152 7.157 7.162 7.167 7.172 7.178 7.182 7.186 7.189 7.193 7.197 7.204 7.212 7.221 7.232 7.246 7.262 7.283 7.309 7.339 7.371 7.392 7.415 7.450 7.484 7.516 7.545 7.571 7.596 7.618 7.638 7.648 7.657 7.676 7.694 7.710 7.725 7.738 7.751 7.762 7.772 7.775 7.779 7.787 7.794 7.801 7.806 7.811 7.815 7.819 7.822 7.823 7.823 7.826 7.829 7.832 7.835 7.838 7.841 7.844 7.848 7.849 7.851 7.855 7.860 7.865 7.869 7.874 7.879 7.884 7.889 7.893 7.896 7.901 7.906
7.143 7.148 7.152 7.157 7.162 7.167 7.172 7.177 7.182 7.186 7.190 7.194 7.200 7.209 7.218 7.228 7.240 7.256 7.273 7.293 7.319 7.348 7.382 7.403 7.427 7.462 7.497 7.528 7.556 7.582 7.605 7.627 7.648 7.657 7.666 7.684 7.703 7.719 7.733 7.747 7.758 7.769 7.778 7.781 7.784 7.792 7.798 7.804 7.809 7.813 7.817 7.820 7.823 7.823 7.824 7.827 7.829 7.832 7.835 7.837 7.840 7.843 7.846 7.847 7.849 7.853 7.857 7.862 7.866 7.871 7.876 7.880 7.885 7.887 7.890 7.895 7.900
7.143 7.148 7.153 7.157 7.162 7.166 7.171 7.176 7.181 7.185 7.190 7.196 7.204 7.213 7.224 7.235 7.249 7.265 7.283 7.303 7.328 7.359 7.393 7.416 7.439 7.476 7.510 7.541 7.568 7.592 7.614 7.636 7.657 7.666 7.674 7.693 7.711 7.727 7.741 7.754 7.765 7.775 7.783 7.786 7.788 7.795 7.801 7.806 7.810 7.814 7.817 7.820 7.823 7.823 7.823 7.826 7.828 7.831 7.833 7.835 7.837 7.840 7.843 7.844 7.845 7.849 7.853 7.857 7.862 7.866 7.870 7.874 7.878 7.880 7.883 7.887 7.892
7.143 7.148 7.152 7.157 7.161 7.165 7.169 7.174 7.179 7.184 7.191 7.198 7.206 7.217 7.228 7.241 7.257 7.274 7.292 7.312 7.338 7.370 7.406 7.430 7.453 7.490 7.524 7.553 7.579 7.602 7.623 7.644 7.665 7.674 7.683 7.702 7.719 7.734 7.748 7.760 7.771 7.779 7.787 7.789 7.791 7.796 7.802 7.806 7.810 7.813 7.816 7.818 7.821 7.821 7.821 7.823 7.825 7.827 7.829 7.831 7.833 7.836 7.839 7.839 7.840 7.844 7.848 7.852 7.855 7.859 7.863 7.867 7.870 7.872 7.874 7.878 7.882
7.143 7.148 7.152 7.156 7.160 7.163 7.167 7.172 7.177 7.183 7.190 7.199 7.209 7.220 7.232 7.247 7.264 7.282 7.301 7.323 7.348 7.381 7.419 7.444 7.468 7.505 7.538 7.566 7.590 7.612 7.633 7.653 7.673 7.682 7.691 7.709 7.726 7.741 7.753 7.765 7.775 7.783 7.789 7.790 7.792 7.796 7.801 7.805 7.808 7.811 7.813 7.815 7.817 7.817 7.817 7.819 7.821 7.823 7.824 7.826 7.828 7.830 7.833 7.833 7.834 7.837 7.841 7.844 7.848 7.851 7.855 7.858 7.861 7.863 7.865 7.868 7.872
7.143 7.147 7.150 7.154 7.158 7.161 7.164 7.169 7.174 7.181 7.190 7.200 7.210 7.223 7.236 7.252 7.271 7.290 7.311 7.334 7.359 7.392 7.435 7.461 7.485 7.521 7.553 7.579 7.602 7.622 7.641 7.660 7.682 7.690 7.698 7.716 7.732 7.746 7.758 7.768 7.778 7.785 7.790 7.790 7.791 7.795 7.799 7.802 7.805 7.807 7.809 7.811 7.813 7.812 7.812 7.813 7.815 7.817 7.818 7.820 7.821 7.823 7.826 7.826 7.827 7.830 7.833 7.836 7.840 7.843 7.846 7.849 7.852 7.853 7.855 7.858 7.862
7.142 7.146 7.148 7.152 7.155 7.158 7.161 7.166 7.172 7.180 7.189 7.199 7.211 7.225 7.238 7.256 7.277 7.299 7.321 7.346 7.371 7.411 7.457 7.481 7.503 7.537 7.566 7.591 7.612 7.631 7.648 7.669 7.690 7.697 7.705 7.722 7.737 7.749 7.760 7.770 7.779 7.785 7.789 7.788 7.788 7.792 7.795 7.798 7.800 7.802 7.804 7.805 7.807 7.806 7.805 7.807 7.809 7.810 7.811 7.813 7.814 7.816 7.819 7.819 7.820 7.823 7.826 7.829 7.832 7.835 7.838 7.841 7.843 7.844 7.846 7.849 7.852
7.140 7.144 7.146 7.149 7.152 7.155 7.158 7.163 7.169 7.177 7.187 7.199 7.213 7.227 7.241 7.262 7.285 7.309 7.334 7.361 7.393 7.435 7.477 7.499 7.520 7.552 7.579 7.602 7.622 7.640 7.657 7.677 7.697 7.703 7.710 7.725 7.739 7.751 7.761 7.770 7.777 7.782 7.786 7.785 7.785 7.787 7.790 7.792 7.794 7.796 7.797 7.799 7.800 7.799 7.799 7.800 7.802 7.803 7.805 7.806 7.808 7.810 7.813 7.813 7.813 7.816 7.819 7.822 7.825 7.828 7.831 7.833 7.835 7.837 7.838 7.841 7.845
7.138 7.141 7.144 7.147 7.150 7.152 7.155 7.160 7.166 7.174 7.185 7.198 7.214 7.230 7.245 7.268 7.294 7.322 7.350 7.382 7.417 7.457 7.495 7.516 7.536 7.564 7.590 7.612 7.630 7.648 7.666 7.684 7.701 7.707 7.713 7.727 7.740 7.751 7.761 7.768 7.774 7.779 7.782 7.781 7.780 7.783 7.785 7.787 7.788 7.790 7.791 7.792 7.794 7.793 7.792 7.794 7.796 7.797 7.799 7.801 7.803 7.805 7.808 7.808 7.808 7.811 7.814 7.817 7.819 7.822 7.825 7.827 7.830 7.831 7.833 7.836 7.839
7.135 7.139 7.141 7.144 7.146 7.148 7.152 7.157 7.163 7.171 7.182 7.197 7.216 7.233 7.249 7.276 7.305 7.336 7.369 7.404 7.440 7.477 7.512 7.531 7.549 7.576 7.600 7.620 7.638 7.655 7.672 7.689 7.704 7.709 7.714 7.728 7.740 7.750 7.758 7.765 7.771 7.775 7.778 7.777 7.775 7.778 7.780 7.782 7.783 7.784 7.786 7.787 7.788 7.788 7.787 7.789 7.791 7.793 7.795 7.797 7.800 7.802 7.805 7.805 7.805 7.808 7.811 7.814 7.816 7.819 7.822 7.824 7.827 7.828 7.830 7.833 7.837
7.132 7.135 7.137 7.140 7.143 7.145 7.148 7.153 7.159 7.167 7.179 7.197 7.219 7.237 7.255 7.285 7.318 7.353 7.388 7.425 7.461 7.496 7.527 7.545 7.562 7.586 7.608 7.628 7.645 7.661 7.677 7.692 7.706 7.710 7.715 7.727 7.739 7.748 7.756 7.762 7.767 7.771 7.774 7.773 7.772 7.774 7.776 7.778 7.779 7.780 7.782 7.783 7.785 7.784 7.784 7.786 7.789 7.791 7.794 7.796 7.799 7.801 7.804 7.804 7.805 7.807 7.810 7.813 7.816 7.818 7.821 7.823 7.826 7.827 7.829 7.832 7.836
7.128 7.132 7.133 7.136 7.139 7.141 7.144 7.148 7.154 7.163 7.177 7.197 7.223 7.242 7.262 7.296 7.333 7.370 7.408 7.445 7.481 7.513 7.542 7.558 7.573 7.595 7.616 7.634 7.651 7.666 7.681 7.695 7.707 7.711 7.716 7.727 7.737 7.746 7.754 7.760 7.765 7.768 7.771 7.770 7.769 7.772 7.774 7.775 7.777 7.778 7.780 7.781 7.784 7.783 7.783 7.786 7.789 7.792 7.795 7.798 7.800 7.803 7.806 7.806 7.806 7.809 7.812 7.814 7.817 7.819 7.822 7.824 7.826 7.828 7.830 7.833 7.836
7.124 7.127 7.129 7.131 7.134 7.135 7.139 7.143 7.149 7.158 7.174 7.198 7.228 7.249 7.271 7.310 7.349 7.388 7.427 7.464 7.499 7.530 7.556 7.570 7.584 7.604 7.623 7.641 7.656 7.671 7.685 7.697 7.709 7.713 7.717 7.728 7.737 7.746 7.753 7.759 7.764 7.768 7.771 7.770 7.769 7.771 7.774 7.775 7.777 7.778 7.780 7.782 7.785 7.785 7.785 7.788 7.792 7.795 7.798 7.801 7.804 7.807 7.809 7.809 7.810 7.812 7.814 7.817 7.819 7.821 7.823 7.826 7.828 7.829 7.831 7.834 7.837
7.119 7.122 7.123 7.126 7.128 7.130 7.133 7.138 7.145 7.155 7.173 7.201 7.235 7.257 7.282 7.324 7.365 7.405 7.444 7.481 7.515 7.544 7.567 7.581 7.593 7.612 7.630 7.647 7.662 7.675 7.689 7.701 7.712 7.715 7.719 7.729 7.738 7.747 7.754 7.760 7.765 7.769 7.772 7.771 7.771 7.773 7.775 7.777 7.779 7.781 7.783 7.785 7.788 7.788 7.789 7.792 7.796 7.799 7.802 7.805 7.808 7.811 7.813 7.813 7.813 7.815 7.817 7.819 7.821 7.823 7.825 7.827 7.829 7.831 7.832 7.835 7.837
