version1/TsunamiDB/out54069.asc
ncols          264
nrows          230
xllcorner      497853.4375
yllcorner      4229146.0000
cellsize         5.
NODATA_value   -99
[rows 165 to 197 of 230, columns 150 to 224 of 264]
6.896 6.909 6.923 6.938 6.952 6.968 6.983 6.999 7.014 7.028 7.041 7.053 7.062 7.068 7.071 7.073 7.078 7.093 7.114 7.141 7.179 7.228 7.286 7.353 7.429 7.509 7.589 7.654 7.724 7.812 7.899 7.982 8.062 8.139 8.213 8.282 8.348 8.391 8.435 8.499 8.560 8.618 8.672 8.723 8.770 8.808 8.838 8.855 8.873 8.899 8.925 8.948 8.969 8.987 9.004 9.019 9.031 9.034 9.037 9.047 9.057 9.067 9.075 9.083 9.090 9.094 9.097 9.092 9.089 9.090 9.092 9.094 9.094 9.095 9.094
6.914 6.928 6.942 6.957 6.972 6.987 7.003 7.019 7.035 7.050 7.064 7.076 7.086 7.093 7.095 7.096 7.100 7.116 7.137 7.164 7.204 7.255 7.316 7.387 7.466 7.552 7.635 7.698 7.768 7.857 7.945 8.029 8.109 8.186 8.259 8.331 8.395 8.436 8.479 8.541 8.600 8.656 8.708 8.757 8.801 8.836 8.861 8.877 8.894 8.919 8.943 8.965 8.985 9.003 9.020 9.035 9.047 9.050 9.054 9.064 9.074 9.084 9.093 9.100 9.107 9.111 9.112 9.107 9.103 9.104 9.104 9.105 9.105 9.104 9.104
6.931 6.946 6.960 6.975 6.991 7.007 7.023 7.040 7.056 7.072 7.086 7.099 7.110 7.117 7.119 7.120 7.125 7.141 7.163 7.191 7.233 7.287 7.351 7.426 7.510 7.598 7.679 7.741 7.812 7.902 7.990 8.075 8.156 8.233 8.308 8.379 8.441 8.480 8.522 8.581 8.638 8.692 8.742 8.788 8.828 8.859 8.884 8.899 8.915 8.938 8.961 8.983 9.002 9.019 9.036 9.050 9.063 9.066 9.070 9.081 9.091 9.101 9.110 9.117 9.123 9.126 9.127 9.122 9.117 9.117 9.117 9.116 9.116 9.114 9.113
6.948 6.963 6.978 6.993 7.009 7.026 7.043 7.060 7.077 7.093 7.109 7.123 7.134 7.142 7.145 7.147 7.153 7.170 7.192 7.222 7.266 7.322 7.390 7.468 7.554 7.642 7.722 7.784 7.855 7.946 8.035 8.121 8.203 8.282 8.357 8.425 8.485 8.522 8.562 8.620 8.674 8.726 8.773 8.815 8.852 8.881 8.906 8.920 8.935 8.957 8.979 8.999 9.018 9.035 9.051 9.066 9.078 9.082 9.085 9.097 9.108 9.118 9.126 9.134 9.139 9.141 9.142 9.137 9.131 9.130 9.130 9.128 9.127 9.125 9.123
6.963 6.979 6.995 7.011 7.028 7.045 7.062 7.080 7.098 7.115 7.131 7.146 7.159 7.168 7.173 7.175 7.182 7.201 7.225 7.257 7.303 7.361 7.431 7.511 7.598 7.684 7.764 7.826 7.897 7.990 8.080 8.168 8.251 8.329 8.404 8.470 8.527 8.563 8.601 8.656 8.708 8.757 8.801 8.840 8.874 8.902 8.926 8.940 8.954 8.976 8.997 9.016 9.034 9.051 9.067 9.081 9.093 9.097 9.101 9.113 9.124 9.134 9.143 9.149 9.154 9.156 9.157 9.151 9.145 9.144 9.142 9.140 9.138 9.135 9.132
6.978 6.995 7.011 7.028 7.045 7.063 7.081 7.100 7.118 7.136 7.154 7.170 7.184 7.195 7.201 7.205 7.215 7.235 7.261 7.295 7.342 7.403 7.473 7.553 7.639 7.726 7.806 7.869 7.940 8.034 8.125 8.214 8.297 8.376 8.449 8.513 8.568 8.602 8.638 8.690 8.740 8.786 8.827 8.863 8.896 8.923 8.947 8.960 8.973 8.994 9.014 9.033 9.050 9.067 9.082 9.096 9.109 9.113 9.117 9.128 9.140 9.150 9.158 9.165 9.169 9.171 9.172 9.166 9.160 9.158 9.156 9.153 9.150 9.146 9.143
6.992 7.009 7.027 7.045 7.063 7.081 7.100 7.119 7.138 7.158 7.177 7.194 7.210 7.223 7.231 7.238 7.249 7.271 7.299 7.334 7.383 7.445 7.514 7.593 7.679 7.766 7.848 7.911 7.982 8.078 8.171 8.260 8.343 8.421 8.492 8.554 8.607 8.639 8.672 8.722 8.769 8.813 8.851 8.886 8.917 8.944 8.967 8.980 8.992 9.013 9.032 9.050 9.067 9.082 9.097 9.111 9.124 9.128 9.132 9.144 9.156 9.166 9.174 9.180 9.185 9.186 9.187 9.181 9.174 9.172 9.169 9.165 9.161 9.157 9.153
7.006 7.024 7.042 7.060 7.079 7.098 7.118 7.138 7.159 7.179 7.199 7.219 7.237 7.251 7.262 7.271 7.284 7.308 7.338 7.375 7.425 7.485 7.554 7.631 7.717 7.806 7.890 7.953 8.025 8.122 8.216 8.305 8.387 8.464 8.534 8.594 8.644 8.673 8.706 8.753 8.797 8.838 8.875 8.908 8.939 8.965 8.987 8.999 9.012 9.031 9.050 9.067 9.083 9.098 9.112 9.126 9.139 9.143 9.148 9.160 9.172 9.182 9.190 9.196 9.200 9.202 9.202 9.195 9.189 9.186 9.182 9.178 9.174 9.169 9.164
7.019 7.038 7.057 7.076 7.096 7.115 7.136 7.157 7.179 7.200 7.222 7.243 7.264 7.281 7.293 7.304 7.320 7.346 7.378 7.415 7.465 7.525 7.592 7.669 7.755 7.846 7.933 7.996 8.069 8.167 8.260 8.348 8.429 8.505 8.573 8.630 8.678 8.706 8.736 8.780 8.823 8.863 8.898 8.930 8.960 8.985 9.006 9.018 9.030 9.049 9.067 9.084 9.099 9.113 9.127 9.141 9.154 9.159 9.163 9.176 9.187 9.197 9.205 9.211 9.215 9.216 9.216 9.210 9.203 9.199 9.196 9.191 9.186 9.181 9.176
7.032 7.052 7.071 7.091 7.112 7.133 7.154 7.176 7.199 7.222 7.245 7.269 7.291 7.310 7.325 7.339 7.356 7.384 7.417 7.455 7.504 7.564 7.631 7.707 7.793 7.884 7.974 8.039 8.112 8.209 8.301 8.388 8.468 8.542 8.609 8.665 8.711 8.737 8.766 8.808 8.848 8.886 8.920 8.952 8.981 9.005 9.026 9.038 9.049 9.067 9.085 9.101 9.116 9.129 9.143 9.156 9.170 9.175 9.179 9.192 9.203 9.212 9.220 9.226 9.230 9.231 9.231 9.224 9.217 9.213 9.209 9.204 9.199 9.193 9.188
7.045 7.065 7.086 7.107 7.128 7.150 7.172 7.195 7.219 7.244 7.269 7.294 7.318 7.340 7.358 7.373 7.392 7.421 7.454 7.492 7.542 7.601 7.667 7.744 7.829 7.922 8.017 8.082 8.154 8.250 8.342 8.428 8.507 8.580 8.646 8.700 8.743 8.767 8.794 8.834 8.874 8.910 8.943 8.974 9.002 9.026 9.047 9.057 9.068 9.086 9.103 9.119 9.133 9.146 9.159 9.172 9.186 9.191 9.196 9.208 9.219 9.228 9.235 9.241 9.245 9.246 9.245 9.238 9.231 9.227 9.223 9.218 9.212 9.206 9.201
7.058 7.079 7.101 7.122 7.144 7.167 7.190 7.215 7.240 7.266 7.293 7.319 7.346 7.370 7.389 7.406 7.426 7.456 7.490 7.528 7.578 7.637 7.704 7.781 7.866 7.966 8.063 8.125 8.196 8.292 8.382 8.467 8.544 8.616 8.680 8.731 8.771 8.795 8.821 8.860 8.898 8.934 8.966 8.997 9.024 9.047 9.066 9.077 9.087 9.104 9.121 9.137 9.151 9.163 9.175 9.189 9.204 9.209 9.213 9.225 9.235 9.244 9.251 9.256 9.260 9.261 9.259 9.253 9.245 9.241 9.237 9.232 9.226 9.220 9.214
7.072 7.094 7.116 7.138 7.161 7.185 7.209 7.234 7.261 7.288 7.317 7.345 7.373 7.399 7.420 7.438 7.460 7.491 7.526 7.564 7.614 7.674 7.742 7.821 7.912 8.013 8.105 8.166 8.236 8.331 8.420 8.503 8.579 8.649 8.710 8.758 8.799 8.822 8.847 8.885 8.923 8.958 8.989 9.019 9.045 9.067 9.086 9.096 9.106 9.123 9.140 9.155 9.169 9.182 9.194 9.208 9.222 9.226 9.230 9.241 9.251 9.259 9.266 9.271 9.274 9.275 9.273 9.267 9.259 9.255 9.251 9.246 9.240 9.234 9.229
7.086 7.109 7.132 7.155 7.178 7.203 7.228 7.255 7.282 7.311 7.341 7.371 7.400 7.427 7.450 7.470 7.493 7.525 7.561 7.600 7.651 7.712 7.782 7.864 7.958 8.055 8.144 8.204 8.274 8.367 8.455 8.537 8.611 8.678 8.737 8.785 8.825 8.849 8.872 8.910 8.947 8.981 9.012 9.041 9.066 9.088 9.107 9.116 9.125 9.142 9.159 9.174 9.188 9.201 9.214 9.227 9.240 9.244 9.247 9.258 9.267 9.275 9.281 9.285 9.288 9.288 9.287 9.281 9.274 9.270 9.266 9.261 9.255 9.250 9.245
7.100 7.124 7.148 7.172 7.196 7.221 7.248 7.275 7.304 7.334 7.364 7.396 7.427 7.456 7.480 7.501 7.525 7.559 7.596 7.636 7.689 7.751 7.824 7.907 8.000 8.094 8.180 8.240 8.309 8.401 8.488 8.568 8.641 8.705 8.762 8.810 8.851 8.874 8.897 8.935 8.971 9.005 9.035 9.062 9.087 9.108 9.127 9.136 9.145 9.162 9.178 9.194 9.208 9.221 9.234 9.246 9.258 9.261 9.264 9.274 9.283 9.290 9.295 9.299 9.302 9.302 9.301 9.295 9.288 9.284 9.281 9.276 9.271 9.266 9.261
7.116 7.140 7.165 7.189 7.215 7.241 7.268 7.296 7.326 7.356 7.388 7.421 7.453 7.483 7.509 7.532 7.558 7.593 7.631 7.674 7.727 7.792 7.865 7.948 8.039 8.130 8.214 8.274 8.342 8.432 8.518 8.597 8.667 8.730 8.787 8.834 8.875 8.898 8.921 8.959 8.995 9.028 9.057 9.084 9.108 9.129 9.148 9.157 9.165 9.182 9.198 9.214 9.228 9.241 9.254 9.265 9.276 9.279 9.281 9.290 9.298 9.304 9.309 9.313 9.315 9.315 9.315 9.309 9.302 9.299 9.296 9.292 9.287 9.282 9.277
7.132 7.157 7.182 7.208 7.233 7.260 7.288 7.317 7.347 7.379 7.412 7.445 7.478 7.510 7.537 7.562 7.589 7.626 7.667 7.710 7.765 7.831 7.904 7.985 8.073 8.162 8.246 8.306 8.372 8.461 8.546 8.624 8.693 8.755 8.810 8.858 8.900 8.922 8.945 8.982 9.018 9.050 9.079 9.105 9.129 9.150 9.169 9.177 9.185 9.202 9.219 9.234 9.248 9.261 9.273 9.284 9.294 9.296 9.298 9.306 9.313 9.319 9.323 9.326 9.328 9.329 9.329 9.323 9.317 9.314 9.311 9.307 9.303 9.298 9.293
7.149 7.175 7.200 7.226 7.253 7.280 7.308 7.338 7.369 7.401 7.435 7.469 7.503 7.536 7.565 7.591 7.620 7.659 7.701 7.747 7.803 7.868 7.939 8.018 8.104 8.193 8.276 8.336 8.402 8.490 8.573 8.649 8.717 8.778 8.833 8.881 8.923 8.945 8.968 9.005 9.041 9.072 9.101 9.126 9.150 9.171 9.190 9.198 9.206 9.223 9.240 9.255 9.269 9.281 9.293 9.303 9.311 9.313 9.315 9.321 9.328 9.333 9.337 9.339 9.341 9.342 9.342 9.337 9.331 9.329 9.326 9.323 9.319 9.314 9.309
7.166 7.193 7.219 7.245 7.272 7.300 7.328 7.358 7.390 7.423 7.457 7.492 7.528 7.561 7.592 7.619 7.650 7.691 7.735 7.782 7.839 7.903 7.973 8.050 8.135 8.222 8.306 8.365 8.431 8.518 8.599 8.674 8.741 8.801 8.856 8.904 8.945 8.968 8.990 9.027 9.062 9.094 9.122 9.147 9.170 9.191 9.210 9.219 9.226 9.244 9.260 9.275 9.288 9.300 9.312 9.321 9.328 9.329 9.330 9.336 9.342 9.346 9.350 9.352 9.354 9.355 9.356 9.351 9.345 9.344 9.342 9.339 9.335 9.330 9.325
7.184 7.211 7.238 7.265 7.292 7.319 7.348 7.379 7.411 7.444 7.479 7.515 7.551 7.586 7.617 7.647 7.680 7.722 7.768 7.816 7.873 7.937 8.006 8.081 8.164 8.250 8.335 8.394 8.459 8.545 8.625 8.698 8.763 8.823 8.878 8.926 8.967 8.989 9.012 9.049 9.083 9.115 9.142 9.167 9.190 9.211 9.231 9.239 9.247 9.264 9.280 9.294 9.307 9.319 9.330 9.338 9.345 9.345 9.346 9.351 9.356 9.360 9.363 9.365 9.367 9.369 9.369 9.365 9.360 9.359 9.357 9.354 9.350 9.346 9.341
7.202 7.230 7.257 7.284 7.311 7.339 7.368 7.399 7.431 7.465 7.500 7.537 7.574 7.609 7.642 7.673 7.707 7.752 7.799 7.848 7.906 7.969 8.036 8.110 8.190 8.277 8.363 8.423 8.486 8.571 8.649 8.721 8.786 8.845 8.899 8.947 8.988 9.010 9.032 9.069 9.104 9.135 9.163 9.188 9.211 9.232 9.252 9.260 9.267 9.284 9.300 9.314 9.326 9.338 9.348 9.356 9.361 9.361 9.361 9.365 9.369 9.373 9.376 9.378 9.380 9.382 9.383 9.379 9.374 9.373 9.372 9.369 9.366 9.361 9.356
7.220 7.248 7.276 7.303 7.331 7.359 7.388 7.418 7.450 7.485 7.521 7.558 7.595 7.631 7.665 7.697 7.733 7.780 7.829 7.879 7.936 7.999 8.066 8.138 8.217 8.306 8.394 8.452 8.514 8.597 8.674 8.744 8.808 8.867 8.921 8.968 9.009 9.031 9.053 9.090 9.124 9.155 9.183 9.208 9.231 9.253 9.273 9.281 9.288 9.304 9.319 9.333 9.345 9.356 9.365 9.372 9.376 9.375 9.375 9.379 9.383 9.386 9.389 9.391 9.393 9.395 9.396 9.392 9.388 9.387 9.386 9.384 9.381 9.376 9.371
7.238 7.266 7.294 7.322 7.350 7.378 7.406 7.437 7.469 7.504 7.540 7.577 7.615 7.651 7.685 7.718 7.758 7.807 7.857 7.908 7.966 8.029 8.095 8.168 8.249 8.338 8.423 8.479 8.541 8.622 8.698 8.767 8.830 8.889 8.942 8.988 9.029 9.051 9.073 9.109 9.144 9.175 9.203 9.229 9.252 9.274 9.293 9.301 9.308 9.324 9.338 9.351 9.363 9.373 9.381 9.386 9.390 9.390 9.389 9.392 9.396 9.399 9.402 9.404 9.406 9.408 9.409 9.405 9.401 9.401 9.400 9.398 9.395 9.391 9.386
7.255 7.284 7.312 7.340 7.368 7.396 7.425 7.455 7.487 7.522 7.558 7.595 7.632 7.668 7.703 7.740 7.782 7.833 7.885 7.938 7.996 8.059 8.126 8.199 8.282 8.368 8.450 8.506 8.566 8.646 8.721 8.790 8.852 8.910 8.962 9.008 9.049 9.070 9.092 9.129 9.164 9.195 9.223 9.249 9.273 9.294 9.313 9.320 9.327 9.342 9.357 9.369 9.379 9.388 9.395 9.400 9.404 9.403 9.402 9.405 9.409 9.412 9.414 9.416 9.418 9.420 9.422 9.418 9.414 9.414 9.413 9.412 9.409 9.405 9.400
7.272 7.301 7.330 7.358 7.386 7.414 7.442 7.472 7.504 7.538 7.574 7.611 7.647 7.683 7.720 7.760 7.806 7.859 7.913 7.967 8.027 8.090 8.157 8.231 8.312 8.396 8.476 8.532 8.592 8.671 8.746 8.813 8.875 8.931 8.982 9.028 9.069 9.089 9.111 9.148 9.184 9.215 9.244 9.270 9.293 9.314 9.333 9.339 9.345 9.360 9.374 9.385 9.395 9.403 9.409 9.414 9.418 9.416 9.415 9.418 9.421 9.424 9.426 9.428 9.430 9.432 9.434 9.430 9.426 9.426 9.426 9.425 9.422 9.418 9.412
7.288 7.317 7.347 7.375 7.403 7.430 7.458 7.488 7.519 7.552 7.588 7.624 7.660 7.698 7.737 7.781 7.829 7.884 7.940 7.997 8.057 8.122 8.190 8.262 8.341 8.423 8.502 8.558 8.618 8.696 8.770 8.837 8.897 8.952 9.002 9.047 9.088 9.109 9.130 9.168 9.203 9.235 9.264 9.290 9.313 9.333 9.351 9.357 9.363 9.377 9.390 9.401 9.409 9.416 9.422 9.426 9.430 9.429 9.428 9.431 9.433 9.436 9.438 9.440 9.442 9.444 9.445 9.442 9.437 9.438 9.438 9.437 9.434 9.430 9.424
7.302 7.333 7.362 7.391 7.419 7.446 7.473 7.502 7.532 7.564 7.599 7.635 7.672 7.712 7.754 7.801 7.853 7.910 7.968 8.026 8.089 8.154 8.220 8.291 8.368 8.448 8.528 8.585 8.645 8.722 8.796 8.862 8.920 8.973 9.021 9.066 9.108 9.128 9.149 9.187 9.223 9.255 9.283 9.309 9.332 9.352 9.369 9.374 9.380 9.393 9.405 9.415 9.422 9.429 9.434 9.438 9.442 9.441 9.439 9.442 9.445 9.447 9.449 9.451 9.453 9.454 9.456 9.452 9.448 9.449 9.449 9.448 9.445 9.440 9.434
7.316 7.347 7.377 7.406 7.434 7.460 7.486 7.514 7.543 7.574 7.608 7.644 7.683 7.725 7.771 7.822 7.876 7.935 7.994 8.055 8.119 8.184 8.250 8.319 8.393 8.474 8.556 8.614 8.672 8.751 8.824 8.887 8.943 8.994 9.040 9.085 9.127 9.147 9.168 9.206 9.242 9.274 9.303 9.328 9.350 9.369 9.385 9.390 9.395 9.407 9.418 9.427 9.435 9.441 9.446 9.450 9.454 9.452 9.451 9.454 9.456 9.458 9.460 9.461 9.463 9.465 9.466 9.463 9.458 9.459 9.459 9.457 9.454 9.449 9.443
7.329 7.360 7.391 7.420 7.447 7.472 7.497 7.524 7.552 7.582 7.615 7.653 7.693 7.738 7.788 7.842 7.898 7.958 8.019 8.082 8.148 8.213 8.278 8.346 8.420 8.502 8.585 8.644 8.702 8.781 8.851 8.912 8.966 9.014 9.059 9.103 9.146 9.166 9.187 9.225 9.261 9.292 9.320 9.345 9.367 9.385 9.400 9.405 9.409 9.420 9.430 9.439 9.446 9.451 9.456 9.460 9.464 9.463 9.461 9.464 9.467 9.469 9.470 9.471 9.472 9.474 9.476 9.472 9.468 9.468 9.468 9.466 9.462 9.457 9.449
7.341 7.372 7.403 7.432 7.458 7.483 7.506 7.532 7.559 7.588 7.622 7.660 7.702 7.751 7.804 7.860 7.919 7.980 8.042 8.107 8.175 8.242 8.307 8.375 8.448 8.530 8.616 8.675 8.734 8.810 8.879 8.938 8.989 9.035 9.078 9.121 9.164 9.184 9.205 9.243 9.279 9.309 9.337 9.361 9.382 9.400 9.414 9.418 9.422 9.432 9.442 9.450 9.456 9.462 9.466 9.470 9.474 9.473 9.471 9.474 9.476 9.478 9.479 9.480 9.481 9.483 9.484 9.481 9.476 9.476 9.475 9.473 9.469 9.462 9.454
7.351 7.382 7.413 7.442 7.468 7.491 7.513 7.537 7.564 7.593 7.627 7.666 7.711 7.763 7.820 7.879 7.939 8.002 8.064 8.132 8.202 8.270 8.336 8.405 8.476 8.560 8.651 8.711 8.767 8.842 8.908 8.964 9.012 9.056 9.097 9.139 9.183 9.204 9.224 9.262 9.296 9.326 9.353 9.377 9.397 9.414 9.427 9.430 9.433 9.443 9.452 9.460 9.466 9.471 9.476 9.480 9.483 9.482 9.480 9.483 9.485 9.487 9.488 9.489 9.490 9.491 9.493 9.489 9.484 9.483 9.482 9.479 9.473 9.466 9.456
7.360 7.391 7.422 7.450 7.475 7.496 7.517 7.542 7.569 7.598 7.633 7.673 7.722 7.776 7.835 7.896 7.958 8.022 8.086 8.156 8.228 8.298 8.368 8.438 8.509 8.600 8.695 8.750 8.803 8.874 8.936 8.989 9.035 9.077 9.115 9.159 9.204 9.223 9.242 9.279 9.313 9.342 9.367 9.391 9.411 9.426 9.437 9.440 9.443 9.453 9.461 9.468 9.474 9.480 9.484 9.488 9.492 9.490 9.488 9.491 9.493 9.495 9.496 9.497 9.497 9.498 9.501 9.496 9.490 9.489 9.487 9.483 9.476 9.468 9.457
7.367 7.398 7.428 7.456 7.480 7.500 7.521 7.546 7.573 7.603 7.639 7.682 7.732 7.788 7.848 7.912 7.979 8.044 8.108 8.182 8.257 8.331 8.404 8.477 8.556 8.649 8.735 8.787 8.838 8.904 8.963 9.013 9.057 9.098 9.138 9.181 9.223 9.241 9.260 9.296 9.328 9.356 9.381 9.403 9.422 9.436 9.447 9.450 9.453 9.461 9.469 9.477 9.482 9.487 9.492 9.496 9.499 9.497 9.496 9.498 9.501 9.503 9.504 9.504 9.505 9.506 9.507 9.502 9.496 9.494 9.490 9.485 9.477 9.467 9.454
