version1/TsunamiDB/out54076.asc
ncols          264
nrows          230
xllcorner      497853.4375
yllcorner      4229146.0000
cellsize         5.
NODATA_value   -99
[rows 68 to 101 of 230, columns 76 to 151 of 264]
4.577 4.620 4.663 4.706 4.749 4.792 4.833 4.874 4.915 4.955 4.993 5.030 5.065 5.098 5.130 5.160 5.189 5.217 5.243 5.269 5.294 5.318 5.341 5.365 5.388 5.410 5.433 5.455 5.477 5.498 5.519 5.541 5.562 5.584 5.605 5.627 5.648 5.669 5.690 5.711 5.731 5.752 5.772 5.793 5.813 5.833 5.854 5.874 5.894 5.915 5.935 5.954 5.973 5.992 6.011 6.030 6.050 6.069 6.088 6.106 6.124 6.142 6.159 6.176 6.192 6.207 6.222 6.235 6.248 6.259 6.270 6.279 6.287 6.293 6.298 6.300
4.588 4.630 4.671 4.714 4.756 4.797 4.838 4.879 4.920 4.960 4.999 5.036 5.072 5.106 5.139 5.170 5.200 5.228 5.255 5.280 5.305 5.329 5.353 5.376 5.399 5.421 5.443 5.466 5.487 5.507 5.528 5.550 5.571 5.593 5.614 5.635 5.656 5.677 5.698 5.719 5.740 5.760 5.781 5.801 5.822 5.842 5.862 5.882 5.903 5.923 5.943 5.963 5.981 6.001 6.020 6.040 6.059 6.078 6.098 6.116 6.135 6.153 6.171 6.188 6.205 6.221 6.237 6.251 6.265 6.278 6.289 6.300 6.309 6.317 6.323 6.327
4.599 4.640 4.680 4.721 4.762 4.802 4.842 4.883 4.924 4.964 5.003 5.041 5.078 5.113 5.147 5.179 5.209 5.238 5.266 5.292 5.317 5.341 5.365 5.388 5.410 5.432 5.454 5.476 5.497 5.517 5.538 5.559 5.580 5.602 5.623 5.644 5.665 5.686 5.707 5.727 5.748 5.768 5.789 5.809 5.830 5.850 5.870 5.891 5.911 5.931 5.952 5.971 5.990 6.009 6.029 6.049 6.068 6.088 6.107 6.126 6.145 6.164 6.182 6.200 6.217 6.234 6.250 6.266 6.280 6.294 6.307 6.319 6.330 6.339 6.347 6.352
4.611 4.650 4.689 4.729 4.769 4.808 4.847 4.888 4.928 4.968 5.007 5.046 5.083 5.119 5.154 5.187 5.218 5.248 5.276 5.303 5.328 5.353 5.376 5.399 5.422 5.444 5.465 5.487 5.507 5.527 5.547 5.568 5.589 5.610 5.631 5.652 5.673 5.694 5.715 5.735 5.756 5.776 5.797 5.817 5.838 5.858 5.878 5.899 5.919 5.940 5.960 5.979 5.998 6.018 6.038 6.057 6.077 6.097 6.116 6.136 6.155 6.174 6.193 6.211 6.229 6.246 6.263 6.279 6.295 6.310 6.324 6.337 6.349 6.359 6.368 6.375
4.623 4.661 4.699 4.737 4.776 4.814 4.852 4.892 4.931 4.971 5.010 5.049 5.087 5.123 5.159 5.193 5.225 5.256 5.285 5.313 5.339 5.364 5.388 5.411 5.434 5.455 5.477 5.498 5.517 5.537 5.557 5.578 5.599 5.619 5.640 5.660 5.681 5.702 5.722 5.743 5.764 5.784 5.805 5.825 5.846 5.866 5.886 5.907 5.927 5.947 5.968 5.987 6.006 6.026 6.046 6.066 6.086 6.106 6.125 6.145 6.164 6.184 6.203 6.221 6.240 6.257 6.275 6.292 6.308 6.324 6.339 6.353 6.366 6.378 6.388 6.396
4.636 4.672 4.709 4.746 4.783 4.820 4.857 4.896 4.935 4.973 5.012 5.051 5.089 5.126 5.163 5.198 5.231 5.263 5.294 5.322 5.350 5.375 5.400 5.423 5.446 5.467 5.488 5.509 5.529 5.548 5.568 5.588 5.608 5.628 5.648 5.669 5.689 5.710 5.730 5.751 5.771 5.792 5.812 5.833 5.853 5.874 5.894 5.914 5.935 5.955 5.976 5.995 6.014 6.034 6.054 6.074 6.094 6.114 6.134 6.154 6.174 6.193 6.212 6.231 6.250 6.268 6.286 6.303 6.320 6.337 6.352 6.367 6.381 6.395 6.406 6.416
4.649 4.684 4.720 4.755 4.791 4.827 4.863 4.900 4.938 4.976 5.014 5.052 5.090 5.128 5.165 5.201 5.235 5.269 5.300 5.330 5.359 5.385 5.411 5.435 5.457 5.479 5.500 5.521 5.540 5.559 5.578 5.598 5.618 5.637 5.657 5.677 5.697 5.718 5.738 5.758 5.779 5.799 5.820 5.840 5.861 5.881 5.901 5.922 5.942 5.963 5.983 6.003 6.022 6.042 6.062 6.082 6.102 6.123 6.143 6.163 6.182 6.202 6.221 6.241 6.260 6.278 6.297 6.314 6.332 6.349 6.365 6.381 6.396 6.410 6.423 6.434
4.663 4.697 4.731 4.765 4.800 4.834 4.869 4.905 4.941 4.978 5.016 5.053 5.091 5.129 5.166 5.202 5.238 5.272 5.305 5.336 5.366 5.394 5.420 5.445 5.469 5.491 5.513 5.533 5.552 5.571 5.590 5.609 5.628 5.647 5.666 5.686 5.706 5.726 5.746 5.766 5.786 5.806 5.827 5.847 5.868 5.888 5.909 5.929 5.950 5.970 5.991 6.011 6.030 6.050 6.070 6.090 6.110 6.131 6.151 6.171 6.191 6.211 6.230 6.250 6.269 6.288 6.307 6.325 6.343 6.360 6.377 6.394 6.409 6.424 6.438 6.450
4.677 4.710 4.743 4.776 4.809 4.842 4.875 4.910 4.945 4.981 5.017 5.054 5.091 5.128 5.165 5.202 5.238 5.273 5.307 5.340 5.371 5.400 5.428 5.455 5.479 5.502 5.524 5.546 5.565 5.583 5.602 5.620 5.639 5.657 5.676 5.695 5.714 5.734 5.753 5.773 5.793 5.813 5.834 5.854 5.875 5.895 5.916 5.936 5.957 5.977 5.998 6.018 6.037 6.057 6.078 6.098 6.118 6.139 6.159 6.179 6.199 6.219 6.239 6.258 6.278 6.297 6.316 6.335 6.353 6.371 6.388 6.405 6.422 6.438 6.452 6.465
4.691 4.723 4.755 4.787 4.819 4.851 4.883 4.916 4.950 4.984 5.019 5.055 5.091 5.127 5.164 5.200 5.237 5.272 5.307 5.341 5.374 5.405 5.434 5.462 5.488 5.512 5.535 5.557 5.577 5.595 5.614 5.632 5.650 5.668 5.686 5.705 5.723 5.742 5.761 5.781 5.800 5.820 5.840 5.861 5.881 5.902 5.922 5.943 5.964 5.984 6.005 6.025 6.045 6.065 6.085 6.105 6.126 6.146 6.166 6.187 6.207 6.227 6.247 6.267 6.286 6.306 6.325 6.344 6.363 6.381 6.399 6.416 6.433 6.450 6.465 6.478
4.706 4.737 4.768 4.798 4.830 4.860 4.891 4.923 4.955 4.988 5.022 5.056 5.091 5.126 5.162 5.198 5.234 5.270 5.305 5.340 5.374 5.406 5.437 5.467 5.494 5.520 5.545 5.568 5.588 5.607 5.626 5.644 5.662 5.680 5.697 5.715 5.733 5.751 5.770 5.789 5.808 5.827 5.847 5.867 5.888 5.908 5.929 5.950 5.970 5.991 6.012 6.032 6.051 6.072 6.092 6.112 6.133 6.153 6.174 6.194 6.214 6.235 6.255 6.275 6.295 6.314 6.334 6.353 6.372 6.391 6.409 6.427 6.444 6.461 6.477 6.491
4.722 4.751 4.781 4.811 4.841 4.870 4.899 4.930 4.961 4.993 5.025 5.058 5.091 5.126 5.160 5.195 5.231 5.266 5.302 5.337 5.371 5.405 5.437 5.468 5.498 5.526 5.552 5.576 5.598 5.618 5.638 5.656 5.674 5.692 5.709 5.726 5.743 5.761 5.779 5.797 5.816 5.835 5.854 5.874 5.894 5.915 5.935 5.956 5.977 5.997 6.018 6.038 6.058 6.078 6.099 6.119 6.140 6.160 6.181 6.201 6.222 6.242 6.262 6.283 6.303 6.322 6.342 6.362 6.381 6.400 6.419 6.437 6.455 6.472 6.488 6.503
4.738 4.766 4.795 4.824 4.853 4.881 4.909 4.938 4.968 4.998 5.029 5.061 5.093 5.125 5.159 5.193 5.227 5.262 5.297 5.332 5.367 5.401 5.435 5.467 5.498 5.528 5.556 5.582 5.606 5.627 5.648 5.668 5.686 5.704 5.721 5.738 5.754 5.771 5.788 5.806 5.824 5.842 5.861 5.881 5.901 5.921 5.941 5.962 5.983 6.004 6.024 6.044 6.064 6.085 6.105 6.126 6.146 6.167 6.188 6.208 6.229 6.249 6.270 6.290 6.310 6.330 6.350 6.370 6.389 6.409 6.428 6.446 6.465 6.482 6.499 6.514
4.754 4.782 4.810 4.837 4.865 4.892 4.919 4.948 4.976 5.005 5.034 5.064 5.095 5.126 5.158 5.191 5.224 5.257 5.292 5.326 5.361 5.395 5.429 5.463 5.495 5.527 5.556 5.584 5.610 5.633 5.656 5.677 5.697 5.715 5.733 5.749 5.766 5.782 5.799 5.816 5.833 5.851 5.869 5.888 5.907 5.927 5.947 5.968 5.989 6.009 6.030 6.050 6.070 6.090 6.111 6.132 6.153 6.173 6.194 6.215 6.235 6.256 6.277 6.297 6.317 6.338 6.358 6.378 6.397 6.417 6.436 6.455 6.474 6.492 6.509 6.525
4.771 4.798 4.825 4.852 4.879 4.905 4.931 4.958 4.985 5.013 5.041 5.069 5.098 5.128 5.158 5.189 5.221 5.253 5.286 5.320 5.354 5.388 5.422 5.456 5.489 5.522 5.553 5.583 5.611 5.636 5.661 5.684 5.705 5.725 5.743 5.761 5.777 5.794 5.810 5.826 5.842 5.859 5.877 5.895 5.914 5.933 5.953 5.974 5.994 6.015 6.036 6.056 6.075 6.096 6.117 6.138 6.159 6.179 6.200 6.221 6.242 6.262 6.283 6.304 6.324 6.345 6.365 6.385 6.405 6.425 6.444 6.464 6.483 6.501 6.518 6.535
4.789 4.815 4.841 4.867 4.893 4.918 4.943 4.969 4.995 5.021 5.048 5.075 5.103 5.131 5.160 5.189 5.219 5.250 5.282 5.314 5.347 5.380 5.414 5.448 5.481 5.514 5.547 5.578 5.608 5.635 5.662 5.687 5.710 5.732 5.752 5.771 5.788 5.805 5.821 5.837 5.853 5.869 5.886 5.903 5.921 5.940 5.959 5.979 6.000 6.020 6.041 6.061 6.080 6.101 6.122 6.143 6.164 6.185 6.206 6.227 6.248 6.268 6.289 6.310 6.331 6.351 6.372 6.392 6.412 6.432 6.452 6.472 6.491 6.510 6.527 6.544
4.807 4.833 4.858 4.883 4.908 4.932 4.956 4.981 5.006 5.031 5.057 5.083 5.109 5.136 5.163 5.191 5.219 5.249 5.278 5.309 5.341 5.373 5.405 5.438 5.472 5.505 5.538 5.570 5.601 5.630 5.659 5.686 5.712 5.736 5.758 5.778 5.797 5.814 5.831 5.847 5.863 5.879 5.895 5.912 5.929 5.947 5.966 5.985 6.005 6.025 6.046 6.065 6.085 6.106 6.127 6.148 6.169 6.190 6.211 6.232 6.253 6.274 6.295 6.316 6.337 6.357 6.378 6.398 6.419 6.439 6.459 6.479 6.499 6.518 6.536 6.553
4.826 4.851 4.876 4.900 4.924 4.947 4.971 4.994 5.018 5.042 5.067 5.091 5.116 5.142 5.167 5.194 5.221 5.248 5.277 5.306 5.335 5.366 5.397 5.429 5.461 5.494 5.527 5.559 5.591 5.621 5.652 5.681 5.709 5.735 5.759 5.782 5.803 5.822 5.840 5.857 5.873 5.889 5.905 5.921 5.937 5.955 5.973 5.991 6.010 6.031 6.050 6.069 6.089 6.110 6.131 6.152 6.173 6.195 6.216 6.237 6.258 6.279 6.300 6.321 6.342 6.363 6.384 6.404 6.425 6.445 6.466 6.486 6.506 6.525 6.543 6.561
4.845 4.870 4.894 4.918 4.941 4.963 4.986 5.009 5.032 5.055 5.078 5.101 5.125 5.149 5.173 5.198 5.224 5.250 5.276 5.304 5.332 5.361 5.390 5.421 5.452 5.483 5.515 5.548 5.579 5.610 5.641 5.672 5.702 5.730 5.757 5.782 5.805 5.826 5.846 5.864 5.882 5.898 5.914 5.930 5.946 5.962 5.980 5.998 6.016 6.035 6.054 6.073 6.093 6.114 6.135 6.156 6.177 6.198 6.220 6.241 6.262 6.284 6.305 6.326 6.347 6.368 6.389 6.410 6.431 6.452 6.472 6.493 6.513 6.532 6.550 6.568
4.865 4.889 4.913 4.937 4.959 4.980 5.002 5.025 5.047 5.069 5.091 5.113 5.135 5.158 5.181 5.204 5.228 5.253 5.278 5.304 5.330 5.357 5.385 5.414 5.443 5.473 5.504 5.535 5.565 5.597 5.628 5.660 5.691 5.721 5.749 5.777 5.802 5.826 5.848 5.869 5.888 5.905 5.922 5.938 5.954 5.970 5.987 6.004 6.022 6.040 6.059 6.077 6.097 6.117 6.138 6.159 6.180 6.202 6.223 6.245 6.266 6.288 6.309 6.330 6.352 6.373 6.394 6.415 6.436 6.457 6.478 6.499 6.519 6.538 6.557 6.575
4.885 4.909 4.933 4.956 4.977 4.998 5.020 5.041 5.062 5.084 5.105 5.126 5.147 5.169 5.190 5.213 5.235 5.258 5.281 5.306 5.330 5.356 5.382 5.409 5.437 5.465 5.494 5.523 5.553 5.583 5.614 5.646 5.677 5.708 5.738 5.767 5.795 5.821 5.846 5.869 5.890 5.909 5.927 5.945 5.961 5.977 5.993 6.010 6.027 6.045 6.063 6.081 6.100 6.120 6.141 6.162 6.183 6.205 6.226 6.248 6.269 6.291 6.313 6.334 6.356 6.377 6.398 6.420 6.441 6.462 6.483 6.504 6.525 6.544 6.563 6.582
4.905 4.929 4.952 4.975 4.996 5.017 5.038 5.059 5.080 5.100 5.120 5.140 5.161 5.181 5.202 5.222 5.243 5.265 5.287 5.310 5.333 5.356 5.381 5.406 5.432 5.459 5.486 5.514 5.541 5.571 5.601 5.631 5.662 5.693 5.724 5.754 5.783 5.811 5.838 5.863 5.887 5.909 5.929 5.948 5.965 5.982 5.999 6.015 6.032 6.050 6.067 6.084 6.103 6.123 6.143 6.164 6.185 6.207 6.228 6.250 6.272 6.294 6.315 6.337 6.359 6.380 6.402 6.423 6.445 6.466 6.487 6.508 6.529 6.549 6.568 6.588
4.925 4.949 4.972 4.995 5.016 5.036 5.057 5.077 5.098 5.117 5.137 5.156 5.176 5.195 5.214 5.234 5.254 5.274 5.295 5.316 5.337 5.359 5.382 5.406 5.430 5.455 5.481 5.506 5.532 5.560 5.589 5.618 5.648 5.678 5.708 5.738 5.768 5.798 5.826 5.853 5.879 5.903 5.926 5.947 5.966 5.984 6.002 6.019 6.036 6.053 6.070 6.087 6.105 6.124 6.144 6.165 6.186 6.208 6.229 6.251 6.273 6.295 6.317 6.339 6.361 6.383 6.405 6.426 6.448 6.470 6.491 6.512 6.534 6.554 6.573 6.593
4.944 4.968 4.992 5.015 5.036 5.056 5.076 5.097 5.116 5.136 5.155 5.173 5.192 5.210 5.229 5.247 5.266 5.285 5.304 5.324 5.344 5.365 5.386 5.408 5.430 5.453 5.477 5.501 5.526 5.552 5.579 5.606 5.635 5.663 5.693 5.722 5.752 5.782 5.811 5.839 5.866 5.892 5.917 5.940 5.962 5.982 6.001 6.019 6.037 6.054 6.071 6.088 6.106 6.125 6.145 6.165 6.186 6.208 6.230 6.252 6.274 6.296 6.318 6.340 6.363 6.385 6.407 6.429 6.451 6.472 6.494 6.516 6.537 6.558 6.577 6.597
4.963 4.988 5.011 5.034 5.055 5.076 5.096 5.116 5.136 5.155 5.173 5.191 5.209 5.227 5.245 5.262 5.280 5.298 5.316 5.334 5.353 5.372 5.392 5.412 5.433 5.455 5.477 5.499 5.522 5.546 5.571 5.597 5.624 5.651 5.679 5.707 5.736 5.765 5.794 5.822 5.850 5.878 5.904 5.929 5.952 5.974 5.995 6.015 6.034 6.053 6.070 6.087 6.105 6.124 6.144 6.164 6.185 6.206 6.228 6.250 6.273 6.295 6.318 6.340 6.363 6.385 6.408 6.430 6.452 6.474 6.496 6.518 6.540 6.560 6.580 6.601
4.982 5.006 5.030 5.053 5.075 5.095 5.116 5.136 5.155 5.174 5.192 5.210 5.228 5.245 5.262 5.279 5.296 5.313 5.329 5.346 5.364 5.382 5.400 5.419 5.438 5.458 5.479 5.500 5.521 5.543 5.567 5.591 5.616 5.641 5.668 5.695 5.722 5.750 5.777 5.805 5.833 5.861 5.887 5.913 5.938 5.962 5.985 6.006 6.027 6.046 6.065 6.083 6.101 6.120 6.140 6.160 6.181 6.203 6.225 6.247 6.270 6.293 6.316 6.339 6.362 6.385 6.407 6.430 6.452 6.475 6.497 6.519 6.541 6.563 6.583 6.603
5.000 5.024 5.049 5.072 5.093 5.114 5.135 5.155 5.175 5.194 5.212 5.230 5.247 5.264 5.281 5.297 5.313 5.329 5.345 5.361 5.377 5.394 5.410 5.428 5.446 5.464 5.484 5.503 5.522 5.543 5.565 5.588 5.611 5.635 5.659 5.685 5.710 5.736 5.763 5.790 5.816 5.843 5.870 5.896 5.921 5.946 5.970 5.992 6.014 6.035 6.055 6.074 6.093 6.113 6.133 6.154 6.175 6.197 6.219 6.242 6.265 6.288 6.312 6.335 6.359 6.382 6.405 6.428 6.451 6.474 6.497 6.520 6.542 6.563 6.584 6.605
5.016 5.042 5.066 5.090 5.112 5.133 5.154 5.174 5.194 5.213 5.231 5.249 5.267 5.283 5.300 5.316 5.331 5.347 5.362 5.377 5.392 5.408 5.423 5.439 5.456 5.473 5.491 5.508 5.526 5.546 5.566 5.587 5.609 5.631 5.654 5.678 5.702 5.726 5.751 5.776 5.802 5.827 5.853 5.878 5.904 5.928 5.952 5.975 5.998 6.020 6.041 6.060 6.080 6.101 6.121 6.142 6.164 6.187 6.209 6.233 6.256 6.280 6.305 6.329 6.353 6.377 6.401 6.425 6.449 6.472 6.495 6.518 6.541 6.563 6.584 6.605
5.032 5.058 5.083 5.107 5.129 5.150 5.172 5.192 5.212 5.232 5.251 5.269 5.286 5.303 5.319 5.335 5.350 5.365 5.380 5.395 5.409 5.424 5.438 5.453 5.468 5.484 5.501 5.517 5.533 5.551 5.570 5.590 5.610 5.631 5.652 5.674 5.697 5.719 5.743 5.766 5.790 5.815 5.839 5.863 5.887 5.911 5.934 5.957 5.980 6.002 6.023 6.043 6.063 6.084 6.105 6.127 6.149 6.171 6.195 6.219 6.243 6.268 6.293 6.318 6.344 6.369 6.394 6.418 6.443 6.467 6.491 6.515 6.539 6.561 6.583 6.604
5.047 5.073 5.098 5.123 5.145 5.167 5.189 5.210 5.230 5.250 5.269 5.288 5.305 5.322 5.339 5.355 5.370 5.385 5.399 5.414 5.427 5.441 5.455 5.469 5.483 5.498 5.513 5.527 5.543 5.559 5.576 5.595 5.613 5.633 5.653 5.673 5.694 5.716 5.738 5.760 5.782 5.805 5.828 5.851 5.873 5.896 5.918 5.941 5.962 5.984 6.004 6.024 6.044 6.064 6.085 6.107 6.129 6.152 6.175 6.200 6.225 6.251 6.277 6.303 6.329 6.356 6.382 6.408 6.434 6.459 6.484 6.509 6.533 6.556 6.579 6.601
5.062 5.088 5.113 5.137 5.160 5.183 5.205 5.226 5.247 5.267 5.287 5.306 5.324 5.341 5.358 5.374 5.390 5.405 5.419 5.433 5.447 5.460 5.473 5.486 5.500 5.513 5.527 5.541 5.554 5.569 5.585 5.602 5.619 5.637 5.656 5.675 5.695 5.715 5.736 5.756 5.778 5.799 5.820 5.842 5.863 5.885 5.906 5.927 5.947 5.968 5.987 6.005 6.024 6.044 6.064 6.085 6.106 6.128 6.151 6.176 6.201 6.227 6.254 6.281 6.309 6.337 6.365 6.392 6.419 6.446 6.473 6.499 6.524 6.549 6.572 6.596
5.075 5.101 5.127 5.151 5.175 5.197 5.220 5.242 5.263 5.284 5.304 5.323 5.341 5.359 5.376 5.393 5.409 5.424 5.439 5.453 5.467 5.480 5.493 5.505 5.518 5.531 5.544 5.556 5.569 5.582 5.597 5.612 5.628 5.645 5.662 5.680 5.698 5.717 5.736 5.756 5.776 5.796 5.816 5.836 5.857 5.877 5.897 5.916 5.936 5.955 5.973 5.990 6.008 6.026 6.044 6.063 6.083 6.103 6.125 6.149 6.173 6.199 6.226 6.254 6.282 6.311 6.341 6.370 6.399 6.428 6.456 6.484 6.511 6.536 6.561 6.586
5.088 5.114 5.140 5.165 5.188 5.211 5.234 5.256 5.278 5.299 5.319 5.339 5.358 5.376 5.394 5.411 5.427 5.443 5.458 5.473 5.486 5.500 5.513 5.525 5.538 5.550 5.562 5.573 5.585 5.598 5.611 5.625 5.639 5.655 5.670 5.687 5.704 5.722 5.740 5.758 5.777 5.796 5.815 5.834 5.853 5.872 5.891 5.910 5.928 5.946 5.963 5.978 5.995 6.011 6.028 6.045 6.062 6.081 6.100 6.121 6.144 6.169 6.194 6.222 6.250 6.280 6.310 6.340 6.371 6.401 6.432 6.462 6.491 6.518 6.545 6.571
5.100 5.126 5.152 5.177 5.201 5.224 5.247 5.269 5.291 5.313 5.334 5.354 5.373 5.392 5.410 5.428 5.445 5.461 5.477 5.492 5.506 5.520 5.533 5.546 5.558 5.570 5.581 5.592 5.603 5.615 5.627 5.640 5.653 5.667 5.681 5.696 5.712 5.728 5.745 5.763 5.780 5.798 5.816 5.835 5.853 5.871 5.889 5.907 5.924 5.941 5.957 5.971 5.987 6.002 6.016 6.031 6.047 6.063 6.080 6.098 6.118 6.139 6.163 6.188 6.216 6.244 6.274 6.305 6.336 6.368 6.400 6.432 6.463 6.492 6.521 6.550
