version1/TsunamiDB/out54197.asc
ncols          264
nrows          230
xllcorner      497853.4375
yllcorner      4229146.0000
cellsize         5.
NODATA_value   -99
[rows 170 to 203 of 230, columns 0 to 76 of 264]
6.315 6.323 6.331 6.340 6.348 6.356 6.365 6.372 6.380 6.388 6.395 6.403 6.410 6.417 6.425 6.432 6.439 6.446 6.454 6.461 6.468 6.475 6.482 6.489 6.496 6.503 6.510 6.517 6.525 6.532 6.539 6.546 6.553 6.560 6.567 6.573 6.580 6.587 6.593 6.600 6.607 6.613 6.620 6.627 6.633 6.640 6.646 6.653 6.659 6.666 6.672 6.679 6.686 6.693 6.699 6.706 6.712 6.719 6.725 6.731 6.738 6.744 6.750 6.756 6.762 6.769 6.774 6.780 6.786 6.792 6.797 6.802 6.808 6.813 6.818 6.822 6.827
6.316 6.324 6.332 6.340 6.348 6.357 6.365 6.373 6.380 6.388 6.395 6.403 6.410 6.418 6.425 6.432 6.440 6.447 6.454 6.461 6.468 6.475 6.482 6.489 6.496 6.503 6.510 6.518 6.525 6.533 6.539 6.546 6.553 6.560 6.567 6.573 6.580 6.587 6.594 6.600 6.607 6.613 6.620 6.627 6.633 6.640 6.646 6.653 6.659 6.666 6.672 6.679 6.686 6.693 6.699 6.706 6.712 6.718 6.725 6.731 6.738 6.744 6.750 6.756 6.762 6.769 6.774 6.780 6.786 6.792 6.797 6.803 6.808 6.813 6.818 6.823 6.828
6.316 6.324 6.332 6.340 6.349 6.357 6.366 6.373 6.381 6.388 6.396 6.403 6.411 6.418 6.426 6.433 6.440 6.447 6.454 6.461 6.469 6.476 6.483 6.490 6.497 6.504 6.511 6.518 6.526 6.533 6.540 6.547 6.553 6.560 6.567 6.574 6.580 6.587 6.594 6.600 6.607 6.614 6.620 6.627 6.633 6.640 6.646 6.653 6.659 6.666 6.672 6.679 6.686 6.693 6.699 6.706 6.712 6.718 6.725 6.731 6.737 6.744 6.750 6.756 6.762 6.768 6.775 6.780 6.786 6.792 6.798 6.803 6.808 6.813 6.819 6.824 6.829
6.317 6.325 6.333 6.341 6.349 6.358 6.366 6.374 6.381 6.389 6.397 6.404 6.411 6.419 6.426 6.433 6.441 6.448 6.455 6.462 6.469 6.476 6.483 6.490 6.497 6.504 6.511 6.519 6.526 6.533 6.540 6.547 6.554 6.561 6.567 6.574 6.581 6.588 6.594 6.601 6.607 6.614 6.620 6.627 6.633 6.640 6.646 6.653 6.659 6.666 6.672 6.679 6.686 6.693 6.699 6.706 6.712 6.718 6.725 6.731 6.737 6.744 6.750 6.756 6.762 6.769 6.775 6.780 6.786 6.792 6.798 6.803 6.809 6.814 6.819 6.824 6.829
6.317 6.325 6.333 6.341 6.350 6.358 6.367 6.374 6.382 6.390 6.397 6.405 6.412 6.419 6.427 6.434 6.441 6.448 6.455 6.463 6.470 6.477 6.484 6.491 6.498 6.505 6.512 6.519 6.527 6.534 6.541 6.548 6.554 6.561 6.568 6.575 6.581 6.588 6.595 6.601 6.608 6.614 6.621 6.627 6.634 6.640 6.647 6.653 6.660 6.666 6.673 6.680 6.686 6.693 6.699 6.706 6.712 6.718 6.725 6.731 6.737 6.744 6.750 6.756 6.762 6.769 6.775 6.781 6.786 6.792 6.798 6.803 6.809 6.814 6.819 6.825 6.830
6.318 6.326 6.334 6.342 6.350 6.359 6.367 6.375 6.383 6.390 6.398 6.405 6.413 6.420 6.427 6.435 6.442 6.449 6.456 6.463 6.470 6.477 6.484 6.491 6.498 6.505 6.513 6.520 6.527 6.535 6.541 6.548 6.555 6.562 6.568 6.575 6.582 6.588 6.595 6.602 6.608 6.615 6.621 6.628 6.634 6.641 6.647 6.653 6.660 6.666 6.673 6.680 6.687 6.693 6.699 6.706 6.712 6.718 6.725 6.731 6.737 6.744 6.750 6.756 6.762 6.769 6.775 6.781 6.787 6.792 6.798 6.804 6.809 6.814 6.820 6.825 6.830
6.318 6.326 6.334 6.343 6.351 6.360 6.368 6.376 6.383 6.391 6.398 6.406 6.413 6.421 6.428 6.435 6.442 6.450 6.457 6.464 6.471 6.478 6.485 6.492 6.499 6.506 6.513 6.520 6.528 6.535 6.542 6.549 6.556 6.562 6.569 6.576 6.582 6.589 6.596 6.602 6.609 6.615 6.622 6.628 6.635 6.641 6.647 6.654 6.660 6.667 6.673 6.680 6.687 6.693 6.700 6.706 6.712 6.719 6.725 6.731 6.738 6.744 6.750 6.756 6.763 6.769 6.775 6.781 6.787 6.792 6.798 6.804 6.809 6.815 6.820 6.826 6.831
6.318 6.327 6.335 6.343 6.352 6.360 6.369 6.376 6.384 6.392 6.399 6.407 6.414 6.421 6.429 6.436 6.443 6.450 6.457 6.465 6.472 6.479 6.486 6.493 6.500 6.507 6.514 6.521 6.529 6.536 6.543 6.550 6.556 6.563 6.570 6.576 6.583 6.590 6.596 6.603 6.609 6.616 6.622 6.629 6.635 6.641 6.648 6.654 6.661 6.667 6.674 6.680 6.687 6.693 6.700 6.706 6.712 6.719 6.725 6.731 6.738 6.744 6.750 6.756 6.763 6.769 6.775 6.781 6.787 6.793 6.798 6.804 6.810 6.815 6.821 6.826 6.831
6.319 6.327 6.335 6.344 6.352 6.361 6.369 6.377 6.385 6.392 6.400 6.407 6.415 6.422 6.429 6.437 6.444 6.451 6.458 6.465 6.472 6.480 6.487 6.494 6.501 6.508 6.515 6.522 6.529 6.537 6.544 6.550 6.557 6.564 6.570 6.577 6.584 6.590 6.597 6.603 6.610 6.616 6.623 6.629 6.636 6.642 6.648 6.655 6.661 6.667 6.674 6.681 6.687 6.694 6.700 6.706 6.713 6.719 6.725 6.732 6.738 6.744 6.750 6.757 6.763 6.769 6.775 6.781 6.787 6.793 6.798 6.804 6.810 6.815 6.821 6.826 6.831
6.319 6.327 6.336 6.344 6.353 6.361 6.370 6.378 6.385 6.393 6.401 6.408 6.415 6.423 6.430 6.437 6.445 6.452 6.459 6.466 6.473 6.480 6.487 6.494 6.501 6.509 6.516 6.523 6.530 6.538 6.544 6.551 6.558 6.565 6.571 6.578 6.584 6.591 6.598 6.604 6.611 6.617 6.623 6.630 6.636 6.642 6.649 6.655 6.661 6.668 6.674 6.681 6.688 6.694 6.700 6.707 6.713 6.719 6.725 6.732 6.738 6.744 6.750 6.757 6.763 6.769 6.775 6.781 6.787 6.793 6.799 6.804 6.810 6.815 6.821 6.827 6.832
6.319 6.328 6.336 6.345 6.353 6.362 6.370 6.378 6.386 6.394 6.401 6.409 6.416 6.424 6.431 6.438 6.445 6.453 6.460 6.467 6.474 6.481 6.488 6.495 6.502 6.509 6.516 6.524 6.531 6.538 6.545 6.552 6.559 6.565 6.572 6.579 6.585 6.592 6.598 6.605 6.611 6.618 6.624 6.630 6.637 6.643 6.649 6.656 6.662 6.668 6.675 6.682 6.688 6.694 6.701 6.707 6.713 6.719 6.726 6.732 6.738 6.744 6.751 6.757 6.763 6.769 6.775 6.781 6.787 6.793 6.799 6.804 6.810 6.816 6.821 6.827 6.832
6.319 6.328 6.336 6.345 6.354 6.362 6.371 6.379 6.387 6.394 6.402 6.409 6.417 6.424 6.432 6.439 6.446 6.453 6.461 6.468 6.475 6.482 6.489 6.496 6.503 6.510 6.517 6.524 6.532 6.539 6.546 6.553 6.560 6.566 6.573 6.579 6.586 6.593 6.599 6.605 6.612 6.618 6.625 6.631 6.637 6.644 6.650 6.656 6.663 6.669 6.675 6.682 6.689 6.695 6.701 6.707 6.714 6.720 6.726 6.732 6.738 6.745 6.751 6.757 6.763 6.769 6.775 6.781 6.787 6.793 6.799 6.805 6.810 6.816 6.822 6.827 6.832
6.319 6.328 6.337 6.345 6.354 6.363 6.371 6.379 6.387 6.395 6.403 6.410 6.418 6.425 6.432 6.440 6.447 6.454 6.461 6.469 6.476 6.483 6.490 6.497 6.504 6.511 6.518 6.525 6.533 6.540 6.547 6.554 6.560 6.567 6.574 6.580 6.587 6.593 6.600 6.606 6.613 6.619 6.625 6.632 6.638 6.644 6.651 6.657 6.663 6.669 6.676 6.682 6.689 6.695 6.701 6.708 6.714 6.720 6.726 6.732 6.739 6.745 6.751 6.757 6.763 6.769 6.775 6.781 6.787 6.793 6.799 6.805 6.810 6.816 6.822 6.827 6.833
6.319 6.328 6.337 6.345 6.354 6.363 6.372 6.380 6.388 6.395 6.403 6.411 6.418 6.426 6.433 6.440 6.448 6.455 6.462 6.469 6.477 6.484 6.491 6.498 6.505 6.512 6.519 6.526 6.534 6.541 6.548 6.554 6.561 6.568 6.575 6.581 6.588 6.594 6.601 6.607 6.613 6.620 6.626 6.632 6.639 6.645 6.651 6.657 6.664 6.670 6.676 6.683 6.690 6.696 6.702 6.708 6.714 6.720 6.727 6.733 6.739 6.745 6.751 6.757 6.763 6.769 6.775 6.781 6.787 6.793 6.799 6.805 6.810 6.816 6.822 6.828 6.833
6.319 6.328 6.337 6.345 6.355 6.364 6.372 6.380 6.388 6.396 6.404 6.411 6.419 6.426 6.434 6.441 6.448 6.456 6.463 6.470 6.477 6.484 6.491 6.499 6.506 6.513 6.520 6.527 6.535 6.542 6.549 6.555 6.562 6.569 6.575 6.582 6.588 6.595 6.601 6.608 6.614 6.620 6.627 6.633 6.639 6.646 6.652 6.658 6.664 6.670 6.677 6.684 6.690 6.696 6.702 6.708 6.715 6.721 6.727 6.733 6.739 6.745 6.751 6.757 6.764 6.770 6.776 6.782 6.787 6.793 6.799 6.805 6.811 6.816 6.822 6.828 6.833
6.318 6.327 6.336 6.345 6.355 6.364 6.372 6.380 6.388 6.396 6.404 6.412 6.419 6.427 6.434 6.442 6.449 6.456 6.464 6.471 6.478 6.485 6.492 6.499 6.506 6.513 6.521 6.528 6.535 6.543 6.549 6.556 6.563 6.570 6.576 6.583 6.589 6.596 6.602 6.609 6.615 6.621 6.628 6.634 6.640 6.646 6.652 6.659 6.665 6.671 6.677 6.684 6.691 6.697 6.703 6.709 6.715 6.721 6.727 6.733 6.739 6.745 6.752 6.758 6.764 6.770 6.776 6.782 6.788 6.793 6.799 6.805 6.811 6.816 6.822 6.828 6.833
6.318 6.327 6.336 6.345 6.355 6.364 6.372 6.380 6.389 6.397 6.404 6.412 6.420 6.427 6.435 6.442 6.450 6.457 6.464 6.472 6.479 6.486 6.493 6.500 6.507 6.514 6.521 6.529 6.536 6.544 6.550 6.557 6.564 6.570 6.577 6.584 6.590 6.597 6.603 6.609 6.616 6.622 6.628 6.634 6.641 6.647 6.653 6.659 6.665 6.672 6.678 6.685 6.691 6.697 6.703 6.709 6.715 6.721 6.728 6.734 6.740 6.746 6.752 6.758 6.764 6.770 6.776 6.782 6.788 6.793 6.799 6.805 6.811 6.816 6.822 6.828 6.833
6.317 6.326 6.336 6.345 6.355 6.364 6.372 6.381 6.389 6.397 6.405 6.412 6.420 6.428 6.435 6.443 6.450 6.458 6.465 6.472 6.479 6.486 6.494 6.501 6.508 6.515 6.522 6.530 6.537 6.544 6.551 6.558 6.564 6.571 6.578 6.584 6.591 6.597 6.604 6.610 6.616 6.623 6.629 6.635 6.641 6.648 6.654 6.660 6.666 6.672 6.679 6.685 6.692 6.698 6.704 6.710 6.716 6.722 6.728 6.734 6.740 6.746 6.752 6.758 6.764 6.770 6.776 6.782 6.788 6.794 6.799 6.805 6.811 6.817 6.822 6.828 6.833
6.316 6.325 6.335 6.344 6.354 6.363 6.372 6.380 6.389 6.397 6.405 6.413 6.420 6.428 6.436 6.443 6.451 6.458 6.465 6.473 6.480 6.487 6.494 6.501 6.508 6.516 6.523 6.530 6.538 6.545 6.552 6.559 6.565 6.572 6.579 6.585 6.592 6.598 6.604 6.611 6.617 6.623 6.630 6.636 6.642 6.648 6.654 6.660 6.667 6.673 6.679 6.686 6.692 6.698 6.704 6.710 6.716 6.722 6.728 6.734 6.740 6.746 6.752 6.758 6.764 6.770 6.776 6.782 6.788 6.794 6.799 6.805 6.811 6.817 6.822 6.828 6.834
6.315 6.324 6.334 6.344 6.353 6.363 6.372 6.380 6.388 6.397 6.405 6.413 6.421 6.428 6.436 6.444 6.451 6.458 6.466 6.473 6.480 6.488 6.495 6.502 6.509 6.516 6.524 6.531 6.539 6.546 6.552 6.559 6.566 6.573 6.579 6.586 6.592 6.599 6.605 6.612 6.618 6.624 6.630 6.637 6.643 6.649 6.655 6.661 6.667 6.673 6.680 6.686 6.693 6.699 6.705 6.711 6.717 6.723 6.729 6.735 6.741 6.747 6.753 6.758 6.764 6.770 6.776 6.782 6.788 6.794 6.799 6.805 6.811 6.817 6.823 6.828 6.834
6.313 6.323 6.333 6.343 6.353 6.362 6.371 6.380 6.388 6.396 6.405 6.413 6.421 6.428 6.436 6.444 6.451 6.459 6.466 6.473 6.481 6.488 6.495 6.502 6.510 6.517 6.524 6.532 6.539 6.546 6.553 6.560 6.567 6.573 6.580 6.586 6.593 6.599 6.606 6.612 6.619 6.625 6.631 6.637 6.643 6.649 6.656 6.662 6.668 6.674 6.680 6.687 6.693 6.699 6.705 6.711 6.717 6.723 6.729 6.735 6.741 6.747 6.753 6.759 6.765 6.770 6.776 6.782 6.788 6.794 6.800 6.805 6.811 6.817 6.823 6.828 6.834
6.312 6.322 6.331 6.341 6.352 6.361 6.370 6.379 6.388 6.396 6.404 6.412 6.420 6.428 6.436 6.444 6.451 6.459 6.466 6.474 6.481 6.488 6.496 6.503 6.510 6.517 6.525 6.532 6.540 6.547 6.554 6.560 6.567 6.574 6.581 6.587 6.594 6.600 6.606 6.613 6.619 6.625 6.632 6.638 6.644 6.650 6.656 6.662 6.668 6.675 6.681 6.688 6.694 6.699 6.705 6.711 6.717 6.723 6.729 6.735 6.741 6.747 6.753 6.759 6.765 6.771 6.776 6.782 6.788 6.794 6.800 6.805 6.811 6.817 6.823 6.828 6.834
6.310 6.320 6.330 6.340 6.350 6.360 6.369 6.378 6.387 6.395 6.404 6.412 6.420 6.428 6.436 6.444 6.451 6.459 6.466 6.474 6.481 6.489 6.496 6.503 6.510 6.518 6.525 6.533 6.540 6.547 6.554 6.561 6.568 6.574 6.581 6.588 6.594 6.601 6.607 6.613 6.620 6.626 6.632 6.638 6.644 6.651 6.657 6.663 6.669 6.675 6.682 6.688 6.694 6.700 6.706 6.712 6.718 6.724 6.730 6.735 6.741 6.747 6.753 6.759 6.765 6.771 6.777 6.782 6.788 6.794 6.800 6.805 6.811 6.817 6.823 6.828 6.834
6.307 6.318 6.328 6.338 6.349 6.359 6.368 6.377 6.386 6.394 6.403 6.411 6.420 6.428 6.436 6.443 6.451 6.459 6.466 6.474 6.481 6.489 6.496 6.503 6.511 6.518 6.525 6.533 6.541 6.548 6.555 6.561 6.568 6.575 6.582 6.588 6.595 6.601 6.608 6.614 6.620 6.626 6.633 6.639 6.645 6.651 6.657 6.663 6.669 6.676 6.682 6.688 6.694 6.700 6.706 6.712 6.718 6.724 6.730 6.736 6.742 6.748 6.753 6.759 6.765 6.771 6.777 6.782 6.788 6.794 6.800 6.805 6.811 6.817 6.823 6.828 6.834
6.305 6.315 6.326 6.336 6.347 6.357 6.366 6.375 6.385 6.393 6.402 6.410 6.419 6.427 6.435 6.443 6.451 6.459 6.466 6.474 6.481 6.489 6.496 6.503 6.511 6.518 6.526 6.533 6.541 6.548 6.555 6.562 6.569 6.575 6.582 6.589 6.595 6.602 6.608 6.614 6.621 6.627 6.633 6.639 6.645 6.652 6.658 6.664 6.670 6.676 6.683 6.689 6.695 6.701 6.707 6.712 6.718 6.724 6.730 6.736 6.742 6.748 6.754 6.759 6.765 6.771 6.777 6.782 6.788 6.794 6.799 6.805 6.811 6.817 6.823 6.828 6.833
6.302 6.313 6.323 6.334 6.345 6.355 6.364 6.374 6.383 6.392 6.401 6.409 6.418 6.426 6.434 6.442 6.450 6.458 6.466 6.473 6.481 6.489 6.496 6.503 6.511 6.518 6.526 6.534 6.541 6.548 6.555 6.562 6.569 6.576 6.582 6.589 6.595 6.602 6.608 6.615 6.621 6.627 6.634 6.640 6.646 6.652 6.658 6.664 6.670 6.676 6.683 6.689 6.695 6.701 6.707 6.713 6.719 6.725 6.730 6.736 6.742 6.748 6.754 6.759 6.765 6.771 6.777 6.782 6.788 6.794 6.799 6.805 6.811 6.817 6.822 6.828 6.833
6.299 6.310 6.320 6.331 6.342 6.353 6.362 6.372 6.381 6.390 6.399 6.408 6.417 6.425 6.433 6.441 6.450 6.457 6.465 6.473 6.481 6.488 6.496 6.503 6.511 6.518 6.526 6.534 6.541 6.548 6.555 6.562 6.569 6.576 6.582 6.589 6.596 6.602 6.609 6.615 6.621 6.628 6.634 6.640 6.646 6.652 6.658 6.664 6.671 6.677 6.683 6.689 6.695 6.701 6.707 6.713 6.719 6.725 6.731 6.736 6.742 6.748 6.754 6.759 6.765 6.771 6.777 6.782 6.788 6.794 6.799 6.805 6.811 6.816 6.822 6.828 6.833
6.296 6.306 6.317 6.328 6.339 6.350 6.360 6.370 6.379 6.388 6.397 6.406 6.415 6.424 6.432 6.440 6.449 6.457 6.464 6.472 6.480 6.488 6.495 6.503 6.510 6.518 6.526 6.533 6.541 6.548 6.555 6.562 6.569 6.576 6.583 6.589 6.596 6.602 6.609 6.615 6.622 6.628 6.634 6.640 6.646 6.653 6.659 6.665 6.671 6.677 6.683 6.690 6.696 6.702 6.707 6.713 6.719 6.725 6.731 6.736 6.742 6.748 6.754 6.759 6.765 6.771 6.777 6.782 6.788 6.793 6.799 6.805 6.810 6.816 6.822 6.827 6.833
6.292 6.303 6.314 6.325 6.336 6.347 6.357 6.367 6.377 6.386 6.395 6.404 6.413 6.422 6.431 6.439 6.447 6.455 6.464 6.471 6.479 6.487 6.495 6.502 6.510 6.518 6.525 6.533 6.541 6.548 6.555 6.562 6.569 6.576 6.583 6.589 6.596 6.602 6.609 6.615 6.622 6.628 6.634 6.640 6.647 6.653 6.659 6.665 6.671 6.677 6.684 6.690 6.696 6.702 6.708 6.713 6.719 6.725 6.731 6.737 6.742 6.748 6.754 6.759 6.765 6.771 6.776 6.782 6.788 6.793 6.799 6.804 6.810 6.816 6.822 6.827 6.832
6.288 6.299 6.310 6.321 6.333 6.344 6.354 6.364 6.374 6.384 6.393 6.402 6.411 6.420 6.429 6.437 6.446 6.454 6.462 6.470 6.478 6.486 6.494 6.502 6.509 6.517 6.525 6.533 6.540 6.548 6.555 6.562 6.569 6.576 6.582 6.589 6.596 6.602 6.609 6.615 6.622 6.628 6.634 6.640 6.647 6.653 6.659 6.665 6.671 6.677 6.684 6.690 6.696 6.702 6.708 6.713 6.719 6.725 6.731 6.736 6.742 6.748 6.754 6.759 6.765 6.771 6.776 6.782 6.787 6.793 6.798 6.804 6.810 6.815 6.821 6.827 6.832
6.284 6.295 6.306 6.318 6.329 6.340 6.351 6.361 6.371 6.381 6.390 6.400 6.409 6.418 6.427 6.436 6.444 6.453 6.461 6.469 6.477 6.485 6.493 6.501 6.508 6.516 6.524 6.532 6.540 6.547 6.554 6.561 6.568 6.575 6.582 6.589 6.596 6.602 6.609 6.615 6.622 6.628 6.634 6.640 6.647 6.653 6.659 6.665 6.671 6.677 6.684 6.690 6.696 6.702 6.708 6.713 6.719 6.725 6.731 6.736 6.742 6.748 6.753 6.759 6.765 6.770 6.776 6.781 6.787 6.793 6.798 6.804 6.809 6.815 6.821 6.826 6.831
6.279 6.290 6.302 6.313 6.325 6.336 6.347 6.357 6.367 6.377 6.387 6.397 6.406 6.415 6.425 6.433 6.442 6.451 6.459 6.467 6.476 6.484 6.492 6.500 6.507 6.515 6.523 6.531 6.539 6.546 6.554 6.561 6.568 6.575 6.582 6.588 6.595 6.602 6.608 6.615 6.621 6.628 6.634 6.640 6.646 6.653 6.659 6.665 6.671 6.677 6.684 6.690 6.696 6.702 6.707 6.713 6.719 6.725 6.731 6.736 6.742 6.748 6.753 6.759 6.764 6.770 6.776 6.781 6.787 6.792 6.798 6.803 6.809 6.814 6.820 6.825 6.831
6.274 6.286 6.297 6.309 6.321 6.332 6.342 6.353 6.363 6.374 6.384 6.394 6.403 6.413 6.422 6.431 6.440 6.449 6.457 6.466 6.474 6.482 6.490 6.498 6.506 6.514 6.522 6.530 6.538 6.546 6.553 6.560 6.567 6.574 6.581 6.588 6.595 6.601 6.608 6.615 6.621 6.627 6.634 6.640 6.646 6.652 6.659 6.665 6.671 6.677 6.683 6.690 6.696 6.701 6.707 6.713 6.719 6.725 6.730 6.736 6.742 6.747 6.753 6.758 6.764 6.770 6.775 6.781 6.786 6.792 6.797 6.802 6.808 6.814 6.819 6.825 6.830
6.269 6.280 6.292 6.304 6.316 6.327 6.338 6.349 6.359 6.370 6.380 6.390 6.400 6.409 6.419 6.428 6.437 6.446 6.455 6.463 6.472 6.480 6.489 6.497 6.505 6.513 6.521 6.529 6.537 6.545 6.552 6.559 6.566 6.573 6.580 6.587 6.594 6.601 6.607 6.614 6.620 6.627 6.633 6.640 6.646 6.652 6.658 6.664 6.670 6.677 6.683 6.689 6.695 6.701 6.707 6.713 6.719 6.724 6.730 6.736 6.741 6.747 6.752 6.758 6.764 6.769 6.775 6.780 6.786 6.791 6.796 6.802 6.807 6.813 6.819 6.824 6.829
