version1/TsunamiDB/out54126.asc
ncols          264
nrows          230
xllcorner      497853.4375
yllcorner      4229146.0000
cellsize         5.
NODATA_value   -99
[rows 136 to 169 of 230, columns 0 to 76 of 264]
5.513 5.528 5.543 5.557 5.571 5.584 5.598 5.611 5.623 5.634 5.645 5.657 5.669 5.680 5.692 5.703 5.714 5.726 5.737 5.748 5.760 5.771 5.782 5.793 5.805 5.816 5.827 5.839 5.850 5.862 5.874 5.886 5.896 5.907 5.918 5.930 5.943 5.955 5.969 5.983 5.997 6.012 6.028 6.045 6.063 6.082 6.102 6.123 6.146 6.169 6.193 6.218 6.243 6.270 6.295 6.320 6.344 6.368 6.391 6.414 6.436 6.457 6.477 6.496 6.514 6.531 6.548 6.564 6.579 6.593 6.607 6.620 6.633 6.645 6.657 6.669 6.680
5.524 5.539 5.553 5.568 5.582 5.595 5.609 5.622 5.634 5.645 5.656 5.668 5.680 5.691 5.702 5.714 5.725 5.736 5.747 5.758 5.769 5.780 5.791 5.802 5.813 5.824 5.835 5.846 5.857 5.869 5.880 5.891 5.901 5.911 5.922 5.934 5.945 5.957 5.969 5.982 5.995 6.009 6.023 6.038 6.054 6.071 6.089 6.107 6.127 6.148 6.171 6.194 6.218 6.243 6.269 6.293 6.318 6.343 6.367 6.392 6.415 6.439 6.461 6.482 6.502 6.521 6.540 6.557 6.574 6.590 6.605 6.619 6.633 6.646 6.659 6.672 6.684
5.533 5.549 5.563 5.578 5.592 5.606 5.619 5.633 5.645 5.656 5.668 5.679 5.691 5.702 5.713 5.724 5.735 5.746 5.757 5.768 5.778 5.789 5.800 5.810 5.821 5.832 5.843 5.854 5.864 5.876 5.887 5.897 5.907 5.917 5.927 5.938 5.949 5.960 5.971 5.983 5.995 6.008 6.021 6.034 6.048 6.063 6.079 6.096 6.113 6.132 6.152 6.173 6.195 6.219 6.243 6.266 6.290 6.315 6.340 6.365 6.391 6.415 6.439 6.463 6.485 6.507 6.527 6.547 6.565 6.583 6.599 6.615 6.630 6.645 6.659 6.672 6.685
5.542 5.558 5.573 5.588 5.602 5.616 5.630 5.643 5.656 5.667 5.679 5.690 5.702 5.713 5.724 5.735 5.746 5.757 5.767 5.778 5.788 5.799 5.809 5.820 5.830 5.840 5.851 5.862 5.872 5.883 5.894 5.904 5.913 5.923 5.933 5.943 5.954 5.964 5.975 5.986 5.997 6.009 6.021 6.033 6.046 6.059 6.073 6.088 6.104 6.120 6.138 6.156 6.176 6.198 6.219 6.241 6.264 6.287 6.312 6.337 6.362 6.388 6.413 6.438 6.462 6.486 6.509 6.530 6.551 6.571 6.589 6.607 6.624 6.640 6.655 6.670 6.684
5.551 5.567 5.582 5.597 5.611 5.626 5.640 5.653 5.666 5.677 5.689 5.701 5.712 5.724 5.735 5.746 5.757 5.767 5.778 5.788 5.799 5.809 5.819 5.829 5.839 5.849 5.860 5.870 5.880 5.891 5.901 5.911 5.920 5.929 5.939 5.949 5.959 5.969 5.980 5.990 6.001 6.012 6.023 6.034 6.046 6.058 6.070 6.084 6.098 6.112 6.128 6.144 6.162 6.181 6.200 6.219 6.240 6.262 6.285 6.309 6.333 6.359 6.384 6.410 6.435 6.460 6.485 6.509 6.531 6.553 6.574 6.594 6.613 6.631 6.648 6.664 6.680
5.559 5.575 5.590 5.605 5.620 5.635 5.649 5.663 5.676 5.688 5.699 5.711 5.723 5.735 5.746 5.757 5.768 5.778 5.789 5.799 5.809 5.819 5.829 5.839 5.849 5.859 5.869 5.879 5.889 5.899 5.909 5.918 5.927 5.936 5.946 5.955 5.965 5.975 5.985 5.995 6.005 6.015 6.026 6.037 6.047 6.059 6.070 6.082 6.095 6.108 6.122 6.136 6.152 6.168 6.185 6.202 6.221 6.240 6.261 6.283 6.306 6.330 6.355 6.380 6.405 6.431 6.457 6.482 6.506 6.530 6.553 6.575 6.597 6.617 6.636 6.654 6.672
5.566 5.582 5.598 5.614 5.629 5.643 5.658 5.672 5.685 5.697 5.709 5.721 5.733 5.745 5.756 5.768 5.779 5.789 5.800 5.810 5.820 5.830 5.840 5.849 5.859 5.869 5.878 5.888 5.898 5.907 5.917 5.926 5.935 5.944 5.953 5.962 5.972 5.981 5.991 6.001 6.010 6.020 6.030 6.040 6.051 6.061 6.072 6.083 6.094 6.106 6.119 6.132 6.145 6.160 6.175 6.190 6.206 6.223 6.242 6.261 6.282 6.304 6.327 6.351 6.376 6.401 6.426 6.452 6.477 6.502 6.527 6.551 6.575 6.597 6.618 6.639 6.658
5.573 5.589 5.605 5.621 5.636 5.651 5.666 5.681 5.694 5.706 5.719 5.731 5.743 5.755 5.767 5.778 5.789 5.800 5.810 5.821 5.831 5.840 5.850 5.860 5.869 5.879 5.888 5.898 5.907 5.916 5.926 5.935 5.943 5.952 5.961 5.970 5.979 5.988 5.998 6.007 6.016 6.026 6.035 6.045 6.055 6.065 6.075 6.085 6.096 6.107 6.118 6.130 6.142 6.155 6.169 6.182 6.196 6.211 6.227 6.245 6.263 6.283 6.304 6.325 6.348 6.372 6.396 6.421 6.446 6.472 6.497 6.522 6.547 6.571 6.595 6.618 6.639
5.580 5.596 5.612 5.628 5.644 5.659 5.674 5.689 5.702 5.715 5.727 5.740 5.753 5.765 5.777 5.788 5.799 5.810 5.821 5.831 5.841 5.851 5.861 5.870 5.880 5.889 5.898 5.908 5.917 5.926 5.935 5.944 5.952 5.960 5.969 5.978 5.986 5.995 6.005 6.014 6.023 6.032 6.041 6.051 6.060 6.069 6.079 6.089 6.099 6.109 6.119 6.130 6.142 6.154 6.165 6.177 6.189 6.203 6.217 6.233 6.249 6.266 6.285 6.304 6.325 6.346 6.369 6.392 6.416 6.441 6.466 6.491 6.517 6.542 6.567 6.591 6.615
5.587 5.603 5.619 5.635 5.651 5.666 5.681 5.696 5.710 5.723 5.736 5.749 5.761 5.774 5.786 5.798 5.809 5.820 5.831 5.842 5.852 5.862 5.872 5.881 5.890 5.900 5.909 5.918 5.927 5.936 5.945 5.953 5.961 5.969 5.977 5.986 5.995 6.003 6.012 6.021 6.030 6.039 6.048 6.057 6.066 6.075 6.084 6.093 6.103 6.112 6.122 6.132 6.143 6.154 6.165 6.175 6.186 6.198 6.211 6.225 6.239 6.255 6.271 6.288 6.306 6.326 6.346 6.367 6.389 6.412 6.436 6.460 6.485 6.510 6.536 6.561 6.586
5.593 5.610 5.626 5.642 5.658 5.673 5.688 5.703 5.717 5.730 5.743 5.757 5.770 5.782 5.795 5.807 5.819 5.830 5.841 5.852 5.862 5.872 5.882 5.892 5.901 5.910 5.920 5.928 5.937 5.946 5.955 5.963 5.971 5.978 5.986 5.995 6.003 6.012 6.020 6.029 6.037 6.046 6.055 6.063 6.072 6.081 6.090 6.099 6.108 6.117 6.126 6.136 6.146 6.156 6.166 6.176 6.186 6.196 6.208 6.220 6.233 6.247 6.261 6.277 6.293 6.310 6.328 6.347 6.367 6.388 6.410 6.432 6.456 6.480 6.504 6.529 6.555
5.600 5.616 5.633 5.648 5.664 5.680 5.695 5.710 5.724 5.737 5.751 5.764 5.778 5.791 5.803 5.816 5.828 5.839 5.851 5.862 5.872 5.883 5.893 5.902 5.912 5.921 5.930 5.939 5.948 5.957 5.966 5.974 5.981 5.988 5.996 6.004 6.012 6.020 6.029 6.037 6.045 6.054 6.062 6.071 6.079 6.088 6.096 6.105 6.113 6.122 6.131 6.140 6.150 6.160 6.169 6.178 6.187 6.197 6.207 6.218 6.230 6.243 6.256 6.269 6.284 6.299 6.315 6.332 6.350 6.369 6.388 6.409 6.430 6.452 6.475 6.499 6.524
5.608 5.624 5.640 5.655 5.671 5.687 5.702 5.717 5.731 5.744 5.758 5.772 5.785 5.798 5.811 5.824 5.836 5.848 5.860 5.871 5.882 5.892 5.903 5.913 5.922 5.932 5.941 5.950 5.959 5.968 5.976 5.984 5.991 5.998 6.006 6.014 6.022 6.030 6.038 6.046 6.054 6.062 6.070 6.078 6.086 6.095 6.103 6.111 6.120 6.128 6.137 6.146 6.155 6.164 6.173 6.181 6.190 6.199 6.209 6.219 6.230 6.241 6.253 6.265 6.278 6.292 6.306 6.322 6.337 6.354 6.372 6.390 6.409 6.430 6.451 6.473 6.496
5.616 5.631 5.647 5.663 5.678 5.694 5.709 5.724 5.737 5.751 5.765 5.779 5.792 5.806 5.819 5.832 5.844 5.857 5.869 5.880 5.891 5.902 5.913 5.923 5.933 5.942 5.952 5.961 5.970 5.978 5.987 5.995 6.002 6.009 6.016 6.024 6.032 6.039 6.047 6.055 6.063 6.071 6.078 6.086 6.094 6.102 6.110 6.119 6.127 6.135 6.143 6.152 6.160 6.169 6.178 6.185 6.194 6.202 6.211 6.221 6.231 6.241 6.252 6.264 6.276 6.288 6.301 6.315 6.329 6.344 6.360 6.376 6.394 6.412 6.431 6.451 6.472
5.624 5.640 5.655 5.671 5.686 5.701 5.717 5.731 5.744 5.758 5.772 5.786 5.800 5.813 5.827 5.840 5.852 5.865 5.877 5.889 5.900 5.911 5.922 5.933 5.943 5.952 5.962 5.971 5.980 5.989 5.998 6.006 6.012 6.020 6.027 6.034 6.042 6.049 6.057 6.065 6.072 6.080 6.087 6.095 6.103 6.111 6.118 6.126 6.134 6.142 6.150 6.159 6.167 6.175 6.183 6.191 6.198 6.207 6.215 6.224 6.234 6.243 6.254 6.264 6.275 6.287 6.299 6.311 6.324 6.338 6.352 6.367 6.383 6.399 6.416 6.434 6.453
5.634 5.649 5.664 5.679 5.694 5.709 5.725 5.739 5.752 5.766 5.779 5.793 5.807 5.821 5.834 5.847 5.860 5.873 5.885 5.897 5.909 5.920 5.931 5.942 5.952 5.963 5.972 5.982 5.991 6.000 6.009 6.016 6.023 6.031 6.038 6.045 6.053 6.060 6.067 6.075 6.082 6.089 6.097 6.104 6.112 6.119 6.127 6.135 6.142 6.150 6.158 6.166 6.174 6.182 6.190 6.197 6.204 6.212 6.220 6.229 6.238 6.247 6.256 6.266 6.277 6.287 6.298 6.310 6.322 6.335 6.348 6.361 6.375 6.390 6.406 6.422 6.439
5.645 5.660 5.674 5.689 5.704 5.718 5.733 5.747 5.760 5.774 5.787 5.801 5.815 5.828 5.842 5.855 5.868 5.881 5.893 5.906 5.917 5.929 5.940 5.951 5.962 5.972 5.982 5.992 6.002 6.011 6.020 6.027 6.034 6.042 6.049 6.056 6.063 6.071 6.078 6.085 6.092 6.100 6.107 6.114 6.121 6.129 6.136 6.143 6.151 6.158 6.166 6.174 6.182 6.190 6.197 6.204 6.211 6.218 6.226 6.234 6.242 6.251 6.260 6.270 6.279 6.289 6.300 6.311 6.322 6.334 6.346 6.358 6.371 6.385 6.399 6.414 6.430
5.658 5.672 5.686 5.700 5.714 5.728 5.743 5.756 5.769 5.782 5.796 5.809 5.823 5.836 5.850 5.863 5.876 5.889 5.902 5.914 5.926 5.938 5.949 5.960 5.971 5.982 5.992 6.002 6.012 6.022 6.031 6.038 6.045 6.053 6.060 6.067 6.075 6.082 6.089 6.096 6.103 6.110 6.117 6.124 6.131 6.138 6.146 6.153 6.160 6.167 6.175 6.182 6.190 6.198 6.204 6.211 6.218 6.225 6.232 6.240 6.248 6.256 6.265 6.274 6.283 6.293 6.303 6.313 6.323 6.334 6.346 6.357 6.370 6.382 6.395 6.409 6.424
5.672 5.685 5.699 5.712 5.726 5.739 5.753 5.766 5.779 5.792 5.805 5.818 5.832 5.845 5.858 5.871 5.884 5.897 5.910 5.922 5.935 5.946 5.958 5.970 5.981 5.991 6.002 6.012 6.022 6.032 6.041 6.049 6.056 6.064 6.071 6.079 6.086 6.093 6.100 6.107 6.114 6.121 6.128 6.135 6.142 6.149 6.156 6.163 6.170 6.177 6.184 6.191 6.199 6.206 6.213 6.219 6.225 6.232 6.239 6.247 6.255 6.263 6.271 6.279 6.288 6.297 6.307 6.316 6.326 6.337 6.347 6.358 6.370 6.382 6.394 6.407 6.420
5.687 5.700 5.713 5.726 5.739 5.752 5.765 5.778 5.790 5.802 5.815 5.828 5.841 5.854 5.867 5.880 5.893 5.906 5.919 5.931 5.943 5.955 5.967 5.979 5.990 6.001 6.012 6.022 6.032 6.043 6.051 6.059 6.067 6.075 6.082 6.090 6.097 6.105 6.112 6.119 6.126 6.133 6.139 6.146 6.153 6.160 6.166 6.173 6.180 6.187 6.194 6.201 6.208 6.215 6.221 6.227 6.234 6.240 6.247 6.254 6.262 6.269 6.277 6.286 6.294 6.303 6.312 6.321 6.330 6.340 6.350 6.361 6.372 6.383 6.395 6.407 6.420
5.704 5.717 5.729 5.741 5.754 5.766 5.779 5.791 5.803 5.814 5.827 5.839 5.852 5.865 5.877 5.890 5.903 5.915 5.928 5.940 5.953 5.965 5.976 5.988 5.999 6.011 6.021 6.032 6.042 6.053 6.062 6.070 6.078 6.086 6.094 6.101 6.109 6.116 6.123 6.131 6.137 6.144 6.151 6.158 6.164 6.171 6.177 6.184 6.191 6.197 6.204 6.211 6.218 6.225 6.231 6.236 6.243 6.249 6.256 6.263 6.270 6.277 6.285 6.292 6.300 6.309 6.317 6.326 6.335 6.345 6.354 6.364 6.375 6.386 6.397 6.409 6.420
5.722 5.734 5.746 5.758 5.770 5.782 5.794 5.806 5.816 5.828 5.840 5.852 5.864 5.876 5.889 5.901 5.913 5.926 5.938 5.950 5.962 5.974 5.986 5.998 6.009 6.020 6.031 6.042 6.053 6.063 6.072 6.080 6.089 6.097 6.105 6.113 6.120 6.128 6.135 6.142 6.149 6.156 6.163 6.169 6.176 6.182 6.189 6.195 6.202 6.208 6.215 6.222 6.229 6.235 6.241 6.246 6.252 6.258 6.265 6.271 6.278 6.285 6.292 6.300 6.308 6.316 6.324 6.332 6.341 6.350 6.359 6.369 6.379 6.389 6.400 6.412 6.423
5.742 5.753 5.765 5.776 5.788 5.799 5.811 5.822 5.832 5.843 5.854 5.865 5.877 5.889 5.901 5.913 5.925 5.937 5.949 5.961 5.973 5.984 5.996 6.008 6.019 6.030 6.041 6.052 6.063 6.073 6.083 6.091 6.100 6.108 6.116 6.124 6.132 6.140 6.147 6.154 6.161 6.168 6.175 6.181 6.188 6.194 6.201 6.207 6.214 6.220 6.226 6.233 6.240 6.246 6.251 6.257 6.262 6.268 6.274 6.281 6.287 6.294 6.301 6.308 6.316 6.323 6.331 6.339 6.348 6.356 6.365 6.374 6.384 6.394 6.404 6.415 6.426
5.761 5.773 5.784 5.795 5.806 5.818 5.829 5.839 5.849 5.859 5.870 5.881 5.892 5.903 5.914 5.926 5.937 5.949 5.961 5.972 5.984 5.995 6.007 6.018 6.030 6.041 6.052 6.063 6.073 6.084 6.094 6.102 6.111 6.119 6.127 6.136 6.144 6.151 6.159 6.166 6.173 6.180 6.187 6.194 6.200 6.207 6.213 6.219 6.226 6.232 6.238 6.245 6.251 6.257 6.262 6.267 6.273 6.279 6.285 6.291 6.297 6.304 6.310 6.317 6.324 6.331 6.339 6.347 6.355 6.363 6.372 6.381 6.390 6.400 6.410 6.420 6.430
5.781 5.793 5.804 5.815 5.826 5.837 5.848 5.857 5.867 5.877 5.887 5.897 5.908 5.918 5.929 5.940 5.951 5.962 5.973 5.985 5.996 6.007 6.019 6.030 6.041 6.052 6.063 6.074 6.084 6.095 6.105 6.113 6.122 6.130 6.139 6.147 6.155 6.163 6.171 6.179 6.186 6.193 6.200 6.206 6.213 6.219 6.226 6.232 6.238 6.244 6.250 6.257 6.263 6.269 6.274 6.279 6.284 6.290 6.295 6.301 6.307 6.314 6.320 6.327 6.333 6.340 6.348 6.355 6.363 6.371 6.379 6.388 6.396 6.406 6.415 6.425 6.435
5.801 5.813 5.824 5.835 5.846 5.856 5.867 5.877 5.886 5.895 5.905 5.915 5.925 5.935 5.945 5.956 5.966 5.977 5.987 5.998 6.009 6.020 6.031 6.042 6.053 6.064 6.075 6.085 6.096 6.106 6.116 6.125 6.133 6.142 6.151 6.159 6.167 6.175 6.183 6.191 6.198 6.205 6.212 6.219 6.226 6.232 6.238 6.244 6.251 6.257 6.263 6.269 6.275 6.281 6.286 6.291 6.296 6.301 6.307 6.312 6.318 6.324 6.330 6.337 6.343 6.350 6.357 6.364 6.371 6.379 6.387 6.395 6.404 6.413 6.422 6.432 6.441
5.820 5.832 5.843 5.854 5.865 5.876 5.886 5.896 5.905 5.914 5.924 5.933 5.943 5.952 5.962 5.972 5.982 5.992 6.002 6.013 6.023 6.034 6.044 6.055 6.066 6.076 6.087 6.097 6.108 6.118 6.128 6.137 6.145 6.154 6.163 6.171 6.179 6.188 6.196 6.203 6.211 6.218 6.225 6.232 6.238 6.245 6.251 6.257 6.263 6.270 6.276 6.282 6.288 6.293 6.298 6.303 6.308 6.313 6.318 6.324 6.330 6.335 6.341 6.347 6.353 6.360 6.366 6.373 6.380 6.388 6.395 6.403 6.411 6.420 6.429 6.438 6.447
5.839 5.850 5.862 5.873 5.884 5.895 5.906 5.915 5.924 5.933 5.943 5.952 5.961 5.971 5.980 5.990 5.999 6.009 6.018 6.028 6.038 6.048 6.058 6.069 6.079 6.089 6.100 6.110 6.120 6.131 6.140 6.149 6.157 6.166 6.175 6.183 6.192 6.200 6.208 6.216 6.223 6.231 6.238 6.245 6.251 6.258 6.264 6.270 6.277 6.283 6.289 6.295 6.301 6.306 6.311 6.316 6.320 6.325 6.331 6.336 6.341 6.347 6.353 6.358 6.364 6.370 6.377 6.383 6.390 6.397 6.404 6.412 6.420 6.428 6.436 6.446 6.454
5.856 5.868 5.880 5.891 5.903 5.914 5.924 5.934 5.943 5.952 5.961 5.971 5.980 5.989 5.998 6.008 6.017 6.026 6.035 6.045 6.054 6.064 6.073 6.083 6.093 6.103 6.113 6.123 6.133 6.144 6.153 6.161 6.170 6.179 6.187 6.196 6.204 6.213 6.221 6.229 6.236 6.244 6.251 6.258 6.264 6.271 6.277 6.284 6.290 6.296 6.302 6.308 6.314 6.319 6.324 6.328 6.333 6.338 6.343 6.348 6.354 6.359 6.364 6.370 6.376 6.381 6.387 6.394 6.400 6.407 6.414 6.421 6.428 6.436 6.445 6.453 6.462
5.873 5.885 5.897 5.908 5.920 5.931 5.942 5.952 5.961 5.970 5.980 5.989 5.998 6.008 6.017 6.026 6.035 6.043 6.052 6.061 6.070 6.080 6.089 6.098 6.108 6.117 6.127 6.137 6.147 6.157 6.166 6.174 6.183 6.191 6.200 6.209 6.217 6.226 6.234 6.242 6.249 6.257 6.264 6.271 6.278 6.284 6.291 6.297 6.303 6.309 6.315 6.321 6.327 6.332 6.337 6.341 6.346 6.351 6.356 6.361 6.366 6.371 6.377 6.382 6.387 6.393 6.399 6.405 6.411 6.417 6.423 6.430 6.438 6.445 6.453 6.462 6.470
5.890 5.902 5.913 5.925 5.936 5.948 5.959 5.968 5.978 5.988 5.997 6.007 6.016 6.026 6.035 6.044 6.052 6.061 6.070 6.078 6.087 6.096 6.105 6.114 6.123 6.132 6.142 6.151 6.161 6.171 6.179 6.188 6.196 6.205 6.213 6.222 6.230 6.239 6.247 6.255 6.262 6.270 6.277 6.284 6.291 6.298 6.304 6.310 6.317 6.323 6.329 6.335 6.341 6.346 6.350 6.355 6.359 6.364 6.369 6.374 6.379 6.384 6.389 6.394 6.399 6.405 6.410 6.416 6.422 6.428 6.434 6.440 6.447 6.454 6.462 6.470 6.478
5.907 5.918 5.929 5.941 5.952 5.964 5.975 5.984 5.994 6.004 6.014 6.024 6.033 6.043 6.052 6.061 6.070 6.078 6.087 6.096 6.104 6.113 6.121 6.130 6.139 6.148 6.157 6.166 6.175 6.185 6.193 6.201 6.209 6.218 6.226 6.235 6.243 6.252 6.260 6.268 6.276 6.283 6.291 6.298 6.305 6.311 6.318 6.324 6.330 6.336 6.342 6.348 6.354 6.359 6.364 6.368 6.372 6.377 6.382 6.387 6.392 6.397 6.401 6.407 6.412 6.417 6.422 6.427 6.433 6.438 6.444 6.451 6.457 6.464 6.471 6.479 6.487
5.924 5.935 5.946 5.957 5.968 5.979 5.989 5.999 6.009 6.019 6.029 6.039 6.049 6.059 6.068 6.077 6.086 6.095 6.104 6.112 6.121 6.129 6.137 6.146 6.154 6.163 6.172 6.181 6.190 6.199 6.207 6.215 6.223 6.231 6.240 6.248 6.257 6.265 6.273 6.281 6.289 6.297 6.304 6.311 6.318 6.325 6.331 6.338 6.344 6.350 6.356 6.362 6.368 6.373 6.377 6.381 6.386 6.390 6.395 6.400 6.405 6.409 6.414 6.419 6.424 6.429 6.434 6.439 6.444 6.450 6.455 6.461 6.468 6.474 6.481 6.488 6.496
5.943 5.952 5.962 5.973 5.983 5.994 6.004 6.014 6.023 6.033 6.044 6.054 6.064 6.074 6.083 6.093 6.102 6.111 6.120 6.128 6.137 6.145 6.153 6.162 6.170 6.178 6.187 6.196 6.204 6.213 6.221 6.228 6.236 6.245 6.253 6.261 6.270 6.278 6.286 6.294 6.302 6.310 6.317 6.325 6.332 6.338 6.345 6.351 6.358 6.364 6.370 6.376 6.382 6.386 6.391 6.395 6.399 6.404 6.408 6.413 6.418 6.422 6.427 6.432 6.437 6.441 6.446 6.451 6.456 6.461 6.467 6.472 6.478 6.484 6.491 6.498 6.505
