version1/TsunamiDB/out54132.asc
ncols          264
nrows          230
xllcorner      497853.4375
yllcorner      4229146.0000
cellsize         5.
NODATA_value   -99
[rows 0 to 33 of 230, columns 77 to 153 of 264]
5.575 5.587 5.598 5.609 5.619 5.630 5.640 5.650 5.660 5.669 5.677 5.685 5.694 5.703 5.712 5.722 5.731 5.741 5.751 5.761 5.772 5.783 5.794 5.806 5.818 5.830 5.843 5.856 5.870 5.884 5.898 5.912 5.926 5.939 5.953 5.967 5.982 5.996 6.011 6.026 6.041 6.057 6.072 6.087 6.103 6.118 6.133 6.148 6.163 6.177 6.192 6.206 6.221 6.235 6.249 6.261 6.273 6.285 6.296 6.308 6.318 6.329 6.339 6.349 6.359 6.368 6.377 6.385 6.394 6.401 6.408 6.415 6.422 6.428 6.434 6.440 6.446
5.585 5.596 5.608 5.619 5.630 5.640 5.651 5.661 5.671 5.679 5.688 5.696 5.705 5.713 5.722 5.731 5.740 5.749 5.759 5.768 5.778 5.788 5.799 5.810 5.821 5.833 5.845 5.857 5.870 5.883 5.897 5.910 5.923 5.936 5.949 5.962 5.976 5.990 6.005 6.019 6.034 6.049 6.064 6.079 6.094 6.109 6.124 6.139 6.154 6.168 6.183 6.198 6.212 6.227 6.241 6.253 6.266 6.278 6.290 6.301 6.313 6.324 6.334 6.345 6.355 6.365 6.374 6.383 6.392 6.400 6.408 6.415 6.422 6.429 6.435 6.442 6.448
5.594 5.606 5.617 5.628 5.639 5.650 5.661 5.672 5.681 5.690 5.698 5.707 5.715 5.724 5.732 5.741 5.750 5.758 5.767 5.776 5.785 5.795 5.805 5.815 5.825 5.836 5.847 5.859 5.871 5.884 5.897 5.909 5.921 5.933 5.946 5.959 5.972 5.986 6.000 6.014 6.028 6.042 6.057 6.071 6.086 6.101 6.115 6.130 6.145 6.160 6.174 6.189 6.203 6.218 6.232 6.245 6.258 6.270 6.282 6.294 6.306 6.317 6.329 6.339 6.350 6.360 6.370 6.379 6.389 6.397 6.406 6.413 6.421 6.428 6.435 6.442 6.448
5.603 5.614 5.626 5.637 5.649 5.660 5.671 5.682 5.691 5.700 5.709 5.717 5.726 5.735 5.743 5.751 5.760 5.768 5.777 5.785 5.794 5.803 5.812 5.821 5.831 5.841 5.852 5.862 5.874 5.886 5.898 5.909 5.921 5.932 5.944 5.957 5.969 5.982 5.996 6.009 6.023 6.037 6.051 6.065 6.079 6.093 6.108 6.122 6.137 6.151 6.165 6.180 6.194 6.209 6.223 6.236 6.249 6.262 6.274 6.286 6.298 6.310 6.322 6.333 6.344 6.354 6.365 6.375 6.384 6.393 6.402 6.411 6.419 6.426 6.434 6.441 6.448
5.611 5.623 5.634 5.646 5.657 5.669 5.680 5.691 5.701 5.710 5.719 5.728 5.736 5.745 5.754 5.762 5.770 5.778 5.787 5.795 5.803 5.811 5.820 5.829 5.838 5.847 5.857 5.867 5.878 5.889 5.900 5.911 5.922 5.933 5.944 5.956 5.968 5.980 5.993 6.006 6.019 6.032 6.046 6.059 6.073 6.087 6.101 6.115 6.129 6.143 6.157 6.172 6.186 6.200 6.214 6.227 6.240 6.253 6.265 6.278 6.290 6.302 6.314 6.325 6.337 6.348 6.358 6.369 6.379 6.388 6.398 6.407 6.415 6.423 6.431 6.439 6.446
5.619 5.631 5.643 5.654 5.666 5.677 5.688 5.700 5.710 5.719 5.728 5.737 5.746 5.755 5.764 5.772 5.781 5.789 5.797 5.805 5.813 5.821 5.829 5.837 5.846 5.854 5.863 5.873 5.883 5.893 5.904 5.914 5.924 5.934 5.945 5.956 5.968 5.979 5.992 6.004 6.016 6.029 6.042 6.055 6.068 6.082 6.095 6.109 6.123 6.136 6.150 6.164 6.178 6.192 6.206 6.219 6.232 6.244 6.257 6.269 6.281 6.294 6.306 6.317 6.329 6.340 6.351 6.362 6.372 6.382 6.392 6.401 6.410 6.419 6.427 6.435 6.443
5.627 5.639 5.651 5.662 5.674 5.685 5.697 5.708 5.718 5.728 5.737 5.747 5.756 5.765 5.774 5.783 5.791 5.799 5.807 5.815 5.823 5.831 5.838 5.846 5.854 5.862 5.871 5.880 5.889 5.898 5.908 5.918 5.927 5.937 5.947 5.958 5.969 5.980 5.991 6.003 6.015 6.027 6.040 6.052 6.065 6.078 6.091 6.104 6.117 6.130 6.144 6.157 6.171 6.185 6.198 6.211 6.224 6.236 6.248 6.261 6.273 6.285 6.297 6.309 6.321 6.332 6.344 6.355 6.365 6.376 6.386 6.395 6.405 6.414 6.422 6.431 6.439
5.635 5.647 5.659 5.670 5.682 5.693 5.704 5.716 5.726 5.736 5.746 5.755 5.765 5.774 5.783 5.792 5.801 5.809 5.817 5.825 5.833 5.841 5.848 5.856 5.864 5.871 5.879 5.887 5.896 5.905 5.914 5.923 5.932 5.941 5.950 5.960 5.971 5.981 5.992 6.003 6.015 6.027 6.039 6.051 6.063 6.075 6.088 6.100 6.113 6.126 6.139 6.152 6.165 6.179 6.192 6.204 6.216 6.229 6.241 6.253 6.265 6.277 6.289 6.301 6.313 6.324 6.336 6.347 6.358 6.368 6.379 6.389 6.398 6.408 6.417 6.425 6.434
5.644 5.655 5.667 5.678 5.689 5.701 5.712 5.724 5.734 5.744 5.754 5.764 5.773 5.783 5.792 5.801 5.810 5.819 5.827 5.835 5.843 5.851 5.858 5.866 5.873 5.881 5.888 5.896 5.904 5.912 5.921 5.929 5.937 5.946 5.955 5.964 5.974 5.984 5.994 6.005 6.016 6.027 6.038 6.050 6.062 6.074 6.086 6.098 6.110 6.122 6.135 6.148 6.161 6.174 6.186 6.198 6.210 6.222 6.234 6.246 6.258 6.270 6.282 6.293 6.305 6.317 6.328 6.339 6.350 6.361 6.371 6.381 6.391 6.401 6.410 6.419 6.428
5.652 5.664 5.675 5.686 5.697 5.708 5.720 5.731 5.742 5.752 5.761 5.771 5.781 5.791 5.801 5.810 5.819 5.828 5.837 5.845 5.853 5.861 5.868 5.876 5.883 5.890 5.898 5.905 5.913 5.920 5.929 5.936 5.944 5.952 5.960 5.969 5.978 5.987 5.997 6.007 6.018 6.028 6.039 6.050 6.062 6.073 6.085 6.096 6.108 6.120 6.132 6.145 6.157 6.170 6.182 6.194 6.205 6.217 6.228 6.240 6.252 6.263 6.275 6.286 6.298 6.309 6.321 6.332 6.343 6.354 6.364 6.374 6.384 6.394 6.404 6.413 6.422
5.661 5.672 5.683 5.694 5.705 5.716 5.727 5.739 5.749 5.759 5.769 5.779 5.789 5.799 5.809 5.818 5.828 5.837 5.846 5.854 5.862 5.870 5.878 5.886 5.893 5.900 5.907 5.914 5.922 5.929 5.937 5.944 5.951 5.958 5.966 5.974 5.983 5.992 6.001 6.011 6.020 6.031 6.041 6.052 6.063 6.074 6.085 6.096 6.107 6.119 6.131 6.143 6.155 6.167 6.179 6.190 6.201 6.212 6.224 6.235 6.246 6.258 6.269 6.280 6.292 6.303 6.314 6.325 6.336 6.347 6.357 6.368 6.378 6.388 6.397 6.407 6.416
5.671 5.681 5.692 5.703 5.713 5.724 5.735 5.746 5.757 5.767 5.776 5.786 5.796 5.806 5.816 5.826 5.836 5.845 5.854 5.863 5.871 5.880 5.888 5.895 5.903 5.910 5.917 5.924 5.931 5.938 5.946 5.953 5.959 5.966 5.973 5.980 5.988 5.997 6.006 6.015 6.024 6.034 6.044 6.054 6.064 6.075 6.086 6.097 6.108 6.119 6.130 6.142 6.153 6.165 6.177 6.187 6.198 6.209 6.220 6.231 6.242 6.253 6.264 6.275 6.286 6.297 6.308 6.319 6.330 6.341 6.351 6.361 6.371 6.381 6.391 6.401 6.410
5.680 5.691 5.701 5.712 5.722 5.733 5.743 5.754 5.765 5.774 5.784 5.794 5.804 5.814 5.824 5.834 5.843 5.853 5.862 5.871 5.880 5.888 5.896 5.904 5.912 5.919 5.927 5.934 5.941 5.948 5.955 5.961 5.967 5.974 5.980 5.987 5.995 6.003 6.011 6.020 6.028 6.038 6.047 6.057 6.067 6.077 6.087 6.098 6.109 6.119 6.130 6.141 6.153 6.164 6.176 6.186 6.196 6.207 6.217 6.228 6.239 6.250 6.260 6.271 6.282 6.293 6.304 6.314 6.325 6.335 6.345 6.356 6.366 6.376 6.385 6.395 6.405
5.690 5.700 5.711 5.721 5.731 5.741 5.752 5.763 5.773 5.782 5.791 5.801 5.811 5.821 5.831 5.841 5.851 5.860 5.870 5.879 5.888 5.897 5.905 5.913 5.921 5.928 5.936 5.943 5.950 5.957 5.964 5.971 5.976 5.982 5.988 5.995 6.002 6.009 6.017 6.025 6.034 6.042 6.051 6.061 6.070 6.080 6.090 6.100 6.110 6.121 6.131 6.142 6.153 6.165 6.175 6.185 6.195 6.206 6.216 6.226 6.237 6.247 6.258 6.268 6.279 6.289 6.300 6.310 6.320 6.331 6.341 6.351 6.361 6.371 6.380 6.390 6.400
5.700 5.710 5.720 5.730 5.740 5.750 5.761 5.771 5.781 5.790 5.799 5.809 5.819 5.828 5.838 5.848 5.858 5.868 5.877 5.887 5.896 5.905 5.913 5.921 5.929 5.937 5.945 5.952 5.959 5.966 5.974 5.980 5.985 5.991 5.997 6.003 6.010 6.017 6.024 6.031 6.039 6.048 6.056 6.065 6.074 6.083 6.093 6.103 6.113 6.123 6.133 6.144 6.154 6.165 6.176 6.186 6.195 6.205 6.215 6.225 6.236 6.246 6.256 6.266 6.276 6.287 6.297 6.307 6.317 6.327 6.337 6.347 6.357 6.367 6.376 6.386 6.396
5.710 5.720 5.730 5.740 5.750 5.760 5.770 5.780 5.789 5.798 5.807 5.817 5.826 5.836 5.846 5.855 5.865 5.875 5.884 5.894 5.903 5.912 5.921 5.929 5.938 5.946 5.953 5.961 5.968 5.976 5.983 5.989 5.994 6.000 6.005 6.011 6.018 6.024 6.031 6.038 6.046 6.054 6.062 6.070 6.079 6.088 6.097 6.106 6.116 6.126 6.136 6.146 6.156 6.167 6.177 6.187 6.196 6.206 6.215 6.225 6.235 6.245 6.255 6.265 6.275 6.285 6.295 6.305 6.315 6.325 6.334 6.344 6.354 6.363 6.373 6.383 6.392
5.720 5.730 5.740 5.750 5.759 5.769 5.779 5.789 5.798 5.807 5.816 5.825 5.834 5.844 5.853 5.863 5.873 5.882 5.892 5.901 5.910 5.920 5.928 5.937 5.946 5.954 5.962 5.970 5.977 5.985 5.992 5.998 6.003 6.009 6.014 6.020 6.026 6.032 6.039 6.046 6.053 6.060 6.068 6.076 6.084 6.092 6.101 6.110 6.119 6.129 6.138 6.148 6.159 6.169 6.179 6.188 6.197 6.207 6.216 6.226 6.235 6.245 6.255 6.265 6.275 6.284 6.294 6.304 6.313 6.323 6.333 6.342 6.352 6.361 6.371 6.380 6.389
5.730 5.740 5.750 5.759 5.769 5.779 5.789 5.798 5.807 5.815 5.824 5.833 5.842 5.852 5.861 5.870 5.880 5.889 5.899 5.908 5.918 5.927 5.936 5.945 5.953 5.962 5.970 5.978 5.986 5.993 6.001 6.006 6.012 6.017 6.023 6.029 6.035 6.041 6.047 6.053 6.060 6.067 6.074 6.082 6.089 6.097 6.106 6.114 6.123 6.133 6.142 6.152 6.162 6.172 6.181 6.190 6.199 6.208 6.218 6.227 6.236 6.246 6.256 6.265 6.275 6.284 6.294 6.303 6.313 6.322 6.332 6.341 6.350 6.360 6.369 6.378 6.387
5.740 5.750 5.759 5.769 5.779 5.788 5.798 5.808 5.816 5.824 5.833 5.842 5.851 5.860 5.869 5.878 5.888 5.897 5.906 5.916 5.925 5.934 5.943 5.952 5.961 5.969 5.977 5.986 5.994 6.002 6.009 6.015 6.020 6.026 6.032 6.037 6.043 6.049 6.055 6.061 6.068 6.074 6.081 6.088 6.095 6.103 6.111 6.119 6.128 6.137 6.146 6.155 6.165 6.175 6.184 6.193 6.201 6.210 6.220 6.229 6.238 6.247 6.257 6.266 6.275 6.285 6.294 6.304 6.313 6.322 6.331 6.340 6.350 6.359 6.368 6.377 6.386
5.749 5.759 5.769 5.778 5.788 5.798 5.808 5.817 5.825 5.833 5.842 5.850 5.859 5.868 5.877 5.886 5.895 5.905 5.914 5.923 5.932 5.941 5.950 5.959 5.968 5.977 5.985 5.993 6.002 6.010 6.017 6.023 6.029 6.035 6.040 6.046 6.052 6.057 6.063 6.069 6.075 6.082 6.088 6.095 6.102 6.109 6.117 6.125 6.133 6.142 6.150 6.160 6.169 6.178 6.187 6.195 6.204 6.213 6.222 6.231 6.240 6.249 6.258 6.268 6.277 6.286 6.295 6.304 6.314 6.323 6.332 6.341 6.350 6.359 6.368 6.377 6.386
5.758 5.768 5.778 5.787 5.797 5.807 5.817 5.826 5.834 5.842 5.851 5.859 5.868 5.877 5.885 5.894 5.903 5.912 5.921 5.931 5.940 5.949 5.958 5.966 5.975 5.984 5.993 6.001 6.009 6.017 6.025 6.031 6.037 6.043 6.049 6.054 6.060 6.066 6.072 6.078 6.083 6.089 6.096 6.102 6.109 6.116 6.123 6.131 6.138 6.147 6.155 6.164 6.173 6.182 6.190 6.199 6.207 6.216 6.225 6.233 6.242 6.251 6.260 6.270 6.279 6.288 6.297 6.306 6.315 6.324 6.333 6.342 6.350 6.359 6.368 6.377 6.386
5.766 5.776 5.786 5.796 5.806 5.816 5.826 5.835 5.843 5.851 5.859 5.868 5.876 5.885 5.894 5.903 5.911 5.920 5.929 5.938 5.947 5.956 5.965 5.974 5.983 5.991 6.000 6.008 6.017 6.025 6.032 6.039 6.045 6.051 6.057 6.063 6.069 6.074 6.080 6.086 6.092 6.097 6.103 6.110 6.116 6.123 6.130 6.137 6.144 6.152 6.160 6.169 6.178 6.186 6.194 6.202 6.211 6.219 6.228 6.236 6.245 6.254 6.263 6.272 6.281 6.290 6.299 6.308 6.317 6.325 6.334 6.343 6.352 6.360 6.369 6.378 6.386
5.774 5.784 5.794 5.805 5.814 5.824 5.834 5.843 5.851 5.860 5.868 5.877 5.885 5.894 5.902 5.911 5.920 5.928 5.937 5.946 5.955 5.964 5.972 5.981 5.990 5.999 6.007 6.016 6.024 6.032 6.040 6.046 6.053 6.059 6.065 6.071 6.077 6.083 6.088 6.094 6.100 6.105 6.111 6.117 6.123 6.130 6.136 6.143 6.150 6.158 6.166 6.174 6.182 6.191 6.199 6.206 6.214 6.223 6.231 6.240 6.248 6.257 6.266 6.275 6.283 6.292 6.301 6.310 6.319 6.327 6.336 6.345 6.353 6.362 6.371 6.379 6.388
5.782 5.792 5.802 5.812 5.822 5.832 5.842 5.852 5.860 5.868 5.877 5.885 5.893 5.902 5.911 5.919 5.928 5.937 5.945 5.954 5.963 5.971 5.980 5.989 5.997 6.006 6.014 6.023 6.031 6.040 6.047 6.054 6.060 6.067 6.073 6.079 6.085 6.091 6.097 6.102 6.108 6.114 6.119 6.125 6.131 6.137 6.143 6.150 6.157 6.164 6.171 6.179 6.188 6.196 6.203 6.211 6.219 6.227 6.235 6.243 6.252 6.260 6.269 6.278 6.286 6.295 6.304 6.312 6.321 6.330 6.338 6.347 6.355 6.364 6.372 6.381 6.389
5.789 5.800 5.810 5.820 5.830 5.840 5.850 5.859 5.868 5.876 5.885 5.893 5.902 5.910 5.919 5.927 5.936 5.945 5.953 5.962 5.970 5.979 5.987 5.996 6.005 6.013 6.022 6.030 6.039 6.047 6.055 6.061 6.068 6.074 6.081 6.087 6.093 6.099 6.105 6.111 6.116 6.122 6.127 6.133 6.139 6.145 6.151 6.157 6.163 6.170 6.177 6.185 6.193 6.201 6.208 6.215 6.223 6.231 6.239 6.247 6.255 6.264 6.272 6.281 6.289 6.298 6.307 6.315 6.324 6.332 6.341 6.349 6.358 6.366 6.375 6.383 6.391
5.797 5.807 5.817 5.827 5.838 5.848 5.858 5.867 5.876 5.884 5.893 5.901 5.910 5.918 5.927 5.935 5.944 5.952 5.961 5.969 5.978 5.986 5.995 6.003 6.012 6.020 6.029 6.037 6.046 6.054 6.062 6.069 6.075 6.082 6.088 6.095 6.101 6.107 6.113 6.119 6.124 6.130 6.135 6.141 6.147 6.152 6.158 6.164 6.170 6.177 6.184 6.191 6.199 6.206 6.213 6.220 6.228 6.235 6.243 6.251 6.259 6.267 6.276 6.284 6.293 6.301 6.310 6.318 6.327 6.335 6.344 6.352 6.361 6.369 6.377 6.386 6.394
5.804 5.814 5.824 5.835 5.845 5.855 5.865 5.874 5.883 5.892 5.900 5.909 5.917 5.926 5.935 5.943 5.952 5.960 5.969 5.977 5.986 5.994 6.002 6.011 6.019 6.028 6.036 6.044 6.053 6.061 6.069 6.076 6.083 6.089 6.096 6.102 6.109 6.115 6.121 6.127 6.132 6.138 6.144 6.149 6.155 6.160 6.166 6.172 6.178 6.184 6.190 6.197 6.205 6.212 6.219 6.225 6.232 6.240 6.247 6.255 6.263 6.271 6.280 6.288 6.296 6.305 6.313 6.322 6.330 6.339 6.347 6.355 6.364 6.372 6.380 6.389 6.397
5.811 5.822 5.832 5.842 5.852 5.862 5.872 5.882 5.890 5.899 5.907 5.916 5.925 5.933 5.942 5.951 5.959 5.968 5.976 5.985 5.993 6.001 6.010 6.018 6.026 6.035 6.043 6.052 6.060 6.068 6.076 6.083 6.090 6.097 6.103 6.110 6.116 6.122 6.129 6.135 6.140 6.146 6.152 6.157 6.163 6.168 6.173 6.179 6.185 6.191 6.197 6.204 6.211 6.218 6.224 6.231 6.238 6.245 6.252 6.260 6.268 6.276 6.284 6.292 6.300 6.309 6.317 6.325 6.334 6.342 6.350 6.359 6.367 6.375 6.384 6.392 6.400
5.819 5.829 5.839 5.849 5.859 5.869 5.879 5.889 5.897 5.906 5.914 5.923 5.932 5.941 5.949 5.958 5.967 5.975 5.984 5.992 6.000 6.009 6.017 6.025 6.034 6.042 6.050 6.059 6.067 6.075 6.083 6.090 6.097 6.104 6.110 6.117 6.124 6.130 6.136 6.142 6.148 6.154 6.160 6.165 6.170 6.176 6.181 6.187 6.192 6.198 6.204 6.211 6.218 6.224 6.230 6.237 6.243 6.250 6.257 6.264 6.272 6.280 6.288 6.296 6.304 6.313 6.321 6.329 6.338 6.346 6.354 6.362 6.371 6.379 6.387 6.396 6.403
5.827 5.837 5.847 5.857 5.866 5.876 5.886 5.896 5.904 5.913 5.921 5.930 5.939 5.948 5.956 5.965 5.974 5.982 5.991 5.999 6.007 6.016 6.024 6.032 6.040 6.049 6.057 6.065 6.074 6.082 6.090 6.097 6.104 6.111 6.117 6.124 6.131 6.137 6.144 6.150 6.156 6.162 6.167 6.173 6.178 6.184 6.189 6.195 6.200 6.206 6.212 6.218 6.224 6.231 6.236 6.242 6.249 6.255 6.262 6.269 6.277 6.285 6.292 6.300 6.309 6.317 6.325 6.333 6.341 6.350 6.358 6.366 6.374 6.383 6.391 6.399 6.407
5.835 5.845 5.855 5.864 5.874 5.884 5.894 5.903 5.911 5.920 5.928 5.937 5.946 5.955 5.963 5.972 5.981 5.989 5.998 6.006 6.014 6.023 6.031 6.039 6.047 6.055 6.064 6.072 6.081 6.089 6.097 6.104 6.110 6.117 6.124 6.131 6.138 6.144 6.151 6.157 6.163 6.169 6.175 6.181 6.186 6.192 6.197 6.202 6.208 6.213 6.219 6.225 6.231 6.237 6.243 6.249 6.255 6.261 6.268 6.275 6.282 6.289 6.297 6.305 6.313 6.321 6.329 6.337 6.345 6.354 6.362 6.370 6.378 6.387 6.395 6.403 6.411
5.844 5.854 5.863 5.872 5.882 5.891 5.901 5.910 5.918 5.927 5.935 5.944 5.953 5.961 5.970 5.979 5.987 5.996 6.004 6.013 6.021 6.029 6.037 6.046 6.054 6.062 6.070 6.079 6.087 6.096 6.103 6.110 6.117 6.124 6.131 6.138 6.145 6.151 6.158 6.164 6.171 6.177 6.183 6.188 6.194 6.199 6.205 6.210 6.215 6.221 6.226 6.232 6.239 6.244 6.249 6.255 6.261 6.267 6.273 6.280 6.287 6.294 6.302 6.310 6.317 6.325 6.333 6.342 6.350 6.358 6.366 6.374 6.382 6.391 6.399 6.408 6.415
5.854 5.863 5.872 5.881 5.890 5.899 5.909 5.918 5.926 5.934 5.942 5.951 5.959 5.968 5.977 5.985 5.994 6.002 6.011 6.019 6.028 6.036 6.044 6.052 6.060 6.069 6.077 6.085 6.094 6.102 6.109 6.116 6.123 6.130 6.137 6.144 6.151 6.158 6.165 6.171 6.178 6.184 6.190 6.196 6.201 6.207 6.212 6.218 6.223 6.228 6.234 6.240 6.246 6.251 6.256 6.261 6.267 6.273 6.279 6.286 6.292 6.300 6.307 6.314 6.322 6.330 6.338 6.346 6.354 6.362 6.370 6.378 6.387 6.395 6.404 6.412 6.419
5.863 5.872 5.881 5.890 5.899 5.908 5.917 5.925 5.933 5.941 5.950 5.958 5.967 5.975 5.984 5.992 6.001 6.009 6.017 6.026 6.034 6.042 6.050 6.059 6.067 6.075 6.083 6.091 6.100 6.108 6.116 6.122 6.129 6.136 6.143 6.151 6.158 6.165 6.171 6.178 6.185 6.191 6.197 6.203 6.209 6.214 6.220 6.225 6.231 6.236 6.242 6.248 6.253 6.258 6.263 6.268 6.273 6.279 6.285 6.291 6.298 6.305 6.312 6.319 6.327 6.335 6.342 6.350 6.358 6.366 6.375 6.383 6.391 6.399 6.408 6.416 6.423
