version1/TsunamiDB/out54121.asc
ncols          264
nrows          230
xllcorner      497853.4375
yllcorner      4229146.0000
cellsize         5.
NODATA_value   -99
[rows 170 to 203 of 230, columns 154 to 230 of 264]
7.199 7.209 7.219 7.229 7.238 7.247 7.256 7.265 7.273 7.278 7.280 7.277 7.273 7.272 7.272 7.275 7.287 7.310 7.343 7.387 7.443 7.504 7.566 7.615 7.671 7.747 7.823 7.898 7.970 8.039 8.103 8.161 8.212 8.245 8.279 8.326 8.370 8.412 8.449 8.483 8.513 8.539 8.561 8.576 8.590 8.609 8.628 8.646 8.662 8.677 8.691 8.704 8.716 8.720 8.725 8.735 8.744 8.752 8.758 8.762 8.765 8.765 8.763 8.756 8.749 8.744 8.738 8.732 8.725 8.718 8.712 8.705 8.699 8.690 8.682 8.677 8.674
7.203 7.213 7.223 7.233 7.243 7.252 7.261 7.270 7.278 7.284 7.286 7.284 7.281 7.282 7.284 7.289 7.303 7.328 7.363 7.408 7.464 7.527 7.591 7.641 7.699 7.777 7.855 7.931 8.004 8.073 8.137 8.194 8.243 8.275 8.308 8.353 8.396 8.436 8.471 8.504 8.533 8.558 8.581 8.595 8.609 8.629 8.647 8.665 8.681 8.696 8.710 8.723 8.735 8.741 8.746 8.757 8.767 8.776 8.783 8.788 8.791 8.792 8.791 8.785 8.778 8.773 8.768 8.761 8.754 8.746 8.738 8.731 8.723 8.714 8.704 8.699 8.695
7.208 7.218 7.228 7.238 7.248 7.258 7.267 7.276 7.285 7.292 7.294 7.293 7.291 7.293 7.297 7.304 7.321 7.347 7.382 7.428 7.485 7.549 7.616 7.668 7.726 7.807 7.886 7.963 8.036 8.105 8.169 8.224 8.272 8.303 8.335 8.378 8.419 8.458 8.492 8.524 8.552 8.578 8.600 8.614 8.628 8.647 8.666 8.683 8.699 8.714 8.728 8.741 8.754 8.760 8.766 8.778 8.789 8.798 8.806 8.812 8.816 8.818 8.818 8.813 8.806 8.802 8.797 8.791 8.783 8.775 8.767 8.758 8.751 8.740 8.729 8.723 8.718
7.213 7.223 7.234 7.244 7.254 7.264 7.274 7.284 7.293 7.300 7.303 7.303 7.302 7.306 7.312 7.321 7.339 7.367 7.403 7.449 7.507 7.573 7.642 7.695 7.755 7.837 7.916 7.994 8.066 8.135 8.198 8.252 8.298 8.328 8.359 8.401 8.440 8.478 8.512 8.542 8.571 8.596 8.618 8.632 8.646 8.665 8.683 8.700 8.716 8.730 8.745 8.758 8.772 8.779 8.785 8.797 8.809 8.819 8.827 8.833 8.838 8.841 8.842 8.838 8.833 8.829 8.825 8.819 8.812 8.804 8.796 8.788 8.780 8.768 8.757 8.750 8.744
7.218 7.229 7.240 7.250 7.261 7.271 7.282 7.292 7.301 7.309 7.314 7.315 7.316 7.321 7.329 7.339 7.359 7.387 7.424 7.470 7.529 7.596 7.667 7.722 7.782 7.864 7.944 8.022 8.094 8.162 8.224 8.278 8.323 8.352 8.382 8.422 8.461 8.498 8.530 8.561 8.589 8.614 8.636 8.650 8.663 8.682 8.700 8.717 8.733 8.747 8.761 8.775 8.789 8.797 8.803 8.816 8.828 8.838 8.846 8.854 8.859 8.863 8.864 8.861 8.857 8.855 8.851 8.847 8.841 8.833 8.826 8.818 8.810 8.799 8.787 8.779 8.772
7.225 7.236 7.247 7.258 7.268 7.279 7.290 7.301 7.311 7.320 7.326 7.328 7.330 7.336 7.346 7.358 7.378 7.407 7.444 7.491 7.550 7.619 7.695 7.750 7.810 7.892 7.972 8.049 8.120 8.188 8.250 8.303 8.346 8.375 8.403 8.443 8.481 8.517 8.549 8.580 8.608 8.632 8.654 8.667 8.681 8.699 8.718 8.734 8.750 8.764 8.778 8.792 8.807 8.815 8.822 8.834 8.846 8.856 8.865 8.873 8.879 8.883 8.885 8.883 8.880 8.878 8.876 8.873 8.868 8.862 8.855 8.848 8.841 8.830 8.818 8.810 8.802
7.232 7.243 7.254 7.266 7.277 7.288 7.299 7.311 7.322 7.332 7.339 7.342 7.344 7.353 7.363 7.376 7.398 7.427 7.466 7.514 7.573 7.648 7.726 7.779 7.839 7.921 8.000 8.075 8.147 8.214 8.275 8.325 8.366 8.395 8.423 8.463 8.500 8.535 8.568 8.598 8.626 8.650 8.671 8.684 8.698 8.716 8.734 8.751 8.767 8.781 8.794 8.809 8.825 8.832 8.839 8.852 8.864 8.874 8.883 8.891 8.897 8.901 8.904 8.902 8.900 8.900 8.899 8.896 8.893 8.888 8.883 8.877 8.872 8.862 8.850 8.843 8.834
7.239 7.251 7.262 7.274 7.286 7.298 7.310 7.322 7.334 7.345 7.353 7.357 7.361 7.371 7.383 7.397 7.419 7.450 7.490 7.540 7.604 7.681 7.756 7.808 7.867 7.948 8.026 8.101 8.171 8.236 8.295 8.343 8.385 8.414 8.442 8.481 8.518 8.554 8.586 8.616 8.643 8.667 8.688 8.701 8.714 8.733 8.751 8.768 8.783 8.798 8.812 8.827 8.842 8.850 8.857 8.869 8.881 8.891 8.900 8.908 8.914 8.918 8.921 8.920 8.919 8.920 8.920 8.919 8.916 8.913 8.909 8.906 8.901 8.892 8.882 8.875 8.867
7.247 7.259 7.271 7.283 7.296 7.308 7.321 7.334 7.347 7.359 7.368 7.373 7.379 7.390 7.403 7.418 7.442 7.475 7.517 7.570 7.637 7.711 7.784 7.835 7.894 7.973 8.050 8.124 8.192 8.255 8.312 8.360 8.403 8.432 8.460 8.499 8.536 8.571 8.603 8.633 8.660 8.683 8.704 8.718 8.730 8.749 8.767 8.785 8.800 8.815 8.830 8.845 8.859 8.867 8.874 8.886 8.897 8.907 8.915 8.923 8.929 8.934 8.938 8.937 8.937 8.938 8.939 8.939 8.938 8.937 8.935 8.932 8.929 8.921 8.912 8.906 8.899
7.255 7.268 7.280 7.293 7.306 7.319 7.333 7.346 7.360 7.373 7.384 7.390 7.397 7.410 7.424 7.442 7.467 7.502 7.546 7.602 7.668 7.740 7.810 7.861 7.919 7.997 8.073 8.145 8.212 8.273 8.328 8.377 8.420 8.448 8.477 8.516 8.553 8.588 8.620 8.649 8.676 8.699 8.721 8.734 8.747 8.766 8.784 8.801 8.817 8.833 8.847 8.862 8.876 8.883 8.890 8.901 8.912 8.922 8.930 8.938 8.944 8.949 8.953 8.953 8.953 8.955 8.957 8.958 8.959 8.958 8.958 8.956 8.954 8.948 8.940 8.935 8.929
7.264 7.277 7.290 7.303 7.317 7.331 7.345 7.359 7.374 7.389 7.400 7.408 7.417 7.431 7.447 7.466 7.494 7.531 7.577 7.632 7.698 7.767 7.836 7.886 7.943 8.020 8.094 8.165 8.229 8.289 8.344 8.392 8.435 8.464 8.492 8.532 8.569 8.604 8.636 8.665 8.691 8.715 8.737 8.750 8.763 8.782 8.800 8.818 8.834 8.850 8.864 8.878 8.891 8.898 8.905 8.916 8.927 8.936 8.944 8.951 8.957 8.962 8.967 8.968 8.968 8.971 8.974 8.976 8.977 8.978 8.979 8.979 8.978 8.972 8.966 8.963 8.958
7.272 7.286 7.300 7.314 7.328 7.342 7.357 7.373 7.389 7.404 7.417 7.427 7.437 7.453 7.471 7.492 7.521 7.560 7.606 7.660 7.724 7.792 7.860 7.910 7.966 8.041 8.114 8.183 8.246 8.305 8.359 8.407 8.451 8.479 8.507 8.547 8.585 8.620 8.651 8.680 8.707 8.730 8.752 8.766 8.779 8.798 8.817 8.835 8.851 8.866 8.881 8.894 8.907 8.913 8.920 8.930 8.940 8.949 8.957 8.964 8.970 8.975 8.980 8.982 8.983 8.986 8.990 8.993 8.995 8.997 8.998 8.999 8.999 8.995 8.990 8.988 8.984
7.281 7.295 7.309 7.324 7.339 7.354 7.370 7.387 7.404 7.420 7.434 7.445 7.457 7.474 7.494 7.517 7.548 7.587 7.633 7.686 7.749 7.816 7.883 7.933 7.988 8.062 8.133 8.201 8.263 8.320 8.373 8.422 8.465 8.493 8.522 8.561 8.599 8.634 8.666 8.694 8.721 8.745 8.768 8.781 8.794 8.814 8.833 8.851 8.867 8.882 8.896 8.909 8.921 8.927 8.933 8.943 8.953 8.961 8.969 8.975 8.982 8.987 8.993 8.994 8.996 9.000 9.004 9.008 9.011 9.013 9.016 9.017 9.018 9.015 9.011 9.010 9.008
7.289 7.304 7.319 7.334 7.350 7.366 7.383 7.400 7.419 7.436 7.451 7.463 7.476 7.495 7.517 7.542 7.574 7.613 7.659 7.711 7.772 7.839 7.906 7.956 8.010 8.083 8.153 8.219 8.279 8.336 8.388 8.436 8.479 8.507 8.535 8.575 8.612 8.647 8.679 8.708 8.735 8.759 8.782 8.796 8.809 8.829 8.848 8.866 8.882 8.897 8.911 8.923 8.934 8.940 8.946 8.955 8.964 8.972 8.980 8.986 8.993 8.999 9.004 9.006 9.008 9.013 9.018 9.022 9.025 9.029 9.031 9.034 9.035 9.033 9.031 9.030 9.030
7.297 7.313 7.328 7.344 7.361 7.378 7.396 7.414 7.433 7.451 7.467 7.481 7.496 7.516 7.540 7.566 7.599 7.638 7.684 7.735 7.795 7.861 7.928 7.978 8.032 8.103 8.172 8.236 8.295 8.351 8.403 8.450 8.492 8.520 8.548 8.587 8.625 8.659 8.691 8.720 8.747 8.772 8.796 8.810 8.823 8.843 8.862 8.880 8.896 8.911 8.924 8.936 8.947 8.952 8.958 8.966 8.975 8.983 8.990 8.997 9.003 9.009 9.015 9.017 9.020 9.025 9.030 9.035 9.039 9.043 9.046 9.049 9.051 9.050 9.048 9.049 9.049
7.305 7.321 7.337 7.354 7.371 7.389 7.408 7.427 7.447 7.466 7.483 7.498 7.513 7.536 7.561 7.588 7.622 7.662 7.706 7.757 7.816 7.881 7.951 8.000 8.053 8.123 8.190 8.253 8.311 8.366 8.417 8.463 8.506 8.533 8.560 8.599 8.637 8.671 8.703 8.732 8.760 8.785 8.809 8.824 8.837 8.858 8.877 8.894 8.910 8.924 8.938 8.949 8.959 8.964 8.969 8.977 8.985 8.993 9.000 9.007 9.013 9.019 9.026 9.028 9.031 9.036 9.042 9.047 9.051 9.056 9.059 9.063 9.066 9.065 9.064 9.065 9.066
7.312 7.329 7.346 7.363 7.381 7.399 7.419 7.439 7.460 7.479 7.497 7.512 7.529 7.553 7.580 7.608 7.643 7.683 7.728 7.778 7.836 7.904 7.975 8.023 8.074 8.143 8.209 8.270 8.328 8.381 8.432 8.477 8.519 8.545 8.572 8.611 8.648 8.682 8.714 8.744 8.771 8.797 8.822 8.837 8.851 8.871 8.890 8.907 8.923 8.937 8.950 8.961 8.969 8.974 8.979 8.987 8.995 9.003 9.010 9.016 9.023 9.029 9.036 9.038 9.041 9.047 9.053 9.058 9.063 9.068 9.072 9.075 9.079 9.079 9.078 9.080 9.082
7.319 7.336 7.353 7.371 7.390 7.409 7.430 7.450 7.471 7.491 7.509 7.525 7.544 7.570 7.598 7.628 7.664 7.704 7.750 7.801 7.861 7.930 7.998 8.045 8.096 8.163 8.227 8.288 8.344 8.397 8.446 8.491 8.532 8.558 8.584 8.622 8.659 8.693 8.725 8.755 8.783 8.810 8.834 8.849 8.863 8.884 8.902 8.919 8.935 8.949 8.961 8.971 8.979 8.984 8.989 8.997 9.004 9.012 9.019 9.025 9.032 9.039 9.045 9.048 9.051 9.057 9.063 9.069 9.074 9.079 9.083 9.087 9.091 9.091 9.091 9.094 9.095
7.326 7.343 7.361 7.379 7.398 7.418 7.439 7.460 7.481 7.500 7.519 7.537 7.558 7.586 7.616 7.647 7.684 7.726 7.772 7.825 7.886 7.953 8.018 8.065 8.116 8.182 8.245 8.305 8.360 8.412 8.460 8.504 8.545 8.570 8.595 8.633 8.670 8.704 8.736 8.766 8.794 8.821 8.846 8.860 8.874 8.895 8.913 8.930 8.945 8.959 8.970 8.980 8.989 8.993 8.998 9.006 9.013 9.021 9.028 9.034 9.041 9.048 9.054 9.057 9.060 9.067 9.073 9.079 9.084 9.090 9.094 9.099 9.103 9.103 9.103 9.106 9.108
7.332 7.350 7.367 7.386 7.405 7.425 7.447 7.468 7.488 7.508 7.527 7.548 7.572 7.601 7.633 7.666 7.705 7.748 7.795 7.849 7.909 7.974 8.038 8.085 8.135 8.201 8.264 8.323 8.377 8.427 8.474 8.518 8.558 8.582 8.607 8.645 8.681 8.715 8.747 8.777 8.805 8.831 8.856 8.870 8.884 8.905 8.923 8.940 8.954 8.967 8.978 8.988 8.997 9.002 9.007 9.014 9.022 9.029 9.036 9.043 9.050 9.056 9.063 9.066 9.069 9.076 9.083 9.089 9.095 9.100 9.105 9.109 9.113 9.114 9.114 9.117 9.119
7.339 7.356 7.374 7.392 7.411 7.432 7.453 7.474 7.494 7.514 7.535 7.558 7.584 7.616 7.650 7.686 7.726 7.770 7.818 7.872 7.931 7.994 8.058 8.105 8.155 8.220 8.283 8.341 8.394 8.443 8.489 8.531 8.571 8.595 8.619 8.657 8.693 8.727 8.758 8.788 8.816 8.841 8.865 8.879 8.893 8.913 8.931 8.948 8.962 8.975 8.986 8.996 9.005 9.010 9.015 9.023 9.030 9.038 9.044 9.051 9.058 9.065 9.072 9.075 9.078 9.085 9.092 9.098 9.104 9.110 9.115 9.119 9.123 9.124 9.124 9.127 9.130
7.345 7.362 7.380 7.398 7.417 7.436 7.457 7.477 7.498 7.519 7.542 7.567 7.597 7.631 7.667 7.704 7.746 7.792 7.840 7.893 7.950 8.013 8.078 8.126 8.175 8.240 8.303 8.360 8.411 8.459 8.503 8.544 8.584 8.608 8.631 8.669 8.705 8.738 8.769 8.798 8.825 8.850 8.873 8.887 8.901 8.920 8.938 8.954 8.968 8.981 8.992 9.002 9.012 9.017 9.022 9.030 9.038 9.045 9.052 9.059 9.066 9.073 9.080 9.083 9.087 9.094 9.101 9.108 9.114 9.119 9.125 9.129 9.133 9.134 9.134 9.137 9.139
7.352 7.368 7.385 7.402 7.421 7.439 7.459 7.480 7.501 7.523 7.548 7.577 7.608 7.644 7.682 7.722 7.766 7.812 7.860 7.912 7.968 8.032 8.098 8.147 8.196 8.262 8.325 8.380 8.429 8.475 8.517 8.558 8.598 8.621 8.644 8.681 8.717 8.750 8.780 8.808 8.834 8.858 8.880 8.894 8.907 8.926 8.943 8.959 8.973 8.985 8.997 9.007 9.017 9.023 9.029 9.037 9.045 9.053 9.060 9.067 9.073 9.080 9.088 9.091 9.095 9.102 9.110 9.116 9.123 9.129 9.134 9.138 9.142 9.143 9.143 9.146 9.148
7.358 7.374 7.389 7.406 7.424 7.441 7.460 7.481 7.503 7.527 7.554 7.585 7.619 7.656 7.695 7.737 7.783 7.831 7.879 7.930 7.987 8.052 8.120 8.170 8.220 8.286 8.346 8.399 8.447 8.490 8.531 8.572 8.611 8.634 8.657 8.694 8.729 8.761 8.790 8.817 8.843 8.865 8.886 8.899 8.911 8.929 8.946 8.962 8.976 8.988 9.000 9.011 9.022 9.028 9.034 9.043 9.051 9.059 9.066 9.073 9.080 9.088 9.095 9.099 9.103 9.111 9.118 9.125 9.131 9.137 9.143 9.147 9.151 9.151 9.152 9.154 9.157
7.364 7.379 7.394 7.409 7.426 7.442 7.461 7.481 7.503 7.529 7.559 7.592 7.627 7.667 7.707 7.751 7.799 7.848 7.898 7.950 8.007 8.072 8.143 8.194 8.244 8.309 8.368 8.420 8.465 8.507 8.546 8.585 8.624 8.647 8.670 8.706 8.740 8.771 8.799 8.826 8.850 8.872 8.891 8.903 8.915 8.932 8.948 8.964 8.978 8.990 9.003 9.014 9.025 9.032 9.038 9.047 9.056 9.064 9.072 9.079 9.087 9.094 9.102 9.106 9.111 9.118 9.126 9.133 9.139 9.145 9.151 9.155 9.159 9.160 9.160 9.163 9.165
7.371 7.384 7.397 7.412 7.427 7.442 7.460 7.480 7.504 7.532 7.563 7.598 7.636 7.676 7.718 7.764 7.815 7.866 7.917 7.971 8.027 8.094 8.170 8.223 8.271 8.334 8.391 8.440 8.484 8.524 8.561 8.599 8.639 8.662 8.683 8.719 8.752 8.781 8.809 8.834 8.858 8.878 8.896 8.907 8.918 8.934 8.950 8.965 8.979 8.992 9.004 9.016 9.027 9.034 9.041 9.051 9.060 9.069 9.077 9.085 9.092 9.100 9.109 9.113 9.118 9.126 9.133 9.141 9.147 9.153 9.159 9.163 9.167 9.167 9.168 9.171 9.173
7.377 7.389 7.400 7.414 7.428 7.443 7.460 7.481 7.505 7.535 7.568 7.604 7.643 7.685 7.728 7.777 7.830 7.883 7.938 7.993 8.050 8.126 8.205 8.254 8.300 8.361 8.415 8.461 8.503 8.541 8.576 8.615 8.656 8.676 8.697 8.732 8.763 8.792 8.818 8.842 8.864 8.883 8.899 8.910 8.920 8.936 8.951 8.965 8.979 8.992 9.004 9.016 9.028 9.035 9.043 9.053 9.063 9.072 9.081 9.089 9.097 9.106 9.115 9.120 9.124 9.133 9.140 9.147 9.154 9.160 9.166 9.170 9.173 9.175 9.175 9.178 9.180
7.382 7.393 7.404 7.417 7.431 7.445 7.462 7.483 7.508 7.538 7.572 7.609 7.652 7.695 7.739 7.791 7.848 7.905 7.963 8.022 8.087 8.165 8.238 8.284 8.329 8.386 8.437 8.482 8.521 8.558 8.594 8.633 8.671 8.691 8.711 8.744 8.774 8.801 8.826 8.849 8.870 8.887 8.902 8.912 8.922 8.937 8.951 8.965 8.978 8.991 9.003 9.016 9.027 9.035 9.043 9.054 9.065 9.075 9.084 9.093 9.101 9.111 9.120 9.125 9.130 9.138 9.146 9.154 9.160 9.167 9.172 9.176 9.180 9.181 9.182 9.185 9.187
7.388 7.399 7.409 7.421 7.434 7.448 7.465 7.486 7.512 7.541 7.575 7.616 7.662 7.707 7.752 7.808 7.869 7.930 7.992 8.058 8.128 8.201 8.269 8.313 8.356 8.410 8.459 8.501 8.540 8.577 8.612 8.649 8.685 8.704 8.723 8.754 8.783 8.809 8.833 8.855 8.874 8.890 8.905 8.914 8.923 8.937 8.951 8.964 8.977 8.990 9.002 9.014 9.026 9.034 9.043 9.054 9.065 9.076 9.086 9.096 9.105 9.115 9.124 9.130 9.135 9.143 9.151 9.159 9.166 9.172 9.177 9.182 9.185 9.187 9.188 9.191 9.194
7.394 7.404 7.414 7.425 7.438 7.452 7.469 7.490 7.515 7.544 7.581 7.625 7.675 7.721 7.768 7.829 7.894 7.959 8.027 8.096 8.167 8.236 8.299 8.341 8.382 8.433 8.480 8.520 8.558 8.595 8.630 8.665 8.698 8.716 8.734 8.764 8.792 8.816 8.839 8.859 8.877 8.893 8.907 8.916 8.924 8.938 8.951 8.964 8.976 8.988 9.000 9.012 9.024 9.032 9.041 9.053 9.065 9.076 9.087 9.098 9.108 9.118 9.127 9.133 9.139 9.147 9.155 9.163 9.170 9.176 9.181 9.186 9.190 9.192 9.194 9.197 9.200
7.401 7.411 7.420 7.431 7.444 7.457 7.474 7.495 7.520 7.550 7.589 7.636 7.690 7.738 7.788 7.854 7.922 7.993 8.064 8.134 8.204 8.269 8.328 8.368 8.407 8.455 8.499 8.539 8.576 8.611 8.645 8.678 8.709 8.727 8.745 8.773 8.799 8.823 8.844 8.863 8.880 8.895 8.909 8.917 8.925 8.938 8.951 8.963 8.974 8.986 8.997 9.009 9.021 9.030 9.039 9.051 9.063 9.075 9.087 9.098 9.109 9.119 9.129 9.135 9.141 9.150 9.158 9.166 9.173 9.179 9.185 9.190 9.194 9.196 9.198 9.202 9.205
7.408 7.418 7.426 7.437 7.450 7.463 7.480 7.501 7.526 7.557 7.598 7.650 7.709 7.759 7.811 7.881 7.954 8.028 8.100 8.171 8.239 8.301 8.356 8.394 8.431 8.476 8.518 8.557 8.593 8.627 8.659 8.690 8.720 8.736 8.754 8.780 8.805 8.828 8.848 8.866 8.882 8.897 8.910 8.918 8.926 8.938 8.950 8.962 8.973 8.984 8.995 9.006 9.018 9.027 9.036 9.049 9.061 9.074 9.086 9.098 9.109 9.120 9.130 9.136 9.142 9.151 9.159 9.167 9.174 9.181 9.187 9.192 9.197 9.200 9.202 9.206 9.210
7.416 7.425 7.433 7.444 7.457 7.470 7.487 7.508 7.534 7.566 7.610 7.667 7.732 7.783 7.837 7.913 7.989 8.064 8.136 8.206 8.272 8.331 8.382 8.418 8.452 8.495 8.536 8.573 8.608 8.640 8.672 8.701 8.729 8.745 8.762 8.787 8.810 8.832 8.851 8.869 8.885 8.899 8.911 8.919 8.926 8.938 8.949 8.960 8.971 8.981 8.992 9.003 9.015 9.024 9.033 9.046 9.059 9.072 9.084 9.096 9.108 9.119 9.129 9.135 9.142 9.151 9.159 9.168 9.175 9.182 9.188 9.194 9.199 9.202 9.205 9.209 9.213
7.423 7.432 7.440 7.451 7.464 7.477 7.494 7.517 7.543 7.578 7.627 7.689 7.758 7.811 7.868 7.946 8.023 8.098 8.169 8.237 8.300 8.356 8.404 8.438 8.471 8.511 8.550 8.586 8.620 8.651 8.681 8.710 8.736 8.752 8.768 8.792 8.814 8.835 8.854 8.871 8.886 8.900 8.912 8.919 8.926 8.937 8.948 8.959 8.969 8.979 8.989 9.000 9.012 9.021 9.030 9.042 9.055 9.068 9.081 9.093 9.105 9.116 9.126 9.133 9.140 9.149 9.158 9.166 9.174 9.181 9.188 9.194 9.200 9.203 9.207 9.212 9.216
