version1/TsunamiDB/out54161.asc
ncols          264
nrows          230
xllcorner      497853.4375
yllcorner      4229146.0000
cellsize         5.
NODATA_value   -99
[rows 34 to 67 of 230, columns 77 to 153 of 264]
6.049 6.057 6.065 6.073 6.082 6.091 6.100 6.108 6.116 6.124 6.132 6.141 6.149 6.157 6.166 6.174 6.183 6.192 6.200 6.209 6.218 6.227 6.236 6.244 6.253 6.262 6.271 6.280 6.289 6.298 6.306 6.315 6.323 6.330 6.338 6.346 6.353 6.361 6.368 6.376 6.383 6.391 6.398 6.406 6.413 6.420 6.428 6.435 6.442 6.449 6.457 6.464 6.472 6.479 6.485 6.491 6.498 6.504 6.510 6.515 6.521 6.526 6.532 6.537 6.542 6.547 6.552 6.557 6.562 6.567 6.572 6.576 6.581 6.586 6.591 6.597 6.601
6.051 6.059 6.067 6.075 6.083 6.092 6.101 6.109 6.116 6.124 6.132 6.140 6.148 6.156 6.164 6.173 6.181 6.189 6.198 6.207 6.215 6.224 6.232 6.241 6.250 6.258 6.267 6.276 6.285 6.294 6.302 6.310 6.318 6.326 6.333 6.341 6.348 6.356 6.363 6.371 6.378 6.386 6.393 6.400 6.408 6.415 6.422 6.430 6.437 6.444 6.452 6.459 6.467 6.473 6.480 6.487 6.493 6.499 6.505 6.511 6.517 6.522 6.528 6.533 6.538 6.543 6.549 6.554 6.559 6.563 6.568 6.573 6.578 6.583 6.589 6.594 6.599
6.054 6.062 6.069 6.077 6.085 6.094 6.102 6.110 6.117 6.125 6.133 6.140 6.148 6.156 6.164 6.172 6.180 6.188 6.196 6.205 6.213 6.221 6.230 6.238 6.247 6.255 6.264 6.272 6.281 6.290 6.298 6.306 6.313 6.321 6.329 6.336 6.344 6.351 6.358 6.366 6.373 6.380 6.388 6.395 6.402 6.410 6.417 6.424 6.431 6.439 6.446 6.454 6.461 6.468 6.475 6.481 6.488 6.494 6.500 6.506 6.512 6.518 6.523 6.529 6.534 6.539 6.544 6.550 6.555 6.560 6.565 6.570 6.575 6.580 6.585 6.591 6.595
6.057 6.065 6.072 6.080 6.088 6.096 6.104 6.111 6.119 6.126 6.133 6.141 6.148 6.156 6.164 6.171 6.179 6.187 6.195 6.203 6.211 6.219 6.228 6.236 6.244 6.252 6.261 6.269 6.278 6.286 6.294 6.302 6.310 6.317 6.325 6.332 6.339 6.346 6.354 6.361 6.368 6.375 6.383 6.390 6.397 6.404 6.412 6.419 6.426 6.433 6.441 6.449 6.456 6.463 6.470 6.476 6.483 6.489 6.495 6.501 6.507 6.513 6.518 6.524 6.529 6.535 6.540 6.545 6.550 6.556 6.561 6.566 6.571 6.576 6.582 6.587 6.592
6.060 6.068 6.075 6.083 6.090 6.098 6.106 6.113 6.120 6.128 6.135 6.142 6.149 6.156 6.164 6.171 6.179 6.187 6.195 6.202 6.210 6.218 6.226 6.234 6.242 6.250 6.258 6.267 6.275 6.284 6.291 6.299 6.306 6.314 6.321 6.328 6.335 6.342 6.349 6.357 6.364 6.371 6.378 6.385 6.392 6.399 6.406 6.414 6.421 6.428 6.435 6.443 6.451 6.457 6.464 6.471 6.477 6.484 6.490 6.496 6.502 6.508 6.513 6.519 6.524 6.530 6.535 6.541 6.546 6.551 6.556 6.561 6.567 6.572 6.578 6.583 6.588
6.064 6.071 6.078 6.086 6.093 6.101 6.109 6.116 6.123 6.129 6.136 6.143 6.150 6.157 6.165 6.172 6.179 6.187 6.194 6.202 6.210 6.217 6.225 6.233 6.241 6.249 6.257 6.265 6.273 6.281 6.289 6.296 6.304 6.311 6.318 6.325 6.332 6.339 6.346 6.353 6.360 6.367 6.374 6.381 6.388 6.395 6.402 6.409 6.416 6.423 6.430 6.438 6.445 6.452 6.459 6.466 6.472 6.478 6.485 6.491 6.497 6.502 6.508 6.514 6.519 6.525 6.530 6.536 6.541 6.546 6.552 6.557 6.562 6.568 6.573 6.579 6.584
6.068 6.075 6.082 6.089 6.096 6.104 6.111 6.118 6.125 6.132 6.138 6.145 6.152 6.159 6.166 6.173 6.180 6.187 6.195 6.202 6.210 6.217 6.225 6.232 6.240 6.248 6.256 6.264 6.272 6.280 6.287 6.294 6.301 6.308 6.315 6.322 6.329 6.336 6.343 6.349 6.356 6.363 6.370 6.377 6.383 6.390 6.397 6.404 6.411 6.418 6.426 6.433 6.440 6.447 6.454 6.460 6.467 6.473 6.479 6.486 6.491 6.497 6.503 6.509 6.514 6.520 6.525 6.531 6.536 6.542 6.547 6.552 6.558 6.563 6.569 6.574 6.579
6.072 6.079 6.086 6.093 6.100 6.107 6.115 6.121 6.128 6.134 6.141 6.147 6.154 6.161 6.167 6.174 6.181 6.188 6.196 6.203 6.210 6.217 6.225 6.232 6.240 6.247 6.255 6.263 6.271 6.278 6.286 6.293 6.300 6.306 6.313 6.320 6.327 6.333 6.340 6.347 6.353 6.360 6.366 6.373 6.380 6.387 6.393 6.400 6.407 6.414 6.421 6.429 6.436 6.443 6.449 6.456 6.462 6.468 6.475 6.481 6.487 6.492 6.498 6.504 6.510 6.515 6.521 6.526 6.532 6.537 6.542 6.548 6.553 6.559 6.564 6.570 6.575
6.076 6.083 6.089 6.096 6.103 6.111 6.118 6.124 6.131 6.137 6.143 6.150 6.156 6.163 6.169 6.176 6.183 6.190 6.197 6.204 6.211 6.218 6.225 6.232 6.240 6.247 6.255 6.262 6.270 6.278 6.285 6.292 6.298 6.305 6.312 6.318 6.325 6.331 6.338 6.344 6.351 6.357 6.364 6.370 6.377 6.384 6.390 6.397 6.404 6.410 6.417 6.425 6.432 6.438 6.445 6.451 6.458 6.464 6.470 6.476 6.482 6.488 6.494 6.499 6.505 6.511 6.516 6.522 6.527 6.532 6.538 6.543 6.549 6.554 6.560 6.565 6.571
6.080 6.087 6.093 6.100 6.107 6.115 6.121 6.128 6.134 6.140 6.146 6.152 6.159 6.165 6.172 6.178 6.185 6.191 6.198 6.205 6.212 6.219 6.226 6.233 6.240 6.247 6.255 6.262 6.270 6.277 6.284 6.291 6.298 6.304 6.311 6.317 6.324 6.330 6.336 6.343 6.349 6.355 6.362 6.368 6.374 6.381 6.387 6.394 6.401 6.407 6.414 6.421 6.428 6.435 6.441 6.447 6.454 6.460 6.466 6.472 6.478 6.484 6.489 6.495 6.501 6.506 6.512 6.517 6.523 6.528 6.533 6.539 6.544 6.550 6.556 6.561 6.566
6.084 6.091 6.098 6.104 6.111 6.118 6.125 6.131 6.137 6.143 6.149 6.155 6.162 6.168 6.174 6.180 6.187 6.193 6.200 6.207 6.213 6.220 6.227 6.234 6.241 6.248 6.255 6.263 6.270 6.277 6.284 6.291 6.297 6.304 6.310 6.316 6.323 6.329 6.335 6.341 6.348 6.354 6.360 6.366 6.372 6.379 6.385 6.391 6.398 6.404 6.411 6.418 6.425 6.431 6.438 6.444 6.450 6.456 6.462 6.468 6.474 6.480 6.485 6.491 6.497 6.502 6.508 6.513 6.519 6.524 6.529 6.535 6.540 6.546 6.552 6.557 6.562
6.089 6.095 6.102 6.109 6.115 6.122 6.129 6.135 6.141 6.147 6.153 6.159 6.165 6.171 6.177 6.183 6.189 6.196 6.202 6.208 6.215 6.222 6.228 6.235 6.242 6.249 6.256 6.263 6.271 6.278 6.284 6.291 6.297 6.304 6.310 6.316 6.322 6.328 6.334 6.341 6.347 6.353 6.359 6.365 6.371 6.377 6.383 6.390 6.396 6.402 6.409 6.416 6.422 6.429 6.435 6.441 6.447 6.453 6.459 6.465 6.470 6.476 6.482 6.487 6.493 6.498 6.504 6.509 6.515 6.520 6.526 6.531 6.536 6.542 6.548 6.553 6.558
6.094 6.100 6.106 6.113 6.120 6.127 6.133 6.139 6.145 6.151 6.156 6.162 6.168 6.174 6.180 6.186 6.192 6.198 6.204 6.211 6.217 6.224 6.230 6.237 6.243 6.250 6.257 6.264 6.272 6.279 6.285 6.291 6.298 6.304 6.310 6.316 6.322 6.328 6.334 6.340 6.346 6.352 6.358 6.364 6.370 6.376 6.382 6.388 6.394 6.401 6.407 6.414 6.420 6.426 6.432 6.438 6.444 6.450 6.456 6.462 6.467 6.473 6.479 6.484 6.490 6.495 6.501 6.506 6.511 6.517 6.522 6.528 6.533 6.539 6.544 6.550 6.555
6.098 6.105 6.111 6.117 6.124 6.131 6.137 6.143 6.149 6.154 6.160 6.166 6.171 6.177 6.183 6.189 6.195 6.201 6.207 6.213 6.219 6.226 6.232 6.238 6.245 6.252 6.258 6.265 6.273 6.280 6.286 6.292 6.298 6.304 6.310 6.316 6.322 6.328 6.334 6.340 6.346 6.352 6.358 6.363 6.369 6.375 6.381 6.387 6.393 6.399 6.406 6.412 6.419 6.425 6.430 6.436 6.442 6.448 6.454 6.459 6.465 6.470 6.476 6.481 6.487 6.492 6.498 6.503 6.508 6.514 6.519 6.524 6.530 6.535 6.541 6.547 6.552
6.103 6.109 6.116 6.122 6.129 6.135 6.142 6.147 6.153 6.158 6.164 6.169 6.175 6.180 6.186 6.192 6.198 6.203 6.209 6.215 6.222 6.228 6.234 6.240 6.247 6.253 6.260 6.267 6.274 6.281 6.287 6.293 6.299 6.305 6.311 6.317 6.323 6.329 6.335 6.340 6.346 6.352 6.358 6.363 6.369 6.375 6.381 6.386 6.392 6.398 6.405 6.411 6.417 6.423 6.429 6.435 6.440 6.446 6.452 6.457 6.463 6.468 6.474 6.479 6.485 6.490 6.495 6.501 6.506 6.511 6.516 6.522 6.527 6.533 6.539 6.544 6.549
6.108 6.114 6.121 6.127 6.133 6.140 6.146 6.152 6.157 6.163 6.168 6.173 6.179 6.184 6.190 6.195 6.201 6.207 6.212 6.218 6.224 6.230 6.236 6.243 6.249 6.255 6.262 6.268 6.276 6.282 6.288 6.294 6.300 6.306 6.312 6.318 6.324 6.329 6.335 6.341 6.346 6.352 6.358 6.363 6.369 6.375 6.380 6.386 6.392 6.398 6.404 6.410 6.417 6.422 6.428 6.433 6.439 6.445 6.450 6.456 6.461 6.466 6.472 6.477 6.482 6.488 6.493 6.498 6.504 6.509 6.514 6.519 6.525 6.531 6.536 6.541 6.546
6.114 6.120 6.126 6.132 6.138 6.145 6.151 6.156 6.162 6.167 6.172 6.177 6.183 6.188 6.193 6.199 6.204 6.210 6.215 6.221 6.227 6.233 6.239 6.245 6.251 6.257 6.264 6.270 6.277 6.284 6.290 6.296 6.302 6.307 6.313 6.319 6.325 6.330 6.336 6.341 6.347 6.353 6.358 6.364 6.369 6.375 6.381 6.386 6.392 6.398 6.404 6.410 6.416 6.422 6.427 6.433 6.438 6.443 6.449 6.454 6.460 6.465 6.470 6.475 6.481 6.486 6.491 6.496 6.502 6.507 6.512 6.517 6.523 6.529 6.534 6.539 6.544
6.119 6.125 6.131 6.137 6.144 6.150 6.156 6.161 6.166 6.172 6.177 6.182 6.187 6.192 6.197 6.203 6.208 6.213 6.219 6.224 6.230 6.236 6.242 6.247 6.253 6.260 6.266 6.272 6.279 6.286 6.291 6.297 6.303 6.309 6.314 6.320 6.326 6.331 6.337 6.342 6.348 6.353 6.359 6.364 6.370 6.375 6.381 6.386 6.392 6.398 6.404 6.410 6.416 6.421 6.427 6.432 6.437 6.443 6.448 6.453 6.458 6.464 6.469 6.474 6.479 6.485 6.490 6.495 6.500 6.505 6.510 6.516 6.521 6.527 6.532 6.537 6.542
6.125 6.131 6.137 6.143 6.149 6.156 6.161 6.166 6.171 6.176 6.181 6.186 6.191 6.196 6.201 6.207 6.212 6.217 6.222 6.228 6.233 6.239 6.244 6.250 6.256 6.262 6.268 6.275 6.282 6.287 6.293 6.299 6.305 6.310 6.316 6.321 6.327 6.332 6.338 6.343 6.349 6.354 6.360 6.365 6.371 6.376 6.382 6.387 6.393 6.398 6.404 6.410 6.416 6.421 6.426 6.432 6.437 6.442 6.447 6.453 6.458 6.463 6.468 6.473 6.478 6.483 6.489 6.494 6.499 6.504 6.509 6.514 6.520 6.525 6.531 6.536 6.541
6.132 6.137 6.143 6.149 6.155 6.161 6.166 6.172 6.176 6.181 6.186 6.191 6.196 6.201 6.206 6.211 6.216 6.221 6.226 6.231 6.237 6.242 6.248 6.253 6.259 6.265 6.271 6.277 6.284 6.289 6.295 6.301 6.306 6.312 6.317 6.323 6.328 6.334 6.339 6.345 6.350 6.356 6.361 6.366 6.372 6.377 6.382 6.388 6.393 6.399 6.405 6.411 6.416 6.421 6.427 6.432 6.437 6.442 6.447 6.452 6.457 6.462 6.467 6.472 6.478 6.483 6.488 6.493 6.498 6.503 6.508 6.513 6.519 6.524 6.530 6.535 6.540
6.139 6.144 6.150 6.156 6.162 6.167 6.172 6.177 6.182 6.187 6.192 6.196 6.201 6.206 6.210 6.215 6.220 6.225 6.230 6.235 6.240 6.246 6.251 6.256 6.262 6.268 6.274 6.280 6.286 6.292 6.297 6.303 6.308 6.314 6.319 6.325 6.330 6.335 6.341 6.346 6.351 6.357 6.362 6.367 6.373 6.378 6.383 6.389 6.394 6.400 6.406 6.411 6.417 6.422 6.427 6.432 6.437 6.442 6.447 6.452 6.457 6.462 6.467 6.472 6.477 6.482 6.487 6.492 6.497 6.502 6.507 6.512 6.518 6.523 6.529 6.534 6.539
6.147 6.152 6.157 6.163 6.168 6.174 6.179 6.183 6.188 6.193 6.197 6.202 6.206 6.211 6.216 6.220 6.225 6.230 6.234 6.239 6.244 6.249 6.255 6.260 6.265 6.271 6.277 6.283 6.289 6.294 6.300 6.305 6.310 6.316 6.321 6.326 6.332 6.337 6.342 6.348 6.353 6.358 6.363 6.369 6.374 6.379 6.384 6.390 6.395 6.401 6.407 6.412 6.417 6.422 6.427 6.432 6.437 6.442 6.447 6.452 6.457 6.462 6.467 6.472 6.477 6.482 6.487 6.492 6.497 6.502 6.507 6.512 6.517 6.523 6.528 6.533 6.538
6.155 6.160 6.165 6.170 6.176 6.181 6.186 6.190 6.195 6.199 6.203 6.208 6.212 6.217 6.221 6.225 6.230 6.235 6.239 6.244 6.249 6.254 6.259 6.264 6.269 6.274 6.280 6.286 6.292 6.297 6.302 6.307 6.313 6.318 6.323 6.328 6.334 6.339 6.344 6.349 6.354 6.360 6.365 6.370 6.375 6.381 6.386 6.391 6.396 6.402 6.408 6.413 6.418 6.423 6.428 6.433 6.438 6.443 6.448 6.452 6.457 6.462 6.467 6.472 6.477 6.482 6.486 6.491 6.496 6.501 6.506 6.511 6.517 6.522 6.527 6.532 6.537
6.165 6.169 6.174 6.179 6.184 6.189 6.193 6.198 6.202 6.206 6.210 6.214 6.219 6.223 6.227 6.231 6.236 6.240 6.244 6.249 6.254 6.258 6.263 6.268 6.273 6.278 6.284 6.289 6.295 6.300 6.305 6.310 6.315 6.320 6.325 6.331 6.336 6.341 6.346 6.351 6.356 6.361 6.367 6.372 6.377 6.382 6.387 6.392 6.398 6.403 6.409 6.414 6.419 6.424 6.429 6.434 6.439 6.443 6.448 6.453 6.458 6.462 6.467 6.472 6.477 6.482 6.486 6.491 6.496 6.501 6.506 6.511 6.516 6.522 6.527 6.532 6.537
6.175 6.180 6.184 6.188 6.193 6.198 6.202 6.206 6.210 6.214 6.218 6.222 6.226 6.229 6.233 6.238 6.242 6.246 6.250 6.254 6.259 6.263 6.268 6.273 6.277 6.282 6.288 6.293 6.299 6.303 6.308 6.313 6.318 6.323 6.328 6.333 6.338 6.343 6.348 6.353 6.358 6.363 6.368 6.373 6.379 6.384 6.389 6.394 6.399 6.404 6.410 6.416 6.420 6.425 6.430 6.435 6.440 6.444 6.449 6.454 6.458 6.463 6.468 6.472 6.477 6.482 6.487 6.491 6.496 6.501 6.506 6.511 6.516 6.522 6.527 6.532 6.537
6.187 6.191 6.195 6.199 6.204 6.208 6.211 6.215 6.219 6.222 6.226 6.230 6.233 6.237 6.241 6.245 6.248 6.252 6.256 6.260 6.265 6.269 6.273 6.278 6.282 6.287 6.292 6.297 6.303 6.307 6.312 6.317 6.321 6.326 6.331 6.336 6.341 6.346 6.350 6.355 6.360 6.365 6.370 6.375 6.380 6.386 6.391 6.396 6.401 6.406 6.412 6.417 6.422 6.427 6.431 6.436 6.441 6.445 6.450 6.455 6.459 6.464 6.468 6.473 6.478 6.482 6.487 6.492 6.496 6.501 6.506 6.511 6.516 6.522 6.527 6.532 6.536
6.200 6.204 6.207 6.211 6.215 6.219 6.222 6.225 6.229 6.232 6.235 6.238 6.242 6.245 6.249 6.252 6.256 6.260 6.263 6.267 6.271 6.275 6.279 6.283 6.288 6.292 6.297 6.302 6.307 6.312 6.316 6.321 6.325 6.330 6.334 6.339 6.344 6.348 6.353 6.358 6.363 6.368 6.373 6.378 6.383 6.388 6.393 6.398 6.403 6.408 6.413 6.419 6.423 6.428 6.433 6.437 6.442 6.447 6.451 6.456 6.460 6.465 6.469 6.474 6.478 6.483 6.487 6.492 6.497 6.502 6.506 6.511 6.516 6.522 6.527 6.532 6.537
6.214 6.217 6.220 6.224 6.227 6.231 6.234 6.237 6.239 6.242 6.245 6.248 6.251 6.255 6.258 6.261 6.264 6.268 6.271 6.275 6.278 6.282 6.286 6.290 6.294 6.298 6.303 6.308 6.312 6.316 6.321 6.325 6.329 6.334 6.338 6.343 6.347 6.352 6.356 6.361 6.366 6.370 6.375 6.380 6.385 6.390 6.395 6.400 6.405 6.410 6.415 6.420 6.425 6.430 6.434 6.439 6.443 6.448 6.452 6.457 6.461 6.466 6.470 6.475 6.479 6.484 6.488 6.493 6.497 6.502 6.507 6.512 6.517 6.522 6.527 6.532 6.537
6.229 6.232 6.235 6.238 6.241 6.244 6.246 6.249 6.251 6.254 6.257 6.259 6.262 6.265 6.268 6.271 6.274 6.277 6.280 6.283 6.287 6.290 6.294 6.297 6.301 6.305 6.309 6.314 6.318 6.322 6.326 6.330 6.334 6.338 6.342 6.347 6.351 6.355 6.360 6.364 6.369 6.374 6.378 6.383 6.388 6.392 6.397 6.402 6.407 6.412 6.417 6.423 6.427 6.432 6.436 6.441 6.445 6.450 6.454 6.458 6.463 6.467 6.471 6.476 6.480 6.485 6.489 6.494 6.498 6.503 6.508 6.512 6.517 6.523 6.528 6.533 6.537
6.245 6.247 6.250 6.252 6.256 6.258 6.260 6.262 6.265 6.267 6.269 6.271 6.274 6.276 6.279 6.281 6.284 6.287 6.290 6.293 6.296 6.299 6.302 6.305 6.309 6.313 6.316 6.321 6.325 6.328 6.332 6.336 6.340 6.343 6.347 6.351 6.355 6.360 6.364 6.368 6.373 6.377 6.382 6.386 6.391 6.395 6.400 6.405 6.410 6.415 6.420 6.425 6.429 6.434 6.438 6.443 6.447 6.451 6.456 6.460 6.464 6.468 6.473 6.477 6.481 6.486 6.490 6.495 6.499 6.504 6.508 6.513 6.518 6.523 6.528 6.533 6.538
6.261 6.263 6.266 6.268 6.271 6.273 6.275 6.277 6.279 6.281 6.282 6.284 6.286 6.288 6.291 6.293 6.295 6.298 6.300 6.303 6.306 6.309 6.311 6.314 6.318 6.321 6.325 6.329 6.332 6.336 6.339 6.342 6.346 6.349 6.353 6.357 6.361 6.365 6.369 6.373 6.377 6.381 6.385 6.390 6.394 6.399 6.403 6.408 6.413 6.417 6.423 6.428 6.432 6.436 6.441 6.445 6.449 6.453 6.458 6.462 6.466 6.470 6.474 6.478 6.483 6.487 6.491 6.496 6.500 6.505 6.509 6.514 6.519 6.524 6.529 6.534 6.538
6.278 6.280 6.282 6.284 6.287 6.289 6.291 6.292 6.294 6.295 6.297 6.298 6.300 6.302 6.304 6.306 6.308 6.310 6.312 6.314 6.317 6.319 6.322 6.325 6.327 6.330 6.334 6.337 6.341 6.344 6.347 6.350 6.353 6.356 6.360 6.363 6.367 6.370 6.374 6.378 6.382 6.386 6.390 6.394 6.398 6.403 6.407 6.412 6.416 6.421 6.426 6.431 6.435 6.439 6.443 6.448 6.452 6.456 6.460 6.464 6.468 6.472 6.476 6.480 6.484 6.489 6.493 6.497 6.502 6.506 6.511 6.515 6.520 6.525 6.530 6.535 6.539
6.294 6.296 6.298 6.301 6.303 6.305 6.307 6.308 6.309 6.311 6.312 6.313 6.315 6.316 6.318 6.319 6.321 6.323 6.325 6.327 6.329 6.331 6.333 6.336 6.338 6.341 6.344 6.347 6.350 6.353 6.356 6.358 6.361 6.364 6.367 6.370 6.373 6.377 6.380 6.384 6.388 6.391 6.395 6.399 6.403 6.407 6.411 6.416 6.420 6.425 6.430 6.434 6.438 6.442 6.447 6.451 6.455 6.459 6.463 6.466 6.470 6.474 6.478 6.482 6.486 6.490 6.495 6.499 6.503 6.507 6.512 6.516 6.521 6.527 6.531 6.536 6.540
6.309 6.312 6.314 6.317 6.320 6.322 6.323 6.324 6.325 6.327 6.328 6.329 6.330 6.331 6.332 6.334 6.335 6.337 6.339 6.340 6.342 6.344 6.346 6.348 6.350 6.353 6.355 6.358 6.361 6.363 6.365 6.368 6.370 6.373 6.376 6.378 6.381 6.384 6.387 6.391 6.394 6.398 6.401 6.405 6.409 6.413 6.417 6.421 6.425 6.429 6.434 6.439 6.442 6.446 6.450 6.454 6.458 6.462 6.466 6.469 6.473 6.477 6.481 6.485 6.489 6.493 6.497 6.501 6.505 6.509 6.514 6.518 6.523 6.528 6.533 6.537 6.541
