version1/TsunamiDB/out54055.asc
ncols          264
nrows          230
xllcorner      497853.4375
yllcorner      4229146.0000
cellsize         5.
NODATA_value   -99
[rows 165 to 197 of 230, columns 74 to 147 of 264]
4.876 4.909 4.940 4.970 5.001 5.031 5.061 5.091 5.120 5.148 5.176 5.204 5.232 5.260 5.288 5.315 5.343 5.371 5.398 5.426 5.455 5.483 5.512 5.541 5.571 5.600 5.628 5.658 5.688 5.718 5.748 5.777 5.807 5.836 5.864 5.891 5.918 5.944 5.969 5.993 6.015 6.035 6.054 6.071 6.087 6.101 6.113 6.125 6.136 6.145 6.156 6.168 6.181 6.195 6.210 6.226 6.243 6.261 6.279 6.297 6.316 6.335 6.353 6.372 6.391 6.409 6.428 6.447 6.466 6.486 6.507 6.527 6.549 6.571
4.897 4.929 4.960 4.990 5.021 5.051 5.080 5.109 5.137 5.165 5.193 5.220 5.247 5.274 5.301 5.328 5.354 5.381 5.408 5.434 5.461 5.489 5.517 5.545 5.574 5.602 5.630 5.660 5.689 5.719 5.749 5.779 5.808 5.837 5.866 5.894 5.922 5.949 5.975 6.000 6.023 6.045 6.066 6.085 6.102 6.117 6.131 6.144 6.155 6.165 6.176 6.187 6.199 6.212 6.225 6.240 6.256 6.272 6.289 6.307 6.325 6.344 6.362 6.380 6.399 6.418 6.436 6.455 6.475 6.494 6.515 6.536 6.557 6.579
4.918 4.950 4.981 5.010 5.040 5.070 5.099 5.127 5.156 5.183 5.210 5.237 5.264 5.290 5.316 5.342 5.367 5.393 5.418 5.444 5.470 5.496 5.523 5.550 5.577 5.605 5.632 5.661 5.690 5.720 5.749 5.779 5.809 5.838 5.867 5.896 5.924 5.952 5.979 6.004 6.029 6.053 6.075 6.095 6.114 6.132 6.147 6.161 6.174 6.184 6.195 6.206 6.218 6.230 6.242 6.256 6.270 6.286 6.302 6.319 6.336 6.354 6.372 6.390 6.409 6.427 6.446 6.465 6.484 6.504 6.524 6.545 6.566 6.588
4.939 4.971 5.001 5.030 5.060 5.089 5.118 5.146 5.174 5.202 5.229 5.255 5.281 5.307 5.332 5.357 5.381 5.406 5.430 5.455 5.479 5.504 5.530 5.556 5.582 5.608 5.635 5.663 5.691 5.720 5.750 5.779 5.809 5.838 5.867 5.897 5.925 5.953 5.981 6.008 6.034 6.058 6.082 6.104 6.124 6.143 6.160 6.176 6.190 6.202 6.214 6.225 6.236 6.248 6.260 6.273 6.286 6.301 6.316 6.332 6.349 6.366 6.384 6.402 6.420 6.439 6.457 6.476 6.495 6.515 6.535 6.555 6.576 6.598
4.960 4.991 5.021 5.050 5.080 5.109 5.138 5.166 5.193 5.220 5.247 5.273 5.299 5.324 5.349 5.373 5.397 5.421 5.444 5.468 5.491 5.514 5.538 5.563 5.588 5.613 5.638 5.665 5.693 5.721 5.750 5.779 5.808 5.838 5.867 5.896 5.925 5.954 5.982 6.009 6.036 6.062 6.087 6.110 6.132 6.152 6.171 6.189 6.204 6.217 6.230 6.243 6.254 6.266 6.278 6.290 6.303 6.317 6.332 6.347 6.364 6.381 6.398 6.416 6.434 6.452 6.470 6.489 6.508 6.527 6.547 6.567 6.588 6.610
4.980 5.011 5.041 5.070 5.099 5.128 5.157 5.185 5.212 5.240 5.266 5.292 5.318 5.343 5.367 5.391 5.414 5.437 5.460 5.482 5.504 5.527 5.549 5.572 5.596 5.619 5.643 5.669 5.696 5.723 5.751 5.779 5.808 5.837 5.866 5.896 5.925 5.954 5.982 6.010 6.038 6.064 6.090 6.114 6.138 6.160 6.180 6.199 6.216 6.230 6.245 6.258 6.271 6.284 6.296 6.308 6.321 6.335 6.349 6.364 6.380 6.396 6.413 6.431 6.449 6.467 6.485 6.504 6.523 6.542 6.562 6.581 6.601 6.623
5.000 5.031 5.060 5.089 5.119 5.148 5.176 5.204 5.232 5.259 5.285 5.311 5.337 5.362 5.386 5.409 5.432 5.455 5.477 5.498 5.520 5.541 5.562 5.583 5.606 5.627 5.650 5.674 5.699 5.725 5.752 5.780 5.808 5.837 5.866 5.895 5.924 5.953 5.982 6.010 6.038 6.065 6.092 6.117 6.142 6.165 6.187 6.207 6.225 6.242 6.258 6.273 6.287 6.300 6.313 6.326 6.339 6.352 6.367 6.382 6.397 6.413 6.430 6.448 6.466 6.484 6.502 6.521 6.539 6.558 6.578 6.597 6.616 6.638
5.019 5.050 5.080 5.109 5.138 5.167 5.195 5.223 5.251 5.278 5.304 5.330 5.356 5.381 5.405 5.428 5.451 5.473 5.495 5.516 5.537 5.557 5.577 5.597 5.618 5.638 5.659 5.681 5.705 5.730 5.755 5.781 5.809 5.837 5.865 5.894 5.923 5.952 5.981 6.009 6.038 6.065 6.093 6.119 6.144 6.169 6.192 6.214 6.233 6.251 6.268 6.285 6.300 6.315 6.329 6.342 6.356 6.370 6.384 6.399 6.415 6.431 6.448 6.466 6.484 6.502 6.520 6.539 6.558 6.577 6.596 6.614 6.633 6.654
5.038 5.069 5.098 5.127 5.156 5.185 5.214 5.242 5.269 5.296 5.323 5.349 5.375 5.400 5.424 5.448 5.471 5.493 5.514 5.535 5.555 5.575 5.594 5.613 5.632 5.651 5.670 5.691 5.713 5.736 5.760 5.785 5.811 5.838 5.865 5.893 5.922 5.951 5.980 6.008 6.037 6.065 6.093 6.120 6.146 6.172 6.196 6.219 6.239 6.259 6.278 6.295 6.312 6.328 6.343 6.358 6.372 6.387 6.402 6.417 6.433 6.450 6.467 6.485 6.503 6.522 6.540 6.559 6.578 6.597 6.615 6.633 6.652 6.673
5.057 5.088 5.117 5.146 5.175 5.204 5.232 5.260 5.288 5.315 5.342 5.368 5.394 5.419 5.443 5.467 5.490 5.512 5.534 5.555 5.575 5.594 5.613 5.631 5.649 5.666 5.684 5.703 5.723 5.744 5.766 5.789 5.814 5.840 5.866 5.894 5.922 5.950 5.979 6.008 6.036 6.065 6.093 6.121 6.147 6.174 6.199 6.222 6.244 6.265 6.285 6.304 6.323 6.340 6.356 6.372 6.387 6.403 6.419 6.435 6.451 6.468 6.486 6.504 6.523 6.542 6.561 6.580 6.599 6.619 6.637 6.654 6.673 6.693
5.076 5.105 5.134 5.164 5.193 5.222 5.250 5.278 5.306 5.333 5.360 5.386 5.412 5.437 5.462 5.486 5.509 5.532 5.554 5.575 5.595 5.614 5.633 5.651 5.667 5.683 5.700 5.718 5.736 5.755 5.775 5.797 5.820 5.844 5.869 5.895 5.922 5.950 5.979 6.007 6.036 6.064 6.093 6.121 6.148 6.175 6.201 6.225 6.248 6.270 6.292 6.312 6.332 6.350 6.368 6.385 6.401 6.418 6.434 6.451 6.468 6.486 6.505 6.523 6.543 6.562 6.582 6.602 6.622 6.641 6.660 6.677 6.696 6.716
5.093 5.123 5.152 5.182 5.211 5.240 5.268 5.296 5.323 5.351 5.377 5.404 5.430 5.455 5.480 5.505 5.528 5.551 5.573 5.595 5.615 5.635 5.653 5.671 5.687 5.703 5.719 5.735 5.751 5.769 5.787 5.807 5.828 5.850 5.874 5.899 5.925 5.952 5.979 6.007 6.036 6.064 6.093 6.121 6.149 6.176 6.203 6.228 6.251 6.275 6.297 6.319 6.340 6.359 6.378 6.396 6.414 6.431 6.449 6.467 6.485 6.503 6.522 6.542 6.562 6.583 6.603 6.624 6.644 6.664 6.684 6.702 6.721 6.740
5.110 5.140 5.170 5.199 5.229 5.257 5.285 5.313 5.341 5.368 5.395 5.421 5.447 5.473 5.498 5.523 5.547 5.570 5.593 5.615 5.636 5.656 5.674 5.692 5.708 5.724 5.739 5.754 5.770 5.785 5.802 5.819 5.838 5.859 5.880 5.904 5.928 5.954 5.981 6.008 6.036 6.065 6.093 6.122 6.150 6.177 6.205 6.230 6.255 6.279 6.302 6.325 6.347 6.367 6.387 6.407 6.425 6.444 6.462 6.481 6.500 6.519 6.539 6.560 6.581 6.602 6.624 6.645 6.667 6.688 6.708 6.727 6.746 6.766
5.127 5.157 5.187 5.217 5.246 5.274 5.303 5.330 5.358 5.385 5.411 5.438 5.464 5.490 5.515 5.540 5.564 5.588 5.611 5.634 5.655 5.676 5.695 5.714 5.730 5.746 5.761 5.776 5.790 5.805 5.820 5.835 5.852 5.870 5.890 5.911 5.934 5.959 5.984 6.011 6.038 6.066 6.094 6.123 6.151 6.179 6.207 6.233 6.258 6.283 6.307 6.331 6.353 6.375 6.396 6.416 6.436 6.455 6.475 6.494 6.514 6.534 6.555 6.576 6.598 6.621 6.643 6.666 6.689 6.711 6.732 6.752 6.772 6.793
5.143 5.174 5.204 5.234 5.263 5.291 5.319 5.347 5.374 5.401 5.428 5.454 5.480 5.506 5.531 5.557 5.581 5.605 5.629 5.652 5.674 5.695 5.716 5.735 5.752 5.768 5.783 5.798 5.812 5.826 5.840 5.854 5.869 5.885 5.903 5.922 5.943 5.966 5.990 6.015 6.041 6.069 6.096 6.124 6.153 6.181 6.209 6.235 6.261 6.287 6.312 6.336 6.359 6.382 6.404 6.425 6.446 6.466 6.486 6.506 6.527 6.548 6.569 6.592 6.614 6.638 6.662 6.686 6.710 6.734 6.756 6.777 6.799 6.820
5.159 5.190 5.220 5.250 5.279 5.308 5.336 5.363 5.390 5.417 5.444 5.470 5.496 5.522 5.547 5.573 5.597 5.622 5.646 5.669 5.692 5.714 5.735 5.755 5.773 5.790 5.806 5.821 5.835 5.849 5.862 5.875 5.888 5.903 5.918 5.936 5.954 5.975 5.997 6.021 6.046 6.073 6.100 6.127 6.155 6.184 6.212 6.238 6.264 6.291 6.316 6.341 6.365 6.389 6.411 6.433 6.455 6.476 6.497 6.517 6.539 6.560 6.583 6.606 6.629 6.654 6.679 6.704 6.729 6.755 6.779 6.801 6.824 6.846
5.174 5.206 5.236 5.266 5.296 5.324 5.352 5.379 5.406 5.433 5.459 5.485 5.511 5.537 5.563 5.588 5.613 5.638 5.662 5.686 5.709 5.732 5.754 5.775 5.794 5.811 5.828 5.844 5.859 5.872 5.885 5.898 5.910 5.923 5.937 5.952 5.969 5.988 6.008 6.030 6.054 6.079 6.105 6.132 6.159 6.187 6.215 6.242 6.268 6.295 6.321 6.347 6.371 6.395 6.419 6.441 6.463 6.485 6.507 6.528 6.550 6.572 6.595 6.619 6.643 6.669 6.695 6.721 6.748 6.774 6.800 6.824 6.849 6.872
5.189 5.221 5.251 5.282 5.311 5.340 5.368 5.395 5.422 5.448 5.475 5.501 5.526 5.552 5.577 5.603 5.628 5.653 5.677 5.702 5.725 5.749 5.771 5.793 5.813 5.831 5.849 5.866 5.882 5.896 5.909 5.922 5.934 5.946 5.958 5.972 5.987 6.003 6.021 6.042 6.063 6.087 6.112 6.138 6.165 6.192 6.220 6.247 6.273 6.300 6.326 6.352 6.378 6.402 6.426 6.449 6.472 6.494 6.516 6.538 6.561 6.583 6.607 6.631 6.656 6.682 6.709 6.737 6.765 6.793 6.820 6.846 6.872 6.897
5.202 5.235 5.266 5.297 5.326 5.355 5.383 5.410 5.437 5.464 5.490 5.515 5.541 5.566 5.592 5.617 5.642 5.667 5.692 5.716 5.740 5.764 5.787 5.810 5.831 5.850 5.869 5.887 5.904 5.919 5.933 5.946 5.958 5.970 5.982 5.994 6.007 6.022 6.038 6.056 6.076 6.098 6.121 6.146 6.172 6.198 6.226 6.252 6.279 6.305 6.332 6.358 6.384 6.409 6.434 6.457 6.480 6.503 6.526 6.548 6.571 6.594 6.618 6.643 6.668 6.695 6.723 6.751 6.780 6.809 6.838 6.865 6.893 6.919
5.215 5.248 5.279 5.311 5.341 5.370 5.398 5.425 5.452 5.478 5.504 5.530 5.555 5.580 5.606 5.631 5.656 5.681 5.706 5.730 5.755 5.779 5.802 5.826 5.847 5.867 5.888 5.907 5.925 5.941 5.956 5.970 5.983 5.995 6.006 6.018 6.030 6.043 6.057 6.073 6.091 6.111 6.133 6.156 6.181 6.207 6.233 6.259 6.285 6.312 6.339 6.365 6.391 6.416 6.441 6.465 6.489 6.512 6.535 6.558 6.581 6.605 6.629 6.654 6.680 6.707 6.735 6.764 6.794 6.824 6.854 6.883 6.912 6.940
5.226 5.259 5.292 5.324 5.354 5.384 5.412 5.440 5.467 5.493 5.519 5.544 5.569 5.594 5.619 5.644 5.669 5.694 5.719 5.743 5.768 5.792 5.816 5.840 5.862 5.883 5.904 5.925 5.944 5.961 5.978 5.993 6.007 6.019 6.031 6.042 6.054 6.066 6.079 6.093 6.110 6.128 6.148 6.169 6.192 6.217 6.242 6.268 6.293 6.320 6.346 6.373 6.399 6.424 6.449 6.474 6.498 6.521 6.545 6.568 6.591 6.615 6.639 6.664 6.691 6.718 6.746 6.776 6.806 6.838 6.868 6.899 6.929 6.959
5.235 5.270 5.303 5.335 5.367 5.397 5.426 5.454 5.481 5.507 5.533 5.558 5.583 5.608 5.632 5.657 5.682 5.706 5.731 5.756 5.780 5.805 5.829 5.853 5.876 5.898 5.920 5.941 5.961 5.980 5.998 6.014 6.029 6.043 6.055 6.067 6.079 6.090 6.103 6.116 6.130 6.147 6.165 6.185 6.206 6.229 6.253 6.278 6.303 6.329 6.355 6.381 6.407 6.433 6.458 6.483 6.507 6.531 6.554 6.577 6.601 6.625 6.649 6.675 6.701 6.728 6.757 6.787 6.818 6.850 6.881 6.912 6.944 6.975
5.244 5.279 5.313 5.346 5.378 5.409 5.438 5.467 5.494 5.520 5.546 5.572 5.596 5.621 5.645 5.670 5.694 5.718 5.743 5.767 5.792 5.817 5.841 5.865 5.888 5.911 5.934 5.956 5.977 5.997 6.016 6.034 6.050 6.065 6.079 6.092 6.104 6.115 6.127 6.140 6.153 6.168 6.184 6.202 6.222 6.244 6.267 6.290 6.314 6.339 6.365 6.390 6.416 6.442 6.467 6.492 6.516 6.540 6.564 6.587 6.611 6.635 6.659 6.685 6.711 6.738 6.767 6.797 6.828 6.861 6.893 6.925 6.957 6.990
5.250 5.286 5.321 5.355 5.388 5.419 5.449 5.478 5.506 5.533 5.559 5.585 5.609 5.634 5.658 5.682 5.706 5.730 5.754 5.779 5.803 5.828 5.852 5.876 5.900 5.923 5.946 5.969 5.991 6.012 6.033 6.052 6.069 6.086 6.101 6.115 6.128 6.140 6.152 6.164 6.177 6.191 6.206 6.222 6.241 6.260 6.282 6.304 6.326 6.351 6.376 6.401 6.426 6.452 6.477 6.502 6.526 6.550 6.574 6.598 6.621 6.645 6.670 6.695 6.721 6.748 6.777 6.807 6.838 6.871 6.903 6.935 6.969 7.002
5.256 5.292 5.327 5.362 5.396 5.428 5.459 5.489 5.518 5.545 5.571 5.597 5.622 5.646 5.670 5.694 5.718 5.742 5.765 5.789 5.814 5.838 5.862 5.887 5.910 5.934 5.957 5.981 6.004 6.026 6.047 6.067 6.087 6.104 6.121 6.136 6.150 6.164 6.176 6.189 6.201 6.214 6.229 6.244 6.261 6.279 6.299 6.319 6.341 6.364 6.388 6.413 6.438 6.463 6.488 6.512 6.537 6.561 6.585 6.608 6.632 6.656 6.680 6.705 6.731 6.758 6.786 6.816 6.847 6.879 6.912 6.945 6.979 7.013
5.260 5.296 5.332 5.368 5.402 5.435 5.467 5.498 5.527 5.556 5.583 5.609 5.634 5.658 5.682 5.706 5.729 5.753 5.776 5.800 5.824 5.848 5.872 5.896 5.920 5.943 5.967 5.991 6.015 6.038 6.060 6.081 6.102 6.121 6.139 6.156 6.171 6.186 6.200 6.213 6.225 6.238 6.252 6.266 6.282 6.299 6.317 6.336 6.356 6.378 6.401 6.425 6.450 6.474 6.499 6.523 6.548 6.572 6.596 6.619 6.643 6.667 6.691 6.715 6.741 6.767 6.795 6.825 6.856 6.888 6.920 6.953 6.988 7.023
5.263 5.299 5.336 5.372 5.407 5.441 5.474 5.505 5.535 5.564 5.592 5.619 5.645 5.669 5.693 5.717 5.740 5.763 5.787 5.810 5.833 5.857 5.881 5.905 5.928 5.952 5.976 6.001 6.025 6.048 6.071 6.094 6.115 6.136 6.155 6.173 6.190 6.206 6.221 6.235 6.248 6.262 6.275 6.289 6.304 6.320 6.337 6.354 6.373 6.394 6.416 6.439 6.462 6.486 6.511 6.535 6.559 6.583 6.607 6.631 6.654 6.678 6.702 6.726 6.751 6.777 6.804 6.833 6.864 6.895 6.927 6.961 6.996 7.031
5.264 5.301 5.338 5.374 5.410 5.444 5.478 5.510 5.542 5.572 5.600 5.628 5.654 5.679 5.704 5.728 5.751 5.774 5.797 5.820 5.843 5.866 5.890 5.913 5.936 5.960 5.984 6.009 6.033 6.057 6.081 6.105 6.127 6.149 6.169 6.189 6.207 6.225 6.241 6.256 6.270 6.284 6.297 6.311 6.326 6.341 6.356 6.372 6.390 6.410 6.431 6.453 6.476 6.499 6.523 6.547 6.571 6.595 6.619 6.643 6.666 6.690 6.713 6.737 6.762 6.787 6.814 6.842 6.872 6.903 6.935 6.968 7.003 7.039
5.266 5.302 5.339 5.375 5.411 5.446 5.481 5.514 5.546 5.577 5.606 5.635 5.662 5.688 5.713 5.737 5.760 5.783 5.806 5.829 5.851 5.874 5.898 5.920 5.943 5.967 5.991 6.016 6.041 6.065 6.090 6.114 6.137 6.160 6.182 6.202 6.222 6.241 6.258 6.274 6.290 6.304 6.318 6.332 6.347 6.361 6.376 6.391 6.408 6.426 6.446 6.467 6.489 6.512 6.535 6.559 6.583 6.607 6.631 6.655 6.679 6.702 6.725 6.749 6.773 6.797 6.823 6.851 6.880 6.910 6.942 6.975 7.010 7.046
5.267 5.303 5.340 5.376 5.412 5.447 5.481 5.515 5.548 5.580 5.610 5.640 5.668 5.695 5.720 5.745 5.769 5.792 5.815 5.837 5.860 5.882 5.905 5.927 5.950 5.973 5.998 6.022 6.047 6.072 6.097 6.122 6.146 6.169 6.192 6.214 6.235 6.255 6.273 6.291 6.307 6.323 6.337 6.352 6.366 6.381 6.395 6.409 6.425 6.443 6.462 6.482 6.503 6.525 6.548 6.572 6.596 6.620 6.644 6.668 6.691 6.715 6.738 6.761 6.784 6.809 6.834 6.860 6.889 6.918 6.949 6.982 7.016 7.052
5.269 5.304 5.340 5.376 5.411 5.446 5.481 5.515 5.548 5.581 5.612 5.642 5.671 5.699 5.726 5.751 5.776 5.799 5.822 5.845 5.867 5.889 5.912 5.934 5.956 5.979 6.003 6.028 6.053 6.078 6.103 6.128 6.153 6.177 6.201 6.224 6.246 6.267 6.286 6.305 6.322 6.339 6.354 6.369 6.384 6.398 6.412 6.426 6.442 6.458 6.476 6.496 6.516 6.538 6.561 6.584 6.608 6.632 6.656 6.681 6.704 6.728 6.751 6.774 6.797 6.820 6.845 6.870 6.898 6.926 6.956 6.988 7.022 7.058
5.271 5.305 5.340 5.375 5.410 5.445 5.479 5.513 5.547 5.580 5.612 5.643 5.673 5.702 5.729 5.756 5.781 5.805 5.829 5.851 5.874 5.896 5.918 5.940 5.961 5.985 6.008 6.033 6.057 6.083 6.108 6.133 6.159 6.183 6.208 6.232 6.255 6.277 6.297 6.317 6.335 6.353 6.369 6.384 6.399 6.414 6.428 6.442 6.457 6.473 6.490 6.509 6.529 6.550 6.573 6.596 6.620 6.644 6.669 6.693 6.717 6.741 6.764 6.787 6.810 6.833 6.856 6.881 6.907 6.935 6.963 6.995 7.028 7.064
5.274 5.307 5.341 5.375 5.409 5.443 5.477 5.511 5.544 5.577 5.610 5.641 5.672 5.702 5.730 5.758 5.784 5.809 5.833 5.856 5.879 5.901 5.924 5.945 5.966 5.989 6.012 6.037 6.061 6.086 6.112 6.137 6.163 6.188 6.213 6.238 6.261 6.284 6.306 6.327 6.346 6.364 6.381 6.397 6.413 6.428 6.442 6.455 6.470 6.486 6.503 6.521 6.541 6.562 6.584 6.607 6.631 6.656 6.681 6.706 6.730 6.754 6.778 6.801 6.823 6.846 6.869 6.892 6.917 6.943 6.971 7.001 7.034 7.068
