version1/TsunamiDB/out54116.asc
ncols          264
nrows          230
xllcorner      497853.4375
yllcorner      4229146.0000
cellsize         5.
NODATA_value   -99
[rows 102 to 135 of 230, columns 154 to 230 of 264]
6.851 6.856 6.861 6.867 6.872 6.878 6.884 6.890 6.897 6.904 6.912 6.920 6.929 6.938 6.948 6.959 6.970 6.981 6.992 7.003 7.015 7.026 7.038 7.049 7.061 7.072 7.084 7.095 7.106 7.117 7.128 7.139 7.149 7.160 7.170 7.180 7.189 7.199 7.208 7.218 7.228 7.236 7.245 7.254 7.262 7.271 7.280 7.289 7.299 7.308 7.318 7.327 7.337 7.347 7.357 7.367 7.378 7.389 7.400 7.410 7.420 7.430 7.442 7.458 7.475 7.495 7.521 7.551 7.588 7.632 7.687 7.753 7.822 7.866 7.912 7.985 8.052
6.862 6.867 6.872 6.877 6.883 6.888 6.894 6.900 6.907 6.914 6.921 6.930 6.938 6.947 6.957 6.968 6.979 6.990 7.001 7.012 7.024 7.035 7.047 7.058 7.070 7.082 7.093 7.105 7.116 7.127 7.138 7.149 7.160 7.170 7.180 7.190 7.200 7.210 7.219 7.229 7.238 7.247 7.255 7.264 7.273 7.281 7.290 7.299 7.309 7.318 7.328 7.337 7.346 7.355 7.365 7.374 7.385 7.395 7.406 7.418 7.430 7.443 7.458 7.476 7.495 7.518 7.547 7.580 7.616 7.660 7.716 7.783 7.855 7.899 7.946 8.018 8.084
6.872 6.878 6.883 6.888 6.893 6.899 6.904 6.911 6.917 6.924 6.931 6.939 6.948 6.957 6.967 6.977 6.988 6.999 7.010 7.021 7.033 7.044 7.056 7.067 7.079 7.091 7.102 7.114 7.126 7.137 7.148 7.159 7.170 7.180 7.190 7.201 7.210 7.220 7.230 7.239 7.249 7.257 7.266 7.274 7.283 7.291 7.300 7.309 7.318 7.328 7.337 7.346 7.354 7.363 7.372 7.381 7.391 7.401 7.413 7.426 7.440 7.455 7.473 7.494 7.516 7.542 7.574 7.609 7.647 7.691 7.745 7.813 7.887 7.933 7.980 8.051 8.114
6.883 6.888 6.893 6.899 6.904 6.909 6.915 6.921 6.927 6.934 6.941 6.949 6.957 6.966 6.976 6.986 6.997 7.008 7.019 7.030 7.041 7.053 7.065 7.076 7.088 7.100 7.112 7.123 7.135 7.146 7.158 7.169 7.180 7.190 7.201 7.211 7.221 7.230 7.240 7.250 7.259 7.267 7.276 7.284 7.292 7.301 7.310 7.319 7.328 7.337 7.346 7.354 7.362 7.369 7.378 7.386 7.396 7.407 7.420 7.435 7.452 7.470 7.490 7.513 7.537 7.567 7.601 7.638 7.677 7.722 7.775 7.843 7.925 7.971 8.016 8.085 8.145
6.894 6.899 6.904 6.909 6.915 6.920 6.926 6.931 6.938 6.944 6.951 6.959 6.967 6.976 6.985 6.996 7.006 7.017 7.028 7.039 7.050 7.062 7.074 7.085 7.097 7.109 7.121 7.133 7.144 7.156 7.167 7.178 7.189 7.200 7.210 7.221 7.231 7.240 7.250 7.260 7.269 7.277 7.285 7.294 7.302 7.310 7.319 7.328 7.337 7.346 7.355 7.362 7.368 7.376 7.384 7.392 7.402 7.414 7.428 7.446 7.464 7.485 7.509 7.533 7.559 7.591 7.629 7.668 7.710 7.755 7.807 7.886 7.971 8.012 8.054 8.119 8.176
6.905 6.910 6.915 6.920 6.925 6.931 6.936 6.942 6.948 6.955 6.961 6.969 6.977 6.986 6.995 7.005 7.016 7.026 7.037 7.048 7.059 7.071 7.082 7.094 7.106 7.118 7.130 7.142 7.154 7.165 7.177 7.188 7.199 7.210 7.220 7.231 7.241 7.250 7.260 7.270 7.279 7.287 7.295 7.303 7.311 7.319 7.328 7.337 7.346 7.355 7.363 7.369 7.375 7.383 7.390 7.399 7.409 7.422 7.438 7.457 7.479 7.502 7.529 7.555 7.582 7.618 7.658 7.701 7.745 7.794 7.856 7.936 8.012 8.050 8.091 8.152 8.205
6.915 6.920 6.926 6.931 6.936 6.941 6.947 6.952 6.958 6.965 6.972 6.979 6.987 6.995 7.004 7.014 7.025 7.035 7.046 7.057 7.068 7.080 7.091 7.103 7.115 7.127 7.139 7.151 7.163 7.174 7.186 7.197 7.208 7.219 7.230 7.240 7.250 7.260 7.270 7.280 7.289 7.297 7.304 7.312 7.320 7.328 7.337 7.345 7.354 7.362 7.370 7.376 7.382 7.390 7.398 7.406 7.418 7.432 7.450 7.470 7.494 7.521 7.551 7.578 7.607 7.646 7.691 7.737 7.786 7.842 7.908 7.982 8.051 8.086 8.125 8.181 8.230
6.926 6.931 6.936 6.941 6.947 6.952 6.957 6.963 6.969 6.975 6.982 6.989 6.996 7.005 7.014 7.023 7.034 7.044 7.055 7.066 7.077 7.088 7.100 7.112 7.124 7.136 7.148 7.160 7.172 7.183 7.195 7.206 7.218 7.229 7.239 7.250 7.260 7.270 7.279 7.289 7.298 7.306 7.314 7.321 7.329 7.337 7.345 7.354 7.362 7.370 7.377 7.383 7.390 7.397 7.405 7.415 7.428 7.443 7.462 7.484 7.510 7.541 7.573 7.602 7.633 7.678 7.726 7.777 7.832 7.892 7.958 8.025 8.087 8.120 8.156 8.208 8.253
6.936 6.942 6.947 6.952 6.957 6.962 6.968 6.973 6.979 6.985 6.992 6.999 7.006 7.014 7.023 7.033 7.043 7.053 7.064 7.075 7.086 7.097 7.109 7.121 7.133 7.145 7.157 7.169 7.181 7.192 7.204 7.216 7.227 7.238 7.248 7.259 7.269 7.279 7.289 7.298 7.307 7.315 7.322 7.330 7.337 7.345 7.353 7.361 7.369 7.377 7.384 7.391 7.397 7.405 7.414 7.425 7.439 7.456 7.475 7.499 7.528 7.561 7.598 7.630 7.664 7.712 7.765 7.821 7.879 7.941 8.004 8.066 8.121 8.152 8.185 8.232 8.273
6.947 6.952 6.957 6.962 6.967 6.973 6.978 6.983 6.989 6.995 7.001 7.008 7.016 7.024 7.032 7.042 7.052 7.062 7.073 7.083 7.094 7.106 7.117 7.129 7.141 7.153 7.165 7.177 7.189 7.201 7.213 7.224 7.236 7.247 7.257 7.268 7.278 7.288 7.298 7.308 7.316 7.324 7.331 7.338 7.346 7.353 7.360 7.368 7.376 7.384 7.391 7.398 7.406 7.414 7.424 7.436 7.451 7.469 7.490 7.515 7.546 7.584 7.626 7.660 7.696 7.749 7.806 7.865 7.925 7.986 8.046 8.103 8.153 8.181 8.211 8.253 8.291
6.957 6.962 6.967 6.972 6.977 6.983 6.988 6.993 6.999 7.005 7.011 7.018 7.025 7.033 7.041 7.051 7.061 7.071 7.081 7.092 7.103 7.114 7.126 7.137 7.149 7.162 7.174 7.186 7.198 7.210 7.222 7.233 7.244 7.255 7.266 7.277 7.287 7.297 7.307 7.317 7.325 7.332 7.339 7.346 7.353 7.360 7.367 7.375 7.383 7.390 7.399 7.406 7.415 7.424 7.434 7.447 7.464 7.483 7.505 7.532 7.566 7.609 7.656 7.691 7.730 7.788 7.849 7.909 7.969 8.028 8.085 8.137 8.182 8.208 8.235 8.273 8.307
6.967 6.972 6.977 6.982 6.987 6.992 6.998 7.003 7.009 7.014 7.020 7.027 7.034 7.042 7.050 7.059 7.069 7.079 7.089 7.100 7.111 7.122 7.134 7.146 7.158 7.170 7.182 7.194 7.206 7.218 7.230 7.241 7.253 7.264 7.275 7.285 7.295 7.305 7.316 7.325 7.333 7.340 7.347 7.354 7.360 7.367 7.373 7.381 7.389 7.398 7.406 7.415 7.424 7.433 7.445 7.459 7.477 7.498 7.522 7.551 7.589 7.636 7.687 7.725 7.766 7.828 7.889 7.950 8.009 8.066 8.120 8.167 8.208 8.232 8.256 8.290 8.321
6.976 6.981 6.987 6.992 6.997 7.002 7.007 7.012 7.018 7.024 7.030 7.036 7.043 7.051 7.059 7.068 7.078 7.088 7.098 7.108 7.119 7.130 7.142 7.154 7.166 7.178 7.190 7.202 7.214 7.226 7.238 7.250 7.261 7.272 7.283 7.293 7.304 7.314 7.324 7.333 7.341 7.348 7.354 7.360 7.367 7.373 7.380 7.387 7.395 7.404 7.414 7.423 7.433 7.443 7.456 7.471 7.491 7.514 7.539 7.571 7.612 7.662 7.718 7.758 7.802 7.865 7.927 7.988 8.045 8.100 8.151 8.196 8.233 8.255 8.277 8.308 8.336
6.985 6.991 6.996 7.001 7.006 7.011 7.016 7.022 7.027 7.033 7.039 7.045 7.052 7.059 7.067 7.076 7.086 7.096 7.105 7.116 7.127 7.138 7.149 7.161 7.173 7.186 7.198 7.210 7.222 7.234 7.246 7.258 7.269 7.280 7.291 7.301 7.312 7.322 7.332 7.341 7.349 7.355 7.361 7.367 7.373 7.379 7.385 7.393 7.401 7.411 7.422 7.432 7.442 7.454 7.467 7.484 7.505 7.530 7.559 7.594 7.637 7.691 7.754 7.796 7.839 7.903 7.966 8.026 8.082 8.135 8.183 8.224 8.258 8.277 8.296 8.324 8.350
6.994 6.999 7.005 7.010 7.015 7.020 7.025 7.031 7.036 7.041 7.047 7.053 7.060 7.067 7.075 7.084 7.094 7.103 7.113 7.123 7.134 7.145 7.157 7.169 7.181 7.193 7.205 7.218 7.230 7.242 7.254 7.265 7.277 7.288 7.298 7.309 7.319 7.329 7.339 7.348 7.356 7.362 7.367 7.373 7.378 7.384 7.391 7.399 7.408 7.419 7.430 7.441 7.452 7.464 7.479 7.498 7.521 7.548 7.580 7.618 7.665 7.728 7.794 7.835 7.878 7.942 8.004 8.062 8.117 8.167 8.212 8.249 8.279 8.297 8.315 8.340 8.363
7.002 7.008 7.013 7.018 7.024 7.029 7.034 7.039 7.044 7.050 7.056 7.062 7.068 7.075 7.083 7.092 7.102 7.111 7.120 7.131 7.141 7.153 7.164 7.176 7.188 7.200 7.213 7.225 7.237 7.249 7.261 7.273 7.284 7.295 7.306 7.316 7.327 7.337 7.347 7.355 7.362 7.368 7.373 7.378 7.384 7.390 7.396 7.405 7.415 7.426 7.438 7.450 7.462 7.476 7.492 7.513 7.539 7.570 7.606 7.648 7.703 7.769 7.833 7.873 7.915 7.979 8.039 8.097 8.149 8.196 8.238 8.272 8.300 8.316 8.332 8.355 8.375
7.010 7.016 7.021 7.027 7.032 7.037 7.042 7.047 7.053 7.058 7.064 7.070 7.076 7.083 7.091 7.100 7.109 7.118 7.128 7.138 7.148 7.159 7.171 7.183 7.195 7.207 7.220 7.232 7.244 7.256 7.268 7.280 7.291 7.302 7.313 7.323 7.334 7.343 7.353 7.361 7.368 7.373 7.378 7.384 7.389 7.395 7.402 7.411 7.421 7.433 7.446 7.459 7.474 7.489 7.506 7.530 7.560 7.595 7.635 7.684 7.743 7.808 7.871 7.909 7.950 8.013 8.073 8.128 8.178 8.223 8.261 8.293 8.320 8.334 8.348 8.369 8.387
7.017 7.023 7.029 7.034 7.040 7.045 7.050 7.055 7.060 7.066 7.071 7.077 7.084 7.091 7.098 7.107 7.116 7.125 7.134 7.144 7.155 7.166 7.178 7.189 7.202 7.214 7.226 7.239 7.251 7.263 7.275 7.287 7.298 7.309 7.320 7.330 7.340 7.350 7.359 7.367 7.373 7.379 7.383 7.389 7.395 7.401 7.408 7.418 7.428 7.440 7.454 7.469 7.486 7.504 7.523 7.552 7.586 7.624 7.670 7.723 7.783 7.846 7.906 7.943 7.984 8.045 8.104 8.158 8.205 8.247 8.283 8.313 8.338 8.351 8.364 8.382 8.398
7.024 7.030 7.036 7.041 7.047 7.052 7.058 7.063 7.068 7.073 7.079 7.085 7.091 7.098 7.105 7.114 7.123 7.131 7.141 7.151 7.161 7.172 7.184 7.196 7.208 7.220 7.233 7.245 7.258 7.270 7.282 7.293 7.304 7.315 7.326 7.336 7.346 7.355 7.365 7.372 7.379 7.384 7.389 7.394 7.400 7.407 7.414 7.424 7.435 7.447 7.463 7.481 7.501 7.521 7.544 7.577 7.614 7.658 7.707 7.761 7.821 7.882 7.941 7.977 8.016 8.076 8.132 8.185 8.230 8.270 8.305 8.333 8.355 8.367 8.378 8.394 8.409
7.030 7.036 7.042 7.048 7.054 7.059 7.065 7.070 7.075 7.080 7.086 7.092 7.098 7.105 7.112 7.121 7.129 7.138 7.147 7.157 7.168 7.179 7.190 7.202 7.214 7.226 7.239 7.251 7.264 7.276 7.288 7.299 7.311 7.321 7.332 7.342 7.351 7.361 7.370 7.378 7.384 7.389 7.394 7.400 7.406 7.412 7.420 7.430 7.441 7.455 7.472 7.493 7.518 7.541 7.567 7.604 7.647 7.694 7.744 7.798 7.857 7.916 7.974 8.009 8.046 8.105 8.160 8.210 8.254 8.292 8.325 8.351 8.372 8.382 8.392 8.406 8.418
7.036 7.042 7.049 7.055 7.060 7.066 7.071 7.077 7.082 7.087 7.093 7.099 7.105 7.111 7.119 7.127 7.135 7.144 7.153 7.163 7.173 7.184 7.196 7.208 7.220 7.232 7.245 7.257 7.270 7.282 7.294 7.305 7.316 7.327 7.337 7.347 7.356 7.365 7.374 7.382 7.389 7.394 7.399 7.405 7.411 7.417 7.426 7.436 7.448 7.463 7.483 7.509 7.538 7.564 7.593 7.635 7.682 7.730 7.781 7.834 7.891 7.949 8.006 8.040 8.076 8.133 8.187 8.235 8.277 8.313 8.345 8.369 8.387 8.396 8.404 8.417 8.427
7.041 7.048 7.054 7.060 7.066 7.072 7.078 7.083 7.088 7.094 7.099 7.105 7.111 7.118 7.125 7.133 7.141 7.150 7.159 7.169 7.179 7.190 7.201 7.213 7.225 7.238 7.250 7.263 7.275 7.288 7.300 7.311 7.322 7.332 7.342 7.351 7.361 7.370 7.379 7.387 7.394 7.399 7.403 7.409 7.416 7.422 7.431 7.443 7.456 7.473 7.497 7.526 7.560 7.589 7.621 7.667 7.716 7.766 7.816 7.868 7.923 7.981 8.038 8.070 8.105 8.161 8.211 8.257 8.298 8.333 8.362 8.385 8.400 8.408 8.415 8.425 8.434
7.046 7.053 7.059 7.066 7.072 7.078 7.083 7.089 7.094 7.100 7.105 7.111 7.117 7.124 7.131 7.139 7.147 7.155 7.164 7.174 7.184 7.195 7.207 7.218 7.231 7.243 7.256 7.268 7.281 7.293 7.305 7.316 7.327 7.337 7.346 7.356 7.365 7.374 7.383 7.391 7.398 7.403 7.408 7.413 7.420 7.427 7.437 7.449 7.464 7.485 7.511 7.544 7.582 7.615 7.650 7.699 7.750 7.801 7.851 7.902 7.956 8.011 8.068 8.100 8.134 8.187 8.235 8.279 8.317 8.351 8.379 8.400 8.413 8.419 8.424 8.433 8.442
7.050 7.057 7.064 7.071 7.077 7.083 7.089 7.095 7.100 7.106 7.111 7.117 7.123 7.129 7.136 7.144 7.152 7.161 7.170 7.179 7.189 7.200 7.212 7.223 7.236 7.248 7.261 7.274 7.286 7.298 7.310 7.321 7.331 7.341 7.350 7.359 7.368 7.377 7.386 7.395 7.402 7.407 7.411 7.417 7.424 7.432 7.443 7.457 7.474 7.498 7.527 7.565 7.609 7.644 7.681 7.732 7.785 7.836 7.886 7.936 7.987 8.042 8.100 8.132 8.164 8.214 8.260 8.301 8.336 8.369 8.396 8.414 8.424 8.428 8.433 8.440 8.448
7.053 7.061 7.068 7.075 7.081 7.088 7.094 7.100 7.105 7.111 7.117 7.122 7.128 7.135 7.142 7.150 7.158 7.166 7.175 7.184 7.194 7.205 7.216 7.228 7.240 7.253 7.266 7.278 7.291 7.303 7.315 7.325 7.335 7.345 7.354 7.363 7.372 7.380 7.390 7.399 7.405 7.410 7.414 7.420 7.428 7.437 7.449 7.465 7.486 7.513 7.547 7.591 7.640 7.675 7.713 7.766 7.819 7.871 7.921 7.970 8.019 8.077 8.136 8.164 8.193 8.241 8.284 8.321 8.355 8.385 8.411 8.425 8.432 8.435 8.440 8.447 8.454
7.056 7.064 7.071 7.079 7.085 7.092 7.098 7.104 7.110 7.116 7.122 7.127 7.133 7.140 7.147 7.154 7.162 7.171 7.179 7.189 7.199 7.210 7.221 7.233 7.245 7.257 7.270 7.283 7.296 7.308 7.319 7.330 7.339 7.348 7.357 7.366 7.375 7.384 7.393 7.401 7.408 7.412 7.417 7.425 7.433 7.443 7.458 7.477 7.502 7.533 7.573 7.622 7.671 7.707 7.745 7.799 7.854 7.907 7.957 8.007 8.059 8.116 8.169 8.195 8.222 8.267 8.306 8.341 8.372 8.399 8.421 8.432 8.439 8.443 8.446 8.453 8.460
7.059 7.067 7.074 7.082 7.089 7.096 7.102 7.109 7.115 7.120 7.126 7.132 7.138 7.144 7.151 7.159 7.167 7.175 7.184 7.193 7.203 7.214 7.225 7.237 7.249 7.262 7.275 7.287 7.300 7.312 7.323 7.333 7.343 7.352 7.360 7.369 7.377 7.386 7.395 7.403 7.409 7.415 7.421 7.430 7.439 7.452 7.470 7.493 7.521 7.557 7.602 7.652 7.702 7.738 7.777 7.833 7.889 7.942 7.994 8.046 8.099 8.152 8.200 8.224 8.250 8.290 8.326 8.358 8.386 8.410 8.428 8.439 8.446 8.449 8.452 8.459 8.467
7.060 7.069 7.077 7.084 7.092 7.099 7.106 7.112 7.118 7.124 7.130 7.136 7.142 7.149 7.155 7.163 7.171 7.179 7.188 7.197 7.207 7.218 7.229 7.241 7.253 7.266 7.279 7.291 7.304 7.316 7.327 7.337 7.346 7.355 7.363 7.371 7.380 7.388 7.397 7.404 7.411 7.418 7.426 7.436 7.447 7.463 7.485 7.511 7.544 7.584 7.631 7.683 7.733 7.770 7.810 7.867 7.924 7.979 8.032 8.085 8.137 8.186 8.229 8.251 8.275 8.311 8.344 8.373 8.397 8.418 8.433 8.444 8.452 8.455 8.458 8.465 8.474
7.061 7.070 7.078 7.086 7.094 7.101 7.108 7.115 7.122 7.128 7.134 7.140 7.146 7.152 7.159 7.167 7.175 7.183 7.191 7.200 7.210 7.221 7.232 7.244 7.257 7.269 7.282 7.295 7.308 7.320 7.331 7.341 7.349 7.358 7.366 7.373 7.381 7.390 7.398 7.406 7.413 7.422 7.432 7.444 7.458 7.478 7.502 7.533 7.569 7.611 7.660 7.713 7.765 7.803 7.843 7.902 7.960 8.017 8.071 8.123 8.173 8.218 8.257 8.277 8.298 8.331 8.360 8.386 8.407 8.425 8.439 8.449 8.458 8.461 8.463 8.472 8.481
7.062 7.071 7.079 7.088 7.096 7.103 7.111 7.118 7.124 7.131 7.137 7.143 7.149 7.156 7.163 7.170 7.178 7.186 7.194 7.203 7.213 7.224 7.235 7.247 7.260 7.273 7.286 7.299 7.311 7.324 7.334 7.344 7.352 7.360 7.368 7.375 7.382 7.391 7.399 7.407 7.416 7.427 7.440 7.454 7.471 7.494 7.523 7.557 7.595 7.639 7.689 7.743 7.798 7.836 7.877 7.937 7.997 8.054 8.108 8.160 8.207 8.248 8.283 8.301 8.320 8.349 8.374 8.397 8.415 8.431 8.444 8.454 8.464 8.466 8.469 8.478 8.488
7.062 7.071 7.080 7.088 7.097 7.105 7.112 7.119 7.126 7.133 7.139 7.145 7.152 7.158 7.165 7.173 7.181 7.188 7.197 7.206 7.216 7.227 7.238 7.250 7.263 7.275 7.289 7.302 7.315 7.327 7.338 7.347 7.354 7.362 7.369 7.376 7.383 7.391 7.400 7.408 7.420 7.433 7.449 7.466 7.486 7.513 7.546 7.582 7.622 7.667 7.718 7.774 7.831 7.870 7.911 7.974 8.034 8.091 8.144 8.194 8.239 8.277 8.307 8.323 8.339 8.364 8.387 8.407 8.423 8.437 8.448 8.459 8.469 8.472 8.475 8.485 8.495
7.061 7.070 7.079 7.088 7.097 7.105 7.113 7.120 7.128 7.134 7.141 7.147 7.154 7.160 7.168 7.175 7.183 7.191 7.199 7.208 7.218 7.229 7.240 7.252 7.265 7.278 7.291 7.304 7.318 7.330 7.340 7.349 7.356 7.364 7.370 7.376 7.383 7.392 7.401 7.411 7.425 7.442 7.461 7.480 7.502 7.533 7.569 7.608 7.649 7.695 7.748 7.806 7.865 7.905 7.947 8.010 8.069 8.125 8.177 8.225 8.267 8.301 8.328 8.342 8.356 8.378 8.397 8.415 8.429 8.442 8.453 8.464 8.474 8.478 8.481 8.492 8.502
7.060 7.069 7.078 7.088 7.096 7.105 7.113 7.121 7.128 7.135 7.142 7.149 7.155 7.162 7.169 7.177 7.184 7.192 7.201 7.210 7.220 7.231 7.242 7.254 7.267 7.280 7.293 7.307 7.320 7.332 7.343 7.351 7.358 7.365 7.371 7.377 7.383 7.392 7.402 7.415 7.431 7.450 7.472 7.494 7.520 7.553 7.592 7.634 7.677 7.724 7.777 7.836 7.898 7.939 7.982 8.044 8.103 8.158 8.208 8.253 8.293 8.325 8.349 8.361 8.373 8.391 8.408 8.424 8.437 8.448 8.459 8.469 8.480 8.483 8.487 8.498 8.509
7.058 7.067 7.077 7.086 7.095 7.104 7.112 7.120 7.128 7.135 7.142 7.149 7.156 7.163 7.170 7.178 7.185 7.193 7.202 7.211 7.221 7.232 7.243 7.255 7.268 7.282 7.295 7.309 7.322 7.335 7.345 7.353 7.359 7.365 7.371 7.377 7.384 7.393 7.404 7.420 7.439 7.461 7.487 7.511 7.538 7.575 7.617 7.660 7.705 7.754 7.808 7.869 7.936 7.977 8.019 8.081 8.138 8.191 8.238 8.282 8.319 8.348 8.368 8.377 8.388 8.404 8.419 8.432 8.443 8.454 8.464 8.474 8.485 8.489 8.493 8.504 8.516
