version1/TsunamiDB/out54133.asc
ncols          264
nrows          230
xllcorner      497853.4375
yllcorner      4229146.0000
cellsize         5.
NODATA_value   -99
[rows 136 to 169 of 230, columns 77 to 153 of 264]
6.666 6.676 6.686 6.695 6.704 6.714 6.723 6.732 6.742 6.751 6.760 6.769 6.779 6.788 6.797 6.807 6.816 6.825 6.835 6.844 6.854 6.863 6.873 6.883 6.893 6.902 6.911 6.920 6.928 6.937 6.946 6.954 6.962 6.970 6.978 6.986 6.993 7.000 7.007 7.014 7.020 7.026 7.031 7.037 7.042 7.047 7.052 7.056 7.060 7.063 7.066 7.069 7.071 7.074 7.077 7.080 7.082 7.085 7.089 7.092 7.095 7.098 7.102 7.105 7.109 7.112 7.116 7.119 7.123 7.127 7.130 7.133 7.136 7.138 7.140 7.142 7.144
6.670 6.680 6.690 6.699 6.708 6.718 6.727 6.736 6.746 6.755 6.764 6.773 6.783 6.792 6.801 6.810 6.820 6.829 6.838 6.848 6.857 6.867 6.877 6.887 6.896 6.905 6.914 6.923 6.932 6.941 6.949 6.958 6.966 6.975 6.983 6.991 6.999 7.006 7.013 7.020 7.027 7.033 7.039 7.045 7.051 7.056 7.061 7.066 7.070 7.073 7.076 7.079 7.082 7.085 7.087 7.090 7.093 7.096 7.099 7.103 7.106 7.109 7.113 7.116 7.120 7.124 7.127 7.131 7.135 7.139 7.142 7.145 7.148 7.151 7.153 7.156 7.158
6.674 6.684 6.693 6.703 6.712 6.722 6.731 6.740 6.749 6.759 6.768 6.777 6.787 6.796 6.805 6.814 6.823 6.832 6.842 6.851 6.860 6.870 6.880 6.890 6.899 6.908 6.917 6.926 6.935 6.944 6.953 6.962 6.970 6.979 6.987 6.996 7.004 7.011 7.019 7.026 7.033 7.040 7.046 7.053 7.058 7.064 7.070 7.075 7.079 7.082 7.086 7.089 7.092 7.095 7.098 7.100 7.103 7.106 7.109 7.113 7.116 7.119 7.123 7.126 7.130 7.134 7.138 7.142 7.146 7.150 7.153 7.157 7.160 7.163 7.165 7.168 7.170
6.679 6.688 6.698 6.707 6.716 6.726 6.735 6.744 6.754 6.763 6.772 6.781 6.790 6.800 6.809 6.818 6.827 6.836 6.845 6.855 6.864 6.873 6.883 6.893 6.902 6.911 6.920 6.929 6.938 6.947 6.956 6.965 6.974 6.982 6.991 7.000 7.008 7.016 7.024 7.032 7.039 7.046 7.053 7.059 7.066 7.072 7.078 7.083 7.087 7.091 7.095 7.098 7.101 7.104 7.107 7.110 7.113 7.116 7.119 7.122 7.125 7.129 7.132 7.136 7.140 7.143 7.147 7.151 7.156 7.160 7.163 7.167 7.170 7.173 7.176 7.179 7.181
6.683 6.692 6.702 6.711 6.720 6.730 6.739 6.748 6.758 6.767 6.776 6.785 6.794 6.804 6.813 6.822 6.831 6.840 6.849 6.858 6.867 6.877 6.887 6.896 6.905 6.914 6.923 6.932 6.941 6.950 6.959 6.968 6.976 6.985 6.994 7.003 7.012 7.020 7.028 7.036 7.044 7.051 7.059 7.065 7.072 7.079 7.085 7.090 7.095 7.099 7.103 7.106 7.110 7.113 7.116 7.119 7.122 7.125 7.128 7.131 7.134 7.138 7.141 7.145 7.148 7.152 7.156 7.160 7.165 7.169 7.172 7.176 7.179 7.182 7.186 7.188 7.191
6.687 6.697 6.706 6.715 6.725 6.734 6.743 6.753 6.762 6.771 6.780 6.789 6.799 6.808 6.817 6.826 6.835 6.844 6.853 6.862 6.871 6.880 6.890 6.900 6.908 6.917 6.926 6.935 6.944 6.952 6.961 6.970 6.979 6.988 6.997 7.006 7.015 7.024 7.032 7.040 7.048 7.056 7.064 7.071 7.078 7.085 7.092 7.097 7.102 7.106 7.111 7.114 7.118 7.121 7.124 7.127 7.130 7.133 7.136 7.140 7.143 7.146 7.150 7.153 7.157 7.161 7.164 7.169 7.173 7.177 7.181 7.184 7.188 7.191 7.194 7.197 7.200
6.692 6.701 6.711 6.720 6.729 6.738 6.748 6.757 6.766 6.775 6.785 6.794 6.803 6.812 6.821 6.830 6.839 6.848 6.857 6.866 6.875 6.884 6.894 6.903 6.912 6.920 6.929 6.938 6.946 6.955 6.964 6.973 6.982 6.991 7.000 7.009 7.018 7.027 7.035 7.044 7.052 7.060 7.068 7.076 7.083 7.091 7.097 7.103 7.108 7.113 7.118 7.122 7.125 7.129 7.132 7.135 7.138 7.141 7.144 7.148 7.151 7.154 7.157 7.161 7.165 7.168 7.172 7.176 7.181 7.185 7.189 7.192 7.196 7.199 7.203 7.206 7.209
6.697 6.706 6.715 6.725 6.734 6.743 6.752 6.761 6.771 6.780 6.789 6.798 6.807 6.816 6.825 6.834 6.843 6.852 6.861 6.870 6.879 6.888 6.897 6.907 6.915 6.924 6.932 6.941 6.949 6.958 6.967 6.975 6.984 6.993 7.002 7.011 7.020 7.029 7.038 7.047 7.055 7.064 7.072 7.080 7.088 7.096 7.103 7.109 7.114 7.119 7.124 7.128 7.132 7.136 7.140 7.143 7.146 7.149 7.152 7.155 7.158 7.162 7.165 7.169 7.172 7.176 7.180 7.184 7.188 7.192 7.196 7.200 7.203 7.207 7.210 7.213 7.216
6.701 6.711 6.720 6.729 6.738 6.748 6.757 6.766 6.775 6.784 6.794 6.803 6.812 6.821 6.830 6.839 6.847 6.856 6.865 6.874 6.883 6.892 6.901 6.910 6.919 6.927 6.935 6.944 6.952 6.961 6.969 6.978 6.987 6.996 7.005 7.014 7.023 7.032 7.041 7.050 7.058 7.067 7.075 7.084 7.092 7.100 7.107 7.114 7.120 7.125 7.130 7.135 7.139 7.143 7.146 7.150 7.153 7.156 7.159 7.162 7.166 7.169 7.172 7.176 7.179 7.183 7.187 7.191 7.195 7.199 7.203 7.207 7.210 7.214 7.217 7.221 7.224
6.706 6.715 6.725 6.734 6.743 6.752 6.762 6.771 6.780 6.789 6.798 6.807 6.816 6.825 6.834 6.843 6.852 6.861 6.870 6.878 6.887 6.896 6.905 6.914 6.922 6.931 6.939 6.947 6.955 6.964 6.972 6.981 6.989 6.998 7.007 7.016 7.025 7.034 7.043 7.052 7.061 7.070 7.078 7.087 7.095 7.104 7.111 7.118 7.124 7.130 7.136 7.140 7.145 7.149 7.153 7.156 7.160 7.163 7.166 7.169 7.173 7.176 7.179 7.183 7.186 7.190 7.194 7.198 7.202 7.206 7.210 7.214 7.217 7.221 7.224 7.227 7.231
6.711 6.720 6.729 6.739 6.748 6.757 6.766 6.776 6.785 6.794 6.803 6.812 6.821 6.830 6.839 6.848 6.857 6.865 6.874 6.883 6.892 6.900 6.910 6.918 6.926 6.934 6.942 6.951 6.959 6.967 6.975 6.983 6.992 7.001 7.009 7.018 7.027 7.036 7.045 7.054 7.063 7.072 7.081 7.090 7.098 7.107 7.115 7.122 7.129 7.135 7.140 7.146 7.150 7.155 7.159 7.163 7.166 7.170 7.173 7.176 7.179 7.183 7.186 7.189 7.193 7.196 7.200 7.204 7.209 7.213 7.216 7.220 7.224 7.227 7.231 7.234 7.237
6.715 6.724 6.734 6.743 6.752 6.762 6.771 6.780 6.789 6.799 6.808 6.817 6.826 6.835 6.844 6.853 6.861 6.870 6.879 6.887 6.896 6.905 6.914 6.923 6.931 6.938 6.946 6.954 6.962 6.970 6.978 6.986 6.995 7.003 7.012 7.021 7.030 7.038 7.047 7.056 7.065 7.074 7.083 7.092 7.101 7.110 7.118 7.125 7.132 7.139 7.145 7.150 7.155 7.160 7.164 7.168 7.172 7.176 7.179 7.182 7.186 7.189 7.192 7.196 7.199 7.203 7.206 7.210 7.215 7.219 7.223 7.226 7.230 7.233 7.237 7.240 7.244
6.718 6.728 6.738 6.747 6.757 6.766 6.775 6.785 6.794 6.803 6.812 6.822 6.831 6.840 6.849 6.857 6.866 6.875 6.884 6.892 6.901 6.909 6.918 6.927 6.935 6.943 6.950 6.958 6.966 6.974 6.982 6.990 6.998 7.006 7.015 7.023 7.032 7.041 7.050 7.059 7.068 7.076 7.085 7.094 7.103 7.112 7.121 7.128 7.136 7.142 7.149 7.154 7.160 7.165 7.169 7.174 7.178 7.181 7.185 7.188 7.192 7.195 7.198 7.202 7.205 7.209 7.213 7.217 7.221 7.225 7.229 7.232 7.236 7.240 7.243 7.246 7.250
6.720 6.730 6.740 6.750 6.760 6.770 6.779 6.789 6.798 6.807 6.817 6.826 6.835 6.844 6.853 6.862 6.871 6.879 6.888 6.897 6.905 6.914 6.923 6.931 6.939 6.947 6.955 6.962 6.970 6.977 6.985 6.993 7.001 7.009 7.017 7.026 7.034 7.043 7.052 7.061 7.069 7.078 7.087 7.096 7.105 7.114 7.123 7.131 7.138 7.145 7.152 7.158 7.164 7.169 7.174 7.179 7.183 7.187 7.191 7.194 7.198 7.201 7.204 7.208 7.211 7.215 7.219 7.223 7.227 7.231 7.235 7.238 7.242 7.245 7.249 7.252 7.256
6.720 6.731 6.742 6.752 6.762 6.772 6.782 6.792 6.802 6.811 6.821 6.830 6.839 6.848 6.857 6.866 6.875 6.884 6.893 6.901 6.910 6.918 6.927 6.936 6.943 6.951 6.959 6.966 6.974 6.981 6.989 6.996 7.004 7.012 7.020 7.029 7.037 7.045 7.054 7.063 7.071 7.080 7.089 7.098 7.107 7.116 7.125 7.133 7.141 7.148 7.155 7.161 7.167 7.173 7.178 7.183 7.188 7.192 7.196 7.200 7.203 7.207 7.210 7.214 7.217 7.221 7.224 7.228 7.233 7.237 7.241 7.244 7.248 7.251 7.255 7.258 7.262
6.717 6.729 6.741 6.752 6.763 6.773 6.784 6.794 6.804 6.814 6.824 6.833 6.843 6.852 6.861 6.870 6.879 6.888 6.897 6.905 6.914 6.923 6.932 6.940 6.948 6.955 6.963 6.970 6.977 6.985 6.992 7.000 7.008 7.015 7.023 7.031 7.039 7.048 7.056 7.065 7.073 7.082 7.091 7.100 7.109 7.118 7.127 7.135 7.143 7.150 7.157 7.164 7.170 7.176 7.182 7.187 7.192 7.196 7.201 7.205 7.208 7.212 7.216 7.219 7.223 7.226 7.230 7.234 7.239 7.243 7.246 7.250 7.253 7.257 7.261 7.264 7.267
6.711 6.724 6.737 6.749 6.761 6.772 6.784 6.794 6.805 6.815 6.825 6.835 6.845 6.855 6.864 6.873 6.882 6.891 6.900 6.909 6.918 6.926 6.935 6.944 6.951 6.959 6.966 6.974 6.981 6.988 6.996 7.003 7.011 7.018 7.026 7.034 7.042 7.050 7.058 7.067 7.075 7.084 7.092 7.101 7.110 7.119 7.128 7.136 7.144 7.152 7.159 7.166 7.173 7.179 7.185 7.190 7.195 7.200 7.205 7.209 7.213 7.217 7.221 7.224 7.228 7.232 7.236 7.240 7.244 7.248 7.252 7.255 7.259 7.263 7.266 7.270 7.273
6.700 6.715 6.729 6.743 6.756 6.769 6.781 6.792 6.804 6.815 6.826 6.836 6.846 6.856 6.866 6.875 6.885 6.894 6.903 6.912 6.921 6.930 6.939 6.947 6.955 6.962 6.970 6.977 6.984 6.992 6.999 7.006 7.014 7.021 7.029 7.036 7.044 7.052 7.060 7.068 7.077 7.085 7.093 7.102 7.111 7.120 7.129 7.137 7.145 7.153 7.160 7.168 7.175 7.181 7.187 7.193 7.199 7.204 7.209 7.213 7.217 7.222 7.226 7.229 7.233 7.237 7.241 7.245 7.250 7.254 7.257 7.261 7.264 7.268 7.272 7.275 7.279
6.686 6.702 6.718 6.733 6.747 6.761 6.775 6.788 6.800 6.812 6.823 6.835 6.845 6.856 6.866 6.876 6.886 6.895 6.904 6.914 6.923 6.932 6.941 6.950 6.957 6.965 6.972 6.980 6.987 6.994 7.002 7.009 7.016 7.024 7.031 7.039 7.046 7.054 7.062 7.070 7.078 7.086 7.094 7.103 7.112 7.121 7.130 7.138 7.146 7.154 7.161 7.169 7.176 7.183 7.189 7.195 7.201 7.207 7.212 7.217 7.221 7.226 7.230 7.234 7.238 7.242 7.246 7.250 7.255 7.259 7.262 7.266 7.270 7.273 7.277 7.280 7.284
6.667 6.685 6.702 6.719 6.735 6.750 6.765 6.779 6.793 6.806 6.819 6.831 6.842 6.853 6.864 6.875 6.885 6.895 6.905 6.914 6.924 6.933 6.943 6.951 6.959 6.967 6.974 6.982 6.989 6.996 7.004 7.011 7.018 7.025 7.033 7.040 7.048 7.055 7.063 7.071 7.079 7.087 7.095 7.103 7.112 7.121 7.130 7.138 7.146 7.154 7.161 7.169 7.176 7.183 7.190 7.197 7.203 7.209 7.214 7.219 7.224 7.229 7.234 7.238 7.242 7.246 7.250 7.255 7.260 7.263 7.267 7.271 7.275 7.278 7.282 7.286 7.289
6.646 6.665 6.683 6.701 6.718 6.735 6.751 6.767 6.782 6.797 6.810 6.824 6.836 6.848 6.860 6.871 6.882 6.893 6.903 6.913 6.923 6.933 6.943 6.951 6.959 6.967 6.975 6.982 6.990 6.997 7.005 7.012 7.019 7.027 7.034 7.041 7.049 7.056 7.064 7.071 7.079 7.087 7.095 7.103 7.112 7.121 7.129 7.137 7.145 7.153 7.161 7.169 7.176 7.183 7.190 7.197 7.204 7.210 7.216 7.221 7.227 7.232 7.237 7.241 7.246 7.250 7.254 7.259 7.264 7.268 7.272 7.276 7.279 7.283 7.287 7.290 7.294
6.624 6.643 6.662 6.680 6.699 6.717 6.734 6.751 6.768 6.783 6.799 6.813 6.827 6.840 6.853 6.865 6.877 6.888 6.899 6.910 6.920 6.931 6.941 6.950 6.958 6.966 6.974 6.982 6.990 6.997 7.005 7.012 7.020 7.027 7.034 7.042 7.049 7.056 7.064 7.071 7.079 7.087 7.095 7.103 7.112 7.120 7.128 7.136 7.144 7.152 7.160 7.168 7.175 7.183 7.190 7.197 7.204 7.210 7.217 7.223 7.228 7.234 7.239 7.244 7.249 7.253 7.258 7.263 7.268 7.272 7.276 7.280 7.284 7.287 7.291 7.295 7.298
6.604 6.622 6.641 6.659 6.678 6.696 6.715 6.733 6.750 6.767 6.784 6.799 6.815 6.829 6.843 6.856 6.869 6.881 6.893 6.904 6.916 6.927 6.937 6.946 6.955 6.964 6.972 6.980 6.988 6.996 7.004 7.011 7.019 7.026 7.034 7.041 7.048 7.056 7.063 7.071 7.078 7.086 7.094 7.102 7.110 7.119 7.127 7.135 7.142 7.150 7.158 7.166 7.173 7.181 7.189 7.196 7.203 7.210 7.216 7.223 7.229 7.235 7.240 7.246 7.251 7.256 7.261 7.266 7.271 7.275 7.279 7.283 7.287 7.291 7.295 7.299 7.303
6.587 6.604 6.621 6.639 6.657 6.676 6.694 6.712 6.731 6.748 6.766 6.783 6.799 6.815 6.830 6.844 6.858 6.871 6.884 6.897 6.909 6.920 6.931 6.941 6.951 6.960 6.969 6.977 6.985 6.993 7.001 7.009 7.017 7.024 7.032 7.039 7.047 7.054 7.061 7.069 7.076 7.084 7.092 7.100 7.108 7.117 7.124 7.132 7.140 7.148 7.155 7.163 7.171 7.179 7.186 7.194 7.201 7.208 7.215 7.222 7.229 7.235 7.241 7.246 7.252 7.257 7.263 7.268 7.273 7.278 7.282 7.286 7.290 7.295 7.299 7.302 7.306
6.574 6.589 6.605 6.621 6.638 6.656 6.674 6.692 6.711 6.729 6.747 6.764 6.781 6.798 6.814 6.830 6.845 6.859 6.873 6.886 6.899 6.912 6.923 6.934 6.944 6.954 6.963 6.972 6.981 6.989 6.997 7.005 7.013 7.021 7.029 7.036 7.044 7.051 7.059 7.066 7.074 7.082 7.089 7.097 7.106 7.114 7.121 7.129 7.137 7.144 7.152 7.160 7.168 7.175 7.183 7.191 7.198 7.206 7.213 7.220 7.227 7.234 7.240 7.246 7.252 7.258 7.264 7.269 7.275 7.280 7.284 7.289 7.293 7.297 7.301 7.305 7.309
6.564 6.578 6.592 6.607 6.623 6.639 6.656 6.674 6.691 6.709 6.727 6.745 6.763 6.780 6.797 6.813 6.829 6.845 6.859 6.874 6.887 6.901 6.913 6.925 6.936 6.946 6.956 6.965 6.975 6.983 6.992 7.000 7.009 7.017 7.024 7.032 7.040 7.048 7.055 7.063 7.070 7.078 7.086 7.094 7.102 7.110 7.118 7.125 7.133 7.141 7.148 7.156 7.164 7.171 7.179 7.187 7.195 7.203 7.210 7.218 7.225 7.232 7.239 7.245 7.252 7.258 7.264 7.270 7.276 7.281 7.286 7.290 7.295 7.299 7.304 7.308 7.312
6.559 6.570 6.583 6.596 6.611 6.626 6.641 6.658 6.674 6.692 6.709 6.727 6.744 6.762 6.779 6.796 6.812 6.829 6.844 6.859 6.874 6.888 6.902 6.914 6.925 6.936 6.947 6.957 6.967 6.976 6.985 6.994 7.003 7.011 7.019 7.027 7.035 7.043 7.051 7.058 7.066 7.074 7.082 7.090 7.098 7.106 7.113 7.121 7.128 7.136 7.144 7.151 7.159 7.167 7.175 7.183 7.191 7.199 7.206 7.214 7.222 7.229 7.236 7.243 7.250 7.257 7.263 7.270 7.276 7.281 7.286 7.291 7.296 7.301 7.305 7.310 7.314
6.556 6.566 6.577 6.589 6.602 6.615 6.630 6.645 6.660 6.676 6.693 6.710 6.727 6.744 6.762 6.779 6.796 6.812 6.828 6.844 6.859 6.874 6.888 6.901 6.914 6.925 6.937 6.947 6.958 6.968 6.977 6.986 6.995 7.004 7.013 7.021 7.029 7.037 7.045 7.053 7.061 7.069 7.077 7.085 7.093 7.101 7.108 7.116 7.123 7.131 7.139 7.146 7.154 7.162 7.170 7.178 7.186 7.194 7.202 7.210 7.218 7.226 7.233 7.241 7.248 7.255 7.262 7.269 7.275 7.281 7.287 7.292 7.297 7.302 7.307 7.311 7.316
6.556 6.565 6.575 6.585 6.596 6.608 6.621 6.635 6.649 6.664 6.680 6.696 6.712 6.729 6.746 6.762 6.779 6.796 6.812 6.828 6.844 6.860 6.875 6.888 6.901 6.913 6.925 6.937 6.948 6.958 6.968 6.978 6.987 6.996 7.005 7.014 7.022 7.031 7.039 7.047 7.055 7.063 7.071 7.079 7.087 7.095 7.103 7.110 7.118 7.126 7.133 7.141 7.148 7.156 7.164 7.172 7.180 7.189 7.197 7.205 7.213 7.221 7.229 7.237 7.245 7.252 7.260 7.267 7.274 7.280 7.286 7.292 7.297 7.303 7.308 7.312 7.317
6.559 6.566 6.575 6.584 6.594 6.605 6.616 6.628 6.641 6.655 6.669 6.684 6.700 6.716 6.732 6.748 6.764 6.781 6.797 6.813 6.829 6.845 6.860 6.874 6.888 6.901 6.913 6.925 6.937 6.948 6.958 6.968 6.978 6.988 6.997 7.006 7.015 7.024 7.032 7.040 7.049 7.057 7.065 7.073 7.081 7.090 7.097 7.105 7.112 7.120 7.127 7.135 7.143 7.150 7.158 7.166 7.175 7.183 7.191 7.200 7.208 7.217 7.225 7.233 7.241 7.249 7.257 7.265 7.272 7.279 7.285 7.291 7.297 7.303 7.308 7.313 7.318
6.563 6.570 6.577 6.585 6.594 6.603 6.613 6.624 6.636 6.649 6.662 6.676 6.690 6.705 6.720 6.736 6.751 6.767 6.783 6.799 6.815 6.831 6.847 6.861 6.875 6.888 6.901 6.914 6.926 6.937 6.948 6.959 6.969 6.979 6.989 6.998 7.007 7.016 7.025 7.033 7.042 7.050 7.058 7.067 7.075 7.084 7.091 7.099 7.106 7.114 7.121 7.129 7.137 7.145 7.152 7.161 7.169 7.177 7.186 7.194 7.203 7.211 7.220 7.229 7.237 7.245 7.254 7.262 7.270 7.277 7.284 7.290 7.296 7.302 7.308 7.314 7.319
6.568 6.574 6.580 6.588 6.595 6.604 6.613 6.623 6.633 6.645 6.657 6.669 6.683 6.696 6.711 6.725 6.741 6.756 6.771 6.787 6.803 6.819 6.834 6.849 6.863 6.876 6.890 6.902 6.915 6.926 6.938 6.949 6.960 6.970 6.980 6.990 6.999 7.008 7.017 7.026 7.035 7.043 7.052 7.060 7.069 7.077 7.085 7.093 7.100 7.108 7.116 7.123 7.131 7.139 7.147 7.155 7.163 7.171 7.180 7.189 7.197 7.206 7.215 7.224 7.233 7.241 7.250 7.259 7.267 7.275 7.282 7.289 7.296 7.302 7.308 7.314 7.319
6.574 6.580 6.585 6.592 6.598 6.606 6.614 6.623 6.632 6.643 6.654 6.665 6.678 6.690 6.704 6.718 6.732 6.746 6.761 6.777 6.792 6.808 6.823 6.837 6.851 6.865 6.878 6.891 6.904 6.916 6.928 6.940 6.951 6.961 6.972 6.982 6.991 7.001 7.010 7.019 7.028 7.037 7.045 7.054 7.063 7.071 7.079 7.087 7.095 7.102 7.110 7.118 7.125 7.133 7.141 7.149 7.157 7.166 7.174 7.183 7.192 7.201 7.210 7.219 7.228 7.237 7.246 7.255 7.264 7.272 7.280 7.287 7.295 7.301 7.308 7.314 7.320
6.581 6.586 6.591 6.597 6.603 6.609 6.617 6.625 6.633 6.643 6.653 6.663 6.675 6.686 6.699 6.712 6.725 6.739 6.753 6.768 6.783 6.798 6.813 6.827 6.841 6.855 6.868 6.881 6.894 6.907 6.919 6.931 6.942 6.953 6.964 6.974 6.984 6.994 7.003 7.012 7.021 7.030 7.039 7.048 7.057 7.066 7.074 7.081 7.089 7.097 7.105 7.112 7.120 7.128 7.136 7.144 7.152 7.161 7.169 7.178 7.187 7.196 7.205 7.214 7.224 7.233 7.242 7.252 7.261 7.270 7.278 7.286 7.293 7.301 7.308 7.314 7.320
