version1/TsunamiDB/out54087.asc
ncols          264
nrows          230
xllcorner      497853.4375
yllcorner      4229146.0000
cellsize         5.
NODATA_value   -99
[rows 102 to 135 of 230, columns 77 to 153 of 264]
5.492 5.508 5.524 5.538 5.552 5.567 5.582 5.596 5.610 5.624 5.639 5.653 5.668 5.684 5.700 5.717 5.736 5.755 5.776 5.798 5.822 5.847 5.874 5.902 5.931 5.961 5.990 6.020 6.051 6.082 6.112 6.141 6.170 6.197 6.223 6.247 6.270 6.291 6.311 6.330 6.348 6.364 6.380 6.395 6.409 6.423 6.437 6.450 6.463 6.474 6.485 6.497 6.508 6.520 6.531 6.541 6.552 6.561 6.571 6.580 6.588 6.597 6.605 6.612 6.620 6.628 6.636 6.644 6.653 6.662 6.672 6.682 6.692 6.703 6.715 6.728 6.741
5.505 5.522 5.537 5.551 5.566 5.580 5.595 5.609 5.623 5.636 5.650 5.663 5.677 5.691 5.706 5.721 5.737 5.754 5.772 5.791 5.812 5.834 5.858 5.883 5.909 5.936 5.964 5.993 6.023 6.053 6.084 6.114 6.144 6.173 6.202 6.228 6.254 6.278 6.301 6.323 6.343 6.361 6.379 6.396 6.412 6.427 6.442 6.456 6.470 6.481 6.493 6.505 6.517 6.529 6.541 6.552 6.562 6.572 6.582 6.591 6.600 6.609 6.617 6.625 6.632 6.640 6.648 6.656 6.664 6.674 6.683 6.693 6.702 6.713 6.724 6.737 6.750
5.517 5.534 5.549 5.564 5.579 5.594 5.608 5.622 5.636 5.649 5.662 5.675 5.688 5.701 5.714 5.728 5.742 5.757 5.772 5.789 5.807 5.826 5.847 5.869 5.892 5.917 5.941 5.968 5.996 6.025 6.054 6.084 6.115 6.145 6.174 6.203 6.231 6.258 6.284 6.308 6.331 6.352 6.372 6.391 6.409 6.426 6.443 6.459 6.473 6.486 6.499 6.512 6.524 6.537 6.549 6.560 6.572 6.582 6.593 6.602 6.611 6.620 6.629 6.637 6.644 6.652 6.660 6.668 6.676 6.685 6.694 6.703 6.712 6.722 6.733 6.745 6.758
5.529 5.546 5.561 5.576 5.591 5.606 5.621 5.635 5.649 5.663 5.676 5.688 5.701 5.713 5.726 5.738 5.751 5.764 5.778 5.792 5.808 5.824 5.842 5.861 5.881 5.902 5.924 5.947 5.972 5.999 6.027 6.055 6.084 6.114 6.144 6.173 6.203 6.231 6.259 6.286 6.311 6.335 6.358 6.380 6.400 6.420 6.438 6.456 6.472 6.486 6.501 6.515 6.529 6.542 6.555 6.567 6.579 6.591 6.601 6.612 6.621 6.631 6.639 6.648 6.656 6.664 6.671 6.679 6.687 6.696 6.705 6.713 6.722 6.731 6.742 6.754 6.766
5.540 5.557 5.573 5.588 5.603 5.619 5.634 5.648 5.662 5.676 5.689 5.702 5.714 5.726 5.738 5.750 5.762 5.774 5.786 5.799 5.813 5.827 5.842 5.859 5.876 5.894 5.912 5.933 5.955 5.979 6.003 6.029 6.056 6.084 6.113 6.142 6.171 6.200 6.229 6.257 6.284 6.311 6.336 6.361 6.384 6.406 6.427 6.447 6.465 6.482 6.498 6.514 6.529 6.544 6.558 6.571 6.584 6.597 6.608 6.619 6.630 6.640 6.649 6.658 6.666 6.674 6.682 6.690 6.698 6.706 6.715 6.723 6.731 6.740 6.751 6.762 6.774
5.550 5.567 5.583 5.599 5.614 5.630 5.645 5.660 5.675 5.689 5.702 5.715 5.728 5.740 5.752 5.763 5.775 5.786 5.798 5.809 5.821 5.834 5.847 5.861 5.876 5.892 5.907 5.925 5.944 5.964 5.986 6.009 6.033 6.058 6.085 6.112 6.139 6.167 6.196 6.224 6.253 6.280 6.308 6.334 6.360 6.384 6.408 6.431 6.451 6.471 6.489 6.507 6.524 6.541 6.556 6.571 6.586 6.599 6.612 6.624 6.636 6.647 6.657 6.666 6.675 6.684 6.692 6.700 6.708 6.716 6.724 6.732 6.740 6.749 6.759 6.769 6.781
5.559 5.577 5.593 5.609 5.625 5.641 5.657 5.672 5.687 5.701 5.715 5.728 5.741 5.754 5.766 5.777 5.789 5.800 5.811 5.822 5.833 5.844 5.856 5.868 5.881 5.894 5.908 5.923 5.939 5.957 5.975 5.995 6.016 6.039 6.062 6.086 6.111 6.137 6.164 6.191 6.219 6.247 6.274 6.302 6.329 6.355 6.381 6.406 6.430 6.451 6.472 6.493 6.512 6.531 6.549 6.566 6.582 6.598 6.612 6.626 6.638 6.651 6.662 6.672 6.682 6.691 6.700 6.708 6.716 6.725 6.733 6.741 6.749 6.757 6.766 6.777 6.788
5.569 5.586 5.603 5.618 5.635 5.651 5.667 5.682 5.698 5.712 5.727 5.741 5.754 5.767 5.779 5.791 5.803 5.814 5.825 5.835 5.846 5.856 5.867 5.878 5.890 5.901 5.912 5.925 5.939 5.954 5.971 5.988 6.006 6.025 6.046 6.067 6.089 6.113 6.137 6.162 6.187 6.214 6.240 6.267 6.294 6.321 6.348 6.375 6.400 6.424 6.447 6.470 6.493 6.514 6.534 6.554 6.572 6.590 6.606 6.622 6.637 6.650 6.663 6.675 6.686 6.696 6.706 6.715 6.723 6.732 6.741 6.748 6.756 6.764 6.773 6.783 6.794
5.577 5.595 5.611 5.627 5.644 5.660 5.676 5.692 5.708 5.723 5.738 5.752 5.766 5.779 5.792 5.805 5.816 5.828 5.839 5.850 5.860 5.870 5.880 5.890 5.901 5.911 5.921 5.932 5.944 5.957 5.971 5.986 6.002 6.019 6.036 6.055 6.074 6.095 6.116 6.138 6.161 6.185 6.209 6.234 6.260 6.286 6.313 6.339 6.365 6.390 6.415 6.440 6.465 6.488 6.511 6.534 6.555 6.575 6.594 6.612 6.629 6.644 6.659 6.673 6.685 6.697 6.708 6.718 6.728 6.737 6.746 6.754 6.762 6.770 6.779 6.788 6.799
5.585 5.603 5.620 5.636 5.652 5.669 5.685 5.702 5.717 5.733 5.748 5.763 5.777 5.791 5.804 5.817 5.830 5.842 5.853 5.864 5.874 5.884 5.894 5.904 5.914 5.923 5.932 5.942 5.953 5.964 5.976 5.989 6.003 6.017 6.033 6.049 6.066 6.083 6.102 6.121 6.141 6.162 6.184 6.207 6.230 6.254 6.279 6.304 6.329 6.354 6.379 6.405 6.430 6.456 6.481 6.505 6.528 6.551 6.573 6.593 6.613 6.631 6.648 6.664 6.679 6.693 6.706 6.717 6.728 6.739 6.748 6.757 6.765 6.774 6.782 6.792 6.802
5.593 5.611 5.628 5.644 5.660 5.677 5.694 5.710 5.726 5.742 5.758 5.773 5.788 5.802 5.816 5.829 5.842 5.854 5.866 5.878 5.889 5.899 5.909 5.919 5.928 5.937 5.945 5.954 5.964 5.974 5.985 5.996 6.008 6.021 6.034 6.048 6.063 6.078 6.094 6.111 6.129 6.147 6.166 6.186 6.206 6.228 6.250 6.273 6.296 6.319 6.343 6.368 6.393 6.419 6.444 6.470 6.495 6.520 6.544 6.567 6.589 6.610 6.630 6.648 6.666 6.682 6.697 6.711 6.724 6.735 6.747 6.757 6.765 6.774 6.784 6.793 6.804
5.601 5.619 5.635 5.651 5.668 5.685 5.702 5.718 5.734 5.751 5.766 5.782 5.797 5.812 5.826 5.840 5.854 5.867 5.879 5.891 5.902 5.913 5.923 5.933 5.943 5.952 5.959 5.968 5.977 5.986 5.996 6.006 6.017 6.028 6.040 6.052 6.065 6.078 6.093 6.107 6.123 6.138 6.155 6.172 6.190 6.209 6.228 6.248 6.268 6.289 6.311 6.333 6.357 6.382 6.406 6.432 6.457 6.483 6.508 6.533 6.557 6.580 6.603 6.624 6.644 6.663 6.681 6.697 6.712 6.726 6.739 6.751 6.761 6.771 6.781 6.792 6.802
5.609 5.626 5.643 5.659 5.675 5.692 5.709 5.726 5.742 5.758 5.775 5.790 5.806 5.821 5.836 5.850 5.864 5.878 5.891 5.903 5.915 5.926 5.937 5.948 5.957 5.966 5.974 5.982 5.991 6.000 6.009 6.018 6.028 6.038 6.048 6.059 6.071 6.083 6.095 6.108 6.122 6.136 6.150 6.165 6.181 6.197 6.213 6.231 6.248 6.266 6.285 6.305 6.326 6.349 6.372 6.395 6.420 6.444 6.469 6.495 6.520 6.544 6.568 6.592 6.614 6.636 6.656 6.675 6.693 6.709 6.725 6.738 6.750 6.762 6.774 6.785 6.797
5.616 5.633 5.650 5.666 5.682 5.699 5.716 5.733 5.749 5.766 5.782 5.798 5.814 5.830 5.845 5.860 5.874 5.888 5.902 5.915 5.927 5.939 5.950 5.961 5.971 5.980 5.989 5.997 6.006 6.014 6.023 6.032 6.041 6.050 6.059 6.069 6.080 6.091 6.102 6.113 6.125 6.138 6.150 6.163 6.177 6.191 6.206 6.221 6.236 6.251 6.267 6.284 6.303 6.322 6.343 6.364 6.386 6.409 6.433 6.457 6.481 6.506 6.530 6.555 6.578 6.602 6.624 6.645 6.666 6.685 6.702 6.718 6.733 6.746 6.760 6.773 6.786
5.624 5.641 5.657 5.673 5.689 5.706 5.723 5.740 5.756 5.773 5.789 5.806 5.822 5.837 5.853 5.868 5.883 5.897 5.911 5.925 5.938 5.951 5.962 5.974 5.985 5.994 6.003 6.011 6.020 6.029 6.037 6.046 6.054 6.063 6.072 6.081 6.091 6.101 6.111 6.121 6.132 6.143 6.155 6.166 6.178 6.191 6.203 6.217 6.229 6.242 6.256 6.271 6.287 6.304 6.321 6.340 6.359 6.380 6.401 6.423 6.446 6.469 6.493 6.517 6.540 6.564 6.587 6.610 6.632 6.653 6.673 6.691 6.708 6.723 6.739 6.754 6.769
5.632 5.649 5.664 5.680 5.696 5.713 5.730 5.746 5.763 5.780 5.796 5.812 5.829 5.845 5.861 5.876 5.891 5.906 5.921 5.935 5.948 5.961 5.974 5.986 5.997 6.007 6.016 6.025 6.034 6.043 6.052 6.060 6.069 6.077 6.086 6.094 6.103 6.112 6.122 6.131 6.141 6.151 6.162 6.172 6.183 6.194 6.206 6.217 6.228 6.239 6.251 6.264 6.278 6.292 6.307 6.323 6.340 6.358 6.377 6.396 6.417 6.438 6.459 6.482 6.504 6.527 6.550 6.573 6.595 6.617 6.638 6.658 6.676 6.694 6.711 6.728 6.745
5.640 5.657 5.672 5.687 5.703 5.720 5.736 5.753 5.770 5.786 5.803 5.819 5.835 5.852 5.868 5.883 5.899 5.914 5.929 5.943 5.957 5.971 5.984 5.997 6.008 6.019 6.028 6.038 6.048 6.057 6.066 6.074 6.083 6.091 6.100 6.108 6.117 6.125 6.134 6.143 6.152 6.162 6.171 6.181 6.191 6.201 6.212 6.222 6.232 6.241 6.252 6.263 6.274 6.287 6.300 6.314 6.328 6.343 6.360 6.377 6.395 6.413 6.433 6.453 6.473 6.495 6.516 6.538 6.560 6.581 6.603 6.622 6.641 6.660 6.679 6.697 6.716
5.649 5.665 5.680 5.695 5.711 5.727 5.743 5.760 5.776 5.793 5.809 5.826 5.842 5.858 5.874 5.890 5.906 5.921 5.937 5.951 5.966 5.980 5.993 6.007 6.019 6.030 6.040 6.050 6.060 6.070 6.079 6.088 6.097 6.105 6.114 6.122 6.130 6.139 6.147 6.156 6.165 6.174 6.183 6.192 6.201 6.211 6.220 6.230 6.238 6.246 6.256 6.265 6.276 6.286 6.298 6.310 6.322 6.335 6.349 6.364 6.380 6.396 6.413 6.431 6.450 6.469 6.488 6.508 6.528 6.549 6.569 6.588 6.607 6.626 6.645 6.664 6.683
5.659 5.674 5.688 5.703 5.719 5.734 5.750 5.766 5.783 5.799 5.815 5.832 5.848 5.865 5.881 5.897 5.913 5.928 5.944 5.959 5.974 5.988 6.002 6.016 6.028 6.039 6.050 6.061 6.072 6.082 6.092 6.101 6.110 6.119 6.127 6.136 6.144 6.152 6.161 6.169 6.178 6.186 6.195 6.204 6.213 6.221 6.231 6.239 6.246 6.254 6.263 6.271 6.280 6.290 6.300 6.310 6.321 6.333 6.345 6.358 6.371 6.386 6.401 6.416 6.433 6.450 6.467 6.485 6.504 6.523 6.541 6.558 6.576 6.594 6.613 6.631 6.650
5.670 5.684 5.697 5.712 5.727 5.742 5.758 5.774 5.790 5.806 5.822 5.838 5.854 5.871 5.887 5.903 5.919 5.935 5.951 5.966 5.981 5.996 6.010 6.024 6.037 6.049 6.060 6.071 6.082 6.093 6.103 6.113 6.123 6.132 6.140 6.149 6.158 6.166 6.174 6.183 6.191 6.199 6.208 6.216 6.225 6.233 6.242 6.250 6.257 6.264 6.272 6.280 6.288 6.296 6.305 6.314 6.324 6.334 6.345 6.356 6.368 6.381 6.394 6.408 6.422 6.437 6.453 6.469 6.485 6.502 6.519 6.535 6.551 6.568 6.585 6.602 6.620
5.680 5.694 5.707 5.721 5.736 5.751 5.766 5.781 5.797 5.813 5.828 5.844 5.861 5.877 5.893 5.909 5.925 5.941 5.957 5.972 5.988 6.003 6.017 6.032 6.045 6.057 6.069 6.081 6.092 6.104 6.114 6.124 6.134 6.144 6.153 6.162 6.170 6.179 6.187 6.196 6.204 6.213 6.221 6.229 6.238 6.246 6.254 6.262 6.269 6.275 6.283 6.290 6.297 6.305 6.313 6.321 6.330 6.339 6.348 6.358 6.369 6.380 6.392 6.404 6.417 6.430 6.444 6.459 6.474 6.489 6.503 6.518 6.532 6.547 6.563 6.579 6.595
5.692 5.705 5.718 5.732 5.746 5.760 5.775 5.789 5.805 5.820 5.835 5.851 5.867 5.883 5.899 5.915 5.931 5.947 5.963 5.979 5.994 6.009 6.024 6.039 6.052 6.065 6.077 6.089 6.101 6.113 6.124 6.135 6.145 6.155 6.165 6.174 6.183 6.191 6.200 6.209 6.217 6.225 6.234 6.242 6.250 6.259 6.267 6.274 6.281 6.287 6.294 6.301 6.308 6.316 6.323 6.330 6.338 6.346 6.354 6.363 6.373 6.383 6.393 6.404 6.416 6.428 6.440 6.453 6.467 6.481 6.494 6.506 6.519 6.533 6.547 6.561 6.576
5.703 5.716 5.729 5.742 5.756 5.770 5.784 5.798 5.813 5.828 5.843 5.858 5.874 5.889 5.905 5.921 5.937 5.953 5.969 5.985 6.000 6.015 6.031 6.046 6.059 6.072 6.085 6.097 6.110 6.122 6.133 6.144 6.155 6.165 6.175 6.185 6.194 6.203 6.212 6.221 6.229 6.238 6.246 6.255 6.263 6.272 6.280 6.287 6.293 6.300 6.307 6.314 6.320 6.327 6.334 6.341 6.348 6.355 6.363 6.371 6.379 6.388 6.398 6.408 6.418 6.429 6.440 6.452 6.464 6.477 6.489 6.500 6.512 6.524 6.537 6.550 6.563
5.715 5.728 5.741 5.754 5.767 5.781 5.794 5.808 5.822 5.836 5.851 5.866 5.881 5.896 5.911 5.927 5.943 5.959 5.975 5.990 6.006 6.021 6.037 6.052 6.066 6.079 6.092 6.105 6.117 6.130 6.142 6.153 6.164 6.175 6.185 6.195 6.205 6.214 6.223 6.232 6.241 6.250 6.258 6.267 6.275 6.284 6.292 6.300 6.306 6.313 6.320 6.326 6.333 6.340 6.346 6.353 6.359 6.366 6.373 6.380 6.388 6.396 6.404 6.413 6.423 6.433 6.443 6.454 6.465 6.477 6.488 6.498 6.509 6.520 6.531 6.543 6.555
5.727 5.741 5.753 5.766 5.779 5.792 5.805 5.818 5.832 5.846 5.860 5.874 5.888 5.903 5.918 5.934 5.949 5.965 5.980 5.996 6.011 6.027 6.042 6.058 6.072 6.085 6.098 6.112 6.125 6.137 6.150 6.162 6.173 6.184 6.195 6.205 6.215 6.225 6.234 6.243 6.252 6.261 6.270 6.279 6.287 6.296 6.304 6.312 6.319 6.325 6.332 6.339 6.346 6.352 6.359 6.365 6.371 6.377 6.384 6.390 6.397 6.405 6.412 6.421 6.429 6.438 6.448 6.458 6.468 6.479 6.489 6.499 6.509 6.519 6.529 6.540 6.551
5.739 5.753 5.765 5.778 5.791 5.804 5.817 5.830 5.843 5.856 5.869 5.883 5.897 5.911 5.926 5.940 5.955 5.971 5.986 6.002 6.017 6.033 6.048 6.063 6.077 6.091 6.104 6.118 6.131 6.144 6.157 6.169 6.181 6.192 6.203 6.214 6.224 6.234 6.244 6.253 6.262 6.272 6.281 6.290 6.298 6.307 6.316 6.324 6.330 6.338 6.345 6.352 6.358 6.365 6.371 6.378 6.384 6.390 6.396 6.402 6.408 6.415 6.422 6.430 6.438 6.446 6.455 6.464 6.474 6.484 6.493 6.502 6.511 6.521 6.531 6.541 6.551
5.751 5.765 5.777 5.790 5.803 5.816 5.829 5.841 5.854 5.866 5.879 5.892 5.906 5.919 5.933 5.948 5.962 5.977 5.992 6.007 6.023 6.038 6.053 6.069 6.083 6.096 6.110 6.124 6.137 6.151 6.164 6.176 6.188 6.200 6.211 6.222 6.233 6.243 6.253 6.263 6.272 6.281 6.291 6.300 6.309 6.318 6.327 6.335 6.342 6.349 6.356 6.364 6.371 6.378 6.384 6.390 6.396 6.402 6.408 6.414 6.420 6.426 6.433 6.440 6.447 6.455 6.463 6.472 6.481 6.490 6.499 6.507 6.516 6.525 6.534 6.544 6.553
5.762 5.776 5.789 5.802 5.815 5.828 5.841 5.853 5.866 5.878 5.890 5.903 5.916 5.929 5.942 5.956 5.970 5.984 5.999 6.014 6.029 6.044 6.059 6.074 6.088 6.102 6.116 6.130 6.143 6.157 6.170 6.183 6.195 6.207 6.219 6.230 6.241 6.251 6.261 6.271 6.281 6.291 6.300 6.309 6.319 6.328 6.337 6.345 6.352 6.360 6.368 6.375 6.383 6.390 6.396 6.403 6.409 6.415 6.421 6.427 6.432 6.438 6.444 6.451 6.458 6.465 6.472 6.480 6.489 6.498 6.506 6.514 6.522 6.531 6.540 6.548 6.557
5.773 5.787 5.800 5.814 5.827 5.840 5.853 5.865 5.878 5.890 5.902 5.914 5.926 5.939 5.951 5.965 5.978 5.992 6.006 6.020 6.035 6.050 6.065 6.080 6.094 6.107 6.121 6.135 6.149 6.163 6.176 6.189 6.202 6.214 6.226 6.237 6.248 6.259 6.269 6.279 6.289 6.299 6.309 6.318 6.328 6.337 6.346 6.355 6.362 6.370 6.378 6.386 6.394 6.401 6.408 6.415 6.421 6.427 6.433 6.439 6.445 6.450 6.456 6.462 6.469 6.476 6.483 6.490 6.498 6.507 6.515 6.522 6.530 6.538 6.547 6.555 6.564
5.782 5.797 5.811 5.825 5.838 5.852 5.865 5.877 5.890 5.902 5.914 5.925 5.937 5.949 5.961 5.974 5.987 6.000 6.014 6.028 6.042 6.056 6.071 6.086 6.100 6.113 6.127 6.141 6.155 6.168 6.182 6.195 6.208 6.220 6.232 6.244 6.255 6.266 6.277 6.287 6.297 6.307 6.317 6.327 6.336 6.346 6.355 6.364 6.372 6.380 6.388 6.396 6.404 6.412 6.419 6.426 6.433 6.439 6.445 6.451 6.457 6.463 6.468 6.474 6.480 6.487 6.494 6.501 6.508 6.516 6.524 6.531 6.539 6.546 6.555 6.563 6.571
5.791 5.806 5.820 5.835 5.849 5.863 5.876 5.889 5.901 5.914 5.925 5.937 5.949 5.960 5.972 5.984 5.996 6.009 6.022 6.035 6.049 6.063 6.077 6.092 6.105 6.119 6.132 6.146 6.160 6.174 6.188 6.201 6.214 6.226 6.239 6.250 6.262 6.273 6.284 6.294 6.305 6.315 6.325 6.335 6.344 6.354 6.364 6.372 6.380 6.388 6.397 6.405 6.414 6.422 6.429 6.437 6.444 6.451 6.457 6.463 6.469 6.475 6.480 6.486 6.492 6.498 6.505 6.512 6.519 6.527 6.534 6.541 6.548 6.556 6.564 6.572 6.580
5.800 5.815 5.830 5.844 5.859 5.873 5.887 5.900 5.913 5.925 5.937 5.949 5.960 5.972 5.983 5.995 6.007 6.019 6.031 6.044 6.057 6.071 6.084 6.098 6.112 6.125 6.138 6.152 6.166 6.180 6.193 6.207 6.220 6.232 6.245 6.257 6.268 6.280 6.291 6.301 6.312 6.322 6.332 6.342 6.352 6.362 6.371 6.380 6.388 6.397 6.405 6.414 6.422 6.431 6.439 6.447 6.454 6.461 6.468 6.474 6.480 6.486 6.492 6.498 6.504 6.510 6.516 6.523 6.530 6.538 6.544 6.551 6.558 6.566 6.573 6.581 6.589
5.808 5.823 5.838 5.853 5.868 5.883 5.897 5.910 5.923 5.936 5.948 5.960 5.972 5.983 5.995 6.006 6.017 6.029 6.041 6.053 6.066 6.079 6.092 6.106 6.118 6.131 6.144 6.158 6.172 6.186 6.199 6.212 6.226 6.238 6.251 6.263 6.275 6.286 6.297 6.308 6.319 6.329 6.339 6.349 6.359 6.369 6.379 6.388 6.396 6.404 6.413 6.422 6.431 6.439 6.448 6.456 6.463 6.471 6.478 6.485 6.491 6.497 6.503 6.509 6.515 6.521 6.528 6.534 6.541 6.549 6.555 6.562 6.569 6.576 6.584 6.591 6.599
5.815 5.831 5.846 5.861 5.876 5.891 5.906 5.920 5.933 5.947 5.959 5.971 5.983 5.995 6.006 6.017 6.028 6.040 6.051 6.063 6.075 6.087 6.100 6.113 6.126 6.138 6.151 6.164 6.178 6.192 6.205 6.218 6.232 6.244 6.257 6.269 6.281 6.293 6.304 6.315 6.325 6.336 6.346 6.356 6.366 6.376 6.386 6.395 6.403 6.412 6.420 6.429 6.438 6.447 6.456 6.464 6.472 6.480 6.487 6.494 6.501 6.508 6.514 6.520 6.526 6.533 6.539 6.546 6.553 6.560 6.566 6.572 6.579 6.587 6.594 6.602 6.610
