version1/TsunamiDB/out54035.asc
ncols          264
nrows          230
xllcorner      497853.4375
yllcorner      4229146.0000
cellsize         5.
NODATA_value   -99
[rows 0 to 31 of 230, columns 144 to 215 of 264]
-99.000 -99.000 -99.000 -99.000 -99.000 -99.000 -99.000 -99.000 -99.000 -99.000 -99.000 -99.000 1.644 1.646 1.679 1.798 2.012 2.291 2.597 2.897 3.164 3.389 3.571 3.717 3.835 3.934 4.018 4.093 4.161 4.224 4.282 4.338 4.390 4.439 4.487 4.533 4.578 4.622 4.665 4.707 4.749 4.791 4.832 4.874 4.916 4.957 4.999 5.042 5.084 5.126 5.168 5.209 5.249 5.289 5.327 5.364 5.399 5.432 5.465 5.496 5.526 5.555 5.583 5.609 5.634 5.658 5.682 5.704 5.726 5.747 5.768 5.788
-99.000 -99.000 -99.000 -99.000 -99.000 -99.000 -99.000 -99.000 -99.000 -99.000 -99.000 -99.000 1.644 1.654 1.722 1.888 2.137 2.434 2.740 3.027 3.274 3.478 3.642 3.773 3.882 3.973 4.053 4.124 4.190 4.251 4.308 4.362 4.414 4.462 4.509 4.555 4.599 4.642 4.684 4.726 4.767 4.807 4.847 4.888 4.928 4.969 5.010 5.051 5.093 5.134 5.176 5.217 5.257 5.297 5.336 5.374 5.410 5.444 5.478 5.511 5.542 5.571 5.600 5.627 5.653 5.678 5.701 5.724 5.746 5.767 5.787 5.807
-99.000 -99.000 -99.000 -99.000 -99.000 -99.000 -99.000 -99.000 -99.000 -99.000 -99.000 1.644 1.646 1.675 1.788 1.996 2.272 2.578 2.878 3.147 3.374 3.557 3.705 3.824 3.924 4.009 4.085 4.153 4.217 4.276 4.333 4.386 4.437 4.485 4.531 4.576 4.619 4.662 4.703 4.744 4.784 4.823 4.863 4.902 4.942 4.981 5.021 5.062 5.102 5.143 5.184 5.224 5.265 5.305 5.344 5.382 5.419 5.454 5.489 5.523 5.555 5.586 5.616 5.644 5.671 5.696 5.720 5.744 5.766 5.787 5.807 5.827
-99.000 -99.000 -99.000 -99.000 -99.000 -99.000 -99.000 -99.000 -99.000 -99.000 -99.000 1.644 1.652 1.715 1.874 2.119 2.413 2.719 3.007 3.257 3.463 3.628 3.761 3.870 3.962 4.042 4.114 4.181 4.242 4.300 4.355 4.408 4.458 4.506 4.551 4.596 4.639 4.681 4.722 4.762 4.801 4.840 4.879 4.917 4.956 4.994 5.033 5.073 5.112 5.152 5.192 5.232 5.272 5.311 5.350 5.389 5.426 5.462 5.498 5.533 5.567 5.599 5.630 5.659 5.687 5.714 5.739 5.763 5.785 5.806 5.827 5.846
-99.000 -99.000 -99.000 -99.000 -99.000 -99.000 -99.000 -99.000 -99.000 -99.000 -99.000 1.645 1.671 1.776 1.979 2.251 2.555 2.856 3.127 3.356 3.542 3.691 3.811 3.911 3.997 4.073 4.142 4.206 4.266 4.323 4.377 4.429 4.479 4.525 4.570 4.615 4.658 4.699 4.740 4.779 4.818 4.856 4.894 4.932 4.970 5.008 5.046 5.084 5.123 5.162 5.200 5.240 5.279 5.318 5.357 5.395 5.432 5.469 5.506 5.542 5.576 5.610 5.642 5.673 5.702 5.730 5.756 5.781 5.804 5.826 5.846 5.866
-99.000 -99.000 -99.000 -99.000 -99.000 -99.000 -99.000 -99.000 -99.000 -99.000 1.644 1.651 1.707 1.859 2.097 2.389 2.695 2.985 3.237 3.446 3.613 3.747 3.857 3.950 4.030 4.102 4.168 4.230 4.289 4.344 4.397 4.448 4.498 4.544 4.589 4.633 4.675 4.717 4.757 4.796 4.834 4.872 4.910 4.947 4.984 5.022 5.059 5.096 5.134 5.172 5.210 5.248 5.286 5.324 5.362 5.401 5.438 5.475 5.512 5.548 5.584 5.618 5.652 5.684 5.715 5.744 5.772 5.798 5.822 5.845 5.866 5.886
-99.000 -99.000 -99.000 -99.000 -99.000 -99.000 -99.000 -99.000 -99.000 -99.000 1.645 1.666 1.764 1.959 2.226 2.529 2.831 3.105 3.337 3.526 3.677 3.798 3.899 3.985 4.060 4.129 4.193 4.253 4.310 4.364 4.416 4.467 4.515 4.561 4.606 4.650 4.692 4.733 4.773 4.812 4.851 4.888 4.926 4.962 4.999 5.036 5.072 5.109 5.145 5.182 5.219 5.256 5.293 5.331 5.368 5.406 5.442 5.479 5.517 5.554 5.590 5.625 5.660 5.693 5.725 5.756 5.785 5.813 5.838 5.862 5.884 5.905
-99.000 -99.000 -99.000 -99.000 -99.000 -99.000 -99.000 -99.000 -99.000 1.645 1.649 1.698 1.841 2.073 2.361 2.668 2.959 3.215 3.427 3.598 3.734 3.845 3.937 4.017 4.089 4.155 4.216 4.274 4.330 4.383 4.434 4.484 4.532 4.577 4.622 4.665 4.708 4.749 4.789 4.828 4.866 4.904 4.941 4.977 5.014 5.050 5.086 5.121 5.157 5.193 5.229 5.265 5.302 5.338 5.375 5.411 5.447 5.484 5.521 5.558 5.594 5.630 5.666 5.700 5.734 5.766 5.796 5.825 5.853 5.878 5.902 5.923
-99.000 -99.000 -99.000 -99.000 -99.000 -99.000 -99.000 -99.000 -99.000 1.646 1.662 1.750 1.936 2.198 2.499 2.802 3.080 3.316 3.509 3.662 3.786 3.887 3.973 4.048 4.116 4.179 4.238 4.295 4.349 4.401 4.451 4.500 4.548 4.593 4.637 4.680 4.723 4.764 4.804 4.843 4.881 4.918 4.955 4.992 5.028 5.063 5.099 5.134 5.169 5.204 5.239 5.275 5.310 5.346 5.382 5.417 5.452 5.489 5.525 5.562 5.598 5.634 5.670 5.705 5.740 5.773 5.805 5.836 5.865 5.892 5.917 5.940
-99.000 -99.000 -99.000 -99.000 -99.000 -99.000 -99.000 -99.000 1.645 1.649 1.689 1.822 2.046 2.329 2.636 2.930 3.191 3.408 3.582 3.721 3.833 3.926 4.006 4.077 4.142 4.203 4.260 4.314 4.367 4.418 4.468 4.516 4.563 4.607 4.651 4.695 4.737 4.778 4.818 4.857 4.895 4.932 4.969 5.005 5.041 5.076 5.111 5.146 5.181 5.215 5.250 5.284 5.319 5.354 5.389 5.423 5.458 5.493 5.529 5.566 5.602 5.638 5.674 5.709 5.744 5.778 5.812 5.844 5.874 5.903 5.930 5.955
-99.000 -99.000 -99.000 -99.000 -99.000 -99.000 -99.000 -99.000 1.645 1.659 1.735 1.911 2.166 2.464 2.769 3.051 3.293 3.490 3.648 3.774 3.877 3.963 4.038 4.105 4.167 4.225 4.280 4.333 4.385 4.435 4.483 4.531 4.577 4.622 4.665 4.709 4.751 4.791 4.831 4.870 4.908 4.946 4.982 5.018 5.054 5.089 5.123 5.158 5.192 5.226 5.260 5.294 5.328 5.362 5.396 5.430 5.464 5.499 5.534 5.570 5.605 5.641 5.677 5.712 5.748 5.782 5.817 5.850 5.882 5.912 5.941 5.968
-99.000 -99.000 -99.000 -99.000 -99.000 -99.000 -99.000 1.645 1.648 1.681 1.800 2.014 2.293 2.598 2.896 3.163 3.385 3.565 3.708 3.823 3.917 3.998 4.068 4.132 4.191 4.247 4.301 4.352 4.402 4.451 4.499 4.546 4.592 4.636 4.679 4.722 4.764 4.804 4.844 4.883 4.921 4.958 4.994 5.030 5.066 5.100 5.135 5.169 5.202 5.236 5.270 5.303 5.337 5.370 5.404 5.437 5.470 5.504 5.539 5.574 5.609 5.644 5.680 5.715 5.750 5.785 5.820 5.854 5.887 5.919 5.949 5.978
-99.000 -99.000 -99.000 -99.000 -99.000 -99.000 -99.000 1.645 1.655 1.721 1.882 2.129 2.424 2.730 3.017 3.266 3.470 3.633 3.763 3.868 3.955 4.030 4.097 4.158 4.215 4.269 4.320 4.371 4.420 4.468 4.515 4.562 4.606 4.650 4.693 4.736 4.777 4.817 4.856 4.895 4.933 4.969 5.006 5.041 5.076 5.111 5.145 5.179 5.212 5.246 5.279 5.312 5.345 5.378 5.412 5.444 5.477 5.510 5.544 5.579 5.613 5.648 5.683 5.718 5.753 5.788 5.823 5.857 5.891 5.923 5.955 5.986
-99.000 -99.000 -99.000 -99.000 -99.000 -99.000 -99.000 1.647 1.672 1.778 1.979 2.251 2.555 2.857 3.130 3.360 3.546 3.695 3.813 3.910 3.991 4.062 4.125 4.183 4.238 4.290 4.340 4.390 4.438 4.486 4.532 4.578 4.622 4.665 4.707 4.749 4.790 4.829 4.868 4.906 4.944 4.980 5.016 5.051 5.086 5.120 5.154 5.188 5.221 5.254 5.287 5.320 5.353 5.386 5.419 5.451 5.483 5.516 5.550 5.584 5.618 5.652 5.686 5.721 5.756 5.790 5.825 5.859 5.893 5.927 5.959 5.991
-99.000 -99.000 -99.000 -99.000 -99.000 -99.000 1.645 1.651 1.705 1.853 2.088 2.378 2.685 2.977 3.234 3.446 3.616 3.751 3.859 3.949 4.025 4.092 4.152 4.208 4.261 4.311 4.361 4.409 4.457 4.504 4.550 4.595 4.638 4.680 4.722 4.763 4.803 4.842 4.880 4.917 4.954 4.990 5.026 5.061 5.095 5.129 5.163 5.196 5.229 5.262 5.294 5.327 5.360 5.392 5.425 5.457 5.489 5.522 5.555 5.588 5.622 5.656 5.690 5.724 5.759 5.793 5.827 5.862 5.896 5.929 5.963 5.995
-99.000 -99.000 -99.000 -99.000 -99.000 -99.000 1.646 1.664 1.754 1.941 2.204 2.506 2.811 3.091 3.329 3.524 3.679 3.803 3.902 3.986 4.057 4.120 4.178 4.232 4.284 4.333 4.382 4.430 4.477 4.523 4.568 4.612 4.654 4.695 4.737 4.777 4.816 4.854 4.892 4.928 4.965 5.000 5.035 5.069 5.103 5.137 5.170 5.203 5.236 5.268 5.301 5.333 5.366 5.398 5.431 5.462 5.494 5.527 5.560 5.593 5.626 5.660 5.694 5.727 5.761 5.795 5.829 5.863 5.897 5.931 5.965 5.998
-99.000 -99.000 -99.000 -99.000 -99.000 1.645 1.649 1.689 1.820 2.042 2.326 2.633 2.931 3.196 3.417 3.595 3.737 3.850 3.943 4.020 4.088 4.149 4.204 4.257 4.307 4.356 4.404 4.452 4.498 4.543 4.587 4.630 4.671 4.712 4.752 4.791 4.829 4.867 4.904 4.940 4.975 5.010 5.044 5.077 5.111 5.144 5.176 5.209 5.241 5.274 5.306 5.338 5.371 5.403 5.436 5.467 5.499 5.531 5.564 5.597 5.630 5.663 5.697 5.730 5.764 5.798 5.831 5.865 5.899 5.933 5.966 6.000
-99.000 -99.000 -99.000 -99.000 -99.000 1.645 1.657 1.730 1.901 2.151 2.449 2.757 3.044 3.292 3.497 3.660 3.790 3.894 3.980 4.054 4.118 4.176 4.231 4.282 4.332 4.380 4.428 4.474 4.520 4.564 4.607 4.649 4.689 4.728 4.768 4.806 4.844 4.880 4.916 4.951 4.986 5.019 5.053 5.086 5.118 5.150 5.182 5.214 5.246 5.278 5.310 5.342 5.374 5.407 5.439 5.471 5.502 5.535 5.568 5.600 5.633 5.666 5.700 5.733 5.766 5.800 5.833 5.867 5.900 5.934 5.967 6.001
-99.000 -99.000 -99.000 -99.000 1.645 1.647 1.675 1.786 1.993 2.267 2.573 2.876 3.149 3.381 3.569 3.719 3.838 3.935 4.016 4.086 4.148 4.204 4.257 4.308 4.357 4.405 4.452 4.497 4.542 4.585 4.627 4.668 4.708 4.746 4.785 4.822 4.859 4.895 4.929 4.964 4.997 5.030 5.062 5.094 5.126 5.157 5.188 5.219 5.251 5.282 5.314 5.345 5.377 5.409 5.442 5.473 5.505 5.537 5.570 5.603 5.636 5.669 5.702 5.735 5.768 5.801 5.834 5.868 5.901 5.934 5.968 6.001
-99.000 -99.000 -99.000 -99.000 1.645 1.652 1.707 1.857 2.094 2.385 2.694 2.988 3.247 3.463 3.636 3.773 3.884 3.974 4.050 4.117 4.176 4.232 4.284 4.334 4.382 4.430 4.476 4.521 4.565 4.607 4.648 4.688 4.727 4.764 4.802 4.839 4.875 4.910 4.944 4.977 5.009 5.041 5.072 5.103 5.133 5.164 5.194 5.224 5.255 5.285 5.316 5.348 5.379 5.411 5.443 5.474 5.506 5.538 5.571 5.604 5.637 5.670 5.703 5.736 5.769 5.802 5.835 5.868 5.901 5.934 5.968 6.001
-99.000 -99.000 -99.000 -99.000 1.646 1.664 1.753 1.939 2.202 2.503 2.811 3.094 3.337 3.537 3.696 3.823 3.926 4.011 4.083 4.147 4.205 4.259 4.311 4.360 4.409 4.455 4.501 4.545 4.588 4.629 4.669 4.709 4.747 4.784 4.821 4.856 4.892 4.926 4.959 4.991 5.023 5.053 5.083 5.113 5.142 5.171 5.200 5.229 5.259 5.289 5.319 5.349 5.380 5.411 5.443 5.474 5.506 5.538 5.571 5.604 5.637 5.670 5.702 5.735 5.768 5.801 5.834 5.867 5.900 5.933 5.967 6.000
-99.000 -99.000 -99.000 1.645 1.648 1.686 1.812 2.031 2.313 2.620 2.922 3.192 3.420 3.605 3.752 3.870 3.965 4.046 4.115 4.177 4.234 4.287 4.338 4.387 4.435 4.481 4.526 4.569 4.611 4.651 4.691 4.730 4.767 4.803 4.840 4.875 4.909 4.943 4.975 5.007 5.037 5.067 5.096 5.124 5.152 5.180 5.208 5.235 5.263 5.292 5.321 5.350 5.380 5.411 5.442 5.473 5.505 5.537 5.570 5.602 5.635 5.668 5.701 5.734 5.767 5.799 5.832 5.865 5.898 5.931 5.964 5.998
-99.000 -99.000 -99.000 1.645 1.655 1.720 1.883 2.129 2.425 2.734 3.027 3.284 3.496 3.667 3.804 3.913 4.003 4.079 4.146 4.207 4.263 4.315 4.366 4.414 4.461 4.507 4.550 4.593 4.634 4.674 4.713 4.751 4.788 4.823 4.859 4.894 4.928 4.961 4.993 5.023 5.053 5.082 5.110 5.137 5.164 5.190 5.216 5.243 5.269 5.296 5.324 5.352 5.381 5.411 5.441 5.471 5.502 5.535 5.567 5.599 5.632 5.665 5.698 5.730 5.763 5.796 5.829 5.862 5.895 5.928 5.961 5.995
-99.000 -99.000 -99.000 1.646 1.669 1.767 1.963 2.231 2.537 2.844 3.126 3.368 3.566 3.725 3.852 3.954 4.039 4.113 4.177 4.236 4.291 4.343 4.393 4.441 4.487 4.532 4.575 4.617 4.657 4.696 4.735 4.773 4.809 4.844 4.879 4.914 4.947 4.980 5.011 5.041 5.071 5.099 5.126 5.152 5.178 5.202 5.227 5.252 5.276 5.302 5.327 5.354 5.382 5.410 5.440 5.469 5.499 5.531 5.563 5.595 5.628 5.660 5.693 5.726 5.758 5.791 5.824 5.857 5.890 5.923 5.957 5.991
-99.000 -99.000 1.645 1.649 1.692 1.825 2.050 2.336 2.647 2.948 3.218 3.446 3.631 3.778 3.897 3.993 4.074 4.145 4.208 4.266 4.320 4.371 4.420 4.468 4.513 4.557 4.599 4.640 4.680 4.719 4.757 4.794 4.830 4.865 4.900 4.934 4.967 4.999 5.030 5.060 5.089 5.117 5.143 5.169 5.193 5.217 5.240 5.263 5.286 5.309 5.333 5.358 5.384 5.410 5.438 5.466 5.496 5.526 5.558 5.590 5.622 5.654 5.687 5.719 5.752 5.784 5.817 5.850 5.884 5.917 5.951 5.986
-99.000 -99.000 1.645 1.656 1.726 1.893 2.143 2.441 2.753 3.046 3.304 3.518 3.691 3.828 3.939 4.031 4.109 4.177 4.239 4.295 4.348 4.399 4.447 4.494 4.539 4.582 4.623 4.664 4.703 4.742 4.779 4.816 4.851 4.886 4.920 4.954 4.987 5.019 5.050 5.080 5.109 5.136 5.162 5.187 5.211 5.234 5.256 5.277 5.298 5.320 5.341 5.364 5.387 5.412 5.437 5.463 5.492 5.522 5.552 5.583 5.615 5.647 5.679 5.711 5.744 5.776 5.809 5.843 5.876 5.910 5.944 5.979
-99.000 -99.000 1.646 1.670 1.770 1.968 2.238 2.545 2.855 3.139 3.384 3.585 3.746 3.876 3.980 4.068 4.143 4.209 4.269 4.325 4.377 4.427 4.474 4.520 4.564 4.606 4.647 4.687 4.726 4.764 4.801 4.837 4.872 4.907 4.941 4.975 5.007 5.039 5.070 5.100 5.129 5.156 5.182 5.207 5.231 5.253 5.274 5.294 5.314 5.333 5.352 5.373 5.393 5.416 5.438 5.462 5.489 5.517 5.546 5.576 5.607 5.638 5.670 5.702 5.735 5.767 5.800 5.834 5.867 5.902 5.936 5.971
-99.000 1.645 1.649 1.692 1.824 2.049 2.335 2.648 2.953 3.226 3.458 3.648 3.799 3.921 4.020 4.104 4.176 4.241 4.299 4.354 4.405 4.454 4.501 4.546 4.589 4.631 4.671 4.710 4.749 4.786 4.823 4.859 4.893 4.927 4.962 4.995 5.028 5.060 5.091 5.121 5.150 5.177 5.203 5.228 5.252 5.274 5.294 5.314 5.332 5.350 5.367 5.385 5.403 5.422 5.442 5.463 5.488 5.513 5.541 5.569 5.599 5.629 5.661 5.692 5.725 5.757 5.791 5.824 5.858 5.893 5.928 5.963
-99.000 1.645 1.655 1.722 1.886 2.134 2.433 2.747 3.046 3.308 3.528 3.706 3.849 3.964 4.058 4.139 4.209 4.272 4.330 4.384 4.434 4.482 4.528 4.572 4.614 4.655 4.695 4.733 4.771 4.808 4.844 4.880 4.914 4.948 4.982 5.015 5.048 5.080 5.111 5.141 5.170 5.198 5.225 5.250 5.274 5.296 5.317 5.336 5.354 5.370 5.386 5.401 5.417 5.433 5.450 5.468 5.489 5.512 5.537 5.563 5.592 5.621 5.651 5.683 5.715 5.747 5.781 5.814 5.849 5.883 5.919 5.955
-99.000 1.646 1.667 1.762 1.955 2.222 2.531 2.844 3.135 3.386 3.593 3.761 3.896 4.005 4.096 4.174 4.242 4.304 4.360 4.413 4.463 4.510 4.554 4.598 4.639 4.679 4.718 4.756 4.793 4.830 4.866 4.900 4.934 4.968 5.002 5.035 5.068 5.100 5.131 5.162 5.191 5.220 5.247 5.273 5.297 5.320 5.341 5.360 5.378 5.393 5.408 5.422 5.435 5.448 5.462 5.476 5.494 5.514 5.536 5.560 5.586 5.614 5.643 5.674 5.705 5.738 5.771 5.805 5.839 5.875 5.910 5.947
1.645 1.648 1.686 1.811 2.030 2.314 2.628 2.938 3.219 3.459 3.655 3.813 3.941 4.045 4.133 4.208 4.275 4.335 4.391 4.443 4.491 4.537 4.581 4.624 4.664 4.704 4.742 4.779 4.816 4.851 4.887 4.920 4.954 4.988 5.022 5.055 5.088 5.120 5.151 5.182 5.212 5.240 5.268 5.295 5.320 5.344 5.365 5.385 5.403 5.419 5.434 5.446 5.458 5.469 5.479 5.490 5.504 5.520 5.538 5.559 5.583 5.609 5.637 5.666 5.697 5.729 5.762 5.796 5.831 5.867 5.903 5.940
1.645 1.653 1.713 1.868 2.111 2.409 2.725 3.030 3.300 3.528 3.713 3.863 3.984 4.084 4.168 4.242 4.307 4.367 4.422 4.473 4.520 4.566 4.609 4.650 4.690 4.728 4.766 4.802 4.838 4.873 4.908 4.941 4.974 5.008 5.041 5.074 5.107 5.139 5.170 5.201 5.231 5.261 5.289 5.317 5.343 5.367 5.390 5.411 5.430 5.447 5.461 5.474 5.485 5.494 5.502 5.510 5.520 5.532 5.546 5.564 5.584 5.607 5.633 5.661 5.691 5.723 5.756 5.790 5.825 5.860 5.897 5.934
