version1/TsunamiDB/out54121.asc
ncols          264
nrows          230
xllcorner      497853.4375
yllcorner      4229146.0000
cellsize         5.
NODATA_value   -99
[rows 102 to 135 of 230, columns 0 to 76 of 264]
4.988 5.015 5.042 5.070 5.098 5.127 5.157 5.187 5.218 5.249 5.279 5.308 5.337 5.366 5.394 5.421 5.447 5.472 5.495 5.517 5.538 5.558 5.577 5.594 5.611 5.627 5.642 5.657 5.671 5.685 5.698 5.711 5.724 5.736 5.746 5.757 5.768 5.779 5.791 5.802 5.813 5.825 5.836 5.848 5.859 5.871 5.883 5.895 5.906 5.918 5.930 5.942 5.954 5.965 5.977 5.989 6.000 6.010 6.020 6.030 6.040 6.050 6.060 6.070 6.080 6.089 6.099 6.108 6.117 6.126 6.135 6.144 6.153 6.162 6.171 6.181 6.190
4.996 5.021 5.047 5.074 5.101 5.129 5.158 5.187 5.217 5.248 5.278 5.307 5.337 5.366 5.395 5.423 5.451 5.477 5.501 5.525 5.547 5.568 5.588 5.607 5.624 5.641 5.657 5.672 5.687 5.701 5.715 5.728 5.741 5.752 5.762 5.773 5.784 5.795 5.806 5.817 5.828 5.839 5.850 5.861 5.872 5.883 5.894 5.906 5.917 5.929 5.940 5.952 5.963 5.975 5.987 5.998 6.009 6.019 6.029 6.039 6.049 6.059 6.069 6.079 6.089 6.099 6.108 6.118 6.127 6.136 6.145 6.154 6.163 6.172 6.181 6.190 6.199
5.003 5.028 5.053 5.079 5.105 5.132 5.159 5.188 5.217 5.246 5.276 5.305 5.335 5.364 5.394 5.423 5.452 5.479 5.505 5.530 5.554 5.576 5.597 5.617 5.636 5.654 5.671 5.687 5.702 5.717 5.731 5.744 5.757 5.769 5.779 5.790 5.801 5.812 5.823 5.833 5.844 5.854 5.865 5.875 5.886 5.896 5.907 5.918 5.929 5.940 5.951 5.962 5.974 5.985 5.996 6.008 6.019 6.028 6.038 6.048 6.058 6.069 6.079 6.089 6.098 6.108 6.118 6.127 6.136 6.145 6.154 6.163 6.172 6.181 6.190 6.199 6.208
5.012 5.036 5.060 5.084 5.109 5.135 5.162 5.189 5.217 5.245 5.274 5.302 5.332 5.361 5.391 5.421 5.450 5.479 5.506 5.532 5.558 5.582 5.604 5.626 5.646 5.665 5.683 5.700 5.716 5.732 5.746 5.760 5.774 5.786 5.797 5.807 5.818 5.829 5.840 5.850 5.860 5.870 5.880 5.891 5.901 5.911 5.921 5.931 5.942 5.952 5.963 5.974 5.984 5.995 6.007 6.018 6.028 6.038 6.047 6.057 6.068 6.078 6.088 6.098 6.108 6.117 6.127 6.136 6.146 6.155 6.164 6.173 6.182 6.191 6.199 6.208 6.217
5.021 5.044 5.067 5.091 5.115 5.139 5.164 5.190 5.217 5.245 5.272 5.299 5.328 5.358 5.387 5.417 5.447 5.476 5.505 5.532 5.559 5.584 5.609 5.632 5.653 5.674 5.693 5.711 5.729 5.745 5.760 5.775 5.789 5.802 5.813 5.825 5.836 5.847 5.857 5.868 5.878 5.888 5.897 5.907 5.917 5.926 5.936 5.946 5.955 5.965 5.976 5.986 5.996 6.007 6.017 6.028 6.038 6.047 6.057 6.067 6.077 6.087 6.097 6.107 6.117 6.126 6.136 6.146 6.155 6.164 6.173 6.182 6.191 6.200 6.209 6.218 6.226
5.030 5.052 5.075 5.097 5.121 5.144 5.168 5.193 5.218 5.245 5.271 5.297 5.325 5.353 5.383 5.412 5.442 5.472 5.501 5.530 5.557 5.584 5.610 5.635 5.658 5.680 5.701 5.720 5.739 5.756 5.773 5.789 5.804 5.817 5.829 5.841 5.853 5.864 5.875 5.885 5.896 5.905 5.915 5.924 5.934 5.943 5.952 5.961 5.971 5.980 5.990 5.999 6.009 6.019 6.029 6.039 6.049 6.058 6.067 6.077 6.087 6.096 6.106 6.116 6.126 6.136 6.145 6.155 6.164 6.173 6.182 6.191 6.200 6.209 6.218 6.227 6.236
5.039 5.061 5.083 5.105 5.127 5.150 5.173 5.197 5.221 5.246 5.270 5.296 5.322 5.350 5.378 5.407 5.436 5.466 5.495 5.525 5.553 5.582 5.609 5.635 5.660 5.683 5.706 5.727 5.747 5.766 5.784 5.801 5.817 5.831 5.844 5.857 5.869 5.881 5.892 5.903 5.913 5.923 5.933 5.943 5.952 5.961 5.970 5.978 5.987 5.996 6.005 6.014 6.023 6.032 6.042 6.052 6.061 6.069 6.078 6.087 6.097 6.106 6.116 6.126 6.135 6.145 6.154 6.164 6.173 6.182 6.191 6.200 6.209 6.218 6.227 6.236 6.245
5.049 5.071 5.092 5.113 5.135 5.157 5.179 5.201 5.224 5.248 5.271 5.295 5.320 5.347 5.374 5.402 5.430 5.459 5.489 5.518 5.547 5.576 5.605 5.632 5.658 5.684 5.708 5.731 5.752 5.773 5.792 5.810 5.828 5.843 5.857 5.871 5.884 5.896 5.908 5.920 5.931 5.941 5.951 5.961 5.970 5.979 5.988 5.996 6.005 6.013 6.022 6.030 6.039 6.047 6.056 6.065 6.074 6.082 6.090 6.099 6.108 6.117 6.126 6.136 6.145 6.155 6.164 6.173 6.182 6.191 6.201 6.209 6.218 6.227 6.236 6.245 6.253
5.060 5.081 5.101 5.122 5.143 5.164 5.185 5.207 5.229 5.251 5.274 5.296 5.320 5.345 5.370 5.397 5.424 5.453 5.481 5.510 5.540 5.569 5.598 5.626 5.654 5.681 5.707 5.731 5.755 5.777 5.798 5.817 5.836 5.853 5.868 5.883 5.897 5.911 5.924 5.936 5.948 5.959 5.969 5.979 5.989 5.998 6.006 6.015 6.023 6.031 6.039 6.047 6.056 6.064 6.072 6.080 6.088 6.096 6.103 6.112 6.120 6.129 6.138 6.147 6.156 6.165 6.174 6.183 6.192 6.201 6.210 6.219 6.228 6.236 6.245 6.254 6.262
5.071 5.091 5.111 5.131 5.152 5.172 5.193 5.213 5.234 5.256 5.277 5.298 5.321 5.344 5.369 5.394 5.420 5.447 5.474 5.503 5.531 5.560 5.590 5.619 5.647 5.675 5.703 5.729 5.754 5.778 5.800 5.822 5.842 5.860 5.877 5.893 5.908 5.923 5.937 5.950 5.963 5.975 5.986 5.996 6.006 6.016 6.025 6.034 6.042 6.050 6.058 6.066 6.074 6.081 6.089 6.097 6.104 6.111 6.118 6.126 6.133 6.142 6.150 6.158 6.167 6.176 6.185 6.193 6.202 6.211 6.220 6.228 6.237 6.246 6.254 6.263 6.271
5.082 5.102 5.122 5.141 5.161 5.181 5.201 5.221 5.241 5.262 5.282 5.302 5.323 5.345 5.368 5.392 5.417 5.442 5.468 5.495 5.523 5.551 5.580 5.609 5.638 5.667 5.695 5.723 5.750 5.775 5.800 5.823 5.845 5.865 5.883 5.901 5.917 5.933 5.949 5.963 5.976 5.989 6.001 6.013 6.023 6.034 6.043 6.052 6.061 6.069 6.077 6.085 6.092 6.100 6.107 6.115 6.122 6.128 6.134 6.141 6.148 6.156 6.164 6.172 6.180 6.188 6.196 6.204 6.213 6.221 6.230 6.238 6.247 6.255 6.264 6.272 6.281
5.094 5.113 5.133 5.152 5.171 5.191 5.210 5.229 5.249 5.268 5.288 5.307 5.327 5.348 5.370 5.392 5.415 5.439 5.464 5.489 5.516 5.543 5.571 5.599 5.628 5.657 5.686 5.715 5.742 5.770 5.796 5.821 5.844 5.866 5.886 5.905 5.924 5.941 5.958 5.973 5.988 6.002 6.015 6.027 6.039 6.050 6.060 6.070 6.079 6.088 6.096 6.104 6.112 6.119 6.126 6.134 6.140 6.146 6.152 6.158 6.165 6.172 6.179 6.186 6.194 6.201 6.209 6.217 6.225 6.233 6.241 6.249 6.257 6.265 6.273 6.282 6.290
5.106 5.125 5.144 5.163 5.182 5.201 5.220 5.239 5.257 5.276 5.294 5.313 5.332 5.352 5.372 5.394 5.415 5.438 5.461 5.485 5.510 5.536 5.562 5.590 5.618 5.646 5.675 5.704 5.733 5.761 5.788 5.815 5.841 5.864 5.886 5.907 5.927 5.946 5.964 5.981 5.997 6.013 6.027 6.040 6.053 6.065 6.076 6.087 6.097 6.106 6.115 6.123 6.131 6.139 6.146 6.153 6.159 6.165 6.170 6.176 6.182 6.189 6.195 6.202 6.209 6.216 6.223 6.230 6.238 6.245 6.253 6.260 6.268 6.276 6.284 6.292 6.300
5.119 5.138 5.157 5.175 5.193 5.212 5.230 5.249 5.267 5.285 5.302 5.320 5.339 5.358 5.377 5.397 5.417 5.438 5.460 5.482 5.506 5.530 5.555 5.581 5.608 5.635 5.664 5.692 5.721 5.750 5.778 5.806 5.833 5.858 5.882 5.905 5.927 5.948 5.968 5.987 6.004 6.021 6.036 6.051 6.065 6.078 6.090 6.102 6.112 6.123 6.132 6.141 6.150 6.158 6.166 6.173 6.179 6.184 6.190 6.195 6.201 6.207 6.213 6.219 6.226 6.232 6.239 6.245 6.252 6.259 6.266 6.273 6.281 6.288 6.296 6.303 6.311
5.132 5.151 5.169 5.187 5.206 5.224 5.242 5.260 5.278 5.295 5.311 5.328 5.346 5.364 5.383 5.402 5.421 5.441 5.461 5.482 5.504 5.526 5.550 5.574 5.600 5.626 5.653 5.680 5.709 5.737 5.766 5.795 5.823 5.849 5.875 5.899 5.923 5.946 5.968 5.988 6.008 6.026 6.043 6.059 6.074 6.089 6.102 6.115 6.127 6.138 6.148 6.158 6.167 6.176 6.184 6.192 6.199 6.204 6.210 6.215 6.221 6.227 6.232 6.238 6.244 6.250 6.256 6.262 6.268 6.274 6.281 6.287 6.294 6.301 6.308 6.315 6.323
5.146 5.164 5.183 5.201 5.218 5.236 5.254 5.271 5.289 5.305 5.321 5.338 5.355 5.373 5.390 5.408 5.426 5.445 5.464 5.484 5.504 5.525 5.547 5.570 5.593 5.618 5.643 5.670 5.697 5.725 5.753 5.782 5.810 5.837 5.864 5.890 5.916 5.941 5.964 5.987 6.008 6.028 6.047 6.065 6.081 6.097 6.112 6.126 6.139 6.151 6.162 6.173 6.183 6.193 6.202 6.210 6.217 6.223 6.229 6.235 6.241 6.247 6.252 6.258 6.263 6.268 6.274 6.280 6.285 6.291 6.297 6.303 6.309 6.315 6.322 6.329 6.336
5.160 5.178 5.196 5.214 5.232 5.249 5.266 5.283 5.300 5.317 5.332 5.348 5.365 5.382 5.399 5.416 5.433 5.451 5.469 5.488 5.507 5.526 5.546 5.567 5.589 5.612 5.636 5.660 5.686 5.713 5.740 5.769 5.796 5.823 5.851 5.878 5.905 5.932 5.957 5.981 6.005 6.027 6.047 6.067 6.085 6.103 6.119 6.134 6.148 6.162 6.175 6.187 6.198 6.208 6.218 6.228 6.235 6.242 6.248 6.255 6.261 6.267 6.272 6.278 6.283 6.288 6.293 6.299 6.304 6.309 6.314 6.320 6.326 6.331 6.337 6.343 6.350
5.175 5.193 5.211 5.228 5.245 5.263 5.279 5.296 5.313 5.329 5.344 5.360 5.376 5.392 5.408 5.425 5.441 5.458 5.475 5.493 5.511 5.529 5.548 5.568 5.588 5.609 5.631 5.654 5.678 5.703 5.729 5.755 5.782 5.809 5.836 5.864 5.892 5.919 5.946 5.972 5.997 6.021 6.044 6.066 6.086 6.105 6.123 6.140 6.156 6.170 6.184 6.198 6.210 6.222 6.233 6.243 6.251 6.259 6.266 6.273 6.280 6.286 6.292 6.298 6.303 6.308 6.313 6.318 6.323 6.328 6.333 6.338 6.343 6.349 6.354 6.360 6.366
5.190 5.208 5.225 5.243 5.260 5.277 5.293 5.310 5.326 5.342 5.356 5.372 5.387 5.403 5.419 5.435 5.451 5.467 5.483 5.500 5.517 5.534 5.552 5.570 5.589 5.608 5.629 5.650 5.672 5.695 5.719 5.744 5.769 5.795 5.821 5.849 5.876 5.904 5.932 5.959 5.986 6.012 6.037 6.060 6.083 6.104 6.124 6.142 6.160 6.176 6.192 6.206 6.220 6.233 6.246 6.256 6.265 6.274 6.282 6.290 6.298 6.305 6.311 6.317 6.323 6.328 6.334 6.339 6.344 6.348 6.353 6.358 6.362 6.367 6.372 6.377 6.383
5.205 5.223 5.240 5.258 5.274 5.291 5.308 5.324 5.340 5.355 5.370 5.385 5.400 5.415 5.431 5.446 5.461 5.477 5.493 5.508 5.524 5.541 5.557 5.575 5.592 5.610 5.629 5.648 5.669 5.690 5.712 5.735 5.759 5.782 5.808 5.834 5.861 5.888 5.916 5.944 5.972 5.999 6.025 6.051 6.075 6.098 6.120 6.141 6.161 6.179 6.196 6.212 6.228 6.242 6.255 6.267 6.278 6.287 6.297 6.306 6.314 6.322 6.329 6.336 6.342 6.348 6.354 6.359 6.364 6.369 6.373 6.378 6.382 6.387 6.392 6.396 6.401
5.220 5.238 5.255 5.273 5.289 5.306 5.322 5.338 5.354 5.369 5.384 5.398 5.413 5.428 5.443 5.458 5.473 5.488 5.503 5.518 5.533 5.549 5.565 5.581 5.597 5.614 5.632 5.650 5.668 5.688 5.708 5.730 5.751 5.773 5.796 5.821 5.846 5.873 5.900 5.927 5.955 5.983 6.010 6.037 6.064 6.089 6.113 6.136 6.157 6.178 6.197 6.215 6.232 6.248 6.263 6.276 6.288 6.299 6.309 6.319 6.328 6.337 6.345 6.353 6.360 6.367 6.373 6.378 6.384 6.389 6.394 6.398 6.403 6.407 6.412 6.416 6.421
5.235 5.253 5.270 5.288 5.304 5.321 5.337 5.353 5.369 5.384 5.398 5.412 5.427 5.442 5.456 5.471 5.485 5.500 5.514 5.529 5.544 5.558 5.573 5.589 5.604 5.620 5.636 5.653 5.670 5.688 5.707 5.727 5.746 5.766 5.788 5.810 5.834 5.859 5.884 5.911 5.938 5.966 5.993 6.021 6.048 6.075 6.101 6.126 6.150 6.172 6.194 6.214 6.233 6.250 6.267 6.282 6.295 6.308 6.319 6.330 6.341 6.351 6.360 6.368 6.376 6.384 6.391 6.397 6.403 6.408 6.414 6.419 6.423 6.428 6.432 6.437 6.441
5.250 5.268 5.285 5.302 5.319 5.336 5.352 5.368 5.384 5.398 5.412 5.427 5.441 5.456 5.470 5.484 5.498 5.512 5.526 5.541 5.555 5.569 5.583 5.598 5.613 5.628 5.643 5.659 5.675 5.691 5.709 5.727 5.745 5.763 5.782 5.803 5.824 5.847 5.871 5.896 5.922 5.948 5.975 6.003 6.031 6.058 6.085 6.112 6.138 6.162 6.186 6.208 6.229 6.249 6.268 6.284 6.299 6.313 6.327 6.339 6.351 6.362 6.372 6.382 6.391 6.399 6.407 6.414 6.421 6.427 6.433 6.438 6.443 6.448 6.453 6.457 6.462
5.264 5.282 5.300 5.317 5.334 5.351 5.367 5.383 5.399 5.413 5.427 5.441 5.456 5.470 5.484 5.498 5.512 5.526 5.539 5.553 5.567 5.580 5.594 5.608 5.622 5.637 5.651 5.666 5.681 5.697 5.713 5.729 5.746 5.762 5.780 5.799 5.818 5.839 5.861 5.884 5.908 5.933 5.958 5.985 6.012 6.039 6.067 6.094 6.121 6.148 6.173 6.198 6.221 6.243 6.264 6.283 6.300 6.316 6.331 6.345 6.358 6.371 6.383 6.393 6.403 6.413 6.421 6.430 6.437 6.444 6.451 6.457 6.462 6.468 6.473 6.478 6.482
5.278 5.296 5.314 5.331 5.348 5.365 5.381 5.397 5.413 5.428 5.442 5.456 5.470 5.484 5.498 5.512 5.526 5.539 5.553 5.566 5.579 5.593 5.606 5.619 5.633 5.647 5.660 5.674 5.689 5.703 5.718 5.734 5.749 5.764 5.780 5.798 5.816 5.834 5.854 5.875 5.897 5.920 5.944 5.969 5.994 6.021 6.048 6.075 6.102 6.130 6.156 6.183 6.208 6.232 6.256 6.277 6.296 6.314 6.331 6.348 6.363 6.377 6.390 6.402 6.414 6.424 6.434 6.443 6.452 6.460 6.467 6.474 6.480 6.486 6.492 6.497 6.502
5.291 5.309 5.327 5.345 5.362 5.379 5.395 5.411 5.427 5.442 5.456 5.470 5.484 5.499 5.512 5.526 5.540 5.553 5.566 5.579 5.593 5.606 5.619 5.631 5.645 5.658 5.671 5.684 5.698 5.712 5.726 5.741 5.755 5.769 5.784 5.799 5.816 5.833 5.851 5.870 5.890 5.910 5.932 5.955 5.979 6.004 6.029 6.055 6.082 6.110 6.137 6.164 6.191 6.217 6.242 6.266 6.287 6.308 6.327 6.346 6.363 6.379 6.394 6.408 6.421 6.433 6.444 6.455 6.464 6.473 6.481 6.489 6.496 6.503 6.510 6.515 6.521
5.304 5.322 5.340 5.358 5.375 5.392 5.409 5.425 5.441 5.456 5.470 5.484 5.498 5.513 5.527 5.540 5.554 5.567 5.580 5.593 5.606 5.619 5.631 5.644 5.657 5.669 5.682 5.695 5.708 5.721 5.735 5.749 5.762 5.775 5.789 5.803 5.818 5.834 5.851 5.868 5.886 5.905 5.924 5.945 5.967 5.989 6.013 6.038 6.063 6.089 6.116 6.143 6.170 6.198 6.224 6.250 6.273 6.296 6.318 6.339 6.358 6.377 6.394 6.410 6.425 6.439 6.451 6.463 6.474 6.484 6.494 6.503 6.511 6.519 6.526 6.532 6.539
5.316 5.334 5.352 5.370 5.388 5.405 5.422 5.438 5.454 5.469 5.483 5.498 5.512 5.526 5.540 5.554 5.568 5.581 5.594 5.607 5.620 5.632 5.645 5.657 5.669 5.682 5.694 5.707 5.719 5.732 5.745 5.758 5.770 5.782 5.795 5.809 5.823 5.838 5.853 5.869 5.885 5.902 5.920 5.939 5.958 5.979 6.000 6.023 6.047 6.071 6.096 6.122 6.149 6.176 6.203 6.230 6.255 6.279 6.303 6.327 6.349 6.370 6.389 6.408 6.425 6.440 6.455 6.469 6.481 6.493 6.504 6.514 6.523 6.532 6.540 6.548 6.555
5.327 5.346 5.364 5.382 5.400 5.417 5.434 5.450 5.466 5.481 5.496 5.510 5.525 5.539 5.553 5.567 5.581 5.594 5.607 5.620 5.633 5.645 5.658 5.670 5.682 5.694 5.706 5.718 5.731 5.743 5.755 5.768 5.780 5.791 5.803 5.816 5.829 5.843 5.857 5.872 5.887 5.903 5.919 5.936 5.954 5.972 5.992 6.012 6.033 6.056 6.079 6.104 6.129 6.155 6.181 6.208 6.233 6.259 6.284 6.309 6.333 6.357 6.379 6.400 6.419 6.437 6.454 6.470 6.485 6.498 6.511 6.522 6.533 6.543 6.552 6.561 6.569
5.338 5.357 5.375 5.393 5.411 5.428 5.445 5.462 5.478 5.493 5.508 5.522 5.537 5.552 5.566 5.580 5.594 5.607 5.620 5.633 5.646 5.659 5.671 5.683 5.695 5.707 5.719 5.731 5.743 5.754 5.766 5.778 5.790 5.801 5.812 5.824 5.837 5.850 5.863 5.877 5.891 5.905 5.920 5.936 5.952 5.969 5.986 6.005 6.024 6.044 6.066 6.088 6.111 6.135 6.161 6.186 6.211 6.236 6.262 6.288 6.313 6.338 6.363 6.386 6.408 6.429 6.448 6.467 6.484 6.499 6.514 6.527 6.540 6.551 6.562 6.572 6.581
5.349 5.368 5.386 5.404 5.421 5.439 5.456 5.473 5.489 5.504 5.519 5.534 5.549 5.563 5.578 5.592 5.606 5.619 5.633 5.646 5.659 5.671 5.684 5.696 5.708 5.720 5.731 5.743 5.755 5.766 5.778 5.790 5.801 5.811 5.822 5.834 5.845 5.858 5.870 5.883 5.896 5.910 5.924 5.938 5.953 5.968 5.984 6.001 6.019 6.037 6.056 6.076 6.097 6.119 6.143 6.166 6.189 6.214 6.239 6.264 6.290 6.316 6.342 6.367 6.391 6.414 6.436 6.457 6.477 6.495 6.512 6.528 6.542 6.556 6.568 6.580 6.590
5.360 5.378 5.396 5.414 5.432 5.449 5.467 5.484 5.500 5.514 5.529 5.545 5.560 5.574 5.589 5.603 5.617 5.631 5.645 5.658 5.671 5.683 5.696 5.708 5.720 5.732 5.744 5.755 5.767 5.778 5.790 5.801 5.812 5.822 5.832 5.843 5.855 5.866 5.878 5.890 5.903 5.916 5.929 5.942 5.956 5.970 5.985 6.000 6.016 6.033 6.050 6.069 6.088 6.108 6.129 6.150 6.171 6.193 6.217 6.242 6.267 6.292 6.318 6.344 6.369 6.394 6.418 6.442 6.464 6.485 6.504 6.522 6.539 6.555 6.570 6.583 6.596
5.370 5.388 5.406 5.424 5.442 5.459 5.476 5.493 5.509 5.524 5.539 5.555 5.570 5.585 5.600 5.614 5.628 5.642 5.656 5.669 5.682 5.695 5.707 5.720 5.732 5.744 5.756 5.767 5.779 5.790 5.801 5.813 5.823 5.832 5.843 5.854 5.865 5.876 5.887 5.899 5.911 5.923 5.935 5.948 5.961 5.974 5.988 6.002 6.017 6.032 6.048 6.064 6.082 6.100 6.119 6.137 6.157 6.177 6.199 6.221 6.245 6.269 6.294 6.320 6.345 6.371 6.396 6.421 6.445 6.468 6.490 6.511 6.531 6.549 6.566 6.582 6.597
5.380 5.398 5.416 5.434 5.452 5.469 5.486 5.503 5.519 5.534 5.549 5.564 5.579 5.595 5.609 5.624 5.638 5.652 5.666 5.679 5.693 5.706 5.718 5.731 5.743 5.755 5.767 5.779 5.790 5.802 5.813 5.824 5.834 5.843 5.853 5.864 5.875 5.885 5.896 5.908 5.919 5.930 5.942 5.954 5.966 5.979 5.992 6.005 6.019 6.033 6.048 6.063 6.079 6.095 6.113 6.129 6.146 6.165 6.184 6.205 6.226 6.249 6.272 6.296 6.321 6.346 6.371 6.396 6.422 6.446 6.470 6.493 6.516 6.537 6.557 6.575 6.593
