version1/TsunamiDB/out54021.asc
ncols          264
nrows          230
xllcorner      497853.4375
yllcorner      4229146.0000
cellsize         5.
NODATA_value   -99
[rows 155 to 185 of 230, columns 142 to 212 of 264]
4.767 4.812 4.855 4.896 4.938 4.981 5.024 5.067 5.110 5.153 5.196 5.238 5.280 5.322 5.364 5.406 5.450 5.495 5.543 5.594 5.648 5.704 5.763 5.825 5.890 5.959 6.026 6.094 6.164 6.233 6.301 6.367 6.430 6.489 6.546 6.604 6.660 6.715 6.766 6.812 6.861 6.916 6.974 7.042 7.109 7.157 7.223 7.313 7.386 7.438 7.479 7.516 7.554 7.598 7.635 7.612 7.618 7.686 7.736 7.761 7.762 7.737 7.675 7.567 7.412 7.218 7.059 6.968 6.902 6.850 6.812
4.799 4.841 4.882 4.922 4.961 5.002 5.043 5.084 5.126 5.167 5.209 5.250 5.290 5.331 5.371 5.412 5.454 5.499 5.546 5.596 5.650 5.706 5.766 5.829 5.896 5.967 6.037 6.108 6.182 6.255 6.327 6.398 6.464 6.527 6.589 6.653 6.715 6.778 6.834 6.884 6.936 6.989 7.044 7.112 7.168 7.200 7.258 7.346 7.415 7.467 7.506 7.540 7.574 7.623 7.653 7.614 7.608 7.664 7.703 7.718 7.709 7.674 7.600 7.475 7.307 7.118 6.970 6.895 6.848 6.818 6.802
4.833 4.874 4.913 4.950 4.987 5.026 5.064 5.103 5.143 5.182 5.222 5.261 5.300 5.339 5.378 5.418 5.459 5.503 5.550 5.600 5.653 5.710 5.771 5.835 5.904 5.977 6.050 6.124 6.201 6.277 6.353 6.426 6.497 6.566 6.635 6.702 6.771 6.842 6.905 6.961 7.015 7.069 7.125 7.180 7.218 7.239 7.291 7.376 7.446 7.499 7.539 7.575 7.615 7.655 7.664 7.612 7.594 7.636 7.662 7.667 7.647 7.598 7.508 7.371 7.207 7.029 6.898 6.843 6.818 6.810 6.814
4.871 4.909 4.946 4.981 5.017 5.052 5.088 5.125 5.162 5.199 5.236 5.273 5.310 5.348 5.385 5.424 5.465 5.508 5.555 5.605 5.659 5.716 5.778 5.844 5.914 5.989 6.064 6.140 6.220 6.299 6.377 6.455 6.532 6.607 6.681 6.753 6.828 6.908 6.978 7.039 7.096 7.151 7.200 7.240 7.265 7.277 7.324 7.408 7.480 7.536 7.580 7.621 7.657 7.679 7.669 7.605 7.573 7.600 7.613 7.606 7.573 7.509 7.406 7.270 7.118 6.958 6.849 6.817 6.813 6.824 6.847
4.910 4.948 4.983 5.016 5.049 5.082 5.116 5.149 5.183 5.217 5.252 5.287 5.322 5.358 5.394 5.432 5.473 5.516 5.563 5.613 5.667 5.725 5.787 5.854 5.926 6.002 6.079 6.158 6.240 6.322 6.404 6.486 6.569 6.651 6.729 6.804 6.886 6.976 7.052 7.117 7.176 7.227 7.268 7.296 7.312 7.317 7.360 7.445 7.519 7.579 7.628 7.668 7.694 7.698 7.669 7.591 7.545 7.555 7.554 7.535 7.488 7.412 7.307 7.181 7.047 6.910 6.825 6.815 6.828 6.855 6.895
4.951 4.988 5.023 5.054 5.085 5.116 5.146 5.177 5.208 5.239 5.271 5.303 5.336 5.370 5.405 5.442 5.482 5.526 5.573 5.624 5.678 5.737 5.799 5.867 5.940 6.018 6.097 6.178 6.263 6.349 6.434 6.521 6.610 6.696 6.779 6.858 6.945 7.041 7.122 7.192 7.249 7.295 7.330 7.351 7.363 7.363 7.402 7.486 7.562 7.626 7.675 7.709 7.724 7.710 7.663 7.570 7.508 7.501 7.486 7.455 7.398 7.318 7.220 7.111 7.000 6.887 6.824 6.831 6.858 6.898 6.948
4.992 5.029 5.064 5.095 5.124 5.153 5.181 5.208 5.236 5.264 5.293 5.322 5.352 5.384 5.418 5.454 5.494 5.537 5.585 5.637 5.692 5.751 5.814 5.882 5.956 6.036 6.117 6.199 6.288 6.377 6.467 6.559 6.652 6.743 6.830 6.910 7.001 7.104 7.190 7.260 7.314 7.357 7.389 7.408 7.417 7.413 7.447 7.530 7.608 7.672 7.717 7.743 7.746 7.715 7.650 7.541 7.463 7.439 7.412 7.371 7.311 7.236 7.151 7.063 6.977 6.884 6.838 6.860 6.898 6.946 7.000
5.032 5.070 5.106 5.137 5.165 5.193 5.219 5.244 5.268 5.293 5.318 5.344 5.372 5.401 5.433 5.468 5.508 5.552 5.600 5.652 5.708 5.768 5.831 5.899 5.974 6.056 6.138 6.223 6.315 6.409 6.502 6.598 6.695 6.791 6.880 6.960 7.055 7.163 7.251 7.320 7.375 7.417 7.448 7.466 7.474 7.464 7.495 7.578 7.653 7.713 7.752 7.770 7.760 7.714 7.630 7.506 7.412 7.374 7.336 7.293 7.236 7.170 7.103 7.037 6.972 6.896 6.865 6.897 6.941 6.994 7.050
5.069 5.110 5.147 5.179 5.208 5.235 5.260 5.283 5.304 5.326 5.347 5.370 5.394 5.420 5.450 5.484 5.523 5.567 5.616 5.669 5.726 5.786 5.849 5.919 5.995 6.079 6.162 6.250 6.345 6.442 6.539 6.639 6.740 6.837 6.928 7.007 7.104 7.214 7.303 7.375 7.429 7.471 7.503 7.521 7.528 7.515 7.541 7.619 7.689 7.744 7.777 7.786 7.764 7.701 7.600 7.462 7.354 7.304 7.263 7.222 7.173 7.121 7.073 7.026 6.978 6.917 6.896 6.934 6.982 7.037 7.093
5.104 5.147 5.186 5.220 5.250 5.278 5.302 5.324 5.343 5.362 5.380 5.399 5.419 5.443 5.470 5.503 5.541 5.585 5.634 5.688 5.745 5.806 5.871 5.941 6.018 6.103 6.188 6.277 6.375 6.474 6.575 6.677 6.780 6.878 6.970 7.048 7.145 7.257 7.349 7.422 7.478 7.523 7.555 7.574 7.580 7.563 7.583 7.655 7.719 7.768 7.793 7.793 7.761 7.684 7.567 7.416 7.299 7.243 7.203 7.168 7.129 7.093 7.061 7.029 6.995 6.944 6.930 6.971 7.021 7.077 7.132
5.134 5.180 5.222 5.258 5.291 5.320 5.345 5.366 5.385 5.401 5.416 5.431 5.448 5.468 5.492 5.523 5.560 5.603 5.653 5.707 5.766 5.827 5.892 5.963 6.040 6.127 6.213 6.303 6.403 6.505 6.609 6.715 6.819 6.920 7.013 7.088 7.184 7.300 7.395 7.471 7.530 7.577 7.610 7.630 7.638 7.615 7.626 7.691 7.749 7.790 7.808 7.800 7.757 7.668 7.535 7.374 7.253 7.196 7.160 7.132 7.105 7.083 7.064 7.044 7.021 6.978 6.968 7.011 7.061 7.116 7.170
5.160 5.209 5.254 5.293 5.329 5.360 5.387 5.409 5.427 5.442 5.455 5.467 5.480 5.496 5.517 5.545 5.581 5.623 5.673 5.727 5.786 5.848 5.914 5.984 6.063 6.151 6.238 6.331 6.433 6.538 6.646 6.753 6.860 6.965 7.056 7.126 7.222 7.342 7.440 7.519 7.582 7.631 7.666 7.689 7.693 7.661 7.664 7.721 7.772 7.806 7.817 7.801 7.748 7.643 7.498 7.336 7.216 7.162 7.130 7.111 7.096 7.084 7.076 7.066 7.050 7.012 7.005 7.048 7.098 7.151 7.203
5.182 5.233 5.281 5.324 5.362 5.397 5.426 5.450 5.470 5.484 5.496 5.505 5.515 5.528 5.545 5.570 5.604 5.645 5.693 5.748 5.807 5.869 5.935 6.007 6.088 6.177 6.266 6.360 6.465 6.573 6.684 6.795 6.906 7.008 7.093 7.162 7.260 7.383 7.484 7.568 7.633 7.686 7.724 7.745 7.741 7.701 7.695 7.744 7.787 7.816 7.819 7.793 7.727 7.612 7.469 7.309 7.192 7.141 7.116 7.106 7.098 7.095 7.095 7.091 7.080 7.046 7.040 7.082 7.131 7.182 7.230
5.200 5.254 5.304 5.350 5.392 5.430 5.462 5.489 5.511 5.527 5.538 5.546 5.554 5.563 5.578 5.599 5.630 5.669 5.715 5.769 5.828 5.891 5.958 6.031 6.113 6.204 6.295 6.391 6.498 6.609 6.721 6.835 6.945 7.043 7.126 7.195 7.294 7.421 7.527 7.615 7.684 7.739 7.777 7.792 7.780 7.733 7.718 7.759 7.795 7.816 7.811 7.775 7.700 7.586 7.447 7.292 7.179 7.135 7.116 7.111 7.109 7.113 7.118 7.118 7.110 7.078 7.072 7.112 7.160 7.209 7.253
5.215 5.270 5.323 5.372 5.417 5.458 5.494 5.525 5.549 5.568 5.580 5.589 5.595 5.603 5.614 5.633 5.660 5.696 5.740 5.792 5.851 5.913 5.980 6.054 6.138 6.231 6.323 6.421 6.530 6.641 6.755 6.868 6.977 7.074 7.158 7.227 7.328 7.460 7.569 7.660 7.732 7.787 7.822 7.830 7.810 7.755 7.733 7.765 7.793 7.808 7.795 7.751 7.675 7.565 7.434 7.287 7.181 7.142 7.127 7.124 7.127 7.133 7.141 7.144 7.138 7.108 7.101 7.141 7.186 7.230 7.269
5.227 5.284 5.338 5.389 5.437 5.482 5.522 5.556 5.585 5.606 5.622 5.632 5.639 5.646 5.656 5.672 5.695 5.728 5.769 5.818 5.874 5.936 6.002 6.077 6.163 6.257 6.351 6.450 6.558 6.671 6.783 6.895 7.004 7.102 7.189 7.258 7.361 7.496 7.608 7.702 7.774 7.827 7.858 7.859 7.832 7.770 7.739 7.762 7.784 7.791 7.772 7.727 7.654 7.552 7.431 7.293 7.193 7.158 7.145 7.145 7.148 7.156 7.165 7.169 7.165 7.136 7.129 7.165 7.207 7.246 7.279
5.236 5.294 5.350 5.403 5.453 5.501 5.545 5.583 5.616 5.642 5.662 5.676 5.685 5.693 5.703 5.716 5.736 5.764 5.801 5.846 5.899 5.958 6.024 6.099 6.185 6.280 6.374 6.473 6.582 6.694 6.804 6.916 7.027 7.129 7.219 7.288 7.392 7.529 7.645 7.738 7.809 7.859 7.885 7.880 7.845 7.775 7.736 7.751 7.766 7.767 7.748 7.705 7.638 7.546 7.437 7.308 7.214 7.180 7.168 7.168 7.171 7.179 7.187 7.193 7.191 7.163 7.153 7.186 7.223 7.257 7.284
5.241 5.300 5.358 5.412 5.465 5.516 5.563 5.605 5.643 5.674 5.699 5.718 5.732 5.742 5.752 5.765 5.782 5.805 5.837 5.876 5.925 5.980 6.043 6.116 6.201 6.297 6.391 6.490 6.600 6.710 6.820 6.933 7.048 7.154 7.247 7.316 7.420 7.561 7.676 7.768 7.836 7.882 7.903 7.891 7.848 7.771 7.725 7.733 7.742 7.742 7.724 7.686 7.628 7.549 7.450 7.329 7.239 7.207 7.194 7.192 7.194 7.200 7.208 7.216 7.215 7.186 7.174 7.204 7.235 7.263 7.283
5.243 5.303 5.360 5.417 5.472 5.525 5.576 5.622 5.664 5.701 5.732 5.756 5.776 5.791 5.803 5.816 5.831 5.850 5.876 5.910 5.952 6.002 6.060 6.130 6.214 6.309 6.404 6.503 6.612 6.723 6.835 6.950 7.068 7.178 7.275 7.342 7.446 7.587 7.699 7.788 7.852 7.894 7.910 7.891 7.841 7.757 7.704 7.706 7.714 7.716 7.701 7.671 7.624 7.555 7.466 7.352 7.265 7.232 7.218 7.215 7.215 7.220 7.228 7.235 7.237 7.207 7.191 7.216 7.241 7.261 7.275
5.240 5.300 5.359 5.417 5.474 5.530 5.583 5.634 5.680 5.722 5.759 5.790 5.815 5.836 5.852 5.866 5.881 5.897 5.918 5.945 5.981 6.024 6.077 6.142 6.224 6.318 6.412 6.511 6.622 6.735 6.848 6.965 7.085 7.197 7.296 7.362 7.464 7.603 7.713 7.798 7.858 7.896 7.907 7.882 7.825 7.735 7.678 7.678 7.687 7.691 7.682 7.661 7.624 7.565 7.484 7.377 7.292 7.258 7.242 7.237 7.236 7.240 7.246 7.253 7.255 7.224 7.205 7.224 7.241 7.254 7.260
5.234 5.294 5.353 5.412 5.471 5.529 5.585 5.639 5.690 5.738 5.780 5.817 5.849 5.875 5.896 5.914 5.929 5.944 5.962 5.984 6.012 6.048 6.094 6.153 6.230 6.323 6.416 6.515 6.627 6.742 6.857 6.976 7.096 7.213 7.317 7.378 7.476 7.613 7.721 7.803 7.859 7.893 7.899 7.868 7.804 7.709 7.650 7.652 7.663 7.672 7.670 7.659 7.630 7.579 7.505 7.402 7.318 7.284 7.267 7.259 7.257 7.259 7.264 7.271 7.275 7.241 7.216 7.228 7.238 7.242 7.240
5.227 5.286 5.345 5.404 5.464 5.524 5.582 5.639 5.694 5.746 5.794 5.837 5.875 5.907 5.933 5.955 5.973 5.990 6.006 6.023 6.046 6.074 6.112 6.164 6.236 6.326 6.417 6.516 6.630 6.746 6.866 6.987 7.109 7.235 7.336 7.388 7.482 7.619 7.724 7.801 7.854 7.883 7.883 7.843 7.773 7.680 7.623 7.628 7.644 7.658 7.664 7.659 7.638 7.593 7.523 7.425 7.343 7.307 7.288 7.279 7.276 7.277 7.280 7.291 7.294 7.255 7.224 7.228 7.229 7.224 7.215
5.219 5.277 5.335 5.394 5.454 5.515 5.575 5.635 5.693 5.748 5.801 5.849 5.892 5.930 5.963 5.990 6.012 6.031 6.048 6.064 6.082 6.104 6.134 6.179 6.245 6.331 6.420 6.519 6.634 6.754 6.876 7.002 7.132 7.252 7.340 7.389 7.482 7.616 7.717 7.792 7.839 7.861 7.853 7.809 7.743 7.652 7.597 7.608 7.629 7.649 7.661 7.661 7.644 7.603 7.540 7.446 7.364 7.328 7.309 7.299 7.295 7.296 7.302 7.311 7.308 7.264 7.227 7.222 7.214 7.202 7.184
5.214 5.269 5.325 5.383 5.443 5.504 5.565 5.626 5.687 5.745 5.801 5.854 5.902 5.945 5.983 6.016 6.043 6.067 6.086 6.103 6.120 6.138 6.162 6.201 6.260 6.340 6.426 6.524 6.640 6.763 6.888 7.017 7.144 7.252 7.334 7.381 7.473 7.603 7.702 7.773 7.814 7.830 7.816 7.774 7.713 7.626 7.575 7.592 7.618 7.643 7.658 7.662 7.647 7.612 7.555 7.463 7.383 7.348 7.329 7.319 7.314 7.316 7.322 7.327 7.317 7.268 7.225 7.211 7.194 7.173 7.148
5.212 5.264 5.318 5.374 5.432 5.493 5.554 5.616 5.677 5.738 5.796 5.852 5.904 5.953 5.996 6.034 6.068 6.096 6.121 6.141 6.160 6.177 6.197 6.228 6.281 6.355 6.436 6.532 6.647 6.769 6.895 7.021 7.141 7.242 7.319 7.365 7.455 7.583 7.679 7.745 7.781 7.791 7.778 7.741 7.686 7.603 7.558 7.580 7.611 7.639 7.656 7.661 7.650 7.619 7.566 7.478 7.400 7.367 7.348 7.338 7.334 7.336 7.339 7.338 7.322 7.267 7.217 7.194 7.169 7.140 7.107
5.214 5.263 5.313 5.366 5.423 5.482 5.543 5.605 5.667 5.728 5.788 5.846 5.902 5.954 6.002 6.046 6.086 6.120 6.150 6.177 6.199 6.217 6.236 6.263 6.309 6.376 6.451 6.541 6.651 6.771 6.891 7.010 7.125 7.221 7.296 7.341 7.429 7.554 7.647 7.710 7.742 7.752 7.741 7.710 7.662 7.584 7.544 7.571 7.604 7.634 7.652 7.658 7.650 7.624 7.576 7.492 7.416 7.385 7.367 7.357 7.352 7.352 7.352 7.345 7.321 7.262 7.204 7.173 7.139 7.103 7.064
5.220 5.265 5.312 5.362 5.417 5.474 5.533 5.593 5.655 5.717 5.778 5.838 5.896 5.951 6.004 6.053 6.098 6.138 6.175 6.207 6.234 6.257 6.277 6.302 6.342 6.400 6.466 6.546 6.649 6.761 6.873 6.987 7.097 7.192 7.267 7.311 7.396 7.520 7.611 7.671 7.702 7.714 7.707 7.683 7.642 7.568 7.531 7.562 7.598 7.628 7.647 7.655 7.649 7.627 7.585 7.505 7.432 7.403 7.385 7.374 7.368 7.365 7.360 7.347 7.317 7.251 7.187 7.147 7.106 7.063 7.019
5.230 5.271 5.315 5.361 5.412 5.466 5.523 5.583 5.643 5.704 5.766 5.827 5.886 5.945 6.001 6.054 6.104 6.151 6.193 6.231 6.265 6.292 6.314 6.337 6.373 6.424 6.479 6.548 6.640 6.741 6.846 6.955 7.063 7.158 7.234 7.276 7.360 7.484 7.573 7.632 7.664 7.678 7.677 7.660 7.623 7.553 7.520 7.553 7.590 7.621 7.641 7.650 7.647 7.630 7.593 7.517 7.447 7.421 7.403 7.390 7.381 7.374 7.365 7.345 7.308 7.236 7.166 7.118 7.069 7.022 6.974
5.244 5.282 5.321 5.363 5.410 5.461 5.515 5.572 5.631 5.691 5.752 5.813 5.874 5.934 5.994 6.051 6.106 6.157 6.204 6.248 6.286 6.318 6.343 6.368 6.401 6.446 6.491 6.548 6.628 6.719 6.817 6.921 7.028 7.124 7.202 7.243 7.326 7.449 7.537 7.596 7.629 7.647 7.652 7.639 7.607 7.539 7.507 7.542 7.580 7.612 7.633 7.644 7.645 7.632 7.600 7.528 7.461 7.436 7.417 7.402 7.388 7.377 7.363 7.336 7.292 7.214 7.137 7.082 7.028 6.978 6.928
5.261 5.295 5.330 5.368 5.410 5.456 5.506 5.560 5.617 5.676 5.736 5.797 5.859 5.921 5.982 6.042 6.101 6.157 6.208 6.256 6.298 6.335 6.365 6.393 6.425 6.466 6.504 6.550 6.618 6.700 6.790 6.891 6.995 7.091 7.170 7.210 7.291 7.414 7.502 7.561 7.596 7.619 7.627 7.618 7.589 7.524 7.493 7.529 7.568 7.601 7.623 7.637 7.641 7.632 7.606 7.538 7.474 7.449 7.428 7.410 7.392 7.376 7.356 7.323 7.272 7.188 7.105 7.045 6.988 6.935 6.885
5.282 5.313 5.343 5.375 5.412 5.453 5.498 5.548 5.602 5.659 5.718 5.778 5.840 5.903 5.966 6.029 6.091 6.150 6.206 6.257 6.303 6.343 6.378 6.410 6.444 6.485 6.518 6.556 6.614 6.686 6.769 6.864 6.965 7.062 7.144 7.181 7.260 7.382 7.470 7.530 7.568 7.594 7.605 7.599 7.574 7.509 7.479 7.518 7.558 7.592 7.617 7.634 7.641 7.637 7.617 7.552 7.490 7.465 7.441 7.418 7.395 7.374 7.348 7.308 7.248 7.158 7.071 7.006 6.947 6.894 6.847
