version1/TsunamiDB/out54108.asc
ncols          264
nrows          230
xllcorner      497853.4375
yllcorner      4229146.0000
cellsize         5.
NODATA_value   -99
[rows 68 to 101 of 230, columns 0 to 76 of 264]
3.616 3.683 3.747 3.808 3.867 3.925 3.982 4.037 4.091 4.145 4.196 4.247 4.295 4.341 4.386 4.430 4.471 4.511 4.549 4.586 4.621 4.654 4.686 4.717 4.747 4.775 4.803 4.830 4.857 4.882 4.908 4.932 4.957 4.981 5.004 5.026 5.048 5.070 5.092 5.114 5.135 5.157 5.178 5.199 5.220 5.240 5.261 5.281 5.301 5.321 5.341 5.361 5.381 5.400 5.419 5.438 5.457 5.476 5.494 5.510 5.527 5.544 5.561 5.578 5.595 5.611 5.627 5.642 5.657 5.672 5.686 5.701 5.715 5.728 5.742 5.755 5.769
3.649 3.713 3.774 3.833 3.890 3.947 4.002 4.056 4.109 4.161 4.212 4.262 4.310 4.356 4.401 4.445 4.487 4.527 4.565 4.602 4.637 4.670 4.702 4.733 4.763 4.792 4.820 4.847 4.873 4.898 4.923 4.948 4.972 4.995 5.019 5.040 5.062 5.084 5.105 5.127 5.148 5.169 5.190 5.211 5.232 5.252 5.272 5.292 5.312 5.332 5.352 5.371 5.391 5.410 5.429 5.448 5.467 5.486 5.503 5.520 5.537 5.554 5.572 5.589 5.605 5.621 5.638 5.653 5.669 5.683 5.698 5.713 5.727 5.740 5.754 5.767 5.780
3.680 3.742 3.800 3.857 3.913 3.968 4.021 4.074 4.126 4.177 4.228 4.277 4.324 4.370 4.416 4.459 4.501 4.542 4.580 4.617 4.653 4.686 4.719 4.750 4.779 4.808 4.836 4.863 4.889 4.914 4.939 4.963 4.987 5.010 5.033 5.055 5.076 5.097 5.119 5.140 5.161 5.182 5.203 5.223 5.243 5.263 5.283 5.303 5.323 5.343 5.362 5.381 5.401 5.420 5.439 5.458 5.477 5.495 5.513 5.529 5.547 5.564 5.581 5.598 5.615 5.632 5.648 5.664 5.679 5.694 5.709 5.724 5.738 5.752 5.766 5.779 5.792
3.710 3.769 3.826 3.882 3.935 3.988 4.040 4.092 4.143 4.193 4.243 4.291 4.338 4.384 4.429 4.473 4.515 4.556 4.595 4.632 4.668 4.702 4.734 4.766 4.795 4.824 4.852 4.879 4.905 4.930 4.955 4.979 5.002 5.026 5.048 5.070 5.090 5.112 5.133 5.154 5.174 5.195 5.215 5.235 5.255 5.275 5.295 5.314 5.334 5.353 5.372 5.392 5.411 5.429 5.448 5.467 5.486 5.504 5.522 5.539 5.556 5.573 5.591 5.608 5.625 5.641 5.658 5.674 5.689 5.705 5.720 5.735 5.749 5.763 5.777 5.791 5.804
3.740 3.797 3.852 3.905 3.958 4.009 4.060 4.110 4.159 4.208 4.257 4.305 4.352 4.397 4.442 4.486 4.528 4.569 4.609 4.646 4.682 4.717 4.749 4.781 4.811 4.840 4.868 4.895 4.921 4.946 4.971 4.995 5.018 5.041 5.063 5.085 5.105 5.126 5.147 5.167 5.188 5.208 5.228 5.248 5.267 5.287 5.306 5.326 5.345 5.364 5.383 5.402 5.420 5.439 5.458 5.476 5.495 5.513 5.531 5.547 5.565 5.582 5.599 5.616 5.633 5.650 5.667 5.683 5.699 5.715 5.730 5.745 5.760 5.774 5.788 5.802 5.815
3.769 3.824 3.877 3.929 3.980 4.029 4.079 4.127 4.176 4.224 4.271 4.319 4.364 4.409 4.454 4.498 4.541 4.582 4.622 4.660 4.696 4.731 4.764 4.796 4.826 4.856 4.884 4.911 4.937 4.962 4.987 5.010 5.034 5.056 5.079 5.100 5.120 5.141 5.161 5.182 5.202 5.222 5.241 5.261 5.280 5.299 5.318 5.337 5.356 5.375 5.393 5.412 5.430 5.449 5.467 5.485 5.504 5.522 5.539 5.556 5.573 5.590 5.608 5.625 5.642 5.659 5.675 5.692 5.708 5.724 5.739 5.755 5.770 5.784 5.799 5.812 5.826
3.797 3.850 3.902 3.952 4.001 4.050 4.098 4.145 4.192 4.239 4.285 4.332 4.377 4.421 4.466 4.510 4.552 4.594 4.634 4.672 4.709 4.744 4.778 4.810 4.841 4.871 4.899 4.926 4.953 4.978 5.003 5.026 5.050 5.072 5.094 5.115 5.135 5.156 5.176 5.196 5.216 5.235 5.255 5.274 5.293 5.312 5.330 5.349 5.367 5.386 5.404 5.422 5.441 5.459 5.477 5.495 5.513 5.531 5.548 5.564 5.582 5.599 5.616 5.633 5.650 5.667 5.684 5.700 5.716 5.732 5.748 5.764 5.779 5.794 5.808 5.822 5.836
3.825 3.876 3.927 3.975 4.023 4.070 4.117 4.163 4.208 4.254 4.299 4.345 4.389 4.433 4.477 4.521 4.563 4.605 4.645 4.684 4.721 4.757 4.791 4.824 4.855 4.885 4.914 4.942 4.968 4.994 5.018 5.042 5.065 5.088 5.110 5.131 5.151 5.171 5.191 5.211 5.230 5.250 5.269 5.288 5.306 5.325 5.343 5.361 5.379 5.397 5.415 5.433 5.451 5.469 5.487 5.504 5.522 5.540 5.557 5.573 5.590 5.607 5.624 5.641 5.658 5.675 5.692 5.708 5.724 5.741 5.756 5.772 5.788 5.803 5.817 5.832 5.846
3.852 3.902 3.951 3.998 4.045 4.090 4.136 4.180 4.225 4.269 4.313 4.358 4.401 4.444 4.488 4.531 4.573 4.615 4.655 4.695 4.733 4.769 4.804 4.837 4.869 4.899 4.929 4.957 4.983 5.009 5.034 5.058 5.081 5.104 5.126 5.147 5.166 5.186 5.206 5.226 5.245 5.264 5.283 5.302 5.320 5.338 5.356 5.374 5.392 5.409 5.427 5.444 5.462 5.479 5.497 5.514 5.532 5.549 5.566 5.582 5.598 5.615 5.632 5.649 5.666 5.683 5.699 5.716 5.732 5.748 5.764 5.780 5.796 5.811 5.826 5.841 5.855
3.879 3.928 3.975 4.021 4.066 4.111 4.155 4.198 4.241 4.284 4.327 4.370 4.413 4.455 4.498 4.541 4.583 4.624 4.665 4.705 4.743 4.780 4.815 4.849 4.882 4.913 4.942 4.971 4.998 5.024 5.049 5.074 5.097 5.120 5.142 5.162 5.182 5.202 5.222 5.242 5.261 5.279 5.298 5.316 5.334 5.352 5.370 5.387 5.405 5.422 5.439 5.456 5.473 5.490 5.507 5.525 5.542 5.559 5.575 5.591 5.607 5.624 5.640 5.657 5.674 5.690 5.707 5.723 5.740 5.756 5.772 5.788 5.803 5.819 5.834 5.849 5.864
3.905 3.953 3.999 4.044 4.088 4.131 4.174 4.216 4.258 4.300 4.341 4.383 4.424 4.466 4.508 4.550 4.592 4.633 4.674 4.714 4.752 4.790 4.826 4.860 4.893 4.925 4.955 4.984 5.012 5.039 5.064 5.089 5.112 5.135 5.157 5.178 5.198 5.218 5.238 5.257 5.276 5.295 5.313 5.331 5.349 5.367 5.384 5.401 5.418 5.435 5.452 5.469 5.485 5.502 5.519 5.535 5.552 5.569 5.585 5.600 5.616 5.632 5.649 5.665 5.682 5.698 5.715 5.731 5.747 5.763 5.779 5.795 5.811 5.826 5.842 5.857 5.872
3.931 3.978 4.023 4.067 4.110 4.152 4.193 4.234 4.275 4.315 4.356 4.396 4.436 4.477 4.518 4.559 4.600 4.641 4.682 4.722 4.761 4.798 4.835 4.870 4.904 4.936 4.967 4.997 5.025 5.052 5.078 5.103 5.127 5.150 5.173 5.194 5.214 5.234 5.254 5.273 5.292 5.311 5.329 5.347 5.364 5.382 5.399 5.416 5.432 5.449 5.465 5.482 5.498 5.514 5.531 5.547 5.563 5.579 5.595 5.610 5.626 5.642 5.658 5.674 5.690 5.706 5.723 5.739 5.755 5.771 5.787 5.802 5.818 5.834 5.849 5.864 5.879
3.957 4.002 4.046 4.089 4.131 4.172 4.212 4.252 4.292 4.331 4.370 4.410 4.448 4.488 4.528 4.568 4.609 4.649 4.689 4.729 4.768 4.806 4.843 4.879 4.914 4.947 4.978 5.009 5.038 5.065 5.092 5.117 5.142 5.165 5.188 5.209 5.229 5.249 5.269 5.289 5.308 5.326 5.344 5.362 5.380 5.397 5.414 5.431 5.447 5.463 5.479 5.496 5.511 5.527 5.543 5.559 5.575 5.591 5.606 5.620 5.636 5.651 5.667 5.683 5.699 5.715 5.731 5.747 5.762 5.778 5.794 5.810 5.825 5.841 5.856 5.872 5.887
3.982 4.027 4.070 4.112 4.152 4.192 4.232 4.270 4.309 4.347 4.386 4.423 4.460 4.499 4.538 4.577 4.617 4.657 4.696 4.736 4.775 4.813 4.851 4.887 4.922 4.956 4.988 5.019 5.049 5.077 5.105 5.131 5.156 5.179 5.202 5.224 5.244 5.265 5.285 5.304 5.323 5.342 5.360 5.378 5.396 5.413 5.429 5.446 5.462 5.478 5.494 5.510 5.526 5.541 5.557 5.572 5.587 5.603 5.617 5.631 5.646 5.662 5.677 5.692 5.708 5.723 5.739 5.755 5.770 5.786 5.802 5.817 5.833 5.848 5.863 5.879 5.894
4.007 4.051 4.093 4.134 4.174 4.213 4.251 4.289 4.326 4.363 4.401 4.437 4.473 4.510 4.548 4.587 4.625 4.664 4.703 4.742 4.781 4.819 4.857 4.893 4.929 4.964 4.997 5.029 5.059 5.088 5.116 5.143 5.168 5.193 5.216 5.238 5.259 5.280 5.300 5.320 5.339 5.358 5.376 5.394 5.411 5.428 5.445 5.462 5.478 5.494 5.509 5.525 5.540 5.555 5.571 5.586 5.601 5.616 5.630 5.643 5.658 5.673 5.687 5.703 5.718 5.733 5.748 5.763 5.779 5.794 5.809 5.825 5.840 5.855 5.871 5.886 5.901
4.032 4.075 4.116 4.156 4.195 4.233 4.271 4.307 4.344 4.380 4.416 4.451 4.486 4.522 4.559 4.596 4.633 4.671 4.709 4.748 4.786 4.824 4.862 4.899 4.935 4.970 5.004 5.037 5.068 5.098 5.127 5.154 5.180 5.206 5.229 5.251 5.272 5.294 5.314 5.335 5.354 5.373 5.391 5.409 5.427 5.444 5.461 5.477 5.494 5.509 5.525 5.540 5.555 5.570 5.585 5.600 5.615 5.629 5.643 5.656 5.670 5.684 5.699 5.713 5.728 5.743 5.758 5.773 5.788 5.803 5.818 5.833 5.848 5.863 5.878 5.893 5.908
4.056 4.098 4.139 4.178 4.216 4.254 4.290 4.326 4.361 4.397 4.432 4.466 4.500 4.535 4.570 4.606 4.642 4.679 4.716 4.754 4.791 4.829 4.866 4.903 4.940 4.976 5.010 5.043 5.076 5.106 5.136 5.164 5.191 5.217 5.241 5.263 5.286 5.307 5.328 5.349 5.369 5.388 5.407 5.425 5.442 5.460 5.477 5.493 5.509 5.525 5.541 5.556 5.571 5.586 5.601 5.615 5.630 5.644 5.656 5.669 5.683 5.697 5.711 5.725 5.739 5.754 5.768 5.782 5.797 5.812 5.826 5.841 5.856 5.871 5.886 5.901 5.916
4.080 4.121 4.161 4.200 4.237 4.274 4.310 4.345 4.379 4.414 4.448 4.481 4.513 4.547 4.582 4.616 4.651 4.687 4.723 4.759 4.796 4.833 4.870 4.907 4.944 4.980 5.015 5.049 5.082 5.113 5.144 5.173 5.201 5.227 5.252 5.275 5.298 5.320 5.341 5.362 5.382 5.402 5.421 5.439 5.457 5.475 5.492 5.509 5.525 5.541 5.557 5.572 5.587 5.602 5.616 5.631 5.645 5.659 5.671 5.684 5.697 5.710 5.724 5.738 5.751 5.765 5.779 5.793 5.807 5.821 5.836 5.850 5.865 5.879 5.894 5.909 5.923
4.104 4.144 4.183 4.221 4.258 4.294 4.329 4.364 4.397 4.431 4.464 4.496 4.528 4.561 4.594 4.627 4.661 4.695 4.730 4.765 4.801 4.837 4.874 4.910 4.947 4.983 5.018 5.053 5.086 5.119 5.150 5.180 5.209 5.236 5.261 5.285 5.309 5.332 5.354 5.375 5.396 5.415 5.435 5.454 5.472 5.490 5.507 5.524 5.540 5.556 5.572 5.588 5.603 5.617 5.632 5.646 5.661 5.674 5.686 5.699 5.712 5.725 5.738 5.751 5.764 5.778 5.791 5.804 5.818 5.832 5.846 5.860 5.874 5.888 5.902 5.917 5.931
4.127 4.167 4.205 4.243 4.279 4.314 4.349 4.382 4.416 4.448 4.481 4.512 4.543 4.574 4.606 4.639 4.671 4.704 4.738 4.772 4.807 4.842 4.877 4.913 4.949 4.985 5.021 5.055 5.090 5.123 5.155 5.185 5.215 5.243 5.270 5.294 5.319 5.342 5.365 5.387 5.408 5.428 5.448 5.467 5.485 5.504 5.521 5.538 5.555 5.571 5.587 5.603 5.618 5.633 5.648 5.662 5.676 5.689 5.701 5.714 5.727 5.739 5.752 5.765 5.778 5.791 5.804 5.817 5.830 5.843 5.857 5.870 5.884 5.898 5.912 5.926 5.940
4.150 4.189 4.227 4.264 4.300 4.334 4.368 4.401 4.434 4.466 4.497 4.528 4.558 4.589 4.620 4.651 4.682 4.714 4.746 4.779 4.813 4.847 4.881 4.916 4.951 4.987 5.022 5.057 5.092 5.125 5.158 5.190 5.220 5.249 5.277 5.302 5.327 5.351 5.375 5.397 5.419 5.440 5.460 5.479 5.498 5.517 5.535 5.552 5.569 5.586 5.602 5.618 5.633 5.648 5.663 5.678 5.692 5.705 5.717 5.729 5.742 5.755 5.767 5.780 5.792 5.805 5.817 5.830 5.842 5.855 5.868 5.881 5.895 5.908 5.921 5.935 5.949
4.172 4.211 4.248 4.285 4.320 4.354 4.388 4.420 4.452 4.483 4.514 4.544 4.573 4.603 4.633 4.663 4.694 4.724 4.755 4.787 4.819 4.852 4.885 4.919 4.954 4.988 5.023 5.058 5.093 5.127 5.160 5.192 5.224 5.254 5.282 5.308 5.334 5.359 5.384 5.407 5.429 5.450 5.471 5.491 5.510 5.529 5.547 5.565 5.583 5.599 5.616 5.632 5.648 5.663 5.678 5.693 5.707 5.720 5.732 5.745 5.758 5.770 5.783 5.795 5.807 5.819 5.832 5.844 5.856 5.868 5.881 5.893 5.906 5.919 5.932 5.945 5.959
4.194 4.232 4.269 4.305 4.340 4.374 4.407 4.439 4.470 4.501 4.531 4.560 4.589 4.618 4.647 4.676 4.706 4.735 4.765 4.796 4.826 4.858 4.890 4.923 4.956 4.990 5.024 5.058 5.093 5.127 5.160 5.193 5.225 5.257 5.286 5.313 5.340 5.366 5.391 5.415 5.438 5.460 5.481 5.501 5.521 5.540 5.559 5.577 5.595 5.612 5.629 5.645 5.661 5.677 5.692 5.707 5.722 5.735 5.748 5.760 5.773 5.786 5.798 5.810 5.822 5.834 5.846 5.858 5.870 5.882 5.894 5.906 5.918 5.931 5.943 5.956 5.969
4.215 4.253 4.290 4.326 4.360 4.394 4.426 4.458 4.488 4.519 4.549 4.577 4.605 4.633 4.662 4.690 4.718 4.747 4.776 4.805 4.835 4.865 4.895 4.927 4.959 4.992 5.025 5.059 5.093 5.126 5.160 5.193 5.226 5.258 5.288 5.316 5.344 5.371 5.397 5.422 5.445 5.468 5.490 5.511 5.531 5.551 5.570 5.589 5.607 5.624 5.641 5.658 5.674 5.690 5.706 5.721 5.736 5.750 5.762 5.775 5.788 5.801 5.814 5.826 5.838 5.850 5.861 5.873 5.885 5.896 5.908 5.920 5.931 5.943 5.955 5.968 5.980
4.237 4.274 4.311 4.346 4.380 4.413 4.445 4.476 4.507 4.536 4.566 4.594 4.621 4.649 4.677 4.704 4.732 4.759 4.787 4.815 4.844 4.872 4.902 4.932 4.963 4.994 5.026 5.059 5.092 5.126 5.159 5.192 5.225 5.258 5.288 5.317 5.346 5.374 5.401 5.427 5.451 5.475 5.497 5.519 5.540 5.560 5.580 5.599 5.617 5.635 5.653 5.670 5.686 5.703 5.718 5.734 5.749 5.763 5.776 5.790 5.803 5.816 5.828 5.841 5.853 5.865 5.877 5.888 5.900 5.911 5.922 5.934 5.945 5.957 5.968 5.980 5.992
4.257 4.294 4.330 4.365 4.399 4.432 4.464 4.494 4.525 4.554 4.583 4.610 4.637 4.664 4.692 4.719 4.745 4.772 4.799 4.826 4.853 4.881 4.909 4.938 4.968 4.998 5.028 5.060 5.092 5.125 5.157 5.190 5.223 5.256 5.287 5.317 5.347 5.376 5.404 5.430 5.456 5.480 5.504 5.526 5.548 5.569 5.589 5.608 5.627 5.645 5.663 5.680 5.697 5.714 5.730 5.746 5.762 5.776 5.789 5.803 5.816 5.830 5.843 5.855 5.868 5.880 5.892 5.903 5.915 5.926 5.937 5.948 5.959 5.970 5.982 5.993 6.004
4.277 4.314 4.350 4.385 4.418 4.451 4.482 4.513 4.542 4.571 4.600 4.627 4.653 4.680 4.707 4.733 4.759 4.785 4.811 4.838 4.864 4.891 4.918 4.945 4.973 5.002 5.031 5.062 5.093 5.124 5.156 5.188 5.221 5.253 5.285 5.315 5.346 5.376 5.404 5.432 5.459 5.484 5.509 5.532 5.554 5.576 5.596 5.616 5.636 5.654 5.673 5.690 5.708 5.725 5.741 5.757 5.773 5.788 5.802 5.816 5.829 5.843 5.856 5.869 5.882 5.894 5.906 5.918 5.929 5.941 5.952 5.963 5.974 5.984 5.995 6.006 6.017
4.297 4.334 4.369 4.404 4.437 4.469 4.500 4.531 4.560 4.589 4.617 4.643 4.670 4.696 4.722 4.748 4.774 4.799 4.824 4.850 4.875 4.901 4.927 4.953 4.980 5.007 5.036 5.064 5.094 5.124 5.155 5.186 5.218 5.250 5.282 5.312 5.343 5.374 5.404 5.432 5.460 5.486 5.512 5.536 5.559 5.581 5.603 5.623 5.643 5.662 5.681 5.699 5.717 5.734 5.751 5.768 5.784 5.799 5.813 5.827 5.841 5.855 5.869 5.882 5.895 5.908 5.920 5.932 5.944 5.955 5.966 5.977 5.988 5.999 6.009 6.020 6.031
4.317 4.353 4.388 4.422 4.455 4.487 4.518 4.548 4.577 4.606 4.634 4.660 4.686 4.712 4.738 4.763 4.788 4.813 4.838 4.862 4.887 4.912 4.937 4.962 4.988 5.014 5.041 5.068 5.096 5.125 5.155 5.185 5.216 5.247 5.278 5.309 5.340 5.371 5.401 5.430 5.459 5.487 5.513 5.538 5.563 5.586 5.608 5.629 5.650 5.670 5.689 5.707 5.725 5.743 5.760 5.777 5.794 5.809 5.823 5.838 5.852 5.867 5.881 5.895 5.908 5.921 5.933 5.946 5.958 5.969 5.980 5.991 6.002 6.013 6.024 6.034 6.045
4.336 4.372 4.406 4.440 4.473 4.505 4.536 4.566 4.595 4.623 4.650 4.676 4.702 4.728 4.753 4.778 4.803 4.827 4.851 4.875 4.900 4.924 4.948 4.972 4.997 5.022 5.047 5.073 5.100 5.127 5.156 5.185 5.214 5.244 5.274 5.304 5.335 5.366 5.397 5.427 5.457 5.485 5.513 5.539 5.564 5.588 5.612 5.634 5.655 5.676 5.695 5.714 5.733 5.751 5.769 5.786 5.802 5.818 5.833 5.848 5.863 5.877 5.892 5.906 5.919 5.933 5.946 5.958 5.971 5.982 5.994 6.005 6.016 6.027 6.038 6.048 6.059
4.354 4.390 4.424 4.458 4.491 4.522 4.553 4.583 4.612 4.640 4.667 4.692 4.718 4.743 4.768 4.793 4.817 4.841 4.865 4.889 4.912 4.936 4.959 4.983 5.006 5.030 5.055 5.080 5.105 5.131 5.158 5.185 5.213 5.242 5.271 5.300 5.330 5.361 5.392 5.422 5.452 5.482 5.510 5.538 5.564 5.589 5.614 5.637 5.659 5.680 5.701 5.720 5.739 5.758 5.776 5.793 5.811 5.826 5.841 5.857 5.872 5.887 5.902 5.916 5.930 5.944 5.957 5.970 5.983 5.995 6.007 6.018 6.030 6.040 6.051 6.062 6.072
4.372 4.408 4.442 4.476 4.508 4.539 4.570 4.599 4.628 4.656 4.682 4.708 4.734 4.759 4.784 4.808 4.832 4.856 4.879 4.902 4.925 4.948 4.971 4.994 5.017 5.040 5.063 5.087 5.111 5.136 5.161 5.187 5.214 5.242 5.269 5.297 5.326 5.356 5.386 5.416 5.447 5.477 5.506 5.534 5.562 5.588 5.614 5.638 5.661 5.683 5.705 5.725 5.745 5.764 5.782 5.800 5.818 5.834 5.849 5.865 5.880 5.896 5.911 5.925 5.940 5.954 5.967 5.981 5.994 6.006 6.019 6.030 6.042 6.053 6.064 6.075 6.086
4.390 4.425 4.460 4.493 4.525 4.556 4.586 4.616 4.644 4.672 4.698 4.724 4.749 4.774 4.799 4.823 4.847 4.870 4.893 4.916 4.938 4.961 4.983 5.005 5.028 5.050 5.072 5.095 5.118 5.142 5.166 5.191 5.216 5.242 5.267 5.294 5.322 5.351 5.381 5.410 5.440 5.470 5.500 5.529 5.557 5.585 5.611 5.637 5.661 5.685 5.707 5.728 5.749 5.769 5.788 5.806 5.824 5.841 5.856 5.872 5.888 5.904 5.919 5.934 5.949 5.963 5.977 5.991 6.004 6.017 6.030 6.042 6.054 6.065 6.077 6.088 6.098
4.408 4.443 4.477 4.510 4.541 4.572 4.603 4.632 4.660 4.688 4.714 4.739 4.765 4.790 4.814 4.838 4.861 4.884 4.907 4.930 4.952 4.974 4.996 5.017 5.039 5.061 5.082 5.104 5.127 5.149 5.172 5.196 5.220 5.244 5.268 5.293 5.320 5.347 5.375 5.404 5.434 5.463 5.493 5.522 5.551 5.580 5.607 5.634 5.659 5.684 5.707 5.730 5.751 5.772 5.792 5.811 5.830 5.846 5.862 5.879 5.895 5.911 5.927 5.942 5.957 5.971 5.986 6.000 6.013 6.027 6.040 6.052 6.065 6.077 6.088 6.099 6.111
