version1/TsunamiDB/out54191.asc
ncols          264
nrows          230
xllcorner      497853.4375
yllcorner      4229146.0000
cellsize         5.
NODATA_value   -99
[rows 136 to 169 of 230, columns 77 to 153 of 264]
6.720 6.723 6.725 6.728 6.730 6.733 6.736 6.739 6.742 6.744 6.747 6.750 6.753 6.756 6.758 6.761 6.764 6.766 6.769 6.772 6.774 6.777 6.779 6.782 6.785 6.787 6.790 6.792 6.795 6.797 6.800 6.803 6.806 6.809 6.812 6.815 6.819 6.822 6.826 6.830 6.835 6.840 6.845 6.850 6.856 6.862 6.869 6.875 6.882 6.890 6.897 6.905 6.914 6.922 6.931 6.940 6.950 6.959 6.969 6.979 6.989 6.999 7.009 7.018 7.028 7.038 7.047 7.057 7.066 7.076 7.084 7.093 7.101 7.108 7.116 7.123 7.129
6.724 6.727 6.729 6.732 6.734 6.737 6.740 6.743 6.745 6.748 6.751 6.754 6.757 6.760 6.762 6.765 6.768 6.770 6.773 6.776 6.778 6.781 6.783 6.786 6.789 6.791 6.794 6.796 6.799 6.801 6.804 6.807 6.810 6.813 6.816 6.819 6.822 6.826 6.830 6.834 6.838 6.843 6.848 6.853 6.859 6.865 6.871 6.878 6.885 6.892 6.900 6.907 6.916 6.924 6.933 6.942 6.951 6.961 6.971 6.981 6.990 7.000 7.010 7.020 7.030 7.040 7.050 7.059 7.069 7.078 7.087 7.096 7.104 7.112 7.119 7.126 7.133
6.729 6.731 6.733 6.736 6.738 6.741 6.744 6.747 6.749 6.752 6.755 6.758 6.761 6.763 6.766 6.769 6.772 6.774 6.777 6.779 6.782 6.784 6.787 6.790 6.793 6.795 6.798 6.800 6.803 6.805 6.808 6.811 6.814 6.816 6.820 6.823 6.826 6.830 6.833 6.837 6.842 6.846 6.851 6.856 6.861 6.867 6.874 6.880 6.887 6.894 6.902 6.909 6.917 6.926 6.935 6.944 6.953 6.962 6.972 6.982 6.992 7.002 7.012 7.022 7.032 7.042 7.052 7.061 7.071 7.081 7.089 7.098 7.106 7.114 7.122 7.129 7.136
6.733 6.735 6.738 6.740 6.742 6.745 6.748 6.750 6.753 6.756 6.759 6.762 6.764 6.767 6.770 6.773 6.775 6.778 6.781 6.783 6.786 6.788 6.791 6.794 6.797 6.799 6.802 6.804 6.807 6.809 6.812 6.815 6.817 6.820 6.823 6.826 6.830 6.833 6.837 6.841 6.845 6.849 6.854 6.859 6.864 6.870 6.876 6.883 6.889 6.896 6.903 6.911 6.919 6.927 6.936 6.945 6.954 6.963 6.973 6.983 6.993 7.003 7.013 7.023 7.033 7.043 7.053 7.063 7.073 7.082 7.091 7.100 7.108 7.117 7.124 7.132 7.139
6.738 6.740 6.742 6.744 6.747 6.749 6.752 6.754 6.757 6.760 6.763 6.765 6.768 6.771 6.774 6.776 6.779 6.782 6.784 6.787 6.789 6.792 6.795 6.798 6.800 6.803 6.805 6.808 6.810 6.813 6.816 6.818 6.821 6.824 6.827 6.830 6.833 6.837 6.840 6.844 6.848 6.852 6.857 6.861 6.867 6.872 6.878 6.885 6.891 6.898 6.905 6.912 6.920 6.928 6.937 6.946 6.955 6.964 6.974 6.984 6.994 7.004 7.014 7.024 7.034 7.044 7.054 7.064 7.074 7.084 7.093 7.101 7.110 7.118 7.126 7.134 7.141
6.743 6.744 6.746 6.748 6.751 6.753 6.756 6.758 6.761 6.764 6.766 6.769 6.772 6.775 6.777 6.780 6.783 6.785 6.788 6.791 6.793 6.796 6.799 6.802 6.804 6.807 6.809 6.812 6.814 6.817 6.819 6.822 6.825 6.827 6.830 6.833 6.836 6.840 6.843 6.847 6.851 6.855 6.859 6.864 6.869 6.875 6.881 6.887 6.893 6.899 6.906 6.914 6.921 6.930 6.938 6.947 6.956 6.965 6.974 6.984 6.994 7.004 7.014 7.024 7.035 7.045 7.055 7.065 7.075 7.084 7.094 7.103 7.111 7.119 7.127 7.135 7.142
6.748 6.749 6.751 6.753 6.755 6.757 6.760 6.762 6.765 6.767 6.770 6.773 6.775 6.778 6.781 6.784 6.786 6.789 6.792 6.794 6.797 6.799 6.802 6.805 6.808 6.810 6.813 6.815 6.818 6.820 6.823 6.825 6.828 6.831 6.834 6.837 6.840 6.843 6.846 6.850 6.854 6.858 6.862 6.867 6.871 6.877 6.883 6.888 6.895 6.901 6.908 6.915 6.923 6.930 6.939 6.947 6.956 6.965 6.975 6.985 6.994 7.004 7.014 7.025 7.035 7.045 7.055 7.065 7.075 7.085 7.094 7.103 7.112 7.120 7.128 7.136 7.144
6.753 6.754 6.756 6.757 6.759 6.761 6.764 6.766 6.769 6.771 6.774 6.776 6.779 6.782 6.785 6.787 6.790 6.792 6.795 6.798 6.800 6.803 6.806 6.809 6.811 6.814 6.816 6.819 6.821 6.824 6.826 6.829 6.831 6.834 6.837 6.840 6.843 6.846 6.849 6.853 6.857 6.860 6.865 6.869 6.874 6.879 6.885 6.890 6.896 6.902 6.909 6.916 6.924 6.931 6.939 6.948 6.957 6.966 6.975 6.985 6.994 7.004 7.014 7.025 7.035 7.045 7.055 7.065 7.075 7.085 7.094 7.103 7.112 7.121 7.129 7.137 7.144
6.758 6.759 6.760 6.762 6.764 6.766 6.768 6.770 6.772 6.775 6.778 6.780 6.783 6.785 6.788 6.791 6.793 6.796 6.799 6.801 6.804 6.806 6.809 6.812 6.815 6.817 6.820 6.822 6.825 6.827 6.830 6.832 6.835 6.838 6.840 6.843 6.846 6.849 6.852 6.856 6.859 6.863 6.867 6.871 6.876 6.881 6.887 6.892 6.898 6.904 6.910 6.917 6.924 6.932 6.940 6.948 6.957 6.966 6.975 6.985 6.994 7.004 7.014 7.024 7.034 7.045 7.055 7.065 7.075 7.085 7.094 7.103 7.112 7.121 7.129 7.137 7.145
6.763 6.764 6.765 6.766 6.768 6.770 6.772 6.774 6.776 6.779 6.781 6.784 6.786 6.789 6.792 6.794 6.797 6.800 6.802 6.805 6.807 6.810 6.813 6.816 6.818 6.820 6.823 6.825 6.828 6.830 6.833 6.835 6.838 6.841 6.843 6.846 6.849 6.852 6.855 6.859 6.862 6.866 6.870 6.874 6.878 6.883 6.889 6.894 6.899 6.905 6.912 6.918 6.925 6.933 6.940 6.949 6.957 6.966 6.975 6.984 6.994 7.004 7.014 7.024 7.034 7.044 7.054 7.064 7.075 7.085 7.094 7.103 7.112 7.121 7.129 7.137 7.145
6.768 6.769 6.770 6.771 6.773 6.774 6.776 6.778 6.780 6.783 6.785 6.788 6.790 6.793 6.795 6.798 6.800 6.803 6.806 6.808 6.811 6.813 6.816 6.819 6.821 6.824 6.826 6.829 6.831 6.834 6.836 6.839 6.841 6.844 6.847 6.849 6.852 6.855 6.858 6.862 6.865 6.868 6.872 6.876 6.881 6.885 6.890 6.896 6.901 6.907 6.913 6.919 6.926 6.933 6.941 6.949 6.957 6.966 6.975 6.984 6.994 7.003 7.013 7.023 7.033 7.044 7.054 7.064 7.074 7.084 7.094 7.103 7.112 7.120 7.129 7.137 7.145
6.774 6.774 6.775 6.776 6.777 6.779 6.781 6.782 6.784 6.787 6.789 6.791 6.794 6.796 6.799 6.801 6.804 6.806 6.809 6.812 6.814 6.817 6.820 6.822 6.825 6.827 6.830 6.832 6.835 6.837 6.839 6.842 6.845 6.847 6.850 6.853 6.855 6.858 6.861 6.864 6.868 6.871 6.875 6.879 6.883 6.887 6.892 6.897 6.903 6.908 6.914 6.920 6.927 6.934 6.941 6.949 6.957 6.966 6.975 6.984 6.993 7.003 7.013 7.023 7.033 7.043 7.053 7.063 7.073 7.083 7.093 7.102 7.111 7.120 7.128 7.137 7.144
6.779 6.780 6.780 6.781 6.782 6.783 6.785 6.787 6.789 6.791 6.793 6.795 6.798 6.800 6.802 6.805 6.807 6.810 6.812 6.815 6.818 6.820 6.823 6.826 6.828 6.831 6.833 6.835 6.838 6.840 6.843 6.845 6.848 6.850 6.853 6.856 6.858 6.861 6.864 6.867 6.870 6.874 6.877 6.881 6.885 6.890 6.894 6.899 6.904 6.910 6.915 6.921 6.928 6.935 6.942 6.949 6.957 6.966 6.974 6.983 6.993 7.002 7.012 7.022 7.032 7.042 7.052 7.062 7.073 7.083 7.092 7.102 7.111 7.120 7.128 7.136 7.144
6.785 6.785 6.786 6.786 6.787 6.788 6.789 6.791 6.793 6.795 6.797 6.799 6.801 6.804 6.806 6.808 6.811 6.813 6.816 6.818 6.821 6.824 6.826 6.829 6.832 6.834 6.836 6.839 6.841 6.844 6.846 6.849 6.851 6.854 6.856 6.859 6.861 6.864 6.867 6.870 6.873 6.876 6.880 6.884 6.887 6.892 6.896 6.901 6.906 6.911 6.917 6.923 6.929 6.935 6.942 6.950 6.958 6.966 6.974 6.983 6.992 7.002 7.011 7.021 7.031 7.041 7.051 7.062 7.072 7.082 7.092 7.101 7.110 7.119 7.127 7.136 7.143
6.791 6.791 6.791 6.791 6.792 6.793 6.794 6.796 6.797 6.799 6.801 6.803 6.805 6.807 6.810 6.812 6.815 6.817 6.819 6.822 6.824 6.827 6.830 6.832 6.835 6.837 6.840 6.842 6.844 6.847 6.849 6.852 6.854 6.857 6.859 6.862 6.865 6.867 6.870 6.873 6.876 6.879 6.883 6.886 6.890 6.894 6.899 6.903 6.908 6.913 6.918 6.924 6.930 6.936 6.943 6.950 6.958 6.966 6.974 6.983 6.992 7.001 7.011 7.021 7.031 7.041 7.051 7.061 7.071 7.081 7.091 7.100 7.110 7.118 7.127 7.135 7.143
6.797 6.797 6.797 6.797 6.797 6.798 6.799 6.800 6.802 6.803 6.805 6.807 6.809 6.811 6.813 6.816 6.818 6.820 6.823 6.825 6.828 6.830 6.833 6.836 6.838 6.841 6.843 6.845 6.848 6.850 6.853 6.855 6.858 6.860 6.863 6.865 6.868 6.870 6.873 6.876 6.879 6.882 6.885 6.889 6.892 6.897 6.901 6.905 6.910 6.915 6.920 6.925 6.931 6.937 6.944 6.951 6.959 6.966 6.974 6.983 6.992 7.001 7.010 7.020 7.030 7.040 7.050 7.060 7.070 7.081 7.090 7.100 7.109 7.118 7.127 7.135 7.143
6.803 6.802 6.802 6.802 6.803 6.803 6.804 6.805 6.806 6.808 6.809 6.811 6.813 6.815 6.817 6.819 6.822 6.824 6.826 6.829 6.831 6.834 6.837 6.839 6.842 6.844 6.847 6.849 6.851 6.854 6.856 6.859 6.861 6.863 6.866 6.868 6.871 6.874 6.876 6.879 6.882 6.885 6.888 6.892 6.895 6.899 6.903 6.908 6.912 6.917 6.922 6.927 6.933 6.939 6.945 6.952 6.959 6.967 6.975 6.983 6.992 7.001 7.010 7.020 7.029 7.039 7.049 7.060 7.070 7.080 7.090 7.099 7.109 7.118 7.126 7.135 7.143
6.809 6.808 6.808 6.808 6.808 6.808 6.809 6.810 6.811 6.812 6.814 6.815 6.817 6.819 6.821 6.823 6.825 6.828 6.830 6.832 6.835 6.837 6.840 6.843 6.845 6.848 6.850 6.852 6.855 6.857 6.860 6.862 6.864 6.867 6.869 6.872 6.874 6.877 6.880 6.882 6.885 6.888 6.891 6.895 6.898 6.902 6.906 6.910 6.914 6.919 6.924 6.929 6.934 6.940 6.946 6.953 6.960 6.968 6.975 6.984 6.992 7.001 7.010 7.020 7.029 7.039 7.049 7.059 7.070 7.080 7.089 7.099 7.108 7.117 7.126 7.135 7.143
6.815 6.814 6.814 6.814 6.813 6.814 6.814 6.815 6.816 6.817 6.818 6.820 6.821 6.823 6.825 6.827 6.829 6.831 6.834 6.836 6.838 6.841 6.844 6.846 6.849 6.851 6.854 6.856 6.858 6.861 6.863 6.866 6.868 6.870 6.873 6.875 6.878 6.880 6.883 6.886 6.889 6.891 6.894 6.898 6.901 6.905 6.909 6.913 6.917 6.921 6.926 6.931 6.936 6.942 6.948 6.954 6.961 6.969 6.976 6.984 6.992 7.001 7.010 7.020 7.029 7.039 7.049 7.059 7.069 7.079 7.089 7.099 7.108 7.117 7.126 7.135 7.143
6.821 6.820 6.820 6.819 6.819 6.819 6.819 6.820 6.821 6.821 6.823 6.824 6.826 6.827 6.829 6.831 6.833 6.835 6.838 6.840 6.842 6.845 6.848 6.850 6.852 6.855 6.857 6.860 6.862 6.864 6.867 6.869 6.872 6.874 6.876 6.879 6.881 6.884 6.887 6.889 6.892 6.895 6.898 6.901 6.904 6.908 6.912 6.916 6.920 6.924 6.928 6.933 6.938 6.944 6.950 6.956 6.963 6.970 6.977 6.985 6.993 7.002 7.011 7.020 7.029 7.039 7.049 7.059 7.069 7.079 7.089 7.099 7.108 7.117 7.126 7.135 7.143
6.827 6.826 6.826 6.825 6.825 6.825 6.825 6.825 6.826 6.826 6.827 6.829 6.830 6.832 6.833 6.835 6.837 6.839 6.841 6.844 6.846 6.849 6.851 6.854 6.856 6.858 6.861 6.863 6.866 6.868 6.870 6.873 6.875 6.878 6.880 6.883 6.885 6.888 6.890 6.893 6.896 6.898 6.901 6.904 6.908 6.911 6.915 6.919 6.922 6.927 6.931 6.936 6.941 6.946 6.952 6.958 6.964 6.971 6.978 6.986 6.994 7.003 7.011 7.020 7.030 7.039 7.049 7.059 7.070 7.079 7.089 7.099 7.109 7.118 7.127 7.135 7.144
6.832 6.832 6.831 6.831 6.831 6.830 6.830 6.830 6.831 6.831 6.832 6.833 6.835 6.836 6.838 6.839 6.841 6.843 6.845 6.847 6.850 6.852 6.855 6.857 6.860 6.862 6.865 6.867 6.869 6.872 6.874 6.877 6.879 6.882 6.884 6.886 6.889 6.892 6.894 6.897 6.899 6.902 6.905 6.908 6.911 6.915 6.918 6.922 6.926 6.930 6.934 6.938 6.943 6.948 6.954 6.960 6.966 6.973 6.980 6.987 6.995 7.004 7.012 7.021 7.030 7.040 7.050 7.060 7.070 7.080 7.090 7.100 7.109 7.118 7.128 7.136 7.145
6.838 6.838 6.837 6.837 6.836 6.836 6.836 6.836 6.836 6.837 6.837 6.838 6.839 6.841 6.842 6.844 6.845 6.847 6.849 6.851 6.854 6.856 6.859 6.861 6.864 6.866 6.868 6.871 6.873 6.876 6.878 6.880 6.883 6.885 6.888 6.890 6.893 6.895 6.898 6.901 6.903 6.906 6.909 6.912 6.915 6.918 6.922 6.925 6.929 6.933 6.937 6.941 6.946 6.951 6.957 6.962 6.968 6.975 6.982 6.989 6.997 7.005 7.013 7.022 7.031 7.041 7.050 7.060 7.071 7.081 7.090 7.100 7.110 7.119 7.129 7.137 7.146
6.844 6.843 6.843 6.843 6.842 6.842 6.842 6.842 6.842 6.842 6.842 6.843 6.844 6.845 6.847 6.848 6.850 6.852 6.853 6.856 6.858 6.860 6.863 6.865 6.868 6.870 6.872 6.875 6.877 6.880 6.882 6.884 6.887 6.889 6.892 6.894 6.897 6.899 6.902 6.905 6.907 6.910 6.913 6.916 6.919 6.922 6.925 6.929 6.932 6.936 6.940 6.945 6.949 6.954 6.959 6.965 6.971 6.977 6.984 6.991 6.999 7.007 7.015 7.023 7.032 7.042 7.051 7.061 7.072 7.081 7.091 7.101 7.111 7.121 7.130 7.139 7.147
6.849 6.849 6.849 6.848 6.848 6.848 6.847 6.847 6.847 6.847 6.848 6.848 6.849 6.850 6.851 6.853 6.854 6.856 6.858 6.860 6.862 6.864 6.867 6.869 6.871 6.874 6.876 6.879 6.881 6.883 6.886 6.888 6.891 6.893 6.896 6.898 6.901 6.903 6.906 6.909 6.911 6.914 6.917 6.920 6.923 6.926 6.929 6.933 6.936 6.940 6.944 6.948 6.952 6.957 6.962 6.968 6.974 6.980 6.986 6.993 7.001 7.008 7.017 7.025 7.034 7.043 7.053 7.063 7.073 7.083 7.093 7.103 7.112 7.122 7.131 7.140 7.149
6.855 6.855 6.854 6.854 6.854 6.853 6.853 6.853 6.853 6.853 6.853 6.853 6.854 6.855 6.856 6.857 6.859 6.860 6.862 6.864 6.866 6.868 6.871 6.873 6.875 6.878 6.880 6.883 6.885 6.887 6.890 6.892 6.895 6.897 6.900 6.903 6.905 6.908 6.910 6.913 6.915 6.918 6.921 6.924 6.927 6.930 6.933 6.937 6.940 6.944 6.947 6.952 6.956 6.961 6.966 6.971 6.977 6.983 6.989 6.996 7.003 7.011 7.019 7.027 7.036 7.045 7.054 7.064 7.074 7.084 7.094 7.104 7.114 7.124 7.133 7.142 7.151
6.860 6.860 6.860 6.860 6.859 6.859 6.859 6.858 6.858 6.858 6.858 6.859 6.859 6.860 6.861 6.862 6.863 6.865 6.866 6.868 6.870 6.873 6.875 6.877 6.879 6.882 6.884 6.886 6.889 6.891 6.894 6.896 6.899 6.902 6.904 6.907 6.909 6.912 6.914 6.917 6.920 6.922 6.925 6.928 6.931 6.934 6.937 6.941 6.944 6.948 6.951 6.955 6.960 6.964 6.969 6.974 6.980 6.986 6.992 6.999 7.006 7.013 7.021 7.029 7.038 7.047 7.056 7.066 7.076 7.086 7.096 7.106 7.116 7.125 7.135 7.144 7.153
6.865 6.865 6.865 6.865 6.865 6.865 6.864 6.864 6.864 6.864 6.864 6.864 6.864 6.865 6.866 6.867 6.868 6.869 6.871 6.872 6.874 6.877 6.879 6.881 6.883 6.886 6.888 6.890 6.893 6.895 6.898 6.900 6.903 6.906 6.908 6.911 6.913 6.916 6.919 6.921 6.924 6.927 6.929 6.932 6.935 6.939 6.942 6.945 6.948 6.952 6.955 6.959 6.963 6.968 6.973 6.978 6.983 6.989 6.995 7.001 7.008 7.016 7.023 7.031 7.040 7.049 7.058 7.068 7.078 7.088 7.098 7.108 7.118 7.127 7.137 7.147 7.156
6.869 6.870 6.870 6.870 6.870 6.870 6.870 6.870 6.869 6.869 6.869 6.869 6.869 6.870 6.870 6.871 6.872 6.874 6.875 6.877 6.879 6.881 6.883 6.885 6.887 6.890 6.892 6.894 6.897 6.899 6.902 6.904 6.907 6.910 6.912 6.915 6.917 6.920 6.923 6.925 6.928 6.931 6.934 6.936 6.940 6.943 6.946 6.949 6.952 6.956 6.959 6.963 6.967 6.972 6.976 6.981 6.986 6.992 6.998 7.004 7.011 7.018 7.026 7.034 7.042 7.051 7.060 7.070 7.080 7.090 7.100 7.110 7.120 7.130 7.139 7.149 7.158
6.874 6.875 6.875 6.875 6.875 6.875 6.875 6.875 6.875 6.874 6.874 6.874 6.875 6.875 6.875 6.876 6.877 6.878 6.879 6.881 6.883 6.885 6.887 6.889 6.891 6.894 6.896 6.898 6.901 6.903 6.906 6.908 6.911 6.914 6.916 6.919 6.922 6.924 6.927 6.930 6.932 6.935 6.938 6.941 6.944 6.947 6.950 6.953 6.956 6.960 6.963 6.967 6.971 6.975 6.980 6.985 6.990 6.995 7.001 7.008 7.014 7.021 7.029 7.037 7.045 7.053 7.063 7.072 7.082 7.092 7.102 7.112 7.122 7.132 7.142 7.152 7.161
6.878 6.879 6.880 6.880 6.880 6.881 6.880 6.880 6.880 6.880 6.880 6.880 6.880 6.880 6.880 6.881 6.882 6.883 6.884 6.885 6.887 6.889 6.891 6.893 6.895 6.897 6.900 6.902 6.905 6.907 6.910 6.912 6.915 6.917 6.920 6.923 6.926 6.928 6.931 6.934 6.936 6.939 6.942 6.945 6.948 6.951 6.954 6.957 6.960 6.964 6.967 6.971 6.975 6.979 6.984 6.988 6.994 6.999 7.005 7.011 7.017 7.024 7.032 7.039 7.047 7.056 7.065 7.074 7.084 7.094 7.104 7.114 7.124 7.134 7.144 7.154 7.164
6.882 6.883 6.884 6.885 6.885 6.885 6.885 6.885 6.885 6.885 6.885 6.885 6.885 6.885 6.885 6.886 6.886 6.887 6.888 6.890 6.891 6.893 6.895 6.897 6.899 6.901 6.904 6.906 6.908 6.911 6.913 6.916 6.919 6.921 6.924 6.927 6.929 6.932 6.935 6.938 6.940 6.943 6.946 6.949 6.952 6.955 6.958 6.961 6.964 6.968 6.971 6.975 6.979 6.983 6.987 6.992 6.997 7.002 7.008 7.014 7.020 7.027 7.034 7.042 7.050 7.058 7.067 7.077 7.086 7.096 7.106 7.116 7.126 7.137 7.147 7.157 7.166
6.886 6.887 6.888 6.889 6.890 6.890 6.890 6.890 6.890 6.890 6.890 6.890 6.890 6.890 6.890 6.890 6.891 6.892 6.893 6.894 6.895 6.897 6.899 6.901 6.903 6.905 6.907 6.910 6.912 6.914 6.917 6.920 6.922 6.925 6.928 6.930 6.933 6.936 6.939 6.942 6.944 6.947 6.950 6.953 6.956 6.959 6.962 6.965 6.968 6.972 6.975 6.979 6.983 6.987 6.991 6.996 7.001 7.006 7.011 7.017 7.024 7.030 7.037 7.045 7.053 7.061 7.070 7.079 7.089 7.098 7.108 7.118 7.128 7.139 7.149 7.159 7.169
6.889 6.891 6.892 6.893 6.894 6.895 6.895 6.895 6.895 6.895 6.895 6.895 6.895 6.895 6.895 6.895 6.896 6.896 6.897 6.898 6.899 6.901 6.903 6.905 6.907 6.909 6.911 6.913 6.916 6.918 6.921 6.923 6.926 6.929 6.931 6.934 6.937 6.940 6.942 6.945 6.948 6.951 6.954 6.957 6.960 6.963 6.966 6.969 6.972 6.976 6.979 6.983 6.986 6.990 6.995 6.999 7.004 7.009 7.015 7.020 7.027 7.033 7.040 7.047 7.055 7.063 7.072 7.081 7.091 7.100 7.110 7.120 7.131 7.141 7.151 7.161 7.172
