version1/TsunamiDB/out54030.asc
ncols          264
nrows          230
xllcorner      497853.4375
yllcorner      4229146.0000
cellsize         5.
NODATA_value   -99
[rows 192 to 223 of 230, columns 144 to 215 of 264]
6.057 6.095 6.131 6.166 6.200 6.233 6.264 6.295 6.325 6.356 6.389 6.426 6.469 6.518 6.573 6.632 6.697 6.767 6.838 6.909 6.983 7.059 7.135 7.215 7.295 7.377 7.461 7.539 7.613 7.687 7.764 7.844 7.909 7.926 7.948 8.006 8.051 8.075 8.088 8.095 8.099 8.107 8.108 8.067 8.041 8.067 8.093 8.115 8.133 8.149 8.160 8.166 8.163 8.134 8.109 8.103 8.091 8.074 8.046 8.009 7.963 7.907 7.842 7.753 7.662 7.585 7.510 7.440 7.374 7.317 7.269 7.233
6.042 6.082 6.120 6.157 6.194 6.228 6.261 6.293 6.323 6.354 6.385 6.421 6.462 6.510 6.564 6.623 6.690 6.761 6.835 6.912 6.989 7.065 7.141 7.220 7.300 7.384 7.469 7.548 7.623 7.698 7.779 7.866 7.940 7.962 7.985 8.041 8.079 8.096 8.101 8.101 8.102 8.108 8.112 8.072 8.048 8.076 8.102 8.125 8.142 8.157 8.167 8.170 8.164 8.134 8.106 8.097 8.083 8.062 8.032 7.992 7.943 7.884 7.815 7.722 7.627 7.549 7.474 7.404 7.341 7.287 7.245 7.214
6.030 6.071 6.112 6.151 6.189 6.225 6.260 6.293 6.324 6.355 6.387 6.422 6.462 6.510 6.564 6.622 6.689 6.762 6.839 6.918 6.997 7.074 7.148 7.226 7.306 7.391 7.479 7.561 7.637 7.716 7.800 7.891 7.974 8.001 8.025 8.076 8.108 8.119 8.116 8.111 8.107 8.111 8.116 8.079 8.056 8.085 8.111 8.132 8.149 8.163 8.172 8.173 8.164 8.131 8.101 8.088 8.072 8.048 8.015 7.972 7.920 7.857 7.784 7.688 7.591 7.511 7.437 7.370 7.310 7.261 7.224 7.199
6.021 6.064 6.106 6.148 6.188 6.226 6.262 6.296 6.329 6.361 6.393 6.428 6.468 6.517 6.570 6.628 6.696 6.770 6.849 6.931 7.011 7.087 7.160 7.235 7.314 7.403 7.494 7.578 7.659 7.742 7.827 7.925 8.021 8.049 8.069 8.115 8.140 8.143 8.134 8.123 8.113 8.116 8.126 8.090 8.068 8.096 8.122 8.141 8.156 8.170 8.176 8.175 8.162 8.126 8.093 8.078 8.059 8.032 7.995 7.950 7.894 7.828 7.752 7.653 7.553 7.473 7.402 7.338 7.284 7.240 7.208 7.189
6.015 6.060 6.104 6.148 6.189 6.229 6.267 6.303 6.337 6.370 6.403 6.437 6.479 6.531 6.585 6.643 6.712 6.786 6.867 6.950 7.030 7.106 7.178 7.252 7.329 7.422 7.517 7.605 7.693 7.779 7.868 7.984 8.082 8.101 8.114 8.154 8.171 8.167 8.153 8.136 8.123 8.131 8.144 8.105 8.081 8.109 8.132 8.150 8.163 8.174 8.179 8.172 8.154 8.117 8.083 8.065 8.042 8.012 7.973 7.924 7.865 7.796 7.716 7.614 7.514 7.436 7.367 7.309 7.261 7.223 7.196 7.186
6.012 6.059 6.105 6.150 6.194 6.235 6.275 6.312 6.348 6.382 6.416 6.454 6.499 6.552 6.607 6.666 6.735 6.810 6.890 6.972 7.053 7.133 7.209 7.280 7.357 7.454 7.554 7.649 7.742 7.837 7.941 8.055 8.136 8.150 8.159 8.190 8.200 8.192 8.173 8.155 8.145 8.153 8.159 8.119 8.096 8.120 8.141 8.156 8.167 8.175 8.175 8.164 8.146 8.107 8.070 8.049 8.024 7.991 7.948 7.896 7.833 7.760 7.677 7.574 7.474 7.399 7.335 7.283 7.242 7.211 7.194 7.190
6.012 6.060 6.108 6.156 6.201 6.245 6.286 6.326 6.363 6.399 6.436 6.476 6.523 6.578 6.634 6.695 6.764 6.839 6.918 7.000 7.086 7.172 7.252 7.320 7.397 7.501 7.608 7.710 7.810 7.915 8.021 8.119 8.187 8.196 8.200 8.223 8.229 8.217 8.196 8.180 8.171 8.174 8.174 8.133 8.108 8.129 8.147 8.160 8.168 8.172 8.168 8.155 8.135 8.095 8.055 8.032 8.004 7.967 7.921 7.865 7.798 7.721 7.637 7.534 7.435 7.364 7.307 7.262 7.228 7.207 7.197 7.196
6.016 6.065 6.114 6.163 6.211 6.257 6.301 6.342 6.382 6.421 6.460 6.502 6.551 6.608 6.666 6.727 6.797 6.872 6.952 7.037 7.130 7.223 7.307 7.375 7.453 7.565 7.676 7.783 7.891 7.996 8.095 8.180 8.236 8.239 8.239 8.256 8.257 8.242 8.223 8.206 8.196 8.194 8.188 8.146 8.120 8.137 8.152 8.162 8.167 8.166 8.158 8.144 8.123 8.081 8.039 8.013 7.981 7.941 7.891 7.830 7.759 7.681 7.595 7.492 7.397 7.332 7.283 7.246 7.220 7.206 7.202 7.204
6.022 6.072 6.123 6.174 6.224 6.272 6.318 6.363 6.405 6.446 6.487 6.531 6.582 6.641 6.701 6.764 6.835 6.912 6.994 7.084 7.184 7.285 7.375 7.443 7.524 7.640 7.755 7.867 7.974 8.075 8.166 8.238 8.283 8.283 8.277 8.288 8.285 8.271 8.251 8.233 8.220 8.212 8.202 8.159 8.130 8.143 8.154 8.161 8.162 8.158 8.148 8.132 8.109 8.065 8.021 7.991 7.956 7.912 7.857 7.792 7.718 7.638 7.553 7.453 7.362 7.305 7.263 7.234 7.216 7.208 7.208 7.212
6.033 6.083 6.135 6.188 6.240 6.291 6.339 6.386 6.432 6.475 6.518 6.563 6.615 6.677 6.739 6.803 6.877 6.958 7.043 7.139 7.246 7.356 7.455 7.522 7.604 7.724 7.842 7.954 8.056 8.151 8.232 8.294 8.331 8.325 8.314 8.320 8.314 8.299 8.278 8.258 8.242 8.229 8.214 8.169 8.139 8.146 8.153 8.157 8.155 8.149 8.136 8.118 8.093 8.047 8.000 7.968 7.929 7.880 7.821 7.752 7.675 7.594 7.512 7.416 7.331 7.281 7.248 7.227 7.216 7.213 7.216 7.221
6.049 6.098 6.151 6.205 6.259 6.312 6.363 6.413 6.461 6.507 6.551 6.597 6.651 6.715 6.780 6.847 6.925 7.009 7.099 7.201 7.316 7.436 7.542 7.609 7.691 7.816 7.933 8.040 8.137 8.224 8.296 8.349 8.376 8.366 8.351 8.352 8.344 8.327 8.304 8.281 8.261 8.244 8.225 8.178 8.145 8.148 8.151 8.151 8.147 8.137 8.123 8.103 8.076 8.027 7.978 7.941 7.897 7.845 7.781 7.708 7.630 7.551 7.473 7.382 7.304 7.263 7.237 7.223 7.217 7.219 7.224 7.231
6.070 6.118 6.170 6.225 6.281 6.336 6.390 6.443 6.493 6.541 6.587 6.634 6.690 6.757 6.825 6.896 6.978 7.067 7.162 7.271 7.395 7.522 7.633 7.700 7.783 7.907 8.018 8.120 8.210 8.289 8.354 8.397 8.417 8.402 8.383 8.380 8.369 8.351 8.326 8.300 8.277 8.255 8.232 8.184 8.148 8.146 8.145 8.142 8.135 8.124 8.108 8.085 8.055 8.003 7.951 7.910 7.862 7.805 7.738 7.663 7.585 7.508 7.436 7.351 7.281 7.248 7.229 7.221 7.219 7.224 7.231 7.237
6.097 6.143 6.194 6.249 6.306 6.363 6.420 6.475 6.527 6.577 6.625 6.675 6.733 6.803 6.874 6.948 7.034 7.128 7.229 7.344 7.472 7.602 7.720 7.789 7.870 7.989 8.096 8.193 8.276 8.349 8.407 8.444 8.458 8.439 8.416 8.409 8.395 8.375 8.347 8.319 8.292 8.266 8.239 8.189 8.150 8.143 8.139 8.133 8.122 8.109 8.091 8.066 8.032 7.977 7.921 7.875 7.824 7.764 7.693 7.617 7.540 7.467 7.402 7.325 7.262 7.237 7.224 7.220 7.222 7.229 7.238 7.244
6.130 6.173 6.223 6.278 6.335 6.394 6.453 6.509 6.564 6.616 6.667 6.718 6.777 6.850 6.926 7.003 7.093 7.192 7.298 7.418 7.550 7.688 7.815 7.882 7.957 8.074 8.177 8.268 8.346 8.413 8.465 8.496 8.503 8.478 8.452 8.441 8.424 8.401 8.371 8.339 8.308 8.277 8.246 8.193 8.151 8.140 8.132 8.122 8.109 8.094 8.074 8.046 8.007 7.948 7.888 7.838 7.783 7.720 7.648 7.573 7.498 7.431 7.375 7.306 7.250 7.231 7.223 7.223 7.227 7.236 7.246 7.252
6.170 6.210 6.257 6.311 6.368 6.428 6.488 6.546 6.603 6.657 6.709 6.761 6.824 6.902 6.980 7.062 7.156 7.259 7.373 7.498 7.634 7.787 7.915 7.973 8.043 8.157 8.255 8.341 8.414 8.475 8.522 8.543 8.543 8.516 8.486 8.472 8.452 8.426 8.392 8.356 8.321 8.286 8.250 8.194 8.150 8.135 8.122 8.109 8.094 8.076 8.054 8.021 7.977 7.916 7.852 7.798 7.739 7.674 7.603 7.530 7.459 7.402 7.355 7.292 7.243 7.230 7.225 7.227 7.233 7.243 7.253 7.256
6.216 6.253 6.297 6.348 6.405 6.464 6.526 6.586 6.644 6.698 6.752 6.809 6.878 6.959 7.041 7.127 7.227 7.336 7.455 7.587 7.735 7.885 8.002 8.056 8.124 8.233 8.328 8.411 8.479 8.534 8.572 8.587 8.585 8.554 8.520 8.502 8.479 8.450 8.412 8.372 8.332 8.292 8.251 8.193 8.146 8.127 8.111 8.095 8.076 8.055 8.029 7.991 7.945 7.880 7.812 7.755 7.694 7.630 7.560 7.491 7.430 7.380 7.338 7.282 7.239 7.230 7.228 7.232 7.239 7.248 7.256 7.257
6.267 6.301 6.342 6.391 6.445 6.504 6.566 6.627 6.685 6.742 6.801 6.865 6.938 7.022 7.108 7.200 7.306 7.420 7.544 7.683 7.831 7.970 8.080 8.131 8.197 8.303 8.397 8.476 8.539 8.588 8.619 8.630 8.626 8.591 8.553 8.532 8.505 8.472 8.430 8.385 8.340 8.295 8.250 8.189 8.139 8.116 8.097 8.078 8.056 8.031 7.999 7.959 7.910 7.842 7.770 7.711 7.650 7.586 7.521 7.459 7.406 7.363 7.327 7.276 7.238 7.232 7.232 7.237 7.244 7.252 7.257 7.257
6.322 6.353 6.392 6.438 6.489 6.547 6.608 6.670 6.730 6.792 6.857 6.927 7.005 7.092 7.181 7.281 7.391 7.507 7.636 7.774 7.915 8.045 8.151 8.201 8.265 8.370 8.462 8.537 8.596 8.639 8.665 8.674 8.666 8.627 8.586 8.561 8.530 8.492 8.445 8.395 8.344 8.295 8.247 8.183 8.129 8.103 8.080 8.058 8.032 8.002 7.967 7.924 7.872 7.800 7.726 7.667 7.607 7.546 7.487 7.433 7.387 7.350 7.318 7.272 7.239 7.235 7.237 7.242 7.247 7.253 7.256 7.257
6.378 6.408 6.445 6.488 6.538 6.593 6.654 6.717 6.782 6.849 6.920 6.996 7.078 7.168 7.262 7.366 7.479 7.599 7.725 7.855 7.988 8.112 8.217 8.267 8.329 8.433 8.522 8.595 8.650 8.689 8.711 8.716 8.704 8.662 8.617 8.588 8.552 8.509 8.457 8.402 8.347 8.293 8.240 8.174 8.117 8.087 8.060 8.034 8.004 7.970 7.931 7.885 7.832 7.758 7.683 7.624 7.567 7.511 7.458 7.411 7.372 7.340 7.313 7.272 7.241 7.239 7.241 7.246 7.249 7.253 7.256 7.256
6.435 6.464 6.500 6.542 6.590 6.643 6.704 6.771 6.841 6.913 6.991 7.072 7.159 7.249 7.346 7.453 7.569 7.687 7.805 7.927 8.052 8.174 8.279 8.330 8.390 8.492 8.581 8.651 8.701 8.737 8.756 8.757 8.742 8.695 8.646 8.612 8.571 8.523 8.467 8.407 8.346 8.287 8.231 8.161 8.102 8.068 8.037 8.006 7.972 7.935 7.892 7.844 7.790 7.715 7.640 7.583 7.530 7.480 7.433 7.393 7.361 7.334 7.310 7.272 7.245 7.242 7.245 7.248 7.251 7.254 7.255 7.254
6.489 6.519 6.555 6.598 6.645 6.698 6.761 6.832 6.905 6.984 7.068 7.154 7.242 7.332 7.428 7.539 7.655 7.767 7.878 7.992 8.111 8.232 8.340 8.391 8.450 8.553 8.639 8.704 8.752 8.784 8.799 8.796 8.776 8.725 8.673 8.633 8.586 8.533 8.473 8.407 8.342 8.279 8.218 8.145 8.082 8.044 8.010 7.975 7.938 7.896 7.851 7.802 7.747 7.672 7.598 7.545 7.497 7.453 7.413 7.379 7.352 7.330 7.309 7.274 7.249 7.247 7.248 7.250 7.252 7.253 7.254 7.252
6.542 6.574 6.611 6.656 6.704 6.758 6.824 6.897 6.976 7.062 7.150 7.238 7.326 7.413 7.509 7.620 7.733 7.841 7.946 8.053 8.168 8.290 8.401 8.453 8.511 8.612 8.693 8.754 8.797 8.825 8.837 8.830 8.805 8.751 8.694 8.648 8.597 8.540 8.474 8.403 8.334 8.266 8.200 8.124 8.058 8.016 7.977 7.940 7.898 7.854 7.808 7.758 7.704 7.630 7.558 7.510 7.466 7.428 7.394 7.367 7.345 7.326 7.307 7.276 7.252 7.249 7.249 7.251 7.252 7.252 7.252 7.250
6.593 6.627 6.667 6.715 6.766 6.822 6.890 6.966 7.049 7.139 7.231 7.321 7.408 7.492 7.585 7.695 7.807 7.913 8.013 8.115 8.226 8.345 8.460 8.513 8.570 8.667 8.743 8.800 8.838 8.863 8.872 8.861 8.831 8.773 8.711 8.661 8.605 8.542 8.471 8.396 8.322 8.249 8.179 8.099 8.029 7.983 7.942 7.901 7.857 7.811 7.763 7.713 7.661 7.589 7.521 7.477 7.440 7.407 7.379 7.357 7.339 7.324 7.308 7.278 7.255 7.252 7.252 7.252 7.251 7.251 7.250 7.247
6.641 6.678 6.721 6.774 6.829 6.886 6.957 7.036 7.124 7.219 7.313 7.405 7.492 7.571 7.659 7.769 7.880 7.983 8.080 8.179 8.283 8.404 8.528 8.580 8.632 8.723 8.794 8.845 8.879 8.900 8.905 8.890 8.854 8.791 8.725 8.670 8.610 8.542 8.466 8.386 8.307 8.229 8.154 8.070 7.997 7.948 7.903 7.859 7.813 7.766 7.718 7.670 7.621 7.552 7.487 7.449 7.418 7.391 7.368 7.351 7.337 7.324 7.309 7.281 7.259 7.256 7.254 7.254 7.252 7.250 7.248 7.243
6.686 6.725 6.773 6.832 6.891 6.952 7.026 7.109 7.202 7.299 7.397 7.491 7.576 7.649 7.732 7.842 7.951 8.054 8.151 8.246 8.347 8.481 8.607 8.648 8.693 8.778 8.841 8.886 8.916 8.933 8.934 8.912 8.869 8.804 8.735 8.676 8.610 8.537 8.456 8.371 8.287 8.204 8.124 8.036 7.960 7.908 7.861 7.815 7.768 7.721 7.674 7.629 7.584 7.518 7.458 7.426 7.399 7.377 7.360 7.346 7.336 7.324 7.310 7.284 7.262 7.259 7.257 7.254 7.252 7.249 7.245 7.239
6.728 6.772 6.827 6.892 6.955 7.021 7.098 7.185 7.279 7.379 7.479 7.575 7.660 7.728 7.807 7.916 8.026 8.130 8.228 8.326 8.438 8.567 8.674 8.710 8.751 8.827 8.883 8.922 8.947 8.959 8.953 8.925 8.880 8.813 8.740 8.676 8.606 8.528 8.441 8.351 8.260 8.172 8.088 7.998 7.919 7.864 7.816 7.769 7.723 7.677 7.633 7.591 7.549 7.487 7.432 7.405 7.383 7.367 7.353 7.343 7.334 7.324 7.312 7.287 7.266 7.261 7.258 7.255 7.250 7.246 7.241 7.233
6.771 6.822 6.881 6.951 7.019 7.088 7.170 7.259 7.354 7.455 7.559 7.658 7.744 7.807 7.882 7.995 8.108 8.213 8.314 8.420 8.532 8.646 8.737 8.767 8.803 8.869 8.919 8.953 8.972 8.977 8.965 8.934 8.888 8.818 8.741 8.673 8.598 8.514 8.421 8.323 8.226 8.133 8.047 7.955 7.874 7.818 7.769 7.723 7.678 7.635 7.595 7.556 7.517 7.459 7.409 7.386 7.370 7.358 7.348 7.340 7.333 7.324 7.313 7.289 7.268 7.263 7.259 7.254 7.248 7.242 7.234 7.225
6.816 6.871 6.934 7.008 7.081 7.155 7.239 7.329 7.425 7.528 7.636 7.739 7.829 7.889 7.964 8.080 8.195 8.302 8.409 8.515 8.620 8.718 8.795 8.820 8.849 8.907 8.949 8.977 8.991 8.990 8.973 8.940 8.891 8.817 8.736 8.664 8.583 8.492 8.392 8.288 8.185 8.090 8.001 7.908 7.826 7.771 7.722 7.678 7.635 7.595 7.559 7.524 7.488 7.435 7.389 7.371 7.359 7.351 7.343 7.337 7.331 7.324 7.314 7.290 7.270 7.264 7.258 7.252 7.245 7.236 7.226 7.216
6.860 6.919 6.987 7.065 7.142 7.219 7.305 7.397 7.494 7.598 7.710 7.819 7.915 7.976 8.051 8.170 8.286 8.398 8.503 8.605 8.701 8.785 8.849 8.868 8.891 8.939 8.974 8.997 9.004 8.998 8.977 8.940 8.889 8.812 8.726 8.648 8.560 8.463 8.355 8.245 8.138 8.040 7.951 7.858 7.776 7.723 7.676 7.634 7.595 7.558 7.526 7.494 7.463 7.414 7.373 7.359 7.350 7.344 7.339 7.335 7.330 7.323 7.314 7.291 7.270 7.263 7.256 7.248 7.239 7.228 7.217 7.204
6.904 6.967 7.038 7.118 7.199 7.279 7.368 7.462 7.558 7.664 7.780 7.899 8.005 8.066 8.141 8.263 8.382 8.493 8.594 8.690 8.776 8.847 8.899 8.912 8.929 8.967 8.995 9.011 9.013 9.003 8.977 8.937 8.882 8.800 8.709 8.624 8.529 8.424 8.309 8.194 8.084 7.985 7.898 7.806 7.726 7.675 7.632 7.593 7.557 7.525 7.495 7.468 7.440 7.396 7.359 7.348 7.342 7.339 7.335 7.332 7.328 7.322 7.313 7.290 7.269 7.261 7.252 7.242 7.231 7.218 7.205 7.191
6.947 7.013 7.085 7.168 7.251 7.336 7.428 7.522 7.620 7.729 7.851 7.980 8.095 8.159 8.235 8.362 8.479 8.585 8.681 8.769 8.846 8.905 8.945 8.952 8.962 8.991 9.011 9.022 9.019 9.003 8.973 8.929 8.869 8.782 8.684 8.591 8.488 8.374 8.254 8.135 8.024 7.927 7.843 7.753 7.677 7.629 7.590 7.555 7.522 7.494 7.468 7.445 7.421 7.380 7.347 7.340 7.336 7.334 7.332 7.330 7.327 7.321 7.311 7.287 7.266 7.256 7.246 7.234 7.221 7.206 7.191 7.176
6.989 7.056 7.130 7.215 7.300 7.388 7.484 7.582 7.682 7.795 7.925 8.063 8.188 8.253 8.331 8.458 8.570 8.670 8.759 8.839 8.907 8.955 8.985 8.986 8.989 9.009 9.022 9.028 9.020 8.999 8.964 8.915 8.849 8.755 8.649 8.547 8.434 8.314 8.189 8.068 7.959 7.866 7.786 7.700 7.628 7.585 7.549 7.518 7.490 7.465 7.443 7.423 7.404 7.367 7.337 7.332 7.329 7.329 7.328 7.326 7.323 7.317 7.306 7.282 7.260 7.248 7.236 7.223 7.207 7.191 7.174 7.157
