version1/TsunamiDB/out54035.asc
ncols          264
nrows          230
xllcorner      497853.4375
yllcorner      4229146.0000
cellsize         5.
NODATA_value   -99
[rows 64 to 95 of 230, columns 144 to 215 of 264]
4.040 4.111 4.174 4.231 4.284 4.334 4.380 4.424 4.466 4.507 4.547 4.586 4.624 4.661 4.698 4.735 4.772 4.808 4.843 4.878 4.913 4.947 4.981 5.014 5.048 5.081 5.115 5.148 5.182 5.216 5.250 5.286 5.323 5.361 5.400 5.440 5.481 5.524 5.567 5.612 5.658 5.704 5.751 5.797 5.844 5.890 5.936 5.980 6.023 6.064 6.103 6.138 6.170 6.198 6.225 6.248 6.269 6.289 6.308 6.328 6.349 6.372 6.398 6.427 6.460 6.495 6.534 6.574 6.617 6.660 6.704 6.747
4.076 4.144 4.205 4.261 4.313 4.361 4.406 4.449 4.490 4.530 4.569 4.607 4.645 4.681 4.718 4.754 4.789 4.824 4.859 4.893 4.926 4.959 4.992 5.024 5.056 5.088 5.120 5.151 5.183 5.215 5.246 5.280 5.314 5.350 5.386 5.424 5.463 5.504 5.545 5.588 5.632 5.677 5.723 5.769 5.816 5.862 5.908 5.953 5.997 6.040 6.080 6.119 6.153 6.185 6.215 6.242 6.267 6.290 6.312 6.333 6.356 6.379 6.405 6.434 6.465 6.500 6.538 6.579 6.621 6.665 6.709 6.754
4.111 4.177 4.236 4.290 4.341 4.388 4.433 4.474 4.515 4.554 4.592 4.630 4.666 4.702 4.738 4.773 4.808 4.842 4.876 4.909 4.941 4.973 5.004 5.036 5.066 5.097 5.127 5.157 5.187 5.216 5.246 5.277 5.309 5.341 5.375 5.411 5.447 5.485 5.525 5.566 5.608 5.651 5.696 5.741 5.786 5.832 5.878 5.923 5.968 6.011 6.053 6.093 6.130 6.164 6.197 6.228 6.256 6.282 6.307 6.332 6.356 6.381 6.408 6.437 6.468 6.503 6.540 6.580 6.623 6.667 6.712 6.758
4.145 4.208 4.266 4.319 4.368 4.415 4.458 4.499 4.539 4.578 4.616 4.652 4.688 4.724 4.759 4.793 4.827 4.861 4.893 4.926 4.957 4.988 5.019 5.049 5.078 5.108 5.136 5.165 5.193 5.221 5.248 5.277 5.306 5.336 5.368 5.400 5.434 5.469 5.506 5.544 5.584 5.626 5.668 5.712 5.756 5.801 5.846 5.891 5.936 5.979 6.022 6.063 6.102 6.138 6.173 6.206 6.237 6.267 6.295 6.322 6.349 6.377 6.405 6.435 6.467 6.501 6.538 6.578 6.621 6.665 6.711 6.758
4.177 4.238 4.295 4.347 4.395 4.441 4.484 4.524 4.564 4.602 4.639 4.675 4.711 4.746 4.780 4.814 4.847 4.880 4.912 4.943 4.974 5.004 5.034 5.063 5.092 5.120 5.148 5.176 5.202 5.228 5.254 5.280 5.307 5.335 5.363 5.393 5.423 5.456 5.490 5.525 5.563 5.602 5.642 5.684 5.727 5.770 5.814 5.858 5.902 5.945 5.988 6.029 6.068 6.106 6.142 6.178 6.211 6.243 6.275 6.305 6.334 6.364 6.394 6.426 6.458 6.493 6.531 6.571 6.614 6.659 6.705 6.753
4.207 4.267 4.322 4.374 4.422 4.467 4.509 4.549 4.589 4.626 4.663 4.699 4.734 4.769 4.802 4.836 4.868 4.900 4.931 4.962 4.992 5.021 5.051 5.079 5.107 5.135 5.162 5.188 5.214 5.238 5.262 5.287 5.312 5.337 5.362 5.389 5.417 5.446 5.477 5.509 5.544 5.580 5.618 5.657 5.698 5.740 5.782 5.824 5.867 5.910 5.952 5.993 6.032 6.070 6.107 6.144 6.179 6.213 6.247 6.279 6.311 6.343 6.375 6.408 6.442 6.478 6.516 6.556 6.599 6.644 6.691 6.740
4.236 4.294 4.349 4.400 4.447 4.492 4.534 4.574 4.613 4.651 4.687 4.723 4.758 4.792 4.825 4.857 4.889 4.920 4.951 4.981 5.010 5.039 5.068 5.096 5.123 5.150 5.177 5.202 5.227 5.251 5.273 5.297 5.320 5.343 5.366 5.390 5.414 5.441 5.468 5.497 5.529 5.562 5.597 5.633 5.671 5.711 5.751 5.792 5.833 5.874 5.915 5.955 5.994 6.032 6.069 6.106 6.142 6.178 6.213 6.247 6.281 6.314 6.348 6.382 6.417 6.454 6.492 6.533 6.576 6.621 6.668 6.717
4.263 4.320 4.374 4.424 4.472 4.517 4.558 4.598 4.638 4.675 4.712 4.747 4.782 4.815 4.848 4.879 4.911 4.941 4.971 5.000 5.029 5.058 5.086 5.113 5.140 5.167 5.193 5.218 5.242 5.265 5.287 5.309 5.331 5.352 5.373 5.395 5.417 5.440 5.464 5.490 5.518 5.547 5.579 5.612 5.648 5.684 5.722 5.761 5.800 5.839 5.878 5.918 5.955 5.992 6.030 6.067 6.103 6.139 6.174 6.209 6.244 6.279 6.313 6.348 6.384 6.421 6.459 6.500 6.542 6.587 6.635 6.684
4.288 4.344 4.398 4.448 4.495 4.540 4.582 4.622 4.662 4.700 4.736 4.772 4.806 4.839 4.871 4.902 4.932 4.962 4.991 5.020 5.049 5.077 5.104 5.131 5.158 5.184 5.210 5.234 5.259 5.281 5.303 5.324 5.345 5.365 5.385 5.404 5.424 5.444 5.465 5.488 5.512 5.538 5.566 5.596 5.628 5.662 5.697 5.733 5.770 5.807 5.845 5.882 5.919 5.955 5.991 6.027 6.063 6.099 6.134 6.169 6.204 6.239 6.274 6.309 6.345 6.382 6.420 6.459 6.501 6.546 6.593 6.641
4.311 4.367 4.420 4.470 4.518 4.563 4.605 4.646 4.686 4.724 4.761 4.796 4.830 4.863 4.894 4.925 4.955 4.984 5.013 5.041 5.069 5.096 5.123 5.150 5.176 5.202 5.227 5.252 5.276 5.298 5.319 5.341 5.361 5.381 5.399 5.418 5.435 5.453 5.472 5.491 5.512 5.535 5.559 5.586 5.614 5.645 5.677 5.710 5.745 5.780 5.815 5.851 5.886 5.920 5.956 5.991 6.026 6.061 6.096 6.131 6.166 6.200 6.235 6.269 6.305 6.340 6.378 6.416 6.457 6.501 6.546 6.595
4.333 4.388 4.440 4.491 4.539 4.585 4.628 4.669 4.709 4.748 4.785 4.820 4.854 4.887 4.918 4.948 4.978 5.006 5.034 5.062 5.089 5.116 5.143 5.169 5.195 5.220 5.245 5.270 5.294 5.316 5.337 5.359 5.379 5.398 5.417 5.434 5.451 5.468 5.484 5.501 5.519 5.538 5.559 5.582 5.607 5.634 5.663 5.693 5.725 5.758 5.791 5.825 5.858 5.891 5.926 5.960 5.994 6.029 6.063 6.097 6.131 6.165 6.199 6.233 6.267 6.302 6.338 6.376 6.415 6.457 6.502 6.549
4.353 4.407 4.460 4.510 4.559 4.605 4.649 4.691 4.732 4.771 4.809 4.844 4.878 4.910 4.942 4.972 5.001 5.029 5.057 5.084 5.110 5.137 5.163 5.188 5.214 5.239 5.264 5.288 5.312 5.334 5.356 5.378 5.398 5.418 5.436 5.454 5.470 5.486 5.501 5.516 5.531 5.548 5.565 5.585 5.606 5.630 5.655 5.683 5.712 5.742 5.773 5.805 5.836 5.869 5.902 5.935 5.969 6.003 6.036 6.070 6.103 6.137 6.170 6.203 6.237 6.271 6.305 6.342 6.380 6.420 6.463 6.509
4.372 4.426 4.478 4.529 4.578 4.625 4.670 4.713 4.754 4.794 4.832 4.868 4.902 4.934 4.965 4.995 5.024 5.052 5.079 5.106 5.132 5.158 5.183 5.209 5.233 5.258 5.283 5.307 5.331 5.353 5.375 5.397 5.418 5.438 5.457 5.475 5.491 5.507 5.521 5.536 5.549 5.564 5.579 5.595 5.613 5.633 5.655 5.679 5.705 5.733 5.762 5.792 5.821 5.853 5.885 5.918 5.951 5.984 6.017 6.050 6.084 6.117 6.150 6.182 6.215 6.248 6.282 6.317 6.353 6.392 6.433 6.478
4.389 4.443 4.495 4.546 4.595 4.644 4.689 4.733 4.775 4.815 4.854 4.890 4.924 4.957 4.989 5.019 5.047 5.075 5.102 5.129 5.154 5.180 5.204 5.229 5.254 5.278 5.302 5.326 5.349 5.372 5.394 5.416 5.438 5.459 5.478 5.497 5.514 5.530 5.545 5.559 5.572 5.585 5.598 5.612 5.627 5.643 5.662 5.683 5.706 5.731 5.758 5.785 5.813 5.843 5.875 5.907 5.939 5.972 6.005 6.039 6.072 6.105 6.137 6.170 6.202 6.234 6.267 6.301 6.336 6.374 6.414 6.457
4.407 4.459 4.511 4.562 4.612 4.661 4.707 4.751 4.795 4.835 4.874 4.911 4.946 4.980 5.012 5.042 5.071 5.099 5.126 5.152 5.177 5.202 5.226 5.250 5.274 5.298 5.321 5.345 5.368 5.391 5.413 5.436 5.458 5.479 5.500 5.519 5.537 5.554 5.570 5.584 5.598 5.610 5.622 5.634 5.647 5.660 5.676 5.694 5.713 5.735 5.759 5.784 5.811 5.840 5.870 5.902 5.934 5.967 6.000 6.033 6.067 6.100 6.132 6.165 6.197 6.229 6.261 6.294 6.328 6.364 6.402 6.444
4.424 4.476 4.527 4.578 4.628 4.677 4.724 4.769 4.812 4.854 4.894 4.931 4.967 5.001 5.034 5.065 5.094 5.122 5.149 5.175 5.200 5.224 5.248 5.272 5.295 5.319 5.342 5.365 5.388 5.410 5.432 5.455 5.477 5.499 5.521 5.541 5.561 5.579 5.596 5.611 5.625 5.638 5.649 5.660 5.672 5.683 5.696 5.710 5.727 5.746 5.767 5.790 5.814 5.842 5.871 5.902 5.934 5.967 6.000 6.034 6.067 6.100 6.133 6.165 6.197 6.229 6.261 6.293 6.326 6.361 6.398 6.438
4.441 4.492 4.543 4.594 4.644 4.693 4.739 4.784 4.828 4.871 4.911 4.950 4.987 5.022 5.055 5.087 5.117 5.145 5.172 5.198 5.223 5.247 5.271 5.294 5.317 5.340 5.362 5.385 5.407 5.429 5.451 5.474 5.497 5.519 5.541 5.563 5.583 5.603 5.621 5.638 5.653 5.667 5.679 5.690 5.700 5.710 5.721 5.733 5.747 5.762 5.781 5.801 5.823 5.849 5.877 5.907 5.939 5.971 6.005 6.038 6.072 6.105 6.138 6.171 6.203 6.235 6.266 6.298 6.330 6.364 6.400 6.439
4.458 4.509 4.559 4.609 4.658 4.707 4.753 4.798 4.843 4.886 4.927 4.967 5.005 5.041 5.075 5.107 5.138 5.167 5.195 5.221 5.247 5.271 5.294 5.317 5.339 5.361 5.384 5.406 5.427 5.448 5.471 5.493 5.516 5.539 5.562 5.584 5.605 5.626 5.646 5.664 5.680 5.695 5.709 5.720 5.731 5.740 5.750 5.760 5.771 5.784 5.799 5.817 5.837 5.860 5.887 5.916 5.947 5.979 6.012 6.046 6.080 6.114 6.147 6.180 6.212 6.244 6.275 6.306 6.338 6.371 6.406 6.443
4.476 4.526 4.575 4.624 4.672 4.720 4.766 4.811 4.856 4.899 4.941 4.982 5.021 5.058 5.093 5.127 5.159 5.189 5.217 5.244 5.270 5.294 5.317 5.340 5.362 5.384 5.405 5.427 5.447 5.468 5.490 5.513 5.535 5.558 5.581 5.604 5.626 5.648 5.669 5.688 5.707 5.723 5.738 5.751 5.762 5.772 5.781 5.789 5.799 5.810 5.822 5.837 5.855 5.876 5.901 5.928 5.958 5.990 6.023 6.057 6.091 6.125 6.158 6.191 6.224 6.256 6.287 6.318 6.349 6.381 6.415 6.451
4.495 4.543 4.591 4.639 4.686 4.732 4.777 4.823 4.867 4.911 4.954 4.995 5.035 5.073 5.110 5.144 5.177 5.208 5.238 5.266 5.292 5.317 5.341 5.363 5.385 5.407 5.428 5.448 5.468 5.489 5.510 5.532 5.554 5.577 5.600 5.623 5.646 5.669 5.691 5.712 5.731 5.749 5.765 5.780 5.792 5.803 5.812 5.821 5.829 5.838 5.849 5.861 5.876 5.896 5.918 5.944 5.972 6.003 6.036 6.069 6.104 6.138 6.172 6.205 6.238 6.270 6.301 6.332 6.363 6.394 6.427 6.463
4.514 4.561 4.608 4.654 4.699 4.745 4.789 4.833 4.878 4.922 4.965 5.006 5.047 5.086 5.124 5.160 5.194 5.226 5.257 5.286 5.313 5.339 5.363 5.386 5.408 5.430 5.450 5.471 5.490 5.510 5.530 5.552 5.574 5.596 5.619 5.642 5.665 5.688 5.711 5.733 5.754 5.773 5.791 5.807 5.821 5.833 5.843 5.852 5.860 5.869 5.878 5.889 5.902 5.919 5.939 5.963 5.990 6.019 6.051 6.084 6.118 6.153 6.187 6.220 6.253 6.285 6.317 6.348 6.379 6.410 6.442 6.477
4.534 4.580 4.624 4.669 4.713 4.757 4.800 4.844 4.888 4.931 4.974 5.016 5.057 5.097 5.136 5.173 5.208 5.242 5.274 5.304 5.333 5.360 5.385 5.409 5.431 5.453 5.473 5.494 5.512 5.531 5.552 5.572 5.593 5.615 5.637 5.660 5.684 5.707 5.730 5.753 5.775 5.795 5.814 5.832 5.847 5.861 5.872 5.882 5.891 5.900 5.909 5.918 5.930 5.945 5.963 5.985 6.010 6.038 6.069 6.101 6.135 6.169 6.203 6.237 6.270 6.303 6.335 6.366 6.396 6.427 6.459 6.494
4.555 4.599 4.642 4.684 4.727 4.769 4.811 4.854 4.897 4.940 4.982 5.024 5.066 5.106 5.146 5.184 5.220 5.256 5.289 5.321 5.351 5.379 5.405 5.430 5.453 5.476 5.497 5.517 5.535 5.554 5.573 5.593 5.613 5.635 5.656 5.679 5.702 5.725 5.748 5.771 5.794 5.815 5.835 5.854 5.871 5.886 5.899 5.911 5.921 5.931 5.940 5.949 5.960 5.973 5.990 6.010 6.033 6.060 6.089 6.120 6.153 6.187 6.222 6.256 6.289 6.322 6.354 6.385 6.416 6.447 6.478 6.512
4.576 4.618 4.659 4.701 4.742 4.782 4.823 4.865 4.906 4.948 4.990 5.031 5.073 5.113 5.153 5.192 5.230 5.266 5.301 5.334 5.366 5.396 5.424 5.450 5.474 5.497 5.519 5.540 5.559 5.577 5.596 5.615 5.634 5.655 5.675 5.697 5.719 5.742 5.765 5.788 5.811 5.833 5.854 5.874 5.892 5.909 5.924 5.937 5.949 5.960 5.970 5.980 5.991 6.004 6.019 6.038 6.059 6.084 6.112 6.142 6.174 6.208 6.242 6.276 6.310 6.343 6.375 6.407 6.438 6.468 6.499 6.534
4.598 4.638 4.678 4.718 4.758 4.796 4.836 4.876 4.916 4.957 4.997 5.038 5.079 5.119 5.159 5.198 5.237 5.274 5.310 5.345 5.378 5.410 5.439 5.467 5.493 5.518 5.541 5.562 5.581 5.600 5.618 5.637 5.656 5.675 5.695 5.716 5.737 5.759 5.782 5.805 5.827 5.850 5.871 5.892 5.911 5.929 5.946 5.961 5.975 5.988 6.000 6.011 6.022 6.035 6.050 6.067 6.087 6.111 6.137 6.166 6.197 6.230 6.263 6.298 6.332 6.365 6.398 6.430 6.461 6.492 6.523 6.558
4.620 4.659 4.698 4.736 4.774 4.811 4.849 4.888 4.926 4.966 5.005 5.044 5.084 5.124 5.164 5.203 5.242 5.280 5.317 5.353 5.388 5.421 5.452 5.482 5.510 5.536 5.560 5.583 5.603 5.622 5.641 5.660 5.678 5.696 5.715 5.735 5.755 5.776 5.798 5.820 5.843 5.865 5.887 5.908 5.928 5.948 5.966 5.983 5.998 6.013 6.027 6.040 6.052 6.066 6.081 6.098 6.117 6.139 6.164 6.192 6.222 6.254 6.287 6.321 6.355 6.389 6.422 6.454 6.486 6.517 6.549 6.584
4.643 4.681 4.718 4.755 4.792 4.828 4.864 4.901 4.938 4.975 5.013 5.051 5.090 5.129 5.167 5.206 5.245 5.283 5.321 5.358 5.394 5.428 5.461 5.493 5.523 5.551 5.577 5.601 5.623 5.643 5.663 5.682 5.700 5.718 5.736 5.754 5.773 5.793 5.814 5.835 5.857 5.879 5.901 5.922 5.943 5.964 5.983 6.002 6.020 6.037 6.053 6.067 6.082 6.096 6.112 6.129 6.148 6.169 6.193 6.219 6.248 6.279 6.312 6.346 6.380 6.414 6.448 6.480 6.513 6.544 6.576 6.611
4.667 4.703 4.739 4.775 4.811 4.845 4.879 4.915 4.950 4.986 5.022 5.059 5.096 5.133 5.171 5.209 5.247 5.285 5.323 5.360 5.397 5.433 5.467 5.501 5.532 5.562 5.591 5.617 5.640 5.662 5.683 5.702 5.721 5.739 5.756 5.774 5.792 5.810 5.830 5.850 5.871 5.892 5.914 5.935 5.957 5.978 5.999 6.019 6.039 6.058 6.076 6.093 6.109 6.126 6.142 6.160 6.179 6.200 6.223 6.248 6.276 6.307 6.339 6.372 6.407 6.441 6.475 6.508 6.540 6.572 6.603 6.637
4.691 4.727 4.762 4.796 4.830 4.863 4.896 4.930 4.964 4.998 5.033 5.068 5.103 5.139 5.175 5.212 5.249 5.287 5.324 5.361 5.398 5.435 5.470 5.505 5.538 5.570 5.600 5.629 5.654 5.678 5.700 5.721 5.740 5.758 5.776 5.793 5.810 5.827 5.846 5.865 5.884 5.905 5.926 5.947 5.969 5.991 6.013 6.035 6.056 6.077 6.097 6.116 6.134 6.153 6.171 6.190 6.209 6.230 6.253 6.278 6.305 6.335 6.366 6.400 6.434 6.468 6.502 6.536 6.569 6.600 6.630 6.663
4.716 4.751 4.785 4.818 4.851 4.883 4.914 4.947 4.979 5.012 5.045 5.078 5.112 5.146 5.181 5.216 5.252 5.288 5.324 5.361 5.398 5.435 5.471 5.506 5.541 5.574 5.606 5.637 5.664 5.690 5.714 5.737 5.757 5.776 5.794 5.811 5.827 5.844 5.861 5.879 5.897 5.917 5.937 5.958 5.980 6.003 6.026 6.049 6.071 6.094 6.116 6.137 6.158 6.178 6.198 6.218 6.238 6.260 6.282 6.307 6.334 6.363 6.394 6.428 6.462 6.496 6.531 6.564 6.597 6.627 6.656 6.688
4.741 4.775 4.809 4.841 4.873 4.904 4.934 4.965 4.996 5.027 5.058 5.090 5.122 5.154 5.187 5.221 5.255 5.290 5.325 5.361 5.397 5.433 5.470 5.505 5.541 5.575 5.609 5.641 5.670 5.698 5.724 5.749 5.771 5.791 5.810 5.827 5.844 5.860 5.876 5.893 5.910 5.928 5.948 5.969 5.991 6.013 6.037 6.061 6.085 6.110 6.134 6.156 6.179 6.201 6.223 6.244 6.266 6.288 6.311 6.335 6.362 6.391 6.422 6.455 6.490 6.524 6.559 6.592 6.624 6.654 6.683 6.713
4.767 4.801 4.833 4.865 4.896 4.925 4.955 4.984 5.014 5.044 5.074 5.104 5.134 5.165 5.196 5.228 5.261 5.294 5.328 5.362 5.397 5.433 5.468 5.504 5.539 5.574 5.609 5.642 5.673 5.702 5.731 5.757 5.781 5.803 5.823 5.841 5.858 5.874 5.890 5.906 5.922 5.940 5.958 5.979 6.000 6.023 6.047 6.072 6.097 6.123 6.148 6.172 6.197 6.221 6.245 6.268 6.291 6.314 6.338 6.363 6.389 6.418 6.450 6.483 6.517 6.551 6.586 6.619 6.651 6.681 6.709 6.738
