version1/TsunamiDB/out54166.asc
ncols          264
nrows          230
xllcorner      497853.4375
yllcorner      4229146.0000
cellsize         5.
NODATA_value   -99
[rows 170 to 203 of 230, columns 0 to 76 of 264]
6.364 6.386 6.408 6.429 6.449 6.469 6.487 6.504 6.520 6.536 6.550 6.564 6.578 6.591 6.603 6.615 6.627 6.638 6.650 6.661 6.672 6.683 6.693 6.704 6.715 6.725 6.736 6.747 6.758 6.769 6.779 6.789 6.799 6.809 6.819 6.829 6.839 6.849 6.859 6.869 6.878 6.888 6.897 6.907 6.916 6.925 6.934 6.942 6.950 6.958 6.965 6.972 6.978 6.984 6.989 6.992 6.996 6.998 7.000 7.002 7.003 7.004 7.005 7.005 7.006 7.007 7.009 7.010 7.012 7.014 7.016 7.018 7.020 7.023 7.026 7.029 7.032
6.342 6.365 6.387 6.409 6.431 6.453 6.473 6.491 6.509 6.526 6.542 6.557 6.571 6.585 6.599 6.612 6.624 6.636 6.648 6.660 6.671 6.682 6.693 6.704 6.715 6.725 6.736 6.747 6.758 6.769 6.779 6.790 6.800 6.810 6.820 6.830 6.840 6.849 6.859 6.869 6.879 6.889 6.898 6.908 6.917 6.926 6.935 6.944 6.952 6.960 6.968 6.976 6.983 6.989 6.994 6.998 7.002 7.005 7.008 7.010 7.011 7.012 7.013 7.014 7.015 7.016 7.017 7.019 7.020 7.022 7.024 7.026 7.029 7.031 7.034 7.037 7.040
6.319 6.342 6.365 6.388 6.410 6.433 6.455 6.475 6.494 6.512 6.530 6.547 6.563 6.578 6.592 6.606 6.620 6.633 6.645 6.657 6.669 6.681 6.692 6.703 6.714 6.725 6.736 6.747 6.758 6.769 6.780 6.790 6.800 6.810 6.820 6.830 6.840 6.850 6.860 6.869 6.879 6.889 6.899 6.908 6.918 6.927 6.936 6.945 6.954 6.962 6.970 6.978 6.986 6.993 6.998 7.003 7.008 7.011 7.014 7.017 7.019 7.020 7.022 7.023 7.024 7.025 7.026 7.027 7.029 7.030 7.032 7.034 7.036 7.039 7.042 7.045 7.048
6.297 6.320 6.342 6.365 6.388 6.411 6.434 6.455 6.476 6.495 6.515 6.533 6.550 6.567 6.583 6.598 6.613 6.627 6.640 6.653 6.666 6.678 6.690 6.701 6.713 6.724 6.735 6.746 6.758 6.769 6.779 6.790 6.800 6.810 6.820 6.830 6.840 6.850 6.860 6.869 6.879 6.889 6.899 6.908 6.918 6.927 6.937 6.946 6.955 6.964 6.972 6.981 6.989 6.996 7.002 7.008 7.012 7.017 7.020 7.023 7.026 7.027 7.029 7.030 7.031 7.033 7.034 7.035 7.036 7.038 7.040 7.042 7.044 7.046 7.049 7.052 7.055
6.278 6.299 6.320 6.342 6.365 6.388 6.411 6.433 6.454 6.475 6.496 6.516 6.535 6.553 6.571 6.587 6.603 6.618 6.633 6.647 6.660 6.673 6.686 6.698 6.710 6.722 6.733 6.745 6.757 6.768 6.778 6.789 6.799 6.809 6.819 6.829 6.839 6.849 6.859 6.869 6.879 6.889 6.899 6.908 6.918 6.927 6.937 6.946 6.955 6.964 6.973 6.982 6.991 6.998 7.005 7.011 7.016 7.021 7.025 7.029 7.031 7.034 7.036 7.037 7.039 7.040 7.041 7.042 7.044 7.045 7.047 7.049 7.051 7.053 7.056 7.059 7.062
6.261 6.280 6.300 6.321 6.343 6.366 6.388 6.410 6.432 6.453 6.475 6.496 6.516 6.536 6.555 6.573 6.590 6.607 6.623 6.638 6.653 6.667 6.680 6.693 6.706 6.718 6.730 6.742 6.754 6.766 6.777 6.787 6.798 6.808 6.819 6.829 6.839 6.849 6.859 6.869 6.878 6.888 6.898 6.908 6.918 6.927 6.937 6.946 6.956 6.965 6.974 6.983 6.992 6.999 7.007 7.013 7.019 7.025 7.029 7.033 7.037 7.039 7.042 7.044 7.045 7.047 7.048 7.049 7.051 7.052 7.054 7.056 7.058 7.060 7.063 7.066 7.068
6.246 6.265 6.283 6.303 6.323 6.345 6.366 6.387 6.409 6.430 6.452 6.473 6.494 6.515 6.536 6.555 6.574 6.592 6.610 6.627 6.643 6.658 6.673 6.687 6.700 6.713 6.726 6.739 6.751 6.763 6.774 6.785 6.796 6.807 6.817 6.827 6.838 6.848 6.858 6.868 6.878 6.887 6.897 6.907 6.917 6.927 6.936 6.946 6.955 6.965 6.974 6.983 6.992 7.000 7.008 7.015 7.021 7.027 7.033 7.037 7.041 7.044 7.047 7.049 7.051 7.053 7.054 7.056 7.057 7.059 7.060 7.062 7.064 7.066 7.069 7.072 7.075
6.235 6.252 6.269 6.287 6.306 6.326 6.346 6.366 6.387 6.408 6.429 6.450 6.472 6.493 6.514 6.535 6.555 6.575 6.594 6.612 6.629 6.646 6.662 6.677 6.692 6.706 6.720 6.733 6.746 6.759 6.771 6.782 6.793 6.804 6.815 6.825 6.836 6.846 6.856 6.866 6.876 6.886 6.896 6.906 6.916 6.926 6.935 6.945 6.955 6.964 6.974 6.983 6.992 7.001 7.009 7.016 7.023 7.029 7.035 7.040 7.044 7.048 7.051 7.054 7.056 7.058 7.060 7.062 7.063 7.065 7.066 7.068 7.070 7.072 7.075 7.078 7.080
6.227 6.242 6.258 6.275 6.292 6.311 6.329 6.348 6.367 6.387 6.407 6.428 6.449 6.470 6.491 6.513 6.534 6.554 6.574 6.594 6.613 6.631 6.648 6.665 6.681 6.696 6.711 6.726 6.740 6.753 6.766 6.778 6.789 6.801 6.812 6.823 6.833 6.844 6.854 6.864 6.875 6.885 6.895 6.905 6.915 6.924 6.934 6.944 6.954 6.963 6.973 6.983 6.992 7.001 7.009 7.017 7.024 7.031 7.037 7.042 7.047 7.051 7.055 7.058 7.061 7.063 7.065 7.067 7.069 7.070 7.072 7.074 7.076 7.078 7.081 7.083 7.086
6.220 6.235 6.250 6.265 6.281 6.298 6.315 6.333 6.350 6.369 6.388 6.407 6.427 6.448 6.469 6.490 6.511 6.532 6.553 6.573 6.593 6.613 6.632 6.650 6.667 6.684 6.700 6.716 6.731 6.745 6.759 6.771 6.784 6.796 6.807 6.819 6.830 6.841 6.851 6.862 6.872 6.882 6.893 6.903 6.913 6.923 6.933 6.943 6.952 6.962 6.972 6.982 6.991 7.000 7.009 7.017 7.024 7.031 7.038 7.044 7.049 7.054 7.058 7.062 7.065 7.067 7.070 7.072 7.073 7.075 7.077 7.079 7.081 7.083 7.086 7.088 7.091
6.216 6.229 6.243 6.258 6.273 6.289 6.304 6.320 6.337 6.353 6.371 6.389 6.408 6.428 6.448 6.468 6.489 6.510 6.531 6.552 6.572 6.593 6.612 6.632 6.650 6.668 6.686 6.703 6.719 6.735 6.749 6.763 6.776 6.789 6.801 6.813 6.825 6.836 6.847 6.858 6.869 6.879 6.890 6.900 6.910 6.921 6.931 6.941 6.951 6.960 6.970 6.980 6.990 6.999 7.008 7.016 7.024 7.031 7.038 7.045 7.051 7.056 7.060 7.064 7.068 7.071 7.074 7.076 7.078 7.080 7.082 7.084 7.086 7.088 7.090 7.093 7.095
6.212 6.225 6.239 6.252 6.266 6.281 6.296 6.311 6.326 6.341 6.357 6.374 6.392 6.410 6.429 6.448 6.468 6.488 6.509 6.529 6.550 6.571 6.591 6.611 6.631 6.650 6.669 6.687 6.705 6.722 6.737 6.752 6.767 6.780 6.794 6.806 6.819 6.831 6.842 6.853 6.865 6.875 6.886 6.897 6.907 6.918 6.928 6.938 6.948 6.958 6.968 6.978 6.988 6.997 7.006 7.015 7.023 7.031 7.038 7.045 7.051 7.057 7.062 7.066 7.070 7.074 7.077 7.079 7.082 7.084 7.086 7.088 7.090 7.092 7.095 7.097 7.100
6.210 6.222 6.235 6.248 6.262 6.276 6.290 6.303 6.317 6.332 6.347 6.362 6.378 6.395 6.413 6.431 6.449 6.469 6.488 6.508 6.529 6.549 6.570 6.590 6.610 6.630 6.650 6.669 6.688 6.706 6.723 6.739 6.755 6.769 6.784 6.797 6.810 6.823 6.835 6.847 6.859 6.870 6.881 6.892 6.903 6.914 6.924 6.935 6.945 6.955 6.966 6.976 6.986 6.995 7.004 7.013 7.022 7.030 7.037 7.045 7.051 7.057 7.063 7.068 7.072 7.076 7.079 7.082 7.085 7.087 7.090 7.092 7.094 7.096 7.099 7.101 7.104
6.209 6.221 6.233 6.246 6.259 6.272 6.285 6.298 6.311 6.325 6.338 6.353 6.368 6.383 6.400 6.416 6.434 6.452 6.470 6.489 6.509 6.529 6.549 6.569 6.589 6.609 6.629 6.649 6.669 6.688 6.706 6.723 6.740 6.756 6.771 6.786 6.800 6.814 6.827 6.839 6.852 6.864 6.875 6.887 6.898 6.909 6.920 6.931 6.941 6.952 6.962 6.973 6.983 6.993 7.002 7.011 7.020 7.028 7.036 7.043 7.050 7.057 7.063 7.068 7.073 7.077 7.081 7.084 7.087 7.090 7.093 7.095 7.097 7.100 7.102 7.105 7.107
6.208 6.219 6.232 6.244 6.257 6.270 6.282 6.294 6.306 6.319 6.332 6.346 6.360 6.374 6.389 6.405 6.421 6.438 6.455 6.473 6.491 6.510 6.529 6.549 6.569 6.589 6.609 6.629 6.649 6.669 6.688 6.706 6.723 6.740 6.757 6.772 6.787 6.802 6.816 6.830 6.843 6.856 6.868 6.880 6.892 6.903 6.915 6.926 6.937 6.947 6.958 6.969 6.979 6.989 6.999 7.008 7.017 7.026 7.034 7.042 7.049 7.056 7.062 7.068 7.073 7.078 7.082 7.086 7.089 7.092 7.095 7.098 7.100 7.102 7.105 7.108 7.110
6.207 6.219 6.231 6.243 6.255 6.268 6.279 6.291 6.303 6.315 6.328 6.341 6.354 6.367 6.381 6.396 6.411 6.426 6.442 6.459 6.476 6.494 6.512 6.531 6.550 6.569 6.589 6.609 6.629 6.649 6.668 6.687 6.705 6.723 6.740 6.757 6.773 6.788 6.803 6.818 6.832 6.845 6.859 6.871 6.884 6.896 6.908 6.919 6.931 6.942 6.953 6.964 6.975 6.985 6.995 7.004 7.014 7.023 7.031 7.039 7.047 7.054 7.061 7.067 7.073 7.078 7.082 7.087 7.090 7.094 7.097 7.100 7.102 7.105 7.108 7.111 7.113
6.207 6.218 6.230 6.242 6.255 6.266 6.278 6.289 6.301 6.312 6.324 6.337 6.349 6.362 6.375 6.389 6.403 6.418 6.433 6.448 6.464 6.481 6.498 6.515 6.533 6.552 6.571 6.590 6.610 6.630 6.649 6.667 6.686 6.704 6.722 6.740 6.757 6.773 6.789 6.804 6.819 6.834 6.848 6.861 6.874 6.887 6.899 6.912 6.923 6.935 6.947 6.958 6.969 6.980 6.990 7.000 7.009 7.019 7.027 7.036 7.044 7.051 7.059 7.065 7.071 7.077 7.082 7.087 7.091 7.094 7.098 7.101 7.104 7.107 7.110 7.113 7.115
6.207 6.218 6.230 6.242 6.254 6.266 6.277 6.288 6.299 6.311 6.322 6.334 6.346 6.358 6.371 6.384 6.397 6.411 6.425 6.439 6.454 6.470 6.486 6.502 6.519 6.537 6.555 6.574 6.593 6.612 6.630 6.649 6.667 6.686 6.704 6.722 6.739 6.756 6.773 6.789 6.805 6.820 6.835 6.849 6.863 6.877 6.890 6.902 6.915 6.927 6.939 6.951 6.963 6.974 6.984 6.994 7.004 7.014 7.023 7.032 7.040 7.048 7.056 7.063 7.069 7.075 7.081 7.086 7.090 7.094 7.098 7.101 7.105 7.108 7.111 7.114 7.117
6.207 6.218 6.230 6.242 6.254 6.265 6.276 6.287 6.298 6.309 6.320 6.332 6.344 6.355 6.368 6.380 6.393 6.406 6.419 6.433 6.447 6.461 6.476 6.492 6.508 6.524 6.541 6.559 6.578 6.595 6.613 6.631 6.650 6.668 6.686 6.704 6.722 6.739 6.756 6.773 6.790 6.805 6.821 6.836 6.851 6.865 6.879 6.892 6.905 6.918 6.930 6.943 6.955 6.966 6.977 6.988 6.998 7.008 7.018 7.027 7.035 7.044 7.052 7.059 7.066 7.072 7.078 7.084 7.089 7.093 7.097 7.101 7.105 7.108 7.112 7.115 7.118
6.207 6.219 6.230 6.242 6.253 6.265 6.276 6.287 6.297 6.308 6.319 6.331 6.342 6.353 6.365 6.377 6.389 6.402 6.415 6.428 6.441 6.455 6.469 6.484 6.499 6.514 6.530 6.547 6.565 6.582 6.599 6.616 6.634 6.651 6.669 6.687 6.705 6.722 6.740 6.757 6.773 6.790 6.806 6.822 6.837 6.852 6.866 6.880 6.894 6.907 6.921 6.934 6.946 6.958 6.969 6.980 6.991 7.001 7.011 7.021 7.030 7.039 7.047 7.055 7.062 7.069 7.075 7.081 7.086 7.091 7.096 7.100 7.104 7.108 7.111 7.115 7.118
6.207 6.219 6.230 6.242 6.253 6.265 6.275 6.286 6.297 6.308 6.319 6.330 6.341 6.352 6.363 6.375 6.387 6.399 6.411 6.424 6.437 6.450 6.463 6.477 6.491 6.506 6.522 6.538 6.554 6.570 6.586 6.603 6.620 6.637 6.654 6.671 6.689 6.706 6.723 6.741 6.758 6.774 6.791 6.807 6.822 6.838 6.853 6.867 6.882 6.896 6.910 6.923 6.936 6.948 6.960 6.972 6.983 6.994 7.004 7.014 7.023 7.033 7.041 7.049 7.057 7.064 7.071 7.078 7.083 7.089 7.094 7.098 7.102 7.106 7.111 7.114 7.117
6.208 6.219 6.230 6.242 6.253 6.265 6.275 6.286 6.297 6.307 6.318 6.329 6.340 6.351 6.362 6.374 6.385 6.397 6.409 6.421 6.433 6.446 6.459 6.472 6.486 6.500 6.514 6.530 6.545 6.560 6.576 6.591 6.608 6.624 6.640 6.657 6.674 6.691 6.708 6.725 6.742 6.759 6.776 6.792 6.808 6.824 6.839 6.854 6.869 6.883 6.898 6.912 6.925 6.938 6.950 6.962 6.974 6.985 6.996 7.006 7.016 7.026 7.035 7.043 7.052 7.059 7.066 7.073 7.079 7.085 7.090 7.095 7.100 7.104 7.109 7.113 7.116
6.208 6.219 6.230 6.242 6.253 6.265 6.275 6.286 6.296 6.307 6.318 6.328 6.339 6.350 6.361 6.373 6.384 6.395 6.407 6.419 6.431 6.443 6.455 6.468 6.481 6.495 6.509 6.523 6.538 6.552 6.567 6.582 6.597 6.613 6.629 6.645 6.661 6.678 6.695 6.711 6.728 6.745 6.761 6.777 6.794 6.810 6.825 6.841 6.856 6.871 6.886 6.900 6.914 6.927 6.940 6.952 6.964 6.976 6.987 6.998 7.008 7.018 7.027 7.037 7.045 7.053 7.061 7.068 7.075 7.081 7.087 7.092 7.097 7.102 7.107 7.111 7.114
6.208 6.219 6.230 6.242 6.253 6.265 6.275 6.286 6.296 6.307 6.317 6.328 6.339 6.350 6.361 6.372 6.383 6.394 6.406 6.417 6.429 6.441 6.453 6.465 6.478 6.491 6.504 6.518 6.532 6.546 6.560 6.575 6.589 6.604 6.619 6.635 6.650 6.666 6.682 6.699 6.715 6.731 6.748 6.764 6.780 6.796 6.812 6.828 6.843 6.858 6.873 6.888 6.902 6.916 6.929 6.942 6.954 6.966 6.977 6.989 6.999 7.010 7.020 7.029 7.038 7.047 7.055 7.062 7.069 7.076 7.082 7.088 7.093 7.099 7.103 7.108 7.112
6.208 6.219 6.230 6.242 6.253 6.265 6.275 6.286 6.296 6.307 6.317 6.328 6.339 6.349 6.360 6.371 6.382 6.393 6.404 6.416 6.427 6.439 6.451 6.463 6.475 6.488 6.501 6.514 6.528 6.541 6.555 6.568 6.582 6.597 6.611 6.626 6.641 6.656 6.672 6.688 6.703 6.719 6.735 6.752 6.768 6.783 6.799 6.815 6.830 6.846 6.861 6.876 6.890 6.904 6.918 6.931 6.944 6.956 6.968 6.979 6.990 7.001 7.011 7.021 7.030 7.039 7.048 7.056 7.063 7.070 7.077 7.083 7.089 7.094 7.100 7.104 7.108
6.208 6.219 6.230 6.242 6.253 6.264 6.275 6.285 6.296 6.306 6.317 6.328 6.338 6.349 6.360 6.371 6.381 6.392 6.404 6.415 6.426 6.438 6.449 6.461 6.473 6.485 6.498 6.511 6.524 6.537 6.550 6.563 6.577 6.590 6.604 6.619 6.633 6.648 6.663 6.678 6.693 6.709 6.725 6.740 6.756 6.772 6.788 6.803 6.819 6.834 6.850 6.865 6.879 6.893 6.907 6.920 6.933 6.946 6.958 6.970 6.981 6.992 7.003 7.013 7.023 7.032 7.041 7.049 7.057 7.064 7.071 7.078 7.084 7.090 7.095 7.100 7.105
6.207 6.219 6.230 6.241 6.253 6.264 6.275 6.285 6.296 6.306 6.317 6.327 6.338 6.348 6.359 6.370 6.381 6.392 6.403 6.414 6.425 6.437 6.448 6.460 6.471 6.483 6.496 6.509 6.521 6.534 6.546 6.559 6.572 6.585 6.599 6.612 6.626 6.641 6.655 6.670 6.685 6.700 6.715 6.730 6.746 6.761 6.777 6.792 6.808 6.823 6.839 6.854 6.868 6.882 6.896 6.910 6.923 6.936 6.948 6.960 6.972 6.983 6.994 7.005 7.015 7.024 7.033 7.042 7.050 7.058 7.065 7.072 7.078 7.085 7.091 7.096 7.101
6.207 6.218 6.230 6.241 6.253 6.264 6.274 6.285 6.295 6.306 6.316 6.327 6.337 6.348 6.359 6.370 6.380 6.391 6.402 6.413 6.424 6.436 6.447 6.458 6.470 6.482 6.494 6.506 6.519 6.531 6.543 6.556 6.568 6.581 6.594 6.607 6.621 6.634 6.648 6.663 6.677 6.692 6.707 6.722 6.737 6.752 6.767 6.783 6.798 6.813 6.829 6.844 6.858 6.872 6.886 6.900 6.913 6.926 6.939 6.951 6.963 6.975 6.986 6.996 7.007 7.017 7.026 7.035 7.043 7.051 7.059 7.066 7.073 7.080 7.086 7.091 7.096
6.207 6.218 6.229 6.241 6.252 6.264 6.274 6.284 6.295 6.305 6.316 6.326 6.337 6.348 6.358 6.369 6.380 6.391 6.402 6.413 6.424 6.435 6.446 6.457 6.469 6.480 6.492 6.505 6.517 6.529 6.541 6.553 6.565 6.577 6.590 6.603 6.616 6.629 6.643 6.657 6.671 6.685 6.699 6.714 6.729 6.744 6.759 6.774 6.789 6.804 6.819 6.834 6.849 6.863 6.877 6.891 6.904 6.917 6.930 6.942 6.955 6.966 6.978 6.988 6.999 7.009 7.019 7.028 7.037 7.045 7.053 7.060 7.067 7.074 7.081 7.087 7.092
6.206 6.217 6.229 6.240 6.252 6.263 6.273 6.284 6.294 6.305 6.315 6.326 6.336 6.347 6.358 6.368 6.379 6.390 6.401 6.412 6.423 6.434 6.445 6.456 6.467 6.479 6.491 6.503 6.515 6.527 6.538 6.550 6.562 6.574 6.586 6.599 6.612 6.625 6.638 6.651 6.665 6.679 6.693 6.707 6.722 6.736 6.751 6.766 6.781 6.796 6.811 6.826 6.840 6.854 6.868 6.882 6.896 6.909 6.922 6.934 6.946 6.958 6.970 6.981 6.992 7.002 7.012 7.021 7.030 7.039 7.047 7.055 7.062 7.069 7.076 7.082 7.087
6.205 6.217 6.228 6.240 6.251 6.262 6.273 6.283 6.294 6.304 6.315 6.325 6.336 6.346 6.357 6.368 6.379 6.389 6.400 6.411 6.422 6.433 6.444 6.455 6.466 6.478 6.489 6.502 6.513 6.525 6.536 6.548 6.560 6.571 6.583 6.596 6.608 6.621 6.634 6.647 6.660 6.673 6.687 6.701 6.715 6.730 6.744 6.759 6.773 6.788 6.803 6.818 6.832 6.846 6.860 6.874 6.888 6.901 6.914 6.926 6.939 6.951 6.962 6.974 6.984 6.995 7.005 7.015 7.024 7.033 7.041 7.049 7.057 7.064 7.071 7.077 7.083
6.205 6.216 6.227 6.239 6.251 6.262 6.272 6.282 6.293 6.303 6.314 6.324 6.335 6.346 6.356 6.367 6.378 6.389 6.399 6.410 6.421 6.432 6.443 6.454 6.465 6.477 6.488 6.500 6.512 6.523 6.534 6.546 6.557 6.569 6.581 6.593 6.605 6.617 6.630 6.643 6.655 6.669 6.682 6.696 6.710 6.724 6.738 6.752 6.766 6.781 6.796 6.811 6.825 6.839 6.853 6.867 6.880 6.894 6.907 6.919 6.932 6.944 6.955 6.967 6.978 6.989 6.999 7.009 7.018 7.027 7.036 7.044 7.052 7.059 7.066 7.073 7.079
6.204 6.215 6.227 6.238 6.250 6.260 6.271 6.281 6.292 6.302 6.313 6.323 6.334 6.345 6.355 6.366 6.377 6.388 6.398 6.409 6.420 6.431 6.442 6.453 6.464 6.475 6.487 6.499 6.511 6.522 6.533 6.544 6.555 6.567 6.578 6.590 6.602 6.614 6.626 6.639 6.651 6.664 6.678 6.691 6.704 6.718 6.732 6.746 6.760 6.775 6.789 6.804 6.818 6.832 6.846 6.860 6.873 6.887 6.900 6.912 6.925 6.937 6.949 6.961 6.972 6.982 6.993 7.003 7.012 7.022 7.030 7.039 7.047 7.055 7.062 7.069 7.075
6.203 6.214 6.226 6.237 6.249 6.259 6.270 6.280 6.291 6.301 6.312 6.322 6.333 6.344 6.354 6.365 6.376 6.387 6.397 6.408 6.419 6.430 6.441 6.452 6.463 6.474 6.486 6.498 6.509 6.520 6.531 6.542 6.553 6.565 6.576 6.588 6.599 6.611 6.623 6.635 6.648 6.660 6.673 6.686 6.700 6.713 6.727 6.740 6.754 6.769 6.783 6.798 6.812 6.826 6.839 6.853 6.867 6.880 6.893 6.906 6.919 6.931 6.943 6.955 6.966 6.977 6.987 6.997 7.007 7.017 7.026 7.034 7.042 7.051 7.058 7.065 7.071
