version1/TsunamiDB/out54197.asc
ncols          264
nrows          230
xllcorner      497853.4375
yllcorner      4229146.0000
cellsize         5.
NODATA_value   -99
[rows 0 to 33 of 230, columns 0 to 76 of 264]
5.659 5.670 5.682 5.693 5.704 5.715 5.726 5.738 5.749 5.760 5.771 5.782 5.793 5.804 5.816 5.827 5.838 5.848 5.858 5.868 5.877 5.886 5.895 5.904 5.913 5.921 5.929 5.937 5.945 5.953 5.960 5.967 5.974 5.980 5.986 5.992 5.998 6.004 6.010 6.015 6.020 6.024 6.028 6.032 6.035 6.039 6.042 6.044 6.047 6.050 6.052 6.054 6.057 6.059 6.061 6.063 6.066 6.068 6.070 6.072 6.075 6.078 6.081 6.083 6.086 6.088 6.090 6.093 6.096 6.098 6.101 6.104 6.106 6.109 6.112 6.115 6.119
5.664 5.675 5.686 5.697 5.708 5.720 5.731 5.742 5.753 5.764 5.775 5.787 5.798 5.809 5.820 5.832 5.843 5.853 5.863 5.873 5.882 5.892 5.901 5.910 5.919 5.928 5.936 5.944 5.952 5.960 5.968 5.975 5.982 5.989 5.996 6.002 6.009 6.015 6.021 6.027 6.032 6.036 6.041 6.045 6.049 6.052 6.055 6.058 6.061 6.064 6.067 6.069 6.072 6.074 6.076 6.079 6.081 6.083 6.085 6.087 6.090 6.093 6.095 6.098 6.100 6.102 6.104 6.106 6.109 6.111 6.113 6.116 6.118 6.121 6.124 6.126 6.129
5.669 5.680 5.691 5.702 5.713 5.724 5.735 5.746 5.757 5.768 5.780 5.791 5.802 5.813 5.824 5.836 5.847 5.857 5.867 5.877 5.887 5.896 5.906 5.915 5.924 5.933 5.942 5.950 5.959 5.967 5.975 5.983 5.990 5.997 6.004 6.011 6.018 6.024 6.031 6.037 6.042 6.047 6.052 6.057 6.061 6.065 6.068 6.072 6.075 6.078 6.081 6.084 6.086 6.089 6.091 6.094 6.096 6.098 6.100 6.103 6.105 6.108 6.110 6.112 6.114 6.116 6.118 6.120 6.122 6.125 6.127 6.129 6.131 6.133 6.136 6.138 6.141
5.673 5.684 5.695 5.706 5.717 5.728 5.739 5.750 5.761 5.772 5.783 5.794 5.805 5.817 5.828 5.839 5.850 5.861 5.871 5.881 5.891 5.901 5.910 5.920 5.929 5.938 5.947 5.956 5.964 5.973 5.981 5.989 5.997 6.004 6.012 6.019 6.026 6.033 6.040 6.046 6.052 6.057 6.063 6.067 6.072 6.076 6.080 6.084 6.088 6.091 6.094 6.097 6.100 6.103 6.106 6.108 6.111 6.113 6.115 6.118 6.120 6.123 6.125 6.127 6.129 6.131 6.133 6.135 6.137 6.139 6.141 6.143 6.145 6.147 6.149 6.151 6.154
5.678 5.688 5.699 5.710 5.721 5.732 5.743 5.754 5.765 5.776 5.787 5.798 5.809 5.820 5.831 5.843 5.854 5.864 5.874 5.884 5.894 5.904 5.914 5.923 5.933 5.942 5.951 5.960 5.969 5.978 5.986 5.995 6.003 6.010 6.018 6.026 6.033 6.040 6.048 6.054 6.061 6.066 6.072 6.077 6.082 6.087 6.091 6.095 6.099 6.103 6.107 6.110 6.113 6.116 6.119 6.122 6.125 6.127 6.130 6.133 6.135 6.138 6.141 6.143 6.145 6.146 6.148 6.150 6.152 6.154 6.155 6.157 6.159 6.161 6.163 6.165 6.167
5.682 5.693 5.703 5.714 5.725 5.736 5.747 5.757 5.768 5.779 5.790 5.801 5.812 5.823 5.834 5.846 5.857 5.867 5.877 5.888 5.898 5.907 5.917 5.927 5.936 5.946 5.955 5.964 5.973 5.982 5.991 5.999 6.008 6.016 6.024 6.032 6.039 6.047 6.054 6.062 6.068 6.074 6.080 6.086 6.091 6.096 6.101 6.105 6.110 6.114 6.118 6.122 6.125 6.129 6.132 6.135 6.138 6.141 6.144 6.147 6.149 6.152 6.155 6.157 6.159 6.161 6.163 6.165 6.167 6.169 6.170 6.172 6.174 6.176 6.177 6.179 6.181
5.686 5.697 5.707 5.718 5.729 5.739 5.750 5.761 5.772 5.783 5.793 5.804 5.815 5.826 5.837 5.849 5.860 5.870 5.880 5.890 5.900 5.910 5.920 5.930 5.939 5.949 5.958 5.968 5.977 5.986 5.995 6.004 6.012 6.020 6.029 6.037 6.045 6.052 6.060 6.068 6.075 6.081 6.087 6.093 6.099 6.104 6.109 6.114 6.119 6.123 6.128 6.132 6.136 6.140 6.143 6.147 6.150 6.154 6.157 6.160 6.163 6.166 6.169 6.172 6.174 6.176 6.178 6.180 6.182 6.184 6.185 6.187 6.189 6.190 6.192 6.194 6.196
5.690 5.701 5.711 5.722 5.732 5.743 5.754 5.764 5.775 5.786 5.796 5.807 5.818 5.829 5.840 5.851 5.862 5.873 5.883 5.893 5.903 5.913 5.923 5.932 5.942 5.952 5.961 5.971 5.980 5.989 5.998 6.007 6.016 6.024 6.033 6.041 6.049 6.057 6.066 6.073 6.080 6.087 6.094 6.100 6.106 6.112 6.117 6.122 6.127 6.132 6.137 6.141 6.146 6.150 6.154 6.158 6.161 6.165 6.169 6.172 6.175 6.179 6.182 6.185 6.188 6.190 6.192 6.194 6.196 6.198 6.200 6.202 6.203 6.205 6.207 6.209 6.210
5.695 5.705 5.715 5.726 5.736 5.747 5.757 5.768 5.778 5.789 5.799 5.810 5.821 5.832 5.843 5.854 5.865 5.875 5.885 5.895 5.905 5.915 5.925 5.935 5.945 5.954 5.964 5.973 5.983 5.992 6.001 6.010 6.019 6.028 6.037 6.045 6.053 6.062 6.070 6.078 6.085 6.092 6.099 6.106 6.112 6.118 6.124 6.129 6.135 6.140 6.145 6.150 6.154 6.159 6.163 6.167 6.172 6.175 6.179 6.183 6.187 6.191 6.194 6.197 6.200 6.203 6.205 6.208 6.210 6.212 6.214 6.216 6.218 6.220 6.221 6.223 6.225
5.699 5.709 5.719 5.729 5.740 5.750 5.761 5.771 5.781 5.792 5.802 5.813 5.824 5.834 5.845 5.857 5.867 5.877 5.888 5.898 5.907 5.917 5.927 5.937 5.947 5.956 5.966 5.976 5.985 5.995 6.004 6.013 6.022 6.031 6.040 6.048 6.057 6.065 6.074 6.082 6.090 6.097 6.104 6.111 6.117 6.124 6.130 6.135 6.141 6.146 6.152 6.157 6.162 6.167 6.171 6.176 6.180 6.185 6.189 6.193 6.197 6.201 6.205 6.209 6.212 6.215 6.218 6.220 6.223 6.225 6.227 6.230 6.232 6.234 6.235 6.237 6.239
5.703 5.713 5.723 5.733 5.744 5.754 5.764 5.774 5.785 5.795 5.805 5.816 5.826 5.837 5.848 5.859 5.870 5.880 5.890 5.900 5.910 5.919 5.929 5.939 5.949 5.958 5.968 5.978 5.987 5.997 6.006 6.015 6.025 6.034 6.042 6.051 6.060 6.069 6.077 6.086 6.093 6.101 6.108 6.115 6.122 6.128 6.135 6.141 6.147 6.152 6.158 6.163 6.169 6.174 6.179 6.184 6.188 6.193 6.198 6.202 6.206 6.211 6.215 6.219 6.222 6.226 6.229 6.232 6.235 6.237 6.240 6.242 6.245 6.247 6.249 6.251 6.253
5.707 5.717 5.727 5.737 5.747 5.757 5.768 5.778 5.788 5.798 5.808 5.819 5.829 5.840 5.851 5.862 5.872 5.882 5.892 5.902 5.912 5.921 5.931 5.941 5.951 5.960 5.970 5.980 5.989 5.999 6.008 6.018 6.027 6.036 6.045 6.054 6.063 6.071 6.080 6.089 6.097 6.104 6.112 6.119 6.126 6.133 6.139 6.146 6.152 6.158 6.163 6.169 6.175 6.180 6.185 6.190 6.195 6.200 6.205 6.210 6.215 6.220 6.224 6.228 6.232 6.236 6.239 6.242 6.246 6.248 6.251 6.254 6.256 6.259 6.261 6.264 6.266
5.712 5.721 5.731 5.741 5.751 5.761 5.771 5.781 5.791 5.801 5.811 5.822 5.832 5.842 5.853 5.864 5.874 5.884 5.894 5.904 5.914 5.923 5.933 5.943 5.952 5.962 5.972 5.981 5.991 6.001 6.010 6.019 6.029 6.038 6.047 6.056 6.065 6.074 6.083 6.092 6.100 6.108 6.115 6.123 6.130 6.137 6.143 6.150 6.156 6.162 6.168 6.174 6.180 6.186 6.191 6.197 6.202 6.207 6.212 6.217 6.222 6.227 6.232 6.236 6.241 6.244 6.248 6.252 6.255 6.259 6.262 6.265 6.267 6.270 6.273 6.275 6.278
5.716 5.726 5.736 5.745 5.755 5.765 5.775 5.785 5.795 5.805 5.815 5.825 5.835 5.845 5.856 5.867 5.877 5.886 5.896 5.906 5.916 5.925 5.935 5.945 5.954 5.964 5.974 5.983 5.993 6.002 6.012 6.021 6.031 6.040 6.049 6.058 6.067 6.076 6.085 6.094 6.102 6.110 6.118 6.126 6.133 6.140 6.147 6.154 6.160 6.166 6.173 6.179 6.185 6.191 6.196 6.202 6.207 6.213 6.218 6.223 6.229 6.234 6.239 6.244 6.248 6.252 6.256 6.260 6.264 6.268 6.271 6.274 6.277 6.280 6.283 6.286 6.289
5.721 5.730 5.740 5.749 5.759 5.769 5.779 5.788 5.798 5.808 5.818 5.828 5.838 5.848 5.859 5.869 5.879 5.889 5.898 5.908 5.918 5.927 5.937 5.946 5.956 5.966 5.975 5.985 5.994 6.004 6.013 6.023 6.032 6.042 6.051 6.060 6.069 6.078 6.088 6.097 6.105 6.113 6.121 6.128 6.136 6.143 6.150 6.157 6.164 6.170 6.177 6.183 6.189 6.195 6.201 6.207 6.212 6.218 6.224 6.229 6.235 6.240 6.246 6.250 6.255 6.259 6.264 6.268 6.272 6.276 6.279 6.283 6.286 6.290 6.293 6.296 6.299
5.725 5.735 5.744 5.754 5.763 5.773 5.782 5.792 5.802 5.812 5.821 5.831 5.841 5.851 5.862 5.872 5.882 5.891 5.901 5.910 5.920 5.929 5.939 5.948 5.958 5.967 5.977 5.987 5.996 6.006 6.015 6.025 6.034 6.043 6.052 6.062 6.071 6.080 6.090 6.099 6.107 6.115 6.123 6.131 6.138 6.146 6.153 6.160 6.167 6.174 6.180 6.187 6.193 6.199 6.205 6.211 6.217 6.223 6.228 6.234 6.240 6.246 6.251 6.256 6.261 6.266 6.270 6.275 6.279 6.283 6.287 6.291 6.295 6.298 6.302 6.305 6.308
5.730 5.739 5.749 5.758 5.768 5.777 5.787 5.796 5.806 5.815 5.825 5.835 5.844 5.855 5.865 5.875 5.884 5.894 5.903 5.913 5.922 5.932 5.941 5.950 5.960 5.969 5.979 5.988 5.998 6.007 6.017 6.026 6.036 6.045 6.054 6.063 6.073 6.082 6.092 6.101 6.109 6.117 6.125 6.133 6.141 6.148 6.156 6.163 6.170 6.177 6.183 6.190 6.197 6.203 6.209 6.215 6.221 6.227 6.233 6.239 6.245 6.251 6.256 6.262 6.267 6.272 6.276 6.281 6.285 6.290 6.294 6.298 6.302 6.306 6.309 6.313 6.317
5.734 5.744 5.753 5.763 5.772 5.781 5.791 5.800 5.810 5.819 5.829 5.838 5.848 5.858 5.868 5.878 5.887 5.897 5.906 5.915 5.925 5.934 5.943 5.953 5.962 5.971 5.981 5.990 6.000 6.009 6.018 6.028 6.037 6.047 6.056 6.065 6.075 6.084 6.094 6.102 6.111 6.119 6.127 6.135 6.143 6.151 6.158 6.166 6.173 6.180 6.187 6.193 6.200 6.206 6.213 6.219 6.225 6.231 6.237 6.243 6.250 6.256 6.261 6.267 6.272 6.277 6.282 6.287 6.291 6.296 6.300 6.304 6.309 6.313 6.317 6.320 6.324
5.739 5.749 5.758 5.767 5.776 5.786 5.795 5.804 5.814 5.823 5.833 5.842 5.852 5.861 5.872 5.881 5.891 5.900 5.909 5.918 5.927 5.936 5.946 5.955 5.964 5.973 5.983 5.992 6.002 6.011 6.020 6.030 6.039 6.048 6.058 6.067 6.076 6.086 6.096 6.104 6.113 6.121 6.130 6.138 6.145 6.153 6.161 6.168 6.175 6.182 6.189 6.196 6.203 6.210 6.216 6.222 6.229 6.235 6.241 6.247 6.254 6.260 6.266 6.271 6.277 6.282 6.287 6.292 6.297 6.301 6.306 6.310 6.315 6.319 6.323 6.327 6.331
5.744 5.754 5.763 5.772 5.781 5.790 5.800 5.809 5.818 5.827 5.837 5.846 5.856 5.865 5.875 5.885 5.894 5.903 5.912 5.921 5.930 5.939 5.948 5.957 5.967 5.976 5.985 5.994 6.004 6.013 6.022 6.032 6.041 6.050 6.060 6.069 6.078 6.088 6.097 6.106 6.115 6.123 6.132 6.140 6.148 6.155 6.163 6.171 6.178 6.185 6.192 6.199 6.206 6.213 6.219 6.226 6.232 6.239 6.245 6.251 6.258 6.264 6.270 6.276 6.281 6.286 6.292 6.297 6.302 6.307 6.311 6.316 6.320 6.325 6.329 6.333 6.337
5.749 5.759 5.768 5.777 5.786 5.795 5.804 5.814 5.823 5.832 5.841 5.850 5.860 5.869 5.879 5.889 5.898 5.906 5.915 5.924 5.933 5.942 5.951 5.960 5.969 5.978 5.987 5.997 6.006 6.015 6.024 6.034 6.043 6.052 6.061 6.071 6.080 6.090 6.099 6.108 6.117 6.125 6.134 6.142 6.150 6.158 6.165 6.173 6.180 6.188 6.195 6.202 6.209 6.216 6.223 6.229 6.236 6.242 6.249 6.255 6.262 6.268 6.274 6.280 6.285 6.291 6.296 6.301 6.307 6.312 6.316 6.321 6.326 6.330 6.335 6.339 6.343
5.754 5.764 5.773 5.782 5.791 5.800 5.809 5.818 5.828 5.837 5.846 5.855 5.864 5.873 5.883 5.893 5.901 5.910 5.919 5.928 5.937 5.945 5.954 5.963 5.972 5.981 5.990 5.999 6.008 6.017 6.027 6.036 6.045 6.054 6.064 6.073 6.082 6.092 6.101 6.110 6.119 6.127 6.136 6.144 6.152 6.160 6.168 6.175 6.183 6.190 6.198 6.205 6.212 6.219 6.226 6.232 6.239 6.246 6.252 6.259 6.265 6.272 6.278 6.284 6.290 6.295 6.301 6.306 6.311 6.316 6.321 6.326 6.331 6.335 6.340 6.345 6.349
5.760 5.769 5.778 5.787 5.796 5.805 5.814 5.823 5.832 5.841 5.850 5.860 5.869 5.878 5.888 5.897 5.906 5.914 5.923 5.932 5.940 5.949 5.958 5.966 5.975 5.984 5.993 6.002 6.011 6.020 6.029 6.038 6.047 6.057 6.066 6.075 6.084 6.094 6.103 6.112 6.121 6.130 6.138 6.146 6.154 6.162 6.170 6.178 6.186 6.193 6.200 6.208 6.215 6.222 6.229 6.236 6.242 6.249 6.256 6.262 6.269 6.276 6.282 6.288 6.294 6.299 6.305 6.310 6.316 6.321 6.326 6.331 6.336 6.340 6.345 6.350 6.354
5.765 5.774 5.784 5.793 5.802 5.811 5.820 5.829 5.838 5.847 5.856 5.864 5.874 5.883 5.892 5.901 5.910 5.919 5.927 5.936 5.944 5.953 5.961 5.970 5.979 5.987 5.996 6.005 6.014 6.023 6.032 6.041 6.050 6.059 6.068 6.078 6.087 6.096 6.106 6.115 6.123 6.132 6.140 6.149 6.157 6.165 6.173 6.180 6.188 6.196 6.203 6.210 6.218 6.225 6.232 6.239 6.246 6.252 6.259 6.266 6.273 6.279 6.286 6.292 6.298 6.303 6.309 6.315 6.320 6.325 6.330 6.336 6.340 6.345 6.350 6.355 6.360
5.770 5.780 5.789 5.798 5.807 5.816 5.825 5.834 5.843 5.852 5.861 5.870 5.879 5.888 5.897 5.906 5.915 5.923 5.931 5.940 5.948 5.957 5.965 5.974 5.982 5.991 6.000 6.008 6.017 6.026 6.035 6.044 6.053 6.062 6.071 6.080 6.089 6.099 6.108 6.117 6.126 6.134 6.143 6.151 6.159 6.167 6.175 6.183 6.191 6.198 6.206 6.213 6.221 6.228 6.235 6.242 6.249 6.256 6.262 6.269 6.276 6.283 6.289 6.296 6.302 6.307 6.313 6.319 6.324 6.330 6.335 6.340 6.345 6.350 6.355 6.360 6.365
5.776 5.785 5.795 5.804 5.813 5.822 5.831 5.840 5.849 5.857 5.866 5.875 5.884 5.893 5.902 5.911 5.920 5.928 5.936 5.944 5.953 5.961 5.969 5.978 5.986 5.995 6.003 6.012 6.021 6.029 6.038 6.047 6.056 6.065 6.074 6.083 6.092 6.102 6.111 6.120 6.128 6.137 6.145 6.154 6.162 6.170 6.178 6.186 6.194 6.201 6.209 6.216 6.224 6.231 6.238 6.245 6.252 6.259 6.266 6.273 6.280 6.287 6.293 6.299 6.306 6.312 6.317 6.323 6.329 6.334 6.340 6.345 6.350 6.355 6.360 6.365 6.370
5.781 5.791 5.800 5.809 5.819 5.828 5.837 5.846 5.854 5.863 5.872 5.881 5.890 5.899 5.908 5.917 5.925 5.933 5.941 5.949 5.957 5.966 5.974 5.982 5.990 5.999 6.007 6.016 6.024 6.033 6.042 6.050 6.059 6.068 6.077 6.086 6.095 6.105 6.114 6.122 6.131 6.140 6.148 6.156 6.165 6.173 6.181 6.189 6.196 6.204 6.212 6.219 6.227 6.234 6.241 6.248 6.255 6.263 6.269 6.277 6.284 6.291 6.297 6.303 6.310 6.316 6.322 6.327 6.333 6.339 6.344 6.349 6.355 6.360 6.365 6.370 6.375
5.787 5.796 5.806 5.815 5.824 5.834 5.843 5.851 5.860 5.869 5.878 5.887 5.895 5.904 5.914 5.922 5.930 5.938 5.946 5.954 5.962 5.971 5.979 5.987 5.995 6.003 6.011 6.020 6.028 6.037 6.045 6.054 6.063 6.072 6.080 6.089 6.098 6.108 6.117 6.126 6.134 6.143 6.151 6.159 6.168 6.176 6.184 6.192 6.199 6.207 6.215 6.222 6.230 6.237 6.245 6.252 6.259 6.266 6.273 6.280 6.287 6.294 6.301 6.307 6.314 6.320 6.326 6.332 6.337 6.343 6.349 6.354 6.359 6.364 6.370 6.375 6.380
5.792 5.802 5.811 5.821 5.830 5.839 5.848 5.857 5.866 5.875 5.884 5.893 5.901 5.910 5.920 5.928 5.936 5.944 5.952 5.960 5.968 5.976 5.984 5.992 6.000 6.008 6.016 6.024 6.033 6.041 6.050 6.058 6.067 6.075 6.084 6.093 6.102 6.111 6.120 6.129 6.137 6.146 6.154 6.162 6.171 6.179 6.187 6.195 6.202 6.210 6.218 6.226 6.233 6.240 6.248 6.255 6.262 6.270 6.277 6.284 6.291 6.298 6.305 6.311 6.318 6.324 6.330 6.336 6.342 6.348 6.353 6.359 6.364 6.369 6.374 6.380 6.385
5.797 5.807 5.817 5.827 5.836 5.845 5.854 5.863 5.872 5.881 5.890 5.899 5.907 5.917 5.926 5.934 5.942 5.950 5.958 5.965 5.973 5.981 5.989 5.997 6.005 6.013 6.021 6.029 6.037 6.045 6.054 6.062 6.071 6.079 6.088 6.097 6.105 6.115 6.124 6.132 6.141 6.149 6.157 6.166 6.174 6.182 6.190 6.198 6.206 6.213 6.221 6.229 6.236 6.244 6.251 6.259 6.266 6.273 6.280 6.288 6.295 6.302 6.309 6.315 6.322 6.328 6.334 6.340 6.346 6.352 6.358 6.363 6.369 6.374 6.379 6.385 6.390
5.802 5.812 5.822 5.832 5.842 5.851 5.860 5.869 5.878 5.887 5.896 5.905 5.914 5.923 5.932 5.940 5.948 5.956 5.964 5.971 5.979 5.987 5.994 6.002 6.010 6.018 6.026 6.034 6.042 6.050 6.058 6.067 6.075 6.083 6.092 6.100 6.109 6.118 6.127 6.136 6.144 6.152 6.161 6.169 6.177 6.185 6.193 6.201 6.209 6.217 6.224 6.232 6.240 6.247 6.255 6.262 6.270 6.277 6.284 6.291 6.299 6.306 6.313 6.320 6.326 6.332 6.339 6.345 6.351 6.357 6.362 6.368 6.374 6.379 6.384 6.390 6.395
5.807 5.817 5.827 5.837 5.847 5.857 5.866 5.875 5.884 5.893 5.902 5.911 5.920 5.929 5.938 5.946 5.954 5.962 5.970 5.977 5.985 5.993 6.000 6.008 6.016 6.023 6.031 6.039 6.047 6.055 6.063 6.071 6.079 6.088 6.096 6.105 6.113 6.122 6.131 6.140 6.148 6.156 6.164 6.172 6.181 6.189 6.197 6.204 6.212 6.220 6.228 6.236 6.243 6.251 6.258 6.266 6.273 6.280 6.288 6.295 6.303 6.310 6.317 6.324 6.330 6.337 6.343 6.349 6.355 6.361 6.367 6.373 6.378 6.384 6.389 6.395 6.400
5.812 5.822 5.832 5.842 5.852 5.862 5.872 5.881 5.890 5.899 5.908 5.917 5.926 5.935 5.944 5.952 5.960 5.968 5.976 5.983 5.991 5.998 6.006 6.014 6.021 6.029 6.037 6.044 6.052 6.060 6.068 6.076 6.084 6.092 6.100 6.109 6.118 6.127 6.135 6.143 6.152 6.160 6.168 6.176 6.184 6.192 6.200 6.208 6.216 6.224 6.231 6.239 6.247 6.254 6.262 6.269 6.277 6.284 6.292 6.299 6.307 6.314 6.321 6.328 6.334 6.341 6.347 6.354 6.360 6.366 6.372 6.377 6.383 6.389 6.394 6.400 6.405
5.816 5.827 5.837 5.847 5.857 5.867 5.877 5.887 5.896 5.905 5.914 5.923 5.932 5.942 5.950 5.958 5.966 5.974 5.982 5.989 5.997 6.005 6.012 6.019 6.027 6.035 6.042 6.050 6.057 6.065 6.073 6.081 6.089 6.097 6.105 6.113 6.122 6.131 6.139 6.147 6.156 6.164 6.172 6.180 6.188 6.196 6.204 6.211 6.219 6.227 6.235 6.243 6.250 6.258 6.265 6.273 6.280 6.288 6.295 6.303 6.311 6.318 6.325 6.332 6.338 6.345 6.352 6.358 6.364 6.370 6.376 6.382 6.388 6.393 6.399 6.404 6.410
