version1/TsunamiDB/out54063.asc
ncols          264
nrows          230
xllcorner      497853.4375
yllcorner      4229146.0000
cellsize         5.
NODATA_value   -99
[rows 33 to 65 of 230, columns 150 to 224 of 264]
5.521 5.541 5.560 5.578 5.597 5.617 5.636 5.654 5.673 5.691 5.709 5.726 5.743 5.760 5.777 5.793 5.810 5.826 5.843 5.860 5.878 5.896 5.915 5.935 5.955 5.975 5.994 6.015 6.036 6.057 6.077 6.098 6.118 6.137 6.156 6.174 6.191 6.208 6.223 6.238 6.253 6.266 6.279 6.292 6.305 6.317 6.329 6.342 6.354 6.366 6.379 6.392 6.406 6.421 6.435 6.450 6.464 6.479 6.493 6.506 6.519 6.531 6.543 6.554 6.564 6.575 6.585 6.595 6.606 6.617 6.630 6.643 6.657 6.674 6.693
5.529 5.549 5.568 5.586 5.606 5.625 5.644 5.663 5.681 5.700 5.717 5.735 5.752 5.769 5.785 5.801 5.817 5.833 5.849 5.866 5.882 5.899 5.917 5.936 5.955 5.973 5.992 6.012 6.033 6.053 6.074 6.094 6.115 6.134 6.153 6.172 6.190 6.207 6.223 6.238 6.253 6.267 6.281 6.294 6.307 6.320 6.333 6.346 6.358 6.370 6.384 6.397 6.411 6.426 6.441 6.456 6.471 6.485 6.500 6.514 6.527 6.540 6.552 6.563 6.574 6.584 6.594 6.604 6.614 6.625 6.637 6.649 6.662 6.678 6.696
5.538 5.558 5.576 5.594 5.614 5.633 5.652 5.671 5.689 5.708 5.726 5.743 5.761 5.777 5.794 5.810 5.826 5.841 5.857 5.872 5.888 5.904 5.920 5.938 5.956 5.973 5.991 6.010 6.030 6.050 6.070 6.091 6.111 6.130 6.150 6.169 6.187 6.204 6.221 6.237 6.253 6.268 6.282 6.296 6.309 6.322 6.336 6.349 6.362 6.374 6.387 6.401 6.416 6.430 6.445 6.461 6.476 6.491 6.506 6.520 6.534 6.547 6.560 6.572 6.583 6.593 6.603 6.613 6.622 6.633 6.644 6.655 6.667 6.682 6.700
5.547 5.566 5.584 5.602 5.621 5.640 5.659 5.678 5.697 5.716 5.734 5.751 5.769 5.786 5.802 5.818 5.834 5.849 5.864 5.879 5.894 5.910 5.925 5.941 5.958 5.974 5.991 6.009 6.028 6.047 6.067 6.087 6.107 6.126 6.146 6.165 6.183 6.201 6.219 6.235 6.251 6.267 6.281 6.296 6.310 6.324 6.337 6.351 6.364 6.377 6.390 6.404 6.419 6.434 6.449 6.465 6.480 6.496 6.511 6.526 6.540 6.554 6.567 6.579 6.591 6.602 6.612 6.621 6.631 6.641 6.651 6.662 6.673 6.687 6.704
5.556 5.575 5.593 5.610 5.629 5.648 5.667 5.686 5.704 5.723 5.741 5.759 5.777 5.794 5.810 5.827 5.842 5.858 5.873 5.887 5.902 5.916 5.931 5.946 5.962 5.977 5.992 6.009 6.027 6.045 6.064 6.083 6.103 6.122 6.141 6.160 6.179 6.197 6.215 6.232 6.249 6.265 6.280 6.295 6.309 6.324 6.338 6.352 6.365 6.378 6.392 6.407 6.421 6.437 6.452 6.468 6.484 6.500 6.516 6.531 6.546 6.560 6.574 6.587 6.599 6.610 6.620 6.630 6.640 6.649 6.659 6.669 6.680 6.694 6.710
5.565 5.584 5.601 5.619 5.637 5.655 5.674 5.693 5.711 5.730 5.748 5.766 5.784 5.801 5.818 5.834 5.850 5.866 5.881 5.896 5.910 5.924 5.938 5.952 5.967 5.981 5.995 6.011 6.027 6.044 6.062 6.080 6.099 6.118 6.137 6.156 6.174 6.193 6.211 6.228 6.245 6.262 6.277 6.293 6.308 6.323 6.337 6.352 6.365 6.379 6.393 6.408 6.423 6.439 6.455 6.471 6.487 6.503 6.519 6.535 6.551 6.566 6.580 6.594 6.606 6.618 6.629 6.639 6.649 6.659 6.669 6.678 6.688 6.701 6.717
5.575 5.593 5.611 5.627 5.645 5.663 5.681 5.700 5.718 5.736 5.755 5.773 5.790 5.808 5.825 5.842 5.858 5.874 5.889 5.904 5.918 5.932 5.945 5.959 5.973 5.986 5.999 6.013 6.029 6.045 6.061 6.079 6.096 6.114 6.133 6.151 6.170 6.188 6.206 6.224 6.241 6.258 6.274 6.290 6.306 6.321 6.336 6.351 6.365 6.379 6.393 6.408 6.424 6.440 6.456 6.473 6.489 6.506 6.523 6.539 6.555 6.571 6.586 6.600 6.613 6.626 6.637 6.648 6.659 6.669 6.679 6.687 6.698 6.711 6.726
5.586 5.604 5.620 5.637 5.654 5.672 5.689 5.707 5.725 5.743 5.761 5.779 5.797 5.814 5.832 5.848 5.865 5.881 5.896 5.911 5.926 5.940 5.953 5.966 5.979 5.992 6.004 6.018 6.032 6.047 6.062 6.078 6.095 6.112 6.130 6.148 6.166 6.184 6.202 6.219 6.237 6.254 6.271 6.287 6.303 6.319 6.334 6.349 6.364 6.378 6.393 6.408 6.424 6.441 6.457 6.474 6.491 6.508 6.525 6.542 6.559 6.576 6.591 6.606 6.621 6.634 6.646 6.658 6.669 6.680 6.689 6.699 6.709 6.722 6.737
5.598 5.615 5.631 5.647 5.664 5.681 5.698 5.715 5.733 5.750 5.768 5.785 5.803 5.820 5.838 5.855 5.871 5.888 5.903 5.918 5.933 5.947 5.961 5.974 5.987 5.999 6.010 6.023 6.036 6.050 6.064 6.079 6.095 6.111 6.128 6.145 6.162 6.180 6.198 6.215 6.233 6.250 6.267 6.283 6.300 6.316 6.332 6.348 6.362 6.377 6.392 6.408 6.424 6.441 6.458 6.475 6.492 6.510 6.528 6.546 6.563 6.580 6.597 6.613 6.628 6.642 6.656 6.668 6.680 6.692 6.702 6.711 6.722 6.735 6.749
5.610 5.627 5.643 5.658 5.674 5.691 5.707 5.724 5.741 5.758 5.775 5.792 5.809 5.827 5.844 5.861 5.878 5.894 5.910 5.925 5.940 5.955 5.968 5.982 5.995 6.006 6.018 6.030 6.042 6.055 6.068 6.082 6.097 6.112 6.127 6.144 6.160 6.177 6.194 6.212 6.229 6.246 6.263 6.280 6.297 6.313 6.330 6.345 6.360 6.375 6.391 6.407 6.424 6.441 6.458 6.476 6.494 6.512 6.530 6.549 6.567 6.585 6.602 6.619 6.636 6.651 6.666 6.679 6.692 6.704 6.715 6.725 6.737 6.749 6.763
5.623 5.639 5.655 5.670 5.686 5.702 5.718 5.734 5.750 5.766 5.783 5.799 5.816 5.833 5.850 5.867 5.884 5.900 5.916 5.932 5.947 5.962 5.976 5.989 6.002 6.014 6.025 6.037 6.049 6.061 6.074 6.087 6.100 6.114 6.129 6.144 6.160 6.176 6.193 6.210 6.226 6.243 6.260 6.277 6.294 6.311 6.328 6.343 6.358 6.374 6.390 6.407 6.424 6.441 6.459 6.477 6.496 6.514 6.533 6.552 6.571 6.590 6.608 6.626 6.644 6.660 6.676 6.691 6.705 6.718 6.730 6.741 6.752 6.764 6.777
5.636 5.653 5.668 5.683 5.698 5.714 5.729 5.744 5.760 5.776 5.792 5.808 5.824 5.840 5.857 5.873 5.890 5.906 5.922 5.938 5.954 5.969 5.983 5.997 6.010 6.022 6.033 6.045 6.057 6.069 6.081 6.093 6.105 6.119 6.132 6.147 6.161 6.177 6.193 6.209 6.226 6.242 6.259 6.276 6.293 6.309 6.326 6.342 6.357 6.373 6.390 6.407 6.424 6.442 6.460 6.479 6.498 6.517 6.536 6.556 6.576 6.596 6.615 6.634 6.652 6.670 6.687 6.703 6.718 6.733 6.745 6.757 6.768 6.780 6.793
5.650 5.666 5.681 5.696 5.711 5.727 5.742 5.756 5.771 5.786 5.802 5.817 5.833 5.848 5.864 5.881 5.897 5.913 5.929 5.945 5.960 5.976 5.991 6.005 6.018 6.030 6.042 6.054 6.065 6.077 6.089 6.101 6.113 6.125 6.138 6.151 6.165 6.180 6.195 6.210 6.226 6.243 6.259 6.276 6.292 6.309 6.326 6.342 6.357 6.374 6.391 6.408 6.426 6.444 6.462 6.481 6.501 6.520 6.540 6.561 6.581 6.602 6.622 6.642 6.662 6.681 6.699 6.716 6.732 6.748 6.761 6.773 6.785 6.798 6.810
5.663 5.680 5.695 5.710 5.725 5.740 5.755 5.770 5.784 5.798 5.813 5.828 5.843 5.858 5.873 5.889 5.904 5.920 5.936 5.952 5.968 5.983 5.998 6.013 6.026 6.038 6.050 6.063 6.075 6.086 6.098 6.109 6.121 6.133 6.145 6.158 6.171 6.185 6.199 6.214 6.229 6.245 6.261 6.277 6.294 6.310 6.327 6.343 6.359 6.375 6.392 6.410 6.428 6.446 6.465 6.485 6.504 6.525 6.545 6.566 6.588 6.609 6.630 6.651 6.672 6.692 6.711 6.730 6.747 6.764 6.778 6.791 6.803 6.816 6.828
5.677 5.694 5.710 5.725 5.740 5.755 5.769 5.784 5.798 5.812 5.826 5.840 5.854 5.868 5.883 5.898 5.913 5.929 5.944 5.960 5.975 5.991 6.006 6.021 6.034 6.047 6.059 6.072 6.084 6.096 6.108 6.120 6.131 6.143 6.154 6.167 6.179 6.192 6.206 6.220 6.235 6.250 6.265 6.281 6.297 6.314 6.330 6.346 6.362 6.378 6.396 6.413 6.432 6.450 6.469 6.489 6.509 6.530 6.551 6.573 6.595 6.617 6.639 6.661 6.683 6.704 6.724 6.744 6.762 6.780 6.795 6.809 6.822 6.835 6.847
5.691 5.708 5.724 5.739 5.755 5.770 5.785 5.799 5.813 5.826 5.840 5.853 5.867 5.881 5.895 5.909 5.923 5.938 5.953 5.969 5.984 5.999 6.014 6.029 6.043 6.056 6.069 6.082 6.095 6.107 6.119 6.131 6.142 6.154 6.165 6.177 6.189 6.202 6.215 6.228 6.242 6.257 6.272 6.287 6.303 6.319 6.335 6.351 6.367 6.383 6.401 6.418 6.437 6.455 6.475 6.495 6.515 6.536 6.558 6.580 6.603 6.626 6.648 6.671 6.694 6.716 6.738 6.758 6.778 6.797 6.813 6.828 6.842 6.855 6.867
5.704 5.722 5.737 5.754 5.770 5.785 5.800 5.814 5.828 5.842 5.855 5.868 5.881 5.894 5.908 5.921 5.935 5.949 5.964 5.979 5.993 6.008 6.023 6.038 6.052 6.065 6.079 6.092 6.105 6.118 6.130 6.142 6.154 6.166 6.177 6.189 6.201 6.213 6.225 6.238 6.252 6.266 6.280 6.295 6.311 6.326 6.343 6.358 6.374 6.390 6.407 6.425 6.443 6.462 6.482 6.502 6.523 6.544 6.566 6.589 6.612 6.635 6.659 6.682 6.706 6.729 6.752 6.774 6.794 6.814 6.832 6.847 6.862 6.876 6.890
5.717 5.735 5.751 5.768 5.784 5.800 5.815 5.830 5.844 5.858 5.871 5.884 5.897 5.909 5.922 5.935 5.948 5.962 5.976 5.990 6.004 6.019 6.034 6.049 6.063 6.076 6.090 6.103 6.117 6.130 6.143 6.155 6.167 6.179 6.190 6.202 6.214 6.225 6.238 6.250 6.263 6.277 6.291 6.306 6.321 6.336 6.352 6.367 6.383 6.399 6.416 6.434 6.452 6.471 6.490 6.511 6.531 6.553 6.575 6.598 6.622 6.646 6.670 6.694 6.719 6.743 6.766 6.789 6.811 6.832 6.851 6.868 6.884 6.899 6.913
5.729 5.747 5.764 5.782 5.799 5.815 5.831 5.846 5.860 5.874 5.888 5.901 5.913 5.926 5.938 5.951 5.963 5.976 5.989 6.003 6.017 6.031 6.046 6.060 6.074 6.087 6.101 6.115 6.129 6.142 6.155 6.168 6.180 6.192 6.204 6.216 6.228 6.240 6.252 6.264 6.277 6.290 6.304 6.318 6.333 6.348 6.363 6.379 6.394 6.410 6.426 6.444 6.462 6.481 6.500 6.521 6.541 6.563 6.586 6.609 6.633 6.657 6.682 6.707 6.732 6.757 6.781 6.805 6.829 6.851 6.871 6.889 6.907 6.923 6.938
5.742 5.760 5.777 5.795 5.813 5.830 5.846 5.862 5.876 5.891 5.904 5.918 5.930 5.943 5.955 5.967 5.980 5.992 6.005 6.018 6.031 6.045 6.059 6.073 6.087 6.100 6.114 6.128 6.142 6.155 6.169 6.182 6.195 6.207 6.219 6.231 6.243 6.255 6.267 6.279 6.292 6.305 6.318 6.332 6.347 6.361 6.377 6.392 6.406 6.422 6.439 6.456 6.474 6.493 6.512 6.532 6.553 6.575 6.597 6.621 6.645 6.669 6.695 6.720 6.746 6.772 6.797 6.822 6.847 6.870 6.892 6.911 6.930 6.948 6.964
5.753 5.772 5.790 5.808 5.826 5.844 5.861 5.877 5.892 5.907 5.921 5.935 5.948 5.961 5.973 5.985 5.997 6.009 6.021 6.034 6.047 6.060 6.073 6.087 6.101 6.114 6.127 6.141 6.155 6.169 6.183 6.196 6.209 6.222 6.235 6.247 6.259 6.271 6.283 6.296 6.308 6.321 6.334 6.348 6.362 6.377 6.392 6.407 6.421 6.437 6.453 6.470 6.488 6.506 6.525 6.545 6.566 6.587 6.610 6.633 6.657 6.682 6.708 6.734 6.760 6.787 6.813 6.840 6.865 6.890 6.913 6.934 6.954 6.973 6.990
5.765 5.784 5.802 5.821 5.839 5.857 5.875 5.892 5.908 5.923 5.938 5.952 5.966 5.979 5.991 6.003 6.015 6.027 6.039 6.051 6.063 6.076 6.089 6.103 6.116 6.128 6.142 6.156 6.170 6.184 6.198 6.211 6.225 6.238 6.251 6.263 6.276 6.288 6.300 6.313 6.325 6.338 6.352 6.365 6.379 6.394 6.409 6.423 6.437 6.453 6.469 6.486 6.503 6.521 6.540 6.559 6.580 6.601 6.624 6.647 6.671 6.696 6.722 6.749 6.776 6.803 6.830 6.858 6.885 6.911 6.935 6.957 6.979 6.998 7.016
5.776 5.796 5.814 5.833 5.852 5.870 5.888 5.906 5.923 5.939 5.954 5.969 5.983 5.996 6.009 6.022 6.034 6.046 6.058 6.070 6.082 6.094 6.106 6.120 6.132 6.144 6.158 6.171 6.185 6.199 6.213 6.227 6.241 6.254 6.267 6.280 6.293 6.306 6.318 6.331 6.344 6.357 6.370 6.384 6.398 6.412 6.427 6.441 6.455 6.470 6.486 6.503 6.520 6.537 6.556 6.575 6.595 6.616 6.639 6.662 6.686 6.711 6.737 6.764 6.792 6.820 6.848 6.876 6.904 6.931 6.956 6.980 7.003 7.024 7.043
5.788 5.807 5.826 5.845 5.864 5.883 5.902 5.920 5.937 5.954 5.970 5.985 6.000 6.014 6.028 6.040 6.053 6.065 6.077 6.089 6.101 6.113 6.125 6.138 6.150 6.162 6.175 6.188 6.202 6.216 6.230 6.244 6.257 6.271 6.284 6.298 6.311 6.324 6.336 6.349 6.362 6.375 6.389 6.403 6.417 6.431 6.446 6.460 6.474 6.489 6.505 6.521 6.538 6.555 6.573 6.592 6.612 6.633 6.655 6.678 6.702 6.727 6.753 6.781 6.809 6.837 6.866 6.895 6.925 6.952 6.979 7.004 7.028 7.049 7.068
5.799 5.819 5.837 5.857 5.876 5.896 5.914 5.933 5.951 5.968 5.985 6.001 6.017 6.031 6.045 6.059 6.072 6.084 6.096 6.108 6.120 6.132 6.144 6.156 6.168 6.180 6.193 6.206 6.219 6.233 6.247 6.261 6.275 6.289 6.302 6.316 6.329 6.342 6.355 6.368 6.381 6.395 6.408 6.422 6.436 6.451 6.466 6.480 6.494 6.509 6.525 6.541 6.558 6.575 6.592 6.611 6.630 6.651 6.672 6.695 6.719 6.744 6.770 6.798 6.826 6.855 6.885 6.915 6.945 6.974 7.001 7.027 7.052 7.074 7.093
5.811 5.830 5.849 5.869 5.888 5.908 5.927 5.946 5.964 5.982 6.000 6.016 6.032 6.048 6.063 6.077 6.090 6.103 6.116 6.128 6.140 6.152 6.164 6.176 6.188 6.199 6.211 6.224 6.238 6.251 6.265 6.279 6.293 6.307 6.320 6.334 6.347 6.361 6.374 6.387 6.401 6.414 6.428 6.442 6.457 6.472 6.486 6.500 6.515 6.530 6.546 6.562 6.578 6.595 6.613 6.631 6.650 6.670 6.691 6.713 6.737 6.762 6.788 6.816 6.844 6.874 6.904 6.934 6.965 6.995 7.023 7.050 7.076 7.098 7.117
5.823 5.842 5.861 5.880 5.900 5.920 5.939 5.958 5.977 5.996 6.014 6.031 6.048 6.064 6.079 6.094 6.109 6.122 6.135 6.148 6.160 6.172 6.184 6.196 6.208 6.219 6.231 6.244 6.257 6.270 6.284 6.297 6.311 6.325 6.339 6.353 6.366 6.380 6.393 6.407 6.421 6.434 6.448 6.463 6.478 6.493 6.507 6.521 6.536 6.551 6.567 6.583 6.600 6.617 6.634 6.652 6.670 6.690 6.711 6.732 6.756 6.781 6.807 6.834 6.863 6.893 6.923 6.954 6.986 7.016 7.045 7.073 7.099 7.122 7.141
5.835 5.854 5.872 5.892 5.912 5.932 5.951 5.971 5.990 6.009 6.027 6.045 6.063 6.079 6.096 6.111 6.126 6.140 6.154 6.167 6.180 6.192 6.205 6.217 6.228 6.239 6.251 6.264 6.276 6.290 6.303 6.317 6.330 6.344 6.358 6.372 6.386 6.399 6.413 6.427 6.441 6.455 6.469 6.483 6.498 6.514 6.528 6.543 6.558 6.573 6.590 6.606 6.622 6.639 6.656 6.674 6.692 6.711 6.732 6.753 6.776 6.800 6.826 6.853 6.882 6.912 6.943 6.974 7.006 7.037 7.066 7.095 7.122 7.145 7.164
5.848 5.866 5.885 5.904 5.924 5.943 5.963 5.983 6.002 6.022 6.040 6.059 6.077 6.094 6.111 6.127 6.143 6.158 6.172 6.186 6.199 6.212 6.225 6.237 6.248 6.260 6.272 6.284 6.297 6.310 6.323 6.336 6.350 6.364 6.378 6.391 6.405 6.419 6.433 6.447 6.461 6.475 6.489 6.504 6.519 6.535 6.550 6.564 6.580 6.596 6.612 6.629 6.645 6.662 6.680 6.697 6.715 6.734 6.754 6.775 6.797 6.821 6.846 6.873 6.902 6.932 6.963 6.994 7.026 7.058 7.088 7.117 7.144 7.168 7.187
5.862 5.880 5.897 5.916 5.936 5.956 5.975 5.995 6.015 6.034 6.053 6.072 6.091 6.109 6.126 6.143 6.159 6.175 6.190 6.204 6.218 6.232 6.245 6.257 6.269 6.280 6.292 6.305 6.317 6.330 6.343 6.356 6.370 6.384 6.397 6.411 6.425 6.439 6.453 6.467 6.481 6.495 6.510 6.525 6.540 6.556 6.571 6.586 6.602 6.618 6.635 6.652 6.669 6.686 6.703 6.721 6.739 6.757 6.777 6.797 6.819 6.842 6.867 6.894 6.922 6.952 6.982 7.014 7.047 7.078 7.109 7.138 7.166 7.190 7.210
5.876 5.893 5.911 5.929 5.948 5.968 5.987 6.007 6.027 6.047 6.066 6.085 6.104 6.123 6.140 6.158 6.175 6.191 6.207 6.222 6.237 6.251 6.264 6.277 6.289 6.300 6.313 6.325 6.338 6.351 6.364 6.377 6.390 6.404 6.418 6.431 6.445 6.459 6.473 6.487 6.501 6.516 6.531 6.546 6.561 6.577 6.593 6.608 6.624 6.641 6.658 6.675 6.693 6.710 6.728 6.745 6.763 6.781 6.800 6.820 6.842 6.864 6.889 6.915 6.943 6.972 7.002 7.034 7.067 7.098 7.129 7.159 7.188 7.212 7.232
5.892 5.908 5.925 5.943 5.962 5.981 6.000 6.020 6.039 6.059 6.078 6.098 6.117 6.136 6.154 6.172 6.190 6.207 6.223 6.239 6.254 6.269 6.284 6.297 6.308 6.321 6.333 6.346 6.359 6.371 6.384 6.398 6.411 6.424 6.438 6.452 6.466 6.479 6.493 6.508 6.522 6.536 6.551 6.566 6.582 6.598 6.614 6.630 6.646 6.663 6.681 6.698 6.716 6.734 6.752 6.770 6.788 6.806 6.825 6.844 6.865 6.887 6.911 6.936 6.963 6.992 7.022 7.054 7.086 7.118 7.150 7.180 7.209 7.234 7.254
5.908 5.924 5.940 5.957 5.975 5.994 6.013 6.032 6.052 6.071 6.091 6.111 6.130 6.149 6.168 6.187 6.205 6.222 6.239 6.255 6.271 6.287 6.302 6.315 6.327 6.340 6.353 6.366 6.379 6.392 6.405 6.418 6.431 6.445 6.458 6.472 6.486 6.500 6.514 6.528 6.542 6.557 6.572 6.587 6.603 6.619 6.635 6.651 6.668 6.685 6.703 6.721 6.740 6.758 6.776 6.795 6.813 6.831 6.850 6.869 6.889 6.910 6.933 6.958 6.984 7.013 7.043 7.074 7.106 7.138 7.170 7.200 7.230 7.255 7.276
