version1/TsunamiDB/out54107.asc
ncols          264
nrows          230
xllcorner      497853.4375
yllcorner      4229146.0000
cellsize         5.
NODATA_value   -99
[rows 0 to 33 of 230, columns 77 to 153 of 264]
5.163 5.186 5.208 5.229 5.250 5.271 5.291 5.311 5.331 5.348 5.366 5.384 5.402 5.419 5.436 5.453 5.469 5.485 5.500 5.515 5.529 5.543 5.557 5.569 5.582 5.594 5.605 5.616 5.627 5.637 5.646 5.655 5.662 5.669 5.676 5.683 5.690 5.697 5.703 5.710 5.716 5.723 5.729 5.736 5.743 5.750 5.758 5.766 5.774 5.782 5.791 5.801 5.810 5.820 5.830 5.839 5.849 5.859 5.869 5.880 5.891 5.903 5.914 5.925 5.937 5.949 5.960 5.972 5.983 5.994 6.005 6.016 6.027 6.038 6.049 6.059 6.070
5.173 5.195 5.217 5.239 5.260 5.281 5.301 5.322 5.341 5.358 5.376 5.395 5.413 5.430 5.447 5.464 5.481 5.497 5.512 5.527 5.542 5.557 5.570 5.584 5.597 5.609 5.621 5.633 5.644 5.654 5.664 5.673 5.680 5.688 5.695 5.702 5.709 5.715 5.722 5.728 5.734 5.740 5.746 5.752 5.758 5.765 5.772 5.779 5.786 5.794 5.802 5.811 5.820 5.829 5.838 5.846 5.856 5.865 5.875 5.886 5.897 5.908 5.919 5.930 5.941 5.953 5.964 5.976 5.987 5.998 6.010 6.021 6.032 6.043 6.053 6.064 6.074
5.182 5.204 5.226 5.248 5.269 5.290 5.311 5.331 5.350 5.368 5.386 5.405 5.423 5.440 5.458 5.475 5.491 5.508 5.524 5.539 5.554 5.569 5.583 5.597 5.611 5.623 5.636 5.648 5.659 5.670 5.681 5.690 5.698 5.706 5.713 5.721 5.728 5.734 5.741 5.747 5.752 5.758 5.764 5.769 5.775 5.781 5.787 5.793 5.800 5.807 5.814 5.822 5.830 5.839 5.847 5.855 5.863 5.872 5.882 5.892 5.902 5.913 5.924 5.935 5.946 5.957 5.968 5.980 5.991 6.002 6.014 6.025 6.036 6.047 6.057 6.068 6.079
5.191 5.213 5.235 5.257 5.278 5.299 5.320 5.340 5.359 5.377 5.395 5.414 5.432 5.450 5.467 5.485 5.502 5.518 5.534 5.550 5.565 5.580 5.595 5.609 5.623 5.637 5.649 5.662 5.674 5.686 5.697 5.706 5.715 5.723 5.731 5.739 5.746 5.753 5.760 5.766 5.771 5.777 5.782 5.787 5.792 5.798 5.803 5.809 5.814 5.820 5.827 5.834 5.841 5.849 5.857 5.864 5.872 5.880 5.889 5.899 5.909 5.919 5.929 5.940 5.951 5.962 5.973 5.984 5.995 6.006 6.018 6.029 6.040 6.051 6.062 6.072 6.083
5.199 5.221 5.243 5.265 5.286 5.307 5.328 5.348 5.367 5.385 5.404 5.423 5.441 5.459 5.477 5.494 5.511 5.528 5.544 5.560 5.576 5.591 5.606 5.620 5.635 5.648 5.662 5.675 5.687 5.699 5.711 5.721 5.730 5.739 5.748 5.756 5.764 5.771 5.778 5.784 5.790 5.796 5.801 5.806 5.811 5.816 5.820 5.825 5.830 5.836 5.841 5.847 5.854 5.861 5.868 5.874 5.881 5.889 5.897 5.906 5.916 5.925 5.935 5.946 5.956 5.967 5.978 5.988 5.999 6.011 6.022 6.033 6.044 6.055 6.065 6.076 6.087
5.207 5.229 5.251 5.273 5.294 5.315 5.336 5.356 5.375 5.393 5.412 5.431 5.449 5.467 5.485 5.502 5.520 5.536 5.553 5.569 5.585 5.601 5.616 5.631 5.645 5.659 5.673 5.686 5.699 5.712 5.724 5.735 5.745 5.754 5.763 5.772 5.781 5.789 5.796 5.803 5.809 5.815 5.820 5.825 5.830 5.834 5.839 5.843 5.847 5.852 5.857 5.862 5.868 5.874 5.880 5.885 5.892 5.899 5.906 5.915 5.923 5.932 5.942 5.952 5.962 5.972 5.982 5.993 6.004 6.015 6.026 6.037 6.048 6.058 6.069 6.080 6.091
5.214 5.236 5.258 5.280 5.301 5.322 5.343 5.363 5.383 5.401 5.420 5.438 5.457 5.475 5.493 5.511 5.528 5.545 5.561 5.578 5.594 5.610 5.625 5.640 5.655 5.669 5.683 5.697 5.710 5.723 5.736 5.747 5.758 5.768 5.778 5.787 5.796 5.805 5.813 5.820 5.827 5.833 5.839 5.844 5.849 5.853 5.857 5.861 5.865 5.869 5.874 5.878 5.883 5.888 5.893 5.898 5.903 5.909 5.916 5.924 5.932 5.940 5.949 5.958 5.968 5.978 5.988 5.998 6.008 6.019 6.030 6.041 6.051 6.062 6.073 6.084 6.095
5.221 5.243 5.265 5.287 5.308 5.329 5.350 5.371 5.390 5.408 5.427 5.446 5.464 5.482 5.500 5.518 5.535 5.552 5.569 5.586 5.602 5.618 5.633 5.649 5.664 5.678 5.693 5.707 5.720 5.734 5.747 5.759 5.769 5.780 5.791 5.801 5.811 5.820 5.828 5.836 5.844 5.851 5.857 5.862 5.868 5.872 5.876 5.880 5.884 5.888 5.891 5.895 5.899 5.904 5.908 5.911 5.916 5.921 5.927 5.934 5.941 5.949 5.957 5.966 5.975 5.984 5.993 6.003 6.014 6.024 6.034 6.045 6.056 6.066 6.077 6.088 6.099
5.228 5.250 5.272 5.294 5.315 5.336 5.357 5.377 5.397 5.415 5.434 5.453 5.471 5.489 5.507 5.525 5.543 5.560 5.577 5.593 5.609 5.625 5.641 5.657 5.672 5.687 5.701 5.716 5.730 5.743 5.757 5.769 5.780 5.791 5.803 5.813 5.824 5.833 5.843 5.851 5.860 5.867 5.874 5.880 5.886 5.891 5.895 5.899 5.903 5.907 5.910 5.913 5.917 5.921 5.924 5.927 5.930 5.935 5.940 5.945 5.952 5.959 5.966 5.974 5.982 5.991 6.000 6.009 6.019 6.029 6.039 6.049 6.060 6.070 6.081 6.092 6.103
5.234 5.257 5.278 5.300 5.321 5.342 5.363 5.384 5.403 5.421 5.440 5.459 5.478 5.496 5.514 5.532 5.549 5.567 5.583 5.600 5.616 5.633 5.648 5.664 5.679 5.694 5.709 5.724 5.738 5.752 5.766 5.778 5.790 5.801 5.813 5.824 5.835 5.846 5.856 5.865 5.874 5.882 5.890 5.896 5.903 5.908 5.913 5.918 5.922 5.926 5.929 5.932 5.935 5.938 5.941 5.943 5.946 5.949 5.953 5.958 5.963 5.969 5.976 5.983 5.991 5.999 6.007 6.016 6.025 6.035 6.044 6.054 6.064 6.075 6.085 6.096 6.106
5.241 5.263 5.285 5.306 5.327 5.348 5.369 5.390 5.409 5.427 5.446 5.465 5.484 5.502 5.520 5.538 5.556 5.573 5.590 5.607 5.623 5.639 5.655 5.671 5.686 5.702 5.716 5.731 5.746 5.760 5.774 5.787 5.799 5.811 5.823 5.834 5.846 5.857 5.867 5.877 5.887 5.896 5.904 5.912 5.919 5.925 5.931 5.936 5.940 5.944 5.948 5.951 5.954 5.957 5.959 5.961 5.963 5.965 5.968 5.972 5.977 5.982 5.987 5.993 6.000 6.007 6.015 6.023 6.032 6.041 6.050 6.060 6.069 6.080 6.090 6.100 6.111
5.247 5.269 5.291 5.312 5.333 5.354 5.375 5.395 5.415 5.433 5.452 5.471 5.490 5.508 5.526 5.544 5.562 5.579 5.596 5.613 5.629 5.646 5.662 5.677 5.693 5.708 5.723 5.738 5.753 5.767 5.781 5.794 5.806 5.819 5.831 5.843 5.855 5.867 5.878 5.888 5.898 5.908 5.917 5.925 5.933 5.940 5.947 5.953 5.958 5.962 5.966 5.970 5.973 5.976 5.978 5.979 5.980 5.982 5.985 5.988 5.991 5.995 6.000 6.005 6.011 6.017 6.024 6.032 6.039 6.048 6.056 6.066 6.075 6.085 6.095 6.105 6.115
5.253 5.275 5.296 5.318 5.339 5.360 5.380 5.401 5.420 5.439 5.458 5.477 5.495 5.514 5.532 5.550 5.568 5.585 5.602 5.619 5.635 5.652 5.668 5.684 5.699 5.714 5.730 5.745 5.759 5.774 5.788 5.801 5.814 5.826 5.839 5.851 5.863 5.875 5.887 5.898 5.909 5.919 5.928 5.938 5.946 5.954 5.961 5.968 5.974 5.979 5.984 5.988 5.991 5.995 5.997 5.998 5.999 6.000 6.002 6.004 6.007 6.010 6.014 6.018 6.023 6.028 6.034 6.041 6.048 6.056 6.064 6.072 6.081 6.090 6.100 6.110 6.120
5.259 5.281 5.302 5.323 5.344 5.365 5.386 5.406 5.425 5.444 5.463 5.482 5.501 5.519 5.537 5.555 5.573 5.590 5.607 5.624 5.641 5.657 5.673 5.689 5.705 5.720 5.736 5.751 5.765 5.780 5.794 5.808 5.820 5.833 5.846 5.859 5.871 5.883 5.895 5.907 5.918 5.929 5.939 5.949 5.958 5.966 5.974 5.982 5.989 5.995 6.000 6.005 6.009 6.013 6.015 6.016 6.018 6.019 6.020 6.022 6.024 6.026 6.029 6.032 6.036 6.041 6.046 6.051 6.058 6.065 6.072 6.080 6.088 6.097 6.106 6.115 6.125
5.265 5.287 5.308 5.329 5.350 5.370 5.391 5.411 5.430 5.449 5.468 5.487 5.506 5.524 5.542 5.560 5.578 5.596 5.613 5.630 5.646 5.663 5.679 5.695 5.710 5.726 5.741 5.756 5.771 5.786 5.800 5.814 5.826 5.839 5.852 5.865 5.878 5.890 5.903 5.914 5.926 5.937 5.948 5.958 5.968 5.977 5.986 5.994 6.002 6.009 6.015 6.021 6.026 6.030 6.033 6.034 6.036 6.037 6.039 6.040 6.042 6.044 6.046 6.048 6.051 6.055 6.059 6.063 6.069 6.075 6.081 6.088 6.096 6.104 6.113 6.122 6.131
5.272 5.293 5.314 5.334 5.355 5.376 5.396 5.416 5.435 5.454 5.473 5.492 5.510 5.529 5.547 5.565 5.583 5.600 5.618 5.635 5.651 5.668 5.684 5.700 5.716 5.731 5.747 5.762 5.777 5.792 5.806 5.819 5.832 5.845 5.858 5.871 5.884 5.897 5.909 5.922 5.933 5.945 5.956 5.967 5.977 5.987 5.997 6.005 6.014 6.021 6.029 6.035 6.041 6.046 6.049 6.052 6.054 6.056 6.057 6.059 6.060 6.061 6.063 6.065 6.067 6.070 6.073 6.077 6.081 6.086 6.092 6.098 6.105 6.112 6.120 6.129 6.137
5.278 5.299 5.319 5.340 5.361 5.381 5.401 5.421 5.440 5.458 5.477 5.496 5.515 5.533 5.552 5.570 5.588 5.605 5.622 5.639 5.656 5.673 5.689 5.705 5.721 5.736 5.752 5.767 5.782 5.797 5.811 5.824 5.837 5.851 5.864 5.877 5.890 5.903 5.916 5.928 5.940 5.952 5.963 5.975 5.985 5.996 6.006 6.015 6.024 6.033 6.041 6.048 6.055 6.061 6.065 6.068 6.070 6.073 6.075 6.077 6.078 6.080 6.081 6.082 6.084 6.086 6.088 6.091 6.094 6.099 6.103 6.109 6.115 6.122 6.129 6.137 6.144
5.285 5.305 5.326 5.346 5.366 5.386 5.406 5.426 5.444 5.463 5.482 5.501 5.519 5.538 5.556 5.574 5.592 5.610 5.627 5.644 5.661 5.677 5.694 5.710 5.725 5.741 5.756 5.772 5.787 5.802 5.816 5.829 5.842 5.856 5.869 5.882 5.896 5.908 5.921 5.934 5.946 5.958 5.970 5.981 5.993 6.003 6.014 6.024 6.034 6.043 6.051 6.059 6.067 6.074 6.078 6.082 6.086 6.089 6.092 6.094 6.096 6.098 6.099 6.100 6.101 6.103 6.104 6.107 6.109 6.112 6.116 6.121 6.126 6.132 6.138 6.146 6.152
5.292 5.312 5.332 5.352 5.372 5.392 5.412 5.431 5.449 5.467 5.486 5.505 5.524 5.542 5.560 5.578 5.596 5.614 5.631 5.648 5.665 5.682 5.698 5.714 5.730 5.746 5.761 5.776 5.792 5.807 5.821 5.834 5.847 5.861 5.874 5.887 5.901 5.914 5.927 5.939 5.952 5.964 5.976 5.988 5.999 6.010 6.021 6.032 6.042 6.051 6.061 6.070 6.078 6.085 6.090 6.095 6.100 6.104 6.108 6.111 6.113 6.115 6.117 6.118 6.119 6.120 6.121 6.123 6.125 6.127 6.130 6.134 6.138 6.143 6.149 6.155 6.161
5.301 5.320 5.339 5.359 5.378 5.398 5.417 5.436 5.453 5.472 5.490 5.509 5.528 5.546 5.564 5.582 5.600 5.618 5.635 5.652 5.669 5.686 5.702 5.718 5.734 5.750 5.765 5.781 5.796 5.811 5.825 5.838 5.852 5.865 5.879 5.892 5.905 5.919 5.932 5.944 5.957 5.969 5.981 5.993 6.005 6.017 6.028 6.039 6.049 6.059 6.069 6.079 6.088 6.095 6.101 6.107 6.113 6.118 6.122 6.126 6.129 6.132 6.134 6.135 6.137 6.138 6.139 6.140 6.141 6.143 6.145 6.148 6.152 6.156 6.161 6.166 6.171
5.309 5.328 5.347 5.366 5.385 5.404 5.423 5.441 5.458 5.477 5.495 5.513 5.532 5.550 5.568 5.586 5.604 5.621 5.639 5.656 5.673 5.690 5.706 5.722 5.738 5.754 5.770 5.785 5.800 5.815 5.829 5.842 5.856 5.870 5.883 5.897 5.910 5.923 5.936 5.949 5.962 5.974 5.987 5.999 6.011 6.022 6.034 6.045 6.056 6.066 6.077 6.086 6.096 6.104 6.111 6.118 6.124 6.130 6.135 6.140 6.144 6.147 6.150 6.152 6.154 6.155 6.156 6.157 6.158 6.160 6.161 6.163 6.166 6.169 6.173 6.178 6.182
5.319 5.337 5.355 5.374 5.392 5.411 5.429 5.447 5.464 5.482 5.500 5.518 5.536 5.554 5.572 5.590 5.608 5.625 5.642 5.660 5.676 5.693 5.710 5.726 5.742 5.758 5.773 5.789 5.804 5.819 5.833 5.847 5.860 5.874 5.887 5.901 5.914 5.928 5.941 5.954 5.966 5.979 5.991 6.004 6.016 6.028 6.039 6.051 6.062 6.073 6.083 6.093 6.103 6.112 6.120 6.127 6.134 6.141 6.147 6.152 6.157 6.161 6.165 6.167 6.170 6.171 6.173 6.174 6.175 6.176 6.178 6.179 6.181 6.184 6.187 6.191 6.195
5.330 5.347 5.365 5.382 5.400 5.418 5.436 5.453 5.470 5.487 5.505 5.523 5.541 5.558 5.576 5.594 5.611 5.629 5.646 5.663 5.680 5.697 5.713 5.729 5.746 5.761 5.777 5.792 5.808 5.823 5.837 5.850 5.864 5.878 5.891 5.905 5.918 5.932 5.945 5.958 5.971 5.983 5.996 6.008 6.020 6.032 6.044 6.056 6.067 6.078 6.089 6.100 6.110 6.119 6.128 6.135 6.143 6.150 6.157 6.163 6.169 6.174 6.178 6.182 6.185 6.187 6.189 6.190 6.192 6.193 6.194 6.195 6.197 6.199 6.201 6.204 6.207
5.341 5.358 5.375 5.392 5.409 5.426 5.444 5.460 5.476 5.493 5.511 5.528 5.545 5.563 5.580 5.598 5.615 5.632 5.649 5.666 5.683 5.700 5.716 5.733 5.749 5.765 5.780 5.796 5.811 5.826 5.841 5.854 5.868 5.881 5.895 5.909 5.922 5.936 5.949 5.962 5.975 5.988 6.000 6.013 6.025 6.037 6.049 6.061 6.072 6.084 6.095 6.106 6.116 6.126 6.135 6.143 6.151 6.159 6.166 6.173 6.180 6.185 6.190 6.195 6.198 6.202 6.204 6.206 6.208 6.209 6.210 6.211 6.213 6.214 6.216 6.219 6.221
5.354 5.370 5.386 5.403 5.419 5.436 5.453 5.468 5.484 5.500 5.517 5.534 5.551 5.568 5.585 5.602 5.619 5.636 5.653 5.670 5.687 5.703 5.720 5.736 5.752 5.768 5.784 5.799 5.815 5.830 5.844 5.857 5.871 5.885 5.899 5.912 5.926 5.939 5.953 5.966 5.979 5.992 6.004 6.017 6.029 6.041 6.053 6.065 6.077 6.088 6.100 6.111 6.122 6.132 6.141 6.150 6.158 6.167 6.175 6.182 6.189 6.196 6.201 6.207 6.211 6.215 6.218 6.221 6.223 6.225 6.226 6.227 6.228 6.230 6.231 6.234 6.235
5.367 5.383 5.399 5.415 5.430 5.446 5.462 5.478 5.492 5.508 5.524 5.540 5.557 5.573 5.590 5.607 5.623 5.640 5.657 5.673 5.690 5.706 5.723 5.739 5.755 5.771 5.787 5.802 5.818 5.833 5.847 5.861 5.874 5.888 5.902 5.916 5.929 5.943 5.956 5.969 5.982 5.995 6.008 6.021 6.033 6.045 6.057 6.069 6.081 6.093 6.105 6.116 6.127 6.137 6.147 6.156 6.165 6.174 6.182 6.190 6.198 6.205 6.211 6.217 6.222 6.227 6.231 6.234 6.237 6.239 6.241 6.243 6.244 6.245 6.247 6.248 6.250
5.381 5.396 5.412 5.427 5.443 5.458 5.473 5.488 5.502 5.517 5.532 5.548 5.564 5.580 5.596 5.612 5.628 5.644 5.661 5.677 5.693 5.710 5.726 5.742 5.758 5.774 5.790 5.805 5.821 5.836 5.850 5.864 5.878 5.891 5.905 5.919 5.933 5.946 5.960 5.973 5.986 5.999 6.012 6.024 6.037 6.049 6.061 6.074 6.086 6.097 6.109 6.121 6.132 6.142 6.152 6.161 6.171 6.180 6.189 6.197 6.206 6.213 6.220 6.227 6.233 6.238 6.243 6.247 6.250 6.253 6.255 6.257 6.259 6.260 6.262 6.263 6.265
5.395 5.411 5.426 5.441 5.456 5.470 5.485 5.499 5.513 5.527 5.542 5.556 5.571 5.587 5.602 5.618 5.633 5.649 5.665 5.681 5.697 5.713 5.729 5.745 5.761 5.777 5.793 5.808 5.824 5.839 5.853 5.867 5.881 5.894 5.908 5.922 5.936 5.950 5.963 5.976 5.989 6.002 6.015 6.028 6.040 6.053 6.065 6.077 6.089 6.101 6.113 6.125 6.137 6.147 6.157 6.167 6.176 6.186 6.195 6.204 6.213 6.221 6.228 6.235 6.242 6.248 6.253 6.258 6.262 6.266 6.269 6.271 6.273 6.275 6.277 6.278 6.279
5.410 5.425 5.440 5.455 5.470 5.484 5.498 5.512 5.525 5.538 5.552 5.566 5.580 5.595 5.610 5.625 5.640 5.655 5.670 5.686 5.701 5.717 5.733 5.749 5.764 5.780 5.796 5.811 5.826 5.842 5.856 5.869 5.883 5.897 5.911 5.925 5.939 5.953 5.966 5.979 5.993 6.006 6.018 6.031 6.044 6.056 6.069 6.081 6.093 6.105 6.117 6.129 6.141 6.152 6.161 6.171 6.181 6.191 6.201 6.210 6.219 6.228 6.236 6.243 6.250 6.257 6.263 6.268 6.273 6.277 6.281 6.284 6.287 6.289 6.291 6.292 6.293
5.425 5.440 5.455 5.470 5.484 5.498 5.512 5.525 5.537 5.550 5.564 5.577 5.591 5.604 5.618 5.633 5.647 5.661 5.676 5.691 5.706 5.721 5.737 5.752 5.768 5.783 5.799 5.814 5.829 5.844 5.859 5.872 5.886 5.900 5.914 5.928 5.942 5.955 5.969 5.982 5.996 6.009 6.022 6.034 6.047 6.060 6.072 6.085 6.097 6.109 6.121 6.133 6.145 6.156 6.166 6.176 6.186 6.196 6.206 6.216 6.225 6.234 6.242 6.251 6.258 6.265 6.272 6.278 6.283 6.288 6.292 6.296 6.299 6.302 6.304 6.306 6.307
5.439 5.455 5.470 5.484 5.499 5.513 5.526 5.539 5.551 5.564 5.576 5.589 5.602 5.615 5.628 5.642 5.655 5.669 5.683 5.697 5.712 5.726 5.741 5.756 5.771 5.787 5.802 5.817 5.832 5.847 5.861 5.875 5.889 5.903 5.917 5.931 5.945 5.958 5.972 5.985 5.999 6.012 6.025 6.038 6.050 6.063 6.076 6.088 6.100 6.113 6.125 6.137 6.149 6.160 6.170 6.180 6.190 6.201 6.211 6.221 6.230 6.240 6.249 6.257 6.265 6.273 6.280 6.286 6.292 6.298 6.303 6.307 6.311 6.314 6.317 6.319 6.321
5.453 5.469 5.484 5.499 5.513 5.527 5.541 5.553 5.565 5.578 5.590 5.602 5.615 5.627 5.640 5.652 5.665 5.678 5.691 5.705 5.718 5.732 5.747 5.761 5.776 5.790 5.805 5.820 5.835 5.850 5.864 5.877 5.891 5.905 5.919 5.933 5.947 5.961 5.975 5.988 6.001 6.015 6.028 6.041 6.053 6.066 6.079 6.091 6.104 6.116 6.128 6.141 6.153 6.164 6.174 6.184 6.195 6.205 6.215 6.226 6.235 6.245 6.254 6.263 6.272 6.280 6.287 6.294 6.301 6.307 6.312 6.317 6.322 6.326 6.329 6.332 6.333
5.466 5.482 5.498 5.513 5.527 5.542 5.555 5.568 5.580 5.592 5.604 5.616 5.628 5.640 5.652 5.664 5.676 5.688 5.701 5.713 5.726 5.739 5.753 5.767 5.781 5.795 5.809 5.824 5.839 5.853 5.867 5.880 5.894 5.908 5.922 5.936 5.950 5.964 5.977 5.991 6.004 6.017 6.030 6.043 6.056 6.069 6.082 6.094 6.107 6.119 6.132 6.144 6.156 6.167 6.177 6.188 6.199 6.209 6.220 6.230 6.240 6.250 6.260 6.269 6.278 6.286 6.294 6.302 6.309 6.315 6.321 6.327 6.332 6.336 6.341 6.344 6.345
5.479 5.495 5.511 5.526 5.541 5.556 5.570 5.582 5.594 5.607 5.619 5.631 5.642 5.654 5.665 5.677 5.688 5.700 5.711 5.723 5.735 5.748 5.760 5.773 5.787 5.800 5.814 5.828 5.843 5.857 5.870 5.883 5.897 5.911 5.925 5.938 5.952 5.966 5.980 5.993 6.007 6.020 6.033 6.046 6.059 6.072 6.085 6.097 6.110 6.123 6.135 6.148 6.160 6.170 6.181 6.192 6.202 6.213 6.224 6.234 6.245 6.255 6.265 6.274 6.283 6.292 6.300 6.308 6.316 6.323 6.330 6.336 6.341 6.346 6.351 6.354 6.356
