version1/TsunamiDB/out54065.asc
ncols          264
nrows          230
xllcorner      497853.4375
yllcorner      4229146.0000
cellsize         5.
NODATA_value   -99
[rows 0 to 32 of 230, columns 150 to 224 of 264]
5.321 5.342 5.362 5.382 5.400 5.418 5.436 5.453 5.470 5.486 5.501 5.517 5.532 5.547 5.562 5.577 5.593 5.609 5.626 5.644 5.662 5.681 5.700 5.720 5.741 5.762 5.783 5.803 5.823 5.844 5.864 5.884 5.903 5.922 5.940 5.957 5.972 5.987 6.001 6.013 6.024 6.033 6.042 6.049 6.056 6.063 6.070 6.076 6.083 6.092 6.100 6.109 6.120 6.132 6.145 6.160 6.175 6.192 6.209 6.227 6.245 6.264 6.284 6.304 6.324 6.344 6.365 6.386 6.407 6.429 6.450 6.472 6.493 6.513 6.533
5.335 5.356 5.377 5.398 5.416 5.434 5.452 5.470 5.487 5.503 5.519 5.534 5.549 5.564 5.578 5.593 5.607 5.622 5.638 5.654 5.670 5.688 5.706 5.725 5.745 5.765 5.786 5.805 5.825 5.846 5.866 5.886 5.906 5.925 5.944 5.961 5.978 5.993 6.008 6.021 6.033 6.044 6.054 6.062 6.070 6.077 6.084 6.091 6.098 6.105 6.113 6.121 6.130 6.142 6.154 6.168 6.182 6.198 6.215 6.232 6.250 6.268 6.288 6.307 6.327 6.348 6.369 6.390 6.411 6.432 6.454 6.476 6.497 6.517 6.537
5.348 5.370 5.391 5.412 5.431 5.450 5.468 5.486 5.504 5.521 5.537 5.552 5.567 5.582 5.596 5.609 5.623 5.637 5.651 5.666 5.681 5.697 5.714 5.732 5.750 5.769 5.789 5.808 5.828 5.848 5.868 5.888 5.908 5.928 5.947 5.965 5.982 5.999 6.014 6.028 6.041 6.053 6.064 6.074 6.082 6.090 6.098 6.104 6.111 6.119 6.126 6.133 6.142 6.152 6.163 6.176 6.190 6.205 6.221 6.237 6.255 6.273 6.292 6.311 6.331 6.351 6.372 6.393 6.415 6.436 6.458 6.480 6.501 6.522 6.542
5.360 5.382 5.404 5.425 5.445 5.464 5.483 5.502 5.520 5.537 5.554 5.570 5.585 5.599 5.613 5.627 5.640 5.654 5.667 5.680 5.694 5.709 5.724 5.740 5.757 5.775 5.794 5.812 5.831 5.850 5.870 5.890 5.910 5.930 5.949 5.968 5.986 6.003 6.019 6.034 6.048 6.061 6.073 6.084 6.093 6.102 6.110 6.117 6.125 6.132 6.138 6.145 6.153 6.163 6.173 6.185 6.198 6.212 6.227 6.243 6.260 6.278 6.296 6.316 6.335 6.355 6.376 6.397 6.418 6.440 6.462 6.484 6.506 6.526 6.546
5.371 5.393 5.415 5.437 5.457 5.476 5.496 5.515 5.534 5.552 5.570 5.586 5.602 5.617 5.631 5.645 5.658 5.671 5.684 5.697 5.710 5.723 5.737 5.751 5.767 5.783 5.801 5.818 5.835 5.854 5.873 5.893 5.913 5.932 5.952 5.971 5.989 6.006 6.023 6.039 6.054 6.068 6.081 6.092 6.103 6.112 6.121 6.129 6.137 6.144 6.151 6.157 6.165 6.174 6.184 6.195 6.207 6.220 6.235 6.250 6.266 6.283 6.301 6.320 6.340 6.360 6.380 6.401 6.423 6.444 6.466 6.489 6.510 6.530 6.551
5.381 5.403 5.426 5.447 5.468 5.488 5.508 5.528 5.547 5.566 5.584 5.601 5.618 5.634 5.649 5.663 5.676 5.689 5.702 5.714 5.726 5.739 5.752 5.765 5.779 5.794 5.809 5.825 5.841 5.859 5.878 5.897 5.916 5.935 5.954 5.973 5.992 6.010 6.027 6.043 6.059 6.074 6.087 6.100 6.111 6.122 6.131 6.140 6.148 6.156 6.163 6.169 6.177 6.185 6.195 6.205 6.216 6.229 6.242 6.257 6.273 6.289 6.307 6.325 6.344 6.364 6.385 6.406 6.427 6.449 6.471 6.493 6.514 6.535 6.556
5.390 5.413 5.435 5.457 5.478 5.498 5.519 5.539 5.559 5.578 5.597 5.615 5.633 5.649 5.665 5.680 5.694 5.707 5.720 5.732 5.744 5.756 5.768 5.780 5.793 5.806 5.820 5.835 5.849 5.866 5.883 5.901 5.920 5.939 5.958 5.976 5.995 6.013 6.031 6.047 6.064 6.079 6.093 6.106 6.119 6.130 6.141 6.150 6.159 6.167 6.174 6.181 6.188 6.197 6.205 6.215 6.226 6.238 6.251 6.265 6.280 6.296 6.313 6.331 6.350 6.369 6.389 6.410 6.431 6.453 6.475 6.497 6.519 6.540 6.561
5.399 5.421 5.444 5.466 5.487 5.507 5.528 5.549 5.569 5.589 5.609 5.627 5.646 5.663 5.680 5.695 5.710 5.725 5.738 5.751 5.763 5.774 5.786 5.797 5.809 5.821 5.834 5.846 5.860 5.875 5.891 5.908 5.925 5.943 5.962 5.980 5.998 6.016 6.034 6.051 6.068 6.084 6.099 6.112 6.126 6.138 6.149 6.159 6.169 6.178 6.185 6.192 6.199 6.208 6.216 6.226 6.236 6.247 6.259 6.273 6.287 6.303 6.319 6.337 6.355 6.374 6.394 6.415 6.436 6.458 6.480 6.502 6.524 6.545 6.567
5.406 5.429 5.451 5.474 5.495 5.516 5.537 5.558 5.579 5.599 5.619 5.638 5.657 5.675 5.693 5.710 5.725 5.740 5.755 5.768 5.780 5.792 5.804 5.815 5.826 5.837 5.849 5.860 5.872 5.886 5.900 5.916 5.932 5.949 5.967 5.985 6.003 6.021 6.038 6.055 6.072 6.088 6.104 6.118 6.132 6.145 6.157 6.168 6.178 6.187 6.194 6.202 6.210 6.218 6.227 6.236 6.246 6.257 6.268 6.281 6.295 6.310 6.326 6.343 6.361 6.380 6.399 6.420 6.441 6.462 6.485 6.507 6.529 6.550 6.572
5.414 5.436 5.459 5.481 5.502 5.523 5.545 5.566 5.587 5.608 5.628 5.648 5.667 5.686 5.704 5.722 5.739 5.755 5.770 5.784 5.797 5.810 5.822 5.833 5.844 5.854 5.865 5.875 5.886 5.898 5.912 5.926 5.941 5.957 5.973 5.991 6.008 6.025 6.043 6.060 6.077 6.093 6.109 6.124 6.138 6.151 6.164 6.176 6.187 6.196 6.204 6.212 6.220 6.229 6.237 6.247 6.256 6.266 6.278 6.290 6.303 6.318 6.333 6.350 6.367 6.386 6.405 6.425 6.446 6.468 6.490 6.512 6.534 6.556 6.578
5.421 5.443 5.466 5.488 5.509 5.530 5.552 5.573 5.594 5.615 5.636 5.656 5.676 5.696 5.715 5.733 5.751 5.767 5.783 5.799 5.813 5.826 5.839 5.850 5.862 5.872 5.882 5.892 5.902 5.913 5.925 5.938 5.952 5.966 5.982 5.998 6.014 6.031 6.048 6.065 6.082 6.098 6.114 6.129 6.144 6.158 6.171 6.183 6.195 6.204 6.213 6.222 6.230 6.239 6.248 6.257 6.266 6.276 6.287 6.299 6.312 6.326 6.341 6.357 6.374 6.392 6.411 6.431 6.451 6.473 6.495 6.517 6.540 6.561 6.584
5.428 5.450 5.472 5.495 5.516 5.537 5.558 5.580 5.601 5.622 5.643 5.664 5.684 5.704 5.723 5.742 5.761 5.779 5.795 5.812 5.827 5.841 5.854 5.867 5.879 5.890 5.900 5.909 5.918 5.929 5.940 5.952 5.964 5.977 5.992 6.007 6.022 6.038 6.055 6.071 6.088 6.104 6.120 6.135 6.150 6.164 6.178 6.190 6.202 6.213 6.222 6.231 6.240 6.249 6.258 6.267 6.276 6.286 6.297 6.308 6.321 6.334 6.348 6.364 6.381 6.398 6.417 6.437 6.457 6.478 6.500 6.523 6.545 6.567 6.589
5.435 5.457 5.479 5.501 5.522 5.543 5.564 5.586 5.607 5.629 5.650 5.670 5.691 5.711 5.731 5.751 5.770 5.788 5.806 5.823 5.839 5.854 5.869 5.882 5.895 5.907 5.917 5.926 5.936 5.946 5.956 5.967 5.978 5.990 6.003 6.017 6.032 6.047 6.063 6.079 6.095 6.111 6.126 6.142 6.157 6.171 6.185 6.198 6.210 6.221 6.230 6.240 6.250 6.259 6.268 6.277 6.287 6.296 6.307 6.318 6.330 6.343 6.357 6.372 6.388 6.405 6.423 6.443 6.463 6.484 6.506 6.528 6.551 6.573 6.595
5.442 5.464 5.486 5.507 5.528 5.549 5.570 5.592 5.613 5.634 5.656 5.677 5.697 5.718 5.738 5.758 5.778 5.797 5.815 5.833 5.850 5.866 5.881 5.896 5.909 5.922 5.933 5.942 5.952 5.962 5.972 5.983 5.993 6.004 6.016 6.029 6.043 6.057 6.072 6.087 6.102 6.118 6.133 6.149 6.164 6.178 6.192 6.205 6.218 6.229 6.239 6.249 6.259 6.269 6.278 6.287 6.297 6.306 6.317 6.327 6.339 6.352 6.365 6.380 6.395 6.412 6.430 6.449 6.469 6.490 6.512 6.534 6.556 6.578 6.601
5.449 5.471 5.493 5.514 5.534 5.555 5.576 5.598 5.619 5.640 5.661 5.682 5.703 5.724 5.744 5.765 5.784 5.804 5.823 5.841 5.859 5.876 5.892 5.908 5.922 5.936 5.947 5.958 5.968 5.979 5.989 5.999 6.009 6.020 6.031 6.042 6.055 6.068 6.082 6.096 6.111 6.126 6.141 6.156 6.171 6.186 6.200 6.213 6.226 6.237 6.248 6.258 6.268 6.278 6.288 6.297 6.307 6.317 6.327 6.337 6.349 6.361 6.374 6.388 6.403 6.419 6.437 6.456 6.475 6.496 6.517 6.540 6.562 6.584 6.607
5.456 5.478 5.500 5.520 5.540 5.561 5.582 5.603 5.624 5.646 5.667 5.688 5.709 5.729 5.750 5.770 5.791 5.810 5.830 5.849 5.867 5.885 5.902 5.918 5.933 5.948 5.960 5.972 5.983 5.994 6.004 6.015 6.025 6.035 6.045 6.057 6.068 6.080 6.093 6.107 6.121 6.135 6.150 6.165 6.179 6.194 6.208 6.221 6.234 6.246 6.257 6.267 6.278 6.288 6.298 6.308 6.317 6.327 6.337 6.347 6.358 6.370 6.383 6.396 6.411 6.427 6.444 6.462 6.482 6.502 6.523 6.546 6.568 6.590 6.613
5.464 5.485 5.507 5.527 5.547 5.567 5.588 5.609 5.630 5.651 5.672 5.693 5.714 5.734 5.755 5.776 5.796 5.816 5.836 5.855 5.874 5.892 5.910 5.927 5.943 5.958 5.972 5.984 5.996 6.008 6.019 6.030 6.040 6.050 6.061 6.071 6.082 6.094 6.106 6.119 6.132 6.146 6.160 6.174 6.188 6.202 6.216 6.230 6.243 6.255 6.266 6.277 6.287 6.298 6.308 6.318 6.327 6.337 6.347 6.357 6.368 6.380 6.392 6.405 6.419 6.435 6.452 6.469 6.488 6.508 6.529 6.552 6.574 6.596 6.619
5.471 5.493 5.514 5.534 5.554 5.574 5.595 5.615 5.636 5.656 5.677 5.698 5.719 5.739 5.760 5.781 5.801 5.821 5.841 5.861 5.880 5.899 5.917 5.934 5.951 5.968 5.982 5.995 6.008 6.021 6.033 6.044 6.055 6.065 6.075 6.086 6.096 6.107 6.119 6.131 6.143 6.156 6.170 6.184 6.198 6.211 6.225 6.239 6.252 6.264 6.275 6.286 6.297 6.308 6.318 6.328 6.338 6.348 6.358 6.368 6.378 6.390 6.401 6.414 6.428 6.443 6.459 6.476 6.495 6.515 6.536 6.558 6.580 6.602 6.626
5.479 5.501 5.522 5.542 5.561 5.581 5.601 5.621 5.642 5.662 5.682 5.703 5.723 5.744 5.765 5.785 5.806 5.826 5.846 5.866 5.885 5.904 5.923 5.941 5.959 5.976 5.991 6.005 6.019 6.032 6.045 6.057 6.068 6.079 6.089 6.100 6.110 6.121 6.132 6.143 6.155 6.168 6.181 6.194 6.207 6.221 6.235 6.248 6.261 6.273 6.284 6.296 6.307 6.318 6.328 6.339 6.348 6.358 6.368 6.378 6.389 6.400 6.411 6.424 6.437 6.451 6.467 6.484 6.502 6.522 6.542 6.564 6.585 6.608 6.632
5.488 5.509 5.530 5.550 5.569 5.588 5.608 5.628 5.648 5.668 5.688 5.708 5.728 5.749 5.769 5.790 5.810 5.830 5.850 5.870 5.890 5.909 5.928 5.947 5.965 5.982 5.998 6.013 6.028 6.042 6.055 6.068 6.080 6.092 6.102 6.113 6.124 6.134 6.145 6.156 6.168 6.180 6.192 6.205 6.218 6.231 6.244 6.257 6.271 6.283 6.294 6.305 6.317 6.328 6.339 6.349 6.359 6.369 6.379 6.389 6.399 6.410 6.421 6.433 6.446 6.460 6.475 6.492 6.509 6.528 6.549 6.570 6.591 6.614 6.638
5.496 5.517 5.538 5.558 5.577 5.596 5.616 5.635 5.655 5.674 5.694 5.714 5.734 5.754 5.774 5.794 5.814 5.834 5.854 5.874 5.894 5.914 5.933 5.952 5.970 5.988 6.005 6.020 6.036 6.050 6.065 6.078 6.091 6.103 6.114 6.126 6.136 6.147 6.158 6.169 6.180 6.191 6.203 6.216 6.228 6.241 6.254 6.267 6.280 6.292 6.304 6.315 6.327 6.338 6.349 6.360 6.370 6.380 6.390 6.400 6.410 6.420 6.431 6.443 6.455 6.469 6.483 6.499 6.517 6.535 6.555 6.576 6.597 6.620 6.643
5.504 5.525 5.546 5.566 5.585 5.604 5.624 5.643 5.662 5.681 5.700 5.719 5.739 5.759 5.778 5.798 5.818 5.838 5.858 5.878 5.898 5.918 5.937 5.956 5.975 5.994 6.010 6.026 6.042 6.058 6.073 6.087 6.100 6.113 6.125 6.137 6.148 6.159 6.170 6.181 6.192 6.203 6.215 6.226 6.239 6.251 6.264 6.277 6.290 6.302 6.313 6.325 6.337 6.348 6.360 6.370 6.381 6.391 6.401 6.411 6.421 6.431 6.442 6.453 6.465 6.478 6.492 6.507 6.524 6.542 6.562 6.582 6.603 6.625 6.649
5.512 5.533 5.555 5.574 5.593 5.612 5.632 5.651 5.669 5.688 5.707 5.726 5.745 5.764 5.783 5.803 5.822 5.842 5.862 5.882 5.902 5.922 5.941 5.960 5.979 5.998 6.015 6.032 6.048 6.064 6.080 6.095 6.109 6.122 6.135 6.147 6.159 6.170 6.181 6.192 6.203 6.214 6.225 6.237 6.249 6.261 6.274 6.287 6.299 6.311 6.323 6.335 6.347 6.359 6.370 6.381 6.392 6.402 6.412 6.422 6.432 6.442 6.452 6.463 6.475 6.487 6.501 6.516 6.532 6.550 6.569 6.588 6.609 6.631 6.655
5.519 5.541 5.562 5.582 5.601 5.621 5.640 5.659 5.677 5.696 5.714 5.733 5.751 5.770 5.789 5.808 5.827 5.846 5.866 5.886 5.905 5.925 5.945 5.964 5.983 6.002 6.020 6.036 6.053 6.070 6.086 6.101 6.116 6.130 6.143 6.156 6.168 6.180 6.191 6.202 6.213 6.225 6.236 6.247 6.259 6.271 6.284 6.296 6.309 6.321 6.332 6.344 6.357 6.369 6.380 6.392 6.403 6.413 6.423 6.433 6.443 6.453 6.463 6.474 6.485 6.497 6.510 6.524 6.540 6.557 6.575 6.595 6.615 6.637 6.660
5.526 5.548 5.570 5.590 5.609 5.629 5.648 5.667 5.685 5.704 5.722 5.740 5.758 5.776 5.794 5.813 5.832 5.851 5.870 5.889 5.909 5.928 5.948 5.967 5.986 6.005 6.023 6.040 6.058 6.075 6.091 6.107 6.122 6.137 6.151 6.164 6.177 6.189 6.201 6.212 6.223 6.234 6.246 6.257 6.269 6.281 6.293 6.305 6.318 6.329 6.341 6.354 6.366 6.378 6.390 6.402 6.413 6.424 6.434 6.445 6.454 6.464 6.474 6.485 6.495 6.507 6.519 6.533 6.548 6.564 6.582 6.601 6.621 6.642 6.666
5.532 5.555 5.577 5.597 5.617 5.636 5.656 5.675 5.693 5.712 5.730 5.747 5.765 5.783 5.801 5.819 5.837 5.855 5.874 5.893 5.912 5.932 5.951 5.970 5.989 6.008 6.026 6.044 6.061 6.079 6.096 6.112 6.128 6.143 6.157 6.171 6.184 6.197 6.209 6.220 6.232 6.243 6.255 6.266 6.278 6.289 6.302 6.314 6.326 6.338 6.350 6.362 6.375 6.388 6.400 6.412 6.424 6.435 6.445 6.456 6.466 6.476 6.485 6.495 6.506 6.517 6.529 6.542 6.556 6.572 6.589 6.607 6.626 6.648 6.671
5.538 5.561 5.583 5.603 5.623 5.644 5.663 5.683 5.701 5.720 5.738 5.755 5.773 5.790 5.807 5.825 5.843 5.860 5.879 5.897 5.916 5.935 5.954 5.973 5.992 6.011 6.029 6.047 6.065 6.082 6.099 6.116 6.132 6.148 6.163 6.177 6.190 6.203 6.216 6.228 6.240 6.251 6.263 6.274 6.286 6.298 6.310 6.322 6.334 6.346 6.358 6.371 6.384 6.397 6.409 6.422 6.434 6.445 6.456 6.467 6.477 6.487 6.497 6.506 6.517 6.527 6.539 6.551 6.565 6.580 6.596 6.614 6.632 6.653 6.676
5.544 5.566 5.588 5.609 5.629 5.650 5.670 5.690 5.709 5.727 5.745 5.763 5.780 5.797 5.814 5.831 5.849 5.866 5.884 5.902 5.920 5.938 5.957 5.976 5.995 6.014 6.032 6.049 6.067 6.085 6.103 6.120 6.136 6.152 6.167 6.182 6.196 6.209 6.222 6.235 6.247 6.259 6.270 6.282 6.293 6.305 6.317 6.330 6.342 6.353 6.366 6.379 6.392 6.405 6.418 6.431 6.443 6.455 6.466 6.477 6.488 6.498 6.508 6.518 6.527 6.538 6.548 6.560 6.573 6.587 6.603 6.620 6.638 6.658 6.680
5.549 5.572 5.594 5.614 5.635 5.656 5.676 5.696 5.716 5.734 5.753 5.770 5.788 5.805 5.822 5.839 5.855 5.872 5.889 5.907 5.924 5.942 5.961 5.979 5.998 6.017 6.034 6.052 6.070 6.088 6.105 6.123 6.140 6.156 6.171 6.186 6.201 6.215 6.228 6.241 6.253 6.265 6.277 6.288 6.300 6.312 6.324 6.337 6.349 6.360 6.373 6.386 6.399 6.413 6.426 6.439 6.452 6.464 6.476 6.488 6.498 6.509 6.519 6.528 6.538 6.548 6.559 6.570 6.582 6.595 6.610 6.626 6.643 6.663 6.684
5.555 5.577 5.599 5.619 5.640 5.661 5.682 5.702 5.722 5.741 5.760 5.778 5.795 5.812 5.829 5.846 5.862 5.879 5.895 5.912 5.929 5.947 5.964 5.983 6.001 6.019 6.036 6.054 6.072 6.090 6.108 6.125 6.142 6.159 6.175 6.190 6.205 6.219 6.233 6.246 6.258 6.271 6.283 6.294 6.306 6.318 6.331 6.343 6.355 6.367 6.379 6.393 6.406 6.420 6.434 6.447 6.460 6.473 6.486 6.497 6.509 6.519 6.529 6.539 6.549 6.559 6.569 6.579 6.591 6.603 6.618 6.633 6.649 6.667 6.688
5.561 5.582 5.604 5.624 5.645 5.666 5.686 5.707 5.727 5.747 5.766 5.784 5.802 5.819 5.836 5.853 5.869 5.885 5.902 5.918 5.934 5.951 5.969 5.986 6.004 6.021 6.038 6.056 6.074 6.092 6.110 6.127 6.145 6.161 6.177 6.193 6.208 6.223 6.236 6.250 6.263 6.275 6.288 6.300 6.312 6.324 6.336 6.349 6.361 6.373 6.385 6.399 6.413 6.427 6.441 6.454 6.468 6.481 6.494 6.507 6.518 6.529 6.540 6.550 6.559 6.569 6.579 6.589 6.600 6.611 6.625 6.639 6.654 6.671 6.691
5.567 5.588 5.609 5.629 5.649 5.670 5.691 5.712 5.732 5.752 5.771 5.790 5.808 5.826 5.843 5.860 5.876 5.892 5.908 5.924 5.940 5.957 5.973 5.990 6.008 6.024 6.041 6.058 6.076 6.094 6.112 6.129 6.146 6.163 6.180 6.195 6.211 6.226 6.240 6.253 6.267 6.279 6.292 6.304 6.316 6.329 6.341 6.354 6.366 6.378 6.391 6.404 6.418 6.433 6.447 6.461 6.475 6.489 6.502 6.515 6.527 6.539 6.550 6.560 6.570 6.579 6.589 6.598 6.608 6.620 6.632 6.645 6.659 6.675 6.694
5.573 5.594 5.614 5.633 5.654 5.674 5.695 5.716 5.736 5.756 5.776 5.795 5.814 5.832 5.849 5.866 5.883 5.899 5.915 5.931 5.946 5.962 5.978 5.995 6.011 6.027 6.043 6.060 6.078 6.096 6.113 6.131 6.148 6.165 6.181 6.197 6.213 6.228 6.242 6.256 6.270 6.283 6.296 6.308 6.321 6.333 6.346 6.359 6.371 6.383 6.396 6.410 6.424 6.438 6.453 6.467 6.482 6.496 6.510 6.523 6.536 6.548 6.559 6.570 6.579 6.589 6.598 6.608 6.617 6.627 6.639 6.651 6.664 6.679 6.697
