version1/TsunamiDB/out54067.asc
ncols          264
nrows          230
xllcorner      497853.4375
yllcorner      4229146.0000
cellsize         5.
NODATA_value   -99
[rows 66 to 98 of 230, columns 75 to 149 of 264]
3.644 3.731 3.806 3.873 3.935 3.992 4.046 4.097 4.145 4.193 4.240 4.285 4.330 4.374 4.417 4.460 4.504 4.547 4.590 4.634 4.679 4.723 4.769 4.814 4.860 4.907 4.953 4.999 5.045 5.090 5.133 5.175 5.216 5.256 5.295 5.332 5.367 5.400 5.432 5.463 5.492 5.520 5.547 5.573 5.598 5.622 5.644 5.666 5.687 5.708 5.727 5.745 5.762 5.777 5.792 5.806 5.819 5.831 5.843 5.854 5.863 5.873 5.882 5.890 5.899 5.907 5.915 5.924 5.933 5.942 5.951 5.961 5.971 5.981 5.992
3.690 3.770 3.841 3.905 3.964 4.019 4.072 4.121 4.168 4.215 4.260 4.304 4.347 4.389 4.432 4.473 4.515 4.557 4.599 4.641 4.684 4.727 4.770 4.814 4.859 4.904 4.950 4.995 5.040 5.085 5.129 5.172 5.214 5.255 5.295 5.333 5.370 5.405 5.439 5.471 5.501 5.530 5.559 5.585 5.611 5.636 5.660 5.683 5.705 5.726 5.747 5.766 5.784 5.800 5.816 5.831 5.845 5.859 5.871 5.883 5.893 5.903 5.912 5.920 5.929 5.936 5.944 5.952 5.960 5.968 5.977 5.986 5.995 6.005 6.015
3.732 3.807 3.875 3.936 3.993 4.046 4.097 4.145 4.191 4.236 4.280 4.323 4.364 4.406 4.446 4.487 4.527 4.567 4.608 4.648 4.689 4.731 4.773 4.815 4.858 4.902 4.946 4.991 5.036 5.080 5.123 5.167 5.210 5.252 5.293 5.332 5.370 5.407 5.442 5.475 5.507 5.538 5.567 5.596 5.623 5.649 5.673 5.698 5.721 5.743 5.765 5.785 5.804 5.821 5.838 5.855 5.870 5.885 5.898 5.911 5.922 5.933 5.942 5.951 5.959 5.967 5.974 5.982 5.989 5.996 6.004 6.012 6.020 6.029 6.038
3.771 3.842 3.907 3.966 4.021 4.073 4.122 4.168 4.214 4.257 4.300 4.341 4.382 4.422 4.461 4.500 4.539 4.578 4.617 4.656 4.695 4.735 4.776 4.816 4.858 4.900 4.943 4.986 5.030 5.073 5.116 5.160 5.203 5.246 5.288 5.328 5.368 5.406 5.442 5.477 5.511 5.543 5.574 5.603 5.631 5.659 5.685 5.710 5.734 5.758 5.780 5.802 5.822 5.840 5.859 5.877 5.893 5.909 5.924 5.938 5.950 5.962 5.972 5.981 5.990 5.998 6.005 6.012 6.019 6.026 6.032 6.040 6.047 6.055 6.063
3.808 3.876 3.938 3.995 4.049 4.099 4.146 4.192 4.236 4.279 4.320 4.361 4.400 4.439 4.477 4.515 4.552 4.590 4.627 4.665 4.702 4.741 4.779 4.819 4.858 4.899 4.940 4.982 5.025 5.066 5.109 5.152 5.195 5.238 5.280 5.322 5.362 5.402 5.440 5.476 5.511 5.545 5.577 5.608 5.638 5.666 5.694 5.720 5.745 5.770 5.794 5.816 5.837 5.857 5.877 5.896 5.914 5.931 5.948 5.963 5.977 5.989 6.001 6.011 6.021 6.029 6.037 6.044 6.050 6.056 6.062 6.069 6.075 6.082 6.089
3.843 3.908 3.968 4.023 4.076 4.125 4.171 4.216 4.259 4.300 4.341 4.380 4.418 4.456 4.493 4.529 4.566 4.602 4.638 4.674 4.710 4.747 4.784 4.821 4.860 4.899 4.938 4.978 5.019 5.060 5.101 5.143 5.186 5.229 5.271 5.313 5.354 5.395 5.434 5.472 5.508 5.544 5.577 5.610 5.641 5.671 5.700 5.727 5.754 5.780 5.805 5.829 5.851 5.872 5.893 5.913 5.933 5.952 5.969 5.986 6.001 6.015 6.028 6.040 6.050 6.060 6.068 6.075 6.082 6.088 6.094 6.099 6.105 6.111 6.117
3.877 3.939 3.997 4.051 4.103 4.151 4.196 4.239 4.282 4.322 4.361 4.400 4.437 4.473 4.509 4.545 4.580 4.614 4.649 4.684 4.719 4.754 4.789 4.825 4.862 4.899 4.937 4.975 5.015 5.054 5.093 5.135 5.176 5.218 5.260 5.302 5.344 5.385 5.425 5.464 5.502 5.539 5.575 5.609 5.641 5.673 5.703 5.732 5.760 5.787 5.813 5.839 5.862 5.885 5.907 5.929 5.949 5.969 5.988 6.006 6.023 6.039 6.053 6.066 6.078 6.089 6.098 6.106 6.113 6.120 6.126 6.131 6.136 6.141 6.147
3.909 3.970 4.026 4.079 4.129 4.176 4.221 4.263 4.304 4.344 4.382 4.420 4.456 4.491 4.526 4.560 4.594 4.628 4.661 4.695 4.728 4.762 4.796 4.830 4.865 4.901 4.937 4.974 5.011 5.049 5.087 5.126 5.167 5.208 5.249 5.290 5.332 5.373 5.414 5.454 5.493 5.531 5.568 5.604 5.638 5.671 5.703 5.734 5.763 5.792 5.819 5.846 5.871 5.895 5.918 5.941 5.963 5.985 6.005 6.024 6.043 6.060 6.076 6.090 6.104 6.116 6.127 6.136 6.144 6.151 6.158 6.163 6.168 6.173 6.177
3.941 3.999 4.054 4.106 4.155 4.202 4.245 4.287 4.327 4.366 4.404 4.440 4.475 4.510 4.544 4.577 4.609 4.642 4.674 4.706 4.738 4.771 4.803 4.836 4.869 4.903 4.938 4.973 5.009 5.044 5.081 5.119 5.158 5.197 5.237 5.278 5.319 5.360 5.401 5.441 5.481 5.520 5.559 5.596 5.632 5.666 5.700 5.732 5.763 5.794 5.823 5.851 5.877 5.902 5.927 5.951 5.975 5.997 6.019 6.040 6.060 6.078 6.096 6.112 6.127 6.141 6.153 6.164 6.174 6.182 6.189 6.195 6.200 6.205 6.209
3.971 4.028 4.082 4.133 4.181 4.227 4.270 4.310 4.350 4.389 4.425 4.461 4.495 4.529 4.562 4.594 4.626 4.657 4.688 4.719 4.750 4.781 4.812 4.843 4.875 4.907 4.940 4.974 5.008 5.042 5.076 5.112 5.150 5.187 5.226 5.265 5.305 5.346 5.386 5.427 5.467 5.507 5.546 5.584 5.622 5.658 5.693 5.727 5.760 5.792 5.823 5.853 5.880 5.907 5.933 5.959 5.984 6.008 6.031 6.053 6.074 6.094 6.113 6.131 6.148 6.163 6.177 6.190 6.201 6.211 6.219 6.226 6.232 6.237 6.242
4.000 4.056 4.109 4.159 4.207 4.252 4.294 4.334 4.374 4.411 4.447 4.482 4.516 4.548 4.580 4.612 4.642 4.673 4.703 4.732 4.762 4.792 4.821 4.851 4.882 4.912 4.944 4.976 5.008 5.040 5.073 5.107 5.143 5.179 5.216 5.254 5.292 5.331 5.371 5.411 5.451 5.491 5.530 5.570 5.608 5.646 5.683 5.719 5.753 5.787 5.819 5.851 5.880 5.909 5.936 5.964 5.990 6.015 6.040 6.063 6.086 6.107 6.128 6.147 6.166 6.183 6.199 6.213 6.226 6.237 6.247 6.256 6.263 6.269 6.274
4.029 4.084 4.136 4.185 4.232 4.277 4.318 4.358 4.397 4.434 4.469 4.504 4.537 4.569 4.600 4.630 4.660 4.689 4.718 4.747 4.775 4.804 4.832 4.861 4.890 4.919 4.949 4.979 5.010 5.040 5.071 5.104 5.137 5.172 5.207 5.243 5.280 5.317 5.355 5.394 5.434 5.473 5.513 5.553 5.592 5.631 5.669 5.706 5.743 5.778 5.812 5.846 5.877 5.907 5.936 5.965 5.993 6.020 6.046 6.071 6.095 6.118 6.140 6.161 6.181 6.199 6.217 6.233 6.248 6.261 6.273 6.283 6.292 6.299 6.305
4.057 4.111 4.162 4.210 4.257 4.301 4.342 4.382 4.420 4.457 4.492 4.525 4.558 4.589 4.620 4.649 4.678 4.707 4.735 4.762 4.790 4.817 4.844 4.872 4.899 4.927 4.955 4.984 5.013 5.042 5.071 5.102 5.133 5.166 5.199 5.233 5.268 5.304 5.341 5.378 5.417 5.455 5.494 5.534 5.573 5.613 5.652 5.690 5.728 5.765 5.801 5.837 5.870 5.901 5.933 5.963 5.993 6.021 6.049 6.075 6.101 6.125 6.149 6.171 6.193 6.213 6.232 6.250 6.267 6.282 6.295 6.307 6.318 6.327 6.335
4.083 4.136 4.187 4.235 4.281 4.325 4.366 4.405 4.443 4.479 4.514 4.547 4.580 4.610 4.640 4.669 4.698 4.725 4.752 4.779 4.805 4.831 4.857 4.884 4.910 4.936 4.963 4.990 5.018 5.045 5.072 5.101 5.131 5.162 5.193 5.226 5.259 5.293 5.328 5.363 5.400 5.437 5.476 5.514 5.553 5.593 5.632 5.672 5.710 5.749 5.786 5.823 5.858 5.892 5.925 5.958 5.989 6.019 6.048 6.076 6.103 6.130 6.155 6.179 6.202 6.224 6.244 6.264 6.282 6.299 6.315 6.329 6.341 6.352 6.361
4.109 4.162 4.212 4.259 4.305 4.348 4.389 4.428 4.466 4.502 4.537 4.570 4.601 4.632 4.661 4.690 4.718 4.744 4.771 4.797 4.822 4.847 4.872 4.897 4.922 4.947 4.972 4.998 5.024 5.049 5.075 5.103 5.131 5.160 5.190 5.220 5.251 5.283 5.316 5.350 5.385 5.421 5.457 5.495 5.533 5.572 5.611 5.650 5.690 5.729 5.768 5.806 5.843 5.878 5.913 5.948 5.981 6.013 6.044 6.074 6.103 6.130 6.157 6.183 6.207 6.231 6.253 6.275 6.295 6.313 6.331 6.347 6.361 6.374 6.385
4.135 4.186 4.235 4.282 4.328 4.371 4.412 4.450 4.488 4.524 4.559 4.592 4.623 4.654 4.683 4.711 4.738 4.764 4.790 4.815 4.840 4.864 4.888 4.912 4.935 4.959 4.983 5.007 5.032 5.056 5.080 5.106 5.133 5.160 5.188 5.216 5.246 5.276 5.307 5.339 5.372 5.406 5.440 5.476 5.513 5.551 5.589 5.628 5.667 5.707 5.746 5.785 5.823 5.860 5.897 5.933 5.968 6.002 6.035 6.067 6.098 6.128 6.156 6.183 6.210 6.235 6.259 6.282 6.304 6.324 6.344 6.362 6.378 6.393 6.406
4.159 4.210 4.258 4.305 4.350 4.393 4.434 4.472 4.510 4.546 4.581 4.614 4.645 4.675 4.704 4.732 4.759 4.785 4.810 4.835 4.859 4.882 4.905 4.928 4.950 4.973 4.995 5.018 5.041 5.064 5.087 5.111 5.136 5.161 5.188 5.214 5.242 5.270 5.300 5.330 5.361 5.393 5.426 5.460 5.495 5.531 5.568 5.605 5.644 5.683 5.722 5.761 5.800 5.838 5.876 5.914 5.951 5.987 6.022 6.056 6.089 6.120 6.151 6.180 6.208 6.235 6.261 6.286 6.310 6.332 6.353 6.373 6.391 6.408 6.423
4.182 4.232 4.280 4.327 4.371 4.414 4.455 4.493 4.531 4.568 4.602 4.635 4.667 4.697 4.726 4.754 4.781 4.806 4.831 4.855 4.878 4.901 4.923 4.945 4.967 4.988 5.010 5.031 5.053 5.074 5.095 5.118 5.141 5.165 5.190 5.215 5.241 5.267 5.295 5.323 5.352 5.382 5.413 5.445 5.478 5.512 5.548 5.584 5.621 5.659 5.697 5.736 5.774 5.813 5.852 5.891 5.929 5.967 6.004 6.039 6.074 6.108 6.141 6.172 6.202 6.231 6.259 6.286 6.311 6.336 6.359 6.380 6.401 6.419 6.437
4.205 4.254 4.302 4.348 4.392 4.435 4.475 4.514 4.552 4.588 4.623 4.656 4.688 4.718 4.747 4.775 4.802 4.828 4.852 4.876 4.899 4.921 4.943 4.964 4.985 5.005 5.026 5.046 5.066 5.086 5.106 5.127 5.149 5.171 5.194 5.217 5.241 5.266 5.292 5.318 5.346 5.374 5.403 5.433 5.464 5.497 5.530 5.564 5.599 5.636 5.673 5.710 5.748 5.786 5.825 5.864 5.903 5.942 5.980 6.018 6.055 6.090 6.125 6.159 6.191 6.223 6.253 6.281 6.309 6.335 6.360 6.384 6.406 6.427 6.446
4.227 4.275 4.322 4.368 4.412 4.454 4.494 4.533 4.571 4.608 4.643 4.676 4.708 4.739 4.768 4.796 4.823 4.849 4.874 4.897 4.920 4.942 4.963 4.984 5.004 5.024 5.043 5.062 5.081 5.100 5.118 5.138 5.158 5.179 5.200 5.222 5.244 5.268 5.292 5.316 5.342 5.369 5.396 5.424 5.453 5.484 5.515 5.547 5.581 5.615 5.650 5.686 5.721 5.758 5.796 5.835 5.874 5.913 5.953 5.991 6.030 6.067 6.104 6.140 6.175 6.208 6.241 6.272 6.301 6.330 6.357 6.383 6.407 6.431 6.452
4.249 4.296 4.342 4.387 4.431 4.473 4.513 4.552 4.590 4.627 4.662 4.696 4.728 4.759 4.789 4.817 4.844 4.870 4.895 4.919 4.941 4.963 4.984 5.005 5.024 5.043 5.062 5.080 5.098 5.115 5.133 5.151 5.170 5.189 5.208 5.229 5.250 5.271 5.294 5.317 5.341 5.366 5.391 5.418 5.445 5.474 5.503 5.533 5.565 5.597 5.630 5.663 5.697 5.732 5.769 5.806 5.844 5.883 5.922 5.961 6.000 6.039 6.077 6.115 6.152 6.188 6.222 6.256 6.288 6.319 6.349 6.377 6.404 6.429 6.452
4.269 4.316 4.362 4.406 4.449 4.490 4.530 4.570 4.608 4.645 4.680 4.714 4.747 4.778 4.808 4.837 4.864 4.891 4.916 4.940 4.963 4.985 5.006 5.026 5.045 5.064 5.082 5.100 5.117 5.132 5.149 5.166 5.184 5.201 5.219 5.238 5.257 5.277 5.298 5.319 5.342 5.365 5.389 5.414 5.440 5.467 5.494 5.522 5.552 5.582 5.613 5.644 5.675 5.709 5.743 5.779 5.815 5.852 5.890 5.929 5.968 6.007 6.046 6.085 6.123 6.161 6.198 6.233 6.268 6.302 6.334 6.365 6.394 6.422 6.447
4.290 4.336 4.380 4.424 4.467 4.507 4.547 4.586 4.624 4.661 4.697 4.731 4.765 4.796 4.827 4.856 4.884 4.911 4.936 4.960 4.984 5.006 5.027 5.047 5.067 5.085 5.103 5.121 5.136 5.152 5.168 5.184 5.200 5.216 5.233 5.250 5.267 5.286 5.305 5.325 5.345 5.367 5.390 5.413 5.437 5.462 5.488 5.515 5.542 5.570 5.599 5.628 5.657 5.688 5.721 5.754 5.788 5.824 5.860 5.897 5.935 5.973 6.012 6.050 6.089 6.128 6.167 6.204 6.241 6.277 6.312 6.345 6.377 6.408 6.436
4.310 4.355 4.399 4.441 4.483 4.524 4.563 4.602 4.640 4.677 4.713 4.748 4.781 4.813 4.844 4.874 4.902 4.929 4.955 4.980 5.004 5.026 5.048 5.069 5.088 5.107 5.125 5.142 5.158 5.172 5.188 5.203 5.218 5.233 5.248 5.264 5.280 5.297 5.314 5.332 5.352 5.372 5.393 5.414 5.437 5.460 5.485 5.509 5.535 5.562 5.589 5.616 5.643 5.672 5.702 5.733 5.765 5.798 5.832 5.867 5.903 5.939 5.977 6.015 6.053 6.092 6.131 6.169 6.208 6.245 6.282 6.318 6.353 6.386 6.417
4.330 4.374 4.417 4.459 4.500 4.540 4.578 4.617 4.655 4.692 4.728 4.763 4.797 4.829 4.861 4.891 4.920 4.947 4.974 4.999 5.023 5.046 5.068 5.089 5.109 5.129 5.147 5.164 5.179 5.194 5.209 5.224 5.238 5.252 5.266 5.281 5.295 5.310 5.326 5.343 5.360 5.379 5.398 5.418 5.439 5.461 5.484 5.507 5.531 5.556 5.582 5.607 5.632 5.660 5.688 5.716 5.746 5.777 5.808 5.841 5.874 5.909 5.944 5.980 6.017 6.055 6.093 6.131 6.170 6.208 6.246 6.284 6.321 6.357 6.390
4.350 4.393 4.435 4.476 4.516 4.555 4.594 4.632 4.670 4.706 4.742 4.777 4.811 4.844 4.876 4.906 4.936 4.964 4.991 5.017 5.042 5.065 5.088 5.109 5.130 5.150 5.168 5.186 5.202 5.216 5.231 5.246 5.260 5.273 5.286 5.300 5.313 5.327 5.341 5.356 5.372 5.388 5.406 5.424 5.444 5.464 5.485 5.507 5.530 5.553 5.577 5.601 5.625 5.651 5.677 5.704 5.732 5.760 5.789 5.819 5.850 5.882 5.915 5.949 5.984 6.019 6.055 6.093 6.130 6.168 6.206 6.244 6.282 6.320 6.355
4.370 4.412 4.453 4.493 4.533 4.571 4.608 4.646 4.683 4.720 4.756 4.791 4.825 4.858 4.890 4.921 4.950 4.979 5.007 5.033 5.059 5.083 5.106 5.128 5.150 5.170 5.189 5.207 5.223 5.239 5.254 5.268 5.282 5.295 5.308 5.321 5.333 5.346 5.358 5.372 5.386 5.401 5.416 5.433 5.451 5.469 5.489 5.509 5.531 5.553 5.576 5.598 5.621 5.645 5.669 5.695 5.721 5.747 5.775 5.803 5.831 5.861 5.891 5.922 5.955 5.988 6.022 6.057 6.092 6.128 6.165 6.203 6.240 6.278 6.315
4.391 4.431 4.471 4.510 4.549 4.586 4.623 4.660 4.697 4.733 4.769 4.803 4.837 4.870 4.903 4.934 4.964 4.993 5.021 5.048 5.074 5.099 5.123 5.146 5.168 5.189 5.209 5.228 5.244 5.260 5.276 5.291 5.305 5.318 5.331 5.343 5.355 5.367 5.378 5.390 5.403 5.416 5.430 5.445 5.461 5.477 5.495 5.514 5.534 5.555 5.576 5.597 5.619 5.641 5.665 5.689 5.714 5.739 5.764 5.790 5.817 5.845 5.873 5.902 5.931 5.962 5.993 6.025 6.059 6.093 6.127 6.163 6.199 6.235 6.271
4.412 4.451 4.490 4.528 4.566 4.602 4.638 4.675 4.711 4.746 4.781 4.816 4.849 4.882 4.915 4.946 4.977 5.006 5.035 5.062 5.089 5.114 5.139 5.162 5.185 5.207 5.227 5.247 5.265 5.281 5.298 5.313 5.328 5.342 5.355 5.367 5.378 5.390 5.400 5.411 5.422 5.434 5.446 5.459 5.473 5.488 5.504 5.521 5.539 5.559 5.579 5.599 5.619 5.641 5.663 5.686 5.709 5.733 5.757 5.782 5.807 5.833 5.859 5.886 5.913 5.942 5.971 6.000 6.031 6.062 6.095 6.127 6.161 6.196 6.230
4.433 4.471 4.509 4.546 4.583 4.618 4.653 4.689 4.724 4.759 4.793 4.827 4.861 4.894 4.926 4.957 4.988 5.018 5.047 5.075 5.102 5.128 5.153 5.177 5.201 5.223 5.244 5.265 5.283 5.301 5.318 5.334 5.350 5.364 5.378 5.391 5.402 5.414 5.424 5.434 5.444 5.455 5.465 5.477 5.489 5.502 5.516 5.531 5.547 5.565 5.584 5.602 5.621 5.642 5.663 5.685 5.707 5.730 5.753 5.777 5.801 5.825 5.850 5.875 5.901 5.927 5.954 5.982 6.010 6.039 6.068 6.099 6.130 6.162 6.193
4.454 4.492 4.528 4.565 4.601 4.635 4.669 4.704 4.738 4.772 4.806 4.839 4.872 4.905 4.937 4.968 4.999 5.029 5.058 5.086 5.114 5.140 5.166 5.191 5.215 5.238 5.260 5.281 5.300 5.319 5.337 5.354 5.371 5.386 5.401 5.414 5.427 5.438 5.449 5.459 5.468 5.478 5.487 5.497 5.507 5.518 5.530 5.543 5.558 5.574 5.591 5.608 5.625 5.645 5.665 5.686 5.707 5.729 5.752 5.774 5.797 5.820 5.844 5.868 5.892 5.917 5.942 5.968 5.994 6.021 6.049 6.077 6.105 6.135 6.164
4.476 4.513 4.549 4.584 4.619 4.652 4.685 4.719 4.753 4.786 4.819 4.851 4.884 4.916 4.947 4.978 5.009 5.039 5.068 5.097 5.125 5.152 5.178 5.203 5.227 5.251 5.274 5.296 5.316 5.335 5.355 5.373 5.390 5.407 5.422 5.437 5.450 5.462 5.474 5.484 5.493 5.502 5.511 5.519 5.528 5.537 5.548 5.559 5.571 5.585 5.600 5.615 5.632 5.650 5.669 5.689 5.709 5.730 5.752 5.774 5.796 5.818 5.841 5.864 5.887 5.911 5.935 5.959 5.984 6.009 6.035 6.061 6.088 6.115 6.142
4.498 4.534 4.569 4.604 4.638 4.670 4.702 4.735 4.768 4.800 4.832 4.864 4.895 4.927 4.958 4.989 5.019 5.049 5.078 5.106 5.134 5.162 5.188 5.214 5.239 5.263 5.286 5.309 5.330 5.350 5.370 5.390 5.408 5.426 5.443 5.458 5.472 5.486 5.498 5.509 5.519 5.528 5.536 5.544 5.552 5.559 5.568 5.577 5.587 5.599 5.612 5.626 5.640 5.657 5.675 5.693 5.713 5.733 5.754 5.775 5.796 5.818 5.840 5.862 5.885 5.907 5.931 5.954 5.978 6.002 6.026 6.051 6.076 6.101 6.126
