version1/TsunamiDB/out54181.asc
ncols          264
nrows          230
xllcorner      497853.4375
yllcorner      4229146.0000
cellsize         5.
NODATA_value   -99
[rows 68 to 101 of 230, columns 154 to 230 of 264]
6.826 6.831 6.836 6.841 6.846 6.850 6.855 6.859 6.863 6.867 6.871 6.874 6.878 6.881 6.884 6.887 6.890 6.892 6.896 6.898 6.901 6.903 6.906 6.908 6.911 6.913 6.916 6.918 6.921 6.924 6.926 6.929 6.932 6.935 6.939 6.942 6.945 6.949 6.953 6.957 6.961 6.966 6.971 6.976 6.981 6.986 6.992 6.997 7.003 7.009 7.015 7.021 7.028 7.034 7.040 7.046 7.053 7.059 7.065 7.070 7.076 7.082 7.087 7.092 7.097 7.101 7.106 7.110 7.113 7.116 7.116 7.113 7.107 7.104 7.102 7.100 7.103
6.827 6.832 6.838 6.843 6.848 6.852 6.857 6.861 6.865 6.869 6.873 6.877 6.880 6.883 6.886 6.889 6.892 6.895 6.898 6.901 6.903 6.906 6.908 6.910 6.913 6.915 6.918 6.920 6.923 6.926 6.928 6.931 6.934 6.937 6.940 6.944 6.947 6.951 6.955 6.959 6.963 6.968 6.973 6.977 6.983 6.988 6.993 6.999 7.005 7.011 7.017 7.023 7.029 7.036 7.042 7.049 7.055 7.061 7.068 7.074 7.080 7.085 7.091 7.097 7.102 7.107 7.112 7.116 7.121 7.124 7.125 7.122 7.117 7.115 7.113 7.112 7.117
6.828 6.834 6.839 6.844 6.849 6.854 6.859 6.863 6.867 6.871 6.875 6.879 6.882 6.885 6.889 6.892 6.894 6.897 6.900 6.903 6.905 6.908 6.910 6.913 6.915 6.917 6.920 6.922 6.925 6.928 6.930 6.933 6.936 6.939 6.942 6.946 6.949 6.953 6.956 6.960 6.965 6.969 6.974 6.979 6.984 6.989 6.995 7.000 7.006 7.012 7.018 7.025 7.031 7.037 7.044 7.051 7.057 7.064 7.070 7.076 7.082 7.089 7.095 7.100 7.106 7.112 7.117 7.122 7.127 7.131 7.133 7.130 7.126 7.125 7.124 7.124 7.130
6.829 6.835 6.840 6.845 6.851 6.855 6.860 6.865 6.869 6.873 6.877 6.881 6.884 6.888 6.891 6.894 6.897 6.900 6.903 6.905 6.908 6.910 6.912 6.915 6.917 6.919 6.922 6.924 6.927 6.929 6.932 6.935 6.938 6.941 6.944 6.947 6.951 6.954 6.958 6.962 6.966 6.971 6.976 6.980 6.985 6.991 6.996 7.002 7.007 7.013 7.020 7.026 7.032 7.039 7.045 7.052 7.059 7.065 7.072 7.078 7.085 7.091 7.097 7.104 7.110 7.116 7.122 7.127 7.133 7.138 7.140 7.138 7.135 7.134 7.135 7.135 7.142
6.831 6.836 6.842 6.847 6.852 6.857 6.862 6.866 6.871 6.875 6.879 6.883 6.886 6.890 6.893 6.896 6.899 6.902 6.905 6.908 6.910 6.912 6.915 6.917 6.919 6.922 6.924 6.926 6.929 6.931 6.934 6.937 6.940 6.943 6.946 6.949 6.952 6.956 6.959 6.963 6.968 6.972 6.977 6.982 6.987 6.992 6.997 7.003 7.009 7.015 7.021 7.027 7.034 7.040 7.047 7.054 7.060 7.067 7.074 7.080 7.087 7.094 7.100 7.107 7.114 7.120 7.126 7.132 7.138 7.144 7.147 7.145 7.142 7.143 7.144 7.146 7.154
6.832 6.837 6.843 6.848 6.853 6.858 6.863 6.868 6.872 6.877 6.881 6.885 6.888 6.892 6.895 6.898 6.901 6.904 6.907 6.910 6.912 6.915 6.917 6.919 6.921 6.924 6.926 6.928 6.931 6.933 6.936 6.939 6.941 6.944 6.947 6.950 6.954 6.957 6.961 6.965 6.969 6.974 6.979 6.983 6.988 6.993 6.999 7.004 7.010 7.016 7.022 7.028 7.035 7.041 7.048 7.055 7.062 7.068 7.075 7.082 7.089 7.096 7.102 7.110 7.117 7.123 7.130 7.137 7.143 7.149 7.153 7.152 7.150 7.151 7.154 7.156 7.164
6.833 6.838 6.844 6.849 6.855 6.860 6.865 6.869 6.874 6.878 6.883 6.887 6.890 6.894 6.897 6.900 6.903 6.906 6.909 6.912 6.915 6.917 6.919 6.921 6.924 6.926 6.928 6.930 6.933 6.935 6.938 6.940 6.943 6.946 6.949 6.952 6.955 6.959 6.963 6.966 6.971 6.975 6.980 6.985 6.989 6.994 7.000 7.005 7.011 7.017 7.023 7.029 7.036 7.042 7.049 7.056 7.063 7.070 7.077 7.084 7.091 7.098 7.105 7.112 7.119 7.126 7.133 7.141 7.148 7.155 7.159 7.159 7.157 7.159 7.163 7.166 7.175
6.834 6.839 6.845 6.851 6.856 6.861 6.866 6.871 6.876 6.880 6.884 6.888 6.892 6.896 6.899 6.902 6.905 6.908 6.912 6.914 6.917 6.919 6.921 6.924 6.926 6.928 6.930 6.932 6.935 6.937 6.939 6.942 6.945 6.948 6.951 6.954 6.957 6.960 6.964 6.968 6.972 6.977 6.981 6.986 6.991 6.996 7.001 7.006 7.012 7.018 7.024 7.030 7.037 7.043 7.050 7.057 7.064 7.071 7.078 7.085 7.092 7.099 7.106 7.114 7.122 7.129 7.137 7.144 7.152 7.160 7.164 7.165 7.163 7.166 7.170 7.174 7.184
6.835 6.840 6.846 6.852 6.857 6.862 6.867 6.872 6.877 6.881 6.886 6.890 6.894 6.898 6.901 6.904 6.907 6.910 6.914 6.917 6.919 6.921 6.924 6.926 6.928 6.930 6.932 6.934 6.937 6.939 6.941 6.944 6.946 6.949 6.952 6.955 6.958 6.962 6.965 6.969 6.973 6.978 6.983 6.987 6.992 6.997 7.002 7.007 7.013 7.019 7.025 7.031 7.038 7.044 7.051 7.058 7.065 7.072 7.079 7.086 7.093 7.101 7.108 7.116 7.124 7.132 7.140 7.148 7.156 7.164 7.169 7.169 7.168 7.172 7.177 7.182 7.192
6.836 6.841 6.847 6.853 6.858 6.863 6.868 6.873 6.878 6.883 6.887 6.891 6.895 6.899 6.903 6.906 6.909 6.912 6.916 6.919 6.921 6.923 6.926 6.928 6.930 6.932 6.934 6.936 6.938 6.941 6.943 6.945 6.948 6.951 6.954 6.957 6.960 6.963 6.967 6.970 6.975 6.979 6.984 6.988 6.993 6.998 7.003 7.008 7.014 7.020 7.026 7.032 7.039 7.045 7.052 7.059 7.066 7.073 7.080 7.087 7.095 7.102 7.110 7.118 7.126 7.134 7.142 7.151 7.160 7.167 7.172 7.173 7.173 7.178 7.184 7.189 7.200
6.836 6.842 6.848 6.853 6.859 6.864 6.870 6.875 6.879 6.884 6.889 6.893 6.897 6.901 6.904 6.908 6.911 6.914 6.917 6.920 6.923 6.925 6.928 6.930 6.932 6.934 6.936 6.938 6.940 6.942 6.945 6.947 6.950 6.952 6.955 6.958 6.961 6.964 6.968 6.972 6.976 6.980 6.985 6.989 6.994 6.999 7.004 7.009 7.015 7.021 7.027 7.033 7.039 7.046 7.053 7.059 7.066 7.074 7.081 7.088 7.096 7.103 7.111 7.119 7.127 7.136 7.144 7.153 7.162 7.170 7.175 7.177 7.178 7.184 7.191 7.197 7.210
6.837 6.843 6.849 6.854 6.860 6.865 6.870 6.876 6.880 6.885 6.890 6.894 6.898 6.902 6.906 6.909 6.913 6.916 6.919 6.922 6.925 6.927 6.929 6.932 6.934 6.936 6.938 6.940 6.942 6.944 6.946 6.949 6.951 6.954 6.956 6.959 6.962 6.966 6.969 6.973 6.977 6.981 6.986 6.990 6.995 6.999 7.005 7.010 7.015 7.021 7.027 7.033 7.040 7.046 7.053 7.060 7.067 7.074 7.081 7.089 7.096 7.104 7.112 7.120 7.128 7.137 7.146 7.155 7.164 7.171 7.177 7.180 7.182 7.189 7.197 7.206 7.221
6.838 6.844 6.849 6.855 6.861 6.866 6.871 6.876 6.881 6.886 6.891 6.895 6.899 6.903 6.907 6.911 6.914 6.917 6.921 6.924 6.926 6.929 6.931 6.933 6.935 6.937 6.939 6.941 6.943 6.946 6.948 6.950 6.952 6.955 6.958 6.960 6.963 6.967 6.970 6.974 6.978 6.982 6.986 6.991 6.995 7.000 7.005 7.010 7.016 7.022 7.027 7.034 7.040 7.046 7.053 7.060 7.067 7.075 7.082 7.089 7.097 7.105 7.113 7.121 7.129 7.138 7.147 7.156 7.165 7.172 7.178 7.182 7.186 7.195 7.205 7.216 7.232
6.838 6.844 6.850 6.856 6.861 6.867 6.872 6.877 6.882 6.887 6.892 6.896 6.900 6.904 6.908 6.912 6.915 6.919 6.922 6.925 6.928 6.930 6.933 6.935 6.937 6.939 6.941 6.943 6.945 6.947 6.949 6.951 6.954 6.956 6.959 6.961 6.964 6.967 6.971 6.974 6.978 6.983 6.987 6.991 6.996 7.000 7.005 7.011 7.016 7.022 7.028 7.034 7.040 7.047 7.053 7.060 7.067 7.075 7.082 7.090 7.098 7.105 7.113 7.121 7.130 7.138 7.147 7.156 7.165 7.173 7.180 7.185 7.191 7.201 7.213 7.226 7.245
6.839 6.845 6.851 6.856 6.862 6.867 6.873 6.878 6.883 6.888 6.893 6.897 6.901 6.905 6.909 6.913 6.917 6.920 6.924 6.926 6.929 6.932 6.934 6.936 6.938 6.940 6.942 6.944 6.946 6.948 6.950 6.953 6.955 6.957 6.960 6.962 6.965 6.968 6.971 6.975 6.979 6.983 6.987 6.992 6.996 7.001 7.006 7.011 7.016 7.022 7.028 7.034 7.040 7.046 7.053 7.060 7.067 7.075 7.082 7.090 7.098 7.106 7.113 7.121 7.130 7.138 7.146 7.155 7.164 7.173 7.181 7.188 7.195 7.207 7.221 7.236 7.258
6.839 6.845 6.851 6.857 6.863 6.868 6.873 6.879 6.884 6.889 6.893 6.898 6.902 6.906 6.910 6.914 6.918 6.921 6.925 6.928 6.930 6.933 6.935 6.938 6.940 6.942 6.944 6.946 6.948 6.950 6.952 6.954 6.956 6.958 6.961 6.963 6.966 6.969 6.972 6.976 6.979 6.984 6.988 6.992 6.996 7.001 7.006 7.011 7.016 7.022 7.028 7.034 7.040 7.046 7.053 7.060 7.067 7.075 7.082 7.090 7.098 7.106 7.113 7.121 7.129 7.137 7.145 7.154 7.164 7.173 7.182 7.191 7.199 7.213 7.229 7.246 7.269
6.840 6.846 6.852 6.857 6.863 6.869 6.874 6.879 6.884 6.889 6.894 6.899 6.903 6.907 6.911 6.915 6.919 6.922 6.926 6.929 6.932 6.934 6.937 6.939 6.941 6.943 6.945 6.947 6.949 6.951 6.953 6.955 6.957 6.959 6.961 6.964 6.967 6.969 6.973 6.976 6.980 6.984 6.988 6.992 6.996 7.001 7.006 7.011 7.016 7.022 7.027 7.033 7.040 7.046 7.053 7.060 7.067 7.075 7.082 7.090 7.098 7.106 7.113 7.120 7.128 7.136 7.144 7.153 7.162 7.173 7.183 7.193 7.203 7.218 7.235 7.255 7.280
6.840 6.846 6.852 6.858 6.864 6.869 6.875 6.880 6.885 6.890 6.895 6.900 6.904 6.908 6.912 6.916 6.920 6.923 6.927 6.930 6.933 6.935 6.938 6.940 6.942 6.944 6.946 6.948 6.950 6.952 6.954 6.956 6.958 6.960 6.962 6.965 6.967 6.970 6.973 6.976 6.980 6.984 6.988 6.992 6.996 7.001 7.006 7.011 7.016 7.021 7.027 7.033 7.039 7.046 7.053 7.060 7.067 7.074 7.082 7.090 7.098 7.105 7.112 7.119 7.127 7.134 7.142 7.151 7.161 7.172 7.183 7.195 7.206 7.223 7.241 7.263 7.290
6.841 6.847 6.853 6.858 6.864 6.870 6.875 6.881 6.886 6.891 6.896 6.900 6.905 6.909 6.913 6.917 6.921 6.924 6.928 6.931 6.934 6.936 6.939 6.941 6.943 6.945 6.947 6.949 6.951 6.953 6.955 6.957 6.959 6.961 6.963 6.965 6.968 6.971 6.973 6.977 6.980 6.984 6.988 6.992 6.996 7.001 7.006 7.010 7.016 7.021 7.027 7.033 7.039 7.045 7.052 7.059 7.067 7.074 7.082 7.090 7.098 7.104 7.111 7.118 7.125 7.132 7.140 7.149 7.160 7.172 7.184 7.196 7.209 7.227 7.246 7.270 7.299
6.841 6.847 6.853 6.859 6.865 6.870 6.876 6.881 6.886 6.891 6.896 6.901 6.905 6.910 6.914 6.918 6.922 6.925 6.929 6.932 6.935 6.937 6.940 6.942 6.944 6.946 6.948 6.950 6.952 6.954 6.956 6.958 6.959 6.962 6.964 6.966 6.968 6.971 6.974 6.977 6.981 6.985 6.988 6.992 6.996 7.001 7.005 7.010 7.016 7.021 7.027 7.033 7.039 7.045 7.052 7.059 7.066 7.074 7.082 7.090 7.097 7.104 7.110 7.117 7.124 7.130 7.138 7.148 7.159 7.171 7.184 7.197 7.212 7.231 7.252 7.278 7.309
6.842 6.848 6.854 6.859 6.865 6.871 6.876 6.882 6.887 6.892 6.897 6.902 6.906 6.911 6.915 6.919 6.923 6.926 6.930 6.933 6.936 6.939 6.941 6.943 6.945 6.948 6.950 6.951 6.953 6.955 6.957 6.959 6.960 6.962 6.964 6.967 6.969 6.972 6.974 6.978 6.981 6.985 6.988 6.992 6.996 7.001 7.005 7.010 7.015 7.021 7.026 7.032 7.039 7.045 7.052 7.059 7.066 7.074 7.082 7.090 7.097 7.103 7.109 7.116 7.122 7.129 7.137 7.147 7.158 7.170 7.183 7.198 7.216 7.237 7.259 7.287 7.322
6.842 6.848 6.854 6.860 6.866 6.871 6.877 6.882 6.888 6.893 6.898 6.903 6.907 6.911 6.916 6.920 6.923 6.927 6.931 6.934 6.937 6.940 6.942 6.944 6.947 6.949 6.951 6.953 6.954 6.956 6.958 6.960 6.961 6.963 6.965 6.967 6.970 6.972 6.975 6.978 6.981 6.985 6.989 6.993 6.997 7.001 7.005 7.010 7.015 7.021 7.026 7.032 7.038 7.045 7.052 7.059 7.066 7.074 7.082 7.089 7.097 7.103 7.108 7.115 7.122 7.128 7.136 7.146 7.156 7.168 7.182 7.200 7.221 7.243 7.266 7.299 7.336
6.843 6.849 6.855 6.861 6.866 6.872 6.878 6.883 6.888 6.894 6.899 6.903 6.908 6.912 6.917 6.921 6.924 6.928 6.932 6.935 6.938 6.941 6.943 6.946 6.948 6.950 6.952 6.954 6.956 6.957 6.959 6.961 6.962 6.964 6.966 6.968 6.971 6.973 6.976 6.979 6.982 6.986 6.989 6.993 6.997 7.001 7.006 7.010 7.015 7.021 7.026 7.032 7.038 7.045 7.052 7.059 7.066 7.074 7.082 7.090 7.097 7.103 7.108 7.115 7.121 7.127 7.135 7.145 7.155 7.167 7.183 7.202 7.227 7.250 7.276 7.312 7.352
6.844 6.850 6.856 6.861 6.867 6.873 6.878 6.884 6.889 6.894 6.899 6.904 6.909 6.913 6.918 6.922 6.926 6.930 6.933 6.936 6.939 6.942 6.945 6.947 6.949 6.951 6.953 6.955 6.957 6.959 6.960 6.962 6.964 6.965 6.967 6.969 6.972 6.974 6.976 6.979 6.983 6.986 6.990 6.993 6.997 7.001 7.006 7.011 7.016 7.021 7.027 7.032 7.039 7.045 7.052 7.059 7.066 7.074 7.082 7.090 7.097 7.103 7.108 7.114 7.121 7.127 7.134 7.143 7.154 7.166 7.183 7.206 7.234 7.260 7.287 7.327 7.371
6.845 6.850 6.856 6.862 6.868 6.874 6.879 6.885 6.890 6.895 6.900 6.905 6.910 6.914 6.919 6.923 6.927 6.931 6.935 6.938 6.941 6.943 6.946 6.948 6.951 6.953 6.955 6.956 6.958 6.960 6.962 6.963 6.965 6.967 6.969 6.970 6.973 6.975 6.977 6.980 6.983 6.987 6.990 6.994 6.998 7.002 7.006 7.011 7.016 7.021 7.027 7.033 7.039 7.045 7.052 7.059 7.067 7.074 7.083 7.091 7.098 7.103 7.108 7.114 7.120 7.126 7.133 7.142 7.153 7.166 7.185 7.211 7.243 7.270 7.300 7.344 7.391
6.845 6.851 6.857 6.863 6.869 6.875 6.880 6.886 6.891 6.896 6.902 6.906 6.911 6.916 6.920 6.924 6.928 6.932 6.936 6.939 6.942 6.945 6.947 6.950 6.952 6.954 6.956 6.958 6.960 6.961 6.963 6.965 6.966 6.968 6.970 6.972 6.974 6.976 6.978 6.981 6.984 6.988 6.991 6.995 6.998 7.003 7.007 7.012 7.017 7.022 7.027 7.033 7.039 7.046 7.053 7.060 7.067 7.075 7.083 7.091 7.098 7.104 7.108 7.114 7.120 7.125 7.132 7.142 7.152 7.167 7.189 7.218 7.254 7.283 7.315 7.362 7.411
6.846 6.852 6.858 6.864 6.870 6.876 6.881 6.887 6.892 6.898 6.903 6.908 6.912 6.917 6.921 6.925 6.930 6.934 6.937 6.941 6.944 6.946 6.949 6.952 6.954 6.956 6.958 6.960 6.961 6.963 6.965 6.966 6.968 6.970 6.971 6.973 6.975 6.977 6.980 6.982 6.986 6.989 6.992 6.996 6.999 7.003 7.008 7.013 7.017 7.023 7.028 7.034 7.040 7.046 7.053 7.060 7.068 7.076 7.084 7.092 7.100 7.105 7.109 7.115 7.120 7.125 7.132 7.141 7.153 7.169 7.193 7.225 7.263 7.295 7.329 7.378 7.428
6.848 6.854 6.859 6.865 6.871 6.877 6.883 6.888 6.894 6.899 6.904 6.909 6.914 6.918 6.923 6.927 6.931 6.935 6.939 6.942 6.945 6.948 6.951 6.953 6.956 6.958 6.960 6.962 6.963 6.965 6.967 6.968 6.970 6.971 6.973 6.975 6.977 6.979 6.981 6.984 6.987 6.990 6.993 6.997 7.001 7.005 7.009 7.014 7.018 7.024 7.029 7.035 7.041 7.047 7.054 7.061 7.069 7.077 7.086 7.094 7.101 7.106 7.109 7.114 7.120 7.124 7.131 7.141 7.153 7.172 7.198 7.233 7.277 7.310 7.345 7.396 7.448
6.849 6.855 6.861 6.867 6.872 6.878 6.884 6.890 6.895 6.900 6.905 6.910 6.915 6.920 6.924 6.929 6.933 6.937 6.941 6.944 6.947 6.950 6.953 6.955 6.958 6.960 6.962 6.964 6.965 6.967 6.969 6.970 6.972 6.973 6.975 6.977 6.979 6.981 6.983 6.986 6.989 6.992 6.995 6.998 7.002 7.006 7.010 7.015 7.020 7.025 7.030 7.036 7.042 7.048 7.055 7.063 7.070 7.079 7.087 7.095 7.102 7.106 7.109 7.114 7.120 7.124 7.131 7.141 7.156 7.176 7.205 7.246 7.294 7.327 7.363 7.415 7.468
6.850 6.856 6.862 6.868 6.874 6.880 6.885 6.891 6.897 6.902 6.907 6.912 6.917 6.922 6.926 6.930 6.935 6.939 6.943 6.946 6.949 6.952 6.955 6.957 6.960 6.962 6.964 6.966 6.968 6.969 6.971 6.972 6.974 6.975 6.977 6.979 6.981 6.983 6.985 6.988 6.991 6.993 6.997 7.000 7.004 7.008 7.012 7.017 7.021 7.026 7.032 7.037 7.043 7.050 7.057 7.064 7.072 7.080 7.089 7.097 7.103 7.106 7.109 7.115 7.120 7.125 7.133 7.145 7.161 7.184 7.218 7.263 7.311 7.345 7.381 7.434 7.487
6.852 6.858 6.864 6.870 6.875 6.881 6.887 6.893 6.898 6.904 6.909 6.914 6.919 6.924 6.928 6.932 6.937 6.941 6.945 6.948 6.952 6.954 6.957 6.960 6.962 6.964 6.966 6.968 6.970 6.972 6.973 6.975 6.976 6.978 6.980 6.981 6.983 6.985 6.987 6.990 6.993 6.996 6.999 7.002 7.006 7.010 7.014 7.018 7.023 7.028 7.033 7.039 7.045 7.051 7.058 7.066 7.074 7.082 7.090 7.097 7.103 7.107 7.110 7.116 7.122 7.128 7.137 7.151 7.169 7.196 7.234 7.280 7.328 7.362 7.398 7.452 7.506
6.853 6.859 6.865 6.871 6.877 6.883 6.889 6.894 6.900 6.905 6.911 6.916 6.921 6.926 6.930 6.935 6.939 6.944 6.947 6.951 6.954 6.957 6.960 6.962 6.965 6.967 6.969 6.971 6.973 6.974 6.976 6.978 6.979 6.981 6.982 6.984 6.986 6.988 6.990 6.992 6.995 6.998 7.001 7.004 7.008 7.012 7.016 7.021 7.025 7.030 7.035 7.041 7.047 7.053 7.060 7.067 7.075 7.083 7.091 7.098 7.103 7.107 7.111 7.119 7.126 7.133 7.144 7.159 7.181 7.211 7.250 7.297 7.346 7.379 7.416 7.471 7.526
6.855 6.861 6.867 6.873 6.879 6.885 6.891 6.896 6.902 6.907 6.913 6.918 6.923 6.928 6.932 6.937 6.942 6.946 6.950 6.953 6.956 6.960 6.962 6.965 6.968 6.970 6.972 6.974 6.976 6.977 6.979 6.980 6.982 6.984 6.985 6.987 6.989 6.990 6.993 6.995 6.998 7.001 7.004 7.007 7.010 7.014 7.019 7.023 7.028 7.033 7.038 7.043 7.049 7.055 7.062 7.069 7.077 7.085 7.092 7.099 7.104 7.109 7.114 7.123 7.131 7.140 7.153 7.171 7.195 7.227 7.267 7.313 7.363 7.397 7.434 7.490 7.545
6.857 6.863 6.869 6.875 6.881 6.887 6.892 6.898 6.904 6.909 6.915 6.920 6.925 6.930 6.935 6.939 6.944 6.948 6.952 6.956 6.959 6.962 6.965 6.968 6.970 6.973 6.975 6.977 6.979 6.980 6.982 6.984 6.985 6.987 6.988 6.990 6.992 6.994 6.996 6.998 7.001 7.004 7.007 7.010 7.013 7.017 7.021 7.026 7.030 7.035 7.041 7.046 7.052 7.058 7.064 7.071 7.079 7.086 7.093 7.100 7.106 7.112 7.119 7.128 7.139 7.149 7.165 7.186 7.210 7.242 7.282 7.330 7.381 7.416 7.453 7.509 7.565
