version1/TsunamiDB/out54015.asc
ncols          264
nrows          230
xllcorner      497853.4375
yllcorner      4229146.0000
cellsize         5.
NODATA_value   -99
[rows 93 to 123 of 230, columns 140 to 209 of 264]
-99.000 -99.000 -99.000 -99.000 -99.000 -99.000 -99.000 -99.000 -99.000 -99.000 -99.000 -99.000 -99.000 -99.000 -99.000 -99.000 -99.000 -99.000 -99.000 -99.000 -99.000 -99.000 -99.000 1.644 1.651 1.710 1.870 2.123 2.445 2.806 3.163 3.479 3.740 3.949 4.114 4.244 4.350 4.439 4.516 4.584 4.646 4.704 4.757 4.807 4.855 4.899 4.942 4.984 5.024 5.063 5.103 5.142 5.181 5.221 5.262 5.303 5.344 5.386 5.428 5.470 5.511 5.552 5.591 5.629 5.667 5.704 5.740 5.776 5.810 5.842
-99.000 -99.000 -99.000 -99.000 -99.000 -99.000 -99.000 -99.000 -99.000 -99.000 -99.000 -99.000 -99.000 -99.000 -99.000 -99.000 -99.000 -99.000 -99.000 -99.000 -99.000 -99.000 -99.000 1.645 1.664 1.761 1.960 2.244 2.586 2.953 3.297 3.593 3.833 4.023 4.173 4.292 4.390 4.474 4.547 4.613 4.674 4.730 4.783 4.833 4.880 4.925 4.968 5.009 5.049 5.089 5.127 5.166 5.205 5.244 5.284 5.323 5.364 5.406 5.447 5.489 5.531 5.572 5.613 5.654 5.695 5.736 5.777 5.818 5.859 5.897
-99.000 -99.000 -99.000 -99.000 -99.000 -99.000 -99.000 -99.000 -99.000 -99.000 -99.000 -99.000 -99.000 -99.000 -99.000 -99.000 -99.000 -99.000 -99.000 -99.000 -99.000 -99.000 1.644 1.648 1.690 1.828 2.064 2.375 2.732 3.096 3.424 3.698 3.918 4.090 4.227 4.337 4.428 4.507 4.577 4.641 4.700 4.755 4.808 4.857 4.905 4.950 4.993 5.034 5.074 5.113 5.151 5.190 5.228 5.266 5.304 5.342 5.382 5.423 5.464 5.505 5.547 5.589 5.632 5.675 5.719 5.764 5.810 5.857 5.903 5.947
-99.000 -99.000 -99.000 -99.000 -99.000 -99.000 -99.000 -99.000 -99.000 -99.000 -99.000 -99.000 -99.000 -99.000 -99.000 -99.000 -99.000 -99.000 -99.000 -99.000 -99.000 -99.000 1.644 1.656 1.732 1.912 2.180 2.514 2.880 3.234 3.542 3.795 3.995 4.152 4.277 4.378 4.464 4.539 4.606 4.668 4.726 4.781 4.832 4.882 4.928 4.973 5.016 5.058 5.098 5.137 5.175 5.212 5.249 5.286 5.323 5.360 5.398 5.437 5.478 5.519 5.561 5.603 5.647 5.693 5.740 5.789 5.839 5.891 5.942 5.992
-99.000 -99.000 -99.000 -99.000 -99.000 -99.000 -99.000 -99.000 -99.000 -99.000 -99.000 -99.000 -99.000 -99.000 -99.000 -99.000 -99.000 -99.000 -99.000 -99.000 -99.000 1.644 1.646 1.675 1.792 2.010 2.307 2.659 3.027 3.366 3.653 3.884 4.066 4.208 4.323 4.418 4.499 4.570 4.635 4.695 4.752 4.806 4.857 4.906 4.952 4.997 5.040 5.082 5.122 5.160 5.198 5.234 5.270 5.306 5.341 5.376 5.412 5.450 5.489 5.529 5.571 5.614 5.659 5.707 5.757 5.809 5.863 5.919 5.975 6.031
-99.000 -99.000 -99.000 -99.000 -99.000 -99.000 -99.000 -99.000 -99.000 -99.000 -99.000 -99.000 -99.000 -99.000 -99.000 -99.000 -99.000 -99.000 -99.000 -99.000 -99.000 1.644 1.651 1.709 1.868 2.121 2.444 2.808 3.170 3.490 3.754 3.965 4.130 4.260 4.366 4.455 4.531 4.600 4.663 4.722 4.778 4.831 4.881 4.930 4.976 5.021 5.064 5.106 5.146 5.184 5.221 5.257 5.292 5.326 5.359 5.391 5.426 5.461 5.498 5.537 5.578 5.622 5.668 5.717 5.770 5.825 5.883 5.943 6.003 6.064
-99.000 -99.000 -99.000 -99.000 -99.000 -99.000 -99.000 -99.000 -99.000 -99.000 -99.000 -99.000 -99.000 -99.000 -99.000 -99.000 -99.000 -99.000 -99.000 -99.000 -99.000 1.645 1.664 1.760 1.959 2.243 2.587 2.957 3.306 3.605 3.848 4.039 4.188 4.308 4.406 4.489 4.563 4.629 4.691 4.749 4.804 4.856 4.906 4.955 5.001 5.046 5.089 5.131 5.171 5.209 5.246 5.281 5.314 5.347 5.377 5.407 5.439 5.472 5.506 5.544 5.584 5.628 5.675 5.726 5.780 5.839 5.900 5.963 6.028 6.093
-99.000 -99.000 -99.000 -99.000 -99.000 -99.000 -99.000 -99.000 -99.000 -99.000 -99.000 -99.000 -99.000 -99.000 -99.000 -99.000 -99.000 -99.000 -99.000 -99.000 1.644 1.648 1.690 1.828 2.064 2.376 2.736 3.104 3.435 3.712 3.934 4.106 4.242 4.352 4.443 4.522 4.593 4.657 4.718 4.775 4.829 4.881 4.931 4.980 5.026 5.072 5.115 5.157 5.197 5.236 5.272 5.306 5.339 5.369 5.398 5.425 5.454 5.483 5.515 5.551 5.590 5.633 5.681 5.733 5.789 5.850 5.914 5.981 6.050 6.119
-99.000 -99.000 -99.000 -99.000 -99.000 -99.000 -99.000 -99.000 -99.000 -99.000 -99.000 -99.000 -99.000 -99.000 -99.000 -99.000 -99.000 -99.000 -99.000 -99.000 1.644 1.656 1.732 1.913 2.182 2.518 2.887 3.246 3.557 3.812 4.013 4.169 4.292 4.393 4.478 4.553 4.621 4.684 4.743 4.800 4.854 4.906 4.956 5.005 5.052 5.098 5.142 5.185 5.225 5.264 5.300 5.334 5.365 5.395 5.421 5.446 5.472 5.498 5.527 5.560 5.597 5.639 5.687 5.740 5.798 5.861 5.928 5.998 6.070 6.144
-99.000 -99.000 -99.000 -99.000 -99.000 -99.000 -99.000 -99.000 -99.000 -99.000 -99.000 -99.000 -99.000 -99.000 -99.000 -99.000 -99.000 -99.000 -99.000 1.644 1.646 1.675 1.793 2.012 2.312 2.666 3.038 3.381 3.671 3.903 4.085 4.226 4.339 4.432 4.512 4.583 4.648 4.710 4.768 4.824 4.877 4.930 4.980 5.029 5.077 5.124 5.169 5.212 5.254 5.293 5.330 5.364 5.395 5.423 5.447 5.470 5.493 5.516 5.542 5.572 5.607 5.649 5.696 5.749 5.807 5.872 5.941 6.014 6.090 6.167
-99.000 -99.000 -99.000 -99.000 -99.000 -99.000 -99.000 -99.000 -99.000 -99.000 -99.000 -99.000 -99.000 -99.000 -99.000 -99.000 -99.000 -99.000 -99.000 1.644 1.651 1.710 1.870 2.125 2.450 2.818 3.185 3.509 3.776 3.988 4.152 4.280 4.383 4.469 4.545 4.612 4.675 4.735 4.792 4.847 4.900 4.952 5.003 5.053 5.102 5.149 5.195 5.240 5.282 5.322 5.360 5.394 5.425 5.453 5.476 5.498 5.518 5.539 5.562 5.589 5.622 5.661 5.707 5.760 5.818 5.883 5.954 6.031 6.110 6.191
-99.000 -99.000 -99.000 -99.000 -99.000 -99.000 -99.000 -99.000 -99.000 -99.000 -99.000 -99.000 -99.000 -99.000 -99.000 -99.000 -99.000 -99.000 -99.000 1.645 1.665 1.762 1.964 2.250 2.597 2.970 3.325 3.629 3.873 4.065 4.214 4.330 4.425 4.506 4.576 4.641 4.702 4.759 4.815 4.869 4.922 4.974 5.025 5.076 5.125 5.173 5.220 5.266 5.309 5.351 5.389 5.424 5.456 5.484 5.507 5.528 5.547 5.567 5.587 5.612 5.642 5.679 5.723 5.774 5.832 5.897 5.969 6.047 6.129 6.213
-99.000 -99.000 -99.000 -99.000 -99.000 -99.000 -99.000 -99.000 -99.000 -99.000 -99.000 -99.000 -99.000 -99.000 -99.000 -99.000 -99.000 -99.000 1.644 1.648 1.692 1.832 2.072 2.386 2.748 3.121 3.458 3.739 3.962 4.136 4.271 4.377 4.465 4.541 4.608 4.670 4.728 4.784 4.839 4.892 4.944 4.995 5.046 5.097 5.146 5.195 5.243 5.289 5.334 5.377 5.416 5.453 5.486 5.515 5.538 5.559 5.578 5.597 5.617 5.640 5.668 5.702 5.743 5.793 5.849 5.912 5.984 6.064 6.147 6.234
-99.000 -99.000 -99.000 -99.000 -99.000 -99.000 -99.000 -99.000 -99.000 -99.000 -99.000 -99.000 -99.000 -99.000 -99.000 -99.000 -99.000 -99.000 1.644 1.657 1.736 1.920 2.192 2.530 2.902 3.266 3.582 3.840 4.043 4.200 4.323 4.422 4.504 4.576 4.640 4.700 4.756 4.810 4.863 4.915 4.966 5.016 5.067 5.117 5.167 5.216 5.264 5.311 5.356 5.400 5.440 5.478 5.513 5.543 5.568 5.590 5.611 5.630 5.651 5.673 5.699 5.731 5.770 5.815 5.868 5.929 6.001 6.082 6.167 6.256
-99.000 -99.000 -99.000 -99.000 -99.000 -99.000 -99.000 -99.000 -99.000 -99.000 -99.000 -99.000 -99.000 -99.000 -99.000 -99.000 -99.000 1.644 1.646 1.678 1.799 2.022 2.324 2.680 3.055 3.403 3.696 3.932 4.115 4.258 4.371 4.463 4.541 4.610 4.672 4.730 4.784 4.837 4.888 4.939 4.988 5.038 5.088 5.137 5.186 5.235 5.283 5.330 5.375 5.419 5.461 5.500 5.536 5.568 5.595 5.620 5.643 5.665 5.687 5.711 5.737 5.767 5.802 5.844 5.893 5.953 6.024 6.104 6.189 6.280
-99.000 -99.000 -99.000 -99.000 -99.000 -99.000 -99.000 -99.000 -99.000 -99.000 -99.000 -99.000 -99.000 -99.000 -99.000 -99.000 -99.000 1.644 1.652 1.714 1.879 2.138 2.466 2.834 3.204 3.531 3.801 4.014 4.180 4.311 4.415 4.502 4.576 4.642 4.703 4.760 4.813 4.865 4.915 4.964 5.012 5.061 5.109 5.158 5.206 5.254 5.301 5.347 5.392 5.436 5.478 5.518 5.555 5.590 5.620 5.648 5.674 5.700 5.726 5.752 5.780 5.809 5.842 5.881 5.927 5.985 6.053 6.131 6.215 6.306
-99.000 -99.000 -99.000 -99.000 -99.000 -99.000 -99.000 -99.000 -99.000 -99.000 -99.000 -99.000 -99.000 -99.000 -99.000 -99.000 -99.000 1.645 1.667 1.769 1.976 2.266 2.615 2.989 3.345 3.649 3.895 4.088 4.238 4.358 4.456 4.537 4.609 4.674 4.733 4.789 4.842 4.893 4.942 4.990 5.038 5.085 5.132 5.180 5.226 5.273 5.319 5.364 5.408 5.452 5.494 5.534 5.572 5.609 5.642 5.673 5.705 5.736 5.766 5.796 5.827 5.858 5.890 5.927 5.971 6.024 6.088 6.163 6.244 6.335
-99.000 -99.000 -99.000 -99.000 -99.000 -99.000 -99.000 -99.000 -99.000 -99.000 -99.000 -99.000 -99.000 -99.000 -99.000 -99.000 1.644 1.649 1.696 1.843 2.086 2.404 2.768 3.141 3.477 3.757 3.980 4.154 4.291 4.401 4.492 4.570 4.639 4.703 4.762 4.818 4.870 4.921 4.970 5.018 5.065 5.111 5.157 5.203 5.249 5.294 5.338 5.382 5.424 5.466 5.508 5.548 5.587 5.626 5.662 5.698 5.734 5.771 5.807 5.843 5.878 5.912 5.946 5.982 6.022 6.071 6.131 6.201 6.280 6.368
-99.000 -99.000 -99.000 -99.000 -99.000 -99.000 -99.000 -99.000 -99.000 -99.000 -99.000 -99.000 -99.000 -99.000 -99.000 -99.000 1.644 1.659 1.743 1.932 2.209 2.550 2.923 3.286 3.600 3.855 4.057 4.214 4.338 4.440 4.526 4.600 4.668 4.730 4.789 4.845 4.898 4.949 4.998 5.046 5.092 5.138 5.184 5.228 5.273 5.316 5.359 5.400 5.441 5.482 5.522 5.562 5.602 5.642 5.681 5.721 5.763 5.806 5.848 5.889 5.930 5.969 6.006 6.043 6.082 6.127 6.182 6.247 6.322 6.407
-99.000 -99.000 -99.000 -99.000 -99.000 -99.000 -99.000 -99.000 -99.000 -99.000 -99.000 -99.000 -99.000 -99.000 -99.000 1.644 1.647 1.682 1.809 2.037 2.343 2.702 3.076 3.422 3.713 3.945 4.126 4.268 4.382 4.476 4.557 4.628 4.694 4.756 4.814 4.870 4.923 4.975 5.025 5.073 5.120 5.166 5.211 5.255 5.298 5.340 5.381 5.420 5.459 5.498 5.537 5.576 5.617 5.658 5.700 5.744 5.791 5.839 5.887 5.935 5.983 6.028 6.069 6.108 6.148 6.191 6.241 6.301 6.371 6.453
-99.000 -99.000 -99.000 -99.000 -99.000 -99.000 -99.000 -99.000 -99.000 -99.000 -99.000 -99.000 -99.000 -99.000 -99.000 1.644 1.653 1.720 1.891 2.154 2.486 2.856 3.225 3.550 3.816 4.027 4.190 4.319 4.423 4.510 4.586 4.654 4.718 4.779 4.837 4.893 4.947 4.999 5.050 5.099 5.147 5.193 5.238 5.282 5.324 5.365 5.404 5.442 5.479 5.515 5.552 5.591 5.632 5.673 5.718 5.766 5.818 5.872 5.926 5.980 6.034 6.085 6.132 6.176 6.217 6.259 6.307 6.363 6.429 6.506
-99.000 -99.000 -99.000 -99.000 -99.000 -99.000 -99.000 -99.000 -99.000 -99.000 -99.000 -99.000 -99.000 -99.000 -99.000 1.645 1.670 1.778 1.989 2.283 2.634 3.010 3.365 3.668 3.911 4.101 4.249 4.366 4.461 4.543 4.615 4.680 4.742 4.801 4.858 4.914 4.969 5.022 5.073 5.124 5.172 5.220 5.265 5.309 5.350 5.390 5.427 5.463 5.498 5.533 5.569 5.606 5.647 5.690 5.736 5.788 5.844 5.903 5.962 6.022 6.081 6.139 6.192 6.242 6.287 6.330 6.377 6.431 6.494 6.567
-99.000 -99.000 -99.000 -99.000 -99.000 -99.000 -99.000 -99.000 -99.000 -99.000 -99.000 -99.000 -99.000 -99.000 1.644 1.649 1.701 1.852 2.100 2.421 2.787 3.160 3.497 3.776 3.997 4.169 4.302 4.409 4.498 4.574 4.642 4.705 4.765 4.823 4.879 4.934 4.989 5.042 5.095 5.146 5.196 5.244 5.290 5.334 5.375 5.414 5.450 5.485 5.518 5.551 5.585 5.622 5.662 5.706 5.754 5.808 5.867 5.931 5.995 6.059 6.125 6.189 6.249 6.305 6.355 6.402 6.450 6.504 6.565 6.635
-99.000 -99.000 -99.000 -99.000 -99.000 -99.000 -99.000 -99.000 -99.000 -99.000 -99.000 -99.000 -99.000 -99.000 1.645 1.661 1.750 1.943 2.223 2.566 2.940 3.304 3.620 3.875 4.075 4.230 4.352 4.450 4.533 4.605 4.670 4.730 4.788 4.845 4.900 4.954 5.008 5.062 5.114 5.166 5.217 5.266 5.312 5.357 5.398 5.436 5.471 5.505 5.537 5.569 5.602 5.638 5.678 5.722 5.771 5.827 5.889 5.957 6.025 6.094 6.165 6.234 6.301 6.363 6.419 6.471 6.523 6.578 6.640 6.709
-99.000 -99.000 -99.000 -99.000 -99.000 -99.000 -99.000 -99.000 -99.000 -99.000 -99.000 -99.000 -99.000 1.644 1.647 1.685 1.816 2.048 2.357 2.716 3.092 3.440 3.732 3.964 4.145 4.285 4.397 4.489 4.567 4.636 4.698 4.756 4.813 4.867 4.921 4.974 5.028 5.081 5.133 5.185 5.236 5.286 5.333 5.377 5.419 5.457 5.491 5.524 5.555 5.586 5.618 5.654 5.693 5.737 5.787 5.846 5.911 5.981 6.052 6.126 6.201 6.276 6.348 6.415 6.478 6.537 6.595 6.654 6.718 6.790
-99.000 -99.000 -99.000 -99.000 -99.000 -99.000 -99.000 -99.000 -99.000 -99.000 -99.000 -99.000 -99.000 1.644 1.654 1.725 1.900 2.166 2.499 2.870 3.239 3.566 3.834 4.044 4.207 4.336 4.439 4.525 4.599 4.666 4.726 4.782 4.837 4.891 4.943 4.996 5.048 5.100 5.152 5.204 5.255 5.304 5.352 5.396 5.438 5.476 5.510 5.542 5.572 5.603 5.635 5.670 5.710 5.754 5.805 5.864 5.930 6.003 6.077 6.153 6.233 6.312 6.388 6.462 6.532 6.599 6.664 6.728 6.797 6.875
-99.000 -99.000 -99.000 -99.000 -99.000 -99.000 -99.000 -99.000 -99.000 -99.000 -99.000 -99.000 -99.000 1.645 1.672 1.784 1.999 2.295 2.648 3.023 3.380 3.683 3.926 4.116 4.264 4.381 4.477 4.558 4.630 4.694 4.753 4.808 4.862 4.915 4.967 5.018 5.069 5.121 5.172 5.223 5.273 5.323 5.370 5.415 5.456 5.494 5.529 5.560 5.591 5.621 5.653 5.688 5.728 5.772 5.823 5.882 5.949 6.023 6.098 6.178 6.261 6.343 6.424 6.504 6.583 6.658 6.730 6.800 6.877 6.963
-99.000 -99.000 -99.000 -99.000 -99.000 -99.000 -99.000 -99.000 -99.000 -99.000 -99.000 -99.000 1.644 1.650 1.705 1.860 2.111 2.434 2.800 3.174 3.511 3.789 4.009 4.181 4.315 4.423 4.512 4.589 4.658 4.721 4.779 4.834 4.887 4.939 4.990 5.041 5.092 5.142 5.193 5.243 5.293 5.341 5.388 5.433 5.475 5.513 5.548 5.580 5.611 5.642 5.674 5.710 5.749 5.793 5.843 5.901 5.968 6.042 6.119 6.200 6.285 6.371 6.458 6.544 6.630 6.714 6.794 6.870 6.955 7.047
-99.000 -99.000 -99.000 -99.000 -99.000 -99.000 -99.000 -99.000 -99.000 -99.000 -99.000 -99.000 1.645 1.662 1.756 1.953 2.236 2.581 2.955 3.319 3.633 3.886 4.085 4.240 4.361 4.461 4.545 4.619 4.685 4.747 4.804 4.858 4.911 4.963 5.014 5.064 5.114 5.164 5.214 5.264 5.313 5.361 5.408 5.452 5.494 5.533 5.569 5.602 5.634 5.665 5.699 5.735 5.774 5.817 5.866 5.923 5.989 6.062 6.139 6.221 6.309 6.399 6.490 6.582 6.676 6.768 6.856 6.935 7.025 7.125
-99.000 -99.000 -99.000 -99.000 -99.000 -99.000 -99.000 -99.000 -99.000 -99.000 -99.000 1.644 1.647 1.688 1.825 2.060 2.372 2.733 3.109 3.456 3.745 3.975 4.154 4.294 4.405 4.497 4.576 4.646 4.711 4.771 4.827 4.881 4.934 4.986 5.037 5.087 5.137 5.186 5.235 5.284 5.333 5.380 5.427 5.472 5.514 5.554 5.591 5.626 5.659 5.692 5.727 5.764 5.804 5.846 5.893 5.948 6.012 6.084 6.161 6.243 6.334 6.427 6.521 6.619 6.720 6.819 6.911 6.992 7.086 7.193
-99.000 -99.000 -99.000 -99.000 -99.000 -99.000 -99.000 -99.000 -99.000 -99.000 -99.000 1.644 1.656 1.731 1.911 2.181 2.517 2.889 3.259 3.584 3.849 4.057 4.218 4.344 4.446 4.531 4.606 4.673 4.735 4.794 4.849 4.903 4.955 5.007 5.058 5.108 5.158 5.207 5.256 5.304 5.352 5.399 5.445 5.490 5.533 5.574 5.614 5.651 5.687 5.722 5.759 5.797 5.837 5.879 5.925 5.977 6.039 6.111 6.186 6.269 6.361 6.456 6.554 6.657 6.762 6.865 6.960 7.040 7.136 7.245
