version1/TsunamiDB/out54124.asc
ncols          264
nrows          230
xllcorner      497853.4375
yllcorner      4229146.0000
cellsize         5.
NODATA_value   -99
[rows 68 to 101 of 230, columns 77 to 153 of 264]
6.070 6.082 6.094 6.107 6.119 6.129 6.140 6.150 6.161 6.171 6.181 6.192 6.202 6.212 6.221 6.231 6.240 6.249 6.258 6.266 6.274 6.282 6.290 6.298 6.306 6.314 6.322 6.329 6.336 6.341 6.347 6.353 6.359 6.365 6.371 6.377 6.382 6.388 6.393 6.399 6.404 6.409 6.414 6.419 6.423 6.428 6.433 6.438 6.443 6.449 6.454 6.458 6.462 6.466 6.470 6.475 6.479 6.484 6.489 6.493 6.498 6.502 6.507 6.512 6.516 6.521 6.525 6.529 6.534 6.539 6.544 6.549 6.555 6.561 6.566 6.572 6.577
6.076 6.088 6.100 6.113 6.124 6.135 6.145 6.155 6.166 6.176 6.187 6.197 6.207 6.217 6.227 6.237 6.246 6.255 6.264 6.272 6.281 6.289 6.297 6.305 6.313 6.321 6.329 6.336 6.343 6.349 6.355 6.361 6.367 6.373 6.379 6.385 6.391 6.396 6.402 6.407 6.413 6.418 6.423 6.428 6.433 6.437 6.442 6.447 6.452 6.458 6.463 6.467 6.470 6.475 6.479 6.483 6.488 6.492 6.497 6.501 6.506 6.510 6.515 6.519 6.524 6.528 6.533 6.537 6.542 6.547 6.551 6.557 6.562 6.568 6.573 6.578 6.584
6.082 6.094 6.106 6.118 6.129 6.140 6.150 6.161 6.171 6.182 6.192 6.203 6.213 6.223 6.233 6.242 6.252 6.261 6.270 6.278 6.287 6.295 6.304 6.312 6.320 6.328 6.336 6.343 6.349 6.355 6.362 6.368 6.374 6.380 6.386 6.392 6.398 6.404 6.410 6.415 6.421 6.426 6.431 6.436 6.441 6.446 6.451 6.456 6.461 6.467 6.471 6.475 6.479 6.483 6.487 6.491 6.496 6.500 6.505 6.509 6.514 6.518 6.523 6.527 6.532 6.536 6.541 6.545 6.550 6.554 6.559 6.564 6.570 6.575 6.580 6.585 6.590
6.088 6.100 6.112 6.124 6.135 6.145 6.156 6.166 6.177 6.187 6.198 6.208 6.218 6.228 6.238 6.248 6.257 6.267 6.276 6.284 6.293 6.301 6.310 6.318 6.326 6.334 6.342 6.349 6.356 6.362 6.368 6.375 6.381 6.387 6.393 6.400 6.406 6.412 6.418 6.423 6.429 6.434 6.440 6.445 6.450 6.455 6.460 6.465 6.470 6.475 6.480 6.484 6.487 6.491 6.495 6.500 6.504 6.508 6.513 6.517 6.522 6.526 6.531 6.535 6.540 6.544 6.548 6.553 6.557 6.562 6.566 6.571 6.577 6.582 6.586 6.591 6.596
6.094 6.106 6.117 6.129 6.140 6.150 6.161 6.171 6.182 6.192 6.203 6.213 6.224 6.234 6.244 6.253 6.263 6.272 6.281 6.290 6.299 6.307 6.316 6.324 6.332 6.340 6.348 6.356 6.362 6.368 6.375 6.381 6.387 6.394 6.400 6.406 6.413 6.419 6.425 6.431 6.436 6.442 6.447 6.453 6.458 6.463 6.468 6.473 6.478 6.484 6.488 6.492 6.496 6.500 6.504 6.508 6.512 6.516 6.520 6.525 6.529 6.534 6.538 6.543 6.547 6.552 6.556 6.560 6.565 6.569 6.574 6.579 6.584 6.589 6.593 6.598 6.603
6.100 6.111 6.123 6.135 6.146 6.156 6.166 6.177 6.187 6.198 6.208 6.219 6.229 6.239 6.249 6.259 6.268 6.278 6.287 6.296 6.305 6.313 6.322 6.330 6.338 6.346 6.354 6.362 6.368 6.374 6.381 6.387 6.394 6.400 6.406 6.413 6.419 6.425 6.432 6.438 6.443 6.449 6.455 6.460 6.466 6.471 6.476 6.481 6.486 6.492 6.496 6.500 6.504 6.508 6.512 6.516 6.520 6.524 6.528 6.533 6.537 6.541 6.546 6.550 6.555 6.559 6.563 6.568 6.572 6.577 6.581 6.586 6.591 6.596 6.600 6.605 6.609
6.105 6.117 6.128 6.140 6.151 6.161 6.171 6.182 6.192 6.203 6.213 6.224 6.234 6.244 6.254 6.264 6.274 6.283 6.292 6.301 6.310 6.319 6.327 6.336 6.344 6.352 6.360 6.368 6.374 6.380 6.387 6.393 6.400 6.406 6.413 6.419 6.425 6.432 6.438 6.444 6.450 6.456 6.462 6.467 6.473 6.478 6.484 6.489 6.494 6.499 6.504 6.508 6.512 6.515 6.519 6.523 6.527 6.532 6.536 6.540 6.544 6.549 6.553 6.558 6.562 6.566 6.571 6.575 6.579 6.584 6.588 6.593 6.598 6.603 6.607 6.611 6.616
6.111 6.122 6.134 6.145 6.156 6.166 6.176 6.187 6.197 6.208 6.218 6.229 6.239 6.249 6.259 6.269 6.279 6.288 6.298 6.307 6.316 6.324 6.333 6.341 6.350 6.358 6.366 6.373 6.380 6.386 6.393 6.399 6.406 6.412 6.419 6.425 6.431 6.438 6.444 6.450 6.457 6.463 6.468 6.474 6.480 6.485 6.491 6.496 6.501 6.507 6.511 6.515 6.519 6.523 6.527 6.531 6.535 6.539 6.543 6.547 6.552 6.556 6.560 6.565 6.569 6.574 6.578 6.582 6.587 6.591 6.595 6.600 6.605 6.610 6.614 6.618 6.622
6.116 6.127 6.139 6.150 6.161 6.171 6.181 6.192 6.202 6.213 6.223 6.233 6.244 6.254 6.264 6.274 6.284 6.294 6.303 6.312 6.321 6.330 6.338 6.347 6.355 6.363 6.372 6.379 6.386 6.392 6.398 6.405 6.411 6.418 6.424 6.431 6.437 6.444 6.450 6.456 6.463 6.469 6.475 6.481 6.486 6.492 6.497 6.503 6.508 6.514 6.519 6.523 6.526 6.530 6.534 6.538 6.542 6.546 6.550 6.555 6.559 6.563 6.567 6.572 6.576 6.581 6.585 6.589 6.594 6.598 6.602 6.607 6.612 6.616 6.620 6.624 6.629
6.120 6.132 6.143 6.155 6.166 6.176 6.186 6.196 6.207 6.217 6.228 6.238 6.248 6.259 6.269 6.279 6.289 6.298 6.308 6.317 6.326 6.335 6.344 6.352 6.361 6.369 6.377 6.385 6.391 6.398 6.404 6.411 6.417 6.424 6.430 6.437 6.443 6.449 6.456 6.462 6.468 6.475 6.481 6.487 6.493 6.498 6.504 6.509 6.515 6.521 6.525 6.529 6.533 6.537 6.541 6.545 6.549 6.553 6.557 6.561 6.566 6.570 6.574 6.579 6.583 6.587 6.592 6.596 6.600 6.605 6.609 6.614 6.618 6.623 6.627 6.631 6.635
6.125 6.136 6.148 6.159 6.170 6.180 6.190 6.201 6.211 6.221 6.232 6.242 6.253 6.263 6.273 6.284 6.293 6.303 6.313 6.322 6.331 6.340 6.349 6.358 6.366 6.374 6.383 6.390 6.397 6.403 6.410 6.416 6.423 6.429 6.436 6.442 6.449 6.455 6.461 6.468 6.474 6.480 6.486 6.492 6.498 6.504 6.510 6.516 6.521 6.527 6.532 6.536 6.540 6.544 6.548 6.552 6.556 6.560 6.564 6.568 6.572 6.577 6.581 6.585 6.590 6.594 6.598 6.602 6.607 6.611 6.616 6.620 6.625 6.629 6.633 6.637 6.641
6.128 6.140 6.152 6.163 6.174 6.184 6.194 6.205 6.215 6.226 6.236 6.247 6.257 6.267 6.278 6.288 6.298 6.308 6.317 6.327 6.336 6.345 6.354 6.363 6.371 6.380 6.388 6.396 6.402 6.409 6.415 6.422 6.428 6.435 6.441 6.448 6.454 6.461 6.467 6.473 6.480 6.486 6.492 6.498 6.504 6.510 6.516 6.522 6.527 6.533 6.538 6.542 6.546 6.550 6.554 6.558 6.562 6.566 6.570 6.575 6.579 6.583 6.587 6.592 6.596 6.600 6.605 6.609 6.613 6.618 6.622 6.627 6.631 6.636 6.639 6.643 6.647
6.131 6.143 6.155 6.167 6.178 6.188 6.198 6.208 6.219 6.229 6.240 6.250 6.261 6.271 6.282 6.292 6.302 6.312 6.322 6.331 6.341 6.350 6.359 6.368 6.376 6.385 6.393 6.401 6.408 6.414 6.421 6.427 6.434 6.440 6.447 6.453 6.460 6.466 6.472 6.479 6.485 6.491 6.498 6.504 6.510 6.516 6.522 6.527 6.533 6.539 6.544 6.548 6.553 6.557 6.561 6.565 6.569 6.573 6.577 6.581 6.585 6.589 6.594 6.598 6.602 6.607 6.611 6.615 6.619 6.624 6.628 6.633 6.638 6.642 6.646 6.649 6.653
6.134 6.146 6.158 6.170 6.181 6.191 6.201 6.212 6.222 6.233 6.243 6.254 6.264 6.275 6.285 6.296 6.306 6.316 6.326 6.335 6.345 6.354 6.363 6.372 6.381 6.390 6.398 6.406 6.413 6.419 6.426 6.433 6.439 6.446 6.452 6.459 6.465 6.472 6.478 6.484 6.490 6.497 6.503 6.509 6.515 6.521 6.527 6.533 6.539 6.545 6.550 6.554 6.559 6.563 6.567 6.571 6.575 6.579 6.583 6.587 6.591 6.596 6.600 6.604 6.608 6.613 6.617 6.621 6.626 6.630 6.634 6.639 6.644 6.648 6.652 6.655 6.659
6.137 6.149 6.161 6.172 6.184 6.194 6.204 6.214 6.225 6.236 6.246 6.257 6.268 6.278 6.289 6.299 6.309 6.319 6.329 6.339 6.349 6.358 6.368 6.377 6.386 6.394 6.403 6.411 6.418 6.425 6.431 6.438 6.444 6.451 6.458 6.464 6.471 6.477 6.483 6.490 6.496 6.502 6.508 6.514 6.520 6.527 6.533 6.539 6.545 6.551 6.556 6.560 6.564 6.569 6.573 6.577 6.581 6.585 6.589 6.593 6.597 6.602 6.606 6.610 6.614 6.619 6.623 6.627 6.632 6.636 6.641 6.645 6.650 6.654 6.658 6.661 6.665
6.139 6.151 6.163 6.175 6.186 6.196 6.206 6.217 6.228 6.238 6.249 6.260 6.270 6.281 6.291 6.302 6.312 6.323 6.333 6.343 6.352 6.362 6.371 6.381 6.390 6.399 6.408 6.416 6.423 6.430 6.436 6.443 6.450 6.456 6.463 6.469 6.476 6.482 6.489 6.495 6.501 6.507 6.514 6.520 6.526 6.532 6.538 6.544 6.550 6.556 6.561 6.566 6.570 6.574 6.578 6.583 6.587 6.591 6.595 6.599 6.603 6.608 6.612 6.616 6.620 6.625 6.629 6.633 6.638 6.642 6.647 6.651 6.656 6.660 6.664 6.667 6.671
6.140 6.153 6.165 6.177 6.188 6.198 6.209 6.219 6.230 6.241 6.251 6.262 6.273 6.283 6.294 6.305 6.315 6.325 6.336 6.346 6.356 6.365 6.375 6.385 6.394 6.403 6.412 6.420 6.427 6.434 6.441 6.448 6.455 6.462 6.468 6.475 6.481 6.488 6.494 6.500 6.507 6.513 6.519 6.525 6.531 6.537 6.543 6.549 6.556 6.562 6.567 6.571 6.576 6.580 6.584 6.588 6.593 6.597 6.601 6.605 6.609 6.614 6.618 6.622 6.626 6.631 6.635 6.639 6.644 6.648 6.653 6.657 6.662 6.666 6.670 6.673 6.677
6.142 6.154 6.166 6.179 6.190 6.200 6.210 6.221 6.232 6.243 6.253 6.264 6.275 6.286 6.296 6.307 6.317 6.328 6.338 6.348 6.359 6.368 6.378 6.388 6.398 6.407 6.416 6.424 6.432 6.439 6.446 6.453 6.460 6.467 6.473 6.480 6.487 6.493 6.499 6.506 6.512 6.518 6.524 6.530 6.536 6.543 6.549 6.555 6.561 6.567 6.572 6.577 6.581 6.586 6.590 6.594 6.599 6.603 6.607 6.611 6.615 6.620 6.624 6.628 6.632 6.636 6.641 6.645 6.650 6.654 6.659 6.664 6.669 6.672 6.676 6.679 6.683
6.143 6.156 6.168 6.180 6.191 6.202 6.212 6.223 6.234 6.244 6.255 6.266 6.277 6.288 6.298 6.309 6.320 6.330 6.341 6.351 6.361 6.371 6.381 6.391 6.401 6.411 6.420 6.428 6.436 6.443 6.450 6.458 6.465 6.472 6.479 6.485 6.492 6.498 6.505 6.511 6.517 6.524 6.530 6.536 6.542 6.548 6.554 6.560 6.567 6.573 6.578 6.582 6.587 6.591 6.596 6.600 6.604 6.609 6.613 6.617 6.621 6.626 6.630 6.634 6.638 6.643 6.647 6.651 6.656 6.660 6.665 6.670 6.675 6.678 6.682 6.686 6.689
6.145 6.158 6.170 6.182 6.193 6.203 6.214 6.224 6.235 6.246 6.257 6.268 6.279 6.289 6.300 6.311 6.321 6.332 6.343 6.353 6.363 6.374 6.384 6.394 6.404 6.414 6.424 6.432 6.439 6.447 6.455 6.462 6.469 6.476 6.483 6.490 6.497 6.504 6.510 6.516 6.523 6.529 6.535 6.541 6.547 6.553 6.560 6.566 6.572 6.578 6.583 6.588 6.592 6.597 6.601 6.606 6.610 6.615 6.619 6.623 6.627 6.632 6.636 6.640 6.644 6.649 6.653 6.657 6.662 6.666 6.671 6.676 6.681 6.685 6.688 6.692 6.696
6.147 6.160 6.172 6.184 6.194 6.205 6.215 6.226 6.237 6.248 6.259 6.269 6.280 6.291 6.302 6.312 6.323 6.334 6.344 6.355 6.365 6.376 6.386 6.396 6.407 6.417 6.426 6.435 6.443 6.451 6.458 6.466 6.474 6.481 6.488 6.495 6.502 6.509 6.515 6.522 6.528 6.534 6.540 6.547 6.553 6.559 6.565 6.571 6.578 6.584 6.589 6.593 6.598 6.603 6.607 6.612 6.616 6.621 6.625 6.629 6.634 6.638 6.642 6.646 6.651 6.655 6.659 6.664 6.668 6.673 6.678 6.683 6.687 6.691 6.695 6.698 6.702
6.149 6.162 6.174 6.185 6.196 6.206 6.217 6.228 6.239 6.249 6.260 6.271 6.282 6.292 6.303 6.314 6.325 6.335 6.346 6.357 6.367 6.378 6.388 6.399 6.409 6.420 6.429 6.438 6.446 6.454 6.462 6.470 6.478 6.485 6.493 6.500 6.507 6.514 6.520 6.527 6.533 6.540 6.546 6.552 6.558 6.564 6.571 6.577 6.583 6.589 6.594 6.599 6.604 6.608 6.613 6.618 6.622 6.627 6.631 6.635 6.640 6.644 6.648 6.653 6.657 6.661 6.666 6.670 6.675 6.679 6.684 6.689 6.694 6.698 6.701 6.705 6.709
6.152 6.164 6.176 6.187 6.198 6.208 6.219 6.230 6.240 6.251 6.262 6.273 6.283 6.294 6.305 6.316 6.326 6.337 6.348 6.358 6.369 6.380 6.390 6.401 6.411 6.422 6.431 6.440 6.449 6.457 6.465 6.473 6.481 6.489 6.497 6.504 6.511 6.518 6.525 6.532 6.538 6.545 6.551 6.558 6.564 6.570 6.576 6.582 6.589 6.595 6.600 6.605 6.609 6.614 6.619 6.624 6.628 6.633 6.637 6.642 6.646 6.650 6.655 6.659 6.664 6.668 6.672 6.677 6.681 6.686 6.691 6.696 6.700 6.704 6.708 6.712 6.716
6.155 6.167 6.179 6.190 6.200 6.211 6.221 6.232 6.242 6.253 6.264 6.274 6.285 6.296 6.307 6.317 6.328 6.339 6.349 6.360 6.371 6.381 6.392 6.403 6.413 6.424 6.434 6.443 6.451 6.460 6.469 6.477 6.485 6.493 6.501 6.508 6.516 6.523 6.530 6.537 6.544 6.550 6.557 6.563 6.569 6.575 6.582 6.588 6.595 6.600 6.605 6.610 6.615 6.620 6.625 6.630 6.634 6.639 6.644 6.648 6.653 6.657 6.661 6.666 6.670 6.675 6.679 6.684 6.688 6.693 6.698 6.703 6.707 6.711 6.715 6.719 6.723
6.158 6.170 6.182 6.193 6.203 6.213 6.224 6.234 6.245 6.255 6.266 6.276 6.287 6.298 6.308 6.319 6.330 6.340 6.351 6.362 6.372 6.383 6.394 6.404 6.415 6.426 6.436 6.445 6.454 6.463 6.471 6.480 6.488 6.497 6.505 6.513 6.520 6.528 6.535 6.542 6.549 6.555 6.562 6.568 6.575 6.581 6.587 6.594 6.600 6.606 6.611 6.616 6.621 6.626 6.631 6.636 6.640 6.645 6.650 6.655 6.659 6.664 6.668 6.673 6.677 6.681 6.686 6.690 6.695 6.700 6.705 6.710 6.714 6.718 6.722 6.726 6.730
6.162 6.174 6.185 6.196 6.206 6.216 6.227 6.237 6.247 6.258 6.268 6.279 6.289 6.300 6.310 6.321 6.332 6.342 6.353 6.363 6.374 6.385 6.396 6.406 6.417 6.428 6.438 6.447 6.456 6.465 6.474 6.483 6.492 6.500 6.508 6.517 6.524 6.532 6.539 6.547 6.554 6.560 6.567 6.574 6.580 6.587 6.593 6.599 6.606 6.612 6.617 6.622 6.627 6.632 6.637 6.642 6.647 6.652 6.656 6.661 6.666 6.670 6.675 6.679 6.684 6.688 6.693 6.698 6.702 6.707 6.712 6.717 6.722 6.726 6.730 6.733 6.737
6.167 6.178 6.189 6.200 6.210 6.220 6.230 6.240 6.250 6.261 6.271 6.282 6.292 6.302 6.313 6.323 6.334 6.344 6.355 6.366 6.376 6.387 6.398 6.408 6.419 6.430 6.440 6.450 6.459 6.468 6.477 6.486 6.495 6.504 6.512 6.520 6.528 6.536 6.544 6.551 6.558 6.565 6.572 6.579 6.586 6.592 6.598 6.605 6.612 6.618 6.623 6.628 6.633 6.638 6.643 6.648 6.653 6.658 6.663 6.668 6.672 6.677 6.682 6.686 6.691 6.696 6.700 6.705 6.709 6.714 6.719 6.724 6.729 6.733 6.737 6.741 6.745
6.172 6.183 6.194 6.204 6.214 6.224 6.234 6.244 6.254 6.264 6.274 6.285 6.295 6.305 6.316 6.326 6.336 6.347 6.357 6.368 6.378 6.389 6.400 6.410 6.421 6.432 6.442 6.452 6.461 6.471 6.480 6.489 6.498 6.507 6.516 6.524 6.532 6.541 6.548 6.556 6.563 6.570 6.577 6.584 6.591 6.598 6.604 6.611 6.617 6.623 6.629 6.634 6.639 6.644 6.649 6.654 6.659 6.664 6.669 6.674 6.679 6.684 6.689 6.693 6.698 6.703 6.707 6.712 6.717 6.722 6.727 6.732 6.736 6.741 6.745 6.749 6.753
6.178 6.188 6.199 6.209 6.219 6.228 6.238 6.248 6.258 6.268 6.278 6.288 6.298 6.309 6.319 6.329 6.339 6.350 6.360 6.370 6.381 6.391 6.402 6.413 6.424 6.435 6.445 6.454 6.464 6.473 6.483 6.492 6.501 6.510 6.519 6.528 6.536 6.545 6.553 6.560 6.568 6.575 6.583 6.589 6.596 6.603 6.610 6.616 6.623 6.629 6.635 6.640 6.645 6.650 6.656 6.661 6.666 6.671 6.676 6.681 6.686 6.691 6.696 6.701 6.705 6.710 6.715 6.719 6.724 6.729 6.734 6.739 6.744 6.748 6.752 6.756 6.761
6.184 6.194 6.205 6.215 6.224 6.233 6.243 6.252 6.262 6.272 6.282 6.292 6.302 6.312 6.322 6.332 6.343 6.353 6.363 6.373 6.384 6.394 6.405 6.415 6.426 6.437 6.447 6.457 6.466 6.476 6.485 6.495 6.504 6.514 6.523 6.532 6.540 6.549 6.557 6.565 6.573 6.580 6.588 6.595 6.602 6.609 6.615 6.622 6.629 6.635 6.641 6.646 6.651 6.657 6.662 6.667 6.672 6.678 6.683 6.688 6.693 6.698 6.703 6.708 6.713 6.717 6.722 6.727 6.732 6.737 6.742 6.747 6.752 6.756 6.760 6.764 6.768
6.190 6.200 6.211 6.220 6.229 6.238 6.248 6.257 6.267 6.277 6.287 6.296 6.306 6.316 6.326 6.336 6.346 6.356 6.366 6.377 6.387 6.397 6.408 6.418 6.429 6.440 6.450 6.460 6.469 6.479 6.488 6.498 6.507 6.517 6.526 6.535 6.544 6.553 6.561 6.569 6.577 6.585 6.593 6.600 6.607 6.614 6.621 6.628 6.635 6.641 6.647 6.652 6.658 6.663 6.668 6.673 6.679 6.684 6.689 6.695 6.700 6.705 6.710 6.715 6.720 6.725 6.730 6.735 6.739 6.744 6.750 6.755 6.760 6.764 6.768 6.772 6.777
6.197 6.207 6.217 6.226 6.235 6.244 6.253 6.263 6.272 6.282 6.291 6.301 6.311 6.321 6.331 6.340 6.350 6.360 6.370 6.380 6.390 6.401 6.411 6.422 6.432 6.443 6.453 6.463 6.472 6.482 6.492 6.501 6.511 6.520 6.530 6.539 6.548 6.557 6.566 6.574 6.582 6.590 6.598 6.605 6.613 6.620 6.627 6.634 6.641 6.647 6.653 6.658 6.664 6.669 6.675 6.680 6.685 6.691 6.696 6.701 6.707 6.712 6.717 6.722 6.727 6.732 6.737 6.742 6.747 6.752 6.758 6.763 6.768 6.772 6.776 6.780 6.785
6.204 6.214 6.224 6.233 6.241 6.250 6.259 6.268 6.278 6.287 6.297 6.306 6.316 6.326 6.335 6.345 6.355 6.365 6.374 6.384 6.394 6.405 6.415 6.425 6.436 6.447 6.457 6.466 6.476 6.485 6.495 6.505 6.514 6.524 6.534 6.543 6.552 6.561 6.570 6.579 6.587 6.595 6.603 6.611 6.618 6.625 6.633 6.640 6.647 6.653 6.659 6.665 6.670 6.676 6.681 6.687 6.692 6.697 6.703 6.708 6.714 6.719 6.724 6.729 6.735 6.740 6.745 6.750 6.755 6.760 6.766 6.771 6.776 6.780 6.784 6.788 6.793
6.211 6.221 6.230 6.239 6.248 6.256 6.265 6.274 6.284 6.293 6.302 6.312 6.321 6.331 6.340 6.350 6.360 6.369 6.379 6.389 6.399 6.409 6.419 6.429 6.440 6.451 6.461 6.470 6.479 6.489 6.499 6.508 6.518 6.528 6.537 6.547 6.556 6.566 6.574 6.583 6.592 6.600 6.608 6.616 6.624 6.631 6.638 6.646 6.653 6.660 6.665 6.671 6.677 6.682 6.688 6.693 6.699 6.704 6.710 6.715 6.721 6.726 6.731 6.737 6.742 6.747 6.752 6.757 6.763 6.768 6.774 6.779 6.784 6.788 6.792 6.797 6.801
