version1/TsunamiDB/out53996.asc
ncols          264
nrows          230
xllcorner      497853.4375
yllcorner      4229146.0000
cellsize         5.
NODATA_value   -99
[rows 180 to 209 of 230, columns 138 to 206 of 264]
-99.000 -99.000 -99.000 -99.000 -99.000 -99.000 -99.000 -99.000 -99.000 -99.000 -99.000 -99.000 -99.000 -99.000 -99.000 -99.000 -99.000 -99.000 -99.000 -99.000 -99.000 -99.000 -99.000 -99.000 -99.000 -99.000 -99.000 -99.000 -99.000 -99.000 -99.000 -99.000 -99.000 -99.000 -99.000 -99.000 -99.000 -99.000 1.516 1.562 1.796 2.035 2.352 2.731 3.137 3.481 3.702 3.845 3.940 3.998 4.126 4.223 4.280 4.390 4.515 4.621 4.668 4.711 4.735 4.740 4.826 4.934 4.969 4.990 4.997 4.996 4.984 4.962 4.938
-99.000 -99.000 -99.000 -99.000 -99.000 -99.000 -99.000 -99.000 -99.000 -99.000 -99.000 -99.000 -99.000 -99.000 -99.000 -99.000 -99.000 -99.000 -99.000 -99.000 -99.000 -99.000 -99.000 -99.000 -99.000 -99.000 -99.000 -99.000 -99.000 -99.000 -99.000 -99.000 -99.000 -99.000 -99.000 -99.000 -99.000 1.552 1.548 1.633 1.904 2.183 2.536 2.928 3.315 3.614 3.805 3.919 3.992 4.031 4.154 4.266 4.332 4.474 4.579 4.663 4.705 4.750 4.774 4.774 4.861 4.973 5.006 5.020 5.021 5.013 4.991 4.961 4.930
-99.000 -99.000 -99.000 -99.000 -99.000 -99.000 -99.000 -99.000 -99.000 -99.000 -99.000 -99.000 -99.000 -99.000 -99.000 -99.000 -99.000 -99.000 -99.000 -99.000 -99.000 -99.000 -99.000 -99.000 -99.000 -99.000 -99.000 -99.000 -99.000 -99.000 -99.000 -99.000 -99.000 -99.000 -99.000 -99.000 -99.000 1.572 1.605 1.736 2.041 2.359 2.730 3.133 3.485 3.739 3.897 3.984 4.034 4.057 4.186 4.314 4.399 4.543 4.620 4.691 4.736 4.782 4.803 4.801 4.890 5.003 5.030 5.039 5.035 5.020 4.992 4.955 4.917
-99.000 -99.000 -99.000 -99.000 -99.000 -99.000 -99.000 -99.000 -99.000 -99.000 -99.000 -99.000 -99.000 -99.000 -99.000 -99.000 -99.000 -99.000 -99.000 -99.000 -99.000 -99.000 -99.000 -99.000 -99.000 -99.000 -99.000 -99.000 -99.000 -99.000 -99.000 -99.000 -99.000 -99.000 -99.000 -99.000 1.621 1.601 1.680 1.851 2.188 2.544 2.937 3.337 3.645 3.854 3.978 4.039 4.071 4.083 4.223 4.374 4.463 4.580 4.638 4.706 4.754 4.799 4.821 4.816 4.904 5.015 5.037 5.041 5.031 5.013 4.980 4.935 4.895
-99.000 -99.000 -99.000 -99.000 -99.000 -99.000 -99.000 -99.000 -99.000 -99.000 -99.000 -99.000 -99.000 -99.000 -99.000 -99.000 -99.000 -99.000 -99.000 -99.000 -99.000 -99.000 -99.000 -99.000 -99.000 -99.000 -99.000 -99.000 -99.000 -99.000 -99.000 -99.000 -99.000 -99.000 -99.000 -99.000 1.624 1.626 1.760 1.973 2.338 2.742 3.147 3.522 3.783 3.953 4.051 4.095 4.116 4.128 4.293 4.446 4.518 4.607 4.653 4.717 4.766 4.810 4.831 4.822 4.909 5.018 5.037 5.035 5.021 5.000 4.965 4.919 4.878
-99.000 -99.000 -99.000 -99.000 -99.000 -99.000 -99.000 -99.000 -99.000 -99.000 -99.000 -99.000 -99.000 -99.000 -99.000 -99.000 -99.000 -99.000 -99.000 -99.000 -99.000 -99.000 -99.000 -99.000 -99.000 -99.000 -99.000 -99.000 -99.000 -99.000 -99.000 -99.000 -99.000 -99.000 -99.000 -99.000 1.649 1.690 1.874 2.117 2.514 2.961 3.355 3.687 3.908 4.049 4.128 4.162 4.178 4.200 4.397 4.526 4.585 4.650 4.685 4.742 4.789 4.833 4.852 4.836 4.919 5.028 5.042 5.035 5.018 4.994 4.958 4.910 4.868
-99.000 -99.000 -99.000 -99.000 -99.000 -99.000 -99.000 -99.000 -99.000 -99.000 -99.000 -99.000 -99.000 -99.000 -99.000 -99.000 -99.000 -99.000 -99.000 -99.000 -99.000 -99.000 -99.000 -99.000 -99.000 -99.000 -99.000 -99.000 -99.000 -99.000 -99.000 -99.000 -99.000 -99.000 -99.000 -99.000 1.685 1.793 2.005 2.275 2.721 3.192 3.542 3.830 4.017 4.132 4.196 4.220 4.238 4.278 4.493 4.600 4.650 4.699 4.726 4.774 4.818 4.860 4.870 4.845 4.926 5.032 5.042 5.031 5.008 4.980 4.943 4.890 4.853
-99.000 -99.000 -99.000 -99.000 -99.000 -99.000 -99.000 -99.000 -99.000 -99.000 -99.000 -99.000 -99.000 -99.000 -99.000 -99.000 -99.000 -99.000 -99.000 -99.000 -99.000 -99.000 -99.000 -99.000 -99.000 -99.000 -99.000 -99.000 -99.000 -99.000 -99.000 -99.000 -99.000 -99.000 -99.000 1.680 1.720 1.876 2.119 2.434 2.949 3.400 3.705 3.951 4.107 4.206 4.257 4.281 4.309 4.359 4.572 4.672 4.716 4.751 4.771 4.814 4.852 4.878 4.878 4.849 4.925 5.026 5.033 5.016 4.986 4.953 4.913 4.871 4.852
-99.000 -99.000 -99.000 -99.000 -99.000 -99.000 -99.000 -99.000 -99.000 -99.000 -99.000 -99.000 -99.000 -99.000 -99.000 -99.000 -99.000 -99.000 -99.000 -99.000 -99.000 -99.000 -99.000 -99.000 -99.000 -99.000 -99.000 -99.000 -99.000 -99.000 -99.000 -99.000 -99.000 -99.000 1.686 1.689 1.775 1.969 2.246 2.626 3.172 3.573 3.835 4.055 4.189 4.280 4.323 4.349 4.383 4.440 4.642 4.739 4.779 4.804 4.820 4.853 4.875 4.888 4.880 4.843 4.913 5.011 5.014 4.989 4.956 4.922 4.888 4.865 4.855
-99.000 -99.000 -99.000 -99.000 -99.000 -99.000 -99.000 -99.000 -99.000 -99.000 -99.000 -99.000 -99.000 -99.000 -99.000 -99.000 -99.000 -99.000 -99.000 -99.000 -99.000 -99.000 -99.000 -99.000 -99.000 -99.000 -99.000 -99.000 -99.000 -99.000 -99.000 -99.000 -99.000 -99.000 1.690 1.720 1.854 2.083 2.413 2.834 3.366 3.726 3.952 4.152 4.276 4.354 4.389 4.418 4.458 4.519 4.704 4.805 4.837 4.854 4.864 4.882 4.892 4.893 4.872 4.829 4.894 4.987 4.985 4.958 4.924 4.895 4.875 4.864 4.858
-99.000 -99.000 -99.000 -99.000 -99.000 -99.000 -99.000 -99.000 -99.000 -99.000 -99.000 -99.000 -99.000 -99.000 -99.000 -99.000 -99.000 -99.000 -99.000 -99.000 -99.000 -99.000 -99.000 -99.000 -99.000 -99.000 -99.000 -99.000 -99.000 -99.000 -99.000 -99.000 -99.000 -99.000 1.694 1.768 1.944 2.212 2.587 3.028 3.533 3.854 4.058 4.247 4.356 4.416 4.447 4.484 4.536 4.590 4.758 4.865 4.892 4.901 4.900 4.909 4.908 4.892 4.862 4.812 4.870 4.957 4.954 4.928 4.899 4.880 4.869 4.864 4.865
-99.000 -99.000 -99.000 -99.000 -99.000 -99.000 -99.000 -99.000 -99.000 -99.000 -99.000 -99.000 -99.000 -99.000 -99.000 -99.000 -99.000 -99.000 -99.000 -99.000 -99.000 -99.000 -99.000 -99.000 -99.000 -99.000 -99.000 -99.000 -99.000 -99.000 -99.000 -99.000 -99.000 1.692 1.715 1.833 2.050 2.371 2.787 3.219 3.690 3.976 4.154 4.337 4.414 4.458 4.497 4.548 4.605 4.649 4.810 4.923 4.944 4.942 4.935 4.935 4.918 4.890 4.849 4.791 4.844 4.928 4.926 4.904 4.883 4.871 4.866 4.868 4.873
-99.000 -99.000 -99.000 -99.000 -99.000 -99.000 -99.000 -99.000 -99.000 -99.000 -99.000 -99.000 -99.000 -99.000 -99.000 -99.000 -99.000 -99.000 -99.000 -99.000 -99.000 -99.000 -99.000 -99.000 -99.000 -99.000 -99.000 -99.000 -99.000 -99.000 -99.000 -99.000 1.688 1.694 1.756 1.923 2.194 2.569 3.004 3.406 3.846 4.104 4.247 4.401 4.448 4.491 4.539 4.605 4.664 4.701 4.858 4.978 4.987 4.975 4.963 4.952 4.925 4.883 4.829 4.768 4.818 4.899 4.899 4.885 4.870 4.863 4.865 4.873 4.879
-99.000 -99.000 -99.000 -99.000 -99.000 -99.000 -99.000 -99.000 -99.000 -99.000 -99.000 -99.000 -99.000 -99.000 -99.000 -99.000 -99.000 -99.000 -99.000 -99.000 -99.000 -99.000 -99.000 -99.000 -99.000 -99.000 -99.000 -99.000 -99.000 -99.000 -99.000 -99.000 1.681 1.702 1.810 2.031 2.361 2.787 3.220 3.576 3.998 4.208 4.320 4.441 4.466 4.513 4.574 4.650 4.712 4.738 4.889 5.012 5.009 4.991 4.971 4.954 4.915 4.858 4.797 4.737 4.784 4.865 4.872 4.863 4.852 4.854 4.863 4.871 4.878
-99.000 -99.000 -99.000 -99.000 -99.000 -99.000 -99.000 -99.000 -99.000 -99.000 -99.000 -99.000 -99.000 -99.000 -99.000 -99.000 -99.000 -99.000 -99.000 -99.000 -99.000 -99.000 -99.000 -99.000 -99.000 -99.000 -99.000 -99.000 -99.000 -99.000 -99.000 1.679 1.684 1.733 1.890 2.160 2.549 3.016 3.423 3.754 4.151 4.310 4.399 4.493 4.504 4.552 4.622 4.702 4.759 4.773 4.918 5.037 5.026 4.999 4.976 4.951 4.904 4.840 4.774 4.713 4.762 4.844 4.854 4.848 4.842 4.850 4.860 4.868 4.877
-99.000 -99.000 -99.000 -99.000 -99.000 -99.000 -99.000 -99.000 -99.000 -99.000 -99.000 -99.000 -99.000 -99.000 -99.000 -99.000 -99.000 -99.000 -99.000 -99.000 -99.000 -99.000 -99.000 -99.000 -99.000 -99.000 -99.000 -99.000 -99.000 -99.000 -99.000 1.667 1.681 1.772 1.982 2.313 2.768 3.251 3.611 3.920 4.286 4.406 4.481 4.548 4.556 4.620 4.701 4.781 4.833 4.832 4.963 5.077 5.056 5.023 4.994 4.962 4.904 4.832 4.760 4.702 4.752 4.833 4.845 4.841 4.840 4.851 4.861 4.872 4.881
-99.000 -99.000 -99.000 -99.000 -99.000 -99.000 -99.000 -99.000 -99.000 -99.000 -99.000 -99.000 -99.000 -99.000 -99.000 -99.000 -99.000 -99.000 -99.000 -99.000 -99.000 -99.000 -99.000 -99.000 -99.000 -99.000 -99.000 -99.000 -99.000 -99.000 -99.000 1.652 1.685 1.825 2.087 2.466 2.954 3.446 3.767 4.071 4.381 4.475 4.538 4.595 4.619 4.696 4.776 4.866 4.904 4.884 5.003 5.107 5.078 5.041 5.004 4.960 4.895 4.811 4.742 4.694 4.743 4.824 4.837 4.836 4.839 4.850 4.863 4.875 4.884
-99.000 -99.000 -99.000 -99.000 -99.000 -99.000 -99.000 -99.000 -99.000 -99.000 -99.000 -99.000 -99.000 -99.000 -99.000 -99.000 -99.000 -99.000 -99.000 -99.000 -99.000 -99.000 -99.000 -99.000 -99.000 -99.000 -99.000 -99.000 -99.000 -99.000 -99.000 1.627 1.693 1.877 2.186 2.613 3.088 3.523 3.893 4.187 4.428 4.516 4.584 4.644 4.679 4.767 4.835 4.906 4.937 4.917 5.022 5.116 5.086 5.044 4.997 4.943 4.870 4.794 4.740 4.692 4.737 4.819 4.835 4.836 4.838 4.849 4.865 4.878 4.890
-99.000 -99.000 -99.000 -99.000 -99.000 -99.000 -99.000 -99.000 -99.000 -99.000 -99.000 -99.000 -99.000 -99.000 -99.000 -99.000 -99.000 -99.000 -99.000 -99.000 -99.000 -99.000 -99.000 -99.000 -99.000 -99.000 -99.000 -99.000 -99.000 -99.000 -99.000 1.605 1.706 1.931 2.282 2.722 3.168 3.591 3.969 4.220 4.437 4.527 4.609 4.669 4.713 4.797 4.853 4.919 4.949 4.922 5.017 5.107 5.079 5.033 4.982 4.924 4.854 4.792 4.743 4.692 4.736 4.820 4.838 4.836 4.838 4.851 4.867 4.885 4.900
-99.000 -99.000 -99.000 -99.000 -99.000 -99.000 -99.000 -99.000 -99.000 -99.000 -99.000 -99.000 -99.000 -99.000 -99.000 -99.000 -99.000 -99.000 -99.000 -99.000 -99.000 -99.000 -99.000 -99.000 -99.000 -99.000 -99.000 -99.000 -99.000 -99.000 1.574 1.596 1.738 2.009 2.394 2.823 3.245 3.652 4.005 4.224 4.417 4.522 4.615 4.673 4.722 4.806 4.859 4.922 4.942 4.912 5.000 5.089 5.061 5.018 4.967 4.910 4.850 4.795 4.745 4.695 4.741 4.824 4.840 4.839 4.840 4.852 4.873 4.896 4.913
-99.000 -99.000 -99.000 -99.000 -99.000 -99.000 -99.000 -99.000 -99.000 -99.000 -99.000 -99.000 -99.000 -99.000 -99.000 -99.000 -99.000 -99.000 -99.000 -99.000 -99.000 -99.000 -99.000 -99.000 -99.000 -99.000 -99.000 -99.000 -99.000 1.542 1.546 1.601 1.791 2.108 2.502 2.919 3.311 3.693 4.023 4.200 4.381 4.504 4.610 4.661 4.716 4.810 4.859 4.912 4.927 4.895 4.975 5.062 5.040 5.004 4.956 4.908 4.853 4.798 4.750 4.703 4.748 4.828 4.845 4.844 4.845 4.860 4.885 4.911 4.934
-99.000 -99.000 -99.000 -99.000 -99.000 -99.000 -99.000 -99.000 -99.000 -99.000 -99.000 -99.000 -99.000 -99.000 -99.000 -99.000 -99.000 -99.000 -99.000 -99.000 -99.000 -99.000 -99.000 -99.000 -99.000 -99.000 -99.000 -99.000 -99.000 1.510 1.528 1.629 1.871 2.215 2.609 2.997 3.356 3.720 4.009 4.153 4.332 4.475 4.578 4.627 4.707 4.806 4.846 4.896 4.905 4.869 4.945 5.035 5.021 4.990 4.952 4.909 4.856 4.802 4.756 4.709 4.753 4.834 4.852 4.852 4.855 4.872 4.899 4.932 4.960
-99.000 -99.000 -99.000 -99.000 -99.000 -99.000 -99.000 -99.000 -99.000 -99.000 -99.000 -99.000 -99.000 -99.000 -99.000 -99.000 -99.000 -99.000 -99.000 -99.000 -99.000 -99.000 -99.000 -99.000 -99.000 -99.000 -99.000 -99.000 -99.000 1.488 1.537 1.692 1.975 2.336 2.716 3.069 3.402 3.729 3.968 4.085 4.265 4.430 4.523 4.583 4.688 4.785 4.823 4.869 4.871 4.838 4.916 5.007 4.999 4.979 4.947 4.906 4.858 4.805 4.755 4.711 4.757 4.838 4.859 4.864 4.870 4.887 4.919 4.957 4.987
-99.000 -99.000 -99.000 -99.000 -99.000 -99.000 -99.000 -99.000 -99.000 -99.000 -99.000 -99.000 -99.000 -99.000 -99.000 -99.000 -99.000 -99.000 -99.000 -99.000 -99.000 -99.000 -99.000 -99.000 -99.000 -99.000 -99.000 -99.000 -99.000 1.470 1.567 1.767 2.088 2.459 2.821 3.138 3.425 3.706 3.898 3.989 4.177 4.356 4.444 4.518 4.634 4.732 4.772 4.812 4.818 4.791 4.867 4.962 4.964 4.953 4.926 4.893 4.848 4.792 4.743 4.705 4.752 4.835 4.864 4.875 4.882 4.904 4.940 4.979 5.010
-99.000 -99.000 -99.000 -99.000 -99.000 -99.000 -99.000 -99.000 -99.000 -99.000 -99.000 -99.000 -99.000 -99.000 -99.000 -99.000 -99.000 -99.000 -99.000 -99.000 -99.000 -99.000 -99.000 -99.000 -99.000 -99.000 -99.000 -99.000 -99.000 1.493 1.641 1.926 2.287 2.682 3.015 3.288 3.535 3.771 3.922 3.993 4.194 4.365 4.431 4.501 4.615 4.702 4.736 4.774 4.780 4.753 4.834 4.933 4.941 4.933 4.910 4.883 4.839 4.784 4.737 4.701 4.752 4.840 4.876 4.892 4.903 4.928 4.962 5.000 5.031
-99.000 -99.000 -99.000 -99.000 -99.000 -99.000 -99.000 -99.000 -99.000 -99.000 -99.000 -99.000 -99.000 -99.000 -99.000 -99.000 -99.000 -99.000 -99.000 -99.000 -99.000 -99.000 -99.000 -99.000 -99.000 -99.000 -99.000 -99.000 -99.000 1.512 1.726 2.082 2.472 2.862 3.171 3.417 3.647 3.857 3.983 4.051 4.278 4.420 4.469 4.527 4.629 4.698 4.725 4.757 4.760 4.736 4.817 4.917 4.928 4.921 4.904 4.879 4.837 4.782 4.735 4.705 4.761 4.853 4.895 4.916 4.932 4.957 4.988 5.025 5.056
-99.000 -99.000 -99.000 -99.000 -99.000 -99.000 -99.000 -99.000 -99.000 -99.000 -99.000 -99.000 -99.000 -99.000 -99.000 -99.000 -99.000 -99.000 -99.000 -99.000 -99.000 -99.000 -99.000 -99.000 -99.000 -99.000 -99.000 -99.000 1.518 1.565 1.835 2.241 2.619 2.971 3.231 3.449 3.662 3.836 3.964 4.053 4.303 4.429 4.475 4.533 4.627 4.680 4.704 4.730 4.732 4.715 4.798 4.896 4.908 4.907 4.891 4.866 4.826 4.769 4.726 4.708 4.769 4.865 4.913 4.942 4.963 4.986 5.016 5.056 5.078
-99.000 -99.000 -99.000 -99.000 -99.000 -99.000 -99.000 -99.000 -99.000 -99.000 -99.000 -99.000 -99.000 -99.000 -99.000 -99.000 -99.000 -99.000 -99.000 -99.000 -99.000 -99.000 -99.000 -99.000 -99.000 -99.000 -99.000 -99.000 1.500 1.628 1.959 2.411 2.770 3.080 3.301 3.493 3.674 3.845 3.963 4.048 4.305 4.427 4.468 4.527 4.611 4.653 4.674 4.697 4.705 4.691 4.771 4.868 4.885 4.884 4.866 4.840 4.802 4.754 4.728 4.714 4.776 4.879 4.938 4.973 4.996 5.022 5.054 5.082 5.084
-99.000 -99.000 -99.000 -99.000 -99.000 -99.000 -99.000 -99.000 -99.000 -99.000 -99.000 -99.000 -99.000 -99.000 -99.000 -99.000 -99.000 -99.000 -99.000 -99.000 -99.000 -99.000 -99.000 -99.000 -99.000 -99.000 -99.000 -99.000 1.513 1.700 2.090 2.573 2.908 3.179 3.375 3.535 3.692 3.868 3.968 4.043 4.306 4.422 4.450 4.511 4.586 4.619 4.638 4.665 4.674 4.661 4.740 4.837 4.856 4.852 4.834 4.812 4.781 4.751 4.734 4.722 4.789 4.900 4.968 5.007 5.033 5.061 5.083 5.092 5.079
-99.000 -99.000 -99.000 -99.000 -99.000 -99.000 -99.000 -99.000 -99.000 -99.000 -99.000 -99.000 -99.000 -99.000 -99.000 -99.000 -99.000 -99.000 -99.000 -99.000 -99.000 -99.000 -99.000 -99.000 -99.000 -99.000 -99.000 1.479 1.566 1.799 2.249 2.746 3.037 3.276 3.445 3.574 3.722 3.888 3.968 4.038 4.317 4.409 4.430 4.494 4.555 4.583 4.607 4.633 4.641 4.631 4.710 4.806 4.823 4.820 4.805 4.788 4.771 4.753 4.742 4.737 4.809 4.928 4.999 5.041 5.069 5.089 5.098 5.090 5.062
