version1/TsunamiDB/out54081.asc
ncols          264
nrows          230
xllcorner      497853.4375
yllcorner      4229146.0000
cellsize         5.
NODATA_value   -99
[rows 170 to 203 of 230, columns 76 to 151 of 264]
5.985 6.003 6.022 6.041 6.060 6.079 6.097 6.116 6.133 6.151 6.167 6.184 6.199 6.215 6.229 6.244 6.258 6.271 6.285 6.298 6.311 6.324 6.337 6.349 6.361 6.373 6.386 6.398 6.411 6.423 6.435 6.447 6.458 6.470 6.481 6.492 6.504 6.515 6.526 6.537 6.549 6.561 6.573 6.586 6.599 6.612 6.625 6.637 6.651 6.664 6.678 6.692 6.706 6.719 6.733 6.746 6.759 6.772 6.784 6.796 6.809 6.821 6.833 6.845 6.858 6.871 6.884 6.898 6.912 6.925 6.938 6.951 6.964 6.977 6.990 7.003
5.988 6.006 6.025 6.043 6.062 6.081 6.100 6.118 6.136 6.154 6.171 6.188 6.204 6.220 6.235 6.250 6.264 6.278 6.292 6.306 6.319 6.332 6.346 6.358 6.370 6.382 6.394 6.407 6.419 6.432 6.444 6.456 6.467 6.479 6.490 6.501 6.512 6.523 6.534 6.545 6.557 6.568 6.580 6.593 6.606 6.619 6.631 6.644 6.657 6.671 6.685 6.699 6.713 6.727 6.741 6.754 6.768 6.781 6.794 6.806 6.819 6.832 6.844 6.857 6.870 6.883 6.896 6.910 6.924 6.937 6.950 6.964 6.977 6.991 7.004 7.018
5.993 6.010 6.028 6.046 6.065 6.083 6.102 6.120 6.138 6.156 6.174 6.191 6.208 6.224 6.240 6.255 6.270 6.284 6.299 6.313 6.326 6.340 6.353 6.366 6.377 6.390 6.403 6.415 6.428 6.440 6.452 6.464 6.476 6.488 6.499 6.510 6.521 6.532 6.542 6.553 6.565 6.576 6.588 6.600 6.613 6.625 6.638 6.650 6.663 6.677 6.691 6.706 6.720 6.734 6.748 6.762 6.776 6.790 6.803 6.816 6.829 6.842 6.855 6.868 6.881 6.894 6.908 6.922 6.937 6.950 6.963 6.977 6.990 7.004 7.018 7.032
5.999 6.015 6.032 6.050 6.068 6.086 6.104 6.122 6.140 6.158 6.176 6.193 6.210 6.227 6.243 6.259 6.274 6.289 6.304 6.318 6.333 6.346 6.360 6.373 6.385 6.397 6.410 6.423 6.436 6.448 6.461 6.473 6.485 6.496 6.508 6.519 6.530 6.540 6.551 6.562 6.573 6.584 6.595 6.607 6.620 6.632 6.644 6.657 6.670 6.684 6.698 6.712 6.727 6.741 6.756 6.770 6.784 6.798 6.812 6.826 6.839 6.852 6.865 6.879 6.892 6.906 6.920 6.934 6.949 6.962 6.975 6.989 7.004 7.018 7.032 7.047
6.007 6.022 6.038 6.054 6.071 6.089 6.107 6.125 6.142 6.160 6.178 6.195 6.213 6.230 6.246 6.262 6.278 6.293 6.309 6.323 6.338 6.352 6.366 6.379 6.391 6.404 6.417 6.430 6.443 6.456 6.469 6.481 6.493 6.505 6.516 6.527 6.538 6.549 6.560 6.570 6.581 6.592 6.603 6.615 6.627 6.639 6.651 6.663 6.676 6.690 6.704 6.719 6.734 6.748 6.763 6.778 6.793 6.807 6.821 6.835 6.849 6.862 6.876 6.889 6.903 6.917 6.931 6.946 6.960 6.974 6.988 7.002 7.017 7.032 7.046 7.061
6.017 6.030 6.045 6.061 6.077 6.093 6.110 6.127 6.145 6.162 6.180 6.197 6.215 6.232 6.248 6.265 6.281 6.297 6.312 6.327 6.342 6.357 6.371 6.383 6.396 6.410 6.423 6.437 6.450 6.463 6.476 6.488 6.501 6.513 6.524 6.536 6.547 6.557 6.568 6.579 6.589 6.600 6.611 6.623 6.635 6.646 6.658 6.670 6.683 6.697 6.711 6.725 6.740 6.755 6.770 6.785 6.800 6.815 6.830 6.844 6.858 6.872 6.886 6.900 6.914 6.928 6.943 6.958 6.972 6.986 7.000 7.015 7.030 7.045 7.060 7.076
6.029 6.042 6.055 6.069 6.084 6.099 6.115 6.132 6.148 6.165 6.182 6.200 6.217 6.234 6.250 6.267 6.283 6.299 6.315 6.330 6.346 6.361 6.375 6.387 6.401 6.415 6.428 6.442 6.456 6.469 6.482 6.495 6.508 6.520 6.532 6.544 6.555 6.566 6.577 6.587 6.598 6.608 6.619 6.631 6.642 6.653 6.665 6.677 6.690 6.703 6.717 6.732 6.747 6.762 6.778 6.793 6.808 6.823 6.838 6.853 6.867 6.882 6.896 6.910 6.925 6.939 6.954 6.969 6.984 6.998 7.013 7.028 7.043 7.059 7.074 7.090
6.045 6.055 6.067 6.080 6.093 6.107 6.122 6.137 6.153 6.169 6.186 6.202 6.219 6.236 6.252 6.269 6.285 6.301 6.317 6.333 6.348 6.363 6.378 6.391 6.405 6.419 6.433 6.446 6.460 6.474 6.488 6.501 6.514 6.526 6.539 6.551 6.562 6.574 6.585 6.595 6.606 6.617 6.627 6.638 6.650 6.661 6.672 6.684 6.696 6.710 6.724 6.739 6.754 6.769 6.785 6.800 6.816 6.831 6.846 6.862 6.877 6.891 6.906 6.921 6.935 6.950 6.965 6.981 6.996 7.010 7.025 7.041 7.056 7.072 7.088 7.105
6.063 6.072 6.082 6.093 6.105 6.117 6.131 6.145 6.159 6.175 6.190 6.206 6.222 6.238 6.255 6.271 6.287 6.303 6.319 6.335 6.350 6.366 6.380 6.393 6.407 6.422 6.436 6.450 6.464 6.478 6.492 6.506 6.519 6.532 6.545 6.557 6.569 6.581 6.592 6.603 6.614 6.625 6.635 6.646 6.658 6.668 6.679 6.691 6.703 6.717 6.731 6.745 6.760 6.776 6.791 6.807 6.823 6.839 6.855 6.870 6.886 6.901 6.916 6.931 6.946 6.961 6.976 6.992 7.007 7.022 7.038 7.053 7.069 7.086 7.102 7.119
6.082 6.091 6.099 6.109 6.119 6.130 6.142 6.155 6.168 6.182 6.196 6.211 6.226 6.242 6.258 6.274 6.289 6.305 6.321 6.337 6.352 6.367 6.382 6.396 6.410 6.424 6.439 6.453 6.467 6.482 6.496 6.510 6.524 6.537 6.550 6.563 6.576 6.588 6.599 6.611 6.622 6.632 6.643 6.654 6.665 6.676 6.686 6.698 6.710 6.723 6.737 6.752 6.767 6.783 6.798 6.814 6.831 6.847 6.863 6.879 6.895 6.910 6.926 6.941 6.956 6.972 6.987 7.004 7.019 7.034 7.050 7.066 7.083 7.100 7.117 7.134
6.103 6.111 6.119 6.127 6.136 6.146 6.156 6.167 6.179 6.191 6.204 6.218 6.232 6.247 6.262 6.277 6.293 6.308 6.323 6.339 6.354 6.369 6.384 6.397 6.412 6.426 6.441 6.455 6.470 6.484 6.499 6.513 6.527 6.541 6.555 6.568 6.581 6.594 6.606 6.617 6.629 6.640 6.651 6.662 6.673 6.683 6.694 6.705 6.717 6.730 6.744 6.759 6.774 6.789 6.805 6.822 6.838 6.855 6.871 6.887 6.903 6.919 6.935 6.951 6.967 6.983 6.999 7.015 7.031 7.047 7.063 7.079 7.096 7.113 7.131 7.149
6.124 6.132 6.140 6.148 6.156 6.164 6.173 6.182 6.192 6.203 6.215 6.227 6.240 6.254 6.268 6.282 6.297 6.311 6.326 6.341 6.356 6.371 6.386 6.399 6.413 6.428 6.442 6.457 6.472 6.486 6.501 6.516 6.530 6.544 6.558 6.572 6.586 6.599 6.611 6.624 6.635 6.647 6.658 6.669 6.680 6.691 6.701 6.712 6.724 6.737 6.751 6.765 6.780 6.796 6.812 6.829 6.845 6.862 6.879 6.896 6.912 6.929 6.945 6.961 6.977 6.994 7.010 7.027 7.043 7.059 7.075 7.092 7.110 7.127 7.146 7.164
6.145 6.153 6.161 6.169 6.176 6.184 6.192 6.200 6.209 6.218 6.228 6.239 6.251 6.263 6.276 6.289 6.303 6.316 6.331 6.345 6.359 6.374 6.388 6.401 6.415 6.430 6.444 6.459 6.473 6.488 6.503 6.518 6.533 6.547 6.562 6.576 6.590 6.603 6.616 6.629 6.641 6.653 6.665 6.676 6.688 6.698 6.709 6.720 6.732 6.744 6.758 6.772 6.787 6.803 6.819 6.836 6.853 6.870 6.887 6.904 6.921 6.938 6.955 6.972 6.988 7.005 7.021 7.039 7.055 7.072 7.088 7.106 7.124 7.142 7.160 7.179
6.165 6.174 6.182 6.190 6.198 6.205 6.212 6.220 6.227 6.236 6.244 6.254 6.264 6.275 6.286 6.298 6.311 6.323 6.337 6.350 6.364 6.378 6.391 6.404 6.418 6.432 6.446 6.461 6.475 6.490 6.505 6.520 6.535 6.549 6.564 6.579 6.593 6.607 6.621 6.634 6.647 6.659 6.671 6.683 6.695 6.706 6.716 6.727 6.739 6.751 6.765 6.779 6.794 6.810 6.826 6.843 6.860 6.878 6.895 6.913 6.930 6.948 6.965 6.982 6.999 7.016 7.033 7.051 7.068 7.084 7.102 7.119 7.138 7.157 7.176 7.195
6.182 6.192 6.202 6.211 6.219 6.226 6.233 6.240 6.248 6.255 6.263 6.271 6.280 6.289 6.299 6.310 6.321 6.332 6.345 6.357 6.370 6.383 6.396 6.408 6.421 6.435 6.449 6.463 6.477 6.492 6.507 6.522 6.536 6.551 6.566 6.581 6.596 6.610 6.624 6.638 6.651 6.664 6.677 6.689 6.701 6.712 6.723 6.734 6.746 6.759 6.772 6.786 6.801 6.817 6.833 6.850 6.868 6.885 6.903 6.921 6.939 6.957 6.975 6.992 7.010 7.027 7.045 7.063 7.080 7.098 7.115 7.133 7.152 7.172 7.191 7.211
6.198 6.209 6.220 6.230 6.239 6.247 6.255 6.262 6.269 6.276 6.283 6.290 6.298 6.306 6.315 6.324 6.334 6.344 6.355 6.366 6.378 6.390 6.402 6.414 6.426 6.439 6.452 6.466 6.480 6.494 6.509 6.524 6.539 6.554 6.569 6.584 6.598 6.613 6.628 6.642 6.656 6.669 6.682 6.695 6.708 6.719 6.730 6.741 6.753 6.766 6.779 6.793 6.808 6.824 6.841 6.858 6.875 6.893 6.912 6.930 6.948 6.967 6.985 7.003 7.021 7.039 7.057 7.075 7.093 7.111 7.129 7.148 7.167 7.187 7.207 7.228
6.211 6.224 6.236 6.247 6.257 6.267 6.275 6.283 6.290 6.297 6.304 6.310 6.317 6.325 6.332 6.341 6.349 6.358 6.368 6.378 6.389 6.400 6.411 6.421 6.433 6.445 6.457 6.471 6.484 6.498 6.512 6.526 6.541 6.556 6.571 6.586 6.601 6.616 6.631 6.646 6.660 6.674 6.688 6.701 6.714 6.726 6.737 6.748 6.761 6.773 6.787 6.801 6.816 6.831 6.848 6.865 6.883 6.901 6.920 6.939 6.958 6.976 6.995 7.014 7.032 7.051 7.069 7.088 7.107 7.125 7.143 7.162 7.182 7.203 7.223 7.244
6.222 6.236 6.250 6.262 6.274 6.284 6.294 6.302 6.310 6.318 6.325 6.332 6.338 6.345 6.352 6.360 6.367 6.375 6.384 6.393 6.402 6.412 6.422 6.431 6.442 6.453 6.464 6.477 6.489 6.503 6.516 6.530 6.545 6.559 6.574 6.589 6.604 6.619 6.634 6.649 6.664 6.679 6.693 6.706 6.720 6.732 6.744 6.755 6.768 6.781 6.794 6.808 6.823 6.839 6.855 6.873 6.891 6.909 6.928 6.948 6.967 6.986 7.005 7.025 7.044 7.063 7.082 7.101 7.120 7.139 7.158 7.177 7.198 7.219 7.240 7.261
6.232 6.247 6.262 6.275 6.288 6.300 6.311 6.321 6.330 6.338 6.345 6.353 6.360 6.366 6.373 6.380 6.387 6.394 6.402 6.410 6.418 6.427 6.435 6.444 6.453 6.463 6.474 6.485 6.497 6.509 6.522 6.535 6.549 6.563 6.578 6.593 6.608 6.623 6.638 6.653 6.668 6.683 6.698 6.712 6.726 6.738 6.750 6.762 6.775 6.788 6.802 6.816 6.831 6.847 6.863 6.881 6.899 6.918 6.937 6.956 6.976 6.996 7.016 7.036 7.055 7.075 7.095 7.115 7.134 7.153 7.172 7.193 7.213 7.235 7.257 7.279
6.239 6.256 6.272 6.286 6.300 6.313 6.326 6.337 6.347 6.356 6.365 6.373 6.380 6.387 6.394 6.401 6.408 6.415 6.422 6.429 6.437 6.445 6.452 6.459 6.467 6.476 6.486 6.496 6.507 6.518 6.530 6.542 6.555 6.569 6.583 6.598 6.612 6.627 6.643 6.658 6.673 6.688 6.703 6.717 6.732 6.745 6.757 6.769 6.782 6.796 6.809 6.824 6.839 6.855 6.871 6.889 6.907 6.926 6.946 6.966 6.986 7.006 7.026 7.047 7.067 7.087 7.108 7.128 7.147 7.167 7.187 7.208 7.229 7.251 7.273 7.296
6.246 6.263 6.280 6.296 6.311 6.325 6.338 6.351 6.362 6.373 6.382 6.391 6.400 6.407 6.415 6.422 6.429 6.436 6.443 6.450 6.457 6.464 6.471 6.477 6.484 6.492 6.501 6.510 6.519 6.529 6.540 6.551 6.564 6.576 6.590 6.604 6.618 6.633 6.648 6.663 6.678 6.693 6.708 6.723 6.738 6.751 6.764 6.777 6.790 6.803 6.817 6.832 6.847 6.863 6.879 6.897 6.915 6.935 6.954 6.975 6.995 7.016 7.037 7.058 7.079 7.100 7.121 7.141 7.161 7.181 7.202 7.223 7.245 7.267 7.290 7.313
6.252 6.270 6.287 6.304 6.320 6.335 6.349 6.363 6.375 6.387 6.398 6.408 6.418 6.426 6.435 6.442 6.450 6.457 6.465 6.472 6.479 6.486 6.491 6.497 6.504 6.511 6.518 6.526 6.534 6.543 6.553 6.563 6.574 6.586 6.598 6.612 6.625 6.639 6.654 6.669 6.684 6.699 6.715 6.730 6.744 6.757 6.771 6.784 6.798 6.811 6.825 6.840 6.855 6.871 6.888 6.905 6.924 6.943 6.963 6.984 7.005 7.026 7.048 7.069 7.091 7.112 7.134 7.155 7.175 7.196 7.217 7.238 7.261 7.284 7.307 7.330
6.256 6.275 6.293 6.311 6.328 6.344 6.359 6.373 6.387 6.400 6.412 6.423 6.434 6.443 6.453 6.461 6.470 6.478 6.486 6.493 6.501 6.507 6.513 6.519 6.525 6.531 6.538 6.545 6.552 6.560 6.569 6.578 6.588 6.598 6.609 6.622 6.634 6.648 6.662 6.676 6.691 6.706 6.722 6.737 6.751 6.765 6.778 6.792 6.806 6.820 6.834 6.849 6.864 6.880 6.896 6.914 6.933 6.952 6.972 6.993 7.015 7.037 7.058 7.080 7.102 7.124 7.147 7.168 7.189 7.210 7.231 7.253 7.276 7.300 7.323 7.347
6.261 6.280 6.299 6.317 6.334 6.351 6.367 6.383 6.397 6.411 6.424 6.436 6.448 6.459 6.469 6.479 6.488 6.497 6.506 6.514 6.522 6.529 6.535 6.541 6.547 6.554 6.560 6.566 6.573 6.580 6.587 6.595 6.604 6.613 6.623 6.634 6.646 6.658 6.672 6.686 6.700 6.715 6.730 6.745 6.759 6.773 6.786 6.800 6.814 6.828 6.843 6.858 6.873 6.889 6.906 6.923 6.942 6.961 6.982 7.003 7.025 7.047 7.069 7.092 7.114 7.137 7.159 7.181 7.202 7.224 7.246 7.268 7.291 7.315 7.340 7.364
6.265 6.285 6.304 6.322 6.341 6.358 6.375 6.391 6.406 6.421 6.435 6.448 6.461 6.473 6.484 6.495 6.505 6.515 6.524 6.533 6.542 6.550 6.556 6.563 6.570 6.576 6.583 6.589 6.596 6.602 6.608 6.615 6.623 6.631 6.639 6.649 6.660 6.671 6.684 6.697 6.710 6.725 6.739 6.754 6.768 6.782 6.795 6.809 6.823 6.838 6.852 6.867 6.882 6.898 6.915 6.933 6.951 6.971 6.991 7.013 7.035 7.057 7.080 7.103 7.126 7.148 7.172 7.194 7.215 7.237 7.260 7.282 7.306 7.330 7.355 7.380
6.270 6.289 6.309 6.328 6.346 6.364 6.382 6.398 6.415 6.430 6.445 6.459 6.472 6.485 6.497 6.509 6.520 6.531 6.541 6.551 6.561 6.569 6.577 6.584 6.592 6.599 6.606 6.613 6.619 6.625 6.631 6.637 6.644 6.651 6.659 6.667 6.676 6.687 6.698 6.710 6.723 6.736 6.750 6.765 6.779 6.792 6.806 6.819 6.834 6.848 6.862 6.877 6.892 6.908 6.925 6.943 6.961 6.981 7.001 7.022 7.045 7.067 7.090 7.113 7.137 7.160 7.184 7.206 7.228 7.250 7.273 7.296 7.320 7.345 7.370 7.395
6.274 6.294 6.314 6.333 6.352 6.370 6.388 6.405 6.422 6.438 6.454 6.468 6.483 6.496 6.509 6.522 6.534 6.545 6.557 6.568 6.578 6.588 6.596 6.605 6.613 6.621 6.629 6.636 6.643 6.649 6.655 6.661 6.667 6.673 6.680 6.687 6.696 6.705 6.715 6.726 6.737 6.750 6.763 6.777 6.791 6.804 6.817 6.831 6.845 6.859 6.873 6.888 6.903 6.919 6.936 6.953 6.971 6.991 7.011 7.032 7.055 7.077 7.101 7.124 7.148 7.172 7.195 7.218 7.240 7.263 7.286 7.309 7.334 7.359 7.384 7.410
6.279 6.299 6.319 6.338 6.357 6.376 6.394 6.412 6.429 6.446 6.462 6.477 6.492 6.507 6.520 6.534 6.546 6.559 6.571 6.582 6.594 6.604 6.614 6.623 6.632 6.641 6.650 6.658 6.666 6.673 6.679 6.685 6.691 6.697 6.703 6.710 6.717 6.725 6.734 6.744 6.754 6.766 6.778 6.792 6.804 6.817 6.830 6.843 6.857 6.871 6.885 6.900 6.915 6.930 6.947 6.964 6.982 7.001 7.021 7.043 7.065 7.088 7.111 7.135 7.159 7.183 7.207 7.230 7.252 7.275 7.298 7.322 7.346 7.372 7.397 7.423
6.284 6.304 6.324 6.344 6.363 6.382 6.401 6.419 6.436 6.453 6.470 6.486 6.501 6.516 6.531 6.545 6.558 6.571 6.584 6.596 6.608 6.620 6.630 6.640 6.650 6.660 6.670 6.679 6.687 6.695 6.703 6.709 6.716 6.722 6.728 6.734 6.740 6.747 6.755 6.764 6.773 6.784 6.796 6.808 6.820 6.832 6.845 6.858 6.871 6.885 6.899 6.913 6.928 6.943 6.959 6.976 6.993 7.012 7.032 7.053 7.075 7.098 7.122 7.145 7.170 7.194 7.218 7.241 7.264 7.286 7.310 7.333 7.358 7.383 7.409 7.435
6.289 6.309 6.329 6.349 6.369 6.388 6.407 6.425 6.443 6.461 6.478 6.494 6.510 6.526 6.541 6.555 6.569 6.583 6.596 6.609 6.622 6.634 6.645 6.656 6.667 6.677 6.688 6.698 6.708 6.717 6.725 6.732 6.739 6.746 6.752 6.758 6.764 6.771 6.778 6.786 6.795 6.804 6.815 6.826 6.838 6.849 6.861 6.874 6.887 6.900 6.913 6.927 6.941 6.956 6.972 6.988 7.005 7.024 7.044 7.064 7.086 7.109 7.132 7.156 7.180 7.204 7.229 7.252 7.275 7.297 7.320 7.344 7.369 7.394 7.420 7.445
6.294 6.315 6.335 6.355 6.375 6.394 6.413 6.432 6.450 6.468 6.486 6.503 6.519 6.535 6.550 6.565 6.580 6.594 6.608 6.621 6.635 6.647 6.658 6.670 6.682 6.693 6.705 6.716 6.726 6.736 6.745 6.754 6.762 6.769 6.776 6.782 6.788 6.795 6.801 6.809 6.817 6.826 6.836 6.847 6.857 6.868 6.879 6.891 6.904 6.917 6.930 6.943 6.957 6.971 6.986 7.002 7.018 7.036 7.056 7.076 7.097 7.120 7.143 7.167 7.191 7.215 7.239 7.262 7.285 7.307 7.330 7.354 7.378 7.403 7.429 7.454
6.300 6.320 6.341 6.361 6.381 6.400 6.420 6.439 6.457 6.476 6.493 6.511 6.528 6.544 6.560 6.575 6.590 6.605 6.619 6.633 6.647 6.660 6.672 6.684 6.696 6.708 6.720 6.732 6.743 6.754 6.764 6.773 6.782 6.790 6.798 6.805 6.812 6.818 6.825 6.832 6.840 6.849 6.858 6.868 6.878 6.888 6.899 6.911 6.923 6.935 6.947 6.960 6.973 6.987 7.001 7.016 7.032 7.050 7.068 7.088 7.109 7.131 7.154 7.178 7.202 7.226 7.250 7.273 7.295 7.317 7.340 7.363 7.387 7.411 7.437 7.462
6.307 6.327 6.347 6.367 6.387 6.407 6.426 6.445 6.464 6.483 6.501 6.519 6.536 6.553 6.569 6.585 6.601 6.616 6.630 6.645 6.659 6.672 6.684 6.697 6.709 6.722 6.734 6.747 6.759 6.770 6.781 6.792 6.801 6.810 6.819 6.827 6.834 6.841 6.848 6.856 6.863 6.871 6.880 6.890 6.900 6.910 6.920 6.931 6.943 6.954 6.967 6.979 6.991 7.004 7.018 7.032 7.047 7.064 7.082 7.101 7.121 7.143 7.166 7.189 7.212 7.236 7.260 7.283 7.305 7.326 7.348 7.371 7.394 7.418 7.443 7.468
6.313 6.333 6.353 6.373 6.393 6.413 6.433 6.452 6.472 6.490 6.509 6.527 6.545 6.562 6.579 6.595 6.611 6.626 6.641 6.656 6.671 6.684 6.697 6.709 6.722 6.735 6.748 6.761 6.773 6.785 6.797 6.808 6.819 6.829 6.838 6.847 6.855 6.863 6.870 6.878 6.886 6.894 6.903 6.913 6.922 6.931 6.942 6.952 6.964 6.975 6.987 6.999 7.011 7.023 7.036 7.049 7.063 7.079 7.096 7.115 7.134 7.156 7.178 7.201 7.224 7.247 7.271 7.293 7.314 7.335 7.356 7.378 7.400 7.424 7.449 7.474
