version1/TsunamiDB/out54148.asc
ncols          264
nrows          230
xllcorner      497853.4375
yllcorner      4229146.0000
cellsize         5.
NODATA_value   -99
[rows 68 to 101 of 230, columns 0 to 76 of 264]
5.458 5.476 5.493 5.510 5.527 5.543 5.560 5.575 5.591 5.606 5.622 5.637 5.651 5.664 5.677 5.690 5.703 5.716 5.729 5.741 5.754 5.765 5.777 5.789 5.800 5.810 5.821 5.831 5.841 5.850 5.859 5.868 5.877 5.885 5.894 5.901 5.907 5.913 5.919 5.925 5.931 5.937 5.943 5.949 5.955 5.961 5.967 5.973 5.980 5.986 5.992 5.998 6.005 6.011 6.017 6.024 6.031 6.038 6.045 6.051 6.056 6.062 6.068 6.074 6.080 6.086 6.092 6.099 6.105 6.112 6.118 6.124 6.131 6.137 6.144 6.150 6.157
5.465 5.482 5.500 5.517 5.534 5.550 5.567 5.583 5.599 5.614 5.630 5.645 5.659 5.672 5.686 5.699 5.712 5.726 5.739 5.751 5.764 5.776 5.788 5.800 5.811 5.822 5.833 5.844 5.854 5.864 5.873 5.883 5.892 5.900 5.909 5.916 5.923 5.929 5.935 5.941 5.947 5.953 5.959 5.965 5.971 5.976 5.982 5.988 5.993 5.999 6.005 6.011 6.017 6.023 6.029 6.035 6.042 6.048 6.055 6.060 6.065 6.071 6.076 6.082 6.088 6.094 6.100 6.106 6.113 6.119 6.125 6.131 6.138 6.144 6.150 6.157 6.163
5.471 5.489 5.506 5.523 5.540 5.557 5.574 5.590 5.606 5.622 5.637 5.653 5.667 5.681 5.694 5.708 5.721 5.735 5.748 5.761 5.774 5.786 5.798 5.810 5.822 5.834 5.845 5.856 5.866 5.877 5.887 5.896 5.906 5.915 5.924 5.931 5.938 5.945 5.951 5.957 5.963 5.969 5.975 5.981 5.987 5.992 5.998 6.003 6.008 6.014 6.019 6.024 6.030 6.036 6.041 6.047 6.053 6.060 6.065 6.070 6.075 6.081 6.086 6.091 6.097 6.103 6.108 6.114 6.120 6.126 6.133 6.139 6.145 6.151 6.157 6.163 6.170
5.477 5.495 5.512 5.530 5.547 5.564 5.580 5.597 5.613 5.629 5.644 5.660 5.675 5.688 5.702 5.716 5.729 5.743 5.756 5.770 5.783 5.795 5.808 5.820 5.832 5.844 5.856 5.867 5.878 5.889 5.899 5.909 5.919 5.928 5.938 5.946 5.953 5.960 5.967 5.973 5.980 5.986 5.992 5.997 6.003 6.008 6.014 6.019 6.024 6.029 6.034 6.039 6.045 6.050 6.055 6.060 6.066 6.072 6.077 6.082 6.086 6.091 6.096 6.101 6.107 6.112 6.118 6.123 6.129 6.135 6.140 6.146 6.152 6.158 6.164 6.171 6.177
5.483 5.501 5.519 5.536 5.553 5.570 5.587 5.603 5.619 5.635 5.651 5.667 5.682 5.696 5.709 5.723 5.737 5.751 5.764 5.778 5.791 5.804 5.817 5.830 5.842 5.854 5.866 5.877 5.889 5.900 5.911 5.921 5.931 5.941 5.951 5.960 5.967 5.974 5.982 5.989 5.995 6.002 6.008 6.014 6.020 6.025 6.030 6.036 6.041 6.046 6.050 6.055 6.060 6.065 6.070 6.075 6.080 6.085 6.090 6.094 6.099 6.103 6.108 6.112 6.117 6.122 6.127 6.133 6.138 6.144 6.149 6.155 6.160 6.166 6.172 6.178 6.184
5.489 5.507 5.525 5.542 5.559 5.576 5.593 5.610 5.626 5.642 5.658 5.674 5.689 5.703 5.717 5.731 5.745 5.758 5.772 5.786 5.799 5.813 5.826 5.838 5.851 5.863 5.875 5.887 5.899 5.910 5.921 5.932 5.943 5.953 5.963 5.972 5.980 5.988 5.996 6.003 6.010 6.017 6.024 6.030 6.036 6.042 6.047 6.052 6.058 6.062 6.067 6.072 6.077 6.081 6.086 6.090 6.095 6.100 6.105 6.108 6.112 6.116 6.120 6.124 6.129 6.134 6.138 6.143 6.148 6.153 6.159 6.164 6.169 6.175 6.180 6.186 6.192
5.496 5.513 5.531 5.548 5.565 5.582 5.599 5.616 5.632 5.648 5.664 5.680 5.695 5.709 5.723 5.738 5.752 5.766 5.780 5.793 5.807 5.820 5.834 5.847 5.859 5.872 5.884 5.896 5.908 5.920 5.931 5.943 5.953 5.964 5.975 5.984 5.993 6.001 6.009 6.017 6.024 6.032 6.039 6.045 6.052 6.058 6.064 6.069 6.074 6.079 6.084 6.089 6.094 6.098 6.102 6.107 6.111 6.116 6.120 6.123 6.127 6.130 6.134 6.138 6.142 6.146 6.150 6.155 6.159 6.164 6.169 6.174 6.179 6.184 6.189 6.195 6.200
5.502 5.520 5.537 5.555 5.572 5.589 5.605 5.622 5.638 5.655 5.671 5.687 5.702 5.716 5.730 5.744 5.759 5.773 5.787 5.801 5.815 5.828 5.841 5.855 5.867 5.880 5.893 5.905 5.917 5.929 5.941 5.952 5.964 5.975 5.986 5.995 6.004 6.013 6.021 6.030 6.038 6.046 6.053 6.060 6.067 6.073 6.080 6.085 6.091 6.096 6.101 6.106 6.111 6.115 6.120 6.124 6.128 6.133 6.136 6.140 6.143 6.146 6.149 6.152 6.156 6.160 6.164 6.168 6.172 6.176 6.180 6.185 6.190 6.194 6.199 6.204 6.210
5.509 5.526 5.544 5.561 5.578 5.595 5.612 5.628 5.645 5.661 5.677 5.693 5.708 5.722 5.737 5.751 5.765 5.780 5.794 5.808 5.822 5.835 5.849 5.862 5.875 5.888 5.901 5.913 5.926 5.938 5.950 5.961 5.973 5.984 5.996 6.006 6.015 6.024 6.033 6.042 6.050 6.058 6.066 6.074 6.081 6.088 6.095 6.101 6.107 6.113 6.118 6.123 6.128 6.133 6.137 6.141 6.146 6.150 6.154 6.156 6.159 6.162 6.165 6.168 6.171 6.175 6.178 6.182 6.185 6.189 6.193 6.197 6.202 6.206 6.210 6.215 6.220
5.516 5.533 5.550 5.567 5.584 5.601 5.618 5.634 5.651 5.667 5.683 5.699 5.715 5.729 5.743 5.758 5.772 5.786 5.801 5.815 5.829 5.842 5.856 5.869 5.883 5.896 5.908 5.921 5.934 5.946 5.958 5.970 5.982 5.994 6.005 6.016 6.025 6.035 6.044 6.053 6.062 6.070 6.079 6.087 6.095 6.102 6.109 6.116 6.122 6.128 6.134 6.139 6.145 6.149 6.154 6.159 6.163 6.167 6.171 6.174 6.177 6.179 6.182 6.185 6.188 6.191 6.194 6.197 6.200 6.204 6.207 6.211 6.215 6.218 6.222 6.227 6.231
5.523 5.540 5.557 5.574 5.591 5.608 5.624 5.641 5.657 5.673 5.690 5.706 5.721 5.735 5.749 5.764 5.778 5.793 5.807 5.821 5.835 5.849 5.863 5.876 5.890 5.903 5.916 5.929 5.941 5.954 5.966 5.978 5.990 6.002 6.014 6.025 6.035 6.044 6.054 6.063 6.073 6.082 6.091 6.099 6.107 6.115 6.123 6.130 6.137 6.143 6.149 6.155 6.161 6.166 6.171 6.176 6.180 6.185 6.189 6.192 6.194 6.197 6.200 6.202 6.205 6.208 6.210 6.213 6.216 6.219 6.222 6.226 6.229 6.232 6.236 6.239 6.243
5.531 5.548 5.564 5.581 5.598 5.614 5.631 5.647 5.663 5.680 5.696 5.712 5.727 5.741 5.755 5.770 5.785 5.799 5.813 5.828 5.842 5.856 5.870 5.883 5.897 5.910 5.923 5.936 5.949 5.961 5.974 5.986 5.998 6.011 6.023 6.034 6.044 6.054 6.063 6.073 6.083 6.092 6.101 6.110 6.119 6.127 6.135 6.143 6.150 6.157 6.164 6.170 6.176 6.182 6.187 6.192 6.197 6.202 6.206 6.209 6.212 6.215 6.217 6.220 6.223 6.225 6.228 6.231 6.233 6.236 6.239 6.241 6.244 6.247 6.250 6.254 6.257
5.539 5.555 5.572 5.588 5.604 5.621 5.637 5.653 5.670 5.686 5.702 5.718 5.733 5.747 5.761 5.776 5.791 5.805 5.820 5.834 5.848 5.862 5.876 5.890 5.903 5.917 5.930 5.943 5.956 5.969 5.981 5.994 6.006 6.018 6.031 6.042 6.052 6.062 6.072 6.082 6.092 6.102 6.112 6.121 6.130 6.139 6.147 6.155 6.163 6.170 6.177 6.184 6.190 6.196 6.202 6.208 6.213 6.219 6.223 6.226 6.229 6.232 6.235 6.238 6.241 6.243 6.246 6.248 6.251 6.253 6.256 6.258 6.261 6.264 6.266 6.269 6.272
5.547 5.563 5.579 5.595 5.611 5.628 5.644 5.660 5.676 5.692 5.709 5.724 5.738 5.753 5.767 5.782 5.797 5.811 5.826 5.840 5.854 5.868 5.882 5.896 5.910 5.923 5.936 5.949 5.962 5.975 5.988 6.001 6.013 6.026 6.038 6.050 6.060 6.070 6.081 6.091 6.101 6.111 6.121 6.131 6.140 6.149 6.158 6.166 6.174 6.182 6.190 6.197 6.204 6.210 6.217 6.223 6.229 6.234 6.239 6.243 6.246 6.250 6.253 6.256 6.258 6.261 6.264 6.267 6.269 6.271 6.274 6.276 6.278 6.281 6.283 6.285 6.288
5.554 5.571 5.587 5.603 5.619 5.635 5.651 5.667 5.683 5.699 5.715 5.730 5.744 5.759 5.773 5.788 5.802 5.817 5.831 5.846 5.860 5.874 5.888 5.902 5.916 5.929 5.943 5.956 5.969 5.982 5.995 6.008 6.020 6.033 6.046 6.057 6.068 6.078 6.089 6.099 6.110 6.120 6.130 6.140 6.150 6.159 6.168 6.177 6.185 6.194 6.202 6.209 6.216 6.223 6.230 6.237 6.243 6.249 6.254 6.259 6.262 6.266 6.269 6.273 6.276 6.279 6.282 6.285 6.287 6.290 6.292 6.294 6.296 6.299 6.301 6.303 6.305
5.562 5.578 5.594 5.610 5.626 5.642 5.657 5.673 5.689 5.705 5.721 5.736 5.750 5.764 5.779 5.793 5.808 5.822 5.837 5.851 5.866 5.880 5.894 5.908 5.921 5.935 5.948 5.962 5.975 5.988 6.001 6.014 6.027 6.040 6.053 6.064 6.075 6.085 6.096 6.107 6.118 6.128 6.138 6.149 6.159 6.168 6.178 6.187 6.196 6.204 6.212 6.220 6.228 6.236 6.243 6.250 6.257 6.263 6.269 6.273 6.278 6.282 6.285 6.289 6.293 6.296 6.299 6.302 6.305 6.308 6.310 6.313 6.315 6.317 6.319 6.321 6.323
5.570 5.586 5.602 5.617 5.633 5.649 5.664 5.680 5.695 5.711 5.727 5.742 5.756 5.770 5.784 5.799 5.813 5.828 5.842 5.857 5.871 5.885 5.899 5.913 5.927 5.941 5.954 5.968 5.981 5.994 6.007 6.020 6.033 6.047 6.059 6.070 6.081 6.092 6.103 6.114 6.125 6.136 6.146 6.157 6.167 6.177 6.186 6.196 6.205 6.214 6.223 6.231 6.239 6.247 6.255 6.262 6.269 6.276 6.282 6.287 6.292 6.296 6.301 6.305 6.309 6.312 6.316 6.319 6.322 6.325 6.328 6.331 6.333 6.335 6.337 6.339 6.341
5.578 5.594 5.609 5.625 5.640 5.655 5.671 5.686 5.702 5.717 5.733 5.747 5.761 5.775 5.790 5.804 5.819 5.833 5.848 5.862 5.876 5.890 5.904 5.918 5.932 5.946 5.959 5.973 5.986 6.000 6.013 6.026 6.039 6.052 6.065 6.076 6.087 6.099 6.110 6.121 6.132 6.143 6.154 6.164 6.175 6.185 6.195 6.204 6.214 6.223 6.232 6.241 6.249 6.257 6.265 6.273 6.281 6.289 6.294 6.300 6.305 6.310 6.315 6.319 6.324 6.328 6.332 6.336 6.339 6.342 6.345 6.348 6.351 6.353 6.356 6.358 6.360
5.586 5.601 5.617 5.632 5.647 5.662 5.677 5.693 5.708 5.723 5.738 5.753 5.767 5.781 5.795 5.809 5.824 5.838 5.853 5.867 5.881 5.895 5.909 5.923 5.937 5.951 5.964 5.978 5.991 6.005 6.018 6.031 6.045 6.058 6.070 6.082 6.093 6.105 6.116 6.127 6.138 6.149 6.160 6.171 6.182 6.192 6.202 6.212 6.222 6.232 6.241 6.250 6.259 6.267 6.276 6.284 6.292 6.300 6.306 6.312 6.317 6.323 6.328 6.333 6.338 6.342 6.347 6.351 6.355 6.358 6.362 6.365 6.368 6.371 6.373 6.376 6.378
5.594 5.609 5.624 5.639 5.654 5.669 5.684 5.699 5.714 5.729 5.744 5.759 5.772 5.786 5.800 5.815 5.829 5.843 5.857 5.872 5.886 5.900 5.914 5.928 5.942 5.955 5.969 5.983 5.996 6.010 6.023 6.036 6.049 6.063 6.075 6.087 6.099 6.110 6.122 6.133 6.144 6.156 6.167 6.178 6.188 6.199 6.209 6.220 6.230 6.239 6.249 6.258 6.267 6.276 6.285 6.293 6.302 6.310 6.316 6.323 6.329 6.335 6.340 6.346 6.351 6.356 6.361 6.365 6.369 6.373 6.377 6.381 6.384 6.387 6.390 6.393 6.396
5.601 5.616 5.631 5.646 5.661 5.675 5.690 5.705 5.720 5.735 5.750 5.764 5.778 5.791 5.805 5.819 5.834 5.848 5.862 5.876 5.890 5.904 5.918 5.932 5.946 5.960 5.973 5.987 6.001 6.014 6.027 6.041 6.054 6.067 6.080 6.092 6.103 6.115 6.127 6.138 6.150 6.161 6.172 6.183 6.194 6.205 6.216 6.226 6.236 6.246 6.256 6.266 6.275 6.284 6.293 6.302 6.311 6.319 6.326 6.333 6.339 6.345 6.351 6.357 6.363 6.368 6.373 6.378 6.383 6.388 6.392 6.396 6.400 6.403 6.406 6.410 6.412
5.608 5.623 5.638 5.652 5.667 5.682 5.696 5.711 5.726 5.741 5.755 5.770 5.783 5.797 5.810 5.824 5.838 5.852 5.866 5.881 5.895 5.908 5.922 5.936 5.950 5.964 5.977 5.991 6.005 6.018 6.031 6.045 6.058 6.072 6.084 6.096 6.108 6.120 6.131 6.143 6.155 6.166 6.177 6.189 6.200 6.211 6.222 6.232 6.243 6.253 6.263 6.273 6.282 6.292 6.301 6.310 6.319 6.328 6.335 6.342 6.349 6.355 6.362 6.368 6.374 6.380 6.385 6.390 6.396 6.400 6.405 6.410 6.414 6.418 6.421 6.425 6.428
5.615 5.630 5.644 5.659 5.673 5.688 5.702 5.717 5.732 5.746 5.761 5.775 5.788 5.802 5.815 5.829 5.843 5.857 5.871 5.885 5.899 5.913 5.926 5.940 5.954 5.968 5.981 5.995 6.008 6.022 6.035 6.048 6.062 6.075 6.088 6.100 6.112 6.124 6.135 6.147 6.159 6.171 6.182 6.193 6.205 6.216 6.227 6.238 6.248 6.259 6.269 6.279 6.289 6.299 6.308 6.317 6.327 6.335 6.343 6.350 6.357 6.364 6.371 6.377 6.384 6.390 6.396 6.402 6.407 6.412 6.417 6.422 6.427 6.431 6.435 6.439 6.443
5.622 5.637 5.651 5.665 5.680 5.694 5.708 5.723 5.737 5.752 5.766 5.780 5.793 5.806 5.820 5.834 5.847 5.861 5.875 5.889 5.903 5.916 5.930 5.944 5.957 5.971 5.985 5.998 6.012 6.025 6.038 6.052 6.065 6.079 6.092 6.103 6.115 6.127 6.139 6.151 6.163 6.175 6.186 6.198 6.209 6.220 6.232 6.243 6.253 6.264 6.274 6.285 6.295 6.305 6.314 6.324 6.334 6.342 6.350 6.358 6.365 6.372 6.379 6.386 6.393 6.399 6.406 6.412 6.417 6.423 6.429 6.434 6.439 6.444 6.448 6.453 6.457
5.629 5.643 5.658 5.672 5.686 5.700 5.714 5.728 5.743 5.757 5.771 5.785 5.798 5.811 5.824 5.838 5.852 5.865 5.879 5.893 5.906 5.920 5.934 5.947 5.961 5.974 5.988 6.001 6.015 6.028 6.041 6.055 6.068 6.082 6.095 6.107 6.118 6.130 6.142 6.154 6.166 6.178 6.190 6.201 6.213 6.224 6.236 6.247 6.258 6.269 6.279 6.290 6.300 6.310 6.320 6.330 6.340 6.349 6.357 6.365 6.372 6.380 6.387 6.394 6.401 6.408 6.414 6.421 6.427 6.433 6.439 6.444 6.450 6.455 6.460 6.464 6.469
5.636 5.650 5.664 5.678 5.692 5.706 5.720 5.734 5.748 5.762 5.777 5.790 5.803 5.816 5.829 5.842 5.856 5.869 5.883 5.896 5.910 5.924 5.937 5.951 5.964 5.977 5.991 6.004 6.018 6.031 6.044 6.058 6.071 6.085 6.097 6.109 6.121 6.133 6.145 6.157 6.169 6.181 6.193 6.205 6.216 6.228 6.239 6.251 6.262 6.273 6.283 6.294 6.304 6.315 6.325 6.335 6.345 6.354 6.363 6.371 6.379 6.386 6.394 6.401 6.408 6.415 6.422 6.429 6.435 6.442 6.448 6.454 6.459 6.465 6.470 6.475 6.480
5.643 5.657 5.671 5.685 5.698 5.712 5.726 5.740 5.754 5.768 5.782 5.795 5.807 5.820 5.833 5.846 5.860 5.873 5.887 5.900 5.914 5.927 5.940 5.954 5.967 5.980 5.994 6.007 6.020 6.034 6.047 6.060 6.073 6.087 6.100 6.112 6.124 6.136 6.148 6.160 6.172 6.184 6.196 6.207 6.219 6.231 6.242 6.254 6.265 6.276 6.287 6.298 6.308 6.319 6.329 6.339 6.349 6.359 6.368 6.376 6.384 6.392 6.400 6.407 6.415 6.422 6.429 6.436 6.443 6.450 6.456 6.462 6.468 6.474 6.480 6.485 6.490
5.651 5.664 5.678 5.691 5.705 5.718 5.732 5.746 5.759 5.773 5.787 5.800 5.812 5.825 5.838 5.851 5.864 5.877 5.890 5.904 5.917 5.930 5.944 5.957 5.970 5.983 5.996 6.010 6.023 6.036 6.049 6.062 6.076 6.089 6.102 6.114 6.126 6.138 6.150 6.162 6.174 6.186 6.198 6.210 6.222 6.233 6.245 6.256 6.268 6.279 6.290 6.301 6.312 6.322 6.333 6.343 6.354 6.363 6.372 6.381 6.389 6.397 6.405 6.413 6.421 6.428 6.436 6.443 6.450 6.457 6.463 6.470 6.476 6.482 6.488 6.494 6.499
5.658 5.672 5.685 5.698 5.711 5.725 5.738 5.751 5.765 5.779 5.792 5.805 5.817 5.829 5.842 5.855 5.868 5.881 5.894 5.907 5.920 5.934 5.947 5.960 5.973 5.986 5.999 6.012 6.025 6.038 6.052 6.065 6.078 6.091 6.104 6.116 6.128 6.140 6.152 6.164 6.176 6.188 6.200 6.212 6.224 6.236 6.247 6.259 6.270 6.281 6.293 6.304 6.314 6.325 6.336 6.346 6.357 6.367 6.376 6.385 6.393 6.401 6.410 6.418 6.426 6.433 6.441 6.449 6.456 6.463 6.470 6.476 6.483 6.489 6.495 6.501 6.507
5.666 5.679 5.692 5.705 5.718 5.731 5.744 5.758 5.771 5.784 5.798 5.810 5.822 5.834 5.847 5.859 5.872 5.885 5.898 5.911 5.924 5.937 5.950 5.963 5.976 5.989 6.002 6.015 6.028 6.041 6.054 6.067 6.080 6.093 6.106 6.117 6.129 6.141 6.153 6.165 6.177 6.190 6.202 6.214 6.226 6.237 6.249 6.261 6.272 6.284 6.295 6.306 6.317 6.328 6.339 6.349 6.360 6.370 6.379 6.388 6.397 6.405 6.414 6.422 6.430 6.438 6.446 6.454 6.461 6.468 6.475 6.482 6.489 6.496 6.502 6.508 6.514
5.675 5.687 5.700 5.713 5.725 5.738 5.751 5.764 5.777 5.790 5.803 5.815 5.827 5.839 5.851 5.864 5.876 5.889 5.902 5.915 5.927 5.940 5.953 5.966 5.979 5.992 6.004 6.017 6.030 6.043 6.056 6.069 6.082 6.095 6.107 6.119 6.131 6.143 6.155 6.167 6.179 6.191 6.203 6.215 6.227 6.239 6.251 6.262 6.274 6.285 6.297 6.308 6.319 6.330 6.341 6.352 6.363 6.373 6.382 6.391 6.400 6.409 6.417 6.426 6.434 6.442 6.450 6.458 6.466 6.473 6.480 6.488 6.495 6.501 6.508 6.514 6.521
5.683 5.696 5.708 5.721 5.733 5.746 5.758 5.771 5.784 5.797 5.809 5.820 5.832 5.844 5.856 5.868 5.881 5.893 5.906 5.918 5.931 5.944 5.956 5.969 5.982 5.994 6.007 6.020 6.032 6.045 6.058 6.071 6.084 6.097 6.109 6.121 6.132 6.144 6.156 6.168 6.180 6.192 6.204 6.216 6.228 6.240 6.252 6.264 6.275 6.287 6.298 6.309 6.321 6.332 6.343 6.354 6.365 6.375 6.384 6.393 6.402 6.411 6.420 6.429 6.437 6.446 6.454 6.462 6.470 6.477 6.485 6.492 6.499 6.506 6.513 6.520 6.526
5.693 5.705 5.717 5.729 5.741 5.753 5.766 5.778 5.791 5.803 5.815 5.826 5.838 5.849 5.861 5.873 5.885 5.898 5.910 5.922 5.935 5.947 5.960 5.972 5.985 5.997 6.010 6.022 6.035 6.048 6.060 6.073 6.086 6.099 6.111 6.122 6.134 6.146 6.157 6.169 6.181 6.193 6.205 6.217 6.229 6.241 6.253 6.265 6.276 6.288 6.299 6.311 6.322 6.333 6.344 6.355 6.366 6.377 6.386 6.396 6.405 6.414 6.423 6.431 6.440 6.449 6.457 6.465 6.473 6.481 6.489 6.496 6.504 6.511 6.518 6.525 6.531
5.702 5.714 5.726 5.738 5.750 5.762 5.774 5.786 5.798 5.810 5.822 5.833 5.844 5.855 5.867 5.879 5.891 5.903 5.915 5.927 5.939 5.951 5.964 5.976 5.988 6.000 6.013 6.025 6.038 6.050 6.063 6.075 6.088 6.101 6.113 6.124 6.135 6.147 6.159 6.171 6.182 6.194 6.206 6.218 6.230 6.242 6.254 6.266 6.277 6.289 6.300 6.312 6.323 6.334 6.346 6.357 6.368 6.378 6.388 6.397 6.407 6.416 6.425 6.434 6.442 6.451 6.460 6.468 6.476 6.484 6.492 6.500 6.507 6.515 6.522 6.529 6.536
