version1/TsunamiDB/out54097.asc
ncols          264
nrows          230
xllcorner      497853.4375
yllcorner      4229146.0000
cellsize         5.
NODATA_value   -99
[rows 136 to 169 of 230, columns 0 to 76 of 264]
4.415 4.456 4.495 4.534 4.571 4.608 4.644 4.679 4.711 4.744 4.776 4.807 4.837 4.867 4.896 4.924 4.952 4.979 5.005 5.030 5.055 5.079 5.103 5.126 5.148 5.170 5.191 5.212 5.232 5.252 5.272 5.290 5.307 5.324 5.341 5.359 5.375 5.392 5.408 5.425 5.441 5.456 5.472 5.488 5.504 5.520 5.536 5.552 5.568 5.584 5.600 5.617 5.633 5.650 5.666 5.681 5.696 5.712 5.728 5.744 5.759 5.775 5.790 5.805 5.819 5.834 5.848 5.861 5.874 5.887 5.900 5.912 5.924 5.936 5.948 5.959 5.970
4.433 4.473 4.513 4.551 4.588 4.625 4.660 4.695 4.728 4.760 4.792 4.823 4.853 4.883 4.912 4.941 4.968 4.995 5.021 5.047 5.072 5.096 5.120 5.143 5.166 5.187 5.209 5.230 5.250 5.270 5.289 5.307 5.324 5.342 5.359 5.376 5.393 5.409 5.425 5.441 5.456 5.472 5.487 5.502 5.518 5.533 5.548 5.563 5.579 5.594 5.610 5.626 5.642 5.658 5.673 5.688 5.703 5.719 5.734 5.750 5.765 5.781 5.796 5.811 5.826 5.840 5.854 5.868 5.882 5.895 5.908 5.920 5.932 5.944 5.956 5.968 5.979
4.451 4.491 4.529 4.567 4.604 4.641 4.676 4.711 4.743 4.775 4.807 4.838 4.869 4.899 4.928 4.956 4.984 5.011 5.037 5.063 5.088 5.112 5.136 5.159 5.182 5.204 5.226 5.247 5.267 5.287 5.307 5.325 5.342 5.360 5.377 5.394 5.410 5.427 5.442 5.458 5.473 5.488 5.503 5.518 5.533 5.547 5.562 5.576 5.591 5.606 5.621 5.636 5.651 5.667 5.681 5.695 5.710 5.725 5.741 5.756 5.772 5.787 5.802 5.817 5.832 5.846 5.861 5.875 5.888 5.902 5.915 5.928 5.940 5.952 5.964 5.976 5.988
4.468 4.507 4.546 4.583 4.620 4.656 4.691 4.726 4.758 4.790 4.822 4.853 4.883 4.913 4.942 4.971 4.998 5.026 5.052 5.078 5.103 5.128 5.152 5.175 5.198 5.220 5.242 5.263 5.284 5.304 5.324 5.342 5.360 5.377 5.395 5.412 5.428 5.445 5.460 5.476 5.491 5.506 5.520 5.534 5.548 5.563 5.577 5.591 5.605 5.619 5.633 5.647 5.662 5.677 5.690 5.704 5.718 5.733 5.748 5.763 5.778 5.793 5.808 5.823 5.838 5.852 5.867 5.881 5.895 5.908 5.922 5.935 5.947 5.960 5.972 5.984 5.996
4.485 4.524 4.562 4.599 4.635 4.671 4.706 4.740 4.773 4.804 4.836 4.867 4.897 4.927 4.956 4.985 5.013 5.040 5.066 5.092 5.118 5.142 5.167 5.190 5.213 5.236 5.258 5.279 5.300 5.321 5.341 5.359 5.377 5.395 5.412 5.430 5.446 5.463 5.478 5.494 5.509 5.523 5.538 5.552 5.566 5.579 5.593 5.606 5.619 5.633 5.646 5.660 5.673 5.687 5.701 5.713 5.727 5.741 5.756 5.770 5.785 5.800 5.814 5.829 5.844 5.858 5.873 5.887 5.901 5.915 5.928 5.941 5.954 5.967 5.980 5.992 6.004
4.501 4.540 4.577 4.614 4.650 4.685 4.720 4.754 4.786 4.818 4.849 4.880 4.911 4.941 4.970 4.998 5.026 5.053 5.080 5.106 5.131 5.156 5.181 5.205 5.228 5.251 5.273 5.294 5.316 5.336 5.357 5.375 5.393 5.412 5.430 5.447 5.464 5.480 5.496 5.512 5.527 5.542 5.556 5.570 5.583 5.597 5.610 5.623 5.635 5.648 5.661 5.674 5.687 5.700 5.712 5.724 5.737 5.750 5.764 5.778 5.792 5.807 5.821 5.835 5.850 5.864 5.878 5.893 5.907 5.921 5.934 5.948 5.961 5.974 5.987 5.999 6.011
4.517 4.555 4.592 4.629 4.664 4.699 4.734 4.767 4.800 4.831 4.862 4.893 4.924 4.953 4.982 5.011 5.039 5.066 5.093 5.119 5.144 5.169 5.194 5.218 5.241 5.264 5.287 5.309 5.330 5.351 5.372 5.391 5.409 5.428 5.446 5.464 5.481 5.498 5.514 5.530 5.545 5.560 5.574 5.588 5.602 5.615 5.628 5.640 5.653 5.665 5.677 5.689 5.701 5.714 5.725 5.736 5.748 5.761 5.774 5.787 5.801 5.814 5.828 5.842 5.856 5.870 5.884 5.899 5.913 5.927 5.940 5.954 5.967 5.980 5.993 6.006 6.018
4.532 4.570 4.607 4.643 4.678 4.713 4.747 4.780 4.812 4.843 4.875 4.906 4.936 4.965 4.994 5.023 5.051 5.078 5.105 5.131 5.157 5.182 5.206 5.231 5.254 5.277 5.300 5.322 5.344 5.365 5.386 5.405 5.424 5.443 5.461 5.480 5.497 5.514 5.531 5.547 5.563 5.578 5.593 5.607 5.620 5.633 5.646 5.659 5.671 5.683 5.694 5.706 5.717 5.729 5.740 5.750 5.761 5.773 5.785 5.798 5.810 5.823 5.836 5.850 5.863 5.877 5.891 5.905 5.919 5.932 5.946 5.960 5.973 5.986 5.999 6.012 6.025
4.548 4.585 4.621 4.657 4.692 4.726 4.760 4.793 4.825 4.855 4.887 4.917 4.947 4.977 5.006 5.034 5.062 5.089 5.116 5.142 5.168 5.193 5.218 5.242 5.266 5.289 5.312 5.335 5.357 5.378 5.399 5.419 5.438 5.457 5.476 5.494 5.512 5.530 5.547 5.564 5.580 5.595 5.610 5.625 5.639 5.652 5.665 5.678 5.690 5.701 5.713 5.724 5.735 5.746 5.756 5.766 5.776 5.787 5.798 5.810 5.821 5.834 5.846 5.859 5.872 5.885 5.898 5.912 5.925 5.939 5.952 5.966 5.979 5.992 6.005 6.018 6.031
4.563 4.599 4.635 4.671 4.705 4.739 4.772 4.805 4.836 4.867 4.898 4.929 4.959 4.988 5.017 5.045 5.073 5.100 5.127 5.153 5.179 5.204 5.229 5.254 5.277 5.301 5.324 5.346 5.368 5.390 5.411 5.431 5.451 5.470 5.489 5.508 5.527 5.545 5.562 5.579 5.596 5.612 5.627 5.642 5.656 5.670 5.683 5.696 5.708 5.720 5.732 5.743 5.753 5.764 5.774 5.783 5.792 5.802 5.813 5.823 5.834 5.845 5.857 5.869 5.881 5.893 5.906 5.919 5.932 5.945 5.959 5.972 5.985 5.998 6.011 6.024 6.037
4.578 4.614 4.649 4.684 4.718 4.752 4.785 4.817 4.848 4.879 4.909 4.940 4.969 4.999 5.027 5.056 5.083 5.111 5.137 5.164 5.189 5.215 5.240 5.264 5.288 5.312 5.335 5.357 5.380 5.401 5.423 5.443 5.462 5.482 5.502 5.521 5.540 5.558 5.576 5.594 5.611 5.627 5.643 5.658 5.673 5.688 5.701 5.714 5.727 5.739 5.751 5.762 5.773 5.783 5.792 5.801 5.810 5.819 5.829 5.839 5.849 5.859 5.869 5.880 5.892 5.903 5.915 5.928 5.940 5.953 5.966 5.979 5.992 6.005 6.018 6.031 6.043
4.593 4.628 4.663 4.698 4.731 4.764 4.797 4.829 4.860 4.890 4.920 4.950 4.980 5.009 5.038 5.066 5.093 5.121 5.147 5.174 5.199 5.225 5.250 5.274 5.298 5.322 5.345 5.368 5.390 5.412 5.433 5.454 5.474 5.494 5.513 5.533 5.552 5.571 5.589 5.607 5.624 5.641 5.658 5.674 5.689 5.704 5.718 5.732 5.745 5.758 5.770 5.781 5.792 5.802 5.812 5.820 5.829 5.838 5.847 5.856 5.865 5.874 5.884 5.894 5.904 5.915 5.926 5.937 5.949 5.961 5.974 5.986 5.999 6.011 6.024 6.037 6.050
4.607 4.643 4.677 4.711 4.744 4.777 4.809 4.841 4.871 4.901 4.931 4.961 4.990 5.019 5.048 5.076 5.103 5.130 5.157 5.183 5.209 5.234 5.259 5.283 5.307 5.331 5.354 5.377 5.400 5.422 5.443 5.464 5.484 5.504 5.524 5.544 5.563 5.582 5.601 5.619 5.637 5.654 5.671 5.688 5.703 5.719 5.734 5.748 5.762 5.775 5.788 5.800 5.811 5.822 5.831 5.840 5.849 5.857 5.866 5.874 5.883 5.892 5.900 5.909 5.919 5.928 5.938 5.949 5.960 5.971 5.983 5.995 6.007 6.019 6.031 6.044 6.056
4.622 4.657 4.691 4.725 4.758 4.790 4.822 4.853 4.882 4.912 4.942 4.972 5.001 5.029 5.058 5.085 5.113 5.140 5.166 5.192 5.218 5.243 5.268 5.292 5.316 5.340 5.363 5.386 5.409 5.431 5.453 5.473 5.493 5.514 5.534 5.554 5.574 5.593 5.612 5.630 5.648 5.666 5.683 5.700 5.717 5.733 5.748 5.763 5.778 5.792 5.805 5.817 5.829 5.841 5.850 5.859 5.868 5.877 5.886 5.894 5.902 5.910 5.918 5.927 5.935 5.944 5.953 5.962 5.972 5.983 5.993 6.004 6.016 6.027 6.039 6.051 6.063
4.637 4.672 4.705 4.738 4.771 4.803 4.834 4.864 4.894 4.924 4.953 4.982 5.011 5.039 5.067 5.095 5.122 5.149 5.175 5.201 5.227 5.252 5.277 5.301 5.325 5.349 5.372 5.395 5.418 5.440 5.462 5.482 5.502 5.523 5.543 5.563 5.583 5.603 5.622 5.640 5.659 5.677 5.695 5.712 5.729 5.745 5.761 5.777 5.792 5.807 5.820 5.834 5.846 5.858 5.869 5.878 5.888 5.897 5.906 5.914 5.923 5.930 5.938 5.946 5.953 5.961 5.969 5.978 5.987 5.996 6.006 6.016 6.026 6.037 6.048 6.060 6.071
4.653 4.687 4.720 4.752 4.784 4.816 4.847 4.876 4.905 4.935 4.964 4.993 5.021 5.049 5.077 5.105 5.131 5.158 5.184 5.210 5.235 5.260 5.285 5.310 5.333 5.357 5.380 5.403 5.426 5.448 5.470 5.490 5.511 5.531 5.552 5.572 5.592 5.612 5.631 5.650 5.669 5.687 5.705 5.723 5.740 5.757 5.773 5.789 5.805 5.820 5.835 5.849 5.862 5.875 5.886 5.896 5.907 5.917 5.926 5.935 5.943 5.951 5.958 5.966 5.973 5.980 5.988 5.995 6.003 6.011 6.020 6.029 6.039 6.049 6.059 6.069 6.080
4.668 4.701 4.734 4.766 4.798 4.829 4.860 4.889 4.918 4.947 4.976 5.004 5.032 5.060 5.087 5.114 5.141 5.167 5.193 5.219 5.244 5.269 5.294 5.318 5.342 5.365 5.389 5.412 5.434 5.456 5.478 5.498 5.519 5.540 5.560 5.580 5.600 5.620 5.640 5.659 5.678 5.696 5.714 5.732 5.750 5.767 5.784 5.801 5.817 5.833 5.848 5.863 5.877 5.890 5.902 5.913 5.924 5.935 5.945 5.954 5.963 5.972 5.979 5.987 5.994 6.001 6.008 6.014 6.021 6.029 6.036 6.045 6.053 6.062 6.071 6.081 6.091
4.684 4.717 4.749 4.781 4.812 4.843 4.873 4.902 4.930 4.959 4.987 5.015 5.043 5.070 5.097 5.124 5.151 5.177 5.202 5.228 5.253 5.278 5.302 5.326 5.350 5.373 5.397 5.420 5.442 5.465 5.486 5.506 5.527 5.547 5.568 5.588 5.608 5.628 5.648 5.667 5.686 5.705 5.723 5.741 5.759 5.777 5.794 5.811 5.827 5.844 5.860 5.875 5.890 5.904 5.917 5.928 5.940 5.952 5.963 5.973 5.983 5.992 6.000 6.008 6.015 6.022 6.029 6.035 6.041 6.048 6.055 6.062 6.069 6.077 6.086 6.094 6.103
4.700 4.732 4.764 4.796 4.826 4.857 4.887 4.915 4.943 4.971 4.999 5.027 5.054 5.081 5.108 5.135 5.161 5.186 5.212 5.237 5.262 5.286 5.311 5.335 5.358 5.382 5.405 5.427 5.450 5.472 5.493 5.513 5.534 5.555 5.576 5.596 5.616 5.636 5.655 5.675 5.694 5.713 5.731 5.750 5.768 5.785 5.803 5.820 5.837 5.854 5.870 5.886 5.902 5.916 5.929 5.942 5.955 5.967 5.979 5.990 6.001 6.011 6.020 6.028 6.036 6.043 6.050 6.056 6.063 6.069 6.075 6.081 6.088 6.095 6.102 6.110 6.118
4.716 4.748 4.780 4.811 4.841 4.871 4.901 4.929 4.956 4.984 5.012 5.039 5.066 5.093 5.119 5.145 5.171 5.197 5.222 5.247 5.271 5.295 5.319 5.343 5.367 5.390 5.413 5.435 5.458 5.480 5.501 5.521 5.542 5.562 5.583 5.603 5.623 5.643 5.663 5.682 5.701 5.720 5.739 5.757 5.776 5.794 5.811 5.829 5.846 5.863 5.880 5.896 5.913 5.927 5.941 5.955 5.968 5.982 5.994 6.006 6.018 6.028 6.038 6.047 6.056 6.064 6.071 6.078 6.084 6.090 6.096 6.102 6.108 6.114 6.121 6.128 6.135
4.732 4.764 4.795 4.826 4.856 4.886 4.915 4.943 4.970 4.998 5.025 5.052 5.079 5.105 5.131 5.157 5.182 5.207 5.232 5.257 5.281 5.305 5.329 5.352 5.375 5.398 5.421 5.443 5.466 5.488 5.508 5.528 5.549 5.570 5.590 5.611 5.631 5.650 5.670 5.689 5.709 5.728 5.746 5.765 5.783 5.801 5.819 5.837 5.854 5.872 5.889 5.906 5.922 5.937 5.951 5.966 5.980 5.994 6.008 6.021 6.033 6.044 6.055 6.065 6.075 6.084 6.092 6.099 6.106 6.112 6.118 6.124 6.130 6.135 6.141 6.147 6.153
4.749 4.780 4.811 4.842 4.872 4.901 4.930 4.957 4.984 5.011 5.038 5.065 5.091 5.117 5.143 5.168 5.193 5.218 5.243 5.267 5.291 5.315 5.338 5.361 5.384 5.407 5.429 5.452 5.474 5.495 5.516 5.536 5.557 5.577 5.598 5.618 5.638 5.658 5.677 5.697 5.716 5.735 5.753 5.772 5.790 5.809 5.827 5.845 5.862 5.880 5.897 5.914 5.931 5.946 5.961 5.976 5.991 6.005 6.020 6.033 6.046 6.059 6.071 6.082 6.092 6.102 6.111 6.119 6.126 6.133 6.140 6.146 6.152 6.157 6.163 6.168 6.173
4.765 4.797 4.827 4.858 4.887 4.916 4.945 4.972 4.999 5.026 5.052 5.079 5.105 5.130 5.156 5.181 5.205 5.230 5.254 5.278 5.302 5.325 5.348 5.371 5.394 5.416 5.438 5.460 5.482 5.504 5.524 5.544 5.564 5.585 5.605 5.625 5.645 5.665 5.684 5.704 5.723 5.742 5.761 5.779 5.798 5.816 5.834 5.852 5.870 5.887 5.905 5.922 5.939 5.955 5.970 5.985 6.001 6.016 6.031 6.045 6.059 6.072 6.085 6.097 6.108 6.119 6.128 6.138 6.146 6.154 6.161 6.167 6.173 6.179 6.185 6.190 6.194
4.782 4.813 4.844 4.874 4.903 4.932 4.960 4.987 5.013 5.040 5.067 5.093 5.118 5.144 5.169 5.194 5.218 5.242 5.266 5.290 5.313 5.336 5.359 5.382 5.404 5.426 5.448 5.470 5.491 5.512 5.533 5.552 5.573 5.593 5.613 5.633 5.653 5.672 5.692 5.711 5.730 5.749 5.768 5.786 5.805 5.823 5.841 5.859 5.877 5.895 5.912 5.930 5.947 5.963 5.978 5.994 6.010 6.025 6.040 6.055 6.070 6.084 6.097 6.110 6.122 6.134 6.144 6.155 6.164 6.173 6.181 6.188 6.195 6.201 6.207 6.212 6.217
4.799 4.830 4.860 4.890 4.919 4.947 4.976 5.002 5.028 5.055 5.081 5.107 5.133 5.158 5.182 5.207 5.231 5.255 5.279 5.302 5.325 5.348 5.370 5.393 5.415 5.436 5.458 5.479 5.501 5.522 5.542 5.561 5.581 5.601 5.621 5.641 5.660 5.680 5.699 5.718 5.737 5.756 5.775 5.793 5.812 5.830 5.848 5.866 5.884 5.902 5.919 5.937 5.954 5.971 5.986 6.002 6.018 6.034 6.050 6.065 6.080 6.094 6.108 6.122 6.135 6.147 6.159 6.170 6.180 6.190 6.199 6.207 6.215 6.221 6.228 6.234 6.239
4.815 4.846 4.876 4.906 4.935 4.963 4.991 5.018 5.044 5.070 5.096 5.122 5.147 5.172 5.196 5.221 5.245 5.268 5.291 5.314 5.337 5.360 5.382 5.404 5.426 5.447 5.469 5.490 5.511 5.532 5.551 5.570 5.590 5.610 5.629 5.649 5.668 5.688 5.707 5.726 5.745 5.763 5.782 5.800 5.819 5.837 5.855 5.873 5.891 5.909 5.927 5.944 5.962 5.978 5.994 6.010 6.026 6.042 6.058 6.074 6.089 6.104 6.119 6.133 6.146 6.159 6.172 6.184 6.195 6.206 6.215 6.225 6.233 6.241 6.248 6.255 6.260
4.831 4.862 4.892 4.921 4.950 4.978 5.006 5.033 5.059 5.085 5.111 5.136 5.161 5.186 5.210 5.234 5.258 5.282 5.305 5.328 5.350 5.372 5.394 5.416 5.438 5.459 5.480 5.501 5.521 5.542 5.561 5.580 5.600 5.619 5.639 5.658 5.677 5.696 5.715 5.734 5.752 5.771 5.789 5.808 5.826 5.844 5.862 5.880 5.898 5.916 5.934 5.951 5.969 5.985 6.001 6.017 6.034 6.050 6.066 6.082 6.098 6.113 6.128 6.143 6.157 6.171 6.184 6.196 6.208 6.220 6.230 6.240 6.250 6.259 6.267 6.274 6.280
4.848 4.878 4.908 4.937 4.966 4.994 5.022 5.048 5.074 5.100 5.125 5.151 5.176 5.200 5.225 5.248 5.272 5.295 5.318 5.341 5.363 5.385 5.407 5.429 5.450 5.471 5.492 5.512 5.533 5.553 5.572 5.591 5.610 5.629 5.648 5.667 5.686 5.705 5.723 5.742 5.761 5.779 5.797 5.815 5.834 5.852 5.870 5.888 5.905 5.923 5.941 5.959 5.976 5.993 6.009 6.025 6.041 6.058 6.074 6.090 6.106 6.122 6.137 6.152 6.167 6.181 6.195 6.208 6.220 6.233 6.244 6.255 6.265 6.275 6.284 6.292 6.299
4.864 4.894 4.924 4.953 4.981 5.009 5.037 5.063 5.088 5.114 5.140 5.165 5.190 5.214 5.239 5.262 5.286 5.309 5.332 5.354 5.377 5.399 5.420 5.442 5.463 5.484 5.504 5.525 5.545 5.565 5.584 5.602 5.621 5.640 5.659 5.677 5.696 5.714 5.733 5.751 5.769 5.787 5.805 5.823 5.841 5.859 5.877 5.895 5.913 5.931 5.948 5.966 5.983 6.000 6.016 6.032 6.049 6.066 6.082 6.098 6.114 6.130 6.146 6.161 6.176 6.191 6.205 6.218 6.232 6.244 6.257 6.268 6.279 6.290 6.299 6.309 6.317
4.880 4.910 4.939 4.968 4.997 5.024 5.051 5.077 5.103 5.129 5.154 5.179 5.204 5.228 5.252 5.276 5.299 5.323 5.345 5.368 5.390 5.412 5.433 5.455 5.476 5.496 5.517 5.537 5.557 5.577 5.595 5.613 5.632 5.651 5.669 5.688 5.706 5.724 5.742 5.760 5.778 5.796 5.814 5.832 5.850 5.867 5.885 5.903 5.921 5.938 5.956 5.973 5.991 6.007 6.023 6.040 6.056 6.073 6.090 6.106 6.122 6.138 6.154 6.170 6.185 6.200 6.214 6.228 6.242 6.255 6.268 6.280 6.292 6.303 6.314 6.324 6.332
4.895 4.925 4.955 4.983 5.012 5.039 5.066 5.092 5.117 5.143 5.168 5.193 5.218 5.242 5.266 5.290 5.313 5.336 5.358 5.381 5.403 5.425 5.446 5.467 5.488 5.509 5.530 5.550 5.569 5.589 5.607 5.625 5.644 5.662 5.681 5.699 5.717 5.735 5.753 5.770 5.788 5.806 5.823 5.841 5.858 5.876 5.893 5.911 5.928 5.946 5.963 5.981 5.998 6.015 6.031 6.047 6.064 6.081 6.097 6.114 6.130 6.146 6.162 6.178 6.193 6.209 6.223 6.238 6.252 6.266 6.279 6.292 6.304 6.316 6.327 6.338 6.347
4.911 4.941 4.970 4.999 5.027 5.054 5.080 5.105 5.131 5.157 5.182 5.207 5.231 5.256 5.279 5.303 5.326 5.349 5.371 5.394 5.416 5.437 5.459 5.480 5.501 5.522 5.542 5.562 5.582 5.601 5.620 5.638 5.656 5.674 5.693 5.711 5.728 5.746 5.764 5.781 5.798 5.816 5.833 5.850 5.867 5.885 5.902 5.919 5.937 5.954 5.971 5.989 6.006 6.022 6.038 6.055 6.072 6.088 6.105 6.122 6.138 6.154 6.170 6.186 6.202 6.217 6.232 6.247 6.262 6.276 6.289 6.303 6.315 6.328 6.340 6.351 6.361
4.927 4.956 4.985 5.014 5.041 5.069 5.094 5.120 5.145 5.171 5.196 5.220 5.245 5.269 5.292 5.316 5.339 5.361 5.384 5.406 5.428 5.450 5.471 5.492 5.513 5.534 5.554 5.575 5.594 5.614 5.632 5.650 5.668 5.686 5.705 5.722 5.740 5.758 5.775 5.792 5.809 5.826 5.843 5.860 5.877 5.894 5.911 5.928 5.945 5.962 5.980 5.997 6.014 6.030 6.046 6.063 6.079 6.096 6.113 6.129 6.146 6.162 6.178 6.194 6.210 6.226 6.241 6.256 6.271 6.285 6.299 6.313 6.326 6.339 6.351 6.363 6.374
4.943 4.972 5.000 5.028 5.056 5.083 5.109 5.134 5.159 5.184 5.209 5.234 5.258 5.281 5.305 5.328 5.351 5.374 5.396 5.418 5.440 5.462 5.483 5.504 5.525 5.546 5.566 5.586 5.606 5.626 5.644 5.662 5.680 5.698 5.717 5.734 5.752 5.769 5.786 5.803 5.820 5.837 5.854 5.870 5.887 5.904 5.921 5.937 5.954 5.971 5.988 6.005 6.022 6.038 6.054 6.070 6.087 6.104 6.121 6.137 6.154 6.170 6.186 6.203 6.219 6.234 6.250 6.265 6.280 6.295 6.309 6.323 6.337 6.350 6.363 6.375 6.386
