version1/TsunamiDB/out54150.asc
ncols          264
nrows          230
xllcorner      497853.4375
yllcorner      4229146.0000
cellsize         5.
NODATA_value   -99
[rows 34 to 67 of 230, columns 0 to 76 of 264]
5.145 5.162 5.179 5.195 5.212 5.227 5.243 5.258 5.273 5.288 5.303 5.317 5.331 5.345 5.358 5.370 5.383 5.395 5.407 5.420 5.432 5.444 5.456 5.468 5.479 5.491 5.503 5.514 5.526 5.537 5.548 5.559 5.571 5.582 5.593 5.605 5.616 5.627 5.637 5.647 5.657 5.667 5.677 5.687 5.698 5.708 5.718 5.728 5.738 5.748 5.758 5.768 5.778 5.787 5.797 5.807 5.816 5.826 5.835 5.845 5.855 5.863 5.871 5.880 5.888 5.897 5.905 5.914 5.923 5.932 5.941 5.950 5.959 5.968 5.978 5.987 5.996
5.155 5.172 5.188 5.205 5.221 5.237 5.252 5.268 5.283 5.297 5.312 5.326 5.340 5.354 5.367 5.380 5.392 5.404 5.416 5.429 5.441 5.453 5.465 5.476 5.488 5.499 5.511 5.522 5.533 5.545 5.556 5.567 5.578 5.589 5.600 5.612 5.623 5.633 5.643 5.653 5.663 5.673 5.683 5.693 5.704 5.714 5.724 5.734 5.744 5.754 5.764 5.774 5.784 5.793 5.803 5.813 5.822 5.832 5.842 5.851 5.861 5.869 5.877 5.885 5.894 5.902 5.911 5.920 5.929 5.937 5.946 5.955 5.964 5.973 5.982 5.991 6.000
5.164 5.181 5.198 5.214 5.230 5.246 5.262 5.277 5.292 5.307 5.321 5.336 5.350 5.364 5.377 5.389 5.401 5.413 5.426 5.438 5.450 5.462 5.473 5.485 5.497 5.508 5.519 5.531 5.542 5.553 5.564 5.575 5.586 5.597 5.608 5.619 5.630 5.640 5.650 5.659 5.669 5.679 5.689 5.700 5.710 5.720 5.730 5.740 5.750 5.760 5.770 5.780 5.790 5.799 5.809 5.819 5.828 5.838 5.848 5.857 5.866 5.875 5.883 5.891 5.900 5.908 5.917 5.925 5.934 5.943 5.952 5.960 5.969 5.978 5.987 5.996 6.005
5.174 5.190 5.207 5.223 5.239 5.255 5.271 5.286 5.301 5.316 5.330 5.345 5.359 5.373 5.386 5.398 5.410 5.422 5.435 5.447 5.459 5.471 5.482 5.494 5.505 5.517 5.528 5.539 5.550 5.561 5.572 5.583 5.593 5.604 5.615 5.626 5.637 5.647 5.656 5.666 5.676 5.686 5.696 5.706 5.716 5.726 5.736 5.746 5.756 5.766 5.776 5.786 5.795 5.805 5.815 5.824 5.834 5.844 5.853 5.863 5.872 5.880 5.889 5.897 5.905 5.914 5.922 5.931 5.939 5.948 5.957 5.966 5.974 5.983 5.992 6.001 6.010
5.183 5.200 5.216 5.232 5.248 5.264 5.280 5.295 5.310 5.325 5.339 5.354 5.368 5.382 5.395 5.407 5.419 5.432 5.444 5.456 5.468 5.480 5.491 5.503 5.514 5.526 5.537 5.548 5.559 5.569 5.580 5.591 5.601 5.612 5.623 5.633 5.644 5.654 5.663 5.673 5.682 5.692 5.702 5.712 5.722 5.732 5.742 5.752 5.762 5.771 5.781 5.791 5.801 5.811 5.820 5.830 5.840 5.849 5.859 5.868 5.878 5.886 5.894 5.902 5.911 5.919 5.928 5.936 5.945 5.953 5.962 5.971 5.979 5.988 5.997 6.006 6.015
5.192 5.209 5.225 5.241 5.257 5.273 5.289 5.304 5.319 5.334 5.348 5.363 5.377 5.391 5.404 5.416 5.428 5.441 5.453 5.465 5.477 5.489 5.500 5.512 5.523 5.534 5.545 5.556 5.567 5.578 5.589 5.599 5.610 5.620 5.630 5.641 5.651 5.661 5.670 5.680 5.689 5.699 5.708 5.718 5.728 5.738 5.748 5.758 5.767 5.777 5.787 5.797 5.806 5.816 5.826 5.835 5.845 5.855 5.864 5.874 5.883 5.891 5.899 5.908 5.916 5.924 5.933 5.941 5.950 5.958 5.967 5.976 5.984 5.993 6.002 6.010 6.019
5.201 5.218 5.234 5.250 5.266 5.282 5.297 5.313 5.328 5.342 5.357 5.371 5.386 5.400 5.413 5.425 5.437 5.449 5.462 5.474 5.486 5.498 5.509 5.521 5.532 5.543 5.554 5.565 5.576 5.587 5.597 5.607 5.618 5.628 5.638 5.649 5.659 5.669 5.678 5.687 5.696 5.706 5.715 5.725 5.734 5.744 5.754 5.764 5.773 5.783 5.793 5.802 5.812 5.822 5.831 5.841 5.850 5.860 5.869 5.879 5.888 5.896 5.905 5.913 5.921 5.930 5.938 5.946 5.955 5.963 5.972 5.981 5.989 5.998 6.006 6.015 6.024
5.211 5.227 5.243 5.259 5.275 5.291 5.306 5.321 5.336 5.351 5.366 5.380 5.394 5.408 5.421 5.433 5.446 5.458 5.470 5.483 5.495 5.507 5.518 5.530 5.541 5.552 5.563 5.574 5.585 5.595 5.606 5.616 5.626 5.636 5.647 5.657 5.667 5.677 5.685 5.694 5.704 5.713 5.722 5.732 5.741 5.751 5.760 5.770 5.779 5.789 5.799 5.808 5.818 5.827 5.837 5.846 5.856 5.865 5.875 5.884 5.893 5.902 5.910 5.918 5.926 5.935 5.943 5.951 5.960 5.968 5.977 5.985 5.994 6.002 6.011 6.020 6.028
5.221 5.237 5.253 5.269 5.284 5.300 5.315 5.330 5.345 5.360 5.374 5.389 5.403 5.417 5.430 5.442 5.454 5.467 5.479 5.491 5.503 5.515 5.527 5.538 5.550 5.561 5.572 5.583 5.593 5.604 5.614 5.625 5.635 5.645 5.655 5.665 5.675 5.685 5.693 5.702 5.711 5.720 5.729 5.739 5.748 5.757 5.767 5.776 5.786 5.795 5.804 5.814 5.823 5.833 5.842 5.852 5.861 5.870 5.880 5.890 5.899 5.907 5.915 5.923 5.931 5.940 5.948 5.956 5.965 5.973 5.982 5.990 5.999 6.007 6.016 6.024 6.033
5.230 5.246 5.262 5.278 5.293 5.309 5.324 5.339 5.354 5.368 5.383 5.397 5.411 5.425 5.438 5.450 5.462 5.475 5.487 5.500 5.512 5.524 5.535 5.547 5.558 5.569 5.580 5.591 5.602 5.612 5.623 5.633 5.643 5.653 5.663 5.673 5.683 5.693 5.701 5.710 5.719 5.728 5.737 5.746 5.755 5.764 5.774 5.783 5.792 5.801 5.811 5.820 5.829 5.838 5.848 5.857 5.866 5.876 5.885 5.895 5.904 5.912 5.920 5.928 5.936 5.945 5.953 5.961 5.970 5.978 5.987 5.995 6.003 6.012 6.020 6.029 6.037
5.241 5.257 5.272 5.288 5.303 5.318 5.333 5.348 5.362 5.377 5.391 5.406 5.420 5.433 5.446 5.458 5.471 5.483 5.495 5.508 5.520 5.532 5.544 5.555 5.567 5.578 5.589 5.600 5.610 5.621 5.631 5.642 5.652 5.662 5.672 5.682 5.692 5.701 5.709 5.718 5.727 5.735 5.744 5.753 5.762 5.771 5.780 5.790 5.799 5.808 5.817 5.826 5.835 5.844 5.853 5.863 5.872 5.881 5.890 5.900 5.909 5.917 5.925 5.933 5.941 5.950 5.958 5.966 5.975 5.983 5.991 6.000 6.008 6.016 6.025 6.033 6.041
5.252 5.267 5.282 5.298 5.313 5.328 5.342 5.357 5.371 5.386 5.400 5.414 5.428 5.442 5.454 5.466 5.479 5.491 5.504 5.516 5.528 5.540 5.552 5.563 5.575 5.586 5.597 5.608 5.619 5.629 5.640 5.650 5.660 5.670 5.680 5.690 5.700 5.709 5.718 5.726 5.735 5.743 5.752 5.761 5.770 5.779 5.788 5.797 5.806 5.814 5.823 5.832 5.841 5.850 5.859 5.868 5.878 5.887 5.896 5.905 5.914 5.922 5.930 5.938 5.946 5.954 5.963 5.971 5.979 5.988 5.996 6.004 6.013 6.021 6.029 6.037 6.046
5.263 5.278 5.293 5.308 5.323 5.338 5.352 5.367 5.381 5.395 5.409 5.423 5.437 5.451 5.463 5.475 5.487 5.499 5.512 5.524 5.536 5.548 5.560 5.571 5.583 5.594 5.605 5.616 5.627 5.637 5.648 5.658 5.668 5.678 5.688 5.698 5.708 5.717 5.726 5.734 5.743 5.751 5.760 5.769 5.777 5.786 5.795 5.804 5.813 5.821 5.830 5.839 5.848 5.857 5.865 5.874 5.883 5.892 5.902 5.911 5.919 5.927 5.935 5.943 5.951 5.959 5.968 5.976 5.984 5.992 6.001 6.009 6.017 6.025 6.034 6.042 6.050
5.274 5.290 5.304 5.319 5.334 5.348 5.363 5.377 5.391 5.405 5.419 5.432 5.446 5.459 5.471 5.483 5.495 5.508 5.520 5.532 5.544 5.556 5.568 5.579 5.591 5.602 5.613 5.624 5.635 5.645 5.656 5.666 5.676 5.686 5.697 5.707 5.717 5.725 5.734 5.742 5.751 5.759 5.768 5.777 5.785 5.794 5.803 5.811 5.820 5.828 5.837 5.846 5.854 5.863 5.872 5.881 5.889 5.898 5.907 5.916 5.925 5.933 5.940 5.948 5.956 5.964 5.973 5.981 5.989 5.997 6.005 6.013 6.022 6.030 6.038 6.046 6.054
5.287 5.302 5.316 5.331 5.345 5.359 5.373 5.387 5.401 5.415 5.429 5.442 5.456 5.468 5.480 5.492 5.504 5.516 5.528 5.540 5.552 5.564 5.576 5.587 5.598 5.610 5.621 5.632 5.642 5.653 5.663 5.674 5.684 5.694 5.705 5.715 5.725 5.733 5.742 5.750 5.759 5.767 5.776 5.784 5.793 5.802 5.810 5.819 5.827 5.836 5.844 5.853 5.861 5.870 5.878 5.887 5.896 5.904 5.913 5.922 5.931 5.938 5.946 5.954 5.961 5.969 5.978 5.986 5.994 6.002 6.010 6.018 6.026 6.034 6.042 6.050 6.058
5.299 5.314 5.329 5.343 5.357 5.371 5.385 5.399 5.412 5.426 5.439 5.453 5.466 5.478 5.490 5.501 5.513 5.525 5.537 5.549 5.561 5.572 5.584 5.595 5.606 5.617 5.628 5.639 5.650 5.661 5.671 5.682 5.692 5.702 5.712 5.723 5.733 5.741 5.749 5.758 5.766 5.775 5.784 5.792 5.801 5.809 5.818 5.826 5.835 5.843 5.851 5.860 5.868 5.876 5.885 5.893 5.902 5.911 5.919 5.928 5.936 5.944 5.951 5.959 5.967 5.975 5.983 5.991 5.999 6.007 6.015 6.023 6.031 6.039 6.047 6.055 6.063
5.312 5.327 5.341 5.355 5.369 5.383 5.397 5.410 5.424 5.437 5.450 5.463 5.476 5.488 5.500 5.511 5.523 5.534 5.546 5.558 5.569 5.581 5.592 5.603 5.614 5.625 5.636 5.647 5.658 5.668 5.679 5.689 5.700 5.710 5.720 5.731 5.740 5.748 5.757 5.765 5.774 5.783 5.791 5.800 5.808 5.817 5.825 5.834 5.842 5.850 5.859 5.867 5.875 5.883 5.892 5.900 5.908 5.917 5.926 5.934 5.942 5.950 5.957 5.964 5.972 5.980 5.988 5.996 6.004 6.012 6.020 6.027 6.035 6.043 6.051 6.059 6.067
5.326 5.340 5.354 5.368 5.382 5.396 5.409 5.423 5.436 5.449 5.462 5.475 5.488 5.499 5.510 5.522 5.533 5.544 5.556 5.567 5.579 5.590 5.601 5.612 5.623 5.634 5.645 5.655 5.666 5.676 5.687 5.697 5.707 5.718 5.728 5.738 5.747 5.756 5.764 5.773 5.782 5.790 5.799 5.807 5.816 5.824 5.833 5.841 5.849 5.858 5.866 5.874 5.882 5.890 5.899 5.907 5.915 5.924 5.932 5.941 5.948 5.955 5.963 5.970 5.978 5.985 5.993 6.001 6.009 6.017 6.024 6.032 6.040 6.048 6.056 6.064 6.071
5.339 5.353 5.368 5.382 5.395 5.409 5.422 5.436 5.449 5.462 5.474 5.487 5.499 5.511 5.522 5.533 5.544 5.555 5.566 5.577 5.589 5.599 5.610 5.621 5.632 5.643 5.653 5.664 5.674 5.684 5.695 5.705 5.715 5.725 5.735 5.745 5.755 5.763 5.772 5.780 5.789 5.798 5.806 5.815 5.823 5.832 5.840 5.849 5.857 5.865 5.873 5.881 5.889 5.897 5.906 5.914 5.922 5.930 5.939 5.947 5.954 5.961 5.969 5.976 5.983 5.991 5.999 6.006 6.014 6.022 6.029 6.037 6.045 6.053 6.060 6.068 6.076
5.352 5.367 5.381 5.395 5.409 5.422 5.436 5.449 5.462 5.475 5.487 5.500 5.512 5.523 5.534 5.545 5.556 5.567 5.578 5.588 5.599 5.610 5.620 5.631 5.641 5.652 5.662 5.672 5.683 5.693 5.703 5.713 5.723 5.733 5.743 5.753 5.762 5.771 5.779 5.788 5.796 5.805 5.814 5.822 5.831 5.839 5.848 5.856 5.864 5.872 5.880 5.889 5.897 5.905 5.913 5.921 5.929 5.937 5.946 5.954 5.961 5.968 5.975 5.982 5.989 5.997 6.004 6.012 6.019 6.027 6.035 6.042 6.050 6.058 6.065 6.073 6.080
5.365 5.380 5.394 5.408 5.422 5.436 5.449 5.462 5.475 5.488 5.500 5.513 5.525 5.536 5.547 5.557 5.568 5.579 5.589 5.600 5.611 5.621 5.631 5.642 5.652 5.662 5.672 5.682 5.692 5.702 5.712 5.721 5.731 5.741 5.751 5.761 5.770 5.778 5.787 5.795 5.804 5.812 5.821 5.830 5.838 5.847 5.855 5.863 5.871 5.880 5.888 5.896 5.904 5.912 5.920 5.928 5.936 5.944 5.952 5.960 5.967 5.974 5.981 5.988 5.995 6.002 6.010 6.017 6.025 6.032 6.040 6.047 6.055 6.062 6.070 6.078 6.085
5.378 5.392 5.407 5.421 5.435 5.449 5.462 5.475 5.488 5.501 5.514 5.526 5.538 5.550 5.560 5.571 5.581 5.592 5.602 5.613 5.623 5.633 5.643 5.653 5.663 5.673 5.682 5.692 5.702 5.711 5.721 5.731 5.740 5.750 5.759 5.769 5.778 5.786 5.794 5.803 5.811 5.820 5.828 5.837 5.845 5.854 5.862 5.870 5.879 5.887 5.895 5.903 5.911 5.919 5.927 5.935 5.943 5.951 5.959 5.967 5.973 5.980 5.987 5.994 6.001 6.008 6.016 6.023 6.030 6.038 6.045 6.053 6.060 6.068 6.075 6.082 6.090
5.390 5.405 5.419 5.434 5.448 5.462 5.475 5.489 5.502 5.515 5.527 5.540 5.552 5.563 5.574 5.584 5.595 5.605 5.615 5.626 5.636 5.646 5.656 5.665 5.675 5.684 5.694 5.703 5.713 5.722 5.731 5.740 5.750 5.759 5.768 5.778 5.786 5.794 5.803 5.811 5.819 5.827 5.836 5.844 5.853 5.861 5.869 5.878 5.886 5.894 5.902 5.910 5.918 5.926 5.934 5.942 5.950 5.958 5.966 5.973 5.980 5.987 5.993 6.000 6.007 6.014 6.022 6.029 6.036 6.043 6.051 6.058 6.065 6.073 6.080 6.087 6.095
5.402 5.417 5.431 5.446 5.460 5.474 5.488 5.501 5.515 5.528 5.540 5.553 5.565 5.577 5.587 5.598 5.608 5.619 5.629 5.639 5.649 5.659 5.669 5.678 5.688 5.697 5.706 5.715 5.724 5.733 5.742 5.751 5.760 5.769 5.778 5.787 5.796 5.803 5.811 5.819 5.827 5.835 5.844 5.852 5.860 5.869 5.877 5.885 5.893 5.901 5.909 5.917 5.925 5.933 5.941 5.949 5.956 5.964 5.972 5.980 5.986 5.993 6.000 6.007 6.014 6.021 6.028 6.035 6.042 6.049 6.056 6.064 6.071 6.078 6.085 6.093 6.100
5.413 5.428 5.443 5.457 5.472 5.486 5.500 5.514 5.527 5.540 5.553 5.566 5.579 5.590 5.601 5.611 5.622 5.633 5.643 5.653 5.663 5.673 5.683 5.692 5.701 5.710 5.719 5.728 5.737 5.745 5.754 5.763 5.771 5.780 5.788 5.797 5.805 5.813 5.820 5.828 5.836 5.844 5.852 5.860 5.868 5.876 5.884 5.893 5.901 5.909 5.916 5.924 5.932 5.940 5.948 5.956 5.963 5.971 5.979 5.987 5.993 6.000 6.006 6.013 6.020 6.027 6.034 6.041 6.048 6.055 6.062 6.069 6.076 6.084 6.091 6.098 6.105
5.423 5.439 5.454 5.469 5.483 5.497 5.512 5.525 5.539 5.553 5.566 5.579 5.592 5.603 5.614 5.625 5.636 5.646 5.657 5.667 5.677 5.687 5.697 5.706 5.715 5.724 5.733 5.742 5.750 5.759 5.767 5.775 5.783 5.792 5.800 5.808 5.816 5.823 5.831 5.838 5.845 5.853 5.861 5.869 5.877 5.885 5.892 5.900 5.908 5.916 5.924 5.932 5.939 5.947 5.955 5.963 5.970 5.978 5.986 5.993 6.000 6.006 6.013 6.020 6.026 6.033 6.040 6.047 6.054 6.061 6.068 6.075 6.082 6.089 6.096 6.103 6.110
5.433 5.449 5.464 5.479 5.494 5.508 5.523 5.537 5.551 5.564 5.578 5.591 5.604 5.616 5.627 5.638 5.649 5.660 5.671 5.681 5.691 5.701 5.711 5.721 5.730 5.739 5.747 5.756 5.764 5.773 5.781 5.789 5.797 5.805 5.813 5.821 5.828 5.835 5.842 5.849 5.856 5.863 5.871 5.878 5.886 5.893 5.901 5.909 5.916 5.924 5.932 5.939 5.947 5.955 5.962 5.970 5.977 5.985 5.993 6.000 6.007 6.013 6.019 6.026 6.033 6.039 6.046 6.053 6.060 6.067 6.074 6.081 6.088 6.095 6.102 6.109 6.116
5.443 5.458 5.474 5.489 5.504 5.519 5.533 5.547 5.561 5.575 5.589 5.603 5.616 5.628 5.639 5.650 5.662 5.673 5.684 5.695 5.705 5.715 5.725 5.735 5.744 5.753 5.762 5.771 5.779 5.787 5.795 5.803 5.811 5.818 5.826 5.834 5.841 5.847 5.854 5.860 5.867 5.874 5.881 5.888 5.896 5.903 5.910 5.918 5.925 5.933 5.940 5.947 5.955 5.962 5.970 5.977 5.985 5.992 6.000 6.007 6.013 6.020 6.026 6.033 6.039 6.046 6.053 6.059 6.066 6.073 6.080 6.087 6.094 6.101 6.108 6.114 6.121
5.452 5.467 5.483 5.498 5.513 5.528 5.543 5.557 5.572 5.586 5.600 5.614 5.627 5.639 5.650 5.662 5.674 5.685 5.697 5.708 5.718 5.729 5.739 5.749 5.759 5.768 5.777 5.785 5.794 5.802 5.810 5.818 5.826 5.833 5.841 5.848 5.855 5.861 5.867 5.873 5.880 5.886 5.893 5.900 5.907 5.913 5.920 5.928 5.935 5.942 5.949 5.956 5.963 5.970 5.978 5.985 5.992 6.000 6.007 6.014 6.021 6.027 6.033 6.039 6.046 6.052 6.059 6.066 6.073 6.079 6.086 6.093 6.100 6.106 6.113 6.120 6.127
5.460 5.476 5.492 5.507 5.522 5.537 5.552 5.567 5.581 5.596 5.610 5.624 5.637 5.649 5.661 5.673 5.685 5.697 5.709 5.720 5.731 5.742 5.752 5.763 5.772 5.782 5.791 5.800 5.809 5.817 5.825 5.833 5.841 5.848 5.856 5.863 5.870 5.875 5.881 5.887 5.893 5.899 5.906 5.912 5.918 5.925 5.932 5.938 5.945 5.952 5.959 5.965 5.972 5.979 5.986 5.993 6.000 6.008 6.015 6.022 6.028 6.034 6.040 6.046 6.053 6.059 6.066 6.072 6.079 6.086 6.092 6.099 6.106 6.112 6.119 6.126 6.133
5.468 5.484 5.500 5.516 5.531 5.546 5.561 5.576 5.591 5.605 5.620 5.634 5.647 5.659 5.672 5.684 5.696 5.708 5.720 5.732 5.743 5.754 5.765 5.776 5.786 5.796 5.805 5.814 5.823 5.832 5.840 5.848 5.856 5.864 5.871 5.879 5.885 5.891 5.896 5.902 5.908 5.914 5.919 5.926 5.932 5.938 5.944 5.950 5.956 5.963 5.969 5.976 5.982 5.989 5.996 6.002 6.009 6.016 6.023 6.030 6.036 6.042 6.048 6.054 6.060 6.066 6.073 6.079 6.086 6.092 6.099 6.105 6.112 6.119 6.125 6.132 6.138
5.476 5.493 5.508 5.524 5.540 5.555 5.570 5.585 5.599 5.614 5.629 5.643 5.656 5.669 5.681 5.694 5.706 5.719 5.731 5.743 5.754 5.766 5.777 5.788 5.798 5.809 5.818 5.828 5.837 5.846 5.855 5.863 5.871 5.879 5.887 5.894 5.901 5.906 5.912 5.917 5.923 5.929 5.934 5.940 5.946 5.952 5.957 5.963 5.969 5.975 5.981 5.987 5.993 5.999 6.006 6.012 6.019 6.026 6.032 6.039 6.044 6.050 6.056 6.061 6.067 6.074 6.080 6.086 6.092 6.099 6.105 6.112 6.118 6.125 6.131 6.138 6.144
5.484 5.500 5.516 5.532 5.548 5.563 5.578 5.593 5.608 5.623 5.637 5.652 5.665 5.678 5.690 5.703 5.716 5.728 5.741 5.753 5.765 5.777 5.788 5.799 5.810 5.821 5.831 5.841 5.851 5.860 5.869 5.878 5.886 5.894 5.902 5.910 5.916 5.922 5.928 5.933 5.939 5.944 5.950 5.955 5.961 5.966 5.972 5.977 5.983 5.988 5.994 5.999 6.005 6.011 6.017 6.023 6.029 6.036 6.042 6.048 6.053 6.059 6.064 6.070 6.075 6.081 6.087 6.094 6.100 6.106 6.112 6.119 6.125 6.131 6.138 6.144 6.151
5.492 5.508 5.524 5.540 5.556 5.571 5.586 5.601 5.616 5.631 5.645 5.660 5.674 5.686 5.699 5.712 5.725 5.738 5.750 5.763 5.775 5.787 5.799 5.810 5.821 5.832 5.843 5.853 5.863 5.873 5.882 5.891 5.900 5.909 5.918 5.925 5.932 5.938 5.944 5.949 5.955 5.961 5.966 5.971 5.977 5.982 5.987 5.992 5.998 6.003 6.008 6.013 6.018 6.024 6.029 6.035 6.041 6.047 6.053 6.058 6.063 6.068 6.073 6.079 6.084 6.090 6.096 6.101 6.107 6.113 6.120 6.126 6.132 6.138 6.144 6.151 6.157
