version1/TsunamiDB/out54029.asc
ncols          264
nrows          230
xllcorner      497853.4375
yllcorner      4229146.0000
cellsize         5.
NODATA_value   -99
[rows 128 to 159 of 230, columns 142 to 212 of 264]
5.008 5.055 5.101 5.146 5.191 5.233 5.275 5.317 5.359 5.399 5.438 5.476 5.513 5.548 5.582 5.614 5.644 5.672 5.698 5.722 5.744 5.766 5.785 5.805 5.824 5.843 5.862 5.881 5.901 5.920 5.941 5.963 5.984 6.005 6.027 6.048 6.070 6.093 6.119 6.148 6.181 6.219 6.261 6.309 6.362 6.420 6.479 6.541 6.604 6.665 6.725 6.782 6.839 6.898 6.963 7.033 7.106 7.185 7.269 7.357 7.449 7.546 7.647 7.742 7.822 7.873 7.937 8.032 8.124 8.209 8.288
5.025 5.072 5.118 5.163 5.207 5.250 5.292 5.335 5.376 5.417 5.457 5.496 5.534 5.570 5.605 5.638 5.669 5.698 5.725 5.750 5.773 5.794 5.813 5.831 5.848 5.866 5.883 5.901 5.919 5.938 5.959 5.982 6.004 6.027 6.051 6.074 6.097 6.121 6.147 6.175 6.207 6.243 6.283 6.329 6.381 6.438 6.499 6.561 6.626 6.690 6.752 6.813 6.874 6.939 7.007 7.080 7.158 7.243 7.332 7.423 7.518 7.616 7.715 7.808 7.885 7.934 7.995 8.090 8.181 8.266 8.347
5.042 5.088 5.133 5.178 5.223 5.266 5.308 5.351 5.393 5.434 5.474 5.514 5.553 5.590 5.626 5.661 5.694 5.724 5.752 5.778 5.802 5.823 5.841 5.859 5.875 5.890 5.906 5.922 5.939 5.957 5.977 6.000 6.023 6.048 6.073 6.098 6.123 6.149 6.175 6.203 6.233 6.268 6.306 6.351 6.401 6.458 6.518 6.581 6.647 6.714 6.780 6.845 6.912 6.981 7.054 7.130 7.212 7.301 7.394 7.488 7.583 7.680 7.777 7.868 7.945 7.992 8.052 8.146 8.236 8.322 8.403
5.057 5.103 5.148 5.193 5.237 5.280 5.322 5.365 5.407 5.449 5.490 5.531 5.570 5.609 5.646 5.682 5.716 5.749 5.778 5.805 5.830 5.852 5.871 5.888 5.903 5.917 5.931 5.945 5.960 5.976 5.996 6.018 6.042 6.068 6.094 6.121 6.148 6.175 6.202 6.231 6.261 6.294 6.331 6.373 6.422 6.478 6.537 6.601 6.669 6.739 6.809 6.879 6.951 7.025 7.101 7.180 7.265 7.358 7.454 7.550 7.643 7.737 7.833 7.924 8.003 8.049 8.106 8.200 8.291 8.376 8.454
5.072 5.117 5.162 5.206 5.250 5.293 5.335 5.378 5.421 5.463 5.504 5.545 5.586 5.626 5.664 5.702 5.737 5.771 5.803 5.832 5.857 5.880 5.900 5.918 5.932 5.946 5.958 5.971 5.983 5.999 6.017 6.038 6.062 6.088 6.115 6.144 6.173 6.201 6.230 6.258 6.289 6.321 6.356 6.396 6.444 6.499 6.558 6.621 6.691 6.765 6.839 6.914 6.991 7.069 7.148 7.228 7.315 7.413 7.511 7.605 7.697 7.789 7.883 7.977 8.058 8.103 8.159 8.253 8.343 8.425 8.500
5.086 5.131 5.175 5.219 5.263 5.305 5.347 5.390 5.432 5.475 5.517 5.559 5.600 5.641 5.680 5.719 5.756 5.792 5.825 5.856 5.884 5.908 5.930 5.948 5.963 5.976 5.988 5.999 6.010 6.024 6.040 6.060 6.083 6.109 6.137 6.166 6.196 6.226 6.256 6.286 6.316 6.348 6.382 6.421 6.467 6.521 6.580 6.644 6.716 6.792 6.870 6.950 7.032 7.113 7.194 7.274 7.363 7.463 7.561 7.655 7.745 7.836 7.931 8.026 8.111 8.155 8.210 8.304 8.389 8.468 8.539
5.099 5.144 5.188 5.231 5.274 5.316 5.358 5.401 5.443 5.486 5.528 5.570 5.612 5.654 5.695 5.734 5.773 5.810 5.845 5.878 5.908 5.934 5.958 5.977 5.994 6.008 6.020 6.030 6.040 6.052 6.067 6.085 6.107 6.132 6.159 6.189 6.220 6.251 6.282 6.313 6.343 6.375 6.409 6.447 6.492 6.545 6.604 6.668 6.741 6.819 6.901 6.985 7.069 7.152 7.234 7.315 7.404 7.505 7.605 7.699 7.789 7.880 7.974 8.071 8.159 8.204 8.258 8.348 8.430 8.505 8.571
5.111 5.156 5.199 5.242 5.285 5.327 5.369 5.411 5.453 5.496 5.538 5.581 5.623 5.665 5.707 5.748 5.788 5.827 5.863 5.898 5.930 5.959 5.984 6.006 6.024 6.039 6.052 6.062 6.072 6.084 6.098 6.115 6.134 6.158 6.184 6.213 6.244 6.276 6.308 6.340 6.371 6.403 6.437 6.474 6.518 6.571 6.629 6.693 6.766 6.846 6.931 7.018 7.105 7.190 7.274 7.352 7.441 7.543 7.645 7.740 7.831 7.922 8.016 8.116 8.211 8.255 8.305 8.392 8.470 8.539 8.599
5.122 5.166 5.210 5.253 5.295 5.337 5.378 5.420 5.463 5.505 5.547 5.590 5.633 5.675 5.718 5.760 5.801 5.841 5.879 5.916 5.950 5.981 6.008 6.033 6.053 6.071 6.085 6.097 6.107 6.119 6.132 6.148 6.166 6.187 6.212 6.240 6.271 6.303 6.335 6.367 6.399 6.432 6.465 6.501 6.546 6.600 6.657 6.720 6.794 6.875 6.961 7.050 7.139 7.227 7.310 7.386 7.474 7.578 7.681 7.778 7.872 7.964 8.059 8.169 8.266 8.304 8.349 8.432 8.505 8.568 8.623
5.132 5.176 5.220 5.263 5.304 5.345 5.387 5.429 5.471 5.513 5.556 5.598 5.641 5.684 5.728 5.770 5.812 5.854 5.893 5.931 5.967 6.000 6.030 6.057 6.081 6.101 6.118 6.132 6.144 6.157 6.170 6.185 6.202 6.221 6.244 6.271 6.300 6.331 6.363 6.396 6.428 6.461 6.494 6.531 6.577 6.631 6.688 6.751 6.824 6.905 6.992 7.082 7.173 7.262 7.344 7.418 7.505 7.612 7.717 7.818 7.915 8.012 8.116 8.225 8.313 8.348 8.390 8.467 8.534 8.591 8.640
5.140 5.185 5.228 5.271 5.312 5.354 5.395 5.437 5.479 5.521 5.563 5.606 5.649 5.693 5.736 5.779 5.822 5.864 5.905 5.945 5.982 6.018 6.050 6.080 6.106 6.129 6.149 6.166 6.181 6.195 6.210 6.225 6.241 6.259 6.281 6.305 6.332 6.362 6.394 6.426 6.459 6.491 6.526 6.565 6.611 6.666 6.722 6.784 6.857 6.937 7.023 7.113 7.206 7.295 7.377 7.449 7.536 7.646 7.756 7.861 7.962 8.067 8.174 8.275 8.356 8.387 8.425 8.495 8.557 8.608 8.650
5.148 5.192 5.235 5.278 5.319 5.361 5.402 5.444 5.486 5.528 5.570 5.613 5.656 5.700 5.743 5.787 5.831 5.874 5.916 5.956 5.995 6.033 6.067 6.100 6.129 6.155 6.179 6.199 6.217 6.234 6.251 6.267 6.284 6.301 6.321 6.343 6.368 6.396 6.427 6.459 6.492 6.525 6.561 6.601 6.647 6.702 6.759 6.820 6.892 6.970 7.055 7.144 7.237 7.328 7.411 7.482 7.570 7.686 7.799 7.908 8.015 8.122 8.226 8.321 8.394 8.421 8.455 8.519 8.574 8.620 8.654
5.154 5.198 5.241 5.284 5.325 5.367 5.408 5.450 5.492 5.534 5.576 5.619 5.662 5.706 5.750 5.794 5.838 5.881 5.924 5.966 6.006 6.045 6.082 6.117 6.149 6.179 6.207 6.230 6.252 6.272 6.292 6.310 6.328 6.346 6.365 6.385 6.408 6.435 6.464 6.495 6.528 6.563 6.599 6.639 6.687 6.742 6.799 6.859 6.929 7.005 7.088 7.176 7.270 7.362 7.449 7.521 7.610 7.729 7.845 7.959 8.068 8.174 8.274 8.361 8.428 8.452 8.480 8.538 8.586 8.625 8.651
5.159 5.203 5.246 5.289 5.330 5.371 5.413 5.455 5.497 5.539 5.581 5.624 5.667 5.711 5.755 5.799 5.843 5.887 5.931 5.974 6.015 6.056 6.095 6.132 6.168 6.201 6.232 6.259 6.285 6.309 6.332 6.353 6.373 6.392 6.411 6.431 6.453 6.477 6.505 6.536 6.569 6.604 6.641 6.681 6.728 6.784 6.840 6.900 6.968 7.043 7.122 7.209 7.304 7.401 7.492 7.564 7.653 7.776 7.896 8.012 8.119 8.221 8.316 8.397 8.459 8.478 8.501 8.551 8.593 8.624 8.644
5.164 5.207 5.250 5.292 5.334 5.375 5.417 5.459 5.500 5.542 5.585 5.627 5.670 5.714 5.758 5.802 5.847 5.891 5.936 5.979 6.023 6.065 6.106 6.145 6.184 6.220 6.255 6.286 6.315 6.343 6.370 6.395 6.417 6.439 6.459 6.480 6.501 6.524 6.551 6.581 6.614 6.648 6.685 6.725 6.771 6.827 6.883 6.942 7.009 7.082 7.159 7.246 7.344 7.446 7.540 7.611 7.702 7.828 7.949 8.062 8.166 8.264 8.353 8.429 8.485 8.501 8.519 8.562 8.595 8.619 8.632
5.170 5.212 5.254 5.296 5.336 5.378 5.419 5.461 5.503 5.545 5.587 5.630 5.673 5.716 5.760 5.805 5.849 5.894 5.939 5.984 6.028 6.071 6.114 6.156 6.197 6.237 6.275 6.310 6.343 6.375 6.406 6.434 6.461 6.485 6.508 6.531 6.552 6.575 6.601 6.630 6.662 6.696 6.732 6.771 6.816 6.871 6.928 6.987 7.054 7.125 7.202 7.290 7.390 7.496 7.595 7.664 7.754 7.881 7.999 8.108 8.209 8.302 8.385 8.455 8.506 8.518 8.531 8.566 8.592 8.608 8.613
5.175 5.216 5.257 5.299 5.339 5.380 5.421 5.463 5.505 5.547 5.589 5.631 5.674 5.717 5.761 5.805 5.850 5.895 5.941 5.986 6.031 6.076 6.121 6.166 6.209 6.252 6.293 6.332 6.369 6.405 6.439 6.471 6.502 6.530 6.557 6.582 6.605 6.629 6.654 6.682 6.713 6.747 6.781 6.819 6.863 6.918 6.974 7.034 7.102 7.174 7.251 7.339 7.441 7.548 7.650 7.719 7.806 7.930 8.044 8.151 8.246 8.334 8.413 8.477 8.525 8.532 8.539 8.567 8.584 8.591 8.587
5.182 5.221 5.261 5.302 5.341 5.382 5.423 5.464 5.506 5.547 5.589 5.631 5.674 5.717 5.761 5.805 5.850 5.895 5.941 5.987 6.033 6.080 6.127 6.173 6.219 6.265 6.310 6.352 6.392 6.432 6.469 6.505 6.540 6.572 6.603 6.632 6.658 6.683 6.709 6.736 6.767 6.800 6.834 6.870 6.912 6.966 7.024 7.085 7.154 7.227 7.305 7.394 7.495 7.606 7.713 7.778 7.859 7.979 8.090 8.191 8.282 8.366 8.439 8.498 8.540 8.543 8.544 8.563 8.571 8.567 8.552
5.190 5.228 5.266 5.305 5.344 5.383 5.424 5.465 5.506 5.547 5.589 5.630 5.673 5.715 5.759 5.803 5.848 5.893 5.940 5.986 6.034 6.082 6.130 6.179 6.227 6.276 6.323 6.369 6.413 6.456 6.497 6.536 6.574 6.611 6.646 6.680 6.710 6.738 6.765 6.792 6.823 6.854 6.887 6.921 6.964 7.018 7.076 7.139 7.210 7.286 7.367 7.457 7.558 7.677 7.784 7.838 7.912 8.027 8.133 8.229 8.315 8.393 8.460 8.515 8.552 8.550 8.544 8.554 8.551 8.535 8.506
5.199 5.235 5.272 5.309 5.347 5.385 5.425 5.465 5.506 5.546 5.587 5.629 5.671 5.713 5.756 5.800 5.845 5.891 5.937 5.985 6.033 6.082 6.132 6.183 6.234 6.285 6.335 6.384 6.431 6.476 6.521 6.563 6.605 6.647 6.688 6.726 6.760 6.791 6.820 6.849 6.879 6.909 6.941 6.977 7.021 7.075 7.134 7.201 7.275 7.354 7.437 7.531 7.639 7.754 7.847 7.895 7.962 8.071 8.171 8.262 8.343 8.416 8.478 8.526 8.558 8.551 8.537 8.537 8.522 8.492 8.447
5.210 5.244 5.279 5.315 5.351 5.388 5.426 5.465 5.505 5.545 5.585 5.626 5.668 5.710 5.752 5.796 5.841 5.887 5.934 5.982 6.031 6.082 6.133 6.186 6.238 6.292 6.344 6.396 6.446 6.495 6.542 6.588 6.634 6.680 6.726 6.769 6.808 6.842 6.875 6.905 6.935 6.966 6.999 7.038 7.085 7.138 7.199 7.270 7.349 7.430 7.517 7.615 7.721 7.824 7.907 7.948 8.008 8.110 8.205 8.291 8.367 8.434 8.491 8.533 8.559 8.545 8.523 8.511 8.482 8.435 8.370
5.223 5.254 5.287 5.321 5.355 5.390 5.427 5.465 5.504 5.543 5.583 5.623 5.664 5.705 5.748 5.791 5.836 5.882 5.930 5.978 6.029 6.080 6.133 6.187 6.241 6.297 6.352 6.406 6.458 6.510 6.561 6.610 6.661 6.712 6.761 6.809 6.852 6.891 6.927 6.960 6.991 7.025 7.062 7.105 7.153 7.208 7.270 7.347 7.430 7.513 7.603 7.699 7.798 7.890 7.964 7.997 8.051 8.146 8.236 8.316 8.387 8.448 8.498 8.535 8.553 8.531 8.499 8.473 8.427 8.362 8.274
5.238 5.267 5.297 5.329 5.360 5.393 5.429 5.465 5.502 5.540 5.579 5.618 5.659 5.700 5.742 5.786 5.831 5.877 5.925 5.974 6.025 6.077 6.131 6.187 6.243 6.300 6.357 6.413 6.469 6.524 6.578 6.632 6.686 6.740 6.794 6.846 6.894 6.938 6.978 7.014 7.050 7.087 7.129 7.176 7.228 7.284 7.349 7.430 7.515 7.602 7.689 7.778 7.868 7.951 8.018 8.045 8.091 8.179 8.262 8.337 8.401 8.456 8.500 8.529 8.539 8.509 8.464 8.422 8.359 8.272 8.161
5.256 5.283 5.310 5.339 5.367 5.398 5.430 5.464 5.500 5.536 5.574 5.613 5.653 5.694 5.736 5.780 5.825 5.871 5.919 5.969 6.021 6.074 6.129 6.185 6.243 6.302 6.362 6.420 6.478 6.537 6.595 6.652 6.710 6.767 6.824 6.880 6.932 6.982 7.027 7.069 7.110 7.153 7.199 7.252 7.309 7.365 7.431 7.514 7.602 7.688 7.769 7.851 7.932 8.008 8.069 8.090 8.128 8.208 8.285 8.353 8.410 8.459 8.496 8.517 8.517 8.475 8.417 8.358 8.275 8.167 8.036
5.277 5.302 5.326 5.351 5.377 5.404 5.433 5.465 5.498 5.532 5.569 5.607 5.646 5.687 5.729 5.773 5.818 5.865 5.914 5.964 6.016 6.070 6.126 6.183 6.243 6.304 6.365 6.425 6.487 6.549 6.610 6.671 6.732 6.793 6.852 6.912 6.969 7.024 7.076 7.124 7.171 7.220 7.273 7.332 7.392 7.447 7.513 7.599 7.687 7.767 7.843 7.917 7.990 8.061 8.118 8.133 8.163 8.236 8.304 8.364 8.415 8.456 8.485 8.496 8.485 8.431 8.358 8.280 8.177 8.051 7.906
5.301 5.324 5.346 5.368 5.389 5.413 5.438 5.466 5.496 5.529 5.563 5.600 5.639 5.679 5.722 5.766 5.811 5.859 5.908 5.959 6.011 6.066 6.122 6.181 6.242 6.305 6.367 6.430 6.496 6.561 6.625 6.690 6.753 6.816 6.878 6.941 7.004 7.065 7.124 7.179 7.233 7.289 7.348 7.412 7.475 7.528 7.593 7.678 7.762 7.838 7.908 7.975 8.043 8.109 8.163 8.174 8.196 8.260 8.319 8.370 8.411 8.444 8.465 8.466 8.441 8.374 8.284 8.187 8.067 7.927 7.774
5.328 5.350 5.369 5.387 5.405 5.425 5.447 5.470 5.497 5.526 5.558 5.593 5.631 5.671 5.714 5.758 5.804 5.852 5.902 5.953 6.006 6.062 6.119 6.179 6.241 6.306 6.371 6.436 6.504 6.572 6.640 6.707 6.774 6.839 6.904 6.970 7.037 7.105 7.172 7.234 7.295 7.357 7.421 7.488 7.554 7.605 7.666 7.748 7.828 7.901 7.966 8.029 8.091 8.153 8.206 8.212 8.226 8.281 8.329 8.369 8.401 8.426 8.437 8.427 8.389 8.306 8.199 8.086 7.952 7.804 7.651
5.357 5.378 5.396 5.412 5.426 5.442 5.459 5.478 5.500 5.525 5.555 5.588 5.624 5.664 5.706 5.750 5.797 5.845 5.896 5.948 6.002 6.058 6.116 6.176 6.240 6.307 6.374 6.441 6.512 6.583 6.654 6.725 6.794 6.861 6.929 6.998 7.071 7.145 7.219 7.288 7.356 7.425 7.493 7.564 7.633 7.679 7.733 7.812 7.888 7.957 8.019 8.078 8.136 8.196 8.250 8.251 8.256 8.300 8.337 8.366 8.387 8.402 8.403 8.381 8.327 8.228 8.105 7.978 7.835 7.685 7.541
5.388 5.408 5.426 5.440 5.452 5.464 5.477 5.491 5.508 5.529 5.554 5.584 5.619 5.657 5.699 5.743 5.790 5.839 5.890 5.943 5.998 6.054 6.113 6.174 6.240 6.309 6.378 6.448 6.521 6.595 6.669 6.743 6.814 6.884 6.954 7.028 7.105 7.186 7.266 7.343 7.419 7.492 7.565 7.643 7.710 7.747 7.794 7.868 7.940 8.005 8.066 8.123 8.177 8.243 8.296 8.288 8.284 8.316 8.341 8.357 8.368 8.372 8.362 8.324 8.253 8.140 8.004 7.866 7.719 7.576 7.448
5.418 5.440 5.458 5.471 5.482 5.492 5.500 5.510 5.522 5.537 5.558 5.584 5.616 5.653 5.693 5.738 5.785 5.834 5.885 5.939 5.994 6.051 6.111 6.174 6.241 6.312 6.383 6.456 6.532 6.608 6.685 6.760 6.834 6.908 6.983 7.060 7.141 7.229 7.317 7.401 7.482 7.563 7.642 7.719 7.776 7.806 7.847 7.916 7.985 8.049 8.109 8.167 8.227 8.291 8.334 8.320 8.308 8.328 8.340 8.345 8.343 8.334 8.309 8.255 8.173 8.046 7.897 7.753 7.611 7.482 7.377
5.449 5.471 5.491 5.505 5.515 5.523 5.529 5.535 5.542 5.552 5.568 5.590 5.618 5.652 5.691 5.734 5.781 5.830 5.882 5.936 5.992 6.050 6.111 6.175 6.244 6.317 6.389 6.464 6.542 6.621 6.700 6.778 6.857 6.936 7.015 7.094 7.180 7.275 7.370 7.460 7.548 7.634 7.714 7.784 7.834 7.857 7.893 7.958 8.026 8.090 8.151 8.213 8.276 8.332 8.366 8.347 8.327 8.334 8.333 8.325 8.311 8.287 8.246 8.180 8.086 7.947 7.789 7.647 7.518 7.410 7.331
5.477 5.502 5.523 5.539 5.550 5.558 5.562 5.565 5.568 5.574 5.584 5.601 5.625 5.655 5.691 5.733 5.779 5.828 5.880 5.934 5.991 6.050 6.112 6.177 6.247 6.321 6.396 6.473 6.553 6.634 6.716 6.798 6.882 6.967 7.049 7.131 7.221 7.324 7.424 7.519 7.612 7.699 7.776 7.840 7.883 7.902 7.933 7.997 8.063 8.128 8.192 8.256 8.317 8.366 8.392 8.368 8.341 8.336 8.321 8.300 8.271 8.231 8.176 8.098 7.993 7.844 7.685 7.554 7.443 7.360 7.310
