version1/TsunamiDB/out54087.asc
ncols          264
nrows          230
xllcorner      497853.4375
yllcorner      4229146.0000
cellsize         5.
NODATA_value   -99
[rows 68 to 101 of 230, columns 154 to 230 of 264]
6.491 6.504 6.516 6.528 6.539 6.549 6.558 6.567 6.575 6.582 6.588 6.594 6.599 6.605 6.610 6.615 6.620 6.626 6.633 6.639 6.645 6.651 6.659 6.666 6.674 6.683 6.691 6.699 6.708 6.716 6.724 6.732 6.741 6.749 6.758 6.766 6.775 6.785 6.795 6.805 6.815 6.826 6.836 6.846 6.856 6.867 6.878 6.889 6.900 6.912 6.924 6.936 6.949 6.962 6.975 6.988 7.002 7.015 7.029 7.043 7.058 7.073 7.089 7.105 7.122 7.140 7.157 7.174 7.190 7.203 7.211 7.213 7.217 7.230 7.249 7.272 7.309
6.495 6.509 6.522 6.534 6.546 6.556 6.567 6.576 6.585 6.592 6.599 6.606 6.612 6.618 6.623 6.629 6.634 6.640 6.647 6.653 6.659 6.665 6.673 6.680 6.689 6.697 6.706 6.714 6.723 6.732 6.740 6.749 6.757 6.766 6.775 6.784 6.793 6.802 6.812 6.822 6.833 6.844 6.854 6.864 6.875 6.885 6.897 6.908 6.920 6.932 6.944 6.956 6.969 6.982 6.996 7.009 7.023 7.037 7.051 7.065 7.080 7.095 7.111 7.128 7.145 7.163 7.180 7.197 7.214 7.227 7.235 7.237 7.241 7.254 7.272 7.296 7.333
6.500 6.514 6.527 6.540 6.553 6.564 6.575 6.585 6.594 6.603 6.611 6.618 6.625 6.631 6.637 6.643 6.648 6.654 6.661 6.667 6.673 6.679 6.687 6.695 6.703 6.712 6.720 6.729 6.738 6.748 6.756 6.765 6.774 6.783 6.792 6.801 6.811 6.820 6.830 6.840 6.851 6.862 6.873 6.883 6.894 6.905 6.916 6.927 6.939 6.952 6.964 6.977 6.990 7.003 7.017 7.031 7.045 7.059 7.073 7.088 7.103 7.118 7.134 7.151 7.168 7.186 7.203 7.220 7.237 7.251 7.259 7.262 7.266 7.279 7.297 7.321 7.357
6.505 6.519 6.533 6.547 6.560 6.572 6.583 6.594 6.604 6.613 6.622 6.630 6.637 6.644 6.650 6.657 6.663 6.669 6.675 6.682 6.687 6.694 6.701 6.709 6.717 6.726 6.735 6.745 6.754 6.763 6.773 6.782 6.791 6.800 6.810 6.819 6.829 6.839 6.849 6.859 6.870 6.881 6.892 6.903 6.913 6.924 6.936 6.947 6.960 6.972 6.985 6.998 7.011 7.024 7.038 7.052 7.066 7.081 7.095 7.110 7.125 7.140 7.156 7.173 7.191 7.208 7.226 7.243 7.260 7.274 7.283 7.286 7.290 7.304 7.322 7.345 7.382
6.510 6.525 6.539 6.553 6.567 6.579 6.591 6.603 6.614 6.624 6.633 6.642 6.650 6.657 6.664 6.670 6.677 6.683 6.690 6.696 6.702 6.709 6.716 6.724 6.732 6.741 6.750 6.760 6.769 6.779 6.789 6.799 6.808 6.818 6.828 6.837 6.847 6.857 6.868 6.878 6.889 6.901 6.912 6.922 6.933 6.944 6.956 6.968 6.980 6.993 7.006 7.019 7.032 7.046 7.060 7.074 7.088 7.103 7.117 7.132 7.147 7.162 7.178 7.195 7.213 7.230 7.248 7.265 7.283 7.298 7.307 7.310 7.314 7.328 7.347 7.370 7.407
6.516 6.531 6.545 6.560 6.574 6.587 6.600 6.612 6.623 6.634 6.644 6.653 6.662 6.670 6.677 6.684 6.691 6.698 6.705 6.711 6.717 6.723 6.731 6.738 6.747 6.756 6.765 6.775 6.785 6.795 6.805 6.815 6.825 6.835 6.845 6.855 6.866 6.876 6.887 6.898 6.909 6.921 6.932 6.942 6.954 6.965 6.977 6.989 7.001 7.014 7.027 7.040 7.054 7.067 7.081 7.096 7.110 7.125 7.139 7.154 7.169 7.184 7.200 7.217 7.234 7.252 7.269 7.287 7.305 7.320 7.329 7.333 7.337 7.352 7.372 7.395 7.431
6.521 6.537 6.552 6.566 6.581 6.594 6.608 6.620 6.632 6.644 6.654 6.664 6.674 6.682 6.690 6.698 6.705 6.713 6.720 6.726 6.732 6.739 6.746 6.753 6.762 6.771 6.780 6.790 6.800 6.811 6.821 6.832 6.842 6.853 6.863 6.874 6.884 6.895 6.906 6.917 6.929 6.941 6.952 6.963 6.974 6.986 6.998 7.010 7.022 7.035 7.048 7.062 7.075 7.089 7.103 7.118 7.132 7.147 7.161 7.176 7.191 7.206 7.222 7.239 7.256 7.273 7.291 7.309 7.327 7.342 7.352 7.356 7.361 7.376 7.396 7.420 7.455
6.527 6.543 6.558 6.573 6.588 6.602 6.615 6.629 6.641 6.653 6.665 6.675 6.685 6.695 6.703 6.712 6.719 6.727 6.734 6.741 6.747 6.754 6.761 6.768 6.777 6.786 6.795 6.805 6.816 6.826 6.837 6.848 6.859 6.870 6.881 6.892 6.903 6.914 6.925 6.937 6.949 6.961 6.972 6.983 6.995 7.007 7.019 7.031 7.044 7.057 7.070 7.083 7.097 7.111 7.125 7.140 7.154 7.169 7.183 7.198 7.212 7.228 7.243 7.260 7.277 7.294 7.312 7.330 7.348 7.364 7.374 7.378 7.383 7.399 7.420 7.443 7.479
6.533 6.549 6.564 6.580 6.595 6.609 6.623 6.637 6.650 6.663 6.674 6.686 6.696 6.706 6.716 6.725 6.733 6.741 6.749 6.756 6.762 6.769 6.776 6.784 6.792 6.801 6.810 6.820 6.831 6.842 6.853 6.864 6.875 6.887 6.898 6.909 6.921 6.932 6.944 6.956 6.968 6.981 6.993 7.004 7.016 7.028 7.040 7.053 7.066 7.079 7.092 7.105 7.119 7.133 7.147 7.162 7.176 7.191 7.205 7.220 7.234 7.249 7.264 7.281 7.297 7.314 7.332 7.351 7.369 7.384 7.395 7.399 7.404 7.422 7.443 7.466 7.502
6.539 6.555 6.571 6.586 6.602 6.616 6.631 6.645 6.659 6.672 6.684 6.696 6.707 6.718 6.728 6.737 6.746 6.755 6.763 6.771 6.777 6.784 6.791 6.799 6.807 6.816 6.825 6.836 6.846 6.857 6.868 6.880 6.891 6.903 6.915 6.927 6.939 6.951 6.963 6.975 6.988 7.001 7.013 7.024 7.036 7.049 7.061 7.074 7.087 7.100 7.114 7.127 7.141 7.155 7.170 7.184 7.198 7.213 7.227 7.242 7.256 7.270 7.285 7.301 7.318 7.335 7.353 7.371 7.389 7.404 7.414 7.419 7.426 7.445 7.466 7.490 7.526
6.545 6.561 6.577 6.593 6.608 6.624 6.638 6.653 6.667 6.680 6.693 6.706 6.718 6.729 6.740 6.750 6.759 6.769 6.777 6.785 6.792 6.799 6.806 6.814 6.822 6.831 6.840 6.851 6.861 6.872 6.884 6.895 6.907 6.919 6.932 6.944 6.956 6.969 6.981 6.994 7.008 7.020 7.032 7.045 7.057 7.070 7.083 7.096 7.109 7.122 7.136 7.150 7.163 7.178 7.192 7.206 7.221 7.235 7.250 7.264 7.278 7.292 7.306 7.322 7.338 7.354 7.372 7.390 7.408 7.422 7.432 7.439 7.448 7.468 7.490 7.515 7.552
6.552 6.568 6.584 6.600 6.615 6.631 6.646 6.661 6.675 6.689 6.702 6.715 6.728 6.740 6.751 6.762 6.772 6.781 6.791 6.799 6.806 6.813 6.821 6.829 6.837 6.846 6.855 6.865 6.876 6.887 6.899 6.911 6.923 6.935 6.948 6.961 6.973 6.986 6.999 7.013 7.026 7.040 7.052 7.065 7.077 7.090 7.103 7.117 7.130 7.144 7.158 7.171 7.186 7.200 7.214 7.229 7.243 7.257 7.272 7.286 7.299 7.313 7.327 7.342 7.358 7.374 7.391 7.409 7.426 7.440 7.451 7.459 7.470 7.491 7.515 7.543 7.581
6.558 6.574 6.591 6.607 6.622 6.638 6.653 6.668 6.683 6.697 6.711 6.724 6.737 6.750 6.761 6.773 6.784 6.794 6.804 6.812 6.819 6.827 6.835 6.843 6.852 6.860 6.870 6.880 6.891 6.902 6.914 6.926 6.938 6.951 6.964 6.977 6.990 7.003 7.017 7.031 7.045 7.058 7.071 7.084 7.097 7.110 7.124 7.138 7.151 7.165 7.179 7.193 7.207 7.222 7.236 7.251 7.265 7.280 7.294 7.308 7.321 7.334 7.348 7.362 7.377 7.392 7.409 7.426 7.442 7.457 7.469 7.479 7.493 7.516 7.543 7.573 7.613
6.565 6.581 6.597 6.614 6.630 6.645 6.661 6.676 6.691 6.705 6.720 6.733 6.747 6.759 6.772 6.784 6.795 6.806 6.816 6.825 6.833 6.841 6.849 6.857 6.866 6.875 6.884 6.894 6.905 6.916 6.928 6.940 6.953 6.966 6.979 6.993 7.006 7.020 7.034 7.048 7.062 7.076 7.089 7.103 7.116 7.130 7.144 7.158 7.172 7.186 7.200 7.215 7.229 7.243 7.258 7.273 7.287 7.302 7.316 7.330 7.343 7.356 7.368 7.382 7.396 7.410 7.426 7.442 7.459 7.475 7.488 7.501 7.517 7.543 7.572 7.604 7.648
6.572 6.588 6.604 6.621 6.637 6.653 6.668 6.684 6.699 6.713 6.728 6.742 6.756 6.769 6.782 6.794 6.806 6.817 6.828 6.837 6.845 6.854 6.862 6.871 6.880 6.889 6.898 6.908 6.919 6.930 6.942 6.955 6.967 6.980 6.994 7.008 7.022 7.036 7.050 7.064 7.079 7.094 7.107 7.121 7.135 7.149 7.163 7.177 7.192 7.206 7.221 7.235 7.250 7.265 7.280 7.294 7.309 7.324 7.338 7.352 7.365 7.377 7.388 7.401 7.414 7.427 7.442 7.458 7.475 7.492 7.508 7.523 7.542 7.570 7.602 7.637 7.684
6.579 6.595 6.612 6.628 6.644 6.660 6.676 6.691 6.706 6.721 6.736 6.750 6.764 6.778 6.791 6.804 6.816 6.828 6.839 6.848 6.857 6.866 6.875 6.884 6.893 6.902 6.912 6.922 6.933 6.944 6.956 6.968 6.981 6.995 7.008 7.022 7.036 7.051 7.065 7.080 7.095 7.110 7.124 7.138 7.153 7.167 7.182 7.196 7.211 7.226 7.241 7.256 7.270 7.285 7.300 7.316 7.331 7.345 7.360 7.374 7.386 7.397 7.408 7.420 7.432 7.444 7.457 7.473 7.491 7.509 7.528 7.546 7.567 7.598 7.632 7.671 7.719
6.587 6.603 6.619 6.635 6.652 6.668 6.683 6.699 6.714 6.729 6.744 6.759 6.773 6.787 6.800 6.813 6.826 6.838 6.850 6.859 6.869 6.878 6.887 6.897 6.906 6.915 6.925 6.935 6.946 6.957 6.969 6.982 6.995 7.008 7.022 7.036 7.051 7.065 7.080 7.095 7.111 7.126 7.140 7.155 7.170 7.184 7.199 7.214 7.230 7.245 7.260 7.275 7.290 7.305 7.321 7.336 7.351 7.366 7.381 7.395 7.407 7.417 7.427 7.438 7.448 7.459 7.473 7.488 7.506 7.527 7.548 7.569 7.593 7.626 7.663 7.704 7.754
6.594 6.611 6.627 6.643 6.659 6.675 6.691 6.707 6.722 6.737 6.752 6.767 6.781 6.795 6.809 6.822 6.835 6.848 6.860 6.870 6.880 6.890 6.899 6.909 6.918 6.928 6.938 6.948 6.959 6.970 6.982 6.995 7.008 7.021 7.035 7.049 7.064 7.079 7.094 7.110 7.126 7.141 7.156 7.171 7.186 7.201 7.216 7.232 7.247 7.263 7.278 7.294 7.309 7.325 7.340 7.356 7.371 7.387 7.402 7.415 7.427 7.437 7.445 7.454 7.464 7.474 7.487 7.503 7.522 7.545 7.568 7.592 7.619 7.654 7.693 7.736 7.789
6.603 6.619 6.635 6.651 6.667 6.683 6.699 6.715 6.730 6.745 6.760 6.775 6.790 6.804 6.818 6.831 6.845 6.858 6.869 6.880 6.890 6.900 6.910 6.920 6.930 6.940 6.950 6.960 6.971 6.982 6.994 7.007 7.020 7.034 7.048 7.062 7.077 7.092 7.108 7.123 7.139 7.155 7.170 7.185 7.201 7.216 7.232 7.248 7.264 7.280 7.295 7.311 7.327 7.343 7.359 7.375 7.391 7.406 7.421 7.435 7.446 7.455 7.462 7.471 7.480 7.489 7.502 7.518 7.538 7.563 7.589 7.614 7.644 7.681 7.722 7.769 7.823
6.611 6.628 6.644 6.660 6.676 6.692 6.707 6.723 6.738 6.754 6.769 6.784 6.798 6.812 6.826 6.840 6.854 6.867 6.879 6.890 6.900 6.911 6.921 6.931 6.941 6.951 6.961 6.972 6.983 6.994 7.006 7.019 7.032 7.046 7.060 7.074 7.089 7.105 7.120 7.136 7.152 7.168 7.184 7.199 7.215 7.231 7.247 7.263 7.279 7.295 7.312 7.328 7.344 7.360 7.377 7.393 7.409 7.425 7.440 7.453 7.464 7.472 7.478 7.487 7.495 7.504 7.517 7.534 7.555 7.580 7.608 7.637 7.670 7.710 7.752 7.802 7.858
6.620 6.636 6.653 6.669 6.685 6.700 6.716 6.732 6.747 6.762 6.777 6.792 6.807 6.821 6.835 6.849 6.862 6.876 6.888 6.899 6.910 6.921 6.931 6.942 6.952 6.962 6.973 6.983 6.994 7.006 7.018 7.030 7.043 7.057 7.071 7.086 7.101 7.116 7.132 7.148 7.165 7.181 7.197 7.212 7.228 7.245 7.261 7.277 7.294 7.310 7.327 7.344 7.360 7.377 7.393 7.410 7.426 7.442 7.457 7.471 7.481 7.488 7.495 7.503 7.511 7.519 7.532 7.550 7.572 7.597 7.626 7.660 7.698 7.739 7.783 7.837 7.896
6.630 6.646 6.662 6.678 6.694 6.709 6.725 6.740 6.756 6.771 6.786 6.801 6.815 6.829 6.844 6.857 6.871 6.885 6.897 6.909 6.920 6.931 6.941 6.952 6.962 6.973 6.983 6.994 7.005 7.017 7.029 7.041 7.054 7.068 7.082 7.097 7.112 7.127 7.143 7.160 7.176 7.193 7.208 7.225 7.241 7.257 7.274 7.291 7.307 7.324 7.341 7.358 7.375 7.392 7.409 7.426 7.442 7.458 7.474 7.487 7.497 7.504 7.510 7.518 7.526 7.535 7.548 7.565 7.587 7.613 7.645 7.684 7.726 7.769 7.815 7.874 7.937
6.639 6.655 6.671 6.687 6.703 6.719 6.734 6.750 6.765 6.780 6.795 6.809 6.824 6.838 6.852 6.866 6.880 6.893 6.906 6.918 6.929 6.940 6.951 6.962 6.972 6.983 6.993 7.004 7.016 7.027 7.039 7.052 7.065 7.078 7.092 7.107 7.122 7.138 7.154 7.170 7.187 7.204 7.220 7.236 7.252 7.269 7.286 7.303 7.320 7.337 7.354 7.372 7.389 7.406 7.423 7.440 7.457 7.473 7.489 7.502 7.512 7.519 7.525 7.533 7.541 7.549 7.563 7.580 7.602 7.630 7.666 7.708 7.756 7.801 7.850 7.913 7.980
6.649 6.665 6.681 6.697 6.712 6.728 6.744 6.759 6.774 6.789 6.804 6.818 6.833 6.847 6.861 6.875 6.889 6.902 6.915 6.927 6.938 6.949 6.960 6.971 6.982 6.993 7.003 7.014 7.026 7.037 7.049 7.061 7.075 7.088 7.102 7.117 7.132 7.148 7.164 7.180 7.197 7.214 7.230 7.246 7.263 7.280 7.297 7.314 7.332 7.349 7.367 7.384 7.401 7.419 7.436 7.454 7.471 7.487 7.503 7.517 7.527 7.534 7.539 7.547 7.555 7.563 7.577 7.595 7.618 7.647 7.686 7.734 7.788 7.835 7.887 7.954 8.025
6.659 6.675 6.691 6.707 6.722 6.738 6.753 6.769 6.784 6.799 6.813 6.828 6.842 6.856 6.870 6.884 6.898 6.911 6.924 6.936 6.947 6.958 6.969 6.980 6.991 7.002 7.013 7.024 7.035 7.047 7.059 7.071 7.084 7.098 7.112 7.126 7.141 7.157 7.173 7.190 7.207 7.223 7.240 7.256 7.273 7.290 7.307 7.325 7.342 7.360 7.378 7.395 7.413 7.431 7.448 7.466 7.483 7.500 7.516 7.530 7.541 7.547 7.552 7.560 7.568 7.576 7.590 7.609 7.633 7.665 7.708 7.762 7.821 7.871 7.925 7.997 8.072
6.669 6.685 6.701 6.717 6.732 6.748 6.763 6.778 6.793 6.808 6.823 6.837 6.852 6.866 6.880 6.893 6.907 6.920 6.933 6.944 6.956 6.967 6.978 6.989 7.000 7.011 7.022 7.033 7.045 7.056 7.068 7.080 7.093 7.107 7.121 7.135 7.150 7.166 7.182 7.199 7.216 7.232 7.249 7.265 7.282 7.299 7.317 7.335 7.352 7.370 7.388 7.406 7.424 7.441 7.459 7.477 7.495 7.512 7.529 7.543 7.553 7.560 7.565 7.572 7.581 7.589 7.603 7.623 7.649 7.684 7.733 7.792 7.857 7.908 7.965 8.041 8.117
6.680 6.695 6.711 6.727 6.742 6.758 6.773 6.788 6.803 6.818 6.833 6.847 6.861 6.875 6.889 6.903 6.916 6.930 6.942 6.954 6.965 6.976 6.987 6.998 7.009 7.020 7.031 7.042 7.054 7.065 7.077 7.089 7.102 7.115 7.129 7.144 7.159 7.174 7.190 7.207 7.224 7.241 7.257 7.273 7.291 7.308 7.326 7.343 7.361 7.379 7.397 7.415 7.433 7.451 7.469 7.487 7.505 7.523 7.540 7.554 7.565 7.571 7.576 7.584 7.593 7.601 7.616 7.638 7.666 7.705 7.758 7.821 7.890 7.945 8.004 8.082 8.160
6.690 6.705 6.721 6.737 6.752 6.768 6.783 6.798 6.813 6.828 6.842 6.857 6.871 6.885 6.899 6.912 6.926 6.939 6.951 6.963 6.974 6.985 6.996 7.008 7.019 7.029 7.040 7.051 7.063 7.074 7.086 7.098 7.111 7.124 7.138 7.152 7.167 7.182 7.198 7.215 7.232 7.248 7.264 7.281 7.298 7.316 7.334 7.351 7.370 7.388 7.406 7.424 7.442 7.460 7.478 7.497 7.515 7.533 7.550 7.565 7.576 7.582 7.586 7.595 7.604 7.613 7.629 7.652 7.683 7.727 7.783 7.852 7.928 7.984 8.044 8.124 8.203
6.700 6.715 6.731 6.747 6.762 6.778 6.793 6.808 6.823 6.838 6.852 6.867 6.881 6.895 6.908 6.922 6.935 6.948 6.961 6.972 6.983 6.994 7.006 7.017 7.028 7.038 7.049 7.060 7.071 7.083 7.094 7.106 7.119 7.132 7.146 7.160 7.175 7.190 7.206 7.223 7.239 7.255 7.272 7.288 7.305 7.323 7.341 7.359 7.377 7.395 7.413 7.431 7.449 7.467 7.486 7.505 7.524 7.542 7.559 7.574 7.585 7.591 7.595 7.604 7.614 7.625 7.642 7.668 7.703 7.751 7.811 7.889 7.969 8.025 8.084 8.167 8.246
6.710 6.725 6.741 6.756 6.772 6.788 6.803 6.818 6.833 6.848 6.862 6.876 6.890 6.904 6.918 6.931 6.945 6.958 6.970 6.981 6.993 7.004 7.015 7.026 7.037 7.048 7.058 7.069 7.080 7.091 7.103 7.115 7.127 7.140 7.153 7.167 7.182 7.197 7.213 7.230 7.246 7.262 7.278 7.295 7.312 7.330 7.347 7.366 7.384 7.402 7.420 7.438 7.456 7.474 7.493 7.512 7.531 7.550 7.568 7.582 7.592 7.598 7.603 7.615 7.626 7.638 7.658 7.687 7.726 7.779 7.847 7.929 8.009 8.064 8.124 8.207 8.287
6.720 6.735 6.750 6.766 6.782 6.797 6.812 6.828 6.843 6.857 6.872 6.886 6.900 6.914 6.928 6.941 6.954 6.968 6.980 6.991 7.002 7.013 7.024 7.035 7.046 7.057 7.067 7.078 7.089 7.100 7.111 7.123 7.135 7.148 7.161 7.175 7.189 7.204 7.220 7.236 7.252 7.268 7.284 7.301 7.318 7.335 7.353 7.371 7.390 7.408 7.425 7.443 7.462 7.480 7.499 7.518 7.538 7.557 7.574 7.588 7.598 7.605 7.613 7.626 7.639 7.654 7.677 7.710 7.753 7.812 7.885 7.968 8.048 8.102 8.162 8.246 8.327
6.729 6.744 6.760 6.775 6.791 6.806 6.822 6.837 6.852 6.867 6.881 6.896 6.910 6.923 6.937 6.951 6.964 6.977 6.989 7.000 7.011 7.022 7.033 7.044 7.055 7.066 7.076 7.087 7.098 7.109 7.120 7.131 7.143 7.156 7.169 7.182 7.196 7.211 7.226 7.243 7.258 7.274 7.290 7.306 7.323 7.341 7.358 7.377 7.395 7.413 7.431 7.449 7.467 7.485 7.504 7.524 7.543 7.562 7.579 7.593 7.604 7.612 7.622 7.638 7.654 7.673 7.700 7.736 7.785 7.847 7.923 8.006 8.086 8.140 8.199 8.285 8.366
6.738 6.753 6.768 6.784 6.799 6.815 6.830 6.846 6.861 6.876 6.890 6.905 6.919 6.933 6.946 6.960 6.974 6.986 6.998 7.009 7.021 7.032 7.043 7.053 7.064 7.075 7.085 7.096 7.106 7.117 7.128 7.139 7.151 7.163 7.176 7.189 7.203 7.218 7.233 7.248 7.264 7.279 7.295 7.311 7.328 7.345 7.363 7.381 7.399 7.417 7.435 7.453 7.471 7.489 7.508 7.528 7.547 7.565 7.582 7.597 7.609 7.620 7.633 7.653 7.673 7.696 7.727 7.768 7.819 7.883 7.959 8.042 8.123 8.177 8.237 8.322 8.403
6.747 6.762 6.777 6.792 6.808 6.823 6.839 6.854 6.869 6.884 6.899 6.913 6.928 6.942 6.956 6.969 6.983 6.996 7.007 7.019 7.030 7.041 7.052 7.063 7.073 7.084 7.094 7.105 7.115 7.126 7.136 7.147 7.159 7.171 7.183 7.196 7.210 7.224 7.239 7.254 7.269 7.284 7.300 7.316 7.332 7.349 7.367 7.384 7.403 7.421 7.439 7.457 7.474 7.493 7.511 7.530 7.549 7.567 7.584 7.600 7.615 7.629 7.647 7.670 7.694 7.721 7.757 7.802 7.854 7.918 7.993 8.076 8.160 8.214 8.273 8.359 8.441
