version1/TsunamiDB/out54188.asc
ncols          264
nrows          230
xllcorner      497853.4375
yllcorner      4229146.0000
cellsize         5.
NODATA_value   -99
[rows 34 to 67 of 230, columns 0 to 76 of 264]
5.667 5.677 5.687 5.698 5.708 5.719 5.729 5.740 5.751 5.762 5.773 5.784 5.796 5.808 5.820 5.831 5.843 5.854 5.866 5.877 5.889 5.901 5.912 5.924 5.936 5.948 5.960 5.971 5.983 5.995 6.006 6.017 6.029 6.040 6.051 6.062 6.074 6.085 6.095 6.105 6.115 6.124 6.134 6.143 6.152 6.162 6.171 6.180 6.189 6.198 6.206 6.215 6.224 6.233 6.241 6.250 6.258 6.267 6.276 6.284 6.293 6.301 6.309 6.317 6.325 6.332 6.339 6.346 6.353 6.360 6.366 6.373 6.379 6.385 6.391 6.396 6.402
5.672 5.682 5.692 5.702 5.712 5.722 5.732 5.743 5.753 5.764 5.775 5.786 5.797 5.809 5.820 5.831 5.842 5.853 5.864 5.876 5.887 5.898 5.910 5.922 5.933 5.945 5.957 5.969 5.980 5.992 6.003 6.015 6.026 6.038 6.049 6.060 6.072 6.083 6.093 6.104 6.114 6.124 6.133 6.143 6.152 6.161 6.171 6.180 6.189 6.198 6.207 6.216 6.224 6.233 6.242 6.251 6.259 6.268 6.277 6.286 6.295 6.303 6.311 6.319 6.326 6.334 6.341 6.349 6.356 6.362 6.369 6.376 6.382 6.388 6.394 6.400 6.406
5.677 5.687 5.696 5.706 5.716 5.726 5.736 5.746 5.756 5.767 5.777 5.788 5.799 5.810 5.821 5.831 5.842 5.853 5.864 5.874 5.885 5.897 5.908 5.919 5.931 5.942 5.954 5.966 5.977 5.989 6.001 6.012 6.024 6.035 6.047 6.058 6.070 6.081 6.092 6.102 6.112 6.122 6.132 6.142 6.152 6.161 6.170 6.180 6.189 6.198 6.207 6.216 6.225 6.234 6.243 6.251 6.260 6.269 6.278 6.287 6.296 6.304 6.312 6.320 6.328 6.336 6.343 6.351 6.358 6.365 6.372 6.378 6.385 6.391 6.398 6.404 6.410
5.682 5.692 5.702 5.711 5.721 5.730 5.740 5.750 5.760 5.770 5.780 5.790 5.801 5.812 5.822 5.833 5.843 5.853 5.863 5.874 5.885 5.896 5.906 5.918 5.929 5.940 5.952 5.963 5.975 5.986 5.998 6.009 6.021 6.032 6.044 6.056 6.067 6.079 6.090 6.100 6.111 6.121 6.131 6.141 6.150 6.160 6.170 6.179 6.188 6.198 6.207 6.216 6.225 6.234 6.243 6.252 6.261 6.270 6.279 6.288 6.297 6.305 6.313 6.321 6.329 6.337 6.345 6.352 6.360 6.367 6.374 6.381 6.387 6.394 6.401 6.407 6.413
5.689 5.698 5.707 5.717 5.726 5.736 5.745 5.755 5.764 5.774 5.784 5.794 5.804 5.814 5.825 5.835 5.844 5.854 5.864 5.874 5.885 5.895 5.906 5.916 5.927 5.938 5.950 5.961 5.972 5.984 5.995 6.007 6.018 6.030 6.041 6.053 6.065 6.076 6.087 6.098 6.108 6.119 6.129 6.139 6.149 6.159 6.169 6.178 6.188 6.197 6.206 6.216 6.225 6.234 6.243 6.252 6.261 6.270 6.279 6.288 6.297 6.306 6.314 6.322 6.331 6.338 6.346 6.354 6.361 6.369 6.376 6.383 6.390 6.396 6.403 6.410 6.416
5.695 5.704 5.714 5.723 5.732 5.741 5.750 5.760 5.769 5.779 5.788 5.798 5.808 5.818 5.828 5.837 5.847 5.856 5.866 5.876 5.885 5.895 5.906 5.916 5.927 5.937 5.948 5.959 5.970 5.981 5.993 6.004 6.015 6.027 6.038 6.050 6.062 6.074 6.085 6.095 6.106 6.117 6.127 6.137 6.147 6.157 6.167 6.177 6.186 6.196 6.205 6.215 6.224 6.233 6.243 6.252 6.261 6.270 6.279 6.289 6.298 6.306 6.315 6.323 6.331 6.339 6.347 6.355 6.363 6.370 6.377 6.385 6.392 6.399 6.405 6.412 6.419
5.702 5.711 5.720 5.729 5.738 5.747 5.756 5.766 5.775 5.784 5.793 5.802 5.812 5.822 5.832 5.841 5.850 5.859 5.868 5.878 5.887 5.897 5.906 5.916 5.927 5.937 5.947 5.958 5.969 5.980 5.991 6.002 6.013 6.024 6.036 6.047 6.059 6.071 6.082 6.093 6.103 6.114 6.124 6.135 6.145 6.155 6.165 6.175 6.185 6.195 6.204 6.214 6.223 6.233 6.242 6.251 6.261 6.270 6.279 6.289 6.298 6.307 6.315 6.324 6.332 6.340 6.348 6.356 6.364 6.371 6.379 6.386 6.393 6.401 6.407 6.414 6.421
5.710 5.719 5.728 5.737 5.745 5.754 5.763 5.772 5.781 5.790 5.799 5.808 5.817 5.827 5.836 5.845 5.854 5.862 5.871 5.880 5.889 5.899 5.908 5.918 5.928 5.937 5.948 5.958 5.968 5.979 5.989 6.000 6.011 6.022 6.033 6.045 6.057 6.068 6.079 6.090 6.101 6.111 6.122 6.132 6.143 6.153 6.163 6.173 6.183 6.193 6.203 6.212 6.222 6.232 6.241 6.251 6.260 6.269 6.279 6.288 6.298 6.307 6.315 6.324 6.332 6.341 6.349 6.357 6.365 6.372 6.380 6.388 6.395 6.402 6.409 6.416 6.423
5.718 5.727 5.736 5.744 5.753 5.761 5.770 5.779 5.787 5.796 5.805 5.814 5.823 5.832 5.841 5.850 5.858 5.867 5.875 5.884 5.893 5.902 5.911 5.920 5.929 5.939 5.948 5.958 5.968 5.979 5.989 5.999 6.010 6.021 6.032 6.043 6.054 6.066 6.076 6.087 6.098 6.108 6.119 6.129 6.140 6.150 6.160 6.171 6.181 6.191 6.201 6.211 6.220 6.230 6.240 6.249 6.259 6.268 6.278 6.288 6.297 6.306 6.315 6.324 6.332 6.341 6.349 6.357 6.365 6.373 6.381 6.389 6.396 6.404 6.411 6.418 6.425
5.727 5.735 5.744 5.752 5.761 5.769 5.778 5.786 5.795 5.803 5.812 5.820 5.829 5.838 5.847 5.855 5.864 5.872 5.880 5.888 5.897 5.905 5.914 5.923 5.932 5.941 5.950 5.960 5.969 5.979 5.989 5.999 6.009 6.020 6.030 6.041 6.053 6.064 6.074 6.085 6.095 6.106 6.116 6.127 6.137 6.147 6.158 6.168 6.178 6.188 6.198 6.208 6.218 6.228 6.238 6.248 6.258 6.267 6.277 6.287 6.297 6.306 6.315 6.323 6.332 6.341 6.349 6.358 6.366 6.374 6.382 6.389 6.397 6.405 6.412 6.419 6.427
5.736 5.744 5.753 5.761 5.769 5.778 5.786 5.794 5.802 5.811 5.819 5.828 5.836 5.845 5.854 5.862 5.869 5.877 5.885 5.893 5.901 5.910 5.918 5.927 5.935 5.944 5.953 5.962 5.971 5.981 5.990 6.000 6.010 6.020 6.030 6.041 6.052 6.062 6.073 6.083 6.093 6.104 6.114 6.124 6.134 6.145 6.155 6.165 6.176 6.186 6.196 6.206 6.216 6.226 6.236 6.246 6.256 6.266 6.275 6.286 6.295 6.305 6.314 6.323 6.332 6.340 6.349 6.357 6.366 6.374 6.382 6.390 6.398 6.405 6.413 6.421 6.428
5.746 5.754 5.762 5.770 5.778 5.786 5.794 5.802 5.811 5.819 5.827 5.835 5.844 5.853 5.861 5.868 5.876 5.884 5.891 5.899 5.907 5.915 5.923 5.931 5.939 5.948 5.956 5.965 5.974 5.983 5.992 6.001 6.011 6.020 6.030 6.041 6.051 6.062 6.072 6.082 6.092 6.102 6.112 6.122 6.132 6.142 6.152 6.163 6.173 6.183 6.193 6.203 6.214 6.224 6.234 6.244 6.254 6.264 6.274 6.284 6.294 6.303 6.312 6.322 6.331 6.339 6.348 6.357 6.365 6.374 6.382 6.390 6.398 6.406 6.414 6.421 6.429
5.756 5.764 5.772 5.780 5.788 5.796 5.804 5.811 5.819 5.827 5.835 5.843 5.852 5.861 5.868 5.876 5.883 5.890 5.898 5.905 5.913 5.921 5.928 5.936 5.944 5.952 5.961 5.969 5.977 5.986 5.995 6.004 6.013 6.022 6.032 6.041 6.052 6.062 6.071 6.081 6.091 6.100 6.110 6.120 6.130 6.140 6.150 6.160 6.170 6.180 6.191 6.201 6.211 6.221 6.231 6.241 6.251 6.261 6.271 6.282 6.292 6.301 6.311 6.320 6.329 6.338 6.347 6.356 6.364 6.373 6.381 6.390 6.398 6.406 6.414 6.422 6.429
5.766 5.774 5.782 5.790 5.797 5.805 5.813 5.821 5.829 5.836 5.844 5.852 5.861 5.869 5.876 5.883 5.891 5.898 5.905 5.912 5.920 5.927 5.934 5.942 5.950 5.958 5.965 5.973 5.982 5.990 5.998 6.007 6.015 6.024 6.034 6.043 6.053 6.062 6.072 6.081 6.090 6.100 6.109 6.119 6.128 6.138 6.148 6.158 6.168 6.178 6.188 6.198 6.208 6.218 6.228 6.239 6.249 6.259 6.269 6.279 6.290 6.299 6.309 6.318 6.327 6.337 6.346 6.354 6.363 6.372 6.380 6.389 6.397 6.405 6.414 6.422 6.430
5.776 5.784 5.792 5.800 5.808 5.815 5.823 5.831 5.838 5.846 5.854 5.861 5.870 5.878 5.885 5.892 5.899 5.906 5.913 5.920 5.927 5.934 5.941 5.948 5.956 5.963 5.971 5.979 5.986 5.994 6.002 6.011 6.019 6.027 6.036 6.045 6.055 6.064 6.073 6.082 6.091 6.100 6.109 6.118 6.128 6.137 6.147 6.156 6.166 6.176 6.186 6.196 6.206 6.216 6.226 6.236 6.246 6.256 6.266 6.277 6.287 6.297 6.306 6.316 6.325 6.335 6.344 6.353 6.362 6.370 6.379 6.388 6.396 6.405 6.413 6.421 6.429
5.787 5.795 5.802 5.810 5.818 5.825 5.833 5.841 5.848 5.856 5.863 5.871 5.879 5.887 5.894 5.900 5.907 5.914 5.921 5.928 5.934 5.941 5.948 5.955 5.962 5.970 5.977 5.984 5.992 6.000 6.007 6.015 6.023 6.031 6.040 6.049 6.058 6.066 6.075 6.083 6.092 6.101 6.109 6.118 6.127 6.136 6.146 6.155 6.165 6.174 6.184 6.194 6.203 6.213 6.223 6.233 6.243 6.253 6.264 6.274 6.284 6.294 6.304 6.313 6.323 6.332 6.341 6.350 6.360 6.368 6.377 6.386 6.395 6.403 6.412 6.420 6.428
5.797 5.805 5.813 5.821 5.828 5.836 5.843 5.851 5.858 5.866 5.873 5.881 5.889 5.896 5.903 5.910 5.916 5.923 5.929 5.936 5.942 5.949 5.956 5.963 5.970 5.977 5.984 5.991 5.998 6.005 6.013 6.020 6.028 6.036 6.044 6.053 6.061 6.069 6.077 6.085 6.094 6.102 6.110 6.119 6.128 6.136 6.145 6.154 6.164 6.173 6.182 6.192 6.201 6.211 6.221 6.231 6.241 6.251 6.261 6.271 6.282 6.291 6.301 6.310 6.320 6.329 6.339 6.348 6.357 6.366 6.375 6.384 6.393 6.401 6.410 6.419 6.427
5.808 5.816 5.824 5.831 5.839 5.847 5.854 5.861 5.869 5.876 5.883 5.891 5.899 5.906 5.912 5.919 5.925 5.932 5.938 5.945 5.951 5.957 5.964 5.971 5.977 5.984 5.991 5.998 6.005 6.012 6.019 6.026 6.033 6.041 6.049 6.057 6.065 6.073 6.081 6.088 6.096 6.104 6.112 6.120 6.129 6.137 6.146 6.154 6.163 6.172 6.181 6.191 6.200 6.209 6.219 6.229 6.238 6.248 6.258 6.269 6.279 6.288 6.298 6.308 6.317 6.326 6.336 6.345 6.354 6.363 6.372 6.381 6.390 6.399 6.408 6.416 6.425
5.819 5.827 5.834 5.842 5.850 5.857 5.865 5.872 5.879 5.886 5.894 5.901 5.909 5.916 5.922 5.929 5.935 5.941 5.947 5.954 5.960 5.966 5.972 5.979 5.985 5.992 5.998 6.005 6.011 6.018 6.025 6.032 6.039 6.047 6.054 6.062 6.070 6.077 6.085 6.092 6.099 6.107 6.115 6.123 6.131 6.139 6.147 6.155 6.164 6.172 6.181 6.190 6.199 6.208 6.217 6.227 6.236 6.246 6.256 6.267 6.276 6.286 6.295 6.305 6.314 6.323 6.333 6.342 6.351 6.360 6.369 6.378 6.387 6.396 6.405 6.414 6.423
5.829 5.837 5.845 5.853 5.860 5.868 5.875 5.882 5.890 5.897 5.904 5.911 5.919 5.926 5.932 5.938 5.945 5.951 5.957 5.963 5.969 5.975 5.981 5.987 5.993 6.000 6.006 6.012 6.019 6.025 6.032 6.039 6.046 6.053 6.060 6.067 6.075 6.082 6.089 6.096 6.103 6.111 6.118 6.125 6.133 6.141 6.148 6.156 6.165 6.173 6.181 6.190 6.199 6.207 6.216 6.226 6.235 6.244 6.254 6.264 6.274 6.283 6.292 6.302 6.311 6.320 6.330 6.339 6.348 6.357 6.366 6.375 6.384 6.393 6.402 6.411 6.420
5.840 5.848 5.856 5.863 5.871 5.878 5.886 5.893 5.900 5.907 5.914 5.922 5.929 5.936 5.942 5.948 5.954 5.960 5.966 5.972 5.978 5.984 5.990 5.996 6.002 6.008 6.014 6.020 6.026 6.033 6.039 6.046 6.052 6.059 6.066 6.073 6.080 6.087 6.094 6.101 6.108 6.114 6.121 6.129 6.136 6.143 6.151 6.158 6.166 6.174 6.182 6.190 6.199 6.207 6.216 6.225 6.234 6.243 6.253 6.262 6.272 6.281 6.290 6.299 6.308 6.318 6.327 6.336 6.345 6.354 6.363 6.372 6.381 6.390 6.399 6.408 6.417
5.850 5.858 5.866 5.873 5.881 5.889 5.896 5.903 5.910 5.918 5.925 5.932 5.939 5.946 5.952 5.958 5.964 5.970 5.976 5.982 5.987 5.993 5.999 6.005 6.011 6.016 6.022 6.028 6.034 6.040 6.047 6.053 6.059 6.066 6.072 6.079 6.086 6.093 6.099 6.106 6.112 6.119 6.126 6.132 6.139 6.146 6.153 6.161 6.168 6.176 6.184 6.191 6.199 6.208 6.216 6.225 6.233 6.242 6.252 6.261 6.270 6.279 6.288 6.297 6.306 6.315 6.324 6.333 6.342 6.351 6.360 6.369 6.378 6.387 6.396 6.404 6.413
5.860 5.868 5.876 5.884 5.891 5.899 5.906 5.913 5.921 5.928 5.935 5.942 5.949 5.956 5.962 5.968 5.974 5.980 5.986 5.991 5.997 6.002 6.008 6.014 6.019 6.025 6.031 6.037 6.042 6.048 6.054 6.060 6.066 6.073 6.079 6.086 6.093 6.099 6.105 6.111 6.117 6.124 6.130 6.137 6.143 6.150 6.157 6.164 6.171 6.178 6.185 6.193 6.201 6.209 6.217 6.225 6.233 6.242 6.251 6.260 6.269 6.277 6.286 6.295 6.304 6.313 6.321 6.330 6.339 6.348 6.357 6.366 6.374 6.383 6.392 6.401 6.410
5.870 5.878 5.886 5.893 5.901 5.908 5.916 5.923 5.930 5.938 5.945 5.952 5.959 5.966 5.972 5.978 5.984 5.990 5.995 6.001 6.006 6.012 6.017 6.023 6.028 6.034 6.040 6.045 6.051 6.056 6.062 6.068 6.074 6.080 6.086 6.093 6.099 6.105 6.111 6.117 6.123 6.129 6.135 6.141 6.147 6.154 6.160 6.167 6.174 6.181 6.188 6.195 6.202 6.210 6.218 6.226 6.234 6.242 6.251 6.260 6.268 6.276 6.285 6.293 6.302 6.311 6.319 6.328 6.336 6.345 6.354 6.363 6.371 6.380 6.389 6.398 6.406
5.879 5.887 5.895 5.903 5.910 5.918 5.925 5.933 5.940 5.947 5.954 5.962 5.969 5.976 5.982 5.988 5.994 5.999 6.005 6.010 6.016 6.021 6.027 6.032 6.037 6.043 6.048 6.054 6.059 6.065 6.070 6.076 6.082 6.087 6.093 6.100 6.106 6.112 6.117 6.123 6.129 6.134 6.140 6.146 6.152 6.158 6.164 6.171 6.177 6.184 6.191 6.198 6.205 6.212 6.219 6.227 6.235 6.243 6.251 6.260 6.268 6.276 6.284 6.292 6.301 6.309 6.317 6.326 6.334 6.343 6.351 6.360 6.368 6.377 6.386 6.394 6.403
5.889 5.896 5.904 5.912 5.920 5.927 5.935 5.942 5.949 5.957 5.964 5.971 5.978 5.985 5.991 5.997 6.003 6.009 6.014 6.020 6.025 6.030 6.036 6.041 6.046 6.052 6.057 6.062 6.068 6.073 6.078 6.084 6.089 6.095 6.101 6.107 6.113 6.118 6.124 6.129 6.135 6.140 6.146 6.151 6.157 6.163 6.169 6.175 6.181 6.187 6.194 6.201 6.207 6.214 6.221 6.229 6.236 6.244 6.252 6.260 6.268 6.276 6.284 6.292 6.300 6.308 6.316 6.324 6.332 6.341 6.349 6.357 6.366 6.374 6.383 6.391 6.400
5.898 5.905 5.913 5.921 5.929 5.936 5.944 5.951 5.958 5.966 5.973 5.980 5.988 5.995 6.001 6.007 6.012 6.018 6.023 6.029 6.034 6.040 6.045 6.050 6.055 6.061 6.066 6.071 6.076 6.081 6.087 6.092 6.097 6.103 6.108 6.114 6.120 6.125 6.131 6.136 6.141 6.146 6.152 6.157 6.162 6.168 6.174 6.179 6.185 6.191 6.198 6.204 6.210 6.217 6.224 6.231 6.238 6.246 6.254 6.261 6.269 6.276 6.284 6.292 6.299 6.307 6.315 6.323 6.331 6.339 6.347 6.355 6.363 6.372 6.380 6.388 6.397
5.906 5.914 5.922 5.930 5.937 5.945 5.952 5.960 5.967 5.974 5.982 5.989 5.997 6.003 6.010 6.015 6.021 6.027 6.032 6.038 6.043 6.049 6.054 6.059 6.064 6.069 6.075 6.080 6.085 6.090 6.095 6.100 6.105 6.111 6.116 6.122 6.127 6.132 6.137 6.142 6.147 6.153 6.158 6.163 6.168 6.173 6.179 6.184 6.190 6.196 6.201 6.208 6.214 6.220 6.227 6.233 6.240 6.248 6.255 6.263 6.270 6.277 6.285 6.292 6.300 6.307 6.315 6.322 6.330 6.338 6.346 6.354 6.362 6.370 6.378 6.386 6.394
5.915 5.922 5.930 5.938 5.945 5.953 5.960 5.968 5.975 5.983 5.990 5.998 6.005 6.012 6.018 6.024 6.030 6.036 6.041 6.047 6.052 6.057 6.063 6.068 6.073 6.078 6.083 6.088 6.093 6.098 6.103 6.108 6.113 6.119 6.124 6.129 6.135 6.140 6.145 6.149 6.154 6.159 6.164 6.169 6.174 6.179 6.184 6.189 6.195 6.200 6.206 6.212 6.217 6.224 6.230 6.236 6.243 6.250 6.257 6.265 6.271 6.279 6.286 6.293 6.300 6.307 6.315 6.322 6.330 6.337 6.345 6.352 6.360 6.368 6.376 6.384 6.392
5.923 5.931 5.938 5.946 5.953 5.961 5.968 5.976 5.983 5.991 5.998 6.006 6.013 6.020 6.026 6.032 6.038 6.044 6.050 6.055 6.060 6.066 6.071 6.076 6.081 6.087 6.092 6.097 6.102 6.107 6.111 6.116 6.121 6.126 6.132 6.137 6.142 6.147 6.152 6.156 6.161 6.166 6.170 6.175 6.180 6.185 6.189 6.194 6.200 6.205 6.210 6.216 6.222 6.227 6.233 6.240 6.246 6.253 6.260 6.267 6.273 6.280 6.287 6.294 6.301 6.308 6.315 6.322 6.329 6.337 6.344 6.352 6.359 6.367 6.374 6.382 6.390
5.931 5.939 5.946 5.954 5.961 5.969 5.976 5.984 5.991 5.998 6.006 6.014 6.021 6.028 6.034 6.040 6.046 6.052 6.058 6.063 6.069 6.074 6.079 6.085 6.090 6.095 6.100 6.105 6.110 6.115 6.120 6.124 6.129 6.134 6.139 6.145 6.150 6.155 6.159 6.164 6.168 6.172 6.177 6.181 6.186 6.190 6.195 6.200 6.205 6.210 6.215 6.220 6.226 6.231 6.237 6.243 6.249 6.256 6.262 6.269 6.276 6.282 6.289 6.295 6.302 6.309 6.316 6.323 6.330 6.337 6.344 6.351 6.359 6.366 6.373 6.381 6.389
5.939 5.946 5.954 5.961 5.969 5.976 5.984 5.991 5.998 6.006 6.013 6.021 6.029 6.035 6.041 6.048 6.054 6.060 6.065 6.071 6.077 6.082 6.087 6.093 6.098 6.103 6.108 6.113 6.118 6.123 6.128 6.132 6.137 6.142 6.147 6.153 6.158 6.162 6.166 6.171 6.175 6.179 6.184 6.188 6.192 6.197 6.201 6.206 6.210 6.215 6.220 6.225 6.230 6.236 6.241 6.247 6.253 6.259 6.266 6.272 6.278 6.284 6.291 6.297 6.304 6.310 6.317 6.324 6.330 6.337 6.344 6.351 6.358 6.365 6.373 6.380 6.388
5.946 5.954 5.961 5.969 5.976 5.984 5.991 5.998 6.006 6.013 6.021 6.028 6.036 6.042 6.049 6.055 6.061 6.067 6.073 6.078 6.084 6.090 6.095 6.100 6.106 6.111 6.116 6.121 6.126 6.131 6.135 6.140 6.145 6.150 6.155 6.161 6.165 6.169 6.174 6.178 6.182 6.186 6.190 6.195 6.199 6.203 6.207 6.212 6.216 6.221 6.225 6.230 6.235 6.240 6.246 6.251 6.257 6.263 6.269 6.275 6.281 6.287 6.293 6.299 6.305 6.312 6.318 6.325 6.331 6.338 6.345 6.351 6.358 6.365 6.372 6.380 6.387
5.954 5.961 5.969 5.976 5.983 5.991 5.998 6.005 6.013 6.020 6.027 6.035 6.042 6.049 6.056 6.062 6.068 6.074 6.080 6.086 6.091 6.097 6.102 6.108 6.113 6.118 6.123 6.128 6.133 6.138 6.143 6.148 6.153 6.158 6.163 6.168 6.173 6.177 6.181 6.185 6.189 6.193 6.197 6.201 6.205 6.209 6.213 6.218 6.222 6.226 6.231 6.235 6.240 6.245 6.250 6.255 6.261 6.266 6.273 6.279 6.284 6.290 6.296 6.302 6.308 6.314 6.320 6.326 6.333 6.339 6.345 6.352 6.359 6.366 6.372 6.379 6.387
