version1/TsunamiDB/out54117.asc
ncols          264
nrows          230
xllcorner      497853.4375
yllcorner      4229146.0000
cellsize         5.
NODATA_value   -99
[rows 170 to 203 of 230, columns 154 to 230 of 264]
7.170 7.181 7.192 7.202 7.212 7.221 7.230 7.238 7.245 7.250 7.250 7.246 7.240 7.238 7.237 7.239 7.250 7.273 7.306 7.351 7.408 7.469 7.531 7.581 7.637 7.714 7.792 7.870 7.944 8.016 8.085 8.147 8.202 8.239 8.277 8.328 8.376 8.420 8.459 8.494 8.525 8.550 8.571 8.583 8.594 8.611 8.626 8.640 8.651 8.662 8.672 8.681 8.689 8.690 8.691 8.698 8.706 8.714 8.720 8.725 8.729 8.732 8.735 8.733 8.730 8.732 8.734 8.736 8.737 8.738 8.739 8.741 8.742 8.740 8.738 8.740 8.742
7.175 7.186 7.197 7.208 7.218 7.228 7.237 7.245 7.253 7.258 7.260 7.257 7.252 7.252 7.253 7.258 7.272 7.297 7.332 7.378 7.434 7.497 7.561 7.611 7.669 7.747 7.827 7.905 7.980 8.052 8.119 8.180 8.234 8.270 8.307 8.357 8.404 8.447 8.485 8.520 8.551 8.577 8.599 8.612 8.624 8.641 8.656 8.670 8.681 8.692 8.701 8.709 8.717 8.718 8.718 8.725 8.732 8.739 8.744 8.748 8.751 8.753 8.754 8.751 8.748 8.748 8.749 8.750 8.750 8.750 8.751 8.752 8.753 8.751 8.748 8.750 8.752
7.179 7.191 7.202 7.213 7.224 7.234 7.244 7.253 7.262 7.268 7.270 7.268 7.265 7.267 7.270 7.278 7.294 7.321 7.357 7.403 7.460 7.524 7.591 7.642 7.700 7.781 7.861 7.939 8.013 8.084 8.151 8.210 8.262 8.297 8.334 8.382 8.427 8.470 8.508 8.543 8.574 8.601 8.624 8.638 8.651 8.668 8.684 8.698 8.710 8.720 8.730 8.738 8.746 8.747 8.747 8.754 8.760 8.765 8.769 8.772 8.774 8.775 8.775 8.771 8.766 8.766 8.765 8.765 8.764 8.764 8.764 8.764 8.765 8.762 8.760 8.762 8.764
7.183 7.195 7.207 7.219 7.230 7.241 7.251 7.261 7.270 7.278 7.281 7.280 7.279 7.283 7.289 7.298 7.317 7.344 7.381 7.427 7.486 7.552 7.620 7.672 7.732 7.813 7.893 7.971 8.044 8.114 8.179 8.236 8.286 8.321 8.356 8.402 8.447 8.489 8.527 8.562 8.594 8.621 8.645 8.661 8.674 8.693 8.709 8.724 8.737 8.748 8.758 8.767 8.775 8.776 8.777 8.783 8.789 8.794 8.797 8.799 8.800 8.799 8.798 8.792 8.787 8.785 8.783 8.782 8.780 8.778 8.777 8.777 8.778 8.775 8.772 8.774 8.776
7.187 7.200 7.212 7.224 7.236 7.247 7.259 7.269 7.280 7.288 7.293 7.294 7.294 7.300 7.308 7.319 7.339 7.368 7.405 7.452 7.511 7.578 7.649 7.702 7.762 7.843 7.923 8.000 8.072 8.141 8.205 8.261 8.309 8.342 8.376 8.421 8.464 8.506 8.543 8.579 8.611 8.639 8.664 8.680 8.695 8.714 8.732 8.748 8.761 8.773 8.784 8.794 8.803 8.805 8.806 8.813 8.819 8.823 8.825 8.827 8.827 8.825 8.823 8.816 8.809 8.806 8.803 8.800 8.797 8.795 8.793 8.792 8.792 8.789 8.785 8.787 8.788
7.191 7.204 7.217 7.230 7.242 7.255 7.266 7.278 7.289 7.299 7.305 7.308 7.310 7.317 7.327 7.339 7.360 7.390 7.428 7.475 7.534 7.603 7.679 7.733 7.792 7.873 7.952 8.028 8.099 8.167 8.230 8.284 8.330 8.361 8.394 8.437 8.480 8.521 8.558 8.594 8.627 8.655 8.681 8.698 8.713 8.734 8.752 8.769 8.784 8.797 8.808 8.819 8.830 8.833 8.835 8.842 8.848 8.852 8.855 8.856 8.855 8.853 8.849 8.841 8.834 8.829 8.825 8.821 8.817 8.813 8.810 8.808 8.808 8.804 8.800 8.801 8.802
7.196 7.209 7.223 7.236 7.249 7.262 7.275 7.287 7.300 7.311 7.318 7.322 7.325 7.334 7.345 7.359 7.381 7.412 7.451 7.500 7.559 7.634 7.712 7.764 7.823 7.904 7.982 8.056 8.126 8.193 8.254 8.305 8.348 8.378 8.410 8.453 8.495 8.534 8.572 8.607 8.640 8.669 8.695 8.712 8.729 8.750 8.770 8.788 8.804 8.817 8.830 8.843 8.855 8.859 8.862 8.870 8.876 8.881 8.883 8.885 8.884 8.881 8.877 8.868 8.860 8.854 8.849 8.844 8.839 8.834 8.830 8.827 8.826 8.821 8.817 8.817 8.817
7.201 7.214 7.228 7.242 7.256 7.270 7.283 7.297 7.311 7.323 7.332 7.337 7.342 7.352 7.365 7.380 7.403 7.436 7.476 7.527 7.592 7.669 7.743 7.795 7.853 7.933 8.009 8.082 8.151 8.215 8.273 8.322 8.365 8.395 8.425 8.467 8.508 8.548 8.585 8.620 8.652 8.681 8.707 8.725 8.742 8.764 8.785 8.804 8.821 8.836 8.850 8.865 8.878 8.883 8.887 8.896 8.903 8.908 8.911 8.912 8.912 8.909 8.905 8.896 8.887 8.881 8.875 8.869 8.863 8.857 8.852 8.849 8.846 8.840 8.835 8.834 8.833
7.206 7.220 7.234 7.249 7.263 7.278 7.293 7.307 7.322 7.335 7.346 7.352 7.359 7.371 7.385 7.402 7.427 7.461 7.504 7.558 7.625 7.700 7.772 7.823 7.881 7.959 8.034 8.106 8.173 8.235 8.291 8.339 8.381 8.411 8.440 8.481 8.522 8.560 8.597 8.631 8.663 8.692 8.718 8.737 8.754 8.777 8.799 8.819 8.837 8.854 8.870 8.884 8.898 8.904 8.909 8.919 8.926 8.932 8.936 8.938 8.938 8.936 8.932 8.924 8.915 8.909 8.902 8.896 8.889 8.882 8.877 8.872 8.869 8.861 8.854 8.852 8.851
7.211 7.226 7.241 7.256 7.271 7.287 7.302 7.318 7.334 7.349 7.360 7.369 7.377 7.390 7.406 7.425 7.452 7.488 7.533 7.590 7.657 7.729 7.799 7.850 7.907 7.984 8.058 8.129 8.194 8.253 8.307 8.355 8.397 8.426 8.455 8.495 8.535 8.573 8.609 8.642 8.673 8.702 8.729 8.747 8.765 8.789 8.812 8.833 8.852 8.870 8.887 8.902 8.916 8.923 8.929 8.939 8.947 8.954 8.959 8.962 8.962 8.961 8.959 8.951 8.943 8.937 8.931 8.924 8.917 8.910 8.904 8.898 8.893 8.884 8.876 8.873 8.870
7.218 7.233 7.248 7.263 7.279 7.296 7.312 7.329 7.346 7.362 7.375 7.385 7.395 7.411 7.429 7.449 7.478 7.516 7.564 7.620 7.687 7.757 7.825 7.875 7.932 8.007 8.080 8.150 8.213 8.271 8.324 8.371 8.413 8.441 8.469 8.509 8.549 8.586 8.620 8.653 8.684 8.712 8.739 8.758 8.776 8.800 8.823 8.846 8.866 8.885 8.902 8.918 8.932 8.940 8.947 8.957 8.966 8.974 8.979 8.983 8.985 8.985 8.983 8.977 8.970 8.965 8.960 8.953 8.946 8.939 8.932 8.926 8.919 8.910 8.900 8.895 8.891
7.225 7.240 7.256 7.272 7.288 7.305 7.323 7.341 7.359 7.376 7.391 7.403 7.414 7.432 7.452 7.474 7.505 7.545 7.592 7.648 7.713 7.782 7.849 7.899 7.955 8.029 8.101 8.169 8.231 8.288 8.340 8.387 8.429 8.457 8.484 8.524 8.562 8.598 8.632 8.664 8.694 8.722 8.749 8.768 8.786 8.810 8.835 8.857 8.878 8.898 8.916 8.932 8.947 8.955 8.962 8.973 8.983 8.991 8.997 9.001 9.004 9.006 9.006 9.001 8.996 8.992 8.988 8.982 8.976 8.969 8.962 8.955 8.948 8.937 8.926 8.920 8.915
7.232 7.248 7.264 7.280 7.298 7.315 7.334 7.353 7.372 7.391 7.407 7.420 7.433 7.452 7.474 7.499 7.531 7.572 7.619 7.674 7.737 7.805 7.873 7.923 7.977 8.051 8.122 8.189 8.249 8.305 8.357 8.403 8.445 8.472 8.499 8.538 8.576 8.611 8.644 8.675 8.705 8.733 8.759 8.778 8.796 8.821 8.845 8.868 8.890 8.910 8.928 8.945 8.960 8.968 8.976 8.988 8.997 9.006 9.013 9.018 9.022 9.025 9.026 9.023 9.019 9.017 9.014 9.010 9.005 8.999 8.992 8.985 8.977 8.966 8.955 8.947 8.940
7.241 7.257 7.273 7.290 7.307 7.326 7.345 7.365 7.385 7.405 7.422 7.437 7.452 7.473 7.497 7.523 7.557 7.598 7.645 7.699 7.762 7.829 7.897 7.947 8.001 8.074 8.143 8.208 8.267 8.323 8.374 8.420 8.461 8.488 8.514 8.553 8.590 8.624 8.656 8.687 8.716 8.743 8.770 8.788 8.806 8.831 8.855 8.878 8.900 8.920 8.939 8.956 8.971 8.980 8.988 9.000 9.010 9.019 9.027 9.033 9.038 9.042 9.045 9.043 9.041 9.041 9.039 9.037 9.033 9.028 9.022 9.015 9.008 8.996 8.984 8.976 8.968
7.251 7.266 7.283 7.300 7.318 7.337 7.357 7.377 7.399 7.420 7.438 7.454 7.471 7.494 7.520 7.547 7.582 7.624 7.671 7.724 7.785 7.852 7.920 7.970 8.024 8.095 8.163 8.227 8.285 8.340 8.390 8.436 8.477 8.503 8.529 8.567 8.604 8.638 8.669 8.699 8.727 8.754 8.781 8.798 8.816 8.841 8.865 8.888 8.909 8.929 8.948 8.965 8.980 8.990 8.999 9.010 9.021 9.031 9.039 9.046 9.052 9.057 9.061 9.061 9.060 9.062 9.062 9.061 9.058 9.055 9.050 9.045 9.038 9.027 9.015 9.006 8.997
7.261 7.277 7.293 7.310 7.329 7.348 7.369 7.390 7.412 7.434 7.453 7.470 7.488 7.513 7.541 7.570 7.606 7.648 7.694 7.747 7.807 7.873 7.944 7.994 8.047 8.117 8.184 8.247 8.304 8.358 8.408 8.453 8.494 8.519 8.545 8.582 8.618 8.651 8.682 8.712 8.740 8.766 8.792 8.810 8.827 8.851 8.875 8.897 8.918 8.938 8.957 8.974 8.989 8.998 9.008 9.020 9.031 9.041 9.050 9.058 9.065 9.071 9.077 9.078 9.078 9.081 9.083 9.083 9.082 9.080 9.077 9.073 9.067 9.057 9.046 9.038 9.028
7.272 7.288 7.304 7.322 7.340 7.360 7.381 7.403 7.425 7.447 7.467 7.485 7.504 7.531 7.560 7.591 7.628 7.670 7.717 7.769 7.828 7.898 7.970 8.018 8.070 8.140 8.205 8.266 8.323 8.376 8.425 8.470 8.510 8.535 8.560 8.597 8.632 8.666 8.696 8.725 8.752 8.779 8.805 8.822 8.838 8.862 8.885 8.907 8.927 8.947 8.965 8.981 8.995 9.005 9.015 9.028 9.039 9.050 9.060 9.068 9.076 9.084 9.090 9.093 9.094 9.098 9.101 9.103 9.104 9.104 9.102 9.099 9.095 9.087 9.077 9.069 9.060
7.284 7.299 7.316 7.333 7.352 7.372 7.393 7.415 7.437 7.459 7.479 7.497 7.519 7.548 7.579 7.611 7.649 7.693 7.740 7.793 7.855 7.925 7.995 8.042 8.094 8.162 8.226 8.287 8.343 8.395 8.443 8.487 8.527 8.552 8.576 8.612 8.647 8.680 8.711 8.739 8.766 8.793 8.818 8.834 8.850 8.873 8.895 8.916 8.935 8.954 8.972 8.987 9.001 9.011 9.021 9.034 9.046 9.058 9.068 9.077 9.086 9.095 9.102 9.106 9.108 9.113 9.118 9.121 9.124 9.125 9.125 9.124 9.121 9.114 9.105 9.099 9.090
7.296 7.312 7.328 7.345 7.364 7.383 7.405 7.426 7.448 7.469 7.489 7.510 7.534 7.564 7.597 7.631 7.671 7.715 7.764 7.819 7.882 7.950 8.018 8.065 8.116 8.183 8.247 8.307 8.362 8.414 8.461 8.504 8.544 8.568 8.592 8.628 8.663 8.696 8.726 8.754 8.781 8.807 8.831 8.846 8.861 8.883 8.904 8.924 8.943 8.961 8.977 8.992 9.006 9.016 9.026 9.039 9.052 9.064 9.075 9.085 9.095 9.104 9.113 9.117 9.120 9.127 9.133 9.138 9.141 9.144 9.145 9.146 9.145 9.139 9.132 9.127 9.120
7.309 7.324 7.340 7.357 7.375 7.395 7.416 7.437 7.458 7.479 7.499 7.522 7.548 7.580 7.615 7.651 7.692 7.738 7.788 7.844 7.907 7.974 8.040 8.088 8.139 8.205 8.269 8.328 8.382 8.433 8.479 8.522 8.561 8.585 8.608 8.644 8.679 8.711 8.741 8.770 8.796 8.821 8.844 8.858 8.873 8.894 8.914 8.933 8.950 8.967 8.982 8.996 9.010 9.020 9.030 9.044 9.056 9.069 9.080 9.091 9.102 9.112 9.121 9.126 9.131 9.139 9.146 9.152 9.157 9.161 9.163 9.165 9.166 9.162 9.156 9.152 9.147
7.321 7.337 7.352 7.369 7.387 7.406 7.426 7.446 7.466 7.487 7.509 7.533 7.561 7.596 7.632 7.670 7.713 7.761 7.812 7.868 7.930 7.995 8.061 8.110 8.161 8.227 8.291 8.350 8.403 8.452 8.497 8.539 8.578 8.602 8.625 8.661 8.695 8.728 8.757 8.785 8.811 8.835 8.857 8.871 8.884 8.904 8.923 8.940 8.957 8.972 8.987 9.000 9.014 9.024 9.034 9.047 9.060 9.073 9.085 9.096 9.107 9.118 9.128 9.134 9.140 9.148 9.157 9.164 9.170 9.175 9.179 9.182 9.184 9.182 9.178 9.176 9.172
7.334 7.349 7.365 7.381 7.398 7.416 7.434 7.454 7.474 7.495 7.518 7.544 7.575 7.611 7.649 7.689 7.734 7.783 7.834 7.890 7.950 8.015 8.082 8.132 8.183 8.249 8.313 8.372 8.423 8.471 8.515 8.556 8.596 8.619 8.641 8.677 8.712 8.744 8.773 8.801 8.826 8.849 8.870 8.882 8.895 8.913 8.931 8.948 8.963 8.977 8.991 9.004 9.018 9.027 9.037 9.050 9.063 9.076 9.088 9.100 9.111 9.122 9.134 9.141 9.147 9.157 9.166 9.174 9.181 9.188 9.193 9.197 9.200 9.199 9.197 9.196 9.194
7.347 7.361 7.376 7.391 7.408 7.424 7.442 7.461 7.481 7.502 7.527 7.556 7.589 7.626 7.665 7.707 7.754 7.803 7.854 7.909 7.968 8.034 8.103 8.154 8.206 8.273 8.337 8.394 8.444 8.490 8.532 8.573 8.613 8.636 8.658 8.695 8.729 8.761 8.789 8.816 8.840 8.862 8.882 8.894 8.905 8.923 8.939 8.954 8.969 8.982 8.995 9.008 9.021 9.030 9.040 9.053 9.065 9.078 9.090 9.102 9.114 9.126 9.137 9.145 9.153 9.163 9.173 9.183 9.191 9.198 9.204 9.209 9.213 9.213 9.213 9.213 9.213
7.359 7.373 7.387 7.401 7.416 7.432 7.449 7.467 7.487 7.510 7.537 7.567 7.601 7.640 7.680 7.724 7.772 7.822 7.873 7.927 7.987 8.054 8.125 8.178 8.230 8.298 8.360 8.415 8.463 8.508 8.549 8.590 8.630 8.652 8.675 8.711 8.745 8.776 8.804 8.830 8.853 8.874 8.893 8.904 8.914 8.930 8.946 8.960 8.974 8.987 8.999 9.012 9.024 9.033 9.042 9.055 9.067 9.080 9.092 9.104 9.116 9.128 9.140 9.149 9.157 9.168 9.179 9.189 9.198 9.206 9.213 9.219 9.224 9.225 9.226 9.228 9.229
7.371 7.384 7.397 7.410 7.424 7.438 7.455 7.473 7.493 7.517 7.546 7.578 7.613 7.653 7.694 7.739 7.788 7.839 7.891 7.946 8.006 8.073 8.147 8.201 8.254 8.321 8.382 8.436 8.482 8.526 8.566 8.606 8.645 8.668 8.691 8.727 8.760 8.790 8.818 8.843 8.866 8.886 8.903 8.913 8.923 8.938 8.953 8.966 8.979 8.991 9.003 9.015 9.027 9.036 9.044 9.056 9.069 9.081 9.093 9.105 9.117 9.129 9.142 9.151 9.159 9.171 9.183 9.194 9.203 9.212 9.220 9.227 9.233 9.235 9.237 9.240 9.242
7.382 7.394 7.406 7.418 7.431 7.444 7.460 7.478 7.499 7.525 7.555 7.589 7.625 7.665 7.707 7.754 7.805 7.857 7.910 7.966 8.025 8.094 8.173 8.229 8.280 8.346 8.405 8.456 8.501 8.543 8.582 8.620 8.662 8.685 8.707 8.742 8.775 8.804 8.831 8.856 8.878 8.897 8.913 8.922 8.931 8.945 8.959 8.972 8.984 8.996 9.007 9.019 9.030 9.038 9.047 9.058 9.070 9.082 9.094 9.106 9.117 9.130 9.143 9.152 9.161 9.174 9.186 9.197 9.207 9.217 9.226 9.233 9.239 9.242 9.245 9.249 9.253
7.392 7.403 7.413 7.425 7.437 7.450 7.466 7.483 7.506 7.534 7.565 7.600 7.637 7.678 7.720 7.769 7.822 7.876 7.932 7.988 8.047 8.125 8.207 8.259 8.308 8.371 8.427 8.476 8.519 8.559 8.596 8.637 8.679 8.701 8.722 8.757 8.789 8.817 8.843 8.867 8.889 8.906 8.921 8.930 8.938 8.952 8.965 8.977 8.989 9.000 9.011 9.022 9.033 9.041 9.049 9.060 9.072 9.084 9.095 9.107 9.118 9.131 9.144 9.153 9.162 9.175 9.187 9.199 9.209 9.220 9.229 9.237 9.243 9.247 9.251 9.256 9.261
7.401 7.411 7.421 7.432 7.444 7.457 7.472 7.491 7.515 7.542 7.574 7.610 7.651 7.693 7.735 7.787 7.843 7.900 7.958 8.018 8.085 8.164 8.239 8.288 8.335 8.395 8.448 8.495 8.536 8.575 8.613 8.654 8.694 8.715 8.737 8.770 8.801 8.829 8.854 8.877 8.897 8.913 8.928 8.936 8.945 8.958 8.970 8.982 8.993 9.004 9.015 9.025 9.036 9.043 9.051 9.062 9.073 9.085 9.096 9.108 9.119 9.132 9.145 9.154 9.163 9.176 9.188 9.199 9.210 9.221 9.230 9.239 9.246 9.251 9.255 9.261 9.267
7.410 7.420 7.429 7.440 7.452 7.464 7.480 7.500 7.523 7.551 7.584 7.623 7.667 7.710 7.753 7.808 7.868 7.928 7.990 8.056 8.126 8.201 8.270 8.316 8.361 8.417 8.468 8.512 8.553 8.592 8.630 8.669 8.707 8.727 8.749 8.781 8.811 8.838 8.862 8.884 8.903 8.919 8.934 8.942 8.950 8.963 8.975 8.987 8.997 9.008 9.018 9.028 9.039 9.046 9.053 9.064 9.075 9.087 9.098 9.109 9.121 9.133 9.146 9.154 9.163 9.176 9.188 9.199 9.210 9.220 9.230 9.239 9.247 9.252 9.257 9.264 9.271
7.419 7.428 7.437 7.448 7.460 7.472 7.488 7.508 7.532 7.559 7.594 7.637 7.685 7.729 7.774 7.834 7.897 7.961 8.028 8.097 8.167 8.237 8.301 8.344 8.386 8.438 8.486 8.529 8.569 8.608 8.645 8.682 8.717 8.738 8.758 8.790 8.819 8.845 8.868 8.889 8.908 8.924 8.938 8.947 8.955 8.967 8.979 8.990 9.001 9.011 9.021 9.031 9.041 9.048 9.055 9.066 9.077 9.088 9.099 9.111 9.122 9.134 9.146 9.155 9.163 9.175 9.187 9.198 9.209 9.219 9.229 9.238 9.246 9.252 9.258 9.265 9.273
7.428 7.437 7.445 7.456 7.468 7.481 7.497 7.517 7.541 7.570 7.607 7.653 7.706 7.752 7.800 7.864 7.931 8.000 8.069 8.138 8.207 8.272 8.330 8.371 8.410 8.459 8.504 8.546 8.585 8.622 8.658 8.693 8.726 8.746 8.766 8.797 8.824 8.850 8.873 8.893 8.911 8.927 8.941 8.950 8.958 8.970 8.982 8.993 9.003 9.013 9.023 9.033 9.043 9.050 9.057 9.068 9.079 9.090 9.101 9.113 9.124 9.135 9.147 9.155 9.163 9.174 9.185 9.196 9.207 9.217 9.226 9.235 9.244 9.251 9.257 9.265 9.273
7.436 7.446 7.454 7.465 7.477 7.490 7.506 7.527 7.551 7.581 7.621 7.672 7.730 7.778 7.828 7.897 7.968 8.040 8.110 8.179 8.245 8.306 8.360 8.397 8.434 8.479 8.522 8.562 8.599 8.635 8.669 8.702 8.734 8.753 8.772 8.801 8.828 8.853 8.875 8.895 8.913 8.929 8.943 8.952 8.960 8.972 8.984 8.995 9.005 9.015 9.024 9.034 9.045 9.052 9.058 9.069 9.081 9.092 9.103 9.114 9.125 9.136 9.147 9.154 9.162 9.173 9.184 9.194 9.204 9.214 9.223 9.232 9.241 9.248 9.255 9.263 9.271
7.445 7.454 7.462 7.474 7.486 7.499 7.516 7.537 7.562 7.594 7.637 7.694 7.758 7.808 7.860 7.934 8.008 8.081 8.151 8.219 8.282 8.339 8.389 8.423 8.457 8.499 8.539 8.577 8.612 8.646 8.679 8.710 8.740 8.758 8.777 8.805 8.830 8.854 8.876 8.895 8.913 8.929 8.943 8.952 8.960 8.973 8.984 8.995 9.005 9.015 9.025 9.035 9.046 9.053 9.060 9.071 9.082 9.093 9.104 9.115 9.126 9.137 9.147 9.154 9.162 9.172 9.182 9.192 9.201 9.211 9.220 9.229 9.238 9.245 9.252 9.260 9.269
7.454 7.463 7.471 7.482 7.495 7.508 7.526 7.548 7.575 7.610 7.658 7.720 7.788 7.840 7.895 7.972 8.047 8.119 8.188 8.254 8.315 8.368 8.414 8.446 8.477 8.516 8.554 8.590 8.623 8.655 8.686 8.716 8.744 8.761 8.780 8.805 8.830 8.853 8.874 8.893 8.911 8.927 8.941 8.950 8.959 8.971 8.983 8.994 9.004 9.014 9.024 9.035 9.046 9.053 9.060 9.072 9.083 9.094 9.105 9.116 9.127 9.137 9.146 9.153 9.160 9.170 9.179 9.189 9.198 9.207 9.216 9.225 9.234 9.241 9.248 9.256 9.265
