version1/TsunamiDB/out54000.asc
ncols          264
nrows          230
xllcorner      497853.4375
yllcorner      4229146.0000
cellsize         5.
NODATA_value   -99
[rows 155 to 185 of 230, columns 138 to 206 of 264]
-99.000 -99.000 -99.000 -99.000 -99.000 -99.000 -99.000 -99.000 -99.000 -99.000 -99.000 -99.000 -99.000 -99.000 -99.000 -99.000 -99.000 -99.000 -99.000 -99.000 -99.000 -99.000 -99.000 -99.000 -99.000 -99.000 -99.000 -99.000 -99.000 -99.000 -99.000 -99.000 -99.000 -99.000 -99.000 -99.000 1.646 1.648 1.678 1.802 2.033 2.357 2.751 3.195 3.657 4.085 4.430 4.664 4.809 4.882 4.953 5.028 5.088 5.142 5.205 5.280 5.344 5.409 5.448 5.430 5.525 5.617 5.606 5.595 5.583 5.556 5.495 5.413 5.341
-99.000 -99.000 -99.000 -99.000 -99.000 -99.000 -99.000 -99.000 -99.000 -99.000 -99.000 -99.000 -99.000 -99.000 -99.000 -99.000 -99.000 -99.000 -99.000 -99.000 -99.000 -99.000 -99.000 -99.000 -99.000 -99.000 -99.000 -99.000 -99.000 -99.000 -99.000 -99.000 -99.000 -99.000 -99.000 -99.000 1.645 1.650 1.712 1.882 2.153 2.513 2.934 3.394 3.853 4.257 4.567 4.779 4.887 4.937 5.009 5.093 5.156 5.210 5.267 5.326 5.381 5.451 5.468 5.436 5.528 5.621 5.614 5.609 5.597 5.565 5.501 5.413 5.352
-99.000 -99.000 -99.000 -99.000 -99.000 -99.000 -99.000 -99.000 -99.000 -99.000 -99.000 -99.000 -99.000 -99.000 -99.000 -99.000 -99.000 -99.000 -99.000 -99.000 -99.000 -99.000 -99.000 -99.000 -99.000 -99.000 -99.000 -99.000 -99.000 -99.000 -99.000 -99.000 -99.000 -99.000 -99.000 -99.000 1.644 1.662 1.763 1.975 2.285 2.678 3.124 3.592 4.037 4.412 4.679 4.847 4.934 4.980 5.063 5.160 5.230 5.283 5.330 5.380 5.422 5.456 5.454 5.430 5.519 5.609 5.609 5.606 5.587 5.549 5.485 5.415 5.379
-99.000 -99.000 -99.000 -99.000 -99.000 -99.000 -99.000 -99.000 -99.000 -99.000 -99.000 -99.000 -99.000 -99.000 -99.000 -99.000 -99.000 -99.000 -99.000 -99.000 -99.000 -99.000 -99.000 -99.000 -99.000 -99.000 -99.000 -99.000 -99.000 -99.000 -99.000 -99.000 -99.000 -99.000 -99.000 -99.000 1.645 1.687 1.831 2.081 2.428 2.850 3.309 3.772 4.192 4.525 4.745 4.883 4.960 5.007 5.105 5.215 5.288 5.335 5.372 5.405 5.419 5.427 5.426 5.405 5.492 5.582 5.588 5.584 5.563 5.527 5.476 5.434 5.411
-99.000 -99.000 -99.000 -99.000 -99.000 -99.000 -99.000 -99.000 -99.000 -99.000 -99.000 -99.000 -99.000 -99.000 -99.000 -99.000 -99.000 -99.000 -99.000 -99.000 -99.000 -99.000 -99.000 -99.000 -99.000 -99.000 -99.000 -99.000 -99.000 -99.000 -99.000 -99.000 -99.000 -99.000 -99.000 1.645 1.653 1.729 1.917 2.204 2.587 3.032 3.491 3.938 4.321 4.602 4.783 4.899 4.971 5.024 5.133 5.255 5.322 5.363 5.386 5.396 5.391 5.388 5.385 5.371 5.457 5.548 5.558 5.558 5.539 5.511 5.481 5.456 5.442
-99.000 -99.000 -99.000 -99.000 -99.000 -99.000 -99.000 -99.000 -99.000 -99.000 -99.000 -99.000 -99.000 -99.000 -99.000 -99.000 -99.000 -99.000 -99.000 -99.000 -99.000 -99.000 -99.000 -99.000 -99.000 -99.000 -99.000 -99.000 -99.000 -99.000 -99.000 -99.000 -99.000 -99.000 -99.000 1.645 1.671 1.790 2.019 2.340 2.755 3.212 3.662 4.084 4.419 4.653 4.804 4.906 4.976 5.031 5.149 5.274 5.338 5.372 5.377 5.372 5.355 5.343 5.343 5.335 5.419 5.510 5.528 5.533 5.520 5.508 5.494 5.481 5.480
-99.000 -99.000 -99.000 -99.000 -99.000 -99.000 -99.000 -99.000 -99.000 -99.000 -99.000 -99.000 -99.000 -99.000 -99.000 -99.000 -99.000 -99.000 -99.000 -99.000 -99.000 -99.000 -99.000 -99.000 -99.000 -99.000 -99.000 -99.000 -99.000 -99.000 -99.000 -99.000 -99.000 -99.000 1.647 1.651 1.707 1.871 2.138 2.490 2.931 3.390 3.819 4.207 4.486 4.679 4.809 4.902 4.968 5.022 5.149 5.280 5.338 5.359 5.354 5.339 5.314 5.300 5.302 5.298 5.383 5.477 5.501 5.512 5.512 5.511 5.508 5.508 5.516
-99.000 -99.000 -99.000 -99.000 -99.000 -99.000 -99.000 -99.000 -99.000 -99.000 -99.000 -99.000 -99.000 -99.000 -99.000 -99.000 -99.000 -99.000 -99.000 -99.000 -99.000 -99.000 -99.000 -99.000 -99.000 -99.000 -99.000 -99.000 -99.000 -99.000 -99.000 -99.000 -99.000 -99.000 1.650 1.668 1.766 1.974 2.277 2.658 3.118 3.569 3.965 4.305 4.528 4.687 4.801 4.885 4.947 5.002 5.136 5.270 5.316 5.329 5.318 5.297 5.273 5.258 5.260 5.263 5.349 5.444 5.474 5.496 5.504 5.511 5.521 5.530 5.540
-99.000 -99.000 -99.000 -99.000 -99.000 -99.000 -99.000 -99.000 -99.000 -99.000 -99.000 -99.000 -99.000 -99.000 -99.000 -99.000 -99.000 -99.000 -99.000 -99.000 -99.000 -99.000 -99.000 -99.000 -99.000 -99.000 -99.000 -99.000 -99.000 -99.000 -99.000 -99.000 -99.000 -99.000 1.658 1.702 1.847 2.095 2.433 2.837 3.311 3.744 4.097 4.374 4.550 4.683 4.782 4.855 4.912 4.962 5.099 5.228 5.263 5.271 5.255 5.238 5.217 5.203 5.208 5.217 5.302 5.400 5.440 5.469 5.484 5.503 5.522 5.534 5.547
-99.000 -99.000 -99.000 -99.000 -99.000 -99.000 -99.000 -99.000 -99.000 -99.000 -99.000 -99.000 -99.000 -99.000 -99.000 -99.000 -99.000 -99.000 -99.000 -99.000 -99.000 -99.000 -99.000 -99.000 -99.000 -99.000 -99.000 -99.000 -99.000 -99.000 -99.000 -99.000 -99.000 1.656 1.667 1.751 1.942 2.233 2.612 3.036 3.520 3.924 4.223 4.452 4.594 4.708 4.793 4.855 4.903 4.944 5.074 5.192 5.215 5.214 5.201 5.190 5.178 5.169 5.173 5.182 5.269 5.370 5.413 5.445 5.467 5.492 5.514 5.528 5.543
-99.000 -99.000 -99.000 -99.000 -99.000 -99.000 -99.000 -99.000 -99.000 -99.000 -99.000 -99.000 -99.000 -99.000 -99.000 -99.000 -99.000 -99.000 -99.000 -99.000 -99.000 -99.000 -99.000 -99.000 -99.000 -99.000 -99.000 -99.000 -99.000 -99.000 -99.000 -99.000 1.661 1.663 1.695 1.824 2.061 2.396 2.802 3.242 3.728 4.090 4.346 4.545 4.669 4.773 4.850 4.908 4.946 4.971 5.091 5.197 5.204 5.196 5.184 5.178 5.168 5.156 5.152 5.162 5.249 5.346 5.390 5.423 5.450 5.479 5.503 5.519 5.534
-99.000 -99.000 -99.000 -99.000 -99.000 -99.000 -99.000 -99.000 -99.000 -99.000 -99.000 -99.000 -99.000 -99.000 -99.000 -99.000 -99.000 -99.000 -99.000 -99.000 -99.000 -99.000 -99.000 -99.000 -99.000 -99.000 -99.000 -99.000 -99.000 -99.000 -99.000 -99.000 1.665 1.674 1.741 1.915 2.197 2.573 2.991 3.439 3.903 4.211 4.424 4.598 4.716 4.816 4.892 4.947 4.969 4.985 5.100 5.196 5.190 5.178 5.164 5.158 5.152 5.130 5.127 5.143 5.226 5.321 5.362 5.399 5.429 5.458 5.484 5.502 5.514
-99.000 -99.000 -99.000 -99.000 -99.000 -99.000 -99.000 -99.000 -99.000 -99.000 -99.000 -99.000 -99.000 -99.000 -99.000 -99.000 -99.000 -99.000 -99.000 -99.000 -99.000 -99.000 -99.000 -99.000 -99.000 -99.000 -99.000 -99.000 -99.000 -99.000 -99.000 1.663 1.666 1.689 1.797 2.018 2.339 2.737 3.181 3.633 4.054 4.307 4.486 4.640 4.752 4.849 4.917 4.952 4.966 4.980 5.087 5.174 5.162 5.148 5.132 5.129 5.125 5.115 5.123 5.130 5.206 5.298 5.340 5.374 5.402 5.434 5.462 5.478 5.489
-99.000 -99.000 -99.000 -99.000 -99.000 -99.000 -99.000 -99.000 -99.000 -99.000 -99.000 -99.000 -99.000 -99.000 -99.000 -99.000 -99.000 -99.000 -99.000 -99.000 -99.000 -99.000 -99.000 -99.000 -99.000 -99.000 -99.000 -99.000 -99.000 -99.000 -99.000 -99.000 1.670 1.719 1.873 2.134 2.486 2.905 3.365 3.799 4.169 4.379 4.535 4.675 4.783 4.868 4.919 4.938 4.945 4.953 5.056 5.139 5.127 5.113 5.103 5.107 5.115 5.119 5.121 5.120 5.193 5.285 5.322 5.350 5.377 5.408 5.434 5.450 5.461
-99.000 -99.000 -99.000 -99.000 -99.000 -99.000 -99.000 -99.000 -99.000 -99.000 -99.000 -99.000 -99.000 -99.000 -99.000 -99.000 -99.000 -99.000 -99.000 -99.000 -99.000 -99.000 -99.000 -99.000 -99.000 -99.000 -99.000 -99.000 -99.000 -99.000 -99.000 1.665 1.681 1.770 1.971 2.269 2.647 3.084 3.548 3.947 4.264 4.443 4.582 4.715 4.814 4.881 4.914 4.918 4.916 4.922 5.023 5.103 5.093 5.088 5.087 5.103 5.122 5.125 5.121 5.119 5.191 5.278 5.307 5.331 5.354 5.381 5.407 5.423 5.433
-99.000 -99.000 -99.000 -99.000 -99.000 -99.000 -99.000 -99.000 -99.000 -99.000 -99.000 -99.000 -99.000 -99.000 -99.000 -99.000 -99.000 -99.000 -99.000 -99.000 -99.000 -99.000 -99.000 -99.000 -99.000 -99.000 -99.000 -99.000 -99.000 -99.000 -99.000 1.666 1.705 1.840 2.079 2.410 2.812 3.267 3.719 4.064 4.341 4.498 4.629 4.758 4.841 4.892 4.909 4.898 4.891 4.895 4.992 5.073 5.070 5.075 5.087 5.115 5.134 5.134 5.130 5.125 5.193 5.275 5.299 5.316 5.333 5.357 5.382 5.398 5.410
-99.000 -99.000 -99.000 -99.000 -99.000 -99.000 -99.000 -99.000 -99.000 -99.000 -99.000 -99.000 -99.000 -99.000 -99.000 -99.000 -99.000 -99.000 -99.000 -99.000 -99.000 -99.000 -99.000 -99.000 -99.000 -99.000 -99.000 -99.000 -99.000 -99.000 -99.000 1.673 1.746 1.925 2.200 2.565 2.994 3.453 3.866 4.159 4.406 4.549 4.676 4.800 4.865 4.901 4.900 4.877 4.867 4.871 4.968 5.051 5.056 5.074 5.101 5.133 5.148 5.146 5.139 5.131 5.196 5.276 5.295 5.306 5.317 5.338 5.361 5.380 5.393
-99.000 -99.000 -99.000 -99.000 -99.000 -99.000 -99.000 -99.000 -99.000 -99.000 -99.000 -99.000 -99.000 -99.000 -99.000 -99.000 -99.000 -99.000 -99.000 -99.000 -99.000 -99.000 -99.000 -99.000 -99.000 -99.000 -99.000 -99.000 -99.000 -99.000 1.661 1.692 1.806 2.028 2.343 2.740 3.193 3.639 3.998 4.245 4.469 4.604 4.726 4.840 4.883 4.903 4.886 4.854 4.844 4.853 4.951 5.034 5.050 5.084 5.117 5.149 5.162 5.155 5.143 5.136 5.201 5.278 5.294 5.300 5.307 5.323 5.346 5.368 5.379
-99.000 -99.000 -99.000 -99.000 -99.000 -99.000 -99.000 -99.000 -99.000 -99.000 -99.000 -99.000 -99.000 -99.000 -99.000 -99.000 -99.000 -99.000 -99.000 -99.000 -99.000 -99.000 -99.000 -99.000 -99.000 -99.000 -99.000 -99.000 -99.000 1.662 1.666 1.724 1.884 2.147 2.499 2.932 3.397 3.808 4.113 4.324 4.531 4.658 4.779 4.871 4.892 4.893 4.861 4.826 4.821 4.834 4.929 5.016 5.046 5.090 5.128 5.160 5.167 5.154 5.141 5.136 5.200 5.277 5.294 5.298 5.300 5.315 5.337 5.357 5.370
-99.000 -99.000 -99.000 -99.000 -99.000 -99.000 -99.000 -99.000 -99.000 -99.000 -99.000 -99.000 -99.000 -99.000 -99.000 -99.000 -99.000 -99.000 -99.000 -99.000 -99.000 -99.000 -99.000 -99.000 -99.000 -99.000 -99.000 -99.000 -99.000 1.663 1.676 1.772 1.976 2.276 2.664 3.123 3.576 3.938 4.205 4.400 4.599 4.733 4.847 4.910 4.911 4.897 4.859 4.825 4.821 4.832 4.927 5.018 5.057 5.105 5.144 5.172 5.173 5.156 5.144 5.138 5.205 5.284 5.303 5.306 5.307 5.318 5.336 5.354 5.365
-99.000 -99.000 -99.000 -99.000 -99.000 -99.000 -99.000 -99.000 -99.000 -99.000 -99.000 -99.000 -99.000 -99.000 -99.000 -99.000 -99.000 -99.000 -99.000 -99.000 -99.000 -99.000 -99.000 -99.000 -99.000 -99.000 -99.000 -99.000 -99.000 1.666 1.700 1.842 2.089 2.426 2.846 3.307 3.724 4.051 4.310 4.497 4.697 4.837 4.932 4.965 4.955 4.931 4.889 4.852 4.842 4.851 4.946 5.040 5.085 5.134 5.170 5.192 5.188 5.169 5.155 5.151 5.219 5.303 5.324 5.327 5.327 5.334 5.345 5.363 5.375
-99.000 -99.000 -99.000 -99.000 -99.000 -99.000 -99.000 -99.000 -99.000 -99.000 -99.000 -99.000 -99.000 -99.000 -99.000 -99.000 -99.000 -99.000 -99.000 -99.000 -99.000 -99.000 -99.000 -99.000 -99.000 -99.000 -99.000 -99.000 -99.000 1.675 1.741 1.931 2.217 2.590 3.026 3.461 3.842 4.173 4.417 4.590 4.783 4.920 4.984 4.999 4.983 4.954 4.913 4.869 4.862 4.877 4.974 5.073 5.118 5.165 5.196 5.210 5.203 5.181 5.167 5.167 5.238 5.326 5.350 5.356 5.356 5.358 5.367 5.388 5.390
-99.000 -99.000 -99.000 -99.000 -99.000 -99.000 -99.000 -99.000 -99.000 -99.000 -99.000 -99.000 -99.000 -99.000 -99.000 -99.000 -99.000 -99.000 -99.000 -99.000 -99.000 -99.000 -99.000 -99.000 -99.000 -99.000 -99.000 -99.000 1.657 1.689 1.797 2.027 2.350 2.748 3.182 3.595 3.961 4.276 4.512 4.667 4.845 4.962 5.005 5.015 4.996 4.969 4.931 4.898 4.901 4.912 5.010 5.112 5.156 5.196 5.217 5.225 5.217 5.199 5.192 5.190 5.262 5.356 5.388 5.396 5.396 5.399 5.407 5.412 5.396
-99.000 -99.000 -99.000 -99.000 -99.000 -99.000 -99.000 -99.000 -99.000 -99.000 -99.000 -99.000 -99.000 -99.000 -99.000 -99.000 -99.000 -99.000 -99.000 -99.000 -99.000 -99.000 -99.000 -99.000 -99.000 -99.000 -99.000 -99.000 1.660 1.715 1.865 2.132 2.482 2.891 3.315 3.718 4.081 4.372 4.584 4.717 4.878 4.982 5.019 5.029 5.014 4.991 4.960 4.938 4.941 4.953 5.054 5.159 5.196 5.225 5.239 5.245 5.238 5.228 5.222 5.218 5.293 5.396 5.434 5.444 5.444 5.446 5.441 5.427 5.400
-99.000 -99.000 -99.000 -99.000 -99.000 -99.000 -99.000 -99.000 -99.000 -99.000 -99.000 -99.000 -99.000 -99.000 -99.000 -99.000 -99.000 -99.000 -99.000 -99.000 -99.000 -99.000 -99.000 -99.000 -99.000 -99.000 -99.000 1.645 1.667 1.757 1.948 2.250 2.622 3.039 3.460 3.862 4.207 4.459 4.638 4.753 4.902 5.004 5.039 5.054 5.040 5.020 4.996 4.980 4.987 5.002 5.106 5.210 5.238 5.258 5.265 5.270 5.269 5.263 5.257 5.254 5.333 5.443 5.481 5.492 5.491 5.482 5.465 5.437 5.400
-99.000 -99.000 -99.000 -99.000 -99.000 -99.000 -99.000 -99.000 -99.000 -99.000 -99.000 -99.000 -99.000 -99.000 -99.000 -99.000 -99.000 -99.000 -99.000 -99.000 -99.000 -99.000 -99.000 -99.000 -99.000 -99.000 1.643 1.648 1.684 1.811 2.039 2.367 2.760 3.185 3.612 4.009 4.310 4.522 4.679 4.784 4.926 5.025 5.062 5.080 5.066 5.054 5.036 5.026 5.042 5.057 5.160 5.263 5.283 5.294 5.297 5.305 5.306 5.302 5.300 5.296 5.374 5.486 5.526 5.535 5.527 5.510 5.482 5.442 5.397
-99.000 -99.000 -99.000 -99.000 -99.000 -99.000 -99.000 -99.000 -99.000 -99.000 -99.000 -99.000 -99.000 -99.000 -99.000 -99.000 -99.000 -99.000 -99.000 -99.000 -99.000 -99.000 -99.000 -99.000 -99.000 -99.000 -99.000 1.651 1.712 1.879 2.141 2.494 2.904 3.344 3.773 4.136 4.392 4.577 4.722 4.816 4.948 5.048 5.086 5.103 5.096 5.090 5.079 5.080 5.099 5.111 5.214 5.317 5.332 5.335 5.337 5.344 5.346 5.346 5.344 5.334 5.411 5.524 5.563 5.567 5.552 5.528 5.491 5.443 5.392
-99.000 -99.000 -99.000 -99.000 -99.000 -99.000 -99.000 -99.000 -99.000 -99.000 -99.000 -99.000 -99.000 -99.000 -99.000 -99.000 -99.000 -99.000 -99.000 -99.000 -99.000 -99.000 -99.000 -99.000 -99.000 -99.000 1.643 1.659 1.756 1.965 2.259 2.639 3.067 3.514 3.929 4.250 4.478 4.647 4.777 4.854 4.974 5.074 5.107 5.127 5.126 5.126 5.127 5.135 5.154 5.164 5.268 5.372 5.381 5.380 5.379 5.383 5.387 5.387 5.382 5.367 5.442 5.555 5.589 5.588 5.567 5.536 5.493 5.439 5.380
-99.000 -99.000 -99.000 -99.000 -99.000 -99.000 -99.000 -99.000 -99.000 -99.000 -99.000 -99.000 -99.000 -99.000 -99.000 -99.000 -99.000 -99.000 -99.000 -99.000 -99.000 -99.000 -99.000 -99.000 -99.000 1.643 1.645 1.681 1.818 2.064 2.387 2.788 3.231 3.681 4.075 4.364 4.569 4.724 4.838 4.890 4.996 5.093 5.126 5.149 5.153 5.164 5.172 5.184 5.204 5.211 5.313 5.419 5.425 5.421 5.416 5.419 5.421 5.418 5.410 5.389 5.460 5.569 5.598 5.591 5.565 5.530 5.482 5.420 5.359
-99.000 -99.000 -99.000 -99.000 -99.000 -99.000 -99.000 -99.000 -99.000 -99.000 -99.000 -99.000 -99.000 -99.000 -99.000 -99.000 -99.000 -99.000 -99.000 -99.000 -99.000 -99.000 -99.000 -99.000 -99.000 1.643 1.650 1.716 1.897 2.178 2.527 2.946 3.397 3.840 4.201 4.459 4.645 4.787 4.881 4.909 5.008 5.109 5.144 5.167 5.177 5.196 5.210 5.227 5.245 5.249 5.352 5.460 5.466 5.459 5.451 5.451 5.448 5.440 5.430 5.402 5.466 5.571 5.596 5.584 5.553 5.515 5.465 5.401 5.339
-99.000 -99.000 -99.000 -99.000 -99.000 -99.000 -99.000 -99.000 -99.000 -99.000 -99.000 -99.000 -99.000 -99.000 -99.000 -99.000 -99.000 -99.000 -99.000 -99.000 -99.000 -99.000 -99.000 -99.000 -99.000 1.643 1.663 1.770 1.994 2.309 2.683 3.116 3.567 3.990 4.315 4.549 4.722 4.848 4.918 4.925 5.029 5.135 5.168 5.192 5.209 5.235 5.254 5.272 5.288 5.288 5.392 5.505 5.511 5.502 5.492 5.487 5.478 5.468 5.453 5.414 5.471 5.573 5.594 5.577 5.543 5.503 5.451 5.387 5.323
