version1/TsunamiDB/out54132.asc
ncols          264
nrows          230
xllcorner      497853.4375
yllcorner      4229146.0000
cellsize         5.
NODATA_value   -99
[rows 0 to 33 of 230, columns 0 to 76 of 264]
3.996 4.038 4.079 4.118 4.156 4.193 4.230 4.265 4.300 4.333 4.366 4.398 4.429 4.460 4.490 4.520 4.547 4.574 4.601 4.628 4.654 4.679 4.704 4.728 4.752 4.775 4.798 4.820 4.842 4.864 4.884 4.905 4.925 4.945 4.964 4.983 5.002 5.020 5.038 5.055 5.071 5.087 5.103 5.119 5.135 5.151 5.166 5.181 5.196 5.211 5.225 5.240 5.254 5.268 5.282 5.296 5.310 5.323 5.337 5.350 5.364 5.378 5.391 5.403 5.415 5.428 5.440 5.453 5.466 5.479 5.491 5.504 5.516 5.528 5.540 5.552 5.564
4.019 4.060 4.100 4.138 4.176 4.213 4.249 4.283 4.317 4.351 4.383 4.415 4.446 4.476 4.506 4.535 4.563 4.590 4.616 4.643 4.669 4.694 4.719 4.743 4.767 4.790 4.812 4.835 4.856 4.878 4.898 4.919 4.939 4.959 4.978 4.997 5.015 5.034 5.052 5.068 5.084 5.100 5.116 5.132 5.148 5.164 5.179 5.194 5.209 5.223 5.238 5.252 5.266 5.280 5.294 5.307 5.321 5.334 5.348 5.361 5.375 5.388 5.401 5.412 5.424 5.437 5.450 5.462 5.475 5.487 5.500 5.513 5.525 5.537 5.549 5.561 5.573
4.041 4.081 4.120 4.159 4.196 4.232 4.267 4.302 4.335 4.368 4.400 4.432 4.462 4.493 4.522 4.551 4.578 4.605 4.631 4.658 4.683 4.708 4.733 4.757 4.781 4.804 4.826 4.848 4.870 4.891 4.912 4.932 4.952 4.972 4.991 5.010 5.029 5.047 5.065 5.081 5.097 5.113 5.130 5.146 5.161 5.177 5.192 5.207 5.222 5.236 5.250 5.264 5.278 5.292 5.306 5.319 5.332 5.346 5.359 5.372 5.385 5.398 5.411 5.422 5.434 5.446 5.459 5.471 5.484 5.496 5.509 5.521 5.534 5.546 5.558 5.570 5.582
4.062 4.102 4.141 4.178 4.215 4.251 4.286 4.320 4.353 4.385 4.417 4.448 4.479 4.508 4.538 4.566 4.593 4.620 4.646 4.672 4.698 4.723 4.747 4.771 4.795 4.818 4.840 4.862 4.884 4.905 4.925 4.946 4.966 4.985 5.004 5.023 5.042 5.060 5.078 5.094 5.110 5.126 5.142 5.158 5.174 5.190 5.205 5.220 5.234 5.249 5.263 5.277 5.291 5.304 5.318 5.331 5.344 5.357 5.370 5.383 5.396 5.409 5.421 5.433 5.444 5.456 5.468 5.481 5.493 5.505 5.518 5.530 5.542 5.554 5.567 5.579 5.591
4.084 4.123 4.161 4.198 4.234 4.270 4.304 4.338 4.370 4.402 4.434 4.465 4.495 4.524 4.553 4.582 4.609 4.635 4.661 4.687 4.712 4.737 4.761 4.785 4.808 4.831 4.853 4.875 4.897 4.918 4.939 4.959 4.979 4.998 5.017 5.036 5.054 5.072 5.090 5.107 5.123 5.139 5.155 5.171 5.187 5.202 5.217 5.232 5.247 5.261 5.276 5.289 5.303 5.317 5.330 5.343 5.356 5.369 5.382 5.395 5.407 5.420 5.432 5.443 5.455 5.466 5.478 5.490 5.502 5.515 5.527 5.539 5.551 5.563 5.575 5.587 5.599
4.105 4.144 4.181 4.218 4.253 4.288 4.322 4.355 4.388 4.419 4.451 4.481 4.511 4.540 4.569 4.597 4.623 4.649 4.675 4.701 4.726 4.751 4.775 4.799 4.822 4.844 4.867 4.889 4.910 4.931 4.951 4.971 4.991 5.011 5.030 5.048 5.067 5.085 5.103 5.119 5.135 5.151 5.167 5.183 5.199 5.215 5.230 5.245 5.259 5.274 5.288 5.302 5.316 5.329 5.342 5.355 5.368 5.381 5.394 5.406 5.419 5.431 5.443 5.454 5.465 5.477 5.488 5.500 5.512 5.524 5.536 5.548 5.560 5.572 5.583 5.595 5.607
4.126 4.164 4.201 4.237 4.272 4.307 4.340 4.373 4.405 4.436 4.467 4.497 4.527 4.556 4.584 4.612 4.638 4.664 4.690 4.715 4.740 4.765 4.789 4.812 4.835 4.858 4.880 4.901 4.923 4.943 4.964 4.984 5.004 5.023 5.042 5.061 5.079 5.097 5.115 5.131 5.147 5.163 5.179 5.195 5.211 5.227 5.242 5.257 5.271 5.286 5.300 5.314 5.328 5.341 5.354 5.368 5.380 5.393 5.406 5.418 5.431 5.443 5.454 5.465 5.476 5.488 5.499 5.511 5.522 5.534 5.545 5.557 5.569 5.580 5.592 5.604 5.615
4.147 4.185 4.221 4.257 4.291 4.325 4.358 4.390 4.422 4.453 4.484 4.513 4.542 4.571 4.599 4.627 4.653 4.678 4.704 4.729 4.754 4.778 4.802 4.825 4.848 4.871 4.893 4.914 4.935 4.956 4.976 4.996 5.016 5.035 5.054 5.072 5.091 5.109 5.126 5.143 5.159 5.175 5.191 5.207 5.223 5.238 5.253 5.268 5.283 5.298 5.312 5.326 5.340 5.353 5.366 5.379 5.392 5.405 5.418 5.430 5.442 5.455 5.466 5.477 5.487 5.499 5.510 5.521 5.532 5.544 5.555 5.567 5.578 5.589 5.601 5.612 5.624
4.168 4.205 4.241 4.276 4.310 4.343 4.376 4.408 4.439 4.470 4.500 4.529 4.558 4.587 4.614 4.641 4.667 4.693 4.718 4.743 4.768 4.792 4.816 4.839 4.861 4.884 4.906 4.927 4.948 4.968 4.989 5.008 5.028 5.047 5.066 5.084 5.102 5.120 5.138 5.154 5.170 5.186 5.202 5.218 5.234 5.249 5.265 5.280 5.294 5.309 5.323 5.337 5.351 5.365 5.378 5.391 5.404 5.417 5.429 5.442 5.454 5.466 5.478 5.488 5.499 5.510 5.521 5.532 5.543 5.554 5.565 5.576 5.588 5.599 5.610 5.621 5.632
4.188 4.225 4.260 4.295 4.329 4.362 4.394 4.425 4.456 4.486 4.516 4.545 4.574 4.602 4.629 4.656 4.682 4.707 4.732 4.757 4.782 4.806 4.829 4.852 4.875 4.897 4.918 4.940 4.960 4.981 5.001 5.021 5.040 5.059 5.078 5.096 5.114 5.132 5.149 5.166 5.181 5.197 5.213 5.229 5.245 5.260 5.276 5.291 5.305 5.320 5.334 5.348 5.362 5.376 5.389 5.402 5.415 5.428 5.441 5.453 5.466 5.478 5.489 5.499 5.510 5.521 5.532 5.543 5.554 5.565 5.576 5.587 5.598 5.609 5.619 5.630 5.641
4.208 4.245 4.280 4.314 4.347 4.380 4.411 4.442 4.473 4.503 4.532 4.561 4.590 4.617 4.645 4.671 4.696 4.721 4.746 4.771 4.795 4.819 4.842 4.865 4.888 4.910 4.931 4.952 4.973 4.993 5.013 5.033 5.052 5.071 5.089 5.108 5.126 5.143 5.161 5.177 5.192 5.208 5.224 5.240 5.256 5.271 5.286 5.301 5.316 5.330 5.345 5.359 5.373 5.386 5.400 5.413 5.426 5.439 5.452 5.464 5.477 5.489 5.500 5.511 5.521 5.532 5.543 5.554 5.565 5.576 5.587 5.597 5.608 5.619 5.629 5.640 5.651
4.228 4.264 4.299 4.332 4.365 4.397 4.429 4.460 4.490 4.519 4.548 4.577 4.605 4.633 4.660 4.686 4.711 4.736 4.760 4.785 4.809 4.833 4.856 4.879 4.901 4.923 4.944 4.965 4.986 5.006 5.026 5.045 5.064 5.083 5.101 5.119 5.137 5.155 5.172 5.188 5.203 5.219 5.235 5.251 5.266 5.281 5.296 5.311 5.326 5.341 5.355 5.369 5.383 5.397 5.410 5.424 5.437 5.450 5.462 5.475 5.488 5.500 5.511 5.522 5.532 5.543 5.554 5.565 5.576 5.587 5.597 5.608 5.618 5.629 5.639 5.650 5.660
4.248 4.283 4.317 4.351 4.383 4.415 4.446 4.477 4.506 4.536 4.564 4.593 4.621 4.648 4.675 4.701 4.725 4.750 4.775 4.799 4.823 4.846 4.869 4.892 4.914 4.936 4.957 4.978 4.998 5.018 5.038 5.057 5.076 5.095 5.113 5.131 5.149 5.166 5.183 5.199 5.214 5.230 5.246 5.261 5.277 5.292 5.307 5.322 5.336 5.351 5.365 5.379 5.393 5.407 5.420 5.434 5.447 5.460 5.473 5.485 5.498 5.510 5.522 5.532 5.543 5.554 5.565 5.576 5.587 5.598 5.608 5.619 5.629 5.639 5.650 5.660 5.670
4.267 4.302 4.336 4.369 4.401 4.432 4.463 4.493 4.523 4.552 4.580 4.608 4.636 4.663 4.690 4.715 4.739 4.764 4.789 4.813 4.837 4.860 4.883 4.905 4.927 4.949 4.970 4.991 5.011 5.031 5.051 5.070 5.089 5.107 5.125 5.143 5.161 5.178 5.194 5.210 5.225 5.241 5.256 5.272 5.287 5.302 5.317 5.332 5.346 5.360 5.375 5.389 5.403 5.416 5.430 5.443 5.456 5.470 5.483 5.495 5.508 5.520 5.532 5.543 5.553 5.565 5.576 5.587 5.597 5.608 5.619 5.629 5.640 5.650 5.660 5.670 5.680
4.286 4.320 4.354 4.386 4.418 4.449 4.480 4.510 4.539 4.568 4.596 4.624 4.651 4.678 4.704 4.729 4.753 4.778 4.802 4.827 4.850 4.873 4.896 4.919 4.940 4.962 4.983 5.004 5.024 5.044 5.063 5.082 5.101 5.119 5.137 5.155 5.172 5.190 5.206 5.222 5.237 5.252 5.267 5.282 5.298 5.312 5.327 5.342 5.356 5.370 5.384 5.398 5.412 5.426 5.439 5.453 5.466 5.479 5.492 5.505 5.518 5.530 5.541 5.552 5.563 5.575 5.586 5.597 5.608 5.619 5.629 5.640 5.650 5.660 5.670 5.680 5.690
4.304 4.338 4.372 4.404 4.435 4.466 4.496 4.526 4.555 4.583 4.611 4.639 4.666 4.692 4.719 4.743 4.767 4.792 4.816 4.840 4.864 4.887 4.909 4.932 4.954 4.975 4.996 5.017 5.037 5.057 5.076 5.095 5.114 5.132 5.150 5.167 5.185 5.202 5.218 5.233 5.248 5.263 5.278 5.293 5.308 5.323 5.338 5.352 5.366 5.380 5.394 5.408 5.422 5.435 5.448 5.462 5.475 5.488 5.501 5.514 5.527 5.539 5.551 5.561 5.573 5.584 5.595 5.607 5.618 5.628 5.639 5.650 5.660 5.670 5.681 5.691 5.701
4.322 4.356 4.389 4.421 4.452 4.483 4.513 4.542 4.571 4.599 4.626 4.654 4.680 4.707 4.733 4.757 4.781 4.806 4.830 4.853 4.877 4.900 4.922 4.945 4.966 4.988 5.009 5.029 5.050 5.069 5.089 5.108 5.126 5.144 5.162 5.180 5.197 5.214 5.230 5.245 5.260 5.275 5.290 5.305 5.319 5.334 5.348 5.362 5.376 5.390 5.404 5.418 5.431 5.444 5.458 5.471 5.484 5.497 5.510 5.523 5.536 5.548 5.559 5.570 5.582 5.593 5.605 5.616 5.627 5.638 5.649 5.660 5.670 5.680 5.691 5.701 5.711
4.340 4.373 4.406 4.438 4.469 4.499 4.528 4.557 4.586 4.614 4.641 4.668 4.695 4.721 4.747 4.771 4.795 4.819 4.843 4.867 4.890 4.913 4.935 4.957 4.979 5.001 5.022 5.042 5.062 5.082 5.101 5.120 5.139 5.157 5.175 5.192 5.210 5.226 5.242 5.257 5.272 5.287 5.302 5.316 5.331 5.345 5.359 5.373 5.387 5.401 5.414 5.428 5.441 5.454 5.467 5.480 5.493 5.506 5.519 5.532 5.545 5.557 5.568 5.579 5.590 5.602 5.613 5.625 5.636 5.647 5.658 5.669 5.679 5.690 5.700 5.710 5.720
4.357 4.390 4.422 4.454 4.485 4.515 4.544 4.573 4.601 4.628 4.656 4.682 4.709 4.735 4.760 4.785 4.808 4.832 4.856 4.879 4.903 4.925 4.948 4.970 4.992 5.013 5.034 5.054 5.075 5.094 5.114 5.133 5.151 5.169 5.187 5.205 5.222 5.239 5.254 5.269 5.284 5.299 5.313 5.328 5.342 5.357 5.371 5.384 5.398 5.411 5.425 5.438 5.451 5.464 5.477 5.490 5.502 5.515 5.528 5.541 5.553 5.565 5.576 5.587 5.599 5.610 5.622 5.633 5.645 5.656 5.667 5.678 5.688 5.699 5.709 5.720 5.730
4.374 4.407 4.439 4.470 4.500 4.530 4.559 4.588 4.616 4.643 4.670 4.696 4.722 4.748 4.774 4.798 4.821 4.845 4.868 4.892 4.915 4.938 4.960 4.982 5.004 5.025 5.046 5.067 5.087 5.107 5.126 5.145 5.164 5.182 5.200 5.217 5.234 5.251 5.267 5.281 5.296 5.311 5.326 5.340 5.354 5.368 5.382 5.396 5.409 5.422 5.435 5.448 5.461 5.474 5.487 5.499 5.512 5.524 5.537 5.549 5.562 5.574 5.584 5.596 5.607 5.619 5.630 5.641 5.653 5.664 5.675 5.686 5.697 5.708 5.718 5.729 5.739
4.390 4.423 4.454 4.485 4.516 4.545 4.574 4.602 4.630 4.657 4.684 4.710 4.736 4.761 4.786 4.810 4.834 4.857 4.881 4.904 4.927 4.950 4.972 4.994 5.016 5.037 5.058 5.078 5.099 5.118 5.138 5.157 5.176 5.194 5.212 5.229 5.246 5.263 5.279 5.294 5.308 5.323 5.338 5.352 5.367 5.380 5.394 5.407 5.421 5.434 5.447 5.459 5.472 5.485 5.497 5.509 5.522 5.534 5.546 5.558 5.571 5.582 5.593 5.604 5.615 5.627 5.638 5.650 5.661 5.672 5.683 5.694 5.705 5.716 5.727 5.737 5.747
4.406 4.438 4.470 4.501 4.531 4.560 4.588 4.616 4.644 4.671 4.697 4.723 4.749 4.774 4.799 4.823 4.846 4.869 4.893 4.916 4.939 4.961 4.983 5.005 5.027 5.048 5.069 5.090 5.110 5.130 5.149 5.168 5.187 5.205 5.223 5.241 5.258 5.275 5.291 5.306 5.321 5.336 5.350 5.365 5.379 5.393 5.406 5.420 5.433 5.446 5.458 5.471 5.483 5.495 5.508 5.520 5.532 5.544 5.556 5.568 5.580 5.591 5.602 5.613 5.624 5.635 5.646 5.658 5.669 5.680 5.691 5.702 5.713 5.724 5.735 5.745 5.756
4.422 4.454 4.485 4.516 4.545 4.574 4.603 4.630 4.658 4.684 4.711 4.736 4.762 4.787 4.812 4.835 4.858 4.881 4.904 4.927 4.950 4.972 4.995 5.016 5.038 5.059 5.080 5.101 5.121 5.141 5.160 5.179 5.198 5.217 5.235 5.252 5.270 5.287 5.303 5.318 5.333 5.348 5.362 5.377 5.391 5.405 5.418 5.432 5.445 5.458 5.470 5.482 5.495 5.507 5.519 5.531 5.542 5.554 5.566 5.578 5.589 5.600 5.611 5.621 5.632 5.643 5.654 5.666 5.677 5.688 5.699 5.710 5.721 5.732 5.743 5.753 5.764
4.437 4.469 4.500 4.530 4.560 4.588 4.617 4.644 4.671 4.698 4.724 4.749 4.774 4.799 4.824 4.847 4.870 4.893 4.916 4.939 4.961 4.983 5.005 5.027 5.048 5.070 5.090 5.111 5.131 5.151 5.171 5.190 5.209 5.227 5.246 5.264 5.281 5.298 5.314 5.329 5.344 5.359 5.374 5.389 5.403 5.417 5.431 5.444 5.457 5.470 5.482 5.494 5.507 5.518 5.530 5.542 5.553 5.565 5.576 5.588 5.599 5.610 5.620 5.631 5.641 5.652 5.663 5.674 5.685 5.696 5.707 5.718 5.729 5.739 5.750 5.761 5.771
4.452 4.484 4.515 4.545 4.574 4.602 4.630 4.658 4.685 4.711 4.737 4.762 4.787 4.811 4.836 4.859 4.881 4.904 4.927 4.950 4.972 4.994 5.016 5.037 5.059 5.080 5.101 5.121 5.141 5.161 5.181 5.200 5.219 5.238 5.256 5.274 5.292 5.309 5.325 5.340 5.356 5.371 5.386 5.401 5.415 5.429 5.443 5.456 5.469 5.482 5.494 5.507 5.519 5.530 5.542 5.553 5.565 5.576 5.587 5.599 5.610 5.620 5.630 5.640 5.651 5.661 5.672 5.682 5.693 5.704 5.715 5.726 5.736 5.747 5.758 5.768 5.779
4.467 4.498 4.529 4.559 4.588 4.616 4.644 4.671 4.698 4.724 4.749 4.775 4.799 4.824 4.848 4.870 4.893 4.915 4.938 4.960 4.982 5.004 5.026 5.047 5.069 5.090 5.110 5.131 5.151 5.171 5.190 5.210 5.229 5.248 5.266 5.284 5.302 5.319 5.336 5.351 5.366 5.382 5.397 5.412 5.426 5.441 5.454 5.468 5.481 5.494 5.506 5.519 5.531 5.542 5.554 5.565 5.577 5.588 5.599 5.610 5.621 5.631 5.640 5.650 5.660 5.671 5.681 5.691 5.702 5.712 5.723 5.734 5.744 5.755 5.765 5.776 5.786
4.481 4.513 4.543 4.573 4.602 4.630 4.657 4.684 4.711 4.737 4.762 4.787 4.812 4.836 4.859 4.882 4.904 4.926 4.949 4.971 4.993 5.014 5.036 5.057 5.078 5.099 5.120 5.140 5.160 5.180 5.200 5.219 5.238 5.257 5.275 5.293 5.311 5.329 5.345 5.361 5.377 5.392 5.408 5.423 5.437 5.452 5.466 5.479 5.493 5.506 5.518 5.531 5.543 5.554 5.566 5.577 5.589 5.600 5.610 5.621 5.632 5.642 5.651 5.661 5.671 5.681 5.691 5.701 5.711 5.721 5.732 5.742 5.752 5.763 5.773 5.783 5.794
4.496 4.527 4.557 4.587 4.615 4.643 4.671 4.698 4.724 4.749 4.775 4.799 4.824 4.848 4.871 4.893 4.915 4.937 4.959 4.981 5.003 5.024 5.046 5.067 5.088 5.108 5.129 5.149 5.169 5.189 5.208 5.228 5.247 5.266 5.284 5.302 5.320 5.338 5.355 5.370 5.386 5.402 5.417 5.433 5.448 5.462 5.476 5.490 5.504 5.517 5.530 5.542 5.554 5.566 5.578 5.589 5.601 5.612 5.622 5.633 5.644 5.654 5.663 5.672 5.681 5.691 5.701 5.711 5.721 5.731 5.741 5.751 5.761 5.771 5.781 5.791 5.801
4.510 4.541 4.571 4.600 4.629 4.657 4.684 4.711 4.737 4.762 4.787 4.812 4.836 4.860 4.883 4.904 4.926 4.948 4.970 4.992 5.013 5.034 5.056 5.076 5.097 5.118 5.138 5.158 5.178 5.197 5.217 5.236 5.255 5.274 5.293 5.311 5.329 5.347 5.363 5.379 5.395 5.411 5.427 5.442 5.457 5.472 5.487 5.501 5.514 5.528 5.541 5.553 5.566 5.578 5.590 5.601 5.612 5.624 5.634 5.645 5.656 5.665 5.674 5.683 5.693 5.702 5.712 5.721 5.731 5.740 5.750 5.760 5.770 5.779 5.789 5.799 5.809
4.524 4.555 4.585 4.614 4.642 4.670 4.697 4.724 4.750 4.775 4.800 4.824 4.848 4.872 4.894 4.915 4.937 4.959 4.981 5.002 5.023 5.045 5.065 5.086 5.106 5.127 5.147 5.167 5.186 5.206 5.225 5.244 5.263 5.282 5.301 5.319 5.337 5.355 5.371 5.387 5.403 5.420 5.436 5.451 5.467 5.482 5.496 5.510 5.524 5.538 5.551 5.564 5.577 5.589 5.601 5.613 5.624 5.635 5.646 5.657 5.667 5.677 5.686 5.695 5.704 5.713 5.723 5.732 5.741 5.751 5.760 5.770 5.779 5.789 5.798 5.808 5.817
4.538 4.569 4.598 4.628 4.656 4.683 4.710 4.737 4.763 4.788 4.812 4.837 4.860 4.884 4.906 4.927 4.949 4.970 4.992 5.013 5.034 5.055 5.075 5.096 5.116 5.136 5.156 5.175 5.195 5.214 5.233 5.252 5.271 5.290 5.308 5.327 5.345 5.363 5.379 5.395 5.411 5.428 5.444 5.460 5.475 5.490 5.505 5.520 5.534 5.548 5.561 5.574 5.587 5.600 5.612 5.624 5.635 5.647 5.658 5.669 5.679 5.689 5.698 5.707 5.716 5.725 5.734 5.743 5.752 5.761 5.771 5.780 5.789 5.798 5.807 5.817 5.826
4.552 4.582 4.612 4.641 4.669 4.697 4.724 4.750 4.775 4.801 4.825 4.849 4.873 4.896 4.918 4.939 4.960 4.982 5.003 5.024 5.044 5.065 5.085 5.105 5.125 5.145 5.165 5.184 5.203 5.223 5.242 5.260 5.279 5.298 5.316 5.334 5.352 5.370 5.387 5.403 5.419 5.435 5.451 5.467 5.483 5.498 5.513 5.528 5.542 5.556 5.570 5.584 5.597 5.609 5.622 5.634 5.646 5.657 5.669 5.680 5.691 5.700 5.709 5.718 5.727 5.736 5.746 5.755 5.764 5.772 5.781 5.790 5.799 5.808 5.817 5.826 5.835
4.566 4.596 4.626 4.654 4.683 4.710 4.737 4.763 4.788 4.813 4.838 4.862 4.885 4.908 4.930 4.951 4.972 4.993 5.014 5.035 5.055 5.075 5.095 5.115 5.135 5.154 5.174 5.193 5.212 5.231 5.250 5.268 5.287 5.305 5.324 5.342 5.360 5.377 5.394 5.410 5.426 5.442 5.459 5.475 5.490 5.506 5.521 5.536 5.551 5.565 5.579 5.592 5.606 5.619 5.631 5.644 5.656 5.668 5.679 5.691 5.702 5.711 5.720 5.729 5.739 5.748 5.757 5.766 5.775 5.784 5.793 5.801 5.810 5.819 5.827 5.836 5.845
4.580 4.610 4.639 4.668 4.696 4.723 4.750 4.776 4.801 4.826 4.850 4.874 4.898 4.920 4.942 4.963 4.984 5.005 5.025 5.046 5.066 5.086 5.106 5.125 5.145 5.164 5.183 5.202 5.221 5.240 5.258 5.277 5.295 5.313 5.331 5.349 5.367 5.384 5.400 5.416 5.433 5.449 5.466 5.482 5.498 5.513 5.528 5.543 5.558 5.573 5.587 5.601 5.614 5.627 5.640 5.653 5.665 5.677 5.689 5.701 5.712 5.722 5.731 5.740 5.750 5.759 5.768 5.777 5.786 5.795 5.804 5.812 5.821 5.829 5.838 5.846 5.855
