version1/TsunamiDB/out54046.asc
ncols          264
nrows          230
xllcorner      497853.4375
yllcorner      4229146.0000
cellsize         5.
NODATA_value   -99
[rows 160 to 191 of 230, columns 146 to 218 of 264]
6.233 6.259 6.286 6.312 6.339 6.365 6.390 6.414 6.436 6.457 6.477 6.495 6.512 6.528 6.543 6.558 6.575 6.594 6.616 6.645 6.681 6.727 6.777 6.831 6.892 6.956 7.024 7.095 7.169 7.244 7.318 7.388 7.465 7.557 7.651 7.747 7.843 7.938 8.031 8.117 8.193 8.248 8.307 8.384 8.460 8.534 8.604 8.673 8.741 8.804 8.859 8.889 8.922 8.972 9.018 9.060 9.095 9.126 9.153 9.174 9.191 9.197 9.200 9.211 9.219 9.224 9.223 9.219 9.210 9.196 9.174 9.133 9.082
6.243 6.269 6.295 6.322 6.349 6.376 6.402 6.427 6.451 6.473 6.495 6.514 6.533 6.550 6.566 6.583 6.600 6.618 6.640 6.667 6.702 6.747 6.797 6.850 6.911 6.978 7.047 7.122 7.200 7.280 7.358 7.430 7.509 7.606 7.704 7.802 7.898 7.992 8.082 8.166 8.240 8.293 8.350 8.426 8.503 8.577 8.646 8.714 8.778 8.836 8.886 8.914 8.944 8.989 9.031 9.068 9.100 9.129 9.154 9.174 9.192 9.196 9.200 9.211 9.219 9.223 9.223 9.218 9.207 9.189 9.161 9.112 9.051
6.254 6.280 6.306 6.333 6.361 6.388 6.415 6.441 6.466 6.490 6.512 6.533 6.553 6.572 6.590 6.607 6.625 6.643 6.664 6.690 6.724 6.769 6.818 6.872 6.934 7.003 7.075 7.153 7.236 7.321 7.403 7.475 7.557 7.658 7.758 7.856 7.951 8.043 8.132 8.214 8.286 8.337 8.392 8.469 8.544 8.617 8.685 8.750 8.812 8.865 8.910 8.935 8.962 9.002 9.040 9.074 9.104 9.130 9.153 9.174 9.190 9.195 9.198 9.209 9.217 9.221 9.220 9.213 9.199 9.176 9.141 9.083 9.011
6.268 6.293 6.319 6.346 6.374 6.401 6.429 6.455 6.481 6.506 6.530 6.553 6.574 6.594 6.613 6.632 6.650 6.669 6.689 6.714 6.748 6.792 6.842 6.896 6.960 7.032 7.107 7.190 7.278 7.367 7.451 7.524 7.608 7.710 7.811 7.908 8.002 8.092 8.179 8.259 8.330 8.379 8.432 8.508 8.582 8.653 8.719 8.782 8.840 8.890 8.930 8.952 8.976 9.012 9.046 9.078 9.105 9.129 9.152 9.171 9.187 9.191 9.194 9.205 9.212 9.216 9.213 9.204 9.186 9.157 9.113 9.045 8.959
6.284 6.308 6.334 6.361 6.388 6.416 6.444 6.471 6.498 6.524 6.549 6.573 6.596 6.617 6.637 6.657 6.676 6.694 6.715 6.739 6.773 6.817 6.867 6.923 6.989 7.063 7.143 7.229 7.320 7.412 7.500 7.573 7.657 7.760 7.860 7.957 8.049 8.138 8.223 8.301 8.372 8.420 8.472 8.545 8.617 8.686 8.750 8.810 8.866 8.912 8.948 8.967 8.988 9.021 9.052 9.081 9.106 9.128 9.150 9.168 9.183 9.186 9.189 9.199 9.205 9.207 9.202 9.190 9.167 9.130 9.076 8.995 8.895
6.303 6.326 6.351 6.377 6.405 6.433 6.461 6.489 6.516 6.543 6.569 6.594 6.618 6.640 6.662 6.682 6.702 6.721 6.741 6.765 6.798 6.844 6.895 6.951 7.020 7.096 7.180 7.270 7.365 7.460 7.551 7.624 7.707 7.810 7.910 8.007 8.097 8.185 8.268 8.346 8.417 8.463 8.512 8.584 8.653 8.719 8.780 8.838 8.891 8.933 8.965 8.981 8.999 9.028 9.056 9.083 9.106 9.127 9.147 9.164 9.179 9.181 9.182 9.191 9.196 9.195 9.187 9.170 9.140 9.094 9.028 8.934 8.822
6.323 6.345 6.370 6.396 6.423 6.451 6.480 6.508 6.536 6.564 6.591 6.616 6.641 6.664 6.687 6.708 6.728 6.748 6.768 6.792 6.825 6.872 6.923 6.982 7.052 7.132 7.220 7.314 7.411 7.513 7.605 7.675 7.756 7.860 7.960 8.055 8.146 8.232 8.314 8.392 8.463 8.505 8.551 8.621 8.687 8.750 8.809 8.864 8.913 8.950 8.977 8.992 9.008 9.035 9.060 9.084 9.105 9.125 9.143 9.159 9.173 9.174 9.173 9.180 9.183 9.179 9.167 9.143 9.105 9.047 8.968 8.863 8.742
6.344 6.366 6.390 6.416 6.443 6.471 6.500 6.529 6.558 6.586 6.613 6.640 6.665 6.690 6.713 6.735 6.756 6.776 6.796 6.820 6.854 6.902 6.955 7.015 7.088 7.171 7.263 7.360 7.463 7.566 7.655 7.724 7.804 7.908 8.007 8.103 8.193 8.279 8.362 8.439 8.506 8.545 8.590 8.656 8.719 8.779 8.834 8.885 8.930 8.962 8.988 9.001 9.015 9.039 9.062 9.084 9.104 9.122 9.139 9.153 9.165 9.164 9.162 9.166 9.165 9.157 9.138 9.106 9.058 8.989 8.899 8.784 8.659
6.366 6.388 6.412 6.438 6.465 6.493 6.522 6.551 6.580 6.609 6.637 6.665 6.691 6.716 6.740 6.763 6.785 6.806 6.826 6.851 6.886 6.935 6.989 7.051 7.126 7.213 7.307 7.408 7.513 7.614 7.703 7.770 7.850 7.954 8.054 8.151 8.241 8.328 8.410 8.484 8.547 8.584 8.625 8.688 8.749 8.805 8.856 8.903 8.942 8.973 8.997 9.009 9.021 9.043 9.064 9.084 9.101 9.117 9.132 9.145 9.155 9.152 9.146 9.147 9.142 9.128 9.102 9.060 9.000 8.920 8.822 8.703 8.579
6.388 6.410 6.434 6.460 6.487 6.516 6.545 6.575 6.604 6.634 6.663 6.691 6.718 6.744 6.769 6.793 6.816 6.838 6.859 6.884 6.920 6.970 7.026 7.089 7.167 7.255 7.351 7.453 7.559 7.659 7.747 7.814 7.894 7.999 8.100 8.197 8.289 8.375 8.456 8.527 8.586 8.620 8.659 8.718 8.775 8.828 8.875 8.917 8.953 8.982 9.005 9.015 9.026 9.046 9.065 9.082 9.098 9.112 9.124 9.135 9.142 9.135 9.126 9.123 9.112 9.091 9.055 9.003 8.933 8.845 8.742 8.623 8.505
6.409 6.432 6.457 6.483 6.510 6.539 6.568 6.599 6.629 6.660 6.690 6.719 6.747 6.774 6.800 6.825 6.849 6.872 6.894 6.919 6.956 7.007 7.064 7.129 7.207 7.297 7.393 7.495 7.600 7.699 7.789 7.856 7.936 8.043 8.145 8.243 8.335 8.420 8.499 8.567 8.623 8.654 8.690 8.745 8.798 8.848 8.891 8.929 8.962 8.989 9.011 9.020 9.029 9.047 9.064 9.079 9.092 9.104 9.114 9.121 9.125 9.115 9.101 9.091 9.074 9.044 8.999 8.937 8.859 8.766 8.663 8.550 8.442
6.430 6.453 6.479 6.505 6.533 6.562 6.592 6.623 6.655 6.686 6.717 6.748 6.777 6.806 6.833 6.860 6.885 6.908 6.931 6.958 6.995 7.046 7.104 7.169 7.247 7.336 7.431 7.531 7.636 7.737 7.829 7.897 7.977 8.085 8.189 8.287 8.378 8.462 8.539 8.604 8.657 8.686 8.718 8.770 8.819 8.864 8.904 8.939 8.970 8.995 9.016 9.024 9.031 9.047 9.062 9.074 9.084 9.093 9.099 9.103 9.104 9.089 9.069 9.053 9.027 8.988 8.934 8.865 8.782 8.688 8.590 8.485 8.389
6.449 6.474 6.500 6.527 6.555 6.585 6.616 6.648 6.680 6.713 6.746 6.778 6.809 6.839 6.868 6.896 6.922 6.947 6.970 6.997 7.034 7.085 7.143 7.207 7.285 7.372 7.465 7.564 7.669 7.772 7.867 7.936 8.017 8.127 8.231 8.329 8.419 8.502 8.576 8.639 8.688 8.714 8.744 8.791 8.836 8.878 8.915 8.948 8.977 9.001 9.019 9.025 9.030 9.045 9.057 9.067 9.074 9.079 9.081 9.081 9.077 9.057 9.031 9.007 8.973 8.926 8.864 8.790 8.706 8.616 8.525 8.431 8.347
6.468 6.493 6.520 6.548 6.577 6.607 6.639 6.672 6.706 6.740 6.774 6.808 6.841 6.873 6.904 6.933 6.961 6.987 7.010 7.036 7.073 7.124 7.181 7.244 7.321 7.406 7.497 7.595 7.701 7.807 7.905 7.975 8.057 8.167 8.271 8.368 8.456 8.537 8.610 8.669 8.715 8.739 8.766 8.809 8.851 8.890 8.924 8.955 8.982 9.003 9.020 9.024 9.028 9.039 9.049 9.056 9.060 9.060 9.059 9.054 9.046 9.019 8.986 8.954 8.912 8.858 8.792 8.716 8.635 8.551 8.470 8.387 8.313
6.486 6.512 6.539 6.568 6.598 6.629 6.662 6.696 6.731 6.766 6.802 6.838 6.873 6.907 6.939 6.971 7.000 7.027 7.051 7.077 7.113 7.163 7.218 7.280 7.354 7.438 7.527 7.625 7.731 7.839 7.940 8.012 8.094 8.203 8.306 8.402 8.489 8.569 8.639 8.696 8.740 8.761 8.785 8.825 8.864 8.900 8.931 8.960 8.985 9.005 9.020 9.021 9.022 9.031 9.038 9.042 9.042 9.039 9.033 9.023 9.009 8.976 8.935 8.896 8.848 8.788 8.720 8.646 8.571 8.496 8.424 8.351 8.286
6.503 6.530 6.557 6.587 6.617 6.650 6.683 6.718 6.755 6.792 6.829 6.867 6.904 6.940 6.975 7.008 7.039 7.067 7.091 7.117 7.151 7.200 7.253 7.313 7.386 7.467 7.556 7.654 7.760 7.870 7.977 8.048 8.129 8.238 8.340 8.435 8.520 8.599 8.667 8.722 8.762 8.781 8.802 8.839 8.876 8.909 8.938 8.965 8.988 9.005 9.018 9.017 9.015 9.021 9.025 9.026 9.022 9.014 9.002 8.987 8.968 8.929 8.881 8.836 8.783 8.721 8.653 8.584 8.516 8.450 8.388 8.323 8.266
6.519 6.547 6.575 6.605 6.636 6.669 6.704 6.740 6.778 6.816 6.855 6.895 6.934 6.972 7.009 7.044 7.076 7.105 7.131 7.155 7.188 7.235 7.287 7.344 7.416 7.496 7.586 7.683 7.790 7.908 8.016 8.084 8.163 8.272 8.373 8.465 8.549 8.626 8.692 8.743 8.779 8.797 8.816 8.852 8.885 8.916 8.944 8.968 8.989 9.004 9.013 9.010 9.005 9.009 9.009 9.006 8.998 8.986 8.968 8.949 8.925 8.879 8.825 8.776 8.719 8.658 8.594 8.531 8.471 8.413 8.357 8.300 8.250
6.535 6.563 6.593 6.623 6.655 6.688 6.724 6.761 6.799 6.839 6.880 6.921 6.961 7.002 7.040 7.077 7.112 7.142 7.167 7.192 7.225 7.271 7.321 7.377 7.447 7.528 7.618 7.718 7.830 7.948 8.051 8.117 8.196 8.303 8.401 8.492 8.574 8.648 8.711 8.758 8.795 8.811 8.829 8.862 8.894 8.923 8.948 8.970 8.988 9.000 9.007 9.001 8.993 8.993 8.991 8.984 8.972 8.955 8.934 8.909 8.879 8.827 8.769 8.717 8.660 8.601 8.542 8.486 8.433 8.382 8.334 8.283 8.238
6.551 6.580 6.609 6.640 6.672 6.706 6.742 6.780 6.819 6.860 6.902 6.944 6.987 7.029 7.069 7.108 7.144 7.176 7.202 7.228 7.261 7.306 7.356 7.411 7.481 7.562 7.654 7.757 7.870 7.983 8.082 8.147 8.224 8.329 8.426 8.516 8.595 8.666 8.726 8.772 8.809 8.824 8.839 8.871 8.901 8.928 8.951 8.970 8.985 8.995 9.000 8.991 8.979 8.976 8.970 8.960 8.944 8.923 8.898 8.868 8.832 8.776 8.715 8.661 8.606 8.551 8.498 8.448 8.401 8.357 8.316 8.270 8.229
6.567 6.596 6.626 6.657 6.690 6.724 6.760 6.798 6.838 6.879 6.922 6.966 7.010 7.053 7.096 7.136 7.174 7.207 7.236 7.262 7.295 7.342 7.391 7.447 7.518 7.600 7.693 7.796 7.907 8.015 8.110 8.174 8.250 8.353 8.448 8.536 8.613 8.680 8.738 8.784 8.820 8.834 8.848 8.879 8.907 8.932 8.952 8.969 8.981 8.988 8.990 8.978 8.963 8.957 8.948 8.934 8.914 8.890 8.860 8.826 8.785 8.726 8.664 8.611 8.559 8.509 8.461 8.417 8.376 8.338 8.302 8.261 8.223
6.583 6.613 6.643 6.674 6.706 6.740 6.776 6.814 6.855 6.897 6.940 6.985 7.030 7.075 7.119 7.161 7.201 7.237 7.267 7.296 7.331 7.378 7.430 7.487 7.557 7.640 7.732 7.833 7.940 8.044 8.136 8.200 8.274 8.374 8.468 8.553 8.627 8.693 8.749 8.794 8.830 8.843 8.856 8.886 8.912 8.935 8.952 8.966 8.976 8.980 8.980 8.965 8.946 8.937 8.924 8.907 8.883 8.855 8.822 8.783 8.739 8.679 8.618 8.567 8.519 8.474 8.431 8.392 8.356 8.323 8.292 8.254 8.219
6.600 6.629 6.659 6.690 6.722 6.756 6.792 6.830 6.870 6.912 6.956 7.002 7.048 7.094 7.140 7.184 7.226 7.264 7.297 7.329 7.366 7.415 7.469 7.526 7.597 7.680 7.769 7.866 7.969 8.069 8.161 8.223 8.295 8.393 8.485 8.568 8.640 8.704 8.758 8.803 8.839 8.851 8.863 8.891 8.916 8.936 8.951 8.962 8.969 8.971 8.968 8.950 8.928 8.915 8.899 8.878 8.851 8.820 8.783 8.742 8.696 8.637 8.577 8.530 8.486 8.445 8.407 8.373 8.341 8.312 8.285 8.250 8.218
6.617 6.646 6.676 6.707 6.738 6.772 6.807 6.844 6.884 6.926 6.971 7.017 7.064 7.111 7.159 7.205 7.249 7.290 7.326 7.360 7.400 7.452 7.507 7.566 7.637 7.717 7.803 7.895 7.994 8.093 8.184 8.245 8.316 8.412 8.501 8.582 8.652 8.713 8.767 8.812 8.847 8.858 8.868 8.895 8.918 8.936 8.949 8.957 8.961 8.961 8.956 8.933 8.908 8.892 8.872 8.848 8.818 8.784 8.746 8.703 8.657 8.598 8.542 8.498 8.458 8.421 8.388 8.357 8.330 8.304 8.280 8.248 8.217
6.635 6.664 6.693 6.723 6.754 6.787 6.821 6.858 6.898 6.939 6.984 7.030 7.078 7.127 7.176 7.224 7.271 7.314 7.352 7.390 7.433 7.487 7.544 7.604 7.674 7.752 7.834 7.923 8.019 8.117 8.207 8.268 8.336 8.431 8.517 8.596 8.663 8.723 8.776 8.819 8.854 8.863 8.872 8.897 8.919 8.935 8.945 8.951 8.952 8.949 8.941 8.915 8.886 8.867 8.844 8.816 8.784 8.748 8.709 8.666 8.620 8.565 8.511 8.471 8.435 8.402 8.372 8.345 8.321 8.299 8.277 8.247 8.218
6.654 6.682 6.711 6.741 6.771 6.802 6.836 6.872 6.910 6.952 6.996 7.043 7.091 7.141 7.192 7.242 7.290 7.336 7.378 7.418 7.464 7.521 7.580 7.640 7.709 7.785 7.864 7.950 8.043 8.139 8.229 8.289 8.356 8.448 8.532 8.608 8.673 8.732 8.783 8.826 8.859 8.867 8.874 8.898 8.918 8.932 8.939 8.942 8.941 8.935 8.924 8.895 8.862 8.840 8.814 8.784 8.750 8.713 8.675 8.633 8.589 8.536 8.486 8.449 8.416 8.388 8.361 8.336 8.315 8.295 8.275 8.247 8.219
6.674 6.702 6.730 6.758 6.788 6.818 6.851 6.885 6.923 6.964 7.008 7.054 7.104 7.155 7.207 7.258 7.309 7.357 7.401 7.445 7.492 7.551 7.612 7.672 7.740 7.814 7.891 7.974 8.064 8.159 8.252 8.312 8.376 8.465 8.547 8.620 8.684 8.741 8.791 8.832 8.864 8.871 8.876 8.898 8.916 8.927 8.932 8.933 8.928 8.920 8.907 8.874 8.838 8.813 8.785 8.753 8.718 8.682 8.645 8.605 8.562 8.512 8.466 8.432 8.403 8.377 8.352 8.331 8.311 8.293 8.276 8.248 8.222
6.695 6.722 6.750 6.778 6.806 6.835 6.866 6.900 6.936 6.976 7.019 7.066 7.116 7.168 7.221 7.274 7.326 7.375 7.422 7.467 7.517 7.579 7.640 7.701 7.768 7.840 7.916 7.997 8.086 8.185 8.278 8.334 8.396 8.483 8.562 8.632 8.695 8.750 8.798 8.838 8.868 8.873 8.876 8.896 8.912 8.921 8.925 8.922 8.915 8.904 8.889 8.853 8.814 8.787 8.757 8.725 8.690 8.655 8.619 8.580 8.539 8.492 8.450 8.419 8.392 8.368 8.346 8.326 8.308 8.292 8.277 8.250 8.224
6.717 6.744 6.771 6.798 6.825 6.854 6.883 6.915 6.950 6.989 7.031 7.077 7.127 7.180 7.233 7.287 7.340 7.390 7.438 7.486 7.540 7.604 7.667 7.728 7.795 7.866 7.941 8.023 8.114 8.212 8.301 8.355 8.416 8.500 8.577 8.645 8.705 8.759 8.805 8.843 8.872 8.874 8.875 8.893 8.907 8.915 8.915 8.911 8.902 8.889 8.871 8.832 8.791 8.762 8.731 8.699 8.664 8.630 8.595 8.558 8.520 8.477 8.437 8.408 8.384 8.362 8.342 8.324 8.308 8.293 8.278 8.252 8.226
6.741 6.768 6.794 6.820 6.847 6.874 6.902 6.932 6.965 7.002 7.043 7.089 7.138 7.190 7.244 7.298 7.351 7.402 7.452 7.504 7.563 7.628 7.692 7.754 7.821 7.893 7.968 8.050 8.142 8.236 8.321 8.375 8.434 8.516 8.591 8.658 8.716 8.767 8.811 8.847 8.875 8.875 8.873 8.889 8.902 8.907 8.906 8.901 8.889 8.874 8.853 8.812 8.769 8.739 8.708 8.676 8.642 8.609 8.574 8.539 8.505 8.464 8.427 8.401 8.378 8.358 8.340 8.323 8.308 8.294 8.279 8.254 8.228
6.765 6.792 6.818 6.844 6.869 6.895 6.922 6.950 6.981 7.016 7.056 7.100 7.148 7.199 7.253 7.307 7.360 7.412 7.465 7.522 7.583 7.650 7.715 7.779 7.848 7.919 7.995 8.078 8.167 8.257 8.340 8.393 8.452 8.533 8.607 8.671 8.727 8.776 8.817 8.851 8.877 8.875 8.871 8.886 8.896 8.900 8.898 8.890 8.877 8.860 8.836 8.794 8.749 8.719 8.688 8.656 8.623 8.590 8.557 8.524 8.493 8.454 8.419 8.396 8.375 8.356 8.339 8.323 8.308 8.295 8.281 8.255 8.230
6.789 6.816 6.843 6.868 6.894 6.918 6.944 6.970 6.999 7.031 7.068 7.110 7.157 7.207 7.259 7.313 7.367 7.422 7.478 7.539 7.603 7.671 7.738 7.804 7.874 7.947 8.022 8.103 8.189 8.276 8.358 8.412 8.470 8.549 8.622 8.686 8.739 8.785 8.823 8.855 8.879 8.875 8.869 8.883 8.892 8.895 8.890 8.881 8.867 8.847 8.822 8.778 8.733 8.702 8.671 8.640 8.607 8.575 8.544 8.513 8.483 8.447 8.414 8.392 8.373 8.355 8.338 8.323 8.309 8.296 8.282 8.257 8.232
6.813 6.841 6.868 6.894 6.918 6.943 6.967 6.991 7.018 7.047 7.081 7.120 7.164 7.212 7.263 7.317 7.373 7.431 7.491 7.555 7.622 7.692 7.761 7.828 7.900 7.973 8.047 8.125 8.207 8.294 8.377 8.431 8.488 8.567 8.640 8.701 8.751 8.794 8.829 8.859 8.882 8.877 8.868 8.881 8.889 8.890 8.885 8.874 8.858 8.837 8.810 8.765 8.720 8.689 8.658 8.626 8.595 8.563 8.533 8.504 8.477 8.442 8.410 8.390 8.372 8.355 8.338 8.323 8.310 8.296 8.283 8.258 8.233
