version1/TsunamiDB/out54171.asc
ncols          264
nrows          230
xllcorner      497853.4375
yllcorner      4229146.0000
cellsize         5.
NODATA_value   -99
[rows 0 to 33 of 230, columns 0 to 76 of 264]
5.179 5.196 5.212 5.229 5.245 5.262 5.279 5.296 5.313 5.331 5.348 5.365 5.383 5.400 5.417 5.435 5.451 5.466 5.481 5.496 5.511 5.525 5.540 5.554 5.567 5.581 5.594 5.607 5.619 5.631 5.643 5.655 5.667 5.678 5.689 5.700 5.711 5.723 5.734 5.744 5.754 5.763 5.773 5.782 5.791 5.800 5.810 5.819 5.828 5.837 5.847 5.856 5.865 5.874 5.884 5.893 5.902 5.912 5.921 5.931 5.940 5.951 5.961 5.970 5.979 5.988 5.997 6.006 6.015 6.024 6.033 6.042 6.051 6.061 6.070 6.079 6.088
5.185 5.201 5.217 5.233 5.249 5.265 5.282 5.298 5.315 5.332 5.349 5.366 5.383 5.401 5.418 5.435 5.451 5.467 5.482 5.497 5.512 5.527 5.541 5.556 5.570 5.583 5.597 5.610 5.622 5.635 5.647 5.659 5.671 5.682 5.694 5.705 5.716 5.727 5.739 5.749 5.759 5.768 5.778 5.787 5.796 5.805 5.815 5.824 5.833 5.842 5.852 5.861 5.870 5.879 5.888 5.898 5.907 5.916 5.925 5.935 5.945 5.955 5.964 5.973 5.982 5.991 6.000 6.009 6.018 6.027 6.036 6.045 6.054 6.064 6.073 6.082 6.091
5.191 5.206 5.221 5.237 5.253 5.269 5.285 5.301 5.318 5.334 5.351 5.368 5.384 5.401 5.418 5.435 5.452 5.467 5.483 5.498 5.513 5.528 5.543 5.557 5.571 5.585 5.599 5.612 5.625 5.638 5.651 5.663 5.675 5.686 5.698 5.709 5.721 5.732 5.743 5.754 5.763 5.773 5.782 5.792 5.801 5.810 5.820 5.829 5.838 5.847 5.857 5.866 5.875 5.884 5.893 5.902 5.911 5.921 5.930 5.939 5.949 5.959 5.968 5.977 5.986 5.995 6.004 6.012 6.021 6.030 6.039 6.048 6.057 6.066 6.076 6.085 6.094
5.197 5.212 5.227 5.242 5.257 5.273 5.289 5.304 5.320 5.336 5.353 5.369 5.386 5.402 5.419 5.436 5.452 5.468 5.483 5.498 5.514 5.529 5.544 5.558 5.573 5.587 5.601 5.615 5.628 5.641 5.653 5.666 5.678 5.690 5.702 5.713 5.725 5.736 5.747 5.758 5.768 5.777 5.787 5.796 5.806 5.815 5.824 5.834 5.843 5.852 5.861 5.870 5.880 5.889 5.898 5.907 5.916 5.925 5.934 5.944 5.953 5.963 5.972 5.981 5.990 5.998 6.007 6.016 6.025 6.033 6.042 6.051 6.060 6.069 6.078 6.087 6.097
5.203 5.218 5.232 5.247 5.262 5.277 5.293 5.308 5.324 5.339 5.355 5.371 5.387 5.403 5.420 5.437 5.453 5.468 5.483 5.498 5.514 5.529 5.544 5.559 5.574 5.588 5.602 5.616 5.630 5.643 5.656 5.669 5.681 5.693 5.705 5.717 5.728 5.740 5.751 5.762 5.772 5.782 5.791 5.801 5.810 5.820 5.829 5.838 5.848 5.857 5.866 5.875 5.884 5.893 5.902 5.911 5.920 5.930 5.939 5.948 5.957 5.967 5.976 5.985 5.993 6.002 6.011 6.019 6.028 6.037 6.045 6.054 6.063 6.072 6.081 6.090 6.099
5.210 5.224 5.238 5.253 5.268 5.282 5.297 5.312 5.327 5.342 5.358 5.373 5.389 5.405 5.421 5.437 5.453 5.468 5.483 5.499 5.514 5.529 5.544 5.559 5.574 5.589 5.603 5.617 5.631 5.645 5.658 5.671 5.684 5.696 5.708 5.720 5.732 5.743 5.755 5.766 5.776 5.786 5.795 5.805 5.814 5.824 5.833 5.843 5.852 5.861 5.870 5.880 5.889 5.898 5.907 5.916 5.925 5.934 5.943 5.952 5.961 5.971 5.980 5.989 5.997 6.006 6.014 6.023 6.031 6.040 6.049 6.057 6.066 6.075 6.084 6.093 6.102
5.216 5.230 5.245 5.259 5.273 5.288 5.302 5.317 5.331 5.346 5.361 5.376 5.392 5.407 5.423 5.439 5.454 5.469 5.484 5.499 5.514 5.529 5.544 5.560 5.575 5.589 5.604 5.618 5.632 5.646 5.660 5.673 5.686 5.698 5.711 5.723 5.735 5.747 5.758 5.769 5.780 5.789 5.799 5.809 5.819 5.828 5.837 5.847 5.856 5.865 5.875 5.884 5.893 5.902 5.911 5.920 5.929 5.938 5.947 5.956 5.965 5.975 5.984 5.992 6.001 6.009 6.017 6.026 6.034 6.043 6.052 6.060 6.069 6.078 6.087 6.096 6.105
5.223 5.237 5.251 5.265 5.279 5.293 5.307 5.322 5.336 5.350 5.365 5.380 5.395 5.410 5.425 5.441 5.455 5.470 5.484 5.499 5.514 5.529 5.544 5.559 5.574 5.589 5.604 5.619 5.633 5.647 5.661 5.674 5.687 5.700 5.713 5.725 5.737 5.749 5.761 5.773 5.783 5.793 5.803 5.813 5.822 5.832 5.841 5.851 5.860 5.870 5.879 5.888 5.897 5.906 5.915 5.924 5.933 5.942 5.951 5.960 5.969 5.979 5.988 5.996 6.004 6.013 6.021 6.029 6.038 6.046 6.055 6.063 6.072 6.081 6.090 6.098 6.107
5.230 5.244 5.258 5.272 5.285 5.299 5.313 5.327 5.341 5.355 5.369 5.383 5.398 5.413 5.428 5.443 5.457 5.471 5.485 5.500 5.515 5.529 5.544 5.559 5.574 5.589 5.604 5.619 5.633 5.647 5.661 5.675 5.688 5.701 5.714 5.727 5.739 5.752 5.764 5.775 5.786 5.796 5.806 5.816 5.826 5.836 5.845 5.855 5.864 5.874 5.883 5.892 5.901 5.910 5.919 5.928 5.937 5.946 5.955 5.964 5.973 5.983 5.991 6.000 6.008 6.016 6.024 6.033 6.041 6.049 6.058 6.066 6.075 6.083 6.092 6.101 6.110
5.238 5.251 5.265 5.278 5.292 5.305 5.319 5.332 5.346 5.360 5.374 5.388 5.402 5.416 5.431 5.445 5.459 5.473 5.487 5.501 5.515 5.530 5.545 5.559 5.574 5.589 5.604 5.618 5.633 5.647 5.661 5.675 5.689 5.702 5.715 5.728 5.741 5.753 5.766 5.778 5.788 5.799 5.809 5.819 5.829 5.839 5.849 5.858 5.868 5.877 5.887 5.896 5.905 5.914 5.923 5.932 5.941 5.950 5.959 5.968 5.977 5.986 5.995 6.003 6.011 6.020 6.028 6.036 6.044 6.052 6.061 6.069 6.078 6.086 6.095 6.104 6.112
5.246 5.259 5.272 5.285 5.298 5.312 5.325 5.338 5.352 5.365 5.379 5.392 5.406 5.420 5.434 5.449 5.462 5.475 5.489 5.502 5.516 5.531 5.545 5.559 5.574 5.589 5.603 5.618 5.632 5.647 5.661 5.675 5.689 5.702 5.716 5.729 5.742 5.755 5.767 5.779 5.790 5.801 5.811 5.822 5.832 5.842 5.852 5.862 5.871 5.881 5.890 5.900 5.909 5.918 5.927 5.936 5.945 5.954 5.963 5.972 5.981 5.990 5.999 6.007 6.015 6.023 6.031 6.039 6.047 6.055 6.064 6.072 6.080 6.089 6.097 6.106 6.115
5.254 5.267 5.279 5.292 5.305 5.318 5.331 5.344 5.358 5.371 5.384 5.397 5.411 5.424 5.438 5.452 5.465 5.478 5.491 5.504 5.518 5.532 5.546 5.560 5.574 5.589 5.603 5.617 5.632 5.646 5.660 5.674 5.688 5.702 5.716 5.729 5.742 5.755 5.768 5.781 5.792 5.803 5.813 5.824 5.834 5.845 5.855 5.865 5.874 5.884 5.894 5.903 5.912 5.921 5.931 5.940 5.948 5.957 5.966 5.975 5.984 5.994 6.002 6.010 6.018 6.026 6.034 6.042 6.050 6.058 6.067 6.075 6.083 6.092 6.100 6.109 6.117
5.262 5.275 5.287 5.300 5.313 5.325 5.338 5.351 5.364 5.377 5.390 5.403 5.416 5.429 5.443 5.456 5.469 5.481 5.494 5.507 5.520 5.533 5.547 5.561 5.575 5.589 5.603 5.617 5.631 5.645 5.660 5.674 5.688 5.701 5.715 5.729 5.742 5.756 5.769 5.781 5.793 5.804 5.815 5.826 5.836 5.847 5.857 5.867 5.877 5.887 5.897 5.906 5.915 5.925 5.934 5.943 5.952 5.961 5.970 5.979 5.988 5.997 6.006 6.014 6.022 6.030 6.037 6.045 6.053 6.061 6.069 6.078 6.086 6.094 6.103 6.111 6.119
5.271 5.283 5.296 5.308 5.321 5.333 5.345 5.358 5.370 5.383 5.396 5.408 5.421 5.434 5.448 5.461 5.472 5.485 5.497 5.510 5.522 5.535 5.549 5.562 5.576 5.589 5.603 5.617 5.631 5.645 5.659 5.673 5.687 5.701 5.714 5.728 5.742 5.755 5.769 5.781 5.793 5.804 5.816 5.827 5.838 5.848 5.859 5.869 5.879 5.889 5.899 5.909 5.918 5.928 5.937 5.946 5.955 5.964 5.973 5.982 5.991 6.000 6.009 6.017 6.025 6.033 6.041 6.048 6.056 6.064 6.072 6.080 6.089 6.097 6.105 6.113 6.122
5.280 5.292 5.304 5.317 5.329 5.341 5.353 5.365 5.378 5.390 5.402 5.415 5.427 5.440 5.453 5.465 5.477 5.489 5.501 5.513 5.525 5.538 5.551 5.564 5.577 5.590 5.604 5.617 5.631 5.645 5.658 5.672 5.686 5.700 5.713 5.727 5.741 5.755 5.768 5.781 5.793 5.804 5.816 5.827 5.838 5.849 5.860 5.871 5.881 5.891 5.901 5.911 5.921 5.930 5.940 5.949 5.958 5.967 5.976 5.985 5.994 6.004 6.012 6.020 6.028 6.036 6.044 6.051 6.059 6.067 6.075 6.083 6.091 6.099 6.108 6.116 6.124
5.290 5.302 5.314 5.326 5.338 5.349 5.361 5.373 5.385 5.397 5.409 5.422 5.434 5.446 5.459 5.471 5.482 5.494 5.505 5.517 5.529 5.541 5.554 5.566 5.579 5.592 5.605 5.618 5.631 5.645 5.658 5.671 5.685 5.699 5.712 5.726 5.740 5.754 5.767 5.780 5.792 5.804 5.816 5.827 5.839 5.850 5.861 5.872 5.882 5.893 5.903 5.913 5.923 5.933 5.942 5.952 5.961 5.970 5.979 5.988 5.998 6.007 6.015 6.023 6.031 6.039 6.047 6.054 6.062 6.070 6.078 6.086 6.094 6.102 6.110 6.118 6.126
5.300 5.312 5.324 5.335 5.347 5.359 5.370 5.382 5.394 5.405 5.417 5.429 5.441 5.453 5.465 5.477 5.488 5.499 5.510 5.522 5.533 5.545 5.557 5.569 5.582 5.594 5.607 5.619 5.632 5.645 5.658 5.671 5.685 5.698 5.711 5.725 5.739 5.753 5.766 5.779 5.791 5.803 5.815 5.827 5.838 5.850 5.861 5.872 5.883 5.894 5.904 5.915 5.925 5.934 5.944 5.954 5.963 5.972 5.982 5.991 6.001 6.010 6.018 6.026 6.034 6.042 6.050 6.057 6.065 6.073 6.081 6.089 6.096 6.104 6.112 6.120 6.129
5.311 5.323 5.334 5.346 5.357 5.368 5.380 5.391 5.403 5.414 5.425 5.437 5.448 5.460 5.472 5.483 5.494 5.505 5.516 5.527 5.538 5.550 5.561 5.573 5.585 5.597 5.609 5.621 5.634 5.646 5.659 5.672 5.685 5.698 5.711 5.724 5.738 5.751 5.765 5.777 5.789 5.801 5.813 5.825 5.837 5.849 5.860 5.872 5.883 5.894 5.905 5.915 5.926 5.936 5.946 5.955 5.965 5.974 5.984 5.993 6.003 6.012 6.021 6.029 6.037 6.044 6.052 6.060 6.068 6.075 6.083 6.091 6.099 6.107 6.115 6.123 6.131
5.323 5.334 5.345 5.357 5.368 5.379 5.390 5.401 5.412 5.423 5.434 5.446 5.457 5.468 5.480 5.491 5.501 5.511 5.522 5.533 5.544 5.555 5.566 5.577 5.589 5.600 5.612 5.624 5.636 5.648 5.660 5.673 5.685 5.698 5.711 5.724 5.737 5.750 5.763 5.776 5.788 5.800 5.812 5.824 5.836 5.848 5.859 5.871 5.882 5.894 5.905 5.915 5.926 5.936 5.947 5.957 5.966 5.976 5.986 5.995 6.005 6.014 6.023 6.031 6.039 6.047 6.055 6.063 6.070 6.078 6.086 6.094 6.101 6.109 6.117 6.125 6.133
5.335 5.346 5.357 5.368 5.379 5.390 5.401 5.412 5.422 5.433 5.444 5.455 5.466 5.477 5.488 5.499 5.509 5.519 5.529 5.539 5.550 5.561 5.571 5.582 5.593 5.605 5.616 5.627 5.639 5.651 5.662 5.674 5.686 5.699 5.711 5.724 5.737 5.750 5.762 5.774 5.786 5.798 5.810 5.822 5.834 5.846 5.858 5.870 5.881 5.893 5.904 5.915 5.926 5.936 5.947 5.957 5.967 5.977 5.987 5.997 6.007 6.016 6.025 6.033 6.041 6.049 6.057 6.065 6.073 6.080 6.088 6.096 6.104 6.112 6.119 6.127 6.135
5.347 5.358 5.369 5.380 5.391 5.402 5.412 5.423 5.433 5.444 5.455 5.465 5.476 5.486 5.497 5.508 5.517 5.527 5.537 5.547 5.557 5.567 5.578 5.588 5.599 5.610 5.621 5.632 5.643 5.654 5.665 5.677 5.688 5.700 5.712 5.724 5.737 5.749 5.762 5.773 5.785 5.797 5.809 5.821 5.832 5.844 5.856 5.868 5.880 5.891 5.903 5.914 5.925 5.936 5.947 5.957 5.967 5.978 5.988 5.998 6.008 6.017 6.026 6.035 6.043 6.051 6.059 6.067 6.075 6.083 6.090 6.098 6.106 6.114 6.122 6.129 6.137
5.360 5.371 5.382 5.393 5.403 5.414 5.424 5.435 5.445 5.455 5.466 5.476 5.486 5.497 5.508 5.517 5.527 5.536 5.546 5.555 5.565 5.575 5.585 5.595 5.605 5.616 5.626 5.637 5.647 5.658 5.669 5.680 5.691 5.702 5.714 5.726 5.738 5.750 5.762 5.773 5.785 5.796 5.808 5.819 5.831 5.843 5.854 5.866 5.878 5.889 5.901 5.912 5.924 5.935 5.946 5.956 5.967 5.978 5.988 5.998 6.008 6.018 6.027 6.036 6.044 6.052 6.061 6.069 6.077 6.084 6.092 6.100 6.108 6.116 6.123 6.131 6.139
5.373 5.384 5.394 5.405 5.416 5.426 5.437 5.447 5.457 5.468 5.478 5.488 5.498 5.508 5.518 5.528 5.537 5.546 5.555 5.564 5.574 5.583 5.593 5.603 5.613 5.622 5.632 5.643 5.653 5.663 5.674 5.684 5.695 5.706 5.717 5.728 5.739 5.751 5.763 5.774 5.785 5.796 5.807 5.818 5.830 5.841 5.853 5.864 5.876 5.888 5.899 5.911 5.922 5.933 5.944 5.955 5.966 5.977 5.987 5.998 6.008 6.018 6.027 6.036 6.045 6.053 6.062 6.070 6.078 6.086 6.094 6.102 6.110 6.117 6.125 6.133 6.141
5.385 5.396 5.407 5.418 5.429 5.439 5.450 5.460 5.470 5.480 5.490 5.500 5.510 5.520 5.530 5.540 5.548 5.557 5.566 5.575 5.584 5.593 5.602 5.611 5.621 5.630 5.640 5.650 5.659 5.669 5.679 5.689 5.700 5.710 5.720 5.731 5.742 5.753 5.764 5.775 5.785 5.796 5.807 5.818 5.829 5.840 5.851 5.863 5.874 5.886 5.897 5.909 5.920 5.931 5.942 5.954 5.965 5.975 5.986 5.997 6.008 6.018 6.027 6.036 6.045 6.054 6.062 6.071 6.079 6.087 6.095 6.103 6.111 6.119 6.127 6.135 6.142
5.398 5.409 5.420 5.431 5.441 5.452 5.462 5.473 5.483 5.493 5.503 5.513 5.523 5.533 5.542 5.552 5.560 5.569 5.577 5.586 5.594 5.603 5.612 5.621 5.630 5.639 5.648 5.658 5.667 5.676 5.686 5.695 5.705 5.715 5.725 5.735 5.746 5.757 5.767 5.777 5.787 5.797 5.808 5.818 5.829 5.839 5.850 5.862 5.873 5.884 5.895 5.907 5.918 5.929 5.940 5.952 5.963 5.974 5.984 5.995 6.006 6.017 6.026 6.036 6.045 6.054 6.062 6.071 6.079 6.088 6.096 6.104 6.112 6.120 6.128 6.136 6.144
5.410 5.421 5.432 5.443 5.454 5.465 5.475 5.485 5.496 5.506 5.516 5.526 5.536 5.545 5.555 5.564 5.573 5.581 5.589 5.598 5.606 5.615 5.623 5.632 5.640 5.649 5.658 5.667 5.676 5.685 5.694 5.703 5.712 5.721 5.731 5.741 5.751 5.761 5.771 5.780 5.790 5.799 5.809 5.819 5.829 5.840 5.850 5.861 5.872 5.883 5.894 5.905 5.916 5.927 5.938 5.949 5.960 5.971 5.982 5.993 6.004 6.015 6.025 6.034 6.044 6.053 6.062 6.070 6.079 6.088 6.096 6.104 6.112 6.121 6.129 6.137 6.145
5.421 5.433 5.444 5.455 5.466 5.477 5.488 5.498 5.508 5.519 5.529 5.539 5.549 5.559 5.568 5.577 5.586 5.594 5.602 5.610 5.618 5.627 5.635 5.643 5.652 5.660 5.669 5.677 5.685 5.694 5.703 5.711 5.720 5.729 5.738 5.747 5.757 5.766 5.776 5.785 5.794 5.803 5.812 5.822 5.831 5.841 5.851 5.861 5.872 5.882 5.893 5.904 5.915 5.925 5.936 5.947 5.958 5.969 5.980 5.991 6.002 6.013 6.023 6.033 6.042 6.051 6.060 6.069 6.078 6.087 6.096 6.104 6.112 6.121 6.129 6.137 6.145
5.433 5.444 5.456 5.467 5.478 5.489 5.500 5.510 5.521 5.531 5.542 5.552 5.562 5.572 5.582 5.591 5.599 5.607 5.615 5.623 5.631 5.640 5.648 5.656 5.664 5.672 5.680 5.688 5.696 5.704 5.713 5.721 5.729 5.738 5.746 5.755 5.764 5.773 5.782 5.790 5.799 5.807 5.816 5.825 5.834 5.844 5.853 5.863 5.873 5.883 5.893 5.903 5.914 5.924 5.935 5.946 5.956 5.967 5.978 5.989 6.000 6.011 6.021 6.030 6.040 6.049 6.059 6.068 6.077 6.086 6.095 6.103 6.112 6.120 6.129 6.137 6.145
5.443 5.455 5.467 5.478 5.489 5.500 5.511 5.522 5.533 5.544 5.554 5.564 5.575 5.585 5.595 5.604 5.612 5.620 5.628 5.637 5.645 5.653 5.661 5.669 5.677 5.685 5.693 5.700 5.708 5.716 5.724 5.732 5.739 5.747 5.756 5.764 5.772 5.781 5.789 5.797 5.805 5.813 5.821 5.830 5.838 5.847 5.856 5.865 5.875 5.884 5.894 5.904 5.914 5.924 5.934 5.945 5.955 5.965 5.976 5.987 5.998 6.008 6.018 6.028 6.038 6.047 6.057 6.066 6.075 6.084 6.093 6.102 6.111 6.119 6.128 6.136 6.145
5.453 5.465 5.477 5.489 5.500 5.511 5.523 5.534 5.545 5.555 5.566 5.576 5.587 5.598 5.608 5.616 5.625 5.633 5.642 5.650 5.658 5.666 5.674 5.682 5.690 5.698 5.706 5.713 5.721 5.728 5.736 5.743 5.751 5.758 5.766 5.774 5.782 5.790 5.798 5.805 5.813 5.820 5.828 5.836 5.844 5.852 5.860 5.869 5.878 5.887 5.896 5.906 5.915 5.925 5.934 5.944 5.954 5.964 5.975 5.985 5.996 6.006 6.016 6.026 6.035 6.045 6.054 6.064 6.073 6.082 6.091 6.100 6.109 6.118 6.127 6.135 6.144
5.463 5.475 5.487 5.499 5.510 5.522 5.533 5.544 5.555 5.566 5.577 5.588 5.599 5.610 5.620 5.629 5.637 5.646 5.655 5.663 5.672 5.680 5.688 5.696 5.704 5.712 5.719 5.727 5.734 5.742 5.749 5.756 5.763 5.771 5.778 5.785 5.793 5.801 5.808 5.815 5.822 5.829 5.836 5.843 5.851 5.858 5.866 5.874 5.882 5.891 5.900 5.908 5.917 5.926 5.936 5.945 5.955 5.964 5.974 5.984 5.995 6.005 6.014 6.024 6.033 6.043 6.052 6.061 6.070 6.080 6.089 6.098 6.107 6.116 6.125 6.133 6.142
5.473 5.485 5.497 5.508 5.520 5.532 5.543 5.555 5.566 5.577 5.588 5.599 5.610 5.621 5.631 5.640 5.650 5.658 5.667 5.676 5.685 5.693 5.701 5.710 5.718 5.725 5.733 5.741 5.748 5.755 5.762 5.769 5.776 5.784 5.791 5.798 5.805 5.813 5.819 5.826 5.832 5.838 5.845 5.852 5.859 5.866 5.873 5.881 5.888 5.896 5.904 5.913 5.921 5.929 5.938 5.947 5.956 5.965 5.975 5.984 5.995 6.004 6.013 6.022 6.031 6.041 6.050 6.059 6.068 6.077 6.086 6.095 6.105 6.114 6.122 6.131 6.140
5.482 5.494 5.506 5.518 5.530 5.541 5.553 5.564 5.576 5.587 5.598 5.610 5.621 5.632 5.642 5.652 5.661 5.670 5.679 5.688 5.697 5.706 5.714 5.723 5.731 5.739 5.747 5.754 5.762 5.769 5.776 5.783 5.790 5.797 5.804 5.811 5.818 5.826 5.832 5.838 5.843 5.849 5.856 5.862 5.868 5.875 5.882 5.889 5.896 5.903 5.910 5.918 5.926 5.934 5.942 5.950 5.959 5.967 5.976 5.986 5.995 6.004 6.013 6.022 6.030 6.039 6.048 6.057 6.066 6.075 6.084 6.093 6.102 6.111 6.120 6.129 6.138
5.490 5.503 5.515 5.527 5.539 5.550 5.562 5.574 5.585 5.597 5.608 5.619 5.631 5.642 5.653 5.662 5.672 5.681 5.691 5.700 5.709 5.718 5.727 5.735 5.744 5.752 5.760 5.768 5.776 5.783 5.790 5.797 5.804 5.811 5.818 5.825 5.832 5.839 5.845 5.850 5.856 5.862 5.867 5.873 5.879 5.885 5.892 5.898 5.905 5.911 5.918 5.925 5.932 5.940 5.947 5.955 5.963 5.971 5.979 5.988 5.997 6.006 6.014 6.022 6.030 6.039 6.047 6.056 6.065 6.073 6.082 6.091 6.100 6.109 6.118 6.126 6.135
