version1/TsunamiDB/out54124.asc
ncols          264
nrows          230
xllcorner      497853.4375
yllcorner      4229146.0000
cellsize         5.
NODATA_value   -99
[rows 102 to 135 of 230, columns 77 to 153 of 264]
6.218 6.228 6.238 6.246 6.254 6.263 6.272 6.281 6.290 6.299 6.308 6.318 6.327 6.336 6.346 6.355 6.365 6.374 6.384 6.394 6.403 6.413 6.423 6.434 6.444 6.455 6.465 6.474 6.483 6.493 6.503 6.512 6.522 6.532 6.542 6.551 6.561 6.570 6.579 6.588 6.597 6.605 6.613 6.621 6.629 6.637 6.644 6.652 6.660 6.666 6.672 6.677 6.683 6.689 6.694 6.700 6.705 6.711 6.717 6.722 6.728 6.733 6.739 6.744 6.749 6.755 6.760 6.765 6.770 6.776 6.782 6.787 6.792 6.796 6.800 6.805 6.809
6.226 6.236 6.245 6.253 6.261 6.270 6.278 6.287 6.296 6.305 6.315 6.324 6.333 6.342 6.352 6.361 6.370 6.380 6.389 6.399 6.409 6.418 6.428 6.439 6.449 6.459 6.469 6.478 6.487 6.497 6.507 6.516 6.526 6.536 6.546 6.556 6.565 6.575 6.584 6.593 6.602 6.610 6.619 6.627 6.635 6.643 6.651 6.658 6.666 6.672 6.678 6.684 6.690 6.695 6.701 6.707 6.712 6.718 6.724 6.729 6.735 6.740 6.746 6.751 6.757 6.762 6.767 6.773 6.778 6.784 6.790 6.795 6.800 6.804 6.809 6.813 6.817
6.233 6.243 6.252 6.260 6.268 6.277 6.285 6.294 6.303 6.312 6.321 6.330 6.339 6.349 6.358 6.367 6.376 6.386 6.395 6.405 6.414 6.424 6.434 6.444 6.454 6.464 6.474 6.483 6.492 6.501 6.511 6.521 6.531 6.540 6.550 6.560 6.570 6.579 6.589 6.598 6.607 6.616 6.624 6.632 6.641 6.649 6.657 6.665 6.672 6.679 6.685 6.691 6.696 6.702 6.708 6.714 6.719 6.725 6.731 6.736 6.742 6.748 6.753 6.759 6.764 6.770 6.775 6.781 6.786 6.792 6.798 6.803 6.808 6.812 6.817 6.821 6.826
6.241 6.251 6.259 6.267 6.275 6.284 6.292 6.301 6.310 6.319 6.328 6.337 6.346 6.355 6.364 6.373 6.383 6.392 6.401 6.410 6.420 6.429 6.439 6.449 6.459 6.469 6.478 6.487 6.497 6.506 6.516 6.525 6.535 6.545 6.555 6.565 6.575 6.584 6.594 6.603 6.612 6.621 6.630 6.638 6.647 6.655 6.663 6.671 6.679 6.685 6.691 6.697 6.703 6.709 6.715 6.721 6.726 6.732 6.738 6.744 6.749 6.755 6.761 6.766 6.772 6.777 6.783 6.788 6.794 6.800 6.805 6.811 6.816 6.820 6.825 6.829 6.834
6.249 6.258 6.267 6.275 6.283 6.291 6.299 6.308 6.317 6.326 6.334 6.343 6.353 6.362 6.371 6.380 6.389 6.398 6.407 6.417 6.426 6.435 6.445 6.455 6.465 6.475 6.484 6.493 6.502 6.511 6.521 6.530 6.540 6.550 6.560 6.570 6.579 6.589 6.599 6.608 6.617 6.627 6.635 6.644 6.653 6.661 6.669 6.678 6.685 6.692 6.698 6.704 6.710 6.716 6.722 6.728 6.734 6.739 6.745 6.751 6.757 6.762 6.768 6.774 6.779 6.785 6.790 6.796 6.802 6.807 6.813 6.819 6.824 6.828 6.833 6.838 6.842
6.257 6.266 6.274 6.282 6.290 6.298 6.307 6.315 6.324 6.333 6.341 6.350 6.359 6.368 6.377 6.386 6.395 6.405 6.414 6.423 6.432 6.442 6.451 6.461 6.471 6.480 6.489 6.498 6.507 6.516 6.526 6.535 6.545 6.555 6.565 6.575 6.585 6.594 6.604 6.614 6.623 6.632 6.641 6.650 6.659 6.667 6.676 6.684 6.692 6.699 6.705 6.711 6.717 6.723 6.729 6.735 6.741 6.747 6.753 6.758 6.764 6.770 6.776 6.781 6.787 6.793 6.798 6.804 6.810 6.815 6.821 6.827 6.832 6.837 6.841 6.846 6.850
6.265 6.274 6.282 6.290 6.298 6.306 6.314 6.322 6.331 6.340 6.348 6.357 6.366 6.375 6.384 6.393 6.402 6.411 6.420 6.430 6.439 6.448 6.457 6.467 6.477 6.486 6.495 6.504 6.513 6.522 6.531 6.541 6.550 6.560 6.570 6.580 6.590 6.600 6.609 6.619 6.629 6.638 6.647 6.656 6.665 6.674 6.682 6.691 6.699 6.705 6.712 6.718 6.725 6.731 6.737 6.743 6.749 6.754 6.760 6.766 6.772 6.778 6.783 6.789 6.795 6.800 6.806 6.812 6.818 6.823 6.829 6.835 6.840 6.845 6.849 6.854 6.859
6.274 6.283 6.291 6.298 6.306 6.314 6.322 6.330 6.338 6.347 6.356 6.364 6.373 6.382 6.391 6.400 6.409 6.418 6.427 6.436 6.445 6.455 6.464 6.473 6.483 6.492 6.501 6.510 6.519 6.528 6.537 6.546 6.556 6.566 6.576 6.585 6.595 6.605 6.615 6.625 6.634 6.644 6.653 6.662 6.671 6.680 6.689 6.698 6.705 6.712 6.719 6.726 6.732 6.738 6.744 6.750 6.756 6.762 6.768 6.774 6.780 6.785 6.791 6.797 6.803 6.808 6.814 6.820 6.826 6.831 6.838 6.843 6.848 6.853 6.858 6.862 6.867
6.283 6.292 6.300 6.307 6.314 6.322 6.330 6.338 6.346 6.355 6.363 6.372 6.381 6.389 6.398 6.407 6.416 6.425 6.434 6.443 6.452 6.461 6.471 6.480 6.490 6.499 6.507 6.516 6.525 6.534 6.543 6.552 6.562 6.571 6.581 6.591 6.601 6.611 6.621 6.630 6.640 6.650 6.659 6.668 6.678 6.687 6.695 6.704 6.712 6.720 6.726 6.733 6.739 6.746 6.752 6.758 6.764 6.770 6.776 6.782 6.788 6.793 6.799 6.805 6.811 6.816 6.822 6.828 6.834 6.840 6.846 6.851 6.856 6.861 6.866 6.871 6.875
6.294 6.302 6.309 6.316 6.323 6.331 6.338 6.346 6.354 6.362 6.371 6.379 6.388 6.397 6.405 6.414 6.423 6.432 6.441 6.450 6.459 6.468 6.477 6.487 6.496 6.505 6.514 6.522 6.531 6.540 6.549 6.558 6.567 6.577 6.587 6.597 6.607 6.616 6.626 6.636 6.646 6.656 6.665 6.675 6.684 6.693 6.702 6.711 6.719 6.727 6.734 6.740 6.747 6.753 6.760 6.766 6.772 6.778 6.784 6.790 6.796 6.801 6.807 6.813 6.819 6.825 6.830 6.836 6.842 6.848 6.854 6.860 6.865 6.870 6.874 6.879 6.884
6.305 6.313 6.320 6.326 6.333 6.340 6.347 6.355 6.363 6.371 6.379 6.387 6.396 6.404 6.413 6.422 6.430 6.439 6.448 6.457 6.466 6.475 6.484 6.493 6.503 6.512 6.520 6.529 6.537 6.546 6.555 6.564 6.573 6.583 6.593 6.602 6.612 6.622 6.632 6.642 6.652 6.662 6.671 6.681 6.690 6.700 6.709 6.718 6.726 6.734 6.741 6.748 6.755 6.761 6.767 6.774 6.780 6.786 6.792 6.798 6.804 6.810 6.816 6.821 6.827 6.833 6.839 6.844 6.850 6.856 6.862 6.868 6.873 6.878 6.883 6.887 6.892
6.317 6.325 6.331 6.337 6.343 6.350 6.357 6.364 6.372 6.380 6.387 6.396 6.404 6.412 6.421 6.429 6.438 6.447 6.455 6.464 6.473 6.482 6.491 6.500 6.510 6.519 6.527 6.535 6.544 6.552 6.561 6.570 6.579 6.589 6.598 6.608 6.618 6.628 6.638 6.648 6.658 6.668 6.677 6.687 6.697 6.706 6.715 6.725 6.733 6.741 6.748 6.755 6.762 6.769 6.775 6.782 6.788 6.794 6.800 6.806 6.812 6.818 6.824 6.830 6.835 6.841 6.847 6.853 6.859 6.865 6.871 6.876 6.881 6.886 6.891 6.896 6.900
6.331 6.338 6.344 6.349 6.355 6.361 6.368 6.375 6.382 6.389 6.397 6.405 6.413 6.421 6.429 6.437 6.446 6.454 6.463 6.472 6.481 6.489 6.498 6.507 6.517 6.526 6.534 6.542 6.550 6.559 6.567 6.576 6.586 6.595 6.604 6.614 6.624 6.634 6.644 6.654 6.664 6.674 6.684 6.693 6.703 6.713 6.722 6.732 6.740 6.748 6.756 6.763 6.770 6.777 6.783 6.790 6.796 6.802 6.808 6.814 6.820 6.826 6.832 6.838 6.844 6.850 6.855 6.861 6.867 6.873 6.879 6.885 6.890 6.895 6.900 6.904 6.909
6.347 6.353 6.358 6.363 6.368 6.374 6.380 6.386 6.393 6.400 6.407 6.414 6.422 6.430 6.438 6.446 6.454 6.462 6.471 6.479 6.488 6.497 6.506 6.515 6.524 6.533 6.541 6.549 6.557 6.565 6.574 6.583 6.592 6.601 6.611 6.620 6.630 6.640 6.650 6.660 6.670 6.680 6.690 6.699 6.709 6.719 6.729 6.738 6.747 6.755 6.763 6.770 6.777 6.784 6.791 6.798 6.804 6.810 6.817 6.823 6.829 6.835 6.841 6.847 6.852 6.858 6.864 6.870 6.876 6.882 6.888 6.893 6.898 6.903 6.908 6.913 6.917
6.364 6.369 6.374 6.378 6.383 6.387 6.393 6.399 6.405 6.411 6.418 6.425 6.432 6.439 6.447 6.455 6.463 6.471 6.479 6.488 6.496 6.505 6.513 6.522 6.531 6.540 6.548 6.556 6.564 6.572 6.581 6.589 6.598 6.607 6.617 6.626 6.636 6.646 6.655 6.665 6.675 6.685 6.695 6.705 6.715 6.725 6.735 6.745 6.754 6.762 6.770 6.777 6.785 6.792 6.799 6.805 6.812 6.819 6.825 6.831 6.837 6.843 6.849 6.855 6.861 6.867 6.872 6.878 6.884 6.890 6.896 6.902 6.907 6.912 6.917 6.921 6.926
6.382 6.387 6.391 6.394 6.398 6.403 6.408 6.413 6.418 6.424 6.430 6.437 6.443 6.450 6.457 6.465 6.472 6.480 6.488 6.496 6.504 6.513 6.521 6.530 6.539 6.547 6.555 6.563 6.571 6.579 6.587 6.596 6.605 6.614 6.623 6.632 6.642 6.652 6.661 6.671 6.681 6.691 6.701 6.711 6.721 6.731 6.741 6.751 6.760 6.769 6.777 6.784 6.792 6.799 6.806 6.813 6.820 6.827 6.833 6.839 6.845 6.852 6.858 6.863 6.869 6.875 6.881 6.887 6.893 6.899 6.905 6.911 6.915 6.920 6.925 6.930 6.934
6.402 6.406 6.409 6.412 6.416 6.420 6.424 6.428 6.433 6.438 6.444 6.449 6.456 6.462 6.469 6.476 6.483 6.490 6.498 6.505 6.513 6.522 6.530 6.538 6.547 6.555 6.563 6.570 6.578 6.586 6.594 6.603 6.611 6.620 6.629 6.639 6.648 6.658 6.667 6.677 6.687 6.697 6.707 6.717 6.727 6.737 6.747 6.758 6.767 6.775 6.783 6.791 6.799 6.807 6.814 6.821 6.828 6.834 6.841 6.847 6.854 6.860 6.866 6.872 6.878 6.884 6.889 6.895 6.901 6.907 6.914 6.919 6.924 6.929 6.933 6.938 6.943
6.422 6.426 6.429 6.432 6.435 6.438 6.441 6.445 6.449 6.454 6.459 6.464 6.469 6.475 6.481 6.488 6.494 6.501 6.508 6.515 6.523 6.531 6.539 6.547 6.556 6.563 6.571 6.578 6.586 6.594 6.602 6.610 6.618 6.627 6.636 6.645 6.654 6.664 6.673 6.683 6.693 6.703 6.713 6.723 6.733 6.743 6.754 6.764 6.773 6.782 6.790 6.798 6.806 6.814 6.821 6.828 6.835 6.842 6.849 6.855 6.862 6.868 6.874 6.880 6.886 6.892 6.898 6.904 6.910 6.916 6.922 6.927 6.932 6.937 6.942 6.946 6.951
6.443 6.447 6.450 6.452 6.455 6.457 6.460 6.464 6.467 6.471 6.475 6.480 6.485 6.490 6.495 6.501 6.507 6.513 6.520 6.527 6.534 6.541 6.549 6.557 6.565 6.572 6.579 6.586 6.594 6.601 6.609 6.617 6.626 6.634 6.643 6.652 6.661 6.670 6.679 6.689 6.699 6.709 6.719 6.729 6.739 6.749 6.760 6.770 6.779 6.788 6.796 6.805 6.813 6.821 6.828 6.836 6.843 6.850 6.857 6.863 6.870 6.876 6.882 6.888 6.894 6.900 6.906 6.912 6.918 6.924 6.930 6.936 6.941 6.945 6.950 6.955 6.959
6.465 6.468 6.471 6.473 6.475 6.478 6.480 6.483 6.486 6.490 6.493 6.497 6.501 6.506 6.510 6.515 6.521 6.526 6.532 6.539 6.545 6.552 6.560 6.567 6.575 6.582 6.588 6.595 6.602 6.610 6.617 6.625 6.633 6.641 6.650 6.658 6.667 6.676 6.686 6.695 6.705 6.714 6.724 6.734 6.745 6.755 6.765 6.776 6.785 6.794 6.803 6.811 6.819 6.827 6.835 6.843 6.850 6.857 6.864 6.871 6.877 6.884 6.890 6.896 6.902 6.908 6.914 6.920 6.926 6.933 6.939 6.944 6.949 6.954 6.958 6.963 6.967
6.486 6.489 6.492 6.494 6.496 6.499 6.501 6.504 6.507 6.510 6.513 6.516 6.519 6.523 6.527 6.532 6.536 6.541 6.547 6.552 6.558 6.565 6.572 6.579 6.586 6.592 6.598 6.605 6.612 6.619 6.626 6.633 6.641 6.649 6.657 6.666 6.674 6.683 6.692 6.701 6.711 6.720 6.730 6.740 6.750 6.761 6.771 6.782 6.791 6.800 6.809 6.817 6.826 6.834 6.842 6.850 6.857 6.864 6.871 6.878 6.885 6.892 6.898 6.904 6.910 6.916 6.922 6.928 6.934 6.941 6.947 6.952 6.957 6.962 6.966 6.971 6.975
6.506 6.510 6.513 6.515 6.518 6.520 6.523 6.525 6.528 6.530 6.533 6.536 6.539 6.542 6.545 6.549 6.553 6.557 6.562 6.567 6.573 6.578 6.585 6.591 6.598 6.603 6.609 6.615 6.622 6.628 6.635 6.642 6.650 6.657 6.665 6.673 6.682 6.690 6.699 6.708 6.717 6.727 6.736 6.746 6.756 6.766 6.777 6.787 6.797 6.806 6.815 6.823 6.832 6.840 6.848 6.856 6.864 6.871 6.879 6.886 6.892 6.899 6.905 6.912 6.918 6.924 6.930 6.936 6.942 6.949 6.955 6.960 6.965 6.969 6.974 6.979 6.983
6.526 6.530 6.533 6.536 6.539 6.541 6.544 6.546 6.549 6.552 6.554 6.557 6.559 6.562 6.565 6.568 6.571 6.575 6.579 6.584 6.588 6.593 6.599 6.605 6.611 6.616 6.621 6.627 6.633 6.639 6.646 6.652 6.659 6.666 6.674 6.682 6.690 6.698 6.706 6.715 6.724 6.733 6.742 6.752 6.762 6.772 6.783 6.793 6.802 6.811 6.820 6.829 6.838 6.846 6.855 6.863 6.870 6.878 6.885 6.893 6.900 6.906 6.913 6.919 6.926 6.932 6.938 6.944 6.950 6.956 6.962 6.967 6.972 6.977 6.982 6.986 6.991
6.544 6.549 6.552 6.556 6.559 6.562 6.565 6.568 6.570 6.573 6.575 6.578 6.580 6.583 6.585 6.588 6.591 6.594 6.597 6.601 6.605 6.610 6.615 6.620 6.625 6.630 6.635 6.640 6.645 6.651 6.657 6.663 6.670 6.676 6.683 6.691 6.698 6.706 6.714 6.722 6.731 6.740 6.749 6.759 6.768 6.778 6.789 6.799 6.808 6.817 6.826 6.835 6.844 6.852 6.861 6.869 6.877 6.885 6.892 6.899 6.907 6.913 6.920 6.927 6.933 6.939 6.945 6.951 6.958 6.964 6.970 6.975 6.980 6.985 6.989 6.994 6.999
6.562 6.567 6.571 6.575 6.578 6.582 6.585 6.588 6.591 6.594 6.597 6.599 6.602 6.604 6.606 6.609 6.611 6.614 6.617 6.620 6.624 6.627 6.632 6.636 6.641 6.645 6.649 6.654 6.659 6.664 6.669 6.675 6.681 6.687 6.694 6.701 6.708 6.715 6.723 6.731 6.739 6.748 6.756 6.765 6.775 6.785 6.795 6.805 6.814 6.823 6.832 6.841 6.850 6.858 6.867 6.875 6.883 6.891 6.899 6.906 6.913 6.920 6.927 6.934 6.940 6.946 6.953 6.959 6.965 6.971 6.977 6.982 6.987 6.992 6.997 7.001 7.006
6.579 6.584 6.589 6.593 6.597 6.601 6.605 6.608 6.612 6.615 6.618 6.620 6.623 6.625 6.628 6.630 6.632 6.635 6.637 6.640 6.643 6.646 6.650 6.654 6.658 6.661 6.665 6.669 6.673 6.678 6.683 6.688 6.693 6.699 6.705 6.712 6.718 6.725 6.732 6.740 6.748 6.756 6.764 6.773 6.782 6.792 6.802 6.811 6.820 6.829 6.838 6.847 6.856 6.864 6.873 6.881 6.890 6.898 6.905 6.913 6.920 6.927 6.934 6.941 6.947 6.954 6.960 6.966 6.972 6.979 6.984 6.990 6.995 6.999 7.004 7.009 7.013
6.595 6.601 6.606 6.610 6.615 6.619 6.623 6.627 6.631 6.635 6.638 6.641 6.644 6.647 6.649 6.651 6.654 6.656 6.658 6.661 6.663 6.666 6.669 6.673 6.676 6.679 6.682 6.685 6.689 6.693 6.697 6.702 6.707 6.712 6.718 6.724 6.730 6.736 6.743 6.750 6.757 6.765 6.773 6.781 6.790 6.799 6.809 6.818 6.827 6.835 6.844 6.853 6.862 6.871 6.879 6.888 6.896 6.904 6.912 6.920 6.927 6.934 6.941 6.948 6.954 6.961 6.967 6.973 6.979 6.986 6.992 6.997 7.002 7.006 7.011 7.016 7.020
6.610 6.616 6.622 6.627 6.632 6.637 6.641 6.646 6.650 6.654 6.658 6.661 6.664 6.667 6.670 6.673 6.675 6.677 6.679 6.682 6.684 6.687 6.689 6.693 6.695 6.698 6.700 6.703 6.706 6.710 6.713 6.717 6.722 6.727 6.731 6.737 6.742 6.748 6.754 6.761 6.768 6.775 6.782 6.790 6.798 6.807 6.816 6.825 6.834 6.842 6.851 6.860 6.868 6.877 6.886 6.894 6.902 6.910 6.918 6.926 6.934 6.941 6.948 6.955 6.961 6.968 6.974 6.980 6.986 6.993 6.999 7.004 7.009 7.013 7.018 7.023 7.027
6.624 6.631 6.637 6.642 6.648 6.653 6.658 6.663 6.667 6.672 6.676 6.680 6.684 6.687 6.690 6.693 6.696 6.698 6.701 6.703 6.705 6.707 6.710 6.713 6.715 6.717 6.719 6.722 6.724 6.727 6.730 6.734 6.738 6.742 6.746 6.751 6.756 6.761 6.767 6.773 6.779 6.786 6.793 6.800 6.808 6.816 6.825 6.833 6.842 6.850 6.858 6.867 6.875 6.884 6.892 6.901 6.909 6.917 6.925 6.933 6.940 6.948 6.955 6.962 6.968 6.975 6.981 6.987 6.993 7.000 7.006 7.011 7.016 7.020 7.025 7.029 7.034
6.637 6.644 6.651 6.657 6.662 6.668 6.674 6.679 6.684 6.689 6.694 6.698 6.702 6.706 6.710 6.713 6.716 6.719 6.721 6.724 6.726 6.728 6.731 6.734 6.736 6.737 6.739 6.741 6.743 6.746 6.748 6.751 6.755 6.758 6.762 6.767 6.771 6.776 6.781 6.786 6.792 6.798 6.804 6.811 6.818 6.826 6.834 6.842 6.850 6.858 6.866 6.874 6.883 6.891 6.899 6.908 6.916 6.924 6.932 6.940 6.947 6.955 6.962 6.969 6.975 6.982 6.988 6.994 7.001 7.007 7.013 7.018 7.023 7.027 7.032 7.036 7.041
6.649 6.657 6.663 6.670 6.676 6.682 6.688 6.694 6.700 6.705 6.710 6.715 6.720 6.724 6.728 6.732 6.735 6.738 6.741 6.744 6.746 6.749 6.751 6.754 6.756 6.758 6.759 6.761 6.763 6.765 6.767 6.770 6.773 6.776 6.779 6.783 6.787 6.791 6.796 6.800 6.805 6.811 6.817 6.823 6.830 6.837 6.845 6.852 6.860 6.867 6.875 6.883 6.891 6.899 6.907 6.915 6.923 6.931 6.939 6.947 6.955 6.962 6.969 6.976 6.983 6.989 6.996 7.002 7.008 7.014 7.020 7.025 7.030 7.034 7.039 7.043 7.048
6.659 6.668 6.675 6.682 6.689 6.695 6.702 6.708 6.714 6.720 6.725 6.731 6.736 6.740 6.745 6.749 6.753 6.757 6.760 6.763 6.766 6.769 6.771 6.774 6.776 6.778 6.779 6.781 6.782 6.784 6.786 6.789 6.791 6.794 6.797 6.800 6.804 6.808 6.812 6.816 6.820 6.825 6.830 6.836 6.842 6.849 6.856 6.863 6.870 6.877 6.884 6.892 6.899 6.907 6.915 6.923 6.931 6.939 6.947 6.955 6.962 6.970 6.977 6.984 6.990 6.997 7.003 7.009 7.015 7.022 7.027 7.032 7.037 7.041 7.046 7.050 7.054
6.668 6.677 6.685 6.693 6.700 6.707 6.714 6.721 6.727 6.733 6.739 6.745 6.751 6.756 6.761 6.765 6.770 6.774 6.778 6.781 6.785 6.788 6.791 6.794 6.796 6.798 6.799 6.801 6.802 6.804 6.806 6.808 6.810 6.813 6.815 6.818 6.821 6.825 6.828 6.832 6.836 6.840 6.845 6.850 6.856 6.862 6.868 6.875 6.881 6.888 6.894 6.901 6.909 6.916 6.924 6.932 6.940 6.947 6.955 6.963 6.970 6.978 6.985 6.992 6.998 7.005 7.011 7.017 7.023 7.029 7.035 7.040 7.044 7.049 7.053 7.057 7.062
6.675 6.685 6.693 6.702 6.710 6.717 6.725 6.732 6.739 6.746 6.752 6.758 6.764 6.770 6.775 6.780 6.785 6.790 6.794 6.798 6.802 6.805 6.809 6.812 6.815 6.817 6.818 6.820 6.821 6.823 6.825 6.827 6.829 6.831 6.834 6.837 6.839 6.842 6.845 6.849 6.852 6.856 6.860 6.865 6.870 6.876 6.882 6.888 6.893 6.899 6.905 6.912 6.919 6.926 6.934 6.941 6.949 6.956 6.964 6.972 6.979 6.986 6.993 7.000 7.007 7.013 7.019 7.025 7.032 7.038 7.043 7.048 7.052 7.057 7.061 7.065 7.069
