version1/TsunamiDB/out54009.asc
ncols          264
nrows          230
xllcorner      497853.4375
yllcorner      4229146.0000
cellsize         5.
NODATA_value   -99
[rows 93 to 123 of 230, columns 140 to 209 of 264]
-99.000 -99.000 -99.000 -99.000 -99.000 -99.000 -99.000 -99.000 -99.000 -99.000 -99.000 -99.000 -99.000 -99.000 -99.000 -99.000 -99.000 -99.000 -99.000 -99.000 -99.000 -99.000 -99.000 -99.000 -99.000 -99.000 -99.000 -99.000 -99.000 -99.000 -99.000 -99.000 -99.000 -99.000 -99.000 -99.000 -99.000 1.643 1.646 1.683 1.814 2.047 2.358 2.721 3.103 3.468 3.778 4.025 4.216 4.364 4.483 4.581 4.665 4.741 4.811 4.876 4.939 5.000 5.059 5.116 5.170 5.223 5.271 5.316 5.355 5.386 5.408 5.423 5.430 5.433
-99.000 -99.000 -99.000 -99.000 -99.000 -99.000 -99.000 -99.000 -99.000 -99.000 -99.000 -99.000 -99.000 -99.000 -99.000 -99.000 -99.000 -99.000 -99.000 -99.000 -99.000 -99.000 -99.000 -99.000 -99.000 -99.000 -99.000 -99.000 -99.000 -99.000 -99.000 -99.000 -99.000 -99.000 -99.000 -99.000 -99.000 1.643 1.653 1.723 1.898 2.166 2.502 2.878 3.257 3.602 3.885 4.107 4.278 4.413 4.521 4.612 4.693 4.766 4.834 4.899 4.962 5.024 5.084 5.143 5.200 5.254 5.305 5.352 5.394 5.429 5.456 5.475 5.486 5.494
-99.000 -99.000 -99.000 -99.000 -99.000 -99.000 -99.000 -99.000 -99.000 -99.000 -99.000 -99.000 -99.000 -99.000 -99.000 -99.000 -99.000 -99.000 -99.000 -99.000 -99.000 -99.000 -99.000 -99.000 -99.000 -99.000 -99.000 -99.000 -99.000 -99.000 -99.000 -99.000 -99.000 -99.000 -99.000 -99.000 -99.000 1.644 1.670 1.781 1.997 2.296 2.652 3.033 3.404 3.725 3.981 4.180 4.334 4.456 4.556 4.642 4.719 4.789 4.855 4.919 4.983 5.045 5.106 5.166 5.224 5.280 5.333 5.382 5.427 5.465 5.497 5.521 5.539 5.552
-99.000 -99.000 -99.000 -99.000 -99.000 -99.000 -99.000 -99.000 -99.000 -99.000 -99.000 -99.000 -99.000 -99.000 -99.000 -99.000 -99.000 -99.000 -99.000 -99.000 -99.000 -99.000 -99.000 -99.000 -99.000 -99.000 -99.000 -99.000 -99.000 -99.000 -99.000 -99.000 -99.000 -99.000 -99.000 -99.000 1.643 1.649 1.702 1.856 2.108 2.433 2.804 3.186 3.541 3.836 4.067 4.246 4.385 4.497 4.590 4.671 4.744 4.812 4.876 4.939 5.002 5.064 5.125 5.185 5.244 5.300 5.354 5.406 5.453 5.495 5.532 5.562 5.587 5.606
-99.000 -99.000 -99.000 -99.000 -99.000 -99.000 -99.000 -99.000 -99.000 -99.000 -99.000 -99.000 -99.000 -99.000 -99.000 -99.000 -99.000 -99.000 -99.000 -99.000 -99.000 -99.000 -99.000 -99.000 -99.000 -99.000 -99.000 -99.000 -99.000 -99.000 -99.000 -99.000 -99.000 -99.000 -99.000 -99.000 1.644 1.660 1.750 1.945 2.228 2.576 2.956 3.333 3.667 3.935 4.144 4.305 4.431 4.534 4.621 4.698 4.769 4.835 4.898 4.959 5.021 5.082 5.143 5.202 5.261 5.317 5.372 5.424 5.474 5.519 5.560 5.597 5.628 5.656
-99.000 -99.000 -99.000 -99.000 -99.000 -99.000 -99.000 -99.000 -99.000 -99.000 -99.000 -99.000 -99.000 -99.000 -99.000 -99.000 -99.000 -99.000 -99.000 -99.000 -99.000 -99.000 -99.000 -99.000 -99.000 -99.000 -99.000 -99.000 -99.000 -99.000 -99.000 -99.000 -99.000 -99.000 -99.000 1.643 1.646 1.683 1.814 2.047 2.358 2.723 3.107 3.473 3.781 4.024 4.212 4.358 4.473 4.569 4.651 4.725 4.794 4.858 4.920 4.980 5.041 5.101 5.160 5.219 5.277 5.333 5.388 5.440 5.491 5.540 5.585 5.627 5.665 5.701
-99.000 -99.000 -99.000 -99.000 -99.000 -99.000 -99.000 -99.000 -99.000 -99.000 -99.000 -99.000 -99.000 -99.000 -99.000 -99.000 -99.000 -99.000 -99.000 -99.000 -99.000 -99.000 -99.000 -99.000 -99.000 -99.000 -99.000 -99.000 -99.000 -99.000 -99.000 -99.000 -99.000 -99.000 -99.000 1.643 1.652 1.721 1.893 2.159 2.496 2.873 3.256 3.603 3.885 4.105 4.274 4.405 4.512 4.601 4.680 4.751 4.818 4.882 4.942 5.001 5.061 5.120 5.178 5.236 5.293 5.348 5.402 5.456 5.508 5.559 5.608 5.655 5.700 5.744
-99.000 -99.000 -99.000 -99.000 -99.000 -99.000 -99.000 -99.000 -99.000 -99.000 -99.000 -99.000 -99.000 -99.000 -99.000 -99.000 -99.000 -99.000 -99.000 -99.000 -99.000 -99.000 -99.000 -99.000 -99.000 -99.000 -99.000 -99.000 -99.000 -99.000 -99.000 -99.000 -99.000 -99.000 -99.000 1.644 1.668 1.775 1.987 2.283 2.639 3.024 3.399 3.723 3.980 4.178 4.330 4.449 4.548 4.632 4.707 4.776 4.841 4.904 4.964 5.023 5.082 5.139 5.196 5.253 5.308 5.363 5.417 5.471 5.524 5.577 5.629 5.682 5.734 5.786
-99.000 -99.000 -99.000 -99.000 -99.000 -99.000 -99.000 -99.000 -99.000 -99.000 -99.000 -99.000 -99.000 -99.000 -99.000 -99.000 -99.000 -99.000 -99.000 -99.000 -99.000 -99.000 -99.000 -99.000 -99.000 -99.000 -99.000 -99.000 -99.000 -99.000 -99.000 -99.000 -99.000 -99.000 1.643 1.648 1.697 1.845 2.093 2.416 2.788 3.175 3.536 3.834 4.067 4.245 4.382 4.491 4.581 4.660 4.732 4.800 4.864 4.926 4.985 5.044 5.102 5.158 5.214 5.269 5.323 5.377 5.431 5.484 5.538 5.593 5.649 5.707 5.765 5.826
-99.000 -99.000 -99.000 -99.000 -99.000 -99.000 -99.000 -99.000 -99.000 -99.000 -99.000 -99.000 -99.000 -99.000 -99.000 -99.000 -99.000 -99.000 -99.000 -99.000 -99.000 -99.000 -99.000 -99.000 -99.000 -99.000 -99.000 -99.000 -99.000 -99.000 -99.000 -99.000 -99.000 -99.000 1.643 1.658 1.741 1.931 2.210 2.557 2.940 3.323 3.664 3.938 4.148 4.307 4.431 4.530 4.614 4.689 4.758 4.823 4.886 4.947 5.006 5.063 5.120 5.176 5.230 5.283 5.336 5.388 5.441 5.495 5.550 5.607 5.666 5.729 5.794 5.861
-99.000 -99.000 -99.000 -99.000 -99.000 -99.000 -99.000 -99.000 -99.000 -99.000 -99.000 -99.000 -99.000 -99.000 -99.000 -99.000 -99.000 -99.000 -99.000 -99.000 -99.000 -99.000 -99.000 -99.000 -99.000 -99.000 -99.000 -99.000 -99.000 -99.000 -99.000 -99.000 -99.000 1.643 1.645 1.678 1.803 2.030 2.339 2.704 3.092 3.466 3.784 4.033 4.223 4.367 4.479 4.570 4.648 4.718 4.784 4.847 4.908 4.968 5.025 5.081 5.137 5.191 5.243 5.294 5.345 5.396 5.448 5.501 5.557 5.616 5.679 5.747 5.818 5.894
-99.000 -99.000 -99.000 -99.000 -99.000 -99.000 -99.000 -99.000 -99.000 -99.000 -99.000 -99.000 -99.000 -99.000 -99.000 -99.000 -99.000 -99.000 -99.000 -99.000 -99.000 -99.000 -99.000 -99.000 -99.000 -99.000 -99.000 -99.000 -99.000 -99.000 -99.000 -99.000 -99.000 1.643 1.651 1.714 1.880 2.142 2.476 2.856 3.244 3.603 3.896 4.123 4.293 4.423 4.525 4.609 4.682 4.748 4.811 4.872 4.931 4.989 5.044 5.099 5.153 5.204 5.254 5.302 5.350 5.399 5.449 5.503 5.560 5.621 5.688 5.762 5.839 5.921
-99.000 -99.000 -99.000 -99.000 -99.000 -99.000 -99.000 -99.000 -99.000 -99.000 -99.000 -99.000 -99.000 -99.000 -99.000 -99.000 -99.000 -99.000 -99.000 -99.000 -99.000 -99.000 -99.000 -99.000 -99.000 -99.000 -99.000 -99.000 -99.000 -99.000 -99.000 -99.000 -99.000 1.644 1.665 1.766 1.973 2.266 2.622 3.010 3.393 3.731 4.000 4.205 4.359 4.477 4.571 4.649 4.718 4.781 4.841 4.899 4.956 5.011 5.065 5.117 5.168 5.217 5.263 5.308 5.353 5.399 5.448 5.501 5.559 5.622 5.694 5.773 5.856 5.944
-99.000 -99.000 -99.000 -99.000 -99.000 -99.000 -99.000 -99.000 -99.000 -99.000 -99.000 -99.000 -99.000 -99.000 -99.000 -99.000 -99.000 -99.000 -99.000 -99.000 -99.000 -99.000 -99.000 -99.000 -99.000 -99.000 -99.000 -99.000 -99.000 -99.000 -99.000 -99.000 1.643 1.647 1.692 1.835 2.078 2.399 2.773 3.164 3.536 3.850 4.095 4.280 4.420 4.528 4.616 4.690 4.756 4.816 4.874 4.930 4.984 5.037 5.087 5.136 5.184 5.230 5.273 5.314 5.355 5.398 5.445 5.498 5.557 5.623 5.699 5.785 5.872 5.966
-99.000 -99.000 -99.000 -99.000 -99.000 -99.000 -99.000 -99.000 -99.000 -99.000 -99.000 -99.000 -99.000 -99.000 -99.000 -99.000 -99.000 -99.000 -99.000 -99.000 -99.000 -99.000 -99.000 -99.000 -99.000 -99.000 -99.000 -99.000 -99.000 -99.000 -99.000 -99.000 1.643 1.656 1.735 1.920 2.197 2.542 2.927 3.316 3.671 3.959 4.180 4.347 4.475 4.576 4.659 4.730 4.794 4.853 4.910 4.964 5.016 5.066 5.114 5.160 5.205 5.247 5.286 5.323 5.361 5.400 5.445 5.497 5.558 5.628 5.710 5.799 5.891 5.989
-99.000 -99.000 -99.000 -99.000 -99.000 -99.000 -99.000 -99.000 -99.000 -99.000 -99.000 -99.000 -99.000 -99.000 -99.000 -99.000 -99.000 -99.000 -99.000 -99.000 -99.000 -99.000 -99.000 -99.000 -99.000 -99.000 -99.000 -99.000 -99.000 -99.000 -99.000 1.643 1.645 1.675 1.795 2.019 2.326 2.692 3.083 3.464 3.796 4.057 4.256 4.407 4.524 4.619 4.699 4.769 4.832 4.891 4.947 5.000 5.051 5.100 5.145 5.188 5.229 5.268 5.304 5.338 5.372 5.409 5.452 5.504 5.567 5.640 5.724 5.816 5.912 6.013
-99.000 -99.000 -99.000 -99.000 -99.000 -99.000 -99.000 -99.000 -99.000 -99.000 -99.000 -99.000 -99.000 -99.000 -99.000 -99.000 -99.000 -99.000 -99.000 -99.000 -99.000 -99.000 -99.000 -99.000 -99.000 -99.000 -99.000 -99.000 -99.000 -99.000 -99.000 1.643 1.650 1.710 1.873 2.132 2.466 2.846 3.238 3.605 3.909 4.144 4.323 4.460 4.568 4.658 4.736 4.805 4.868 4.928 4.984 5.037 5.088 5.135 5.179 5.220 5.259 5.295 5.328 5.359 5.391 5.426 5.468 5.520 5.584 5.658 5.743 5.837 5.935 6.039
-99.000 -99.000 -99.000 -99.000 -99.000 -99.000 -99.000 -99.000 -99.000 -99.000 -99.000 -99.000 -99.000 -99.000 -99.000 -99.000 -99.000 -99.000 -99.000 -99.000 -99.000 -99.000 -99.000 -99.000 -99.000 -99.000 -99.000 -99.000 -99.000 -99.000 -99.000 1.644 1.663 1.762 1.966 2.257 2.614 3.004 3.390 3.735 4.011 4.221 4.382 4.506 4.607 4.693 4.768 4.837 4.901 4.962 5.019 5.074 5.125 5.172 5.215 5.255 5.292 5.326 5.357 5.387 5.418 5.452 5.494 5.546 5.609 5.682 5.767 5.861 5.961 6.067
-99.000 -99.000 -99.000 -99.000 -99.000 -99.000 -99.000 -99.000 -99.000 -99.000 -99.000 -99.000 -99.000 -99.000 -99.000 -99.000 -99.000 -99.000 -99.000 -99.000 -99.000 -99.000 -99.000 -99.000 -99.000 -99.000 -99.000 -99.000 -99.000 -99.000 1.644 1.647 1.690 1.831 2.073 2.394 2.768 3.161 3.537 3.855 4.103 4.291 4.435 4.548 4.642 4.724 4.798 4.866 4.931 4.993 5.052 5.107 5.159 5.207 5.250 5.290 5.327 5.361 5.391 5.420 5.452 5.487 5.529 5.580 5.641 5.713 5.796 5.889 5.989 6.096
-99.000 -99.000 -99.000 -99.000 -99.000 -99.000 -99.000 -99.000 -99.000 -99.000 -99.000 -99.000 -99.000 -99.000 -99.000 -99.000 -99.000 -99.000 -99.000 -99.000 -99.000 -99.000 -99.000 -99.000 -99.000 -99.000 -99.000 -99.000 -99.000 -99.000 1.644 1.655 1.734 1.918 2.194 2.540 2.926 3.317 3.675 3.965 4.187 4.355 4.484 4.587 4.675 4.752 4.824 4.892 4.957 5.020 5.080 5.136 5.190 5.239 5.282 5.323 5.361 5.395 5.426 5.457 5.490 5.528 5.570 5.621 5.680 5.749 5.829 5.919 6.018 6.127
-99.000 -99.000 -99.000 -99.000 -99.000 -99.000 -99.000 -99.000 -99.000 -99.000 -99.000 -99.000 -99.000 -99.000 -99.000 -99.000 -99.000 -99.000 -99.000 -99.000 -99.000 -99.000 -99.000 -99.000 -99.000 -99.000 -99.000 -99.000 -99.000 1.644 1.646 1.675 1.796 2.020 2.328 2.694 3.086 3.469 3.803 4.065 4.264 4.414 4.530 4.625 4.706 4.780 4.849 4.915 4.980 5.043 5.103 5.161 5.215 5.264 5.309 5.351 5.390 5.427 5.461 5.494 5.532 5.572 5.617 5.667 5.724 5.788 5.864 5.951 6.049 6.157
-99.000 -99.000 -99.000 -99.000 -99.000 -99.000 -99.000 -99.000 -99.000 -99.000 -99.000 -99.000 -99.000 -99.000 -99.000 -99.000 -99.000 -99.000 -99.000 -99.000 -99.000 -99.000 -99.000 -99.000 -99.000 -99.000 -99.000 -99.000 -99.000 1.644 1.651 1.711 1.876 2.137 2.471 2.853 3.245 3.613 3.921 4.157 4.335 4.470 4.576 4.662 4.738 4.808 4.874 4.939 5.002 5.063 5.123 5.180 5.234 5.283 5.330 5.374 5.415 5.455 5.493 5.531 5.573 5.617 5.665 5.715 5.770 5.830 5.901 5.984 6.078 6.183
-99.000 -99.000 -99.000 -99.000 -99.000 -99.000 -99.000 -99.000 -99.000 -99.000 -99.000 -99.000 -99.000 -99.000 -99.000 -99.000 -99.000 -99.000 -99.000 -99.000 -99.000 -99.000 -99.000 -99.000 -99.000 -99.000 -99.000 -99.000 -99.000 1.645 1.664 1.765 1.972 2.266 2.624 3.014 3.401 3.749 4.029 4.242 4.402 4.523 4.620 4.700 4.772 4.838 4.901 4.963 5.024 5.083 5.140 5.195 5.248 5.297 5.344 5.390 5.434 5.479 5.521 5.565 5.612 5.661 5.712 5.765 5.818 5.875 5.941 6.018 6.107 6.209
-99.000 -99.000 -99.000 -99.000 -99.000 -99.000 -99.000 -99.000 -99.000 -99.000 -99.000 -99.000 -99.000 -99.000 -99.000 -99.000 -99.000 -99.000 -99.000 -99.000 -99.000 -99.000 -99.000 -99.000 -99.000 -99.000 -99.000 -99.000 1.644 1.648 1.694 1.838 2.083 2.406 2.782 3.175 3.550 3.875 4.128 4.319 4.463 4.574 4.663 4.739 4.807 4.870 4.930 4.989 5.047 5.103 5.158 5.210 5.260 5.307 5.354 5.401 5.449 5.499 5.547 5.597 5.650 5.704 5.760 5.814 5.867 5.921 5.983 6.055 6.139 6.236
-99.000 -99.000 -99.000 -99.000 -99.000 -99.000 -99.000 -99.000 -99.000 -99.000 -99.000 -99.000 -99.000 -99.000 -99.000 -99.000 -99.000 -99.000 -99.000 -99.000 -99.000 -99.000 -99.000 -99.000 -99.000 -99.000 -99.000 -99.000 1.644 1.658 1.739 1.928 2.207 2.556 2.943 3.333 3.692 3.988 4.216 4.387 4.518 4.621 4.705 4.778 4.843 4.904 4.962 5.019 5.073 5.126 5.177 5.225 5.272 5.318 5.364 5.413 5.465 5.519 5.573 5.629 5.688 5.747 5.805 5.863 5.918 5.973 6.033 6.100 6.178 6.270
-99.000 -99.000 -99.000 -99.000 -99.000 -99.000 -99.000 -99.000 -99.000 -99.000 -99.000 -99.000 -99.000 -99.000 -99.000 -99.000 -99.000 -99.000 -99.000 -99.000 -99.000 -99.000 -99.000 -99.000 -99.000 -99.000 -99.000 1.644 1.646 1.679 1.803 2.032 2.343 2.712 3.104 3.486 3.823 4.090 4.294 4.448 4.568 4.664 4.745 4.815 4.879 4.939 4.996 5.050 5.103 5.153 5.200 5.245 5.289 5.332 5.378 5.428 5.483 5.541 5.600 5.661 5.725 5.789 5.852 5.914 5.974 6.033 6.092 6.154 6.229 6.317
-99.000 -99.000 -99.000 -99.000 -99.000 -99.000 -99.000 -99.000 -99.000 -99.000 -99.000 -99.000 -99.000 -99.000 -99.000 -99.000 -99.000 -99.000 -99.000 -99.000 -99.000 -99.000 -99.000 -99.000 -99.000 -99.000 -99.000 1.644 1.652 1.717 1.886 2.151 2.489 2.871 3.264 3.631 3.941 4.180 4.362 4.502 4.612 4.703 4.781 4.851 4.914 4.974 5.030 5.083 5.134 5.181 5.226 5.268 5.309 5.351 5.395 5.446 5.503 5.565 5.629 5.695 5.764 5.833 5.901 5.970 6.036 6.099 6.160 6.221 6.294 6.379
-99.000 -99.000 -99.000 -99.000 -99.000 -99.000 -99.000 -99.000 -99.000 -99.000 -99.000 -99.000 -99.000 -99.000 -99.000 -99.000 -99.000 -99.000 -99.000 -99.000 -99.000 -99.000 -99.000 -99.000 -99.000 -99.000 -99.000 1.645 1.668 1.774 1.984 2.282 2.642 3.033 3.419 3.766 4.046 4.260 4.423 4.550 4.652 4.739 4.815 4.884 4.947 5.007 5.063 5.116 5.165 5.211 5.254 5.294 5.334 5.373 5.417 5.469 5.527 5.593 5.660 5.731 5.805 5.880 5.954 6.030 6.103 6.172 6.237 6.298 6.369 6.449
-99.000 -99.000 -99.000 -99.000 -99.000 -99.000 -99.000 -99.000 -99.000 -99.000 -99.000 -99.000 -99.000 -99.000 -99.000 -99.000 -99.000 -99.000 -99.000 -99.000 -99.000 -99.000 -99.000 -99.000 -99.000 -99.000 1.644 1.649 1.698 1.849 2.097 2.423 2.800 3.193 3.567 3.889 4.140 4.331 4.477 4.592 4.688 4.771 4.845 4.914 4.978 5.038 5.094 5.146 5.195 5.240 5.282 5.321 5.359 5.398 5.441 5.493 5.553 5.620 5.691 5.766 5.846 5.927 6.009 6.091 6.172 6.248 6.318 6.376 6.447 6.523
-99.000 -99.000 -99.000 -99.000 -99.000 -99.000 -99.000 -99.000 -99.000 -99.000 -99.000 -99.000 -99.000 -99.000 -99.000 -99.000 -99.000 -99.000 -99.000 -99.000 -99.000 -99.000 -99.000 -99.000 -99.000 -99.000 1.644 1.660 1.747 1.940 2.223 2.573 2.960 3.349 3.706 4.000 4.224 4.395 4.526 4.632 4.721 4.801 4.873 4.941 5.005 5.065 5.122 5.174 5.222 5.266 5.307 5.345 5.383 5.422 5.465 5.517 5.578 5.647 5.720 5.799 5.886 5.973 6.061 6.150 6.238 6.321 6.393 6.451 6.521 6.597
-99.000 -99.000 -99.000 -99.000 -99.000 -99.000 -99.000 -99.000 -99.000 -99.000 -99.000 -99.000 -99.000 -99.000 -99.000 -99.000 -99.000 -99.000 -99.000 -99.000 -99.000 -99.000 -99.000 -99.000 -99.000 1.644 1.647 1.683 1.814 2.048 2.360 2.729 3.121 3.500 3.835 4.100 4.301 4.454 4.573 4.670 4.754 4.829 4.900 4.966 5.029 5.089 5.146 5.199 5.246 5.289 5.329 5.367 5.405 5.444 5.487 5.539 5.601 5.672 5.747 5.830 5.922 6.016 6.110 6.206 6.300 6.387 6.461 6.517 6.588 6.662
