version1/TsunamiDB/out54108.asc
ncols          264
nrows          230
xllcorner      497853.4375
yllcorner      4229146.0000
cellsize         5.
NODATA_value   -99
[rows 68 to 101 of 230, columns 154 to 230 of 264]
6.574 6.583 6.591 6.599 6.608 6.616 6.624 6.632 6.639 6.646 6.653 6.660 6.667 6.674 6.680 6.686 6.692 6.697 6.703 6.708 6.712 6.716 6.719 6.722 6.726 6.729 6.732 6.735 6.739 6.742 6.746 6.750 6.754 6.759 6.764 6.769 6.774 6.780 6.786 6.793 6.800 6.807 6.815 6.822 6.829 6.836 6.844 6.851 6.860 6.868 6.876 6.885 6.894 6.904 6.913 6.923 6.933 6.943 6.953 6.964 6.975 6.986 6.998 7.010 7.023 7.036 7.049 7.061 7.074 7.085 7.090 7.090 7.090 7.097 7.107 7.120 7.145
6.580 6.588 6.597 6.605 6.614 6.622 6.630 6.638 6.646 6.653 6.660 6.667 6.674 6.681 6.687 6.693 6.699 6.705 6.711 6.716 6.720 6.724 6.727 6.731 6.734 6.737 6.741 6.744 6.748 6.751 6.755 6.759 6.763 6.768 6.773 6.778 6.784 6.790 6.796 6.803 6.810 6.817 6.825 6.832 6.839 6.847 6.855 6.863 6.871 6.880 6.889 6.898 6.908 6.917 6.927 6.938 6.948 6.959 6.969 6.980 6.992 7.003 7.016 7.028 7.042 7.055 7.068 7.081 7.094 7.105 7.111 7.112 7.111 7.118 7.128 7.142 7.166
6.585 6.594 6.603 6.611 6.620 6.628 6.636 6.644 6.652 6.660 6.667 6.674 6.681 6.688 6.694 6.701 6.707 6.713 6.719 6.724 6.728 6.732 6.736 6.739 6.743 6.746 6.750 6.753 6.757 6.760 6.764 6.768 6.773 6.778 6.782 6.788 6.793 6.799 6.806 6.813 6.820 6.828 6.836 6.843 6.851 6.858 6.867 6.875 6.884 6.893 6.902 6.912 6.921 6.932 6.942 6.952 6.963 6.974 6.986 6.997 7.009 7.021 7.033 7.046 7.060 7.074 7.087 7.101 7.114 7.125 7.131 7.132 7.133 7.140 7.150 7.164 7.188
6.591 6.600 6.608 6.617 6.626 6.634 6.643 6.651 6.659 6.666 6.674 6.681 6.688 6.695 6.702 6.708 6.715 6.721 6.727 6.732 6.737 6.741 6.744 6.748 6.752 6.755 6.759 6.763 6.766 6.770 6.774 6.778 6.783 6.787 6.792 6.798 6.804 6.810 6.816 6.823 6.831 6.839 6.847 6.854 6.862 6.870 6.879 6.887 6.896 6.906 6.915 6.925 6.935 6.946 6.957 6.968 6.979 6.990 7.002 7.014 7.026 7.038 7.051 7.065 7.079 7.092 7.106 7.120 7.134 7.145 7.152 7.153 7.154 7.161 7.172 7.186 7.211
6.597 6.606 6.614 6.623 6.632 6.641 6.649 6.657 6.665 6.673 6.681 6.689 6.696 6.703 6.710 6.716 6.723 6.729 6.735 6.741 6.745 6.749 6.754 6.757 6.761 6.765 6.769 6.772 6.776 6.780 6.784 6.788 6.793 6.798 6.803 6.808 6.814 6.820 6.827 6.834 6.842 6.850 6.858 6.866 6.874 6.882 6.891 6.900 6.909 6.919 6.929 6.939 6.949 6.960 6.971 6.983 6.994 7.006 7.018 7.030 7.043 7.055 7.069 7.083 7.097 7.111 7.125 7.139 7.153 7.165 7.172 7.173 7.174 7.182 7.193 7.208 7.233
6.603 6.611 6.620 6.629 6.638 6.647 6.656 6.664 6.672 6.680 6.688 6.696 6.703 6.711 6.718 6.724 6.731 6.738 6.744 6.750 6.754 6.759 6.763 6.767 6.771 6.775 6.779 6.782 6.786 6.790 6.795 6.799 6.804 6.808 6.814 6.819 6.825 6.831 6.838 6.845 6.853 6.862 6.870 6.878 6.886 6.894 6.903 6.913 6.922 6.932 6.942 6.953 6.964 6.975 6.986 6.998 7.010 7.022 7.034 7.047 7.060 7.073 7.086 7.100 7.114 7.128 7.143 7.157 7.172 7.184 7.191 7.193 7.194 7.203 7.215 7.229 7.254
6.609 6.617 6.626 6.635 6.644 6.653 6.662 6.671 6.679 6.688 6.696 6.704 6.711 6.719 6.726 6.733 6.740 6.746 6.753 6.759 6.764 6.768 6.773 6.777 6.781 6.785 6.789 6.793 6.797 6.801 6.805 6.810 6.815 6.820 6.825 6.831 6.836 6.843 6.850 6.857 6.865 6.874 6.882 6.890 6.898 6.907 6.916 6.926 6.935 6.946 6.956 6.967 6.978 6.989 7.001 7.013 7.026 7.038 7.051 7.063 7.076 7.090 7.103 7.118 7.132 7.146 7.161 7.176 7.190 7.203 7.210 7.213 7.214 7.223 7.236 7.250 7.275
6.615 6.624 6.633 6.642 6.651 6.660 6.669 6.678 6.687 6.695 6.703 6.712 6.719 6.727 6.734 6.742 6.749 6.756 6.763 6.769 6.774 6.778 6.783 6.787 6.792 6.796 6.800 6.804 6.808 6.813 6.817 6.821 6.826 6.831 6.837 6.842 6.848 6.855 6.862 6.869 6.877 6.886 6.894 6.903 6.911 6.920 6.929 6.939 6.949 6.959 6.970 6.981 6.993 7.004 7.016 7.029 7.041 7.054 7.067 7.080 7.093 7.106 7.120 7.134 7.149 7.163 7.178 7.193 7.208 7.221 7.229 7.232 7.233 7.243 7.256 7.270 7.295
6.621 6.630 6.639 6.648 6.658 6.667 6.676 6.685 6.694 6.703 6.711 6.720 6.728 6.736 6.743 6.751 6.758 6.765 6.772 6.779 6.784 6.789 6.794 6.798 6.803 6.807 6.811 6.816 6.820 6.824 6.829 6.833 6.838 6.843 6.849 6.855 6.861 6.867 6.874 6.882 6.890 6.899 6.907 6.916 6.924 6.933 6.943 6.953 6.963 6.973 6.984 6.996 7.007 7.019 7.031 7.044 7.057 7.070 7.083 7.096 7.109 7.123 7.137 7.151 7.166 7.180 7.195 7.211 7.226 7.239 7.247 7.249 7.250 7.261 7.275 7.290 7.314
6.627 6.636 6.646 6.655 6.664 6.674 6.683 6.692 6.702 6.711 6.719 6.728 6.736 6.744 6.752 6.760 6.768 6.775 6.783 6.789 6.795 6.800 6.805 6.810 6.814 6.819 6.823 6.828 6.832 6.837 6.841 6.846 6.851 6.856 6.862 6.867 6.874 6.880 6.887 6.895 6.904 6.912 6.920 6.929 6.938 6.947 6.957 6.966 6.977 6.988 6.999 7.010 7.022 7.034 7.047 7.059 7.072 7.086 7.099 7.112 7.126 7.139 7.153 7.168 7.182 7.197 7.212 7.227 7.242 7.255 7.263 7.265 7.268 7.280 7.294 7.310 7.335
6.634 6.643 6.652 6.662 6.671 6.681 6.691 6.700 6.709 6.719 6.728 6.736 6.745 6.753 6.762 6.770 6.778 6.785 6.793 6.800 6.806 6.811 6.816 6.821 6.826 6.831 6.836 6.840 6.845 6.850 6.854 6.859 6.864 6.869 6.875 6.881 6.887 6.894 6.901 6.909 6.917 6.926 6.934 6.943 6.952 6.961 6.971 6.981 6.991 7.002 7.013 7.025 7.037 7.049 7.062 7.075 7.088 7.101 7.115 7.128 7.142 7.155 7.169 7.184 7.198 7.213 7.228 7.243 7.258 7.270 7.278 7.282 7.286 7.299 7.314 7.330 7.357
6.640 6.650 6.659 6.669 6.678 6.688 6.698 6.708 6.717 6.727 6.736 6.745 6.754 6.763 6.771 6.780 6.788 6.796 6.804 6.811 6.817 6.823 6.828 6.834 6.839 6.844 6.849 6.853 6.858 6.863 6.868 6.873 6.878 6.883 6.889 6.895 6.901 6.908 6.915 6.923 6.931 6.940 6.948 6.957 6.966 6.975 6.985 6.995 7.006 7.017 7.028 7.040 7.052 7.065 7.077 7.090 7.104 7.117 7.131 7.144 7.158 7.172 7.185 7.199 7.214 7.228 7.243 7.258 7.273 7.284 7.293 7.298 7.303 7.318 7.335 7.353 7.382
6.647 6.657 6.666 6.676 6.686 6.696 6.705 6.715 6.725 6.735 6.744 6.754 6.763 6.772 6.781 6.790 6.798 6.807 6.815 6.822 6.828 6.835 6.840 6.846 6.851 6.857 6.862 6.867 6.872 6.877 6.882 6.887 6.892 6.897 6.903 6.909 6.916 6.922 6.930 6.937 6.946 6.955 6.963 6.972 6.981 6.990 7.000 7.010 7.021 7.032 7.043 7.055 7.067 7.080 7.093 7.106 7.119 7.133 7.147 7.161 7.174 7.187 7.201 7.215 7.229 7.243 7.258 7.272 7.286 7.298 7.307 7.314 7.322 7.338 7.357 7.378 7.409
6.654 6.664 6.673 6.683 6.693 6.703 6.713 6.723 6.733 6.743 6.753 6.763 6.772 6.782 6.791 6.800 6.809 6.818 6.826 6.834 6.840 6.847 6.853 6.859 6.865 6.870 6.875 6.881 6.886 6.891 6.896 6.901 6.907 6.912 6.918 6.924 6.931 6.937 6.945 6.952 6.961 6.970 6.978 6.987 6.996 7.005 7.015 7.025 7.036 7.047 7.059 7.071 7.083 7.095 7.108 7.122 7.135 7.149 7.163 7.177 7.190 7.203 7.216 7.230 7.244 7.257 7.271 7.285 7.299 7.311 7.322 7.330 7.341 7.359 7.381 7.404 7.438
6.662 6.671 6.680 6.690 6.700 6.711 6.721 6.731 6.741 6.752 6.762 6.772 6.782 6.791 6.801 6.810 6.820 6.829 6.838 6.845 6.852 6.859 6.866 6.872 6.878 6.884 6.889 6.895 6.900 6.906 6.911 6.916 6.922 6.927 6.933 6.939 6.946 6.953 6.960 6.968 6.976 6.985 6.993 7.002 7.011 7.021 7.031 7.041 7.052 7.063 7.074 7.086 7.098 7.111 7.124 7.137 7.151 7.165 7.179 7.193 7.206 7.219 7.231 7.244 7.258 7.270 7.283 7.297 7.311 7.324 7.336 7.347 7.360 7.381 7.404 7.431 7.467
6.669 6.678 6.688 6.698 6.708 6.718 6.729 6.739 6.750 6.760 6.771 6.781 6.791 6.801 6.811 6.821 6.830 6.840 6.849 6.857 6.864 6.871 6.878 6.885 6.891 6.897 6.903 6.909 6.915 6.920 6.926 6.932 6.937 6.943 6.949 6.955 6.962 6.969 6.976 6.984 6.992 7.001 7.009 7.018 7.027 7.037 7.046 7.057 7.067 7.079 7.090 7.102 7.114 7.127 7.140 7.153 7.167 7.181 7.195 7.209 7.222 7.234 7.246 7.258 7.271 7.282 7.295 7.309 7.323 7.338 7.351 7.364 7.380 7.402 7.428 7.458 7.496
6.677 6.686 6.696 6.705 6.716 6.726 6.737 6.747 6.758 6.769 6.779 6.790 6.800 6.811 6.821 6.831 6.841 6.851 6.860 6.868 6.876 6.884 6.891 6.898 6.905 6.911 6.918 6.924 6.930 6.935 6.941 6.947 6.953 6.959 6.965 6.971 6.978 6.985 6.992 7.000 7.008 7.017 7.025 7.034 7.043 7.053 7.063 7.073 7.083 7.095 7.106 7.118 7.130 7.143 7.156 7.169 7.183 7.197 7.211 7.225 7.237 7.249 7.260 7.272 7.283 7.294 7.306 7.320 7.334 7.350 7.366 7.381 7.399 7.424 7.452 7.484 7.524
6.685 6.694 6.703 6.713 6.723 6.734 6.745 6.755 6.766 6.777 6.788 6.799 6.810 6.820 6.831 6.841 6.852 6.862 6.872 6.880 6.888 6.896 6.904 6.911 6.918 6.925 6.932 6.938 6.944 6.951 6.957 6.963 6.969 6.975 6.981 6.987 6.994 7.001 7.008 7.016 7.025 7.033 7.042 7.051 7.060 7.069 7.079 7.089 7.100 7.111 7.122 7.134 7.146 7.159 7.172 7.185 7.199 7.213 7.227 7.240 7.253 7.264 7.274 7.284 7.295 7.305 7.317 7.330 7.345 7.363 7.381 7.398 7.418 7.445 7.475 7.509 7.552
6.693 6.702 6.711 6.721 6.732 6.742 6.753 6.764 6.775 6.786 6.797 6.808 6.819 6.830 6.841 6.851 6.862 6.873 6.883 6.892 6.900 6.909 6.917 6.924 6.932 6.939 6.946 6.953 6.959 6.966 6.972 6.978 6.984 6.991 6.997 7.004 7.010 7.017 7.025 7.033 7.041 7.050 7.058 7.067 7.076 7.086 7.095 7.106 7.116 7.127 7.138 7.150 7.162 7.175 7.188 7.201 7.215 7.229 7.243 7.256 7.268 7.278 7.287 7.297 7.307 7.316 7.328 7.341 7.357 7.376 7.395 7.415 7.436 7.465 7.497 7.534 7.579
6.702 6.711 6.720 6.730 6.740 6.750 6.761 6.772 6.783 6.794 6.806 6.817 6.828 6.839 6.850 6.861 6.872 6.883 6.894 6.903 6.912 6.921 6.929 6.937 6.945 6.953 6.960 6.967 6.974 6.981 6.987 6.994 7.000 7.007 7.013 7.020 7.027 7.034 7.042 7.049 7.058 7.067 7.075 7.084 7.093 7.102 7.112 7.122 7.133 7.143 7.155 7.166 7.179 7.191 7.204 7.217 7.231 7.245 7.258 7.271 7.283 7.292 7.300 7.310 7.319 7.328 7.339 7.353 7.370 7.389 7.409 7.430 7.456 7.486 7.520 7.560 7.607
6.711 6.719 6.729 6.738 6.748 6.759 6.770 6.781 6.792 6.803 6.815 6.826 6.837 6.849 6.860 6.871 6.883 6.894 6.905 6.914 6.924 6.933 6.942 6.950 6.958 6.966 6.974 6.981 6.989 6.996 7.002 7.009 7.016 7.023 7.029 7.036 7.043 7.050 7.058 7.066 7.075 7.083 7.092 7.100 7.109 7.119 7.129 7.139 7.149 7.160 7.171 7.183 7.195 7.207 7.220 7.233 7.247 7.260 7.274 7.287 7.297 7.306 7.314 7.323 7.331 7.340 7.351 7.365 7.381 7.400 7.422 7.447 7.476 7.509 7.543 7.587 7.638
6.720 6.729 6.738 6.747 6.757 6.768 6.778 6.789 6.801 6.812 6.824 6.835 6.847 6.858 6.870 6.881 6.893 6.905 6.915 6.925 6.935 6.945 6.954 6.963 6.971 6.979 6.988 6.995 7.003 7.010 7.017 7.025 7.031 7.038 7.045 7.052 7.060 7.067 7.075 7.083 7.091 7.100 7.108 7.117 7.126 7.135 7.145 7.155 7.166 7.176 7.188 7.199 7.211 7.223 7.236 7.249 7.263 7.276 7.289 7.302 7.312 7.320 7.327 7.336 7.344 7.352 7.363 7.377 7.393 7.412 7.436 7.464 7.498 7.532 7.569 7.617 7.671
6.730 6.738 6.747 6.757 6.766 6.777 6.787 6.798 6.810 6.821 6.833 6.844 6.856 6.868 6.880 6.891 6.903 6.915 6.926 6.936 6.946 6.956 6.966 6.975 6.984 6.993 7.001 7.009 7.017 7.025 7.032 7.040 7.047 7.054 7.061 7.068 7.076 7.083 7.091 7.099 7.108 7.117 7.125 7.134 7.143 7.152 7.162 7.172 7.182 7.193 7.204 7.215 7.227 7.239 7.252 7.265 7.278 7.292 7.305 7.317 7.327 7.335 7.341 7.349 7.357 7.365 7.375 7.388 7.404 7.424 7.450 7.483 7.521 7.557 7.596 7.649 7.706
6.740 6.748 6.757 6.766 6.776 6.786 6.797 6.808 6.819 6.830 6.842 6.854 6.866 6.877 6.889 6.901 6.913 6.925 6.937 6.947 6.958 6.968 6.977 6.987 6.996 7.005 7.014 7.023 7.031 7.039 7.047 7.054 7.062 7.069 7.077 7.084 7.092 7.099 7.107 7.115 7.124 7.133 7.141 7.150 7.159 7.168 7.178 7.188 7.198 7.209 7.220 7.231 7.243 7.255 7.268 7.281 7.294 7.307 7.320 7.332 7.342 7.349 7.355 7.363 7.370 7.377 7.387 7.400 7.416 7.437 7.466 7.503 7.546 7.584 7.626 7.683 7.744
6.750 6.758 6.767 6.776 6.786 6.796 6.806 6.817 6.828 6.840 6.852 6.863 6.875 6.887 6.899 6.911 6.923 6.936 6.947 6.958 6.969 6.979 6.989 6.999 7.009 7.018 7.027 7.036 7.045 7.053 7.061 7.069 7.077 7.084 7.092 7.100 7.107 7.115 7.123 7.131 7.140 7.149 7.157 7.166 7.175 7.184 7.194 7.204 7.214 7.225 7.236 7.247 7.259 7.271 7.283 7.296 7.309 7.322 7.335 7.348 7.357 7.364 7.369 7.376 7.383 7.389 7.399 7.412 7.428 7.450 7.483 7.525 7.573 7.613 7.658 7.720 7.784
6.761 6.769 6.778 6.787 6.796 6.806 6.816 6.827 6.838 6.850 6.861 6.873 6.885 6.897 6.909 6.921 6.934 6.946 6.958 6.969 6.980 6.990 7.001 7.011 7.021 7.030 7.040 7.049 7.058 7.067 7.075 7.083 7.091 7.099 7.107 7.115 7.122 7.130 7.139 7.147 7.156 7.165 7.173 7.182 7.191 7.200 7.210 7.220 7.230 7.241 7.252 7.263 7.274 7.286 7.299 7.311 7.324 7.338 7.351 7.363 7.372 7.378 7.383 7.389 7.396 7.401 7.411 7.424 7.441 7.466 7.503 7.549 7.602 7.644 7.691 7.757 7.823
6.772 6.780 6.788 6.797 6.807 6.816 6.827 6.837 6.848 6.860 6.871 6.883 6.895 6.907 6.919 6.932 6.944 6.957 6.969 6.980 6.991 7.002 7.012 7.023 7.033 7.043 7.052 7.062 7.071 7.080 7.089 7.097 7.106 7.114 7.122 7.130 7.138 7.146 7.154 7.163 7.172 7.180 7.189 7.198 7.207 7.216 7.226 7.236 7.246 7.256 7.267 7.278 7.289 7.301 7.314 7.326 7.339 7.353 7.366 7.378 7.387 7.393 7.397 7.403 7.409 7.414 7.423 7.437 7.456 7.483 7.523 7.573 7.630 7.675 7.725 7.792 7.860
6.783 6.791 6.800 6.808 6.817 6.827 6.837 6.848 6.859 6.870 6.881 6.893 6.905 6.917 6.930 6.942 6.955 6.967 6.979 6.991 7.002 7.013 7.024 7.034 7.045 7.055 7.065 7.075 7.084 7.093 7.102 7.111 7.120 7.128 7.136 7.144 7.152 7.161 7.169 7.178 7.187 7.195 7.204 7.213 7.222 7.231 7.241 7.251 7.261 7.271 7.282 7.293 7.304 7.316 7.328 7.341 7.354 7.367 7.381 7.392 7.401 7.407 7.410 7.415 7.421 7.426 7.436 7.450 7.471 7.502 7.544 7.599 7.663 7.710 7.760 7.829 7.898
6.795 6.803 6.811 6.820 6.829 6.838 6.848 6.859 6.869 6.880 6.892 6.904 6.916 6.928 6.940 6.953 6.965 6.978 6.990 7.002 7.013 7.024 7.035 7.046 7.057 7.067 7.077 7.087 7.097 7.106 7.116 7.125 7.133 7.142 7.150 7.159 7.167 7.175 7.184 7.193 7.202 7.210 7.219 7.228 7.237 7.246 7.256 7.266 7.276 7.286 7.297 7.308 7.319 7.330 7.343 7.355 7.369 7.382 7.395 7.407 7.415 7.419 7.421 7.428 7.434 7.439 7.449 7.465 7.489 7.523 7.569 7.632 7.700 7.746 7.796 7.867 7.936
6.807 6.815 6.823 6.831 6.840 6.849 6.859 6.869 6.880 6.891 6.903 6.914 6.926 6.938 6.951 6.963 6.976 6.989 7.001 7.013 7.024 7.035 7.047 7.058 7.068 7.079 7.090 7.100 7.110 7.119 7.129 7.138 7.147 7.156 7.164 7.173 7.181 7.190 7.198 7.207 7.216 7.225 7.233 7.242 7.251 7.261 7.270 7.280 7.290 7.301 7.311 7.322 7.333 7.344 7.356 7.369 7.383 7.396 7.409 7.420 7.428 7.431 7.434 7.441 7.447 7.453 7.465 7.483 7.510 7.548 7.602 7.668 7.736 7.782 7.832 7.904 7.973
6.819 6.826 6.834 6.843 6.852 6.861 6.870 6.881 6.891 6.902 6.913 6.925 6.937 6.949 6.961 6.974 6.987 7.000 7.012 7.024 7.035 7.047 7.058 7.069 7.080 7.091 7.102 7.112 7.122 7.132 7.142 7.151 7.160 7.169 7.178 7.187 7.195 7.204 7.213 7.222 7.231 7.239 7.248 7.257 7.266 7.275 7.285 7.294 7.304 7.315 7.325 7.335 7.346 7.358 7.370 7.383 7.396 7.409 7.422 7.432 7.439 7.443 7.447 7.454 7.462 7.470 7.484 7.505 7.535 7.579 7.637 7.704 7.772 7.817 7.867 7.940 8.010
6.831 6.838 6.846 6.854 6.863 6.872 6.882 6.892 6.902 6.913 6.924 6.936 6.948 6.960 6.972 6.985 6.998 7.011 7.023 7.035 7.047 7.058 7.070 7.081 7.092 7.103 7.114 7.125 7.135 7.145 7.155 7.164 7.174 7.183 7.192 7.200 7.209 7.218 7.227 7.236 7.245 7.253 7.262 7.271 7.280 7.289 7.298 7.308 7.318 7.328 7.338 7.349 7.360 7.371 7.383 7.396 7.409 7.422 7.433 7.443 7.450 7.455 7.460 7.469 7.479 7.489 7.506 7.530 7.565 7.612 7.672 7.739 7.807 7.852 7.902 7.976 8.046
6.842 6.850 6.858 6.866 6.875 6.884 6.893 6.903 6.913 6.924 6.935 6.947 6.959 6.971 6.983 6.996 7.009 7.022 7.034 7.046 7.058 7.070 7.081 7.093 7.104 7.115 7.126 7.137 7.147 7.158 7.168 7.177 7.187 7.196 7.205 7.214 7.223 7.231 7.240 7.249 7.258 7.267 7.275 7.284 7.293 7.302 7.312 7.322 7.331 7.341 7.352 7.362 7.373 7.384 7.396 7.408 7.421 7.433 7.444 7.454 7.461 7.467 7.474 7.486 7.498 7.512 7.532 7.560 7.598 7.646 7.706 7.774 7.842 7.888 7.937 8.011 8.082
6.854 6.862 6.870 6.878 6.886 6.895 6.905 6.914 6.925 6.935 6.946 6.958 6.970 6.982 6.994 7.007 7.020 7.033 7.045 7.057 7.069 7.081 7.093 7.104 7.116 7.127 7.138 7.149 7.160 7.170 7.180 7.190 7.200 7.209 7.218 7.227 7.236 7.245 7.254 7.263 7.272 7.280 7.289 7.298 7.306 7.316 7.325 7.335 7.344 7.354 7.365 7.375 7.385 7.396 7.407 7.419 7.431 7.443 7.454 7.464 7.472 7.481 7.491 7.505 7.520 7.537 7.561 7.593 7.631 7.679 7.739 7.807 7.878 7.923 7.972 8.047 8.118
