version1/TsunamiDB/out54053.asc
ncols          264
nrows          230
xllcorner      497853.4375
yllcorner      4229146.0000
cellsize         5.
NODATA_value   -99
[rows 66 to 98 of 230, columns 74 to 147 of 264]
-99.000 -99.000 -99.000 -99.000 -99.000 -99.000 -99.000 -99.000 -99.000 -99.000 -99.000 -99.000 -99.000 -99.000 -99.000 -99.000 -99.000 -99.000 1.647 1.655 1.716 1.873 2.113 2.403 2.702 2.980 3.218 3.412 3.567 3.690 3.790 3.874 3.947 4.012 4.071 4.126 4.178 4.226 4.272 4.316 4.358 4.398 4.438 4.476 4.514 4.550 4.587 4.622 4.658 4.693 4.728 4.763 4.798 4.834 4.869 4.904 4.941 4.978 5.015 5.054 5.092 5.132 5.172 5.212 5.252 5.293 5.333 5.374 5.414 5.453 5.492 5.530 5.566 5.602
-99.000 -99.000 -99.000 -99.000 -99.000 -99.000 -99.000 -99.000 -99.000 -99.000 -99.000 -99.000 -99.000 -99.000 -99.000 -99.000 -99.000 -99.000 1.648 1.674 1.781 1.984 2.253 2.552 2.845 3.105 3.322 3.496 3.634 3.746 3.839 3.917 3.986 4.049 4.106 4.159 4.209 4.257 4.301 4.344 4.385 4.425 4.463 4.500 4.536 4.572 4.607 4.641 4.675 4.709 4.742 4.776 4.810 4.843 4.876 4.910 4.944 4.980 5.015 5.051 5.088 5.126 5.164 5.203 5.242 5.282 5.322 5.362 5.402 5.442 5.481 5.520 5.558 5.595
-99.000 -99.000 -99.000 -99.000 -99.000 -99.000 -99.000 -99.000 -99.000 -99.000 -99.000 -99.000 -99.000 -99.000 -99.000 -99.000 -99.000 1.647 1.655 1.715 1.872 2.113 2.402 2.702 2.980 3.220 3.416 3.572 3.696 3.798 3.884 3.958 4.024 4.085 4.140 4.192 4.241 4.287 4.331 4.373 4.413 4.452 4.489 4.525 4.560 4.594 4.628 4.661 4.694 4.726 4.758 4.790 4.822 4.854 4.885 4.917 4.950 4.983 5.017 5.051 5.086 5.122 5.158 5.195 5.233 5.272 5.310 5.350 5.389 5.429 5.469 5.508 5.547 5.585
-99.000 -99.000 -99.000 -99.000 -99.000 -99.000 -99.000 -99.000 -99.000 -99.000 -99.000 -99.000 -99.000 -99.000 -99.000 -99.000 -99.000 1.648 1.675 1.782 1.985 2.255 2.554 2.847 3.108 3.325 3.500 3.640 3.753 3.847 3.927 3.997 4.061 4.120 4.174 4.225 4.273 4.318 4.361 4.402 4.442 4.479 4.515 4.551 4.585 4.618 4.650 4.682 4.714 4.745 4.775 4.806 4.837 4.866 4.896 4.926 4.957 4.989 5.021 5.053 5.086 5.120 5.154 5.190 5.226 5.262 5.300 5.338 5.377 5.416 5.455 5.494 5.533 5.572
-99.000 -99.000 -99.000 -99.000 -99.000 -99.000 -99.000 -99.000 -99.000 -99.000 -99.000 -99.000 -99.000 -99.000 -99.000 -99.000 1.647 1.655 1.717 1.875 2.117 2.407 2.707 2.985 3.225 3.420 3.577 3.702 3.806 3.893 3.968 4.035 4.097 4.155 4.208 4.258 4.305 4.349 4.392 4.432 4.470 4.507 4.543 4.577 4.610 4.642 4.674 4.705 4.735 4.765 4.794 4.823 4.852 4.880 4.908 4.938 4.967 4.997 5.027 5.057 5.088 5.120 5.153 5.186 5.220 5.255 5.291 5.327 5.364 5.402 5.440 5.479 5.518 5.557
-99.000 -99.000 -99.000 -99.000 -99.000 -99.000 -99.000 -99.000 -99.000 -99.000 -99.000 -99.000 -99.000 -99.000 -99.000 -99.000 1.649 1.676 1.786 1.991 2.263 2.562 2.854 3.114 3.331 3.506 3.646 3.759 3.854 3.936 4.007 4.072 4.132 4.188 4.241 4.290 4.336 4.380 4.422 4.461 4.499 4.535 4.570 4.604 4.636 4.668 4.698 4.728 4.757 4.786 4.814 4.842 4.870 4.896 4.923 4.951 4.978 5.006 5.035 5.063 5.093 5.123 5.153 5.185 5.217 5.250 5.284 5.318 5.354 5.390 5.426 5.464 5.502 5.540
-99.000 -99.000 -99.000 -99.000 -99.000 -99.000 -99.000 -99.000 -99.000 -99.000 -99.000 -99.000 -99.000 -99.000 -99.000 1.647 1.656 1.721 1.882 2.126 2.417 2.716 2.994 3.232 3.427 3.582 3.708 3.811 3.899 3.976 4.044 4.107 4.166 4.221 4.272 4.321 4.367 4.410 4.451 4.491 4.528 4.564 4.598 4.631 4.663 4.693 4.723 4.752 4.781 4.808 4.836 4.862 4.889 4.914 4.939 4.965 4.992 5.018 5.045 5.072 5.100 5.128 5.157 5.186 5.216 5.247 5.279 5.311 5.345 5.379 5.414 5.450 5.486 5.523
-99.000 -99.000 -99.000 -99.000 -99.000 -99.000 -99.000 -99.000 -99.000 -99.000 -99.000 -99.000 -99.000 -99.000 1.647 1.649 1.679 1.793 2.002 2.275 2.574 2.865 3.124 3.339 3.512 3.651 3.764 3.859 3.941 4.014 4.080 4.141 4.199 4.253 4.303 4.351 4.397 4.440 4.481 4.520 4.557 4.592 4.626 4.658 4.690 4.720 4.749 4.777 4.805 4.832 4.858 4.884 4.909 4.933 4.957 4.982 5.007 5.032 5.057 5.083 5.109 5.135 5.162 5.190 5.218 5.247 5.277 5.307 5.338 5.370 5.403 5.437 5.472 5.507
-99.000 -99.000 -99.000 -99.000 -99.000 -99.000 -99.000 -99.000 -99.000 -99.000 -99.000 -99.000 -99.000 -99.000 1.647 1.657 1.726 1.892 2.139 2.431 2.730 3.006 3.241 3.434 3.588 3.712 3.815 3.902 3.980 4.050 4.114 4.173 4.230 4.283 4.333 4.381 4.426 4.469 4.509 4.548 4.585 4.620 4.654 4.686 4.717 4.746 4.775 4.803 4.830 4.856 4.881 4.906 4.931 4.954 4.977 5.000 5.024 5.048 5.071 5.096 5.120 5.145 5.170 5.196 5.223 5.250 5.277 5.306 5.335 5.365 5.395 5.427 5.459 5.492
-99.000 -99.000 -99.000 -99.000 -99.000 -99.000 -99.000 -99.000 -99.000 -99.000 -99.000 -99.000 -99.000 1.647 1.649 1.682 1.801 2.014 2.290 2.589 2.879 3.135 3.347 3.518 3.655 3.767 3.861 3.943 4.016 4.084 4.145 4.204 4.259 4.312 4.362 4.409 4.454 4.497 4.537 4.576 4.612 4.647 4.681 4.713 4.744 4.773 4.801 4.829 4.855 4.881 4.905 4.930 4.953 4.976 4.998 5.020 5.043 5.065 5.088 5.111 5.134 5.157 5.181 5.205 5.230 5.255 5.281 5.307 5.334 5.362 5.390 5.419 5.449 5.480
-99.000 -99.000 -99.000 -99.000 -99.000 -99.000 -99.000 -99.000 -99.000 -99.000 -99.000 -99.000 -99.000 1.647 1.659 1.732 1.903 2.154 2.447 2.745 3.019 3.252 3.441 3.593 3.715 3.816 3.903 3.980 4.050 4.116 4.176 4.233 4.287 4.339 4.389 4.436 4.481 4.523 4.564 4.603 4.639 4.674 4.708 4.740 4.770 4.800 4.828 4.855 4.881 4.906 4.930 4.954 4.977 4.999 5.020 5.042 5.063 5.085 5.106 5.128 5.150 5.172 5.194 5.217 5.240 5.263 5.287 5.312 5.336 5.362 5.388 5.415 5.443 5.471
-99.000 -99.000 -99.000 -99.000 -99.000 -99.000 -99.000 -99.000 -99.000 -99.000 -99.000 -99.000 1.647 1.650 1.686 1.810 2.027 2.305 2.605 2.893 3.147 3.356 3.524 3.659 3.769 3.861 3.942 4.015 4.082 4.145 4.204 4.260 4.314 4.365 4.415 4.462 4.506 4.549 4.590 4.628 4.665 4.700 4.734 4.766 4.796 4.826 4.854 4.881 4.906 4.931 4.955 4.979 5.001 5.022 5.043 5.064 5.085 5.106 5.126 5.147 5.168 5.189 5.210 5.231 5.252 5.274 5.296 5.319 5.342 5.365 5.389 5.414 5.439 5.465
-99.000 -99.000 -99.000 -99.000 -99.000 -99.000 -99.000 -99.000 -99.000 -99.000 -99.000 -99.000 1.647 1.660 1.738 1.914 2.167 2.462 2.759 3.031 3.262 3.449 3.598 3.718 3.817 3.902 3.978 4.048 4.112 4.173 4.231 4.286 4.339 4.390 4.439 4.486 4.530 4.573 4.614 4.653 4.690 4.725 4.759 4.791 4.822 4.851 4.879 4.906 4.932 4.957 4.981 5.004 5.026 5.047 5.067 5.088 5.108 5.128 5.148 5.168 5.188 5.208 5.227 5.247 5.267 5.287 5.308 5.329 5.350 5.372 5.394 5.416 5.439 5.463
-99.000 -99.000 -99.000 -99.000 -99.000 -99.000 -99.000 -99.000 -99.000 -99.000 -99.000 1.647 1.650 1.689 1.818 2.038 2.318 2.618 2.906 3.157 3.364 3.530 3.662 3.770 3.861 3.940 4.012 4.078 4.141 4.200 4.256 4.310 4.362 4.413 4.461 4.508 4.553 4.596 4.637 4.676 4.713 4.749 4.783 4.815 4.846 4.876 4.904 4.931 4.957 4.982 5.006 5.029 5.051 5.072 5.092 5.113 5.133 5.152 5.172 5.191 5.210 5.228 5.247 5.266 5.284 5.303 5.322 5.341 5.361 5.381 5.401 5.422 5.443 5.465
-99.000 -99.000 -99.000 -99.000 -99.000 -99.000 -99.000 -99.000 -99.000 -99.000 -99.000 1.647 1.662 1.743 1.921 2.177 2.473 2.770 3.041 3.270 3.455 3.602 3.720 3.818 3.901 3.976 4.044 4.107 4.167 4.225 4.280 4.332 4.384 4.434 4.483 4.529 4.574 4.617 4.658 4.698 4.735 4.771 4.806 4.839 4.870 4.900 4.928 4.956 4.982 5.007 5.031 5.054 5.076 5.097 5.118 5.138 5.158 5.177 5.196 5.215 5.233 5.251 5.269 5.286 5.304 5.321 5.339 5.357 5.375 5.393 5.412 5.431 5.450 5.470
-99.000 -99.000 -99.000 -99.000 -99.000 -99.000 -99.000 -99.000 -99.000 -99.000 1.647 1.650 1.691 1.822 2.045 2.326 2.627 2.914 3.164 3.370 3.534 3.665 3.772 3.861 3.939 4.009 4.073 4.134 4.193 4.249 4.302 4.354 4.405 4.454 4.502 4.549 4.593 4.637 4.678 4.718 4.756 4.792 4.827 4.861 4.892 4.923 4.952 4.979 5.006 5.031 5.055 5.079 5.102 5.123 5.143 5.164 5.184 5.203 5.222 5.240 5.258 5.275 5.292 5.309 5.325 5.341 5.358 5.374 5.391 5.408 5.425 5.442 5.460 5.478
-99.000 -99.000 -99.000 -99.000 -99.000 -99.000 -99.000 -99.000 -99.000 -99.000 1.647 1.662 1.744 1.925 2.182 2.478 2.776 3.046 3.274 3.458 3.605 3.722 3.818 3.901 3.974 4.040 4.102 4.161 4.217 4.271 4.323 4.374 4.424 4.473 4.520 4.567 4.611 4.655 4.696 4.736 4.775 4.812 4.847 4.881 4.913 4.944 4.974 5.002 5.029 5.055 5.079 5.103 5.126 5.148 5.169 5.190 5.210 5.230 5.248 5.266 5.284 5.301 5.317 5.333 5.348 5.364 5.379 5.394 5.410 5.425 5.441 5.457 5.473 5.490
-99.000 -99.000 -99.000 -99.000 -99.000 -99.000 -99.000 -99.000 -99.000 1.647 1.651 1.691 1.823 2.046 2.327 2.629 2.916 3.166 3.372 3.536 3.667 3.773 3.861 3.938 4.006 4.070 4.129 4.186 4.240 4.293 4.343 4.393 4.442 4.490 4.537 4.583 4.628 4.671 4.713 4.753 4.792 4.830 4.866 4.900 4.933 4.964 4.994 5.023 5.051 5.077 5.103 5.127 5.151 5.173 5.194 5.216 5.236 5.256 5.275 5.293 5.311 5.327 5.343 5.359 5.374 5.388 5.402 5.416 5.431 5.445 5.459 5.474 5.489 5.504
-99.000 -99.000 -99.000 -99.000 -99.000 -99.000 -99.000 -99.000 -99.000 1.647 1.662 1.743 1.923 2.180 2.476 2.774 3.045 3.274 3.459 3.605 3.723 3.819 3.900 3.972 4.037 4.098 4.155 4.210 4.262 4.314 4.363 4.411 4.460 4.507 4.553 4.599 4.643 4.686 4.728 4.769 4.808 4.846 4.882 4.917 4.951 4.983 5.014 5.043 5.071 5.098 5.125 5.150 5.174 5.197 5.219 5.241 5.262 5.282 5.302 5.320 5.338 5.355 5.370 5.386 5.400 5.414 5.428 5.441 5.454 5.467 5.480 5.494 5.507 5.521
-99.000 -99.000 -99.000 -99.000 -99.000 -99.000 -99.000 -99.000 1.647 1.650 1.689 1.819 2.040 2.321 2.623 2.911 3.163 3.370 3.536 3.667 3.773 3.861 3.937 4.005 4.067 4.125 4.180 4.233 4.284 4.334 4.382 4.429 4.476 4.522 4.568 4.613 4.657 4.700 4.742 4.783 4.822 4.861 4.897 4.933 4.967 5.000 5.031 5.062 5.091 5.119 5.146 5.172 5.196 5.219 5.243 5.266 5.287 5.308 5.328 5.347 5.365 5.382 5.398 5.413 5.428 5.441 5.454 5.467 5.479 5.491 5.504 5.516 5.528 5.541
-99.000 -99.000 -99.000 -99.000 -99.000 -99.000 -99.000 -99.000 1.647 1.661 1.739 1.915 2.170 2.466 2.765 3.038 3.269 3.456 3.604 3.722 3.818 3.900 3.971 4.036 4.095 4.151 4.205 4.256 4.306 4.354 4.400 4.446 4.492 4.537 4.582 4.626 4.670 4.712 4.754 4.795 4.835 4.874 4.911 4.947 4.982 5.015 5.047 5.079 5.108 5.137 5.165 5.192 5.217 5.241 5.266 5.289 5.312 5.333 5.354 5.373 5.392 5.409 5.426 5.441 5.456 5.470 5.483 5.495 5.507 5.518 5.529 5.540 5.551 5.563
-99.000 -99.000 -99.000 -99.000 -99.000 -99.000 -99.000 1.647 1.650 1.686 1.810 2.028 2.307 2.609 2.899 3.154 3.364 3.531 3.664 3.771 3.860 3.936 4.004 4.066 4.123 4.177 4.229 4.278 4.327 4.373 4.418 4.463 4.508 4.552 4.596 4.639 4.682 4.724 4.765 4.806 4.846 4.885 4.923 4.959 4.995 5.029 5.062 5.094 5.125 5.154 5.183 5.211 5.237 5.262 5.287 5.311 5.335 5.357 5.378 5.399 5.418 5.436 5.453 5.469 5.484 5.498 5.512 5.524 5.535 5.546 5.557 5.567 5.577 5.587
-99.000 -99.000 -99.000 -99.000 -99.000 -99.000 -99.000 1.647 1.659 1.731 1.902 2.153 2.448 2.748 3.024 3.258 3.448 3.598 3.718 3.816 3.899 3.971 4.035 4.094 4.150 4.202 4.252 4.300 4.347 4.392 4.436 4.480 4.523 4.566 4.609 4.651 4.693 4.735 4.776 4.816 4.856 4.895 4.933 4.970 5.006 5.041 5.075 5.107 5.139 5.170 5.199 5.228 5.255 5.281 5.307 5.332 5.356 5.379 5.402 5.423 5.443 5.462 5.480 5.497 5.512 5.527 5.541 5.553 5.565 5.576 5.586 5.595 5.604 5.614
-99.000 -99.000 -99.000 -99.000 -99.000 -99.000 1.647 1.649 1.681 1.798 2.010 2.286 2.588 2.880 3.138 3.352 3.523 3.658 3.768 3.858 3.935 4.003 4.065 4.122 4.175 4.226 4.275 4.322 4.367 4.411 4.453 4.496 4.538 4.580 4.622 4.663 4.704 4.745 4.785 4.825 4.865 4.904 4.942 4.979 5.016 5.051 5.086 5.119 5.152 5.183 5.214 5.244 5.272 5.298 5.325 5.351 5.376 5.400 5.423 5.445 5.466 5.486 5.505 5.523 5.540 5.555 5.570 5.583 5.595 5.606 5.616 5.625 5.634 5.642
-99.000 -99.000 -99.000 -99.000 -99.000 -99.000 1.647 1.656 1.722 1.884 2.130 2.423 2.724 3.003 3.242 3.436 3.590 3.713 3.812 3.896 3.969 4.034 4.093 4.149 4.201 4.250 4.298 4.343 4.387 4.429 4.471 4.513 4.553 4.594 4.634 4.675 4.715 4.755 4.794 4.834 4.873 4.912 4.950 4.987 5.024 5.060 5.095 5.129 5.163 5.195 5.227 5.258 5.286 5.314 5.342 5.369 5.394 5.419 5.443 5.466 5.488 5.509 5.529 5.548 5.566 5.582 5.598 5.612 5.624 5.636 5.647 5.656 5.665 5.673
-99.000 -99.000 -99.000 -99.000 -99.000 -99.000 1.649 1.675 1.783 1.987 2.259 2.560 2.854 3.117 3.335 3.511 3.650 3.762 3.854 3.932 4.002 4.064 4.121 4.175 4.226 4.274 4.320 4.364 4.407 4.448 4.489 4.529 4.569 4.608 4.647 4.686 4.725 4.764 4.803 4.842 4.880 4.919 4.957 4.994 5.031 5.067 5.103 5.138 5.172 5.205 5.238 5.269 5.299 5.328 5.356 5.384 5.411 5.437 5.461 5.485 5.508 5.530 5.551 5.571 5.590 5.608 5.624 5.640 5.653 5.666 5.677 5.687 5.696 5.704
-99.000 -99.000 -99.000 -99.000 -99.000 1.648 1.654 1.711 1.863 2.102 2.392 2.694 2.977 3.220 3.419 3.578 3.704 3.807 3.892 3.967 4.033 4.093 4.148 4.201 4.250 4.297 4.342 4.386 4.427 4.467 4.506 4.546 4.584 4.622 4.660 4.698 4.736 4.774 4.812 4.849 4.887 4.925 4.963 5.000 5.037 5.073 5.109 5.145 5.180 5.214 5.247 5.279 5.310 5.339 5.369 5.397 5.425 5.452 5.478 5.502 5.526 5.550 5.572 5.593 5.613 5.632 5.649 5.666 5.681 5.695 5.707 5.718 5.728 5.736
-99.000 -99.000 -99.000 -99.000 -99.000 1.649 1.669 1.766 1.960 2.226 2.526 2.823 3.090 3.314 3.495 3.639 3.754 3.848 3.929 3.999 4.063 4.121 4.175 4.226 4.274 4.320 4.364 4.407 4.448 4.486 4.524 4.563 4.600 4.637 4.674 4.710 4.747 4.784 4.820 4.857 4.894 4.931 4.968 5.005 5.042 5.078 5.115 5.150 5.186 5.220 5.254 5.288 5.319 5.349 5.380 5.409 5.437 5.465 5.492 5.518 5.543 5.567 5.590 5.612 5.633 5.653 5.672 5.690 5.707 5.722 5.735 5.748 5.758 5.768
-99.000 -99.000 -99.000 -99.000 1.648 1.653 1.699 1.840 2.070 2.356 2.659 2.945 3.195 3.400 3.563 3.694 3.799 3.887 3.963 4.031 4.092 4.148 4.201 4.251 4.298 4.343 4.386 4.428 4.468 4.505 4.542 4.580 4.616 4.652 4.687 4.723 4.758 4.794 4.829 4.865 4.901 4.937 4.973 5.010 5.046 5.083 5.119 5.155 5.190 5.225 5.260 5.294 5.326 5.357 5.388 5.418 5.448 5.476 5.504 5.531 5.557 5.582 5.606 5.629 5.652 5.673 5.693 5.713 5.730 5.747 5.762 5.776 5.788 5.798
-99.000 -99.000 -99.000 -99.000 1.649 1.664 1.748 1.931 2.190 2.488 2.787 3.060 3.290 3.477 3.625 3.744 3.842 3.924 3.996 4.061 4.120 4.175 4.227 4.276 4.322 4.366 4.408 4.449 4.488 4.525 4.561 4.597 4.632 4.667 4.701 4.736 4.770 4.804 4.839 4.873 4.908 4.943 4.979 5.014 5.050 5.086 5.122 5.158 5.194 5.229 5.264 5.298 5.331 5.363 5.395 5.426 5.456 5.485 5.514 5.542 5.569 5.595 5.620 5.644 5.668 5.691 5.712 5.733 5.752 5.770 5.787 5.802 5.815 5.828
-99.000 -99.000 -99.000 1.648 1.651 1.689 1.816 2.036 2.317 2.620 2.910 3.166 3.377 3.547 3.681 3.791 3.881 3.959 4.028 4.091 4.148 4.202 4.253 4.300 4.346 4.389 4.430 4.470 4.508 4.544 4.579 4.615 4.649 4.683 4.716 4.749 4.782 4.815 4.849 4.882 4.916 4.950 4.984 5.019 5.054 5.090 5.125 5.161 5.196 5.231 5.267 5.301 5.334 5.367 5.399 5.431 5.462 5.492 5.522 5.551 5.579 5.606 5.632 5.657 5.682 5.706 5.728 5.750 5.771 5.790 5.809 5.825 5.841 5.855
-99.000 -99.000 -99.000 1.648 1.660 1.732 1.901 2.152 2.447 2.748 3.026 3.263 3.456 3.610 3.733 3.834 3.919 3.993 4.059 4.120 4.176 4.228 4.278 4.325 4.369 4.412 4.452 4.491 4.529 4.564 4.598 4.632 4.666 4.699 4.731 4.763 4.795 4.827 4.859 4.891 4.924 4.957 4.991 5.024 5.059 5.093 5.128 5.163 5.198 5.233 5.268 5.303 5.336 5.369 5.402 5.435 5.466 5.497 5.528 5.557 5.586 5.614 5.642 5.668 5.694 5.718 5.742 5.765 5.787 5.808 5.828 5.846 5.863 5.879
-99.000 -99.000 1.648 1.650 1.680 1.793 2.001 2.276 2.578 2.872 3.134 3.352 3.528 3.668 3.781 3.874 3.954 4.025 4.089 4.148 4.203 4.254 4.303 4.349 4.393 4.435 4.474 4.513 4.549 4.584 4.617 4.651 4.683 4.715 4.746 4.778 4.808 4.839 4.870 4.902 4.933 4.965 4.997 5.030 5.063 5.097 5.131 5.165 5.200 5.235 5.269 5.304 5.337 5.370 5.403 5.436 5.469 5.500 5.532 5.562 5.592 5.621 5.649 5.676 5.703 5.729 5.754 5.778 5.801 5.824 5.845 5.865 5.883 5.901
