version1/TsunamiDB/out54151.asc
ncols          264
nrows          230
xllcorner      497853.4375
yllcorner      4229146.0000
cellsize         5.
NODATA_value   -99
[rows 68 to 101 of 230, columns 0 to 76 of 264]
5.518 5.534 5.550 5.565 5.580 5.595 5.610 5.625 5.639 5.654 5.668 5.683 5.696 5.709 5.722 5.734 5.747 5.760 5.773 5.785 5.798 5.810 5.822 5.834 5.846 5.857 5.868 5.879 5.890 5.900 5.910 5.920 5.930 5.939 5.948 5.957 5.964 5.971 5.977 5.984 5.990 5.996 6.002 6.007 6.013 6.018 6.023 6.028 6.032 6.037 6.041 6.046 6.050 6.055 6.059 6.064 6.069 6.074 6.079 6.083 6.087 6.091 6.095 6.099 6.104 6.109 6.113 6.118 6.124 6.129 6.134 6.140 6.145 6.151 6.157 6.162 6.168
5.526 5.542 5.558 5.573 5.588 5.603 5.618 5.633 5.647 5.662 5.676 5.691 5.704 5.717 5.730 5.743 5.755 5.768 5.781 5.794 5.806 5.819 5.831 5.843 5.855 5.866 5.878 5.889 5.900 5.910 5.921 5.931 5.941 5.951 5.961 5.969 5.977 5.984 5.991 5.998 6.005 6.011 6.017 6.023 6.029 6.034 6.039 6.044 6.049 6.054 6.058 6.063 6.067 6.071 6.075 6.080 6.084 6.089 6.094 6.097 6.101 6.104 6.108 6.112 6.116 6.120 6.125 6.129 6.134 6.139 6.144 6.149 6.154 6.160 6.165 6.171 6.176
5.534 5.550 5.566 5.581 5.596 5.611 5.626 5.641 5.655 5.670 5.684 5.699 5.712 5.725 5.738 5.751 5.763 5.776 5.789 5.802 5.815 5.827 5.839 5.851 5.863 5.875 5.887 5.898 5.909 5.920 5.931 5.941 5.952 5.962 5.972 5.981 5.989 5.997 6.004 6.011 6.019 6.025 6.032 6.038 6.044 6.050 6.055 6.061 6.066 6.070 6.075 6.079 6.084 6.088 6.092 6.096 6.101 6.105 6.109 6.112 6.116 6.119 6.122 6.126 6.129 6.133 6.137 6.141 6.146 6.150 6.155 6.159 6.164 6.169 6.174 6.179 6.185
5.543 5.558 5.574 5.589 5.604 5.619 5.634 5.649 5.663 5.678 5.692 5.707 5.720 5.733 5.746 5.758 5.771 5.784 5.797 5.810 5.823 5.835 5.848 5.860 5.872 5.884 5.896 5.907 5.918 5.930 5.941 5.951 5.962 5.972 5.983 5.992 6.000 6.009 6.016 6.024 6.032 6.039 6.046 6.053 6.059 6.065 6.071 6.077 6.082 6.087 6.092 6.096 6.101 6.105 6.109 6.114 6.118 6.122 6.126 6.129 6.131 6.134 6.137 6.141 6.144 6.147 6.151 6.155 6.158 6.162 6.167 6.171 6.175 6.180 6.184 6.189 6.194
5.551 5.566 5.582 5.597 5.612 5.627 5.642 5.657 5.671 5.686 5.700 5.714 5.728 5.741 5.753 5.766 5.779 5.792 5.805 5.818 5.831 5.843 5.856 5.868 5.880 5.892 5.904 5.916 5.927 5.938 5.950 5.961 5.971 5.982 5.993 6.002 6.011 6.020 6.028 6.036 6.044 6.051 6.059 6.066 6.073 6.080 6.086 6.092 6.098 6.103 6.108 6.113 6.118 6.122 6.126 6.131 6.135 6.139 6.143 6.146 6.148 6.151 6.154 6.156 6.159 6.162 6.166 6.169 6.172 6.176 6.180 6.183 6.187 6.191 6.196 6.200 6.205
5.559 5.574 5.590 5.605 5.620 5.635 5.650 5.665 5.679 5.694 5.708 5.722 5.736 5.748 5.761 5.774 5.787 5.800 5.813 5.826 5.838 5.851 5.863 5.876 5.888 5.900 5.912 5.924 5.936 5.947 5.958 5.969 5.980 5.991 6.002 6.012 6.021 6.030 6.039 6.047 6.055 6.063 6.071 6.079 6.086 6.093 6.100 6.106 6.112 6.118 6.124 6.129 6.134 6.139 6.143 6.148 6.152 6.156 6.160 6.163 6.166 6.168 6.171 6.173 6.176 6.179 6.182 6.184 6.188 6.191 6.194 6.197 6.201 6.204 6.208 6.212 6.216
5.567 5.582 5.598 5.613 5.628 5.643 5.658 5.673 5.687 5.701 5.716 5.730 5.743 5.756 5.769 5.782 5.795 5.808 5.820 5.833 5.846 5.859 5.871 5.884 5.896 5.908 5.920 5.932 5.944 5.955 5.967 5.978 5.989 6.000 6.011 6.021 6.031 6.040 6.049 6.057 6.066 6.074 6.083 6.091 6.098 6.106 6.113 6.120 6.126 6.133 6.139 6.144 6.150 6.155 6.160 6.164 6.169 6.174 6.177 6.180 6.183 6.186 6.188 6.191 6.193 6.196 6.198 6.201 6.204 6.207 6.209 6.212 6.215 6.219 6.222 6.225 6.229
5.575 5.590 5.606 5.621 5.636 5.651 5.666 5.680 5.695 5.709 5.724 5.738 5.751 5.764 5.776 5.789 5.802 5.815 5.828 5.841 5.854 5.866 5.879 5.891 5.903 5.916 5.928 5.940 5.952 5.963 5.975 5.986 5.997 6.009 6.020 6.030 6.040 6.049 6.058 6.067 6.076 6.085 6.093 6.102 6.110 6.118 6.125 6.132 6.139 6.146 6.152 6.159 6.164 6.170 6.175 6.180 6.185 6.190 6.194 6.197 6.200 6.203 6.206 6.208 6.211 6.213 6.216 6.218 6.221 6.223 6.226 6.229 6.231 6.234 6.237 6.240 6.243
5.582 5.598 5.614 5.629 5.644 5.659 5.674 5.688 5.703 5.717 5.731 5.746 5.759 5.771 5.784 5.797 5.810 5.823 5.835 5.848 5.861 5.874 5.886 5.899 5.911 5.923 5.935 5.947 5.959 5.971 5.982 5.994 6.005 6.017 6.028 6.039 6.048 6.058 6.067 6.076 6.086 6.095 6.103 6.112 6.120 6.129 6.137 6.144 6.152 6.159 6.166 6.172 6.178 6.184 6.190 6.195 6.201 6.206 6.210 6.214 6.217 6.220 6.223 6.226 6.228 6.231 6.233 6.236 6.238 6.241 6.243 6.246 6.248 6.250 6.253 6.256 6.258
5.590 5.606 5.621 5.636 5.652 5.666 5.681 5.696 5.710 5.725 5.739 5.753 5.766 5.779 5.792 5.804 5.817 5.830 5.843 5.856 5.868 5.881 5.893 5.906 5.918 5.930 5.943 5.955 5.966 5.978 5.990 6.002 6.013 6.025 6.036 6.047 6.056 6.066 6.076 6.085 6.095 6.104 6.113 6.122 6.131 6.139 6.147 6.155 6.163 6.171 6.178 6.185 6.191 6.198 6.204 6.210 6.215 6.221 6.226 6.230 6.233 6.237 6.240 6.243 6.246 6.249 6.251 6.254 6.256 6.259 6.261 6.263 6.266 6.268 6.270 6.272 6.275
5.597 5.613 5.629 5.644 5.659 5.674 5.689 5.703 5.718 5.732 5.747 5.761 5.774 5.786 5.799 5.812 5.824 5.837 5.850 5.863 5.875 5.888 5.901 5.913 5.925 5.938 5.950 5.962 5.974 5.985 5.997 6.009 6.021 6.032 6.044 6.054 6.064 6.074 6.084 6.093 6.103 6.112 6.122 6.131 6.140 6.149 6.157 6.166 6.174 6.182 6.189 6.196 6.203 6.210 6.217 6.223 6.229 6.235 6.241 6.245 6.249 6.253 6.256 6.259 6.263 6.266 6.269 6.271 6.274 6.276 6.279 6.281 6.283 6.286 6.288 6.290 6.292
5.604 5.620 5.636 5.651 5.666 5.681 5.696 5.711 5.725 5.740 5.754 5.768 5.781 5.793 5.806 5.819 5.832 5.844 5.857 5.870 5.882 5.895 5.907 5.920 5.932 5.944 5.956 5.969 5.980 5.992 6.004 6.016 6.028 6.039 6.051 6.062 6.072 6.082 6.091 6.101 6.111 6.121 6.130 6.140 6.149 6.158 6.167 6.175 6.184 6.192 6.200 6.207 6.215 6.222 6.229 6.236 6.242 6.249 6.254 6.259 6.263 6.267 6.271 6.275 6.279 6.282 6.285 6.288 6.291 6.294 6.297 6.299 6.301 6.304 6.306 6.308 6.310
5.611 5.627 5.642 5.658 5.673 5.688 5.703 5.718 5.732 5.747 5.761 5.775 5.788 5.800 5.813 5.826 5.838 5.851 5.864 5.877 5.889 5.902 5.914 5.927 5.939 5.951 5.963 5.975 5.987 5.999 6.011 6.023 6.034 6.046 6.058 6.069 6.079 6.089 6.099 6.109 6.119 6.128 6.138 6.148 6.157 6.166 6.175 6.184 6.193 6.201 6.209 6.217 6.225 6.233 6.240 6.247 6.254 6.261 6.267 6.272 6.277 6.281 6.286 6.290 6.294 6.298 6.301 6.305 6.308 6.311 6.314 6.317 6.319 6.322 6.324 6.326 6.328
5.618 5.633 5.649 5.664 5.679 5.695 5.709 5.724 5.739 5.753 5.768 5.782 5.794 5.807 5.820 5.832 5.845 5.858 5.871 5.883 5.896 5.908 5.921 5.933 5.945 5.957 5.970 5.982 5.994 6.005 6.017 6.029 6.041 6.053 6.065 6.075 6.085 6.095 6.106 6.116 6.126 6.136 6.145 6.155 6.165 6.174 6.184 6.193 6.201 6.210 6.219 6.227 6.235 6.243 6.250 6.258 6.265 6.273 6.279 6.284 6.290 6.294 6.299 6.304 6.308 6.312 6.316 6.320 6.324 6.327 6.330 6.334 6.336 6.339 6.341 6.344 6.346
5.624 5.639 5.655 5.670 5.686 5.701 5.716 5.731 5.745 5.760 5.775 5.788 5.801 5.813 5.826 5.839 5.852 5.864 5.877 5.890 5.902 5.915 5.927 5.939 5.952 5.964 5.976 5.988 6.000 6.012 6.023 6.035 6.047 6.059 6.071 6.082 6.092 6.102 6.112 6.122 6.132 6.142 6.152 6.162 6.172 6.182 6.191 6.200 6.209 6.218 6.227 6.236 6.244 6.252 6.260 6.268 6.276 6.283 6.290 6.296 6.301 6.306 6.312 6.317 6.321 6.326 6.330 6.335 6.339 6.343 6.346 6.350 6.353 6.356 6.358 6.361 6.363
5.629 5.645 5.661 5.676 5.691 5.707 5.722 5.736 5.751 5.766 5.781 5.794 5.807 5.820 5.832 5.845 5.858 5.871 5.883 5.896 5.908 5.921 5.933 5.945 5.958 5.970 5.982 5.994 6.006 6.018 6.029 6.041 6.053 6.065 6.077 6.087 6.098 6.108 6.118 6.128 6.139 6.149 6.159 6.169 6.179 6.189 6.198 6.208 6.217 6.226 6.235 6.244 6.252 6.261 6.269 6.277 6.285 6.293 6.300 6.306 6.312 6.318 6.323 6.328 6.334 6.339 6.343 6.348 6.352 6.357 6.361 6.365 6.368 6.371 6.375 6.378 6.380
5.635 5.650 5.666 5.681 5.697 5.712 5.727 5.742 5.757 5.771 5.786 5.800 5.813 5.825 5.838 5.851 5.864 5.877 5.889 5.902 5.914 5.927 5.939 5.951 5.963 5.976 5.988 5.999 6.011 6.023 6.035 6.047 6.059 6.071 6.082 6.093 6.103 6.114 6.124 6.134 6.144 6.155 6.165 6.175 6.185 6.195 6.205 6.214 6.224 6.233 6.242 6.251 6.260 6.268 6.277 6.285 6.294 6.302 6.309 6.315 6.322 6.328 6.334 6.339 6.345 6.350 6.355 6.360 6.365 6.370 6.374 6.378 6.382 6.386 6.390 6.393 6.396
5.640 5.656 5.671 5.686 5.702 5.717 5.732 5.747 5.762 5.776 5.791 5.805 5.818 5.831 5.844 5.856 5.869 5.882 5.895 5.907 5.920 5.932 5.945 5.957 5.969 5.981 5.993 6.005 6.017 6.029 6.041 6.052 6.064 6.076 6.088 6.098 6.109 6.119 6.129 6.140 6.150 6.160 6.171 6.181 6.191 6.201 6.211 6.220 6.230 6.239 6.249 6.258 6.267 6.276 6.284 6.293 6.302 6.310 6.317 6.324 6.331 6.337 6.343 6.349 6.355 6.361 6.366 6.372 6.377 6.382 6.387 6.391 6.396 6.400 6.404 6.408 6.411
5.645 5.661 5.676 5.691 5.706 5.722 5.737 5.752 5.766 5.781 5.796 5.810 5.823 5.836 5.849 5.862 5.875 5.887 5.900 5.913 5.925 5.938 5.950 5.962 5.974 5.986 5.998 6.010 6.022 6.034 6.046 6.058 6.069 6.081 6.093 6.103 6.114 6.124 6.134 6.145 6.155 6.165 6.176 6.186 6.196 6.206 6.216 6.226 6.236 6.245 6.255 6.264 6.273 6.282 6.291 6.300 6.309 6.318 6.325 6.332 6.339 6.345 6.352 6.358 6.364 6.370 6.376 6.382 6.388 6.393 6.398 6.403 6.408 6.412 6.417 6.421 6.425
5.650 5.665 5.681 5.696 5.711 5.726 5.741 5.756 5.771 5.785 5.800 5.814 5.827 5.840 5.853 5.866 5.879 5.892 5.905 5.918 5.930 5.943 5.955 5.967 5.979 5.991 6.003 6.015 6.027 6.039 6.051 6.062 6.074 6.086 6.097 6.108 6.118 6.129 6.139 6.149 6.160 6.170 6.181 6.191 6.201 6.211 6.221 6.231 6.241 6.251 6.260 6.270 6.279 6.288 6.297 6.306 6.316 6.324 6.332 6.339 6.346 6.353 6.360 6.366 6.373 6.379 6.385 6.391 6.397 6.403 6.408 6.414 6.419 6.424 6.428 6.433 6.437
5.655 5.670 5.685 5.700 5.715 5.730 5.745 5.760 5.775 5.790 5.804 5.818 5.831 5.844 5.858 5.871 5.884 5.897 5.910 5.922 5.935 5.947 5.960 5.972 5.984 5.996 6.008 6.020 6.032 6.044 6.055 6.067 6.079 6.091 6.102 6.112 6.123 6.133 6.143 6.154 6.164 6.175 6.185 6.195 6.206 6.216 6.226 6.236 6.246 6.256 6.265 6.275 6.284 6.294 6.303 6.312 6.322 6.330 6.338 6.345 6.353 6.360 6.367 6.374 6.380 6.387 6.393 6.400 6.406 6.412 6.418 6.423 6.429 6.434 6.439 6.444 6.449
5.660 5.675 5.690 5.705 5.719 5.734 5.749 5.764 5.779 5.793 5.808 5.822 5.835 5.848 5.861 5.875 5.888 5.901 5.914 5.927 5.939 5.952 5.964 5.976 5.989 6.001 6.013 6.025 6.036 6.048 6.060 6.071 6.083 6.095 6.106 6.117 6.127 6.137 6.148 6.158 6.169 6.179 6.189 6.200 6.210 6.220 6.230 6.240 6.250 6.260 6.270 6.280 6.289 6.299 6.308 6.317 6.327 6.336 6.344 6.351 6.359 6.366 6.373 6.380 6.387 6.394 6.401 6.407 6.414 6.420 6.426 6.432 6.438 6.443 6.449 6.454 6.459
5.665 5.680 5.694 5.709 5.724 5.738 5.753 5.768 5.782 5.797 5.812 5.826 5.839 5.852 5.865 5.878 5.891 5.904 5.918 5.930 5.943 5.956 5.968 5.981 5.993 6.005 6.017 6.029 6.041 6.052 6.064 6.076 6.087 6.099 6.110 6.121 6.131 6.141 6.152 6.162 6.172 6.183 6.193 6.204 6.214 6.224 6.234 6.244 6.254 6.264 6.274 6.284 6.294 6.303 6.313 6.322 6.332 6.341 6.349 6.357 6.364 6.372 6.379 6.386 6.394 6.401 6.407 6.414 6.421 6.427 6.434 6.440 6.446 6.451 6.457 6.463 6.468
5.670 5.685 5.699 5.714 5.728 5.742 5.757 5.771 5.786 5.800 5.815 5.829 5.842 5.855 5.868 5.881 5.895 5.908 5.921 5.934 5.947 5.960 5.972 5.984 5.997 6.009 6.021 6.033 6.045 6.056 6.068 6.080 6.091 6.103 6.114 6.124 6.135 6.145 6.155 6.166 6.176 6.187 6.197 6.207 6.218 6.228 6.238 6.248 6.258 6.268 6.278 6.288 6.298 6.307 6.317 6.326 6.336 6.345 6.353 6.361 6.369 6.377 6.384 6.392 6.399 6.406 6.413 6.420 6.427 6.434 6.440 6.447 6.453 6.459 6.465 6.471 6.476
5.676 5.690 5.704 5.718 5.733 5.747 5.761 5.775 5.790 5.804 5.819 5.832 5.845 5.858 5.871 5.885 5.898 5.911 5.924 5.937 5.950 5.963 5.976 5.988 6.000 6.012 6.024 6.036 6.048 6.060 6.072 6.083 6.095 6.107 6.118 6.128 6.138 6.149 6.159 6.169 6.180 6.190 6.200 6.211 6.221 6.231 6.242 6.252 6.262 6.272 6.282 6.292 6.301 6.311 6.321 6.330 6.340 6.349 6.357 6.366 6.374 6.381 6.389 6.397 6.404 6.412 6.419 6.426 6.433 6.440 6.447 6.453 6.459 6.466 6.472 6.478 6.484
5.682 5.696 5.710 5.723 5.737 5.751 5.765 5.779 5.794 5.808 5.822 5.836 5.848 5.861 5.874 5.888 5.901 5.914 5.927 5.940 5.953 5.966 5.979 5.991 6.004 6.016 6.028 6.040 6.052 6.063 6.075 6.087 6.099 6.110 6.121 6.132 6.142 6.152 6.162 6.173 6.183 6.193 6.204 6.214 6.224 6.235 6.245 6.255 6.265 6.275 6.285 6.295 6.305 6.314 6.324 6.334 6.344 6.353 6.361 6.369 6.378 6.385 6.393 6.401 6.409 6.416 6.424 6.431 6.438 6.445 6.452 6.459 6.465 6.472 6.478 6.484 6.491
5.689 5.702 5.716 5.729 5.743 5.756 5.770 5.784 5.798 5.812 5.826 5.839 5.852 5.864 5.877 5.891 5.904 5.917 5.930 5.943 5.956 5.969 5.982 5.994 6.007 6.019 6.031 6.043 6.055 6.067 6.079 6.090 6.102 6.114 6.125 6.135 6.145 6.155 6.166 6.176 6.186 6.197 6.207 6.217 6.228 6.238 6.248 6.258 6.268 6.278 6.288 6.298 6.308 6.318 6.327 6.337 6.347 6.356 6.365 6.373 6.381 6.389 6.397 6.405 6.413 6.420 6.428 6.435 6.443 6.450 6.457 6.464 6.471 6.477 6.484 6.490 6.497
5.696 5.709 5.722 5.735 5.748 5.762 5.775 5.789 5.802 5.816 5.830 5.843 5.855 5.868 5.881 5.894 5.907 5.920 5.933 5.946 5.959 5.972 5.984 5.997 6.009 6.022 6.034 6.046 6.058 6.070 6.082 6.093 6.105 6.117 6.128 6.138 6.148 6.159 6.169 6.179 6.189 6.200 6.210 6.220 6.231 6.241 6.251 6.261 6.271 6.281 6.291 6.301 6.311 6.321 6.330 6.340 6.350 6.359 6.368 6.376 6.385 6.393 6.401 6.409 6.416 6.424 6.432 6.440 6.447 6.454 6.462 6.469 6.476 6.482 6.489 6.496 6.502
5.703 5.716 5.729 5.741 5.754 5.767 5.781 5.794 5.807 5.821 5.834 5.847 5.859 5.871 5.884 5.897 5.910 5.923 5.936 5.949 5.962 5.974 5.987 6.000 6.012 6.024 6.037 6.049 6.061 6.073 6.085 6.096 6.108 6.120 6.131 6.141 6.151 6.162 6.172 6.182 6.192 6.203 6.213 6.223 6.233 6.244 6.254 6.264 6.274 6.284 6.294 6.304 6.314 6.323 6.333 6.343 6.353 6.362 6.371 6.379 6.388 6.396 6.404 6.412 6.420 6.428 6.436 6.443 6.451 6.458 6.466 6.473 6.480 6.487 6.494 6.500 6.507
5.711 5.723 5.736 5.748 5.761 5.774 5.787 5.799 5.813 5.826 5.839 5.851 5.863 5.875 5.888 5.900 5.913 5.926 5.939 5.952 5.964 5.977 5.990 6.002 6.015 6.027 6.039 6.052 6.064 6.076 6.087 6.099 6.111 6.123 6.134 6.144 6.154 6.165 6.175 6.185 6.195 6.206 6.216 6.226 6.236 6.246 6.257 6.267 6.277 6.287 6.297 6.306 6.316 6.326 6.336 6.346 6.356 6.365 6.374 6.382 6.390 6.399 6.407 6.415 6.423 6.431 6.439 6.447 6.454 6.462 6.469 6.477 6.484 6.491 6.498 6.505 6.511
5.719 5.731 5.744 5.756 5.768 5.781 5.793 5.806 5.819 5.832 5.844 5.856 5.868 5.879 5.892 5.904 5.917 5.929 5.942 5.955 5.967 5.980 5.992 6.005 6.017 6.030 6.042 6.054 6.066 6.078 6.090 6.102 6.114 6.126 6.137 6.147 6.157 6.167 6.178 6.188 6.198 6.208 6.219 6.229 6.239 6.249 6.259 6.269 6.279 6.289 6.299 6.309 6.319 6.329 6.338 6.348 6.358 6.368 6.376 6.385 6.393 6.401 6.410 6.418 6.426 6.434 6.442 6.450 6.458 6.465 6.473 6.480 6.488 6.495 6.502 6.509 6.516
5.728 5.740 5.752 5.764 5.776 5.788 5.800 5.813 5.825 5.838 5.850 5.861 5.873 5.884 5.896 5.908 5.921 5.933 5.945 5.958 5.970 5.983 5.995 6.008 6.020 6.032 6.045 6.057 6.069 6.081 6.093 6.105 6.117 6.129 6.140 6.150 6.160 6.170 6.180 6.191 6.201 6.211 6.221 6.232 6.242 6.252 6.262 6.272 6.282 6.292 6.302 6.311 6.321 6.331 6.341 6.351 6.361 6.370 6.379 6.387 6.396 6.404 6.412 6.421 6.429 6.437 6.445 6.453 6.461 6.469 6.476 6.484 6.491 6.498 6.506 6.513 6.520
5.737 5.748 5.760 5.772 5.784 5.796 5.808 5.820 5.832 5.845 5.856 5.867 5.878 5.890 5.901 5.913 5.925 5.937 5.949 5.962 5.974 5.986 5.999 6.011 6.023 6.035 6.047 6.060 6.072 6.084 6.096 6.108 6.120 6.131 6.142 6.152 6.163 6.173 6.183 6.193 6.204 6.214 6.224 6.234 6.244 6.254 6.264 6.274 6.284 6.294 6.304 6.314 6.324 6.334 6.343 6.353 6.363 6.373 6.381 6.390 6.398 6.407 6.415 6.423 6.431 6.440 6.448 6.456 6.464 6.472 6.479 6.487 6.494 6.502 6.509 6.516 6.523
5.746 5.758 5.769 5.781 5.793 5.804 5.816 5.828 5.840 5.852 5.863 5.874 5.885 5.896 5.907 5.919 5.930 5.942 5.954 5.966 5.978 5.990 6.002 6.014 6.026 6.038 6.050 6.062 6.074 6.086 6.098 6.110 6.122 6.134 6.145 6.155 6.165 6.176 6.186 6.196 6.206 6.217 6.227 6.237 6.247 6.257 6.267 6.277 6.287 6.297 6.307 6.316 6.326 6.336 6.346 6.356 6.366 6.375 6.384 6.392 6.401 6.409 6.417 6.426 6.434 6.442 6.450 6.458 6.466 6.474 6.482 6.490 6.497 6.505 6.512 6.519 6.527
