version1/TsunamiDB/out54186.asc
ncols          264
nrows          230
xllcorner      497853.4375
yllcorner      4229146.0000
cellsize         5.
NODATA_value   -99
[rows 170 to 203 of 230, columns 0 to 76 of 264]
6.388 6.400 6.412 6.425 6.437 6.449 6.461 6.473 6.484 6.495 6.506 6.516 6.527 6.537 6.547 6.556 6.566 6.575 6.584 6.593 6.602 6.611 6.620 6.628 6.637 6.645 6.653 6.662 6.671 6.679 6.687 6.695 6.703 6.710 6.718 6.726 6.733 6.740 6.747 6.755 6.762 6.769 6.776 6.782 6.789 6.796 6.802 6.809 6.815 6.822 6.828 6.835 6.841 6.848 6.853 6.859 6.865 6.870 6.876 6.881 6.886 6.891 6.896 6.900 6.904 6.908 6.912 6.915 6.918 6.921 6.923 6.925 6.927 6.928 6.929 6.930 6.930
6.387 6.399 6.411 6.423 6.436 6.448 6.461 6.472 6.483 6.494 6.505 6.516 6.527 6.537 6.547 6.557 6.566 6.576 6.585 6.594 6.603 6.612 6.621 6.630 6.638 6.647 6.655 6.664 6.673 6.681 6.689 6.697 6.705 6.712 6.720 6.728 6.735 6.742 6.750 6.757 6.764 6.771 6.778 6.785 6.791 6.798 6.805 6.811 6.818 6.824 6.831 6.837 6.844 6.850 6.856 6.862 6.868 6.873 6.879 6.884 6.889 6.894 6.899 6.904 6.908 6.912 6.916 6.919 6.922 6.925 6.928 6.930 6.932 6.933 6.934 6.936 6.936
6.385 6.397 6.410 6.422 6.434 6.447 6.459 6.471 6.482 6.494 6.505 6.516 6.526 6.537 6.547 6.557 6.567 6.576 6.586 6.595 6.604 6.613 6.622 6.631 6.640 6.648 6.657 6.665 6.674 6.683 6.691 6.699 6.706 6.714 6.722 6.729 6.737 6.744 6.752 6.759 6.766 6.773 6.780 6.787 6.793 6.800 6.807 6.813 6.820 6.826 6.833 6.840 6.846 6.853 6.859 6.864 6.870 6.876 6.881 6.887 6.892 6.897 6.902 6.907 6.911 6.915 6.919 6.923 6.926 6.929 6.932 6.934 6.936 6.938 6.940 6.941 6.942
6.384 6.396 6.408 6.420 6.433 6.446 6.458 6.470 6.481 6.493 6.504 6.515 6.526 6.536 6.547 6.557 6.567 6.577 6.586 6.596 6.605 6.614 6.623 6.632 6.641 6.649 6.658 6.667 6.676 6.684 6.692 6.700 6.708 6.716 6.724 6.731 6.739 6.746 6.753 6.761 6.768 6.775 6.782 6.789 6.795 6.802 6.809 6.815 6.822 6.829 6.835 6.842 6.849 6.855 6.861 6.867 6.873 6.878 6.884 6.890 6.895 6.900 6.905 6.910 6.914 6.919 6.923 6.927 6.930 6.933 6.936 6.939 6.941 6.943 6.945 6.946 6.947
6.382 6.394 6.406 6.418 6.431 6.444 6.456 6.468 6.480 6.491 6.503 6.514 6.525 6.536 6.546 6.556 6.567 6.577 6.586 6.596 6.605 6.615 6.624 6.633 6.642 6.650 6.659 6.668 6.677 6.685 6.694 6.702 6.710 6.717 6.725 6.733 6.740 6.748 6.755 6.762 6.769 6.776 6.783 6.790 6.797 6.804 6.811 6.817 6.824 6.831 6.837 6.844 6.851 6.857 6.863 6.869 6.875 6.881 6.886 6.892 6.897 6.903 6.908 6.913 6.917 6.922 6.926 6.930 6.934 6.937 6.940 6.943 6.945 6.947 6.949 6.951 6.953
6.380 6.392 6.404 6.416 6.429 6.442 6.454 6.466 6.478 6.490 6.501 6.512 6.524 6.535 6.545 6.556 6.566 6.576 6.586 6.596 6.606 6.615 6.624 6.633 6.642 6.651 6.660 6.669 6.678 6.687 6.695 6.703 6.711 6.719 6.726 6.734 6.742 6.749 6.756 6.764 6.771 6.778 6.785 6.792 6.799 6.806 6.812 6.819 6.826 6.832 6.839 6.846 6.853 6.859 6.865 6.871 6.877 6.883 6.889 6.894 6.900 6.905 6.910 6.915 6.920 6.925 6.929 6.933 6.937 6.940 6.944 6.947 6.949 6.952 6.954 6.956 6.957
6.378 6.390 6.402 6.414 6.427 6.440 6.452 6.464 6.476 6.488 6.499 6.511 6.522 6.533 6.544 6.555 6.565 6.576 6.586 6.596 6.605 6.615 6.624 6.634 6.643 6.652 6.661 6.670 6.679 6.688 6.696 6.704 6.712 6.720 6.728 6.735 6.743 6.750 6.758 6.765 6.772 6.779 6.787 6.794 6.800 6.807 6.814 6.821 6.827 6.834 6.841 6.848 6.855 6.861 6.867 6.873 6.879 6.885 6.891 6.896 6.902 6.907 6.913 6.918 6.922 6.927 6.932 6.936 6.940 6.943 6.947 6.950 6.953 6.955 6.958 6.960 6.962
6.375 6.387 6.400 6.412 6.424 6.437 6.450 6.462 6.474 6.486 6.497 6.509 6.520 6.532 6.543 6.554 6.564 6.575 6.585 6.595 6.605 6.615 6.624 6.634 6.643 6.652 6.661 6.670 6.679 6.688 6.697 6.705 6.713 6.721 6.729 6.736 6.744 6.752 6.759 6.766 6.774 6.781 6.788 6.795 6.802 6.809 6.816 6.822 6.829 6.836 6.843 6.850 6.856 6.863 6.869 6.875 6.881 6.887 6.893 6.898 6.904 6.909 6.915 6.920 6.925 6.930 6.934 6.938 6.943 6.946 6.950 6.953 6.956 6.959 6.962 6.964 6.966
6.373 6.385 6.397 6.409 6.422 6.435 6.447 6.459 6.471 6.483 6.495 6.507 6.518 6.530 6.541 6.552 6.563 6.573 6.584 6.594 6.604 6.614 6.624 6.634 6.643 6.652 6.661 6.671 6.680 6.689 6.697 6.706 6.714 6.722 6.730 6.737 6.745 6.753 6.760 6.768 6.775 6.782 6.789 6.796 6.803 6.810 6.817 6.824 6.831 6.837 6.844 6.851 6.858 6.864 6.870 6.877 6.883 6.889 6.895 6.900 6.906 6.911 6.917 6.922 6.927 6.932 6.937 6.941 6.945 6.949 6.953 6.956 6.960 6.963 6.966 6.968 6.970
6.371 6.383 6.395 6.407 6.419 6.432 6.445 6.457 6.469 6.481 6.492 6.504 6.516 6.527 6.539 6.550 6.561 6.572 6.583 6.593 6.603 6.614 6.623 6.633 6.643 6.652 6.661 6.671 6.680 6.689 6.698 6.706 6.714 6.722 6.730 6.738 6.746 6.754 6.761 6.769 6.776 6.783 6.790 6.797 6.804 6.811 6.818 6.825 6.832 6.839 6.845 6.853 6.859 6.866 6.872 6.878 6.884 6.890 6.896 6.902 6.908 6.913 6.919 6.924 6.929 6.934 6.939 6.943 6.948 6.952 6.956 6.959 6.963 6.966 6.969 6.972 6.974
6.368 6.380 6.392 6.404 6.417 6.429 6.442 6.454 6.466 6.478 6.490 6.502 6.513 6.525 6.537 6.548 6.559 6.570 6.581 6.592 6.602 6.613 6.623 6.633 6.642 6.652 6.661 6.671 6.680 6.690 6.698 6.707 6.715 6.723 6.731 6.739 6.747 6.754 6.762 6.770 6.777 6.784 6.791 6.798 6.806 6.813 6.819 6.826 6.833 6.840 6.847 6.854 6.861 6.867 6.873 6.880 6.886 6.892 6.898 6.904 6.909 6.915 6.921 6.926 6.931 6.936 6.941 6.946 6.950 6.954 6.958 6.962 6.965 6.969 6.972 6.975 6.977
6.366 6.378 6.389 6.401 6.414 6.427 6.439 6.451 6.463 6.475 6.487 6.499 6.511 6.522 6.534 6.546 6.557 6.568 6.579 6.590 6.601 6.611 6.622 6.632 6.642 6.651 6.661 6.671 6.680 6.690 6.698 6.707 6.715 6.724 6.732 6.740 6.747 6.755 6.763 6.770 6.778 6.785 6.792 6.799 6.807 6.814 6.821 6.827 6.834 6.841 6.848 6.855 6.862 6.868 6.875 6.881 6.887 6.893 6.899 6.905 6.911 6.917 6.922 6.928 6.933 6.938 6.943 6.948 6.952 6.956 6.960 6.964 6.968 6.971 6.975 6.978 6.980
6.364 6.375 6.387 6.399 6.411 6.424 6.436 6.448 6.460 6.472 6.484 6.496 6.508 6.519 6.531 6.543 6.554 6.566 6.577 6.588 6.599 6.610 6.620 6.631 6.641 6.651 6.660 6.670 6.680 6.690 6.698 6.707 6.716 6.724 6.732 6.740 6.748 6.756 6.764 6.771 6.779 6.786 6.793 6.800 6.808 6.815 6.822 6.829 6.835 6.842 6.849 6.856 6.863 6.870 6.876 6.882 6.889 6.895 6.901 6.907 6.913 6.918 6.924 6.929 6.935 6.940 6.945 6.949 6.954 6.958 6.963 6.967 6.970 6.974 6.978 6.981 6.983
6.361 6.372 6.384 6.396 6.408 6.421 6.433 6.445 6.457 6.469 6.481 6.492 6.504 6.516 6.528 6.540 6.552 6.563 6.575 6.586 6.597 6.608 6.619 6.629 6.639 6.650 6.660 6.670 6.680 6.689 6.698 6.707 6.716 6.724 6.732 6.741 6.749 6.756 6.764 6.772 6.779 6.787 6.794 6.801 6.808 6.816 6.823 6.830 6.836 6.843 6.850 6.857 6.864 6.871 6.877 6.884 6.890 6.896 6.902 6.908 6.914 6.920 6.925 6.931 6.936 6.941 6.946 6.951 6.956 6.960 6.965 6.969 6.973 6.976 6.980 6.984 6.986
6.359 6.370 6.381 6.393 6.405 6.418 6.430 6.441 6.453 6.465 6.477 6.489 6.501 6.513 6.525 6.537 6.549 6.560 6.572 6.583 6.595 6.606 6.617 6.627 6.638 6.648 6.659 6.669 6.679 6.689 6.698 6.707 6.716 6.724 6.733 6.741 6.749 6.757 6.765 6.772 6.780 6.787 6.795 6.802 6.809 6.816 6.823 6.830 6.837 6.844 6.851 6.859 6.866 6.872 6.879 6.885 6.891 6.897 6.904 6.910 6.915 6.921 6.927 6.932 6.938 6.943 6.948 6.953 6.958 6.962 6.967 6.971 6.975 6.979 6.983 6.986 6.989
6.356 6.367 6.379 6.390 6.403 6.415 6.426 6.438 6.450 6.462 6.474 6.486 6.498 6.510 6.522 6.534 6.546 6.557 6.569 6.581 6.592 6.604 6.615 6.626 6.636 6.647 6.657 6.668 6.678 6.688 6.697 6.706 6.715 6.724 6.733 6.741 6.749 6.757 6.765 6.773 6.780 6.788 6.795 6.803 6.810 6.817 6.824 6.831 6.838 6.845 6.852 6.860 6.867 6.873 6.880 6.886 6.892 6.899 6.905 6.911 6.917 6.923 6.928 6.934 6.939 6.945 6.950 6.955 6.959 6.964 6.968 6.973 6.977 6.981 6.985 6.988 6.991
6.354 6.365 6.376 6.388 6.400 6.412 6.423 6.435 6.447 6.458 6.470 6.482 6.494 6.506 6.518 6.530 6.542 6.554 6.566 6.578 6.589 6.601 6.612 6.623 6.634 6.645 6.656 6.666 6.677 6.687 6.697 6.706 6.715 6.724 6.732 6.741 6.749 6.757 6.765 6.773 6.781 6.788 6.796 6.803 6.811 6.818 6.825 6.832 6.839 6.846 6.853 6.861 6.868 6.874 6.881 6.887 6.894 6.900 6.906 6.912 6.918 6.924 6.930 6.935 6.941 6.946 6.951 6.956 6.961 6.966 6.970 6.975 6.979 6.983 6.987 6.991 6.994
6.351 6.362 6.373 6.385 6.397 6.409 6.420 6.432 6.443 6.455 6.467 6.478 6.490 6.502 6.514 6.527 6.539 6.551 6.563 6.575 6.586 6.598 6.610 6.621 6.632 6.643 6.654 6.665 6.676 6.686 6.696 6.705 6.714 6.723 6.732 6.741 6.749 6.757 6.765 6.773 6.781 6.789 6.796 6.804 6.811 6.818 6.826 6.833 6.840 6.847 6.854 6.861 6.869 6.875 6.882 6.888 6.895 6.901 6.907 6.913 6.919 6.925 6.931 6.936 6.942 6.947 6.953 6.958 6.963 6.967 6.972 6.976 6.980 6.985 6.989 6.993 6.996
6.348 6.359 6.370 6.382 6.394 6.405 6.417 6.428 6.440 6.451 6.463 6.475 6.487 6.499 6.511 6.523 6.535 6.547 6.559 6.571 6.583 6.595 6.607 6.618 6.629 6.641 6.652 6.663 6.674 6.684 6.694 6.704 6.713 6.723 6.732 6.740 6.749 6.757 6.765 6.773 6.781 6.789 6.797 6.804 6.812 6.819 6.826 6.833 6.841 6.848 6.855 6.862 6.869 6.876 6.883 6.889 6.896 6.902 6.908 6.914 6.920 6.926 6.932 6.938 6.943 6.949 6.954 6.959 6.964 6.969 6.973 6.978 6.982 6.986 6.991 6.994 6.998
6.345 6.356 6.367 6.379 6.390 6.402 6.413 6.425 6.436 6.448 6.459 6.471 6.483 6.495 6.507 6.519 6.531 6.543 6.555 6.567 6.580 6.592 6.603 6.615 6.627 6.638 6.650 6.661 6.672 6.683 6.693 6.703 6.712 6.722 6.731 6.740 6.748 6.757 6.765 6.773 6.781 6.789 6.797 6.804 6.812 6.819 6.827 6.834 6.841 6.848 6.856 6.863 6.870 6.877 6.883 6.890 6.896 6.903 6.909 6.915 6.921 6.927 6.933 6.939 6.944 6.950 6.955 6.960 6.965 6.970 6.975 6.979 6.984 6.988 6.992 6.996 7.000
6.342 6.353 6.364 6.375 6.387 6.399 6.410 6.421 6.432 6.444 6.455 6.467 6.479 6.491 6.503 6.515 6.527 6.539 6.551 6.564 6.576 6.588 6.600 6.612 6.624 6.635 6.647 6.659 6.670 6.681 6.691 6.701 6.711 6.721 6.730 6.739 6.748 6.756 6.765 6.773 6.781 6.789 6.797 6.805 6.812 6.820 6.827 6.834 6.842 6.849 6.856 6.864 6.871 6.878 6.884 6.891 6.897 6.904 6.910 6.916 6.922 6.928 6.934 6.940 6.945 6.951 6.956 6.961 6.966 6.971 6.976 6.981 6.985 6.989 6.994 6.998 7.001
6.338 6.349 6.360 6.372 6.384 6.395 6.406 6.417 6.429 6.440 6.451 6.463 6.475 6.487 6.499 6.511 6.523 6.535 6.547 6.560 6.572 6.584 6.596 6.608 6.620 6.632 6.644 6.656 6.668 6.678 6.689 6.699 6.709 6.719 6.729 6.738 6.747 6.756 6.764 6.773 6.781 6.789 6.797 6.805 6.812 6.820 6.827 6.835 6.842 6.849 6.857 6.864 6.871 6.878 6.885 6.891 6.898 6.904 6.911 6.917 6.923 6.929 6.935 6.941 6.946 6.952 6.957 6.962 6.968 6.972 6.977 6.982 6.986 6.991 6.995 6.999 7.003
6.334 6.345 6.356 6.368 6.380 6.391 6.402 6.413 6.425 6.436 6.447 6.459 6.471 6.482 6.494 6.506 6.518 6.531 6.543 6.555 6.568 6.580 6.592 6.604 6.617 6.629 6.641 6.653 6.665 6.676 6.687 6.697 6.707 6.717 6.727 6.737 6.746 6.755 6.764 6.772 6.780 6.789 6.797 6.805 6.812 6.820 6.827 6.835 6.842 6.850 6.857 6.865 6.872 6.879 6.885 6.892 6.899 6.905 6.911 6.918 6.924 6.930 6.936 6.942 6.947 6.953 6.958 6.963 6.968 6.973 6.978 6.983 6.987 6.992 6.997 7.001 7.004
6.329 6.340 6.352 6.363 6.375 6.387 6.398 6.409 6.420 6.432 6.443 6.454 6.466 6.478 6.490 6.502 6.514 6.526 6.538 6.551 6.563 6.575 6.588 6.600 6.613 6.625 6.637 6.650 6.662 6.673 6.684 6.695 6.705 6.715 6.725 6.735 6.744 6.754 6.763 6.771 6.780 6.788 6.796 6.804 6.812 6.820 6.827 6.835 6.842 6.850 6.858 6.865 6.872 6.879 6.886 6.892 6.899 6.906 6.912 6.918 6.924 6.931 6.936 6.942 6.948 6.954 6.959 6.964 6.969 6.974 6.979 6.984 6.988 6.993 6.998 7.002 7.005
6.323 6.335 6.346 6.358 6.370 6.382 6.393 6.404 6.416 6.427 6.438 6.450 6.461 6.473 6.485 6.497 6.509 6.521 6.534 6.546 6.558 6.571 6.583 6.596 6.608 6.621 6.633 6.646 6.658 6.670 6.681 6.692 6.703 6.713 6.723 6.733 6.743 6.752 6.761 6.770 6.779 6.787 6.796 6.804 6.812 6.819 6.827 6.835 6.842 6.850 6.858 6.865 6.872 6.879 6.886 6.893 6.899 6.906 6.912 6.919 6.925 6.931 6.937 6.943 6.949 6.954 6.960 6.965 6.970 6.975 6.980 6.985 6.989 6.994 6.999 7.003 7.006
6.316 6.328 6.340 6.352 6.364 6.376 6.388 6.399 6.410 6.422 6.433 6.445 6.456 6.468 6.480 6.492 6.504 6.516 6.528 6.541 6.553 6.566 6.578 6.591 6.604 6.616 6.629 6.642 6.654 6.666 6.677 6.689 6.700 6.710 6.721 6.731 6.741 6.750 6.760 6.769 6.778 6.786 6.795 6.803 6.811 6.819 6.827 6.834 6.842 6.850 6.858 6.865 6.872 6.879 6.886 6.893 6.900 6.906 6.913 6.919 6.925 6.931 6.937 6.943 6.949 6.955 6.960 6.965 6.971 6.976 6.980 6.985 6.990 6.995 6.999 7.003 7.007
6.307 6.319 6.332 6.345 6.357 6.370 6.381 6.393 6.405 6.416 6.428 6.439 6.451 6.463 6.474 6.486 6.499 6.511 6.523 6.535 6.548 6.561 6.573 6.586 6.599 6.611 6.624 6.637 6.650 6.662 6.673 6.685 6.696 6.707 6.718 6.728 6.738 6.748 6.758 6.767 6.776 6.785 6.793 6.802 6.810 6.818 6.826 6.834 6.842 6.849 6.857 6.865 6.872 6.879 6.886 6.893 6.899 6.906 6.913 6.919 6.925 6.931 6.937 6.943 6.949 6.955 6.960 6.966 6.971 6.976 6.981 6.986 6.990 6.995 7.000 7.004 7.008
6.296 6.309 6.323 6.336 6.349 6.362 6.374 6.386 6.398 6.409 6.421 6.433 6.445 6.457 6.469 6.481 6.493 6.505 6.517 6.530 6.542 6.555 6.568 6.580 6.593 6.606 6.619 6.632 6.645 6.657 6.669 6.681 6.692 6.704 6.714 6.725 6.735 6.745 6.755 6.765 6.774 6.783 6.792 6.800 6.809 6.817 6.825 6.833 6.841 6.849 6.857 6.864 6.872 6.879 6.886 6.892 6.899 6.906 6.912 6.919 6.925 6.931 6.937 6.943 6.949 6.955 6.960 6.966 6.971 6.976 6.981 6.986 6.991 6.996 7.000 7.004 7.008
6.283 6.297 6.312 6.326 6.340 6.353 6.365 6.378 6.390 6.402 6.414 6.426 6.438 6.450 6.462 6.474 6.486 6.499 6.511 6.524 6.536 6.549 6.562 6.574 6.587 6.600 6.613 6.627 6.640 6.652 6.664 6.676 6.688 6.699 6.711 6.721 6.732 6.742 6.752 6.762 6.772 6.781 6.790 6.799 6.807 6.816 6.824 6.832 6.840 6.848 6.856 6.864 6.871 6.878 6.885 6.892 6.899 6.905 6.912 6.919 6.925 6.931 6.937 6.943 6.949 6.955 6.960 6.966 6.971 6.976 6.981 6.986 6.991 6.996 7.000 7.005 7.009
6.268 6.284 6.299 6.313 6.328 6.342 6.355 6.368 6.381 6.393 6.406 6.418 6.430 6.442 6.455 6.467 6.479 6.492 6.504 6.517 6.529 6.542 6.555 6.568 6.581 6.594 6.607 6.621 6.634 6.646 6.659 6.671 6.683 6.695 6.706 6.717 6.728 6.739 6.749 6.759 6.769 6.778 6.788 6.796 6.805 6.814 6.822 6.830 6.838 6.846 6.855 6.862 6.870 6.877 6.884 6.891 6.898 6.905 6.911 6.918 6.924 6.931 6.937 6.943 6.949 6.954 6.960 6.965 6.971 6.976 6.981 6.986 6.991 6.996 7.000 7.005 7.009
6.252 6.268 6.284 6.299 6.315 6.329 6.343 6.357 6.370 6.383 6.396 6.409 6.421 6.434 6.446 6.459 6.471 6.484 6.497 6.509 6.522 6.535 6.548 6.561 6.574 6.587 6.601 6.614 6.628 6.640 6.653 6.665 6.678 6.690 6.701 6.713 6.724 6.735 6.745 6.756 6.766 6.775 6.785 6.794 6.803 6.812 6.820 6.828 6.837 6.845 6.853 6.861 6.869 6.876 6.883 6.890 6.897 6.904 6.911 6.917 6.924 6.930 6.936 6.942 6.948 6.954 6.959 6.965 6.970 6.975 6.980 6.985 6.990 6.995 7.000 7.004 7.008
6.234 6.251 6.267 6.284 6.300 6.315 6.330 6.344 6.358 6.371 6.385 6.398 6.411 6.424 6.437 6.450 6.463 6.475 6.488 6.501 6.514 6.527 6.540 6.553 6.567 6.580 6.593 6.607 6.621 6.634 6.646 6.659 6.671 6.684 6.696 6.707 6.719 6.730 6.741 6.751 6.762 6.772 6.781 6.791 6.800 6.809 6.818 6.826 6.835 6.843 6.851 6.859 6.867 6.874 6.882 6.889 6.896 6.903 6.909 6.916 6.922 6.929 6.935 6.941 6.947 6.953 6.959 6.964 6.969 6.975 6.980 6.985 6.990 6.995 6.999 7.004 7.008
6.215 6.232 6.249 6.267 6.284 6.299 6.314 6.329 6.344 6.358 6.372 6.386 6.399 6.413 6.426 6.439 6.453 6.466 6.479 6.492 6.505 6.518 6.532 6.545 6.558 6.572 6.585 6.599 6.613 6.626 6.639 6.652 6.665 6.677 6.689 6.701 6.713 6.725 6.736 6.747 6.757 6.767 6.777 6.787 6.797 6.806 6.815 6.823 6.832 6.840 6.849 6.857 6.865 6.872 6.880 6.887 6.894 6.901 6.908 6.915 6.921 6.927 6.934 6.940 6.946 6.952 6.957 6.963 6.968 6.974 6.979 6.984 6.989 6.994 6.999 7.003 7.007
6.196 6.214 6.231 6.249 6.266 6.282 6.298 6.313 6.329 6.343 6.358 6.372 6.387 6.401 6.414 6.428 6.442 6.455 6.468 6.482 6.495 6.509 6.522 6.536 6.549 6.563 6.577 6.591 6.605 6.618 6.631 6.644 6.657 6.670 6.682 6.695 6.707 6.719 6.730 6.741 6.752 6.763 6.773 6.783 6.793 6.802 6.811 6.820 6.829 6.838 6.846 6.855 6.862 6.870 6.878 6.885 6.892 6.899 6.906 6.913 6.919 6.926 6.932 6.938 6.944 6.950 6.956 6.962 6.967 6.972 6.977 6.983 6.988 6.993 6.997 7.002 7.006
