version1/TsunamiDB/out54195.asc
ncols          264
nrows          230
xllcorner      497853.4375
yllcorner      4229146.0000
cellsize         5.
NODATA_value   -99
[rows 136 to 169 of 230, columns 0 to 76 of 264]
6.316 6.324 6.333 6.341 6.349 6.357 6.365 6.374 6.383 6.390 6.398 6.406 6.414 6.421 6.429 6.436 6.444 6.451 6.459 6.466 6.474 6.481 6.488 6.495 6.503 6.510 6.517 6.524 6.531 6.539 6.546 6.554 6.561 6.568 6.575 6.582 6.589 6.596 6.603 6.609 6.616 6.622 6.629 6.635 6.641 6.647 6.652 6.658 6.663 6.668 6.673 6.678 6.683 6.687 6.691 6.695 6.698 6.701 6.703 6.705 6.707 6.708 6.710 6.710 6.711 6.711 6.711 6.711 6.710 6.710 6.710 6.710 6.710 6.711 6.711 6.712 6.713
6.318 6.326 6.334 6.343 6.351 6.359 6.367 6.376 6.385 6.392 6.400 6.408 6.416 6.423 6.431 6.438 6.446 6.453 6.461 6.468 6.476 6.483 6.490 6.497 6.505 6.512 6.519 6.526 6.533 6.541 6.549 6.556 6.563 6.570 6.577 6.584 6.591 6.598 6.605 6.611 6.618 6.625 6.631 6.637 6.643 6.649 6.655 6.661 6.666 6.671 6.676 6.681 6.686 6.691 6.695 6.699 6.702 6.705 6.708 6.710 6.712 6.714 6.715 6.716 6.717 6.717 6.717 6.717 6.717 6.716 6.716 6.716 6.716 6.716 6.717 6.717 6.718
6.320 6.328 6.336 6.344 6.353 6.361 6.369 6.378 6.386 6.394 6.402 6.410 6.418 6.425 6.433 6.440 6.448 6.455 6.463 6.470 6.477 6.485 6.492 6.499 6.507 6.514 6.521 6.528 6.535 6.543 6.551 6.558 6.565 6.572 6.579 6.586 6.593 6.600 6.607 6.613 6.620 6.627 6.633 6.639 6.645 6.652 6.657 6.663 6.669 6.674 6.679 6.684 6.689 6.694 6.699 6.703 6.706 6.710 6.712 6.715 6.717 6.719 6.721 6.722 6.722 6.723 6.723 6.723 6.723 6.723 6.722 6.722 6.722 6.722 6.722 6.723 6.724
6.322 6.330 6.338 6.346 6.354 6.363 6.371 6.380 6.388 6.396 6.404 6.412 6.419 6.427 6.435 6.442 6.450 6.457 6.465 6.472 6.479 6.487 6.494 6.501 6.508 6.516 6.523 6.530 6.537 6.545 6.552 6.560 6.567 6.574 6.581 6.588 6.595 6.602 6.609 6.615 6.622 6.629 6.635 6.641 6.648 6.654 6.660 6.665 6.671 6.677 6.682 6.687 6.692 6.697 6.702 6.706 6.710 6.713 6.717 6.719 6.722 6.724 6.726 6.727 6.728 6.729 6.729 6.729 6.729 6.729 6.728 6.728 6.728 6.728 6.728 6.728 6.729
6.323 6.331 6.340 6.348 6.356 6.364 6.373 6.382 6.390 6.398 6.406 6.414 6.421 6.429 6.437 6.444 6.452 6.459 6.466 6.474 6.481 6.488 6.496 6.503 6.510 6.517 6.525 6.532 6.539 6.547 6.554 6.562 6.569 6.576 6.583 6.590 6.597 6.604 6.611 6.617 6.624 6.631 6.637 6.643 6.650 6.656 6.662 6.668 6.673 6.679 6.684 6.690 6.695 6.700 6.705 6.709 6.713 6.717 6.721 6.724 6.726 6.729 6.731 6.732 6.733 6.734 6.735 6.735 6.735 6.735 6.735 6.734 6.734 6.733 6.733 6.733 6.734
6.325 6.333 6.341 6.349 6.358 6.366 6.374 6.383 6.392 6.400 6.407 6.415 6.423 6.431 6.438 6.446 6.453 6.461 6.468 6.476 6.483 6.490 6.497 6.505 6.512 6.519 6.526 6.534 6.541 6.548 6.556 6.564 6.571 6.578 6.585 6.592 6.599 6.605 6.612 6.619 6.626 6.632 6.639 6.645 6.652 6.658 6.664 6.670 6.676 6.681 6.687 6.692 6.698 6.703 6.708 6.712 6.717 6.721 6.724 6.728 6.730 6.733 6.735 6.737 6.739 6.740 6.740 6.741 6.741 6.741 6.740 6.740 6.740 6.739 6.739 6.739 6.739
6.326 6.334 6.343 6.351 6.359 6.367 6.376 6.385 6.393 6.401 6.409 6.417 6.424 6.432 6.440 6.447 6.455 6.462 6.470 6.477 6.484 6.492 6.499 6.506 6.514 6.521 6.528 6.535 6.543 6.550 6.558 6.565 6.572 6.579 6.586 6.593 6.600 6.607 6.614 6.621 6.627 6.634 6.641 6.647 6.653 6.660 6.666 6.672 6.678 6.683 6.689 6.695 6.700 6.706 6.711 6.715 6.720 6.724 6.728 6.731 6.734 6.737 6.740 6.742 6.743 6.745 6.746 6.746 6.747 6.747 6.746 6.746 6.746 6.745 6.745 6.745 6.745
6.327 6.336 6.344 6.352 6.360 6.369 6.377 6.386 6.395 6.402 6.410 6.418 6.426 6.434 6.441 6.449 6.456 6.464 6.471 6.479 6.486 6.493 6.501 6.508 6.515 6.522 6.530 6.537 6.544 6.551 6.559 6.567 6.574 6.581 6.588 6.595 6.602 6.609 6.615 6.622 6.629 6.636 6.642 6.649 6.655 6.661 6.667 6.674 6.680 6.685 6.691 6.697 6.702 6.708 6.713 6.718 6.723 6.727 6.731 6.735 6.738 6.741 6.744 6.746 6.748 6.749 6.751 6.751 6.752 6.752 6.752 6.752 6.751 6.751 6.750 6.750 6.750
6.328 6.337 6.345 6.353 6.362 6.370 6.379 6.387 6.396 6.404 6.412 6.419 6.427 6.435 6.443 6.450 6.458 6.465 6.473 6.480 6.487 6.495 6.502 6.509 6.516 6.524 6.531 6.538 6.545 6.553 6.561 6.568 6.575 6.582 6.589 6.596 6.603 6.610 6.617 6.624 6.630 6.637 6.644 6.650 6.657 6.663 6.669 6.675 6.681 6.687 6.693 6.699 6.704 6.710 6.715 6.720 6.725 6.730 6.734 6.738 6.741 6.745 6.747 6.750 6.752 6.754 6.755 6.756 6.757 6.757 6.757 6.757 6.757 6.757 6.756 6.756 6.756
6.329 6.338 6.346 6.354 6.363 6.371 6.380 6.388 6.397 6.405 6.413 6.421 6.428 6.436 6.444 6.451 6.459 6.466 6.474 6.481 6.489 6.496 6.503 6.510 6.518 6.525 6.532 6.539 6.547 6.554 6.562 6.569 6.576 6.583 6.591 6.597 6.604 6.611 6.618 6.625 6.632 6.638 6.645 6.651 6.658 6.664 6.670 6.677 6.683 6.689 6.695 6.700 6.706 6.712 6.717 6.723 6.727 6.732 6.736 6.740 6.744 6.748 6.751 6.754 6.756 6.758 6.760 6.761 6.762 6.763 6.763 6.763 6.763 6.762 6.762 6.761 6.761
6.330 6.339 6.347 6.355 6.364 6.372 6.381 6.389 6.398 6.406 6.414 6.422 6.429 6.437 6.445 6.452 6.460 6.467 6.475 6.482 6.490 6.497 6.504 6.512 6.519 6.526 6.533 6.541 6.548 6.555 6.563 6.570 6.578 6.585 6.592 6.599 6.606 6.612 6.619 6.626 6.633 6.639 6.646 6.653 6.659 6.665 6.672 6.678 6.684 6.690 6.696 6.702 6.708 6.714 6.719 6.724 6.729 6.734 6.739 6.743 6.747 6.751 6.754 6.757 6.760 6.762 6.764 6.766 6.767 6.767 6.768 6.768 6.768 6.768 6.767 6.767 6.767
6.331 6.339 6.348 6.356 6.364 6.373 6.381 6.390 6.399 6.407 6.415 6.422 6.430 6.438 6.446 6.453 6.461 6.468 6.476 6.483 6.491 6.498 6.505 6.512 6.520 6.527 6.534 6.542 6.549 6.556 6.564 6.571 6.579 6.586 6.593 6.600 6.606 6.613 6.620 6.627 6.634 6.640 6.647 6.654 6.660 6.667 6.673 6.679 6.685 6.691 6.697 6.703 6.709 6.715 6.721 6.726 6.731 6.736 6.741 6.745 6.750 6.753 6.757 6.760 6.763 6.766 6.768 6.770 6.771 6.772 6.773 6.773 6.773 6.773 6.773 6.772 6.772
6.332 6.340 6.348 6.357 6.365 6.373 6.382 6.391 6.399 6.407 6.415 6.423 6.431 6.439 6.446 6.454 6.462 6.469 6.477 6.484 6.491 6.499 6.506 6.513 6.521 6.528 6.535 6.542 6.550 6.557 6.565 6.572 6.579 6.586 6.593 6.600 6.607 6.614 6.621 6.628 6.635 6.641 6.648 6.654 6.661 6.667 6.674 6.680 6.686 6.692 6.698 6.704 6.710 6.717 6.722 6.728 6.733 6.738 6.743 6.747 6.752 6.756 6.760 6.763 6.766 6.769 6.772 6.774 6.775 6.776 6.777 6.778 6.778 6.778 6.778 6.778 6.777
6.332 6.340 6.349 6.357 6.366 6.374 6.383 6.392 6.400 6.408 6.416 6.424 6.431 6.439 6.447 6.455 6.462 6.470 6.477 6.485 6.492 6.499 6.507 6.514 6.521 6.528 6.536 6.543 6.550 6.558 6.565 6.573 6.580 6.587 6.594 6.601 6.608 6.615 6.622 6.629 6.635 6.642 6.649 6.655 6.662 6.668 6.675 6.681 6.687 6.693 6.699 6.705 6.711 6.718 6.724 6.729 6.734 6.740 6.745 6.749 6.754 6.758 6.762 6.766 6.769 6.772 6.775 6.777 6.779 6.781 6.782 6.782 6.783 6.783 6.783 6.783 6.783
6.333 6.341 6.349 6.358 6.366 6.375 6.384 6.392 6.400 6.408 6.416 6.424 6.432 6.440 6.447 6.455 6.463 6.470 6.478 6.485 6.492 6.500 6.507 6.514 6.522 6.529 6.536 6.543 6.551 6.558 6.566 6.573 6.581 6.588 6.595 6.602 6.608 6.615 6.622 6.629 6.636 6.642 6.649 6.656 6.662 6.669 6.675 6.682 6.688 6.694 6.700 6.706 6.712 6.719 6.725 6.730 6.736 6.741 6.746 6.751 6.756 6.760 6.764 6.768 6.772 6.775 6.778 6.780 6.783 6.784 6.786 6.787 6.787 6.788 6.788 6.788 6.788
6.333 6.341 6.350 6.358 6.366 6.375 6.384 6.393 6.401 6.409 6.417 6.424 6.432 6.440 6.448 6.455 6.463 6.470 6.478 6.485 6.493 6.500 6.507 6.515 6.522 6.529 6.537 6.544 6.551 6.559 6.566 6.574 6.581 6.588 6.595 6.602 6.609 6.616 6.623 6.629 6.636 6.643 6.650 6.656 6.663 6.669 6.676 6.682 6.688 6.695 6.701 6.707 6.713 6.719 6.726 6.731 6.737 6.742 6.747 6.752 6.757 6.762 6.766 6.770 6.774 6.778 6.781 6.783 6.786 6.788 6.790 6.791 6.792 6.792 6.793 6.793 6.793
6.333 6.342 6.350 6.358 6.367 6.375 6.384 6.393 6.401 6.409 6.417 6.425 6.432 6.440 6.448 6.456 6.463 6.471 6.478 6.486 6.493 6.500 6.508 6.515 6.522 6.530 6.537 6.544 6.551 6.559 6.567 6.574 6.581 6.588 6.595 6.602 6.609 6.616 6.623 6.630 6.636 6.643 6.650 6.656 6.663 6.669 6.676 6.682 6.689 6.695 6.701 6.707 6.714 6.720 6.726 6.732 6.738 6.743 6.748 6.754 6.759 6.763 6.768 6.772 6.776 6.780 6.783 6.786 6.789 6.791 6.793 6.795 6.796 6.797 6.797 6.797 6.798
6.333 6.342 6.350 6.358 6.367 6.376 6.384 6.393 6.401 6.409 6.417 6.425 6.433 6.440 6.448 6.456 6.463 6.471 6.478 6.486 6.493 6.500 6.508 6.515 6.522 6.530 6.537 6.544 6.552 6.559 6.567 6.574 6.581 6.588 6.595 6.602 6.609 6.616 6.623 6.630 6.637 6.643 6.650 6.657 6.663 6.670 6.676 6.683 6.689 6.695 6.701 6.708 6.714 6.721 6.727 6.733 6.738 6.744 6.749 6.755 6.760 6.765 6.769 6.774 6.778 6.782 6.785 6.789 6.792 6.794 6.796 6.798 6.800 6.801 6.801 6.802 6.802
6.334 6.342 6.350 6.359 6.367 6.376 6.385 6.393 6.401 6.409 6.417 6.425 6.433 6.440 6.448 6.456 6.463 6.471 6.478 6.486 6.493 6.501 6.508 6.515 6.522 6.530 6.537 6.544 6.552 6.559 6.567 6.574 6.581 6.588 6.595 6.602 6.609 6.616 6.623 6.630 6.637 6.643 6.650 6.657 6.663 6.670 6.676 6.683 6.689 6.695 6.702 6.708 6.714 6.721 6.727 6.733 6.739 6.744 6.750 6.755 6.761 6.766 6.771 6.775 6.780 6.784 6.787 6.791 6.794 6.797 6.799 6.801 6.803 6.804 6.805 6.806 6.807
6.334 6.342 6.350 6.359 6.367 6.376 6.385 6.393 6.401 6.409 6.417 6.425 6.433 6.440 6.448 6.456 6.463 6.471 6.478 6.486 6.493 6.500 6.508 6.515 6.522 6.530 6.537 6.544 6.552 6.559 6.567 6.574 6.581 6.588 6.595 6.602 6.609 6.616 6.623 6.630 6.636 6.643 6.650 6.656 6.663 6.670 6.676 6.683 6.689 6.695 6.702 6.708 6.715 6.721 6.727 6.733 6.739 6.745 6.750 6.756 6.761 6.767 6.772 6.776 6.781 6.785 6.789 6.793 6.796 6.799 6.802 6.804 6.806 6.808 6.809 6.810 6.811
6.334 6.342 6.350 6.359 6.367 6.376 6.385 6.393 6.401 6.409 6.417 6.425 6.433 6.440 6.448 6.456 6.463 6.471 6.478 6.486 6.493 6.500 6.508 6.515 6.522 6.530 6.537 6.544 6.552 6.559 6.567 6.574 6.581 6.588 6.595 6.602 6.609 6.616 6.623 6.629 6.636 6.643 6.650 6.656 6.663 6.669 6.676 6.682 6.689 6.695 6.702 6.708 6.715 6.721 6.727 6.733 6.739 6.745 6.751 6.756 6.762 6.767 6.772 6.777 6.782 6.787 6.791 6.795 6.798 6.802 6.805 6.807 6.809 6.811 6.813 6.814 6.815
6.334 6.342 6.350 6.359 6.367 6.376 6.385 6.393 6.401 6.409 6.417 6.425 6.433 6.440 6.448 6.455 6.463 6.471 6.478 6.485 6.493 6.500 6.507 6.515 6.522 6.529 6.537 6.544 6.551 6.559 6.567 6.574 6.581 6.588 6.595 6.602 6.609 6.616 6.622 6.629 6.636 6.643 6.649 6.656 6.663 6.669 6.676 6.682 6.689 6.695 6.701 6.708 6.715 6.721 6.727 6.733 6.739 6.745 6.751 6.757 6.762 6.768 6.773 6.778 6.783 6.788 6.792 6.796 6.800 6.804 6.807 6.810 6.812 6.814 6.816 6.818 6.819
6.334 6.342 6.350 6.359 6.367 6.376 6.385 6.393 6.401 6.409 6.417 6.425 6.432 6.440 6.448 6.455 6.463 6.470 6.478 6.485 6.493 6.500 6.507 6.515 6.522 6.529 6.536 6.544 6.551 6.559 6.566 6.573 6.581 6.588 6.595 6.602 6.608 6.615 6.622 6.629 6.636 6.642 6.649 6.656 6.662 6.669 6.675 6.682 6.688 6.695 6.701 6.708 6.715 6.721 6.727 6.733 6.739 6.745 6.751 6.757 6.763 6.768 6.774 6.779 6.784 6.789 6.793 6.798 6.802 6.805 6.809 6.812 6.815 6.817 6.819 6.821 6.823
6.334 6.342 6.351 6.359 6.367 6.376 6.385 6.393 6.401 6.409 6.417 6.425 6.432 6.440 6.448 6.455 6.463 6.470 6.478 6.485 6.492 6.500 6.507 6.514 6.522 6.529 6.536 6.543 6.551 6.559 6.566 6.573 6.580 6.587 6.594 6.601 6.608 6.615 6.622 6.629 6.635 6.642 6.649 6.655 6.662 6.669 6.675 6.682 6.688 6.694 6.701 6.707 6.714 6.721 6.727 6.733 6.739 6.745 6.751 6.757 6.763 6.769 6.774 6.779 6.785 6.790 6.794 6.799 6.803 6.807 6.811 6.814 6.817 6.819 6.822 6.824 6.826
6.334 6.342 6.351 6.359 6.367 6.376 6.385 6.393 6.401 6.409 6.417 6.424 6.432 6.440 6.447 6.455 6.463 6.470 6.477 6.485 6.492 6.500 6.507 6.514 6.521 6.529 6.536 6.543 6.551 6.558 6.566 6.573 6.580 6.587 6.594 6.601 6.608 6.615 6.621 6.628 6.635 6.642 6.648 6.655 6.662 6.668 6.675 6.681 6.688 6.694 6.701 6.707 6.714 6.721 6.727 6.733 6.739 6.745 6.751 6.757 6.763 6.769 6.774 6.780 6.785 6.790 6.795 6.800 6.804 6.808 6.812 6.816 6.819 6.822 6.824 6.827 6.829
6.334 6.342 6.351 6.359 6.367 6.376 6.385 6.393 6.401 6.409 6.417 6.424 6.432 6.440 6.447 6.455 6.462 6.470 6.477 6.485 6.492 6.499 6.507 6.514 6.521 6.528 6.536 6.543 6.550 6.558 6.566 6.573 6.580 6.587 6.594 6.601 6.607 6.614 6.621 6.628 6.635 6.641 6.648 6.655 6.661 6.668 6.674 6.681 6.687 6.694 6.700 6.707 6.714 6.720 6.727 6.733 6.739 6.745 6.751 6.757 6.763 6.769 6.775 6.780 6.786 6.791 6.796 6.801 6.805 6.809 6.814 6.817 6.821 6.824 6.827 6.830 6.832
6.334 6.342 6.351 6.359 6.367 6.376 6.385 6.393 6.401 6.409 6.417 6.424 6.432 6.440 6.447 6.455 6.462 6.470 6.477 6.484 6.492 6.499 6.506 6.514 6.521 6.528 6.535 6.543 6.550 6.558 6.565 6.572 6.579 6.586 6.593 6.600 6.607 6.614 6.621 6.628 6.634 6.641 6.648 6.654 6.661 6.667 6.674 6.681 6.687 6.694 6.700 6.707 6.713 6.720 6.726 6.733 6.739 6.745 6.751 6.757 6.763 6.769 6.775 6.780 6.786 6.791 6.796 6.801 6.806 6.811 6.815 6.819 6.822 6.826 6.829 6.832 6.835
6.334 6.342 6.351 6.359 6.367 6.376 6.385 6.393 6.401 6.409 6.417 6.424 6.432 6.440 6.447 6.455 6.462 6.470 6.477 6.484 6.492 6.499 6.506 6.514 6.521 6.528 6.535 6.543 6.550 6.558 6.565 6.572 6.579 6.586 6.593 6.600 6.607 6.614 6.621 6.627 6.634 6.641 6.647 6.654 6.661 6.667 6.674 6.680 6.687 6.693 6.700 6.706 6.713 6.720 6.726 6.732 6.739 6.745 6.751 6.757 6.763 6.769 6.775 6.781 6.786 6.792 6.797 6.802 6.807 6.811 6.816 6.820 6.824 6.827 6.831 6.834 6.837
6.334 6.342 6.351 6.359 6.367 6.376 6.385 6.393 6.401 6.409 6.417 6.424 6.432 6.440 6.447 6.455 6.462 6.470 6.477 6.484 6.492 6.499 6.506 6.513 6.521 6.528 6.535 6.542 6.550 6.558 6.565 6.572 6.579 6.586 6.593 6.600 6.607 6.614 6.620 6.627 6.634 6.640 6.647 6.654 6.660 6.667 6.673 6.680 6.686 6.693 6.699 6.706 6.713 6.720 6.726 6.732 6.738 6.745 6.751 6.757 6.763 6.769 6.775 6.781 6.786 6.792 6.797 6.803 6.808 6.812 6.817 6.821 6.825 6.829 6.833 6.836 6.839
6.334 6.343 6.351 6.359 6.368 6.376 6.385 6.393 6.401 6.409 6.417 6.424 6.432 6.440 6.447 6.455 6.462 6.470 6.477 6.484 6.492 6.499 6.506 6.513 6.521 6.528 6.535 6.542 6.550 6.557 6.565 6.572 6.579 6.586 6.593 6.600 6.607 6.613 6.620 6.627 6.634 6.640 6.647 6.654 6.660 6.667 6.673 6.680 6.686 6.693 6.699 6.706 6.713 6.719 6.726 6.732 6.738 6.745 6.751 6.757 6.763 6.769 6.775 6.781 6.787 6.792 6.798 6.803 6.808 6.813 6.818 6.822 6.826 6.830 6.834 6.838 6.841
6.334 6.343 6.351 6.359 6.368 6.376 6.385 6.394 6.401 6.409 6.417 6.425 6.432 6.440 6.447 6.455 6.462 6.470 6.477 6.484 6.492 6.499 6.506 6.513 6.521 6.528 6.535 6.542 6.550 6.557 6.565 6.572 6.579 6.586 6.593 6.600 6.606 6.613 6.620 6.627 6.633 6.640 6.647 6.653 6.660 6.666 6.673 6.679 6.686 6.692 6.699 6.706 6.712 6.719 6.726 6.732 6.738 6.744 6.751 6.757 6.763 6.769 6.775 6.781 6.787 6.793 6.798 6.803 6.809 6.814 6.819 6.823 6.828 6.832 6.836 6.840 6.843
6.335 6.343 6.351 6.360 6.368 6.377 6.386 6.394 6.402 6.409 6.417 6.425 6.432 6.440 6.447 6.455 6.462 6.470 6.477 6.484 6.492 6.499 6.506 6.514 6.521 6.528 6.535 6.542 6.550 6.558 6.565 6.572 6.579 6.586 6.593 6.600 6.606 6.613 6.620 6.627 6.633 6.640 6.647 6.653 6.660 6.666 6.673 6.679 6.686 6.692 6.699 6.706 6.712 6.719 6.725 6.732 6.738 6.744 6.751 6.757 6.763 6.769 6.775 6.781 6.787 6.793 6.798 6.804 6.809 6.814 6.819 6.824 6.829 6.833 6.837 6.841 6.845
6.335 6.343 6.351 6.360 6.368 6.377 6.386 6.394 6.402 6.410 6.417 6.425 6.433 6.440 6.448 6.455 6.463 6.470 6.477 6.485 6.492 6.499 6.506 6.514 6.521 6.528 6.535 6.543 6.550 6.558 6.565 6.572 6.579 6.586 6.593 6.600 6.607 6.613 6.620 6.627 6.633 6.640 6.647 6.653 6.660 6.666 6.673 6.679 6.686 6.692 6.699 6.705 6.712 6.719 6.725 6.732 6.738 6.744 6.751 6.757 6.763 6.769 6.775 6.781 6.787 6.793 6.799 6.804 6.810 6.815 6.820 6.825 6.830 6.834 6.838 6.843 6.846
6.335 6.343 6.352 6.360 6.369 6.378 6.386 6.394 6.402 6.410 6.418 6.425 6.433 6.441 6.448 6.456 6.463 6.470 6.478 6.485 6.492 6.499 6.507 6.514 6.521 6.528 6.536 6.543 6.550 6.558 6.565 6.572 6.579 6.586 6.593 6.600 6.607 6.614 6.620 6.627 6.634 6.640 6.647 6.653 6.660 6.666 6.673 6.679 6.686 6.692 6.699 6.706 6.712 6.719 6.725 6.732 6.738 6.744 6.751 6.757 6.763 6.769 6.775 6.781 6.787 6.793 6.799 6.805 6.810 6.815 6.821 6.826 6.830 6.835 6.839 6.844 6.848
