version1/TsunamiDB/out54004.asc
ncols          264
nrows          230
xllcorner      497853.4375
yllcorner      4229146.0000
cellsize         5.
NODATA_value   -99
[rows 186 to 216 of 230, columns 138 to 206 of 264]
-99.000 -99.000 -99.000 -99.000 -99.000 -99.000 -99.000 -99.000 -99.000 -99.000 -99.000 -99.000 -99.000 -99.000 1.644 1.648 1.692 1.837 2.085 2.412 2.790 3.186 3.566 3.910 4.193 4.405 4.560 4.674 4.770 4.857 4.926 5.001 5.086 5.172 5.264 5.361 5.461 5.560 5.623 5.654 5.771 5.883 5.919 5.958 5.992 6.018 6.027 6.019 6.001 5.971 6.046 6.161 6.183 6.166 6.129 6.086 6.041 5.998 5.946 5.870 5.885 5.968 5.995 5.984 5.948 5.898 5.837 5.755 5.676
-99.000 -99.000 -99.000 -99.000 -99.000 -99.000 -99.000 -99.000 -99.000 -99.000 -99.000 -99.000 -99.000 -99.000 1.644 1.658 1.742 1.936 2.222 2.576 2.967 3.360 3.726 4.047 4.302 4.490 4.628 4.732 4.819 4.897 4.959 5.026 5.106 5.192 5.288 5.395 5.499 5.582 5.634 5.670 5.787 5.898 5.938 5.979 6.013 6.043 6.057 6.053 6.040 6.010 6.084 6.206 6.237 6.223 6.184 6.140 6.091 6.035 5.968 5.880 5.885 5.960 5.982 5.966 5.923 5.867 5.798 5.721 5.657
-99.000 -99.000 -99.000 -99.000 -99.000 -99.000 -99.000 -99.000 -99.000 -99.000 -99.000 -99.000 -99.000 1.644 1.646 1.683 1.817 2.056 2.378 2.756 3.154 3.539 3.886 4.179 4.404 4.569 4.692 4.786 4.864 4.933 4.987 5.046 5.121 5.207 5.309 5.420 5.519 5.592 5.646 5.683 5.801 5.914 5.957 5.996 6.031 6.065 6.083 6.086 6.078 6.046 6.122 6.253 6.291 6.278 6.240 6.194 6.134 6.063 5.982 5.882 5.878 5.946 5.962 5.938 5.888 5.827 5.758 5.695 5.645
-99.000 -99.000 -99.000 -99.000 -99.000 -99.000 -99.000 -99.000 -99.000 -99.000 -99.000 -99.000 -99.000 1.644 1.654 1.729 1.914 2.195 2.550 2.945 3.345 3.719 4.045 4.306 4.501 4.646 4.754 4.837 4.905 4.965 5.011 5.065 5.136 5.223 5.329 5.439 5.534 5.607 5.661 5.700 5.820 5.937 5.978 6.014 6.051 6.086 6.109 6.120 6.114 6.083 6.163 6.301 6.342 6.331 6.293 6.239 6.167 6.083 5.988 5.877 5.864 5.924 5.933 5.903 5.848 5.785 5.726 5.677 5.637
-99.000 -99.000 -99.000 -99.000 -99.000 -99.000 -99.000 -99.000 -99.000 -99.000 -99.000 -99.000 -99.000 1.646 1.676 1.799 2.031 2.351 2.733 3.141 3.538 3.898 4.197 4.425 4.595 4.721 4.814 4.887 4.946 4.997 5.038 5.088 5.158 5.245 5.348 5.456 5.551 5.626 5.683 5.724 5.844 5.962 6.002 6.038 6.071 6.107 6.136 6.153 6.154 6.123 6.203 6.343 6.388 6.379 6.336 6.274 6.192 6.094 5.987 5.867 5.843 5.895 5.897 5.863 5.807 5.751 5.703 5.665 5.635
-99.000 -99.000 -99.000 -99.000 -99.000 -99.000 -99.000 -99.000 -99.000 -99.000 -99.000 -99.000 1.644 1.652 1.716 1.890 2.166 2.520 2.924 3.338 3.731 4.073 4.341 4.541 4.687 4.793 4.873 4.934 4.983 5.026 5.065 5.116 5.187 5.269 5.365 5.470 5.566 5.649 5.711 5.749 5.870 5.992 6.034 6.062 6.091 6.129 6.161 6.186 6.193 6.159 6.237 6.381 6.429 6.416 6.368 6.299 6.207 6.097 5.979 5.849 5.816 5.860 5.858 5.822 5.773 5.726 5.687 5.659 5.637
-99.000 -99.000 -99.000 -99.000 -99.000 -99.000 -99.000 -99.000 -99.000 -99.000 -99.000 -99.000 1.645 1.668 1.777 1.998 2.312 2.697 3.116 3.534 3.920 4.239 4.480 4.654 4.776 4.865 4.930 4.979 5.017 5.056 5.098 5.156 5.224 5.298 5.388 5.487 5.586 5.680 5.745 5.782 5.903 6.032 6.065 6.084 6.113 6.149 6.184 6.219 6.228 6.191 6.268 6.414 6.458 6.441 6.389 6.312 6.211 6.091 5.961 5.822 5.784 5.821 5.818 5.787 5.744 5.704 5.676 5.657 5.640
-99.000 -99.000 -99.000 -99.000 -99.000 -99.000 -99.000 -99.000 -99.000 -99.000 -99.000 1.644 1.649 1.699 1.857 2.119 2.468 2.876 3.308 3.729 4.105 4.401 4.615 4.766 4.870 4.942 4.989 5.024 5.055 5.094 5.143 5.206 5.272 5.339 5.418 5.511 5.615 5.716 5.786 5.816 5.935 6.060 6.086 6.104 6.128 6.165 6.205 6.243 6.256 6.216 6.289 6.431 6.471 6.450 6.391 6.308 6.199 6.068 5.928 5.785 5.743 5.777 5.778 5.754 5.717 5.688 5.668 5.654 5.639
-99.000 -99.000 -99.000 -99.000 -99.000 -99.000 -99.000 -99.000 -99.000 -99.000 -99.000 1.644 1.659 1.749 1.951 2.251 2.629 3.054 3.495 3.918 4.284 4.557 4.747 4.876 4.961 5.017 5.052 5.078 5.105 5.148 5.205 5.273 5.336 5.394 5.462 5.546 5.643 5.747 5.822 5.844 5.957 6.081 6.109 6.125 6.147 6.183 6.221 6.258 6.275 6.229 6.295 6.432 6.469 6.443 6.379 6.291 6.176 6.038 5.892 5.747 5.705 5.742 5.747 5.728 5.699 5.677 5.663 5.651 5.638
-99.000 -99.000 -99.000 -99.000 -99.000 -99.000 -99.000 -99.000 -99.000 -99.000 1.644 1.646 1.682 1.815 2.058 2.391 2.790 3.228 3.675 4.101 4.456 4.710 4.879 4.989 5.060 5.104 5.129 5.150 5.178 5.225 5.289 5.360 5.415 5.463 5.521 5.595 5.685 5.796 5.874 5.879 5.985 6.110 6.135 6.146 6.168 6.200 6.233 6.275 6.296 6.240 6.297 6.431 6.463 6.431 6.364 6.273 6.152 6.008 5.857 5.715 5.676 5.715 5.725 5.710 5.689 5.673 5.661 5.650 5.638
-99.000 -99.000 -99.000 -99.000 -99.000 -99.000 -99.000 -99.000 -99.000 -99.000 1.644 1.652 1.720 1.898 2.177 2.538 2.955 3.400 3.854 4.282 4.623 4.857 5.005 5.098 5.158 5.193 5.216 5.238 5.271 5.324 5.392 5.466 5.514 5.559 5.613 5.675 5.757 5.879 5.929 5.910 6.013 6.133 6.155 6.167 6.189 6.217 6.250 6.304 6.314 6.241 6.292 6.420 6.446 6.411 6.341 6.244 6.119 5.966 5.815 5.684 5.652 5.693 5.705 5.697 5.682 5.668 5.658 5.649 5.636
-99.000 -99.000 -99.000 -99.000 -99.000 -99.000 -99.000 -99.000 -99.000 -99.000 1.645 1.667 1.775 1.994 2.306 2.690 3.121 3.574 4.029 4.453 4.774 4.983 5.112 5.193 5.244 5.279 5.310 5.344 5.387 5.440 5.515 5.594 5.641 5.686 5.733 5.791 5.863 5.932 5.947 5.936 6.036 6.150 6.176 6.192 6.214 6.247 6.286 6.320 6.304 6.229 6.276 6.395 6.417 6.380 6.304 6.201 6.069 5.919 5.784 5.662 5.631 5.675 5.693 5.690 5.676 5.664 5.655 5.647 5.635
-99.000 -99.000 -99.000 -99.000 -99.000 -99.000 -99.000 -99.000 -99.000 1.644 1.648 1.695 1.846 2.102 2.443 2.846 3.285 3.742 4.196 4.608 4.899 5.082 5.194 5.265 5.314 5.359 5.406 5.456 5.505 5.560 5.642 5.729 5.774 5.815 5.855 5.897 5.933 5.959 5.966 5.955 6.051 6.164 6.198 6.217 6.242 6.276 6.301 6.309 6.281 6.204 6.246 6.357 6.376 6.335 6.255 6.148 6.017 5.882 5.761 5.644 5.616 5.663 5.685 5.683 5.671 5.660 5.652 5.645 5.635
-99.000 -99.000 -99.000 -99.000 -99.000 -99.000 -99.000 -99.000 -99.000 1.644 1.657 1.738 1.932 2.221 2.587 3.003 3.448 3.905 4.355 4.742 4.995 5.152 5.249 5.316 5.370 5.430 5.498 5.562 5.618 5.673 5.764 5.857 5.897 5.932 5.960 5.976 5.983 5.985 5.981 5.971 6.063 6.178 6.215 6.236 6.261 6.283 6.291 6.283 6.246 6.169 6.205 6.308 6.323 6.280 6.199 6.093 5.973 5.853 5.740 5.629 5.605 5.655 5.677 5.678 5.667 5.656 5.649 5.645 5.637
-99.000 -99.000 -99.000 -99.000 -99.000 -99.000 -99.000 -99.000 1.644 1.646 1.675 1.799 2.031 2.351 2.737 3.163 3.610 4.065 4.502 4.848 5.060 5.193 5.281 5.349 5.414 5.492 5.578 5.656 5.720 5.774 5.871 5.969 6.005 6.034 6.043 6.041 6.029 6.011 5.997 5.987 6.073 6.184 6.223 6.247 6.260 6.269 6.267 6.245 6.202 6.125 6.156 6.249 6.261 6.220 6.141 6.045 5.938 5.828 5.723 5.618 5.597 5.647 5.671 5.673 5.662 5.654 5.650 5.649 5.645
-99.000 -99.000 -99.000 -99.000 -99.000 -99.000 -99.000 -99.000 1.644 1.650 1.709 1.876 2.144 2.491 2.893 3.326 3.775 4.222 4.629 4.918 5.093 5.208 5.293 5.367 5.445 5.540 5.644 5.736 5.807 5.857 5.962 6.068 6.100 6.116 6.113 6.099 6.070 6.036 6.011 5.994 6.074 6.183 6.222 6.237 6.241 6.241 6.228 6.199 6.153 6.074 6.098 6.186 6.198 6.159 6.089 6.005 5.908 5.807 5.709 5.608 5.588 5.638 5.664 5.668 5.661 5.655 5.654 5.658 5.660
-99.000 -99.000 -99.000 -99.000 -99.000 -99.000 -99.000 -99.000 1.645 1.662 1.760 1.968 2.269 2.640 3.055 3.494 3.941 4.373 4.729 4.960 5.105 5.207 5.291 5.372 5.463 5.576 5.696 5.800 5.875 5.925 6.040 6.155 6.176 6.183 6.171 6.145 6.103 6.052 6.013 5.990 6.065 6.171 6.203 6.212 6.209 6.198 6.180 6.147 6.096 6.017 6.040 6.124 6.136 6.104 6.044 5.968 5.882 5.789 5.692 5.595 5.578 5.628 5.655 5.664 5.662 5.659 5.664 5.675 5.680
-99.000 -99.000 -99.000 -99.000 -99.000 -99.000 -99.000 1.644 1.647 1.688 1.828 2.074 2.405 2.796 3.222 3.664 4.107 4.512 4.806 4.993 5.112 5.200 5.283 5.370 5.474 5.601 5.731 5.841 5.922 5.971 6.094 6.210 6.224 6.224 6.202 6.166 6.110 6.043 5.993 5.965 6.034 6.133 6.161 6.167 6.155 6.140 6.119 6.081 6.028 5.953 5.974 6.055 6.071 6.048 5.995 5.929 5.852 5.762 5.668 5.576 5.561 5.611 5.644 5.660 5.662 5.666 5.678 5.693 5.703
-99.000 -99.000 -99.000 -99.000 -99.000 -99.000 -99.000 1.644 1.655 1.729 1.912 2.194 2.550 2.957 3.390 3.833 4.266 4.632 4.874 5.026 5.119 5.193 5.271 5.363 5.476 5.607 5.737 5.850 5.938 5.988 6.114 6.232 6.246 6.240 6.211 6.169 6.105 6.028 5.969 5.934 5.998 6.094 6.119 6.119 6.102 6.084 6.060 6.019 5.969 5.895 5.916 5.998 6.019 5.999 5.953 5.895 5.824 5.737 5.646 5.557 5.545 5.600 5.639 5.661 5.670 5.681 5.697 5.716 5.730
-99.000 -99.000 -99.000 -99.000 -99.000 -99.000 -99.000 1.645 1.672 1.789 2.014 2.328 2.706 3.125 3.561 4.001 4.415 4.735 4.936 5.059 5.132 5.195 5.275 5.375 5.494 5.627 5.756 5.876 5.969 6.010 6.139 6.267 6.281 6.271 6.238 6.189 6.116 6.029 5.956 5.913 5.972 6.064 6.086 6.080 6.059 6.038 6.010 5.970 5.920 5.849 5.872 5.954 5.976 5.960 5.920 5.869 5.801 5.717 5.626 5.542 5.536 5.595 5.640 5.669 5.687 5.704 5.724 5.747 5.766
-99.000 -99.000 -99.000 -99.000 -99.000 -99.000 1.644 1.650 1.706 1.870 2.132 2.475 2.870 3.296 3.733 4.164 4.550 4.821 4.989 5.091 5.153 5.217 5.305 5.415 5.542 5.674 5.803 5.932 6.007 6.033 6.169 6.303 6.316 6.302 6.263 6.204 6.122 6.016 5.935 5.890 5.943 6.032 6.049 6.040 6.017 5.990 5.961 5.921 5.872 5.808 5.833 5.913 5.935 5.923 5.888 5.839 5.774 5.688 5.602 5.528 5.529 5.592 5.643 5.681 5.708 5.731 5.755 5.787 5.805
-99.000 -99.000 -99.000 -99.000 -99.000 -99.000 1.645 1.663 1.761 1.970 2.268 2.635 3.043 3.471 3.903 4.318 4.670 4.900 5.037 5.123 5.181 5.252 5.352 5.470 5.600 5.738 5.867 5.966 6.022 6.053 6.192 6.328 6.343 6.326 6.277 6.207 6.111 6.003 5.927 5.870 5.913 5.999 6.015 6.002 5.972 5.943 5.913 5.873 5.829 5.771 5.795 5.872 5.897 5.888 5.853 5.803 5.738 5.657 5.585 5.520 5.524 5.593 5.653 5.701 5.735 5.766 5.799 5.829 5.837
-99.000 -99.000 -99.000 -99.000 -99.000 1.644 1.647 1.691 1.839 2.090 2.421 2.810 3.226 3.652 4.073 4.465 4.769 4.958 5.072 5.147 5.204 5.284 5.389 5.507 5.640 5.778 5.895 5.977 6.032 6.060 6.201 6.344 6.362 6.339 6.284 6.207 6.105 6.002 5.919 5.847 5.882 5.968 5.980 5.961 5.928 5.896 5.864 5.828 5.789 5.734 5.757 5.833 5.859 5.849 5.813 5.764 5.702 5.635 5.575 5.517 5.526 5.602 5.672 5.726 5.768 5.808 5.842 5.865 5.864
-99.000 -99.000 -99.000 -99.000 -99.000 1.644 1.657 1.741 1.938 2.229 2.590 2.995 3.416 3.837 4.242 4.599 4.850 5.004 5.101 5.169 5.224 5.310 5.411 5.522 5.658 5.792 5.904 5.985 6.037 6.063 6.207 6.357 6.374 6.349 6.292 6.210 6.108 6.000 5.905 5.822 5.853 5.934 5.940 5.918 5.882 5.848 5.819 5.787 5.750 5.697 5.721 5.796 5.820 5.809 5.773 5.726 5.673 5.619 5.569 5.520 5.536 5.620 5.695 5.756 5.806 5.848 5.878 5.893 5.882
-99.000 -99.000 -99.000 -99.000 1.644 1.646 1.681 1.814 2.057 2.385 2.772 3.189 3.611 4.024 4.409 4.713 4.916 5.046 5.133 5.194 5.247 5.327 5.425 5.531 5.657 5.790 5.907 5.990 6.044 6.066 6.209 6.363 6.382 6.357 6.297 6.216 6.111 5.993 5.888 5.796 5.819 5.895 5.898 5.873 5.836 5.805 5.778 5.747 5.712 5.664 5.687 5.757 5.780 5.770 5.736 5.695 5.654 5.611 5.574 5.533 5.554 5.643 5.722 5.789 5.841 5.881 5.907 5.912 5.892
-99.000 -99.000 -99.000 -99.000 1.644 1.653 1.724 1.908 2.193 2.555 2.963 3.391 3.814 4.217 4.559 4.803 4.969 5.083 5.162 5.217 5.266 5.336 5.429 5.525 5.645 5.782 5.903 5.996 6.052 6.065 6.208 6.369 6.392 6.362 6.303 6.221 6.108 5.980 5.864 5.762 5.779 5.852 5.851 5.825 5.792 5.763 5.737 5.708 5.677 5.629 5.650 5.718 5.742 5.734 5.706 5.674 5.642 5.613 5.587 5.551 5.575 5.667 5.751 5.818 5.869 5.906 5.925 5.921 5.892
-99.000 -99.000 -99.000 -99.000 1.645 1.670 1.787 2.017 2.342 2.733 3.161 3.599 4.026 4.405 4.684 4.882 5.021 5.119 5.187 5.236 5.283 5.348 5.426 5.520 5.640 5.775 5.901 6.005 6.063 6.069 6.212 6.381 6.396 6.360 6.300 6.214 6.094 5.955 5.825 5.718 5.733 5.799 5.798 5.779 5.748 5.719 5.698 5.672 5.639 5.593 5.614 5.682 5.707 5.705 5.685 5.661 5.640 5.623 5.604 5.572 5.598 5.692 5.775 5.841 5.890 5.921 5.933 5.921 5.881
-99.000 -99.000 -99.000 1.645 1.649 1.703 1.867 2.139 2.498 2.918 3.363 3.816 4.239 4.574 4.804 4.964 5.075 5.153 5.208 5.249 5.297 5.362 5.435 5.529 5.639 5.768 5.901 6.013 6.077 6.071 6.210 6.373 6.377 6.337 6.271 6.181 6.055 5.903 5.765 5.658 5.670 5.735 5.742 5.726 5.697 5.675 5.656 5.629 5.597 5.553 5.575 5.643 5.674 5.680 5.667 5.653 5.644 5.634 5.622 5.592 5.618 5.710 5.790 5.853 5.897 5.922 5.927 5.905 5.855
-99.000 -99.000 -99.000 1.645 1.660 1.752 1.959 2.267 2.656 3.098 3.564 4.030 4.437 4.725 4.915 5.043 5.129 5.188 5.233 5.271 5.325 5.399 5.473 5.560 5.657 5.774 5.896 6.010 6.078 6.061 6.188 6.343 6.341 6.293 6.222 6.130 6.000 5.844 5.702 5.596 5.611 5.680 5.691 5.678 5.653 5.635 5.617 5.590 5.559 5.518 5.542 5.615 5.652 5.665 5.661 5.656 5.653 5.648 5.640 5.610 5.633 5.721 5.797 5.856 5.894 5.914 5.911 5.880 5.820
-99.000 -99.000 1.645 1.647 1.682 1.816 2.062 2.401 2.816 3.280 3.764 4.242 4.623 4.873 5.032 5.135 5.201 5.248 5.286 5.324 5.392 5.478 5.546 5.619 5.697 5.794 5.906 6.029 6.102 6.057 6.168 6.317 6.306 6.249 6.175 6.081 5.948 5.788 5.640 5.542 5.563 5.635 5.651 5.640 5.621 5.605 5.587 5.560 5.531 5.493 5.521 5.597 5.641 5.660 5.665 5.667 5.667 5.667 5.663 5.629 5.646 5.729 5.800 5.854 5.886 5.899 5.887 5.846 5.775
-99.000 -99.000 1.645 1.653 1.718 1.896 2.177 2.543 2.982 3.468 3.966 4.444 4.788 5.003 5.138 5.222 5.276 5.317 5.355 5.403 5.487 5.584 5.645 5.709 5.776 5.855 5.954 6.091 6.127 6.043 6.144 6.282 6.259 6.196 6.116 6.015 5.880 5.710 5.570 5.493 5.520 5.595 5.614 5.608 5.593 5.577 5.558 5.532 5.504 5.473 5.505 5.585 5.634 5.661 5.673 5.680 5.684 5.689 5.682 5.642 5.653 5.730 5.794 5.842 5.869 5.874 5.853 5.801 5.719
