version1/TsunamiDB/out54120.asc
ncols          264
nrows          230
xllcorner      497853.4375
yllcorner      4229146.0000
cellsize         5.
NODATA_value   -99
[rows 136 to 169 of 230, columns 77 to 153 of 264]
6.549 6.569 6.587 6.603 6.619 6.634 6.647 6.659 6.671 6.681 6.690 6.698 6.706 6.712 6.718 6.723 6.727 6.731 6.735 6.738 6.741 6.743 6.746 6.748 6.750 6.752 6.753 6.755 6.756 6.758 6.761 6.763 6.766 6.769 6.772 6.776 6.779 6.783 6.786 6.790 6.794 6.799 6.803 6.809 6.814 6.820 6.826 6.832 6.838 6.844 6.850 6.857 6.864 6.871 6.879 6.887 6.895 6.903 6.912 6.920 6.929 6.938 6.948 6.957 6.967 6.976 6.986 6.996 7.006 7.017 7.026 7.035 7.044 7.052 7.060 7.068 7.076
6.528 6.550 6.570 6.589 6.607 6.624 6.641 6.656 6.669 6.682 6.693 6.704 6.713 6.721 6.729 6.735 6.741 6.746 6.750 6.754 6.758 6.761 6.764 6.767 6.768 6.770 6.771 6.772 6.774 6.776 6.778 6.780 6.782 6.785 6.787 6.790 6.793 6.796 6.800 6.803 6.807 6.811 6.815 6.819 6.824 6.830 6.835 6.841 6.846 6.851 6.857 6.863 6.870 6.876 6.883 6.891 6.898 6.906 6.914 6.923 6.931 6.940 6.949 6.958 6.967 6.977 6.986 6.996 7.006 7.017 7.026 7.035 7.044 7.052 7.061 7.069 7.077
6.504 6.526 6.547 6.568 6.589 6.609 6.627 6.645 6.661 6.677 6.691 6.704 6.715 6.726 6.735 6.744 6.751 6.757 6.763 6.768 6.773 6.777 6.780 6.784 6.786 6.787 6.788 6.790 6.791 6.793 6.795 6.796 6.799 6.801 6.803 6.806 6.808 6.811 6.814 6.817 6.820 6.823 6.827 6.831 6.835 6.840 6.846 6.850 6.855 6.859 6.865 6.870 6.876 6.882 6.889 6.896 6.903 6.910 6.918 6.926 6.934 6.942 6.950 6.959 6.968 6.977 6.986 6.996 7.006 7.016 7.025 7.034 7.043 7.052 7.061 7.069 7.077
6.480 6.501 6.523 6.545 6.566 6.587 6.608 6.628 6.647 6.665 6.681 6.697 6.711 6.724 6.736 6.747 6.756 6.765 6.772 6.779 6.784 6.790 6.795 6.799 6.801 6.803 6.805 6.806 6.808 6.809 6.811 6.813 6.815 6.817 6.819 6.821 6.823 6.826 6.828 6.831 6.834 6.837 6.840 6.843 6.847 6.852 6.856 6.860 6.864 6.868 6.873 6.878 6.883 6.889 6.895 6.901 6.908 6.915 6.922 6.929 6.937 6.944 6.952 6.961 6.969 6.978 6.987 6.996 7.006 7.016 7.025 7.034 7.043 7.052 7.060 7.069 7.077
6.458 6.478 6.499 6.520 6.542 6.563 6.585 6.606 6.626 6.646 6.665 6.683 6.700 6.716 6.731 6.744 6.756 6.767 6.776 6.785 6.792 6.799 6.806 6.811 6.814 6.817 6.819 6.821 6.823 6.825 6.827 6.829 6.831 6.833 6.835 6.837 6.839 6.841 6.843 6.845 6.848 6.850 6.853 6.856 6.860 6.864 6.868 6.871 6.874 6.878 6.882 6.887 6.891 6.897 6.902 6.908 6.914 6.920 6.927 6.933 6.940 6.948 6.955 6.963 6.971 6.979 6.988 6.997 7.007 7.016 7.025 7.034 7.042 7.051 7.060 7.068 7.077
6.440 6.459 6.478 6.498 6.518 6.539 6.560 6.581 6.602 6.623 6.644 6.664 6.683 6.701 6.718 6.734 6.749 6.762 6.774 6.785 6.795 6.804 6.812 6.819 6.824 6.828 6.831 6.834 6.837 6.839 6.842 6.844 6.846 6.848 6.850 6.852 6.854 6.856 6.858 6.860 6.862 6.864 6.867 6.870 6.873 6.876 6.880 6.882 6.885 6.889 6.892 6.896 6.900 6.905 6.910 6.915 6.921 6.926 6.932 6.939 6.945 6.952 6.959 6.966 6.974 6.982 6.990 6.998 7.008 7.017 7.025 7.034 7.042 7.051 7.059 7.068 7.076
6.427 6.444 6.461 6.479 6.498 6.517 6.537 6.557 6.578 6.599 6.620 6.640 6.661 6.681 6.700 6.718 6.735 6.751 6.766 6.779 6.792 6.803 6.813 6.822 6.829 6.834 6.839 6.844 6.847 6.851 6.854 6.857 6.859 6.862 6.864 6.866 6.868 6.870 6.872 6.874 6.876 6.878 6.881 6.883 6.886 6.889 6.892 6.894 6.897 6.900 6.903 6.906 6.910 6.914 6.918 6.923 6.928 6.933 6.939 6.945 6.951 6.957 6.963 6.970 6.977 6.984 6.992 7.000 7.009 7.018 7.026 7.034 7.042 7.051 7.059 7.068 7.076
6.418 6.433 6.449 6.465 6.481 6.499 6.517 6.536 6.555 6.575 6.595 6.616 6.636 6.657 6.677 6.696 6.715 6.733 6.751 6.767 6.782 6.795 6.808 6.819 6.828 6.836 6.843 6.849 6.854 6.859 6.863 6.867 6.870 6.873 6.876 6.879 6.881 6.884 6.886 6.888 6.890 6.892 6.894 6.896 6.899 6.902 6.904 6.906 6.908 6.911 6.913 6.916 6.920 6.923 6.927 6.932 6.936 6.941 6.946 6.951 6.957 6.963 6.969 6.975 6.981 6.988 6.995 7.003 7.011 7.019 7.027 7.035 7.043 7.051 7.059 7.068 7.076
6.413 6.426 6.440 6.455 6.470 6.486 6.502 6.519 6.537 6.555 6.574 6.593 6.613 6.633 6.653 6.673 6.692 6.712 6.730 6.748 6.765 6.782 6.797 6.810 6.822 6.832 6.841 6.849 6.856 6.863 6.868 6.873 6.878 6.882 6.886 6.889 6.892 6.895 6.897 6.900 6.902 6.904 6.906 6.909 6.911 6.914 6.916 6.918 6.920 6.922 6.924 6.927 6.930 6.933 6.937 6.940 6.945 6.949 6.954 6.959 6.964 6.969 6.975 6.980 6.986 6.993 7.000 7.007 7.014 7.022 7.029 7.037 7.044 7.052 7.060 7.068 7.076
6.410 6.423 6.435 6.449 6.462 6.476 6.491 6.507 6.522 6.539 6.556 6.574 6.592 6.610 6.630 6.649 6.668 6.688 6.707 6.726 6.745 6.763 6.780 6.795 6.809 6.822 6.833 6.843 6.853 6.861 6.869 6.876 6.882 6.887 6.892 6.896 6.900 6.904 6.907 6.910 6.913 6.915 6.918 6.920 6.922 6.925 6.927 6.929 6.931 6.933 6.935 6.937 6.940 6.943 6.946 6.950 6.953 6.958 6.962 6.966 6.971 6.976 6.981 6.987 6.992 6.998 7.005 7.011 7.018 7.026 7.032 7.039 7.046 7.054 7.061 7.069 7.077
6.409 6.421 6.433 6.445 6.458 6.471 6.484 6.498 6.512 6.527 6.543 6.559 6.575 6.592 6.610 6.628 6.646 6.665 6.684 6.703 6.722 6.740 6.759 6.776 6.791 6.806 6.820 6.832 6.844 6.854 6.864 6.873 6.880 6.888 6.894 6.900 6.905 6.909 6.913 6.917 6.921 6.924 6.927 6.929 6.932 6.935 6.937 6.939 6.941 6.943 6.945 6.947 6.949 6.952 6.955 6.959 6.962 6.966 6.970 6.974 6.979 6.984 6.988 6.994 6.999 7.004 7.010 7.017 7.023 7.030 7.036 7.043 7.050 7.056 7.064 7.071 7.079
6.410 6.421 6.432 6.444 6.456 6.468 6.480 6.493 6.506 6.519 6.533 6.548 6.563 6.578 6.594 6.610 6.627 6.645 6.663 6.681 6.699 6.718 6.736 6.754 6.771 6.787 6.802 6.816 6.830 6.842 6.854 6.865 6.874 6.883 6.891 6.899 6.905 6.911 6.916 6.921 6.926 6.930 6.933 6.937 6.940 6.943 6.946 6.948 6.950 6.951 6.953 6.956 6.958 6.961 6.964 6.967 6.971 6.974 6.978 6.982 6.987 6.991 6.996 7.001 7.006 7.011 7.017 7.023 7.029 7.035 7.041 7.047 7.054 7.060 7.067 7.074 7.081
6.411 6.422 6.433 6.444 6.455 6.467 6.478 6.490 6.502 6.515 6.527 6.541 6.554 6.568 6.582 6.597 6.612 6.628 6.645 6.662 6.679 6.697 6.715 6.732 6.749 6.765 6.781 6.797 6.812 6.826 6.839 6.852 6.864 6.874 6.884 6.893 6.901 6.909 6.916 6.922 6.927 6.932 6.937 6.941 6.945 6.949 6.952 6.954 6.957 6.959 6.961 6.963 6.966 6.968 6.972 6.975 6.978 6.982 6.986 6.990 6.994 6.999 7.003 7.008 7.013 7.018 7.023 7.029 7.035 7.041 7.047 7.053 7.058 7.065 7.071 7.078 7.084
6.412 6.423 6.434 6.445 6.456 6.467 6.478 6.489 6.501 6.512 6.524 6.536 6.549 6.561 6.574 6.588 6.602 6.616 6.631 6.646 6.662 6.679 6.696 6.713 6.729 6.745 6.761 6.777 6.792 6.807 6.822 6.836 6.849 6.861 6.873 6.884 6.894 6.903 6.911 6.918 6.925 6.931 6.937 6.942 6.947 6.952 6.956 6.959 6.961 6.964 6.966 6.969 6.972 6.975 6.978 6.981 6.985 6.989 6.993 6.997 7.001 7.006 7.011 7.015 7.020 7.025 7.030 7.036 7.042 7.048 7.053 7.058 7.064 7.070 7.076 7.082 7.089
6.414 6.425 6.435 6.446 6.457 6.468 6.478 6.489 6.500 6.511 6.523 6.534 6.546 6.557 6.569 6.582 6.594 6.607 6.621 6.635 6.650 6.665 6.680 6.696 6.711 6.726 6.742 6.757 6.773 6.788 6.803 6.818 6.832 6.846 6.859 6.871 6.882 6.893 6.902 6.911 6.920 6.927 6.934 6.941 6.947 6.952 6.957 6.961 6.964 6.967 6.970 6.973 6.976 6.980 6.983 6.987 6.991 6.995 6.999 7.003 7.008 7.012 7.017 7.022 7.027 7.032 7.037 7.043 7.049 7.055 7.060 7.065 7.070 7.076 7.082 7.088 7.094
6.416 6.427 6.437 6.448 6.458 6.469 6.480 6.490 6.501 6.512 6.522 6.533 6.544 6.555 6.566 6.578 6.590 6.602 6.614 6.627 6.640 6.654 6.668 6.683 6.697 6.711 6.725 6.740 6.755 6.770 6.785 6.800 6.814 6.829 6.842 6.856 6.868 6.880 6.891 6.901 6.911 6.920 6.928 6.936 6.943 6.950 6.955 6.960 6.964 6.968 6.972 6.975 6.979 6.983 6.986 6.990 6.995 6.999 7.003 7.008 7.013 7.018 7.023 7.028 7.033 7.038 7.044 7.050 7.056 7.061 7.067 7.072 7.077 7.082 7.088 7.094 7.100
6.418 6.429 6.439 6.450 6.460 6.471 6.481 6.492 6.502 6.513 6.523 6.534 6.544 6.555 6.565 6.576 6.587 6.598 6.610 6.622 6.634 6.647 6.660 6.673 6.686 6.699 6.712 6.726 6.740 6.754 6.769 6.783 6.798 6.812 6.826 6.840 6.853 6.866 6.878 6.889 6.900 6.910 6.920 6.928 6.937 6.945 6.951 6.957 6.962 6.967 6.971 6.975 6.979 6.984 6.988 6.992 6.997 7.002 7.007 7.012 7.017 7.022 7.027 7.033 7.038 7.044 7.050 7.056 7.062 7.068 7.073 7.078 7.084 7.089 7.095 7.101 7.106
6.420 6.431 6.441 6.451 6.462 6.472 6.483 6.493 6.504 6.514 6.524 6.535 6.545 6.555 6.565 6.576 6.586 6.597 6.607 6.619 6.630 6.642 6.654 6.666 6.678 6.689 6.702 6.714 6.728 6.741 6.755 6.769 6.783 6.797 6.810 6.824 6.838 6.851 6.864 6.876 6.888 6.899 6.909 6.919 6.928 6.937 6.945 6.952 6.958 6.963 6.968 6.973 6.978 6.983 6.988 6.993 6.998 7.003 7.008 7.014 7.019 7.025 7.031 7.037 7.042 7.048 7.055 7.061 7.068 7.074 7.079 7.085 7.090 7.096 7.102 7.107 7.113
6.422 6.433 6.443 6.453 6.464 6.474 6.485 6.495 6.505 6.516 6.526 6.536 6.546 6.556 6.566 6.576 6.586 6.596 6.607 6.617 6.628 6.639 6.651 6.662 6.672 6.683 6.694 6.706 6.718 6.731 6.743 6.757 6.770 6.783 6.797 6.810 6.824 6.837 6.850 6.862 6.875 6.886 6.898 6.908 6.919 6.929 6.938 6.945 6.952 6.958 6.964 6.970 6.975 6.981 6.986 6.992 6.997 7.003 7.009 7.014 7.021 7.027 7.033 7.039 7.045 7.052 7.059 7.066 7.073 7.079 7.085 7.091 7.097 7.102 7.108 7.114 7.120
6.424 6.434 6.445 6.455 6.466 6.476 6.487 6.497 6.507 6.517 6.528 6.538 6.548 6.558 6.567 6.577 6.587 6.597 6.607 6.617 6.627 6.638 6.649 6.659 6.669 6.679 6.689 6.700 6.711 6.723 6.735 6.747 6.760 6.772 6.785 6.798 6.811 6.824 6.837 6.850 6.862 6.874 6.886 6.897 6.909 6.919 6.929 6.937 6.945 6.952 6.959 6.965 6.971 6.977 6.983 6.989 6.995 7.001 7.008 7.014 7.021 7.027 7.034 7.041 7.047 7.054 7.062 7.069 7.077 7.083 7.089 7.096 7.102 7.108 7.114 7.121 7.127
6.426 6.436 6.447 6.457 6.467 6.478 6.488 6.499 6.509 6.519 6.529 6.539 6.549 6.559 6.569 6.579 6.588 6.598 6.608 6.617 6.627 6.638 6.648 6.657 6.667 6.676 6.686 6.696 6.707 6.718 6.729 6.740 6.752 6.764 6.776 6.788 6.801 6.813 6.826 6.838 6.851 6.863 6.875 6.887 6.898 6.910 6.920 6.928 6.937 6.945 6.952 6.959 6.966 6.973 6.979 6.986 6.993 6.999 7.006 7.013 7.020 7.027 7.034 7.041 7.048 7.056 7.064 7.072 7.079 7.086 7.093 7.100 7.107 7.113 7.120 7.127 7.133
6.428 6.438 6.448 6.459 6.469 6.480 6.490 6.501 6.511 6.521 6.531 6.541 6.551 6.561 6.571 6.580 6.590 6.599 6.609 6.619 6.628 6.639 6.648 6.657 6.666 6.675 6.684 6.694 6.704 6.714 6.724 6.735 6.746 6.757 6.769 6.780 6.792 6.804 6.816 6.828 6.840 6.853 6.865 6.877 6.889 6.900 6.910 6.920 6.929 6.937 6.945 6.953 6.961 6.968 6.975 6.982 6.989 6.996 7.003 7.010 7.018 7.025 7.033 7.041 7.048 7.056 7.065 7.073 7.081 7.089 7.096 7.103 7.111 7.118 7.125 7.132 7.139
6.429 6.440 6.450 6.461 6.471 6.481 6.492 6.502 6.513 6.523 6.533 6.543 6.553 6.563 6.573 6.582 6.592 6.601 6.611 6.620 6.630 6.640 6.649 6.658 6.666 6.675 6.684 6.693 6.702 6.712 6.722 6.732 6.742 6.753 6.763 6.774 6.786 6.797 6.809 6.820 6.832 6.844 6.856 6.868 6.880 6.891 6.902 6.911 6.921 6.930 6.938 6.947 6.955 6.963 6.970 6.978 6.985 6.993 7.000 7.008 7.016 7.024 7.032 7.040 7.048 7.056 7.065 7.074 7.082 7.090 7.098 7.106 7.114 7.121 7.129 7.136 7.144
6.431 6.442 6.452 6.462 6.473 6.483 6.494 6.504 6.515 6.525 6.535 6.545 6.555 6.565 6.575 6.584 6.594 6.603 6.613 6.622 6.632 6.641 6.650 6.659 6.667 6.676 6.684 6.693 6.702 6.711 6.720 6.730 6.740 6.750 6.760 6.770 6.781 6.792 6.803 6.814 6.825 6.837 6.848 6.860 6.872 6.883 6.894 6.904 6.913 6.923 6.932 6.941 6.949 6.957 6.965 6.973 6.981 6.989 6.997 7.005 7.013 7.022 7.030 7.038 7.047 7.056 7.065 7.074 7.083 7.092 7.100 7.108 7.116 7.124 7.132 7.140 7.148
6.433 6.444 6.454 6.464 6.475 6.485 6.496 6.506 6.517 6.527 6.537 6.547 6.557 6.567 6.577 6.587 6.596 6.606 6.615 6.624 6.634 6.643 6.652 6.660 6.669 6.677 6.685 6.694 6.702 6.711 6.720 6.729 6.738 6.748 6.758 6.767 6.777 6.788 6.798 6.809 6.820 6.831 6.842 6.853 6.865 6.876 6.887 6.897 6.907 6.916 6.926 6.935 6.944 6.952 6.961 6.969 6.977 6.986 6.994 7.002 7.011 7.019 7.028 7.037 7.046 7.055 7.064 7.074 7.084 7.092 7.101 7.110 7.118 7.127 7.135 7.143 7.152
6.436 6.446 6.456 6.466 6.477 6.487 6.498 6.508 6.519 6.529 6.539 6.549 6.559 6.569 6.579 6.589 6.598 6.608 6.617 6.627 6.636 6.645 6.654 6.662 6.671 6.679 6.687 6.695 6.703 6.712 6.720 6.729 6.738 6.747 6.756 6.766 6.775 6.785 6.795 6.805 6.816 6.826 6.837 6.848 6.860 6.871 6.881 6.891 6.901 6.911 6.920 6.930 6.939 6.948 6.957 6.965 6.974 6.983 6.991 7.000 7.009 7.018 7.027 7.036 7.045 7.054 7.064 7.074 7.084 7.093 7.102 7.111 7.120 7.129 7.137 7.146 7.155
6.438 6.448 6.458 6.469 6.479 6.489 6.500 6.510 6.521 6.531 6.541 6.552 6.562 6.572 6.582 6.591 6.601 6.610 6.620 6.629 6.638 6.648 6.657 6.665 6.673 6.681 6.689 6.697 6.705 6.713 6.722 6.730 6.739 6.747 6.756 6.765 6.775 6.784 6.793 6.803 6.813 6.823 6.834 6.844 6.855 6.866 6.876 6.886 6.896 6.906 6.915 6.925 6.934 6.944 6.953 6.962 6.971 6.980 6.989 6.998 7.007 7.016 7.025 7.035 7.044 7.054 7.064 7.074 7.084 7.093 7.103 7.112 7.121 7.131 7.140 7.149 7.158
6.441 6.451 6.461 6.471 6.481 6.492 6.502 6.513 6.523 6.533 6.544 6.554 6.564 6.574 6.584 6.594 6.604 6.613 6.622 6.632 6.641 6.651 6.659 6.667 6.675 6.683 6.691 6.699 6.707 6.715 6.723 6.732 6.740 6.748 6.757 6.766 6.775 6.784 6.793 6.802 6.812 6.821 6.831 6.842 6.852 6.863 6.872 6.882 6.892 6.902 6.911 6.921 6.931 6.940 6.949 6.959 6.968 6.977 6.987 6.996 7.005 7.015 7.024 7.034 7.044 7.053 7.064 7.074 7.085 7.094 7.104 7.113 7.123 7.132 7.142 7.151 7.160
6.444 6.454 6.464 6.474 6.484 6.494 6.505 6.515 6.526 6.536 6.546 6.557 6.567 6.577 6.587 6.597 6.606 6.616 6.625 6.635 6.644 6.654 6.662 6.670 6.678 6.686 6.694 6.702 6.710 6.718 6.726 6.734 6.742 6.750 6.758 6.767 6.775 6.784 6.793 6.802 6.811 6.820 6.830 6.840 6.850 6.860 6.870 6.879 6.889 6.899 6.908 6.918 6.928 6.937 6.947 6.956 6.966 6.975 6.985 6.994 7.004 7.014 7.023 7.033 7.043 7.053 7.064 7.075 7.085 7.095 7.105 7.115 7.125 7.134 7.144 7.154 7.163
6.447 6.457 6.467 6.477 6.487 6.497 6.508 6.518 6.528 6.539 6.549 6.560 6.570 6.580 6.590 6.600 6.609 6.619 6.628 6.638 6.647 6.657 6.666 6.674 6.682 6.689 6.697 6.705 6.713 6.721 6.728 6.736 6.744 6.752 6.761 6.769 6.777 6.786 6.794 6.803 6.811 6.820 6.830 6.839 6.849 6.859 6.868 6.877 6.887 6.896 6.906 6.915 6.925 6.935 6.944 6.954 6.964 6.974 6.983 6.993 7.003 7.013 7.023 7.033 7.043 7.054 7.064 7.075 7.086 7.096 7.107 7.117 7.127 7.137 7.146 7.156 7.166
6.451 6.461 6.470 6.480 6.490 6.501 6.511 6.521 6.532 6.542 6.552 6.563 6.573 6.583 6.593 6.603 6.613 6.622 6.632 6.641 6.651 6.660 6.669 6.677 6.685 6.693 6.701 6.708 6.716 6.724 6.732 6.739 6.747 6.755 6.763 6.771 6.779 6.788 6.796 6.804 6.813 6.821 6.830 6.839 6.849 6.859 6.867 6.877 6.886 6.895 6.904 6.914 6.923 6.933 6.943 6.953 6.962 6.972 6.982 6.992 7.002 7.012 7.023 7.033 7.044 7.054 7.065 7.076 7.087 7.098 7.108 7.118 7.129 7.139 7.149 7.159 7.169
6.456 6.465 6.475 6.484 6.494 6.504 6.515 6.525 6.535 6.546 6.556 6.566 6.576 6.587 6.597 6.606 6.616 6.626 6.635 6.645 6.655 6.664 6.673 6.681 6.689 6.697 6.705 6.712 6.720 6.728 6.735 6.743 6.751 6.759 6.767 6.774 6.782 6.790 6.798 6.806 6.815 6.823 6.832 6.841 6.850 6.859 6.868 6.876 6.885 6.894 6.904 6.913 6.922 6.932 6.942 6.952 6.962 6.972 6.982 6.992 7.002 7.012 7.023 7.033 7.044 7.055 7.066 7.078 7.089 7.100 7.110 7.121 7.131 7.141 7.152 7.162 7.172
6.461 6.470 6.479 6.489 6.499 6.509 6.519 6.529 6.539 6.550 6.560 6.570 6.580 6.590 6.600 6.610 6.620 6.630 6.640 6.649 6.659 6.668 6.677 6.685 6.693 6.701 6.709 6.716 6.724 6.732 6.740 6.747 6.755 6.763 6.770 6.778 6.786 6.794 6.802 6.809 6.817 6.826 6.834 6.843 6.852 6.861 6.869 6.877 6.886 6.895 6.904 6.913 6.922 6.932 6.941 6.951 6.961 6.971 6.982 6.992 7.002 7.013 7.023 7.034 7.045 7.056 7.068 7.079 7.091 7.101 7.112 7.123 7.134 7.144 7.154 7.165 7.175
6.466 6.475 6.484 6.494 6.503 6.513 6.523 6.533 6.544 6.554 6.564 6.574 6.585 6.595 6.605 6.615 6.625 6.634 6.644 6.654 6.663 6.673 6.682 6.690 6.698 6.706 6.714 6.721 6.729 6.737 6.744 6.752 6.759 6.767 6.775 6.782 6.790 6.798 6.805 6.813 6.821 6.829 6.837 6.846 6.854 6.863 6.871 6.879 6.887 6.896 6.905 6.914 6.923 6.932 6.942 6.951 6.961 6.972 6.982 6.992 7.003 7.013 7.024 7.035 7.046 7.057 7.069 7.081 7.093 7.104 7.115 7.125 7.136 7.147 7.157 7.168 7.178
