version1/TsunamiDB/out54107.asc
ncols          264
nrows          230
xllcorner      497853.4375
yllcorner      4229146.0000
cellsize         5.
NODATA_value   -99
[rows 34 to 67 of 230, columns 154 to 230 of 264]
6.369 6.371 6.373 6.374 6.376 6.378 6.379 6.381 6.383 6.386 6.388 6.391 6.395 6.399 6.403 6.407 6.412 6.416 6.421 6.426 6.431 6.436 6.440 6.443 6.447 6.451 6.455 6.460 6.464 6.468 6.472 6.477 6.481 6.486 6.490 6.495 6.499 6.504 6.508 6.513 6.517 6.522 6.526 6.531 6.535 6.539 6.542 6.546 6.549 6.553 6.556 6.560 6.564 6.568 6.572 6.575 6.579 6.583 6.586 6.590 6.593 6.597 6.600 6.603 6.605 6.607 6.609 6.609 6.607 6.604 6.601 6.596 6.593 6.590 6.590 6.593 6.599
6.380 6.382 6.384 6.386 6.388 6.390 6.391 6.393 6.395 6.397 6.400 6.403 6.406 6.409 6.413 6.417 6.422 6.426 6.431 6.436 6.441 6.445 6.449 6.453 6.456 6.460 6.464 6.468 6.472 6.476 6.481 6.485 6.489 6.493 6.498 6.502 6.507 6.511 6.515 6.520 6.524 6.529 6.533 6.538 6.542 6.546 6.549 6.552 6.556 6.560 6.563 6.567 6.571 6.575 6.578 6.582 6.586 6.590 6.593 6.597 6.600 6.603 6.606 6.609 6.611 6.613 6.614 6.614 6.612 6.608 6.603 6.598 6.592 6.589 6.588 6.590 6.596
6.390 6.393 6.395 6.397 6.399 6.401 6.403 6.405 6.407 6.409 6.411 6.414 6.417 6.420 6.424 6.427 6.432 6.436 6.441 6.445 6.450 6.455 6.458 6.462 6.466 6.469 6.473 6.477 6.481 6.485 6.489 6.493 6.497 6.502 6.506 6.510 6.514 6.519 6.523 6.527 6.532 6.536 6.541 6.545 6.549 6.553 6.556 6.560 6.563 6.567 6.570 6.574 6.578 6.582 6.585 6.589 6.593 6.596 6.600 6.603 6.607 6.610 6.613 6.615 6.617 6.619 6.620 6.619 6.616 6.611 6.606 6.599 6.592 6.588 6.586 6.588 6.595
6.399 6.402 6.405 6.408 6.410 6.412 6.414 6.416 6.418 6.420 6.422 6.425 6.428 6.431 6.434 6.438 6.442 6.446 6.450 6.455 6.460 6.464 6.468 6.471 6.475 6.479 6.482 6.486 6.490 6.494 6.498 6.502 6.506 6.510 6.514 6.518 6.522 6.526 6.531 6.535 6.539 6.544 6.548 6.553 6.557 6.560 6.564 6.567 6.570 6.574 6.578 6.581 6.585 6.589 6.593 6.596 6.600 6.603 6.607 6.610 6.613 6.616 6.619 6.621 6.623 6.625 6.625 6.624 6.620 6.615 6.608 6.600 6.592 6.588 6.586 6.587 6.594
6.408 6.412 6.415 6.418 6.421 6.423 6.425 6.428 6.430 6.432 6.434 6.436 6.439 6.441 6.444 6.448 6.452 6.456 6.460 6.465 6.469 6.474 6.477 6.481 6.484 6.488 6.492 6.495 6.499 6.503 6.507 6.511 6.515 6.519 6.523 6.527 6.531 6.535 6.539 6.543 6.547 6.552 6.556 6.561 6.565 6.568 6.571 6.575 6.578 6.582 6.585 6.589 6.593 6.596 6.600 6.603 6.607 6.610 6.614 6.617 6.620 6.623 6.625 6.627 6.629 6.630 6.631 6.628 6.624 6.618 6.610 6.602 6.593 6.588 6.586 6.587 6.594
6.416 6.420 6.424 6.428 6.431 6.434 6.436 6.438 6.440 6.443 6.445 6.447 6.449 6.452 6.455 6.458 6.462 6.466 6.470 6.474 6.479 6.483 6.487 6.490 6.494 6.497 6.501 6.505 6.509 6.512 6.516 6.520 6.524 6.528 6.532 6.535 6.539 6.543 6.547 6.552 6.556 6.560 6.565 6.569 6.573 6.576 6.579 6.583 6.586 6.589 6.593 6.597 6.600 6.604 6.607 6.611 6.614 6.618 6.621 6.624 6.627 6.629 6.632 6.634 6.635 6.636 6.636 6.633 6.628 6.622 6.613 6.604 6.595 6.589 6.586 6.588 6.596
6.424 6.428 6.433 6.437 6.440 6.443 6.446 6.449 6.451 6.453 6.455 6.458 6.460 6.463 6.465 6.468 6.472 6.475 6.479 6.484 6.488 6.493 6.496 6.499 6.503 6.507 6.510 6.514 6.518 6.522 6.526 6.529 6.533 6.537 6.541 6.545 6.548 6.552 6.556 6.560 6.565 6.569 6.573 6.578 6.582 6.585 6.588 6.591 6.594 6.598 6.601 6.605 6.608 6.612 6.615 6.618 6.622 6.625 6.628 6.631 6.634 6.636 6.638 6.640 6.641 6.642 6.641 6.638 6.633 6.626 6.617 6.607 6.597 6.591 6.588 6.590 6.598
6.431 6.436 6.441 6.445 6.449 6.453 6.456 6.459 6.461 6.464 6.466 6.468 6.471 6.473 6.476 6.478 6.482 6.485 6.489 6.493 6.498 6.502 6.505 6.509 6.512 6.516 6.520 6.524 6.527 6.531 6.535 6.539 6.543 6.546 6.550 6.554 6.558 6.562 6.566 6.570 6.574 6.578 6.582 6.587 6.590 6.593 6.596 6.600 6.603 6.606 6.609 6.613 6.616 6.620 6.623 6.626 6.630 6.633 6.635 6.638 6.641 6.643 6.645 6.646 6.647 6.648 6.646 6.643 6.638 6.631 6.621 6.611 6.601 6.594 6.591 6.593 6.600
6.437 6.443 6.448 6.453 6.457 6.461 6.465 6.468 6.471 6.474 6.476 6.478 6.481 6.483 6.486 6.488 6.492 6.495 6.499 6.503 6.507 6.511 6.514 6.518 6.521 6.525 6.529 6.533 6.537 6.541 6.544 6.548 6.552 6.556 6.560 6.563 6.567 6.571 6.575 6.579 6.583 6.587 6.592 6.596 6.599 6.602 6.605 6.609 6.612 6.615 6.618 6.621 6.625 6.628 6.631 6.634 6.637 6.640 6.643 6.646 6.648 6.650 6.651 6.653 6.653 6.654 6.652 6.649 6.643 6.636 6.627 6.615 6.605 6.598 6.595 6.596 6.604
6.444 6.449 6.455 6.460 6.465 6.470 6.474 6.477 6.480 6.483 6.486 6.488 6.491 6.493 6.496 6.498 6.501 6.505 6.508 6.512 6.516 6.520 6.523 6.527 6.530 6.534 6.538 6.542 6.546 6.550 6.554 6.558 6.561 6.565 6.569 6.573 6.577 6.581 6.585 6.589 6.593 6.597 6.602 6.606 6.609 6.612 6.615 6.618 6.621 6.624 6.627 6.630 6.634 6.637 6.640 6.643 6.646 6.648 6.651 6.653 6.655 6.657 6.658 6.659 6.660 6.660 6.658 6.655 6.650 6.642 6.632 6.621 6.610 6.602 6.599 6.601 6.610
6.449 6.456 6.462 6.467 6.472 6.477 6.482 6.486 6.489 6.492 6.495 6.498 6.501 6.503 6.505 6.508 6.511 6.514 6.518 6.521 6.526 6.529 6.532 6.535 6.539 6.543 6.547 6.551 6.555 6.559 6.563 6.567 6.571 6.575 6.579 6.583 6.587 6.590 6.594 6.599 6.603 6.607 6.612 6.615 6.619 6.621 6.624 6.627 6.630 6.634 6.637 6.640 6.643 6.646 6.649 6.651 6.654 6.656 6.659 6.661 6.663 6.664 6.665 6.666 6.667 6.667 6.665 6.662 6.657 6.649 6.639 6.627 6.615 6.608 6.605 6.607 6.617
6.455 6.461 6.468 6.474 6.479 6.485 6.489 6.494 6.498 6.501 6.504 6.507 6.510 6.512 6.515 6.518 6.520 6.523 6.527 6.531 6.535 6.537 6.540 6.544 6.547 6.551 6.555 6.559 6.563 6.568 6.572 6.576 6.580 6.584 6.588 6.592 6.596 6.600 6.604 6.608 6.613 6.617 6.621 6.625 6.628 6.631 6.634 6.637 6.640 6.643 6.646 6.649 6.652 6.655 6.658 6.660 6.663 6.665 6.667 6.669 6.671 6.672 6.673 6.674 6.674 6.674 6.673 6.669 6.664 6.657 6.647 6.634 6.622 6.614 6.612 6.614 6.626
6.460 6.467 6.473 6.480 6.486 6.491 6.496 6.501 6.505 6.509 6.513 6.516 6.519 6.522 6.524 6.527 6.530 6.533 6.536 6.540 6.543 6.546 6.549 6.552 6.556 6.560 6.564 6.568 6.572 6.576 6.580 6.585 6.589 6.593 6.597 6.601 6.606 6.610 6.614 6.618 6.622 6.627 6.631 6.635 6.638 6.641 6.644 6.647 6.650 6.653 6.656 6.659 6.662 6.664 6.667 6.669 6.672 6.674 6.676 6.677 6.679 6.680 6.681 6.682 6.682 6.682 6.681 6.678 6.673 6.666 6.655 6.642 6.630 6.623 6.620 6.624 6.637
6.465 6.472 6.479 6.485 6.492 6.498 6.503 6.508 6.513 6.517 6.521 6.524 6.527 6.530 6.533 6.536 6.539 6.542 6.545 6.548 6.552 6.554 6.557 6.560 6.564 6.568 6.572 6.576 6.580 6.584 6.589 6.593 6.598 6.602 6.606 6.611 6.615 6.619 6.623 6.628 6.632 6.636 6.641 6.645 6.648 6.651 6.654 6.657 6.660 6.663 6.666 6.669 6.671 6.674 6.677 6.679 6.681 6.683 6.685 6.686 6.688 6.689 6.690 6.690 6.691 6.691 6.690 6.687 6.682 6.675 6.665 6.651 6.639 6.633 6.631 6.637 6.652
6.469 6.477 6.484 6.491 6.497 6.504 6.510 6.515 6.520 6.524 6.528 6.532 6.536 6.539 6.542 6.545 6.547 6.550 6.553 6.557 6.560 6.563 6.565 6.568 6.572 6.576 6.579 6.584 6.588 6.592 6.597 6.601 6.606 6.610 6.615 6.619 6.624 6.628 6.633 6.637 6.641 6.646 6.651 6.655 6.658 6.661 6.664 6.667 6.670 6.673 6.676 6.679 6.681 6.684 6.686 6.689 6.691 6.692 6.694 6.696 6.697 6.698 6.699 6.700 6.700 6.701 6.700 6.697 6.693 6.686 6.675 6.663 6.651 6.645 6.645 6.652 6.670
6.474 6.482 6.489 6.496 6.503 6.509 6.516 6.521 6.526 6.531 6.536 6.540 6.543 6.547 6.550 6.553 6.556 6.559 6.562 6.565 6.568 6.571 6.573 6.576 6.580 6.583 6.587 6.591 6.596 6.600 6.605 6.609 6.614 6.618 6.623 6.628 6.632 6.637 6.641 6.646 6.651 6.655 6.660 6.664 6.668 6.671 6.674 6.677 6.680 6.683 6.686 6.689 6.692 6.694 6.696 6.699 6.701 6.702 6.704 6.705 6.707 6.708 6.709 6.710 6.711 6.711 6.710 6.708 6.704 6.698 6.688 6.675 6.664 6.660 6.662 6.670 6.690
6.479 6.486 6.494 6.501 6.508 6.515 6.521 6.527 6.533 6.538 6.543 6.547 6.551 6.555 6.558 6.561 6.564 6.567 6.570 6.573 6.576 6.579 6.581 6.584 6.587 6.591 6.595 6.599 6.603 6.607 6.612 6.617 6.621 6.626 6.631 6.636 6.640 6.645 6.650 6.655 6.659 6.664 6.669 6.674 6.677 6.681 6.684 6.687 6.690 6.693 6.696 6.699 6.702 6.704 6.707 6.709 6.711 6.713 6.714 6.716 6.717 6.718 6.720 6.721 6.722 6.723 6.722 6.720 6.717 6.711 6.702 6.690 6.680 6.678 6.681 6.691 6.713
6.483 6.491 6.499 6.506 6.513 6.520 6.527 6.533 6.539 6.544 6.549 6.554 6.558 6.562 6.565 6.569 6.572 6.575 6.578 6.581 6.584 6.587 6.589 6.592 6.595 6.598 6.602 6.606 6.610 6.615 6.619 6.624 6.629 6.634 6.639 6.643 6.648 6.653 6.658 6.663 6.668 6.673 6.678 6.683 6.686 6.690 6.693 6.697 6.700 6.703 6.706 6.709 6.712 6.714 6.717 6.719 6.721 6.723 6.725 6.727 6.728 6.730 6.731 6.732 6.734 6.735 6.735 6.734 6.731 6.726 6.718 6.707 6.699 6.697 6.702 6.714 6.737
6.488 6.496 6.503 6.511 6.518 6.525 6.532 6.539 6.545 6.550 6.556 6.560 6.565 6.569 6.573 6.576 6.580 6.583 6.586 6.589 6.592 6.594 6.597 6.599 6.602 6.606 6.609 6.613 6.617 6.622 6.626 6.631 6.636 6.641 6.646 6.651 6.656 6.661 6.666 6.671 6.676 6.681 6.687 6.691 6.695 6.699 6.703 6.706 6.709 6.713 6.716 6.719 6.722 6.725 6.727 6.730 6.732 6.734 6.736 6.738 6.740 6.741 6.743 6.745 6.747 6.748 6.749 6.748 6.746 6.742 6.735 6.726 6.718 6.719 6.725 6.738 6.762
6.492 6.500 6.508 6.516 6.523 6.531 6.538 6.544 6.550 6.556 6.562 6.567 6.571 6.576 6.580 6.584 6.587 6.590 6.594 6.597 6.600 6.602 6.604 6.607 6.610 6.613 6.616 6.620 6.624 6.629 6.633 6.638 6.643 6.648 6.653 6.658 6.663 6.668 6.673 6.678 6.684 6.689 6.695 6.699 6.704 6.707 6.711 6.715 6.719 6.722 6.726 6.729 6.732 6.735 6.738 6.740 6.743 6.745 6.748 6.750 6.752 6.754 6.756 6.758 6.760 6.763 6.764 6.764 6.763 6.760 6.754 6.746 6.740 6.741 6.749 6.762 6.787
6.497 6.505 6.513 6.521 6.528 6.536 6.543 6.550 6.556 6.562 6.568 6.573 6.578 6.582 6.587 6.591 6.594 6.598 6.601 6.605 6.607 6.610 6.612 6.614 6.617 6.620 6.623 6.627 6.631 6.635 6.640 6.645 6.649 6.654 6.660 6.665 6.670 6.675 6.680 6.686 6.691 6.697 6.702 6.707 6.712 6.716 6.720 6.724 6.728 6.731 6.735 6.738 6.742 6.745 6.748 6.751 6.754 6.757 6.759 6.762 6.764 6.767 6.769 6.772 6.775 6.778 6.780 6.781 6.781 6.779 6.774 6.767 6.762 6.765 6.773 6.787 6.812
6.502 6.510 6.518 6.526 6.534 6.541 6.548 6.555 6.561 6.568 6.574 6.579 6.584 6.589 6.593 6.597 6.601 6.605 6.608 6.612 6.615 6.617 6.619 6.622 6.624 6.627 6.631 6.634 6.638 6.642 6.647 6.651 6.656 6.661 6.666 6.671 6.676 6.682 6.687 6.693 6.698 6.704 6.710 6.715 6.719 6.724 6.728 6.732 6.736 6.740 6.744 6.748 6.752 6.755 6.759 6.762 6.765 6.769 6.772 6.775 6.777 6.780 6.784 6.787 6.791 6.794 6.797 6.799 6.800 6.800 6.796 6.790 6.786 6.789 6.798 6.812 6.837
6.507 6.515 6.523 6.531 6.539 6.546 6.553 6.560 6.567 6.573 6.579 6.585 6.590 6.595 6.600 6.604 6.608 6.612 6.616 6.619 6.622 6.625 6.627 6.629 6.632 6.635 6.638 6.641 6.645 6.649 6.653 6.658 6.663 6.668 6.673 6.678 6.683 6.688 6.694 6.699 6.705 6.711 6.717 6.722 6.727 6.732 6.736 6.740 6.745 6.749 6.753 6.758 6.762 6.766 6.770 6.773 6.777 6.781 6.784 6.788 6.791 6.795 6.798 6.802 6.807 6.811 6.814 6.817 6.820 6.821 6.818 6.813 6.809 6.813 6.822 6.836 6.862
6.512 6.520 6.528 6.536 6.544 6.551 6.559 6.566 6.573 6.579 6.585 6.591 6.596 6.602 6.606 6.611 6.615 6.619 6.623 6.627 6.630 6.632 6.634 6.637 6.639 6.642 6.645 6.648 6.652 6.656 6.660 6.665 6.669 6.674 6.679 6.684 6.690 6.695 6.700 6.706 6.712 6.718 6.724 6.730 6.734 6.739 6.744 6.749 6.753 6.758 6.763 6.767 6.772 6.776 6.780 6.785 6.789 6.793 6.797 6.801 6.805 6.809 6.814 6.818 6.824 6.829 6.833 6.837 6.841 6.843 6.841 6.836 6.833 6.838 6.847 6.861 6.887
6.518 6.526 6.534 6.542 6.549 6.557 6.564 6.571 6.578 6.585 6.591 6.597 6.603 6.608 6.613 6.618 6.622 6.626 6.630 6.634 6.637 6.640 6.642 6.644 6.647 6.649 6.652 6.655 6.659 6.663 6.667 6.671 6.676 6.681 6.686 6.691 6.696 6.702 6.707 6.713 6.719 6.725 6.731 6.737 6.742 6.747 6.752 6.757 6.762 6.767 6.772 6.777 6.782 6.787 6.791 6.796 6.801 6.805 6.810 6.815 6.819 6.824 6.829 6.835 6.841 6.847 6.852 6.857 6.862 6.865 6.864 6.861 6.858 6.863 6.872 6.887 6.913
6.523 6.531 6.539 6.547 6.555 6.563 6.570 6.577 6.584 6.591 6.597 6.603 6.609 6.614 6.619 6.624 6.629 6.633 6.637 6.641 6.645 6.647 6.649 6.652 6.654 6.657 6.660 6.663 6.666 6.670 6.674 6.678 6.683 6.687 6.692 6.697 6.703 6.708 6.714 6.720 6.726 6.732 6.739 6.744 6.749 6.754 6.760 6.765 6.770 6.776 6.781 6.787 6.792 6.797 6.803 6.808 6.813 6.818 6.824 6.829 6.834 6.840 6.846 6.852 6.859 6.866 6.872 6.878 6.884 6.888 6.888 6.885 6.883 6.888 6.897 6.913 6.940
6.529 6.537 6.545 6.553 6.561 6.568 6.576 6.583 6.590 6.596 6.603 6.609 6.615 6.620 6.626 6.631 6.636 6.640 6.644 6.649 6.652 6.654 6.657 6.659 6.662 6.664 6.667 6.670 6.673 6.677 6.681 6.685 6.690 6.694 6.699 6.704 6.710 6.715 6.721 6.727 6.733 6.740 6.746 6.751 6.757 6.762 6.768 6.774 6.779 6.785 6.791 6.796 6.802 6.808 6.814 6.820 6.826 6.832 6.837 6.843 6.850 6.856 6.862 6.869 6.877 6.885 6.892 6.899 6.906 6.911 6.912 6.910 6.908 6.914 6.924 6.940 6.967
6.534 6.542 6.551 6.559 6.566 6.574 6.581 6.589 6.596 6.602 6.609 6.615 6.621 6.627 6.632 6.637 6.642 6.647 6.652 6.656 6.659 6.662 6.664 6.667 6.669 6.672 6.675 6.678 6.681 6.685 6.688 6.692 6.697 6.701 6.706 6.711 6.717 6.722 6.728 6.734 6.740 6.747 6.753 6.759 6.765 6.770 6.776 6.782 6.788 6.794 6.800 6.807 6.813 6.819 6.826 6.832 6.839 6.845 6.852 6.858 6.865 6.872 6.879 6.887 6.896 6.904 6.912 6.921 6.929 6.934 6.937 6.935 6.934 6.940 6.951 6.967 6.995
6.540 6.548 6.556 6.564 6.572 6.580 6.587 6.595 6.602 6.609 6.615 6.621 6.628 6.633 6.639 6.644 6.649 6.654 6.659 6.663 6.667 6.669 6.672 6.674 6.677 6.680 6.682 6.685 6.689 6.692 6.696 6.700 6.704 6.709 6.714 6.719 6.724 6.729 6.735 6.741 6.748 6.755 6.761 6.767 6.773 6.779 6.785 6.791 6.798 6.804 6.811 6.817 6.824 6.831 6.838 6.845 6.852 6.859 6.866 6.873 6.881 6.889 6.897 6.905 6.915 6.924 6.933 6.942 6.951 6.958 6.961 6.960 6.959 6.965 6.977 6.993 7.021
6.546 6.554 6.562 6.570 6.578 6.586 6.593 6.601 6.608 6.615 6.621 6.628 6.634 6.640 6.645 6.651 6.656 6.661 6.666 6.671 6.674 6.677 6.680 6.682 6.685 6.687 6.690 6.693 6.696 6.700 6.704 6.708 6.712 6.716 6.721 6.726 6.732 6.737 6.743 6.749 6.756 6.763 6.769 6.775 6.781 6.788 6.794 6.801 6.807 6.814 6.821 6.828 6.835 6.843 6.850 6.858 6.865 6.873 6.881 6.889 6.897 6.906 6.914 6.924 6.934 6.944 6.954 6.964 6.974 6.981 6.985 6.984 6.984 6.991 7.002 7.018 7.046
6.552 6.560 6.568 6.576 6.584 6.592 6.599 6.607 6.614 6.621 6.628 6.634 6.640 6.646 6.652 6.658 6.663 6.668 6.674 6.678 6.681 6.684 6.687 6.690 6.693 6.695 6.698 6.701 6.704 6.708 6.712 6.716 6.720 6.724 6.729 6.734 6.740 6.745 6.751 6.757 6.764 6.771 6.778 6.784 6.790 6.797 6.804 6.810 6.818 6.825 6.832 6.840 6.847 6.855 6.863 6.871 6.879 6.887 6.896 6.905 6.913 6.923 6.932 6.942 6.953 6.964 6.975 6.985 6.996 7.005 7.009 7.009 7.008 7.015 7.027 7.042 7.069
6.557 6.566 6.574 6.582 6.590 6.598 6.606 6.613 6.620 6.627 6.634 6.641 6.647 6.653 6.659 6.665 6.670 6.676 6.681 6.686 6.689 6.692 6.695 6.698 6.701 6.703 6.706 6.709 6.713 6.716 6.720 6.724 6.728 6.732 6.737 6.742 6.748 6.754 6.760 6.766 6.773 6.780 6.787 6.793 6.800 6.807 6.814 6.821 6.828 6.836 6.843 6.851 6.859 6.868 6.876 6.885 6.893 6.902 6.911 6.921 6.930 6.940 6.950 6.961 6.972 6.984 6.995 7.007 7.018 7.027 7.032 7.032 7.032 7.038 7.049 7.064 7.090
6.563 6.571 6.580 6.588 6.596 6.604 6.612 6.619 6.627 6.634 6.641 6.647 6.654 6.660 6.666 6.672 6.677 6.683 6.688 6.693 6.696 6.700 6.703 6.706 6.709 6.712 6.715 6.718 6.721 6.725 6.728 6.732 6.736 6.741 6.746 6.751 6.756 6.762 6.768 6.775 6.782 6.789 6.796 6.803 6.810 6.817 6.824 6.831 6.839 6.847 6.855 6.863 6.872 6.881 6.890 6.899 6.908 6.917 6.927 6.937 6.947 6.957 6.968 6.980 6.992 7.004 7.016 7.028 7.040 7.050 7.055 7.054 7.053 7.060 7.071 7.085 7.111
6.568 6.577 6.585 6.594 6.602 6.610 6.618 6.626 6.633 6.640 6.647 6.654 6.660 6.667 6.673 6.679 6.685 6.690 6.696 6.700 6.704 6.707 6.711 6.714 6.717 6.720 6.723 6.726 6.730 6.733 6.737 6.741 6.745 6.750 6.755 6.760 6.765 6.771 6.777 6.784 6.791 6.799 6.806 6.813 6.820 6.827 6.835 6.842 6.850 6.859 6.867 6.876 6.885 6.894 6.903 6.913 6.923 6.933 6.943 6.953 6.964 6.975 6.986 6.998 7.011 7.023 7.036 7.049 7.061 7.071 7.076 7.076 7.075 7.083 7.093 7.107 7.131
