version1/TsunamiDB/out54008.asc
ncols          264
nrows          230
xllcorner      497853.4375
yllcorner      4229146.0000
cellsize         5.
NODATA_value   -99
[rows 186 to 216 of 230, columns 140 to 209 of 264]
-99.000 -99.000 1.645 1.651 1.708 1.872 2.136 2.477 2.866 3.266 3.638 3.946 4.186 4.369 4.509 4.620 4.711 4.789 4.857 4.916 4.966 5.008 5.045 5.077 5.109 5.143 5.192 5.256 5.320 5.403 5.510 5.619 5.730 5.837 5.939 6.038 6.104 6.132 6.241 6.363 6.412 6.444 6.470 6.490 6.496 6.485 6.460 6.415 6.463 6.576 6.627 6.633 6.608 6.564 6.509 6.450 6.378 6.275 6.250 6.306 6.334 6.334 6.308 6.263 6.200 6.111 6.015 5.926 5.895 5.924
-99.000 -99.000 1.646 1.666 1.766 1.977 2.279 2.647 3.048 3.443 3.792 4.070 4.284 4.447 4.574 4.677 4.764 4.840 4.906 4.964 5.012 5.051 5.083 5.111 5.140 5.175 5.223 5.282 5.344 5.426 5.530 5.640 5.752 5.864 5.971 6.059 6.116 6.150 6.260 6.381 6.431 6.464 6.489 6.510 6.519 6.512 6.492 6.448 6.497 6.614 6.673 6.686 6.664 6.623 6.569 6.501 6.416 6.301 6.264 6.309 6.331 6.324 6.289 6.236 6.163 6.072 5.987 5.906 5.880 5.913
-99.000 1.645 1.649 1.695 1.843 2.096 2.431 2.819 3.225 3.609 3.932 4.182 4.372 4.519 4.635 4.732 4.815 4.890 4.955 5.013 5.060 5.097 5.127 5.153 5.182 5.218 5.265 5.323 5.383 5.459 5.558 5.662 5.772 5.885 5.987 6.068 6.128 6.166 6.277 6.398 6.451 6.482 6.505 6.528 6.540 6.540 6.525 6.481 6.530 6.654 6.720 6.737 6.720 6.682 6.623 6.544 6.447 6.320 6.270 6.307 6.320 6.305 6.262 6.199 6.121 6.039 5.966 5.891 5.870 5.911
-99.000 1.645 1.659 1.742 1.936 2.226 2.588 2.991 3.396 3.763 4.058 4.282 4.453 4.585 4.692 4.783 4.864 4.937 5.003 5.060 5.107 5.144 5.172 5.198 5.228 5.266 5.314 5.373 5.430 5.500 5.586 5.681 5.787 5.895 5.996 6.080 6.143 6.184 6.296 6.421 6.472 6.499 6.523 6.546 6.561 6.568 6.557 6.514 6.566 6.696 6.766 6.787 6.773 6.733 6.667 6.579 6.469 6.330 6.270 6.297 6.301 6.277 6.226 6.158 6.084 6.014 5.950 5.883 5.869 5.915
1.645 1.647 1.680 1.807 2.041 2.363 2.747 3.158 3.558 3.904 4.173 4.374 4.527 4.647 4.746 4.832 4.910 4.982 5.046 5.103 5.151 5.188 5.218 5.245 5.277 5.319 5.372 5.431 5.485 5.545 5.618 5.702 5.798 5.902 6.006 6.095 6.164 6.207 6.319 6.444 6.494 6.521 6.540 6.563 6.583 6.595 6.591 6.550 6.602 6.735 6.808 6.833 6.819 6.775 6.703 6.604 6.483 6.334 6.262 6.278 6.274 6.243 6.187 6.122 6.056 5.995 5.942 5.883 5.874 5.924
1.645 1.653 1.716 1.886 2.157 2.506 2.906 3.320 3.710 4.034 4.278 4.460 4.598 4.707 4.799 4.879 4.954 5.022 5.085 5.141 5.189 5.229 5.263 5.293 5.329 5.377 5.433 5.493 5.543 5.594 5.655 5.725 5.810 5.913 6.019 6.117 6.191 6.231 6.342 6.470 6.522 6.543 6.558 6.582 6.604 6.623 6.627 6.585 6.636 6.771 6.848 6.871 6.855 6.808 6.728 6.619 6.488 6.328 6.246 6.252 6.241 6.206 6.152 6.092 6.034 5.984 5.941 5.888 5.883 5.936
1.646 1.666 1.768 1.978 2.281 2.652 3.062 3.475 3.852 4.154 4.378 4.543 4.668 4.767 4.851 4.925 4.995 5.059 5.119 5.173 5.223 5.267 5.304 5.341 5.384 5.437 5.495 5.555 5.604 5.650 5.699 5.755 5.833 5.931 6.041 6.147 6.224 6.261 6.371 6.505 6.552 6.564 6.578 6.600 6.625 6.653 6.661 6.618 6.668 6.805 6.879 6.900 6.881 6.828 6.742 6.624 6.481 6.312 6.221 6.219 6.203 6.169 6.120 6.066 6.019 5.981 5.944 5.895 5.893 5.948
1.649 1.692 1.835 2.082 2.412 2.801 3.216 3.622 3.985 4.268 4.474 4.625 4.739 4.829 4.905 4.972 5.035 5.096 5.151 5.203 5.255 5.302 5.347 5.394 5.442 5.498 5.558 5.619 5.669 5.712 5.755 5.803 5.871 5.964 6.075 6.185 6.265 6.296 6.402 6.533 6.573 6.584 6.594 6.616 6.646 6.678 6.690 6.646 6.693 6.827 6.896 6.914 6.890 6.833 6.740 6.612 6.458 6.282 6.185 6.177 6.163 6.133 6.090 6.047 6.011 5.979 5.947 5.902 5.902 5.957
1.656 1.732 1.917 2.197 2.552 2.953 3.367 3.763 4.111 4.378 4.570 4.709 4.813 4.895 4.963 5.022 5.078 5.132 5.182 5.231 5.284 5.336 5.390 5.446 5.502 5.562 5.624 5.688 5.741 5.787 5.828 5.871 5.930 6.013 6.114 6.222 6.303 6.327 6.427 6.555 6.595 6.605 6.614 6.636 6.665 6.698 6.714 6.667 6.709 6.836 6.902 6.915 6.885 6.823 6.724 6.588 6.426 6.245 6.146 6.139 6.128 6.103 6.068 6.035 6.006 5.980 5.952 5.910 5.909 5.964
1.673 1.790 2.014 2.323 2.698 3.105 3.515 3.898 4.230 4.483 4.663 4.792 4.888 4.962 5.021 5.072 5.121 5.170 5.216 5.264 5.320 5.378 5.444 5.510 5.573 5.636 5.700 5.765 5.824 5.877 5.917 5.954 6.004 6.074 6.163 6.272 6.357 6.364 6.455 6.582 6.620 6.627 6.636 6.656 6.682 6.719 6.741 6.687 6.719 6.841 6.902 6.908 6.875 6.808 6.702 6.559 6.389 6.207 6.111 6.106 6.100 6.081 6.054 6.030 6.007 5.985 5.961 5.918 5.917 5.972
1.705 1.864 2.124 2.460 2.850 3.259 3.659 4.027 4.345 4.586 4.756 4.876 4.963 5.029 5.080 5.124 5.168 5.215 5.258 5.307 5.368 5.434 5.510 5.584 5.653 5.718 5.785 5.853 5.920 5.983 6.022 6.058 6.105 6.161 6.238 6.355 6.415 6.396 6.481 6.604 6.640 6.647 6.658 6.676 6.702 6.751 6.767 6.696 6.721 6.837 6.890 6.892 6.853 6.780 6.668 6.514 6.340 6.167 6.078 6.077 6.075 6.064 6.046 6.027 6.009 5.990 5.967 5.925 5.924 5.978
1.754 1.955 2.247 2.607 3.006 3.413 3.799 4.151 4.454 4.684 4.844 4.955 5.035 5.093 5.138 5.178 5.220 5.264 5.307 5.359 5.426 5.501 5.582 5.663 5.741 5.815 5.887 5.956 6.032 6.107 6.152 6.190 6.231 6.283 6.352 6.422 6.440 6.421 6.503 6.619 6.657 6.669 6.681 6.705 6.740 6.776 6.769 6.693 6.712 6.819 6.866 6.863 6.818 6.737 6.615 6.459 6.295 6.131 6.048 6.052 6.056 6.052 6.039 6.024 6.010 5.994 5.972 5.932 5.930 5.983
1.821 2.061 2.384 2.763 3.167 3.566 3.936 4.270 4.558 4.775 4.924 5.026 5.098 5.150 5.191 5.228 5.267 5.311 5.357 5.414 5.489 5.571 5.659 5.750 5.838 5.922 5.998 6.069 6.155 6.246 6.297 6.333 6.369 6.408 6.441 6.462 6.461 6.440 6.516 6.629 6.673 6.691 6.709 6.737 6.765 6.779 6.758 6.677 6.690 6.787 6.829 6.820 6.768 6.680 6.554 6.405 6.254 6.099 6.022 6.032 6.042 6.042 6.032 6.022 6.009 5.996 5.978 5.938 5.935 5.989
1.907 2.183 2.534 2.927 3.331 3.718 4.070 4.385 4.656 4.856 4.992 5.085 5.151 5.198 5.235 5.269 5.308 5.355 5.406 5.471 5.554 5.643 5.739 5.839 5.940 6.032 6.113 6.185 6.283 6.387 6.438 6.472 6.498 6.511 6.509 6.499 6.481 6.456 6.526 6.640 6.688 6.711 6.733 6.755 6.768 6.767 6.733 6.648 6.655 6.744 6.779 6.765 6.708 6.614 6.493 6.356 6.216 6.070 6.001 6.017 6.029 6.032 6.025 6.016 6.007 5.998 5.982 5.944 5.943 6.000
2.010 2.321 2.694 3.096 3.496 3.868 4.201 4.497 4.745 4.923 5.045 5.130 5.191 5.235 5.270 5.303 5.344 5.395 5.452 5.526 5.617 5.716 5.819 5.928 6.038 6.138 6.226 6.299 6.404 6.517 6.570 6.599 6.607 6.597 6.571 6.536 6.503 6.474 6.538 6.646 6.698 6.726 6.743 6.754 6.756 6.739 6.697 6.611 6.611 6.690 6.718 6.700 6.640 6.550 6.438 6.312 6.183 6.047 5.983 6.001 6.016 6.021 6.017 6.011 6.006 6.000 5.989 5.955 5.955 6.013
2.130 2.471 2.862 3.268 3.660 4.015 4.329 4.603 4.821 4.974 5.083 5.163 5.221 5.263 5.296 5.328 5.371 5.427 5.492 5.574 5.677 5.784 5.893 6.010 6.128 6.238 6.331 6.400 6.512 6.635 6.689 6.708 6.701 6.675 6.630 6.575 6.528 6.488 6.544 6.649 6.703 6.727 6.736 6.738 6.728 6.701 6.652 6.563 6.556 6.627 6.651 6.631 6.573 6.491 6.388 6.273 6.154 6.025 5.966 5.985 6.002 6.009 6.008 6.005 6.004 6.004 6.000 5.968 5.970 6.030
2.266 2.633 3.036 3.440 3.819 4.157 4.451 4.698 4.880 5.013 5.112 5.188 5.243 5.283 5.313 5.344 5.389 5.453 5.525 5.617 5.730 5.844 5.960 6.083 6.211 6.330 6.426 6.491 6.608 6.741 6.791 6.801 6.785 6.746 6.686 6.613 6.547 6.498 6.546 6.647 6.695 6.714 6.715 6.706 6.688 6.654 6.599 6.507 6.497 6.561 6.581 6.563 6.511 6.435 6.343 6.239 6.125 6.002 5.947 5.967 5.985 5.996 5.999 5.999 6.004 6.012 6.013 5.985 5.989 6.051
2.416 2.803 3.211 3.608 3.972 4.291 4.565 4.777 4.932 5.048 5.139 5.209 5.261 5.296 5.322 5.352 5.402 5.475 5.552 5.652 5.774 5.897 6.020 6.151 6.286 6.408 6.506 6.566 6.687 6.823 6.868 6.874 6.848 6.798 6.725 6.632 6.552 6.492 6.530 6.624 6.667 6.681 6.673 6.657 6.633 6.592 6.533 6.441 6.427 6.487 6.507 6.493 6.447 6.381 6.300 6.201 6.091 5.974 5.922 5.942 5.964 5.980 5.987 5.994 6.006 6.021 6.029 6.004 6.009 6.070
2.578 2.978 3.386 3.771 4.117 4.418 4.665 4.847 4.982 5.086 5.167 5.229 5.275 5.306 5.328 5.357 5.414 5.493 5.572 5.678 5.806 5.936 6.066 6.201 6.337 6.461 6.561 6.618 6.737 6.875 6.922 6.924 6.891 6.834 6.750 6.646 6.552 6.480 6.509 6.596 6.634 6.642 6.626 6.604 6.575 6.529 6.467 6.375 6.361 6.420 6.442 6.432 6.391 6.334 6.260 6.166 6.060 5.945 5.897 5.920 5.947 5.968 5.981 5.995 6.013 6.033 6.047 6.026 6.031 6.089
2.749 3.156 3.556 3.925 4.252 4.533 4.753 4.913 5.033 5.126 5.199 5.254 5.293 5.319 5.336 5.364 5.424 5.506 5.586 5.694 5.827 5.964 6.102 6.242 6.381 6.512 6.617 6.662 6.779 6.924 6.974 6.973 6.938 6.875 6.782 6.665 6.554 6.470 6.489 6.569 6.603 6.603 6.582 6.554 6.519 6.470 6.407 6.317 6.304 6.363 6.387 6.379 6.346 6.296 6.226 6.135 6.029 5.919 5.876 5.903 5.934 5.961 5.981 6.002 6.025 6.052 6.074 6.054 6.056 6.111
2.925 3.332 3.721 4.070 4.377 4.635 4.831 4.975 5.084 5.169 5.235 5.284 5.319 5.340 5.357 5.384 5.443 5.525 5.605 5.712 5.848 5.992 6.140 6.287 6.430 6.574 6.665 6.693 6.813 6.965 7.015 7.015 6.976 6.906 6.804 6.669 6.544 6.453 6.464 6.537 6.564 6.560 6.534 6.500 6.461 6.410 6.346 6.261 6.252 6.311 6.336 6.332 6.304 6.257 6.191 6.098 5.995 5.894 5.857 5.888 5.924 5.958 5.987 6.014 6.044 6.081 6.106 6.082 6.081 6.131
3.101 3.504 3.876 4.206 4.492 4.724 4.897 5.028 5.129 5.210 5.274 5.320 5.353 5.376 5.398 5.432 5.490 5.564 5.642 5.747 5.884 6.033 6.187 6.343 6.494 6.615 6.684 6.712 6.836 6.990 7.045 7.045 7.000 6.920 6.805 6.662 6.538 6.436 6.434 6.501 6.524 6.516 6.483 6.445 6.402 6.349 6.290 6.211 6.204 6.261 6.288 6.289 6.262 6.215 6.148 6.058 5.966 5.873 5.841 5.877 5.921 5.964 5.999 6.035 6.075 6.114 6.134 6.109 6.104 6.146
3.275 3.668 4.023 4.332 4.594 4.796 4.949 5.070 5.167 5.248 5.312 5.360 5.396 5.426 5.458 5.498 5.553 5.622 5.697 5.799 5.931 6.076 6.232 6.390 6.529 6.630 6.694 6.720 6.844 7.003 7.063 7.060 7.009 6.923 6.799 6.658 6.531 6.414 6.401 6.464 6.483 6.468 6.431 6.389 6.343 6.293 6.238 6.164 6.157 6.215 6.245 6.245 6.217 6.170 6.104 6.024 5.943 5.858 5.831 5.875 5.927 5.976 6.020 6.065 6.109 6.145 6.160 6.131 6.121 6.156
3.443 3.824 4.159 4.447 4.677 4.851 4.989 5.103 5.198 5.280 5.347 5.400 5.442 5.481 5.523 5.570 5.625 5.693 5.766 5.863 5.981 6.115 6.266 6.414 6.542 6.637 6.698 6.722 6.846 7.011 7.070 7.065 7.012 6.920 6.796 6.654 6.517 6.388 6.368 6.426 6.438 6.419 6.378 6.332 6.288 6.242 6.189 6.119 6.115 6.172 6.201 6.200 6.172 6.125 6.065 5.996 5.925 5.850 5.831 5.883 5.941 5.996 6.048 6.097 6.140 6.172 6.182 6.149 6.133 6.159
3.604 3.971 4.288 4.546 4.742 4.894 5.020 5.128 5.222 5.305 5.376 5.436 5.487 5.536 5.585 5.639 5.701 5.771 5.844 5.931 6.033 6.155 6.285 6.420 6.545 6.640 6.703 6.723 6.843 7.009 7.069 7.064 7.008 6.918 6.794 6.646 6.500 6.361 6.331 6.383 6.391 6.368 6.324 6.280 6.238 6.193 6.144 6.079 6.075 6.130 6.157 6.156 6.128 6.085 6.034 5.976 5.918 5.853 5.840 5.898 5.961 6.022 6.077 6.127 6.168 6.194 6.198 6.161 6.138 6.155
3.758 4.111 4.404 4.626 4.795 4.930 5.045 5.148 5.239 5.322 5.398 5.465 5.525 5.581 5.639 5.702 5.771 5.844 5.920 6.001 6.088 6.186 6.294 6.420 6.543 6.644 6.710 6.721 6.837 7.007 7.070 7.061 7.004 6.915 6.787 6.633 6.477 6.327 6.290 6.337 6.340 6.314 6.273 6.231 6.190 6.148 6.102 6.039 6.034 6.087 6.113 6.112 6.089 6.053 6.010 5.966 5.921 5.864 5.856 5.918 5.985 6.048 6.104 6.153 6.190 6.211 6.209 6.166 6.135 6.142
3.906 4.243 4.505 4.699 4.846 4.965 5.069 5.163 5.250 5.331 5.411 5.486 5.551 5.616 5.683 5.755 5.831 5.910 5.991 6.072 6.142 6.216 6.310 6.424 6.544 6.654 6.721 6.724 6.837 7.012 7.069 7.055 6.997 6.905 6.774 6.611 6.442 6.285 6.244 6.283 6.283 6.262 6.223 6.182 6.146 6.107 6.061 5.999 5.994 6.045 6.071 6.074 6.056 6.027 5.997 5.966 5.931 5.880 5.878 5.943 6.010 6.073 6.128 6.173 6.207 6.222 6.212 6.163 6.124 6.120
4.047 4.366 4.602 4.772 4.901 5.004 5.094 5.179 5.258 5.336 5.418 5.496 5.571 5.646 5.720 5.798 5.882 5.968 6.056 6.138 6.199 6.260 6.334 6.435 6.555 6.668 6.739 6.732 6.838 7.008 7.056 7.036 6.973 6.878 6.741 6.567 6.388 6.227 6.182 6.219 6.224 6.206 6.170 6.135 6.102 6.062 6.016 5.955 5.950 5.999 6.029 6.038 6.027 6.009 5.991 5.970 5.945 5.900 5.900 5.965 6.031 6.092 6.143 6.185 6.214 6.222 6.205 6.149 6.100 6.084
4.184 4.484 4.699 4.851 4.962 5.049 5.124 5.197 5.265 5.336 5.417 5.499 5.582 5.665 5.748 5.835 5.927 6.020 6.117 6.206 6.266 6.319 6.380 6.466 6.573 6.681 6.754 6.736 6.830 6.991 7.032 7.004 6.934 6.833 6.691 6.511 6.326 6.164 6.121 6.160 6.169 6.154 6.122 6.091 6.060 6.020 5.974 5.914 5.910 5.962 5.996 6.011 6.009 6.002 5.993 5.981 5.964 5.922 5.922 5.984 6.048 6.106 6.153 6.191 6.214 6.215 6.191 6.126 6.066 6.039
4.315 4.598 4.794 4.930 5.025 5.095 5.156 5.218 5.276 5.340 5.421 5.508 5.602 5.698 5.791 5.886 5.983 6.078 6.184 6.286 6.348 6.395 6.445 6.513 6.601 6.710 6.787 6.745 6.821 6.973 7.004 6.965 6.888 6.783 6.636 6.450 6.258 6.101 6.066 6.109 6.123 6.111 6.084 6.056 6.025 5.985 5.939 5.880 5.879 5.934 5.974 5.995 6.002 6.005 6.003 5.999 5.989 5.948 5.945 6.004 6.064 6.117 6.161 6.194 6.210 6.203 6.169 6.094 6.024 5.987
4.442 4.708 4.887 5.007 5.088 5.145 5.197 5.252 5.301 5.362 5.443 5.536 5.642 5.748 5.850 5.949 6.046 6.142 6.258 6.373 6.438 6.486 6.533 6.585 6.658 6.778 6.826 6.744 6.804 6.945 6.962 6.913 6.828 6.714 6.562 6.364 6.175 6.039 6.014 6.062 6.080 6.072 6.051 6.023 5.991 5.950 5.905 5.851 5.854 5.913 5.957 5.986 6.003 6.013 6.018 6.023 6.015 5.972 5.965 6.020 6.074 6.123 6.161 6.188 6.197 6.180 6.135 6.051 5.972 5.925
