version1/TsunamiDB/out54186.asc
ncols          264
nrows          230
xllcorner      497853.4375
yllcorner      4229146.0000
cellsize         5.
NODATA_value   -99
[rows 102 to 135 of 230, columns 154 to 230 of 264]
6.883 6.887 6.891 6.895 6.899 6.902 6.906 6.909 6.912 6.915 6.918 6.921 6.923 6.926 6.928 6.930 6.933 6.935 6.937 6.939 6.940 6.942 6.943 6.945 6.946 6.948 6.949 6.950 6.952 6.953 6.954 6.956 6.957 6.959 6.960 6.962 6.964 6.965 6.968 6.970 6.973 6.976 6.979 6.982 6.986 6.990 6.995 7.000 7.005 7.010 7.016 7.022 7.029 7.036 7.043 7.050 7.058 7.067 7.075 7.083 7.091 7.099 7.108 7.120 7.133 7.147 7.166 7.188 7.215 7.247 7.287 7.337 7.391 7.427 7.464 7.522 7.577
6.887 6.891 6.895 6.899 6.902 6.906 6.909 6.913 6.916 6.919 6.922 6.924 6.927 6.929 6.932 6.934 6.937 6.939 6.941 6.942 6.944 6.946 6.947 6.949 6.950 6.952 6.953 6.954 6.956 6.957 6.958 6.960 6.961 6.963 6.964 6.966 6.968 6.970 6.972 6.975 6.977 6.980 6.983 6.986 6.990 6.994 6.999 7.003 7.009 7.015 7.020 7.026 7.032 7.039 7.046 7.053 7.061 7.069 7.077 7.086 7.095 7.105 7.116 7.130 7.144 7.161 7.181 7.205 7.232 7.265 7.306 7.357 7.414 7.450 7.489 7.547 7.601
6.890 6.894 6.899 6.902 6.906 6.910 6.913 6.917 6.920 6.923 6.926 6.928 6.931 6.933 6.936 6.938 6.941 6.943 6.945 6.947 6.948 6.950 6.951 6.953 6.954 6.956 6.957 6.959 6.960 6.961 6.963 6.964 6.965 6.967 6.969 6.970 6.972 6.974 6.976 6.979 6.982 6.985 6.987 6.991 6.994 6.998 7.003 7.008 7.013 7.019 7.025 7.030 7.036 7.042 7.049 7.056 7.063 7.071 7.080 7.089 7.100 7.111 7.124 7.139 7.155 7.174 7.197 7.223 7.251 7.284 7.325 7.376 7.436 7.474 7.513 7.571 7.623
6.894 6.898 6.903 6.906 6.910 6.914 6.917 6.921 6.924 6.927 6.930 6.933 6.935 6.938 6.940 6.942 6.945 6.947 6.949 6.951 6.953 6.954 6.956 6.957 6.959 6.960 6.962 6.963 6.964 6.966 6.967 6.969 6.970 6.972 6.973 6.975 6.977 6.979 6.981 6.984 6.986 6.989 6.992 6.995 6.999 7.003 7.007 7.012 7.017 7.023 7.029 7.035 7.040 7.045 7.052 7.058 7.065 7.074 7.083 7.094 7.106 7.119 7.134 7.150 7.167 7.188 7.214 7.241 7.270 7.304 7.344 7.397 7.462 7.502 7.539 7.596 7.647
6.898 6.902 6.907 6.911 6.915 6.918 6.922 6.925 6.928 6.931 6.934 6.937 6.940 6.942 6.945 6.947 6.949 6.952 6.954 6.955 6.957 6.959 6.960 6.962 6.963 6.965 6.966 6.968 6.969 6.970 6.972 6.973 6.975 6.976 6.978 6.980 6.982 6.984 6.986 6.989 6.991 6.994 6.997 7.000 7.003 7.007 7.012 7.017 7.022 7.028 7.033 7.038 7.043 7.048 7.055 7.061 7.068 7.077 7.087 7.099 7.112 7.127 7.144 7.162 7.180 7.203 7.230 7.259 7.291 7.325 7.365 7.427 7.496 7.532 7.568 7.622 7.671
6.902 6.907 6.911 6.915 6.919 6.923 6.926 6.930 6.933 6.936 6.939 6.942 6.945 6.947 6.949 6.952 6.954 6.957 6.959 6.960 6.962 6.964 6.965 6.967 6.968 6.970 6.971 6.973 6.974 6.975 6.977 6.978 6.980 6.981 6.983 6.985 6.987 6.989 6.991 6.994 6.996 6.999 7.002 7.005 7.008 7.012 7.017 7.021 7.027 7.032 7.037 7.042 7.046 7.052 7.058 7.064 7.072 7.081 7.093 7.106 7.120 7.137 7.156 7.175 7.194 7.219 7.249 7.280 7.314 7.352 7.400 7.464 7.526 7.560 7.595 7.647 7.692
6.907 6.911 6.916 6.920 6.924 6.928 6.931 6.935 6.938 6.941 6.944 6.947 6.950 6.952 6.955 6.957 6.959 6.962 6.964 6.966 6.967 6.969 6.971 6.972 6.974 6.975 6.976 6.978 6.979 6.981 6.982 6.984 6.985 6.987 6.988 6.990 6.992 6.994 6.997 6.999 7.002 7.004 7.007 7.010 7.014 7.017 7.022 7.026 7.032 7.037 7.042 7.046 7.051 7.056 7.062 7.069 7.077 7.087 7.099 7.113 7.129 7.148 7.169 7.189 7.209 7.237 7.270 7.305 7.342 7.386 7.438 7.498 7.555 7.587 7.620 7.668 7.711
6.911 6.916 6.921 6.925 6.929 6.933 6.936 6.940 6.943 6.946 6.949 6.952 6.955 6.958 6.960 6.962 6.965 6.967 6.969 6.971 6.973 6.974 6.976 6.978 6.979 6.981 6.982 6.983 6.985 6.986 6.988 6.989 6.991 6.992 6.994 6.996 6.998 7.000 7.002 7.005 7.008 7.010 7.013 7.016 7.019 7.023 7.027 7.032 7.037 7.041 7.046 7.051 7.056 7.061 7.067 7.074 7.083 7.094 7.107 7.121 7.139 7.160 7.183 7.204 7.226 7.258 7.294 7.332 7.375 7.422 7.474 7.530 7.581 7.612 7.643 7.688 7.728
6.916 6.921 6.926 6.930 6.934 6.938 6.942 6.945 6.949 6.952 6.955 6.958 6.961 6.963 6.966 6.968 6.971 6.973 6.975 6.977 6.979 6.980 6.982 6.983 6.985 6.987 6.988 6.989 6.991 6.992 6.994 6.995 6.997 6.999 7.000 7.002 7.004 7.006 7.008 7.011 7.014 7.016 7.019 7.022 7.025 7.029 7.033 7.037 7.042 7.047 7.051 7.056 7.061 7.067 7.073 7.081 7.091 7.102 7.116 7.131 7.150 7.173 7.200 7.222 7.246 7.282 7.321 7.364 7.409 7.458 7.509 7.560 7.607 7.635 7.665 7.705 7.742
6.921 6.926 6.931 6.935 6.939 6.943 6.947 6.951 6.954 6.958 6.961 6.964 6.966 6.969 6.972 6.974 6.977 6.979 6.981 6.983 6.985 6.986 6.988 6.990 6.991 6.993 6.994 6.996 6.997 6.999 7.000 7.002 7.003 7.005 7.007 7.008 7.010 7.013 7.015 7.018 7.020 7.023 7.025 7.028 7.031 7.035 7.038 7.043 7.047 7.052 7.057 7.062 7.067 7.074 7.080 7.089 7.099 7.111 7.125 7.142 7.163 7.188 7.218 7.243 7.268 7.307 7.350 7.396 7.443 7.491 7.540 7.587 7.630 7.657 7.684 7.721 7.755
6.926 6.931 6.936 6.941 6.945 6.949 6.953 6.957 6.960 6.963 6.967 6.970 6.972 6.975 6.978 6.980 6.983 6.985 6.987 6.989 6.991 6.993 6.995 6.996 6.998 6.999 7.001 7.002 7.004 7.005 7.007 7.008 7.010 7.012 7.013 7.015 7.017 7.019 7.022 7.025 7.027 7.030 7.032 7.035 7.038 7.041 7.044 7.049 7.053 7.058 7.063 7.069 7.075 7.081 7.088 7.097 7.108 7.121 7.136 7.154 7.176 7.205 7.239 7.265 7.293 7.336 7.382 7.428 7.476 7.523 7.570 7.614 7.653 7.677 7.702 7.736 7.767
6.932 6.937 6.942 6.946 6.951 6.955 6.959 6.963 6.966 6.970 6.973 6.976 6.979 6.982 6.984 6.987 6.989 6.992 6.994 6.996 6.998 7.000 7.001 7.003 7.005 7.006 7.008 7.009 7.011 7.012 7.014 7.015 7.017 7.019 7.021 7.022 7.024 7.027 7.029 7.032 7.034 7.037 7.039 7.041 7.044 7.047 7.051 7.055 7.060 7.065 7.070 7.076 7.082 7.089 7.097 7.106 7.118 7.133 7.148 7.167 7.192 7.224 7.261 7.289 7.319 7.365 7.412 7.459 7.506 7.552 7.596 7.636 7.672 7.695 7.718 7.749 7.778
6.937 6.942 6.947 6.952 6.956 6.961 6.965 6.969 6.972 6.976 6.979 6.982 6.985 6.988 6.991 6.993 6.996 6.999 7.001 7.003 7.005 7.007 7.008 7.010 7.012 7.013 7.015 7.016 7.018 7.020 7.021 7.023 7.024 7.026 7.028 7.030 7.032 7.034 7.037 7.040 7.042 7.044 7.046 7.048 7.051 7.054 7.057 7.061 7.066 7.072 7.078 7.084 7.091 7.098 7.106 7.116 7.129 7.144 7.161 7.182 7.209 7.243 7.283 7.314 7.346 7.393 7.441 7.488 7.534 7.579 7.621 7.659 7.692 7.714 7.735 7.763 7.789
6.942 6.948 6.953 6.958 6.962 6.967 6.971 6.975 6.979 6.982 6.986 6.989 6.992 6.995 6.998 7.000 7.003 7.006 7.008 7.010 7.012 7.014 7.016 7.017 7.019 7.021 7.022 7.024 7.025 7.027 7.029 7.030 7.032 7.034 7.036 7.038 7.040 7.042 7.045 7.047 7.050 7.052 7.053 7.056 7.058 7.061 7.064 7.068 7.073 7.079 7.086 7.093 7.100 7.107 7.116 7.127 7.141 7.157 7.175 7.198 7.227 7.264 7.310 7.342 7.375 7.423 7.472 7.519 7.564 7.607 7.647 7.682 7.713 7.732 7.751 7.777 7.801
6.948 6.953 6.958 6.963 6.968 6.973 6.977 6.981 6.985 6.989 6.992 6.996 6.999 7.002 7.005 7.007 7.010 7.013 7.015 7.017 7.019 7.021 7.023 7.025 7.026 7.028 7.030 7.032 7.033 7.035 7.036 7.038 7.040 7.042 7.044 7.046 7.048 7.050 7.053 7.056 7.058 7.059 7.061 7.063 7.065 7.068 7.071 7.076 7.081 7.088 7.095 7.102 7.109 7.117 7.126 7.138 7.153 7.171 7.192 7.217 7.248 7.292 7.342 7.373 7.406 7.455 7.502 7.549 7.592 7.634 7.672 7.704 7.731 7.749 7.767 7.791 7.813
6.953 6.959 6.964 6.969 6.974 6.979 6.983 6.988 6.992 6.995 6.999 7.002 7.006 7.009 7.012 7.015 7.018 7.020 7.022 7.025 7.027 7.029 7.031 7.032 7.034 7.036 7.038 7.039 7.041 7.043 7.044 7.046 7.048 7.050 7.052 7.054 7.056 7.058 7.061 7.064 7.066 7.067 7.068 7.071 7.073 7.076 7.079 7.084 7.090 7.096 7.104 7.111 7.119 7.128 7.138 7.151 7.168 7.188 7.211 7.240 7.277 7.325 7.373 7.404 7.437 7.485 7.532 7.578 7.620 7.659 7.694 7.724 7.750 7.766 7.783 7.805 7.825
6.959 6.965 6.970 6.975 6.980 6.985 6.990 6.994 6.998 7.002 7.006 7.009 7.013 7.016 7.019 7.022 7.025 7.028 7.030 7.032 7.034 7.036 7.038 7.040 7.042 7.044 7.046 7.047 7.049 7.051 7.053 7.054 7.056 7.058 7.060 7.062 7.064 7.067 7.069 7.072 7.074 7.075 7.076 7.079 7.081 7.084 7.088 7.092 7.098 7.105 7.113 7.121 7.130 7.140 7.151 7.166 7.185 7.208 7.235 7.268 7.310 7.357 7.404 7.434 7.466 7.514 7.561 7.605 7.646 7.683 7.715 7.743 7.768 7.783 7.798 7.818 7.837
6.964 6.970 6.976 6.981 6.986 6.991 6.996 7.001 7.005 7.009 7.013 7.016 7.020 7.023 7.026 7.029 7.033 7.035 7.038 7.040 7.042 7.044 7.046 7.048 7.050 7.052 7.054 7.056 7.057 7.059 7.061 7.063 7.065 7.066 7.068 7.071 7.073 7.075 7.078 7.080 7.082 7.083 7.085 7.087 7.089 7.092 7.096 7.101 7.107 7.114 7.122 7.132 7.142 7.153 7.165 7.183 7.205 7.231 7.262 7.299 7.342 7.388 7.434 7.464 7.495 7.542 7.588 7.631 7.670 7.705 7.736 7.762 7.785 7.800 7.813 7.832 7.849
6.970 6.976 6.982 6.987 6.993 6.998 7.003 7.007 7.012 7.016 7.020 7.023 7.027 7.030 7.034 7.037 7.040 7.043 7.045 7.048 7.050 7.052 7.054 7.056 7.058 7.060 7.062 7.064 7.066 7.068 7.070 7.071 7.073 7.075 7.077 7.079 7.081 7.084 7.086 7.088 7.090 7.092 7.093 7.095 7.098 7.101 7.105 7.110 7.116 7.124 7.132 7.143 7.156 7.168 7.183 7.203 7.228 7.258 7.292 7.330 7.373 7.419 7.464 7.492 7.523 7.569 7.614 7.656 7.693 7.726 7.756 7.781 7.802 7.816 7.828 7.845 7.860
6.976 6.982 6.988 6.993 6.999 7.004 7.009 7.014 7.018 7.023 7.027 7.031 7.034 7.038 7.041 7.045 7.048 7.051 7.053 7.056 7.058 7.060 7.062 7.064 7.067 7.069 7.070 7.072 7.074 7.076 7.078 7.080 7.082 7.084 7.086 7.088 7.090 7.092 7.095 7.097 7.099 7.100 7.102 7.104 7.107 7.110 7.114 7.120 7.126 7.133 7.143 7.155 7.171 7.186 7.202 7.226 7.254 7.287 7.322 7.361 7.403 7.448 7.492 7.520 7.550 7.595 7.639 7.679 7.715 7.747 7.775 7.799 7.819 7.831 7.843 7.858 7.872
6.981 6.988 6.994 6.999 7.005 7.010 7.015 7.020 7.025 7.030 7.034 7.038 7.042 7.045 7.049 7.052 7.056 7.058 7.061 7.064 7.066 7.068 7.071 7.073 7.075 7.077 7.079 7.081 7.083 7.085 7.087 7.089 7.090 7.092 7.094 7.096 7.098 7.100 7.103 7.105 7.108 7.109 7.111 7.113 7.116 7.119 7.123 7.129 7.135 7.143 7.154 7.169 7.188 7.204 7.223 7.250 7.282 7.316 7.352 7.391 7.432 7.476 7.520 7.548 7.576 7.621 7.663 7.702 7.737 7.768 7.795 7.817 7.835 7.846 7.856 7.870 7.882
6.987 6.993 6.999 7.005 7.011 7.017 7.022 7.027 7.032 7.037 7.041 7.045 7.049 7.053 7.056 7.060 7.063 7.066 7.069 7.072 7.074 7.077 7.079 7.081 7.083 7.085 7.088 7.090 7.092 7.094 7.096 7.097 7.099 7.101 7.103 7.104 7.107 7.109 7.111 7.114 7.116 7.118 7.119 7.122 7.125 7.128 7.132 7.138 7.145 7.154 7.167 7.185 7.206 7.224 7.245 7.276 7.309 7.344 7.381 7.419 7.460 7.503 7.547 7.574 7.602 7.646 7.686 7.724 7.757 7.787 7.812 7.833 7.849 7.859 7.868 7.880 7.891
6.993 6.999 7.005 7.012 7.017 7.023 7.029 7.034 7.039 7.044 7.048 7.052 7.056 7.060 7.064 7.068 7.071 7.074 7.077 7.080 7.083 7.085 7.087 7.090 7.092 7.094 7.096 7.098 7.100 7.103 7.104 7.106 7.108 7.110 7.111 7.113 7.115 7.117 7.120 7.123 7.125 7.127 7.128 7.130 7.133 7.136 7.141 7.147 7.155 7.166 7.180 7.200 7.224 7.245 7.268 7.301 7.336 7.372 7.409 7.447 7.487 7.529 7.573 7.601 7.628 7.670 7.709 7.744 7.776 7.804 7.829 7.848 7.863 7.871 7.879 7.890 7.900
6.998 7.005 7.011 7.018 7.024 7.030 7.035 7.041 7.046 7.051 7.055 7.060 7.064 7.068 7.072 7.076 7.079 7.082 7.085 7.088 7.091 7.094 7.096 7.098 7.101 7.103 7.105 7.107 7.109 7.111 7.113 7.115 7.117 7.118 7.120 7.121 7.123 7.126 7.128 7.131 7.134 7.136 7.137 7.139 7.142 7.145 7.150 7.157 7.166 7.178 7.195 7.217 7.246 7.269 7.293 7.328 7.365 7.402 7.438 7.476 7.515 7.556 7.602 7.629 7.655 7.696 7.733 7.766 7.796 7.823 7.847 7.864 7.876 7.882 7.889 7.899 7.909
7.004 7.011 7.018 7.024 7.030 7.036 7.042 7.047 7.053 7.058 7.063 7.067 7.072 7.076 7.080 7.084 7.087 7.091 7.094 7.097 7.100 7.102 7.105 7.107 7.110 7.112 7.114 7.116 7.118 7.121 7.122 7.124 7.125 7.127 7.128 7.130 7.132 7.134 7.137 7.140 7.143 7.144 7.144 7.147 7.150 7.154 7.159 7.167 7.178 7.193 7.211 7.239 7.271 7.294 7.319 7.355 7.393 7.431 7.468 7.505 7.543 7.588 7.634 7.659 7.683 7.722 7.756 7.787 7.815 7.841 7.863 7.877 7.885 7.892 7.899 7.908 7.917
7.010 7.017 7.024 7.030 7.037 7.043 7.049 7.054 7.060 7.065 7.070 7.075 7.079 7.084 7.088 7.092 7.096 7.099 7.102 7.105 7.108 7.111 7.114 7.116 7.119 7.121 7.123 7.125 7.128 7.130 7.132 7.133 7.134 7.136 7.137 7.139 7.141 7.143 7.146 7.149 7.151 7.152 7.153 7.156 7.159 7.164 7.170 7.180 7.193 7.210 7.233 7.264 7.296 7.321 7.346 7.383 7.422 7.461 7.498 7.536 7.577 7.622 7.664 7.687 7.711 7.746 7.778 7.807 7.833 7.856 7.875 7.887 7.895 7.901 7.907 7.916 7.926
7.016 7.023 7.030 7.037 7.043 7.050 7.056 7.062 7.067 7.073 7.078 7.083 7.087 7.092 7.096 7.100 7.104 7.108 7.111 7.114 7.117 7.120 7.123 7.125 7.128 7.130 7.133 7.135 7.137 7.139 7.141 7.143 7.144 7.145 7.146 7.148 7.150 7.152 7.155 7.158 7.159 7.161 7.162 7.166 7.169 7.175 7.184 7.195 7.210 7.231 7.257 7.289 7.323 7.347 7.373 7.412 7.452 7.492 7.530 7.570 7.612 7.654 7.693 7.715 7.737 7.770 7.799 7.826 7.849 7.869 7.885 7.896 7.905 7.911 7.916 7.925 7.935
7.022 7.030 7.037 7.044 7.050 7.057 7.063 7.069 7.075 7.080 7.085 7.090 7.095 7.100 7.104 7.109 7.113 7.116 7.120 7.123 7.126 7.129 7.132 7.135 7.137 7.140 7.142 7.145 7.147 7.149 7.151 7.152 7.153 7.155 7.156 7.157 7.159 7.161 7.164 7.166 7.168 7.170 7.172 7.176 7.181 7.188 7.199 7.212 7.230 7.253 7.282 7.315 7.349 7.374 7.401 7.442 7.483 7.523 7.564 7.605 7.646 7.686 7.721 7.741 7.762 7.792 7.819 7.843 7.863 7.881 7.895 7.906 7.915 7.920 7.925 7.935 7.945
7.029 7.036 7.043 7.050 7.057 7.064 7.070 7.076 7.082 7.088 7.093 7.099 7.103 7.108 7.113 7.117 7.122 7.125 7.129 7.132 7.135 7.138 7.141 7.144 7.147 7.149 7.152 7.154 7.157 7.159 7.161 7.162 7.163 7.164 7.166 7.167 7.168 7.170 7.173 7.175 7.177 7.180 7.183 7.188 7.194 7.203 7.216 7.232 7.253 7.277 7.307 7.341 7.377 7.403 7.431 7.472 7.514 7.557 7.599 7.639 7.679 7.716 7.748 7.767 7.786 7.812 7.837 7.858 7.876 7.892 7.905 7.915 7.925 7.930 7.935 7.945 7.955
7.036 7.043 7.050 7.058 7.065 7.071 7.078 7.084 7.090 7.096 7.102 7.107 7.112 7.117 7.122 7.126 7.131 7.135 7.138 7.142 7.145 7.148 7.151 7.154 7.157 7.160 7.162 7.165 7.167 7.170 7.172 7.173 7.174 7.175 7.176 7.177 7.178 7.180 7.182 7.184 7.187 7.190 7.196 7.202 7.209 7.220 7.235 7.254 7.276 7.302 7.332 7.367 7.405 7.432 7.460 7.503 7.547 7.591 7.632 7.673 7.711 7.745 7.774 7.791 7.808 7.832 7.854 7.873 7.889 7.903 7.915 7.925 7.935 7.940 7.945 7.956 7.966
7.043 7.050 7.058 7.065 7.072 7.079 7.086 7.092 7.098 7.104 7.110 7.115 7.121 7.126 7.131 7.135 7.140 7.144 7.148 7.151 7.155 7.158 7.161 7.164 7.167 7.170 7.173 7.175 7.178 7.180 7.182 7.184 7.184 7.185 7.186 7.186 7.187 7.189 7.191 7.194 7.197 7.202 7.209 7.217 7.225 7.239 7.256 7.277 7.300 7.327 7.358 7.395 7.435 7.463 7.492 7.537 7.582 7.625 7.666 7.705 7.742 7.773 7.799 7.814 7.830 7.851 7.870 7.887 7.901 7.914 7.925 7.935 7.945 7.951 7.956 7.967 7.978
7.050 7.057 7.065 7.073 7.080 7.087 7.094 7.100 7.107 7.113 7.119 7.124 7.130 7.135 7.140 7.145 7.150 7.154 7.158 7.161 7.165 7.168 7.172 7.175 7.178 7.181 7.184 7.186 7.189 7.192 7.194 7.195 7.195 7.196 7.196 7.197 7.197 7.199 7.201 7.204 7.209 7.216 7.224 7.232 7.243 7.258 7.278 7.300 7.324 7.352 7.385 7.423 7.465 7.494 7.524 7.570 7.614 7.657 7.697 7.735 7.769 7.798 7.822 7.836 7.849 7.868 7.885 7.900 7.913 7.925 7.935 7.946 7.956 7.962 7.968 7.979 7.990
7.057 7.065 7.073 7.080 7.088 7.095 7.102 7.109 7.115 7.121 7.127 7.133 7.139 7.144 7.149 7.155 7.159 7.164 7.168 7.172 7.175 7.179 7.182 7.185 7.189 7.192 7.195 7.198 7.201 7.203 7.205 7.206 7.206 7.207 7.207 7.207 7.208 7.209 7.212 7.215 7.221 7.229 7.239 7.249 7.261 7.278 7.299 7.323 7.349 7.378 7.412 7.451 7.495 7.525 7.557 7.603 7.647 7.689 7.728 7.764 7.797 7.824 7.845 7.857 7.869 7.885 7.901 7.915 7.926 7.937 7.947 7.957 7.968 7.973 7.979 7.991 8.002
7.064 7.072 7.080 7.088 7.096 7.103 7.110 7.117 7.124 7.130 7.136 7.142 7.148 7.154 7.159 7.164 7.169 7.174 7.178 7.182 7.186 7.189 7.193 7.196 7.200 7.203 7.206 7.209 7.212 7.215 7.217 7.218 7.217 7.218 7.218 7.218 7.218 7.220 7.223 7.227 7.235 7.244 7.256 7.267 7.280 7.299 7.322 7.348 7.375 7.406 7.440 7.481 7.530 7.561 7.592 7.638 7.681 7.722 7.760 7.794 7.825 7.850 7.868 7.878 7.889 7.903 7.917 7.929 7.940 7.950 7.959 7.969 7.980 7.986 7.992 8.003 8.015
