version1/TsunamiDB/out54060.asc
ncols          264
nrows          230
xllcorner      497853.4375
yllcorner      4229146.0000
cellsize         5.
NODATA_value   -99
[rows 165 to 197 of 230, columns 0 to 73 of 264]
-99.000 -99.000 -99.000 -99.000 -99.000 -99.000 -99.000 -99.000 -99.000 -99.000 -99.000 -99.000 -99.000 -99.000 -99.000 -99.000 -99.000 -99.000 -99.000 -99.000 -99.000 -99.000 -99.000 -99.000 -99.000 -99.000 -99.000 -99.000 -99.000 -99.000 -99.000 -99.000 -99.000 1.649 1.658 1.720 1.880 2.125 2.419 2.726 3.013 3.263 3.469 3.635 3.769 3.879 3.971 4.052 4.124 4.189 4.249 4.305 4.358 4.406 4.453 4.497 4.540 4.581 4.621 4.659 4.697 4.733 4.769 4.804 4.838 4.872 4.905 4.938 4.971 5.003 5.035 5.067 5.099 5.130
-99.000 -99.000 -99.000 -99.000 -99.000 -99.000 -99.000 -99.000 -99.000 -99.000 -99.000 -99.000 -99.000 -99.000 -99.000 -99.000 -99.000 -99.000 -99.000 -99.000 -99.000 -99.000 -99.000 -99.000 -99.000 -99.000 -99.000 -99.000 -99.000 -99.000 -99.000 -99.000 -99.000 1.650 1.674 1.775 1.974 2.244 2.548 2.849 3.122 3.353 3.542 3.693 3.816 3.919 4.007 4.084 4.154 4.218 4.277 4.332 4.384 4.432 4.478 4.522 4.564 4.605 4.644 4.681 4.718 4.754 4.789 4.823 4.857 4.890 4.922 4.955 4.987 5.018 5.050 5.081 5.112 5.143
-99.000 -99.000 -99.000 -99.000 -99.000 -99.000 -99.000 -99.000 -99.000 -99.000 -99.000 -99.000 -99.000 -99.000 -99.000 -99.000 -99.000 -99.000 -99.000 -99.000 -99.000 -99.000 -99.000 -99.000 -99.000 -99.000 -99.000 -99.000 -99.000 -99.000 -99.000 -99.000 1.649 1.654 1.704 1.849 2.082 2.371 2.677 2.968 3.224 3.436 3.608 3.746 3.860 3.957 4.040 4.115 4.183 4.246 4.304 4.359 4.410 4.457 4.503 4.546 4.588 4.628 4.667 4.704 4.740 4.775 4.809 4.843 4.876 4.908 4.940 4.971 5.003 5.034 5.064 5.095 5.125 5.155
-99.000 -99.000 -99.000 -99.000 -99.000 -99.000 -99.000 -99.000 -99.000 -99.000 -99.000 -99.000 -99.000 -99.000 -99.000 -99.000 -99.000 -99.000 -99.000 -99.000 -99.000 -99.000 -99.000 -99.000 -99.000 -99.000 -99.000 -99.000 -99.000 -99.000 -99.000 -99.000 1.650 1.667 1.754 1.940 2.201 2.502 2.805 3.082 3.318 3.512 3.668 3.795 3.901 3.992 4.072 4.145 4.211 4.273 4.330 4.384 4.435 4.482 4.527 4.570 4.612 4.651 4.689 4.726 4.762 4.796 4.830 4.863 4.895 4.927 4.958 4.989 5.019 5.049 5.079 5.109 5.139 5.168
-99.000 -99.000 -99.000 -99.000 -99.000 -99.000 -99.000 -99.000 -99.000 -99.000 -99.000 -99.000 -99.000 -99.000 -99.000 -99.000 -99.000 -99.000 -99.000 -99.000 -99.000 -99.000 -99.000 -99.000 -99.000 -99.000 -99.000 -99.000 -99.000 -99.000 -99.000 1.649 1.653 1.693 1.824 2.046 2.329 2.635 2.928 3.188 3.405 3.580 3.723 3.840 3.939 4.025 4.103 4.173 4.238 4.299 4.356 4.409 4.460 4.507 4.551 4.594 4.635 4.674 4.712 4.748 4.783 4.817 4.851 4.883 4.914 4.946 4.976 5.006 5.036 5.065 5.095 5.124 5.153 5.181
-99.000 -99.000 -99.000 -99.000 -99.000 -99.000 -99.000 -99.000 -99.000 -99.000 -99.000 -99.000 -99.000 -99.000 -99.000 -99.000 -99.000 -99.000 -99.000 -99.000 -99.000 -99.000 -99.000 -99.000 -99.000 -99.000 -99.000 -99.000 -99.000 -99.000 -99.000 1.649 1.662 1.738 1.912 2.166 2.463 2.766 3.046 3.286 3.483 3.643 3.773 3.881 3.974 4.057 4.131 4.200 4.264 4.324 4.380 4.433 4.484 4.530 4.575 4.617 4.658 4.697 4.735 4.771 4.805 4.839 4.871 4.903 4.934 4.965 4.995 5.024 5.053 5.082 5.110 5.139 5.167 5.195
-99.000 -99.000 -99.000 -99.000 -99.000 -99.000 -99.000 -99.000 -99.000 -99.000 -99.000 -99.000 -99.000 -99.000 -99.000 -99.000 -99.000 -99.000 -99.000 -99.000 -99.000 -99.000 -99.000 -99.000 -99.000 -99.000 -99.000 -99.000 -99.000 -99.000 1.649 1.651 1.684 1.804 2.018 2.296 2.599 2.894 3.157 3.376 3.555 3.699 3.818 3.919 4.007 4.086 4.159 4.226 4.289 4.348 4.404 4.457 4.507 4.553 4.597 4.640 4.681 4.720 4.757 4.792 4.827 4.860 4.892 4.924 4.954 4.984 5.013 5.042 5.071 5.099 5.127 5.154 5.182 5.209
-99.000 -99.000 -99.000 -99.000 -99.000 -99.000 -99.000 -99.000 -99.000 -99.000 -99.000 -99.000 -99.000 -99.000 -99.000 -99.000 -99.000 -99.000 -99.000 -99.000 -99.000 -99.000 -99.000 -99.000 -99.000 -99.000 -99.000 -99.000 -99.000 -99.000 1.649 1.659 1.726 1.891 2.138 2.432 2.735 3.016 3.259 3.458 3.619 3.750 3.860 3.954 4.038 4.114 4.185 4.251 4.313 4.371 4.427 4.479 4.529 4.575 4.620 4.662 4.703 4.741 4.779 4.814 4.848 4.881 4.913 4.944 4.974 5.004 5.033 5.061 5.089 5.116 5.143 5.170 5.197 5.224
-99.000 -99.000 -99.000 -99.000 -99.000 -99.000 -99.000 -99.000 -99.000 -99.000 -99.000 -99.000 -99.000 -99.000 -99.000 -99.000 -99.000 -99.000 -99.000 -99.000 -99.000 -99.000 -99.000 -99.000 -99.000 -99.000 -99.000 -99.000 -99.000 -99.000 1.651 1.679 1.790 1.996 2.269 2.571 2.866 3.130 3.352 3.532 3.677 3.797 3.898 3.987 4.067 4.140 4.209 4.274 4.335 4.393 4.449 4.501 4.550 4.596 4.641 4.683 4.724 4.763 4.800 4.835 4.869 4.902 4.934 4.965 4.995 5.024 5.052 5.080 5.107 5.134 5.161 5.187 5.213 5.239
-99.000 -99.000 -99.000 -99.000 -99.000 -99.000 -99.000 -99.000 -99.000 -99.000 -99.000 -99.000 -99.000 -99.000 -99.000 -99.000 -99.000 -99.000 -99.000 -99.000 -99.000 -99.000 -99.000 -99.000 -99.000 -99.000 -99.000 -99.000 -99.000 1.649 1.657 1.717 1.874 2.116 2.407 2.709 2.992 3.236 3.436 3.598 3.730 3.839 3.934 4.018 4.094 4.165 4.233 4.296 4.357 4.414 4.469 4.521 4.570 4.616 4.661 4.704 4.744 4.783 4.820 4.856 4.890 4.923 4.954 4.985 5.015 5.043 5.071 5.099 5.126 5.152 5.178 5.204 5.230 5.255
-99.000 -99.000 -99.000 -99.000 -99.000 -99.000 -99.000 -99.000 -99.000 -99.000 -99.000 -99.000 -99.000 -99.000 -99.000 -99.000 -99.000 -99.000 -99.000 -99.000 -99.000 -99.000 -99.000 -99.000 -99.000 -99.000 -99.000 -99.000 -99.000 1.650 1.675 1.778 1.978 2.248 2.548 2.844 3.109 3.332 3.512 3.658 3.778 3.879 3.967 4.047 4.120 4.189 4.255 4.317 4.377 4.434 4.488 4.540 4.589 4.635 4.680 4.723 4.764 4.803 4.840 4.876 4.910 4.943 4.974 5.005 5.034 5.063 5.091 5.118 5.145 5.171 5.197 5.222 5.247 5.272
-99.000 -99.000 -99.000 -99.000 -99.000 -99.000 -99.000 -99.000 -99.000 -99.000 -99.000 -99.000 -99.000 -99.000 -99.000 -99.000 -99.000 -99.000 -99.000 -99.000 -99.000 -99.000 -99.000 -99.000 -99.000 -99.000 -99.000 -99.000 1.650 1.656 1.711 1.862 2.098 2.387 2.689 2.972 3.217 3.419 3.581 3.712 3.821 3.915 3.998 4.074 4.145 4.212 4.276 4.337 4.396 4.452 4.506 4.558 4.606 4.653 4.698 4.741 4.782 4.821 4.859 4.895 4.929 4.962 4.994 5.024 5.054 5.082 5.110 5.137 5.164 5.190 5.215 5.240 5.265 5.290
-99.000 -99.000 -99.000 -99.000 -99.000 -99.000 -99.000 -99.000 -99.000 -99.000 -99.000 -99.000 -99.000 -99.000 -99.000 -99.000 -99.000 -99.000 -99.000 -99.000 -99.000 -99.000 -99.000 -99.000 -99.000 -99.000 -99.000 -99.000 1.651 1.672 1.770 1.965 2.230 2.529 2.825 3.091 3.315 3.497 3.643 3.762 3.862 3.949 4.028 4.100 4.168 4.234 4.296 4.356 4.414 4.469 4.523 4.575 4.623 4.670 4.715 4.758 4.799 4.839 4.877 4.913 4.947 4.981 5.012 5.043 5.073 5.102 5.129 5.156 5.183 5.209 5.234 5.259 5.284 5.308
-99.000 -99.000 -99.000 -99.000 -99.000 -99.000 -99.000 -99.000 -99.000 -99.000 -99.000 -99.000 -99.000 -99.000 -99.000 -99.000 -99.000 -99.000 -99.000 -99.000 -99.000 -99.000 -99.000 -99.000 -99.000 -99.000 -99.000 1.650 1.656 1.706 1.851 2.084 2.370 2.672 2.955 3.202 3.404 3.567 3.698 3.807 3.899 3.981 4.056 4.125 4.191 4.254 4.315 4.374 4.431 4.486 4.539 4.590 4.638 4.685 4.730 4.774 4.815 4.855 4.893 4.930 4.965 4.998 5.030 5.061 5.091 5.120 5.148 5.175 5.202 5.228 5.253 5.278 5.302 5.326
-99.000 -99.000 -99.000 -99.000 -99.000 -99.000 -99.000 -99.000 -99.000 -99.000 -99.000 -99.000 -99.000 -99.000 -99.000 -99.000 -99.000 -99.000 -99.000 -99.000 -99.000 -99.000 -99.000 -99.000 -99.000 -99.000 -99.000 1.651 1.670 1.762 1.953 2.216 2.514 2.810 3.077 3.302 3.485 3.631 3.749 3.848 3.934 4.012 4.083 4.150 4.213 4.275 4.334 4.391 4.447 4.501 4.554 4.605 4.653 4.699 4.745 4.788 4.830 4.870 4.909 4.945 4.981 5.014 5.047 5.078 5.109 5.138 5.166 5.194 5.220 5.247 5.272 5.297 5.321 5.345
-99.000 -99.000 -99.000 -99.000 -99.000 -99.000 -99.000 -99.000 -99.000 -99.000 -99.000 -99.000 -99.000 -99.000 -99.000 -99.000 -99.000 -99.000 -99.000 -99.000 -99.000 -99.000 -99.000 -99.000 -99.000 -99.000 1.650 1.655 1.702 1.842 2.071 2.356 2.657 2.942 3.189 3.393 3.557 3.688 3.796 3.887 3.968 4.041 4.109 4.173 4.235 4.294 4.352 4.408 4.463 4.516 4.568 4.618 4.666 4.712 4.758 4.801 4.843 4.884 4.922 4.960 4.995 5.030 5.063 5.095 5.125 5.155 5.184 5.212 5.239 5.265 5.291 5.316 5.341 5.364
-99.000 -99.000 -99.000 -99.000 -99.000 -99.000 -99.000 -99.000 -99.000 -99.000 -99.000 -99.000 -99.000 -99.000 -99.000 -99.000 -99.000 -99.000 -99.000 -99.000 -99.000 -99.000 -99.000 -99.000 -99.000 -99.000 1.651 1.668 1.757 1.942 2.203 2.500 2.797 3.065 3.292 3.475 3.622 3.740 3.839 3.924 4.000 4.069 4.134 4.196 4.256 4.313 4.370 4.424 4.478 4.530 4.581 4.630 4.678 4.724 4.769 4.813 4.855 4.896 4.935 4.973 5.009 5.044 5.077 5.110 5.141 5.171 5.201 5.229 5.257 5.283 5.309 5.335 5.359 5.384
-99.000 -99.000 -99.000 -99.000 -99.000 -99.000 -99.000 -99.000 -99.000 -99.000 -99.000 -99.000 -99.000 -99.000 -99.000 -99.000 -99.000 -99.000 -99.000 -99.000 -99.000 -99.000 -99.000 -99.000 -99.000 1.650 1.654 1.699 1.835 2.060 2.343 2.644 2.930 3.179 3.385 3.549 3.681 3.788 3.879 3.959 4.030 4.097 4.159 4.219 4.277 4.332 4.387 4.440 4.492 4.543 4.593 4.642 4.689 4.735 4.780 4.823 4.866 4.907 4.946 4.984 5.021 5.056 5.091 5.124 5.156 5.187 5.216 5.245 5.274 5.301 5.327 5.353 5.378 5.402
-99.000 -99.000 -99.000 -99.000 -99.000 -99.000 -99.000 -99.000 -99.000 -99.000 -99.000 -99.000 -99.000 -99.000 -99.000 -99.000 -99.000 -99.000 -99.000 -99.000 -99.000 -99.000 -99.000 -99.000 -99.000 1.651 1.666 1.751 1.933 2.190 2.486 2.784 3.054 3.283 3.468 3.616 3.735 3.833 3.917 3.992 4.060 4.123 4.184 4.241 4.297 4.351 4.404 4.456 4.507 4.556 4.605 4.653 4.699 4.744 4.789 4.833 4.875 4.916 4.956 4.994 5.032 5.068 5.103 5.136 5.169 5.201 5.231 5.261 5.290 5.317 5.344 5.371 5.396 5.421
-99.000 -99.000 -99.000 -99.000 -99.000 -99.000 -99.000 -99.000 -99.000 -99.000 -99.000 -99.000 -99.000 -99.000 -99.000 -99.000 -99.000 -99.000 -99.000 -99.000 -99.000 -99.000 -99.000 -99.000 1.650 1.654 1.695 1.827 2.049 2.329 2.630 2.918 3.169 3.377 3.543 3.676 3.784 3.874 3.953 4.024 4.089 4.150 4.208 4.264 4.318 4.370 4.422 4.472 4.521 4.570 4.617 4.664 4.709 4.754 4.798 4.841 4.883 4.925 4.965 5.004 5.041 5.078 5.114 5.148 5.181 5.214 5.245 5.275 5.305 5.333 5.361 5.387 5.413 5.438
-99.000 -99.000 -99.000 -99.000 -99.000 -99.000 -99.000 -99.000 -99.000 -99.000 -99.000 -99.000 -99.000 -99.000 -99.000 -99.000 -99.000 -99.000 -99.000 -99.000 -99.000 -99.000 -99.000 -99.000 1.650 1.665 1.745 1.923 2.178 2.473 2.771 3.044 3.275 3.462 3.611 3.731 3.830 3.913 3.987 4.054 4.117 4.176 4.232 4.286 4.338 4.389 4.439 4.488 4.535 4.583 4.629 4.675 4.719 4.762 4.806 4.849 4.891 4.932 4.972 5.011 5.050 5.087 5.123 5.159 5.193 5.226 5.258 5.289 5.319 5.348 5.376 5.403 5.429 5.455
-99.000 -99.000 -99.000 -99.000 -99.000 -99.000 -99.000 -99.000 -99.000 -99.000 -99.000 -99.000 -99.000 -99.000 -99.000 -99.000 -99.000 -99.000 -99.000 -99.000 -99.000 -99.000 -99.000 1.650 1.653 1.691 1.818 2.037 2.316 2.616 2.906 3.160 3.370 3.539 3.673 3.782 3.872 3.951 4.020 4.085 4.144 4.201 4.255 4.308 4.359 4.408 4.456 4.504 4.550 4.596 4.641 4.685 4.728 4.771 4.814 4.856 4.898 4.939 4.979 5.018 5.057 5.095 5.132 5.168 5.203 5.236 5.269 5.301 5.331 5.361 5.389 5.417 5.444 5.470
-99.000 -99.000 -99.000 -99.000 -99.000 -99.000 -99.000 -99.000 -99.000 -99.000 -99.000 -99.000 -99.000 -99.000 -99.000 -99.000 -99.000 -99.000 -99.000 -99.000 -99.000 -99.000 -99.000 1.650 1.663 1.738 1.912 2.164 2.458 2.757 3.032 3.266 3.457 3.608 3.729 3.828 3.912 3.986 4.052 4.114 4.171 4.226 4.279 4.330 4.379 4.427 4.474 4.520 4.565 4.609 4.653 4.696 4.738 4.780 4.822 4.863 4.904 4.945 4.985 5.025 5.064 5.102 5.139 5.176 5.211 5.245 5.279 5.311 5.342 5.373 5.402 5.430 5.458 5.485
-99.000 -99.000 -99.000 -99.000 -99.000 -99.000 -99.000 -99.000 -99.000 -99.000 -99.000 -99.000 -99.000 -99.000 -99.000 -99.000 -99.000 -99.000 -99.000 -99.000 -99.000 -99.000 1.650 1.653 1.687 1.808 2.023 2.300 2.600 2.892 3.149 3.363 3.535 3.671 3.781 3.872 3.951 4.020 4.083 4.142 4.198 4.251 4.303 4.352 4.400 4.447 4.492 4.537 4.580 4.623 4.666 4.708 4.748 4.789 4.830 4.870 4.911 4.951 4.991 5.031 5.070 5.108 5.146 5.183 5.218 5.253 5.287 5.320 5.352 5.383 5.413 5.442 5.470 5.497
-99.000 -99.000 -99.000 -99.000 -99.000 -99.000 -99.000 -99.000 -99.000 -99.000 -99.000 -99.000 -99.000 -99.000 -99.000 -99.000 -99.000 -99.000 -99.000 -99.000 -99.000 -99.000 1.650 1.661 1.731 1.899 2.147 2.441 2.741 3.019 3.257 3.451 3.605 3.728 3.829 3.913 3.987 4.053 4.114 4.171 4.225 4.276 4.326 4.374 4.421 4.466 4.510 4.554 4.596 4.638 4.679 4.720 4.759 4.799 4.839 4.878 4.918 4.958 4.997 5.037 5.076 5.114 5.152 5.189 5.225 5.260 5.294 5.328 5.360 5.392 5.422 5.452 5.481 5.509
-99.000 -99.000 -99.000 -99.000 -99.000 -99.000 -99.000 -99.000 -99.000 -99.000 -99.000 -99.000 -99.000 -99.000 -99.000 -99.000 -99.000 -99.000 -99.000 -99.000 -99.000 1.650 1.652 1.682 1.797 2.006 2.281 2.583 2.876 3.137 3.355 3.530 3.669 3.781 3.873 3.952 4.022 4.085 4.143 4.198 4.251 4.301 4.349 4.396 4.442 4.486 4.529 4.571 4.613 4.653 4.693 4.732 4.770 4.809 4.848 4.887 4.926 4.965 5.004 5.043 5.081 5.119 5.157 5.194 5.230 5.265 5.300 5.334 5.367 5.399 5.430 5.460 5.490 5.519
-99.000 -99.000 -99.000 -99.000 -99.000 -99.000 -99.000 -99.000 -99.000 -99.000 -99.000 -99.000 -99.000 -99.000 -99.000 -99.000 -99.000 -99.000 -99.000 -99.000 -99.000 1.650 1.659 1.723 1.884 2.128 2.420 2.722 3.003 3.245 3.443 3.601 3.727 3.829 3.915 3.989 4.055 4.115 4.172 4.225 4.276 4.325 4.372 4.418 4.462 4.506 4.548 4.589 4.629 4.669 4.708 4.745 4.783 4.821 4.859 4.897 4.935 4.973 5.011 5.049 5.087 5.125 5.162 5.198 5.234 5.270 5.304 5.338 5.372 5.404 5.436 5.467 5.497 5.527
-99.000 -99.000 -99.000 -99.000 -99.000 -99.000 -99.000 -99.000 -99.000 -99.000 -99.000 -99.000 -99.000 -99.000 -99.000 -99.000 -99.000 -99.000 -99.000 -99.000 -99.000 1.652 1.678 1.785 1.987 2.258 2.560 2.856 3.121 3.344 3.524 3.666 3.780 3.874 3.954 4.024 4.087 4.145 4.200 4.252 4.301 4.349 4.395 4.440 4.483 4.526 4.567 4.607 4.646 4.685 4.723 4.760 4.796 4.834 4.871 4.908 4.945 4.982 5.019 5.057 5.094 5.130 5.167 5.203 5.238 5.274 5.308 5.342 5.376 5.409 5.441 5.472 5.503 5.533
-99.000 -99.000 -99.000 -99.000 -99.000 -99.000 -99.000 -99.000 -99.000 -99.000 -99.000 -99.000 -99.000 -99.000 -99.000 -99.000 -99.000 -99.000 -99.000 -99.000 1.650 1.657 1.714 1.866 2.104 2.394 2.698 2.984 3.230 3.433 3.596 3.725 3.829 3.916 3.991 4.058 4.118 4.174 4.228 4.278 4.326 4.373 4.418 4.462 4.504 4.546 4.586 4.625 4.664 4.702 4.739 4.775 4.811 4.847 4.884 4.920 4.956 4.992 5.029 5.065 5.101 5.137 5.172 5.207 5.242 5.277 5.311 5.345 5.379 5.412 5.444 5.476 5.507 5.538
-99.000 -99.000 -99.000 -99.000 -99.000 -99.000 -99.000 -99.000 -99.000 -99.000 -99.000 -99.000 -99.000 -99.000 -99.000 -99.000 -99.000 -99.000 -99.000 -99.000 1.651 1.673 1.770 1.965 2.231 2.532 2.832 3.102 3.330 3.514 3.661 3.778 3.874 3.956 4.026 4.090 4.148 4.203 4.254 4.304 4.351 4.397 4.441 4.483 4.525 4.566 4.605 4.644 4.682 4.719 4.756 4.791 4.826 4.862 4.898 4.933 4.969 5.004 5.039 5.074 5.109 5.144 5.178 5.212 5.247 5.281 5.314 5.348 5.381 5.414 5.446 5.478 5.510 5.541
-99.000 -99.000 -99.000 -99.000 -99.000 -99.000 -99.000 -99.000 -99.000 -99.000 -99.000 -99.000 -99.000 -99.000 -99.000 -99.000 -99.000 -99.000 -99.000 1.650 1.655 1.704 1.846 2.077 2.364 2.669 2.958 3.212 3.420 3.587 3.720 3.828 3.917 3.993 4.060 4.121 4.178 4.231 4.281 4.329 4.375 4.420 4.463 4.505 4.546 4.586 4.625 4.663 4.700 4.737 4.773 4.808 4.842 4.878 4.913 4.948 4.982 5.017 5.051 5.085 5.118 5.152 5.185 5.219 5.252 5.285 5.318 5.351 5.383 5.416 5.448 5.480 5.511 5.542
-99.000 -99.000 -99.000 -99.000 -99.000 -99.000 -99.000 -99.000 -99.000 -99.000 -99.000 -99.000 -99.000 -99.000 -99.000 -99.000 -99.000 -99.000 -99.000 1.651 1.667 1.754 1.939 2.199 2.499 2.801 3.077 3.312 3.502 3.653 3.774 3.873 3.956 4.028 4.092 4.151 4.206 4.258 4.307 4.354 4.399 4.443 4.485 4.526 4.567 4.606 4.644 4.682 4.719 4.755 4.791 4.825 4.859 4.894 4.928 4.963 4.997 5.030 5.063 5.096 5.129 5.161 5.194 5.226 5.258 5.290 5.322 5.354 5.386 5.417 5.449 5.480 5.512 5.543
-99.000 -99.000 -99.000 -99.000 -99.000 -99.000 -99.000 -99.000 -99.000 -99.000 -99.000 -99.000 -99.000 -99.000 -99.000 -99.000 -99.000 -99.000 1.650 1.654 1.694 1.824 2.046 2.328 2.633 2.927 3.187 3.403 3.575 3.713 3.824 3.915 3.993 4.062 4.124 4.180 4.234 4.284 4.332 4.378 4.422 4.465 4.507 4.548 4.587 4.626 4.664 4.701 4.737 4.773 4.808 4.842 4.876 4.911 4.945 4.979 5.012 5.045 5.077 5.109 5.141 5.172 5.203 5.235 5.265 5.296 5.327 5.358 5.389 5.419 5.450 5.481 5.512 5.542
