version1/TsunamiDB/out54176.asc
ncols          264
nrows          230
xllcorner      497853.4375
yllcorner      4229146.0000
cellsize         5.
NODATA_value   -99
[rows 0 to 33 of 230, columns 0 to 76 of 264]
5.295 5.313 5.330 5.347 5.363 5.379 5.395 5.411 5.426 5.441 5.456 5.470 5.484 5.498 5.511 5.524 5.537 5.548 5.559 5.570 5.581 5.591 5.602 5.613 5.623 5.634 5.644 5.654 5.665 5.675 5.685 5.695 5.705 5.715 5.725 5.735 5.745 5.756 5.767 5.777 5.786 5.795 5.804 5.814 5.823 5.832 5.841 5.851 5.860 5.869 5.879 5.888 5.898 5.907 5.916 5.926 5.935 5.944 5.954 5.963 5.973 5.983 5.993 6.001 6.010 6.019 6.027 6.036 6.044 6.052 6.061 6.069 6.077 6.085 6.093 6.101 6.109
5.297 5.314 5.331 5.348 5.365 5.381 5.398 5.414 5.429 5.444 5.459 5.474 5.488 5.502 5.515 5.529 5.541 5.553 5.564 5.575 5.586 5.597 5.608 5.618 5.629 5.639 5.650 5.660 5.670 5.680 5.690 5.700 5.710 5.720 5.730 5.740 5.750 5.761 5.771 5.781 5.790 5.800 5.809 5.818 5.827 5.836 5.845 5.855 5.864 5.873 5.882 5.892 5.901 5.910 5.920 5.929 5.938 5.947 5.957 5.966 5.976 5.986 5.995 6.004 6.013 6.021 6.030 6.038 6.047 6.055 6.063 6.071 6.080 6.088 6.096 6.104 6.112
5.299 5.316 5.333 5.350 5.367 5.383 5.399 5.416 5.431 5.447 5.462 5.477 5.491 5.505 5.519 5.533 5.546 5.558 5.569 5.580 5.592 5.603 5.613 5.624 5.635 5.645 5.656 5.666 5.676 5.686 5.696 5.706 5.716 5.726 5.736 5.746 5.756 5.766 5.776 5.786 5.795 5.804 5.813 5.822 5.831 5.840 5.849 5.858 5.868 5.877 5.886 5.895 5.905 5.914 5.923 5.932 5.941 5.951 5.960 5.969 5.979 5.989 5.998 6.007 6.015 6.024 6.032 6.041 6.049 6.057 6.066 6.074 6.082 6.090 6.098 6.106 6.114
5.302 5.318 5.335 5.352 5.368 5.385 5.401 5.417 5.433 5.449 5.464 5.479 5.494 5.509 5.523 5.537 5.550 5.562 5.574 5.585 5.597 5.608 5.619 5.630 5.640 5.651 5.661 5.671 5.682 5.692 5.702 5.712 5.721 5.731 5.741 5.751 5.761 5.771 5.781 5.791 5.800 5.809 5.817 5.826 5.835 5.844 5.853 5.862 5.871 5.881 5.890 5.899 5.908 5.917 5.926 5.936 5.945 5.954 5.963 5.972 5.982 5.992 6.001 6.009 6.018 6.026 6.035 6.043 6.051 6.060 6.068 6.076 6.084 6.093 6.101 6.109 6.117
5.304 5.321 5.337 5.353 5.370 5.386 5.402 5.419 5.435 5.450 5.466 5.481 5.496 5.511 5.526 5.540 5.553 5.566 5.578 5.589 5.601 5.612 5.624 5.635 5.645 5.656 5.667 5.677 5.687 5.697 5.707 5.717 5.727 5.737 5.746 5.756 5.766 5.776 5.786 5.795 5.804 5.813 5.822 5.831 5.840 5.848 5.857 5.866 5.875 5.884 5.893 5.903 5.912 5.921 5.930 5.939 5.948 5.957 5.966 5.975 5.985 5.994 6.004 6.012 6.021 6.029 6.037 6.046 6.054 6.062 6.070 6.079 6.087 6.095 6.103 6.111 6.119
5.308 5.324 5.340 5.356 5.372 5.388 5.404 5.420 5.436 5.452 5.467 5.483 5.498 5.513 5.528 5.543 5.556 5.569 5.581 5.593 5.605 5.617 5.628 5.639 5.650 5.661 5.672 5.682 5.693 5.703 5.713 5.723 5.732 5.742 5.752 5.761 5.771 5.781 5.791 5.800 5.809 5.818 5.827 5.835 5.844 5.853 5.862 5.870 5.879 5.888 5.897 5.906 5.915 5.924 5.933 5.942 5.951 5.960 5.969 5.979 5.988 5.997 6.007 6.015 6.023 6.032 6.040 6.048 6.056 6.065 6.073 6.081 6.089 6.097 6.105 6.113 6.121
5.312 5.327 5.343 5.358 5.374 5.390 5.406 5.422 5.437 5.453 5.469 5.484 5.500 5.515 5.530 5.545 5.559 5.572 5.584 5.597 5.609 5.621 5.632 5.644 5.655 5.666 5.677 5.687 5.698 5.708 5.718 5.728 5.738 5.748 5.757 5.767 5.776 5.786 5.796 5.805 5.814 5.823 5.831 5.840 5.848 5.857 5.866 5.875 5.883 5.892 5.901 5.910 5.919 5.928 5.937 5.946 5.955 5.964 5.973 5.982 5.991 6.000 6.009 6.018 6.026 6.034 6.043 6.051 6.059 6.067 6.075 6.083 6.091 6.099 6.107 6.115 6.123
5.317 5.332 5.347 5.362 5.377 5.393 5.408 5.424 5.439 5.455 5.470 5.486 5.501 5.516 5.532 5.547 5.561 5.574 5.587 5.599 5.612 5.624 5.636 5.648 5.659 5.670 5.681 5.692 5.703 5.713 5.723 5.733 5.743 5.753 5.762 5.772 5.782 5.791 5.801 5.811 5.819 5.828 5.836 5.845 5.853 5.862 5.870 5.879 5.888 5.896 5.905 5.914 5.923 5.932 5.940 5.949 5.958 5.967 5.976 5.985 5.994 6.003 6.012 6.021 6.029 6.037 6.045 6.053 6.061 6.069 6.077 6.085 6.093 6.101 6.109 6.117 6.125
5.323 5.338 5.352 5.367 5.381 5.396 5.411 5.426 5.441 5.457 5.472 5.487 5.502 5.518 5.533 5.548 5.562 5.576 5.589 5.602 5.614 5.627 5.639 5.651 5.663 5.674 5.686 5.697 5.707 5.718 5.728 5.738 5.748 5.758 5.768 5.777 5.787 5.797 5.806 5.816 5.824 5.833 5.841 5.849 5.858 5.866 5.875 5.883 5.892 5.900 5.909 5.918 5.927 5.935 5.944 5.953 5.962 5.970 5.979 5.988 5.997 6.006 6.015 6.024 6.032 6.040 6.048 6.056 6.064 6.072 6.080 6.088 6.096 6.104 6.112 6.120 6.128
5.331 5.344 5.358 5.372 5.386 5.400 5.415 5.430 5.444 5.459 5.474 5.489 5.504 5.519 5.534 5.550 5.564 5.577 5.590 5.604 5.616 5.629 5.642 5.654 5.666 5.678 5.689 5.701 5.711 5.722 5.733 5.743 5.753 5.763 5.773 5.782 5.792 5.802 5.811 5.821 5.829 5.838 5.846 5.854 5.863 5.871 5.879 5.888 5.896 5.905 5.913 5.922 5.931 5.939 5.948 5.956 5.965 5.974 5.983 5.991 6.000 6.010 6.018 6.027 6.035 6.043 6.051 6.058 6.066 6.074 6.082 6.090 6.098 6.106 6.114 6.122 6.130
5.339 5.352 5.365 5.379 5.392 5.406 5.420 5.434 5.448 5.462 5.477 5.492 5.506 5.521 5.536 5.551 5.565 5.579 5.592 5.605 5.618 5.631 5.644 5.657 5.669 5.681 5.693 5.704 5.715 5.726 5.737 5.747 5.758 5.768 5.777 5.787 5.797 5.807 5.817 5.826 5.834 5.843 5.851 5.859 5.867 5.876 5.884 5.892 5.901 5.909 5.918 5.926 5.935 5.943 5.952 5.960 5.969 5.977 5.986 5.995 6.004 6.013 6.021 6.030 6.038 6.045 6.053 6.061 6.069 6.077 6.085 6.093 6.100 6.108 6.116 6.124 6.132
5.348 5.360 5.373 5.386 5.399 5.412 5.426 5.439 5.453 5.467 5.481 5.495 5.509 5.524 5.539 5.554 5.567 5.580 5.594 5.607 5.620 5.633 5.646 5.659 5.671 5.684 5.696 5.707 5.719 5.730 5.741 5.751 5.762 5.772 5.782 5.792 5.802 5.812 5.821 5.831 5.839 5.848 5.856 5.864 5.872 5.880 5.889 5.897 5.905 5.914 5.922 5.930 5.939 5.947 5.956 5.964 5.973 5.981 5.990 5.998 6.007 6.016 6.025 6.033 6.041 6.048 6.056 6.064 6.072 6.080 6.087 6.095 6.103 6.111 6.118 6.126 6.134
5.357 5.370 5.382 5.395 5.407 5.420 5.433 5.446 5.459 5.472 5.486 5.499 5.513 5.527 5.542 5.556 5.569 5.582 5.596 5.609 5.622 5.635 5.648 5.661 5.674 5.686 5.698 5.710 5.722 5.733 5.744 5.755 5.766 5.776 5.786 5.796 5.806 5.816 5.826 5.836 5.844 5.852 5.861 5.869 5.877 5.885 5.893 5.902 5.910 5.918 5.926 5.935 5.943 5.951 5.960 5.968 5.976 5.985 5.993 6.002 6.011 6.020 6.028 6.036 6.044 6.051 6.059 6.067 6.075 6.082 6.090 6.098 6.105 6.113 6.121 6.129 6.136
5.368 5.380 5.392 5.404 5.416 5.429 5.441 5.453 5.466 5.479 5.492 5.505 5.518 5.532 5.546 5.560 5.572 5.585 5.598 5.611 5.624 5.637 5.650 5.663 5.676 5.688 5.701 5.713 5.724 5.736 5.747 5.758 5.769 5.780 5.790 5.800 5.811 5.821 5.831 5.840 5.849 5.857 5.865 5.874 5.882 5.890 5.898 5.906 5.915 5.923 5.931 5.939 5.947 5.956 5.964 5.972 5.980 5.989 5.997 6.006 6.014 6.023 6.031 6.039 6.047 6.055 6.062 6.070 6.077 6.085 6.093 6.100 6.108 6.116 6.123 6.131 6.139
5.379 5.391 5.402 5.414 5.426 5.438 5.450 5.462 5.474 5.486 5.499 5.512 5.524 5.538 5.551 5.564 5.576 5.589 5.601 5.614 5.627 5.639 5.652 5.665 5.678 5.690 5.703 5.715 5.727 5.739 5.750 5.762 5.773 5.783 5.794 5.804 5.815 5.825 5.835 5.845 5.853 5.862 5.870 5.878 5.887 5.895 5.903 5.911 5.919 5.927 5.935 5.944 5.952 5.960 5.968 5.976 5.984 5.993 6.001 6.009 6.018 6.027 6.035 6.043 6.050 6.058 6.065 6.073 6.080 6.088 6.096 6.103 6.111 6.118 6.126 6.134 6.141
5.390 5.402 5.413 5.425 5.437 5.448 5.460 5.472 5.483 5.495 5.507 5.519 5.532 5.544 5.557 5.570 5.581 5.593 5.605 5.618 5.630 5.643 5.655 5.668 5.680 5.693 5.705 5.717 5.730 5.741 5.753 5.764 5.776 5.787 5.797 5.808 5.819 5.829 5.840 5.849 5.858 5.866 5.875 5.883 5.891 5.899 5.908 5.916 5.924 5.932 5.940 5.948 5.956 5.964 5.972 5.980 5.989 5.997 6.005 6.013 6.022 6.031 6.039 6.046 6.054 6.061 6.069 6.076 6.083 6.091 6.098 6.106 6.113 6.121 6.129 6.136 6.144
5.401 5.413 5.425 5.436 5.448 5.459 5.470 5.482 5.493 5.505 5.516 5.528 5.540 5.552 5.564 5.576 5.588 5.599 5.611 5.622 5.634 5.646 5.659 5.671 5.683 5.696 5.708 5.720 5.732 5.744 5.756 5.767 5.779 5.790 5.801 5.811 5.822 5.833 5.844 5.853 5.862 5.870 5.879 5.887 5.896 5.904 5.912 5.920 5.928 5.937 5.945 5.953 5.961 5.969 5.977 5.985 5.993 6.001 6.009 6.017 6.026 6.034 6.042 6.050 6.057 6.064 6.072 6.079 6.087 6.094 6.101 6.109 6.116 6.124 6.131 6.139 6.146
5.413 5.424 5.436 5.447 5.459 5.470 5.481 5.492 5.504 5.515 5.526 5.538 5.549 5.561 5.573 5.584 5.595 5.606 5.617 5.628 5.640 5.651 5.663 5.675 5.687 5.699 5.711 5.723 5.735 5.747 5.759 5.770 5.782 5.793 5.804 5.815 5.826 5.837 5.847 5.857 5.866 5.875 5.883 5.892 5.900 5.908 5.917 5.925 5.933 5.941 5.949 5.957 5.965 5.973 5.981 5.989 5.997 6.005 6.013 6.021 6.030 6.038 6.046 6.053 6.061 6.068 6.075 6.083 6.090 6.097 6.104 6.112 6.119 6.127 6.134 6.141 6.149
5.424 5.435 5.447 5.458 5.470 5.481 5.492 5.503 5.514 5.526 5.537 5.548 5.559 5.570 5.582 5.593 5.603 5.614 5.624 5.635 5.646 5.657 5.669 5.680 5.692 5.703 5.715 5.727 5.739 5.750 5.762 5.773 5.785 5.796 5.807 5.818 5.829 5.841 5.851 5.860 5.870 5.879 5.887 5.896 5.904 5.913 5.921 5.929 5.938 5.946 5.954 5.962 5.970 5.978 5.985 5.993 6.001 6.009 6.017 6.025 6.034 6.042 6.050 6.057 6.064 6.071 6.079 6.086 6.093 6.100 6.108 6.115 6.122 6.130 6.137 6.144 6.152
5.434 5.446 5.458 5.469 5.481 5.492 5.503 5.514 5.525 5.536 5.547 5.558 5.569 5.580 5.592 5.602 5.613 5.623 5.633 5.643 5.654 5.664 5.675 5.686 5.698 5.709 5.720 5.732 5.743 5.754 5.766 5.777 5.788 5.800 5.811 5.822 5.833 5.844 5.855 5.864 5.873 5.882 5.891 5.900 5.909 5.917 5.926 5.934 5.942 5.950 5.958 5.966 5.974 5.982 5.990 5.998 6.006 6.014 6.021 6.030 6.038 6.046 6.053 6.061 6.068 6.075 6.082 6.089 6.097 6.104 6.111 6.118 6.125 6.133 6.140 6.147 6.154
5.444 5.456 5.468 5.480 5.491 5.503 5.514 5.525 5.536 5.547 5.558 5.569 5.580 5.591 5.602 5.613 5.622 5.632 5.642 5.652 5.662 5.673 5.683 5.694 5.704 5.715 5.726 5.737 5.748 5.759 5.770 5.781 5.793 5.804 5.815 5.826 5.837 5.848 5.858 5.868 5.877 5.886 5.895 5.904 5.913 5.921 5.930 5.938 5.947 5.955 5.963 5.971 5.979 5.987 5.994 6.002 6.010 6.018 6.026 6.034 6.042 6.050 6.057 6.065 6.072 6.079 6.086 6.093 6.100 6.107 6.114 6.121 6.128 6.136 6.143 6.150 6.157
5.454 5.466 5.478 5.490 5.502 5.513 5.524 5.536 5.547 5.558 5.569 5.580 5.591 5.601 5.612 5.623 5.633 5.642 5.652 5.662 5.671 5.681 5.692 5.702 5.712 5.723 5.733 5.744 5.754 5.765 5.776 5.787 5.797 5.808 5.819 5.830 5.841 5.852 5.862 5.872 5.881 5.891 5.900 5.908 5.917 5.926 5.934 5.943 5.951 5.959 5.967 5.975 5.983 5.991 5.999 6.007 6.015 6.022 6.030 6.038 6.046 6.054 6.061 6.069 6.076 6.083 6.090 6.097 6.104 6.111 6.118 6.125 6.132 6.139 6.146 6.153 6.160
5.464 5.476 5.488 5.500 5.511 5.523 5.534 5.546 5.557 5.568 5.579 5.590 5.601 5.612 5.623 5.633 5.643 5.653 5.662 5.672 5.681 5.691 5.701 5.711 5.721 5.731 5.741 5.751 5.761 5.772 5.782 5.793 5.803 5.814 5.824 5.835 5.846 5.856 5.867 5.876 5.886 5.895 5.904 5.913 5.922 5.930 5.939 5.947 5.956 5.964 5.972 5.980 5.988 5.996 6.004 6.011 6.019 6.027 6.035 6.043 6.051 6.058 6.066 6.073 6.080 6.087 6.093 6.100 6.107 6.114 6.121 6.128 6.135 6.142 6.149 6.156 6.163
5.473 5.485 5.497 5.509 5.521 5.532 5.544 5.555 5.567 5.578 5.589 5.600 5.611 5.622 5.633 5.644 5.653 5.663 5.672 5.682 5.691 5.701 5.711 5.720 5.730 5.740 5.750 5.759 5.769 5.779 5.789 5.800 5.810 5.820 5.830 5.841 5.851 5.862 5.872 5.881 5.890 5.900 5.909 5.917 5.926 5.935 5.943 5.952 5.960 5.969 5.977 5.985 5.993 6.001 6.008 6.016 6.024 6.032 6.039 6.047 6.055 6.063 6.070 6.077 6.084 6.091 6.097 6.104 6.111 6.118 6.125 6.131 6.138 6.145 6.152 6.159 6.166
5.482 5.494 5.506 5.518 5.530 5.542 5.553 5.565 5.576 5.587 5.599 5.610 5.621 5.632 5.643 5.654 5.663 5.673 5.682 5.692 5.701 5.711 5.720 5.730 5.740 5.749 5.759 5.768 5.778 5.788 5.798 5.807 5.817 5.827 5.837 5.847 5.857 5.868 5.878 5.887 5.896 5.905 5.914 5.922 5.931 5.940 5.948 5.957 5.965 5.973 5.982 5.990 5.998 6.005 6.013 6.021 6.029 6.036 6.044 6.052 6.060 6.067 6.074 6.081 6.088 6.095 6.101 6.108 6.115 6.121 6.128 6.135 6.142 6.149 6.156 6.162 6.169
5.490 5.502 5.514 5.526 5.538 5.550 5.562 5.574 5.585 5.597 5.608 5.619 5.630 5.642 5.653 5.663 5.673 5.683 5.692 5.702 5.711 5.721 5.730 5.740 5.749 5.759 5.768 5.778 5.787 5.797 5.806 5.816 5.825 5.835 5.844 5.854 5.864 5.874 5.884 5.893 5.902 5.911 5.919 5.928 5.937 5.945 5.954 5.962 5.970 5.979 5.987 5.995 6.003 6.011 6.018 6.026 6.034 6.041 6.049 6.056 6.064 6.072 6.079 6.086 6.092 6.099 6.106 6.112 6.119 6.125 6.132 6.139 6.145 6.152 6.159 6.166 6.173
5.498 5.511 5.523 5.535 5.547 5.559 5.570 5.582 5.594 5.605 5.617 5.628 5.639 5.651 5.662 5.673 5.683 5.692 5.702 5.711 5.721 5.731 5.740 5.750 5.759 5.769 5.778 5.787 5.797 5.806 5.815 5.825 5.834 5.843 5.853 5.862 5.872 5.882 5.891 5.900 5.908 5.917 5.926 5.934 5.942 5.951 5.959 5.968 5.976 5.984 5.992 6.000 6.008 6.016 6.024 6.031 6.039 6.046 6.054 6.062 6.069 6.077 6.084 6.090 6.097 6.103 6.110 6.116 6.123 6.129 6.136 6.143 6.149 6.156 6.163 6.169 6.176
5.506 5.518 5.531 5.543 5.555 5.567 5.578 5.590 5.602 5.613 5.625 5.636 5.648 5.659 5.671 5.682 5.691 5.701 5.711 5.721 5.730 5.740 5.750 5.759 5.769 5.778 5.788 5.797 5.806 5.816 5.825 5.834 5.843 5.852 5.861 5.871 5.880 5.890 5.899 5.907 5.916 5.924 5.932 5.941 5.949 5.957 5.966 5.974 5.982 5.990 5.998 6.006 6.014 6.022 6.029 6.037 6.044 6.052 6.059 6.067 6.075 6.082 6.089 6.095 6.102 6.108 6.115 6.121 6.127 6.134 6.140 6.147 6.153 6.160 6.166 6.173 6.180
5.514 5.526 5.538 5.550 5.562 5.574 5.586 5.598 5.610 5.621 5.633 5.645 5.656 5.668 5.680 5.690 5.700 5.710 5.720 5.730 5.739 5.749 5.759 5.769 5.778 5.788 5.797 5.806 5.816 5.825 5.834 5.843 5.852 5.861 5.870 5.880 5.889 5.898 5.907 5.916 5.924 5.932 5.940 5.948 5.956 5.964 5.972 5.980 5.988 5.996 6.004 6.012 6.020 6.028 6.035 6.043 6.050 6.058 6.065 6.073 6.080 6.087 6.094 6.101 6.107 6.113 6.120 6.126 6.132 6.138 6.145 6.151 6.157 6.164 6.170 6.177 6.183
5.522 5.534 5.546 5.558 5.570 5.582 5.594 5.606 5.617 5.629 5.641 5.652 5.664 5.676 5.687 5.698 5.708 5.718 5.728 5.738 5.748 5.758 5.768 5.777 5.787 5.797 5.806 5.816 5.825 5.834 5.843 5.852 5.861 5.870 5.879 5.889 5.898 5.907 5.916 5.924 5.932 5.940 5.948 5.956 5.964 5.972 5.980 5.988 5.995 6.003 6.011 6.019 6.027 6.034 6.042 6.049 6.056 6.064 6.071 6.079 6.086 6.093 6.100 6.106 6.112 6.119 6.125 6.131 6.137 6.143 6.149 6.156 6.162 6.168 6.174 6.181 6.187
5.529 5.541 5.553 5.565 5.577 5.589 5.601 5.613 5.625 5.636 5.648 5.660 5.672 5.684 5.695 5.705 5.715 5.726 5.736 5.746 5.756 5.766 5.776 5.786 5.795 5.805 5.815 5.824 5.834 5.843 5.852 5.861 5.870 5.879 5.888 5.898 5.907 5.916 5.925 5.933 5.941 5.948 5.956 5.964 5.972 5.980 5.987 5.995 6.003 6.011 6.018 6.026 6.034 6.041 6.049 6.056 6.063 6.070 6.078 6.085 6.093 6.100 6.106 6.112 6.118 6.124 6.130 6.136 6.142 6.148 6.154 6.160 6.167 6.173 6.179 6.185 6.191
5.537 5.549 5.561 5.573 5.585 5.596 5.608 5.620 5.632 5.644 5.655 5.667 5.679 5.691 5.702 5.712 5.723 5.733 5.743 5.753 5.763 5.774 5.784 5.793 5.803 5.813 5.823 5.832 5.842 5.851 5.861 5.870 5.879 5.888 5.897 5.906 5.916 5.925 5.934 5.941 5.949 5.957 5.965 5.972 5.980 5.988 5.996 6.003 6.011 6.018 6.026 6.034 6.041 6.048 6.056 6.063 6.070 6.077 6.085 6.092 6.099 6.106 6.112 6.119 6.125 6.130 6.136 6.142 6.148 6.154 6.160 6.166 6.172 6.178 6.184 6.190 6.196
5.544 5.556 5.568 5.580 5.592 5.604 5.615 5.627 5.639 5.650 5.662 5.674 5.686 5.698 5.709 5.719 5.730 5.740 5.750 5.760 5.771 5.781 5.791 5.801 5.811 5.821 5.831 5.840 5.850 5.859 5.869 5.878 5.887 5.896 5.906 5.915 5.924 5.934 5.942 5.950 5.958 5.966 5.973 5.981 5.989 5.996 6.004 6.011 6.019 6.027 6.034 6.041 6.049 6.056 6.063 6.071 6.078 6.085 6.092 6.099 6.107 6.113 6.119 6.125 6.131 6.137 6.143 6.149 6.154 6.160 6.166 6.171 6.177 6.183 6.189 6.195 6.201
5.551 5.563 5.575 5.587 5.599 5.610 5.622 5.634 5.646 5.657 5.669 5.681 5.692 5.704 5.715 5.726 5.736 5.747 5.757 5.767 5.777 5.788 5.798 5.808 5.818 5.828 5.838 5.848 5.857 5.867 5.876 5.886 5.895 5.904 5.914 5.923 5.933 5.942 5.950 5.958 5.966 5.974 5.982 5.989 5.997 6.005 6.012 6.020 6.027 6.035 6.042 6.049 6.057 6.064 6.071 6.078 6.085 6.092 6.100 6.107 6.114 6.121 6.127 6.133 6.138 6.144 6.150 6.155 6.161 6.166 6.172 6.178 6.183 6.189 6.195 6.201 6.206
