version1/TsunamiDB/out54021.asc
ncols          264
nrows          230
xllcorner      497853.4375
yllcorner      4229146.0000
cellsize         5.
NODATA_value   -99
[rows 124 to 154 of 230, columns 142 to 212 of 264]
2.838 3.184 3.488 3.741 3.944 4.103 4.230 4.333 4.420 4.495 4.561 4.622 4.678 4.731 4.780 4.828 4.873 4.916 4.958 4.998 5.037 5.076 5.113 5.150 5.187 5.224 5.260 5.296 5.330 5.364 5.399 5.433 5.467 5.502 5.538 5.575 5.615 5.657 5.701 5.747 5.796 5.846 5.898 5.952 6.007 6.063 6.118 6.172 6.224 6.275 6.324 6.371 6.415 6.462 6.513 6.571 6.631 6.695 6.768 6.847 6.932 7.025 7.123 7.223 7.318 7.398 7.494 7.613 7.720 7.811 7.886
3.000 3.329 3.611 3.842 4.025 4.170 4.286 4.382 4.463 4.534 4.598 4.657 4.711 4.763 4.811 4.858 4.902 4.945 4.986 5.026 5.064 5.102 5.139 5.175 5.211 5.247 5.282 5.317 5.350 5.382 5.415 5.447 5.478 5.510 5.543 5.578 5.616 5.656 5.699 5.746 5.795 5.846 5.900 5.956 6.014 6.073 6.132 6.190 6.247 6.302 6.355 6.406 6.454 6.503 6.556 6.616 6.678 6.744 6.818 6.898 6.986 7.080 7.179 7.281 7.377 7.451 7.543 7.661 7.766 7.854 7.926
3.155 3.465 3.724 3.933 4.099 4.230 4.337 4.427 4.505 4.573 4.635 4.692 4.745 4.795 4.843 4.888 4.932 4.974 5.014 5.053 5.092 5.129 5.165 5.201 5.236 5.271 5.306 5.339 5.371 5.402 5.433 5.463 5.492 5.521 5.551 5.583 5.618 5.656 5.699 5.744 5.793 5.846 5.901 5.959 6.019 6.082 6.145 6.207 6.268 6.326 6.383 6.437 6.488 6.540 6.597 6.661 6.726 6.794 6.870 6.951 7.041 7.136 7.235 7.341 7.434 7.497 7.582 7.699 7.802 7.888 7.958
3.302 3.589 3.825 4.014 4.165 4.286 4.385 4.470 4.545 4.611 4.671 4.727 4.779 4.829 4.875 4.920 4.962 5.003 5.043 5.082 5.119 5.156 5.192 5.227 5.262 5.296 5.330 5.363 5.394 5.424 5.453 5.481 5.508 5.535 5.562 5.591 5.623 5.659 5.699 5.744 5.793 5.845 5.902 5.961 6.024 6.090 6.155 6.221 6.286 6.348 6.408 6.465 6.520 6.577 6.639 6.707 6.775 6.847 6.925 7.008 7.098 7.195 7.297 7.398 7.479 7.535 7.615 7.728 7.830 7.917 7.986
3.439 3.702 3.916 4.087 4.225 4.336 4.429 4.511 4.583 4.648 4.707 4.762 4.814 4.862 4.908 4.952 4.994 5.034 5.073 5.110 5.147 5.183 5.219 5.254 5.288 5.322 5.355 5.387 5.418 5.447 5.475 5.501 5.526 5.551 5.575 5.601 5.631 5.664 5.702 5.746 5.794 5.847 5.903 5.964 6.029 6.097 6.165 6.233 6.302 6.367 6.431 6.491 6.551 6.614 6.681 6.752 6.825 6.901 6.982 7.067 7.156 7.253 7.353 7.444 7.518 7.567 7.641 7.753 7.856 7.943 8.015
3.564 3.804 3.997 4.152 4.278 4.381 4.470 4.548 4.619 4.683 4.742 4.796 4.848 4.896 4.941 4.984 5.026 5.065 5.103 5.140 5.176 5.212 5.246 5.281 5.314 5.348 5.380 5.412 5.442 5.470 5.497 5.523 5.547 5.569 5.591 5.615 5.642 5.673 5.709 5.750 5.798 5.850 5.907 5.968 6.034 6.103 6.174 6.245 6.317 6.386 6.453 6.518 6.585 6.653 6.724 6.798 6.875 6.957 7.040 7.125 7.214 7.307 7.400 7.485 7.553 7.595 7.665 7.778 7.881 7.970 8.047
3.677 3.895 4.069 4.210 4.326 4.423 4.507 4.583 4.652 4.716 4.774 4.829 4.881 4.929 4.974 5.017 5.058 5.097 5.135 5.171 5.206 5.241 5.275 5.308 5.341 5.374 5.406 5.437 5.466 5.494 5.521 5.545 5.568 5.590 5.611 5.633 5.657 5.685 5.719 5.759 5.804 5.855 5.912 5.973 6.040 6.110 6.183 6.257 6.331 6.405 6.477 6.548 6.619 6.692 6.767 6.845 6.927 7.013 7.098 7.182 7.267 7.354 7.442 7.522 7.588 7.626 7.692 7.804 7.908 8.001 8.080
3.780 3.977 4.134 4.263 4.370 4.461 4.541 4.615 4.683 4.746 4.805 4.861 4.913 4.961 5.007 5.050 5.091 5.130 5.167 5.203 5.238 5.271 5.304 5.337 5.369 5.401 5.432 5.463 5.491 5.518 5.545 5.569 5.592 5.613 5.633 5.654 5.676 5.703 5.734 5.771 5.815 5.864 5.919 5.980 6.047 6.119 6.193 6.269 6.347 6.426 6.503 6.578 6.655 6.732 6.812 6.891 6.976 7.066 7.153 7.236 7.315 7.396 7.480 7.559 7.625 7.660 7.722 7.835 7.941 8.034 8.112
3.872 4.050 4.193 4.310 4.409 4.495 4.573 4.645 4.712 4.775 4.834 4.890 4.943 4.992 5.039 5.083 5.124 5.163 5.201 5.236 5.270 5.303 5.335 5.367 5.399 5.430 5.460 5.489 5.517 5.544 5.569 5.594 5.616 5.638 5.658 5.678 5.700 5.725 5.754 5.789 5.830 5.877 5.930 5.990 6.056 6.129 6.204 6.282 6.365 6.448 6.529 6.610 6.692 6.773 6.854 6.935 7.022 7.116 7.204 7.284 7.360 7.437 7.519 7.600 7.667 7.698 7.758 7.872 7.976 8.067 8.142
3.955 4.115 4.245 4.353 4.446 4.528 4.603 4.673 4.739 4.801 4.861 4.917 4.971 5.021 5.069 5.114 5.156 5.196 5.234 5.269 5.304 5.336 5.368 5.399 5.429 5.459 5.489 5.517 5.544 5.570 5.595 5.619 5.642 5.664 5.685 5.706 5.728 5.752 5.779 5.812 5.850 5.895 5.945 6.003 6.069 6.142 6.218 6.298 6.384 6.471 6.557 6.643 6.729 6.812 6.895 6.976 7.065 7.162 7.250 7.330 7.404 7.479 7.561 7.644 7.714 7.742 7.799 7.910 8.009 8.096 8.167
4.029 4.174 4.293 4.393 4.481 4.559 4.631 4.699 4.764 4.826 4.885 4.942 4.996 5.048 5.097 5.143 5.187 5.228 5.266 5.303 5.337 5.370 5.402 5.432 5.462 5.491 5.519 5.546 5.571 5.597 5.622 5.645 5.669 5.691 5.714 5.736 5.759 5.784 5.810 5.841 5.876 5.918 5.966 6.022 6.086 6.159 6.235 6.316 6.404 6.494 6.584 6.674 6.763 6.848 6.932 7.013 7.103 7.202 7.293 7.374 7.448 7.525 7.606 7.689 7.761 7.788 7.840 7.945 8.040 8.121 8.186
4.095 4.228 4.337 4.431 4.513 4.588 4.657 4.724 4.788 4.849 4.908 4.965 5.020 5.072 5.122 5.170 5.215 5.258 5.298 5.335 5.371 5.404 5.436 5.466 5.495 5.523 5.550 5.575 5.600 5.625 5.649 5.672 5.696 5.720 5.744 5.768 5.793 5.819 5.845 5.875 5.908 5.947 5.991 6.044 6.106 6.178 6.254 6.335 6.425 6.517 6.611 6.705 6.796 6.883 6.968 7.048 7.139 7.242 7.336 7.420 7.497 7.574 7.655 7.741 7.820 7.842 7.885 7.983 8.071 8.146 8.204
4.155 4.276 4.377 4.465 4.544 4.615 4.683 4.748 4.811 4.871 4.930 4.986 5.041 5.095 5.146 5.195 5.241 5.285 5.327 5.366 5.403 5.438 5.470 5.500 5.528 5.555 5.582 5.606 5.629 5.653 5.676 5.700 5.723 5.748 5.774 5.801 5.828 5.856 5.884 5.913 5.944 5.980 6.021 6.070 6.130 6.201 6.276 6.357 6.447 6.542 6.639 6.735 6.829 6.919 7.004 7.083 7.175 7.282 7.380 7.469 7.551 7.630 7.712 7.809 7.886 7.896 7.929 8.019 8.099 8.165 8.215
4.208 4.319 4.414 4.498 4.572 4.642 4.708 4.772 4.833 4.892 4.950 5.007 5.062 5.115 5.167 5.217 5.265 5.311 5.355 5.396 5.434 5.470 5.503 5.534 5.562 5.589 5.614 5.637 5.659 5.682 5.704 5.727 5.751 5.777 5.804 5.834 5.864 5.894 5.924 5.953 5.984 6.017 6.056 6.103 6.161 6.230 6.303 6.383 6.473 6.569 6.668 6.766 6.863 6.955 7.040 7.118 7.212 7.325 7.429 7.524 7.610 7.696 7.788 7.881 7.943 7.944 7.969 8.048 8.117 8.175 8.214
4.255 4.359 4.448 4.527 4.599 4.667 4.732 4.794 4.855 4.913 4.971 5.027 5.081 5.135 5.187 5.238 5.287 5.335 5.380 5.423 5.463 5.500 5.535 5.566 5.595 5.621 5.646 5.668 5.689 5.710 5.732 5.754 5.778 5.805 5.834 5.866 5.898 5.932 5.964 5.995 6.027 6.059 6.097 6.143 6.198 6.265 6.335 6.413 6.503 6.599 6.697 6.798 6.898 6.992 7.078 7.156 7.253 7.372 7.484 7.584 7.678 7.772 7.864 7.944 7.993 7.985 7.999 8.066 8.126 8.173 8.200
4.299 4.395 4.479 4.555 4.625 4.691 4.755 4.816 4.876 4.934 4.990 5.046 5.101 5.154 5.207 5.258 5.308 5.357 5.403 5.448 5.490 5.529 5.565 5.598 5.627 5.654 5.677 5.698 5.718 5.739 5.760 5.782 5.806 5.833 5.864 5.897 5.932 5.969 6.004 6.038 6.072 6.105 6.143 6.187 6.241 6.305 6.372 6.448 6.536 6.630 6.729 6.830 6.933 7.030 7.118 7.197 7.298 7.426 7.543 7.649 7.750 7.845 7.930 7.998 8.035 8.017 8.021 8.075 8.122 8.156 8.167
4.338 4.428 4.508 4.581 4.648 4.713 4.776 4.836 4.896 4.953 5.010 5.065 5.119 5.173 5.225 5.277 5.328 5.378 5.426 5.472 5.516 5.557 5.594 5.628 5.658 5.685 5.709 5.729 5.748 5.768 5.788 5.810 5.834 5.862 5.893 5.928 5.966 6.005 6.044 6.081 6.118 6.154 6.192 6.235 6.288 6.350 6.415 6.487 6.572 6.664 6.762 6.864 6.969 7.070 7.164 7.245 7.349 7.482 7.605 7.718 7.819 7.910 7.987 8.043 8.068 8.041 8.031 8.069 8.103 8.122 8.114
4.375 4.459 4.535 4.605 4.670 4.733 4.795 4.855 4.914 4.971 5.027 5.083 5.137 5.191 5.244 5.296 5.348 5.398 5.447 5.495 5.540 5.582 5.622 5.657 5.689 5.716 5.740 5.761 5.779 5.798 5.818 5.840 5.864 5.892 5.924 5.960 5.999 6.040 6.082 6.124 6.164 6.203 6.243 6.286 6.338 6.398 6.461 6.530 6.612 6.702 6.796 6.899 7.008 7.116 7.215 7.296 7.402 7.541 7.668 7.782 7.880 7.965 8.033 8.077 8.091 8.052 8.028 8.050 8.068 8.069 8.043
4.409 4.488 4.560 4.627 4.691 4.752 4.813 4.872 4.930 4.988 5.044 5.099 5.154 5.208 5.261 5.314 5.366 5.418 5.468 5.517 5.563 5.607 5.648 5.685 5.718 5.747 5.772 5.793 5.811 5.830 5.850 5.872 5.896 5.924 5.956 5.992 6.033 6.075 6.120 6.166 6.210 6.252 6.294 6.338 6.388 6.448 6.508 6.575 6.655 6.741 6.835 6.938 7.051 7.166 7.269 7.349 7.456 7.600 7.728 7.838 7.932 8.009 8.068 8.101 8.103 8.051 8.012 8.017 8.016 8.000 7.956
4.441 4.516 4.584 4.649 4.710 4.770 4.829 4.888 4.945 5.002 5.058 5.114 5.169 5.223 5.277 5.331 5.384 5.436 5.488 5.538 5.585 5.631 5.673 5.712 5.746 5.777 5.803 5.825 5.845 5.864 5.884 5.906 5.930 5.958 5.990 6.026 6.067 6.110 6.157 6.206 6.253 6.299 6.343 6.388 6.439 6.498 6.558 6.624 6.701 6.786 6.878 6.983 7.100 7.218 7.325 7.403 7.509 7.654 7.778 7.884 7.971 8.040 8.089 8.111 8.100 8.035 7.979 7.965 7.947 7.914 7.854
4.472 4.542 4.608 4.670 4.729 4.787 4.845 4.902 4.959 5.015 5.071 5.127 5.182 5.237 5.292 5.346 5.400 5.453 5.505 5.556 5.606 5.652 5.696 5.737 5.773 5.806 5.835 5.859 5.880 5.900 5.921 5.943 5.967 5.995 6.026 6.062 6.102 6.146 6.194 6.244 6.294 6.343 6.390 6.437 6.489 6.549 6.610 6.675 6.751 6.835 6.927 7.032 7.149 7.268 7.378 7.453 7.555 7.696 7.817 7.919 7.999 8.060 8.099 8.109 8.085 8.005 7.931 7.901 7.866 7.817 7.746
4.502 4.568 4.631 4.690 4.747 4.803 4.859 4.915 4.971 5.026 5.082 5.137 5.193 5.248 5.303 5.358 5.413 5.467 5.521 5.573 5.623 5.672 5.717 5.760 5.798 5.834 5.865 5.892 5.915 5.938 5.960 5.982 6.007 6.034 6.065 6.100 6.139 6.182 6.230 6.281 6.333 6.385 6.435 6.484 6.537 6.600 6.662 6.728 6.804 6.887 6.979 7.083 7.198 7.320 7.434 7.502 7.596 7.733 7.850 7.945 8.018 8.070 8.098 8.096 8.059 7.963 7.873 7.826 7.778 7.719 7.641
4.530 4.594 4.653 4.711 4.765 4.819 4.874 4.928 4.982 5.037 5.091 5.146 5.201 5.257 5.312 5.368 5.423 5.478 5.532 5.585 5.637 5.687 5.735 5.779 5.821 5.859 5.893 5.924 5.950 5.975 5.999 6.023 6.049 6.076 6.106 6.141 6.179 6.220 6.267 6.318 6.371 6.425 6.477 6.528 6.584 6.650 6.715 6.784 6.860 6.943 7.035 7.138 7.252 7.382 7.491 7.544 7.629 7.762 7.872 7.961 8.026 8.069 8.086 8.072 8.021 7.910 7.805 7.747 7.688 7.623 7.545
4.558 4.618 4.676 4.731 4.784 4.836 4.889 4.941 4.994 5.047 5.100 5.154 5.209 5.263 5.319 5.374 5.429 5.485 5.540 5.594 5.647 5.698 5.748 5.795 5.839 5.880 5.919 5.953 5.984 6.012 6.039 6.065 6.091 6.120 6.152 6.186 6.222 6.261 6.306 6.356 6.409 6.463 6.517 6.573 6.635 6.702 6.770 6.843 6.922 7.006 7.098 7.203 7.322 7.442 7.533 7.576 7.654 7.779 7.883 7.966 8.023 8.057 8.064 8.037 7.972 7.849 7.733 7.665 7.601 7.533 7.454
4.584 4.643 4.698 4.751 4.802 4.853 4.904 4.955 5.006 5.057 5.109 5.162 5.215 5.269 5.323 5.378 5.433 5.488 5.543 5.598 5.652 5.705 5.756 5.806 5.853 5.898 5.940 5.979 6.014 6.047 6.077 6.106 6.136 6.167 6.200 6.233 6.268 6.306 6.348 6.395 6.447 6.502 6.560 6.621 6.687 6.756 6.829 6.908 6.991 7.075 7.167 7.272 7.385 7.488 7.564 7.597 7.667 7.785 7.884 7.960 8.010 8.036 8.031 7.993 7.917 7.783 7.658 7.585 7.517 7.446 7.363
4.610 4.667 4.720 4.772 4.821 4.870 4.920 4.969 5.019 5.069 5.119 5.170 5.222 5.274 5.327 5.381 5.435 5.489 5.544 5.599 5.654 5.708 5.761 5.813 5.863 5.912 5.958 6.001 6.042 6.079 6.114 6.147 6.181 6.215 6.249 6.283 6.317 6.354 6.394 6.438 6.489 6.545 6.607 6.672 6.742 6.814 6.891 6.978 7.063 7.146 7.237 7.336 7.434 7.522 7.586 7.610 7.671 7.783 7.877 7.946 7.989 8.006 7.992 7.944 7.857 7.715 7.584 7.507 7.434 7.359 7.268
4.635 4.690 4.742 4.792 4.840 4.888 4.936 4.984 5.033 5.081 5.130 5.180 5.230 5.280 5.331 5.383 5.436 5.489 5.543 5.598 5.653 5.708 5.762 5.817 5.870 5.922 5.973 6.021 6.066 6.109 6.150 6.188 6.226 6.264 6.300 6.336 6.371 6.406 6.445 6.487 6.537 6.594 6.658 6.728 6.802 6.876 6.958 7.049 7.135 7.219 7.301 7.386 7.471 7.545 7.600 7.617 7.669 7.774 7.861 7.925 7.961 7.970 7.949 7.892 7.796 7.646 7.510 7.427 7.350 7.266 7.168
4.660 4.713 4.763 4.812 4.859 4.906 4.953 5.000 5.048 5.095 5.143 5.191 5.239 5.287 5.337 5.386 5.437 5.489 5.542 5.596 5.651 5.706 5.762 5.818 5.875 5.930 5.985 6.037 6.088 6.138 6.184 6.228 6.271 6.312 6.352 6.391 6.427 6.463 6.502 6.544 6.592 6.649 6.715 6.789 6.866 6.940 7.023 7.118 7.205 7.283 7.353 7.425 7.496 7.562 7.610 7.618 7.661 7.760 7.842 7.900 7.929 7.932 7.903 7.837 7.733 7.576 7.433 7.343 7.259 7.169 7.071
4.685 4.736 4.785 4.832 4.878 4.924 4.971 5.017 5.063 5.109 5.156 5.202 5.249 5.296 5.343 5.390 5.439 5.489 5.541 5.594 5.648 5.704 5.761 5.819 5.878 5.938 5.996 6.052 6.109 6.164 6.216 6.266 6.314 6.360 6.404 6.446 6.486 6.524 6.564 6.606 6.653 6.710 6.778 6.854 6.930 7.001 7.084 7.182 7.267 7.334 7.394 7.454 7.515 7.574 7.616 7.616 7.652 7.745 7.821 7.871 7.894 7.890 7.855 7.781 7.666 7.500 7.351 7.253 7.163 7.073 6.980
4.711 4.760 4.807 4.853 4.897 4.943 4.988 5.033 5.079 5.124 5.169 5.214 5.259 5.304 5.350 5.395 5.442 5.490 5.540 5.593 5.647 5.703 5.761 5.821 5.882 5.944 6.006 6.066 6.128 6.189 6.246 6.302 6.355 6.405 6.453 6.500 6.545 6.588 6.630 6.672 6.720 6.777 6.844 6.918 6.993 7.059 7.139 7.236 7.314 7.375 7.426 7.475 7.528 7.582 7.620 7.613 7.641 7.727 7.794 7.837 7.853 7.844 7.800 7.716 7.589 7.414 7.256 7.153 7.064 6.981 6.900
4.738 4.785 4.830 4.874 4.917 4.961 5.005 5.050 5.094 5.138 5.183 5.226 5.270 5.313 5.357 5.401 5.446 5.493 5.541 5.593 5.647 5.703 5.762 5.823 5.886 5.951 6.016 6.080 6.147 6.211 6.274 6.335 6.393 6.448 6.501 6.553 6.603 6.651 6.697 6.742 6.790 6.845 6.908 6.979 7.050 7.109 7.184 7.276 7.352 7.408 7.452 7.495 7.540 7.588 7.624 7.610 7.628 7.706 7.765 7.800 7.808 7.792 7.740 7.645 7.505 7.319 7.156 7.055 6.975 6.905 6.844
