version1/TsunamiDB/out54024.asc
ncols          264
nrows          230
xllcorner      497853.4375
yllcorner      4229146.0000
cellsize         5.
NODATA_value   -99
[rows 155 to 185 of 230, columns 142 to 212 of 264]
4.997 5.029 5.060 5.091 5.122 5.156 5.189 5.225 5.261 5.298 5.335 5.374 5.413 5.454 5.496 5.540 5.587 5.635 5.687 5.741 5.797 5.856 5.918 5.982 6.049 6.119 6.189 6.258 6.331 6.402 6.473 6.543 6.610 6.674 6.737 6.801 6.865 6.928 6.987 7.040 7.092 7.146 7.202 7.264 7.326 7.369 7.428 7.513 7.589 7.648 7.697 7.742 7.785 7.832 7.873 7.857 7.860 7.917 7.964 7.995 8.010 8.007 7.975 7.902 7.782 7.609 7.438 7.307 7.199 7.108 7.036
5.029 5.059 5.088 5.116 5.145 5.175 5.206 5.238 5.271 5.305 5.340 5.376 5.414 5.453 5.494 5.537 5.582 5.631 5.682 5.736 5.793 5.852 5.915 5.980 6.049 6.122 6.194 6.267 6.343 6.418 6.493 6.566 6.637 6.704 6.772 6.842 6.912 6.983 7.050 7.109 7.168 7.224 7.280 7.345 7.399 7.426 7.476 7.556 7.627 7.684 7.731 7.772 7.810 7.862 7.898 7.867 7.857 7.902 7.938 7.958 7.965 7.952 7.909 7.819 7.682 7.503 7.332 7.210 7.115 7.045 6.997
5.063 5.092 5.119 5.145 5.171 5.198 5.225 5.254 5.283 5.314 5.346 5.380 5.415 5.453 5.492 5.535 5.580 5.628 5.679 5.734 5.791 5.850 5.913 5.980 6.051 6.126 6.200 6.276 6.355 6.433 6.511 6.587 6.662 6.735 6.809 6.882 6.958 7.039 7.113 7.180 7.244 7.305 7.365 7.423 7.461 7.478 7.520 7.595 7.664 7.721 7.768 7.810 7.854 7.899 7.917 7.875 7.853 7.884 7.906 7.917 7.912 7.886 7.827 7.722 7.578 7.396 7.231 7.125 7.052 7.006 6.981
5.100 5.127 5.153 5.177 5.200 5.224 5.248 5.273 5.299 5.326 5.355 5.386 5.419 5.454 5.493 5.535 5.580 5.628 5.679 5.733 5.791 5.851 5.915 5.982 6.055 6.131 6.208 6.286 6.367 6.448 6.529 6.608 6.688 6.768 6.846 6.923 7.005 7.094 7.177 7.251 7.320 7.385 7.443 7.489 7.517 7.525 7.560 7.633 7.702 7.761 7.811 7.858 7.901 7.932 7.934 7.881 7.846 7.860 7.869 7.867 7.849 7.808 7.732 7.618 7.472 7.296 7.145 7.061 7.014 6.991 6.989
5.139 5.166 5.191 5.213 5.234 5.255 5.275 5.296 5.318 5.341 5.366 5.394 5.424 5.458 5.495 5.536 5.581 5.630 5.681 5.736 5.793 5.854 5.918 5.986 6.060 6.138 6.216 6.296 6.380 6.464 6.547 6.632 6.717 6.802 6.885 6.965 7.053 7.151 7.240 7.320 7.393 7.458 7.510 7.548 7.568 7.570 7.600 7.673 7.742 7.804 7.859 7.907 7.944 7.963 7.949 7.883 7.833 7.830 7.824 7.808 7.775 7.717 7.630 7.514 7.372 7.209 7.081 7.024 6.999 6.996 7.016
5.180 5.207 5.231 5.252 5.272 5.290 5.308 5.325 5.342 5.361 5.382 5.406 5.433 5.465 5.501 5.541 5.585 5.634 5.686 5.741 5.799 5.860 5.924 5.993 6.067 6.146 6.226 6.308 6.394 6.481 6.568 6.658 6.749 6.838 6.925 7.009 7.102 7.206 7.300 7.385 7.458 7.520 7.569 7.601 7.617 7.616 7.643 7.714 7.785 7.851 7.907 7.953 7.983 7.988 7.959 7.881 7.815 7.793 7.770 7.739 7.690 7.621 7.530 7.415 7.288 7.146 7.043 7.009 7.004 7.020 7.052
5.221 5.249 5.274 5.295 5.313 5.330 5.345 5.358 5.372 5.386 5.403 5.422 5.446 5.475 5.509 5.548 5.592 5.641 5.693 5.748 5.806 5.867 5.932 6.001 6.076 6.156 6.238 6.321 6.410 6.501 6.592 6.686 6.782 6.876 6.967 7.052 7.148 7.258 7.357 7.443 7.515 7.574 7.620 7.651 7.667 7.662 7.686 7.756 7.829 7.896 7.951 7.993 8.015 8.008 7.965 7.872 7.789 7.748 7.708 7.661 7.602 7.526 7.436 7.333 7.225 7.106 7.026 7.013 7.024 7.052 7.092
5.263 5.292 5.317 5.339 5.357 5.374 5.387 5.398 5.408 5.418 5.430 5.445 5.464 5.490 5.521 5.559 5.602 5.650 5.702 5.758 5.816 5.878 5.942 6.011 6.086 6.169 6.251 6.336 6.429 6.523 6.618 6.716 6.817 6.915 7.009 7.093 7.192 7.307 7.408 7.493 7.564 7.623 7.669 7.700 7.716 7.709 7.730 7.801 7.872 7.937 7.989 8.026 8.041 8.022 7.964 7.856 7.756 7.695 7.638 7.581 7.514 7.438 7.357 7.272 7.185 7.086 7.027 7.030 7.052 7.088 7.132
5.303 5.334 5.361 5.384 5.403 5.420 5.433 5.442 5.449 5.456 5.463 5.474 5.489 5.510 5.538 5.574 5.616 5.663 5.715 5.770 5.829 5.890 5.954 6.023 6.100 6.183 6.267 6.355 6.450 6.548 6.647 6.749 6.853 6.954 7.049 7.132 7.232 7.349 7.450 7.536 7.607 7.665 7.712 7.744 7.761 7.753 7.772 7.839 7.907 7.968 8.016 8.047 8.054 8.023 7.951 7.829 7.712 7.633 7.564 7.500 7.432 7.363 7.296 7.229 7.162 7.083 7.039 7.053 7.082 7.123 7.169
5.341 5.374 5.403 5.429 5.450 5.468 5.481 5.490 5.496 5.500 5.503 5.509 5.520 5.537 5.561 5.593 5.633 5.679 5.729 5.785 5.843 5.904 5.969 6.038 6.115 6.200 6.285 6.374 6.472 6.573 6.675 6.780 6.886 6.988 7.083 7.166 7.265 7.383 7.485 7.572 7.644 7.704 7.752 7.785 7.804 7.795 7.810 7.872 7.935 7.992 8.035 8.060 8.059 8.018 7.932 7.796 7.664 7.572 7.495 7.429 7.365 7.307 7.255 7.205 7.155 7.092 7.060 7.081 7.115 7.158 7.203
5.376 5.411 5.443 5.471 5.495 5.515 5.530 5.541 5.546 5.549 5.550 5.552 5.558 5.570 5.590 5.618 5.654 5.698 5.747 5.801 5.860 5.921 5.985 6.054 6.132 6.218 6.304 6.394 6.495 6.598 6.703 6.811 6.918 7.022 7.120 7.199 7.296 7.417 7.521 7.609 7.683 7.746 7.795 7.831 7.852 7.839 7.848 7.905 7.963 8.013 8.050 8.069 8.059 8.008 7.907 7.758 7.616 7.517 7.437 7.373 7.317 7.272 7.234 7.200 7.165 7.112 7.088 7.114 7.151 7.194 7.239
5.407 5.445 5.480 5.510 5.537 5.560 5.578 5.591 5.598 5.601 5.601 5.600 5.602 5.610 5.625 5.649 5.681 5.721 5.768 5.821 5.878 5.938 6.002 6.071 6.149 6.237 6.324 6.416 6.518 6.624 6.733 6.843 6.953 7.061 7.156 7.229 7.327 7.450 7.556 7.647 7.723 7.787 7.839 7.879 7.898 7.879 7.882 7.933 7.983 8.027 8.057 8.069 8.051 7.985 7.872 7.718 7.572 7.470 7.391 7.333 7.288 7.254 7.229 7.207 7.182 7.138 7.120 7.148 7.185 7.228 7.272
5.434 5.474 5.512 5.546 5.576 5.602 5.624 5.640 5.650 5.654 5.655 5.654 5.653 5.657 5.668 5.687 5.714 5.750 5.793 5.843 5.898 5.957 6.020 6.090 6.170 6.258 6.347 6.440 6.545 6.654 6.766 6.879 6.993 7.099 7.188 7.259 7.357 7.482 7.591 7.685 7.764 7.831 7.886 7.925 7.939 7.915 7.911 7.954 7.996 8.033 8.056 8.058 8.028 7.952 7.836 7.680 7.534 7.434 7.361 7.311 7.275 7.251 7.236 7.222 7.205 7.167 7.152 7.181 7.219 7.261 7.301
5.456 5.499 5.539 5.576 5.609 5.640 5.665 5.685 5.699 5.707 5.710 5.710 5.709 5.711 5.718 5.732 5.754 5.784 5.823 5.869 5.922 5.979 6.042 6.112 6.192 6.282 6.372 6.467 6.574 6.686 6.800 6.915 7.029 7.130 7.217 7.287 7.386 7.514 7.626 7.724 7.806 7.876 7.932 7.966 7.974 7.943 7.932 7.967 8.002 8.030 8.044 8.036 7.996 7.916 7.801 7.648 7.506 7.413 7.348 7.304 7.275 7.259 7.250 7.243 7.231 7.197 7.184 7.214 7.251 7.291 7.328
5.473 5.518 5.561 5.601 5.638 5.672 5.701 5.725 5.744 5.757 5.764 5.767 5.768 5.770 5.774 5.784 5.801 5.825 5.858 5.900 5.949 6.004 6.066 6.135 6.216 6.308 6.399 6.496 6.604 6.717 6.831 6.947 7.059 7.158 7.245 7.315 7.415 7.547 7.662 7.762 7.848 7.918 7.971 8.000 8.002 7.964 7.946 7.972 7.998 8.019 8.023 8.006 7.961 7.882 7.770 7.624 7.490 7.406 7.347 7.309 7.286 7.274 7.270 7.266 7.258 7.227 7.215 7.246 7.281 7.318 7.351
5.486 5.533 5.579 5.621 5.661 5.699 5.732 5.761 5.785 5.803 5.815 5.823 5.828 5.831 5.835 5.842 5.855 5.874 5.901 5.937 5.981 6.033 6.092 6.161 6.242 6.334 6.426 6.524 6.633 6.746 6.859 6.973 7.084 7.185 7.274 7.345 7.446 7.580 7.698 7.801 7.886 7.955 8.005 8.028 8.023 7.979 7.952 7.969 7.987 7.999 7.995 7.973 7.926 7.850 7.746 7.610 7.487 7.411 7.358 7.324 7.303 7.294 7.293 7.291 7.286 7.258 7.247 7.276 7.309 7.342 7.370
5.495 5.544 5.591 5.636 5.679 5.720 5.758 5.791 5.820 5.844 5.863 5.876 5.886 5.893 5.899 5.906 5.915 5.930 5.951 5.980 6.018 6.065 6.121 6.188 6.268 6.359 6.452 6.549 6.658 6.770 6.881 6.994 7.107 7.211 7.303 7.374 7.475 7.612 7.733 7.836 7.920 7.986 8.032 8.049 8.038 7.986 7.951 7.959 7.969 7.973 7.964 7.939 7.894 7.824 7.730 7.605 7.492 7.424 7.377 7.345 7.326 7.318 7.316 7.317 7.315 7.289 7.277 7.305 7.335 7.363 7.386
5.501 5.551 5.600 5.647 5.693 5.737 5.778 5.816 5.850 5.880 5.905 5.926 5.941 5.954 5.963 5.971 5.980 5.991 6.007 6.030 6.061 6.102 6.152 6.214 6.291 6.382 6.473 6.570 6.678 6.789 6.899 7.013 7.129 7.237 7.333 7.403 7.505 7.645 7.765 7.867 7.948 8.012 8.053 8.064 8.045 7.986 7.943 7.942 7.944 7.943 7.932 7.907 7.867 7.805 7.721 7.608 7.505 7.444 7.400 7.370 7.351 7.342 7.341 7.344 7.344 7.318 7.307 7.332 7.358 7.381 7.400
5.503 5.554 5.604 5.653 5.702 5.749 5.794 5.836 5.875 5.911 5.942 5.969 5.992 6.010 6.024 6.036 6.045 6.055 6.068 6.085 6.109 6.141 6.184 6.241 6.315 6.403 6.493 6.588 6.696 6.806 6.917 7.033 7.152 7.264 7.363 7.432 7.535 7.674 7.792 7.892 7.970 8.029 8.065 8.069 8.042 7.977 7.925 7.917 7.914 7.911 7.899 7.878 7.844 7.791 7.718 7.615 7.521 7.465 7.424 7.395 7.376 7.366 7.365 7.369 7.372 7.347 7.334 7.356 7.377 7.395 7.407
5.502 5.554 5.605 5.655 5.706 5.756 5.805 5.851 5.895 5.936 5.973 6.006 6.035 6.060 6.080 6.096 6.109 6.120 6.130 6.143 6.161 6.186 6.220 6.270 6.338 6.423 6.510 6.604 6.712 6.823 6.935 7.053 7.173 7.288 7.389 7.458 7.558 7.696 7.812 7.908 7.983 8.038 8.069 8.068 8.034 7.960 7.902 7.889 7.884 7.880 7.870 7.854 7.828 7.783 7.720 7.626 7.540 7.489 7.450 7.422 7.402 7.392 7.390 7.394 7.398 7.374 7.359 7.376 7.392 7.404 7.411
5.499 5.550 5.602 5.654 5.707 5.759 5.811 5.861 5.909 5.955 5.997 6.036 6.071 6.102 6.128 6.149 6.167 6.180 6.192 6.203 6.216 6.234 6.260 6.301 6.362 6.442 6.526 6.618 6.726 6.837 6.951 7.070 7.191 7.310 7.417 7.482 7.578 7.714 7.828 7.921 7.992 8.044 8.070 8.062 8.019 7.939 7.876 7.861 7.856 7.853 7.848 7.838 7.819 7.783 7.727 7.641 7.561 7.514 7.477 7.450 7.429 7.419 7.415 7.420 7.426 7.401 7.382 7.396 7.406 7.410 7.411
5.493 5.544 5.596 5.649 5.704 5.758 5.812 5.866 5.917 5.967 6.015 6.059 6.099 6.136 6.167 6.195 6.217 6.235 6.250 6.261 6.273 6.285 6.304 6.335 6.388 6.463 6.542 6.632 6.739 6.851 6.968 7.089 7.212 7.340 7.445 7.501 7.593 7.729 7.840 7.928 7.996 8.043 8.063 8.045 7.995 7.913 7.849 7.834 7.830 7.832 7.832 7.828 7.815 7.785 7.735 7.656 7.582 7.538 7.503 7.476 7.457 7.445 7.440 7.448 7.455 7.426 7.404 7.411 7.414 7.412 7.406
5.486 5.536 5.588 5.641 5.697 5.753 5.809 5.865 5.920 5.973 6.025 6.073 6.119 6.160 6.198 6.231 6.259 6.283 6.301 6.316 6.328 6.338 6.351 6.376 6.422 6.489 6.562 6.649 6.755 6.869 6.988 7.113 7.243 7.366 7.460 7.513 7.604 7.736 7.844 7.930 7.992 8.032 8.044 8.020 7.969 7.886 7.821 7.809 7.810 7.816 7.821 7.822 7.813 7.788 7.745 7.672 7.602 7.561 7.529 7.503 7.484 7.472 7.470 7.477 7.479 7.447 7.421 7.422 7.418 7.409 7.394
5.478 5.527 5.577 5.630 5.686 5.743 5.801 5.859 5.917 5.973 6.028 6.080 6.130 6.177 6.219 6.258 6.292 6.321 6.346 6.365 6.380 6.391 6.402 6.423 6.462 6.521 6.589 6.672 6.776 6.891 7.012 7.139 7.268 7.380 7.466 7.517 7.606 7.735 7.840 7.922 7.979 8.012 8.016 7.991 7.942 7.859 7.796 7.789 7.795 7.805 7.814 7.818 7.812 7.792 7.756 7.688 7.621 7.584 7.554 7.530 7.511 7.502 7.500 7.503 7.499 7.464 7.432 7.426 7.415 7.398 7.376
5.472 5.518 5.566 5.618 5.673 5.730 5.789 5.848 5.908 5.966 6.024 6.080 6.134 6.185 6.232 6.277 6.317 6.352 6.383 6.408 6.429 6.444 6.456 6.474 6.507 6.561 6.623 6.701 6.802 6.914 7.034 7.158 7.279 7.384 7.465 7.514 7.600 7.727 7.829 7.907 7.958 7.984 7.986 7.962 7.915 7.833 7.775 7.774 7.784 7.798 7.809 7.816 7.813 7.799 7.767 7.702 7.639 7.607 7.579 7.557 7.540 7.530 7.526 7.525 7.515 7.475 7.438 7.425 7.406 7.381 7.350
5.470 5.512 5.557 5.605 5.659 5.715 5.773 5.833 5.894 5.954 6.014 6.073 6.130 6.185 6.238 6.288 6.334 6.375 6.412 6.445 6.472 6.493 6.509 6.528 6.560 6.609 6.665 6.735 6.829 6.937 7.050 7.166 7.280 7.379 7.457 7.504 7.588 7.711 7.809 7.884 7.929 7.952 7.954 7.932 7.889 7.812 7.758 7.762 7.776 7.793 7.806 7.815 7.816 7.804 7.777 7.717 7.658 7.628 7.603 7.583 7.566 7.555 7.549 7.541 7.526 7.481 7.439 7.417 7.390 7.357 7.318
5.473 5.510 5.550 5.595 5.645 5.699 5.756 5.815 5.876 5.937 5.999 6.060 6.121 6.180 6.237 6.292 6.344 6.391 6.435 6.474 6.509 6.536 6.559 6.581 6.613 6.659 6.709 6.770 6.855 6.953 7.056 7.163 7.271 7.366 7.443 7.488 7.568 7.689 7.785 7.855 7.898 7.920 7.923 7.905 7.868 7.794 7.745 7.754 7.772 7.790 7.805 7.816 7.819 7.811 7.789 7.731 7.675 7.649 7.627 7.607 7.590 7.577 7.566 7.553 7.532 7.481 7.433 7.403 7.368 7.327 7.281
5.481 5.513 5.548 5.588 5.633 5.683 5.737 5.795 5.855 5.917 5.980 6.044 6.107 6.169 6.231 6.290 6.347 6.401 6.451 6.496 6.538 6.573 6.601 6.628 6.661 6.706 6.750 6.803 6.876 6.962 7.054 7.154 7.256 7.349 7.425 7.467 7.545 7.664 7.757 7.824 7.866 7.888 7.894 7.882 7.849 7.779 7.734 7.748 7.768 7.789 7.805 7.816 7.821 7.817 7.799 7.745 7.692 7.670 7.649 7.629 7.610 7.594 7.579 7.561 7.532 7.476 7.420 7.382 7.339 7.292 7.240
5.495 5.523 5.552 5.585 5.625 5.670 5.720 5.775 5.834 5.895 5.958 6.023 6.088 6.154 6.219 6.283 6.345 6.403 6.459 6.510 6.557 6.598 6.632 6.664 6.702 6.746 6.786 6.831 6.893 6.968 7.049 7.141 7.240 7.331 7.406 7.445 7.520 7.637 7.728 7.794 7.835 7.859 7.869 7.861 7.832 7.767 7.725 7.741 7.764 7.786 7.803 7.816 7.823 7.822 7.807 7.756 7.707 7.687 7.666 7.646 7.625 7.605 7.586 7.561 7.524 7.462 7.400 7.354 7.304 7.252 7.195
5.515 5.538 5.562 5.588 5.621 5.660 5.705 5.756 5.812 5.872 5.935 6.000 6.066 6.134 6.202 6.269 6.335 6.399 6.458 6.514 6.565 6.611 6.651 6.689 6.730 6.777 6.816 6.854 6.908 6.973 7.046 7.131 7.223 7.312 7.386 7.422 7.494 7.609 7.698 7.763 7.804 7.832 7.845 7.841 7.817 7.754 7.715 7.733 7.758 7.781 7.800 7.815 7.824 7.825 7.814 7.767 7.720 7.701 7.681 7.659 7.635 7.612 7.587 7.556 7.512 7.443 7.374 7.321 7.266 7.209 7.150
5.537 5.557 5.576 5.597 5.623 5.655 5.694 5.739 5.791 5.848 5.909 5.974 6.041 6.110 6.180 6.250 6.319 6.386 6.449 6.508 6.563 6.612 6.658 6.700 6.745 6.796 6.836 6.872 6.921 6.978 7.043 7.120 7.207 7.294 7.369 7.401 7.468 7.581 7.670 7.734 7.777 7.808 7.824 7.823 7.803 7.742 7.705 7.726 7.753 7.777 7.798 7.815 7.826 7.830 7.824 7.779 7.734 7.717 7.696 7.671 7.643 7.616 7.586 7.548 7.496 7.420 7.344 7.286 7.226 7.166 7.107
