version1/TsunamiDB/out54068.asc
ncols          264
nrows          230
xllcorner      497853.4375
yllcorner      4229146.0000
cellsize         5.
NODATA_value   -99
[rows 99 to 131 of 230, columns 150 to 224 of 264]
6.163 6.190 6.217 6.245 6.273 6.302 6.331 6.361 6.390 6.420 6.450 6.480 6.510 6.539 6.568 6.596 6.623 6.649 6.674 6.698 6.720 6.740 6.758 6.774 6.789 6.804 6.819 6.833 6.847 6.862 6.877 6.893 6.910 6.927 6.944 6.962 6.980 6.998 7.015 7.032 7.048 7.064 7.079 7.095 7.110 7.124 7.139 7.156 7.173 7.190 7.208 7.226 7.243 7.259 7.276 7.292 7.309 7.327 7.347 7.368 7.390 7.411 7.431 7.449 7.464 7.479 7.498 7.527 7.556 7.590 7.635 7.690 7.758 7.841 7.936
6.150 6.174 6.200 6.226 6.252 6.278 6.305 6.332 6.360 6.387 6.415 6.443 6.470 6.498 6.525 6.553 6.579 6.605 6.631 6.655 6.679 6.700 6.719 6.738 6.756 6.773 6.790 6.806 6.823 6.840 6.857 6.874 6.893 6.912 6.931 6.950 6.970 6.989 7.008 7.026 7.044 7.061 7.077 7.093 7.109 7.124 7.139 7.156 7.173 7.191 7.209 7.226 7.244 7.261 7.277 7.294 7.311 7.329 7.348 7.369 7.390 7.411 7.432 7.451 7.469 7.488 7.512 7.545 7.580 7.618 7.667 7.727 7.797 7.880 7.974
6.141 6.165 6.189 6.213 6.237 6.262 6.287 6.312 6.337 6.363 6.388 6.413 6.439 6.464 6.490 6.515 6.540 6.565 6.590 6.613 6.637 6.659 6.679 6.698 6.718 6.736 6.755 6.773 6.791 6.810 6.828 6.848 6.868 6.889 6.910 6.931 6.952 6.974 6.994 7.014 7.034 7.052 7.070 7.087 7.104 7.119 7.136 7.152 7.170 7.188 7.207 7.225 7.243 7.261 7.278 7.294 7.311 7.329 7.348 7.368 7.389 7.411 7.433 7.454 7.476 7.500 7.530 7.567 7.607 7.650 7.704 7.767 7.836 7.917 8.010
6.136 6.159 6.182 6.205 6.228 6.252 6.275 6.299 6.322 6.345 6.369 6.392 6.416 6.439 6.463 6.486 6.509 6.532 6.555 6.578 6.600 6.621 6.640 6.660 6.679 6.699 6.717 6.736 6.755 6.775 6.794 6.815 6.836 6.859 6.881 6.904 6.928 6.951 6.974 6.996 7.017 7.038 7.057 7.076 7.094 7.111 7.128 7.146 7.164 7.183 7.203 7.222 7.241 7.259 7.277 7.293 7.310 7.327 7.346 7.366 7.387 7.410 7.433 7.458 7.486 7.516 7.551 7.592 7.636 7.685 7.743 7.806 7.875 7.954 8.044
6.134 6.156 6.179 6.201 6.223 6.246 6.268 6.290 6.312 6.335 6.357 6.379 6.400 6.422 6.444 6.465 6.487 6.508 6.529 6.550 6.570 6.590 6.609 6.627 6.646 6.664 6.683 6.701 6.720 6.739 6.759 6.780 6.802 6.824 6.848 6.872 6.897 6.922 6.947 6.971 6.994 7.017 7.039 7.060 7.079 7.097 7.116 7.135 7.155 7.175 7.196 7.216 7.237 7.256 7.274 7.290 7.307 7.324 7.342 7.362 7.384 7.409 7.436 7.466 7.498 7.534 7.574 7.620 7.668 7.721 7.782 7.846 7.914 7.990 8.080
6.134 6.156 6.178 6.199 6.221 6.243 6.264 6.286 6.307 6.328 6.349 6.370 6.391 6.411 6.431 6.452 6.471 6.491 6.511 6.530 6.549 6.568 6.585 6.602 6.619 6.637 6.654 6.671 6.689 6.707 6.726 6.746 6.767 6.790 6.813 6.838 6.864 6.890 6.916 6.942 6.967 6.991 7.015 7.038 7.059 7.079 7.099 7.120 7.141 7.163 7.186 7.208 7.230 7.250 7.269 7.286 7.302 7.319 7.338 7.358 7.382 7.409 7.440 7.475 7.513 7.554 7.600 7.649 7.700 7.757 7.821 7.887 7.954 8.029 8.116
6.136 6.157 6.178 6.200 6.221 6.242 6.264 6.284 6.305 6.326 6.346 6.366 6.386 6.405 6.425 6.444 6.462 6.481 6.499 6.518 6.536 6.553 6.569 6.585 6.601 6.617 6.633 6.649 6.665 6.682 6.699 6.718 6.738 6.759 6.782 6.806 6.831 6.857 6.884 6.910 6.937 6.963 6.988 7.012 7.035 7.057 7.079 7.101 7.125 7.148 7.172 7.196 7.220 7.242 7.261 7.278 7.294 7.312 7.332 7.354 7.380 7.410 7.446 7.487 7.531 7.577 7.627 7.680 7.733 7.794 7.860 7.927 7.995 8.069 8.152
6.138 6.159 6.181 6.202 6.223 6.244 6.264 6.285 6.305 6.325 6.345 6.365 6.384 6.403 6.421 6.440 6.458 6.476 6.494 6.511 6.529 6.545 6.560 6.575 6.590 6.605 6.620 6.635 6.649 6.664 6.680 6.697 6.715 6.734 6.756 6.778 6.802 6.828 6.854 6.881 6.907 6.934 6.960 6.986 7.010 7.033 7.056 7.080 7.105 7.130 7.156 7.182 7.207 7.230 7.250 7.267 7.284 7.304 7.326 7.351 7.381 7.415 7.456 7.502 7.551 7.603 7.657 7.711 7.766 7.830 7.898 7.967 8.037 8.110 8.192
6.142 6.163 6.183 6.204 6.225 6.246 6.267 6.287 6.307 6.327 6.346 6.366 6.384 6.403 6.421 6.439 6.457 6.475 6.492 6.509 6.526 6.542 6.556 6.571 6.585 6.600 6.614 6.627 6.641 6.655 6.669 6.684 6.700 6.718 6.737 6.758 6.780 6.804 6.829 6.855 6.881 6.908 6.934 6.960 6.984 7.008 7.032 7.057 7.083 7.110 7.137 7.165 7.191 7.215 7.236 7.255 7.275 7.298 7.322 7.351 7.384 7.424 7.469 7.519 7.573 7.629 7.688 7.743 7.800 7.867 7.938 8.010 8.082 8.159 8.250
6.146 6.166 6.187 6.208 6.229 6.249 6.270 6.290 6.310 6.329 6.349 6.368 6.386 6.405 6.423 6.441 6.458 6.476 6.493 6.510 6.526 6.542 6.556 6.571 6.585 6.599 6.612 6.626 6.639 6.651 6.664 6.678 6.693 6.708 6.726 6.744 6.765 6.787 6.811 6.835 6.861 6.886 6.912 6.937 6.961 6.985 7.009 7.035 7.061 7.089 7.117 7.146 7.173 7.198 7.221 7.243 7.266 7.292 7.321 7.353 7.392 7.436 7.485 7.538 7.596 7.658 7.720 7.776 7.834 7.905 7.981 8.057 8.133 8.218 8.313
6.150 6.170 6.191 6.212 6.232 6.253 6.273 6.293 6.313 6.333 6.352 6.371 6.390 6.408 6.426 6.444 6.462 6.479 6.496 6.513 6.529 6.545 6.559 6.574 6.588 6.602 6.615 6.628 6.641 6.653 6.665 6.678 6.691 6.705 6.721 6.738 6.757 6.777 6.799 6.822 6.846 6.870 6.895 6.919 6.943 6.966 6.989 7.015 7.041 7.069 7.098 7.127 7.155 7.182 7.207 7.233 7.259 7.289 7.322 7.359 7.402 7.450 7.502 7.559 7.621 7.687 7.753 7.811 7.871 7.947 8.027 8.107 8.190 8.279 8.371
6.155 6.175 6.195 6.216 6.237 6.257 6.277 6.297 6.317 6.337 6.356 6.375 6.394 6.412 6.430 6.448 6.466 6.483 6.500 6.517 6.534 6.550 6.564 6.579 6.593 6.607 6.621 6.634 6.646 6.658 6.670 6.682 6.694 6.707 6.721 6.737 6.754 6.773 6.793 6.815 6.837 6.860 6.884 6.907 6.929 6.951 6.974 6.998 7.024 7.052 7.080 7.109 7.138 7.168 7.196 7.225 7.256 7.290 7.326 7.368 7.414 7.465 7.520 7.580 7.646 7.717 7.788 7.848 7.911 7.992 8.075 8.161 8.248 8.336 8.425
6.160 6.180 6.200 6.221 6.241 6.261 6.282 6.302 6.322 6.341 6.360 6.380 6.398 6.417 6.435 6.453 6.471 6.488 6.506 6.523 6.540 6.556 6.571 6.586 6.600 6.614 6.628 6.641 6.654 6.666 6.677 6.689 6.700 6.712 6.726 6.740 6.756 6.774 6.793 6.813 6.834 6.856 6.878 6.900 6.921 6.941 6.963 6.986 7.011 7.038 7.066 7.096 7.126 7.158 7.190 7.222 7.257 7.294 7.334 7.378 7.429 7.483 7.540 7.602 7.672 7.748 7.825 7.887 7.952 8.038 8.127 8.216 8.302 8.389 8.473
6.165 6.185 6.205 6.225 6.246 6.266 6.286 6.306 6.326 6.346 6.365 6.384 6.403 6.422 6.440 6.458 6.476 6.494 6.512 6.529 6.546 6.562 6.578 6.593 6.608 6.623 6.637 6.650 6.663 6.675 6.686 6.698 6.709 6.721 6.733 6.746 6.761 6.778 6.796 6.815 6.835 6.856 6.877 6.898 6.917 6.936 6.956 6.979 7.003 7.029 7.057 7.087 7.120 7.153 7.188 7.224 7.261 7.301 7.344 7.391 7.444 7.501 7.560 7.625 7.699 7.781 7.863 7.927 7.995 8.087 8.178 8.267 8.354 8.437 8.517
6.172 6.191 6.211 6.231 6.251 6.271 6.291 6.311 6.331 6.351 6.370 6.389 6.408 6.427 6.446 6.464 6.482 6.500 6.518 6.536 6.553 6.570 6.585 6.601 6.616 6.631 6.646 6.660 6.673 6.685 6.697 6.708 6.719 6.730 6.742 6.755 6.769 6.785 6.802 6.820 6.839 6.859 6.880 6.899 6.917 6.935 6.954 6.976 6.999 7.025 7.053 7.085 7.119 7.155 7.192 7.230 7.269 7.311 7.356 7.406 7.461 7.520 7.581 7.650 7.728 7.815 7.903 7.969 8.039 8.134 8.226 8.315 8.399 8.479 8.554
6.178 6.197 6.216 6.236 6.256 6.276 6.296 6.316 6.336 6.356 6.375 6.395 6.414 6.433 6.451 6.470 6.488 6.506 6.525 6.543 6.561 6.577 6.593 6.609 6.625 6.640 6.655 6.670 6.683 6.696 6.708 6.719 6.730 6.741 6.753 6.765 6.779 6.793 6.810 6.827 6.846 6.865 6.885 6.904 6.921 6.938 6.956 6.977 7.001 7.026 7.055 7.088 7.123 7.161 7.201 7.241 7.281 7.324 7.371 7.422 7.480 7.540 7.604 7.676 7.757 7.848 7.941 8.009 8.082 8.177 8.269 8.357 8.439 8.516 8.587
6.186 6.204 6.223 6.242 6.262 6.281 6.301 6.321 6.341 6.361 6.380 6.400 6.419 6.438 6.457 6.476 6.495 6.513 6.532 6.550 6.568 6.584 6.601 6.617 6.634 6.650 6.665 6.680 6.694 6.707 6.719 6.731 6.742 6.753 6.764 6.776 6.789 6.804 6.819 6.836 6.855 6.874 6.893 6.911 6.927 6.944 6.961 6.982 7.006 7.032 7.062 7.096 7.133 7.173 7.214 7.255 7.297 7.340 7.388 7.441 7.500 7.563 7.630 7.704 7.789 7.884 7.984 8.054 8.125 8.221 8.312 8.398 8.477 8.552 8.619
6.194 6.211 6.229 6.248 6.267 6.287 6.307 6.326 6.346 6.366 6.386 6.405 6.425 6.444 6.463 6.482 6.501 6.520 6.539 6.557 6.575 6.592 6.609 6.626 6.642 6.659 6.675 6.690 6.705 6.718 6.731 6.743 6.754 6.765 6.776 6.788 6.801 6.815 6.830 6.847 6.865 6.883 6.902 6.920 6.936 6.952 6.969 6.991 7.015 7.042 7.073 7.108 7.147 7.188 7.230 7.272 7.315 7.360 7.408 7.463 7.523 7.589 7.659 7.737 7.824 7.929 8.032 8.098 8.167 8.262 8.352 8.436 8.512 8.583 8.646
6.204 6.220 6.237 6.255 6.274 6.293 6.312 6.332 6.352 6.372 6.391 6.411 6.431 6.450 6.469 6.489 6.508 6.527 6.546 6.565 6.583 6.600 6.617 6.634 6.651 6.668 6.685 6.700 6.715 6.729 6.742 6.755 6.766 6.778 6.789 6.800 6.813 6.827 6.842 6.858 6.876 6.894 6.913 6.930 6.946 6.962 6.981 7.003 7.028 7.056 7.089 7.125 7.165 7.206 7.249 7.292 7.337 7.383 7.432 7.489 7.553 7.621 7.695 7.778 7.873 7.979 8.077 8.140 8.208 8.301 8.388 8.469 8.543 8.610 8.668
6.214 6.229 6.245 6.262 6.280 6.299 6.318 6.338 6.357 6.377 6.397 6.417 6.437 6.456 6.476 6.495 6.514 6.534 6.553 6.572 6.590 6.608 6.625 6.643 6.660 6.678 6.694 6.710 6.726 6.740 6.754 6.767 6.779 6.790 6.801 6.813 6.825 6.839 6.854 6.870 6.887 6.906 6.924 6.942 6.958 6.975 6.995 7.018 7.045 7.074 7.107 7.144 7.184 7.226 7.270 7.316 7.363 7.410 7.461 7.521 7.588 7.661 7.739 7.827 7.925 8.026 8.120 8.180 8.245 8.335 8.420 8.499 8.569 8.632 8.685
6.225 6.239 6.254 6.270 6.288 6.306 6.325 6.344 6.363 6.383 6.403 6.423 6.443 6.462 6.482 6.502 6.521 6.541 6.560 6.580 6.598 6.616 6.634 6.652 6.670 6.687 6.704 6.721 6.737 6.752 6.766 6.779 6.791 6.803 6.814 6.826 6.838 6.851 6.866 6.882 6.900 6.918 6.937 6.955 6.972 6.991 7.011 7.036 7.063 7.093 7.128 7.165 7.205 7.248 7.294 7.342 7.392 7.442 7.495 7.560 7.630 7.706 7.789 7.879 7.975 8.072 8.160 8.217 8.280 8.367 8.449 8.525 8.591 8.650 8.700
6.237 6.249 6.263 6.279 6.296 6.313 6.331 6.350 6.370 6.389 6.409 6.429 6.449 6.469 6.489 6.509 6.529 6.548 6.568 6.588 6.607 6.624 6.643 6.661 6.679 6.697 6.714 6.731 6.748 6.763 6.778 6.791 6.804 6.816 6.827 6.839 6.851 6.864 6.879 6.895 6.913 6.931 6.951 6.970 6.989 7.008 7.030 7.056 7.084 7.115 7.150 7.188 7.228 7.272 7.321 7.372 7.426 7.478 7.535 7.604 7.678 7.758 7.842 7.931 8.023 8.115 8.199 8.254 8.313 8.397 8.476 8.548 8.611 8.666 8.713
6.249 6.261 6.274 6.288 6.304 6.321 6.339 6.357 6.376 6.396 6.416 6.436 6.456 6.476 6.496 6.516 6.536 6.556 6.576 6.596 6.615 6.633 6.652 6.670 6.689 6.707 6.725 6.742 6.759 6.775 6.790 6.804 6.817 6.829 6.840 6.852 6.864 6.877 6.892 6.908 6.926 6.945 6.966 6.987 7.007 7.027 7.050 7.077 7.106 7.137 7.172 7.211 7.253 7.298 7.349 7.405 7.465 7.520 7.579 7.652 7.730 7.812 7.894 7.980 8.068 8.155 8.237 8.289 8.344 8.425 8.501 8.569 8.629 8.682 8.726
6.262 6.272 6.284 6.298 6.313 6.329 6.346 6.364 6.383 6.403 6.422 6.443 6.463 6.483 6.504 6.524 6.544 6.565 6.585 6.605 6.624 6.643 6.661 6.680 6.699 6.717 6.735 6.753 6.770 6.787 6.802 6.816 6.830 6.842 6.854 6.865 6.877 6.891 6.905 6.922 6.940 6.961 6.982 7.004 7.026 7.047 7.071 7.098 7.128 7.159 7.195 7.235 7.278 7.326 7.381 7.443 7.507 7.564 7.626 7.704 7.784 7.865 7.945 8.028 8.111 8.195 8.274 8.323 8.375 8.454 8.526 8.591 8.647 8.697 8.738
6.274 6.284 6.295 6.308 6.322 6.338 6.354 6.372 6.391 6.410 6.430 6.450 6.470 6.491 6.512 6.532 6.553 6.573 6.594 6.614 6.634 6.652 6.671 6.690 6.709 6.728 6.747 6.765 6.782 6.799 6.815 6.830 6.843 6.856 6.868 6.879 6.891 6.904 6.919 6.936 6.955 6.977 7.000 7.023 7.045 7.068 7.092 7.120 7.150 7.182 7.220 7.261 7.306 7.358 7.417 7.483 7.552 7.612 7.676 7.756 7.837 7.916 7.994 8.072 8.152 8.233 8.310 8.357 8.407 8.481 8.549 8.611 8.664 8.711 8.749
6.287 6.296 6.306 6.318 6.332 6.347 6.363 6.380 6.398 6.417 6.437 6.457 6.478 6.499 6.520 6.541 6.562 6.583 6.603 6.624 6.644 6.663 6.682 6.701 6.721 6.740 6.759 6.777 6.795 6.812 6.828 6.843 6.858 6.870 6.882 6.894 6.906 6.919 6.934 6.952 6.972 6.994 7.018 7.042 7.066 7.089 7.113 7.141 7.172 7.206 7.245 7.288 7.336 7.392 7.455 7.524 7.597 7.660 7.726 7.806 7.887 7.965 8.041 8.116 8.192 8.269 8.345 8.390 8.438 8.509 8.573 8.630 8.680 8.724 8.760
6.299 6.308 6.318 6.329 6.342 6.356 6.372 6.388 6.406 6.425 6.445 6.465 6.486 6.507 6.529 6.550 6.571 6.592 6.614 6.635 6.655 6.674 6.694 6.713 6.733 6.752 6.771 6.790 6.808 6.826 6.842 6.858 6.872 6.885 6.897 6.909 6.920 6.934 6.950 6.968 6.988 7.011 7.037 7.062 7.086 7.110 7.134 7.163 7.195 7.230 7.271 7.317 7.369 7.428 7.495 7.569 7.648 7.711 7.776 7.857 7.938 8.015 8.088 8.160 8.232 8.306 8.384 8.427 8.471 8.538 8.598 8.651 8.697 8.739 8.773
6.311 6.319 6.329 6.340 6.352 6.366 6.381 6.397 6.415 6.434 6.453 6.474 6.495 6.516 6.538 6.559 6.581 6.603 6.624 6.646 6.666 6.686 6.706 6.726 6.745 6.765 6.785 6.804 6.822 6.840 6.857 6.873 6.888 6.901 6.913 6.924 6.936 6.950 6.966 6.985 7.006 7.030 7.056 7.082 7.106 7.129 7.154 7.186 7.219 7.257 7.300 7.349 7.405 7.468 7.538 7.620 7.702 7.763 7.826 7.908 7.987 8.062 8.134 8.203 8.272 8.350 8.427 8.465 8.505 8.568 8.623 8.672 8.715 8.753 8.785
6.322 6.331 6.340 6.351 6.362 6.375 6.390 6.406 6.423 6.442 6.462 6.482 6.504 6.525 6.547 6.569 6.592 6.614 6.636 6.658 6.678 6.698 6.718 6.739 6.759 6.779 6.799 6.818 6.837 6.855 6.873 6.889 6.904 6.917 6.930 6.941 6.953 6.967 6.984 7.002 7.024 7.049 7.075 7.101 7.126 7.150 7.178 7.211 7.246 7.286 7.333 7.387 7.447 7.514 7.591 7.675 7.754 7.813 7.876 7.956 8.035 8.110 8.181 8.250 8.321 8.397 8.466 8.501 8.539 8.596 8.647 8.692 8.731 8.765 8.791
6.334 6.342 6.351 6.361 6.373 6.385 6.400 6.415 6.432 6.451 6.470 6.491 6.513 6.535 6.557 6.580 6.602 6.625 6.647 6.670 6.691 6.711 6.732 6.753 6.773 6.793 6.814 6.833 6.853 6.871 6.889 6.906 6.921 6.935 6.947 6.959 6.971 6.985 7.002 7.021 7.043 7.068 7.094 7.120 7.145 7.172 7.203 7.238 7.276 7.320 7.371 7.428 7.492 7.564 7.644 7.727 7.805 7.863 7.924 8.004 8.084 8.158 8.229 8.300 8.371 8.441 8.504 8.536 8.570 8.622 8.669 8.709 8.744 8.773 8.794
6.345 6.353 6.362 6.372 6.383 6.396 6.409 6.425 6.442 6.460 6.479 6.500 6.522 6.544 6.567 6.590 6.613 6.636 6.659 6.682 6.704 6.725 6.746 6.767 6.788 6.809 6.829 6.849 6.869 6.888 6.906 6.923 6.939 6.953 6.966 6.978 6.990 7.004 7.021 7.040 7.062 7.087 7.112 7.139 7.167 7.197 7.231 7.269 7.310 7.358 7.413 7.474 7.542 7.616 7.697 7.778 7.855 7.911 7.972 8.053 8.132 8.207 8.280 8.350 8.419 8.483 8.539 8.568 8.599 8.646 8.688 8.724 8.755 8.779 8.797
6.357 6.365 6.374 6.383 6.394 6.406 6.419 6.434 6.451 6.469 6.488 6.509 6.531 6.554 6.577 6.600 6.624 6.648 6.672 6.695 6.717 6.739 6.760 6.782 6.803 6.824 6.845 6.866 6.886 6.906 6.925 6.942 6.958 6.973 6.986 6.997 7.009 7.024 7.040 7.059 7.081 7.105 7.132 7.160 7.191 7.225 7.262 7.303 7.348 7.400 7.458 7.523 7.593 7.667 7.747 7.827 7.904 7.960 8.020 8.101 8.181 8.257 8.329 8.398 8.464 8.522 8.572 8.598 8.626 8.668 8.705 8.737 8.763 8.784 8.800
6.368 6.377 6.385 6.395 6.405 6.417 6.430 6.444 6.461 6.478 6.498 6.518 6.540 6.563 6.587 6.611 6.635 6.660 6.684 6.708 6.731 6.753 6.775 6.797 6.819 6.841 6.862 6.883 6.904 6.924 6.943 6.962 6.978 6.993 7.006 7.018 7.030 7.044 7.060 7.078 7.099 7.125 7.153 7.183 7.217 7.255 7.297 7.341 7.388 7.444 7.506 7.573 7.643 7.717 7.795 7.876 7.954 8.009 8.068 8.150 8.230 8.306 8.377 8.444 8.506 8.559 8.603 8.626 8.651 8.687 8.720 8.748 8.770 8.789 8.803
