version1/TsunamiDB/out54063.asc
ncols          264
nrows          230
xllcorner      497853.4375
yllcorner      4229146.0000
cellsize         5.
NODATA_value   -99
[rows 0 to 32 of 230, columns 75 to 149 of 264]
-99.000 -99.000 -99.000 -99.000 -99.000 -99.000 -99.000 -99.000 -99.000 -99.000 -99.000 -99.000 -99.000 -99.000 -99.000 -99.000 -99.000 -99.000 -99.000 -99.000 -99.000 -99.000 -99.000 -99.000 -99.000 -99.000 1.649 1.675 1.783 1.985 2.251 2.543 2.824 3.070 3.271 3.432 3.560 3.664 3.752 3.828 3.897 3.961 4.021 4.078 4.132 4.185 4.236 4.286 4.335 4.383 4.430 4.476 4.520 4.564 4.607 4.648 4.687 4.725 4.763 4.799 4.835 4.869 4.902 4.933 4.964 4.994 5.022 5.050 5.077 5.103 5.128 5.152 5.176 5.199 5.221
-99.000 -99.000 -99.000 -99.000 -99.000 -99.000 -99.000 -99.000 -99.000 -99.000 -99.000 -99.000 -99.000 -99.000 -99.000 -99.000 -99.000 -99.000 -99.000 -99.000 -99.000 -99.000 -99.000 -99.000 -99.000 1.647 1.654 1.711 1.863 2.099 2.381 2.672 2.940 3.166 3.348 3.493 3.610 3.706 3.788 3.860 3.926 3.988 4.046 4.101 4.154 4.206 4.256 4.305 4.352 4.399 4.445 4.490 4.534 4.577 4.620 4.661 4.700 4.738 4.776 4.813 4.848 4.882 4.916 4.948 4.979 5.009 5.038 5.066 5.093 5.119 5.145 5.169 5.193 5.216 5.239
-99.000 -99.000 -99.000 -99.000 -99.000 -99.000 -99.000 -99.000 -99.000 -99.000 -99.000 -99.000 -99.000 -99.000 -99.000 -99.000 -99.000 -99.000 -99.000 -99.000 -99.000 -99.000 -99.000 -99.000 -99.000 1.648 1.670 1.767 1.960 2.222 2.513 2.796 3.047 3.253 3.418 3.549 3.655 3.744 3.822 3.891 3.955 4.014 4.070 4.124 4.176 4.226 4.275 4.323 4.369 4.415 4.460 4.504 4.547 4.590 4.632 4.673 4.712 4.750 4.788 4.825 4.860 4.895 4.928 4.961 4.992 5.022 5.052 5.080 5.108 5.134 5.160 5.185 5.209 5.233 5.256
-99.000 -99.000 -99.000 -99.000 -99.000 -99.000 -99.000 -99.000 -99.000 -99.000 -99.000 -99.000 -99.000 -99.000 -99.000 -99.000 -99.000 -99.000 -99.000 -99.000 -99.000 -99.000 -99.000 -99.000 1.647 1.652 1.701 1.842 2.070 2.350 2.642 2.913 3.145 3.332 3.481 3.600 3.698 3.781 3.854 3.921 3.982 4.040 4.095 4.147 4.197 4.246 4.294 4.340 4.386 4.430 4.474 4.518 4.560 4.602 4.643 4.684 4.723 4.761 4.799 4.835 4.871 4.906 4.940 4.972 5.004 5.035 5.064 5.093 5.121 5.148 5.174 5.200 5.224 5.248 5.271
-99.000 -99.000 -99.000 -99.000 -99.000 -99.000 -99.000 -99.000 -99.000 -99.000 -99.000 -99.000 -99.000 -99.000 -99.000 -99.000 -99.000 -99.000 -99.000 -99.000 -99.000 -99.000 -99.000 -99.000 1.648 1.665 1.752 1.935 2.191 2.481 2.767 3.022 3.234 3.403 3.538 3.647 3.737 3.816 3.886 3.949 4.009 4.065 4.118 4.169 4.219 4.266 4.313 4.358 4.402 4.446 4.489 4.531 4.573 4.614 4.655 4.695 4.733 4.771 4.808 4.845 4.881 4.916 4.950 4.983 5.015 5.046 5.076 5.105 5.133 5.160 5.187 5.213 5.238 5.262 5.286
-99.000 -99.000 -99.000 -99.000 -99.000 -99.000 -99.000 -99.000 -99.000 -99.000 -99.000 -99.000 -99.000 -99.000 -99.000 -99.000 -99.000 -99.000 -99.000 -99.000 -99.000 -99.000 -99.000 1.647 1.651 1.691 1.822 2.042 2.317 2.610 2.885 3.122 3.315 3.467 3.589 3.690 3.774 3.849 3.916 3.977 4.035 4.090 4.142 4.192 4.240 4.286 4.331 4.376 4.419 4.461 4.503 4.544 4.585 4.626 4.666 4.705 4.743 4.780 4.817 4.854 4.890 4.925 4.959 4.992 5.024 5.056 5.086 5.115 5.144 5.171 5.198 5.225 5.250 5.275 5.299
-99.000 -99.000 -99.000 -99.000 -99.000 -99.000 -99.000 -99.000 -99.000 -99.000 -99.000 -99.000 -99.000 -99.000 -99.000 -99.000 -99.000 -99.000 -99.000 -99.000 -99.000 -99.000 -99.000 1.647 1.660 1.737 1.909 2.159 2.447 2.735 2.995 3.213 3.387 3.525 3.637 3.730 3.809 3.880 3.945 4.004 4.061 4.114 4.165 4.214 4.261 4.306 4.350 4.393 4.436 4.477 4.518 4.558 4.598 4.637 4.676 4.715 4.752 4.789 4.826 4.862 4.898 4.933 4.967 5.000 5.033 5.064 5.095 5.124 5.153 5.181 5.208 5.235 5.261 5.286 5.310
-99.000 -99.000 -99.000 -99.000 -99.000 -99.000 -99.000 -99.000 -99.000 -99.000 -99.000 -99.000 -99.000 -99.000 -99.000 -99.000 -99.000 -99.000 -99.000 -99.000 -99.000 -99.000 1.647 1.649 1.683 1.801 2.012 2.283 2.576 2.854 3.096 3.295 3.453 3.578 3.680 3.767 3.843 3.910 3.973 4.031 4.086 4.138 4.188 4.235 4.281 4.326 4.369 4.411 4.452 4.493 4.533 4.572 4.611 4.649 4.687 4.725 4.761 4.798 4.834 4.870 4.906 4.940 4.974 5.008 5.040 5.072 5.103 5.132 5.162 5.190 5.217 5.244 5.270 5.296 5.320
-99.000 -99.000 -99.000 -99.000 -99.000 -99.000 -99.000 -99.000 -99.000 -99.000 -99.000 -99.000 -99.000 -99.000 -99.000 -99.000 -99.000 -99.000 -99.000 -99.000 -99.000 -99.000 1.647 1.657 1.722 1.884 2.126 2.411 2.701 2.966 3.189 3.369 3.512 3.626 3.721 3.802 3.874 3.940 4.000 4.057 4.110 4.161 4.210 4.257 4.302 4.346 4.388 4.429 4.470 4.509 4.548 4.586 4.624 4.661 4.698 4.735 4.771 4.806 4.842 4.878 4.913 4.947 4.981 5.014 5.047 5.078 5.109 5.139 5.169 5.197 5.225 5.252 5.278 5.304 5.329
-99.000 -99.000 -99.000 -99.000 -99.000 -99.000 -99.000 -99.000 -99.000 -99.000 -99.000 -99.000 -99.000 -99.000 -99.000 -99.000 -99.000 -99.000 -99.000 -99.000 -99.000 -99.000 1.649 1.675 1.781 1.981 2.247 2.539 2.821 3.069 3.273 3.436 3.566 3.671 3.759 3.836 3.905 3.968 4.027 4.082 4.135 4.185 4.232 4.278 4.323 4.366 4.407 4.448 4.487 4.525 4.563 4.600 4.637 4.674 4.710 4.746 4.781 4.815 4.850 4.885 4.919 4.953 4.987 5.020 5.052 5.084 5.115 5.145 5.175 5.204 5.232 5.259 5.286 5.312 5.337
-99.000 -99.000 -99.000 -99.000 -99.000 -99.000 -99.000 -99.000 -99.000 -99.000 -99.000 -99.000 -99.000 -99.000 -99.000 -99.000 -99.000 -99.000 -99.000 -99.000 -99.000 1.647 1.654 1.709 1.858 2.091 2.373 2.665 2.934 3.164 3.350 3.497 3.616 3.712 3.795 3.868 3.934 3.995 4.053 4.107 4.158 4.207 4.254 4.300 4.343 4.385 4.426 4.466 4.504 4.542 4.579 4.615 4.651 4.687 4.722 4.757 4.791 4.824 4.859 4.893 4.926 4.960 4.993 5.026 5.058 5.089 5.120 5.150 5.180 5.209 5.237 5.265 5.292 5.318 5.344
-99.000 -99.000 -99.000 -99.000 -99.000 -99.000 -99.000 -99.000 -99.000 -99.000 -99.000 -99.000 -99.000 -99.000 -99.000 -99.000 -99.000 -99.000 -99.000 -99.000 -99.000 1.648 1.668 1.761 1.951 2.210 2.501 2.786 3.040 3.250 3.418 3.552 3.661 3.751 3.828 3.899 3.962 4.022 4.078 4.131 4.181 4.230 4.276 4.321 4.364 4.405 4.445 4.484 4.522 4.559 4.595 4.631 4.666 4.700 4.735 4.769 4.801 4.834 4.867 4.901 4.934 4.966 4.999 5.031 5.063 5.094 5.125 5.155 5.185 5.213 5.242 5.270 5.297 5.323 5.349
-99.000 -99.000 -99.000 -99.000 -99.000 -99.000 -99.000 -99.000 -99.000 -99.000 -99.000 -99.000 -99.000 -99.000 -99.000 -99.000 -99.000 -99.000 -99.000 -99.000 1.647 1.652 1.696 1.832 2.056 2.334 2.627 2.901 3.136 3.328 3.481 3.603 3.703 3.787 3.861 3.928 3.990 4.048 4.103 4.155 4.204 4.252 4.298 4.342 4.384 4.425 4.464 4.503 4.540 4.577 4.612 4.647 4.681 4.715 4.748 4.781 4.813 4.845 4.877 4.909 4.941 4.973 5.005 5.037 5.068 5.099 5.129 5.159 5.188 5.217 5.246 5.274 5.301 5.328 5.354
-99.000 -99.000 -99.000 -99.000 -99.000 -99.000 -99.000 -99.000 -99.000 -99.000 -99.000 -99.000 -99.000 -99.000 -99.000 -99.000 -99.000 -99.000 -99.000 -99.000 1.648 1.662 1.742 1.919 2.171 2.460 2.748 3.008 3.225 3.399 3.538 3.649 3.742 3.821 3.892 3.956 4.016 4.073 4.127 4.178 4.227 4.273 4.319 4.362 4.404 4.444 4.483 4.521 4.558 4.594 4.629 4.663 4.696 4.729 4.762 4.794 4.825 4.856 4.887 4.918 4.950 4.981 5.012 5.042 5.073 5.103 5.133 5.163 5.192 5.221 5.249 5.277 5.305 5.331 5.358
-99.000 -99.000 -99.000 -99.000 -99.000 -99.000 -99.000 -99.000 -99.000 -99.000 -99.000 -99.000 -99.000 -99.000 -99.000 -99.000 -99.000 -99.000 -99.000 1.647 1.650 1.685 1.807 2.020 2.292 2.585 2.864 3.106 3.305 3.463 3.590 3.692 3.779 3.854 3.921 3.984 4.042 4.097 4.150 4.200 4.248 4.295 4.339 4.382 4.423 4.463 4.502 4.540 4.576 4.611 4.646 4.679 4.712 4.745 4.776 4.808 4.838 4.868 4.898 4.929 4.959 4.989 5.019 5.049 5.079 5.108 5.138 5.167 5.196 5.224 5.253 5.280 5.308 5.335 5.361
-99.000 -99.000 -99.000 -99.000 -99.000 -99.000 -99.000 -99.000 -99.000 -99.000 -99.000 -99.000 -99.000 -99.000 -99.000 -99.000 -99.000 -99.000 -99.000 1.647 1.657 1.724 1.887 2.130 2.417 2.707 2.973 3.197 3.378 3.522 3.637 3.732 3.814 3.885 3.950 4.010 4.067 4.121 4.173 4.222 4.270 4.315 4.359 4.402 4.443 4.482 4.521 4.558 4.594 4.629 4.663 4.696 4.728 4.760 4.791 4.822 4.851 4.880 4.910 4.940 4.969 4.998 5.027 5.056 5.085 5.114 5.143 5.171 5.200 5.228 5.256 5.283 5.311 5.338 5.364
-99.000 -99.000 -99.000 -99.000 -99.000 -99.000 -99.000 -99.000 -99.000 -99.000 -99.000 -99.000 -99.000 -99.000 -99.000 -99.000 -99.000 -99.000 -99.000 1.649 1.675 1.782 1.982 2.248 2.541 2.824 3.074 3.280 3.444 3.575 3.681 3.770 3.847 3.914 3.977 4.036 4.092 4.144 4.195 4.244 4.290 4.335 4.379 4.421 4.462 4.501 4.539 4.576 4.611 4.646 4.680 4.713 4.745 4.776 4.806 4.836 4.865 4.894 4.923 4.951 4.980 5.008 5.036 5.065 5.093 5.121 5.149 5.177 5.204 5.232 5.259 5.287 5.314 5.341 5.367
-99.000 -99.000 -99.000 -99.000 -99.000 -99.000 -99.000 -99.000 -99.000 -99.000 -99.000 -99.000 -99.000 -99.000 -99.000 -99.000 -99.000 -99.000 1.647 1.654 1.708 1.855 2.088 2.370 2.663 2.934 3.167 3.355 3.505 3.625 3.723 3.806 3.878 3.943 4.004 4.061 4.115 4.167 4.217 4.264 4.311 4.355 4.398 4.440 4.480 4.519 4.557 4.593 4.629 4.663 4.696 4.729 4.761 4.792 4.822 4.851 4.879 4.907 4.936 4.964 4.991 5.019 5.046 5.074 5.101 5.128 5.155 5.183 5.210 5.237 5.264 5.290 5.317 5.344 5.370
-99.000 -99.000 -99.000 -99.000 -99.000 -99.000 -99.000 -99.000 -99.000 -99.000 -99.000 -99.000 -99.000 -99.000 -99.000 -99.000 -99.000 -99.000 1.648 1.667 1.757 1.943 2.201 2.492 2.780 3.037 3.252 3.424 3.560 3.670 3.761 3.839 3.908 3.971 4.030 4.085 4.138 4.189 4.238 4.285 4.330 4.374 4.417 4.458 4.498 4.536 4.574 4.610 4.645 4.680 4.713 4.745 4.777 4.807 4.837 4.866 4.893 4.922 4.949 4.977 5.004 5.031 5.057 5.084 5.110 5.137 5.163 5.190 5.216 5.242 5.269 5.295 5.321 5.347 5.373
-99.000 -99.000 -99.000 -99.000 -99.000 -99.000 -99.000 -99.000 -99.000 -99.000 -99.000 -99.000 -99.000 -99.000 -99.000 -99.000 -99.000 1.647 1.651 1.692 1.823 2.043 2.319 2.614 2.892 3.132 3.329 3.486 3.611 3.712 3.797 3.872 3.937 3.998 4.055 4.109 4.161 4.211 4.259 4.305 4.350 4.393 4.435 4.476 4.515 4.554 4.591 4.627 4.662 4.696 4.729 4.761 4.792 4.823 4.852 4.881 4.908 4.936 4.963 4.990 5.017 5.043 5.069 5.095 5.121 5.147 5.172 5.198 5.223 5.249 5.275 5.300 5.326 5.352 5.377
-99.000 -99.000 -99.000 -99.000 -99.000 -99.000 -99.000 -99.000 -99.000 -99.000 -99.000 -99.000 -99.000 -99.000 -99.000 -99.000 -99.000 1.647 1.660 1.733 1.903 2.151 2.440 2.731 2.996 3.220 3.400 3.543 3.658 3.752 3.832 3.902 3.965 4.024 4.080 4.133 4.183 4.232 4.279 4.324 4.368 4.411 4.453 4.493 4.532 4.570 4.607 4.643 4.678 4.711 4.744 4.776 4.807 4.838 4.867 4.895 4.922 4.950 4.977 5.004 5.030 5.056 5.081 5.107 5.132 5.157 5.182 5.207 5.232 5.257 5.282 5.307 5.332 5.357 5.382
-99.000 -99.000 -99.000 -99.000 -99.000 -99.000 -99.000 -99.000 -99.000 -99.000 -99.000 -99.000 -99.000 -99.000 -99.000 -99.000 1.647 1.649 1.679 1.791 1.996 2.265 2.559 2.844 3.094 3.300 3.465 3.596 3.701 3.789 3.865 3.932 3.993 4.049 4.104 4.155 4.205 4.253 4.299 4.343 4.387 4.429 4.470 4.510 4.549 4.586 4.623 4.658 4.693 4.727 4.759 4.791 4.822 4.853 4.882 4.910 4.937 4.964 4.991 5.017 5.043 5.069 5.094 5.119 5.144 5.168 5.193 5.217 5.242 5.266 5.290 5.315 5.339 5.363 5.387
-99.000 -99.000 -99.000 -99.000 -99.000 -99.000 -99.000 -99.000 -99.000 -99.000 -99.000 -99.000 -99.000 -99.000 -99.000 -99.000 1.647 1.654 1.711 1.863 2.098 2.382 2.677 2.950 3.184 3.373 3.524 3.644 3.742 3.824 3.896 3.961 4.020 4.075 4.128 4.178 4.226 4.273 4.318 4.362 4.405 4.447 4.487 4.526 4.565 4.602 4.638 4.674 4.708 4.742 4.774 4.806 4.837 4.867 4.896 4.924 4.951 4.978 5.005 5.031 5.057 5.082 5.107 5.132 5.156 5.180 5.204 5.228 5.252 5.276 5.300 5.323 5.347 5.371 5.394
-99.000 -99.000 -99.000 -99.000 -99.000 -99.000 -99.000 -99.000 -99.000 -99.000 -99.000 -99.000 -99.000 -99.000 -99.000 -99.000 1.648 1.667 1.759 1.947 2.207 2.500 2.789 3.049 3.266 3.440 3.578 3.689 3.780 3.858 3.927 3.989 4.046 4.099 4.151 4.200 4.248 4.293 4.338 4.381 4.423 4.464 4.504 4.543 4.581 4.617 4.653 4.689 4.723 4.756 4.788 4.820 4.851 4.881 4.910 4.938 4.965 4.992 5.018 5.044 5.070 5.095 5.120 5.144 5.169 5.193 5.216 5.240 5.263 5.287 5.310 5.333 5.356 5.379 5.402
-99.000 -99.000 -99.000 -99.000 -99.000 -99.000 -99.000 -99.000 -99.000 -99.000 -99.000 -99.000 -99.000 -99.000 -99.000 1.647 1.651 1.692 1.822 2.042 2.319 2.616 2.897 3.142 3.342 3.502 3.629 3.731 3.816 3.890 3.956 4.016 4.071 4.123 4.174 4.222 4.269 4.314 4.357 4.400 4.441 4.481 4.520 4.559 4.596 4.633 4.668 4.703 4.737 4.770 4.802 4.834 4.864 4.894 4.924 4.951 4.978 5.005 5.032 5.058 5.083 5.108 5.133 5.157 5.181 5.205 5.229 5.252 5.275 5.298 5.321 5.344 5.366 5.389 5.411
-99.000 -99.000 -99.000 -99.000 -99.000 -99.000 -99.000 -99.000 -99.000 -99.000 -99.000 -99.000 -99.000 -99.000 -99.000 1.647 1.659 1.730 1.898 2.145 2.434 2.729 2.998 3.227 3.412 3.558 3.675 3.770 3.851 3.921 3.985 4.043 4.096 4.147 4.197 4.244 4.290 4.334 4.377 4.418 4.459 4.498 4.537 4.575 4.612 4.648 4.683 4.717 4.751 4.784 4.816 4.847 4.878 4.908 4.937 4.964 4.991 5.018 5.045 5.071 5.096 5.121 5.146 5.170 5.194 5.217 5.241 5.264 5.287 5.310 5.332 5.355 5.377 5.399 5.421
-99.000 -99.000 -99.000 -99.000 -99.000 -99.000 -99.000 -99.000 -99.000 -99.000 -99.000 -99.000 -99.000 -99.000 -99.000 1.649 1.676 1.783 1.984 2.252 2.549 2.837 3.093 3.306 3.476 3.610 3.718 3.808 3.884 3.951 4.013 4.069 4.121 4.171 4.219 4.266 4.310 4.354 4.396 4.437 4.477 4.516 4.554 4.591 4.627 4.663 4.698 4.732 4.765 4.798 4.830 4.861 4.891 4.921 4.950 4.977 5.004 5.031 5.057 5.083 5.109 5.134 5.158 5.182 5.206 5.230 5.253 5.276 5.299 5.321 5.344 5.366 5.388 5.409 5.431
-99.000 -99.000 -99.000 -99.000 -99.000 -99.000 -99.000 -99.000 -99.000 -99.000 -99.000 -99.000 -99.000 -99.000 1.647 1.653 1.704 1.849 2.080 2.363 2.661 2.940 3.181 3.378 3.534 3.658 3.759 3.843 3.916 3.980 4.040 4.095 4.146 4.195 4.242 4.287 4.331 4.374 4.415 4.455 4.495 4.533 4.570 4.607 4.643 4.678 4.712 4.746 4.779 4.811 4.843 4.874 4.904 4.934 4.963 4.990 5.017 5.044 5.070 5.096 5.121 5.146 5.171 5.195 5.218 5.242 5.265 5.288 5.310 5.333 5.355 5.377 5.399 5.420 5.441
-99.000 -99.000 -99.000 -99.000 -99.000 -99.000 -99.000 -99.000 -99.000 -99.000 -99.000 -99.000 -99.000 -99.000 1.648 1.663 1.747 1.926 2.182 2.475 2.770 3.037 3.263 3.444 3.588 3.703 3.797 3.877 3.946 4.009 4.066 4.120 4.170 4.218 4.264 4.309 4.352 4.394 4.435 4.474 4.513 4.550 4.587 4.623 4.659 4.693 4.727 4.761 4.793 4.825 4.857 4.887 4.917 4.947 4.975 5.003 5.029 5.056 5.083 5.108 5.134 5.158 5.183 5.207 5.230 5.254 5.277 5.299 5.322 5.344 5.366 5.388 5.409 5.431 5.452
-99.000 -99.000 -99.000 -99.000 -99.000 -99.000 -99.000 -99.000 -99.000 -99.000 -99.000 -99.000 -99.000 1.647 1.650 1.683 1.802 2.014 2.288 2.587 2.875 3.128 3.338 3.505 3.638 3.745 3.833 3.909 3.976 4.037 4.093 4.145 4.194 4.241 4.287 4.331 4.373 4.414 4.454 4.493 4.531 4.568 4.604 4.640 4.675 4.709 4.742 4.775 4.808 4.839 4.870 4.901 4.931 4.960 4.988 5.015 5.042 5.069 5.095 5.121 5.146 5.171 5.195 5.219 5.242 5.265 5.288 5.311 5.333 5.355 5.377 5.399 5.420 5.441 5.462
-99.000 -99.000 -99.000 -99.000 -99.000 -99.000 -99.000 -99.000 -99.000 -99.000 -99.000 -99.000 -99.000 1.647 1.655 1.715 1.870 2.110 2.398 2.696 2.974 3.213 3.407 3.562 3.685 3.784 3.868 3.940 4.005 4.064 4.119 4.170 4.218 4.264 4.309 4.352 4.394 4.435 4.474 4.512 4.549 4.586 4.622 4.657 4.691 4.725 4.758 4.790 4.822 4.854 4.884 4.914 4.944 4.973 5.001 5.028 5.055 5.081 5.107 5.133 5.158 5.183 5.207 5.231 5.254 5.277 5.300 5.322 5.344 5.366 5.388 5.409 5.430 5.451 5.472
-99.000 -99.000 -99.000 -99.000 -99.000 -99.000 -99.000 -99.000 -99.000 -99.000 -99.000 -99.000 -99.000 1.648 1.668 1.760 1.950 2.211 2.508 2.803 3.068 3.292 3.471 3.614 3.728 3.822 3.901 3.970 4.033 4.091 4.144 4.195 4.242 4.287 4.332 4.374 4.415 4.455 4.494 4.531 4.568 4.604 4.639 4.674 4.708 4.741 4.773 4.805 4.837 4.868 4.898 4.928 4.958 4.986 5.014 5.041 5.067 5.094 5.120 5.145 5.170 5.195 5.219 5.242 5.266 5.288 5.311 5.333 5.355 5.377 5.398 5.419 5.440 5.461 5.482
-99.000 -99.000 -99.000 -99.000 -99.000 -99.000 -99.000 -99.000 -99.000 -99.000 -99.000 -99.000 1.647 1.651 1.690 1.819 2.038 2.318 2.618 2.905 3.157 3.365 3.530 3.662 3.769 3.857 3.933 4.000 4.061 4.117 4.170 4.219 4.266 4.310 4.354 4.396 4.436 4.476 4.514 4.551 4.587 4.622 4.657 4.691 4.724 4.757 4.789 4.821 4.852 4.883 4.913 4.942 4.972 5.000 5.028 5.054 5.080 5.107 5.133 5.158 5.183 5.207 5.231 5.254 5.277 5.300 5.322 5.344 5.366 5.387 5.408 5.429 5.450 5.471 5.491
