version1/TsunamiDB/out54010.asc
ncols          264
nrows          230
xllcorner      497853.4375
yllcorner      4229146.0000
cellsize         5.
NODATA_value   -99
[rows 155 to 185 of 230, columns 140 to 209 of 264]
-99.000 -99.000 -99.000 -99.000 -99.000 -99.000 -99.000 -99.000 -99.000 1.644 1.646 1.675 1.795 2.022 2.334 2.708 3.114 3.517 3.890 4.209 4.454 4.632 4.762 4.862 4.943 5.011 5.073 5.131 5.184 5.235 5.285 5.331 5.376 5.418 5.458 5.499 5.543 5.590 5.637 5.688 5.741 5.800 5.868 5.941 6.018 6.099 6.169 6.212 6.276 6.346 6.377 6.394 6.416 6.450 6.495 6.551 6.592 6.570 6.625 6.730 6.756 6.731 6.677 6.603 6.502 6.380 6.256 6.155 6.141 6.186
-99.000 -99.000 -99.000 -99.000 -99.000 -99.000 -99.000 -99.000 -99.000 1.644 1.651 1.709 1.873 2.136 2.475 2.864 3.270 3.663 4.017 4.317 4.544 4.710 4.832 4.926 5.002 5.067 5.126 5.182 5.233 5.282 5.331 5.378 5.424 5.467 5.509 5.552 5.597 5.647 5.696 5.750 5.803 5.864 5.933 6.004 6.078 6.161 6.221 6.254 6.321 6.394 6.424 6.440 6.458 6.482 6.518 6.577 6.602 6.558 6.604 6.701 6.718 6.688 6.633 6.558 6.460 6.337 6.225 6.148 6.149 6.205
-99.000 -99.000 -99.000 -99.000 -99.000 -99.000 -99.000 -99.000 -99.000 1.645 1.663 1.760 1.965 2.260 2.621 3.020 3.422 3.800 4.134 4.413 4.626 4.780 4.896 4.986 5.059 5.122 5.179 5.235 5.284 5.333 5.383 5.432 5.479 5.524 5.570 5.617 5.666 5.717 5.769 5.826 5.880 5.942 6.009 6.080 6.153 6.220 6.265 6.300 6.369 6.447 6.481 6.500 6.516 6.539 6.573 6.605 6.597 6.546 6.584 6.670 6.680 6.647 6.588 6.511 6.413 6.304 6.220 6.158 6.169 6.234
-99.000 -99.000 -99.000 -99.000 -99.000 -99.000 -99.000 -99.000 1.644 1.647 1.688 1.827 2.069 2.392 2.771 3.173 3.567 3.928 4.241 4.499 4.696 4.840 4.950 5.036 5.108 5.170 5.228 5.284 5.336 5.386 5.439 5.490 5.540 5.590 5.641 5.693 5.746 5.797 5.854 5.914 5.967 6.026 6.090 6.158 6.219 6.272 6.313 6.347 6.420 6.505 6.547 6.569 6.587 6.606 6.620 6.618 6.591 6.532 6.561 6.635 6.640 6.603 6.542 6.464 6.375 6.293 6.230 6.180 6.198 6.276
-99.000 -99.000 -99.000 -99.000 -99.000 -99.000 -99.000 -99.000 1.644 1.654 1.728 1.908 2.183 2.530 2.921 3.323 3.705 4.046 4.337 4.574 4.753 4.887 4.991 5.075 5.147 5.210 5.270 5.329 5.384 5.439 5.495 5.550 5.605 5.661 5.719 5.776 5.832 5.885 5.946 6.009 6.058 6.112 6.171 6.229 6.281 6.325 6.364 6.397 6.475 6.568 6.615 6.640 6.656 6.662 6.653 6.627 6.582 6.516 6.535 6.598 6.597 6.558 6.497 6.426 6.357 6.297 6.250 6.210 6.238 6.326
-99.000 -99.000 -99.000 -99.000 -99.000 -99.000 -99.000 -99.000 1.645 1.671 1.783 2.001 2.306 2.672 3.071 3.467 3.834 4.154 4.423 4.635 4.795 4.918 5.018 5.102 5.175 5.241 5.305 5.368 5.427 5.487 5.549 5.610 5.671 5.733 5.798 5.860 5.921 5.976 6.040 6.103 6.149 6.198 6.246 6.295 6.342 6.381 6.419 6.451 6.530 6.628 6.678 6.704 6.711 6.702 6.676 6.629 6.570 6.497 6.506 6.558 6.554 6.516 6.460 6.404 6.355 6.312 6.279 6.250 6.285 6.379
-99.000 -99.000 -99.000 -99.000 -99.000 -99.000 -99.000 1.644 1.649 1.699 1.852 2.105 2.435 2.816 3.217 3.605 3.954 4.253 4.496 4.681 4.822 4.937 5.034 5.118 5.192 5.261 5.329 5.397 5.462 5.528 5.598 5.666 5.733 5.802 5.873 5.943 6.008 6.064 6.131 6.197 6.239 6.279 6.318 6.361 6.401 6.438 6.473 6.500 6.579 6.681 6.731 6.752 6.749 6.729 6.688 6.626 6.554 6.474 6.474 6.519 6.515 6.482 6.438 6.398 6.364 6.337 6.317 6.293 6.333 6.432
-99.000 -99.000 -99.000 -99.000 -99.000 -99.000 -99.000 1.644 1.658 1.742 1.934 2.217 2.569 2.960 3.359 3.735 4.066 4.341 4.553 4.714 4.841 4.949 5.042 5.125 5.200 5.271 5.343 5.416 5.487 5.560 5.638 5.713 5.787 5.865 5.944 6.020 6.088 6.146 6.216 6.286 6.323 6.356 6.388 6.423 6.459 6.491 6.520 6.542 6.621 6.724 6.770 6.784 6.774 6.743 6.691 6.616 6.532 6.448 6.444 6.485 6.483 6.461 6.430 6.401 6.382 6.368 6.355 6.336 6.379 6.480
-99.000 -99.000 -99.000 -99.000 -99.000 -99.000 1.644 1.646 1.677 1.799 2.027 2.337 2.706 3.103 3.496 3.857 4.167 4.414 4.599 4.741 4.858 4.958 5.046 5.126 5.200 5.272 5.347 5.425 5.502 5.582 5.668 5.752 5.835 5.921 6.007 6.088 6.160 6.218 6.293 6.363 6.397 6.425 6.449 6.476 6.506 6.532 6.557 6.572 6.647 6.748 6.788 6.797 6.778 6.740 6.678 6.591 6.501 6.417 6.410 6.451 6.457 6.447 6.426 6.411 6.404 6.397 6.389 6.373 6.417 6.518
-99.000 -99.000 -99.000 -99.000 -99.000 -99.000 1.644 1.651 1.708 1.870 2.129 2.463 2.845 3.244 3.627 3.970 4.257 4.476 4.640 4.768 4.874 4.966 5.049 5.125 5.196 5.267 5.343 5.426 5.507 5.593 5.687 5.779 5.871 5.965 6.056 6.141 6.217 6.276 6.352 6.425 6.459 6.483 6.501 6.522 6.543 6.562 6.582 6.590 6.659 6.756 6.792 6.794 6.769 6.725 6.659 6.567 6.474 6.391 6.388 6.434 6.448 6.446 6.435 6.429 6.429 6.425 6.421 6.406 6.448 6.547
-99.000 -99.000 -99.000 -99.000 -99.000 -99.000 1.645 1.662 1.754 1.953 2.241 2.594 2.985 3.380 3.750 4.073 4.335 4.530 4.677 4.794 4.892 4.977 5.053 5.124 5.191 5.260 5.336 5.420 5.505 5.597 5.698 5.799 5.900 6.002 6.099 6.190 6.270 6.327 6.406 6.485 6.520 6.541 6.555 6.569 6.582 6.595 6.609 6.606 6.668 6.763 6.796 6.792 6.762 6.715 6.645 6.550 6.453 6.376 6.380 6.430 6.451 6.455 6.452 6.453 6.456 6.456 6.453 6.436 6.474 6.569
-99.000 -99.000 -99.000 -99.000 -99.000 1.644 1.647 1.683 1.813 2.047 2.361 2.730 3.124 3.511 3.864 4.165 4.400 4.575 4.710 4.817 4.908 4.988 5.061 5.127 5.190 5.256 5.332 5.418 5.504 5.601 5.709 5.819 5.931 6.039 6.141 6.239 6.316 6.372 6.456 6.540 6.576 6.596 6.608 6.615 6.620 6.629 6.630 6.614 6.672 6.766 6.794 6.785 6.752 6.699 6.625 6.523 6.430 6.367 6.377 6.431 6.457 6.468 6.471 6.474 6.479 6.481 6.477 6.456 6.491 6.582
-99.000 -99.000 -99.000 -99.000 -99.000 1.644 1.652 1.717 1.887 2.152 2.488 2.869 3.262 3.637 3.970 4.245 4.453 4.611 4.735 4.836 4.923 5.000 5.070 5.134 5.195 5.261 5.337 5.423 5.511 5.612 5.727 5.845 5.962 6.077 6.186 6.279 6.353 6.411 6.500 6.589 6.628 6.650 6.658 6.662 6.662 6.656 6.642 6.619 6.672 6.761 6.785 6.773 6.732 6.672 6.591 6.495 6.420 6.366 6.378 6.435 6.467 6.484 6.488 6.493 6.499 6.499 6.492 6.468 6.498 6.584
-99.000 -99.000 -99.000 -99.000 -99.000 1.645 1.665 1.766 1.973 2.267 2.623 3.011 3.398 3.756 4.065 4.310 4.495 4.637 4.752 4.849 4.934 5.010 5.079 5.141 5.202 5.267 5.342 5.430 5.521 5.627 5.747 5.869 5.990 6.109 6.217 6.308 6.383 6.443 6.536 6.632 6.676 6.699 6.706 6.706 6.695 6.673 6.649 6.617 6.665 6.749 6.770 6.751 6.704 6.637 6.558 6.478 6.416 6.366 6.380 6.442 6.479 6.497 6.502 6.507 6.511 6.508 6.498 6.470 6.494 6.576
-99.000 -99.000 -99.000 -99.000 1.645 1.648 1.690 1.830 2.072 2.391 2.762 3.153 3.531 3.869 4.149 4.362 4.526 4.656 4.764 4.857 4.939 5.014 5.081 5.143 5.203 5.267 5.344 5.436 5.531 5.641 5.764 5.888 6.012 6.130 6.239 6.331 6.408 6.470 6.568 6.671 6.717 6.741 6.748 6.740 6.718 6.684 6.648 6.610 6.652 6.731 6.746 6.723 6.670 6.603 6.535 6.467 6.412 6.366 6.385 6.450 6.488 6.506 6.511 6.513 6.514 6.509 6.495 6.463 6.483 6.561
-99.000 -99.000 -99.000 -99.000 1.645 1.655 1.729 1.908 2.181 2.523 2.906 3.295 3.659 3.973 4.219 4.406 4.552 4.671 4.771 4.859 4.939 5.011 5.076 5.136 5.196 5.262 5.343 5.438 5.539 5.652 5.777 5.902 6.023 6.142 6.254 6.348 6.428 6.491 6.592 6.699 6.748 6.774 6.776 6.762 6.732 6.687 6.643 6.599 6.633 6.707 6.718 6.691 6.638 6.579 6.519 6.459 6.411 6.368 6.388 6.454 6.493 6.511 6.513 6.512 6.509 6.501 6.486 6.451 6.465 6.538
-99.000 -99.000 -99.000 1.645 1.646 1.671 1.783 2.000 2.301 2.663 3.052 3.435 3.781 4.064 4.280 4.445 4.576 4.683 4.775 4.858 4.933 5.001 5.064 5.123 5.182 5.251 5.336 5.437 5.541 5.656 5.782 5.905 6.025 6.145 6.258 6.356 6.439 6.501 6.604 6.717 6.768 6.791 6.790 6.773 6.736 6.684 6.633 6.581 6.609 6.679 6.689 6.661 6.614 6.562 6.508 6.454 6.408 6.366 6.385 6.453 6.492 6.508 6.507 6.503 6.496 6.487 6.472 6.433 6.441 6.508
-99.000 -99.000 -99.000 1.645 1.650 1.701 1.853 2.105 2.432 2.808 3.199 3.571 3.893 4.145 4.336 4.482 4.598 4.694 4.778 4.854 4.923 4.987 5.047 5.103 5.164 5.236 5.326 5.432 5.539 5.655 5.779 5.899 6.019 6.139 6.255 6.357 6.441 6.501 6.607 6.724 6.775 6.796 6.793 6.772 6.733 6.674 6.614 6.559 6.585 6.652 6.661 6.639 6.597 6.548 6.499 6.448 6.401 6.357 6.377 6.444 6.483 6.497 6.495 6.487 6.479 6.470 6.453 6.410 6.414 6.477
-99.000 -99.000 -99.000 1.645 1.660 1.747 1.940 2.223 2.574 2.960 3.347 3.701 3.995 4.218 4.387 4.517 4.620 4.707 4.782 4.851 4.914 4.973 5.029 5.085 5.148 5.224 5.319 5.427 5.534 5.649 5.772 5.891 6.009 6.129 6.247 6.350 6.436 6.493 6.600 6.718 6.766 6.786 6.781 6.760 6.717 6.652 6.590 6.533 6.557 6.624 6.638 6.619 6.579 6.535 6.489 6.436 6.387 6.341 6.358 6.424 6.464 6.479 6.475 6.466 6.458 6.449 6.432 6.386 6.384 6.441
-99.000 -99.000 1.645 1.647 1.682 1.812 2.044 2.357 2.725 3.115 3.492 3.824 4.087 4.286 4.436 4.551 4.643 4.721 4.790 4.852 4.909 4.964 5.018 5.074 5.138 5.217 5.312 5.420 5.526 5.639 5.761 5.878 5.995 6.113 6.228 6.331 6.417 6.471 6.577 6.695 6.743 6.762 6.758 6.737 6.694 6.630 6.566 6.509 6.533 6.603 6.621 6.604 6.566 6.524 6.477 6.421 6.369 6.320 6.335 6.401 6.442 6.458 6.455 6.446 6.437 6.427 6.410 6.360 6.353 6.405
-99.000 -99.000 1.645 1.654 1.722 1.896 2.164 2.504 2.885 3.272 3.633 3.937 4.172 4.348 4.482 4.585 4.669 4.740 4.802 4.859 4.912 4.964 5.016 5.071 5.135 5.212 5.305 5.411 5.514 5.624 5.744 5.860 5.975 6.091 6.205 6.311 6.399 6.447 6.551 6.672 6.721 6.740 6.738 6.720 6.678 6.614 6.547 6.492 6.518 6.591 6.611 6.596 6.560 6.518 6.468 6.409 6.352 6.299 6.312 6.379 6.422 6.439 6.438 6.430 6.420 6.411 6.396 6.341 6.327 6.375
-99.000 -99.000 1.646 1.672 1.783 2.000 2.302 2.664 3.051 3.430 3.767 4.040 4.248 4.405 4.525 4.620 4.697 4.763 4.821 4.875 4.925 4.974 5.024 5.077 5.138 5.211 5.302 5.405 5.505 5.614 5.733 5.848 5.964 6.079 6.192 6.306 6.385 6.423 6.529 6.652 6.701 6.720 6.720 6.701 6.660 6.591 6.527 6.479 6.508 6.584 6.606 6.593 6.558 6.513 6.459 6.395 6.333 6.278 6.290 6.358 6.402 6.423 6.426 6.419 6.409 6.406 6.388 6.324 6.304 6.347
-99.000 1.645 1.651 1.707 1.866 2.124 2.456 2.833 3.221 3.584 3.891 4.132 4.317 4.457 4.567 4.655 4.728 4.791 4.847 4.899 4.947 4.994 5.042 5.092 5.149 5.220 5.308 5.409 5.507 5.615 5.733 5.850 5.965 6.082 6.196 6.294 6.359 6.400 6.508 6.629 6.677 6.699 6.696 6.675 6.632 6.571 6.521 6.474 6.502 6.580 6.607 6.595 6.557 6.507 6.448 6.381 6.320 6.263 6.272 6.341 6.390 6.415 6.421 6.419 6.415 6.408 6.378 6.308 6.283 6.320
-99.000 1.646 1.665 1.765 1.971 2.265 2.622 3.010 3.390 3.729 4.003 4.215 4.378 4.505 4.606 4.689 4.759 4.821 4.876 4.927 4.975 5.020 5.065 5.112 5.166 5.234 5.318 5.417 5.514 5.620 5.738 5.853 5.966 6.080 6.186 6.268 6.332 6.374 6.481 6.600 6.650 6.671 6.668 6.648 6.611 6.564 6.521 6.472 6.501 6.583 6.612 6.599 6.559 6.505 6.442 6.377 6.316 6.255 6.261 6.333 6.387 6.417 6.427 6.430 6.425 6.407 6.368 6.292 6.261 6.292
1.645 1.649 1.697 1.846 2.094 2.421 2.798 3.187 3.552 3.860 4.102 4.289 4.434 4.549 4.643 4.722 4.791 4.851 4.906 4.957 5.003 5.046 5.089 5.132 5.182 5.245 5.327 5.423 5.518 5.623 5.738 5.849 5.960 6.067 6.164 6.242 6.304 6.346 6.452 6.572 6.622 6.644 6.643 6.628 6.602 6.565 6.523 6.475 6.505 6.590 6.620 6.607 6.565 6.509 6.447 6.383 6.321 6.256 6.262 6.338 6.394 6.427 6.442 6.444 6.433 6.406 6.357 6.274 6.239 6.265
1.645 1.661 1.751 1.948 2.235 2.590 2.978 3.362 3.702 3.977 4.191 4.357 4.486 4.591 4.679 4.755 4.821 4.882 4.936 4.985 5.030 5.071 5.110 5.150 5.196 5.256 5.334 5.426 5.518 5.619 5.730 5.839 5.943 6.045 6.141 6.217 6.278 6.320 6.425 6.545 6.597 6.622 6.625 6.619 6.602 6.569 6.532 6.483 6.513 6.600 6.632 6.620 6.577 6.523 6.463 6.400 6.339 6.272 6.275 6.351 6.408 6.444 6.458 6.457 6.440 6.402 6.344 6.257 6.216 6.235
1.648 1.689 1.828 2.070 2.391 2.766 3.158 3.527 3.837 4.082 4.271 4.418 4.535 4.632 4.714 4.787 4.852 4.912 4.965 5.013 5.055 5.094 5.130 5.167 5.209 5.263 5.335 5.422 5.509 5.605 5.714 5.820 5.920 6.022 6.116 6.194 6.257 6.297 6.402 6.524 6.580 6.608 6.618 6.619 6.606 6.579 6.545 6.494 6.524 6.613 6.649 6.640 6.601 6.550 6.491 6.429 6.369 6.297 6.296 6.371 6.428 6.462 6.474 6.468 6.442 6.396 6.329 6.236 6.190 6.203
1.657 1.738 1.926 2.207 2.557 2.945 3.333 3.678 3.958 4.175 4.344 4.475 4.581 4.671 4.749 4.819 4.884 4.942 4.995 5.041 5.082 5.117 5.151 5.183 5.220 5.267 5.333 5.414 5.495 5.589 5.696 5.800 5.901 6.003 6.099 6.180 6.245 6.285 6.392 6.517 6.573 6.604 6.618 6.623 6.617 6.594 6.560 6.509 6.540 6.633 6.672 6.668 6.634 6.584 6.528 6.470 6.406 6.329 6.323 6.396 6.449 6.479 6.486 6.473 6.441 6.386 6.310 6.212 6.162 6.169
1.681 1.809 2.042 2.358 2.729 3.123 3.497 3.814 4.065 4.259 4.409 4.528 4.625 4.709 4.784 4.853 4.916 4.975 5.027 5.072 5.111 5.144 5.174 5.202 5.234 5.276 5.335 5.410 5.487 5.578 5.685 5.790 5.892 5.995 6.095 6.180 6.247 6.287 6.393 6.517 6.574 6.606 6.623 6.634 6.632 6.611 6.578 6.527 6.558 6.654 6.698 6.700 6.670 6.626 6.573 6.513 6.448 6.365 6.352 6.417 6.465 6.489 6.489 6.471 6.431 6.367 6.283 6.181 6.126 6.131
1.724 1.900 2.173 2.518 2.904 3.296 3.649 3.937 4.161 4.334 4.468 4.576 4.667 4.746 4.819 4.887 4.950 5.009 5.061 5.106 5.143 5.173 5.201 5.227 5.255 5.291 5.343 5.413 5.486 5.575 5.682 5.788 5.892 5.997 6.097 6.183 6.254 6.292 6.397 6.521 6.578 6.611 6.630 6.645 6.645 6.627 6.597 6.546 6.578 6.677 6.727 6.735 6.711 6.671 6.620 6.559 6.491 6.401 6.379 6.436 6.476 6.494 6.487 6.462 6.415 6.344 6.254 6.148 6.092 6.097
1.787 2.008 2.316 2.684 3.078 3.460 3.786 4.046 4.246 4.400 4.522 4.621 4.706 4.783 4.854 4.921 4.985 5.044 5.096 5.141 5.177 5.205 5.231 5.254 5.279 5.310 5.357 5.423 5.492 5.577 5.682 5.788 5.893 5.999 6.101 6.193 6.267 6.302 6.405 6.530 6.586 6.619 6.641 6.659 6.662 6.648 6.620 6.569 6.602 6.706 6.762 6.776 6.759 6.723 6.672 6.611 6.541 6.442 6.407 6.455 6.488 6.498 6.485 6.453 6.400 6.321 6.224 6.117 6.063 6.070
