version1/TsunamiDB/out54009.asc
ncols          264
nrows          230
xllcorner      497853.4375
yllcorner      4229146.0000
cellsize         5.
NODATA_value   -99
[rows 186 to 216 of 230, columns 140 to 209 of 264]
1.646 1.669 1.777 1.994 2.299 2.667 3.065 3.454 3.792 4.060 4.266 4.424 4.548 4.648 4.734 4.810 4.880 4.944 5.002 5.052 5.094 5.127 5.156 5.182 5.208 5.239 5.287 5.351 5.415 5.499 5.604 5.711 5.821 5.928 6.031 6.132 6.199 6.227 6.334 6.457 6.509 6.542 6.567 6.586 6.591 6.580 6.555 6.507 6.549 6.660 6.716 6.730 6.712 6.673 6.619 6.559 6.484 6.376 6.341 6.388 6.414 6.416 6.393 6.351 6.289 6.199 6.100 6.005 5.965 5.985
1.650 1.701 1.857 2.115 2.450 2.838 3.239 3.613 3.923 4.164 4.348 4.490 4.603 4.697 4.779 4.854 4.923 4.986 5.044 5.094 5.134 5.166 5.191 5.214 5.240 5.275 5.323 5.384 5.445 5.525 5.626 5.732 5.843 5.955 6.063 6.154 6.212 6.245 6.353 6.474 6.527 6.560 6.584 6.604 6.613 6.605 6.584 6.538 6.580 6.695 6.758 6.779 6.765 6.730 6.679 6.612 6.525 6.406 6.358 6.395 6.413 6.408 6.376 6.325 6.253 6.160 6.070 5.982 5.947 5.972
1.661 1.752 1.952 2.245 2.607 3.007 3.405 3.759 4.041 4.257 4.421 4.549 4.653 4.742 4.822 4.896 4.965 5.029 5.087 5.137 5.177 5.208 5.232 5.255 5.284 5.322 5.372 5.431 5.489 5.561 5.655 5.756 5.864 5.977 6.081 6.164 6.225 6.262 6.370 6.492 6.547 6.578 6.600 6.621 6.632 6.631 6.615 6.569 6.611 6.732 6.803 6.828 6.819 6.788 6.734 6.657 6.560 6.428 6.368 6.395 6.406 6.391 6.351 6.290 6.212 6.126 6.047 5.966 5.936 5.967
1.685 1.819 2.059 2.382 2.765 3.172 3.562 3.892 4.148 4.342 4.489 4.605 4.701 4.786 4.863 4.936 5.005 5.069 5.127 5.178 5.219 5.251 5.276 5.302 5.334 5.377 5.429 5.487 5.541 5.605 5.686 5.777 5.881 5.990 6.092 6.177 6.241 6.281 6.390 6.515 6.569 6.596 6.617 6.638 6.652 6.658 6.646 6.600 6.646 6.773 6.847 6.876 6.871 6.839 6.779 6.695 6.586 6.443 6.371 6.388 6.389 6.366 6.317 6.250 6.174 6.099 6.029 5.956 5.932 5.971
1.723 1.901 2.176 2.527 2.924 3.331 3.708 4.014 4.246 4.419 4.552 4.658 4.748 4.828 4.903 4.974 5.041 5.105 5.162 5.214 5.257 5.292 5.321 5.352 5.390 5.438 5.493 5.551 5.600 5.653 5.721 5.802 5.895 6.000 6.104 6.194 6.262 6.304 6.412 6.538 6.591 6.618 6.635 6.655 6.673 6.684 6.679 6.636 6.682 6.811 6.888 6.921 6.916 6.882 6.817 6.722 6.602 6.449 6.367 6.372 6.365 6.334 6.279 6.213 6.144 6.078 6.019 5.954 5.937 5.979
1.778 1.995 2.301 2.673 3.080 3.484 3.845 4.127 4.337 4.493 4.612 4.709 4.793 4.869 4.941 5.008 5.074 5.135 5.193 5.244 5.290 5.330 5.367 5.403 5.448 5.501 5.559 5.615 5.660 5.705 5.761 5.828 5.910 6.012 6.118 6.215 6.289 6.329 6.436 6.564 6.619 6.641 6.653 6.674 6.694 6.711 6.714 6.671 6.715 6.847 6.927 6.959 6.952 6.915 6.843 6.740 6.610 6.447 6.353 6.348 6.333 6.297 6.243 6.182 6.120 6.066 6.017 5.958 5.945 5.990
1.848 2.101 2.434 2.823 3.234 3.630 3.972 4.233 4.424 4.565 4.673 4.762 4.840 4.910 4.977 5.040 5.102 5.161 5.217 5.269 5.320 5.366 5.410 5.456 5.507 5.565 5.624 5.680 5.723 5.763 5.809 5.862 5.936 6.032 6.140 6.246 6.323 6.359 6.465 6.599 6.649 6.662 6.673 6.692 6.715 6.741 6.748 6.704 6.748 6.881 6.959 6.988 6.979 6.936 6.859 6.747 6.606 6.433 6.331 6.316 6.296 6.260 6.210 6.155 6.104 6.061 6.019 5.965 5.956 6.004
1.933 2.218 2.575 2.975 3.385 3.770 4.093 4.334 4.508 4.637 4.736 4.817 4.888 4.953 5.013 5.071 5.128 5.185 5.238 5.291 5.347 5.401 5.455 5.512 5.568 5.627 5.687 5.744 5.789 5.829 5.868 5.913 5.977 6.066 6.175 6.284 6.364 6.394 6.497 6.628 6.671 6.682 6.690 6.709 6.736 6.767 6.779 6.734 6.775 6.904 6.978 7.004 6.990 6.943 6.859 6.737 6.585 6.405 6.296 6.275 6.255 6.223 6.178 6.133 6.094 6.058 6.022 5.973 5.965 6.014
2.031 2.346 2.723 3.129 3.532 3.903 4.208 4.432 4.593 4.711 4.802 4.876 4.941 4.999 5.052 5.103 5.155 5.208 5.259 5.313 5.373 5.435 5.500 5.565 5.628 5.690 5.752 5.812 5.863 5.906 5.945 5.984 6.039 6.118 6.216 6.322 6.403 6.427 6.522 6.650 6.694 6.704 6.711 6.731 6.757 6.788 6.804 6.757 6.792 6.916 6.986 7.007 6.988 6.936 6.846 6.716 6.555 6.369 6.257 6.236 6.218 6.191 6.154 6.119 6.088 6.059 6.028 5.981 5.975 6.023
2.144 2.486 2.877 3.283 3.676 4.030 4.318 4.528 4.678 4.787 4.871 4.938 4.995 5.046 5.091 5.135 5.181 5.232 5.282 5.338 5.405 5.476 5.552 5.627 5.696 5.761 5.824 5.888 5.946 5.999 6.037 6.071 6.117 6.183 6.267 6.374 6.458 6.464 6.550 6.677 6.719 6.727 6.734 6.752 6.775 6.811 6.833 6.779 6.806 6.924 6.988 7.003 6.980 6.923 6.826 6.688 6.518 6.330 6.219 6.202 6.188 6.167 6.139 6.113 6.089 6.064 6.037 5.992 5.985 6.033
2.271 2.635 3.036 3.438 3.816 4.151 4.424 4.622 4.763 4.865 4.941 5.002 5.052 5.095 5.133 5.170 5.214 5.264 5.315 5.377 5.450 5.529 5.614 5.696 5.770 5.838 5.906 5.974 6.041 6.105 6.144 6.177 6.220 6.272 6.344 6.457 6.518 6.498 6.577 6.700 6.739 6.747 6.757 6.773 6.797 6.845 6.862 6.793 6.811 6.923 6.980 6.990 6.961 6.897 6.793 6.644 6.469 6.287 6.184 6.170 6.161 6.147 6.128 6.109 6.090 6.070 6.045 6.001 5.994 6.042
2.411 2.794 3.198 3.591 3.952 4.267 4.525 4.712 4.845 4.941 5.011 5.065 5.109 5.144 5.177 5.212 5.254 5.305 5.358 5.425 5.505 5.592 5.682 5.769 5.852 5.929 6.003 6.074 6.150 6.228 6.275 6.310 6.348 6.396 6.461 6.529 6.546 6.524 6.599 6.715 6.756 6.769 6.781 6.803 6.836 6.873 6.869 6.794 6.807 6.908 6.959 6.964 6.928 6.856 6.742 6.588 6.421 6.248 6.150 6.142 6.140 6.133 6.120 6.105 6.091 6.074 6.051 6.009 6.002 6.049
2.564 2.960 3.363 3.742 4.082 4.378 4.620 4.797 4.922 5.012 5.077 5.125 5.163 5.193 5.222 5.255 5.296 5.348 5.406 5.479 5.567 5.659 5.753 5.849 5.942 6.030 6.110 6.182 6.271 6.365 6.419 6.456 6.490 6.526 6.557 6.575 6.570 6.544 6.614 6.725 6.772 6.791 6.809 6.837 6.864 6.881 6.862 6.782 6.788 6.880 6.926 6.924 6.881 6.801 6.680 6.532 6.377 6.212 6.121 6.120 6.124 6.121 6.112 6.102 6.090 6.077 6.058 6.016 6.009 6.057
2.727 3.131 3.527 3.889 4.208 4.484 4.710 4.874 4.990 5.074 5.135 5.179 5.213 5.239 5.264 5.294 5.337 5.392 5.456 5.536 5.631 5.728 5.829 5.934 6.039 6.135 6.220 6.296 6.396 6.505 6.562 6.598 6.623 6.635 6.631 6.616 6.593 6.562 6.625 6.736 6.787 6.811 6.834 6.857 6.872 6.873 6.841 6.757 6.757 6.841 6.879 6.872 6.823 6.736 6.618 6.480 6.335 6.180 6.098 6.102 6.109 6.110 6.104 6.096 6.088 6.079 6.063 6.024 6.018 6.069
2.897 3.303 3.688 4.031 4.329 4.585 4.790 4.939 5.046 5.125 5.184 5.226 5.257 5.280 5.302 5.332 5.376 5.437 5.507 5.594 5.696 5.800 5.907 6.020 6.134 6.239 6.331 6.407 6.515 6.634 6.695 6.728 6.737 6.727 6.698 6.658 6.618 6.581 6.637 6.743 6.798 6.829 6.847 6.860 6.865 6.851 6.810 6.723 6.717 6.790 6.821 6.810 6.756 6.670 6.560 6.432 6.297 6.153 6.078 6.085 6.095 6.099 6.095 6.090 6.086 6.081 6.070 6.034 6.031 6.083
3.071 3.473 3.844 4.167 4.444 4.677 4.857 4.990 5.090 5.166 5.224 5.267 5.297 5.317 5.336 5.365 5.412 5.478 5.554 5.648 5.758 5.869 5.981 6.101 6.223 6.338 6.436 6.508 6.622 6.751 6.815 6.840 6.835 6.810 6.762 6.701 6.646 6.599 6.646 6.748 6.805 6.833 6.844 6.848 6.841 6.816 6.769 6.679 6.665 6.730 6.757 6.741 6.688 6.609 6.506 6.389 6.265 6.128 6.059 6.068 6.080 6.085 6.084 6.083 6.083 6.083 6.079 6.047 6.045 6.100
3.245 3.638 3.991 4.294 4.550 4.756 4.911 5.030 5.125 5.200 5.258 5.302 5.330 5.348 5.364 5.392 5.443 5.515 5.596 5.697 5.814 5.931 6.049 6.176 6.307 6.431 6.531 6.599 6.718 6.857 6.918 6.936 6.922 6.884 6.822 6.744 6.670 6.611 6.650 6.748 6.800 6.823 6.827 6.821 6.805 6.773 6.718 6.625 6.607 6.666 6.687 6.672 6.624 6.550 6.458 6.351 6.233 6.103 6.038 6.049 6.062 6.071 6.074 6.076 6.081 6.089 6.091 6.063 6.064 6.120
3.417 3.796 4.129 4.412 4.644 4.821 4.957 5.066 5.155 5.229 5.287 5.330 5.358 5.374 5.388 5.417 5.473 5.549 5.633 5.740 5.864 5.988 6.113 6.246 6.385 6.512 6.613 6.676 6.798 6.940 6.998 7.011 6.990 6.941 6.866 6.770 6.681 6.611 6.639 6.729 6.776 6.795 6.790 6.776 6.754 6.714 6.654 6.561 6.539 6.592 6.613 6.601 6.558 6.493 6.411 6.311 6.198 6.074 6.012 6.023 6.040 6.054 6.061 6.068 6.081 6.096 6.105 6.081 6.083 6.140
3.583 3.944 4.257 4.518 4.724 4.879 5.001 5.101 5.185 5.255 5.312 5.354 5.381 5.396 5.411 5.443 5.501 5.579 5.664 5.774 5.903 6.034 6.165 6.303 6.441 6.569 6.672 6.732 6.852 6.995 7.054 7.065 7.037 6.983 6.898 6.789 6.686 6.604 6.623 6.705 6.747 6.760 6.747 6.726 6.698 6.652 6.589 6.495 6.472 6.524 6.546 6.537 6.499 6.443 6.369 6.274 6.165 6.044 5.986 6.000 6.021 6.039 6.052 6.066 6.085 6.105 6.121 6.100 6.104 6.158
3.740 4.081 4.373 4.612 4.794 4.933 5.044 5.137 5.216 5.282 5.336 5.376 5.402 5.419 5.437 5.469 5.527 5.605 5.690 5.800 5.933 6.069 6.208 6.350 6.491 6.625 6.733 6.780 6.896 7.046 7.108 7.117 7.087 7.028 6.935 6.814 6.694 6.599 6.606 6.682 6.718 6.723 6.704 6.677 6.642 6.592 6.528 6.434 6.412 6.464 6.488 6.482 6.450 6.402 6.332 6.241 6.133 6.017 5.963 5.981 6.007 6.030 6.050 6.071 6.094 6.121 6.145 6.127 6.128 6.179
3.889 4.208 4.478 4.694 4.857 4.983 5.086 5.174 5.248 5.312 5.363 5.400 5.427 5.447 5.468 5.501 5.558 5.636 5.719 5.827 5.961 6.104 6.252 6.399 6.545 6.691 6.786 6.815 6.933 7.089 7.151 7.161 7.128 7.062 6.961 6.823 6.689 6.586 6.584 6.652 6.681 6.680 6.657 6.623 6.583 6.530 6.464 6.375 6.357 6.409 6.433 6.432 6.406 6.361 6.295 6.203 6.096 5.989 5.942 5.964 5.994 6.025 6.052 6.079 6.109 6.147 6.174 6.154 6.153 6.200
4.028 4.324 4.571 4.763 4.910 5.027 5.124 5.209 5.282 5.344 5.394 5.432 5.460 5.485 5.513 5.553 5.611 5.684 5.764 5.869 6.003 6.149 6.302 6.459 6.612 6.738 6.810 6.838 6.958 7.116 7.182 7.192 7.155 7.080 6.966 6.819 6.686 6.571 6.556 6.616 6.641 6.636 6.605 6.566 6.523 6.468 6.405 6.321 6.306 6.356 6.383 6.386 6.361 6.317 6.251 6.161 6.065 5.966 5.924 5.950 5.988 6.027 6.061 6.097 6.137 6.178 6.201 6.179 6.175 6.216
4.156 4.430 4.652 4.819 4.952 5.062 5.156 5.240 5.314 5.377 5.430 5.471 5.504 5.537 5.575 5.621 5.679 5.750 5.827 5.928 6.056 6.198 6.351 6.510 6.652 6.757 6.823 6.849 6.968 7.130 7.201 7.209 7.167 7.085 6.963 6.817 6.680 6.551 6.524 6.580 6.600 6.588 6.552 6.509 6.461 6.408 6.349 6.270 6.256 6.308 6.337 6.340 6.315 6.271 6.205 6.124 6.039 5.948 5.911 5.945 5.992 6.037 6.079 6.124 6.168 6.206 6.225 6.201 6.193 6.226
4.276 4.524 4.714 4.863 4.984 5.089 5.182 5.266 5.342 5.408 5.466 5.513 5.554 5.596 5.643 5.696 5.757 5.830 5.905 6.000 6.114 6.243 6.391 6.539 6.669 6.767 6.830 6.853 6.972 7.139 7.209 7.215 7.169 7.083 6.959 6.814 6.667 6.527 6.491 6.541 6.553 6.537 6.497 6.450 6.403 6.353 6.297 6.222 6.211 6.263 6.291 6.293 6.269 6.224 6.164 6.093 6.018 5.936 5.908 5.951 6.003 6.054 6.104 6.153 6.198 6.232 6.246 6.218 6.205 6.232
4.384 4.600 4.765 4.898 5.011 5.110 5.201 5.286 5.363 5.434 5.498 5.553 5.604 5.655 5.710 5.771 5.841 5.916 5.992 6.077 6.174 6.290 6.417 6.549 6.675 6.772 6.836 6.855 6.970 7.138 7.208 7.214 7.165 7.079 6.956 6.805 6.650 6.499 6.455 6.497 6.505 6.484 6.441 6.395 6.350 6.302 6.249 6.179 6.169 6.218 6.245 6.247 6.222 6.181 6.129 6.069 6.007 5.936 5.915 5.963 6.020 6.077 6.131 6.181 6.224 6.254 6.263 6.232 6.213 6.230
4.478 4.665 4.810 4.930 5.034 5.127 5.215 5.299 5.377 5.451 5.522 5.587 5.648 5.706 5.771 5.842 5.920 5.999 6.076 6.155 6.237 6.329 6.432 6.554 6.675 6.777 6.844 6.855 6.965 7.134 7.207 7.209 7.159 7.074 6.948 6.791 6.628 6.466 6.413 6.450 6.453 6.428 6.387 6.343 6.300 6.254 6.205 6.137 6.127 6.174 6.200 6.201 6.179 6.145 6.102 6.054 6.007 5.944 5.929 5.982 6.043 6.103 6.157 6.207 6.246 6.271 6.275 6.239 6.212 6.221
4.561 4.727 4.856 4.963 5.056 5.141 5.223 5.304 5.381 5.457 5.537 5.611 5.680 5.750 5.825 5.905 5.989 6.072 6.153 6.232 6.299 6.366 6.453 6.561 6.678 6.787 6.855 6.858 6.963 7.138 7.206 7.201 7.150 7.062 6.933 6.769 6.593 6.423 6.366 6.396 6.395 6.374 6.335 6.292 6.253 6.211 6.162 6.095 6.085 6.130 6.155 6.159 6.143 6.115 6.084 6.050 6.013 5.958 5.948 6.005 6.067 6.127 6.181 6.227 6.263 6.283 6.281 6.239 6.205 6.203
4.644 4.791 4.905 4.999 5.080 5.155 5.229 5.305 5.379 5.457 5.542 5.625 5.706 5.789 5.871 5.957 6.047 6.135 6.223 6.303 6.361 6.416 6.483 6.576 6.692 6.803 6.873 6.866 6.965 7.134 7.193 7.183 7.126 7.035 6.901 6.726 6.540 6.366 6.305 6.331 6.335 6.317 6.280 6.243 6.207 6.165 6.116 6.051 6.039 6.083 6.111 6.120 6.110 6.093 6.074 6.051 6.024 5.976 5.969 6.027 6.088 6.146 6.197 6.240 6.273 6.286 6.277 6.229 6.185 6.172
4.729 4.861 4.961 5.042 5.110 5.172 5.235 5.304 5.373 5.449 5.539 5.630 5.723 5.816 5.908 6.000 6.096 6.189 6.285 6.373 6.432 6.480 6.534 6.613 6.713 6.819 6.891 6.873 6.959 7.119 7.170 7.152 7.089 6.992 6.852 6.671 6.478 6.302 6.243 6.272 6.279 6.264 6.231 6.198 6.164 6.122 6.073 6.008 5.997 6.043 6.075 6.090 6.088 6.081 6.072 6.059 6.040 5.997 5.991 6.047 6.106 6.161 6.209 6.249 6.276 6.283 6.267 6.210 6.158 6.134
4.815 4.934 5.021 5.088 5.143 5.192 5.244 5.305 5.368 5.443 5.538 5.638 5.746 5.853 5.953 6.052 6.151 6.246 6.351 6.453 6.516 6.560 6.604 6.665 6.747 6.852 6.927 6.886 6.953 7.104 7.145 7.116 7.045 6.943 6.797 6.609 6.409 6.237 6.185 6.219 6.231 6.219 6.191 6.162 6.128 6.086 6.036 5.972 5.963 6.012 6.049 6.070 6.077 6.081 6.079 6.075 6.064 6.022 6.015 6.068 6.124 6.175 6.219 6.254 6.275 6.275 6.250 6.184 6.122 6.087
4.901 5.007 5.082 5.138 5.181 5.219 5.265 5.321 5.379 5.454 5.554 5.664 5.785 5.901 6.010 6.113 6.211 6.306 6.422 6.538 6.607 6.653 6.696 6.743 6.809 6.924 6.972 6.891 6.941 7.080 7.107 7.067 6.987 6.876 6.724 6.523 6.323 6.172 6.131 6.170 6.186 6.179 6.157 6.128 6.094 6.050 6.000 5.941 5.936 5.988 6.029 6.057 6.075 6.085 6.092 6.097 6.090 6.047 6.037 6.086 6.136 6.184 6.223 6.252 6.267 6.258 6.222 6.148 6.076 6.032
