version1/TsunamiDB/out54157.asc
ncols          264
nrows          230
xllcorner      497853.4375
yllcorner      4229146.0000
cellsize         5.
NODATA_value   -99
[rows 136 to 169 of 230, columns 154 to 230 of 264]
7.013 7.016 7.020 7.023 7.026 7.030 7.033 7.037 7.041 7.044 7.048 7.052 7.056 7.060 7.064 7.068 7.072 7.076 7.080 7.084 7.088 7.092 7.096 7.100 7.104 7.108 7.113 7.118 7.123 7.128 7.133 7.136 7.138 7.142 7.146 7.151 7.156 7.164 7.174 7.188 7.203 7.223 7.245 7.265 7.287 7.317 7.351 7.387 7.426 7.467 7.512 7.569 7.630 7.667 7.705 7.760 7.811 7.860 7.904 7.946 7.984 8.012 8.034 8.051 8.068 8.089 8.109 8.127 8.144 8.161 8.177 8.194 8.212 8.223 8.234 8.252 8.270
7.018 7.021 7.025 7.028 7.031 7.035 7.038 7.042 7.045 7.049 7.052 7.056 7.060 7.064 7.068 7.072 7.076 7.080 7.084 7.088 7.091 7.095 7.099 7.103 7.107 7.112 7.117 7.122 7.127 7.132 7.136 7.138 7.141 7.144 7.149 7.153 7.159 7.167 7.179 7.193 7.211 7.232 7.256 7.277 7.300 7.332 7.368 7.407 7.447 7.491 7.541 7.600 7.658 7.693 7.730 7.783 7.833 7.879 7.921 7.960 7.994 8.019 8.041 8.057 8.073 8.092 8.110 8.128 8.144 8.160 8.176 8.193 8.211 8.222 8.234 8.252 8.270
7.024 7.027 7.030 7.033 7.036 7.039 7.043 7.046 7.050 7.053 7.057 7.060 7.064 7.068 7.072 7.076 7.080 7.084 7.088 7.091 7.095 7.099 7.103 7.107 7.111 7.115 7.120 7.125 7.130 7.135 7.138 7.141 7.143 7.147 7.152 7.156 7.163 7.172 7.184 7.199 7.219 7.242 7.267 7.289 7.313 7.348 7.387 7.428 7.472 7.520 7.573 7.630 7.684 7.718 7.754 7.804 7.852 7.895 7.935 7.971 8.001 8.026 8.046 8.062 8.076 8.094 8.112 8.128 8.143 8.159 8.175 8.192 8.209 8.221 8.233 8.251 8.270
7.029 7.032 7.035 7.038 7.041 7.044 7.048 7.051 7.054 7.058 7.061 7.065 7.068 7.072 7.076 7.080 7.084 7.088 7.091 7.095 7.099 7.103 7.106 7.110 7.114 7.119 7.123 7.128 7.133 7.137 7.141 7.144 7.146 7.150 7.155 7.160 7.167 7.177 7.190 7.207 7.228 7.252 7.280 7.303 7.329 7.367 7.409 7.453 7.500 7.550 7.604 7.658 7.709 7.741 7.775 7.823 7.868 7.910 7.947 7.980 8.008 8.031 8.051 8.066 8.080 8.097 8.113 8.128 8.143 8.158 8.174 8.190 8.208 8.219 8.232 8.251 8.270
7.034 7.037 7.040 7.043 7.046 7.049 7.052 7.056 7.059 7.062 7.066 7.069 7.073 7.076 7.080 7.084 7.088 7.091 7.095 7.099 7.102 7.106 7.110 7.114 7.118 7.122 7.127 7.131 7.136 7.140 7.144 7.147 7.150 7.154 7.160 7.165 7.173 7.184 7.198 7.215 7.237 7.264 7.294 7.319 7.347 7.388 7.432 7.480 7.529 7.580 7.633 7.684 7.732 7.763 7.795 7.841 7.883 7.922 7.957 7.988 8.014 8.037 8.056 8.069 8.083 8.099 8.114 8.128 8.142 8.157 8.172 8.188 8.206 8.218 8.231 8.250 8.270
7.040 7.042 7.045 7.048 7.051 7.054 7.057 7.060 7.064 7.067 7.070 7.073 7.077 7.080 7.084 7.088 7.092 7.095 7.099 7.102 7.106 7.110 7.113 7.117 7.121 7.125 7.129 7.134 7.139 7.143 7.147 7.150 7.154 7.159 7.165 7.171 7.179 7.192 7.206 7.224 7.247 7.276 7.309 7.336 7.366 7.410 7.458 7.508 7.558 7.609 7.660 7.709 7.755 7.784 7.814 7.856 7.896 7.933 7.966 7.995 8.020 8.041 8.060 8.073 8.086 8.101 8.115 8.128 8.141 8.155 8.170 8.186 8.204 8.217 8.230 8.250 8.270
7.045 7.048 7.050 7.053 7.056 7.059 7.062 7.065 7.068 7.071 7.075 7.078 7.081 7.085 7.088 7.092 7.096 7.099 7.103 7.106 7.110 7.113 7.116 7.120 7.124 7.128 7.132 7.137 7.141 7.146 7.151 7.154 7.158 7.164 7.170 7.177 7.187 7.199 7.214 7.233 7.258 7.290 7.327 7.356 7.388 7.436 7.486 7.537 7.587 7.637 7.686 7.733 7.775 7.802 7.831 7.871 7.908 7.943 7.974 8.001 8.026 8.046 8.063 8.076 8.088 8.102 8.115 8.128 8.140 8.153 8.167 8.184 8.203 8.216 8.229 8.250 8.270
7.050 7.053 7.056 7.058 7.061 7.064 7.067 7.070 7.073 7.076 7.079 7.082 7.085 7.089 7.092 7.096 7.099 7.103 7.106 7.110 7.113 7.116 7.119 7.123 7.127 7.130 7.135 7.139 7.144 7.149 7.154 7.158 7.162 7.169 7.176 7.183 7.194 7.208 7.224 7.244 7.271 7.306 7.347 7.378 7.412 7.463 7.514 7.564 7.614 7.662 7.709 7.753 7.794 7.819 7.846 7.883 7.918 7.951 7.981 8.007 8.031 8.050 8.065 8.077 8.089 8.102 8.114 8.127 8.139 8.151 8.165 8.182 8.202 8.216 8.230 8.251 8.271
7.055 7.058 7.061 7.063 7.066 7.069 7.072 7.075 7.077 7.080 7.083 7.086 7.090 7.093 7.096 7.100 7.103 7.106 7.110 7.113 7.116 7.119 7.122 7.125 7.129 7.133 7.137 7.142 7.147 7.153 7.158 7.163 7.167 7.174 7.182 7.190 7.202 7.217 7.234 7.256 7.285 7.322 7.366 7.400 7.436 7.488 7.540 7.590 7.639 7.686 7.731 7.773 7.812 7.836 7.860 7.896 7.929 7.960 7.987 8.013 8.035 8.054 8.068 8.079 8.089 8.102 8.114 8.126 8.138 8.150 8.163 8.180 8.201 8.216 8.230 8.252 8.272
7.060 7.063 7.066 7.068 7.071 7.074 7.076 7.079 7.082 7.085 7.088 7.091 7.094 7.097 7.100 7.104 7.107 7.110 7.113 7.116 7.119 7.122 7.125 7.128 7.131 7.135 7.139 7.144 7.150 7.156 7.162 7.167 7.172 7.179 7.188 7.197 7.210 7.226 7.245 7.269 7.300 7.340 7.390 7.426 7.463 7.515 7.567 7.617 7.665 7.711 7.754 7.794 7.830 7.853 7.875 7.908 7.940 7.968 7.994 8.019 8.041 8.058 8.070 8.080 8.090 8.101 8.113 8.125 8.137 8.148 8.162 8.179 8.202 8.217 8.232 8.253 8.274
7.065 7.068 7.070 7.073 7.076 7.078 7.081 7.084 7.087 7.089 7.092 7.095 7.098 7.101 7.104 7.107 7.110 7.113 7.116 7.119 7.122 7.124 7.126 7.129 7.133 7.137 7.141 7.146 7.153 7.159 7.166 7.171 7.176 7.185 7.194 7.205 7.219 7.237 7.258 7.284 7.317 7.366 7.420 7.454 7.491 7.544 7.595 7.644 7.690 7.734 7.775 7.813 7.848 7.869 7.890 7.921 7.950 7.977 8.002 8.025 8.046 8.060 8.070 8.079 8.089 8.100 8.112 8.124 8.136 8.148 8.161 8.181 8.205 8.220 8.234 8.256 8.275
7.070 7.073 7.075 7.078 7.080 7.083 7.086 7.088 7.091 7.094 7.096 7.099 7.102 7.104 7.108 7.111 7.114 7.116 7.119 7.122 7.124 7.126 7.128 7.131 7.135 7.139 7.143 7.149 7.156 7.163 7.169 7.175 7.181 7.191 7.201 7.213 7.230 7.251 7.275 7.305 7.344 7.396 7.449 7.483 7.519 7.571 7.622 7.670 7.715 7.757 7.796 7.832 7.865 7.884 7.904 7.933 7.960 7.985 8.008 8.030 8.048 8.060 8.070 8.080 8.089 8.099 8.112 8.124 8.136 8.149 8.164 8.185 8.208 8.223 8.237 8.258 8.277
7.075 7.077 7.080 7.082 7.085 7.088 7.090 7.093 7.095 7.098 7.100 7.103 7.105 7.108 7.111 7.114 7.117 7.119 7.122 7.123 7.125 7.127 7.129 7.132 7.136 7.140 7.146 7.152 7.158 7.165 7.172 7.179 7.187 7.198 7.210 7.224 7.244 7.268 7.296 7.331 7.375 7.426 7.477 7.510 7.546 7.597 7.647 7.694 7.738 7.778 7.816 7.850 7.881 7.899 7.918 7.945 7.970 7.993 8.014 8.033 8.049 8.061 8.071 8.080 8.088 8.100 8.112 8.125 8.138 8.153 8.169 8.190 8.212 8.226 8.240 8.260 8.279
7.080 7.082 7.085 7.087 7.090 7.092 7.095 7.097 7.100 7.102 7.104 7.107 7.109 7.112 7.114 7.117 7.119 7.122 7.123 7.125 7.126 7.128 7.130 7.134 7.138 7.142 7.148 7.154 7.161 7.168 7.175 7.184 7.194 7.207 7.220 7.239 7.262 7.289 7.321 7.360 7.405 7.455 7.504 7.537 7.572 7.623 7.672 7.718 7.760 7.799 7.835 7.867 7.896 7.913 7.931 7.956 7.979 8.000 8.019 8.036 8.050 8.062 8.072 8.081 8.089 8.101 8.114 8.128 8.142 8.158 8.175 8.195 8.216 8.229 8.243 8.262 8.280
7.085 7.087 7.089 7.092 7.094 7.096 7.099 7.101 7.104 7.106 7.108 7.111 7.113 7.115 7.117 7.120 7.122 7.123 7.125 7.126 7.127 7.129 7.131 7.135 7.139 7.144 7.150 7.156 7.163 7.171 7.179 7.189 7.203 7.218 7.234 7.256 7.282 7.314 7.349 7.389 7.434 7.482 7.531 7.563 7.598 7.647 7.695 7.740 7.781 7.819 7.853 7.884 7.911 7.927 7.943 7.966 7.988 8.007 8.023 8.038 8.052 8.063 8.074 8.082 8.091 8.103 8.117 8.132 8.147 8.164 8.181 8.200 8.220 8.233 8.247 8.264 8.281
7.089 7.092 7.094 7.096 7.099 7.101 7.103 7.106 7.108 7.110 7.112 7.114 7.116 7.118 7.120 7.122 7.123 7.125 7.126 7.126 7.127 7.129 7.132 7.136 7.140 7.146 7.152 7.158 7.166 7.174 7.184 7.197 7.214 7.231 7.250 7.275 7.306 7.341 7.377 7.418 7.462 7.509 7.557 7.589 7.622 7.671 7.718 7.762 7.802 7.838 7.871 7.900 7.925 7.940 7.955 7.976 7.996 8.013 8.028 8.041 8.053 8.065 8.077 8.085 8.093 8.107 8.122 8.137 8.153 8.170 8.188 8.206 8.224 8.237 8.250 8.266 8.282
7.094 7.096 7.099 7.101 7.103 7.105 7.108 7.110 7.112 7.114 7.116 7.118 7.120 7.121 7.123 7.124 7.125 7.125 7.126 7.127 7.128 7.130 7.133 7.137 7.141 7.147 7.153 7.161 7.168 7.178 7.189 7.206 7.227 7.247 7.268 7.298 7.333 7.368 7.405 7.446 7.489 7.535 7.583 7.614 7.647 7.695 7.741 7.784 7.822 7.857 7.888 7.915 7.939 7.952 7.966 7.985 8.003 8.018 8.032 8.044 8.056 8.067 8.080 8.089 8.097 8.112 8.127 8.143 8.159 8.177 8.194 8.211 8.228 8.240 8.252 8.268 8.283
7.099 7.101 7.103 7.106 7.108 7.110 7.112 7.114 7.116 7.119 7.120 7.122 7.123 7.124 7.125 7.125 7.126 7.126 7.126 7.127 7.128 7.130 7.133 7.137 7.142 7.147 7.155 7.163 7.171 7.183 7.197 7.217 7.242 7.264 7.289 7.322 7.358 7.395 7.432 7.471 7.514 7.560 7.607 7.638 7.670 7.718 7.762 7.803 7.840 7.873 7.903 7.928 7.950 7.963 7.975 7.993 8.009 8.023 8.036 8.047 8.059 8.071 8.084 8.093 8.102 8.117 8.133 8.149 8.166 8.183 8.200 8.216 8.231 8.243 8.255 8.269 8.283
7.104 7.106 7.108 7.110 7.113 7.115 7.117 7.119 7.121 7.123 7.124 7.125 7.126 7.127 7.127 7.127 7.126 7.126 7.126 7.127 7.128 7.130 7.133 7.137 7.142 7.148 7.156 7.165 7.175 7.189 7.206 7.229 7.257 7.283 7.310 7.346 7.383 7.421 7.458 7.498 7.539 7.584 7.631 7.662 7.694 7.740 7.783 7.822 7.857 7.889 7.918 7.942 7.962 7.973 7.984 8.000 8.015 8.029 8.041 8.052 8.063 8.075 8.089 8.098 8.107 8.123 8.139 8.155 8.172 8.188 8.205 8.221 8.235 8.246 8.257 8.271 8.284
7.109 7.111 7.113 7.115 7.117 7.119 7.121 7.123 7.125 7.127 7.128 7.129 7.129 7.129 7.129 7.128 7.127 7.126 7.126 7.127 7.128 7.131 7.133 7.137 7.141 7.148 7.157 7.168 7.180 7.197 7.217 7.244 7.278 7.306 7.334 7.372 7.411 7.449 7.486 7.524 7.564 7.608 7.658 7.689 7.719 7.764 7.805 7.842 7.875 7.906 7.933 7.955 7.973 7.983 7.993 8.008 8.022 8.035 8.046 8.056 8.067 8.079 8.095 8.104 8.114 8.130 8.146 8.162 8.178 8.195 8.211 8.226 8.239 8.249 8.259 8.272 8.286
7.115 7.117 7.119 7.121 7.123 7.124 7.126 7.128 7.130 7.132 7.133 7.133 7.132 7.131 7.131 7.129 7.128 7.126 7.126 7.127 7.128 7.130 7.132 7.136 7.141 7.149 7.160 7.172 7.188 7.208 7.231 7.265 7.303 7.331 7.360 7.399 7.438 7.476 7.514 7.551 7.590 7.638 7.688 7.716 7.745 7.788 7.826 7.861 7.892 7.921 7.947 7.966 7.982 7.991 8.001 8.015 8.028 8.040 8.051 8.062 8.072 8.086 8.103 8.112 8.121 8.137 8.153 8.169 8.185 8.201 8.217 8.230 8.242 8.251 8.262 8.274 8.287
7.120 7.122 7.124 7.126 7.128 7.130 7.131 7.133 7.135 7.136 7.137 7.136 7.135 7.134 7.133 7.130 7.129 7.127 7.127 7.127 7.128 7.129 7.133 7.137 7.142 7.151 7.164 7.180 7.200 7.223 7.253 7.291 7.329 7.358 7.387 7.426 7.465 7.504 7.542 7.580 7.622 7.670 7.716 7.743 7.770 7.810 7.846 7.879 7.908 7.935 7.958 7.976 7.990 7.999 8.008 8.021 8.034 8.046 8.057 8.068 8.080 8.094 8.110 8.119 8.129 8.145 8.160 8.176 8.191 8.206 8.221 8.233 8.244 8.254 8.264 8.276 8.288
7.126 7.128 7.130 7.131 7.133 7.135 7.137 7.138 7.140 7.141 7.141 7.140 7.139 7.137 7.135 7.132 7.130 7.128 7.127 7.126 7.127 7.129 7.134 7.138 7.144 7.156 7.172 7.191 7.215 7.244 7.279 7.318 7.356 7.384 7.414 7.453 7.494 7.533 7.572 7.612 7.655 7.700 7.743 7.768 7.794 7.831 7.865 7.895 7.923 7.947 7.968 7.984 7.998 8.007 8.015 8.028 8.041 8.052 8.064 8.076 8.088 8.103 8.118 8.127 8.136 8.152 8.167 8.182 8.197 8.211 8.224 8.236 8.247 8.256 8.265 8.277 8.289
7.132 7.134 7.135 7.137 7.139 7.141 7.142 7.144 7.145 7.146 7.146 7.145 7.142 7.140 7.138 7.134 7.131 7.129 7.127 7.126 7.127 7.130 7.135 7.141 7.149 7.164 7.183 7.206 7.235 7.268 7.305 7.345 7.383 7.412 7.441 7.482 7.523 7.563 7.603 7.644 7.686 7.729 7.768 7.792 7.816 7.851 7.882 7.910 7.935 7.957 7.976 7.992 8.006 8.014 8.022 8.035 8.048 8.060 8.072 8.084 8.097 8.111 8.126 8.134 8.144 8.158 8.173 8.188 8.201 8.215 8.227 8.239 8.250 8.258 8.267 8.279 8.291
7.138 7.140 7.141 7.143 7.145 7.146 7.148 7.149 7.150 7.151 7.151 7.149 7.146 7.144 7.141 7.137 7.133 7.130 7.127 7.126 7.127 7.131 7.139 7.146 7.156 7.174 7.197 7.225 7.257 7.293 7.332 7.372 7.411 7.440 7.469 7.510 7.552 7.594 7.635 7.676 7.717 7.756 7.792 7.814 7.837 7.868 7.897 7.924 7.947 7.967 7.985 8.000 8.014 8.022 8.030 8.043 8.055 8.068 8.080 8.093 8.106 8.120 8.133 8.142 8.151 8.165 8.179 8.193 8.206 8.218 8.230 8.241 8.252 8.260 8.269 8.281 8.292
7.144 7.146 7.147 7.149 7.150 7.152 7.153 7.155 7.156 7.157 7.156 7.154 7.151 7.148 7.144 7.139 7.134 7.131 7.127 7.126 7.128 7.134 7.144 7.153 7.165 7.187 7.214 7.246 7.281 7.319 7.360 7.400 7.440 7.468 7.497 7.539 7.582 7.624 7.665 7.705 7.745 7.782 7.815 7.835 7.856 7.885 7.912 7.936 7.957 7.977 7.994 8.008 8.022 8.030 8.038 8.051 8.063 8.076 8.089 8.102 8.115 8.128 8.141 8.149 8.158 8.171 8.184 8.197 8.209 8.221 8.233 8.243 8.254 8.263 8.271 8.283 8.294
7.150 7.152 7.153 7.155 7.156 7.158 7.159 7.161 7.162 7.162 7.162 7.159 7.155 7.151 7.147 7.141 7.136 7.132 7.128 7.127 7.130 7.139 7.151 7.162 7.176 7.202 7.234 7.268 7.306 7.345 7.387 7.428 7.468 7.497 7.526 7.569 7.611 7.653 7.694 7.734 7.772 7.806 7.836 7.855 7.874 7.901 7.925 7.948 7.968 7.986 8.002 8.017 8.031 8.038 8.046 8.059 8.072 8.085 8.097 8.110 8.123 8.136 8.148 8.156 8.164 8.177 8.189 8.201 8.213 8.224 8.235 8.246 8.256 8.264 8.273 8.284 8.296
7.156 7.158 7.159 7.161 7.163 7.164 7.165 7.167 7.168 7.168 7.167 7.164 7.160 7.155 7.150 7.144 7.138 7.133 7.129 7.129 7.134 7.145 7.160 7.173 7.190 7.220 7.254 7.291 7.330 7.371 7.413 7.455 7.496 7.524 7.554 7.596 7.639 7.681 7.720 7.759 7.795 7.827 7.855 7.872 7.890 7.914 7.937 7.958 7.977 7.994 8.010 8.025 8.039 8.046 8.054 8.067 8.080 8.093 8.106 8.119 8.131 8.143 8.155 8.162 8.170 8.182 8.193 8.205 8.216 8.227 8.238 8.248 8.258 8.266 8.275 8.286 8.297
7.162 7.164 7.166 7.167 7.169 7.170 7.171 7.173 7.174 7.174 7.173 7.169 7.164 7.159 7.154 7.146 7.139 7.134 7.131 7.131 7.138 7.151 7.169 7.184 7.204 7.237 7.273 7.313 7.353 7.395 7.439 7.481 7.522 7.551 7.581 7.623 7.665 7.707 7.745 7.783 7.818 7.848 7.874 7.890 7.906 7.928 7.949 7.969 7.987 8.004 8.019 8.034 8.047 8.055 8.062 8.075 8.088 8.101 8.114 8.127 8.139 8.151 8.162 8.169 8.176 8.187 8.198 8.209 8.220 8.230 8.240 8.250 8.260 8.268 8.276 8.287 8.298
7.169 7.170 7.172 7.173 7.175 7.176 7.177 7.179 7.180 7.180 7.179 7.175 7.169 7.163 7.157 7.148 7.141 7.136 7.133 7.135 7.143 7.159 7.182 7.199 7.220 7.256 7.295 7.336 7.378 7.422 7.466 7.509 7.552 7.581 7.610 7.652 7.694 7.734 7.772 7.808 7.841 7.870 7.893 7.907 7.922 7.942 7.962 7.981 7.998 8.014 8.029 8.043 8.056 8.064 8.072 8.084 8.097 8.110 8.123 8.135 8.148 8.159 8.169 8.175 8.182 8.193 8.203 8.213 8.223 8.233 8.243 8.253 8.263 8.270 8.278 8.289 8.300
7.175 7.176 7.178 7.179 7.181 7.182 7.184 7.185 7.186 7.186 7.184 7.180 7.173 7.167 7.160 7.151 7.143 7.138 7.136 7.140 7.151 7.172 7.198 7.216 7.238 7.276 7.318 7.361 7.405 7.449 7.494 7.539 7.583 7.611 7.640 7.681 7.722 7.760 7.797 7.831 7.863 7.889 7.909 7.922 7.936 7.956 7.974 7.992 8.009 8.024 8.039 8.053 8.066 8.073 8.081 8.094 8.107 8.119 8.132 8.144 8.156 8.167 8.176 8.182 8.189 8.198 8.208 8.218 8.227 8.237 8.246 8.256 8.265 8.272 8.280 8.290 8.301
7.181 7.183 7.184 7.186 7.187 7.189 7.190 7.191 7.192 7.192 7.190 7.185 7.178 7.171 7.164 7.154 7.147 7.142 7.142 7.148 7.163 7.187 7.214 7.233 7.258 7.298 7.341 7.386 7.432 7.478 7.524 7.570 7.613 7.640 7.668 7.709 7.748 7.786 7.820 7.853 7.882 7.905 7.925 7.938 7.951 7.969 7.987 8.004 8.020 8.035 8.049 8.063 8.076 8.083 8.091 8.103 8.116 8.129 8.141 8.153 8.165 8.174 8.183 8.189 8.195 8.204 8.213 8.223 8.232 8.241 8.250 8.259 8.268 8.275 8.282 8.292 8.303
7.187 7.189 7.190 7.192 7.193 7.195 7.196 7.197 7.198 7.198 7.196 7.191 7.183 7.176 7.168 7.159 7.151 7.148 7.150 7.159 7.177 7.203 7.231 7.251 7.277 7.319 7.365 7.412 7.459 7.507 7.555 7.600 7.642 7.668 7.696 7.735 7.773 7.809 7.842 7.872 7.899 7.921 7.940 7.952 7.965 7.982 7.999 8.016 8.031 8.046 8.060 8.073 8.086 8.093 8.100 8.113 8.126 8.139 8.151 8.162 8.173 8.182 8.191 8.196 8.202 8.210 8.219 8.228 8.236 8.245 8.254 8.262 8.271 8.277 8.284 8.294 8.305
7.193 7.195 7.197 7.198 7.200 7.201 7.202 7.204 7.204 7.204 7.202 7.196 7.188 7.182 7.174 7.164 7.158 7.156 7.160 7.171 7.192 7.219 7.248 7.269 7.297 7.342 7.389 7.438 7.488 7.537 7.585 7.629 7.669 7.695 7.722 7.760 7.796 7.831 7.862 7.890 7.915 7.936 7.955 7.967 7.979 7.996 8.012 8.028 8.043 8.057 8.071 8.084 8.096 8.103 8.111 8.123 8.136 8.148 8.160 8.171 8.181 8.190 8.198 8.204 8.209 8.217 8.225 8.233 8.241 8.249 8.258 8.266 8.274 8.281 8.287 8.297 8.308
