version1/TsunamiDB/out54084.asc
ncols          264
nrows          230
xllcorner      497853.4375
yllcorner      4229146.0000
cellsize         5.
NODATA_value   -99
[rows 170 to 203 of 230, columns 154 to 230 of 264]
7.033 7.045 7.058 7.071 7.084 7.096 7.108 7.119 7.129 7.135 7.137 7.135 7.137 7.147 7.161 7.183 7.217 7.264 7.323 7.390 7.467 7.545 7.619 7.677 7.743 7.830 7.915 7.999 8.078 8.153 8.223 8.285 8.339 8.373 8.409 8.460 8.508 8.553 8.593 8.629 8.661 8.688 8.712 8.727 8.741 8.763 8.784 8.804 8.822 8.839 8.856 8.872 8.887 8.894 8.901 8.916 8.931 8.945 8.958 8.969 8.978 8.986 8.993 8.994 8.995 9.000 9.005 9.009 9.013 9.016 9.019 9.021 9.024 9.022 9.021 9.024 9.027
7.047 7.060 7.073 7.086 7.099 7.112 7.125 7.137 7.147 7.155 7.158 7.159 7.162 7.173 7.190 7.214 7.250 7.299 7.356 7.424 7.500 7.578 7.655 7.713 7.779 7.867 7.954 8.038 8.117 8.192 8.260 8.321 8.372 8.405 8.439 8.487 8.533 8.575 8.613 8.648 8.679 8.705 8.729 8.743 8.757 8.778 8.798 8.817 8.835 8.852 8.868 8.883 8.898 8.905 8.913 8.928 8.942 8.956 8.968 8.979 8.988 8.996 9.002 9.003 9.004 9.009 9.013 9.017 9.020 9.023 9.025 9.028 9.030 9.029 9.028 9.031 9.035
7.061 7.074 7.088 7.101 7.115 7.129 7.142 7.155 7.167 7.176 7.181 7.183 7.188 7.202 7.220 7.245 7.283 7.331 7.389 7.455 7.531 7.611 7.690 7.748 7.815 7.905 7.993 8.077 8.155 8.229 8.296 8.354 8.404 8.434 8.467 8.513 8.556 8.597 8.633 8.666 8.696 8.722 8.745 8.759 8.773 8.793 8.812 8.831 8.848 8.864 8.879 8.894 8.909 8.917 8.924 8.939 8.954 8.967 8.979 8.989 8.998 9.006 9.012 9.013 9.013 9.018 9.021 9.025 9.027 9.030 9.032 9.035 9.038 9.037 9.036 9.039 9.043
7.075 7.089 7.103 7.117 7.131 7.146 7.160 7.174 7.187 7.198 7.204 7.208 7.215 7.231 7.251 7.277 7.316 7.364 7.420 7.487 7.563 7.645 7.725 7.785 7.852 7.943 8.030 8.114 8.191 8.263 8.329 8.385 8.432 8.461 8.492 8.535 8.577 8.616 8.651 8.683 8.712 8.738 8.760 8.774 8.787 8.807 8.826 8.844 8.860 8.875 8.890 8.905 8.921 8.928 8.936 8.950 8.965 8.978 8.989 8.999 9.008 9.015 9.021 9.021 9.022 9.026 9.029 9.032 9.035 9.037 9.039 9.042 9.045 9.044 9.043 9.047 9.051
7.089 7.103 7.118 7.133 7.148 7.163 7.178 7.193 7.208 7.220 7.229 7.234 7.243 7.260 7.282 7.309 7.348 7.396 7.452 7.518 7.594 7.677 7.759 7.820 7.888 7.978 8.065 8.147 8.223 8.294 8.359 8.413 8.458 8.486 8.515 8.556 8.597 8.634 8.668 8.699 8.728 8.754 8.775 8.788 8.801 8.821 8.839 8.857 8.872 8.887 8.902 8.917 8.932 8.940 8.947 8.962 8.976 8.988 8.999 9.009 9.018 9.024 9.030 9.030 9.030 9.034 9.037 9.040 9.042 9.044 9.046 9.049 9.053 9.052 9.051 9.055 9.059
7.103 7.118 7.133 7.148 7.164 7.180 7.197 7.213 7.229 7.243 7.254 7.261 7.271 7.289 7.312 7.340 7.378 7.426 7.482 7.548 7.624 7.708 7.795 7.856 7.923 8.013 8.099 8.180 8.255 8.325 8.389 8.441 8.484 8.510 8.537 8.577 8.616 8.652 8.685 8.716 8.745 8.769 8.791 8.803 8.815 8.834 8.853 8.870 8.885 8.900 8.914 8.928 8.944 8.952 8.959 8.973 8.987 8.999 9.009 9.019 9.027 9.034 9.038 9.038 9.038 9.042 9.045 9.048 9.050 9.052 9.054 9.057 9.061 9.060 9.059 9.064 9.068
7.117 7.133 7.149 7.165 7.181 7.198 7.216 7.233 7.251 7.267 7.279 7.287 7.298 7.318 7.341 7.369 7.408 7.455 7.512 7.578 7.654 7.745 7.835 7.893 7.958 8.048 8.133 8.212 8.286 8.355 8.417 8.466 8.506 8.531 8.558 8.597 8.634 8.670 8.702 8.733 8.761 8.785 8.805 8.817 8.829 8.848 8.866 8.882 8.898 8.912 8.925 8.941 8.957 8.964 8.971 8.985 8.998 9.009 9.019 9.029 9.037 9.042 9.046 9.046 9.046 9.049 9.052 9.055 9.057 9.059 9.061 9.065 9.070 9.069 9.068 9.072 9.077
7.132 7.148 7.164 7.181 7.199 7.217 7.235 7.254 7.273 7.290 7.303 7.313 7.325 7.347 7.371 7.399 7.438 7.487 7.544 7.612 7.694 7.785 7.871 7.928 7.993 8.081 8.164 8.243 8.315 8.381 8.440 8.487 8.527 8.551 8.577 8.615 8.652 8.687 8.719 8.749 8.776 8.799 8.819 8.831 8.843 8.861 8.879 8.895 8.911 8.925 8.939 8.954 8.970 8.976 8.983 8.996 9.008 9.019 9.029 9.038 9.045 9.050 9.054 9.054 9.054 9.057 9.060 9.063 9.065 9.067 9.070 9.074 9.078 9.077 9.077 9.081 9.085
7.147 7.164 7.181 7.198 7.217 7.236 7.255 7.275 7.296 7.314 7.328 7.340 7.353 7.375 7.400 7.429 7.469 7.519 7.578 7.650 7.733 7.822 7.904 7.960 8.024 8.111 8.193 8.270 8.341 8.404 8.460 8.507 8.547 8.571 8.596 8.633 8.670 8.704 8.735 8.764 8.790 8.813 8.833 8.845 8.856 8.874 8.892 8.909 8.924 8.939 8.953 8.968 8.982 8.988 8.995 9.007 9.019 9.029 9.038 9.046 9.053 9.058 9.062 9.061 9.061 9.064 9.067 9.070 9.073 9.075 9.079 9.082 9.087 9.086 9.085 9.089 9.093
7.162 7.179 7.197 7.216 7.235 7.255 7.275 7.297 7.318 7.338 7.354 7.366 7.381 7.404 7.430 7.460 7.502 7.553 7.615 7.688 7.770 7.856 7.935 7.990 8.054 8.139 8.220 8.296 8.364 8.425 8.480 8.526 8.566 8.589 8.614 8.651 8.687 8.720 8.751 8.779 8.804 8.827 8.847 8.858 8.869 8.887 8.905 8.922 8.938 8.952 8.967 8.981 8.994 9.000 9.006 9.018 9.028 9.038 9.046 9.054 9.060 9.065 9.069 9.068 9.068 9.071 9.075 9.078 9.081 9.084 9.087 9.091 9.095 9.094 9.093 9.097 9.101
7.178 7.196 7.214 7.233 7.253 7.274 7.296 7.318 7.341 7.361 7.379 7.392 7.409 7.433 7.461 7.493 7.535 7.589 7.651 7.723 7.804 7.887 7.964 8.019 8.081 8.165 8.244 8.319 8.385 8.445 8.498 8.544 8.584 8.608 8.631 8.668 8.704 8.737 8.766 8.794 8.819 8.841 8.861 8.872 8.883 8.901 8.919 8.936 8.951 8.966 8.980 8.994 9.006 9.012 9.017 9.028 9.038 9.047 9.054 9.061 9.067 9.071 9.075 9.075 9.075 9.078 9.082 9.085 9.089 9.092 9.096 9.099 9.103 9.102 9.101 9.105 9.109
7.194 7.213 7.232 7.252 7.272 7.294 7.317 7.340 7.363 7.385 7.404 7.419 7.437 7.463 7.493 7.526 7.569 7.624 7.686 7.756 7.834 7.915 7.991 8.046 8.107 8.189 8.268 8.340 8.405 8.464 8.516 8.562 8.602 8.625 8.648 8.685 8.720 8.752 8.781 8.808 8.833 8.855 8.875 8.886 8.896 8.914 8.933 8.950 8.965 8.980 8.993 9.006 9.018 9.022 9.027 9.037 9.046 9.055 9.062 9.068 9.073 9.078 9.082 9.082 9.082 9.085 9.089 9.093 9.096 9.100 9.103 9.107 9.111 9.110 9.109 9.112 9.116
7.211 7.230 7.249 7.270 7.291 7.314 7.337 7.361 7.386 7.409 7.429 7.446 7.465 7.492 7.524 7.558 7.603 7.657 7.718 7.786 7.862 7.941 8.018 8.072 8.132 8.213 8.290 8.361 8.425 8.482 8.534 8.580 8.620 8.642 8.665 8.702 8.736 8.768 8.796 8.823 8.847 8.869 8.889 8.900 8.910 8.928 8.946 8.963 8.979 8.993 9.006 9.018 9.029 9.033 9.037 9.046 9.054 9.062 9.069 9.074 9.079 9.084 9.088 9.088 9.088 9.092 9.096 9.100 9.104 9.107 9.111 9.115 9.118 9.117 9.116 9.120 9.123
7.228 7.247 7.267 7.288 7.311 7.334 7.358 7.383 7.409 7.433 7.454 7.472 7.492 7.522 7.555 7.590 7.636 7.689 7.748 7.815 7.889 7.968 8.044 8.098 8.157 8.237 8.313 8.382 8.444 8.501 8.552 8.598 8.637 8.659 8.682 8.718 8.752 8.783 8.811 8.837 8.861 8.882 8.903 8.913 8.923 8.942 8.959 8.976 8.991 9.005 9.018 9.029 9.039 9.042 9.046 9.054 9.062 9.069 9.075 9.080 9.085 9.090 9.094 9.094 9.095 9.099 9.103 9.107 9.111 9.114 9.118 9.122 9.125 9.124 9.123 9.126 9.130
7.245 7.265 7.286 7.307 7.330 7.354 7.379 7.405 7.431 7.456 7.478 7.498 7.520 7.551 7.585 7.622 7.668 7.721 7.778 7.843 7.916 7.993 8.070 8.123 8.182 8.261 8.334 8.402 8.463 8.519 8.570 8.615 8.654 8.676 8.698 8.733 8.767 8.798 8.825 8.851 8.874 8.896 8.916 8.927 8.937 8.955 8.972 8.989 9.003 9.017 9.029 9.040 9.048 9.051 9.054 9.062 9.069 9.075 9.081 9.086 9.091 9.096 9.100 9.101 9.101 9.105 9.110 9.114 9.117 9.121 9.125 9.128 9.132 9.131 9.130 9.133 9.136
7.262 7.283 7.304 7.326 7.349 7.374 7.400 7.426 7.453 7.479 7.502 7.523 7.546 7.579 7.615 7.652 7.698 7.750 7.807 7.870 7.941 8.017 8.096 8.149 8.206 8.284 8.356 8.422 8.482 8.537 8.588 8.632 8.671 8.693 8.714 8.749 8.783 8.813 8.840 8.865 8.889 8.910 8.931 8.941 8.951 8.969 8.986 9.001 9.015 9.029 9.041 9.050 9.058 9.060 9.063 9.069 9.076 9.082 9.087 9.092 9.097 9.101 9.106 9.107 9.107 9.112 9.116 9.120 9.124 9.128 9.132 9.135 9.139 9.138 9.137 9.139 9.142
7.280 7.301 7.322 7.345 7.369 7.394 7.420 7.447 7.475 7.501 7.525 7.546 7.570 7.605 7.643 7.681 7.727 7.778 7.835 7.897 7.966 8.046 8.125 8.176 8.232 8.307 8.378 8.443 8.502 8.556 8.606 8.650 8.688 8.709 8.730 8.765 8.798 8.828 8.855 8.880 8.903 8.925 8.946 8.955 8.965 8.982 8.999 9.014 9.027 9.040 9.051 9.060 9.066 9.068 9.070 9.076 9.082 9.088 9.093 9.098 9.103 9.107 9.112 9.113 9.113 9.118 9.122 9.127 9.131 9.135 9.138 9.142 9.145 9.144 9.143 9.146 9.148
7.298 7.319 7.341 7.364 7.388 7.413 7.440 7.468 7.495 7.521 7.545 7.568 7.595 7.632 7.670 7.710 7.756 7.808 7.864 7.926 7.997 8.076 8.152 8.202 8.257 8.331 8.400 8.464 8.521 8.575 8.624 8.667 8.705 8.726 8.746 8.781 8.813 8.844 8.871 8.895 8.919 8.941 8.961 8.970 8.979 8.996 9.011 9.026 9.039 9.050 9.061 9.068 9.074 9.076 9.078 9.083 9.089 9.094 9.099 9.104 9.109 9.113 9.118 9.119 9.119 9.124 9.129 9.133 9.137 9.141 9.145 9.148 9.152 9.151 9.149 9.152 9.154
7.317 7.338 7.359 7.382 7.406 7.432 7.459 7.487 7.514 7.539 7.564 7.589 7.620 7.658 7.698 7.739 7.786 7.838 7.894 7.957 8.029 8.105 8.179 8.228 8.282 8.354 8.422 8.485 8.542 8.594 8.642 8.684 8.723 8.742 8.762 8.797 8.830 8.860 8.887 8.912 8.935 8.956 8.976 8.984 8.992 9.009 9.024 9.038 9.049 9.060 9.069 9.076 9.082 9.083 9.085 9.090 9.096 9.101 9.105 9.110 9.115 9.119 9.124 9.124 9.125 9.130 9.135 9.139 9.144 9.148 9.151 9.155 9.158 9.157 9.155 9.158 9.160
7.335 7.356 7.377 7.400 7.424 7.450 7.477 7.504 7.531 7.556 7.582 7.611 7.644 7.684 7.726 7.769 7.817 7.869 7.926 7.989 8.059 8.134 8.205 8.254 8.307 8.378 8.446 8.507 8.563 8.614 8.660 8.702 8.740 8.759 8.778 8.813 8.846 8.876 8.903 8.928 8.951 8.972 8.990 8.998 9.006 9.021 9.036 9.049 9.059 9.069 9.077 9.084 9.089 9.091 9.092 9.097 9.102 9.107 9.112 9.116 9.121 9.125 9.130 9.130 9.131 9.136 9.141 9.146 9.150 9.154 9.158 9.161 9.164 9.163 9.161 9.163 9.165
7.353 7.374 7.395 7.418 7.441 7.466 7.493 7.520 7.546 7.573 7.601 7.632 7.668 7.711 7.754 7.799 7.848 7.902 7.959 8.021 8.089 8.161 8.231 8.281 8.333 8.404 8.470 8.531 8.585 8.634 8.679 8.720 8.758 8.777 8.796 8.831 8.863 8.894 8.920 8.945 8.967 8.987 9.005 9.012 9.019 9.033 9.047 9.059 9.069 9.077 9.085 9.091 9.097 9.098 9.099 9.104 9.109 9.114 9.118 9.122 9.127 9.131 9.136 9.136 9.137 9.142 9.147 9.152 9.157 9.161 9.164 9.167 9.170 9.169 9.167 9.169 9.170
7.371 7.392 7.412 7.434 7.457 7.482 7.507 7.533 7.561 7.589 7.619 7.654 7.693 7.737 7.783 7.829 7.880 7.935 7.990 8.051 8.117 8.188 8.259 8.309 8.361 8.430 8.497 8.556 8.608 8.655 8.699 8.739 8.777 8.795 8.813 8.848 8.881 8.911 8.938 8.962 8.983 9.002 9.019 9.025 9.031 9.045 9.058 9.068 9.077 9.085 9.092 9.098 9.104 9.105 9.106 9.111 9.116 9.120 9.124 9.129 9.133 9.137 9.142 9.142 9.143 9.148 9.153 9.158 9.163 9.167 9.171 9.174 9.176 9.174 9.173 9.174 9.175
7.388 7.409 7.429 7.450 7.472 7.495 7.519 7.546 7.574 7.604 7.638 7.676 7.718 7.764 7.811 7.859 7.912 7.966 8.022 8.080 8.144 8.216 8.288 8.338 8.389 8.460 8.525 8.582 8.632 8.677 8.718 8.758 8.796 8.813 8.832 8.867 8.900 8.929 8.955 8.979 8.999 9.017 9.033 9.038 9.044 9.056 9.067 9.077 9.086 9.093 9.099 9.105 9.111 9.112 9.113 9.118 9.122 9.127 9.131 9.135 9.139 9.143 9.148 9.148 9.149 9.154 9.160 9.165 9.169 9.173 9.177 9.180 9.182 9.180 9.178 9.179 9.180
7.405 7.425 7.444 7.464 7.485 7.507 7.531 7.558 7.587 7.620 7.657 7.698 7.742 7.789 7.837 7.888 7.943 7.997 8.052 8.110 8.173 8.245 8.319 8.370 8.421 8.491 8.554 8.608 8.656 8.698 8.738 8.777 8.815 8.833 8.850 8.886 8.918 8.946 8.971 8.994 9.014 9.031 9.045 9.050 9.055 9.066 9.076 9.086 9.093 9.100 9.106 9.112 9.117 9.118 9.119 9.124 9.129 9.133 9.137 9.141 9.145 9.149 9.154 9.155 9.155 9.161 9.166 9.171 9.175 9.179 9.183 9.185 9.187 9.185 9.183 9.184 9.184
7.422 7.440 7.458 7.477 7.497 7.518 7.542 7.569 7.600 7.635 7.675 7.719 7.765 7.813 7.863 7.916 7.972 8.028 8.083 8.141 8.204 8.275 8.352 8.404 8.454 8.523 8.584 8.636 8.680 8.721 8.759 8.797 8.834 8.852 8.869 8.904 8.935 8.963 8.987 9.010 9.029 9.045 9.058 9.062 9.065 9.076 9.085 9.094 9.101 9.107 9.113 9.119 9.124 9.125 9.126 9.131 9.135 9.140 9.143 9.147 9.151 9.155 9.161 9.161 9.162 9.167 9.172 9.177 9.182 9.185 9.189 9.191 9.192 9.190 9.188 9.188 9.188
7.437 7.454 7.470 7.488 7.507 7.527 7.552 7.579 7.612 7.651 7.694 7.740 7.787 7.837 7.888 7.943 8.002 8.059 8.116 8.174 8.235 8.308 8.390 8.442 8.490 8.556 8.615 8.664 8.706 8.744 8.780 8.816 8.855 8.872 8.889 8.923 8.953 8.980 9.003 9.025 9.043 9.058 9.070 9.073 9.076 9.085 9.094 9.102 9.108 9.115 9.120 9.126 9.131 9.131 9.132 9.137 9.142 9.146 9.150 9.154 9.157 9.162 9.167 9.168 9.169 9.174 9.179 9.184 9.188 9.192 9.195 9.197 9.198 9.195 9.193 9.193 9.193
7.451 7.467 7.481 7.499 7.517 7.537 7.562 7.590 7.626 7.667 7.712 7.760 7.809 7.860 7.912 7.971 8.032 8.091 8.150 8.210 8.270 8.351 8.436 8.483 8.528 8.591 8.646 8.691 8.732 8.768 8.801 8.839 8.878 8.894 8.910 8.942 8.971 8.997 9.019 9.040 9.057 9.071 9.080 9.083 9.086 9.094 9.102 9.110 9.116 9.122 9.127 9.132 9.137 9.138 9.138 9.143 9.148 9.152 9.156 9.160 9.164 9.169 9.175 9.175 9.176 9.181 9.186 9.190 9.194 9.198 9.201 9.202 9.202 9.200 9.197 9.197 9.197
7.464 7.478 7.492 7.510 7.528 7.548 7.573 7.603 7.640 7.682 7.729 7.779 7.833 7.885 7.938 7.999 8.064 8.127 8.189 8.251 8.320 8.402 8.479 8.523 8.566 8.624 8.676 8.719 8.757 8.792 8.826 8.863 8.899 8.914 8.929 8.960 8.988 9.013 9.034 9.053 9.069 9.081 9.090 9.093 9.095 9.103 9.110 9.117 9.123 9.129 9.134 9.139 9.143 9.144 9.145 9.149 9.154 9.159 9.163 9.167 9.171 9.176 9.182 9.182 9.183 9.188 9.192 9.196 9.200 9.203 9.206 9.207 9.207 9.205 9.202 9.202 9.202
7.476 7.490 7.504 7.521 7.539 7.560 7.585 7.617 7.654 7.697 7.746 7.800 7.858 7.911 7.965 8.031 8.099 8.166 8.233 8.301 8.374 8.451 8.520 8.562 8.602 8.656 8.705 8.746 8.782 8.817 8.851 8.886 8.920 8.933 8.948 8.977 9.004 9.027 9.047 9.065 9.080 9.091 9.100 9.102 9.104 9.111 9.118 9.125 9.130 9.135 9.140 9.145 9.150 9.150 9.151 9.156 9.161 9.166 9.170 9.174 9.179 9.184 9.189 9.189 9.190 9.194 9.199 9.203 9.206 9.209 9.211 9.212 9.212 9.209 9.207 9.207 9.206
7.488 7.501 7.515 7.532 7.551 7.572 7.599 7.631 7.668 7.712 7.763 7.823 7.885 7.939 7.995 8.066 8.139 8.210 8.282 8.354 8.427 8.498 8.561 8.599 8.637 8.688 8.733 8.772 8.808 8.842 8.875 8.908 8.939 8.952 8.966 8.993 9.019 9.041 9.060 9.076 9.090 9.101 9.109 9.111 9.112 9.119 9.126 9.132 9.137 9.142 9.146 9.151 9.156 9.156 9.157 9.162 9.167 9.172 9.177 9.182 9.187 9.192 9.196 9.196 9.197 9.201 9.205 9.208 9.211 9.214 9.215 9.216 9.216 9.214 9.211 9.211 9.211
7.500 7.513 7.527 7.545 7.564 7.586 7.613 7.646 7.683 7.728 7.783 7.847 7.914 7.970 8.028 8.104 8.181 8.257 8.332 8.406 8.477 8.543 8.601 8.636 8.671 8.718 8.760 8.799 8.833 8.866 8.898 8.928 8.957 8.969 8.982 9.008 9.032 9.053 9.071 9.086 9.099 9.110 9.118 9.119 9.121 9.127 9.134 9.139 9.144 9.148 9.153 9.157 9.162 9.162 9.163 9.168 9.174 9.179 9.184 9.189 9.194 9.199 9.203 9.203 9.203 9.207 9.211 9.214 9.216 9.218 9.220 9.221 9.221 9.218 9.216 9.216 9.215
7.512 7.526 7.540 7.558 7.578 7.600 7.627 7.661 7.699 7.746 7.804 7.873 7.946 8.004 8.064 8.145 8.227 8.307 8.383 8.456 8.525 8.587 8.640 8.672 8.704 8.747 8.788 8.824 8.857 8.889 8.919 8.947 8.974 8.985 8.998 9.022 9.045 9.064 9.081 9.096 9.108 9.118 9.126 9.128 9.129 9.135 9.141 9.146 9.150 9.154 9.159 9.163 9.168 9.169 9.169 9.175 9.181 9.186 9.192 9.197 9.202 9.206 9.210 9.210 9.210 9.213 9.217 9.219 9.221 9.223 9.224 9.225 9.225 9.223 9.221 9.220 9.220
7.525 7.539 7.553 7.571 7.592 7.614 7.643 7.677 7.716 7.765 7.828 7.903 7.982 8.042 8.104 8.191 8.275 8.356 8.432 8.504 8.571 8.629 8.677 8.707 8.736 8.776 8.814 8.849 8.880 8.910 8.938 8.965 8.990 9.001 9.013 9.035 9.056 9.075 9.091 9.105 9.117 9.127 9.134 9.135 9.136 9.142 9.148 9.153 9.157 9.161 9.165 9.169 9.174 9.175 9.176 9.181 9.187 9.193 9.199 9.204 9.209 9.213 9.217 9.216 9.216 9.219 9.222 9.224 9.226 9.228 9.229 9.230 9.230 9.228 9.225 9.225 9.225
7.538 7.552 7.566 7.586 7.607 7.630 7.659 7.695 7.736 7.788 7.856 7.937 8.021 8.082 8.147 8.237 8.322 8.403 8.478 8.549 8.612 8.666 8.711 8.738 8.765 8.803 8.838 8.871 8.901 8.929 8.956 8.981 9.004 9.015 9.026 9.047 9.067 9.085 9.100 9.113 9.125 9.134 9.142 9.143 9.144 9.149 9.154 9.159 9.163 9.166 9.170 9.175 9.180 9.181 9.182 9.188 9.194 9.200 9.206 9.211 9.216 9.220 9.223 9.222 9.222 9.225 9.227 9.229 9.231 9.232 9.233 9.234 9.234 9.232 9.230 9.230 9.229
