version1/TsunamiDB/out54178.asc
ncols          264
nrows          230
xllcorner      497853.4375
yllcorner      4229146.0000
cellsize         5.
NODATA_value   -99
[rows 170 to 203 of 230, columns 154 to 230 of 264]
7.175 7.180 7.184 7.189 7.193 7.198 7.202 7.206 7.211 7.215 7.217 7.217 7.216 7.216 7.216 7.215 7.216 7.222 7.232 7.247 7.270 7.297 7.328 7.352 7.381 7.426 7.474 7.525 7.576 7.626 7.676 7.722 7.764 7.793 7.822 7.862 7.900 7.935 7.967 7.996 8.022 8.045 8.065 8.079 8.092 8.110 8.127 8.144 8.159 8.173 8.187 8.200 8.212 8.219 8.225 8.236 8.247 8.257 8.266 8.274 8.280 8.285 8.290 8.290 8.291 8.294 8.297 8.300 8.302 8.303 8.305 8.306 8.308 8.307 8.307 8.309 8.311
7.177 7.182 7.186 7.190 7.195 7.199 7.204 7.208 7.212 7.216 7.219 7.219 7.218 7.218 7.218 7.217 7.219 7.226 7.236 7.252 7.275 7.303 7.336 7.361 7.391 7.438 7.488 7.540 7.591 7.642 7.692 7.737 7.778 7.806 7.834 7.872 7.909 7.943 7.973 8.001 8.027 8.049 8.069 8.082 8.095 8.113 8.130 8.146 8.160 8.174 8.188 8.200 8.212 8.219 8.225 8.237 8.248 8.258 8.266 8.274 8.280 8.285 8.289 8.290 8.290 8.293 8.295 8.298 8.299 8.301 8.302 8.304 8.305 8.305 8.304 8.306 8.309
7.179 7.183 7.188 7.192 7.196 7.201 7.205 7.210 7.214 7.218 7.220 7.220 7.219 7.219 7.219 7.219 7.222 7.229 7.239 7.256 7.279 7.309 7.344 7.369 7.401 7.450 7.501 7.554 7.606 7.657 7.706 7.751 7.790 7.817 7.845 7.881 7.916 7.949 7.979 8.006 8.031 8.053 8.072 8.085 8.098 8.115 8.132 8.147 8.162 8.175 8.188 8.201 8.213 8.219 8.226 8.237 8.248 8.258 8.266 8.274 8.280 8.285 8.288 8.289 8.289 8.292 8.294 8.296 8.297 8.298 8.299 8.301 8.303 8.302 8.302 8.304 8.307
7.180 7.185 7.189 7.193 7.198 7.202 7.207 7.211 7.216 7.220 7.222 7.222 7.221 7.221 7.221 7.222 7.225 7.232 7.243 7.260 7.284 7.316 7.352 7.379 7.412 7.462 7.514 7.568 7.619 7.670 7.718 7.762 7.800 7.826 7.853 7.888 7.922 7.954 7.983 8.009 8.034 8.056 8.075 8.088 8.100 8.117 8.133 8.148 8.162 8.175 8.188 8.201 8.213 8.220 8.226 8.238 8.248 8.258 8.266 8.273 8.279 8.284 8.287 8.288 8.288 8.290 8.292 8.293 8.294 8.295 8.297 8.298 8.300 8.300 8.299 8.302 8.305
7.182 7.186 7.190 7.195 7.199 7.204 7.208 7.213 7.217 7.221 7.224 7.224 7.223 7.223 7.224 7.224 7.228 7.236 7.247 7.264 7.289 7.321 7.360 7.388 7.422 7.473 7.526 7.579 7.631 7.681 7.729 7.771 7.809 7.834 7.860 7.894 7.927 7.958 7.986 8.013 8.037 8.059 8.078 8.090 8.103 8.119 8.135 8.150 8.163 8.176 8.188 8.201 8.213 8.220 8.227 8.238 8.248 8.258 8.266 8.273 8.279 8.283 8.286 8.286 8.286 8.288 8.290 8.291 8.292 8.293 8.294 8.296 8.298 8.297 8.297 8.300 8.303
7.183 7.188 7.192 7.196 7.201 7.205 7.210 7.214 7.219 7.223 7.226 7.226 7.225 7.225 7.226 7.227 7.231 7.239 7.250 7.268 7.293 7.327 7.369 7.399 7.433 7.485 7.538 7.591 7.643 7.693 7.740 7.782 7.817 7.841 7.866 7.899 7.932 7.962 7.990 8.017 8.041 8.062 8.081 8.093 8.105 8.121 8.137 8.151 8.165 8.177 8.189 8.201 8.214 8.221 8.228 8.239 8.249 8.258 8.266 8.273 8.278 8.282 8.285 8.285 8.285 8.286 8.288 8.289 8.290 8.291 8.292 8.293 8.296 8.296 8.295 8.298 8.301
7.185 7.189 7.193 7.198 7.202 7.207 7.211 7.216 7.221 7.225 7.228 7.228 7.226 7.227 7.229 7.229 7.233 7.241 7.254 7.272 7.298 7.337 7.382 7.412 7.446 7.498 7.551 7.603 7.654 7.704 7.750 7.790 7.823 7.847 7.871 7.904 7.936 7.966 7.994 8.021 8.045 8.066 8.084 8.096 8.107 8.123 8.139 8.153 8.166 8.179 8.190 8.203 8.216 8.223 8.229 8.240 8.250 8.258 8.266 8.273 8.278 8.282 8.284 8.284 8.283 8.285 8.286 8.288 8.288 8.289 8.290 8.292 8.295 8.294 8.294 8.297 8.299
7.186 7.191 7.195 7.200 7.204 7.209 7.213 7.218 7.223 7.227 7.230 7.230 7.229 7.230 7.232 7.233 7.237 7.246 7.259 7.279 7.309 7.351 7.395 7.424 7.458 7.511 7.563 7.615 7.665 7.713 7.758 7.795 7.829 7.853 7.876 7.909 7.941 7.971 7.999 8.024 8.048 8.068 8.087 8.099 8.110 8.126 8.141 8.155 8.169 8.181 8.193 8.206 8.219 8.225 8.231 8.241 8.251 8.259 8.266 8.272 8.277 8.281 8.283 8.283 8.282 8.284 8.285 8.286 8.287 8.288 8.289 8.291 8.294 8.293 8.293 8.295 8.298
7.188 7.192 7.197 7.201 7.206 7.211 7.215 7.220 7.225 7.230 7.233 7.233 7.232 7.234 7.235 7.237 7.242 7.252 7.267 7.289 7.322 7.363 7.406 7.435 7.470 7.521 7.573 7.625 7.674 7.721 7.763 7.800 7.834 7.858 7.881 7.914 7.945 7.975 8.003 8.028 8.051 8.072 8.090 8.102 8.113 8.129 8.144 8.158 8.172 8.184 8.197 8.209 8.221 8.227 8.233 8.243 8.252 8.260 8.266 8.272 8.277 8.280 8.282 8.282 8.281 8.283 8.284 8.285 8.286 8.287 8.289 8.291 8.293 8.293 8.292 8.294 8.297
7.190 7.194 7.199 7.203 7.208 7.213 7.218 7.223 7.228 7.233 7.236 7.236 7.235 7.237 7.239 7.242 7.248 7.259 7.276 7.301 7.335 7.375 7.417 7.446 7.480 7.532 7.583 7.634 7.682 7.727 7.768 7.806 7.840 7.863 7.886 7.918 7.950 7.980 8.007 8.032 8.055 8.075 8.094 8.105 8.116 8.132 8.148 8.162 8.176 8.188 8.201 8.213 8.224 8.230 8.235 8.245 8.253 8.260 8.267 8.272 8.276 8.279 8.282 8.281 8.280 8.282 8.284 8.285 8.286 8.287 8.289 8.291 8.293 8.292 8.291 8.294 8.296
7.192 7.196 7.201 7.206 7.210 7.215 7.220 7.225 7.231 7.236 7.239 7.240 7.240 7.242 7.245 7.248 7.255 7.268 7.287 7.312 7.346 7.385 7.427 7.456 7.490 7.541 7.592 7.642 7.689 7.733 7.774 7.811 7.845 7.868 7.891 7.923 7.955 7.984 8.011 8.036 8.059 8.079 8.098 8.110 8.121 8.137 8.152 8.167 8.180 8.193 8.205 8.216 8.227 8.232 8.238 8.246 8.254 8.261 8.267 8.272 8.276 8.279 8.281 8.281 8.280 8.282 8.284 8.285 8.286 8.288 8.290 8.291 8.293 8.292 8.291 8.293 8.296
7.194 7.199 7.203 7.208 7.213 7.218 7.223 7.228 7.234 7.239 7.243 7.244 7.244 7.247 7.251 7.255 7.264 7.278 7.297 7.323 7.356 7.395 7.436 7.465 7.500 7.550 7.600 7.649 7.695 7.739 7.779 7.816 7.851 7.874 7.896 7.929 7.960 7.989 8.016 8.041 8.063 8.084 8.103 8.115 8.126 8.142 8.158 8.172 8.186 8.198 8.210 8.221 8.231 8.236 8.240 8.248 8.256 8.262 8.267 8.272 8.276 8.279 8.281 8.281 8.280 8.282 8.284 8.286 8.287 8.289 8.290 8.292 8.294 8.292 8.291 8.293 8.295
7.196 7.201 7.206 7.210 7.215 7.221 7.226 7.231 7.237 7.243 7.247 7.249 7.249 7.253 7.258 7.263 7.272 7.287 7.307 7.332 7.365 7.404 7.445 7.475 7.509 7.559 7.609 7.657 7.702 7.745 7.785 7.822 7.857 7.879 7.902 7.935 7.966 7.995 8.021 8.046 8.068 8.089 8.108 8.120 8.131 8.148 8.164 8.178 8.191 8.204 8.215 8.225 8.235 8.239 8.243 8.251 8.257 8.263 8.268 8.272 8.276 8.279 8.282 8.282 8.281 8.283 8.285 8.287 8.289 8.290 8.291 8.293 8.294 8.293 8.292 8.294 8.295
7.199 7.203 7.208 7.213 7.218 7.224 7.229 7.235 7.241 7.247 7.251 7.253 7.254 7.259 7.264 7.270 7.281 7.296 7.316 7.342 7.374 7.413 7.455 7.485 7.519 7.569 7.618 7.666 7.710 7.752 7.792 7.829 7.863 7.886 7.908 7.940 7.971 8.000 8.027 8.051 8.074 8.095 8.114 8.126 8.137 8.154 8.170 8.184 8.197 8.209 8.220 8.230 8.238 8.242 8.246 8.253 8.259 8.265 8.269 8.273 8.277 8.280 8.283 8.283 8.282 8.285 8.287 8.289 8.290 8.291 8.293 8.294 8.296 8.294 8.293 8.295 8.296
7.201 7.206 7.211 7.216 7.221 7.227 7.232 7.239 7.245 7.251 7.256 7.258 7.260 7.265 7.272 7.278 7.290 7.306 7.326 7.351 7.384 7.422 7.464 7.495 7.529 7.579 7.627 7.674 7.718 7.759 7.799 7.836 7.870 7.892 7.915 7.947 7.977 8.006 8.032 8.057 8.080 8.101 8.121 8.133 8.144 8.161 8.176 8.191 8.203 8.215 8.226 8.235 8.243 8.246 8.250 8.256 8.262 8.267 8.271 8.275 8.278 8.281 8.284 8.284 8.284 8.286 8.289 8.291 8.292 8.294 8.295 8.296 8.298 8.296 8.295 8.296 8.297
7.204 7.209 7.214 7.219 7.224 7.230 7.236 7.242 7.249 7.255 7.260 7.263 7.265 7.271 7.278 7.286 7.298 7.314 7.334 7.360 7.392 7.430 7.475 7.506 7.540 7.589 7.637 7.683 7.726 7.768 7.807 7.843 7.877 7.900 7.922 7.953 7.984 8.013 8.039 8.064 8.087 8.108 8.128 8.141 8.152 8.169 8.184 8.198 8.211 8.222 8.232 8.241 8.248 8.251 8.254 8.259 8.265 8.269 8.274 8.277 8.281 8.284 8.287 8.287 8.287 8.289 8.291 8.293 8.295 8.296 8.298 8.299 8.300 8.299 8.297 8.298 8.299
7.207 7.212 7.217 7.222 7.227 7.233 7.240 7.246 7.253 7.259 7.264 7.267 7.269 7.276 7.285 7.293 7.306 7.323 7.343 7.369 7.400 7.442 7.489 7.519 7.552 7.601 7.648 7.693 7.736 7.777 7.816 7.852 7.885 7.907 7.929 7.961 7.991 8.020 8.046 8.071 8.094 8.116 8.137 8.149 8.161 8.177 8.192 8.206 8.218 8.229 8.239 8.247 8.253 8.256 8.258 8.264 8.268 8.273 8.277 8.280 8.284 8.287 8.290 8.290 8.290 8.292 8.295 8.297 8.298 8.300 8.301 8.302 8.304 8.302 8.300 8.301 8.302
7.210 7.215 7.220 7.225 7.231 7.237 7.243 7.250 7.257 7.263 7.268 7.270 7.274 7.282 7.291 7.301 7.314 7.332 7.354 7.380 7.414 7.457 7.502 7.532 7.565 7.613 7.659 7.704 7.746 7.787 7.825 7.861 7.894 7.916 7.937 7.969 7.999 8.028 8.055 8.080 8.103 8.125 8.146 8.158 8.170 8.186 8.201 8.214 8.226 8.237 8.246 8.253 8.258 8.261 8.264 8.268 8.273 8.277 8.281 8.284 8.288 8.291 8.294 8.294 8.294 8.296 8.299 8.301 8.303 8.304 8.305 8.307 8.308 8.306 8.304 8.304 8.305
7.213 7.218 7.223 7.228 7.234 7.240 7.247 7.253 7.260 7.266 7.270 7.274 7.279 7.288 7.298 7.309 7.324 7.343 7.365 7.393 7.429 7.471 7.514 7.544 7.578 7.625 7.671 7.716 7.758 7.798 7.835 7.871 7.904 7.925 7.946 7.978 8.009 8.037 8.064 8.089 8.113 8.135 8.156 8.168 8.179 8.195 8.210 8.223 8.234 8.244 8.252 8.259 8.265 8.267 8.269 8.274 8.278 8.282 8.286 8.289 8.292 8.296 8.299 8.299 8.298 8.301 8.303 8.306 8.308 8.309 8.310 8.311 8.312 8.310 8.308 8.309 8.309
7.216 7.221 7.226 7.231 7.237 7.243 7.250 7.256 7.262 7.268 7.272 7.277 7.284 7.294 7.305 7.318 7.334 7.354 7.378 7.407 7.443 7.484 7.527 7.558 7.591 7.638 7.685 7.729 7.770 7.810 7.846 7.881 7.914 7.935 7.956 7.988 8.019 8.048 8.075 8.100 8.124 8.146 8.166 8.178 8.189 8.204 8.219 8.232 8.242 8.251 8.259 8.266 8.271 8.274 8.275 8.280 8.284 8.288 8.292 8.295 8.298 8.301 8.304 8.304 8.304 8.306 8.309 8.311 8.313 8.315 8.316 8.317 8.318 8.316 8.314 8.314 8.313
7.219 7.224 7.229 7.234 7.240 7.246 7.252 7.258 7.264 7.270 7.275 7.281 7.289 7.300 7.313 7.327 7.345 7.366 7.392 7.422 7.457 7.497 7.540 7.572 7.606 7.653 7.699 7.743 7.784 7.822 7.859 7.893 7.926 7.947 7.967 7.999 8.030 8.059 8.086 8.111 8.135 8.156 8.176 8.188 8.199 8.214 8.228 8.240 8.250 8.259 8.267 8.273 8.278 8.281 8.283 8.287 8.291 8.295 8.298 8.301 8.304 8.307 8.310 8.310 8.310 8.313 8.315 8.318 8.320 8.322 8.323 8.324 8.324 8.322 8.319 8.319 8.319
7.222 7.227 7.232 7.237 7.242 7.248 7.254 7.260 7.265 7.271 7.277 7.284 7.294 7.307 7.321 7.337 7.356 7.380 7.405 7.435 7.470 7.510 7.554 7.587 7.621 7.668 7.715 7.759 7.799 7.836 7.871 7.905 7.938 7.959 7.979 8.011 8.042 8.071 8.098 8.123 8.146 8.167 8.186 8.198 8.209 8.224 8.237 8.249 8.259 8.267 8.274 8.280 8.286 8.288 8.290 8.295 8.299 8.302 8.305 8.308 8.311 8.314 8.317 8.317 8.317 8.320 8.323 8.325 8.327 8.329 8.330 8.331 8.331 8.329 8.326 8.325 8.325
7.224 7.229 7.234 7.239 7.244 7.249 7.254 7.260 7.266 7.272 7.279 7.288 7.299 7.313 7.329 7.346 7.368 7.392 7.418 7.448 7.482 7.524 7.569 7.603 7.637 7.686 7.733 7.776 7.814 7.851 7.884 7.918 7.951 7.971 7.992 8.024 8.055 8.083 8.110 8.135 8.157 8.178 8.197 8.208 8.218 8.233 8.246 8.257 8.267 8.275 8.282 8.288 8.294 8.296 8.298 8.303 8.307 8.310 8.313 8.316 8.319 8.322 8.325 8.325 8.325 8.328 8.331 8.333 8.335 8.337 8.338 8.338 8.338 8.336 8.333 8.332 8.331
7.227 7.231 7.236 7.240 7.245 7.250 7.255 7.260 7.266 7.273 7.281 7.292 7.304 7.319 7.336 7.355 7.378 7.403 7.430 7.460 7.496 7.538 7.586 7.621 7.656 7.705 7.752 7.793 7.830 7.865 7.898 7.931 7.964 7.985 8.005 8.037 8.067 8.095 8.121 8.146 8.168 8.188 8.206 8.217 8.227 8.241 8.254 8.265 8.274 8.283 8.290 8.296 8.302 8.304 8.306 8.311 8.315 8.318 8.322 8.324 8.327 8.330 8.333 8.334 8.334 8.337 8.339 8.342 8.344 8.345 8.346 8.347 8.346 8.344 8.341 8.340 8.338
7.229 7.233 7.237 7.241 7.246 7.250 7.254 7.260 7.265 7.273 7.283 7.295 7.308 7.325 7.343 7.363 7.388 7.415 7.443 7.474 7.510 7.553 7.603 7.640 7.677 7.725 7.771 7.811 7.847 7.881 7.913 7.944 7.978 7.998 8.018 8.050 8.079 8.107 8.132 8.156 8.178 8.198 8.215 8.226 8.236 8.249 8.262 8.273 8.282 8.290 8.298 8.304 8.310 8.313 8.315 8.319 8.323 8.327 8.330 8.333 8.336 8.339 8.342 8.342 8.343 8.346 8.348 8.351 8.353 8.354 8.355 8.355 8.355 8.352 8.349 8.348 8.346
7.230 7.235 7.238 7.241 7.245 7.249 7.253 7.258 7.265 7.274 7.285 7.298 7.313 7.330 7.349 7.371 7.398 7.426 7.456 7.489 7.525 7.570 7.625 7.664 7.700 7.747 7.792 7.830 7.864 7.897 7.927 7.958 7.992 8.012 8.032 8.063 8.092 8.119 8.144 8.167 8.189 8.208 8.224 8.234 8.244 8.257 8.269 8.280 8.289 8.298 8.305 8.312 8.318 8.321 8.323 8.328 8.332 8.336 8.339 8.342 8.345 8.348 8.351 8.352 8.352 8.355 8.358 8.360 8.362 8.363 8.364 8.364 8.364 8.361 8.358 8.356 8.355
7.231 7.235 7.237 7.241 7.244 7.247 7.252 7.257 7.264 7.274 7.286 7.300 7.316 7.335 7.355 7.379 7.408 7.438 7.471 7.506 7.543 7.596 7.655 7.690 7.725 7.771 7.812 7.849 7.882 7.912 7.941 7.974 8.008 8.027 8.046 8.077 8.105 8.131 8.155 8.177 8.198 8.216 8.231 8.241 8.251 8.264 8.276 8.287 8.296 8.305 8.312 8.319 8.325 8.328 8.331 8.336 8.340 8.344 8.347 8.350 8.353 8.357 8.361 8.361 8.362 8.365 8.367 8.369 8.371 8.372 8.373 8.373 8.372 8.369 8.366 8.365 8.363
7.231 7.234 7.237 7.240 7.243 7.246 7.251 7.256 7.265 7.275 7.287 7.303 7.321 7.341 7.362 7.389 7.421 7.454 7.490 7.528 7.572 7.628 7.683 7.717 7.750 7.793 7.833 7.867 7.899 7.929 7.958 7.991 8.023 8.041 8.060 8.089 8.116 8.141 8.164 8.186 8.205 8.222 8.237 8.247 8.257 8.270 8.281 8.292 8.302 8.311 8.318 8.325 8.332 8.335 8.338 8.343 8.347 8.352 8.356 8.359 8.362 8.366 8.370 8.371 8.371 8.374 8.376 8.378 8.380 8.381 8.382 8.381 8.380 8.378 8.375 8.373 8.371
7.231 7.234 7.236 7.239 7.243 7.245 7.250 7.256 7.265 7.275 7.288 7.305 7.327 7.348 7.370 7.401 7.436 7.474 7.513 7.557 7.606 7.659 7.709 7.742 7.774 7.814 7.852 7.885 7.916 7.946 7.975 8.006 8.036 8.054 8.072 8.099 8.125 8.149 8.171 8.192 8.211 8.227 8.242 8.252 8.261 8.274 8.286 8.297 8.307 8.315 8.323 8.331 8.337 8.341 8.344 8.349 8.354 8.359 8.363 8.367 8.371 8.375 8.379 8.379 8.379 8.382 8.385 8.387 8.388 8.389 8.390 8.389 8.388 8.385 8.383 8.381 8.379
7.230 7.233 7.235 7.238 7.242 7.245 7.249 7.256 7.264 7.275 7.289 7.309 7.334 7.357 7.381 7.416 7.455 7.496 7.541 7.588 7.638 7.688 7.735 7.766 7.796 7.835 7.870 7.902 7.932 7.962 7.990 8.020 8.048 8.064 8.082 8.108 8.133 8.156 8.177 8.197 8.214 8.231 8.245 8.255 8.265 8.277 8.289 8.300 8.310 8.319 8.327 8.335 8.342 8.345 8.349 8.354 8.360 8.365 8.370 8.374 8.378 8.382 8.386 8.386 8.387 8.390 8.392 8.394 8.395 8.396 8.396 8.396 8.395 8.392 8.390 8.388 8.387
7.230 7.232 7.234 7.238 7.241 7.244 7.249 7.256 7.264 7.275 7.291 7.314 7.343 7.368 7.394 7.433 7.476 7.522 7.570 7.619 7.668 7.716 7.759 7.789 7.817 7.854 7.887 7.919 7.948 7.976 8.004 8.031 8.058 8.074 8.091 8.115 8.139 8.161 8.181 8.200 8.217 8.233 8.247 8.257 8.267 8.279 8.291 8.302 8.312 8.321 8.330 8.337 8.345 8.349 8.352 8.359 8.365 8.370 8.375 8.380 8.384 8.388 8.392 8.393 8.393 8.396 8.398 8.400 8.401 8.402 8.402 8.401 8.401 8.398 8.396 8.394 8.393
7.228 7.231 7.233 7.236 7.240 7.243 7.248 7.255 7.264 7.276 7.294 7.320 7.353 7.381 7.409 7.453 7.501 7.550 7.599 7.649 7.697 7.742 7.783 7.810 7.837 7.871 7.904 7.934 7.962 7.989 8.016 8.041 8.066 8.081 8.097 8.121 8.143 8.164 8.184 8.202 8.219 8.234 8.248 8.258 8.268 8.280 8.292 8.303 8.313 8.322 8.330 8.338 8.346 8.351 8.355 8.361 8.368 8.374 8.379 8.384 8.389 8.393 8.397 8.397 8.398 8.400 8.402 8.404 8.405 8.406 8.406 8.406 8.405 8.403 8.401 8.399 8.398
7.227 7.230 7.232 7.235 7.239 7.242 7.247 7.254 7.264 7.277 7.297 7.328 7.366 7.396 7.427 7.476 7.526 7.578 7.628 7.677 7.724 7.767 7.805 7.830 7.856 7.888 7.918 7.947 7.974 8.000 8.025 8.050 8.073 8.087 8.103 8.125 8.146 8.167 8.185 8.203 8.219 8.234 8.248 8.258 8.267 8.280 8.291 8.302 8.312 8.321 8.330 8.338 8.347 8.352 8.356 8.363 8.370 8.376 8.382 8.387 8.392 8.396 8.400 8.400 8.401 8.403 8.405 8.407 8.408 8.408 8.409 8.409 8.408 8.406 8.404 8.403 8.402
7.225 7.228 7.230 7.233 7.237 7.240 7.246 7.254 7.264 7.279 7.304 7.339 7.381 7.412 7.447 7.499 7.551 7.603 7.653 7.702 7.747 7.787 7.823 7.847 7.870 7.901 7.930 7.957 7.983 8.008 8.032 8.055 8.077 8.091 8.106 8.127 8.147 8.167 8.185 8.202 8.218 8.232 8.246 8.256 8.265 8.277 8.289 8.300 8.310 8.319 8.328 8.337 8.346 8.351 8.356 8.363 8.370 8.377 8.383 8.389 8.394 8.398 8.401 8.402 8.402 8.405 8.406 8.408 8.409 8.410 8.410 8.410 8.410 8.408 8.406 8.405 8.404
