version1/TsunamiDB/out54124.asc
ncols          264
nrows          230
xllcorner      497853.4375
yllcorner      4229146.0000
cellsize         5.
NODATA_value   -99
[rows 102 to 135 of 230, columns 154 to 230 of 264]
6.813 6.818 6.822 6.827 6.831 6.836 6.841 6.846 6.851 6.857 6.863 6.869 6.876 6.883 6.890 6.899 6.908 6.917 6.926 6.936 6.945 6.955 6.966 6.976 6.987 6.998 7.009 7.020 7.031 7.042 7.053 7.064 7.075 7.086 7.097 7.107 7.117 7.128 7.138 7.148 7.158 7.167 7.176 7.185 7.193 7.202 7.211 7.219 7.228 7.237 7.246 7.254 7.263 7.271 7.281 7.290 7.299 7.309 7.319 7.328 7.337 7.347 7.358 7.373 7.388 7.406 7.431 7.459 7.493 7.535 7.586 7.648 7.714 7.756 7.800 7.869 7.934
6.822 6.826 6.831 6.835 6.840 6.844 6.849 6.854 6.859 6.865 6.871 6.877 6.883 6.890 6.898 6.906 6.915 6.924 6.933 6.943 6.952 6.962 6.973 6.983 6.994 7.005 7.016 7.027 7.038 7.050 7.061 7.072 7.083 7.094 7.104 7.115 7.125 7.136 7.146 7.156 7.166 7.175 7.184 7.193 7.202 7.210 7.219 7.228 7.236 7.245 7.254 7.262 7.270 7.278 7.287 7.296 7.305 7.315 7.324 7.335 7.346 7.357 7.371 7.388 7.406 7.427 7.454 7.484 7.519 7.560 7.612 7.676 7.744 7.786 7.831 7.900 7.963
6.830 6.834 6.839 6.843 6.848 6.853 6.857 6.862 6.868 6.873 6.879 6.885 6.891 6.898 6.906 6.914 6.923 6.932 6.941 6.950 6.960 6.970 6.980 6.990 7.001 7.012 7.023 7.034 7.046 7.057 7.068 7.079 7.090 7.101 7.112 7.123 7.133 7.144 7.154 7.164 7.174 7.183 7.192 7.201 7.209 7.218 7.227 7.235 7.244 7.253 7.262 7.270 7.277 7.285 7.293 7.301 7.310 7.319 7.330 7.341 7.354 7.368 7.384 7.404 7.424 7.448 7.478 7.510 7.546 7.587 7.639 7.702 7.774 7.817 7.862 7.930 7.991
6.838 6.843 6.847 6.852 6.856 6.861 6.866 6.871 6.876 6.881 6.887 6.893 6.899 6.906 6.913 6.921 6.930 6.939 6.948 6.957 6.967 6.977 6.987 6.997 7.008 7.019 7.030 7.041 7.053 7.064 7.075 7.086 7.097 7.109 7.119 7.130 7.141 7.151 7.162 7.172 7.182 7.191 7.200 7.208 7.217 7.225 7.234 7.243 7.252 7.261 7.269 7.276 7.283 7.290 7.298 7.305 7.314 7.324 7.335 7.349 7.364 7.381 7.399 7.420 7.442 7.470 7.502 7.537 7.573 7.615 7.665 7.730 7.808 7.853 7.896 7.961 8.019
6.847 6.851 6.856 6.860 6.865 6.869 6.874 6.879 6.884 6.889 6.895 6.901 6.907 6.914 6.921 6.929 6.938 6.946 6.955 6.964 6.974 6.984 6.994 7.004 7.015 7.026 7.037 7.048 7.060 7.071 7.082 7.094 7.105 7.116 7.127 7.138 7.148 7.159 7.169 7.179 7.189 7.198 7.207 7.216 7.224 7.233 7.241 7.250 7.259 7.268 7.276 7.282 7.288 7.295 7.302 7.310 7.319 7.329 7.342 7.358 7.375 7.394 7.415 7.438 7.462 7.491 7.526 7.563 7.602 7.644 7.694 7.769 7.850 7.890 7.930 7.993 8.048
6.855 6.859 6.864 6.868 6.873 6.878 6.882 6.887 6.892 6.897 6.903 6.909 6.915 6.922 6.929 6.936 6.945 6.954 6.962 6.971 6.981 6.991 7.001 7.011 7.022 7.033 7.044 7.055 7.067 7.078 7.089 7.101 7.112 7.123 7.134 7.145 7.155 7.166 7.176 7.187 7.197 7.206 7.214 7.223 7.231 7.240 7.248 7.257 7.266 7.274 7.282 7.288 7.293 7.300 7.307 7.315 7.324 7.336 7.350 7.367 7.387 7.408 7.433 7.457 7.482 7.515 7.552 7.592 7.634 7.681 7.739 7.815 7.888 7.925 7.964 8.023 8.074
6.863 6.868 6.872 6.877 6.881 6.886 6.891 6.895 6.900 6.906 6.911 6.917 6.923 6.929 6.936 6.944 6.952 6.961 6.969 6.978 6.988 6.998 7.008 7.018 7.029 7.040 7.051 7.062 7.073 7.085 7.096 7.107 7.119 7.130 7.141 7.152 7.163 7.173 7.184 7.194 7.204 7.213 7.221 7.230 7.238 7.246 7.255 7.264 7.272 7.280 7.287 7.293 7.299 7.306 7.313 7.321 7.331 7.344 7.360 7.378 7.399 7.424 7.452 7.477 7.503 7.540 7.582 7.625 7.671 7.725 7.787 7.858 7.924 7.958 7.995 8.049 8.097
6.871 6.876 6.881 6.885 6.890 6.894 6.899 6.904 6.909 6.914 6.919 6.925 6.931 6.937 6.944 6.951 6.960 6.968 6.977 6.985 6.995 7.004 7.015 7.025 7.036 7.046 7.058 7.069 7.080 7.092 7.103 7.114 7.126 7.137 7.148 7.159 7.170 7.180 7.191 7.201 7.211 7.220 7.228 7.236 7.245 7.253 7.261 7.270 7.278 7.286 7.293 7.299 7.305 7.312 7.319 7.328 7.339 7.353 7.370 7.390 7.414 7.442 7.472 7.499 7.527 7.568 7.614 7.661 7.714 7.771 7.833 7.898 7.957 7.989 8.023 8.073 8.117
6.880 6.884 6.889 6.894 6.898 6.903 6.907 6.912 6.917 6.922 6.927 6.933 6.939 6.945 6.952 6.959 6.967 6.976 6.984 6.993 7.002 7.011 7.021 7.032 7.042 7.053 7.064 7.075 7.087 7.098 7.110 7.121 7.132 7.144 7.155 7.166 7.176 7.187 7.197 7.208 7.218 7.226 7.235 7.243 7.251 7.259 7.267 7.275 7.283 7.291 7.298 7.304 7.311 7.318 7.326 7.336 7.348 7.364 7.381 7.403 7.429 7.460 7.494 7.523 7.554 7.600 7.649 7.702 7.757 7.816 7.876 7.935 7.988 8.018 8.049 8.094 8.134
6.888 6.893 6.897 6.902 6.906 6.911 6.916 6.920 6.925 6.930 6.935 6.941 6.946 6.953 6.959 6.967 6.975 6.983 6.991 7.000 7.009 7.018 7.028 7.038 7.049 7.060 7.071 7.082 7.093 7.105 7.116 7.128 7.139 7.150 7.161 7.172 7.183 7.194 7.204 7.215 7.224 7.233 7.241 7.249 7.257 7.265 7.273 7.281 7.289 7.296 7.304 7.310 7.317 7.325 7.334 7.345 7.358 7.375 7.394 7.416 7.445 7.480 7.519 7.550 7.583 7.633 7.687 7.743 7.800 7.858 7.915 7.969 8.017 8.045 8.073 8.114 8.150
6.897 6.901 6.906 6.910 6.915 6.919 6.924 6.929 6.933 6.938 6.943 6.949 6.954 6.960 6.967 6.974 6.982 6.990 6.998 7.007 7.016 7.025 7.035 7.045 7.056 7.066 7.077 7.089 7.100 7.111 7.123 7.134 7.145 7.157 7.168 7.179 7.190 7.200 7.211 7.221 7.231 7.239 7.247 7.255 7.263 7.270 7.278 7.286 7.294 7.301 7.309 7.317 7.324 7.333 7.342 7.354 7.369 7.387 7.407 7.431 7.463 7.502 7.546 7.579 7.615 7.669 7.726 7.784 7.840 7.897 7.951 8.001 8.044 8.069 8.095 8.132 8.164
6.905 6.910 6.914 6.919 6.923 6.928 6.932 6.937 6.942 6.947 6.952 6.957 6.962 6.968 6.975 6.982 6.990 6.997 7.005 7.014 7.023 7.032 7.042 7.052 7.062 7.073 7.084 7.095 7.106 7.118 7.129 7.141 7.152 7.163 7.174 7.185 7.196 7.207 7.218 7.228 7.237 7.245 7.253 7.260 7.268 7.275 7.282 7.290 7.298 7.307 7.315 7.323 7.332 7.341 7.351 7.364 7.381 7.400 7.422 7.448 7.483 7.526 7.574 7.609 7.648 7.706 7.764 7.822 7.877 7.932 7.983 8.028 8.068 8.091 8.114 8.147 8.177
6.914 6.918 6.923 6.927 6.932 6.936 6.941 6.945 6.950 6.955 6.960 6.965 6.970 6.976 6.982 6.989 6.997 7.005 7.012 7.021 7.029 7.039 7.048 7.058 7.069 7.079 7.090 7.102 7.113 7.124 7.136 7.147 7.158 7.169 7.180 7.191 7.202 7.213 7.224 7.234 7.243 7.251 7.258 7.266 7.273 7.280 7.287 7.295 7.303 7.312 7.321 7.330 7.339 7.349 7.360 7.375 7.392 7.413 7.437 7.466 7.504 7.550 7.602 7.640 7.681 7.740 7.799 7.857 7.911 7.964 8.013 8.055 8.091 8.112 8.133 8.162 8.189
6.922 6.927 6.931 6.936 6.940 6.945 6.949 6.954 6.958 6.963 6.968 6.973 6.978 6.984 6.990 6.997 7.004 7.012 7.019 7.028 7.036 7.045 7.055 7.065 7.075 7.086 7.097 7.108 7.119 7.131 7.142 7.153 7.164 7.176 7.187 7.198 7.208 7.219 7.230 7.240 7.249 7.257 7.263 7.270 7.277 7.284 7.291 7.299 7.308 7.317 7.328 7.337 7.347 7.358 7.370 7.385 7.405 7.428 7.453 7.486 7.526 7.576 7.635 7.675 7.716 7.776 7.836 7.892 7.946 7.996 8.042 8.081 8.114 8.132 8.151 8.178 8.202
6.930 6.935 6.939 6.944 6.948 6.953 6.957 6.962 6.966 6.971 6.976 6.981 6.986 6.992 6.998 7.004 7.012 7.019 7.027 7.035 7.043 7.052 7.062 7.071 7.082 7.092 7.103 7.114 7.125 7.137 7.148 7.159 7.171 7.182 7.193 7.204 7.214 7.225 7.236 7.246 7.254 7.261 7.268 7.275 7.281 7.288 7.295 7.303 7.313 7.323 7.334 7.344 7.355 7.366 7.379 7.397 7.418 7.443 7.473 7.508 7.551 7.610 7.673 7.711 7.751 7.813 7.871 7.927 7.978 8.026 8.070 8.105 8.134 8.151 8.168 8.192 8.214
6.939 6.943 6.948 6.952 6.957 6.961 6.966 6.970 6.974 6.979 6.984 6.989 6.994 6.999 7.005 7.012 7.019 7.026 7.034 7.041 7.050 7.059 7.068 7.078 7.088 7.099 7.110 7.121 7.132 7.143 7.154 7.165 7.177 7.188 7.199 7.210 7.220 7.231 7.242 7.251 7.259 7.266 7.272 7.279 7.286 7.292 7.300 7.308 7.318 7.329 7.340 7.352 7.364 7.376 7.390 7.410 7.434 7.462 7.495 7.535 7.586 7.648 7.709 7.746 7.786 7.847 7.904 7.959 8.009 8.054 8.094 8.126 8.153 8.169 8.184 8.206 8.225
6.947 6.952 6.956 6.961 6.965 6.969 6.974 6.978 6.983 6.987 6.992 6.996 7.001 7.007 7.013 7.020 7.026 7.033 7.040 7.048 7.057 7.065 7.075 7.084 7.095 7.105 7.116 7.127 7.138 7.149 7.160 7.171 7.183 7.193 7.204 7.215 7.226 7.237 7.247 7.256 7.264 7.270 7.276 7.283 7.290 7.296 7.304 7.313 7.323 7.335 7.347 7.359 7.373 7.387 7.403 7.425 7.453 7.485 7.522 7.568 7.623 7.684 7.744 7.780 7.819 7.879 7.936 7.989 8.036 8.079 8.116 8.146 8.171 8.186 8.199 8.219 8.236
6.956 6.960 6.964 6.969 6.973 6.978 6.982 6.986 6.991 6.995 7.000 7.004 7.009 7.014 7.020 7.027 7.034 7.040 7.047 7.055 7.063 7.072 7.081 7.091 7.101 7.111 7.122 7.133 7.144 7.155 7.166 7.177 7.188 7.199 7.210 7.221 7.231 7.242 7.252 7.261 7.268 7.275 7.281 7.287 7.294 7.301 7.309 7.318 7.329 7.340 7.353 7.368 7.384 7.399 7.418 7.444 7.475 7.511 7.553 7.603 7.659 7.720 7.777 7.812 7.851 7.909 7.965 8.016 8.062 8.102 8.136 8.165 8.189 8.201 8.213 8.231 8.247
6.964 6.968 6.973 6.977 6.981 6.986 6.990 6.994 6.998 7.003 7.007 7.012 7.017 7.022 7.028 7.034 7.041 7.047 7.054 7.062 7.070 7.078 7.087 7.097 7.107 7.117 7.128 7.139 7.150 7.161 7.172 7.183 7.194 7.205 7.216 7.226 7.236 7.247 7.256 7.265 7.273 7.279 7.285 7.292 7.299 7.306 7.314 7.323 7.334 7.346 7.360 7.377 7.396 7.414 7.435 7.465 7.500 7.541 7.587 7.638 7.695 7.753 7.809 7.843 7.880 7.937 7.992 8.042 8.085 8.123 8.156 8.183 8.205 8.216 8.227 8.243 8.256
6.972 6.976 6.981 6.985 6.989 6.994 6.998 7.002 7.006 7.011 7.015 7.019 7.024 7.029 7.035 7.041 7.048 7.054 7.061 7.068 7.076 7.085 7.094 7.103 7.113 7.124 7.134 7.145 7.156 7.167 7.178 7.189 7.200 7.210 7.221 7.231 7.241 7.251 7.261 7.270 7.277 7.284 7.289 7.296 7.303 7.310 7.318 7.328 7.339 7.352 7.368 7.388 7.411 7.432 7.456 7.490 7.530 7.574 7.621 7.672 7.727 7.784 7.839 7.873 7.908 7.964 8.017 8.065 8.107 8.144 8.175 8.200 8.220 8.230 8.240 8.254 8.266
6.980 6.984 6.989 6.993 6.997 7.001 7.006 7.010 7.014 7.018 7.023 7.027 7.032 7.037 7.042 7.048 7.055 7.061 7.068 7.075 7.083 7.091 7.100 7.109 7.119 7.130 7.140 7.151 7.162 7.173 7.184 7.195 7.205 7.216 7.226 7.236 7.246 7.255 7.265 7.274 7.282 7.288 7.294 7.300 7.307 7.314 7.323 7.333 7.345 7.359 7.377 7.400 7.427 7.451 7.478 7.517 7.561 7.606 7.654 7.705 7.759 7.815 7.869 7.901 7.936 7.991 8.042 8.088 8.128 8.164 8.193 8.217 8.235 8.243 8.251 8.263 8.273
6.988 6.992 6.996 7.001 7.005 7.009 7.013 7.017 7.022 7.026 7.030 7.034 7.039 7.044 7.049 7.055 7.061 7.067 7.074 7.081 7.089 7.097 7.106 7.115 7.125 7.136 7.146 7.157 7.168 7.179 7.190 7.200 7.210 7.221 7.231 7.240 7.250 7.260 7.269 7.278 7.286 7.292 7.298 7.304 7.311 7.318 7.327 7.338 7.351 7.367 7.388 7.415 7.446 7.473 7.503 7.546 7.592 7.639 7.686 7.736 7.788 7.843 7.898 7.929 7.963 8.016 8.065 8.109 8.147 8.181 8.210 8.231 8.247 8.254 8.261 8.271 8.280
6.995 7.000 7.004 7.008 7.013 7.017 7.021 7.025 7.029 7.033 7.037 7.042 7.046 7.051 7.056 7.062 7.068 7.074 7.080 7.088 7.095 7.103 7.112 7.121 7.131 7.141 7.152 7.163 7.174 7.185 7.195 7.206 7.216 7.225 7.235 7.245 7.254 7.263 7.273 7.282 7.290 7.296 7.302 7.308 7.315 7.322 7.332 7.344 7.357 7.376 7.400 7.430 7.466 7.496 7.529 7.574 7.622 7.670 7.718 7.766 7.817 7.871 7.925 7.956 7.989 8.040 8.086 8.128 8.165 8.198 8.225 8.245 8.258 8.264 8.269 8.278 8.286
7.003 7.007 7.012 7.016 7.020 7.024 7.028 7.032 7.036 7.040 7.044 7.049 7.053 7.058 7.063 7.069 7.075 7.080 7.087 7.094 7.101 7.109 7.118 7.127 7.137 7.147 7.158 7.168 7.179 7.190 7.201 7.211 7.220 7.230 7.239 7.249 7.258 7.267 7.277 7.286 7.294 7.300 7.305 7.311 7.318 7.326 7.337 7.349 7.365 7.387 7.414 7.448 7.489 7.522 7.556 7.604 7.653 7.702 7.750 7.797 7.846 7.899 7.955 7.985 8.016 8.064 8.109 8.148 8.182 8.214 8.240 8.258 8.268 8.272 8.277 8.284 8.292
7.010 7.015 7.019 7.023 7.027 7.031 7.035 7.040 7.043 7.047 7.052 7.056 7.060 7.064 7.069 7.075 7.081 7.087 7.093 7.100 7.107 7.115 7.124 7.133 7.143 7.153 7.163 7.174 7.185 7.196 7.206 7.216 7.225 7.234 7.244 7.253 7.262 7.271 7.281 7.290 7.298 7.303 7.307 7.314 7.322 7.330 7.342 7.356 7.376 7.400 7.430 7.471 7.517 7.549 7.585 7.634 7.684 7.734 7.781 7.828 7.875 7.931 7.987 8.015 8.043 8.089 8.130 8.167 8.199 8.228 8.254 8.268 8.274 8.278 8.283 8.290 8.297
7.017 7.022 7.026 7.030 7.034 7.039 7.043 7.047 7.051 7.054 7.058 7.062 7.067 7.071 7.076 7.082 7.087 7.093 7.099 7.106 7.113 7.121 7.129 7.139 7.148 7.158 7.169 7.180 7.190 7.201 7.211 7.221 7.230 7.239 7.248 7.256 7.265 7.275 7.284 7.293 7.300 7.305 7.311 7.318 7.326 7.336 7.349 7.367 7.389 7.417 7.453 7.498 7.544 7.578 7.614 7.664 7.716 7.766 7.814 7.861 7.911 7.966 8.017 8.043 8.069 8.112 8.150 8.184 8.214 8.241 8.262 8.273 8.280 8.284 8.288 8.295 8.302
7.025 7.029 7.033 7.037 7.041 7.046 7.050 7.053 7.057 7.061 7.065 7.069 7.073 7.078 7.082 7.088 7.093 7.099 7.105 7.111 7.119 7.126 7.135 7.144 7.154 7.164 7.174 7.185 7.196 7.206 7.216 7.226 7.234 7.243 7.252 7.260 7.269 7.278 7.288 7.296 7.302 7.308 7.315 7.323 7.332 7.343 7.359 7.380 7.405 7.438 7.479 7.525 7.572 7.606 7.642 7.694 7.747 7.798 7.847 7.897 7.948 7.999 8.045 8.069 8.094 8.133 8.168 8.199 8.226 8.250 8.267 8.278 8.286 8.289 8.292 8.300 8.308
7.031 7.036 7.040 7.044 7.048 7.052 7.056 7.060 7.064 7.068 7.072 7.076 7.080 7.084 7.089 7.094 7.099 7.105 7.110 7.117 7.124 7.132 7.140 7.149 7.159 7.169 7.179 7.190 7.201 7.212 7.222 7.231 7.239 7.247 7.256 7.264 7.273 7.281 7.290 7.298 7.305 7.312 7.319 7.329 7.339 7.353 7.372 7.396 7.425 7.462 7.505 7.553 7.600 7.634 7.671 7.725 7.779 7.832 7.883 7.933 7.983 8.030 8.072 8.094 8.117 8.152 8.184 8.212 8.236 8.256 8.272 8.283 8.291 8.294 8.297 8.305 8.313
7.038 7.043 7.047 7.051 7.055 7.059 7.063 7.067 7.071 7.074 7.078 7.082 7.086 7.090 7.095 7.100 7.105 7.110 7.116 7.122 7.129 7.137 7.145 7.154 7.164 7.174 7.185 7.195 7.206 7.217 7.227 7.235 7.244 7.252 7.260 7.267 7.276 7.284 7.292 7.300 7.308 7.316 7.325 7.336 7.349 7.366 7.388 7.415 7.448 7.486 7.531 7.580 7.629 7.664 7.702 7.757 7.812 7.866 7.918 7.968 8.016 8.060 8.097 8.117 8.138 8.169 8.198 8.223 8.244 8.261 8.276 8.286 8.295 8.298 8.302 8.310 8.319
7.045 7.049 7.053 7.058 7.062 7.066 7.070 7.073 7.077 7.081 7.085 7.088 7.092 7.096 7.101 7.106 7.111 7.116 7.121 7.128 7.134 7.142 7.150 7.159 7.169 7.179 7.190 7.200 7.211 7.222 7.232 7.240 7.248 7.256 7.263 7.271 7.278 7.286 7.294 7.302 7.311 7.321 7.333 7.345 7.360 7.381 7.406 7.437 7.472 7.512 7.557 7.607 7.659 7.694 7.733 7.789 7.846 7.901 7.952 8.001 8.047 8.087 8.121 8.139 8.157 8.185 8.210 8.232 8.251 8.266 8.279 8.290 8.299 8.303 8.306 8.316 8.325
7.052 7.056 7.060 7.064 7.068 7.072 7.076 7.080 7.084 7.087 7.091 7.094 7.098 7.102 7.106 7.111 7.116 7.121 7.127 7.133 7.139 7.147 7.155 7.164 7.174 7.184 7.194 7.205 7.216 7.227 7.237 7.245 7.252 7.259 7.267 7.273 7.280 7.288 7.296 7.305 7.315 7.327 7.342 7.356 7.373 7.398 7.427 7.460 7.496 7.537 7.583 7.636 7.689 7.726 7.764 7.823 7.880 7.935 7.985 8.033 8.076 8.113 8.143 8.158 8.175 8.199 8.221 8.241 8.257 8.271 8.283 8.293 8.304 8.307 8.311 8.321 8.331
7.059 7.063 7.067 7.071 7.075 7.079 7.083 7.086 7.090 7.093 7.097 7.100 7.104 7.108 7.112 7.117 7.122 7.126 7.132 7.138 7.144 7.152 7.160 7.169 7.178 7.188 7.199 7.210 7.221 7.232 7.241 7.249 7.256 7.263 7.269 7.275 7.282 7.290 7.298 7.308 7.321 7.335 7.352 7.369 7.388 7.416 7.448 7.483 7.520 7.562 7.610 7.665 7.721 7.757 7.797 7.857 7.913 7.966 8.016 8.061 8.102 8.135 8.162 8.176 8.190 8.211 8.230 8.248 8.262 8.275 8.286 8.297 8.308 8.312 8.316 8.326 8.337
7.066 7.070 7.074 7.078 7.081 7.085 7.089 7.093 7.096 7.100 7.103 7.106 7.110 7.114 7.118 7.122 7.127 7.131 7.136 7.142 7.149 7.156 7.164 7.173 7.183 7.193 7.204 7.215 7.226 7.237 7.246 7.253 7.260 7.266 7.272 7.277 7.284 7.292 7.301 7.312 7.327 7.344 7.363 7.382 7.404 7.434 7.469 7.506 7.545 7.588 7.638 7.692 7.751 7.789 7.830 7.889 7.945 7.997 8.044 8.088 8.126 8.157 8.180 8.192 8.204 8.223 8.240 8.255 8.268 8.279 8.290 8.301 8.312 8.316 8.320 8.332 8.343
7.073 7.077 7.081 7.085 7.088 7.092 7.096 7.099 7.103 7.106 7.109 7.112 7.116 7.119 7.124 7.128 7.132 7.136 7.141 7.147 7.153 7.161 7.169 7.178 7.187 7.197 7.208 7.219 7.231 7.241 7.250 7.257 7.263 7.269 7.274 7.279 7.286 7.294 7.304 7.317 7.334 7.353 7.376 7.397 7.421 7.454 7.491 7.531 7.571 7.616 7.666 7.722 7.786 7.825 7.864 7.922 7.977 8.027 8.073 8.114 8.151 8.178 8.198 8.208 8.218 8.234 8.249 8.262 8.274 8.284 8.294 8.305 8.316 8.320 8.325 8.337 8.348
