version1/TsunamiDB/out54015.asc
ncols          264
nrows          230
xllcorner      497853.4375
yllcorner      4229146.0000
cellsize         5.
NODATA_value   -99
[rows 124 to 154 of 230, columns 140 to 209 of 264]
-99.000 -99.000 -99.000 -99.000 -99.000 -99.000 -99.000 -99.000 -99.000 -99.000 1.644 1.646 1.675 1.793 2.013 2.313 2.669 3.045 3.402 3.703 3.944 4.131 4.276 4.391 4.485 4.565 4.635 4.699 4.759 4.816 4.871 4.923 4.976 5.027 5.078 5.128 5.177 5.226 5.274 5.322 5.369 5.416 5.462 5.507 5.551 5.594 5.636 5.677 5.716 5.754 5.793 5.833 5.874 5.916 5.961 6.012 6.072 6.142 6.216 6.297 6.389 6.486 6.587 6.692 6.799 6.903 6.998 7.076 7.171 7.280
-99.000 -99.000 -99.000 -99.000 -99.000 -99.000 -99.000 -99.000 -99.000 -99.000 1.644 1.651 1.711 1.873 2.130 2.457 2.826 3.200 3.536 3.813 4.030 4.199 4.331 4.436 4.523 4.598 4.665 4.726 4.784 4.839 4.892 4.944 4.996 5.046 5.096 5.145 5.194 5.242 5.290 5.337 5.383 5.430 5.476 5.521 5.567 5.611 5.656 5.700 5.743 5.786 5.828 5.870 5.914 5.957 6.002 6.051 6.109 6.177 6.249 6.329 6.420 6.517 6.619 6.726 6.833 6.939 7.036 7.107 7.197 7.309
-99.000 -99.000 -99.000 -99.000 -99.000 -99.000 -99.000 -99.000 -99.000 -99.000 1.645 1.666 1.766 1.971 2.260 2.609 2.985 3.348 3.661 3.912 4.108 4.261 4.381 4.478 4.559 4.631 4.695 4.754 4.810 4.863 4.915 4.965 5.015 5.065 5.114 5.162 5.210 5.257 5.303 5.349 5.395 5.441 5.486 5.532 5.579 5.626 5.674 5.722 5.770 5.817 5.863 5.909 5.955 5.999 6.044 6.093 6.150 6.218 6.288 6.367 6.456 6.551 6.655 6.762 6.869 6.978 7.070 7.131 7.218 7.332
-99.000 -99.000 -99.000 -99.000 -99.000 -99.000 -99.000 -99.000 -99.000 1.644 1.648 1.695 1.841 2.084 2.402 2.767 3.143 3.488 3.774 4.001 4.178 4.316 4.427 4.517 4.595 4.663 4.725 4.782 4.837 4.889 4.938 4.987 5.036 5.084 5.132 5.179 5.225 5.270 5.315 5.359 5.404 5.449 5.494 5.541 5.588 5.638 5.689 5.742 5.794 5.846 5.897 5.947 5.995 6.042 6.089 6.141 6.200 6.266 6.335 6.412 6.499 6.594 6.696 6.803 6.913 7.016 7.096 7.151 7.237 7.353
-99.000 -99.000 -99.000 -99.000 -99.000 -99.000 -99.000 -99.000 -99.000 1.644 1.659 1.744 1.934 2.212 2.555 2.930 3.297 3.617 3.877 4.081 4.240 4.366 4.469 4.554 4.629 4.695 4.755 4.811 4.864 4.915 4.963 5.011 5.058 5.105 5.151 5.196 5.240 5.283 5.326 5.368 5.411 5.456 5.501 5.548 5.597 5.648 5.703 5.759 5.816 5.873 5.930 5.984 6.036 6.087 6.139 6.194 6.255 6.321 6.390 6.466 6.551 6.642 6.742 6.848 6.953 7.046 7.119 7.170 7.256 7.377
-99.000 -99.000 -99.000 -99.000 -99.000 -99.000 -99.000 -99.000 1.644 1.647 1.684 1.814 2.045 2.355 2.716 3.093 3.442 3.735 3.969 4.152 4.296 4.412 4.507 4.589 4.661 4.725 4.785 4.840 4.892 4.942 4.990 5.036 5.082 5.127 5.172 5.215 5.256 5.297 5.337 5.378 5.419 5.462 5.507 5.554 5.605 5.658 5.715 5.776 5.837 5.900 5.962 6.022 6.079 6.135 6.193 6.252 6.315 6.381 6.451 6.528 6.609 6.695 6.790 6.890 6.988 7.075 7.145 7.193 7.280 7.407
-99.000 -99.000 -99.000 -99.000 -99.000 -99.000 -99.000 -99.000 1.644 1.655 1.727 1.904 2.173 2.509 2.882 3.252 3.577 3.843 4.052 4.217 4.347 4.453 4.543 4.621 4.690 4.754 4.813 4.868 4.920 4.969 5.016 5.062 5.108 5.152 5.194 5.236 5.275 5.314 5.351 5.389 5.429 5.470 5.515 5.562 5.613 5.669 5.729 5.793 5.859 5.926 5.994 6.060 6.124 6.186 6.249 6.312 6.378 6.447 6.518 6.595 6.672 6.753 6.839 6.930 7.023 7.107 7.177 7.223 7.310 7.442
-99.000 -99.000 -99.000 -99.000 -99.000 -99.000 -99.000 1.644 1.646 1.675 1.793 2.013 2.315 2.673 3.050 3.404 3.702 3.941 4.128 4.276 4.394 4.491 4.575 4.650 4.718 4.780 4.839 4.894 4.946 4.996 5.043 5.089 5.134 5.177 5.219 5.258 5.296 5.332 5.368 5.403 5.440 5.480 5.524 5.572 5.623 5.680 5.743 5.811 5.881 5.953 6.027 6.100 6.170 6.238 6.306 6.375 6.444 6.513 6.586 6.663 6.737 6.811 6.887 6.971 7.060 7.145 7.217 7.260 7.345 7.481
-99.000 -99.000 -99.000 -99.000 -99.000 -99.000 -99.000 1.644 1.652 1.714 1.880 2.139 2.470 2.843 3.215 3.545 3.817 4.031 4.199 4.331 4.438 4.528 4.607 4.678 4.743 4.805 4.863 4.918 4.971 5.021 5.068 5.115 5.159 5.203 5.244 5.283 5.319 5.353 5.386 5.419 5.454 5.492 5.535 5.583 5.635 5.694 5.759 5.830 5.904 5.980 6.060 6.140 6.215 6.289 6.363 6.436 6.507 6.577 6.652 6.732 6.803 6.870 6.939 7.017 7.103 7.190 7.262 7.301 7.385 7.525
-99.000 -99.000 -99.000 -99.000 -99.000 -99.000 -99.000 1.645 1.669 1.775 1.986 2.281 2.636 3.015 3.373 3.677 3.922 4.114 4.264 4.383 4.480 4.563 4.637 4.705 4.768 4.829 4.886 4.941 4.994 5.045 5.092 5.139 5.184 5.228 5.269 5.307 5.342 5.375 5.406 5.437 5.469 5.506 5.548 5.595 5.648 5.708 5.776 5.850 5.927 6.008 6.093 6.178 6.259 6.340 6.418 6.493 6.566 6.637 6.715 6.797 6.867 6.931 6.994 7.068 7.153 7.240 7.313 7.346 7.426 7.563
-99.000 -99.000 -99.000 -99.000 -99.000 -99.000 1.645 1.650 1.703 1.859 2.111 2.437 2.808 3.185 3.521 3.799 4.019 4.191 4.325 4.432 4.522 4.599 4.669 4.733 4.794 4.852 4.909 4.963 5.016 5.066 5.114 5.162 5.208 5.251 5.292 5.330 5.365 5.397 5.427 5.456 5.486 5.521 5.561 5.608 5.662 5.724 5.793 5.871 5.950 6.034 6.123 6.212 6.300 6.385 6.467 6.545 6.620 6.692 6.773 6.857 6.930 6.993 7.055 7.126 7.207 7.290 7.362 7.390 7.462 7.591
-99.000 -99.000 -99.000 -99.000 -99.000 -99.000 1.646 1.664 1.760 1.962 2.251 2.603 2.983 3.347 3.659 3.911 4.108 4.261 4.382 4.480 4.563 4.635 4.701 4.762 4.821 4.877 4.932 4.985 5.037 5.087 5.136 5.184 5.230 5.273 5.314 5.352 5.387 5.418 5.447 5.475 5.504 5.537 5.576 5.623 5.677 5.739 5.810 5.889 5.971 6.057 6.150 6.243 6.336 6.427 6.513 6.594 6.672 6.745 6.828 6.919 6.995 7.060 7.121 7.189 7.264 7.347 7.421 7.436 7.494 7.615
-99.000 -99.000 -99.000 -99.000 -99.000 1.645 1.649 1.694 1.840 2.084 2.406 2.776 3.156 3.499 3.785 4.011 4.188 4.326 4.436 4.526 4.604 4.672 4.735 4.793 4.849 4.903 4.956 5.008 5.059 5.109 5.157 5.205 5.250 5.293 5.334 5.372 5.407 5.438 5.467 5.494 5.522 5.554 5.592 5.638 5.691 5.753 5.825 5.908 5.991 6.079 6.175 6.273 6.371 6.466 6.556 6.642 6.721 6.794 6.881 6.979 7.060 7.128 7.192 7.257 7.329 7.418 7.482 7.475 7.518 7.629
-99.000 -99.000 -99.000 -99.000 -99.000 1.645 1.659 1.746 1.940 2.222 2.570 2.951 3.321 3.640 3.899 4.102 4.260 4.385 4.486 4.570 4.644 4.709 4.770 4.826 4.880 4.933 4.984 5.034 5.084 5.132 5.179 5.226 5.271 5.313 5.353 5.391 5.425 5.457 5.486 5.513 5.542 5.573 5.610 5.654 5.707 5.770 5.844 5.927 6.012 6.102 6.201 6.302 6.403 6.502 6.598 6.687 6.767 6.842 6.934 7.040 7.127 7.201 7.268 7.337 7.413 7.488 7.525 7.502 7.531 7.627
-99.000 -99.000 -99.000 -99.000 1.645 1.648 1.686 1.821 2.058 2.374 2.742 3.125 3.476 3.769 4.002 4.184 4.326 4.439 4.532 4.612 4.682 4.746 4.805 4.860 4.913 4.964 5.014 5.063 5.111 5.157 5.203 5.249 5.292 5.334 5.373 5.409 5.443 5.475 5.505 5.534 5.563 5.595 5.632 5.675 5.728 5.791 5.865 5.948 6.033 6.125 6.225 6.329 6.433 6.536 6.636 6.729 6.813 6.889 6.987 7.101 7.197 7.277 7.348 7.420 7.489 7.539 7.554 7.514 7.527 7.607
-99.000 -99.000 -99.000 -99.000 1.645 1.657 1.733 1.916 2.191 2.535 2.916 3.292 3.619 3.886 4.095 4.257 4.385 4.489 4.575 4.651 4.719 4.781 4.840 4.895 4.947 4.998 5.047 5.094 5.141 5.186 5.231 5.275 5.317 5.356 5.394 5.429 5.463 5.495 5.526 5.557 5.589 5.622 5.659 5.702 5.754 5.815 5.888 5.970 6.055 6.148 6.249 6.354 6.460 6.567 6.672 6.769 6.857 6.937 7.040 7.165 7.268 7.352 7.427 7.493 7.545 7.574 7.567 7.511 7.507 7.569
-99.000 -99.000 -99.000 1.645 1.647 1.679 1.801 2.029 2.338 2.704 3.089 3.449 3.751 3.992 4.179 4.324 4.440 4.534 4.616 4.688 4.754 4.815 4.873 4.928 4.981 5.032 5.080 5.128 5.174 5.217 5.260 5.303 5.343 5.382 5.417 5.451 5.484 5.517 5.550 5.584 5.618 5.654 5.693 5.735 5.785 5.844 5.915 5.996 6.080 6.171 6.273 6.378 6.486 6.596 6.706 6.810 6.904 6.986 7.095 7.227 7.334 7.423 7.494 7.548 7.584 7.591 7.565 7.493 7.470 7.514
-99.000 -99.000 -99.000 1.645 1.654 1.720 1.890 2.157 2.495 2.875 3.257 3.596 3.871 4.088 4.255 4.385 4.490 4.577 4.654 4.722 4.787 4.847 4.905 4.960 5.014 5.065 5.114 5.162 5.207 5.250 5.292 5.333 5.372 5.409 5.443 5.476 5.509 5.542 5.577 5.613 5.652 5.691 5.732 5.774 5.822 5.878 5.946 6.024 6.106 6.196 6.297 6.403 6.511 6.624 6.740 6.851 6.952 7.034 7.145 7.284 7.396 7.482 7.543 7.585 7.603 7.592 7.549 7.459 7.418 7.445
-99.000 -99.000 -99.000 1.646 1.671 1.781 1.996 2.297 2.658 3.046 3.416 3.730 3.981 4.175 4.324 4.442 4.537 4.618 4.690 4.756 4.818 4.877 4.935 4.991 5.045 5.097 5.147 5.195 5.240 5.283 5.323 5.363 5.401 5.437 5.470 5.502 5.535 5.569 5.606 5.646 5.688 5.731 5.774 5.817 5.864 5.917 5.981 6.056 6.135 6.223 6.323 6.428 6.537 6.653 6.775 6.894 6.999 7.079 7.191 7.335 7.445 7.523 7.575 7.603 7.606 7.579 7.518 7.412 7.355 7.369
-99.000 -99.000 1.645 1.651 1.705 1.862 2.116 2.447 2.825 3.213 3.565 3.854 4.080 4.254 4.388 4.494 4.582 4.657 4.725 4.788 4.848 4.906 4.963 5.019 5.074 5.127 5.178 5.226 5.272 5.314 5.353 5.392 5.429 5.464 5.497 5.529 5.562 5.598 5.637 5.680 5.726 5.773 5.819 5.864 5.910 5.960 6.020 6.093 6.169 6.254 6.352 6.457 6.566 6.685 6.812 6.935 7.042 7.118 7.230 7.373 7.476 7.548 7.588 7.603 7.592 7.548 7.473 7.353 7.284 7.286
-99.000 -99.000 1.646 1.663 1.757 1.959 2.248 2.603 2.991 3.372 3.702 3.965 4.169 4.325 4.446 4.543 4.624 4.695 4.760 4.820 4.878 4.935 4.992 5.047 5.102 5.155 5.206 5.255 5.301 5.342 5.381 5.419 5.454 5.489 5.522 5.554 5.589 5.626 5.668 5.713 5.762 5.813 5.863 5.911 5.958 6.007 6.064 6.134 6.207 6.289 6.385 6.489 6.598 6.718 6.844 6.967 7.076 7.148 7.253 7.392 7.491 7.554 7.585 7.589 7.564 7.507 7.420 7.289 7.211 7.208
-99.000 1.645 1.648 1.689 1.828 2.069 2.389 2.762 3.154 3.521 3.826 4.066 4.249 4.390 4.500 4.589 4.665 4.732 4.794 4.853 4.909 4.965 5.020 5.075 5.129 5.182 5.233 5.281 5.327 5.368 5.406 5.442 5.477 5.511 5.544 5.578 5.614 5.654 5.697 5.745 5.797 5.851 5.906 5.957 6.006 6.055 6.111 6.179 6.249 6.328 6.421 6.522 6.630 6.748 6.873 6.999 7.110 7.171 7.268 7.403 7.497 7.552 7.574 7.568 7.531 7.464 7.367 7.228 7.145 7.140
-99.000 1.645 1.657 1.733 1.915 2.191 2.536 2.922 3.311 3.659 3.939 4.156 4.321 4.448 4.549 4.633 4.705 4.769 4.829 4.886 4.941 4.995 5.049 5.103 5.156 5.208 5.258 5.306 5.351 5.391 5.428 5.463 5.497 5.531 5.565 5.600 5.638 5.680 5.725 5.774 5.829 5.886 5.945 6.000 6.052 6.102 6.159 6.227 6.295 6.371 6.460 6.558 6.666 6.782 6.905 7.039 7.140 7.183 7.273 7.405 7.492 7.541 7.555 7.539 7.494 7.418 7.313 7.170 7.086 7.080
1.645 1.647 1.675 1.793 2.016 2.322 2.687 3.080 3.460 3.784 4.040 4.236 4.385 4.501 4.595 4.673 4.742 4.804 4.863 4.919 4.973 5.027 5.080 5.132 5.184 5.235 5.284 5.331 5.375 5.414 5.450 5.484 5.517 5.550 5.585 5.622 5.662 5.706 5.752 5.803 5.859 5.918 5.979 6.039 6.095 6.151 6.212 6.279 6.346 6.422 6.508 6.604 6.709 6.826 6.952 7.071 7.151 7.184 7.268 7.395 7.478 7.522 7.530 7.507 7.455 7.371 7.262 7.117 7.032 7.023
1.645 1.651 1.708 1.869 2.127 2.460 2.840 3.233 3.599 3.899 4.131 4.308 4.443 4.549 4.636 4.711 4.777 4.839 4.897 4.952 5.006 5.059 5.112 5.163 5.214 5.264 5.312 5.358 5.400 5.439 5.474 5.507 5.539 5.573 5.608 5.647 5.688 5.732 5.779 5.831 5.888 5.949 6.012 6.076 6.140 6.203 6.268 6.335 6.405 6.482 6.566 6.656 6.758 6.873 6.987 7.084 7.150 7.175 7.254 7.377 7.458 7.497 7.500 7.473 7.413 7.325 7.212 7.066 6.979 6.966
1.646 1.663 1.757 1.958 2.247 2.602 2.991 3.380 3.726 4.002 4.212 4.372 4.494 4.592 4.674 4.746 4.811 4.871 4.929 4.985 5.039 5.092 5.144 5.196 5.246 5.295 5.342 5.387 5.429 5.467 5.502 5.535 5.567 5.601 5.638 5.677 5.718 5.763 5.810 5.862 5.919 5.981 6.047 6.116 6.187 6.256 6.326 6.396 6.469 6.550 6.630 6.712 6.807 6.908 7.006 7.087 7.142 7.161 7.234 7.356 7.433 7.470 7.469 7.436 7.372 7.280 7.161 7.011 6.921 6.903
1.648 1.687 1.821 2.059 2.375 2.747 3.140 3.520 3.844 4.096 4.286 4.430 4.542 4.632 4.710 4.779 4.842 4.902 4.960 5.016 5.071 5.124 5.177 5.228 5.278 5.327 5.374 5.418 5.460 5.499 5.535 5.569 5.602 5.637 5.674 5.713 5.755 5.799 5.846 5.898 5.956 6.019 6.087 6.160 6.236 6.312 6.387 6.460 6.537 6.619 6.693 6.768 6.846 6.930 7.013 7.083 7.131 7.145 7.213 7.331 7.406 7.440 7.435 7.398 7.330 7.231 7.106 6.951 6.856 6.829
1.655 1.725 1.900 2.169 2.509 2.893 3.285 3.651 3.951 4.181 4.353 4.483 4.586 4.670 4.743 4.810 4.872 4.932 4.989 5.046 5.101 5.155 5.208 5.259 5.310 5.359 5.406 5.451 5.494 5.533 5.571 5.608 5.643 5.679 5.716 5.756 5.797 5.841 5.888 5.940 5.998 6.062 6.131 6.207 6.287 6.370 6.449 6.521 6.599 6.683 6.753 6.814 6.874 6.943 7.013 7.076 7.121 7.127 7.189 7.305 7.378 7.408 7.399 7.358 7.283 7.176 7.043 6.882 6.780 6.747
1.670 1.777 1.990 2.288 2.647 3.037 3.424 3.773 4.050 4.259 4.415 4.533 4.627 4.706 4.776 4.840 4.901 4.960 5.017 5.074 5.129 5.184 5.237 5.288 5.339 5.389 5.437 5.484 5.527 5.569 5.610 5.650 5.688 5.726 5.765 5.804 5.846 5.890 5.937 5.989 6.046 6.109 6.179 6.255 6.338 6.425 6.505 6.575 6.654 6.740 6.803 6.849 6.896 6.951 7.012 7.071 7.111 7.111 7.168 7.282 7.350 7.373 7.359 7.311 7.230 7.114 6.969 6.802 6.698 6.662
1.697 1.844 2.091 2.413 2.787 3.179 3.556 3.885 4.140 4.331 4.472 4.581 4.668 4.742 4.808 4.870 4.929 4.987 5.044 5.100 5.155 5.209 5.262 5.314 5.365 5.416 5.466 5.514 5.560 5.605 5.650 5.693 5.735 5.776 5.816 5.856 5.897 5.941 5.989 6.041 6.098 6.159 6.228 6.305 6.388 6.474 6.554 6.620 6.698 6.783 6.839 6.878 6.913 6.957 7.011 7.066 7.103 7.096 7.146 7.255 7.314 7.330 7.308 7.254 7.164 7.037 6.882 6.713 6.611 6.579
1.738 1.924 2.201 2.544 2.927 3.316 3.681 3.988 4.223 4.397 4.527 4.627 4.708 4.778 4.841 4.900 4.958 5.015 5.070 5.125 5.179 5.233 5.285 5.337 5.388 5.440 5.492 5.543 5.592 5.639 5.688 5.735 5.781 5.826 5.868 5.909 5.951 5.996 6.044 6.096 6.151 6.211 6.278 6.352 6.431 6.514 6.592 6.653 6.729 6.813 6.868 6.903 6.932 6.968 7.013 7.062 7.097 7.081 7.122 7.222 7.273 7.281 7.250 7.188 7.090 6.955 6.796 6.629 6.536 6.519
