version1/TsunamiDB/out54114.asc
ncols          264
nrows          230
xllcorner      497853.4375
yllcorner      4229146.0000
cellsize         5.
NODATA_value   -99
[rows 136 to 169 of 230, columns 0 to 76 of 264]
5.177 5.197 5.217 5.237 5.257 5.276 5.296 5.315 5.333 5.351 5.369 5.387 5.405 5.422 5.440 5.458 5.475 5.492 5.509 5.526 5.542 5.559 5.575 5.591 5.607 5.623 5.639 5.654 5.670 5.685 5.701 5.716 5.729 5.743 5.758 5.772 5.787 5.801 5.816 5.830 5.844 5.858 5.872 5.885 5.899 5.912 5.926 5.939 5.952 5.965 5.977 5.990 6.002 6.014 6.026 6.036 6.046 6.056 6.066 6.076 6.086 6.096 6.105 6.114 6.123 6.131 6.139 6.147 6.154 6.161 6.169 6.176 6.183 6.190 6.197 6.204 6.212
5.192 5.212 5.232 5.252 5.271 5.291 5.310 5.329 5.347 5.364 5.382 5.400 5.418 5.435 5.453 5.470 5.487 5.504 5.521 5.537 5.554 5.570 5.586 5.602 5.618 5.633 5.649 5.664 5.680 5.695 5.711 5.725 5.738 5.752 5.767 5.781 5.795 5.810 5.824 5.838 5.852 5.866 5.880 5.894 5.907 5.921 5.934 5.947 5.960 5.973 5.986 5.999 6.011 6.023 6.035 6.046 6.056 6.066 6.077 6.087 6.097 6.107 6.116 6.125 6.134 6.143 6.151 6.159 6.167 6.175 6.182 6.189 6.196 6.203 6.210 6.217 6.224
5.207 5.227 5.247 5.266 5.286 5.305 5.324 5.343 5.361 5.378 5.396 5.413 5.431 5.449 5.466 5.483 5.500 5.517 5.533 5.550 5.566 5.582 5.598 5.613 5.629 5.644 5.660 5.675 5.690 5.705 5.720 5.734 5.748 5.762 5.776 5.790 5.804 5.818 5.833 5.847 5.861 5.875 5.888 5.902 5.916 5.929 5.943 5.956 5.969 5.982 5.995 6.007 6.020 6.033 6.044 6.055 6.065 6.076 6.086 6.097 6.107 6.117 6.127 6.137 6.146 6.155 6.163 6.172 6.180 6.188 6.195 6.202 6.210 6.217 6.224 6.230 6.238
5.221 5.241 5.261 5.280 5.300 5.319 5.338 5.357 5.374 5.391 5.409 5.427 5.444 5.462 5.479 5.496 5.512 5.529 5.545 5.562 5.578 5.594 5.609 5.625 5.640 5.655 5.671 5.686 5.700 5.715 5.730 5.744 5.757 5.771 5.785 5.799 5.813 5.827 5.841 5.855 5.869 5.883 5.897 5.910 5.924 5.937 5.951 5.964 5.977 5.990 6.003 6.016 6.029 6.041 6.053 6.064 6.074 6.085 6.096 6.107 6.117 6.128 6.138 6.147 6.157 6.166 6.175 6.184 6.192 6.200 6.208 6.216 6.223 6.230 6.237 6.244 6.251
5.235 5.255 5.275 5.294 5.313 5.332 5.351 5.370 5.388 5.405 5.422 5.440 5.457 5.474 5.491 5.508 5.525 5.541 5.558 5.574 5.590 5.606 5.621 5.636 5.652 5.667 5.682 5.696 5.711 5.726 5.740 5.754 5.767 5.781 5.794 5.808 5.822 5.836 5.850 5.864 5.878 5.891 5.905 5.919 5.932 5.946 5.959 5.972 5.986 5.999 6.012 6.024 6.037 6.050 6.062 6.072 6.083 6.094 6.105 6.116 6.127 6.137 6.148 6.158 6.168 6.177 6.186 6.195 6.204 6.212 6.221 6.228 6.236 6.244 6.251 6.258 6.265
5.250 5.269 5.289 5.308 5.327 5.346 5.364 5.383 5.400 5.417 5.435 5.452 5.470 5.487 5.504 5.521 5.537 5.554 5.570 5.586 5.602 5.617 5.633 5.648 5.663 5.678 5.693 5.707 5.722 5.736 5.751 5.764 5.777 5.790 5.804 5.818 5.831 5.845 5.859 5.872 5.886 5.900 5.913 5.927 5.940 5.954 5.967 5.980 5.994 6.007 6.020 6.033 6.045 6.058 6.070 6.081 6.092 6.103 6.114 6.126 6.136 6.147 6.158 6.168 6.178 6.188 6.197 6.207 6.216 6.224 6.233 6.241 6.249 6.257 6.264 6.271 6.279
5.263 5.283 5.302 5.321 5.340 5.359 5.377 5.396 5.413 5.430 5.447 5.464 5.482 5.499 5.516 5.532 5.549 5.565 5.582 5.598 5.613 5.629 5.644 5.660 5.675 5.689 5.704 5.718 5.733 5.747 5.761 5.775 5.787 5.800 5.814 5.827 5.841 5.854 5.868 5.881 5.895 5.908 5.921 5.935 5.948 5.962 5.975 5.988 6.001 6.015 6.028 6.041 6.053 6.066 6.078 6.089 6.101 6.112 6.123 6.135 6.146 6.157 6.167 6.178 6.188 6.198 6.208 6.218 6.227 6.236 6.245 6.253 6.261 6.269 6.277 6.284 6.292
5.277 5.297 5.316 5.335 5.353 5.372 5.390 5.408 5.425 5.442 5.459 5.476 5.493 5.510 5.527 5.544 5.561 5.577 5.593 5.609 5.625 5.640 5.656 5.671 5.686 5.700 5.715 5.729 5.744 5.758 5.772 5.785 5.798 5.810 5.824 5.837 5.850 5.863 5.877 5.890 5.903 5.916 5.930 5.943 5.956 5.970 5.983 5.996 6.009 6.022 6.035 6.048 6.061 6.074 6.086 6.097 6.109 6.120 6.132 6.143 6.155 6.166 6.177 6.187 6.198 6.208 6.218 6.228 6.238 6.247 6.256 6.265 6.273 6.281 6.289 6.297 6.305
5.291 5.310 5.329 5.348 5.366 5.384 5.402 5.420 5.437 5.454 5.471 5.488 5.505 5.522 5.539 5.555 5.572 5.588 5.604 5.620 5.636 5.651 5.666 5.681 5.696 5.711 5.726 5.740 5.754 5.768 5.782 5.795 5.808 5.820 5.833 5.846 5.859 5.873 5.886 5.899 5.912 5.925 5.938 5.951 5.964 5.977 5.990 6.003 6.017 6.030 6.043 6.056 6.069 6.082 6.094 6.105 6.117 6.128 6.140 6.152 6.163 6.174 6.186 6.197 6.207 6.218 6.228 6.238 6.248 6.258 6.267 6.276 6.285 6.293 6.302 6.310 6.318
5.305 5.324 5.343 5.361 5.379 5.397 5.415 5.433 5.449 5.466 5.482 5.499 5.516 5.533 5.550 5.566 5.582 5.598 5.614 5.630 5.646 5.661 5.677 5.692 5.707 5.722 5.736 5.751 5.765 5.779 5.793 5.806 5.818 5.830 5.843 5.856 5.869 5.882 5.895 5.907 5.920 5.933 5.946 5.959 5.972 5.985 5.998 6.011 6.024 6.037 6.050 6.063 6.076 6.089 6.101 6.112 6.124 6.136 6.148 6.159 6.171 6.183 6.194 6.205 6.216 6.227 6.238 6.248 6.258 6.268 6.278 6.287 6.296 6.305 6.313 6.322 6.330
5.319 5.338 5.356 5.374 5.392 5.410 5.428 5.445 5.461 5.477 5.494 5.511 5.527 5.544 5.560 5.577 5.593 5.609 5.625 5.640 5.656 5.671 5.687 5.702 5.717 5.732 5.746 5.761 5.775 5.789 5.803 5.815 5.828 5.840 5.853 5.866 5.878 5.891 5.904 5.916 5.929 5.941 5.954 5.967 5.980 5.992 6.005 6.018 6.031 6.044 6.057 6.070 6.083 6.096 6.108 6.119 6.131 6.143 6.155 6.167 6.179 6.190 6.202 6.214 6.225 6.236 6.247 6.257 6.268 6.278 6.288 6.297 6.307 6.316 6.325 6.333 6.342
5.333 5.352 5.370 5.388 5.405 5.423 5.440 5.457 5.473 5.489 5.505 5.522 5.538 5.555 5.571 5.587 5.603 5.619 5.635 5.650 5.666 5.681 5.696 5.711 5.726 5.741 5.756 5.770 5.784 5.798 5.812 5.825 5.837 5.850 5.862 5.875 5.888 5.900 5.913 5.925 5.937 5.950 5.962 5.975 5.987 6.000 6.012 6.025 6.038 6.050 6.063 6.076 6.089 6.102 6.114 6.126 6.138 6.150 6.162 6.174 6.186 6.198 6.210 6.221 6.233 6.244 6.255 6.266 6.277 6.287 6.297 6.307 6.317 6.326 6.335 6.344 6.353
5.347 5.366 5.383 5.401 5.419 5.436 5.453 5.470 5.485 5.501 5.517 5.533 5.549 5.565 5.581 5.597 5.613 5.629 5.644 5.660 5.675 5.690 5.706 5.721 5.735 5.750 5.765 5.779 5.793 5.807 5.821 5.834 5.846 5.859 5.871 5.884 5.897 5.909 5.921 5.934 5.946 5.958 5.970 5.982 5.995 6.007 6.019 6.032 6.044 6.057 6.070 6.083 6.095 6.108 6.120 6.132 6.144 6.156 6.168 6.180 6.192 6.204 6.216 6.228 6.240 6.252 6.263 6.274 6.285 6.296 6.306 6.316 6.326 6.336 6.345 6.355 6.364
5.362 5.380 5.397 5.415 5.432 5.449 5.466 5.483 5.497 5.513 5.529 5.545 5.561 5.576 5.592 5.608 5.623 5.639 5.654 5.669 5.685 5.700 5.715 5.730 5.744 5.759 5.774 5.788 5.802 5.816 5.830 5.843 5.855 5.868 5.880 5.893 5.905 5.918 5.930 5.942 5.954 5.966 5.978 5.990 6.002 6.014 6.026 6.039 6.051 6.064 6.076 6.089 6.101 6.114 6.126 6.138 6.150 6.162 6.174 6.186 6.198 6.211 6.223 6.235 6.247 6.258 6.270 6.281 6.292 6.303 6.314 6.325 6.335 6.345 6.355 6.365 6.374
5.376 5.394 5.411 5.429 5.446 5.463 5.480 5.495 5.510 5.525 5.541 5.557 5.572 5.588 5.603 5.618 5.634 5.649 5.664 5.679 5.694 5.709 5.724 5.738 5.753 5.768 5.782 5.796 5.811 5.825 5.838 5.851 5.863 5.876 5.889 5.901 5.914 5.926 5.938 5.950 5.962 5.974 5.986 5.998 6.010 6.022 6.033 6.045 6.058 6.070 6.082 6.095 6.107 6.120 6.132 6.143 6.155 6.167 6.179 6.192 6.204 6.216 6.229 6.241 6.253 6.265 6.276 6.288 6.299 6.311 6.322 6.333 6.343 6.354 6.364 6.374 6.383
5.390 5.407 5.425 5.442 5.459 5.476 5.493 5.508 5.523 5.538 5.553 5.569 5.584 5.599 5.614 5.629 5.644 5.659 5.674 5.689 5.703 5.718 5.733 5.747 5.762 5.776 5.790 5.805 5.819 5.833 5.847 5.859 5.871 5.884 5.897 5.909 5.922 5.934 5.946 5.958 5.970 5.982 5.994 6.005 6.017 6.029 6.040 6.052 6.064 6.076 6.088 6.100 6.113 6.125 6.137 6.148 6.160 6.172 6.184 6.197 6.209 6.221 6.234 6.246 6.258 6.270 6.282 6.294 6.306 6.317 6.328 6.340 6.350 6.361 6.372 6.382 6.392
5.403 5.421 5.439 5.456 5.473 5.489 5.506 5.521 5.536 5.551 5.566 5.581 5.596 5.611 5.626 5.640 5.655 5.670 5.684 5.698 5.713 5.727 5.742 5.756 5.770 5.784 5.798 5.813 5.827 5.841 5.854 5.867 5.879 5.891 5.904 5.917 5.929 5.942 5.954 5.966 5.978 5.989 6.001 6.013 6.024 6.036 6.047 6.059 6.070 6.082 6.094 6.106 6.118 6.131 6.142 6.153 6.165 6.177 6.189 6.201 6.214 6.226 6.239 6.251 6.263 6.275 6.287 6.299 6.311 6.323 6.335 6.346 6.357 6.368 6.379 6.390 6.400
5.416 5.434 5.452 5.469 5.486 5.503 5.519 5.534 5.549 5.564 5.579 5.594 5.608 5.623 5.637 5.652 5.666 5.680 5.695 5.709 5.723 5.737 5.751 5.765 5.779 5.793 5.807 5.821 5.835 5.849 5.862 5.874 5.886 5.899 5.912 5.924 5.937 5.949 5.961 5.973 5.985 5.997 6.008 6.020 6.031 6.043 6.054 6.065 6.077 6.088 6.100 6.112 6.124 6.136 6.147 6.158 6.169 6.181 6.193 6.206 6.218 6.230 6.243 6.255 6.268 6.280 6.292 6.304 6.316 6.328 6.340 6.351 6.363 6.374 6.385 6.396 6.407
5.429 5.447 5.465 5.482 5.499 5.516 5.532 5.547 5.562 5.577 5.591 5.606 5.621 5.635 5.650 5.664 5.678 5.692 5.705 5.719 5.733 5.747 5.760 5.774 5.788 5.801 5.815 5.829 5.843 5.856 5.869 5.881 5.894 5.906 5.919 5.931 5.944 5.956 5.968 5.980 5.992 6.004 6.015 6.027 6.038 6.049 6.061 6.072 6.083 6.095 6.106 6.118 6.130 6.141 6.152 6.163 6.174 6.186 6.198 6.210 6.222 6.234 6.247 6.259 6.272 6.284 6.296 6.309 6.321 6.333 6.345 6.356 6.368 6.380 6.391 6.402 6.413
5.441 5.459 5.477 5.494 5.511 5.528 5.545 5.560 5.574 5.589 5.604 5.619 5.633 5.648 5.662 5.676 5.690 5.703 5.717 5.730 5.744 5.757 5.770 5.784 5.797 5.810 5.824 5.837 5.851 5.864 5.877 5.888 5.901 5.913 5.926 5.938 5.951 5.963 5.975 5.987 5.999 6.011 6.022 6.034 6.045 6.056 6.067 6.078 6.090 6.101 6.112 6.124 6.135 6.147 6.157 6.167 6.179 6.190 6.202 6.214 6.226 6.238 6.251 6.263 6.275 6.288 6.300 6.312 6.325 6.337 6.349 6.361 6.373 6.384 6.396 6.408 6.419
5.452 5.471 5.489 5.506 5.523 5.540 5.557 5.572 5.587 5.602 5.617 5.631 5.646 5.660 5.674 5.688 5.702 5.715 5.728 5.742 5.755 5.768 5.781 5.794 5.807 5.820 5.833 5.846 5.859 5.872 5.884 5.896 5.908 5.920 5.933 5.945 5.958 5.970 5.982 5.994 6.006 6.017 6.029 6.040 6.052 6.063 6.074 6.085 6.096 6.107 6.118 6.129 6.141 6.152 6.162 6.172 6.183 6.194 6.206 6.218 6.230 6.242 6.254 6.266 6.279 6.291 6.303 6.316 6.328 6.340 6.352 6.365 6.377 6.389 6.400 6.412 6.424
5.463 5.482 5.500 5.517 5.535 5.552 5.569 5.584 5.599 5.614 5.629 5.644 5.658 5.672 5.686 5.700 5.714 5.727 5.740 5.753 5.766 5.779 5.792 5.804 5.817 5.830 5.842 5.855 5.868 5.880 5.892 5.904 5.916 5.928 5.940 5.952 5.964 5.977 5.989 6.001 6.012 6.024 6.035 6.047 6.058 6.069 6.080 6.091 6.102 6.113 6.124 6.135 6.146 6.157 6.167 6.177 6.188 6.199 6.210 6.222 6.234 6.246 6.258 6.270 6.282 6.294 6.307 6.319 6.331 6.343 6.356 6.368 6.380 6.392 6.404 6.417 6.428
5.473 5.492 5.510 5.528 5.546 5.563 5.580 5.596 5.610 5.626 5.641 5.656 5.670 5.685 5.699 5.712 5.726 5.739 5.752 5.765 5.778 5.790 5.803 5.815 5.828 5.840 5.852 5.864 5.877 5.889 5.901 5.912 5.924 5.935 5.947 5.959 5.971 5.983 5.995 6.007 6.019 6.030 6.042 6.053 6.064 6.076 6.087 6.097 6.108 6.119 6.130 6.141 6.152 6.162 6.172 6.182 6.192 6.203 6.214 6.226 6.237 6.249 6.261 6.273 6.285 6.297 6.310 6.322 6.334 6.346 6.359 6.371 6.383 6.395 6.408 6.420 6.431
5.483 5.502 5.520 5.538 5.556 5.573 5.590 5.606 5.621 5.637 5.652 5.667 5.682 5.696 5.710 5.724 5.738 5.751 5.764 5.777 5.790 5.802 5.814 5.826 5.838 5.850 5.862 5.874 5.886 5.899 5.910 5.921 5.932 5.943 5.955 5.967 5.979 5.990 6.002 6.014 6.025 6.037 6.048 6.060 6.071 6.082 6.093 6.104 6.114 6.125 6.136 6.147 6.157 6.168 6.177 6.187 6.197 6.208 6.219 6.230 6.241 6.253 6.264 6.276 6.288 6.300 6.312 6.325 6.337 6.349 6.361 6.374 6.386 6.398 6.411 6.423 6.434
5.492 5.511 5.529 5.547 5.565 5.583 5.600 5.616 5.632 5.647 5.663 5.678 5.693 5.708 5.722 5.736 5.750 5.763 5.776 5.789 5.801 5.814 5.826 5.838 5.850 5.861 5.873 5.885 5.897 5.908 5.919 5.930 5.940 5.952 5.963 5.974 5.986 5.998 6.009 6.021 6.032 6.043 6.055 6.066 6.077 6.088 6.099 6.110 6.121 6.131 6.142 6.152 6.163 6.173 6.182 6.192 6.202 6.213 6.223 6.234 6.245 6.257 6.268 6.280 6.291 6.303 6.315 6.327 6.340 6.352 6.364 6.376 6.389 6.401 6.413 6.425 6.437
5.500 5.519 5.538 5.556 5.574 5.592 5.609 5.626 5.641 5.657 5.673 5.688 5.704 5.718 5.733 5.747 5.761 5.774 5.788 5.801 5.813 5.825 5.838 5.850 5.861 5.873 5.884 5.896 5.907 5.919 5.929 5.939 5.950 5.960 5.971 5.983 5.994 6.005 6.016 6.028 6.039 6.050 6.061 6.072 6.084 6.094 6.105 6.116 6.127 6.137 6.148 6.158 6.169 6.179 6.188 6.197 6.207 6.217 6.228 6.239 6.249 6.260 6.272 6.283 6.295 6.306 6.318 6.330 6.342 6.354 6.366 6.379 6.391 6.403 6.415 6.428 6.439
5.508 5.527 5.546 5.565 5.583 5.601 5.618 5.635 5.650 5.666 5.682 5.698 5.713 5.729 5.743 5.758 5.772 5.785 5.799 5.812 5.825 5.837 5.849 5.861 5.873 5.884 5.896 5.907 5.918 5.929 5.940 5.949 5.959 5.970 5.980 5.991 6.002 6.013 6.024 6.035 6.046 6.057 6.068 6.079 6.090 6.101 6.112 6.122 6.133 6.143 6.154 6.164 6.175 6.184 6.193 6.203 6.212 6.222 6.233 6.243 6.254 6.265 6.275 6.287 6.298 6.309 6.321 6.333 6.345 6.357 6.369 6.381 6.393 6.405 6.418 6.430 6.442
5.516 5.535 5.554 5.573 5.591 5.609 5.627 5.643 5.659 5.675 5.691 5.707 5.723 5.738 5.753 5.768 5.782 5.796 5.810 5.823 5.836 5.848 5.861 5.873 5.884 5.896 5.907 5.918 5.929 5.940 5.950 5.960 5.970 5.980 5.990 6.000 6.011 6.022 6.032 6.043 6.054 6.065 6.075 6.086 6.097 6.107 6.118 6.129 6.139 6.150 6.160 6.170 6.181 6.190 6.199 6.208 6.218 6.228 6.238 6.248 6.258 6.269 6.280 6.290 6.302 6.313 6.324 6.336 6.348 6.359 6.371 6.383 6.395 6.408 6.420 6.432 6.444
5.523 5.543 5.562 5.580 5.599 5.617 5.634 5.651 5.667 5.683 5.700 5.716 5.732 5.747 5.762 5.777 5.792 5.806 5.820 5.833 5.846 5.859 5.872 5.884 5.896 5.907 5.919 5.930 5.941 5.952 5.961 5.971 5.980 5.990 6.000 6.010 6.020 6.031 6.041 6.051 6.062 6.072 6.083 6.093 6.104 6.114 6.125 6.135 6.146 6.156 6.166 6.176 6.187 6.196 6.205 6.214 6.223 6.233 6.243 6.253 6.263 6.273 6.284 6.294 6.305 6.316 6.328 6.339 6.350 6.362 6.374 6.386 6.398 6.410 6.422 6.434 6.446
5.531 5.550 5.569 5.588 5.606 5.624 5.642 5.659 5.675 5.691 5.708 5.724 5.740 5.756 5.771 5.786 5.801 5.815 5.830 5.843 5.857 5.870 5.882 5.895 5.907 5.919 5.930 5.941 5.952 5.963 5.973 5.982 5.991 6.001 6.011 6.021 6.030 6.040 6.050 6.060 6.070 6.081 6.091 6.101 6.111 6.122 6.132 6.142 6.152 6.163 6.173 6.183 6.193 6.202 6.211 6.220 6.229 6.239 6.248 6.258 6.268 6.278 6.288 6.299 6.309 6.320 6.331 6.342 6.353 6.365 6.376 6.388 6.400 6.412 6.424 6.437 6.448
5.539 5.558 5.577 5.595 5.614 5.632 5.650 5.666 5.682 5.699 5.716 5.732 5.748 5.764 5.780 5.795 5.810 5.825 5.839 5.853 5.866 5.880 5.893 5.905 5.918 5.930 5.941 5.953 5.964 5.975 5.984 5.993 6.003 6.012 6.022 6.031 6.041 6.051 6.060 6.070 6.080 6.089 6.099 6.109 6.119 6.129 6.139 6.149 6.159 6.169 6.180 6.190 6.200 6.209 6.217 6.226 6.235 6.244 6.254 6.263 6.273 6.283 6.293 6.303 6.313 6.324 6.335 6.346 6.357 6.368 6.379 6.391 6.403 6.415 6.427 6.439 6.450
5.547 5.566 5.584 5.603 5.621 5.640 5.657 5.673 5.690 5.706 5.723 5.740 5.756 5.772 5.788 5.803 5.818 5.833 5.848 5.862 5.876 5.889 5.903 5.915 5.928 5.940 5.952 5.964 5.975 5.986 5.996 6.005 6.014 6.024 6.033 6.042 6.052 6.061 6.071 6.080 6.089 6.099 6.108 6.118 6.128 6.137 6.147 6.157 6.167 6.177 6.187 6.196 6.206 6.215 6.224 6.232 6.241 6.250 6.260 6.269 6.279 6.288 6.298 6.308 6.318 6.328 6.339 6.349 6.360 6.371 6.382 6.394 6.405 6.417 6.429 6.441 6.453
5.555 5.574 5.593 5.611 5.629 5.647 5.664 5.681 5.697 5.714 5.731 5.747 5.763 5.780 5.795 5.811 5.826 5.841 5.856 5.871 5.885 5.899 5.912 5.925 5.938 5.951 5.963 5.975 5.986 5.997 6.007 6.016 6.026 6.035 6.045 6.054 6.063 6.072 6.081 6.091 6.100 6.109 6.118 6.127 6.137 6.146 6.156 6.165 6.175 6.185 6.194 6.204 6.214 6.222 6.230 6.239 6.248 6.257 6.266 6.275 6.284 6.294 6.303 6.313 6.323 6.333 6.343 6.353 6.364 6.375 6.386 6.397 6.408 6.420 6.432 6.444 6.455
5.565 5.583 5.601 5.620 5.638 5.656 5.672 5.688 5.705 5.722 5.738 5.755 5.771 5.787 5.803 5.819 5.834 5.849 5.864 5.879 5.893 5.907 5.921 5.934 5.948 5.960 5.973 5.985 5.997 6.008 6.018 6.027 6.037 6.047 6.056 6.065 6.075 6.084 6.093 6.102 6.111 6.120 6.128 6.137 6.147 6.156 6.165 6.174 6.183 6.193 6.202 6.212 6.221 6.230 6.238 6.246 6.255 6.263 6.272 6.281 6.290 6.300 6.309 6.318 6.328 6.338 6.348 6.358 6.368 6.379 6.389 6.400 6.412 6.423 6.435 6.446 6.458
