version1/TsunamiDB/out54086.asc
ncols          264
nrows          230
xllcorner      497853.4375
yllcorner      4229146.0000
cellsize         5.
NODATA_value   -99
[rows 170 to 203 of 230, columns 77 to 153 of 264]
6.131 6.142 6.155 6.167 6.180 6.194 6.207 6.221 6.235 6.248 6.262 6.276 6.289 6.302 6.315 6.328 6.341 6.353 6.365 6.378 6.389 6.401 6.412 6.422 6.433 6.444 6.455 6.466 6.476 6.487 6.497 6.507 6.516 6.525 6.534 6.542 6.551 6.559 6.567 6.575 6.583 6.591 6.600 6.610 6.619 6.629 6.638 6.649 6.660 6.671 6.683 6.696 6.708 6.721 6.734 6.746 6.759 6.772 6.784 6.797 6.809 6.821 6.834 6.846 6.859 6.871 6.884 6.897 6.910 6.922 6.934 6.947 6.959 6.972 6.984 6.997 7.010
6.145 6.156 6.167 6.178 6.191 6.203 6.216 6.229 6.242 6.256 6.269 6.282 6.296 6.309 6.322 6.335 6.347 6.360 6.372 6.385 6.397 6.409 6.420 6.430 6.441 6.452 6.463 6.474 6.485 6.496 6.506 6.516 6.526 6.536 6.545 6.553 6.562 6.570 6.578 6.586 6.594 6.602 6.611 6.620 6.629 6.638 6.647 6.657 6.668 6.679 6.691 6.703 6.716 6.729 6.742 6.755 6.767 6.780 6.793 6.805 6.818 6.830 6.843 6.856 6.868 6.881 6.894 6.908 6.920 6.932 6.945 6.957 6.970 6.983 6.996 7.009 7.022
6.162 6.171 6.181 6.192 6.203 6.214 6.226 6.238 6.251 6.264 6.276 6.289 6.302 6.315 6.328 6.341 6.354 6.366 6.379 6.391 6.404 6.416 6.427 6.437 6.449 6.460 6.471 6.482 6.494 6.505 6.515 6.526 6.536 6.545 6.555 6.564 6.572 6.581 6.589 6.597 6.605 6.613 6.621 6.630 6.639 6.647 6.656 6.666 6.676 6.687 6.699 6.712 6.724 6.737 6.750 6.763 6.776 6.789 6.802 6.814 6.827 6.840 6.852 6.865 6.878 6.891 6.905 6.918 6.931 6.943 6.956 6.968 6.981 6.995 7.008 7.021 7.034
6.179 6.188 6.197 6.207 6.217 6.227 6.238 6.249 6.261 6.273 6.285 6.298 6.310 6.323 6.335 6.348 6.360 6.373 6.385 6.398 6.410 6.422 6.433 6.444 6.455 6.467 6.478 6.490 6.501 6.513 6.524 6.534 6.545 6.555 6.564 6.574 6.583 6.591 6.599 6.607 6.615 6.623 6.632 6.640 6.649 6.657 6.665 6.675 6.685 6.696 6.708 6.720 6.732 6.745 6.758 6.771 6.784 6.797 6.810 6.823 6.836 6.849 6.862 6.875 6.888 6.901 6.915 6.928 6.941 6.953 6.966 6.980 6.993 7.006 7.020 7.033 7.047
6.197 6.206 6.214 6.223 6.232 6.242 6.252 6.262 6.273 6.284 6.295 6.307 6.319 6.331 6.343 6.355 6.367 6.380 6.392 6.404 6.417 6.429 6.440 6.450 6.462 6.473 6.485 6.497 6.508 6.520 6.531 6.542 6.553 6.563 6.573 6.583 6.592 6.601 6.610 6.618 6.626 6.634 6.642 6.651 6.659 6.667 6.675 6.684 6.694 6.705 6.716 6.728 6.741 6.754 6.767 6.780 6.793 6.806 6.819 6.833 6.846 6.859 6.872 6.885 6.898 6.912 6.926 6.939 6.951 6.964 6.977 6.991 7.004 7.018 7.032 7.046 7.060
6.216 6.224 6.233 6.241 6.250 6.258 6.267 6.277 6.286 6.297 6.307 6.318 6.329 6.340 6.352 6.363 6.375 6.387 6.399 6.411 6.424 6.435 6.445 6.456 6.468 6.480 6.491 6.503 6.515 6.526 6.538 6.549 6.560 6.571 6.582 6.592 6.601 6.611 6.619 6.628 6.636 6.645 6.653 6.661 6.669 6.676 6.685 6.694 6.703 6.714 6.725 6.737 6.749 6.762 6.775 6.788 6.802 6.815 6.828 6.842 6.855 6.868 6.882 6.895 6.908 6.922 6.936 6.949 6.962 6.975 6.989 7.002 7.016 7.030 7.044 7.059 7.073
6.233 6.242 6.251 6.260 6.268 6.276 6.285 6.293 6.302 6.311 6.321 6.331 6.341 6.351 6.362 6.373 6.384 6.396 6.407 6.419 6.431 6.442 6.452 6.463 6.474 6.486 6.497 6.509 6.521 6.533 6.544 6.556 6.567 6.578 6.589 6.600 6.610 6.619 6.629 6.638 6.646 6.655 6.663 6.672 6.679 6.686 6.694 6.703 6.713 6.723 6.734 6.746 6.758 6.771 6.784 6.797 6.811 6.824 6.838 6.851 6.865 6.878 6.892 6.905 6.919 6.933 6.947 6.960 6.973 6.987 7.000 7.014 7.028 7.043 7.057 7.072 7.086
6.250 6.260 6.269 6.278 6.286 6.294 6.303 6.311 6.319 6.328 6.336 6.345 6.355 6.364 6.374 6.384 6.395 6.405 6.416 6.427 6.438 6.449 6.459 6.469 6.480 6.492 6.503 6.515 6.527 6.539 6.550 6.562 6.574 6.585 6.596 6.607 6.618 6.628 6.637 6.647 6.656 6.664 6.673 6.681 6.689 6.696 6.704 6.713 6.722 6.733 6.743 6.755 6.767 6.780 6.793 6.806 6.820 6.833 6.847 6.861 6.874 6.888 6.902 6.915 6.929 6.943 6.958 6.971 6.985 6.998 7.012 7.026 7.041 7.055 7.070 7.085 7.100
6.265 6.276 6.286 6.295 6.304 6.313 6.321 6.329 6.337 6.345 6.353 6.362 6.370 6.379 6.388 6.397 6.407 6.417 6.427 6.437 6.447 6.457 6.466 6.477 6.487 6.498 6.510 6.521 6.533 6.545 6.556 6.568 6.580 6.592 6.603 6.614 6.625 6.635 6.646 6.655 6.665 6.674 6.682 6.691 6.699 6.706 6.714 6.723 6.732 6.742 6.753 6.764 6.776 6.789 6.802 6.815 6.829 6.842 6.856 6.870 6.884 6.898 6.912 6.926 6.940 6.954 6.969 6.983 6.996 7.010 7.024 7.039 7.053 7.068 7.083 7.099 7.114
6.278 6.290 6.301 6.311 6.321 6.330 6.339 6.347 6.355 6.363 6.371 6.379 6.387 6.395 6.403 6.412 6.421 6.430 6.439 6.448 6.458 6.467 6.476 6.485 6.495 6.506 6.516 6.528 6.539 6.551 6.562 6.574 6.586 6.598 6.609 6.621 6.632 6.643 6.653 6.663 6.673 6.682 6.691 6.701 6.709 6.716 6.724 6.733 6.742 6.752 6.762 6.773 6.785 6.798 6.811 6.824 6.838 6.852 6.866 6.880 6.894 6.908 6.922 6.937 6.951 6.965 6.980 6.994 7.008 7.022 7.037 7.051 7.066 7.082 7.097 7.113 7.129
6.290 6.303 6.315 6.326 6.337 6.347 6.356 6.365 6.373 6.381 6.389 6.397 6.405 6.413 6.420 6.428 6.436 6.444 6.453 6.461 6.470 6.478 6.486 6.495 6.504 6.514 6.524 6.535 6.546 6.557 6.568 6.580 6.592 6.604 6.615 6.627 6.638 6.649 6.660 6.671 6.681 6.691 6.700 6.710 6.718 6.726 6.734 6.742 6.751 6.761 6.772 6.783 6.794 6.807 6.820 6.833 6.847 6.861 6.875 6.890 6.904 6.919 6.933 6.947 6.962 6.977 6.992 7.006 7.020 7.034 7.049 7.064 7.080 7.095 7.111 7.128 7.144
6.300 6.313 6.326 6.339 6.350 6.361 6.371 6.381 6.390 6.399 6.407 6.415 6.423 6.431 6.438 6.446 6.453 6.461 6.468 6.476 6.484 6.492 6.499 6.507 6.515 6.524 6.533 6.543 6.554 6.564 6.575 6.587 6.598 6.610 6.621 6.633 6.645 6.656 6.667 6.678 6.688 6.699 6.709 6.718 6.727 6.735 6.743 6.752 6.761 6.771 6.781 6.792 6.804 6.816 6.829 6.843 6.856 6.871 6.885 6.900 6.914 6.929 6.944 6.958 6.973 6.988 7.003 7.018 7.032 7.047 7.062 7.078 7.093 7.110 7.126 7.143 7.160
6.308 6.323 6.337 6.350 6.362 6.374 6.385 6.396 6.406 6.415 6.424 6.432 6.440 6.448 6.456 6.464 6.471 6.478 6.486 6.493 6.500 6.507 6.513 6.520 6.528 6.536 6.544 6.553 6.563 6.573 6.583 6.594 6.605 6.616 6.628 6.640 6.651 6.663 6.674 6.685 6.696 6.706 6.717 6.727 6.736 6.744 6.752 6.761 6.770 6.780 6.790 6.801 6.813 6.825 6.838 6.852 6.866 6.880 6.895 6.910 6.924 6.939 6.954 6.969 6.984 7.000 7.015 7.030 7.045 7.060 7.075 7.091 7.108 7.124 7.141 7.158 7.175
6.316 6.331 6.345 6.359 6.373 6.385 6.397 6.409 6.420 6.430 6.439 6.448 6.457 6.466 6.474 6.481 6.489 6.496 6.503 6.510 6.518 6.524 6.529 6.535 6.542 6.549 6.557 6.565 6.574 6.583 6.592 6.602 6.613 6.624 6.635 6.646 6.658 6.669 6.681 6.692 6.703 6.714 6.725 6.735 6.744 6.753 6.761 6.770 6.780 6.790 6.800 6.811 6.823 6.835 6.848 6.861 6.875 6.890 6.905 6.920 6.935 6.950 6.965 6.981 6.996 7.012 7.027 7.043 7.058 7.073 7.089 7.105 7.122 7.139 7.156 7.174 7.192
6.323 6.338 6.353 6.368 6.382 6.395 6.408 6.420 6.432 6.443 6.453 6.463 6.473 6.482 6.490 6.498 6.506 6.514 6.521 6.529 6.536 6.542 6.547 6.552 6.559 6.565 6.572 6.579 6.586 6.595 6.603 6.613 6.622 6.633 6.643 6.654 6.666 6.677 6.688 6.700 6.711 6.722 6.733 6.743 6.753 6.762 6.770 6.780 6.789 6.799 6.809 6.820 6.832 6.844 6.857 6.871 6.885 6.900 6.914 6.930 6.945 6.961 6.976 6.992 7.008 7.024 7.040 7.056 7.071 7.087 7.103 7.119 7.137 7.154 7.172 7.190 7.209
6.329 6.345 6.360 6.375 6.390 6.404 6.418 6.430 6.443 6.454 6.466 6.476 6.486 6.496 6.505 6.514 6.523 6.531 6.539 6.547 6.554 6.560 6.565 6.571 6.576 6.582 6.588 6.595 6.601 6.608 6.616 6.625 6.633 6.643 6.653 6.663 6.674 6.685 6.696 6.708 6.719 6.730 6.741 6.752 6.762 6.770 6.780 6.789 6.799 6.809 6.819 6.830 6.842 6.854 6.867 6.881 6.895 6.909 6.925 6.940 6.956 6.971 6.987 7.003 7.019 7.036 7.052 7.068 7.084 7.100 7.117 7.134 7.152 7.170 7.188 7.207 7.226
6.334 6.351 6.367 6.382 6.397 6.412 6.426 6.439 6.452 6.465 6.477 6.488 6.499 6.509 6.519 6.529 6.538 6.547 6.556 6.564 6.572 6.578 6.584 6.589 6.595 6.601 6.606 6.612 6.618 6.624 6.631 6.639 6.646 6.655 6.664 6.674 6.684 6.695 6.706 6.717 6.728 6.739 6.750 6.761 6.771 6.780 6.789 6.799 6.808 6.819 6.829 6.840 6.852 6.864 6.877 6.891 6.905 6.920 6.935 6.950 6.966 6.982 6.999 7.015 7.031 7.048 7.065 7.081 7.098 7.114 7.131 7.149 7.167 7.185 7.204 7.223 7.243
6.340 6.357 6.373 6.389 6.404 6.419 6.434 6.448 6.461 6.474 6.486 6.498 6.510 6.521 6.532 6.542 6.552 6.562 6.571 6.580 6.588 6.596 6.602 6.608 6.614 6.620 6.625 6.631 6.636 6.642 6.648 6.655 6.662 6.669 6.677 6.686 6.696 6.706 6.716 6.727 6.738 6.749 6.760 6.770 6.780 6.790 6.799 6.809 6.819 6.829 6.839 6.850 6.862 6.874 6.887 6.901 6.915 6.930 6.945 6.961 6.977 6.994 7.010 7.027 7.044 7.061 7.078 7.095 7.111 7.128 7.146 7.164 7.182 7.201 7.221 7.240 7.260
6.346 6.363 6.379 6.395 6.411 6.426 6.441 6.456 6.469 6.483 6.496 6.508 6.520 6.532 6.543 6.554 6.565 6.575 6.585 6.595 6.604 6.612 6.619 6.626 6.632 6.638 6.644 6.650 6.656 6.661 6.667 6.672 6.679 6.685 6.693 6.701 6.709 6.719 6.728 6.739 6.749 6.760 6.770 6.781 6.791 6.800 6.810 6.819 6.829 6.840 6.850 6.861 6.873 6.885 6.898 6.912 6.926 6.941 6.956 6.972 6.989 7.005 7.022 7.039 7.056 7.074 7.091 7.108 7.125 7.142 7.160 7.179 7.198 7.217 7.237 7.257 7.278
6.351 6.368 6.385 6.402 6.418 6.433 6.448 6.463 6.477 6.491 6.504 6.517 6.530 6.542 6.554 6.565 6.576 6.587 6.598 6.608 6.618 6.627 6.635 6.642 6.650 6.657 6.663 6.669 6.675 6.681 6.686 6.692 6.697 6.703 6.710 6.717 6.725 6.733 6.742 6.752 6.762 6.772 6.783 6.793 6.803 6.812 6.821 6.831 6.841 6.851 6.862 6.873 6.884 6.896 6.909 6.923 6.937 6.952 6.968 6.984 7.000 7.017 7.034 7.051 7.069 7.087 7.105 7.122 7.139 7.157 7.175 7.194 7.214 7.234 7.254 7.275 7.295
6.357 6.374 6.391 6.408 6.424 6.440 6.456 6.470 6.485 6.499 6.513 6.526 6.539 6.551 6.563 6.575 6.587 6.599 6.610 6.621 6.631 6.641 6.649 6.658 6.666 6.674 6.681 6.688 6.695 6.701 6.706 6.712 6.717 6.723 6.729 6.735 6.742 6.750 6.758 6.767 6.777 6.787 6.797 6.807 6.816 6.825 6.834 6.844 6.853 6.864 6.874 6.885 6.896 6.908 6.921 6.935 6.949 6.964 6.980 6.996 7.012 7.029 7.047 7.064 7.082 7.100 7.119 7.136 7.154 7.172 7.190 7.210 7.229 7.250 7.271 7.292 7.313
6.363 6.380 6.398 6.414 6.431 6.447 6.463 6.478 6.493 6.507 6.521 6.535 6.548 6.560 6.573 6.585 6.597 6.609 6.621 6.632 6.644 6.653 6.662 6.672 6.681 6.690 6.698 6.706 6.713 6.720 6.726 6.732 6.737 6.743 6.749 6.755 6.761 6.768 6.776 6.784 6.793 6.803 6.813 6.822 6.830 6.839 6.848 6.858 6.867 6.877 6.888 6.898 6.910 6.922 6.934 6.948 6.962 6.977 6.992 7.008 7.025 7.042 7.060 7.078 7.096 7.114 7.133 7.150 7.168 7.186 7.205 7.225 7.245 7.266 7.287 7.309 7.330
6.369 6.386 6.404 6.421 6.438 6.454 6.470 6.486 6.501 6.515 6.529 6.543 6.557 6.570 6.583 6.595 6.607 6.620 6.632 6.644 6.655 6.665 6.675 6.685 6.695 6.705 6.714 6.723 6.731 6.738 6.745 6.751 6.757 6.763 6.769 6.775 6.781 6.788 6.795 6.803 6.811 6.820 6.830 6.839 6.847 6.855 6.864 6.873 6.883 6.892 6.903 6.913 6.924 6.936 6.948 6.961 6.975 6.990 7.006 7.022 7.039 7.056 7.074 7.092 7.110 7.129 7.147 7.165 7.183 7.202 7.221 7.241 7.261 7.283 7.304 7.326 7.348
6.375 6.393 6.410 6.428 6.445 6.461 6.478 6.493 6.509 6.524 6.538 6.552 6.566 6.579 6.592 6.605 6.618 6.630 6.643 6.655 6.666 6.676 6.687 6.698 6.708 6.719 6.729 6.738 6.747 6.755 6.763 6.770 6.777 6.783 6.790 6.796 6.802 6.808 6.815 6.823 6.831 6.839 6.848 6.857 6.865 6.873 6.882 6.890 6.900 6.909 6.919 6.929 6.940 6.951 6.963 6.976 6.990 7.005 7.020 7.037 7.053 7.071 7.088 7.107 7.125 7.144 7.162 7.180 7.198 7.217 7.237 7.257 7.278 7.299 7.321 7.343 7.364
6.381 6.399 6.417 6.434 6.452 6.469 6.485 6.501 6.517 6.532 6.547 6.561 6.575 6.589 6.602 6.615 6.628 6.641 6.653 6.666 6.677 6.688 6.699 6.710 6.721 6.732 6.743 6.753 6.763 6.772 6.780 6.788 6.796 6.803 6.810 6.816 6.822 6.829 6.836 6.843 6.851 6.859 6.868 6.876 6.884 6.892 6.900 6.909 6.918 6.927 6.937 6.947 6.957 6.968 6.980 6.993 7.006 7.021 7.036 7.052 7.069 7.086 7.104 7.122 7.141 7.160 7.178 7.196 7.214 7.233 7.253 7.273 7.294 7.315 7.338 7.360 7.381
6.387 6.405 6.423 6.441 6.459 6.476 6.493 6.509 6.525 6.541 6.556 6.571 6.585 6.599 6.612 6.626 6.639 6.652 6.664 6.677 6.689 6.700 6.711 6.722 6.733 6.745 6.756 6.767 6.777 6.787 6.797 6.806 6.814 6.822 6.829 6.836 6.843 6.850 6.857 6.864 6.872 6.880 6.888 6.896 6.904 6.912 6.920 6.929 6.938 6.947 6.956 6.966 6.976 6.986 6.998 7.010 7.023 7.038 7.053 7.069 7.085 7.103 7.120 7.139 7.157 7.176 7.194 7.212 7.230 7.249 7.269 7.289 7.310 7.332 7.354 7.376 7.397
6.392 6.411 6.429 6.447 6.465 6.483 6.500 6.517 6.533 6.549 6.565 6.580 6.595 6.609 6.623 6.636 6.650 6.663 6.676 6.688 6.700 6.711 6.723 6.734 6.746 6.758 6.769 6.781 6.792 6.802 6.812 6.822 6.831 6.839 6.848 6.855 6.863 6.870 6.877 6.885 6.892 6.901 6.909 6.917 6.925 6.933 6.941 6.950 6.959 6.968 6.977 6.986 6.996 7.006 7.017 7.029 7.042 7.056 7.071 7.086 7.103 7.120 7.138 7.156 7.174 7.193 7.211 7.229 7.247 7.266 7.285 7.306 7.327 7.349 7.371 7.392 7.413
6.398 6.417 6.435 6.454 6.472 6.490 6.507 6.525 6.541 6.558 6.574 6.589 6.604 6.619 6.633 6.647 6.661 6.674 6.687 6.700 6.712 6.724 6.735 6.747 6.759 6.771 6.783 6.794 6.806 6.817 6.828 6.838 6.847 6.857 6.865 6.874 6.882 6.890 6.897 6.905 6.913 6.921 6.930 6.938 6.946 6.954 6.963 6.972 6.981 6.989 6.998 7.008 7.017 7.027 7.038 7.049 7.062 7.075 7.090 7.105 7.122 7.139 7.156 7.174 7.193 7.211 7.229 7.247 7.265 7.283 7.303 7.323 7.344 7.365 7.387 7.408 7.428
6.403 6.422 6.441 6.460 6.478 6.496 6.514 6.532 6.549 6.566 6.582 6.598 6.614 6.629 6.644 6.658 6.672 6.686 6.699 6.713 6.725 6.736 6.748 6.760 6.772 6.784 6.796 6.808 6.820 6.831 6.842 6.853 6.864 6.873 6.883 6.892 6.900 6.909 6.917 6.925 6.933 6.942 6.951 6.959 6.968 6.976 6.985 6.994 7.003 7.012 7.021 7.030 7.039 7.049 7.060 7.071 7.083 7.096 7.110 7.125 7.141 7.158 7.176 7.194 7.212 7.230 7.248 7.266 7.283 7.301 7.320 7.340 7.361 7.382 7.403 7.424 7.443
6.408 6.427 6.446 6.465 6.484 6.503 6.521 6.539 6.557 6.574 6.591 6.607 6.623 6.639 6.654 6.669 6.683 6.697 6.711 6.725 6.737 6.749 6.761 6.773 6.785 6.798 6.810 6.822 6.834 6.846 6.857 6.869 6.879 6.890 6.900 6.909 6.919 6.927 6.936 6.945 6.953 6.962 6.972 6.980 6.989 6.997 7.006 7.016 7.025 7.034 7.044 7.053 7.062 7.072 7.082 7.093 7.105 7.117 7.131 7.146 7.162 7.179 7.196 7.214 7.232 7.250 7.268 7.285 7.302 7.320 7.339 7.358 7.378 7.399 7.419 7.440 7.458
6.413 6.432 6.451 6.470 6.489 6.508 6.527 6.545 6.563 6.581 6.599 6.616 6.632 6.648 6.664 6.679 6.694 6.709 6.723 6.737 6.750 6.762 6.774 6.787 6.799 6.811 6.824 6.836 6.848 6.860 6.872 6.884 6.895 6.906 6.917 6.927 6.936 6.946 6.955 6.964 6.973 6.982 6.992 7.001 7.010 7.019 7.028 7.038 7.047 7.057 7.066 7.076 7.085 7.095 7.105 7.116 7.127 7.139 7.153 7.168 7.183 7.200 7.217 7.235 7.253 7.271 7.289 7.305 7.322 7.339 7.357 7.376 7.395 7.415 7.436 7.455 7.473
6.417 6.436 6.456 6.475 6.494 6.513 6.532 6.551 6.570 6.588 6.606 6.623 6.641 6.657 6.674 6.690 6.705 6.720 6.735 6.749 6.763 6.775 6.787 6.800 6.812 6.825 6.838 6.850 6.863 6.875 6.887 6.899 6.911 6.922 6.933 6.944 6.954 6.964 6.974 6.983 6.993 7.002 7.012 7.022 7.030 7.040 7.049 7.059 7.069 7.079 7.089 7.099 7.109 7.118 7.128 7.139 7.150 7.162 7.175 7.190 7.205 7.221 7.239 7.256 7.274 7.292 7.310 7.326 7.342 7.359 7.376 7.394 7.413 7.432 7.452 7.471 7.489
6.421 6.440 6.460 6.479 6.499 6.518 6.537 6.556 6.575 6.594 6.613 6.631 6.648 6.666 6.683 6.699 6.715 6.731 6.746 6.761 6.775 6.787 6.800 6.813 6.826 6.839 6.851 6.864 6.877 6.889 6.902 6.914 6.926 6.938 6.949 6.961 6.971 6.982 6.992 7.002 7.012 7.022 7.032 7.042 7.051 7.061 7.071 7.081 7.091 7.102 7.112 7.122 7.132 7.142 7.152 7.162 7.173 7.185 7.198 7.212 7.227 7.243 7.260 7.278 7.296 7.314 7.331 7.347 7.363 7.379 7.395 7.413 7.431 7.449 7.469 7.488 7.505
6.425 6.444 6.463 6.483 6.503 6.522 6.542 6.561 6.580 6.600 6.618 6.637 6.655 6.673 6.691 6.708 6.724 6.741 6.756 6.772 6.786 6.799 6.812 6.826 6.839 6.852 6.865 6.878 6.891 6.904 6.916 6.929 6.941 6.953 6.965 6.977 6.988 6.999 7.010 7.021 7.031 7.041 7.052 7.062 7.072 7.082 7.092 7.102 7.113 7.124 7.134 7.145 7.155 7.165 7.175 7.185 7.196 7.208 7.220 7.234 7.249 7.265 7.282 7.300 7.317 7.335 7.352 7.368 7.383 7.398 7.414 7.431 7.448 7.467 7.486 7.505 7.523
