version1/TsunamiDB/out54172.asc
ncols          264
nrows          230
xllcorner      497853.4375
yllcorner      4229146.0000
cellsize         5.
NODATA_value   -99
[rows 0 to 33 of 230, columns 0 to 76 of 264]
5.201 5.217 5.234 5.251 5.268 5.285 5.303 5.320 5.337 5.355 5.372 5.389 5.406 5.423 5.439 5.456 5.471 5.486 5.500 5.514 5.528 5.541 5.555 5.568 5.581 5.593 5.606 5.618 5.630 5.641 5.653 5.664 5.675 5.686 5.697 5.708 5.719 5.730 5.741 5.751 5.761 5.770 5.779 5.789 5.798 5.807 5.816 5.826 5.835 5.844 5.854 5.863 5.872 5.881 5.891 5.900 5.909 5.918 5.928 5.937 5.947 5.957 5.967 5.976 5.985 5.994 6.003 6.012 6.021 6.030 6.039 6.048 6.057 6.067 6.076 6.085 6.094
5.205 5.221 5.238 5.254 5.271 5.288 5.305 5.322 5.339 5.356 5.373 5.390 5.407 5.424 5.440 5.457 5.473 5.487 5.502 5.516 5.530 5.544 5.558 5.571 5.584 5.597 5.609 5.622 5.634 5.645 5.657 5.668 5.680 5.691 5.702 5.713 5.724 5.734 5.746 5.756 5.765 5.775 5.784 5.793 5.803 5.812 5.821 5.830 5.840 5.849 5.858 5.867 5.877 5.886 5.895 5.904 5.913 5.923 5.932 5.941 5.951 5.961 5.971 5.980 5.989 5.997 6.006 6.015 6.024 6.033 6.042 6.051 6.060 6.069 6.078 6.087 6.096
5.210 5.226 5.242 5.258 5.274 5.291 5.307 5.324 5.340 5.357 5.374 5.391 5.408 5.424 5.441 5.458 5.474 5.489 5.503 5.518 5.532 5.546 5.560 5.574 5.587 5.600 5.613 5.625 5.637 5.649 5.661 5.673 5.684 5.695 5.706 5.717 5.728 5.739 5.750 5.761 5.770 5.779 5.789 5.798 5.807 5.817 5.826 5.835 5.844 5.854 5.863 5.872 5.881 5.890 5.899 5.909 5.918 5.927 5.936 5.946 5.955 5.965 5.974 5.983 5.992 6.001 6.010 6.018 6.027 6.036 6.045 6.054 6.063 6.072 6.081 6.090 6.099
5.215 5.231 5.246 5.262 5.278 5.294 5.310 5.326 5.342 5.359 5.375 5.392 5.409 5.425 5.442 5.459 5.475 5.489 5.504 5.519 5.534 5.548 5.562 5.576 5.589 5.603 5.616 5.628 5.641 5.653 5.665 5.677 5.688 5.699 5.711 5.722 5.733 5.744 5.755 5.765 5.775 5.784 5.793 5.803 5.812 5.821 5.830 5.840 5.849 5.858 5.867 5.876 5.886 5.895 5.904 5.913 5.922 5.931 5.940 5.950 5.959 5.969 5.978 5.987 5.996 6.004 6.013 6.022 6.030 6.039 6.048 6.057 6.066 6.075 6.084 6.093 6.102
5.221 5.236 5.251 5.266 5.282 5.297 5.313 5.329 5.345 5.361 5.377 5.393 5.410 5.426 5.443 5.459 5.475 5.490 5.505 5.520 5.535 5.549 5.564 5.578 5.591 5.605 5.618 5.631 5.644 5.656 5.668 5.680 5.692 5.703 5.715 5.726 5.737 5.748 5.759 5.769 5.779 5.788 5.798 5.807 5.816 5.826 5.835 5.844 5.853 5.862 5.872 5.881 5.890 5.899 5.908 5.917 5.926 5.935 5.944 5.954 5.963 5.973 5.982 5.990 5.999 6.008 6.016 6.025 6.033 6.042 6.051 6.060 6.069 6.077 6.086 6.095 6.104
5.227 5.242 5.256 5.271 5.286 5.301 5.316 5.332 5.347 5.363 5.379 5.395 5.411 5.427 5.443 5.460 5.476 5.491 5.506 5.520 5.535 5.550 5.565 5.579 5.593 5.607 5.620 5.634 5.647 5.659 5.672 5.684 5.695 5.707 5.718 5.730 5.741 5.752 5.763 5.774 5.783 5.793 5.802 5.811 5.821 5.830 5.839 5.848 5.858 5.867 5.876 5.885 5.894 5.903 5.912 5.921 5.930 5.939 5.948 5.957 5.967 5.976 5.986 5.994 6.003 6.011 6.019 6.028 6.036 6.045 6.054 6.062 6.071 6.080 6.089 6.098 6.107
5.233 5.247 5.262 5.276 5.291 5.306 5.320 5.335 5.351 5.366 5.381 5.397 5.412 5.428 5.444 5.461 5.476 5.491 5.506 5.521 5.536 5.550 5.565 5.580 5.594 5.608 5.622 5.635 5.649 5.662 5.674 5.686 5.699 5.710 5.722 5.733 5.745 5.756 5.767 5.778 5.787 5.797 5.806 5.816 5.825 5.834 5.843 5.853 5.862 5.871 5.880 5.889 5.898 5.907 5.916 5.925 5.934 5.943 5.952 5.961 5.971 5.980 5.989 5.998 6.006 6.014 6.023 6.031 6.040 6.048 6.057 6.065 6.074 6.083 6.092 6.100 6.109
5.240 5.254 5.268 5.282 5.296 5.310 5.325 5.339 5.354 5.369 5.384 5.399 5.414 5.430 5.446 5.462 5.477 5.491 5.506 5.521 5.536 5.551 5.566 5.580 5.595 5.609 5.623 5.637 5.650 5.663 5.676 5.689 5.701 5.713 5.725 5.737 5.748 5.759 5.771 5.781 5.791 5.801 5.810 5.820 5.829 5.838 5.847 5.857 5.866 5.875 5.884 5.893 5.902 5.911 5.920 5.929 5.938 5.947 5.956 5.965 5.974 5.984 5.993 6.001 6.009 6.018 6.026 6.034 6.043 6.051 6.059 6.068 6.077 6.085 6.094 6.103 6.112
5.246 5.260 5.274 5.288 5.302 5.316 5.330 5.344 5.358 5.373 5.387 5.402 5.417 5.432 5.447 5.463 5.478 5.492 5.507 5.521 5.536 5.551 5.566 5.580 5.595 5.609 5.624 5.638 5.651 5.665 5.678 5.691 5.703 5.716 5.728 5.739 5.751 5.763 5.774 5.785 5.795 5.804 5.814 5.823 5.833 5.842 5.851 5.861 5.870 5.879 5.888 5.897 5.906 5.915 5.924 5.933 5.942 5.951 5.960 5.969 5.978 5.987 5.996 6.005 6.013 6.021 6.029 6.037 6.046 6.054 6.062 6.071 6.079 6.088 6.097 6.105 6.114
5.254 5.267 5.281 5.294 5.308 5.321 5.335 5.349 5.363 5.377 5.391 5.405 5.420 5.434 5.449 5.465 5.479 5.493 5.507 5.522 5.536 5.551 5.566 5.580 5.595 5.609 5.624 5.638 5.652 5.666 5.679 5.692 5.705 5.717 5.730 5.742 5.754 5.765 5.777 5.788 5.798 5.808 5.818 5.827 5.837 5.846 5.855 5.865 5.874 5.883 5.892 5.901 5.910 5.919 5.928 5.937 5.946 5.955 5.964 5.973 5.982 5.991 6.000 6.008 6.016 6.024 6.032 6.040 6.049 6.057 6.065 6.073 6.082 6.090 6.099 6.108 6.116
5.261 5.274 5.288 5.301 5.314 5.327 5.341 5.354 5.368 5.381 5.395 5.409 5.423 5.437 5.452 5.467 5.481 5.494 5.508 5.522 5.536 5.551 5.566 5.580 5.595 5.609 5.624 5.638 5.652 5.666 5.679 5.693 5.706 5.719 5.731 5.744 5.756 5.768 5.780 5.791 5.801 5.811 5.821 5.831 5.840 5.850 5.859 5.868 5.878 5.887 5.896 5.905 5.914 5.923 5.932 5.941 5.950 5.958 5.967 5.976 5.985 5.994 6.003 6.011 6.019 6.027 6.035 6.043 6.052 6.060 6.068 6.076 6.085 6.093 6.101 6.110 6.119
5.269 5.282 5.295 5.308 5.321 5.334 5.347 5.360 5.373 5.386 5.400 5.413 5.427 5.441 5.455 5.470 5.483 5.496 5.509 5.523 5.537 5.551 5.566 5.580 5.594 5.609 5.623 5.638 5.652 5.666 5.679 5.693 5.706 5.719 5.732 5.745 5.757 5.770 5.782 5.793 5.804 5.814 5.824 5.834 5.843 5.853 5.862 5.872 5.881 5.890 5.900 5.909 5.918 5.927 5.936 5.944 5.953 5.962 5.971 5.980 5.989 5.998 6.007 6.015 6.023 6.031 6.039 6.046 6.054 6.063 6.071 6.079 6.087 6.095 6.104 6.112 6.121
5.278 5.291 5.303 5.316 5.328 5.341 5.354 5.366 5.379 5.392 5.405 5.418 5.431 5.445 5.459 5.473 5.485 5.498 5.511 5.525 5.538 5.552 5.566 5.580 5.594 5.609 5.623 5.637 5.651 5.665 5.679 5.693 5.706 5.720 5.733 5.746 5.758 5.771 5.784 5.795 5.806 5.816 5.826 5.836 5.846 5.856 5.866 5.875 5.885 5.894 5.903 5.912 5.921 5.930 5.939 5.948 5.957 5.966 5.974 5.983 5.992 6.001 6.010 6.018 6.026 6.034 6.042 6.050 6.057 6.065 6.073 6.082 6.090 6.098 6.106 6.115 6.123
5.287 5.300 5.312 5.324 5.336 5.349 5.361 5.373 5.386 5.398 5.411 5.424 5.437 5.450 5.463 5.476 5.489 5.501 5.514 5.527 5.540 5.553 5.567 5.581 5.595 5.608 5.623 5.637 5.651 5.665 5.678 5.692 5.706 5.719 5.733 5.746 5.759 5.772 5.784 5.796 5.807 5.818 5.828 5.839 5.849 5.859 5.868 5.878 5.888 5.897 5.906 5.916 5.925 5.934 5.943 5.952 5.960 5.969 5.978 5.987 5.996 6.005 6.013 6.021 6.029 6.037 6.045 6.053 6.060 6.068 6.076 6.084 6.092 6.100 6.109 6.117 6.125
5.297 5.309 5.321 5.333 5.345 5.357 5.369 5.381 5.393 5.405 5.418 5.430 5.443 5.455 5.468 5.481 5.493 5.505 5.517 5.529 5.542 5.555 5.568 5.582 5.595 5.609 5.622 5.636 5.650 5.664 5.678 5.691 5.705 5.719 5.732 5.745 5.759 5.772 5.785 5.797 5.808 5.819 5.830 5.840 5.851 5.861 5.871 5.881 5.890 5.900 5.909 5.919 5.928 5.937 5.946 5.955 5.964 5.972 5.981 5.990 5.999 6.008 6.017 6.025 6.032 6.040 6.048 6.056 6.063 6.071 6.079 6.087 6.095 6.103 6.111 6.119 6.127
5.308 5.319 5.331 5.343 5.354 5.366 5.378 5.389 5.401 5.413 5.425 5.437 5.449 5.461 5.474 5.486 5.497 5.509 5.521 5.533 5.545 5.558 5.570 5.583 5.596 5.609 5.623 5.636 5.650 5.663 5.677 5.691 5.704 5.718 5.731 5.745 5.758 5.771 5.785 5.797 5.808 5.819 5.830 5.841 5.852 5.862 5.873 5.883 5.893 5.902 5.912 5.922 5.931 5.940 5.949 5.958 5.967 5.976 5.985 5.993 6.002 6.012 6.020 6.028 6.035 6.043 6.051 6.059 6.066 6.074 6.082 6.090 6.098 6.105 6.114 6.122 6.130
5.319 5.330 5.342 5.353 5.364 5.376 5.387 5.399 5.410 5.421 5.433 5.445 5.456 5.468 5.480 5.492 5.503 5.514 5.525 5.537 5.549 5.561 5.573 5.585 5.598 5.611 5.624 5.637 5.650 5.663 5.677 5.690 5.703 5.717 5.730 5.744 5.757 5.771 5.784 5.796 5.808 5.819 5.831 5.842 5.853 5.863 5.874 5.884 5.894 5.904 5.914 5.924 5.933 5.943 5.952 5.961 5.970 5.979 5.988 5.997 6.006 6.015 6.023 6.031 6.038 6.046 6.054 6.061 6.069 6.077 6.085 6.092 6.100 6.108 6.116 6.124 6.132
5.330 5.341 5.353 5.364 5.375 5.386 5.397 5.408 5.420 5.431 5.442 5.453 5.464 5.476 5.488 5.499 5.509 5.520 5.531 5.542 5.553 5.565 5.577 5.589 5.601 5.613 5.625 5.638 5.651 5.664 5.677 5.690 5.703 5.716 5.729 5.743 5.756 5.770 5.783 5.795 5.807 5.819 5.830 5.842 5.853 5.864 5.875 5.885 5.896 5.906 5.916 5.926 5.935 5.945 5.954 5.963 5.972 5.981 5.990 6.000 6.009 6.018 6.026 6.034 6.041 6.049 6.057 6.064 6.072 6.080 6.087 6.095 6.103 6.111 6.118 6.126 6.134
5.342 5.353 5.364 5.376 5.386 5.397 5.408 5.419 5.430 5.441 5.452 5.462 5.473 5.485 5.496 5.507 5.517 5.527 5.537 5.548 5.559 5.570 5.581 5.593 5.604 5.616 5.628 5.640 5.652 5.665 5.677 5.690 5.703 5.716 5.729 5.742 5.755 5.769 5.782 5.794 5.806 5.818 5.829 5.841 5.852 5.863 5.875 5.885 5.896 5.907 5.917 5.927 5.937 5.947 5.956 5.965 5.975 5.984 5.993 6.002 6.012 6.021 6.029 6.036 6.044 6.052 6.060 6.067 6.075 6.082 6.090 6.098 6.105 6.113 6.121 6.129 6.136
5.355 5.366 5.377 5.388 5.398 5.409 5.420 5.430 5.441 5.452 5.462 5.473 5.483 5.494 5.505 5.515 5.525 5.535 5.545 5.555 5.565 5.576 5.587 5.598 5.609 5.620 5.631 5.643 5.655 5.667 5.679 5.691 5.703 5.716 5.728 5.741 5.754 5.768 5.780 5.792 5.804 5.816 5.828 5.840 5.851 5.863 5.874 5.885 5.896 5.907 5.917 5.928 5.938 5.948 5.958 5.967 5.977 5.986 5.995 6.005 6.014 6.023 6.031 6.039 6.047 6.055 6.062 6.070 6.077 6.085 6.093 6.100 6.108 6.116 6.123 6.131 6.139
5.367 5.378 5.389 5.400 5.411 5.421 5.432 5.442 5.453 5.463 5.473 5.484 5.494 5.504 5.515 5.525 5.534 5.544 5.553 5.563 5.573 5.583 5.593 5.604 5.614 5.625 5.636 5.647 5.658 5.670 5.681 5.693 5.705 5.717 5.729 5.741 5.754 5.767 5.780 5.791 5.803 5.815 5.827 5.838 5.850 5.861 5.873 5.884 5.895 5.906 5.917 5.928 5.938 5.948 5.958 5.968 5.978 5.987 5.997 6.006 6.016 6.025 6.033 6.041 6.049 6.057 6.065 6.072 6.080 6.088 6.095 6.103 6.110 6.118 6.126 6.133 6.141
5.380 5.391 5.402 5.413 5.423 5.434 5.444 5.455 5.465 5.475 5.485 5.495 5.505 5.516 5.526 5.536 5.545 5.554 5.563 5.572 5.582 5.591 5.601 5.611 5.621 5.631 5.642 5.652 5.663 5.674 5.685 5.696 5.707 5.719 5.730 5.742 5.754 5.767 5.779 5.791 5.802 5.814 5.825 5.837 5.848 5.860 5.871 5.883 5.894 5.905 5.916 5.927 5.938 5.948 5.959 5.969 5.979 5.988 5.998 6.008 6.018 6.027 6.035 6.043 6.051 6.059 6.067 6.075 6.082 6.090 6.098 6.105 6.113 6.120 6.128 6.136 6.143
5.392 5.403 5.414 5.425 5.436 5.447 5.457 5.467 5.477 5.488 5.498 5.508 5.518 5.528 5.538 5.547 5.556 5.565 5.573 5.582 5.591 5.601 5.610 5.619 5.629 5.639 5.649 5.659 5.669 5.679 5.689 5.700 5.711 5.722 5.733 5.744 5.756 5.768 5.780 5.791 5.802 5.813 5.824 5.836 5.847 5.859 5.870 5.881 5.893 5.904 5.915 5.926 5.937 5.948 5.958 5.969 5.979 5.989 5.999 6.009 6.018 6.028 6.036 6.045 6.053 6.061 6.069 6.077 6.084 6.092 6.100 6.107 6.115 6.122 6.130 6.138 6.145
5.404 5.416 5.427 5.438 5.449 5.459 5.470 5.480 5.490 5.500 5.510 5.520 5.530 5.540 5.550 5.559 5.568 5.576 5.585 5.593 5.602 5.611 5.620 5.629 5.638 5.647 5.657 5.666 5.676 5.685 5.695 5.705 5.715 5.726 5.736 5.747 5.758 5.770 5.781 5.792 5.802 5.813 5.824 5.835 5.846 5.857 5.869 5.880 5.891 5.903 5.914 5.925 5.936 5.947 5.957 5.968 5.978 5.988 5.999 6.009 6.019 6.028 6.037 6.046 6.054 6.062 6.070 6.078 6.086 6.094 6.102 6.109 6.117 6.124 6.132 6.140 6.147
5.416 5.428 5.439 5.450 5.461 5.472 5.482 5.493 5.503 5.513 5.523 5.533 5.543 5.553 5.563 5.572 5.580 5.589 5.597 5.605 5.614 5.622 5.631 5.640 5.648 5.657 5.666 5.675 5.684 5.693 5.702 5.712 5.721 5.731 5.741 5.751 5.762 5.773 5.784 5.794 5.804 5.814 5.824 5.835 5.846 5.857 5.868 5.879 5.890 5.901 5.912 5.923 5.934 5.945 5.956 5.967 5.977 5.988 5.998 6.008 6.019 6.028 6.037 6.046 6.055 6.063 6.071 6.079 6.087 6.095 6.103 6.111 6.119 6.126 6.134 6.141 6.149
5.428 5.439 5.451 5.462 5.473 5.484 5.494 5.505 5.515 5.526 5.536 5.546 5.556 5.566 5.576 5.585 5.593 5.601 5.610 5.618 5.626 5.634 5.643 5.651 5.659 5.668 5.676 5.685 5.693 5.702 5.711 5.720 5.729 5.738 5.747 5.757 5.767 5.777 5.787 5.797 5.806 5.816 5.826 5.836 5.846 5.857 5.868 5.878 5.889 5.900 5.911 5.922 5.933 5.944 5.955 5.965 5.976 5.986 5.997 6.007 6.018 6.028 6.037 6.046 6.055 6.063 6.072 6.080 6.088 6.096 6.104 6.112 6.120 6.128 6.135 6.143 6.151
5.439 5.450 5.462 5.473 5.484 5.495 5.506 5.517 5.528 5.538 5.548 5.559 5.569 5.579 5.589 5.598 5.606 5.614 5.623 5.631 5.639 5.647 5.655 5.663 5.672 5.680 5.688 5.696 5.704 5.712 5.721 5.729 5.738 5.746 5.755 5.764 5.773 5.783 5.793 5.801 5.810 5.819 5.829 5.838 5.848 5.858 5.868 5.879 5.889 5.900 5.910 5.921 5.932 5.942 5.953 5.964 5.974 5.985 5.995 6.006 6.017 6.027 6.036 6.045 6.054 6.063 6.072 6.080 6.088 6.097 6.105 6.113 6.121 6.129 6.136 6.144 6.152
5.449 5.461 5.472 5.484 5.495 5.507 5.518 5.529 5.539 5.550 5.561 5.571 5.581 5.592 5.602 5.611 5.619 5.627 5.636 5.644 5.652 5.660 5.668 5.676 5.684 5.692 5.700 5.708 5.716 5.724 5.732 5.740 5.748 5.756 5.764 5.773 5.781 5.790 5.799 5.807 5.816 5.824 5.833 5.842 5.851 5.860 5.870 5.880 5.890 5.900 5.910 5.920 5.931 5.941 5.952 5.962 5.973 5.983 5.994 6.005 6.015 6.026 6.035 6.044 6.053 6.062 6.071 6.080 6.088 6.097 6.105 6.113 6.121 6.129 6.137 6.145 6.153
5.459 5.471 5.483 5.494 5.506 5.517 5.528 5.540 5.551 5.561 5.572 5.583 5.593 5.604 5.614 5.623 5.632 5.640 5.649 5.657 5.665 5.674 5.682 5.690 5.698 5.705 5.713 5.721 5.728 5.736 5.744 5.751 5.759 5.766 5.774 5.782 5.791 5.799 5.807 5.815 5.823 5.830 5.839 5.847 5.855 5.864 5.873 5.882 5.892 5.901 5.911 5.921 5.931 5.941 5.951 5.961 5.972 5.982 5.993 6.003 6.014 6.024 6.034 6.043 6.052 6.061 6.070 6.079 6.087 6.096 6.104 6.113 6.121 6.129 6.137 6.145 6.153
5.468 5.480 5.492 5.504 5.516 5.527 5.539 5.550 5.561 5.572 5.583 5.594 5.605 5.616 5.626 5.635 5.644 5.653 5.661 5.670 5.678 5.687 5.695 5.703 5.711 5.719 5.727 5.734 5.742 5.749 5.756 5.764 5.771 5.778 5.786 5.793 5.801 5.809 5.817 5.824 5.831 5.838 5.846 5.853 5.861 5.869 5.878 5.886 5.895 5.904 5.913 5.923 5.932 5.942 5.951 5.961 5.971 5.981 5.992 6.002 6.012 6.023 6.032 6.041 6.050 6.060 6.069 6.077 6.086 6.095 6.103 6.112 6.120 6.129 6.137 6.145 6.153
5.477 5.490 5.502 5.513 5.525 5.537 5.548 5.560 5.571 5.582 5.594 5.605 5.616 5.627 5.637 5.647 5.656 5.665 5.674 5.682 5.691 5.700 5.708 5.716 5.724 5.732 5.740 5.748 5.755 5.762 5.770 5.777 5.784 5.791 5.798 5.806 5.813 5.821 5.828 5.834 5.841 5.847 5.854 5.861 5.869 5.876 5.884 5.892 5.900 5.908 5.917 5.926 5.935 5.944 5.953 5.962 5.972 5.981 5.991 6.001 6.012 6.021 6.031 6.040 6.049 6.058 6.067 6.076 6.085 6.093 6.102 6.111 6.119 6.128 6.136 6.144 6.152
5.486 5.498 5.510 5.522 5.534 5.546 5.558 5.569 5.581 5.592 5.604 5.615 5.626 5.637 5.648 5.657 5.667 5.676 5.685 5.694 5.703 5.712 5.721 5.729 5.737 5.746 5.753 5.761 5.769 5.776 5.783 5.790 5.798 5.804 5.811 5.819 5.826 5.833 5.840 5.846 5.852 5.858 5.864 5.871 5.878 5.885 5.892 5.899 5.907 5.914 5.922 5.930 5.939 5.947 5.956 5.964 5.973 5.982 5.992 6.002 6.011 6.021 6.030 6.039 6.048 6.057 6.065 6.074 6.083 6.092 6.101 6.109 6.118 6.126 6.135 6.143 6.151
5.495 5.507 5.519 5.531 5.543 5.555 5.567 5.578 5.590 5.601 5.613 5.624 5.636 5.647 5.658 5.668 5.677 5.687 5.696 5.706 5.715 5.724 5.733 5.741 5.750 5.758 5.766 5.774 5.782 5.790 5.797 5.804 5.811 5.818 5.825 5.832 5.839 5.847 5.853 5.858 5.864 5.870 5.876 5.882 5.888 5.894 5.901 5.908 5.915 5.922 5.929 5.936 5.944 5.952 5.960 5.968 5.976 5.985 5.994 6.003 6.013 6.022 6.030 6.039 6.047 6.056 6.064 6.073 6.082 6.090 6.099 6.108 6.116 6.125 6.133 6.142 6.150
5.503 5.515 5.528 5.540 5.551 5.563 5.575 5.587 5.599 5.610 5.622 5.633 5.645 5.656 5.667 5.677 5.687 5.697 5.707 5.716 5.726 5.735 5.744 5.753 5.762 5.770 5.779 5.787 5.795 5.803 5.810 5.818 5.825 5.832 5.839 5.846 5.853 5.860 5.866 5.872 5.877 5.883 5.888 5.894 5.900 5.906 5.912 5.918 5.924 5.931 5.937 5.944 5.951 5.958 5.966 5.973 5.981 5.989 5.997 6.006 6.015 6.023 6.031 6.039 6.047 6.056 6.064 6.072 6.081 6.089 6.098 6.106 6.115 6.123 6.132 6.140 6.149
