version1/TsunamiDB/out54187.asc
ncols          264
nrows          230
xllcorner      497853.4375
yllcorner      4229146.0000
cellsize         5.
NODATA_value   -99
[rows 102 to 135 of 230, columns 77 to 153 of 264]
6.504 6.506 6.509 6.511 6.513 6.515 6.517 6.519 6.522 6.524 6.527 6.530 6.532 6.535 6.539 6.542 6.545 6.549 6.553 6.557 6.561 6.565 6.570 6.574 6.579 6.585 6.590 6.595 6.600 6.605 6.610 6.616 6.622 6.627 6.633 6.639 6.645 6.651 6.657 6.663 6.669 6.675 6.681 6.687 6.693 6.700 6.706 6.713 6.719 6.726 6.732 6.739 6.745 6.752 6.758 6.764 6.771 6.777 6.784 6.790 6.797 6.803 6.809 6.816 6.822 6.828 6.834 6.839 6.845 6.850 6.856 6.861 6.866 6.871 6.875 6.879 6.883
6.510 6.513 6.515 6.517 6.519 6.521 6.523 6.525 6.527 6.530 6.532 6.535 6.538 6.540 6.543 6.547 6.550 6.553 6.557 6.561 6.565 6.569 6.573 6.578 6.583 6.588 6.593 6.598 6.603 6.608 6.613 6.619 6.624 6.630 6.635 6.641 6.647 6.653 6.659 6.665 6.671 6.677 6.683 6.689 6.696 6.702 6.708 6.715 6.722 6.728 6.735 6.741 6.747 6.754 6.760 6.767 6.773 6.780 6.787 6.793 6.799 6.806 6.812 6.819 6.825 6.831 6.837 6.842 6.848 6.854 6.859 6.865 6.870 6.874 6.879 6.883 6.887
6.517 6.519 6.522 6.524 6.525 6.527 6.529 6.531 6.533 6.536 6.538 6.540 6.543 6.546 6.548 6.551 6.554 6.558 6.561 6.565 6.569 6.573 6.577 6.581 6.586 6.591 6.596 6.601 6.606 6.611 6.616 6.621 6.627 6.632 6.638 6.644 6.649 6.655 6.661 6.667 6.673 6.679 6.685 6.692 6.698 6.704 6.711 6.717 6.724 6.731 6.737 6.744 6.750 6.757 6.763 6.770 6.776 6.783 6.789 6.796 6.802 6.809 6.815 6.822 6.828 6.834 6.840 6.846 6.852 6.857 6.863 6.868 6.873 6.878 6.883 6.887 6.891
6.524 6.526 6.528 6.530 6.532 6.534 6.536 6.538 6.540 6.542 6.544 6.546 6.548 6.551 6.554 6.556 6.559 6.562 6.566 6.569 6.573 6.577 6.581 6.585 6.590 6.595 6.599 6.604 6.609 6.614 6.619 6.624 6.630 6.635 6.641 6.646 6.652 6.658 6.664 6.670 6.676 6.682 6.688 6.694 6.700 6.707 6.713 6.720 6.727 6.733 6.740 6.746 6.753 6.759 6.766 6.773 6.779 6.786 6.792 6.799 6.805 6.812 6.818 6.825 6.831 6.837 6.843 6.849 6.855 6.861 6.867 6.872 6.877 6.882 6.887 6.891 6.895
6.530 6.533 6.535 6.537 6.538 6.540 6.542 6.544 6.546 6.548 6.550 6.552 6.554 6.557 6.559 6.562 6.565 6.567 6.571 6.574 6.577 6.581 6.585 6.589 6.594 6.598 6.603 6.608 6.612 6.617 6.622 6.628 6.633 6.638 6.644 6.649 6.655 6.661 6.667 6.672 6.678 6.685 6.691 6.697 6.703 6.709 6.716 6.723 6.729 6.736 6.742 6.749 6.756 6.762 6.769 6.775 6.782 6.789 6.795 6.802 6.809 6.815 6.822 6.828 6.835 6.841 6.847 6.853 6.859 6.865 6.871 6.876 6.881 6.886 6.891 6.895 6.900
6.537 6.539 6.541 6.543 6.545 6.547 6.549 6.550 6.552 6.554 6.556 6.558 6.560 6.562 6.565 6.567 6.570 6.573 6.576 6.579 6.582 6.586 6.589 6.593 6.598 6.602 6.607 6.611 6.616 6.621 6.626 6.631 6.636 6.641 6.647 6.652 6.658 6.664 6.669 6.675 6.681 6.687 6.693 6.700 6.706 6.712 6.719 6.725 6.732 6.739 6.745 6.752 6.759 6.765 6.772 6.779 6.785 6.792 6.799 6.805 6.812 6.819 6.825 6.832 6.838 6.845 6.851 6.857 6.863 6.869 6.875 6.881 6.886 6.891 6.896 6.900 6.904
6.544 6.546 6.548 6.550 6.552 6.553 6.555 6.557 6.559 6.561 6.562 6.564 6.566 6.568 6.571 6.573 6.575 6.578 6.581 6.584 6.587 6.590 6.594 6.598 6.602 6.607 6.611 6.615 6.620 6.625 6.629 6.634 6.640 6.645 6.650 6.656 6.661 6.667 6.673 6.678 6.684 6.690 6.696 6.702 6.709 6.715 6.722 6.728 6.735 6.742 6.748 6.755 6.762 6.768 6.775 6.782 6.789 6.795 6.802 6.809 6.816 6.822 6.829 6.836 6.842 6.849 6.855 6.861 6.867 6.873 6.879 6.885 6.890 6.895 6.900 6.905 6.909
6.550 6.553 6.555 6.557 6.558 6.560 6.562 6.564 6.565 6.567 6.569 6.571 6.573 6.575 6.577 6.579 6.581 6.584 6.586 6.589 6.592 6.595 6.599 6.602 6.607 6.611 6.615 6.619 6.624 6.628 6.633 6.638 6.643 6.648 6.654 6.659 6.664 6.670 6.676 6.681 6.687 6.693 6.699 6.705 6.712 6.718 6.725 6.731 6.738 6.745 6.751 6.758 6.765 6.771 6.778 6.785 6.792 6.799 6.806 6.812 6.819 6.826 6.833 6.839 6.846 6.853 6.859 6.865 6.871 6.877 6.884 6.890 6.895 6.900 6.905 6.910 6.914
6.557 6.559 6.562 6.563 6.565 6.567 6.569 6.570 6.572 6.574 6.575 6.577 6.579 6.581 6.583 6.585 6.587 6.589 6.592 6.594 6.597 6.600 6.604 6.607 6.611 6.616 6.620 6.624 6.628 6.633 6.637 6.642 6.647 6.652 6.657 6.662 6.668 6.673 6.679 6.685 6.691 6.697 6.703 6.709 6.715 6.721 6.728 6.734 6.741 6.748 6.755 6.761 6.768 6.775 6.782 6.788 6.795 6.802 6.809 6.816 6.823 6.830 6.837 6.843 6.850 6.857 6.863 6.869 6.876 6.882 6.888 6.894 6.900 6.905 6.910 6.915 6.920
6.564 6.566 6.568 6.570 6.572 6.574 6.575 6.577 6.579 6.580 6.582 6.584 6.585 6.587 6.589 6.591 6.593 6.595 6.598 6.600 6.603 6.606 6.609 6.612 6.616 6.620 6.624 6.628 6.632 6.637 6.641 6.646 6.651 6.656 6.661 6.666 6.672 6.677 6.683 6.688 6.694 6.700 6.706 6.712 6.718 6.724 6.731 6.738 6.744 6.751 6.758 6.764 6.771 6.778 6.785 6.792 6.799 6.806 6.813 6.820 6.827 6.834 6.840 6.847 6.854 6.861 6.867 6.874 6.880 6.886 6.893 6.899 6.905 6.910 6.915 6.920 6.925
6.570 6.573 6.575 6.577 6.579 6.581 6.582 6.584 6.586 6.587 6.589 6.590 6.592 6.594 6.596 6.597 6.599 6.601 6.604 6.606 6.609 6.611 6.614 6.618 6.621 6.625 6.629 6.633 6.637 6.641 6.646 6.650 6.655 6.660 6.665 6.670 6.675 6.681 6.686 6.692 6.697 6.703 6.709 6.715 6.721 6.728 6.734 6.741 6.748 6.754 6.761 6.768 6.775 6.781 6.788 6.795 6.802 6.809 6.816 6.823 6.830 6.837 6.844 6.851 6.858 6.865 6.872 6.878 6.885 6.891 6.898 6.904 6.910 6.915 6.920 6.926 6.930
6.577 6.579 6.582 6.584 6.586 6.587 6.589 6.591 6.592 6.594 6.596 6.597 6.599 6.600 6.602 6.604 6.606 6.608 6.610 6.612 6.614 6.617 6.620 6.623 6.627 6.630 6.634 6.638 6.642 6.646 6.650 6.655 6.659 6.664 6.669 6.674 6.679 6.684 6.690 6.695 6.701 6.707 6.713 6.719 6.725 6.731 6.737 6.744 6.751 6.758 6.764 6.771 6.778 6.785 6.792 6.799 6.806 6.813 6.820 6.827 6.834 6.841 6.848 6.855 6.862 6.869 6.876 6.883 6.889 6.896 6.902 6.909 6.915 6.920 6.926 6.931 6.936
6.584 6.586 6.589 6.591 6.592 6.594 6.596 6.598 6.599 6.601 6.603 6.604 6.606 6.607 6.609 6.610 6.612 6.614 6.616 6.618 6.620 6.623 6.626 6.629 6.632 6.636 6.639 6.643 6.646 6.650 6.655 6.659 6.664 6.668 6.673 6.678 6.683 6.688 6.694 6.699 6.705 6.711 6.716 6.722 6.728 6.735 6.741 6.748 6.755 6.761 6.768 6.775 6.781 6.788 6.795 6.802 6.810 6.817 6.824 6.831 6.838 6.845 6.853 6.860 6.867 6.874 6.880 6.887 6.894 6.901 6.907 6.914 6.920 6.926 6.931 6.936 6.942
6.590 6.593 6.595 6.597 6.599 6.601 6.603 6.605 6.606 6.608 6.610 6.611 6.613 6.614 6.616 6.617 6.619 6.621 6.622 6.624 6.627 6.629 6.631 6.634 6.638 6.641 6.644 6.648 6.652 6.655 6.659 6.664 6.668 6.673 6.677 6.682 6.687 6.692 6.698 6.703 6.709 6.714 6.720 6.726 6.732 6.738 6.744 6.751 6.758 6.765 6.771 6.778 6.785 6.792 6.799 6.806 6.813 6.820 6.828 6.835 6.842 6.849 6.857 6.864 6.871 6.878 6.885 6.892 6.899 6.905 6.912 6.919 6.925 6.931 6.936 6.942 6.947
6.597 6.600 6.602 6.604 6.606 6.608 6.610 6.612 6.613 6.615 6.617 6.618 6.620 6.621 6.623 6.624 6.626 6.627 6.629 6.631 6.633 6.635 6.638 6.640 6.643 6.647 6.650 6.653 6.657 6.660 6.664 6.669 6.673 6.677 6.682 6.687 6.692 6.697 6.702 6.707 6.713 6.718 6.724 6.730 6.736 6.742 6.748 6.755 6.762 6.768 6.775 6.782 6.788 6.795 6.802 6.810 6.817 6.824 6.831 6.839 6.846 6.853 6.861 6.868 6.875 6.882 6.889 6.896 6.903 6.910 6.917 6.924 6.930 6.936 6.942 6.947 6.953
6.604 6.606 6.609 6.611 6.613 6.615 6.617 6.619 6.620 6.622 6.624 6.625 6.627 6.628 6.630 6.631 6.633 6.634 6.636 6.638 6.639 6.642 6.644 6.646 6.649 6.653 6.656 6.659 6.662 6.666 6.670 6.674 6.678 6.682 6.687 6.691 6.696 6.701 6.706 6.711 6.717 6.722 6.728 6.734 6.740 6.746 6.752 6.759 6.765 6.772 6.778 6.785 6.792 6.799 6.806 6.813 6.821 6.828 6.835 6.843 6.850 6.857 6.865 6.872 6.879 6.887 6.894 6.901 6.908 6.915 6.922 6.929 6.935 6.941 6.947 6.953 6.959
6.611 6.613 6.616 6.618 6.620 6.622 6.624 6.626 6.628 6.629 6.631 6.632 6.634 6.635 6.637 6.638 6.640 6.641 6.643 6.644 6.646 6.648 6.650 6.653 6.656 6.659 6.661 6.664 6.668 6.671 6.675 6.679 6.683 6.687 6.691 6.696 6.701 6.705 6.710 6.716 6.721 6.726 6.732 6.738 6.743 6.749 6.756 6.762 6.769 6.776 6.782 6.789 6.796 6.803 6.810 6.817 6.824 6.832 6.839 6.846 6.854 6.861 6.869 6.876 6.884 6.891 6.898 6.905 6.913 6.920 6.927 6.934 6.940 6.947 6.953 6.959 6.964
6.618 6.620 6.623 6.625 6.627 6.629 6.631 6.633 6.635 6.637 6.638 6.640 6.641 6.643 6.644 6.645 6.647 6.648 6.650 6.651 6.653 6.655 6.657 6.659 6.662 6.665 6.668 6.670 6.674 6.677 6.680 6.684 6.688 6.692 6.696 6.701 6.705 6.710 6.715 6.720 6.725 6.731 6.736 6.742 6.747 6.753 6.760 6.766 6.773 6.779 6.786 6.793 6.799 6.806 6.814 6.821 6.828 6.835 6.843 6.850 6.858 6.865 6.873 6.880 6.888 6.895 6.903 6.910 6.917 6.925 6.932 6.939 6.946 6.952 6.958 6.964 6.970
6.625 6.628 6.630 6.632 6.634 6.636 6.638 6.640 6.642 6.644 6.645 6.647 6.649 6.650 6.651 6.653 6.654 6.656 6.657 6.658 6.660 6.662 6.664 6.666 6.669 6.671 6.674 6.677 6.680 6.683 6.686 6.690 6.693 6.697 6.701 6.706 6.710 6.715 6.720 6.725 6.730 6.735 6.740 6.746 6.752 6.758 6.764 6.770 6.777 6.783 6.790 6.796 6.803 6.810 6.817 6.824 6.832 6.839 6.847 6.854 6.862 6.869 6.877 6.885 6.892 6.900 6.907 6.915 6.922 6.930 6.937 6.944 6.951 6.957 6.964 6.970 6.976
6.632 6.635 6.637 6.639 6.642 6.644 6.646 6.648 6.649 6.651 6.653 6.654 6.656 6.657 6.659 6.660 6.662 6.663 6.664 6.666 6.667 6.669 6.671 6.673 6.676 6.678 6.680 6.683 6.686 6.689 6.692 6.695 6.699 6.703 6.707 6.711 6.715 6.720 6.725 6.729 6.735 6.740 6.745 6.750 6.756 6.762 6.768 6.775 6.781 6.787 6.794 6.800 6.807 6.814 6.821 6.828 6.836 6.843 6.851 6.858 6.866 6.874 6.881 6.889 6.897 6.904 6.912 6.919 6.927 6.934 6.942 6.949 6.956 6.963 6.969 6.975 6.981
6.639 6.642 6.644 6.647 6.649 6.651 6.653 6.655 6.657 6.659 6.660 6.662 6.664 6.665 6.666 6.668 6.669 6.670 6.672 6.673 6.675 6.676 6.678 6.680 6.683 6.685 6.687 6.689 6.692 6.695 6.698 6.701 6.705 6.709 6.712 6.716 6.721 6.725 6.730 6.734 6.739 6.744 6.750 6.755 6.761 6.766 6.773 6.779 6.785 6.791 6.798 6.804 6.811 6.818 6.825 6.832 6.840 6.847 6.855 6.862 6.870 6.878 6.885 6.893 6.901 6.909 6.916 6.924 6.932 6.939 6.947 6.954 6.961 6.968 6.975 6.981 6.987
6.646 6.649 6.651 6.654 6.656 6.658 6.660 6.662 6.664 6.666 6.668 6.670 6.671 6.673 6.674 6.675 6.677 6.678 6.679 6.681 6.682 6.684 6.685 6.688 6.690 6.692 6.694 6.696 6.699 6.702 6.704 6.708 6.711 6.714 6.718 6.722 6.726 6.731 6.735 6.740 6.744 6.749 6.755 6.760 6.765 6.771 6.777 6.783 6.789 6.796 6.802 6.809 6.815 6.822 6.829 6.836 6.844 6.851 6.859 6.866 6.874 6.882 6.890 6.897 6.905 6.913 6.921 6.929 6.936 6.944 6.952 6.959 6.966 6.973 6.980 6.987 6.993
6.653 6.656 6.659 6.661 6.663 6.666 6.668 6.670 6.672 6.674 6.675 6.677 6.679 6.680 6.682 6.683 6.685 6.686 6.687 6.688 6.690 6.691 6.693 6.695 6.697 6.699 6.701 6.703 6.706 6.708 6.711 6.714 6.717 6.721 6.724 6.728 6.732 6.736 6.740 6.745 6.750 6.755 6.760 6.765 6.770 6.776 6.782 6.788 6.794 6.800 6.807 6.813 6.820 6.826 6.833 6.841 6.848 6.855 6.863 6.871 6.878 6.886 6.894 6.902 6.910 6.918 6.926 6.933 6.941 6.949 6.957 6.964 6.972 6.979 6.986 6.992 6.999
6.660 6.663 6.666 6.668 6.670 6.673 6.675 6.677 6.679 6.681 6.683 6.685 6.686 6.688 6.690 6.691 6.692 6.694 6.695 6.696 6.698 6.699 6.701 6.703 6.705 6.706 6.708 6.710 6.713 6.715 6.718 6.721 6.724 6.727 6.730 6.734 6.738 6.742 6.746 6.751 6.755 6.760 6.765 6.770 6.775 6.781 6.787 6.793 6.799 6.805 6.811 6.818 6.824 6.831 6.838 6.845 6.852 6.860 6.867 6.875 6.883 6.891 6.898 6.906 6.914 6.922 6.930 6.938 6.946 6.954 6.962 6.970 6.977 6.984 6.991 6.998 7.005
6.667 6.670 6.673 6.675 6.678 6.680 6.682 6.684 6.687 6.689 6.691 6.692 6.694 6.696 6.697 6.699 6.700 6.701 6.703 6.704 6.705 6.707 6.708 6.710 6.712 6.714 6.716 6.718 6.720 6.722 6.725 6.727 6.730 6.734 6.737 6.740 6.744 6.748 6.752 6.756 6.761 6.766 6.770 6.775 6.781 6.786 6.792 6.798 6.804 6.810 6.816 6.822 6.829 6.836 6.843 6.850 6.857 6.864 6.872 6.879 6.887 6.895 6.903 6.911 6.919 6.927 6.935 6.943 6.951 6.960 6.968 6.975 6.983 6.990 6.997 7.004 7.011
6.674 6.677 6.680 6.682 6.685 6.687 6.689 6.692 6.694 6.696 6.698 6.700 6.702 6.703 6.705 6.706 6.708 6.709 6.711 6.712 6.713 6.715 6.716 6.718 6.720 6.722 6.723 6.725 6.727 6.729 6.732 6.734 6.737 6.740 6.743 6.747 6.750 6.754 6.758 6.762 6.767 6.771 6.776 6.781 6.786 6.791 6.797 6.803 6.809 6.815 6.821 6.827 6.834 6.840 6.847 6.854 6.862 6.869 6.876 6.884 6.892 6.900 6.908 6.916 6.924 6.932 6.940 6.948 6.957 6.965 6.973 6.981 6.989 6.996 7.003 7.010 7.017
6.681 6.684 6.686 6.689 6.691 6.694 6.696 6.699 6.701 6.703 6.705 6.707 6.709 6.711 6.712 6.714 6.715 6.717 6.718 6.720 6.721 6.722 6.724 6.726 6.728 6.729 6.731 6.733 6.735 6.737 6.739 6.742 6.744 6.747 6.750 6.753 6.757 6.761 6.764 6.769 6.773 6.777 6.782 6.787 6.792 6.797 6.803 6.809 6.814 6.820 6.826 6.832 6.839 6.846 6.852 6.859 6.867 6.874 6.881 6.889 6.897 6.905 6.913 6.921 6.929 6.937 6.946 6.954 6.962 6.971 6.979 6.987 6.994 7.002 7.010 7.017 7.024
6.687 6.690 6.693 6.696 6.698 6.701 6.703 6.705 6.708 6.710 6.712 6.714 6.716 6.718 6.720 6.721 6.723 6.724 6.726 6.727 6.729 6.730 6.732 6.733 6.735 6.737 6.738 6.740 6.742 6.744 6.746 6.749 6.751 6.754 6.757 6.760 6.764 6.767 6.771 6.775 6.779 6.783 6.788 6.793 6.797 6.803 6.808 6.814 6.820 6.826 6.832 6.838 6.844 6.851 6.858 6.864 6.872 6.879 6.886 6.894 6.902 6.910 6.918 6.926 6.934 6.943 6.951 6.959 6.968 6.976 6.985 6.993 7.001 7.008 7.016 7.023 7.031
6.694 6.697 6.699 6.702 6.705 6.707 6.710 6.712 6.714 6.717 6.719 6.721 6.723 6.725 6.727 6.729 6.730 6.732 6.733 6.735 6.736 6.738 6.739 6.741 6.743 6.744 6.746 6.748 6.750 6.752 6.754 6.756 6.758 6.761 6.764 6.767 6.770 6.774 6.777 6.781 6.785 6.789 6.794 6.799 6.803 6.809 6.814 6.820 6.825 6.831 6.837 6.843 6.850 6.856 6.863 6.870 6.877 6.884 6.892 6.899 6.907 6.915 6.923 6.932 6.940 6.948 6.957 6.965 6.974 6.982 6.991 6.999 7.007 7.015 7.023 7.030 7.038
6.700 6.703 6.705 6.708 6.711 6.713 6.716 6.718 6.721 6.723 6.725 6.728 6.730 6.732 6.734 6.736 6.737 6.739 6.740 6.742 6.743 6.745 6.747 6.748 6.750 6.752 6.753 6.755 6.757 6.759 6.761 6.763 6.766 6.768 6.771 6.774 6.777 6.780 6.784 6.788 6.792 6.796 6.800 6.805 6.809 6.814 6.820 6.826 6.831 6.837 6.843 6.849 6.855 6.862 6.868 6.875 6.882 6.890 6.897 6.905 6.913 6.921 6.929 6.937 6.945 6.954 6.962 6.971 6.980 6.988 6.997 7.005 7.013 7.021 7.029 7.037 7.045
6.705 6.708 6.711 6.714 6.717 6.719 6.722 6.724 6.727 6.729 6.732 6.734 6.736 6.738 6.740 6.742 6.744 6.746 6.747 6.749 6.751 6.752 6.754 6.756 6.758 6.759 6.761 6.762 6.764 6.766 6.768 6.770 6.773 6.775 6.778 6.781 6.784 6.787 6.790 6.794 6.798 6.802 6.806 6.811 6.815 6.820 6.826 6.831 6.837 6.843 6.848 6.854 6.861 6.867 6.874 6.881 6.888 6.895 6.903 6.910 6.918 6.926 6.934 6.943 6.951 6.960 6.968 6.977 6.986 6.995 7.003 7.012 7.020 7.028 7.036 7.044 7.052
6.711 6.714 6.717 6.719 6.722 6.725 6.728 6.730 6.733 6.735 6.738 6.740 6.742 6.745 6.747 6.749 6.750 6.752 6.754 6.756 6.757 6.759 6.761 6.763 6.765 6.766 6.768 6.770 6.771 6.773 6.775 6.777 6.780 6.782 6.785 6.787 6.790 6.793 6.797 6.800 6.804 6.808 6.812 6.817 6.821 6.826 6.832 6.837 6.843 6.848 6.854 6.860 6.866 6.873 6.879 6.886 6.893 6.901 6.908 6.916 6.924 6.932 6.940 6.948 6.957 6.965 6.974 6.983 6.992 7.001 7.010 7.018 7.027 7.035 7.043 7.051 7.059
6.716 6.719 6.722 6.725 6.728 6.730 6.733 6.736 6.738 6.741 6.743 6.746 6.748 6.750 6.753 6.755 6.757 6.759 6.760 6.762 6.764 6.766 6.767 6.769 6.771 6.773 6.775 6.776 6.778 6.780 6.782 6.784 6.786 6.789 6.791 6.794 6.797 6.800 6.803 6.807 6.810 6.814 6.818 6.823 6.827 6.832 6.838 6.843 6.848 6.854 6.860 6.866 6.872 6.878 6.885 6.892 6.899 6.906 6.914 6.921 6.929 6.937 6.946 6.954 6.963 6.971 6.980 6.989 6.998 7.007 7.016 7.025 7.034 7.042 7.051 7.059 7.067
6.721 6.724 6.727 6.730 6.733 6.735 6.738 6.741 6.744 6.746 6.749 6.751 6.754 6.756 6.758 6.760 6.763 6.764 6.766 6.768 6.770 6.772 6.774 6.776 6.778 6.780 6.781 6.783 6.785 6.787 6.789 6.791 6.793 6.795 6.798 6.800 6.803 6.806 6.809 6.813 6.816 6.820 6.824 6.829 6.833 6.838 6.843 6.849 6.854 6.860 6.865 6.871 6.877 6.884 6.890 6.897 6.904 6.912 6.919 6.927 6.935 6.943 6.951 6.960 6.968 6.977 6.986 6.995 7.004 7.013 7.023 7.032 7.040 7.049 7.058 7.066 7.074
