version1/TsunamiDB/out54114.asc
ncols          264
nrows          230
xllcorner      497853.4375
yllcorner      4229146.0000
cellsize         5.
NODATA_value   -99
[rows 136 to 169 of 230, columns 77 to 153 of 264]
6.220 6.227 6.234 6.242 6.251 6.261 6.271 6.283 6.295 6.309 6.323 6.339 6.355 6.372 6.390 6.409 6.428 6.448 6.468 6.488 6.508 6.527 6.547 6.565 6.582 6.597 6.612 6.626 6.639 6.651 6.663 6.673 6.684 6.693 6.702 6.711 6.719 6.728 6.735 6.743 6.751 6.759 6.766 6.774 6.783 6.791 6.799 6.807 6.815 6.822 6.829 6.837 6.844 6.852 6.859 6.866 6.874 6.881 6.888 6.896 6.903 6.910 6.917 6.925 6.932 6.939 6.947 6.955 6.963 6.972 6.980 6.987 6.995 7.003 7.011 7.019 7.027
6.231 6.237 6.243 6.250 6.257 6.265 6.274 6.284 6.294 6.305 6.316 6.329 6.343 6.357 6.373 6.390 6.407 6.425 6.444 6.463 6.483 6.503 6.523 6.543 6.561 6.578 6.594 6.610 6.625 6.639 6.652 6.665 6.677 6.688 6.698 6.708 6.717 6.726 6.734 6.742 6.750 6.758 6.766 6.775 6.783 6.791 6.800 6.808 6.815 6.822 6.829 6.837 6.844 6.852 6.859 6.866 6.874 6.881 6.888 6.896 6.903 6.910 6.917 6.924 6.931 6.939 6.946 6.954 6.963 6.971 6.978 6.986 6.993 7.001 7.009 7.017 7.025
6.244 6.249 6.255 6.261 6.267 6.274 6.281 6.289 6.297 6.306 6.316 6.326 6.337 6.349 6.362 6.376 6.391 6.407 6.424 6.441 6.460 6.479 6.498 6.518 6.537 6.554 6.572 6.589 6.606 6.622 6.637 6.652 6.665 6.678 6.690 6.701 6.711 6.721 6.730 6.739 6.748 6.756 6.765 6.773 6.782 6.790 6.799 6.807 6.814 6.821 6.828 6.836 6.843 6.851 6.858 6.866 6.873 6.880 6.888 6.895 6.902 6.909 6.916 6.923 6.930 6.938 6.945 6.953 6.961 6.969 6.976 6.984 6.991 6.999 7.006 7.014 7.022
6.258 6.263 6.268 6.274 6.279 6.286 6.292 6.298 6.305 6.313 6.321 6.329 6.338 6.347 6.358 6.369 6.381 6.395 6.409 6.424 6.441 6.458 6.476 6.494 6.512 6.530 6.548 6.566 6.583 6.601 6.618 6.634 6.649 6.663 6.677 6.689 6.701 6.712 6.723 6.733 6.743 6.752 6.761 6.770 6.779 6.788 6.796 6.804 6.811 6.819 6.826 6.834 6.841 6.849 6.856 6.864 6.871 6.879 6.886 6.893 6.900 6.907 6.914 6.922 6.929 6.936 6.944 6.951 6.959 6.967 6.974 6.981 6.989 6.996 7.004 7.011 7.019
6.271 6.276 6.282 6.287 6.293 6.298 6.304 6.310 6.316 6.323 6.329 6.336 6.344 6.351 6.360 6.369 6.379 6.389 6.401 6.414 6.427 6.442 6.458 6.474 6.490 6.507 6.524 6.542 6.560 6.577 6.595 6.612 6.629 6.645 6.660 6.674 6.687 6.700 6.712 6.723 6.734 6.744 6.754 6.764 6.773 6.783 6.792 6.800 6.808 6.815 6.823 6.830 6.838 6.846 6.853 6.861 6.868 6.876 6.883 6.890 6.898 6.905 6.912 6.919 6.926 6.934 6.941 6.949 6.957 6.965 6.972 6.979 6.986 6.993 7.001 7.008 7.016
6.285 6.290 6.296 6.301 6.307 6.312 6.318 6.324 6.329 6.335 6.341 6.347 6.353 6.359 6.366 6.374 6.381 6.390 6.399 6.410 6.421 6.433 6.446 6.460 6.474 6.488 6.504 6.520 6.537 6.554 6.572 6.589 6.606 6.623 6.639 6.655 6.670 6.684 6.697 6.710 6.722 6.734 6.745 6.755 6.766 6.776 6.785 6.794 6.802 6.810 6.818 6.826 6.834 6.841 6.849 6.857 6.865 6.872 6.880 6.887 6.894 6.902 6.909 6.916 6.923 6.931 6.938 6.946 6.954 6.962 6.969 6.976 6.983 6.990 6.997 7.005 7.012
6.299 6.304 6.310 6.315 6.321 6.326 6.332 6.338 6.343 6.349 6.354 6.359 6.365 6.371 6.376 6.383 6.389 6.396 6.403 6.411 6.420 6.430 6.441 6.452 6.463 6.476 6.489 6.503 6.518 6.534 6.550 6.567 6.584 6.601 6.617 6.634 6.650 6.665 6.680 6.694 6.707 6.720 6.732 6.744 6.755 6.766 6.776 6.785 6.794 6.803 6.811 6.819 6.828 6.836 6.844 6.852 6.860 6.867 6.875 6.882 6.890 6.897 6.905 6.912 6.919 6.927 6.934 6.942 6.950 6.958 6.965 6.972 6.979 6.986 6.993 7.001 7.008
6.312 6.318 6.323 6.329 6.335 6.341 6.346 6.352 6.357 6.363 6.368 6.373 6.379 6.384 6.389 6.394 6.400 6.405 6.412 6.418 6.425 6.433 6.442 6.451 6.459 6.469 6.480 6.492 6.505 6.519 6.534 6.549 6.564 6.580 6.597 6.613 6.629 6.645 6.660 6.675 6.689 6.703 6.716 6.729 6.742 6.754 6.765 6.775 6.784 6.794 6.803 6.811 6.820 6.829 6.837 6.845 6.853 6.861 6.869 6.877 6.885 6.892 6.900 6.907 6.915 6.922 6.930 6.938 6.946 6.953 6.960 6.968 6.975 6.982 6.989 6.996 7.004
6.325 6.331 6.337 6.343 6.349 6.354 6.360 6.366 6.372 6.377 6.383 6.388 6.393 6.398 6.403 6.408 6.413 6.418 6.423 6.428 6.434 6.441 6.448 6.454 6.461 6.469 6.478 6.487 6.498 6.510 6.522 6.535 6.549 6.564 6.579 6.594 6.610 6.625 6.640 6.656 6.670 6.685 6.699 6.713 6.726 6.739 6.751 6.762 6.772 6.782 6.792 6.802 6.811 6.820 6.829 6.838 6.846 6.854 6.863 6.871 6.878 6.886 6.894 6.902 6.909 6.917 6.925 6.933 6.941 6.949 6.956 6.963 6.970 6.977 6.984 6.992 6.999
6.337 6.344 6.350 6.356 6.362 6.368 6.374 6.380 6.386 6.392 6.397 6.402 6.408 6.413 6.418 6.422 6.427 6.432 6.436 6.441 6.446 6.451 6.457 6.463 6.468 6.474 6.481 6.488 6.497 6.506 6.517 6.528 6.540 6.553 6.566 6.580 6.594 6.608 6.623 6.638 6.652 6.667 6.682 6.696 6.710 6.723 6.736 6.748 6.759 6.770 6.780 6.790 6.800 6.810 6.819 6.829 6.838 6.846 6.855 6.863 6.872 6.880 6.888 6.895 6.903 6.911 6.919 6.927 6.935 6.943 6.950 6.958 6.965 6.972 6.979 6.987 6.994
6.349 6.356 6.362 6.369 6.375 6.382 6.388 6.394 6.400 6.406 6.411 6.417 6.422 6.427 6.432 6.437 6.442 6.446 6.451 6.455 6.460 6.464 6.469 6.474 6.478 6.483 6.488 6.494 6.501 6.509 6.517 6.526 6.536 6.547 6.558 6.570 6.583 6.596 6.609 6.623 6.637 6.651 6.665 6.679 6.693 6.708 6.721 6.733 6.745 6.756 6.767 6.778 6.789 6.799 6.809 6.819 6.828 6.838 6.847 6.855 6.864 6.872 6.881 6.889 6.897 6.905 6.913 6.921 6.930 6.938 6.945 6.952 6.960 6.967 6.974 6.982 6.989
6.361 6.368 6.375 6.381 6.388 6.395 6.401 6.407 6.413 6.419 6.425 6.431 6.437 6.442 6.447 6.452 6.457 6.462 6.466 6.470 6.475 6.479 6.484 6.488 6.491 6.495 6.499 6.504 6.509 6.515 6.522 6.529 6.538 6.546 6.556 6.566 6.577 6.588 6.600 6.613 6.625 6.638 6.652 6.665 6.679 6.693 6.706 6.719 6.731 6.743 6.754 6.766 6.777 6.788 6.798 6.809 6.819 6.828 6.838 6.847 6.856 6.865 6.873 6.882 6.890 6.898 6.907 6.915 6.924 6.932 6.939 6.947 6.954 6.962 6.969 6.977 6.984
6.372 6.379 6.386 6.393 6.400 6.407 6.414 6.420 6.427 6.433 6.439 6.445 6.451 6.456 6.462 6.467 6.472 6.477 6.481 6.486 6.490 6.494 6.499 6.502 6.505 6.508 6.512 6.516 6.520 6.525 6.530 6.537 6.543 6.551 6.558 6.567 6.576 6.586 6.596 6.607 6.618 6.630 6.642 6.655 6.668 6.681 6.694 6.706 6.718 6.730 6.742 6.753 6.765 6.776 6.787 6.798 6.809 6.819 6.829 6.839 6.848 6.857 6.866 6.875 6.883 6.892 6.900 6.909 6.918 6.926 6.934 6.941 6.949 6.956 6.964 6.972 6.979
6.383 6.390 6.397 6.405 6.412 6.419 6.426 6.433 6.439 6.446 6.452 6.458 6.464 6.470 6.476 6.481 6.486 6.491 6.496 6.501 6.505 6.510 6.514 6.518 6.521 6.523 6.526 6.530 6.533 6.537 6.542 6.547 6.552 6.558 6.565 6.572 6.580 6.588 6.597 6.606 6.616 6.626 6.637 6.648 6.660 6.672 6.684 6.696 6.707 6.719 6.731 6.743 6.754 6.766 6.777 6.789 6.799 6.810 6.820 6.831 6.840 6.850 6.859 6.868 6.877 6.886 6.895 6.903 6.912 6.921 6.929 6.936 6.944 6.952 6.959 6.967 6.975
6.392 6.400 6.408 6.415 6.423 6.430 6.437 6.445 6.451 6.458 6.465 6.471 6.477 6.483 6.489 6.495 6.501 6.506 6.511 6.516 6.521 6.525 6.530 6.533 6.536 6.539 6.542 6.545 6.548 6.552 6.555 6.560 6.564 6.569 6.575 6.581 6.587 6.594 6.601 6.609 6.617 6.626 6.636 6.646 6.656 6.667 6.678 6.689 6.700 6.711 6.722 6.734 6.745 6.757 6.769 6.780 6.791 6.802 6.813 6.823 6.833 6.843 6.853 6.862 6.871 6.880 6.889 6.899 6.908 6.916 6.924 6.932 6.940 6.947 6.955 6.963 6.971
6.401 6.409 6.417 6.425 6.433 6.441 6.448 6.456 6.463 6.470 6.477 6.483 6.490 6.496 6.502 6.508 6.514 6.520 6.525 6.530 6.535 6.540 6.545 6.549 6.552 6.555 6.558 6.560 6.563 6.567 6.570 6.574 6.578 6.582 6.587 6.592 6.597 6.603 6.609 6.616 6.623 6.630 6.638 6.647 6.656 6.666 6.676 6.686 6.695 6.706 6.716 6.727 6.739 6.750 6.762 6.773 6.784 6.795 6.806 6.817 6.827 6.838 6.847 6.857 6.867 6.876 6.885 6.895 6.904 6.913 6.921 6.928 6.936 6.944 6.952 6.960 6.968
6.409 6.418 6.426 6.434 6.443 6.451 6.458 6.466 6.474 6.481 6.488 6.495 6.502 6.508 6.515 6.521 6.527 6.533 6.539 6.544 6.550 6.555 6.560 6.564 6.567 6.570 6.573 6.576 6.579 6.582 6.586 6.589 6.592 6.596 6.600 6.605 6.609 6.614 6.619 6.625 6.631 6.638 6.645 6.652 6.660 6.669 6.677 6.686 6.695 6.704 6.714 6.724 6.735 6.746 6.757 6.768 6.779 6.791 6.802 6.812 6.823 6.833 6.844 6.853 6.863 6.873 6.882 6.892 6.901 6.910 6.918 6.926 6.934 6.942 6.950 6.958 6.966
6.417 6.425 6.434 6.443 6.451 6.460 6.468 6.476 6.483 6.491 6.498 6.506 6.513 6.519 6.526 6.533 6.539 6.545 6.551 6.557 6.563 6.569 6.574 6.578 6.582 6.585 6.588 6.592 6.595 6.598 6.601 6.604 6.608 6.611 6.615 6.619 6.623 6.627 6.632 6.637 6.642 6.647 6.653 6.660 6.667 6.675 6.682 6.689 6.697 6.705 6.714 6.724 6.734 6.744 6.755 6.766 6.777 6.788 6.799 6.810 6.820 6.831 6.841 6.851 6.861 6.871 6.881 6.890 6.900 6.909 6.917 6.925 6.933 6.941 6.949 6.957 6.965
6.423 6.432 6.441 6.450 6.459 6.468 6.476 6.484 6.493 6.500 6.508 6.515 6.523 6.530 6.537 6.544 6.550 6.557 6.563 6.569 6.575 6.581 6.587 6.592 6.596 6.599 6.603 6.607 6.610 6.613 6.617 6.620 6.623 6.627 6.630 6.634 6.637 6.641 6.645 6.650 6.654 6.659 6.664 6.670 6.676 6.683 6.689 6.695 6.702 6.710 6.718 6.726 6.735 6.745 6.755 6.766 6.776 6.787 6.798 6.809 6.820 6.830 6.841 6.851 6.861 6.871 6.881 6.891 6.901 6.909 6.917 6.926 6.934 6.942 6.950 6.957 6.965
6.429 6.438 6.447 6.457 6.466 6.475 6.484 6.492 6.501 6.509 6.517 6.525 6.532 6.539 6.547 6.554 6.561 6.567 6.574 6.581 6.587 6.594 6.600 6.605 6.609 6.613 6.617 6.621 6.624 6.628 6.632 6.635 6.638 6.642 6.645 6.649 6.652 6.656 6.660 6.664 6.668 6.672 6.677 6.682 6.687 6.693 6.699 6.704 6.710 6.716 6.723 6.731 6.739 6.748 6.758 6.768 6.778 6.789 6.799 6.810 6.821 6.831 6.842 6.852 6.862 6.873 6.883 6.893 6.903 6.911 6.920 6.928 6.936 6.944 6.952 6.960 6.968
6.434 6.443 6.453 6.463 6.472 6.481 6.490 6.499 6.508 6.516 6.525 6.533 6.541 6.548 6.556 6.563 6.570 6.577 6.584 6.591 6.598 6.605 6.611 6.616 6.621 6.625 6.630 6.634 6.638 6.642 6.646 6.650 6.653 6.657 6.660 6.664 6.667 6.671 6.674 6.678 6.682 6.686 6.690 6.695 6.700 6.705 6.710 6.714 6.720 6.725 6.731 6.738 6.746 6.754 6.763 6.772 6.782 6.792 6.802 6.813 6.824 6.834 6.845 6.855 6.866 6.876 6.886 6.897 6.906 6.915 6.924 6.932 6.940 6.948 6.956 6.964 6.972
6.438 6.448 6.458 6.468 6.477 6.487 6.496 6.506 6.515 6.523 6.532 6.540 6.548 6.556 6.564 6.571 6.579 6.586 6.593 6.601 6.608 6.615 6.621 6.627 6.632 6.637 6.641 6.646 6.651 6.655 6.659 6.663 6.667 6.671 6.675 6.678 6.682 6.685 6.689 6.693 6.696 6.700 6.704 6.709 6.714 6.718 6.722 6.726 6.731 6.736 6.741 6.747 6.754 6.762 6.770 6.779 6.788 6.797 6.808 6.818 6.828 6.839 6.849 6.860 6.870 6.881 6.891 6.902 6.912 6.921 6.929 6.938 6.946 6.954 6.962 6.970 6.977
6.442 6.452 6.462 6.472 6.482 6.492 6.502 6.511 6.520 6.529 6.538 6.547 6.555 6.563 6.571 6.579 6.587 6.594 6.602 6.609 6.617 6.624 6.631 6.636 6.642 6.647 6.652 6.657 6.662 6.667 6.671 6.676 6.680 6.684 6.688 6.692 6.696 6.699 6.703 6.707 6.711 6.715 6.719 6.723 6.727 6.732 6.735 6.739 6.743 6.747 6.752 6.758 6.764 6.771 6.778 6.787 6.795 6.804 6.814 6.824 6.834 6.845 6.855 6.866 6.877 6.887 6.898 6.909 6.918 6.928 6.936 6.945 6.953 6.961 6.969 6.977 6.985
6.445 6.455 6.466 6.476 6.486 6.496 6.506 6.516 6.525 6.535 6.544 6.553 6.561 6.570 6.578 6.586 6.594 6.602 6.609 6.617 6.625 6.632 6.639 6.645 6.651 6.657 6.662 6.667 6.673 6.678 6.683 6.688 6.692 6.696 6.701 6.705 6.709 6.713 6.717 6.721 6.724 6.728 6.732 6.737 6.741 6.745 6.748 6.752 6.755 6.759 6.764 6.769 6.775 6.781 6.788 6.796 6.804 6.813 6.822 6.832 6.842 6.852 6.863 6.873 6.884 6.895 6.905 6.916 6.927 6.936 6.945 6.954 6.962 6.970 6.978 6.986 6.994
6.448 6.458 6.469 6.479 6.490 6.500 6.510 6.520 6.530 6.540 6.549 6.558 6.567 6.575 6.584 6.592 6.600 6.608 6.616 6.624 6.632 6.640 6.647 6.653 6.659 6.665 6.671 6.677 6.682 6.688 6.693 6.698 6.703 6.708 6.712 6.717 6.721 6.725 6.729 6.733 6.737 6.741 6.746 6.750 6.754 6.758 6.761 6.765 6.768 6.772 6.776 6.781 6.786 6.792 6.799 6.806 6.814 6.822 6.831 6.840 6.850 6.860 6.871 6.881 6.892 6.903 6.914 6.925 6.936 6.945 6.954 6.963 6.972 6.981 6.989 6.997 7.005
6.450 6.461 6.472 6.482 6.493 6.503 6.514 6.524 6.534 6.544 6.553 6.563 6.572 6.581 6.589 6.598 6.606 6.614 6.623 6.631 6.639 6.647 6.654 6.660 6.667 6.673 6.679 6.685 6.691 6.697 6.702 6.708 6.713 6.718 6.723 6.728 6.732 6.737 6.741 6.745 6.750 6.754 6.758 6.762 6.767 6.771 6.774 6.778 6.781 6.785 6.789 6.793 6.798 6.803 6.810 6.816 6.824 6.832 6.840 6.850 6.859 6.869 6.880 6.890 6.901 6.912 6.923 6.934 6.945 6.955 6.965 6.974 6.983 6.992 7.000 7.008 7.017
6.453 6.463 6.474 6.485 6.496 6.506 6.517 6.527 6.538 6.547 6.557 6.567 6.576 6.585 6.594 6.603 6.611 6.620 6.628 6.636 6.644 6.653 6.660 6.667 6.673 6.680 6.686 6.693 6.699 6.705 6.711 6.716 6.722 6.727 6.733 6.738 6.743 6.747 6.752 6.757 6.761 6.765 6.770 6.774 6.779 6.783 6.786 6.790 6.793 6.797 6.801 6.805 6.810 6.815 6.821 6.827 6.834 6.842 6.850 6.859 6.869 6.878 6.889 6.899 6.910 6.921 6.933 6.944 6.955 6.965 6.975 6.985 6.994 7.004 7.012 7.021 7.029
6.455 6.466 6.477 6.487 6.498 6.509 6.520 6.530 6.541 6.551 6.561 6.571 6.580 6.589 6.599 6.607 6.616 6.625 6.633 6.642 6.650 6.658 6.666 6.673 6.680 6.686 6.693 6.699 6.706 6.712 6.718 6.724 6.730 6.736 6.742 6.747 6.752 6.757 6.762 6.767 6.771 6.776 6.781 6.785 6.790 6.795 6.798 6.801 6.805 6.809 6.812 6.817 6.821 6.826 6.832 6.838 6.845 6.852 6.860 6.869 6.878 6.888 6.898 6.908 6.919 6.931 6.942 6.954 6.965 6.976 6.986 6.996 7.006 7.016 7.025 7.034 7.042
6.457 6.468 6.479 6.490 6.501 6.512 6.522 6.533 6.544 6.554 6.564 6.574 6.584 6.593 6.603 6.612 6.621 6.629 6.638 6.646 6.655 6.664 6.671 6.678 6.685 6.692 6.699 6.706 6.712 6.719 6.725 6.732 6.738 6.744 6.750 6.755 6.761 6.766 6.771 6.776 6.781 6.786 6.791 6.796 6.801 6.805 6.809 6.812 6.816 6.820 6.824 6.828 6.832 6.837 6.843 6.849 6.855 6.862 6.870 6.878 6.887 6.897 6.907 6.918 6.928 6.940 6.951 6.963 6.975 6.986 6.997 7.007 7.017 7.027 7.037 7.046 7.055
6.459 6.470 6.481 6.492 6.503 6.514 6.525 6.536 6.546 6.557 6.567 6.577 6.587 6.597 6.606 6.615 6.625 6.634 6.642 6.651 6.660 6.668 6.676 6.684 6.691 6.698 6.705 6.711 6.718 6.725 6.732 6.738 6.745 6.751 6.757 6.763 6.769 6.774 6.780 6.785 6.790 6.795 6.800 6.805 6.810 6.815 6.819 6.823 6.827 6.830 6.834 6.839 6.843 6.848 6.853 6.859 6.865 6.872 6.880 6.888 6.897 6.906 6.916 6.926 6.937 6.948 6.960 6.972 6.984 6.995 7.006 7.017 7.028 7.039 7.049 7.059 7.068
6.461 6.472 6.483 6.494 6.505 6.516 6.527 6.538 6.549 6.559 6.570 6.580 6.590 6.600 6.610 6.619 6.628 6.637 6.646 6.655 6.664 6.673 6.681 6.688 6.696 6.703 6.710 6.717 6.724 6.731 6.738 6.744 6.751 6.758 6.764 6.770 6.776 6.782 6.787 6.793 6.798 6.804 6.809 6.814 6.820 6.824 6.829 6.833 6.836 6.840 6.845 6.849 6.853 6.858 6.863 6.869 6.875 6.882 6.889 6.897 6.906 6.915 6.924 6.935 6.945 6.957 6.968 6.981 6.993 7.004 7.016 7.027 7.038 7.049 7.060 7.070 7.080
6.463 6.474 6.485 6.496 6.507 6.518 6.529 6.540 6.551 6.562 6.573 6.583 6.593 6.603 6.613 6.622 6.632 6.641 6.650 6.659 6.668 6.677 6.686 6.693 6.700 6.708 6.715 6.722 6.729 6.736 6.743 6.750 6.757 6.764 6.770 6.777 6.783 6.789 6.795 6.800 6.806 6.811 6.817 6.822 6.828 6.833 6.838 6.842 6.846 6.850 6.854 6.858 6.863 6.868 6.873 6.879 6.885 6.891 6.898 6.906 6.914 6.923 6.933 6.943 6.953 6.965 6.976 6.989 7.001 7.012 7.024 7.036 7.047 7.058 7.070 7.080 7.091
6.466 6.476 6.487 6.498 6.510 6.521 6.532 6.543 6.554 6.565 6.575 6.586 6.596 6.606 6.616 6.626 6.635 6.645 6.654 6.663 6.672 6.681 6.690 6.697 6.705 6.712 6.720 6.727 6.734 6.741 6.749 6.756 6.763 6.770 6.776 6.783 6.789 6.795 6.801 6.807 6.813 6.819 6.825 6.830 6.836 6.841 6.846 6.850 6.855 6.859 6.863 6.868 6.872 6.877 6.882 6.888 6.894 6.900 6.907 6.915 6.923 6.931 6.941 6.951 6.961 6.972 6.984 6.996 7.008 7.020 7.032 7.043 7.055 7.067 7.079 7.090 7.101
6.468 6.479 6.490 6.501 6.512 6.523 6.534 6.545 6.556 6.567 6.578 6.588 6.599 6.609 6.619 6.629 6.639 6.648 6.658 6.667 6.676 6.685 6.694 6.702 6.709 6.717 6.724 6.732 6.739 6.746 6.754 6.761 6.768 6.775 6.782 6.789 6.795 6.802 6.808 6.814 6.820 6.826 6.832 6.838 6.844 6.849 6.854 6.859 6.863 6.868 6.872 6.877 6.881 6.886 6.891 6.897 6.903 6.909 6.916 6.923 6.931 6.939 6.949 6.958 6.969 6.979 6.991 7.003 7.015 7.027 7.039 7.051 7.063 7.074 7.086 7.098 7.110
