version1/TsunamiDB/out54120.asc
ncols          264
nrows          230
xllcorner      497853.4375
yllcorner      4229146.0000
cellsize         5.
NODATA_value   -99
[rows 68 to 101 of 230, columns 77 to 153 of 264]
6.028 6.043 6.057 6.071 6.085 6.097 6.108 6.120 6.131 6.143 6.154 6.165 6.176 6.186 6.196 6.206 6.216 6.225 6.234 6.243 6.251 6.259 6.268 6.276 6.284 6.292 6.299 6.307 6.313 6.319 6.325 6.331 6.337 6.343 6.349 6.355 6.360 6.366 6.371 6.377 6.382 6.387 6.393 6.398 6.404 6.409 6.415 6.420 6.426 6.433 6.439 6.443 6.448 6.453 6.458 6.462 6.467 6.472 6.477 6.481 6.486 6.490 6.495 6.499 6.503 6.508 6.512 6.517 6.522 6.527 6.533 6.539 6.546 6.552 6.559 6.565 6.572
6.031 6.046 6.060 6.075 6.088 6.100 6.112 6.124 6.136 6.148 6.159 6.171 6.182 6.192 6.203 6.213 6.222 6.232 6.241 6.250 6.259 6.268 6.276 6.284 6.292 6.301 6.309 6.316 6.322 6.328 6.335 6.341 6.347 6.353 6.359 6.364 6.370 6.376 6.381 6.386 6.392 6.397 6.402 6.407 6.413 6.418 6.423 6.429 6.435 6.441 6.447 6.451 6.456 6.461 6.465 6.470 6.475 6.480 6.484 6.489 6.494 6.498 6.503 6.507 6.511 6.516 6.520 6.525 6.529 6.534 6.540 6.546 6.552 6.559 6.564 6.571 6.577
6.034 6.049 6.063 6.078 6.091 6.104 6.116 6.128 6.140 6.152 6.164 6.175 6.187 6.198 6.208 6.219 6.229 6.239 6.248 6.257 6.266 6.275 6.284 6.292 6.301 6.309 6.317 6.325 6.331 6.337 6.344 6.350 6.356 6.362 6.368 6.374 6.380 6.385 6.391 6.396 6.401 6.407 6.412 6.417 6.422 6.427 6.433 6.438 6.444 6.450 6.455 6.459 6.464 6.468 6.473 6.478 6.483 6.487 6.492 6.497 6.502 6.506 6.511 6.515 6.519 6.524 6.528 6.532 6.537 6.542 6.547 6.553 6.559 6.565 6.571 6.577 6.583
6.037 6.052 6.066 6.081 6.094 6.107 6.119 6.131 6.144 6.156 6.168 6.180 6.191 6.203 6.214 6.224 6.235 6.245 6.254 6.264 6.273 6.282 6.291 6.300 6.308 6.317 6.325 6.333 6.339 6.346 6.352 6.359 6.365 6.371 6.377 6.383 6.389 6.395 6.401 6.406 6.411 6.416 6.421 6.427 6.432 6.437 6.442 6.447 6.453 6.458 6.463 6.468 6.472 6.477 6.481 6.486 6.491 6.495 6.500 6.505 6.509 6.514 6.518 6.523 6.527 6.531 6.536 6.540 6.545 6.549 6.554 6.560 6.566 6.572 6.577 6.583 6.589
6.040 6.054 6.069 6.083 6.097 6.109 6.122 6.135 6.147 6.160 6.172 6.184 6.196 6.207 6.218 6.229 6.240 6.250 6.260 6.270 6.279 6.289 6.298 6.307 6.315 6.324 6.333 6.340 6.347 6.354 6.360 6.367 6.373 6.380 6.386 6.392 6.398 6.404 6.410 6.415 6.421 6.426 6.431 6.436 6.441 6.446 6.451 6.456 6.462 6.467 6.472 6.476 6.480 6.485 6.489 6.494 6.499 6.503 6.508 6.513 6.517 6.522 6.526 6.531 6.535 6.539 6.544 6.548 6.552 6.557 6.562 6.567 6.573 6.578 6.583 6.589 6.595
6.042 6.057 6.071 6.086 6.099 6.112 6.125 6.137 6.150 6.163 6.175 6.187 6.199 6.211 6.222 6.233 6.244 6.255 6.265 6.275 6.285 6.295 6.304 6.313 6.322 6.331 6.340 6.347 6.354 6.361 6.368 6.375 6.381 6.388 6.395 6.401 6.407 6.413 6.419 6.425 6.430 6.435 6.441 6.446 6.451 6.456 6.461 6.466 6.471 6.476 6.481 6.485 6.489 6.493 6.498 6.502 6.507 6.511 6.516 6.521 6.525 6.530 6.534 6.539 6.543 6.547 6.552 6.556 6.560 6.565 6.569 6.575 6.580 6.585 6.590 6.595 6.601
6.045 6.059 6.074 6.088 6.102 6.114 6.127 6.140 6.153 6.165 6.178 6.190 6.203 6.214 6.226 6.237 6.248 6.259 6.270 6.280 6.290 6.300 6.309 6.319 6.328 6.337 6.346 6.354 6.361 6.368 6.375 6.382 6.389 6.396 6.402 6.409 6.415 6.422 6.428 6.434 6.439 6.445 6.450 6.455 6.460 6.465 6.470 6.475 6.480 6.485 6.490 6.494 6.498 6.502 6.506 6.510 6.515 6.519 6.524 6.529 6.533 6.538 6.542 6.547 6.551 6.555 6.560 6.564 6.568 6.573 6.577 6.582 6.587 6.592 6.597 6.602 6.607
6.047 6.062 6.076 6.090 6.104 6.117 6.129 6.142 6.155 6.168 6.181 6.193 6.205 6.218 6.229 6.241 6.252 6.263 6.274 6.284 6.295 6.305 6.314 6.324 6.333 6.342 6.351 6.360 6.367 6.374 6.381 6.389 6.396 6.403 6.410 6.416 6.423 6.430 6.436 6.442 6.448 6.453 6.459 6.464 6.469 6.474 6.479 6.484 6.489 6.494 6.499 6.503 6.506 6.510 6.515 6.519 6.523 6.528 6.532 6.537 6.541 6.546 6.550 6.555 6.559 6.563 6.567 6.572 6.576 6.580 6.585 6.590 6.595 6.600 6.604 6.609 6.614
6.050 6.064 6.079 6.093 6.106 6.119 6.132 6.145 6.157 6.170 6.183 6.196 6.208 6.220 6.232 6.244 6.255 6.267 6.278 6.288 6.299 6.309 6.319 6.328 6.338 6.347 6.357 6.365 6.373 6.380 6.387 6.395 6.402 6.409 6.416 6.423 6.430 6.437 6.443 6.450 6.456 6.461 6.467 6.473 6.478 6.483 6.488 6.493 6.498 6.503 6.508 6.511 6.515 6.519 6.523 6.527 6.531 6.536 6.540 6.545 6.549 6.554 6.558 6.563 6.567 6.571 6.575 6.580 6.584 6.588 6.593 6.597 6.602 6.607 6.611 6.616 6.621
6.054 6.067 6.081 6.095 6.109 6.121 6.134 6.147 6.160 6.172 6.185 6.198 6.210 6.223 6.235 6.247 6.258 6.270 6.281 6.292 6.302 6.313 6.323 6.333 6.342 6.352 6.361 6.370 6.378 6.385 6.393 6.400 6.408 6.415 6.422 6.430 6.437 6.444 6.450 6.457 6.463 6.469 6.475 6.481 6.486 6.491 6.496 6.502 6.507 6.512 6.516 6.520 6.524 6.527 6.531 6.535 6.540 6.544 6.548 6.553 6.557 6.562 6.566 6.570 6.575 6.579 6.583 6.587 6.592 6.596 6.600 6.605 6.610 6.615 6.619 6.623 6.628
6.057 6.071 6.084 6.098 6.111 6.123 6.136 6.149 6.162 6.175 6.187 6.200 6.213 6.225 6.237 6.249 6.261 6.273 6.284 6.295 6.306 6.316 6.326 6.336 6.346 6.356 6.366 6.374 6.382 6.390 6.398 6.405 6.413 6.421 6.428 6.435 6.443 6.450 6.457 6.463 6.470 6.476 6.482 6.488 6.494 6.499 6.504 6.510 6.515 6.520 6.525 6.528 6.532 6.536 6.540 6.544 6.548 6.552 6.556 6.561 6.565 6.569 6.574 6.578 6.583 6.587 6.591 6.595 6.599 6.604 6.608 6.613 6.618 6.622 6.626 6.630 6.635
6.061 6.074 6.087 6.101 6.114 6.126 6.138 6.151 6.164 6.177 6.189 6.202 6.215 6.227 6.239 6.252 6.263 6.275 6.286 6.298 6.308 6.319 6.330 6.340 6.350 6.360 6.370 6.378 6.386 6.394 6.402 6.410 6.418 6.425 6.433 6.441 6.448 6.455 6.462 6.469 6.476 6.483 6.489 6.495 6.501 6.506 6.512 6.517 6.523 6.528 6.533 6.536 6.540 6.544 6.548 6.552 6.556 6.560 6.564 6.568 6.573 6.577 6.581 6.586 6.590 6.594 6.599 6.603 6.607 6.611 6.616 6.620 6.625 6.630 6.633 6.637 6.642
6.065 6.078 6.091 6.104 6.117 6.129 6.141 6.153 6.166 6.179 6.191 6.204 6.217 6.229 6.241 6.254 6.266 6.277 6.289 6.300 6.311 6.322 6.333 6.343 6.353 6.363 6.373 6.382 6.390 6.398 6.406 6.414 6.422 6.430 6.438 6.445 6.453 6.460 6.468 6.475 6.482 6.488 6.495 6.501 6.507 6.513 6.519 6.524 6.530 6.535 6.540 6.544 6.548 6.552 6.555 6.559 6.563 6.567 6.572 6.576 6.580 6.585 6.589 6.593 6.598 6.602 6.606 6.611 6.615 6.619 6.623 6.628 6.633 6.637 6.641 6.645 6.649
6.069 6.082 6.095 6.108 6.120 6.131 6.143 6.156 6.168 6.181 6.193 6.206 6.219 6.231 6.243 6.256 6.268 6.279 6.291 6.302 6.314 6.325 6.335 6.346 6.356 6.366 6.376 6.386 6.394 6.402 6.410 6.418 6.426 6.434 6.442 6.450 6.458 6.465 6.473 6.480 6.487 6.494 6.500 6.507 6.513 6.519 6.525 6.531 6.537 6.542 6.547 6.551 6.555 6.559 6.563 6.567 6.571 6.575 6.579 6.583 6.588 6.592 6.596 6.601 6.605 6.609 6.614 6.618 6.622 6.627 6.631 6.636 6.640 6.645 6.648 6.652 6.656
6.074 6.086 6.099 6.111 6.123 6.135 6.146 6.158 6.170 6.183 6.195 6.208 6.220 6.233 6.245 6.257 6.269 6.281 6.293 6.305 6.316 6.327 6.338 6.348 6.359 6.369 6.380 6.389 6.397 6.405 6.414 6.422 6.430 6.438 6.446 6.454 6.462 6.470 6.477 6.484 6.492 6.499 6.506 6.512 6.519 6.525 6.531 6.537 6.543 6.549 6.554 6.558 6.562 6.566 6.570 6.574 6.578 6.582 6.586 6.591 6.595 6.599 6.604 6.608 6.612 6.617 6.621 6.625 6.630 6.634 6.638 6.643 6.648 6.652 6.656 6.659 6.663
6.079 6.091 6.103 6.115 6.127 6.138 6.149 6.161 6.173 6.185 6.198 6.210 6.222 6.235 6.247 6.259 6.271 6.283 6.295 6.307 6.318 6.329 6.340 6.351 6.362 6.372 6.383 6.392 6.400 6.409 6.417 6.425 6.434 6.442 6.450 6.458 6.466 6.474 6.481 6.489 6.496 6.503 6.510 6.517 6.524 6.530 6.537 6.543 6.549 6.555 6.560 6.564 6.569 6.573 6.577 6.581 6.585 6.589 6.593 6.598 6.602 6.606 6.611 6.615 6.619 6.624 6.628 6.632 6.637 6.641 6.646 6.651 6.655 6.659 6.663 6.667 6.671
6.083 6.095 6.107 6.119 6.131 6.141 6.153 6.164 6.176 6.188 6.200 6.212 6.224 6.237 6.249 6.261 6.273 6.285 6.297 6.308 6.320 6.331 6.342 6.353 6.364 6.375 6.385 6.395 6.403 6.412 6.420 6.429 6.437 6.445 6.454 6.462 6.470 6.478 6.485 6.493 6.500 6.508 6.515 6.522 6.529 6.535 6.542 6.549 6.555 6.561 6.566 6.571 6.575 6.579 6.583 6.587 6.592 6.596 6.600 6.604 6.609 6.613 6.617 6.622 6.626 6.631 6.635 6.640 6.644 6.648 6.653 6.658 6.663 6.667 6.670 6.674 6.678
6.088 6.100 6.112 6.124 6.135 6.145 6.156 6.167 6.179 6.191 6.203 6.215 6.227 6.239 6.251 6.263 6.275 6.287 6.299 6.310 6.322 6.333 6.345 6.356 6.367 6.378 6.388 6.398 6.406 6.415 6.423 6.432 6.441 6.449 6.457 6.465 6.474 6.481 6.489 6.497 6.505 6.512 6.519 6.526 6.533 6.540 6.547 6.554 6.561 6.567 6.572 6.576 6.581 6.585 6.589 6.594 6.598 6.602 6.607 6.611 6.615 6.620 6.624 6.629 6.633 6.638 6.642 6.647 6.651 6.656 6.660 6.665 6.670 6.674 6.678 6.681 6.685
6.093 6.105 6.116 6.128 6.139 6.149 6.160 6.171 6.182 6.194 6.205 6.217 6.229 6.241 6.253 6.265 6.277 6.289 6.301 6.312 6.324 6.336 6.347 6.358 6.369 6.380 6.391 6.400 6.409 6.418 6.427 6.435 6.444 6.452 6.461 6.469 6.477 6.485 6.493 6.501 6.509 6.516 6.524 6.531 6.538 6.545 6.552 6.559 6.566 6.572 6.577 6.582 6.586 6.591 6.596 6.600 6.604 6.609 6.613 6.618 6.622 6.626 6.631 6.635 6.640 6.644 6.649 6.653 6.658 6.663 6.668 6.673 6.677 6.681 6.685 6.689 6.692
6.098 6.109 6.121 6.133 6.143 6.153 6.164 6.174 6.186 6.197 6.208 6.220 6.232 6.243 6.255 6.267 6.279 6.291 6.303 6.314 6.326 6.338 6.349 6.360 6.372 6.383 6.394 6.403 6.412 6.421 6.430 6.439 6.447 6.456 6.464 6.473 6.481 6.489 6.497 6.505 6.513 6.520 6.528 6.535 6.543 6.550 6.557 6.564 6.571 6.577 6.582 6.587 6.592 6.597 6.601 6.606 6.611 6.615 6.620 6.624 6.628 6.633 6.637 6.642 6.646 6.651 6.656 6.660 6.665 6.670 6.675 6.680 6.684 6.688 6.692 6.696 6.700
6.103 6.114 6.126 6.137 6.147 6.157 6.168 6.178 6.189 6.200 6.212 6.223 6.235 6.246 6.258 6.270 6.281 6.293 6.305 6.317 6.328 6.340 6.352 6.363 6.374 6.386 6.396 6.406 6.415 6.424 6.433 6.442 6.451 6.460 6.468 6.477 6.485 6.493 6.501 6.509 6.517 6.525 6.532 6.540 6.547 6.554 6.562 6.569 6.576 6.582 6.588 6.593 6.598 6.603 6.607 6.612 6.617 6.621 6.626 6.630 6.635 6.639 6.644 6.649 6.653 6.658 6.663 6.667 6.672 6.677 6.682 6.687 6.692 6.696 6.699 6.703 6.707
6.108 6.119 6.131 6.142 6.151 6.162 6.172 6.182 6.193 6.204 6.215 6.226 6.238 6.249 6.261 6.272 6.284 6.296 6.307 6.319 6.331 6.342 6.354 6.366 6.377 6.389 6.399 6.409 6.418 6.427 6.437 6.446 6.455 6.463 6.472 6.481 6.489 6.497 6.505 6.513 6.521 6.529 6.537 6.544 6.552 6.559 6.566 6.574 6.581 6.587 6.593 6.598 6.603 6.608 6.613 6.618 6.623 6.628 6.632 6.637 6.642 6.646 6.651 6.655 6.660 6.665 6.669 6.674 6.679 6.684 6.689 6.694 6.699 6.703 6.707 6.711 6.715
6.113 6.124 6.136 6.146 6.156 6.166 6.176 6.187 6.197 6.208 6.219 6.230 6.241 6.252 6.264 6.275 6.287 6.298 6.310 6.322 6.333 6.345 6.357 6.368 6.380 6.391 6.402 6.412 6.421 6.431 6.440 6.449 6.458 6.467 6.476 6.485 6.493 6.502 6.510 6.518 6.526 6.534 6.542 6.549 6.557 6.564 6.571 6.579 6.586 6.593 6.598 6.604 6.609 6.614 6.619 6.624 6.629 6.634 6.639 6.644 6.648 6.653 6.658 6.662 6.667 6.672 6.676 6.681 6.686 6.691 6.696 6.702 6.706 6.710 6.714 6.718 6.722
6.118 6.129 6.140 6.151 6.161 6.171 6.181 6.191 6.202 6.212 6.223 6.234 6.245 6.256 6.267 6.278 6.290 6.301 6.313 6.324 6.336 6.348 6.359 6.371 6.383 6.394 6.405 6.415 6.424 6.434 6.444 6.453 6.462 6.471 6.480 6.489 6.498 6.506 6.515 6.523 6.531 6.539 6.546 6.554 6.562 6.569 6.577 6.584 6.592 6.598 6.604 6.610 6.615 6.620 6.626 6.631 6.636 6.641 6.645 6.650 6.655 6.660 6.665 6.669 6.674 6.679 6.684 6.689 6.694 6.699 6.704 6.709 6.714 6.718 6.722 6.726 6.730
6.123 6.134 6.145 6.156 6.166 6.175 6.186 6.196 6.206 6.217 6.227 6.238 6.249 6.259 6.270 6.282 6.293 6.304 6.316 6.327 6.339 6.350 6.362 6.374 6.385 6.397 6.408 6.418 6.428 6.438 6.447 6.457 6.466 6.476 6.485 6.494 6.503 6.511 6.520 6.528 6.536 6.544 6.552 6.559 6.567 6.575 6.582 6.590 6.597 6.604 6.610 6.616 6.621 6.627 6.632 6.637 6.642 6.647 6.652 6.657 6.662 6.667 6.672 6.677 6.681 6.686 6.691 6.696 6.701 6.706 6.711 6.717 6.722 6.726 6.730 6.734 6.738
6.128 6.139 6.151 6.161 6.171 6.180 6.190 6.201 6.211 6.221 6.231 6.242 6.253 6.263 6.274 6.285 6.296 6.308 6.319 6.330 6.342 6.353 6.365 6.377 6.388 6.400 6.411 6.421 6.431 6.441 6.451 6.461 6.471 6.480 6.489 6.498 6.507 6.516 6.525 6.533 6.541 6.549 6.557 6.565 6.573 6.580 6.588 6.595 6.603 6.610 6.616 6.622 6.627 6.633 6.638 6.644 6.649 6.654 6.659 6.664 6.669 6.674 6.679 6.684 6.689 6.694 6.699 6.704 6.709 6.714 6.719 6.725 6.730 6.734 6.738 6.742 6.746
6.134 6.145 6.156 6.167 6.176 6.186 6.196 6.206 6.216 6.226 6.236 6.247 6.257 6.268 6.278 6.289 6.300 6.311 6.322 6.334 6.345 6.357 6.368 6.380 6.392 6.403 6.415 6.425 6.435 6.445 6.455 6.465 6.475 6.485 6.494 6.503 6.512 6.521 6.530 6.538 6.547 6.555 6.563 6.571 6.579 6.586 6.594 6.602 6.609 6.616 6.622 6.628 6.634 6.640 6.645 6.651 6.656 6.662 6.667 6.672 6.677 6.682 6.687 6.692 6.697 6.702 6.707 6.712 6.717 6.722 6.727 6.733 6.738 6.742 6.746 6.751 6.755
6.140 6.151 6.162 6.172 6.182 6.191 6.201 6.211 6.221 6.231 6.241 6.251 6.262 6.272 6.283 6.293 6.304 6.315 6.326 6.337 6.349 6.360 6.372 6.383 6.395 6.407 6.418 6.428 6.439 6.449 6.459 6.469 6.479 6.489 6.499 6.508 6.518 6.527 6.535 6.544 6.553 6.561 6.569 6.577 6.585 6.593 6.600 6.608 6.616 6.623 6.629 6.635 6.641 6.647 6.652 6.658 6.664 6.669 6.674 6.680 6.685 6.690 6.695 6.700 6.705 6.710 6.715 6.720 6.725 6.730 6.735 6.741 6.746 6.750 6.755 6.759 6.763
6.147 6.157 6.168 6.178 6.187 6.197 6.206 6.216 6.226 6.236 6.246 6.256 6.266 6.277 6.287 6.298 6.308 6.319 6.330 6.341 6.352 6.364 6.375 6.387 6.398 6.410 6.422 6.432 6.442 6.453 6.463 6.473 6.484 6.494 6.504 6.513 6.523 6.532 6.541 6.550 6.558 6.567 6.575 6.583 6.591 6.599 6.607 6.615 6.623 6.630 6.636 6.642 6.648 6.654 6.660 6.666 6.671 6.677 6.682 6.688 6.693 6.698 6.703 6.708 6.713 6.718 6.723 6.728 6.733 6.739 6.744 6.750 6.755 6.759 6.764 6.768 6.772
6.153 6.164 6.175 6.184 6.194 6.203 6.212 6.222 6.232 6.242 6.251 6.261 6.272 6.282 6.292 6.302 6.313 6.323 6.334 6.345 6.356 6.367 6.379 6.390 6.402 6.414 6.425 6.436 6.446 6.457 6.467 6.478 6.488 6.498 6.508 6.518 6.528 6.537 6.547 6.556 6.564 6.573 6.581 6.590 6.598 6.606 6.614 6.622 6.630 6.637 6.643 6.649 6.655 6.662 6.667 6.673 6.679 6.685 6.690 6.696 6.701 6.706 6.712 6.717 6.722 6.727 6.732 6.737 6.742 6.747 6.753 6.759 6.764 6.768 6.773 6.777 6.781
6.161 6.171 6.181 6.191 6.200 6.209 6.218 6.228 6.238 6.247 6.257 6.267 6.277 6.287 6.297 6.307 6.317 6.328 6.339 6.349 6.360 6.371 6.383 6.394 6.406 6.418 6.429 6.439 6.450 6.461 6.471 6.482 6.492 6.503 6.513 6.523 6.533 6.543 6.552 6.562 6.570 6.579 6.588 6.596 6.604 6.613 6.621 6.629 6.637 6.644 6.651 6.657 6.663 6.669 6.675 6.681 6.687 6.693 6.699 6.704 6.710 6.715 6.720 6.725 6.731 6.736 6.741 6.746 6.751 6.756 6.762 6.768 6.773 6.777 6.782 6.786 6.791
6.168 6.178 6.189 6.198 6.207 6.216 6.225 6.234 6.244 6.253 6.263 6.273 6.283 6.292 6.302 6.312 6.322 6.333 6.343 6.354 6.365 6.376 6.387 6.398 6.410 6.422 6.433 6.443 6.454 6.465 6.475 6.486 6.497 6.507 6.518 6.528 6.538 6.548 6.558 6.567 6.577 6.585 6.594 6.603 6.611 6.619 6.628 6.636 6.644 6.651 6.658 6.664 6.671 6.677 6.683 6.689 6.695 6.701 6.707 6.713 6.718 6.724 6.729 6.734 6.740 6.745 6.750 6.755 6.760 6.766 6.771 6.777 6.782 6.787 6.791 6.795 6.800
6.176 6.186 6.196 6.205 6.214 6.223 6.232 6.241 6.250 6.260 6.269 6.279 6.288 6.298 6.308 6.318 6.328 6.338 6.348 6.359 6.369 6.380 6.391 6.403 6.414 6.426 6.437 6.447 6.458 6.469 6.479 6.490 6.501 6.512 6.523 6.533 6.543 6.554 6.563 6.573 6.582 6.592 6.601 6.609 6.618 6.626 6.635 6.643 6.651 6.659 6.666 6.672 6.679 6.685 6.691 6.697 6.704 6.710 6.716 6.721 6.727 6.733 6.738 6.743 6.749 6.754 6.759 6.764 6.770 6.775 6.781 6.787 6.792 6.796 6.801 6.805 6.810
6.185 6.195 6.204 6.213 6.222 6.230 6.239 6.248 6.257 6.267 6.276 6.285 6.295 6.304 6.314 6.324 6.333 6.343 6.353 6.364 6.374 6.385 6.396 6.407 6.419 6.430 6.441 6.451 6.462 6.473 6.484 6.495 6.506 6.516 6.527 6.538 6.548 6.559 6.569 6.579 6.588 6.598 6.607 6.616 6.625 6.633 6.642 6.650 6.659 6.666 6.673 6.680 6.686 6.693 6.699 6.706 6.712 6.718 6.724 6.730 6.736 6.742 6.747 6.753 6.758 6.763 6.769 6.774 6.779 6.785 6.791 6.796 6.801 6.806 6.810 6.815 6.819
