version1/TsunamiDB/out54012.asc
ncols          264
nrows          230
xllcorner      497853.4375
yllcorner      4229146.0000
cellsize         5.
NODATA_value   -99
[rows 186 to 216 of 230, columns 140 to 209 of 264]
3.551 3.844 4.074 4.251 4.387 4.496 4.587 4.667 4.740 4.810 4.877 4.944 5.011 5.077 5.142 5.204 5.263 5.315 5.360 5.396 5.422 5.442 5.460 5.479 5.501 5.528 5.570 5.627 5.682 5.754 5.849 5.950 6.058 6.168 6.275 6.380 6.452 6.480 6.580 6.706 6.767 6.803 6.827 6.845 6.850 6.840 6.812 6.758 6.780 6.880 6.946 6.980 6.984 6.966 6.929 6.877 6.804 6.688 6.624 6.642 6.656 6.659 6.644 6.611 6.556 6.471 6.367 6.256 6.189 6.181
3.684 3.953 4.160 4.317 4.439 4.538 4.622 4.697 4.767 4.835 4.901 4.967 5.033 5.098 5.163 5.225 5.284 5.338 5.384 5.423 5.453 5.477 5.498 5.520 5.547 5.580 5.623 5.673 5.721 5.784 5.872 5.971 6.078 6.192 6.304 6.400 6.462 6.493 6.593 6.717 6.780 6.816 6.838 6.855 6.863 6.855 6.832 6.779 6.802 6.904 6.976 7.016 7.026 7.014 6.981 6.928 6.848 6.724 6.649 6.656 6.662 6.656 6.632 6.590 6.524 6.433 6.333 6.227 6.164 6.160
3.809 4.053 4.238 4.379 4.488 4.577 4.656 4.727 4.794 4.860 4.925 4.990 5.055 5.119 5.183 5.244 5.303 5.358 5.407 5.449 5.484 5.513 5.540 5.570 5.604 5.644 5.688 5.734 5.775 5.829 5.908 6.000 6.104 6.217 6.325 6.411 6.473 6.507 6.608 6.732 6.796 6.830 6.850 6.868 6.876 6.873 6.855 6.802 6.826 6.933 7.011 7.055 7.070 7.063 7.031 6.974 6.887 6.754 6.668 6.663 6.661 6.646 6.612 6.560 6.486 6.397 6.304 6.204 6.145 6.148
3.926 4.147 4.312 4.436 4.534 4.616 4.689 4.757 4.822 4.886 4.950 5.014 5.077 5.140 5.201 5.262 5.320 5.376 5.427 5.474 5.516 5.553 5.588 5.626 5.668 5.714 5.759 5.803 5.840 5.886 5.953 6.033 6.130 6.236 6.339 6.425 6.489 6.525 6.626 6.753 6.816 6.847 6.866 6.882 6.892 6.895 6.880 6.829 6.855 6.967 7.048 7.095 7.114 7.109 7.075 7.013 6.918 6.775 6.679 6.664 6.651 6.627 6.584 6.522 6.447 6.364 6.280 6.186 6.136 6.146
4.036 4.235 4.382 4.493 4.581 4.655 4.723 4.787 4.850 4.912 4.974 5.036 5.098 5.158 5.218 5.277 5.334 5.390 5.444 5.497 5.546 5.592 5.638 5.685 5.735 5.785 5.833 5.878 5.912 5.950 6.003 6.071 6.155 6.253 6.354 6.443 6.511 6.549 6.648 6.775 6.838 6.869 6.883 6.897 6.910 6.917 6.909 6.861 6.887 7.001 7.084 7.135 7.155 7.149 7.113 7.044 6.940 6.790 6.682 6.655 6.632 6.599 6.548 6.485 6.413 6.337 6.262 6.178 6.134 6.150
4.140 4.319 4.450 4.549 4.627 4.696 4.759 4.820 4.879 4.939 4.998 5.058 5.116 5.173 5.230 5.287 5.344 5.401 5.458 5.516 5.574 5.631 5.688 5.743 5.799 5.854 5.905 5.951 5.985 6.017 6.060 6.113 6.182 6.272 6.371 6.466 6.539 6.575 6.672 6.800 6.866 6.892 6.902 6.916 6.929 6.942 6.942 6.895 6.920 7.036 7.121 7.171 7.190 7.183 7.141 7.066 6.954 6.794 6.676 6.637 6.605 6.564 6.511 6.449 6.382 6.316 6.252 6.176 6.139 6.159
4.240 4.400 4.517 4.605 4.677 4.740 4.799 4.855 4.911 4.967 5.023 5.077 5.132 5.185 5.238 5.293 5.350 5.409 5.470 5.533 5.601 5.669 5.734 5.797 5.859 5.918 5.972 6.021 6.057 6.089 6.122 6.161 6.219 6.300 6.398 6.499 6.574 6.607 6.701 6.835 6.896 6.914 6.923 6.935 6.950 6.971 6.976 6.928 6.954 7.071 7.154 7.202 7.219 7.207 7.161 7.079 6.957 6.787 6.660 6.610 6.569 6.526 6.473 6.415 6.357 6.303 6.248 6.179 6.148 6.173
4.336 4.480 4.585 4.665 4.730 4.789 4.843 4.895 4.947 4.998 5.047 5.096 5.145 5.193 5.243 5.295 5.352 5.415 5.480 5.551 5.627 5.703 5.778 5.850 5.915 5.976 6.033 6.086 6.129 6.163 6.194 6.224 6.271 6.343 6.438 6.540 6.617 6.644 6.735 6.864 6.920 6.936 6.941 6.953 6.973 6.999 7.009 6.962 6.986 7.099 7.178 7.223 7.235 7.219 7.168 7.076 6.944 6.766 6.629 6.571 6.527 6.484 6.435 6.385 6.338 6.293 6.247 6.185 6.158 6.184
4.427 4.558 4.654 4.727 4.788 4.843 4.894 4.942 4.988 5.032 5.075 5.117 5.158 5.201 5.247 5.298 5.356 5.421 5.492 5.568 5.652 5.735 5.817 5.895 5.965 6.031 6.092 6.152 6.203 6.246 6.279 6.306 6.344 6.405 6.488 6.584 6.661 6.681 6.764 6.889 6.943 6.958 6.963 6.977 6.997 7.024 7.039 6.991 7.011 7.119 7.194 7.233 7.241 7.220 7.163 7.063 6.921 6.734 6.591 6.530 6.486 6.445 6.402 6.361 6.324 6.288 6.249 6.193 6.169 6.197
4.514 4.634 4.724 4.793 4.852 4.903 4.950 4.994 5.034 5.071 5.106 5.139 5.174 5.210 5.252 5.301 5.360 5.431 5.506 5.589 5.679 5.768 5.858 5.943 6.020 6.090 6.156 6.222 6.283 6.339 6.377 6.402 6.433 6.482 6.549 6.642 6.721 6.723 6.794 6.916 6.969 6.982 6.988 7.001 7.020 7.051 7.074 7.022 7.033 7.136 7.205 7.239 7.242 7.216 7.151 7.043 6.889 6.696 6.551 6.490 6.448 6.412 6.377 6.346 6.317 6.288 6.256 6.204 6.182 6.212
4.597 4.709 4.794 4.862 4.919 4.969 5.013 5.052 5.086 5.116 5.143 5.167 5.193 5.224 5.262 5.310 5.372 5.449 5.529 5.619 5.714 5.809 5.905 5.996 6.079 6.154 6.226 6.299 6.371 6.441 6.486 6.513 6.544 6.581 6.636 6.734 6.789 6.763 6.824 6.941 6.990 7.004 7.013 7.026 7.046 7.090 7.111 7.046 7.051 7.146 7.208 7.236 7.234 7.200 7.128 7.006 6.843 6.651 6.508 6.450 6.413 6.383 6.357 6.334 6.312 6.291 6.263 6.214 6.195 6.226
4.674 4.781 4.864 4.931 4.988 5.037 5.079 5.115 5.144 5.168 5.187 5.203 5.221 5.246 5.281 5.331 5.397 5.478 5.563 5.657 5.756 5.856 5.956 6.052 6.143 6.228 6.309 6.386 6.469 6.556 6.612 6.648 6.679 6.715 6.766 6.823 6.832 6.796 6.851 6.959 7.008 7.027 7.039 7.058 7.089 7.127 7.130 7.060 7.058 7.144 7.199 7.222 7.213 7.171 7.087 6.956 6.794 6.605 6.467 6.414 6.383 6.362 6.341 6.325 6.310 6.292 6.270 6.225 6.207 6.238
4.745 4.848 4.931 4.999 5.056 5.105 5.147 5.181 5.207 5.226 5.239 5.248 5.259 5.278 5.311 5.361 5.430 5.514 5.603 5.700 5.804 5.907 6.011 6.114 6.216 6.313 6.401 6.481 6.575 6.681 6.751 6.794 6.827 6.858 6.881 6.889 6.870 6.825 6.870 6.973 7.026 7.050 7.069 7.096 7.125 7.147 7.137 7.062 7.054 7.130 7.180 7.196 7.179 7.127 7.033 6.901 6.744 6.560 6.428 6.383 6.360 6.343 6.329 6.317 6.306 6.294 6.276 6.234 6.218 6.251
4.808 4.909 4.992 5.061 5.120 5.171 5.213 5.247 5.272 5.289 5.297 5.300 5.305 5.319 5.349 5.398 5.468 5.555 5.647 5.748 5.856 5.963 6.072 6.184 6.298 6.404 6.498 6.581 6.688 6.811 6.890 6.939 6.972 6.985 6.976 6.949 6.906 6.852 6.888 6.986 7.042 7.073 7.099 7.124 7.145 7.154 7.132 7.053 7.038 7.106 7.147 7.157 7.132 7.072 6.974 6.845 6.693 6.517 6.395 6.358 6.340 6.328 6.317 6.309 6.302 6.296 6.282 6.243 6.230 6.267
4.863 4.961 5.045 5.116 5.178 5.231 5.276 5.312 5.338 5.353 5.359 5.359 5.359 5.368 5.395 5.443 5.514 5.602 5.696 5.800 5.911 6.024 6.138 6.259 6.383 6.497 6.599 6.684 6.799 6.934 7.020 7.074 7.097 7.093 7.061 7.008 6.945 6.881 6.907 6.998 7.057 7.095 7.120 7.140 7.152 7.148 7.116 7.033 7.011 7.069 7.103 7.107 7.075 7.010 6.914 6.789 6.646 6.480 6.367 6.336 6.322 6.313 6.305 6.301 6.299 6.296 6.288 6.254 6.244 6.283
4.908 5.004 5.088 5.162 5.227 5.284 5.333 5.372 5.400 5.417 5.423 5.422 5.420 5.426 5.449 5.495 5.563 5.651 5.746 5.852 5.969 6.086 6.206 6.334 6.466 6.590 6.698 6.780 6.900 7.046 7.139 7.190 7.204 7.188 7.139 7.066 6.987 6.909 6.924 7.010 7.070 7.107 7.129 7.142 7.144 7.129 7.089 7.002 6.973 7.021 7.049 7.047 7.012 6.948 6.855 6.738 6.604 6.447 6.342 6.315 6.305 6.299 6.294 6.292 6.294 6.297 6.296 6.266 6.259 6.301
4.944 5.037 5.122 5.198 5.266 5.328 5.382 5.425 5.457 5.477 5.485 5.485 5.484 5.490 5.510 5.552 5.616 5.702 5.797 5.904 6.025 6.148 6.273 6.407 6.547 6.681 6.791 6.869 6.992 7.148 7.242 7.289 7.298 7.272 7.212 7.123 7.026 6.935 6.939 7.019 7.075 7.109 7.125 7.130 7.123 7.100 7.052 6.960 6.926 6.966 6.987 6.982 6.947 6.885 6.799 6.691 6.564 6.416 6.318 6.295 6.286 6.283 6.282 6.283 6.289 6.299 6.304 6.279 6.275 6.321
4.973 5.064 5.148 5.225 5.297 5.363 5.421 5.470 5.506 5.530 5.543 5.547 5.550 5.558 5.578 5.615 5.675 5.757 5.849 5.957 6.081 6.209 6.340 6.481 6.627 6.764 6.875 6.947 7.072 7.230 7.322 7.367 7.371 7.339 7.270 7.167 7.055 6.952 6.943 7.013 7.065 7.096 7.104 7.101 7.087 7.055 7.000 6.905 6.865 6.899 6.917 6.912 6.879 6.822 6.744 6.643 6.523 6.383 6.290 6.269 6.263 6.265 6.266 6.272 6.285 6.301 6.313 6.293 6.292 6.339
4.999 5.086 5.168 5.245 5.319 5.388 5.450 5.504 5.546 5.576 5.594 5.604 5.614 5.628 5.650 5.685 5.739 5.816 5.903 6.008 6.134 6.265 6.401 6.545 6.692 6.828 6.942 7.009 7.130 7.287 7.380 7.425 7.426 7.391 7.316 7.204 7.079 6.963 6.943 7.004 7.050 7.074 7.075 7.065 7.043 7.003 6.943 6.845 6.801 6.832 6.849 6.844 6.814 6.764 6.694 6.599 6.485 6.350 6.262 6.244 6.243 6.248 6.254 6.265 6.283 6.305 6.323 6.308 6.309 6.356
5.024 5.106 5.186 5.261 5.334 5.405 5.470 5.528 5.576 5.612 5.638 5.657 5.676 5.697 5.722 5.755 5.806 5.878 5.960 6.059 6.184 6.316 6.456 6.603 6.751 6.893 7.010 7.065 7.180 7.341 7.435 7.479 7.480 7.444 7.364 7.243 7.105 6.975 6.942 6.993 7.032 7.049 7.043 7.025 6.995 6.948 6.883 6.783 6.738 6.768 6.785 6.782 6.757 6.714 6.650 6.561 6.449 6.319 6.236 6.222 6.225 6.235 6.247 6.264 6.286 6.314 6.340 6.328 6.330 6.375
5.048 5.127 5.202 5.275 5.346 5.416 5.483 5.545 5.598 5.641 5.676 5.704 5.732 5.760 5.790 5.825 5.876 5.947 6.021 6.115 6.235 6.369 6.513 6.663 6.814 6.968 7.074 7.110 7.222 7.386 7.481 7.526 7.526 7.486 7.402 7.267 7.116 6.978 6.933 6.975 7.005 7.015 7.003 6.976 6.939 6.887 6.818 6.718 6.676 6.706 6.723 6.723 6.704 6.666 6.607 6.518 6.408 6.286 6.211 6.201 6.208 6.224 6.243 6.265 6.293 6.331 6.363 6.350 6.351 6.394
5.073 5.148 5.219 5.289 5.358 5.426 5.494 5.558 5.615 5.666 5.709 5.746 5.782 5.818 5.856 5.901 5.959 6.027 6.097 6.184 6.299 6.432 6.577 6.734 6.893 7.030 7.113 7.143 7.253 7.418 7.515 7.562 7.559 7.513 7.419 7.277 7.125 6.977 6.918 6.950 6.972 6.976 6.955 6.922 6.879 6.821 6.752 6.656 6.616 6.645 6.664 6.669 6.652 6.616 6.558 6.471 6.370 6.257 6.187 6.182 6.197 6.220 6.245 6.275 6.312 6.354 6.383 6.370 6.371 6.409
5.097 5.169 5.239 5.305 5.371 5.437 5.504 5.569 5.631 5.689 5.741 5.787 5.831 5.877 5.927 5.984 6.048 6.118 6.187 6.269 6.377 6.502 6.645 6.802 6.950 7.066 7.139 7.165 7.273 7.439 7.539 7.584 7.578 7.526 7.425 7.283 7.129 6.968 6.895 6.919 6.935 6.930 6.903 6.863 6.814 6.755 6.688 6.595 6.557 6.587 6.610 6.615 6.600 6.565 6.506 6.427 6.336 6.230 6.167 6.170 6.193 6.222 6.254 6.293 6.336 6.376 6.403 6.389 6.387 6.421
5.121 5.192 5.258 5.321 5.385 5.449 5.515 5.582 5.648 5.712 5.774 5.829 5.882 5.939 6.002 6.069 6.142 6.217 6.287 6.368 6.463 6.575 6.709 6.852 6.985 7.090 7.158 7.180 7.285 7.453 7.553 7.595 7.585 7.528 7.424 7.283 7.122 6.951 6.868 6.884 6.891 6.879 6.846 6.800 6.749 6.692 6.626 6.538 6.503 6.534 6.557 6.563 6.547 6.511 6.457 6.387 6.305 6.209 6.154 6.167 6.196 6.231 6.271 6.315 6.359 6.397 6.420 6.405 6.400 6.429
5.143 5.213 5.277 5.338 5.398 5.460 5.525 5.594 5.664 5.735 5.805 5.871 5.936 6.004 6.077 6.156 6.238 6.319 6.394 6.470 6.553 6.650 6.762 6.885 7.007 7.107 7.174 7.192 7.291 7.458 7.557 7.598 7.583 7.524 7.420 7.275 7.109 6.928 6.835 6.842 6.842 6.824 6.785 6.738 6.688 6.631 6.568 6.485 6.453 6.483 6.505 6.510 6.494 6.460 6.412 6.351 6.282 6.197 6.152 6.172 6.206 6.248 6.292 6.337 6.381 6.416 6.436 6.419 6.410 6.432
5.164 5.232 5.293 5.351 5.408 5.467 5.532 5.603 5.676 5.754 5.834 5.912 5.989 6.067 6.151 6.238 6.328 6.414 6.493 6.569 6.642 6.718 6.803 6.909 7.022 7.122 7.190 7.200 7.292 7.459 7.558 7.593 7.576 7.516 7.410 7.261 7.087 6.896 6.794 6.794 6.788 6.765 6.726 6.679 6.629 6.575 6.516 6.435 6.404 6.432 6.453 6.458 6.443 6.414 6.372 6.323 6.268 6.193 6.156 6.183 6.223 6.268 6.314 6.359 6.401 6.433 6.449 6.429 6.415 6.430
5.184 5.248 5.306 5.359 5.412 5.469 5.533 5.605 5.683 5.767 5.858 5.949 6.036 6.125 6.219 6.312 6.406 6.495 6.580 6.661 6.724 6.779 6.846 6.935 7.038 7.140 7.209 7.210 7.295 7.463 7.556 7.585 7.564 7.501 7.392 7.238 7.054 6.854 6.747 6.738 6.727 6.705 6.667 6.621 6.575 6.524 6.466 6.387 6.356 6.383 6.402 6.408 6.396 6.372 6.340 6.304 6.261 6.196 6.167 6.200 6.243 6.289 6.335 6.379 6.418 6.446 6.458 6.434 6.415 6.423
5.204 5.262 5.314 5.362 5.411 5.465 5.528 5.603 5.684 5.775 5.878 5.979 6.080 6.180 6.278 6.374 6.470 6.562 6.654 6.739 6.799 6.845 6.895 6.967 7.064 7.164 7.233 7.224 7.301 7.462 7.545 7.568 7.541 7.475 7.361 7.197 7.003 6.797 6.685 6.672 6.663 6.643 6.607 6.566 6.523 6.474 6.415 6.338 6.306 6.331 6.350 6.359 6.351 6.335 6.316 6.291 6.260 6.205 6.182 6.218 6.262 6.308 6.352 6.394 6.430 6.454 6.460 6.432 6.408 6.406
5.226 5.276 5.320 5.362 5.407 5.458 5.521 5.597 5.682 5.779 5.889 6.001 6.112 6.221 6.324 6.423 6.521 6.615 6.714 6.809 6.874 6.919 6.960 7.019 7.100 7.192 7.259 7.239 7.302 7.453 7.527 7.541 7.508 7.435 7.315 7.144 6.941 6.730 6.618 6.608 6.601 6.585 6.552 6.515 6.476 6.427 6.369 6.291 6.259 6.284 6.306 6.318 6.316 6.310 6.300 6.286 6.266 6.218 6.200 6.237 6.280 6.325 6.367 6.406 6.439 6.458 6.459 6.426 6.394 6.384
5.252 5.292 5.327 5.362 5.401 5.448 5.510 5.589 5.678 5.780 5.899 6.019 6.142 6.261 6.369 6.472 6.572 6.667 6.773 6.882 6.956 7.002 7.039 7.085 7.148 7.236 7.306 7.265 7.307 7.445 7.508 7.511 7.469 7.390 7.262 7.082 6.868 6.658 6.552 6.547 6.547 6.533 6.506 6.474 6.435 6.386 6.327 6.250 6.218 6.245 6.270 6.286 6.292 6.295 6.294 6.290 6.280 6.238 6.221 6.258 6.300 6.342 6.381 6.418 6.446 6.460 6.455 6.415 6.376 6.356
5.285 5.315 5.340 5.366 5.399 5.443 5.507 5.592 5.683 5.791 5.916 6.045 6.177 6.302 6.417 6.524 6.624 6.718 6.833 6.958 7.041 7.094 7.135 7.173 7.224 7.321 7.369 7.288 7.309 7.432 7.481 7.472 7.420 7.330 7.193 6.996 6.776 6.581 6.488 6.491 6.495 6.488 6.466 6.436 6.397 6.347 6.286 6.212 6.183 6.212 6.239 6.262 6.277 6.288 6.296 6.303 6.300 6.259 6.244 6.279 6.318 6.357 6.393 6.425 6.448 6.456 6.443 6.397 6.350 6.321
