version1/TsunamiDB/out54063.asc
ncols          264
nrows          230
xllcorner      497853.4375
yllcorner      4229146.0000
cellsize         5.
NODATA_value   -99
[rows 132 to 164 of 230, columns 150 to 224 of 264]
6.304 6.311 6.319 6.329 6.340 6.353 6.369 6.386 6.405 6.426 6.449 6.473 6.498 6.524 6.551 6.578 6.605 6.633 6.660 6.687 6.713 6.738 6.764 6.789 6.815 6.840 6.865 6.890 6.914 6.938 6.961 6.982 7.002 7.019 7.034 7.047 7.060 7.076 7.095 7.115 7.139 7.169 7.201 7.237 7.278 7.323 7.371 7.419 7.472 7.534 7.601 7.671 7.742 7.817 7.896 7.980 8.060 8.116 8.175 8.260 8.341 8.416 8.486 8.550 8.608 8.656 8.693 8.711 8.730 8.759 8.784 8.805 8.820 8.831 8.840
6.320 6.328 6.336 6.345 6.356 6.368 6.383 6.399 6.418 6.438 6.460 6.484 6.509 6.535 6.562 6.589 6.617 6.645 6.672 6.700 6.726 6.751 6.777 6.803 6.829 6.855 6.881 6.906 6.931 6.955 6.978 7.000 7.020 7.038 7.053 7.066 7.079 7.096 7.114 7.134 7.160 7.191 7.226 7.266 7.312 7.361 7.412 7.462 7.517 7.582 7.651 7.721 7.791 7.865 7.945 8.029 8.111 8.167 8.226 8.311 8.390 8.463 8.531 8.592 8.646 8.689 8.722 8.738 8.754 8.779 8.801 8.819 8.832 8.842 8.850
6.337 6.344 6.352 6.362 6.372 6.384 6.397 6.413 6.431 6.450 6.472 6.495 6.520 6.546 6.573 6.601 6.629 6.657 6.686 6.713 6.739 6.765 6.792 6.818 6.844 6.870 6.897 6.922 6.948 6.973 6.996 7.019 7.040 7.058 7.073 7.086 7.099 7.115 7.134 7.155 7.183 7.215 7.253 7.297 7.346 7.399 7.453 7.505 7.562 7.628 7.698 7.769 7.840 7.913 7.992 8.076 8.160 8.217 8.276 8.359 8.436 8.507 8.572 8.630 8.681 8.721 8.750 8.763 8.777 8.798 8.817 8.833 8.844 8.852 8.860
6.352 6.360 6.368 6.377 6.387 6.399 6.412 6.427 6.444 6.463 6.484 6.507 6.532 6.558 6.585 6.613 6.641 6.670 6.699 6.726 6.753 6.780 6.807 6.833 6.860 6.887 6.913 6.939 6.965 6.991 7.015 7.038 7.059 7.077 7.093 7.105 7.118 7.135 7.155 7.177 7.206 7.241 7.282 7.330 7.383 7.439 7.496 7.549 7.606 7.675 7.746 7.818 7.888 7.962 8.040 8.125 8.214 8.270 8.327 8.408 8.483 8.551 8.612 8.668 8.715 8.751 8.775 8.786 8.797 8.816 8.832 8.845 8.855 8.863 8.869
6.367 6.376 6.384 6.393 6.403 6.414 6.427 6.441 6.458 6.476 6.497 6.520 6.544 6.570 6.597 6.625 6.654 6.683 6.712 6.740 6.768 6.795 6.822 6.849 6.876 6.903 6.930 6.957 6.983 7.009 7.034 7.057 7.079 7.097 7.113 7.125 7.138 7.157 7.178 7.202 7.232 7.270 7.315 7.365 7.421 7.480 7.539 7.593 7.650 7.721 7.793 7.866 7.938 8.012 8.089 8.182 8.273 8.324 8.377 8.456 8.528 8.592 8.650 8.702 8.746 8.776 8.795 8.805 8.815 8.831 8.845 8.856 8.865 8.872 8.878
6.382 6.391 6.400 6.409 6.419 6.429 6.442 6.456 6.472 6.490 6.510 6.532 6.556 6.582 6.609 6.637 6.666 6.696 6.726 6.754 6.782 6.810 6.838 6.866 6.893 6.921 6.948 6.975 7.002 7.028 7.053 7.077 7.099 7.117 7.132 7.145 7.160 7.181 7.203 7.229 7.262 7.302 7.349 7.402 7.461 7.523 7.584 7.637 7.695 7.767 7.842 7.916 7.990 8.067 8.150 8.243 8.327 8.375 8.426 8.501 8.569 8.630 8.684 8.732 8.771 8.796 8.814 8.823 8.832 8.845 8.857 8.867 8.875 8.881 8.887
6.397 6.406 6.415 6.424 6.434 6.445 6.457 6.470 6.486 6.503 6.523 6.544 6.568 6.594 6.621 6.650 6.679 6.709 6.739 6.769 6.797 6.826 6.854 6.883 6.911 6.938 6.966 6.994 7.021 7.047 7.073 7.097 7.119 7.138 7.154 7.168 7.185 7.207 7.232 7.259 7.295 7.337 7.386 7.441 7.502 7.566 7.628 7.682 7.741 7.815 7.892 7.969 8.046 8.127 8.213 8.300 8.378 8.422 8.471 8.542 8.606 8.664 8.714 8.757 8.791 8.815 8.832 8.840 8.847 8.859 8.869 8.877 8.884 8.890 8.896
6.413 6.422 6.431 6.440 6.449 6.460 6.472 6.485 6.500 6.517 6.536 6.557 6.580 6.606 6.633 6.662 6.691 6.722 6.753 6.783 6.812 6.841 6.871 6.899 6.928 6.956 6.984 7.012 7.040 7.067 7.093 7.117 7.140 7.159 7.177 7.193 7.212 7.236 7.263 7.293 7.330 7.374 7.424 7.481 7.543 7.609 7.673 7.728 7.788 7.866 7.946 8.025 8.106 8.188 8.272 8.354 8.426 8.467 8.513 8.579 8.640 8.694 8.740 8.779 8.810 8.832 8.848 8.855 8.861 8.872 8.880 8.887 8.893 8.898 8.904
6.429 6.438 6.447 6.456 6.465 6.476 6.487 6.500 6.514 6.530 6.549 6.570 6.593 6.618 6.645 6.674 6.704 6.735 6.766 6.797 6.827 6.857 6.887 6.916 6.946 6.974 7.003 7.031 7.059 7.087 7.113 7.138 7.161 7.183 7.202 7.221 7.242 7.268 7.297 7.329 7.368 7.413 7.464 7.521 7.585 7.652 7.720 7.776 7.837 7.918 8.001 8.084 8.166 8.247 8.328 8.404 8.471 8.509 8.551 8.613 8.670 8.721 8.763 8.799 8.827 8.848 8.863 8.869 8.875 8.884 8.891 8.897 8.901 8.906 8.912
6.445 6.454 6.463 6.472 6.482 6.492 6.503 6.515 6.529 6.544 6.562 6.582 6.605 6.630 6.657 6.685 6.716 6.747 6.779 6.811 6.842 6.872 6.903 6.933 6.963 6.992 7.021 7.050 7.079 7.107 7.134 7.160 7.185 7.208 7.230 7.251 7.274 7.302 7.333 7.367 7.407 7.453 7.504 7.561 7.626 7.697 7.769 7.826 7.889 7.973 8.058 8.143 8.224 8.303 8.380 8.451 8.513 8.549 8.587 8.645 8.698 8.745 8.784 8.818 8.844 8.864 8.878 8.883 8.888 8.895 8.901 8.905 8.909 8.912 8.917
6.462 6.472 6.481 6.490 6.499 6.508 6.519 6.531 6.544 6.559 6.576 6.595 6.617 6.642 6.668 6.697 6.728 6.759 6.792 6.824 6.856 6.887 6.919 6.950 6.980 7.010 7.040 7.069 7.098 7.127 7.155 7.183 7.210 7.235 7.260 7.283 7.308 7.338 7.371 7.405 7.447 7.493 7.544 7.601 7.668 7.743 7.819 7.878 7.942 8.030 8.117 8.200 8.280 8.356 8.429 8.495 8.553 8.586 8.621 8.674 8.723 8.767 8.804 8.836 8.861 8.879 8.891 8.896 8.899 8.905 8.910 8.913 8.916 8.918 8.923
6.480 6.490 6.499 6.508 6.517 6.526 6.536 6.547 6.560 6.574 6.590 6.609 6.630 6.654 6.680 6.709 6.739 6.771 6.805 6.837 6.870 6.902 6.934 6.966 6.997 7.028 7.058 7.088 7.118 7.148 7.178 7.207 7.236 7.264 7.291 7.316 7.343 7.375 7.409 7.445 7.487 7.534 7.585 7.644 7.714 7.792 7.872 7.932 7.998 8.087 8.173 8.255 8.332 8.405 8.474 8.536 8.590 8.620 8.652 8.701 8.746 8.787 8.822 8.852 8.876 8.893 8.903 8.906 8.909 8.914 8.918 8.920 8.922 8.924 8.928
6.499 6.508 6.518 6.527 6.536 6.545 6.554 6.564 6.576 6.590 6.605 6.623 6.643 6.667 6.692 6.721 6.751 6.783 6.817 6.850 6.883 6.917 6.950 6.982 7.014 7.045 7.076 7.107 7.139 7.170 7.201 7.232 7.264 7.294 7.323 7.351 7.379 7.412 7.447 7.484 7.528 7.576 7.629 7.689 7.760 7.841 7.924 7.986 8.053 8.142 8.227 8.307 8.381 8.451 8.516 8.574 8.625 8.652 8.681 8.727 8.769 8.807 8.840 8.868 8.891 8.906 8.914 8.917 8.918 8.922 8.925 8.928 8.929 8.930 8.934
6.518 6.528 6.537 6.546 6.555 6.564 6.573 6.583 6.594 6.606 6.621 6.638 6.657 6.680 6.705 6.732 6.763 6.795 6.829 6.863 6.897 6.931 6.964 6.997 7.030 7.062 7.094 7.127 7.160 7.193 7.226 7.259 7.292 7.325 7.356 7.385 7.415 7.449 7.486 7.524 7.570 7.619 7.673 7.735 7.807 7.892 7.982 8.044 8.109 8.197 8.281 8.358 8.429 8.496 8.558 8.612 8.660 8.685 8.711 8.753 8.792 8.827 8.857 8.884 8.906 8.920 8.925 8.925 8.926 8.929 8.932 8.935 8.936 8.937 8.940
6.537 6.547 6.557 6.567 6.576 6.585 6.593 6.603 6.613 6.624 6.638 6.653 6.672 6.693 6.717 6.745 6.775 6.807 6.841 6.876 6.910 6.944 6.979 7.012 7.046 7.078 7.112 7.147 7.182 7.216 7.251 7.286 7.322 7.356 7.389 7.419 7.450 7.486 7.524 7.565 7.612 7.664 7.720 7.784 7.858 7.952 8.045 8.103 8.165 8.252 8.333 8.408 8.476 8.540 8.597 8.649 8.693 8.715 8.739 8.779 8.814 8.846 8.874 8.900 8.921 8.931 8.932 8.933 8.933 8.936 8.939 8.941 8.943 8.945 8.947
6.556 6.567 6.578 6.588 6.597 6.606 6.614 6.623 6.633 6.643 6.656 6.670 6.687 6.707 6.731 6.757 6.787 6.819 6.853 6.888 6.923 6.958 6.993 7.027 7.061 7.095 7.131 7.168 7.204 7.241 7.277 7.314 7.351 7.387 7.421 7.452 7.487 7.525 7.564 7.608 7.658 7.713 7.772 7.841 7.923 8.017 8.105 8.159 8.220 8.304 8.383 8.455 8.521 8.581 8.636 8.683 8.725 8.745 8.767 8.803 8.836 8.865 8.891 8.913 8.930 8.937 8.940 8.940 8.940 8.942 8.946 8.949 8.952 8.954 8.961
6.574 6.587 6.598 6.609 6.618 6.628 6.636 6.645 6.654 6.663 6.675 6.688 6.704 6.723 6.745 6.770 6.799 6.831 6.865 6.900 6.935 6.971 7.006 7.041 7.076 7.113 7.150 7.189 7.228 7.266 7.304 7.343 7.380 7.417 7.452 7.487 7.525 7.565 7.607 7.654 7.708 7.766 7.830 7.904 7.989 8.079 8.161 8.213 8.271 8.353 8.430 8.500 8.563 8.620 8.671 8.716 8.755 8.774 8.793 8.826 8.856 8.882 8.905 8.924 8.938 8.944 8.947 8.947 8.946 8.949 8.954 8.958 8.962 8.968 8.977
6.592 6.606 6.618 6.629 6.640 6.650 6.658 6.667 6.676 6.685 6.695 6.707 6.721 6.739 6.760 6.784 6.812 6.843 6.877 6.912 6.947 6.983 7.019 7.055 7.093 7.131 7.171 7.212 7.252 7.292 7.332 7.371 7.409 7.446 7.484 7.524 7.565 7.608 7.652 7.705 7.763 7.824 7.893 7.969 8.052 8.137 8.215 8.265 8.321 8.400 8.475 8.542 8.603 8.657 8.706 8.748 8.784 8.801 8.818 8.848 8.875 8.899 8.918 8.933 8.945 8.951 8.955 8.954 8.953 8.958 8.963 8.969 8.975 8.983 8.994
6.610 6.624 6.637 6.650 6.661 6.672 6.681 6.690 6.698 6.707 6.716 6.727 6.740 6.756 6.775 6.798 6.825 6.855 6.889 6.923 6.959 6.996 7.033 7.071 7.110 7.151 7.193 7.235 7.277 7.318 7.359 7.399 7.438 7.477 7.518 7.562 7.609 7.655 7.703 7.759 7.821 7.887 7.957 8.032 8.112 8.193 8.268 8.316 8.369 8.445 8.517 8.583 8.641 8.693 8.739 8.778 8.811 8.827 8.842 8.869 8.893 8.913 8.929 8.942 8.952 8.958 8.963 8.962 8.961 8.967 8.974 8.982 8.990 8.999 9.010
6.626 6.641 6.656 6.669 6.682 6.693 6.703 6.712 6.721 6.729 6.738 6.748 6.760 6.774 6.792 6.813 6.838 6.868 6.901 6.935 6.971 7.009 7.048 7.088 7.129 7.172 7.215 7.259 7.301 7.344 7.386 7.427 7.468 7.510 7.554 7.603 7.655 7.705 7.756 7.817 7.883 7.951 8.019 8.092 8.168 8.245 8.318 8.364 8.415 8.489 8.559 8.622 8.677 8.727 8.770 8.807 8.838 8.851 8.864 8.889 8.910 8.927 8.940 8.951 8.959 8.965 8.972 8.971 8.971 8.978 8.987 8.996 9.005 9.016 9.027
6.641 6.658 6.673 6.688 6.702 6.714 6.725 6.735 6.744 6.752 6.761 6.770 6.780 6.793 6.809 6.828 6.852 6.881 6.913 6.946 6.983 7.023 7.063 7.106 7.149 7.194 7.238 7.282 7.326 7.370 7.414 7.457 7.500 7.544 7.593 7.648 7.705 7.758 7.811 7.877 7.946 8.013 8.080 8.149 8.221 8.296 8.367 8.411 8.459 8.532 8.599 8.660 8.713 8.760 8.800 8.835 8.862 8.873 8.885 8.906 8.924 8.939 8.950 8.959 8.966 8.974 8.981 8.981 8.981 8.990 9.000 9.011 9.021 9.032 9.043
6.656 6.673 6.690 6.706 6.720 6.734 6.746 6.757 6.766 6.775 6.783 6.792 6.801 6.813 6.827 6.844 6.867 6.894 6.925 6.959 6.997 7.037 7.080 7.125 7.170 7.216 7.261 7.306 7.351 7.396 7.442 7.487 7.533 7.582 7.635 7.696 7.758 7.812 7.869 7.937 8.006 8.072 8.137 8.202 8.272 8.344 8.414 8.457 8.503 8.573 8.637 8.695 8.745 8.790 8.828 8.859 8.884 8.894 8.904 8.922 8.938 8.951 8.960 8.968 8.975 8.982 8.991 8.992 8.993 9.003 9.014 9.025 9.036 9.047 9.058
6.669 6.688 6.705 6.722 6.738 6.753 6.766 6.778 6.788 6.797 6.806 6.814 6.823 6.833 6.845 6.861 6.882 6.908 6.938 6.972 7.011 7.053 7.097 7.144 7.191 7.238 7.284 7.329 7.375 7.422 7.471 7.519 7.569 7.622 7.680 7.744 7.811 7.868 7.926 7.995 8.064 8.129 8.192 8.255 8.321 8.390 8.460 8.502 8.546 8.613 8.674 8.728 8.776 8.818 8.855 8.883 8.905 8.913 8.921 8.937 8.951 8.963 8.971 8.977 8.984 8.992 9.002 9.003 9.005 9.016 9.027 9.039 9.050 9.061 9.072
6.682 6.701 6.720 6.738 6.755 6.770 6.785 6.798 6.809 6.819 6.828 6.836 6.844 6.853 6.863 6.878 6.897 6.922 6.952 6.986 7.026 7.069 7.115 7.164 7.213 7.261 7.307 7.353 7.400 7.450 7.502 7.554 7.607 7.665 7.727 7.796 7.869 7.927 7.984 8.054 8.122 8.186 8.247 8.307 8.369 8.437 8.509 8.549 8.590 8.654 8.712 8.762 8.807 8.847 8.881 8.907 8.925 8.931 8.937 8.951 8.964 8.974 8.982 8.988 8.993 9.002 9.014 9.016 9.018 9.030 9.042 9.053 9.064 9.076 9.086
6.695 6.714 6.733 6.752 6.770 6.787 6.803 6.817 6.829 6.840 6.849 6.857 6.865 6.873 6.882 6.894 6.912 6.937 6.967 7.002 7.042 7.086 7.134 7.185 7.234 7.283 7.330 7.378 7.427 7.480 7.535 7.591 7.651 7.713 7.779 7.856 7.932 7.987 8.042 8.112 8.178 8.241 8.301 8.359 8.418 8.489 8.560 8.596 8.634 8.695 8.748 8.795 8.836 8.874 8.906 8.928 8.942 8.947 8.952 8.965 8.976 8.986 8.993 8.999 9.004 9.015 9.029 9.030 9.032 9.045 9.056 9.068 9.079 9.089 9.099
6.706 6.726 6.746 6.766 6.785 6.802 6.819 6.834 6.848 6.859 6.869 6.878 6.885 6.893 6.901 6.912 6.929 6.954 6.984 7.018 7.059 7.105 7.154 7.204 7.255 7.305 7.356 7.405 7.456 7.513 7.573 7.635 7.699 7.767 7.841 7.921 7.993 8.046 8.100 8.168 8.234 8.296 8.354 8.412 8.474 8.544 8.608 8.641 8.677 8.733 8.782 8.826 8.864 8.898 8.926 8.945 8.958 8.963 8.967 8.978 8.989 8.998 9.004 9.011 9.018 9.030 9.043 9.045 9.047 9.059 9.070 9.081 9.092 9.102 9.110
6.717 6.738 6.758 6.778 6.798 6.817 6.834 6.851 6.865 6.878 6.888 6.897 6.905 6.912 6.920 6.930 6.947 6.971 7.001 7.035 7.077 7.123 7.173 7.224 7.277 7.330 7.384 7.435 7.489 7.551 7.616 7.683 7.753 7.828 7.905 7.983 8.053 8.103 8.155 8.222 8.288 8.350 8.409 8.469 8.531 8.596 8.654 8.685 8.718 8.769 8.814 8.854 8.889 8.920 8.944 8.961 8.974 8.978 8.980 8.991 9.001 9.010 9.017 9.025 9.034 9.046 9.058 9.059 9.061 9.072 9.084 9.094 9.104 9.112 9.119
6.728 6.749 6.770 6.790 6.811 6.830 6.849 6.866 6.881 6.895 6.907 6.917 6.925 6.932 6.939 6.949 6.965 6.989 7.019 7.053 7.095 7.141 7.191 7.244 7.300 7.357 7.414 7.468 7.525 7.593 7.663 7.736 7.812 7.890 7.968 8.044 8.110 8.159 8.210 8.277 8.342 8.404 8.464 8.525 8.585 8.645 8.698 8.725 8.756 8.802 8.844 8.881 8.913 8.939 8.961 8.977 8.990 8.992 8.994 9.005 9.015 9.024 9.032 9.041 9.051 9.061 9.072 9.073 9.075 9.086 9.096 9.106 9.115 9.122 9.127
6.739 6.760 6.781 6.802 6.823 6.843 6.862 6.880 6.897 6.912 6.924 6.935 6.944 6.952 6.959 6.969 6.984 7.008 7.037 7.071 7.112 7.159 7.210 7.265 7.325 7.387 7.448 7.505 7.566 7.639 7.714 7.792 7.871 7.950 8.029 8.102 8.168 8.215 8.264 8.330 8.395 8.459 8.519 8.579 8.637 8.692 8.739 8.765 8.792 8.834 8.872 8.906 8.934 8.957 8.977 8.993 9.005 9.007 9.009 9.019 9.029 9.038 9.047 9.057 9.067 9.077 9.086 9.087 9.088 9.098 9.108 9.117 9.125 9.131 9.135
6.750 6.770 6.792 6.813 6.834 6.855 6.875 6.894 6.911 6.927 6.941 6.953 6.963 6.971 6.979 6.988 7.003 7.026 7.055 7.088 7.130 7.178 7.230 7.289 7.352 7.419 7.486 7.545 7.609 7.687 7.768 7.849 7.930 8.009 8.087 8.159 8.224 8.269 8.317 8.383 8.449 8.512 8.572 8.630 8.685 8.736 8.779 8.802 8.826 8.864 8.898 8.928 8.954 8.976 8.994 9.008 9.020 9.022 9.024 9.034 9.044 9.054 9.063 9.073 9.083 9.092 9.101 9.101 9.102 9.111 9.119 9.127 9.134 9.139 9.143
6.761 6.781 6.802 6.824 6.845 6.867 6.887 6.907 6.926 6.943 6.958 6.971 6.982 6.991 6.998 7.007 7.021 7.044 7.072 7.105 7.148 7.197 7.252 7.314 7.382 7.454 7.525 7.587 7.655 7.739 7.823 7.906 7.987 8.066 8.143 8.215 8.279 8.323 8.370 8.436 8.501 8.563 8.622 8.678 8.731 8.778 8.816 8.837 8.859 8.892 8.923 8.950 8.974 8.993 9.010 9.025 9.036 9.038 9.039 9.050 9.060 9.070 9.079 9.089 9.099 9.107 9.114 9.114 9.115 9.122 9.130 9.137 9.143 9.147 9.151
6.772 6.792 6.813 6.835 6.856 6.878 6.899 6.920 6.940 6.958 6.974 6.988 7.000 7.010 7.017 7.025 7.039 7.062 7.090 7.123 7.167 7.218 7.276 7.342 7.415 7.492 7.567 7.631 7.702 7.789 7.875 7.960 8.041 8.120 8.196 8.267 8.331 8.374 8.421 8.486 8.550 8.611 8.669 8.723 8.773 8.816 8.850 8.869 8.888 8.918 8.946 8.971 8.992 9.011 9.027 9.041 9.052 9.054 9.055 9.065 9.075 9.085 9.095 9.105 9.114 9.122 9.128 9.127 9.127 9.134 9.140 9.147 9.151 9.155 9.159
6.784 6.803 6.824 6.846 6.868 6.890 6.912 6.933 6.953 6.973 6.990 7.005 7.019 7.029 7.036 7.044 7.057 7.080 7.108 7.142 7.187 7.240 7.302 7.371 7.449 7.529 7.609 7.675 7.748 7.837 7.925 8.010 8.092 8.170 8.246 8.317 8.381 8.424 8.470 8.534 8.597 8.657 8.712 8.765 8.813 8.852 8.884 8.900 8.917 8.944 8.969 8.993 9.012 9.029 9.045 9.058 9.069 9.070 9.071 9.081 9.091 9.101 9.111 9.120 9.129 9.136 9.142 9.140 9.139 9.145 9.151 9.156 9.160 9.164 9.167
