version1/TsunamiDB/out54134.asc
ncols          264
nrows          230
xllcorner      497853.4375
yllcorner      4229146.0000
cellsize         5.
NODATA_value   -99
[rows 136 to 169 of 230, columns 0 to 76 of 264]
5.634 5.647 5.660 5.673 5.686 5.699 5.712 5.725 5.737 5.749 5.761 5.774 5.787 5.801 5.814 5.829 5.844 5.859 5.875 5.892 5.909 5.928 5.947 5.967 5.988 6.009 6.031 6.053 6.076 6.098 6.121 6.143 6.162 6.181 6.200 6.217 6.234 6.250 6.265 6.279 6.293 6.306 6.318 6.330 6.341 6.352 6.363 6.373 6.383 6.393 6.402 6.412 6.422 6.431 6.441 6.449 6.457 6.466 6.474 6.483 6.492 6.501 6.510 6.520 6.529 6.539 6.549 6.558 6.568 6.578 6.589 6.599 6.609 6.619 6.630 6.640 6.651
5.644 5.657 5.670 5.682 5.695 5.708 5.720 5.733 5.745 5.757 5.769 5.781 5.793 5.806 5.819 5.832 5.846 5.860 5.875 5.890 5.906 5.923 5.940 5.958 5.977 5.997 6.018 6.039 6.061 6.084 6.106 6.128 6.149 6.169 6.189 6.208 6.227 6.245 6.261 6.277 6.292 6.307 6.320 6.333 6.345 6.357 6.368 6.378 6.389 6.399 6.409 6.418 6.428 6.438 6.447 6.456 6.464 6.472 6.481 6.489 6.498 6.507 6.516 6.525 6.535 6.544 6.554 6.564 6.573 6.583 6.593 6.603 6.614 6.624 6.634 6.645 6.656
5.655 5.668 5.680 5.693 5.705 5.717 5.730 5.742 5.754 5.765 5.777 5.788 5.800 5.813 5.825 5.838 5.851 5.864 5.877 5.891 5.906 5.921 5.936 5.953 5.970 5.988 6.007 6.027 6.048 6.069 6.091 6.113 6.134 6.155 6.176 6.196 6.216 6.236 6.254 6.272 6.289 6.304 6.319 6.333 6.347 6.359 6.371 6.383 6.394 6.404 6.414 6.425 6.434 6.445 6.454 6.462 6.470 6.479 6.487 6.496 6.504 6.513 6.522 6.531 6.541 6.550 6.559 6.569 6.579 6.588 6.598 6.608 6.618 6.629 6.639 6.649 6.660
5.667 5.679 5.691 5.704 5.716 5.728 5.740 5.752 5.764 5.775 5.786 5.797 5.809 5.821 5.833 5.845 5.857 5.869 5.882 5.895 5.908 5.922 5.936 5.951 5.966 5.983 6.000 6.018 6.037 6.057 6.077 6.098 6.118 6.139 6.160 6.181 6.202 6.223 6.243 6.263 6.281 6.299 6.315 6.331 6.346 6.360 6.373 6.385 6.397 6.408 6.419 6.430 6.440 6.451 6.460 6.468 6.477 6.485 6.494 6.502 6.511 6.519 6.528 6.537 6.547 6.556 6.565 6.575 6.584 6.594 6.604 6.614 6.623 6.634 6.644 6.654 6.665
5.680 5.692 5.704 5.716 5.728 5.739 5.751 5.763 5.775 5.785 5.796 5.807 5.818 5.830 5.841 5.853 5.864 5.876 5.888 5.900 5.913 5.925 5.938 5.952 5.966 5.981 5.996 6.012 6.029 6.047 6.066 6.085 6.104 6.124 6.144 6.165 6.187 6.208 6.229 6.250 6.270 6.289 6.307 6.325 6.341 6.357 6.372 6.385 6.399 6.411 6.423 6.434 6.445 6.456 6.466 6.474 6.483 6.491 6.500 6.509 6.517 6.526 6.535 6.544 6.553 6.562 6.571 6.581 6.590 6.600 6.609 6.619 6.629 6.639 6.649 6.659 6.670
5.694 5.706 5.717 5.729 5.740 5.752 5.763 5.775 5.786 5.796 5.807 5.818 5.829 5.840 5.851 5.862 5.873 5.885 5.896 5.908 5.919 5.931 5.943 5.956 5.969 5.982 5.996 6.010 6.025 6.041 6.058 6.075 6.093 6.111 6.130 6.150 6.170 6.191 6.213 6.234 6.255 6.276 6.296 6.315 6.333 6.351 6.367 6.383 6.397 6.411 6.424 6.436 6.448 6.460 6.470 6.480 6.488 6.497 6.506 6.515 6.524 6.532 6.541 6.550 6.559 6.568 6.577 6.587 6.596 6.605 6.615 6.625 6.635 6.644 6.655 6.665 6.675
5.709 5.720 5.731 5.743 5.754 5.765 5.776 5.788 5.798 5.808 5.818 5.829 5.840 5.851 5.861 5.872 5.883 5.894 5.905 5.916 5.927 5.939 5.950 5.962 5.973 5.986 5.998 6.011 6.025 6.039 6.054 6.070 6.085 6.101 6.118 6.137 6.156 6.176 6.196 6.217 6.238 6.260 6.281 6.301 6.321 6.340 6.358 6.376 6.392 6.408 6.422 6.436 6.449 6.462 6.473 6.483 6.493 6.502 6.512 6.521 6.530 6.539 6.548 6.557 6.566 6.575 6.584 6.593 6.602 6.612 6.621 6.631 6.640 6.650 6.660 6.670 6.681
5.725 5.736 5.747 5.758 5.769 5.780 5.790 5.801 5.812 5.821 5.831 5.841 5.852 5.862 5.873 5.884 5.894 5.905 5.915 5.926 5.937 5.948 5.958 5.969 5.981 5.992 6.003 6.015 6.028 6.041 6.054 6.068 6.081 6.095 6.111 6.127 6.144 6.162 6.182 6.201 6.222 6.243 6.264 6.285 6.305 6.326 6.346 6.365 6.383 6.400 6.417 6.433 6.447 6.461 6.474 6.485 6.496 6.506 6.516 6.525 6.535 6.544 6.553 6.563 6.572 6.581 6.590 6.599 6.609 6.618 6.627 6.637 6.646 6.656 6.666 6.676 6.686
5.743 5.753 5.764 5.774 5.784 5.795 5.806 5.816 5.826 5.835 5.845 5.855 5.865 5.875 5.885 5.896 5.906 5.916 5.927 5.937 5.947 5.958 5.968 5.979 5.989 6.000 6.011 6.022 6.033 6.045 6.057 6.069 6.081 6.094 6.107 6.121 6.137 6.153 6.170 6.188 6.207 6.226 6.247 6.267 6.288 6.309 6.330 6.350 6.370 6.389 6.407 6.425 6.441 6.457 6.471 6.484 6.496 6.507 6.518 6.529 6.539 6.549 6.559 6.568 6.578 6.587 6.596 6.605 6.615 6.624 6.634 6.643 6.653 6.662 6.672 6.682 6.692
5.761 5.771 5.781 5.791 5.801 5.811 5.822 5.832 5.841 5.850 5.859 5.869 5.879 5.889 5.899 5.909 5.919 5.929 5.939 5.949 5.959 5.969 5.979 5.989 5.999 6.009 6.020 6.030 6.041 6.052 6.063 6.074 6.084 6.095 6.107 6.120 6.133 6.147 6.163 6.179 6.195 6.213 6.232 6.251 6.271 6.291 6.312 6.333 6.353 6.373 6.393 6.412 6.431 6.449 6.465 6.479 6.493 6.506 6.518 6.530 6.541 6.552 6.562 6.572 6.582 6.592 6.602 6.611 6.621 6.630 6.640 6.649 6.659 6.668 6.678 6.688 6.698
5.779 5.789 5.799 5.809 5.819 5.829 5.839 5.848 5.857 5.866 5.875 5.884 5.893 5.903 5.913 5.922 5.932 5.942 5.952 5.961 5.971 5.981 5.991 6.000 6.010 6.020 6.030 6.040 6.050 6.060 6.071 6.081 6.090 6.100 6.111 6.122 6.134 6.146 6.159 6.173 6.188 6.204 6.220 6.238 6.256 6.275 6.295 6.315 6.335 6.356 6.376 6.396 6.416 6.436 6.454 6.470 6.485 6.500 6.514 6.528 6.540 6.552 6.564 6.575 6.586 6.596 6.606 6.616 6.626 6.636 6.645 6.655 6.664 6.674 6.684 6.694 6.704
5.798 5.808 5.818 5.827 5.837 5.847 5.856 5.866 5.874 5.882 5.891 5.900 5.909 5.918 5.927 5.937 5.946 5.956 5.965 5.975 5.984 5.994 6.003 6.013 6.022 6.032 6.041 6.051 6.061 6.070 6.080 6.090 6.098 6.107 6.117 6.127 6.137 6.148 6.160 6.172 6.185 6.199 6.213 6.229 6.245 6.262 6.280 6.298 6.318 6.337 6.358 6.378 6.399 6.419 6.438 6.456 6.474 6.490 6.506 6.521 6.536 6.549 6.562 6.575 6.586 6.598 6.609 6.619 6.630 6.640 6.650 6.660 6.670 6.680 6.689 6.700 6.710
5.816 5.826 5.836 5.846 5.855 5.865 5.874 5.884 5.892 5.900 5.908 5.916 5.925 5.934 5.943 5.952 5.961 5.970 5.979 5.989 5.998 6.007 6.016 6.026 6.035 6.044 6.053 6.063 6.072 6.082 6.091 6.100 6.108 6.117 6.125 6.134 6.144 6.154 6.164 6.175 6.186 6.198 6.211 6.224 6.238 6.253 6.269 6.285 6.303 6.321 6.340 6.360 6.380 6.400 6.420 6.439 6.457 6.476 6.493 6.510 6.526 6.542 6.557 6.571 6.584 6.597 6.609 6.621 6.632 6.643 6.653 6.664 6.674 6.684 6.694 6.705 6.715
5.834 5.844 5.854 5.864 5.874 5.883 5.893 5.902 5.909 5.917 5.925 5.933 5.942 5.950 5.959 5.968 5.977 5.985 5.994 6.003 6.012 6.021 6.030 6.039 6.048 6.057 6.066 6.075 6.085 6.094 6.103 6.111 6.119 6.127 6.135 6.144 6.152 6.161 6.171 6.180 6.190 6.201 6.212 6.223 6.236 6.249 6.262 6.277 6.292 6.309 6.326 6.344 6.363 6.382 6.401 6.420 6.439 6.458 6.476 6.495 6.513 6.530 6.547 6.562 6.577 6.592 6.605 6.619 6.631 6.643 6.654 6.666 6.677 6.687 6.698 6.709 6.719
5.851 5.861 5.871 5.881 5.891 5.901 5.911 5.919 5.927 5.935 5.943 5.951 5.959 5.967 5.976 5.984 5.992 6.001 6.010 6.018 6.027 6.036 6.044 6.053 6.062 6.071 6.080 6.089 6.097 6.106 6.115 6.123 6.131 6.139 6.146 6.154 6.163 6.171 6.180 6.188 6.197 6.207 6.216 6.226 6.237 6.248 6.260 6.273 6.286 6.300 6.315 6.331 6.348 6.366 6.384 6.402 6.420 6.439 6.457 6.476 6.495 6.514 6.532 6.549 6.566 6.582 6.598 6.612 6.626 6.640 6.653 6.665 6.677 6.688 6.700 6.711 6.722
5.867 5.877 5.888 5.898 5.908 5.918 5.928 5.936 5.944 5.952 5.960 5.968 5.976 5.984 5.992 6.000 6.009 6.017 6.025 6.034 6.042 6.050 6.059 6.067 6.076 6.085 6.093 6.102 6.111 6.120 6.128 6.136 6.143 6.151 6.158 6.166 6.174 6.182 6.190 6.198 6.206 6.215 6.223 6.232 6.242 6.252 6.262 6.273 6.284 6.297 6.310 6.324 6.338 6.354 6.370 6.386 6.403 6.420 6.438 6.457 6.476 6.495 6.514 6.532 6.551 6.568 6.585 6.602 6.618 6.633 6.647 6.661 6.674 6.687 6.699 6.711 6.723
5.882 5.892 5.903 5.914 5.924 5.934 5.944 5.953 5.961 5.969 5.977 5.985 5.993 6.001 6.009 6.017 6.025 6.033 6.041 6.049 6.057 6.065 6.074 6.082 6.090 6.099 6.107 6.116 6.124 6.133 6.142 6.149 6.156 6.163 6.171 6.178 6.186 6.193 6.201 6.209 6.217 6.224 6.232 6.241 6.249 6.258 6.267 6.276 6.286 6.297 6.308 6.320 6.333 6.347 6.360 6.374 6.389 6.405 6.421 6.439 6.457 6.475 6.494 6.513 6.532 6.550 6.569 6.587 6.604 6.621 6.637 6.652 6.667 6.681 6.695 6.708 6.721
5.896 5.907 5.918 5.928 5.939 5.949 5.959 5.968 5.976 5.984 5.993 6.001 6.009 6.017 6.025 6.033 6.041 6.049 6.057 6.064 6.072 6.080 6.088 6.096 6.105 6.113 6.121 6.130 6.138 6.147 6.155 6.162 6.169 6.176 6.184 6.191 6.198 6.206 6.213 6.221 6.228 6.235 6.243 6.250 6.258 6.266 6.274 6.282 6.291 6.301 6.310 6.321 6.332 6.344 6.355 6.367 6.380 6.394 6.408 6.424 6.440 6.457 6.475 6.493 6.512 6.531 6.549 6.568 6.586 6.604 6.622 6.639 6.655 6.671 6.687 6.701 6.716
5.910 5.920 5.931 5.942 5.952 5.963 5.973 5.982 5.991 5.999 6.008 6.016 6.024 6.033 6.041 6.049 6.056 6.064 6.072 6.080 6.087 6.095 6.103 6.111 6.119 6.127 6.135 6.143 6.152 6.161 6.168 6.175 6.182 6.189 6.197 6.204 6.211 6.218 6.226 6.233 6.240 6.247 6.254 6.261 6.268 6.276 6.283 6.291 6.299 6.307 6.316 6.325 6.334 6.345 6.354 6.364 6.375 6.387 6.399 6.413 6.427 6.443 6.459 6.476 6.493 6.511 6.529 6.548 6.567 6.585 6.604 6.622 6.640 6.657 6.674 6.690 6.706
5.923 5.934 5.944 5.955 5.965 5.976 5.986 5.996 6.004 6.013 6.022 6.030 6.039 6.047 6.055 6.063 6.071 6.079 6.087 6.095 6.102 6.110 6.118 6.125 6.133 6.141 6.149 6.157 6.165 6.174 6.181 6.188 6.195 6.202 6.209 6.217 6.224 6.231 6.238 6.245 6.252 6.259 6.266 6.273 6.280 6.287 6.294 6.301 6.308 6.315 6.323 6.331 6.340 6.349 6.357 6.365 6.375 6.384 6.395 6.407 6.419 6.432 6.446 6.461 6.477 6.494 6.511 6.528 6.546 6.565 6.583 6.602 6.621 6.639 6.657 6.675 6.693
5.937 5.947 5.957 5.968 5.978 5.988 5.999 6.008 6.017 6.026 6.035 6.044 6.052 6.061 6.069 6.077 6.086 6.093 6.101 6.109 6.117 6.124 6.132 6.139 6.147 6.155 6.163 6.170 6.179 6.187 6.194 6.201 6.208 6.215 6.222 6.229 6.236 6.244 6.251 6.258 6.265 6.271 6.278 6.285 6.292 6.298 6.305 6.311 6.318 6.325 6.332 6.340 6.348 6.355 6.362 6.369 6.377 6.386 6.395 6.405 6.415 6.427 6.439 6.452 6.465 6.480 6.495 6.511 6.528 6.545 6.563 6.582 6.600 6.619 6.638 6.657 6.675
5.952 5.961 5.971 5.980 5.990 6.000 6.011 6.020 6.029 6.038 6.047 6.056 6.065 6.074 6.082 6.091 6.099 6.107 6.115 6.122 6.130 6.138 6.145 6.153 6.160 6.168 6.176 6.183 6.191 6.199 6.207 6.214 6.220 6.227 6.234 6.241 6.249 6.256 6.263 6.270 6.277 6.284 6.290 6.297 6.304 6.310 6.316 6.323 6.329 6.336 6.342 6.349 6.357 6.363 6.369 6.376 6.383 6.390 6.398 6.406 6.415 6.425 6.435 6.446 6.458 6.471 6.484 6.498 6.513 6.529 6.545 6.562 6.580 6.598 6.617 6.636 6.655
5.968 5.976 5.985 5.994 6.003 6.013 6.023 6.032 6.041 6.049 6.058 6.067 6.076 6.085 6.094 6.103 6.111 6.119 6.127 6.135 6.143 6.151 6.158 6.166 6.173 6.181 6.188 6.196 6.204 6.212 6.219 6.226 6.232 6.239 6.246 6.253 6.261 6.268 6.275 6.282 6.289 6.296 6.302 6.309 6.316 6.322 6.328 6.335 6.341 6.347 6.353 6.360 6.367 6.373 6.378 6.384 6.390 6.396 6.403 6.411 6.418 6.427 6.435 6.445 6.455 6.466 6.477 6.489 6.502 6.516 6.531 6.546 6.563 6.580 6.598 6.616 6.634
5.985 5.992 6.000 6.009 6.017 6.026 6.035 6.044 6.052 6.061 6.069 6.078 6.087 6.096 6.105 6.114 6.123 6.131 6.139 6.147 6.155 6.163 6.170 6.178 6.185 6.193 6.200 6.208 6.216 6.223 6.231 6.237 6.244 6.251 6.258 6.265 6.272 6.279 6.286 6.293 6.300 6.307 6.314 6.321 6.327 6.334 6.340 6.346 6.353 6.359 6.365 6.371 6.377 6.383 6.388 6.393 6.399 6.405 6.411 6.417 6.424 6.431 6.438 6.447 6.455 6.464 6.474 6.485 6.496 6.508 6.521 6.534 6.549 6.564 6.581 6.598 6.615
6.003 6.010 6.017 6.024 6.032 6.040 6.048 6.056 6.064 6.072 6.080 6.089 6.098 6.107 6.116 6.125 6.133 6.142 6.150 6.158 6.166 6.174 6.182 6.190 6.197 6.205 6.212 6.219 6.227 6.235 6.242 6.248 6.255 6.262 6.269 6.276 6.283 6.290 6.297 6.304 6.312 6.319 6.325 6.332 6.339 6.345 6.352 6.358 6.364 6.370 6.376 6.382 6.388 6.394 6.399 6.404 6.409 6.414 6.419 6.425 6.431 6.437 6.444 6.451 6.458 6.466 6.475 6.484 6.493 6.504 6.515 6.527 6.539 6.553 6.567 6.583 6.599
6.022 6.028 6.035 6.041 6.048 6.055 6.063 6.070 6.077 6.084 6.092 6.100 6.109 6.117 6.126 6.135 6.144 6.152 6.161 6.169 6.177 6.185 6.193 6.201 6.208 6.216 6.223 6.230 6.238 6.246 6.253 6.259 6.266 6.272 6.279 6.286 6.293 6.300 6.308 6.315 6.322 6.329 6.336 6.343 6.350 6.356 6.363 6.369 6.375 6.381 6.387 6.393 6.400 6.405 6.410 6.414 6.419 6.424 6.429 6.434 6.439 6.445 6.451 6.457 6.464 6.471 6.478 6.486 6.494 6.503 6.512 6.523 6.534 6.545 6.558 6.572 6.586
6.042 6.048 6.054 6.060 6.066 6.072 6.079 6.085 6.091 6.097 6.104 6.112 6.120 6.128 6.136 6.145 6.154 6.162 6.171 6.179 6.187 6.195 6.203 6.211 6.218 6.226 6.233 6.241 6.248 6.256 6.263 6.269 6.276 6.282 6.289 6.296 6.303 6.310 6.317 6.325 6.332 6.339 6.346 6.353 6.360 6.367 6.373 6.380 6.386 6.392 6.398 6.404 6.411 6.416 6.420 6.425 6.429 6.434 6.439 6.444 6.449 6.454 6.459 6.465 6.471 6.477 6.483 6.490 6.497 6.505 6.513 6.522 6.531 6.542 6.553 6.565 6.577
6.062 6.068 6.074 6.079 6.085 6.090 6.096 6.101 6.106 6.111 6.118 6.124 6.132 6.139 6.147 6.155 6.163 6.172 6.180 6.188 6.197 6.205 6.213 6.221 6.228 6.236 6.243 6.251 6.258 6.266 6.273 6.279 6.285 6.292 6.299 6.305 6.312 6.320 6.327 6.334 6.341 6.348 6.356 6.363 6.370 6.377 6.383 6.390 6.396 6.403 6.409 6.415 6.421 6.427 6.431 6.436 6.440 6.445 6.449 6.454 6.459 6.463 6.468 6.474 6.479 6.484 6.490 6.496 6.503 6.509 6.516 6.524 6.532 6.541 6.551 6.561 6.572
6.082 6.088 6.094 6.099 6.104 6.109 6.114 6.119 6.123 6.127 6.132 6.138 6.144 6.151 6.158 6.166 6.174 6.182 6.190 6.198 6.206 6.214 6.222 6.230 6.238 6.245 6.253 6.261 6.268 6.276 6.282 6.289 6.295 6.301 6.308 6.314 6.321 6.328 6.336 6.343 6.350 6.357 6.365 6.372 6.379 6.386 6.393 6.399 6.406 6.413 6.419 6.425 6.432 6.437 6.442 6.446 6.451 6.455 6.459 6.464 6.469 6.473 6.478 6.483 6.488 6.493 6.498 6.503 6.509 6.515 6.521 6.528 6.535 6.543 6.551 6.560 6.570
6.100 6.107 6.113 6.119 6.124 6.129 6.134 6.137 6.141 6.144 6.149 6.153 6.159 6.165 6.171 6.178 6.185 6.192 6.200 6.207 6.215 6.223 6.231 6.239 6.247 6.255 6.262 6.270 6.277 6.285 6.292 6.298 6.304 6.310 6.317 6.323 6.330 6.337 6.344 6.351 6.358 6.366 6.373 6.380 6.387 6.394 6.401 6.408 6.415 6.422 6.428 6.435 6.441 6.447 6.452 6.456 6.461 6.465 6.470 6.474 6.479 6.483 6.488 6.492 6.497 6.502 6.507 6.512 6.517 6.522 6.528 6.534 6.540 6.547 6.554 6.562 6.570
6.117 6.124 6.131 6.138 6.143 6.149 6.153 6.157 6.159 6.162 6.166 6.170 6.174 6.179 6.185 6.190 6.197 6.203 6.210 6.217 6.225 6.233 6.240 6.248 6.256 6.263 6.271 6.279 6.286 6.294 6.301 6.306 6.313 6.319 6.325 6.332 6.338 6.345 6.352 6.359 6.366 6.374 6.381 6.388 6.395 6.402 6.410 6.417 6.424 6.430 6.437 6.444 6.450 6.456 6.461 6.466 6.471 6.475 6.480 6.484 6.489 6.493 6.497 6.502 6.506 6.511 6.516 6.520 6.525 6.530 6.535 6.540 6.546 6.552 6.559 6.566 6.573
6.132 6.140 6.148 6.155 6.162 6.168 6.173 6.176 6.178 6.181 6.184 6.188 6.191 6.195 6.200 6.204 6.210 6.215 6.222 6.228 6.235 6.242 6.250 6.257 6.265 6.272 6.280 6.287 6.295 6.303 6.309 6.315 6.321 6.327 6.334 6.340 6.347 6.353 6.360 6.367 6.374 6.381 6.388 6.396 6.403 6.410 6.417 6.424 6.431 6.438 6.445 6.452 6.459 6.465 6.470 6.475 6.480 6.485 6.489 6.494 6.498 6.503 6.507 6.512 6.516 6.520 6.525 6.529 6.534 6.538 6.543 6.548 6.553 6.559 6.564 6.571 6.577
6.145 6.155 6.163 6.171 6.179 6.185 6.191 6.194 6.197 6.201 6.203 6.206 6.209 6.212 6.216 6.220 6.224 6.229 6.234 6.240 6.246 6.253 6.259 6.266 6.274 6.281 6.289 6.296 6.304 6.311 6.318 6.324 6.330 6.336 6.342 6.348 6.355 6.361 6.368 6.375 6.382 6.389 6.396 6.403 6.410 6.417 6.424 6.432 6.439 6.446 6.453 6.460 6.467 6.473 6.478 6.484 6.489 6.493 6.498 6.503 6.507 6.512 6.516 6.521 6.525 6.530 6.534 6.538 6.542 6.547 6.551 6.556 6.561 6.566 6.571 6.577 6.583
6.157 6.167 6.177 6.186 6.194 6.201 6.207 6.212 6.216 6.219 6.222 6.225 6.228 6.231 6.233 6.236 6.240 6.244 6.248 6.253 6.258 6.264 6.270 6.276 6.283 6.290 6.298 6.305 6.313 6.320 6.326 6.332 6.338 6.344 6.350 6.357 6.363 6.369 6.376 6.383 6.389 6.396 6.403 6.410 6.417 6.424 6.431 6.439 6.446 6.453 6.460 6.467 6.474 6.481 6.486 6.492 6.497 6.502 6.507 6.512 6.516 6.521 6.526 6.530 6.534 6.539 6.543 6.547 6.551 6.555 6.560 6.564 6.569 6.573 6.578 6.584 6.589
