version1/TsunamiDB/out54164.asc
ncols          264
nrows          230
xllcorner      497853.4375
yllcorner      4229146.0000
cellsize         5.
NODATA_value   -99
[rows 0 to 33 of 230, columns 77 to 153 of 264]
6.056 6.065 6.074 6.083 6.092 6.101 6.110 6.119 6.128 6.137 6.145 6.153 6.161 6.169 6.176 6.184 6.192 6.200 6.207 6.215 6.222 6.229 6.236 6.244 6.250 6.257 6.264 6.270 6.277 6.283 6.290 6.296 6.302 6.307 6.312 6.317 6.322 6.327 6.331 6.336 6.340 6.344 6.348 6.352 6.356 6.360 6.364 6.368 6.372 6.375 6.379 6.382 6.386 6.390 6.394 6.397 6.400 6.403 6.407 6.410 6.413 6.417 6.420 6.424 6.428 6.432 6.436 6.441 6.445 6.450 6.455 6.460 6.466 6.471 6.477 6.483 6.490
6.060 6.069 6.078 6.087 6.096 6.105 6.114 6.123 6.132 6.141 6.149 6.157 6.165 6.173 6.181 6.188 6.196 6.204 6.211 6.219 6.226 6.234 6.241 6.248 6.255 6.262 6.269 6.275 6.282 6.288 6.295 6.302 6.307 6.313 6.318 6.323 6.328 6.332 6.337 6.341 6.346 6.350 6.354 6.358 6.362 6.366 6.370 6.374 6.377 6.381 6.385 6.388 6.392 6.396 6.400 6.403 6.406 6.409 6.413 6.416 6.419 6.422 6.426 6.429 6.433 6.437 6.441 6.445 6.450 6.455 6.460 6.465 6.470 6.475 6.481 6.487 6.493
6.064 6.073 6.082 6.091 6.100 6.109 6.118 6.127 6.136 6.144 6.153 6.161 6.169 6.177 6.184 6.192 6.200 6.208 6.215 6.223 6.231 6.238 6.245 6.252 6.260 6.266 6.273 6.280 6.287 6.293 6.300 6.307 6.312 6.318 6.323 6.328 6.333 6.338 6.342 6.347 6.351 6.355 6.359 6.364 6.368 6.372 6.376 6.379 6.383 6.387 6.390 6.394 6.398 6.402 6.406 6.409 6.412 6.415 6.418 6.422 6.425 6.428 6.431 6.435 6.438 6.442 6.446 6.450 6.455 6.459 6.464 6.469 6.474 6.479 6.485 6.491 6.497
6.068 6.077 6.086 6.094 6.103 6.112 6.121 6.131 6.140 6.148 6.156 6.164 6.172 6.180 6.188 6.196 6.204 6.211 6.219 6.227 6.234 6.242 6.249 6.257 6.264 6.271 6.278 6.285 6.291 6.298 6.305 6.312 6.317 6.323 6.328 6.333 6.338 6.343 6.347 6.352 6.356 6.361 6.365 6.369 6.373 6.377 6.381 6.385 6.389 6.393 6.396 6.400 6.404 6.408 6.412 6.415 6.418 6.421 6.424 6.427 6.430 6.434 6.437 6.440 6.444 6.447 6.451 6.455 6.459 6.464 6.468 6.473 6.478 6.484 6.489 6.495 6.501
6.071 6.080 6.089 6.098 6.107 6.116 6.125 6.135 6.144 6.152 6.160 6.168 6.176 6.184 6.192 6.200 6.207 6.215 6.223 6.231 6.238 6.246 6.253 6.261 6.268 6.275 6.282 6.289 6.296 6.303 6.310 6.316 6.322 6.328 6.333 6.338 6.343 6.348 6.353 6.357 6.362 6.366 6.370 6.374 6.378 6.383 6.387 6.390 6.394 6.398 6.402 6.406 6.409 6.414 6.417 6.421 6.424 6.427 6.430 6.433 6.436 6.439 6.442 6.446 6.449 6.452 6.456 6.460 6.464 6.468 6.473 6.478 6.483 6.488 6.493 6.499 6.505
6.075 6.084 6.093 6.102 6.111 6.120 6.129 6.138 6.147 6.155 6.163 6.171 6.179 6.187 6.195 6.203 6.211 6.219 6.226 6.234 6.242 6.249 6.257 6.264 6.272 6.279 6.286 6.293 6.300 6.307 6.314 6.321 6.327 6.332 6.338 6.343 6.348 6.353 6.358 6.362 6.367 6.371 6.375 6.380 6.384 6.388 6.392 6.396 6.400 6.404 6.407 6.411 6.415 6.419 6.423 6.426 6.430 6.433 6.436 6.439 6.442 6.445 6.448 6.451 6.454 6.458 6.461 6.465 6.469 6.473 6.477 6.482 6.487 6.492 6.497 6.503 6.509
6.079 6.088 6.097 6.105 6.114 6.123 6.132 6.142 6.151 6.159 6.167 6.175 6.183 6.191 6.199 6.206 6.214 6.222 6.230 6.237 6.245 6.253 6.260 6.268 6.275 6.283 6.290 6.297 6.304 6.311 6.318 6.325 6.331 6.337 6.342 6.348 6.353 6.358 6.362 6.367 6.372 6.376 6.380 6.385 6.389 6.393 6.397 6.401 6.405 6.409 6.413 6.417 6.421 6.425 6.429 6.432 6.435 6.438 6.441 6.444 6.447 6.450 6.453 6.456 6.460 6.463 6.466 6.470 6.474 6.478 6.482 6.487 6.491 6.496 6.501 6.507 6.513
6.082 6.091 6.100 6.109 6.118 6.127 6.136 6.145 6.154 6.162 6.170 6.178 6.186 6.194 6.202 6.210 6.217 6.225 6.233 6.241 6.248 6.256 6.264 6.271 6.279 6.286 6.293 6.301 6.308 6.315 6.322 6.329 6.335 6.341 6.347 6.352 6.357 6.362 6.367 6.372 6.376 6.381 6.385 6.390 6.394 6.398 6.402 6.406 6.410 6.414 6.418 6.422 6.426 6.430 6.434 6.437 6.441 6.444 6.447 6.450 6.453 6.456 6.459 6.462 6.465 6.468 6.472 6.475 6.479 6.483 6.487 6.491 6.496 6.500 6.505 6.511 6.517
6.086 6.095 6.104 6.112 6.121 6.130 6.139 6.148 6.157 6.165 6.174 6.182 6.189 6.197 6.205 6.213 6.221 6.228 6.236 6.244 6.252 6.259 6.267 6.275 6.282 6.290 6.297 6.304 6.311 6.319 6.326 6.333 6.339 6.345 6.351 6.356 6.362 6.367 6.372 6.376 6.381 6.386 6.390 6.394 6.399 6.403 6.407 6.411 6.415 6.419 6.423 6.427 6.431 6.436 6.439 6.443 6.446 6.449 6.452 6.455 6.458 6.461 6.464 6.467 6.470 6.473 6.477 6.480 6.484 6.487 6.491 6.496 6.500 6.505 6.510 6.515 6.521
6.089 6.098 6.107 6.116 6.125 6.134 6.143 6.152 6.161 6.169 6.177 6.185 6.193 6.201 6.208 6.216 6.224 6.232 6.239 6.247 6.255 6.262 6.270 6.278 6.285 6.293 6.300 6.308 6.315 6.322 6.330 6.337 6.343 6.349 6.355 6.360 6.366 6.371 6.376 6.381 6.386 6.390 6.395 6.399 6.404 6.408 6.412 6.416 6.420 6.424 6.428 6.432 6.436 6.441 6.445 6.448 6.452 6.455 6.458 6.461 6.464 6.467 6.470 6.473 6.476 6.479 6.482 6.485 6.489 6.492 6.496 6.500 6.505 6.509 6.514 6.519 6.525
6.093 6.102 6.110 6.119 6.128 6.137 6.146 6.155 6.164 6.172 6.180 6.188 6.196 6.204 6.211 6.219 6.227 6.235 6.242 6.250 6.258 6.266 6.273 6.281 6.288 6.296 6.303 6.311 6.318 6.326 6.333 6.340 6.347 6.353 6.359 6.364 6.370 6.375 6.380 6.385 6.390 6.395 6.399 6.404 6.408 6.413 6.417 6.421 6.425 6.429 6.433 6.437 6.442 6.446 6.450 6.453 6.457 6.460 6.463 6.466 6.469 6.472 6.475 6.478 6.481 6.484 6.487 6.490 6.494 6.497 6.501 6.505 6.509 6.514 6.518 6.523 6.529
6.096 6.105 6.114 6.123 6.131 6.140 6.149 6.158 6.167 6.175 6.183 6.191 6.199 6.207 6.215 6.222 6.230 6.238 6.245 6.253 6.261 6.268 6.276 6.284 6.291 6.299 6.306 6.314 6.321 6.329 6.336 6.344 6.350 6.356 6.362 6.368 6.374 6.379 6.384 6.389 6.394 6.399 6.404 6.408 6.413 6.417 6.422 6.426 6.430 6.434 6.438 6.442 6.447 6.451 6.455 6.459 6.462 6.465 6.469 6.472 6.475 6.478 6.480 6.483 6.486 6.489 6.492 6.496 6.499 6.502 6.506 6.510 6.514 6.518 6.523 6.528 6.533
6.099 6.108 6.117 6.126 6.135 6.143 6.152 6.162 6.170 6.179 6.186 6.194 6.202 6.210 6.218 6.225 6.233 6.241 6.248 6.256 6.264 6.271 6.279 6.287 6.294 6.302 6.309 6.317 6.324 6.332 6.340 6.347 6.353 6.360 6.366 6.372 6.377 6.383 6.388 6.393 6.398 6.403 6.408 6.413 6.417 6.422 6.426 6.430 6.435 6.439 6.443 6.447 6.451 6.456 6.460 6.464 6.467 6.470 6.474 6.477 6.480 6.483 6.486 6.489 6.492 6.495 6.498 6.501 6.504 6.507 6.511 6.515 6.519 6.523 6.527 6.532 6.538
6.102 6.111 6.120 6.129 6.137 6.146 6.155 6.165 6.173 6.182 6.190 6.197 6.205 6.213 6.221 6.228 6.236 6.244 6.251 6.259 6.267 6.274 6.282 6.290 6.297 6.305 6.312 6.320 6.327 6.335 6.343 6.350 6.357 6.363 6.369 6.375 6.381 6.387 6.392 6.397 6.402 6.407 6.412 6.417 6.422 6.426 6.431 6.435 6.439 6.443 6.448 6.452 6.456 6.461 6.465 6.469 6.472 6.476 6.479 6.482 6.485 6.488 6.491 6.494 6.497 6.500 6.503 6.506 6.509 6.512 6.516 6.520 6.523 6.528 6.532 6.537 6.542
6.104 6.113 6.122 6.131 6.140 6.149 6.158 6.167 6.176 6.184 6.192 6.200 6.208 6.216 6.223 6.231 6.239 6.246 6.254 6.262 6.269 6.277 6.285 6.292 6.300 6.307 6.315 6.323 6.330 6.338 6.346 6.353 6.360 6.366 6.372 6.379 6.384 6.390 6.396 6.401 6.406 6.411 6.416 6.421 6.426 6.430 6.435 6.439 6.444 6.448 6.452 6.457 6.461 6.466 6.470 6.473 6.477 6.480 6.484 6.487 6.490 6.493 6.496 6.499 6.502 6.505 6.508 6.511 6.514 6.517 6.521 6.524 6.528 6.532 6.536 6.541 6.546
6.106 6.115 6.124 6.133 6.142 6.152 6.161 6.170 6.179 6.187 6.195 6.203 6.211 6.218 6.226 6.234 6.241 6.249 6.257 6.264 6.272 6.280 6.287 6.295 6.303 6.310 6.318 6.325 6.333 6.341 6.348 6.356 6.363 6.369 6.375 6.382 6.388 6.393 6.399 6.404 6.410 6.415 6.420 6.425 6.430 6.434 6.439 6.444 6.448 6.452 6.457 6.461 6.466 6.470 6.474 6.478 6.482 6.485 6.489 6.492 6.495 6.498 6.501 6.504 6.507 6.510 6.513 6.516 6.519 6.522 6.526 6.529 6.533 6.537 6.541 6.546 6.551
6.107 6.117 6.126 6.135 6.144 6.154 6.163 6.172 6.181 6.189 6.197 6.205 6.213 6.221 6.229 6.236 6.244 6.252 6.259 6.267 6.275 6.282 6.290 6.297 6.305 6.313 6.320 6.328 6.335 6.343 6.351 6.358 6.365 6.372 6.378 6.384 6.391 6.396 6.402 6.408 6.413 6.418 6.424 6.429 6.434 6.438 6.443 6.448 6.452 6.457 6.461 6.465 6.470 6.475 6.479 6.483 6.486 6.490 6.493 6.497 6.500 6.503 6.506 6.509 6.512 6.515 6.518 6.521 6.524 6.527 6.531 6.534 6.538 6.542 6.546 6.551 6.555
6.108 6.118 6.127 6.136 6.146 6.155 6.165 6.174 6.183 6.191 6.199 6.207 6.215 6.223 6.231 6.239 6.246 6.254 6.262 6.269 6.277 6.285 6.292 6.300 6.307 6.315 6.322 6.330 6.338 6.346 6.354 6.361 6.368 6.374 6.381 6.387 6.393 6.399 6.405 6.411 6.416 6.422 6.427 6.432 6.437 6.442 6.447 6.452 6.456 6.461 6.465 6.470 6.475 6.479 6.483 6.487 6.491 6.495 6.498 6.502 6.505 6.508 6.511 6.514 6.517 6.520 6.523 6.526 6.529 6.532 6.536 6.539 6.543 6.546 6.550 6.555 6.560
6.108 6.118 6.127 6.137 6.147 6.156 6.166 6.176 6.184 6.193 6.201 6.209 6.217 6.225 6.233 6.241 6.248 6.256 6.264 6.271 6.279 6.287 6.294 6.302 6.309 6.317 6.325 6.332 6.340 6.348 6.356 6.363 6.370 6.377 6.383 6.390 6.396 6.402 6.408 6.414 6.419 6.425 6.430 6.435 6.441 6.446 6.450 6.455 6.460 6.464 6.469 6.474 6.479 6.483 6.488 6.492 6.495 6.499 6.503 6.506 6.509 6.513 6.516 6.519 6.522 6.525 6.528 6.531 6.534 6.537 6.540 6.544 6.547 6.551 6.555 6.560 6.564
6.107 6.117 6.127 6.137 6.147 6.156 6.167 6.176 6.185 6.194 6.202 6.210 6.218 6.226 6.234 6.242 6.250 6.258 6.266 6.273 6.281 6.289 6.296 6.304 6.311 6.319 6.327 6.334 6.342 6.350 6.358 6.365 6.372 6.379 6.385 6.392 6.398 6.404 6.410 6.416 6.422 6.428 6.433 6.438 6.444 6.449 6.454 6.459 6.463 6.468 6.473 6.478 6.483 6.487 6.492 6.496 6.500 6.503 6.507 6.510 6.514 6.517 6.520 6.523 6.527 6.530 6.533 6.536 6.539 6.542 6.545 6.549 6.552 6.556 6.560 6.564 6.569
6.106 6.116 6.126 6.136 6.146 6.156 6.166 6.176 6.185 6.194 6.202 6.211 6.219 6.227 6.235 6.243 6.251 6.259 6.267 6.275 6.282 6.290 6.298 6.305 6.313 6.321 6.328 6.336 6.344 6.352 6.360 6.367 6.374 6.381 6.387 6.394 6.400 6.406 6.413 6.419 6.424 6.430 6.436 6.441 6.447 6.452 6.457 6.462 6.467 6.472 6.476 6.481 6.486 6.491 6.495 6.500 6.503 6.507 6.511 6.515 6.518 6.521 6.525 6.528 6.531 6.534 6.537 6.540 6.543 6.547 6.550 6.553 6.557 6.560 6.564 6.568 6.573
6.103 6.114 6.124 6.134 6.145 6.155 6.165 6.175 6.184 6.193 6.202 6.211 6.219 6.228 6.236 6.244 6.252 6.260 6.268 6.276 6.283 6.291 6.299 6.307 6.314 6.322 6.330 6.337 6.345 6.353 6.361 6.368 6.375 6.382 6.389 6.395 6.402 6.408 6.415 6.421 6.427 6.432 6.438 6.444 6.449 6.454 6.460 6.465 6.470 6.475 6.480 6.485 6.490 6.495 6.499 6.503 6.507 6.511 6.515 6.519 6.522 6.526 6.529 6.532 6.535 6.538 6.542 6.545 6.548 6.551 6.554 6.558 6.561 6.565 6.568 6.573 6.577
6.100 6.111 6.121 6.132 6.142 6.153 6.163 6.174 6.183 6.192 6.201 6.210 6.219 6.227 6.236 6.244 6.252 6.260 6.268 6.276 6.284 6.292 6.300 6.307 6.315 6.323 6.330 6.338 6.346 6.354 6.362 6.369 6.376 6.383 6.390 6.397 6.403 6.410 6.416 6.422 6.428 6.434 6.440 6.446 6.451 6.457 6.462 6.467 6.473 6.478 6.483 6.488 6.493 6.498 6.502 6.507 6.511 6.515 6.519 6.522 6.526 6.529 6.533 6.536 6.539 6.543 6.546 6.549 6.552 6.555 6.559 6.562 6.565 6.569 6.573 6.577 6.581
6.096 6.107 6.118 6.128 6.139 6.150 6.161 6.171 6.181 6.190 6.199 6.208 6.217 6.226 6.235 6.243 6.251 6.260 6.268 6.276 6.284 6.292 6.300 6.308 6.315 6.323 6.331 6.339 6.347 6.355 6.363 6.370 6.377 6.384 6.391 6.398 6.404 6.411 6.417 6.423 6.430 6.436 6.442 6.447 6.453 6.459 6.464 6.470 6.475 6.480 6.485 6.490 6.496 6.501 6.505 6.510 6.514 6.518 6.522 6.526 6.529 6.533 6.536 6.540 6.543 6.546 6.550 6.553 6.556 6.559 6.563 6.566 6.569 6.573 6.577 6.581 6.585
6.092 6.103 6.114 6.124 6.135 6.146 6.157 6.168 6.178 6.187 6.197 6.206 6.215 6.224 6.233 6.241 6.250 6.258 6.267 6.275 6.283 6.291 6.299 6.307 6.315 6.323 6.331 6.339 6.347 6.355 6.363 6.370 6.377 6.384 6.391 6.398 6.405 6.411 6.418 6.424 6.431 6.437 6.443 6.449 6.455 6.460 6.466 6.471 6.477 6.482 6.487 6.493 6.498 6.503 6.508 6.512 6.517 6.521 6.525 6.529 6.533 6.536 6.540 6.543 6.547 6.550 6.553 6.557 6.560 6.563 6.566 6.570 6.573 6.577 6.581 6.585 6.589
6.087 6.098 6.109 6.120 6.131 6.142 6.153 6.164 6.174 6.184 6.193 6.203 6.212 6.221 6.230 6.239 6.248 6.256 6.265 6.273 6.282 6.290 6.298 6.306 6.314 6.322 6.330 6.338 6.346 6.355 6.362 6.370 6.377 6.384 6.391 6.398 6.405 6.412 6.418 6.425 6.431 6.437 6.443 6.450 6.456 6.461 6.467 6.473 6.478 6.484 6.489 6.495 6.500 6.505 6.510 6.515 6.519 6.523 6.527 6.531 6.535 6.539 6.543 6.546 6.550 6.553 6.557 6.560 6.563 6.567 6.570 6.573 6.577 6.580 6.584 6.588 6.593
6.083 6.094 6.104 6.115 6.126 6.137 6.148 6.159 6.169 6.179 6.189 6.199 6.208 6.218 6.227 6.236 6.245 6.254 6.263 6.271 6.280 6.288 6.296 6.305 6.313 6.321 6.329 6.337 6.345 6.354 6.362 6.369 6.376 6.384 6.391 6.398 6.404 6.411 6.418 6.424 6.431 6.437 6.444 6.450 6.456 6.462 6.468 6.474 6.479 6.485 6.490 6.496 6.502 6.507 6.512 6.517 6.521 6.525 6.530 6.534 6.538 6.542 6.545 6.549 6.553 6.556 6.560 6.563 6.566 6.570 6.573 6.577 6.580 6.584 6.588 6.592 6.596
6.078 6.089 6.100 6.110 6.121 6.132 6.144 6.154 6.165 6.175 6.185 6.194 6.204 6.213 6.223 6.232 6.241 6.250 6.259 6.268 6.277 6.285 6.294 6.302 6.311 6.319 6.327 6.335 6.344 6.352 6.360 6.368 6.375 6.382 6.389 6.396 6.403 6.410 6.417 6.424 6.430 6.437 6.443 6.450 6.456 6.462 6.468 6.474 6.480 6.486 6.491 6.497 6.503 6.508 6.513 6.518 6.523 6.527 6.531 6.536 6.540 6.544 6.547 6.551 6.555 6.558 6.562 6.566 6.569 6.573 6.576 6.580 6.583 6.587 6.591 6.595 6.599
6.075 6.085 6.095 6.106 6.117 6.127 6.139 6.149 6.160 6.170 6.179 6.189 6.199 6.209 6.218 6.228 6.237 6.246 6.255 6.264 6.273 6.282 6.291 6.299 6.308 6.316 6.324 6.333 6.341 6.350 6.358 6.366 6.373 6.380 6.388 6.395 6.402 6.409 6.416 6.422 6.429 6.436 6.442 6.449 6.455 6.461 6.468 6.474 6.480 6.486 6.491 6.497 6.503 6.509 6.514 6.519 6.524 6.528 6.533 6.537 6.541 6.545 6.549 6.553 6.557 6.560 6.564 6.568 6.571 6.575 6.578 6.582 6.586 6.589 6.593 6.597 6.602
6.071 6.081 6.091 6.102 6.112 6.123 6.134 6.144 6.154 6.164 6.174 6.184 6.194 6.203 6.213 6.223 6.232 6.241 6.251 6.260 6.269 6.278 6.287 6.295 6.304 6.313 6.321 6.330 6.338 6.347 6.355 6.363 6.371 6.378 6.385 6.392 6.400 6.407 6.414 6.420 6.427 6.434 6.441 6.447 6.454 6.460 6.467 6.473 6.479 6.485 6.491 6.497 6.503 6.509 6.514 6.519 6.524 6.529 6.533 6.538 6.542 6.546 6.550 6.554 6.558 6.562 6.566 6.569 6.573 6.577 6.580 6.584 6.588 6.592 6.595 6.600 6.604
6.069 6.078 6.088 6.098 6.108 6.119 6.129 6.140 6.150 6.159 6.169 6.179 6.188 6.198 6.208 6.217 6.227 6.236 6.246 6.255 6.264 6.273 6.282 6.291 6.300 6.309 6.317 6.326 6.335 6.343 6.352 6.360 6.367 6.375 6.382 6.390 6.397 6.404 6.411 6.418 6.425 6.432 6.439 6.445 6.452 6.459 6.465 6.471 6.478 6.484 6.490 6.496 6.503 6.509 6.514 6.519 6.524 6.529 6.534 6.538 6.543 6.547 6.551 6.555 6.559 6.563 6.567 6.571 6.574 6.578 6.582 6.586 6.589 6.593 6.597 6.602 6.606
6.067 6.076 6.085 6.095 6.105 6.115 6.126 6.136 6.145 6.155 6.164 6.174 6.183 6.193 6.202 6.212 6.221 6.231 6.240 6.250 6.259 6.268 6.277 6.286 6.295 6.304 6.313 6.321 6.330 6.339 6.348 6.356 6.363 6.371 6.379 6.386 6.393 6.401 6.408 6.415 6.422 6.429 6.436 6.443 6.449 6.456 6.463 6.469 6.476 6.482 6.488 6.495 6.501 6.508 6.513 6.518 6.523 6.528 6.533 6.538 6.542 6.547 6.551 6.555 6.559 6.563 6.567 6.571 6.575 6.579 6.583 6.587 6.591 6.594 6.599 6.603 6.607
6.066 6.075 6.084 6.093 6.102 6.112 6.122 6.132 6.141 6.151 6.160 6.169 6.178 6.188 6.197 6.207 6.216 6.225 6.235 6.244 6.253 6.263 6.272 6.281 6.290 6.299 6.308 6.317 6.326 6.335 6.343 6.351 6.359 6.367 6.374 6.382 6.389 6.397 6.404 6.411 6.418 6.425 6.432 6.439 6.446 6.453 6.460 6.466 6.473 6.480 6.486 6.493 6.500 6.506 6.511 6.517 6.522 6.527 6.532 6.537 6.542 6.546 6.551 6.555 6.559 6.563 6.567 6.571 6.575 6.579 6.583 6.587 6.591 6.595 6.600 6.604 6.608
6.065 6.074 6.083 6.091 6.101 6.110 6.120 6.129 6.138 6.147 6.156 6.165 6.174 6.183 6.192 6.202 6.211 6.220 6.229 6.239 6.248 6.257 6.266 6.275 6.284 6.293 6.302 6.311 6.320 6.330 6.338 6.346 6.354 6.362 6.370 6.377 6.385 6.392 6.399 6.407 6.414 6.421 6.428 6.435 6.442 6.449 6.456 6.463 6.470 6.476 6.483 6.490 6.497 6.503 6.509 6.515 6.520 6.525 6.531 6.535 6.540 6.545 6.549 6.554 6.558 6.563 6.567 6.571 6.575 6.579 6.583 6.587 6.591 6.595 6.600 6.604 6.608
