version1/TsunamiDB/out54167.asc
ncols          264
nrows          230
xllcorner      497853.4375
yllcorner      4229146.0000
cellsize         5.
NODATA_value   -99
[rows 136 to 169 of 230, columns 154 to 230 of 264]
6.942 6.945 6.947 6.950 6.953 6.956 6.959 6.963 6.966 6.970 6.974 6.977 6.982 6.986 6.991 6.996 7.001 7.006 7.011 7.016 7.022 7.028 7.034 7.041 7.047 7.055 7.062 7.070 7.078 7.086 7.094 7.100 7.106 7.113 7.121 7.128 7.137 7.148 7.161 7.177 7.196 7.218 7.242 7.265 7.289 7.321 7.357 7.395 7.435 7.476 7.522 7.579 7.639 7.675 7.712 7.765 7.814 7.859 7.900 7.937 7.969 7.992 8.008 8.017 8.026 8.039 8.050 8.060 8.068 8.076 8.082 8.090 8.098 8.100 8.102 8.110 8.118
6.948 6.951 6.953 6.956 6.959 6.962 6.965 6.968 6.971 6.975 6.979 6.982 6.986 6.991 6.996 7.000 7.005 7.010 7.015 7.021 7.026 7.032 7.038 7.044 7.051 7.058 7.066 7.073 7.082 7.089 7.097 7.102 7.108 7.115 7.123 7.130 7.139 7.151 7.165 7.182 7.203 7.227 7.253 7.277 7.302 7.337 7.375 7.416 7.457 7.502 7.553 7.612 7.669 7.704 7.740 7.792 7.839 7.882 7.921 7.956 7.985 8.005 8.021 8.030 8.038 8.049 8.059 8.068 8.075 8.082 8.089 8.097 8.105 8.107 8.109 8.118 8.126
6.954 6.956 6.959 6.962 6.965 6.967 6.970 6.974 6.977 6.980 6.984 6.988 6.991 6.996 7.000 7.005 7.010 7.015 7.020 7.025 7.030 7.036 7.042 7.048 7.055 7.062 7.069 7.077 7.085 7.092 7.099 7.105 7.111 7.118 7.125 7.133 7.143 7.155 7.170 7.189 7.211 7.237 7.265 7.290 7.317 7.354 7.395 7.438 7.483 7.532 7.586 7.644 7.698 7.732 7.767 7.816 7.862 7.904 7.940 7.973 7.999 8.018 8.033 8.041 8.049 8.059 8.068 8.076 8.083 8.089 8.096 8.103 8.112 8.114 8.116 8.125 8.134
6.960 6.963 6.965 6.968 6.971 6.973 6.976 6.979 6.982 6.986 6.989 6.993 6.997 7.001 7.005 7.010 7.014 7.019 7.024 7.029 7.035 7.040 7.046 7.052 7.059 7.066 7.073 7.080 7.088 7.095 7.102 7.108 7.113 7.121 7.129 7.137 7.147 7.160 7.176 7.196 7.220 7.247 7.277 7.304 7.332 7.373 7.417 7.463 7.512 7.564 7.619 7.674 7.726 7.758 7.792 7.839 7.883 7.923 7.957 7.987 8.011 8.030 8.044 8.052 8.059 8.069 8.077 8.084 8.090 8.096 8.103 8.110 8.118 8.120 8.123 8.133 8.142
6.967 6.969 6.972 6.974 6.977 6.979 6.982 6.985 6.988 6.992 6.995 6.998 7.002 7.006 7.011 7.015 7.019 7.024 7.029 7.034 7.039 7.045 7.050 7.056 7.063 7.070 7.077 7.084 7.091 7.099 7.105 7.111 7.117 7.125 7.133 7.142 7.152 7.167 7.183 7.204 7.229 7.258 7.291 7.320 7.351 7.394 7.441 7.491 7.543 7.596 7.650 7.703 7.752 7.783 7.815 7.860 7.902 7.939 7.972 8.000 8.023 8.041 8.055 8.063 8.070 8.078 8.086 8.092 8.097 8.103 8.109 8.116 8.124 8.127 8.131 8.140 8.150
6.973 6.976 6.978 6.981 6.983 6.986 6.989 6.991 6.994 6.998 7.001 7.004 7.008 7.012 7.016 7.020 7.025 7.029 7.034 7.039 7.044 7.049 7.055 7.061 7.067 7.073 7.080 7.087 7.095 7.102 7.109 7.115 7.121 7.129 7.138 7.147 7.159 7.174 7.191 7.212 7.239 7.270 7.307 7.337 7.370 7.417 7.468 7.521 7.573 7.626 7.679 7.729 7.776 7.806 7.836 7.879 7.919 7.954 7.985 8.012 8.034 8.052 8.065 8.073 8.079 8.087 8.094 8.100 8.104 8.109 8.115 8.122 8.131 8.134 8.138 8.148 8.159
6.980 6.983 6.985 6.987 6.990 6.992 6.995 6.998 7.001 7.004 7.007 7.010 7.014 7.017 7.021 7.026 7.030 7.034 7.039 7.044 7.049 7.054 7.059 7.065 7.071 7.077 7.084 7.091 7.098 7.106 7.113 7.119 7.126 7.134 7.143 7.153 7.166 7.181 7.199 7.221 7.249 7.284 7.324 7.357 7.392 7.443 7.496 7.550 7.603 7.655 7.707 7.755 7.799 7.828 7.857 7.897 7.935 7.969 7.998 8.024 8.045 8.062 8.075 8.082 8.088 8.096 8.102 8.107 8.111 8.115 8.121 8.128 8.138 8.142 8.146 8.157 8.168
6.987 6.990 6.992 6.994 6.997 6.999 7.002 7.004 7.007 7.010 7.013 7.016 7.020 7.023 7.027 7.031 7.035 7.040 7.044 7.049 7.054 7.059 7.064 7.069 7.075 7.081 7.088 7.095 7.102 7.110 7.117 7.124 7.131 7.139 7.149 7.160 7.173 7.189 7.208 7.231 7.262 7.300 7.344 7.378 7.416 7.470 7.524 7.578 7.630 7.682 7.732 7.778 7.820 7.847 7.875 7.913 7.949 7.981 8.010 8.035 8.056 8.072 8.083 8.090 8.096 8.103 8.108 8.113 8.117 8.121 8.126 8.134 8.145 8.150 8.154 8.166 8.177
6.994 6.997 6.999 7.001 7.004 7.006 7.009 7.011 7.014 7.017 7.020 7.023 7.026 7.029 7.033 7.037 7.041 7.045 7.050 7.054 7.059 7.064 7.068 7.074 7.079 7.085 7.091 7.098 7.106 7.114 7.122 7.129 7.136 7.145 7.155 7.166 7.181 7.198 7.219 7.243 7.275 7.316 7.363 7.400 7.440 7.495 7.550 7.605 7.657 7.707 7.756 7.800 7.841 7.867 7.893 7.929 7.963 7.994 8.021 8.045 8.066 8.081 8.092 8.098 8.103 8.110 8.115 8.120 8.124 8.128 8.133 8.141 8.153 8.158 8.163 8.175 8.186
7.002 7.004 7.006 7.009 7.011 7.013 7.016 7.018 7.021 7.023 7.026 7.029 7.032 7.035 7.039 7.043 7.047 7.051 7.055 7.059 7.064 7.068 7.073 7.078 7.083 7.089 7.095 7.102 7.110 7.118 7.127 7.134 7.141 7.151 7.162 7.174 7.189 7.208 7.229 7.256 7.290 7.333 7.386 7.426 7.466 7.523 7.579 7.633 7.684 7.733 7.780 7.823 7.862 7.886 7.911 7.945 7.977 8.006 8.032 8.056 8.076 8.091 8.099 8.105 8.110 8.116 8.122 8.127 8.131 8.134 8.139 8.148 8.161 8.168 8.173 8.185 8.196
7.009 7.011 7.014 7.016 7.018 7.020 7.023 7.025 7.028 7.030 7.033 7.036 7.039 7.042 7.045 7.049 7.053 7.057 7.061 7.065 7.069 7.073 7.077 7.082 7.087 7.093 7.099 7.107 7.115 7.123 7.132 7.139 7.147 7.157 7.168 7.181 7.198 7.218 7.242 7.271 7.307 7.358 7.415 7.454 7.494 7.551 7.607 7.660 7.710 7.758 7.803 7.844 7.882 7.905 7.928 7.961 7.991 8.019 8.044 8.066 8.086 8.098 8.105 8.111 8.116 8.122 8.128 8.133 8.138 8.142 8.146 8.157 8.173 8.178 8.183 8.195 8.205
7.017 7.019 7.021 7.023 7.025 7.028 7.030 7.032 7.035 7.037 7.040 7.042 7.045 7.048 7.052 7.055 7.059 7.062 7.066 7.070 7.073 7.077 7.081 7.086 7.091 7.097 7.104 7.111 7.119 7.128 7.137 7.144 7.153 7.164 7.176 7.191 7.209 7.232 7.259 7.291 7.333 7.388 7.444 7.482 7.522 7.579 7.634 7.687 7.736 7.782 7.826 7.865 7.901 7.923 7.945 7.976 8.005 8.031 8.054 8.075 8.093 8.103 8.111 8.117 8.121 8.128 8.134 8.140 8.145 8.150 8.157 8.170 8.184 8.189 8.194 8.205 8.215
7.024 7.026 7.028 7.031 7.033 7.035 7.037 7.040 7.042 7.044 7.047 7.049 7.052 7.055 7.058 7.061 7.065 7.068 7.071 7.074 7.077 7.081 7.085 7.090 7.095 7.101 7.108 7.116 7.124 7.133 7.141 7.150 7.160 7.172 7.185 7.202 7.224 7.249 7.279 7.317 7.363 7.417 7.471 7.509 7.549 7.605 7.660 7.712 7.760 7.805 7.847 7.885 7.920 7.941 7.962 7.991 8.018 8.043 8.064 8.083 8.098 8.109 8.117 8.123 8.127 8.134 8.141 8.148 8.155 8.162 8.170 8.182 8.195 8.200 8.205 8.216 8.224
7.032 7.034 7.036 7.038 7.040 7.043 7.045 7.047 7.049 7.052 7.054 7.056 7.059 7.061 7.064 7.067 7.070 7.073 7.076 7.079 7.081 7.085 7.089 7.094 7.099 7.106 7.113 7.120 7.129 7.137 7.146 7.156 7.168 7.182 7.197 7.217 7.241 7.270 7.304 7.345 7.393 7.446 7.499 7.536 7.576 7.631 7.685 7.736 7.784 7.827 7.868 7.904 7.937 7.958 7.978 8.006 8.031 8.054 8.073 8.090 8.104 8.115 8.123 8.129 8.134 8.142 8.150 8.158 8.166 8.174 8.184 8.195 8.207 8.212 8.216 8.226 8.234
7.039 7.042 7.044 7.046 7.048 7.050 7.052 7.054 7.057 7.059 7.061 7.063 7.065 7.068 7.070 7.073 7.076 7.078 7.081 7.083 7.086 7.089 7.093 7.098 7.104 7.110 7.117 7.125 7.133 7.142 7.152 7.163 7.178 7.194 7.211 7.234 7.262 7.295 7.332 7.374 7.422 7.473 7.525 7.562 7.602 7.656 7.709 7.760 7.806 7.849 7.888 7.923 7.955 7.974 7.994 8.019 8.043 8.064 8.082 8.097 8.110 8.121 8.130 8.136 8.141 8.150 8.159 8.169 8.178 8.187 8.198 8.208 8.219 8.223 8.227 8.236 8.243
7.047 7.049 7.051 7.053 7.055 7.058 7.060 7.062 7.064 7.066 7.068 7.070 7.072 7.074 7.077 7.079 7.081 7.083 7.085 7.087 7.090 7.093 7.097 7.102 7.108 7.115 7.122 7.130 7.139 7.148 7.158 7.172 7.190 7.208 7.228 7.254 7.286 7.322 7.360 7.403 7.450 7.500 7.552 7.588 7.627 7.681 7.733 7.783 7.828 7.869 7.907 7.941 7.971 7.990 8.008 8.032 8.054 8.073 8.090 8.104 8.116 8.127 8.138 8.144 8.150 8.160 8.170 8.180 8.191 8.201 8.211 8.221 8.231 8.235 8.238 8.245 8.252
7.055 7.057 7.059 7.061 7.063 7.065 7.067 7.069 7.071 7.073 7.075 7.077 7.079 7.081 7.083 7.084 7.086 7.088 7.089 7.091 7.093 7.097 7.101 7.107 7.112 7.119 7.127 7.135 7.144 7.154 7.166 7.183 7.204 7.225 7.247 7.278 7.313 7.349 7.389 7.431 7.477 7.527 7.578 7.614 7.652 7.705 7.757 7.805 7.849 7.889 7.926 7.958 7.987 8.005 8.022 8.045 8.065 8.083 8.098 8.111 8.123 8.134 8.146 8.153 8.159 8.170 8.181 8.193 8.204 8.214 8.225 8.234 8.243 8.246 8.249 8.255 8.261
7.063 7.065 7.067 7.069 7.071 7.073 7.075 7.077 7.079 7.081 7.083 7.084 7.085 7.087 7.088 7.089 7.091 7.092 7.093 7.095 7.098 7.101 7.105 7.110 7.116 7.123 7.131 7.140 7.149 7.161 7.176 7.196 7.220 7.243 7.268 7.302 7.339 7.377 7.416 7.457 7.503 7.552 7.603 7.639 7.676 7.729 7.779 7.825 7.868 7.907 7.943 7.974 8.000 8.018 8.034 8.055 8.074 8.091 8.106 8.118 8.130 8.142 8.155 8.162 8.169 8.181 8.193 8.205 8.216 8.227 8.238 8.247 8.254 8.257 8.260 8.265 8.269
7.070 7.072 7.074 7.076 7.078 7.080 7.082 7.084 7.086 7.088 7.090 7.091 7.092 7.093 7.094 7.094 7.095 7.096 7.097 7.099 7.101 7.105 7.109 7.114 7.119 7.126 7.135 7.145 7.155 7.169 7.186 7.209 7.237 7.263 7.290 7.326 7.364 7.403 7.442 7.484 7.528 7.576 7.628 7.664 7.700 7.752 7.800 7.845 7.886 7.924 7.959 7.989 8.014 8.030 8.046 8.066 8.084 8.100 8.114 8.127 8.138 8.151 8.164 8.172 8.179 8.192 8.205 8.217 8.229 8.240 8.250 8.259 8.265 8.268 8.270 8.274 8.278
7.078 7.080 7.082 7.084 7.086 7.088 7.090 7.092 7.094 7.096 7.097 7.098 7.098 7.099 7.099 7.099 7.099 7.100 7.100 7.102 7.105 7.108 7.112 7.117 7.122 7.130 7.139 7.150 7.163 7.179 7.198 7.224 7.258 7.286 7.315 7.352 7.392 7.431 7.470 7.511 7.554 7.601 7.655 7.691 7.726 7.776 7.823 7.866 7.905 7.942 7.975 8.004 8.027 8.042 8.057 8.076 8.094 8.109 8.123 8.135 8.147 8.159 8.175 8.183 8.191 8.204 8.217 8.230 8.241 8.253 8.263 8.271 8.277 8.278 8.280 8.284 8.288
7.086 7.088 7.090 7.092 7.094 7.096 7.098 7.099 7.101 7.103 7.104 7.105 7.104 7.105 7.105 7.104 7.104 7.103 7.104 7.106 7.109 7.112 7.115 7.120 7.125 7.134 7.144 7.157 7.172 7.191 7.214 7.246 7.284 7.312 7.341 7.380 7.420 7.459 7.499 7.539 7.580 7.631 7.685 7.719 7.752 7.800 7.845 7.886 7.924 7.959 7.991 8.017 8.038 8.052 8.067 8.085 8.103 8.118 8.132 8.144 8.156 8.170 8.187 8.195 8.203 8.217 8.230 8.242 8.254 8.265 8.276 8.282 8.286 8.288 8.290 8.294 8.297
7.094 7.096 7.098 7.100 7.101 7.103 7.105 7.107 7.109 7.110 7.111 7.111 7.111 7.111 7.110 7.109 7.108 7.108 7.109 7.110 7.112 7.115 7.119 7.124 7.130 7.139 7.151 7.167 7.185 7.208 7.236 7.273 7.311 7.339 7.368 7.408 7.448 7.488 7.528 7.568 7.613 7.664 7.714 7.746 7.778 7.824 7.866 7.905 7.940 7.974 8.003 8.027 8.048 8.063 8.077 8.094 8.111 8.127 8.141 8.154 8.167 8.183 8.199 8.207 8.216 8.229 8.242 8.255 8.266 8.277 8.286 8.292 8.296 8.298 8.300 8.303 8.306
7.101 7.103 7.105 7.107 7.109 7.111 7.113 7.115 7.116 7.118 7.118 7.118 7.117 7.117 7.116 7.114 7.113 7.112 7.113 7.113 7.115 7.118 7.123 7.128 7.135 7.146 7.161 7.180 7.202 7.229 7.262 7.300 7.338 7.366 7.396 7.436 7.477 7.518 7.558 7.601 7.646 7.695 7.741 7.771 7.803 7.845 7.885 7.922 7.955 7.987 8.014 8.037 8.058 8.072 8.085 8.103 8.121 8.136 8.151 8.165 8.180 8.195 8.211 8.219 8.228 8.241 8.254 8.266 8.277 8.287 8.296 8.301 8.306 8.308 8.309 8.312 8.316
7.109 7.111 7.113 7.115 7.117 7.119 7.121 7.122 7.124 7.125 7.126 7.125 7.124 7.123 7.121 7.119 7.118 7.117 7.116 7.116 7.118 7.122 7.128 7.134 7.141 7.156 7.174 7.195 7.222 7.254 7.289 7.328 7.365 7.394 7.424 7.464 7.506 7.548 7.590 7.633 7.678 7.724 7.767 7.795 7.825 7.865 7.902 7.937 7.969 7.997 8.023 8.046 8.066 8.081 8.094 8.113 8.130 8.146 8.162 8.177 8.192 8.208 8.222 8.231 8.239 8.253 8.265 8.277 8.288 8.297 8.305 8.310 8.315 8.317 8.318 8.322 8.325
7.117 7.119 7.121 7.123 7.125 7.126 7.128 7.130 7.131 7.133 7.133 7.132 7.130 7.129 7.127 7.125 7.122 7.121 7.120 7.120 7.122 7.127 7.134 7.141 7.150 7.167 7.189 7.215 7.245 7.279 7.317 7.355 7.393 7.422 7.452 7.493 7.535 7.579 7.621 7.665 7.709 7.751 7.791 7.818 7.846 7.883 7.918 7.951 7.980 8.008 8.032 8.055 8.075 8.090 8.103 8.122 8.139 8.156 8.173 8.189 8.204 8.219 8.234 8.242 8.251 8.264 8.276 8.287 8.297 8.306 8.313 8.319 8.324 8.326 8.328 8.331 8.334
7.125 7.127 7.129 7.131 7.132 7.134 7.136 7.138 7.139 7.140 7.140 7.139 7.137 7.135 7.133 7.130 7.127 7.125 7.123 7.123 7.126 7.132 7.142 7.150 7.161 7.181 7.207 7.236 7.269 7.305 7.344 7.383 7.422 7.450 7.480 7.522 7.565 7.609 7.652 7.695 7.737 7.777 7.814 7.840 7.866 7.900 7.933 7.963 7.991 8.017 8.041 8.063 8.084 8.098 8.112 8.131 8.149 8.167 8.184 8.200 8.216 8.231 8.245 8.254 8.262 8.274 8.286 8.297 8.306 8.315 8.322 8.328 8.333 8.335 8.336 8.340 8.343
7.133 7.135 7.137 7.139 7.140 7.142 7.144 7.145 7.147 7.148 7.148 7.146 7.144 7.142 7.139 7.135 7.132 7.129 7.127 7.127 7.130 7.139 7.151 7.161 7.174 7.198 7.226 7.259 7.294 7.331 7.371 7.411 7.450 7.479 7.509 7.552 7.595 7.639 7.681 7.723 7.764 7.802 7.836 7.859 7.884 7.916 7.946 7.975 8.001 8.026 8.049 8.071 8.092 8.107 8.121 8.140 8.159 8.177 8.194 8.211 8.227 8.242 8.256 8.264 8.272 8.284 8.296 8.306 8.315 8.323 8.330 8.336 8.341 8.343 8.345 8.349 8.352
7.141 7.143 7.145 7.147 7.148 7.150 7.152 7.153 7.155 7.156 7.156 7.154 7.151 7.148 7.145 7.140 7.136 7.133 7.131 7.132 7.137 7.147 7.161 7.173 7.188 7.216 7.246 7.281 7.317 7.356 7.397 7.437 7.477 7.506 7.536 7.579 7.622 7.666 7.707 7.748 7.787 7.823 7.854 7.877 7.899 7.929 7.957 7.985 8.010 8.034 8.057 8.079 8.100 8.115 8.129 8.149 8.168 8.187 8.204 8.221 8.238 8.252 8.265 8.274 8.282 8.293 8.304 8.314 8.323 8.331 8.338 8.344 8.349 8.351 8.353 8.357 8.361
7.149 7.151 7.153 7.155 7.157 7.158 7.160 7.161 7.163 7.164 7.164 7.161 7.158 7.155 7.151 7.146 7.141 7.138 7.135 7.137 7.143 7.155 7.172 7.186 7.203 7.233 7.266 7.303 7.340 7.380 7.422 7.463 7.503 7.533 7.564 7.606 7.649 7.691 7.732 7.771 7.809 7.843 7.873 7.893 7.915 7.942 7.969 7.995 8.019 8.043 8.066 8.087 8.108 8.123 8.138 8.158 8.177 8.196 8.214 8.231 8.248 8.262 8.275 8.284 8.292 8.303 8.313 8.323 8.331 8.339 8.346 8.352 8.357 8.359 8.361 8.365 8.369
7.157 7.159 7.161 7.163 7.165 7.167 7.168 7.170 7.171 7.172 7.172 7.169 7.165 7.161 7.157 7.151 7.146 7.142 7.140 7.143 7.151 7.165 7.186 7.201 7.220 7.252 7.288 7.326 7.365 7.407 7.449 7.491 7.533 7.562 7.593 7.635 7.677 7.719 7.758 7.796 7.833 7.865 7.891 7.910 7.930 7.956 7.981 8.006 8.029 8.052 8.074 8.096 8.117 8.132 8.147 8.167 8.186 8.205 8.224 8.241 8.258 8.272 8.285 8.293 8.301 8.312 8.322 8.331 8.340 8.347 8.354 8.360 8.365 8.368 8.370 8.374 8.378
7.166 7.168 7.170 7.172 7.173 7.175 7.177 7.178 7.180 7.181 7.180 7.177 7.172 7.168 7.163 7.156 7.151 7.147 7.147 7.150 7.160 7.179 7.202 7.218 7.239 7.273 7.310 7.350 7.391 7.434 7.476 7.521 7.564 7.592 7.622 7.664 7.705 7.745 7.783 7.820 7.855 7.883 7.907 7.925 7.944 7.969 7.993 8.017 8.039 8.062 8.084 8.105 8.125 8.140 8.155 8.176 8.195 8.215 8.233 8.251 8.268 8.282 8.294 8.303 8.311 8.321 8.331 8.340 8.348 8.355 8.362 8.368 8.373 8.376 8.378 8.382 8.386
7.174 7.176 7.178 7.180 7.182 7.184 7.186 7.187 7.189 7.189 7.189 7.185 7.180 7.175 7.170 7.163 7.157 7.154 7.155 7.161 7.174 7.195 7.220 7.237 7.258 7.294 7.334 7.376 7.418 7.462 7.507 7.551 7.594 7.621 7.650 7.691 7.731 7.770 7.807 7.842 7.874 7.900 7.923 7.940 7.958 7.982 8.005 8.028 8.050 8.071 8.093 8.114 8.134 8.149 8.164 8.184 8.204 8.224 8.243 8.261 8.277 8.291 8.303 8.312 8.320 8.330 8.340 8.348 8.356 8.364 8.370 8.376 8.381 8.384 8.386 8.390 8.394
7.183 7.185 7.187 7.189 7.191 7.193 7.195 7.196 7.198 7.199 7.197 7.194 7.188 7.183 7.178 7.171 7.165 7.163 7.165 7.173 7.190 7.212 7.237 7.255 7.278 7.316 7.358 7.402 7.446 7.491 7.537 7.582 7.623 7.650 7.678 7.718 7.757 7.794 7.829 7.861 7.891 7.916 7.939 7.955 7.972 7.994 8.017 8.039 8.061 8.082 8.103 8.123 8.143 8.158 8.173 8.193 8.214 8.234 8.252 8.270 8.286 8.300 8.313 8.321 8.329 8.339 8.349 8.357 8.365 8.372 8.379 8.385 8.390 8.392 8.394 8.399 8.403
7.192 7.194 7.196 7.199 7.201 7.202 7.204 7.206 7.207 7.208 7.207 7.203 7.197 7.192 7.186 7.180 7.175 7.174 7.178 7.188 7.206 7.229 7.256 7.274 7.299 7.339 7.383 7.428 7.475 7.521 7.568 7.611 7.651 7.677 7.705 7.743 7.781 7.816 7.849 7.880 7.907 7.932 7.954 7.970 7.986 8.008 8.030 8.051 8.072 8.092 8.113 8.133 8.153 8.167 8.182 8.203 8.223 8.243 8.262 8.279 8.295 8.309 8.322 8.330 8.338 8.349 8.358 8.366 8.374 8.381 8.387 8.393 8.398 8.401 8.403 8.408 8.413
