version1/TsunamiDB/out54012.asc
ncols          264
nrows          230
xllcorner      497853.4375
yllcorner      4229146.0000
cellsize         5.
NODATA_value   -99
[rows 93 to 123 of 230, columns 140 to 209 of 264]
-99.000 -99.000 -99.000 -99.000 -99.000 -99.000 -99.000 -99.000 -99.000 -99.000 -99.000 -99.000 -99.000 -99.000 -99.000 -99.000 -99.000 -99.000 -99.000 -99.000 -99.000 -99.000 -99.000 -99.000 -99.000 -99.000 -99.000 -99.000 -99.000 -99.000 1.644 1.649 1.698 1.848 2.094 2.413 2.777 3.149 3.486 3.767 3.989 4.163 4.300 4.410 4.502 4.582 4.653 4.718 4.779 4.836 4.892 4.945 4.997 5.048 5.099 5.148 5.197 5.246 5.295 5.342 5.388 5.432 5.473 5.510 5.543 5.570 5.593 5.611 5.626 5.639
-99.000 -99.000 -99.000 -99.000 -99.000 -99.000 -99.000 -99.000 -99.000 -99.000 -99.000 -99.000 -99.000 -99.000 -99.000 -99.000 -99.000 -99.000 -99.000 -99.000 -99.000 -99.000 -99.000 -99.000 -99.000 -99.000 -99.000 -99.000 -99.000 -99.000 1.645 1.660 1.745 1.935 2.214 2.554 2.927 3.291 3.607 3.863 4.065 4.222 4.347 4.448 4.534 4.609 4.677 4.740 4.800 4.857 4.912 4.966 5.018 5.070 5.120 5.170 5.220 5.270 5.320 5.368 5.415 5.461 5.504 5.543 5.580 5.613 5.641 5.667 5.689 5.710
-99.000 -99.000 -99.000 -99.000 -99.000 -99.000 -99.000 -99.000 -99.000 -99.000 -99.000 -99.000 -99.000 -99.000 -99.000 -99.000 -99.000 -99.000 -99.000 -99.000 -99.000 -99.000 -99.000 -99.000 -99.000 -99.000 -99.000 -99.000 -99.000 1.644 1.647 1.682 1.808 2.036 2.342 2.701 3.076 3.425 3.718 3.952 4.134 4.276 4.390 4.484 4.564 4.636 4.701 4.762 4.821 4.877 4.931 4.984 5.036 5.088 5.138 5.188 5.240 5.290 5.340 5.389 5.437 5.483 5.528 5.570 5.610 5.648 5.683 5.715 5.746 5.774
-99.000 -99.000 -99.000 -99.000 -99.000 -99.000 -99.000 -99.000 -99.000 -99.000 -99.000 -99.000 -99.000 -99.000 -99.000 -99.000 -99.000 -99.000 -99.000 -99.000 -99.000 -99.000 -99.000 -99.000 -99.000 -99.000 -99.000 -99.000 -99.000 1.644 1.653 1.719 1.887 2.149 2.479 2.850 3.221 3.551 3.820 4.032 4.197 4.327 4.431 4.519 4.594 4.663 4.725 4.785 4.841 4.896 4.949 5.001 5.053 5.104 5.154 5.204 5.255 5.305 5.355 5.405 5.453 5.500 5.546 5.591 5.634 5.676 5.717 5.756 5.794 5.831
-99.000 -99.000 -99.000 -99.000 -99.000 -99.000 -99.000 -99.000 -99.000 -99.000 -99.000 -99.000 -99.000 -99.000 -99.000 -99.000 -99.000 -99.000 -99.000 -99.000 -99.000 -99.000 -99.000 -99.000 -99.000 -99.000 -99.000 -99.000 -99.000 1.645 1.668 1.772 1.980 2.272 2.623 2.999 3.360 3.667 3.913 4.105 4.255 4.373 4.470 4.552 4.624 4.690 4.750 4.807 4.862 4.915 4.967 5.019 5.069 5.119 5.168 5.218 5.268 5.317 5.367 5.416 5.464 5.512 5.559 5.605 5.652 5.698 5.744 5.790 5.835 5.879
-99.000 -99.000 -99.000 -99.000 -99.000 -99.000 -99.000 -99.000 -99.000 -99.000 -99.000 -99.000 -99.000 -99.000 -99.000 -99.000 -99.000 -99.000 -99.000 -99.000 -99.000 -99.000 -99.000 -99.000 -99.000 -99.000 -99.000 -99.000 1.644 1.649 1.696 1.843 2.086 2.404 2.771 3.148 3.491 3.774 3.998 4.172 4.308 4.417 4.507 4.584 4.654 4.717 4.776 4.831 4.885 4.937 4.987 5.037 5.086 5.135 5.183 5.231 5.279 5.327 5.375 5.423 5.471 5.519 5.567 5.615 5.664 5.714 5.765 5.816 5.868 5.919
-99.000 -99.000 -99.000 -99.000 -99.000 -99.000 -99.000 -99.000 -99.000 -99.000 -99.000 -99.000 -99.000 -99.000 -99.000 -99.000 -99.000 -99.000 -99.000 -99.000 -99.000 -99.000 -99.000 -99.000 -99.000 -99.000 -99.000 -99.000 1.644 1.658 1.741 1.927 2.203 2.545 2.921 3.291 3.612 3.872 4.075 4.233 4.356 4.457 4.542 4.616 4.682 4.744 4.801 4.856 4.909 4.959 5.009 5.057 5.105 5.152 5.198 5.244 5.291 5.337 5.383 5.429 5.477 5.524 5.573 5.623 5.674 5.727 5.782 5.839 5.897 5.955
-99.000 -99.000 -99.000 -99.000 -99.000 -99.000 -99.000 -99.000 -99.000 -99.000 -99.000 -99.000 -99.000 -99.000 -99.000 -99.000 -99.000 -99.000 -99.000 -99.000 -99.000 -99.000 -99.000 -99.000 -99.000 -99.000 -99.000 1.644 1.646 1.679 1.802 2.027 2.332 2.692 3.072 3.428 3.726 3.962 4.146 4.288 4.401 4.495 4.575 4.646 4.710 4.771 4.827 4.882 4.934 4.984 5.032 5.080 5.126 5.172 5.216 5.260 5.304 5.347 5.391 5.436 5.481 5.529 5.578 5.629 5.682 5.739 5.798 5.860 5.923 5.988
-99.000 -99.000 -99.000 -99.000 -99.000 -99.000 -99.000 -99.000 -99.000 -99.000 -99.000 -99.000 -99.000 -99.000 -99.000 -99.000 -99.000 -99.000 -99.000 -99.000 -99.000 -99.000 -99.000 -99.000 -99.000 -99.000 -99.000 1.644 1.652 1.715 1.880 2.139 2.470 2.843 3.221 3.557 3.831 4.045 4.211 4.340 4.444 4.530 4.606 4.674 4.737 4.797 4.853 4.907 4.959 5.009 5.057 5.104 5.150 5.194 5.236 5.277 5.319 5.359 5.401 5.443 5.487 5.533 5.582 5.635 5.690 5.749 5.813 5.879 5.948 6.019
-99.000 -99.000 -99.000 -99.000 -99.000 -99.000 -99.000 -99.000 -99.000 -99.000 -99.000 -99.000 -99.000 -99.000 -99.000 -99.000 -99.000 -99.000 -99.000 -99.000 -99.000 -99.000 -99.000 -99.000 -99.000 -99.000 -99.000 1.645 1.666 1.767 1.973 2.263 2.615 2.996 3.364 3.677 3.928 4.122 4.271 4.388 4.483 4.564 4.636 4.702 4.764 4.822 4.879 4.933 4.985 5.035 5.083 5.130 5.175 5.217 5.258 5.297 5.336 5.374 5.412 5.451 5.493 5.538 5.587 5.640 5.697 5.760 5.827 5.898 5.972 6.048
-99.000 -99.000 -99.000 -99.000 -99.000 -99.000 -99.000 -99.000 -99.000 -99.000 -99.000 -99.000 -99.000 -99.000 -99.000 -99.000 -99.000 -99.000 -99.000 -99.000 -99.000 -99.000 -99.000 -99.000 -99.000 -99.000 1.644 1.648 1.694 1.837 2.080 2.397 2.766 3.148 3.500 3.790 4.017 4.192 4.327 4.434 4.522 4.598 4.666 4.729 4.790 4.847 4.903 4.958 5.010 5.061 5.109 5.156 5.200 5.242 5.281 5.318 5.354 5.389 5.424 5.460 5.500 5.544 5.592 5.646 5.705 5.769 5.840 5.916 5.994 6.076
-99.000 -99.000 -99.000 -99.000 -99.000 -99.000 -99.000 -99.000 -99.000 -99.000 -99.000 -99.000 -99.000 -99.000 -99.000 -99.000 -99.000 -99.000 -99.000 -99.000 -99.000 -99.000 -99.000 -99.000 -99.000 -99.000 1.644 1.657 1.738 1.923 2.198 2.540 2.919 3.297 3.627 3.894 4.100 4.258 4.380 4.478 4.559 4.631 4.696 4.757 4.816 4.872 4.928 4.982 5.035 5.086 5.135 5.182 5.226 5.267 5.304 5.340 5.373 5.406 5.438 5.471 5.508 5.550 5.598 5.652 5.712 5.778 5.852 5.932 6.015 6.101
-99.000 -99.000 -99.000 -99.000 -99.000 -99.000 -99.000 -99.000 -99.000 -99.000 -99.000 -99.000 -99.000 -99.000 -99.000 -99.000 -99.000 -99.000 -99.000 -99.000 -99.000 -99.000 -99.000 -99.000 -99.000 1.644 1.646 1.678 1.799 2.024 2.329 2.689 3.074 3.439 3.746 3.989 4.175 4.318 4.430 4.520 4.596 4.664 4.726 4.785 4.842 4.898 4.953 5.007 5.060 5.111 5.160 5.207 5.251 5.291 5.328 5.361 5.393 5.423 5.452 5.482 5.517 5.557 5.604 5.658 5.719 5.787 5.862 5.946 6.032 6.122
-99.000 -99.000 -99.000 -99.000 -99.000 -99.000 -99.000 -99.000 -99.000 -99.000 -99.000 -99.000 -99.000 -99.000 -99.000 -99.000 -99.000 -99.000 -99.000 -99.000 -99.000 -99.000 -99.000 -99.000 -99.000 1.644 1.652 1.713 1.878 2.137 2.469 2.843 3.226 3.572 3.855 4.075 4.244 4.374 4.476 4.560 4.633 4.697 4.757 4.815 4.870 4.925 4.979 5.033 5.085 5.136 5.185 5.232 5.275 5.315 5.351 5.383 5.413 5.441 5.468 5.496 5.528 5.566 5.612 5.665 5.726 5.794 5.873 5.960 6.049 6.143
-99.000 -99.000 -99.000 -99.000 -99.000 -99.000 -99.000 -99.000 -99.000 -99.000 -99.000 -99.000 -99.000 -99.000 -99.000 -99.000 -99.000 -99.000 -99.000 -99.000 -99.000 -99.000 -99.000 -99.000 -99.000 1.645 1.666 1.767 1.972 2.263 2.617 2.999 3.373 3.696 3.954 4.153 4.306 4.424 4.519 4.599 4.668 4.731 4.789 4.845 4.900 4.953 5.007 5.059 5.111 5.162 5.210 5.257 5.300 5.340 5.374 5.406 5.435 5.461 5.487 5.513 5.544 5.580 5.624 5.676 5.737 5.807 5.887 5.976 6.068 6.164
-99.000 -99.000 -99.000 -99.000 -99.000 -99.000 -99.000 -99.000 -99.000 -99.000 -99.000 -99.000 -99.000 -99.000 -99.000 -99.000 -99.000 -99.000 -99.000 -99.000 -99.000 -99.000 -99.000 -99.000 1.644 1.648 1.694 1.838 2.081 2.400 2.770 3.154 3.512 3.809 4.043 4.223 4.361 4.470 4.559 4.635 4.703 4.764 4.821 4.877 4.930 4.983 5.035 5.087 5.138 5.188 5.236 5.282 5.325 5.365 5.399 5.430 5.459 5.485 5.510 5.536 5.566 5.601 5.643 5.694 5.754 5.825 5.905 5.994 6.087 6.186
-99.000 -99.000 -99.000 -99.000 -99.000 -99.000 -99.000 -99.000 -99.000 -99.000 -99.000 -99.000 -99.000 -99.000 -99.000 -99.000 -99.000 -99.000 -99.000 -99.000 -99.000 -99.000 -99.000 -99.000 1.644 1.658 1.739 1.926 2.203 2.546 2.927 3.305 3.641 3.912 4.123 4.284 4.410 4.512 4.596 4.669 4.735 4.796 4.853 4.908 4.961 5.013 5.065 5.116 5.167 5.216 5.264 5.309 5.352 5.391 5.426 5.457 5.486 5.513 5.539 5.566 5.597 5.631 5.673 5.722 5.780 5.849 5.927 6.016 6.109 6.210
-99.000 -99.000 -99.000 -99.000 -99.000 -99.000 -99.000 -99.000 -99.000 -99.000 -99.000 -99.000 -99.000 -99.000 -99.000 -99.000 -99.000 -99.000 -99.000 -99.000 -99.000 -99.000 -99.000 1.644 1.646 1.679 1.803 2.029 2.336 2.699 3.084 3.450 3.760 4.005 4.194 4.340 4.455 4.549 4.629 4.700 4.765 4.825 4.883 4.938 4.991 5.044 5.095 5.146 5.196 5.245 5.292 5.337 5.379 5.419 5.454 5.486 5.517 5.546 5.574 5.603 5.636 5.671 5.712 5.759 5.815 5.880 5.956 6.042 6.135 6.236
-99.000 -99.000 -99.000 -99.000 -99.000 -99.000 -99.000 -99.000 -99.000 -99.000 -99.000 -99.000 -99.000 -99.000 -99.000 -99.000 -99.000 -99.000 -99.000 -99.000 -99.000 -99.000 -99.000 1.644 1.652 1.716 1.884 2.147 2.480 2.856 3.239 3.585 3.868 4.089 4.258 4.390 4.496 4.584 4.660 4.729 4.793 4.853 4.910 4.966 5.020 5.073 5.125 5.176 5.225 5.273 5.319 5.364 5.407 5.446 5.483 5.517 5.550 5.582 5.614 5.647 5.683 5.721 5.761 5.807 5.859 5.919 5.991 6.074 6.165 6.265
-99.000 -99.000 -99.000 -99.000 -99.000 -99.000 -99.000 -99.000 -99.000 -99.000 -99.000 -99.000 -99.000 -99.000 -99.000 -99.000 -99.000 -99.000 -99.000 -99.000 -99.000 -99.000 -99.000 1.645 1.668 1.772 1.982 2.276 2.631 3.015 3.389 3.710 3.967 4.165 4.317 4.436 4.533 4.615 4.688 4.755 4.818 4.878 4.936 4.992 5.047 5.100 5.153 5.203 5.253 5.300 5.346 5.390 5.433 5.473 5.511 5.548 5.584 5.621 5.657 5.695 5.735 5.776 5.818 5.863 5.911 5.967 6.034 6.112 6.200 6.299
-99.000 -99.000 -99.000 -99.000 -99.000 -99.000 -99.000 -99.000 -99.000 -99.000 -99.000 -99.000 -99.000 -99.000 -99.000 -99.000 -99.000 -99.000 -99.000 -99.000 -99.000 -99.000 1.644 1.649 1.698 1.847 2.094 2.416 2.788 3.173 3.531 3.826 4.058 4.235 4.372 4.480 4.569 4.646 4.716 4.780 4.841 4.901 4.959 5.015 5.071 5.125 5.178 5.229 5.277 5.324 5.369 5.413 5.456 5.497 5.536 5.576 5.617 5.660 5.702 5.745 5.791 5.836 5.881 5.925 5.972 6.023 6.084 6.157 6.241 6.337
-99.000 -99.000 -99.000 -99.000 -99.000 -99.000 -99.000 -99.000 -99.000 -99.000 -99.000 -99.000 -99.000 -99.000 -99.000 -99.000 -99.000 -99.000 -99.000 -99.000 -99.000 -99.000 1.644 1.659 1.746 1.938 2.218 2.565 2.947 3.326 3.662 3.932 4.140 4.300 4.423 4.522 4.604 4.677 4.743 4.805 4.865 4.923 4.981 5.037 5.093 5.147 5.200 5.250 5.299 5.345 5.389 5.432 5.475 5.516 5.558 5.602 5.648 5.696 5.744 5.794 5.845 5.895 5.944 5.991 6.037 6.085 6.141 6.208 6.287 6.379
-99.000 -99.000 -99.000 -99.000 -99.000 -99.000 -99.000 -99.000 -99.000 -99.000 -99.000 -99.000 -99.000 -99.000 -99.000 -99.000 -99.000 -99.000 -99.000 -99.000 -99.000 1.644 1.647 1.682 1.812 2.043 2.354 2.719 3.105 3.473 3.783 4.028 4.215 4.359 4.471 4.562 4.639 4.707 4.770 4.830 4.888 4.945 5.002 5.058 5.113 5.166 5.218 5.268 5.316 5.361 5.404 5.446 5.489 5.531 5.576 5.623 5.674 5.728 5.783 5.838 5.896 5.951 6.006 6.057 6.104 6.151 6.204 6.266 6.339 6.426
-99.000 -99.000 -99.000 -99.000 -99.000 -99.000 -99.000 -99.000 -99.000 -99.000 -99.000 -99.000 -99.000 -99.000 -99.000 -99.000 -99.000 -99.000 -99.000 -99.000 -99.000 1.644 1.654 1.722 1.896 2.162 2.499 2.877 3.260 3.609 3.894 4.114 4.283 4.413 4.516 4.601 4.674 4.739 4.800 4.857 4.914 4.969 5.024 5.079 5.132 5.184 5.235 5.284 5.330 5.373 5.415 5.457 5.499 5.542 5.588 5.639 5.695 5.755 5.816 5.878 5.941 6.003 6.064 6.119 6.170 6.218 6.269 6.328 6.397 6.479
-99.000 -99.000 -99.000 -99.000 -99.000 -99.000 -99.000 -99.000 -99.000 -99.000 -99.000 -99.000 -99.000 -99.000 -99.000 -99.000 -99.000 -99.000 -99.000 -99.000 -99.000 1.645 1.670 1.780 1.995 2.293 2.650 3.035 3.410 3.735 3.992 4.191 4.344 4.463 4.558 4.638 4.708 4.771 4.830 4.886 4.941 4.995 5.048 5.101 5.153 5.203 5.252 5.298 5.342 5.384 5.424 5.464 5.506 5.549 5.597 5.652 5.713 5.778 5.844 5.912 5.981 6.050 6.115 6.176 6.232 6.284 6.338 6.395 6.462 6.539
-99.000 -99.000 -99.000 -99.000 -99.000 -99.000 -99.000 -99.000 -99.000 -99.000 -99.000 -99.000 -99.000 -99.000 -99.000 -99.000 -99.000 -99.000 -99.000 -99.000 1.644 1.650 1.702 1.856 2.108 2.433 2.806 3.191 3.550 3.848 4.081 4.260 4.398 4.507 4.597 4.673 4.741 4.803 4.861 4.916 4.970 5.023 5.075 5.126 5.175 5.224 5.270 5.314 5.355 5.395 5.433 5.472 5.513 5.557 5.606 5.664 5.728 5.797 5.868 5.940 6.016 6.089 6.160 6.228 6.291 6.351 6.408 6.466 6.533 6.610
-99.000 -99.000 -99.000 -99.000 -99.000 -99.000 -99.000 -99.000 -99.000 -99.000 -99.000 -99.000 -99.000 -99.000 -99.000 -99.000 -99.000 -99.000 -99.000 -99.000 1.645 1.661 1.752 1.949 2.233 2.581 2.963 3.342 3.679 3.950 4.159 4.320 4.446 4.548 4.632 4.706 4.772 4.834 4.891 4.947 5.000 5.052 5.103 5.153 5.201 5.247 5.291 5.332 5.371 5.409 5.445 5.483 5.523 5.567 5.617 5.676 5.742 5.814 5.888 5.965 6.045 6.124 6.201 6.276 6.348 6.415 6.478 6.540 6.609 6.689
-99.000 -99.000 -99.000 -99.000 -99.000 -99.000 -99.000 -99.000 -99.000 -99.000 -99.000 -99.000 -99.000 -99.000 -99.000 -99.000 -99.000 -99.000 -99.000 1.644 1.647 1.686 1.820 2.055 2.369 2.735 3.119 3.486 3.796 4.041 4.228 4.374 4.489 4.584 4.665 4.736 4.802 4.863 4.921 4.976 5.030 5.082 5.133 5.182 5.229 5.274 5.316 5.355 5.391 5.427 5.462 5.498 5.537 5.581 5.631 5.690 5.757 5.832 5.908 5.989 6.073 6.157 6.240 6.323 6.403 6.479 6.550 6.616 6.690 6.770
-99.000 -99.000 -99.000 -99.000 -99.000 -99.000 -99.000 -99.000 -99.000 -99.000 -99.000 -99.000 -99.000 -99.000 -99.000 -99.000 -99.000 -99.000 -99.000 1.644 1.655 1.728 1.905 2.175 2.513 2.891 3.272 3.619 3.902 4.122 4.291 4.422 4.528 4.616 4.694 4.764 4.828 4.889 4.948 5.004 5.059 5.112 5.163 5.212 5.258 5.302 5.343 5.381 5.415 5.449 5.483 5.518 5.558 5.601 5.650 5.709 5.776 5.851 5.929 6.012 6.101 6.190 6.279 6.368 6.457 6.542 6.620 6.688 6.766 6.849
-99.000 -99.000 -99.000 -99.000 -99.000 -99.000 -99.000 -99.000 -99.000 -99.000 -99.000 -99.000 -99.000 -99.000 -99.000 -99.000 -99.000 -99.000 1.644 1.646 1.673 1.788 2.006 2.306 2.664 3.048 3.420 3.742 3.999 4.196 4.347 4.466 4.564 4.647 4.721 4.789 4.853 4.914 4.973 5.030 5.085 5.139 5.191 5.240 5.287 5.331 5.371 5.408 5.442 5.474 5.508 5.543 5.582 5.625 5.673 5.730 5.797 5.872 5.951 6.037 6.129 6.223 6.317 6.413 6.509 6.601 6.684 6.753 6.834 6.923
-99.000 -99.000 -99.000 -99.000 -99.000 -99.000 -99.000 -99.000 -99.000 -99.000 -99.000 -99.000 -99.000 -99.000 -99.000 -99.000 -99.000 -99.000 1.644 1.650 1.707 1.865 2.120 2.447 2.820 3.202 3.559 3.855 4.086 4.264 4.400 4.508 4.598 4.676 4.747 4.813 4.876 4.937 4.996 5.053 5.109 5.164 5.216 5.266 5.313 5.357 5.398 5.435 5.469 5.502 5.535 5.571 5.610 5.652 5.699 5.755 5.821 5.896 5.976 6.063 6.159 6.256 6.355 6.457 6.559 6.655 6.741 6.809 6.893 6.983
