version1/TsunamiDB/out54091.asc
ncols          264
nrows          230
xllcorner      497853.4375
yllcorner      4229146.0000
cellsize         5.
NODATA_value   -99
[rows 136 to 169 of 230, columns 77 to 153 of 264]
5.881 5.895 5.910 5.925 5.940 5.956 5.971 5.986 6.001 6.015 6.029 6.043 6.056 6.069 6.082 6.094 6.106 6.117 6.128 6.139 6.150 6.160 6.171 6.181 6.191 6.200 6.210 6.221 6.232 6.243 6.254 6.265 6.276 6.287 6.298 6.309 6.319 6.329 6.339 6.349 6.358 6.368 6.377 6.385 6.394 6.403 6.411 6.419 6.426 6.433 6.441 6.449 6.457 6.466 6.474 6.483 6.492 6.500 6.509 6.517 6.526 6.534 6.542 6.550 6.558 6.566 6.574 6.582 6.590 6.599 6.606 6.613 6.621 6.629 6.638 6.647 6.656
5.887 5.900 5.914 5.929 5.944 5.960 5.975 5.990 6.004 6.019 6.033 6.047 6.061 6.074 6.087 6.099 6.111 6.123 6.134 6.145 6.156 6.167 6.178 6.188 6.198 6.207 6.218 6.228 6.239 6.250 6.261 6.272 6.283 6.294 6.305 6.316 6.327 6.337 6.347 6.357 6.366 6.376 6.385 6.394 6.402 6.411 6.419 6.427 6.434 6.441 6.449 6.456 6.465 6.473 6.481 6.490 6.498 6.507 6.515 6.524 6.532 6.540 6.549 6.557 6.565 6.573 6.581 6.589 6.597 6.605 6.612 6.619 6.627 6.635 6.644 6.653 6.662
5.893 5.906 5.920 5.934 5.949 5.964 5.979 5.994 6.008 6.023 6.037 6.051 6.065 6.078 6.092 6.104 6.117 6.128 6.140 6.151 6.163 6.174 6.185 6.195 6.205 6.214 6.224 6.235 6.246 6.257 6.268 6.279 6.290 6.301 6.312 6.323 6.334 6.344 6.355 6.365 6.374 6.384 6.393 6.402 6.411 6.420 6.428 6.435 6.442 6.449 6.456 6.464 6.472 6.480 6.488 6.496 6.505 6.513 6.522 6.530 6.538 6.547 6.555 6.563 6.571 6.579 6.587 6.596 6.604 6.612 6.619 6.626 6.634 6.642 6.650 6.659 6.668
5.900 5.913 5.926 5.940 5.955 5.969 5.984 5.998 6.013 6.027 6.041 6.055 6.069 6.083 6.096 6.109 6.121 6.134 6.145 6.157 6.169 6.180 6.191 6.201 6.211 6.220 6.231 6.241 6.252 6.263 6.274 6.285 6.296 6.307 6.319 6.330 6.341 6.351 6.362 6.372 6.382 6.392 6.401 6.410 6.419 6.428 6.436 6.443 6.450 6.457 6.464 6.472 6.479 6.487 6.495 6.503 6.511 6.520 6.528 6.537 6.545 6.553 6.561 6.570 6.578 6.586 6.594 6.603 6.611 6.619 6.626 6.633 6.641 6.649 6.657 6.666 6.675
5.909 5.921 5.934 5.947 5.961 5.975 5.989 6.003 6.018 6.032 6.046 6.060 6.074 6.087 6.100 6.113 6.126 6.139 6.151 6.162 6.174 6.185 6.197 6.207 6.216 6.226 6.237 6.247 6.258 6.269 6.280 6.291 6.302 6.313 6.325 6.336 6.347 6.358 6.369 6.379 6.389 6.399 6.409 6.418 6.427 6.436 6.444 6.451 6.458 6.465 6.472 6.479 6.487 6.495 6.502 6.510 6.518 6.527 6.535 6.543 6.551 6.560 6.568 6.576 6.585 6.593 6.601 6.610 6.618 6.626 6.633 6.640 6.648 6.656 6.664 6.673 6.682
5.918 5.930 5.942 5.955 5.968 5.982 5.995 6.009 6.023 6.037 6.051 6.065 6.078 6.092 6.105 6.118 6.131 6.143 6.156 6.168 6.179 6.191 6.202 6.212 6.222 6.232 6.242 6.253 6.264 6.274 6.285 6.297 6.308 6.319 6.330 6.342 6.353 6.364 6.375 6.386 6.396 6.406 6.416 6.426 6.435 6.444 6.452 6.459 6.466 6.473 6.480 6.487 6.495 6.502 6.510 6.518 6.526 6.534 6.542 6.550 6.558 6.567 6.575 6.583 6.592 6.600 6.608 6.617 6.625 6.633 6.640 6.648 6.655 6.664 6.672 6.681 6.689
5.928 5.939 5.951 5.964 5.976 5.989 6.003 6.016 6.029 6.043 6.056 6.070 6.083 6.097 6.110 6.123 6.136 6.148 6.161 6.173 6.184 6.196 6.207 6.218 6.227 6.238 6.248 6.258 6.269 6.280 6.291 6.302 6.313 6.325 6.336 6.347 6.359 6.370 6.381 6.392 6.403 6.413 6.423 6.433 6.442 6.452 6.460 6.467 6.474 6.481 6.488 6.495 6.503 6.510 6.518 6.525 6.533 6.541 6.549 6.557 6.565 6.574 6.582 6.590 6.599 6.607 6.616 6.624 6.633 6.641 6.648 6.655 6.663 6.671 6.680 6.688 6.697
5.939 5.950 5.961 5.973 5.986 5.998 6.011 6.023 6.036 6.049 6.063 6.076 6.089 6.102 6.115 6.128 6.141 6.153 6.166 6.178 6.190 6.201 6.213 6.223 6.233 6.243 6.253 6.264 6.275 6.285 6.296 6.307 6.318 6.330 6.341 6.353 6.364 6.375 6.387 6.398 6.409 6.419 6.430 6.440 6.450 6.459 6.467 6.475 6.482 6.489 6.496 6.504 6.511 6.518 6.525 6.533 6.541 6.548 6.556 6.564 6.573 6.581 6.589 6.598 6.606 6.615 6.623 6.632 6.640 6.649 6.656 6.663 6.671 6.679 6.688 6.697 6.705
5.951 5.961 5.972 5.984 5.995 6.007 6.020 6.032 6.044 6.057 6.070 6.083 6.095 6.108 6.121 6.134 6.146 6.159 6.171 6.183 6.195 6.207 6.218 6.229 6.238 6.248 6.259 6.269 6.280 6.291 6.301 6.312 6.324 6.335 6.346 6.358 6.369 6.381 6.392 6.403 6.414 6.425 6.436 6.446 6.456 6.466 6.475 6.482 6.490 6.497 6.504 6.512 6.519 6.526 6.533 6.541 6.548 6.556 6.564 6.572 6.580 6.588 6.597 6.605 6.614 6.622 6.631 6.640 6.649 6.657 6.664 6.672 6.680 6.688 6.696 6.705 6.714
5.963 5.973 5.984 5.995 6.006 6.018 6.029 6.041 6.053 6.065 6.078 6.090 6.103 6.115 6.128 6.140 6.152 6.165 6.177 6.189 6.200 6.212 6.224 6.234 6.244 6.254 6.264 6.275 6.285 6.296 6.307 6.318 6.329 6.340 6.351 6.363 6.374 6.386 6.397 6.409 6.420 6.431 6.442 6.452 6.463 6.473 6.482 6.489 6.497 6.505 6.512 6.520 6.527 6.534 6.542 6.549 6.556 6.564 6.572 6.580 6.588 6.596 6.605 6.613 6.622 6.630 6.639 6.648 6.657 6.665 6.673 6.680 6.688 6.697 6.705 6.714 6.723
5.975 5.985 5.996 6.007 6.018 6.029 6.040 6.051 6.063 6.074 6.086 6.098 6.110 6.122 6.135 6.147 6.159 6.171 6.183 6.195 6.206 6.218 6.229 6.240 6.250 6.260 6.270 6.280 6.291 6.301 6.312 6.323 6.334 6.345 6.356 6.368 6.379 6.391 6.402 6.414 6.425 6.436 6.447 6.458 6.469 6.479 6.488 6.496 6.504 6.512 6.520 6.528 6.535 6.542 6.550 6.557 6.565 6.572 6.580 6.588 6.596 6.604 6.613 6.621 6.630 6.639 6.647 6.656 6.666 6.674 6.682 6.689 6.698 6.706 6.715 6.723 6.732
5.987 5.997 6.008 6.018 6.029 6.040 6.051 6.062 6.073 6.084 6.096 6.107 6.119 6.131 6.143 6.154 6.166 6.178 6.190 6.201 6.213 6.224 6.236 6.246 6.256 6.266 6.276 6.286 6.296 6.307 6.318 6.328 6.339 6.350 6.361 6.373 6.384 6.395 6.407 6.419 6.430 6.442 6.453 6.464 6.475 6.485 6.495 6.503 6.511 6.520 6.527 6.535 6.543 6.550 6.558 6.565 6.573 6.580 6.588 6.596 6.604 6.612 6.621 6.629 6.638 6.647 6.656 6.665 6.674 6.683 6.691 6.699 6.707 6.715 6.724 6.733 6.742
5.999 6.009 6.020 6.030 6.041 6.052 6.062 6.073 6.084 6.095 6.106 6.117 6.128 6.140 6.151 6.163 6.174 6.186 6.197 6.209 6.220 6.231 6.242 6.253 6.262 6.272 6.282 6.292 6.302 6.313 6.323 6.334 6.345 6.355 6.366 6.378 6.389 6.400 6.412 6.424 6.435 6.447 6.458 6.469 6.480 6.491 6.501 6.510 6.518 6.527 6.535 6.543 6.551 6.558 6.566 6.573 6.581 6.589 6.596 6.604 6.612 6.621 6.629 6.638 6.647 6.656 6.665 6.674 6.684 6.692 6.700 6.708 6.717 6.725 6.734 6.743 6.752
6.010 6.020 6.031 6.042 6.053 6.064 6.074 6.085 6.095 6.106 6.116 6.127 6.138 6.149 6.160 6.171 6.183 6.194 6.205 6.216 6.228 6.239 6.250 6.260 6.269 6.279 6.289 6.299 6.309 6.319 6.329 6.340 6.350 6.361 6.372 6.383 6.394 6.405 6.417 6.428 6.440 6.452 6.463 6.475 6.486 6.497 6.507 6.516 6.525 6.533 6.542 6.550 6.558 6.566 6.574 6.581 6.589 6.597 6.605 6.613 6.621 6.629 6.638 6.647 6.656 6.665 6.674 6.683 6.693 6.702 6.710 6.718 6.727 6.735 6.744 6.753 6.762
6.021 6.031 6.042 6.053 6.064 6.075 6.086 6.096 6.107 6.117 6.127 6.138 6.148 6.159 6.170 6.181 6.192 6.203 6.214 6.225 6.236 6.246 6.257 6.267 6.276 6.286 6.296 6.306 6.316 6.326 6.336 6.346 6.356 6.367 6.377 6.388 6.399 6.410 6.422 6.433 6.445 6.457 6.468 6.480 6.491 6.502 6.513 6.522 6.531 6.540 6.549 6.557 6.566 6.574 6.582 6.589 6.597 6.605 6.613 6.621 6.629 6.638 6.646 6.655 6.664 6.674 6.683 6.693 6.703 6.712 6.720 6.728 6.737 6.746 6.755 6.764 6.773
6.030 6.042 6.053 6.064 6.076 6.086 6.097 6.108 6.118 6.128 6.139 6.149 6.159 6.170 6.180 6.191 6.201 6.212 6.223 6.234 6.244 6.255 6.266 6.275 6.284 6.294 6.303 6.313 6.323 6.333 6.342 6.352 6.362 6.373 6.383 6.394 6.405 6.416 6.427 6.438 6.450 6.462 6.473 6.485 6.496 6.508 6.518 6.527 6.537 6.546 6.555 6.564 6.573 6.581 6.589 6.597 6.605 6.613 6.621 6.629 6.638 6.646 6.655 6.664 6.673 6.683 6.693 6.702 6.712 6.721 6.730 6.738 6.747 6.756 6.765 6.775 6.784
6.040 6.051 6.063 6.075 6.086 6.097 6.108 6.119 6.129 6.140 6.150 6.160 6.170 6.180 6.191 6.201 6.211 6.222 6.232 6.243 6.253 6.264 6.274 6.284 6.292 6.302 6.311 6.321 6.330 6.340 6.350 6.359 6.369 6.379 6.389 6.400 6.410 6.421 6.432 6.444 6.455 6.467 6.478 6.490 6.502 6.513 6.523 6.533 6.543 6.552 6.561 6.571 6.580 6.588 6.597 6.605 6.613 6.621 6.629 6.638 6.646 6.655 6.664 6.673 6.682 6.692 6.702 6.712 6.722 6.731 6.740 6.749 6.758 6.767 6.776 6.785 6.795
6.048 6.060 6.072 6.084 6.096 6.108 6.119 6.130 6.140 6.151 6.161 6.171 6.181 6.191 6.201 6.212 6.222 6.232 6.242 6.253 6.263 6.273 6.283 6.293 6.301 6.310 6.320 6.329 6.338 6.348 6.357 6.367 6.376 6.386 6.396 6.406 6.417 6.427 6.438 6.449 6.461 6.472 6.484 6.495 6.507 6.518 6.529 6.538 6.548 6.558 6.568 6.577 6.586 6.595 6.604 6.612 6.621 6.629 6.637 6.646 6.655 6.663 6.672 6.682 6.691 6.701 6.711 6.721 6.732 6.741 6.750 6.759 6.768 6.777 6.787 6.796 6.806
6.057 6.069 6.081 6.093 6.106 6.117 6.129 6.140 6.151 6.161 6.172 6.182 6.192 6.202 6.212 6.222 6.232 6.242 6.253 6.263 6.273 6.283 6.293 6.302 6.310 6.319 6.329 6.338 6.347 6.356 6.365 6.375 6.384 6.393 6.403 6.413 6.423 6.433 6.444 6.455 6.466 6.477 6.489 6.500 6.512 6.524 6.534 6.544 6.554 6.564 6.574 6.583 6.593 6.602 6.611 6.620 6.628 6.637 6.645 6.654 6.663 6.672 6.681 6.690 6.700 6.710 6.720 6.731 6.741 6.750 6.760 6.769 6.778 6.788 6.798 6.807 6.817
6.064 6.077 6.089 6.102 6.114 6.126 6.138 6.150 6.161 6.171 6.182 6.192 6.203 6.213 6.223 6.233 6.243 6.253 6.263 6.273 6.283 6.293 6.303 6.311 6.320 6.329 6.338 6.347 6.356 6.365 6.374 6.383 6.392 6.401 6.411 6.420 6.430 6.440 6.450 6.461 6.472 6.483 6.494 6.506 6.517 6.529 6.539 6.549 6.559 6.569 6.579 6.589 6.599 6.608 6.618 6.627 6.636 6.644 6.653 6.662 6.671 6.680 6.690 6.699 6.709 6.719 6.730 6.740 6.751 6.760 6.769 6.779 6.789 6.798 6.808 6.818 6.828
6.072 6.084 6.097 6.110 6.123 6.135 6.147 6.159 6.170 6.181 6.192 6.202 6.213 6.223 6.233 6.243 6.253 6.263 6.273 6.283 6.293 6.304 6.313 6.321 6.330 6.338 6.347 6.356 6.365 6.374 6.383 6.392 6.401 6.409 6.419 6.428 6.437 6.447 6.457 6.467 6.478 6.489 6.500 6.511 6.523 6.534 6.545 6.554 6.565 6.575 6.585 6.595 6.605 6.615 6.624 6.634 6.643 6.652 6.661 6.670 6.679 6.688 6.698 6.708 6.718 6.728 6.739 6.750 6.760 6.769 6.779 6.789 6.799 6.809 6.819 6.829 6.839
6.080 6.092 6.105 6.118 6.131 6.143 6.155 6.167 6.179 6.190 6.201 6.212 6.222 6.233 6.243 6.253 6.263 6.273 6.283 6.293 6.303 6.314 6.323 6.331 6.339 6.348 6.357 6.366 6.375 6.384 6.392 6.401 6.409 6.418 6.427 6.436 6.445 6.454 6.464 6.474 6.484 6.495 6.506 6.517 6.529 6.540 6.550 6.560 6.570 6.581 6.591 6.601 6.611 6.621 6.631 6.641 6.650 6.659 6.668 6.678 6.687 6.697 6.706 6.716 6.726 6.737 6.748 6.759 6.769 6.779 6.789 6.799 6.809 6.819 6.829 6.839 6.850
6.088 6.100 6.113 6.126 6.139 6.151 6.163 6.176 6.187 6.199 6.210 6.221 6.232 6.242 6.253 6.263 6.273 6.283 6.293 6.303 6.313 6.323 6.332 6.341 6.349 6.358 6.367 6.376 6.385 6.393 6.402 6.410 6.419 6.427 6.436 6.444 6.453 6.462 6.472 6.481 6.491 6.502 6.512 6.523 6.535 6.545 6.555 6.565 6.576 6.586 6.597 6.607 6.617 6.628 6.638 6.647 6.657 6.666 6.676 6.685 6.695 6.705 6.715 6.725 6.735 6.745 6.756 6.767 6.778 6.788 6.798 6.808 6.818 6.829 6.839 6.850 6.860
6.097 6.109 6.121 6.134 6.147 6.159 6.171 6.184 6.195 6.207 6.218 6.230 6.241 6.251 6.262 6.272 6.282 6.293 6.303 6.313 6.323 6.333 6.342 6.350 6.359 6.368 6.377 6.386 6.395 6.403 6.412 6.420 6.428 6.437 6.445 6.453 6.462 6.471 6.480 6.489 6.499 6.509 6.519 6.530 6.541 6.551 6.561 6.571 6.581 6.592 6.602 6.613 6.624 6.634 6.644 6.654 6.664 6.674 6.683 6.693 6.703 6.713 6.723 6.733 6.743 6.754 6.765 6.776 6.787 6.797 6.807 6.818 6.828 6.839 6.849 6.860 6.870
6.107 6.119 6.131 6.143 6.155 6.167 6.180 6.192 6.204 6.215 6.227 6.238 6.249 6.260 6.271 6.281 6.291 6.302 6.312 6.322 6.332 6.342 6.351 6.360 6.369 6.378 6.387 6.396 6.404 6.413 6.422 6.430 6.438 6.446 6.454 6.463 6.471 6.479 6.488 6.497 6.506 6.516 6.526 6.536 6.547 6.557 6.567 6.577 6.587 6.598 6.608 6.619 6.630 6.640 6.650 6.661 6.671 6.681 6.691 6.701 6.711 6.721 6.731 6.741 6.752 6.762 6.773 6.785 6.796 6.806 6.816 6.827 6.838 6.848 6.859 6.870 6.880
6.119 6.129 6.141 6.152 6.164 6.176 6.188 6.200 6.212 6.223 6.235 6.246 6.257 6.268 6.279 6.290 6.300 6.310 6.321 6.331 6.341 6.351 6.361 6.369 6.378 6.387 6.396 6.405 6.414 6.423 6.432 6.440 6.448 6.456 6.464 6.472 6.480 6.488 6.497 6.505 6.514 6.523 6.533 6.543 6.554 6.563 6.573 6.583 6.593 6.604 6.614 6.625 6.636 6.646 6.657 6.667 6.678 6.688 6.698 6.708 6.718 6.729 6.739 6.749 6.760 6.771 6.782 6.794 6.805 6.815 6.825 6.836 6.847 6.858 6.868 6.879 6.890
6.132 6.142 6.152 6.163 6.174 6.186 6.197 6.209 6.220 6.232 6.243 6.254 6.266 6.276 6.287 6.298 6.308 6.319 6.329 6.339 6.350 6.360 6.369 6.378 6.387 6.396 6.405 6.415 6.424 6.433 6.441 6.450 6.458 6.466 6.474 6.482 6.490 6.498 6.506 6.514 6.523 6.531 6.541 6.550 6.560 6.570 6.579 6.589 6.599 6.610 6.620 6.631 6.642 6.653 6.664 6.674 6.685 6.695 6.705 6.716 6.726 6.736 6.747 6.757 6.768 6.779 6.790 6.802 6.813 6.824 6.834 6.845 6.856 6.867 6.878 6.889 6.900
6.148 6.156 6.166 6.176 6.186 6.197 6.208 6.219 6.230 6.241 6.252 6.263 6.274 6.285 6.296 6.306 6.317 6.327 6.337 6.348 6.358 6.368 6.378 6.387 6.396 6.405 6.414 6.424 6.433 6.442 6.451 6.459 6.468 6.476 6.484 6.492 6.499 6.507 6.515 6.523 6.531 6.540 6.549 6.558 6.568 6.577 6.586 6.596 6.606 6.616 6.627 6.638 6.649 6.659 6.670 6.681 6.692 6.702 6.713 6.723 6.734 6.744 6.755 6.766 6.777 6.788 6.799 6.811 6.822 6.833 6.843 6.854 6.865 6.876 6.887 6.898 6.909
6.165 6.173 6.181 6.190 6.199 6.209 6.219 6.230 6.240 6.251 6.262 6.272 6.283 6.293 6.304 6.315 6.325 6.335 6.346 6.356 6.366 6.377 6.386 6.395 6.404 6.413 6.423 6.432 6.442 6.451 6.460 6.469 6.477 6.486 6.494 6.501 6.509 6.517 6.524 6.532 6.540 6.548 6.557 6.566 6.575 6.584 6.593 6.602 6.612 6.623 6.633 6.644 6.655 6.666 6.677 6.688 6.699 6.710 6.720 6.731 6.742 6.752 6.763 6.774 6.785 6.796 6.808 6.819 6.831 6.841 6.852 6.863 6.874 6.885 6.896 6.907 6.918
6.185 6.191 6.199 6.207 6.215 6.224 6.233 6.242 6.252 6.262 6.272 6.282 6.293 6.303 6.313 6.323 6.334 6.344 6.354 6.364 6.374 6.385 6.394 6.403 6.412 6.422 6.431 6.441 6.450 6.460 6.469 6.478 6.487 6.495 6.503 6.511 6.519 6.526 6.534 6.542 6.549 6.557 6.565 6.574 6.583 6.592 6.600 6.610 6.619 6.630 6.640 6.651 6.662 6.673 6.684 6.695 6.706 6.717 6.728 6.739 6.750 6.760 6.771 6.782 6.793 6.805 6.816 6.828 6.840 6.850 6.861 6.872 6.883 6.894 6.906 6.917 6.928
6.206 6.212 6.218 6.225 6.232 6.240 6.248 6.257 6.266 6.275 6.284 6.294 6.303 6.313 6.323 6.333 6.343 6.353 6.363 6.373 6.383 6.393 6.402 6.411 6.420 6.430 6.440 6.449 6.459 6.468 6.478 6.487 6.496 6.504 6.512 6.521 6.528 6.536 6.544 6.551 6.559 6.566 6.574 6.583 6.592 6.600 6.608 6.617 6.627 6.637 6.647 6.658 6.669 6.680 6.691 6.702 6.714 6.725 6.736 6.747 6.758 6.769 6.780 6.791 6.802 6.813 6.825 6.837 6.848 6.859 6.870 6.881 6.892 6.904 6.915 6.926 6.937
6.229 6.234 6.240 6.246 6.252 6.259 6.266 6.274 6.281 6.290 6.298 6.307 6.316 6.325 6.334 6.343 6.353 6.362 6.372 6.382 6.392 6.402 6.411 6.419 6.429 6.438 6.448 6.457 6.467 6.477 6.486 6.495 6.504 6.513 6.522 6.530 6.538 6.545 6.553 6.561 6.568 6.576 6.583 6.591 6.600 6.608 6.616 6.625 6.634 6.644 6.654 6.665 6.676 6.687 6.698 6.710 6.721 6.732 6.744 6.755 6.766 6.777 6.788 6.799 6.811 6.822 6.834 6.846 6.857 6.868 6.879 6.890 6.902 6.913 6.924 6.936 6.947
6.251 6.257 6.262 6.267 6.273 6.279 6.286 6.292 6.299 6.306 6.314 6.322 6.330 6.338 6.347 6.355 6.364 6.373 6.382 6.392 6.401 6.411 6.420 6.428 6.437 6.446 6.456 6.465 6.475 6.485 6.494 6.504 6.513 6.522 6.530 6.539 6.547 6.555 6.562 6.570 6.577 6.585 6.593 6.601 6.609 6.617 6.624 6.633 6.642 6.652 6.662 6.672 6.683 6.695 6.706 6.717 6.729 6.740 6.752 6.763 6.774 6.786 6.797 6.808 6.820 6.831 6.843 6.855 6.867 6.878 6.889 6.900 6.911 6.923 6.934 6.946 6.957
6.274 6.279 6.285 6.290 6.296 6.301 6.307 6.313 6.319 6.325 6.332 6.339 6.346 6.353 6.361 6.369 6.377 6.385 6.394 6.403 6.411 6.421 6.429 6.437 6.446 6.455 6.464 6.474 6.483 6.493 6.502 6.512 6.521 6.530 6.539 6.548 6.556 6.564 6.572 6.579 6.587 6.594 6.602 6.610 6.618 6.625 6.633 6.641 6.650 6.659 6.669 6.680 6.691 6.702 6.714 6.725 6.737 6.748 6.760 6.771 6.783 6.794 6.806 6.817 6.829 6.841 6.852 6.865 6.876 6.887 6.898 6.909 6.921 6.932 6.944 6.956 6.967
