version1/TsunamiDB/out54043.asc
ncols          264
nrows          230
xllcorner      497853.4375
yllcorner      4229146.0000
cellsize         5.
NODATA_value   -99
[rows 96 to 127 of 230, columns 146 to 218 of 264]
5.332 5.357 5.382 5.406 5.429 5.453 5.476 5.499 5.521 5.542 5.562 5.582 5.601 5.620 5.638 5.657 5.676 5.696 5.716 5.738 5.761 5.784 5.808 5.833 5.858 5.883 5.908 5.932 5.956 5.979 6.002 6.023 6.043 6.062 6.080 6.096 6.112 6.127 6.141 6.155 6.169 6.184 6.199 6.215 6.232 6.251 6.270 6.291 6.311 6.332 6.353 6.376 6.398 6.421 6.443 6.466 6.489 6.514 6.540 6.568 6.598 6.630 6.664 6.697 6.729 6.760 6.787 6.811 6.830 6.846 6.870 6.908 6.948
5.348 5.371 5.395 5.418 5.441 5.465 5.488 5.511 5.533 5.554 5.575 5.595 5.614 5.633 5.651 5.669 5.688 5.707 5.727 5.747 5.769 5.792 5.816 5.840 5.865 5.890 5.914 5.939 5.963 5.987 6.010 6.032 6.054 6.073 6.092 6.110 6.127 6.143 6.158 6.174 6.189 6.204 6.220 6.237 6.255 6.273 6.293 6.314 6.334 6.355 6.377 6.400 6.423 6.445 6.468 6.491 6.514 6.538 6.564 6.592 6.623 6.655 6.688 6.722 6.756 6.787 6.815 6.839 6.859 6.878 6.906 6.946 6.988
5.365 5.388 5.410 5.432 5.454 5.477 5.500 5.522 5.544 5.565 5.586 5.606 5.626 5.645 5.663 5.681 5.699 5.718 5.737 5.756 5.777 5.799 5.822 5.846 5.871 5.895 5.919 5.944 5.969 5.993 6.017 6.040 6.062 6.083 6.103 6.122 6.140 6.158 6.174 6.191 6.207 6.223 6.240 6.258 6.276 6.295 6.315 6.336 6.357 6.379 6.401 6.424 6.447 6.470 6.493 6.516 6.539 6.562 6.588 6.616 6.646 6.678 6.712 6.746 6.780 6.813 6.842 6.867 6.889 6.914 6.946 6.989 7.034
5.385 5.407 5.428 5.448 5.469 5.490 5.512 5.533 5.555 5.576 5.597 5.617 5.637 5.656 5.674 5.692 5.710 5.728 5.746 5.765 5.785 5.806 5.828 5.852 5.876 5.900 5.923 5.948 5.973 5.998 6.022 6.046 6.069 6.091 6.112 6.132 6.152 6.170 6.188 6.206 6.224 6.241 6.259 6.277 6.296 6.316 6.337 6.358 6.380 6.401 6.424 6.447 6.471 6.494 6.517 6.540 6.563 6.586 6.611 6.639 6.668 6.700 6.734 6.769 6.804 6.837 6.867 6.895 6.923 6.953 6.989 7.037 7.085
5.408 5.428 5.447 5.466 5.485 5.505 5.525 5.546 5.566 5.587 5.607 5.628 5.647 5.666 5.685 5.703 5.721 5.738 5.756 5.774 5.793 5.813 5.834 5.857 5.880 5.903 5.926 5.951 5.976 6.001 6.026 6.050 6.074 6.097 6.119 6.141 6.161 6.181 6.201 6.220 6.239 6.257 6.276 6.296 6.315 6.336 6.357 6.379 6.401 6.423 6.446 6.470 6.494 6.518 6.541 6.564 6.586 6.610 6.634 6.661 6.690 6.721 6.755 6.790 6.825 6.860 6.894 6.927 6.960 6.996 7.038 7.090 7.143
5.432 5.451 5.469 5.486 5.504 5.522 5.541 5.560 5.579 5.599 5.619 5.638 5.658 5.677 5.695 5.713 5.731 5.749 5.766 5.783 5.801 5.820 5.840 5.861 5.884 5.906 5.929 5.953 5.978 6.003 6.028 6.053 6.078 6.102 6.125 6.148 6.170 6.191 6.212 6.232 6.252 6.272 6.292 6.312 6.333 6.354 6.376 6.398 6.421 6.443 6.467 6.491 6.516 6.540 6.564 6.587 6.610 6.633 6.657 6.682 6.710 6.742 6.775 6.811 6.847 6.885 6.923 6.962 7.001 7.044 7.092 7.148 7.205
5.459 5.477 5.493 5.509 5.526 5.543 5.560 5.577 5.595 5.613 5.631 5.650 5.669 5.688 5.706 5.724 5.742 5.759 5.776 5.793 5.810 5.828 5.847 5.866 5.887 5.909 5.931 5.955 5.979 6.004 6.030 6.055 6.080 6.105 6.129 6.153 6.176 6.199 6.221 6.243 6.264 6.285 6.306 6.327 6.349 6.371 6.393 6.416 6.439 6.462 6.486 6.511 6.536 6.561 6.585 6.609 6.632 6.655 6.679 6.703 6.731 6.761 6.795 6.831 6.870 6.912 6.955 6.999 7.046 7.095 7.148 7.207 7.267
5.486 5.504 5.520 5.535 5.551 5.566 5.582 5.597 5.613 5.630 5.647 5.664 5.682 5.700 5.717 5.735 5.752 5.769 5.786 5.803 5.819 5.836 5.854 5.872 5.892 5.912 5.933 5.956 5.980 6.005 6.030 6.055 6.081 6.107 6.132 6.157 6.181 6.205 6.229 6.252 6.275 6.297 6.319 6.341 6.363 6.386 6.409 6.433 6.456 6.480 6.505 6.530 6.556 6.582 6.607 6.631 6.655 6.677 6.700 6.724 6.750 6.781 6.816 6.853 6.896 6.941 6.989 7.041 7.094 7.148 7.206 7.267 7.329
5.515 5.533 5.548 5.563 5.578 5.592 5.606 5.621 5.635 5.650 5.665 5.681 5.697 5.714 5.731 5.748 5.765 5.781 5.798 5.814 5.830 5.846 5.862 5.879 5.898 5.916 5.936 5.958 5.981 6.005 6.030 6.056 6.081 6.108 6.134 6.160 6.185 6.211 6.235 6.260 6.284 6.307 6.330 6.353 6.376 6.400 6.424 6.448 6.472 6.496 6.522 6.548 6.575 6.601 6.627 6.652 6.676 6.699 6.722 6.745 6.771 6.803 6.838 6.878 6.923 6.973 7.026 7.084 7.142 7.201 7.262 7.325 7.388
5.543 5.562 5.578 5.592 5.607 5.621 5.634 5.647 5.660 5.673 5.686 5.700 5.715 5.730 5.746 5.762 5.778 5.795 5.810 5.826 5.841 5.857 5.872 5.888 5.905 5.922 5.941 5.961 5.983 6.006 6.031 6.056 6.082 6.108 6.135 6.162 6.189 6.215 6.241 6.267 6.292 6.317 6.341 6.365 6.389 6.413 6.437 6.462 6.487 6.511 6.538 6.565 6.593 6.620 6.647 6.673 6.698 6.721 6.744 6.767 6.793 6.826 6.863 6.905 6.954 7.007 7.065 7.128 7.191 7.255 7.319 7.382 7.446
5.571 5.590 5.607 5.622 5.637 5.651 5.664 5.676 5.688 5.699 5.711 5.723 5.736 5.750 5.764 5.779 5.794 5.810 5.825 5.840 5.855 5.869 5.884 5.899 5.915 5.930 5.947 5.966 5.986 6.009 6.032 6.057 6.083 6.109 6.137 6.164 6.192 6.219 6.246 6.273 6.300 6.325 6.351 6.376 6.400 6.425 6.450 6.476 6.501 6.526 6.553 6.581 6.610 6.639 6.667 6.694 6.720 6.744 6.767 6.790 6.817 6.852 6.891 6.936 6.988 7.045 7.108 7.175 7.241 7.308 7.374 7.437 7.501
5.598 5.618 5.636 5.652 5.668 5.682 5.695 5.707 5.718 5.729 5.739 5.750 5.761 5.773 5.786 5.799 5.813 5.827 5.841 5.856 5.870 5.884 5.898 5.912 5.927 5.941 5.956 5.973 5.992 6.013 6.035 6.059 6.085 6.111 6.139 6.167 6.195 6.223 6.252 6.280 6.307 6.334 6.360 6.386 6.412 6.437 6.463 6.489 6.514 6.541 6.568 6.598 6.628 6.657 6.687 6.715 6.742 6.767 6.791 6.815 6.845 6.882 6.924 6.971 7.026 7.086 7.152 7.221 7.291 7.361 7.429 7.492 7.555
5.623 5.645 5.664 5.681 5.698 5.713 5.726 5.739 5.750 5.760 5.770 5.779 5.789 5.799 5.810 5.822 5.834 5.847 5.860 5.874 5.887 5.900 5.914 5.927 5.940 5.953 5.967 5.983 6.000 6.020 6.041 6.064 6.088 6.114 6.142 6.170 6.199 6.228 6.257 6.286 6.315 6.343 6.370 6.397 6.423 6.449 6.475 6.502 6.528 6.555 6.584 6.614 6.645 6.676 6.707 6.737 6.765 6.792 6.818 6.845 6.878 6.917 6.960 7.010 7.067 7.130 7.196 7.267 7.340 7.414 7.485 7.546 7.610
5.647 5.670 5.690 5.708 5.726 5.743 5.758 5.771 5.782 5.793 5.802 5.811 5.820 5.829 5.838 5.847 5.858 5.869 5.881 5.893 5.906 5.918 5.931 5.943 5.956 5.968 5.981 5.995 6.011 6.029 6.048 6.070 6.094 6.120 6.147 6.175 6.204 6.234 6.264 6.293 6.323 6.352 6.380 6.408 6.435 6.462 6.489 6.516 6.543 6.570 6.600 6.631 6.663 6.696 6.728 6.760 6.790 6.819 6.848 6.879 6.913 6.954 6.999 7.052 7.110 7.173 7.241 7.312 7.388 7.466 7.539 7.601 7.667
5.668 5.692 5.714 5.734 5.754 5.772 5.788 5.802 5.815 5.826 5.836 5.845 5.853 5.860 5.868 5.876 5.885 5.894 5.905 5.915 5.927 5.938 5.950 5.962 5.973 5.985 5.996 6.009 6.024 6.040 6.059 6.079 6.102 6.127 6.153 6.181 6.211 6.241 6.271 6.302 6.332 6.362 6.391 6.420 6.448 6.475 6.503 6.531 6.558 6.586 6.617 6.649 6.682 6.716 6.750 6.784 6.817 6.850 6.882 6.915 6.952 6.994 7.041 7.095 7.154 7.218 7.286 7.358 7.437 7.518 7.596 7.660 7.728
5.687 5.713 5.736 5.757 5.779 5.798 5.816 5.832 5.847 5.859 5.870 5.879 5.887 5.894 5.901 5.908 5.915 5.923 5.931 5.940 5.950 5.960 5.971 5.981 5.992 6.003 6.014 6.026 6.039 6.055 6.072 6.091 6.113 6.136 6.162 6.190 6.219 6.249 6.280 6.311 6.342 6.373 6.403 6.432 6.461 6.490 6.518 6.546 6.574 6.603 6.634 6.668 6.702 6.737 6.774 6.810 6.847 6.883 6.918 6.954 6.993 7.036 7.084 7.139 7.199 7.263 7.331 7.404 7.486 7.572 7.656 7.720 7.791
5.705 5.731 5.755 5.779 5.801 5.823 5.842 5.860 5.876 5.891 5.903 5.913 5.922 5.930 5.936 5.942 5.947 5.953 5.960 5.967 5.975 5.984 5.993 6.003 6.013 6.023 6.033 6.044 6.057 6.071 6.087 6.105 6.125 6.148 6.173 6.200 6.229 6.259 6.290 6.322 6.354 6.385 6.416 6.446 6.476 6.505 6.534 6.563 6.591 6.620 6.652 6.687 6.723 6.760 6.799 6.838 6.878 6.917 6.956 6.995 7.035 7.079 7.128 7.183 7.244 7.309 7.377 7.452 7.537 7.629 7.718 7.783 7.856
5.720 5.747 5.773 5.797 5.822 5.845 5.866 5.886 5.904 5.920 5.934 5.946 5.956 5.965 5.971 5.977 5.982 5.987 5.991 5.997 6.003 6.010 6.018 6.026 6.035 6.044 6.053 6.064 6.076 6.089 6.104 6.121 6.141 6.162 6.186 6.213 6.241 6.271 6.302 6.334 6.366 6.398 6.430 6.461 6.492 6.522 6.552 6.581 6.609 6.639 6.672 6.708 6.745 6.784 6.825 6.868 6.911 6.954 6.995 7.036 7.077 7.122 7.171 7.228 7.289 7.355 7.424 7.501 7.591 7.688 7.781 7.847 7.922
5.733 5.761 5.788 5.814 5.840 5.864 5.887 5.909 5.929 5.947 5.963 5.977 5.989 5.999 6.007 6.013 6.018 6.022 6.025 6.029 6.033 6.038 6.044 6.051 6.059 6.067 6.075 6.086 6.097 6.110 6.124 6.140 6.158 6.179 6.202 6.227 6.255 6.284 6.316 6.348 6.380 6.413 6.446 6.478 6.509 6.540 6.570 6.599 6.628 6.659 6.692 6.730 6.769 6.810 6.853 6.898 6.944 6.990 7.034 7.077 7.119 7.165 7.215 7.272 7.335 7.401 7.472 7.553 7.644 7.744 7.842 7.910 7.985
5.745 5.774 5.802 5.829 5.855 5.881 5.906 5.929 5.951 5.972 5.990 6.006 6.020 6.032 6.041 6.048 6.054 6.058 6.061 6.063 6.066 6.069 6.074 6.079 6.085 6.091 6.099 6.109 6.120 6.132 6.145 6.160 6.178 6.197 6.219 6.244 6.271 6.300 6.330 6.363 6.396 6.429 6.462 6.495 6.527 6.558 6.589 6.619 6.648 6.679 6.714 6.752 6.793 6.836 6.882 6.929 6.978 7.026 7.073 7.117 7.161 7.207 7.258 7.316 7.381 7.450 7.523 7.607 7.700 7.804 7.909 7.977 8.049
5.755 5.785 5.813 5.841 5.869 5.896 5.922 5.947 5.971 5.993 6.014 6.032 6.048 6.062 6.073 6.082 6.089 6.094 6.097 6.099 6.101 6.103 6.105 6.109 6.113 6.119 6.125 6.134 6.144 6.155 6.168 6.182 6.199 6.218 6.239 6.262 6.288 6.316 6.347 6.379 6.412 6.446 6.479 6.513 6.546 6.578 6.609 6.639 6.669 6.700 6.736 6.776 6.819 6.863 6.911 6.960 7.012 7.063 7.111 7.157 7.202 7.250 7.302 7.362 7.429 7.501 7.579 7.665 7.761 7.875 7.982 8.044 8.112
5.765 5.795 5.824 5.852 5.881 5.909 5.937 5.963 5.988 6.012 6.035 6.055 6.073 6.089 6.103 6.114 6.122 6.128 6.133 6.135 6.137 6.138 6.139 6.142 6.145 6.148 6.154 6.161 6.170 6.181 6.193 6.207 6.222 6.240 6.260 6.282 6.307 6.335 6.365 6.396 6.429 6.463 6.498 6.532 6.565 6.598 6.630 6.660 6.690 6.723 6.760 6.802 6.846 6.891 6.941 6.993 7.045 7.098 7.148 7.197 7.245 7.294 7.348 7.412 7.482 7.558 7.639 7.731 7.835 7.949 8.049 8.107 8.173
5.773 5.803 5.833 5.862 5.892 5.921 5.949 5.977 6.004 6.029 6.053 6.075 6.096 6.114 6.130 6.143 6.154 6.162 6.167 6.171 6.173 6.174 6.175 6.177 6.178 6.180 6.184 6.191 6.199 6.208 6.220 6.232 6.247 6.264 6.283 6.304 6.328 6.355 6.384 6.415 6.448 6.482 6.517 6.551 6.585 6.619 6.651 6.682 6.713 6.747 6.785 6.828 6.873 6.920 6.971 7.024 7.078 7.132 7.185 7.238 7.290 7.341 7.397 7.465 7.540 7.620 7.706 7.804 7.911 8.019 8.112 8.166 8.229
5.780 5.811 5.840 5.871 5.901 5.931 5.960 5.989 6.017 6.044 6.069 6.093 6.115 6.136 6.154 6.169 6.182 6.192 6.200 6.205 6.209 6.211 6.212 6.213 6.213 6.214 6.218 6.223 6.230 6.238 6.249 6.260 6.274 6.290 6.308 6.328 6.351 6.376 6.404 6.435 6.467 6.501 6.536 6.571 6.606 6.641 6.674 6.706 6.738 6.772 6.811 6.855 6.901 6.949 7.002 7.055 7.110 7.166 7.223 7.280 7.336 7.391 7.450 7.524 7.604 7.687 7.779 7.878 7.982 8.083 8.172 8.222 8.281
5.787 5.817 5.847 5.878 5.909 5.940 5.970 5.999 6.028 6.056 6.083 6.109 6.133 6.155 6.175 6.192 6.208 6.220 6.230 6.238 6.243 6.246 6.248 6.250 6.250 6.251 6.253 6.258 6.263 6.271 6.280 6.291 6.303 6.318 6.334 6.354 6.375 6.399 6.427 6.456 6.488 6.522 6.557 6.593 6.628 6.663 6.698 6.731 6.764 6.799 6.838 6.883 6.930 6.979 7.031 7.086 7.143 7.201 7.262 7.324 7.387 7.445 7.509 7.588 7.671 7.760 7.852 7.949 8.048 8.144 8.228 8.275 8.331
5.792 5.823 5.853 5.885 5.916 5.947 5.978 6.009 6.038 6.067 6.095 6.122 6.148 6.171 6.193 6.213 6.230 6.245 6.257 6.267 6.275 6.280 6.284 6.287 6.288 6.289 6.291 6.294 6.299 6.306 6.313 6.323 6.335 6.348 6.363 6.381 6.401 6.424 6.450 6.479 6.510 6.544 6.579 6.615 6.651 6.687 6.723 6.757 6.791 6.827 6.866 6.911 6.959 7.008 7.061 7.118 7.176 7.238 7.304 7.372 7.441 7.503 7.571 7.654 7.743 7.833 7.922 8.015 8.109 8.200 8.281 8.325 8.377
5.797 5.828 5.859 5.891 5.922 5.954 5.986 6.017 6.047 6.077 6.106 6.134 6.161 6.186 6.210 6.231 6.250 6.267 6.282 6.294 6.304 6.312 6.318 6.323 6.325 6.327 6.330 6.333 6.337 6.343 6.350 6.358 6.368 6.380 6.394 6.411 6.430 6.451 6.476 6.503 6.534 6.567 6.602 6.638 6.675 6.712 6.749 6.785 6.819 6.855 6.894 6.940 6.987 7.037 7.092 7.150 7.211 7.276 7.348 7.424 7.498 7.563 7.634 7.723 7.814 7.902 7.989 8.077 8.166 8.253 8.332 8.374 8.423
5.802 5.833 5.864 5.896 5.928 5.960 5.992 6.024 6.055 6.086 6.115 6.144 6.172 6.199 6.224 6.247 6.268 6.287 6.304 6.319 6.331 6.342 6.350 6.357 6.362 6.365 6.369 6.372 6.377 6.382 6.388 6.395 6.404 6.415 6.428 6.443 6.460 6.480 6.503 6.529 6.559 6.591 6.626 6.662 6.700 6.739 6.777 6.813 6.848 6.884 6.923 6.968 7.016 7.067 7.124 7.184 7.249 7.319 7.397 7.478 7.558 7.625 7.699 7.791 7.882 7.968 8.052 8.134 8.219 8.304 8.381 8.421 8.467
5.806 5.837 5.868 5.901 5.933 5.965 5.998 6.030 6.062 6.093 6.124 6.154 6.182 6.210 6.236 6.261 6.284 6.305 6.324 6.341 6.355 6.368 6.380 6.389 6.396 6.402 6.407 6.412 6.417 6.422 6.428 6.434 6.442 6.452 6.463 6.477 6.493 6.511 6.532 6.557 6.586 6.618 6.652 6.689 6.727 6.766 6.805 6.842 6.877 6.913 6.952 6.998 7.047 7.099 7.158 7.221 7.289 7.365 7.446 7.532 7.617 7.687 7.762 7.855 7.945 8.031 8.111 8.191 8.271 8.352 8.428 8.467 8.510
5.809 5.841 5.872 5.905 5.938 5.970 6.003 6.036 6.068 6.100 6.131 6.162 6.191 6.220 6.247 6.273 6.298 6.320 6.341 6.360 6.377 6.393 6.407 6.419 6.429 6.437 6.444 6.451 6.457 6.463 6.469 6.475 6.482 6.491 6.501 6.513 6.527 6.544 6.564 6.587 6.614 6.646 6.680 6.717 6.756 6.795 6.835 6.873 6.908 6.944 6.982 7.028 7.079 7.133 7.194 7.261 7.333 7.413 7.498 7.590 7.681 7.751 7.825 7.918 8.008 8.092 8.170 8.246 8.321 8.400 8.478 8.515 8.554
5.812 5.844 5.876 5.909 5.942 5.975 6.008 6.041 6.073 6.106 6.138 6.169 6.199 6.229 6.257 6.284 6.310 6.334 6.357 6.378 6.397 6.415 6.431 6.446 6.459 6.469 6.479 6.488 6.496 6.503 6.510 6.517 6.524 6.532 6.541 6.552 6.564 6.580 6.598 6.619 6.646 6.676 6.710 6.747 6.786 6.825 6.866 6.904 6.940 6.974 7.014 7.062 7.113 7.170 7.234 7.304 7.381 7.465 7.554 7.653 7.747 7.813 7.886 7.979 8.068 8.150 8.227 8.300 8.371 8.454 8.532 8.562 8.597
5.815 5.847 5.879 5.912 5.945 5.978 6.012 6.045 6.078 6.111 6.143 6.175 6.206 6.237 6.266 6.294 6.321 6.347 6.371 6.394 6.415 6.435 6.454 6.471 6.487 6.500 6.512 6.524 6.534 6.543 6.551 6.558 6.566 6.574 6.582 6.592 6.603 6.617 6.634 6.654 6.679 6.709 6.742 6.779 6.818 6.858 6.898 6.936 6.972 7.008 7.050 7.100 7.153 7.212 7.280 7.354 7.435 7.523 7.619 7.719 7.809 7.874 7.945 8.037 8.126 8.208 8.283 8.356 8.431 8.511 8.580 8.608 8.639
