version1/TsunamiDB/out54129.asc
ncols          264
nrows          230
xllcorner      497853.4375
yllcorner      4229146.0000
cellsize         5.
NODATA_value   -99
[rows 136 to 169 of 230, columns 77 to 153 of 264]
6.686 6.696 6.705 6.713 6.722 6.731 6.739 6.748 6.756 6.764 6.773 6.781 6.789 6.796 6.804 6.812 6.820 6.827 6.835 6.842 6.850 6.858 6.865 6.873 6.880 6.886 6.893 6.899 6.905 6.911 6.917 6.923 6.930 6.936 6.942 6.949 6.955 6.962 6.968 6.975 6.981 6.987 6.994 7.000 7.006 7.012 7.018 7.024 7.029 7.033 7.038 7.042 7.046 7.050 7.054 7.058 7.061 7.065 7.069 7.072 7.075 7.078 7.081 7.084 7.087 7.089 7.091 7.094 7.096 7.099 7.100 7.101 7.102 7.103 7.104 7.105 7.105
6.690 6.700 6.709 6.718 6.727 6.735 6.744 6.753 6.761 6.770 6.778 6.786 6.794 6.802 6.810 6.818 6.826 6.833 6.841 6.849 6.856 6.864 6.872 6.880 6.887 6.893 6.900 6.906 6.912 6.918 6.925 6.931 6.937 6.944 6.950 6.957 6.964 6.970 6.977 6.984 6.990 6.997 7.003 7.010 7.016 7.023 7.030 7.036 7.041 7.046 7.050 7.055 7.059 7.064 7.068 7.072 7.076 7.080 7.084 7.088 7.091 7.095 7.098 7.101 7.104 7.106 7.109 7.112 7.114 7.117 7.119 7.120 7.121 7.122 7.123 7.123 7.124
6.693 6.703 6.712 6.722 6.731 6.740 6.749 6.757 6.766 6.774 6.783 6.791 6.799 6.807 6.815 6.823 6.831 6.839 6.847 6.854 6.862 6.870 6.878 6.886 6.893 6.899 6.906 6.912 6.919 6.925 6.931 6.938 6.944 6.951 6.957 6.964 6.971 6.978 6.984 6.991 6.998 7.005 7.012 7.019 7.025 7.032 7.040 7.046 7.051 7.056 7.062 7.066 7.071 7.076 7.081 7.085 7.089 7.094 7.098 7.102 7.106 7.110 7.113 7.117 7.120 7.123 7.126 7.129 7.132 7.134 7.136 7.138 7.139 7.140 7.141 7.142 7.143
6.696 6.706 6.716 6.725 6.734 6.743 6.752 6.761 6.770 6.779 6.787 6.796 6.804 6.812 6.820 6.828 6.836 6.844 6.852 6.859 6.867 6.875 6.883 6.891 6.898 6.905 6.911 6.918 6.924 6.931 6.937 6.944 6.950 6.957 6.964 6.970 6.977 6.984 6.991 6.998 7.005 7.012 7.019 7.026 7.033 7.041 7.048 7.054 7.060 7.066 7.071 7.076 7.082 7.087 7.092 7.096 7.101 7.106 7.110 7.115 7.119 7.123 7.127 7.131 7.134 7.138 7.141 7.144 7.148 7.151 7.153 7.155 7.156 7.158 7.159 7.160 7.161
6.698 6.709 6.718 6.728 6.737 6.747 6.756 6.765 6.774 6.783 6.791 6.800 6.808 6.816 6.825 6.833 6.841 6.849 6.856 6.864 6.872 6.880 6.888 6.896 6.903 6.910 6.916 6.923 6.929 6.936 6.942 6.949 6.956 6.962 6.969 6.976 6.983 6.989 6.996 7.003 7.011 7.018 7.025 7.032 7.040 7.047 7.055 7.061 7.067 7.073 7.079 7.085 7.090 7.096 7.101 7.106 7.111 7.116 7.121 7.126 7.131 7.135 7.139 7.143 7.147 7.151 7.155 7.159 7.162 7.166 7.168 7.170 7.172 7.174 7.176 7.177 7.178
6.700 6.710 6.720 6.730 6.740 6.749 6.759 6.768 6.777 6.786 6.795 6.804 6.812 6.820 6.829 6.837 6.845 6.853 6.861 6.869 6.876 6.884 6.893 6.900 6.907 6.914 6.921 6.927 6.934 6.941 6.947 6.954 6.960 6.967 6.974 6.980 6.987 6.994 7.001 7.008 7.015 7.023 7.030 7.037 7.045 7.053 7.060 7.067 7.074 7.080 7.086 7.092 7.098 7.103 7.109 7.114 7.120 7.125 7.130 7.136 7.140 7.145 7.150 7.155 7.159 7.163 7.167 7.171 7.175 7.179 7.182 7.185 7.187 7.189 7.191 7.193 7.194
6.700 6.711 6.722 6.732 6.742 6.752 6.761 6.771 6.780 6.789 6.798 6.807 6.815 6.824 6.832 6.840 6.849 6.857 6.865 6.873 6.880 6.889 6.897 6.904 6.911 6.918 6.925 6.932 6.938 6.945 6.951 6.958 6.965 6.971 6.978 6.985 6.992 6.998 7.005 7.013 7.020 7.027 7.034 7.042 7.049 7.057 7.065 7.072 7.078 7.085 7.091 7.098 7.104 7.110 7.115 7.121 7.127 7.133 7.138 7.144 7.149 7.154 7.159 7.164 7.169 7.173 7.178 7.182 7.187 7.191 7.194 7.197 7.200 7.202 7.205 7.207 7.209
6.699 6.710 6.721 6.732 6.743 6.753 6.763 6.772 6.782 6.791 6.801 6.809 6.818 6.827 6.835 6.844 6.852 6.860 6.868 6.876 6.884 6.892 6.900 6.908 6.915 6.922 6.929 6.935 6.942 6.949 6.955 6.962 6.968 6.975 6.982 6.988 6.995 7.002 7.009 7.016 7.023 7.030 7.038 7.045 7.053 7.061 7.069 7.076 7.082 7.089 7.096 7.102 7.108 7.115 7.121 7.127 7.133 7.139 7.145 7.150 7.156 7.162 7.167 7.172 7.177 7.182 7.187 7.192 7.197 7.201 7.205 7.208 7.211 7.214 7.217 7.219 7.221
6.696 6.708 6.720 6.731 6.742 6.753 6.763 6.773 6.783 6.793 6.802 6.812 6.821 6.829 6.838 6.847 6.855 6.863 6.871 6.879 6.887 6.895 6.904 6.911 6.918 6.925 6.932 6.939 6.945 6.952 6.959 6.965 6.972 6.978 6.985 6.992 6.999 7.005 7.012 7.019 7.026 7.034 7.041 7.048 7.056 7.064 7.072 7.079 7.086 7.092 7.099 7.106 7.112 7.119 7.125 7.131 7.137 7.144 7.150 7.156 7.162 7.168 7.173 7.179 7.184 7.190 7.195 7.200 7.205 7.210 7.214 7.218 7.221 7.224 7.227 7.230 7.233
6.690 6.703 6.716 6.728 6.740 6.752 6.763 6.773 6.784 6.794 6.803 6.813 6.822 6.831 6.840 6.849 6.857 6.866 6.874 6.882 6.890 6.898 6.907 6.914 6.921 6.928 6.935 6.942 6.948 6.955 6.962 6.968 6.975 6.981 6.988 6.995 7.002 7.008 7.015 7.022 7.029 7.036 7.043 7.051 7.058 7.066 7.074 7.081 7.088 7.095 7.102 7.108 7.115 7.121 7.128 7.134 7.141 7.147 7.154 7.160 7.166 7.172 7.178 7.184 7.190 7.196 7.201 7.207 7.212 7.217 7.222 7.226 7.230 7.233 7.236 7.239 7.242
6.680 6.695 6.709 6.723 6.736 6.748 6.760 6.771 6.782 6.793 6.803 6.813 6.823 6.832 6.841 6.850 6.859 6.867 6.876 6.884 6.892 6.901 6.909 6.917 6.924 6.931 6.938 6.944 6.951 6.958 6.964 6.971 6.977 6.984 6.991 6.997 7.004 7.011 7.018 7.024 7.031 7.038 7.045 7.053 7.060 7.068 7.076 7.083 7.090 7.096 7.103 7.110 7.117 7.123 7.130 7.137 7.143 7.150 7.157 7.163 7.170 7.176 7.183 7.189 7.195 7.201 7.206 7.212 7.218 7.223 7.228 7.232 7.237 7.240 7.244 7.247 7.251
6.666 6.683 6.699 6.714 6.728 6.742 6.755 6.767 6.779 6.791 6.802 6.812 6.822 6.832 6.842 6.851 6.860 6.869 6.877 6.886 6.894 6.902 6.911 6.919 6.926 6.933 6.940 6.946 6.953 6.960 6.966 6.973 6.980 6.986 6.993 7.000 7.006 7.013 7.020 7.026 7.033 7.040 7.047 7.054 7.062 7.069 7.077 7.084 7.091 7.098 7.104 7.111 7.118 7.125 7.131 7.138 7.145 7.152 7.159 7.166 7.172 7.179 7.185 7.192 7.198 7.204 7.211 7.217 7.223 7.228 7.233 7.238 7.242 7.246 7.250 7.254 7.257
6.647 6.665 6.683 6.700 6.717 6.732 6.747 6.760 6.773 6.786 6.798 6.809 6.820 6.831 6.841 6.850 6.860 6.869 6.878 6.886 6.895 6.903 6.912 6.920 6.927 6.934 6.941 6.948 6.955 6.961 6.968 6.975 6.981 6.988 6.995 7.001 7.008 7.015 7.021 7.028 7.035 7.042 7.048 7.056 7.063 7.070 7.078 7.085 7.091 7.098 7.105 7.112 7.118 7.125 7.132 7.139 7.146 7.153 7.160 7.167 7.174 7.181 7.187 7.194 7.201 7.207 7.214 7.220 7.227 7.232 7.238 7.243 7.247 7.252 7.256 7.260 7.263
6.623 6.644 6.663 6.682 6.701 6.718 6.734 6.750 6.764 6.778 6.791 6.804 6.816 6.827 6.838 6.848 6.858 6.868 6.877 6.886 6.895 6.904 6.912 6.921 6.928 6.935 6.942 6.949 6.956 6.963 6.969 6.976 6.983 6.989 6.996 7.003 7.009 7.016 7.023 7.029 7.036 7.043 7.049 7.056 7.063 7.071 7.078 7.085 7.092 7.098 7.105 7.112 7.118 7.125 7.132 7.139 7.146 7.153 7.160 7.167 7.174 7.182 7.189 7.196 7.202 7.209 7.216 7.223 7.229 7.236 7.241 7.246 7.251 7.256 7.260 7.264 7.268
6.596 6.618 6.639 6.660 6.680 6.699 6.717 6.735 6.751 6.767 6.781 6.795 6.809 6.821 6.833 6.844 6.855 6.865 6.875 6.884 6.894 6.903 6.912 6.920 6.928 6.935 6.942 6.949 6.956 6.963 6.970 6.977 6.983 6.990 6.997 7.004 7.010 7.017 7.023 7.030 7.037 7.043 7.050 7.057 7.064 7.071 7.078 7.085 7.091 7.098 7.104 7.111 7.118 7.124 7.131 7.138 7.145 7.152 7.160 7.167 7.174 7.182 7.189 7.196 7.203 7.210 7.217 7.224 7.231 7.238 7.244 7.249 7.254 7.259 7.264 7.268 7.272
6.569 6.591 6.613 6.634 6.656 6.676 6.696 6.715 6.734 6.751 6.768 6.783 6.798 6.812 6.825 6.837 6.849 6.860 6.871 6.881 6.891 6.901 6.910 6.919 6.927 6.934 6.942 6.949 6.956 6.963 6.970 6.977 6.984 6.990 6.997 7.004 7.011 7.017 7.024 7.030 7.037 7.043 7.050 7.057 7.064 7.071 7.078 7.084 7.091 7.097 7.104 7.110 7.117 7.123 7.130 7.137 7.144 7.151 7.158 7.166 7.173 7.181 7.188 7.196 7.203 7.211 7.218 7.225 7.233 7.239 7.245 7.251 7.257 7.262 7.266 7.271 7.275
6.543 6.564 6.586 6.608 6.629 6.651 6.672 6.693 6.712 6.731 6.750 6.767 6.783 6.799 6.814 6.827 6.840 6.853 6.864 6.876 6.886 6.897 6.907 6.916 6.924 6.932 6.940 6.948 6.955 6.962 6.969 6.976 6.983 6.990 6.997 7.004 7.010 7.017 7.024 7.030 7.037 7.043 7.050 7.057 7.063 7.071 7.077 7.084 7.090 7.096 7.102 7.109 7.115 7.122 7.128 7.135 7.142 7.149 7.157 7.164 7.172 7.179 7.187 7.195 7.203 7.210 7.218 7.225 7.233 7.240 7.247 7.253 7.258 7.264 7.269 7.273 7.278
6.520 6.540 6.561 6.582 6.603 6.625 6.646 6.667 6.688 6.709 6.728 6.747 6.765 6.782 6.799 6.814 6.828 6.842 6.855 6.867 6.879 6.891 6.902 6.912 6.920 6.929 6.937 6.945 6.953 6.960 6.967 6.975 6.982 6.989 6.996 7.003 7.009 7.016 7.023 7.029 7.036 7.043 7.049 7.056 7.063 7.070 7.076 7.083 7.089 7.095 7.101 7.107 7.113 7.120 7.126 7.133 7.140 7.147 7.155 7.162 7.170 7.177 7.185 7.193 7.201 7.209 7.217 7.225 7.233 7.240 7.247 7.253 7.259 7.265 7.270 7.275 7.280
6.502 6.520 6.539 6.559 6.579 6.600 6.621 6.642 6.663 6.684 6.705 6.725 6.744 6.763 6.780 6.797 6.813 6.828 6.843 6.856 6.869 6.882 6.894 6.905 6.915 6.924 6.932 6.941 6.949 6.957 6.965 6.972 6.979 6.987 6.994 7.001 7.008 7.015 7.021 7.028 7.035 7.041 7.048 7.055 7.061 7.069 7.075 7.081 7.087 7.093 7.099 7.105 7.112 7.118 7.124 7.131 7.138 7.145 7.152 7.160 7.167 7.175 7.183 7.191 7.199 7.207 7.216 7.224 7.232 7.240 7.247 7.253 7.260 7.266 7.271 7.277 7.282
6.488 6.505 6.522 6.540 6.559 6.578 6.598 6.619 6.639 6.660 6.681 6.701 6.721 6.741 6.760 6.778 6.795 6.812 6.828 6.843 6.857 6.871 6.884 6.896 6.906 6.916 6.926 6.935 6.944 6.952 6.960 6.968 6.976 6.984 6.991 6.998 7.005 7.012 7.019 7.026 7.033 7.040 7.046 7.053 7.060 7.067 7.073 7.079 7.085 7.091 7.097 7.103 7.109 7.115 7.122 7.128 7.135 7.142 7.149 7.157 7.164 7.172 7.180 7.188 7.197 7.205 7.214 7.223 7.231 7.239 7.246 7.253 7.260 7.266 7.272 7.278 7.283
6.479 6.494 6.510 6.526 6.543 6.561 6.580 6.599 6.618 6.638 6.658 6.678 6.699 6.718 6.738 6.757 6.775 6.793 6.810 6.826 6.842 6.857 6.872 6.884 6.896 6.907 6.918 6.927 6.937 6.946 6.955 6.963 6.971 6.979 6.987 6.995 7.002 7.009 7.017 7.023 7.030 7.037 7.044 7.051 7.058 7.065 7.071 7.077 7.083 7.089 7.095 7.101 7.107 7.113 7.119 7.126 7.132 7.139 7.146 7.154 7.161 7.169 7.177 7.186 7.194 7.203 7.211 7.221 7.229 7.237 7.245 7.252 7.259 7.266 7.272 7.278 7.284
6.474 6.487 6.501 6.516 6.532 6.548 6.565 6.583 6.601 6.620 6.639 6.658 6.678 6.697 6.717 6.736 6.755 6.773 6.791 6.808 6.825 6.842 6.857 6.871 6.884 6.896 6.907 6.918 6.928 6.938 6.948 6.957 6.966 6.974 6.982 6.990 6.998 7.005 7.013 7.020 7.027 7.034 7.041 7.048 7.055 7.063 7.069 7.075 7.081 7.087 7.092 7.098 7.104 7.110 7.116 7.123 7.129 7.136 7.143 7.151 7.158 7.166 7.174 7.182 7.191 7.200 7.209 7.218 7.227 7.235 7.244 7.251 7.259 7.266 7.273 7.279 7.285
6.472 6.484 6.497 6.510 6.525 6.539 6.555 6.571 6.588 6.605 6.623 6.641 6.659 6.678 6.697 6.716 6.735 6.753 6.772 6.790 6.807 6.825 6.841 6.855 6.869 6.883 6.895 6.907 6.918 6.929 6.939 6.949 6.958 6.967 6.976 6.984 6.993 7.001 7.008 7.016 7.023 7.030 7.038 7.045 7.052 7.059 7.066 7.072 7.078 7.084 7.090 7.096 7.102 7.108 7.114 7.120 7.126 7.133 7.140 7.147 7.155 7.163 7.171 7.179 7.188 7.197 7.206 7.215 7.225 7.233 7.242 7.250 7.258 7.265 7.272 7.279 7.285
6.473 6.484 6.496 6.508 6.521 6.534 6.548 6.563 6.578 6.594 6.611 6.627 6.645 6.663 6.681 6.699 6.717 6.735 6.754 6.772 6.790 6.807 6.824 6.839 6.854 6.868 6.882 6.894 6.907 6.918 6.929 6.940 6.950 6.960 6.969 6.978 6.987 6.995 7.003 7.011 7.019 7.026 7.034 7.041 7.049 7.056 7.062 7.069 7.075 7.081 7.087 7.093 7.099 7.105 7.111 7.117 7.123 7.130 7.137 7.144 7.152 7.159 7.167 7.176 7.185 7.194 7.203 7.213 7.222 7.231 7.240 7.248 7.257 7.265 7.272 7.279 7.286
6.476 6.486 6.497 6.508 6.520 6.532 6.545 6.558 6.572 6.587 6.602 6.618 6.634 6.650 6.667 6.685 6.702 6.720 6.737 6.755 6.773 6.791 6.808 6.824 6.839 6.854 6.868 6.881 6.894 6.907 6.918 6.930 6.940 6.951 6.961 6.970 6.980 6.988 6.997 7.005 7.013 7.021 7.029 7.037 7.045 7.052 7.059 7.065 7.071 7.078 7.084 7.090 7.096 7.102 7.108 7.114 7.121 7.127 7.134 7.141 7.149 7.156 7.164 7.173 7.181 7.190 7.200 7.210 7.219 7.229 7.238 7.247 7.255 7.264 7.272 7.279 7.286
6.480 6.489 6.499 6.510 6.521 6.532 6.544 6.556 6.569 6.583 6.597 6.611 6.626 6.642 6.657 6.674 6.690 6.707 6.724 6.741 6.758 6.776 6.793 6.809 6.824 6.839 6.854 6.868 6.881 6.894 6.907 6.919 6.930 6.941 6.952 6.962 6.972 6.981 6.990 6.999 7.008 7.016 7.024 7.032 7.040 7.048 7.055 7.061 7.068 7.074 7.080 7.086 7.093 7.099 7.105 7.111 7.118 7.124 7.131 7.138 7.146 7.153 7.161 7.170 7.178 7.187 7.197 7.207 7.217 7.226 7.236 7.245 7.254 7.263 7.271 7.279 7.287
6.486 6.494 6.503 6.513 6.523 6.534 6.545 6.556 6.568 6.581 6.594 6.607 6.621 6.636 6.650 6.666 6.681 6.697 6.713 6.729 6.746 6.763 6.780 6.795 6.811 6.826 6.841 6.855 6.869 6.882 6.895 6.908 6.920 6.932 6.943 6.954 6.964 6.974 6.983 6.993 7.001 7.010 7.019 7.027 7.035 7.043 7.050 7.057 7.064 7.071 7.077 7.083 7.089 7.096 7.102 7.108 7.115 7.122 7.129 7.136 7.143 7.151 7.159 7.167 7.176 7.185 7.194 7.204 7.214 7.224 7.234 7.243 7.253 7.262 7.271 7.279 7.287
6.492 6.500 6.509 6.518 6.527 6.537 6.547 6.558 6.569 6.581 6.593 6.606 6.619 6.632 6.646 6.660 6.675 6.690 6.705 6.720 6.736 6.753 6.769 6.784 6.799 6.814 6.829 6.843 6.857 6.871 6.884 6.897 6.910 6.922 6.934 6.945 6.956 6.966 6.976 6.986 6.995 7.004 7.013 7.022 7.030 7.039 7.046 7.053 7.060 7.067 7.073 7.080 7.086 7.093 7.099 7.106 7.112 7.119 7.126 7.133 7.141 7.148 7.156 7.164 7.173 7.182 7.192 7.202 7.212 7.222 7.232 7.241 7.251 7.261 7.270 7.279 7.288
6.499 6.506 6.514 6.523 6.532 6.541 6.551 6.561 6.572 6.583 6.594 6.606 6.618 6.631 6.644 6.657 6.671 6.685 6.699 6.714 6.729 6.744 6.760 6.774 6.789 6.804 6.818 6.833 6.847 6.861 6.874 6.887 6.900 6.913 6.925 6.936 6.948 6.958 6.969 6.979 6.989 6.998 7.007 7.016 7.025 7.034 7.042 7.049 7.056 7.063 7.070 7.077 7.083 7.090 7.097 7.103 7.110 7.117 7.124 7.131 7.138 7.146 7.154 7.162 7.171 7.180 7.189 7.200 7.210 7.220 7.230 7.240 7.250 7.260 7.270 7.279 7.288
6.506 6.513 6.521 6.529 6.537 6.546 6.555 6.565 6.575 6.585 6.596 6.607 6.619 6.631 6.643 6.656 6.668 6.682 6.695 6.709 6.724 6.738 6.753 6.767 6.781 6.795 6.809 6.824 6.837 6.851 6.865 6.878 6.891 6.904 6.916 6.928 6.940 6.951 6.962 6.972 6.982 6.992 7.002 7.011 7.020 7.029 7.037 7.045 7.052 7.060 7.067 7.074 7.080 7.087 7.094 7.101 7.108 7.115 7.122 7.129 7.136 7.144 7.152 7.160 7.169 7.178 7.187 7.198 7.208 7.218 7.228 7.238 7.249 7.259 7.269 7.279 7.288
6.514 6.521 6.528 6.535 6.543 6.552 6.560 6.569 6.579 6.589 6.599 6.610 6.621 6.632 6.644 6.655 6.668 6.680 6.693 6.706 6.720 6.734 6.748 6.761 6.775 6.789 6.802 6.816 6.830 6.843 6.857 6.870 6.883 6.896 6.908 6.921 6.932 6.944 6.955 6.966 6.976 6.986 6.996 7.006 7.016 7.025 7.033 7.041 7.049 7.056 7.063 7.071 7.078 7.085 7.092 7.099 7.106 7.113 7.120 7.127 7.135 7.142 7.150 7.159 7.167 7.176 7.186 7.196 7.206 7.216 7.227 7.237 7.248 7.258 7.269 7.279 7.289
6.522 6.529 6.535 6.542 6.550 6.558 6.566 6.575 6.584 6.593 6.603 6.613 6.623 6.634 6.645 6.657 6.668 6.680 6.692 6.705 6.718 6.731 6.745 6.757 6.770 6.783 6.797 6.810 6.823 6.836 6.850 6.863 6.876 6.889 6.901 6.914 6.926 6.937 6.949 6.960 6.971 6.981 6.991 7.001 7.011 7.021 7.029 7.037 7.045 7.053 7.060 7.068 7.075 7.082 7.089 7.097 7.104 7.111 7.118 7.126 7.133 7.141 7.149 7.157 7.166 7.175 7.185 7.195 7.205 7.215 7.225 7.236 7.247 7.257 7.268 7.279 7.289
6.531 6.537 6.543 6.549 6.556 6.564 6.572 6.580 6.589 6.598 6.607 6.617 6.627 6.637 6.648 6.658 6.669 6.681 6.693 6.705 6.717 6.730 6.743 6.755 6.767 6.780 6.792 6.805 6.818 6.831 6.844 6.857 6.870 6.882 6.895 6.907 6.919 6.931 6.943 6.954 6.965 6.976 6.986 6.997 7.007 7.017 7.025 7.034 7.042 7.050 7.058 7.065 7.073 7.080 7.087 7.095 7.102 7.109 7.117 7.124 7.132 7.140 7.148 7.156 7.165 7.174 7.184 7.194 7.204 7.214 7.224 7.235 7.246 7.257 7.268 7.279 7.289
6.540 6.545 6.551 6.557 6.564 6.571 6.578 6.586 6.594 6.603 6.612 6.621 6.631 6.640 6.651 6.661 6.672 6.682 6.694 6.705 6.717 6.729 6.742 6.753 6.765 6.777 6.789 6.801 6.814 6.826 6.839 6.852 6.864 6.877 6.889 6.902 6.914 6.926 6.938 6.949 6.960 6.971 6.982 6.992 7.003 7.013 7.022 7.031 7.039 7.047 7.055 7.063 7.071 7.078 7.086 7.093 7.101 7.108 7.116 7.124 7.131 7.139 7.147 7.156 7.164 7.173 7.183 7.193 7.203 7.213 7.224 7.234 7.245 7.256 7.267 7.278 7.289
