version1/TsunamiDB/out54008.asc
ncols          264
nrows          230
xllcorner      497853.4375
yllcorner      4229146.0000
cellsize         5.
NODATA_value   -99
[rows 155 to 185 of 230, columns 140 to 209 of 264]
-99.000 -99.000 -99.000 -99.000 -99.000 -99.000 -99.000 -99.000 -99.000 -99.000 -99.000 -99.000 -99.000 -99.000 1.644 1.646 1.680 1.809 2.045 2.366 2.748 3.161 3.571 3.951 4.276 4.525 4.704 4.834 4.931 5.007 5.071 5.126 5.175 5.218 5.258 5.298 5.341 5.390 5.440 5.491 5.540 5.593 5.656 5.726 5.803 5.886 5.958 6.001 6.065 6.131 6.156 6.173 6.198 6.237 6.287 6.349 6.393 6.374 6.440 6.549 6.566 6.536 6.482 6.411 6.314 6.200 6.089 6.005 6.009 6.062
-99.000 -99.000 -99.000 -99.000 -99.000 -99.000 -99.000 -99.000 -99.000 -99.000 -99.000 -99.000 -99.000 -99.000 1.644 1.652 1.719 1.894 2.167 2.515 2.913 3.328 3.728 4.091 4.398 4.630 4.797 4.918 5.006 5.078 5.137 5.188 5.234 5.275 5.313 5.351 5.395 5.445 5.497 5.551 5.602 5.658 5.724 5.794 5.869 5.955 6.016 6.050 6.117 6.185 6.207 6.221 6.240 6.269 6.310 6.376 6.403 6.365 6.425 6.527 6.538 6.505 6.451 6.379 6.287 6.173 6.074 6.012 6.029 6.093
-99.000 -99.000 -99.000 -99.000 -99.000 -99.000 -99.000 -99.000 -99.000 -99.000 -99.000 -99.000 -99.000 -99.000 1.645 1.668 1.777 1.994 2.300 2.672 3.079 3.489 3.876 4.220 4.510 4.726 4.880 4.993 5.077 5.144 5.202 5.252 5.297 5.338 5.378 5.419 5.465 5.516 5.570 5.627 5.680 5.739 5.805 5.876 5.950 6.019 6.067 6.103 6.172 6.244 6.270 6.285 6.301 6.328 6.366 6.402 6.398 6.356 6.410 6.502 6.507 6.473 6.416 6.343 6.251 6.152 6.082 6.034 6.057 6.130
-99.000 -99.000 -99.000 -99.000 -99.000 -99.000 -99.000 -99.000 -99.000 -99.000 -99.000 -99.000 -99.000 1.644 1.649 1.699 1.852 2.107 2.442 2.831 3.242 3.644 4.013 4.339 4.608 4.807 4.949 5.055 5.135 5.202 5.260 5.312 5.360 5.405 5.450 5.496 5.544 5.596 5.654 5.715 5.767 5.825 5.889 5.957 6.021 6.076 6.121 6.157 6.231 6.310 6.342 6.359 6.375 6.395 6.410 6.412 6.392 6.344 6.389 6.471 6.473 6.435 6.376 6.304 6.224 6.152 6.101 6.062 6.093 6.178
-99.000 -99.000 -99.000 -99.000 -99.000 -99.000 -99.000 -99.000 -99.000 -99.000 -99.000 -99.000 -99.000 1.644 1.659 1.746 1.943 2.232 2.592 2.992 3.401 3.790 4.141 4.445 4.691 4.869 5.000 5.101 5.180 5.249 5.311 5.367 5.420 5.472 5.524 5.574 5.626 5.680 5.743 5.806 5.855 5.910 5.970 6.030 6.085 6.134 6.176 6.212 6.290 6.378 6.414 6.432 6.444 6.447 6.438 6.417 6.381 6.327 6.363 6.434 6.432 6.394 6.336 6.272 6.213 6.164 6.127 6.097 6.137 6.232
-99.000 -99.000 -99.000 -99.000 -99.000 -99.000 -99.000 -99.000 -99.000 -99.000 -99.000 -99.000 1.644 1.646 1.681 1.810 2.046 2.366 2.745 3.152 3.554 3.928 4.258 4.539 4.755 4.913 5.033 5.131 5.212 5.284 5.353 5.416 5.476 5.536 5.594 5.650 5.707 5.763 5.830 5.895 5.941 5.992 6.043 6.096 6.147 6.191 6.233 6.267 6.347 6.439 6.477 6.495 6.496 6.484 6.458 6.416 6.367 6.307 6.332 6.393 6.389 6.354 6.303 6.257 6.217 6.183 6.160 6.140 6.186 6.287
-99.000 -99.000 -99.000 -99.000 -99.000 -99.000 -99.000 -99.000 -99.000 -99.000 -99.000 -99.000 1.644 1.652 1.717 1.890 2.160 2.506 2.899 3.308 3.701 4.057 4.365 4.615 4.799 4.938 5.051 5.148 5.231 5.308 5.384 5.455 5.523 5.590 5.655 5.719 5.782 5.840 5.912 5.979 6.023 6.066 6.109 6.157 6.203 6.245 6.284 6.313 6.393 6.488 6.527 6.539 6.530 6.508 6.467 6.409 6.348 6.282 6.299 6.354 6.351 6.322 6.285 6.254 6.228 6.209 6.198 6.183 6.233 6.339
-99.000 -99.000 -99.000 -99.000 -99.000 -99.000 -99.000 -99.000 -99.000 -99.000 -99.000 -99.000 1.645 1.666 1.770 1.982 2.283 2.650 3.053 3.459 3.840 4.177 4.458 4.670 4.828 4.952 5.059 5.154 5.239 5.321 5.404 5.483 5.559 5.633 5.708 5.780 5.848 5.910 5.987 6.058 6.096 6.133 6.169 6.210 6.252 6.290 6.323 6.347 6.428 6.525 6.559 6.565 6.550 6.518 6.467 6.397 6.324 6.254 6.268 6.319 6.319 6.302 6.278 6.258 6.247 6.240 6.234 6.223 6.277 6.385
-99.000 -99.000 -99.000 -99.000 -99.000 -99.000 -99.000 -99.000 -99.000 -99.000 -99.000 1.644 1.648 1.692 1.837 2.085 2.414 2.798 3.205 3.604 3.970 4.286 4.534 4.715 4.853 4.965 5.064 5.156 5.240 5.325 5.414 5.500 5.584 5.667 5.749 5.829 5.904 5.968 6.049 6.122 6.157 6.188 6.217 6.250 6.286 6.318 6.347 6.365 6.444 6.539 6.568 6.570 6.548 6.510 6.450 6.369 6.291 6.222 6.234 6.285 6.294 6.288 6.273 6.266 6.267 6.266 6.265 6.256 6.310 6.417
-99.000 -99.000 -99.000 -99.000 -99.000 -99.000 -99.000 -99.000 -99.000 -99.000 -99.000 1.644 1.656 1.733 1.918 2.198 2.550 2.946 3.353 3.742 4.092 4.382 4.598 4.758 4.880 4.980 5.069 5.156 5.237 5.322 5.415 5.506 5.596 5.686 5.775 5.862 5.944 6.011 6.095 6.170 6.204 6.231 6.253 6.280 6.307 6.332 6.357 6.369 6.444 6.537 6.564 6.561 6.534 6.492 6.430 6.345 6.265 6.198 6.213 6.268 6.285 6.286 6.280 6.281 6.287 6.289 6.291 6.282 6.333 6.438
-99.000 -99.000 -99.000 -99.000 -99.000 -99.000 -99.000 -99.000 -99.000 -99.000 -99.000 1.645 1.673 1.788 2.011 2.319 2.689 3.092 3.495 3.872 4.202 4.464 4.655 4.797 4.906 4.995 5.077 5.159 5.238 5.322 5.416 5.511 5.608 5.706 5.802 5.897 5.984 6.050 6.138 6.219 6.252 6.275 6.292 6.312 6.330 6.351 6.371 6.373 6.443 6.537 6.562 6.554 6.526 6.483 6.417 6.331 6.247 6.187 6.206 6.265 6.287 6.293 6.293 6.300 6.308 6.312 6.314 6.302 6.349 6.451
-99.000 -99.000 -99.000 -99.000 -99.000 -99.000 -99.000 -99.000 -99.000 -99.000 1.644 1.649 1.702 1.858 2.114 2.447 2.831 3.236 3.631 3.991 4.299 4.532 4.703 4.831 4.930 5.012 5.091 5.171 5.248 5.332 5.427 5.526 5.630 5.734 5.837 5.939 6.024 6.088 6.181 6.265 6.298 6.319 6.332 6.344 6.355 6.371 6.379 6.370 6.439 6.534 6.556 6.546 6.514 6.467 6.400 6.306 6.227 6.180 6.205 6.266 6.291 6.302 6.307 6.314 6.324 6.329 6.328 6.312 6.355 6.452
-99.000 -99.000 -99.000 -99.000 -99.000 -99.000 -99.000 -99.000 -99.000 -99.000 1.644 1.659 1.746 1.940 2.226 2.580 2.974 3.376 3.758 4.099 4.379 4.587 4.740 4.857 4.950 5.031 5.109 5.189 5.265 5.349 5.448 5.551 5.660 5.771 5.880 5.977 6.058 6.125 6.221 6.309 6.343 6.364 6.372 6.379 6.384 6.384 6.378 6.365 6.432 6.525 6.544 6.532 6.494 6.440 6.367 6.281 6.220 6.180 6.205 6.268 6.299 6.313 6.317 6.325 6.334 6.336 6.332 6.312 6.350 6.442
-99.000 -99.000 -99.000 -99.000 -99.000 -99.000 -99.000 -99.000 -99.000 1.644 1.646 1.679 1.804 2.034 2.347 2.718 3.117 3.512 3.877 4.195 4.443 4.627 4.766 4.875 4.964 5.043 5.120 5.201 5.277 5.363 5.466 5.575 5.689 5.805 5.914 6.008 6.090 6.157 6.256 6.348 6.385 6.404 6.410 6.411 6.404 6.388 6.373 6.354 6.417 6.507 6.524 6.506 6.463 6.404 6.334 6.266 6.218 6.179 6.206 6.273 6.307 6.320 6.324 6.330 6.335 6.334 6.327 6.302 6.334 6.423
-99.000 -99.000 -99.000 -99.000 -99.000 -99.000 -99.000 -99.000 -99.000 1.644 1.651 1.711 1.877 2.139 2.476 2.860 3.259 3.642 3.988 4.276 4.492 4.655 4.782 4.884 4.969 5.045 5.122 5.203 5.280 5.371 5.478 5.592 5.713 5.832 5.942 6.036 6.118 6.185 6.286 6.383 6.419 6.438 6.441 6.433 6.413 6.386 6.361 6.337 6.396 6.482 6.495 6.473 6.426 6.369 6.312 6.256 6.213 6.178 6.207 6.278 6.311 6.323 6.325 6.326 6.328 6.324 6.312 6.284 6.312 6.397
-99.000 -99.000 -99.000 -99.000 -99.000 -99.000 -99.000 -99.000 -99.000 1.645 1.663 1.759 1.962 2.254 2.611 3.003 3.398 3.768 4.089 4.341 4.531 4.676 4.792 4.887 4.967 5.041 5.116 5.196 5.276 5.371 5.485 5.606 5.728 5.849 5.962 6.058 6.141 6.206 6.308 6.407 6.444 6.461 6.458 6.442 6.414 6.376 6.344 6.315 6.368 6.450 6.461 6.437 6.392 6.344 6.295 6.246 6.208 6.176 6.206 6.277 6.311 6.321 6.319 6.316 6.314 6.307 6.294 6.262 6.286 6.366
-99.000 -99.000 -99.000 -99.000 -99.000 -99.000 -99.000 -99.000 1.644 1.647 1.685 1.820 2.059 2.377 2.750 3.147 3.535 3.886 4.176 4.396 4.563 4.693 4.798 4.884 4.958 5.027 5.100 5.181 5.266 5.367 5.488 5.612 5.735 5.857 5.972 6.071 6.154 6.215 6.317 6.420 6.457 6.470 6.462 6.442 6.407 6.362 6.323 6.288 6.336 6.416 6.426 6.404 6.366 6.324 6.280 6.237 6.201 6.169 6.199 6.270 6.304 6.313 6.306 6.300 6.294 6.286 6.273 6.237 6.255 6.330
-99.000 -99.000 -99.000 -99.000 -99.000 -99.000 -99.000 -99.000 1.644 1.653 1.721 1.896 2.165 2.507 2.893 3.289 3.665 3.993 4.251 4.444 4.591 4.707 4.801 4.878 4.944 5.007 5.080 5.165 5.255 5.363 5.488 5.613 5.736 5.859 5.975 6.076 6.158 6.215 6.319 6.425 6.458 6.469 6.459 6.435 6.396 6.344 6.298 6.260 6.307 6.385 6.395 6.379 6.345 6.306 6.267 6.226 6.189 6.155 6.186 6.257 6.291 6.298 6.289 6.279 6.271 6.264 6.250 6.211 6.224 6.296
-99.000 -99.000 -99.000 -99.000 -99.000 -99.000 -99.000 -99.000 1.645 1.667 1.772 1.984 2.282 2.643 3.036 3.427 3.787 4.088 4.316 4.487 4.617 4.720 4.803 4.871 4.931 4.993 5.067 5.157 5.253 5.365 5.490 5.614 5.735 5.856 5.973 6.074 6.157 6.209 6.313 6.419 6.449 6.457 6.445 6.420 6.377 6.319 6.270 6.232 6.276 6.354 6.369 6.354 6.322 6.288 6.251 6.207 6.168 6.134 6.164 6.235 6.270 6.277 6.267 6.256 6.249 6.241 6.227 6.184 6.193 6.260
-99.000 -99.000 -99.000 -99.000 -99.000 -99.000 -99.000 1.644 1.648 1.693 1.839 2.085 2.408 2.785 3.180 3.561 3.900 4.171 4.374 4.526 4.641 4.733 4.808 4.870 4.927 4.988 5.064 5.157 5.256 5.367 5.491 5.611 5.729 5.847 5.960 6.060 6.142 6.191 6.294 6.399 6.430 6.437 6.425 6.401 6.358 6.300 6.249 6.210 6.254 6.333 6.350 6.335 6.304 6.271 6.233 6.188 6.146 6.110 6.138 6.211 6.248 6.258 6.249 6.238 6.230 6.221 6.207 6.161 6.164 6.227
-99.000 -99.000 -99.000 -99.000 -99.000 -99.000 -99.000 1.644 1.656 1.735 1.921 2.198 2.545 2.931 3.322 3.688 4.002 4.245 4.425 4.561 4.665 4.748 4.817 4.875 4.930 4.992 5.070 5.164 5.261 5.369 5.489 5.605 5.719 5.835 5.946 6.048 6.132 6.174 6.277 6.386 6.417 6.425 6.415 6.393 6.351 6.292 6.238 6.199 6.244 6.324 6.341 6.325 6.294 6.261 6.220 6.172 6.127 6.088 6.116 6.191 6.231 6.243 6.237 6.227 6.216 6.209 6.197 6.145 6.141 6.200
-99.000 -99.000 -99.000 -99.000 -99.000 -99.000 1.644 1.646 1.675 1.795 2.019 2.326 2.691 3.081 3.463 3.809 4.094 4.310 4.472 4.594 4.690 4.768 4.834 4.890 4.945 5.007 5.086 5.180 5.273 5.378 5.494 5.608 5.723 5.835 5.945 6.054 6.128 6.162 6.267 6.378 6.409 6.418 6.410 6.387 6.345 6.280 6.228 6.195 6.240 6.321 6.338 6.322 6.291 6.253 6.209 6.156 6.108 6.068 6.097 6.174 6.217 6.234 6.232 6.223 6.212 6.211 6.194 6.132 6.123 6.178
-99.000 -99.000 -99.000 -99.000 -99.000 -99.000 1.644 1.651 1.710 1.874 2.134 2.467 2.846 3.235 3.602 3.922 4.176 4.368 4.513 4.626 4.716 4.791 4.855 4.913 4.969 5.033 5.113 5.204 5.294 5.397 5.512 5.626 5.739 5.851 5.960 6.051 6.111 6.150 6.257 6.366 6.398 6.409 6.399 6.374 6.331 6.275 6.235 6.200 6.242 6.325 6.343 6.327 6.290 6.247 6.198 6.143 6.098 6.056 6.083 6.163 6.212 6.234 6.236 6.231 6.226 6.219 6.189 6.121 6.107 6.155
-99.000 -99.000 -99.000 -99.000 -99.000 -99.000 1.645 1.665 1.765 1.971 2.265 2.622 3.009 3.390 3.736 4.026 4.249 4.419 4.550 4.654 4.740 4.813 4.878 4.936 4.993 5.057 5.135 5.225 5.314 5.415 5.530 5.641 5.750 5.858 5.956 6.033 6.093 6.133 6.239 6.348 6.383 6.395 6.385 6.362 6.327 6.284 6.248 6.209 6.251 6.336 6.355 6.335 6.293 6.246 6.194 6.143 6.097 6.052 6.078 6.163 6.218 6.244 6.251 6.251 6.243 6.224 6.183 6.109 6.090 6.132
-99.000 -99.000 -99.000 -99.000 -99.000 1.644 1.648 1.694 1.841 2.088 2.413 2.788 3.177 3.544 3.865 4.120 4.315 4.465 4.584 4.680 4.762 4.834 4.898 4.954 5.010 5.071 5.148 5.238 5.326 5.427 5.539 5.646 5.750 5.851 5.942 6.015 6.073 6.113 6.220 6.331 6.368 6.382 6.376 6.360 6.335 6.300 6.264 6.224 6.266 6.353 6.372 6.349 6.304 6.254 6.203 6.153 6.106 6.059 6.085 6.174 6.233 6.263 6.274 6.271 6.256 6.226 6.175 6.096 6.072 6.109
-99.000 -99.000 -99.000 -99.000 -99.000 1.644 1.659 1.745 1.938 2.223 2.575 2.962 3.346 3.695 3.982 4.205 4.376 4.509 4.616 4.706 4.783 4.852 4.913 4.967 5.021 5.081 5.157 5.245 5.333 5.430 5.538 5.642 5.740 5.835 5.925 5.997 6.056 6.097 6.202 6.315 6.355 6.375 6.375 6.368 6.350 6.319 6.286 6.245 6.286 6.374 6.394 6.371 6.325 6.275 6.225 6.174 6.128 6.078 6.103 6.193 6.254 6.286 6.295 6.289 6.266 6.225 6.165 6.082 6.052 6.083
-99.000 -99.000 -99.000 -99.000 1.644 1.647 1.684 1.818 2.056 2.375 2.749 3.141 3.514 3.835 4.089 4.284 4.434 4.552 4.649 4.732 4.804 4.869 4.927 4.978 5.029 5.087 5.159 5.245 5.329 5.423 5.529 5.628 5.722 5.818 5.909 5.983 6.044 6.083 6.190 6.306 6.352 6.375 6.383 6.383 6.369 6.343 6.312 6.267 6.308 6.400 6.423 6.402 6.357 6.308 6.258 6.208 6.162 6.107 6.127 6.217 6.278 6.308 6.314 6.302 6.270 6.220 6.152 6.064 6.029 6.055
-99.000 -99.000 -99.000 -99.000 1.644 1.655 1.731 1.914 2.192 2.541 2.929 3.319 3.674 3.964 4.188 4.359 4.491 4.596 4.684 4.760 4.828 4.888 4.942 4.989 5.036 5.089 5.159 5.241 5.322 5.413 5.516 5.613 5.709 5.807 5.900 5.979 6.041 6.081 6.189 6.309 6.356 6.384 6.397 6.401 6.394 6.371 6.339 6.294 6.336 6.432 6.459 6.442 6.400 6.350 6.301 6.252 6.202 6.140 6.155 6.244 6.300 6.327 6.327 6.308 6.269 6.211 6.135 6.042 6.004 6.025
-99.000 -99.000 -99.000 -99.000 1.646 1.677 1.801 2.030 2.344 2.717 3.112 3.493 3.822 4.081 4.278 4.429 4.547 4.642 4.723 4.793 4.855 4.911 4.961 5.004 5.048 5.098 5.163 5.241 5.317 5.405 5.507 5.608 5.707 5.808 5.905 5.987 6.052 6.090 6.199 6.319 6.367 6.398 6.414 6.424 6.420 6.399 6.368 6.323 6.366 6.465 6.497 6.485 6.446 6.399 6.349 6.297 6.243 6.175 6.183 6.265 6.315 6.336 6.329 6.304 6.259 6.191 6.108 6.013 5.972 5.990
-99.000 -99.000 -99.000 1.645 1.652 1.719 1.894 2.165 2.510 2.899 3.294 3.658 3.956 4.187 4.362 4.496 4.602 4.690 4.765 4.830 4.888 4.939 4.985 5.025 5.066 5.111 5.170 5.243 5.315 5.401 5.505 5.610 5.712 5.815 5.913 5.997 6.064 6.101 6.209 6.330 6.379 6.411 6.430 6.445 6.444 6.425 6.396 6.352 6.396 6.499 6.538 6.531 6.496 6.450 6.399 6.343 6.285 6.208 6.206 6.280 6.324 6.338 6.325 6.293 6.241 6.167 6.079 5.982 5.941 5.961
-99.000 -99.000 -99.000 1.646 1.671 1.785 2.006 2.315 2.685 3.083 3.471 3.809 4.077 4.282 4.438 4.559 4.657 4.738 4.809 4.871 4.925 4.972 5.013 5.049 5.085 5.126 5.178 5.245 5.313 5.398 5.504 5.610 5.716 5.822 5.921 6.010 6.081 6.115 6.222 6.344 6.394 6.426 6.449 6.467 6.470 6.455 6.429 6.383 6.428 6.537 6.582 6.581 6.551 6.507 6.453 6.395 6.332 6.244 6.230 6.295 6.332 6.338 6.319 6.282 6.224 6.144 6.050 5.953 5.916 5.940
