version1/TsunamiDB/out54028.asc
ncols          264
nrows          230
xllcorner      497853.4375
yllcorner      4229146.0000
cellsize         5.
NODATA_value   -99
[rows 0 to 31 of 230, columns 142 to 212 of 264]
-99.000 -99.000 -99.000 -99.000 -99.000 -99.000 -99.000 -99.000 -99.000 -99.000 -99.000 -99.000 -99.000 -99.000 -99.000 -99.000 -99.000 -99.000 -99.000 -99.000 -99.000 -99.000 -99.000 -99.000 -99.000 -99.000 -99.000 -99.000 -99.000 -99.000 1.645 1.665 1.762 1.958 2.228 2.534 2.845 3.130 3.375 3.576 3.738 3.869 3.977 4.068 4.148 4.219 4.283 4.342 4.398 4.449 4.498 4.544 4.588 4.630 4.671 4.711 4.750 4.788 4.825 4.863 4.901 4.939 4.977 5.015 5.053 5.092 5.130 5.169 5.207 5.245 5.283
-99.000 -99.000 -99.000 -99.000 -99.000 -99.000 -99.000 -99.000 -99.000 -99.000 -99.000 -99.000 -99.000 -99.000 -99.000 -99.000 -99.000 -99.000 -99.000 -99.000 -99.000 -99.000 -99.000 -99.000 -99.000 -99.000 -99.000 -99.000 -99.000 1.644 1.649 1.700 1.846 2.082 2.375 2.687 2.988 3.254 3.478 3.659 3.805 3.924 4.023 4.109 4.185 4.253 4.316 4.374 4.428 4.480 4.528 4.574 4.618 4.659 4.700 4.739 4.777 4.815 4.852 4.888 4.925 4.961 4.998 5.034 5.071 5.108 5.145 5.183 5.220 5.257 5.294
-99.000 -99.000 -99.000 -99.000 -99.000 -99.000 -99.000 -99.000 -99.000 -99.000 -99.000 -99.000 -99.000 -99.000 -99.000 -99.000 -99.000 -99.000 -99.000 -99.000 -99.000 -99.000 -99.000 -99.000 -99.000 -99.000 -99.000 -99.000 -99.000 1.645 1.664 1.759 1.952 2.220 2.527 2.837 3.122 3.368 3.570 3.733 3.865 3.973 4.066 4.146 4.219 4.285 4.346 4.404 4.458 4.508 4.557 4.602 4.646 4.688 4.728 4.767 4.805 4.843 4.879 4.914 4.950 4.985 5.020 5.055 5.090 5.126 5.162 5.197 5.233 5.269 5.305
-99.000 -99.000 -99.000 -99.000 -99.000 -99.000 -99.000 -99.000 -99.000 -99.000 -99.000 -99.000 -99.000 -99.000 -99.000 -99.000 -99.000 -99.000 -99.000 -99.000 -99.000 -99.000 -99.000 -99.000 -99.000 -99.000 -99.000 -99.000 1.644 1.649 1.698 1.842 2.075 2.367 2.680 2.980 3.247 3.471 3.652 3.799 3.918 4.018 4.104 4.181 4.251 4.315 4.375 4.431 4.485 4.536 4.584 4.630 4.673 4.715 4.756 4.795 4.833 4.870 4.906 4.940 4.975 5.009 5.043 5.077 5.111 5.145 5.179 5.214 5.248 5.283 5.318
-99.000 -99.000 -99.000 -99.000 -99.000 -99.000 -99.000 -99.000 -99.000 -99.000 -99.000 -99.000 -99.000 -99.000 -99.000 -99.000 -99.000 -99.000 -99.000 -99.000 -99.000 -99.000 -99.000 -99.000 -99.000 -99.000 -99.000 -99.000 1.645 1.663 1.755 1.946 2.212 2.519 2.829 3.114 3.360 3.563 3.726 3.858 3.967 4.059 4.140 4.213 4.280 4.343 4.402 4.457 4.510 4.561 4.609 4.655 4.700 4.742 4.783 4.823 4.861 4.898 4.933 4.967 5.001 5.034 5.067 5.100 5.132 5.165 5.198 5.231 5.264 5.298 5.331
-99.000 -99.000 -99.000 -99.000 -99.000 -99.000 -99.000 -99.000 -99.000 -99.000 -99.000 -99.000 -99.000 -99.000 -99.000 -99.000 -99.000 -99.000 -99.000 -99.000 -99.000 -99.000 -99.000 -99.000 -99.000 -99.000 -99.000 1.644 1.649 1.695 1.836 2.067 2.358 2.670 2.972 3.239 3.463 3.645 3.791 3.911 4.010 4.096 4.173 4.243 4.308 4.369 4.426 4.482 4.534 4.585 4.634 4.680 4.725 4.768 4.809 4.849 4.888 4.925 4.959 4.993 5.027 5.060 5.092 5.124 5.155 5.187 5.219 5.250 5.282 5.314 5.346
-99.000 -99.000 -99.000 -99.000 -99.000 -99.000 -99.000 -99.000 -99.000 -99.000 -99.000 -99.000 -99.000 -99.000 -99.000 -99.000 -99.000 -99.000 -99.000 -99.000 -99.000 -99.000 -99.000 -99.000 -99.000 -99.000 -99.000 1.645 1.662 1.750 1.937 2.202 2.507 2.818 3.105 3.351 3.554 3.718 3.850 3.958 4.050 4.131 4.203 4.270 4.333 4.393 4.450 4.504 4.557 4.608 4.656 4.704 4.749 4.793 4.835 4.875 4.914 4.951 4.985 5.019 5.053 5.085 5.117 5.148 5.179 5.210 5.240 5.271 5.301 5.332 5.363
-99.000 -99.000 -99.000 -99.000 -99.000 -99.000 -99.000 -99.000 -99.000 -99.000 -99.000 -99.000 -99.000 -99.000 -99.000 -99.000 -99.000 -99.000 -99.000 -99.000 -99.000 -99.000 -99.000 -99.000 -99.000 -99.000 1.644 1.648 1.692 1.828 2.056 2.344 2.657 2.959 3.228 3.453 3.636 3.783 3.902 4.001 4.086 4.162 4.231 4.296 4.357 4.415 4.471 4.526 4.578 4.629 4.678 4.726 4.772 4.816 4.859 4.899 4.939 4.976 5.010 5.045 5.078 5.110 5.142 5.173 5.203 5.233 5.263 5.292 5.322 5.351 5.381
-99.000 -99.000 -99.000 -99.000 -99.000 -99.000 -99.000 -99.000 -99.000 -99.000 -99.000 -99.000 -99.000 -99.000 -99.000 -99.000 -99.000 -99.000 -99.000 -99.000 -99.000 -99.000 -99.000 -99.000 -99.000 -99.000 1.645 1.660 1.743 1.925 2.186 2.491 2.802 3.090 3.340 3.544 3.708 3.840 3.948 4.040 4.119 4.191 4.257 4.320 4.379 4.437 4.492 4.546 4.599 4.650 4.699 4.747 4.794 4.838 4.881 4.923 4.962 4.999 5.034 5.069 5.103 5.135 5.167 5.197 5.227 5.257 5.286 5.315 5.344 5.372 5.400
-99.000 -99.000 -99.000 -99.000 -99.000 -99.000 -99.000 -99.000 -99.000 -99.000 -99.000 -99.000 -99.000 -99.000 -99.000 -99.000 -99.000 -99.000 -99.000 -99.000 -99.000 -99.000 -99.000 -99.000 -99.000 1.644 1.647 1.686 1.816 2.039 2.325 2.636 2.940 3.211 3.440 3.624 3.772 3.892 3.991 4.075 4.150 4.218 4.282 4.343 4.401 4.457 4.512 4.566 4.618 4.669 4.719 4.767 4.814 4.859 4.902 4.944 4.984 5.021 5.057 5.093 5.127 5.160 5.191 5.222 5.252 5.281 5.310 5.338 5.366 5.394 5.421
-99.000 -99.000 -99.000 -99.000 -99.000 -99.000 -99.000 -99.000 -99.000 -99.000 -99.000 -99.000 -99.000 -99.000 -99.000 -99.000 -99.000 -99.000 -99.000 -99.000 -99.000 -99.000 -99.000 -99.000 -99.000 1.644 1.657 1.733 1.908 2.164 2.467 2.778 3.069 3.322 3.530 3.696 3.829 3.938 4.029 4.108 4.178 4.244 4.306 4.365 4.422 4.478 4.532 4.585 4.637 4.688 4.738 4.786 4.833 4.878 4.922 4.964 5.005 5.043 5.079 5.115 5.150 5.183 5.215 5.246 5.276 5.306 5.334 5.362 5.390 5.417 5.444
-99.000 -99.000 -99.000 -99.000 -99.000 -99.000 -99.000 -99.000 -99.000 -99.000 -99.000 -99.000 -99.000 -99.000 -99.000 -99.000 -99.000 -99.000 -99.000 -99.000 -99.000 -99.000 -99.000 -99.000 1.644 1.646 1.680 1.800 2.015 2.297 2.608 2.913 3.189 3.421 3.610 3.759 3.880 3.979 4.064 4.138 4.205 4.268 4.329 4.386 4.443 4.498 4.551 4.604 4.656 4.706 4.756 4.804 4.850 4.896 4.940 4.982 5.023 5.062 5.099 5.136 5.171 5.205 5.238 5.269 5.300 5.329 5.358 5.386 5.414 5.440 5.467
-99.000 -99.000 -99.000 -99.000 -99.000 -99.000 -99.000 -99.000 -99.000 -99.000 -99.000 -99.000 -99.000 -99.000 -99.000 -99.000 -99.000 -99.000 -99.000 -99.000 -99.000 -99.000 -99.000 -99.000 1.644 1.654 1.720 1.885 2.134 2.433 2.746 3.040 3.297 3.510 3.680 3.815 3.926 4.017 4.096 4.167 4.232 4.293 4.352 4.408 4.464 4.518 4.571 4.623 4.674 4.724 4.772 4.820 4.867 4.912 4.957 4.999 5.041 5.080 5.118 5.155 5.191 5.226 5.259 5.292 5.323 5.353 5.382 5.410 5.438 5.464 5.490
-99.000 -99.000 -99.000 -99.000 -99.000 -99.000 -99.000 -99.000 -99.000 -99.000 -99.000 -99.000 -99.000 -99.000 -99.000 -99.000 -99.000 -99.000 -99.000 -99.000 -99.000 -99.000 -99.000 -99.000 1.646 1.672 1.780 1.985 2.261 2.570 2.878 3.158 3.396 3.589 3.743 3.866 3.967 4.052 4.127 4.195 4.258 4.317 4.375 4.430 4.485 4.538 4.589 4.641 4.691 4.740 4.788 4.836 4.882 4.928 4.972 5.015 5.057 5.097 5.135 5.173 5.210 5.245 5.279 5.312 5.344 5.375 5.405 5.433 5.461 5.488 5.514
-99.000 -99.000 -99.000 -99.000 -99.000 -99.000 -99.000 -99.000 -99.000 -99.000 -99.000 -99.000 -99.000 -99.000 -99.000 -99.000 -99.000 -99.000 -99.000 -99.000 -99.000 -99.000 -99.000 1.644 1.651 1.706 1.857 2.096 2.391 2.704 3.002 3.265 3.484 3.660 3.800 3.912 4.006 4.086 4.157 4.222 4.284 4.342 4.398 4.452 4.505 4.557 4.608 4.658 4.707 4.756 4.804 4.851 4.897 4.942 4.986 5.029 5.071 5.111 5.150 5.189 5.227 5.263 5.298 5.332 5.364 5.396 5.426 5.456 5.484 5.512 5.538
-99.000 -99.000 -99.000 -99.000 -99.000 -99.000 -99.000 -99.000 -99.000 -99.000 -99.000 -99.000 -99.000 -99.000 -99.000 -99.000 -99.000 -99.000 -99.000 -99.000 -99.000 -99.000 -99.000 1.645 1.664 1.757 1.949 2.216 2.522 2.833 3.118 3.363 3.564 3.724 3.851 3.955 4.042 4.119 4.187 4.251 4.310 4.367 4.422 4.474 4.526 4.576 4.626 4.675 4.723 4.771 4.818 4.864 4.910 4.955 4.999 5.042 5.085 5.125 5.164 5.203 5.242 5.278 5.314 5.349 5.383 5.415 5.447 5.477 5.507 5.535 5.562
-99.000 -99.000 -99.000 -99.000 -99.000 -99.000 -99.000 -99.000 -99.000 -99.000 -99.000 -99.000 -99.000 -99.000 -99.000 -99.000 -99.000 -99.000 -99.000 -99.000 -99.000 -99.000 1.644 1.648 1.691 1.825 2.052 2.340 2.652 2.955 3.226 3.453 3.636 3.782 3.899 3.995 4.078 4.151 4.218 4.279 4.337 4.392 4.445 4.496 4.546 4.596 4.644 4.692 4.739 4.786 4.832 4.878 4.923 4.967 5.011 5.054 5.096 5.137 5.177 5.216 5.255 5.292 5.329 5.365 5.399 5.433 5.466 5.497 5.527 5.556 5.584
-99.000 -99.000 -99.000 -99.000 -99.000 -99.000 -99.000 -99.000 -99.000 -99.000 -99.000 -99.000 -99.000 -99.000 -99.000 -99.000 -99.000 -99.000 -99.000 -99.000 -99.000 -99.000 1.644 1.657 1.733 1.908 2.164 2.466 2.778 3.071 3.324 3.534 3.702 3.836 3.944 4.035 4.114 4.184 4.248 4.308 4.364 4.417 4.468 4.518 4.567 4.615 4.662 4.709 4.755 4.800 4.846 4.890 4.935 4.979 5.022 5.065 5.107 5.147 5.187 5.227 5.266 5.305 5.342 5.379 5.414 5.449 5.482 5.515 5.546 5.577 5.605
-99.000 -99.000 -99.000 -99.000 -99.000 -99.000 -99.000 -99.000 -99.000 -99.000 -99.000 -99.000 -99.000 -99.000 -99.000 -99.000 -99.000 -99.000 -99.000 -99.000 -99.000 1.644 1.646 1.677 1.792 2.003 2.282 2.592 2.900 3.178 3.415 3.608 3.762 3.886 3.987 4.073 4.149 4.217 4.279 4.336 4.390 4.442 4.491 4.540 4.587 4.634 4.680 4.725 4.770 4.815 4.859 4.903 4.946 4.989 5.032 5.075 5.116 5.157 5.197 5.237 5.276 5.315 5.353 5.391 5.427 5.463 5.497 5.531 5.563 5.595 5.625
-99.000 -99.000 -99.000 -99.000 -99.000 -99.000 -99.000 -99.000 -99.000 -99.000 -99.000 -99.000 -99.000 -99.000 -99.000 -99.000 -99.000 -99.000 -99.000 -99.000 -99.000 1.644 1.652 1.710 1.865 2.107 2.403 2.716 3.015 3.279 3.499 3.677 3.819 3.935 4.030 4.112 4.184 4.249 4.308 4.364 4.416 4.466 4.515 4.562 4.608 4.654 4.698 4.742 4.786 4.829 4.872 4.915 4.957 5.000 5.042 5.083 5.125 5.165 5.205 5.245 5.285 5.324 5.363 5.401 5.438 5.474 5.510 5.545 5.578 5.611 5.642
-99.000 -99.000 -99.000 -99.000 -99.000 -99.000 -99.000 -99.000 -99.000 -99.000 -99.000 -99.000 -99.000 -99.000 -99.000 -99.000 -99.000 -99.000 -99.000 -99.000 -99.000 1.645 1.665 1.758 1.950 2.217 2.525 2.836 3.124 3.372 3.577 3.741 3.873 3.982 4.072 4.149 4.219 4.281 4.338 4.391 4.442 4.491 4.539 4.585 4.629 4.673 4.717 4.759 4.802 4.844 4.885 4.927 4.968 5.010 5.051 5.092 5.133 5.173 5.212 5.252 5.292 5.331 5.370 5.409 5.447 5.484 5.520 5.556 5.590 5.624 5.656
-99.000 -99.000 -99.000 -99.000 -99.000 -99.000 -99.000 -99.000 -99.000 -99.000 -99.000 -99.000 -99.000 -99.000 -99.000 -99.000 -99.000 -99.000 -99.000 -99.000 1.644 1.648 1.689 1.821 2.045 2.332 2.646 2.952 3.227 3.459 3.649 3.801 3.925 4.027 4.112 4.186 4.252 4.312 4.367 4.419 4.469 4.517 4.563 4.607 4.651 4.694 4.736 4.777 4.818 4.859 4.899 4.939 4.980 5.020 5.060 5.100 5.140 5.179 5.219 5.258 5.298 5.337 5.377 5.415 5.454 5.491 5.529 5.565 5.600 5.634 5.667
-99.000 -99.000 -99.000 -99.000 -99.000 -99.000 -99.000 -99.000 -99.000 -99.000 -99.000 -99.000 -99.000 -99.000 -99.000 -99.000 -99.000 -99.000 -99.000 -99.000 1.644 1.655 1.726 1.896 2.148 2.449 2.764 3.062 3.323 3.541 3.717 3.859 3.975 4.071 4.152 4.222 4.286 4.343 4.397 4.448 4.496 4.542 4.587 4.631 4.673 4.714 4.755 4.795 4.835 4.874 4.913 4.952 4.991 5.030 5.069 5.108 5.147 5.186 5.225 5.264 5.303 5.342 5.382 5.420 5.459 5.497 5.534 5.571 5.607 5.642 5.676
-99.000 -99.000 -99.000 -99.000 -99.000 -99.000 -99.000 -99.000 -99.000 -99.000 -99.000 -99.000 -99.000 -99.000 -99.000 -99.000 -99.000 -99.000 -99.000 1.644 1.646 1.671 1.777 1.981 2.256 2.567 2.879 3.166 3.413 3.617 3.781 3.914 4.023 4.114 4.191 4.258 4.319 4.375 4.427 4.476 4.523 4.569 4.612 4.655 4.696 4.736 4.775 4.814 4.852 4.890 4.928 4.966 5.003 5.041 5.079 5.117 5.155 5.192 5.231 5.269 5.308 5.347 5.386 5.424 5.463 5.501 5.539 5.576 5.612 5.647 5.682
-99.000 -99.000 -99.000 -99.000 -99.000 -99.000 -99.000 -99.000 -99.000 -99.000 -99.000 -99.000 -99.000 -99.000 -99.000 -99.000 -99.000 -99.000 -99.000 1.644 1.649 1.698 1.841 2.074 2.366 2.682 2.990 3.265 3.498 3.689 3.842 3.966 4.069 4.155 4.228 4.293 4.352 4.406 4.457 4.505 4.551 4.595 4.638 4.679 4.719 4.758 4.796 4.834 4.870 4.907 4.943 4.980 5.016 5.053 5.089 5.126 5.163 5.199 5.237 5.275 5.313 5.351 5.389 5.428 5.466 5.504 5.541 5.578 5.615 5.650 5.685
-99.000 -99.000 -99.000 -99.000 -99.000 -99.000 -99.000 -99.000 -99.000 -99.000 -99.000 -99.000 -99.000 -99.000 -99.000 -99.000 -99.000 -99.000 -99.000 1.644 1.658 1.737 1.914 2.173 2.478 2.796 3.095 3.358 3.577 3.756 3.900 4.017 4.113 4.195 4.265 4.328 4.385 4.438 4.488 4.535 4.580 4.623 4.664 4.704 4.743 4.781 4.818 4.854 4.890 4.925 4.960 4.995 5.030 5.065 5.101 5.137 5.172 5.207 5.244 5.281 5.318 5.355 5.393 5.431 5.468 5.506 5.543 5.580 5.616 5.652 5.687
-99.000 -99.000 -99.000 -99.000 -99.000 -99.000 -99.000 -99.000 -99.000 -99.000 -99.000 -99.000 -99.000 -99.000 -99.000 -99.000 -99.000 -99.000 1.644 1.646 1.675 1.787 1.996 2.275 2.590 2.905 3.195 3.445 3.652 3.819 3.954 4.064 4.156 4.235 4.302 4.363 4.419 4.470 4.519 4.565 4.609 4.651 4.692 4.731 4.768 4.805 4.841 4.876 4.910 4.944 4.978 5.011 5.045 5.079 5.113 5.148 5.181 5.216 5.251 5.287 5.324 5.360 5.397 5.434 5.471 5.508 5.545 5.581 5.617 5.653 5.688
-99.000 -99.000 -99.000 -99.000 -99.000 -99.000 -99.000 -99.000 -99.000 -99.000 -99.000 -99.000 -99.000 -99.000 -99.000 -99.000 -99.000 -99.000 1.644 1.650 1.702 1.848 2.085 2.380 2.699 3.010 3.289 3.526 3.721 3.878 4.005 4.110 4.197 4.273 4.338 4.398 4.452 4.503 4.551 4.596 4.639 4.680 4.720 4.758 4.795 4.830 4.865 4.899 4.932 4.964 4.997 5.029 5.061 5.094 5.127 5.160 5.192 5.226 5.260 5.295 5.330 5.366 5.402 5.438 5.474 5.510 5.546 5.582 5.618 5.654 5.689
-99.000 -99.000 -99.000 -99.000 -99.000 -99.000 -99.000 -99.000 -99.000 -99.000 -99.000 -99.000 -99.000 -99.000 -99.000 -99.000 -99.000 -99.000 1.645 1.659 1.739 1.917 2.178 2.485 2.806 3.109 3.377 3.602 3.785 3.933 4.053 4.153 4.237 4.310 4.374 4.432 4.486 4.536 4.583 4.627 4.669 4.710 4.749 4.786 4.822 4.857 4.890 4.923 4.955 4.986 5.017 5.048 5.079 5.110 5.142 5.173 5.205 5.237 5.270 5.304 5.338 5.372 5.407 5.442 5.478 5.513 5.549 5.584 5.620 5.655 5.691
-99.000 -99.000 -99.000 -99.000 -99.000 -99.000 -99.000 -99.000 -99.000 -99.000 -99.000 -99.000 -99.000 -99.000 -99.000 -99.000 -99.000 1.644 1.646 1.675 1.786 1.994 2.273 2.590 2.908 3.203 3.459 3.671 3.844 3.984 4.098 4.194 4.276 4.346 4.409 4.467 4.519 4.569 4.615 4.659 4.700 4.740 4.778 4.815 4.850 4.884 4.917 4.949 4.979 5.010 5.039 5.069 5.098 5.128 5.158 5.188 5.218 5.249 5.281 5.313 5.346 5.380 5.414 5.448 5.482 5.517 5.552 5.587 5.622 5.658 5.693
-99.000 -99.000 -99.000 -99.000 -99.000 -99.000 -99.000 -99.000 -99.000 -99.000 -99.000 -99.000 -99.000 -99.000 -99.000 -99.000 -99.000 1.644 1.650 1.699 1.842 2.076 2.371 2.692 3.007 3.291 3.535 3.735 3.898 4.031 4.140 4.232 4.312 4.381 4.443 4.500 4.552 4.601 4.647 4.690 4.732 4.771 4.809 4.846 4.880 4.913 4.945 4.976 5.006 5.035 5.063 5.091 5.120 5.148 5.176 5.205 5.233 5.262 5.293 5.324 5.356 5.388 5.421 5.454 5.488 5.522 5.556 5.591 5.626 5.661 5.697
-99.000 -99.000 -99.000 -99.000 -99.000 -99.000 -99.000 -99.000 -99.000 -99.000 -99.000 -99.000 -99.000 -99.000 -99.000 -99.000 -99.000 1.644 1.657 1.732 1.906 2.163 2.470 2.793 3.100 3.374 3.605 3.794 3.948 4.074 4.179 4.268 4.346 4.414 4.476 4.533 4.585 4.633 4.679 4.722 4.764 4.803 4.841 4.877 4.911 4.944 4.975 5.005 5.034 5.062 5.089 5.116 5.143 5.169 5.196 5.223 5.250 5.277 5.306 5.336 5.367 5.398 5.430 5.462 5.495 5.528 5.562 5.597 5.631 5.667 5.703
