version1/TsunamiDB/out54133.asc
ncols          264
nrows          230
xllcorner      497853.4375
yllcorner      4229146.0000
cellsize         5.
NODATA_value   -99
[rows 136 to 169 of 230, columns 154 to 230 of 264]
7.146 7.147 7.149 7.150 7.151 7.152 7.153 7.153 7.154 7.154 7.154 7.154 7.154 7.154 7.155 7.156 7.157 7.158 7.159 7.161 7.164 7.167 7.171 7.176 7.181 7.187 7.194 7.201 7.209 7.216 7.221 7.224 7.226 7.230 7.233 7.235 7.239 7.244 7.253 7.265 7.280 7.299 7.321 7.339 7.361 7.392 7.427 7.464 7.503 7.545 7.590 7.648 7.709 7.742 7.777 7.830 7.879 7.923 7.963 7.999 8.031 8.052 8.066 8.074 8.081 8.094 8.105 8.115 8.124 8.133 8.141 8.151 8.161 8.165 8.169 8.180 8.191
7.160 7.162 7.163 7.165 7.166 7.168 7.169 7.169 7.170 7.170 7.171 7.171 7.171 7.171 7.172 7.173 7.173 7.174 7.176 7.177 7.180 7.183 7.187 7.192 7.198 7.204 7.211 7.219 7.226 7.233 7.238 7.241 7.243 7.247 7.250 7.252 7.256 7.262 7.272 7.285 7.303 7.324 7.347 7.367 7.390 7.423 7.460 7.500 7.541 7.585 7.636 7.696 7.753 7.784 7.817 7.868 7.914 7.956 7.993 8.026 8.054 8.072 8.085 8.091 8.097 8.107 8.117 8.126 8.133 8.141 8.149 8.158 8.168 8.172 8.176 8.187 8.199
7.173 7.175 7.177 7.178 7.180 7.182 7.183 7.184 7.185 7.186 7.186 7.186 7.187 7.187 7.187 7.188 7.189 7.189 7.191 7.193 7.195 7.198 7.202 7.207 7.213 7.220 7.227 7.235 7.243 7.250 7.255 7.258 7.261 7.264 7.268 7.270 7.275 7.283 7.293 7.308 7.327 7.351 7.376 7.397 7.421 7.457 7.498 7.540 7.584 7.633 7.687 7.743 7.797 7.826 7.857 7.905 7.949 7.988 8.023 8.052 8.075 8.092 8.104 8.109 8.114 8.122 8.130 8.137 8.143 8.150 8.157 8.166 8.176 8.179 8.183 8.195 8.207
7.184 7.186 7.188 7.191 7.193 7.194 7.196 7.197 7.199 7.199 7.200 7.201 7.201 7.201 7.202 7.202 7.203 7.203 7.205 7.207 7.209 7.212 7.216 7.222 7.228 7.235 7.242 7.250 7.258 7.266 7.271 7.275 7.278 7.282 7.286 7.290 7.296 7.304 7.316 7.333 7.354 7.379 7.407 7.430 7.456 7.496 7.539 7.585 7.633 7.684 7.738 7.792 7.841 7.868 7.898 7.942 7.983 8.020 8.051 8.077 8.098 8.113 8.124 8.128 8.131 8.138 8.144 8.150 8.155 8.160 8.167 8.175 8.184 8.187 8.191 8.203 8.215
7.194 7.197 7.199 7.201 7.204 7.206 7.208 7.209 7.211 7.212 7.213 7.213 7.214 7.214 7.215 7.215 7.216 7.216 7.217 7.219 7.222 7.225 7.229 7.234 7.240 7.248 7.256 7.264 7.272 7.280 7.286 7.291 7.294 7.300 7.305 7.310 7.317 7.327 7.341 7.358 7.381 7.409 7.441 7.466 7.494 7.538 7.584 7.634 7.684 7.736 7.789 7.840 7.886 7.911 7.938 7.980 8.018 8.052 8.080 8.104 8.122 8.136 8.145 8.148 8.151 8.156 8.160 8.164 8.167 8.171 8.177 8.184 8.193 8.196 8.201 8.212 8.225
7.203 7.206 7.209 7.211 7.213 7.216 7.218 7.220 7.221 7.223 7.224 7.225 7.225 7.226 7.226 7.227 7.227 7.228 7.229 7.230 7.233 7.236 7.240 7.245 7.252 7.259 7.267 7.275 7.284 7.293 7.300 7.305 7.310 7.317 7.323 7.329 7.338 7.350 7.365 7.384 7.409 7.440 7.476 7.504 7.535 7.582 7.632 7.684 7.736 7.788 7.839 7.887 7.930 7.954 7.979 8.017 8.052 8.083 8.109 8.131 8.148 8.160 8.168 8.170 8.171 8.175 8.178 8.180 8.181 8.184 8.188 8.195 8.204 8.207 8.211 8.223 8.235
7.212 7.214 7.217 7.220 7.222 7.225 7.227 7.229 7.231 7.233 7.234 7.235 7.236 7.236 7.237 7.237 7.237 7.238 7.239 7.240 7.243 7.246 7.250 7.255 7.261 7.268 7.277 7.285 7.295 7.304 7.312 7.318 7.324 7.332 7.340 7.348 7.358 7.372 7.388 7.409 7.436 7.472 7.512 7.543 7.576 7.628 7.682 7.735 7.787 7.838 7.887 7.933 7.974 7.996 8.019 8.055 8.087 8.116 8.140 8.160 8.176 8.186 8.193 8.193 8.194 8.196 8.197 8.197 8.197 8.198 8.201 8.207 8.216 8.219 8.223 8.235 8.247
7.219 7.222 7.225 7.228 7.231 7.233 7.236 7.238 7.240 7.242 7.243 7.244 7.245 7.245 7.246 7.247 7.247 7.247 7.248 7.249 7.251 7.254 7.258 7.263 7.269 7.276 7.285 7.294 7.304 7.314 7.323 7.330 7.337 7.346 7.356 7.365 7.378 7.393 7.411 7.434 7.465 7.504 7.549 7.583 7.620 7.675 7.729 7.783 7.835 7.885 7.932 7.976 8.015 8.036 8.057 8.091 8.121 8.148 8.170 8.189 8.204 8.213 8.218 8.218 8.217 8.217 8.217 8.216 8.215 8.215 8.216 8.222 8.231 8.234 8.237 8.249 8.261
7.227 7.230 7.233 7.236 7.238 7.241 7.243 7.246 7.248 7.250 7.251 7.252 7.253 7.254 7.254 7.255 7.255 7.255 7.256 7.257 7.259 7.261 7.265 7.270 7.276 7.283 7.292 7.301 7.312 7.322 7.332 7.341 7.349 7.359 7.370 7.381 7.396 7.413 7.433 7.459 7.492 7.535 7.585 7.622 7.661 7.718 7.774 7.828 7.879 7.928 7.975 8.017 8.054 8.074 8.094 8.126 8.154 8.180 8.201 8.219 8.233 8.242 8.245 8.244 8.242 8.241 8.240 8.238 8.236 8.234 8.235 8.239 8.248 8.251 8.254 8.265 8.276
7.234 7.237 7.240 7.243 7.246 7.248 7.251 7.253 7.255 7.257 7.259 7.260 7.261 7.261 7.262 7.262 7.262 7.263 7.263 7.264 7.265 7.267 7.270 7.275 7.281 7.289 7.298 7.308 7.319 7.330 7.342 7.351 7.360 7.371 7.383 7.396 7.413 7.432 7.455 7.483 7.520 7.567 7.623 7.663 7.703 7.761 7.818 7.872 7.923 7.971 8.015 8.056 8.092 8.111 8.130 8.160 8.187 8.211 8.231 8.249 8.263 8.271 8.272 8.270 8.267 8.266 8.264 8.262 8.259 8.257 8.256 8.259 8.270 8.272 8.274 8.284 8.294
7.240 7.244 7.247 7.250 7.252 7.255 7.258 7.260 7.262 7.264 7.266 7.267 7.268 7.268 7.269 7.269 7.269 7.269 7.269 7.270 7.271 7.272 7.275 7.280 7.286 7.294 7.303 7.314 7.326 7.338 7.350 7.360 7.369 7.382 7.396 7.411 7.430 7.452 7.478 7.509 7.549 7.605 7.666 7.704 7.745 7.804 7.860 7.913 7.963 8.010 8.053 8.092 8.126 8.145 8.163 8.192 8.218 8.241 8.260 8.277 8.291 8.297 8.296 8.295 8.293 8.291 8.289 8.287 8.285 8.282 8.280 8.285 8.296 8.297 8.298 8.306 8.314
7.247 7.250 7.253 7.256 7.259 7.262 7.264 7.267 7.269 7.271 7.272 7.273 7.274 7.275 7.275 7.275 7.275 7.275 7.275 7.274 7.275 7.276 7.279 7.284 7.291 7.299 7.309 7.320 7.332 7.345 7.357 7.368 7.380 7.394 7.409 7.427 7.448 7.475 7.504 7.540 7.587 7.647 7.707 7.745 7.785 7.844 7.899 7.952 8.001 8.046 8.088 8.125 8.158 8.176 8.194 8.221 8.246 8.268 8.286 8.303 8.314 8.319 8.320 8.319 8.317 8.316 8.315 8.314 8.312 8.310 8.310 8.316 8.325 8.325 8.324 8.331 8.337
7.253 7.256 7.259 7.262 7.265 7.268 7.271 7.273 7.275 7.277 7.279 7.280 7.280 7.281 7.281 7.281 7.280 7.280 7.279 7.278 7.278 7.279 7.282 7.288 7.295 7.303 7.314 7.326 7.338 7.352 7.364 7.377 7.391 7.407 7.424 7.445 7.471 7.501 7.535 7.577 7.629 7.688 7.745 7.783 7.823 7.881 7.936 7.988 8.035 8.079 8.119 8.155 8.187 8.204 8.222 8.248 8.271 8.292 8.309 8.324 8.334 8.339 8.342 8.342 8.340 8.340 8.341 8.342 8.341 8.341 8.343 8.349 8.356 8.354 8.353 8.358 8.362
7.259 7.262 7.265 7.268 7.271 7.274 7.277 7.279 7.281 7.283 7.285 7.285 7.286 7.286 7.286 7.286 7.285 7.284 7.282 7.281 7.280 7.282 7.285 7.291 7.299 7.308 7.319 7.331 7.344 7.358 7.372 7.387 7.403 7.422 7.441 7.467 7.497 7.530 7.570 7.616 7.669 7.727 7.783 7.820 7.859 7.916 7.971 8.022 8.068 8.111 8.149 8.183 8.214 8.230 8.247 8.272 8.294 8.313 8.329 8.342 8.352 8.358 8.362 8.362 8.362 8.364 8.367 8.369 8.371 8.373 8.377 8.382 8.388 8.386 8.384 8.387 8.390
7.265 7.268 7.271 7.274 7.277 7.280 7.283 7.285 7.287 7.289 7.290 7.291 7.291 7.291 7.291 7.290 7.289 7.287 7.285 7.283 7.283 7.284 7.288 7.294 7.303 7.313 7.324 7.337 7.350 7.365 7.380 7.398 7.418 7.440 7.463 7.492 7.526 7.565 7.607 7.655 7.708 7.764 7.819 7.855 7.895 7.950 8.004 8.054 8.099 8.140 8.177 8.210 8.238 8.254 8.270 8.293 8.314 8.331 8.346 8.358 8.367 8.374 8.380 8.382 8.382 8.387 8.391 8.396 8.400 8.404 8.409 8.414 8.419 8.417 8.415 8.417 8.418
7.271 7.274 7.277 7.280 7.283 7.286 7.288 7.291 7.293 7.295 7.296 7.296 7.296 7.296 7.295 7.294 7.291 7.289 7.287 7.285 7.284 7.286 7.291 7.298 7.306 7.317 7.329 7.343 7.357 7.373 7.390 7.411 7.436 7.461 7.487 7.520 7.559 7.602 7.645 7.693 7.745 7.800 7.854 7.890 7.928 7.983 8.036 8.085 8.128 8.168 8.204 8.235 8.262 8.277 8.291 8.313 8.332 8.348 8.361 8.372 8.381 8.389 8.396 8.399 8.401 8.407 8.414 8.421 8.427 8.433 8.439 8.445 8.449 8.448 8.446 8.447 8.448
7.276 7.280 7.283 7.286 7.289 7.291 7.294 7.297 7.299 7.300 7.301 7.301 7.301 7.300 7.299 7.296 7.293 7.290 7.288 7.286 7.286 7.288 7.293 7.301 7.310 7.321 7.335 7.349 7.365 7.382 7.402 7.427 7.457 7.485 7.514 7.553 7.595 7.638 7.683 7.731 7.781 7.835 7.889 7.924 7.961 8.016 8.067 8.114 8.156 8.195 8.229 8.258 8.283 8.297 8.311 8.331 8.348 8.363 8.375 8.385 8.394 8.403 8.412 8.416 8.419 8.427 8.436 8.444 8.452 8.460 8.467 8.473 8.477 8.476 8.475 8.476 8.476
7.282 7.285 7.288 7.291 7.294 7.297 7.300 7.302 7.304 7.306 7.307 7.306 7.305 7.304 7.302 7.298 7.294 7.291 7.288 7.287 7.287 7.290 7.296 7.303 7.313 7.325 7.340 7.356 7.373 7.392 7.416 7.446 7.480 7.511 7.544 7.586 7.630 7.675 7.719 7.765 7.815 7.868 7.922 7.957 7.993 8.047 8.096 8.142 8.182 8.219 8.251 8.279 8.302 8.315 8.328 8.346 8.362 8.376 8.387 8.397 8.407 8.416 8.427 8.431 8.436 8.446 8.456 8.465 8.474 8.483 8.491 8.497 8.501 8.501 8.500 8.501 8.502
7.287 7.291 7.294 7.297 7.300 7.303 7.305 7.308 7.310 7.311 7.312 7.311 7.309 7.307 7.304 7.299 7.295 7.291 7.288 7.287 7.288 7.292 7.298 7.306 7.316 7.329 7.345 7.363 7.382 7.405 7.433 7.466 7.505 7.539 7.574 7.619 7.665 7.710 7.755 7.800 7.849 7.900 7.954 7.989 8.025 8.077 8.125 8.168 8.207 8.242 8.273 8.299 8.320 8.332 8.344 8.360 8.375 8.389 8.400 8.409 8.419 8.429 8.440 8.446 8.451 8.463 8.474 8.484 8.494 8.503 8.512 8.519 8.523 8.523 8.523 8.525 8.526
7.292 7.296 7.299 7.302 7.305 7.308 7.310 7.313 7.315 7.316 7.316 7.315 7.312 7.309 7.306 7.300 7.295 7.291 7.288 7.287 7.289 7.293 7.299 7.308 7.319 7.334 7.352 7.372 7.394 7.421 7.452 7.490 7.535 7.572 7.608 7.654 7.701 7.747 7.791 7.836 7.882 7.933 7.989 8.024 8.058 8.108 8.154 8.195 8.231 8.265 8.295 8.319 8.338 8.348 8.358 8.374 8.388 8.401 8.411 8.421 8.430 8.441 8.454 8.461 8.467 8.479 8.491 8.502 8.512 8.522 8.532 8.538 8.542 8.543 8.543 8.545 8.547
7.297 7.301 7.304 7.307 7.310 7.313 7.316 7.318 7.320 7.321 7.321 7.319 7.315 7.312 7.307 7.301 7.295 7.290 7.288 7.288 7.290 7.294 7.301 7.310 7.322 7.339 7.360 7.383 7.410 7.440 7.475 7.521 7.570 7.607 7.643 7.690 7.738 7.783 7.827 7.871 7.916 7.971 8.027 8.059 8.091 8.139 8.182 8.220 8.255 8.287 8.315 8.336 8.352 8.362 8.372 8.386 8.400 8.412 8.422 8.432 8.441 8.454 8.469 8.476 8.482 8.495 8.507 8.518 8.529 8.539 8.549 8.555 8.558 8.559 8.560 8.563 8.565
7.302 7.305 7.309 7.312 7.315 7.318 7.320 7.323 7.325 7.326 7.325 7.322 7.318 7.314 7.308 7.301 7.295 7.290 7.288 7.288 7.290 7.295 7.303 7.314 7.328 7.347 7.371 7.398 7.429 7.465 7.507 7.557 7.606 7.642 7.679 7.727 7.774 7.820 7.864 7.909 7.956 8.011 8.063 8.093 8.123 8.168 8.208 8.244 8.277 8.306 8.331 8.350 8.366 8.375 8.384 8.397 8.410 8.423 8.433 8.443 8.454 8.468 8.483 8.490 8.497 8.509 8.521 8.533 8.544 8.554 8.563 8.568 8.572 8.573 8.575 8.578 8.580
7.306 7.310 7.313 7.316 7.319 7.322 7.325 7.327 7.329 7.330 7.329 7.325 7.321 7.316 7.309 7.302 7.295 7.290 7.288 7.287 7.290 7.297 7.307 7.319 7.335 7.357 7.385 7.417 7.454 7.496 7.543 7.594 7.642 7.678 7.715 7.762 7.811 7.857 7.902 7.949 7.997 8.048 8.096 8.124 8.153 8.195 8.232 8.266 8.296 8.323 8.345 8.363 8.378 8.387 8.395 8.408 8.421 8.433 8.445 8.456 8.468 8.482 8.496 8.503 8.510 8.522 8.534 8.546 8.556 8.566 8.574 8.579 8.584 8.585 8.587 8.590 8.594
7.310 7.314 7.317 7.320 7.324 7.326 7.329 7.331 7.333 7.334 7.332 7.328 7.323 7.317 7.310 7.302 7.295 7.290 7.287 7.287 7.291 7.300 7.313 7.327 7.344 7.372 7.404 7.441 7.483 7.530 7.579 7.630 7.678 7.714 7.750 7.799 7.847 7.894 7.941 7.988 8.036 8.084 8.128 8.154 8.181 8.220 8.254 8.286 8.313 8.337 8.358 8.375 8.390 8.398 8.406 8.419 8.432 8.445 8.456 8.469 8.482 8.495 8.508 8.515 8.522 8.534 8.546 8.557 8.567 8.576 8.583 8.589 8.594 8.596 8.598 8.602 8.605
7.313 7.317 7.320 7.324 7.327 7.330 7.333 7.335 7.337 7.337 7.336 7.331 7.325 7.319 7.311 7.303 7.295 7.290 7.286 7.286 7.292 7.304 7.320 7.337 7.358 7.390 7.427 7.469 7.515 7.564 7.616 7.667 7.715 7.750 7.786 7.835 7.884 7.933 7.980 8.027 8.073 8.118 8.158 8.182 8.207 8.242 8.275 8.304 8.329 8.351 8.370 8.387 8.401 8.410 8.417 8.431 8.443 8.456 8.469 8.481 8.494 8.507 8.519 8.526 8.533 8.545 8.556 8.567 8.576 8.585 8.592 8.597 8.603 8.605 8.607 8.611 8.616
7.316 7.320 7.324 7.327 7.330 7.334 7.336 7.339 7.340 7.341 7.339 7.334 7.327 7.320 7.312 7.303 7.295 7.289 7.286 7.287 7.295 7.310 7.330 7.350 7.374 7.410 7.453 7.499 7.548 7.599 7.652 7.703 7.751 7.786 7.822 7.871 7.921 7.970 8.017 8.063 8.107 8.149 8.186 8.208 8.231 8.263 8.293 8.320 8.343 8.364 8.382 8.398 8.413 8.421 8.428 8.442 8.455 8.468 8.480 8.493 8.506 8.519 8.530 8.537 8.543 8.554 8.565 8.575 8.584 8.592 8.599 8.605 8.610 8.613 8.615 8.620 8.624
7.318 7.322 7.326 7.330 7.333 7.336 7.339 7.342 7.343 7.344 7.342 7.336 7.329 7.321 7.313 7.303 7.294 7.289 7.286 7.289 7.299 7.318 7.343 7.365 7.393 7.435 7.481 7.531 7.582 7.634 7.687 7.739 7.787 7.821 7.857 7.907 7.957 8.005 8.052 8.097 8.139 8.178 8.212 8.232 8.254 8.283 8.310 8.334 8.356 8.376 8.393 8.409 8.424 8.431 8.439 8.453 8.466 8.479 8.492 8.505 8.517 8.529 8.540 8.546 8.553 8.563 8.574 8.583 8.592 8.599 8.606 8.612 8.617 8.620 8.622 8.627 8.632
7.320 7.324 7.328 7.332 7.336 7.339 7.342 7.344 7.346 7.346 7.344 7.338 7.330 7.322 7.313 7.303 7.294 7.289 7.287 7.292 7.306 7.329 7.358 7.383 7.414 7.460 7.510 7.561 7.614 7.667 7.721 7.772 7.821 7.855 7.891 7.941 7.990 8.038 8.083 8.127 8.168 8.203 8.234 8.253 8.273 8.299 8.324 8.348 8.368 8.387 8.404 8.420 8.434 8.442 8.450 8.463 8.476 8.490 8.503 8.515 8.528 8.539 8.550 8.555 8.561 8.571 8.581 8.590 8.598 8.605 8.612 8.618 8.623 8.626 8.629 8.634 8.639
7.322 7.326 7.330 7.334 7.338 7.341 7.344 7.347 7.349 7.349 7.346 7.340 7.332 7.323 7.314 7.303 7.294 7.289 7.289 7.297 7.314 7.341 7.374 7.402 7.436 7.485 7.537 7.591 7.645 7.699 7.753 7.804 7.854 7.888 7.924 7.973 8.021 8.069 8.112 8.154 8.194 8.228 8.256 8.273 8.291 8.315 8.339 8.361 8.380 8.398 8.415 8.430 8.444 8.452 8.460 8.473 8.487 8.500 8.513 8.525 8.538 8.549 8.559 8.564 8.570 8.579 8.588 8.596 8.604 8.611 8.618 8.624 8.629 8.632 8.635 8.640 8.645
7.323 7.327 7.332 7.336 7.340 7.343 7.346 7.349 7.351 7.351 7.349 7.342 7.333 7.324 7.314 7.302 7.294 7.290 7.292 7.303 7.324 7.355 7.393 7.424 7.460 7.512 7.566 7.622 7.677 7.732 7.786 7.838 7.889 7.923 7.958 8.007 8.054 8.100 8.142 8.183 8.220 8.252 8.277 8.293 8.309 8.331 8.353 8.374 8.392 8.410 8.426 8.441 8.455 8.463 8.471 8.484 8.497 8.511 8.523 8.536 8.548 8.559 8.568 8.573 8.578 8.586 8.595 8.603 8.610 8.617 8.624 8.629 8.635 8.637 8.640 8.645 8.650
7.324 7.329 7.333 7.337 7.341 7.345 7.348 7.351 7.353 7.354 7.351 7.344 7.334 7.324 7.314 7.303 7.295 7.292 7.298 7.312 7.337 7.374 7.416 7.448 7.485 7.539 7.596 7.653 7.709 7.765 7.819 7.874 7.925 7.958 7.991 8.039 8.085 8.129 8.170 8.209 8.245 8.273 8.295 8.310 8.325 8.346 8.367 8.386 8.404 8.421 8.437 8.452 8.466 8.473 8.481 8.494 8.508 8.521 8.534 8.546 8.558 8.568 8.576 8.581 8.586 8.594 8.602 8.609 8.616 8.623 8.629 8.635 8.640 8.643 8.645 8.651 8.656
7.325 7.330 7.335 7.339 7.343 7.347 7.351 7.353 7.356 7.356 7.353 7.345 7.335 7.326 7.316 7.305 7.298 7.298 7.306 7.325 7.355 7.396 7.439 7.472 7.511 7.567 7.625 7.684 7.742 7.799 7.855 7.910 7.959 7.991 8.024 8.070 8.115 8.157 8.196 8.233 8.265 8.291 8.312 8.326 8.340 8.360 8.379 8.398 8.416 8.432 8.448 8.462 8.476 8.483 8.491 8.504 8.518 8.531 8.544 8.556 8.567 8.576 8.584 8.588 8.593 8.601 8.608 8.615 8.622 8.629 8.635 8.640 8.645 8.648 8.651 8.656 8.661
7.325 7.331 7.336 7.341 7.345 7.349 7.353 7.356 7.358 7.358 7.355 7.347 7.337 7.328 7.318 7.308 7.303 7.306 7.318 7.341 7.376 7.418 7.462 7.496 7.536 7.595 7.655 7.715 7.774 7.833 7.890 7.944 7.992 8.022 8.054 8.099 8.142 8.182 8.220 8.253 8.283 8.307 8.328 8.341 8.354 8.373 8.392 8.410 8.427 8.443 8.458 8.472 8.486 8.493 8.501 8.514 8.527 8.541 8.553 8.565 8.575 8.584 8.592 8.596 8.600 8.607 8.615 8.621 8.628 8.634 8.640 8.645 8.650 8.653 8.656 8.661 8.666
7.326 7.332 7.337 7.342 7.347 7.351 7.355 7.358 7.361 7.361 7.358 7.350 7.340 7.331 7.322 7.314 7.311 7.317 7.332 7.359 7.396 7.440 7.485 7.520 7.562 7.623 7.685 7.747 7.808 7.867 7.924 7.976 8.022 8.052 8.082 8.125 8.167 8.205 8.240 8.271 8.299 8.322 8.342 8.355 8.368 8.386 8.404 8.422 8.438 8.453 8.468 8.482 8.495 8.503 8.510 8.523 8.537 8.550 8.562 8.573 8.583 8.591 8.599 8.603 8.607 8.614 8.621 8.627 8.634 8.639 8.645 8.650 8.655 8.658 8.661 8.666 8.672
