version1/TsunamiDB/out54084.asc
ncols          264
nrows          230
xllcorner      497853.4375
yllcorner      4229146.0000
cellsize         5.
NODATA_value   -99
[rows 68 to 101 of 230, columns 0 to 76 of 264]
-99.000 -99.000 -99.000 -99.000 -99.000 -99.000 -99.000 -99.000 -99.000 -99.000 -99.000 -99.000 -99.000 -99.000 -99.000 -99.000 -99.000 -99.000 -99.000 -99.000 -99.000 -99.000 -99.000 -99.000 -99.000 -99.000 -99.000 -99.000 -99.000 -99.000 -99.000 1.651 1.676 1.781 1.981 2.243 2.528 2.799 3.031 3.219 3.366 3.482 3.577 3.657 3.728 3.792 3.851 3.907 3.961 4.012 4.062 4.110 4.158 4.205 4.251 4.297 4.343 4.390 4.435 4.479 4.526 4.572 4.617 4.662 4.707 4.751 4.793 4.834 4.874 4.912 4.949 4.984 5.017 5.049 5.079 5.109 5.137
-99.000 -99.000 -99.000 -99.000 -99.000 -99.000 -99.000 -99.000 -99.000 -99.000 -99.000 -99.000 -99.000 -99.000 -99.000 -99.000 -99.000 -99.000 -99.000 -99.000 -99.000 -99.000 -99.000 -99.000 -99.000 -99.000 -99.000 -99.000 -99.000 -99.000 1.650 1.657 1.716 1.869 2.105 2.384 2.666 2.920 3.131 3.298 3.429 3.534 3.621 3.696 3.763 3.824 3.882 3.936 3.988 4.038 4.086 4.133 4.179 4.225 4.270 4.314 4.359 4.403 4.447 4.491 4.535 4.580 4.625 4.670 4.714 4.757 4.800 4.841 4.882 4.920 4.958 4.993 5.027 5.060 5.091 5.121 5.149
-99.000 -99.000 -99.000 -99.000 -99.000 -99.000 -99.000 -99.000 -99.000 -99.000 -99.000 -99.000 -99.000 -99.000 -99.000 -99.000 -99.000 -99.000 -99.000 -99.000 -99.000 -99.000 -99.000 -99.000 -99.000 -99.000 -99.000 -99.000 -99.000 -99.000 1.651 1.676 1.779 1.978 2.240 2.525 2.797 3.031 3.220 3.368 3.486 3.581 3.662 3.733 3.797 3.856 3.912 3.964 4.015 4.063 4.110 4.156 4.201 4.245 4.288 4.332 4.375 4.418 4.460 4.502 4.546 4.589 4.633 4.677 4.720 4.763 4.806 4.848 4.888 4.927 4.965 5.002 5.036 5.070 5.101 5.132 5.161
-99.000 -99.000 -99.000 -99.000 -99.000 -99.000 -99.000 -99.000 -99.000 -99.000 -99.000 -99.000 -99.000 -99.000 -99.000 -99.000 -99.000 -99.000 -99.000 -99.000 -99.000 -99.000 -99.000 -99.000 -99.000 -99.000 -99.000 -99.000 -99.000 1.650 1.657 1.714 1.867 2.102 2.381 2.663 2.919 3.131 3.299 3.432 3.538 3.625 3.701 3.768 3.830 3.887 3.941 3.992 4.041 4.089 4.134 4.179 4.222 4.265 4.307 4.349 4.391 4.433 4.473 4.514 4.556 4.599 4.641 4.684 4.727 4.769 4.811 4.853 4.894 4.934 4.972 5.009 5.045 5.079 5.111 5.142 5.172
-99.000 -99.000 -99.000 -99.000 -99.000 -99.000 -99.000 -99.000 -99.000 -99.000 -99.000 -99.000 -99.000 -99.000 -99.000 -99.000 -99.000 -99.000 -99.000 -99.000 -99.000 -99.000 -99.000 -99.000 -99.000 -99.000 -99.000 -99.000 -99.000 1.651 1.675 1.778 1.975 2.237 2.523 2.795 3.030 3.221 3.370 3.489 3.585 3.667 3.738 3.803 3.862 3.918 3.970 4.020 4.068 4.114 4.159 4.202 4.245 4.286 4.327 4.368 4.408 4.448 4.488 4.527 4.568 4.609 4.650 4.691 4.733 4.775 4.817 4.858 4.899 4.939 4.978 5.015 5.052 5.087 5.120 5.152 5.182
-99.000 -99.000 -99.000 -99.000 -99.000 -99.000 -99.000 -99.000 -99.000 -99.000 -99.000 -99.000 -99.000 -99.000 -99.000 -99.000 -99.000 -99.000 -99.000 -99.000 -99.000 -99.000 -99.000 -99.000 -99.000 -99.000 -99.000 -99.000 1.650 1.657 1.713 1.865 2.099 2.378 2.662 2.917 3.131 3.301 3.434 3.541 3.630 3.706 3.774 3.836 3.894 3.948 3.999 4.048 4.094 4.140 4.183 4.225 4.267 4.307 4.347 4.386 4.426 4.465 4.502 4.541 4.580 4.619 4.659 4.700 4.740 4.781 4.822 4.863 4.904 4.944 4.983 5.021 5.058 5.093 5.127 5.160 5.191
-99.000 -99.000 -99.000 -99.000 -99.000 -99.000 -99.000 -99.000 -99.000 -99.000 -99.000 -99.000 -99.000 -99.000 -99.000 -99.000 -99.000 -99.000 -99.000 -99.000 -99.000 -99.000 -99.000 -99.000 -99.000 -99.000 -99.000 -99.000 1.651 1.674 1.776 1.972 2.234 2.520 2.794 3.029 3.221 3.372 3.492 3.589 3.672 3.744 3.809 3.869 3.925 3.977 4.027 4.075 4.121 4.165 4.207 4.249 4.289 4.328 4.367 4.406 4.443 4.481 4.518 4.555 4.593 4.631 4.669 4.708 4.748 4.787 4.827 4.868 4.908 4.948 4.987 5.025 5.063 5.099 5.134 5.167 5.199
-99.000 -99.000 -99.000 -99.000 -99.000 -99.000 -99.000 -99.000 -99.000 -99.000 -99.000 -99.000 -99.000 -99.000 -99.000 -99.000 -99.000 -99.000 -99.000 -99.000 -99.000 -99.000 -99.000 -99.000 -99.000 -99.000 -99.000 1.650 1.657 1.712 1.863 2.096 2.375 2.659 2.917 3.131 3.302 3.436 3.544 3.634 3.711 3.780 3.842 3.900 3.955 4.006 4.055 4.102 4.147 4.190 4.232 4.272 4.311 4.350 4.388 4.425 4.462 4.498 4.534 4.570 4.606 4.643 4.680 4.718 4.756 4.794 4.833 4.872 4.912 4.951 4.990 5.029 5.067 5.104 5.139 5.174 5.207
-99.000 -99.000 -99.000 -99.000 -99.000 -99.000 -99.000 -99.000 -99.000 -99.000 -99.000 -99.000 -99.000 -99.000 -99.000 -99.000 -99.000 -99.000 -99.000 -99.000 -99.000 -99.000 -99.000 -99.000 -99.000 -99.000 -99.000 1.651 1.674 1.775 1.970 2.231 2.518 2.792 3.029 3.221 3.373 3.494 3.592 3.676 3.748 3.814 3.875 3.931 3.984 4.035 4.083 4.129 4.172 4.215 4.256 4.295 4.334 4.371 4.408 4.445 4.480 4.516 4.551 4.585 4.620 4.656 4.692 4.728 4.765 4.802 4.839 4.878 4.916 4.955 4.993 5.032 5.070 5.107 5.143 5.179 5.212
-99.000 -99.000 -99.000 -99.000 -99.000 -99.000 -99.000 -99.000 -99.000 -99.000 -99.000 -99.000 -99.000 -99.000 -99.000 -99.000 -99.000 -99.000 -99.000 -99.000 -99.000 -99.000 -99.000 -99.000 -99.000 -99.000 1.650 1.657 1.711 1.861 2.094 2.373 2.658 2.916 3.131 3.303 3.438 3.547 3.637 3.715 3.784 3.848 3.906 3.961 4.013 4.063 4.110 4.155 4.198 4.239 4.280 4.318 4.356 4.393 4.429 4.464 4.499 4.534 4.567 4.601 4.635 4.669 4.704 4.739 4.774 4.810 4.846 4.883 4.921 4.958 4.996 5.034 5.072 5.110 5.146 5.182 5.217
-99.000 -99.000 -99.000 -99.000 -99.000 -99.000 -99.000 -99.000 -99.000 -99.000 -99.000 -99.000 -99.000 -99.000 -99.000 -99.000 -99.000 -99.000 -99.000 -99.000 -99.000 -99.000 -99.000 -99.000 -99.000 -99.000 1.651 1.674 1.774 1.969 2.230 2.516 2.791 3.029 3.223 3.375 3.496 3.595 3.679 3.752 3.819 3.880 3.937 3.991 4.042 4.090 4.136 4.181 4.223 4.264 4.303 4.341 4.378 4.414 4.450 4.484 4.518 4.552 4.585 4.617 4.650 4.683 4.717 4.750 4.784 4.819 4.854 4.889 4.926 4.962 4.999 5.037 5.074 5.111 5.148 5.185 5.220
-99.000 -99.000 -99.000 -99.000 -99.000 -99.000 -99.000 -99.000 -99.000 -99.000 -99.000 -99.000 -99.000 -99.000 -99.000 -99.000 -99.000 -99.000 -99.000 -99.000 -99.000 -99.000 -99.000 -99.000 -99.000 1.650 1.656 1.711 1.860 2.093 2.372 2.657 2.915 3.131 3.304 3.439 3.548 3.639 3.718 3.788 3.852 3.911 3.967 4.020 4.070 4.117 4.163 4.206 4.248 4.288 4.327 4.364 4.401 4.436 4.470 4.504 4.538 4.570 4.602 4.633 4.666 4.698 4.730 4.762 4.795 4.828 4.862 4.896 4.931 4.967 5.003 5.039 5.076 5.113 5.149 5.186 5.222
-99.000 -99.000 -99.000 -99.000 -99.000 -99.000 -99.000 -99.000 -99.000 -99.000 -99.000 -99.000 -99.000 -99.000 -99.000 -99.000 -99.000 -99.000 -99.000 -99.000 -99.000 -99.000 -99.000 -99.000 -99.000 1.651 1.674 1.773 1.968 2.229 2.516 2.791 3.029 3.223 3.377 3.498 3.597 3.681 3.755 3.822 3.884 3.942 3.996 4.048 4.097 4.144 4.188 4.231 4.272 4.312 4.350 4.387 4.423 4.457 4.491 4.524 4.557 4.589 4.620 4.650 4.681 4.713 4.744 4.775 4.807 4.839 4.871 4.904 4.937 4.972 5.006 5.042 5.077 5.113 5.150 5.186 5.222
-99.000 -99.000 -99.000 -99.000 -99.000 -99.000 -99.000 -99.000 -99.000 -99.000 -99.000 -99.000 -99.000 -99.000 -99.000 -99.000 -99.000 -99.000 -99.000 -99.000 -99.000 -99.000 -99.000 -99.000 1.650 1.656 1.711 1.860 2.093 2.372 2.657 2.916 3.132 3.305 3.441 3.550 3.641 3.720 3.790 3.855 3.915 3.971 4.025 4.075 4.124 4.170 4.214 4.256 4.297 4.336 4.373 4.410 4.445 4.479 4.512 4.545 4.576 4.608 4.638 4.667 4.698 4.728 4.758 4.788 4.819 4.850 4.881 4.912 4.944 4.977 5.011 5.045 5.079 5.114 5.150 5.186 5.222
-99.000 -99.000 -99.000 -99.000 -99.000 -99.000 -99.000 -99.000 -99.000 -99.000 -99.000 -99.000 -99.000 -99.000 -99.000 -99.000 -99.000 -99.000 -99.000 -99.000 -99.000 -99.000 -99.000 -99.000 1.651 1.674 1.774 1.969 2.230 2.517 2.791 3.030 3.224 3.378 3.500 3.598 3.683 3.757 3.824 3.887 3.945 4.000 4.052 4.102 4.150 4.195 4.239 4.280 4.321 4.359 4.396 4.432 4.467 4.500 4.533 4.565 4.596 4.626 4.656 4.685 4.714 4.744 4.773 4.802 4.832 4.861 4.891 4.922 4.952 4.984 5.016 5.048 5.082 5.115 5.150 5.185 5.220
-99.000 -99.000 -99.000 -99.000 -99.000 -99.000 -99.000 -99.000 -99.000 -99.000 -99.000 -99.000 -99.000 -99.000 -99.000 -99.000 -99.000 -99.000 -99.000 -99.000 -99.000 -99.000 -99.000 1.650 1.657 1.712 1.861 2.094 2.373 2.658 2.917 3.134 3.307 3.443 3.552 3.642 3.722 3.792 3.857 3.917 3.974 4.028 4.080 4.129 4.175 4.220 4.263 4.304 4.344 4.382 4.419 4.454 4.488 4.521 4.554 4.585 4.616 4.645 4.674 4.702 4.731 4.760 4.788 4.817 4.845 4.874 4.902 4.931 4.961 4.991 5.022 5.053 5.085 5.117 5.150 5.184 5.219
-99.000 -99.000 -99.000 -99.000 -99.000 -99.000 -99.000 -99.000 -99.000 -99.000 -99.000 -99.000 -99.000 -99.000 -99.000 -99.000 -99.000 -99.000 -99.000 -99.000 -99.000 -99.000 -99.000 1.651 1.674 1.774 1.970 2.231 2.518 2.793 3.032 3.226 3.380 3.502 3.600 3.684 3.758 3.826 3.888 3.947 4.003 4.055 4.106 4.154 4.201 4.245 4.287 4.328 4.367 4.405 4.441 4.476 4.510 4.543 4.575 4.605 4.635 4.665 4.692 4.720 4.748 4.776 4.804 4.831 4.859 4.886 4.914 4.942 4.970 4.999 5.028 5.058 5.089 5.120 5.152 5.184 5.217
-99.000 -99.000 -99.000 -99.000 -99.000 -99.000 -99.000 -99.000 -99.000 -99.000 -99.000 -99.000 -99.000 -99.000 -99.000 -99.000 -99.000 -99.000 -99.000 -99.000 -99.000 -99.000 1.650 1.657 1.712 1.862 2.095 2.375 2.660 2.919 3.135 3.308 3.445 3.555 3.645 3.723 3.794 3.858 3.919 3.976 4.030 4.082 4.132 4.179 4.225 4.269 4.311 4.351 4.390 4.428 4.464 4.498 4.532 4.564 4.595 4.626 4.656 4.684 4.711 4.739 4.766 4.793 4.820 4.847 4.873 4.900 4.927 4.953 4.981 5.008 5.036 5.064 5.093 5.123 5.154 5.185 5.216
-99.000 -99.000 -99.000 -99.000 -99.000 -99.000 -99.000 -99.000 -99.000 -99.000 -99.000 -99.000 -99.000 -99.000 -99.000 -99.000 -99.000 -99.000 -99.000 -99.000 -99.000 -99.000 1.651 1.674 1.775 1.971 2.232 2.519 2.795 3.034 3.228 3.382 3.504 3.603 3.686 3.760 3.827 3.889 3.948 4.004 4.057 4.108 4.157 4.204 4.249 4.292 4.334 4.374 4.413 4.450 4.485 4.520 4.553 4.585 4.616 4.646 4.676 4.703 4.730 4.757 4.784 4.810 4.836 4.862 4.888 4.914 4.940 4.966 4.992 5.018 5.045 5.072 5.099 5.128 5.157 5.186 5.217
-99.000 -99.000 -99.000 -99.000 -99.000 -99.000 -99.000 -99.000 -99.000 -99.000 -99.000 -99.000 -99.000 -99.000 -99.000 -99.000 -99.000 -99.000 -99.000 -99.000 -99.000 1.650 1.657 1.712 1.863 2.096 2.376 2.661 2.920 3.137 3.311 3.447 3.557 3.648 3.725 3.795 3.859 3.920 3.977 4.031 4.083 4.133 4.181 4.228 4.272 4.315 4.357 4.397 4.435 4.472 4.507 4.541 4.574 4.606 4.637 4.667 4.695 4.723 4.749 4.776 4.802 4.828 4.853 4.879 4.904 4.929 4.954 4.979 5.004 5.029 5.054 5.080 5.107 5.133 5.161 5.189 5.218
-99.000 -99.000 -99.000 -99.000 -99.000 -99.000 -99.000 -99.000 -99.000 -99.000 -99.000 -99.000 -99.000 -99.000 -99.000 -99.000 -99.000 -99.000 -99.000 -99.000 -99.000 1.651 1.674 1.775 1.971 2.233 2.521 2.796 3.036 3.230 3.384 3.506 3.605 3.689 3.762 3.828 3.890 3.949 4.004 4.058 4.109 4.158 4.205 4.251 4.295 4.338 4.379 4.418 4.456 4.493 4.528 4.562 4.595 4.627 4.657 4.687 4.716 4.742 4.768 4.795 4.821 4.846 4.871 4.895 4.920 4.944 4.968 4.992 5.016 5.041 5.065 5.090 5.115 5.140 5.166 5.193 5.220
-99.000 -99.000 -99.000 -99.000 -99.000 -99.000 -99.000 -99.000 -99.000 -99.000 -99.000 -99.000 -99.000 -99.000 -99.000 -99.000 -99.000 -99.000 -99.000 -99.000 1.650 1.657 1.712 1.863 2.096 2.376 2.662 2.922 3.139 3.313 3.450 3.559 3.650 3.728 3.797 3.861 3.921 3.977 4.031 4.083 4.133 4.182 4.228 4.274 4.317 4.359 4.400 4.440 4.477 4.514 4.549 4.583 4.616 4.647 4.678 4.707 4.736 4.762 4.788 4.814 4.839 4.864 4.889 4.913 4.936 4.960 4.983 5.007 5.030 5.053 5.077 5.100 5.124 5.148 5.173 5.198 5.224
-99.000 -99.000 -99.000 -99.000 -99.000 -99.000 -99.000 -99.000 -99.000 -99.000 -99.000 -99.000 -99.000 -99.000 -99.000 -99.000 -99.000 -99.000 -99.000 -99.000 1.651 1.674 1.775 1.971 2.233 2.521 2.797 3.037 3.232 3.387 3.509 3.608 3.692 3.765 3.831 3.892 3.950 4.005 4.057 4.108 4.157 4.205 4.251 4.296 4.339 4.381 4.421 4.460 4.498 4.534 4.569 4.603 4.636 4.667 4.698 4.727 4.756 4.782 4.808 4.833 4.858 4.883 4.907 4.931 4.954 4.977 4.999 5.022 5.044 5.067 5.089 5.112 5.135 5.158 5.181 5.205 5.229
-99.000 -99.000 -99.000 -99.000 -99.000 -99.000 -99.000 -99.000 -99.000 -99.000 -99.000 -99.000 -99.000 -99.000 -99.000 -99.000 -99.000 -99.000 -99.000 1.650 1.657 1.712 1.862 2.095 2.375 2.662 2.922 3.141 3.315 3.452 3.562 3.653 3.731 3.800 3.863 3.922 3.978 4.031 4.083 4.133 4.181 4.227 4.273 4.317 4.360 4.401 4.441 4.480 4.518 4.554 4.589 4.623 4.656 4.687 4.718 4.747 4.775 4.802 4.827 4.853 4.878 4.902 4.926 4.949 4.971 4.994 5.016 5.038 5.060 5.081 5.103 5.124 5.146 5.168 5.191 5.213 5.236
-99.000 -99.000 -99.000 -99.000 -99.000 -99.000 -99.000 -99.000 -99.000 -99.000 -99.000 -99.000 -99.000 -99.000 -99.000 -99.000 -99.000 -99.000 -99.000 1.651 1.674 1.774 1.969 2.231 2.519 2.796 3.037 3.233 3.388 3.511 3.610 3.694 3.768 3.834 3.894 3.951 4.005 4.058 4.108 4.156 4.204 4.249 4.294 4.337 4.380 4.421 4.461 4.499 4.537 4.573 4.608 4.642 4.675 4.706 4.737 4.766 4.795 4.821 4.847 4.872 4.897 4.921 4.944 4.967 4.990 5.012 5.033 5.054 5.076 5.096 5.117 5.138 5.159 5.180 5.201 5.223 5.244
-99.000 -99.000 -99.000 -99.000 -99.000 -99.000 -99.000 -99.000 -99.000 -99.000 -99.000 -99.000 -99.000 -99.000 -99.000 -99.000 -99.000 -99.000 1.650 1.656 1.711 1.859 2.092 2.372 2.659 2.921 3.140 3.316 3.454 3.564 3.655 3.733 3.803 3.866 3.924 3.979 4.032 4.083 4.132 4.180 4.226 4.271 4.315 4.358 4.399 4.440 4.479 4.518 4.555 4.592 4.627 4.661 4.693 4.725 4.756 4.785 4.814 4.840 4.866 4.891 4.916 4.940 4.963 4.986 5.008 5.030 5.051 5.072 5.092 5.113 5.133 5.153 5.173 5.193 5.213 5.234 5.254
-99.000 -99.000 -99.000 -99.000 -99.000 -99.000 -99.000 -99.000 -99.000 -99.000 -99.000 -99.000 -99.000 -99.000 -99.000 -99.000 -99.000 -99.000 1.651 1.673 1.771 1.965 2.227 2.515 2.793 3.035 3.233 3.389 3.513 3.613 3.697 3.770 3.836 3.897 3.953 4.006 4.058 4.108 4.156 4.202 4.248 4.292 4.335 4.377 4.418 4.458 4.498 4.536 4.573 4.609 4.644 4.678 4.711 4.743 4.774 4.803 4.832 4.859 4.885 4.910 4.935 4.959 4.982 5.005 5.027 5.048 5.069 5.090 5.110 5.130 5.149 5.169 5.188 5.207 5.226 5.246 5.265
-99.000 -99.000 -99.000 -99.000 -99.000 -99.000 -99.000 -99.000 -99.000 -99.000 -99.000 -99.000 -99.000 -99.000 -99.000 -99.000 -99.000 1.650 1.656 1.709 1.855 2.087 2.367 2.654 2.917 3.138 3.315 3.455 3.566 3.657 3.736 3.805 3.868 3.927 3.981 4.033 4.084 4.132 4.179 4.225 4.269 4.312 4.355 4.396 4.437 4.476 4.515 4.553 4.590 4.626 4.661 4.695 4.728 4.760 4.791 4.821 4.850 4.877 4.903 4.928 4.953 4.978 5.001 5.024 5.045 5.067 5.088 5.108 5.128 5.147 5.166 5.185 5.204 5.222 5.241 5.259 5.278
-99.000 -99.000 -99.000 -99.000 -99.000 -99.000 -99.000 -99.000 -99.000 -99.000 -99.000 -99.000 -99.000 -99.000 -99.000 -99.000 -99.000 1.651 1.672 1.768 1.959 2.220 2.508 2.787 3.031 3.231 3.389 3.513 3.614 3.699 3.772 3.838 3.899 3.956 4.009 4.059 4.109 4.156 4.202 4.246 4.290 4.332 4.374 4.415 4.455 4.494 4.532 4.570 4.606 4.642 4.677 4.711 4.745 4.777 4.808 4.838 4.867 4.894 4.920 4.946 4.971 4.996 5.019 5.042 5.064 5.085 5.106 5.126 5.146 5.165 5.184 5.202 5.221 5.239 5.256 5.274 5.292
-99.000 -99.000 -99.000 -99.000 -99.000 -99.000 -99.000 -99.000 -99.000 -99.000 -99.000 -99.000 -99.000 -99.000 -99.000 -99.000 1.650 1.655 1.706 1.850 2.079 2.358 2.647 2.911 3.135 3.313 3.454 3.566 3.659 3.737 3.807 3.870 3.929 3.984 4.036 4.085 4.133 4.179 4.224 4.268 4.310 4.352 4.393 4.433 4.472 4.511 4.548 4.586 4.622 4.658 4.693 4.727 4.760 4.792 4.823 4.854 4.883 4.910 4.937 4.963 4.989 5.013 5.037 5.060 5.082 5.104 5.124 5.145 5.164 5.183 5.202 5.220 5.238 5.256 5.273 5.290 5.307
-99.000 -99.000 -99.000 -99.000 -99.000 -99.000 -99.000 -99.000 -99.000 -99.000 -99.000 -99.000 -99.000 -99.000 -99.000 -99.000 1.651 1.670 1.763 1.951 2.210 2.499 2.779 3.025 3.227 3.387 3.513 3.615 3.700 3.774 3.840 3.901 3.958 4.012 4.062 4.110 4.157 4.202 4.246 4.289 4.331 4.371 4.411 4.451 4.489 4.527 4.564 4.601 4.637 4.673 4.707 4.741 4.775 4.807 4.838 4.869 4.898 4.926 4.953 4.979 5.005 5.030 5.054 5.077 5.100 5.121 5.142 5.163 5.182 5.201 5.220 5.238 5.256 5.273 5.290 5.307 5.324
-99.000 -99.000 -99.000 -99.000 -99.000 -99.000 -99.000 -99.000 -99.000 -99.000 -99.000 -99.000 -99.000 -99.000 -99.000 1.650 1.655 1.702 1.842 2.069 2.347 2.636 2.903 3.128 3.310 3.452 3.566 3.659 3.739 3.809 3.873 3.931 3.987 4.039 4.087 4.135 4.181 4.225 4.268 4.310 4.351 4.390 4.430 4.468 4.506 4.543 4.580 4.616 4.652 4.687 4.722 4.755 4.788 4.821 4.852 4.883 4.912 4.940 4.967 4.994 5.020 5.046 5.070 5.094 5.116 5.138 5.160 5.180 5.200 5.219 5.238 5.256 5.274 5.291 5.308 5.325 5.341
-99.000 -99.000 -99.000 -99.000 -99.000 -99.000 -99.000 -99.000 -99.000 -99.000 -99.000 -99.000 -99.000 -99.000 -99.000 1.651 1.668 1.756 1.941 2.198 2.486 2.768 3.017 3.221 3.383 3.511 3.614 3.701 3.775 3.842 3.904 3.961 4.015 4.065 4.112 4.159 4.204 4.247 4.289 4.330 4.370 4.409 4.448 4.486 4.523 4.559 4.595 4.631 4.666 4.701 4.735 4.769 4.802 4.834 4.865 4.896 4.926 4.954 4.981 5.009 5.035 5.061 5.085 5.109 5.132 5.155 5.176 5.197 5.217 5.237 5.256 5.274 5.292 5.309 5.326 5.343 5.359
-99.000 -99.000 -99.000 -99.000 -99.000 -99.000 -99.000 -99.000 -99.000 -99.000 -99.000 -99.000 -99.000 -99.000 1.650 1.654 1.698 1.833 2.057 2.334 2.623 2.892 3.120 3.304 3.449 3.564 3.659 3.739 3.810 3.874 3.934 3.989 4.041 4.091 4.138 4.183 4.227 4.270 4.311 4.351 4.390 4.428 4.466 4.503 4.539 4.575 4.611 4.646 4.680 4.714 4.748 4.781 4.814 4.846 4.878 4.908 4.938 4.966 4.994 5.022 5.049 5.074 5.100 5.124 5.147 5.170 5.192 5.213 5.234 5.254 5.273 5.292 5.310 5.327 5.344 5.361 5.377
