version1/TsunamiDB/out54087.asc
ncols          264
nrows          230
xllcorner      497853.4375
yllcorner      4229146.0000
cellsize         5.
NODATA_value   -99
[rows 170 to 203 of 230, columns 77 to 153 of 264]
6.163 6.172 6.182 6.192 6.203 6.214 6.226 6.238 6.250 6.262 6.275 6.287 6.300 6.312 6.325 6.337 6.349 6.361 6.373 6.385 6.396 6.408 6.419 6.429 6.439 6.450 6.461 6.471 6.482 6.492 6.502 6.512 6.521 6.530 6.539 6.547 6.555 6.563 6.571 6.579 6.587 6.595 6.603 6.612 6.621 6.630 6.639 6.648 6.659 6.670 6.682 6.694 6.706 6.719 6.731 6.744 6.756 6.769 6.781 6.793 6.806 6.818 6.830 6.842 6.855 6.867 6.880 6.893 6.905 6.917 6.929 6.941 6.954 6.966 6.978 6.991 7.003
6.181 6.189 6.198 6.207 6.217 6.227 6.238 6.249 6.261 6.272 6.284 6.296 6.308 6.320 6.332 6.344 6.356 6.368 6.380 6.392 6.404 6.415 6.426 6.436 6.447 6.458 6.469 6.480 6.490 6.501 6.511 6.521 6.531 6.540 6.549 6.558 6.566 6.574 6.582 6.590 6.597 6.605 6.613 6.622 6.631 6.639 6.648 6.657 6.667 6.678 6.690 6.702 6.714 6.726 6.739 6.752 6.764 6.777 6.790 6.802 6.814 6.827 6.839 6.852 6.864 6.877 6.890 6.903 6.915 6.927 6.939 6.952 6.964 6.977 6.990 7.002 7.015
6.199 6.207 6.216 6.224 6.233 6.242 6.252 6.262 6.273 6.283 6.294 6.306 6.317 6.329 6.341 6.352 6.364 6.376 6.388 6.399 6.411 6.423 6.433 6.444 6.454 6.465 6.476 6.487 6.498 6.509 6.520 6.530 6.540 6.550 6.559 6.568 6.576 6.585 6.593 6.600 6.608 6.616 6.624 6.632 6.641 6.649 6.657 6.666 6.676 6.687 6.698 6.710 6.722 6.735 6.747 6.760 6.773 6.786 6.798 6.811 6.823 6.836 6.849 6.861 6.874 6.887 6.900 6.913 6.925 6.937 6.950 6.962 6.975 6.988 7.001 7.014 7.027
6.219 6.226 6.234 6.242 6.250 6.259 6.268 6.277 6.286 6.296 6.307 6.317 6.328 6.339 6.350 6.361 6.373 6.384 6.395 6.407 6.419 6.430 6.440 6.451 6.461 6.472 6.484 6.495 6.506 6.517 6.528 6.538 6.548 6.558 6.568 6.577 6.586 6.595 6.603 6.611 6.619 6.626 6.634 6.643 6.651 6.658 6.666 6.675 6.685 6.695 6.707 6.718 6.730 6.743 6.756 6.768 6.781 6.794 6.807 6.820 6.833 6.845 6.858 6.871 6.884 6.897 6.910 6.923 6.936 6.948 6.961 6.973 6.986 7.000 7.013 7.026 7.040
6.237 6.246 6.254 6.261 6.269 6.277 6.285 6.293 6.302 6.311 6.320 6.330 6.340 6.350 6.361 6.371 6.382 6.393 6.404 6.415 6.426 6.438 6.448 6.458 6.468 6.479 6.491 6.502 6.513 6.524 6.535 6.546 6.556 6.567 6.577 6.586 6.595 6.604 6.613 6.621 6.629 6.637 6.645 6.653 6.661 6.668 6.676 6.685 6.694 6.704 6.715 6.727 6.739 6.751 6.764 6.777 6.790 6.803 6.816 6.829 6.842 6.855 6.868 6.881 6.894 6.907 6.921 6.934 6.946 6.959 6.971 6.985 6.998 7.011 7.025 7.039 7.052
6.255 6.264 6.273 6.281 6.288 6.296 6.304 6.311 6.319 6.328 6.336 6.345 6.354 6.363 6.373 6.383 6.393 6.403 6.413 6.424 6.435 6.446 6.455 6.465 6.476 6.486 6.498 6.509 6.520 6.531 6.542 6.553 6.564 6.575 6.585 6.595 6.604 6.613 6.622 6.631 6.639 6.647 6.655 6.664 6.671 6.678 6.686 6.694 6.704 6.714 6.724 6.736 6.748 6.760 6.773 6.786 6.799 6.812 6.825 6.838 6.851 6.864 6.878 6.891 6.904 6.917 6.931 6.944 6.957 6.970 6.983 6.996 7.010 7.023 7.037 7.051 7.065
6.272 6.281 6.291 6.299 6.307 6.315 6.323 6.330 6.338 6.345 6.353 6.361 6.370 6.378 6.387 6.396 6.405 6.415 6.424 6.434 6.445 6.454 6.463 6.473 6.483 6.494 6.505 6.516 6.527 6.538 6.549 6.560 6.571 6.582 6.592 6.603 6.613 6.622 6.631 6.640 6.649 6.657 6.665 6.674 6.681 6.688 6.696 6.704 6.713 6.723 6.734 6.745 6.757 6.769 6.781 6.794 6.808 6.821 6.834 6.848 6.861 6.874 6.888 6.901 6.914 6.928 6.942 6.955 6.968 6.981 6.994 7.008 7.022 7.036 7.050 7.064 7.078
6.286 6.297 6.307 6.317 6.325 6.334 6.342 6.349 6.357 6.364 6.372 6.379 6.387 6.395 6.403 6.411 6.419 6.428 6.437 6.446 6.456 6.464 6.473 6.482 6.492 6.502 6.512 6.523 6.534 6.545 6.556 6.567 6.578 6.589 6.600 6.610 6.621 6.630 6.640 6.649 6.658 6.667 6.675 6.684 6.691 6.698 6.706 6.714 6.723 6.733 6.743 6.754 6.766 6.778 6.790 6.803 6.817 6.830 6.844 6.857 6.871 6.884 6.898 6.911 6.925 6.939 6.953 6.966 6.979 6.992 7.006 7.020 7.034 7.048 7.063 7.077 7.092
6.298 6.310 6.322 6.332 6.342 6.351 6.360 6.368 6.376 6.383 6.391 6.398 6.405 6.412 6.420 6.427 6.435 6.443 6.451 6.460 6.468 6.476 6.484 6.492 6.501 6.511 6.521 6.531 6.542 6.552 6.563 6.574 6.585 6.596 6.607 6.618 6.628 6.638 6.648 6.658 6.667 6.676 6.685 6.693 6.701 6.708 6.716 6.724 6.733 6.742 6.752 6.763 6.775 6.787 6.799 6.812 6.826 6.839 6.853 6.867 6.880 6.894 6.908 6.922 6.936 6.950 6.964 6.978 6.991 7.004 7.018 7.032 7.047 7.061 7.076 7.091 7.106
6.309 6.322 6.334 6.346 6.357 6.367 6.376 6.385 6.394 6.402 6.409 6.417 6.424 6.431 6.438 6.445 6.453 6.460 6.467 6.475 6.483 6.490 6.497 6.504 6.512 6.521 6.530 6.540 6.550 6.560 6.571 6.582 6.592 6.603 6.614 6.625 6.636 6.646 6.656 6.666 6.676 6.685 6.694 6.703 6.711 6.718 6.725 6.734 6.742 6.752 6.762 6.773 6.784 6.796 6.809 6.822 6.835 6.849 6.862 6.876 6.890 6.904 6.918 6.932 6.946 6.961 6.975 6.989 7.003 7.016 7.031 7.045 7.060 7.075 7.090 7.105 7.121
6.318 6.332 6.345 6.358 6.370 6.381 6.391 6.401 6.410 6.419 6.427 6.435 6.443 6.450 6.457 6.464 6.471 6.478 6.485 6.492 6.499 6.505 6.511 6.518 6.525 6.533 6.541 6.550 6.560 6.569 6.579 6.590 6.600 6.611 6.622 6.633 6.643 6.654 6.664 6.674 6.684 6.693 6.703 6.712 6.720 6.727 6.735 6.743 6.752 6.761 6.771 6.782 6.793 6.805 6.818 6.831 6.844 6.858 6.872 6.886 6.900 6.915 6.929 6.943 6.957 6.972 6.987 7.001 7.015 7.029 7.043 7.058 7.073 7.089 7.104 7.120 7.136
6.325 6.340 6.354 6.368 6.381 6.393 6.404 6.415 6.425 6.435 6.444 6.452 6.460 6.468 6.476 6.483 6.490 6.496 6.503 6.510 6.516 6.522 6.527 6.533 6.540 6.547 6.554 6.562 6.571 6.579 6.589 6.599 6.609 6.619 6.630 6.640 6.651 6.662 6.672 6.682 6.692 6.702 6.712 6.721 6.729 6.737 6.745 6.753 6.762 6.771 6.781 6.792 6.803 6.815 6.827 6.840 6.854 6.868 6.882 6.896 6.910 6.925 6.939 6.954 6.968 6.983 6.998 7.013 7.027 7.041 7.056 7.071 7.087 7.103 7.119 7.135 7.152
6.332 6.347 6.362 6.377 6.390 6.403 6.416 6.427 6.438 6.449 6.459 6.468 6.477 6.485 6.493 6.501 6.508 6.515 6.522 6.528 6.535 6.540 6.545 6.550 6.556 6.562 6.569 6.576 6.583 6.591 6.600 6.609 6.618 6.628 6.639 6.649 6.659 6.670 6.680 6.691 6.701 6.711 6.720 6.730 6.739 6.746 6.755 6.763 6.772 6.781 6.791 6.801 6.812 6.824 6.837 6.850 6.863 6.877 6.891 6.906 6.921 6.935 6.950 6.965 6.980 6.995 7.010 7.025 7.040 7.054 7.069 7.085 7.101 7.117 7.134 7.150 7.167
6.338 6.354 6.369 6.384 6.399 6.412 6.425 6.438 6.450 6.461 6.472 6.482 6.492 6.501 6.509 6.518 6.526 6.533 6.540 6.547 6.554 6.559 6.564 6.569 6.574 6.579 6.585 6.591 6.598 6.605 6.613 6.621 6.630 6.639 6.648 6.658 6.669 6.679 6.689 6.699 6.710 6.720 6.730 6.739 6.748 6.756 6.764 6.773 6.782 6.791 6.801 6.811 6.822 6.834 6.846 6.859 6.873 6.887 6.901 6.916 6.931 6.946 6.961 6.976 6.991 7.007 7.022 7.037 7.052 7.067 7.083 7.099 7.115 7.132 7.149 7.166 7.184
6.343 6.360 6.375 6.391 6.406 6.420 6.434 6.447 6.460 6.472 6.483 6.494 6.505 6.515 6.524 6.533 6.542 6.550 6.558 6.565 6.572 6.578 6.583 6.588 6.593 6.598 6.603 6.609 6.615 6.621 6.628 6.635 6.643 6.651 6.660 6.669 6.679 6.689 6.699 6.709 6.719 6.729 6.739 6.749 6.758 6.766 6.774 6.783 6.792 6.801 6.811 6.821 6.832 6.844 6.856 6.869 6.883 6.897 6.911 6.926 6.941 6.956 6.972 6.987 7.003 7.018 7.034 7.050 7.065 7.081 7.096 7.113 7.130 7.147 7.164 7.182 7.200
6.349 6.365 6.381 6.397 6.412 6.427 6.442 6.455 6.469 6.481 6.493 6.505 6.516 6.527 6.537 6.547 6.557 6.566 6.574 6.582 6.590 6.596 6.602 6.607 6.612 6.617 6.622 6.628 6.633 6.638 6.644 6.650 6.657 6.665 6.673 6.681 6.690 6.700 6.710 6.719 6.729 6.739 6.749 6.759 6.768 6.776 6.785 6.793 6.802 6.812 6.821 6.832 6.843 6.854 6.866 6.879 6.893 6.907 6.922 6.937 6.952 6.967 6.983 6.999 7.014 7.031 7.047 7.063 7.078 7.094 7.110 7.127 7.145 7.162 7.180 7.199 7.217
6.354 6.370 6.387 6.403 6.419 6.434 6.449 6.463 6.477 6.490 6.502 6.515 6.526 6.538 6.549 6.559 6.570 6.579 6.589 6.598 6.606 6.613 6.619 6.625 6.631 6.637 6.642 6.647 6.652 6.657 6.662 6.668 6.674 6.681 6.688 6.695 6.704 6.713 6.722 6.731 6.741 6.751 6.760 6.770 6.779 6.787 6.796 6.804 6.813 6.823 6.832 6.843 6.853 6.865 6.877 6.890 6.903 6.918 6.932 6.947 6.963 6.978 6.994 7.010 7.026 7.043 7.060 7.076 7.092 7.108 7.124 7.142 7.160 7.178 7.196 7.215 7.234
6.359 6.376 6.393 6.409 6.425 6.440 6.455 6.470 6.484 6.498 6.511 6.523 6.536 6.548 6.559 6.570 6.581 6.592 6.602 6.612 6.621 6.629 6.636 6.643 6.649 6.655 6.661 6.667 6.672 6.677 6.682 6.687 6.692 6.698 6.704 6.711 6.719 6.727 6.736 6.744 6.754 6.763 6.773 6.782 6.791 6.799 6.807 6.816 6.825 6.834 6.844 6.854 6.865 6.876 6.888 6.901 6.914 6.929 6.943 6.958 6.974 6.990 7.006 7.022 7.039 7.055 7.072 7.089 7.105 7.122 7.139 7.157 7.175 7.193 7.212 7.232 7.251
6.364 6.381 6.398 6.415 6.431 6.447 6.462 6.477 6.491 6.505 6.519 6.532 6.544 6.557 6.569 6.581 6.592 6.603 6.614 6.624 6.634 6.643 6.651 6.659 6.666 6.673 6.680 6.686 6.691 6.696 6.701 6.706 6.711 6.717 6.723 6.729 6.736 6.743 6.751 6.759 6.768 6.777 6.786 6.796 6.804 6.812 6.820 6.829 6.837 6.847 6.856 6.866 6.877 6.888 6.900 6.913 6.926 6.940 6.955 6.970 6.986 7.002 7.018 7.035 7.051 7.068 7.086 7.102 7.119 7.136 7.153 7.171 7.190 7.209 7.229 7.249 7.268
6.370 6.387 6.404 6.421 6.437 6.453 6.469 6.484 6.498 6.513 6.526 6.540 6.553 6.566 6.578 6.590 6.602 6.613 6.625 6.636 6.647 6.656 6.665 6.673 6.681 6.689 6.697 6.704 6.710 6.716 6.721 6.726 6.731 6.736 6.742 6.748 6.754 6.761 6.768 6.776 6.784 6.793 6.802 6.810 6.819 6.826 6.834 6.842 6.851 6.860 6.869 6.879 6.890 6.901 6.912 6.925 6.938 6.952 6.967 6.982 6.998 7.014 7.031 7.047 7.064 7.082 7.099 7.116 7.133 7.150 7.168 7.187 7.206 7.225 7.245 7.265 7.286
6.376 6.393 6.410 6.427 6.444 6.460 6.475 6.491 6.506 6.520 6.534 6.548 6.561 6.574 6.587 6.599 6.611 6.623 6.635 6.647 6.658 6.668 6.677 6.686 6.696 6.704 6.713 6.721 6.728 6.734 6.740 6.746 6.751 6.757 6.762 6.767 6.773 6.780 6.786 6.794 6.802 6.810 6.818 6.827 6.834 6.842 6.850 6.858 6.866 6.875 6.884 6.893 6.904 6.914 6.926 6.938 6.951 6.965 6.980 6.995 7.011 7.027 7.044 7.061 7.078 7.096 7.113 7.130 7.147 7.165 7.183 7.202 7.221 7.241 7.262 7.282 7.303
6.381 6.399 6.416 6.433 6.450 6.466 6.482 6.498 6.513 6.528 6.542 6.556 6.570 6.583 6.596 6.608 6.621 6.633 6.645 6.657 6.669 6.679 6.689 6.699 6.709 6.718 6.727 6.736 6.744 6.752 6.759 6.765 6.771 6.776 6.782 6.788 6.793 6.799 6.806 6.813 6.820 6.828 6.837 6.845 6.852 6.859 6.866 6.874 6.882 6.891 6.900 6.909 6.919 6.929 6.941 6.953 6.966 6.979 6.994 7.009 7.025 7.041 7.058 7.075 7.092 7.110 7.128 7.145 7.162 7.180 7.198 7.218 7.237 7.258 7.279 7.300 7.320
6.387 6.405 6.423 6.440 6.457 6.473 6.489 6.505 6.521 6.536 6.550 6.564 6.578 6.592 6.605 6.618 6.630 6.643 6.655 6.668 6.679 6.689 6.700 6.710 6.721 6.731 6.741 6.751 6.760 6.768 6.776 6.783 6.790 6.796 6.802 6.808 6.814 6.820 6.826 6.833 6.840 6.848 6.856 6.863 6.870 6.877 6.885 6.892 6.900 6.909 6.917 6.926 6.936 6.946 6.957 6.968 6.981 6.995 7.009 7.024 7.040 7.056 7.073 7.090 7.107 7.125 7.143 7.160 7.177 7.195 7.214 7.234 7.254 7.274 7.295 7.317 7.338
6.393 6.411 6.429 6.446 6.463 6.480 6.497 6.513 6.528 6.544 6.558 6.573 6.587 6.601 6.614 6.627 6.640 6.653 6.665 6.678 6.690 6.700 6.711 6.722 6.733 6.744 6.754 6.764 6.774 6.783 6.792 6.800 6.807 6.814 6.821 6.827 6.834 6.840 6.846 6.853 6.860 6.868 6.876 6.883 6.890 6.897 6.904 6.912 6.920 6.928 6.936 6.945 6.954 6.964 6.974 6.986 6.998 7.011 7.025 7.040 7.056 7.072 7.089 7.106 7.123 7.141 7.159 7.176 7.193 7.212 7.230 7.250 7.270 7.291 7.312 7.334 7.355
6.399 6.417 6.435 6.453 6.470 6.487 6.504 6.520 6.536 6.552 6.567 6.582 6.596 6.610 6.624 6.637 6.650 6.663 6.676 6.689 6.700 6.711 6.722 6.733 6.745 6.756 6.767 6.778 6.788 6.798 6.807 6.816 6.824 6.832 6.839 6.846 6.853 6.860 6.867 6.874 6.881 6.888 6.896 6.904 6.911 6.918 6.925 6.933 6.940 6.948 6.956 6.964 6.973 6.983 6.993 7.004 7.016 7.029 7.043 7.057 7.073 7.089 7.106 7.123 7.140 7.158 7.176 7.193 7.210 7.228 7.247 7.267 7.287 7.308 7.329 7.351 7.372
6.405 6.423 6.441 6.459 6.477 6.494 6.511 6.528 6.544 6.560 6.575 6.591 6.605 6.620 6.634 6.647 6.661 6.674 6.687 6.699 6.711 6.722 6.734 6.745 6.757 6.768 6.780 6.791 6.802 6.812 6.822 6.832 6.841 6.849 6.857 6.865 6.872 6.879 6.886 6.894 6.901 6.909 6.917 6.925 6.932 6.939 6.946 6.954 6.962 6.969 6.977 6.986 6.994 7.003 7.013 7.024 7.035 7.048 7.062 7.076 7.091 7.107 7.124 7.141 7.158 7.176 7.193 7.210 7.228 7.246 7.264 7.284 7.304 7.325 7.347 7.368 7.389
6.410 6.428 6.447 6.465 6.483 6.501 6.518 6.535 6.552 6.568 6.584 6.599 6.614 6.629 6.643 6.657 6.671 6.684 6.698 6.711 6.723 6.734 6.746 6.757 6.769 6.781 6.792 6.804 6.815 6.826 6.837 6.847 6.857 6.866 6.874 6.883 6.891 6.898 6.906 6.914 6.921 6.929 6.938 6.945 6.953 6.960 6.968 6.976 6.984 6.992 7.000 7.008 7.016 7.025 7.035 7.045 7.056 7.068 7.082 7.096 7.111 7.127 7.143 7.160 7.177 7.195 7.212 7.229 7.246 7.264 7.282 7.302 7.322 7.343 7.364 7.385 7.405
6.415 6.434 6.452 6.471 6.489 6.507 6.525 6.542 6.559 6.576 6.592 6.608 6.624 6.639 6.653 6.668 6.682 6.695 6.709 6.722 6.735 6.746 6.758 6.770 6.781 6.793 6.805 6.817 6.829 6.840 6.851 6.862 6.872 6.882 6.891 6.900 6.909 6.917 6.925 6.933 6.941 6.949 6.958 6.966 6.974 6.982 6.990 6.998 7.006 7.014 7.022 7.031 7.039 7.048 7.057 7.067 7.078 7.090 7.103 7.117 7.132 7.147 7.163 7.180 7.197 7.215 7.232 7.248 7.265 7.283 7.301 7.320 7.340 7.361 7.382 7.402 7.421
6.420 6.439 6.457 6.476 6.494 6.513 6.531 6.549 6.566 6.583 6.600 6.616 6.632 6.648 6.663 6.678 6.692 6.706 6.720 6.734 6.747 6.758 6.770 6.782 6.794 6.806 6.819 6.831 6.843 6.854 6.866 6.877 6.888 6.898 6.908 6.917 6.926 6.935 6.944 6.952 6.961 6.969 6.978 6.987 6.995 7.003 7.011 7.020 7.029 7.037 7.046 7.054 7.063 7.071 7.080 7.090 7.101 7.112 7.125 7.139 7.153 7.169 7.185 7.201 7.218 7.236 7.253 7.269 7.285 7.303 7.320 7.339 7.359 7.379 7.399 7.419 7.437
6.425 6.443 6.462 6.481 6.500 6.518 6.537 6.555 6.573 6.590 6.607 6.624 6.641 6.657 6.672 6.688 6.703 6.717 6.731 6.746 6.759 6.771 6.783 6.795 6.807 6.820 6.832 6.844 6.856 6.868 6.880 6.892 6.903 6.914 6.924 6.934 6.944 6.953 6.962 6.971 6.980 6.989 6.999 7.007 7.016 7.024 7.033 7.042 7.051 7.060 7.069 7.078 7.086 7.095 7.104 7.114 7.124 7.135 7.148 7.161 7.176 7.191 7.207 7.224 7.240 7.258 7.274 7.290 7.306 7.323 7.340 7.359 7.378 7.397 7.417 7.437 7.454
6.429 6.448 6.467 6.485 6.504 6.523 6.542 6.560 6.579 6.597 6.614 6.632 6.649 6.665 6.681 6.697 6.713 6.728 6.742 6.757 6.770 6.783 6.795 6.808 6.820 6.833 6.845 6.858 6.870 6.883 6.895 6.907 6.918 6.929 6.940 6.951 6.961 6.971 6.980 6.990 6.999 7.009 7.019 7.028 7.036 7.045 7.054 7.064 7.073 7.083 7.092 7.101 7.110 7.119 7.128 7.138 7.148 7.159 7.171 7.184 7.199 7.214 7.230 7.246 7.263 7.280 7.297 7.312 7.328 7.344 7.361 7.379 7.397 7.416 7.435 7.454 7.471
6.433 6.452 6.470 6.489 6.509 6.528 6.546 6.565 6.584 6.602 6.620 6.638 6.656 6.673 6.690 6.706 6.722 6.738 6.753 6.768 6.782 6.795 6.807 6.820 6.833 6.846 6.859 6.871 6.884 6.897 6.909 6.921 6.933 6.945 6.956 6.967 6.978 6.988 6.999 7.009 7.018 7.028 7.038 7.048 7.057 7.066 7.076 7.086 7.095 7.105 7.115 7.125 7.134 7.143 7.152 7.162 7.172 7.183 7.195 7.208 7.222 7.237 7.253 7.269 7.286 7.303 7.319 7.335 7.350 7.366 7.382 7.399 7.417 7.435 7.454 7.472 7.489
6.436 6.455 6.474 6.493 6.512 6.531 6.551 6.570 6.589 6.607 6.626 6.644 6.662 6.680 6.697 6.714 6.731 6.747 6.763 6.778 6.792 6.806 6.819 6.832 6.845 6.859 6.872 6.885 6.898 6.910 6.923 6.936 6.948 6.960 6.972 6.984 6.995 7.006 7.016 7.027 7.037 7.048 7.058 7.068 7.077 7.087 7.097 7.107 7.117 7.128 7.138 7.148 7.158 7.167 7.177 7.186 7.196 7.207 7.219 7.232 7.245 7.260 7.276 7.293 7.309 7.326 7.343 7.358 7.373 7.387 7.403 7.419 7.436 7.454 7.472 7.491 7.507
6.440 6.458 6.477 6.496 6.516 6.535 6.554 6.573 6.593 6.612 6.631 6.649 6.668 6.686 6.704 6.721 6.739 6.755 6.772 6.788 6.803 6.816 6.830 6.844 6.857 6.871 6.884 6.897 6.911 6.924 6.937 6.950 6.962 6.975 6.987 6.999 7.011 7.023 7.034 7.045 7.056 7.067 7.078 7.088 7.098 7.108 7.118 7.128 7.139 7.150 7.160 7.171 7.181 7.191 7.200 7.210 7.220 7.231 7.243 7.255 7.269 7.284 7.299 7.316 7.333 7.350 7.366 7.380 7.395 7.409 7.424 7.440 7.456 7.473 7.491 7.510 7.527
