version1/TsunamiDB/out54134.asc
ncols          264
nrows          230
xllcorner      497853.4375
yllcorner      4229146.0000
cellsize         5.
NODATA_value   -99
[rows 170 to 203 of 230, columns 0 to 76 of 264]
6.167 6.178 6.188 6.198 6.207 6.216 6.223 6.228 6.233 6.237 6.240 6.244 6.246 6.249 6.251 6.254 6.257 6.259 6.263 6.267 6.271 6.276 6.281 6.287 6.293 6.300 6.307 6.314 6.322 6.329 6.335 6.340 6.346 6.352 6.359 6.365 6.371 6.377 6.384 6.390 6.397 6.403 6.410 6.417 6.424 6.431 6.438 6.445 6.452 6.460 6.467 6.474 6.482 6.488 6.494 6.499 6.504 6.510 6.515 6.520 6.525 6.529 6.534 6.539 6.543 6.547 6.552 6.556 6.560 6.564 6.568 6.572 6.577 6.581 6.586 6.591 6.596
6.175 6.187 6.198 6.209 6.219 6.228 6.236 6.243 6.248 6.253 6.258 6.261 6.265 6.267 6.270 6.272 6.274 6.276 6.279 6.282 6.285 6.289 6.294 6.299 6.304 6.310 6.317 6.323 6.331 6.337 6.343 6.349 6.355 6.361 6.367 6.373 6.379 6.385 6.392 6.398 6.404 6.411 6.418 6.424 6.431 6.438 6.445 6.452 6.459 6.466 6.474 6.481 6.488 6.495 6.500 6.506 6.511 6.517 6.522 6.527 6.533 6.538 6.542 6.547 6.552 6.556 6.560 6.564 6.568 6.573 6.577 6.581 6.585 6.589 6.594 6.599 6.603
6.183 6.195 6.207 6.218 6.229 6.239 6.248 6.255 6.262 6.268 6.273 6.278 6.282 6.285 6.288 6.290 6.292 6.294 6.296 6.298 6.301 6.304 6.307 6.311 6.316 6.321 6.327 6.333 6.340 6.346 6.352 6.357 6.363 6.369 6.375 6.381 6.387 6.394 6.400 6.406 6.412 6.419 6.425 6.431 6.438 6.445 6.452 6.459 6.466 6.473 6.480 6.487 6.495 6.501 6.507 6.513 6.518 6.524 6.529 6.535 6.540 6.545 6.550 6.555 6.560 6.564 6.568 6.573 6.577 6.581 6.585 6.589 6.593 6.597 6.602 6.606 6.610
6.190 6.202 6.215 6.226 6.238 6.249 6.258 6.267 6.274 6.281 6.287 6.293 6.298 6.302 6.305 6.308 6.310 6.312 6.313 6.315 6.317 6.319 6.322 6.325 6.329 6.333 6.338 6.344 6.350 6.356 6.361 6.366 6.372 6.378 6.384 6.390 6.396 6.402 6.408 6.414 6.420 6.426 6.432 6.439 6.445 6.452 6.458 6.465 6.472 6.479 6.486 6.494 6.501 6.507 6.513 6.519 6.525 6.531 6.536 6.542 6.547 6.552 6.558 6.562 6.567 6.572 6.576 6.581 6.585 6.589 6.593 6.597 6.601 6.605 6.610 6.614 6.618
6.196 6.209 6.221 6.234 6.246 6.257 6.268 6.276 6.285 6.293 6.300 6.306 6.312 6.317 6.321 6.324 6.327 6.329 6.331 6.333 6.334 6.336 6.338 6.340 6.343 6.346 6.350 6.355 6.361 6.366 6.371 6.376 6.381 6.387 6.392 6.398 6.404 6.410 6.416 6.422 6.428 6.434 6.440 6.446 6.453 6.459 6.466 6.472 6.479 6.486 6.493 6.501 6.507 6.513 6.519 6.525 6.531 6.537 6.543 6.548 6.554 6.559 6.565 6.570 6.575 6.579 6.584 6.588 6.593 6.597 6.601 6.605 6.609 6.613 6.618 6.622 6.625
6.202 6.215 6.228 6.240 6.253 6.265 6.276 6.285 6.294 6.303 6.311 6.318 6.325 6.331 6.336 6.340 6.343 6.346 6.348 6.350 6.351 6.353 6.354 6.356 6.358 6.360 6.364 6.367 6.372 6.377 6.381 6.385 6.390 6.396 6.401 6.407 6.413 6.419 6.424 6.430 6.436 6.442 6.448 6.454 6.460 6.466 6.473 6.479 6.486 6.493 6.500 6.507 6.514 6.520 6.525 6.531 6.537 6.543 6.549 6.555 6.560 6.566 6.571 6.577 6.582 6.587 6.591 6.596 6.600 6.604 6.609 6.613 6.617 6.621 6.626 6.630 6.633
6.207 6.221 6.234 6.247 6.259 6.272 6.283 6.293 6.303 6.312 6.321 6.329 6.336 6.343 6.349 6.354 6.358 6.362 6.365 6.367 6.368 6.370 6.371 6.372 6.373 6.375 6.377 6.381 6.384 6.388 6.391 6.395 6.400 6.405 6.410 6.416 6.421 6.427 6.433 6.439 6.445 6.450 6.456 6.462 6.468 6.474 6.480 6.487 6.493 6.500 6.506 6.513 6.520 6.526 6.532 6.538 6.544 6.549 6.555 6.561 6.567 6.573 6.578 6.583 6.589 6.594 6.598 6.603 6.608 6.612 6.616 6.620 6.625 6.629 6.633 6.637 6.640
6.213 6.226 6.239 6.253 6.265 6.278 6.290 6.300 6.310 6.320 6.329 6.338 6.347 6.354 6.361 6.367 6.372 6.376 6.380 6.383 6.385 6.386 6.387 6.388 6.389 6.391 6.392 6.395 6.397 6.400 6.403 6.406 6.410 6.415 6.420 6.425 6.430 6.436 6.441 6.447 6.453 6.459 6.465 6.470 6.476 6.482 6.488 6.494 6.500 6.507 6.513 6.520 6.527 6.532 6.538 6.544 6.550 6.556 6.562 6.567 6.573 6.579 6.585 6.590 6.595 6.601 6.605 6.610 6.615 6.619 6.624 6.628 6.632 6.636 6.641 6.645 6.648
6.218 6.232 6.245 6.258 6.271 6.284 6.296 6.307 6.317 6.328 6.337 6.347 6.356 6.364 6.372 6.379 6.385 6.390 6.394 6.398 6.400 6.402 6.404 6.405 6.406 6.407 6.408 6.409 6.411 6.414 6.415 6.418 6.421 6.425 6.429 6.434 6.439 6.445 6.450 6.456 6.462 6.467 6.473 6.479 6.484 6.490 6.496 6.502 6.508 6.514 6.521 6.527 6.533 6.539 6.545 6.550 6.556 6.562 6.568 6.574 6.580 6.585 6.591 6.597 6.602 6.607 6.612 6.617 6.622 6.627 6.631 6.635 6.640 6.644 6.648 6.652 6.655
6.223 6.237 6.250 6.264 6.277 6.290 6.302 6.313 6.324 6.335 6.345 6.355 6.364 6.373 6.382 6.389 6.396 6.402 6.407 6.412 6.415 6.418 6.420 6.421 6.422 6.423 6.424 6.425 6.426 6.428 6.429 6.430 6.433 6.436 6.440 6.444 6.449 6.454 6.459 6.465 6.470 6.476 6.481 6.487 6.493 6.498 6.504 6.510 6.516 6.522 6.528 6.534 6.541 6.546 6.551 6.557 6.563 6.568 6.574 6.580 6.586 6.592 6.598 6.603 6.609 6.614 6.619 6.624 6.629 6.634 6.638 6.643 6.647 6.651 6.656 6.660 6.663
6.228 6.242 6.256 6.269 6.283 6.296 6.308 6.319 6.330 6.341 6.352 6.362 6.372 6.382 6.391 6.399 6.407 6.413 6.419 6.424 6.429 6.432 6.435 6.437 6.438 6.439 6.440 6.440 6.441 6.442 6.443 6.443 6.445 6.447 6.451 6.454 6.459 6.463 6.468 6.473 6.479 6.484 6.490 6.495 6.501 6.507 6.512 6.518 6.524 6.529 6.536 6.542 6.548 6.553 6.558 6.564 6.569 6.575 6.581 6.587 6.593 6.598 6.604 6.610 6.615 6.621 6.626 6.631 6.636 6.641 6.645 6.650 6.654 6.659 6.663 6.667 6.670
6.234 6.248 6.261 6.275 6.288 6.302 6.314 6.325 6.337 6.348 6.359 6.369 6.380 6.390 6.399 6.408 6.416 6.424 6.430 6.436 6.441 6.445 6.449 6.451 6.453 6.455 6.456 6.456 6.457 6.457 6.457 6.457 6.458 6.460 6.462 6.465 6.469 6.473 6.478 6.483 6.488 6.493 6.498 6.504 6.509 6.515 6.520 6.526 6.532 6.537 6.543 6.550 6.555 6.560 6.566 6.571 6.576 6.582 6.588 6.593 6.599 6.605 6.611 6.616 6.622 6.628 6.633 6.638 6.643 6.648 6.653 6.657 6.662 6.666 6.671 6.675 6.678
6.239 6.253 6.267 6.280 6.294 6.308 6.320 6.331 6.343 6.354 6.365 6.376 6.387 6.397 6.407 6.416 6.425 6.433 6.441 6.447 6.453 6.458 6.462 6.465 6.468 6.470 6.471 6.472 6.473 6.473 6.472 6.472 6.472 6.473 6.474 6.477 6.480 6.483 6.487 6.492 6.497 6.502 6.507 6.512 6.518 6.523 6.529 6.534 6.540 6.545 6.551 6.557 6.563 6.568 6.573 6.578 6.583 6.589 6.594 6.600 6.606 6.612 6.617 6.623 6.629 6.634 6.640 6.645 6.650 6.655 6.660 6.664 6.669 6.673 6.678 6.682 6.685
6.244 6.258 6.272 6.286 6.300 6.313 6.325 6.337 6.349 6.360 6.372 6.383 6.394 6.404 6.414 6.424 6.433 6.442 6.450 6.457 6.464 6.470 6.475 6.479 6.482 6.484 6.486 6.488 6.489 6.489 6.488 6.487 6.487 6.487 6.487 6.489 6.491 6.494 6.498 6.502 6.506 6.511 6.516 6.521 6.526 6.532 6.537 6.542 6.548 6.554 6.559 6.565 6.571 6.576 6.581 6.586 6.591 6.596 6.601 6.607 6.613 6.618 6.624 6.630 6.636 6.641 6.647 6.652 6.657 6.662 6.667 6.672 6.676 6.681 6.686 6.690 6.693
6.249 6.263 6.277 6.291 6.305 6.319 6.331 6.342 6.354 6.366 6.378 6.389 6.400 6.411 6.422 6.432 6.441 6.451 6.459 6.467 6.474 6.481 6.486 6.491 6.495 6.498 6.501 6.503 6.504 6.504 6.503 6.502 6.501 6.501 6.501 6.502 6.503 6.506 6.508 6.512 6.516 6.520 6.525 6.530 6.535 6.540 6.545 6.551 6.556 6.562 6.567 6.573 6.579 6.583 6.588 6.593 6.598 6.603 6.609 6.614 6.620 6.625 6.631 6.637 6.642 6.648 6.653 6.659 6.664 6.669 6.674 6.679 6.684 6.688 6.693 6.697 6.700
6.254 6.268 6.282 6.297 6.311 6.324 6.336 6.348 6.360 6.372 6.384 6.395 6.407 6.418 6.429 6.439 6.449 6.459 6.468 6.476 6.484 6.491 6.497 6.503 6.508 6.512 6.515 6.517 6.519 6.520 6.519 6.518 6.517 6.516 6.516 6.516 6.516 6.518 6.520 6.523 6.526 6.530 6.534 6.539 6.544 6.549 6.554 6.559 6.564 6.570 6.576 6.581 6.587 6.591 6.596 6.601 6.606 6.611 6.616 6.621 6.627 6.632 6.638 6.644 6.649 6.655 6.660 6.666 6.671 6.676 6.681 6.686 6.691 6.696 6.701 6.705 6.708
6.259 6.273 6.287 6.301 6.316 6.329 6.341 6.353 6.365 6.377 6.389 6.401 6.413 6.424 6.435 6.446 6.456 6.466 6.476 6.485 6.493 6.501 6.508 6.514 6.519 6.524 6.528 6.531 6.534 6.535 6.534 6.533 6.532 6.531 6.531 6.530 6.530 6.531 6.532 6.534 6.537 6.540 6.544 6.548 6.552 6.557 6.562 6.567 6.573 6.578 6.584 6.590 6.595 6.599 6.604 6.608 6.613 6.618 6.623 6.629 6.634 6.639 6.645 6.651 6.656 6.662 6.667 6.673 6.678 6.683 6.688 6.693 6.698 6.703 6.708 6.712 6.716
6.263 6.278 6.292 6.306 6.320 6.334 6.346 6.358 6.371 6.383 6.395 6.407 6.419 6.430 6.442 6.453 6.463 6.473 6.483 6.493 6.501 6.510 6.517 6.524 6.530 6.536 6.541 6.545 6.548 6.549 6.549 6.549 6.548 6.547 6.546 6.545 6.545 6.545 6.545 6.546 6.548 6.551 6.554 6.558 6.562 6.566 6.571 6.576 6.581 6.587 6.592 6.598 6.603 6.607 6.612 6.616 6.621 6.626 6.631 6.636 6.641 6.647 6.652 6.658 6.663 6.669 6.674 6.680 6.685 6.690 6.695 6.701 6.706 6.710 6.716 6.720 6.723
6.267 6.282 6.296 6.311 6.325 6.338 6.351 6.363 6.376 6.388 6.400 6.412 6.424 6.436 6.448 6.459 6.470 6.480 6.491 6.500 6.510 6.518 6.526 6.534 6.541 6.547 6.553 6.558 6.561 6.563 6.564 6.564 6.563 6.563 6.562 6.560 6.560 6.559 6.559 6.559 6.560 6.562 6.565 6.568 6.571 6.575 6.580 6.585 6.590 6.595 6.600 6.606 6.611 6.615 6.620 6.624 6.629 6.633 6.638 6.643 6.649 6.654 6.659 6.665 6.670 6.676 6.681 6.687 6.692 6.697 6.703 6.708 6.713 6.718 6.723 6.727 6.731
6.271 6.286 6.300 6.315 6.329 6.343 6.355 6.368 6.380 6.393 6.405 6.418 6.430 6.442 6.453 6.465 6.476 6.487 6.497 6.507 6.517 6.526 6.535 6.543 6.551 6.558 6.564 6.570 6.574 6.576 6.578 6.578 6.579 6.578 6.577 6.576 6.575 6.574 6.573 6.573 6.573 6.575 6.576 6.579 6.582 6.585 6.589 6.594 6.598 6.603 6.609 6.615 6.619 6.623 6.628 6.632 6.637 6.641 6.646 6.651 6.656 6.661 6.667 6.672 6.677 6.683 6.688 6.694 6.699 6.704 6.710 6.715 6.720 6.725 6.730 6.735 6.739
6.275 6.290 6.304 6.319 6.333 6.347 6.360 6.372 6.385 6.397 6.410 6.422 6.435 6.447 6.459 6.470 6.482 6.493 6.504 6.514 6.524 6.534 6.543 6.552 6.560 6.567 6.574 6.581 6.586 6.589 6.591 6.593 6.593 6.593 6.593 6.592 6.591 6.589 6.588 6.588 6.587 6.588 6.588 6.590 6.592 6.595 6.599 6.603 6.607 6.612 6.618 6.623 6.627 6.631 6.636 6.640 6.645 6.649 6.654 6.659 6.664 6.669 6.674 6.679 6.684 6.690 6.695 6.701 6.706 6.711 6.717 6.722 6.727 6.733 6.738 6.742 6.746
6.278 6.293 6.308 6.322 6.337 6.351 6.363 6.376 6.389 6.402 6.414 6.427 6.439 6.452 6.464 6.476 6.487 6.499 6.510 6.520 6.531 6.541 6.551 6.560 6.568 6.576 6.584 6.591 6.597 6.601 6.604 6.606 6.607 6.608 6.608 6.607 6.606 6.605 6.604 6.603 6.602 6.601 6.602 6.602 6.604 6.606 6.609 6.613 6.617 6.621 6.627 6.631 6.636 6.640 6.644 6.648 6.653 6.657 6.662 6.666 6.671 6.676 6.681 6.687 6.692 6.697 6.702 6.708 6.713 6.718 6.724 6.729 6.734 6.740 6.745 6.750 6.753
6.282 6.296 6.311 6.326 6.340 6.354 6.367 6.380 6.393 6.406 6.419 6.431 6.444 6.456 6.469 6.481 6.492 6.504 6.515 6.526 6.537 6.547 6.557 6.567 6.576 6.585 6.593 6.601 6.607 6.612 6.616 6.619 6.621 6.622 6.623 6.623 6.622 6.621 6.619 6.618 6.617 6.616 6.615 6.615 6.616 6.618 6.620 6.623 6.627 6.631 6.636 6.640 6.644 6.648 6.652 6.656 6.661 6.665 6.670 6.674 6.679 6.684 6.689 6.694 6.699 6.704 6.710 6.715 6.720 6.726 6.731 6.736 6.742 6.747 6.753 6.757 6.761
6.284 6.299 6.314 6.329 6.344 6.358 6.371 6.384 6.397 6.410 6.422 6.435 6.448 6.461 6.473 6.485 6.497 6.509 6.520 6.532 6.543 6.553 6.564 6.574 6.583 6.592 6.601 6.609 6.616 6.622 6.627 6.630 6.633 6.635 6.637 6.637 6.637 6.636 6.635 6.634 6.632 6.631 6.630 6.629 6.629 6.630 6.632 6.634 6.637 6.641 6.645 6.649 6.653 6.657 6.661 6.665 6.669 6.673 6.678 6.682 6.687 6.692 6.697 6.702 6.707 6.712 6.717 6.722 6.727 6.733 6.738 6.743 6.749 6.755 6.760 6.764 6.768
6.287 6.302 6.317 6.332 6.347 6.361 6.374 6.387 6.400 6.413 6.426 6.439 6.452 6.464 6.477 6.489 6.502 6.513 6.525 6.537 6.548 6.559 6.570 6.580 6.590 6.599 6.609 6.617 6.625 6.631 6.637 6.641 6.645 6.648 6.650 6.651 6.652 6.652 6.651 6.649 6.648 6.646 6.645 6.644 6.643 6.643 6.644 6.646 6.648 6.651 6.655 6.659 6.662 6.665 6.669 6.673 6.677 6.682 6.686 6.691 6.695 6.700 6.705 6.709 6.714 6.719 6.724 6.730 6.735 6.740 6.745 6.751 6.756 6.762 6.767 6.771 6.775
6.290 6.305 6.320 6.335 6.350 6.364 6.377 6.390 6.403 6.416 6.429 6.442 6.455 6.468 6.481 6.493 6.506 6.518 6.530 6.541 6.553 6.564 6.575 6.586 6.596 6.606 6.615 6.625 6.633 6.640 6.646 6.651 6.656 6.660 6.663 6.665 6.666 6.666 6.666 6.665 6.663 6.662 6.660 6.659 6.657 6.657 6.657 6.658 6.659 6.662 6.665 6.668 6.671 6.675 6.678 6.682 6.686 6.690 6.694 6.699 6.703 6.708 6.713 6.717 6.722 6.727 6.732 6.737 6.742 6.747 6.753 6.758 6.763 6.769 6.774 6.779 6.783
6.292 6.307 6.322 6.337 6.352 6.366 6.380 6.393 6.406 6.419 6.433 6.446 6.459 6.472 6.484 6.497 6.509 6.522 6.534 6.546 6.557 6.569 6.580 6.591 6.601 6.612 6.622 6.632 6.640 6.648 6.655 6.661 6.666 6.671 6.674 6.677 6.679 6.680 6.680 6.680 6.679 6.677 6.676 6.674 6.672 6.671 6.671 6.671 6.672 6.673 6.676 6.679 6.681 6.684 6.687 6.691 6.695 6.699 6.703 6.707 6.711 6.716 6.721 6.725 6.730 6.735 6.740 6.745 6.750 6.755 6.760 6.765 6.771 6.776 6.781 6.786 6.790
6.294 6.309 6.325 6.340 6.355 6.369 6.382 6.396 6.409 6.422 6.436 6.449 6.462 6.475 6.488 6.500 6.513 6.525 6.538 6.550 6.561 6.573 6.584 6.596 6.606 6.617 6.628 6.638 6.647 6.655 6.662 6.669 6.675 6.680 6.685 6.689 6.691 6.693 6.694 6.695 6.694 6.693 6.691 6.689 6.687 6.686 6.685 6.684 6.684 6.685 6.687 6.689 6.691 6.694 6.697 6.700 6.703 6.707 6.711 6.715 6.720 6.724 6.729 6.733 6.738 6.743 6.748 6.752 6.757 6.762 6.768 6.773 6.778 6.784 6.789 6.793 6.797
6.296 6.311 6.327 6.342 6.357 6.371 6.385 6.398 6.412 6.425 6.438 6.452 6.465 6.478 6.491 6.504 6.516 6.529 6.541 6.553 6.565 6.577 6.589 6.600 6.611 6.622 6.633 6.644 6.653 6.662 6.669 6.677 6.683 6.689 6.695 6.699 6.703 6.706 6.707 6.708 6.708 6.708 6.706 6.705 6.703 6.701 6.699 6.698 6.698 6.698 6.699 6.700 6.702 6.704 6.706 6.709 6.712 6.716 6.720 6.724 6.728 6.733 6.737 6.742 6.746 6.751 6.755 6.760 6.765 6.770 6.775 6.780 6.786 6.791 6.796 6.801 6.805
6.298 6.313 6.329 6.344 6.360 6.374 6.387 6.401 6.414 6.428 6.441 6.455 6.468 6.481 6.494 6.507 6.520 6.532 6.545 6.557 6.569 6.581 6.593 6.604 6.616 6.627 6.638 6.649 6.659 6.668 6.676 6.684 6.691 6.698 6.704 6.709 6.714 6.717 6.720 6.721 6.722 6.722 6.721 6.720 6.718 6.716 6.714 6.712 6.711 6.711 6.711 6.712 6.713 6.714 6.716 6.719 6.722 6.725 6.729 6.733 6.737 6.741 6.745 6.750 6.754 6.759 6.764 6.768 6.773 6.778 6.783 6.788 6.793 6.799 6.804 6.808 6.812
6.299 6.315 6.331 6.346 6.362 6.376 6.389 6.403 6.417 6.430 6.444 6.457 6.471 6.484 6.497 6.510 6.523 6.536 6.548 6.561 6.573 6.585 6.597 6.608 6.620 6.631 6.643 6.654 6.664 6.673 6.682 6.690 6.698 6.705 6.712 6.718 6.723 6.728 6.731 6.734 6.735 6.736 6.735 6.734 6.733 6.731 6.729 6.727 6.726 6.725 6.724 6.724 6.724 6.725 6.727 6.728 6.731 6.734 6.737 6.741 6.745 6.749 6.754 6.758 6.762 6.767 6.772 6.776 6.781 6.786 6.791 6.795 6.801 6.806 6.811 6.815 6.820
6.301 6.317 6.333 6.348 6.364 6.378 6.392 6.405 6.419 6.433 6.447 6.460 6.474 6.487 6.500 6.513 6.526 6.539 6.552 6.564 6.576 6.588 6.600 6.612 6.624 6.636 6.647 6.659 6.669 6.679 6.688 6.696 6.705 6.712 6.720 6.726 6.732 6.737 6.742 6.745 6.747 6.749 6.749 6.749 6.748 6.746 6.744 6.742 6.740 6.739 6.738 6.737 6.736 6.737 6.737 6.739 6.741 6.743 6.746 6.750 6.754 6.758 6.762 6.766 6.771 6.775 6.780 6.784 6.789 6.793 6.798 6.803 6.808 6.814 6.819 6.823 6.827
6.302 6.318 6.334 6.350 6.366 6.380 6.394 6.407 6.421 6.435 6.449 6.463 6.476 6.490 6.503 6.516 6.529 6.542 6.555 6.567 6.580 6.592 6.604 6.616 6.628 6.640 6.652 6.663 6.674 6.684 6.693 6.702 6.711 6.719 6.727 6.734 6.741 6.746 6.751 6.755 6.759 6.761 6.762 6.762 6.762 6.760 6.759 6.757 6.755 6.753 6.752 6.750 6.749 6.748 6.748 6.749 6.751 6.753 6.756 6.759 6.762 6.766 6.770 6.774 6.779 6.783 6.788 6.792 6.797 6.801 6.806 6.811 6.816 6.821 6.826 6.830 6.835
6.303 6.320 6.336 6.352 6.367 6.381 6.395 6.410 6.424 6.438 6.452 6.465 6.479 6.493 6.506 6.519 6.533 6.545 6.558 6.571 6.583 6.596 6.608 6.620 6.632 6.644 6.656 6.668 6.679 6.688 6.698 6.707 6.716 6.725 6.733 6.741 6.748 6.755 6.760 6.765 6.769 6.772 6.774 6.775 6.775 6.774 6.773 6.771 6.769 6.767 6.766 6.764 6.762 6.761 6.760 6.760 6.761 6.763 6.765 6.768 6.771 6.775 6.779 6.783 6.787 6.791 6.796 6.800 6.804 6.809 6.814 6.819 6.824 6.829 6.834 6.838 6.842
