version1/TsunamiDB/out54107.asc
ncols          264
nrows          230
xllcorner      497853.4375
yllcorner      4229146.0000
cellsize         5.
NODATA_value   -99
[rows 34 to 67 of 230, columns 0 to 76 of 264]
-99.000 -99.000 -99.000 -99.000 -99.000 1.651 1.660 1.723 1.881 2.119 2.397 2.673 2.918 3.119 3.277 3.400 3.500 3.583 3.656 3.721 3.781 3.838 3.891 3.942 3.991 4.038 4.084 4.128 4.171 4.212 4.252 4.291 4.329 4.366 4.403 4.438 4.472 4.505 4.537 4.569 4.600 4.631 4.661 4.691 4.720 4.749 4.778 4.807 4.835 4.862 4.890 4.917 4.944 4.971 4.998 5.024 5.050 5.075 5.101 5.126 5.149 5.172 5.194 5.217 5.239 5.261 5.283 5.304 5.324 5.344 5.364 5.383 5.402 5.420 5.439 5.456 5.474
-99.000 -99.000 -99.000 -99.000 -99.000 1.652 1.677 1.781 1.978 2.239 2.521 2.787 3.014 3.196 3.337 3.449 3.541 3.619 3.688 3.751 3.809 3.864 3.916 3.966 4.014 4.061 4.106 4.149 4.191 4.232 4.271 4.310 4.348 4.384 4.420 4.455 4.489 4.522 4.553 4.585 4.616 4.646 4.676 4.706 4.735 4.764 4.792 4.820 4.847 4.875 4.902 4.929 4.956 4.982 5.008 5.034 5.060 5.085 5.110 5.135 5.158 5.181 5.204 5.226 5.249 5.271 5.292 5.313 5.334 5.354 5.374 5.393 5.412 5.431 5.449 5.467 5.484
-99.000 -99.000 -99.000 -99.000 1.651 1.657 1.711 1.858 2.089 2.364 2.643 2.894 3.101 3.264 3.392 3.494 3.579 3.652 3.719 3.779 3.836 3.890 3.941 3.990 4.037 4.083 4.127 4.170 4.211 4.251 4.291 4.329 4.366 4.402 4.438 4.472 4.506 4.538 4.569 4.601 4.632 4.662 4.692 4.721 4.749 4.778 4.806 4.833 4.861 4.888 4.914 4.941 4.967 4.993 5.019 5.045 5.070 5.095 5.120 5.145 5.168 5.190 5.213 5.236 5.258 5.280 5.301 5.323 5.343 5.363 5.383 5.403 5.422 5.440 5.459 5.477 5.494
-99.000 -99.000 -99.000 -99.000 1.652 1.671 1.764 1.952 2.208 2.490 2.759 2.992 3.180 3.327 3.442 3.535 3.615 3.685 3.749 3.807 3.863 3.915 3.966 4.014 4.060 4.105 4.148 4.190 4.231 4.271 4.309 4.347 4.384 4.420 4.455 4.489 4.523 4.555 4.585 4.617 4.647 4.677 4.707 4.736 4.764 4.792 4.820 4.847 4.874 4.901 4.927 4.953 4.979 5.005 5.030 5.056 5.081 5.105 5.130 5.154 5.177 5.200 5.222 5.245 5.267 5.289 5.311 5.332 5.352 5.373 5.392 5.412 5.431 5.450 5.468 5.486 5.504
-99.000 -99.000 -99.000 1.651 1.655 1.700 1.836 2.059 2.332 2.613 2.869 3.082 3.251 3.383 3.488 3.574 3.650 3.717 3.778 3.835 3.889 3.941 3.990 4.037 4.083 4.127 4.169 4.211 4.251 4.290 4.328 4.365 4.402 4.437 4.472 4.506 4.539 4.571 4.601 4.632 4.663 4.692 4.722 4.750 4.779 4.806 4.834 4.861 4.887 4.914 4.940 4.966 4.991 5.016 5.042 5.067 5.091 5.116 5.140 5.164 5.187 5.209 5.232 5.255 5.277 5.298 5.320 5.341 5.362 5.382 5.402 5.421 5.440 5.459 5.477 5.496 5.513
-99.000 -99.000 -99.000 1.652 1.666 1.748 1.926 2.176 2.458 2.731 2.970 3.163 3.315 3.435 3.531 3.611 3.683 3.747 3.807 3.862 3.915 3.965 4.014 4.060 4.105 4.148 4.190 4.231 4.271 4.309 4.347 4.384 4.419 4.455 4.489 4.523 4.555 4.587 4.617 4.648 4.678 4.708 4.737 4.765 4.793 4.821 4.848 4.874 4.901 4.927 4.953 4.978 5.003 5.028 5.053 5.078 5.102 5.127 5.151 5.175 5.197 5.219 5.242 5.264 5.286 5.308 5.329 5.350 5.371 5.391 5.411 5.430 5.449 5.468 5.486 5.505 5.522
-99.000 -99.000 1.651 1.654 1.691 1.816 2.030 2.300 2.583 2.843 3.062 3.237 3.373 3.482 3.571 3.647 3.715 3.777 3.835 3.889 3.941 3.990 4.037 4.083 4.127 4.169 4.211 4.251 4.290 4.328 4.365 4.402 4.437 4.472 4.506 4.539 4.572 4.603 4.633 4.663 4.693 4.722 4.751 4.779 4.807 4.835 4.861 4.888 4.914 4.940 4.965 4.991 5.016 5.040 5.065 5.089 5.113 5.137 5.161 5.185 5.208 5.229 5.252 5.274 5.296 5.317 5.339 5.360 5.380 5.400 5.420 5.439 5.458 5.477 5.495 5.514 5.531
-99.000 -99.000 1.651 1.662 1.734 1.902 2.146 2.427 2.704 2.947 3.147 3.303 3.427 3.526 3.609 3.681 3.746 3.806 3.863 3.916 3.966 4.015 4.061 4.106 4.149 4.191 4.231 4.271 4.309 4.347 4.384 4.419 4.454 4.489 4.522 4.555 4.587 4.618 4.648 4.678 4.708 4.737 4.766 4.794 4.821 4.848 4.875 4.901 4.927 4.953 4.978 5.003 5.028 5.052 5.077 5.101 5.125 5.148 5.172 5.196 5.218 5.240 5.262 5.284 5.306 5.327 5.348 5.369 5.390 5.410 5.429 5.449 5.468 5.486 5.504 5.522 5.540
-99.000 1.651 1.653 1.683 1.797 2.003 2.270 2.553 2.818 3.043 3.223 3.364 3.476 3.568 3.645 3.714 3.777 3.835 3.890 3.942 3.992 4.039 4.085 4.128 4.171 4.212 4.252 4.291 4.329 4.366 4.402 4.437 4.472 4.505 4.539 4.571 4.603 4.633 4.663 4.693 4.722 4.751 4.780 4.807 4.835 4.862 4.888 4.914 4.940 4.966 4.991 5.015 5.040 5.064 5.088 5.112 5.136 5.159 5.183 5.206 5.228 5.250 5.272 5.294 5.315 5.337 5.358 5.379 5.399 5.419 5.439 5.458 5.477 5.495 5.514 5.532 5.549
-99.000 1.651 1.660 1.722 1.879 2.118 2.397 2.676 2.925 3.130 3.292 3.419 3.521 3.607 3.680 3.746 3.807 3.864 3.917 3.968 4.017 4.063 4.108 4.151 4.193 4.233 4.273 4.311 4.348 4.385 4.420 4.455 4.489 4.522 4.555 4.587 4.619 4.649 4.678 4.708 4.737 4.765 4.793 4.821 4.848 4.875 4.901 4.927 4.953 4.978 5.003 5.028 5.052 5.076 5.100 5.124 5.147 5.170 5.194 5.217 5.239 5.260 5.282 5.304 5.325 5.347 5.368 5.388 5.409 5.429 5.448 5.468 5.486 5.505 5.523 5.541 5.558
-99.000 1.652 1.677 1.780 1.978 2.240 2.525 2.793 3.023 3.209 3.354 3.469 3.563 3.644 3.714 3.777 3.837 3.892 3.944 3.994 4.042 4.088 4.131 4.174 4.215 4.255 4.293 4.331 4.368 4.404 4.439 4.473 4.506 4.539 4.571 4.603 4.634 4.664 4.693 4.722 4.751 4.779 4.807 4.835 4.862 4.888 4.914 4.940 4.965 4.990 5.015 5.040 5.064 5.088 5.111 5.135 5.158 5.181 5.204 5.227 5.249 5.270 5.292 5.314 5.335 5.356 5.377 5.398 5.418 5.438 5.458 5.477 5.496 5.515 5.533 5.550 5.568
1.651 1.657 1.711 1.859 2.091 2.368 2.650 2.903 3.113 3.280 3.411 3.516 3.604 3.680 3.746 3.808 3.866 3.920 3.971 4.020 4.067 4.112 4.155 4.197 4.237 4.276 4.314 4.351 4.387 4.422 4.457 4.491 4.524 4.556 4.588 4.619 4.650 4.679 4.708 4.737 4.765 4.793 4.821 4.848 4.875 4.901 4.927 4.952 4.978 5.002 5.027 5.051 5.075 5.099 5.122 5.146 5.169 5.192 5.215 5.237 5.259 5.280 5.302 5.323 5.345 5.366 5.387 5.408 5.428 5.448 5.468 5.487 5.506 5.524 5.542 5.560 5.577
1.652 1.672 1.766 1.956 2.214 2.498 2.770 3.005 3.195 3.344 3.463 3.560 3.642 3.714 3.778 3.839 3.895 3.948 3.998 4.046 4.092 4.136 4.178 4.219 4.259 4.297 4.335 4.371 4.407 4.442 4.475 4.509 4.541 4.573 4.604 4.635 4.665 4.694 4.722 4.751 4.779 4.807 4.834 4.861 4.888 4.914 4.939 4.965 4.990 5.014 5.039 5.063 5.086 5.110 5.133 5.156 5.179 5.202 5.225 5.247 5.269 5.290 5.311 5.333 5.354 5.375 5.396 5.417 5.437 5.457 5.477 5.496 5.515 5.534 5.552 5.570 5.587
1.656 1.702 1.841 2.067 2.342 2.625 2.882 3.097 3.268 3.403 3.511 3.601 3.679 3.747 3.810 3.869 3.924 3.976 4.025 4.072 4.117 4.160 4.202 4.242 4.281 4.319 4.356 4.392 4.427 4.461 4.494 4.527 4.559 4.590 4.621 4.651 4.681 4.709 4.737 4.766 4.793 4.821 4.848 4.874 4.900 4.926 4.952 4.977 5.001 5.026 5.050 5.074 5.097 5.121 5.144 5.167 5.190 5.212 5.234 5.257 5.278 5.299 5.320 5.342 5.363 5.384 5.405 5.426 5.446 5.466 5.486 5.506 5.525 5.543 5.562 5.579 5.597
1.668 1.754 1.936 2.190 2.473 2.748 2.987 3.181 3.335 3.456 3.556 3.640 3.714 3.780 3.841 3.898 3.952 4.003 4.051 4.098 4.142 4.184 4.225 4.265 4.303 4.341 4.377 4.412 4.447 4.480 4.513 4.545 4.577 4.608 4.638 4.668 4.697 4.725 4.752 4.780 4.808 4.835 4.861 4.888 4.913 4.939 4.964 4.989 5.013 5.037 5.061 5.085 5.108 5.131 5.154 5.177 5.200 5.222 5.244 5.266 5.287 5.308 5.329 5.350 5.372 5.393 5.414 5.434 5.455 5.475 5.495 5.514 5.534 5.552 5.571 5.589 5.606
1.695 1.827 2.047 2.319 2.603 2.863 3.082 3.257 3.394 3.505 3.597 3.677 3.748 3.812 3.871 3.927 3.980 4.030 4.078 4.123 4.167 4.209 4.249 4.288 4.326 4.362 4.398 4.433 4.467 4.500 4.532 4.564 4.595 4.626 4.656 4.685 4.713 4.740 4.768 4.795 4.822 4.849 4.875 4.901 4.926 4.952 4.976 5.001 5.025 5.049 5.073 5.096 5.119 5.142 5.165 5.187 5.209 5.231 5.253 5.275 5.296 5.316 5.338 5.359 5.380 5.401 5.422 5.442 5.463 5.483 5.503 5.523 5.542 5.561 5.580 5.598 5.616
1.744 1.920 2.170 2.452 2.728 2.970 3.168 3.325 3.449 3.551 3.637 3.713 3.781 3.844 3.901 3.956 4.008 4.057 4.104 4.149 4.191 4.233 4.272 4.311 4.348 4.384 4.419 4.453 4.487 4.519 4.551 4.583 4.613 4.643 4.673 4.702 4.729 4.756 4.783 4.810 4.837 4.863 4.889 4.915 4.940 4.965 4.989 5.013 5.037 5.061 5.084 5.107 5.130 5.152 5.175 5.197 5.219 5.241 5.263 5.284 5.305 5.325 5.346 5.367 5.388 5.409 5.429 5.450 5.470 5.491 5.511 5.530 5.550 5.569 5.588 5.606 5.624
1.815 2.030 2.301 2.585 2.847 3.068 3.245 3.386 3.499 3.593 3.674 3.747 3.814 3.874 3.931 3.985 4.036 4.084 4.130 4.174 4.216 4.257 4.296 4.334 4.370 4.406 4.441 4.474 4.507 4.539 4.571 4.601 4.632 4.661 4.690 4.719 4.746 4.772 4.799 4.826 4.852 4.878 4.903 4.929 4.953 4.978 5.002 5.026 5.049 5.072 5.095 5.118 5.141 5.163 5.185 5.207 5.229 5.250 5.272 5.293 5.313 5.333 5.354 5.375 5.395 5.416 5.437 5.457 5.477 5.498 5.518 5.538 5.557 5.577 5.596 5.614 5.633
1.908 2.154 2.436 2.713 2.957 3.156 3.315 3.441 3.544 3.633 3.710 3.780 3.845 3.904 3.960 4.013 4.063 4.110 4.155 4.199 4.240 4.280 4.319 4.356 4.392 4.428 4.462 4.495 4.527 4.559 4.590 4.620 4.650 4.679 4.708 4.736 4.763 4.789 4.816 4.842 4.868 4.893 4.918 4.943 4.967 4.991 5.015 5.039 5.062 5.085 5.107 5.130 5.152 5.174 5.195 5.217 5.239 5.260 5.281 5.302 5.321 5.341 5.362 5.382 5.403 5.423 5.444 5.464 5.484 5.504 5.524 5.544 5.564 5.583 5.603 5.621 5.640
2.019 2.288 2.571 2.834 3.056 3.235 3.376 3.491 3.587 3.670 3.744 3.812 3.875 3.933 3.988 4.040 4.089 4.136 4.181 4.223 4.264 4.304 4.342 4.379 4.414 4.449 4.483 4.516 4.548 4.579 4.609 4.639 4.669 4.698 4.726 4.754 4.780 4.806 4.832 4.858 4.883 4.908 4.933 4.957 4.982 5.005 5.029 5.052 5.075 5.097 5.119 5.141 5.163 5.185 5.206 5.228 5.249 5.270 5.291 5.310 5.330 5.350 5.370 5.390 5.410 5.430 5.451 5.471 5.491 5.511 5.531 5.550 5.570 5.590 5.609 5.628 5.647
2.145 2.425 2.702 2.946 3.146 3.305 3.432 3.536 3.626 3.705 3.777 3.843 3.905 3.962 4.015 4.067 4.115 4.161 4.205 4.248 4.288 4.327 4.365 4.401 4.436 4.470 4.504 4.536 4.568 4.599 4.629 4.658 4.687 4.716 4.744 4.771 4.797 4.823 4.848 4.874 4.899 4.924 4.948 4.972 4.996 5.019 5.043 5.065 5.088 5.110 5.132 5.154 5.175 5.196 5.217 5.238 5.259 5.280 5.300 5.320 5.339 5.358 5.378 5.398 5.418 5.438 5.457 5.477 5.497 5.517 5.537 5.556 5.576 5.595 5.615 5.634 5.653
2.280 2.563 2.825 3.047 3.225 3.367 3.482 3.578 3.663 3.738 3.808 3.873 3.933 3.989 4.042 4.092 4.140 4.186 4.230 4.271 4.311 4.350 4.387 4.423 4.458 4.492 4.524 4.556 4.588 4.618 4.648 4.677 4.706 4.734 4.762 4.789 4.815 4.840 4.865 4.890 4.915 4.940 4.964 4.988 5.011 5.034 5.057 5.079 5.101 5.123 5.145 5.166 5.187 5.208 5.229 5.249 5.270 5.290 5.310 5.329 5.348 5.367 5.386 5.406 5.425 5.445 5.464 5.484 5.503 5.523 5.542 5.562 5.581 5.601 5.620 5.639 5.658
2.421 2.696 2.938 3.137 3.296 3.422 3.527 3.617 3.697 3.770 3.838 3.901 3.961 4.016 4.068 4.118 4.165 4.210 4.253 4.295 4.334 4.372 4.409 4.445 4.479 4.512 4.545 4.576 4.607 4.638 4.667 4.696 4.724 4.752 4.779 4.806 4.832 4.857 4.882 4.907 4.931 4.956 4.979 5.003 5.026 5.049 5.071 5.094 5.115 5.137 5.158 5.179 5.200 5.221 5.241 5.261 5.281 5.301 5.321 5.339 5.357 5.376 5.395 5.414 5.433 5.452 5.472 5.491 5.510 5.529 5.548 5.567 5.587 5.606 5.625 5.644 5.663
2.560 2.821 3.041 3.217 3.358 3.472 3.568 3.653 3.729 3.800 3.866 3.928 3.987 4.041 4.093 4.142 4.189 4.234 4.277 4.317 4.357 4.394 4.431 4.466 4.500 4.533 4.565 4.596 4.627 4.657 4.686 4.714 4.742 4.770 4.797 4.824 4.849 4.873 4.898 4.923 4.947 4.971 4.995 5.018 5.041 5.064 5.086 5.108 5.130 5.151 5.172 5.193 5.213 5.233 5.253 5.273 5.293 5.312 5.332 5.350 5.368 5.386 5.405 5.423 5.442 5.461 5.479 5.498 5.517 5.535 5.554 5.573 5.592 5.611 5.630 5.649 5.668
2.695 2.935 3.131 3.288 3.413 3.516 3.606 3.686 3.760 3.829 3.893 3.954 4.012 4.066 4.117 4.166 4.212 4.257 4.299 4.340 4.378 4.416 4.452 4.486 4.520 4.553 4.585 4.616 4.646 4.675 4.704 4.733 4.760 4.788 4.814 4.841 4.866 4.890 4.915 4.939 4.964 4.987 5.011 5.034 5.057 5.079 5.101 5.123 5.144 5.165 5.186 5.206 5.227 5.247 5.266 5.286 5.305 5.324 5.343 5.361 5.379 5.396 5.415 5.433 5.451 5.469 5.487 5.505 5.524 5.542 5.560 5.579 5.597 5.616 5.635 5.653 5.672
2.821 3.038 3.211 3.349 3.462 3.557 3.641 3.718 3.789 3.856 3.919 3.979 4.036 4.089 4.140 4.189 4.235 4.279 4.321 4.361 4.400 4.437 4.472 4.507 4.540 4.573 4.604 4.635 4.665 4.694 4.723 4.751 4.778 4.805 4.832 4.858 4.883 4.907 4.931 4.955 4.979 5.003 5.026 5.049 5.072 5.094 5.116 5.137 5.159 5.180 5.200 5.220 5.241 5.260 5.280 5.299 5.318 5.337 5.355 5.373 5.390 5.408 5.425 5.443 5.461 5.478 5.496 5.514 5.531 5.549 5.567 5.585 5.603 5.621 5.640 5.658 5.676
2.936 3.128 3.281 3.404 3.506 3.594 3.674 3.747 3.816 3.882 3.944 4.003 4.059 4.112 4.162 4.210 4.256 4.300 4.342 4.382 4.420 4.457 4.492 4.527 4.560 4.592 4.623 4.653 4.683 4.712 4.740 4.768 4.795 4.822 4.848 4.874 4.899 4.923 4.947 4.971 4.995 5.018 5.042 5.064 5.087 5.109 5.131 5.152 5.173 5.194 5.214 5.235 5.254 5.274 5.293 5.312 5.331 5.350 5.368 5.385 5.402 5.419 5.437 5.454 5.471 5.488 5.505 5.523 5.540 5.557 5.575 5.592 5.610 5.627 5.645 5.663 5.681
3.038 3.208 3.343 3.452 3.546 3.628 3.704 3.775 3.842 3.907 3.968 4.026 4.081 4.133 4.183 4.231 4.277 4.321 4.362 4.402 4.440 4.477 4.512 4.546 4.579 4.611 4.642 4.672 4.701 4.730 4.758 4.785 4.812 4.839 4.865 4.891 4.915 4.939 4.963 4.987 5.010 5.034 5.057 5.079 5.101 5.123 5.145 5.166 5.187 5.208 5.228 5.249 5.268 5.288 5.307 5.326 5.345 5.363 5.381 5.398 5.415 5.432 5.448 5.465 5.482 5.499 5.516 5.532 5.549 5.566 5.583 5.600 5.617 5.634 5.651 5.668 5.686
3.128 3.278 3.397 3.496 3.583 3.661 3.733 3.802 3.867 3.930 3.990 4.048 4.103 4.154 4.204 4.252 4.297 4.341 4.382 4.422 4.460 4.496 4.531 4.565 4.597 4.629 4.660 4.690 4.719 4.747 4.775 4.802 4.829 4.855 4.881 4.907 4.931 4.954 4.978 5.002 5.025 5.049 5.071 5.094 5.116 5.138 5.159 5.181 5.201 5.222 5.242 5.263 5.282 5.302 5.321 5.340 5.358 5.376 5.394 5.411 5.428 5.444 5.461 5.478 5.494 5.510 5.527 5.543 5.559 5.575 5.592 5.608 5.624 5.641 5.658 5.674 5.691
3.208 3.339 3.446 3.536 3.617 3.691 3.761 3.827 3.891 3.952 4.012 4.069 4.122 4.173 4.223 4.271 4.316 4.360 4.401 4.441 4.479 4.515 4.550 4.583 4.616 4.647 4.678 4.707 4.736 4.764 4.792 4.819 4.846 4.872 4.897 4.922 4.946 4.969 4.993 5.017 5.040 5.063 5.086 5.108 5.130 5.152 5.173 5.194 5.215 5.236 5.256 5.276 5.296 5.315 5.334 5.353 5.372 5.390 5.408 5.425 5.441 5.457 5.474 5.490 5.506 5.523 5.538 5.554 5.570 5.586 5.601 5.617 5.633 5.649 5.665 5.681 5.698
3.277 3.393 3.489 3.573 3.649 3.720 3.787 3.851 3.914 3.974 4.032 4.088 4.141 4.192 4.242 4.289 4.335 4.378 4.419 4.459 4.497 4.533 4.568 4.601 4.634 4.665 4.695 4.724 4.753 4.781 4.809 4.835 4.862 4.887 4.913 4.937 4.961 4.984 5.008 5.031 5.054 5.077 5.100 5.122 5.144 5.165 5.187 5.208 5.229 5.249 5.270 5.289 5.309 5.329 5.348 5.367 5.385 5.403 5.421 5.438 5.454 5.470 5.487 5.503 5.519 5.535 5.551 5.566 5.582 5.597 5.612 5.627 5.643 5.658 5.673 5.689 5.705
3.338 3.441 3.529 3.608 3.679 3.747 3.812 3.875 3.935 3.994 4.051 4.107 4.159 4.210 4.259 4.307 4.352 4.396 4.437 4.477 4.514 4.551 4.585 4.619 4.651 4.682 4.712 4.741 4.770 4.798 4.825 4.851 4.877 4.903 4.928 4.953 4.976 4.999 5.022 5.046 5.068 5.091 5.113 5.135 5.157 5.179 5.200 5.221 5.242 5.262 5.282 5.302 5.322 5.342 5.361 5.380 5.398 5.416 5.434 5.451 5.467 5.484 5.500 5.516 5.532 5.548 5.563 5.579 5.594 5.609 5.624 5.638 5.653 5.668 5.683 5.698 5.713
3.392 3.485 3.567 3.640 3.709 3.774 3.836 3.897 3.956 4.014 4.070 4.125 4.177 4.227 4.276 4.324 4.369 4.412 4.454 4.494 4.531 4.568 4.603 4.636 4.668 4.699 4.729 4.758 4.786 4.814 4.841 4.867 4.893 4.918 4.943 4.968 4.990 5.013 5.037 5.059 5.082 5.105 5.127 5.149 5.170 5.192 5.213 5.234 5.254 5.275 5.295 5.315 5.335 5.354 5.373 5.392 5.411 5.429 5.447 5.464 5.480 5.496 5.513 5.529 5.545 5.561 5.576 5.591 5.606 5.621 5.636 5.650 5.665 5.679 5.693 5.708 5.722
3.440 3.526 3.602 3.671 3.737 3.799 3.860 3.919 3.977 4.033 4.088 4.142 4.193 4.243 4.292 4.340 4.385 4.428 4.470 4.510 4.548 4.584 4.619 4.653 4.685 4.716 4.746 4.775 4.803 4.830 4.857 4.883 4.909 4.934 4.959 4.982 5.004 5.027 5.050 5.073 5.096 5.118 5.140 5.162 5.183 5.204 5.225 5.246 5.267 5.287 5.307 5.327 5.347 5.366 5.385 5.404 5.423 5.441 5.459 5.476 5.492 5.509 5.526 5.542 5.558 5.574 5.589 5.604 5.619 5.634 5.648 5.662 5.677 5.691 5.704 5.718 5.732
