version1/TsunamiDB/out54021.asc
ncols          264
nrows          230
xllcorner      497853.4375
yllcorner      4229146.0000
cellsize         5.
NODATA_value   -99
[rows 93 to 123 of 230, columns 142 to 212 of 264]
-99.000 -99.000 -99.000 -99.000 -99.000 -99.000 -99.000 1.644 1.654 1.721 1.888 2.145 2.460 2.798 3.122 3.411 3.653 3.849 4.006 4.132 4.236 4.324 4.400 4.468 4.531 4.589 4.643 4.694 4.742 4.787 4.829 4.870 4.909 4.947 4.983 5.019 5.052 5.085 5.117 5.147 5.177 5.205 5.232 5.258 5.282 5.305 5.327 5.348 5.369 5.390 5.411 5.434 5.458 5.485 5.515 5.549 5.586 5.627 5.671 5.719 5.769 5.823 5.878 5.935 5.993 6.051 6.108 6.163 6.215 6.265 6.312
-99.000 -99.000 -99.000 -99.000 -99.000 -99.000 -99.000 1.645 1.670 1.777 1.984 2.269 2.599 2.935 3.247 3.518 3.741 3.920 4.064 4.180 4.276 4.359 4.432 4.499 4.560 4.617 4.671 4.721 4.769 4.815 4.857 4.898 4.938 4.976 5.013 5.048 5.082 5.116 5.148 5.180 5.210 5.239 5.267 5.293 5.318 5.341 5.363 5.383 5.401 5.419 5.438 5.456 5.477 5.499 5.525 5.555 5.590 5.628 5.671 5.717 5.767 5.820 5.876 5.934 5.994 6.053 6.112 6.169 6.224 6.277 6.326
-99.000 -99.000 -99.000 -99.000 -99.000 -99.000 1.645 1.650 1.702 1.851 2.094 2.402 2.739 3.068 3.365 3.617 3.821 3.985 4.116 4.224 4.314 4.393 4.464 4.528 4.588 4.644 4.697 4.747 4.795 4.841 4.883 4.924 4.964 5.003 5.040 5.076 5.111 5.145 5.178 5.210 5.242 5.272 5.301 5.329 5.354 5.378 5.400 5.420 5.438 5.454 5.470 5.486 5.502 5.520 5.542 5.569 5.600 5.635 5.676 5.721 5.770 5.823 5.880 5.938 5.998 6.059 6.120 6.180 6.237 6.292 6.344
-99.000 -99.000 -99.000 -99.000 -99.000 -99.000 1.646 1.662 1.750 1.941 2.214 2.540 2.878 3.197 3.476 3.708 3.895 4.044 4.165 4.265 4.350 4.425 4.493 4.556 4.615 4.670 4.722 4.772 4.820 4.865 4.908 4.949 4.990 5.028 5.066 5.102 5.138 5.173 5.206 5.240 5.272 5.304 5.334 5.363 5.390 5.415 5.438 5.459 5.477 5.493 5.507 5.520 5.533 5.548 5.566 5.589 5.616 5.649 5.687 5.730 5.778 5.830 5.887 5.946 6.007 6.069 6.132 6.193 6.253 6.310 6.364
-99.000 -99.000 -99.000 -99.000 -99.000 1.645 1.648 1.686 1.817 2.046 2.345 2.680 3.014 3.319 3.579 3.792 3.962 4.099 4.210 4.304 4.385 4.457 4.522 4.583 4.641 4.695 4.747 4.796 4.844 4.889 4.931 4.973 5.013 5.052 5.090 5.127 5.163 5.198 5.233 5.267 5.300 5.333 5.365 5.395 5.424 5.451 5.476 5.497 5.516 5.533 5.547 5.559 5.570 5.581 5.597 5.615 5.639 5.668 5.703 5.744 5.790 5.841 5.897 5.956 6.018 6.082 6.145 6.209 6.271 6.329 6.386
-99.000 -99.000 -99.000 -99.000 -99.000 1.645 1.656 1.727 1.901 2.162 2.482 2.821 3.146 3.433 3.674 3.868 4.024 4.149 4.252 4.340 4.417 4.486 4.550 4.610 4.666 4.720 4.771 4.820 4.867 4.912 4.954 4.995 5.036 5.075 5.113 5.150 5.186 5.222 5.257 5.292 5.326 5.360 5.393 5.425 5.455 5.484 5.510 5.534 5.555 5.572 5.587 5.599 5.609 5.619 5.632 5.647 5.667 5.693 5.724 5.762 5.806 5.855 5.910 5.969 6.031 6.095 6.161 6.226 6.289 6.350 6.409
-99.000 -99.000 -99.000 -99.000 -99.000 1.647 1.675 1.787 2.000 2.289 2.622 2.959 3.271 3.540 3.761 3.938 4.080 4.195 4.291 4.374 4.448 4.515 4.578 4.636 4.692 4.745 4.795 4.843 4.890 4.934 4.975 5.017 5.057 5.096 5.134 5.171 5.208 5.244 5.279 5.314 5.349 5.384 5.418 5.451 5.483 5.513 5.542 5.567 5.590 5.609 5.626 5.639 5.650 5.660 5.671 5.684 5.701 5.723 5.751 5.785 5.826 5.873 5.926 5.984 6.046 6.110 6.176 6.243 6.309 6.373 6.435
-99.000 -99.000 -99.000 -99.000 1.645 1.652 1.709 1.864 2.112 2.424 2.764 3.094 3.389 3.638 3.840 4.002 4.132 4.238 4.328 4.407 4.478 4.543 4.604 4.662 4.716 4.769 4.818 4.866 4.912 4.955 4.997 5.039 5.078 5.117 5.155 5.192 5.228 5.264 5.300 5.335 5.370 5.405 5.440 5.474 5.507 5.539 5.569 5.597 5.622 5.643 5.662 5.678 5.690 5.701 5.712 5.725 5.740 5.759 5.783 5.813 5.850 5.894 5.945 6.001 6.062 6.127 6.194 6.262 6.330 6.397 6.464
-99.000 -99.000 -99.000 -99.000 1.646 1.665 1.760 1.957 2.235 2.564 2.904 3.222 3.499 3.729 3.913 4.060 4.179 4.278 4.363 4.438 4.506 4.570 4.630 4.686 4.740 4.792 4.842 4.889 4.935 4.978 5.019 5.060 5.100 5.138 5.176 5.212 5.248 5.284 5.320 5.355 5.390 5.425 5.460 5.495 5.528 5.561 5.593 5.622 5.649 5.673 5.694 5.713 5.728 5.741 5.754 5.768 5.782 5.799 5.821 5.847 5.881 5.920 5.967 6.021 6.081 6.145 6.212 6.282 6.353 6.425 6.497
-99.000 -99.000 -99.000 1.645 1.649 1.692 1.829 2.063 2.367 2.706 3.041 3.344 3.602 3.812 3.980 4.114 4.223 4.315 4.396 4.467 4.534 4.596 4.654 4.710 4.764 4.815 4.864 4.912 4.957 5.000 5.041 5.082 5.121 5.159 5.197 5.233 5.269 5.304 5.339 5.374 5.409 5.444 5.478 5.513 5.547 5.580 5.613 5.643 5.672 5.699 5.723 5.744 5.763 5.779 5.795 5.811 5.826 5.843 5.863 5.887 5.916 5.952 5.995 6.045 6.102 6.165 6.233 6.303 6.378 6.455 6.531
-99.000 -99.000 -99.000 1.645 1.658 1.736 1.916 2.182 2.506 2.847 3.172 3.458 3.696 3.888 4.041 4.163 4.265 4.351 4.427 4.496 4.560 4.620 4.678 4.733 4.786 4.837 4.887 4.934 4.979 5.022 5.063 5.104 5.143 5.181 5.218 5.254 5.290 5.325 5.359 5.393 5.428 5.462 5.496 5.530 5.563 5.597 5.630 5.661 5.692 5.720 5.747 5.772 5.794 5.814 5.834 5.853 5.872 5.890 5.909 5.931 5.957 5.989 6.027 6.073 6.127 6.189 6.257 6.328 6.406 6.486 6.567
-99.000 -99.000 1.645 1.647 1.679 1.799 2.017 2.311 2.647 2.986 3.297 3.564 3.783 3.957 4.097 4.209 4.304 4.385 4.457 4.524 4.586 4.645 4.701 4.756 4.808 4.859 4.908 4.955 5.001 5.044 5.085 5.126 5.166 5.204 5.241 5.277 5.312 5.346 5.380 5.414 5.447 5.480 5.513 5.546 5.579 5.612 5.645 5.677 5.708 5.738 5.767 5.795 5.821 5.846 5.870 5.894 5.916 5.937 5.958 5.979 6.004 6.032 6.066 6.108 6.158 6.218 6.284 6.356 6.435 6.517 6.602
-99.000 -99.000 1.645 1.653 1.715 1.878 2.130 2.447 2.789 3.120 3.414 3.662 3.861 4.021 4.148 4.252 4.340 4.417 4.487 4.551 4.611 4.669 4.724 4.778 4.830 4.880 4.929 4.976 5.022 5.065 5.107 5.148 5.188 5.227 5.264 5.300 5.335 5.369 5.402 5.435 5.467 5.499 5.531 5.562 5.594 5.626 5.658 5.690 5.722 5.754 5.785 5.816 5.845 5.874 5.904 5.932 5.959 5.984 6.007 6.030 6.053 6.080 6.110 6.147 6.194 6.251 6.316 6.387 6.466 6.550 6.638
-99.000 -99.000 1.646 1.668 1.770 1.973 2.255 2.587 2.929 3.247 3.523 3.751 3.933 4.078 4.195 4.292 4.375 4.449 4.515 4.577 4.636 4.692 4.747 4.799 4.851 4.900 4.949 4.996 5.042 5.086 5.128 5.170 5.210 5.249 5.287 5.324 5.359 5.393 5.425 5.457 5.488 5.519 5.549 5.579 5.609 5.640 5.671 5.703 5.735 5.767 5.800 5.834 5.867 5.900 5.934 5.967 5.999 6.028 6.055 6.081 6.105 6.131 6.159 6.192 6.235 6.291 6.352 6.422 6.501 6.585 6.675
-99.000 1.645 1.650 1.698 1.842 2.081 2.388 2.730 3.065 3.367 3.624 3.832 3.998 4.131 4.239 4.330 4.409 4.479 4.543 4.604 4.661 4.716 4.769 4.821 4.871 4.920 4.969 5.016 5.062 5.106 5.148 5.191 5.232 5.272 5.310 5.347 5.383 5.417 5.449 5.481 5.511 5.540 5.568 5.597 5.625 5.654 5.684 5.715 5.747 5.780 5.814 5.850 5.886 5.923 5.961 5.999 6.036 6.070 6.102 6.130 6.157 6.183 6.210 6.243 6.285 6.338 6.396 6.464 6.541 6.624 6.714
-99.000 1.646 1.660 1.744 1.931 2.202 2.527 2.871 3.195 3.480 3.716 3.906 4.057 4.179 4.280 4.365 4.441 4.508 4.571 4.630 4.686 4.739 4.791 4.842 4.892 4.940 4.988 5.035 5.081 5.125 5.168 5.211 5.253 5.294 5.333 5.371 5.407 5.441 5.474 5.505 5.534 5.562 5.589 5.615 5.642 5.669 5.697 5.727 5.758 5.792 5.828 5.865 5.904 5.944 5.986 6.029 6.069 6.109 6.145 6.178 6.208 6.237 6.266 6.300 6.341 6.391 6.446 6.511 6.585 6.666 6.753
1.645 1.648 1.683 1.809 2.034 2.331 2.670 3.009 3.319 3.583 3.800 3.973 4.111 4.224 4.318 4.399 4.471 4.537 4.598 4.655 4.710 4.763 4.814 4.863 4.912 4.960 5.007 5.053 5.099 5.143 5.187 5.230 5.273 5.314 5.355 5.394 5.431 5.466 5.499 5.530 5.559 5.585 5.611 5.636 5.660 5.685 5.712 5.740 5.771 5.805 5.841 5.880 5.921 5.964 6.010 6.056 6.101 6.144 6.186 6.224 6.258 6.291 6.324 6.360 6.400 6.448 6.502 6.564 6.634 6.711 6.795
1.645 1.655 1.722 1.891 2.149 2.469 2.812 3.143 3.435 3.680 3.877 4.034 4.161 4.265 4.353 4.430 4.500 4.564 4.623 4.680 4.734 4.786 4.836 4.885 4.933 4.980 5.026 5.072 5.117 5.161 5.205 5.249 5.292 5.334 5.376 5.416 5.454 5.490 5.524 5.555 5.583 5.610 5.634 5.657 5.680 5.703 5.728 5.755 5.785 5.818 5.855 5.896 5.938 5.984 6.032 6.081 6.130 6.178 6.224 6.267 6.308 6.345 6.382 6.420 6.462 6.510 6.562 6.621 6.688 6.761 6.842
1.646 1.672 1.779 1.988 2.275 2.612 2.953 3.271 3.544 3.768 3.948 4.091 4.207 4.303 4.386 4.460 4.527 4.590 4.648 4.704 4.757 4.808 4.858 4.906 4.953 4.999 5.045 5.090 5.135 5.179 5.223 5.267 5.310 5.354 5.396 5.437 5.476 5.513 5.548 5.579 5.608 5.634 5.658 5.680 5.701 5.723 5.746 5.772 5.801 5.834 5.871 5.912 5.956 6.003 6.054 6.106 6.158 6.210 6.261 6.310 6.355 6.398 6.440 6.481 6.525 6.573 6.625 6.683 6.747 6.817 6.895
1.651 1.703 1.854 2.099 2.411 2.756 3.091 3.392 3.645 3.850 4.013 4.143 4.250 4.340 4.418 4.489 4.553 4.614 4.672 4.727 4.779 4.830 4.879 4.927 4.973 5.019 5.064 5.109 5.153 5.197 5.240 5.285 5.329 5.372 5.415 5.457 5.497 5.535 5.571 5.604 5.633 5.660 5.683 5.705 5.725 5.746 5.768 5.793 5.821 5.853 5.890 5.931 5.975 6.023 6.076 6.131 6.186 6.241 6.296 6.350 6.401 6.449 6.495 6.540 6.586 6.636 6.689 6.748 6.811 6.879 6.954
1.663 1.753 1.946 2.222 2.554 2.900 3.224 3.507 3.739 3.926 4.073 4.192 4.290 4.374 4.449 4.516 4.579 4.638 4.694 4.748 4.801 4.851 4.900 4.947 4.993 5.038 5.083 5.127 5.171 5.214 5.258 5.302 5.346 5.390 5.434 5.476 5.517 5.557 5.594 5.628 5.658 5.686 5.710 5.731 5.752 5.772 5.793 5.817 5.844 5.876 5.912 5.952 5.995 6.045 6.099 6.156 6.213 6.272 6.331 6.389 6.445 6.498 6.549 6.597 6.647 6.699 6.755 6.815 6.879 6.947 7.021
1.688 1.821 2.052 2.355 2.700 3.042 3.351 3.614 3.827 3.996 4.130 4.239 4.329 4.408 4.478 4.543 4.603 4.661 4.716 4.769 4.821 4.871 4.919 4.966 5.012 5.057 5.101 5.145 5.189 5.231 5.275 5.319 5.363 5.408 5.451 5.495 5.537 5.577 5.615 5.651 5.683 5.711 5.737 5.759 5.780 5.801 5.822 5.845 5.872 5.902 5.937 5.976 6.019 6.069 6.123 6.182 6.241 6.302 6.365 6.427 6.487 6.545 6.600 6.652 6.705 6.761 6.820 6.884 6.950 7.019 7.095
1.731 1.907 2.172 2.498 2.848 3.181 3.472 3.713 3.907 4.060 4.183 4.282 4.367 4.441 4.508 4.569 4.628 4.684 4.737 4.789 4.840 4.889 4.937 4.984 5.029 5.074 5.118 5.162 5.205 5.248 5.292 5.336 5.380 5.424 5.468 5.512 5.555 5.596 5.635 5.672 5.706 5.736 5.763 5.788 5.811 5.832 5.854 5.878 5.904 5.933 5.967 6.004 6.047 6.095 6.149 6.209 6.270 6.333 6.399 6.464 6.528 6.591 6.649 6.705 6.762 6.821 6.885 6.954 7.024 7.096 7.173
1.793 2.010 2.304 2.647 2.995 3.313 3.584 3.806 3.981 4.120 4.232 4.325 4.404 4.473 4.537 4.596 4.652 4.706 4.758 4.809 4.859 4.907 4.954 5.001 5.046 5.090 5.134 5.178 5.221 5.264 5.307 5.351 5.395 5.439 5.484 5.528 5.571 5.613 5.654 5.692 5.727 5.760 5.789 5.816 5.841 5.865 5.889 5.913 5.939 5.968 6.000 6.036 6.077 6.124 6.178 6.239 6.301 6.365 6.433 6.501 6.569 6.635 6.697 6.757 6.817 6.881 6.950 7.025 7.100 7.176 7.257
1.874 2.127 2.446 2.798 3.138 3.439 3.689 3.891 4.050 4.177 4.279 4.365 4.439 4.506 4.567 4.623 4.678 4.730 4.780 4.829 4.877 4.925 4.971 5.017 5.061 5.106 5.149 5.193 5.235 5.277 5.321 5.365 5.409 5.453 5.497 5.542 5.586 5.628 5.670 5.709 5.747 5.782 5.814 5.844 5.872 5.898 5.924 5.950 5.977 6.006 6.038 6.072 6.111 6.158 6.211 6.271 6.334 6.399 6.469 6.539 6.610 6.679 6.745 6.809 6.875 6.943 7.017 7.098 7.180 7.262 7.347
1.973 2.257 2.597 2.950 3.276 3.557 3.786 3.969 4.114 4.229 4.324 4.404 4.475 4.538 4.597 4.651 4.704 4.754 4.802 4.850 4.897 4.942 4.988 5.032 5.076 5.120 5.163 5.206 5.248 5.290 5.333 5.377 5.420 5.464 5.509 5.553 5.597 5.641 5.683 5.724 5.763 5.800 5.836 5.869 5.900 5.930 5.959 5.988 6.017 6.047 6.078 6.112 6.150 6.196 6.248 6.307 6.369 6.435 6.506 6.578 6.650 6.722 6.793 6.863 6.933 7.005 7.085 7.174 7.264 7.352 7.442
2.087 2.400 2.752 3.099 3.408 3.667 3.876 4.041 4.172 4.279 4.367 4.443 4.510 4.571 4.627 4.680 4.730 4.779 4.826 4.872 4.917 4.961 5.005 5.048 5.091 5.134 5.177 5.219 5.260 5.301 5.344 5.387 5.430 5.473 5.517 5.562 5.606 5.650 5.693 5.735 5.776 5.816 5.854 5.891 5.927 5.961 5.994 6.026 6.057 6.089 6.121 6.155 6.193 6.237 6.288 6.346 6.407 6.473 6.544 6.617 6.691 6.766 6.843 6.918 6.994 7.070 7.156 7.255 7.351 7.444 7.539
2.217 2.552 2.909 3.242 3.532 3.769 3.958 4.108 4.228 4.325 4.408 4.480 4.544 4.603 4.658 4.709 4.758 4.805 4.850 4.895 4.938 4.981 5.023 5.065 5.107 5.149 5.190 5.231 5.272 5.312 5.354 5.395 5.438 5.480 5.524 5.567 5.611 5.656 5.699 5.743 5.786 5.828 5.870 5.910 5.950 5.988 6.025 6.061 6.096 6.131 6.165 6.200 6.238 6.281 6.332 6.389 6.449 6.513 6.584 6.658 6.734 6.813 6.895 6.976 7.058 7.138 7.230 7.336 7.438 7.536 7.630
2.360 2.711 3.063 3.380 3.648 3.863 4.035 4.170 4.279 4.370 4.448 4.516 4.578 4.635 4.688 4.738 4.786 4.832 4.876 4.919 4.961 5.003 5.043 5.084 5.124 5.165 5.205 5.245 5.284 5.323 5.363 5.404 5.444 5.486 5.528 5.571 5.614 5.659 5.703 5.748 5.792 5.837 5.881 5.926 5.969 6.012 6.054 6.094 6.133 6.171 6.209 6.246 6.284 6.327 6.377 6.433 6.492 6.555 6.626 6.701 6.780 6.862 6.949 7.037 7.124 7.207 7.302 7.415 7.523 7.622 7.710
2.513 2.872 3.212 3.509 3.755 3.950 4.105 4.228 4.328 4.413 4.486 4.552 4.611 4.667 4.719 4.768 4.815 4.860 4.903 4.945 4.986 5.026 5.065 5.104 5.143 5.182 5.221 5.260 5.297 5.335 5.373 5.412 5.451 5.490 5.531 5.573 5.615 5.659 5.704 5.749 5.796 5.842 5.890 5.937 5.985 6.033 6.079 6.124 6.167 6.210 6.251 6.290 6.330 6.374 6.423 6.478 6.537 6.599 6.671 6.747 6.827 6.914 7.006 7.100 7.191 7.275 7.372 7.491 7.601 7.696 7.780
2.675 3.030 3.354 3.630 3.854 4.030 4.170 4.282 4.375 4.454 4.524 4.587 4.645 4.699 4.750 4.798 4.844 4.888 4.930 4.971 5.011 5.050 5.089 5.127 5.164 5.202 5.239 5.277 5.313 5.349 5.385 5.421 5.458 5.495 5.534 5.574 5.615 5.658 5.703 5.749 5.796 5.845 5.895 5.946 5.998 6.049 6.100 6.150 6.198 6.244 6.289 6.332 6.374 6.419 6.468 6.524 6.583 6.646 6.718 6.796 6.879 6.969 7.066 7.164 7.258 7.339 7.438 7.558 7.666 7.759 7.838
