version1/TsunamiDB/out54000.asc
ncols          264
nrows          230
xllcorner      497853.4375
yllcorner      4229146.0000
cellsize         5.
NODATA_value   -99
[rows 186 to 216 of 230, columns 138 to 206 of 264]
-99.000 -99.000 -99.000 -99.000 -99.000 -99.000 -99.000 -99.000 -99.000 -99.000 -99.000 -99.000 -99.000 -99.000 -99.000 -99.000 -99.000 -99.000 -99.000 -99.000 -99.000 -99.000 -99.000 -99.000 1.644 1.646 1.691 1.840 2.107 2.456 2.852 3.297 3.744 4.143 4.439 4.649 4.804 4.914 4.950 4.952 5.066 5.173 5.201 5.225 5.247 5.276 5.300 5.317 5.329 5.327 5.434 5.550 5.557 5.549 5.536 5.524 5.510 5.496 5.470 5.420 5.471 5.569 5.585 5.565 5.527 5.483 5.430 5.361 5.302
-99.000 -99.000 -99.000 -99.000 -99.000 -99.000 -99.000 -99.000 -99.000 -99.000 -99.000 -99.000 -99.000 -99.000 -99.000 -99.000 -99.000 -99.000 -99.000 -99.000 -99.000 -99.000 -99.000 -99.000 1.645 1.657 1.739 1.936 2.233 2.606 3.019 3.470 3.914 4.287 4.551 4.739 4.866 4.939 4.966 4.986 5.105 5.207 5.234 5.258 5.281 5.317 5.345 5.363 5.374 5.368 5.475 5.597 5.609 5.599 5.581 5.567 5.546 5.518 5.477 5.419 5.463 5.556 5.569 5.545 5.501 5.452 5.395 5.334 5.293
-99.000 -99.000 -99.000 -99.000 -99.000 -99.000 -99.000 -99.000 -99.000 -99.000 -99.000 -99.000 -99.000 -99.000 -99.000 -99.000 -99.000 -99.000 -99.000 -99.000 -99.000 -99.000 -99.000 1.644 1.646 1.678 1.806 2.043 2.370 2.762 3.185 3.637 4.068 4.404 4.635 4.793 4.890 4.947 4.989 5.021 5.140 5.238 5.264 5.286 5.314 5.358 5.390 5.412 5.422 5.411 5.520 5.650 5.664 5.651 5.630 5.609 5.574 5.530 5.479 5.411 5.448 5.536 5.545 5.514 5.465 5.414 5.361 5.318 5.290
-99.000 -99.000 -99.000 -99.000 -99.000 -99.000 -99.000 -99.000 -99.000 -99.000 -99.000 -99.000 -99.000 -99.000 -99.000 -99.000 -99.000 -99.000 -99.000 -99.000 -99.000 -99.000 -99.000 1.643 1.651 1.715 1.890 2.165 2.518 2.927 3.357 3.809 4.212 4.505 4.702 4.829 4.911 4.972 5.026 5.063 5.177 5.276 5.293 5.315 5.351 5.399 5.437 5.463 5.471 5.458 5.570 5.705 5.718 5.701 5.676 5.642 5.593 5.536 5.472 5.396 5.426 5.507 5.510 5.476 5.425 5.377 5.337 5.309 5.288
-99.000 -99.000 -99.000 -99.000 -99.000 -99.000 -99.000 -99.000 -99.000 -99.000 -99.000 -99.000 -99.000 -99.000 -99.000 -99.000 -99.000 -99.000 -99.000 -99.000 -99.000 -99.000 -99.000 1.644 1.666 1.772 1.991 2.299 2.675 3.097 3.535 3.976 4.340 4.590 4.749 4.855 4.935 5.009 5.072 5.105 5.212 5.306 5.322 5.347 5.385 5.439 5.483 5.512 5.524 5.508 5.618 5.755 5.768 5.747 5.711 5.667 5.607 5.535 5.459 5.375 5.397 5.471 5.471 5.435 5.388 5.350 5.322 5.302 5.290
-99.000 -99.000 -99.000 -99.000 -99.000 -99.000 -99.000 -99.000 -99.000 -99.000 -99.000 -99.000 -99.000 -99.000 -99.000 -99.000 -99.000 -99.000 -99.000 -99.000 -99.000 -99.000 1.643 1.647 1.696 1.850 2.108 2.448 2.845 3.279 3.719 4.137 4.449 4.652 4.779 4.875 4.962 5.052 5.117 5.140 5.242 5.338 5.355 5.377 5.419 5.477 5.522 5.560 5.574 5.551 5.659 5.799 5.812 5.783 5.738 5.685 5.611 5.527 5.441 5.349 5.363 5.432 5.431 5.398 5.359 5.330 5.310 5.300 5.294
-99.000 -99.000 -99.000 -99.000 -99.000 -99.000 -99.000 -99.000 -99.000 -99.000 -99.000 -99.000 -99.000 -99.000 -99.000 -99.000 -99.000 -99.000 -99.000 -99.000 -99.000 -99.000 1.646 1.659 1.745 1.947 2.244 2.613 3.030 3.475 3.911 4.289 4.542 4.704 4.810 4.902 5.002 5.103 5.161 5.170 5.270 5.375 5.384 5.405 5.451 5.507 5.557 5.603 5.618 5.590 5.696 5.838 5.844 5.808 5.756 5.692 5.608 5.513 5.416 5.317 5.328 5.393 5.392 5.367 5.336 5.313 5.302 5.299 5.296
-99.000 -99.000 -99.000 -99.000 -99.000 -99.000 -99.000 -99.000 -99.000 -99.000 -99.000 -99.000 -99.000 -99.000 -99.000 -99.000 -99.000 -99.000 -99.000 -99.000 -99.000 -99.000 1.652 1.689 1.823 2.067 2.396 2.791 3.226 3.680 4.099 4.424 4.628 4.757 4.845 4.941 5.051 5.151 5.199 5.192 5.293 5.396 5.403 5.428 5.472 5.529 5.586 5.634 5.652 5.618 5.719 5.857 5.858 5.816 5.755 5.684 5.591 5.484 5.378 5.278 5.285 5.349 5.354 5.335 5.311 5.298 5.294 5.293 5.291
-99.000 -99.000 -99.000 -99.000 -99.000 -99.000 -99.000 -99.000 -99.000 -99.000 -99.000 -99.000 -99.000 -99.000 -99.000 -99.000 -99.000 -99.000 -99.000 -99.000 -99.000 1.649 1.660 1.732 1.917 2.202 2.567 2.990 3.444 3.898 4.285 4.553 4.716 4.822 4.901 4.998 5.100 5.188 5.227 5.211 5.314 5.419 5.431 5.456 5.499 5.554 5.606 5.655 5.675 5.634 5.728 5.861 5.859 5.811 5.744 5.667 5.568 5.454 5.344 5.244 5.252 5.318 5.327 5.312 5.294 5.287 5.287 5.287 5.286
-99.000 -99.000 -99.000 -99.000 -99.000 -99.000 -99.000 -99.000 -99.000 -99.000 -99.000 -99.000 -99.000 -99.000 -99.000 -99.000 -99.000 -99.000 -99.000 -99.000 1.652 1.656 1.684 1.804 2.034 2.357 2.754 3.204 3.674 4.118 4.459 4.676 4.810 4.907 4.983 5.076 5.167 5.250 5.284 5.255 5.357 5.460 5.468 5.490 5.529 5.579 5.628 5.683 5.706 5.651 5.736 5.867 5.863 5.809 5.739 5.657 5.552 5.433 5.317 5.220 5.230 5.297 5.309 5.297 5.284 5.282 5.282 5.284 5.284
-99.000 -99.000 -99.000 -99.000 -99.000 -99.000 -99.000 -99.000 -99.000 -99.000 -99.000 -99.000 -99.000 -99.000 -99.000 -99.000 -99.000 -99.000 -99.000 -99.000 -99.000 1.668 1.725 1.892 2.165 2.523 2.952 3.428 3.909 4.328 4.619 4.795 4.916 5.016 5.093 5.176 5.252 5.341 5.344 5.302 5.403 5.497 5.503 5.526 5.566 5.611 5.661 5.726 5.732 5.660 5.742 5.868 5.858 5.802 5.728 5.638 5.529 5.401 5.287 5.200 5.213 5.280 5.294 5.287 5.278 5.275 5.278 5.281 5.280
-99.000 -99.000 -99.000 -99.000 -99.000 -99.000 -99.000 -99.000 -99.000 -99.000 -99.000 -99.000 -99.000 -99.000 -99.000 -99.000 -99.000 -99.000 -99.000 -99.000 1.658 1.680 1.780 1.991 2.302 2.698 3.163 3.665 4.138 4.513 4.761 4.910 5.032 5.135 5.203 5.281 5.341 5.378 5.364 5.346 5.441 5.528 5.541 5.569 5.609 5.659 5.710 5.746 5.727 5.659 5.736 5.852 5.842 5.784 5.702 5.607 5.491 5.369 5.272 5.189 5.200 5.267 5.286 5.282 5.272 5.270 5.274 5.277 5.278
-99.000 -99.000 -99.000 -99.000 -99.000 -99.000 -99.000 -99.000 -99.000 -99.000 -99.000 -99.000 -99.000 -99.000 -99.000 -99.000 -99.000 -99.000 -99.000 1.659 1.661 1.706 1.851 2.105 2.453 2.888 3.387 3.897 4.336 4.652 4.865 5.000 5.125 5.224 5.282 5.345 5.372 5.381 5.381 5.370 5.463 5.550 5.573 5.604 5.647 5.693 5.724 5.734 5.709 5.642 5.713 5.823 5.813 5.752 5.667 5.569 5.457 5.351 5.264 5.181 5.192 5.262 5.283 5.278 5.269 5.267 5.270 5.276 5.279
-99.000 -99.000 -99.000 -99.000 -99.000 -99.000 -99.000 -99.000 -99.000 -99.000 -99.000 -99.000 -99.000 -99.000 -99.000 -99.000 -99.000 -99.000 -99.000 1.660 1.670 1.751 1.942 2.236 2.624 3.098 3.622 4.117 4.502 4.755 4.943 5.070 5.189 5.282 5.330 5.372 5.380 5.382 5.383 5.382 5.470 5.561 5.588 5.624 5.665 5.696 5.712 5.710 5.678 5.612 5.678 5.783 5.771 5.711 5.629 5.534 5.434 5.341 5.257 5.177 5.191 5.261 5.281 5.277 5.267 5.264 5.270 5.279 5.284
-99.000 -99.000 -99.000 -99.000 -99.000 -99.000 -99.000 -99.000 -99.000 -99.000 -99.000 -99.000 -99.000 -99.000 -99.000 -99.000 -99.000 -99.000 1.655 1.662 1.688 1.812 2.047 2.381 2.806 3.316 3.849 4.309 4.627 4.827 5.001 5.121 5.232 5.318 5.353 5.384 5.383 5.375 5.380 5.383 5.466 5.554 5.588 5.628 5.657 5.679 5.687 5.673 5.638 5.575 5.635 5.734 5.724 5.670 5.592 5.509 5.421 5.332 5.253 5.177 5.191 5.260 5.281 5.278 5.268 5.267 5.275 5.287 5.297
-99.000 -99.000 -99.000 -99.000 -99.000 -99.000 -99.000 -99.000 -99.000 -99.000 -99.000 -99.000 -99.000 -99.000 -99.000 -99.000 -99.000 -99.000 -99.000 1.667 1.722 1.892 2.168 2.540 3.003 3.540 4.062 4.462 4.714 4.876 5.039 5.160 5.253 5.329 5.363 5.388 5.377 5.365 5.369 5.369 5.447 5.538 5.575 5.609 5.631 5.647 5.647 5.629 5.593 5.530 5.586 5.683 5.678 5.630 5.564 5.491 5.409 5.326 5.251 5.177 5.191 5.260 5.282 5.281 5.273 5.275 5.285 5.302 5.317
-99.000 -99.000 -99.000 -99.000 -99.000 -99.000 -99.000 -99.000 -99.000 -99.000 -99.000 -99.000 -99.000 -99.000 -99.000 -99.000 -99.000 -99.000 1.656 1.680 1.773 1.990 2.304 2.715 3.218 3.771 4.255 4.576 4.776 4.909 5.062 5.181 5.250 5.321 5.356 5.374 5.360 5.343 5.342 5.342 5.419 5.512 5.546 5.577 5.595 5.603 5.600 5.580 5.542 5.483 5.539 5.635 5.633 5.597 5.540 5.473 5.399 5.321 5.245 5.173 5.189 5.258 5.283 5.287 5.284 5.286 5.301 5.324 5.342
-99.000 -99.000 -99.000 -99.000 -99.000 -99.000 -99.000 -99.000 -99.000 -99.000 -99.000 -99.000 -99.000 -99.000 -99.000 -99.000 -99.000 -99.000 1.659 1.704 1.843 2.101 2.457 2.910 3.449 4.000 4.413 4.663 4.825 4.927 5.065 5.166 5.217 5.281 5.310 5.325 5.310 5.289 5.289 5.288 5.364 5.458 5.493 5.524 5.535 5.542 5.539 5.515 5.480 5.427 5.482 5.577 5.584 5.556 5.506 5.449 5.382 5.304 5.229 5.162 5.180 5.250 5.283 5.294 5.294 5.301 5.322 5.347 5.367
-99.000 -99.000 -99.000 -99.000 -99.000 -99.000 -99.000 -99.000 -99.000 -99.000 -99.000 -99.000 -99.000 -99.000 -99.000 -99.000 -99.000 -99.000 1.665 1.744 1.928 2.226 2.622 3.120 3.684 4.202 4.541 4.745 4.885 4.960 5.074 5.164 5.203 5.251 5.272 5.284 5.271 5.251 5.246 5.242 5.321 5.419 5.453 5.478 5.485 5.490 5.485 5.461 5.430 5.380 5.436 5.533 5.545 5.522 5.477 5.427 5.365 5.289 5.217 5.154 5.175 5.250 5.290 5.307 5.313 5.325 5.347 5.373 5.394
-99.000 -99.000 -99.000 -99.000 -99.000 -99.000 -99.000 -99.000 -99.000 -99.000 -99.000 -99.000 -99.000 -99.000 -99.000 -99.000 1.645 1.649 1.681 1.805 2.032 2.370 2.809 3.343 3.911 4.383 4.676 4.863 4.993 5.039 5.148 5.246 5.266 5.295 5.303 5.305 5.284 5.253 5.235 5.227 5.306 5.404 5.433 5.450 5.454 5.455 5.446 5.424 5.394 5.347 5.405 5.501 5.515 5.495 5.458 5.413 5.353 5.280 5.208 5.151 5.178 5.257 5.304 5.327 5.341 5.357 5.378 5.405 5.428
-99.000 -99.000 -99.000 -99.000 -99.000 -99.000 -99.000 -99.000 -99.000 -99.000 -99.000 -99.000 -99.000 -99.000 -99.000 -99.000 1.644 1.650 1.713 1.884 2.152 2.532 3.011 3.566 4.106 4.509 4.765 4.957 5.059 5.086 5.210 5.314 5.321 5.338 5.331 5.320 5.290 5.241 5.219 5.213 5.290 5.386 5.409 5.423 5.422 5.417 5.408 5.386 5.357 5.316 5.375 5.469 5.484 5.468 5.435 5.392 5.336 5.262 5.195 5.149 5.182 5.266 5.319 5.352 5.372 5.390 5.413 5.446 5.463
-99.000 -99.000 -99.000 -99.000 -99.000 -99.000 -99.000 -99.000 -99.000 -99.000 -99.000 -99.000 -99.000 -99.000 -99.000 -99.000 1.648 1.666 1.764 1.978 2.284 2.703 3.219 3.781 4.276 4.614 4.835 4.988 5.071 5.102 5.239 5.347 5.351 5.360 5.342 5.321 5.280 5.235 5.221 5.200 5.271 5.367 5.387 5.395 5.387 5.380 5.369 5.347 5.323 5.287 5.343 5.433 5.452 5.439 5.405 5.363 5.307 5.241 5.190 5.152 5.188 5.277 5.340 5.382 5.408 5.432 5.460 5.485 5.486
-99.000 -99.000 -99.000 -99.000 -99.000 -99.000 -99.000 -99.000 -99.000 -99.000 -99.000 -99.000 -99.000 -99.000 -99.000 -99.000 1.653 1.693 1.833 2.086 2.427 2.879 3.414 3.961 4.398 4.683 4.869 4.992 5.068 5.100 5.247 5.363 5.368 5.370 5.349 5.322 5.277 5.240 5.217 5.183 5.249 5.346 5.361 5.361 5.349 5.340 5.327 5.310 5.290 5.255 5.308 5.397 5.418 5.403 5.369 5.329 5.280 5.230 5.192 5.158 5.198 5.296 5.369 5.416 5.449 5.478 5.502 5.513 5.501
-99.000 -99.000 -99.000 -99.000 -99.000 -99.000 -99.000 -99.000 -99.000 -99.000 -99.000 -99.000 -99.000 -99.000 -99.000 -99.000 1.662 1.733 1.919 2.208 2.585 3.068 3.605 4.122 4.501 4.737 4.894 4.999 5.068 5.103 5.256 5.381 5.381 5.382 5.359 5.325 5.280 5.239 5.204 5.162 5.225 5.317 5.326 5.324 5.309 5.297 5.288 5.274 5.254 5.222 5.274 5.362 5.380 5.365 5.334 5.297 5.261 5.226 5.196 5.170 5.215 5.322 5.400 5.453 5.491 5.518 5.533 5.530 5.504
-99.000 -99.000 -99.000 -99.000 -99.000 -99.000 -99.000 -99.000 -99.000 -99.000 -99.000 -99.000 -99.000 -99.000 -99.000 1.651 1.678 1.791 2.018 2.340 2.748 3.245 3.782 4.257 4.571 4.773 4.910 5.008 5.075 5.107 5.263 5.390 5.392 5.393 5.366 5.331 5.281 5.231 5.189 5.137 5.193 5.283 5.290 5.283 5.268 5.260 5.252 5.237 5.220 5.191 5.241 5.324 5.342 5.330 5.302 5.275 5.251 5.227 5.209 5.189 5.239 5.349 5.431 5.489 5.525 5.547 5.552 5.536 5.497
-99.000 -99.000 -99.000 -99.000 -99.000 -99.000 -99.000 -99.000 -99.000 -99.000 -99.000 -99.000 -99.000 -99.000 -99.000 1.655 1.708 1.867 2.131 2.482 2.916 3.422 3.939 4.357 4.617 4.790 4.913 5.012 5.079 5.107 5.264 5.398 5.404 5.400 5.374 5.337 5.278 5.219 5.165 5.103 5.156 5.243 5.247 5.240 5.230 5.222 5.215 5.202 5.187 5.158 5.205 5.287 5.307 5.299 5.279 5.262 5.247 5.235 5.228 5.211 5.262 5.374 5.460 5.517 5.549 5.564 5.558 5.530 5.480
-99.000 -99.000 -99.000 -99.000 -99.000 -99.000 -99.000 -99.000 -99.000 -99.000 -99.000 -99.000 -99.000 -99.000 1.648 1.667 1.760 1.963 2.260 2.642 3.103 3.618 4.094 4.443 4.658 4.799 4.914 5.016 5.085 5.106 5.262 5.405 5.405 5.400 5.373 5.330 5.266 5.194 5.125 5.060 5.112 5.194 5.200 5.200 5.190 5.183 5.180 5.169 5.152 5.125 5.173 5.255 5.278 5.277 5.264 5.254 5.250 5.249 5.246 5.231 5.283 5.396 5.480 5.534 5.561 5.567 5.552 5.513 5.450
-99.000 -99.000 -99.000 -99.000 -99.000 -99.000 -99.000 -99.000 -99.000 -99.000 -99.000 -99.000 -99.000 1.657 1.659 1.697 1.833 2.078 2.411 2.824 3.316 3.827 4.245 4.521 4.681 4.797 4.911 5.018 5.088 5.086 5.235 5.376 5.376 5.369 5.337 5.294 5.224 5.140 5.063 4.999 5.051 5.135 5.149 5.151 5.143 5.142 5.140 5.128 5.112 5.089 5.138 5.221 5.251 5.257 5.251 5.250 5.255 5.259 5.260 5.245 5.295 5.405 5.485 5.535 5.555 5.554 5.530 5.479 5.406
-99.000 -99.000 -99.000 -99.000 -99.000 -99.000 -99.000 -99.000 -99.000 -99.000 -99.000 -99.000 -99.000 1.658 1.666 1.741 1.929 2.219 2.597 3.052 3.571 4.056 4.393 4.602 4.714 4.810 4.925 5.032 5.095 5.068 5.207 5.348 5.347 5.329 5.295 5.253 5.183 5.094 5.009 4.947 5.005 5.093 5.109 5.111 5.106 5.108 5.106 5.095 5.081 5.061 5.112 5.199 5.235 5.247 5.247 5.253 5.262 5.268 5.271 5.253 5.298 5.404 5.479 5.524 5.538 5.529 5.496 5.436 5.354
-99.000 -99.000 -99.000 -99.000 -99.000 -99.000 -99.000 -99.000 -99.000 -99.000 -99.000 -99.000 1.667 1.669 1.694 1.810 2.041 2.377 2.804 3.302 3.838 4.264 4.514 4.669 4.748 4.861 5.002 5.112 5.161 5.099 5.231 5.366 5.347 5.313 5.277 5.234 5.160 5.062 4.967 4.914 4.977 5.065 5.085 5.087 5.086 5.088 5.085 5.074 5.062 5.045 5.099 5.189 5.231 5.246 5.253 5.262 5.271 5.279 5.283 5.260 5.298 5.398 5.468 5.506 5.515 5.500 5.459 5.390 5.299
-99.000 -99.000 -99.000 -99.000 -99.000 -99.000 -99.000 -99.000 -99.000 -99.000 -99.000 -99.000 1.676 1.682 1.736 1.894 2.166 2.549 3.025 3.561 4.084 4.425 4.602 4.725 4.804 4.942 5.085 5.212 5.211 5.125 5.257 5.371 5.331 5.287 5.246 5.197 5.120 5.005 4.921 4.888 4.953 5.044 5.064 5.069 5.069 5.069 5.065 5.054 5.044 5.033 5.091 5.183 5.228 5.249 5.261 5.270 5.280 5.291 5.290 5.257 5.289 5.383 5.447 5.481 5.484 5.462 5.413 5.336 5.238
