version1/TsunamiDB/out54113.asc
ncols          264
nrows          230
xllcorner      497853.4375
yllcorner      4229146.0000
cellsize         5.
NODATA_value   -99
[rows 68 to 101 of 230, columns 154 to 230 of 264]
6.576 6.585 6.593 6.601 6.609 6.618 6.626 6.634 6.641 6.649 6.657 6.664 6.671 6.678 6.684 6.691 6.697 6.703 6.709 6.715 6.719 6.723 6.727 6.730 6.734 6.737 6.740 6.743 6.746 6.749 6.753 6.756 6.759 6.763 6.767 6.771 6.775 6.780 6.785 6.790 6.795 6.801 6.807 6.813 6.818 6.824 6.830 6.836 6.843 6.850 6.857 6.864 6.871 6.879 6.887 6.895 6.904 6.913 6.922 6.932 6.942 6.952 6.963 6.974 6.986 6.999 7.011 7.023 7.036 7.046 7.051 7.052 7.051 7.058 7.067 7.079 7.101
6.583 6.591 6.599 6.607 6.616 6.624 6.632 6.640 6.648 6.656 6.664 6.671 6.678 6.685 6.692 6.699 6.705 6.711 6.718 6.723 6.727 6.732 6.735 6.739 6.743 6.746 6.749 6.752 6.756 6.759 6.762 6.765 6.769 6.773 6.776 6.781 6.785 6.790 6.794 6.800 6.805 6.812 6.818 6.823 6.829 6.835 6.841 6.848 6.855 6.862 6.869 6.876 6.884 6.892 6.901 6.909 6.918 6.928 6.937 6.947 6.957 6.968 6.979 6.991 7.004 7.016 7.029 7.042 7.054 7.065 7.071 7.071 7.071 7.078 7.087 7.099 7.121
6.589 6.597 6.605 6.614 6.622 6.630 6.639 6.647 6.655 6.663 6.671 6.678 6.686 6.693 6.700 6.707 6.713 6.720 6.726 6.732 6.736 6.740 6.745 6.748 6.752 6.755 6.759 6.762 6.765 6.768 6.772 6.775 6.779 6.782 6.786 6.791 6.795 6.800 6.805 6.810 6.816 6.822 6.829 6.834 6.840 6.847 6.853 6.860 6.867 6.874 6.882 6.889 6.898 6.906 6.915 6.924 6.933 6.943 6.953 6.963 6.974 6.985 6.996 7.009 7.021 7.034 7.047 7.060 7.073 7.084 7.090 7.091 7.091 7.098 7.107 7.120 7.142
6.595 6.603 6.611 6.620 6.628 6.637 6.645 6.653 6.662 6.670 6.678 6.686 6.693 6.700 6.708 6.715 6.721 6.728 6.734 6.740 6.745 6.750 6.754 6.758 6.761 6.765 6.769 6.772 6.775 6.779 6.782 6.785 6.789 6.793 6.797 6.801 6.806 6.810 6.816 6.821 6.827 6.834 6.840 6.846 6.852 6.859 6.865 6.872 6.880 6.887 6.895 6.903 6.911 6.920 6.929 6.938 6.948 6.958 6.968 6.979 6.990 7.001 7.013 7.026 7.039 7.052 7.065 7.079 7.092 7.103 7.110 7.111 7.112 7.119 7.129 7.141 7.164
6.601 6.609 6.617 6.625 6.634 6.643 6.651 6.660 6.668 6.677 6.685 6.693 6.700 6.708 6.715 6.722 6.729 6.736 6.743 6.749 6.754 6.759 6.763 6.767 6.771 6.775 6.779 6.782 6.786 6.789 6.793 6.796 6.800 6.804 6.808 6.812 6.817 6.822 6.827 6.833 6.839 6.845 6.852 6.858 6.865 6.871 6.878 6.885 6.893 6.901 6.909 6.917 6.926 6.935 6.944 6.954 6.964 6.974 6.985 6.995 7.007 7.018 7.030 7.043 7.057 7.070 7.083 7.097 7.110 7.122 7.129 7.131 7.131 7.139 7.149 7.162 7.185
6.606 6.614 6.623 6.631 6.640 6.649 6.657 6.666 6.675 6.683 6.691 6.700 6.708 6.715 6.723 6.730 6.738 6.745 6.752 6.758 6.763 6.768 6.773 6.777 6.781 6.785 6.789 6.793 6.796 6.800 6.804 6.807 6.811 6.815 6.819 6.824 6.829 6.834 6.839 6.845 6.851 6.858 6.864 6.871 6.877 6.884 6.891 6.899 6.906 6.915 6.923 6.931 6.940 6.950 6.959 6.969 6.980 6.990 7.001 7.012 7.023 7.035 7.048 7.061 7.074 7.087 7.101 7.115 7.129 7.141 7.148 7.150 7.151 7.159 7.170 7.183 7.206
6.612 6.620 6.628 6.637 6.646 6.654 6.663 6.672 6.681 6.689 6.698 6.706 6.715 6.723 6.731 6.738 6.746 6.753 6.760 6.767 6.772 6.778 6.783 6.787 6.792 6.796 6.800 6.804 6.808 6.811 6.815 6.819 6.823 6.827 6.831 6.836 6.841 6.846 6.851 6.857 6.864 6.871 6.877 6.884 6.891 6.898 6.905 6.913 6.921 6.929 6.938 6.946 6.956 6.965 6.975 6.985 6.996 7.006 7.017 7.029 7.040 7.052 7.065 7.078 7.092 7.105 7.119 7.133 7.147 7.159 7.167 7.169 7.171 7.179 7.190 7.204 7.227
6.618 6.626 6.634 6.642 6.651 6.660 6.669 6.678 6.687 6.696 6.705 6.713 6.722 6.730 6.738 6.746 6.754 6.761 6.769 6.776 6.782 6.787 6.792 6.797 6.802 6.806 6.811 6.815 6.819 6.823 6.827 6.831 6.835 6.839 6.844 6.848 6.853 6.859 6.864 6.870 6.877 6.884 6.891 6.898 6.904 6.912 6.919 6.927 6.935 6.944 6.953 6.962 6.971 6.981 6.991 7.001 7.012 7.023 7.034 7.046 7.058 7.070 7.082 7.096 7.109 7.123 7.137 7.151 7.165 7.178 7.185 7.188 7.189 7.198 7.210 7.223 7.246
6.623 6.631 6.639 6.648 6.657 6.666 6.675 6.684 6.693 6.702 6.711 6.720 6.728 6.737 6.745 6.754 6.762 6.770 6.778 6.785 6.791 6.797 6.802 6.807 6.812 6.817 6.822 6.826 6.831 6.835 6.839 6.843 6.848 6.852 6.857 6.861 6.866 6.872 6.878 6.884 6.891 6.898 6.905 6.912 6.919 6.926 6.934 6.942 6.950 6.959 6.968 6.977 6.987 6.997 7.007 7.018 7.029 7.040 7.051 7.063 7.075 7.087 7.099 7.113 7.126 7.140 7.154 7.169 7.183 7.195 7.203 7.205 7.206 7.217 7.229 7.242 7.265
6.629 6.637 6.645 6.653 6.662 6.671 6.680 6.689 6.699 6.708 6.717 6.726 6.735 6.744 6.753 6.761 6.769 6.778 6.786 6.794 6.800 6.806 6.812 6.818 6.823 6.828 6.833 6.838 6.842 6.847 6.851 6.856 6.860 6.865 6.870 6.875 6.880 6.885 6.891 6.898 6.905 6.912 6.919 6.926 6.933 6.941 6.949 6.957 6.966 6.975 6.984 6.993 7.003 7.013 7.024 7.035 7.046 7.057 7.069 7.080 7.092 7.104 7.117 7.130 7.143 7.157 7.171 7.186 7.200 7.212 7.219 7.222 7.224 7.235 7.248 7.262 7.286
6.635 6.642 6.650 6.659 6.668 6.677 6.686 6.695 6.704 6.714 6.723 6.732 6.742 6.751 6.760 6.768 6.777 6.786 6.794 6.802 6.809 6.816 6.822 6.828 6.833 6.839 6.844 6.849 6.854 6.859 6.864 6.868 6.873 6.878 6.883 6.888 6.894 6.899 6.905 6.912 6.919 6.927 6.933 6.941 6.948 6.956 6.964 6.973 6.981 6.990 7.000 7.009 7.019 7.030 7.041 7.051 7.063 7.074 7.086 7.098 7.109 7.122 7.134 7.147 7.160 7.174 7.188 7.202 7.216 7.228 7.235 7.238 7.242 7.254 7.268 7.283 7.308
6.641 6.648 6.656 6.664 6.673 6.682 6.691 6.701 6.710 6.720 6.729 6.739 6.748 6.757 6.767 6.776 6.785 6.794 6.803 6.811 6.818 6.825 6.831 6.838 6.844 6.850 6.855 6.861 6.866 6.871 6.876 6.881 6.886 6.891 6.896 6.902 6.907 6.913 6.920 6.926 6.934 6.941 6.948 6.956 6.963 6.971 6.980 6.988 6.997 7.006 7.016 7.026 7.036 7.047 7.057 7.068 7.080 7.091 7.103 7.115 7.127 7.139 7.151 7.164 7.177 7.190 7.204 7.218 7.231 7.242 7.250 7.254 7.259 7.273 7.288 7.305 7.332
6.647 6.654 6.662 6.670 6.679 6.688 6.697 6.707 6.716 6.726 6.735 6.745 6.755 6.764 6.774 6.783 6.792 6.802 6.811 6.819 6.827 6.834 6.841 6.848 6.854 6.860 6.866 6.872 6.878 6.883 6.889 6.894 6.899 6.905 6.910 6.916 6.921 6.928 6.934 6.941 6.948 6.956 6.963 6.971 6.979 6.987 6.995 7.004 7.013 7.022 7.032 7.042 7.053 7.063 7.074 7.086 7.097 7.109 7.121 7.133 7.144 7.156 7.168 7.181 7.193 7.206 7.220 7.233 7.246 7.257 7.265 7.271 7.278 7.293 7.310 7.330 7.358
6.653 6.660 6.668 6.676 6.685 6.694 6.703 6.712 6.722 6.732 6.742 6.751 6.761 6.771 6.781 6.790 6.800 6.810 6.820 6.828 6.836 6.843 6.851 6.858 6.865 6.871 6.878 6.884 6.890 6.896 6.901 6.907 6.912 6.918 6.924 6.930 6.936 6.942 6.948 6.956 6.963 6.971 6.978 6.986 6.994 7.002 7.011 7.020 7.029 7.039 7.049 7.059 7.069 7.080 7.091 7.103 7.114 7.126 7.138 7.150 7.162 7.173 7.185 7.197 7.209 7.221 7.234 7.247 7.259 7.271 7.280 7.288 7.297 7.314 7.334 7.355 7.387
6.660 6.667 6.675 6.683 6.691 6.700 6.709 6.719 6.728 6.738 6.748 6.758 6.768 6.778 6.788 6.798 6.808 6.818 6.828 6.836 6.845 6.853 6.860 6.868 6.875 6.882 6.889 6.895 6.901 6.908 6.914 6.920 6.926 6.931 6.937 6.943 6.950 6.956 6.963 6.970 6.978 6.986 6.993 7.001 7.009 7.018 7.027 7.036 7.045 7.055 7.065 7.075 7.086 7.097 7.108 7.120 7.132 7.144 7.156 7.168 7.179 7.191 7.202 7.213 7.225 7.236 7.248 7.260 7.273 7.285 7.295 7.305 7.316 7.335 7.357 7.382 7.416
6.667 6.674 6.682 6.690 6.698 6.707 6.716 6.725 6.735 6.745 6.755 6.765 6.775 6.785 6.795 6.805 6.816 6.826 6.836 6.845 6.853 6.862 6.870 6.878 6.885 6.892 6.900 6.907 6.913 6.920 6.926 6.932 6.939 6.945 6.951 6.957 6.964 6.970 6.977 6.985 6.993 7.001 7.009 7.017 7.025 7.034 7.043 7.052 7.061 7.071 7.081 7.092 7.103 7.114 7.125 7.137 7.149 7.161 7.173 7.185 7.197 7.207 7.218 7.228 7.239 7.250 7.261 7.273 7.286 7.299 7.311 7.323 7.336 7.357 7.381 7.408 7.444
6.675 6.682 6.689 6.697 6.705 6.714 6.723 6.732 6.742 6.752 6.762 6.772 6.782 6.792 6.803 6.813 6.824 6.834 6.844 6.853 6.862 6.871 6.879 6.887 6.895 6.903 6.911 6.918 6.925 6.932 6.938 6.945 6.952 6.958 6.965 6.971 6.978 6.985 6.992 7.000 7.008 7.016 7.024 7.032 7.040 7.049 7.058 7.068 7.077 7.087 7.098 7.108 7.119 7.130 7.142 7.154 7.166 7.178 7.190 7.202 7.214 7.224 7.233 7.244 7.254 7.263 7.274 7.285 7.298 7.312 7.326 7.340 7.356 7.379 7.405 7.434 7.472
6.683 6.690 6.697 6.704 6.713 6.721 6.730 6.739 6.749 6.759 6.769 6.779 6.789 6.800 6.810 6.821 6.832 6.842 6.853 6.862 6.871 6.880 6.889 6.897 6.906 6.914 6.922 6.929 6.937 6.944 6.951 6.958 6.965 6.971 6.978 6.985 6.992 6.999 7.006 7.014 7.022 7.031 7.039 7.047 7.056 7.065 7.074 7.083 7.093 7.103 7.114 7.124 7.135 7.147 7.158 7.170 7.183 7.195 7.207 7.219 7.230 7.240 7.249 7.258 7.267 7.276 7.286 7.297 7.311 7.326 7.342 7.358 7.375 7.400 7.428 7.460 7.500
6.692 6.698 6.705 6.713 6.721 6.729 6.738 6.747 6.757 6.766 6.777 6.787 6.797 6.808 6.818 6.829 6.840 6.851 6.861 6.871 6.880 6.890 6.899 6.907 6.916 6.924 6.932 6.940 6.948 6.956 6.963 6.970 6.977 6.984 6.992 6.999 7.006 7.013 7.021 7.029 7.037 7.046 7.054 7.062 7.071 7.080 7.089 7.099 7.109 7.119 7.130 7.140 7.152 7.163 7.175 7.187 7.199 7.212 7.224 7.236 7.247 7.256 7.263 7.272 7.280 7.289 7.298 7.310 7.324 7.341 7.358 7.375 7.394 7.421 7.450 7.485 7.527
6.701 6.707 6.714 6.721 6.729 6.737 6.746 6.755 6.765 6.775 6.785 6.795 6.805 6.816 6.827 6.838 6.848 6.860 6.870 6.880 6.890 6.899 6.908 6.918 6.926 6.935 6.943 6.952 6.960 6.968 6.975 6.983 6.990 6.998 7.005 7.012 7.020 7.027 7.035 7.043 7.052 7.060 7.069 7.077 7.086 7.095 7.105 7.114 7.124 7.135 7.145 7.156 7.168 7.179 7.191 7.203 7.216 7.228 7.241 7.252 7.263 7.271 7.278 7.286 7.294 7.302 7.311 7.323 7.338 7.355 7.373 7.392 7.415 7.443 7.473 7.511 7.555
6.711 6.717 6.723 6.730 6.738 6.746 6.755 6.764 6.773 6.783 6.793 6.803 6.814 6.825 6.835 6.846 6.857 6.869 6.879 6.889 6.899 6.909 6.918 6.928 6.937 6.946 6.955 6.963 6.971 6.980 6.988 6.995 7.003 7.011 7.018 7.026 7.033 7.041 7.049 7.057 7.066 7.075 7.083 7.092 7.101 7.110 7.120 7.129 7.140 7.150 7.161 7.172 7.183 7.195 7.207 7.219 7.232 7.244 7.257 7.268 7.278 7.286 7.293 7.300 7.308 7.315 7.325 7.337 7.351 7.368 7.387 7.409 7.436 7.466 7.498 7.539 7.586
6.721 6.727 6.733 6.740 6.747 6.755 6.764 6.773 6.782 6.792 6.802 6.812 6.823 6.833 6.844 6.855 6.866 6.878 6.889 6.899 6.909 6.919 6.929 6.938 6.947 6.957 6.966 6.974 6.983 6.992 7.000 7.008 7.016 7.024 7.031 7.039 7.047 7.055 7.063 7.071 7.080 7.089 7.098 7.106 7.116 7.125 7.135 7.144 7.155 7.165 7.176 7.187 7.199 7.210 7.222 7.235 7.247 7.260 7.272 7.284 7.294 7.301 7.307 7.315 7.322 7.329 7.338 7.350 7.364 7.381 7.402 7.428 7.458 7.490 7.524 7.570 7.620
6.731 6.737 6.743 6.750 6.757 6.765 6.773 6.782 6.792 6.801 6.811 6.821 6.832 6.843 6.854 6.865 6.876 6.887 6.898 6.909 6.919 6.929 6.939 6.949 6.958 6.968 6.977 6.986 6.995 7.003 7.012 7.020 7.029 7.037 7.045 7.053 7.061 7.069 7.077 7.085 7.094 7.103 7.112 7.121 7.130 7.139 7.149 7.159 7.169 7.180 7.191 7.202 7.214 7.225 7.238 7.250 7.263 7.275 7.288 7.299 7.309 7.316 7.322 7.329 7.336 7.343 7.352 7.363 7.377 7.394 7.418 7.448 7.482 7.516 7.553 7.602 7.656
6.742 6.747 6.754 6.760 6.767 6.775 6.783 6.792 6.801 6.811 6.821 6.831 6.841 6.852 6.863 6.874 6.885 6.897 6.908 6.919 6.929 6.939 6.949 6.959 6.969 6.979 6.988 6.997 7.007 7.016 7.024 7.033 7.041 7.050 7.058 7.066 7.074 7.082 7.091 7.099 7.109 7.118 7.126 7.135 7.144 7.154 7.164 7.174 7.184 7.195 7.205 7.217 7.228 7.240 7.252 7.265 7.277 7.290 7.303 7.314 7.324 7.331 7.337 7.343 7.350 7.356 7.365 7.376 7.390 7.409 7.435 7.468 7.508 7.544 7.583 7.637 7.696
6.752 6.758 6.764 6.771 6.778 6.785 6.794 6.802 6.811 6.821 6.830 6.841 6.851 6.862 6.873 6.884 6.895 6.907 6.918 6.929 6.939 6.950 6.960 6.970 6.980 6.990 7.000 7.009 7.018 7.028 7.037 7.045 7.054 7.062 7.071 7.079 7.088 7.096 7.104 7.113 7.122 7.131 7.140 7.149 7.158 7.168 7.178 7.188 7.198 7.209 7.220 7.231 7.242 7.254 7.267 7.279 7.292 7.305 7.318 7.329 7.339 7.345 7.351 7.357 7.363 7.369 7.377 7.389 7.403 7.423 7.452 7.491 7.536 7.574 7.616 7.674 7.736
6.764 6.769 6.775 6.782 6.789 6.796 6.804 6.812 6.821 6.831 6.840 6.850 6.861 6.872 6.883 6.894 6.905 6.917 6.929 6.939 6.950 6.960 6.971 6.981 6.991 7.001 7.011 7.021 7.030 7.040 7.049 7.058 7.067 7.075 7.084 7.092 7.101 7.109 7.118 7.127 7.136 7.145 7.154 7.163 7.172 7.182 7.192 7.202 7.212 7.223 7.234 7.245 7.256 7.268 7.280 7.293 7.306 7.319 7.332 7.344 7.353 7.359 7.364 7.370 7.377 7.382 7.390 7.402 7.417 7.440 7.473 7.517 7.566 7.606 7.650 7.712 7.775
6.775 6.780 6.786 6.793 6.799 6.807 6.814 6.823 6.832 6.841 6.850 6.861 6.871 6.882 6.893 6.904 6.915 6.927 6.939 6.950 6.960 6.971 6.982 6.992 7.002 7.013 7.023 7.032 7.042 7.052 7.061 7.070 7.079 7.088 7.097 7.105 7.114 7.123 7.131 7.140 7.150 7.159 7.168 7.177 7.186 7.195 7.205 7.215 7.226 7.236 7.247 7.258 7.270 7.282 7.294 7.306 7.319 7.333 7.346 7.358 7.367 7.373 7.377 7.383 7.389 7.394 7.403 7.415 7.432 7.457 7.493 7.541 7.594 7.637 7.684 7.748 7.813
6.786 6.792 6.797 6.804 6.810 6.817 6.825 6.833 6.842 6.851 6.861 6.871 6.881 6.892 6.903 6.914 6.926 6.938 6.949 6.960 6.971 6.982 6.992 7.003 7.014 7.024 7.034 7.044 7.054 7.064 7.073 7.083 7.092 7.101 7.110 7.118 7.127 7.136 7.145 7.154 7.163 7.172 7.181 7.190 7.199 7.209 7.219 7.229 7.239 7.249 7.260 7.271 7.283 7.294 7.307 7.319 7.332 7.346 7.359 7.371 7.380 7.386 7.389 7.395 7.401 7.406 7.415 7.428 7.447 7.475 7.515 7.567 7.627 7.671 7.719 7.785 7.851
6.797 6.803 6.809 6.815 6.821 6.828 6.836 6.844 6.852 6.861 6.871 6.881 6.891 6.902 6.913 6.924 6.936 6.948 6.960 6.971 6.982 6.992 7.003 7.014 7.025 7.035 7.046 7.056 7.066 7.076 7.085 7.095 7.104 7.113 7.122 7.131 7.140 7.149 7.158 7.167 7.177 7.185 7.194 7.203 7.212 7.222 7.232 7.242 7.252 7.262 7.273 7.284 7.295 7.307 7.319 7.332 7.345 7.358 7.372 7.384 7.393 7.397 7.400 7.406 7.412 7.418 7.427 7.442 7.464 7.495 7.539 7.598 7.663 7.707 7.755 7.823 7.889
6.809 6.814 6.820 6.826 6.832 6.839 6.847 6.855 6.863 6.872 6.881 6.891 6.901 6.912 6.923 6.934 6.946 6.958 6.970 6.981 6.992 7.003 7.014 7.025 7.036 7.046 7.057 7.067 7.078 7.088 7.098 7.107 7.117 7.126 7.135 7.144 7.153 7.162 7.171 7.180 7.190 7.198 7.207 7.216 7.225 7.235 7.244 7.254 7.264 7.275 7.285 7.296 7.307 7.319 7.331 7.344 7.357 7.370 7.384 7.395 7.403 7.407 7.410 7.417 7.424 7.430 7.441 7.459 7.484 7.519 7.570 7.633 7.698 7.742 7.790 7.859 7.926
6.820 6.825 6.831 6.837 6.843 6.850 6.857 6.865 6.873 6.882 6.891 6.901 6.911 6.922 6.933 6.944 6.956 6.968 6.980 6.991 7.002 7.014 7.025 7.036 7.047 7.058 7.068 7.079 7.089 7.099 7.109 7.119 7.129 7.138 7.148 7.157 7.166 7.175 7.184 7.193 7.202 7.211 7.220 7.229 7.238 7.247 7.257 7.267 7.277 7.287 7.297 7.308 7.319 7.330 7.342 7.355 7.368 7.382 7.394 7.405 7.412 7.417 7.421 7.429 7.437 7.444 7.458 7.478 7.507 7.548 7.603 7.667 7.732 7.776 7.824 7.894 7.962
6.831 6.836 6.842 6.848 6.854 6.861 6.868 6.876 6.884 6.892 6.902 6.911 6.921 6.932 6.943 6.954 6.966 6.979 6.990 7.001 7.013 7.024 7.035 7.046 7.058 7.069 7.079 7.090 7.101 7.111 7.121 7.131 7.141 7.150 7.160 7.169 7.178 7.187 7.196 7.206 7.215 7.224 7.232 7.241 7.250 7.259 7.269 7.279 7.288 7.298 7.308 7.319 7.330 7.341 7.353 7.366 7.379 7.392 7.404 7.414 7.421 7.426 7.432 7.441 7.451 7.461 7.478 7.501 7.534 7.579 7.636 7.700 7.765 7.809 7.857 7.928 7.997
6.842 6.848 6.853 6.859 6.865 6.872 6.879 6.886 6.894 6.903 6.912 6.921 6.931 6.942 6.953 6.964 6.976 6.988 7.000 7.011 7.023 7.034 7.045 7.057 7.068 7.079 7.090 7.101 7.112 7.122 7.133 7.143 7.153 7.162 7.172 7.181 7.190 7.199 7.209 7.218 7.227 7.236 7.244 7.253 7.262 7.271 7.281 7.290 7.300 7.310 7.320 7.330 7.341 7.352 7.363 7.376 7.388 7.400 7.412 7.422 7.429 7.436 7.443 7.455 7.468 7.481 7.500 7.527 7.563 7.609 7.667 7.732 7.798 7.842 7.890 7.962 8.030
6.853 6.859 6.864 6.870 6.876 6.883 6.889 6.897 6.905 6.913 6.922 6.931 6.941 6.951 6.962 6.974 6.986 6.998 7.009 7.021 7.032 7.044 7.056 7.067 7.079 7.090 7.101 7.112 7.123 7.134 7.144 7.154 7.164 7.174 7.184 7.193 7.202 7.212 7.221 7.230 7.239 7.248 7.256 7.265 7.274 7.283 7.292 7.301 7.311 7.321 7.331 7.341 7.351 7.362 7.373 7.385 7.397 7.408 7.419 7.429 7.438 7.447 7.457 7.471 7.486 7.502 7.526 7.556 7.593 7.639 7.696 7.762 7.830 7.875 7.922 7.995 8.064
