version1/TsunamiDB/out54004.asc
ncols          264
nrows          230
xllcorner      497853.4375
yllcorner      4229146.0000
cellsize         5.
NODATA_value   -99
[rows 124 to 154 of 230, columns 138 to 206 of 264]
-99.000 -99.000 -99.000 -99.000 -99.000 -99.000 -99.000 -99.000 -99.000 -99.000 -99.000 -99.000 -99.000 -99.000 -99.000 -99.000 -99.000 -99.000 -99.000 -99.000 -99.000 -99.000 -99.000 -99.000 -99.000 -99.000 -99.000 -99.000 -99.000 -99.000 -99.000 -99.000 -99.000 -99.000 -99.000 -99.000 -99.000 -99.000 -99.000 1.643 1.647 1.696 1.845 2.096 2.426 2.809 3.214 3.607 3.964 4.260 4.481 4.645 4.771 4.870 4.952 5.020 5.078 5.132 5.187 5.247 5.308 5.373 5.446 5.518 5.593 5.671 5.751 5.830 5.902
-99.000 -99.000 -99.000 -99.000 -99.000 -99.000 -99.000 -99.000 -99.000 -99.000 -99.000 -99.000 -99.000 -99.000 -99.000 -99.000 -99.000 -99.000 -99.000 -99.000 -99.000 -99.000 -99.000 -99.000 -99.000 -99.000 -99.000 -99.000 -99.000 -99.000 -99.000 -99.000 -99.000 -99.000 -99.000 -99.000 -99.000 -99.000 -99.000 1.643 1.658 1.744 1.938 2.223 2.578 2.973 3.375 3.756 4.095 4.367 4.566 4.714 4.826 4.915 4.988 5.047 5.098 5.146 5.198 5.258 5.320 5.390 5.468 5.548 5.632 5.718 5.802 5.887 5.960
-99.000 -99.000 -99.000 -99.000 -99.000 -99.000 -99.000 -99.000 -99.000 -99.000 -99.000 -99.000 -99.000 -99.000 -99.000 -99.000 -99.000 -99.000 -99.000 -99.000 -99.000 -99.000 -99.000 -99.000 -99.000 -99.000 -99.000 -99.000 -99.000 -99.000 -99.000 -99.000 -99.000 -99.000 -99.000 -99.000 -99.000 -99.000 1.643 1.645 1.681 1.812 2.047 2.364 2.738 3.138 3.533 3.898 4.216 4.465 4.646 4.780 4.881 4.961 5.026 5.078 5.123 5.167 5.219 5.280 5.344 5.417 5.500 5.588 5.682 5.775 5.865 5.956 6.022
-99.000 -99.000 -99.000 -99.000 -99.000 -99.000 -99.000 -99.000 -99.000 -99.000 -99.000 -99.000 -99.000 -99.000 -99.000 -99.000 -99.000 -99.000 -99.000 -99.000 -99.000 -99.000 -99.000 -99.000 -99.000 -99.000 -99.000 -99.000 -99.000 -99.000 -99.000 -99.000 -99.000 -99.000 -99.000 -99.000 -99.000 -99.000 1.643 1.652 1.723 1.900 2.172 2.516 2.904 3.303 3.686 4.032 4.327 4.551 4.715 4.837 4.931 5.004 5.064 5.112 5.156 5.202 5.256 5.317 5.383 5.459 5.546 5.641 5.742 5.843 5.939 6.021 6.079
-99.000 -99.000 -99.000 -99.000 -99.000 -99.000 -99.000 -99.000 -99.000 -99.000 -99.000 -99.000 -99.000 -99.000 -99.000 -99.000 -99.000 -99.000 -99.000 -99.000 -99.000 -99.000 -99.000 -99.000 -99.000 -99.000 -99.000 -99.000 -99.000 -99.000 -99.000 -99.000 -99.000 -99.000 -99.000 -99.000 -99.000 -99.000 1.644 1.670 1.784 2.004 2.310 2.676 3.072 3.466 3.831 4.155 4.422 4.622 4.770 4.883 4.971 5.041 5.099 5.148 5.195 5.244 5.299 5.362 5.430 5.510 5.599 5.697 5.802 5.907 6.002 6.079 6.139
-99.000 -99.000 -99.000 -99.000 -99.000 -99.000 -99.000 -99.000 -99.000 -99.000 -99.000 -99.000 -99.000 -99.000 -99.000 -99.000 -99.000 -99.000 -99.000 -99.000 -99.000 -99.000 -99.000 -99.000 -99.000 -99.000 -99.000 -99.000 -99.000 -99.000 -99.000 -99.000 -99.000 -99.000 -99.000 -99.000 -99.000 1.643 1.649 1.704 1.864 2.123 2.458 2.842 3.240 3.623 3.968 4.266 4.500 4.676 4.810 4.916 5.002 5.071 5.130 5.181 5.232 5.284 5.342 5.407 5.480 5.563 5.651 5.750 5.856 5.961 6.057 6.137 6.199
-99.000 -99.000 -99.000 -99.000 -99.000 -99.000 -99.000 -99.000 -99.000 -99.000 -99.000 -99.000 -99.000 -99.000 -99.000 -99.000 -99.000 -99.000 -99.000 -99.000 -99.000 -99.000 -99.000 -99.000 -99.000 -99.000 -99.000 -99.000 -99.000 -99.000 -99.000 -99.000 -99.000 -99.000 -99.000 -99.000 -99.000 1.644 1.661 1.757 1.961 2.254 2.615 3.010 3.405 3.773 4.095 4.357 4.559 4.715 4.839 4.940 5.024 5.095 5.156 5.211 5.265 5.321 5.383 5.451 5.528 5.613 5.701 5.800 5.902 6.006 6.106 6.191 6.258
-99.000 -99.000 -99.000 -99.000 -99.000 -99.000 -99.000 -99.000 -99.000 -99.000 -99.000 -99.000 -99.000 -99.000 -99.000 -99.000 -99.000 -99.000 -99.000 -99.000 -99.000 -99.000 -99.000 -99.000 -99.000 -99.000 -99.000 -99.000 -99.000 -99.000 -99.000 -99.000 -99.000 -99.000 -99.000 -99.000 1.643 1.646 1.687 1.827 2.071 2.396 2.776 3.177 3.565 3.914 4.205 4.430 4.605 4.745 4.859 4.956 5.040 5.113 5.176 5.233 5.291 5.350 5.416 5.488 5.570 5.658 5.746 5.839 5.937 6.043 6.146 6.237 6.309
-99.000 -99.000 -99.000 -99.000 -99.000 -99.000 -99.000 -99.000 -99.000 -99.000 -99.000 -99.000 -99.000 -99.000 -99.000 -99.000 -99.000 -99.000 -99.000 -99.000 -99.000 -99.000 -99.000 -99.000 -99.000 -99.000 -99.000 -99.000 -99.000 -99.000 -99.000 -99.000 -99.000 -99.000 -99.000 -99.000 1.643 1.654 1.730 1.914 2.192 2.544 2.939 3.341 3.717 4.042 4.297 4.492 4.645 4.771 4.877 4.968 5.052 5.125 5.189 5.249 5.309 5.372 5.442 5.518 5.606 5.698 5.782 5.870 5.965 6.070 6.176 6.274 6.345
-99.000 -99.000 -99.000 -99.000 -99.000 -99.000 -99.000 -99.000 -99.000 -99.000 -99.000 -99.000 -99.000 -99.000 -99.000 -99.000 -99.000 -99.000 -99.000 -99.000 -99.000 -99.000 -99.000 -99.000 -99.000 -99.000 -99.000 -99.000 -99.000 -99.000 -99.000 -99.000 -99.000 -99.000 -99.000 1.643 1.645 1.672 1.790 2.014 2.324 2.698 3.101 3.500 3.862 4.156 4.380 4.552 4.688 4.800 4.896 4.982 5.062 5.133 5.198 5.260 5.321 5.387 5.462 5.543 5.636 5.728 5.810 5.895 5.985 6.087 6.196 6.294 6.367
-99.000 -99.000 -99.000 -99.000 -99.000 -99.000 -99.000 -99.000 -99.000 -99.000 -99.000 -99.000 -99.000 -99.000 -99.000 -99.000 -99.000 -99.000 -99.000 -99.000 -99.000 -99.000 -99.000 -99.000 -99.000 -99.000 -99.000 -99.000 -99.000 -99.000 -99.000 -99.000 -99.000 -99.000 -99.000 1.643 1.649 1.705 1.866 2.126 2.465 2.854 3.262 3.653 3.995 4.261 4.461 4.613 4.733 4.834 4.919 4.997 5.071 5.140 5.204 5.266 5.329 5.398 5.478 5.562 5.658 5.753 5.833 5.915 6.000 6.097 6.199 6.295 6.367
-99.000 -99.000 -99.000 -99.000 -99.000 -99.000 -99.000 -99.000 -99.000 -99.000 -99.000 -99.000 -99.000 -99.000 -99.000 -99.000 -99.000 -99.000 -99.000 -99.000 -99.000 -99.000 -99.000 -99.000 -99.000 -99.000 -99.000 -99.000 -99.000 -99.000 -99.000 -99.000 -99.000 -99.000 -99.000 1.644 1.661 1.755 1.957 2.251 2.613 3.013 3.419 3.798 4.117 4.358 4.537 4.673 4.780 4.871 4.948 5.018 5.089 5.155 5.220 5.284 5.350 5.423 5.504 5.589 5.687 5.783 5.861 5.938 6.018 6.108 6.203 6.300 6.371
-99.000 -99.000 -99.000 -99.000 -99.000 -99.000 -99.000 -99.000 -99.000 -99.000 -99.000 -99.000 -99.000 -99.000 -99.000 -99.000 -99.000 -99.000 -99.000 -99.000 -99.000 -99.000 -99.000 -99.000 -99.000 -99.000 -99.000 -99.000 -99.000 -99.000 -99.000 -99.000 -99.000 -99.000 1.643 1.646 1.685 1.823 2.064 2.386 2.767 3.173 3.572 3.935 4.228 4.446 4.607 4.729 4.827 4.913 4.984 5.051 5.119 5.184 5.251 5.318 5.388 5.463 5.543 5.625 5.725 5.822 5.896 5.971 6.048 6.130 6.219 6.320 6.372
-99.000 -99.000 -99.000 -99.000 -99.000 -99.000 -99.000 -99.000 -99.000 -99.000 -99.000 -99.000 -99.000 -99.000 -99.000 -99.000 -99.000 -99.000 -99.000 -99.000 -99.000 -99.000 -99.000 -99.000 -99.000 -99.000 -99.000 -99.000 -99.000 -99.000 -99.000 -99.000 -99.000 -99.000 1.643 1.653 1.727 1.908 2.183 2.532 2.925 3.330 3.718 4.060 4.326 4.523 4.669 4.781 4.874 4.955 5.023 5.088 5.155 5.223 5.293 5.366 5.442 5.517 5.595 5.676 5.777 5.876 5.949 6.021 6.094 6.174 6.258 6.326 6.346
-99.000 -99.000 -99.000 -99.000 -99.000 -99.000 -99.000 -99.000 -99.000 -99.000 -99.000 -99.000 -99.000 -99.000 -99.000 -99.000 -99.000 -99.000 -99.000 -99.000 -99.000 -99.000 -99.000 -99.000 -99.000 -99.000 -99.000 -99.000 -99.000 -99.000 -99.000 -99.000 -99.000 -99.000 1.644 1.671 1.787 2.009 2.316 2.686 3.086 3.486 3.858 4.173 4.411 4.588 4.721 4.825 4.913 4.991 5.057 5.121 5.189 5.260 5.336 5.418 5.499 5.577 5.656 5.735 5.839 5.942 6.012 6.079 6.145 6.215 6.272 6.304 6.309
-99.000 -99.000 -99.000 -99.000 -99.000 -99.000 -99.000 -99.000 -99.000 -99.000 -99.000 -99.000 -99.000 -99.000 -99.000 -99.000 -99.000 -99.000 -99.000 -99.000 -99.000 -99.000 -99.000 -99.000 -99.000 -99.000 -99.000 -99.000 -99.000 -99.000 -99.000 -99.000 -99.000 1.643 1.649 1.705 1.865 2.125 2.461 2.846 3.249 3.638 3.989 4.272 4.484 4.642 4.763 4.861 4.944 5.020 5.084 5.148 5.218 5.294 5.378 5.467 5.555 5.638 5.718 5.798 5.904 6.010 6.072 6.130 6.185 6.231 6.261 6.271 6.260
-99.000 -99.000 -99.000 -99.000 -99.000 -99.000 -99.000 -99.000 -99.000 -99.000 -99.000 -99.000 -99.000 -99.000 -99.000 -99.000 -99.000 -99.000 -99.000 -99.000 -99.000 -99.000 -99.000 -99.000 -99.000 -99.000 -99.000 -99.000 -99.000 -99.000 -99.000 -99.000 -99.000 1.644 1.661 1.757 1.961 2.255 2.615 3.011 3.410 3.785 4.108 4.359 4.546 4.688 4.799 4.890 4.969 5.041 5.104 5.167 5.241 5.323 5.413 5.509 5.605 5.694 5.779 5.856 5.964 6.068 6.122 6.169 6.202 6.225 6.236 6.226 6.203
-99.000 -99.000 -99.000 -99.000 -99.000 -99.000 -99.000 -99.000 -99.000 -99.000 -99.000 -99.000 -99.000 -99.000 -99.000 -99.000 -99.000 -99.000 -99.000 -99.000 -99.000 -99.000 -99.000 -99.000 -99.000 -99.000 -99.000 -99.000 -99.000 -99.000 -99.000 -99.000 1.643 1.646 1.688 1.829 2.073 2.397 2.777 3.179 3.571 3.926 4.216 4.436 4.602 4.729 4.829 4.911 4.985 5.053 5.114 5.179 5.258 5.345 5.440 5.542 5.645 5.742 5.830 5.902 6.010 6.114 6.158 6.186 6.199 6.206 6.198 6.175 6.142
-99.000 -99.000 -99.000 -99.000 -99.000 -99.000 -99.000 -99.000 -99.000 -99.000 -99.000 -99.000 -99.000 -99.000 -99.000 -99.000 -99.000 -99.000 -99.000 -99.000 -99.000 -99.000 -99.000 -99.000 -99.000 -99.000 -99.000 -99.000 -99.000 -99.000 -99.000 -99.000 1.643 1.655 1.732 1.917 2.197 2.549 2.943 3.346 3.726 4.058 4.316 4.509 4.654 4.766 4.854 4.927 4.993 5.057 5.117 5.186 5.270 5.362 5.461 5.568 5.678 5.782 5.871 5.938 6.046 6.150 6.179 6.189 6.187 6.178 6.157 6.122 6.080
-99.000 -99.000 -99.000 -99.000 -99.000 -99.000 -99.000 -99.000 -99.000 -99.000 -99.000 -99.000 -99.000 -99.000 -99.000 -99.000 -99.000 -99.000 -99.000 -99.000 -99.000 -99.000 -99.000 -99.000 -99.000 -99.000 -99.000 -99.000 -99.000 -99.000 -99.000 1.643 1.645 1.674 1.795 2.022 2.334 2.708 3.111 3.510 3.876 4.180 4.410 4.580 4.708 4.804 4.879 4.941 4.998 5.058 5.119 5.192 5.281 5.377 5.479 5.589 5.704 5.812 5.903 5.963 6.069 6.167 6.182 6.179 6.162 6.140 6.109 6.066 6.021
-99.000 -99.000 -99.000 -99.000 -99.000 -99.000 -99.000 -99.000 -99.000 -99.000 -99.000 -99.000 -99.000 -99.000 -99.000 -99.000 -99.000 -99.000 -99.000 -99.000 -99.000 -99.000 -99.000 -99.000 -99.000 -99.000 -99.000 -99.000 -99.000 -99.000 -99.000 1.643 1.650 1.710 1.876 2.140 2.481 2.872 3.278 3.669 4.018 4.294 4.499 4.650 4.761 4.844 4.906 4.956 5.006 5.063 5.125 5.201 5.294 5.391 5.493 5.603 5.717 5.826 5.918 5.971 6.072 6.166 6.176 6.163 6.135 6.105 6.067 6.021 5.974
-99.000 -99.000 -99.000 -99.000 -99.000 -99.000 -99.000 -99.000 -99.000 -99.000 -99.000 -99.000 -99.000 -99.000 -99.000 -99.000 -99.000 -99.000 -99.000 -99.000 -99.000 -99.000 -99.000 -99.000 -99.000 -99.000 -99.000 -99.000 -99.000 -99.000 -99.000 1.644 1.664 1.765 1.974 2.272 2.637 3.038 3.442 3.823 4.151 4.402 4.586 4.719 4.816 4.887 4.937 4.978 5.022 5.079 5.142 5.221 5.313 5.410 5.513 5.623 5.738 5.852 5.944 5.984 6.082 6.177 6.182 6.161 6.127 6.090 6.046 5.996 5.945
-99.000 -99.000 -99.000 -99.000 -99.000 -99.000 -99.000 -99.000 -99.000 -99.000 -99.000 -99.000 -99.000 -99.000 -99.000 -99.000 -99.000 -99.000 -99.000 -99.000 -99.000 -99.000 -99.000 -99.000 -99.000 -99.000 -99.000 -99.000 -99.000 -99.000 1.644 1.647 1.693 1.839 2.088 2.417 2.800 3.205 3.604 3.970 4.275 4.502 4.665 4.783 4.869 4.930 4.973 5.009 5.054 5.113 5.178 5.258 5.349 5.447 5.553 5.663 5.778 5.899 5.974 5.998 6.096 6.191 6.191 6.165 6.127 6.083 6.034 5.979 5.921
-99.000 -99.000 -99.000 -99.000 -99.000 -99.000 -99.000 -99.000 -99.000 -99.000 -99.000 -99.000 -99.000 -99.000 -99.000 -99.000 -99.000 -99.000 -99.000 -99.000 -99.000 -99.000 -99.000 -99.000 -99.000 -99.000 -99.000 -99.000 -99.000 -99.000 1.644 1.657 1.741 1.933 2.218 2.574 2.971 3.376 3.763 4.110 4.387 4.590 4.736 4.841 4.916 4.972 5.014 5.055 5.104 5.164 5.232 5.313 5.403 5.502 5.609 5.723 5.836 5.930 5.984 6.010 6.107 6.200 6.199 6.173 6.129 6.082 6.027 5.964 5.901
-99.000 -99.000 -99.000 -99.000 -99.000 -99.000 -99.000 -99.000 -99.000 -99.000 -99.000 -99.000 -99.000 -99.000 -99.000 -99.000 -99.000 -99.000 -99.000 -99.000 -99.000 -99.000 -99.000 -99.000 -99.000 -99.000 -99.000 -99.000 -99.000 1.644 1.646 1.680 1.809 2.044 2.363 2.741 3.145 3.546 3.918 4.241 4.488 4.667 4.796 4.889 4.959 5.013 5.060 5.107 5.158 5.220 5.290 5.371 5.459 5.555 5.662 5.772 5.868 5.942 5.991 6.013 6.108 6.203 6.206 6.178 6.134 6.082 6.019 5.950 5.880
-99.000 -99.000 -99.000 -99.000 -99.000 -99.000 -99.000 -99.000 -99.000 -99.000 -99.000 -99.000 -99.000 -99.000 -99.000 -99.000 -99.000 -99.000 -99.000 -99.000 -99.000 -99.000 -99.000 -99.000 -99.000 -99.000 -99.000 -99.000 -99.000 1.644 1.653 1.722 1.898 2.172 2.520 2.915 3.322 3.713 4.066 4.360 4.576 4.733 4.846 4.930 4.997 5.053 5.106 5.157 5.211 5.273 5.345 5.427 5.506 5.598 5.701 5.800 5.884 5.950 5.994 6.012 6.106 6.205 6.208 6.181 6.137 6.081 6.011 5.934 5.852
-99.000 -99.000 -99.000 -99.000 -99.000 -99.000 -99.000 -99.000 -99.000 -99.000 -99.000 -99.000 -99.000 -99.000 -99.000 -99.000 -99.000 -99.000 -99.000 -99.000 -99.000 -99.000 -99.000 -99.000 -99.000 -99.000 -99.000 -99.000 -99.000 1.645 1.671 1.784 2.005 2.315 2.689 3.094 3.499 3.877 4.207 4.466 4.653 4.790 4.890 4.968 5.032 5.092 5.149 5.205 5.262 5.322 5.395 5.474 5.548 5.634 5.723 5.812 5.893 5.953 5.994 6.008 6.100 6.200 6.206 6.183 6.137 6.078 6.002 5.912 5.821
-99.000 -99.000 -99.000 -99.000 -99.000 -99.000 -99.000 -99.000 -99.000 -99.000 -99.000 -99.000 -99.000 -99.000 -99.000 -99.000 -99.000 -99.000 -99.000 -99.000 -99.000 -99.000 -99.000 -99.000 -99.000 -99.000 -99.000 -99.000 1.644 1.650 1.706 1.867 2.130 2.472 2.865 3.277 3.675 4.036 4.337 4.560 4.720 4.839 4.929 5.001 5.065 5.127 5.188 5.248 5.304 5.363 5.438 5.517 5.583 5.656 5.733 5.817 5.892 5.953 5.992 5.999 6.090 6.195 6.204 6.180 6.134 6.073 5.988 5.890 5.793
-99.000 -99.000 -99.000 -99.000 -99.000 -99.000 -99.000 -99.000 -99.000 -99.000 -99.000 -99.000 -99.000 -99.000 -99.000 -99.000 -99.000 -99.000 -99.000 -99.000 -99.000 -99.000 -99.000 -99.000 -99.000 -99.000 -99.000 -99.000 1.645 1.663 1.761 1.969 2.270 2.639 3.047 3.460 3.850 4.191 4.454 4.645 4.782 4.885 4.965 5.031 5.093 5.156 5.219 5.281 5.338 5.397 5.477 5.558 5.612 5.670 5.739 5.815 5.888 5.951 5.987 5.990 6.082 6.192 6.199 6.174 6.128 6.063 5.973 5.870 5.768
-99.000 -99.000 -99.000 -99.000 -99.000 -99.000 -99.000 -99.000 -99.000 -99.000 -99.000 -99.000 -99.000 -99.000 -99.000 -99.000 -99.000 -99.000 -99.000 -99.000 -99.000 -99.000 -99.000 -99.000 -99.000 -99.000 -99.000 -99.000 1.648 1.693 1.838 2.089 2.423 2.816 3.234 3.644 4.022 4.336 4.565 4.728 4.844 4.932 5.003 5.063 5.121 5.181 5.243 5.305 5.367 5.427 5.511 5.589 5.633 5.683 5.739 5.807 5.880 5.944 5.981 5.979 6.070 6.179 6.184 6.158 6.111 6.045 5.953 5.845 5.745
-99.000 -99.000 -99.000 -99.000 -99.000 -99.000 -99.000 -99.000 -99.000 -99.000 -99.000 -99.000 -99.000 -99.000 -99.000 -99.000 -99.000 -99.000 -99.000 -99.000 -99.000 -99.000 -99.000 -99.000 -99.000 -99.000 -99.000 1.645 1.658 1.741 1.932 2.222 2.586 2.997 3.420 3.827 4.191 4.476 4.676 4.815 4.912 4.987 5.048 5.101 5.153 5.208 5.264 5.327 5.394 5.456 5.543 5.620 5.660 5.699 5.745 5.806 5.871 5.934 5.973 5.966 6.055 6.163 6.169 6.141 6.093 6.029 5.939 5.834 5.741
