version1/TsunamiDB/out54075.asc
ncols          264
nrows          230
xllcorner      497853.4375
yllcorner      4229146.0000
cellsize         5.
NODATA_value   -99
[rows 136 to 169 of 230, columns 76 to 151 of 264]
5.497 5.514 5.531 5.547 5.565 5.583 5.601 5.619 5.638 5.657 5.676 5.696 5.716 5.736 5.756 5.777 5.797 5.818 5.838 5.858 5.879 5.899 5.918 5.938 5.956 5.974 5.990 6.007 6.023 6.039 6.054 6.067 6.081 6.093 6.104 6.115 6.126 6.136 6.146 6.155 6.165 6.175 6.185 6.196 6.206 6.217 6.228 6.240 6.250 6.260 6.271 6.282 6.292 6.303 6.314 6.324 6.334 6.345 6.355 6.365 6.376 6.387 6.398 6.409 6.420 6.432 6.444 6.456 6.467 6.479 6.491 6.500 6.510 6.519 6.528 6.537
5.512 5.529 5.545 5.561 5.578 5.595 5.613 5.630 5.648 5.666 5.685 5.704 5.723 5.743 5.763 5.783 5.803 5.823 5.844 5.864 5.884 5.905 5.925 5.944 5.963 5.981 5.998 6.015 6.032 6.049 6.064 6.079 6.093 6.106 6.118 6.130 6.141 6.151 6.162 6.172 6.181 6.191 6.201 6.211 6.221 6.232 6.243 6.253 6.263 6.273 6.283 6.294 6.304 6.314 6.325 6.335 6.345 6.354 6.364 6.374 6.385 6.395 6.406 6.417 6.428 6.439 6.451 6.463 6.475 6.488 6.499 6.509 6.519 6.529 6.539 6.548
5.529 5.545 5.560 5.576 5.593 5.609 5.626 5.642 5.660 5.677 5.695 5.713 5.732 5.751 5.770 5.790 5.809 5.829 5.850 5.870 5.890 5.910 5.930 5.950 5.970 5.987 6.005 6.023 6.040 6.057 6.073 6.089 6.104 6.118 6.131 6.143 6.155 6.166 6.177 6.187 6.197 6.207 6.217 6.227 6.237 6.247 6.258 6.268 6.277 6.286 6.296 6.307 6.317 6.327 6.336 6.346 6.356 6.365 6.375 6.384 6.394 6.404 6.414 6.425 6.436 6.447 6.459 6.471 6.483 6.495 6.507 6.517 6.528 6.539 6.549 6.559
5.545 5.561 5.576 5.592 5.608 5.624 5.640 5.656 5.672 5.689 5.706 5.723 5.741 5.759 5.778 5.797 5.816 5.836 5.856 5.876 5.896 5.916 5.936 5.956 5.975 5.993 6.011 6.030 6.047 6.065 6.082 6.098 6.113 6.128 6.142 6.155 6.168 6.179 6.191 6.202 6.212 6.222 6.232 6.242 6.252 6.263 6.273 6.283 6.291 6.301 6.311 6.320 6.330 6.340 6.349 6.359 6.368 6.377 6.386 6.395 6.404 6.414 6.424 6.434 6.444 6.455 6.467 6.479 6.491 6.503 6.515 6.526 6.537 6.548 6.559 6.570
5.561 5.578 5.593 5.609 5.624 5.640 5.655 5.671 5.686 5.702 5.718 5.735 5.752 5.769 5.787 5.805 5.824 5.843 5.862 5.882 5.902 5.922 5.942 5.962 5.980 5.998 6.017 6.036 6.054 6.072 6.089 6.106 6.122 6.137 6.152 6.166 6.179 6.192 6.204 6.215 6.226 6.237 6.247 6.257 6.267 6.278 6.288 6.297 6.306 6.315 6.325 6.335 6.344 6.354 6.363 6.372 6.381 6.390 6.398 6.407 6.416 6.425 6.434 6.444 6.454 6.464 6.476 6.487 6.499 6.512 6.523 6.534 6.546 6.558 6.569 6.580
5.578 5.594 5.610 5.626 5.642 5.657 5.672 5.687 5.702 5.717 5.732 5.748 5.764 5.780 5.797 5.814 5.832 5.850 5.869 5.888 5.908 5.927 5.947 5.967 5.986 6.004 6.023 6.042 6.060 6.078 6.096 6.113 6.130 6.146 6.161 6.176 6.190 6.203 6.215 6.228 6.239 6.250 6.261 6.272 6.282 6.292 6.303 6.312 6.321 6.330 6.340 6.349 6.359 6.368 6.377 6.386 6.395 6.403 6.411 6.420 6.428 6.437 6.445 6.455 6.464 6.474 6.485 6.496 6.508 6.520 6.532 6.543 6.555 6.567 6.579 6.591
5.594 5.611 5.627 5.643 5.659 5.674 5.689 5.704 5.718 5.733 5.747 5.762 5.777 5.792 5.808 5.825 5.842 5.859 5.877 5.896 5.915 5.934 5.953 5.973 5.991 6.009 6.028 6.047 6.066 6.084 6.102 6.120 6.137 6.154 6.169 6.185 6.199 6.213 6.226 6.239 6.251 6.263 6.274 6.285 6.296 6.306 6.317 6.326 6.335 6.345 6.354 6.364 6.374 6.383 6.392 6.401 6.409 6.418 6.426 6.433 6.441 6.449 6.458 6.466 6.475 6.485 6.495 6.506 6.518 6.530 6.541 6.552 6.564 6.576 6.589 6.601
5.610 5.627 5.644 5.660 5.677 5.692 5.707 5.722 5.736 5.750 5.764 5.778 5.792 5.806 5.821 5.837 5.853 5.869 5.886 5.904 5.922 5.941 5.960 5.979 5.997 6.015 6.034 6.053 6.072 6.090 6.109 6.126 6.144 6.161 6.177 6.193 6.208 6.222 6.236 6.250 6.262 6.274 6.286 6.298 6.309 6.320 6.330 6.340 6.349 6.359 6.369 6.379 6.388 6.398 6.407 6.416 6.424 6.432 6.440 6.448 6.456 6.463 6.471 6.479 6.488 6.497 6.507 6.517 6.528 6.540 6.551 6.562 6.574 6.586 6.599 6.611
5.624 5.643 5.660 5.677 5.694 5.710 5.725 5.740 5.754 5.768 5.781 5.795 5.808 5.822 5.836 5.850 5.865 5.881 5.897 5.914 5.931 5.949 5.967 5.986 6.004 6.021 6.040 6.059 6.078 6.096 6.115 6.133 6.150 6.168 6.184 6.200 6.216 6.231 6.245 6.259 6.273 6.285 6.297 6.309 6.321 6.332 6.343 6.353 6.363 6.373 6.383 6.393 6.403 6.412 6.422 6.431 6.439 6.447 6.455 6.463 6.470 6.478 6.485 6.493 6.501 6.510 6.519 6.529 6.539 6.551 6.562 6.573 6.584 6.597 6.609 6.622
5.638 5.657 5.675 5.693 5.710 5.727 5.743 5.758 5.772 5.786 5.800 5.813 5.826 5.839 5.852 5.865 5.879 5.894 5.909 5.924 5.941 5.958 5.975 5.993 6.011 6.028 6.046 6.065 6.084 6.102 6.121 6.139 6.157 6.174 6.191 6.208 6.224 6.239 6.254 6.268 6.282 6.295 6.308 6.320 6.332 6.344 6.355 6.366 6.376 6.386 6.396 6.406 6.416 6.426 6.436 6.445 6.454 6.462 6.471 6.478 6.486 6.493 6.500 6.508 6.515 6.523 6.532 6.542 6.552 6.562 6.573 6.584 6.595 6.608 6.620 6.633
5.650 5.670 5.688 5.707 5.725 5.743 5.759 5.775 5.790 5.805 5.818 5.831 5.844 5.857 5.869 5.882 5.895 5.908 5.922 5.937 5.952 5.968 5.985 6.002 6.019 6.036 6.054 6.072 6.090 6.109 6.127 6.145 6.163 6.181 6.198 6.215 6.231 6.247 6.262 6.277 6.291 6.305 6.318 6.331 6.343 6.355 6.367 6.378 6.388 6.398 6.409 6.419 6.430 6.440 6.450 6.459 6.468 6.477 6.486 6.494 6.501 6.508 6.516 6.523 6.530 6.538 6.546 6.555 6.565 6.575 6.586 6.596 6.607 6.619 6.632 6.644
5.661 5.681 5.701 5.720 5.739 5.758 5.775 5.792 5.807 5.822 5.836 5.850 5.863 5.875 5.887 5.900 5.912 5.925 5.938 5.951 5.965 5.980 5.996 6.012 6.028 6.044 6.061 6.079 6.097 6.116 6.134 6.152 6.170 6.188 6.205 6.222 6.239 6.255 6.270 6.285 6.300 6.314 6.327 6.341 6.353 6.366 6.378 6.389 6.399 6.410 6.421 6.431 6.442 6.453 6.463 6.473 6.482 6.491 6.500 6.509 6.516 6.524 6.531 6.539 6.546 6.554 6.562 6.570 6.579 6.589 6.599 6.609 6.620 6.632 6.644 6.656
5.670 5.692 5.712 5.732 5.752 5.771 5.789 5.807 5.823 5.839 5.854 5.868 5.881 5.894 5.906 5.918 5.930 5.942 5.954 5.967 5.980 5.994 6.008 6.024 6.039 6.054 6.070 6.088 6.105 6.123 6.141 6.159 6.177 6.195 6.212 6.229 6.246 6.262 6.278 6.293 6.308 6.323 6.337 6.350 6.363 6.376 6.388 6.400 6.410 6.421 6.432 6.443 6.454 6.465 6.475 6.486 6.496 6.505 6.514 6.523 6.531 6.539 6.547 6.555 6.562 6.570 6.577 6.586 6.594 6.604 6.613 6.623 6.633 6.645 6.657 6.669
5.679 5.700 5.721 5.742 5.763 5.783 5.802 5.820 5.838 5.854 5.870 5.885 5.899 5.912 5.925 5.937 5.948 5.960 5.972 5.984 5.996 6.009 6.022 6.036 6.050 6.065 6.080 6.097 6.114 6.131 6.149 6.167 6.184 6.202 6.219 6.236 6.253 6.270 6.286 6.301 6.317 6.331 6.346 6.359 6.373 6.385 6.398 6.410 6.420 6.432 6.443 6.454 6.465 6.476 6.487 6.498 6.508 6.518 6.528 6.537 6.546 6.554 6.563 6.570 6.578 6.586 6.594 6.602 6.610 6.619 6.628 6.638 6.648 6.659 6.671 6.683
5.686 5.708 5.729 5.751 5.772 5.793 5.813 5.832 5.851 5.868 5.885 5.901 5.915 5.929 5.943 5.955 5.967 5.979 5.990 6.001 6.013 6.025 6.037 6.051 6.064 6.077 6.092 6.107 6.124 6.140 6.158 6.175 6.192 6.210 6.227 6.244 6.261 6.278 6.294 6.310 6.325 6.340 6.354 6.368 6.382 6.395 6.408 6.420 6.431 6.442 6.453 6.465 6.476 6.487 6.498 6.509 6.520 6.531 6.541 6.551 6.560 6.569 6.578 6.586 6.594 6.602 6.610 6.618 6.627 6.636 6.644 6.653 6.663 6.674 6.686 6.698
5.693 5.715 5.737 5.759 5.780 5.802 5.822 5.842 5.862 5.880 5.898 5.915 5.930 5.945 5.959 5.973 5.985 5.997 6.008 6.020 6.031 6.042 6.054 6.066 6.078 6.091 6.104 6.119 6.135 6.151 6.167 6.184 6.201 6.218 6.235 6.252 6.269 6.286 6.302 6.318 6.333 6.349 6.363 6.377 6.391 6.404 6.418 6.429 6.440 6.452 6.463 6.475 6.486 6.498 6.509 6.520 6.531 6.542 6.553 6.563 6.573 6.583 6.592 6.601 6.610 6.618 6.626 6.635 6.643 6.652 6.661 6.669 6.679 6.690 6.701 6.713
5.698 5.721 5.743 5.765 5.787 5.809 5.830 5.851 5.871 5.891 5.909 5.927 5.944 5.960 5.975 5.989 6.002 6.014 6.026 6.038 6.049 6.060 6.071 6.083 6.094 6.105 6.118 6.132 6.147 6.162 6.178 6.194 6.210 6.227 6.244 6.261 6.278 6.294 6.311 6.327 6.342 6.357 6.372 6.387 6.400 6.414 6.427 6.439 6.450 6.462 6.473 6.485 6.496 6.508 6.519 6.531 6.542 6.553 6.564 6.575 6.586 6.596 6.606 6.616 6.625 6.634 6.643 6.651 6.660 6.669 6.678 6.686 6.696 6.706 6.717 6.729
5.704 5.726 5.748 5.770 5.793 5.815 5.837 5.858 5.879 5.899 5.919 5.937 5.955 5.972 5.988 6.003 6.017 6.031 6.043 6.055 6.066 6.077 6.088 6.100 6.110 6.121 6.133 6.146 6.160 6.174 6.189 6.205 6.221 6.237 6.254 6.270 6.287 6.303 6.319 6.335 6.351 6.366 6.381 6.396 6.410 6.423 6.437 6.449 6.460 6.471 6.483 6.495 6.506 6.518 6.529 6.541 6.553 6.564 6.576 6.587 6.598 6.609 6.619 6.629 6.639 6.649 6.658 6.668 6.677 6.686 6.694 6.703 6.712 6.723 6.734 6.745
5.708 5.730 5.752 5.775 5.798 5.820 5.842 5.864 5.885 5.906 5.927 5.946 5.965 5.983 6.000 6.016 6.031 6.045 6.059 6.071 6.083 6.095 6.106 6.117 6.127 6.137 6.148 6.161 6.174 6.187 6.202 6.216 6.232 6.248 6.264 6.280 6.296 6.313 6.329 6.345 6.360 6.376 6.391 6.405 6.419 6.433 6.446 6.458 6.469 6.481 6.493 6.504 6.516 6.528 6.539 6.551 6.563 6.574 6.586 6.598 6.609 6.621 6.632 6.643 6.653 6.664 6.674 6.684 6.694 6.703 6.711 6.720 6.729 6.740 6.751 6.762
5.713 5.735 5.757 5.779 5.802 5.824 5.847 5.869 5.891 5.912 5.933 5.953 5.973 5.992 6.009 6.027 6.043 6.058 6.072 6.086 6.099 6.111 6.122 6.133 6.143 6.153 6.164 6.176 6.188 6.201 6.215 6.229 6.244 6.259 6.274 6.290 6.306 6.322 6.338 6.354 6.370 6.385 6.400 6.415 6.429 6.443 6.456 6.468 6.479 6.491 6.503 6.514 6.526 6.537 6.549 6.561 6.573 6.584 6.596 6.608 6.620 6.632 6.644 6.655 6.667 6.678 6.688 6.699 6.709 6.719 6.727 6.737 6.746 6.757 6.768 6.779
5.718 5.739 5.761 5.783 5.806 5.828 5.850 5.873 5.895 5.916 5.938 5.959 5.979 5.999 6.017 6.035 6.053 6.069 6.084 6.099 6.113 6.125 6.138 6.149 6.159 6.169 6.180 6.191 6.203 6.216 6.228 6.242 6.256 6.271 6.286 6.301 6.317 6.333 6.349 6.364 6.380 6.395 6.410 6.425 6.439 6.453 6.466 6.478 6.489 6.501 6.513 6.524 6.536 6.547 6.559 6.571 6.582 6.594 6.607 6.619 6.631 6.643 6.656 6.668 6.679 6.691 6.703 6.714 6.725 6.735 6.744 6.753 6.763 6.774 6.785 6.796
5.724 5.744 5.765 5.787 5.809 5.831 5.854 5.876 5.898 5.920 5.942 5.963 5.984 6.004 6.024 6.043 6.061 6.078 6.094 6.110 6.125 6.138 6.152 6.163 6.173 6.184 6.195 6.207 6.218 6.230 6.242 6.255 6.269 6.283 6.298 6.313 6.328 6.344 6.359 6.375 6.390 6.406 6.421 6.435 6.450 6.464 6.477 6.488 6.500 6.511 6.523 6.534 6.546 6.557 6.569 6.580 6.592 6.604 6.617 6.629 6.642 6.654 6.667 6.679 6.692 6.704 6.716 6.728 6.739 6.750 6.759 6.769 6.780 6.790 6.802 6.813
5.730 5.749 5.770 5.791 5.813 5.835 5.857 5.879 5.901 5.923 5.945 5.966 5.987 6.008 6.028 6.048 6.067 6.085 6.103 6.119 6.135 6.150 6.163 6.176 6.187 6.198 6.210 6.221 6.233 6.244 6.256 6.269 6.282 6.296 6.310 6.324 6.339 6.355 6.370 6.386 6.401 6.416 6.431 6.446 6.460 6.474 6.487 6.498 6.510 6.522 6.533 6.545 6.556 6.567 6.579 6.590 6.602 6.614 6.627 6.639 6.652 6.665 6.678 6.691 6.704 6.716 6.729 6.741 6.754 6.765 6.775 6.785 6.796 6.807 6.818 6.830
5.736 5.755 5.776 5.796 5.817 5.838 5.860 5.882 5.903 5.925 5.947 5.969 5.990 6.011 6.032 6.052 6.072 6.091 6.109 6.126 6.143 6.159 6.174 6.187 6.199 6.211 6.223 6.235 6.246 6.258 6.270 6.282 6.295 6.308 6.322 6.336 6.351 6.366 6.381 6.396 6.412 6.427 6.442 6.457 6.471 6.485 6.498 6.509 6.521 6.533 6.544 6.555 6.567 6.578 6.589 6.601 6.612 6.624 6.637 6.649 6.662 6.675 6.689 6.702 6.715 6.729 6.742 6.755 6.767 6.779 6.790 6.800 6.811 6.823 6.834 6.846
5.744 5.763 5.782 5.802 5.822 5.843 5.863 5.885 5.906 5.927 5.949 5.971 5.992 6.013 6.034 6.055 6.075 6.095 6.114 6.132 6.149 6.166 6.182 6.196 6.209 6.222 6.234 6.247 6.259 6.271 6.283 6.295 6.308 6.321 6.334 6.348 6.363 6.377 6.392 6.407 6.423 6.438 6.453 6.467 6.482 6.496 6.509 6.520 6.532 6.544 6.555 6.566 6.578 6.589 6.600 6.611 6.623 6.635 6.647 6.660 6.673 6.686 6.699 6.713 6.727 6.740 6.754 6.767 6.781 6.793 6.804 6.815 6.827 6.838 6.850 6.862
5.753 5.771 5.789 5.808 5.828 5.848 5.868 5.888 5.909 5.930 5.951 5.972 5.994 6.015 6.036 6.057 6.078 6.098 6.117 6.136 6.154 6.172 6.189 6.204 6.217 6.231 6.245 6.257 6.270 6.282 6.295 6.307 6.320 6.333 6.346 6.360 6.374 6.388 6.403 6.418 6.433 6.448 6.463 6.478 6.493 6.507 6.520 6.531 6.543 6.555 6.566 6.578 6.589 6.600 6.611 6.622 6.634 6.646 6.658 6.670 6.683 6.697 6.710 6.724 6.738 6.752 6.766 6.780 6.793 6.806 6.818 6.830 6.841 6.853 6.865 6.878
5.763 5.780 5.798 5.816 5.835 5.854 5.873 5.892 5.913 5.933 5.953 5.974 5.995 6.017 6.038 6.059 6.079 6.100 6.120 6.139 6.158 6.176 6.194 6.210 6.224 6.239 6.253 6.267 6.280 6.293 6.306 6.318 6.331 6.344 6.357 6.371 6.385 6.399 6.414 6.428 6.443 6.459 6.474 6.488 6.503 6.517 6.530 6.542 6.554 6.566 6.578 6.589 6.600 6.611 6.622 6.634 6.645 6.657 6.669 6.681 6.694 6.708 6.721 6.735 6.749 6.764 6.778 6.792 6.806 6.819 6.831 6.844 6.856 6.868 6.880 6.893
5.773 5.789 5.807 5.824 5.842 5.861 5.879 5.898 5.917 5.937 5.957 5.977 5.997 6.018 6.039 6.060 6.080 6.101 6.121 6.141 6.160 6.179 6.198 6.214 6.230 6.245 6.260 6.274 6.288 6.302 6.315 6.328 6.341 6.354 6.367 6.381 6.395 6.409 6.424 6.438 6.453 6.468 6.483 6.498 6.513 6.528 6.541 6.553 6.566 6.578 6.589 6.601 6.612 6.623 6.634 6.645 6.656 6.668 6.680 6.692 6.705 6.719 6.732 6.746 6.761 6.775 6.790 6.804 6.819 6.832 6.845 6.857 6.870 6.882 6.895 6.908
5.784 5.800 5.817 5.834 5.851 5.869 5.886 5.904 5.923 5.941 5.960 5.980 6.000 6.020 6.040 6.061 6.082 6.102 6.122 6.142 6.162 6.181 6.200 6.218 6.234 6.250 6.265 6.281 6.295 6.309 6.323 6.337 6.350 6.363 6.377 6.390 6.404 6.418 6.433 6.448 6.463 6.478 6.493 6.508 6.523 6.538 6.551 6.564 6.576 6.589 6.601 6.613 6.624 6.635 6.646 6.657 6.668 6.680 6.692 6.704 6.717 6.730 6.744 6.758 6.772 6.787 6.802 6.816 6.831 6.845 6.858 6.871 6.884 6.896 6.909 6.922
5.795 5.811 5.828 5.844 5.861 5.878 5.895 5.912 5.929 5.947 5.965 5.984 6.003 6.023 6.042 6.063 6.083 6.103 6.123 6.143 6.163 6.183 6.202 6.220 6.237 6.253 6.270 6.286 6.301 6.316 6.330 6.344 6.358 6.371 6.385 6.399 6.413 6.427 6.441 6.456 6.471 6.486 6.502 6.517 6.532 6.547 6.561 6.574 6.587 6.600 6.612 6.624 6.636 6.647 6.658 6.669 6.681 6.692 6.704 6.716 6.729 6.742 6.755 6.770 6.784 6.799 6.814 6.829 6.844 6.858 6.871 6.884 6.897 6.910 6.923 6.937
5.806 5.822 5.839 5.855 5.872 5.888 5.904 5.921 5.937 5.954 5.972 5.989 6.008 6.026 6.045 6.065 6.084 6.104 6.124 6.144 6.164 6.184 6.203 6.221 6.239 6.256 6.273 6.289 6.305 6.321 6.335 6.350 6.364 6.378 6.392 6.406 6.420 6.434 6.449 6.464 6.479 6.494 6.509 6.525 6.540 6.556 6.570 6.583 6.597 6.610 6.623 6.635 6.647 6.659 6.670 6.682 6.693 6.704 6.716 6.728 6.741 6.754 6.767 6.782 6.796 6.811 6.826 6.841 6.856 6.870 6.884 6.897 6.911 6.924 6.937 6.951
5.817 5.833 5.850 5.866 5.883 5.899 5.914 5.930 5.946 5.962 5.979 5.996 6.013 6.031 6.049 6.068 6.087 6.106 6.126 6.146 6.165 6.185 6.204 6.223 6.240 6.258 6.275 6.292 6.308 6.324 6.340 6.355 6.369 6.384 6.398 6.412 6.427 6.441 6.456 6.470 6.486 6.501 6.517 6.532 6.548 6.563 6.578 6.592 6.606 6.619 6.633 6.646 6.658 6.670 6.682 6.694 6.705 6.717 6.728 6.741 6.753 6.766 6.780 6.794 6.808 6.823 6.838 6.853 6.869 6.883 6.897 6.911 6.924 6.938 6.952 6.965
5.828 5.844 5.861 5.878 5.894 5.910 5.925 5.941 5.956 5.972 5.987 6.004 6.020 6.037 6.054 6.072 6.090 6.109 6.128 6.147 6.167 6.186 6.205 6.224 6.241 6.259 6.277 6.294 6.311 6.327 6.343 6.359 6.374 6.388 6.403 6.417 6.432 6.447 6.461 6.476 6.492 6.507 6.523 6.538 6.554 6.570 6.585 6.599 6.614 6.628 6.642 6.655 6.669 6.681 6.693 6.705 6.717 6.729 6.741 6.753 6.766 6.779 6.792 6.806 6.821 6.835 6.851 6.866 6.881 6.896 6.910 6.924 6.938 6.952 6.966 6.980
5.838 5.855 5.872 5.888 5.905 5.921 5.936 5.952 5.967 5.982 5.997 6.012 6.028 6.044 6.061 6.077 6.095 6.113 6.131 6.150 6.168 6.187 6.206 6.225 6.242 6.260 6.278 6.296 6.313 6.329 6.346 6.362 6.377 6.392 6.407 6.422 6.436 6.451 6.466 6.481 6.497 6.512 6.528 6.544 6.560 6.576 6.591 6.606 6.621 6.636 6.650 6.664 6.678 6.691 6.704 6.717 6.729 6.741 6.753 6.765 6.778 6.791 6.805 6.819 6.833 6.848 6.863 6.879 6.894 6.909 6.923 6.937 6.952 6.966 6.980 6.994
