version1/TsunamiDB/out54076.asc
ncols          264
nrows          230
xllcorner      497853.4375
yllcorner      4229146.0000
cellsize         5.
NODATA_value   -99
[rows 102 to 135 of 230, columns 152 to 227 of 264]
6.551 6.581 6.610 6.638 6.665 6.691 6.717 6.741 6.765 6.788 6.810 6.831 6.851 6.871 6.890 6.909 6.926 6.943 6.960 6.975 6.989 7.002 7.014 7.026 7.037 7.048 7.058 7.067 7.076 7.085 7.094 7.103 7.113 7.123 7.134 7.146 7.158 7.171 7.184 7.197 7.211 7.225 7.238 7.251 7.264 7.278 7.292 7.306 7.322 7.337 7.353 7.369 7.383 7.397 7.411 7.426 7.441 7.456 7.473 7.490 7.508 7.527 7.547 7.569 7.595 7.628 7.663 7.704 7.753 7.808 7.869 7.941 8.024 8.118 8.213 8.273
6.516 6.548 6.579 6.609 6.639 6.667 6.695 6.721 6.747 6.771 6.795 6.818 6.839 6.860 6.881 6.900 6.919 6.937 6.955 6.971 6.985 6.999 7.013 7.026 7.038 7.049 7.060 7.070 7.080 7.089 7.098 7.108 7.118 7.128 7.139 7.151 7.163 7.176 7.189 7.202 7.216 7.230 7.243 7.255 7.268 7.281 7.295 7.310 7.326 7.342 7.358 7.373 7.388 7.402 7.415 7.429 7.444 7.459 7.476 7.494 7.514 7.536 7.561 7.588 7.619 7.656 7.695 7.740 7.792 7.848 7.909 7.977 8.060 8.155 8.252 8.312
6.474 6.507 6.540 6.573 6.604 6.635 6.665 6.693 6.721 6.748 6.773 6.798 6.822 6.844 6.866 6.887 6.907 6.927 6.946 6.963 6.979 6.994 7.009 7.023 7.036 7.048 7.060 7.071 7.081 7.091 7.101 7.111 7.121 7.131 7.142 7.154 7.166 7.179 7.192 7.205 7.219 7.233 7.246 7.258 7.270 7.284 7.298 7.312 7.328 7.344 7.361 7.377 7.392 7.405 7.418 7.431 7.446 7.461 7.478 7.498 7.521 7.547 7.577 7.609 7.645 7.685 7.728 7.776 7.831 7.889 7.950 8.018 8.098 8.191 8.290 8.351
6.429 6.463 6.496 6.530 6.563 6.595 6.627 6.658 6.688 6.716 6.744 6.771 6.797 6.822 6.846 6.868 6.890 6.912 6.932 6.951 6.968 6.985 7.001 7.016 7.030 7.044 7.057 7.069 7.080 7.091 7.101 7.111 7.122 7.133 7.144 7.156 7.168 7.181 7.194 7.207 7.221 7.234 7.247 7.259 7.272 7.285 7.299 7.314 7.329 7.346 7.363 7.379 7.394 7.407 7.418 7.432 7.446 7.462 7.481 7.503 7.529 7.561 7.595 7.632 7.673 7.716 7.761 7.813 7.872 7.931 7.992 8.059 8.135 8.230 8.335 8.396
6.387 6.419 6.452 6.485 6.518 6.551 6.583 6.615 6.647 6.678 6.708 6.737 6.765 6.792 6.818 6.843 6.867 6.890 6.913 6.933 6.952 6.971 6.988 7.005 7.021 7.036 7.050 7.063 7.076 7.087 7.099 7.110 7.120 7.132 7.143 7.155 7.167 7.180 7.194 7.207 7.221 7.234 7.247 7.259 7.271 7.284 7.298 7.313 7.330 7.346 7.363 7.380 7.394 7.406 7.417 7.432 7.447 7.464 7.485 7.510 7.541 7.576 7.615 7.657 7.702 7.748 7.795 7.851 7.911 7.973 8.036 8.102 8.177 8.281 8.389 8.443
6.351 6.380 6.411 6.442 6.474 6.506 6.538 6.571 6.603 6.634 6.665 6.696 6.726 6.754 6.783 6.810 6.836 6.862 6.886 6.909 6.931 6.951 6.971 6.989 7.007 7.024 7.039 7.054 7.068 7.081 7.093 7.105 7.116 7.128 7.140 7.152 7.165 7.178 7.192 7.205 7.219 7.233 7.245 7.257 7.269 7.283 7.297 7.312 7.328 7.345 7.363 7.379 7.393 7.404 7.417 7.432 7.448 7.468 7.491 7.520 7.555 7.594 7.637 7.684 7.733 7.781 7.830 7.889 7.952 8.017 8.083 8.153 8.237 8.341 8.438 8.488
6.323 6.349 6.377 6.406 6.436 6.466 6.497 6.528 6.559 6.590 6.621 6.652 6.683 6.713 6.742 6.771 6.799 6.827 6.854 6.879 6.902 6.925 6.947 6.968 6.987 7.006 7.024 7.040 7.055 7.070 7.083 7.096 7.109 7.121 7.134 7.147 7.160 7.174 7.188 7.202 7.216 7.229 7.242 7.254 7.266 7.280 7.294 7.309 7.326 7.343 7.360 7.376 7.390 7.403 7.417 7.433 7.452 7.473 7.501 7.533 7.571 7.613 7.661 7.712 7.766 7.815 7.865 7.928 7.997 8.065 8.135 8.213 8.301 8.397 8.483 8.530
6.303 6.327 6.352 6.378 6.405 6.433 6.461 6.490 6.520 6.550 6.580 6.610 6.640 6.670 6.700 6.730 6.759 6.788 6.816 6.843 6.868 6.893 6.917 6.940 6.962 6.983 7.003 7.021 7.038 7.054 7.069 7.084 7.098 7.111 7.125 7.138 7.152 7.167 7.181 7.196 7.210 7.224 7.238 7.250 7.262 7.276 7.290 7.306 7.322 7.339 7.356 7.372 7.387 7.402 7.417 7.436 7.457 7.482 7.512 7.548 7.589 7.634 7.686 7.742 7.799 7.850 7.903 7.972 8.044 8.117 8.193 8.275 8.361 8.449 8.527 8.570
6.291 6.313 6.335 6.359 6.383 6.409 6.435 6.461 6.488 6.516 6.544 6.573 6.602 6.631 6.660 6.689 6.718 6.747 6.776 6.804 6.831 6.857 6.883 6.908 6.932 6.955 6.976 6.997 7.016 7.034 7.051 7.067 7.082 7.097 7.112 7.127 7.142 7.157 7.172 7.188 7.203 7.218 7.231 7.244 7.256 7.270 7.285 7.300 7.317 7.334 7.352 7.369 7.385 7.402 7.420 7.441 7.464 7.493 7.526 7.565 7.608 7.657 7.712 7.773 7.835 7.888 7.944 8.017 8.094 8.172 8.252 8.334 8.417 8.496 8.567 8.607
6.286 6.305 6.325 6.347 6.369 6.392 6.416 6.440 6.465 6.491 6.517 6.543 6.570 6.598 6.625 6.654 6.682 6.710 6.739 6.766 6.793 6.820 6.847 6.873 6.898 6.923 6.946 6.969 6.990 7.010 7.028 7.046 7.063 7.080 7.096 7.112 7.128 7.145 7.161 7.178 7.194 7.209 7.223 7.236 7.249 7.263 7.278 7.294 7.311 7.328 7.347 7.365 7.384 7.403 7.424 7.448 7.474 7.506 7.543 7.584 7.630 7.681 7.740 7.805 7.873 7.928 7.987 8.065 8.146 8.228 8.308 8.389 8.468 8.540 8.604 8.642
6.285 6.303 6.321 6.340 6.361 6.382 6.404 6.427 6.450 6.473 6.498 6.522 6.547 6.573 6.599 6.625 6.652 6.679 6.706 6.733 6.759 6.785 6.812 6.838 6.864 6.890 6.914 6.938 6.961 6.982 7.003 7.022 7.041 7.059 7.077 7.094 7.112 7.130 7.148 7.165 7.183 7.199 7.214 7.227 7.240 7.255 7.270 7.286 7.303 7.322 7.342 7.363 7.385 7.407 7.431 7.457 7.486 7.521 7.561 7.605 7.652 7.706 7.769 7.840 7.914 7.970 8.031 8.115 8.199 8.281 8.361 8.439 8.514 8.581 8.638 8.673
6.288 6.304 6.321 6.339 6.358 6.377 6.398 6.419 6.441 6.463 6.485 6.508 6.532 6.555 6.580 6.604 6.629 6.655 6.680 6.706 6.731 6.756 6.782 6.808 6.833 6.859 6.884 6.908 6.931 6.954 6.975 6.996 7.016 7.036 7.055 7.074 7.093 7.112 7.132 7.151 7.169 7.187 7.202 7.216 7.230 7.245 7.261 7.277 7.296 7.317 7.339 7.363 7.387 7.412 7.439 7.468 7.500 7.537 7.580 7.627 7.677 7.734 7.801 7.877 7.955 8.014 8.077 8.164 8.248 8.331 8.409 8.484 8.554 8.616 8.668 8.701
6.293 6.308 6.324 6.340 6.358 6.377 6.396 6.416 6.436 6.457 6.479 6.500 6.522 6.545 6.567 6.591 6.614 6.638 6.662 6.686 6.709 6.733 6.758 6.782 6.807 6.832 6.856 6.880 6.904 6.927 6.949 6.970 6.991 7.011 7.032 7.052 7.072 7.093 7.114 7.134 7.154 7.172 7.188 7.203 7.218 7.234 7.251 7.269 7.289 7.312 7.337 7.363 7.391 7.420 7.449 7.480 7.515 7.555 7.601 7.650 7.703 7.763 7.833 7.913 7.996 8.057 8.122 8.210 8.294 8.376 8.452 8.524 8.591 8.648 8.697 8.727
6.300 6.314 6.329 6.344 6.361 6.379 6.397 6.416 6.436 6.456 6.476 6.497 6.518 6.539 6.561 6.583 6.605 6.628 6.651 6.672 6.695 6.717 6.740 6.764 6.787 6.811 6.834 6.857 6.880 6.903 6.924 6.946 6.967 6.988 7.009 7.030 7.051 7.073 7.094 7.116 7.137 7.157 7.174 7.189 7.205 7.222 7.241 7.260 7.283 7.308 7.336 7.366 7.397 7.429 7.460 7.494 7.531 7.574 7.622 7.674 7.731 7.794 7.867 7.952 8.042 8.104 8.168 8.256 8.341 8.420 8.494 8.564 8.627 8.680 8.725 8.751
6.309 6.321 6.335 6.350 6.366 6.383 6.400 6.419 6.438 6.457 6.477 6.497 6.517 6.538 6.559 6.580 6.601 6.623 6.645 6.665 6.686 6.707 6.729 6.751 6.773 6.796 6.818 6.840 6.862 6.883 6.904 6.925 6.946 6.966 6.987 7.008 7.030 7.052 7.075 7.097 7.120 7.140 7.158 7.174 7.191 7.210 7.231 7.253 7.278 7.306 7.337 7.371 7.405 7.439 7.473 7.509 7.549 7.595 7.646 7.701 7.762 7.829 7.905 7.999 8.092 8.151 8.214 8.302 8.385 8.462 8.534 8.600 8.659 8.708 8.748 8.773
6.318 6.329 6.343 6.357 6.372 6.388 6.405 6.423 6.441 6.460 6.480 6.500 6.520 6.540 6.560 6.581 6.601 6.622 6.643 6.663 6.683 6.703 6.724 6.744 6.766 6.787 6.808 6.828 6.849 6.869 6.889 6.909 6.929 6.949 6.969 6.989 7.011 7.033 7.056 7.079 7.102 7.123 7.142 7.160 7.178 7.200 7.223 7.247 7.275 7.307 7.341 7.377 7.413 7.450 7.488 7.527 7.569 7.618 7.672 7.732 7.797 7.870 7.954 8.050 8.140 8.197 8.259 8.345 8.426 8.502 8.570 8.633 8.688 8.733 8.771 8.794
6.327 6.338 6.351 6.364 6.379 6.394 6.411 6.428 6.446 6.465 6.484 6.504 6.523 6.543 6.563 6.584 6.604 6.625 6.645 6.664 6.683 6.703 6.722 6.742 6.762 6.782 6.802 6.822 6.841 6.861 6.879 6.898 6.916 6.935 6.954 6.974 6.995 7.017 7.040 7.063 7.086 7.108 7.127 7.147 7.167 7.191 7.217 7.244 7.275 7.309 7.345 7.383 7.423 7.463 7.505 7.546 7.591 7.644 7.704 7.768 7.838 7.917 8.006 8.099 8.185 8.240 8.300 8.384 8.464 8.537 8.603 8.662 8.713 8.756 8.792 8.813
6.337 6.348 6.359 6.372 6.386 6.401 6.417 6.434 6.452 6.471 6.490 6.509 6.529 6.548 6.568 6.589 6.609 6.629 6.649 6.667 6.686 6.705 6.725 6.744 6.763 6.782 6.801 6.820 6.839 6.857 6.874 6.892 6.909 6.926 6.944 6.963 6.983 7.004 7.026 7.049 7.072 7.094 7.115 7.136 7.159 7.185 7.213 7.242 7.276 7.312 7.350 7.391 7.433 7.478 7.524 7.569 7.617 7.676 7.740 7.808 7.884 7.967 8.055 8.145 8.228 8.281 8.339 8.421 8.498 8.570 8.633 8.689 8.737 8.777 8.811 8.831
6.348 6.358 6.369 6.381 6.394 6.409 6.424 6.441 6.459 6.477 6.496 6.515 6.534 6.554 6.574 6.594 6.615 6.635 6.654 6.673 6.692 6.710 6.729 6.748 6.767 6.786 6.804 6.822 6.840 6.857 6.873 6.890 6.906 6.922 6.938 6.956 6.974 6.994 7.016 7.038 7.061 7.084 7.106 7.129 7.153 7.181 7.211 7.243 7.278 7.316 7.356 7.399 7.446 7.494 7.546 7.595 7.647 7.711 7.780 7.854 7.932 8.015 8.102 8.188 8.268 8.319 8.375 8.455 8.530 8.600 8.660 8.713 8.759 8.797 8.829 8.847
6.359 6.368 6.378 6.390 6.402 6.417 6.432 6.448 6.465 6.483 6.502 6.521 6.541 6.561 6.581 6.601 6.621 6.642 6.661 6.680 6.698 6.717 6.736 6.755 6.773 6.791 6.809 6.827 6.844 6.860 6.876 6.891 6.906 6.921 6.936 6.952 6.970 6.989 7.009 7.031 7.055 7.079 7.102 7.125 7.151 7.180 7.212 7.245 7.281 7.321 7.364 7.409 7.459 7.514 7.571 7.624 7.680 7.749 7.823 7.901 7.979 8.060 8.145 8.228 8.307 8.356 8.409 8.487 8.561 8.627 8.685 8.737 8.780 8.816 8.846 8.863
6.370 6.378 6.388 6.399 6.411 6.425 6.439 6.455 6.472 6.490 6.509 6.528 6.548 6.568 6.588 6.608 6.629 6.649 6.669 6.687 6.706 6.725 6.744 6.762 6.781 6.799 6.817 6.834 6.851 6.867 6.882 6.896 6.910 6.924 6.938 6.953 6.969 6.987 7.007 7.029 7.053 7.077 7.101 7.125 7.151 7.181 7.214 7.248 7.286 7.328 7.372 7.420 7.475 7.536 7.599 7.656 7.716 7.791 7.869 7.946 8.024 8.104 8.185 8.266 8.343 8.391 8.442 8.518 8.589 8.653 8.709 8.758 8.800 8.834 8.861 8.876
6.382 6.389 6.398 6.409 6.420 6.433 6.447 6.463 6.480 6.497 6.516 6.535 6.555 6.575 6.595 6.616 6.636 6.657 6.677 6.696 6.715 6.734 6.752 6.771 6.790 6.808 6.825 6.843 6.859 6.875 6.890 6.904 6.917 6.929 6.942 6.956 6.971 6.989 7.008 7.030 7.054 7.079 7.103 7.128 7.154 7.185 7.218 7.252 7.292 7.336 7.382 7.435 7.495 7.561 7.630 7.690 7.754 7.832 7.912 7.990 8.066 8.143 8.222 8.301 8.378 8.424 8.474 8.548 8.615 8.676 8.730 8.778 8.818 8.850 8.873 8.887
6.394 6.401 6.409 6.419 6.430 6.442 6.456 6.471 6.487 6.505 6.523 6.542 6.562 6.582 6.603 6.623 6.644 6.665 6.685 6.705 6.724 6.743 6.762 6.781 6.799 6.818 6.835 6.853 6.869 6.885 6.899 6.913 6.925 6.937 6.949 6.962 6.977 6.994 7.013 7.035 7.059 7.084 7.109 7.134 7.160 7.190 7.223 7.259 7.300 7.346 7.395 7.452 7.516 7.587 7.661 7.724 7.791 7.872 7.952 8.031 8.106 8.181 8.257 8.335 8.410 8.457 8.505 8.575 8.640 8.698 8.749 8.795 8.834 8.864 8.884 8.896
6.406 6.413 6.420 6.429 6.439 6.451 6.464 6.479 6.495 6.512 6.530 6.549 6.569 6.590 6.610 6.631 6.653 6.674 6.694 6.714 6.733 6.753 6.772 6.791 6.810 6.828 6.846 6.864 6.880 6.896 6.911 6.924 6.936 6.947 6.958 6.971 6.985 7.001 7.021 7.043 7.067 7.092 7.117 7.142 7.167 7.198 7.231 7.268 7.311 7.358 7.412 7.472 7.540 7.616 7.696 7.762 7.829 7.911 7.993 8.071 8.145 8.219 8.291 8.367 8.445 8.490 8.535 8.603 8.664 8.719 8.767 8.812 8.849 8.877 8.893 8.903
6.419 6.425 6.432 6.440 6.450 6.461 6.474 6.488 6.503 6.520 6.538 6.557 6.577 6.597 6.618 6.640 6.661 6.683 6.703 6.723 6.743 6.763 6.782 6.802 6.821 6.840 6.858 6.876 6.892 6.908 6.923 6.936 6.948 6.959 6.969 6.982 6.996 7.012 7.031 7.053 7.078 7.103 7.127 7.151 7.176 7.208 7.242 7.281 7.325 7.375 7.433 7.497 7.569 7.652 7.736 7.800 7.866 7.950 8.031 8.109 8.183 8.254 8.324 8.404 8.482 8.523 8.565 8.629 8.687 8.738 8.784 8.826 8.862 8.885 8.897 8.907
6.433 6.438 6.445 6.452 6.461 6.471 6.483 6.497 6.512 6.528 6.546 6.565 6.585 6.605 6.626 6.648 6.670 6.691 6.713 6.733 6.753 6.773 6.793 6.813 6.833 6.852 6.870 6.888 6.905 6.922 6.936 6.950 6.961 6.972 6.982 6.995 7.009 7.025 7.044 7.066 7.090 7.115 7.138 7.162 7.189 7.222 7.258 7.298 7.345 7.399 7.460 7.528 7.606 7.692 7.774 7.837 7.903 7.986 8.068 8.146 8.219 8.291 8.364 8.442 8.514 8.552 8.593 8.653 8.706 8.754 8.797 8.836 8.867 8.887 8.900 8.909
6.446 6.452 6.457 6.464 6.473 6.482 6.494 6.506 6.521 6.537 6.555 6.573 6.593 6.614 6.635 6.657 6.679 6.701 6.722 6.743 6.763 6.784 6.804 6.825 6.845 6.864 6.883 6.902 6.919 6.936 6.951 6.964 6.976 6.987 6.997 7.009 7.023 7.039 7.058 7.080 7.104 7.127 7.151 7.177 7.206 7.240 7.278 7.321 7.371 7.429 7.493 7.565 7.646 7.731 7.812 7.874 7.938 8.022 8.104 8.182 8.256 8.330 8.404 8.477 8.542 8.579 8.617 8.672 8.722 8.767 8.806 8.841 8.868 8.886 8.901 8.909
6.460 6.465 6.471 6.477 6.485 6.494 6.504 6.517 6.531 6.546 6.563 6.582 6.602 6.622 6.644 6.666 6.688 6.710 6.732 6.753 6.774 6.795 6.816 6.837 6.857 6.877 6.897 6.915 6.933 6.950 6.966 6.980 6.992 7.003 7.013 7.025 7.039 7.055 7.073 7.095 7.118 7.141 7.167 7.195 7.227 7.263 7.302 7.349 7.403 7.463 7.531 7.606 7.687 7.770 7.849 7.910 7.974 8.058 8.140 8.219 8.294 8.368 8.440 8.508 8.568 8.602 8.638 8.688 8.734 8.775 8.811 8.841 8.865 8.884 8.899 8.907
6.474 6.479 6.484 6.490 6.498 6.506 6.516 6.528 6.541 6.556 6.573 6.591 6.611 6.631 6.653 6.675 6.698 6.720 6.742 6.764 6.785 6.807 6.828 6.849 6.870 6.891 6.911 6.930 6.948 6.966 6.982 6.996 7.009 7.020 7.030 7.042 7.056 7.071 7.089 7.110 7.133 7.158 7.186 7.217 7.252 7.290 7.332 7.383 7.440 7.503 7.572 7.647 7.727 7.808 7.887 7.947 8.010 8.094 8.176 8.256 8.332 8.404 8.474 8.536 8.590 8.622 8.655 8.701 8.742 8.779 8.811 8.838 8.860 8.879 8.894 8.902
6.488 6.493 6.498 6.504 6.511 6.519 6.528 6.539 6.552 6.567 6.583 6.601 6.620 6.641 6.662 6.685 6.708 6.731 6.753 6.775 6.797 6.819 6.840 6.862 6.883 6.904 6.925 6.945 6.964 6.982 6.999 7.014 7.027 7.038 7.048 7.060 7.073 7.088 7.106 7.127 7.151 7.177 7.207 7.242 7.281 7.321 7.366 7.420 7.480 7.546 7.614 7.687 7.766 7.847 7.927 7.985 8.047 8.131 8.214 8.293 8.367 8.438 8.503 8.561 8.610 8.639 8.668 8.709 8.747 8.780 8.808 8.832 8.853 8.871 8.887 8.895
6.501 6.507 6.512 6.518 6.524 6.532 6.541 6.551 6.563 6.577 6.593 6.611 6.630 6.651 6.672 6.695 6.718 6.741 6.764 6.786 6.809 6.831 6.853 6.875 6.897 6.919 6.940 6.961 6.981 6.999 7.017 7.032 7.045 7.056 7.066 7.078 7.091 7.105 7.123 7.145 7.170 7.198 7.233 7.271 7.313 7.356 7.403 7.460 7.523 7.588 7.656 7.728 7.805 7.887 7.967 8.025 8.085 8.170 8.252 8.329 8.401 8.469 8.531 8.583 8.627 8.652 8.679 8.715 8.748 8.777 8.803 8.824 8.844 8.861 8.878 8.885
6.515 6.520 6.526 6.532 6.538 6.545 6.554 6.564 6.575 6.589 6.604 6.621 6.640 6.661 6.683 6.705 6.729 6.753 6.775 6.798 6.821 6.844 6.867 6.889 6.912 6.934 6.956 6.977 6.998 7.017 7.035 7.051 7.064 7.075 7.085 7.096 7.109 7.123 7.142 7.165 7.192 7.224 7.261 7.303 7.348 7.393 7.442 7.502 7.565 7.631 7.698 7.769 7.846 7.927 8.009 8.065 8.125 8.210 8.289 8.363 8.432 8.496 8.554 8.601 8.640 8.663 8.686 8.717 8.746 8.773 8.795 8.814 8.833 8.850 8.866 8.874
6.527 6.534 6.540 6.546 6.552 6.559 6.567 6.577 6.588 6.601 6.616 6.632 6.651 6.671 6.693 6.716 6.740 6.764 6.787 6.810 6.833 6.857 6.880 6.903 6.927 6.949 6.972 6.994 7.015 7.035 7.054 7.070 7.084 7.094 7.104 7.115 7.128 7.143 7.162 7.186 7.215 7.251 7.291 7.336 7.384 7.431 7.482 7.542 7.607 7.674 7.740 7.810 7.886 7.967 8.050 8.106 8.166 8.248 8.324 8.396 8.461 8.522 8.575 8.619 8.653 8.672 8.692 8.719 8.744 8.768 8.787 8.805 8.822 8.838 8.854 8.861
6.540 6.547 6.553 6.560 6.566 6.573 6.581 6.590 6.601 6.613 6.627 6.644 6.662 6.682 6.704 6.727 6.751 6.775 6.798 6.822 6.846 6.870 6.894 6.918 6.942 6.965 6.988 7.011 7.033 7.054 7.073 7.090 7.103 7.113 7.122 7.134 7.148 7.163 7.183 7.210 7.242 7.280 7.324 7.372 7.423 7.471 7.522 7.584 7.651 7.717 7.784 7.854 7.928 8.010 8.097 8.153 8.209 8.288 8.362 8.430 8.492 8.548 8.598 8.637 8.665 8.680 8.697 8.721 8.743 8.762 8.779 8.795 8.810 8.825 8.841 8.848
