version1/TsunamiDB/out54069.asc
ncols          264
nrows          230
xllcorner      497853.4375
yllcorner      4229146.0000
cellsize         5.
NODATA_value   -99
[rows 0 to 32 of 230, columns 150 to 224 of 264]
5.447 5.469 5.492 5.514 5.535 5.555 5.575 5.596 5.615 5.634 5.653 5.670 5.687 5.702 5.717 5.731 5.744 5.757 5.769 5.780 5.792 5.803 5.815 5.827 5.840 5.853 5.867 5.880 5.894 5.909 5.924 5.939 5.955 5.970 5.986 6.001 6.015 6.029 6.042 6.055 6.067 6.078 6.088 6.098 6.107 6.115 6.123 6.130 6.137 6.144 6.151 6.157 6.165 6.174 6.183 6.194 6.206 6.218 6.232 6.247 6.262 6.279 6.296 6.314 6.332 6.351 6.371 6.391 6.411 6.432 6.453 6.474 6.495 6.515 6.534
5.452 5.475 5.497 5.520 5.541 5.561 5.582 5.603 5.623 5.643 5.662 5.680 5.698 5.715 5.730 5.745 5.759 5.772 5.785 5.797 5.808 5.819 5.831 5.842 5.854 5.866 5.879 5.891 5.904 5.918 5.932 5.947 5.962 5.977 5.993 6.007 6.022 6.036 6.050 6.063 6.075 6.087 6.097 6.107 6.117 6.125 6.134 6.141 6.149 6.156 6.162 6.169 6.176 6.184 6.193 6.203 6.214 6.226 6.239 6.253 6.268 6.284 6.301 6.318 6.336 6.355 6.374 6.394 6.414 6.435 6.456 6.477 6.498 6.518 6.537
5.457 5.480 5.502 5.525 5.546 5.567 5.588 5.609 5.630 5.650 5.670 5.689 5.707 5.725 5.742 5.758 5.773 5.787 5.800 5.812 5.824 5.835 5.846 5.857 5.868 5.880 5.892 5.903 5.915 5.928 5.942 5.956 5.970 5.985 6.000 6.015 6.029 6.043 6.057 6.070 6.083 6.095 6.106 6.117 6.126 6.136 6.144 6.152 6.160 6.167 6.174 6.180 6.187 6.195 6.203 6.213 6.223 6.234 6.247 6.260 6.274 6.290 6.306 6.323 6.341 6.359 6.378 6.398 6.418 6.438 6.459 6.480 6.502 6.521 6.541
5.462 5.485 5.507 5.529 5.550 5.571 5.592 5.614 5.635 5.656 5.676 5.696 5.715 5.734 5.751 5.768 5.784 5.799 5.813 5.827 5.839 5.851 5.862 5.873 5.884 5.895 5.906 5.917 5.927 5.939 5.952 5.966 5.979 5.994 6.008 6.022 6.037 6.051 6.065 6.078 6.091 6.103 6.115 6.125 6.136 6.145 6.154 6.162 6.170 6.178 6.185 6.191 6.198 6.205 6.213 6.222 6.232 6.243 6.255 6.267 6.281 6.296 6.311 6.328 6.345 6.363 6.382 6.402 6.422 6.442 6.463 6.484 6.505 6.525 6.545
5.467 5.489 5.511 5.533 5.555 5.575 5.597 5.618 5.639 5.660 5.681 5.701 5.721 5.741 5.759 5.777 5.794 5.810 5.825 5.840 5.853 5.865 5.877 5.888 5.899 5.910 5.921 5.931 5.941 5.952 5.964 5.976 5.989 6.003 6.017 6.031 6.045 6.059 6.072 6.086 6.099 6.111 6.123 6.134 6.145 6.155 6.164 6.173 6.181 6.189 6.195 6.201 6.208 6.216 6.224 6.232 6.242 6.252 6.263 6.275 6.288 6.302 6.317 6.334 6.351 6.368 6.387 6.406 6.426 6.446 6.467 6.488 6.509 6.529 6.549
5.473 5.494 5.516 5.538 5.559 5.579 5.600 5.622 5.643 5.664 5.685 5.706 5.726 5.746 5.765 5.784 5.802 5.819 5.835 5.851 5.865 5.879 5.891 5.903 5.914 5.925 5.936 5.945 5.955 5.965 5.976 5.988 6.000 6.013 6.026 6.040 6.053 6.067 6.080 6.094 6.107 6.119 6.131 6.143 6.154 6.164 6.173 6.183 6.191 6.199 6.206 6.212 6.219 6.226 6.234 6.242 6.251 6.261 6.272 6.283 6.296 6.309 6.324 6.340 6.356 6.374 6.392 6.411 6.430 6.451 6.471 6.493 6.513 6.533 6.554
5.478 5.499 5.521 5.542 5.563 5.583 5.604 5.625 5.647 5.668 5.689 5.710 5.731 5.751 5.771 5.790 5.809 5.826 5.844 5.860 5.875 5.890 5.903 5.916 5.928 5.939 5.950 5.960 5.969 5.979 5.990 6.001 6.012 6.024 6.037 6.049 6.063 6.076 6.089 6.102 6.115 6.128 6.140 6.151 6.162 6.173 6.183 6.192 6.201 6.209 6.216 6.223 6.230 6.237 6.245 6.253 6.261 6.271 6.281 6.292 6.304 6.317 6.331 6.346 6.362 6.379 6.397 6.416 6.435 6.455 6.476 6.497 6.518 6.538 6.558
5.485 5.505 5.526 5.547 5.567 5.587 5.608 5.629 5.650 5.671 5.692 5.713 5.734 5.755 5.775 5.795 5.814 5.832 5.850 5.868 5.884 5.900 5.914 5.928 5.940 5.952 5.964 5.974 5.983 5.993 6.003 6.014 6.025 6.036 6.048 6.060 6.072 6.085 6.098 6.111 6.124 6.136 6.148 6.160 6.171 6.182 6.192 6.202 6.211 6.220 6.226 6.233 6.240 6.248 6.255 6.263 6.271 6.280 6.290 6.301 6.312 6.325 6.338 6.353 6.369 6.385 6.403 6.421 6.440 6.460 6.481 6.502 6.523 6.543 6.564
5.492 5.512 5.532 5.552 5.572 5.591 5.612 5.633 5.653 5.674 5.695 5.716 5.737 5.758 5.778 5.798 5.818 5.837 5.856 5.874 5.891 5.908 5.923 5.938 5.951 5.964 5.976 5.987 5.996 6.006 6.017 6.027 6.037 6.048 6.059 6.071 6.083 6.095 6.108 6.120 6.133 6.145 6.157 6.169 6.181 6.192 6.202 6.212 6.222 6.230 6.236 6.244 6.251 6.258 6.266 6.274 6.282 6.290 6.300 6.310 6.321 6.333 6.346 6.360 6.375 6.392 6.409 6.427 6.446 6.466 6.486 6.507 6.528 6.548 6.569
5.500 5.519 5.538 5.558 5.577 5.596 5.616 5.637 5.657 5.678 5.699 5.719 5.740 5.761 5.781 5.802 5.822 5.841 5.860 5.879 5.897 5.914 5.931 5.946 5.961 5.975 5.987 5.998 6.009 6.019 6.030 6.040 6.050 6.061 6.072 6.083 6.094 6.106 6.118 6.130 6.142 6.155 6.167 6.179 6.190 6.201 6.212 6.222 6.232 6.240 6.247 6.254 6.262 6.269 6.277 6.284 6.292 6.301 6.310 6.320 6.330 6.342 6.354 6.368 6.383 6.398 6.415 6.433 6.452 6.471 6.491 6.512 6.533 6.554 6.575
5.508 5.527 5.546 5.565 5.583 5.602 5.621 5.641 5.661 5.682 5.702 5.723 5.743 5.764 5.784 5.805 5.825 5.845 5.864 5.883 5.902 5.920 5.937 5.953 5.969 5.983 5.997 6.009 6.020 6.031 6.042 6.052 6.063 6.073 6.084 6.095 6.106 6.117 6.129 6.140 6.152 6.164 6.176 6.188 6.200 6.211 6.221 6.232 6.242 6.250 6.257 6.265 6.273 6.280 6.288 6.295 6.303 6.311 6.320 6.329 6.340 6.351 6.363 6.376 6.390 6.406 6.422 6.439 6.458 6.477 6.497 6.518 6.539 6.559 6.581
5.519 5.536 5.554 5.573 5.590 5.608 5.627 5.646 5.666 5.686 5.706 5.726 5.746 5.767 5.787 5.807 5.828 5.848 5.867 5.887 5.906 5.924 5.942 5.959 5.976 5.991 6.006 6.018 6.030 6.042 6.053 6.064 6.075 6.085 6.096 6.106 6.117 6.128 6.139 6.151 6.163 6.174 6.186 6.198 6.209 6.220 6.231 6.242 6.252 6.260 6.268 6.276 6.283 6.291 6.299 6.306 6.314 6.322 6.331 6.340 6.350 6.360 6.372 6.385 6.398 6.413 6.429 6.446 6.464 6.483 6.503 6.524 6.545 6.565 6.587
5.530 5.547 5.564 5.582 5.599 5.616 5.634 5.652 5.671 5.691 5.710 5.730 5.750 5.770 5.790 5.810 5.831 5.851 5.870 5.890 5.909 5.928 5.946 5.964 5.981 5.998 6.012 6.025 6.038 6.051 6.063 6.075 6.086 6.097 6.107 6.118 6.129 6.139 6.151 6.162 6.173 6.185 6.196 6.208 6.219 6.230 6.241 6.252 6.262 6.271 6.279 6.287 6.295 6.302 6.310 6.318 6.325 6.333 6.342 6.350 6.360 6.370 6.381 6.393 6.407 6.421 6.436 6.453 6.471 6.490 6.509 6.530 6.551 6.571 6.593
5.542 5.559 5.575 5.592 5.608 5.624 5.642 5.660 5.678 5.696 5.715 5.735 5.754 5.774 5.794 5.813 5.833 5.853 5.873 5.893 5.912 5.931 5.950 5.968 5.986 6.003 6.018 6.032 6.046 6.059 6.072 6.085 6.096 6.107 6.118 6.129 6.140 6.151 6.161 6.172 6.184 6.195 6.206 6.218 6.229 6.240 6.251 6.262 6.272 6.281 6.289 6.297 6.306 6.314 6.321 6.329 6.337 6.345 6.353 6.361 6.370 6.380 6.391 6.403 6.415 6.429 6.444 6.460 6.478 6.496 6.516 6.536 6.557 6.578 6.599
5.556 5.572 5.588 5.603 5.618 5.634 5.651 5.668 5.685 5.703 5.721 5.740 5.759 5.778 5.797 5.817 5.837 5.856 5.876 5.896 5.915 5.934 5.953 5.972 5.990 6.007 6.023 6.038 6.052 6.067 6.080 6.093 6.105 6.117 6.129 6.140 6.150 6.161 6.172 6.183 6.194 6.205 6.216 6.228 6.239 6.250 6.261 6.272 6.282 6.292 6.300 6.308 6.317 6.325 6.333 6.341 6.348 6.356 6.364 6.372 6.381 6.391 6.401 6.412 6.424 6.438 6.452 6.468 6.485 6.503 6.522 6.543 6.563 6.584 6.606
5.570 5.585 5.601 5.616 5.630 5.645 5.661 5.677 5.694 5.711 5.728 5.746 5.764 5.783 5.802 5.821 5.840 5.860 5.879 5.899 5.918 5.937 5.956 5.975 5.993 6.011 6.027 6.043 6.058 6.073 6.087 6.101 6.114 6.126 6.138 6.149 6.160 6.171 6.182 6.193 6.204 6.215 6.226 6.238 6.249 6.260 6.271 6.282 6.293 6.302 6.311 6.319 6.328 6.336 6.344 6.352 6.360 6.368 6.376 6.384 6.392 6.401 6.411 6.422 6.434 6.446 6.460 6.476 6.492 6.510 6.529 6.549 6.569 6.590 6.612
5.585 5.600 5.615 5.629 5.643 5.658 5.673 5.688 5.704 5.720 5.737 5.754 5.771 5.789 5.807 5.826 5.845 5.864 5.883 5.902 5.921 5.940 5.959 5.978 5.997 6.015 6.031 6.047 6.063 6.078 6.093 6.107 6.121 6.134 6.146 6.158 6.170 6.181 6.192 6.203 6.214 6.225 6.236 6.247 6.258 6.270 6.281 6.292 6.303 6.312 6.321 6.330 6.339 6.348 6.356 6.364 6.372 6.379 6.387 6.395 6.403 6.412 6.422 6.432 6.443 6.455 6.469 6.484 6.500 6.517 6.536 6.556 6.576 6.596 6.618
5.600 5.615 5.630 5.644 5.657 5.671 5.686 5.700 5.715 5.731 5.746 5.762 5.779 5.796 5.813 5.831 5.849 5.868 5.887 5.906 5.925 5.944 5.962 5.981 6.000 6.018 6.035 6.051 6.067 6.083 6.098 6.113 6.127 6.141 6.154 6.166 6.178 6.190 6.201 6.212 6.223 6.234 6.245 6.257 6.268 6.279 6.290 6.301 6.312 6.322 6.331 6.340 6.350 6.359 6.367 6.375 6.383 6.391 6.399 6.407 6.415 6.423 6.432 6.442 6.453 6.465 6.478 6.492 6.507 6.524 6.543 6.562 6.582 6.602 6.624
5.614 5.630 5.645 5.659 5.672 5.686 5.700 5.714 5.728 5.742 5.757 5.772 5.788 5.804 5.821 5.838 5.855 5.873 5.891 5.910 5.928 5.947 5.966 5.984 6.003 6.021 6.038 6.055 6.071 6.087 6.103 6.118 6.133 6.147 6.160 6.173 6.185 6.197 6.209 6.221 6.232 6.243 6.254 6.266 6.277 6.288 6.299 6.310 6.322 6.332 6.341 6.351 6.360 6.369 6.378 6.387 6.395 6.403 6.411 6.418 6.426 6.435 6.443 6.453 6.463 6.474 6.486 6.500 6.515 6.532 6.550 6.569 6.588 6.608 6.630
5.628 5.644 5.660 5.674 5.687 5.701 5.714 5.728 5.741 5.755 5.769 5.784 5.798 5.813 5.829 5.845 5.862 5.879 5.897 5.914 5.933 5.951 5.969 5.988 6.006 6.024 6.042 6.058 6.075 6.091 6.107 6.123 6.138 6.152 6.166 6.180 6.192 6.205 6.217 6.228 6.240 6.251 6.263 6.274 6.285 6.297 6.308 6.319 6.331 6.341 6.350 6.360 6.370 6.380 6.389 6.398 6.406 6.414 6.422 6.430 6.438 6.446 6.454 6.463 6.473 6.484 6.496 6.509 6.523 6.539 6.557 6.575 6.594 6.614 6.636
5.641 5.658 5.674 5.688 5.702 5.716 5.729 5.743 5.756 5.769 5.782 5.796 5.810 5.824 5.839 5.854 5.870 5.886 5.903 5.920 5.937 5.955 5.973 5.991 6.010 6.028 6.045 6.061 6.078 6.095 6.111 6.127 6.142 6.157 6.172 6.185 6.199 6.211 6.224 6.236 6.247 6.259 6.270 6.282 6.293 6.305 6.316 6.327 6.339 6.349 6.359 6.369 6.380 6.390 6.399 6.409 6.417 6.426 6.434 6.442 6.450 6.457 6.465 6.474 6.483 6.493 6.505 6.517 6.531 6.547 6.563 6.581 6.600 6.620 6.641
5.653 5.671 5.687 5.702 5.716 5.730 5.744 5.758 5.771 5.784 5.797 5.810 5.823 5.836 5.850 5.864 5.879 5.894 5.910 5.926 5.943 5.960 5.978 5.996 6.013 6.031 6.048 6.065 6.082 6.098 6.115 6.131 6.147 6.162 6.176 6.191 6.204 6.217 6.230 6.242 6.254 6.266 6.277 6.289 6.301 6.312 6.324 6.335 6.347 6.357 6.368 6.378 6.389 6.399 6.409 6.419 6.428 6.437 6.445 6.453 6.461 6.469 6.477 6.485 6.494 6.503 6.514 6.526 6.539 6.554 6.570 6.588 6.605 6.625 6.647
5.664 5.682 5.699 5.715 5.730 5.744 5.758 5.772 5.786 5.798 5.811 5.824 5.836 5.849 5.862 5.876 5.889 5.904 5.919 5.934 5.950 5.966 5.983 6.000 6.018 6.035 6.052 6.068 6.085 6.102 6.118 6.135 6.151 6.166 6.181 6.195 6.209 6.223 6.236 6.248 6.260 6.272 6.284 6.296 6.307 6.319 6.331 6.343 6.354 6.365 6.375 6.386 6.397 6.408 6.418 6.428 6.438 6.447 6.456 6.464 6.472 6.480 6.488 6.496 6.504 6.514 6.524 6.535 6.548 6.562 6.577 6.594 6.611 6.631 6.652
5.673 5.692 5.710 5.726 5.742 5.757 5.772 5.786 5.800 5.813 5.826 5.838 5.851 5.863 5.875 5.888 5.901 5.914 5.928 5.943 5.958 5.973 5.989 6.006 6.023 6.040 6.056 6.072 6.089 6.105 6.122 6.138 6.154 6.170 6.185 6.200 6.214 6.227 6.241 6.253 6.266 6.278 6.290 6.302 6.314 6.326 6.337 6.349 6.361 6.372 6.383 6.394 6.405 6.416 6.427 6.438 6.448 6.457 6.466 6.475 6.483 6.491 6.499 6.507 6.515 6.524 6.533 6.544 6.556 6.569 6.584 6.600 6.617 6.636 6.657
5.681 5.700 5.719 5.736 5.752 5.769 5.784 5.799 5.813 5.827 5.840 5.853 5.865 5.877 5.889 5.901 5.914 5.926 5.939 5.953 5.967 5.982 5.997 6.012 6.028 6.045 6.061 6.076 6.093 6.109 6.126 6.142 6.158 6.174 6.189 6.204 6.218 6.232 6.245 6.258 6.271 6.283 6.296 6.308 6.320 6.331 6.344 6.356 6.368 6.378 6.389 6.401 6.412 6.424 6.435 6.446 6.457 6.467 6.476 6.485 6.494 6.502 6.510 6.518 6.526 6.534 6.543 6.553 6.565 6.577 6.591 6.607 6.623 6.641 6.662
5.687 5.707 5.727 5.745 5.762 5.779 5.795 5.811 5.826 5.840 5.854 5.867 5.879 5.892 5.903 5.915 5.927 5.939 5.951 5.964 5.977 5.991 6.005 6.020 6.035 6.051 6.066 6.081 6.097 6.113 6.130 6.146 6.162 6.177 6.193 6.208 6.222 6.236 6.250 6.263 6.276 6.288 6.301 6.313 6.325 6.337 6.349 6.362 6.373 6.384 6.395 6.407 6.419 6.431 6.443 6.454 6.465 6.476 6.486 6.495 6.504 6.513 6.521 6.529 6.536 6.545 6.553 6.563 6.573 6.585 6.599 6.613 6.629 6.647 6.667
5.693 5.713 5.733 5.752 5.769 5.787 5.804 5.821 5.837 5.852 5.866 5.880 5.893 5.905 5.917 5.929 5.941 5.952 5.964 5.976 5.988 6.001 6.014 6.028 6.043 6.058 6.072 6.087 6.102 6.118 6.134 6.150 6.166 6.181 6.196 6.211 6.226 6.240 6.254 6.267 6.280 6.293 6.305 6.318 6.330 6.342 6.354 6.367 6.378 6.389 6.401 6.413 6.426 6.438 6.450 6.462 6.473 6.484 6.495 6.505 6.514 6.523 6.531 6.539 6.547 6.555 6.563 6.572 6.582 6.593 6.606 6.620 6.635 6.652 6.671
5.697 5.718 5.738 5.757 5.776 5.794 5.812 5.830 5.846 5.862 5.878 5.892 5.906 5.919 5.931 5.943 5.954 5.966 5.977 5.988 6.000 6.012 6.025 6.038 6.051 6.065 6.079 6.093 6.108 6.123 6.139 6.154 6.170 6.185 6.200 6.215 6.230 6.244 6.258 6.271 6.284 6.297 6.310 6.322 6.334 6.347 6.359 6.372 6.383 6.395 6.407 6.419 6.431 6.444 6.456 6.469 6.481 6.492 6.503 6.514 6.523 6.533 6.541 6.550 6.557 6.565 6.573 6.582 6.591 6.602 6.614 6.626 6.640 6.657 6.675
5.700 5.721 5.742 5.762 5.781 5.800 5.819 5.837 5.854 5.871 5.887 5.902 5.917 5.931 5.944 5.956 5.968 5.979 5.990 6.002 6.013 6.024 6.036 6.048 6.061 6.074 6.087 6.100 6.114 6.129 6.144 6.159 6.174 6.189 6.204 6.219 6.233 6.248 6.261 6.275 6.288 6.301 6.314 6.326 6.339 6.351 6.364 6.376 6.388 6.399 6.412 6.424 6.437 6.450 6.463 6.475 6.488 6.500 6.511 6.522 6.532 6.542 6.551 6.560 6.568 6.576 6.583 6.592 6.600 6.610 6.621 6.633 6.646 6.662 6.679
5.704 5.725 5.746 5.765 5.785 5.804 5.824 5.842 5.861 5.878 5.895 5.911 5.927 5.941 5.955 5.968 5.980 5.992 6.004 6.015 6.026 6.037 6.048 6.060 6.072 6.084 6.095 6.108 6.121 6.135 6.150 6.164 6.179 6.194 6.208 6.223 6.237 6.251 6.265 6.279 6.292 6.305 6.318 6.330 6.343 6.355 6.368 6.380 6.392 6.404 6.416 6.429 6.442 6.455 6.468 6.481 6.494 6.506 6.518 6.530 6.541 6.551 6.560 6.569 6.578 6.586 6.593 6.601 6.610 6.619 6.629 6.640 6.652 6.667 6.683
5.707 5.728 5.749 5.768 5.788 5.808 5.828 5.847 5.866 5.884 5.902 5.919 5.935 5.950 5.965 5.979 5.992 6.004 6.016 6.028 6.039 6.050 6.061 6.072 6.083 6.094 6.105 6.117 6.129 6.142 6.156 6.170 6.184 6.199 6.213 6.227 6.241 6.255 6.269 6.282 6.295 6.308 6.321 6.334 6.346 6.359 6.371 6.384 6.396 6.408 6.420 6.433 6.447 6.460 6.473 6.487 6.500 6.513 6.525 6.537 6.549 6.559 6.569 6.579 6.587 6.595 6.603 6.611 6.619 6.627 6.637 6.647 6.658 6.671 6.687
5.711 5.732 5.752 5.771 5.791 5.811 5.831 5.850 5.870 5.889 5.907 5.925 5.942 5.958 5.974 5.988 6.002 6.015 6.028 6.040 6.051 6.062 6.073 6.084 6.095 6.105 6.115 6.126 6.138 6.151 6.163 6.177 6.190 6.204 6.218 6.232 6.245 6.259 6.273 6.286 6.299 6.312 6.325 6.337 6.350 6.362 6.375 6.388 6.400 6.412 6.425 6.438 6.451 6.465 6.478 6.492 6.506 6.519 6.532 6.544 6.556 6.567 6.578 6.587 6.596 6.605 6.613 6.620 6.628 6.636 6.645 6.654 6.664 6.676 6.690
5.716 5.736 5.755 5.774 5.794 5.813 5.833 5.853 5.873 5.892 5.911 5.929 5.947 5.964 5.981 5.996 6.011 6.025 6.038 6.051 6.063 6.074 6.085 6.096 6.106 6.116 6.126 6.136 6.148 6.159 6.171 6.184 6.197 6.210 6.223 6.237 6.250 6.263 6.277 6.290 6.303 6.316 6.328 6.341 6.353 6.366 6.379 6.392 6.404 6.416 6.428 6.442 6.455 6.469 6.483 6.497 6.511 6.524 6.538 6.551 6.563 6.575 6.586 6.596 6.605 6.614 6.622 6.629 6.637 6.644 6.652 6.660 6.669 6.680 6.694
