version1/TsunamiDB/out54084.asc
ncols          264
nrows          230
xllcorner      497853.4375
yllcorner      4229146.0000
cellsize         5.
NODATA_value   -99
[rows 34 to 67 of 230, columns 154 to 230 of 264]
6.128 6.142 6.156 6.169 6.183 6.195 6.208 6.220 6.231 6.242 6.253 6.263 6.272 6.282 6.291 6.299 6.308 6.316 6.324 6.331 6.339 6.346 6.352 6.358 6.364 6.370 6.376 6.382 6.388 6.394 6.400 6.405 6.411 6.416 6.421 6.427 6.432 6.437 6.442 6.447 6.451 6.456 6.461 6.466 6.469 6.473 6.476 6.480 6.485 6.490 6.495 6.501 6.507 6.515 6.522 6.530 6.538 6.547 6.556 6.564 6.573 6.581 6.589 6.597 6.604 6.610 6.615 6.620 6.623 6.627 6.631 6.637 6.645 6.657 6.671 6.689 6.710
6.133 6.147 6.161 6.175 6.189 6.202 6.214 6.227 6.238 6.250 6.260 6.271 6.281 6.290 6.299 6.308 6.317 6.325 6.333 6.341 6.348 6.355 6.361 6.367 6.373 6.379 6.385 6.391 6.397 6.403 6.409 6.414 6.420 6.425 6.430 6.436 6.441 6.446 6.451 6.456 6.461 6.466 6.471 6.476 6.480 6.483 6.487 6.491 6.495 6.500 6.505 6.511 6.517 6.523 6.530 6.538 6.546 6.554 6.563 6.571 6.579 6.588 6.595 6.602 6.609 6.615 6.620 6.623 6.626 6.629 6.632 6.636 6.644 6.655 6.669 6.687 6.709
6.139 6.153 6.167 6.181 6.194 6.208 6.221 6.233 6.245 6.257 6.268 6.278 6.289 6.298 6.308 6.317 6.326 6.334 6.342 6.350 6.358 6.364 6.370 6.376 6.382 6.388 6.395 6.400 6.406 6.412 6.418 6.423 6.429 6.434 6.439 6.445 6.450 6.455 6.461 6.466 6.471 6.476 6.481 6.486 6.490 6.494 6.497 6.501 6.505 6.510 6.515 6.520 6.526 6.532 6.539 6.546 6.554 6.562 6.570 6.578 6.586 6.594 6.601 6.608 6.614 6.620 6.624 6.627 6.629 6.631 6.633 6.636 6.643 6.654 6.669 6.687 6.710
6.144 6.158 6.172 6.186 6.200 6.213 6.227 6.239 6.252 6.263 6.275 6.286 6.296 6.306 6.316 6.325 6.334 6.343 6.351 6.359 6.367 6.373 6.379 6.385 6.392 6.398 6.404 6.410 6.415 6.421 6.427 6.432 6.437 6.443 6.448 6.454 6.459 6.464 6.470 6.475 6.480 6.486 6.491 6.496 6.500 6.504 6.508 6.512 6.516 6.520 6.525 6.530 6.536 6.542 6.548 6.555 6.562 6.570 6.577 6.585 6.593 6.600 6.607 6.614 6.620 6.625 6.629 6.631 6.632 6.633 6.635 6.637 6.643 6.654 6.669 6.689 6.712
6.149 6.163 6.177 6.191 6.205 6.219 6.232 6.245 6.258 6.270 6.282 6.293 6.304 6.314 6.324 6.333 6.342 6.351 6.360 6.368 6.376 6.382 6.388 6.394 6.401 6.407 6.413 6.419 6.425 6.430 6.436 6.441 6.446 6.452 6.457 6.462 6.468 6.473 6.479 6.484 6.490 6.495 6.500 6.506 6.510 6.514 6.518 6.522 6.526 6.531 6.535 6.540 6.546 6.551 6.557 6.564 6.570 6.578 6.585 6.592 6.600 6.607 6.614 6.620 6.626 6.630 6.634 6.636 6.636 6.637 6.637 6.640 6.645 6.656 6.671 6.691 6.716
6.154 6.168 6.183 6.197 6.211 6.224 6.238 6.251 6.264 6.276 6.288 6.299 6.310 6.321 6.331 6.341 6.350 6.359 6.368 6.376 6.384 6.391 6.397 6.403 6.410 6.416 6.422 6.428 6.434 6.439 6.445 6.450 6.455 6.461 6.466 6.471 6.477 6.482 6.487 6.493 6.499 6.504 6.510 6.515 6.520 6.524 6.528 6.532 6.536 6.541 6.546 6.550 6.555 6.561 6.566 6.572 6.579 6.586 6.593 6.600 6.607 6.614 6.620 6.626 6.632 6.637 6.640 6.641 6.641 6.641 6.641 6.643 6.649 6.659 6.675 6.695 6.721
6.160 6.174 6.188 6.202 6.216 6.229 6.243 6.256 6.269 6.282 6.294 6.306 6.317 6.328 6.338 6.348 6.358 6.367 6.376 6.384 6.393 6.400 6.406 6.412 6.419 6.425 6.431 6.437 6.443 6.448 6.454 6.459 6.464 6.470 6.475 6.480 6.485 6.491 6.496 6.502 6.508 6.513 6.519 6.525 6.529 6.533 6.538 6.542 6.547 6.551 6.556 6.560 6.565 6.570 6.576 6.582 6.588 6.594 6.601 6.607 6.614 6.621 6.627 6.633 6.638 6.643 6.646 6.647 6.647 6.647 6.647 6.648 6.653 6.664 6.680 6.700 6.726
6.165 6.179 6.193 6.207 6.221 6.234 6.248 6.261 6.274 6.287 6.299 6.311 6.323 6.334 6.345 6.355 6.365 6.374 6.384 6.392 6.401 6.408 6.414 6.421 6.427 6.434 6.440 6.446 6.452 6.458 6.463 6.468 6.474 6.479 6.484 6.489 6.494 6.500 6.505 6.511 6.517 6.523 6.528 6.534 6.539 6.543 6.547 6.552 6.556 6.561 6.566 6.570 6.575 6.580 6.585 6.591 6.596 6.602 6.609 6.615 6.622 6.628 6.634 6.640 6.645 6.650 6.653 6.654 6.654 6.654 6.653 6.654 6.659 6.670 6.685 6.706 6.732
6.171 6.185 6.198 6.212 6.226 6.239 6.253 6.266 6.279 6.292 6.305 6.317 6.329 6.340 6.351 6.361 6.372 6.381 6.391 6.400 6.408 6.416 6.422 6.429 6.436 6.442 6.449 6.455 6.461 6.467 6.472 6.478 6.483 6.488 6.493 6.498 6.504 6.509 6.514 6.520 6.526 6.532 6.538 6.543 6.548 6.552 6.557 6.562 6.566 6.571 6.576 6.580 6.585 6.590 6.595 6.600 6.605 6.611 6.617 6.623 6.630 6.636 6.642 6.648 6.653 6.658 6.661 6.662 6.662 6.662 6.662 6.662 6.666 6.676 6.692 6.713 6.740
6.177 6.190 6.203 6.217 6.231 6.244 6.258 6.271 6.284 6.297 6.310 6.322 6.334 6.345 6.357 6.367 6.378 6.388 6.398 6.407 6.416 6.423 6.430 6.437 6.444 6.451 6.457 6.464 6.470 6.476 6.481 6.487 6.492 6.497 6.503 6.508 6.513 6.518 6.524 6.529 6.535 6.541 6.547 6.552 6.557 6.561 6.566 6.571 6.576 6.581 6.586 6.590 6.595 6.600 6.605 6.610 6.615 6.620 6.626 6.632 6.638 6.645 6.651 6.656 6.662 6.667 6.670 6.671 6.672 6.672 6.671 6.670 6.674 6.684 6.700 6.721 6.750
6.184 6.196 6.209 6.222 6.235 6.249 6.262 6.275 6.289 6.302 6.314 6.327 6.339 6.351 6.362 6.373 6.384 6.394 6.404 6.414 6.423 6.430 6.437 6.444 6.452 6.459 6.465 6.472 6.478 6.484 6.490 6.496 6.501 6.507 6.512 6.517 6.522 6.527 6.533 6.538 6.544 6.550 6.556 6.561 6.566 6.571 6.576 6.581 6.586 6.591 6.595 6.600 6.605 6.610 6.614 6.619 6.624 6.630 6.635 6.641 6.647 6.654 6.660 6.666 6.671 6.677 6.680 6.682 6.683 6.683 6.681 6.680 6.683 6.693 6.709 6.731 6.762
6.190 6.202 6.215 6.228 6.241 6.254 6.267 6.280 6.293 6.306 6.319 6.331 6.344 6.355 6.367 6.378 6.389 6.400 6.410 6.420 6.429 6.436 6.444 6.452 6.459 6.466 6.473 6.480 6.487 6.493 6.499 6.505 6.510 6.516 6.521 6.526 6.532 6.537 6.542 6.548 6.553 6.559 6.565 6.571 6.575 6.580 6.585 6.590 6.595 6.600 6.605 6.610 6.615 6.620 6.625 6.629 6.634 6.640 6.645 6.651 6.657 6.664 6.670 6.676 6.682 6.688 6.692 6.694 6.695 6.695 6.693 6.692 6.694 6.704 6.721 6.743 6.775
6.197 6.209 6.221 6.233 6.246 6.259 6.272 6.285 6.297 6.310 6.323 6.336 6.348 6.360 6.372 6.383 6.394 6.405 6.415 6.426 6.435 6.442 6.450 6.458 6.466 6.474 6.481 6.488 6.495 6.501 6.508 6.514 6.519 6.525 6.530 6.536 6.541 6.546 6.552 6.557 6.563 6.569 6.575 6.580 6.584 6.589 6.595 6.600 6.605 6.610 6.615 6.620 6.625 6.630 6.635 6.640 6.645 6.650 6.656 6.662 6.668 6.674 6.681 6.687 6.694 6.700 6.704 6.707 6.708 6.708 6.706 6.704 6.706 6.716 6.734 6.758 6.792
6.205 6.216 6.227 6.239 6.251 6.264 6.276 6.289 6.302 6.315 6.327 6.340 6.352 6.364 6.376 6.388 6.399 6.410 6.420 6.431 6.440 6.448 6.456 6.464 6.472 6.480 6.488 6.495 6.502 6.509 6.516 6.522 6.528 6.534 6.539 6.545 6.550 6.556 6.561 6.567 6.572 6.578 6.584 6.589 6.594 6.599 6.604 6.609 6.615 6.620 6.626 6.631 6.636 6.641 6.646 6.651 6.656 6.661 6.667 6.673 6.679 6.686 6.693 6.700 6.706 6.713 6.718 6.720 6.722 6.722 6.720 6.717 6.720 6.731 6.749 6.775 6.811
6.213 6.224 6.234 6.246 6.257 6.269 6.281 6.294 6.306 6.319 6.331 6.344 6.356 6.368 6.380 6.392 6.403 6.414 6.425 6.436 6.445 6.453 6.462 6.470 6.478 6.487 6.495 6.502 6.510 6.517 6.523 6.530 6.536 6.542 6.548 6.554 6.560 6.565 6.571 6.576 6.582 6.587 6.593 6.599 6.603 6.609 6.614 6.619 6.625 6.630 6.636 6.641 6.647 6.652 6.657 6.662 6.668 6.673 6.679 6.685 6.692 6.699 6.706 6.713 6.720 6.727 6.732 6.735 6.737 6.737 6.735 6.733 6.736 6.749 6.768 6.795 6.833
6.222 6.232 6.242 6.252 6.263 6.275 6.286 6.298 6.311 6.323 6.335 6.348 6.360 6.372 6.384 6.395 6.407 6.418 6.429 6.440 6.450 6.458 6.467 6.475 6.484 6.492 6.501 6.509 6.516 6.524 6.531 6.538 6.544 6.551 6.557 6.563 6.569 6.574 6.580 6.585 6.591 6.597 6.603 6.608 6.613 6.618 6.624 6.629 6.635 6.641 6.647 6.652 6.658 6.663 6.669 6.674 6.680 6.686 6.692 6.698 6.705 6.712 6.720 6.727 6.735 6.742 6.748 6.752 6.754 6.755 6.753 6.751 6.755 6.769 6.789 6.818 6.858
6.232 6.241 6.250 6.260 6.270 6.281 6.292 6.303 6.315 6.327 6.339 6.351 6.363 6.376 6.387 6.399 6.411 6.422 6.433 6.444 6.454 6.463 6.471 6.480 6.489 6.498 6.506 6.515 6.523 6.530 6.538 6.545 6.552 6.559 6.565 6.571 6.577 6.583 6.589 6.595 6.601 6.607 6.613 6.618 6.623 6.628 6.634 6.640 6.646 6.652 6.658 6.664 6.669 6.675 6.681 6.687 6.693 6.699 6.705 6.712 6.719 6.727 6.735 6.743 6.751 6.758 6.765 6.769 6.772 6.773 6.772 6.772 6.776 6.791 6.813 6.843 6.884
6.243 6.251 6.259 6.268 6.277 6.287 6.298 6.309 6.320 6.332 6.343 6.355 6.367 6.379 6.391 6.403 6.414 6.425 6.437 6.448 6.458 6.467 6.476 6.485 6.494 6.503 6.512 6.520 6.528 6.537 6.544 6.552 6.559 6.566 6.573 6.579 6.586 6.592 6.598 6.604 6.610 6.616 6.623 6.628 6.633 6.639 6.644 6.650 6.657 6.663 6.669 6.675 6.682 6.688 6.694 6.700 6.706 6.713 6.720 6.727 6.734 6.742 6.751 6.759 6.767 6.776 6.782 6.788 6.792 6.794 6.794 6.794 6.800 6.815 6.839 6.869 6.912
6.255 6.261 6.269 6.277 6.285 6.295 6.304 6.315 6.326 6.337 6.348 6.359 6.371 6.383 6.394 6.406 6.418 6.429 6.440 6.451 6.461 6.471 6.480 6.489 6.498 6.508 6.517 6.525 6.534 6.542 6.550 6.558 6.566 6.573 6.580 6.587 6.594 6.601 6.607 6.613 6.620 6.626 6.633 6.638 6.644 6.649 6.655 6.661 6.668 6.674 6.681 6.688 6.694 6.701 6.707 6.714 6.721 6.728 6.735 6.742 6.750 6.758 6.767 6.776 6.785 6.794 6.802 6.808 6.813 6.816 6.817 6.818 6.824 6.841 6.865 6.896 6.940
6.268 6.273 6.280 6.287 6.294 6.303 6.312 6.321 6.331 6.342 6.353 6.364 6.375 6.387 6.398 6.410 6.421 6.432 6.444 6.455 6.465 6.474 6.484 6.493 6.503 6.512 6.521 6.530 6.539 6.548 6.556 6.564 6.572 6.580 6.588 6.595 6.602 6.609 6.616 6.622 6.629 6.636 6.643 6.649 6.654 6.660 6.666 6.673 6.680 6.686 6.693 6.700 6.707 6.714 6.721 6.728 6.736 6.743 6.750 6.758 6.767 6.775 6.785 6.794 6.804 6.813 6.822 6.829 6.835 6.839 6.841 6.843 6.850 6.867 6.892 6.924 6.967
6.282 6.286 6.292 6.297 6.304 6.312 6.320 6.329 6.338 6.348 6.358 6.369 6.380 6.391 6.402 6.413 6.425 6.436 6.447 6.458 6.469 6.478 6.488 6.497 6.507 6.516 6.526 6.535 6.544 6.553 6.562 6.570 6.579 6.587 6.595 6.602 6.610 6.617 6.624 6.632 6.639 6.646 6.653 6.659 6.665 6.671 6.678 6.685 6.692 6.699 6.706 6.714 6.721 6.729 6.736 6.744 6.751 6.759 6.767 6.775 6.784 6.793 6.803 6.813 6.823 6.834 6.843 6.851 6.859 6.864 6.867 6.869 6.877 6.895 6.919 6.951 6.994
6.297 6.300 6.305 6.310 6.315 6.322 6.329 6.337 6.345 6.355 6.364 6.374 6.385 6.396 6.406 6.418 6.429 6.440 6.451 6.462 6.472 6.482 6.491 6.501 6.511 6.521 6.530 6.540 6.549 6.558 6.567 6.576 6.585 6.593 6.602 6.610 6.618 6.625 6.633 6.641 6.648 6.656 6.663 6.670 6.676 6.683 6.689 6.697 6.704 6.712 6.720 6.727 6.735 6.743 6.751 6.759 6.767 6.775 6.784 6.793 6.802 6.812 6.822 6.833 6.844 6.855 6.865 6.874 6.883 6.889 6.893 6.896 6.903 6.921 6.946 6.977 7.020
6.312 6.315 6.318 6.323 6.327 6.333 6.339 6.346 6.354 6.362 6.371 6.381 6.391 6.401 6.411 6.422 6.433 6.444 6.455 6.466 6.476 6.486 6.496 6.505 6.515 6.525 6.535 6.545 6.554 6.564 6.573 6.582 6.591 6.600 6.609 6.617 6.625 6.634 6.642 6.650 6.658 6.666 6.674 6.681 6.687 6.694 6.702 6.709 6.717 6.725 6.733 6.742 6.750 6.758 6.767 6.775 6.784 6.793 6.802 6.811 6.820 6.831 6.842 6.853 6.865 6.877 6.888 6.898 6.908 6.916 6.920 6.923 6.930 6.948 6.972 7.003 7.046
6.327 6.330 6.333 6.337 6.341 6.345 6.350 6.357 6.363 6.371 6.379 6.388 6.397 6.407 6.417 6.428 6.438 6.449 6.460 6.471 6.481 6.490 6.500 6.510 6.520 6.530 6.540 6.550 6.559 6.569 6.578 6.588 6.597 6.606 6.616 6.625 6.633 6.642 6.651 6.659 6.668 6.676 6.685 6.692 6.699 6.706 6.714 6.722 6.730 6.739 6.748 6.756 6.765 6.774 6.783 6.792 6.801 6.810 6.820 6.829 6.840 6.851 6.862 6.874 6.887 6.900 6.911 6.923 6.934 6.942 6.947 6.950 6.957 6.975 6.998 7.029 7.072
6.343 6.346 6.348 6.351 6.355 6.359 6.363 6.368 6.374 6.381 6.388 6.396 6.405 6.414 6.424 6.434 6.444 6.455 6.466 6.476 6.486 6.496 6.505 6.515 6.525 6.535 6.545 6.555 6.565 6.575 6.585 6.594 6.604 6.613 6.623 6.632 6.642 6.651 6.660 6.669 6.678 6.687 6.696 6.704 6.711 6.719 6.727 6.736 6.744 6.753 6.762 6.772 6.781 6.790 6.800 6.809 6.819 6.828 6.838 6.849 6.860 6.871 6.883 6.896 6.910 6.923 6.936 6.948 6.960 6.968 6.974 6.977 6.984 7.001 7.025 7.055 7.098
6.358 6.361 6.364 6.367 6.370 6.373 6.377 6.381 6.386 6.392 6.399 6.406 6.414 6.423 6.432 6.441 6.451 6.462 6.472 6.483 6.492 6.502 6.511 6.521 6.531 6.541 6.551 6.561 6.571 6.581 6.591 6.601 6.611 6.621 6.631 6.640 6.650 6.660 6.669 6.679 6.689 6.698 6.707 6.715 6.723 6.732 6.740 6.749 6.759 6.768 6.777 6.787 6.797 6.807 6.817 6.827 6.837 6.847 6.858 6.869 6.880 6.892 6.905 6.918 6.932 6.947 6.960 6.973 6.986 6.995 7.001 7.004 7.011 7.028 7.051 7.082 7.126
6.372 6.376 6.379 6.382 6.385 6.388 6.391 6.395 6.399 6.405 6.410 6.417 6.424 6.432 6.441 6.450 6.460 6.469 6.480 6.490 6.499 6.508 6.518 6.528 6.538 6.548 6.558 6.568 6.578 6.588 6.598 6.608 6.619 6.629 6.639 6.649 6.659 6.669 6.679 6.689 6.699 6.710 6.719 6.728 6.736 6.745 6.754 6.764 6.773 6.783 6.793 6.803 6.813 6.824 6.834 6.845 6.855 6.866 6.877 6.889 6.901 6.913 6.927 6.941 6.956 6.970 6.985 6.999 7.012 7.022 7.028 7.031 7.038 7.055 7.079 7.110 7.154
6.385 6.390 6.394 6.397 6.400 6.403 6.406 6.410 6.414 6.418 6.423 6.429 6.436 6.443 6.451 6.460 6.469 6.479 6.488 6.498 6.508 6.516 6.526 6.535 6.545 6.555 6.565 6.576 6.586 6.596 6.606 6.616 6.627 6.637 6.648 6.658 6.669 6.679 6.690 6.700 6.711 6.722 6.731 6.740 6.749 6.759 6.768 6.778 6.788 6.799 6.809 6.820 6.830 6.841 6.852 6.863 6.874 6.886 6.898 6.910 6.922 6.935 6.949 6.964 6.979 6.995 7.009 7.024 7.038 7.049 7.055 7.059 7.066 7.083 7.107 7.138 7.182
6.398 6.403 6.408 6.412 6.416 6.419 6.422 6.425 6.429 6.433 6.437 6.443 6.449 6.455 6.463 6.471 6.480 6.489 6.498 6.508 6.517 6.526 6.535 6.544 6.554 6.564 6.574 6.584 6.594 6.605 6.615 6.625 6.636 6.647 6.657 6.668 6.679 6.690 6.701 6.712 6.723 6.734 6.744 6.753 6.763 6.773 6.783 6.793 6.804 6.815 6.826 6.837 6.848 6.859 6.871 6.882 6.894 6.906 6.918 6.931 6.944 6.957 6.972 6.987 7.003 7.019 7.034 7.050 7.064 7.076 7.083 7.086 7.093 7.110 7.134 7.164 7.208
6.409 6.416 6.422 6.426 6.431 6.434 6.438 6.441 6.444 6.448 6.452 6.457 6.463 6.469 6.476 6.483 6.492 6.500 6.510 6.519 6.527 6.536 6.545 6.555 6.564 6.574 6.584 6.594 6.604 6.615 6.625 6.635 6.646 6.657 6.668 6.679 6.690 6.701 6.712 6.724 6.735 6.747 6.757 6.767 6.777 6.788 6.798 6.809 6.820 6.831 6.842 6.854 6.866 6.878 6.889 6.902 6.914 6.926 6.939 6.952 6.966 6.980 6.995 7.010 7.027 7.043 7.059 7.075 7.090 7.102 7.110 7.113 7.120 7.137 7.160 7.190 7.233
6.420 6.428 6.434 6.440 6.445 6.450 6.453 6.457 6.460 6.464 6.468 6.472 6.478 6.483 6.490 6.497 6.505 6.513 6.522 6.531 6.539 6.547 6.557 6.566 6.576 6.585 6.595 6.605 6.615 6.626 6.636 6.646 6.657 6.668 6.679 6.690 6.702 6.713 6.725 6.736 6.748 6.760 6.771 6.782 6.792 6.803 6.814 6.825 6.836 6.848 6.860 6.872 6.884 6.896 6.909 6.921 6.934 6.947 6.960 6.974 6.988 7.002 7.018 7.034 7.050 7.067 7.084 7.100 7.116 7.129 7.136 7.140 7.146 7.163 7.186 7.215 7.257
6.430 6.439 6.447 6.453 6.459 6.464 6.469 6.473 6.477 6.480 6.484 6.488 6.493 6.499 6.505 6.511 6.519 6.527 6.536 6.544 6.552 6.560 6.569 6.578 6.588 6.598 6.607 6.617 6.627 6.638 6.648 6.658 6.669 6.680 6.691 6.703 6.714 6.726 6.738 6.750 6.762 6.774 6.786 6.796 6.807 6.819 6.830 6.842 6.854 6.866 6.878 6.890 6.903 6.916 6.928 6.941 6.955 6.968 6.982 6.996 7.010 7.025 7.041 7.057 7.074 7.092 7.109 7.125 7.142 7.155 7.163 7.166 7.172 7.188 7.210 7.237 7.279
6.440 6.450 6.458 6.466 6.473 6.479 6.484 6.488 6.493 6.497 6.501 6.505 6.509 6.515 6.520 6.527 6.534 6.541 6.550 6.558 6.566 6.574 6.583 6.592 6.601 6.611 6.621 6.631 6.641 6.651 6.661 6.672 6.682 6.693 6.704 6.716 6.727 6.739 6.751 6.764 6.776 6.789 6.801 6.812 6.823 6.835 6.847 6.859 6.871 6.883 6.896 6.909 6.922 6.935 6.948 6.962 6.976 6.989 7.003 7.018 7.033 7.048 7.064 7.080 7.098 7.116 7.133 7.150 7.167 7.180 7.189 7.191 7.195 7.211 7.232 7.259 7.300
6.450 6.460 6.469 6.478 6.485 6.492 6.498 6.504 6.509 6.513 6.517 6.522 6.526 6.531 6.536 6.543 6.549 6.557 6.565 6.573 6.580 6.588 6.597 6.606 6.616 6.625 6.635 6.645 6.655 6.665 6.675 6.686 6.696 6.707 6.718 6.730 6.742 6.754 6.766 6.778 6.791 6.804 6.816 6.828 6.840 6.852 6.864 6.876 6.889 6.902 6.915 6.928 6.942 6.955 6.969 6.983 6.997 7.011 7.025 7.040 7.055 7.071 7.087 7.104 7.122 7.140 7.157 7.175 7.192 7.205 7.213 7.215 7.220 7.236 7.256 7.282 7.321
