version1/TsunamiDB/out54028.asc
ncols          264
nrows          230
xllcorner      497853.4375
yllcorner      4229146.0000
cellsize         5.
NODATA_value   -99
[rows 96 to 127 of 230, columns 142 to 212 of 264]
3.790 3.928 4.041 4.138 4.222 4.296 4.363 4.424 4.482 4.537 4.590 4.640 4.688 4.733 4.777 4.820 4.860 4.900 4.937 4.974 5.009 5.043 5.076 5.107 5.138 5.167 5.196 5.223 5.249 5.275 5.299 5.322 5.346 5.369 5.393 5.417 5.442 5.467 5.494 5.521 5.550 5.580 5.611 5.643 5.675 5.707 5.739 5.770 5.800 5.829 5.856 5.883 5.906 5.928 5.950 5.971 5.992 6.014 6.038 6.065 6.095 6.130 6.170 6.213 6.261 6.311 6.362 6.413 6.464 6.512 6.558
3.852 3.978 4.084 4.175 4.255 4.326 4.391 4.450 4.507 4.562 4.613 4.663 4.711 4.756 4.800 4.843 4.884 4.923 4.961 4.998 5.034 5.068 5.101 5.133 5.164 5.194 5.223 5.251 5.277 5.303 5.327 5.350 5.373 5.396 5.418 5.441 5.463 5.487 5.511 5.536 5.563 5.590 5.619 5.649 5.679 5.710 5.741 5.772 5.803 5.833 5.862 5.890 5.916 5.941 5.965 5.989 6.012 6.034 6.058 6.083 6.112 6.144 6.181 6.223 6.269 6.318 6.369 6.421 6.472 6.522 6.569
3.909 4.026 4.125 4.211 4.286 4.354 4.417 4.476 4.531 4.585 4.636 4.685 4.733 4.778 4.822 4.865 4.906 4.945 4.984 5.021 5.057 5.092 5.125 5.158 5.190 5.220 5.250 5.278 5.305 5.331 5.355 5.379 5.402 5.425 5.446 5.468 5.489 5.510 5.532 5.555 5.579 5.604 5.631 5.658 5.687 5.716 5.747 5.777 5.808 5.838 5.869 5.899 5.927 5.955 5.982 6.008 6.032 6.056 6.080 6.105 6.132 6.162 6.197 6.237 6.281 6.328 6.379 6.431 6.483 6.533 6.581
3.962 4.071 4.163 4.244 4.316 4.382 4.444 4.501 4.555 4.608 4.658 4.707 4.754 4.799 4.843 4.885 4.926 4.966 5.005 5.042 5.078 5.114 5.148 5.181 5.214 5.245 5.275 5.305 5.333 5.359 5.384 5.409 5.432 5.455 5.476 5.497 5.517 5.537 5.557 5.578 5.599 5.622 5.646 5.671 5.698 5.726 5.755 5.785 5.815 5.847 5.878 5.910 5.940 5.969 5.999 6.027 6.054 6.080 6.105 6.130 6.157 6.185 6.218 6.256 6.297 6.343 6.392 6.444 6.496 6.548 6.598
4.012 4.113 4.200 4.277 4.346 4.410 4.469 4.525 4.579 4.630 4.680 4.728 4.774 4.819 4.863 4.905 4.946 4.985 5.024 5.062 5.098 5.134 5.169 5.203 5.236 5.268 5.299 5.329 5.359 5.386 5.412 5.438 5.462 5.485 5.507 5.528 5.548 5.567 5.585 5.604 5.623 5.644 5.665 5.688 5.713 5.739 5.766 5.795 5.825 5.857 5.889 5.922 5.954 5.985 6.017 6.048 6.077 6.105 6.132 6.158 6.184 6.213 6.244 6.279 6.319 6.363 6.410 6.461 6.514 6.567 6.620
4.059 4.153 4.235 4.308 4.375 4.437 4.494 4.548 4.602 4.652 4.701 4.749 4.794 4.839 4.882 4.923 4.964 5.004 5.042 5.080 5.117 5.153 5.188 5.222 5.256 5.289 5.321 5.352 5.383 5.411 5.438 5.466 5.491 5.516 5.538 5.559 5.579 5.598 5.616 5.633 5.650 5.668 5.687 5.708 5.730 5.754 5.780 5.808 5.838 5.869 5.902 5.935 5.969 6.002 6.036 6.069 6.101 6.131 6.160 6.187 6.215 6.243 6.273 6.307 6.345 6.387 6.433 6.483 6.536 6.592 6.650
4.103 4.192 4.269 4.339 4.403 4.463 4.519 4.572 4.624 4.674 4.722 4.769 4.814 4.858 4.900 4.942 4.982 5.021 5.060 5.097 5.134 5.170 5.205 5.240 5.274 5.308 5.341 5.373 5.405 5.434 5.463 5.492 5.519 5.545 5.569 5.591 5.611 5.630 5.647 5.664 5.679 5.695 5.712 5.730 5.750 5.772 5.796 5.823 5.852 5.883 5.916 5.950 5.984 6.019 6.055 6.090 6.124 6.157 6.188 6.218 6.247 6.275 6.305 6.338 6.375 6.416 6.462 6.511 6.565 6.624 6.684
4.146 4.229 4.302 4.369 4.431 4.489 4.543 4.596 4.647 4.696 4.743 4.789 4.833 4.876 4.918 4.959 4.999 5.038 5.076 5.113 5.150 5.186 5.222 5.257 5.291 5.325 5.359 5.392 5.425 5.456 5.486 5.516 5.544 5.572 5.597 5.621 5.642 5.662 5.679 5.695 5.710 5.725 5.739 5.755 5.773 5.792 5.815 5.840 5.867 5.898 5.931 5.966 6.001 6.037 6.074 6.111 6.148 6.183 6.216 6.248 6.279 6.309 6.339 6.371 6.408 6.449 6.495 6.544 6.601 6.661 6.725
4.187 4.265 4.334 4.399 4.459 4.515 4.568 4.619 4.669 4.717 4.764 4.809 4.853 4.895 4.937 4.977 5.016 5.054 5.092 5.129 5.165 5.201 5.236 5.271 5.306 5.341 5.375 5.409 5.442 5.474 5.506 5.537 5.568 5.596 5.624 5.649 5.672 5.692 5.711 5.727 5.742 5.755 5.769 5.783 5.798 5.815 5.836 5.859 5.886 5.915 5.948 5.983 6.018 6.055 6.094 6.133 6.171 6.208 6.244 6.278 6.311 6.343 6.374 6.407 6.444 6.486 6.532 6.583 6.640 6.702 6.769
4.226 4.300 4.367 4.429 4.487 4.542 4.593 4.643 4.692 4.739 4.785 4.829 4.872 4.914 4.955 4.994 5.033 5.071 5.108 5.144 5.180 5.215 5.251 5.285 5.320 5.355 5.389 5.424 5.458 5.491 5.524 5.556 5.588 5.619 5.648 5.674 5.699 5.721 5.741 5.758 5.773 5.786 5.799 5.812 5.825 5.841 5.859 5.881 5.906 5.935 5.966 6.001 6.037 6.075 6.114 6.155 6.195 6.234 6.272 6.308 6.343 6.376 6.409 6.443 6.481 6.525 6.573 6.625 6.684 6.747 6.816
4.264 4.335 4.399 4.459 4.515 4.568 4.619 4.667 4.715 4.761 4.806 4.849 4.892 4.933 4.973 5.012 5.050 5.087 5.123 5.159 5.195 5.230 5.264 5.299 5.333 5.368 5.403 5.437 5.472 5.506 5.539 5.573 5.606 5.638 5.669 5.697 5.724 5.748 5.769 5.787 5.803 5.817 5.830 5.842 5.855 5.869 5.886 5.906 5.929 5.956 5.987 6.021 6.057 6.095 6.135 6.177 6.219 6.260 6.300 6.338 6.375 6.410 6.445 6.480 6.520 6.567 6.616 6.670 6.730 6.795 6.866
4.302 4.369 4.431 4.489 4.544 4.596 4.644 4.692 4.739 4.784 4.827 4.870 4.912 4.952 4.991 5.029 5.067 5.103 5.139 5.174 5.209 5.244 5.278 5.312 5.346 5.380 5.415 5.450 5.485 5.519 5.553 5.588 5.622 5.655 5.687 5.718 5.746 5.771 5.794 5.814 5.832 5.847 5.860 5.873 5.885 5.899 5.915 5.933 5.955 5.981 6.011 6.044 6.079 6.117 6.158 6.200 6.243 6.285 6.327 6.368 6.406 6.443 6.480 6.518 6.562 6.611 6.663 6.719 6.780 6.847 6.918
4.339 4.404 4.464 4.520 4.573 4.623 4.671 4.717 4.763 4.807 4.850 4.891 4.932 4.971 5.010 5.048 5.084 5.120 5.155 5.190 5.224 5.258 5.291 5.325 5.358 5.392 5.426 5.461 5.496 5.531 5.566 5.601 5.636 5.670 5.703 5.735 5.765 5.792 5.817 5.839 5.858 5.875 5.890 5.903 5.916 5.930 5.945 5.963 5.984 6.008 6.037 6.069 6.103 6.140 6.181 6.224 6.268 6.312 6.355 6.397 6.438 6.477 6.516 6.558 6.605 6.657 6.711 6.769 6.832 6.899 6.969
4.375 4.438 4.496 4.551 4.602 4.652 4.698 4.743 4.788 4.831 4.872 4.913 4.953 4.991 5.029 5.066 5.102 5.137 5.172 5.206 5.239 5.272 5.305 5.338 5.371 5.404 5.438 5.472 5.507 5.542 5.576 5.612 5.648 5.683 5.717 5.750 5.781 5.810 5.837 5.861 5.882 5.901 5.918 5.933 5.948 5.962 5.978 5.995 6.016 6.039 6.066 6.096 6.130 6.166 6.206 6.250 6.294 6.339 6.384 6.428 6.470 6.512 6.555 6.600 6.649 6.703 6.759 6.820 6.884 6.951 7.020
4.411 4.472 4.528 4.582 4.632 4.681 4.726 4.770 4.813 4.855 4.896 4.936 4.974 5.012 5.049 5.085 5.121 5.155 5.189 5.222 5.255 5.287 5.319 5.351 5.383 5.416 5.449 5.483 5.517 5.552 5.586 5.622 5.658 5.694 5.729 5.763 5.795 5.826 5.854 5.880 5.904 5.925 5.944 5.962 5.979 5.995 6.012 6.029 6.049 6.072 6.098 6.127 6.159 6.194 6.234 6.277 6.321 6.367 6.413 6.459 6.505 6.550 6.595 6.642 6.693 6.749 6.808 6.870 6.936 7.003 7.072
4.446 4.505 4.561 4.613 4.663 4.710 4.755 4.798 4.840 4.881 4.921 4.959 4.997 5.034 5.070 5.105 5.140 5.174 5.207 5.239 5.271 5.303 5.334 5.365 5.396 5.428 5.460 5.493 5.527 5.561 5.595 5.631 5.667 5.703 5.739 5.773 5.807 5.839 5.869 5.897 5.923 5.947 5.969 5.989 6.008 6.027 6.045 6.064 6.085 6.107 6.132 6.160 6.190 6.225 6.264 6.306 6.351 6.397 6.445 6.493 6.541 6.588 6.636 6.685 6.738 6.795 6.856 6.920 6.987 7.056 7.126
4.481 4.538 4.593 4.644 4.693 4.740 4.784 4.826 4.868 4.908 4.946 4.984 5.021 5.057 5.092 5.126 5.160 5.193 5.225 5.257 5.288 5.319 5.350 5.380 5.410 5.441 5.472 5.504 5.537 5.570 5.604 5.639 5.675 5.711 5.747 5.782 5.816 5.849 5.881 5.911 5.939 5.966 5.991 6.014 6.037 6.058 6.079 6.099 6.121 6.144 6.169 6.196 6.225 6.258 6.296 6.338 6.383 6.429 6.478 6.528 6.579 6.628 6.678 6.729 6.782 6.840 6.903 6.969 7.039 7.109 7.180
4.514 4.571 4.624 4.675 4.724 4.770 4.813 4.855 4.896 4.935 4.973 5.010 5.046 5.081 5.115 5.149 5.181 5.214 5.245 5.276 5.307 5.337 5.367 5.396 5.426 5.455 5.485 5.516 5.547 5.579 5.612 5.647 5.682 5.718 5.754 5.789 5.824 5.858 5.891 5.923 5.954 5.983 6.011 6.038 6.063 6.088 6.111 6.134 6.157 6.181 6.206 6.232 6.260 6.293 6.331 6.372 6.417 6.464 6.514 6.566 6.618 6.670 6.721 6.772 6.827 6.886 6.950 7.019 7.091 7.164 7.238
4.547 4.603 4.656 4.706 4.754 4.800 4.843 4.884 4.924 4.963 5.000 5.036 5.072 5.106 5.139 5.172 5.204 5.236 5.267 5.297 5.327 5.356 5.385 5.414 5.442 5.471 5.499 5.529 5.559 5.589 5.621 5.654 5.689 5.724 5.760 5.795 5.831 5.866 5.900 5.934 5.967 5.999 6.029 6.059 6.088 6.116 6.142 6.168 6.193 6.218 6.244 6.271 6.299 6.331 6.368 6.409 6.454 6.501 6.552 6.605 6.658 6.712 6.764 6.816 6.871 6.931 6.996 7.068 7.143 7.220 7.298
4.579 4.634 4.686 4.736 4.783 4.829 4.872 4.913 4.953 4.991 5.028 5.064 5.098 5.132 5.165 5.197 5.228 5.259 5.289 5.319 5.348 5.377 5.405 5.433 5.461 5.488 5.515 5.543 5.571 5.600 5.630 5.662 5.696 5.730 5.765 5.800 5.836 5.872 5.908 5.943 5.978 6.012 6.046 6.079 6.111 6.142 6.172 6.201 6.228 6.255 6.282 6.310 6.338 6.370 6.407 6.448 6.493 6.540 6.591 6.645 6.700 6.755 6.809 6.862 6.917 6.977 7.044 7.119 7.198 7.278 7.362
4.611 4.665 4.716 4.765 4.813 4.858 4.901 4.942 4.982 5.020 5.056 5.092 5.126 5.159 5.191 5.222 5.253 5.283 5.313 5.342 5.371 5.399 5.427 5.454 5.481 5.507 5.533 5.559 5.586 5.613 5.641 5.671 5.703 5.736 5.770 5.805 5.841 5.878 5.914 5.951 5.988 6.025 6.062 6.098 6.133 6.167 6.200 6.232 6.262 6.291 6.320 6.348 6.378 6.410 6.447 6.490 6.534 6.581 6.633 6.688 6.744 6.800 6.855 6.908 6.964 7.026 7.095 7.173 7.256 7.341 7.430
4.642 4.695 4.745 4.794 4.841 4.886 4.929 4.970 5.010 5.048 5.084 5.120 5.153 5.186 5.218 5.249 5.279 5.308 5.338 5.366 5.395 5.423 5.450 5.477 5.503 5.528 5.554 5.579 5.603 5.627 5.654 5.682 5.711 5.743 5.776 5.811 5.846 5.883 5.921 5.959 5.998 6.037 6.076 6.115 6.153 6.190 6.226 6.261 6.294 6.326 6.357 6.387 6.417 6.451 6.489 6.533 6.578 6.625 6.678 6.733 6.790 6.846 6.902 6.957 7.016 7.078 7.149 7.231 7.319 7.410 7.505
4.672 4.724 4.774 4.823 4.869 4.914 4.956 4.998 5.038 5.076 5.112 5.147 5.181 5.213 5.245 5.275 5.305 5.334 5.363 5.392 5.420 5.447 5.474 5.501 5.527 5.552 5.576 5.600 5.622 5.645 5.669 5.695 5.722 5.751 5.783 5.816 5.852 5.889 5.927 5.966 6.007 6.048 6.090 6.131 6.172 6.212 6.251 6.289 6.325 6.359 6.393 6.424 6.457 6.493 6.533 6.577 6.623 6.671 6.724 6.780 6.836 6.894 6.952 7.011 7.072 7.135 7.209 7.296 7.389 7.485 7.585
4.701 4.753 4.802 4.850 4.897 4.941 4.983 5.025 5.065 5.103 5.140 5.175 5.208 5.241 5.272 5.302 5.332 5.361 5.389 5.417 5.445 5.473 5.500 5.526 5.552 5.576 5.600 5.623 5.644 5.665 5.687 5.710 5.735 5.762 5.792 5.824 5.858 5.895 5.934 5.974 6.016 6.059 6.102 6.146 6.190 6.233 6.275 6.315 6.354 6.392 6.428 6.462 6.497 6.535 6.577 6.623 6.669 6.719 6.772 6.827 6.885 6.944 7.006 7.069 7.132 7.198 7.274 7.368 7.466 7.565 7.671
4.730 4.781 4.830 4.878 4.924 4.967 5.009 5.051 5.091 5.129 5.166 5.201 5.235 5.268 5.299 5.329 5.358 5.387 5.415 5.443 5.471 5.498 5.525 5.552 5.577 5.602 5.625 5.647 5.668 5.687 5.707 5.728 5.751 5.775 5.803 5.833 5.866 5.902 5.941 5.982 6.025 6.069 6.115 6.161 6.207 6.253 6.297 6.341 6.383 6.423 6.462 6.500 6.537 6.577 6.621 6.668 6.717 6.767 6.821 6.877 6.936 6.998 7.064 7.131 7.199 7.267 7.346 7.444 7.546 7.650 7.755
4.758 4.808 4.857 4.904 4.950 4.993 5.036 5.077 5.117 5.156 5.192 5.228 5.262 5.294 5.325 5.355 5.384 5.413 5.441 5.469 5.496 5.524 5.551 5.577 5.603 5.627 5.651 5.673 5.693 5.711 5.730 5.749 5.769 5.791 5.816 5.844 5.876 5.911 5.949 5.990 6.034 6.079 6.126 6.175 6.223 6.271 6.319 6.365 6.410 6.454 6.496 6.537 6.576 6.618 6.664 6.713 6.763 6.815 6.870 6.929 6.990 7.056 7.126 7.199 7.272 7.341 7.422 7.524 7.629 7.733 7.834
4.785 4.835 4.884 4.930 4.976 5.019 5.061 5.103 5.143 5.181 5.218 5.254 5.288 5.320 5.351 5.381 5.411 5.439 5.467 5.494 5.521 5.549 5.575 5.602 5.628 5.653 5.676 5.699 5.718 5.736 5.754 5.772 5.790 5.810 5.833 5.859 5.888 5.922 5.959 6.000 6.044 6.090 6.138 6.188 6.239 6.289 6.340 6.389 6.437 6.484 6.530 6.573 6.615 6.658 6.706 6.757 6.810 6.863 6.921 6.983 7.047 7.116 7.192 7.271 7.348 7.417 7.500 7.606 7.711 7.812 7.908
4.811 4.861 4.909 4.956 5.001 5.044 5.086 5.128 5.168 5.207 5.244 5.279 5.314 5.346 5.378 5.408 5.436 5.465 5.492 5.519 5.546 5.573 5.600 5.626 5.652 5.677 5.701 5.723 5.743 5.762 5.779 5.796 5.814 5.832 5.852 5.876 5.904 5.935 5.971 6.011 6.055 6.101 6.150 6.201 6.254 6.307 6.360 6.412 6.463 6.513 6.562 6.608 6.652 6.697 6.746 6.801 6.855 6.912 6.974 7.038 7.107 7.181 7.263 7.346 7.427 7.496 7.578 7.685 7.788 7.885 7.976
4.836 4.886 4.934 4.981 5.026 5.069 5.111 5.153 5.193 5.232 5.269 5.305 5.339 5.372 5.404 5.434 5.462 5.490 5.517 5.544 5.571 5.597 5.623 5.649 5.675 5.700 5.724 5.747 5.767 5.786 5.804 5.821 5.838 5.855 5.874 5.896 5.922 5.951 5.986 6.024 6.067 6.113 6.163 6.215 6.268 6.324 6.379 6.434 6.488 6.541 6.592 6.641 6.688 6.735 6.786 6.843 6.901 6.961 7.027 7.096 7.169 7.248 7.333 7.420 7.504 7.572 7.653 7.757 7.859 7.953 8.040
4.860 4.909 4.958 5.004 5.050 5.093 5.135 5.177 5.217 5.256 5.294 5.330 5.365 5.398 5.430 5.460 5.489 5.516 5.543 5.569 5.595 5.621 5.646 5.671 5.697 5.721 5.745 5.769 5.789 5.809 5.828 5.846 5.863 5.880 5.898 5.918 5.942 5.970 6.002 6.039 6.081 6.127 6.176 6.228 6.283 6.340 6.398 6.455 6.512 6.568 6.622 6.673 6.722 6.772 6.825 6.885 6.947 7.011 7.081 7.154 7.232 7.316 7.404 7.496 7.584 7.649 7.726 7.828 7.927 8.019 8.102
4.882 4.932 4.980 5.027 5.072 5.116 5.158 5.200 5.241 5.280 5.319 5.355 5.390 5.424 5.456 5.487 5.515 5.543 5.570 5.595 5.620 5.645 5.669 5.694 5.718 5.742 5.766 5.789 5.810 5.830 5.850 5.869 5.887 5.905 5.923 5.943 5.965 5.991 6.022 6.057 6.097 6.141 6.189 6.241 6.297 6.356 6.416 6.476 6.535 6.593 6.650 6.704 6.755 6.807 6.863 6.928 6.993 7.062 7.137 7.214 7.298 7.386 7.477 7.576 7.664 7.723 7.795 7.895 7.991 8.079 8.161
4.904 4.953 5.001 5.048 5.094 5.138 5.180 5.223 5.264 5.304 5.342 5.380 5.415 5.450 5.482 5.513 5.543 5.570 5.597 5.622 5.646 5.670 5.693 5.716 5.739 5.762 5.785 5.808 5.829 5.850 5.870 5.891 5.910 5.929 5.948 5.968 5.990 6.015 6.043 6.076 6.114 6.157 6.204 6.256 6.312 6.372 6.433 6.495 6.557 6.618 6.677 6.733 6.787 6.842 6.904 6.972 7.041 7.115 7.195 7.278 7.366 7.458 7.556 7.655 7.737 7.791 7.859 7.957 8.051 8.138 8.217
