version1/TsunamiDB/out54068.asc
ncols          264
nrows          230
xllcorner      497853.4375
yllcorner      4229146.0000
cellsize         5.
NODATA_value   -99
[rows 0 to 32 of 230, columns 150 to 224 of 264]
5.419 5.441 5.463 5.485 5.505 5.525 5.545 5.564 5.583 5.601 5.619 5.635 5.651 5.666 5.681 5.694 5.708 5.720 5.733 5.746 5.758 5.771 5.785 5.799 5.813 5.829 5.845 5.860 5.876 5.892 5.909 5.926 5.943 5.959 5.975 5.991 6.006 6.020 6.034 6.047 6.058 6.069 6.079 6.089 6.097 6.105 6.112 6.119 6.126 6.133 6.140 6.146 6.155 6.164 6.174 6.185 6.198 6.211 6.226 6.241 6.257 6.274 6.292 6.310 6.329 6.349 6.369 6.389 6.410 6.430 6.451 6.472 6.493 6.514 6.533
5.426 5.449 5.471 5.493 5.513 5.533 5.554 5.574 5.594 5.612 5.631 5.648 5.665 5.681 5.696 5.710 5.724 5.737 5.749 5.761 5.773 5.786 5.798 5.811 5.825 5.839 5.854 5.869 5.883 5.899 5.915 5.932 5.948 5.965 5.981 5.997 6.012 6.027 6.041 6.054 6.066 6.078 6.089 6.099 6.108 6.116 6.124 6.131 6.138 6.145 6.152 6.158 6.166 6.174 6.184 6.195 6.206 6.219 6.233 6.247 6.263 6.279 6.297 6.315 6.333 6.353 6.372 6.392 6.413 6.434 6.455 6.476 6.497 6.517 6.537
5.433 5.455 5.478 5.500 5.521 5.541 5.562 5.582 5.602 5.622 5.641 5.659 5.677 5.694 5.709 5.724 5.739 5.752 5.765 5.777 5.789 5.801 5.813 5.825 5.838 5.851 5.865 5.878 5.892 5.907 5.923 5.939 5.955 5.971 5.987 6.003 6.018 6.033 6.047 6.061 6.074 6.086 6.097 6.108 6.118 6.127 6.135 6.143 6.150 6.157 6.164 6.170 6.177 6.185 6.194 6.204 6.215 6.227 6.240 6.254 6.269 6.285 6.302 6.319 6.338 6.357 6.376 6.396 6.416 6.437 6.458 6.480 6.501 6.521 6.540
5.439 5.461 5.484 5.506 5.527 5.547 5.568 5.589 5.610 5.630 5.650 5.669 5.687 5.705 5.721 5.737 5.752 5.767 5.780 5.793 5.805 5.817 5.829 5.840 5.852 5.864 5.877 5.889 5.902 5.916 5.931 5.946 5.962 5.977 5.993 6.009 6.024 6.039 6.054 6.068 6.081 6.094 6.106 6.117 6.127 6.136 6.145 6.153 6.161 6.168 6.175 6.181 6.188 6.196 6.204 6.214 6.224 6.235 6.248 6.261 6.276 6.291 6.307 6.324 6.342 6.361 6.380 6.400 6.420 6.441 6.462 6.484 6.505 6.524 6.545
5.445 5.467 5.489 5.512 5.533 5.553 5.574 5.595 5.616 5.637 5.657 5.677 5.696 5.714 5.732 5.749 5.765 5.780 5.794 5.808 5.820 5.833 5.844 5.856 5.867 5.878 5.890 5.902 5.913 5.926 5.940 5.955 5.970 5.985 6.000 6.016 6.031 6.046 6.061 6.075 6.088 6.101 6.113 6.125 6.136 6.146 6.155 6.164 6.172 6.179 6.186 6.192 6.199 6.207 6.215 6.224 6.234 6.244 6.256 6.269 6.283 6.297 6.313 6.330 6.347 6.366 6.385 6.404 6.424 6.445 6.466 6.488 6.508 6.528 6.549
5.451 5.473 5.495 5.517 5.538 5.558 5.580 5.601 5.622 5.643 5.663 5.683 5.703 5.722 5.741 5.758 5.775 5.791 5.807 5.821 5.835 5.847 5.859 5.871 5.882 5.893 5.905 5.915 5.926 5.938 5.951 5.964 5.979 5.993 6.008 6.023 6.038 6.053 6.067 6.082 6.095 6.109 6.121 6.133 6.144 6.155 6.164 6.174 6.182 6.190 6.197 6.203 6.210 6.218 6.225 6.234 6.243 6.254 6.265 6.277 6.290 6.304 6.319 6.336 6.353 6.371 6.389 6.409 6.429 6.450 6.471 6.492 6.513 6.533 6.553
5.457 5.479 5.501 5.522 5.543 5.563 5.584 5.606 5.627 5.648 5.669 5.689 5.709 5.729 5.748 5.766 5.784 5.801 5.817 5.833 5.847 5.861 5.874 5.886 5.897 5.908 5.919 5.929 5.940 5.951 5.963 5.975 5.989 6.002 6.016 6.031 6.045 6.060 6.074 6.089 6.103 6.116 6.129 6.141 6.152 6.163 6.174 6.183 6.192 6.200 6.207 6.214 6.221 6.228 6.236 6.244 6.253 6.263 6.274 6.285 6.298 6.312 6.326 6.342 6.359 6.376 6.395 6.414 6.434 6.454 6.475 6.496 6.517 6.538 6.558
5.464 5.485 5.506 5.528 5.548 5.568 5.589 5.610 5.631 5.653 5.673 5.694 5.714 5.734 5.754 5.773 5.792 5.810 5.827 5.843 5.858 5.873 5.887 5.899 5.911 5.923 5.934 5.944 5.954 5.964 5.976 5.987 6.000 6.013 6.026 6.040 6.054 6.068 6.082 6.096 6.110 6.123 6.136 6.149 6.161 6.172 6.182 6.192 6.202 6.210 6.217 6.224 6.231 6.239 6.247 6.255 6.263 6.273 6.283 6.294 6.306 6.319 6.333 6.349 6.365 6.382 6.400 6.419 6.439 6.459 6.480 6.501 6.522 6.543 6.564
5.471 5.491 5.512 5.533 5.553 5.573 5.594 5.615 5.636 5.657 5.678 5.698 5.719 5.739 5.759 5.779 5.798 5.817 5.834 5.852 5.868 5.883 5.898 5.912 5.924 5.936 5.948 5.958 5.968 5.978 5.989 6.000 6.012 6.024 6.036 6.049 6.063 6.077 6.090 6.104 6.118 6.131 6.144 6.157 6.169 6.180 6.191 6.202 6.212 6.220 6.227 6.234 6.242 6.249 6.257 6.265 6.274 6.283 6.293 6.303 6.315 6.327 6.341 6.356 6.372 6.388 6.406 6.425 6.444 6.464 6.485 6.506 6.527 6.548 6.569
5.478 5.498 5.519 5.539 5.559 5.578 5.599 5.619 5.640 5.661 5.682 5.703 5.723 5.744 5.764 5.784 5.803 5.822 5.841 5.859 5.876 5.892 5.908 5.922 5.936 5.949 5.961 5.972 5.981 5.992 6.002 6.013 6.024 6.036 6.048 6.060 6.073 6.086 6.099 6.113 6.126 6.140 6.153 6.165 6.178 6.189 6.200 6.211 6.221 6.230 6.237 6.245 6.252 6.260 6.268 6.276 6.284 6.293 6.302 6.313 6.324 6.336 6.349 6.363 6.379 6.395 6.412 6.431 6.450 6.470 6.490 6.512 6.533 6.553 6.575
5.486 5.506 5.526 5.546 5.565 5.584 5.604 5.624 5.645 5.665 5.686 5.707 5.727 5.748 5.768 5.788 5.808 5.828 5.847 5.865 5.883 5.900 5.916 5.932 5.946 5.960 5.973 5.984 5.994 6.005 6.016 6.026 6.037 6.048 6.060 6.071 6.084 6.096 6.109 6.122 6.135 6.148 6.161 6.174 6.186 6.198 6.209 6.220 6.231 6.239 6.247 6.255 6.263 6.271 6.279 6.287 6.295 6.303 6.313 6.322 6.333 6.345 6.358 6.371 6.386 6.402 6.419 6.437 6.456 6.476 6.496 6.517 6.538 6.559 6.581
5.496 5.515 5.534 5.553 5.571 5.590 5.610 5.630 5.650 5.670 5.690 5.711 5.731 5.752 5.772 5.792 5.812 5.832 5.851 5.870 5.889 5.906 5.923 5.940 5.955 5.970 5.984 5.995 6.006 6.018 6.029 6.039 6.050 6.061 6.072 6.083 6.095 6.107 6.119 6.132 6.145 6.158 6.170 6.183 6.195 6.207 6.219 6.230 6.240 6.249 6.257 6.265 6.273 6.281 6.289 6.297 6.306 6.314 6.323 6.332 6.343 6.354 6.366 6.380 6.394 6.409 6.426 6.443 6.462 6.482 6.502 6.523 6.544 6.565 6.587
5.506 5.524 5.542 5.561 5.579 5.597 5.616 5.635 5.655 5.675 5.695 5.715 5.735 5.756 5.776 5.796 5.816 5.836 5.856 5.875 5.894 5.912 5.930 5.947 5.963 5.979 5.993 6.005 6.017 6.029 6.041 6.052 6.063 6.073 6.084 6.095 6.107 6.118 6.130 6.142 6.155 6.167 6.180 6.192 6.204 6.216 6.228 6.239 6.250 6.259 6.267 6.276 6.284 6.292 6.300 6.308 6.317 6.325 6.334 6.343 6.353 6.364 6.375 6.388 6.402 6.417 6.433 6.450 6.469 6.488 6.508 6.529 6.550 6.571 6.593
5.517 5.535 5.552 5.570 5.587 5.605 5.623 5.642 5.661 5.680 5.700 5.720 5.740 5.760 5.780 5.800 5.820 5.840 5.859 5.879 5.898 5.917 5.935 5.952 5.969 5.986 6.000 6.013 6.027 6.039 6.051 6.063 6.074 6.085 6.096 6.107 6.118 6.130 6.141 6.153 6.165 6.177 6.190 6.202 6.214 6.226 6.238 6.249 6.260 6.269 6.278 6.286 6.295 6.303 6.312 6.320 6.328 6.336 6.344 6.353 6.363 6.374 6.385 6.397 6.411 6.425 6.441 6.458 6.476 6.495 6.515 6.536 6.556 6.577 6.599
5.529 5.546 5.563 5.580 5.597 5.613 5.631 5.649 5.668 5.687 5.706 5.725 5.744 5.764 5.784 5.804 5.824 5.843 5.863 5.883 5.902 5.921 5.939 5.958 5.975 5.992 6.007 6.021 6.035 6.048 6.061 6.074 6.085 6.097 6.108 6.119 6.130 6.141 6.152 6.164 6.176 6.187 6.200 6.212 6.224 6.236 6.247 6.259 6.270 6.280 6.288 6.297 6.306 6.314 6.323 6.331 6.339 6.347 6.356 6.364 6.374 6.384 6.395 6.407 6.419 6.433 6.449 6.465 6.483 6.501 6.521 6.542 6.563 6.584 6.606
5.542 5.559 5.576 5.592 5.607 5.623 5.640 5.658 5.676 5.694 5.712 5.731 5.750 5.769 5.788 5.808 5.828 5.847 5.867 5.886 5.906 5.925 5.944 5.962 5.980 5.997 6.013 6.028 6.042 6.056 6.070 6.083 6.095 6.107 6.119 6.130 6.141 6.152 6.163 6.175 6.186 6.198 6.210 6.222 6.234 6.245 6.257 6.269 6.280 6.290 6.299 6.308 6.317 6.326 6.334 6.342 6.350 6.359 6.367 6.376 6.385 6.394 6.405 6.416 6.429 6.442 6.457 6.473 6.490 6.508 6.528 6.548 6.569 6.590 6.612
5.556 5.572 5.588 5.604 5.618 5.634 5.651 5.667 5.684 5.702 5.719 5.737 5.756 5.774 5.793 5.813 5.832 5.851 5.871 5.890 5.909 5.929 5.947 5.966 5.984 6.002 6.018 6.033 6.049 6.063 6.078 6.091 6.104 6.117 6.129 6.140 6.151 6.163 6.174 6.185 6.196 6.208 6.220 6.232 6.243 6.255 6.267 6.278 6.290 6.300 6.309 6.318 6.328 6.337 6.345 6.354 6.362 6.370 6.378 6.387 6.396 6.405 6.415 6.426 6.438 6.451 6.465 6.481 6.497 6.515 6.535 6.555 6.575 6.596 6.619
5.570 5.586 5.602 5.617 5.631 5.647 5.662 5.678 5.694 5.711 5.728 5.745 5.763 5.781 5.799 5.818 5.837 5.856 5.875 5.894 5.913 5.932 5.951 5.970 5.988 6.006 6.023 6.038 6.054 6.070 6.084 6.099 6.112 6.125 6.138 6.150 6.161 6.173 6.184 6.195 6.207 6.218 6.230 6.241 6.253 6.265 6.277 6.288 6.300 6.310 6.319 6.329 6.339 6.348 6.357 6.365 6.374 6.382 6.390 6.398 6.407 6.416 6.426 6.436 6.448 6.460 6.474 6.489 6.505 6.523 6.542 6.562 6.582 6.603 6.625
5.584 5.600 5.616 5.631 5.645 5.660 5.675 5.690 5.705 5.721 5.737 5.754 5.771 5.788 5.805 5.823 5.842 5.860 5.879 5.898 5.917 5.936 5.955 5.973 5.992 6.010 6.027 6.043 6.059 6.075 6.090 6.105 6.119 6.133 6.146 6.158 6.170 6.182 6.193 6.205 6.216 6.228 6.239 6.251 6.263 6.274 6.286 6.298 6.309 6.320 6.329 6.339 6.349 6.359 6.368 6.377 6.385 6.394 6.402 6.410 6.418 6.427 6.437 6.447 6.457 6.469 6.483 6.497 6.513 6.530 6.549 6.568 6.588 6.609 6.631
5.597 5.614 5.630 5.645 5.659 5.674 5.688 5.703 5.718 5.733 5.748 5.764 5.780 5.796 5.813 5.830 5.848 5.866 5.884 5.903 5.921 5.940 5.959 5.977 5.996 6.014 6.031 6.047 6.064 6.080 6.096 6.111 6.126 6.140 6.153 6.166 6.178 6.190 6.202 6.214 6.225 6.237 6.248 6.260 6.272 6.283 6.295 6.307 6.319 6.329 6.339 6.349 6.360 6.369 6.379 6.388 6.397 6.405 6.414 6.422 6.430 6.439 6.448 6.457 6.468 6.479 6.492 6.505 6.521 6.537 6.556 6.575 6.594 6.615 6.637
5.610 5.628 5.644 5.659 5.673 5.688 5.702 5.717 5.731 5.745 5.760 5.775 5.790 5.805 5.821 5.838 5.855 5.872 5.890 5.908 5.926 5.944 5.963 5.981 5.999 6.018 6.035 6.051 6.068 6.084 6.100 6.116 6.131 6.146 6.160 6.173 6.186 6.198 6.210 6.222 6.234 6.245 6.257 6.269 6.280 6.292 6.304 6.316 6.328 6.338 6.348 6.359 6.369 6.380 6.390 6.399 6.408 6.417 6.425 6.433 6.442 6.450 6.459 6.468 6.478 6.489 6.501 6.514 6.529 6.545 6.562 6.581 6.600 6.621 6.643
5.622 5.640 5.657 5.673 5.687 5.702 5.716 5.731 5.745 5.759 5.773 5.787 5.801 5.816 5.831 5.846 5.862 5.879 5.896 5.913 5.931 5.949 5.967 5.985 6.003 6.021 6.039 6.055 6.072 6.089 6.105 6.121 6.136 6.151 6.165 6.179 6.192 6.205 6.218 6.230 6.242 6.253 6.265 6.277 6.288 6.300 6.312 6.324 6.336 6.347 6.357 6.368 6.379 6.390 6.400 6.410 6.419 6.428 6.437 6.445 6.453 6.461 6.470 6.479 6.488 6.499 6.510 6.523 6.537 6.552 6.570 6.588 6.606 6.626 6.648
5.633 5.651 5.669 5.685 5.700 5.716 5.730 5.745 5.759 5.772 5.786 5.800 5.813 5.827 5.842 5.856 5.871 5.887 5.903 5.920 5.937 5.954 5.972 5.989 6.007 6.025 6.042 6.059 6.076 6.092 6.109 6.125 6.141 6.156 6.171 6.185 6.198 6.212 6.224 6.237 6.249 6.261 6.272 6.284 6.296 6.308 6.320 6.332 6.344 6.355 6.366 6.377 6.388 6.399 6.410 6.420 6.430 6.439 6.448 6.456 6.465 6.473 6.481 6.490 6.499 6.509 6.520 6.532 6.545 6.560 6.577 6.594 6.612 6.632 6.654
5.641 5.661 5.680 5.697 5.712 5.728 5.744 5.758 5.773 5.786 5.800 5.813 5.826 5.840 5.853 5.867 5.881 5.896 5.911 5.927 5.943 5.960 5.977 5.994 6.012 6.029 6.046 6.063 6.079 6.096 6.113 6.129 6.145 6.161 6.175 6.190 6.204 6.217 6.230 6.243 6.255 6.267 6.279 6.291 6.303 6.315 6.327 6.339 6.351 6.362 6.373 6.385 6.396 6.408 6.419 6.429 6.440 6.449 6.459 6.467 6.476 6.484 6.492 6.501 6.510 6.519 6.529 6.541 6.553 6.568 6.584 6.600 6.618 6.638 6.659
5.648 5.669 5.688 5.706 5.723 5.740 5.756 5.771 5.786 5.800 5.814 5.827 5.840 5.853 5.866 5.879 5.893 5.906 5.921 5.936 5.951 5.967 5.983 6.000 6.017 6.034 6.050 6.067 6.083 6.100 6.117 6.133 6.149 6.165 6.180 6.195 6.209 6.222 6.236 6.249 6.261 6.273 6.285 6.298 6.310 6.322 6.334 6.346 6.358 6.369 6.381 6.392 6.404 6.416 6.427 6.439 6.449 6.459 6.469 6.478 6.487 6.495 6.504 6.512 6.520 6.529 6.539 6.550 6.562 6.576 6.591 6.607 6.624 6.643 6.664
5.654 5.675 5.696 5.714 5.732 5.750 5.767 5.783 5.798 5.813 5.827 5.841 5.854 5.866 5.879 5.892 5.905 5.918 5.931 5.945 5.960 5.975 5.990 6.006 6.022 6.039 6.055 6.071 6.087 6.104 6.121 6.137 6.153 6.169 6.184 6.199 6.213 6.227 6.241 6.254 6.266 6.279 6.291 6.303 6.315 6.328 6.340 6.353 6.365 6.375 6.387 6.399 6.411 6.424 6.436 6.447 6.458 6.469 6.479 6.489 6.498 6.506 6.515 6.523 6.531 6.540 6.549 6.559 6.571 6.583 6.598 6.613 6.629 6.648 6.669
5.658 5.680 5.701 5.721 5.739 5.758 5.776 5.793 5.809 5.825 5.839 5.853 5.867 5.880 5.892 5.905 5.917 5.930 5.943 5.956 5.969 5.984 5.998 6.013 6.029 6.045 6.060 6.076 6.092 6.108 6.125 6.141 6.157 6.173 6.188 6.203 6.217 6.231 6.245 6.258 6.271 6.284 6.296 6.309 6.321 6.333 6.346 6.358 6.370 6.381 6.393 6.406 6.418 6.431 6.443 6.455 6.467 6.478 6.488 6.498 6.508 6.517 6.525 6.534 6.542 6.550 6.559 6.569 6.580 6.592 6.605 6.620 6.635 6.653 6.673
5.662 5.684 5.705 5.726 5.745 5.764 5.783 5.801 5.818 5.835 5.850 5.865 5.879 5.893 5.906 5.918 5.930 5.942 5.955 5.967 5.980 5.993 6.007 6.021 6.036 6.051 6.066 6.081 6.096 6.113 6.129 6.145 6.161 6.176 6.192 6.207 6.221 6.236 6.249 6.263 6.276 6.289 6.301 6.314 6.326 6.338 6.351 6.364 6.375 6.387 6.399 6.412 6.424 6.437 6.450 6.462 6.475 6.486 6.497 6.508 6.518 6.527 6.536 6.544 6.552 6.561 6.569 6.578 6.589 6.600 6.613 6.626 6.641 6.658 6.678
5.664 5.687 5.708 5.729 5.749 5.769 5.789 5.808 5.826 5.843 5.860 5.876 5.890 5.904 5.918 5.931 5.943 5.955 5.967 5.979 5.991 6.004 6.017 6.031 6.045 6.059 6.072 6.087 6.102 6.117 6.133 6.149 6.165 6.180 6.195 6.210 6.225 6.239 6.253 6.267 6.280 6.293 6.305 6.318 6.330 6.343 6.356 6.368 6.380 6.392 6.404 6.417 6.430 6.443 6.456 6.469 6.482 6.494 6.506 6.517 6.527 6.537 6.546 6.555 6.563 6.571 6.579 6.588 6.598 6.608 6.620 6.633 6.647 6.663 6.682
5.667 5.689 5.711 5.732 5.752 5.773 5.793 5.813 5.832 5.850 5.868 5.884 5.900 5.915 5.929 5.942 5.955 5.968 5.980 5.991 6.003 6.015 6.028 6.040 6.054 6.067 6.079 6.093 6.108 6.123 6.138 6.153 6.169 6.184 6.199 6.214 6.229 6.243 6.257 6.270 6.284 6.297 6.309 6.322 6.335 6.347 6.360 6.373 6.385 6.397 6.409 6.422 6.436 6.449 6.462 6.476 6.489 6.501 6.513 6.525 6.536 6.546 6.556 6.565 6.573 6.581 6.590 6.598 6.607 6.617 6.628 6.640 6.653 6.668 6.686
5.670 5.691 5.713 5.733 5.754 5.775 5.796 5.816 5.836 5.855 5.874 5.891 5.908 5.924 5.939 5.953 5.966 5.979 5.992 6.003 6.015 6.027 6.039 6.051 6.064 6.076 6.088 6.101 6.115 6.129 6.144 6.158 6.173 6.188 6.203 6.218 6.232 6.247 6.260 6.274 6.287 6.300 6.313 6.326 6.339 6.351 6.364 6.377 6.389 6.401 6.414 6.427 6.440 6.454 6.468 6.481 6.495 6.508 6.521 6.533 6.544 6.555 6.565 6.574 6.583 6.591 6.599 6.608 6.616 6.625 6.635 6.646 6.658 6.672 6.689
5.673 5.694 5.715 5.735 5.756 5.777 5.798 5.819 5.839 5.859 5.878 5.896 5.914 5.931 5.947 5.962 5.976 5.990 6.003 6.015 6.027 6.039 6.050 6.062 6.074 6.085 6.096 6.109 6.122 6.136 6.150 6.164 6.178 6.193 6.207 6.222 6.236 6.250 6.264 6.278 6.291 6.304 6.317 6.330 6.342 6.355 6.368 6.381 6.393 6.405 6.418 6.431 6.445 6.459 6.473 6.487 6.501 6.514 6.527 6.540 6.552 6.563 6.574 6.583 6.593 6.601 6.609 6.617 6.625 6.634 6.643 6.653 6.664 6.677 6.692
5.677 5.698 5.718 5.737 5.758 5.779 5.800 5.821 5.841 5.861 5.881 5.900 5.919 5.937 5.954 5.970 5.985 5.999 6.013 6.026 6.038 6.050 6.061 6.073 6.085 6.095 6.106 6.118 6.130 6.143 6.156 6.170 6.184 6.198 6.212 6.226 6.240 6.254 6.268 6.281 6.294 6.307 6.320 6.333 6.346 6.358 6.371 6.384 6.397 6.409 6.422 6.435 6.449 6.463 6.478 6.492 6.506 6.520 6.533 6.547 6.559 6.571 6.582 6.592 6.602 6.610 6.618 6.626 6.634 6.642 6.651 6.660 6.669 6.681 6.696
