version1/TsunamiDB/out54065.asc
ncols          264
nrows          230
xllcorner      497853.4375
yllcorner      4229146.0000
cellsize         5.
NODATA_value   -99
[rows 165 to 197 of 230, columns 75 to 149 of 264]
5.429 5.454 5.480 5.505 5.531 5.557 5.582 5.608 5.633 5.657 5.681 5.705 5.727 5.750 5.771 5.791 5.811 5.829 5.847 5.863 5.878 5.893 5.907 5.920 5.933 5.945 5.958 5.972 5.987 6.003 6.021 6.039 6.059 6.079 6.101 6.123 6.145 6.168 6.192 6.215 6.239 6.262 6.285 6.307 6.329 6.351 6.372 6.391 6.409 6.427 6.445 6.463 6.480 6.497 6.513 6.530 6.546 6.563 6.579 6.596 6.613 6.629 6.646 6.662 6.679 6.694 6.709 6.724 6.738 6.752 6.764 6.776 6.789 6.803 6.817
5.437 5.462 5.487 5.513 5.539 5.565 5.590 5.615 5.640 5.665 5.689 5.713 5.737 5.760 5.782 5.803 5.824 5.843 5.861 5.879 5.895 5.910 5.925 5.938 5.950 5.962 5.975 5.988 6.002 6.016 6.032 6.049 6.067 6.086 6.106 6.127 6.149 6.171 6.194 6.217 6.240 6.263 6.285 6.308 6.330 6.351 6.372 6.392 6.410 6.429 6.447 6.465 6.482 6.499 6.516 6.533 6.550 6.567 6.584 6.602 6.619 6.637 6.654 6.672 6.689 6.706 6.722 6.738 6.753 6.767 6.781 6.793 6.806 6.820 6.834
5.446 5.470 5.495 5.521 5.546 5.572 5.597 5.622 5.647 5.672 5.697 5.721 5.745 5.768 5.791 5.813 5.835 5.855 5.874 5.893 5.910 5.926 5.941 5.956 5.968 5.980 5.992 6.005 6.017 6.031 6.045 6.061 6.077 6.095 6.114 6.133 6.154 6.175 6.197 6.219 6.242 6.264 6.287 6.309 6.331 6.352 6.373 6.393 6.411 6.430 6.448 6.466 6.484 6.501 6.519 6.536 6.553 6.571 6.588 6.606 6.624 6.643 6.661 6.680 6.698 6.716 6.733 6.750 6.766 6.782 6.796 6.809 6.823 6.837 6.851
5.454 5.479 5.503 5.528 5.553 5.578 5.604 5.629 5.654 5.679 5.703 5.728 5.752 5.776 5.799 5.822 5.844 5.865 5.886 5.905 5.923 5.941 5.957 5.972 5.985 5.997 6.010 6.022 6.034 6.047 6.060 6.074 6.089 6.106 6.123 6.141 6.161 6.181 6.202 6.223 6.245 6.267 6.289 6.311 6.332 6.353 6.374 6.394 6.413 6.431 6.450 6.468 6.486 6.504 6.521 6.539 6.556 6.574 6.592 6.610 6.629 6.648 6.667 6.686 6.705 6.724 6.743 6.761 6.778 6.795 6.810 6.825 6.839 6.854 6.869
5.463 5.487 5.511 5.536 5.560 5.585 5.610 5.635 5.660 5.684 5.709 5.734 5.758 5.782 5.806 5.829 5.852 5.874 5.895 5.916 5.935 5.953 5.971 5.987 6.001 6.014 6.027 6.039 6.051 6.064 6.076 6.089 6.103 6.118 6.134 6.151 6.169 6.188 6.208 6.228 6.249 6.271 6.292 6.313 6.335 6.356 6.377 6.396 6.415 6.433 6.452 6.470 6.488 6.506 6.524 6.541 6.559 6.577 6.595 6.614 6.633 6.652 6.672 6.692 6.712 6.732 6.752 6.771 6.789 6.807 6.824 6.839 6.854 6.870 6.885
5.472 5.496 5.519 5.544 5.568 5.592 5.617 5.641 5.665 5.690 5.714 5.739 5.763 5.787 5.811 5.835 5.858 5.881 5.903 5.924 5.945 5.964 5.983 6.000 6.015 6.029 6.043 6.056 6.068 6.080 6.093 6.105 6.118 6.132 6.146 6.162 6.179 6.197 6.215 6.235 6.255 6.276 6.296 6.317 6.338 6.359 6.380 6.399 6.417 6.436 6.455 6.473 6.491 6.509 6.527 6.544 6.562 6.580 6.599 6.617 6.637 6.657 6.677 6.697 6.718 6.739 6.759 6.780 6.799 6.819 6.836 6.853 6.869 6.885 6.902
5.482 5.505 5.528 5.552 5.576 5.599 5.623 5.647 5.671 5.695 5.719 5.744 5.768 5.792 5.816 5.840 5.863 5.887 5.909 5.931 5.953 5.973 5.992 6.011 6.027 6.042 6.057 6.071 6.084 6.097 6.109 6.121 6.133 6.146 6.160 6.175 6.190 6.207 6.224 6.243 6.262 6.282 6.302 6.322 6.343 6.363 6.384 6.403 6.421 6.440 6.458 6.477 6.495 6.512 6.530 6.548 6.566 6.584 6.602 6.621 6.641 6.661 6.681 6.702 6.724 6.745 6.766 6.788 6.809 6.829 6.848 6.865 6.883 6.900 6.917
5.493 5.515 5.538 5.561 5.584 5.607 5.630 5.654 5.677 5.701 5.724 5.748 5.772 5.796 5.820 5.844 5.868 5.891 5.914 5.937 5.959 5.980 6.001 6.020 6.037 6.054 6.069 6.084 6.098 6.112 6.124 6.137 6.149 6.161 6.174 6.188 6.203 6.218 6.235 6.252 6.270 6.289 6.309 6.329 6.349 6.369 6.389 6.407 6.426 6.444 6.463 6.481 6.499 6.517 6.535 6.552 6.570 6.588 6.607 6.626 6.645 6.665 6.686 6.707 6.729 6.751 6.773 6.795 6.817 6.839 6.858 6.877 6.896 6.915 6.933
5.504 5.526 5.548 5.571 5.593 5.616 5.638 5.661 5.684 5.707 5.730 5.753 5.777 5.800 5.824 5.848 5.871 5.895 5.918 5.941 5.964 5.986 6.007 6.027 6.046 6.063 6.080 6.096 6.111 6.125 6.139 6.151 6.164 6.176 6.189 6.202 6.216 6.230 6.246 6.262 6.280 6.298 6.317 6.336 6.356 6.375 6.395 6.413 6.431 6.450 6.468 6.487 6.505 6.522 6.540 6.558 6.575 6.593 6.612 6.631 6.650 6.670 6.691 6.713 6.735 6.757 6.780 6.803 6.826 6.848 6.868 6.889 6.909 6.928 6.948
5.516 5.537 5.559 5.581 5.603 5.625 5.647 5.669 5.691 5.713 5.736 5.758 5.781 5.804 5.828 5.851 5.875 5.898 5.922 5.945 5.968 5.990 6.012 6.033 6.052 6.071 6.089 6.106 6.122 6.137 6.151 6.165 6.178 6.190 6.203 6.216 6.229 6.243 6.258 6.274 6.290 6.308 6.326 6.344 6.364 6.383 6.402 6.420 6.438 6.457 6.475 6.493 6.511 6.529 6.547 6.564 6.582 6.600 6.618 6.637 6.656 6.676 6.697 6.719 6.741 6.764 6.787 6.811 6.835 6.857 6.879 6.900 6.921 6.942 6.962
5.528 5.549 5.571 5.592 5.614 5.635 5.656 5.678 5.699 5.720 5.742 5.764 5.786 5.809 5.832 5.855 5.878 5.901 5.925 5.948 5.971 5.994 6.016 6.037 6.057 6.076 6.096 6.114 6.131 6.147 6.162 6.177 6.190 6.204 6.216 6.229 6.243 6.256 6.271 6.286 6.301 6.318 6.336 6.354 6.372 6.391 6.410 6.427 6.446 6.464 6.483 6.501 6.519 6.537 6.554 6.572 6.589 6.607 6.625 6.644 6.663 6.683 6.704 6.725 6.748 6.771 6.795 6.819 6.843 6.866 6.889 6.911 6.933 6.955 6.977
5.541 5.562 5.583 5.604 5.625 5.646 5.667 5.687 5.708 5.729 5.749 5.771 5.792 5.814 5.836 5.858 5.881 5.904 5.927 5.950 5.974 5.997 6.019 6.040 6.061 6.081 6.101 6.120 6.138 6.155 6.172 6.187 6.201 6.215 6.229 6.242 6.255 6.269 6.283 6.298 6.313 6.329 6.346 6.364 6.382 6.400 6.418 6.436 6.454 6.473 6.492 6.510 6.528 6.546 6.563 6.581 6.598 6.616 6.634 6.652 6.671 6.691 6.712 6.733 6.756 6.779 6.803 6.827 6.852 6.876 6.899 6.922 6.946 6.969 6.991
5.554 5.575 5.596 5.617 5.638 5.658 5.678 5.698 5.718 5.738 5.758 5.778 5.799 5.820 5.841 5.863 5.885 5.907 5.930 5.953 5.976 5.999 6.021 6.043 6.064 6.085 6.105 6.125 6.144 6.162 6.179 6.196 6.211 6.226 6.240 6.254 6.267 6.281 6.295 6.310 6.325 6.340 6.357 6.374 6.392 6.410 6.428 6.446 6.464 6.482 6.501 6.520 6.538 6.556 6.573 6.591 6.608 6.626 6.644 6.662 6.681 6.700 6.721 6.742 6.764 6.788 6.812 6.836 6.861 6.886 6.910 6.934 6.958 6.982 7.006
5.567 5.588 5.609 5.630 5.650 5.670 5.690 5.710 5.729 5.748 5.768 5.787 5.807 5.827 5.847 5.868 5.889 5.911 5.933 5.956 5.978 6.001 6.023 6.045 6.066 6.087 6.108 6.129 6.148 6.167 6.186 6.203 6.219 6.235 6.250 6.264 6.278 6.292 6.307 6.321 6.336 6.352 6.368 6.385 6.402 6.420 6.438 6.455 6.474 6.493 6.511 6.530 6.548 6.566 6.584 6.602 6.619 6.637 6.655 6.673 6.691 6.711 6.731 6.752 6.774 6.797 6.821 6.846 6.872 6.897 6.921 6.946 6.971 6.996 7.020
5.580 5.601 5.622 5.643 5.664 5.684 5.703 5.722 5.741 5.760 5.778 5.797 5.816 5.835 5.855 5.875 5.895 5.916 5.937 5.959 5.981 6.003 6.026 6.047 6.068 6.090 6.111 6.132 6.152 6.172 6.191 6.209 6.226 6.242 6.258 6.273 6.288 6.303 6.317 6.332 6.347 6.362 6.379 6.395 6.413 6.431 6.448 6.466 6.484 6.503 6.522 6.541 6.560 6.578 6.596 6.614 6.632 6.649 6.667 6.685 6.703 6.722 6.742 6.763 6.785 6.808 6.832 6.857 6.883 6.908 6.933 6.959 6.984 7.010 7.036
5.594 5.614 5.636 5.657 5.677 5.697 5.716 5.735 5.754 5.772 5.790 5.808 5.827 5.845 5.863 5.882 5.902 5.922 5.942 5.963 5.984 6.006 6.028 6.049 6.070 6.092 6.113 6.134 6.155 6.175 6.195 6.214 6.232 6.249 6.265 6.281 6.297 6.312 6.327 6.342 6.357 6.373 6.389 6.406 6.423 6.441 6.459 6.476 6.495 6.514 6.533 6.552 6.571 6.590 6.609 6.627 6.645 6.663 6.680 6.698 6.716 6.735 6.755 6.776 6.797 6.820 6.844 6.869 6.895 6.920 6.946 6.972 6.998 7.025 7.051
5.607 5.628 5.649 5.670 5.690 5.710 5.730 5.749 5.767 5.785 5.803 5.821 5.838 5.856 5.873 5.891 5.910 5.929 5.948 5.968 5.989 6.010 6.031 6.052 6.073 6.094 6.115 6.137 6.158 6.178 6.198 6.218 6.236 6.254 6.272 6.289 6.305 6.321 6.336 6.352 6.367 6.383 6.399 6.416 6.433 6.451 6.469 6.487 6.505 6.525 6.544 6.564 6.583 6.602 6.621 6.640 6.658 6.677 6.694 6.712 6.731 6.749 6.769 6.789 6.811 6.833 6.857 6.882 6.908 6.933 6.959 6.986 7.013 7.040 7.067
5.619 5.640 5.662 5.683 5.704 5.724 5.744 5.763 5.781 5.799 5.817 5.834 5.851 5.868 5.885 5.902 5.919 5.937 5.956 5.975 5.994 6.015 6.035 6.055 6.076 6.097 6.118 6.139 6.160 6.181 6.202 6.221 6.241 6.259 6.277 6.295 6.312 6.328 6.344 6.360 6.376 6.392 6.409 6.426 6.443 6.461 6.479 6.497 6.515 6.535 6.555 6.575 6.595 6.615 6.634 6.654 6.672 6.691 6.709 6.728 6.746 6.765 6.784 6.804 6.825 6.847 6.871 6.895 6.921 6.947 6.974 7.001 7.028 7.056 7.084
5.632 5.653 5.675 5.696 5.717 5.737 5.757 5.776 5.795 5.813 5.831 5.848 5.865 5.881 5.898 5.914 5.931 5.948 5.965 5.983 6.001 6.021 6.040 6.060 6.079 6.100 6.121 6.142 6.163 6.184 6.205 6.225 6.245 6.264 6.282 6.300 6.318 6.335 6.352 6.368 6.385 6.401 6.418 6.435 6.452 6.470 6.488 6.506 6.525 6.545 6.565 6.586 6.606 6.627 6.647 6.667 6.686 6.706 6.724 6.743 6.762 6.780 6.800 6.820 6.841 6.863 6.886 6.910 6.936 6.962 6.988 7.016 7.044 7.072 7.100
5.644 5.665 5.687 5.708 5.730 5.750 5.770 5.790 5.809 5.827 5.845 5.862 5.879 5.895 5.911 5.927 5.943 5.959 5.976 5.993 6.010 6.028 6.047 6.066 6.084 6.104 6.125 6.146 6.166 6.187 6.208 6.228 6.248 6.268 6.287 6.306 6.324 6.341 6.359 6.376 6.392 6.409 6.426 6.443 6.461 6.479 6.497 6.515 6.535 6.555 6.575 6.596 6.617 6.638 6.659 6.680 6.700 6.720 6.739 6.759 6.778 6.797 6.816 6.836 6.857 6.879 6.902 6.926 6.952 6.978 7.004 7.032 7.060 7.089 7.118
5.656 5.677 5.699 5.720 5.742 5.763 5.783 5.803 5.822 5.841 5.859 5.876 5.893 5.910 5.925 5.941 5.957 5.972 5.988 6.004 6.020 6.037 6.055 6.073 6.091 6.110 6.130 6.150 6.170 6.191 6.212 6.232 6.252 6.272 6.292 6.311 6.329 6.347 6.365 6.382 6.400 6.417 6.434 6.452 6.470 6.488 6.506 6.524 6.544 6.564 6.585 6.606 6.628 6.649 6.671 6.692 6.713 6.734 6.754 6.774 6.794 6.813 6.833 6.853 6.874 6.896 6.918 6.943 6.968 6.994 7.020 7.048 7.077 7.106 7.135
5.667 5.689 5.710 5.732 5.754 5.775 5.795 5.816 5.835 5.854 5.873 5.890 5.908 5.924 5.940 5.956 5.971 5.986 6.001 6.016 6.032 6.048 6.065 6.081 6.098 6.117 6.136 6.155 6.175 6.196 6.216 6.236 6.257 6.277 6.296 6.316 6.335 6.353 6.371 6.389 6.407 6.424 6.442 6.459 6.477 6.496 6.514 6.532 6.552 6.572 6.593 6.615 6.637 6.659 6.682 6.704 6.726 6.747 6.769 6.789 6.810 6.830 6.850 6.870 6.891 6.913 6.936 6.960 6.985 7.011 7.037 7.065 7.093 7.123 7.153
5.679 5.700 5.722 5.743 5.765 5.786 5.807 5.828 5.848 5.867 5.886 5.904 5.922 5.939 5.955 5.970 5.986 6.001 6.015 6.030 6.045 6.060 6.076 6.092 6.108 6.125 6.143 6.162 6.181 6.201 6.221 6.241 6.262 6.282 6.301 6.321 6.340 6.359 6.377 6.396 6.413 6.431 6.449 6.467 6.485 6.503 6.522 6.540 6.560 6.580 6.602 6.624 6.646 6.669 6.692 6.715 6.737 6.760 6.782 6.804 6.825 6.846 6.867 6.887 6.908 6.930 6.953 6.977 7.002 7.027 7.054 7.081 7.110 7.140 7.170
5.690 5.711 5.733 5.754 5.776 5.797 5.818 5.839 5.859 5.879 5.899 5.917 5.935 5.953 5.969 5.985 6.001 6.016 6.030 6.045 6.059 6.074 6.089 6.103 6.118 6.135 6.152 6.170 6.189 6.208 6.228 6.247 6.267 6.287 6.307 6.327 6.346 6.365 6.384 6.402 6.420 6.438 6.456 6.474 6.492 6.511 6.529 6.547 6.567 6.588 6.609 6.631 6.654 6.677 6.701 6.725 6.748 6.772 6.795 6.817 6.840 6.861 6.883 6.904 6.926 6.947 6.970 6.994 7.019 7.044 7.070 7.098 7.127 7.157 7.187
5.702 5.722 5.744 5.765 5.787 5.808 5.829 5.850 5.871 5.891 5.911 5.930 5.948 5.966 5.983 6.000 6.015 6.031 6.045 6.060 6.074 6.088 6.102 6.116 6.130 6.146 6.163 6.180 6.198 6.216 6.235 6.254 6.274 6.294 6.313 6.333 6.352 6.371 6.390 6.409 6.427 6.445 6.463 6.481 6.499 6.518 6.536 6.554 6.574 6.594 6.616 6.638 6.661 6.685 6.709 6.734 6.758 6.782 6.806 6.830 6.853 6.876 6.898 6.920 6.942 6.964 6.987 7.011 7.036 7.060 7.087 7.114 7.143 7.173 7.204
5.714 5.734 5.755 5.776 5.797 5.818 5.840 5.861 5.881 5.902 5.922 5.941 5.960 5.979 5.996 6.013 6.030 6.045 6.060 6.075 6.089 6.103 6.117 6.130 6.144 6.159 6.174 6.191 6.208 6.225 6.244 6.262 6.282 6.301 6.320 6.340 6.359 6.378 6.397 6.415 6.434 6.452 6.470 6.488 6.506 6.525 6.542 6.560 6.580 6.601 6.622 6.645 6.668 6.692 6.717 6.742 6.767 6.792 6.817 6.841 6.865 6.889 6.912 6.935 6.957 6.980 7.003 7.027 7.052 7.077 7.103 7.130 7.159 7.189 7.220
5.726 5.746 5.766 5.787 5.808 5.829 5.850 5.871 5.892 5.912 5.932 5.952 5.972 5.990 6.009 6.026 6.043 6.059 6.075 6.090 6.104 6.119 6.132 6.145 6.158 6.173 6.188 6.203 6.219 6.236 6.254 6.272 6.290 6.309 6.328 6.347 6.366 6.385 6.404 6.423 6.441 6.459 6.477 6.495 6.513 6.531 6.548 6.567 6.586 6.607 6.628 6.651 6.674 6.698 6.723 6.749 6.774 6.800 6.826 6.851 6.877 6.901 6.925 6.949 6.972 6.995 7.018 7.043 7.067 7.092 7.118 7.145 7.174 7.204 7.235
5.739 5.758 5.778 5.798 5.818 5.839 5.860 5.881 5.901 5.922 5.942 5.963 5.982 6.002 6.020 6.038 6.056 6.073 6.089 6.104 6.119 6.134 6.147 6.160 6.173 6.187 6.202 6.217 6.232 6.248 6.265 6.283 6.300 6.319 6.337 6.356 6.375 6.394 6.412 6.430 6.449 6.467 6.485 6.502 6.520 6.538 6.554 6.573 6.592 6.612 6.634 6.656 6.679 6.704 6.729 6.755 6.781 6.807 6.834 6.860 6.886 6.912 6.937 6.961 6.985 7.009 7.033 7.057 7.081 7.106 7.132 7.159 7.188 7.219 7.249
5.754 5.772 5.791 5.810 5.830 5.850 5.870 5.890 5.911 5.932 5.952 5.972 5.992 6.012 6.031 6.050 6.068 6.085 6.102 6.118 6.134 6.149 6.162 6.175 6.188 6.202 6.216 6.231 6.246 6.261 6.278 6.294 6.312 6.329 6.347 6.366 6.384 6.403 6.421 6.439 6.457 6.475 6.492 6.510 6.527 6.544 6.561 6.579 6.598 6.618 6.639 6.661 6.684 6.709 6.734 6.760 6.787 6.814 6.841 6.868 6.895 6.921 6.947 6.972 6.997 7.021 7.045 7.070 7.094 7.119 7.145 7.172 7.201 7.232 7.263
5.769 5.787 5.804 5.823 5.842 5.861 5.880 5.900 5.921 5.941 5.961 5.982 6.002 6.022 6.041 6.060 6.079 6.097 6.114 6.131 6.147 6.162 6.176 6.190 6.203 6.217 6.231 6.246 6.260 6.275 6.291 6.307 6.324 6.341 6.359 6.376 6.394 6.412 6.430 6.448 6.466 6.483 6.500 6.518 6.535 6.551 6.568 6.585 6.603 6.623 6.644 6.666 6.689 6.713 6.738 6.764 6.791 6.819 6.846 6.874 6.902 6.929 6.956 6.981 7.007 7.032 7.056 7.081 7.106 7.130 7.156 7.184 7.213 7.243 7.275
5.787 5.803 5.820 5.837 5.854 5.873 5.891 5.911 5.930 5.950 5.970 5.991 6.011 6.031 6.051 6.070 6.089 6.107 6.125 6.143 6.159 6.176 6.190 6.204 6.218 6.232 6.246 6.261 6.275 6.290 6.305 6.321 6.337 6.354 6.371 6.388 6.405 6.423 6.440 6.458 6.475 6.492 6.509 6.526 6.543 6.559 6.574 6.591 6.609 6.628 6.649 6.670 6.693 6.717 6.742 6.768 6.795 6.823 6.851 6.879 6.908 6.935 6.963 6.989 7.016 7.041 7.066 7.091 7.116 7.141 7.167 7.194 7.223 7.254 7.285
5.806 5.821 5.836 5.852 5.869 5.886 5.903 5.922 5.941 5.960 5.980 6.000 6.020 6.040 6.059 6.079 6.098 6.117 6.136 6.154 6.171 6.188 6.203 6.217 6.232 6.247 6.261 6.276 6.290 6.305 6.320 6.335 6.351 6.367 6.383 6.400 6.417 6.434 6.451 6.468 6.485 6.502 6.518 6.535 6.551 6.567 6.582 6.598 6.615 6.634 6.653 6.674 6.697 6.720 6.745 6.771 6.798 6.826 6.855 6.884 6.912 6.941 6.969 6.996 7.023 7.049 7.074 7.100 7.125 7.150 7.176 7.203 7.232 7.262 7.294
5.826 5.840 5.854 5.869 5.884 5.900 5.917 5.934 5.952 5.970 5.989 6.009 6.028 6.048 6.068 6.088 6.107 6.126 6.145 6.164 6.182 6.199 6.215 6.230 6.245 6.260 6.275 6.290 6.305 6.319 6.334 6.349 6.364 6.380 6.396 6.413 6.429 6.446 6.462 6.479 6.495 6.512 6.528 6.544 6.560 6.575 6.590 6.605 6.622 6.640 6.659 6.679 6.700 6.724 6.748 6.774 6.801 6.829 6.858 6.887 6.916 6.945 6.974 7.001 7.029 7.055 7.081 7.107 7.132 7.157 7.183 7.210 7.239 7.270 7.301
