version1/TsunamiDB/out54097.asc
ncols          264
nrows          230
xllcorner      497853.4375
yllcorner      4229146.0000
cellsize         5.
NODATA_value   -99
[rows 170 to 203 of 230, columns 154 to 230 of 264]
6.963 6.974 6.985 6.996 7.007 7.018 7.028 7.037 7.045 7.050 7.050 7.046 7.043 7.047 7.054 7.067 7.092 7.130 7.179 7.238 7.306 7.378 7.447 7.500 7.561 7.643 7.724 7.804 7.880 7.952 8.019 8.080 8.133 8.167 8.204 8.254 8.302 8.347 8.388 8.425 8.459 8.488 8.515 8.533 8.551 8.576 8.600 8.624 8.646 8.668 8.689 8.710 8.729 8.742 8.755 8.775 8.796 8.815 8.833 8.850 8.866 8.880 8.892 8.900 8.908 8.920 8.931 8.941 8.951 8.961 8.970 8.979 8.988 8.993 8.999 9.008 9.017
6.974 6.985 6.997 7.008 7.019 7.030 7.040 7.050 7.059 7.065 7.066 7.064 7.062 7.068 7.077 7.092 7.120 7.159 7.208 7.267 7.335 7.407 7.478 7.532 7.593 7.677 7.759 7.839 7.915 7.986 8.052 8.111 8.161 8.194 8.228 8.275 8.321 8.363 8.402 8.437 8.469 8.497 8.523 8.540 8.557 8.581 8.604 8.626 8.647 8.668 8.688 8.708 8.727 8.739 8.752 8.772 8.792 8.810 8.828 8.844 8.859 8.873 8.885 8.893 8.900 8.911 8.922 8.932 8.941 8.950 8.959 8.968 8.977 8.983 8.988 8.998 9.008
6.984 6.996 7.008 7.019 7.031 7.042 7.053 7.064 7.074 7.081 7.083 7.082 7.082 7.090 7.102 7.119 7.148 7.187 7.236 7.295 7.363 7.436 7.509 7.564 7.626 7.711 7.794 7.874 7.948 8.019 8.084 8.140 8.188 8.218 8.251 8.296 8.338 8.379 8.415 8.449 8.479 8.507 8.531 8.548 8.564 8.586 8.608 8.629 8.649 8.669 8.688 8.707 8.725 8.737 8.749 8.769 8.788 8.806 8.823 8.839 8.853 8.866 8.878 8.885 8.892 8.902 8.912 8.922 8.931 8.939 8.948 8.957 8.966 8.971 8.977 8.986 8.996
6.995 7.007 7.019 7.031 7.043 7.055 7.067 7.079 7.089 7.097 7.101 7.102 7.104 7.114 7.127 7.146 7.176 7.216 7.264 7.322 7.391 7.466 7.541 7.596 7.659 7.745 7.827 7.907 7.980 8.049 8.112 8.166 8.212 8.241 8.271 8.313 8.354 8.393 8.427 8.460 8.490 8.516 8.540 8.555 8.570 8.592 8.613 8.633 8.652 8.670 8.688 8.706 8.725 8.736 8.748 8.766 8.785 8.802 8.818 8.833 8.847 8.859 8.870 8.877 8.883 8.893 8.902 8.911 8.919 8.927 8.936 8.945 8.954 8.959 8.965 8.974 8.984
7.007 7.019 7.031 7.044 7.056 7.069 7.081 7.094 7.106 7.115 7.121 7.123 7.127 7.138 7.153 7.173 7.203 7.244 7.292 7.350 7.419 7.495 7.572 7.628 7.691 7.777 7.859 7.937 8.009 8.077 8.139 8.191 8.235 8.262 8.290 8.330 8.369 8.406 8.440 8.471 8.500 8.526 8.548 8.563 8.577 8.598 8.618 8.637 8.655 8.672 8.690 8.707 8.725 8.736 8.747 8.765 8.782 8.799 8.814 8.828 8.841 8.853 8.863 8.869 8.874 8.883 8.892 8.901 8.908 8.916 8.924 8.933 8.942 8.947 8.952 8.962 8.972
7.018 7.031 7.044 7.057 7.070 7.083 7.096 7.110 7.122 7.133 7.141 7.145 7.150 7.162 7.179 7.199 7.230 7.270 7.318 7.377 7.445 7.523 7.605 7.661 7.724 7.809 7.890 7.967 8.038 8.105 8.165 8.216 8.257 8.282 8.308 8.347 8.385 8.420 8.453 8.483 8.511 8.536 8.558 8.572 8.585 8.605 8.625 8.643 8.660 8.676 8.692 8.709 8.727 8.738 8.748 8.765 8.782 8.797 8.811 8.824 8.837 8.847 8.857 8.862 8.867 8.875 8.883 8.891 8.898 8.906 8.913 8.921 8.931 8.936 8.941 8.950 8.960
7.031 7.043 7.057 7.070 7.084 7.097 7.112 7.126 7.140 7.153 7.161 7.166 7.172 7.186 7.204 7.225 7.256 7.296 7.345 7.404 7.473 7.557 7.641 7.695 7.756 7.841 7.921 7.996 8.066 8.131 8.190 8.237 8.275 8.300 8.326 8.363 8.399 8.434 8.466 8.496 8.523 8.547 8.567 8.580 8.593 8.613 8.631 8.649 8.666 8.681 8.696 8.713 8.731 8.741 8.750 8.767 8.782 8.796 8.809 8.822 8.833 8.843 8.851 8.855 8.860 8.867 8.875 8.882 8.889 8.896 8.903 8.912 8.921 8.926 8.930 8.940 8.949
7.043 7.057 7.070 7.084 7.098 7.113 7.128 7.143 7.158 7.172 7.182 7.188 7.196 7.211 7.229 7.251 7.283 7.324 7.374 7.435 7.509 7.594 7.674 7.727 7.788 7.871 7.950 8.024 8.092 8.155 8.211 8.256 8.294 8.318 8.342 8.379 8.414 8.448 8.479 8.508 8.534 8.557 8.577 8.590 8.602 8.621 8.639 8.656 8.672 8.688 8.703 8.720 8.736 8.745 8.754 8.769 8.783 8.796 8.809 8.820 8.831 8.839 8.846 8.850 8.854 8.861 8.868 8.875 8.882 8.889 8.896 8.904 8.913 8.917 8.922 8.931 8.939
7.057 7.070 7.084 7.099 7.113 7.129 7.145 7.161 7.177 7.192 7.203 7.211 7.220 7.236 7.256 7.278 7.311 7.354 7.406 7.470 7.546 7.628 7.705 7.757 7.817 7.899 7.977 8.050 8.116 8.177 8.230 8.274 8.312 8.335 8.358 8.394 8.429 8.462 8.492 8.520 8.545 8.568 8.588 8.600 8.611 8.629 8.647 8.665 8.680 8.696 8.711 8.727 8.742 8.750 8.758 8.772 8.785 8.798 8.809 8.819 8.828 8.836 8.843 8.847 8.850 8.856 8.863 8.870 8.876 8.883 8.890 8.898 8.907 8.911 8.914 8.923 8.931
7.071 7.085 7.099 7.114 7.129 7.145 7.162 7.179 7.197 7.213 7.225 7.234 7.244 7.262 7.282 7.306 7.341 7.385 7.439 7.505 7.581 7.660 7.734 7.786 7.845 7.925 8.001 8.073 8.138 8.196 8.247 8.291 8.329 8.351 8.374 8.410 8.444 8.476 8.505 8.532 8.557 8.579 8.598 8.610 8.621 8.639 8.657 8.674 8.690 8.705 8.720 8.734 8.749 8.756 8.763 8.776 8.788 8.799 8.810 8.819 8.827 8.834 8.841 8.844 8.847 8.853 8.860 8.866 8.873 8.879 8.886 8.894 8.902 8.905 8.909 8.917 8.925
7.086 7.100 7.115 7.130 7.146 7.163 7.180 7.198 7.217 7.234 7.247 7.257 7.269 7.288 7.310 7.336 7.371 7.418 7.473 7.538 7.612 7.689 7.762 7.813 7.871 7.950 8.024 8.095 8.157 8.214 8.264 8.308 8.346 8.368 8.390 8.425 8.459 8.490 8.518 8.545 8.569 8.590 8.609 8.621 8.631 8.649 8.667 8.684 8.699 8.714 8.729 8.743 8.756 8.762 8.769 8.780 8.791 8.802 8.811 8.819 8.827 8.834 8.840 8.842 8.845 8.851 8.857 8.864 8.870 8.877 8.884 8.891 8.898 8.901 8.905 8.912 8.920
7.103 7.117 7.132 7.148 7.164 7.181 7.199 7.218 7.237 7.255 7.270 7.282 7.295 7.315 7.339 7.366 7.403 7.451 7.506 7.569 7.641 7.716 7.787 7.838 7.895 7.973 8.046 8.115 8.176 8.232 8.281 8.325 8.363 8.384 8.406 8.441 8.474 8.504 8.532 8.557 8.581 8.602 8.621 8.632 8.642 8.660 8.678 8.694 8.710 8.724 8.738 8.751 8.763 8.769 8.775 8.785 8.795 8.805 8.813 8.820 8.827 8.834 8.840 8.842 8.844 8.850 8.857 8.863 8.869 8.876 8.882 8.889 8.896 8.899 8.902 8.909 8.916
7.120 7.135 7.150 7.166 7.183 7.201 7.219 7.239 7.259 7.278 7.294 7.306 7.321 7.343 7.368 7.397 7.435 7.482 7.536 7.598 7.668 7.741 7.813 7.863 7.919 7.996 8.068 8.135 8.195 8.249 8.298 8.342 8.379 8.401 8.422 8.456 8.489 8.519 8.546 8.570 8.593 8.614 8.633 8.644 8.654 8.672 8.689 8.705 8.720 8.735 8.748 8.760 8.771 8.776 8.781 8.790 8.799 8.808 8.815 8.822 8.828 8.834 8.840 8.842 8.845 8.851 8.857 8.863 8.869 8.875 8.882 8.888 8.895 8.897 8.900 8.907 8.914
7.139 7.154 7.169 7.185 7.202 7.221 7.240 7.260 7.281 7.301 7.317 7.331 7.347 7.371 7.398 7.427 7.466 7.513 7.566 7.626 7.694 7.767 7.838 7.888 7.944 8.019 8.090 8.155 8.214 8.267 8.316 8.359 8.396 8.417 8.438 8.472 8.504 8.533 8.559 8.583 8.606 8.626 8.646 8.656 8.665 8.683 8.700 8.716 8.731 8.744 8.757 8.768 8.778 8.782 8.786 8.795 8.803 8.811 8.818 8.824 8.830 8.836 8.842 8.844 8.846 8.852 8.858 8.864 8.870 8.876 8.882 8.888 8.894 8.897 8.899 8.905 8.912
7.159 7.174 7.190 7.206 7.223 7.242 7.262 7.283 7.304 7.324 7.342 7.357 7.374 7.399 7.427 7.458 7.497 7.544 7.595 7.654 7.720 7.791 7.863 7.913 7.968 8.041 8.111 8.175 8.232 8.285 8.333 8.375 8.412 8.433 8.453 8.486 8.518 8.547 8.572 8.596 8.618 8.639 8.658 8.668 8.677 8.695 8.711 8.727 8.741 8.754 8.766 8.776 8.785 8.789 8.792 8.800 8.807 8.814 8.821 8.826 8.832 8.838 8.843 8.845 8.847 8.853 8.859 8.865 8.871 8.877 8.883 8.889 8.895 8.897 8.899 8.905 8.911
7.181 7.196 7.211 7.228 7.245 7.264 7.285 7.306 7.327 7.348 7.366 7.382 7.400 7.427 7.456 7.488 7.527 7.573 7.623 7.680 7.745 7.816 7.889 7.939 7.992 8.064 8.132 8.195 8.251 8.303 8.350 8.392 8.429 8.449 8.469 8.502 8.533 8.561 8.586 8.610 8.632 8.652 8.671 8.681 8.690 8.707 8.723 8.738 8.751 8.764 8.776 8.785 8.793 8.795 8.798 8.805 8.812 8.818 8.824 8.830 8.835 8.840 8.846 8.848 8.850 8.855 8.861 8.867 8.873 8.879 8.884 8.890 8.896 8.898 8.900 8.905 8.911
7.204 7.219 7.234 7.251 7.268 7.288 7.308 7.329 7.351 7.372 7.391 7.407 7.426 7.454 7.485 7.517 7.557 7.602 7.652 7.708 7.770 7.844 7.918 7.966 8.017 8.088 8.154 8.215 8.271 8.322 8.368 8.410 8.446 8.465 8.484 8.517 8.548 8.576 8.601 8.624 8.645 8.666 8.685 8.694 8.703 8.719 8.735 8.749 8.762 8.774 8.785 8.793 8.799 8.802 8.804 8.810 8.816 8.822 8.828 8.833 8.838 8.844 8.849 8.851 8.853 8.858 8.864 8.870 8.875 8.881 8.886 8.892 8.898 8.899 8.901 8.907 8.912
7.228 7.243 7.258 7.275 7.292 7.312 7.332 7.354 7.375 7.396 7.414 7.431 7.453 7.483 7.515 7.548 7.587 7.632 7.682 7.737 7.802 7.876 7.946 7.993 8.043 8.112 8.177 8.237 8.291 8.341 8.387 8.427 8.463 8.482 8.500 8.533 8.563 8.591 8.616 8.639 8.660 8.681 8.699 8.708 8.716 8.732 8.746 8.760 8.772 8.783 8.793 8.800 8.806 8.808 8.810 8.816 8.821 8.827 8.832 8.837 8.842 8.847 8.853 8.854 8.856 8.861 8.867 8.873 8.878 8.884 8.889 8.895 8.900 8.901 8.903 8.908 8.913
7.254 7.269 7.284 7.300 7.317 7.336 7.357 7.378 7.399 7.419 7.437 7.456 7.480 7.512 7.545 7.579 7.619 7.665 7.714 7.771 7.836 7.906 7.974 8.020 8.069 8.136 8.200 8.259 8.312 8.361 8.405 8.445 8.481 8.499 8.517 8.549 8.579 8.607 8.632 8.655 8.676 8.696 8.714 8.721 8.729 8.744 8.758 8.770 8.782 8.792 8.800 8.807 8.812 8.814 8.816 8.821 8.826 8.832 8.837 8.841 8.846 8.852 8.857 8.858 8.859 8.865 8.871 8.876 8.882 8.887 8.892 8.898 8.903 8.904 8.905 8.910 8.914
7.280 7.295 7.310 7.326 7.343 7.361 7.382 7.402 7.422 7.442 7.461 7.483 7.509 7.542 7.576 7.612 7.653 7.699 7.749 7.806 7.869 7.937 8.003 8.048 8.096 8.163 8.226 8.283 8.334 8.382 8.425 8.464 8.499 8.516 8.533 8.566 8.596 8.623 8.648 8.671 8.692 8.711 8.728 8.735 8.741 8.756 8.769 8.781 8.791 8.799 8.807 8.813 8.819 8.820 8.821 8.827 8.832 8.837 8.841 8.846 8.851 8.856 8.861 8.862 8.863 8.869 8.874 8.880 8.886 8.891 8.896 8.901 8.905 8.906 8.907 8.912 8.916
7.308 7.322 7.337 7.352 7.369 7.387 7.406 7.425 7.445 7.465 7.486 7.510 7.538 7.573 7.609 7.647 7.689 7.736 7.786 7.841 7.903 7.968 8.033 8.078 8.126 8.191 8.252 8.308 8.358 8.404 8.446 8.483 8.518 8.535 8.552 8.583 8.614 8.641 8.665 8.688 8.708 8.726 8.742 8.748 8.754 8.767 8.779 8.790 8.799 8.807 8.814 8.820 8.825 8.826 8.827 8.832 8.837 8.842 8.846 8.851 8.855 8.860 8.865 8.866 8.867 8.873 8.879 8.884 8.890 8.895 8.900 8.904 8.908 8.909 8.910 8.914 8.917
7.336 7.350 7.364 7.379 7.395 7.412 7.429 7.448 7.468 7.489 7.512 7.538 7.569 7.605 7.643 7.683 7.727 7.774 7.823 7.876 7.935 8.000 8.064 8.110 8.157 8.220 8.282 8.336 8.384 8.428 8.467 8.504 8.538 8.554 8.570 8.602 8.632 8.659 8.683 8.705 8.724 8.741 8.756 8.761 8.766 8.778 8.790 8.799 8.807 8.814 8.820 8.826 8.831 8.832 8.833 8.838 8.843 8.847 8.851 8.856 8.860 8.864 8.869 8.870 8.871 8.877 8.883 8.889 8.894 8.899 8.904 8.908 8.912 8.912 8.912 8.916 8.919
7.364 7.378 7.391 7.405 7.420 7.435 7.452 7.471 7.491 7.513 7.538 7.568 7.601 7.639 7.678 7.719 7.765 7.812 7.860 7.912 7.969 8.033 8.099 8.144 8.190 8.255 8.315 8.366 8.412 8.453 8.490 8.526 8.560 8.575 8.591 8.622 8.652 8.678 8.701 8.722 8.741 8.756 8.770 8.774 8.778 8.789 8.799 8.808 8.815 8.821 8.827 8.832 8.837 8.838 8.839 8.844 8.848 8.852 8.856 8.860 8.864 8.869 8.874 8.875 8.876 8.882 8.887 8.893 8.898 8.903 8.908 8.911 8.915 8.915 8.915 8.918 8.921
7.392 7.405 7.418 7.431 7.445 7.459 7.475 7.494 7.514 7.538 7.566 7.598 7.633 7.672 7.713 7.756 7.803 7.850 7.898 7.949 8.005 8.070 8.137 8.183 8.228 8.292 8.349 8.398 8.440 8.479 8.514 8.549 8.583 8.597 8.612 8.643 8.671 8.697 8.719 8.739 8.756 8.771 8.783 8.786 8.790 8.799 8.808 8.816 8.822 8.828 8.833 8.838 8.843 8.844 8.844 8.849 8.853 8.858 8.861 8.865 8.869 8.874 8.879 8.880 8.881 8.886 8.892 8.897 8.902 8.907 8.911 8.915 8.918 8.918 8.917 8.920 8.922
7.419 7.432 7.444 7.456 7.469 7.482 7.498 7.516 7.538 7.564 7.594 7.628 7.665 7.706 7.747 7.792 7.841 7.889 7.938 7.989 8.044 8.108 8.177 8.224 8.269 8.330 8.385 8.432 8.471 8.507 8.540 8.573 8.606 8.620 8.634 8.664 8.692 8.716 8.737 8.756 8.772 8.786 8.796 8.799 8.801 8.809 8.817 8.824 8.830 8.835 8.840 8.844 8.849 8.849 8.850 8.854 8.858 8.863 8.866 8.870 8.874 8.878 8.883 8.884 8.885 8.891 8.896 8.902 8.907 8.911 8.915 8.918 8.921 8.920 8.920 8.922 8.924
7.446 7.458 7.468 7.479 7.492 7.504 7.520 7.538 7.561 7.590 7.623 7.659 7.698 7.739 7.782 7.829 7.880 7.930 7.979 8.031 8.085 8.150 8.224 8.271 8.314 8.373 8.425 8.468 8.504 8.538 8.568 8.599 8.633 8.646 8.659 8.688 8.714 8.736 8.756 8.774 8.789 8.801 8.810 8.811 8.812 8.819 8.826 8.832 8.837 8.842 8.846 8.851 8.855 8.855 8.855 8.859 8.864 8.868 8.871 8.875 8.878 8.883 8.889 8.890 8.890 8.896 8.901 8.906 8.911 8.915 8.919 8.922 8.924 8.923 8.922 8.924 8.926
7.470 7.481 7.490 7.502 7.513 7.526 7.542 7.561 7.586 7.617 7.652 7.690 7.730 7.773 7.817 7.867 7.920 7.972 8.024 8.077 8.131 8.204 8.281 8.323 8.362 8.418 8.466 8.505 8.539 8.570 8.597 8.629 8.663 8.674 8.685 8.712 8.736 8.757 8.775 8.791 8.806 8.815 8.822 8.823 8.823 8.829 8.835 8.840 8.845 8.849 8.853 8.857 8.861 8.861 8.861 8.865 8.869 8.873 8.876 8.880 8.883 8.888 8.894 8.895 8.896 8.901 8.906 8.911 8.915 8.919 8.923 8.925 8.926 8.925 8.924 8.926 8.927
7.492 7.502 7.512 7.523 7.535 7.548 7.564 7.585 7.612 7.643 7.680 7.720 7.764 7.809 7.853 7.906 7.963 8.018 8.074 8.130 8.193 8.267 8.336 8.375 8.413 8.463 8.507 8.544 8.576 8.604 8.632 8.662 8.692 8.702 8.712 8.737 8.759 8.778 8.795 8.809 8.821 8.829 8.835 8.835 8.834 8.839 8.844 8.849 8.853 8.856 8.860 8.863 8.866 8.866 8.866 8.870 8.874 8.878 8.882 8.885 8.889 8.894 8.899 8.900 8.901 8.906 8.910 8.915 8.919 8.923 8.926 8.928 8.929 8.928 8.927 8.928 8.929
7.512 7.522 7.532 7.544 7.556 7.569 7.587 7.609 7.636 7.668 7.706 7.751 7.800 7.845 7.891 7.948 8.009 8.070 8.130 8.192 8.259 8.329 8.392 8.428 8.462 8.509 8.550 8.584 8.614 8.641 8.668 8.696 8.723 8.731 8.740 8.762 8.782 8.800 8.814 8.827 8.837 8.844 8.849 8.847 8.846 8.850 8.854 8.858 8.861 8.864 8.866 8.869 8.873 8.872 8.871 8.875 8.879 8.883 8.887 8.891 8.895 8.900 8.905 8.905 8.906 8.910 8.915 8.919 8.922 8.926 8.928 8.930 8.931 8.930 8.929 8.930 8.931
7.531 7.541 7.551 7.563 7.576 7.590 7.609 7.632 7.660 7.693 7.734 7.783 7.836 7.883 7.931 7.994 8.060 8.124 8.190 8.257 8.323 8.389 8.446 8.480 8.512 8.555 8.593 8.625 8.654 8.680 8.705 8.731 8.754 8.761 8.768 8.788 8.806 8.821 8.834 8.845 8.853 8.859 8.863 8.860 8.858 8.861 8.864 8.867 8.869 8.871 8.873 8.876 8.879 8.878 8.877 8.881 8.885 8.889 8.893 8.897 8.901 8.905 8.910 8.910 8.910 8.915 8.919 8.922 8.925 8.928 8.930 8.932 8.933 8.932 8.930 8.931 8.932
7.548 7.558 7.568 7.581 7.595 7.611 7.630 7.654 7.682 7.717 7.761 7.815 7.873 7.923 7.974 8.042 8.112 8.182 8.252 8.320 8.386 8.447 8.500 8.531 8.561 8.601 8.636 8.667 8.694 8.719 8.743 8.765 8.786 8.791 8.797 8.815 8.830 8.844 8.854 8.863 8.870 8.874 8.877 8.874 8.871 8.873 8.875 8.877 8.878 8.879 8.881 8.883 8.885 8.884 8.883 8.886 8.890 8.895 8.899 8.903 8.907 8.911 8.915 8.915 8.915 8.919 8.922 8.926 8.928 8.931 8.932 8.934 8.935 8.933 8.932 8.933 8.934
7.563 7.574 7.585 7.599 7.614 7.629 7.650 7.675 7.704 7.741 7.789 7.847 7.912 7.965 8.019 8.092 8.167 8.241 8.312 8.380 8.445 8.503 8.552 8.581 8.609 8.646 8.679 8.709 8.734 8.758 8.780 8.800 8.818 8.822 8.827 8.842 8.855 8.867 8.876 8.883 8.888 8.891 8.893 8.889 8.885 8.886 8.887 8.887 8.888 8.888 8.889 8.890 8.892 8.890 8.889 8.893 8.897 8.901 8.905 8.909 8.913 8.916 8.920 8.919 8.919 8.922 8.925 8.928 8.931 8.933 8.934 8.935 8.936 8.935 8.934 8.934 8.935
7.578 7.589 7.600 7.614 7.630 7.647 7.668 7.695 7.726 7.765 7.817 7.882 7.953 8.008 8.065 8.144 8.222 8.298 8.370 8.438 8.501 8.555 8.601 8.629 8.655 8.690 8.721 8.749 8.774 8.796 8.816 8.835 8.850 8.853 8.857 8.870 8.881 8.891 8.898 8.904 8.907 8.909 8.910 8.905 8.900 8.900 8.899 8.899 8.898 8.897 8.897 8.898 8.900 8.898 8.896 8.899 8.903 8.907 8.911 8.915 8.918 8.922 8.924 8.924 8.923 8.926 8.928 8.931 8.933 8.934 8.936 8.937 8.938 8.936 8.935 8.936 8.937
7.591 7.603 7.614 7.629 7.646 7.664 7.687 7.715 7.748 7.791 7.848 7.919 7.995 8.052 8.112 8.195 8.275 8.351 8.422 8.489 8.550 8.602 8.645 8.671 8.696 8.729 8.759 8.786 8.810 8.831 8.851 8.867 8.882 8.884 8.887 8.898 8.907 8.915 8.921 8.925 8.928 8.929 8.928 8.922 8.915 8.914 8.912 8.911 8.909 8.907 8.907 8.907 8.908 8.906 8.903 8.906 8.910 8.914 8.917 8.921 8.924 8.927 8.929 8.928 8.927 8.929 8.931 8.933 8.935 8.936 8.937 8.938 8.939 8.938 8.936 8.937 8.938
