version1/TsunamiDB/out54024.asc
ncols          264
nrows          230
xllcorner      497853.4375
yllcorner      4229146.0000
cellsize         5.
NODATA_value   -99
[rows 93 to 123 of 230, columns 142 to 212 of 264]
1.645 1.654 1.719 1.882 2.133 2.439 2.763 3.075 3.355 3.592 3.786 3.942 4.069 4.173 4.261 4.338 4.407 4.470 4.528 4.582 4.633 4.681 4.727 4.770 4.811 4.850 4.887 4.923 4.957 4.991 5.023 5.054 5.085 5.117 5.148 5.179 5.210 5.241 5.272 5.303 5.334 5.364 5.393 5.421 5.448 5.473 5.496 5.517 5.537 5.554 5.571 5.589 5.608 5.628 5.653 5.682 5.717 5.756 5.800 5.848 5.899 5.953 6.010 6.067 6.125 6.182 6.237 6.291 6.342 6.391 6.437
1.646 1.670 1.774 1.978 2.256 2.573 2.896 3.196 3.460 3.679 3.857 4.000 4.116 4.213 4.297 4.371 4.437 4.499 4.556 4.610 4.661 4.709 4.755 4.798 4.839 4.878 4.915 4.951 4.985 5.018 5.050 5.081 5.112 5.142 5.173 5.203 5.233 5.264 5.295 5.325 5.356 5.386 5.416 5.445 5.472 5.497 5.521 5.542 5.561 5.577 5.593 5.607 5.623 5.639 5.660 5.685 5.716 5.751 5.792 5.838 5.888 5.942 5.999 6.057 6.116 6.175 6.233 6.290 6.344 6.395 6.443
1.651 1.701 1.848 2.086 2.385 2.708 3.025 3.312 3.557 3.758 3.921 4.052 4.160 4.251 4.331 4.402 4.467 4.527 4.583 4.637 4.688 4.736 4.781 4.825 4.866 4.905 4.943 4.978 5.013 5.046 5.077 5.107 5.138 5.168 5.198 5.228 5.258 5.288 5.318 5.349 5.379 5.410 5.439 5.469 5.497 5.523 5.547 5.569 5.588 5.605 5.620 5.633 5.646 5.660 5.677 5.698 5.724 5.756 5.793 5.836 5.884 5.936 5.992 6.050 6.110 6.171 6.231 6.289 6.346 6.400 6.451
1.662 1.750 1.937 2.205 2.518 2.843 3.150 3.420 3.646 3.831 3.979 4.100 4.201 4.287 4.362 4.431 4.494 4.554 4.610 4.663 4.713 4.761 4.807 4.851 4.892 4.932 4.969 5.005 5.040 5.073 5.104 5.134 5.164 5.194 5.223 5.253 5.282 5.312 5.342 5.372 5.402 5.433 5.463 5.493 5.521 5.548 5.574 5.597 5.617 5.635 5.650 5.664 5.676 5.688 5.703 5.721 5.743 5.770 5.803 5.842 5.887 5.936 5.991 6.048 6.108 6.170 6.231 6.292 6.351 6.406 6.460
1.687 1.816 2.041 2.332 2.654 2.974 3.268 3.520 3.728 3.897 4.033 4.145 4.239 4.320 4.393 4.459 4.521 4.580 4.635 4.687 4.738 4.786 4.831 4.875 4.917 4.957 4.995 5.031 5.066 5.099 5.130 5.160 5.191 5.220 5.249 5.278 5.307 5.336 5.365 5.395 5.425 5.456 5.486 5.516 5.545 5.573 5.600 5.624 5.646 5.665 5.682 5.697 5.710 5.722 5.736 5.752 5.770 5.794 5.822 5.857 5.897 5.944 5.996 6.052 6.112 6.173 6.235 6.298 6.358 6.416 6.471
1.728 1.899 2.156 2.464 2.789 3.101 3.379 3.612 3.803 3.957 4.082 4.186 4.274 4.352 4.422 4.487 4.547 4.605 4.659 4.711 4.761 4.809 4.855 4.899 4.941 4.981 5.020 5.057 5.092 5.125 5.156 5.187 5.217 5.246 5.274 5.303 5.331 5.360 5.389 5.418 5.448 5.478 5.508 5.538 5.568 5.597 5.624 5.650 5.674 5.695 5.714 5.731 5.746 5.759 5.773 5.788 5.805 5.825 5.850 5.880 5.916 5.959 6.007 6.062 6.120 6.181 6.243 6.306 6.368 6.428 6.485
1.787 1.997 2.280 2.599 2.922 3.222 3.482 3.697 3.872 4.013 4.128 4.224 4.308 4.382 4.450 4.513 4.572 4.629 4.683 4.734 4.784 4.832 4.878 4.922 4.964 5.005 5.044 5.081 5.116 5.149 5.181 5.212 5.242 5.272 5.300 5.328 5.356 5.384 5.412 5.441 5.470 5.500 5.529 5.559 5.589 5.618 5.647 5.674 5.699 5.722 5.744 5.764 5.781 5.797 5.812 5.828 5.845 5.863 5.885 5.911 5.943 5.981 6.026 6.077 6.133 6.193 6.255 6.319 6.382 6.443 6.503
1.863 2.108 2.410 2.735 3.051 3.336 3.578 3.775 3.935 4.064 4.170 4.261 4.340 4.411 4.477 4.539 4.597 4.652 4.706 4.757 4.806 4.854 4.899 4.944 4.986 5.027 5.066 5.104 5.140 5.173 5.206 5.237 5.268 5.297 5.326 5.354 5.381 5.409 5.436 5.464 5.492 5.521 5.550 5.579 5.609 5.638 5.667 5.695 5.722 5.747 5.771 5.794 5.814 5.833 5.851 5.869 5.887 5.905 5.925 5.949 5.977 6.011 6.051 6.099 6.151 6.209 6.271 6.334 6.399 6.463 6.527
1.956 2.229 2.545 2.870 3.175 3.444 3.666 3.847 3.992 4.111 4.210 4.295 4.370 4.439 4.503 4.563 4.620 4.675 4.728 4.779 4.827 4.875 4.920 4.965 5.007 5.048 5.088 5.126 5.163 5.197 5.230 5.262 5.293 5.323 5.351 5.379 5.406 5.433 5.460 5.487 5.514 5.542 5.570 5.598 5.627 5.656 5.685 5.714 5.742 5.769 5.795 5.821 5.844 5.866 5.889 5.909 5.929 5.949 5.969 5.991 6.017 6.047 6.083 6.126 6.175 6.231 6.291 6.354 6.420 6.488 6.556
2.062 2.357 2.681 3.001 3.293 3.543 3.747 3.912 4.045 4.155 4.247 4.327 4.399 4.466 4.528 4.587 4.643 4.697 4.749 4.800 4.848 4.895 4.941 4.985 5.028 5.069 5.109 5.148 5.185 5.220 5.253 5.286 5.318 5.348 5.377 5.405 5.432 5.458 5.484 5.510 5.536 5.563 5.589 5.617 5.645 5.673 5.702 5.731 5.759 5.788 5.817 5.845 5.871 5.897 5.923 5.947 5.971 5.993 6.014 6.036 6.060 6.088 6.120 6.159 6.205 6.257 6.316 6.378 6.446 6.518 6.589
2.179 2.491 2.817 3.128 3.404 3.635 3.822 3.973 4.095 4.196 4.282 4.358 4.428 4.492 4.552 4.610 4.665 4.719 4.770 4.820 4.868 4.915 4.961 5.005 5.048 5.089 5.129 5.168 5.206 5.242 5.276 5.310 5.342 5.373 5.403 5.431 5.458 5.484 5.510 5.534 5.559 5.584 5.609 5.635 5.661 5.689 5.717 5.746 5.775 5.805 5.835 5.866 5.895 5.925 5.954 5.983 6.010 6.035 6.059 6.082 6.106 6.132 6.161 6.196 6.239 6.289 6.346 6.408 6.478 6.551 6.627
2.305 2.627 2.951 3.250 3.508 3.720 3.891 4.028 4.140 4.234 4.316 4.388 4.455 4.517 4.576 4.633 4.687 4.740 4.790 4.840 4.888 4.934 4.980 5.024 5.067 5.108 5.149 5.189 5.227 5.263 5.298 5.333 5.366 5.398 5.428 5.457 5.485 5.511 5.536 5.560 5.583 5.606 5.630 5.654 5.678 5.704 5.731 5.760 5.789 5.820 5.852 5.885 5.917 5.949 5.982 6.015 6.046 6.075 6.102 6.128 6.153 6.178 6.206 6.239 6.279 6.327 6.382 6.443 6.513 6.587 6.665
2.437 2.764 3.081 3.364 3.604 3.799 3.954 4.080 4.184 4.272 4.349 4.418 4.482 4.542 4.600 4.655 4.708 4.760 4.810 4.859 4.906 4.953 4.998 5.042 5.085 5.127 5.168 5.208 5.247 5.284 5.320 5.355 5.390 5.423 5.454 5.484 5.512 5.538 5.563 5.586 5.608 5.630 5.651 5.673 5.696 5.720 5.746 5.774 5.803 5.834 5.867 5.902 5.937 5.972 6.008 6.044 6.079 6.112 6.143 6.172 6.199 6.226 6.254 6.285 6.322 6.369 6.422 6.482 6.551 6.626 6.706
2.573 2.900 3.205 3.471 3.692 3.870 4.012 4.128 4.224 4.307 4.380 4.447 4.509 4.567 4.623 4.677 4.729 4.780 4.829 4.877 4.924 4.970 5.015 5.059 5.102 5.144 5.185 5.226 5.266 5.303 5.340 5.377 5.413 5.447 5.479 5.510 5.539 5.566 5.590 5.613 5.635 5.655 5.675 5.695 5.715 5.738 5.762 5.788 5.817 5.849 5.882 5.918 5.955 5.993 6.032 6.072 6.110 6.147 6.182 6.214 6.244 6.273 6.301 6.332 6.369 6.416 6.468 6.527 6.594 6.668 6.750
2.711 3.033 3.323 3.571 3.774 3.936 4.066 4.173 4.263 4.341 4.411 4.475 4.535 4.592 4.646 4.699 4.750 4.799 4.848 4.895 4.942 4.987 5.032 5.075 5.118 5.160 5.202 5.243 5.283 5.322 5.359 5.397 5.434 5.470 5.503 5.536 5.566 5.593 5.619 5.641 5.662 5.682 5.700 5.718 5.737 5.757 5.779 5.805 5.833 5.864 5.898 5.935 5.973 6.013 6.055 6.097 6.139 6.179 6.218 6.253 6.286 6.317 6.348 6.381 6.421 6.468 6.518 6.576 6.643 6.716 6.796
2.849 3.161 3.435 3.663 3.848 3.997 4.116 4.215 4.300 4.374 4.441 4.503 4.562 4.617 4.670 4.721 4.771 4.819 4.866 4.913 4.959 5.003 5.047 5.091 5.133 5.176 5.217 5.258 5.299 5.338 5.377 5.416 5.454 5.491 5.526 5.560 5.591 5.620 5.646 5.670 5.691 5.709 5.727 5.743 5.760 5.779 5.799 5.823 5.850 5.881 5.915 5.952 5.991 6.033 6.077 6.122 6.166 6.210 6.251 6.291 6.327 6.361 6.396 6.433 6.474 6.522 6.573 6.630 6.695 6.766 6.843
2.986 3.284 3.539 3.749 3.918 4.053 4.163 4.255 4.335 4.406 4.471 4.531 4.588 4.642 4.693 4.743 4.792 4.839 4.885 4.931 4.975 5.019 5.063 5.106 5.148 5.190 5.231 5.273 5.314 5.354 5.393 5.433 5.472 5.510 5.547 5.582 5.615 5.646 5.673 5.698 5.719 5.738 5.755 5.771 5.787 5.803 5.822 5.844 5.870 5.900 5.934 5.971 6.011 6.053 6.099 6.146 6.192 6.239 6.284 6.327 6.367 6.405 6.444 6.484 6.528 6.577 6.629 6.686 6.750 6.818 6.892
3.119 3.400 3.636 3.828 3.981 4.105 4.207 4.293 4.369 4.437 4.500 4.559 4.614 4.667 4.717 4.766 4.813 4.859 4.904 4.949 4.992 5.035 5.078 5.120 5.162 5.203 5.244 5.286 5.327 5.367 5.407 5.448 5.488 5.528 5.566 5.602 5.637 5.669 5.698 5.724 5.747 5.766 5.784 5.799 5.815 5.831 5.848 5.869 5.894 5.922 5.955 5.992 6.032 6.075 6.121 6.170 6.219 6.267 6.315 6.362 6.406 6.449 6.492 6.535 6.582 6.633 6.686 6.744 6.806 6.872 6.944
3.247 3.510 3.727 3.901 4.041 4.155 4.248 4.329 4.402 4.468 4.528 4.586 4.640 4.691 4.741 4.789 4.835 4.880 4.924 4.967 5.010 5.052 5.093 5.134 5.175 5.216 5.257 5.298 5.339 5.380 5.420 5.461 5.502 5.543 5.582 5.620 5.656 5.690 5.721 5.748 5.773 5.794 5.812 5.829 5.845 5.860 5.878 5.897 5.921 5.948 5.980 6.016 6.055 6.098 6.145 6.194 6.245 6.296 6.347 6.397 6.446 6.493 6.539 6.586 6.635 6.688 6.743 6.802 6.864 6.930 7.000
3.369 3.613 3.811 3.969 4.097 4.201 4.288 4.365 4.434 4.497 4.556 4.612 4.665 4.716 4.765 4.812 4.857 4.901 4.944 4.986 5.028 5.069 5.109 5.149 5.189 5.229 5.269 5.310 5.351 5.391 5.431 5.473 5.514 5.555 5.596 5.635 5.672 5.708 5.740 5.770 5.796 5.820 5.840 5.858 5.875 5.892 5.910 5.929 5.952 5.978 6.008 6.043 6.080 6.123 6.170 6.220 6.272 6.325 6.379 6.433 6.485 6.536 6.586 6.635 6.686 6.741 6.799 6.860 6.925 6.991 7.061
3.485 3.709 3.889 4.033 4.149 4.245 4.327 4.399 4.465 4.526 4.584 4.638 4.690 4.740 4.788 4.834 4.879 4.922 4.965 5.006 5.046 5.086 5.126 5.165 5.204 5.243 5.282 5.322 5.362 5.401 5.442 5.483 5.525 5.567 5.608 5.648 5.686 5.723 5.758 5.789 5.818 5.844 5.867 5.887 5.907 5.925 5.944 5.964 5.986 6.011 6.040 6.073 6.109 6.151 6.198 6.249 6.301 6.356 6.412 6.469 6.525 6.579 6.632 6.683 6.737 6.794 6.855 6.919 6.986 7.055 7.126
3.594 3.798 3.962 4.092 4.199 4.288 4.364 4.433 4.496 4.555 4.611 4.665 4.716 4.764 4.812 4.857 4.901 4.944 4.985 5.026 5.066 5.104 5.143 5.181 5.219 5.257 5.295 5.334 5.373 5.412 5.452 5.493 5.535 5.576 5.618 5.658 5.698 5.736 5.772 5.806 5.837 5.866 5.892 5.915 5.937 5.958 5.979 6.000 6.023 6.048 6.076 6.107 6.142 6.182 6.228 6.279 6.333 6.388 6.447 6.505 6.564 6.621 6.676 6.730 6.786 6.846 6.910 6.978 7.049 7.121 7.195
3.695 3.881 4.029 4.148 4.246 4.330 4.402 4.467 4.528 4.585 4.639 4.691 4.740 4.789 4.835 4.880 4.923 4.965 5.006 5.046 5.085 5.123 5.161 5.198 5.235 5.272 5.309 5.347 5.385 5.423 5.462 5.503 5.544 5.585 5.627 5.668 5.708 5.747 5.785 5.820 5.854 5.885 5.914 5.942 5.967 5.991 6.015 6.038 6.062 6.087 6.115 6.144 6.178 6.217 6.262 6.313 6.366 6.422 6.482 6.543 6.604 6.664 6.722 6.778 6.836 6.898 6.965 7.038 7.114 7.189 7.269
3.789 3.958 4.092 4.201 4.292 4.370 4.438 4.501 4.559 4.614 4.667 4.717 4.766 4.813 4.858 4.902 4.945 4.987 5.027 5.067 5.105 5.143 5.180 5.216 5.252 5.288 5.324 5.361 5.397 5.434 5.473 5.512 5.553 5.593 5.635 5.676 5.716 5.756 5.795 5.833 5.869 5.903 5.935 5.966 5.995 6.023 6.050 6.076 6.102 6.128 6.156 6.185 6.217 6.255 6.299 6.350 6.403 6.459 6.520 6.582 6.646 6.708 6.768 6.826 6.886 6.951 7.021 7.100 7.180 7.261 7.346
3.876 4.029 4.151 4.252 4.336 4.410 4.475 4.535 4.591 4.644 4.695 4.744 4.791 4.837 4.882 4.925 4.967 5.008 5.048 5.087 5.125 5.162 5.199 5.234 5.270 5.305 5.340 5.376 5.411 5.446 5.484 5.522 5.561 5.601 5.642 5.683 5.724 5.764 5.804 5.843 5.881 5.918 5.954 5.989 6.022 6.054 6.084 6.113 6.142 6.170 6.198 6.227 6.259 6.296 6.340 6.390 6.443 6.499 6.560 6.624 6.688 6.752 6.814 6.876 6.939 7.007 7.081 7.165 7.252 7.339 7.430
3.955 4.094 4.206 4.299 4.379 4.449 4.511 4.569 4.623 4.675 4.724 4.772 4.818 4.862 4.906 4.948 4.989 5.030 5.069 5.107 5.145 5.182 5.218 5.253 5.288 5.323 5.357 5.392 5.425 5.459 5.495 5.532 5.570 5.609 5.648 5.689 5.730 5.771 5.812 5.852 5.892 5.932 5.971 6.009 6.046 6.082 6.116 6.149 6.181 6.211 6.241 6.271 6.304 6.342 6.385 6.435 6.487 6.542 6.604 6.668 6.732 6.798 6.863 6.929 6.996 7.066 7.144 7.235 7.329 7.422 7.518
4.028 4.154 4.258 4.345 4.420 4.486 4.546 4.603 4.656 4.706 4.754 4.800 4.845 4.888 4.930 4.972 5.012 5.051 5.090 5.128 5.165 5.201 5.237 5.272 5.307 5.341 5.375 5.408 5.440 5.473 5.507 5.542 5.579 5.616 5.655 5.694 5.735 5.776 5.818 5.860 5.902 5.944 5.986 6.027 6.068 6.108 6.146 6.183 6.218 6.252 6.285 6.317 6.351 6.389 6.433 6.482 6.533 6.589 6.650 6.713 6.779 6.846 6.916 6.986 7.057 7.129 7.212 7.311 7.410 7.508 7.610
4.095 4.210 4.306 4.388 4.460 4.524 4.582 4.637 4.689 4.738 4.785 4.830 4.873 4.915 4.956 4.996 5.035 5.074 5.112 5.149 5.186 5.221 5.257 5.292 5.326 5.359 5.392 5.425 5.456 5.488 5.520 5.553 5.587 5.623 5.660 5.699 5.739 5.780 5.822 5.865 5.909 5.954 5.999 6.044 6.088 6.132 6.174 6.215 6.254 6.291 6.327 6.362 6.398 6.438 6.482 6.531 6.582 6.637 6.698 6.762 6.828 6.899 6.973 7.047 7.123 7.198 7.286 7.390 7.494 7.598 7.700
4.156 4.262 4.352 4.429 4.498 4.560 4.617 4.671 4.722 4.770 4.816 4.860 4.903 4.944 4.983 5.022 5.060 5.098 5.134 5.171 5.207 5.242 5.277 5.311 5.345 5.378 5.411 5.442 5.473 5.503 5.533 5.564 5.596 5.630 5.665 5.703 5.742 5.783 5.826 5.870 5.915 5.962 6.009 6.057 6.106 6.153 6.199 6.244 6.287 6.329 6.369 6.407 6.445 6.486 6.531 6.581 6.633 6.687 6.748 6.813 6.882 6.955 7.033 7.114 7.195 7.271 7.361 7.470 7.579 7.683 7.780
4.212 4.311 4.395 4.469 4.535 4.595 4.651 4.705 4.755 4.803 4.848 4.891 4.933 4.973 5.011 5.049 5.086 5.122 5.158 5.194 5.229 5.263 5.297 5.331 5.365 5.398 5.430 5.461 5.490 5.518 5.547 5.576 5.606 5.637 5.671 5.706 5.745 5.785 5.828 5.873 5.920 5.968 6.018 6.069 6.120 6.172 6.222 6.271 6.318 6.364 6.408 6.449 6.490 6.533 6.580 6.631 6.684 6.739 6.801 6.868 6.938 7.015 7.098 7.184 7.269 7.345 7.437 7.551 7.661 7.761 7.854
4.264 4.356 4.436 4.507 4.571 4.630 4.685 4.738 4.787 4.835 4.880 4.922 4.963 5.003 5.041 5.077 5.113 5.149 5.183 5.218 5.252 5.286 5.319 5.352 5.385 5.418 5.449 5.479 5.508 5.535 5.562 5.590 5.617 5.646 5.677 5.710 5.747 5.787 5.829 5.875 5.923 5.973 6.025 6.078 6.133 6.188 6.242 6.294 6.346 6.396 6.444 6.489 6.533 6.578 6.626 6.680 6.735 6.792 6.857 6.925 6.999 7.080 7.168 7.258 7.344 7.420 7.511 7.627 7.734 7.832 7.920
