version1/TsunamiDB/out54103.asc
ncols          264
nrows          230
xllcorner      497853.4375
yllcorner      4229146.0000
cellsize         5.
NODATA_value   -99
[rows 170 to 203 of 230, columns 0 to 76 of 264]
5.239 5.263 5.287 5.310 5.333 5.355 5.376 5.397 5.418 5.438 5.459 5.479 5.499 5.519 5.539 5.558 5.577 5.596 5.615 5.634 5.653 5.671 5.690 5.708 5.726 5.744 5.762 5.780 5.798 5.815 5.831 5.847 5.864 5.880 5.897 5.913 5.928 5.944 5.959 5.974 5.988 6.002 6.016 6.029 6.042 6.055 6.068 6.080 6.093 6.105 6.117 6.129 6.141 6.153 6.164 6.175 6.188 6.201 6.213 6.227 6.240 6.254 6.267 6.281 6.295 6.309 6.323 6.338 6.352 6.366 6.380 6.394 6.407 6.421 6.434 6.448 6.460
5.251 5.275 5.298 5.322 5.344 5.367 5.388 5.409 5.429 5.450 5.471 5.491 5.511 5.530 5.550 5.569 5.588 5.607 5.625 5.644 5.662 5.680 5.698 5.716 5.734 5.752 5.770 5.788 5.806 5.822 5.838 5.854 5.871 5.887 5.904 5.920 5.936 5.951 5.967 5.982 5.996 6.011 6.025 6.039 6.052 6.065 6.078 6.091 6.103 6.115 6.127 6.140 6.152 6.163 6.173 6.185 6.197 6.210 6.222 6.235 6.248 6.262 6.275 6.289 6.303 6.317 6.331 6.345 6.359 6.373 6.387 6.401 6.415 6.429 6.442 6.456 6.468
5.262 5.286 5.309 5.333 5.356 5.378 5.399 5.420 5.441 5.461 5.482 5.502 5.522 5.542 5.561 5.580 5.599 5.617 5.636 5.654 5.672 5.690 5.707 5.725 5.743 5.760 5.778 5.795 5.813 5.829 5.845 5.861 5.877 5.894 5.910 5.926 5.942 5.958 5.974 5.989 6.004 6.019 6.033 6.047 6.061 6.074 6.087 6.100 6.113 6.125 6.137 6.150 6.162 6.172 6.183 6.195 6.206 6.219 6.231 6.244 6.257 6.270 6.283 6.297 6.310 6.324 6.338 6.352 6.366 6.380 6.394 6.408 6.422 6.436 6.450 6.464 6.476
5.272 5.296 5.320 5.343 5.366 5.389 5.410 5.430 5.451 5.472 5.493 5.513 5.533 5.552 5.572 5.590 5.609 5.628 5.646 5.664 5.682 5.699 5.717 5.734 5.752 5.769 5.786 5.803 5.820 5.836 5.852 5.868 5.884 5.900 5.917 5.933 5.949 5.965 5.980 5.996 6.011 6.026 6.040 6.055 6.069 6.082 6.096 6.109 6.122 6.134 6.147 6.159 6.171 6.181 6.192 6.204 6.216 6.228 6.240 6.252 6.265 6.278 6.291 6.304 6.317 6.331 6.345 6.359 6.373 6.387 6.401 6.415 6.429 6.443 6.457 6.471 6.483
5.282 5.306 5.329 5.353 5.376 5.399 5.420 5.441 5.462 5.482 5.503 5.523 5.543 5.563 5.582 5.601 5.620 5.638 5.656 5.674 5.692 5.709 5.726 5.743 5.760 5.777 5.794 5.811 5.828 5.844 5.859 5.875 5.891 5.907 5.923 5.939 5.955 5.971 5.986 6.002 6.017 6.032 6.047 6.062 6.076 6.090 6.103 6.117 6.130 6.143 6.156 6.168 6.180 6.190 6.201 6.213 6.224 6.236 6.248 6.260 6.273 6.285 6.298 6.311 6.324 6.338 6.351 6.365 6.379 6.393 6.407 6.421 6.435 6.449 6.464 6.478 6.490
5.290 5.315 5.338 5.362 5.385 5.408 5.429 5.450 5.471 5.492 5.513 5.533 5.553 5.573 5.592 5.611 5.630 5.648 5.666 5.684 5.702 5.719 5.736 5.753 5.770 5.786 5.803 5.819 5.836 5.851 5.866 5.882 5.898 5.913 5.929 5.945 5.961 5.977 5.992 6.008 6.023 6.038 6.053 6.068 6.082 6.097 6.111 6.124 6.138 6.151 6.164 6.176 6.188 6.199 6.210 6.221 6.233 6.245 6.256 6.268 6.281 6.293 6.306 6.318 6.331 6.345 6.358 6.372 6.385 6.399 6.413 6.427 6.441 6.456 6.470 6.484 6.496
5.299 5.323 5.347 5.370 5.393 5.416 5.438 5.458 5.480 5.501 5.522 5.542 5.562 5.582 5.601 5.620 5.639 5.658 5.676 5.694 5.711 5.729 5.746 5.762 5.779 5.795 5.812 5.828 5.844 5.859 5.874 5.889 5.905 5.920 5.936 5.952 5.967 5.983 5.998 6.014 6.029 6.044 6.059 6.074 6.088 6.103 6.117 6.131 6.144 6.158 6.171 6.184 6.196 6.207 6.218 6.229 6.241 6.253 6.264 6.276 6.288 6.300 6.313 6.325 6.338 6.351 6.364 6.378 6.391 6.405 6.419 6.433 6.447 6.461 6.476 6.489 6.502
5.306 5.331 5.354 5.378 5.401 5.424 5.445 5.466 5.488 5.509 5.530 5.550 5.571 5.591 5.610 5.629 5.648 5.667 5.685 5.703 5.721 5.738 5.755 5.772 5.788 5.805 5.821 5.837 5.853 5.868 5.882 5.897 5.912 5.927 5.943 5.958 5.973 5.989 6.004 6.019 6.034 6.049 6.065 6.079 6.094 6.109 6.123 6.137 6.151 6.164 6.178 6.191 6.203 6.214 6.225 6.237 6.249 6.260 6.272 6.284 6.296 6.308 6.320 6.332 6.345 6.358 6.371 6.384 6.397 6.411 6.424 6.438 6.452 6.467 6.481 6.494 6.507
5.314 5.338 5.362 5.385 5.408 5.431 5.453 5.474 5.495 5.516 5.538 5.558 5.579 5.599 5.618 5.638 5.657 5.675 5.694 5.712 5.729 5.747 5.764 5.781 5.797 5.814 5.830 5.846 5.862 5.876 5.890 5.905 5.920 5.935 5.950 5.965 5.980 5.995 6.010 6.025 6.040 6.055 6.070 6.085 6.099 6.114 6.128 6.143 6.157 6.170 6.184 6.197 6.209 6.221 6.232 6.244 6.256 6.268 6.279 6.291 6.303 6.315 6.327 6.339 6.351 6.364 6.377 6.390 6.403 6.416 6.430 6.444 6.458 6.472 6.486 6.499 6.512
5.321 5.345 5.369 5.392 5.415 5.438 5.459 5.481 5.502 5.523 5.545 5.565 5.586 5.606 5.626 5.645 5.665 5.683 5.702 5.720 5.738 5.755 5.773 5.790 5.806 5.823 5.839 5.855 5.870 5.885 5.899 5.913 5.928 5.943 5.957 5.972 5.987 6.001 6.016 6.031 6.046 6.060 6.075 6.090 6.105 6.119 6.134 6.148 6.162 6.176 6.190 6.203 6.216 6.227 6.239 6.251 6.263 6.275 6.286 6.298 6.310 6.322 6.333 6.345 6.358 6.370 6.383 6.395 6.408 6.422 6.435 6.449 6.462 6.476 6.491 6.504 6.517
5.328 5.352 5.375 5.399 5.422 5.444 5.466 5.487 5.508 5.530 5.551 5.572 5.592 5.613 5.633 5.652 5.672 5.691 5.709 5.728 5.746 5.763 5.781 5.798 5.815 5.831 5.847 5.863 5.879 5.893 5.907 5.922 5.936 5.951 5.965 5.979 5.994 6.008 6.023 6.037 6.052 6.066 6.081 6.095 6.110 6.124 6.139 6.153 6.167 6.181 6.195 6.209 6.221 6.233 6.245 6.257 6.269 6.281 6.293 6.305 6.316 6.328 6.340 6.352 6.364 6.376 6.388 6.401 6.414 6.427 6.440 6.454 6.467 6.481 6.495 6.508 6.521
5.335 5.359 5.382 5.405 5.428 5.450 5.472 5.493 5.514 5.536 5.557 5.578 5.599 5.619 5.639 5.659 5.678 5.697 5.716 5.735 5.753 5.771 5.788 5.806 5.823 5.839 5.855 5.871 5.887 5.902 5.916 5.930 5.944 5.959 5.973 5.987 6.001 6.015 6.030 6.044 6.058 6.072 6.086 6.101 6.115 6.129 6.144 6.158 6.172 6.186 6.200 6.214 6.227 6.238 6.251 6.263 6.275 6.287 6.299 6.311 6.323 6.334 6.346 6.358 6.370 6.382 6.394 6.407 6.419 6.432 6.445 6.458 6.472 6.485 6.499 6.513 6.525
5.342 5.366 5.389 5.412 5.434 5.457 5.478 5.499 5.520 5.542 5.563 5.584 5.604 5.625 5.645 5.665 5.684 5.704 5.723 5.741 5.760 5.778 5.795 5.813 5.830 5.847 5.863 5.879 5.895 5.910 5.924 5.938 5.953 5.967 5.981 5.995 6.009 6.023 6.037 6.051 6.065 6.078 6.092 6.106 6.121 6.135 6.149 6.163 6.177 6.191 6.205 6.219 6.232 6.244 6.256 6.268 6.281 6.293 6.305 6.317 6.329 6.340 6.352 6.364 6.376 6.388 6.400 6.412 6.424 6.437 6.450 6.463 6.476 6.490 6.504 6.517 6.529
5.350 5.373 5.396 5.418 5.441 5.463 5.484 5.504 5.526 5.547 5.568 5.589 5.610 5.630 5.650 5.670 5.690 5.709 5.728 5.747 5.766 5.784 5.802 5.819 5.837 5.854 5.870 5.887 5.903 5.918 5.932 5.946 5.961 5.975 5.989 6.003 6.017 6.031 6.044 6.058 6.071 6.085 6.099 6.112 6.126 6.140 6.154 6.168 6.182 6.196 6.210 6.224 6.236 6.248 6.261 6.273 6.286 6.298 6.310 6.322 6.334 6.346 6.358 6.370 6.381 6.393 6.405 6.417 6.429 6.442 6.455 6.468 6.481 6.494 6.508 6.521 6.533
5.358 5.381 5.403 5.426 5.448 5.469 5.489 5.510 5.532 5.553 5.574 5.595 5.615 5.635 5.656 5.676 5.695 5.715 5.734 5.753 5.771 5.790 5.808 5.825 5.843 5.860 5.877 5.893 5.910 5.925 5.939 5.954 5.968 5.983 5.997 6.011 6.025 6.038 6.052 6.065 6.079 6.092 6.105 6.119 6.132 6.146 6.160 6.173 6.187 6.201 6.215 6.228 6.241 6.253 6.266 6.278 6.291 6.303 6.316 6.328 6.340 6.352 6.363 6.375 6.387 6.399 6.410 6.422 6.434 6.447 6.459 6.472 6.485 6.498 6.512 6.525 6.537
5.368 5.390 5.412 5.434 5.455 5.476 5.496 5.517 5.538 5.559 5.579 5.600 5.620 5.641 5.661 5.681 5.700 5.720 5.739 5.758 5.777 5.795 5.813 5.831 5.849 5.866 5.883 5.900 5.916 5.931 5.946 5.961 5.975 5.990 6.004 6.019 6.032 6.046 6.060 6.073 6.086 6.099 6.113 6.126 6.139 6.152 6.166 6.179 6.193 6.206 6.220 6.233 6.246 6.258 6.270 6.283 6.296 6.308 6.321 6.333 6.345 6.357 6.369 6.380 6.392 6.404 6.415 6.427 6.439 6.451 6.464 6.476 6.489 6.502 6.516 6.528 6.540
5.378 5.400 5.421 5.442 5.464 5.484 5.503 5.524 5.544 5.565 5.585 5.606 5.626 5.646 5.666 5.686 5.705 5.725 5.744 5.763 5.781 5.800 5.818 5.836 5.854 5.872 5.889 5.906 5.922 5.937 5.952 5.967 5.982 5.997 6.012 6.026 6.040 6.054 6.067 6.081 6.094 6.107 6.120 6.133 6.146 6.159 6.172 6.185 6.198 6.212 6.225 6.238 6.251 6.263 6.275 6.288 6.300 6.313 6.325 6.338 6.350 6.362 6.374 6.385 6.397 6.409 6.420 6.432 6.444 6.456 6.468 6.481 6.493 6.506 6.519 6.532 6.544
5.390 5.411 5.431 5.452 5.473 5.493 5.512 5.532 5.552 5.572 5.592 5.612 5.632 5.651 5.671 5.691 5.710 5.729 5.748 5.767 5.786 5.805 5.823 5.841 5.859 5.877 5.894 5.911 5.928 5.943 5.958 5.973 5.989 6.004 6.018 6.033 6.047 6.061 6.075 6.088 6.101 6.114 6.127 6.140 6.153 6.166 6.179 6.192 6.205 6.218 6.231 6.244 6.256 6.268 6.280 6.293 6.305 6.318 6.330 6.343 6.355 6.367 6.379 6.390 6.402 6.414 6.425 6.437 6.449 6.461 6.473 6.485 6.497 6.510 6.523 6.536 6.547
5.403 5.423 5.443 5.463 5.484 5.503 5.521 5.540 5.560 5.580 5.599 5.619 5.638 5.657 5.677 5.696 5.715 5.734 5.753 5.772 5.791 5.809 5.828 5.846 5.864 5.881 5.899 5.917 5.933 5.948 5.963 5.979 5.995 6.010 6.025 6.040 6.054 6.068 6.082 6.095 6.109 6.122 6.135 6.148 6.160 6.173 6.186 6.199 6.211 6.224 6.237 6.250 6.262 6.273 6.285 6.298 6.310 6.323 6.335 6.347 6.359 6.371 6.383 6.395 6.407 6.418 6.430 6.441 6.453 6.465 6.477 6.489 6.501 6.514 6.527 6.539 6.551
5.417 5.437 5.457 5.476 5.496 5.514 5.532 5.551 5.570 5.588 5.607 5.626 5.645 5.664 5.683 5.702 5.721 5.740 5.758 5.777 5.796 5.814 5.832 5.850 5.868 5.886 5.904 5.921 5.938 5.953 5.969 5.984 6.000 6.016 6.031 6.046 6.060 6.075 6.089 6.103 6.116 6.129 6.142 6.155 6.168 6.181 6.193 6.206 6.218 6.231 6.244 6.256 6.267 6.279 6.291 6.303 6.315 6.328 6.340 6.352 6.364 6.376 6.388 6.400 6.411 6.423 6.434 6.446 6.458 6.469 6.481 6.493 6.505 6.518 6.531 6.543 6.554
5.433 5.452 5.472 5.490 5.509 5.527 5.544 5.562 5.581 5.599 5.617 5.635 5.654 5.672 5.691 5.709 5.727 5.746 5.764 5.782 5.801 5.819 5.837 5.855 5.873 5.891 5.908 5.926 5.942 5.958 5.974 5.990 6.006 6.021 6.037 6.052 6.067 6.081 6.096 6.110 6.123 6.137 6.150 6.163 6.176 6.188 6.201 6.213 6.226 6.238 6.251 6.263 6.273 6.285 6.297 6.309 6.321 6.333 6.345 6.357 6.369 6.381 6.393 6.405 6.416 6.428 6.439 6.451 6.462 6.474 6.485 6.497 6.509 6.522 6.534 6.546 6.557
5.451 5.469 5.488 5.506 5.525 5.542 5.558 5.576 5.593 5.611 5.628 5.646 5.664 5.681 5.699 5.717 5.735 5.753 5.771 5.788 5.806 5.824 5.842 5.860 5.878 5.895 5.913 5.930 5.947 5.962 5.978 5.995 6.011 6.027 6.042 6.058 6.073 6.088 6.102 6.116 6.130 6.144 6.157 6.170 6.183 6.196 6.208 6.221 6.233 6.245 6.258 6.269 6.280 6.291 6.303 6.315 6.326 6.338 6.350 6.362 6.374 6.386 6.398 6.409 6.421 6.432 6.444 6.455 6.467 6.478 6.490 6.501 6.513 6.526 6.538 6.549 6.560
5.469 5.487 5.505 5.523 5.541 5.558 5.574 5.591 5.608 5.625 5.641 5.658 5.675 5.692 5.709 5.726 5.743 5.761 5.778 5.795 5.813 5.830 5.848 5.865 5.883 5.900 5.918 5.935 5.952 5.967 5.983 6.000 6.016 6.032 6.048 6.063 6.078 6.094 6.108 6.123 6.137 6.151 6.164 6.178 6.191 6.203 6.216 6.228 6.241 6.253 6.265 6.276 6.287 6.298 6.309 6.321 6.333 6.344 6.356 6.368 6.380 6.391 6.403 6.414 6.426 6.437 6.449 6.460 6.471 6.483 6.494 6.506 6.518 6.530 6.542 6.552 6.564
5.488 5.506 5.524 5.541 5.559 5.575 5.591 5.607 5.624 5.640 5.656 5.672 5.688 5.705 5.721 5.737 5.754 5.770 5.787 5.804 5.820 5.837 5.854 5.872 5.889 5.906 5.923 5.940 5.957 5.972 5.988 6.005 6.021 6.037 6.053 6.069 6.084 6.099 6.114 6.129 6.143 6.158 6.171 6.185 6.198 6.211 6.224 6.236 6.249 6.261 6.273 6.284 6.294 6.305 6.316 6.328 6.339 6.351 6.362 6.374 6.386 6.397 6.408 6.420 6.431 6.442 6.454 6.465 6.476 6.487 6.499 6.510 6.522 6.534 6.545 6.556 6.567
5.507 5.525 5.543 5.560 5.578 5.594 5.609 5.625 5.641 5.657 5.673 5.688 5.704 5.719 5.734 5.750 5.766 5.781 5.797 5.813 5.829 5.846 5.862 5.879 5.895 5.912 5.929 5.946 5.962 5.978 5.994 6.010 6.026 6.042 6.058 6.074 6.090 6.105 6.120 6.135 6.150 6.164 6.178 6.192 6.205 6.219 6.231 6.244 6.256 6.269 6.281 6.292 6.302 6.313 6.324 6.335 6.346 6.358 6.369 6.380 6.392 6.403 6.414 6.426 6.437 6.448 6.459 6.470 6.481 6.492 6.503 6.515 6.526 6.538 6.549 6.559 6.570
5.526 5.544 5.562 5.579 5.597 5.613 5.628 5.644 5.659 5.675 5.690 5.705 5.720 5.735 5.750 5.765 5.779 5.794 5.809 5.825 5.840 5.855 5.871 5.887 5.903 5.919 5.936 5.953 5.968 5.984 6.000 6.016 6.032 6.048 6.064 6.080 6.096 6.111 6.127 6.142 6.156 6.171 6.185 6.199 6.213 6.226 6.239 6.252 6.264 6.276 6.289 6.300 6.310 6.321 6.332 6.343 6.354 6.365 6.376 6.387 6.399 6.410 6.421 6.432 6.443 6.454 6.465 6.475 6.486 6.497 6.508 6.519 6.531 6.542 6.553 6.563 6.574
5.545 5.563 5.581 5.598 5.616 5.632 5.647 5.663 5.678 5.694 5.709 5.724 5.738 5.753 5.767 5.781 5.795 5.809 5.824 5.838 5.852 5.867 5.882 5.897 5.913 5.928 5.944 5.960 5.976 5.991 6.006 6.022 6.038 6.054 6.070 6.086 6.102 6.118 6.133 6.148 6.163 6.178 6.192 6.206 6.220 6.233 6.247 6.259 6.272 6.284 6.297 6.308 6.318 6.329 6.340 6.351 6.362 6.373 6.384 6.395 6.406 6.417 6.428 6.438 6.449 6.460 6.471 6.481 6.492 6.503 6.514 6.524 6.535 6.547 6.557 6.567 6.578
5.565 5.582 5.600 5.617 5.634 5.650 5.666 5.682 5.697 5.713 5.728 5.743 5.757 5.771 5.785 5.799 5.813 5.826 5.840 5.853 5.867 5.881 5.895 5.909 5.924 5.939 5.954 5.969 5.984 5.999 6.014 6.029 6.045 6.061 6.077 6.093 6.109 6.124 6.140 6.155 6.170 6.185 6.199 6.213 6.227 6.241 6.254 6.267 6.280 6.293 6.305 6.316 6.327 6.337 6.348 6.359 6.370 6.381 6.392 6.403 6.413 6.424 6.435 6.446 6.456 6.467 6.477 6.488 6.498 6.509 6.519 6.530 6.541 6.552 6.562 6.572 6.582
5.584 5.601 5.618 5.636 5.653 5.669 5.684 5.700 5.716 5.732 5.747 5.762 5.776 5.791 5.804 5.818 5.831 5.844 5.857 5.870 5.883 5.896 5.909 5.923 5.937 5.951 5.965 5.980 5.994 6.008 6.023 6.038 6.053 6.069 6.085 6.100 6.116 6.131 6.147 6.162 6.177 6.192 6.206 6.221 6.235 6.249 6.262 6.275 6.288 6.301 6.313 6.325 6.335 6.346 6.357 6.368 6.379 6.390 6.400 6.411 6.422 6.432 6.443 6.453 6.464 6.474 6.485 6.495 6.505 6.515 6.526 6.536 6.547 6.557 6.567 6.577 6.587
5.603 5.620 5.637 5.654 5.671 5.687 5.702 5.718 5.734 5.750 5.766 5.781 5.795 5.810 5.824 5.837 5.850 5.863 5.876 5.888 5.901 5.913 5.926 5.939 5.952 5.965 5.978 5.992 6.006 6.019 6.033 6.048 6.063 6.078 6.093 6.109 6.124 6.139 6.155 6.170 6.185 6.200 6.214 6.229 6.243 6.257 6.270 6.283 6.297 6.309 6.322 6.333 6.344 6.355 6.366 6.377 6.388 6.398 6.409 6.420 6.430 6.441 6.451 6.462 6.472 6.482 6.492 6.502 6.513 6.523 6.533 6.543 6.553 6.564 6.573 6.583 6.592
5.622 5.639 5.655 5.672 5.688 5.704 5.719 5.736 5.752 5.768 5.783 5.799 5.814 5.828 5.842 5.856 5.870 5.883 5.895 5.908 5.920 5.932 5.944 5.956 5.968 5.981 5.994 6.007 6.019 6.032 6.045 6.059 6.073 6.088 6.103 6.118 6.133 6.148 6.163 6.178 6.193 6.208 6.223 6.237 6.251 6.265 6.279 6.292 6.305 6.318 6.331 6.342 6.353 6.364 6.375 6.386 6.397 6.408 6.418 6.429 6.439 6.450 6.460 6.470 6.480 6.491 6.501 6.511 6.520 6.530 6.540 6.550 6.560 6.570 6.580 6.589 6.598
5.643 5.659 5.675 5.690 5.706 5.721 5.736 5.752 5.768 5.784 5.800 5.816 5.831 5.846 5.861 5.875 5.888 5.902 5.915 5.927 5.939 5.951 5.963 5.975 5.987 5.999 6.011 6.023 6.035 6.046 6.059 6.072 6.086 6.100 6.114 6.129 6.143 6.158 6.173 6.188 6.202 6.217 6.232 6.246 6.260 6.274 6.288 6.301 6.314 6.327 6.340 6.352 6.363 6.374 6.385 6.396 6.406 6.417 6.428 6.438 6.449 6.459 6.469 6.480 6.490 6.500 6.510 6.519 6.529 6.539 6.549 6.558 6.568 6.578 6.587 6.596 6.605
5.665 5.680 5.695 5.710 5.725 5.738 5.753 5.769 5.785 5.800 5.816 5.832 5.847 5.863 5.878 5.892 5.906 5.920 5.933 5.946 5.959 5.971 5.983 5.994 6.006 6.018 6.029 6.041 6.052 6.062 6.074 6.087 6.100 6.113 6.127 6.141 6.155 6.169 6.184 6.198 6.213 6.227 6.241 6.256 6.270 6.284 6.297 6.311 6.324 6.337 6.350 6.362 6.372 6.383 6.394 6.406 6.416 6.427 6.438 6.448 6.459 6.469 6.479 6.489 6.499 6.509 6.519 6.529 6.538 6.548 6.557 6.567 6.577 6.586 6.595 6.604 6.612
5.688 5.702 5.716 5.730 5.744 5.757 5.771 5.786 5.801 5.816 5.832 5.847 5.863 5.878 5.893 5.908 5.923 5.937 5.951 5.964 5.977 5.990 6.002 6.014 6.026 6.037 6.048 6.060 6.070 6.080 6.091 6.103 6.115 6.128 6.141 6.154 6.168 6.181 6.195 6.210 6.224 6.238 6.252 6.266 6.280 6.294 6.308 6.321 6.334 6.347 6.360 6.372 6.383 6.394 6.405 6.416 6.427 6.438 6.448 6.459 6.469 6.479 6.489 6.499 6.509 6.519 6.529 6.539 6.548 6.558 6.567 6.576 6.586 6.595 6.604 6.612 6.621
