version1/TsunamiDB/out54076.asc
ncols          264
nrows          230
xllcorner      497853.4375
yllcorner      4229146.0000
cellsize         5.
NODATA_value   -99
[rows 170 to 203 of 230, columns 76 to 151 of 264]
5.872 5.890 5.908 5.925 5.943 5.959 5.975 5.991 6.006 6.021 6.036 6.051 6.066 6.080 6.096 6.111 6.127 6.143 6.160 6.177 6.195 6.212 6.230 6.247 6.264 6.281 6.298 6.315 6.332 6.348 6.364 6.380 6.395 6.410 6.425 6.439 6.453 6.468 6.482 6.497 6.512 6.527 6.543 6.558 6.574 6.590 6.605 6.620 6.635 6.651 6.666 6.681 6.695 6.709 6.723 6.736 6.749 6.761 6.773 6.785 6.798 6.810 6.823 6.837 6.850 6.865 6.879 6.894 6.910 6.924 6.938 6.952 6.966 6.980 6.994 7.009
5.880 5.898 5.916 5.934 5.951 5.968 5.985 6.001 6.016 6.031 6.046 6.061 6.075 6.090 6.104 6.119 6.134 6.150 6.166 6.182 6.199 6.216 6.233 6.250 6.266 6.283 6.300 6.317 6.334 6.350 6.367 6.382 6.398 6.413 6.428 6.442 6.457 6.471 6.486 6.501 6.516 6.531 6.546 6.562 6.578 6.594 6.610 6.625 6.641 6.656 6.672 6.688 6.703 6.717 6.732 6.745 6.759 6.772 6.785 6.797 6.810 6.823 6.836 6.849 6.863 6.878 6.893 6.908 6.923 6.938 6.952 6.966 6.981 6.995 7.010 7.024
5.886 5.904 5.923 5.941 5.959 5.977 5.994 6.010 6.026 6.041 6.056 6.071 6.085 6.099 6.114 6.128 6.143 6.158 6.173 6.188 6.205 6.221 6.237 6.253 6.269 6.286 6.303 6.320 6.336 6.353 6.369 6.385 6.400 6.415 6.430 6.445 6.460 6.474 6.489 6.504 6.519 6.534 6.550 6.565 6.582 6.598 6.613 6.629 6.645 6.661 6.677 6.693 6.709 6.725 6.740 6.754 6.768 6.782 6.795 6.809 6.822 6.835 6.848 6.862 6.876 6.891 6.906 6.921 6.937 6.951 6.966 6.980 6.995 7.010 7.025 7.040
5.892 5.910 5.929 5.948 5.966 5.984 6.002 6.018 6.035 6.050 6.066 6.080 6.095 6.109 6.123 6.137 6.151 6.166 6.181 6.196 6.211 6.227 6.242 6.258 6.273 6.289 6.306 6.322 6.339 6.355 6.371 6.387 6.403 6.418 6.433 6.448 6.463 6.477 6.492 6.507 6.521 6.537 6.552 6.568 6.584 6.601 6.616 6.632 6.648 6.665 6.682 6.698 6.715 6.731 6.747 6.762 6.777 6.791 6.805 6.819 6.833 6.846 6.860 6.874 6.888 6.903 6.919 6.935 6.950 6.965 6.979 6.995 7.010 7.025 7.040 7.056
5.897 5.916 5.935 5.954 5.973 5.991 6.009 6.026 6.043 6.059 6.075 6.090 6.104 6.119 6.133 6.147 6.161 6.175 6.189 6.203 6.218 6.233 6.249 6.263 6.278 6.293 6.310 6.326 6.342 6.358 6.374 6.390 6.405 6.421 6.436 6.450 6.465 6.480 6.494 6.509 6.524 6.539 6.555 6.571 6.587 6.603 6.618 6.634 6.651 6.668 6.685 6.703 6.720 6.736 6.753 6.769 6.784 6.800 6.814 6.829 6.843 6.857 6.872 6.886 6.901 6.916 6.931 6.948 6.963 6.978 6.993 7.009 7.025 7.041 7.056 7.072
5.902 5.921 5.940 5.960 5.979 5.997 6.015 6.033 6.050 6.067 6.083 6.098 6.113 6.128 6.142 6.156 6.170 6.184 6.198 6.212 6.226 6.241 6.255 6.269 6.283 6.298 6.314 6.330 6.346 6.362 6.377 6.393 6.408 6.423 6.438 6.453 6.468 6.482 6.497 6.511 6.526 6.541 6.557 6.573 6.589 6.605 6.620 6.637 6.653 6.671 6.688 6.706 6.724 6.741 6.758 6.775 6.791 6.807 6.823 6.838 6.853 6.868 6.882 6.897 6.912 6.928 6.944 6.960 6.976 6.992 7.007 7.023 7.040 7.056 7.072 7.088
5.906 5.926 5.945 5.964 5.984 6.002 6.021 6.039 6.057 6.074 6.090 6.106 6.122 6.137 6.151 6.165 6.179 6.193 6.207 6.221 6.235 6.249 6.262 6.275 6.290 6.304 6.319 6.335 6.350 6.366 6.381 6.396 6.412 6.427 6.441 6.456 6.471 6.485 6.499 6.514 6.529 6.544 6.559 6.575 6.591 6.606 6.622 6.638 6.655 6.673 6.691 6.709 6.727 6.745 6.763 6.780 6.797 6.814 6.830 6.846 6.862 6.877 6.893 6.908 6.924 6.940 6.956 6.973 6.989 7.005 7.021 7.038 7.055 7.071 7.088 7.105
5.911 5.930 5.950 5.969 5.988 6.007 6.026 6.044 6.062 6.080 6.097 6.113 6.129 6.144 6.159 6.174 6.188 6.202 6.216 6.229 6.243 6.257 6.270 6.283 6.296 6.311 6.325 6.340 6.355 6.371 6.386 6.401 6.416 6.430 6.445 6.460 6.474 6.488 6.503 6.517 6.531 6.546 6.561 6.577 6.593 6.608 6.624 6.640 6.657 6.675 6.693 6.711 6.730 6.748 6.767 6.785 6.803 6.820 6.837 6.854 6.870 6.886 6.902 6.919 6.935 6.951 6.968 6.985 7.002 7.018 7.035 7.052 7.070 7.087 7.104 7.121
5.917 5.935 5.954 5.973 5.993 6.012 6.030 6.049 6.067 6.085 6.102 6.119 6.136 6.151 6.167 6.182 6.196 6.210 6.224 6.238 6.251 6.265 6.278 6.291 6.304 6.318 6.332 6.347 6.361 6.376 6.391 6.406 6.420 6.435 6.449 6.464 6.478 6.492 6.506 6.520 6.534 6.549 6.564 6.579 6.595 6.610 6.625 6.642 6.659 6.677 6.695 6.714 6.733 6.751 6.770 6.789 6.808 6.826 6.844 6.861 6.878 6.895 6.912 6.928 6.945 6.962 6.979 6.997 7.014 7.031 7.049 7.066 7.084 7.102 7.120 7.138
5.923 5.941 5.960 5.978 5.997 6.016 6.035 6.053 6.072 6.090 6.107 6.125 6.141 6.158 6.173 6.189 6.204 6.218 6.232 6.246 6.260 6.273 6.286 6.298 6.312 6.325 6.339 6.353 6.368 6.382 6.397 6.411 6.426 6.440 6.454 6.469 6.483 6.497 6.510 6.524 6.538 6.552 6.567 6.582 6.597 6.612 6.628 6.644 6.661 6.679 6.697 6.716 6.735 6.754 6.774 6.793 6.812 6.831 6.849 6.868 6.886 6.903 6.921 6.938 6.955 6.973 6.991 7.009 7.027 7.044 7.062 7.080 7.099 7.118 7.137 7.155
5.931 5.948 5.966 5.984 6.002 6.020 6.039 6.057 6.076 6.094 6.112 6.129 6.146 6.163 6.179 6.195 6.210 6.225 6.239 6.253 6.267 6.281 6.294 6.306 6.319 6.333 6.346 6.360 6.375 6.389 6.403 6.418 6.432 6.446 6.460 6.474 6.488 6.502 6.515 6.529 6.543 6.556 6.571 6.585 6.600 6.615 6.630 6.646 6.663 6.681 6.699 6.718 6.738 6.757 6.777 6.797 6.816 6.836 6.855 6.874 6.893 6.911 6.929 6.947 6.965 6.983 7.001 7.020 7.039 7.057 7.075 7.095 7.114 7.133 7.153 7.173
5.941 5.956 5.973 5.990 6.007 6.025 6.043 6.061 6.080 6.098 6.116 6.134 6.151 6.168 6.184 6.200 6.216 6.231 6.246 6.260 6.275 6.289 6.302 6.314 6.327 6.340 6.354 6.368 6.382 6.396 6.410 6.424 6.438 6.453 6.467 6.480 6.494 6.508 6.521 6.535 6.548 6.562 6.575 6.590 6.604 6.619 6.633 6.649 6.666 6.684 6.702 6.721 6.740 6.760 6.780 6.800 6.821 6.841 6.861 6.880 6.899 6.918 6.937 6.956 6.974 6.993 7.012 7.032 7.051 7.069 7.089 7.109 7.129 7.149 7.169 7.190
5.953 5.967 5.982 5.998 6.014 6.031 6.048 6.066 6.084 6.102 6.120 6.137 6.155 6.172 6.189 6.205 6.221 6.237 6.252 6.267 6.281 6.295 6.309 6.321 6.334 6.348 6.361 6.375 6.389 6.403 6.417 6.431 6.445 6.460 6.474 6.487 6.501 6.515 6.528 6.541 6.554 6.568 6.581 6.595 6.609 6.623 6.638 6.653 6.669 6.687 6.705 6.724 6.744 6.764 6.784 6.804 6.825 6.846 6.866 6.886 6.906 6.926 6.945 6.965 6.984 7.003 7.023 7.043 7.063 7.082 7.102 7.122 7.143 7.164 7.186 7.207
5.967 5.979 5.993 6.007 6.023 6.038 6.055 6.072 6.089 6.106 6.124 6.141 6.159 6.176 6.193 6.210 6.226 6.242 6.257 6.272 6.287 6.302 6.315 6.328 6.341 6.355 6.368 6.382 6.396 6.410 6.424 6.438 6.453 6.467 6.481 6.495 6.508 6.522 6.535 6.548 6.561 6.575 6.588 6.601 6.615 6.629 6.643 6.658 6.674 6.691 6.709 6.728 6.747 6.767 6.788 6.809 6.830 6.851 6.872 6.892 6.913 6.933 6.953 6.973 6.993 7.013 7.034 7.054 7.075 7.095 7.115 7.136 7.158 7.180 7.202 7.224
5.983 5.994 6.007 6.020 6.033 6.048 6.063 6.079 6.095 6.112 6.129 6.146 6.163 6.180 6.197 6.214 6.230 6.246 6.262 6.277 6.293 6.307 6.321 6.334 6.348 6.361 6.375 6.389 6.403 6.417 6.431 6.446 6.460 6.474 6.488 6.502 6.516 6.530 6.543 6.556 6.569 6.582 6.595 6.609 6.622 6.636 6.649 6.663 6.679 6.696 6.714 6.732 6.752 6.772 6.792 6.813 6.835 6.856 6.877 6.899 6.920 6.941 6.961 6.982 7.003 7.023 7.044 7.066 7.086 7.107 7.128 7.150 7.173 7.196 7.219 7.242
6.001 6.012 6.023 6.034 6.046 6.059 6.073 6.088 6.103 6.118 6.135 6.151 6.168 6.185 6.201 6.218 6.234 6.251 6.267 6.282 6.298 6.313 6.327 6.340 6.354 6.368 6.382 6.396 6.410 6.424 6.438 6.453 6.467 6.482 6.496 6.510 6.524 6.538 6.552 6.565 6.578 6.591 6.604 6.617 6.630 6.643 6.656 6.670 6.685 6.702 6.719 6.737 6.757 6.777 6.797 6.818 6.840 6.862 6.883 6.905 6.927 6.948 6.970 6.991 7.012 7.033 7.055 7.077 7.098 7.120 7.142 7.164 7.187 7.211 7.235 7.259
6.021 6.031 6.041 6.051 6.062 6.074 6.086 6.099 6.112 6.127 6.142 6.158 6.174 6.190 6.206 6.223 6.239 6.255 6.271 6.287 6.302 6.318 6.332 6.345 6.359 6.374 6.388 6.402 6.416 6.431 6.445 6.460 6.474 6.489 6.504 6.518 6.532 6.546 6.560 6.574 6.587 6.600 6.613 6.626 6.639 6.652 6.664 6.678 6.693 6.708 6.725 6.743 6.762 6.782 6.803 6.824 6.846 6.868 6.890 6.912 6.934 6.956 6.978 7.000 7.022 7.044 7.066 7.088 7.110 7.132 7.155 7.178 7.202 7.226 7.251 7.276
6.042 6.052 6.061 6.070 6.080 6.090 6.101 6.112 6.125 6.138 6.151 6.166 6.181 6.196 6.212 6.228 6.244 6.260 6.276 6.292 6.307 6.323 6.337 6.351 6.365 6.379 6.394 6.408 6.423 6.437 6.452 6.467 6.481 6.496 6.511 6.526 6.540 6.555 6.569 6.583 6.596 6.610 6.623 6.636 6.649 6.661 6.673 6.686 6.701 6.716 6.733 6.750 6.769 6.789 6.809 6.831 6.852 6.875 6.897 6.920 6.942 6.965 6.987 7.010 7.032 7.054 7.077 7.100 7.122 7.145 7.168 7.192 7.216 7.241 7.267 7.292
6.063 6.073 6.082 6.091 6.100 6.109 6.119 6.129 6.140 6.151 6.163 6.176 6.190 6.204 6.219 6.234 6.250 6.266 6.281 6.297 6.312 6.328 6.342 6.356 6.370 6.385 6.399 6.414 6.429 6.443 6.458 6.473 6.488 6.503 6.518 6.533 6.548 6.563 6.577 6.592 6.606 6.619 6.633 6.646 6.659 6.671 6.683 6.696 6.710 6.725 6.741 6.758 6.777 6.796 6.816 6.838 6.859 6.882 6.905 6.927 6.950 6.973 6.996 7.019 7.042 7.065 7.088 7.112 7.134 7.157 7.181 7.205 7.231 7.256 7.282 7.309
6.083 6.094 6.104 6.113 6.122 6.130 6.139 6.148 6.157 6.167 6.178 6.190 6.202 6.215 6.229 6.243 6.257 6.272 6.288 6.303 6.318 6.333 6.347 6.361 6.376 6.390 6.405 6.420 6.435 6.449 6.464 6.479 6.495 6.510 6.525 6.540 6.556 6.571 6.586 6.600 6.615 6.629 6.642 6.656 6.669 6.681 6.693 6.706 6.720 6.734 6.750 6.767 6.785 6.804 6.824 6.845 6.867 6.890 6.913 6.936 6.959 6.982 7.006 7.029 7.052 7.076 7.100 7.123 7.146 7.170 7.194 7.219 7.245 7.271 7.298 7.324
6.102 6.114 6.124 6.134 6.143 6.152 6.160 6.168 6.177 6.186 6.195 6.205 6.216 6.228 6.240 6.253 6.267 6.281 6.295 6.310 6.325 6.340 6.353 6.367 6.382 6.396 6.411 6.426 6.441 6.455 6.471 6.486 6.501 6.516 6.532 6.547 6.563 6.578 6.594 6.609 6.624 6.638 6.652 6.666 6.680 6.692 6.704 6.716 6.730 6.744 6.760 6.776 6.794 6.813 6.833 6.853 6.875 6.898 6.921 6.944 6.968 6.992 7.016 7.039 7.063 7.087 7.111 7.135 7.158 7.182 7.206 7.232 7.258 7.285 7.312 7.340
6.119 6.132 6.144 6.155 6.165 6.174 6.182 6.190 6.198 6.206 6.215 6.224 6.233 6.244 6.255 6.266 6.279 6.292 6.305 6.319 6.333 6.347 6.360 6.374 6.388 6.403 6.417 6.432 6.447 6.462 6.477 6.492 6.507 6.523 6.538 6.554 6.570 6.586 6.601 6.617 6.632 6.647 6.662 6.676 6.690 6.702 6.714 6.727 6.741 6.755 6.770 6.786 6.803 6.822 6.842 6.862 6.884 6.907 6.930 6.954 6.977 7.002 7.026 7.050 7.074 7.098 7.122 7.147 7.170 7.194 7.219 7.245 7.271 7.299 7.326 7.354
6.134 6.148 6.162 6.174 6.185 6.195 6.204 6.212 6.220 6.228 6.236 6.244 6.253 6.262 6.271 6.282 6.293 6.305 6.317 6.330 6.344 6.357 6.369 6.382 6.396 6.410 6.424 6.439 6.453 6.468 6.483 6.498 6.514 6.529 6.545 6.561 6.577 6.593 6.609 6.625 6.640 6.656 6.671 6.686 6.700 6.712 6.725 6.738 6.752 6.766 6.781 6.797 6.814 6.832 6.851 6.872 6.893 6.916 6.939 6.963 6.987 7.011 7.036 7.060 7.085 7.109 7.134 7.158 7.182 7.206 7.231 7.257 7.284 7.312 7.340 7.368
6.148 6.163 6.177 6.191 6.203 6.214 6.225 6.234 6.242 6.251 6.258 6.266 6.274 6.282 6.291 6.300 6.310 6.320 6.332 6.344 6.356 6.368 6.379 6.392 6.405 6.418 6.432 6.446 6.461 6.475 6.490 6.505 6.520 6.536 6.551 6.567 6.583 6.600 6.616 6.632 6.648 6.664 6.680 6.695 6.709 6.722 6.735 6.749 6.763 6.777 6.792 6.807 6.824 6.842 6.861 6.881 6.903 6.925 6.949 6.972 6.997 7.021 7.046 7.071 7.096 7.120 7.145 7.169 7.193 7.218 7.243 7.269 7.297 7.325 7.353 7.382
6.159 6.176 6.191 6.206 6.220 6.232 6.244 6.254 6.264 6.272 6.281 6.288 6.296 6.304 6.312 6.320 6.329 6.339 6.349 6.359 6.371 6.381 6.392 6.404 6.416 6.429 6.442 6.455 6.469 6.483 6.498 6.512 6.527 6.543 6.558 6.574 6.590 6.606 6.623 6.639 6.656 6.672 6.688 6.704 6.718 6.732 6.745 6.759 6.773 6.788 6.802 6.818 6.835 6.852 6.871 6.891 6.912 6.935 6.958 6.982 7.007 7.031 7.056 7.081 7.106 7.131 7.156 7.181 7.205 7.229 7.255 7.281 7.308 7.337 7.365 7.394
6.169 6.187 6.203 6.219 6.234 6.248 6.261 6.272 6.283 6.293 6.302 6.310 6.319 6.326 6.334 6.342 6.350 6.359 6.368 6.378 6.388 6.398 6.407 6.418 6.429 6.441 6.453 6.466 6.479 6.493 6.506 6.521 6.535 6.550 6.565 6.581 6.597 6.613 6.630 6.646 6.663 6.679 6.696 6.712 6.727 6.741 6.755 6.769 6.784 6.798 6.813 6.829 6.845 6.863 6.881 6.901 6.922 6.944 6.968 6.992 7.016 7.041 7.067 7.092 7.117 7.142 7.167 7.192 7.216 7.240 7.266 7.292 7.319 7.348 7.377 7.406
6.178 6.196 6.214 6.231 6.247 6.262 6.276 6.289 6.301 6.312 6.322 6.331 6.340 6.349 6.357 6.365 6.373 6.381 6.389 6.398 6.408 6.416 6.425 6.435 6.445 6.456 6.467 6.479 6.491 6.504 6.517 6.530 6.544 6.558 6.573 6.588 6.604 6.620 6.636 6.653 6.670 6.686 6.703 6.720 6.735 6.750 6.764 6.779 6.794 6.809 6.824 6.839 6.856 6.873 6.891 6.911 6.932 6.954 6.977 7.001 7.026 7.051 7.077 7.102 7.127 7.152 7.178 7.202 7.226 7.251 7.276 7.303 7.330 7.358 7.387 7.417
6.186 6.205 6.223 6.241 6.258 6.274 6.289 6.303 6.316 6.329 6.340 6.351 6.360 6.370 6.378 6.387 6.395 6.403 6.412 6.420 6.429 6.437 6.445 6.454 6.463 6.473 6.484 6.494 6.505 6.517 6.529 6.541 6.554 6.568 6.582 6.597 6.612 6.628 6.644 6.660 6.677 6.693 6.710 6.727 6.743 6.758 6.773 6.788 6.803 6.819 6.834 6.850 6.866 6.883 6.901 6.921 6.941 6.963 6.986 7.010 7.035 7.061 7.086 7.112 7.137 7.163 7.188 7.213 7.237 7.261 7.286 7.312 7.340 7.368 7.397 7.426
6.194 6.213 6.232 6.250 6.268 6.285 6.301 6.316 6.330 6.344 6.356 6.368 6.379 6.389 6.399 6.408 6.417 6.426 6.434 6.443 6.452 6.459 6.467 6.475 6.484 6.493 6.502 6.512 6.522 6.532 6.543 6.554 6.566 6.579 6.592 6.606 6.621 6.636 6.651 6.667 6.684 6.701 6.718 6.735 6.751 6.766 6.782 6.797 6.813 6.828 6.844 6.860 6.876 6.893 6.911 6.930 6.951 6.972 6.995 7.019 7.044 7.069 7.095 7.121 7.147 7.172 7.198 7.222 7.246 7.270 7.295 7.321 7.349 7.377 7.405 7.434
6.201 6.220 6.240 6.258 6.276 6.294 6.311 6.327 6.342 6.357 6.371 6.384 6.396 6.407 6.418 6.428 6.438 6.447 6.456 6.465 6.474 6.482 6.490 6.498 6.506 6.514 6.523 6.532 6.541 6.550 6.560 6.570 6.581 6.592 6.604 6.617 6.631 6.645 6.660 6.675 6.692 6.708 6.725 6.742 6.758 6.774 6.790 6.806 6.821 6.837 6.853 6.869 6.886 6.903 6.920 6.939 6.960 6.981 7.004 7.028 7.052 7.078 7.104 7.130 7.156 7.181 7.207 7.231 7.255 7.279 7.304 7.330 7.356 7.384 7.413 7.441
6.207 6.227 6.247 6.266 6.285 6.303 6.320 6.337 6.353 6.369 6.383 6.397 6.410 6.423 6.435 6.446 6.457 6.467 6.477 6.487 6.496 6.505 6.512 6.521 6.529 6.537 6.545 6.554 6.562 6.570 6.579 6.588 6.597 6.607 6.618 6.630 6.642 6.655 6.670 6.684 6.700 6.716 6.733 6.750 6.766 6.782 6.798 6.814 6.830 6.846 6.862 6.878 6.895 6.912 6.929 6.948 6.968 6.989 7.012 7.036 7.060 7.086 7.112 7.138 7.164 7.190 7.215 7.240 7.263 7.287 7.311 7.337 7.363 7.390 7.418 7.446
6.214 6.234 6.254 6.273 6.292 6.311 6.329 6.346 6.363 6.379 6.395 6.410 6.424 6.437 6.450 6.462 6.474 6.485 6.496 6.507 6.517 6.526 6.534 6.543 6.552 6.560 6.569 6.577 6.585 6.592 6.600 6.608 6.616 6.625 6.634 6.645 6.656 6.668 6.681 6.695 6.709 6.725 6.741 6.758 6.774 6.790 6.806 6.822 6.838 6.855 6.871 6.887 6.903 6.920 6.938 6.957 6.976 6.997 7.019 7.043 7.067 7.093 7.119 7.145 7.171 7.197 7.223 7.247 7.271 7.294 7.318 7.343 7.369 7.395 7.423 7.450
6.221 6.241 6.261 6.280 6.300 6.319 6.337 6.355 6.372 6.389 6.405 6.421 6.436 6.450 6.464 6.477 6.490 6.502 6.513 6.525 6.536 6.546 6.555 6.564 6.574 6.583 6.591 6.600 6.608 6.615 6.623 6.630 6.637 6.645 6.653 6.662 6.671 6.682 6.694 6.707 6.720 6.735 6.751 6.767 6.783 6.798 6.814 6.830 6.847 6.863 6.879 6.896 6.912 6.929 6.946 6.964 6.984 7.004 7.026 7.050 7.074 7.099 7.125 7.152 7.178 7.204 7.230 7.254 7.277 7.300 7.323 7.347 7.373 7.399 7.426 7.454
6.228 6.248 6.268 6.288 6.307 6.326 6.345 6.363 6.381 6.398 6.415 6.431 6.447 6.462 6.476 6.490 6.504 6.517 6.529 6.541 6.553 6.564 6.574 6.584 6.594 6.604 6.613 6.622 6.631 6.638 6.646 6.653 6.659 6.666 6.673 6.681 6.689 6.698 6.709 6.720 6.733 6.747 6.761 6.777 6.792 6.807 6.823 6.839 6.855 6.872 6.888 6.904 6.920 6.937 6.954 6.972 6.991 7.011 7.033 7.056 7.080 7.105 7.131 7.157 7.184 7.210 7.235 7.259 7.282 7.304 7.327 7.351 7.375 7.401 7.428 7.456
