version1/TsunamiDB/out54187.asc
ncols          264
nrows          230
xllcorner      497853.4375
yllcorner      4229146.0000
cellsize         5.
NODATA_value   -99
[rows 68 to 101 of 230, columns 0 to 76 of 264]
5.954 5.961 5.968 5.976 5.983 5.991 5.998 6.005 6.013 6.020 6.028 6.036 6.043 6.050 6.056 6.062 6.069 6.075 6.081 6.086 6.092 6.098 6.103 6.109 6.114 6.119 6.124 6.129 6.134 6.139 6.144 6.149 6.154 6.159 6.164 6.169 6.174 6.178 6.182 6.186 6.190 6.194 6.198 6.202 6.206 6.210 6.215 6.219 6.223 6.227 6.232 6.237 6.241 6.246 6.251 6.256 6.262 6.268 6.274 6.279 6.285 6.290 6.296 6.302 6.308 6.314 6.320 6.326 6.332 6.338 6.345 6.351 6.358 6.364 6.371 6.378 6.384
5.961 5.969 5.976 5.983 5.991 5.998 6.005 6.013 6.020 6.027 6.035 6.042 6.050 6.056 6.063 6.069 6.075 6.082 6.088 6.093 6.099 6.105 6.110 6.116 6.121 6.127 6.132 6.137 6.142 6.147 6.152 6.157 6.162 6.167 6.172 6.177 6.181 6.185 6.190 6.194 6.198 6.201 6.205 6.209 6.213 6.217 6.221 6.225 6.229 6.233 6.238 6.242 6.247 6.251 6.256 6.261 6.266 6.272 6.278 6.283 6.288 6.294 6.299 6.305 6.311 6.316 6.322 6.328 6.334 6.340 6.346 6.353 6.359 6.365 6.372 6.378 6.385
5.969 5.976 5.983 5.991 5.998 6.005 6.012 6.019 6.027 6.034 6.041 6.049 6.056 6.063 6.070 6.076 6.082 6.088 6.094 6.100 6.106 6.112 6.117 6.123 6.128 6.134 6.139 6.144 6.149 6.154 6.159 6.164 6.169 6.174 6.179 6.184 6.189 6.193 6.197 6.201 6.205 6.209 6.212 6.216 6.220 6.224 6.228 6.232 6.235 6.240 6.244 6.248 6.252 6.257 6.261 6.266 6.271 6.277 6.282 6.287 6.292 6.297 6.303 6.308 6.314 6.319 6.325 6.331 6.336 6.342 6.348 6.354 6.361 6.367 6.373 6.379 6.386
5.977 5.984 5.991 5.998 6.005 6.012 6.019 6.026 6.033 6.041 6.048 6.056 6.063 6.069 6.076 6.082 6.089 6.095 6.101 6.107 6.112 6.118 6.124 6.130 6.135 6.141 6.146 6.151 6.156 6.161 6.166 6.171 6.176 6.181 6.187 6.192 6.196 6.200 6.204 6.208 6.212 6.216 6.219 6.223 6.227 6.230 6.234 6.238 6.242 6.246 6.250 6.254 6.258 6.262 6.267 6.271 6.276 6.281 6.286 6.291 6.296 6.301 6.306 6.312 6.317 6.322 6.328 6.333 6.339 6.344 6.350 6.356 6.362 6.368 6.374 6.381 6.387
5.984 5.991 5.998 6.005 6.012 6.019 6.026 6.033 6.040 6.047 6.055 6.062 6.069 6.076 6.082 6.089 6.095 6.101 6.107 6.113 6.119 6.124 6.130 6.136 6.141 6.147 6.152 6.158 6.163 6.168 6.173 6.178 6.183 6.188 6.194 6.199 6.203 6.207 6.211 6.215 6.219 6.223 6.226 6.230 6.234 6.237 6.241 6.244 6.248 6.252 6.256 6.260 6.264 6.268 6.272 6.276 6.281 6.286 6.291 6.296 6.300 6.305 6.310 6.315 6.320 6.325 6.331 6.336 6.341 6.347 6.352 6.358 6.364 6.370 6.376 6.382 6.388
5.992 5.999 6.005 6.012 6.019 6.026 6.033 6.040 6.047 6.054 6.061 6.068 6.076 6.082 6.088 6.095 6.101 6.107 6.113 6.119 6.125 6.130 6.136 6.142 6.148 6.153 6.159 6.164 6.169 6.175 6.180 6.185 6.190 6.195 6.200 6.205 6.210 6.214 6.218 6.222 6.226 6.230 6.233 6.237 6.240 6.244 6.247 6.251 6.255 6.258 6.262 6.266 6.269 6.273 6.277 6.282 6.286 6.291 6.296 6.300 6.305 6.309 6.314 6.319 6.324 6.329 6.334 6.339 6.344 6.349 6.355 6.360 6.366 6.372 6.378 6.384 6.390
6.000 6.006 6.013 6.019 6.026 6.033 6.040 6.047 6.053 6.060 6.067 6.075 6.082 6.088 6.094 6.101 6.107 6.113 6.119 6.125 6.130 6.136 6.142 6.148 6.154 6.159 6.165 6.170 6.176 6.181 6.186 6.191 6.196 6.202 6.207 6.212 6.216 6.221 6.225 6.229 6.233 6.236 6.240 6.243 6.247 6.250 6.254 6.257 6.261 6.264 6.268 6.272 6.275 6.279 6.283 6.287 6.291 6.296 6.301 6.305 6.309 6.314 6.318 6.323 6.327 6.332 6.337 6.342 6.347 6.352 6.357 6.363 6.368 6.374 6.379 6.385 6.391
6.007 6.014 6.020 6.027 6.033 6.040 6.047 6.053 6.060 6.067 6.074 6.081 6.088 6.094 6.100 6.107 6.113 6.119 6.124 6.130 6.136 6.142 6.148 6.154 6.159 6.165 6.171 6.176 6.182 6.187 6.192 6.197 6.203 6.208 6.213 6.218 6.223 6.227 6.231 6.235 6.239 6.243 6.246 6.250 6.253 6.257 6.260 6.264 6.267 6.271 6.274 6.278 6.281 6.285 6.289 6.293 6.297 6.301 6.306 6.310 6.314 6.318 6.322 6.327 6.331 6.336 6.340 6.345 6.350 6.355 6.360 6.365 6.370 6.376 6.381 6.387 6.393
6.015 6.022 6.028 6.034 6.041 6.047 6.054 6.060 6.067 6.073 6.080 6.087 6.094 6.100 6.107 6.113 6.118 6.124 6.130 6.136 6.142 6.148 6.153 6.159 6.165 6.171 6.176 6.182 6.187 6.193 6.198 6.203 6.209 6.214 6.219 6.224 6.229 6.233 6.238 6.242 6.245 6.249 6.253 6.256 6.260 6.263 6.267 6.270 6.273 6.277 6.280 6.284 6.287 6.291 6.294 6.298 6.302 6.306 6.311 6.315 6.318 6.322 6.327 6.331 6.335 6.339 6.344 6.348 6.353 6.358 6.363 6.368 6.373 6.378 6.383 6.389 6.395
6.024 6.030 6.036 6.042 6.048 6.054 6.061 6.067 6.074 6.080 6.087 6.094 6.101 6.107 6.113 6.119 6.124 6.130 6.136 6.142 6.147 6.153 6.159 6.165 6.170 6.176 6.182 6.187 6.193 6.198 6.204 6.209 6.214 6.220 6.225 6.230 6.235 6.239 6.244 6.248 6.252 6.255 6.259 6.263 6.266 6.270 6.273 6.276 6.280 6.283 6.286 6.290 6.293 6.297 6.300 6.304 6.308 6.312 6.316 6.320 6.323 6.327 6.331 6.335 6.339 6.343 6.347 6.352 6.356 6.361 6.365 6.370 6.375 6.380 6.386 6.391 6.397
6.032 6.038 6.044 6.050 6.056 6.062 6.068 6.074 6.080 6.087 6.094 6.101 6.107 6.113 6.119 6.125 6.130 6.136 6.142 6.147 6.153 6.159 6.164 6.170 6.176 6.181 6.187 6.193 6.198 6.204 6.209 6.214 6.220 6.225 6.231 6.236 6.241 6.245 6.250 6.254 6.258 6.261 6.265 6.269 6.272 6.276 6.279 6.282 6.286 6.289 6.292 6.296 6.299 6.302 6.306 6.309 6.313 6.317 6.321 6.325 6.328 6.332 6.336 6.339 6.343 6.347 6.351 6.355 6.359 6.364 6.368 6.373 6.378 6.383 6.388 6.393 6.398
6.041 6.047 6.052 6.058 6.064 6.069 6.075 6.081 6.088 6.094 6.100 6.107 6.114 6.119 6.125 6.131 6.136 6.142 6.148 6.153 6.159 6.164 6.170 6.176 6.181 6.187 6.192 6.198 6.203 6.209 6.214 6.220 6.225 6.231 6.236 6.242 6.246 6.251 6.255 6.259 6.263 6.267 6.271 6.275 6.278 6.282 6.285 6.289 6.292 6.295 6.298 6.302 6.305 6.308 6.312 6.315 6.319 6.323 6.326 6.330 6.333 6.337 6.340 6.344 6.347 6.351 6.355 6.359 6.363 6.367 6.371 6.376 6.381 6.385 6.390 6.395 6.401
6.051 6.056 6.061 6.066 6.072 6.077 6.083 6.089 6.095 6.101 6.107 6.114 6.120 6.126 6.131 6.137 6.142 6.148 6.153 6.159 6.164 6.170 6.176 6.181 6.187 6.192 6.198 6.203 6.209 6.214 6.220 6.225 6.230 6.236 6.242 6.247 6.252 6.256 6.261 6.265 6.269 6.273 6.277 6.281 6.284 6.288 6.291 6.294 6.298 6.301 6.304 6.308 6.311 6.314 6.317 6.321 6.324 6.328 6.332 6.335 6.338 6.342 6.345 6.348 6.352 6.355 6.359 6.363 6.367 6.371 6.375 6.379 6.383 6.388 6.393 6.398 6.403
6.061 6.065 6.070 6.075 6.080 6.086 6.091 6.097 6.102 6.108 6.115 6.121 6.127 6.132 6.138 6.143 6.149 6.154 6.159 6.165 6.170 6.176 6.181 6.187 6.192 6.198 6.203 6.209 6.214 6.219 6.225 6.230 6.236 6.241 6.247 6.252 6.257 6.262 6.266 6.271 6.275 6.279 6.283 6.286 6.290 6.293 6.297 6.300 6.304 6.307 6.310 6.313 6.317 6.320 6.323 6.326 6.330 6.334 6.337 6.340 6.344 6.347 6.350 6.353 6.356 6.360 6.363 6.367 6.370 6.374 6.378 6.382 6.386 6.391 6.395 6.400 6.405
6.071 6.075 6.080 6.085 6.089 6.094 6.099 6.105 6.110 6.116 6.122 6.128 6.134 6.139 6.145 6.150 6.155 6.160 6.166 6.171 6.176 6.182 6.187 6.192 6.198 6.203 6.209 6.214 6.219 6.225 6.230 6.235 6.241 6.247 6.253 6.258 6.262 6.267 6.272 6.276 6.280 6.284 6.288 6.292 6.296 6.299 6.303 6.306 6.310 6.313 6.316 6.319 6.322 6.326 6.329 6.332 6.336 6.339 6.343 6.346 6.349 6.352 6.355 6.358 6.361 6.364 6.368 6.371 6.374 6.378 6.382 6.386 6.390 6.394 6.398 6.403 6.407
6.082 6.086 6.090 6.094 6.099 6.103 6.108 6.113 6.118 6.124 6.130 6.136 6.141 6.146 6.151 6.157 6.162 6.167 6.172 6.177 6.182 6.188 6.193 6.198 6.203 6.209 6.214 6.219 6.225 6.230 6.235 6.241 6.246 6.252 6.258 6.263 6.268 6.272 6.277 6.281 6.285 6.290 6.294 6.297 6.301 6.305 6.308 6.312 6.315 6.319 6.322 6.325 6.328 6.331 6.335 6.338 6.341 6.345 6.348 6.351 6.354 6.357 6.360 6.363 6.366 6.369 6.372 6.375 6.379 6.382 6.385 6.389 6.393 6.397 6.401 6.405 6.410
6.093 6.097 6.101 6.105 6.109 6.113 6.117 6.122 6.127 6.132 6.138 6.143 6.148 6.153 6.158 6.163 6.168 6.173 6.178 6.183 6.189 6.194 6.199 6.204 6.209 6.214 6.220 6.225 6.230 6.235 6.241 6.246 6.252 6.257 6.263 6.268 6.273 6.277 6.282 6.286 6.291 6.295 6.299 6.303 6.307 6.310 6.314 6.317 6.321 6.324 6.328 6.331 6.334 6.337 6.340 6.344 6.347 6.351 6.354 6.357 6.360 6.362 6.365 6.368 6.371 6.374 6.377 6.380 6.383 6.386 6.389 6.393 6.397 6.400 6.404 6.408 6.413
6.104 6.108 6.111 6.115 6.119 6.123 6.127 6.131 6.136 6.141 6.146 6.151 6.156 6.161 6.166 6.170 6.175 6.180 6.185 6.190 6.195 6.200 6.205 6.210 6.215 6.220 6.225 6.231 6.236 6.241 6.246 6.251 6.257 6.263 6.268 6.273 6.278 6.283 6.287 6.292 6.296 6.300 6.304 6.308 6.312 6.316 6.319 6.323 6.327 6.330 6.333 6.337 6.340 6.343 6.346 6.349 6.353 6.357 6.360 6.362 6.365 6.368 6.371 6.373 6.376 6.379 6.382 6.385 6.387 6.390 6.394 6.397 6.400 6.404 6.408 6.412 6.416
6.116 6.119 6.123 6.126 6.130 6.133 6.137 6.141 6.145 6.150 6.155 6.160 6.164 6.169 6.173 6.178 6.182 6.187 6.192 6.197 6.201 6.206 6.211 6.216 6.221 6.226 6.231 6.236 6.241 6.247 6.252 6.257 6.262 6.268 6.274 6.278 6.283 6.288 6.292 6.297 6.301 6.305 6.310 6.314 6.317 6.321 6.325 6.329 6.332 6.336 6.339 6.342 6.345 6.349 6.352 6.355 6.359 6.362 6.365 6.368 6.371 6.373 6.376 6.379 6.381 6.384 6.387 6.389 6.392 6.395 6.398 6.401 6.404 6.408 6.411 6.415 6.419
6.127 6.131 6.134 6.137 6.141 6.144 6.148 6.151 6.155 6.159 6.164 6.169 6.173 6.177 6.181 6.185 6.190 6.194 6.199 6.203 6.208 6.213 6.218 6.223 6.227 6.232 6.237 6.242 6.247 6.252 6.257 6.263 6.268 6.274 6.279 6.284 6.289 6.293 6.298 6.302 6.306 6.311 6.315 6.319 6.323 6.327 6.330 6.334 6.338 6.341 6.345 6.348 6.351 6.354 6.358 6.361 6.365 6.368 6.371 6.374 6.376 6.379 6.382 6.384 6.387 6.389 6.392 6.394 6.397 6.400 6.403 6.405 6.409 6.412 6.415 6.419 6.422
6.139 6.142 6.145 6.149 6.152 6.155 6.158 6.162 6.165 6.169 6.174 6.178 6.181 6.185 6.189 6.193 6.197 6.202 6.206 6.210 6.215 6.220 6.224 6.229 6.234 6.239 6.243 6.248 6.253 6.258 6.263 6.268 6.274 6.279 6.284 6.289 6.294 6.298 6.303 6.307 6.312 6.316 6.320 6.324 6.328 6.332 6.336 6.339 6.343 6.347 6.350 6.354 6.357 6.360 6.363 6.367 6.371 6.374 6.377 6.380 6.382 6.385 6.387 6.390 6.392 6.395 6.397 6.400 6.402 6.405 6.407 6.410 6.413 6.416 6.419 6.422 6.426
6.150 6.153 6.157 6.160 6.163 6.166 6.169 6.173 6.176 6.180 6.184 6.187 6.191 6.194 6.198 6.202 6.205 6.209 6.214 6.218 6.222 6.226 6.231 6.236 6.240 6.245 6.250 6.255 6.259 6.264 6.269 6.274 6.279 6.285 6.290 6.295 6.299 6.304 6.308 6.313 6.317 6.321 6.325 6.329 6.333 6.337 6.341 6.345 6.349 6.352 6.356 6.359 6.363 6.366 6.369 6.373 6.376 6.380 6.383 6.385 6.388 6.391 6.393 6.396 6.398 6.400 6.403 6.405 6.408 6.410 6.412 6.415 6.418 6.421 6.423 6.427 6.430
6.160 6.164 6.168 6.171 6.175 6.178 6.181 6.184 6.187 6.190 6.194 6.197 6.200 6.204 6.207 6.210 6.214 6.217 6.221 6.225 6.229 6.234 6.238 6.242 6.247 6.251 6.256 6.261 6.266 6.270 6.275 6.280 6.285 6.291 6.296 6.300 6.305 6.309 6.314 6.318 6.322 6.327 6.331 6.335 6.339 6.343 6.347 6.350 6.354 6.358 6.361 6.365 6.368 6.372 6.375 6.378 6.382 6.386 6.388 6.391 6.394 6.397 6.399 6.402 6.404 6.406 6.408 6.411 6.413 6.415 6.418 6.420 6.423 6.425 6.428 6.431 6.434
6.171 6.175 6.179 6.182 6.186 6.189 6.192 6.195 6.198 6.201 6.205 6.208 6.211 6.213 6.216 6.219 6.223 6.226 6.229 6.233 6.237 6.241 6.245 6.249 6.254 6.258 6.263 6.267 6.272 6.277 6.281 6.286 6.291 6.296 6.301 6.306 6.311 6.315 6.319 6.324 6.328 6.332 6.336 6.340 6.344 6.348 6.352 6.356 6.359 6.363 6.367 6.370 6.374 6.377 6.381 6.384 6.388 6.391 6.394 6.397 6.400 6.402 6.405 6.407 6.410 6.412 6.414 6.416 6.419 6.421 6.423 6.425 6.428 6.430 6.433 6.436 6.439
6.180 6.185 6.189 6.193 6.196 6.200 6.203 6.206 6.209 6.212 6.216 6.219 6.221 6.224 6.226 6.229 6.232 6.235 6.238 6.241 6.245 6.249 6.252 6.257 6.261 6.265 6.269 6.274 6.278 6.283 6.288 6.292 6.297 6.302 6.307 6.312 6.316 6.321 6.325 6.329 6.333 6.338 6.342 6.346 6.350 6.353 6.357 6.361 6.365 6.369 6.372 6.376 6.379 6.383 6.386 6.390 6.394 6.397 6.400 6.403 6.406 6.408 6.411 6.413 6.416 6.418 6.420 6.422 6.424 6.427 6.429 6.431 6.433 6.436 6.438 6.441 6.443
6.189 6.194 6.199 6.203 6.207 6.210 6.214 6.217 6.220 6.223 6.227 6.230 6.232 6.234 6.236 6.239 6.241 6.244 6.247 6.250 6.253 6.257 6.260 6.264 6.268 6.272 6.276 6.281 6.285 6.289 6.294 6.299 6.303 6.309 6.313 6.318 6.322 6.327 6.331 6.335 6.339 6.343 6.347 6.351 6.355 6.359 6.363 6.367 6.370 6.374 6.378 6.381 6.385 6.389 6.392 6.396 6.400 6.403 6.406 6.409 6.412 6.414 6.417 6.419 6.422 6.424 6.426 6.428 6.430 6.432 6.435 6.437 6.439 6.441 6.443 6.446 6.448
6.198 6.203 6.208 6.212 6.217 6.221 6.224 6.228 6.231 6.234 6.238 6.241 6.243 6.245 6.247 6.249 6.251 6.254 6.256 6.259 6.262 6.265 6.268 6.272 6.275 6.279 6.283 6.287 6.292 6.296 6.300 6.305 6.310 6.315 6.320 6.324 6.328 6.332 6.337 6.341 6.345 6.349 6.353 6.357 6.361 6.364 6.368 6.372 6.376 6.380 6.383 6.387 6.391 6.394 6.398 6.401 6.405 6.409 6.412 6.415 6.418 6.420 6.423 6.425 6.428 6.430 6.432 6.434 6.436 6.438 6.440 6.442 6.445 6.447 6.449 6.451 6.454
6.206 6.211 6.217 6.222 6.226 6.230 6.234 6.238 6.242 6.245 6.249 6.252 6.254 6.256 6.258 6.260 6.262 6.264 6.266 6.268 6.271 6.274 6.277 6.280 6.283 6.287 6.291 6.295 6.299 6.303 6.307 6.312 6.316 6.321 6.326 6.330 6.334 6.338 6.343 6.347 6.351 6.355 6.358 6.362 6.366 6.370 6.374 6.378 6.381 6.385 6.389 6.393 6.396 6.400 6.403 6.407 6.411 6.415 6.418 6.421 6.424 6.426 6.429 6.432 6.434 6.436 6.438 6.440 6.443 6.445 6.446 6.448 6.450 6.453 6.455 6.457 6.459
6.213 6.219 6.225 6.230 6.235 6.240 6.244 6.248 6.252 6.256 6.260 6.263 6.265 6.267 6.269 6.270 6.272 6.274 6.276 6.278 6.280 6.283 6.285 6.288 6.291 6.295 6.298 6.302 6.306 6.310 6.314 6.318 6.323 6.328 6.332 6.336 6.341 6.345 6.349 6.353 6.357 6.360 6.364 6.368 6.372 6.376 6.380 6.383 6.387 6.391 6.394 6.398 6.402 6.406 6.409 6.413 6.417 6.421 6.424 6.427 6.430 6.432 6.435 6.438 6.440 6.442 6.445 6.447 6.449 6.451 6.453 6.455 6.457 6.458 6.461 6.463 6.465
6.220 6.226 6.232 6.238 6.243 6.248 6.253 6.258 6.262 6.266 6.270 6.273 6.276 6.278 6.280 6.281 6.283 6.285 6.286 6.288 6.290 6.292 6.295 6.297 6.300 6.303 6.306 6.310 6.313 6.317 6.321 6.325 6.329 6.334 6.339 6.343 6.347 6.351 6.355 6.359 6.363 6.366 6.370 6.374 6.378 6.381 6.385 6.389 6.393 6.396 6.400 6.404 6.407 6.411 6.415 6.419 6.423 6.426 6.430 6.433 6.436 6.438 6.441 6.444 6.446 6.449 6.451 6.453 6.455 6.457 6.459 6.461 6.463 6.465 6.467 6.469 6.471
6.226 6.233 6.239 6.245 6.251 6.256 6.262 6.266 6.271 6.276 6.280 6.283 6.286 6.288 6.290 6.292 6.294 6.295 6.297 6.299 6.300 6.302 6.304 6.306 6.309 6.311 6.314 6.318 6.321 6.324 6.328 6.332 6.336 6.341 6.345 6.349 6.353 6.357 6.361 6.365 6.369 6.372 6.376 6.380 6.384 6.387 6.391 6.395 6.398 6.402 6.406 6.409 6.413 6.417 6.421 6.424 6.428 6.432 6.435 6.439 6.442 6.444 6.447 6.450 6.452 6.455 6.457 6.459 6.461 6.463 6.465 6.467 6.469 6.471 6.473 6.475 6.477
6.232 6.239 6.246 6.252 6.258 6.264 6.270 6.275 6.280 6.285 6.290 6.293 6.296 6.299 6.301 6.303 6.305 6.306 6.308 6.309 6.311 6.312 6.314 6.316 6.318 6.320 6.323 6.326 6.329 6.332 6.336 6.339 6.343 6.348 6.352 6.356 6.360 6.364 6.367 6.371 6.375 6.379 6.382 6.386 6.390 6.393 6.397 6.400 6.404 6.408 6.411 6.415 6.419 6.423 6.426 6.430 6.434 6.438 6.441 6.444 6.448 6.450 6.453 6.456 6.459 6.461 6.463 6.465 6.468 6.470 6.471 6.473 6.475 6.477 6.479 6.481 6.483
6.238 6.245 6.252 6.259 6.265 6.271 6.277 6.283 6.288 6.294 6.298 6.302 6.306 6.309 6.311 6.314 6.315 6.317 6.319 6.320 6.321 6.323 6.324 6.326 6.328 6.330 6.332 6.334 6.337 6.340 6.343 6.347 6.351 6.355 6.359 6.363 6.366 6.370 6.374 6.377 6.381 6.385 6.388 6.392 6.396 6.399 6.403 6.406 6.410 6.414 6.417 6.421 6.425 6.428 6.432 6.436 6.440 6.444 6.447 6.450 6.453 6.456 6.459 6.462 6.465 6.467 6.469 6.472 6.474 6.476 6.478 6.480 6.482 6.484 6.485 6.487 6.489
6.244 6.251 6.258 6.265 6.271 6.278 6.284 6.290 6.296 6.302 6.307 6.311 6.315 6.318 6.321 6.324 6.326 6.328 6.329 6.331 6.332 6.333 6.335 6.336 6.338 6.339 6.341 6.343 6.346 6.349 6.351 6.355 6.358 6.363 6.366 6.370 6.373 6.377 6.380 6.384 6.387 6.391 6.395 6.398 6.402 6.405 6.409 6.412 6.416 6.419 6.423 6.427 6.430 6.434 6.438 6.442 6.446 6.450 6.453 6.456 6.459 6.462 6.465 6.468 6.471 6.473 6.476 6.478 6.480 6.482 6.484 6.486 6.488 6.490 6.492 6.494 6.495
