version1/TsunamiDB/out54103.asc
ncols          264
nrows          230
xllcorner      497853.4375
yllcorner      4229146.0000
cellsize         5.
NODATA_value   -99
[rows 0 to 33 of 230, columns 77 to 153 of 264]
5.031 5.056 5.080 5.104 5.127 5.150 5.172 5.194 5.215 5.234 5.253 5.272 5.291 5.309 5.327 5.344 5.360 5.376 5.391 5.406 5.420 5.434 5.447 5.460 5.472 5.484 5.495 5.507 5.518 5.528 5.539 5.549 5.558 5.567 5.576 5.586 5.596 5.605 5.615 5.625 5.635 5.646 5.656 5.666 5.677 5.688 5.699 5.710 5.721 5.733 5.744 5.756 5.768 5.780 5.791 5.802 5.813 5.824 5.836 5.848 5.860 5.871 5.883 5.895 5.906 5.918 5.929 5.940 5.951 5.962 5.972 5.983 5.993 6.003 6.013 6.022 6.032
5.044 5.069 5.094 5.118 5.141 5.164 5.187 5.209 5.230 5.249 5.268 5.288 5.307 5.325 5.343 5.361 5.377 5.394 5.409 5.424 5.439 5.453 5.466 5.479 5.491 5.503 5.515 5.526 5.537 5.547 5.558 5.567 5.575 5.584 5.593 5.602 5.611 5.620 5.630 5.639 5.649 5.658 5.668 5.678 5.688 5.698 5.708 5.719 5.730 5.741 5.752 5.763 5.775 5.786 5.797 5.808 5.819 5.830 5.841 5.853 5.865 5.876 5.888 5.900 5.911 5.923 5.934 5.945 5.956 5.967 5.978 5.988 5.999 6.009 6.019 6.029 6.038
5.057 5.082 5.106 5.130 5.154 5.177 5.200 5.222 5.243 5.263 5.283 5.302 5.322 5.341 5.359 5.377 5.394 5.410 5.426 5.442 5.456 5.471 5.484 5.498 5.510 5.522 5.534 5.545 5.556 5.566 5.576 5.585 5.593 5.602 5.610 5.619 5.628 5.636 5.645 5.654 5.663 5.672 5.681 5.690 5.699 5.709 5.719 5.729 5.739 5.749 5.760 5.771 5.782 5.793 5.804 5.814 5.825 5.836 5.847 5.858 5.870 5.881 5.893 5.905 5.916 5.928 5.939 5.950 5.961 5.972 5.983 5.994 6.004 6.014 6.025 6.035 6.044
5.069 5.093 5.118 5.142 5.166 5.189 5.212 5.234 5.255 5.276 5.296 5.316 5.336 5.355 5.374 5.392 5.409 5.426 5.442 5.458 5.474 5.488 5.502 5.516 5.529 5.541 5.553 5.564 5.575 5.586 5.596 5.604 5.612 5.620 5.629 5.637 5.645 5.653 5.661 5.669 5.678 5.686 5.694 5.703 5.712 5.721 5.730 5.739 5.749 5.759 5.769 5.779 5.790 5.801 5.811 5.821 5.831 5.842 5.853 5.864 5.875 5.887 5.898 5.910 5.921 5.932 5.944 5.955 5.966 5.977 5.988 5.999 6.009 6.020 6.030 6.040 6.050
5.079 5.104 5.129 5.153 5.177 5.200 5.223 5.246 5.267 5.287 5.308 5.329 5.349 5.368 5.387 5.406 5.423 5.441 5.458 5.474 5.490 5.505 5.519 5.533 5.546 5.559 5.571 5.583 5.594 5.605 5.615 5.624 5.632 5.640 5.648 5.656 5.663 5.671 5.679 5.686 5.694 5.701 5.709 5.717 5.725 5.734 5.742 5.751 5.760 5.769 5.778 5.788 5.798 5.809 5.818 5.828 5.837 5.848 5.859 5.869 5.881 5.892 5.903 5.914 5.926 5.937 5.948 5.960 5.971 5.982 5.993 6.004 6.014 6.025 6.035 6.046 6.056
5.090 5.115 5.139 5.163 5.187 5.211 5.234 5.256 5.278 5.299 5.319 5.340 5.360 5.380 5.400 5.418 5.437 5.454 5.472 5.488 5.505 5.520 5.535 5.550 5.563 5.577 5.589 5.601 5.613 5.624 5.634 5.643 5.651 5.659 5.667 5.675 5.683 5.690 5.697 5.704 5.711 5.718 5.725 5.732 5.740 5.747 5.755 5.763 5.771 5.780 5.789 5.798 5.807 5.817 5.826 5.835 5.845 5.855 5.865 5.875 5.886 5.897 5.908 5.919 5.931 5.942 5.953 5.964 5.975 5.987 5.998 6.008 6.019 6.030 6.040 6.051 6.061
5.100 5.124 5.149 5.173 5.197 5.220 5.243 5.266 5.288 5.309 5.330 5.351 5.371 5.391 5.411 5.430 5.449 5.467 5.485 5.502 5.518 5.534 5.550 5.565 5.579 5.593 5.606 5.619 5.630 5.642 5.653 5.662 5.670 5.679 5.687 5.695 5.702 5.709 5.716 5.723 5.729 5.736 5.742 5.749 5.756 5.762 5.769 5.777 5.784 5.792 5.800 5.808 5.817 5.826 5.835 5.843 5.852 5.862 5.872 5.882 5.892 5.903 5.914 5.925 5.936 5.947 5.958 5.969 5.980 5.991 6.002 6.013 6.024 6.035 6.045 6.056 6.066
5.109 5.133 5.158 5.182 5.206 5.229 5.252 5.275 5.297 5.318 5.339 5.360 5.381 5.402 5.421 5.441 5.460 5.478 5.497 5.514 5.531 5.548 5.564 5.579 5.594 5.608 5.622 5.635 5.647 5.659 5.671 5.680 5.689 5.698 5.706 5.714 5.722 5.729 5.736 5.742 5.749 5.755 5.761 5.766 5.772 5.779 5.785 5.791 5.798 5.805 5.812 5.820 5.828 5.836 5.844 5.852 5.860 5.869 5.879 5.889 5.899 5.909 5.919 5.930 5.941 5.952 5.963 5.974 5.985 5.996 6.007 6.018 6.028 6.039 6.050 6.061 6.071
5.118 5.142 5.166 5.190 5.214 5.238 5.261 5.284 5.306 5.327 5.348 5.369 5.390 5.411 5.431 5.451 5.470 5.489 5.507 5.525 5.543 5.560 5.576 5.592 5.607 5.622 5.636 5.650 5.663 5.675 5.687 5.698 5.707 5.716 5.725 5.733 5.741 5.749 5.756 5.762 5.768 5.774 5.780 5.785 5.791 5.796 5.801 5.807 5.813 5.819 5.826 5.833 5.840 5.848 5.855 5.862 5.869 5.878 5.887 5.896 5.905 5.915 5.925 5.936 5.946 5.957 5.967 5.978 5.989 6.000 6.011 6.022 6.033 6.044 6.054 6.065 6.076
5.126 5.151 5.175 5.199 5.222 5.246 5.269 5.292 5.314 5.335 5.356 5.377 5.399 5.419 5.440 5.460 5.479 5.498 5.517 5.535 5.553 5.570 5.587 5.604 5.619 5.635 5.650 5.664 5.677 5.690 5.703 5.714 5.724 5.734 5.743 5.752 5.760 5.768 5.775 5.782 5.788 5.794 5.799 5.805 5.810 5.814 5.819 5.824 5.830 5.835 5.841 5.847 5.853 5.860 5.866 5.872 5.879 5.887 5.895 5.904 5.913 5.922 5.932 5.942 5.952 5.962 5.973 5.983 5.994 6.005 6.015 6.026 6.037 6.048 6.059 6.070 6.080
5.134 5.159 5.183 5.206 5.230 5.253 5.276 5.299 5.321 5.342 5.364 5.385 5.406 5.427 5.448 5.468 5.488 5.507 5.526 5.544 5.563 5.580 5.597 5.614 5.631 5.646 5.662 5.676 5.691 5.704 5.717 5.729 5.740 5.750 5.760 5.770 5.778 5.787 5.794 5.801 5.808 5.814 5.819 5.824 5.829 5.834 5.838 5.843 5.847 5.852 5.857 5.862 5.867 5.873 5.879 5.884 5.890 5.897 5.905 5.913 5.921 5.930 5.939 5.948 5.958 5.968 5.978 5.988 5.999 6.009 6.020 6.031 6.042 6.052 6.063 6.074 6.085
5.142 5.166 5.190 5.214 5.237 5.260 5.283 5.306 5.328 5.349 5.370 5.392 5.413 5.434 5.455 5.475 5.495 5.515 5.534 5.553 5.571 5.589 5.607 5.624 5.641 5.657 5.672 5.688 5.702 5.717 5.730 5.743 5.754 5.765 5.776 5.786 5.795 5.804 5.813 5.820 5.827 5.834 5.839 5.845 5.849 5.854 5.858 5.862 5.866 5.870 5.874 5.879 5.883 5.888 5.893 5.897 5.903 5.909 5.915 5.922 5.930 5.938 5.947 5.956 5.965 5.974 5.984 5.994 6.004 6.014 6.025 6.035 6.046 6.057 6.068 6.078 6.089
5.150 5.174 5.198 5.221 5.244 5.267 5.290 5.313 5.334 5.355 5.377 5.398 5.420 5.441 5.462 5.482 5.502 5.522 5.541 5.560 5.579 5.597 5.615 5.632 5.649 5.666 5.682 5.698 5.713 5.728 5.742 5.755 5.767 5.778 5.790 5.801 5.811 5.821 5.830 5.838 5.846 5.852 5.859 5.864 5.869 5.874 5.878 5.882 5.886 5.889 5.893 5.896 5.900 5.904 5.908 5.912 5.916 5.921 5.927 5.933 5.940 5.948 5.955 5.964 5.972 5.981 5.990 6.000 6.010 6.020 6.030 6.040 6.051 6.061 6.072 6.083 6.093
5.158 5.181 5.205 5.228 5.251 5.274 5.296 5.319 5.341 5.362 5.383 5.404 5.426 5.447 5.468 5.488 5.508 5.528 5.548 5.567 5.586 5.604 5.622 5.640 5.658 5.674 5.691 5.707 5.723 5.738 5.753 5.766 5.778 5.791 5.803 5.814 5.825 5.836 5.845 5.854 5.863 5.870 5.877 5.883 5.889 5.894 5.898 5.902 5.906 5.909 5.912 5.916 5.919 5.922 5.925 5.927 5.931 5.935 5.940 5.945 5.951 5.958 5.965 5.973 5.980 5.989 5.998 6.007 6.016 6.026 6.035 6.045 6.056 6.066 6.077 6.087 6.098
5.166 5.189 5.212 5.235 5.258 5.280 5.303 5.325 5.346 5.367 5.389 5.410 5.431 5.452 5.473 5.494 5.514 5.534 5.554 5.573 5.592 5.611 5.629 5.647 5.665 5.682 5.699 5.715 5.731 5.747 5.762 5.776 5.789 5.802 5.814 5.826 5.838 5.849 5.860 5.869 5.879 5.887 5.895 5.901 5.908 5.913 5.918 5.922 5.926 5.929 5.933 5.935 5.938 5.941 5.943 5.945 5.947 5.950 5.954 5.959 5.964 5.970 5.976 5.982 5.990 5.997 6.005 6.014 6.023 6.032 6.041 6.051 6.061 6.071 6.082 6.092 6.102
5.173 5.196 5.219 5.242 5.264 5.287 5.309 5.331 5.352 5.373 5.394 5.416 5.437 5.458 5.479 5.499 5.519 5.539 5.559 5.579 5.598 5.617 5.635 5.653 5.671 5.689 5.706 5.723 5.739 5.755 5.770 5.784 5.798 5.811 5.824 5.837 5.850 5.861 5.873 5.883 5.893 5.902 5.910 5.918 5.925 5.931 5.937 5.942 5.946 5.950 5.953 5.956 5.958 5.961 5.962 5.963 5.965 5.967 5.970 5.974 5.978 5.983 5.988 5.994 6.000 6.007 6.014 6.022 6.030 6.039 6.048 6.057 6.067 6.077 6.087 6.097 6.107
5.181 5.203 5.226 5.248 5.271 5.293 5.315 5.337 5.358 5.378 5.399 5.421 5.442 5.463 5.483 5.504 5.524 5.544 5.564 5.584 5.603 5.622 5.641 5.659 5.677 5.695 5.712 5.729 5.746 5.762 5.778 5.792 5.806 5.820 5.834 5.847 5.860 5.872 5.884 5.895 5.906 5.916 5.925 5.933 5.941 5.948 5.955 5.960 5.965 5.969 5.973 5.976 5.979 5.981 5.982 5.982 5.984 5.985 5.988 5.990 5.993 5.997 6.001 6.006 6.011 6.017 6.024 6.031 6.039 6.047 6.055 6.064 6.073 6.083 6.092 6.103 6.112
5.188 5.211 5.233 5.255 5.277 5.299 5.321 5.343 5.363 5.384 5.405 5.426 5.447 5.468 5.488 5.509 5.529 5.549 5.569 5.588 5.608 5.627 5.646 5.664 5.682 5.700 5.718 5.735 5.752 5.769 5.785 5.799 5.813 5.827 5.842 5.855 5.869 5.882 5.894 5.906 5.917 5.928 5.938 5.947 5.956 5.964 5.971 5.977 5.983 5.988 5.992 5.996 5.999 6.001 6.002 6.003 6.004 6.005 6.006 6.008 6.010 6.013 6.016 6.020 6.024 6.029 6.035 6.041 6.048 6.055 6.063 6.071 6.080 6.089 6.098 6.108 6.117
5.196 5.218 5.240 5.262 5.284 5.306 5.327 5.348 5.368 5.389 5.410 5.431 5.451 5.472 5.493 5.513 5.533 5.553 5.573 5.593 5.612 5.631 5.650 5.669 5.687 5.705 5.723 5.740 5.758 5.774 5.790 5.805 5.819 5.834 5.849 5.863 5.877 5.890 5.903 5.915 5.927 5.938 5.949 5.959 5.969 5.978 5.986 5.993 5.999 6.005 6.010 6.015 6.019 6.021 6.022 6.023 6.024 6.025 6.026 6.027 6.028 6.030 6.033 6.035 6.039 6.043 6.048 6.053 6.059 6.065 6.072 6.080 6.088 6.096 6.105 6.114 6.123
5.204 5.226 5.247 5.269 5.290 5.312 5.333 5.354 5.373 5.394 5.415 5.435 5.456 5.477 5.497 5.517 5.537 5.557 5.577 5.597 5.616 5.635 5.654 5.673 5.691 5.709 5.727 5.745 5.762 5.779 5.795 5.810 5.825 5.840 5.855 5.869 5.884 5.897 5.911 5.924 5.936 5.948 5.959 5.970 5.980 5.990 5.999 6.007 6.014 6.021 6.027 6.032 6.037 6.040 6.042 6.043 6.044 6.045 6.046 6.047 6.048 6.049 6.050 6.052 6.055 6.058 6.061 6.066 6.071 6.076 6.082 6.089 6.097 6.104 6.113 6.121 6.129
5.212 5.234 5.255 5.276 5.297 5.318 5.339 5.359 5.379 5.399 5.420 5.440 5.461 5.481 5.501 5.521 5.541 5.561 5.581 5.601 5.620 5.639 5.658 5.677 5.695 5.713 5.731 5.749 5.767 5.784 5.800 5.815 5.830 5.845 5.861 5.875 5.890 5.904 5.918 5.931 5.944 5.956 5.968 5.980 5.990 6.001 6.010 6.019 6.028 6.035 6.042 6.048 6.054 6.058 6.060 6.062 6.064 6.065 6.066 6.067 6.068 6.068 6.069 6.070 6.072 6.074 6.077 6.080 6.084 6.089 6.094 6.100 6.106 6.113 6.121 6.129 6.137
5.221 5.242 5.262 5.283 5.304 5.325 5.346 5.365 5.385 5.405 5.425 5.445 5.465 5.485 5.506 5.526 5.545 5.565 5.585 5.604 5.624 5.643 5.662 5.680 5.699 5.717 5.735 5.753 5.770 5.788 5.804 5.819 5.835 5.850 5.865 5.880 5.895 5.910 5.924 5.937 5.951 5.963 5.976 5.988 5.999 6.010 6.021 6.030 6.039 6.048 6.056 6.063 6.069 6.074 6.077 6.080 6.083 6.084 6.086 6.087 6.088 6.088 6.089 6.089 6.090 6.092 6.093 6.096 6.099 6.102 6.107 6.112 6.117 6.123 6.130 6.138 6.145
5.230 5.250 5.270 5.291 5.311 5.332 5.352 5.371 5.390 5.410 5.430 5.450 5.470 5.490 5.510 5.530 5.549 5.569 5.588 5.608 5.627 5.646 5.665 5.684 5.702 5.720 5.738 5.756 5.774 5.791 5.808 5.823 5.839 5.854 5.870 5.885 5.900 5.915 5.929 5.943 5.957 5.970 5.983 5.995 6.007 6.018 6.029 6.040 6.050 6.059 6.068 6.076 6.083 6.089 6.093 6.097 6.100 6.103 6.105 6.107 6.108 6.108 6.109 6.109 6.110 6.110 6.111 6.113 6.115 6.117 6.121 6.125 6.129 6.135 6.141 6.147 6.154
5.239 5.259 5.279 5.299 5.319 5.339 5.359 5.378 5.396 5.416 5.435 5.455 5.475 5.494 5.514 5.534 5.553 5.573 5.592 5.611 5.630 5.649 5.668 5.687 5.705 5.723 5.742 5.759 5.777 5.795 5.811 5.827 5.842 5.858 5.874 5.889 5.904 5.919 5.934 5.948 5.962 5.975 5.989 6.001 6.014 6.026 6.037 6.048 6.059 6.069 6.078 6.087 6.095 6.102 6.107 6.112 6.116 6.120 6.123 6.125 6.127 6.128 6.129 6.129 6.129 6.130 6.130 6.131 6.132 6.134 6.136 6.139 6.143 6.147 6.152 6.158 6.164
5.249 5.268 5.288 5.307 5.327 5.346 5.366 5.385 5.403 5.422 5.441 5.460 5.480 5.499 5.518 5.538 5.557 5.576 5.595 5.615 5.634 5.652 5.671 5.690 5.708 5.726 5.744 5.762 5.780 5.798 5.814 5.830 5.846 5.861 5.877 5.893 5.908 5.923 5.938 5.952 5.967 5.980 5.994 6.007 6.020 6.032 6.044 6.056 6.067 6.077 6.087 6.097 6.106 6.113 6.119 6.125 6.130 6.135 6.139 6.142 6.145 6.146 6.148 6.148 6.149 6.149 6.149 6.150 6.150 6.151 6.153 6.155 6.157 6.161 6.165 6.170 6.175
5.259 5.278 5.297 5.316 5.335 5.354 5.373 5.392 5.409 5.428 5.447 5.466 5.485 5.504 5.523 5.542 5.561 5.580 5.599 5.618 5.637 5.655 5.674 5.693 5.711 5.729 5.747 5.765 5.783 5.800 5.817 5.833 5.849 5.865 5.880 5.896 5.912 5.927 5.942 5.956 5.971 5.985 5.998 6.012 6.025 6.038 6.050 6.062 6.073 6.085 6.095 6.105 6.115 6.123 6.130 6.137 6.143 6.149 6.154 6.158 6.161 6.164 6.166 6.167 6.168 6.168 6.169 6.169 6.169 6.169 6.170 6.171 6.173 6.176 6.179 6.183 6.187
5.270 5.289 5.307 5.326 5.344 5.363 5.382 5.399 5.417 5.435 5.453 5.472 5.490 5.509 5.528 5.547 5.565 5.584 5.603 5.621 5.640 5.659 5.677 5.695 5.714 5.732 5.750 5.768 5.785 5.803 5.819 5.835 5.851 5.867 5.883 5.899 5.915 5.930 5.945 5.960 5.974 5.989 6.003 6.016 6.030 6.043 6.055 6.068 6.080 6.091 6.102 6.113 6.123 6.132 6.140 6.148 6.154 6.161 6.167 6.172 6.176 6.180 6.183 6.185 6.186 6.187 6.187 6.188 6.188 6.188 6.188 6.189 6.190 6.192 6.194 6.197 6.201
5.282 5.300 5.318 5.336 5.354 5.372 5.390 5.408 5.424 5.442 5.460 5.478 5.496 5.514 5.533 5.551 5.570 5.588 5.606 5.625 5.643 5.662 5.680 5.698 5.716 5.735 5.752 5.770 5.788 5.805 5.822 5.838 5.854 5.870 5.886 5.902 5.917 5.933 5.948 5.963 5.978 5.992 6.006 6.020 6.034 6.047 6.060 6.073 6.085 6.097 6.109 6.120 6.131 6.140 6.149 6.157 6.164 6.172 6.178 6.184 6.190 6.194 6.198 6.201 6.203 6.205 6.206 6.206 6.206 6.207 6.207 6.207 6.208 6.209 6.210 6.213 6.215
5.295 5.313 5.330 5.348 5.365 5.382 5.400 5.417 5.433 5.450 5.467 5.485 5.502 5.520 5.538 5.556 5.574 5.592 5.610 5.629 5.647 5.665 5.683 5.701 5.719 5.737 5.755 5.773 5.790 5.808 5.824 5.840 5.856 5.872 5.888 5.904 5.920 5.936 5.951 5.966 5.981 5.995 6.010 6.024 6.037 6.051 6.064 6.077 6.090 6.102 6.114 6.126 6.137 6.147 6.156 6.165 6.173 6.181 6.189 6.196 6.202 6.207 6.212 6.216 6.219 6.221 6.223 6.224 6.225 6.225 6.225 6.225 6.226 6.226 6.227 6.229 6.230
5.308 5.326 5.343 5.360 5.377 5.393 5.410 5.426 5.442 5.458 5.475 5.492 5.509 5.527 5.544 5.562 5.579 5.597 5.615 5.633 5.650 5.668 5.686 5.704 5.722 5.740 5.758 5.775 5.793 5.810 5.826 5.842 5.858 5.874 5.891 5.907 5.922 5.938 5.953 5.969 5.984 5.998 6.013 6.027 6.041 6.054 6.068 6.081 6.094 6.107 6.119 6.131 6.143 6.153 6.162 6.172 6.181 6.190 6.198 6.205 6.212 6.219 6.224 6.229 6.233 6.236 6.239 6.241 6.242 6.243 6.243 6.243 6.244 6.244 6.245 6.246 6.246
5.322 5.339 5.356 5.373 5.389 5.405 5.422 5.437 5.452 5.468 5.484 5.501 5.517 5.534 5.551 5.568 5.585 5.602 5.619 5.637 5.654 5.672 5.690 5.707 5.725 5.743 5.760 5.778 5.795 5.812 5.829 5.844 5.860 5.877 5.893 5.909 5.925 5.940 5.956 5.971 5.986 6.001 6.015 6.030 6.044 6.058 6.071 6.085 6.098 6.111 6.123 6.136 6.148 6.159 6.168 6.178 6.188 6.197 6.206 6.214 6.222 6.229 6.235 6.241 6.246 6.250 6.253 6.256 6.258 6.259 6.260 6.261 6.261 6.262 6.262 6.263 6.263
5.336 5.353 5.370 5.386 5.402 5.418 5.434 5.449 5.463 5.479 5.494 5.510 5.526 5.542 5.558 5.574 5.591 5.608 5.624 5.641 5.659 5.676 5.693 5.711 5.728 5.745 5.763 5.780 5.797 5.815 5.831 5.846 5.862 5.879 5.895 5.911 5.927 5.942 5.958 5.973 5.988 6.003 6.018 6.032 6.047 6.061 6.075 6.088 6.101 6.115 6.128 6.140 6.152 6.163 6.174 6.184 6.194 6.203 6.213 6.222 6.230 6.238 6.245 6.251 6.257 6.262 6.266 6.270 6.273 6.275 6.276 6.277 6.278 6.279 6.279 6.280 6.279
5.350 5.368 5.384 5.401 5.416 5.432 5.447 5.461 5.475 5.490 5.505 5.520 5.535 5.550 5.566 5.582 5.598 5.614 5.630 5.647 5.663 5.680 5.697 5.714 5.731 5.748 5.766 5.783 5.800 5.817 5.833 5.848 5.864 5.881 5.897 5.913 5.929 5.945 5.960 5.975 5.991 6.006 6.020 6.035 6.049 6.064 6.078 6.091 6.105 6.118 6.131 6.144 6.157 6.168 6.178 6.189 6.199 6.209 6.219 6.229 6.237 6.246 6.254 6.261 6.267 6.273 6.278 6.283 6.286 6.289 6.291 6.293 6.294 6.295 6.296 6.297 6.296
5.365 5.382 5.399 5.415 5.431 5.446 5.461 5.475 5.488 5.503 5.517 5.531 5.546 5.560 5.575 5.590 5.605 5.621 5.636 5.652 5.669 5.685 5.701 5.718 5.735 5.752 5.769 5.786 5.803 5.820 5.835 5.851 5.867 5.883 5.899 5.915 5.931 5.947 5.962 5.978 5.993 6.008 6.023 6.037 6.052 6.066 6.080 6.094 6.108 6.121 6.135 6.148 6.161 6.172 6.182 6.193 6.204 6.215 6.225 6.235 6.244 6.253 6.261 6.269 6.276 6.283 6.289 6.294 6.298 6.302 6.305 6.308 6.310 6.311 6.313 6.313 6.312
