version1/TsunamiDB/out54046.asc
ncols          264
nrows          230
xllcorner      497853.4375
yllcorner      4229146.0000
cellsize         5.
NODATA_value   -99
[rows 160 to 191 of 230, columns 73 to 145 of 264]
3.473 3.665 3.820 3.944 4.047 4.135 4.211 4.279 4.341 4.398 4.452 4.502 4.550 4.596 4.641 4.683 4.725 4.765 4.805 4.843 4.881 4.918 4.954 4.990 5.025 5.060 5.092 5.124 5.156 5.187 5.217 5.247 5.275 5.304 5.331 5.359 5.386 5.413 5.441 5.469 5.498 5.527 5.557 5.588 5.619 5.650 5.683 5.715 5.747 5.777 5.807 5.838 5.867 5.894 5.920 5.944 5.965 5.984 6.001 6.015 6.027 6.038 6.047 6.056 6.066 6.077 6.089 6.104 6.121 6.140 6.162 6.185 6.209
3.554 3.731 3.874 3.989 4.086 4.170 4.243 4.309 4.370 4.426 4.479 4.529 4.577 4.622 4.666 4.708 4.749 4.789 4.828 4.866 4.903 4.940 4.976 5.012 5.047 5.081 5.113 5.145 5.177 5.207 5.237 5.266 5.295 5.322 5.349 5.376 5.402 5.428 5.454 5.480 5.507 5.535 5.564 5.593 5.623 5.654 5.686 5.718 5.750 5.781 5.811 5.842 5.872 5.901 5.928 5.954 5.977 5.999 6.017 6.034 6.047 6.059 6.069 6.079 6.088 6.098 6.109 6.122 6.137 6.154 6.174 6.196 6.219
3.628 3.791 3.923 4.031 4.123 4.203 4.274 4.339 4.398 4.454 4.506 4.555 4.602 4.647 4.690 4.732 4.773 4.812 4.850 4.888 4.925 4.962 4.998 5.033 5.068 5.102 5.134 5.166 5.198 5.228 5.258 5.287 5.315 5.342 5.368 5.394 5.419 5.444 5.468 5.493 5.519 5.545 5.571 5.599 5.628 5.658 5.689 5.720 5.752 5.783 5.814 5.845 5.876 5.906 5.934 5.961 5.987 6.010 6.031 6.049 6.065 6.078 6.090 6.100 6.110 6.119 6.130 6.141 6.155 6.171 6.189 6.210 6.231
3.695 3.845 3.968 4.069 4.157 4.234 4.303 4.367 4.426 4.480 4.532 4.581 4.627 4.672 4.714 4.756 4.796 4.835 4.873 4.910 4.947 4.983 5.019 5.054 5.089 5.123 5.155 5.187 5.218 5.249 5.279 5.308 5.336 5.362 5.388 5.414 5.438 5.462 5.485 5.508 5.532 5.556 5.581 5.607 5.635 5.663 5.692 5.723 5.754 5.785 5.815 5.847 5.878 5.909 5.938 5.967 5.993 6.018 6.041 6.061 6.079 6.095 6.108 6.120 6.131 6.141 6.151 6.162 6.175 6.189 6.206 6.226 6.246
3.756 3.895 4.009 4.105 4.188 4.263 4.331 4.394 4.452 4.506 4.557 4.605 4.651 4.695 4.738 4.779 4.818 4.857 4.894 4.931 4.968 5.004 5.039 5.075 5.109 5.143 5.175 5.207 5.239 5.269 5.299 5.328 5.356 5.383 5.409 5.434 5.458 5.481 5.504 5.526 5.548 5.570 5.593 5.617 5.643 5.669 5.697 5.726 5.756 5.786 5.817 5.848 5.880 5.911 5.941 5.970 5.998 6.024 6.049 6.071 6.091 6.109 6.124 6.138 6.150 6.161 6.172 6.183 6.196 6.210 6.226 6.244 6.263
3.812 3.940 4.047 4.138 4.218 4.291 4.358 4.419 4.477 4.530 4.581 4.629 4.675 4.718 4.760 4.801 4.840 4.878 4.916 4.952 4.989 5.024 5.060 5.094 5.129 5.163 5.195 5.226 5.258 5.289 5.320 5.349 5.377 5.405 5.431 5.456 5.480 5.502 5.524 5.545 5.566 5.587 5.608 5.630 5.653 5.678 5.703 5.731 5.759 5.788 5.818 5.849 5.880 5.912 5.942 5.972 6.001 6.029 6.054 6.078 6.100 6.120 6.137 6.153 6.167 6.180 6.192 6.204 6.217 6.231 6.246 6.264 6.282
3.863 3.982 4.082 4.169 4.246 4.318 4.383 4.444 4.500 4.554 4.604 4.652 4.697 4.741 4.782 4.823 4.861 4.899 4.936 4.973 5.009 5.044 5.079 5.114 5.148 5.182 5.214 5.246 5.277 5.309 5.339 5.369 5.398 5.425 5.452 5.477 5.501 5.524 5.546 5.567 5.587 5.606 5.626 5.646 5.667 5.689 5.712 5.737 5.764 5.792 5.820 5.850 5.881 5.912 5.943 5.973 6.003 6.031 6.058 6.084 6.107 6.129 6.148 6.166 6.182 6.197 6.211 6.224 6.238 6.252 6.267 6.285 6.303
3.910 4.020 4.115 4.198 4.273 4.342 4.407 4.467 4.523 4.576 4.626 4.674 4.719 4.762 4.804 4.844 4.882 4.920 4.957 4.993 5.029 5.064 5.099 5.133 5.167 5.200 5.232 5.264 5.296 5.327 5.358 5.388 5.417 5.446 5.473 5.499 5.523 5.546 5.568 5.589 5.609 5.628 5.646 5.664 5.683 5.703 5.724 5.747 5.771 5.797 5.823 5.852 5.882 5.913 5.944 5.974 6.004 6.033 6.061 6.088 6.113 6.136 6.158 6.177 6.195 6.212 6.228 6.243 6.258 6.273 6.289 6.306 6.324
3.952 4.055 4.145 4.225 4.298 4.366 4.429 4.489 4.545 4.597 4.647 4.695 4.740 4.783 4.824 4.864 4.903 4.940 4.977 5.013 5.048 5.083 5.117 5.151 5.185 5.218 5.250 5.282 5.314 5.345 5.376 5.407 5.436 5.465 5.493 5.519 5.545 5.569 5.591 5.612 5.632 5.651 5.668 5.686 5.703 5.720 5.739 5.759 5.781 5.804 5.829 5.856 5.885 5.914 5.945 5.975 6.005 6.035 6.064 6.091 6.118 6.142 6.165 6.187 6.207 6.225 6.243 6.260 6.276 6.293 6.310 6.328 6.346
3.991 4.088 4.173 4.250 4.321 4.388 4.450 4.509 4.565 4.618 4.668 4.715 4.760 4.803 4.844 4.884 4.922 4.960 4.996 5.032 5.067 5.102 5.136 5.169 5.203 5.236 5.268 5.299 5.331 5.363 5.394 5.424 5.454 5.484 5.512 5.539 5.565 5.590 5.614 5.635 5.656 5.675 5.692 5.709 5.725 5.741 5.758 5.775 5.795 5.815 5.837 5.862 5.889 5.917 5.946 5.976 6.006 6.036 6.066 6.094 6.121 6.147 6.172 6.195 6.217 6.237 6.257 6.275 6.294 6.312 6.330 6.349 6.368
4.027 4.118 4.200 4.274 4.343 4.409 4.470 4.529 4.584 4.637 4.687 4.734 4.779 4.822 4.863 4.903 4.942 4.979 5.015 5.051 5.086 5.120 5.154 5.187 5.220 5.253 5.284 5.316 5.348 5.379 5.410 5.441 5.472 5.501 5.530 5.558 5.585 5.611 5.635 5.658 5.679 5.699 5.717 5.734 5.749 5.764 5.779 5.795 5.812 5.829 5.849 5.871 5.896 5.922 5.950 5.979 6.008 6.038 6.068 6.097 6.125 6.152 6.178 6.202 6.226 6.248 6.269 6.290 6.309 6.329 6.349 6.369 6.388
4.061 4.147 4.225 4.296 4.364 4.428 4.489 4.547 4.602 4.655 4.705 4.752 4.797 4.841 4.882 4.922 4.960 4.998 5.034 5.069 5.104 5.138 5.172 5.205 5.237 5.270 5.301 5.332 5.364 5.395 5.426 5.457 5.488 5.518 5.547 5.576 5.604 5.630 5.656 5.680 5.702 5.723 5.742 5.759 5.775 5.790 5.804 5.818 5.832 5.847 5.864 5.884 5.906 5.930 5.956 5.983 6.012 6.041 6.070 6.100 6.128 6.156 6.183 6.209 6.234 6.258 6.281 6.303 6.324 6.345 6.366 6.387 6.408
4.092 4.173 4.248 4.318 4.384 4.447 4.507 4.565 4.619 4.672 4.722 4.769 4.815 4.858 4.900 4.940 4.979 5.016 5.052 5.088 5.122 5.156 5.189 5.222 5.254 5.286 5.317 5.348 5.379 5.411 5.442 5.473 5.503 5.534 5.564 5.593 5.621 5.649 5.675 5.700 5.724 5.746 5.766 5.784 5.801 5.816 5.830 5.843 5.856 5.869 5.884 5.901 5.920 5.941 5.965 5.990 6.017 6.046 6.074 6.103 6.132 6.161 6.189 6.216 6.242 6.267 6.291 6.315 6.338 6.360 6.383 6.405 6.427
4.121 4.199 4.271 4.338 4.403 4.465 4.524 4.581 4.635 4.688 4.738 4.785 4.831 4.875 4.917 4.958 4.997 5.034 5.070 5.106 5.140 5.173 5.206 5.238 5.270 5.302 5.332 5.363 5.394 5.426 5.457 5.488 5.518 5.549 5.579 5.609 5.638 5.666 5.693 5.719 5.744 5.768 5.789 5.809 5.827 5.843 5.858 5.871 5.883 5.894 5.907 5.921 5.938 5.956 5.977 6.000 6.026 6.052 6.080 6.109 6.137 6.166 6.194 6.222 6.249 6.276 6.301 6.326 6.351 6.375 6.399 6.422 6.444
4.149 4.223 4.292 4.357 4.420 4.481 4.540 4.596 4.650 4.702 4.753 4.801 4.847 4.891 4.934 4.975 5.014 5.052 5.088 5.123 5.157 5.191 5.223 5.255 5.286 5.317 5.347 5.378 5.409 5.440 5.471 5.502 5.532 5.563 5.593 5.623 5.653 5.682 5.710 5.737 5.763 5.788 5.811 5.832 5.852 5.869 5.885 5.899 5.911 5.921 5.933 5.946 5.959 5.975 5.994 6.014 6.037 6.062 6.088 6.116 6.144 6.172 6.201 6.229 6.257 6.284 6.311 6.337 6.363 6.388 6.413 6.437 6.461
4.175 4.246 4.312 4.376 4.437 4.497 4.554 4.610 4.664 4.716 4.767 4.815 4.862 4.907 4.950 4.991 5.031 5.069 5.105 5.140 5.174 5.207 5.240 5.271 5.303 5.333 5.362 5.393 5.423 5.454 5.485 5.515 5.546 5.577 5.607 5.637 5.667 5.697 5.726 5.754 5.781 5.807 5.831 5.854 5.875 5.894 5.912 5.927 5.939 5.950 5.961 5.973 5.985 5.998 6.014 6.032 6.052 6.074 6.099 6.125 6.152 6.180 6.209 6.237 6.265 6.293 6.321 6.348 6.375 6.401 6.427 6.452 6.477
4.200 4.268 4.332 4.393 4.454 4.512 4.568 4.623 4.677 4.729 4.780 4.829 4.876 4.921 4.965 5.007 5.047 5.085 5.122 5.157 5.191 5.224 5.256 5.287 5.318 5.348 5.377 5.407 5.437 5.468 5.498 5.528 5.559 5.589 5.620 5.650 5.681 5.710 5.740 5.769 5.797 5.824 5.850 5.874 5.897 5.918 5.937 5.954 5.968 5.980 5.991 6.002 6.013 6.025 6.038 6.053 6.071 6.091 6.113 6.137 6.163 6.190 6.218 6.246 6.275 6.303 6.331 6.359 6.387 6.414 6.441 6.467 6.492
4.224 4.290 4.351 4.411 4.469 4.526 4.582 4.636 4.689 4.741 4.792 4.841 4.889 4.935 4.979 5.022 5.062 5.101 5.138 5.174 5.208 5.240 5.272 5.303 5.334 5.363 5.392 5.421 5.451 5.481 5.511 5.541 5.571 5.602 5.632 5.663 5.693 5.723 5.753 5.782 5.811 5.839 5.866 5.892 5.917 5.939 5.960 5.979 5.995 6.008 6.021 6.032 6.043 6.054 6.066 6.079 6.094 6.111 6.131 6.153 6.177 6.202 6.229 6.257 6.285 6.314 6.342 6.370 6.399 6.427 6.454 6.481 6.508
4.247 4.310 4.369 4.427 4.484 4.540 4.594 4.648 4.701 4.752 4.803 4.853 4.901 4.948 4.993 5.036 5.077 5.116 5.153 5.189 5.223 5.256 5.288 5.319 5.349 5.378 5.406 5.435 5.465 5.494 5.523 5.553 5.583 5.613 5.643 5.674 5.704 5.735 5.765 5.795 5.825 5.853 5.881 5.909 5.934 5.959 5.981 6.002 6.020 6.035 6.050 6.063 6.074 6.085 6.096 6.107 6.120 6.135 6.153 6.172 6.194 6.218 6.243 6.270 6.297 6.326 6.354 6.383 6.411 6.440 6.469 6.496 6.523
4.270 4.330 4.387 4.443 4.499 4.553 4.606 4.659 4.712 4.763 4.814 4.864 4.913 4.960 5.005 5.048 5.090 5.130 5.168 5.204 5.239 5.272 5.304 5.335 5.365 5.393 5.421 5.450 5.478 5.507 5.536 5.565 5.594 5.624 5.654 5.685 5.715 5.746 5.776 5.806 5.837 5.866 5.895 5.923 5.950 5.976 6.001 6.024 6.043 6.061 6.077 6.092 6.104 6.116 6.127 6.138 6.150 6.163 6.178 6.195 6.215 6.236 6.260 6.285 6.312 6.339 6.368 6.396 6.425 6.454 6.483 6.511 6.539
4.291 4.349 4.405 4.459 4.513 4.566 4.619 4.671 4.723 4.774 4.825 4.874 4.923 4.970 5.016 5.060 5.102 5.143 5.181 5.218 5.253 5.287 5.319 5.350 5.380 5.408 5.436 5.464 5.492 5.520 5.548 5.576 5.605 5.635 5.664 5.694 5.725 5.755 5.786 5.817 5.847 5.877 5.907 5.936 5.965 5.992 6.018 6.043 6.064 6.084 6.102 6.119 6.134 6.146 6.158 6.169 6.181 6.193 6.206 6.221 6.239 6.258 6.280 6.303 6.329 6.355 6.383 6.411 6.440 6.469 6.498 6.527 6.554
4.311 4.368 4.422 4.474 4.527 4.579 4.631 4.682 4.734 4.784 4.835 4.884 4.932 4.980 5.026 5.070 5.113 5.154 5.193 5.231 5.267 5.301 5.334 5.365 5.395 5.423 5.450 5.478 5.505 5.533 5.560 5.588 5.616 5.645 5.674 5.704 5.734 5.764 5.795 5.826 5.857 5.888 5.918 5.948 5.977 6.006 6.033 6.060 6.083 6.105 6.125 6.144 6.161 6.175 6.189 6.201 6.212 6.224 6.236 6.250 6.265 6.283 6.303 6.324 6.348 6.374 6.400 6.428 6.456 6.485 6.515 6.543 6.571
4.331 4.386 4.438 4.490 4.542 4.593 4.644 4.695 4.745 4.795 4.844 4.893 4.941 4.988 5.034 5.079 5.122 5.164 5.204 5.242 5.279 5.314 5.348 5.379 5.410 5.438 5.465 5.492 5.519 5.546 5.572 5.599 5.627 5.655 5.683 5.713 5.742 5.773 5.803 5.834 5.865 5.897 5.928 5.958 5.989 6.018 6.047 6.075 6.100 6.124 6.146 6.167 6.186 6.203 6.217 6.231 6.243 6.255 6.267 6.280 6.294 6.310 6.328 6.348 6.370 6.394 6.420 6.447 6.474 6.503 6.532 6.560 6.588
4.351 4.404 4.455 4.506 4.557 4.607 4.657 4.707 4.756 4.805 4.854 4.902 4.949 4.996 5.041 5.086 5.130 5.172 5.213 5.252 5.290 5.326 5.360 5.393 5.424 5.452 5.479 5.507 5.533 5.559 5.585 5.611 5.638 5.665 5.692 5.721 5.750 5.780 5.811 5.842 5.873 5.904 5.936 5.967 5.998 6.029 6.059 6.088 6.115 6.140 6.165 6.187 6.208 6.227 6.244 6.259 6.273 6.286 6.298 6.311 6.324 6.339 6.356 6.374 6.394 6.417 6.441 6.467 6.494 6.522 6.551 6.579 6.606
4.370 4.422 4.472 4.522 4.572 4.622 4.671 4.720 4.768 4.816 4.863 4.910 4.957 5.003 5.048 5.093 5.136 5.179 5.221 5.261 5.299 5.336 5.371 5.405 5.436 5.465 5.493 5.520 5.547 5.572 5.598 5.623 5.649 5.675 5.702 5.729 5.758 5.787 5.817 5.848 5.879 5.911 5.943 5.975 6.007 6.038 6.069 6.099 6.128 6.155 6.181 6.206 6.228 6.249 6.268 6.285 6.301 6.315 6.328 6.341 6.354 6.368 6.384 6.401 6.420 6.441 6.465 6.489 6.515 6.543 6.571 6.598 6.626
4.389 4.441 4.490 4.539 4.589 4.637 4.685 4.733 4.780 4.827 4.873 4.919 4.964 5.009 5.054 5.098 5.142 5.185 5.227 5.267 5.306 5.344 5.380 5.415 5.448 5.478 5.506 5.534 5.560 5.586 5.611 5.635 5.660 5.685 5.711 5.737 5.765 5.794 5.823 5.854 5.885 5.917 5.949 5.981 6.014 6.046 6.078 6.109 6.139 6.167 6.195 6.221 6.246 6.269 6.290 6.309 6.326 6.341 6.356 6.370 6.383 6.397 6.412 6.429 6.447 6.467 6.489 6.513 6.538 6.565 6.592 6.619 6.646
4.409 4.460 4.508 4.557 4.605 4.653 4.700 4.746 4.792 4.837 4.882 4.927 4.972 5.016 5.060 5.104 5.147 5.190 5.231 5.272 5.312 5.351 5.388 5.423 5.457 5.488 5.518 5.546 5.573 5.599 5.624 5.648 5.672 5.696 5.720 5.746 5.772 5.800 5.829 5.859 5.890 5.922 5.954 5.987 6.020 6.053 6.085 6.118 6.148 6.178 6.207 6.235 6.261 6.286 6.308 6.329 6.348 6.365 6.381 6.396 6.411 6.425 6.440 6.456 6.474 6.493 6.514 6.537 6.562 6.588 6.615 6.641 6.668
4.430 4.479 4.527 4.575 4.622 4.669 4.715 4.760 4.804 4.849 4.892 4.936 4.979 5.023 5.066 5.109 5.151 5.193 5.235 5.276 5.316 5.355 5.393 5.430 5.465 5.497 5.527 5.557 5.585 5.611 5.636 5.660 5.683 5.707 5.730 5.755 5.780 5.807 5.835 5.864 5.894 5.926 5.958 5.991 6.024 6.058 6.091 6.124 6.156 6.187 6.217 6.247 6.274 6.300 6.325 6.347 6.367 6.386 6.404 6.420 6.435 6.450 6.466 6.482 6.500 6.519 6.540 6.562 6.586 6.612 6.638 6.664 6.690
4.451 4.500 4.547 4.593 4.640 4.685 4.730 4.774 4.817 4.860 4.903 4.945 4.988 5.030 5.072 5.114 5.156 5.197 5.238 5.279 5.319 5.359 5.397 5.434 5.470 5.503 5.535 5.566 5.595 5.622 5.647 5.672 5.695 5.718 5.741 5.764 5.788 5.813 5.840 5.868 5.898 5.929 5.961 5.994 6.028 6.062 6.096 6.130 6.162 6.194 6.225 6.256 6.285 6.312 6.338 6.362 6.384 6.404 6.423 6.441 6.457 6.473 6.490 6.506 6.524 6.543 6.564 6.587 6.611 6.636 6.662 6.688 6.714
4.473 4.521 4.567 4.612 4.657 4.702 4.745 4.788 4.830 4.872 4.914 4.955 4.996 5.037 5.078 5.119 5.160 5.201 5.241 5.281 5.321 5.361 5.399 5.437 5.473 5.508 5.540 5.572 5.603 5.631 5.657 5.682 5.706 5.729 5.751 5.773 5.796 5.820 5.846 5.873 5.902 5.932 5.964 5.997 6.030 6.065 6.099 6.133 6.166 6.199 6.232 6.263 6.293 6.322 6.349 6.374 6.398 6.419 6.439 6.458 6.476 6.493 6.511 6.528 6.547 6.566 6.587 6.610 6.634 6.660 6.685 6.711 6.738
4.495 4.542 4.587 4.631 4.675 4.718 4.761 4.803 4.844 4.885 4.925 4.966 5.006 5.046 5.085 5.125 5.165 5.204 5.244 5.283 5.323 5.362 5.400 5.438 5.475 5.510 5.544 5.577 5.608 5.638 5.665 5.691 5.716 5.739 5.761 5.783 5.805 5.828 5.852 5.878 5.906 5.935 5.966 5.998 6.032 6.066 6.101 6.136 6.169 6.203 6.236 6.268 6.300 6.329 6.357 6.384 6.408 6.431 6.453 6.473 6.492 6.510 6.529 6.547 6.566 6.587 6.608 6.631 6.656 6.682 6.708 6.735 6.762
4.518 4.564 4.607 4.651 4.694 4.736 4.777 4.818 4.858 4.898 4.938 4.977 5.015 5.054 5.093 5.131 5.170 5.208 5.247 5.286 5.324 5.363 5.401 5.438 5.475 5.510 5.545 5.579 5.612 5.642 5.671 5.698 5.724 5.748 5.770 5.792 5.814 5.836 5.859 5.883 5.909 5.938 5.968 5.999 6.032 6.067 6.101 6.136 6.169 6.204 6.238 6.271 6.303 6.334 6.363 6.390 6.416 6.440 6.463 6.484 6.505 6.525 6.544 6.564 6.584 6.605 6.627 6.651 6.676 6.703 6.730 6.756 6.784
