version1/TsunamiDB/out54101.asc
ncols          264
nrows          230
xllcorner      497853.4375
yllcorner      4229146.0000
cellsize         5.
NODATA_value   -99
[rows 0 to 33 of 230, columns 0 to 76 of 264]
-99.000 -99.000 -99.000 -99.000 -99.000 -99.000 -99.000 -99.000 -99.000 -99.000 -99.000 -99.000 -99.000 -99.000 -99.000 -99.000 -99.000 -99.000 -99.000 -99.000 -99.000 -99.000 -99.000 -99.000 -99.000 -99.000 -99.000 -99.000 -99.000 -99.000 -99.000 1.650 1.653 1.692 1.819 2.035 2.304 2.585 2.842 3.057 3.230 3.366 3.475 3.567 3.646 3.717 3.783 3.844 3.902 3.957 4.010 4.060 4.108 4.153 4.198 4.240 4.282 4.321 4.360 4.398 4.434 4.470 4.504 4.536 4.569 4.601 4.633 4.664 4.695 4.725 4.754 4.783 4.812 4.840 4.867 4.895 4.921
-99.000 -99.000 -99.000 -99.000 -99.000 -99.000 -99.000 -99.000 -99.000 -99.000 -99.000 -99.000 -99.000 -99.000 -99.000 -99.000 -99.000 -99.000 -99.000 -99.000 -99.000 -99.000 -99.000 -99.000 -99.000 -99.000 -99.000 -99.000 -99.000 -99.000 -99.000 1.650 1.664 1.742 1.916 2.163 2.442 2.715 2.953 3.146 3.299 3.421 3.521 3.606 3.681 3.749 3.813 3.872 3.929 3.983 4.034 4.083 4.131 4.176 4.220 4.262 4.303 4.342 4.380 4.417 4.453 4.489 4.522 4.554 4.587 4.619 4.650 4.681 4.711 4.741 4.770 4.799 4.828 4.856 4.883 4.910 4.937
-99.000 -99.000 -99.000 -99.000 -99.000 -99.000 -99.000 -99.000 -99.000 -99.000 -99.000 -99.000 -99.000 -99.000 -99.000 -99.000 -99.000 -99.000 -99.000 -99.000 -99.000 -99.000 -99.000 -99.000 -99.000 -99.000 -99.000 -99.000 -99.000 -99.000 1.650 1.653 1.690 1.816 2.030 2.298 2.579 2.837 3.053 3.225 3.361 3.471 3.562 3.642 3.713 3.779 3.841 3.899 3.955 4.007 4.058 4.106 4.153 4.198 4.241 4.283 4.323 4.362 4.400 4.436 4.472 4.507 4.540 4.572 4.604 4.636 4.667 4.698 4.728 4.757 4.786 4.815 4.843 4.871 4.898 4.925 4.952
-99.000 -99.000 -99.000 -99.000 -99.000 -99.000 -99.000 -99.000 -99.000 -99.000 -99.000 -99.000 -99.000 -99.000 -99.000 -99.000 -99.000 -99.000 -99.000 -99.000 -99.000 -99.000 -99.000 -99.000 -99.000 -99.000 -99.000 -99.000 -99.000 -99.000 1.650 1.663 1.739 1.911 2.158 2.437 2.709 2.948 3.143 3.295 3.416 3.516 3.601 3.676 3.744 3.808 3.868 3.925 3.979 4.031 4.081 4.128 4.174 4.219 4.261 4.302 4.342 4.381 4.418 4.455 4.490 4.524 4.557 4.589 4.621 4.652 4.683 4.713 4.743 4.772 4.801 4.830 4.858 4.885 4.913 4.940 4.966
-99.000 -99.000 -99.000 -99.000 -99.000 -99.000 -99.000 -99.000 -99.000 -99.000 -99.000 -99.000 -99.000 -99.000 -99.000 -99.000 -99.000 -99.000 -99.000 -99.000 -99.000 -99.000 -99.000 -99.000 -99.000 -99.000 -99.000 -99.000 -99.000 1.650 1.653 1.689 1.812 2.025 2.293 2.573 2.831 3.048 3.222 3.357 3.466 3.557 3.637 3.708 3.774 3.836 3.894 3.949 4.003 4.054 4.103 4.150 4.195 4.239 4.281 4.322 4.361 4.399 4.436 4.472 4.507 4.542 4.574 4.605 4.637 4.668 4.699 4.729 4.758 4.787 4.816 4.844 4.872 4.899 4.926 4.953 4.980
-99.000 -99.000 -99.000 -99.000 -99.000 -99.000 -99.000 -99.000 -99.000 -99.000 -99.000 -99.000 -99.000 -99.000 -99.000 -99.000 -99.000 -99.000 -99.000 -99.000 -99.000 -99.000 -99.000 -99.000 -99.000 -99.000 -99.000 -99.000 -99.000 1.650 1.663 1.737 1.907 2.153 2.431 2.704 2.943 3.138 3.291 3.412 3.511 3.596 3.670 3.739 3.802 3.862 3.919 3.973 4.025 4.075 4.124 4.170 4.215 4.258 4.300 4.340 4.379 4.417 4.454 4.489 4.524 4.558 4.590 4.621 4.653 4.684 4.714 4.743 4.773 4.801 4.830 4.858 4.885 4.913 4.940 4.966 4.992
-99.000 -99.000 -99.000 -99.000 -99.000 -99.000 -99.000 -99.000 -99.000 -99.000 -99.000 -99.000 -99.000 -99.000 -99.000 -99.000 -99.000 -99.000 -99.000 -99.000 -99.000 -99.000 -99.000 -99.000 -99.000 -99.000 -99.000 -99.000 1.650 1.653 1.687 1.809 2.021 2.288 2.568 2.826 3.043 3.217 3.353 3.462 3.552 3.631 3.702 3.767 3.829 3.887 3.943 3.996 4.047 4.096 4.144 4.190 4.234 4.277 4.318 4.358 4.396 4.434 4.470 4.506 4.540 4.574 4.606 4.637 4.668 4.698 4.728 4.758 4.787 4.815 4.843 4.871 4.898 4.925 4.952 4.979 5.005
-99.000 -99.000 -99.000 -99.000 -99.000 -99.000 -99.000 -99.000 -99.000 -99.000 -99.000 -99.000 -99.000 -99.000 -99.000 -99.000 -99.000 -99.000 -99.000 -99.000 -99.000 -99.000 -99.000 -99.000 -99.000 -99.000 -99.000 -99.000 1.650 1.662 1.734 1.903 2.147 2.425 2.698 2.938 3.133 3.287 3.408 3.507 3.590 3.664 3.732 3.795 3.855 3.911 3.966 4.018 4.068 4.116 4.163 4.208 4.252 4.294 4.335 4.375 4.413 4.450 4.487 4.522 4.556 4.589 4.621 4.651 4.682 4.713 4.742 4.772 4.800 4.828 4.856 4.884 4.911 4.938 4.964 4.990 5.016
-99.000 -99.000 -99.000 -99.000 -99.000 -99.000 -99.000 -99.000 -99.000 -99.000 -99.000 -99.000 -99.000 -99.000 -99.000 -99.000 -99.000 -99.000 -99.000 -99.000 -99.000 -99.000 -99.000 -99.000 -99.000 -99.000 -99.000 1.650 1.652 1.686 1.805 2.015 2.281 2.561 2.820 3.038 3.212 3.348 3.458 3.548 3.625 3.696 3.761 3.822 3.879 3.935 3.988 4.039 4.088 4.136 4.182 4.226 4.270 4.312 4.352 4.391 4.429 4.466 4.502 4.537 4.571 4.604 4.635 4.666 4.696 4.726 4.756 4.785 4.813 4.841 4.869 4.896 4.923 4.950 4.976 5.002 5.028
-99.000 -99.000 -99.000 -99.000 -99.000 -99.000 -99.000 -99.000 -99.000 -99.000 -99.000 -99.000 -99.000 -99.000 -99.000 -99.000 -99.000 -99.000 -99.000 -99.000 -99.000 -99.000 -99.000 -99.000 -99.000 -99.000 -99.000 1.650 1.661 1.731 1.897 2.139 2.417 2.691 2.931 3.127 3.282 3.403 3.502 3.585 3.659 3.726 3.788 3.847 3.903 3.957 4.009 4.059 4.108 4.155 4.200 4.244 4.287 4.328 4.368 4.407 4.445 4.482 4.517 4.552 4.585 4.618 4.649 4.680 4.710 4.740 4.769 4.798 4.826 4.854 4.881 4.908 4.935 4.961 4.987 5.013 5.038
-99.000 -99.000 -99.000 -99.000 -99.000 -99.000 -99.000 -99.000 -99.000 -99.000 -99.000 -99.000 -99.000 -99.000 -99.000 -99.000 -99.000 -99.000 -99.000 -99.000 -99.000 -99.000 -99.000 -99.000 -99.000 -99.000 1.650 1.652 1.684 1.800 2.007 2.272 2.552 2.812 3.031 3.206 3.343 3.453 3.543 3.621 3.690 3.754 3.815 3.872 3.927 3.979 4.030 4.079 4.127 4.173 4.217 4.261 4.303 4.344 4.384 4.422 4.460 4.496 4.532 4.566 4.599 4.632 4.663 4.693 4.723 4.753 4.782 4.810 4.838 4.866 4.893 4.920 4.946 4.972 4.998 5.023 5.049
-99.000 -99.000 -99.000 -99.000 -99.000 -99.000 -99.000 -99.000 -99.000 -99.000 -99.000 -99.000 -99.000 -99.000 -99.000 -99.000 -99.000 -99.000 -99.000 -99.000 -99.000 -99.000 -99.000 -99.000 -99.000 -99.000 1.650 1.660 1.727 1.890 2.130 2.407 2.682 2.923 3.121 3.276 3.398 3.498 3.581 3.654 3.720 3.782 3.840 3.896 3.949 4.001 4.050 4.098 4.145 4.190 4.234 4.277 4.319 4.360 4.399 4.437 4.474 4.511 4.546 4.580 4.613 4.645 4.676 4.706 4.736 4.765 4.794 4.822 4.850 4.878 4.904 4.931 4.957 4.983 5.008 5.034 5.059
-99.000 -99.000 -99.000 -99.000 -99.000 -99.000 -99.000 -99.000 -99.000 -99.000 -99.000 -99.000 -99.000 -99.000 -99.000 -99.000 -99.000 -99.000 -99.000 -99.000 -99.000 -99.000 -99.000 -99.000 -99.000 1.650 1.652 1.681 1.793 1.997 2.261 2.541 2.802 3.023 3.200 3.338 3.448 3.539 3.617 3.685 3.749 3.809 3.865 3.919 3.971 4.022 4.070 4.117 4.163 4.208 4.251 4.293 4.335 4.375 4.414 4.452 4.489 4.524 4.559 4.593 4.626 4.658 4.689 4.719 4.749 4.778 4.806 4.834 4.862 4.889 4.916 4.942 4.968 4.993 5.019 5.044 5.069
-99.000 -99.000 -99.000 -99.000 -99.000 -99.000 -99.000 -99.000 -99.000 -99.000 -99.000 -99.000 -99.000 -99.000 -99.000 -99.000 -99.000 -99.000 -99.000 -99.000 -99.000 -99.000 -99.000 -99.000 -99.000 1.650 1.659 1.722 1.880 2.118 2.395 2.670 2.913 3.113 3.270 3.393 3.493 3.577 3.650 3.716 3.777 3.834 3.889 3.942 3.993 4.042 4.090 4.136 4.181 4.225 4.267 4.309 4.350 4.389 4.428 4.466 4.502 4.538 4.573 4.606 4.639 4.671 4.701 4.731 4.761 4.790 4.818 4.846 4.873 4.900 4.927 4.953 4.978 5.004 5.029 5.054 5.078
-99.000 -99.000 -99.000 -99.000 -99.000 -99.000 -99.000 -99.000 -99.000 -99.000 -99.000 -99.000 -99.000 -99.000 -99.000 -99.000 -99.000 -99.000 -99.000 -99.000 -99.000 -99.000 -99.000 -99.000 -99.000 1.652 1.678 1.785 1.985 2.247 2.527 2.790 3.014 3.192 3.332 3.443 3.534 3.612 3.682 3.744 3.803 3.860 3.913 3.965 4.014 4.062 4.109 4.154 4.198 4.241 4.283 4.324 4.365 4.404 4.442 4.479 4.515 4.551 4.585 4.619 4.652 4.683 4.713 4.743 4.772 4.801 4.830 4.857 4.884 4.911 4.937 4.963 4.989 5.014 5.039 5.063 5.087
-99.000 -99.000 -99.000 -99.000 -99.000 -99.000 -99.000 -99.000 -99.000 -99.000 -99.000 -99.000 -99.000 -99.000 -99.000 -99.000 -99.000 -99.000 -99.000 -99.000 -99.000 -99.000 -99.000 -99.000 1.650 1.658 1.716 1.869 2.103 2.379 2.655 2.901 3.103 3.263 3.387 3.488 3.572 3.646 3.712 3.772 3.830 3.884 3.937 3.987 4.035 4.082 4.128 4.172 4.216 4.258 4.299 4.340 4.379 4.418 4.456 4.493 4.529 4.564 4.598 4.631 4.664 4.695 4.725 4.755 4.784 4.813 4.841 4.868 4.895 4.922 4.948 4.973 4.999 5.024 5.048 5.073 5.097
-99.000 -99.000 -99.000 -99.000 -99.000 -99.000 -99.000 -99.000 -99.000 -99.000 -99.000 -99.000 -99.000 -99.000 -99.000 -99.000 -99.000 -99.000 -99.000 -99.000 -99.000 -99.000 -99.000 -99.000 1.651 1.675 1.776 1.971 2.230 2.511 2.776 3.002 3.183 3.325 3.438 3.530 3.609 3.678 3.741 3.799 3.856 3.909 3.960 4.009 4.056 4.102 4.147 4.190 4.233 4.274 4.315 4.355 4.394 4.432 4.469 4.506 4.541 4.576 4.610 4.644 4.676 4.707 4.736 4.766 4.795 4.824 4.852 4.879 4.906 4.932 4.958 4.984 5.009 5.033 5.058 5.082 5.106
-99.000 -99.000 -99.000 -99.000 -99.000 -99.000 -99.000 -99.000 -99.000 -99.000 -99.000 -99.000 -99.000 -99.000 -99.000 -99.000 -99.000 -99.000 -99.000 -99.000 -99.000 -99.000 -99.000 1.650 1.656 1.709 1.856 2.086 2.360 2.638 2.887 3.092 3.254 3.381 3.483 3.568 3.642 3.709 3.769 3.826 3.881 3.933 3.982 4.030 4.077 4.122 4.166 4.208 4.250 4.291 4.331 4.370 4.408 4.446 4.483 4.519 4.554 4.589 4.623 4.656 4.688 4.718 4.748 4.777 4.806 4.835 4.863 4.890 4.916 4.943 4.968 4.994 5.018 5.043 5.067 5.091 5.115
-99.000 -99.000 -99.000 -99.000 -99.000 -99.000 -99.000 -99.000 -99.000 -99.000 -99.000 -99.000 -99.000 -99.000 -99.000 -99.000 -99.000 -99.000 -99.000 -99.000 -99.000 -99.000 -99.000 1.651 1.671 1.765 1.954 2.210 2.491 2.758 2.988 3.172 3.317 3.432 3.525 3.604 3.675 3.739 3.797 3.852 3.905 3.956 4.005 4.052 4.097 4.142 4.185 4.226 4.267 4.307 4.347 4.385 4.423 4.460 4.496 4.532 4.567 4.601 4.635 4.667 4.699 4.730 4.759 4.788 4.817 4.846 4.873 4.900 4.927 4.953 4.978 5.003 5.028 5.052 5.076 5.100 5.123
-99.000 -99.000 -99.000 -99.000 -99.000 -99.000 -99.000 -99.000 -99.000 -99.000 -99.000 -99.000 -99.000 -99.000 -99.000 -99.000 -99.000 -99.000 -99.000 -99.000 -99.000 -99.000 1.650 1.655 1.702 1.841 2.066 2.339 2.617 2.870 3.079 3.244 3.374 3.478 3.564 3.639 3.706 3.767 3.824 3.878 3.930 3.980 4.027 4.073 4.118 4.161 4.203 4.245 4.285 4.324 4.363 4.400 4.438 4.474 4.510 4.545 4.580 4.613 4.647 4.679 4.711 4.741 4.770 4.800 4.828 4.856 4.884 4.911 4.937 4.963 4.988 5.013 5.038 5.062 5.086 5.109 5.132
-99.000 -99.000 -99.000 -99.000 -99.000 -99.000 -99.000 -99.000 -99.000 -99.000 -99.000 -99.000 -99.000 -99.000 -99.000 -99.000 -99.000 -99.000 -99.000 -99.000 -99.000 -99.000 1.651 1.667 1.753 1.935 2.187 2.468 2.738 2.971 3.160 3.308 3.425 3.520 3.601 3.671 3.736 3.795 3.851 3.903 3.954 4.003 4.049 4.095 4.138 4.181 4.222 4.263 4.302 4.341 4.379 4.416 4.452 4.488 4.524 4.558 4.592 4.626 4.659 4.691 4.722 4.752 4.781 4.811 4.839 4.867 4.895 4.921 4.948 4.973 4.998 5.023 5.047 5.071 5.095 5.118 5.141
-99.000 -99.000 -99.000 -99.000 -99.000 -99.000 -99.000 -99.000 -99.000 -99.000 -99.000 -99.000 -99.000 -99.000 -99.000 -99.000 -99.000 -99.000 -99.000 -99.000 -99.000 1.650 1.654 1.695 1.825 2.044 2.314 2.594 2.850 3.064 3.233 3.366 3.472 3.559 3.635 3.703 3.765 3.823 3.877 3.928 3.978 4.025 4.071 4.116 4.159 4.201 4.241 4.281 4.320 4.358 4.395 4.432 4.467 4.503 4.538 4.572 4.605 4.638 4.671 4.703 4.734 4.764 4.793 4.822 4.850 4.878 4.905 4.932 4.958 4.983 5.008 5.033 5.057 5.081 5.104 5.127 5.150
-99.000 -99.000 -99.000 -99.000 -99.000 -99.000 -99.000 -99.000 -99.000 -99.000 -99.000 -99.000 -99.000 -99.000 -99.000 -99.000 -99.000 -99.000 -99.000 -99.000 -99.000 1.650 1.664 1.741 1.915 2.162 2.442 2.715 2.953 3.146 3.298 3.418 3.515 3.596 3.668 3.733 3.793 3.849 3.902 3.952 4.001 4.048 4.093 4.137 4.179 4.220 4.260 4.299 4.338 4.375 4.411 4.447 4.483 4.518 4.552 4.585 4.618 4.651 4.683 4.715 4.746 4.775 4.804 4.833 4.861 4.889 4.916 4.942 4.968 4.994 5.018 5.043 5.067 5.090 5.113 5.136 5.159
-99.000 -99.000 -99.000 -99.000 -99.000 -99.000 -99.000 -99.000 -99.000 -99.000 -99.000 -99.000 -99.000 -99.000 -99.000 -99.000 -99.000 -99.000 -99.000 -99.000 1.650 1.653 1.687 1.808 2.020 2.287 2.568 2.828 3.046 3.220 3.357 3.465 3.554 3.631 3.699 3.762 3.820 3.875 3.927 3.976 4.024 4.070 4.115 4.158 4.199 4.240 4.279 4.318 4.355 4.392 4.428 4.463 4.498 4.532 4.566 4.599 4.632 4.664 4.696 4.727 4.758 4.787 4.815 4.844 4.872 4.900 4.927 4.953 4.979 5.004 5.029 5.053 5.077 5.100 5.123 5.145 5.168
-99.000 -99.000 -99.000 -99.000 -99.000 -99.000 -99.000 -99.000 -99.000 -99.000 -99.000 -99.000 -99.000 -99.000 -99.000 -99.000 -99.000 -99.000 -99.000 -99.000 1.650 1.661 1.729 1.894 2.135 2.414 2.689 2.932 3.131 3.287 3.409 3.508 3.591 3.664 3.730 3.790 3.847 3.901 3.951 4.000 4.047 4.092 4.136 4.178 4.220 4.259 4.298 4.336 4.373 4.409 4.445 4.480 4.514 4.548 4.581 4.613 4.646 4.677 4.709 4.740 4.770 4.799 4.827 4.856 4.884 4.911 4.938 4.964 4.989 5.015 5.039 5.063 5.087 5.110 5.132 5.155 5.177
-99.000 -99.000 -99.000 -99.000 -99.000 -99.000 -99.000 -99.000 -99.000 -99.000 -99.000 -99.000 -99.000 -99.000 -99.000 -99.000 -99.000 -99.000 -99.000 1.650 1.652 1.680 1.791 1.994 2.258 2.539 2.803 3.027 3.206 3.346 3.457 3.549 3.626 3.696 3.759 3.817 3.873 3.926 3.975 4.023 4.069 4.114 4.157 4.199 4.239 4.279 4.317 4.355 4.391 4.427 4.462 4.496 4.530 4.563 4.596 4.628 4.660 4.691 4.722 4.752 4.782 4.811 4.839 4.867 4.895 4.922 4.949 4.975 5.000 5.025 5.050 5.073 5.097 5.120 5.142 5.164 5.186
-99.000 -99.000 -99.000 -99.000 -99.000 -99.000 -99.000 -99.000 -99.000 -99.000 -99.000 -99.000 -99.000 -99.000 -99.000 -99.000 -99.000 -99.000 -99.000 1.650 1.658 1.717 1.871 2.106 2.383 2.661 2.909 3.113 3.274 3.400 3.501 3.586 3.660 3.726 3.787 3.844 3.898 3.950 3.998 4.045 4.091 4.135 4.178 4.219 4.259 4.298 4.336 4.373 4.409 4.444 4.479 4.512 4.546 4.578 4.611 4.642 4.674 4.705 4.735 4.765 4.795 4.823 4.851 4.879 4.907 4.934 4.960 4.986 5.012 5.036 5.061 5.084 5.107 5.130 5.152 5.174 5.196
-99.000 -99.000 -99.000 -99.000 -99.000 -99.000 -99.000 -99.000 -99.000 -99.000 -99.000 -99.000 -99.000 -99.000 -99.000 -99.000 -99.000 -99.000 -99.000 1.651 1.674 1.773 1.967 2.226 2.508 2.776 3.005 3.190 3.335 3.449 3.542 3.621 3.691 3.755 3.814 3.870 3.923 3.974 4.021 4.067 4.112 4.156 4.198 4.239 4.278 4.317 4.354 4.391 4.426 4.461 4.495 4.529 4.562 4.594 4.626 4.657 4.688 4.718 4.749 4.778 4.808 4.836 4.863 4.891 4.919 4.945 4.972 4.998 5.023 5.048 5.072 5.095 5.118 5.141 5.163 5.185 5.206
-99.000 -99.000 -99.000 -99.000 -99.000 -99.000 -99.000 -99.000 -99.000 -99.000 -99.000 -99.000 -99.000 -99.000 -99.000 -99.000 -99.000 -99.000 1.650 1.656 1.705 1.848 2.075 2.350 2.630 2.883 3.093 3.259 3.390 3.494 3.580 3.655 3.722 3.783 3.841 3.895 3.947 3.997 4.044 4.089 4.133 4.176 4.218 4.258 4.297 4.335 4.372 4.409 4.444 4.478 4.512 4.545 4.577 4.609 4.641 4.672 4.702 4.732 4.762 4.792 4.821 4.849 4.876 4.903 4.931 4.957 4.984 5.009 5.034 5.059 5.083 5.107 5.129 5.152 5.174 5.195 5.216
-99.000 -99.000 -99.000 -99.000 -99.000 -99.000 -99.000 -99.000 -99.000 -99.000 -99.000 -99.000 -99.000 -99.000 -99.000 -99.000 -99.000 -99.000 1.651 1.668 1.756 1.939 2.192 2.474 2.746 2.981 3.172 3.322 3.440 3.535 3.616 3.687 3.751 3.810 3.866 3.920 3.971 4.019 4.066 4.110 4.154 4.196 4.237 4.277 4.316 4.354 4.390 4.426 4.461 4.495 4.528 4.561 4.593 4.625 4.656 4.686 4.717 4.746 4.776 4.805 4.834 4.861 4.888 4.916 4.943 4.969 4.995 5.021 5.046 5.071 5.095 5.118 5.141 5.163 5.185 5.206 5.227
-99.000 -99.000 -99.000 -99.000 -99.000 -99.000 -99.000 -99.000 -99.000 -99.000 -99.000 -99.000 -99.000 -99.000 -99.000 -99.000 -99.000 1.650 1.654 1.694 1.825 2.043 2.314 2.596 2.855 3.071 3.243 3.378 3.485 3.574 3.650 3.717 3.779 3.837 3.892 3.944 3.994 4.041 4.087 4.131 4.174 4.216 4.256 4.296 4.334 4.371 4.408 4.443 4.478 4.511 4.544 4.577 4.609 4.640 4.671 4.701 4.731 4.760 4.789 4.818 4.846 4.874 4.901 4.928 4.955 4.981 5.007 5.033 5.058 5.083 5.106 5.130 5.153 5.175 5.197 5.218 5.239
-99.000 -99.000 -99.000 -99.000 -99.000 -99.000 -99.000 -99.000 -99.000 -99.000 -99.000 -99.000 -99.000 -99.000 -99.000 -99.000 -99.000 1.650 1.663 1.739 1.911 2.157 2.438 2.714 2.955 3.152 3.308 3.429 3.527 3.610 3.682 3.747 3.807 3.863 3.916 3.967 4.016 4.063 4.108 4.151 4.194 4.235 4.275 4.314 4.352 4.389 4.425 4.460 4.494 4.528 4.560 4.592 4.624 4.655 4.685 4.715 4.745 4.774 4.803 4.831 4.859 4.886 4.913 4.940 4.967 4.993 5.019 5.045 5.070 5.094 5.118 5.142 5.165 5.187 5.208 5.230 5.250
-99.000 -99.000 -99.000 -99.000 -99.000 -99.000 -99.000 -99.000 -99.000 -99.000 -99.000 -99.000 -99.000 -99.000 -99.000 -99.000 1.650 1.652 1.685 1.802 2.010 2.277 2.561 2.824 3.047 3.226 3.365 3.476 3.567 3.644 3.713 3.775 3.833 3.888 3.940 3.990 4.038 4.085 4.128 4.171 4.213 4.254 4.293 4.332 4.369 4.406 4.442 4.476 4.510 4.543 4.576 4.608 4.639 4.669 4.700 4.729 4.759 4.788 4.816 4.844 4.872 4.898 4.925 4.952 4.978 5.005 5.031 5.056 5.081 5.106 5.130 5.153 5.176 5.199 5.220 5.242 5.262
-99.000 -99.000 -99.000 -99.000 -99.000 -99.000 -99.000 -99.000 -99.000 -99.000 -99.000 -99.000 -99.000 -99.000 -99.000 -99.000 1.650 1.659 1.723 1.882 2.121 2.400 2.679 2.927 3.131 3.292 3.418 3.519 3.604 3.677 3.742 3.803 3.859 3.913 3.964 4.013 4.061 4.105 4.148 4.191 4.232 4.272 4.311 4.349 4.387 4.423 4.458 4.492 4.526 4.559 4.591 4.623 4.653 4.684 4.714 4.743 4.772 4.801 4.829 4.857 4.884 4.910 4.937 4.964 4.990 5.016 5.042 5.067 5.093 5.117 5.141 5.165 5.188 5.210 5.232 5.254 5.274
