version1/TsunamiDB/out54096.asc
ncols          264
nrows          230
xllcorner      497853.4375
yllcorner      4229146.0000
cellsize         5.
NODATA_value   -99
[rows 170 to 203 of 230, columns 77 to 153 of 264]
6.395 6.405 6.414 6.424 6.433 6.441 6.449 6.456 6.463 6.469 6.476 6.481 6.486 6.491 6.496 6.500 6.504 6.507 6.510 6.513 6.516 6.519 6.520 6.522 6.523 6.526 6.528 6.532 6.536 6.540 6.545 6.550 6.556 6.562 6.568 6.575 6.581 6.588 6.594 6.601 6.608 6.614 6.621 6.627 6.634 6.640 6.646 6.652 6.659 6.666 6.674 6.682 6.691 6.701 6.711 6.721 6.731 6.742 6.753 6.764 6.775 6.787 6.798 6.809 6.821 6.832 6.844 6.856 6.868 6.878 6.889 6.900 6.911 6.922 6.933 6.945 6.956
6.407 6.417 6.428 6.437 6.447 6.456 6.464 6.472 6.480 6.487 6.494 6.500 6.506 6.511 6.516 6.521 6.525 6.529 6.533 6.536 6.539 6.542 6.543 6.544 6.546 6.547 6.549 6.552 6.555 6.558 6.562 6.567 6.572 6.577 6.582 6.588 6.594 6.600 6.607 6.613 6.619 6.626 6.632 6.638 6.645 6.651 6.656 6.662 6.669 6.676 6.683 6.691 6.700 6.709 6.719 6.729 6.740 6.750 6.761 6.772 6.784 6.795 6.806 6.818 6.830 6.841 6.853 6.865 6.877 6.887 6.898 6.909 6.921 6.932 6.943 6.955 6.966
6.418 6.429 6.440 6.451 6.460 6.470 6.479 6.487 6.496 6.503 6.510 6.517 6.524 6.530 6.536 6.541 6.546 6.550 6.555 6.558 6.562 6.565 6.566 6.567 6.568 6.570 6.571 6.573 6.576 6.578 6.581 6.585 6.589 6.593 6.598 6.603 6.609 6.614 6.620 6.626 6.632 6.638 6.644 6.650 6.657 6.662 6.667 6.673 6.679 6.686 6.693 6.701 6.710 6.719 6.728 6.738 6.748 6.759 6.770 6.781 6.792 6.804 6.815 6.827 6.839 6.850 6.863 6.875 6.886 6.897 6.908 6.919 6.931 6.942 6.954 6.965 6.977
6.430 6.441 6.452 6.463 6.473 6.483 6.493 6.502 6.510 6.519 6.526 6.534 6.541 6.547 6.554 6.560 6.565 6.570 6.575 6.580 6.583 6.587 6.589 6.590 6.591 6.593 6.594 6.596 6.598 6.600 6.602 6.605 6.608 6.612 6.616 6.620 6.625 6.630 6.635 6.640 6.646 6.652 6.657 6.663 6.669 6.674 6.679 6.684 6.690 6.697 6.704 6.711 6.720 6.728 6.738 6.748 6.758 6.768 6.779 6.790 6.801 6.813 6.824 6.836 6.848 6.860 6.872 6.884 6.895 6.906 6.918 6.929 6.941 6.952 6.964 6.976 6.988
6.440 6.452 6.464 6.475 6.486 6.496 6.506 6.516 6.525 6.533 6.542 6.549 6.557 6.564 6.571 6.577 6.583 6.589 6.595 6.600 6.604 6.608 6.611 6.612 6.614 6.616 6.617 6.619 6.620 6.622 6.624 6.626 6.629 6.632 6.635 6.639 6.643 6.647 6.652 6.656 6.661 6.666 6.672 6.678 6.683 6.687 6.692 6.697 6.702 6.709 6.715 6.723 6.731 6.739 6.748 6.758 6.768 6.778 6.789 6.800 6.811 6.822 6.834 6.845 6.857 6.869 6.882 6.894 6.905 6.916 6.927 6.939 6.951 6.963 6.975 6.987 6.999
6.451 6.463 6.475 6.487 6.498 6.509 6.519 6.529 6.539 6.548 6.556 6.565 6.572 6.580 6.587 6.594 6.601 6.607 6.613 6.619 6.624 6.629 6.631 6.634 6.636 6.638 6.640 6.642 6.643 6.645 6.647 6.648 6.650 6.653 6.655 6.658 6.662 6.665 6.669 6.674 6.678 6.683 6.688 6.693 6.698 6.702 6.706 6.710 6.716 6.721 6.728 6.735 6.742 6.750 6.759 6.768 6.778 6.788 6.799 6.810 6.821 6.832 6.844 6.855 6.867 6.879 6.892 6.904 6.915 6.926 6.938 6.949 6.961 6.974 6.986 6.998 7.011
6.461 6.474 6.486 6.498 6.510 6.521 6.532 6.543 6.552 6.562 6.571 6.579 6.587 6.595 6.603 6.610 6.617 6.624 6.630 6.637 6.643 6.647 6.651 6.654 6.657 6.660 6.662 6.664 6.666 6.668 6.669 6.671 6.673 6.674 6.677 6.679 6.682 6.685 6.689 6.692 6.696 6.701 6.705 6.710 6.714 6.717 6.721 6.725 6.730 6.736 6.741 6.748 6.755 6.763 6.771 6.780 6.790 6.799 6.810 6.820 6.831 6.843 6.854 6.866 6.878 6.890 6.902 6.914 6.925 6.937 6.948 6.960 6.972 6.985 6.997 7.010 7.023
6.471 6.484 6.497 6.510 6.522 6.533 6.545 6.555 6.566 6.575 6.585 6.594 6.602 6.610 6.618 6.626 6.633 6.640 6.647 6.654 6.660 6.666 6.670 6.673 6.677 6.680 6.683 6.686 6.688 6.690 6.692 6.693 6.695 6.697 6.699 6.701 6.703 6.706 6.709 6.712 6.716 6.720 6.724 6.728 6.731 6.734 6.738 6.742 6.746 6.751 6.756 6.762 6.769 6.776 6.784 6.793 6.802 6.812 6.822 6.832 6.843 6.854 6.865 6.877 6.889 6.901 6.913 6.925 6.936 6.948 6.960 6.972 6.984 6.996 7.009 7.022 7.035
6.480 6.494 6.507 6.520 6.533 6.545 6.557 6.568 6.578 6.589 6.598 6.608 6.616 6.625 6.633 6.641 6.649 6.656 6.663 6.670 6.677 6.683 6.687 6.692 6.696 6.700 6.703 6.707 6.709 6.712 6.714 6.716 6.717 6.719 6.721 6.723 6.725 6.728 6.730 6.733 6.736 6.740 6.743 6.747 6.750 6.753 6.756 6.759 6.763 6.767 6.772 6.778 6.784 6.791 6.799 6.807 6.815 6.825 6.834 6.845 6.855 6.866 6.877 6.889 6.900 6.912 6.925 6.937 6.948 6.960 6.971 6.984 6.996 7.008 7.021 7.034 7.048
6.489 6.503 6.517 6.530 6.543 6.556 6.568 6.580 6.591 6.601 6.612 6.621 6.631 6.639 6.648 6.656 6.664 6.672 6.679 6.687 6.694 6.700 6.705 6.710 6.714 6.719 6.723 6.726 6.730 6.733 6.735 6.738 6.740 6.741 6.743 6.745 6.747 6.749 6.752 6.755 6.757 6.761 6.764 6.767 6.770 6.772 6.775 6.778 6.781 6.785 6.790 6.795 6.801 6.807 6.814 6.822 6.830 6.839 6.848 6.858 6.869 6.879 6.890 6.902 6.913 6.925 6.937 6.949 6.961 6.972 6.984 6.996 7.009 7.021 7.034 7.048 7.061
6.497 6.511 6.526 6.540 6.553 6.566 6.579 6.591 6.603 6.614 6.624 6.634 6.644 6.653 6.662 6.671 6.679 6.687 6.695 6.702 6.710 6.716 6.721 6.727 6.732 6.737 6.741 6.746 6.750 6.753 6.756 6.759 6.761 6.763 6.765 6.767 6.769 6.772 6.774 6.776 6.779 6.782 6.785 6.788 6.791 6.793 6.795 6.798 6.801 6.804 6.808 6.813 6.818 6.824 6.831 6.838 6.846 6.854 6.864 6.873 6.883 6.894 6.904 6.916 6.927 6.939 6.951 6.963 6.974 6.986 6.997 7.010 7.022 7.035 7.048 7.062 7.075
6.504 6.519 6.534 6.548 6.562 6.576 6.589 6.602 6.614 6.625 6.636 6.647 6.657 6.667 6.676 6.685 6.694 6.702 6.710 6.718 6.725 6.732 6.738 6.743 6.749 6.754 6.759 6.764 6.769 6.773 6.776 6.779 6.782 6.785 6.787 6.789 6.791 6.794 6.796 6.798 6.801 6.804 6.807 6.810 6.813 6.814 6.816 6.819 6.822 6.825 6.828 6.832 6.837 6.843 6.849 6.856 6.863 6.871 6.880 6.889 6.899 6.909 6.920 6.931 6.942 6.953 6.966 6.977 6.989 7.000 7.012 7.024 7.037 7.050 7.063 7.077 7.091
6.510 6.526 6.541 6.556 6.570 6.584 6.598 6.611 6.624 6.636 6.648 6.659 6.670 6.680 6.689 6.699 6.708 6.716 6.725 6.733 6.741 6.748 6.754 6.760 6.766 6.771 6.777 6.782 6.787 6.792 6.796 6.799 6.803 6.805 6.808 6.811 6.813 6.815 6.818 6.820 6.823 6.826 6.829 6.832 6.835 6.836 6.838 6.840 6.843 6.846 6.849 6.853 6.857 6.862 6.868 6.874 6.881 6.889 6.897 6.906 6.916 6.926 6.936 6.947 6.958 6.969 6.981 6.993 7.004 7.016 7.028 7.040 7.053 7.066 7.079 7.093 7.107
6.515 6.531 6.547 6.562 6.577 6.592 6.606 6.620 6.633 6.646 6.658 6.670 6.681 6.692 6.702 6.712 6.721 6.730 6.739 6.747 6.756 6.763 6.769 6.775 6.782 6.788 6.794 6.800 6.805 6.810 6.814 6.819 6.822 6.826 6.829 6.832 6.834 6.837 6.840 6.842 6.845 6.848 6.851 6.854 6.857 6.859 6.861 6.863 6.865 6.868 6.871 6.874 6.878 6.883 6.888 6.894 6.901 6.908 6.916 6.925 6.934 6.944 6.954 6.964 6.975 6.987 6.999 7.010 7.021 7.033 7.045 7.057 7.069 7.083 7.096 7.110 7.124
6.520 6.536 6.552 6.568 6.584 6.599 6.613 6.628 6.642 6.655 6.668 6.680 6.692 6.703 6.713 6.724 6.734 6.743 6.752 6.761 6.770 6.777 6.784 6.791 6.797 6.804 6.810 6.816 6.822 6.828 6.833 6.837 6.842 6.846 6.849 6.852 6.855 6.858 6.861 6.864 6.867 6.870 6.873 6.876 6.879 6.881 6.883 6.885 6.888 6.890 6.893 6.896 6.900 6.904 6.909 6.915 6.921 6.928 6.936 6.944 6.953 6.963 6.973 6.983 6.994 7.005 7.017 7.028 7.040 7.051 7.063 7.075 7.088 7.101 7.114 7.128 7.143
6.523 6.540 6.556 6.573 6.589 6.604 6.619 6.634 6.649 6.663 6.676 6.689 6.701 6.713 6.724 6.735 6.745 6.755 6.765 6.774 6.783 6.791 6.798 6.805 6.812 6.819 6.826 6.833 6.839 6.845 6.850 6.856 6.860 6.865 6.869 6.872 6.876 6.879 6.882 6.885 6.889 6.892 6.895 6.899 6.902 6.904 6.906 6.908 6.910 6.913 6.916 6.919 6.922 6.926 6.931 6.936 6.942 6.949 6.957 6.965 6.974 6.983 6.993 7.003 7.014 7.025 7.037 7.048 7.059 7.070 7.082 7.095 7.107 7.121 7.134 7.148 7.163
6.526 6.543 6.559 6.576 6.593 6.609 6.624 6.640 6.655 6.669 6.683 6.696 6.709 6.722 6.734 6.745 6.756 6.766 6.776 6.786 6.796 6.804 6.812 6.819 6.826 6.834 6.841 6.848 6.855 6.861 6.867 6.873 6.878 6.883 6.888 6.892 6.896 6.900 6.903 6.907 6.910 6.914 6.917 6.921 6.924 6.926 6.928 6.931 6.933 6.936 6.939 6.942 6.945 6.949 6.954 6.959 6.965 6.971 6.978 6.986 6.995 7.004 7.014 7.024 7.035 7.046 7.057 7.069 7.080 7.091 7.103 7.115 7.128 7.142 7.155 7.169 7.184
6.528 6.545 6.562 6.579 6.595 6.612 6.628 6.644 6.659 6.674 6.689 6.703 6.716 6.729 6.742 6.754 6.765 6.776 6.787 6.797 6.807 6.816 6.824 6.832 6.840 6.848 6.855 6.863 6.870 6.877 6.883 6.890 6.895 6.901 6.906 6.911 6.915 6.919 6.923 6.927 6.931 6.935 6.939 6.943 6.946 6.948 6.951 6.954 6.956 6.959 6.962 6.966 6.969 6.973 6.977 6.982 6.987 6.994 7.001 7.008 7.017 7.026 7.036 7.046 7.057 7.068 7.079 7.091 7.102 7.113 7.125 7.137 7.150 7.164 7.178 7.192 7.207
6.528 6.546 6.563 6.580 6.597 6.614 6.631 6.647 6.663 6.678 6.693 6.708 6.722 6.736 6.749 6.761 6.774 6.785 6.796 6.807 6.818 6.827 6.836 6.844 6.852 6.860 6.868 6.876 6.884 6.891 6.898 6.905 6.912 6.918 6.923 6.929 6.934 6.938 6.943 6.947 6.951 6.956 6.960 6.964 6.968 6.970 6.973 6.976 6.979 6.983 6.986 6.989 6.993 6.996 7.001 7.005 7.011 7.017 7.024 7.031 7.040 7.049 7.058 7.069 7.079 7.091 7.102 7.114 7.125 7.136 7.148 7.161 7.174 7.187 7.201 7.216 7.231
6.529 6.546 6.564 6.581 6.598 6.616 6.633 6.649 6.665 6.681 6.697 6.712 6.727 6.741 6.755 6.768 6.781 6.793 6.805 6.816 6.827 6.837 6.846 6.855 6.863 6.872 6.880 6.889 6.897 6.905 6.912 6.920 6.927 6.933 6.940 6.945 6.951 6.956 6.961 6.966 6.971 6.976 6.980 6.985 6.989 6.992 6.995 6.999 7.002 7.006 7.009 7.013 7.016 7.020 7.024 7.029 7.034 7.040 7.047 7.055 7.063 7.072 7.082 7.092 7.103 7.114 7.126 7.137 7.148 7.160 7.172 7.185 7.198 7.212 7.226 7.241 7.256
6.529 6.546 6.564 6.581 6.599 6.616 6.633 6.650 6.667 6.683 6.699 6.715 6.730 6.745 6.759 6.773 6.786 6.799 6.812 6.824 6.835 6.846 6.855 6.864 6.873 6.883 6.892 6.900 6.909 6.917 6.925 6.933 6.941 6.948 6.955 6.961 6.967 6.973 6.979 6.984 6.989 6.995 7.000 7.005 7.009 7.013 7.016 7.020 7.024 7.028 7.032 7.036 7.040 7.044 7.048 7.053 7.058 7.064 7.071 7.078 7.087 7.096 7.105 7.116 7.127 7.138 7.150 7.162 7.173 7.185 7.197 7.210 7.223 7.237 7.252 7.267 7.282
6.528 6.545 6.563 6.581 6.598 6.616 6.633 6.651 6.668 6.684 6.701 6.717 6.733 6.748 6.763 6.777 6.791 6.804 6.818 6.830 6.843 6.853 6.863 6.873 6.882 6.892 6.902 6.911 6.920 6.929 6.937 6.946 6.954 6.961 6.969 6.976 6.983 6.989 6.995 7.001 7.007 7.013 7.019 7.024 7.028 7.033 7.037 7.041 7.046 7.050 7.054 7.059 7.063 7.067 7.072 7.077 7.082 7.088 7.095 7.102 7.111 7.120 7.130 7.140 7.151 7.163 7.175 7.186 7.198 7.210 7.223 7.236 7.249 7.264 7.279 7.294 7.309
6.527 6.544 6.562 6.580 6.597 6.615 6.633 6.650 6.668 6.685 6.701 6.718 6.734 6.750 6.765 6.780 6.794 6.809 6.822 6.836 6.848 6.859 6.870 6.880 6.890 6.901 6.910 6.920 6.930 6.939 6.948 6.957 6.965 6.974 6.982 6.989 6.996 7.004 7.010 7.017 7.023 7.030 7.036 7.042 7.047 7.052 7.056 7.061 7.066 7.071 7.076 7.081 7.086 7.090 7.095 7.100 7.106 7.112 7.119 7.126 7.135 7.144 7.154 7.165 7.176 7.188 7.200 7.211 7.223 7.236 7.248 7.262 7.276 7.291 7.306 7.321 7.337
6.526 6.543 6.561 6.578 6.596 6.614 6.632 6.649 6.667 6.684 6.701 6.718 6.735 6.751 6.767 6.782 6.797 6.812 6.826 6.840 6.853 6.864 6.876 6.887 6.897 6.908 6.918 6.928 6.938 6.948 6.958 6.967 6.976 6.985 6.993 7.001 7.009 7.017 7.024 7.031 7.038 7.045 7.053 7.059 7.064 7.069 7.075 7.080 7.086 7.091 7.097 7.102 7.107 7.112 7.118 7.123 7.129 7.135 7.142 7.150 7.159 7.168 7.178 7.189 7.200 7.213 7.225 7.237 7.249 7.262 7.275 7.288 7.303 7.318 7.333 7.349 7.365
6.525 6.542 6.559 6.577 6.595 6.612 6.630 6.648 6.666 6.683 6.700 6.718 6.735 6.751 6.767 6.783 6.799 6.814 6.829 6.843 6.857 6.869 6.881 6.892 6.903 6.914 6.925 6.936 6.946 6.956 6.966 6.976 6.986 6.995 7.004 7.013 7.021 7.029 7.037 7.045 7.052 7.060 7.068 7.074 7.080 7.086 7.092 7.098 7.104 7.110 7.116 7.122 7.128 7.134 7.139 7.145 7.151 7.158 7.165 7.173 7.182 7.191 7.202 7.213 7.225 7.237 7.250 7.262 7.274 7.287 7.301 7.315 7.329 7.345 7.361 7.377 7.392
6.524 6.541 6.558 6.575 6.593 6.611 6.628 6.646 6.664 6.682 6.699 6.717 6.734 6.751 6.768 6.784 6.800 6.816 6.831 6.846 6.860 6.872 6.885 6.897 6.908 6.920 6.931 6.942 6.953 6.964 6.974 6.984 6.994 7.004 7.014 7.023 7.032 7.040 7.049 7.057 7.065 7.073 7.081 7.089 7.095 7.102 7.108 7.115 7.121 7.128 7.134 7.141 7.147 7.154 7.160 7.166 7.173 7.180 7.187 7.195 7.204 7.214 7.225 7.236 7.248 7.261 7.274 7.286 7.299 7.313 7.326 7.341 7.356 7.371 7.388 7.404 7.420
6.523 6.540 6.557 6.574 6.591 6.609 6.627 6.644 6.662 6.680 6.698 6.715 6.733 6.750 6.767 6.784 6.800 6.816 6.832 6.848 6.862 6.875 6.888 6.901 6.913 6.925 6.937 6.948 6.960 6.971 6.981 6.992 7.002 7.013 7.022 7.032 7.042 7.051 7.060 7.069 7.077 7.086 7.094 7.102 7.109 7.116 7.123 7.130 7.137 7.144 7.152 7.159 7.166 7.173 7.179 7.186 7.193 7.201 7.208 7.217 7.226 7.236 7.247 7.258 7.271 7.284 7.297 7.310 7.323 7.337 7.351 7.366 7.381 7.397 7.414 7.430 7.446
6.523 6.539 6.555 6.572 6.590 6.607 6.625 6.643 6.661 6.678 6.696 6.714 6.732 6.749 6.766 6.784 6.800 6.817 6.833 6.849 6.864 6.877 6.891 6.904 6.917 6.929 6.941 6.953 6.965 6.977 6.988 6.999 7.010 7.020 7.031 7.041 7.051 7.060 7.070 7.079 7.088 7.097 7.106 7.115 7.122 7.130 7.137 7.145 7.152 7.160 7.168 7.175 7.183 7.190 7.198 7.205 7.213 7.220 7.228 7.237 7.246 7.257 7.268 7.280 7.292 7.306 7.319 7.333 7.346 7.360 7.375 7.390 7.406 7.422 7.439 7.456 7.471
6.522 6.538 6.555 6.571 6.588 6.606 6.623 6.641 6.659 6.677 6.695 6.712 6.730 6.748 6.765 6.783 6.800 6.817 6.833 6.850 6.865 6.879 6.893 6.907 6.920 6.933 6.946 6.958 6.970 6.982 6.994 7.005 7.016 7.027 7.038 7.049 7.059 7.069 7.079 7.089 7.098 7.108 7.118 7.126 7.134 7.142 7.150 7.158 7.167 7.175 7.183 7.191 7.199 7.207 7.215 7.223 7.231 7.239 7.247 7.256 7.266 7.276 7.288 7.300 7.313 7.327 7.341 7.354 7.368 7.382 7.397 7.412 7.428 7.445 7.462 7.479 7.494
6.523 6.538 6.554 6.571 6.587 6.604 6.622 6.639 6.657 6.675 6.693 6.711 6.729 6.747 6.764 6.782 6.799 6.817 6.834 6.850 6.866 6.881 6.895 6.909 6.923 6.936 6.949 6.962 6.975 6.987 6.999 7.011 7.023 7.034 7.045 7.056 7.067 7.077 7.088 7.098 7.108 7.118 7.128 7.137 7.146 7.154 7.163 7.171 7.180 7.189 7.197 7.206 7.214 7.223 7.231 7.240 7.248 7.256 7.265 7.274 7.284 7.295 7.306 7.319 7.332 7.346 7.360 7.374 7.388 7.403 7.418 7.433 7.450 7.466 7.483 7.500 7.515
6.523 6.538 6.554 6.570 6.587 6.604 6.621 6.638 6.656 6.674 6.692 6.710 6.727 6.745 6.763 6.781 6.799 6.816 6.833 6.851 6.867 6.882 6.896 6.911 6.925 6.939 6.953 6.966 6.979 6.992 7.004 7.016 7.028 7.040 7.052 7.063 7.074 7.085 7.096 7.107 7.117 7.128 7.138 7.148 7.157 7.166 7.175 7.184 7.193 7.202 7.211 7.220 7.229 7.238 7.247 7.256 7.264 7.273 7.282 7.292 7.302 7.313 7.324 7.337 7.350 7.364 7.379 7.393 7.407 7.422 7.437 7.453 7.469 7.486 7.502 7.519 7.534
6.524 6.539 6.554 6.570 6.586 6.603 6.620 6.637 6.655 6.672 6.690 6.708 6.726 6.744 6.762 6.780 6.798 6.816 6.833 6.851 6.867 6.883 6.898 6.913 6.927 6.941 6.956 6.969 6.983 6.996 7.009 7.021 7.034 7.046 7.058 7.070 7.081 7.093 7.104 7.115 7.126 7.137 7.148 7.158 7.168 7.177 7.186 7.196 7.205 7.214 7.224 7.234 7.243 7.252 7.262 7.271 7.280 7.289 7.298 7.308 7.318 7.329 7.341 7.354 7.367 7.382 7.396 7.411 7.425 7.440 7.455 7.470 7.486 7.503 7.520 7.536 7.552
6.526 6.540 6.555 6.571 6.587 6.603 6.620 6.637 6.654 6.672 6.689 6.707 6.725 6.744 6.762 6.780 6.798 6.816 6.833 6.851 6.868 6.883 6.899 6.914 6.929 6.944 6.958 6.972 6.986 7.000 7.013 7.026 7.039 7.051 7.064 7.076 7.088 7.100 7.111 7.123 7.134 7.146 7.157 7.168 7.178 7.187 7.197 7.207 7.217 7.227 7.237 7.247 7.256 7.266 7.276 7.285 7.295 7.304 7.314 7.324 7.334 7.345 7.357 7.370 7.384 7.398 7.413 7.427 7.441 7.456 7.470 7.486 7.502 7.518 7.535 7.552 7.568
6.528 6.542 6.557 6.572 6.587 6.603 6.620 6.637 6.654 6.671 6.689 6.707 6.725 6.743 6.761 6.779 6.797 6.816 6.834 6.851 6.868 6.884 6.900 6.916 6.931 6.946 6.961 6.975 6.990 7.003 7.017 7.030 7.044 7.056 7.069 7.082 7.094 7.106 7.119 7.131 7.143 7.154 7.166 7.177 7.188 7.198 7.208 7.218 7.228 7.239 7.249 7.259 7.269 7.280 7.290 7.300 7.309 7.319 7.329 7.339 7.350 7.361 7.373 7.385 7.399 7.414 7.428 7.442 7.456 7.470 7.485 7.500 7.516 7.532 7.549 7.567 7.583
