version1/TsunamiDB/out54097.asc
ncols          264
nrows          230
xllcorner      497853.4375
yllcorner      4229146.0000
cellsize         5.
NODATA_value   -99
[rows 68 to 101 of 230, columns 0 to 76 of 264]
-99.000 -99.000 -99.000 -99.000 -99.000 -99.000 -99.000 1.652 1.670 1.762 1.949 2.204 2.484 2.752 2.983 3.169 3.314 3.429 3.523 3.604 3.675 3.740 3.802 3.861 3.917 3.972 4.026 4.079 4.132 4.184 4.235 4.286 4.337 4.387 4.435 4.482 4.527 4.572 4.615 4.656 4.696 4.734 4.770 4.804 4.837 4.868 4.898 4.926 4.954 4.981 5.006 5.031 5.055 5.079 5.102 5.125 5.147 5.169 5.190 5.209 5.230 5.250 5.270 5.290 5.310 5.330 5.349 5.369 5.388 5.407 5.426 5.445 5.463 5.481 5.499 5.517 5.535
-99.000 -99.000 -99.000 -99.000 -99.000 -99.000 1.651 1.656 1.706 1.849 2.076 2.350 2.628 2.878 3.086 3.250 3.378 3.481 3.567 3.642 3.709 3.772 3.831 3.888 3.942 3.996 4.048 4.100 4.151 4.201 4.251 4.301 4.351 4.400 4.448 4.494 4.540 4.584 4.628 4.670 4.710 4.748 4.785 4.820 4.853 4.885 4.915 4.944 4.972 4.998 5.024 5.049 5.073 5.097 5.120 5.142 5.164 5.186 5.206 5.225 5.245 5.266 5.285 5.305 5.325 5.344 5.363 5.383 5.402 5.420 5.439 5.458 5.476 5.494 5.512 5.530 5.548
-99.000 -99.000 -99.000 -99.000 -99.000 -99.000 1.652 1.672 1.768 1.959 2.216 2.497 2.764 2.993 3.177 3.322 3.436 3.529 3.608 3.678 3.743 3.803 3.860 3.914 3.967 4.019 4.070 4.120 4.169 4.218 4.267 4.316 4.364 4.412 4.460 4.506 4.551 4.596 4.640 4.682 4.723 4.762 4.799 4.834 4.868 4.900 4.931 4.961 4.989 5.016 5.042 5.067 5.091 5.114 5.137 5.159 5.181 5.203 5.222 5.242 5.262 5.281 5.301 5.320 5.340 5.359 5.378 5.396 5.415 5.434 5.452 5.470 5.489 5.507 5.525 5.543 5.560
-99.000 -99.000 -99.000 -99.000 -99.000 1.651 1.657 1.710 1.856 2.086 2.361 2.640 2.889 3.095 3.258 3.385 3.487 3.573 3.647 3.713 3.775 3.833 3.888 3.941 3.992 4.042 4.091 4.139 4.187 4.235 4.282 4.330 4.377 4.424 4.471 4.517 4.562 4.607 4.650 4.693 4.734 4.774 4.812 4.848 4.882 4.915 4.947 4.977 5.005 5.032 5.059 5.084 5.108 5.132 5.155 5.177 5.198 5.220 5.239 5.259 5.278 5.298 5.317 5.336 5.355 5.373 5.392 5.410 5.429 5.447 5.465 5.483 5.501 5.519 5.537 5.555 5.572
-99.000 -99.000 -99.000 -99.000 -99.000 1.652 1.674 1.773 1.967 2.226 2.508 2.775 3.002 3.185 3.329 3.442 3.535 3.613 3.683 3.747 3.806 3.862 3.915 3.966 4.016 4.065 4.112 4.159 4.206 4.252 4.298 4.344 4.390 4.436 4.482 4.527 4.572 4.616 4.660 4.703 4.745 4.785 4.823 4.860 4.895 4.929 4.961 4.992 5.021 5.049 5.075 5.101 5.125 5.149 5.172 5.194 5.216 5.237 5.257 5.276 5.295 5.314 5.333 5.352 5.370 5.389 5.407 5.425 5.443 5.461 5.479 5.496 5.514 5.532 5.549 5.567 5.584
-99.000 -99.000 -99.000 -99.000 1.651 1.658 1.713 1.863 2.096 2.372 2.650 2.899 3.104 3.265 3.392 3.494 3.578 3.652 3.718 3.779 3.836 3.890 3.942 3.992 4.040 4.087 4.133 4.179 4.224 4.269 4.313 4.358 4.403 4.448 4.493 4.537 4.581 4.625 4.669 4.712 4.754 4.794 4.833 4.871 4.907 4.942 4.975 5.006 5.036 5.064 5.091 5.117 5.142 5.166 5.189 5.212 5.233 5.254 5.274 5.293 5.312 5.331 5.350 5.368 5.386 5.404 5.422 5.440 5.457 5.475 5.492 5.510 5.527 5.544 5.562 5.579 5.596
-99.000 -99.000 -99.000 -99.000 1.652 1.676 1.778 1.975 2.236 2.518 2.784 3.011 3.193 3.335 3.448 3.540 3.619 3.688 3.752 3.810 3.865 3.918 3.968 4.017 4.064 4.109 4.154 4.199 4.242 4.286 4.329 4.372 4.416 4.459 4.503 4.546 4.589 4.633 4.676 4.719 4.761 4.802 4.842 4.881 4.918 4.953 4.987 5.019 5.049 5.078 5.106 5.133 5.158 5.182 5.206 5.229 5.250 5.272 5.291 5.310 5.329 5.348 5.367 5.385 5.403 5.421 5.438 5.455 5.472 5.490 5.506 5.523 5.540 5.557 5.574 5.591 5.608
-99.000 -99.000 -99.000 1.651 1.658 1.716 1.869 2.104 2.381 2.659 2.907 3.112 3.272 3.398 3.499 3.584 3.657 3.723 3.784 3.841 3.894 3.945 3.994 4.041 4.087 4.132 4.175 4.218 4.261 4.303 4.345 4.386 4.429 4.471 4.514 4.556 4.598 4.641 4.683 4.726 4.768 4.809 4.850 4.889 4.926 4.962 4.997 5.030 5.062 5.092 5.120 5.147 5.173 5.198 5.222 5.245 5.267 5.289 5.309 5.328 5.347 5.366 5.384 5.402 5.420 5.437 5.454 5.471 5.488 5.505 5.521 5.538 5.554 5.571 5.587 5.604 5.620
-99.000 -99.000 -99.000 1.652 1.678 1.783 1.982 2.244 2.526 2.792 3.018 3.200 3.341 3.453 3.546 3.624 3.693 3.757 3.815 3.870 3.922 3.972 4.020 4.066 4.110 4.153 4.196 4.238 4.279 4.320 4.360 4.401 4.442 4.483 4.524 4.565 4.606 4.648 4.690 4.732 4.774 4.815 4.856 4.895 4.934 4.970 5.006 5.040 5.072 5.103 5.133 5.161 5.188 5.213 5.238 5.261 5.284 5.305 5.326 5.345 5.364 5.383 5.401 5.420 5.437 5.454 5.471 5.488 5.504 5.521 5.537 5.553 5.569 5.585 5.601 5.617 5.633
-99.000 -99.000 1.651 1.659 1.719 1.875 2.111 2.389 2.666 2.914 3.117 3.278 3.403 3.504 3.589 3.662 3.728 3.789 3.845 3.899 3.950 3.998 4.045 4.089 4.133 4.175 4.217 4.257 4.297 4.337 4.376 4.415 4.455 4.494 4.534 4.574 4.614 4.655 4.696 4.737 4.779 4.820 4.860 4.900 4.939 4.977 5.013 5.048 5.082 5.113 5.144 5.173 5.200 5.227 5.252 5.276 5.299 5.321 5.342 5.361 5.381 5.400 5.419 5.437 5.455 5.472 5.489 5.505 5.521 5.537 5.553 5.569 5.584 5.600 5.615 5.631 5.646
-99.000 -99.000 1.653 1.679 1.787 1.988 2.251 2.533 2.798 3.024 3.205 3.347 3.458 3.550 3.629 3.698 3.761 3.820 3.875 3.927 3.976 4.024 4.069 4.113 4.156 4.197 4.237 4.277 4.316 4.354 4.392 4.430 4.468 4.507 4.545 4.583 4.622 4.662 4.702 4.742 4.783 4.824 4.864 4.904 4.943 4.982 5.019 5.055 5.089 5.122 5.153 5.183 5.212 5.239 5.265 5.290 5.314 5.336 5.358 5.378 5.397 5.417 5.436 5.454 5.472 5.489 5.506 5.522 5.538 5.554 5.570 5.585 5.600 5.615 5.630 5.645 5.660
-99.000 1.651 1.659 1.721 1.879 2.117 2.395 2.673 2.919 3.122 3.282 3.408 3.508 3.592 3.666 3.732 3.793 3.850 3.904 3.954 4.003 4.049 4.094 4.136 4.178 4.218 4.258 4.296 4.334 4.372 4.409 4.445 4.482 4.519 4.556 4.593 4.630 4.669 4.708 4.747 4.787 4.827 4.867 4.907 4.946 4.985 5.023 5.059 5.095 5.128 5.161 5.192 5.222 5.250 5.277 5.302 5.327 5.350 5.372 5.393 5.413 5.433 5.452 5.471 5.489 5.506 5.523 5.540 5.556 5.572 5.587 5.602 5.617 5.632 5.646 5.661 5.675
-99.000 1.653 1.680 1.790 1.993 2.256 2.539 2.803 3.028 3.209 3.350 3.462 3.553 3.632 3.702 3.765 3.824 3.880 3.932 3.981 4.029 4.074 4.118 4.160 4.200 4.240 4.278 4.316 4.353 4.389 4.425 4.461 4.497 4.532 4.568 4.603 4.639 4.676 4.714 4.752 4.791 4.830 4.869 4.909 4.948 4.987 5.025 5.062 5.098 5.133 5.167 5.199 5.230 5.259 5.287 5.313 5.339 5.363 5.385 5.407 5.428 5.448 5.468 5.487 5.505 5.523 5.540 5.557 5.573 5.589 5.604 5.619 5.634 5.649 5.663 5.677 5.691
1.651 1.660 1.723 1.883 2.122 2.400 2.677 2.924 3.126 3.285 3.411 3.511 3.595 3.669 3.736 3.797 3.854 3.908 3.959 4.008 4.054 4.099 4.141 4.183 4.222 4.261 4.299 4.335 4.372 4.407 4.442 4.477 4.511 4.546 4.580 4.614 4.649 4.685 4.721 4.758 4.795 4.833 4.871 4.910 4.949 4.988 5.026 5.064 5.100 5.136 5.171 5.204 5.236 5.266 5.295 5.323 5.349 5.374 5.397 5.419 5.441 5.462 5.483 5.502 5.521 5.539 5.557 5.574 5.590 5.606 5.622 5.637 5.652 5.666 5.680 5.694 5.708
1.653 1.681 1.792 1.996 2.261 2.543 2.808 3.032 3.212 3.353 3.465 3.556 3.634 3.705 3.768 3.828 3.883 3.936 3.986 4.034 4.079 4.123 4.165 4.205 4.244 4.282 4.319 4.355 4.390 4.425 4.459 4.493 4.526 4.560 4.593 4.625 4.659 4.693 4.728 4.764 4.800 4.836 4.874 4.911 4.949 4.988 5.026 5.064 5.101 5.137 5.173 5.207 5.240 5.271 5.301 5.330 5.358 5.384 5.408 5.431 5.453 5.475 5.496 5.516 5.536 5.555 5.573 5.590 5.607 5.623 5.639 5.654 5.669 5.684 5.698 5.712 5.725
1.660 1.725 1.886 2.125 2.404 2.681 2.927 3.128 3.287 3.412 3.514 3.598 3.671 3.738 3.800 3.857 3.912 3.963 4.012 4.059 4.104 4.147 4.188 4.228 4.266 4.303 4.340 4.375 4.409 4.443 4.476 4.509 4.542 4.575 4.606 4.637 4.670 4.703 4.736 4.770 4.805 4.840 4.876 4.913 4.950 4.987 5.025 5.062 5.100 5.137 5.173 5.208 5.242 5.274 5.306 5.336 5.364 5.391 5.416 5.440 5.464 5.487 5.508 5.529 5.549 5.569 5.587 5.605 5.623 5.639 5.656 5.671 5.686 5.701 5.715 5.729 5.743
1.682 1.794 1.999 2.264 2.547 2.810 3.034 3.214 3.354 3.466 3.558 3.636 3.706 3.770 3.830 3.886 3.939 3.990 4.038 4.084 4.128 4.170 4.211 4.250 4.288 4.324 4.360 4.395 4.428 4.461 4.494 4.526 4.558 4.589 4.620 4.650 4.681 4.713 4.745 4.778 4.811 4.845 4.879 4.914 4.950 4.987 5.024 5.061 5.098 5.135 5.171 5.207 5.242 5.275 5.308 5.339 5.369 5.397 5.423 5.448 5.473 5.496 5.519 5.541 5.562 5.582 5.601 5.619 5.637 5.655 5.671 5.688 5.703 5.718 5.733 5.747 5.760
1.726 1.888 2.128 2.407 2.684 2.929 3.130 3.289 3.414 3.515 3.600 3.673 3.739 3.801 3.859 3.914 3.966 4.016 4.063 4.108 4.152 4.193 4.233 4.272 4.309 4.345 4.380 4.414 4.447 4.480 4.512 4.543 4.574 4.605 4.634 4.663 4.694 4.724 4.755 4.786 4.818 4.850 4.883 4.917 4.951 4.987 5.022 5.059 5.095 5.132 5.168 5.204 5.240 5.274 5.308 5.340 5.372 5.401 5.427 5.454 5.480 5.504 5.528 5.550 5.572 5.593 5.613 5.632 5.651 5.669 5.686 5.703 5.719 5.734 5.749 5.764 5.778
1.796 2.001 2.266 2.549 2.812 3.036 3.215 3.355 3.467 3.559 3.638 3.708 3.771 3.831 3.888 3.941 3.992 4.041 4.087 4.132 4.175 4.216 4.256 4.294 4.330 4.366 4.401 4.434 4.467 4.498 4.530 4.560 4.591 4.620 4.649 4.677 4.707 4.736 4.766 4.796 4.826 4.857 4.888 4.921 4.954 4.987 5.022 5.057 5.092 5.128 5.165 5.201 5.236 5.272 5.306 5.339 5.372 5.402 5.430 5.458 5.485 5.510 5.535 5.559 5.581 5.603 5.624 5.644 5.663 5.682 5.700 5.717 5.734 5.750 5.765 5.780 5.794
1.889 2.129 2.408 2.685 2.930 3.131 3.290 3.414 3.515 3.600 3.674 3.741 3.802 3.860 3.915 3.968 4.018 4.066 4.111 4.155 4.198 4.238 4.277 4.315 4.352 4.387 4.421 4.454 4.486 4.517 4.548 4.578 4.607 4.637 4.665 4.692 4.720 4.749 4.777 4.806 4.835 4.865 4.895 4.925 4.957 4.989 5.022 5.056 5.090 5.125 5.160 5.196 5.232 5.267 5.302 5.336 5.369 5.401 5.430 5.459 5.487 5.514 5.540 5.565 5.588 5.611 5.633 5.654 5.674 5.693 5.712 5.730 5.747 5.764 5.780 5.795 5.810
2.002 2.267 2.549 2.813 3.037 3.216 3.356 3.468 3.560 3.638 3.709 3.772 3.832 3.888 3.942 3.994 4.043 4.090 4.135 4.178 4.220 4.260 4.299 4.336 4.372 4.407 4.441 4.473 4.505 4.536 4.566 4.596 4.625 4.653 4.681 4.707 4.735 4.762 4.790 4.817 4.845 4.873 4.902 4.931 4.961 4.992 5.023 5.055 5.088 5.122 5.156 5.191 5.226 5.262 5.297 5.331 5.365 5.397 5.428 5.459 5.488 5.516 5.543 5.569 5.594 5.617 5.640 5.662 5.683 5.703 5.722 5.741 5.759 5.776 5.793 5.809 5.825
2.129 2.408 2.685 2.930 3.132 3.290 3.415 3.516 3.600 3.675 3.742 3.803 3.860 3.916 3.968 4.019 4.067 4.113 4.158 4.201 4.242 4.282 4.320 4.357 4.393 4.427 4.461 4.493 4.524 4.555 4.585 4.614 4.642 4.670 4.697 4.723 4.750 4.776 4.803 4.830 4.857 4.884 4.911 4.939 4.967 4.996 5.026 5.056 5.088 5.120 5.153 5.187 5.221 5.255 5.290 5.325 5.359 5.392 5.424 5.456 5.486 5.516 5.544 5.571 5.597 5.622 5.645 5.668 5.690 5.711 5.731 5.751 5.770 5.788 5.805 5.822 5.838
2.265 2.548 2.812 3.036 3.216 3.356 3.468 3.560 3.639 3.709 3.773 3.832 3.888 3.942 3.994 4.043 4.091 4.136 4.180 4.223 4.264 4.303 4.341 4.378 4.413 4.447 4.480 4.512 4.544 4.574 4.603 4.632 4.660 4.687 4.714 4.739 4.765 4.791 4.817 4.843 4.869 4.895 4.921 4.947 4.974 5.002 5.030 5.059 5.089 5.119 5.151 5.183 5.216 5.249 5.284 5.318 5.352 5.386 5.418 5.450 5.482 5.513 5.542 5.571 5.598 5.624 5.649 5.673 5.696 5.718 5.739 5.759 5.779 5.798 5.816 5.833 5.850
2.406 2.683 2.929 3.131 3.290 3.415 3.516 3.601 3.675 3.741 3.803 3.861 3.915 3.968 4.018 4.067 4.114 4.159 4.202 4.244 4.285 4.324 4.362 4.398 4.433 4.467 4.500 4.532 4.563 4.592 4.622 4.650 4.678 4.705 4.731 4.756 4.781 4.807 4.832 4.857 4.882 4.907 4.932 4.957 4.983 5.009 5.036 5.063 5.091 5.120 5.150 5.180 5.212 5.244 5.277 5.311 5.344 5.378 5.410 5.443 5.476 5.507 5.538 5.568 5.596 5.624 5.650 5.675 5.699 5.722 5.744 5.765 5.786 5.806 5.825 5.843 5.861
2.545 2.810 3.035 3.215 3.356 3.468 3.560 3.639 3.709 3.773 3.833 3.888 3.941 3.993 4.043 4.090 4.136 4.181 4.224 4.265 4.305 4.344 4.382 4.418 4.453 4.487 4.519 4.551 4.581 4.611 4.640 4.668 4.696 4.722 4.748 4.773 4.798 4.823 4.847 4.872 4.896 4.920 4.944 4.969 4.993 5.018 5.043 5.069 5.096 5.123 5.151 5.179 5.209 5.240 5.271 5.304 5.337 5.369 5.401 5.434 5.467 5.500 5.532 5.562 5.592 5.621 5.649 5.675 5.700 5.724 5.748 5.770 5.791 5.812 5.832 5.851 5.870
2.679 2.926 3.129 3.290 3.415 3.517 3.601 3.675 3.742 3.803 3.861 3.915 3.967 4.018 4.066 4.113 4.158 4.202 4.245 4.286 4.326 4.364 4.401 4.437 4.472 4.506 4.538 4.570 4.600 4.630 4.658 4.686 4.713 4.740 4.765 4.790 4.814 4.839 4.863 4.887 4.910 4.934 4.957 4.981 5.004 5.028 5.052 5.077 5.102 5.127 5.153 5.181 5.208 5.237 5.267 5.298 5.329 5.361 5.392 5.425 5.458 5.490 5.523 5.555 5.586 5.616 5.645 5.672 5.699 5.725 5.749 5.772 5.795 5.817 5.837 5.857 5.877
2.805 3.032 3.214 3.356 3.469 3.561 3.639 3.709 3.773 3.832 3.889 3.941 3.992 4.042 4.089 4.135 4.180 4.223 4.265 4.306 4.345 4.383 4.420 4.456 4.491 4.524 4.557 4.588 4.618 4.648 4.676 4.704 4.731 4.758 4.782 4.807 4.831 4.855 4.879 4.902 4.926 4.949 4.971 4.994 5.017 5.040 5.063 5.086 5.110 5.134 5.158 5.184 5.210 5.237 5.265 5.294 5.323 5.353 5.383 5.415 5.447 5.480 5.513 5.545 5.577 5.608 5.638 5.667 5.695 5.722 5.748 5.773 5.796 5.819 5.841 5.862 5.882
2.922 3.126 3.288 3.415 3.517 3.602 3.676 3.742 3.803 3.861 3.916 3.967 4.017 4.065 4.112 4.157 4.201 4.244 4.285 4.325 4.364 4.402 4.439 4.475 4.509 4.542 4.575 4.606 4.636 4.666 4.694 4.722 4.749 4.775 4.800 4.824 4.848 4.872 4.895 4.918 4.941 4.964 4.986 5.008 5.030 5.052 5.074 5.097 5.119 5.142 5.165 5.189 5.213 5.239 5.265 5.292 5.319 5.348 5.376 5.406 5.437 5.469 5.501 5.534 5.566 5.597 5.629 5.659 5.688 5.717 5.744 5.770 5.795 5.819 5.842 5.865 5.886
3.027 3.211 3.355 3.468 3.561 3.640 3.710 3.774 3.833 3.889 3.942 3.992 4.041 4.088 4.134 4.178 4.222 4.264 4.305 4.345 4.383 4.421 4.457 4.493 4.527 4.560 4.592 4.624 4.654 4.683 4.712 4.739 4.766 4.792 4.817 4.841 4.865 4.889 4.912 4.935 4.957 4.979 5.001 5.023 5.044 5.066 5.087 5.108 5.130 5.152 5.174 5.196 5.219 5.243 5.267 5.292 5.318 5.344 5.371 5.399 5.429 5.459 5.490 5.522 5.554 5.585 5.617 5.648 5.679 5.708 5.737 5.765 5.791 5.817 5.841 5.865 5.887
3.122 3.286 3.414 3.517 3.603 3.677 3.743 3.804 3.862 3.916 3.968 4.016 4.064 4.111 4.156 4.199 4.242 4.284 4.324 4.363 4.402 4.439 4.475 4.510 4.544 4.578 4.610 4.641 4.671 4.700 4.729 4.756 4.783 4.809 4.834 4.858 4.882 4.905 4.928 4.951 4.973 4.995 5.016 5.038 5.059 5.080 5.101 5.121 5.142 5.163 5.184 5.205 5.227 5.249 5.271 5.295 5.319 5.343 5.368 5.394 5.422 5.450 5.480 5.510 5.541 5.573 5.604 5.636 5.667 5.698 5.727 5.756 5.785 5.812 5.837 5.862 5.886
3.207 3.353 3.468 3.562 3.641 3.711 3.775 3.834 3.890 3.943 3.993 4.040 4.087 4.133 4.177 4.220 4.262 4.303 4.343 4.382 4.419 4.456 4.492 4.527 4.561 4.594 4.626 4.658 4.688 4.717 4.746 4.773 4.800 4.826 4.850 4.874 4.898 4.922 4.945 4.967 4.989 5.011 5.032 5.053 5.074 5.094 5.115 5.135 5.155 5.175 5.195 5.216 5.236 5.257 5.278 5.300 5.322 5.345 5.367 5.392 5.417 5.444 5.471 5.500 5.529 5.560 5.591 5.622 5.653 5.684 5.715 5.745 5.775 5.803 5.831 5.857 5.882
3.282 3.412 3.517 3.603 3.678 3.745 3.806 3.863 3.917 3.969 4.017 4.064 4.110 4.155 4.198 4.241 4.282 4.322 4.361 4.400 4.437 4.474 4.509 4.544 4.578 4.611 4.643 4.674 4.704 4.733 4.762 4.790 4.816 4.842 4.866 4.890 4.914 4.938 4.961 4.983 5.005 5.027 5.048 5.069 5.089 5.109 5.129 5.149 5.169 5.188 5.208 5.228 5.247 5.267 5.287 5.307 5.328 5.349 5.370 5.392 5.416 5.440 5.466 5.492 5.520 5.548 5.578 5.608 5.639 5.669 5.701 5.731 5.762 5.791 5.820 5.848 5.875
3.349 3.466 3.562 3.642 3.713 3.777 3.836 3.891 3.944 3.995 4.042 4.088 4.133 4.177 4.219 4.261 4.301 4.341 4.379 4.417 4.454 4.490 4.526 4.560 4.594 4.627 4.659 4.690 4.720 4.749 4.778 4.806 4.832 4.858 4.882 4.906 4.930 4.954 4.977 4.999 5.021 5.042 5.063 5.084 5.104 5.124 5.144 5.164 5.183 5.202 5.221 5.240 5.259 5.278 5.297 5.317 5.336 5.355 5.375 5.395 5.417 5.439 5.463 5.487 5.512 5.539 5.566 5.595 5.624 5.654 5.685 5.716 5.746 5.777 5.807 5.836 5.865
3.410 3.516 3.603 3.679 3.746 3.808 3.865 3.919 3.971 4.020 4.066 4.111 4.155 4.198 4.240 4.281 4.320 4.359 4.397 4.435 4.471 4.507 4.542 4.576 4.610 4.642 4.674 4.705 4.735 4.765 4.793 4.821 4.848 4.873 4.898 4.922 4.946 4.969 4.992 5.014 5.036 5.058 5.079 5.099 5.120 5.139 5.159 5.178 5.198 5.216 5.235 5.254 5.272 5.291 5.309 5.328 5.346 5.364 5.382 5.401 5.421 5.442 5.463 5.485 5.508 5.533 5.558 5.584 5.612 5.640 5.669 5.699 5.730 5.760 5.791 5.821 5.851
