version1/TsunamiDB/out54060.asc
ncols          264
nrows          230
xllcorner      497853.4375
yllcorner      4229146.0000
cellsize         5.
NODATA_value   -99
[rows 132 to 164 of 230, columns 148 to 221 of 264]
6.227 6.231 6.237 6.245 6.254 6.266 6.280 6.297 6.316 6.337 6.360 6.384 6.410 6.437 6.465 6.494 6.523 6.552 6.581 6.611 6.640 6.669 6.697 6.724 6.752 6.780 6.807 6.835 6.862 6.889 6.915 6.940 6.964 6.986 7.007 7.025 7.040 7.054 7.068 7.085 7.104 7.125 7.151 7.182 7.216 7.254 7.297 7.344 7.393 7.442 7.496 7.559 7.628 7.699 7.771 7.846 7.926 8.010 8.091 8.146 8.204 8.289 8.370 8.444 8.513 8.576 8.632 8.678 8.713 8.728 8.744 8.770 8.792 8.810
6.249 6.253 6.259 6.266 6.274 6.284 6.297 6.312 6.329 6.349 6.371 6.394 6.420 6.446 6.474 6.503 6.532 6.561 6.591 6.621 6.650 6.680 6.708 6.735 6.763 6.792 6.820 6.848 6.876 6.903 6.930 6.956 6.981 7.004 7.026 7.044 7.060 7.074 7.088 7.105 7.125 7.147 7.174 7.207 7.244 7.286 7.333 7.384 7.436 7.488 7.544 7.610 7.680 7.751 7.823 7.897 7.978 8.062 8.145 8.200 8.259 8.344 8.422 8.495 8.561 8.621 8.674 8.715 8.745 8.758 8.771 8.793 8.811 8.826
6.269 6.275 6.280 6.286 6.294 6.303 6.314 6.328 6.344 6.362 6.383 6.406 6.430 6.457 6.484 6.512 6.541 6.571 6.601 6.631 6.661 6.691 6.719 6.747 6.776 6.804 6.833 6.861 6.890 6.918 6.945 6.972 6.998 7.022 7.044 7.063 7.080 7.094 7.108 7.126 7.146 7.169 7.198 7.233 7.273 7.319 7.370 7.424 7.479 7.533 7.591 7.659 7.730 7.802 7.873 7.948 8.027 8.112 8.197 8.253 8.311 8.395 8.472 8.542 8.606 8.663 8.713 8.750 8.777 8.787 8.797 8.815 8.830 8.843
6.289 6.295 6.301 6.307 6.314 6.323 6.333 6.345 6.360 6.377 6.397 6.418 6.442 6.468 6.495 6.523 6.552 6.582 6.612 6.643 6.673 6.702 6.731 6.760 6.789 6.817 6.846 6.875 6.904 6.933 6.961 6.988 7.015 7.040 7.062 7.082 7.099 7.113 7.127 7.146 7.168 7.192 7.223 7.260 7.304 7.353 7.408 7.466 7.524 7.579 7.637 7.707 7.780 7.852 7.924 7.999 8.077 8.163 8.253 8.309 8.365 8.447 8.521 8.589 8.649 8.704 8.750 8.784 8.806 8.813 8.821 8.836 8.849 8.858
6.307 6.314 6.320 6.327 6.334 6.342 6.352 6.363 6.377 6.393 6.411 6.432 6.455 6.480 6.507 6.535 6.564 6.594 6.624 6.655 6.685 6.715 6.744 6.773 6.802 6.832 6.861 6.890 6.919 6.948 6.977 7.005 7.032 7.057 7.081 7.101 7.118 7.132 7.147 7.168 7.191 7.217 7.250 7.290 7.337 7.390 7.448 7.509 7.570 7.624 7.683 7.755 7.829 7.902 7.976 8.051 8.129 8.223 8.314 8.365 8.418 8.497 8.569 8.633 8.690 8.741 8.785 8.813 8.830 8.836 8.843 8.856 8.865 8.873
6.323 6.331 6.339 6.346 6.354 6.362 6.371 6.382 6.395 6.410 6.427 6.447 6.469 6.493 6.519 6.547 6.576 6.606 6.637 6.667 6.698 6.729 6.758 6.787 6.817 6.846 6.876 6.905 6.935 6.964 6.993 7.022 7.049 7.075 7.099 7.120 7.137 7.152 7.169 7.192 7.217 7.245 7.280 7.323 7.373 7.428 7.489 7.553 7.615 7.670 7.729 7.803 7.879 7.955 8.030 8.107 8.192 8.285 8.370 8.418 8.469 8.544 8.612 8.673 8.727 8.774 8.812 8.836 8.852 8.858 8.863 8.874 8.881 8.887
6.339 6.348 6.356 6.364 6.372 6.381 6.390 6.400 6.413 6.427 6.443 6.462 6.484 6.507 6.533 6.560 6.589 6.619 6.650 6.681 6.712 6.743 6.772 6.802 6.832 6.862 6.892 6.922 6.951 6.981 7.010 7.039 7.067 7.093 7.117 7.139 7.157 7.174 7.193 7.218 7.245 7.275 7.313 7.359 7.410 7.467 7.531 7.596 7.660 7.715 7.775 7.851 7.930 8.009 8.087 8.169 8.256 8.344 8.422 8.467 8.515 8.587 8.651 8.709 8.759 8.802 8.835 8.857 8.873 8.878 8.882 8.891 8.897 8.901
6.354 6.364 6.373 6.382 6.390 6.399 6.408 6.419 6.431 6.444 6.460 6.478 6.499 6.522 6.547 6.574 6.603 6.633 6.663 6.695 6.727 6.758 6.788 6.818 6.848 6.878 6.908 6.938 6.968 6.998 7.028 7.057 7.085 7.112 7.137 7.159 7.179 7.198 7.219 7.246 7.276 7.309 7.349 7.395 7.448 7.507 7.572 7.640 7.706 7.762 7.823 7.903 7.984 8.065 8.147 8.231 8.316 8.399 8.471 8.513 8.558 8.626 8.687 8.741 8.788 8.826 8.856 8.877 8.892 8.896 8.900 8.907 8.912 8.915
6.369 6.379 6.389 6.399 6.408 6.417 6.426 6.437 6.449 6.462 6.477 6.495 6.514 6.537 6.561 6.588 6.617 6.647 6.678 6.709 6.742 6.773 6.804 6.834 6.865 6.896 6.926 6.956 6.986 7.016 7.046 7.076 7.104 7.132 7.157 7.181 7.203 7.224 7.248 7.278 7.310 7.344 7.386 7.434 7.488 7.547 7.613 7.683 7.752 7.810 7.873 7.956 8.040 8.124 8.208 8.290 8.372 8.449 8.517 8.556 8.598 8.661 8.718 8.769 8.812 8.847 8.875 8.895 8.909 8.913 8.916 8.922 8.926 8.928
6.384 6.395 6.405 6.415 6.425 6.434 6.444 6.455 6.466 6.479 6.494 6.511 6.530 6.552 6.576 6.602 6.631 6.661 6.692 6.724 6.757 6.789 6.820 6.851 6.882 6.913 6.944 6.974 7.005 7.035 7.065 7.095 7.124 7.152 7.180 7.206 7.230 7.254 7.280 7.311 7.345 7.381 7.424 7.473 7.527 7.586 7.654 7.727 7.801 7.860 7.924 8.010 8.098 8.184 8.266 8.347 8.425 8.497 8.560 8.595 8.634 8.693 8.746 8.794 8.834 8.867 8.894 8.913 8.925 8.929 8.932 8.937 8.939 8.940
6.398 6.410 6.421 6.431 6.441 6.451 6.462 6.472 6.484 6.497 6.511 6.527 6.546 6.567 6.591 6.617 6.645 6.675 6.706 6.739 6.772 6.805 6.837 6.868 6.900 6.931 6.962 6.993 7.024 7.055 7.085 7.115 7.145 7.175 7.204 7.232 7.259 7.285 7.313 7.346 7.381 7.419 7.463 7.513 7.566 7.626 7.696 7.773 7.851 7.911 7.977 8.067 8.156 8.241 8.322 8.400 8.474 8.541 8.600 8.632 8.668 8.722 8.772 8.817 8.854 8.886 8.911 8.929 8.940 8.943 8.945 8.949 8.951 8.950
6.414 6.425 6.437 6.448 6.458 6.468 6.479 6.490 6.501 6.514 6.528 6.544 6.562 6.583 6.606 6.631 6.659 6.689 6.721 6.754 6.787 6.821 6.853 6.886 6.918 6.950 6.981 7.012 7.043 7.075 7.106 7.137 7.168 7.200 7.231 7.261 7.290 7.318 7.347 7.382 7.419 7.458 7.503 7.553 7.607 7.668 7.740 7.822 7.904 7.965 8.033 8.124 8.212 8.295 8.374 8.448 8.518 8.581 8.636 8.666 8.698 8.749 8.795 8.837 8.872 8.903 8.927 8.943 8.952 8.955 8.957 8.959 8.960 8.960
6.430 6.441 6.453 6.464 6.475 6.486 6.496 6.507 6.519 6.531 6.545 6.560 6.578 6.598 6.620 6.645 6.673 6.703 6.735 6.768 6.802 6.836 6.870 6.903 6.936 6.968 7.000 7.032 7.064 7.096 7.128 7.160 7.193 7.226 7.259 7.292 7.323 7.352 7.383 7.419 7.456 7.497 7.543 7.594 7.649 7.712 7.786 7.869 7.955 8.018 8.087 8.178 8.265 8.347 8.422 8.493 8.560 8.619 8.670 8.698 8.728 8.774 8.818 8.856 8.889 8.918 8.942 8.957 8.964 8.966 8.967 8.969 8.970 8.969
6.446 6.458 6.470 6.482 6.493 6.503 6.514 6.525 6.536 6.549 6.562 6.577 6.594 6.613 6.635 6.660 6.687 6.717 6.749 6.782 6.817 6.852 6.886 6.920 6.954 6.987 7.019 7.052 7.084 7.118 7.152 7.185 7.219 7.254 7.289 7.323 7.356 7.387 7.419 7.455 7.494 7.536 7.584 7.636 7.693 7.757 7.832 7.919 8.012 8.076 8.142 8.233 8.318 8.397 8.470 8.538 8.601 8.656 8.705 8.730 8.756 8.800 8.840 8.875 8.906 8.934 8.956 8.970 8.975 8.975 8.975 8.977 8.978 8.978
6.463 6.476 6.488 6.499 6.511 6.522 6.533 6.543 6.555 6.566 6.579 6.594 6.610 6.629 6.650 6.674 6.701 6.730 6.762 6.796 6.831 6.867 6.902 6.937 6.971 7.005 7.038 7.071 7.105 7.140 7.176 7.211 7.247 7.283 7.320 7.356 7.390 7.422 7.454 7.493 7.533 7.576 7.625 7.680 7.739 7.806 7.883 7.979 8.075 8.134 8.198 8.287 8.370 8.446 8.516 8.581 8.640 8.692 8.737 8.760 8.784 8.824 8.861 8.894 8.923 8.948 8.970 8.980 8.982 8.982 8.982 8.983 8.985 8.986
6.481 6.494 6.506 6.518 6.530 6.541 6.552 6.562 6.573 6.585 6.597 6.611 6.627 6.645 6.665 6.688 6.714 6.743 6.775 6.809 6.845 6.881 6.917 6.953 6.988 7.022 7.056 7.091 7.127 7.164 7.201 7.238 7.276 7.314 7.351 7.388 7.423 7.456 7.492 7.532 7.573 7.619 7.671 7.729 7.791 7.862 7.947 8.044 8.133 8.190 8.252 8.338 8.419 8.493 8.560 8.621 8.677 8.726 8.768 8.789 8.811 8.848 8.881 8.911 8.938 8.961 8.979 8.986 8.989 8.989 8.988 8.990 8.992 8.994
6.499 6.512 6.525 6.537 6.549 6.560 6.571 6.582 6.593 6.604 6.616 6.629 6.644 6.661 6.680 6.703 6.728 6.757 6.788 6.822 6.858 6.895 6.931 6.968 7.004 7.039 7.075 7.111 7.150 7.189 7.228 7.266 7.306 7.344 7.383 7.420 7.456 7.493 7.532 7.574 7.617 7.665 7.722 7.782 7.848 7.925 8.013 8.105 8.190 8.243 8.303 8.387 8.465 8.537 8.601 8.660 8.712 8.758 8.798 8.817 8.836 8.870 8.901 8.928 8.951 8.971 8.985 8.992 8.996 8.995 8.994 8.997 9.000 9.004
6.517 6.531 6.544 6.557 6.569 6.581 6.592 6.603 6.613 6.624 6.635 6.648 6.662 6.678 6.696 6.717 6.742 6.770 6.801 6.835 6.871 6.908 6.945 6.982 7.019 7.056 7.094 7.133 7.173 7.214 7.255 7.295 7.335 7.375 7.414 7.452 7.491 7.531 7.574 7.618 7.663 7.717 7.777 7.841 7.911 7.990 8.076 8.163 8.243 8.295 8.352 8.434 8.510 8.579 8.641 8.697 8.746 8.789 8.826 8.843 8.861 8.892 8.919 8.943 8.963 8.979 8.991 8.998 9.002 9.002 9.000 9.005 9.010 9.015
6.535 6.549 6.563 6.577 6.590 6.602 6.613 6.624 6.634 6.645 6.656 6.667 6.680 6.695 6.712 6.732 6.756 6.783 6.813 6.847 6.883 6.920 6.958 6.996 7.035 7.074 7.114 7.155 7.197 7.240 7.282 7.324 7.365 7.405 7.445 7.485 7.527 7.572 7.619 7.666 7.715 7.773 7.837 7.905 7.977 8.054 8.136 8.219 8.295 8.345 8.400 8.478 8.552 8.620 8.679 8.732 8.779 8.819 8.853 8.868 8.884 8.912 8.936 8.957 8.974 8.987 8.997 9.004 9.009 9.009 9.008 9.014 9.021 9.028
6.553 6.568 6.582 6.597 6.610 6.623 6.635 6.646 6.656 6.666 6.677 6.688 6.700 6.713 6.729 6.748 6.770 6.796 6.825 6.858 6.894 6.931 6.970 7.010 7.050 7.092 7.134 7.178 7.222 7.266 7.309 7.352 7.395 7.436 7.478 7.520 7.565 7.615 7.668 7.718 7.770 7.833 7.900 7.970 8.040 8.114 8.192 8.271 8.346 8.393 8.445 8.521 8.593 8.658 8.715 8.766 8.810 8.848 8.879 8.892 8.906 8.931 8.953 8.970 8.984 8.995 9.004 9.011 9.018 9.017 9.017 9.024 9.033 9.042
6.569 6.585 6.601 6.616 6.630 6.644 6.656 6.668 6.679 6.689 6.699 6.709 6.720 6.733 6.747 6.765 6.785 6.809 6.838 6.870 6.906 6.942 6.982 7.024 7.066 7.110 7.155 7.201 7.246 7.291 7.335 7.380 7.424 7.468 7.511 7.557 7.606 7.662 7.721 7.773 7.828 7.895 7.965 8.033 8.101 8.172 8.246 8.322 8.395 8.440 8.490 8.565 8.634 8.696 8.750 8.799 8.840 8.875 8.903 8.915 8.927 8.949 8.967 8.982 8.994 9.003 9.011 9.018 9.027 9.027 9.027 9.036 9.047 9.057
6.585 6.602 6.618 6.634 6.650 6.664 6.677 6.690 6.701 6.711 6.721 6.731 6.741 6.753 6.766 6.782 6.800 6.823 6.850 6.882 6.917 6.954 6.995 7.038 7.083 7.130 7.177 7.224 7.270 7.315 7.361 7.407 7.454 7.500 7.546 7.596 7.651 7.712 7.775 7.830 7.887 7.957 8.027 8.094 8.160 8.227 8.297 8.371 8.443 8.486 8.534 8.606 8.672 8.731 8.783 8.829 8.868 8.900 8.925 8.936 8.946 8.964 8.981 8.994 9.004 9.012 9.019 9.027 9.037 9.037 9.038 9.050 9.061 9.071
6.599 6.617 6.635 6.652 6.668 6.684 6.698 6.711 6.723 6.734 6.744 6.754 6.763 6.774 6.785 6.799 6.816 6.837 6.863 6.894 6.928 6.966 7.008 7.053 7.100 7.149 7.198 7.246 7.293 7.339 7.386 7.434 7.484 7.533 7.584 7.638 7.697 7.762 7.830 7.888 7.946 8.016 8.086 8.153 8.216 8.280 8.347 8.418 8.489 8.532 8.578 8.646 8.709 8.765 8.814 8.857 8.895 8.925 8.947 8.955 8.963 8.980 8.995 9.006 9.015 9.022 9.028 9.037 9.047 9.049 9.051 9.063 9.074 9.086
6.613 6.631 6.650 6.668 6.685 6.702 6.718 6.732 6.745 6.757 6.767 6.777 6.786 6.795 6.806 6.818 6.833 6.851 6.876 6.906 6.941 6.979 7.022 7.068 7.117 7.169 7.219 7.268 7.316 7.363 7.411 7.462 7.515 7.568 7.624 7.683 7.746 7.816 7.890 7.948 8.006 8.077 8.146 8.211 8.272 8.334 8.396 8.466 8.538 8.580 8.622 8.687 8.747 8.799 8.845 8.886 8.921 8.949 8.967 8.973 8.980 8.995 9.008 9.018 9.026 9.032 9.038 9.047 9.060 9.063 9.065 9.077 9.090 9.101
6.625 6.644 6.664 6.683 6.701 6.719 6.736 6.751 6.766 6.778 6.789 6.799 6.808 6.817 6.826 6.837 6.850 6.867 6.889 6.920 6.954 6.993 7.037 7.084 7.136 7.188 7.240 7.290 7.338 7.388 7.438 7.492 7.549 7.607 7.668 7.732 7.799 7.877 7.954 8.009 8.065 8.135 8.203 8.266 8.327 8.386 8.445 8.518 8.591 8.627 8.666 8.728 8.783 8.831 8.874 8.913 8.946 8.969 8.984 8.990 8.996 9.009 9.021 9.030 9.038 9.044 9.049 9.061 9.076 9.078 9.080 9.093 9.105 9.117
6.636 6.656 6.676 6.696 6.716 6.735 6.753 6.770 6.785 6.799 6.811 6.821 6.830 6.839 6.847 6.857 6.868 6.883 6.905 6.935 6.969 7.008 7.053 7.102 7.154 7.207 7.260 7.312 7.364 7.415 7.467 7.526 7.587 7.651 7.717 7.786 7.861 7.942 8.015 8.069 8.123 8.192 8.259 8.322 8.381 8.440 8.503 8.573 8.639 8.673 8.709 8.766 8.817 8.862 8.902 8.937 8.966 8.986 9.001 9.005 9.010 9.022 9.033 9.043 9.050 9.057 9.065 9.077 9.091 9.093 9.095 9.108 9.120 9.132
6.646 6.667 6.688 6.709 6.729 6.749 6.768 6.786 6.803 6.818 6.831 6.842 6.852 6.860 6.868 6.877 6.887 6.901 6.922 6.951 6.985 7.024 7.069 7.119 7.172 7.226 7.281 7.336 7.392 7.444 7.500 7.563 7.631 7.699 7.771 7.847 7.926 8.005 8.075 8.126 8.179 8.247 8.314 8.376 8.436 8.497 8.560 8.625 8.685 8.716 8.749 8.802 8.849 8.890 8.927 8.959 8.984 9.003 9.017 9.021 9.024 9.036 9.047 9.056 9.064 9.072 9.082 9.094 9.107 9.108 9.111 9.123 9.135 9.146
6.655 6.676 6.698 6.719 6.741 6.762 6.782 6.801 6.819 6.835 6.850 6.862 6.873 6.882 6.890 6.898 6.907 6.920 6.940 6.968 7.002 7.041 7.086 7.137 7.190 7.245 7.304 7.363 7.422 7.477 7.536 7.606 7.678 7.752 7.830 7.909 7.989 8.066 8.133 8.182 8.233 8.301 8.367 8.430 8.492 8.553 8.614 8.675 8.728 8.756 8.787 8.835 8.878 8.916 8.949 8.977 9.000 9.018 9.031 9.035 9.038 9.050 9.061 9.070 9.079 9.089 9.099 9.111 9.122 9.124 9.126 9.138 9.149 9.160
6.663 6.685 6.707 6.729 6.751 6.773 6.795 6.815 6.834 6.851 6.867 6.881 6.893 6.903 6.911 6.919 6.928 6.940 6.959 6.987 7.020 7.058 7.103 7.154 7.208 7.266 7.329 7.393 7.456 7.514 7.577 7.652 7.729 7.809 7.889 7.970 8.050 8.124 8.190 8.238 8.288 8.355 8.420 8.485 8.546 8.606 8.666 8.721 8.769 8.795 8.823 8.866 8.905 8.940 8.970 8.995 9.016 9.033 9.046 9.049 9.052 9.064 9.075 9.085 9.095 9.105 9.116 9.127 9.138 9.139 9.141 9.152 9.163 9.173
6.670 6.692 6.715 6.738 6.761 6.783 6.805 6.827 6.847 6.866 6.883 6.898 6.912 6.923 6.932 6.941 6.949 6.961 6.978 7.005 7.038 7.075 7.121 7.173 7.229 7.290 7.356 7.426 7.494 7.555 7.621 7.701 7.784 7.867 7.949 8.030 8.108 8.181 8.247 8.292 8.341 8.407 8.474 8.538 8.598 8.657 8.714 8.765 8.808 8.831 8.856 8.895 8.931 8.962 8.989 9.012 9.031 9.047 9.061 9.064 9.067 9.078 9.090 9.101 9.111 9.122 9.133 9.143 9.153 9.154 9.156 9.166 9.175 9.184
6.677 6.699 6.722 6.745 6.769 6.792 6.815 6.838 6.859 6.879 6.898 6.915 6.930 6.942 6.953 6.962 6.970 6.981 6.997 7.024 7.056 7.093 7.139 7.192 7.251 7.316 7.387 7.462 7.535 7.598 7.668 7.753 7.839 7.924 8.007 8.087 8.165 8.237 8.302 8.346 8.393 8.460 8.526 8.589 8.649 8.705 8.759 8.806 8.845 8.865 8.888 8.923 8.954 8.983 9.007 9.028 9.047 9.063 9.076 9.078 9.081 9.093 9.105 9.116 9.127 9.138 9.149 9.159 9.168 9.168 9.170 9.179 9.187 9.196
6.683 6.706 6.729 6.752 6.776 6.800 6.824 6.848 6.870 6.892 6.912 6.930 6.947 6.961 6.973 6.983 6.991 7.001 7.017 7.042 7.074 7.111 7.159 7.214 7.276 7.345 7.421 7.501 7.578 7.643 7.716 7.805 7.893 7.979 8.062 8.141 8.219 8.290 8.354 8.397 8.444 8.510 8.575 8.637 8.695 8.749 8.800 8.843 8.878 8.897 8.917 8.947 8.976 9.002 9.025 9.044 9.062 9.077 9.090 9.093 9.096 9.108 9.120 9.131 9.143 9.154 9.165 9.174 9.181 9.182 9.183 9.191 9.199 9.206
6.690 6.712 6.736 6.759 6.784 6.808 6.833 6.857 6.881 6.904 6.925 6.945 6.963 6.979 6.992 7.003 7.011 7.021 7.036 7.062 7.093 7.131 7.180 7.237 7.302 7.376 7.456 7.540 7.621 7.689 7.764 7.855 7.944 8.031 8.114 8.193 8.270 8.341 8.405 8.448 8.494 8.559 8.622 8.682 8.738 8.791 8.839 8.879 8.911 8.927 8.944 8.972 8.998 9.022 9.043 9.061 9.078 9.093 9.105 9.108 9.111 9.123 9.134 9.146 9.158 9.169 9.180 9.188 9.195 9.195 9.196 9.203 9.210 9.217
