version1/TsunamiDB/out54053.asc
ncols          264
nrows          230
xllcorner      497853.4375
yllcorner      4229146.0000
cellsize         5.
NODATA_value   -99
[rows 99 to 131 of 230, columns 74 to 147 of 264]
-99.000 -99.000 1.648 1.656 1.716 1.873 2.113 2.404 2.707 2.990 3.234 3.433 3.593 3.721 3.825 3.913 3.989 4.057 4.119 4.176 4.230 4.280 4.328 4.373 4.416 4.458 4.497 4.534 4.570 4.604 4.637 4.670 4.701 4.732 4.763 4.793 4.823 4.852 4.882 4.912 4.943 4.974 5.005 5.037 5.069 5.102 5.135 5.168 5.202 5.236 5.270 5.304 5.337 5.370 5.403 5.437 5.469 5.502 5.533 5.564 5.595 5.625 5.654 5.682 5.710 5.737 5.763 5.788 5.813 5.836 5.859 5.880 5.901 5.919
-99.000 -99.000 1.649 1.671 1.771 1.967 2.234 2.534 2.832 3.100 3.325 3.508 3.653 3.770 3.867 3.949 4.022 4.087 4.147 4.203 4.256 4.306 4.353 4.398 4.440 4.481 4.519 4.556 4.592 4.625 4.657 4.689 4.720 4.750 4.779 4.808 4.837 4.866 4.895 4.924 4.954 4.983 5.014 5.044 5.076 5.107 5.139 5.172 5.204 5.237 5.271 5.304 5.336 5.369 5.402 5.436 5.469 5.501 5.533 5.565 5.596 5.627 5.657 5.686 5.715 5.743 5.770 5.796 5.822 5.846 5.870 5.893 5.915 5.935
-99.000 1.648 1.653 1.702 1.844 2.075 2.360 2.664 2.951 3.202 3.409 3.575 3.708 3.815 3.906 3.984 4.054 4.117 4.176 4.231 4.282 4.331 4.378 4.422 4.464 4.504 4.542 4.579 4.613 4.646 4.678 4.709 4.739 4.768 4.797 4.825 4.853 4.881 4.909 4.937 4.965 4.994 5.023 5.053 5.083 5.113 5.144 5.176 5.207 5.239 5.272 5.304 5.336 5.368 5.401 5.434 5.467 5.500 5.532 5.564 5.596 5.627 5.658 5.688 5.717 5.746 5.774 5.801 5.828 5.854 5.879 5.903 5.926 5.949
-99.000 1.649 1.665 1.750 1.933 2.192 2.490 2.790 3.064 3.297 3.486 3.637 3.758 3.858 3.943 4.017 4.084 4.146 4.203 4.257 4.308 4.356 4.402 4.446 4.488 4.527 4.565 4.601 4.635 4.667 4.699 4.729 4.759 4.787 4.815 4.843 4.870 4.897 4.924 4.951 4.978 5.006 5.034 5.062 5.091 5.121 5.151 5.181 5.211 5.242 5.274 5.305 5.336 5.368 5.400 5.432 5.465 5.497 5.530 5.562 5.594 5.625 5.657 5.687 5.717 5.747 5.776 5.804 5.832 5.859 5.885 5.911 5.935 5.959
1.648 1.651 1.689 1.817 2.037 2.316 2.620 2.912 3.170 3.384 3.556 3.693 3.805 3.898 3.978 4.050 4.114 4.174 4.230 4.283 4.334 4.381 4.427 4.470 4.511 4.551 4.588 4.624 4.657 4.689 4.720 4.750 4.779 4.807 4.834 4.861 4.887 4.913 4.939 4.966 4.992 5.019 5.046 5.073 5.101 5.129 5.158 5.187 5.216 5.246 5.277 5.307 5.336 5.368 5.399 5.431 5.463 5.495 5.527 5.559 5.591 5.623 5.654 5.685 5.716 5.746 5.776 5.805 5.834 5.862 5.889 5.915 5.941 5.966
1.648 1.660 1.731 1.901 2.151 2.445 2.748 3.027 3.267 3.463 3.620 3.745 3.848 3.936 4.012 4.081 4.143 4.202 4.257 4.309 4.359 4.406 4.451 4.494 4.535 4.574 4.611 4.646 4.680 4.711 4.742 4.772 4.800 4.828 4.854 4.880 4.906 4.931 4.956 4.982 5.007 5.033 5.059 5.085 5.112 5.139 5.166 5.194 5.223 5.251 5.281 5.309 5.338 5.368 5.399 5.430 5.461 5.493 5.524 5.556 5.588 5.619 5.651 5.682 5.713 5.744 5.774 5.804 5.833 5.862 5.890 5.917 5.944 5.970
1.650 1.679 1.792 2.000 2.274 2.576 2.871 3.136 3.357 3.535 3.678 3.793 3.889 3.971 4.044 4.110 4.172 4.229 4.283 4.334 4.383 4.430 4.474 4.517 4.558 4.596 4.634 4.669 4.702 4.733 4.764 4.793 4.822 4.849 4.875 4.901 4.926 4.950 4.975 4.999 5.024 5.048 5.073 5.098 5.124 5.149 5.176 5.202 5.230 5.257 5.285 5.313 5.341 5.370 5.400 5.430 5.461 5.491 5.522 5.553 5.584 5.616 5.647 5.678 5.709 5.740 5.771 5.801 5.831 5.860 5.889 5.917 5.945 5.972
1.656 1.715 1.870 2.111 2.402 2.705 2.989 3.236 3.439 3.601 3.731 3.838 3.927 4.005 4.075 4.139 4.199 4.255 4.308 4.359 4.407 4.453 4.497 4.540 4.580 4.619 4.656 4.691 4.724 4.755 4.786 4.816 4.844 4.871 4.897 4.922 4.946 4.970 4.994 5.018 5.041 5.065 5.089 5.113 5.137 5.161 5.186 5.212 5.238 5.264 5.291 5.318 5.345 5.373 5.402 5.431 5.461 5.491 5.521 5.551 5.582 5.612 5.643 5.674 5.705 5.736 5.766 5.797 5.827 5.857 5.887 5.916 5.944 5.972
1.671 1.769 1.964 2.231 2.532 2.830 3.100 3.329 3.513 3.661 3.780 3.879 3.963 4.038 4.105 4.167 4.225 4.280 4.333 4.382 4.430 4.476 4.520 4.562 4.602 4.641 4.678 4.713 4.746 4.778 4.808 4.838 4.866 4.893 4.919 4.944 4.968 4.992 5.015 5.038 5.061 5.083 5.106 5.128 5.151 5.174 5.198 5.222 5.247 5.272 5.298 5.324 5.350 5.377 5.405 5.433 5.462 5.491 5.520 5.550 5.580 5.610 5.640 5.671 5.701 5.732 5.762 5.793 5.823 5.853 5.883 5.912 5.942 5.970
1.701 1.842 2.072 2.358 2.662 2.951 3.204 3.413 3.581 3.716 3.826 3.918 3.997 4.068 4.134 4.194 4.251 4.305 4.356 4.406 4.453 4.498 4.542 4.583 4.624 4.662 4.699 4.735 4.768 4.799 4.830 4.860 4.888 4.915 4.941 4.966 4.991 5.014 5.037 5.060 5.082 5.103 5.125 5.146 5.167 5.189 5.211 5.234 5.258 5.282 5.307 5.331 5.356 5.382 5.409 5.437 5.465 5.493 5.521 5.550 5.579 5.608 5.638 5.668 5.698 5.728 5.758 5.788 5.819 5.849 5.879 5.908 5.938 5.967
1.749 1.931 2.190 2.488 2.790 3.065 3.299 3.490 3.643 3.766 3.868 3.954 4.030 4.098 4.161 4.220 4.276 4.329 4.379 4.428 4.475 4.520 4.563 4.604 4.644 4.683 4.720 4.756 4.789 4.820 4.852 4.882 4.910 4.938 4.964 4.989 5.014 5.037 5.060 5.082 5.104 5.124 5.145 5.165 5.185 5.206 5.227 5.248 5.270 5.293 5.316 5.339 5.363 5.389 5.415 5.441 5.468 5.495 5.523 5.551 5.579 5.608 5.637 5.666 5.695 5.725 5.755 5.785 5.815 5.845 5.874 5.904 5.934 5.964
1.816 2.035 2.315 2.619 2.913 3.171 3.387 3.561 3.700 3.813 3.907 3.988 4.061 4.126 4.188 4.245 4.300 4.352 4.402 4.450 4.496 4.540 4.583 4.624 4.664 4.703 4.740 4.776 4.809 4.841 4.873 4.903 4.932 4.960 4.987 5.012 5.037 5.061 5.084 5.106 5.127 5.147 5.167 5.186 5.205 5.224 5.244 5.263 5.284 5.305 5.327 5.349 5.372 5.396 5.421 5.446 5.472 5.499 5.526 5.553 5.581 5.609 5.637 5.665 5.694 5.723 5.752 5.782 5.811 5.841 5.871 5.901 5.930 5.960
1.900 2.150 2.445 2.748 3.029 3.269 3.467 3.625 3.752 3.856 3.944 4.021 4.090 4.154 4.213 4.270 4.323 4.374 4.423 4.471 4.516 4.560 4.603 4.644 4.684 4.722 4.759 4.795 4.828 4.861 4.893 4.923 4.953 4.981 5.009 5.035 5.060 5.085 5.108 5.130 5.151 5.171 5.190 5.208 5.227 5.244 5.263 5.281 5.300 5.319 5.340 5.360 5.381 5.404 5.428 5.453 5.478 5.503 5.530 5.556 5.583 5.610 5.638 5.666 5.694 5.722 5.751 5.780 5.809 5.838 5.868 5.897 5.927 5.957
1.999 2.273 2.576 2.873 3.138 3.360 3.539 3.683 3.799 3.896 3.979 4.052 4.119 4.181 4.238 4.293 4.346 4.396 4.445 4.491 4.536 4.580 4.622 4.663 4.702 4.740 4.777 4.813 4.847 4.879 4.912 4.943 4.973 5.002 5.030 5.057 5.083 5.108 5.132 5.154 5.175 5.195 5.214 5.232 5.250 5.267 5.284 5.300 5.318 5.336 5.355 5.373 5.393 5.414 5.437 5.460 5.484 5.509 5.534 5.560 5.586 5.613 5.640 5.667 5.695 5.723 5.751 5.779 5.808 5.837 5.866 5.895 5.924 5.954
2.111 2.402 2.707 2.992 3.240 3.443 3.606 3.737 3.843 3.933 4.012 4.082 4.146 4.206 4.263 4.317 4.368 4.418 4.465 4.511 4.556 4.599 4.640 4.681 4.720 4.758 4.795 4.831 4.865 4.897 4.930 4.962 4.992 5.022 5.051 5.079 5.105 5.131 5.155 5.178 5.200 5.220 5.239 5.257 5.274 5.291 5.307 5.322 5.338 5.354 5.371 5.388 5.406 5.426 5.446 5.468 5.491 5.515 5.539 5.565 5.590 5.616 5.643 5.670 5.697 5.724 5.752 5.780 5.808 5.836 5.865 5.894 5.923 5.952
2.233 2.534 2.834 3.104 3.333 3.518 3.666 3.786 3.885 3.969 4.044 4.111 4.173 4.232 4.287 4.340 4.390 4.439 4.486 4.531 4.575 4.617 4.658 4.698 4.737 4.775 4.812 4.848 4.882 4.915 4.948 4.980 5.011 5.041 5.070 5.099 5.126 5.152 5.178 5.201 5.224 5.245 5.264 5.283 5.300 5.316 5.331 5.346 5.361 5.375 5.391 5.406 5.421 5.439 5.458 5.478 5.500 5.522 5.546 5.570 5.595 5.620 5.646 5.672 5.699 5.726 5.753 5.781 5.809 5.837 5.865 5.894 5.922 5.951
2.361 2.666 2.955 3.209 3.419 3.587 3.721 3.831 3.923 4.003 4.074 4.139 4.199 4.256 4.310 4.362 4.412 4.459 4.506 4.550 4.593 4.635 4.676 4.715 4.754 4.791 4.828 4.864 4.898 4.931 4.964 4.996 5.028 5.059 5.089 5.118 5.146 5.173 5.199 5.223 5.247 5.269 5.289 5.308 5.326 5.342 5.357 5.371 5.385 5.399 5.412 5.425 5.439 5.455 5.472 5.490 5.510 5.531 5.553 5.576 5.600 5.625 5.650 5.676 5.702 5.729 5.756 5.783 5.810 5.838 5.866 5.894 5.923 5.951
2.493 2.794 3.071 3.306 3.497 3.650 3.773 3.874 3.960 4.036 4.104 4.167 4.225 4.281 4.334 4.384 4.433 4.480 4.525 4.569 4.612 4.653 4.693 4.732 4.770 4.808 4.844 4.879 4.913 4.946 4.980 5.012 5.044 5.075 5.106 5.135 5.164 5.192 5.219 5.244 5.269 5.291 5.313 5.333 5.351 5.368 5.384 5.398 5.411 5.424 5.436 5.448 5.460 5.474 5.488 5.504 5.522 5.541 5.561 5.583 5.606 5.630 5.655 5.680 5.705 5.732 5.758 5.785 5.812 5.840 5.868 5.896 5.924 5.952
2.625 2.919 3.179 3.395 3.569 3.707 3.820 3.914 3.995 4.067 4.133 4.193 4.251 4.305 4.357 4.406 4.454 4.501 4.545 4.588 4.630 4.671 4.711 4.749 4.787 4.823 4.859 4.894 4.928 4.961 4.995 5.027 5.059 5.091 5.122 5.152 5.181 5.210 5.237 5.264 5.289 5.313 5.335 5.356 5.376 5.394 5.410 5.425 5.438 5.451 5.462 5.473 5.483 5.495 5.508 5.521 5.536 5.553 5.572 5.592 5.613 5.636 5.660 5.684 5.709 5.735 5.761 5.788 5.815 5.842 5.870 5.897 5.925 5.954
2.756 3.037 3.279 3.476 3.634 3.760 3.864 3.952 4.029 4.098 4.161 4.220 4.276 4.329 4.380 4.429 4.476 4.521 4.565 4.607 4.649 4.689 4.728 4.766 4.803 4.839 4.875 4.909 4.943 4.976 5.009 5.041 5.074 5.105 5.136 5.167 5.197 5.226 5.254 5.281 5.308 5.332 5.356 5.378 5.399 5.418 5.436 5.451 5.466 5.478 5.490 5.500 5.509 5.519 5.530 5.541 5.554 5.568 5.584 5.602 5.622 5.643 5.665 5.689 5.713 5.739 5.764 5.791 5.817 5.844 5.872 5.900 5.927 5.955
2.883 3.148 3.371 3.551 3.694 3.810 3.906 3.988 4.061 4.127 4.189 4.246 4.301 4.353 4.403 4.451 4.497 4.541 4.585 4.627 4.667 4.707 4.745 4.783 4.819 4.855 4.890 4.924 4.957 4.990 5.023 5.055 5.087 5.119 5.150 5.181 5.211 5.241 5.270 5.298 5.325 5.350 5.375 5.399 5.421 5.441 5.460 5.477 5.492 5.506 5.518 5.528 5.537 5.546 5.555 5.564 5.574 5.586 5.600 5.615 5.632 5.651 5.672 5.695 5.718 5.743 5.768 5.794 5.820 5.847 5.874 5.902 5.930 5.957
3.004 3.252 3.455 3.619 3.749 3.855 3.945 4.023 4.092 4.156 4.216 4.272 4.325 4.376 4.425 4.472 4.518 4.562 4.605 4.646 4.686 4.725 4.763 4.800 4.836 4.871 4.906 4.939 4.971 5.004 5.036 5.069 5.101 5.132 5.163 5.194 5.225 5.255 5.284 5.312 5.340 5.367 5.392 5.417 5.440 5.462 5.482 5.501 5.518 5.533 5.545 5.556 5.565 5.574 5.582 5.590 5.598 5.607 5.618 5.631 5.645 5.662 5.681 5.702 5.724 5.747 5.772 5.797 5.823 5.850 5.877 5.904 5.932 5.959
3.118 3.347 3.533 3.681 3.800 3.898 3.982 4.056 4.123 4.185 4.243 4.298 4.350 4.400 4.448 4.494 4.539 4.583 4.625 4.665 4.705 4.743 4.781 4.817 4.853 4.887 4.921 4.954 4.986 5.018 5.050 5.082 5.114 5.145 5.176 5.207 5.237 5.267 5.297 5.326 5.354 5.381 5.408 5.433 5.458 5.481 5.503 5.523 5.541 5.558 5.572 5.584 5.594 5.603 5.611 5.618 5.625 5.632 5.640 5.650 5.662 5.676 5.692 5.710 5.731 5.753 5.776 5.801 5.826 5.853 5.879 5.907 5.934 5.961
3.225 3.434 3.603 3.738 3.847 3.938 4.017 4.088 4.153 4.213 4.269 4.323 4.374 4.423 4.471 4.516 4.561 4.603 4.645 4.685 4.724 4.762 4.799 4.835 4.870 4.904 4.937 4.969 5.001 5.033 5.064 5.095 5.127 5.158 5.188 5.219 5.249 5.279 5.309 5.338 5.367 5.395 5.422 5.448 5.474 5.498 5.521 5.543 5.563 5.581 5.597 5.610 5.622 5.632 5.641 5.648 5.654 5.659 5.666 5.673 5.681 5.692 5.706 5.721 5.739 5.760 5.782 5.805 5.830 5.856 5.882 5.909 5.936 5.963
3.323 3.514 3.667 3.790 3.891 3.976 4.051 4.119 4.182 4.240 4.295 4.348 4.398 4.446 4.493 4.538 4.582 4.624 4.665 4.705 4.743 4.781 4.817 4.853 4.887 4.921 4.954 4.985 5.016 5.047 5.078 5.109 5.140 5.170 5.201 5.231 5.261 5.291 5.320 5.350 5.378 5.407 5.434 5.461 5.487 5.513 5.537 5.560 5.582 5.602 5.619 5.634 5.648 5.660 5.670 5.677 5.684 5.689 5.694 5.699 5.705 5.713 5.723 5.736 5.751 5.769 5.789 5.810 5.834 5.859 5.885 5.911 5.939 5.965
3.413 3.587 3.726 3.839 3.932 4.012 4.084 4.149 4.210 4.267 4.321 4.372 4.422 4.469 4.515 4.560 4.603 4.645 4.685 4.725 4.763 4.800 4.836 4.871 4.905 4.938 4.971 5.002 5.032 5.063 5.093 5.124 5.154 5.183 5.213 5.243 5.273 5.302 5.331 5.360 5.389 5.417 5.445 5.473 5.500 5.526 5.551 5.575 5.598 5.620 5.639 5.656 5.672 5.685 5.697 5.706 5.714 5.719 5.724 5.728 5.732 5.737 5.744 5.753 5.765 5.780 5.798 5.817 5.839 5.863 5.888 5.914 5.941 5.967
3.496 3.653 3.780 3.884 3.971 4.047 4.116 4.179 4.238 4.293 4.346 4.397 4.445 4.492 4.537 4.581 4.624 4.665 4.705 4.744 4.782 4.819 4.855 4.890 4.923 4.956 4.989 5.019 5.049 5.079 5.109 5.139 5.168 5.197 5.226 5.255 5.284 5.313 5.342 5.371 5.399 5.428 5.456 5.484 5.511 5.538 5.564 5.589 5.613 5.636 5.656 5.675 5.693 5.709 5.723 5.734 5.743 5.750 5.755 5.758 5.761 5.764 5.769 5.775 5.784 5.795 5.809 5.827 5.846 5.868 5.892 5.917 5.943 5.970
3.571 3.714 3.830 3.926 4.008 4.080 4.146 4.207 4.265 4.319 4.371 4.420 4.468 4.514 4.559 4.602 4.644 4.685 4.725 4.764 4.801 4.838 4.873 4.908 4.942 4.975 5.007 5.037 5.066 5.096 5.126 5.155 5.183 5.212 5.240 5.268 5.297 5.325 5.353 5.381 5.409 5.437 5.465 5.493 5.521 5.548 5.575 5.601 5.626 5.650 5.672 5.692 5.712 5.730 5.745 5.759 5.770 5.779 5.785 5.789 5.792 5.794 5.797 5.800 5.806 5.814 5.825 5.839 5.856 5.876 5.898 5.921 5.947 5.972
3.640 3.770 3.876 3.966 4.043 4.112 4.176 4.235 4.291 4.344 4.395 4.444 4.491 4.536 4.580 4.623 4.665 4.705 4.744 4.783 4.820 4.857 4.892 4.927 4.960 4.993 5.025 5.055 5.084 5.114 5.143 5.171 5.200 5.227 5.255 5.282 5.310 5.337 5.364 5.392 5.419 5.447 5.475 5.502 5.530 5.557 5.584 5.611 5.637 5.662 5.685 5.707 5.728 5.748 5.766 5.781 5.795 5.805 5.814 5.820 5.823 5.826 5.827 5.829 5.832 5.837 5.844 5.855 5.869 5.885 5.905 5.927 5.951 5.975
3.702 3.821 3.919 4.003 4.076 4.143 4.205 4.263 4.317 4.369 4.419 4.467 4.513 4.558 4.601 4.643 4.684 4.725 4.764 4.802 4.839 4.875 4.910 4.945 4.978 5.011 5.043 5.073 5.103 5.132 5.161 5.189 5.217 5.244 5.271 5.297 5.324 5.350 5.377 5.403 5.430 5.457 5.484 5.511 5.539 5.566 5.593 5.620 5.647 5.672 5.697 5.719 5.742 5.763 5.783 5.801 5.816 5.830 5.840 5.848 5.854 5.857 5.859 5.860 5.861 5.863 5.868 5.875 5.885 5.898 5.915 5.935 5.957 5.980
3.759 3.868 3.959 4.039 4.109 4.173 4.233 4.289 4.343 4.393 4.442 4.489 4.535 4.579 4.622 4.663 4.704 4.743 4.782 4.820 4.857 4.893 4.928 4.963 4.996 5.029 5.061 5.092 5.121 5.151 5.180 5.208 5.235 5.262 5.288 5.314 5.339 5.365 5.390 5.416 5.441 5.468 5.494 5.521 5.548 5.575 5.602 5.629 5.655 5.682 5.707 5.730 5.754 5.777 5.798 5.818 5.835 5.851 5.864 5.874 5.882 5.887 5.890 5.892 5.892 5.893 5.895 5.899 5.905 5.915 5.928 5.945 5.964 5.985
3.811 3.912 3.998 4.073 4.140 4.202 4.260 4.315 4.367 4.417 4.465 4.511 4.556 4.599 4.642 4.683 4.723 4.762 4.800 4.838 4.874 4.910 4.945 4.980 5.014 5.047 5.079 5.110 5.140 5.169 5.198 5.226 5.254 5.280 5.306 5.331 5.356 5.380 5.405 5.429 5.454 5.479 5.505 5.530 5.557 5.583 5.610 5.637 5.663 5.690 5.715 5.740 5.765 5.788 5.811 5.832 5.852 5.869 5.885 5.898 5.908 5.916 5.921 5.923 5.924 5.924 5.925 5.926 5.930 5.936 5.946 5.959 5.975 5.994
3.860 3.953 4.034 4.106 4.170 4.230 4.287 4.341 4.392 4.441 4.488 4.533 4.577 4.620 4.661 4.702 4.741 4.780 4.818 4.855 4.891 4.927 4.962 4.997 5.031 5.064 5.097 5.128 5.158 5.188 5.217 5.245 5.273 5.299 5.324 5.349 5.373 5.397 5.421 5.444 5.468 5.492 5.516 5.541 5.566 5.592 5.618 5.644 5.671 5.698 5.723 5.748 5.774 5.798 5.822 5.845 5.866 5.885 5.903 5.918 5.931 5.941 5.948 5.953 5.956 5.956 5.956 5.956 5.958 5.961 5.967 5.977 5.989 6.005
