version1/TsunamiDB/out54108.asc
ncols          264
nrows          230
xllcorner      497853.4375
yllcorner      4229146.0000
cellsize         5.
NODATA_value   -99
[rows 34 to 67 of 230, columns 0 to 76 of 264]
-99.000 -99.000 -99.000 1.651 1.655 1.699 1.833 2.054 2.326 2.606 2.860 3.072 3.239 3.371 3.474 3.560 3.635 3.702 3.763 3.821 3.875 3.926 3.976 4.024 4.069 4.114 4.157 4.199 4.239 4.278 4.317 4.354 4.391 4.426 4.461 4.495 4.528 4.559 4.590 4.621 4.652 4.682 4.711 4.741 4.770 4.798 4.826 4.854 4.882 4.909 4.936 4.963 4.990 5.016 5.041 5.067 5.092 5.116 5.140 5.164 5.187 5.207 5.229 5.250 5.271 5.292 5.312 5.332 5.351 5.370 5.389 5.408 5.426 5.444 5.462 5.479 5.496
-99.000 -99.000 -99.000 1.651 1.666 1.746 1.922 2.171 2.452 2.724 2.961 3.153 3.303 3.422 3.517 3.597 3.668 3.732 3.791 3.847 3.900 3.951 3.999 4.046 4.091 4.135 4.177 4.219 4.259 4.297 4.335 4.372 4.408 4.443 4.478 4.511 4.544 4.575 4.606 4.637 4.667 4.697 4.726 4.755 4.783 4.812 4.840 4.867 4.894 4.922 4.948 4.975 5.001 5.027 5.052 5.078 5.102 5.127 5.151 5.175 5.197 5.218 5.239 5.261 5.282 5.302 5.322 5.342 5.362 5.381 5.399 5.418 5.436 5.454 5.472 5.489 5.506
-99.000 -99.000 1.651 1.654 1.690 1.813 2.026 2.295 2.576 2.835 3.053 3.226 3.361 3.469 3.556 3.632 3.699 3.761 3.819 3.873 3.925 3.975 4.022 4.068 4.113 4.156 4.198 4.238 4.278 4.316 4.354 4.390 4.426 4.461 4.495 4.528 4.560 4.591 4.622 4.652 4.682 4.711 4.740 4.769 4.797 4.825 4.853 4.880 4.907 4.934 4.960 4.986 5.012 5.038 5.063 5.088 5.113 5.138 5.161 5.185 5.207 5.228 5.250 5.271 5.292 5.313 5.333 5.352 5.372 5.391 5.409 5.428 5.446 5.464 5.481 5.499 5.516
-99.000 -99.000 1.651 1.662 1.732 1.898 2.141 2.421 2.696 2.938 3.136 3.292 3.414 3.512 3.594 3.665 3.730 3.790 3.846 3.899 3.950 3.998 4.045 4.090 4.134 4.177 4.218 4.258 4.297 4.335 4.372 4.408 4.443 4.477 4.511 4.544 4.577 4.607 4.637 4.667 4.697 4.726 4.755 4.783 4.811 4.839 4.866 4.893 4.920 4.946 4.972 4.998 5.024 5.049 5.075 5.099 5.124 5.148 5.172 5.195 5.217 5.239 5.260 5.281 5.302 5.323 5.343 5.363 5.382 5.401 5.420 5.438 5.456 5.474 5.491 5.509 5.526
-99.000 1.651 1.653 1.682 1.795 1.999 2.264 2.546 2.810 3.033 3.212 3.351 3.462 3.553 3.629 3.697 3.760 3.818 3.873 3.925 3.974 4.022 4.068 4.112 4.155 4.197 4.238 4.277 4.315 4.353 4.389 4.425 4.460 4.494 4.528 4.560 4.592 4.623 4.652 4.682 4.712 4.741 4.769 4.797 4.825 4.852 4.879 4.906 4.932 4.958 4.984 5.010 5.036 5.061 5.086 5.110 5.135 5.159 5.182 5.206 5.228 5.249 5.271 5.292 5.313 5.333 5.354 5.373 5.392 5.411 5.430 5.448 5.466 5.484 5.501 5.518 5.535
-99.000 1.651 1.659 1.720 1.876 2.112 2.390 2.668 2.916 3.119 3.280 3.406 3.507 3.591 3.663 3.728 3.789 3.845 3.899 3.950 3.998 4.045 4.090 4.134 4.176 4.217 4.257 4.296 4.334 4.371 4.407 4.442 4.477 4.511 4.544 4.576 4.608 4.638 4.667 4.697 4.726 4.755 4.783 4.811 4.839 4.866 4.892 4.919 4.945 4.971 4.996 5.022 5.047 5.072 5.097 5.121 5.145 5.169 5.193 5.216 5.238 5.260 5.281 5.303 5.324 5.344 5.364 5.384 5.403 5.422 5.440 5.458 5.476 5.494 5.511 5.528 5.545
-99.000 1.652 1.676 1.777 1.974 2.234 2.517 2.785 3.014 3.197 3.341 3.455 3.548 3.627 3.696 3.759 3.818 3.873 3.925 3.975 4.022 4.068 4.113 4.155 4.197 4.237 4.277 4.315 4.352 4.389 4.425 4.459 4.494 4.527 4.560 4.592 4.623 4.653 4.682 4.712 4.741 4.769 4.797 4.825 4.852 4.879 4.905 4.931 4.957 4.983 5.008 5.033 5.058 5.083 5.108 5.132 5.156 5.180 5.203 5.227 5.249 5.270 5.292 5.313 5.334 5.355 5.375 5.394 5.414 5.432 5.451 5.469 5.486 5.504 5.521 5.538 5.555
1.651 1.657 1.709 1.855 2.085 2.360 2.641 2.893 3.102 3.268 3.397 3.501 3.587 3.662 3.728 3.789 3.846 3.899 3.950 3.999 4.046 4.091 4.135 4.177 4.218 4.258 4.296 4.334 4.371 4.407 4.442 4.476 4.510 4.543 4.575 4.607 4.638 4.668 4.697 4.726 4.755 4.783 4.811 4.838 4.865 4.892 4.918 4.944 4.969 4.995 5.020 5.045 5.070 5.094 5.118 5.143 5.167 5.190 5.214 5.237 5.259 5.280 5.302 5.323 5.344 5.365 5.385 5.405 5.424 5.443 5.461 5.479 5.497 5.514 5.531 5.548 5.565
1.652 1.671 1.762 1.949 2.205 2.488 2.759 2.994 3.183 3.331 3.449 3.544 3.625 3.696 3.759 3.818 3.873 3.926 3.976 4.024 4.070 4.114 4.157 4.198 4.238 4.278 4.316 4.353 4.389 4.425 4.459 4.493 4.527 4.559 4.591 4.622 4.653 4.683 4.711 4.740 4.769 4.797 4.824 4.851 4.878 4.904 4.930 4.956 4.981 5.007 5.031 5.056 5.081 5.105 5.129 5.153 5.177 5.200 5.224 5.247 5.269 5.290 5.312 5.333 5.355 5.375 5.396 5.416 5.435 5.454 5.472 5.490 5.508 5.525 5.542 5.559 5.575
1.655 1.700 1.835 2.058 2.332 2.614 2.871 3.085 3.256 3.389 3.496 3.584 3.661 3.728 3.790 3.847 3.901 3.952 4.001 4.048 4.093 4.137 4.179 4.220 4.259 4.298 4.335 4.372 4.408 4.443 4.477 4.510 4.543 4.575 4.607 4.638 4.668 4.697 4.726 4.754 4.782 4.810 4.837 4.864 4.891 4.917 4.943 4.968 4.993 5.018 5.043 5.067 5.091 5.115 5.139 5.163 5.187 5.210 5.233 5.257 5.279 5.300 5.322 5.343 5.364 5.385 5.406 5.426 5.445 5.464 5.483 5.501 5.519 5.536 5.553 5.569 5.585
1.666 1.748 1.927 2.178 2.460 2.735 2.974 3.169 3.322 3.442 3.540 3.623 3.695 3.760 3.820 3.875 3.928 3.979 4.027 4.073 4.117 4.160 4.201 4.241 4.280 4.318 4.355 4.391 4.426 4.461 4.494 4.527 4.560 4.591 4.622 4.653 4.683 4.712 4.740 4.768 4.796 4.823 4.850 4.877 4.903 4.929 4.955 4.980 5.005 5.029 5.054 5.078 5.102 5.126 5.150 5.173 5.196 5.220 5.243 5.266 5.288 5.309 5.331 5.352 5.374 5.395 5.415 5.436 5.455 5.475 5.493 5.512 5.529 5.547 5.564 5.580 5.596
1.692 1.818 2.034 2.304 2.588 2.849 3.069 3.244 3.381 3.491 3.582 3.659 3.729 3.792 3.849 3.904 3.955 4.005 4.052 4.097 4.141 4.183 4.223 4.263 4.301 4.338 4.375 4.410 4.445 4.479 4.512 4.544 4.576 4.608 4.638 4.668 4.698 4.726 4.754 4.782 4.810 4.837 4.863 4.890 4.916 4.941 4.967 4.991 5.016 5.040 5.065 5.089 5.112 5.136 5.159 5.183 5.206 5.229 5.252 5.275 5.296 5.318 5.339 5.361 5.383 5.404 5.425 5.445 5.465 5.484 5.503 5.522 5.540 5.557 5.574 5.591 5.607
1.736 1.906 2.153 2.434 2.711 2.955 3.154 3.312 3.436 3.536 3.621 3.695 3.761 3.822 3.878 3.932 3.982 4.031 4.077 4.121 4.164 4.206 4.245 4.284 4.322 4.359 4.394 4.429 4.463 4.497 4.529 4.562 4.593 4.624 4.654 4.684 4.713 4.741 4.768 4.796 4.823 4.850 4.876 4.903 4.928 4.953 4.978 5.003 5.027 5.052 5.075 5.099 5.123 5.146 5.169 5.192 5.215 5.238 5.261 5.283 5.305 5.326 5.348 5.369 5.391 5.412 5.433 5.454 5.474 5.494 5.513 5.532 5.550 5.568 5.585 5.602 5.618
1.802 2.012 2.280 2.564 2.828 3.052 3.232 3.373 3.486 3.579 3.658 3.729 3.794 3.852 3.907 3.959 4.009 4.057 4.102 4.146 4.188 4.228 4.268 4.306 4.343 4.379 4.414 4.449 4.482 4.515 4.547 4.579 4.610 4.640 4.670 4.700 4.728 4.756 4.783 4.810 4.837 4.863 4.890 4.915 4.941 4.966 4.990 5.015 5.039 5.063 5.086 5.109 5.133 5.156 5.179 5.201 5.224 5.247 5.269 5.291 5.313 5.334 5.355 5.377 5.399 5.420 5.441 5.462 5.482 5.502 5.522 5.541 5.559 5.577 5.595 5.612 5.629
1.889 2.130 2.411 2.690 2.937 3.141 3.302 3.429 3.532 3.619 3.694 3.762 3.825 3.882 3.935 3.987 4.036 4.082 4.127 4.170 4.211 4.251 4.290 4.328 4.364 4.400 4.434 4.468 4.501 4.534 4.565 4.597 4.627 4.657 4.687 4.716 4.744 4.770 4.797 4.824 4.851 4.877 4.903 4.928 4.953 4.978 5.002 5.026 5.050 5.074 5.097 5.120 5.143 5.165 5.188 5.211 5.233 5.255 5.277 5.299 5.321 5.341 5.363 5.384 5.406 5.427 5.448 5.469 5.490 5.510 5.530 5.549 5.568 5.586 5.604 5.622 5.639
1.993 2.258 2.542 2.809 3.037 3.220 3.364 3.480 3.575 3.656 3.729 3.795 3.855 3.911 3.964 4.014 4.062 4.108 4.152 4.194 4.235 4.274 4.312 4.349 4.385 4.420 4.454 4.488 4.520 4.552 4.584 4.614 4.644 4.674 4.703 4.732 4.759 4.785 4.812 4.839 4.865 4.891 4.916 4.941 4.966 4.990 5.015 5.038 5.062 5.085 5.108 5.130 5.153 5.175 5.198 5.220 5.242 5.264 5.286 5.307 5.328 5.349 5.370 5.391 5.413 5.434 5.455 5.476 5.496 5.517 5.537 5.556 5.576 5.595 5.613 5.631 5.648
2.111 2.390 2.670 2.921 3.127 3.291 3.421 3.527 3.615 3.693 3.762 3.826 3.885 3.940 3.992 4.041 4.088 4.133 4.177 4.218 4.258 4.297 4.334 4.371 4.406 4.441 4.474 4.507 4.540 4.571 4.602 4.632 4.662 4.691 4.720 4.748 4.775 4.801 4.827 4.854 4.880 4.905 4.930 4.955 4.979 5.003 5.027 5.050 5.073 5.096 5.119 5.141 5.163 5.185 5.207 5.229 5.251 5.272 5.294 5.315 5.336 5.356 5.377 5.398 5.419 5.440 5.461 5.482 5.503 5.523 5.543 5.563 5.583 5.602 5.620 5.639 5.656
2.240 2.524 2.793 3.023 3.209 3.355 3.473 3.570 3.653 3.728 3.795 3.857 3.915 3.968 4.019 4.068 4.114 4.159 4.201 4.242 4.281 4.320 4.357 4.392 4.427 4.461 4.495 4.527 4.559 4.590 4.620 4.650 4.679 4.708 4.737 4.764 4.791 4.817 4.843 4.869 4.894 4.919 4.944 4.969 4.993 5.016 5.040 5.063 5.086 5.108 5.130 5.152 5.174 5.196 5.217 5.239 5.260 5.281 5.303 5.323 5.343 5.363 5.384 5.405 5.425 5.446 5.467 5.488 5.508 5.529 5.549 5.569 5.589 5.608 5.627 5.646 5.664
2.374 2.655 2.907 3.115 3.281 3.413 3.520 3.611 3.690 3.761 3.826 3.887 3.944 3.996 4.046 4.094 4.140 4.183 4.225 4.266 4.304 4.342 4.379 4.414 4.448 4.482 4.515 4.547 4.578 4.609 4.639 4.668 4.697 4.725 4.753 4.781 4.807 4.832 4.858 4.884 4.909 4.934 4.958 4.982 5.006 5.030 5.053 5.076 5.098 5.120 5.142 5.164 5.185 5.207 5.228 5.249 5.270 5.291 5.312 5.332 5.351 5.371 5.391 5.411 5.432 5.452 5.473 5.493 5.514 5.534 5.554 5.574 5.594 5.614 5.633 5.652 5.671
2.510 2.780 3.011 3.198 3.346 3.465 3.564 3.649 3.724 3.793 3.857 3.916 3.972 4.024 4.072 4.120 4.165 4.208 4.249 4.289 4.327 4.364 4.400 4.435 4.469 4.502 4.535 4.566 4.597 4.627 4.657 4.686 4.714 4.743 4.770 4.797 4.823 4.848 4.874 4.899 4.924 4.949 4.973 4.997 5.020 5.043 5.066 5.089 5.111 5.133 5.154 5.176 5.197 5.218 5.238 5.259 5.280 5.300 5.321 5.340 5.359 5.378 5.398 5.418 5.438 5.458 5.479 5.499 5.519 5.539 5.559 5.579 5.599 5.619 5.638 5.657 5.676
2.644 2.896 3.105 3.271 3.404 3.512 3.604 3.684 3.757 3.824 3.886 3.945 3.999 4.050 4.098 4.145 4.189 4.232 4.272 4.312 4.350 4.386 4.422 4.456 4.490 4.522 4.554 4.585 4.616 4.646 4.675 4.704 4.732 4.760 4.787 4.814 4.840 4.864 4.890 4.915 4.939 4.964 4.988 5.011 5.034 5.057 5.080 5.102 5.124 5.146 5.167 5.188 5.209 5.229 5.250 5.270 5.290 5.310 5.330 5.349 5.367 5.387 5.406 5.426 5.445 5.465 5.485 5.504 5.524 5.544 5.564 5.584 5.604 5.623 5.643 5.662 5.681
2.771 3.001 3.188 3.337 3.456 3.555 3.641 3.718 3.789 3.854 3.915 3.972 4.026 4.076 4.124 4.170 4.213 4.255 4.296 4.334 4.372 4.408 4.443 4.477 4.510 4.542 4.574 4.605 4.635 4.664 4.693 4.722 4.749 4.777 4.804 4.831 4.856 4.880 4.905 4.930 4.955 4.979 5.002 5.026 5.049 5.071 5.094 5.116 5.137 5.159 5.180 5.201 5.221 5.241 5.261 5.281 5.301 5.321 5.340 5.359 5.377 5.395 5.414 5.433 5.453 5.472 5.491 5.510 5.530 5.549 5.569 5.588 5.608 5.627 5.647 5.666 5.685
2.888 3.096 3.262 3.394 3.503 3.595 3.677 3.750 3.819 3.882 3.942 3.999 4.052 4.101 4.148 4.194 4.237 4.278 4.318 4.356 4.393 4.429 4.464 4.497 4.530 4.562 4.593 4.623 4.653 4.682 4.711 4.739 4.767 4.794 4.821 4.847 4.872 4.896 4.921 4.946 4.970 4.994 5.017 5.040 5.063 5.086 5.108 5.130 5.151 5.172 5.193 5.214 5.234 5.254 5.274 5.293 5.312 5.332 5.351 5.369 5.387 5.405 5.423 5.442 5.460 5.479 5.498 5.517 5.536 5.555 5.574 5.593 5.612 5.632 5.651 5.670 5.689
2.995 3.180 3.327 3.446 3.545 3.632 3.710 3.781 3.848 3.910 3.969 4.024 4.077 4.126 4.172 4.217 4.260 4.301 4.340 4.378 4.415 4.450 4.484 4.517 4.550 4.581 4.612 4.642 4.671 4.700 4.729 4.756 4.784 4.811 4.837 4.863 4.888 4.912 4.937 4.961 4.985 5.009 5.032 5.055 5.078 5.100 5.122 5.143 5.165 5.186 5.206 5.227 5.247 5.267 5.286 5.305 5.324 5.343 5.362 5.380 5.397 5.415 5.433 5.451 5.469 5.487 5.505 5.524 5.542 5.561 5.579 5.598 5.617 5.636 5.655 5.674 5.693
3.091 3.254 3.385 3.492 3.584 3.666 3.741 3.810 3.875 3.936 3.994 4.049 4.101 4.149 4.195 4.240 4.282 4.323 4.362 4.399 4.435 4.470 4.504 4.537 4.569 4.600 4.631 4.660 4.689 4.718 4.746 4.773 4.800 4.827 4.853 4.879 4.904 4.928 4.952 4.976 5.000 5.023 5.047 5.069 5.092 5.114 5.136 5.157 5.179 5.199 5.220 5.240 5.260 5.280 5.299 5.318 5.337 5.355 5.374 5.391 5.408 5.426 5.443 5.461 5.478 5.496 5.514 5.531 5.549 5.567 5.585 5.604 5.622 5.640 5.659 5.677 5.696
3.175 3.319 3.436 3.534 3.620 3.698 3.770 3.838 3.901 3.961 4.019 4.073 4.124 4.172 4.218 4.262 4.304 4.344 4.383 4.420 4.456 4.490 4.524 4.556 4.588 4.619 4.649 4.678 4.707 4.735 4.763 4.790 4.817 4.843 4.869 4.895 4.919 4.943 4.967 4.991 5.015 5.038 5.061 5.084 5.106 5.128 5.150 5.171 5.192 5.213 5.233 5.254 5.273 5.293 5.312 5.331 5.350 5.368 5.386 5.403 5.420 5.437 5.454 5.471 5.488 5.506 5.523 5.540 5.557 5.575 5.592 5.610 5.627 5.645 5.663 5.682 5.700
3.249 3.377 3.482 3.573 3.654 3.728 3.798 3.864 3.926 3.986 4.042 4.096 4.146 4.194 4.239 4.283 4.325 4.365 4.403 4.440 4.476 4.510 4.543 4.575 4.607 4.637 4.667 4.696 4.725 4.752 4.780 4.807 4.833 4.859 4.885 4.910 4.934 4.958 4.982 5.005 5.029 5.052 5.075 5.098 5.120 5.142 5.163 5.185 5.206 5.226 5.247 5.267 5.287 5.306 5.325 5.344 5.363 5.381 5.399 5.416 5.432 5.449 5.466 5.483 5.499 5.516 5.533 5.549 5.566 5.583 5.600 5.617 5.634 5.651 5.669 5.686 5.704
3.313 3.427 3.523 3.608 3.685 3.757 3.824 3.889 3.950 4.009 4.064 4.117 4.168 4.215 4.260 4.304 4.346 4.385 4.424 4.460 4.495 4.529 4.562 4.594 4.625 4.655 4.685 4.713 4.742 4.769 4.796 4.823 4.849 4.875 4.900 4.925 4.949 4.973 4.996 5.020 5.043 5.066 5.089 5.111 5.133 5.155 5.177 5.198 5.219 5.239 5.260 5.280 5.300 5.319 5.338 5.357 5.375 5.394 5.412 5.428 5.445 5.461 5.478 5.494 5.511 5.527 5.543 5.559 5.576 5.592 5.608 5.625 5.641 5.658 5.675 5.692 5.709
3.370 3.473 3.561 3.641 3.714 3.784 3.850 3.913 3.973 4.031 4.086 4.139 4.189 4.235 4.281 4.324 4.366 4.405 4.443 4.479 4.514 4.548 4.581 4.612 4.643 4.673 4.702 4.731 4.759 4.786 4.813 4.839 4.865 4.890 4.916 4.940 4.964 4.987 5.010 5.034 5.057 5.080 5.102 5.124 5.146 5.168 5.190 5.211 5.232 5.252 5.273 5.293 5.312 5.332 5.351 5.370 5.388 5.406 5.424 5.441 5.457 5.474 5.490 5.507 5.523 5.539 5.555 5.570 5.586 5.602 5.618 5.633 5.649 5.665 5.682 5.698 5.715
3.421 3.514 3.597 3.672 3.743 3.810 3.874 3.936 3.995 4.052 4.107 4.159 4.208 4.255 4.300 4.343 4.385 4.424 4.462 4.498 4.533 4.567 4.599 4.630 4.661 4.691 4.719 4.748 4.775 4.802 4.829 4.855 4.881 4.906 4.930 4.955 4.978 5.001 5.024 5.048 5.070 5.093 5.115 5.137 5.159 5.181 5.202 5.223 5.244 5.265 5.285 5.305 5.325 5.344 5.363 5.382 5.401 5.419 5.437 5.454 5.470 5.486 5.503 5.519 5.535 5.551 5.566 5.582 5.597 5.613 5.628 5.643 5.658 5.674 5.689 5.705 5.721
3.466 3.552 3.630 3.701 3.769 3.834 3.897 3.957 4.016 4.072 4.126 4.178 4.227 4.273 4.319 4.362 4.403 4.443 4.481 4.517 4.551 4.585 4.617 4.648 4.678 4.708 4.736 4.764 4.792 4.818 4.845 4.870 4.896 4.921 4.945 4.969 4.992 5.015 5.038 5.061 5.084 5.106 5.128 5.150 5.172 5.193 5.215 5.236 5.256 5.277 5.297 5.317 5.337 5.356 5.375 5.394 5.413 5.431 5.449 5.466 5.482 5.499 5.515 5.531 5.547 5.563 5.579 5.594 5.609 5.624 5.639 5.654 5.668 5.683 5.698 5.713 5.729
3.508 3.588 3.661 3.729 3.795 3.858 3.919 3.978 4.036 4.091 4.145 4.196 4.245 4.291 4.337 4.380 4.421 4.461 4.499 4.535 4.569 4.603 4.635 4.666 4.696 4.725 4.753 4.781 4.808 4.834 4.860 4.886 4.911 4.936 4.960 4.984 5.006 5.029 5.052 5.074 5.097 5.119 5.141 5.163 5.184 5.205 5.227 5.247 5.268 5.288 5.309 5.329 5.348 5.368 5.387 5.406 5.425 5.443 5.461 5.478 5.494 5.511 5.527 5.544 5.560 5.575 5.591 5.606 5.621 5.636 5.650 5.665 5.679 5.694 5.708 5.723 5.737
3.546 3.621 3.691 3.757 3.820 3.881 3.941 3.999 4.055 4.110 4.163 4.214 4.262 4.309 4.354 4.397 4.439 4.478 4.516 4.552 4.587 4.620 4.652 4.683 4.713 4.742 4.770 4.797 4.824 4.850 4.876 4.901 4.926 4.951 4.975 4.998 5.020 5.042 5.065 5.087 5.110 5.132 5.153 5.175 5.196 5.217 5.238 5.259 5.279 5.300 5.320 5.340 5.359 5.379 5.398 5.417 5.436 5.454 5.473 5.489 5.506 5.523 5.539 5.556 5.572 5.588 5.603 5.618 5.633 5.648 5.662 5.677 5.691 5.705 5.719 5.733 5.747
3.582 3.653 3.719 3.783 3.844 3.903 3.961 4.018 4.073 4.127 4.180 4.231 4.279 4.325 4.371 4.414 4.455 4.495 4.533 4.569 4.604 4.637 4.669 4.700 4.730 4.759 4.787 4.814 4.840 4.866 4.892 4.917 4.941 4.966 4.990 5.012 5.034 5.056 5.078 5.101 5.122 5.144 5.166 5.187 5.208 5.229 5.250 5.270 5.291 5.311 5.331 5.351 5.370 5.390 5.409 5.428 5.447 5.465 5.484 5.500 5.517 5.534 5.551 5.567 5.583 5.599 5.615 5.630 5.645 5.660 5.674 5.689 5.703 5.716 5.730 5.744 5.758
