version1/TsunamiDB/out54172.asc
ncols          264
nrows          230
xllcorner      497853.4375
yllcorner      4229146.0000
cellsize         5.
NODATA_value   -99
[rows 136 to 169 of 230, columns 154 to 230 of 264]
6.930 6.933 6.936 6.940 6.944 6.947 6.951 6.956 6.960 6.965 6.970 6.975 6.980 6.986 6.993 7.000 7.007 7.014 7.022 7.030 7.038 7.047 7.056 7.065 7.075 7.085 7.095 7.105 7.116 7.126 7.136 7.144 7.150 7.158 7.166 7.173 7.181 7.190 7.202 7.216 7.232 7.252 7.273 7.293 7.314 7.342 7.374 7.408 7.444 7.481 7.522 7.574 7.630 7.661 7.693 7.741 7.785 7.825 7.861 7.894 7.922 7.941 7.953 7.959 7.965 7.975 7.984 7.992 7.998 8.004 8.009 8.016 8.023 8.025 8.027 8.035 8.043
6.937 6.940 6.943 6.947 6.950 6.954 6.958 6.962 6.966 6.971 6.976 6.981 6.986 6.992 6.999 7.005 7.012 7.019 7.027 7.035 7.043 7.051 7.060 7.070 7.079 7.089 7.100 7.110 7.121 7.131 7.140 7.148 7.155 7.162 7.170 7.177 7.186 7.196 7.209 7.224 7.242 7.264 7.287 7.307 7.330 7.361 7.395 7.431 7.469 7.510 7.556 7.610 7.663 7.693 7.724 7.770 7.813 7.851 7.885 7.915 7.940 7.956 7.968 7.973 7.979 7.987 7.994 8.001 8.006 8.011 8.017 8.023 8.030 8.032 8.034 8.042 8.050
6.944 6.947 6.950 6.954 6.957 6.961 6.965 6.969 6.973 6.977 6.982 6.987 6.992 6.998 7.004 7.011 7.018 7.025 7.032 7.040 7.048 7.056 7.065 7.074 7.084 7.094 7.104 7.115 7.126 7.136 7.145 7.152 7.159 7.167 7.175 7.183 7.192 7.203 7.217 7.233 7.253 7.277 7.302 7.323 7.347 7.380 7.418 7.457 7.498 7.543 7.592 7.645 7.695 7.724 7.754 7.798 7.839 7.875 7.907 7.935 7.956 7.971 7.982 7.987 7.992 7.999 8.005 8.010 8.015 8.019 8.025 8.031 8.038 8.039 8.041 8.049 8.058
6.951 6.954 6.957 6.961 6.964 6.968 6.972 6.975 6.980 6.984 6.989 6.993 6.999 7.004 7.010 7.017 7.023 7.030 7.037 7.045 7.053 7.061 7.070 7.079 7.089 7.099 7.109 7.120 7.130 7.140 7.149 7.157 7.164 7.173 7.181 7.189 7.199 7.211 7.226 7.244 7.265 7.290 7.317 7.340 7.366 7.403 7.443 7.485 7.530 7.578 7.628 7.679 7.726 7.753 7.782 7.824 7.863 7.898 7.927 7.952 7.972 7.986 7.996 8.001 8.005 8.011 8.016 8.020 8.024 8.028 8.032 8.038 8.045 8.046 8.049 8.057 8.067
6.959 6.962 6.965 6.968 6.971 6.975 6.979 6.982 6.986 6.991 6.995 7.000 7.005 7.010 7.016 7.023 7.029 7.036 7.043 7.050 7.058 7.066 7.075 7.084 7.094 7.104 7.114 7.124 7.135 7.145 7.154 7.162 7.170 7.179 7.188 7.197 7.207 7.220 7.236 7.255 7.278 7.304 7.334 7.359 7.387 7.427 7.470 7.517 7.564 7.613 7.662 7.711 7.755 7.782 7.809 7.849 7.886 7.918 7.946 7.969 7.987 8.001 8.010 8.015 8.018 8.023 8.027 8.031 8.033 8.036 8.041 8.046 8.053 8.054 8.057 8.066 8.075
6.966 6.969 6.972 6.975 6.979 6.982 6.986 6.990 6.993 6.998 7.002 7.007 7.012 7.017 7.023 7.029 7.035 7.041 7.048 7.056 7.064 7.072 7.080 7.089 7.098 7.108 7.118 7.129 7.139 7.149 7.159 7.167 7.176 7.185 7.195 7.204 7.216 7.230 7.247 7.266 7.290 7.320 7.353 7.380 7.410 7.453 7.500 7.549 7.597 7.647 7.695 7.741 7.784 7.809 7.834 7.872 7.907 7.937 7.963 7.985 8.003 8.015 8.024 8.028 8.031 8.035 8.039 8.041 8.043 8.045 8.049 8.054 8.061 8.063 8.066 8.075 8.085
6.974 6.977 6.980 6.983 6.986 6.989 6.993 6.997 7.001 7.005 7.009 7.013 7.018 7.023 7.029 7.035 7.041 7.047 7.054 7.061 7.069 7.077 7.085 7.094 7.103 7.113 7.123 7.133 7.144 7.154 7.164 7.173 7.182 7.192 7.202 7.213 7.226 7.241 7.258 7.278 7.304 7.336 7.374 7.403 7.435 7.482 7.532 7.582 7.631 7.679 7.727 7.771 7.811 7.835 7.859 7.894 7.927 7.956 7.980 8.001 8.018 8.030 8.038 8.041 8.044 8.047 8.050 8.051 8.053 8.054 8.057 8.062 8.070 8.072 8.075 8.085 8.095
6.981 6.984 6.987 6.990 6.994 6.997 7.000 7.004 7.008 7.012 7.016 7.020 7.025 7.030 7.035 7.041 7.047 7.053 7.060 7.067 7.074 7.082 7.090 7.099 7.108 7.117 7.127 7.137 7.148 7.159 7.170 7.179 7.188 7.199 7.210 7.221 7.235 7.251 7.269 7.291 7.320 7.355 7.396 7.428 7.462 7.512 7.563 7.613 7.662 7.710 7.755 7.797 7.836 7.858 7.881 7.914 7.945 7.973 7.996 8.016 8.032 8.044 8.051 8.053 8.055 8.058 8.060 8.062 8.062 8.063 8.066 8.071 8.080 8.083 8.086 8.096 8.106
6.989 6.992 6.995 6.998 7.001 7.004 7.008 7.011 7.015 7.019 7.023 7.027 7.032 7.037 7.042 7.048 7.053 7.059 7.066 7.073 7.080 7.087 7.095 7.103 7.112 7.121 7.131 7.142 7.153 7.164 7.175 7.185 7.195 7.206 7.218 7.230 7.245 7.263 7.282 7.305 7.336 7.374 7.418 7.453 7.489 7.541 7.593 7.644 7.692 7.738 7.783 7.823 7.860 7.882 7.903 7.934 7.963 7.989 8.012 8.031 8.047 8.057 8.063 8.065 8.067 8.069 8.071 8.072 8.073 8.073 8.076 8.081 8.090 8.094 8.097 8.108 8.117
6.997 7.000 7.003 7.006 7.009 7.012 7.015 7.019 7.022 7.026 7.030 7.034 7.039 7.043 7.048 7.054 7.059 7.065 7.072 7.078 7.085 7.092 7.099 7.108 7.116 7.125 7.135 7.146 7.157 7.169 7.180 7.191 7.201 7.213 7.226 7.239 7.255 7.274 7.295 7.321 7.353 7.394 7.445 7.481 7.519 7.572 7.624 7.675 7.722 7.768 7.810 7.849 7.884 7.905 7.925 7.955 7.982 8.006 8.027 8.046 8.061 8.071 8.076 8.077 8.078 8.080 8.081 8.083 8.083 8.084 8.086 8.091 8.102 8.107 8.110 8.120 8.130
7.005 7.007 7.010 7.013 7.016 7.020 7.023 7.026 7.030 7.033 7.037 7.041 7.045 7.050 7.055 7.060 7.066 7.071 7.078 7.084 7.090 7.097 7.104 7.112 7.120 7.129 7.139 7.150 7.162 7.174 7.186 7.196 7.207 7.220 7.233 7.248 7.265 7.286 7.310 7.338 7.372 7.421 7.476 7.512 7.549 7.603 7.655 7.705 7.752 7.796 7.837 7.874 7.908 7.927 7.946 7.974 8.000 8.023 8.043 8.061 8.076 8.083 8.085 8.087 8.088 8.090 8.091 8.093 8.094 8.095 8.096 8.105 8.118 8.121 8.124 8.134 8.143
7.012 7.015 7.018 7.021 7.024 7.027 7.030 7.034 7.037 7.041 7.044 7.048 7.052 7.057 7.061 7.067 7.072 7.077 7.083 7.089 7.095 7.101 7.108 7.116 7.124 7.133 7.143 7.154 7.166 7.179 7.191 7.201 7.213 7.227 7.242 7.258 7.278 7.301 7.328 7.359 7.400 7.453 7.507 7.542 7.580 7.634 7.685 7.735 7.780 7.823 7.863 7.898 7.930 7.948 7.967 7.993 8.017 8.039 8.057 8.074 8.087 8.093 8.096 8.097 8.098 8.099 8.102 8.104 8.106 8.108 8.111 8.121 8.132 8.136 8.139 8.148 8.156
7.020 7.023 7.026 7.029 7.032 7.035 7.038 7.041 7.045 7.048 7.052 7.055 7.059 7.063 7.068 7.073 7.078 7.083 7.088 7.094 7.099 7.105 7.112 7.120 7.128 7.137 7.148 7.159 7.171 7.183 7.195 7.207 7.220 7.235 7.251 7.269 7.293 7.319 7.349 7.386 7.432 7.484 7.537 7.572 7.610 7.663 7.714 7.763 7.807 7.849 7.887 7.921 7.951 7.969 7.986 8.011 8.034 8.054 8.071 8.085 8.096 8.102 8.106 8.107 8.107 8.110 8.113 8.116 8.119 8.122 8.128 8.137 8.147 8.150 8.153 8.161 8.169
7.028 7.031 7.034 7.037 7.040 7.043 7.046 7.049 7.052 7.055 7.059 7.062 7.066 7.070 7.074 7.079 7.084 7.089 7.093 7.098 7.103 7.109 7.116 7.123 7.132 7.141 7.152 7.163 7.175 7.187 7.199 7.213 7.228 7.244 7.262 7.284 7.310 7.340 7.375 7.416 7.463 7.514 7.566 7.601 7.638 7.691 7.742 7.789 7.833 7.873 7.910 7.943 7.972 7.988 8.005 8.028 8.049 8.068 8.083 8.095 8.105 8.111 8.115 8.117 8.117 8.121 8.125 8.129 8.133 8.138 8.145 8.153 8.162 8.165 8.167 8.175 8.181
7.036 7.039 7.042 7.044 7.047 7.050 7.053 7.056 7.059 7.063 7.066 7.069 7.073 7.077 7.081 7.085 7.089 7.094 7.098 7.102 7.107 7.113 7.120 7.127 7.136 7.146 7.156 7.167 7.179 7.191 7.204 7.219 7.237 7.256 7.276 7.301 7.331 7.365 7.403 7.445 7.493 7.544 7.594 7.629 7.666 7.718 7.768 7.815 7.858 7.897 7.932 7.964 7.991 8.007 8.022 8.044 8.064 8.080 8.094 8.105 8.114 8.120 8.125 8.127 8.128 8.133 8.138 8.143 8.149 8.155 8.162 8.170 8.177 8.179 8.182 8.188 8.193
7.044 7.047 7.050 7.052 7.055 7.058 7.061 7.064 7.067 7.070 7.073 7.076 7.080 7.083 7.087 7.091 7.095 7.098 7.102 7.106 7.111 7.117 7.124 7.131 7.140 7.150 7.160 7.171 7.183 7.196 7.210 7.227 7.248 7.269 7.292 7.321 7.355 7.392 7.431 7.475 7.522 7.572 7.622 7.657 7.693 7.744 7.794 7.840 7.882 7.920 7.954 7.984 8.010 8.025 8.039 8.059 8.077 8.092 8.105 8.115 8.123 8.129 8.136 8.138 8.139 8.145 8.151 8.158 8.164 8.171 8.178 8.185 8.192 8.193 8.195 8.200 8.205
7.052 7.055 7.058 7.060 7.063 7.066 7.069 7.072 7.075 7.078 7.081 7.084 7.086 7.090 7.093 7.096 7.099 7.103 7.106 7.110 7.115 7.121 7.128 7.135 7.144 7.153 7.164 7.176 7.188 7.201 7.217 7.237 7.261 7.285 7.310 7.343 7.381 7.419 7.460 7.503 7.549 7.599 7.649 7.684 7.720 7.771 7.820 7.864 7.905 7.942 7.974 8.003 8.027 8.041 8.055 8.074 8.090 8.104 8.115 8.124 8.132 8.139 8.147 8.149 8.151 8.158 8.166 8.173 8.180 8.187 8.194 8.201 8.206 8.207 8.208 8.212 8.216
7.060 7.063 7.066 7.068 7.071 7.074 7.076 7.079 7.082 7.085 7.088 7.091 7.093 7.096 7.099 7.101 7.104 7.107 7.110 7.114 7.119 7.125 7.131 7.139 7.147 7.157 7.168 7.180 7.193 7.207 7.225 7.248 7.276 7.302 7.330 7.367 7.406 7.446 7.487 7.530 7.576 7.625 7.676 7.710 7.746 7.796 7.844 7.887 7.926 7.962 7.993 8.020 8.043 8.056 8.069 8.086 8.101 8.114 8.125 8.133 8.141 8.149 8.158 8.161 8.164 8.172 8.180 8.188 8.195 8.202 8.209 8.215 8.219 8.220 8.220 8.224 8.226
7.069 7.071 7.074 7.076 7.079 7.082 7.084 7.087 7.090 7.093 7.095 7.098 7.100 7.102 7.105 7.107 7.109 7.111 7.114 7.118 7.123 7.129 7.135 7.142 7.150 7.160 7.172 7.184 7.198 7.215 7.235 7.260 7.292 7.321 7.351 7.390 7.431 7.472 7.513 7.556 7.602 7.650 7.701 7.736 7.772 7.821 7.867 7.909 7.947 7.981 8.012 8.037 8.059 8.071 8.082 8.098 8.113 8.125 8.135 8.143 8.151 8.160 8.169 8.173 8.176 8.185 8.194 8.202 8.209 8.217 8.224 8.229 8.233 8.233 8.232 8.235 8.237
7.077 7.080 7.082 7.085 7.087 7.090 7.093 7.095 7.098 7.101 7.103 7.105 7.107 7.108 7.110 7.112 7.113 7.116 7.118 7.122 7.127 7.132 7.138 7.146 7.153 7.163 7.176 7.189 7.205 7.224 7.246 7.275 7.311 7.343 7.375 7.415 7.458 7.500 7.541 7.584 7.628 7.676 7.730 7.765 7.799 7.847 7.892 7.932 7.968 8.001 8.030 8.055 8.074 8.085 8.095 8.110 8.124 8.136 8.145 8.154 8.162 8.170 8.182 8.186 8.190 8.200 8.208 8.217 8.224 8.232 8.239 8.244 8.246 8.245 8.244 8.246 8.248
7.086 7.088 7.091 7.093 7.096 7.098 7.101 7.103 7.106 7.109 7.111 7.112 7.113 7.115 7.116 7.117 7.118 7.120 7.123 7.127 7.131 7.136 7.142 7.149 7.157 7.167 7.181 7.196 7.214 7.235 7.260 7.296 7.336 7.368 7.400 7.442 7.485 7.527 7.569 7.612 7.655 7.707 7.762 7.794 7.827 7.874 7.916 7.954 7.989 8.020 8.048 8.070 8.087 8.097 8.107 8.122 8.135 8.146 8.156 8.165 8.172 8.183 8.196 8.201 8.205 8.214 8.223 8.232 8.239 8.247 8.253 8.257 8.258 8.257 8.256 8.257 8.258
7.095 7.097 7.100 7.102 7.105 7.107 7.110 7.112 7.114 7.117 7.119 7.120 7.120 7.121 7.122 7.123 7.124 7.125 7.128 7.131 7.135 7.140 7.146 7.153 7.161 7.173 7.188 7.205 7.226 7.251 7.282 7.322 7.362 7.394 7.426 7.469 7.512 7.556 7.598 7.641 7.688 7.740 7.791 7.823 7.855 7.899 7.939 7.976 8.008 8.038 8.064 8.083 8.100 8.110 8.119 8.133 8.146 8.157 8.167 8.176 8.186 8.198 8.210 8.215 8.219 8.229 8.238 8.246 8.254 8.261 8.266 8.269 8.270 8.268 8.267 8.268 8.269
7.104 7.106 7.109 7.111 7.114 7.116 7.118 7.121 7.123 7.125 7.127 7.128 7.128 7.129 7.129 7.129 7.129 7.131 7.133 7.135 7.139 7.144 7.151 7.158 7.167 7.180 7.198 7.218 7.243 7.272 7.308 7.348 7.389 7.420 7.453 7.496 7.541 7.585 7.629 7.674 7.722 7.772 7.820 7.851 7.882 7.923 7.961 7.996 8.026 8.054 8.077 8.096 8.112 8.122 8.131 8.145 8.158 8.169 8.180 8.190 8.201 8.213 8.225 8.229 8.234 8.244 8.253 8.261 8.268 8.274 8.278 8.280 8.282 8.280 8.279 8.279 8.280
7.113 7.115 7.118 7.120 7.123 7.125 7.127 7.130 7.132 7.134 7.135 7.136 7.136 7.136 7.136 7.135 7.136 7.136 7.138 7.140 7.143 7.149 7.157 7.165 7.175 7.191 7.211 7.234 7.263 7.297 7.335 7.375 7.416 7.448 7.481 7.525 7.570 7.615 7.661 7.707 7.755 7.803 7.848 7.877 7.907 7.946 7.982 8.014 8.043 8.069 8.090 8.109 8.125 8.134 8.143 8.157 8.170 8.182 8.193 8.205 8.216 8.228 8.239 8.244 8.249 8.258 8.267 8.275 8.281 8.286 8.290 8.292 8.293 8.292 8.291 8.291 8.292
7.122 7.125 7.127 7.130 7.132 7.134 7.137 7.139 7.141 7.143 7.144 7.145 7.144 7.144 7.143 7.142 7.142 7.142 7.143 7.145 7.149 7.155 7.165 7.174 7.185 7.203 7.226 7.254 7.286 7.322 7.362 7.403 7.444 7.476 7.509 7.554 7.600 7.647 7.693 7.740 7.787 7.832 7.874 7.902 7.930 7.967 8.001 8.032 8.059 8.083 8.104 8.122 8.138 8.147 8.156 8.170 8.183 8.196 8.208 8.220 8.231 8.243 8.253 8.258 8.263 8.272 8.281 8.288 8.294 8.299 8.302 8.304 8.306 8.304 8.303 8.303 8.303
7.132 7.134 7.137 7.139 7.142 7.144 7.146 7.149 7.151 7.153 7.154 7.154 7.153 7.152 7.151 7.150 7.149 7.148 7.148 7.150 7.154 7.162 7.174 7.184 7.197 7.218 7.245 7.276 7.311 7.349 7.390 7.431 7.473 7.505 7.538 7.584 7.631 7.678 7.724 7.771 7.817 7.860 7.899 7.926 7.953 7.987 8.019 8.048 8.074 8.097 8.117 8.135 8.151 8.161 8.170 8.183 8.197 8.210 8.222 8.235 8.247 8.258 8.268 8.273 8.278 8.286 8.294 8.301 8.307 8.311 8.314 8.316 8.318 8.316 8.315 8.315 8.316
7.141 7.144 7.146 7.149 7.151 7.154 7.156 7.158 7.160 7.162 7.163 7.163 7.161 7.160 7.159 7.157 7.155 7.154 7.154 7.156 7.161 7.171 7.185 7.196 7.211 7.236 7.266 7.300 7.336 7.376 7.417 7.460 7.502 7.534 7.568 7.614 7.661 7.709 7.755 7.801 7.845 7.886 7.923 7.948 7.974 8.006 8.036 8.064 8.088 8.110 8.130 8.148 8.164 8.174 8.183 8.198 8.211 8.225 8.238 8.250 8.262 8.273 8.283 8.288 8.292 8.300 8.308 8.314 8.320 8.324 8.327 8.329 8.330 8.329 8.327 8.328 8.328
7.151 7.153 7.156 7.158 7.161 7.163 7.166 7.168 7.170 7.172 7.173 7.172 7.170 7.169 7.167 7.164 7.162 7.161 7.160 7.163 7.170 7.181 7.197 7.210 7.227 7.255 7.287 7.323 7.361 7.402 7.444 7.487 7.530 7.562 7.596 7.643 7.690 7.737 7.783 7.827 7.870 7.909 7.944 7.969 7.993 8.023 8.052 8.078 8.102 8.123 8.143 8.161 8.178 8.188 8.197 8.212 8.226 8.239 8.252 8.265 8.277 8.288 8.297 8.302 8.306 8.314 8.321 8.327 8.332 8.336 8.339 8.341 8.343 8.342 8.340 8.341 8.341
7.160 7.163 7.165 7.168 7.170 7.173 7.175 7.178 7.180 7.182 7.183 7.182 7.179 7.178 7.175 7.172 7.169 7.167 7.167 7.170 7.178 7.191 7.209 7.225 7.243 7.274 7.308 7.346 7.385 7.427 7.470 7.514 7.557 7.590 7.624 7.670 7.717 7.764 7.809 7.852 7.894 7.932 7.965 7.988 8.011 8.040 8.068 8.093 8.116 8.137 8.157 8.175 8.191 8.202 8.212 8.226 8.240 8.254 8.267 8.280 8.292 8.302 8.312 8.316 8.321 8.328 8.335 8.341 8.345 8.349 8.352 8.355 8.356 8.355 8.353 8.354 8.354
7.169 7.172 7.174 7.177 7.180 7.182 7.185 7.187 7.190 7.191 7.192 7.191 7.188 7.186 7.183 7.179 7.176 7.174 7.174 7.178 7.187 7.203 7.224 7.241 7.261 7.294 7.331 7.370 7.411 7.454 7.498 7.542 7.587 7.620 7.654 7.700 7.747 7.792 7.836 7.879 7.919 7.955 7.986 8.008 8.030 8.057 8.084 8.108 8.131 8.152 8.172 8.190 8.206 8.217 8.227 8.241 8.256 8.270 8.283 8.296 8.308 8.318 8.327 8.331 8.335 8.342 8.349 8.354 8.359 8.363 8.366 8.368 8.370 8.369 8.367 8.368 8.368
7.177 7.180 7.183 7.186 7.189 7.191 7.194 7.196 7.199 7.201 7.202 7.200 7.196 7.194 7.191 7.186 7.183 7.181 7.182 7.187 7.198 7.218 7.242 7.259 7.281 7.315 7.354 7.395 7.437 7.481 7.526 7.572 7.618 7.650 7.684 7.729 7.775 7.819 7.862 7.903 7.943 7.976 8.003 8.025 8.047 8.073 8.099 8.123 8.146 8.166 8.186 8.204 8.221 8.231 8.242 8.257 8.271 8.285 8.299 8.311 8.323 8.333 8.341 8.346 8.350 8.357 8.363 8.368 8.373 8.377 8.380 8.382 8.383 8.382 8.381 8.382 8.382
7.186 7.189 7.192 7.195 7.197 7.200 7.203 7.205 7.208 7.210 7.210 7.208 7.205 7.202 7.199 7.194 7.190 7.189 7.191 7.198 7.213 7.235 7.260 7.278 7.300 7.337 7.377 7.420 7.464 7.509 7.556 7.603 7.648 7.680 7.712 7.757 7.801 7.845 7.886 7.925 7.962 7.993 8.020 8.041 8.063 8.089 8.114 8.138 8.160 8.181 8.200 8.219 8.235 8.246 8.257 8.272 8.286 8.301 8.314 8.327 8.339 8.348 8.356 8.361 8.365 8.371 8.377 8.382 8.387 8.391 8.394 8.396 8.397 8.397 8.395 8.396 8.397
7.193 7.197 7.200 7.203 7.206 7.209 7.211 7.214 7.217 7.219 7.219 7.217 7.213 7.210 7.207 7.202 7.199 7.198 7.202 7.211 7.228 7.252 7.277 7.296 7.320 7.358 7.401 7.445 7.491 7.538 7.586 7.633 7.677 7.707 7.739 7.783 7.826 7.867 7.907 7.944 7.978 8.008 8.036 8.057 8.077 8.103 8.128 8.151 8.173 8.194 8.214 8.232 8.249 8.260 8.271 8.286 8.301 8.316 8.329 8.342 8.353 8.362 8.371 8.375 8.379 8.385 8.391 8.397 8.401 8.405 8.408 8.410 8.412 8.411 8.410 8.410 8.412
7.201 7.204 7.207 7.210 7.213 7.216 7.219 7.222 7.225 7.227 7.227 7.225 7.221 7.218 7.215 7.210 7.208 7.208 7.214 7.225 7.244 7.268 7.294 7.314 7.339 7.380 7.424 7.470 7.518 7.566 7.614 7.660 7.703 7.732 7.764 7.806 7.848 7.888 7.925 7.960 7.993 8.023 8.049 8.070 8.091 8.116 8.141 8.164 8.186 8.207 8.227 8.245 8.262 8.274 8.285 8.300 8.316 8.330 8.344 8.356 8.367 8.376 8.385 8.389 8.393 8.399 8.405 8.410 8.415 8.418 8.421 8.424 8.426 8.425 8.424 8.425 8.427
