version1/TsunamiDB/out54005.asc
ncols          264
nrows          230
xllcorner      497853.4375
yllcorner      4229146.0000
cellsize         5.
NODATA_value   -99
[rows 124 to 154 of 230, columns 138 to 206 of 264]
-99.000 -99.000 -99.000 -99.000 -99.000 -99.000 -99.000 -99.000 -99.000 -99.000 -99.000 -99.000 -99.000 -99.000 -99.000 -99.000 -99.000 -99.000 -99.000 -99.000 -99.000 -99.000 -99.000 -99.000 -99.000 -99.000 -99.000 -99.000 -99.000 -99.000 -99.000 -99.000 -99.000 -99.000 -99.000 -99.000 -99.000 1.644 1.660 1.751 1.950 2.239 2.595 2.990 3.390 3.763 4.086 4.338 4.526 4.667 4.778 4.869 4.948 5.017 5.079 5.132 5.180 5.230 5.284 5.346 5.410 5.480 5.558 5.637 5.719 5.803 5.888 5.968 6.038
-99.000 -99.000 -99.000 -99.000 -99.000 -99.000 -99.000 -99.000 -99.000 -99.000 -99.000 -99.000 -99.000 -99.000 -99.000 -99.000 -99.000 -99.000 -99.000 -99.000 -99.000 -99.000 -99.000 -99.000 -99.000 -99.000 -99.000 -99.000 -99.000 -99.000 -99.000 -99.000 -99.000 -99.000 -99.000 -99.000 1.643 1.646 1.685 1.821 2.060 2.380 2.755 3.155 3.545 3.901 4.202 4.430 4.600 4.728 4.829 4.912 4.983 5.045 5.100 5.148 5.193 5.239 5.293 5.358 5.424 5.499 5.583 5.669 5.760 5.852 5.940 6.026 6.097
-99.000 -99.000 -99.000 -99.000 -99.000 -99.000 -99.000 -99.000 -99.000 -99.000 -99.000 -99.000 -99.000 -99.000 -99.000 -99.000 -99.000 -99.000 -99.000 -99.000 -99.000 -99.000 -99.000 -99.000 -99.000 -99.000 -99.000 -99.000 -99.000 -99.000 -99.000 -99.000 -99.000 -99.000 -99.000 -99.000 1.643 1.654 1.728 1.910 2.185 2.531 2.920 3.318 3.695 4.031 4.307 4.515 4.669 4.787 4.880 4.956 5.021 5.076 5.126 5.169 5.211 5.256 5.311 5.378 5.446 5.525 5.614 5.709 5.809 5.907 6.000 6.093 6.158
-99.000 -99.000 -99.000 -99.000 -99.000 -99.000 -99.000 -99.000 -99.000 -99.000 -99.000 -99.000 -99.000 -99.000 -99.000 -99.000 -99.000 -99.000 -99.000 -99.000 -99.000 -99.000 -99.000 -99.000 -99.000 -99.000 -99.000 -99.000 -99.000 -99.000 -99.000 -99.000 -99.000 -99.000 -99.000 1.643 1.645 1.673 1.791 2.015 2.323 2.691 3.086 3.477 3.837 4.150 4.401 4.589 4.731 4.840 4.927 4.999 5.060 5.111 5.157 5.198 5.240 5.287 5.345 5.412 5.483 5.566 5.659 5.761 5.866 5.971 6.070 6.154 6.212
-99.000 -99.000 -99.000 -99.000 -99.000 -99.000 -99.000 -99.000 -99.000 -99.000 -99.000 -99.000 -99.000 -99.000 -99.000 -99.000 -99.000 -99.000 -99.000 -99.000 -99.000 -99.000 -99.000 -99.000 -99.000 -99.000 -99.000 -99.000 -99.000 -99.000 -99.000 -99.000 -99.000 -99.000 -99.000 1.643 1.650 1.709 1.873 2.135 2.472 2.856 3.252 3.630 3.970 4.257 4.480 4.650 4.780 4.884 4.967 5.037 5.096 5.147 5.192 5.234 5.278 5.329 5.388 5.456 5.530 5.616 5.711 5.814 5.922 6.031 6.128 6.208 6.268
-99.000 -99.000 -99.000 -99.000 -99.000 -99.000 -99.000 -99.000 -99.000 -99.000 -99.000 -99.000 -99.000 -99.000 -99.000 -99.000 -99.000 -99.000 -99.000 -99.000 -99.000 -99.000 -99.000 -99.000 -99.000 -99.000 -99.000 -99.000 -99.000 -99.000 -99.000 -99.000 -99.000 -99.000 -99.000 1.644 1.664 1.764 1.971 2.267 2.628 3.022 3.414 3.776 4.092 4.347 4.544 4.696 4.817 4.916 4.999 5.069 5.129 5.181 5.227 5.272 5.320 5.373 5.435 5.505 5.582 5.670 5.764 5.865 5.974 6.081 6.179 6.261 6.323
-99.000 -99.000 -99.000 -99.000 -99.000 -99.000 -99.000 -99.000 -99.000 -99.000 -99.000 -99.000 -99.000 -99.000 -99.000 -99.000 -99.000 -99.000 -99.000 -99.000 -99.000 -99.000 -99.000 -99.000 -99.000 -99.000 -99.000 -99.000 -99.000 -99.000 -99.000 -99.000 -99.000 -99.000 1.643 1.647 1.691 1.836 2.083 2.409 2.789 3.187 3.570 3.913 4.198 4.420 4.592 4.730 4.844 4.940 5.022 5.094 5.157 5.212 5.261 5.309 5.360 5.417 5.482 5.556 5.636 5.724 5.815 5.915 6.018 6.124 6.225 6.311 6.380
-99.000 -99.000 -99.000 -99.000 -99.000 -99.000 -99.000 -99.000 -99.000 -99.000 -99.000 -99.000 -99.000 -99.000 -99.000 -99.000 -99.000 -99.000 -99.000 -99.000 -99.000 -99.000 -99.000 -99.000 -99.000 -99.000 -99.000 -99.000 -99.000 -99.000 -99.000 -99.000 -99.000 -99.000 1.643 1.656 1.736 1.924 2.206 2.559 2.951 3.349 3.718 4.036 4.286 4.479 4.631 4.756 4.863 4.957 5.039 5.112 5.178 5.237 5.289 5.340 5.395 5.456 5.526 5.602 5.685 5.774 5.862 5.956 6.053 6.160 6.264 6.357 6.429
-99.000 -99.000 -99.000 -99.000 -99.000 -99.000 -99.000 -99.000 -99.000 -99.000 -99.000 -99.000 -99.000 -99.000 -99.000 -99.000 -99.000 -99.000 -99.000 -99.000 -99.000 -99.000 -99.000 -99.000 -99.000 -99.000 -99.000 -99.000 -99.000 -99.000 -99.000 -99.000 -99.000 1.643 1.645 1.676 1.798 2.026 2.339 2.713 3.113 3.505 3.857 4.143 4.361 4.530 4.666 4.779 4.878 4.968 5.049 5.122 5.192 5.254 5.310 5.365 5.425 5.490 5.564 5.642 5.729 5.820 5.903 5.990 6.084 6.188 6.296 6.394 6.467
-99.000 -99.000 -99.000 -99.000 -99.000 -99.000 -99.000 -99.000 -99.000 -99.000 -99.000 -99.000 -99.000 -99.000 -99.000 -99.000 -99.000 -99.000 -99.000 -99.000 -99.000 -99.000 -99.000 -99.000 -99.000 -99.000 -99.000 -99.000 -99.000 -99.000 -99.000 -99.000 -99.000 1.643 1.650 1.711 1.877 2.141 2.481 2.870 3.273 3.655 3.983 4.238 4.432 4.581 4.702 4.803 4.895 4.979 5.056 5.129 5.200 5.265 5.326 5.386 5.449 5.518 5.596 5.677 5.767 5.857 5.936 6.020 6.108 6.209 6.317 6.416 6.490
-99.000 -99.000 -99.000 -99.000 -99.000 -99.000 -99.000 -99.000 -99.000 -99.000 -99.000 -99.000 -99.000 -99.000 -99.000 -99.000 -99.000 -99.000 -99.000 -99.000 -99.000 -99.000 -99.000 -99.000 -99.000 -99.000 -99.000 -99.000 -99.000 -99.000 -99.000 -99.000 -99.000 1.644 1.663 1.763 1.970 2.267 2.630 3.029 3.428 3.796 4.098 4.327 4.500 4.634 4.741 4.832 4.914 4.992 5.064 5.134 5.205 5.271 5.335 5.400 5.468 5.541 5.622 5.705 5.796 5.887 5.964 6.044 6.127 6.223 6.325 6.420 6.492
-99.000 -99.000 -99.000 -99.000 -99.000 -99.000 -99.000 -99.000 -99.000 -99.000 -99.000 -99.000 -99.000 -99.000 -99.000 -99.000 -99.000 -99.000 -99.000 -99.000 -99.000 -99.000 -99.000 -99.000 -99.000 -99.000 -99.000 -99.000 -99.000 -99.000 -99.000 -99.000 1.643 1.647 1.690 1.833 2.078 2.403 2.784 3.187 3.579 3.927 4.203 4.410 4.565 4.685 4.782 4.863 4.938 5.011 5.077 5.143 5.213 5.282 5.351 5.422 5.495 5.572 5.654 5.735 5.828 5.921 5.995 6.070 6.149 6.237 6.330 6.425 6.497
-99.000 -99.000 -99.000 -99.000 -99.000 -99.000 -99.000 -99.000 -99.000 -99.000 -99.000 -99.000 -99.000 -99.000 -99.000 -99.000 -99.000 -99.000 -99.000 -99.000 -99.000 -99.000 -99.000 -99.000 -99.000 -99.000 -99.000 -99.000 -99.000 -99.000 -99.000 -99.000 1.643 1.655 1.734 1.920 2.199 2.550 2.942 3.344 3.722 4.048 4.298 4.485 4.626 4.735 4.823 4.898 4.969 5.038 5.100 5.164 5.234 5.305 5.381 5.457 5.534 5.613 5.693 5.773 5.867 5.961 6.032 6.104 6.179 6.259 6.346 6.445 6.498
-99.000 -99.000 -99.000 -99.000 -99.000 -99.000 -99.000 -99.000 -99.000 -99.000 -99.000 -99.000 -99.000 -99.000 -99.000 -99.000 -99.000 -99.000 -99.000 -99.000 -99.000 -99.000 -99.000 -99.000 -99.000 -99.000 -99.000 -99.000 -99.000 -99.000 -99.000 1.643 1.645 1.675 1.796 2.023 2.333 2.704 3.103 3.497 3.858 4.156 4.382 4.551 4.679 4.780 4.863 4.936 5.005 5.071 5.131 5.194 5.265 5.341 5.421 5.503 5.586 5.665 5.744 5.822 5.918 6.014 6.084 6.154 6.224 6.302 6.384 6.452 6.472
-99.000 -99.000 -99.000 -99.000 -99.000 -99.000 -99.000 -99.000 -99.000 -99.000 -99.000 -99.000 -99.000 -99.000 -99.000 -99.000 -99.000 -99.000 -99.000 -99.000 -99.000 -99.000 -99.000 -99.000 -99.000 -99.000 -99.000 -99.000 -99.000 -99.000 -99.000 1.643 1.650 1.711 1.877 2.140 2.478 2.864 3.263 3.645 3.984 4.252 4.454 4.607 4.725 4.819 4.899 4.970 5.037 5.103 5.162 5.226 5.300 5.380 5.466 5.556 5.642 5.724 5.804 5.880 5.980 6.080 6.148 6.213 6.277 6.345 6.402 6.433 6.436
-99.000 -99.000 -99.000 -99.000 -99.000 -99.000 -99.000 -99.000 -99.000 -99.000 -99.000 -99.000 -99.000 -99.000 -99.000 -99.000 -99.000 -99.000 -99.000 -99.000 -99.000 -99.000 -99.000 -99.000 -99.000 -99.000 -99.000 -99.000 -99.000 -99.000 -99.000 1.644 1.664 1.766 1.975 2.272 2.633 3.028 3.423 3.788 4.098 4.336 4.516 4.654 4.763 4.852 4.929 4.997 5.063 5.129 5.189 5.255 5.334 5.419 5.512 5.607 5.700 5.786 5.868 5.945 6.047 6.151 6.213 6.269 6.322 6.368 6.396 6.404 6.391
-99.000 -99.000 -99.000 -99.000 -99.000 -99.000 -99.000 -99.000 -99.000 -99.000 -99.000 -99.000 -99.000 -99.000 -99.000 -99.000 -99.000 -99.000 -99.000 -99.000 -99.000 -99.000 -99.000 -99.000 -99.000 -99.000 -99.000 -99.000 -99.000 -99.000 1.644 1.647 1.693 1.839 2.088 2.415 2.795 3.194 3.579 3.923 4.200 4.410 4.571 4.696 4.797 4.880 4.953 5.019 5.083 5.148 5.210 5.280 5.363 5.455 5.552 5.653 5.754 5.846 5.933 6.008 6.112 6.215 6.269 6.315 6.346 6.369 6.377 6.364 6.338
-99.000 -99.000 -99.000 -99.000 -99.000 -99.000 -99.000 -99.000 -99.000 -99.000 -99.000 -99.000 -99.000 -99.000 -99.000 -99.000 -99.000 -99.000 -99.000 -99.000 -99.000 -99.000 -99.000 -99.000 -99.000 -99.000 -99.000 -99.000 -99.000 -99.000 1.644 1.657 1.740 1.931 2.215 2.568 2.962 3.359 3.730 4.046 4.291 4.477 4.620 4.734 4.826 4.904 4.971 5.033 5.094 5.158 5.223 5.297 5.387 5.483 5.583 5.690 5.798 5.899 5.989 6.059 6.164 6.268 6.314 6.340 6.351 6.356 6.345 6.318 6.281
-99.000 -99.000 -99.000 -99.000 -99.000 -99.000 -99.000 -99.000 -99.000 -99.000 -99.000 -99.000 -99.000 -99.000 -99.000 -99.000 -99.000 -99.000 -99.000 -99.000 -99.000 -99.000 -99.000 -99.000 -99.000 -99.000 -99.000 -99.000 -99.000 1.644 1.646 1.678 1.805 2.038 2.354 2.728 3.129 3.521 3.874 4.160 4.377 4.541 4.669 4.771 4.854 4.923 4.983 5.039 5.097 5.162 5.229 5.310 5.404 5.504 5.608 5.719 5.834 5.943 6.033 6.099 6.203 6.309 6.341 6.349 6.345 6.333 6.308 6.269 6.222
-99.000 -99.000 -99.000 -99.000 -99.000 -99.000 -99.000 -99.000 -99.000 -99.000 -99.000 -99.000 -99.000 -99.000 -99.000 -99.000 -99.000 -99.000 -99.000 -99.000 -99.000 -99.000 -99.000 -99.000 -99.000 -99.000 -99.000 -99.000 -99.000 1.644 1.652 1.717 1.889 2.159 2.503 2.893 3.296 3.677 4.008 4.266 4.459 4.604 4.718 4.808 4.882 4.942 4.993 5.042 5.097 5.163 5.235 5.320 5.418 5.521 5.628 5.743 5.863 5.975 6.066 6.125 6.228 6.328 6.347 6.344 6.325 6.299 6.264 6.215 6.163
-99.000 -99.000 -99.000 -99.000 -99.000 -99.000 -99.000 -99.000 -99.000 -99.000 -99.000 -99.000 -99.000 -99.000 -99.000 -99.000 -99.000 -99.000 -99.000 -99.000 -99.000 -99.000 -99.000 -99.000 -99.000 -99.000 -99.000 -99.000 -99.000 1.645 1.668 1.775 1.990 2.293 2.661 3.061 3.459 3.827 4.134 4.366 4.538 4.668 4.768 4.847 4.910 4.962 5.005 5.047 5.099 5.167 5.241 5.329 5.430 5.534 5.642 5.758 5.877 5.989 6.080 6.133 6.231 6.328 6.342 6.329 6.300 6.266 6.224 6.171 6.116
-99.000 -99.000 -99.000 -99.000 -99.000 -99.000 -99.000 -99.000 -99.000 -99.000 -99.000 -99.000 -99.000 -99.000 -99.000 -99.000 -99.000 -99.000 -99.000 -99.000 -99.000 -99.000 -99.000 -99.000 -99.000 -99.000 -99.000 -99.000 1.644 1.649 1.700 1.853 2.107 2.440 2.825 3.229 3.618 3.968 4.250 4.460 4.615 4.730 4.819 4.889 4.944 4.987 5.023 5.061 5.111 5.180 5.256 5.344 5.444 5.548 5.658 5.774 5.893 6.009 6.101 6.141 6.235 6.334 6.344 6.325 6.290 6.251 6.201 6.145 6.085
-99.000 -99.000 -99.000 -99.000 -99.000 -99.000 -99.000 -99.000 -99.000 -99.000 -99.000 -99.000 -99.000 -99.000 -99.000 -99.000 -99.000 -99.000 -99.000 -99.000 -99.000 -99.000 -99.000 -99.000 -99.000 -99.000 -99.000 -99.000 1.645 1.660 1.751 1.950 2.240 2.599 2.995 3.396 3.772 4.101 4.359 4.549 4.687 4.791 4.870 4.931 4.980 5.019 5.052 5.088 5.140 5.210 5.284 5.371 5.470 5.577 5.690 5.806 5.924 6.047 6.123 6.147 6.242 6.341 6.348 6.326 6.288 6.242 6.187 6.126 6.060
-99.000 -99.000 -99.000 -99.000 -99.000 -99.000 -99.000 -99.000 -99.000 -99.000 -99.000 -99.000 -99.000 -99.000 -99.000 -99.000 -99.000 -99.000 -99.000 -99.000 -99.000 -99.000 -99.000 -99.000 -99.000 -99.000 -99.000 1.644 1.647 1.686 1.824 2.064 2.387 2.766 3.169 3.562 3.921 4.226 4.458 4.629 4.753 4.846 4.918 4.974 5.019 5.057 5.093 5.135 5.189 5.257 5.332 5.418 5.516 5.624 5.738 5.857 5.974 6.071 6.126 6.151 6.245 6.344 6.352 6.329 6.287 6.237 6.178 6.108 6.037
-99.000 -99.000 -99.000 -99.000 -99.000 -99.000 -99.000 -99.000 -99.000 -99.000 -99.000 -99.000 -99.000 -99.000 -99.000 -99.000 -99.000 -99.000 -99.000 -99.000 -99.000 -99.000 -99.000 -99.000 -99.000 -99.000 -99.000 1.644 1.655 1.732 1.917 2.195 2.547 2.941 3.343 3.725 4.064 4.342 4.548 4.699 4.810 4.895 4.961 5.014 5.059 5.101 5.144 5.191 5.246 5.313 5.388 5.474 5.569 5.673 5.785 5.900 6.000 6.077 6.126 6.147 6.241 6.341 6.353 6.330 6.287 6.234 6.166 6.091 6.013
-99.000 -99.000 -99.000 -99.000 -99.000 -99.000 -99.000 -99.000 -99.000 -99.000 -99.000 -99.000 -99.000 -99.000 -99.000 -99.000 -99.000 -99.000 -99.000 -99.000 -99.000 -99.000 -99.000 -99.000 -99.000 -99.000 1.644 1.646 1.676 1.799 2.028 2.341 2.717 3.120 3.517 3.883 4.199 4.446 4.627 4.761 4.861 4.939 5.001 5.052 5.099 5.147 5.196 5.247 5.304 5.370 5.446 5.531 5.617 5.714 5.821 5.922 6.010 6.078 6.122 6.140 6.233 6.338 6.350 6.329 6.286 6.227 6.153 6.070 5.981
-99.000 -99.000 -99.000 -99.000 -99.000 -99.000 -99.000 -99.000 -99.000 -99.000 -99.000 -99.000 -99.000 -99.000 -99.000 -99.000 -99.000 -99.000 -99.000 -99.000 -99.000 -99.000 -99.000 -99.000 -99.000 -99.000 1.644 1.652 1.715 1.886 2.155 2.501 2.894 3.301 3.689 4.036 4.323 4.538 4.697 4.817 4.907 4.979 5.038 5.089 5.139 5.192 5.245 5.301 5.360 5.425 5.502 5.583 5.660 5.749 5.839 5.930 6.013 6.075 6.117 6.131 6.223 6.329 6.344 6.325 6.279 6.217 6.137 6.043 5.945
-99.000 -99.000 -99.000 -99.000 -99.000 -99.000 -99.000 -99.000 -99.000 -99.000 -99.000 -99.000 -99.000 -99.000 -99.000 -99.000 -99.000 -99.000 -99.000 -99.000 -99.000 -99.000 -99.000 -99.000 -99.000 -99.000 1.645 1.668 1.775 1.992 2.298 2.670 3.077 3.482 3.857 4.181 4.434 4.621 4.760 4.866 4.948 5.015 5.072 5.124 5.176 5.232 5.289 5.349 5.411 5.474 5.551 5.630 5.697 5.769 5.846 5.930 6.007 6.070 6.110 6.118 6.209 6.319 6.337 6.315 6.269 6.204 6.116 6.013 5.910
-99.000 -99.000 -99.000 -99.000 -99.000 -99.000 -99.000 -99.000 -99.000 -99.000 -99.000 -99.000 -99.000 -99.000 -99.000 -99.000 -99.000 -99.000 -99.000 -99.000 -99.000 -99.000 -99.000 -99.000 -99.000 1.644 1.649 1.700 1.856 2.114 2.453 2.847 3.261 3.661 4.020 4.317 4.536 4.698 4.818 4.911 4.985 5.048 5.104 5.156 5.209 5.266 5.326 5.391 5.455 5.518 5.597 5.675 5.727 5.783 5.849 5.925 5.999 6.064 6.102 6.106 6.198 6.312 6.327 6.303 6.255 6.186 6.093 5.985 5.877
-99.000 -99.000 -99.000 -99.000 -99.000 -99.000 -99.000 -99.000 -99.000 -99.000 -99.000 -99.000 -99.000 -99.000 -99.000 -99.000 -99.000 -99.000 -99.000 -99.000 -99.000 -99.000 -99.000 -99.000 -99.000 1.644 1.660 1.753 1.955 2.252 2.619 3.030 3.446 3.838 4.180 4.445 4.636 4.774 4.877 4.957 5.023 5.081 5.135 5.185 5.238 5.295 5.358 5.427 5.495 5.558 5.638 5.710 5.750 5.795 5.848 5.915 5.988 6.053 6.093 6.092 6.182 6.295 6.306 6.280 6.229 6.159 6.064 5.952 5.846
-99.000 -99.000 -99.000 -99.000 -99.000 -99.000 -99.000 -99.000 -99.000 -99.000 -99.000 -99.000 -99.000 -99.000 -99.000 -99.000 -99.000 -99.000 -99.000 -99.000 -99.000 -99.000 -99.000 -99.000 1.644 1.647 1.686 1.825 2.071 2.401 2.792 3.213 3.628 4.011 4.332 4.569 4.736 4.855 4.941 5.009 5.066 5.120 5.170 5.218 5.268 5.324 5.386 5.458 5.532 5.594 5.673 5.743 5.777 5.812 5.854 5.913 5.978 6.042 6.083 6.078 6.164 6.274 6.284 6.255 6.203 6.135 6.042 5.934 5.835
