version1/TsunamiDB/out54065.asc
ncols          264
nrows          230
xllcorner      497853.4375
yllcorner      4229146.0000
cellsize         5.
NODATA_value   -99
[rows 66 to 98 of 230, columns 75 to 149 of 264]
3.062 3.268 3.432 3.562 3.666 3.754 3.830 3.896 3.958 4.015 4.070 4.122 4.171 4.219 4.266 4.311 4.356 4.400 4.443 4.486 4.529 4.572 4.616 4.659 4.703 4.747 4.791 4.836 4.881 4.927 4.972 5.017 5.062 5.107 5.152 5.195 5.237 5.277 5.316 5.354 5.389 5.422 5.454 5.484 5.512 5.539 5.564 5.588 5.611 5.632 5.652 5.670 5.687 5.703 5.717 5.731 5.745 5.757 5.770 5.781 5.792 5.803 5.814 5.825 5.835 5.846 5.857 5.868 5.879 5.890 5.902 5.914 5.926 5.938 5.951
3.172 3.356 3.502 3.618 3.713 3.794 3.865 3.928 3.988 4.043 4.096 4.146 4.195 4.241 4.287 4.331 4.374 4.417 4.459 4.501 4.542 4.584 4.625 4.667 4.709 4.752 4.795 4.838 4.882 4.926 4.970 5.014 5.059 5.104 5.149 5.193 5.236 5.277 5.318 5.356 5.393 5.429 5.462 5.494 5.524 5.553 5.580 5.605 5.629 5.651 5.673 5.693 5.711 5.727 5.743 5.758 5.772 5.785 5.798 5.810 5.821 5.832 5.842 5.852 5.862 5.873 5.883 5.893 5.904 5.915 5.926 5.937 5.948 5.960 5.972
3.270 3.434 3.563 3.668 3.755 3.831 3.899 3.959 4.016 4.070 4.122 4.171 4.218 4.263 4.307 4.350 4.392 4.434 4.474 4.515 4.555 4.595 4.636 4.676 4.717 4.758 4.799 4.841 4.883 4.926 4.968 5.012 5.056 5.100 5.144 5.188 5.232 5.274 5.316 5.356 5.395 5.432 5.467 5.501 5.533 5.563 5.592 5.619 5.645 5.669 5.692 5.713 5.733 5.750 5.767 5.783 5.798 5.813 5.826 5.838 5.850 5.860 5.871 5.881 5.891 5.900 5.910 5.920 5.930 5.940 5.950 5.961 5.972 5.983 5.994
3.356 3.502 3.618 3.713 3.795 3.866 3.930 3.989 4.045 4.097 4.147 4.195 4.240 4.285 4.328 4.369 4.410 4.451 4.490 4.529 4.568 4.607 4.646 4.685 4.724 4.764 4.804 4.844 4.885 4.926 4.966 5.009 5.052 5.095 5.139 5.183 5.226 5.269 5.311 5.352 5.393 5.431 5.468 5.504 5.538 5.570 5.601 5.630 5.657 5.683 5.708 5.731 5.751 5.770 5.789 5.807 5.823 5.839 5.853 5.866 5.878 5.889 5.900 5.910 5.920 5.929 5.938 5.947 5.957 5.966 5.976 5.986 5.996 6.006 6.017
3.433 3.562 3.667 3.755 3.831 3.900 3.961 4.018 4.072 4.123 4.172 4.218 4.263 4.306 4.348 4.389 4.428 4.467 4.506 4.544 4.582 4.619 4.657 4.695 4.732 4.770 4.809 4.848 4.887 4.926 4.965 5.006 5.048 5.090 5.133 5.176 5.219 5.262 5.304 5.346 5.387 5.427 5.466 5.503 5.539 5.573 5.606 5.637 5.666 5.694 5.720 5.745 5.768 5.789 5.809 5.828 5.846 5.863 5.879 5.893 5.906 5.918 5.929 5.940 5.949 5.958 5.967 5.976 5.985 5.993 6.002 6.011 6.021 6.030 6.041
3.500 3.616 3.712 3.794 3.866 3.931 3.990 4.046 4.098 4.148 4.196 4.241 4.285 4.327 4.368 4.408 4.446 4.485 4.522 4.559 4.595 4.632 4.668 4.704 4.741 4.778 4.815 4.852 4.890 4.927 4.965 5.004 5.045 5.085 5.127 5.168 5.211 5.253 5.295 5.338 5.379 5.420 5.460 5.499 5.536 5.572 5.607 5.640 5.671 5.701 5.729 5.756 5.781 5.804 5.826 5.847 5.867 5.885 5.902 5.918 5.932 5.946 5.958 5.969 5.979 5.988 5.997 6.005 6.014 6.022 6.030 6.038 6.047 6.056 6.065
3.560 3.665 3.754 3.830 3.899 3.962 4.019 4.073 4.124 4.173 4.220 4.264 4.307 4.348 4.388 4.427 4.465 4.502 4.538 4.574 4.609 4.645 4.680 4.715 4.750 4.785 4.821 4.857 4.893 4.929 4.965 5.003 5.042 5.081 5.121 5.161 5.202 5.244 5.286 5.327 5.369 5.411 5.451 5.491 5.530 5.568 5.604 5.639 5.672 5.704 5.735 5.764 5.790 5.815 5.840 5.863 5.884 5.904 5.923 5.941 5.957 5.972 5.985 5.997 6.008 6.018 6.027 6.035 6.043 6.051 6.058 6.066 6.074 6.082 6.090
3.613 3.710 3.792 3.865 3.931 3.991 4.047 4.100 4.150 4.198 4.243 4.287 4.329 4.369 4.408 4.446 4.483 4.519 4.554 4.589 4.624 4.658 4.692 4.726 4.760 4.794 4.828 4.863 4.898 4.932 4.967 5.003 5.040 5.077 5.116 5.155 5.194 5.234 5.275 5.316 5.358 5.399 5.440 5.480 5.520 5.559 5.597 5.634 5.669 5.704 5.736 5.767 5.796 5.823 5.849 5.875 5.898 5.921 5.941 5.961 5.979 5.995 6.010 6.024 6.036 6.047 6.057 6.065 6.074 6.081 6.088 6.095 6.102 6.109 6.117
3.662 3.751 3.828 3.898 3.961 4.020 4.074 4.126 4.175 4.222 4.267 4.309 4.350 4.390 4.428 4.465 4.501 4.536 4.571 4.605 4.638 4.671 4.704 4.737 4.770 4.803 4.836 4.869 4.903 4.936 4.969 5.004 5.039 5.075 5.111 5.149 5.187 5.225 5.265 5.305 5.345 5.386 5.427 5.467 5.508 5.548 5.587 5.625 5.662 5.698 5.733 5.767 5.798 5.827 5.855 5.883 5.909 5.933 5.956 5.977 5.997 6.016 6.033 6.048 6.062 6.074 6.085 6.095 6.103 6.111 6.118 6.125 6.132 6.138 6.145
3.706 3.789 3.862 3.929 3.990 4.048 4.101 4.151 4.200 4.246 4.290 4.332 4.372 4.411 4.448 4.484 4.520 4.554 4.588 4.621 4.653 4.685 4.717 4.749 4.781 4.812 4.844 4.876 4.908 4.940 4.972 5.005 5.039 5.073 5.108 5.144 5.180 5.217 5.255 5.294 5.333 5.372 5.412 5.453 5.493 5.534 5.573 5.613 5.651 5.689 5.726 5.761 5.795 5.826 5.857 5.887 5.915 5.942 5.967 5.990 6.012 6.033 6.052 6.069 6.085 6.099 6.112 6.123 6.132 6.141 6.149 6.155 6.162 6.168 6.174
3.747 3.825 3.895 3.959 4.018 4.075 4.127 4.176 4.224 4.269 4.312 4.354 4.394 4.432 4.468 4.504 4.538 4.572 4.605 4.637 4.668 4.700 4.730 4.761 4.792 4.822 4.853 4.884 4.915 4.945 4.976 5.008 5.040 5.073 5.106 5.140 5.175 5.210 5.246 5.283 5.321 5.359 5.398 5.437 5.477 5.517 5.558 5.598 5.637 5.676 5.714 5.752 5.787 5.821 5.854 5.886 5.917 5.946 5.973 5.999 6.023 6.046 6.067 6.087 6.105 6.121 6.135 6.148 6.160 6.170 6.178 6.186 6.192 6.198 6.204
3.785 3.859 3.926 3.988 4.046 4.101 4.152 4.200 4.248 4.292 4.335 4.376 4.415 4.453 4.489 4.523 4.557 4.590 4.622 4.653 4.684 4.714 4.744 4.774 4.804 4.833 4.863 4.892 4.922 4.952 4.981 5.011 5.042 5.074 5.106 5.138 5.171 5.205 5.239 5.274 5.310 5.347 5.384 5.422 5.461 5.500 5.540 5.580 5.620 5.660 5.699 5.738 5.775 5.811 5.846 5.881 5.913 5.945 5.975 6.003 6.030 6.055 6.079 6.100 6.121 6.139 6.156 6.171 6.184 6.196 6.206 6.214 6.222 6.228 6.234
3.821 3.891 3.955 4.016 4.073 4.126 4.177 4.225 4.271 4.315 4.357 4.398 4.436 4.473 4.509 4.543 4.576 4.608 4.640 4.670 4.700 4.730 4.759 4.787 4.816 4.845 4.873 4.902 4.931 4.959 4.987 5.016 5.046 5.076 5.106 5.137 5.168 5.200 5.233 5.266 5.301 5.335 5.371 5.408 5.445 5.483 5.522 5.561 5.601 5.641 5.681 5.721 5.759 5.797 5.834 5.870 5.905 5.939 5.971 6.002 6.032 6.059 6.085 6.110 6.132 6.153 6.172 6.190 6.205 6.219 6.231 6.241 6.250 6.257 6.264
3.855 3.922 3.984 4.043 4.098 4.151 4.201 4.248 4.294 4.338 4.380 4.420 4.458 4.494 4.529 4.563 4.596 4.627 4.658 4.688 4.717 4.745 4.774 4.801 4.829 4.857 4.884 4.912 4.939 4.966 4.993 5.021 5.050 5.078 5.108 5.137 5.167 5.198 5.229 5.260 5.293 5.326 5.360 5.395 5.430 5.467 5.504 5.543 5.582 5.621 5.661 5.701 5.740 5.778 5.817 5.855 5.892 5.928 5.963 5.996 6.028 6.058 6.087 6.114 6.139 6.162 6.184 6.204 6.222 6.238 6.253 6.265 6.276 6.285 6.292
3.887 3.952 4.012 4.069 4.124 4.176 4.224 4.271 4.317 4.360 4.402 4.441 4.479 4.515 4.550 4.583 4.615 4.646 4.676 4.706 4.734 4.762 4.789 4.816 4.843 4.869 4.896 4.922 4.949 4.975 5.001 5.028 5.055 5.082 5.110 5.139 5.167 5.196 5.226 5.256 5.287 5.318 5.350 5.383 5.417 5.452 5.488 5.525 5.562 5.601 5.640 5.679 5.718 5.757 5.797 5.836 5.875 5.912 5.949 5.985 6.019 6.052 6.083 6.112 6.140 6.167 6.191 6.214 6.234 6.253 6.270 6.285 6.298 6.309 6.318
3.918 3.980 4.039 4.095 4.148 4.199 4.248 4.294 4.339 4.382 4.423 4.462 4.500 4.536 4.571 4.604 4.635 4.666 4.695 4.724 4.752 4.779 4.805 4.832 4.857 4.883 4.909 4.934 4.960 4.984 5.009 5.035 5.061 5.088 5.114 5.141 5.168 5.196 5.224 5.253 5.282 5.312 5.343 5.374 5.406 5.439 5.473 5.508 5.544 5.581 5.619 5.657 5.696 5.734 5.774 5.813 5.853 5.892 5.930 5.968 6.004 6.039 6.073 6.105 6.136 6.165 6.192 6.218 6.241 6.263 6.283 6.300 6.316 6.329 6.341
3.948 4.008 4.065 4.120 4.172 4.223 4.270 4.316 4.361 4.403 4.444 4.484 4.521 4.557 4.591 4.624 4.655 4.686 4.715 4.743 4.770 4.797 4.822 4.848 4.873 4.897 4.922 4.946 4.971 4.995 5.019 5.043 5.068 5.094 5.119 5.145 5.171 5.198 5.224 5.252 5.280 5.308 5.337 5.367 5.397 5.429 5.461 5.494 5.528 5.564 5.599 5.636 5.673 5.711 5.749 5.789 5.828 5.868 5.907 5.946 5.984 6.021 6.057 6.092 6.125 6.157 6.187 6.216 6.242 6.267 6.289 6.310 6.329 6.345 6.359
3.977 4.036 4.091 4.144 4.196 4.245 4.292 4.337 4.382 4.424 4.465 4.504 4.542 4.578 4.612 4.644 4.676 4.706 4.734 4.762 4.789 4.815 4.840 4.865 4.889 4.913 4.936 4.960 4.983 5.006 5.029 5.053 5.077 5.101 5.125 5.150 5.175 5.200 5.226 5.252 5.279 5.306 5.333 5.362 5.391 5.420 5.451 5.482 5.515 5.548 5.582 5.617 5.652 5.688 5.725 5.764 5.802 5.842 5.881 5.920 5.959 5.998 6.036 6.073 6.109 6.143 6.176 6.207 6.237 6.264 6.290 6.314 6.336 6.355 6.372
4.005 4.062 4.116 4.168 4.219 4.267 4.313 4.358 4.402 4.445 4.485 4.524 4.562 4.598 4.632 4.665 4.696 4.726 4.755 4.782 4.808 4.834 4.859 4.883 4.906 4.929 4.952 4.974 4.997 5.019 5.040 5.063 5.086 5.109 5.132 5.156 5.180 5.204 5.229 5.254 5.279 5.305 5.332 5.359 5.386 5.414 5.443 5.473 5.504 5.535 5.567 5.600 5.633 5.667 5.703 5.739 5.777 5.815 5.853 5.892 5.931 5.971 6.010 6.048 6.086 6.122 6.158 6.192 6.224 6.255 6.284 6.311 6.336 6.359 6.379
4.033 4.088 4.141 4.192 4.241 4.289 4.334 4.379 4.422 4.465 4.505 4.544 4.582 4.618 4.652 4.685 4.716 4.746 4.775 4.802 4.828 4.854 4.878 4.901 4.924 4.947 4.969 4.990 5.012 5.032 5.053 5.075 5.096 5.118 5.141 5.163 5.186 5.209 5.233 5.257 5.281 5.306 5.332 5.357 5.384 5.411 5.438 5.467 5.496 5.525 5.556 5.586 5.617 5.649 5.683 5.717 5.753 5.789 5.826 5.864 5.902 5.941 5.980 6.019 6.058 6.096 6.133 6.169 6.205 6.238 6.270 6.301 6.329 6.356 6.379
4.060 4.113 4.165 4.215 4.263 4.310 4.354 4.399 4.442 4.484 4.524 4.563 4.601 4.637 4.672 4.705 4.736 4.766 4.795 4.822 4.849 4.874 4.898 4.921 4.943 4.965 4.986 5.007 5.028 5.047 5.067 5.087 5.108 5.129 5.150 5.172 5.194 5.216 5.238 5.261 5.285 5.309 5.333 5.358 5.383 5.409 5.435 5.462 5.490 5.518 5.547 5.575 5.604 5.634 5.666 5.698 5.731 5.766 5.801 5.837 5.873 5.911 5.949 5.987 6.026 6.065 6.103 6.141 6.178 6.214 6.249 6.282 6.314 6.344 6.370
4.086 4.138 4.188 4.237 4.285 4.330 4.374 4.418 4.461 4.502 4.543 4.582 4.619 4.656 4.690 4.724 4.756 4.786 4.815 4.843 4.869 4.894 4.918 4.941 4.963 4.984 5.005 5.026 5.045 5.063 5.082 5.102 5.121 5.141 5.161 5.181 5.202 5.223 5.245 5.267 5.290 5.313 5.336 5.360 5.384 5.409 5.434 5.460 5.486 5.513 5.540 5.567 5.594 5.622 5.652 5.682 5.714 5.746 5.778 5.812 5.847 5.883 5.919 5.956 5.994 6.032 6.070 6.108 6.146 6.184 6.220 6.256 6.290 6.323 6.353
4.112 4.162 4.212 4.259 4.306 4.350 4.393 4.437 4.479 4.520 4.560 4.599 4.637 4.673 4.709 4.742 4.775 4.805 4.835 4.863 4.889 4.914 4.939 4.961 4.983 5.005 5.025 5.045 5.063 5.080 5.099 5.117 5.136 5.155 5.174 5.193 5.212 5.233 5.253 5.274 5.296 5.318 5.340 5.363 5.387 5.411 5.435 5.459 5.484 5.510 5.536 5.561 5.587 5.614 5.642 5.670 5.699 5.729 5.760 5.792 5.824 5.857 5.892 5.927 5.962 5.999 6.036 6.073 6.111 6.149 6.186 6.223 6.259 6.295 6.328
4.137 4.186 4.234 4.281 4.326 4.370 4.412 4.455 4.496 4.537 4.577 4.616 4.654 4.690 4.726 4.760 4.793 4.824 4.854 4.882 4.909 4.935 4.959 4.982 5.004 5.025 5.045 5.065 5.082 5.099 5.117 5.135 5.152 5.170 5.188 5.206 5.224 5.243 5.263 5.283 5.303 5.324 5.346 5.368 5.391 5.414 5.437 5.461 5.485 5.509 5.534 5.558 5.583 5.608 5.635 5.661 5.689 5.717 5.746 5.775 5.806 5.837 5.868 5.901 5.935 5.969 6.004 6.040 6.076 6.113 6.150 6.187 6.223 6.260 6.294
4.162 4.210 4.257 4.302 4.347 4.389 4.431 4.473 4.514 4.554 4.593 4.632 4.670 4.706 4.742 4.776 4.810 4.841 4.872 4.901 4.928 4.954 4.979 5.003 5.025 5.046 5.066 5.085 5.103 5.120 5.137 5.154 5.170 5.187 5.203 5.220 5.238 5.256 5.274 5.293 5.312 5.332 5.353 5.374 5.396 5.418 5.440 5.463 5.486 5.510 5.534 5.557 5.581 5.605 5.630 5.656 5.682 5.708 5.735 5.763 5.791 5.820 5.850 5.880 5.911 5.943 5.976 6.010 6.044 6.078 6.114 6.150 6.186 6.222 6.257
4.187 4.234 4.279 4.324 4.367 4.408 4.449 4.490 4.530 4.570 4.609 4.647 4.685 4.722 4.757 4.792 4.826 4.858 4.889 4.918 4.946 4.973 4.999 5.023 5.045 5.067 5.087 5.107 5.124 5.141 5.157 5.174 5.190 5.205 5.221 5.237 5.253 5.270 5.287 5.304 5.323 5.342 5.361 5.381 5.402 5.423 5.445 5.467 5.490 5.512 5.536 5.558 5.580 5.604 5.628 5.652 5.677 5.702 5.728 5.754 5.781 5.808 5.836 5.864 5.893 5.923 5.953 5.984 6.016 6.048 6.082 6.115 6.149 6.184 6.218
4.211 4.257 4.301 4.345 4.387 4.427 4.467 4.508 4.547 4.586 4.624 4.662 4.700 4.736 4.772 4.807 4.840 4.873 4.905 4.935 4.964 4.991 5.017 5.042 5.065 5.088 5.108 5.128 5.146 5.162 5.179 5.195 5.211 5.226 5.241 5.255 5.270 5.286 5.302 5.318 5.335 5.353 5.371 5.390 5.410 5.430 5.451 5.472 5.494 5.516 5.538 5.560 5.582 5.605 5.628 5.651 5.675 5.699 5.724 5.749 5.774 5.800 5.826 5.852 5.879 5.907 5.935 5.964 5.994 6.024 6.055 6.086 6.118 6.150 6.183
4.235 4.280 4.324 4.366 4.407 4.447 4.486 4.525 4.563 4.602 4.639 4.677 4.713 4.750 4.785 4.820 4.854 4.887 4.919 4.950 4.979 5.008 5.035 5.060 5.084 5.107 5.129 5.149 5.167 5.184 5.201 5.217 5.232 5.247 5.262 5.276 5.290 5.304 5.318 5.334 5.349 5.366 5.383 5.401 5.419 5.438 5.458 5.478 5.499 5.521 5.542 5.564 5.585 5.607 5.629 5.652 5.675 5.698 5.722 5.746 5.770 5.794 5.819 5.844 5.870 5.896 5.923 5.950 5.977 6.005 6.034 6.063 6.092 6.122 6.152
4.260 4.303 4.346 4.387 4.427 4.466 4.504 4.542 4.580 4.617 4.654 4.691 4.727 4.763 4.798 4.833 4.867 4.900 4.932 4.964 4.994 5.023 5.050 5.077 5.102 5.126 5.148 5.169 5.188 5.206 5.223 5.240 5.255 5.270 5.284 5.297 5.311 5.324 5.338 5.351 5.366 5.381 5.396 5.413 5.430 5.448 5.467 5.486 5.506 5.526 5.547 5.568 5.588 5.610 5.632 5.654 5.677 5.699 5.722 5.745 5.768 5.792 5.816 5.840 5.864 5.889 5.914 5.940 5.966 5.992 6.018 6.045 6.073 6.101 6.128
4.284 4.327 4.368 4.409 4.448 4.485 4.522 4.560 4.596 4.633 4.669 4.705 4.740 4.775 4.810 4.845 4.879 4.912 4.945 4.976 5.007 5.036 5.065 5.092 5.118 5.143 5.166 5.188 5.208 5.227 5.245 5.262 5.278 5.293 5.307 5.320 5.333 5.346 5.359 5.371 5.384 5.398 5.412 5.427 5.442 5.459 5.476 5.495 5.514 5.533 5.553 5.573 5.593 5.614 5.636 5.657 5.679 5.701 5.724 5.746 5.769 5.792 5.815 5.838 5.861 5.885 5.909 5.934 5.958 5.983 6.008 6.034 6.059 6.085 6.111
4.308 4.350 4.391 4.430 4.469 4.505 4.541 4.577 4.613 4.649 4.684 4.719 4.754 4.788 4.822 4.856 4.890 4.923 4.956 4.987 5.018 5.049 5.078 5.106 5.132 5.158 5.182 5.206 5.227 5.246 5.265 5.283 5.300 5.316 5.330 5.344 5.357 5.369 5.381 5.393 5.405 5.417 5.430 5.443 5.457 5.472 5.488 5.505 5.523 5.541 5.561 5.580 5.599 5.619 5.640 5.661 5.683 5.705 5.726 5.748 5.771 5.793 5.815 5.838 5.861 5.884 5.907 5.930 5.954 5.978 6.002 6.026 6.051 6.075 6.099
4.332 4.374 4.413 4.452 4.489 4.525 4.560 4.596 4.630 4.665 4.699 4.733 4.767 4.801 4.834 4.868 4.901 4.933 4.966 4.998 5.029 5.059 5.089 5.118 5.145 5.172 5.197 5.221 5.243 5.264 5.284 5.303 5.321 5.338 5.353 5.368 5.381 5.393 5.405 5.416 5.428 5.439 5.450 5.462 5.474 5.487 5.502 5.517 5.533 5.551 5.569 5.587 5.605 5.625 5.646 5.666 5.687 5.709 5.730 5.752 5.773 5.795 5.817 5.840 5.862 5.884 5.907 5.930 5.953 5.976 5.999 6.022 6.046 6.069 6.092
4.357 4.397 4.436 4.474 4.511 4.546 4.580 4.614 4.648 4.682 4.715 4.748 4.781 4.813 4.846 4.879 4.911 4.943 4.975 5.007 5.038 5.069 5.099 5.128 5.156 5.183 5.210 5.235 5.258 5.280 5.301 5.322 5.341 5.359 5.375 5.391 5.405 5.418 5.430 5.441 5.452 5.462 5.472 5.483 5.493 5.505 5.518 5.531 5.546 5.561 5.578 5.595 5.613 5.632 5.652 5.672 5.692 5.713 5.734 5.756 5.777 5.799 5.820 5.842 5.864 5.886 5.908 5.931 5.953 5.976 5.998 6.021 6.044 6.067 6.089
