version1/TsunamiDB/out54166.asc
ncols          264
nrows          230
xllcorner      497853.4375
yllcorner      4229146.0000
cellsize         5.
NODATA_value   -99
[rows 136 to 169 of 230, columns 154 to 230 of 264]
6.948 6.950 6.953 6.956 6.959 6.962 6.965 6.968 6.972 6.975 6.979 6.982 6.986 6.991 6.995 7.000 7.005 7.009 7.014 7.019 7.025 7.030 7.036 7.042 7.048 7.055 7.062 7.069 7.077 7.084 7.091 7.097 7.102 7.108 7.115 7.122 7.131 7.141 7.154 7.170 7.189 7.211 7.235 7.258 7.283 7.316 7.352 7.390 7.430 7.473 7.518 7.576 7.637 7.674 7.711 7.765 7.814 7.860 7.902 7.940 7.973 7.997 8.014 8.024 8.034 8.048 8.060 8.071 8.080 8.088 8.096 8.104 8.113 8.115 8.118 8.127 8.135
6.953 6.956 6.958 6.961 6.964 6.967 6.970 6.973 6.977 6.980 6.984 6.987 6.991 6.995 7.000 7.004 7.009 7.014 7.018 7.023 7.029 7.034 7.040 7.046 7.052 7.059 7.065 7.073 7.080 7.087 7.094 7.099 7.104 7.111 7.117 7.124 7.133 7.144 7.158 7.175 7.196 7.220 7.246 7.270 7.296 7.331 7.369 7.410 7.453 7.498 7.549 7.609 7.667 7.703 7.739 7.791 7.839 7.884 7.923 7.959 7.989 8.010 8.026 8.036 8.045 8.057 8.069 8.078 8.086 8.094 8.102 8.110 8.119 8.121 8.124 8.133 8.142
6.959 6.961 6.964 6.967 6.970 6.972 6.975 6.978 6.982 6.985 6.988 6.992 6.996 7.000 7.004 7.009 7.013 7.018 7.023 7.028 7.033 7.038 7.044 7.050 7.056 7.062 7.069 7.076 7.083 7.090 7.097 7.102 7.107 7.113 7.120 7.127 7.136 7.148 7.163 7.181 7.204 7.229 7.258 7.283 7.310 7.347 7.389 7.433 7.478 7.528 7.583 7.640 7.696 7.730 7.765 7.816 7.862 7.904 7.942 7.975 8.002 8.022 8.038 8.047 8.056 8.067 8.077 8.086 8.093 8.100 8.108 8.116 8.125 8.128 8.131 8.140 8.150
6.965 6.967 6.970 6.973 6.975 6.978 6.981 6.984 6.987 6.990 6.994 6.997 7.001 7.005 7.009 7.014 7.018 7.022 7.027 7.032 7.037 7.042 7.048 7.053 7.059 7.066 7.073 7.080 7.087 7.093 7.099 7.105 7.109 7.116 7.123 7.131 7.141 7.153 7.169 7.188 7.212 7.240 7.270 7.296 7.325 7.366 7.411 7.457 7.507 7.559 7.615 7.670 7.723 7.756 7.790 7.838 7.883 7.923 7.958 7.989 8.014 8.033 8.049 8.058 8.066 8.076 8.085 8.093 8.100 8.107 8.114 8.122 8.131 8.134 8.137 8.147 8.157
6.971 6.973 6.976 6.978 6.981 6.984 6.987 6.989 6.993 6.996 6.999 7.002 7.006 7.010 7.014 7.018 7.023 7.027 7.032 7.036 7.041 7.046 7.052 7.057 7.063 7.070 7.076 7.083 7.090 7.096 7.102 7.108 7.113 7.120 7.128 7.136 7.146 7.160 7.176 7.196 7.221 7.250 7.283 7.312 7.343 7.387 7.435 7.485 7.537 7.590 7.645 7.699 7.748 7.780 7.813 7.858 7.901 7.940 7.973 8.001 8.025 8.044 8.059 8.068 8.075 8.085 8.094 8.101 8.107 8.113 8.120 8.128 8.137 8.141 8.144 8.155 8.165
6.977 6.980 6.982 6.985 6.987 6.990 6.992 6.995 6.998 7.001 7.004 7.008 7.011 7.015 7.019 7.023 7.027 7.032 7.036 7.041 7.046 7.051 7.056 7.061 7.067 7.073 7.080 7.086 7.093 7.100 7.106 7.111 7.117 7.124 7.132 7.141 7.152 7.167 7.184 7.204 7.231 7.262 7.299 7.329 7.362 7.410 7.461 7.514 7.567 7.620 7.674 7.725 7.773 7.803 7.834 7.877 7.918 7.954 7.986 8.013 8.036 8.055 8.069 8.077 8.085 8.094 8.102 8.108 8.114 8.119 8.126 8.134 8.144 8.147 8.152 8.163 8.174
6.984 6.986 6.989 6.991 6.993 6.996 6.999 7.001 7.004 7.007 7.010 7.013 7.017 7.020 7.024 7.028 7.032 7.037 7.041 7.046 7.050 7.055 7.060 7.065 7.071 7.077 7.083 7.090 7.096 7.103 7.110 7.115 7.121 7.129 7.138 7.147 7.159 7.174 7.192 7.213 7.241 7.276 7.316 7.348 7.383 7.435 7.489 7.542 7.596 7.649 7.701 7.750 7.795 7.824 7.854 7.895 7.933 7.968 7.998 8.025 8.047 8.065 8.078 8.086 8.093 8.102 8.109 8.115 8.120 8.125 8.131 8.140 8.150 8.155 8.159 8.171 8.183
6.991 6.993 6.995 6.998 7.000 7.002 7.005 7.008 7.010 7.013 7.016 7.019 7.022 7.026 7.030 7.034 7.038 7.042 7.046 7.050 7.055 7.060 7.064 7.069 7.075 7.081 7.087 7.093 7.100 7.107 7.114 7.120 7.126 7.134 7.143 7.153 7.166 7.182 7.200 7.223 7.253 7.291 7.335 7.369 7.407 7.461 7.515 7.570 7.623 7.675 7.725 7.772 7.816 7.843 7.871 7.910 7.947 7.980 8.009 8.035 8.057 8.073 8.086 8.094 8.101 8.108 8.115 8.121 8.126 8.130 8.137 8.146 8.157 8.162 8.168 8.180 8.191
6.998 7.000 7.002 7.004 7.007 7.009 7.012 7.014 7.017 7.019 7.022 7.025 7.028 7.032 7.035 7.039 7.043 7.047 7.051 7.055 7.060 7.064 7.069 7.073 7.079 7.084 7.090 7.097 7.104 7.111 7.118 7.125 7.131 7.140 7.149 7.160 7.174 7.191 7.210 7.235 7.266 7.306 7.353 7.390 7.430 7.486 7.541 7.596 7.649 7.700 7.749 7.794 7.835 7.862 7.888 7.926 7.960 7.992 8.020 8.045 8.066 8.082 8.094 8.101 8.107 8.114 8.121 8.127 8.132 8.137 8.143 8.152 8.164 8.170 8.176 8.189 8.200
7.005 7.007 7.009 7.011 7.014 7.016 7.018 7.021 7.023 7.026 7.029 7.031 7.034 7.037 7.041 7.045 7.048 7.052 7.056 7.060 7.065 7.069 7.073 7.077 7.082 7.088 7.094 7.100 7.108 7.115 7.123 7.130 7.137 7.146 7.156 7.167 7.182 7.200 7.221 7.247 7.280 7.323 7.376 7.416 7.456 7.513 7.569 7.623 7.675 7.725 7.772 7.815 7.855 7.881 7.906 7.941 7.974 8.004 8.030 8.055 8.076 8.091 8.101 8.107 8.113 8.120 8.127 8.133 8.138 8.143 8.149 8.158 8.173 8.180 8.186 8.198 8.210
7.012 7.014 7.016 7.018 7.021 7.023 7.025 7.028 7.030 7.032 7.035 7.038 7.040 7.043 7.047 7.050 7.054 7.058 7.062 7.065 7.069 7.073 7.076 7.081 7.086 7.092 7.098 7.104 7.112 7.120 7.128 7.135 7.142 7.151 7.162 7.175 7.191 7.210 7.234 7.262 7.297 7.348 7.405 7.443 7.483 7.541 7.596 7.650 7.700 7.749 7.794 7.836 7.874 7.898 7.923 7.956 7.987 8.015 8.041 8.064 8.085 8.098 8.105 8.112 8.118 8.125 8.132 8.138 8.144 8.149 8.155 8.167 8.184 8.190 8.196 8.208 8.219
7.019 7.021 7.023 7.025 7.028 7.030 7.032 7.034 7.037 7.039 7.042 7.044 7.047 7.050 7.053 7.056 7.060 7.063 7.067 7.070 7.073 7.077 7.080 7.085 7.090 7.095 7.102 7.109 7.116 7.125 7.133 7.140 7.148 7.158 7.170 7.184 7.202 7.224 7.250 7.282 7.323 7.378 7.433 7.471 7.511 7.568 7.623 7.675 7.725 7.772 7.816 7.856 7.893 7.916 7.939 7.971 8.000 8.027 8.051 8.073 8.091 8.102 8.111 8.117 8.123 8.130 8.137 8.145 8.151 8.157 8.165 8.179 8.194 8.200 8.206 8.218 8.229
7.026 7.029 7.031 7.033 7.035 7.037 7.039 7.041 7.044 7.046 7.048 7.051 7.053 7.056 7.059 7.062 7.065 7.069 7.072 7.075 7.077 7.080 7.084 7.089 7.094 7.099 7.106 7.113 7.121 7.129 7.137 7.145 7.155 7.166 7.179 7.195 7.216 7.241 7.270 7.307 7.353 7.406 7.460 7.498 7.538 7.593 7.648 7.700 7.748 7.794 7.837 7.875 7.910 7.933 7.955 7.985 8.012 8.038 8.060 8.080 8.096 8.107 8.116 8.122 8.128 8.136 8.144 8.152 8.159 8.167 8.177 8.190 8.204 8.211 8.217 8.228 8.237
7.034 7.036 7.038 7.040 7.042 7.044 7.046 7.049 7.051 7.053 7.055 7.057 7.060 7.062 7.065 7.068 7.071 7.074 7.076 7.079 7.081 7.084 7.088 7.093 7.098 7.104 7.110 7.118 7.125 7.134 7.142 7.151 7.163 7.176 7.190 7.210 7.234 7.262 7.295 7.336 7.383 7.435 7.487 7.524 7.563 7.619 7.673 7.724 7.771 7.815 7.856 7.894 7.927 7.949 7.970 7.998 8.024 8.048 8.068 8.086 8.101 8.112 8.121 8.128 8.133 8.142 8.151 8.160 8.169 8.179 8.190 8.202 8.215 8.221 8.227 8.237 8.246
7.041 7.043 7.045 7.048 7.050 7.052 7.054 7.056 7.058 7.060 7.062 7.064 7.066 7.068 7.071 7.074 7.076 7.078 7.081 7.083 7.085 7.088 7.092 7.097 7.102 7.108 7.115 7.122 7.130 7.138 7.148 7.159 7.173 7.188 7.205 7.227 7.255 7.287 7.323 7.365 7.412 7.463 7.514 7.550 7.589 7.643 7.696 7.747 7.793 7.836 7.876 7.911 7.943 7.964 7.984 8.011 8.035 8.057 8.076 8.092 8.106 8.117 8.127 8.134 8.140 8.150 8.160 8.170 8.180 8.191 8.202 8.214 8.226 8.231 8.237 8.246 8.254
7.049 7.051 7.053 7.055 7.057 7.059 7.061 7.063 7.065 7.067 7.069 7.071 7.073 7.075 7.077 7.079 7.081 7.083 7.085 7.087 7.089 7.092 7.096 7.101 7.106 7.112 7.119 7.127 7.135 7.144 7.154 7.168 7.185 7.202 7.222 7.248 7.279 7.314 7.351 7.394 7.440 7.489 7.540 7.576 7.614 7.667 7.720 7.769 7.814 7.856 7.894 7.928 7.959 7.979 7.998 8.023 8.046 8.066 8.083 8.098 8.111 8.123 8.134 8.141 8.147 8.158 8.169 8.181 8.192 8.203 8.215 8.226 8.236 8.242 8.246 8.255 8.262
7.056 7.059 7.061 7.062 7.064 7.066 7.068 7.070 7.072 7.074 7.076 7.078 7.079 7.081 7.083 7.084 7.086 7.087 7.089 7.090 7.092 7.096 7.100 7.105 7.110 7.116 7.124 7.132 7.140 7.150 7.162 7.178 7.199 7.219 7.241 7.271 7.306 7.342 7.380 7.422 7.467 7.516 7.566 7.602 7.639 7.692 7.743 7.790 7.834 7.875 7.912 7.945 7.974 7.992 8.011 8.034 8.055 8.074 8.090 8.104 8.117 8.129 8.142 8.149 8.156 8.168 8.180 8.192 8.204 8.216 8.227 8.238 8.247 8.252 8.256 8.263 8.270
7.064 7.066 7.068 7.070 7.072 7.074 7.076 7.078 7.080 7.082 7.083 7.085 7.086 7.087 7.089 7.089 7.090 7.091 7.092 7.094 7.096 7.100 7.104 7.108 7.114 7.120 7.128 7.136 7.146 7.157 7.171 7.191 7.215 7.238 7.262 7.295 7.332 7.369 7.407 7.448 7.493 7.541 7.592 7.626 7.663 7.715 7.764 7.811 7.853 7.892 7.928 7.959 7.987 8.005 8.022 8.044 8.064 8.082 8.097 8.111 8.124 8.136 8.150 8.158 8.165 8.178 8.191 8.203 8.216 8.228 8.239 8.249 8.257 8.261 8.265 8.271 8.277
7.072 7.074 7.076 7.078 7.080 7.081 7.083 7.085 7.087 7.089 7.090 7.092 7.092 7.093 7.094 7.094 7.095 7.095 7.096 7.098 7.100 7.103 7.107 7.112 7.117 7.124 7.132 7.141 7.152 7.165 7.182 7.204 7.232 7.258 7.284 7.320 7.358 7.396 7.434 7.475 7.519 7.566 7.616 7.651 7.687 7.738 7.786 7.830 7.871 7.909 7.944 7.974 7.999 8.016 8.033 8.054 8.073 8.090 8.105 8.118 8.131 8.144 8.158 8.167 8.175 8.189 8.202 8.215 8.227 8.239 8.250 8.260 8.267 8.271 8.274 8.280 8.285
7.079 7.081 7.083 7.085 7.087 7.089 7.091 7.093 7.095 7.096 7.098 7.098 7.099 7.099 7.099 7.099 7.099 7.099 7.099 7.101 7.104 7.107 7.110 7.115 7.120 7.127 7.136 7.147 7.159 7.175 7.194 7.220 7.253 7.281 7.309 7.346 7.386 7.424 7.463 7.503 7.545 7.591 7.644 7.679 7.713 7.762 7.808 7.851 7.890 7.926 7.960 7.988 8.012 8.028 8.043 8.063 8.082 8.098 8.113 8.126 8.139 8.152 8.168 8.177 8.186 8.200 8.214 8.227 8.239 8.251 8.262 8.271 8.278 8.280 8.283 8.288 8.293
7.087 7.089 7.091 7.093 7.095 7.097 7.098 7.100 7.102 7.104 7.105 7.105 7.105 7.105 7.104 7.104 7.103 7.103 7.103 7.105 7.107 7.110 7.113 7.118 7.123 7.131 7.141 7.154 7.169 7.187 7.210 7.242 7.279 7.307 7.336 7.374 7.414 7.452 7.491 7.531 7.571 7.621 7.675 7.707 7.740 7.787 7.830 7.870 7.908 7.943 7.975 8.001 8.022 8.037 8.053 8.072 8.090 8.106 8.121 8.134 8.147 8.162 8.180 8.189 8.198 8.212 8.226 8.239 8.251 8.263 8.274 8.282 8.287 8.289 8.292 8.297 8.301
7.095 7.097 7.099 7.101 7.102 7.104 7.106 7.108 7.109 7.111 7.112 7.112 7.111 7.111 7.110 7.108 7.107 7.107 7.107 7.109 7.110 7.113 7.117 7.121 7.127 7.136 7.148 7.163 7.182 7.204 7.233 7.269 7.306 7.335 7.364 7.402 7.442 7.482 7.521 7.561 7.604 7.654 7.704 7.734 7.766 7.810 7.851 7.889 7.925 7.958 7.987 8.011 8.032 8.047 8.061 8.080 8.098 8.115 8.130 8.144 8.158 8.175 8.191 8.201 8.210 8.224 8.238 8.251 8.263 8.274 8.284 8.291 8.296 8.298 8.301 8.305 8.309
7.102 7.104 7.106 7.108 7.110 7.112 7.114 7.115 7.117 7.118 7.119 7.118 7.117 7.117 7.115 7.113 7.112 7.111 7.111 7.112 7.113 7.116 7.121 7.126 7.132 7.143 7.158 7.176 7.199 7.226 7.259 7.297 7.334 7.362 7.391 7.431 7.471 7.512 7.551 7.593 7.638 7.686 7.731 7.760 7.790 7.832 7.871 7.907 7.940 7.970 7.997 8.020 8.041 8.056 8.070 8.089 8.107 8.123 8.139 8.154 8.170 8.187 8.203 8.212 8.221 8.236 8.249 8.262 8.274 8.284 8.293 8.300 8.305 8.307 8.310 8.314 8.318
7.110 7.112 7.114 7.116 7.118 7.119 7.121 7.123 7.124 7.126 7.126 7.125 7.124 7.123 7.121 7.119 7.117 7.116 7.115 7.115 7.116 7.120 7.126 7.132 7.139 7.153 7.171 7.192 7.219 7.251 7.286 7.324 7.362 7.390 7.419 7.460 7.501 7.542 7.583 7.626 7.670 7.715 7.757 7.785 7.813 7.852 7.889 7.922 7.953 7.981 8.007 8.029 8.050 8.064 8.078 8.097 8.115 8.133 8.149 8.166 8.182 8.198 8.214 8.224 8.233 8.247 8.260 8.273 8.284 8.293 8.302 8.308 8.314 8.316 8.318 8.322 8.326
7.118 7.120 7.122 7.124 7.125 7.127 7.129 7.130 7.132 7.133 7.133 7.132 7.130 7.129 7.127 7.124 7.122 7.120 7.118 7.118 7.120 7.125 7.132 7.139 7.148 7.165 7.186 7.212 7.242 7.276 7.314 7.352 7.390 7.418 7.448 7.489 7.531 7.573 7.615 7.658 7.701 7.743 7.782 7.808 7.835 7.871 7.905 7.936 7.965 7.991 8.016 8.038 8.058 8.073 8.087 8.106 8.124 8.142 8.160 8.177 8.194 8.210 8.225 8.235 8.244 8.258 8.271 8.283 8.293 8.302 8.310 8.317 8.322 8.325 8.327 8.331 8.335
7.125 7.127 7.129 7.131 7.133 7.135 7.136 7.138 7.139 7.140 7.141 7.139 7.137 7.135 7.133 7.129 7.126 7.124 7.122 7.121 7.124 7.130 7.139 7.148 7.159 7.179 7.204 7.233 7.266 7.302 7.341 7.380 7.419 7.447 7.477 7.518 7.561 7.604 7.646 7.688 7.730 7.769 7.806 7.830 7.855 7.888 7.920 7.949 7.976 8.001 8.024 8.046 8.066 8.081 8.095 8.115 8.134 8.152 8.170 8.188 8.205 8.221 8.236 8.245 8.255 8.268 8.281 8.292 8.302 8.311 8.319 8.325 8.331 8.333 8.336 8.340 8.344
7.133 7.135 7.137 7.139 7.141 7.142 7.144 7.146 7.147 7.148 7.148 7.146 7.144 7.141 7.138 7.134 7.130 7.128 7.125 7.125 7.128 7.137 7.148 7.158 7.171 7.195 7.224 7.256 7.291 7.329 7.368 7.408 7.447 7.476 7.505 7.548 7.591 7.634 7.676 7.717 7.757 7.794 7.827 7.850 7.873 7.904 7.933 7.961 7.987 8.010 8.033 8.054 8.075 8.089 8.104 8.123 8.143 8.162 8.180 8.198 8.215 8.231 8.246 8.256 8.265 8.278 8.290 8.301 8.311 8.319 8.327 8.333 8.339 8.342 8.344 8.348 8.352
7.141 7.143 7.145 7.147 7.148 7.150 7.152 7.153 7.155 7.156 7.155 7.153 7.150 7.147 7.144 7.139 7.135 7.132 7.129 7.129 7.134 7.145 7.159 7.170 7.186 7.213 7.244 7.278 7.315 7.353 7.394 7.435 7.474 7.503 7.533 7.576 7.618 7.661 7.702 7.742 7.780 7.815 7.846 7.867 7.889 7.917 7.945 7.971 7.996 8.019 8.041 8.062 8.083 8.097 8.112 8.132 8.151 8.171 8.189 8.207 8.225 8.241 8.255 8.265 8.274 8.287 8.298 8.309 8.319 8.327 8.334 8.341 8.347 8.350 8.352 8.357 8.361
7.149 7.151 7.153 7.155 7.156 7.158 7.160 7.161 7.163 7.163 7.163 7.161 7.157 7.154 7.150 7.144 7.139 7.136 7.133 7.134 7.141 7.153 7.169 7.183 7.201 7.230 7.263 7.300 7.338 7.378 7.419 7.460 7.501 7.530 7.560 7.602 7.645 7.687 7.727 7.766 7.803 7.836 7.865 7.884 7.905 7.931 7.957 7.982 8.005 8.028 8.049 8.070 8.090 8.105 8.120 8.140 8.160 8.179 8.198 8.216 8.234 8.250 8.264 8.274 8.283 8.295 8.307 8.317 8.326 8.335 8.342 8.349 8.355 8.357 8.360 8.365 8.369
7.157 7.159 7.161 7.162 7.164 7.166 7.168 7.169 7.170 7.171 7.171 7.168 7.164 7.160 7.155 7.149 7.144 7.140 7.138 7.140 7.148 7.162 7.183 7.198 7.217 7.249 7.285 7.323 7.363 7.404 7.446 7.488 7.530 7.559 7.589 7.631 7.673 7.714 7.753 7.791 7.826 7.857 7.883 7.901 7.920 7.945 7.969 7.993 8.015 8.037 8.058 8.079 8.099 8.114 8.128 8.148 8.168 8.188 8.207 8.226 8.243 8.259 8.273 8.283 8.292 8.304 8.315 8.325 8.334 8.343 8.350 8.357 8.362 8.365 8.368 8.373 8.377
7.165 7.167 7.169 7.171 7.172 7.174 7.176 7.177 7.179 7.179 7.179 7.175 7.170 7.166 7.161 7.154 7.148 7.144 7.143 7.147 7.157 7.176 7.199 7.215 7.235 7.270 7.307 7.347 7.389 7.431 7.474 7.518 7.560 7.589 7.618 7.660 7.701 7.740 7.778 7.814 7.848 7.876 7.899 7.916 7.935 7.958 7.981 8.004 8.025 8.047 8.067 8.088 8.108 8.122 8.137 8.157 8.177 8.197 8.216 8.235 8.253 8.268 8.282 8.291 8.301 8.312 8.323 8.333 8.342 8.351 8.358 8.365 8.370 8.373 8.376 8.380 8.385
7.173 7.175 7.177 7.179 7.181 7.182 7.184 7.186 7.187 7.188 7.187 7.183 7.177 7.173 7.167 7.160 7.154 7.151 7.151 7.157 7.170 7.192 7.216 7.233 7.255 7.291 7.330 7.373 7.415 7.459 7.504 7.548 7.590 7.618 7.647 7.687 7.727 7.765 7.801 7.836 7.867 7.892 7.915 7.931 7.949 7.971 7.993 8.015 8.036 8.056 8.077 8.097 8.116 8.131 8.145 8.165 8.185 8.205 8.225 8.243 8.261 8.276 8.290 8.300 8.309 8.320 8.331 8.341 8.350 8.358 8.366 8.372 8.378 8.381 8.384 8.388 8.393
7.181 7.183 7.185 7.187 7.189 7.191 7.193 7.194 7.195 7.196 7.195 7.191 7.185 7.180 7.174 7.167 7.162 7.159 7.161 7.169 7.185 7.208 7.233 7.251 7.274 7.312 7.354 7.398 7.442 7.488 7.534 7.578 7.619 7.646 7.674 7.713 7.752 7.789 7.823 7.855 7.884 7.908 7.930 7.946 7.962 7.983 8.005 8.026 8.046 8.067 8.087 8.106 8.125 8.139 8.154 8.174 8.194 8.214 8.233 8.251 8.268 8.284 8.298 8.308 8.317 8.328 8.339 8.349 8.358 8.366 8.374 8.380 8.386 8.389 8.392 8.396 8.402
7.190 7.192 7.194 7.196 7.198 7.200 7.201 7.203 7.204 7.205 7.204 7.199 7.193 7.188 7.182 7.175 7.171 7.169 7.173 7.183 7.201 7.225 7.251 7.270 7.294 7.335 7.379 7.424 7.471 7.518 7.564 7.607 7.647 7.673 7.700 7.738 7.775 7.811 7.843 7.873 7.900 7.924 7.945 7.960 7.976 7.997 8.017 8.038 8.057 8.077 8.096 8.116 8.134 8.148 8.162 8.182 8.202 8.222 8.241 8.259 8.276 8.292 8.306 8.316 8.325 8.337 8.347 8.357 8.366 8.374 8.381 8.388 8.394 8.397 8.400 8.405 8.410
