version1/TsunamiDB/out54091.asc
ncols          264
nrows          230
xllcorner      497853.4375
yllcorner      4229146.0000
cellsize         5.
NODATA_value   -99
[rows 68 to 101 of 230, columns 154 to 230 of 264]
6.526 6.540 6.553 6.566 6.579 6.590 6.602 6.612 6.622 6.631 6.639 6.646 6.653 6.659 6.665 6.670 6.675 6.680 6.685 6.689 6.693 6.697 6.702 6.707 6.712 6.718 6.725 6.731 6.738 6.745 6.752 6.759 6.766 6.772 6.779 6.786 6.794 6.801 6.809 6.816 6.825 6.833 6.842 6.850 6.858 6.866 6.875 6.884 6.894 6.904 6.914 6.925 6.936 6.947 6.958 6.970 6.982 6.995 7.007 7.021 7.034 7.048 7.063 7.078 7.094 7.111 7.127 7.143 7.159 7.171 7.178 7.180 7.183 7.195 7.212 7.233 7.268
6.527 6.541 6.555 6.569 6.582 6.594 6.606 6.617 6.627 6.637 6.646 6.654 6.662 6.669 6.675 6.681 6.686 6.692 6.697 6.701 6.705 6.710 6.714 6.720 6.725 6.731 6.738 6.745 6.752 6.759 6.766 6.773 6.781 6.788 6.795 6.803 6.810 6.818 6.826 6.834 6.843 6.852 6.860 6.868 6.877 6.885 6.895 6.904 6.914 6.924 6.934 6.945 6.956 6.968 6.979 6.991 7.004 7.016 7.029 7.042 7.056 7.070 7.085 7.101 7.117 7.133 7.150 7.166 7.182 7.194 7.202 7.204 7.206 7.218 7.235 7.256 7.290
6.528 6.543 6.557 6.571 6.585 6.597 6.610 6.622 6.633 6.643 6.653 6.662 6.670 6.678 6.685 6.691 6.698 6.703 6.709 6.714 6.718 6.722 6.727 6.733 6.738 6.745 6.751 6.758 6.766 6.773 6.781 6.788 6.796 6.804 6.811 6.819 6.827 6.835 6.843 6.852 6.861 6.870 6.879 6.887 6.896 6.905 6.914 6.924 6.934 6.944 6.955 6.966 6.977 6.989 7.001 7.013 7.026 7.038 7.051 7.065 7.078 7.093 7.107 7.123 7.139 7.156 7.172 7.189 7.204 7.217 7.225 7.227 7.230 7.242 7.258 7.280 7.314
6.530 6.545 6.560 6.574 6.588 6.601 6.614 6.626 6.638 6.649 6.660 6.669 6.679 6.687 6.695 6.702 6.709 6.715 6.721 6.726 6.731 6.735 6.740 6.746 6.752 6.758 6.765 6.772 6.780 6.787 6.795 6.803 6.811 6.819 6.827 6.836 6.844 6.852 6.861 6.870 6.879 6.889 6.898 6.907 6.915 6.925 6.934 6.944 6.955 6.965 6.976 6.987 6.999 7.011 7.023 7.035 7.048 7.061 7.074 7.087 7.101 7.115 7.130 7.145 7.162 7.178 7.194 7.211 7.227 7.240 7.248 7.251 7.254 7.266 7.283 7.304 7.338
6.532 6.547 6.562 6.577 6.591 6.605 6.618 6.631 6.644 6.655 6.666 6.677 6.687 6.696 6.704 6.712 6.719 6.726 6.733 6.739 6.744 6.748 6.754 6.759 6.765 6.772 6.779 6.786 6.794 6.802 6.810 6.818 6.826 6.835 6.843 6.852 6.861 6.870 6.879 6.888 6.898 6.907 6.917 6.926 6.935 6.945 6.955 6.965 6.976 6.986 6.997 7.009 7.021 7.033 7.045 7.057 7.070 7.083 7.096 7.110 7.123 7.137 7.152 7.168 7.184 7.200 7.217 7.233 7.250 7.264 7.272 7.274 7.277 7.290 7.307 7.328 7.362
6.535 6.550 6.565 6.580 6.595 6.609 6.623 6.636 6.649 6.661 6.673 6.684 6.694 6.704 6.713 6.722 6.730 6.738 6.745 6.751 6.756 6.762 6.767 6.773 6.779 6.786 6.793 6.800 6.808 6.816 6.824 6.833 6.842 6.850 6.859 6.868 6.878 6.887 6.896 6.906 6.916 6.926 6.936 6.945 6.955 6.965 6.975 6.986 6.997 7.008 7.019 7.031 7.043 7.055 7.067 7.080 7.093 7.106 7.119 7.132 7.146 7.160 7.175 7.191 7.207 7.222 7.239 7.256 7.272 7.286 7.294 7.297 7.301 7.314 7.331 7.353 7.386
6.538 6.553 6.569 6.584 6.599 6.613 6.627 6.641 6.654 6.667 6.679 6.691 6.702 6.713 6.723 6.732 6.741 6.749 6.757 6.763 6.769 6.775 6.780 6.786 6.793 6.800 6.807 6.814 6.822 6.830 6.839 6.848 6.857 6.866 6.875 6.885 6.894 6.904 6.914 6.924 6.934 6.945 6.955 6.965 6.975 6.985 6.996 7.007 7.018 7.029 7.041 7.053 7.065 7.077 7.090 7.103 7.116 7.129 7.142 7.155 7.169 7.183 7.198 7.213 7.229 7.245 7.261 7.278 7.295 7.309 7.317 7.321 7.324 7.338 7.356 7.377 7.410
6.541 6.557 6.572 6.588 6.603 6.618 6.632 6.646 6.660 6.673 6.686 6.698 6.710 6.721 6.731 6.741 6.751 6.760 6.768 6.775 6.781 6.788 6.794 6.800 6.807 6.813 6.821 6.828 6.836 6.845 6.854 6.863 6.872 6.881 6.891 6.901 6.911 6.921 6.931 6.942 6.953 6.964 6.974 6.984 6.995 7.005 7.016 7.027 7.039 7.051 7.062 7.075 7.087 7.100 7.113 7.126 7.139 7.152 7.165 7.178 7.192 7.206 7.220 7.235 7.251 7.267 7.283 7.300 7.317 7.331 7.340 7.344 7.347 7.361 7.380 7.401 7.434
6.545 6.561 6.577 6.592 6.608 6.623 6.637 6.652 6.666 6.679 6.693 6.705 6.718 6.729 6.740 6.751 6.761 6.770 6.779 6.787 6.794 6.800 6.807 6.813 6.820 6.827 6.835 6.842 6.851 6.859 6.868 6.877 6.887 6.897 6.907 6.917 6.927 6.938 6.948 6.959 6.971 6.982 6.993 7.003 7.014 7.025 7.036 7.048 7.060 7.072 7.084 7.096 7.109 7.122 7.135 7.148 7.161 7.175 7.188 7.201 7.215 7.228 7.243 7.257 7.273 7.289 7.305 7.322 7.339 7.353 7.362 7.365 7.369 7.384 7.403 7.424 7.457
6.549 6.565 6.581 6.597 6.613 6.628 6.643 6.658 6.672 6.686 6.699 6.712 6.725 6.737 6.749 6.760 6.771 6.781 6.790 6.799 6.806 6.813 6.820 6.827 6.834 6.841 6.849 6.857 6.865 6.874 6.883 6.892 6.902 6.912 6.922 6.933 6.943 6.954 6.965 6.976 6.988 7.000 7.011 7.022 7.033 7.044 7.056 7.068 7.080 7.092 7.105 7.118 7.131 7.144 7.157 7.171 7.184 7.198 7.211 7.224 7.238 7.251 7.265 7.280 7.295 7.310 7.327 7.343 7.360 7.374 7.382 7.386 7.392 7.408 7.428 7.449 7.482
6.554 6.571 6.586 6.602 6.618 6.633 6.649 6.663 6.678 6.692 6.706 6.720 6.733 6.745 6.757 6.769 6.780 6.791 6.801 6.810 6.818 6.825 6.832 6.840 6.847 6.855 6.862 6.871 6.879 6.888 6.897 6.907 6.917 6.927 6.937 6.948 6.959 6.970 6.982 6.993 7.006 7.018 7.029 7.040 7.052 7.063 7.075 7.088 7.100 7.113 7.126 7.139 7.152 7.165 7.179 7.193 7.206 7.220 7.234 7.247 7.260 7.273 7.287 7.301 7.316 7.331 7.348 7.364 7.380 7.394 7.402 7.407 7.415 7.432 7.453 7.475 7.509
6.560 6.576 6.592 6.608 6.624 6.639 6.655 6.670 6.685 6.699 6.713 6.727 6.740 6.753 6.766 6.778 6.790 6.801 6.812 6.821 6.829 6.837 6.845 6.852 6.860 6.868 6.876 6.884 6.893 6.902 6.911 6.921 6.931 6.942 6.952 6.963 6.975 6.986 6.998 7.010 7.023 7.035 7.046 7.058 7.070 7.082 7.094 7.107 7.120 7.133 7.146 7.159 7.173 7.186 7.200 7.214 7.228 7.242 7.256 7.269 7.282 7.295 7.308 7.322 7.337 7.352 7.368 7.384 7.399 7.412 7.422 7.428 7.437 7.457 7.479 7.503 7.539
6.566 6.582 6.598 6.614 6.630 6.646 6.661 6.676 6.691 6.706 6.720 6.734 6.748 6.761 6.774 6.787 6.799 6.811 6.822 6.832 6.840 6.849 6.857 6.865 6.873 6.881 6.890 6.898 6.907 6.916 6.926 6.936 6.946 6.956 6.967 6.979 6.990 7.002 7.014 7.026 7.039 7.051 7.063 7.075 7.087 7.100 7.112 7.125 7.139 7.152 7.165 7.179 7.193 7.207 7.221 7.235 7.249 7.263 7.277 7.291 7.304 7.317 7.330 7.343 7.357 7.371 7.387 7.402 7.417 7.431 7.441 7.450 7.461 7.483 7.507 7.534 7.572
6.573 6.589 6.605 6.621 6.637 6.652 6.668 6.683 6.698 6.713 6.728 6.742 6.756 6.770 6.783 6.796 6.808 6.821 6.832 6.842 6.851 6.860 6.869 6.877 6.886 6.894 6.903 6.912 6.921 6.930 6.940 6.950 6.960 6.971 6.982 6.993 7.005 7.017 7.029 7.042 7.055 7.068 7.080 7.092 7.105 7.117 7.130 7.143 7.157 7.170 7.184 7.198 7.212 7.226 7.241 7.255 7.270 7.284 7.298 7.312 7.325 7.338 7.350 7.363 7.376 7.390 7.404 7.419 7.435 7.449 7.461 7.472 7.486 7.510 7.537 7.566 7.607
6.580 6.596 6.612 6.628 6.644 6.659 6.675 6.690 6.706 6.721 6.735 6.750 6.764 6.778 6.792 6.805 6.818 6.831 6.842 6.852 6.862 6.871 6.881 6.890 6.898 6.907 6.916 6.925 6.934 6.944 6.954 6.964 6.974 6.985 6.997 7.008 7.020 7.032 7.045 7.057 7.071 7.084 7.096 7.108 7.121 7.134 7.147 7.161 7.174 7.188 7.202 7.217 7.231 7.245 7.260 7.275 7.289 7.304 7.318 7.332 7.345 7.357 7.369 7.382 7.394 7.407 7.420 7.435 7.451 7.466 7.481 7.494 7.511 7.537 7.567 7.600 7.643
6.587 6.603 6.619 6.635 6.651 6.667 6.683 6.698 6.713 6.728 6.743 6.758 6.772 6.786 6.800 6.814 6.827 6.840 6.852 6.862 6.873 6.883 6.892 6.901 6.911 6.920 6.929 6.938 6.948 6.957 6.967 6.978 6.988 6.999 7.011 7.023 7.035 7.047 7.060 7.073 7.086 7.099 7.112 7.124 7.137 7.151 7.164 7.178 7.192 7.206 7.220 7.234 7.249 7.264 7.278 7.293 7.308 7.323 7.338 7.352 7.365 7.376 7.387 7.399 7.411 7.423 7.436 7.450 7.466 7.484 7.500 7.517 7.536 7.565 7.597 7.633 7.678
6.595 6.611 6.627 6.643 6.659 6.675 6.691 6.706 6.721 6.737 6.752 6.766 6.781 6.795 6.809 6.823 6.836 6.850 6.862 6.873 6.883 6.893 6.903 6.913 6.923 6.932 6.942 6.951 6.961 6.971 6.981 6.991 7.002 7.013 7.025 7.037 7.049 7.061 7.074 7.087 7.101 7.114 7.127 7.140 7.153 7.166 7.180 7.194 7.208 7.222 7.237 7.251 7.266 7.281 7.296 7.311 7.326 7.342 7.356 7.371 7.383 7.394 7.405 7.416 7.426 7.437 7.450 7.464 7.481 7.500 7.519 7.539 7.561 7.592 7.627 7.665 7.713
6.604 6.620 6.636 6.652 6.667 6.683 6.699 6.714 6.730 6.745 6.760 6.775 6.789 6.804 6.818 6.832 6.846 6.859 6.872 6.883 6.894 6.904 6.915 6.925 6.935 6.944 6.954 6.964 6.974 6.984 6.994 7.005 7.016 7.027 7.039 7.051 7.063 7.076 7.089 7.102 7.116 7.129 7.142 7.155 7.168 7.182 7.196 7.210 7.224 7.238 7.253 7.268 7.283 7.298 7.313 7.328 7.344 7.359 7.374 7.388 7.401 7.411 7.420 7.430 7.441 7.451 7.463 7.478 7.496 7.517 7.538 7.561 7.586 7.618 7.655 7.697 7.747
6.612 6.628 6.644 6.660 6.676 6.692 6.707 6.723 6.738 6.754 6.769 6.784 6.798 6.813 6.827 6.841 6.855 6.869 6.881 6.893 6.904 6.915 6.926 6.936 6.946 6.956 6.966 6.976 6.986 6.997 7.007 7.018 7.029 7.041 7.052 7.065 7.077 7.090 7.103 7.116 7.130 7.144 7.157 7.170 7.183 7.197 7.211 7.225 7.239 7.254 7.269 7.284 7.299 7.314 7.329 7.345 7.361 7.376 7.391 7.405 7.417 7.427 7.435 7.444 7.454 7.464 7.476 7.491 7.510 7.533 7.557 7.581 7.609 7.644 7.683 7.728 7.780
6.622 6.637 6.653 6.669 6.685 6.701 6.716 6.732 6.747 6.763 6.778 6.793 6.807 6.822 6.836 6.850 6.864 6.878 6.891 6.903 6.914 6.926 6.936 6.947 6.958 6.968 6.978 6.989 6.999 7.009 7.020 7.031 7.042 7.054 7.066 7.078 7.091 7.104 7.117 7.130 7.144 7.158 7.171 7.185 7.198 7.212 7.226 7.240 7.255 7.269 7.284 7.299 7.314 7.330 7.345 7.361 7.377 7.392 7.407 7.421 7.432 7.441 7.449 7.458 7.467 7.476 7.489 7.505 7.525 7.549 7.574 7.601 7.633 7.671 7.711 7.759 7.813
6.631 6.647 6.662 6.678 6.694 6.710 6.725 6.741 6.756 6.772 6.787 6.802 6.817 6.831 6.846 6.860 6.874 6.888 6.901 6.913 6.925 6.936 6.947 6.958 6.969 6.980 6.990 7.001 7.011 7.022 7.033 7.044 7.055 7.067 7.079 7.092 7.104 7.117 7.131 7.144 7.158 7.172 7.185 7.199 7.212 7.226 7.240 7.255 7.269 7.284 7.299 7.314 7.329 7.345 7.361 7.376 7.392 7.408 7.423 7.436 7.447 7.455 7.462 7.471 7.480 7.489 7.501 7.518 7.539 7.563 7.590 7.622 7.658 7.698 7.740 7.791 7.849
6.640 6.656 6.672 6.688 6.703 6.719 6.735 6.750 6.766 6.781 6.796 6.811 6.826 6.841 6.855 6.869 6.884 6.898 6.911 6.923 6.935 6.946 6.958 6.969 6.980 6.991 7.002 7.013 7.023 7.034 7.045 7.057 7.068 7.080 7.092 7.105 7.117 7.131 7.144 7.158 7.172 7.186 7.199 7.213 7.227 7.240 7.255 7.269 7.284 7.298 7.313 7.329 7.344 7.360 7.375 7.391 7.407 7.422 7.437 7.451 7.461 7.469 7.475 7.484 7.492 7.501 7.514 7.531 7.552 7.576 7.607 7.643 7.684 7.725 7.769 7.826 7.887
6.650 6.665 6.681 6.697 6.713 6.729 6.744 6.760 6.775 6.790 6.806 6.821 6.835 6.850 6.865 6.879 6.893 6.907 6.921 6.933 6.945 6.957 6.968 6.980 6.991 7.002 7.013 7.024 7.035 7.046 7.057 7.069 7.081 7.093 7.105 7.117 7.130 7.144 7.157 7.171 7.185 7.199 7.213 7.226 7.240 7.254 7.269 7.283 7.298 7.313 7.328 7.343 7.358 7.374 7.390 7.405 7.421 7.437 7.452 7.465 7.475 7.482 7.489 7.497 7.505 7.514 7.527 7.544 7.564 7.591 7.624 7.665 7.711 7.755 7.802 7.863 7.928
6.660 6.675 6.691 6.706 6.722 6.738 6.754 6.769 6.785 6.800 6.815 6.830 6.845 6.860 6.874 6.889 6.903 6.917 6.930 6.943 6.955 6.967 6.979 6.990 7.002 7.013 7.024 7.036 7.047 7.058 7.069 7.081 7.093 7.105 7.117 7.130 7.143 7.156 7.170 7.184 7.199 7.213 7.226 7.240 7.254 7.268 7.282 7.297 7.311 7.326 7.341 7.357 7.372 7.388 7.403 7.419 7.435 7.451 7.466 7.479 7.489 7.496 7.502 7.509 7.517 7.526 7.538 7.556 7.577 7.605 7.642 7.688 7.740 7.786 7.835 7.901 7.970
6.669 6.685 6.700 6.716 6.732 6.747 6.763 6.779 6.794 6.809 6.825 6.840 6.854 6.869 6.884 6.898 6.912 6.927 6.940 6.953 6.965 6.977 6.989 7.001 7.012 7.024 7.035 7.047 7.058 7.069 7.081 7.093 7.105 7.117 7.129 7.142 7.155 7.169 7.183 7.197 7.211 7.225 7.239 7.253 7.267 7.281 7.295 7.310 7.325 7.340 7.355 7.370 7.386 7.401 7.417 7.433 7.449 7.464 7.479 7.492 7.502 7.509 7.514 7.522 7.529 7.537 7.550 7.568 7.590 7.620 7.662 7.713 7.771 7.818 7.871 7.942 8.014
6.679 6.694 6.710 6.725 6.741 6.757 6.772 6.788 6.803 6.819 6.834 6.849 6.864 6.879 6.893 6.908 6.922 6.936 6.950 6.962 6.975 6.987 6.999 7.011 7.023 7.034 7.046 7.057 7.069 7.080 7.092 7.104 7.116 7.128 7.141 7.154 7.167 7.181 7.195 7.209 7.224 7.238 7.252 7.265 7.280 7.294 7.308 7.323 7.338 7.353 7.368 7.383 7.399 7.414 7.430 7.446 7.462 7.477 7.492 7.506 7.516 7.521 7.526 7.534 7.541 7.549 7.562 7.581 7.605 7.638 7.684 7.741 7.803 7.853 7.908 7.983 8.057
6.689 6.704 6.719 6.735 6.750 6.766 6.782 6.797 6.813 6.828 6.843 6.858 6.873 6.888 6.902 6.917 6.931 6.946 6.959 6.972 6.984 6.997 7.009 7.021 7.033 7.044 7.056 7.068 7.079 7.091 7.103 7.115 7.127 7.140 7.152 7.165 7.179 7.192 7.207 7.221 7.236 7.250 7.264 7.278 7.292 7.306 7.321 7.336 7.351 7.366 7.381 7.396 7.411 7.427 7.442 7.458 7.474 7.490 7.505 7.519 7.528 7.534 7.538 7.545 7.553 7.561 7.574 7.594 7.620 7.656 7.706 7.768 7.834 7.887 7.945 8.021 8.097
6.698 6.713 6.728 6.744 6.759 6.775 6.791 6.806 6.822 6.837 6.852 6.867 6.882 6.897 6.912 6.926 6.941 6.955 6.969 6.981 6.994 7.006 7.018 7.030 7.042 7.054 7.066 7.078 7.090 7.101 7.113 7.125 7.138 7.150 7.163 7.176 7.190 7.204 7.218 7.233 7.247 7.261 7.275 7.289 7.304 7.318 7.333 7.348 7.363 7.378 7.393 7.408 7.423 7.439 7.454 7.470 7.487 7.503 7.518 7.531 7.541 7.546 7.549 7.556 7.564 7.572 7.586 7.607 7.636 7.677 7.730 7.797 7.870 7.925 7.983 8.062 8.139
6.708 6.723 6.738 6.753 6.768 6.784 6.800 6.815 6.831 6.846 6.861 6.876 6.891 6.906 6.921 6.935 6.950 6.964 6.978 6.990 7.003 7.015 7.028 7.040 7.052 7.064 7.076 7.088 7.099 7.111 7.123 7.135 7.148 7.160 7.173 7.187 7.200 7.214 7.229 7.244 7.258 7.272 7.286 7.301 7.315 7.330 7.345 7.359 7.374 7.389 7.404 7.419 7.435 7.450 7.466 7.482 7.498 7.515 7.530 7.543 7.553 7.557 7.559 7.567 7.576 7.584 7.599 7.622 7.655 7.699 7.757 7.832 7.910 7.963 8.021 8.102 8.179
6.717 6.732 6.747 6.762 6.777 6.793 6.808 6.824 6.839 6.855 6.870 6.885 6.900 6.915 6.930 6.944 6.959 6.973 6.987 6.999 7.012 7.024 7.037 7.049 7.061 7.073 7.085 7.097 7.109 7.121 7.133 7.145 7.157 7.170 7.183 7.196 7.210 7.224 7.239 7.254 7.268 7.282 7.297 7.311 7.326 7.340 7.355 7.371 7.386 7.401 7.415 7.430 7.445 7.461 7.477 7.493 7.510 7.526 7.541 7.554 7.562 7.566 7.570 7.579 7.588 7.598 7.615 7.641 7.678 7.727 7.792 7.870 7.948 8.001 8.059 8.141 8.219
6.727 6.741 6.756 6.771 6.786 6.802 6.817 6.832 6.848 6.863 6.878 6.894 6.909 6.923 6.938 6.953 6.968 6.982 6.995 7.008 7.021 7.033 7.045 7.058 7.070 7.082 7.094 7.106 7.118 7.130 7.142 7.154 7.167 7.179 7.192 7.206 7.220 7.234 7.248 7.263 7.278 7.292 7.306 7.321 7.336 7.351 7.366 7.381 7.396 7.411 7.426 7.441 7.456 7.471 7.487 7.503 7.520 7.536 7.551 7.563 7.571 7.576 7.581 7.592 7.603 7.614 7.635 7.664 7.704 7.759 7.829 7.908 7.986 8.038 8.096 8.178 8.257
6.737 6.751 6.765 6.780 6.795 6.810 6.826 6.841 6.856 6.872 6.887 6.902 6.917 6.932 6.947 6.961 6.976 6.991 7.004 7.016 7.029 7.042 7.054 7.066 7.079 7.091 7.103 7.115 7.127 7.139 7.151 7.163 7.175 7.188 7.201 7.214 7.228 7.242 7.257 7.272 7.287 7.301 7.315 7.330 7.345 7.360 7.375 7.390 7.405 7.420 7.435 7.450 7.465 7.481 7.496 7.513 7.529 7.545 7.559 7.571 7.579 7.585 7.593 7.606 7.619 7.634 7.658 7.691 7.735 7.794 7.866 7.945 8.023 8.075 8.133 8.216 8.295
6.747 6.760 6.774 6.789 6.804 6.819 6.834 6.849 6.865 6.880 6.895 6.910 6.925 6.940 6.955 6.970 6.985 6.999 7.012 7.025 7.037 7.050 7.063 7.075 7.087 7.099 7.111 7.123 7.135 7.147 7.159 7.171 7.184 7.196 7.209 7.223 7.236 7.251 7.265 7.280 7.295 7.309 7.324 7.338 7.353 7.368 7.384 7.399 7.414 7.429 7.444 7.459 7.474 7.489 7.505 7.521 7.537 7.553 7.566 7.578 7.588 7.596 7.606 7.622 7.639 7.658 7.685 7.722 7.770 7.829 7.902 7.981 8.059 8.111 8.169 8.252 8.331
6.756 6.770 6.783 6.798 6.812 6.827 6.842 6.858 6.873 6.888 6.903 6.918 6.933 6.948 6.963 6.978 6.993 7.007 7.020 7.033 7.046 7.058 7.071 7.083 7.095 7.108 7.120 7.132 7.143 7.155 7.167 7.179 7.191 7.204 7.217 7.230 7.244 7.258 7.273 7.288 7.303 7.317 7.331 7.346 7.361 7.376 7.391 7.407 7.422 7.437 7.453 7.467 7.482 7.497 7.512 7.528 7.544 7.559 7.573 7.585 7.597 7.608 7.622 7.641 7.661 7.684 7.716 7.757 7.805 7.864 7.936 8.015 8.096 8.148 8.205 8.289 8.368
