version1/TsunamiDB/out54005.asc
ncols          264
nrows          230
xllcorner      497853.4375
yllcorner      4229146.0000
cellsize         5.
NODATA_value   -99
[rows 186 to 216 of 230, columns 138 to 206 of 264]
-99.000 -99.000 -99.000 -99.000 -99.000 -99.000 -99.000 -99.000 -99.000 -99.000 -99.000 -99.000 1.645 1.662 1.757 1.960 2.254 2.614 3.008 3.398 3.755 4.057 4.290 4.464 4.595 4.694 4.769 4.831 4.897 4.969 5.030 5.102 5.192 5.287 5.391 5.498 5.602 5.701 5.763 5.791 5.906 6.022 6.062 6.098 6.130 6.154 6.161 6.152 6.131 6.097 6.164 6.280 6.309 6.295 6.258 6.212 6.162 6.114 6.056 5.972 5.978 6.056 6.084 6.076 6.042 5.993 5.930 5.846 5.762
-99.000 -99.000 -99.000 -99.000 -99.000 -99.000 -99.000 -99.000 -99.000 -99.000 -99.000 1.644 1.647 1.691 1.837 2.085 2.414 2.796 3.194 3.574 3.909 4.181 4.388 4.543 4.659 4.747 4.815 4.875 4.937 4.999 5.053 5.119 5.207 5.306 5.417 5.530 5.636 5.719 5.772 5.807 5.923 6.038 6.081 6.119 6.151 6.178 6.190 6.184 6.169 6.134 6.202 6.323 6.362 6.353 6.315 6.269 6.216 6.155 6.082 5.986 5.981 6.051 6.074 6.060 6.018 5.962 5.891 5.810 5.741
-99.000 -99.000 -99.000 -99.000 -99.000 -99.000 -99.000 -99.000 -99.000 -99.000 -99.000 1.644 1.658 1.743 1.939 2.229 2.589 2.986 3.383 3.749 4.058 4.299 4.481 4.619 4.722 4.800 4.864 4.921 4.975 5.029 5.077 5.139 5.226 5.326 5.439 5.553 5.651 5.725 5.781 5.820 5.937 6.054 6.100 6.136 6.168 6.198 6.214 6.216 6.205 6.169 6.239 6.369 6.415 6.408 6.372 6.325 6.262 6.187 6.101 5.993 5.977 6.039 6.056 6.034 5.985 5.922 5.851 5.782 5.726
-99.000 -99.000 -99.000 -99.000 -99.000 -99.000 -99.000 -99.000 -99.000 -99.000 1.644 1.646 1.683 1.819 2.061 2.388 2.773 3.180 3.571 3.918 4.197 4.410 4.571 4.692 4.783 4.854 4.913 4.964 5.011 5.059 5.103 5.164 5.247 5.345 5.457 5.566 5.661 5.737 5.794 5.836 5.956 6.077 6.120 6.153 6.186 6.217 6.238 6.248 6.240 6.205 6.278 6.415 6.465 6.461 6.426 6.373 6.299 6.211 6.111 5.992 5.967 6.020 6.029 6.000 5.945 5.880 5.817 5.762 5.717
-99.000 -99.000 -99.000 -99.000 -99.000 -99.000 -99.000 -99.000 -99.000 -99.000 1.644 1.654 1.729 1.914 2.198 2.558 2.963 3.373 3.754 4.077 4.326 4.515 4.657 4.764 4.845 4.909 4.961 5.006 5.048 5.093 5.137 5.196 5.275 5.369 5.472 5.577 5.673 5.753 5.815 5.859 5.979 6.100 6.143 6.176 6.204 6.236 6.263 6.278 6.278 6.244 6.317 6.457 6.510 6.508 6.470 6.410 6.327 6.226 6.113 5.985 5.949 5.993 5.995 5.961 5.905 5.846 5.793 5.749 5.713
-99.000 -99.000 -99.000 -99.000 -99.000 -99.000 -99.000 -99.000 -99.000 -99.000 1.646 1.674 1.795 2.026 2.348 2.735 3.152 3.561 3.929 4.224 4.448 4.615 4.740 4.835 4.907 4.963 5.008 5.047 5.085 5.128 5.175 5.235 5.310 5.393 5.485 5.587 5.685 5.775 5.843 5.884 6.004 6.128 6.173 6.198 6.223 6.257 6.286 6.310 6.316 6.280 6.351 6.494 6.550 6.546 6.504 6.437 6.345 6.232 6.108 5.969 5.924 5.960 5.957 5.921 5.870 5.819 5.775 5.741 5.715
-99.000 -99.000 -99.000 -99.000 -99.000 -99.000 -99.000 -99.000 -99.000 1.644 1.650 1.710 1.879 2.151 2.505 2.912 3.336 3.741 4.093 4.364 4.564 4.711 4.822 4.906 4.967 5.015 5.053 5.086 5.122 5.169 5.221 5.284 5.351 5.420 5.505 5.602 5.706 5.806 5.877 5.915 6.035 6.166 6.203 6.219 6.243 6.276 6.308 6.341 6.350 6.311 6.381 6.527 6.580 6.572 6.526 6.452 6.351 6.229 6.093 5.945 5.894 5.923 5.917 5.886 5.841 5.797 5.763 5.740 5.718
-99.000 -99.000 -99.000 -99.000 -99.000 -99.000 -99.000 -99.000 -99.000 1.645 1.664 1.765 1.977 2.285 2.665 3.087 3.515 3.915 4.250 4.499 4.678 4.809 4.907 4.978 5.031 5.071 5.100 5.128 5.165 5.218 5.277 5.340 5.400 5.461 5.534 5.628 5.737 5.844 5.919 5.950 6.067 6.194 6.224 6.238 6.259 6.291 6.329 6.365 6.378 6.337 6.403 6.545 6.593 6.582 6.529 6.450 6.342 6.208 6.062 5.910 5.854 5.879 5.877 5.852 5.813 5.780 5.756 5.737 5.718
-99.000 -99.000 -99.000 -99.000 -99.000 -99.000 -99.000 -99.000 1.644 1.647 1.690 1.835 2.087 2.426 2.827 3.258 3.687 4.081 4.401 4.631 4.792 4.906 4.990 5.049 5.093 5.126 5.152 5.180 5.221 5.280 5.346 5.410 5.465 5.517 5.582 5.668 5.769 5.877 5.955 5.978 6.089 6.215 6.246 6.259 6.278 6.310 6.345 6.381 6.398 6.352 6.412 6.548 6.593 6.576 6.519 6.435 6.320 6.179 6.027 5.872 5.816 5.843 5.845 5.825 5.794 5.769 5.751 5.735 5.719
-99.000 -99.000 -99.000 -99.000 -99.000 -99.000 -99.000 -99.000 1.644 1.655 1.732 1.921 2.207 2.572 2.987 3.423 3.849 4.239 4.546 4.761 4.904 5.004 5.075 5.126 5.165 5.196 5.222 5.253 5.298 5.360 5.429 5.495 5.544 5.588 5.645 5.720 5.813 5.926 6.007 6.013 6.117 6.243 6.271 6.280 6.298 6.326 6.358 6.398 6.420 6.364 6.415 6.546 6.587 6.565 6.504 6.416 6.296 6.149 5.991 5.838 5.785 5.815 5.822 5.807 5.784 5.766 5.750 5.737 5.721
-99.000 -99.000 -99.000 -99.000 -99.000 -99.000 -99.000 -99.000 1.645 1.673 1.791 2.019 2.337 2.723 3.148 3.585 4.009 4.392 4.687 4.886 5.013 5.101 5.161 5.206 5.244 5.276 5.307 5.343 5.393 5.458 5.529 5.599 5.643 5.685 5.739 5.802 5.885 6.007 6.062 6.043 6.144 6.265 6.290 6.300 6.318 6.343 6.375 6.427 6.439 6.366 6.410 6.536 6.570 6.545 6.480 6.386 6.262 6.106 5.947 5.805 5.759 5.792 5.802 5.794 5.777 5.762 5.749 5.737 5.721
-99.000 -99.000 -99.000 -99.000 -99.000 -99.000 -99.000 1.644 1.649 1.704 1.865 2.129 2.474 2.876 3.307 3.742 4.163 4.539 4.817 4.997 5.110 5.186 5.240 5.283 5.321 5.361 5.406 5.454 5.510 5.572 5.649 5.725 5.770 5.814 5.860 5.919 5.993 6.063 6.080 6.068 6.165 6.281 6.309 6.323 6.341 6.372 6.410 6.444 6.431 6.355 6.395 6.511 6.541 6.513 6.442 6.342 6.210 6.056 5.912 5.779 5.736 5.772 5.788 5.785 5.772 5.759 5.748 5.736 5.721
-99.000 -99.000 -99.000 -99.000 -99.000 -99.000 -99.000 1.645 1.660 1.752 1.954 2.250 2.618 3.031 3.464 3.895 4.310 4.672 4.925 5.086 5.185 5.252 5.304 5.348 5.394 5.449 5.511 5.572 5.632 5.693 5.777 5.863 5.908 5.948 5.988 6.031 6.067 6.092 6.098 6.087 6.179 6.293 6.329 6.346 6.369 6.401 6.427 6.436 6.409 6.331 6.365 6.473 6.500 6.466 6.392 6.287 6.155 6.014 5.884 5.758 5.719 5.759 5.779 5.778 5.767 5.755 5.745 5.735 5.722
-99.000 -99.000 -99.000 -99.000 -99.000 -99.000 1.644 1.646 1.682 1.816 2.056 2.381 2.767 3.187 3.617 4.043 4.448 4.785 5.008 5.149 5.237 5.301 5.353 5.404 5.462 5.535 5.614 5.686 5.750 5.811 5.904 5.998 6.039 6.072 6.100 6.116 6.121 6.120 6.114 6.102 6.190 6.306 6.345 6.366 6.389 6.410 6.419 6.412 6.375 6.295 6.324 6.425 6.446 6.409 6.333 6.228 6.105 5.980 5.859 5.740 5.706 5.749 5.770 5.772 5.762 5.750 5.742 5.736 5.725
-99.000 -99.000 -99.000 -99.000 -99.000 -99.000 1.644 1.652 1.720 1.896 2.171 2.522 2.922 3.344 3.770 4.187 4.574 4.874 5.065 5.188 5.269 5.331 5.389 5.451 5.524 5.613 5.707 5.790 5.860 5.920 6.019 6.119 6.156 6.183 6.191 6.187 6.171 6.149 6.132 6.118 6.201 6.312 6.354 6.377 6.390 6.399 6.397 6.376 6.332 6.252 6.274 6.365 6.382 6.346 6.270 6.174 6.065 5.950 5.838 5.726 5.695 5.739 5.762 5.765 5.756 5.748 5.743 5.739 5.732
-99.000 -99.000 -99.000 -99.000 -99.000 -99.000 1.645 1.667 1.775 1.992 2.298 2.671 3.082 3.504 3.924 4.328 4.683 4.932 5.092 5.202 5.279 5.344 5.412 5.487 5.574 5.679 5.786 5.880 5.956 6.012 6.119 6.227 6.261 6.275 6.269 6.251 6.217 6.178 6.149 6.128 6.203 6.312 6.354 6.370 6.374 6.372 6.359 6.330 6.282 6.200 6.216 6.301 6.317 6.282 6.214 6.128 6.029 5.924 5.821 5.713 5.684 5.728 5.753 5.758 5.753 5.747 5.745 5.747 5.746
-99.000 -99.000 -99.000 -99.000 -99.000 1.644 1.648 1.696 1.847 2.102 2.437 2.828 3.246 3.667 4.079 4.462 4.767 4.967 5.101 5.200 5.274 5.343 5.422 5.511 5.614 5.732 5.851 5.956 6.036 6.091 6.206 6.323 6.348 6.352 6.337 6.305 6.257 6.200 6.155 6.128 6.197 6.302 6.338 6.347 6.343 6.332 6.313 6.279 6.225 6.142 6.156 6.236 6.251 6.222 6.163 6.086 5.998 5.902 5.801 5.697 5.672 5.715 5.742 5.752 5.751 5.749 5.752 5.762 5.765
-99.000 -99.000 -99.000 -99.000 -99.000 1.644 1.658 1.742 1.937 2.226 2.587 2.992 3.413 3.831 4.232 4.584 4.833 4.995 5.106 5.193 5.261 5.333 5.423 5.527 5.644 5.774 5.902 6.012 6.097 6.149 6.270 6.389 6.408 6.405 6.379 6.336 6.274 6.199 6.142 6.107 6.170 6.268 6.299 6.305 6.292 6.275 6.253 6.212 6.157 6.077 6.089 6.165 6.183 6.162 6.110 6.044 5.965 5.872 5.774 5.676 5.652 5.696 5.728 5.744 5.748 5.753 5.764 5.778 5.787
-99.000 -99.000 -99.000 -99.000 -99.000 1.646 1.679 1.807 2.043 2.363 2.745 3.159 3.581 3.993 4.379 4.691 4.895 5.025 5.113 5.184 5.243 5.316 5.415 5.531 5.658 5.792 5.921 6.035 6.127 6.178 6.301 6.422 6.441 6.432 6.399 6.349 6.277 6.192 6.125 6.081 6.137 6.231 6.259 6.259 6.240 6.219 6.192 6.150 6.095 6.016 6.028 6.105 6.127 6.110 6.064 6.006 5.934 5.845 5.749 5.654 5.633 5.681 5.719 5.741 5.752 5.764 5.780 5.799 5.812
-99.000 -99.000 -99.000 -99.000 1.645 1.652 1.718 1.893 2.166 2.515 2.913 3.331 3.749 4.153 4.517 4.786 4.955 5.058 5.125 5.182 5.235 5.309 5.416 5.540 5.674 5.811 5.943 6.067 6.164 6.205 6.329 6.461 6.481 6.468 6.430 6.374 6.293 6.197 6.114 6.061 6.111 6.201 6.225 6.218 6.195 6.171 6.140 6.097 6.043 5.967 5.981 6.058 6.081 6.067 6.028 5.976 5.908 5.821 5.727 5.636 5.621 5.673 5.716 5.745 5.765 5.783 5.804 5.827 5.846
-99.000 -99.000 -99.000 -99.000 1.646 1.668 1.778 1.998 2.306 2.679 3.088 3.507 3.917 4.306 4.642 4.871 5.010 5.089 5.144 5.196 5.247 5.329 5.440 5.569 5.709 5.849 5.984 6.120 6.201 6.227 6.358 6.497 6.516 6.501 6.458 6.392 6.302 6.187 6.094 6.038 6.081 6.167 6.186 6.177 6.151 6.121 6.088 6.045 5.992 5.922 5.939 6.014 6.038 6.028 5.994 5.944 5.879 5.790 5.699 5.619 5.610 5.666 5.715 5.754 5.782 5.807 5.832 5.865 5.884
-99.000 -99.000 -99.000 1.645 1.649 1.702 1.862 2.123 2.463 2.856 3.269 3.682 4.081 4.450 4.749 4.943 5.058 5.127 5.176 5.224 5.282 5.378 5.485 5.617 5.760 5.907 6.044 6.152 6.212 6.243 6.379 6.520 6.543 6.526 6.474 6.397 6.293 6.173 6.085 6.017 6.050 6.132 6.150 6.137 6.104 6.072 6.038 5.994 5.946 5.882 5.899 5.971 5.997 5.991 5.957 5.907 5.841 5.757 5.679 5.607 5.603 5.664 5.722 5.770 5.805 5.838 5.873 5.906 5.917
-99.000 -99.000 -99.000 1.646 1.663 1.759 1.966 2.266 2.634 3.041 3.455 3.860 4.243 4.584 4.837 4.998 5.099 5.162 5.208 5.257 5.325 5.425 5.527 5.657 5.801 5.949 6.073 6.162 6.220 6.249 6.386 6.534 6.561 6.538 6.480 6.397 6.286 6.171 6.077 5.994 6.018 6.099 6.113 6.094 6.058 6.023 5.987 5.947 5.904 5.843 5.859 5.931 5.959 5.951 5.917 5.867 5.802 5.731 5.665 5.601 5.601 5.670 5.737 5.792 5.836 5.877 5.915 5.941 5.944
-99.000 -99.000 1.645 1.648 1.691 1.837 2.089 2.424 2.816 3.231 3.642 4.036 4.400 4.700 4.906 5.044 5.134 5.196 5.244 5.295 5.363 5.461 5.556 5.680 5.826 5.966 6.084 6.169 6.224 6.250 6.389 6.544 6.570 6.546 6.486 6.398 6.286 6.168 6.062 5.968 5.987 6.064 6.072 6.050 6.011 5.972 5.939 5.903 5.862 5.805 5.822 5.893 5.919 5.910 5.876 5.827 5.771 5.713 5.657 5.601 5.609 5.686 5.758 5.819 5.871 5.915 5.950 5.969 5.964
-99.000 -99.000 1.645 1.658 1.740 1.935 2.228 2.594 3.003 3.423 3.829 4.210 4.543 4.792 4.964 5.085 5.171 5.234 5.287 5.337 5.399 5.486 5.578 5.698 5.832 5.967 6.087 6.173 6.230 6.252 6.390 6.548 6.576 6.552 6.489 6.402 6.289 6.161 6.045 5.942 5.953 6.024 6.029 6.003 5.963 5.927 5.897 5.862 5.823 5.771 5.787 5.854 5.878 5.870 5.837 5.794 5.749 5.702 5.659 5.612 5.625 5.707 5.784 5.851 5.904 5.948 5.979 5.990 5.976
-99.000 1.645 1.647 1.680 1.809 2.048 2.378 2.770 3.193 3.615 4.016 4.379 4.663 4.867 5.013 5.121 5.205 5.271 5.325 5.373 5.429 5.506 5.595 5.703 5.826 5.962 6.083 6.179 6.238 6.251 6.387 6.552 6.583 6.555 6.492 6.406 6.285 6.148 6.022 5.908 5.913 5.980 5.981 5.954 5.917 5.884 5.854 5.822 5.787 5.735 5.750 5.815 5.840 5.833 5.805 5.771 5.735 5.701 5.671 5.629 5.646 5.731 5.812 5.880 5.933 5.974 5.999 6.002 5.980
-99.000 1.645 1.653 1.718 1.893 2.172 2.533 2.948 3.382 3.808 4.202 4.528 4.765 4.936 5.059 5.157 5.236 5.299 5.351 5.399 5.457 5.534 5.615 5.711 5.828 5.957 6.081 6.188 6.249 6.255 6.391 6.562 6.587 6.553 6.489 6.398 6.272 6.125 5.984 5.865 5.867 5.927 5.927 5.906 5.872 5.840 5.814 5.785 5.749 5.699 5.713 5.777 5.803 5.802 5.781 5.755 5.731 5.710 5.687 5.650 5.669 5.757 5.837 5.904 5.955 5.991 6.010 6.005 5.973
-99.000 1.646 1.667 1.772 1.990 2.304 2.692 3.123 3.569 4.001 4.380 4.664 4.864 5.006 5.111 5.195 5.262 5.318 5.368 5.419 5.487 5.569 5.645 5.734 5.833 5.954 6.085 6.199 6.265 6.260 6.390 6.556 6.570 6.531 6.462 6.368 6.235 6.075 5.926 5.805 5.804 5.864 5.870 5.853 5.822 5.795 5.772 5.742 5.706 5.658 5.673 5.737 5.768 5.774 5.761 5.746 5.733 5.720 5.705 5.671 5.690 5.776 5.853 5.918 5.965 5.996 6.008 5.994 5.953
1.645 1.649 1.693 1.842 2.097 2.440 2.849 3.295 3.752 4.189 4.542 4.790 4.958 5.075 5.162 5.231 5.286 5.335 5.387 5.447 5.528 5.619 5.695 5.772 5.858 5.966 6.086 6.200 6.270 6.253 6.371 6.529 6.537 6.491 6.416 6.318 6.181 6.017 5.863 5.743 5.745 5.808 5.819 5.804 5.777 5.755 5.733 5.702 5.668 5.622 5.639 5.706 5.744 5.757 5.753 5.747 5.742 5.735 5.724 5.691 5.708 5.790 5.864 5.924 5.966 5.992 5.997 5.974 5.923
1.645 1.656 1.735 1.925 2.213 2.582 3.006 3.462 3.930 4.368 4.693 4.911 5.054 5.152 5.226 5.286 5.334 5.381 5.436 5.502 5.597 5.698 5.767 5.832 5.902 5.992 6.099 6.220 6.295 6.250 6.352 6.504 6.503 6.446 6.367 6.267 6.127 5.959 5.799 5.686 5.695 5.761 5.777 5.765 5.743 5.724 5.701 5.671 5.637 5.594 5.615 5.687 5.731 5.750 5.755 5.757 5.757 5.755 5.748 5.713 5.724 5.802 5.871 5.926 5.963 5.982 5.978 5.946 5.883
1.646 1.674 1.793 2.022 2.341 2.731 3.168 3.633 4.110 4.539 4.832 5.022 5.144 5.228 5.296 5.350 5.398 5.450 5.509 5.582 5.688 5.796 5.859 5.919 5.981 6.054 6.146 6.280 6.320 6.236 6.327 6.468 6.455 6.391 6.305 6.198 6.056 5.877 5.725 5.633 5.649 5.719 5.738 5.731 5.713 5.694 5.671 5.641 5.609 5.572 5.598 5.673 5.721 5.750 5.763 5.770 5.774 5.778 5.771 5.729 5.736 5.807 5.869 5.919 5.950 5.961 5.949 5.906 5.832
