version1/TsunamiDB/out54080.asc
ncols          264
nrows          230
xllcorner      497853.4375
yllcorner      4229146.0000
cellsize         5.
NODATA_value   -99
[rows 68 to 101 of 230, columns 0 to 75 of 264]
-99.000 -99.000 -99.000 -99.000 -99.000 -99.000 -99.000 -99.000 -99.000 -99.000 -99.000 -99.000 -99.000 -99.000 -99.000 -99.000 -99.000 -99.000 -99.000 -99.000 -99.000 -99.000 -99.000 -99.000 -99.000 -99.000 -99.000 -99.000 -99.000 -99.000 -99.000 -99.000 -99.000 -99.000 -99.000 -99.000 -99.000 -99.000 1.649 1.658 1.723 1.885 2.126 2.408 2.691 2.944 3.153 3.319 3.449 3.554 3.641 3.715 3.782 3.844 3.901 3.955 4.007 4.057 4.104 4.150 4.196 4.242 4.286 4.331 4.375 4.420 4.464 4.509 4.554 4.599 4.645 4.690 4.735 4.780 4.823 4.866
-99.000 -99.000 -99.000 -99.000 -99.000 -99.000 -99.000 -99.000 -99.000 -99.000 -99.000 -99.000 -99.000 -99.000 -99.000 -99.000 -99.000 -99.000 -99.000 -99.000 -99.000 -99.000 -99.000 -99.000 -99.000 -99.000 -99.000 -99.000 -99.000 -99.000 -99.000 -99.000 -99.000 -99.000 -99.000 -99.000 -99.000 1.649 1.651 1.679 1.790 1.995 2.261 2.548 2.820 3.053 3.240 3.388 3.505 3.600 3.681 3.751 3.815 3.875 3.930 3.983 4.033 4.081 4.127 4.172 4.217 4.261 4.304 4.347 4.390 4.433 4.476 4.519 4.563 4.607 4.651 4.695 4.740 4.784 4.827 4.870
-99.000 -99.000 -99.000 -99.000 -99.000 -99.000 -99.000 -99.000 -99.000 -99.000 -99.000 -99.000 -99.000 -99.000 -99.000 -99.000 -99.000 -99.000 -99.000 -99.000 -99.000 -99.000 -99.000 -99.000 -99.000 -99.000 -99.000 -99.000 -99.000 -99.000 -99.000 -99.000 -99.000 -99.000 -99.000 -99.000 -99.000 1.649 1.658 1.721 1.880 2.119 2.401 2.685 2.939 3.151 3.318 3.450 3.556 3.643 3.719 3.786 3.848 3.905 3.959 4.010 4.059 4.106 4.150 4.194 4.237 4.280 4.322 4.363 4.405 4.446 4.488 4.530 4.572 4.614 4.657 4.700 4.744 4.787 4.831 4.873
-99.000 -99.000 -99.000 -99.000 -99.000 -99.000 -99.000 -99.000 -99.000 -99.000 -99.000 -99.000 -99.000 -99.000 -99.000 -99.000 -99.000 -99.000 -99.000 -99.000 -99.000 -99.000 -99.000 -99.000 -99.000 -99.000 -99.000 -99.000 -99.000 -99.000 -99.000 -99.000 -99.000 -99.000 -99.000 -99.000 -99.000 1.651 1.678 1.786 1.988 2.254 2.541 2.814 3.049 3.239 3.388 3.507 3.603 3.684 3.755 3.820 3.879 3.935 3.987 4.037 4.085 4.130 4.174 4.216 4.258 4.300 4.340 4.380 4.420 4.460 4.500 4.541 4.581 4.622 4.664 4.706 4.748 4.790 4.833 4.876
-99.000 -99.000 -99.000 -99.000 -99.000 -99.000 -99.000 -99.000 -99.000 -99.000 -99.000 -99.000 -99.000 -99.000 -99.000 -99.000 -99.000 -99.000 -99.000 -99.000 -99.000 -99.000 -99.000 -99.000 -99.000 -99.000 -99.000 -99.000 -99.000 -99.000 -99.000 -99.000 -99.000 -99.000 -99.000 -99.000 1.649 1.657 1.718 1.874 2.112 2.394 2.678 2.934 3.148 3.317 3.451 3.558 3.647 3.723 3.791 3.853 3.910 3.964 4.015 4.064 4.110 4.155 4.197 4.239 4.280 4.320 4.359 4.398 4.437 4.475 4.514 4.553 4.592 4.631 4.671 4.711 4.752 4.794 4.835 4.877
-99.000 -99.000 -99.000 -99.000 -99.000 -99.000 -99.000 -99.000 -99.000 -99.000 -99.000 -99.000 -99.000 -99.000 -99.000 -99.000 -99.000 -99.000 -99.000 -99.000 -99.000 -99.000 -99.000 -99.000 -99.000 -99.000 -99.000 -99.000 -99.000 -99.000 -99.000 -99.000 -99.000 -99.000 -99.000 -99.000 1.650 1.676 1.782 1.982 2.246 2.534 2.808 3.045 3.236 3.388 3.508 3.605 3.688 3.760 3.825 3.885 3.940 3.993 4.043 4.090 4.136 4.180 4.221 4.261 4.301 4.340 4.378 4.416 4.454 4.491 4.528 4.565 4.603 4.641 4.679 4.718 4.757 4.797 4.838 4.878
-99.000 -99.000 -99.000 -99.000 -99.000 -99.000 -99.000 -99.000 -99.000 -99.000 -99.000 -99.000 -99.000 -99.000 -99.000 -99.000 -99.000 -99.000 -99.000 -99.000 -99.000 -99.000 -99.000 -99.000 -99.000 -99.000 -99.000 -99.000 -99.000 -99.000 -99.000 -99.000 -99.000 -99.000 -99.000 1.649 1.656 1.715 1.869 2.105 2.386 2.671 2.929 3.144 3.316 3.451 3.559 3.649 3.727 3.795 3.858 3.916 3.970 4.022 4.070 4.117 4.162 4.205 4.245 4.284 4.323 4.361 4.398 4.435 4.471 4.507 4.543 4.579 4.615 4.651 4.688 4.725 4.763 4.801 4.840 4.880
-99.000 -99.000 -99.000 -99.000 -99.000 -99.000 -99.000 -99.000 -99.000 -99.000 -99.000 -99.000 -99.000 -99.000 -99.000 -99.000 -99.000 -99.000 -99.000 -99.000 -99.000 -99.000 -99.000 -99.000 -99.000 -99.000 -99.000 -99.000 -99.000 -99.000 -99.000 -99.000 -99.000 -99.000 -99.000 1.650 1.675 1.778 1.976 2.239 2.527 2.802 3.040 3.234 3.387 3.508 3.607 3.691 3.764 3.830 3.890 3.947 4.000 4.050 4.098 4.143 4.187 4.229 4.269 4.307 4.345 4.382 4.419 4.454 4.490 4.524 4.559 4.594 4.628 4.663 4.698 4.734 4.770 4.807 4.844 4.882
-99.000 -99.000 -99.000 -99.000 -99.000 -99.000 -99.000 -99.000 -99.000 -99.000 -99.000 -99.000 -99.000 -99.000 -99.000 -99.000 -99.000 -99.000 -99.000 -99.000 -99.000 -99.000 -99.000 -99.000 -99.000 -99.000 -99.000 -99.000 -99.000 -99.000 -99.000 -99.000 -99.000 -99.000 1.650 1.656 1.713 1.864 2.099 2.379 2.665 2.924 3.141 3.314 3.451 3.560 3.651 3.730 3.799 3.863 3.922 3.977 4.029 4.078 4.125 4.170 4.213 4.254 4.293 4.330 4.368 4.404 4.439 4.474 4.508 4.542 4.576 4.609 4.642 4.676 4.710 4.744 4.778 4.813 4.849 4.886
-99.000 -99.000 -99.000 -99.000 -99.000 -99.000 -99.000 -99.000 -99.000 -99.000 -99.000 -99.000 -99.000 -99.000 -99.000 -99.000 -99.000 -99.000 -99.000 -99.000 -99.000 -99.000 -99.000 -99.000 -99.000 -99.000 -99.000 -99.000 -99.000 -99.000 -99.000 -99.000 -99.000 -99.000 1.651 1.673 1.775 1.971 2.233 2.521 2.796 3.036 3.231 3.386 3.508 3.608 3.693 3.767 3.833 3.895 3.952 4.006 4.057 4.105 4.152 4.196 4.238 4.279 4.317 4.354 4.390 4.426 4.461 4.495 4.528 4.561 4.593 4.626 4.658 4.690 4.722 4.755 4.788 4.821 4.856 4.890
-99.000 -99.000 -99.000 -99.000 -99.000 -99.000 -99.000 -99.000 -99.000 -99.000 -99.000 -99.000 -99.000 -99.000 -99.000 -99.000 -99.000 -99.000 -99.000 -99.000 -99.000 -99.000 -99.000 -99.000 -99.000 -99.000 -99.000 -99.000 -99.000 -99.000 -99.000 -99.000 -99.000 1.650 1.657 1.711 1.860 2.093 2.373 2.659 2.919 3.138 3.312 3.450 3.560 3.652 3.731 3.802 3.866 3.926 3.982 4.035 4.085 4.132 4.178 4.221 4.263 4.303 4.341 4.377 4.413 4.448 4.482 4.515 4.548 4.580 4.611 4.643 4.674 4.705 4.736 4.767 4.799 4.831 4.863 4.896
-99.000 -99.000 -99.000 -99.000 -99.000 -99.000 -99.000 -99.000 -99.000 -99.000 -99.000 -99.000 -99.000 -99.000 -99.000 -99.000 -99.000 -99.000 -99.000 -99.000 -99.000 -99.000 -99.000 -99.000 -99.000 -99.000 -99.000 -99.000 -99.000 -99.000 -99.000 -99.000 -99.000 1.651 1.673 1.772 1.966 2.227 2.515 2.792 3.032 3.229 3.384 3.508 3.608 3.693 3.768 3.836 3.898 3.956 4.011 4.063 4.112 4.159 4.204 4.247 4.288 4.327 4.364 4.400 4.436 4.470 4.503 4.536 4.568 4.599 4.630 4.661 4.691 4.721 4.751 4.781 4.811 4.842 4.873 4.904
-99.000 -99.000 -99.000 -99.000 -99.000 -99.000 -99.000 -99.000 -99.000 -99.000 -99.000 -99.000 -99.000 -99.000 -99.000 -99.000 -99.000 -99.000 -99.000 -99.000 -99.000 -99.000 -99.000 -99.000 -99.000 -99.000 -99.000 -99.000 -99.000 -99.000 -99.000 -99.000 1.650 1.656 1.710 1.857 2.089 2.368 2.654 2.915 3.135 3.310 3.449 3.560 3.652 3.732 3.803 3.868 3.929 3.985 4.039 4.090 4.139 4.185 4.229 4.272 4.312 4.351 4.388 4.423 4.458 4.492 4.525 4.557 4.589 4.619 4.649 4.679 4.709 4.738 4.767 4.796 4.825 4.854 4.884 4.914
-99.000 -99.000 -99.000 -99.000 -99.000 -99.000 -99.000 -99.000 -99.000 -99.000 -99.000 -99.000 -99.000 -99.000 -99.000 -99.000 -99.000 -99.000 -99.000 -99.000 -99.000 -99.000 -99.000 -99.000 -99.000 -99.000 -99.000 -99.000 -99.000 -99.000 -99.000 -99.000 1.651 1.673 1.770 1.962 2.223 2.510 2.787 3.029 3.226 3.383 3.507 3.608 3.694 3.769 3.837 3.899 3.958 4.014 4.066 4.117 4.165 4.210 4.254 4.296 4.336 4.375 4.411 4.446 4.481 4.514 4.547 4.578 4.609 4.639 4.669 4.698 4.727 4.755 4.784 4.812 4.840 4.868 4.896 4.925
-99.000 -99.000 -99.000 -99.000 -99.000 -99.000 -99.000 -99.000 -99.000 -99.000 -99.000 -99.000 -99.000 -99.000 -99.000 -99.000 -99.000 -99.000 -99.000 -99.000 -99.000 -99.000 -99.000 -99.000 -99.000 -99.000 -99.000 -99.000 -99.000 -99.000 -99.000 1.650 1.656 1.708 1.855 2.085 2.364 2.650 2.912 3.132 3.309 3.448 3.560 3.652 3.732 3.803 3.869 3.929 3.987 4.041 4.093 4.142 4.190 4.235 4.278 4.320 4.360 4.398 4.434 4.469 4.503 4.536 4.568 4.599 4.630 4.660 4.689 4.717 4.746 4.773 4.801 4.828 4.855 4.883 4.910 4.937
-99.000 -99.000 -99.000 -99.000 -99.000 -99.000 -99.000 -99.000 -99.000 -99.000 -99.000 -99.000 -99.000 -99.000 -99.000 -99.000 -99.000 -99.000 -99.000 -99.000 -99.000 -99.000 -99.000 -99.000 -99.000 -99.000 -99.000 -99.000 -99.000 -99.000 -99.000 1.651 1.672 1.768 1.959 2.219 2.506 2.784 3.027 3.225 3.382 3.506 3.608 3.693 3.768 3.837 3.900 3.959 4.015 4.068 4.119 4.168 4.214 4.259 4.302 4.343 4.382 4.420 4.456 4.491 4.525 4.557 4.589 4.620 4.650 4.680 4.708 4.737 4.764 4.792 4.819 4.845 4.872 4.898 4.924 4.951
-99.000 -99.000 -99.000 -99.000 -99.000 -99.000 -99.000 -99.000 -99.000 -99.000 -99.000 -99.000 -99.000 -99.000 -99.000 -99.000 -99.000 -99.000 -99.000 -99.000 -99.000 -99.000 -99.000 -99.000 -99.000 -99.000 -99.000 -99.000 -99.000 -99.000 1.650 1.656 1.707 1.852 2.081 2.360 2.647 2.909 3.130 3.308 3.447 3.559 3.652 3.732 3.803 3.868 3.929 3.987 4.042 4.094 4.144 4.192 4.238 4.282 4.325 4.366 4.405 4.442 4.478 4.512 4.546 4.579 4.610 4.641 4.671 4.700 4.728 4.756 4.783 4.810 4.837 4.863 4.889 4.914 4.940 4.965
-99.000 -99.000 -99.000 -99.000 -99.000 -99.000 -99.000 -99.000 -99.000 -99.000 -99.000 -99.000 -99.000 -99.000 -99.000 -99.000 -99.000 -99.000 -99.000 -99.000 -99.000 -99.000 -99.000 -99.000 -99.000 -99.000 -99.000 -99.000 -99.000 -99.000 1.651 1.671 1.766 1.957 2.215 2.503 2.781 3.025 3.224 3.382 3.507 3.608 3.694 3.769 3.836 3.899 3.958 4.014 4.068 4.119 4.168 4.216 4.261 4.305 4.347 4.388 4.427 4.464 4.498 4.533 4.567 4.599 4.631 4.661 4.691 4.719 4.748 4.775 4.802 4.829 4.855 4.880 4.906 4.931 4.956 4.981
-99.000 -99.000 -99.000 -99.000 -99.000 -99.000 -99.000 -99.000 -99.000 -99.000 -99.000 -99.000 -99.000 -99.000 -99.000 -99.000 -99.000 -99.000 -99.000 -99.000 -99.000 -99.000 -99.000 -99.000 -99.000 -99.000 -99.000 -99.000 -99.000 1.650 1.655 1.706 1.849 2.079 2.356 2.643 2.907 3.129 3.307 3.448 3.560 3.653 3.733 3.803 3.868 3.929 3.986 4.041 4.093 4.144 4.192 4.239 4.284 4.327 4.369 4.409 4.448 4.484 4.519 4.554 4.587 4.619 4.651 4.681 4.710 4.739 4.767 4.794 4.821 4.847 4.873 4.898 4.923 4.948 4.972 4.997
-99.000 -99.000 -99.000 -99.000 -99.000 -99.000 -99.000 -99.000 -99.000 -99.000 -99.000 -99.000 -99.000 -99.000 -99.000 -99.000 -99.000 -99.000 -99.000 -99.000 -99.000 -99.000 -99.000 -99.000 -99.000 -99.000 -99.000 -99.000 -99.000 1.651 1.670 1.764 1.954 2.212 2.499 2.778 3.023 3.223 3.382 3.508 3.609 3.695 3.770 3.837 3.899 3.958 4.014 4.067 4.118 4.168 4.216 4.262 4.306 4.349 4.390 4.430 4.469 4.505 4.540 4.574 4.607 4.639 4.670 4.700 4.730 4.758 4.786 4.813 4.839 4.865 4.891 4.916 4.940 4.965 4.989 5.013
-99.000 -99.000 -99.000 -99.000 -99.000 -99.000 -99.000 -99.000 -99.000 -99.000 -99.000 -99.000 -99.000 -99.000 -99.000 -99.000 -99.000 -99.000 -99.000 -99.000 -99.000 -99.000 -99.000 -99.000 -99.000 -99.000 -99.000 -99.000 1.650 1.655 1.704 1.846 2.075 2.353 2.640 2.905 3.128 3.308 3.449 3.562 3.655 3.734 3.805 3.869 3.930 3.986 4.041 4.093 4.143 4.191 4.238 4.284 4.328 4.370 4.411 4.451 4.489 4.525 4.559 4.594 4.627 4.659 4.690 4.720 4.749 4.777 4.804 4.831 4.857 4.883 4.908 4.933 4.958 4.982 5.005 5.029
-99.000 -99.000 -99.000 -99.000 -99.000 -99.000 -99.000 -99.000 -99.000 -99.000 -99.000 -99.000 -99.000 -99.000 -99.000 -99.000 -99.000 -99.000 -99.000 -99.000 -99.000 -99.000 -99.000 -99.000 -99.000 -99.000 -99.000 -99.000 1.651 1.670 1.762 1.950 2.208 2.496 2.775 3.021 3.223 3.383 3.510 3.612 3.697 3.772 3.839 3.901 3.959 4.014 4.067 4.118 4.167 4.215 4.261 4.305 4.349 4.391 4.431 4.471 4.509 4.544 4.579 4.613 4.646 4.678 4.709 4.738 4.767 4.795 4.823 4.849 4.875 4.901 4.926 4.950 4.974 4.998 5.022 5.045
-99.000 -99.000 -99.000 -99.000 -99.000 -99.000 -99.000 -99.000 -99.000 -99.000 -99.000 -99.000 -99.000 -99.000 -99.000 -99.000 -99.000 -99.000 -99.000 -99.000 -99.000 -99.000 -99.000 -99.000 -99.000 -99.000 -99.000 1.650 1.655 1.703 1.843 2.070 2.348 2.637 2.902 3.127 3.308 3.451 3.564 3.658 3.737 3.808 3.872 3.931 3.988 4.041 4.093 4.143 4.191 4.237 4.283 4.327 4.370 4.411 4.451 4.490 4.528 4.564 4.598 4.632 4.665 4.696 4.727 4.757 4.785 4.813 4.841 4.867 4.893 4.918 4.943 4.967 4.991 5.015 5.038 5.061
-99.000 -99.000 -99.000 -99.000 -99.000 -99.000 -99.000 -99.000 -99.000 -99.000 -99.000 -99.000 -99.000 -99.000 -99.000 -99.000 -99.000 -99.000 -99.000 -99.000 -99.000 -99.000 -99.000 -99.000 -99.000 -99.000 -99.000 1.651 1.669 1.759 1.945 2.203 2.491 2.772 3.019 3.223 3.384 3.512 3.615 3.701 3.775 3.842 3.904 3.961 4.016 4.068 4.119 4.167 4.214 4.260 4.305 4.348 4.390 4.431 4.471 4.510 4.547 4.582 4.616 4.650 4.683 4.715 4.745 4.775 4.803 4.831 4.858 4.885 4.910 4.935 4.960 4.984 5.008 5.031 5.054 5.076
-99.000 -99.000 -99.000 -99.000 -99.000 -99.000 -99.000 -99.000 -99.000 -99.000 -99.000 -99.000 -99.000 -99.000 -99.000 -99.000 -99.000 -99.000 -99.000 -99.000 -99.000 -99.000 -99.000 -99.000 -99.000 -99.000 1.650 1.655 1.701 1.839 2.065 2.342 2.632 2.900 3.126 3.309 3.453 3.567 3.661 3.741 3.812 3.876 3.935 3.991 4.044 4.095 4.144 4.192 4.238 4.282 4.326 4.369 4.410 4.451 4.490 4.528 4.566 4.601 4.635 4.669 4.701 4.733 4.763 4.793 4.821 4.849 4.876 4.902 4.927 4.952 4.976 5.000 5.024 5.047 5.069 5.092
-99.000 -99.000 -99.000 -99.000 -99.000 -99.000 -99.000 -99.000 -99.000 -99.000 -99.000 -99.000 -99.000 -99.000 -99.000 -99.000 -99.000 -99.000 -99.000 -99.000 -99.000 -99.000 -99.000 -99.000 -99.000 -99.000 1.651 1.668 1.756 1.940 2.196 2.485 2.767 3.017 3.222 3.385 3.514 3.618 3.705 3.780 3.847 3.908 3.965 4.020 4.071 4.121 4.169 4.216 4.261 4.305 4.348 4.389 4.430 4.470 4.509 4.547 4.584 4.619 4.653 4.686 4.719 4.750 4.781 4.810 4.839 4.866 4.893 4.919 4.944 4.969 4.993 5.017 5.040 5.062 5.085 5.107
-99.000 -99.000 -99.000 -99.000 -99.000 -99.000 -99.000 -99.000 -99.000 -99.000 -99.000 -99.000 -99.000 -99.000 -99.000 -99.000 -99.000 -99.000 -99.000 -99.000 -99.000 -99.000 -99.000 -99.000 -99.000 1.650 1.654 1.698 1.834 2.058 2.335 2.626 2.895 3.125 3.309 3.454 3.570 3.665 3.745 3.816 3.880 3.940 3.995 4.048 4.098 4.147 4.194 4.239 4.284 4.327 4.369 4.410 4.450 4.489 4.528 4.566 4.602 4.637 4.671 4.704 4.737 4.768 4.798 4.828 4.856 4.883 4.910 4.936 4.961 4.985 5.009 5.033 5.056 5.078 5.100 5.122
-99.000 -99.000 -99.000 -99.000 -99.000 -99.000 -99.000 -99.000 -99.000 -99.000 -99.000 -99.000 -99.000 -99.000 -99.000 -99.000 -99.000 -99.000 -99.000 -99.000 -99.000 -99.000 -99.000 -99.000 -99.000 1.651 1.667 1.752 1.934 2.189 2.477 2.761 3.013 3.221 3.386 3.516 3.621 3.708 3.784 3.851 3.913 3.970 4.024 4.076 4.125 4.173 4.218 4.263 4.306 4.349 4.390 4.430 4.470 4.509 4.547 4.584 4.620 4.655 4.688 4.721 4.754 4.785 4.815 4.845 4.873 4.901 4.927 4.953 4.978 5.002 5.026 5.049 5.072 5.094 5.116 5.137
-99.000 -99.000 -99.000 -99.000 -99.000 -99.000 -99.000 -99.000 -99.000 -99.000 -99.000 -99.000 -99.000 -99.000 -99.000 -99.000 -99.000 -99.000 -99.000 -99.000 -99.000 -99.000 -99.000 -99.000 1.650 1.654 1.696 1.828 2.050 2.327 2.618 2.889 3.121 3.308 3.455 3.572 3.668 3.749 3.821 3.885 3.945 4.000 4.053 4.103 4.151 4.198 4.243 4.286 4.329 4.370 4.411 4.450 4.489 4.528 4.565 4.602 4.638 4.672 4.705 4.739 4.771 4.802 4.832 4.862 4.890 4.918 4.944 4.970 4.995 5.019 5.042 5.065 5.088 5.110 5.131 5.152
-99.000 -99.000 -99.000 -99.000 -99.000 -99.000 -99.000 -99.000 -99.000 -99.000 -99.000 -99.000 -99.000 -99.000 -99.000 -99.000 -99.000 -99.000 -99.000 -99.000 -99.000 -99.000 -99.000 -99.000 1.651 1.665 1.747 1.926 2.179 2.468 2.753 3.007 3.218 3.386 3.517 3.623 3.712 3.788 3.856 3.918 3.975 4.029 4.081 4.130 4.177 4.223 4.267 4.309 4.351 4.392 4.431 4.471 4.509 4.546 4.583 4.619 4.655 4.689 4.722 4.755 4.788 4.819 4.849 4.879 4.907 4.934 4.961 4.987 5.011 5.036 5.059 5.082 5.104 5.126 5.147 5.168
-99.000 -99.000 -99.000 -99.000 -99.000 -99.000 -99.000 -99.000 -99.000 -99.000 -99.000 -99.000 -99.000 -99.000 -99.000 -99.000 -99.000 -99.000 -99.000 -99.000 -99.000 -99.000 -99.000 1.650 1.653 1.693 1.822 2.041 2.317 2.608 2.881 3.115 3.305 3.455 3.573 3.670 3.752 3.824 3.889 3.949 4.005 4.058 4.108 4.156 4.202 4.247 4.290 4.332 4.373 4.413 4.452 4.490 4.528 4.565 4.601 4.637 4.672 4.706 4.739 4.772 4.804 4.835 4.866 4.895 4.924 4.951 4.978 5.003 5.028 5.052 5.076 5.098 5.120 5.142 5.163 5.183
-99.000 -99.000 -99.000 -99.000 -99.000 -99.000 -99.000 -99.000 -99.000 -99.000 -99.000 -99.000 -99.000 -99.000 -99.000 -99.000 -99.000 -99.000 -99.000 -99.000 -99.000 -99.000 -99.000 1.650 1.664 1.742 1.918 2.169 2.457 2.744 3.000 3.213 3.383 3.517 3.624 3.713 3.791 3.859 3.922 3.980 4.034 4.086 4.135 4.182 4.227 4.271 4.313 4.355 4.395 4.434 4.472 4.510 4.547 4.583 4.619 4.654 4.689 4.722 4.755 4.788 4.820 4.851 4.882 4.911 4.940 4.968 4.994 5.020 5.045 5.069 5.092 5.115 5.137 5.158 5.179 5.199
-99.000 -99.000 -99.000 -99.000 -99.000 -99.000 -99.000 -99.000 -99.000 -99.000 -99.000 -99.000 -99.000 -99.000 -99.000 -99.000 -99.000 -99.000 -99.000 -99.000 -99.000 -99.000 1.650 1.653 1.690 1.814 2.031 2.305 2.597 2.872 3.108 3.300 3.453 3.573 3.671 3.754 3.827 3.893 3.953 4.009 4.062 4.113 4.161 4.207 4.252 4.295 4.336 4.377 4.416 4.455 4.492 4.529 4.566 4.602 4.637 4.672 4.706 4.739 4.771 4.804 4.836 4.867 4.897 4.927 4.956 4.983 5.010 5.036 5.061 5.086 5.109 5.132 5.153 5.175 5.195 5.215
-99.000 -99.000 -99.000 -99.000 -99.000 -99.000 -99.000 -99.000 -99.000 -99.000 -99.000 -99.000 -99.000 -99.000 -99.000 -99.000 -99.000 -99.000 -99.000 -99.000 -99.000 -99.000 1.650 1.662 1.736 1.908 2.156 2.444 2.732 2.990 3.206 3.378 3.515 3.624 3.714 3.792 3.861 3.924 3.983 4.038 4.090 4.139 4.187 4.232 4.276 4.318 4.359 4.398 4.437 4.475 4.512 4.549 4.584 4.620 4.654 4.688 4.722 4.754 4.787 4.819 4.851 4.882 4.912 4.942 4.971 4.999 5.026 5.052 5.078 5.102 5.126 5.148 5.170 5.191 5.212 5.232
