version1/TsunamiDB/out54084.asc
ncols          264
nrows          230
xllcorner      497853.4375
yllcorner      4229146.0000
cellsize         5.
NODATA_value   -99
[rows 102 to 135 of 230, columns 154 to 230 of 264]
6.743 6.759 6.775 6.792 6.808 6.824 6.840 6.856 6.871 6.887 6.902 6.916 6.930 6.944 6.958 6.972 6.986 6.998 7.010 7.021 7.032 7.043 7.054 7.064 7.075 7.085 7.095 7.105 7.114 7.124 7.134 7.144 7.155 7.165 7.177 7.189 7.202 7.215 7.228 7.242 7.256 7.270 7.284 7.299 7.314 7.330 7.346 7.364 7.381 7.399 7.417 7.434 7.452 7.470 7.489 7.508 7.527 7.548 7.568 7.588 7.608 7.631 7.656 7.687 7.720 7.757 7.803 7.854 7.911 7.978 8.056 8.146 8.235 8.292 8.353 8.444 8.527
6.750 6.766 6.782 6.798 6.815 6.831 6.847 6.863 6.878 6.894 6.909 6.924 6.938 6.952 6.966 6.980 6.993 7.006 7.018 7.029 7.040 7.051 7.062 7.073 7.083 7.093 7.103 7.113 7.123 7.132 7.142 7.152 7.162 7.173 7.184 7.196 7.208 7.221 7.234 7.248 7.262 7.275 7.288 7.302 7.317 7.332 7.349 7.366 7.383 7.401 7.418 7.435 7.451 7.469 7.486 7.504 7.524 7.545 7.566 7.589 7.614 7.640 7.670 7.705 7.742 7.785 7.834 7.887 7.945 8.010 8.089 8.180 8.273 8.331 8.392 8.482 8.563
6.756 6.772 6.788 6.804 6.821 6.837 6.853 6.869 6.885 6.900 6.916 6.930 6.945 6.959 6.973 6.987 7.001 7.013 7.025 7.037 7.048 7.059 7.070 7.081 7.091 7.102 7.111 7.121 7.131 7.140 7.150 7.160 7.170 7.180 7.191 7.203 7.215 7.227 7.240 7.254 7.267 7.279 7.292 7.306 7.320 7.335 7.351 7.367 7.385 7.402 7.419 7.435 7.450 7.466 7.483 7.501 7.520 7.542 7.565 7.591 7.620 7.651 7.685 7.724 7.765 7.812 7.865 7.921 7.979 8.045 8.122 8.213 8.309 8.369 8.430 8.519 8.597
6.761 6.776 6.793 6.809 6.826 6.842 6.858 6.874 6.890 6.906 6.921 6.937 6.951 6.966 6.980 6.994 7.008 7.021 7.032 7.044 7.056 7.067 7.078 7.089 7.099 7.109 7.119 7.129 7.139 7.148 7.158 7.167 7.177 7.187 7.198 7.209 7.221 7.233 7.246 7.259 7.271 7.283 7.296 7.309 7.322 7.337 7.353 7.369 7.386 7.403 7.419 7.434 7.448 7.463 7.480 7.497 7.517 7.539 7.565 7.595 7.628 7.664 7.703 7.745 7.789 7.840 7.896 7.954 8.014 8.079 8.155 8.247 8.351 8.410 8.469 8.556 8.632
6.764 6.780 6.796 6.813 6.829 6.846 6.862 6.879 6.895 6.911 6.926 6.942 6.957 6.971 6.986 7.000 7.014 7.027 7.039 7.051 7.063 7.074 7.085 7.096 7.107 7.117 7.127 7.137 7.146 7.156 7.165 7.174 7.184 7.194 7.205 7.216 7.227 7.239 7.251 7.264 7.276 7.287 7.299 7.312 7.325 7.339 7.354 7.371 7.387 7.404 7.419 7.433 7.445 7.461 7.477 7.494 7.515 7.539 7.569 7.602 7.639 7.679 7.722 7.766 7.813 7.867 7.927 7.987 8.050 8.116 8.190 8.292 8.399 8.453 8.509 8.592 8.664
6.767 6.782 6.799 6.815 6.832 6.849 6.865 6.882 6.898 6.915 6.930 6.946 6.961 6.976 6.991 7.006 7.020 7.033 7.045 7.057 7.069 7.081 7.092 7.103 7.114 7.124 7.134 7.144 7.153 7.163 7.172 7.181 7.191 7.200 7.211 7.221 7.233 7.244 7.256 7.268 7.280 7.291 7.302 7.314 7.327 7.341 7.356 7.372 7.388 7.404 7.418 7.431 7.444 7.459 7.475 7.493 7.516 7.543 7.575 7.611 7.652 7.696 7.743 7.790 7.838 7.896 7.959 8.023 8.089 8.159 8.242 8.345 8.442 8.493 8.547 8.625 8.694
6.767 6.783 6.799 6.816 6.833 6.850 6.867 6.884 6.900 6.917 6.933 6.949 6.965 6.980 6.995 7.010 7.025 7.038 7.051 7.063 7.075 7.087 7.098 7.110 7.121 7.131 7.141 7.151 7.160 7.169 7.178 7.187 7.197 7.206 7.216 7.227 7.237 7.249 7.260 7.272 7.284 7.294 7.305 7.316 7.329 7.343 7.357 7.373 7.389 7.403 7.417 7.430 7.443 7.458 7.475 7.495 7.519 7.549 7.583 7.623 7.667 7.716 7.767 7.814 7.864 7.926 7.994 8.062 8.132 8.210 8.298 8.393 8.481 8.530 8.581 8.655 8.720
6.764 6.781 6.797 6.814 6.832 6.849 6.866 6.884 6.901 6.918 6.934 6.951 6.967 6.983 6.998 7.013 7.028 7.042 7.055 7.068 7.080 7.092 7.104 7.115 7.126 7.137 7.147 7.157 7.166 7.175 7.184 7.193 7.202 7.211 7.221 7.231 7.242 7.253 7.264 7.276 7.287 7.297 7.307 7.318 7.330 7.344 7.358 7.373 7.388 7.403 7.416 7.429 7.443 7.459 7.478 7.499 7.526 7.558 7.595 7.636 7.684 7.737 7.792 7.841 7.893 7.961 8.032 8.105 8.181 8.263 8.350 8.438 8.518 8.564 8.613 8.681 8.742
6.758 6.775 6.792 6.810 6.828 6.846 6.863 6.881 6.899 6.916 6.934 6.951 6.967 6.984 7.000 7.015 7.031 7.045 7.058 7.071 7.084 7.096 7.108 7.120 7.131 7.142 7.152 7.162 7.171 7.180 7.189 7.198 7.207 7.216 7.225 7.235 7.246 7.256 7.268 7.279 7.289 7.299 7.309 7.320 7.332 7.344 7.358 7.373 7.388 7.402 7.416 7.430 7.445 7.463 7.483 7.507 7.536 7.570 7.608 7.653 7.704 7.761 7.820 7.871 7.926 7.998 8.074 8.152 8.232 8.314 8.398 8.479 8.552 8.595 8.641 8.704 8.761
6.747 6.765 6.783 6.802 6.820 6.839 6.858 6.876 6.895 6.913 6.931 6.948 6.966 6.983 6.999 7.016 7.032 7.047 7.060 7.074 7.087 7.100 7.112 7.124 7.135 7.146 7.157 7.167 7.176 7.185 7.194 7.202 7.211 7.219 7.229 7.238 7.249 7.259 7.270 7.281 7.291 7.301 7.310 7.321 7.332 7.344 7.358 7.372 7.387 7.402 7.417 7.433 7.449 7.468 7.490 7.516 7.548 7.584 7.625 7.671 7.725 7.787 7.852 7.905 7.962 8.038 8.118 8.200 8.280 8.362 8.441 8.516 8.583 8.624 8.666 8.724 8.777
6.731 6.750 6.769 6.789 6.809 6.828 6.848 6.868 6.887 6.906 6.925 6.944 6.962 6.980 6.997 7.014 7.031 7.046 7.060 7.074 7.088 7.101 7.114 7.126 7.138 7.150 7.160 7.170 7.180 7.188 7.197 7.205 7.214 7.222 7.231 7.241 7.251 7.261 7.272 7.283 7.293 7.302 7.311 7.321 7.332 7.343 7.356 7.371 7.387 7.403 7.420 7.437 7.455 7.476 7.500 7.528 7.563 7.601 7.643 7.692 7.749 7.816 7.886 7.941 8.000 8.081 8.164 8.246 8.326 8.405 8.481 8.550 8.611 8.649 8.689 8.742 8.790
6.707 6.728 6.749 6.770 6.791 6.812 6.833 6.854 6.875 6.895 6.916 6.935 6.955 6.974 6.992 7.010 7.028 7.044 7.059 7.073 7.088 7.101 7.115 7.128 7.140 7.151 7.162 7.173 7.182 7.191 7.200 7.208 7.216 7.225 7.233 7.243 7.253 7.263 7.274 7.285 7.293 7.302 7.310 7.320 7.331 7.342 7.355 7.370 7.387 7.405 7.424 7.443 7.463 7.486 7.512 7.543 7.579 7.620 7.664 7.715 7.777 7.849 7.923 7.979 8.040 8.125 8.208 8.290 8.368 8.444 8.515 8.579 8.635 8.671 8.707 8.756 8.801
6.677 6.699 6.722 6.744 6.767 6.790 6.813 6.836 6.858 6.880 6.902 6.923 6.944 6.964 6.984 7.003 7.022 7.039 7.055 7.070 7.085 7.100 7.114 7.127 7.140 7.152 7.163 7.174 7.183 7.193 7.201 7.209 7.218 7.226 7.235 7.244 7.254 7.264 7.275 7.285 7.294 7.301 7.309 7.319 7.329 7.341 7.354 7.370 7.388 7.408 7.429 7.450 7.472 7.497 7.525 7.558 7.597 7.640 7.687 7.741 7.806 7.881 7.959 8.018 8.081 8.166 8.249 8.330 8.406 8.479 8.547 8.607 8.659 8.691 8.725 8.770 8.811
6.643 6.666 6.689 6.713 6.738 6.762 6.787 6.811 6.835 6.859 6.883 6.906 6.929 6.950 6.972 6.993 7.012 7.030 7.048 7.064 7.080 7.096 7.111 7.125 7.138 7.151 7.163 7.174 7.184 7.193 7.202 7.210 7.218 7.226 7.235 7.244 7.254 7.264 7.275 7.285 7.293 7.300 7.308 7.317 7.327 7.339 7.354 7.370 7.390 7.412 7.435 7.459 7.483 7.509 7.539 7.575 7.616 7.662 7.712 7.770 7.837 7.916 8.001 8.061 8.123 8.209 8.291 8.370 8.444 8.514 8.578 8.633 8.680 8.710 8.741 8.782 8.821
6.607 6.630 6.654 6.678 6.704 6.729 6.755 6.781 6.807 6.833 6.859 6.884 6.908 6.932 6.955 6.978 6.999 7.019 7.038 7.055 7.073 7.089 7.105 7.120 7.135 7.148 7.160 7.172 7.183 7.192 7.201 7.210 7.218 7.226 7.235 7.244 7.254 7.264 7.274 7.284 7.292 7.298 7.305 7.315 7.326 7.338 7.354 7.372 7.394 7.418 7.443 7.469 7.495 7.524 7.556 7.594 7.638 7.687 7.741 7.802 7.872 7.960 8.049 8.106 8.166 8.251 8.332 8.408 8.480 8.546 8.606 8.657 8.699 8.727 8.756 8.794 8.829
6.575 6.596 6.619 6.643 6.668 6.694 6.721 6.748 6.775 6.803 6.830 6.857 6.883 6.909 6.935 6.959 6.982 7.004 7.024 7.044 7.062 7.080 7.097 7.114 7.129 7.143 7.157 7.169 7.180 7.190 7.200 7.208 7.217 7.225 7.234 7.243 7.252 7.263 7.273 7.282 7.289 7.296 7.303 7.314 7.325 7.339 7.356 7.376 7.399 7.425 7.452 7.480 7.510 7.541 7.575 7.616 7.664 7.717 7.775 7.841 7.919 8.009 8.094 8.149 8.208 8.291 8.370 8.445 8.513 8.575 8.631 8.677 8.717 8.743 8.769 8.804 8.836
6.548 6.567 6.588 6.611 6.635 6.660 6.686 6.714 6.742 6.770 6.798 6.827 6.855 6.882 6.910 6.936 6.961 6.984 7.007 7.028 7.049 7.068 7.087 7.105 7.121 7.137 7.151 7.164 7.176 7.187 7.197 7.206 7.214 7.223 7.232 7.241 7.251 7.261 7.271 7.280 7.287 7.294 7.302 7.313 7.326 7.340 7.359 7.381 7.406 7.434 7.463 7.494 7.527 7.560 7.597 7.642 7.694 7.751 7.813 7.886 7.968 8.056 8.138 8.190 8.247 8.329 8.406 8.478 8.543 8.602 8.653 8.697 8.734 8.758 8.781 8.813 8.842
6.527 6.544 6.563 6.584 6.606 6.630 6.655 6.681 6.709 6.737 6.766 6.795 6.824 6.853 6.882 6.910 6.937 6.962 6.986 7.010 7.032 7.054 7.074 7.093 7.111 7.128 7.144 7.158 7.171 7.183 7.193 7.203 7.212 7.220 7.229 7.238 7.248 7.258 7.268 7.277 7.285 7.293 7.302 7.314 7.328 7.344 7.364 7.388 7.414 7.443 7.475 7.510 7.546 7.583 7.622 7.673 7.729 7.790 7.858 7.934 8.017 8.101 8.179 8.230 8.285 8.364 8.439 8.509 8.571 8.626 8.674 8.715 8.750 8.772 8.793 8.822 8.848
6.513 6.528 6.545 6.563 6.583 6.605 6.629 6.654 6.680 6.707 6.736 6.765 6.794 6.824 6.853 6.883 6.911 6.938 6.964 6.989 7.013 7.036 7.058 7.079 7.099 7.117 7.135 7.150 7.164 7.177 7.188 7.198 7.208 7.217 7.226 7.235 7.245 7.255 7.265 7.275 7.284 7.293 7.303 7.316 7.332 7.350 7.371 7.396 7.424 7.455 7.490 7.528 7.569 7.609 7.653 7.708 7.768 7.835 7.905 7.981 8.062 8.144 8.219 8.268 8.321 8.398 8.471 8.538 8.597 8.649 8.695 8.733 8.765 8.785 8.804 8.830 8.854
6.505 6.519 6.533 6.549 6.567 6.587 6.608 6.631 6.656 6.682 6.709 6.738 6.767 6.796 6.826 6.856 6.885 6.913 6.940 6.966 6.992 7.017 7.041 7.064 7.085 7.105 7.124 7.141 7.156 7.170 7.182 7.193 7.203 7.212 7.222 7.231 7.241 7.252 7.263 7.274 7.284 7.294 7.305 7.320 7.337 7.356 7.379 7.406 7.435 7.469 7.507 7.550 7.597 7.640 7.687 7.747 7.812 7.882 7.952 8.027 8.106 8.184 8.258 8.305 8.355 8.430 8.500 8.565 8.621 8.672 8.715 8.751 8.780 8.798 8.815 8.838 8.859
6.502 6.514 6.527 6.541 6.557 6.574 6.594 6.615 6.638 6.662 6.688 6.715 6.743 6.772 6.801 6.831 6.860 6.888 6.916 6.944 6.971 6.997 7.022 7.047 7.070 7.091 7.112 7.130 7.147 7.162 7.175 7.187 7.197 7.207 7.217 7.227 7.237 7.249 7.261 7.273 7.285 7.296 7.309 7.325 7.344 7.364 7.389 7.417 7.449 7.484 7.527 7.575 7.627 7.674 7.725 7.790 7.859 7.928 7.999 8.072 8.147 8.223 8.296 8.340 8.389 8.461 8.529 8.591 8.645 8.693 8.734 8.768 8.794 8.809 8.825 8.845 8.864
6.503 6.513 6.524 6.537 6.551 6.567 6.585 6.604 6.625 6.648 6.672 6.698 6.725 6.752 6.781 6.810 6.839 6.867 6.895 6.923 6.950 6.977 7.004 7.029 7.054 7.077 7.099 7.119 7.137 7.153 7.168 7.180 7.191 7.202 7.212 7.223 7.234 7.247 7.261 7.274 7.287 7.300 7.314 7.332 7.352 7.374 7.400 7.430 7.464 7.504 7.551 7.605 7.662 7.711 7.765 7.834 7.904 7.974 8.043 8.113 8.186 8.260 8.332 8.375 8.422 8.492 8.557 8.615 8.667 8.713 8.752 8.783 8.806 8.820 8.833 8.851 8.868
6.506 6.515 6.525 6.537 6.549 6.564 6.580 6.598 6.617 6.638 6.661 6.685 6.711 6.737 6.765 6.793 6.821 6.848 6.876 6.904 6.932 6.959 6.986 7.013 7.038 7.062 7.085 7.107 7.126 7.144 7.159 7.173 7.185 7.196 7.207 7.219 7.231 7.245 7.261 7.276 7.291 7.306 7.321 7.340 7.361 7.384 7.413 7.446 7.482 7.526 7.577 7.635 7.697 7.750 7.807 7.877 7.949 8.019 8.087 8.155 8.225 8.297 8.368 8.410 8.455 8.522 8.583 8.638 8.687 8.732 8.769 8.797 8.818 8.829 8.840 8.856 8.872
6.510 6.519 6.528 6.539 6.550 6.563 6.578 6.595 6.613 6.633 6.654 6.677 6.701 6.726 6.753 6.780 6.807 6.834 6.861 6.889 6.916 6.944 6.971 6.998 7.024 7.049 7.073 7.095 7.116 7.135 7.151 7.165 7.178 7.190 7.203 7.215 7.230 7.245 7.262 7.280 7.296 7.312 7.328 7.348 7.371 7.397 7.428 7.463 7.503 7.551 7.606 7.669 7.738 7.793 7.850 7.922 7.995 8.064 8.131 8.197 8.263 8.333 8.406 8.447 8.488 8.552 8.610 8.662 8.708 8.750 8.786 8.812 8.828 8.837 8.847 8.861 8.876
6.516 6.524 6.533 6.543 6.554 6.566 6.579 6.594 6.611 6.630 6.650 6.672 6.695 6.719 6.744 6.771 6.797 6.823 6.850 6.876 6.904 6.931 6.958 6.985 7.011 7.037 7.061 7.085 7.106 7.126 7.143 7.158 7.172 7.185 7.199 7.213 7.229 7.246 7.265 7.284 7.302 7.318 7.335 7.358 7.383 7.411 7.445 7.483 7.528 7.581 7.640 7.710 7.783 7.837 7.894 7.967 8.039 8.109 8.175 8.239 8.302 8.375 8.447 8.484 8.522 8.583 8.636 8.685 8.728 8.767 8.802 8.823 8.835 8.843 8.853 8.866 8.880
6.523 6.531 6.539 6.548 6.558 6.569 6.582 6.596 6.612 6.630 6.649 6.670 6.692 6.715 6.739 6.765 6.790 6.816 6.841 6.868 6.894 6.921 6.948 6.974 7.001 7.026 7.051 7.075 7.098 7.118 7.136 7.152 7.167 7.181 7.196 7.212 7.229 7.248 7.268 7.288 7.307 7.325 7.345 7.370 7.397 7.428 7.466 7.509 7.558 7.615 7.681 7.756 7.827 7.881 7.938 8.011 8.084 8.153 8.219 8.283 8.349 8.420 8.486 8.520 8.556 8.612 8.661 8.706 8.746 8.782 8.812 8.830 8.842 8.850 8.858 8.871 8.885
6.530 6.538 6.546 6.554 6.564 6.575 6.586 6.600 6.615 6.632 6.650 6.670 6.691 6.713 6.737 6.762 6.786 6.811 6.836 6.862 6.888 6.914 6.940 6.967 6.993 7.019 7.044 7.068 7.091 7.112 7.130 7.147 7.163 7.178 7.194 7.211 7.230 7.250 7.271 7.292 7.312 7.333 7.357 7.384 7.414 7.449 7.491 7.539 7.593 7.655 7.725 7.800 7.871 7.925 7.981 8.055 8.129 8.198 8.264 8.330 8.397 8.463 8.522 8.554 8.588 8.638 8.684 8.725 8.762 8.793 8.818 8.836 8.848 8.856 8.863 8.876 8.890
6.537 6.545 6.553 6.561 6.571 6.581 6.592 6.605 6.619 6.635 6.652 6.671 6.692 6.714 6.737 6.761 6.785 6.809 6.833 6.858 6.884 6.910 6.936 6.962 6.988 7.013 7.038 7.063 7.086 7.107 7.126 7.144 7.160 7.176 7.193 7.211 7.231 7.252 7.274 7.296 7.319 7.343 7.371 7.401 7.435 7.475 7.521 7.573 7.631 7.697 7.769 7.844 7.915 7.968 8.024 8.100 8.174 8.244 8.312 8.378 8.443 8.504 8.558 8.587 8.617 8.664 8.705 8.743 8.775 8.802 8.824 8.841 8.854 8.862 8.869 8.882 8.896
6.545 6.553 6.561 6.569 6.578 6.587 6.598 6.610 6.624 6.639 6.656 6.674 6.694 6.716 6.738 6.762 6.785 6.809 6.833 6.858 6.883 6.908 6.933 6.959 6.985 7.010 7.035 7.060 7.083 7.104 7.124 7.142 7.159 7.176 7.194 7.212 7.232 7.254 7.277 7.301 7.327 7.355 7.387 7.421 7.459 7.503 7.554 7.611 7.672 7.740 7.812 7.887 7.959 8.012 8.068 8.144 8.219 8.291 8.359 8.424 8.487 8.543 8.591 8.618 8.646 8.687 8.724 8.758 8.786 8.810 8.830 8.846 8.860 8.867 8.874 8.888 8.903
6.554 6.562 6.569 6.577 6.586 6.595 6.605 6.617 6.630 6.644 6.661 6.678 6.698 6.719 6.741 6.764 6.787 6.810 6.834 6.858 6.883 6.908 6.933 6.959 6.984 7.010 7.034 7.059 7.082 7.104 7.124 7.142 7.159 7.176 7.194 7.213 7.233 7.257 7.281 7.308 7.337 7.370 7.406 7.444 7.486 7.535 7.590 7.650 7.713 7.781 7.854 7.929 8.003 8.056 8.112 8.189 8.265 8.337 8.405 8.469 8.527 8.579 8.623 8.647 8.672 8.708 8.741 8.771 8.796 8.817 8.836 8.852 8.866 8.873 8.880 8.895 8.910
6.563 6.570 6.578 6.586 6.594 6.603 6.613 6.624 6.636 6.650 6.666 6.683 6.702 6.723 6.745 6.768 6.790 6.813 6.837 6.861 6.885 6.910 6.935 6.961 6.986 7.011 7.036 7.060 7.084 7.106 7.126 7.143 7.160 7.177 7.195 7.214 7.235 7.260 7.286 7.315 7.349 7.387 7.428 7.469 7.514 7.568 7.628 7.689 7.754 7.822 7.894 7.971 8.047 8.101 8.157 8.236 8.311 8.382 8.449 8.510 8.566 8.613 8.652 8.673 8.696 8.728 8.757 8.783 8.805 8.824 8.842 8.857 8.872 8.879 8.886 8.902 8.917
6.572 6.580 6.587 6.595 6.603 6.612 6.621 6.632 6.644 6.657 6.672 6.689 6.708 6.728 6.750 6.772 6.795 6.817 6.841 6.865 6.889 6.914 6.939 6.964 6.989 7.014 7.039 7.064 7.087 7.109 7.129 7.146 7.162 7.179 7.198 7.216 7.238 7.264 7.293 7.326 7.364 7.406 7.451 7.496 7.544 7.602 7.664 7.728 7.793 7.861 7.935 8.013 8.091 8.145 8.201 8.281 8.355 8.425 8.489 8.548 8.600 8.643 8.678 8.697 8.717 8.745 8.771 8.794 8.814 8.831 8.848 8.863 8.878 8.885 8.893 8.909 8.924
6.582 6.589 6.597 6.605 6.613 6.621 6.630 6.640 6.652 6.665 6.680 6.696 6.714 6.734 6.756 6.778 6.800 6.822 6.846 6.870 6.894 6.919 6.944 6.969 6.994 7.020 7.045 7.069 7.093 7.114 7.134 7.150 7.166 7.183 7.201 7.220 7.243 7.270 7.301 7.338 7.380 7.426 7.475 7.522 7.574 7.634 7.699 7.765 7.830 7.899 7.974 8.052 8.133 8.188 8.245 8.323 8.396 8.464 8.526 8.583 8.632 8.672 8.703 8.720 8.737 8.762 8.785 8.806 8.823 8.839 8.854 8.869 8.884 8.891 8.899 8.915 8.931
6.592 6.600 6.607 6.615 6.623 6.631 6.640 6.650 6.661 6.673 6.687 6.703 6.721 6.741 6.762 6.784 6.806 6.829 6.852 6.876 6.901 6.925 6.950 6.976 7.001 7.026 7.051 7.076 7.099 7.121 7.140 7.156 7.170 7.187 7.206 7.225 7.249 7.277 7.311 7.352 7.397 7.447 7.500 7.550 7.603 7.667 7.733 7.801 7.868 7.938 8.012 8.093 8.179 8.234 8.289 8.367 8.438 8.503 8.563 8.617 8.664 8.700 8.727 8.741 8.756 8.778 8.798 8.816 8.832 8.847 8.861 8.875 8.891 8.898 8.906 8.922 8.939
