version1/TsunamiDB/out54167.asc
ncols          264
nrows          230
xllcorner      497853.4375
yllcorner      4229146.0000
cellsize         5.
NODATA_value   -99
[rows 34 to 67 of 230, columns 0 to 76 of 264]
5.444 5.456 5.468 5.479 5.491 5.502 5.513 5.523 5.534 5.545 5.555 5.565 5.575 5.586 5.595 5.603 5.612 5.620 5.628 5.637 5.645 5.653 5.661 5.669 5.677 5.685 5.693 5.701 5.708 5.716 5.724 5.731 5.739 5.747 5.755 5.763 5.772 5.780 5.787 5.794 5.801 5.808 5.815 5.822 5.830 5.837 5.845 5.852 5.860 5.868 5.875 5.883 5.891 5.898 5.906 5.914 5.922 5.930 5.938 5.946 5.955 5.962 5.970 5.977 5.985 5.992 6.000 6.008 6.016 6.024 6.032 6.040 6.049 6.057 6.066 6.074 6.083
5.455 5.467 5.479 5.490 5.502 5.513 5.524 5.535 5.546 5.557 5.567 5.577 5.588 5.598 5.608 5.616 5.625 5.633 5.642 5.650 5.659 5.667 5.675 5.683 5.691 5.699 5.706 5.714 5.722 5.729 5.737 5.744 5.752 5.759 5.767 5.775 5.783 5.790 5.797 5.804 5.810 5.817 5.824 5.831 5.838 5.845 5.853 5.860 5.867 5.875 5.882 5.889 5.897 5.904 5.912 5.919 5.927 5.935 5.943 5.951 5.959 5.966 5.973 5.981 5.988 5.995 6.003 6.010 6.018 6.025 6.033 6.041 6.049 6.057 6.066 6.074 6.082
5.465 5.477 5.489 5.501 5.512 5.524 5.535 5.546 5.557 5.568 5.579 5.589 5.600 5.610 5.620 5.629 5.638 5.647 5.655 5.664 5.672 5.680 5.689 5.697 5.705 5.713 5.720 5.728 5.735 5.743 5.750 5.758 5.765 5.772 5.780 5.787 5.795 5.802 5.808 5.815 5.821 5.828 5.834 5.841 5.848 5.854 5.861 5.868 5.875 5.882 5.889 5.896 5.904 5.911 5.918 5.925 5.933 5.940 5.948 5.956 5.964 5.971 5.978 5.985 5.991 5.999 6.006 6.013 6.020 6.028 6.035 6.043 6.050 6.058 6.066 6.074 6.082
5.475 5.487 5.499 5.511 5.522 5.534 5.545 5.556 5.568 5.579 5.590 5.600 5.611 5.622 5.632 5.641 5.650 5.659 5.668 5.677 5.685 5.694 5.702 5.711 5.719 5.727 5.734 5.742 5.750 5.757 5.764 5.772 5.779 5.786 5.793 5.800 5.808 5.814 5.821 5.827 5.833 5.839 5.845 5.851 5.858 5.864 5.871 5.877 5.884 5.891 5.898 5.904 5.911 5.918 5.925 5.932 5.939 5.946 5.954 5.962 5.969 5.976 5.982 5.989 5.996 6.002 6.009 6.016 6.023 6.030 6.038 6.045 6.052 6.060 6.067 6.075 6.083
5.484 5.496 5.508 5.520 5.532 5.544 5.555 5.566 5.578 5.589 5.600 5.611 5.622 5.633 5.643 5.653 5.662 5.671 5.680 5.689 5.698 5.707 5.716 5.724 5.732 5.740 5.748 5.756 5.764 5.771 5.779 5.786 5.793 5.800 5.807 5.814 5.821 5.828 5.834 5.840 5.845 5.851 5.857 5.863 5.869 5.875 5.881 5.888 5.894 5.900 5.907 5.913 5.920 5.926 5.933 5.940 5.946 5.953 5.961 5.968 5.975 5.981 5.988 5.994 6.001 6.007 6.014 6.020 6.027 6.034 6.041 6.048 6.055 6.062 6.069 6.077 6.084
5.493 5.505 5.517 5.529 5.541 5.553 5.565 5.576 5.587 5.599 5.610 5.621 5.632 5.644 5.654 5.664 5.673 5.682 5.692 5.701 5.710 5.719 5.728 5.737 5.745 5.754 5.762 5.770 5.778 5.785 5.793 5.800 5.807 5.814 5.821 5.828 5.836 5.842 5.848 5.853 5.859 5.864 5.870 5.876 5.881 5.887 5.893 5.899 5.905 5.911 5.917 5.923 5.929 5.935 5.942 5.948 5.955 5.961 5.968 5.975 5.982 5.988 5.994 6.000 6.006 6.012 6.019 6.025 6.031 6.038 6.045 6.051 6.058 6.065 6.072 6.079 6.086
5.502 5.514 5.526 5.538 5.550 5.562 5.574 5.585 5.597 5.608 5.620 5.631 5.642 5.653 5.664 5.674 5.683 5.693 5.703 5.712 5.722 5.731 5.740 5.749 5.758 5.767 5.775 5.783 5.791 5.799 5.807 5.814 5.822 5.829 5.836 5.843 5.850 5.857 5.862 5.868 5.873 5.878 5.884 5.889 5.895 5.900 5.906 5.911 5.917 5.922 5.928 5.934 5.940 5.946 5.952 5.958 5.964 5.970 5.976 5.983 5.989 5.995 6.001 6.007 6.012 6.018 6.024 6.030 6.036 6.043 6.049 6.056 6.062 6.069 6.075 6.082 6.089
5.511 5.523 5.535 5.547 5.559 5.571 5.583 5.594 5.606 5.617 5.629 5.640 5.651 5.663 5.674 5.684 5.693 5.703 5.713 5.723 5.732 5.742 5.751 5.761 5.770 5.779 5.787 5.796 5.804 5.812 5.820 5.828 5.836 5.843 5.850 5.857 5.865 5.871 5.877 5.882 5.888 5.893 5.898 5.903 5.909 5.914 5.919 5.924 5.930 5.935 5.940 5.946 5.951 5.957 5.962 5.968 5.974 5.979 5.986 5.992 5.998 6.003 6.009 6.014 6.019 6.025 6.031 6.036 6.042 6.048 6.054 6.060 6.067 6.073 6.079 6.086 6.093
5.520 5.532 5.544 5.556 5.568 5.579 5.591 5.603 5.614 5.626 5.637 5.649 5.660 5.672 5.683 5.693 5.703 5.713 5.723 5.732 5.742 5.752 5.762 5.771 5.781 5.790 5.799 5.808 5.817 5.825 5.833 5.841 5.849 5.857 5.864 5.872 5.879 5.886 5.892 5.897 5.903 5.908 5.913 5.918 5.923 5.928 5.934 5.939 5.944 5.949 5.954 5.959 5.964 5.969 5.974 5.979 5.985 5.990 5.996 6.002 6.007 6.012 6.017 6.022 6.028 6.033 6.038 6.043 6.049 6.055 6.060 6.066 6.072 6.078 6.084 6.090 6.097
5.529 5.541 5.553 5.565 5.576 5.588 5.600 5.611 5.623 5.634 5.646 5.658 5.669 5.681 5.692 5.702 5.712 5.722 5.732 5.742 5.752 5.762 5.772 5.782 5.791 5.801 5.810 5.819 5.828 5.837 5.845 5.854 5.862 5.870 5.878 5.885 5.893 5.900 5.906 5.912 5.917 5.923 5.928 5.933 5.938 5.943 5.948 5.953 5.958 5.963 5.968 5.973 5.978 5.982 5.987 5.992 5.997 6.002 6.007 6.013 6.018 6.023 6.027 6.032 6.037 6.041 6.046 6.051 6.056 6.062 6.067 6.073 6.078 6.084 6.090 6.096 6.102
5.538 5.550 5.561 5.573 5.585 5.596 5.608 5.620 5.631 5.643 5.654 5.666 5.678 5.689 5.700 5.710 5.720 5.730 5.740 5.751 5.761 5.771 5.781 5.791 5.801 5.811 5.820 5.830 5.839 5.848 5.857 5.865 5.874 5.882 5.890 5.898 5.906 5.914 5.920 5.926 5.932 5.937 5.943 5.948 5.953 5.959 5.964 5.969 5.973 5.978 5.983 5.987 5.992 5.997 6.001 6.006 6.010 6.015 6.020 6.025 6.030 6.034 6.038 6.042 6.047 6.051 6.056 6.060 6.065 6.070 6.075 6.080 6.085 6.091 6.096 6.102 6.107
5.546 5.558 5.570 5.582 5.593 5.605 5.616 5.628 5.639 5.651 5.663 5.674 5.686 5.697 5.708 5.718 5.728 5.739 5.749 5.759 5.769 5.780 5.790 5.800 5.810 5.820 5.830 5.839 5.849 5.858 5.867 5.876 5.885 5.894 5.902 5.911 5.919 5.927 5.933 5.939 5.946 5.951 5.957 5.963 5.968 5.974 5.979 5.984 5.989 5.993 5.998 6.003 6.007 6.012 6.016 6.020 6.025 6.029 6.034 6.038 6.043 6.047 6.050 6.054 6.058 6.062 6.066 6.070 6.075 6.079 6.084 6.088 6.093 6.098 6.104 6.109 6.114
5.555 5.567 5.579 5.590 5.602 5.613 5.625 5.636 5.648 5.659 5.671 5.682 5.694 5.706 5.716 5.726 5.736 5.747 5.757 5.767 5.778 5.788 5.798 5.809 5.819 5.829 5.839 5.849 5.858 5.868 5.877 5.886 5.895 5.904 5.913 5.922 5.931 5.939 5.946 5.952 5.959 5.965 5.971 5.977 5.983 5.988 5.994 5.999 6.004 6.009 6.013 6.018 6.023 6.027 6.031 6.035 6.040 6.044 6.048 6.053 6.057 6.060 6.064 6.067 6.071 6.074 6.078 6.082 6.085 6.089 6.094 6.098 6.103 6.107 6.112 6.117 6.122
5.564 5.576 5.587 5.599 5.610 5.622 5.633 5.644 5.656 5.667 5.679 5.690 5.702 5.713 5.724 5.734 5.744 5.754 5.765 5.775 5.785 5.796 5.806 5.817 5.827 5.837 5.847 5.857 5.867 5.877 5.886 5.896 5.905 5.914 5.923 5.933 5.942 5.950 5.957 5.964 5.971 5.977 5.984 5.990 5.996 6.002 6.008 6.013 6.019 6.024 6.029 6.033 6.038 6.042 6.047 6.051 6.055 6.059 6.063 6.068 6.072 6.075 6.078 6.081 6.084 6.087 6.091 6.094 6.097 6.101 6.105 6.109 6.113 6.117 6.121 6.126 6.130
5.573 5.584 5.596 5.607 5.618 5.630 5.641 5.652 5.664 5.675 5.687 5.698 5.710 5.721 5.731 5.741 5.751 5.762 5.772 5.783 5.793 5.803 5.814 5.824 5.835 5.845 5.855 5.865 5.875 5.885 5.895 5.904 5.914 5.923 5.933 5.942 5.952 5.960 5.968 5.975 5.982 5.989 5.996 6.003 6.009 6.015 6.021 6.027 6.033 6.038 6.043 6.048 6.053 6.058 6.062 6.066 6.071 6.075 6.079 6.083 6.087 6.090 6.093 6.096 6.099 6.101 6.104 6.107 6.111 6.114 6.117 6.121 6.124 6.128 6.132 6.136 6.140
5.582 5.593 5.604 5.616 5.627 5.638 5.649 5.661 5.672 5.683 5.694 5.706 5.717 5.728 5.738 5.749 5.759 5.769 5.779 5.790 5.800 5.811 5.821 5.832 5.842 5.852 5.863 5.873 5.883 5.893 5.903 5.913 5.922 5.932 5.942 5.952 5.961 5.969 5.977 5.985 5.993 6.000 6.007 6.014 6.021 6.028 6.034 6.040 6.046 6.052 6.057 6.063 6.068 6.073 6.077 6.082 6.086 6.090 6.095 6.099 6.103 6.106 6.109 6.111 6.114 6.117 6.119 6.122 6.125 6.128 6.131 6.134 6.137 6.140 6.144 6.147 6.151
5.591 5.602 5.613 5.624 5.635 5.646 5.657 5.669 5.680 5.691 5.702 5.713 5.725 5.736 5.746 5.756 5.766 5.776 5.786 5.797 5.807 5.818 5.828 5.839 5.849 5.859 5.870 5.880 5.890 5.900 5.910 5.920 5.930 5.940 5.950 5.960 5.970 5.978 5.986 5.994 6.002 6.010 6.017 6.025 6.032 6.039 6.046 6.052 6.059 6.065 6.071 6.076 6.082 6.087 6.092 6.096 6.101 6.106 6.110 6.115 6.119 6.121 6.124 6.127 6.130 6.132 6.135 6.137 6.140 6.142 6.145 6.148 6.151 6.153 6.157 6.160 6.163
5.599 5.610 5.622 5.633 5.644 5.655 5.666 5.677 5.688 5.699 5.710 5.721 5.732 5.743 5.753 5.763 5.773 5.783 5.793 5.804 5.814 5.824 5.835 5.845 5.856 5.866 5.876 5.887 5.897 5.907 5.917 5.927 5.937 5.947 5.957 5.968 5.977 5.986 5.995 6.003 6.011 6.019 6.027 6.034 6.042 6.049 6.056 6.063 6.070 6.077 6.083 6.089 6.095 6.100 6.105 6.110 6.115 6.120 6.125 6.130 6.134 6.137 6.140 6.143 6.145 6.148 6.150 6.153 6.155 6.158 6.160 6.163 6.165 6.168 6.170 6.173 6.176
5.608 5.619 5.630 5.641 5.652 5.663 5.674 5.684 5.695 5.706 5.717 5.728 5.739 5.750 5.760 5.770 5.780 5.790 5.800 5.810 5.821 5.831 5.841 5.852 5.862 5.872 5.883 5.893 5.903 5.914 5.924 5.934 5.944 5.954 5.964 5.975 5.984 5.993 6.002 6.011 6.019 6.027 6.035 6.043 6.051 6.059 6.066 6.073 6.080 6.087 6.094 6.100 6.107 6.112 6.118 6.124 6.129 6.134 6.140 6.145 6.148 6.152 6.155 6.158 6.161 6.164 6.166 6.169 6.171 6.173 6.176 6.178 6.181 6.183 6.185 6.188 6.190
5.617 5.628 5.639 5.649 5.660 5.671 5.682 5.692 5.703 5.714 5.725 5.735 5.747 5.757 5.767 5.777 5.787 5.797 5.807 5.817 5.827 5.837 5.848 5.858 5.868 5.879 5.889 5.899 5.910 5.920 5.930 5.940 5.950 5.961 5.971 5.981 5.991 6.000 6.009 6.018 6.026 6.035 6.043 6.051 6.059 6.067 6.075 6.083 6.090 6.097 6.104 6.111 6.117 6.124 6.130 6.136 6.141 6.147 6.153 6.158 6.162 6.166 6.170 6.173 6.176 6.179 6.182 6.184 6.187 6.189 6.192 6.194 6.196 6.198 6.201 6.203 6.205
5.625 5.636 5.647 5.658 5.668 5.679 5.689 5.700 5.711 5.721 5.732 5.743 5.754 5.764 5.774 5.783 5.793 5.803 5.813 5.823 5.833 5.843 5.854 5.864 5.874 5.885 5.895 5.905 5.915 5.926 5.936 5.946 5.956 5.966 5.977 5.987 5.997 6.006 6.015 6.024 6.033 6.042 6.050 6.058 6.067 6.075 6.083 6.091 6.099 6.106 6.113 6.120 6.127 6.134 6.141 6.147 6.153 6.159 6.165 6.171 6.175 6.179 6.183 6.187 6.190 6.194 6.197 6.199 6.202 6.205 6.207 6.210 6.212 6.214 6.216 6.219 6.221
5.634 5.644 5.655 5.666 5.676 5.687 5.697 5.708 5.718 5.729 5.739 5.750 5.761 5.771 5.780 5.790 5.800 5.809 5.819 5.829 5.839 5.849 5.860 5.870 5.880 5.890 5.900 5.911 5.921 5.931 5.941 5.952 5.962 5.972 5.982 5.993 6.003 6.012 6.021 6.030 6.039 6.048 6.056 6.065 6.073 6.082 6.090 6.098 6.106 6.114 6.122 6.129 6.136 6.143 6.150 6.157 6.163 6.170 6.176 6.182 6.187 6.192 6.196 6.200 6.204 6.207 6.211 6.214 6.217 6.220 6.222 6.225 6.227 6.230 6.232 6.234 6.236
5.642 5.653 5.663 5.674 5.684 5.694 5.705 5.715 5.726 5.736 5.746 5.757 5.768 5.778 5.787 5.796 5.806 5.816 5.825 5.835 5.845 5.855 5.865 5.875 5.885 5.896 5.906 5.916 5.926 5.936 5.946 5.957 5.967 5.977 5.987 5.998 6.008 6.017 6.026 6.036 6.044 6.053 6.062 6.071 6.080 6.088 6.097 6.105 6.113 6.121 6.129 6.137 6.144 6.152 6.159 6.166 6.173 6.179 6.186 6.192 6.198 6.203 6.207 6.212 6.216 6.220 6.224 6.227 6.230 6.234 6.237 6.240 6.242 6.245 6.247 6.250 6.252
5.650 5.661 5.671 5.681 5.692 5.702 5.712 5.723 5.733 5.743 5.753 5.764 5.774 5.784 5.794 5.803 5.812 5.822 5.831 5.841 5.851 5.861 5.871 5.881 5.891 5.901 5.911 5.921 5.931 5.941 5.951 5.962 5.972 5.982 5.992 6.003 6.013 6.022 6.031 6.040 6.050 6.058 6.067 6.076 6.085 6.094 6.102 6.111 6.119 6.128 6.136 6.144 6.151 6.159 6.166 6.174 6.181 6.188 6.195 6.202 6.207 6.213 6.218 6.223 6.227 6.231 6.235 6.239 6.243 6.247 6.250 6.253 6.256 6.259 6.262 6.264 6.267
5.658 5.668 5.679 5.689 5.699 5.710 5.720 5.730 5.740 5.750 5.760 5.771 5.781 5.791 5.800 5.809 5.818 5.828 5.837 5.847 5.857 5.866 5.876 5.886 5.896 5.906 5.916 5.926 5.936 5.946 5.956 5.966 5.976 5.986 5.997 6.007 6.017 6.027 6.036 6.045 6.054 6.063 6.072 6.081 6.090 6.099 6.108 6.116 6.125 6.133 6.142 6.150 6.158 6.166 6.173 6.181 6.188 6.196 6.203 6.210 6.216 6.222 6.227 6.232 6.237 6.242 6.246 6.250 6.255 6.258 6.262 6.266 6.269 6.272 6.276 6.278 6.281
5.665 5.676 5.686 5.697 5.707 5.717 5.727 5.737 5.747 5.757 5.767 5.778 5.788 5.798 5.807 5.815 5.825 5.834 5.843 5.853 5.862 5.872 5.882 5.891 5.901 5.911 5.921 5.931 5.941 5.951 5.961 5.971 5.981 5.991 6.001 6.012 6.022 6.031 6.040 6.049 6.058 6.067 6.076 6.085 6.094 6.103 6.112 6.121 6.130 6.138 6.147 6.155 6.163 6.171 6.179 6.187 6.195 6.202 6.210 6.217 6.224 6.230 6.235 6.241 6.246 6.251 6.256 6.260 6.265 6.269 6.273 6.277 6.281 6.285 6.288 6.291 6.294
5.673 5.683 5.694 5.704 5.714 5.724 5.734 5.744 5.754 5.764 5.774 5.784 5.795 5.804 5.813 5.822 5.831 5.840 5.849 5.858 5.868 5.877 5.887 5.897 5.906 5.916 5.926 5.935 5.945 5.955 5.965 5.975 5.985 5.995 6.005 6.016 6.026 6.035 6.044 6.053 6.062 6.071 6.080 6.089 6.098 6.107 6.116 6.125 6.134 6.143 6.152 6.160 6.168 6.177 6.185 6.193 6.201 6.208 6.216 6.224 6.230 6.237 6.243 6.248 6.254 6.259 6.264 6.269 6.274 6.279 6.283 6.287 6.292 6.296 6.299 6.303 6.306
5.680 5.690 5.701 5.711 5.721 5.731 5.741 5.751 5.761 5.771 5.781 5.791 5.801 5.811 5.819 5.828 5.837 5.846 5.855 5.864 5.873 5.883 5.892 5.902 5.911 5.921 5.930 5.940 5.950 5.959 5.969 5.979 5.989 5.999 6.009 6.019 6.029 6.039 6.048 6.057 6.066 6.075 6.084 6.093 6.102 6.111 6.120 6.129 6.138 6.147 6.156 6.164 6.173 6.181 6.189 6.198 6.206 6.214 6.222 6.229 6.236 6.243 6.249 6.255 6.261 6.266 6.272 6.277 6.282 6.287 6.292 6.297 6.301 6.305 6.310 6.314 6.317
5.687 5.697 5.708 5.718 5.728 5.738 5.748 5.758 5.768 5.778 5.788 5.798 5.808 5.817 5.825 5.834 5.843 5.852 5.861 5.870 5.879 5.888 5.897 5.907 5.916 5.926 5.935 5.944 5.954 5.964 5.973 5.983 5.993 6.003 6.013 6.023 6.033 6.042 6.051 6.060 6.069 6.078 6.087 6.096 6.106 6.115 6.124 6.133 6.142 6.151 6.159 6.168 6.177 6.185 6.194 6.202 6.210 6.218 6.227 6.234 6.241 6.248 6.255 6.261 6.267 6.273 6.278 6.284 6.289 6.295 6.300 6.305 6.309 6.314 6.319 6.323 6.327
5.694 5.704 5.714 5.725 5.735 5.745 5.755 5.765 5.774 5.784 5.794 5.805 5.814 5.823 5.831 5.840 5.849 5.857 5.866 5.875 5.884 5.893 5.903 5.912 5.921 5.930 5.940 5.949 5.958 5.968 5.977 5.987 5.997 6.007 6.017 6.027 6.036 6.045 6.054 6.063 6.072 6.081 6.091 6.100 6.109 6.118 6.127 6.136 6.145 6.154 6.163 6.172 6.180 6.189 6.197 6.206 6.214 6.223 6.231 6.239 6.246 6.253 6.260 6.266 6.272 6.278 6.284 6.290 6.296 6.301 6.307 6.312 6.317 6.322 6.327 6.331 6.336
5.701 5.711 5.721 5.731 5.741 5.751 5.761 5.771 5.781 5.791 5.801 5.811 5.821 5.829 5.838 5.846 5.855 5.863 5.872 5.881 5.890 5.899 5.908 5.917 5.926 5.935 5.944 5.954 5.963 5.972 5.982 5.991 6.001 6.010 6.020 6.030 6.040 6.049 6.058 6.067 6.076 6.085 6.094 6.103 6.112 6.121 6.130 6.139 6.148 6.157 6.166 6.175 6.183 6.192 6.201 6.209 6.218 6.226 6.235 6.243 6.250 6.257 6.264 6.271 6.277 6.283 6.289 6.295 6.301 6.307 6.313 6.318 6.323 6.329 6.334 6.339 6.343
5.707 5.718 5.728 5.738 5.748 5.758 5.768 5.778 5.788 5.797 5.807 5.817 5.827 5.835 5.844 5.852 5.861 5.869 5.878 5.887 5.895 5.904 5.913 5.922 5.931 5.940 5.949 5.958 5.967 5.976 5.986 5.995 6.004 6.014 6.024 6.034 6.043 6.052 6.061 6.070 6.079 6.088 6.097 6.106 6.115 6.124 6.133 6.142 6.151 6.160 6.169 6.178 6.186 6.195 6.204 6.212 6.221 6.230 6.238 6.246 6.254 6.261 6.268 6.275 6.281 6.288 6.294 6.300 6.306 6.312 6.318 6.324 6.329 6.335 6.340 6.345 6.350
5.714 5.724 5.735 5.745 5.755 5.765 5.774 5.784 5.794 5.804 5.814 5.824 5.833 5.841 5.850 5.858 5.867 5.875 5.884 5.892 5.901 5.910 5.918 5.927 5.936 5.945 5.954 5.963 5.972 5.981 5.990 5.999 6.008 6.018 6.028 6.038 6.047 6.055 6.064 6.073 6.082 6.090 6.099 6.108 6.117 6.126 6.135 6.144 6.153 6.162 6.171 6.180 6.189 6.198 6.207 6.215 6.224 6.233 6.242 6.250 6.257 6.264 6.271 6.278 6.285 6.292 6.298 6.304 6.311 6.317 6.323 6.329 6.334 6.340 6.346 6.351 6.356
5.721 5.731 5.741 5.751 5.761 5.771 5.781 5.791 5.801 5.810 5.820 5.830 5.839 5.847 5.856 5.864 5.873 5.881 5.889 5.898 5.907 5.915 5.924 5.932 5.941 5.950 5.959 5.967 5.976 5.985 5.994 6.003 6.012 6.022 6.032 6.041 6.050 6.059 6.067 6.076 6.085 6.093 6.102 6.111 6.120 6.129 6.138 6.147 6.156 6.165 6.174 6.183 6.192 6.200 6.209 6.218 6.227 6.236 6.245 6.253 6.260 6.268 6.275 6.282 6.289 6.295 6.302 6.308 6.315 6.321 6.327 6.333 6.339 6.345 6.350 6.356 6.361
