version1/TsunamiDB/out54132.asc
ncols          264
nrows          230
xllcorner      497853.4375
yllcorner      4229146.0000
cellsize         5.
NODATA_value   -99
[rows 34 to 67 of 230, columns 154 to 230 of 264]
6.435 6.442 6.449 6.455 6.462 6.468 6.474 6.480 6.486 6.492 6.497 6.503 6.508 6.513 6.518 6.523 6.527 6.532 6.536 6.540 6.545 6.549 6.552 6.555 6.557 6.560 6.563 6.565 6.568 6.570 6.573 6.576 6.578 6.581 6.584 6.588 6.591 6.595 6.599 6.603 6.607 6.611 6.616 6.621 6.625 6.630 6.634 6.638 6.642 6.646 6.650 6.654 6.658 6.662 6.666 6.669 6.673 6.676 6.679 6.682 6.685 6.688 6.691 6.693 6.696 6.698 6.700 6.701 6.701 6.700 6.698 6.694 6.689 6.682 6.675 6.668 6.662
6.439 6.446 6.453 6.460 6.466 6.473 6.479 6.485 6.491 6.497 6.502 6.508 6.513 6.518 6.523 6.527 6.532 6.536 6.541 6.545 6.549 6.553 6.556 6.559 6.562 6.565 6.567 6.569 6.572 6.574 6.577 6.579 6.582 6.585 6.588 6.591 6.594 6.598 6.601 6.605 6.609 6.613 6.618 6.622 6.627 6.631 6.635 6.639 6.644 6.648 6.652 6.655 6.659 6.663 6.667 6.670 6.674 6.677 6.681 6.684 6.687 6.690 6.692 6.695 6.697 6.699 6.701 6.703 6.702 6.701 6.698 6.694 6.687 6.680 6.672 6.664 6.657
6.444 6.451 6.458 6.464 6.471 6.477 6.484 6.490 6.496 6.501 6.507 6.513 6.518 6.523 6.528 6.533 6.537 6.542 6.546 6.550 6.554 6.558 6.561 6.564 6.567 6.569 6.572 6.574 6.576 6.578 6.581 6.583 6.586 6.588 6.591 6.594 6.597 6.601 6.604 6.608 6.611 6.615 6.620 6.625 6.629 6.633 6.637 6.641 6.645 6.649 6.653 6.657 6.661 6.665 6.668 6.672 6.676 6.679 6.682 6.686 6.689 6.691 6.694 6.697 6.699 6.701 6.703 6.704 6.704 6.702 6.698 6.693 6.685 6.677 6.668 6.660 6.652
6.448 6.455 6.462 6.469 6.476 6.482 6.488 6.495 6.501 6.507 6.512 6.518 6.523 6.528 6.533 6.538 6.543 6.547 6.551 6.555 6.560 6.564 6.567 6.569 6.572 6.574 6.577 6.579 6.581 6.583 6.585 6.588 6.590 6.592 6.595 6.598 6.601 6.604 6.607 6.611 6.614 6.618 6.622 6.627 6.631 6.635 6.639 6.643 6.647 6.651 6.655 6.659 6.663 6.667 6.670 6.674 6.677 6.681 6.684 6.687 6.690 6.693 6.696 6.698 6.701 6.703 6.705 6.705 6.705 6.702 6.698 6.692 6.684 6.675 6.665 6.655 6.647
6.453 6.460 6.467 6.474 6.480 6.487 6.493 6.500 6.506 6.512 6.517 6.523 6.528 6.534 6.539 6.543 6.548 6.552 6.557 6.561 6.565 6.569 6.572 6.575 6.577 6.580 6.582 6.584 6.586 6.588 6.590 6.592 6.595 6.597 6.599 6.602 6.605 6.608 6.611 6.614 6.618 6.621 6.625 6.630 6.634 6.638 6.642 6.646 6.649 6.653 6.657 6.661 6.665 6.669 6.672 6.676 6.680 6.683 6.686 6.690 6.693 6.695 6.698 6.700 6.703 6.705 6.706 6.707 6.706 6.703 6.698 6.691 6.682 6.672 6.662 6.652 6.643
6.457 6.464 6.471 6.478 6.485 6.492 6.498 6.504 6.511 6.517 6.523 6.528 6.534 6.539 6.544 6.549 6.554 6.558 6.562 6.567 6.571 6.575 6.578 6.581 6.583 6.585 6.587 6.590 6.591 6.593 6.595 6.597 6.599 6.602 6.604 6.606 6.609 6.612 6.615 6.618 6.621 6.625 6.629 6.633 6.637 6.641 6.645 6.648 6.652 6.656 6.660 6.663 6.667 6.671 6.675 6.678 6.682 6.685 6.689 6.692 6.695 6.698 6.700 6.702 6.705 6.707 6.708 6.708 6.707 6.704 6.698 6.690 6.681 6.670 6.659 6.648 6.640
6.461 6.468 6.475 6.482 6.489 6.496 6.503 6.509 6.516 6.522 6.528 6.533 6.539 6.544 6.550 6.555 6.559 6.564 6.568 6.573 6.577 6.581 6.584 6.586 6.589 6.591 6.593 6.595 6.597 6.599 6.601 6.603 6.605 6.607 6.609 6.611 6.614 6.616 6.619 6.622 6.625 6.629 6.632 6.637 6.641 6.644 6.648 6.651 6.655 6.659 6.662 6.666 6.670 6.674 6.677 6.681 6.684 6.688 6.691 6.694 6.697 6.700 6.702 6.705 6.707 6.709 6.710 6.709 6.708 6.704 6.698 6.690 6.679 6.668 6.656 6.645 6.636
6.465 6.472 6.480 6.487 6.494 6.500 6.507 6.514 6.520 6.527 6.533 6.539 6.544 6.550 6.555 6.560 6.565 6.570 6.574 6.578 6.583 6.587 6.590 6.592 6.595 6.597 6.599 6.601 6.603 6.605 6.607 6.608 6.610 6.612 6.614 6.616 6.619 6.621 6.624 6.626 6.630 6.633 6.637 6.641 6.644 6.648 6.651 6.655 6.658 6.662 6.666 6.669 6.673 6.676 6.680 6.684 6.687 6.691 6.694 6.697 6.700 6.703 6.705 6.707 6.709 6.711 6.712 6.711 6.709 6.705 6.699 6.690 6.678 6.666 6.654 6.642 6.632
6.469 6.476 6.484 6.491 6.498 6.505 6.512 6.518 6.525 6.531 6.537 6.544 6.549 6.555 6.560 6.565 6.570 6.575 6.580 6.584 6.589 6.593 6.596 6.599 6.601 6.603 6.605 6.607 6.609 6.611 6.613 6.614 6.616 6.618 6.620 6.622 6.624 6.626 6.629 6.631 6.634 6.637 6.641 6.645 6.648 6.652 6.655 6.658 6.662 6.665 6.669 6.672 6.676 6.680 6.683 6.687 6.690 6.694 6.697 6.700 6.703 6.705 6.708 6.710 6.712 6.713 6.714 6.713 6.711 6.706 6.699 6.689 6.677 6.664 6.651 6.639 6.630
6.473 6.480 6.487 6.495 6.502 6.509 6.516 6.523 6.529 6.536 6.542 6.548 6.554 6.560 6.566 6.571 6.576 6.581 6.586 6.590 6.595 6.599 6.602 6.605 6.607 6.610 6.612 6.614 6.615 6.617 6.619 6.620 6.622 6.624 6.626 6.627 6.629 6.632 6.634 6.636 6.639 6.642 6.646 6.650 6.653 6.656 6.659 6.662 6.666 6.669 6.673 6.676 6.680 6.683 6.687 6.690 6.693 6.697 6.700 6.703 6.706 6.708 6.710 6.712 6.714 6.715 6.716 6.715 6.712 6.708 6.700 6.689 6.676 6.663 6.649 6.637 6.628
6.476 6.484 6.491 6.498 6.506 6.513 6.520 6.527 6.534 6.540 6.547 6.553 6.559 6.565 6.571 6.576 6.581 6.586 6.591 6.596 6.601 6.605 6.608 6.611 6.613 6.616 6.618 6.620 6.622 6.623 6.625 6.627 6.628 6.630 6.632 6.633 6.635 6.637 6.640 6.642 6.645 6.648 6.651 6.655 6.658 6.661 6.664 6.667 6.670 6.673 6.677 6.680 6.684 6.687 6.690 6.694 6.697 6.700 6.703 6.706 6.709 6.711 6.714 6.715 6.717 6.718 6.718 6.717 6.714 6.709 6.701 6.690 6.676 6.662 6.648 6.635 6.627
6.480 6.487 6.495 6.502 6.509 6.516 6.524 6.531 6.538 6.544 6.551 6.557 6.564 6.570 6.576 6.581 6.586 6.592 6.597 6.602 6.607 6.611 6.614 6.617 6.620 6.622 6.624 6.626 6.628 6.630 6.631 6.633 6.635 6.636 6.638 6.640 6.641 6.643 6.646 6.648 6.650 6.653 6.657 6.660 6.663 6.666 6.669 6.672 6.675 6.678 6.681 6.684 6.688 6.691 6.694 6.698 6.701 6.704 6.707 6.710 6.712 6.715 6.717 6.718 6.720 6.721 6.721 6.719 6.716 6.711 6.703 6.691 6.676 6.661 6.647 6.635 6.627
6.484 6.491 6.498 6.506 6.513 6.520 6.527 6.534 6.541 6.548 6.555 6.562 6.568 6.574 6.580 6.586 6.592 6.597 6.602 6.608 6.612 6.616 6.620 6.623 6.626 6.628 6.631 6.633 6.635 6.636 6.638 6.640 6.641 6.643 6.644 6.646 6.648 6.650 6.652 6.654 6.656 6.659 6.662 6.666 6.668 6.671 6.674 6.677 6.680 6.683 6.686 6.689 6.692 6.696 6.699 6.702 6.705 6.708 6.711 6.714 6.716 6.718 6.720 6.722 6.723 6.724 6.723 6.722 6.719 6.713 6.705 6.692 6.676 6.662 6.648 6.636 6.630
6.487 6.494 6.502 6.509 6.516 6.524 6.531 6.538 6.545 6.552 6.559 6.566 6.572 6.579 6.585 6.591 6.596 6.602 6.607 6.613 6.618 6.622 6.626 6.629 6.632 6.635 6.637 6.639 6.641 6.643 6.645 6.646 6.648 6.649 6.651 6.653 6.654 6.656 6.658 6.660 6.663 6.665 6.669 6.672 6.674 6.677 6.680 6.682 6.685 6.688 6.691 6.694 6.697 6.700 6.704 6.707 6.710 6.713 6.715 6.718 6.720 6.722 6.724 6.725 6.726 6.727 6.727 6.725 6.722 6.716 6.707 6.694 6.678 6.664 6.650 6.639 6.635
6.491 6.498 6.505 6.513 6.520 6.527 6.535 6.542 6.549 6.556 6.563 6.570 6.576 6.583 6.589 6.595 6.601 6.607 6.613 6.618 6.623 6.628 6.631 6.635 6.638 6.641 6.643 6.646 6.648 6.650 6.651 6.653 6.655 6.656 6.658 6.659 6.661 6.663 6.665 6.667 6.669 6.672 6.675 6.678 6.680 6.683 6.685 6.688 6.691 6.694 6.697 6.700 6.703 6.706 6.709 6.712 6.715 6.717 6.720 6.722 6.725 6.727 6.728 6.729 6.730 6.731 6.730 6.728 6.725 6.719 6.710 6.697 6.681 6.667 6.655 6.645 6.643
6.495 6.502 6.509 6.516 6.523 6.531 6.538 6.545 6.553 6.560 6.567 6.574 6.581 6.587 6.594 6.600 6.606 6.612 6.618 6.623 6.629 6.633 6.637 6.641 6.644 6.647 6.650 6.652 6.654 6.656 6.658 6.660 6.661 6.663 6.665 6.666 6.668 6.670 6.672 6.674 6.676 6.678 6.681 6.684 6.687 6.689 6.692 6.694 6.697 6.700 6.703 6.705 6.708 6.711 6.714 6.717 6.720 6.722 6.725 6.727 6.729 6.731 6.733 6.734 6.735 6.735 6.734 6.732 6.729 6.724 6.714 6.701 6.686 6.673 6.662 6.654 6.655
6.499 6.506 6.513 6.520 6.527 6.534 6.542 6.549 6.556 6.563 6.571 6.578 6.584 6.591 6.598 6.604 6.610 6.616 6.622 6.628 6.634 6.638 6.642 6.646 6.650 6.653 6.656 6.658 6.661 6.663 6.665 6.666 6.668 6.670 6.672 6.673 6.675 6.677 6.679 6.681 6.683 6.685 6.688 6.691 6.693 6.696 6.698 6.701 6.703 6.706 6.709 6.712 6.714 6.717 6.720 6.723 6.725 6.728 6.730 6.733 6.735 6.736 6.738 6.739 6.739 6.740 6.739 6.737 6.734 6.729 6.719 6.706 6.692 6.680 6.671 6.665 6.668
6.503 6.509 6.516 6.524 6.531 6.538 6.545 6.553 6.560 6.567 6.574 6.581 6.588 6.595 6.602 6.608 6.615 6.621 6.627 6.633 6.639 6.643 6.648 6.652 6.655 6.659 6.662 6.664 6.667 6.669 6.671 6.673 6.675 6.677 6.679 6.680 6.682 6.684 6.686 6.688 6.690 6.692 6.695 6.698 6.700 6.703 6.705 6.708 6.710 6.713 6.715 6.718 6.721 6.723 6.726 6.729 6.731 6.734 6.736 6.738 6.740 6.742 6.743 6.744 6.745 6.745 6.745 6.743 6.740 6.735 6.726 6.714 6.700 6.690 6.683 6.679 6.684
6.507 6.514 6.520 6.527 6.535 6.542 6.549 6.556 6.564 6.571 6.578 6.585 6.592 6.599 6.606 6.613 6.619 6.625 6.632 6.638 6.644 6.648 6.653 6.657 6.661 6.664 6.668 6.671 6.673 6.676 6.678 6.680 6.682 6.684 6.686 6.687 6.689 6.691 6.693 6.695 6.697 6.700 6.702 6.705 6.707 6.710 6.712 6.715 6.717 6.720 6.722 6.725 6.727 6.730 6.732 6.735 6.737 6.740 6.742 6.744 6.746 6.748 6.749 6.750 6.751 6.751 6.751 6.750 6.747 6.742 6.734 6.723 6.710 6.702 6.696 6.694 6.701
6.511 6.518 6.525 6.531 6.538 6.546 6.553 6.560 6.567 6.575 6.582 6.589 6.596 6.603 6.610 6.617 6.623 6.630 6.636 6.643 6.648 6.653 6.658 6.662 6.666 6.670 6.674 6.677 6.679 6.682 6.684 6.687 6.689 6.691 6.693 6.694 6.696 6.698 6.700 6.702 6.704 6.707 6.710 6.712 6.715 6.717 6.719 6.722 6.724 6.727 6.729 6.732 6.734 6.737 6.739 6.742 6.744 6.746 6.749 6.751 6.752 6.754 6.755 6.756 6.757 6.758 6.758 6.757 6.755 6.751 6.744 6.733 6.722 6.715 6.711 6.711 6.719
6.516 6.522 6.529 6.536 6.543 6.550 6.557 6.564 6.571 6.578 6.586 6.593 6.600 6.607 6.614 6.621 6.628 6.634 6.641 6.647 6.653 6.658 6.663 6.668 6.672 6.676 6.679 6.683 6.686 6.688 6.691 6.693 6.695 6.697 6.699 6.701 6.703 6.705 6.707 6.709 6.712 6.714 6.717 6.720 6.722 6.724 6.727 6.729 6.731 6.734 6.736 6.739 6.741 6.744 6.746 6.749 6.751 6.753 6.755 6.757 6.759 6.761 6.762 6.764 6.765 6.766 6.766 6.766 6.764 6.761 6.755 6.745 6.735 6.729 6.727 6.728 6.738
6.521 6.527 6.534 6.540 6.547 6.554 6.561 6.568 6.575 6.582 6.590 6.597 6.604 6.611 6.618 6.625 6.632 6.638 6.645 6.652 6.658 6.663 6.668 6.673 6.677 6.681 6.685 6.688 6.692 6.694 6.697 6.700 6.702 6.704 6.706 6.708 6.710 6.712 6.715 6.717 6.719 6.722 6.725 6.727 6.729 6.732 6.734 6.736 6.739 6.741 6.744 6.746 6.749 6.751 6.753 6.756 6.758 6.760 6.763 6.765 6.766 6.768 6.770 6.771 6.773 6.775 6.775 6.775 6.774 6.772 6.767 6.759 6.750 6.745 6.744 6.746 6.757
6.526 6.532 6.538 6.545 6.551 6.558 6.565 6.572 6.579 6.587 6.594 6.601 6.608 6.615 6.622 6.629 6.636 6.643 6.650 6.656 6.663 6.668 6.673 6.678 6.683 6.687 6.691 6.694 6.697 6.701 6.703 6.706 6.709 6.711 6.713 6.715 6.717 6.720 6.722 6.724 6.726 6.729 6.732 6.735 6.737 6.739 6.742 6.744 6.746 6.749 6.751 6.754 6.756 6.758 6.761 6.763 6.766 6.768 6.770 6.772 6.774 6.776 6.778 6.780 6.782 6.784 6.785 6.785 6.786 6.784 6.780 6.773 6.764 6.761 6.761 6.764 6.776
6.531 6.537 6.543 6.549 6.556 6.563 6.569 6.576 6.584 6.591 6.598 6.605 6.612 6.619 6.626 6.633 6.640 6.647 6.654 6.661 6.667 6.673 6.678 6.683 6.688 6.692 6.696 6.700 6.703 6.707 6.710 6.712 6.715 6.717 6.720 6.722 6.724 6.727 6.729 6.731 6.734 6.736 6.739 6.742 6.744 6.747 6.749 6.751 6.754 6.756 6.759 6.761 6.763 6.766 6.768 6.771 6.773 6.776 6.778 6.780 6.782 6.785 6.787 6.789 6.792 6.794 6.795 6.797 6.798 6.798 6.794 6.788 6.781 6.779 6.779 6.783 6.796
6.537 6.542 6.548 6.554 6.561 6.567 6.574 6.581 6.588 6.595 6.602 6.609 6.616 6.624 6.631 6.638 6.645 6.652 6.658 6.665 6.672 6.678 6.683 6.688 6.693 6.697 6.702 6.705 6.709 6.712 6.716 6.719 6.721 6.724 6.726 6.729 6.731 6.733 6.736 6.738 6.741 6.744 6.747 6.749 6.752 6.754 6.756 6.759 6.761 6.764 6.766 6.769 6.771 6.774 6.776 6.779 6.781 6.784 6.786 6.788 6.791 6.793 6.796 6.799 6.802 6.804 6.807 6.809 6.811 6.812 6.810 6.804 6.798 6.797 6.799 6.803 6.817
6.542 6.548 6.553 6.559 6.565 6.572 6.578 6.585 6.592 6.599 6.606 6.614 6.621 6.628 6.635 6.642 6.649 6.656 6.663 6.670 6.677 6.682 6.688 6.693 6.698 6.703 6.707 6.711 6.715 6.718 6.722 6.725 6.728 6.730 6.733 6.735 6.738 6.740 6.743 6.745 6.748 6.751 6.754 6.756 6.759 6.761 6.764 6.766 6.769 6.771 6.774 6.776 6.779 6.781 6.784 6.786 6.789 6.792 6.794 6.797 6.800 6.803 6.806 6.809 6.812 6.816 6.819 6.822 6.825 6.827 6.826 6.821 6.816 6.816 6.818 6.825 6.840
6.548 6.553 6.559 6.564 6.570 6.577 6.583 6.590 6.597 6.604 6.611 6.618 6.625 6.632 6.639 6.646 6.653 6.660 6.667 6.675 6.681 6.687 6.693 6.698 6.703 6.708 6.712 6.716 6.720 6.724 6.727 6.731 6.734 6.737 6.739 6.742 6.744 6.747 6.749 6.752 6.755 6.758 6.761 6.763 6.766 6.768 6.771 6.773 6.776 6.778 6.781 6.784 6.786 6.789 6.792 6.794 6.797 6.800 6.803 6.806 6.809 6.812 6.816 6.819 6.824 6.828 6.832 6.836 6.840 6.843 6.842 6.839 6.835 6.836 6.839 6.847 6.863
6.553 6.558 6.564 6.569 6.575 6.581 6.588 6.594 6.601 6.608 6.615 6.622 6.629 6.636 6.643 6.651 6.658 6.665 6.672 6.679 6.686 6.692 6.697 6.703 6.708 6.713 6.717 6.722 6.726 6.730 6.733 6.737 6.740 6.743 6.746 6.748 6.751 6.754 6.756 6.759 6.762 6.765 6.768 6.770 6.773 6.775 6.778 6.780 6.783 6.786 6.788 6.791 6.794 6.797 6.799 6.802 6.805 6.809 6.812 6.815 6.819 6.822 6.826 6.830 6.835 6.840 6.845 6.850 6.855 6.859 6.860 6.857 6.854 6.856 6.861 6.869 6.886
6.559 6.564 6.569 6.575 6.580 6.586 6.593 6.599 6.606 6.612 6.619 6.626 6.633 6.641 6.648 6.655 6.662 6.669 6.676 6.684 6.690 6.696 6.702 6.708 6.713 6.718 6.723 6.727 6.731 6.735 6.739 6.742 6.746 6.749 6.752 6.755 6.757 6.760 6.763 6.765 6.768 6.772 6.775 6.777 6.780 6.782 6.785 6.787 6.790 6.793 6.796 6.798 6.801 6.804 6.807 6.811 6.814 6.817 6.821 6.824 6.828 6.833 6.837 6.842 6.847 6.853 6.858 6.864 6.870 6.875 6.877 6.876 6.873 6.876 6.882 6.890 6.908
6.565 6.569 6.574 6.580 6.585 6.591 6.597 6.604 6.610 6.617 6.624 6.631 6.638 6.645 6.652 6.659 6.666 6.673 6.681 6.688 6.695 6.701 6.707 6.712 6.718 6.723 6.728 6.732 6.737 6.741 6.744 6.748 6.751 6.755 6.758 6.761 6.764 6.766 6.769 6.772 6.775 6.778 6.781 6.784 6.786 6.789 6.792 6.794 6.797 6.800 6.803 6.806 6.809 6.812 6.815 6.819 6.822 6.826 6.830 6.834 6.838 6.843 6.848 6.853 6.860 6.866 6.872 6.879 6.886 6.892 6.895 6.894 6.892 6.896 6.902 6.911 6.929
6.570 6.575 6.580 6.585 6.590 6.596 6.602 6.608 6.615 6.621 6.628 6.635 6.642 6.649 6.656 6.663 6.670 6.678 6.685 6.693 6.699 6.705 6.711 6.717 6.722 6.728 6.733 6.737 6.742 6.746 6.750 6.754 6.757 6.761 6.764 6.767 6.770 6.773 6.775 6.778 6.781 6.785 6.788 6.790 6.793 6.796 6.799 6.801 6.804 6.807 6.810 6.813 6.817 6.820 6.823 6.827 6.831 6.835 6.839 6.844 6.849 6.854 6.859 6.865 6.872 6.879 6.886 6.894 6.902 6.909 6.912 6.912 6.911 6.915 6.922 6.931 6.948
6.576 6.580 6.585 6.590 6.595 6.601 6.607 6.613 6.619 6.626 6.632 6.639 6.646 6.653 6.660 6.667 6.675 6.682 6.690 6.697 6.703 6.710 6.716 6.722 6.727 6.732 6.738 6.742 6.747 6.751 6.755 6.759 6.763 6.766 6.770 6.773 6.776 6.779 6.782 6.785 6.788 6.791 6.794 6.797 6.800 6.803 6.805 6.808 6.811 6.814 6.817 6.821 6.824 6.828 6.832 6.835 6.840 6.844 6.849 6.854 6.859 6.865 6.871 6.877 6.885 6.892 6.900 6.908 6.917 6.925 6.929 6.930 6.929 6.933 6.940 6.948 6.966
6.581 6.585 6.590 6.595 6.600 6.606 6.611 6.617 6.623 6.630 6.637 6.643 6.650 6.657 6.664 6.672 6.679 6.686 6.694 6.701 6.708 6.714 6.720 6.726 6.732 6.737 6.742 6.747 6.752 6.756 6.761 6.765 6.768 6.772 6.775 6.779 6.782 6.785 6.788 6.791 6.794 6.798 6.801 6.804 6.806 6.809 6.812 6.815 6.818 6.822 6.825 6.828 6.832 6.836 6.840 6.844 6.849 6.853 6.858 6.864 6.869 6.876 6.882 6.889 6.897 6.906 6.914 6.923 6.933 6.941 6.946 6.946 6.945 6.950 6.957 6.965 6.983
6.586 6.591 6.595 6.600 6.605 6.610 6.616 6.622 6.628 6.634 6.641 6.647 6.654 6.661 6.668 6.676 6.683 6.690 6.698 6.705 6.712 6.718 6.725 6.731 6.736 6.742 6.747 6.752 6.757 6.762 6.766 6.770 6.774 6.778 6.781 6.785 6.788 6.791 6.794 6.797 6.800 6.804 6.807 6.810 6.813 6.816 6.819 6.822 6.826 6.829 6.832 6.836 6.840 6.844 6.848 6.853 6.858 6.863 6.868 6.874 6.880 6.887 6.894 6.902 6.910 6.919 6.928 6.938 6.948 6.957 6.962 6.962 6.962 6.967 6.974 6.983 7.000
