version1/TsunamiDB/out54157.asc
ncols          264
nrows          230
xllcorner      497853.4375
yllcorner      4229146.0000
cellsize         5.
NODATA_value   -99
[rows 170 to 203 of 230, columns 0 to 76 of 264]
6.220 6.232 6.244 6.257 6.270 6.283 6.297 6.309 6.322 6.335 6.348 6.362 6.377 6.392 6.407 6.423 6.440 6.458 6.476 6.495 6.515 6.535 6.555 6.577 6.598 6.620 6.641 6.663 6.684 6.705 6.724 6.741 6.758 6.774 6.788 6.800 6.812 6.822 6.831 6.838 6.845 6.850 6.854 6.857 6.859 6.861 6.862 6.862 6.863 6.863 6.863 6.864 6.866 6.867 6.869 6.871 6.873 6.876 6.879 6.883 6.887 6.892 6.897 6.902 6.908 6.913 6.920 6.926 6.933 6.940 6.947 6.954 6.962 6.969 6.977 6.985 6.993
6.222 6.234 6.246 6.258 6.271 6.284 6.297 6.309 6.321 6.334 6.346 6.359 6.373 6.387 6.401 6.416 6.431 6.447 6.464 6.482 6.500 6.518 6.538 6.558 6.578 6.599 6.620 6.642 6.663 6.685 6.705 6.724 6.742 6.759 6.775 6.790 6.804 6.816 6.827 6.836 6.844 6.851 6.857 6.862 6.865 6.868 6.869 6.871 6.871 6.872 6.872 6.873 6.875 6.876 6.877 6.878 6.880 6.883 6.886 6.889 6.893 6.897 6.902 6.907 6.912 6.918 6.924 6.930 6.936 6.943 6.950 6.957 6.964 6.972 6.980 6.988 6.996
6.224 6.236 6.248 6.260 6.273 6.285 6.298 6.309 6.321 6.333 6.345 6.358 6.371 6.384 6.397 6.411 6.425 6.440 6.455 6.471 6.488 6.505 6.523 6.541 6.561 6.580 6.601 6.621 6.643 6.664 6.684 6.704 6.723 6.742 6.759 6.776 6.792 6.806 6.819 6.830 6.840 6.849 6.857 6.863 6.868 6.872 6.875 6.877 6.879 6.880 6.881 6.882 6.883 6.884 6.885 6.886 6.888 6.890 6.892 6.895 6.898 6.902 6.907 6.911 6.916 6.922 6.928 6.933 6.940 6.946 6.953 6.960 6.967 6.975 6.982 6.991 6.999
6.226 6.238 6.250 6.262 6.274 6.287 6.299 6.310 6.322 6.334 6.345 6.357 6.370 6.382 6.395 6.408 6.421 6.435 6.449 6.464 6.479 6.495 6.512 6.529 6.546 6.564 6.583 6.603 6.623 6.644 6.664 6.683 6.703 6.722 6.741 6.759 6.776 6.792 6.807 6.820 6.833 6.844 6.853 6.861 6.868 6.874 6.878 6.882 6.884 6.886 6.888 6.889 6.891 6.891 6.892 6.893 6.894 6.896 6.898 6.901 6.904 6.908 6.912 6.916 6.921 6.926 6.931 6.937 6.943 6.949 6.956 6.963 6.970 6.977 6.985 6.993 7.001
6.228 6.240 6.252 6.264 6.276 6.288 6.300 6.312 6.323 6.334 6.346 6.358 6.369 6.381 6.394 6.406 6.419 6.432 6.445 6.459 6.473 6.488 6.503 6.519 6.535 6.552 6.569 6.588 6.607 6.626 6.645 6.664 6.683 6.702 6.721 6.740 6.758 6.775 6.792 6.807 6.821 6.834 6.845 6.856 6.864 6.872 6.878 6.883 6.887 6.890 6.893 6.895 6.897 6.898 6.899 6.900 6.901 6.902 6.904 6.906 6.909 6.912 6.916 6.920 6.925 6.930 6.935 6.940 6.946 6.952 6.959 6.965 6.972 6.980 6.987 6.995 7.003
6.230 6.242 6.253 6.265 6.278 6.290 6.302 6.313 6.324 6.336 6.347 6.358 6.370 6.381 6.393 6.405 6.418 6.430 6.443 6.456 6.469 6.483 6.497 6.512 6.527 6.542 6.558 6.575 6.593 6.611 6.628 6.647 6.665 6.684 6.702 6.721 6.739 6.757 6.774 6.791 6.806 6.821 6.834 6.846 6.857 6.867 6.875 6.881 6.887 6.892 6.895 6.899 6.901 6.903 6.904 6.905 6.906 6.908 6.909 6.911 6.914 6.917 6.920 6.924 6.928 6.933 6.938 6.944 6.949 6.955 6.961 6.968 6.975 6.982 6.989 6.997 7.005
6.231 6.243 6.255 6.267 6.279 6.292 6.303 6.314 6.326 6.337 6.348 6.359 6.370 6.382 6.393 6.405 6.417 6.429 6.441 6.454 6.467 6.480 6.493 6.506 6.520 6.535 6.550 6.566 6.582 6.599 6.615 6.632 6.649 6.667 6.685 6.702 6.720 6.738 6.756 6.773 6.790 6.805 6.820 6.834 6.846 6.858 6.868 6.876 6.884 6.890 6.895 6.900 6.903 6.906 6.907 6.909 6.910 6.912 6.914 6.916 6.918 6.921 6.924 6.928 6.932 6.936 6.941 6.946 6.952 6.957 6.963 6.970 6.976 6.983 6.991 6.999 7.006
6.233 6.245 6.257 6.269 6.281 6.293 6.305 6.316 6.327 6.338 6.349 6.360 6.371 6.383 6.394 6.405 6.417 6.429 6.441 6.453 6.465 6.477 6.490 6.503 6.516 6.530 6.544 6.558 6.574 6.589 6.604 6.620 6.636 6.652 6.669 6.686 6.703 6.721 6.738 6.755 6.772 6.789 6.804 6.819 6.833 6.846 6.857 6.868 6.877 6.885 6.892 6.898 6.903 6.906 6.909 6.911 6.913 6.915 6.917 6.919 6.921 6.924 6.927 6.930 6.934 6.939 6.943 6.948 6.954 6.959 6.965 6.971 6.978 6.985 6.992 7.000 7.007
6.234 6.246 6.258 6.270 6.282 6.294 6.306 6.317 6.328 6.339 6.350 6.361 6.372 6.383 6.395 6.406 6.417 6.429 6.441 6.452 6.464 6.476 6.488 6.501 6.513 6.526 6.540 6.553 6.568 6.582 6.596 6.611 6.626 6.641 6.657 6.673 6.689 6.705 6.722 6.739 6.755 6.772 6.788 6.803 6.818 6.832 6.845 6.857 6.868 6.877 6.886 6.893 6.899 6.904 6.908 6.911 6.914 6.916 6.918 6.920 6.923 6.926 6.929 6.932 6.936 6.940 6.945 6.950 6.955 6.960 6.966 6.972 6.979 6.986 6.993 7.000 7.007
6.235 6.247 6.259 6.271 6.283 6.295 6.307 6.318 6.329 6.340 6.351 6.362 6.373 6.384 6.395 6.406 6.418 6.429 6.441 6.452 6.464 6.476 6.487 6.499 6.512 6.524 6.537 6.550 6.563 6.577 6.590 6.604 6.618 6.632 6.647 6.661 6.677 6.692 6.708 6.724 6.740 6.756 6.772 6.788 6.803 6.817 6.831 6.844 6.856 6.867 6.877 6.886 6.893 6.899 6.904 6.909 6.912 6.915 6.918 6.921 6.923 6.926 6.929 6.933 6.936 6.941 6.945 6.950 6.955 6.961 6.967 6.973 6.979 6.986 6.993 7.000 7.007
6.236 6.248 6.260 6.272 6.284 6.296 6.308 6.319 6.329 6.340 6.351 6.362 6.373 6.385 6.396 6.407 6.418 6.429 6.441 6.452 6.464 6.475 6.487 6.498 6.510 6.522 6.535 6.547 6.560 6.573 6.586 6.599 6.612 6.625 6.639 6.653 6.667 6.681 6.696 6.711 6.727 6.742 6.758 6.773 6.788 6.803 6.817 6.830 6.843 6.855 6.866 6.876 6.885 6.893 6.899 6.904 6.909 6.912 6.916 6.919 6.922 6.925 6.928 6.932 6.936 6.940 6.945 6.950 6.955 6.960 6.966 6.972 6.979 6.985 6.993 7.000 7.007
6.236 6.248 6.260 6.272 6.284 6.297 6.308 6.319 6.330 6.341 6.352 6.363 6.374 6.385 6.396 6.407 6.418 6.430 6.441 6.452 6.464 6.475 6.486 6.498 6.509 6.521 6.533 6.545 6.558 6.571 6.583 6.595 6.607 6.620 6.633 6.646 6.659 6.673 6.687 6.701 6.716 6.730 6.745 6.760 6.774 6.789 6.803 6.817 6.830 6.843 6.854 6.866 6.875 6.884 6.891 6.898 6.903 6.908 6.912 6.916 6.919 6.923 6.926 6.930 6.934 6.938 6.943 6.948 6.953 6.959 6.965 6.971 6.977 6.984 6.991 6.998 7.005
6.237 6.248 6.260 6.272 6.285 6.297 6.309 6.319 6.330 6.341 6.352 6.363 6.374 6.385 6.396 6.408 6.419 6.430 6.441 6.452 6.464 6.475 6.486 6.497 6.509 6.520 6.532 6.544 6.556 6.569 6.580 6.592 6.604 6.616 6.628 6.641 6.653 6.666 6.679 6.693 6.706 6.720 6.734 6.749 6.763 6.777 6.791 6.804 6.818 6.830 6.843 6.854 6.865 6.874 6.883 6.890 6.896 6.902 6.907 6.911 6.915 6.919 6.923 6.927 6.931 6.935 6.940 6.945 6.951 6.956 6.962 6.968 6.975 6.981 6.989 6.996 7.003
6.237 6.249 6.261 6.273 6.285 6.297 6.309 6.320 6.330 6.341 6.352 6.363 6.374 6.385 6.397 6.408 6.419 6.430 6.441 6.452 6.463 6.475 6.486 6.497 6.508 6.520 6.531 6.543 6.555 6.567 6.578 6.590 6.601 6.613 6.625 6.637 6.649 6.661 6.673 6.686 6.699 6.712 6.726 6.739 6.753 6.766 6.780 6.793 6.806 6.819 6.831 6.843 6.855 6.864 6.873 6.881 6.888 6.895 6.900 6.905 6.910 6.914 6.918 6.923 6.927 6.931 6.936 6.941 6.947 6.953 6.958 6.965 6.971 6.978 6.985 6.993 7.000
6.237 6.249 6.261 6.273 6.285 6.298 6.309 6.319 6.330 6.341 6.352 6.363 6.374 6.385 6.397 6.408 6.419 6.430 6.441 6.452 6.463 6.474 6.486 6.497 6.508 6.519 6.531 6.542 6.554 6.566 6.577 6.588 6.599 6.611 6.622 6.633 6.645 6.657 6.669 6.681 6.693 6.706 6.719 6.732 6.745 6.758 6.771 6.783 6.796 6.809 6.821 6.833 6.845 6.855 6.864 6.872 6.880 6.887 6.893 6.899 6.904 6.908 6.913 6.917 6.922 6.927 6.932 6.937 6.942 6.948 6.954 6.960 6.967 6.974 6.981 6.989 6.996
6.237 6.249 6.261 6.273 6.285 6.297 6.308 6.319 6.330 6.341 6.352 6.363 6.374 6.385 6.396 6.408 6.419 6.430 6.441 6.452 6.463 6.474 6.485 6.496 6.508 6.519 6.530 6.542 6.554 6.565 6.576 6.587 6.598 6.609 6.620 6.631 6.642 6.654 6.665 6.677 6.689 6.701 6.713 6.725 6.738 6.750 6.763 6.775 6.788 6.800 6.812 6.824 6.835 6.846 6.855 6.864 6.872 6.879 6.886 6.892 6.897 6.902 6.907 6.912 6.917 6.921 6.926 6.932 6.937 6.943 6.949 6.955 6.962 6.969 6.976 6.984 6.991
6.236 6.248 6.260 6.273 6.285 6.297 6.308 6.319 6.330 6.341 6.352 6.363 6.374 6.385 6.396 6.407 6.418 6.430 6.441 6.452 6.463 6.474 6.485 6.496 6.507 6.518 6.530 6.541 6.553 6.564 6.575 6.586 6.597 6.607 6.618 6.629 6.640 6.651 6.662 6.674 6.685 6.697 6.709 6.720 6.732 6.744 6.756 6.768 6.781 6.792 6.804 6.816 6.827 6.838 6.847 6.856 6.865 6.872 6.879 6.885 6.891 6.896 6.901 6.906 6.911 6.916 6.921 6.926 6.932 6.937 6.943 6.950 6.956 6.963 6.971 6.978 6.985
6.236 6.248 6.260 6.272 6.285 6.297 6.308 6.319 6.330 6.341 6.352 6.363 6.374 6.385 6.396 6.407 6.418 6.429 6.440 6.451 6.462 6.474 6.485 6.496 6.507 6.518 6.529 6.541 6.553 6.564 6.574 6.585 6.595 6.606 6.617 6.627 6.638 6.649 6.660 6.671 6.682 6.694 6.705 6.716 6.728 6.740 6.751 6.763 6.775 6.786 6.798 6.810 6.821 6.831 6.840 6.849 6.858 6.866 6.873 6.879 6.885 6.891 6.896 6.901 6.906 6.910 6.915 6.921 6.926 6.932 6.938 6.944 6.950 6.957 6.965 6.972 6.980
6.236 6.248 6.260 6.272 6.284 6.296 6.307 6.318 6.329 6.340 6.351 6.362 6.373 6.384 6.396 6.407 6.418 6.429 6.440 6.451 6.462 6.473 6.484 6.495 6.506 6.517 6.529 6.540 6.552 6.563 6.573 6.584 6.594 6.605 6.616 6.626 6.637 6.647 6.658 6.669 6.680 6.691 6.702 6.713 6.724 6.736 6.747 6.758 6.770 6.781 6.792 6.804 6.815 6.825 6.834 6.843 6.852 6.860 6.867 6.874 6.880 6.885 6.891 6.896 6.901 6.905 6.910 6.915 6.921 6.926 6.932 6.938 6.945 6.952 6.959 6.967 6.974
6.236 6.248 6.260 6.272 6.284 6.296 6.307 6.318 6.329 6.340 6.351 6.362 6.373 6.384 6.395 6.406 6.417 6.428 6.439 6.451 6.462 6.473 6.484 6.495 6.506 6.517 6.528 6.540 6.551 6.562 6.573 6.583 6.594 6.604 6.615 6.625 6.635 6.646 6.657 6.667 6.678 6.689 6.700 6.710 6.721 6.732 6.743 6.754 6.765 6.777 6.788 6.799 6.810 6.820 6.829 6.838 6.847 6.855 6.862 6.869 6.875 6.881 6.886 6.891 6.896 6.901 6.906 6.911 6.916 6.921 6.927 6.933 6.939 6.946 6.953 6.961 6.968
6.235 6.247 6.259 6.271 6.284 6.295 6.306 6.317 6.328 6.339 6.350 6.361 6.372 6.384 6.395 6.406 6.417 6.428 6.439 6.450 6.461 6.472 6.483 6.494 6.505 6.517 6.528 6.540 6.551 6.561 6.572 6.582 6.593 6.603 6.614 6.624 6.634 6.645 6.655 6.666 6.676 6.687 6.698 6.708 6.719 6.730 6.740 6.751 6.762 6.773 6.784 6.795 6.805 6.815 6.825 6.834 6.842 6.850 6.858 6.865 6.871 6.877 6.882 6.888 6.892 6.897 6.902 6.907 6.912 6.917 6.922 6.928 6.934 6.941 6.948 6.955 6.962
6.235 6.247 6.259 6.271 6.283 6.295 6.306 6.317 6.328 6.339 6.350 6.361 6.372 6.383 6.394 6.405 6.416 6.428 6.439 6.450 6.461 6.472 6.483 6.494 6.505 6.516 6.528 6.539 6.550 6.561 6.571 6.582 6.592 6.603 6.613 6.623 6.634 6.644 6.654 6.665 6.675 6.685 6.696 6.706 6.717 6.728 6.738 6.749 6.759 6.770 6.781 6.792 6.802 6.812 6.821 6.830 6.838 6.847 6.854 6.861 6.868 6.874 6.879 6.884 6.889 6.894 6.899 6.903 6.908 6.913 6.918 6.924 6.929 6.936 6.943 6.950 6.957
6.235 6.247 6.259 6.271 6.283 6.295 6.306 6.317 6.328 6.339 6.350 6.361 6.372 6.383 6.394 6.405 6.416 6.427 6.438 6.449 6.460 6.472 6.483 6.494 6.505 6.516 6.527 6.539 6.550 6.561 6.571 6.581 6.592 6.602 6.612 6.623 6.633 6.643 6.653 6.664 6.674 6.684 6.695 6.705 6.715 6.726 6.736 6.747 6.757 6.768 6.779 6.789 6.799 6.809 6.818 6.827 6.835 6.843 6.851 6.858 6.865 6.871 6.877 6.882 6.887 6.891 6.896 6.901 6.905 6.910 6.915 6.920 6.926 6.932 6.939 6.945 6.952
6.235 6.246 6.258 6.270 6.283 6.294 6.305 6.316 6.327 6.338 6.349 6.360 6.371 6.382 6.394 6.405 6.416 6.427 6.438 6.449 6.460 6.471 6.482 6.493 6.505 6.516 6.527 6.539 6.550 6.560 6.571 6.581 6.591 6.602 6.612 6.622 6.632 6.642 6.653 6.663 6.673 6.683 6.694 6.704 6.714 6.724 6.735 6.745 6.755 6.766 6.777 6.787 6.797 6.806 6.815 6.824 6.833 6.841 6.849 6.856 6.862 6.869 6.875 6.880 6.885 6.890 6.894 6.898 6.903 6.907 6.912 6.917 6.923 6.929 6.935 6.941 6.948
6.234 6.246 6.258 6.270 6.283 6.294 6.305 6.316 6.327 6.338 6.349 6.360 6.371 6.382 6.393 6.404 6.416 6.427 6.438 6.449 6.460 6.471 6.482 6.493 6.504 6.515 6.527 6.538 6.549 6.560 6.570 6.581 6.591 6.601 6.612 6.622 6.632 6.642 6.652 6.662 6.673 6.683 6.693 6.703 6.713 6.723 6.734 6.744 6.754 6.764 6.775 6.785 6.795 6.804 6.813 6.822 6.831 6.839 6.846 6.854 6.861 6.867 6.873 6.878 6.883 6.888 6.893 6.897 6.901 6.906 6.910 6.915 6.920 6.926 6.932 6.938 6.944
6.234 6.246 6.258 6.270 6.282 6.294 6.305 6.316 6.327 6.338 6.349 6.360 6.371 6.382 6.393 6.404 6.415 6.427 6.438 6.449 6.460 6.471 6.482 6.493 6.504 6.515 6.527 6.538 6.549 6.560 6.570 6.581 6.591 6.601 6.611 6.622 6.632 6.642 6.652 6.662 6.672 6.682 6.692 6.702 6.713 6.723 6.733 6.743 6.753 6.763 6.774 6.784 6.793 6.803 6.812 6.820 6.829 6.837 6.845 6.852 6.859 6.866 6.872 6.877 6.882 6.887 6.892 6.896 6.900 6.905 6.909 6.914 6.919 6.924 6.930 6.936 6.941
6.234 6.246 6.258 6.270 6.282 6.294 6.305 6.316 6.327 6.338 6.349 6.360 6.371 6.382 6.393 6.404 6.415 6.426 6.438 6.449 6.460 6.471 6.482 6.493 6.504 6.515 6.527 6.538 6.549 6.560 6.570 6.581 6.591 6.601 6.611 6.622 6.632 6.642 6.652 6.662 6.672 6.682 6.692 6.702 6.712 6.722 6.732 6.742 6.752 6.762 6.773 6.783 6.792 6.801 6.810 6.819 6.828 6.836 6.844 6.851 6.858 6.865 6.871 6.876 6.882 6.887 6.891 6.896 6.900 6.904 6.908 6.913 6.918 6.923 6.928 6.934 6.939
6.235 6.246 6.258 6.270 6.282 6.294 6.305 6.316 6.327 6.338 6.349 6.360 6.371 6.382 6.393 6.404 6.415 6.427 6.438 6.449 6.460 6.471 6.482 6.493 6.504 6.516 6.527 6.538 6.550 6.560 6.571 6.581 6.591 6.601 6.612 6.622 6.632 6.642 6.652 6.662 6.672 6.682 6.692 6.702 6.712 6.722 6.732 6.742 6.752 6.762 6.772 6.782 6.792 6.801 6.810 6.818 6.827 6.835 6.843 6.850 6.857 6.864 6.870 6.876 6.881 6.886 6.891 6.896 6.900 6.904 6.908 6.912 6.917 6.922 6.927 6.932 6.938
6.235 6.247 6.258 6.270 6.283 6.294 6.305 6.316 6.327 6.338 6.349 6.360 6.371 6.382 6.393 6.404 6.415 6.427 6.438 6.449 6.460 6.471 6.482 6.493 6.505 6.516 6.527 6.539 6.550 6.560 6.571 6.581 6.591 6.602 6.612 6.622 6.632 6.642 6.652 6.662 6.672 6.682 6.692 6.702 6.712 6.722 6.732 6.742 6.752 6.762 6.772 6.782 6.791 6.800 6.809 6.818 6.826 6.835 6.842 6.850 6.857 6.864 6.870 6.876 6.882 6.887 6.891 6.896 6.900 6.904 6.908 6.913 6.917 6.922 6.927 6.932 6.937
6.235 6.247 6.259 6.271 6.283 6.294 6.305 6.316 6.327 6.338 6.349 6.360 6.371 6.382 6.393 6.405 6.416 6.427 6.438 6.449 6.460 6.472 6.483 6.494 6.505 6.516 6.528 6.539 6.550 6.561 6.571 6.582 6.592 6.602 6.612 6.623 6.633 6.643 6.653 6.663 6.673 6.683 6.693 6.703 6.713 6.723 6.733 6.742 6.752 6.762 6.772 6.782 6.791 6.800 6.809 6.818 6.826 6.835 6.842 6.850 6.857 6.864 6.870 6.876 6.882 6.887 6.892 6.897 6.901 6.905 6.909 6.913 6.918 6.922 6.927 6.932 6.936
6.235 6.247 6.259 6.271 6.283 6.295 6.305 6.316 6.327 6.338 6.349 6.360 6.371 6.382 6.394 6.405 6.416 6.427 6.438 6.450 6.461 6.472 6.483 6.494 6.505 6.517 6.528 6.540 6.551 6.561 6.572 6.582 6.593 6.603 6.613 6.623 6.633 6.643 6.654 6.664 6.674 6.684 6.694 6.704 6.713 6.723 6.733 6.743 6.753 6.763 6.773 6.783 6.792 6.801 6.810 6.818 6.827 6.835 6.843 6.850 6.857 6.864 6.871 6.877 6.883 6.888 6.893 6.898 6.902 6.906 6.910 6.914 6.918 6.923 6.928 6.932 6.937
6.236 6.248 6.259 6.272 6.284 6.295 6.306 6.316 6.327 6.338 6.349 6.360 6.372 6.383 6.394 6.405 6.416 6.428 6.439 6.450 6.461 6.472 6.484 6.495 6.506 6.517 6.529 6.540 6.552 6.562 6.573 6.583 6.593 6.604 6.614 6.624 6.634 6.644 6.654 6.664 6.674 6.685 6.694 6.704 6.714 6.724 6.734 6.744 6.754 6.763 6.774 6.783 6.792 6.801 6.810 6.819 6.827 6.835 6.843 6.851 6.858 6.865 6.872 6.878 6.884 6.889 6.894 6.899 6.903 6.908 6.912 6.916 6.920 6.924 6.929 6.933 6.937
6.236 6.248 6.260 6.272 6.284 6.295 6.306 6.317 6.328 6.339 6.350 6.361 6.372 6.383 6.394 6.406 6.417 6.428 6.439 6.451 6.462 6.473 6.484 6.495 6.507 6.518 6.529 6.541 6.552 6.563 6.573 6.584 6.594 6.604 6.615 6.625 6.635 6.645 6.655 6.665 6.676 6.686 6.696 6.705 6.715 6.725 6.735 6.745 6.755 6.765 6.775 6.784 6.793 6.802 6.811 6.820 6.828 6.836 6.844 6.852 6.859 6.866 6.873 6.879 6.885 6.890 6.896 6.900 6.905 6.909 6.913 6.917 6.921 6.926 6.930 6.934 6.938
6.237 6.249 6.261 6.273 6.285 6.296 6.306 6.317 6.328 6.339 6.350 6.361 6.372 6.384 6.395 6.406 6.417 6.429 6.440 6.451 6.462 6.474 6.485 6.496 6.507 6.519 6.530 6.542 6.553 6.564 6.574 6.585 6.595 6.605 6.616 6.626 6.636 6.646 6.657 6.667 6.677 6.687 6.697 6.707 6.717 6.727 6.736 6.746 6.756 6.766 6.776 6.786 6.795 6.804 6.812 6.821 6.829 6.838 6.845 6.853 6.860 6.867 6.874 6.881 6.887 6.892 6.897 6.902 6.907 6.911 6.915 6.919 6.923 6.928 6.932 6.936 6.940
