version1/TsunamiDB/out54032.asc
ncols          264
nrows          230
xllcorner      497853.4375
yllcorner      4229146.0000
cellsize         5.
NODATA_value   -99
[rows 0 to 31 of 230, columns 144 to 215 of 264]
-99.000 -99.000 -99.000 -99.000 -99.000 -99.000 -99.000 -99.000 -99.000 -99.000 -99.000 -99.000 -99.000 -99.000 -99.000 -99.000 -99.000 -99.000 -99.000 1.644 1.656 1.732 1.906 2.161 2.462 2.771 3.059 3.308 3.514 3.679 3.813 3.923 4.016 4.096 4.167 4.233 4.294 4.351 4.405 4.456 4.504 4.551 4.595 4.638 4.680 4.721 4.761 4.801 4.840 4.880 4.919 4.959 4.999 5.039 5.079 5.120 5.159 5.198 5.238 5.276 5.315 5.352 5.389 5.424 5.459 5.492 5.524 5.554 5.584 5.611 5.638 5.664
-99.000 -99.000 -99.000 -99.000 -99.000 -99.000 -99.000 -99.000 -99.000 -99.000 -99.000 -99.000 -99.000 -99.000 -99.000 -99.000 -99.000 -99.000 1.644 1.647 1.681 1.804 2.021 2.302 2.611 2.913 3.183 3.411 3.596 3.745 3.866 3.967 4.054 4.130 4.199 4.263 4.322 4.379 4.432 4.482 4.530 4.576 4.620 4.662 4.704 4.744 4.783 4.822 4.861 4.899 4.937 4.976 5.015 5.053 5.092 5.132 5.170 5.208 5.246 5.285 5.323 5.360 5.397 5.433 5.468 5.502 5.534 5.566 5.596 5.625 5.653 5.680
-99.000 -99.000 -99.000 -99.000 -99.000 -99.000 -99.000 -99.000 -99.000 -99.000 -99.000 -99.000 -99.000 -99.000 -99.000 -99.000 -99.000 -99.000 1.644 1.655 1.727 1.897 2.150 2.449 2.758 3.047 3.297 3.503 3.669 3.804 3.914 4.008 4.089 4.162 4.228 4.290 4.349 4.404 4.457 4.507 4.554 4.600 4.644 4.686 4.727 4.766 4.805 4.844 4.881 4.919 4.956 4.994 5.031 5.069 5.107 5.144 5.181 5.218 5.256 5.293 5.330 5.367 5.404 5.440 5.475 5.510 5.543 5.575 5.606 5.636 5.665 5.693
-99.000 -99.000 -99.000 -99.000 -99.000 -99.000 -99.000 -99.000 -99.000 -99.000 -99.000 -99.000 -99.000 -99.000 -99.000 -99.000 -99.000 1.644 1.646 1.678 1.796 2.009 2.289 2.597 2.899 3.170 3.399 3.585 3.734 3.856 3.957 4.044 4.122 4.191 4.255 4.316 4.374 4.428 4.480 4.530 4.577 4.623 4.666 4.708 4.749 4.789 4.827 4.865 4.903 4.940 4.976 5.013 5.050 5.086 5.122 5.159 5.194 5.230 5.266 5.302 5.339 5.375 5.411 5.447 5.482 5.516 5.550 5.583 5.614 5.645 5.674 5.703
-99.000 -99.000 -99.000 -99.000 -99.000 -99.000 -99.000 -99.000 -99.000 -99.000 -99.000 -99.000 -99.000 -99.000 -99.000 -99.000 -99.000 1.644 1.654 1.721 1.887 2.136 2.433 2.742 3.031 3.283 3.490 3.657 3.792 3.902 3.996 4.078 4.151 4.218 4.281 4.340 4.397 4.451 4.502 4.552 4.599 4.644 4.688 4.730 4.771 4.810 4.849 4.887 4.924 4.961 4.997 5.033 5.069 5.104 5.139 5.174 5.208 5.243 5.278 5.313 5.348 5.384 5.419 5.454 5.488 5.522 5.556 5.589 5.621 5.652 5.682 5.711
-99.000 -99.000 -99.000 -99.000 -99.000 -99.000 -99.000 -99.000 -99.000 -99.000 -99.000 -99.000 -99.000 -99.000 -99.000 -99.000 1.644 1.646 1.674 1.787 1.996 2.272 2.579 2.882 3.154 3.384 3.571 3.722 3.843 3.945 4.031 4.109 4.179 4.243 4.304 4.363 4.418 4.472 4.523 4.572 4.619 4.665 4.708 4.751 4.792 4.832 4.871 4.908 4.946 4.982 5.018 5.054 5.088 5.123 5.157 5.191 5.224 5.258 5.292 5.326 5.360 5.394 5.428 5.462 5.496 5.529 5.562 5.595 5.626 5.657 5.688 5.717
-99.000 -99.000 -99.000 -99.000 -99.000 -99.000 -99.000 -99.000 -99.000 -99.000 -99.000 -99.000 -99.000 -99.000 -99.000 -99.000 1.644 1.652 1.714 1.874 2.118 2.413 2.722 3.013 3.266 3.475 3.644 3.779 3.889 3.983 4.064 4.137 4.205 4.267 4.326 4.383 4.438 4.491 4.542 4.591 4.638 4.684 4.728 4.771 4.812 4.852 4.891 4.930 4.967 5.003 5.039 5.074 5.109 5.143 5.176 5.209 5.241 5.274 5.307 5.340 5.373 5.406 5.439 5.472 5.504 5.537 5.569 5.601 5.632 5.663 5.693 5.722
-99.000 -99.000 -99.000 -99.000 -99.000 -99.000 -99.000 -99.000 -99.000 -99.000 -99.000 -99.000 -99.000 -99.000 -99.000 -99.000 1.645 1.670 1.776 1.978 2.251 2.556 2.860 3.134 3.367 3.556 3.708 3.830 3.931 4.018 4.094 4.164 4.228 4.288 4.346 4.402 4.456 4.509 4.559 4.608 4.656 4.702 4.746 4.789 4.831 4.872 4.911 4.950 4.987 5.024 5.060 5.095 5.129 5.163 5.196 5.228 5.260 5.292 5.324 5.356 5.388 5.420 5.451 5.483 5.515 5.547 5.578 5.609 5.639 5.669 5.699 5.727
-99.000 -99.000 -99.000 -99.000 -99.000 -99.000 -99.000 -99.000 -99.000 -99.000 -99.000 -99.000 -99.000 -99.000 -99.000 1.644 1.651 1.706 1.857 2.096 2.388 2.697 2.990 3.246 3.458 3.629 3.765 3.876 3.969 4.050 4.122 4.188 4.250 4.309 4.365 4.420 4.474 4.525 4.576 4.625 4.672 4.718 4.763 4.807 4.849 4.890 4.930 4.969 5.007 5.044 5.079 5.114 5.149 5.182 5.216 5.247 5.278 5.310 5.342 5.373 5.404 5.435 5.466 5.497 5.528 5.558 5.589 5.619 5.648 5.677 5.706 5.734
-99.000 -99.000 -99.000 -99.000 -99.000 -99.000 -99.000 -99.000 -99.000 -99.000 -99.000 -99.000 -99.000 -99.000 -99.000 1.645 1.666 1.762 1.956 2.223 2.528 2.832 3.110 3.347 3.539 3.693 3.817 3.918 4.004 4.080 4.148 4.211 4.271 4.328 4.383 4.437 4.490 4.541 4.591 4.640 4.688 4.734 4.779 4.823 4.866 4.907 4.948 4.987 5.025 5.062 5.098 5.133 5.168 5.202 5.235 5.266 5.297 5.329 5.360 5.391 5.422 5.452 5.483 5.513 5.543 5.573 5.602 5.631 5.660 5.688 5.715 5.742
-99.000 -99.000 -99.000 -99.000 -99.000 -99.000 -99.000 -99.000 -99.000 -99.000 -99.000 -99.000 -99.000 -99.000 1.644 1.649 1.696 1.837 2.068 2.357 2.665 2.961 3.221 3.438 3.612 3.751 3.863 3.957 4.037 4.108 4.173 4.233 4.291 4.346 4.400 4.453 4.505 4.556 4.606 4.655 4.702 4.748 4.794 4.838 4.881 4.923 4.963 5.003 5.041 5.079 5.115 5.151 5.186 5.220 5.253 5.285 5.316 5.348 5.379 5.410 5.440 5.471 5.501 5.530 5.560 5.589 5.618 5.646 5.674 5.701 5.727 5.753
-99.000 -99.000 -99.000 -99.000 -99.000 -99.000 -99.000 -99.000 -99.000 -99.000 -99.000 -99.000 -99.000 -99.000 1.645 1.661 1.746 1.930 2.190 2.492 2.799 3.081 3.323 3.520 3.678 3.804 3.906 3.992 4.067 4.134 4.196 4.255 4.311 4.364 4.417 4.469 4.521 4.571 4.620 4.669 4.716 4.762 4.807 4.852 4.895 4.937 4.978 5.018 5.056 5.094 5.131 5.167 5.202 5.237 5.270 5.302 5.334 5.366 5.397 5.428 5.459 5.489 5.519 5.549 5.578 5.607 5.635 5.663 5.690 5.717 5.742 5.767
-99.000 -99.000 -99.000 -99.000 -99.000 -99.000 -99.000 -99.000 -99.000 -99.000 -99.000 -99.000 -99.000 1.644 1.647 1.686 1.814 2.035 2.319 2.627 2.926 3.192 3.415 3.594 3.737 3.851 3.945 4.025 4.095 4.159 4.219 4.275 4.329 4.382 4.434 4.486 4.536 4.586 4.634 4.682 4.729 4.775 4.820 4.864 4.907 4.949 4.990 5.030 5.070 5.108 5.145 5.181 5.217 5.252 5.286 5.318 5.350 5.383 5.414 5.446 5.477 5.507 5.537 5.567 5.596 5.625 5.653 5.681 5.708 5.734 5.760 5.784
-99.000 -99.000 -99.000 -99.000 -99.000 -99.000 -99.000 -99.000 -99.000 -99.000 -99.000 -99.000 -99.000 1.644 1.656 1.728 1.899 2.151 2.450 2.758 3.045 3.294 3.498 3.661 3.790 3.895 3.982 4.056 4.123 4.184 4.241 4.296 4.349 4.400 4.452 4.502 4.552 4.600 4.648 4.695 4.741 4.787 4.831 4.875 4.918 4.960 5.001 5.042 5.081 5.119 5.157 5.194 5.230 5.265 5.300 5.333 5.365 5.398 5.430 5.462 5.494 5.525 5.555 5.585 5.615 5.644 5.672 5.700 5.727 5.754 5.779 5.803
-99.000 -99.000 -99.000 -99.000 -99.000 -99.000 -99.000 -99.000 -99.000 -99.000 -99.000 -99.000 1.644 1.646 1.676 1.789 1.998 2.274 2.581 2.884 3.157 3.387 3.574 3.722 3.839 3.935 4.016 4.086 4.149 4.208 4.264 4.317 4.369 4.420 4.470 4.519 4.568 4.615 4.662 4.708 4.753 4.798 4.842 4.886 4.928 4.970 5.011 5.051 5.091 5.129 5.167 5.204 5.241 5.277 5.312 5.345 5.378 5.412 5.445 5.477 5.509 5.540 5.572 5.602 5.632 5.662 5.691 5.719 5.747 5.773 5.799 5.824
-99.000 -99.000 -99.000 -99.000 -99.000 -99.000 -99.000 -99.000 -99.000 -99.000 -99.000 -99.000 1.644 1.652 1.711 1.866 2.107 2.401 2.710 3.004 3.260 3.472 3.642 3.777 3.885 3.973 4.049 4.115 4.176 4.233 4.287 4.340 4.390 4.440 4.489 4.537 4.584 4.630 4.676 4.721 4.765 4.809 4.852 4.895 4.937 4.979 5.019 5.059 5.099 5.138 5.176 5.213 5.250 5.286 5.322 5.356 5.389 5.423 5.457 5.490 5.523 5.555 5.586 5.618 5.649 5.679 5.708 5.737 5.766 5.793 5.819 5.844
-99.000 -99.000 -99.000 -99.000 -99.000 -99.000 -99.000 -99.000 -99.000 -99.000 -99.000 -99.000 1.645 1.666 1.762 1.956 2.224 2.529 2.835 3.116 3.355 3.550 3.705 3.828 3.927 4.009 4.081 4.144 4.203 4.259 4.312 4.364 4.413 4.461 4.509 4.555 4.601 4.645 4.690 4.734 4.777 4.820 4.862 4.904 4.945 4.986 5.026 5.066 5.106 5.144 5.182 5.220 5.257 5.294 5.330 5.364 5.398 5.433 5.467 5.501 5.534 5.567 5.599 5.631 5.663 5.694 5.724 5.754 5.783 5.811 5.838 5.864
-99.000 -99.000 -99.000 -99.000 -99.000 -99.000 -99.000 -99.000 -99.000 -99.000 -99.000 1.644 1.648 1.693 1.830 2.058 2.346 2.655 2.955 3.220 3.442 3.621 3.762 3.875 3.967 4.044 4.112 4.174 4.231 4.286 4.338 4.388 4.436 4.483 4.529 4.574 4.618 4.661 4.704 4.747 4.789 4.830 4.872 4.912 4.953 4.993 5.033 5.072 5.111 5.149 5.187 5.225 5.262 5.299 5.335 5.370 5.405 5.440 5.475 5.509 5.543 5.577 5.610 5.643 5.675 5.707 5.738 5.768 5.798 5.827 5.855 5.882
-99.000 -99.000 -99.000 -99.000 -99.000 -99.000 -99.000 -99.000 -99.000 -99.000 -99.000 1.644 1.658 1.736 1.912 2.168 2.469 2.779 3.067 3.317 3.522 3.686 3.815 3.919 4.005 4.079 4.144 4.204 4.260 4.314 4.365 4.414 4.460 4.505 4.550 4.593 4.636 4.678 4.720 4.761 4.801 4.841 4.881 4.921 4.960 5.000 5.038 5.077 5.115 5.153 5.191 5.229 5.266 5.303 5.339 5.375 5.410 5.445 5.480 5.515 5.550 5.584 5.618 5.652 5.685 5.717 5.749 5.780 5.811 5.841 5.870 5.898
-99.000 -99.000 -99.000 -99.000 -99.000 -99.000 -99.000 -99.000 -99.000 -99.000 1.644 1.646 1.678 1.794 2.005 2.284 2.592 2.897 3.173 3.406 3.595 3.745 3.865 3.962 4.043 4.113 4.176 4.234 4.290 4.342 4.392 4.440 4.485 4.528 4.572 4.614 4.655 4.696 4.736 4.775 4.814 4.853 4.892 4.930 4.968 5.006 5.044 5.082 5.119 5.157 5.194 5.231 5.268 5.305 5.341 5.377 5.412 5.448 5.484 5.519 5.554 5.589 5.624 5.658 5.692 5.725 5.757 5.789 5.821 5.852 5.882 5.911
-99.000 -99.000 -99.000 -99.000 -99.000 -99.000 -99.000 -99.000 -99.000 -99.000 1.644 1.652 1.711 1.866 2.107 2.402 2.713 3.010 3.271 3.488 3.662 3.801 3.911 4.002 4.079 4.147 4.209 4.266 4.320 4.372 4.420 4.467 4.510 4.552 4.595 4.635 4.675 4.715 4.753 4.791 4.829 4.866 4.903 4.940 4.976 5.013 5.049 5.086 5.123 5.159 5.196 5.232 5.269 5.305 5.342 5.377 5.413 5.449 5.485 5.521 5.557 5.592 5.627 5.662 5.696 5.730 5.763 5.796 5.828 5.859 5.890 5.921
-99.000 -99.000 -99.000 -99.000 -99.000 -99.000 -99.000 -99.000 -99.000 -99.000 1.645 1.665 1.758 1.949 2.215 2.520 2.830 3.116 3.362 3.563 3.724 3.852 3.956 4.042 4.115 4.181 4.241 4.298 4.351 4.401 4.449 4.494 4.536 4.577 4.618 4.658 4.697 4.735 4.772 4.808 4.844 4.880 4.915 4.950 4.985 5.021 5.056 5.091 5.126 5.162 5.197 5.233 5.269 5.305 5.341 5.377 5.412 5.448 5.485 5.521 5.557 5.592 5.628 5.663 5.697 5.732 5.765 5.799 5.831 5.864 5.896 5.927
-99.000 -99.000 -99.000 -99.000 -99.000 -99.000 -99.000 -99.000 -99.000 1.644 1.648 1.688 1.818 2.041 2.326 2.637 2.942 3.215 3.446 3.633 3.782 3.901 3.998 4.080 4.151 4.215 4.274 4.330 4.381 4.430 4.477 4.521 4.563 4.603 4.643 4.682 4.719 4.756 4.792 4.827 4.862 4.896 4.929 4.963 4.996 5.029 5.063 5.096 5.130 5.164 5.199 5.234 5.269 5.304 5.340 5.375 5.410 5.446 5.482 5.519 5.555 5.590 5.626 5.661 5.696 5.731 5.765 5.799 5.832 5.865 5.898 5.931
-99.000 -99.000 -99.000 -99.000 -99.000 -99.000 -99.000 -99.000 -99.000 1.644 1.655 1.723 1.890 2.139 2.438 2.751 3.048 3.307 3.523 3.697 3.836 3.947 4.039 4.118 4.187 4.249 4.307 4.361 4.412 4.460 4.505 4.549 4.590 4.630 4.669 4.707 4.743 4.779 4.814 4.848 4.881 4.913 4.945 4.977 5.008 5.040 5.072 5.103 5.135 5.168 5.201 5.235 5.268 5.303 5.338 5.372 5.407 5.443 5.479 5.515 5.551 5.587 5.622 5.658 5.693 5.728 5.762 5.796 5.830 5.864 5.897 5.931
-99.000 -99.000 -99.000 -99.000 -99.000 -99.000 -99.000 -99.000 -99.000 1.645 1.669 1.771 1.970 2.242 2.550 2.861 3.147 3.393 3.595 3.757 3.886 3.991 4.079 4.155 4.222 4.283 4.339 4.392 4.442 4.489 4.534 4.577 4.618 4.657 4.695 4.732 4.768 4.803 4.837 4.870 4.902 4.933 4.963 4.993 5.023 5.053 5.082 5.112 5.142 5.173 5.204 5.236 5.269 5.302 5.336 5.369 5.404 5.439 5.474 5.510 5.545 5.581 5.617 5.652 5.687 5.722 5.757 5.791 5.825 5.860 5.894 5.928
-99.000 -99.000 -99.000 -99.000 -99.000 -99.000 -99.000 -99.000 1.645 1.649 1.693 1.830 2.058 2.346 2.660 2.966 3.240 3.472 3.661 3.813 3.934 4.034 4.118 4.191 4.256 4.316 4.371 4.423 4.472 4.519 4.563 4.605 4.645 4.684 4.722 4.758 4.794 4.828 4.861 4.893 4.924 4.954 4.984 5.012 5.040 5.068 5.096 5.124 5.152 5.180 5.210 5.240 5.271 5.303 5.334 5.366 5.400 5.434 5.469 5.504 5.539 5.574 5.610 5.645 5.680 5.715 5.749 5.784 5.819 5.854 5.888 5.923
-99.000 -99.000 -99.000 -99.000 -99.000 -99.000 -99.000 -99.000 1.645 1.656 1.728 1.897 2.150 2.451 2.767 3.065 3.327 3.546 3.723 3.865 3.980 4.074 4.155 4.226 4.290 4.348 4.403 4.454 4.502 4.548 4.591 4.633 4.673 4.711 4.749 4.785 4.820 4.854 4.887 4.918 4.949 4.978 5.006 5.033 5.060 5.086 5.112 5.138 5.164 5.191 5.218 5.246 5.274 5.304 5.334 5.364 5.397 5.430 5.464 5.498 5.532 5.567 5.602 5.637 5.671 5.706 5.741 5.776 5.811 5.846 5.881 5.917
-99.000 -99.000 -99.000 -99.000 -99.000 -99.000 -99.000 -99.000 1.646 1.670 1.772 1.972 2.245 2.555 2.869 3.158 3.408 3.614 3.781 3.914 4.023 4.114 4.191 4.260 4.323 4.380 4.433 4.484 4.531 4.576 4.620 4.661 4.700 4.739 4.776 4.812 4.847 4.881 4.913 4.944 4.974 5.003 5.031 5.057 5.083 5.107 5.132 5.156 5.180 5.204 5.229 5.254 5.280 5.308 5.336 5.364 5.395 5.427 5.459 5.492 5.526 5.560 5.594 5.628 5.663 5.697 5.732 5.767 5.802 5.838 5.874 5.910
-99.000 -99.000 -99.000 -99.000 -99.000 -99.000 -99.000 -99.000 1.649 1.692 1.826 2.053 2.342 2.657 2.967 3.246 3.484 3.678 3.834 3.961 4.064 4.151 4.227 4.294 4.355 4.411 4.464 4.513 4.560 4.605 4.648 4.689 4.727 4.766 4.803 4.839 4.874 4.908 4.940 4.971 5.001 5.030 5.057 5.083 5.107 5.131 5.154 5.177 5.199 5.221 5.243 5.266 5.290 5.315 5.340 5.367 5.395 5.425 5.456 5.488 5.520 5.553 5.586 5.620 5.654 5.688 5.723 5.758 5.794 5.830 5.866 5.903
-99.000 -99.000 -99.000 -99.000 -99.000 -99.000 -99.000 1.645 1.656 1.722 1.888 2.137 2.439 2.757 3.060 3.328 3.554 3.737 3.885 4.004 4.103 4.187 4.261 4.326 4.386 4.442 4.493 4.542 4.589 4.633 4.675 4.715 4.754 4.793 4.830 4.866 4.901 4.935 4.967 4.999 5.029 5.057 5.084 5.110 5.134 5.158 5.180 5.201 5.221 5.241 5.262 5.282 5.303 5.325 5.348 5.372 5.398 5.426 5.454 5.484 5.515 5.547 5.580 5.613 5.647 5.681 5.715 5.751 5.786 5.822 5.859 5.897
-99.000 -99.000 -99.000 -99.000 -99.000 -99.000 -99.000 1.646 1.667 1.762 1.956 2.226 2.536 2.853 3.148 3.405 3.619 3.792 3.931 4.045 4.141 4.222 4.294 4.358 4.417 4.472 4.523 4.571 4.617 4.660 4.702 4.742 4.780 4.819 4.856 4.892 4.927 4.962 4.994 5.026 5.056 5.085 5.113 5.139 5.163 5.186 5.208 5.228 5.248 5.266 5.284 5.302 5.321 5.340 5.360 5.381 5.404 5.429 5.456 5.484 5.513 5.544 5.575 5.608 5.641 5.675 5.709 5.744 5.780 5.817 5.854 5.892
-99.000 -99.000 -99.000 -99.000 -99.000 -99.000 1.645 1.648 1.686 1.811 2.031 2.317 2.633 2.947 3.233 3.478 3.679 3.843 3.975 4.084 4.176 4.255 4.325 4.389 4.447 4.501 4.551 4.599 4.644 4.687 4.729 4.768 4.806 4.845 4.882 4.918 4.954 4.988 5.021 5.053 5.084 5.113 5.141 5.168 5.193 5.216 5.238 5.258 5.277 5.294 5.311 5.327 5.343 5.360 5.376 5.394 5.414 5.436 5.460 5.486 5.513 5.542 5.573 5.604 5.637 5.671 5.705 5.740 5.776 5.813 5.851 5.889
