version1/TsunamiDB/out54110.asc
ncols          264
nrows          230
xllcorner      497853.4375
yllcorner      4229146.0000
cellsize         5.
NODATA_value   -99
[rows 170 to 203 of 230, columns 0 to 76 of 264]
5.462 5.484 5.506 5.528 5.549 5.571 5.591 5.610 5.630 5.649 5.669 5.688 5.706 5.724 5.742 5.759 5.776 5.792 5.808 5.823 5.838 5.853 5.867 5.880 5.894 5.907 5.919 5.932 5.944 5.955 5.965 5.975 5.986 5.997 6.008 6.019 6.029 6.040 6.051 6.062 6.073 6.085 6.096 6.107 6.118 6.129 6.140 6.151 6.162 6.173 6.184 6.195 6.205 6.215 6.224 6.233 6.243 6.252 6.262 6.272 6.282 6.293 6.303 6.314 6.325 6.336 6.347 6.359 6.371 6.383 6.395 6.407 6.420 6.433 6.446 6.459 6.471
5.468 5.490 5.511 5.533 5.554 5.576 5.596 5.615 5.635 5.655 5.674 5.693 5.712 5.731 5.749 5.766 5.783 5.800 5.816 5.832 5.847 5.862 5.877 5.891 5.904 5.918 5.930 5.943 5.955 5.967 5.977 5.987 5.998 6.008 6.019 6.030 6.040 6.051 6.061 6.072 6.083 6.094 6.105 6.115 6.126 6.137 6.148 6.159 6.170 6.181 6.192 6.202 6.213 6.222 6.231 6.240 6.250 6.259 6.269 6.279 6.289 6.299 6.309 6.320 6.330 6.341 6.352 6.363 6.375 6.387 6.399 6.411 6.423 6.436 6.449 6.462 6.474
5.474 5.495 5.517 5.538 5.559 5.581 5.601 5.620 5.640 5.660 5.679 5.699 5.718 5.736 5.755 5.773 5.790 5.807 5.824 5.840 5.856 5.871 5.886 5.900 5.914 5.928 5.941 5.954 5.967 5.978 5.988 5.999 6.009 6.020 6.030 6.041 6.051 6.062 6.072 6.082 6.093 6.103 6.114 6.124 6.135 6.146 6.156 6.167 6.178 6.188 6.199 6.210 6.220 6.229 6.238 6.247 6.257 6.266 6.276 6.286 6.295 6.305 6.315 6.325 6.336 6.346 6.357 6.368 6.379 6.391 6.403 6.415 6.427 6.439 6.452 6.465 6.477
5.480 5.501 5.522 5.544 5.565 5.586 5.605 5.625 5.644 5.664 5.684 5.704 5.723 5.742 5.760 5.778 5.796 5.814 5.831 5.847 5.863 5.879 5.894 5.909 5.924 5.938 5.951 5.964 5.977 5.989 5.999 6.010 6.021 6.031 6.042 6.052 6.063 6.073 6.083 6.093 6.103 6.113 6.124 6.134 6.144 6.155 6.165 6.176 6.186 6.197 6.207 6.218 6.228 6.236 6.245 6.254 6.264 6.273 6.283 6.292 6.302 6.312 6.322 6.331 6.342 6.352 6.362 6.373 6.384 6.395 6.407 6.419 6.431 6.443 6.455 6.468 6.480
5.488 5.508 5.529 5.550 5.570 5.591 5.611 5.630 5.649 5.669 5.689 5.708 5.728 5.747 5.765 5.784 5.802 5.820 5.837 5.854 5.870 5.886 5.902 5.917 5.932 5.946 5.960 5.974 5.987 5.999 6.010 6.021 6.032 6.043 6.053 6.064 6.074 6.084 6.094 6.104 6.114 6.124 6.134 6.144 6.154 6.164 6.174 6.185 6.195 6.205 6.215 6.226 6.235 6.244 6.253 6.262 6.271 6.281 6.290 6.299 6.309 6.318 6.328 6.338 6.348 6.358 6.368 6.378 6.389 6.400 6.411 6.423 6.435 6.447 6.459 6.471 6.483
5.496 5.516 5.536 5.556 5.577 5.597 5.616 5.635 5.654 5.674 5.693 5.713 5.732 5.751 5.770 5.789 5.807 5.825 5.843 5.860 5.877 5.893 5.909 5.925 5.940 5.955 5.969 5.983 5.997 6.009 6.020 6.032 6.043 6.054 6.065 6.075 6.086 6.096 6.106 6.116 6.125 6.135 6.145 6.155 6.164 6.174 6.184 6.194 6.204 6.214 6.224 6.234 6.244 6.252 6.261 6.270 6.279 6.288 6.297 6.307 6.316 6.325 6.335 6.344 6.354 6.364 6.374 6.384 6.394 6.405 6.416 6.427 6.439 6.451 6.463 6.475 6.486
5.506 5.525 5.545 5.564 5.584 5.604 5.622 5.641 5.660 5.679 5.699 5.718 5.737 5.756 5.775 5.794 5.812 5.830 5.848 5.865 5.882 5.899 5.916 5.932 5.947 5.962 5.977 5.992 6.006 6.018 6.030 6.042 6.053 6.065 6.076 6.087 6.097 6.107 6.117 6.127 6.137 6.147 6.156 6.166 6.175 6.185 6.194 6.204 6.214 6.223 6.233 6.243 6.252 6.260 6.269 6.278 6.287 6.296 6.305 6.314 6.323 6.333 6.342 6.351 6.360 6.370 6.380 6.390 6.400 6.410 6.421 6.432 6.443 6.455 6.467 6.478 6.489
5.517 5.536 5.555 5.573 5.592 5.612 5.630 5.648 5.666 5.685 5.704 5.723 5.742 5.761 5.780 5.798 5.817 5.835 5.853 5.871 5.888 5.905 5.922 5.938 5.954 5.969 5.985 5.999 6.014 6.027 6.039 6.051 6.063 6.075 6.087 6.098 6.108 6.119 6.129 6.139 6.149 6.158 6.168 6.177 6.186 6.196 6.205 6.215 6.224 6.233 6.243 6.253 6.261 6.269 6.278 6.287 6.295 6.304 6.313 6.322 6.331 6.340 6.349 6.358 6.367 6.377 6.386 6.396 6.406 6.416 6.426 6.437 6.448 6.459 6.471 6.482 6.493
5.530 5.548 5.566 5.584 5.603 5.621 5.639 5.656 5.674 5.692 5.711 5.729 5.748 5.767 5.785 5.803 5.822 5.840 5.858 5.876 5.893 5.910 5.927 5.944 5.960 5.976 5.992 6.007 6.022 6.035 6.048 6.060 6.073 6.085 6.097 6.108 6.119 6.130 6.140 6.151 6.160 6.170 6.180 6.189 6.198 6.207 6.216 6.226 6.235 6.244 6.253 6.263 6.271 6.279 6.287 6.296 6.304 6.313 6.322 6.331 6.339 6.348 6.357 6.366 6.375 6.384 6.393 6.402 6.412 6.422 6.432 6.442 6.453 6.464 6.475 6.486 6.496
5.544 5.562 5.579 5.597 5.614 5.632 5.649 5.665 5.683 5.701 5.718 5.737 5.755 5.773 5.791 5.809 5.827 5.845 5.863 5.881 5.898 5.916 5.933 5.950 5.966 5.982 5.998 6.014 6.029 6.043 6.056 6.069 6.082 6.094 6.106 6.118 6.130 6.141 6.152 6.162 6.172 6.182 6.191 6.201 6.210 6.219 6.228 6.237 6.246 6.255 6.264 6.273 6.281 6.289 6.297 6.305 6.314 6.322 6.331 6.339 6.348 6.357 6.365 6.374 6.382 6.391 6.400 6.409 6.419 6.428 6.438 6.448 6.458 6.469 6.480 6.491 6.501
5.560 5.577 5.594 5.611 5.628 5.645 5.661 5.677 5.693 5.710 5.728 5.745 5.763 5.780 5.798 5.816 5.833 5.851 5.869 5.886 5.904 5.921 5.938 5.955 5.972 5.988 6.004 6.020 6.036 6.050 6.063 6.077 6.090 6.103 6.116 6.128 6.140 6.151 6.162 6.173 6.183 6.193 6.203 6.213 6.222 6.231 6.240 6.249 6.258 6.266 6.275 6.284 6.292 6.300 6.307 6.316 6.324 6.332 6.340 6.349 6.357 6.366 6.374 6.382 6.391 6.399 6.408 6.417 6.426 6.435 6.444 6.454 6.464 6.475 6.485 6.496 6.505
5.577 5.594 5.610 5.627 5.643 5.659 5.675 5.690 5.706 5.722 5.738 5.755 5.772 5.789 5.806 5.823 5.840 5.858 5.875 5.892 5.910 5.927 5.944 5.961 5.978 5.994 6.011 6.027 6.042 6.057 6.070 6.084 6.098 6.111 6.124 6.137 6.149 6.161 6.173 6.184 6.194 6.205 6.215 6.224 6.234 6.243 6.252 6.261 6.270 6.278 6.287 6.296 6.304 6.311 6.318 6.326 6.334 6.342 6.351 6.359 6.367 6.375 6.383 6.391 6.399 6.408 6.416 6.425 6.433 6.442 6.451 6.461 6.471 6.481 6.491 6.501 6.511
5.595 5.612 5.628 5.644 5.660 5.676 5.690 5.705 5.720 5.735 5.751 5.767 5.783 5.799 5.816 5.832 5.849 5.866 5.882 5.899 5.916 5.933 5.950 5.967 5.984 6.000 6.017 6.033 6.049 6.064 6.077 6.092 6.105 6.119 6.133 6.146 6.158 6.171 6.183 6.194 6.205 6.216 6.226 6.236 6.246 6.255 6.264 6.273 6.282 6.290 6.299 6.308 6.316 6.323 6.330 6.338 6.345 6.353 6.361 6.369 6.377 6.385 6.393 6.401 6.409 6.417 6.425 6.433 6.442 6.450 6.459 6.468 6.477 6.487 6.497 6.507 6.516
5.614 5.630 5.646 5.662 5.678 5.693 5.707 5.721 5.736 5.751 5.766 5.781 5.796 5.811 5.827 5.843 5.859 5.875 5.891 5.907 5.924 5.941 5.957 5.974 5.990 6.007 6.023 6.039 6.055 6.070 6.084 6.099 6.113 6.127 6.141 6.154 6.167 6.180 6.192 6.204 6.215 6.226 6.237 6.247 6.257 6.267 6.276 6.285 6.294 6.303 6.312 6.320 6.328 6.335 6.342 6.350 6.357 6.365 6.373 6.380 6.388 6.396 6.403 6.411 6.419 6.427 6.434 6.442 6.450 6.459 6.467 6.476 6.485 6.494 6.504 6.513 6.522
5.633 5.649 5.665 5.681 5.697 5.712 5.725 5.739 5.753 5.768 5.782 5.797 5.811 5.826 5.840 5.855 5.870 5.886 5.901 5.917 5.933 5.949 5.965 5.981 5.998 6.014 6.030 6.046 6.062 6.077 6.091 6.106 6.120 6.135 6.149 6.162 6.176 6.189 6.201 6.214 6.225 6.237 6.248 6.258 6.269 6.279 6.288 6.298 6.307 6.316 6.324 6.333 6.340 6.347 6.354 6.362 6.369 6.377 6.385 6.392 6.400 6.407 6.415 6.422 6.429 6.437 6.444 6.452 6.460 6.468 6.476 6.484 6.493 6.502 6.511 6.520 6.529
5.652 5.668 5.684 5.700 5.716 5.730 5.744 5.758 5.772 5.786 5.800 5.814 5.828 5.842 5.856 5.870 5.884 5.899 5.913 5.928 5.943 5.959 5.974 5.990 6.006 6.022 6.038 6.054 6.070 6.084 6.099 6.113 6.128 6.142 6.157 6.171 6.184 6.198 6.211 6.223 6.235 6.247 6.258 6.269 6.280 6.290 6.300 6.310 6.319 6.328 6.337 6.346 6.353 6.360 6.367 6.375 6.382 6.390 6.397 6.404 6.412 6.419 6.426 6.434 6.441 6.448 6.455 6.462 6.470 6.478 6.485 6.493 6.502 6.510 6.519 6.528 6.536
5.670 5.687 5.703 5.719 5.735 5.749 5.763 5.777 5.791 5.805 5.818 5.832 5.846 5.859 5.872 5.886 5.899 5.913 5.927 5.941 5.956 5.970 5.985 6.000 6.015 6.031 6.046 6.062 6.078 6.092 6.106 6.121 6.136 6.150 6.165 6.179 6.193 6.206 6.220 6.233 6.245 6.257 6.269 6.280 6.291 6.302 6.312 6.322 6.331 6.341 6.350 6.359 6.366 6.373 6.380 6.388 6.395 6.403 6.410 6.417 6.424 6.432 6.439 6.446 6.453 6.460 6.467 6.474 6.481 6.488 6.496 6.503 6.511 6.520 6.528 6.536 6.544
5.688 5.704 5.721 5.737 5.753 5.768 5.781 5.796 5.810 5.824 5.837 5.851 5.864 5.877 5.890 5.903 5.916 5.929 5.943 5.956 5.970 5.983 5.997 6.012 6.026 6.041 6.056 6.072 6.087 6.101 6.115 6.129 6.144 6.159 6.173 6.187 6.202 6.215 6.229 6.242 6.255 6.267 6.279 6.291 6.302 6.313 6.324 6.334 6.344 6.353 6.363 6.371 6.379 6.386 6.394 6.401 6.408 6.416 6.423 6.430 6.438 6.445 6.452 6.458 6.465 6.472 6.479 6.486 6.492 6.499 6.507 6.514 6.521 6.529 6.538 6.545 6.553
5.705 5.722 5.738 5.754 5.770 5.785 5.799 5.814 5.828 5.842 5.856 5.870 5.883 5.896 5.909 5.922 5.935 5.947 5.960 5.972 5.985 5.998 6.012 6.025 6.039 6.053 6.068 6.083 6.097 6.110 6.124 6.138 6.153 6.167 6.182 6.196 6.210 6.224 6.238 6.251 6.265 6.277 6.290 6.302 6.313 6.324 6.335 6.346 6.356 6.366 6.375 6.384 6.392 6.400 6.407 6.414 6.422 6.429 6.437 6.444 6.451 6.458 6.465 6.472 6.478 6.485 6.491 6.498 6.505 6.511 6.518 6.525 6.533 6.540 6.548 6.555 6.562
5.722 5.738 5.755 5.771 5.787 5.802 5.816 5.831 5.846 5.860 5.875 5.888 5.902 5.915 5.928 5.941 5.953 5.966 5.978 5.990 6.002 6.015 6.027 6.040 6.053 6.067 6.080 6.095 6.108 6.121 6.134 6.148 6.163 6.177 6.191 6.206 6.220 6.234 6.248 6.261 6.274 6.287 6.300 6.312 6.324 6.336 6.347 6.358 6.368 6.378 6.388 6.398 6.405 6.413 6.420 6.428 6.436 6.443 6.451 6.458 6.465 6.472 6.479 6.485 6.492 6.498 6.505 6.511 6.518 6.524 6.531 6.537 6.544 6.551 6.559 6.566 6.572
5.739 5.755 5.771 5.787 5.803 5.818 5.833 5.848 5.862 5.877 5.892 5.906 5.920 5.933 5.947 5.959 5.972 5.984 5.996 6.008 6.020 6.032 6.044 6.056 6.069 6.081 6.094 6.108 6.120 6.133 6.146 6.159 6.173 6.187 6.201 6.216 6.230 6.244 6.258 6.271 6.285 6.298 6.311 6.323 6.335 6.347 6.358 6.369 6.380 6.391 6.401 6.410 6.418 6.426 6.434 6.442 6.449 6.457 6.465 6.472 6.479 6.486 6.493 6.499 6.506 6.512 6.519 6.525 6.531 6.537 6.544 6.550 6.557 6.564 6.571 6.577 6.583
5.757 5.772 5.788 5.803 5.819 5.834 5.848 5.863 5.878 5.893 5.908 5.922 5.937 5.950 5.964 5.977 5.990 6.003 6.015 6.027 6.038 6.050 6.062 6.074 6.085 6.097 6.110 6.122 6.134 6.146 6.159 6.172 6.185 6.199 6.212 6.226 6.240 6.254 6.268 6.282 6.295 6.308 6.321 6.334 6.346 6.358 6.370 6.381 6.392 6.403 6.414 6.423 6.431 6.439 6.447 6.455 6.463 6.471 6.479 6.486 6.493 6.500 6.507 6.514 6.520 6.527 6.533 6.539 6.545 6.551 6.557 6.564 6.570 6.577 6.583 6.589 6.595
5.776 5.790 5.805 5.820 5.835 5.849 5.863 5.878 5.893 5.908 5.923 5.938 5.952 5.966 5.980 5.994 6.007 6.020 6.032 6.045 6.057 6.068 6.080 6.091 6.103 6.114 6.126 6.138 6.150 6.161 6.172 6.185 6.198 6.211 6.224 6.238 6.252 6.265 6.279 6.293 6.306 6.319 6.332 6.345 6.358 6.370 6.382 6.393 6.405 6.416 6.426 6.436 6.444 6.452 6.461 6.469 6.477 6.485 6.493 6.500 6.507 6.515 6.521 6.528 6.535 6.541 6.547 6.554 6.560 6.566 6.571 6.578 6.584 6.590 6.596 6.601 6.607
5.796 5.810 5.824 5.837 5.852 5.865 5.879 5.893 5.907 5.922 5.937 5.952 5.966 5.981 5.995 6.009 6.023 6.036 6.049 6.061 6.074 6.086 6.097 6.109 6.120 6.131 6.143 6.154 6.165 6.176 6.187 6.199 6.211 6.224 6.237 6.250 6.264 6.277 6.290 6.304 6.317 6.331 6.344 6.357 6.369 6.382 6.394 6.406 6.417 6.428 6.439 6.449 6.457 6.466 6.474 6.483 6.491 6.499 6.507 6.514 6.522 6.529 6.536 6.543 6.549 6.556 6.562 6.568 6.574 6.580 6.586 6.592 6.598 6.604 6.610 6.615 6.620
5.818 5.831 5.843 5.856 5.870 5.882 5.895 5.908 5.922 5.936 5.951 5.965 5.980 5.994 6.009 6.023 6.037 6.051 6.064 6.077 6.090 6.102 6.114 6.126 6.137 6.148 6.160 6.171 6.182 6.192 6.203 6.214 6.226 6.238 6.250 6.263 6.276 6.289 6.302 6.316 6.329 6.342 6.355 6.368 6.381 6.394 6.406 6.418 6.429 6.441 6.452 6.462 6.470 6.479 6.488 6.496 6.505 6.513 6.521 6.529 6.536 6.543 6.550 6.557 6.564 6.571 6.577 6.583 6.589 6.595 6.601 6.607 6.613 6.619 6.624 6.628 6.633
5.841 5.853 5.865 5.877 5.889 5.901 5.912 5.924 5.937 5.951 5.964 5.979 5.993 6.007 6.022 6.036 6.050 6.064 6.078 6.091 6.104 6.117 6.129 6.141 6.153 6.165 6.176 6.187 6.198 6.208 6.218 6.229 6.241 6.252 6.264 6.277 6.289 6.302 6.315 6.328 6.341 6.354 6.367 6.380 6.393 6.406 6.418 6.430 6.442 6.453 6.465 6.475 6.484 6.492 6.501 6.510 6.519 6.527 6.535 6.543 6.550 6.558 6.565 6.572 6.579 6.585 6.592 6.598 6.604 6.610 6.616 6.622 6.627 6.633 6.638 6.642 6.647
5.865 5.877 5.888 5.899 5.910 5.921 5.931 5.942 5.954 5.966 5.979 5.992 6.006 6.020 6.034 6.048 6.062 6.076 6.090 6.104 6.117 6.130 6.143 6.156 6.168 6.180 6.192 6.203 6.214 6.224 6.234 6.245 6.256 6.267 6.279 6.291 6.303 6.315 6.328 6.340 6.353 6.366 6.379 6.392 6.405 6.418 6.430 6.442 6.454 6.466 6.477 6.488 6.497 6.506 6.515 6.524 6.532 6.541 6.549 6.557 6.565 6.572 6.579 6.586 6.593 6.600 6.606 6.613 6.619 6.625 6.631 6.636 6.642 6.648 6.653 6.657 6.661
5.890 5.901 5.912 5.923 5.933 5.943 5.952 5.962 5.972 5.983 5.995 6.007 6.019 6.032 6.046 6.060 6.073 6.087 6.101 6.115 6.129 6.143 6.156 6.169 6.181 6.194 6.206 6.218 6.229 6.239 6.249 6.260 6.271 6.282 6.293 6.305 6.316 6.328 6.341 6.353 6.366 6.378 6.391 6.404 6.417 6.429 6.442 6.454 6.466 6.478 6.490 6.500 6.510 6.519 6.528 6.537 6.546 6.555 6.563 6.571 6.579 6.586 6.594 6.601 6.608 6.615 6.621 6.628 6.634 6.640 6.646 6.651 6.657 6.663 6.667 6.671 6.676
5.914 5.926 5.937 5.947 5.957 5.966 5.974 5.983 5.992 6.002 6.012 6.023 6.034 6.046 6.059 6.072 6.085 6.098 6.112 6.126 6.140 6.153 6.167 6.180 6.193 6.206 6.219 6.231 6.242 6.253 6.263 6.274 6.285 6.296 6.307 6.318 6.330 6.342 6.353 6.366 6.378 6.390 6.403 6.416 6.428 6.441 6.454 6.466 6.478 6.490 6.502 6.513 6.523 6.532 6.542 6.551 6.560 6.569 6.577 6.585 6.593 6.601 6.608 6.615 6.622 6.629 6.636 6.642 6.648 6.654 6.660 6.666 6.672 6.677 6.682 6.686 6.690
5.937 5.950 5.961 5.972 5.982 5.990 5.998 6.006 6.015 6.023 6.032 6.041 6.051 6.062 6.073 6.084 6.097 6.109 6.123 6.136 6.150 6.163 6.177 6.191 6.204 6.217 6.230 6.243 6.255 6.265 6.276 6.287 6.298 6.310 6.321 6.332 6.343 6.355 6.366 6.378 6.390 6.402 6.415 6.427 6.440 6.452 6.465 6.478 6.490 6.502 6.514 6.525 6.535 6.545 6.555 6.564 6.573 6.582 6.591 6.599 6.607 6.615 6.622 6.630 6.637 6.643 6.650 6.656 6.663 6.669 6.675 6.681 6.686 6.692 6.697 6.701 6.705
5.959 5.972 5.984 5.996 6.006 6.015 6.023 6.031 6.038 6.046 6.054 6.062 6.070 6.079 6.089 6.099 6.110 6.122 6.134 6.146 6.160 6.173 6.187 6.200 6.214 6.228 6.241 6.254 6.266 6.277 6.288 6.300 6.311 6.322 6.333 6.345 6.356 6.367 6.378 6.390 6.402 6.414 6.426 6.438 6.451 6.463 6.476 6.489 6.501 6.513 6.526 6.537 6.547 6.557 6.567 6.577 6.586 6.596 6.604 6.613 6.621 6.629 6.636 6.644 6.651 6.658 6.664 6.671 6.677 6.683 6.689 6.695 6.701 6.706 6.711 6.715 6.719
5.977 5.992 6.005 6.018 6.030 6.039 6.047 6.055 6.063 6.070 6.077 6.084 6.092 6.099 6.107 6.116 6.125 6.135 6.146 6.158 6.170 6.183 6.196 6.209 6.223 6.237 6.250 6.264 6.276 6.287 6.299 6.311 6.322 6.334 6.345 6.357 6.368 6.379 6.390 6.402 6.413 6.425 6.437 6.449 6.461 6.474 6.486 6.499 6.512 6.524 6.536 6.548 6.558 6.569 6.579 6.589 6.599 6.608 6.617 6.626 6.635 6.643 6.650 6.658 6.665 6.672 6.678 6.685 6.691 6.697 6.703 6.709 6.715 6.721 6.725 6.729 6.733
5.994 6.009 6.024 6.038 6.050 6.060 6.070 6.079 6.087 6.095 6.102 6.108 6.115 6.121 6.128 6.135 6.143 6.151 6.160 6.171 6.182 6.193 6.206 6.219 6.232 6.245 6.259 6.273 6.285 6.297 6.309 6.321 6.333 6.345 6.356 6.368 6.379 6.390 6.402 6.413 6.424 6.436 6.448 6.459 6.472 6.484 6.496 6.509 6.521 6.534 6.547 6.558 6.569 6.580 6.590 6.601 6.611 6.621 6.630 6.639 6.648 6.656 6.664 6.671 6.678 6.685 6.692 6.699 6.705 6.711 6.717 6.723 6.729 6.735 6.740 6.743 6.747
6.007 6.024 6.040 6.055 6.069 6.080 6.091 6.101 6.111 6.119 6.126 6.133 6.139 6.145 6.150 6.156 6.163 6.169 6.177 6.186 6.195 6.205 6.217 6.229 6.241 6.254 6.268 6.281 6.293 6.305 6.318 6.330 6.342 6.354 6.366 6.378 6.390 6.401 6.412 6.423 6.435 6.446 6.458 6.469 6.481 6.493 6.506 6.518 6.531 6.543 6.556 6.568 6.579 6.589 6.600 6.611 6.622 6.632 6.642 6.651 6.660 6.669 6.677 6.684 6.692 6.699 6.706 6.712 6.719 6.725 6.731 6.737 6.743 6.749 6.753 6.757 6.761
