version1/TsunamiDB/out54113.asc
ncols          264
nrows          230
xllcorner      497853.4375
yllcorner      4229146.0000
cellsize         5.
NODATA_value   -99
[rows 170 to 203 of 230, columns 77 to 153 of 264]
6.474 6.485 6.496 6.507 6.518 6.529 6.541 6.552 6.563 6.574 6.585 6.596 6.606 6.616 6.626 6.636 6.646 6.656 6.665 6.674 6.684 6.693 6.701 6.709 6.716 6.724 6.731 6.739 6.746 6.754 6.761 6.768 6.775 6.782 6.789 6.796 6.802 6.809 6.815 6.821 6.827 6.833 6.839 6.845 6.851 6.856 6.860 6.865 6.869 6.873 6.878 6.882 6.886 6.891 6.896 6.901 6.906 6.912 6.918 6.925 6.932 6.940 6.948 6.957 6.966 6.976 6.986 6.998 7.008 7.019 7.030 7.041 7.052 7.063 7.074 7.086 7.097
6.476 6.487 6.498 6.509 6.521 6.532 6.543 6.554 6.566 6.577 6.588 6.598 6.609 6.619 6.630 6.640 6.649 6.659 6.669 6.678 6.688 6.697 6.706 6.713 6.721 6.728 6.736 6.744 6.751 6.759 6.766 6.773 6.781 6.788 6.795 6.802 6.808 6.815 6.821 6.828 6.834 6.840 6.846 6.852 6.858 6.864 6.869 6.873 6.878 6.882 6.887 6.891 6.896 6.901 6.906 6.911 6.916 6.922 6.928 6.935 6.942 6.949 6.958 6.966 6.975 6.985 6.996 7.007 7.017 7.028 7.039 7.050 7.061 7.072 7.083 7.095 7.106
6.479 6.490 6.501 6.512 6.523 6.534 6.546 6.557 6.568 6.579 6.590 6.601 6.612 6.622 6.633 6.643 6.653 6.663 6.672 6.682 6.692 6.701 6.710 6.717 6.725 6.733 6.741 6.748 6.756 6.763 6.771 6.778 6.786 6.793 6.800 6.807 6.814 6.821 6.828 6.834 6.841 6.847 6.853 6.860 6.866 6.872 6.877 6.881 6.886 6.891 6.896 6.900 6.905 6.910 6.915 6.921 6.926 6.932 6.938 6.944 6.951 6.959 6.967 6.975 6.985 6.994 7.005 7.016 7.026 7.036 7.047 7.058 7.069 7.080 7.092 7.103 7.115
6.482 6.493 6.504 6.515 6.526 6.537 6.548 6.560 6.571 6.582 6.593 6.604 6.615 6.625 6.636 6.646 6.656 6.666 6.676 6.686 6.696 6.705 6.714 6.722 6.729 6.737 6.745 6.753 6.760 6.768 6.776 6.783 6.791 6.798 6.806 6.813 6.820 6.827 6.834 6.840 6.847 6.853 6.860 6.867 6.874 6.879 6.884 6.889 6.894 6.899 6.904 6.909 6.914 6.919 6.925 6.930 6.935 6.941 6.947 6.954 6.961 6.968 6.976 6.985 6.993 7.003 7.014 7.024 7.034 7.045 7.055 7.066 7.077 7.088 7.100 7.111 7.123
6.486 6.496 6.507 6.518 6.529 6.540 6.551 6.563 6.574 6.585 6.596 6.607 6.618 6.628 6.639 6.649 6.659 6.670 6.680 6.690 6.699 6.709 6.718 6.726 6.734 6.741 6.749 6.757 6.765 6.773 6.781 6.788 6.796 6.804 6.811 6.818 6.825 6.833 6.840 6.846 6.853 6.860 6.867 6.874 6.881 6.886 6.892 6.897 6.902 6.907 6.912 6.918 6.923 6.928 6.934 6.939 6.945 6.950 6.957 6.963 6.970 6.977 6.985 6.993 7.002 7.012 7.022 7.032 7.042 7.053 7.063 7.074 7.085 7.096 7.108 7.119 7.131
6.489 6.500 6.510 6.521 6.532 6.543 6.554 6.566 6.577 6.588 6.599 6.610 6.621 6.632 6.642 6.653 6.663 6.673 6.683 6.693 6.704 6.713 6.722 6.730 6.738 6.746 6.754 6.762 6.770 6.778 6.785 6.793 6.801 6.809 6.816 6.824 6.831 6.838 6.845 6.852 6.859 6.866 6.873 6.881 6.887 6.893 6.899 6.904 6.910 6.915 6.920 6.926 6.931 6.937 6.942 6.948 6.954 6.960 6.966 6.972 6.979 6.986 6.994 7.002 7.011 7.020 7.031 7.041 7.051 7.061 7.071 7.082 7.093 7.104 7.115 7.127 7.139
6.494 6.504 6.514 6.525 6.536 6.547 6.558 6.569 6.580 6.591 6.602 6.613 6.624 6.635 6.646 6.656 6.667 6.677 6.687 6.697 6.708 6.717 6.726 6.734 6.742 6.750 6.758 6.766 6.774 6.782 6.790 6.798 6.806 6.814 6.821 6.829 6.836 6.844 6.851 6.858 6.865 6.872 6.880 6.887 6.894 6.900 6.906 6.911 6.917 6.923 6.928 6.934 6.940 6.945 6.951 6.957 6.962 6.969 6.975 6.981 6.988 6.995 7.003 7.011 7.020 7.029 7.039 7.049 7.059 7.069 7.079 7.090 7.101 7.112 7.123 7.135 7.147
6.498 6.508 6.519 6.529 6.540 6.551 6.562 6.573 6.584 6.595 6.606 6.617 6.628 6.639 6.649 6.660 6.670 6.681 6.691 6.701 6.712 6.721 6.730 6.738 6.746 6.755 6.763 6.771 6.779 6.787 6.795 6.803 6.811 6.819 6.826 6.834 6.842 6.849 6.857 6.864 6.871 6.879 6.886 6.893 6.900 6.907 6.913 6.918 6.924 6.930 6.936 6.942 6.948 6.953 6.959 6.965 6.971 6.977 6.984 6.990 6.997 7.004 7.012 7.020 7.029 7.038 7.048 7.058 7.067 7.077 7.087 7.098 7.109 7.120 7.131 7.143 7.155
6.503 6.513 6.523 6.534 6.544 6.555 6.566 6.577 6.588 6.599 6.610 6.621 6.632 6.642 6.653 6.664 6.674 6.685 6.695 6.706 6.716 6.725 6.734 6.743 6.751 6.759 6.767 6.776 6.784 6.792 6.800 6.808 6.816 6.824 6.832 6.839 6.847 6.855 6.862 6.870 6.877 6.885 6.892 6.900 6.907 6.913 6.919 6.925 6.932 6.938 6.944 6.950 6.956 6.962 6.968 6.974 6.980 6.986 6.992 6.999 7.006 7.013 7.021 7.029 7.037 7.046 7.056 7.066 7.076 7.086 7.096 7.106 7.117 7.128 7.140 7.152 7.164
6.509 6.519 6.529 6.539 6.549 6.560 6.570 6.581 6.592 6.603 6.614 6.625 6.636 6.647 6.657 6.668 6.679 6.689 6.700 6.710 6.720 6.730 6.739 6.747 6.756 6.764 6.772 6.780 6.789 6.797 6.805 6.813 6.821 6.829 6.837 6.845 6.852 6.860 6.868 6.876 6.883 6.891 6.898 6.906 6.913 6.920 6.926 6.932 6.939 6.945 6.951 6.957 6.963 6.970 6.976 6.982 6.988 6.995 7.001 7.008 7.015 7.022 7.030 7.038 7.046 7.055 7.065 7.075 7.084 7.094 7.105 7.115 7.126 7.137 7.149 7.160 7.173
6.516 6.525 6.534 6.544 6.554 6.565 6.575 6.586 6.597 6.608 6.619 6.630 6.640 6.651 6.662 6.673 6.683 6.694 6.704 6.715 6.725 6.735 6.743 6.752 6.761 6.769 6.777 6.786 6.794 6.802 6.810 6.818 6.826 6.834 6.842 6.850 6.858 6.866 6.874 6.881 6.889 6.897 6.905 6.912 6.920 6.927 6.933 6.939 6.946 6.952 6.959 6.965 6.971 6.978 6.984 6.991 6.997 7.003 7.010 7.017 7.024 7.031 7.039 7.047 7.055 7.064 7.074 7.084 7.093 7.103 7.114 7.124 7.135 7.146 7.158 7.170 7.182
6.523 6.531 6.541 6.550 6.560 6.571 6.581 6.592 6.602 6.613 6.624 6.635 6.645 6.656 6.667 6.678 6.688 6.699 6.709 6.720 6.730 6.740 6.749 6.757 6.766 6.774 6.783 6.791 6.799 6.808 6.816 6.824 6.832 6.840 6.848 6.856 6.864 6.872 6.880 6.888 6.895 6.903 6.911 6.919 6.927 6.933 6.940 6.947 6.953 6.960 6.966 6.973 6.979 6.986 6.992 6.999 7.006 7.012 7.019 7.026 7.033 7.040 7.048 7.056 7.064 7.073 7.083 7.093 7.102 7.112 7.123 7.133 7.144 7.156 7.167 7.179 7.192
6.530 6.539 6.548 6.557 6.567 6.577 6.587 6.598 6.608 6.619 6.629 6.640 6.651 6.662 6.672 6.683 6.693 6.704 6.714 6.725 6.735 6.745 6.754 6.763 6.771 6.780 6.788 6.797 6.805 6.813 6.822 6.830 6.838 6.846 6.854 6.862 6.870 6.878 6.886 6.894 6.902 6.910 6.918 6.926 6.933 6.940 6.947 6.954 6.961 6.967 6.974 6.981 6.987 6.994 7.001 7.007 7.014 7.021 7.028 7.035 7.042 7.049 7.057 7.065 7.074 7.083 7.092 7.102 7.112 7.122 7.132 7.143 7.154 7.165 7.177 7.189 7.202
6.539 6.547 6.556 6.565 6.574 6.584 6.594 6.604 6.614 6.625 6.635 6.646 6.657 6.667 6.678 6.689 6.699 6.710 6.720 6.731 6.741 6.751 6.760 6.769 6.777 6.786 6.795 6.803 6.811 6.820 6.828 6.836 6.844 6.853 6.861 6.869 6.877 6.885 6.893 6.901 6.908 6.916 6.925 6.933 6.941 6.948 6.954 6.961 6.968 6.975 6.982 6.989 6.995 7.002 7.009 7.016 7.023 7.030 7.037 7.044 7.051 7.059 7.067 7.075 7.083 7.092 7.102 7.112 7.121 7.132 7.142 7.153 7.164 7.176 7.188 7.200 7.213
6.548 6.556 6.564 6.573 6.582 6.591 6.601 6.611 6.621 6.632 6.642 6.653 6.663 6.674 6.684 6.695 6.705 6.716 6.727 6.737 6.748 6.757 6.766 6.775 6.784 6.792 6.801 6.810 6.818 6.826 6.835 6.843 6.851 6.859 6.867 6.875 6.884 6.892 6.900 6.908 6.916 6.924 6.932 6.940 6.948 6.955 6.962 6.969 6.976 6.983 6.990 6.997 7.004 7.011 7.018 7.025 7.032 7.039 7.046 7.053 7.061 7.068 7.076 7.084 7.093 7.102 7.112 7.122 7.132 7.142 7.152 7.163 7.174 7.186 7.198 7.211 7.224
6.557 6.565 6.573 6.581 6.590 6.600 6.609 6.619 6.629 6.639 6.649 6.660 6.670 6.681 6.691 6.702 6.712 6.723 6.733 6.744 6.754 6.764 6.773 6.782 6.791 6.799 6.808 6.817 6.825 6.833 6.842 6.850 6.858 6.866 6.875 6.883 6.891 6.899 6.907 6.915 6.923 6.931 6.939 6.948 6.956 6.963 6.970 6.977 6.984 6.991 6.998 7.005 7.013 7.020 7.027 7.034 7.041 7.048 7.056 7.063 7.071 7.078 7.086 7.094 7.103 7.112 7.122 7.132 7.142 7.152 7.163 7.174 7.185 7.197 7.210 7.222 7.236
6.568 6.575 6.583 6.591 6.599 6.608 6.618 6.627 6.637 6.647 6.657 6.667 6.677 6.688 6.698 6.709 6.719 6.730 6.740 6.751 6.762 6.771 6.780 6.789 6.798 6.807 6.815 6.824 6.832 6.841 6.849 6.858 6.866 6.874 6.882 6.890 6.899 6.907 6.915 6.923 6.931 6.939 6.947 6.956 6.964 6.971 6.978 6.986 6.993 7.000 7.007 7.014 7.022 7.029 7.036 7.043 7.051 7.058 7.066 7.073 7.081 7.088 7.096 7.105 7.114 7.123 7.133 7.143 7.153 7.163 7.174 7.185 7.197 7.209 7.221 7.234 7.248
6.579 6.586 6.593 6.601 6.609 6.618 6.627 6.636 6.645 6.655 6.665 6.675 6.685 6.696 6.706 6.716 6.727 6.737 6.748 6.759 6.769 6.779 6.788 6.797 6.806 6.814 6.823 6.832 6.840 6.849 6.857 6.866 6.874 6.882 6.890 6.899 6.907 6.915 6.923 6.931 6.939 6.948 6.956 6.965 6.973 6.980 6.987 6.995 7.002 7.009 7.016 7.024 7.031 7.038 7.046 7.053 7.061 7.068 7.076 7.083 7.091 7.099 7.107 7.116 7.124 7.134 7.144 7.154 7.164 7.174 7.185 7.197 7.209 7.221 7.234 7.247 7.261
6.591 6.597 6.604 6.612 6.619 6.628 6.636 6.645 6.654 6.664 6.674 6.684 6.694 6.704 6.714 6.724 6.735 6.745 6.756 6.767 6.777 6.787 6.796 6.805 6.814 6.823 6.831 6.840 6.849 6.857 6.866 6.874 6.883 6.891 6.899 6.907 6.915 6.924 6.932 6.940 6.948 6.956 6.965 6.974 6.982 6.989 6.996 7.004 7.011 7.019 7.026 7.033 7.041 7.048 7.056 7.064 7.071 7.079 7.086 7.094 7.102 7.110 7.118 7.127 7.136 7.145 7.156 7.166 7.176 7.186 7.197 7.209 7.221 7.233 7.247 7.260 7.274
6.604 6.610 6.616 6.623 6.630 6.638 6.646 6.655 6.664 6.673 6.683 6.692 6.702 6.712 6.723 6.733 6.743 6.754 6.764 6.775 6.786 6.795 6.804 6.813 6.822 6.831 6.840 6.849 6.857 6.866 6.875 6.883 6.891 6.900 6.908 6.916 6.924 6.933 6.941 6.949 6.957 6.966 6.974 6.983 6.991 6.999 7.006 7.014 7.021 7.029 7.036 7.044 7.051 7.059 7.067 7.074 7.082 7.090 7.098 7.105 7.113 7.122 7.130 7.139 7.148 7.158 7.168 7.178 7.188 7.199 7.210 7.222 7.234 7.247 7.260 7.274 7.288
6.617 6.622 6.628 6.635 6.642 6.649 6.657 6.665 6.674 6.683 6.692 6.702 6.711 6.721 6.731 6.742 6.752 6.762 6.773 6.784 6.794 6.804 6.813 6.822 6.831 6.840 6.849 6.858 6.866 6.875 6.884 6.892 6.901 6.909 6.917 6.926 6.934 6.942 6.950 6.959 6.967 6.976 6.984 6.993 7.001 7.009 7.016 7.024 7.031 7.039 7.047 7.054 7.062 7.070 7.077 7.085 7.093 7.101 7.109 7.117 7.125 7.134 7.142 7.151 7.160 7.170 7.180 7.191 7.201 7.212 7.223 7.235 7.247 7.260 7.274 7.288 7.302
6.630 6.635 6.641 6.647 6.654 6.661 6.668 6.676 6.684 6.693 6.702 6.711 6.721 6.730 6.740 6.750 6.761 6.771 6.782 6.792 6.803 6.813 6.822 6.831 6.840 6.849 6.858 6.867 6.876 6.884 6.893 6.902 6.910 6.919 6.927 6.935 6.944 6.952 6.960 6.969 6.977 6.986 6.995 7.004 7.011 7.019 7.027 7.034 7.042 7.050 7.057 7.065 7.073 7.081 7.089 7.097 7.105 7.113 7.121 7.129 7.138 7.146 7.155 7.164 7.173 7.183 7.194 7.204 7.214 7.225 7.237 7.249 7.261 7.275 7.288 7.303 7.317
6.644 6.649 6.654 6.660 6.666 6.672 6.680 6.687 6.695 6.703 6.712 6.721 6.730 6.740 6.750 6.760 6.770 6.780 6.791 6.802 6.812 6.821 6.831 6.840 6.849 6.858 6.867 6.876 6.885 6.894 6.903 6.911 6.920 6.929 6.937 6.945 6.954 6.962 6.970 6.979 6.987 6.996 7.005 7.014 7.022 7.030 7.037 7.045 7.053 7.061 7.069 7.077 7.085 7.093 7.101 7.109 7.117 7.125 7.133 7.142 7.150 7.159 7.168 7.177 7.186 7.197 7.207 7.217 7.228 7.239 7.251 7.263 7.276 7.289 7.303 7.318 7.333
6.659 6.663 6.668 6.673 6.679 6.685 6.691 6.698 6.706 6.714 6.722 6.731 6.740 6.749 6.759 6.769 6.779 6.789 6.800 6.811 6.821 6.830 6.840 6.849 6.858 6.867 6.876 6.886 6.895 6.904 6.912 6.921 6.930 6.938 6.947 6.955 6.964 6.972 6.981 6.989 6.998 7.007 7.016 7.025 7.033 7.041 7.048 7.056 7.064 7.072 7.080 7.088 7.096 7.104 7.113 7.121 7.129 7.137 7.146 7.154 7.163 7.172 7.181 7.190 7.200 7.210 7.221 7.231 7.242 7.253 7.265 7.277 7.290 7.304 7.318 7.333 7.348
6.673 6.677 6.682 6.686 6.692 6.697 6.703 6.710 6.717 6.725 6.733 6.741 6.750 6.759 6.768 6.778 6.788 6.798 6.809 6.820 6.830 6.839 6.849 6.858 6.867 6.876 6.886 6.895 6.904 6.913 6.922 6.931 6.940 6.948 6.957 6.966 6.974 6.983 6.991 7.000 7.009 7.017 7.027 7.035 7.044 7.052 7.060 7.068 7.076 7.084 7.092 7.100 7.108 7.116 7.125 7.133 7.142 7.150 7.159 7.167 7.176 7.185 7.194 7.204 7.214 7.224 7.235 7.245 7.256 7.268 7.280 7.292 7.305 7.319 7.334 7.349 7.364
6.688 6.692 6.696 6.700 6.705 6.710 6.716 6.722 6.729 6.736 6.743 6.751 6.760 6.769 6.778 6.787 6.797 6.807 6.818 6.829 6.839 6.848 6.857 6.867 6.876 6.885 6.895 6.904 6.913 6.922 6.931 6.940 6.949 6.958 6.967 6.976 6.984 6.993 7.002 7.010 7.019 7.028 7.037 7.046 7.054 7.063 7.071 7.079 7.087 7.095 7.103 7.112 7.120 7.129 7.137 7.146 7.154 7.163 7.172 7.180 7.189 7.198 7.208 7.217 7.228 7.238 7.249 7.260 7.271 7.282 7.294 7.307 7.320 7.334 7.349 7.364 7.379
6.703 6.706 6.710 6.714 6.718 6.723 6.728 6.734 6.740 6.747 6.754 6.762 6.770 6.779 6.788 6.797 6.807 6.816 6.827 6.837 6.847 6.857 6.866 6.876 6.885 6.894 6.904 6.913 6.922 6.932 6.941 6.950 6.959 6.968 6.977 6.985 6.994 7.003 7.012 7.021 7.029 7.038 7.048 7.057 7.065 7.073 7.082 7.090 7.098 7.107 7.115 7.124 7.132 7.141 7.149 7.158 7.167 7.175 7.184 7.193 7.202 7.212 7.221 7.231 7.241 7.252 7.263 7.274 7.285 7.297 7.309 7.322 7.335 7.349 7.364 7.379 7.394
6.717 6.721 6.724 6.728 6.732 6.736 6.741 6.747 6.752 6.759 6.765 6.773 6.780 6.789 6.797 6.806 6.816 6.825 6.836 6.846 6.856 6.865 6.875 6.884 6.894 6.903 6.913 6.922 6.931 6.941 6.950 6.959 6.968 6.977 6.986 6.995 7.004 7.013 7.022 7.031 7.040 7.049 7.058 7.067 7.076 7.084 7.093 7.101 7.110 7.118 7.127 7.135 7.144 7.152 7.161 7.170 7.179 7.188 7.197 7.206 7.215 7.225 7.235 7.245 7.255 7.266 7.277 7.288 7.299 7.311 7.323 7.336 7.350 7.364 7.379 7.394 7.409
6.732 6.735 6.739 6.742 6.746 6.750 6.754 6.759 6.765 6.770 6.777 6.783 6.791 6.799 6.807 6.816 6.825 6.834 6.844 6.855 6.865 6.874 6.883 6.893 6.902 6.912 6.921 6.931 6.940 6.949 6.959 6.968 6.977 6.986 6.995 7.004 7.013 7.022 7.031 7.040 7.049 7.059 7.068 7.078 7.086 7.095 7.103 7.112 7.120 7.129 7.138 7.146 7.155 7.164 7.173 7.182 7.191 7.200 7.209 7.219 7.228 7.238 7.248 7.258 7.268 7.279 7.291 7.302 7.313 7.325 7.337 7.350 7.364 7.378 7.393 7.408 7.422
6.747 6.750 6.753 6.756 6.760 6.763 6.768 6.772 6.777 6.782 6.788 6.795 6.801 6.809 6.817 6.825 6.834 6.843 6.853 6.863 6.873 6.882 6.892 6.901 6.910 6.920 6.930 6.939 6.949 6.958 6.967 6.977 6.986 6.995 7.004 7.014 7.023 7.032 7.041 7.050 7.059 7.069 7.078 7.088 7.096 7.105 7.114 7.122 7.131 7.140 7.149 7.158 7.167 7.176 7.185 7.194 7.203 7.212 7.221 7.231 7.241 7.250 7.260 7.271 7.281 7.293 7.304 7.315 7.326 7.338 7.351 7.363 7.377 7.391 7.406 7.420 7.434
6.762 6.765 6.767 6.770 6.774 6.777 6.781 6.785 6.790 6.794 6.800 6.806 6.812 6.819 6.827 6.835 6.843 6.852 6.862 6.872 6.882 6.891 6.900 6.909 6.919 6.928 6.938 6.947 6.957 6.966 6.976 6.985 6.995 7.004 7.013 7.023 7.032 7.041 7.050 7.059 7.069 7.078 7.088 7.097 7.106 7.115 7.124 7.133 7.141 7.150 7.159 7.168 7.178 7.187 7.196 7.205 7.214 7.224 7.233 7.243 7.253 7.263 7.273 7.283 7.294 7.305 7.317 7.328 7.339 7.351 7.363 7.376 7.390 7.404 7.418 7.432 7.446
6.776 6.779 6.782 6.785 6.788 6.791 6.794 6.798 6.802 6.807 6.812 6.817 6.823 6.830 6.837 6.845 6.853 6.862 6.871 6.881 6.890 6.899 6.908 6.917 6.927 6.936 6.946 6.956 6.965 6.975 6.984 6.994 7.003 7.013 7.022 7.031 7.041 7.050 7.059 7.068 7.078 7.087 7.097 7.107 7.116 7.125 7.134 7.143 7.152 7.161 7.170 7.179 7.188 7.198 7.207 7.216 7.226 7.235 7.245 7.255 7.264 7.274 7.285 7.295 7.306 7.318 7.329 7.340 7.352 7.363 7.376 7.388 7.402 7.415 7.429 7.444 7.457
6.791 6.793 6.796 6.799 6.802 6.805 6.808 6.811 6.815 6.819 6.824 6.829 6.835 6.841 6.847 6.855 6.863 6.871 6.880 6.889 6.899 6.907 6.916 6.926 6.935 6.944 6.954 6.964 6.973 6.983 6.993 7.002 7.012 7.021 7.030 7.040 7.049 7.059 7.068 7.077 7.087 7.097 7.107 7.116 7.125 7.134 7.143 7.152 7.162 7.171 7.180 7.189 7.199 7.208 7.218 7.227 7.237 7.246 7.256 7.266 7.276 7.286 7.296 7.307 7.318 7.329 7.341 7.352 7.364 7.375 7.387 7.399 7.412 7.426 7.440 7.454 7.468
6.805 6.808 6.810 6.813 6.816 6.819 6.822 6.825 6.828 6.832 6.836 6.841 6.846 6.852 6.858 6.865 6.872 6.880 6.889 6.898 6.907 6.916 6.925 6.934 6.943 6.952 6.962 6.972 6.981 6.991 7.001 7.010 7.020 7.029 7.039 7.048 7.058 7.067 7.077 7.086 7.096 7.106 7.116 7.125 7.135 7.144 7.153 7.162 7.171 7.181 7.190 7.199 7.209 7.219 7.228 7.238 7.248 7.257 7.267 7.277 7.287 7.297 7.308 7.318 7.329 7.341 7.353 7.364 7.375 7.386 7.398 7.410 7.423 7.436 7.450 7.464 7.478
