version1/TsunamiDB/out54081.asc
ncols          264
nrows          230
xllcorner      497853.4375
yllcorner      4229146.0000
cellsize         5.
NODATA_value   -99
[rows 136 to 169 of 230, columns 76 to 151 of 264]
5.682 5.697 5.710 5.723 5.737 5.750 5.762 5.775 5.787 5.799 5.812 5.824 5.837 5.850 5.864 5.878 5.892 5.908 5.923 5.940 5.956 5.973 5.990 6.008 6.025 6.041 6.058 6.074 6.091 6.108 6.124 6.140 6.156 6.171 6.186 6.200 6.214 6.228 6.241 6.253 6.266 6.278 6.289 6.301 6.312 6.323 6.334 6.345 6.354 6.363 6.372 6.381 6.390 6.399 6.407 6.414 6.422 6.428 6.435 6.441 6.447 6.453 6.459 6.465 6.471 6.478 6.485 6.493 6.502 6.510 6.519 6.527 6.535 6.544 6.553 6.562
5.697 5.712 5.726 5.740 5.753 5.767 5.780 5.792 5.804 5.816 5.828 5.840 5.852 5.865 5.878 5.891 5.904 5.919 5.933 5.949 5.965 5.981 5.998 6.014 6.031 6.047 6.063 6.080 6.096 6.113 6.129 6.145 6.161 6.176 6.191 6.206 6.220 6.234 6.247 6.260 6.273 6.285 6.297 6.309 6.320 6.331 6.343 6.353 6.363 6.372 6.382 6.391 6.401 6.410 6.418 6.426 6.434 6.441 6.448 6.454 6.460 6.466 6.471 6.477 6.484 6.490 6.497 6.504 6.512 6.521 6.530 6.537 6.545 6.554 6.563 6.571
5.711 5.726 5.740 5.755 5.769 5.783 5.797 5.809 5.822 5.834 5.846 5.857 5.869 5.881 5.893 5.905 5.918 5.931 5.945 5.959 5.974 5.990 6.006 6.022 6.038 6.054 6.069 6.086 6.102 6.118 6.135 6.151 6.167 6.182 6.197 6.212 6.226 6.240 6.253 6.267 6.279 6.292 6.304 6.316 6.328 6.339 6.351 6.362 6.372 6.381 6.391 6.401 6.411 6.420 6.429 6.437 6.445 6.453 6.460 6.467 6.473 6.479 6.485 6.490 6.496 6.503 6.509 6.516 6.524 6.532 6.540 6.548 6.556 6.564 6.573 6.582
5.723 5.739 5.754 5.769 5.784 5.799 5.813 5.826 5.839 5.851 5.863 5.875 5.886 5.897 5.909 5.921 5.933 5.945 5.958 5.971 5.985 6.000 6.015 6.031 6.046 6.061 6.076 6.092 6.108 6.125 6.141 6.157 6.172 6.188 6.203 6.218 6.232 6.246 6.260 6.273 6.286 6.299 6.311 6.323 6.335 6.347 6.359 6.370 6.379 6.389 6.400 6.410 6.420 6.430 6.439 6.448 6.457 6.465 6.472 6.479 6.486 6.492 6.498 6.504 6.510 6.516 6.522 6.529 6.537 6.544 6.552 6.559 6.567 6.576 6.584 6.593
5.735 5.751 5.767 5.783 5.798 5.813 5.828 5.842 5.855 5.868 5.880 5.892 5.903 5.915 5.926 5.937 5.948 5.960 5.972 5.985 5.998 6.012 6.026 6.041 6.055 6.069 6.084 6.100 6.116 6.132 6.147 6.163 6.179 6.194 6.209 6.224 6.239 6.253 6.266 6.280 6.293 6.306 6.318 6.331 6.343 6.355 6.367 6.377 6.387 6.398 6.408 6.419 6.429 6.439 6.449 6.458 6.467 6.476 6.484 6.491 6.498 6.505 6.511 6.517 6.523 6.529 6.536 6.542 6.550 6.557 6.564 6.571 6.579 6.588 6.596 6.605
5.745 5.762 5.778 5.795 5.811 5.827 5.842 5.856 5.870 5.884 5.896 5.908 5.920 5.932 5.943 5.954 5.965 5.976 5.987 5.999 6.011 6.024 6.038 6.052 6.065 6.079 6.093 6.108 6.124 6.139 6.155 6.170 6.186 6.201 6.216 6.231 6.245 6.259 6.273 6.287 6.300 6.313 6.326 6.338 6.350 6.362 6.374 6.385 6.395 6.406 6.416 6.427 6.438 6.448 6.458 6.468 6.477 6.486 6.495 6.503 6.510 6.517 6.524 6.531 6.537 6.543 6.549 6.556 6.563 6.571 6.578 6.585 6.592 6.600 6.609 6.618
5.755 5.772 5.789 5.806 5.822 5.839 5.854 5.870 5.884 5.898 5.911 5.924 5.936 5.948 5.959 5.970 5.981 5.992 6.003 6.014 6.026 6.038 6.050 6.064 6.076 6.089 6.103 6.117 6.132 6.148 6.163 6.178 6.193 6.208 6.223 6.238 6.252 6.267 6.281 6.294 6.307 6.320 6.333 6.345 6.358 6.370 6.382 6.393 6.403 6.413 6.424 6.435 6.446 6.456 6.467 6.477 6.487 6.496 6.505 6.514 6.522 6.530 6.537 6.544 6.550 6.557 6.563 6.570 6.577 6.584 6.591 6.598 6.606 6.614 6.622 6.631
5.765 5.782 5.799 5.816 5.833 5.849 5.866 5.882 5.897 5.911 5.925 5.939 5.952 5.964 5.975 5.987 5.998 6.008 6.019 6.030 6.041 6.052 6.064 6.077 6.089 6.101 6.114 6.128 6.142 6.157 6.171 6.186 6.201 6.216 6.231 6.246 6.260 6.274 6.288 6.302 6.315 6.328 6.340 6.353 6.365 6.377 6.389 6.400 6.410 6.421 6.432 6.443 6.454 6.465 6.475 6.486 6.496 6.506 6.515 6.524 6.533 6.541 6.549 6.556 6.563 6.570 6.577 6.584 6.591 6.598 6.605 6.612 6.620 6.628 6.636 6.645
5.773 5.791 5.808 5.825 5.842 5.859 5.876 5.892 5.908 5.924 5.938 5.952 5.966 5.978 5.991 6.002 6.013 6.024 6.035 6.046 6.056 6.067 6.079 6.090 6.102 6.113 6.125 6.139 6.152 6.167 6.181 6.196 6.210 6.225 6.239 6.254 6.268 6.282 6.296 6.310 6.323 6.336 6.348 6.361 6.373 6.385 6.397 6.408 6.418 6.429 6.440 6.451 6.462 6.473 6.483 6.494 6.505 6.515 6.525 6.534 6.543 6.552 6.560 6.568 6.576 6.583 6.590 6.597 6.605 6.612 6.620 6.626 6.634 6.642 6.651 6.660
5.782 5.799 5.816 5.834 5.851 5.868 5.886 5.902 5.919 5.934 5.950 5.964 5.978 5.992 6.005 6.017 6.028 6.040 6.051 6.061 6.072 6.082 6.093 6.105 6.115 6.126 6.138 6.150 6.164 6.177 6.191 6.205 6.220 6.234 6.248 6.263 6.277 6.291 6.304 6.318 6.331 6.344 6.357 6.369 6.381 6.393 6.405 6.416 6.426 6.437 6.447 6.458 6.469 6.480 6.491 6.502 6.513 6.523 6.534 6.544 6.553 6.562 6.571 6.580 6.588 6.596 6.603 6.611 6.619 6.626 6.634 6.641 6.648 6.656 6.665 6.674
5.790 5.807 5.824 5.842 5.859 5.877 5.894 5.911 5.928 5.944 5.960 5.975 5.990 6.004 6.017 6.030 6.042 6.054 6.065 6.076 6.087 6.097 6.108 6.119 6.129 6.140 6.151 6.163 6.175 6.188 6.202 6.216 6.229 6.244 6.258 6.272 6.286 6.300 6.313 6.327 6.340 6.353 6.365 6.378 6.390 6.401 6.413 6.424 6.434 6.445 6.455 6.466 6.477 6.488 6.499 6.510 6.521 6.532 6.542 6.553 6.563 6.572 6.582 6.591 6.599 6.608 6.616 6.624 6.632 6.640 6.648 6.655 6.662 6.671 6.679 6.689
5.798 5.815 5.832 5.850 5.867 5.885 5.902 5.919 5.936 5.953 5.969 5.985 6.000 6.015 6.029 6.042 6.055 6.067 6.079 6.090 6.101 6.112 6.123 6.134 6.144 6.153 6.164 6.176 6.188 6.200 6.213 6.226 6.240 6.254 6.268 6.281 6.295 6.309 6.322 6.336 6.349 6.362 6.374 6.386 6.398 6.410 6.422 6.433 6.443 6.453 6.463 6.474 6.485 6.496 6.507 6.518 6.529 6.540 6.550 6.561 6.571 6.582 6.591 6.601 6.610 6.619 6.628 6.636 6.645 6.653 6.661 6.669 6.676 6.685 6.694 6.703
5.807 5.824 5.840 5.857 5.875 5.892 5.910 5.927 5.944 5.961 5.978 5.994 6.009 6.025 6.039 6.053 6.067 6.080 6.092 6.104 6.115 6.126 6.137 6.148 6.158 6.167 6.178 6.189 6.200 6.212 6.225 6.238 6.251 6.264 6.278 6.291 6.305 6.319 6.332 6.345 6.358 6.371 6.384 6.396 6.408 6.420 6.431 6.442 6.451 6.462 6.472 6.483 6.493 6.504 6.515 6.526 6.537 6.548 6.559 6.569 6.580 6.591 6.601 6.611 6.621 6.630 6.639 6.648 6.657 6.666 6.675 6.682 6.690 6.699 6.708 6.717
5.816 5.832 5.848 5.865 5.883 5.900 5.917 5.935 5.952 5.969 5.985 6.002 6.018 6.034 6.049 6.063 6.077 6.091 6.104 6.116 6.128 6.139 6.150 6.161 6.171 6.181 6.191 6.202 6.213 6.225 6.237 6.249 6.262 6.275 6.288 6.302 6.315 6.329 6.342 6.355 6.368 6.381 6.393 6.406 6.418 6.429 6.441 6.451 6.461 6.471 6.481 6.491 6.502 6.512 6.523 6.534 6.545 6.556 6.567 6.578 6.588 6.599 6.610 6.620 6.631 6.641 6.650 6.660 6.669 6.679 6.687 6.695 6.704 6.713 6.722 6.732
5.825 5.841 5.857 5.874 5.891 5.908 5.925 5.942 5.959 5.976 5.993 6.009 6.026 6.042 6.057 6.072 6.087 6.101 6.114 6.127 6.139 6.151 6.163 6.174 6.184 6.194 6.204 6.215 6.226 6.237 6.249 6.261 6.273 6.286 6.299 6.312 6.326 6.339 6.352 6.365 6.378 6.391 6.404 6.416 6.428 6.439 6.451 6.461 6.470 6.480 6.490 6.500 6.510 6.521 6.531 6.542 6.553 6.564 6.575 6.586 6.597 6.608 6.619 6.630 6.640 6.651 6.661 6.671 6.681 6.691 6.700 6.708 6.717 6.726 6.735 6.745
5.835 5.851 5.866 5.882 5.899 5.916 5.932 5.949 5.966 5.983 6.000 6.017 6.033 6.049 6.065 6.081 6.095 6.110 6.124 6.137 6.150 6.163 6.174 6.186 6.196 6.206 6.216 6.227 6.238 6.249 6.261 6.273 6.285 6.297 6.310 6.323 6.336 6.349 6.363 6.376 6.389 6.401 6.414 6.426 6.438 6.449 6.461 6.471 6.480 6.490 6.500 6.510 6.520 6.530 6.540 6.550 6.561 6.572 6.583 6.594 6.605 6.616 6.627 6.639 6.650 6.660 6.671 6.682 6.692 6.702 6.712 6.720 6.729 6.739 6.748 6.759
5.846 5.861 5.876 5.892 5.908 5.924 5.940 5.957 5.974 5.990 6.007 6.024 6.040 6.056 6.073 6.088 6.103 6.118 6.133 6.147 6.160 6.173 6.185 6.197 6.208 6.218 6.228 6.239 6.250 6.261 6.273 6.284 6.296 6.308 6.321 6.334 6.347 6.360 6.373 6.386 6.399 6.412 6.424 6.437 6.448 6.460 6.471 6.481 6.491 6.500 6.510 6.519 6.529 6.539 6.549 6.559 6.570 6.580 6.591 6.602 6.613 6.625 6.636 6.647 6.659 6.670 6.681 6.692 6.703 6.714 6.723 6.732 6.741 6.751 6.761 6.772
5.857 5.872 5.886 5.901 5.917 5.933 5.949 5.965 5.981 5.998 6.014 6.031 6.047 6.064 6.080 6.095 6.111 6.126 6.141 6.155 6.169 6.182 6.195 6.207 6.218 6.229 6.240 6.250 6.262 6.273 6.284 6.295 6.307 6.319 6.332 6.344 6.357 6.370 6.383 6.396 6.409 6.422 6.435 6.447 6.459 6.471 6.482 6.492 6.501 6.511 6.520 6.530 6.539 6.549 6.559 6.569 6.579 6.589 6.600 6.611 6.622 6.633 6.645 6.656 6.668 6.680 6.691 6.702 6.714 6.725 6.734 6.744 6.753 6.763 6.774 6.784
5.869 5.883 5.897 5.912 5.927 5.942 5.958 5.974 5.990 6.006 6.022 6.038 6.054 6.071 6.087 6.102 6.118 6.133 6.149 6.163 6.177 6.191 6.204 6.217 6.228 6.239 6.250 6.261 6.272 6.284 6.295 6.306 6.318 6.330 6.342 6.355 6.368 6.380 6.393 6.406 6.419 6.432 6.445 6.458 6.470 6.482 6.493 6.503 6.512 6.521 6.531 6.540 6.550 6.559 6.569 6.578 6.588 6.598 6.609 6.620 6.631 6.642 6.654 6.666 6.677 6.689 6.701 6.713 6.725 6.736 6.745 6.755 6.765 6.775 6.786 6.797
5.881 5.894 5.908 5.923 5.938 5.953 5.968 5.983 5.998 6.014 6.030 6.046 6.062 6.078 6.094 6.109 6.125 6.141 6.156 6.171 6.185 6.199 6.213 6.226 6.237 6.248 6.260 6.271 6.283 6.294 6.305 6.317 6.329 6.340 6.353 6.365 6.378 6.390 6.403 6.416 6.429 6.442 6.455 6.468 6.480 6.492 6.504 6.514 6.523 6.532 6.542 6.551 6.560 6.570 6.579 6.588 6.598 6.608 6.619 6.629 6.640 6.652 6.663 6.675 6.687 6.699 6.711 6.723 6.735 6.746 6.756 6.766 6.777 6.787 6.798 6.809
5.893 5.906 5.920 5.935 5.949 5.963 5.978 5.993 6.008 6.023 6.038 6.054 6.069 6.085 6.101 6.117 6.132 6.148 6.163 6.178 6.193 6.207 6.221 6.234 6.245 6.257 6.269 6.281 6.293 6.304 6.315 6.327 6.339 6.350 6.363 6.375 6.387 6.400 6.413 6.426 6.439 6.452 6.465 6.478 6.491 6.503 6.514 6.524 6.534 6.543 6.553 6.562 6.571 6.581 6.590 6.599 6.609 6.618 6.629 6.639 6.650 6.661 6.673 6.685 6.697 6.709 6.721 6.733 6.745 6.757 6.767 6.777 6.788 6.799 6.810 6.821
5.905 5.918 5.932 5.947 5.961 5.975 5.989 6.003 6.018 6.032 6.047 6.062 6.078 6.093 6.108 6.124 6.139 6.155 6.170 6.185 6.200 6.215 6.229 6.242 6.254 6.266 6.278 6.290 6.302 6.313 6.325 6.337 6.348 6.360 6.372 6.384 6.397 6.410 6.422 6.435 6.449 6.462 6.475 6.488 6.501 6.513 6.525 6.534 6.544 6.554 6.564 6.573 6.583 6.592 6.601 6.610 6.619 6.629 6.639 6.649 6.660 6.671 6.683 6.695 6.707 6.719 6.731 6.744 6.756 6.767 6.778 6.789 6.800 6.811 6.822 6.833
5.916 5.930 5.944 5.959 5.973 5.987 6.001 6.014 6.028 6.043 6.057 6.072 6.086 6.101 6.116 6.132 6.147 6.162 6.177 6.192 6.207 6.222 6.236 6.249 6.261 6.274 6.286 6.298 6.311 6.322 6.334 6.346 6.358 6.369 6.381 6.394 6.406 6.419 6.431 6.444 6.458 6.471 6.484 6.497 6.510 6.523 6.534 6.545 6.555 6.565 6.575 6.585 6.594 6.603 6.612 6.621 6.631 6.640 6.650 6.660 6.671 6.682 6.693 6.705 6.717 6.729 6.742 6.754 6.767 6.778 6.789 6.800 6.811 6.822 6.834 6.845
5.927 5.941 5.956 5.970 5.985 5.999 6.012 6.026 6.040 6.053 6.067 6.081 6.096 6.110 6.125 6.140 6.155 6.170 6.185 6.200 6.214 6.229 6.244 6.257 6.269 6.282 6.294 6.307 6.319 6.331 6.343 6.355 6.367 6.378 6.390 6.402 6.415 6.427 6.440 6.453 6.466 6.480 6.493 6.506 6.519 6.532 6.544 6.554 6.565 6.575 6.586 6.595 6.605 6.614 6.624 6.633 6.642 6.651 6.661 6.671 6.682 6.693 6.704 6.716 6.728 6.740 6.752 6.765 6.778 6.790 6.801 6.812 6.823 6.834 6.846 6.857
5.937 5.952 5.967 5.982 5.996 6.010 6.024 6.038 6.051 6.065 6.078 6.092 6.106 6.120 6.134 6.149 6.163 6.178 6.192 6.207 6.222 6.236 6.251 6.264 6.277 6.289 6.302 6.315 6.327 6.339 6.351 6.363 6.375 6.387 6.399 6.411 6.423 6.436 6.449 6.462 6.475 6.488 6.501 6.515 6.528 6.541 6.553 6.564 6.575 6.585 6.596 6.606 6.616 6.626 6.635 6.644 6.654 6.663 6.673 6.683 6.693 6.704 6.715 6.727 6.739 6.751 6.764 6.776 6.789 6.801 6.812 6.824 6.835 6.846 6.858 6.869
5.946 5.962 5.977 5.992 6.007 6.022 6.036 6.049 6.063 6.076 6.089 6.103 6.116 6.130 6.144 6.158 6.172 6.186 6.201 6.215 6.230 6.244 6.258 6.272 6.284 6.297 6.310 6.323 6.335 6.347 6.360 6.372 6.383 6.395 6.407 6.419 6.432 6.444 6.457 6.470 6.483 6.496 6.509 6.523 6.536 6.549 6.561 6.573 6.584 6.595 6.606 6.617 6.627 6.637 6.646 6.656 6.665 6.675 6.684 6.694 6.705 6.715 6.727 6.738 6.750 6.762 6.775 6.788 6.801 6.813 6.824 6.836 6.847 6.859 6.870 6.882
5.954 5.970 5.986 6.002 6.018 6.032 6.047 6.061 6.074 6.088 6.101 6.114 6.127 6.140 6.154 6.167 6.181 6.195 6.209 6.223 6.238 6.252 6.266 6.279 6.292 6.305 6.318 6.330 6.343 6.355 6.368 6.380 6.392 6.404 6.416 6.428 6.440 6.452 6.465 6.477 6.490 6.504 6.517 6.530 6.544 6.557 6.570 6.581 6.593 6.604 6.615 6.626 6.637 6.647 6.657 6.667 6.677 6.686 6.696 6.706 6.717 6.727 6.738 6.750 6.762 6.774 6.787 6.799 6.812 6.825 6.836 6.848 6.859 6.871 6.883 6.894
5.961 5.977 5.994 6.011 6.027 6.042 6.057 6.071 6.085 6.099 6.112 6.125 6.138 6.151 6.164 6.178 6.191 6.205 6.218 6.232 6.246 6.260 6.274 6.287 6.300 6.313 6.325 6.338 6.351 6.363 6.376 6.388 6.400 6.412 6.424 6.436 6.448 6.460 6.472 6.485 6.498 6.511 6.524 6.538 6.551 6.565 6.577 6.589 6.601 6.613 6.625 6.636 6.647 6.658 6.668 6.678 6.688 6.698 6.708 6.718 6.728 6.739 6.750 6.762 6.774 6.786 6.799 6.811 6.825 6.837 6.849 6.860 6.872 6.884 6.895 6.907
5.966 5.983 6.001 6.018 6.035 6.051 6.066 6.081 6.095 6.109 6.123 6.136 6.149 6.162 6.175 6.188 6.201 6.214 6.228 6.241 6.255 6.269 6.283 6.296 6.308 6.321 6.333 6.346 6.359 6.371 6.384 6.396 6.408 6.420 6.432 6.444 6.456 6.468 6.480 6.493 6.505 6.518 6.531 6.545 6.558 6.572 6.585 6.597 6.609 6.621 6.633 6.645 6.657 6.668 6.678 6.689 6.699 6.709 6.720 6.730 6.740 6.751 6.762 6.774 6.786 6.798 6.811 6.824 6.837 6.849 6.861 6.873 6.885 6.897 6.908 6.920
5.971 5.988 6.006 6.024 6.042 6.058 6.074 6.090 6.105 6.119 6.133 6.146 6.160 6.173 6.186 6.198 6.211 6.224 6.238 6.251 6.264 6.278 6.291 6.304 6.316 6.329 6.342 6.355 6.367 6.380 6.392 6.404 6.416 6.428 6.440 6.451 6.463 6.475 6.487 6.500 6.513 6.525 6.538 6.552 6.565 6.579 6.592 6.604 6.616 6.629 6.641 6.654 6.666 6.677 6.688 6.699 6.710 6.721 6.731 6.742 6.752 6.763 6.774 6.786 6.798 6.810 6.823 6.836 6.849 6.862 6.874 6.886 6.898 6.910 6.922 6.933
5.974 5.992 6.011 6.029 6.047 6.064 6.081 6.097 6.113 6.128 6.142 6.156 6.170 6.183 6.196 6.209 6.222 6.235 6.248 6.261 6.274 6.287 6.300 6.313 6.325 6.338 6.350 6.363 6.376 6.388 6.400 6.412 6.424 6.436 6.448 6.459 6.471 6.483 6.495 6.507 6.520 6.532 6.545 6.559 6.572 6.586 6.599 6.611 6.624 6.636 6.649 6.662 6.674 6.686 6.698 6.709 6.721 6.732 6.742 6.753 6.764 6.775 6.786 6.798 6.810 6.823 6.835 6.848 6.862 6.875 6.886 6.899 6.911 6.923 6.935 6.947
5.977 5.996 6.014 6.033 6.052 6.069 6.087 6.103 6.120 6.135 6.150 6.165 6.179 6.192 6.206 6.219 6.232 6.245 6.257 6.270 6.283 6.297 6.310 6.322 6.334 6.346 6.359 6.372 6.384 6.396 6.409 6.421 6.432 6.444 6.456 6.467 6.479 6.491 6.502 6.515 6.527 6.539 6.552 6.565 6.579 6.592 6.605 6.618 6.631 6.644 6.657 6.670 6.683 6.695 6.707 6.719 6.731 6.742 6.753 6.764 6.776 6.787 6.798 6.810 6.822 6.835 6.848 6.861 6.874 6.887 6.899 6.912 6.924 6.936 6.949 6.961
5.980 5.998 6.017 6.036 6.055 6.073 6.091 6.109 6.125 6.141 6.157 6.172 6.187 6.201 6.214 6.228 6.241 6.254 6.267 6.280 6.293 6.306 6.319 6.331 6.343 6.355 6.368 6.380 6.393 6.405 6.417 6.429 6.441 6.453 6.464 6.476 6.487 6.498 6.510 6.522 6.534 6.546 6.559 6.572 6.585 6.599 6.612 6.624 6.637 6.651 6.664 6.677 6.690 6.703 6.716 6.728 6.740 6.752 6.764 6.775 6.787 6.798 6.810 6.822 6.834 6.847 6.860 6.873 6.887 6.900 6.912 6.925 6.937 6.950 6.962 6.975
5.982 6.001 6.020 6.039 6.058 6.076 6.095 6.113 6.130 6.147 6.163 6.178 6.194 6.208 6.222 6.236 6.250 6.263 6.276 6.289 6.302 6.315 6.328 6.340 6.352 6.364 6.377 6.389 6.402 6.414 6.426 6.438 6.450 6.461 6.473 6.484 6.495 6.506 6.518 6.530 6.541 6.554 6.566 6.579 6.592 6.606 6.618 6.631 6.644 6.657 6.671 6.685 6.698 6.711 6.725 6.737 6.750 6.762 6.774 6.786 6.798 6.810 6.822 6.834 6.846 6.859 6.872 6.886 6.899 6.912 6.925 6.938 6.951 6.963 6.976 6.989
