version1/TsunamiDB/out54043.asc
ncols          264
nrows          230
xllcorner      497853.4375
yllcorner      4229146.0000
cellsize         5.
NODATA_value   -99
[rows 128 to 159 of 230, columns 73 to 145 of 264]
-99.000 -99.000 -99.000 -99.000 -99.000 -99.000 -99.000 -99.000 -99.000 -99.000 -99.000 -99.000 1.648 1.670 1.769 1.965 2.234 2.541 2.850 3.132 3.375 3.573 3.733 3.861 3.967 4.056 4.133 4.203 4.265 4.324 4.379 4.432 4.482 4.531 4.577 4.623 4.667 4.710 4.753 4.794 4.835 4.875 4.914 4.952 4.988 5.024 5.057 5.090 5.121 5.151 5.179 5.205 5.230 5.254 5.278 5.301 5.324 5.347 5.370 5.395 5.420 5.446 5.474 5.502 5.532 5.562 5.593 5.624 5.656 5.688 5.720 5.752 5.785
-99.000 -99.000 -99.000 -99.000 -99.000 -99.000 -99.000 -99.000 -99.000 -99.000 -99.000 1.647 1.652 1.699 1.840 2.072 2.362 2.673 2.973 3.240 3.463 3.644 3.790 3.908 4.006 4.090 4.164 4.231 4.291 4.348 4.403 4.454 4.504 4.551 4.598 4.643 4.686 4.730 4.772 4.814 4.854 4.894 4.933 4.971 5.008 5.044 5.078 5.111 5.142 5.172 5.201 5.227 5.252 5.276 5.299 5.321 5.343 5.364 5.386 5.408 5.431 5.456 5.481 5.508 5.536 5.565 5.595 5.626 5.658 5.690 5.722 5.754 5.787
-99.000 -99.000 -99.000 -99.000 -99.000 -99.000 -99.000 -99.000 -99.000 -99.000 -99.000 1.648 1.663 1.747 1.929 2.190 2.493 2.803 3.091 3.340 3.545 3.710 3.842 3.951 4.043 4.122 4.193 4.258 4.316 4.372 4.425 4.476 4.525 4.572 4.617 4.662 4.705 4.748 4.791 4.832 4.873 4.913 4.952 4.990 5.027 5.063 5.097 5.131 5.163 5.193 5.223 5.249 5.274 5.299 5.322 5.343 5.364 5.384 5.404 5.424 5.445 5.467 5.491 5.515 5.542 5.569 5.598 5.628 5.659 5.691 5.723 5.755 5.788
-99.000 -99.000 -99.000 -99.000 -99.000 -99.000 -99.000 -99.000 -99.000 -99.000 1.647 1.650 1.687 1.813 2.033 2.316 2.627 2.930 3.202 3.432 3.619 3.769 3.891 3.992 4.077 4.153 4.221 4.283 4.341 4.395 4.447 4.497 4.545 4.591 4.637 4.681 4.724 4.767 4.809 4.850 4.891 4.931 4.970 5.008 5.045 5.081 5.115 5.149 5.182 5.213 5.243 5.271 5.297 5.322 5.345 5.366 5.387 5.406 5.425 5.443 5.462 5.482 5.502 5.525 5.549 5.575 5.602 5.631 5.661 5.692 5.724 5.756 5.789
-99.000 -99.000 -99.000 -99.000 -99.000 -99.000 -99.000 -99.000 -99.000 -99.000 1.647 1.658 1.729 1.898 2.149 2.448 2.759 3.052 3.306 3.517 3.687 3.824 3.936 4.029 4.110 4.182 4.248 4.308 4.364 4.417 4.469 4.518 4.565 4.611 4.655 4.699 4.742 4.785 4.826 4.867 4.908 4.947 4.986 5.024 5.061 5.097 5.133 5.167 5.200 5.232 5.263 5.291 5.318 5.344 5.368 5.390 5.410 5.429 5.447 5.464 5.481 5.499 5.517 5.537 5.558 5.582 5.607 5.634 5.663 5.693 5.724 5.756 5.789
-99.000 -99.000 -99.000 -99.000 -99.000 -99.000 -99.000 -99.000 -99.000 1.647 1.649 1.678 1.790 1.998 2.275 2.584 2.890 3.167 3.402 3.595 3.749 3.874 3.977 4.065 4.141 4.210 4.274 4.333 4.387 4.439 4.490 4.538 4.585 4.630 4.674 4.718 4.760 4.802 4.844 4.884 4.924 4.963 5.002 5.040 5.077 5.113 5.149 5.183 5.217 5.250 5.282 5.311 5.338 5.365 5.390 5.413 5.434 5.454 5.471 5.488 5.503 5.519 5.535 5.552 5.570 5.591 5.614 5.638 5.665 5.694 5.724 5.756 5.788
-99.000 -99.000 -99.000 -99.000 -99.000 -99.000 -99.000 -99.000 -99.000 1.647 1.655 1.714 1.870 2.113 2.408 2.719 3.015 3.275 3.491 3.666 3.806 3.921 4.016 4.098 4.171 4.238 4.299 4.356 4.410 4.461 4.510 4.558 4.604 4.649 4.693 4.736 4.778 4.820 4.861 4.901 4.940 4.979 5.017 5.054 5.091 5.128 5.164 5.199 5.233 5.266 5.298 5.328 5.357 5.385 5.411 5.435 5.458 5.478 5.496 5.512 5.527 5.542 5.556 5.570 5.586 5.603 5.623 5.645 5.669 5.696 5.725 5.755 5.787
-99.000 -99.000 -99.000 -99.000 -99.000 -99.000 -99.000 -99.000 -99.000 1.648 1.670 1.770 1.968 2.238 2.544 2.852 3.134 3.375 3.572 3.731 3.858 3.964 4.053 4.130 4.200 4.264 4.323 4.379 4.432 4.482 4.531 4.578 4.624 4.669 4.712 4.755 4.797 4.837 4.877 4.917 4.955 4.994 5.031 5.068 5.105 5.142 5.177 5.213 5.247 5.281 5.314 5.345 5.374 5.403 5.431 5.456 5.480 5.501 5.520 5.538 5.553 5.566 5.579 5.592 5.605 5.619 5.635 5.654 5.675 5.700 5.726 5.755 5.786
-99.000 -99.000 -99.000 -99.000 -99.000 -99.000 -99.000 -99.000 1.647 1.652 1.702 1.846 2.080 2.371 2.682 2.981 3.246 3.467 3.646 3.790 3.907 4.004 4.087 4.161 4.228 4.290 4.347 4.402 4.454 4.503 4.552 4.599 4.644 4.689 4.732 4.774 4.815 4.855 4.894 4.933 4.971 5.008 5.045 5.082 5.118 5.155 5.190 5.225 5.260 5.294 5.327 5.359 5.390 5.420 5.448 5.475 5.500 5.523 5.544 5.562 5.578 5.592 5.605 5.616 5.627 5.638 5.651 5.667 5.685 5.706 5.730 5.756 5.785
-99.000 -99.000 -99.000 -99.000 -99.000 -99.000 -99.000 -99.000 1.648 1.665 1.754 1.941 2.204 2.509 2.818 3.103 3.349 3.551 3.713 3.844 3.951 4.041 4.120 4.190 4.255 4.314 4.371 4.425 4.475 4.525 4.573 4.619 4.665 4.709 4.752 4.793 4.833 4.873 4.911 4.949 4.986 5.023 5.059 5.095 5.131 5.167 5.202 5.237 5.272 5.306 5.340 5.372 5.403 5.434 5.464 5.492 5.519 5.543 5.566 5.586 5.603 5.618 5.631 5.642 5.652 5.662 5.672 5.683 5.698 5.715 5.735 5.759 5.786
-99.000 -99.000 -99.000 -99.000 -99.000 -99.000 -99.000 1.647 1.651 1.693 1.826 2.051 2.338 2.648 2.950 3.219 3.445 3.628 3.775 3.894 3.992 4.077 4.151 4.218 4.280 4.339 4.394 4.447 4.497 4.546 4.594 4.641 4.686 4.729 4.772 4.813 4.852 4.891 4.928 4.965 5.002 5.038 5.073 5.109 5.144 5.179 5.214 5.249 5.283 5.317 5.351 5.383 5.415 5.447 5.478 5.507 5.535 5.561 5.585 5.607 5.627 5.643 5.658 5.669 5.679 5.688 5.696 5.704 5.715 5.728 5.745 5.765 5.788
-99.000 -99.000 -99.000 -99.000 -99.000 -99.000 -99.000 1.647 1.661 1.740 1.917 2.174 2.476 2.786 3.075 3.325 3.532 3.698 3.831 3.940 4.031 4.110 4.181 4.245 4.306 4.363 4.417 4.469 4.518 4.568 4.616 4.662 4.707 4.750 4.792 4.832 4.871 4.909 4.946 4.982 5.018 5.053 5.088 5.122 5.157 5.191 5.225 5.259 5.294 5.328 5.361 5.393 5.426 5.458 5.489 5.520 5.549 5.577 5.603 5.626 5.648 5.667 5.683 5.696 5.707 5.715 5.722 5.729 5.736 5.746 5.758 5.774 5.793
-99.000 -99.000 -99.000 -99.000 -99.000 -99.000 1.647 1.650 1.685 1.808 2.025 2.307 2.617 2.920 3.193 3.424 3.611 3.761 3.882 3.982 4.067 4.141 4.209 4.271 4.330 4.386 4.440 4.491 4.541 4.590 4.638 4.684 4.728 4.771 4.813 4.853 4.891 4.928 4.965 5.000 5.035 5.069 5.103 5.136 5.170 5.203 5.237 5.270 5.304 5.337 5.370 5.402 5.435 5.468 5.500 5.531 5.561 5.590 5.617 5.643 5.667 5.688 5.706 5.721 5.734 5.744 5.751 5.757 5.762 5.768 5.776 5.788 5.803
-99.000 -99.000 -99.000 -99.000 -99.000 -99.000 1.647 1.658 1.728 1.895 2.146 2.445 2.756 3.048 3.303 3.513 3.682 3.818 3.928 4.021 4.100 4.171 4.236 4.296 4.354 4.409 4.462 4.513 4.563 4.612 4.660 4.706 4.750 4.792 4.833 4.873 4.911 4.948 4.984 5.018 5.052 5.085 5.118 5.151 5.183 5.216 5.248 5.281 5.314 5.346 5.379 5.411 5.444 5.476 5.509 5.540 5.571 5.601 5.630 5.657 5.683 5.706 5.727 5.744 5.759 5.771 5.779 5.786 5.790 5.794 5.799 5.806 5.817
-99.000 -99.000 -99.000 -99.000 -99.000 1.647 1.649 1.678 1.791 2.000 2.278 2.586 2.892 3.169 3.404 3.595 3.747 3.870 3.971 4.057 4.132 4.199 4.262 4.321 4.377 4.432 4.485 4.536 4.585 4.635 4.682 4.727 4.771 4.813 4.854 4.893 4.931 4.968 5.003 5.037 5.071 5.103 5.135 5.166 5.198 5.229 5.260 5.292 5.324 5.356 5.387 5.419 5.451 5.484 5.516 5.549 5.580 5.611 5.641 5.669 5.696 5.722 5.745 5.765 5.782 5.796 5.807 5.815 5.820 5.823 5.826 5.830 5.836
-99.000 -99.000 -99.000 -99.000 -99.000 1.647 1.655 1.717 1.875 2.119 2.415 2.727 3.022 3.281 3.496 3.668 3.807 3.918 4.011 4.091 4.162 4.226 4.287 4.345 4.400 4.455 4.508 4.558 4.608 4.656 4.703 4.748 4.792 4.834 4.875 4.914 4.952 4.988 5.023 5.057 5.090 5.121 5.152 5.183 5.213 5.243 5.273 5.304 5.334 5.366 5.396 5.427 5.459 5.491 5.524 5.556 5.588 5.619 5.650 5.679 5.708 5.735 5.760 5.782 5.802 5.819 5.833 5.842 5.849 5.853 5.855 5.857 5.860
-99.000 -99.000 -99.000 -99.000 -99.000 1.648 1.672 1.776 1.976 2.249 2.556 2.864 3.145 3.384 3.579 3.735 3.860 3.962 4.048 4.123 4.190 4.253 4.312 4.368 4.424 4.477 4.530 4.580 4.629 4.678 4.724 4.769 4.813 4.855 4.895 4.935 4.972 5.009 5.044 5.077 5.109 5.141 5.171 5.201 5.230 5.259 5.288 5.317 5.346 5.376 5.405 5.435 5.467 5.498 5.530 5.562 5.594 5.626 5.657 5.688 5.717 5.746 5.773 5.797 5.820 5.839 5.855 5.868 5.877 5.883 5.885 5.887 5.888
-99.000 -99.000 -99.000 -99.000 1.647 1.653 1.706 1.855 2.092 2.385 2.697 2.995 3.259 3.478 3.655 3.796 3.910 4.003 4.083 4.154 4.218 4.279 4.336 4.392 4.447 4.500 4.552 4.602 4.650 4.698 4.744 4.789 4.833 4.875 4.915 4.955 4.993 5.029 5.064 5.098 5.130 5.161 5.191 5.220 5.248 5.276 5.303 5.331 5.359 5.388 5.416 5.444 5.474 5.505 5.537 5.568 5.600 5.632 5.664 5.695 5.725 5.755 5.783 5.810 5.834 5.856 5.875 5.891 5.902 5.910 5.915 5.917 5.918
-99.000 -99.000 -99.000 -99.000 1.648 1.667 1.760 1.952 2.219 2.525 2.834 3.119 3.364 3.564 3.724 3.852 3.955 4.042 4.117 4.184 4.246 4.304 4.361 4.416 4.470 4.523 4.574 4.623 4.671 4.718 4.764 4.808 4.852 4.894 4.935 4.974 5.013 5.049 5.084 5.118 5.150 5.181 5.211 5.240 5.267 5.294 5.321 5.347 5.374 5.401 5.427 5.454 5.483 5.513 5.543 5.574 5.606 5.637 5.669 5.701 5.732 5.762 5.792 5.820 5.846 5.870 5.892 5.910 5.925 5.936 5.943 5.947 5.948
-99.000 -99.000 -99.000 1.648 1.651 1.696 1.834 2.063 2.352 2.664 2.966 3.235 3.460 3.642 3.787 3.903 3.998 4.079 4.149 4.213 4.273 4.330 4.386 4.440 4.493 4.545 4.595 4.643 4.690 4.737 4.783 4.827 4.870 4.913 4.954 4.993 5.032 5.069 5.104 5.138 5.171 5.202 5.232 5.260 5.287 5.314 5.339 5.365 5.390 5.415 5.440 5.466 5.493 5.521 5.550 5.580 5.611 5.643 5.674 5.706 5.738 5.769 5.799 5.828 5.856 5.882 5.906 5.927 5.944 5.958 5.968 5.975 5.978
-99.000 -99.000 -99.000 1.649 1.662 1.745 1.926 2.186 2.490 2.802 3.092 3.342 3.548 3.713 3.844 3.950 4.038 4.114 4.181 4.242 4.300 4.356 4.411 4.464 4.516 4.566 4.616 4.663 4.709 4.755 4.801 4.845 4.888 4.930 4.972 5.012 5.050 5.088 5.124 5.158 5.191 5.223 5.253 5.281 5.308 5.334 5.360 5.384 5.408 5.432 5.455 5.479 5.504 5.531 5.559 5.587 5.617 5.648 5.679 5.711 5.742 5.774 5.805 5.835 5.864 5.892 5.917 5.940 5.960 5.977 5.990 5.999 6.005
-99.000 -99.000 1.648 1.651 1.687 1.813 2.032 2.316 2.628 2.934 3.209 3.441 3.628 3.778 3.897 3.995 4.077 4.148 4.212 4.271 4.328 4.383 4.436 4.488 4.538 4.587 4.636 4.682 4.727 4.773 4.818 4.862 4.905 4.947 4.988 5.029 5.068 5.105 5.142 5.177 5.211 5.243 5.273 5.302 5.330 5.356 5.381 5.405 5.428 5.450 5.472 5.494 5.518 5.542 5.568 5.595 5.624 5.653 5.684 5.715 5.747 5.779 5.810 5.841 5.871 5.900 5.927 5.951 5.974 5.993 6.009 6.021 6.030
-99.000 -99.000 1.648 1.659 1.729 1.898 2.150 2.451 2.765 3.060 3.317 3.530 3.701 3.837 3.947 4.037 4.114 4.182 4.243 4.301 4.356 4.409 4.461 4.512 4.561 4.609 4.656 4.701 4.746 4.791 4.835 4.878 4.921 4.963 5.004 5.045 5.084 5.122 5.159 5.195 5.229 5.262 5.293 5.323 5.351 5.377 5.402 5.426 5.449 5.471 5.491 5.512 5.533 5.556 5.580 5.605 5.632 5.660 5.689 5.720 5.751 5.783 5.814 5.846 5.876 5.906 5.934 5.960 5.984 6.006 6.024 6.039 6.051
-99.000 1.648 1.650 1.678 1.790 1.998 2.276 2.587 2.897 3.178 3.418 3.613 3.768 3.893 3.993 4.078 4.150 4.215 4.275 4.331 4.385 4.436 4.487 4.536 4.583 4.630 4.676 4.720 4.764 4.808 4.851 4.894 4.936 4.978 5.019 5.059 5.099 5.137 5.175 5.211 5.246 5.280 5.312 5.342 5.371 5.399 5.424 5.448 5.471 5.492 5.512 5.531 5.552 5.572 5.594 5.617 5.642 5.668 5.696 5.725 5.755 5.786 5.818 5.849 5.880 5.911 5.940 5.967 5.993 6.016 6.036 6.054 6.069
-99.000 1.648 1.655 1.714 1.868 2.110 2.407 2.722 3.023 3.288 3.510 3.688 3.830 3.944 4.038 4.117 4.186 4.248 4.306 4.361 4.413 4.464 4.513 4.560 4.606 4.651 4.696 4.739 4.782 4.825 4.867 4.909 4.951 4.992 5.033 5.073 5.113 5.151 5.189 5.226 5.262 5.296 5.329 5.361 5.391 5.419 5.446 5.470 5.493 5.515 5.535 5.553 5.572 5.591 5.611 5.631 5.654 5.678 5.704 5.731 5.760 5.790 5.821 5.853 5.884 5.914 5.944 5.973 5.999 6.024 6.046 6.066 6.084
-99.000 1.649 1.670 1.767 1.961 2.231 2.540 2.853 3.142 3.390 3.594 3.757 3.887 3.993 4.080 4.155 4.222 4.282 4.338 4.391 4.442 4.491 4.539 4.585 4.629 4.673 4.717 4.758 4.800 4.842 4.884 4.925 4.966 5.006 5.046 5.086 5.126 5.164 5.202 5.239 5.276 5.311 5.345 5.377 5.409 5.438 5.466 5.492 5.516 5.538 5.558 5.576 5.594 5.612 5.630 5.649 5.669 5.690 5.714 5.739 5.766 5.795 5.825 5.856 5.887 5.917 5.947 5.976 6.004 6.030 6.054 6.076 6.096
1.648 1.653 1.698 1.837 2.066 2.357 2.673 2.979 3.254 3.484 3.672 3.821 3.941 4.039 4.121 4.193 4.257 4.315 4.370 4.422 4.472 4.519 4.565 4.610 4.653 4.696 4.738 4.778 4.819 4.860 4.900 4.940 4.980 5.020 5.059 5.099 5.138 5.176 5.214 5.252 5.288 5.324 5.359 5.392 5.425 5.455 5.484 5.512 5.537 5.560 5.581 5.600 5.618 5.635 5.652 5.669 5.686 5.705 5.726 5.749 5.774 5.801 5.829 5.859 5.889 5.919 5.950 5.979 6.008 6.035 6.060 6.084 6.105
1.648 1.663 1.743 1.922 2.181 2.487 2.803 3.099 3.357 3.571 3.743 3.880 3.991 4.083 4.161 4.230 4.292 4.349 4.402 4.453 4.501 4.548 4.592 4.636 4.678 4.720 4.760 4.799 4.839 4.878 4.917 4.956 4.995 5.033 5.072 5.111 5.149 5.187 5.225 5.262 5.299 5.335 5.371 5.405 5.439 5.471 5.501 5.530 5.556 5.581 5.603 5.623 5.642 5.659 5.676 5.691 5.707 5.724 5.742 5.762 5.784 5.808 5.835 5.863 5.892 5.922 5.951 5.981 6.010 6.038 6.064 6.090 6.112
1.650 1.684 1.804 2.019 2.302 2.617 2.929 3.212 3.453 3.651 3.809 3.935 4.039 4.125 4.200 4.266 4.327 4.382 4.434 4.484 4.531 4.576 4.620 4.662 4.704 4.744 4.783 4.820 4.859 4.897 4.935 4.972 5.010 5.047 5.085 5.122 5.160 5.198 5.235 5.272 5.309 5.345 5.381 5.416 5.451 5.484 5.515 5.546 5.574 5.600 5.624 5.646 5.666 5.684 5.700 5.715 5.730 5.745 5.760 5.778 5.797 5.818 5.842 5.868 5.895 5.924 5.953 5.982 6.011 6.040 6.067 6.094 6.118
1.657 1.720 1.881 2.127 2.428 2.746 3.049 3.318 3.542 3.724 3.869 3.987 4.084 4.166 4.238 4.302 4.361 4.415 4.466 4.515 4.561 4.605 4.648 4.689 4.729 4.769 4.806 4.843 4.881 4.917 4.954 4.990 5.026 5.062 5.098 5.135 5.171 5.208 5.245 5.281 5.318 5.354 5.390 5.426 5.461 5.495 5.528 5.559 5.590 5.617 5.642 5.666 5.688 5.707 5.725 5.740 5.755 5.768 5.782 5.797 5.813 5.831 5.852 5.875 5.900 5.927 5.955 5.984 6.012 6.041 6.069 6.096 6.122
1.672 1.772 1.971 2.243 2.555 2.871 3.163 3.416 3.623 3.791 3.925 4.035 4.127 4.205 4.275 4.337 4.394 4.448 4.498 4.546 4.591 4.634 4.676 4.717 4.756 4.794 4.831 4.867 4.903 4.939 4.974 5.008 5.043 5.078 5.113 5.148 5.183 5.218 5.254 5.290 5.326 5.362 5.398 5.434 5.469 5.504 5.538 5.571 5.602 5.631 5.658 5.684 5.708 5.729 5.748 5.765 5.780 5.793 5.806 5.818 5.832 5.848 5.865 5.885 5.908 5.932 5.958 5.986 6.014 6.042 6.070 6.099 6.125
1.699 1.840 2.072 2.365 2.683 2.993 3.271 3.506 3.698 3.852 3.977 4.080 4.167 4.243 4.310 4.371 4.427 4.480 4.529 4.576 4.621 4.663 4.705 4.744 4.783 4.821 4.856 4.891 4.927 4.961 4.995 5.028 5.062 5.095 5.128 5.162 5.196 5.230 5.264 5.299 5.334 5.370 5.405 5.441 5.476 5.511 5.546 5.580 5.612 5.643 5.672 5.699 5.725 5.749 5.770 5.788 5.804 5.818 5.830 5.842 5.854 5.867 5.881 5.898 5.917 5.939 5.963 5.989 6.016 6.044 6.072 6.101 6.128
