version1/TsunamiDB/out54074.asc
ncols          264
nrows          230
xllcorner      497853.4375
yllcorner      4229146.0000
cellsize         5.
NODATA_value   -99
[rows 99 to 131 of 230, columns 152 to 227 of 264]
6.550 6.580 6.609 6.637 6.664 6.690 6.715 6.739 6.762 6.785 6.806 6.826 6.846 6.864 6.882 6.899 6.915 6.930 6.945 6.958 6.969 6.979 6.988 6.997 7.005 7.013 7.020 7.028 7.035 7.043 7.052 7.062 7.072 7.084 7.096 7.109 7.122 7.136 7.149 7.163 7.177 7.191 7.204 7.217 7.230 7.244 7.258 7.273 7.288 7.303 7.318 7.332 7.346 7.360 7.375 7.390 7.406 7.424 7.442 7.460 7.476 7.490 7.502 7.513 7.527 7.549 7.573 7.601 7.639 7.688 7.750 7.827 7.916 8.012 8.103 8.167
6.517 6.549 6.581 6.611 6.641 6.669 6.696 6.722 6.747 6.771 6.794 6.816 6.837 6.857 6.876 6.894 6.911 6.928 6.944 6.957 6.969 6.981 6.991 7.001 7.010 7.019 7.027 7.035 7.043 7.051 7.060 7.070 7.080 7.092 7.104 7.116 7.130 7.143 7.157 7.171 7.185 7.199 7.212 7.225 7.238 7.252 7.266 7.280 7.295 7.311 7.325 7.340 7.354 7.368 7.382 7.397 7.413 7.430 7.448 7.465 7.481 7.496 7.510 7.524 7.542 7.568 7.597 7.629 7.671 7.724 7.788 7.864 7.953 8.047 8.139 8.202
6.476 6.510 6.544 6.577 6.609 6.640 6.669 6.698 6.725 6.751 6.776 6.800 6.823 6.844 6.865 6.885 6.903 6.921 6.938 6.954 6.967 6.980 6.991 7.002 7.013 7.022 7.031 7.040 7.049 7.058 7.067 7.076 7.087 7.098 7.110 7.123 7.136 7.150 7.164 7.177 7.191 7.205 7.219 7.231 7.244 7.258 7.272 7.287 7.302 7.317 7.332 7.347 7.361 7.375 7.389 7.403 7.419 7.435 7.452 7.469 7.486 7.503 7.520 7.538 7.561 7.591 7.624 7.660 7.707 7.763 7.826 7.901 7.988 8.082 8.175 8.237
6.429 6.465 6.500 6.535 6.568 6.601 6.633 6.664 6.694 6.723 6.750 6.776 6.801 6.825 6.848 6.869 6.890 6.910 6.928 6.945 6.960 6.974 6.988 7.000 7.012 7.023 7.033 7.043 7.052 7.061 7.071 7.081 7.091 7.103 7.115 7.127 7.141 7.154 7.168 7.182 7.196 7.210 7.224 7.236 7.249 7.263 7.277 7.291 7.307 7.322 7.338 7.353 7.367 7.381 7.394 7.408 7.423 7.439 7.455 7.474 7.492 7.511 7.532 7.555 7.583 7.617 7.654 7.696 7.747 7.803 7.866 7.938 8.022 8.118 8.213 8.274
6.382 6.417 6.452 6.487 6.522 6.556 6.590 6.623 6.655 6.686 6.716 6.744 6.772 6.798 6.823 6.847 6.870 6.892 6.912 6.931 6.948 6.964 6.980 6.994 7.007 7.019 7.031 7.042 7.052 7.062 7.072 7.083 7.094 7.105 7.117 7.130 7.144 7.157 7.171 7.186 7.200 7.214 7.227 7.240 7.252 7.266 7.280 7.295 7.310 7.326 7.342 7.358 7.372 7.385 7.398 7.412 7.426 7.442 7.459 7.478 7.498 7.522 7.547 7.575 7.608 7.646 7.687 7.733 7.786 7.844 7.905 7.975 8.059 8.155 8.252 8.313
6.339 6.372 6.406 6.440 6.474 6.509 6.543 6.576 6.609 6.642 6.673 6.704 6.734 6.762 6.790 6.816 6.842 6.866 6.889 6.910 6.930 6.948 6.965 6.982 6.997 7.011 7.024 7.037 7.048 7.060 7.071 7.082 7.093 7.105 7.118 7.131 7.144 7.158 7.172 7.187 7.201 7.215 7.229 7.241 7.254 7.267 7.282 7.297 7.312 7.329 7.345 7.361 7.376 7.389 7.401 7.414 7.429 7.444 7.462 7.482 7.506 7.533 7.564 7.597 7.634 7.676 7.720 7.770 7.826 7.886 7.947 8.016 8.097 8.192 8.292 8.353
6.304 6.334 6.365 6.397 6.430 6.463 6.496 6.529 6.562 6.594 6.627 6.658 6.689 6.720 6.749 6.778 6.806 6.832 6.858 6.882 6.904 6.925 6.945 6.963 6.981 6.997 7.012 7.027 7.040 7.053 7.065 7.077 7.089 7.102 7.115 7.128 7.142 7.157 7.171 7.186 7.200 7.215 7.228 7.241 7.254 7.267 7.282 7.297 7.313 7.330 7.347 7.363 7.378 7.391 7.402 7.415 7.430 7.446 7.465 7.488 7.516 7.548 7.583 7.622 7.664 7.708 7.755 7.808 7.867 7.928 7.990 8.057 8.135 8.231 8.337 8.398
6.277 6.304 6.333 6.362 6.392 6.423 6.454 6.485 6.517 6.548 6.580 6.611 6.643 6.674 6.704 6.734 6.763 6.792 6.820 6.846 6.870 6.894 6.916 6.938 6.958 6.977 6.994 7.011 7.026 7.040 7.054 7.067 7.081 7.094 7.108 7.122 7.137 7.152 7.167 7.182 7.197 7.212 7.226 7.239 7.252 7.265 7.280 7.296 7.313 7.330 7.347 7.364 7.378 7.390 7.402 7.416 7.431 7.449 7.471 7.496 7.528 7.565 7.605 7.649 7.695 7.742 7.790 7.847 7.908 7.970 8.034 8.102 8.177 8.283 8.392 8.445
6.258 6.283 6.309 6.336 6.363 6.391 6.420 6.449 6.478 6.508 6.538 6.568 6.598 6.628 6.659 6.689 6.719 6.748 6.777 6.805 6.831 6.857 6.881 6.905 6.928 6.949 6.969 6.988 7.006 7.022 7.038 7.053 7.068 7.082 7.097 7.113 7.128 7.144 7.160 7.176 7.192 7.207 7.221 7.234 7.248 7.262 7.277 7.293 7.311 7.329 7.346 7.363 7.377 7.389 7.401 7.417 7.434 7.454 7.478 7.508 7.544 7.585 7.630 7.677 7.728 7.776 7.826 7.886 7.951 8.016 8.083 8.154 8.239 8.343 8.441 8.491
6.247 6.270 6.294 6.318 6.343 6.369 6.395 6.421 6.448 6.475 6.503 6.531 6.560 6.588 6.617 6.647 6.676 6.705 6.734 6.762 6.790 6.816 6.842 6.868 6.893 6.916 6.938 6.959 6.979 6.998 7.016 7.033 7.049 7.066 7.082 7.099 7.116 7.133 7.150 7.167 7.183 7.199 7.214 7.228 7.242 7.257 7.272 7.289 7.307 7.325 7.343 7.359 7.374 7.387 7.402 7.419 7.438 7.461 7.489 7.523 7.562 7.606 7.655 7.708 7.762 7.812 7.863 7.928 7.997 8.066 8.137 8.215 8.304 8.400 8.487 8.534
6.242 6.263 6.285 6.307 6.330 6.353 6.377 6.402 6.426 6.452 6.477 6.503 6.530 6.556 6.583 6.611 6.639 6.667 6.695 6.722 6.749 6.776 6.803 6.829 6.855 6.880 6.904 6.927 6.948 6.969 6.989 7.008 7.026 7.045 7.063 7.081 7.099 7.118 7.136 7.154 7.172 7.189 7.205 7.219 7.234 7.249 7.266 7.283 7.301 7.320 7.338 7.355 7.371 7.386 7.403 7.422 7.444 7.471 7.503 7.540 7.582 7.629 7.682 7.740 7.798 7.849 7.903 7.973 8.046 8.119 8.196 8.279 8.366 8.453 8.531 8.574
6.241 6.261 6.281 6.301 6.323 6.345 6.367 6.389 6.412 6.436 6.459 6.483 6.508 6.532 6.558 6.583 6.609 6.635 6.662 6.688 6.714 6.740 6.766 6.792 6.818 6.844 6.868 6.892 6.915 6.937 6.959 6.979 6.999 7.019 7.039 7.059 7.079 7.099 7.119 7.138 7.158 7.176 7.193 7.208 7.224 7.240 7.257 7.275 7.294 7.313 7.332 7.350 7.368 7.386 7.406 7.428 7.453 7.483 7.519 7.559 7.604 7.654 7.711 7.773 7.836 7.890 7.946 8.021 8.097 8.177 8.257 8.340 8.423 8.503 8.573 8.613
6.244 6.262 6.281 6.300 6.320 6.341 6.362 6.383 6.404 6.426 6.448 6.471 6.493 6.516 6.540 6.563 6.588 6.612 6.637 6.662 6.686 6.710 6.736 6.761 6.786 6.811 6.835 6.859 6.883 6.905 6.928 6.949 6.971 6.992 7.013 7.034 7.055 7.077 7.098 7.120 7.140 7.160 7.178 7.195 7.211 7.228 7.246 7.265 7.284 7.304 7.325 7.346 7.367 7.388 7.411 7.436 7.465 7.498 7.537 7.580 7.627 7.680 7.740 7.807 7.876 7.932 7.991 8.070 8.152 8.235 8.315 8.396 8.475 8.548 8.612 8.649
6.249 6.266 6.284 6.302 6.321 6.341 6.360 6.381 6.401 6.422 6.443 6.464 6.485 6.507 6.529 6.551 6.574 6.597 6.620 6.643 6.665 6.688 6.712 6.736 6.760 6.784 6.807 6.831 6.854 6.876 6.898 6.920 6.942 6.964 6.986 7.008 7.030 7.053 7.076 7.099 7.121 7.142 7.161 7.179 7.196 7.214 7.233 7.253 7.273 7.296 7.318 7.342 7.366 7.391 7.417 7.446 7.477 7.514 7.556 7.602 7.651 7.707 7.771 7.844 7.919 7.976 8.038 8.122 8.207 8.290 8.370 8.449 8.523 8.590 8.648 8.681
6.257 6.273 6.289 6.307 6.325 6.343 6.362 6.382 6.401 6.421 6.441 6.461 6.482 6.502 6.523 6.544 6.566 6.587 6.609 6.631 6.652 6.673 6.696 6.718 6.741 6.763 6.786 6.808 6.830 6.852 6.873 6.895 6.916 6.938 6.960 6.982 7.005 7.029 7.053 7.077 7.100 7.123 7.142 7.161 7.179 7.199 7.219 7.240 7.262 7.287 7.313 7.340 7.368 7.396 7.425 7.457 7.492 7.532 7.577 7.625 7.677 7.736 7.805 7.883 7.962 8.021 8.086 8.173 8.258 8.341 8.420 8.495 8.565 8.627 8.679 8.711
6.266 6.280 6.296 6.313 6.330 6.348 6.366 6.385 6.404 6.423 6.443 6.462 6.482 6.502 6.522 6.542 6.563 6.584 6.605 6.625 6.644 6.665 6.686 6.707 6.728 6.749 6.771 6.792 6.812 6.833 6.853 6.874 6.894 6.915 6.937 6.959 6.982 7.006 7.030 7.055 7.079 7.102 7.122 7.142 7.161 7.182 7.204 7.226 7.251 7.279 7.308 7.339 7.370 7.402 7.435 7.469 7.507 7.549 7.597 7.649 7.704 7.766 7.838 7.919 8.004 8.066 8.132 8.220 8.306 8.388 8.465 8.537 8.604 8.661 8.710 8.739
6.276 6.290 6.304 6.320 6.337 6.354 6.372 6.390 6.409 6.428 6.447 6.466 6.485 6.505 6.524 6.544 6.564 6.584 6.604 6.623 6.642 6.661 6.681 6.701 6.721 6.741 6.761 6.781 6.801 6.820 6.839 6.858 6.878 6.898 6.918 6.939 6.962 6.985 7.009 7.034 7.059 7.082 7.103 7.123 7.143 7.165 7.189 7.214 7.241 7.272 7.304 7.339 7.375 7.410 7.445 7.482 7.522 7.568 7.619 7.674 7.732 7.798 7.873 7.959 8.051 8.114 8.179 8.269 8.354 8.434 8.508 8.578 8.641 8.695 8.739 8.765
6.286 6.299 6.314 6.329 6.345 6.361 6.379 6.397 6.415 6.433 6.452 6.471 6.490 6.509 6.528 6.548 6.567 6.587 6.606 6.625 6.643 6.662 6.681 6.700 6.719 6.738 6.757 6.776 6.795 6.813 6.831 6.849 6.867 6.885 6.904 6.924 6.946 6.968 6.992 7.016 7.040 7.064 7.085 7.105 7.126 7.150 7.176 7.203 7.233 7.267 7.303 7.341 7.380 7.418 7.456 7.496 7.539 7.588 7.642 7.700 7.763 7.832 7.911 8.007 8.102 8.162 8.226 8.315 8.399 8.477 8.549 8.616 8.675 8.724 8.764 8.788
6.297 6.310 6.323 6.338 6.353 6.369 6.386 6.404 6.422 6.440 6.459 6.478 6.497 6.515 6.535 6.554 6.573 6.592 6.611 6.629 6.647 6.665 6.684 6.702 6.721 6.739 6.757 6.775 6.793 6.810 6.827 6.843 6.860 6.877 6.895 6.914 6.934 6.956 6.978 7.002 7.026 7.048 7.069 7.090 7.112 7.138 7.165 7.195 7.228 7.264 7.303 7.344 7.385 7.427 7.469 7.511 7.557 7.609 7.667 7.730 7.797 7.873 7.960 8.058 8.149 8.208 8.271 8.358 8.440 8.517 8.586 8.649 8.705 8.750 8.787 8.810
6.309 6.320 6.333 6.347 6.362 6.378 6.394 6.412 6.429 6.448 6.466 6.485 6.504 6.523 6.542 6.561 6.580 6.599 6.618 6.635 6.653 6.671 6.689 6.707 6.725 6.743 6.761 6.778 6.795 6.811 6.827 6.843 6.858 6.874 6.891 6.908 6.927 6.947 6.969 6.991 7.014 7.036 7.057 7.078 7.102 7.129 7.158 7.189 7.225 7.263 7.305 7.347 7.392 7.437 7.483 7.528 7.577 7.634 7.697 7.764 7.837 7.919 8.011 8.106 8.194 8.251 8.312 8.397 8.478 8.552 8.619 8.679 8.730 8.773 8.809 8.830
6.320 6.331 6.343 6.356 6.371 6.386 6.403 6.420 6.437 6.455 6.474 6.493 6.512 6.531 6.550 6.569 6.588 6.607 6.626 6.643 6.661 6.679 6.697 6.714 6.732 6.750 6.767 6.783 6.800 6.815 6.831 6.845 6.860 6.875 6.890 6.906 6.924 6.943 6.964 6.985 7.007 7.029 7.050 7.072 7.096 7.124 7.155 7.188 7.225 7.265 7.307 7.352 7.399 7.448 7.498 7.547 7.599 7.662 7.730 7.802 7.881 7.967 8.059 8.151 8.235 8.290 8.350 8.433 8.512 8.585 8.649 8.705 8.753 8.794 8.828 8.848
6.331 6.342 6.353 6.366 6.380 6.395 6.411 6.428 6.445 6.463 6.482 6.501 6.520 6.539 6.558 6.578 6.597 6.616 6.635 6.652 6.670 6.688 6.705 6.723 6.741 6.758 6.775 6.791 6.807 6.822 6.837 6.851 6.865 6.878 6.892 6.908 6.924 6.942 6.962 6.983 7.005 7.026 7.048 7.070 7.095 7.124 7.155 7.189 7.227 7.268 7.312 7.358 7.408 7.461 7.517 7.570 7.627 7.695 7.767 7.845 7.927 8.013 8.103 8.192 8.274 8.327 8.385 8.466 8.543 8.613 8.674 8.729 8.775 8.814 8.846 8.864
6.342 6.352 6.363 6.376 6.389 6.404 6.419 6.436 6.453 6.471 6.490 6.509 6.528 6.548 6.567 6.587 6.606 6.626 6.644 6.662 6.680 6.697 6.715 6.733 6.750 6.768 6.784 6.801 6.816 6.831 6.845 6.859 6.872 6.885 6.898 6.912 6.928 6.945 6.964 6.984 7.006 7.028 7.050 7.073 7.098 7.127 7.159 7.193 7.232 7.273 7.318 7.367 7.420 7.478 7.539 7.596 7.657 7.730 7.808 7.889 7.971 8.056 8.143 8.229 8.310 8.362 8.417 8.496 8.571 8.639 8.698 8.751 8.795 8.832 8.862 8.879
6.353 6.363 6.373 6.385 6.398 6.412 6.428 6.444 6.461 6.479 6.498 6.517 6.537 6.556 6.576 6.596 6.615 6.635 6.654 6.672 6.690 6.708 6.726 6.744 6.761 6.778 6.795 6.811 6.827 6.842 6.856 6.869 6.881 6.893 6.906 6.919 6.934 6.950 6.969 6.989 7.011 7.034 7.057 7.080 7.105 7.134 7.166 7.200 7.239 7.282 7.327 7.378 7.435 7.499 7.566 7.626 7.690 7.768 7.850 7.931 8.013 8.096 8.180 8.264 8.343 8.393 8.447 8.525 8.597 8.663 8.720 8.770 8.813 8.848 8.875 8.890
6.364 6.373 6.383 6.394 6.407 6.421 6.436 6.452 6.469 6.487 6.506 6.525 6.545 6.565 6.585 6.605 6.625 6.645 6.664 6.682 6.701 6.719 6.737 6.755 6.773 6.790 6.807 6.823 6.839 6.854 6.867 6.880 6.892 6.903 6.915 6.928 6.942 6.958 6.977 6.997 7.020 7.043 7.066 7.089 7.114 7.144 7.175 7.210 7.249 7.293 7.340 7.394 7.456 7.524 7.595 7.658 7.725 7.807 7.890 7.972 8.051 8.131 8.213 8.296 8.374 8.423 8.475 8.551 8.620 8.683 8.738 8.787 8.829 8.861 8.885 8.899
6.376 6.384 6.393 6.404 6.416 6.429 6.444 6.460 6.477 6.495 6.514 6.533 6.553 6.573 6.593 6.614 6.634 6.655 6.674 6.693 6.712 6.730 6.749 6.767 6.785 6.802 6.820 6.836 6.852 6.867 6.880 6.893 6.904 6.915 6.926 6.939 6.953 6.969 6.987 7.008 7.031 7.055 7.078 7.102 7.126 7.155 7.187 7.222 7.262 7.307 7.357 7.414 7.479 7.551 7.626 7.692 7.761 7.844 7.928 8.009 8.088 8.166 8.245 8.324 8.403 8.451 8.501 8.574 8.641 8.701 8.753 8.801 8.841 8.872 8.893 8.905
6.387 6.395 6.404 6.414 6.425 6.438 6.452 6.468 6.485 6.503 6.521 6.541 6.561 6.581 6.602 6.623 6.644 6.665 6.685 6.704 6.723 6.742 6.760 6.779 6.797 6.815 6.833 6.849 6.865 6.880 6.894 6.907 6.918 6.929 6.939 6.951 6.965 6.981 7.000 7.021 7.045 7.069 7.093 7.116 7.140 7.169 7.201 7.237 7.279 7.325 7.377 7.438 7.506 7.582 7.663 7.730 7.798 7.882 7.966 8.047 8.123 8.199 8.274 8.353 8.433 8.480 8.528 8.597 8.661 8.717 8.767 8.813 8.852 8.880 8.898 8.908
6.398 6.406 6.414 6.424 6.435 6.447 6.461 6.476 6.493 6.510 6.529 6.549 6.569 6.590 6.611 6.632 6.653 6.674 6.695 6.714 6.734 6.753 6.772 6.791 6.810 6.828 6.846 6.863 6.880 6.895 6.909 6.922 6.933 6.943 6.953 6.965 6.979 6.995 7.014 7.036 7.060 7.085 7.108 7.130 7.154 7.185 7.218 7.255 7.299 7.348 7.404 7.468 7.539 7.622 7.705 7.769 7.836 7.921 8.003 8.083 8.158 8.231 8.303 8.385 8.465 8.508 8.553 8.619 8.678 8.731 8.779 8.822 8.860 8.883 8.896 8.906
6.411 6.417 6.425 6.434 6.444 6.456 6.470 6.484 6.501 6.518 6.537 6.557 6.577 6.598 6.619 6.641 6.662 6.684 6.705 6.725 6.745 6.765 6.785 6.804 6.823 6.842 6.860 6.878 6.895 6.910 6.925 6.937 6.948 6.959 6.969 6.981 6.995 7.011 7.030 7.052 7.076 7.100 7.123 7.146 7.173 7.205 7.239 7.278 7.324 7.377 7.437 7.504 7.581 7.666 7.747 7.810 7.875 7.958 8.040 8.119 8.193 8.266 8.341 8.421 8.494 8.534 8.576 8.637 8.693 8.742 8.786 8.826 8.859 8.879 8.893 8.902
6.423 6.429 6.437 6.445 6.455 6.466 6.479 6.493 6.509 6.526 6.545 6.565 6.585 6.606 6.628 6.650 6.672 6.694 6.715 6.736 6.756 6.777 6.797 6.817 6.837 6.856 6.875 6.893 6.910 6.926 6.941 6.954 6.965 6.975 6.986 6.998 7.012 7.028 7.047 7.069 7.093 7.117 7.140 7.165 7.194 7.228 7.264 7.306 7.356 7.412 7.475 7.547 7.627 7.710 7.789 7.850 7.913 7.996 8.078 8.156 8.230 8.304 8.379 8.453 8.520 8.557 8.596 8.653 8.704 8.749 8.790 8.825 8.853 8.872 8.886 8.895
6.436 6.442 6.449 6.457 6.466 6.476 6.489 6.503 6.518 6.535 6.553 6.573 6.593 6.615 6.637 6.659 6.682 6.704 6.726 6.747 6.768 6.789 6.809 6.830 6.850 6.870 6.889 6.908 6.926 6.942 6.958 6.971 6.983 6.993 7.004 7.016 7.030 7.046 7.065 7.087 7.110 7.134 7.159 7.187 7.219 7.254 7.293 7.340 7.393 7.452 7.519 7.592 7.672 7.754 7.832 7.890 7.953 8.036 8.117 8.195 8.270 8.344 8.416 8.484 8.544 8.578 8.613 8.665 8.711 8.753 8.789 8.819 8.844 8.862 8.877 8.885
6.450 6.456 6.462 6.469 6.477 6.487 6.499 6.512 6.527 6.544 6.562 6.582 6.602 6.624 6.646 6.668 6.691 6.714 6.737 6.758 6.779 6.801 6.822 6.843 6.864 6.884 6.904 6.923 6.942 6.959 6.975 6.989 7.001 7.012 7.022 7.034 7.048 7.064 7.083 7.104 7.128 7.153 7.181 7.212 7.247 7.285 7.327 7.377 7.434 7.497 7.565 7.638 7.717 7.797 7.875 7.932 7.994 8.076 8.157 8.235 8.310 8.382 8.450 8.512 8.566 8.597 8.629 8.675 8.716 8.753 8.784 8.811 8.833 8.851 8.866 8.873
6.464 6.469 6.475 6.482 6.490 6.499 6.510 6.523 6.538 6.554 6.572 6.591 6.611 6.633 6.655 6.678 6.701 6.725 6.747 6.769 6.791 6.813 6.835 6.857 6.878 6.899 6.919 6.939 6.958 6.976 6.993 7.008 7.020 7.031 7.041 7.053 7.067 7.082 7.101 7.122 7.147 7.174 7.205 7.240 7.279 7.320 7.365 7.418 7.478 7.543 7.611 7.683 7.761 7.840 7.919 7.975 8.035 8.118 8.199 8.277 8.349 8.419 8.483 8.539 8.587 8.614 8.643 8.683 8.719 8.752 8.779 8.802 8.822 8.839 8.854 8.861
