version1/TsunamiDB/out54086.asc
ncols          264
nrows          230
xllcorner      497853.4375
yllcorner      4229146.0000
cellsize         5.
NODATA_value   -99
[rows 0 to 33 of 230, columns 154 to 230 of 264]
5.841 5.849 5.858 5.866 5.875 5.884 5.892 5.902 5.911 5.921 5.931 5.941 5.952 5.962 5.974 5.985 5.996 6.008 6.020 6.031 6.043 6.055 6.067 6.077 6.087 6.098 6.108 6.118 6.129 6.139 6.149 6.159 6.169 6.180 6.190 6.200 6.210 6.220 6.231 6.241 6.251 6.262 6.272 6.282 6.293 6.303 6.312 6.320 6.329 6.337 6.345 6.353 6.362 6.370 6.378 6.386 6.395 6.404 6.414 6.424 6.435 6.447 6.459 6.473 6.487 6.502 6.518 6.534 6.552 6.568 6.585 6.602 6.620 6.637 6.655 6.674 6.692
5.853 5.861 5.870 5.878 5.886 5.895 5.904 5.912 5.921 5.930 5.940 5.949 5.959 5.970 5.980 5.991 6.002 6.013 6.025 6.036 6.047 6.059 6.070 6.081 6.091 6.101 6.112 6.122 6.132 6.143 6.153 6.163 6.173 6.183 6.193 6.203 6.213 6.223 6.234 6.244 6.254 6.265 6.275 6.286 6.296 6.306 6.316 6.324 6.332 6.341 6.350 6.358 6.366 6.374 6.383 6.391 6.400 6.409 6.418 6.428 6.439 6.450 6.462 6.475 6.489 6.504 6.520 6.536 6.553 6.570 6.586 6.603 6.621 6.639 6.657 6.675 6.694
5.865 5.873 5.882 5.890 5.898 5.907 5.915 5.923 5.932 5.941 5.949 5.958 5.968 5.978 5.987 5.998 6.008 6.019 6.030 6.041 6.052 6.063 6.075 6.085 6.095 6.105 6.115 6.125 6.136 6.146 6.156 6.166 6.176 6.186 6.196 6.206 6.216 6.226 6.237 6.247 6.257 6.268 6.278 6.289 6.299 6.309 6.319 6.327 6.336 6.345 6.353 6.362 6.371 6.379 6.387 6.396 6.404 6.413 6.422 6.432 6.442 6.453 6.465 6.478 6.491 6.506 6.521 6.537 6.554 6.571 6.587 6.604 6.622 6.640 6.658 6.677 6.695
5.876 5.885 5.893 5.902 5.910 5.919 5.927 5.935 5.943 5.951 5.960 5.968 5.977 5.986 5.996 6.005 6.015 6.025 6.036 6.046 6.057 6.068 6.079 6.089 6.099 6.109 6.119 6.129 6.139 6.150 6.160 6.170 6.180 6.189 6.199 6.209 6.219 6.229 6.239 6.250 6.260 6.270 6.281 6.291 6.302 6.312 6.322 6.330 6.339 6.348 6.357 6.366 6.375 6.383 6.391 6.400 6.408 6.417 6.426 6.435 6.445 6.456 6.468 6.480 6.493 6.508 6.523 6.539 6.556 6.571 6.588 6.605 6.623 6.641 6.660 6.678 6.697
5.888 5.896 5.905 5.914 5.922 5.931 5.939 5.947 5.955 5.963 5.971 5.979 5.987 5.996 6.005 6.014 6.023 6.033 6.043 6.053 6.063 6.073 6.084 6.094 6.103 6.113 6.123 6.133 6.143 6.153 6.163 6.173 6.183 6.193 6.202 6.212 6.222 6.232 6.242 6.252 6.263 6.273 6.283 6.294 6.304 6.315 6.324 6.333 6.342 6.351 6.360 6.369 6.378 6.387 6.395 6.404 6.412 6.421 6.430 6.439 6.449 6.459 6.471 6.483 6.496 6.510 6.525 6.541 6.557 6.572 6.589 6.606 6.624 6.642 6.661 6.680 6.698
5.898 5.907 5.916 5.925 5.934 5.942 5.951 5.959 5.967 5.974 5.982 5.990 5.998 6.006 6.014 6.023 6.031 6.041 6.050 6.060 6.069 6.079 6.090 6.099 6.108 6.117 6.127 6.137 6.147 6.157 6.167 6.176 6.186 6.196 6.206 6.215 6.225 6.235 6.245 6.255 6.265 6.275 6.286 6.296 6.307 6.317 6.327 6.336 6.345 6.354 6.364 6.373 6.382 6.391 6.399 6.408 6.416 6.425 6.434 6.443 6.452 6.462 6.473 6.485 6.498 6.512 6.526 6.542 6.558 6.573 6.590 6.607 6.625 6.643 6.662 6.681 6.700
5.909 5.918 5.927 5.936 5.945 5.954 5.962 5.970 5.978 5.986 5.994 6.001 6.009 6.017 6.024 6.032 6.041 6.049 6.058 6.067 6.076 6.086 6.096 6.105 6.113 6.122 6.132 6.141 6.151 6.161 6.170 6.180 6.190 6.199 6.209 6.218 6.228 6.238 6.247 6.257 6.267 6.278 6.288 6.298 6.309 6.319 6.329 6.338 6.347 6.357 6.366 6.376 6.385 6.394 6.403 6.411 6.420 6.429 6.437 6.446 6.456 6.466 6.476 6.488 6.500 6.513 6.528 6.543 6.559 6.574 6.591 6.608 6.626 6.644 6.663 6.682 6.701
5.919 5.928 5.937 5.947 5.956 5.965 5.973 5.982 5.990 5.998 6.005 6.013 6.020 6.028 6.035 6.043 6.051 6.059 6.067 6.075 6.084 6.093 6.102 6.111 6.119 6.128 6.137 6.146 6.156 6.165 6.174 6.184 6.193 6.203 6.212 6.221 6.231 6.240 6.250 6.260 6.270 6.280 6.290 6.300 6.311 6.322 6.331 6.340 6.349 6.359 6.369 6.378 6.388 6.397 6.406 6.415 6.423 6.432 6.441 6.450 6.459 6.469 6.479 6.490 6.502 6.515 6.529 6.544 6.560 6.575 6.592 6.609 6.627 6.645 6.664 6.683 6.702
5.929 5.938 5.947 5.957 5.966 5.976 5.984 5.993 6.001 6.009 6.017 6.024 6.032 6.039 6.046 6.053 6.061 6.068 6.076 6.084 6.093 6.101 6.110 6.118 6.125 6.134 6.142 6.151 6.160 6.170 6.179 6.188 6.197 6.206 6.215 6.225 6.234 6.243 6.253 6.262 6.272 6.282 6.292 6.303 6.313 6.323 6.332 6.342 6.351 6.361 6.371 6.381 6.390 6.400 6.409 6.418 6.427 6.436 6.444 6.453 6.462 6.472 6.482 6.493 6.504 6.517 6.531 6.546 6.561 6.576 6.592 6.610 6.627 6.646 6.665 6.684 6.703
5.939 5.948 5.957 5.967 5.977 5.986 5.995 6.004 6.012 6.020 6.028 6.036 6.043 6.050 6.057 6.064 6.072 6.079 6.086 6.094 6.102 6.110 6.118 6.125 6.132 6.140 6.149 6.157 6.166 6.175 6.183 6.192 6.201 6.210 6.219 6.228 6.237 6.246 6.256 6.265 6.275 6.284 6.294 6.305 6.315 6.325 6.334 6.343 6.353 6.363 6.373 6.383 6.393 6.402 6.412 6.421 6.430 6.439 6.448 6.456 6.465 6.475 6.485 6.495 6.507 6.519 6.532 6.547 6.562 6.577 6.593 6.610 6.628 6.647 6.666 6.685 6.704
5.949 5.958 5.967 5.977 5.987 5.996 6.006 6.014 6.023 6.031 6.039 6.047 6.054 6.062 6.069 6.076 6.083 6.090 6.097 6.104 6.111 6.119 6.126 6.133 6.140 6.147 6.155 6.163 6.172 6.180 6.189 6.197 6.206 6.214 6.223 6.232 6.241 6.249 6.258 6.268 6.277 6.287 6.297 6.307 6.317 6.327 6.336 6.345 6.355 6.365 6.375 6.385 6.395 6.405 6.414 6.424 6.433 6.442 6.451 6.459 6.468 6.478 6.487 6.498 6.509 6.521 6.534 6.548 6.563 6.578 6.594 6.611 6.629 6.647 6.667 6.686 6.706
5.959 5.968 5.977 5.987 5.997 6.006 6.016 6.025 6.034 6.042 6.050 6.058 6.066 6.073 6.080 6.087 6.094 6.101 6.107 6.114 6.121 6.129 6.136 6.142 6.148 6.155 6.163 6.170 6.178 6.186 6.194 6.202 6.211 6.219 6.227 6.236 6.244 6.253 6.262 6.271 6.280 6.289 6.299 6.309 6.319 6.329 6.337 6.347 6.357 6.367 6.377 6.387 6.397 6.407 6.417 6.426 6.436 6.445 6.454 6.463 6.471 6.481 6.490 6.500 6.511 6.523 6.536 6.550 6.564 6.579 6.595 6.611 6.629 6.648 6.667 6.687 6.707
5.969 5.978 5.988 5.997 6.007 6.016 6.026 6.035 6.044 6.052 6.061 6.069 6.076 6.084 6.091 6.098 6.105 6.112 6.118 6.125 6.132 6.139 6.145 6.151 6.157 6.164 6.171 6.178 6.185 6.193 6.200 6.208 6.216 6.224 6.232 6.240 6.248 6.257 6.265 6.274 6.283 6.292 6.301 6.311 6.321 6.330 6.339 6.349 6.358 6.369 6.379 6.389 6.399 6.409 6.419 6.429 6.438 6.447 6.456 6.465 6.474 6.484 6.493 6.503 6.514 6.525 6.538 6.551 6.565 6.580 6.595 6.612 6.630 6.649 6.668 6.688 6.707
5.980 5.988 5.998 6.007 6.017 6.026 6.036 6.045 6.054 6.063 6.071 6.079 6.087 6.095 6.102 6.109 6.116 6.123 6.129 6.136 6.143 6.149 6.155 6.160 6.166 6.172 6.179 6.186 6.193 6.200 6.207 6.215 6.222 6.230 6.237 6.245 6.253 6.261 6.269 6.277 6.286 6.295 6.304 6.313 6.323 6.333 6.341 6.351 6.360 6.370 6.381 6.391 6.401 6.411 6.421 6.431 6.441 6.450 6.459 6.468 6.477 6.486 6.496 6.506 6.516 6.527 6.539 6.553 6.566 6.581 6.596 6.613 6.631 6.649 6.669 6.688 6.708
5.990 5.999 6.008 6.018 6.027 6.036 6.046 6.055 6.064 6.073 6.081 6.089 6.098 6.105 6.113 6.120 6.127 6.134 6.140 6.147 6.153 6.160 6.165 6.170 6.176 6.182 6.188 6.195 6.201 6.208 6.215 6.222 6.229 6.236 6.243 6.250 6.258 6.266 6.273 6.281 6.290 6.298 6.307 6.316 6.326 6.335 6.344 6.353 6.362 6.372 6.382 6.393 6.403 6.413 6.424 6.433 6.443 6.453 6.462 6.471 6.480 6.489 6.499 6.508 6.519 6.530 6.541 6.554 6.568 6.582 6.597 6.614 6.631 6.650 6.669 6.689 6.709
6.001 6.010 6.019 6.028 6.037 6.046 6.056 6.065 6.074 6.083 6.091 6.100 6.108 6.116 6.123 6.131 6.138 6.145 6.151 6.158 6.164 6.171 6.176 6.181 6.186 6.192 6.198 6.204 6.210 6.216 6.223 6.229 6.236 6.243 6.249 6.256 6.263 6.271 6.278 6.286 6.294 6.302 6.310 6.319 6.329 6.338 6.346 6.355 6.365 6.374 6.385 6.395 6.405 6.416 6.426 6.436 6.446 6.455 6.465 6.474 6.483 6.492 6.502 6.511 6.521 6.532 6.544 6.556 6.569 6.583 6.598 6.614 6.632 6.651 6.670 6.690 6.710
6.012 6.020 6.029 6.038 6.048 6.057 6.066 6.075 6.084 6.092 6.101 6.109 6.118 6.126 6.133 6.141 6.148 6.155 6.162 6.168 6.175 6.181 6.187 6.191 6.196 6.202 6.208 6.213 6.219 6.225 6.231 6.237 6.244 6.250 6.256 6.263 6.270 6.276 6.283 6.291 6.298 6.306 6.314 6.323 6.332 6.341 6.349 6.358 6.367 6.377 6.387 6.397 6.407 6.418 6.428 6.438 6.448 6.458 6.468 6.477 6.486 6.495 6.505 6.514 6.524 6.534 6.546 6.558 6.571 6.584 6.599 6.615 6.633 6.652 6.671 6.691 6.712
6.022 6.031 6.040 6.049 6.058 6.067 6.076 6.085 6.094 6.102 6.111 6.119 6.128 6.136 6.143 6.151 6.158 6.165 6.172 6.179 6.185 6.192 6.197 6.202 6.207 6.212 6.218 6.223 6.229 6.235 6.240 6.246 6.252 6.258 6.264 6.270 6.276 6.283 6.289 6.296 6.303 6.311 6.319 6.327 6.336 6.344 6.352 6.361 6.370 6.379 6.389 6.400 6.410 6.420 6.431 6.441 6.451 6.461 6.471 6.480 6.489 6.498 6.508 6.517 6.527 6.537 6.548 6.560 6.573 6.586 6.600 6.616 6.634 6.652 6.672 6.692 6.713
6.033 6.042 6.051 6.060 6.069 6.077 6.086 6.095 6.104 6.112 6.121 6.129 6.137 6.145 6.153 6.161 6.168 6.176 6.183 6.189 6.196 6.202 6.208 6.213 6.218 6.223 6.228 6.233 6.239 6.244 6.250 6.255 6.261 6.266 6.272 6.278 6.284 6.290 6.296 6.302 6.309 6.316 6.324 6.332 6.340 6.348 6.356 6.364 6.373 6.382 6.392 6.402 6.413 6.423 6.433 6.444 6.454 6.464 6.474 6.483 6.492 6.502 6.511 6.520 6.530 6.540 6.551 6.563 6.574 6.587 6.601 6.617 6.635 6.653 6.673 6.693 6.714
6.043 6.052 6.061 6.070 6.079 6.088 6.097 6.105 6.114 6.122 6.131 6.139 6.147 6.155 6.163 6.171 6.178 6.185 6.193 6.199 6.206 6.213 6.218 6.223 6.228 6.233 6.239 6.244 6.249 6.254 6.260 6.265 6.270 6.275 6.281 6.286 6.292 6.297 6.303 6.309 6.316 6.322 6.329 6.337 6.345 6.352 6.360 6.368 6.377 6.386 6.395 6.405 6.416 6.426 6.436 6.447 6.457 6.467 6.477 6.486 6.496 6.505 6.514 6.523 6.533 6.543 6.554 6.565 6.576 6.589 6.603 6.618 6.636 6.654 6.674 6.694 6.715
6.053 6.062 6.072 6.081 6.090 6.098 6.107 6.115 6.124 6.132 6.140 6.149 6.157 6.165 6.173 6.180 6.188 6.195 6.202 6.209 6.216 6.223 6.229 6.233 6.238 6.244 6.249 6.254 6.259 6.265 6.270 6.275 6.280 6.285 6.290 6.295 6.300 6.306 6.311 6.317 6.323 6.329 6.336 6.343 6.350 6.357 6.364 6.372 6.381 6.390 6.399 6.409 6.419 6.429 6.440 6.450 6.460 6.470 6.480 6.490 6.499 6.509 6.518 6.527 6.536 6.546 6.557 6.568 6.579 6.591 6.604 6.620 6.637 6.655 6.675 6.695 6.716
6.063 6.072 6.082 6.091 6.100 6.109 6.117 6.126 6.134 6.142 6.150 6.159 6.167 6.174 6.182 6.190 6.198 6.205 6.212 6.219 6.226 6.233 6.239 6.244 6.249 6.254 6.259 6.265 6.270 6.275 6.280 6.285 6.290 6.295 6.300 6.305 6.309 6.314 6.319 6.325 6.330 6.336 6.342 6.349 6.356 6.363 6.370 6.377 6.385 6.394 6.403 6.413 6.423 6.433 6.443 6.453 6.464 6.474 6.484 6.493 6.503 6.512 6.521 6.531 6.540 6.550 6.560 6.570 6.581 6.592 6.606 6.621 6.638 6.656 6.676 6.696 6.717
6.072 6.082 6.091 6.101 6.110 6.119 6.127 6.136 6.144 6.152 6.160 6.168 6.176 6.184 6.192 6.200 6.207 6.215 6.222 6.229 6.236 6.243 6.249 6.254 6.259 6.264 6.270 6.275 6.280 6.285 6.290 6.295 6.300 6.305 6.310 6.314 6.319 6.324 6.328 6.333 6.339 6.344 6.350 6.356 6.363 6.369 6.375 6.382 6.390 6.399 6.408 6.417 6.427 6.437 6.447 6.457 6.467 6.477 6.487 6.497 6.507 6.516 6.525 6.534 6.544 6.553 6.563 6.573 6.583 6.595 6.608 6.622 6.639 6.657 6.677 6.697 6.718
6.080 6.090 6.100 6.110 6.120 6.129 6.137 6.146 6.154 6.162 6.170 6.178 6.186 6.194 6.202 6.209 6.217 6.224 6.231 6.239 6.246 6.252 6.258 6.263 6.269 6.274 6.280 6.285 6.290 6.296 6.301 6.306 6.310 6.315 6.320 6.324 6.329 6.333 6.338 6.343 6.348 6.353 6.358 6.364 6.370 6.376 6.382 6.389 6.396 6.404 6.413 6.422 6.431 6.441 6.451 6.461 6.471 6.482 6.492 6.501 6.511 6.520 6.529 6.538 6.548 6.557 6.567 6.576 6.586 6.597 6.609 6.624 6.640 6.658 6.677 6.698 6.719
6.088 6.099 6.109 6.119 6.129 6.138 6.147 6.156 6.164 6.172 6.180 6.188 6.196 6.204 6.211 6.219 6.226 6.234 6.241 6.248 6.255 6.262 6.268 6.273 6.279 6.284 6.290 6.295 6.301 6.306 6.311 6.316 6.321 6.325 6.330 6.335 6.339 6.343 6.348 6.352 6.357 6.362 6.367 6.373 6.379 6.384 6.389 6.395 6.402 6.410 6.418 6.427 6.437 6.446 6.456 6.466 6.476 6.486 6.496 6.506 6.515 6.525 6.534 6.543 6.552 6.561 6.570 6.579 6.589 6.599 6.611 6.625 6.641 6.659 6.678 6.699 6.720
6.095 6.106 6.117 6.128 6.138 6.147 6.157 6.165 6.174 6.182 6.190 6.198 6.206 6.214 6.221 6.229 6.236 6.243 6.251 6.258 6.265 6.272 6.278 6.283 6.288 6.294 6.299 6.305 6.310 6.316 6.321 6.326 6.331 6.336 6.340 6.345 6.349 6.354 6.358 6.362 6.367 6.371 6.376 6.382 6.387 6.391 6.396 6.402 6.409 6.417 6.425 6.433 6.442 6.451 6.461 6.471 6.481 6.491 6.501 6.510 6.520 6.529 6.538 6.547 6.556 6.565 6.574 6.583 6.591 6.602 6.613 6.627 6.642 6.660 6.679 6.699 6.720
6.102 6.114 6.125 6.136 6.146 6.156 6.166 6.175 6.183 6.192 6.200 6.208 6.216 6.223 6.231 6.238 6.246 6.253 6.260 6.267 6.274 6.281 6.287 6.292 6.298 6.303 6.309 6.315 6.320 6.326 6.331 6.336 6.341 6.346 6.351 6.355 6.360 6.364 6.368 6.373 6.377 6.381 6.386 6.391 6.396 6.400 6.405 6.410 6.417 6.424 6.431 6.439 6.448 6.457 6.467 6.476 6.486 6.496 6.505 6.515 6.525 6.534 6.543 6.552 6.560 6.569 6.578 6.586 6.594 6.604 6.615 6.628 6.643 6.660 6.679 6.699 6.720
6.109 6.121 6.132 6.143 6.154 6.164 6.174 6.184 6.193 6.201 6.210 6.218 6.225 6.233 6.241 6.248 6.255 6.263 6.270 6.277 6.284 6.291 6.296 6.302 6.307 6.313 6.319 6.324 6.330 6.335 6.341 6.346 6.351 6.356 6.361 6.365 6.370 6.374 6.379 6.383 6.387 6.392 6.396 6.401 6.405 6.409 6.414 6.419 6.425 6.431 6.439 6.446 6.455 6.463 6.472 6.482 6.491 6.501 6.511 6.520 6.530 6.539 6.548 6.556 6.565 6.573 6.582 6.590 6.598 6.607 6.617 6.629 6.644 6.660 6.678 6.698 6.718
6.115 6.127 6.139 6.151 6.162 6.172 6.183 6.192 6.202 6.210 6.219 6.227 6.235 6.243 6.250 6.258 6.265 6.272 6.279 6.286 6.294 6.300 6.306 6.311 6.316 6.322 6.328 6.334 6.339 6.345 6.350 6.355 6.361 6.366 6.370 6.375 6.380 6.384 6.389 6.393 6.398 6.402 6.406 6.411 6.415 6.419 6.423 6.428 6.433 6.439 6.446 6.454 6.462 6.470 6.479 6.488 6.497 6.507 6.516 6.526 6.535 6.544 6.553 6.561 6.569 6.578 6.586 6.593 6.601 6.609 6.619 6.630 6.644 6.660 6.677 6.696 6.716
6.121 6.133 6.146 6.158 6.169 6.180 6.191 6.201 6.210 6.219 6.228 6.236 6.244 6.252 6.260 6.267 6.275 6.282 6.289 6.296 6.303 6.310 6.315 6.320 6.326 6.332 6.337 6.343 6.349 6.354 6.360 6.365 6.370 6.375 6.380 6.385 6.390 6.394 6.399 6.404 6.408 6.412 6.417 6.421 6.425 6.428 6.432 6.437 6.442 6.448 6.454 6.461 6.469 6.477 6.486 6.494 6.503 6.513 6.522 6.531 6.541 6.549 6.558 6.566 6.574 6.582 6.590 6.597 6.604 6.611 6.620 6.631 6.644 6.659 6.676 6.694 6.714
6.126 6.139 6.152 6.164 6.176 6.187 6.198 6.208 6.218 6.228 6.237 6.245 6.254 6.262 6.269 6.277 6.284 6.292 6.299 6.306 6.313 6.319 6.324 6.330 6.335 6.341 6.347 6.352 6.358 6.363 6.369 6.374 6.379 6.385 6.390 6.395 6.400 6.404 6.409 6.414 6.418 6.422 6.427 6.431 6.435 6.439 6.442 6.447 6.452 6.457 6.463 6.470 6.477 6.485 6.493 6.501 6.510 6.519 6.528 6.537 6.546 6.555 6.564 6.572 6.579 6.587 6.594 6.601 6.607 6.614 6.622 6.632 6.643 6.657 6.673 6.691 6.710
6.132 6.145 6.158 6.170 6.182 6.194 6.205 6.216 6.226 6.236 6.245 6.254 6.263 6.271 6.279 6.287 6.294 6.301 6.308 6.316 6.323 6.328 6.334 6.339 6.345 6.350 6.356 6.362 6.367 6.373 6.378 6.383 6.389 6.394 6.399 6.404 6.409 6.414 6.419 6.423 6.428 6.433 6.437 6.442 6.446 6.449 6.452 6.457 6.461 6.466 6.472 6.478 6.485 6.492 6.500 6.508 6.517 6.526 6.535 6.543 6.552 6.561 6.569 6.577 6.585 6.592 6.599 6.605 6.610 6.616 6.623 6.632 6.642 6.655 6.671 6.688 6.706
6.137 6.150 6.163 6.176 6.189 6.201 6.212 6.223 6.234 6.244 6.254 6.263 6.272 6.280 6.288 6.296 6.303 6.311 6.318 6.325 6.332 6.338 6.343 6.348 6.354 6.360 6.365 6.371 6.376 6.382 6.387 6.392 6.398 6.403 6.408 6.413 6.418 6.423 6.428 6.433 6.438 6.443 6.447 6.452 6.456 6.459 6.463 6.467 6.471 6.476 6.481 6.487 6.494 6.501 6.508 6.516 6.524 6.533 6.541 6.550 6.558 6.567 6.575 6.583 6.590 6.597 6.603 6.608 6.613 6.618 6.624 6.631 6.641 6.653 6.667 6.684 6.703
6.142 6.156 6.169 6.182 6.195 6.207 6.219 6.230 6.241 6.251 6.261 6.271 6.280 6.289 6.297 6.305 6.313 6.320 6.327 6.335 6.342 6.347 6.353 6.358 6.364 6.369 6.375 6.380 6.386 6.391 6.396 6.401 6.407 6.412 6.417 6.422 6.427 6.432 6.437 6.442 6.447 6.452 6.457 6.462 6.466 6.469 6.473 6.477 6.481 6.486 6.491 6.497 6.503 6.509 6.516 6.524 6.532 6.540 6.548 6.557 6.565 6.573 6.581 6.588 6.595 6.601 6.607 6.612 6.616 6.620 6.625 6.631 6.639 6.650 6.664 6.681 6.700
