version1/TsunamiDB/out54133.asc
ncols          264
nrows          230
xllcorner      497853.4375
yllcorner      4229146.0000
cellsize         5.
NODATA_value   -99
[rows 102 to 135 of 230, columns 154 to 230 of 264]
6.761 6.765 6.769 6.773 6.777 6.781 6.786 6.790 6.794 6.799 6.803 6.808 6.813 6.818 6.824 6.830 6.836 6.843 6.850 6.857 6.864 6.871 6.879 6.888 6.896 6.905 6.914 6.923 6.933 6.942 6.952 6.962 6.972 6.982 6.992 7.002 7.012 7.022 7.032 7.042 7.052 7.061 7.071 7.080 7.089 7.098 7.107 7.116 7.125 7.134 7.142 7.151 7.159 7.168 7.177 7.186 7.195 7.204 7.214 7.222 7.231 7.239 7.250 7.264 7.278 7.295 7.317 7.344 7.375 7.414 7.463 7.521 7.584 7.625 7.667 7.734 7.796
6.767 6.771 6.775 6.779 6.783 6.787 6.792 6.796 6.800 6.805 6.809 6.814 6.819 6.824 6.830 6.836 6.842 6.849 6.856 6.863 6.870 6.878 6.885 6.894 6.902 6.911 6.920 6.929 6.939 6.948 6.958 6.968 6.978 6.988 6.998 7.008 7.018 7.028 7.038 7.049 7.059 7.068 7.077 7.087 7.096 7.105 7.114 7.123 7.132 7.141 7.149 7.158 7.166 7.174 7.182 7.191 7.199 7.209 7.218 7.228 7.238 7.249 7.261 7.277 7.294 7.313 7.338 7.367 7.399 7.437 7.486 7.547 7.612 7.653 7.696 7.762 7.822
6.773 6.777 6.781 6.785 6.789 6.794 6.798 6.802 6.807 6.811 6.816 6.820 6.825 6.831 6.836 6.842 6.849 6.855 6.862 6.869 6.876 6.884 6.891 6.900 6.908 6.917 6.926 6.935 6.945 6.955 6.965 6.974 6.984 6.995 7.005 7.015 7.025 7.035 7.045 7.055 7.065 7.075 7.084 7.093 7.102 7.111 7.120 7.129 7.138 7.147 7.156 7.164 7.171 7.179 7.187 7.195 7.203 7.213 7.222 7.233 7.245 7.258 7.273 7.291 7.310 7.332 7.360 7.390 7.423 7.462 7.511 7.571 7.639 7.681 7.724 7.789 7.848
6.779 6.783 6.787 6.792 6.796 6.800 6.804 6.809 6.813 6.817 6.822 6.827 6.832 6.837 6.842 6.848 6.855 6.862 6.868 6.875 6.882 6.890 6.898 6.906 6.914 6.923 6.932 6.942 6.951 6.961 6.971 6.981 6.991 7.001 7.011 7.021 7.031 7.041 7.052 7.062 7.072 7.081 7.091 7.100 7.109 7.117 7.126 7.136 7.145 7.154 7.162 7.170 7.176 7.184 7.191 7.198 7.207 7.216 7.227 7.240 7.254 7.269 7.286 7.306 7.326 7.351 7.382 7.414 7.448 7.487 7.535 7.596 7.671 7.714 7.755 7.818 7.874
6.785 6.790 6.794 6.798 6.802 6.806 6.811 6.815 6.819 6.824 6.828 6.833 6.838 6.843 6.849 6.855 6.861 6.868 6.874 6.881 6.888 6.896 6.904 6.912 6.920 6.929 6.938 6.948 6.957 6.967 6.977 6.987 6.997 7.007 7.017 7.028 7.038 7.048 7.058 7.069 7.079 7.088 7.097 7.106 7.115 7.124 7.133 7.142 7.151 7.160 7.168 7.175 7.181 7.188 7.195 7.202 7.211 7.220 7.233 7.247 7.263 7.281 7.301 7.321 7.343 7.371 7.403 7.438 7.474 7.514 7.561 7.632 7.710 7.748 7.787 7.848 7.900
6.792 6.796 6.800 6.805 6.809 6.813 6.817 6.822 6.826 6.830 6.835 6.840 6.845 6.850 6.855 6.861 6.868 6.874 6.881 6.887 6.895 6.902 6.910 6.918 6.927 6.935 6.945 6.954 6.964 6.973 6.983 6.993 7.003 7.014 7.024 7.034 7.044 7.054 7.065 7.075 7.085 7.094 7.103 7.112 7.121 7.130 7.139 7.148 7.157 7.165 7.173 7.179 7.185 7.192 7.199 7.206 7.215 7.226 7.240 7.256 7.273 7.293 7.316 7.338 7.361 7.392 7.427 7.464 7.504 7.547 7.603 7.675 7.745 7.781 7.818 7.875 7.924
6.799 6.803 6.807 6.811 6.815 6.820 6.824 6.828 6.833 6.837 6.842 6.846 6.851 6.856 6.862 6.868 6.874 6.881 6.887 6.894 6.901 6.908 6.916 6.924 6.933 6.942 6.951 6.960 6.970 6.980 6.989 7.000 7.010 7.020 7.030 7.040 7.051 7.061 7.071 7.081 7.091 7.100 7.109 7.118 7.127 7.136 7.144 7.153 7.162 7.170 7.178 7.184 7.190 7.197 7.204 7.211 7.221 7.233 7.248 7.265 7.284 7.307 7.333 7.356 7.381 7.415 7.454 7.495 7.538 7.588 7.648 7.715 7.778 7.811 7.847 7.899 7.945
6.805 6.810 6.814 6.818 6.822 6.826 6.831 6.835 6.839 6.844 6.848 6.853 6.858 6.863 6.868 6.874 6.880 6.887 6.893 6.900 6.907 6.914 6.922 6.930 6.939 6.948 6.957 6.966 6.976 6.986 6.996 7.006 7.016 7.026 7.036 7.047 7.057 7.067 7.077 7.088 7.098 7.107 7.115 7.124 7.133 7.141 7.150 7.159 7.167 7.175 7.182 7.189 7.195 7.202 7.209 7.217 7.228 7.241 7.257 7.275 7.297 7.323 7.351 7.376 7.402 7.441 7.483 7.528 7.577 7.631 7.691 7.752 7.809 7.840 7.873 7.921 7.963
6.812 6.816 6.821 6.825 6.829 6.833 6.838 6.842 6.846 6.851 6.855 6.860 6.865 6.870 6.875 6.881 6.887 6.893 6.900 6.906 6.913 6.921 6.928 6.937 6.945 6.954 6.963 6.972 6.982 6.992 7.002 7.012 7.022 7.032 7.043 7.053 7.063 7.073 7.084 7.094 7.104 7.113 7.121 7.130 7.138 7.147 7.155 7.164 7.172 7.180 7.187 7.193 7.200 7.207 7.215 7.224 7.236 7.250 7.266 7.286 7.310 7.339 7.371 7.398 7.427 7.469 7.515 7.565 7.618 7.673 7.730 7.787 7.838 7.866 7.897 7.940 7.979
6.819 6.823 6.828 6.832 6.836 6.840 6.845 6.849 6.853 6.857 6.862 6.867 6.871 6.876 6.881 6.887 6.893 6.900 6.906 6.913 6.919 6.927 6.935 6.943 6.951 6.960 6.969 6.978 6.988 6.998 7.008 7.018 7.028 7.039 7.049 7.059 7.069 7.080 7.090 7.100 7.110 7.119 7.127 7.136 7.144 7.152 7.160 7.169 7.177 7.185 7.192 7.199 7.206 7.213 7.222 7.232 7.245 7.260 7.277 7.298 7.324 7.357 7.393 7.422 7.453 7.500 7.550 7.604 7.657 7.712 7.767 7.818 7.864 7.891 7.918 7.957 7.992
6.826 6.830 6.835 6.839 6.843 6.847 6.852 6.856 6.860 6.864 6.869 6.873 6.878 6.883 6.888 6.894 6.900 6.906 6.912 6.919 6.926 6.933 6.941 6.949 6.957 6.966 6.975 6.984 6.994 7.004 7.014 7.024 7.034 7.045 7.055 7.065 7.076 7.086 7.096 7.107 7.116 7.125 7.133 7.141 7.149 7.157 7.165 7.173 7.181 7.189 7.197 7.205 7.212 7.220 7.229 7.240 7.254 7.271 7.289 7.311 7.340 7.377 7.418 7.448 7.482 7.533 7.587 7.641 7.695 7.748 7.800 7.848 7.889 7.913 7.938 7.973 8.005
6.833 6.838 6.842 6.846 6.850 6.854 6.859 6.863 6.867 6.871 6.876 6.880 6.885 6.890 6.895 6.900 6.907 6.913 6.919 6.925 6.932 6.939 6.947 6.955 6.963 6.972 6.981 6.991 7.000 7.010 7.020 7.030 7.040 7.051 7.061 7.071 7.082 7.092 7.103 7.113 7.122 7.131 7.138 7.146 7.154 7.162 7.170 7.178 7.186 7.194 7.203 7.211 7.219 7.227 7.237 7.249 7.264 7.282 7.302 7.326 7.358 7.399 7.444 7.476 7.512 7.567 7.622 7.676 7.729 7.781 7.830 7.873 7.911 7.933 7.955 7.987 8.016
6.841 6.845 6.849 6.853 6.858 6.862 6.866 6.870 6.874 6.879 6.883 6.887 6.892 6.897 6.902 6.907 6.913 6.919 6.925 6.932 6.938 6.945 6.953 6.961 6.969 6.978 6.987 6.996 7.006 7.016 7.026 7.036 7.046 7.057 7.067 7.077 7.088 7.098 7.109 7.119 7.128 7.136 7.144 7.152 7.159 7.166 7.174 7.182 7.191 7.199 7.208 7.217 7.226 7.235 7.245 7.258 7.275 7.294 7.315 7.342 7.377 7.420 7.469 7.505 7.543 7.598 7.654 7.709 7.761 7.811 7.857 7.898 7.932 7.952 7.972 8.001 8.027
6.848 6.853 6.857 6.861 6.865 6.869 6.873 6.877 6.882 6.886 6.890 6.894 6.899 6.904 6.909 6.914 6.920 6.926 6.932 6.938 6.945 6.952 6.959 6.967 6.975 6.984 6.993 7.002 7.012 7.022 7.032 7.042 7.052 7.063 7.073 7.083 7.094 7.104 7.115 7.125 7.134 7.142 7.149 7.156 7.164 7.171 7.178 7.186 7.195 7.205 7.215 7.224 7.233 7.243 7.254 7.268 7.286 7.307 7.331 7.360 7.397 7.444 7.499 7.537 7.575 7.632 7.688 7.742 7.793 7.841 7.885 7.922 7.953 7.971 7.989 8.015 8.038
6.856 6.860 6.864 6.868 6.873 6.877 6.881 6.885 6.889 6.893 6.897 6.902 6.906 6.911 6.916 6.921 6.927 6.933 6.938 6.944 6.951 6.958 6.965 6.973 6.981 6.990 6.999 7.008 7.018 7.028 7.038 7.048 7.058 7.068 7.079 7.089 7.100 7.110 7.121 7.131 7.139 7.147 7.153 7.161 7.168 7.175 7.183 7.191 7.200 7.211 7.221 7.231 7.240 7.251 7.263 7.279 7.298 7.321 7.348 7.380 7.420 7.475 7.535 7.570 7.608 7.666 7.722 7.774 7.823 7.869 7.910 7.944 7.972 7.988 8.004 8.028 8.049
6.864 6.868 6.872 6.876 6.880 6.884 6.888 6.892 6.896 6.901 6.905 6.909 6.913 6.918 6.923 6.928 6.934 6.939 6.945 6.951 6.957 6.964 6.972 6.979 6.987 6.996 7.005 7.014 7.024 7.034 7.044 7.054 7.064 7.074 7.084 7.095 7.105 7.116 7.126 7.136 7.144 7.151 7.158 7.165 7.173 7.180 7.187 7.196 7.206 7.216 7.227 7.238 7.249 7.260 7.273 7.291 7.313 7.339 7.369 7.405 7.452 7.511 7.568 7.604 7.641 7.698 7.753 7.805 7.852 7.895 7.933 7.964 7.990 8.005 8.019 8.040 8.059
6.873 6.877 6.881 6.885 6.888 6.892 6.896 6.900 6.904 6.908 6.912 6.916 6.921 6.925 6.930 6.935 6.941 6.946 6.952 6.957 6.964 6.971 6.978 6.985 6.994 7.002 7.011 7.020 7.030 7.040 7.049 7.059 7.070 7.080 7.090 7.100 7.111 7.121 7.132 7.141 7.149 7.156 7.163 7.170 7.177 7.184 7.192 7.201 7.211 7.222 7.233 7.245 7.258 7.271 7.285 7.305 7.330 7.360 7.394 7.436 7.487 7.545 7.601 7.635 7.672 7.728 7.782 7.833 7.878 7.919 7.954 7.982 8.007 8.020 8.033 8.052 8.069
6.882 6.885 6.889 6.893 6.897 6.901 6.905 6.908 6.912 6.916 6.920 6.924 6.928 6.933 6.937 6.943 6.948 6.953 6.958 6.964 6.970 6.977 6.984 6.992 7.000 7.008 7.017 7.026 7.036 7.045 7.055 7.065 7.075 7.085 7.096 7.106 7.116 7.127 7.137 7.146 7.154 7.161 7.167 7.175 7.182 7.189 7.197 7.207 7.217 7.228 7.240 7.253 7.268 7.283 7.299 7.323 7.351 7.384 7.423 7.469 7.522 7.578 7.633 7.666 7.702 7.757 7.810 7.859 7.902 7.940 7.973 8.000 8.023 8.035 8.047 8.064 8.079
6.891 6.895 6.898 6.902 6.906 6.909 6.913 6.917 6.921 6.924 6.928 6.932 6.936 6.940 6.945 6.950 6.955 6.960 6.965 6.971 6.977 6.984 6.991 6.998 7.006 7.014 7.023 7.032 7.042 7.051 7.061 7.071 7.081 7.091 7.101 7.111 7.122 7.132 7.142 7.151 7.159 7.166 7.172 7.180 7.187 7.194 7.203 7.212 7.222 7.234 7.247 7.262 7.280 7.297 7.316 7.343 7.375 7.413 7.455 7.502 7.555 7.610 7.663 7.695 7.730 7.784 7.835 7.883 7.924 7.961 7.992 8.018 8.038 8.049 8.060 8.075 8.088
6.901 6.905 6.908 6.911 6.915 6.919 6.922 6.926 6.929 6.933 6.937 6.940 6.944 6.948 6.953 6.958 6.963 6.967 6.973 6.978 6.984 6.990 6.997 7.005 7.012 7.021 7.029 7.038 7.048 7.057 7.067 7.077 7.087 7.097 7.107 7.117 7.127 7.136 7.146 7.156 7.163 7.170 7.177 7.184 7.192 7.199 7.208 7.217 7.228 7.240 7.255 7.273 7.294 7.313 7.335 7.366 7.403 7.443 7.487 7.535 7.586 7.640 7.692 7.723 7.757 7.810 7.860 7.906 7.945 7.981 8.010 8.034 8.053 8.063 8.072 8.085 8.096
6.912 6.915 6.918 6.922 6.925 6.928 6.932 6.935 6.938 6.942 6.945 6.949 6.953 6.957 6.961 6.966 6.971 6.975 6.980 6.985 6.991 6.997 7.004 7.011 7.019 7.027 7.036 7.045 7.054 7.063 7.073 7.083 7.092 7.102 7.112 7.122 7.131 7.141 7.151 7.160 7.168 7.175 7.182 7.189 7.197 7.204 7.213 7.223 7.234 7.247 7.264 7.285 7.310 7.332 7.356 7.392 7.432 7.474 7.519 7.566 7.616 7.669 7.720 7.751 7.783 7.835 7.884 7.927 7.966 7.999 8.028 8.050 8.067 8.075 8.083 8.094 8.104
6.924 6.927 6.930 6.933 6.936 6.939 6.942 6.945 6.948 6.952 6.955 6.958 6.962 6.966 6.970 6.974 6.979 6.983 6.988 6.993 6.999 7.005 7.011 7.018 7.026 7.034 7.042 7.051 7.060 7.070 7.079 7.088 7.098 7.107 7.117 7.126 7.136 7.146 7.156 7.165 7.173 7.180 7.186 7.194 7.201 7.208 7.218 7.228 7.240 7.255 7.274 7.299 7.328 7.352 7.380 7.419 7.461 7.505 7.549 7.595 7.645 7.696 7.748 7.777 7.809 7.859 7.906 7.948 7.984 8.016 8.043 8.064 8.078 8.085 8.092 8.101 8.110
6.937 6.939 6.942 6.944 6.947 6.950 6.953 6.956 6.959 6.962 6.965 6.968 6.972 6.975 6.979 6.983 6.988 6.992 6.996 7.001 7.006 7.012 7.019 7.025 7.033 7.041 7.049 7.058 7.067 7.076 7.085 7.095 7.104 7.113 7.122 7.131 7.141 7.150 7.160 7.170 7.178 7.185 7.191 7.198 7.205 7.213 7.223 7.234 7.247 7.264 7.286 7.314 7.346 7.374 7.404 7.446 7.490 7.535 7.579 7.625 7.673 7.723 7.774 7.803 7.834 7.882 7.927 7.966 8.001 8.032 8.058 8.077 8.090 8.095 8.100 8.108 8.116
6.951 6.953 6.955 6.957 6.960 6.962 6.965 6.967 6.970 6.973 6.976 6.979 6.982 6.985 6.989 6.993 6.997 7.001 7.005 7.010 7.015 7.020 7.027 7.033 7.040 7.048 7.056 7.065 7.074 7.083 7.092 7.101 7.109 7.118 7.127 7.136 7.145 7.155 7.165 7.174 7.183 7.189 7.195 7.202 7.210 7.217 7.228 7.240 7.255 7.274 7.299 7.330 7.368 7.398 7.430 7.474 7.520 7.565 7.609 7.654 7.700 7.750 7.803 7.831 7.860 7.906 7.948 7.985 8.018 8.048 8.073 8.090 8.099 8.103 8.107 8.115 8.122
6.966 6.968 6.969 6.971 6.973 6.976 6.978 6.980 6.983 6.985 6.988 6.990 6.993 6.996 6.999 7.003 7.007 7.011 7.015 7.019 7.024 7.029 7.035 7.041 7.048 7.056 7.064 7.072 7.081 7.090 7.099 7.107 7.115 7.124 7.133 7.141 7.150 7.160 7.170 7.179 7.187 7.193 7.199 7.206 7.214 7.222 7.233 7.247 7.264 7.287 7.314 7.352 7.394 7.424 7.457 7.503 7.549 7.595 7.640 7.684 7.728 7.781 7.834 7.860 7.887 7.930 7.969 8.004 8.035 8.062 8.086 8.100 8.106 8.109 8.113 8.120 8.127
6.982 6.984 6.985 6.987 6.988 6.990 6.992 6.994 6.996 6.998 7.000 7.003 7.005 7.008 7.011 7.014 7.018 7.021 7.025 7.029 7.034 7.039 7.044 7.050 7.057 7.064 7.072 7.080 7.089 7.098 7.106 7.114 7.122 7.130 7.138 7.147 7.156 7.165 7.175 7.184 7.191 7.197 7.203 7.211 7.219 7.228 7.241 7.257 7.277 7.303 7.336 7.378 7.420 7.451 7.484 7.531 7.579 7.626 7.671 7.716 7.762 7.814 7.863 7.887 7.912 7.953 7.989 8.021 8.049 8.074 8.095 8.105 8.112 8.115 8.119 8.125 8.133
7.000 7.001 7.002 7.003 7.004 7.006 7.007 7.009 7.011 7.012 7.014 7.016 7.018 7.021 7.023 7.027 7.030 7.033 7.036 7.040 7.044 7.049 7.054 7.060 7.067 7.074 7.081 7.089 7.098 7.106 7.114 7.122 7.129 7.137 7.145 7.153 7.161 7.170 7.180 7.188 7.195 7.202 7.208 7.217 7.225 7.236 7.251 7.270 7.293 7.323 7.361 7.404 7.447 7.478 7.512 7.560 7.610 7.658 7.703 7.750 7.798 7.846 7.891 7.913 7.936 7.973 8.006 8.036 8.061 8.083 8.100 8.111 8.118 8.121 8.124 8.131 8.138
7.018 7.019 7.020 7.021 7.022 7.023 7.024 7.025 7.026 7.028 7.029 7.031 7.033 7.035 7.037 7.040 7.043 7.046 7.049 7.052 7.056 7.061 7.066 7.071 7.077 7.084 7.091 7.099 7.107 7.115 7.123 7.130 7.137 7.145 7.152 7.160 7.168 7.176 7.185 7.193 7.200 7.207 7.215 7.224 7.234 7.247 7.265 7.286 7.313 7.346 7.386 7.430 7.474 7.506 7.540 7.590 7.641 7.690 7.738 7.785 7.832 7.877 7.917 7.937 7.959 7.992 8.022 8.049 8.072 8.090 8.105 8.115 8.123 8.126 8.129 8.136 8.144
7.037 7.038 7.039 7.039 7.040 7.041 7.041 7.042 7.043 7.044 7.045 7.047 7.048 7.050 7.052 7.054 7.057 7.059 7.062 7.065 7.069 7.073 7.078 7.083 7.089 7.096 7.103 7.110 7.118 7.126 7.133 7.140 7.146 7.153 7.160 7.167 7.175 7.182 7.191 7.198 7.206 7.214 7.223 7.233 7.245 7.261 7.281 7.306 7.335 7.370 7.412 7.457 7.502 7.535 7.570 7.621 7.673 7.724 7.772 7.819 7.865 7.906 7.942 7.960 7.980 8.009 8.036 8.060 8.080 8.096 8.110 8.120 8.128 8.131 8.134 8.142 8.150
7.057 7.057 7.058 7.058 7.059 7.059 7.060 7.060 7.061 7.062 7.062 7.063 7.065 7.066 7.068 7.070 7.072 7.074 7.077 7.079 7.083 7.087 7.091 7.096 7.102 7.108 7.115 7.122 7.130 7.137 7.145 7.151 7.157 7.163 7.169 7.175 7.182 7.189 7.197 7.204 7.213 7.222 7.233 7.245 7.258 7.277 7.300 7.328 7.359 7.396 7.438 7.484 7.532 7.565 7.600 7.653 7.706 7.758 7.806 7.853 7.896 7.933 7.965 7.982 7.999 8.025 8.049 8.070 8.087 8.102 8.114 8.124 8.133 8.136 8.139 8.148 8.157
7.076 7.077 7.077 7.078 7.078 7.079 7.079 7.079 7.080 7.080 7.081 7.081 7.082 7.083 7.084 7.086 7.088 7.090 7.092 7.095 7.098 7.101 7.106 7.111 7.116 7.122 7.129 7.136 7.143 7.151 7.157 7.163 7.168 7.174 7.179 7.184 7.190 7.197 7.204 7.212 7.221 7.233 7.246 7.259 7.274 7.296 7.322 7.352 7.384 7.422 7.464 7.513 7.563 7.596 7.632 7.687 7.741 7.792 7.839 7.884 7.925 7.960 7.988 8.002 8.017 8.040 8.061 8.079 8.094 8.107 8.118 8.128 8.138 8.141 8.144 8.154 8.164
7.095 7.096 7.097 7.097 7.098 7.098 7.098 7.098 7.099 7.099 7.099 7.099 7.100 7.101 7.102 7.104 7.105 7.107 7.108 7.111 7.114 7.117 7.121 7.126 7.131 7.137 7.144 7.151 7.158 7.165 7.171 7.177 7.181 7.186 7.190 7.195 7.200 7.206 7.214 7.222 7.233 7.246 7.261 7.275 7.292 7.317 7.345 7.377 7.411 7.449 7.493 7.543 7.595 7.629 7.666 7.721 7.774 7.824 7.871 7.914 7.952 7.983 8.008 8.021 8.034 8.053 8.071 8.087 8.101 8.112 8.123 8.133 8.143 8.147 8.150 8.160 8.170
7.114 7.114 7.115 7.116 7.116 7.117 7.117 7.117 7.118 7.118 7.118 7.118 7.118 7.119 7.120 7.121 7.122 7.124 7.125 7.128 7.130 7.134 7.138 7.142 7.147 7.153 7.160 7.167 7.174 7.181 7.187 7.192 7.195 7.199 7.203 7.207 7.211 7.217 7.224 7.234 7.246 7.260 7.277 7.294 7.313 7.339 7.370 7.403 7.439 7.478 7.522 7.573 7.627 7.663 7.700 7.755 7.807 7.856 7.901 7.942 7.978 8.006 8.028 8.039 8.050 8.067 8.082 8.097 8.108 8.119 8.129 8.138 8.148 8.152 8.156 8.167 8.177
7.130 7.132 7.133 7.134 7.134 7.135 7.136 7.136 7.136 7.136 7.136 7.136 7.136 7.137 7.138 7.139 7.140 7.141 7.142 7.145 7.147 7.150 7.154 7.159 7.164 7.170 7.177 7.184 7.191 7.198 7.204 7.208 7.210 7.214 7.217 7.220 7.224 7.230 7.237 7.248 7.262 7.278 7.297 7.315 7.335 7.364 7.397 7.432 7.469 7.510 7.554 7.607 7.665 7.701 7.737 7.792 7.843 7.890 7.932 7.971 8.005 8.030 8.048 8.057 8.066 8.080 8.094 8.106 8.116 8.125 8.135 8.144 8.154 8.158 8.162 8.173 8.184
