version1/TsunamiDB/out54117.asc
ncols          264
nrows          230
xllcorner      497853.4375
yllcorner      4229146.0000
cellsize         5.
NODATA_value   -99
[rows 102 to 135 of 230, columns 77 to 153 of 264]
6.179 6.189 6.199 6.208 6.217 6.226 6.235 6.244 6.253 6.262 6.271 6.281 6.290 6.299 6.308 6.318 6.327 6.337 6.347 6.357 6.367 6.378 6.388 6.400 6.411 6.422 6.433 6.443 6.453 6.464 6.475 6.485 6.496 6.507 6.518 6.529 6.539 6.550 6.560 6.570 6.580 6.590 6.600 6.610 6.620 6.629 6.639 6.649 6.659 6.667 6.675 6.683 6.691 6.699 6.707 6.714 6.722 6.729 6.736 6.743 6.750 6.756 6.763 6.769 6.775 6.781 6.787 6.793 6.799 6.805 6.812 6.817 6.822 6.827 6.832 6.837 6.842
6.188 6.198 6.208 6.216 6.225 6.234 6.243 6.252 6.261 6.270 6.279 6.288 6.297 6.307 6.316 6.325 6.334 6.344 6.354 6.364 6.374 6.384 6.395 6.406 6.417 6.428 6.438 6.448 6.459 6.469 6.480 6.491 6.502 6.513 6.524 6.534 6.545 6.556 6.566 6.577 6.587 6.597 6.607 6.617 6.627 6.637 6.646 6.657 6.666 6.675 6.683 6.691 6.699 6.707 6.715 6.723 6.730 6.738 6.745 6.752 6.759 6.766 6.772 6.779 6.785 6.791 6.797 6.803 6.809 6.815 6.822 6.828 6.833 6.838 6.843 6.847 6.852
6.197 6.207 6.216 6.225 6.233 6.242 6.251 6.260 6.269 6.278 6.287 6.296 6.305 6.314 6.323 6.332 6.342 6.351 6.361 6.370 6.380 6.390 6.401 6.412 6.423 6.434 6.444 6.454 6.464 6.475 6.485 6.496 6.507 6.518 6.529 6.540 6.551 6.562 6.572 6.583 6.593 6.604 6.614 6.624 6.634 6.644 6.654 6.664 6.674 6.682 6.690 6.699 6.707 6.715 6.723 6.731 6.739 6.747 6.754 6.761 6.769 6.775 6.782 6.789 6.795 6.801 6.807 6.814 6.820 6.826 6.832 6.838 6.843 6.848 6.853 6.858 6.863
6.206 6.216 6.225 6.234 6.242 6.251 6.260 6.268 6.277 6.286 6.295 6.304 6.313 6.322 6.331 6.340 6.349 6.358 6.368 6.377 6.387 6.397 6.407 6.418 6.429 6.440 6.449 6.459 6.470 6.480 6.491 6.502 6.513 6.524 6.535 6.546 6.557 6.568 6.578 6.589 6.600 6.610 6.620 6.630 6.641 6.651 6.661 6.671 6.681 6.690 6.698 6.706 6.715 6.723 6.731 6.740 6.748 6.755 6.763 6.771 6.778 6.785 6.792 6.798 6.805 6.811 6.818 6.824 6.830 6.836 6.843 6.849 6.854 6.859 6.864 6.869 6.874
6.216 6.226 6.235 6.243 6.251 6.260 6.268 6.277 6.286 6.295 6.304 6.312 6.321 6.330 6.339 6.348 6.357 6.366 6.375 6.385 6.394 6.404 6.414 6.424 6.435 6.445 6.455 6.465 6.475 6.485 6.496 6.507 6.518 6.529 6.540 6.551 6.562 6.573 6.584 6.595 6.606 6.616 6.627 6.637 6.647 6.658 6.668 6.678 6.688 6.697 6.705 6.714 6.723 6.731 6.739 6.748 6.756 6.764 6.772 6.779 6.787 6.794 6.801 6.808 6.815 6.821 6.828 6.834 6.840 6.847 6.853 6.859 6.864 6.869 6.874 6.879 6.884
6.226 6.236 6.244 6.252 6.260 6.269 6.277 6.286 6.295 6.303 6.312 6.321 6.330 6.338 6.347 6.356 6.365 6.374 6.383 6.392 6.401 6.411 6.421 6.431 6.441 6.451 6.461 6.471 6.481 6.491 6.501 6.512 6.523 6.534 6.545 6.556 6.568 6.579 6.590 6.601 6.611 6.622 6.633 6.643 6.654 6.664 6.674 6.685 6.695 6.704 6.713 6.721 6.730 6.739 6.747 6.756 6.764 6.772 6.780 6.788 6.796 6.803 6.811 6.818 6.825 6.831 6.838 6.844 6.851 6.857 6.864 6.870 6.875 6.880 6.885 6.890 6.895
6.236 6.245 6.254 6.262 6.270 6.278 6.287 6.295 6.304 6.312 6.321 6.330 6.338 6.347 6.355 6.364 6.373 6.382 6.390 6.400 6.409 6.418 6.428 6.438 6.448 6.458 6.467 6.476 6.486 6.496 6.507 6.518 6.528 6.539 6.550 6.562 6.573 6.584 6.595 6.606 6.617 6.628 6.638 6.649 6.660 6.670 6.681 6.691 6.701 6.710 6.719 6.728 6.737 6.746 6.755 6.763 6.772 6.780 6.788 6.797 6.805 6.812 6.820 6.827 6.834 6.841 6.848 6.854 6.861 6.867 6.874 6.880 6.885 6.891 6.896 6.901 6.905
6.246 6.255 6.264 6.272 6.280 6.288 6.296 6.305 6.313 6.322 6.330 6.339 6.347 6.356 6.364 6.373 6.381 6.390 6.399 6.407 6.416 6.426 6.435 6.445 6.455 6.464 6.473 6.482 6.492 6.502 6.512 6.523 6.534 6.545 6.556 6.567 6.578 6.589 6.600 6.611 6.622 6.633 6.644 6.655 6.665 6.676 6.687 6.698 6.708 6.717 6.726 6.735 6.744 6.753 6.762 6.771 6.779 6.788 6.796 6.805 6.813 6.821 6.829 6.836 6.843 6.850 6.857 6.864 6.871 6.877 6.884 6.890 6.896 6.901 6.906 6.911 6.916
6.256 6.266 6.274 6.282 6.290 6.298 6.306 6.314 6.323 6.331 6.339 6.348 6.356 6.365 6.373 6.381 6.390 6.398 6.407 6.415 6.424 6.433 6.442 6.452 6.462 6.471 6.480 6.489 6.498 6.508 6.518 6.528 6.539 6.550 6.561 6.572 6.583 6.594 6.605 6.616 6.627 6.638 6.649 6.660 6.671 6.682 6.692 6.703 6.714 6.723 6.732 6.741 6.751 6.760 6.769 6.778 6.787 6.795 6.804 6.813 6.821 6.829 6.837 6.845 6.852 6.860 6.867 6.874 6.880 6.887 6.894 6.900 6.906 6.911 6.916 6.921 6.926
6.266 6.276 6.284 6.292 6.299 6.307 6.316 6.324 6.332 6.340 6.349 6.357 6.365 6.374 6.382 6.390 6.399 6.407 6.415 6.424 6.432 6.441 6.450 6.459 6.469 6.478 6.486 6.495 6.504 6.514 6.524 6.534 6.544 6.555 6.566 6.577 6.588 6.599 6.610 6.621 6.632 6.643 6.654 6.665 6.676 6.687 6.698 6.709 6.719 6.729 6.738 6.747 6.757 6.766 6.775 6.784 6.793 6.802 6.811 6.820 6.829 6.837 6.845 6.853 6.861 6.868 6.876 6.883 6.890 6.897 6.904 6.910 6.916 6.921 6.926 6.931 6.936
6.276 6.285 6.294 6.301 6.309 6.317 6.325 6.333 6.342 6.350 6.358 6.367 6.375 6.383 6.391 6.399 6.408 6.416 6.424 6.432 6.441 6.449 6.458 6.467 6.476 6.485 6.493 6.502 6.511 6.520 6.530 6.540 6.550 6.560 6.571 6.582 6.593 6.604 6.615 6.626 6.637 6.648 6.659 6.670 6.681 6.692 6.703 6.714 6.725 6.734 6.744 6.753 6.763 6.772 6.781 6.791 6.800 6.809 6.818 6.827 6.836 6.844 6.853 6.861 6.869 6.877 6.884 6.892 6.899 6.906 6.913 6.920 6.925 6.931 6.936 6.941 6.946
6.286 6.295 6.303 6.311 6.319 6.327 6.335 6.343 6.351 6.360 6.368 6.376 6.384 6.392 6.401 6.409 6.417 6.425 6.433 6.441 6.449 6.458 6.466 6.475 6.484 6.492 6.500 6.509 6.517 6.526 6.536 6.545 6.555 6.566 6.576 6.587 6.598 6.608 6.619 6.630 6.642 6.653 6.664 6.675 6.686 6.697 6.708 6.719 6.730 6.739 6.749 6.758 6.768 6.777 6.787 6.796 6.806 6.815 6.824 6.834 6.843 6.851 6.860 6.868 6.877 6.885 6.892 6.900 6.907 6.915 6.922 6.929 6.935 6.940 6.946 6.951 6.956
6.295 6.304 6.313 6.321 6.328 6.336 6.345 6.353 6.361 6.369 6.377 6.386 6.394 6.402 6.410 6.418 6.426 6.434 6.442 6.450 6.458 6.466 6.474 6.483 6.492 6.500 6.508 6.516 6.524 6.533 6.542 6.551 6.561 6.571 6.582 6.592 6.603 6.613 6.624 6.635 6.646 6.657 6.668 6.679 6.690 6.701 6.713 6.724 6.734 6.744 6.754 6.764 6.773 6.783 6.792 6.802 6.812 6.821 6.830 6.840 6.849 6.858 6.867 6.875 6.884 6.892 6.900 6.908 6.916 6.923 6.931 6.938 6.943 6.949 6.955 6.960 6.965
6.304 6.314 6.322 6.330 6.338 6.346 6.354 6.362 6.370 6.379 6.387 6.395 6.403 6.411 6.419 6.427 6.435 6.443 6.451 6.459 6.467 6.475 6.483 6.491 6.500 6.508 6.515 6.523 6.531 6.540 6.549 6.558 6.567 6.577 6.587 6.597 6.608 6.618 6.629 6.640 6.651 6.662 6.673 6.684 6.695 6.706 6.717 6.728 6.739 6.749 6.759 6.768 6.778 6.788 6.797 6.807 6.817 6.826 6.836 6.846 6.855 6.864 6.873 6.882 6.891 6.899 6.907 6.915 6.923 6.931 6.939 6.946 6.952 6.958 6.963 6.969 6.974
6.313 6.323 6.331 6.339 6.347 6.355 6.363 6.371 6.380 6.388 6.396 6.404 6.413 6.421 6.429 6.437 6.445 6.452 6.460 6.468 6.476 6.484 6.492 6.500 6.508 6.516 6.523 6.531 6.539 6.547 6.555 6.564 6.573 6.583 6.593 6.603 6.613 6.623 6.634 6.645 6.655 6.666 6.677 6.688 6.699 6.710 6.721 6.733 6.743 6.753 6.763 6.773 6.782 6.792 6.802 6.812 6.822 6.832 6.841 6.851 6.860 6.870 6.879 6.888 6.897 6.906 6.914 6.922 6.931 6.939 6.947 6.954 6.960 6.966 6.972 6.977 6.983
6.322 6.331 6.340 6.348 6.356 6.364 6.372 6.380 6.389 6.397 6.405 6.414 6.422 6.430 6.438 6.446 6.454 6.462 6.469 6.477 6.485 6.493 6.501 6.509 6.517 6.524 6.531 6.538 6.546 6.554 6.562 6.571 6.580 6.589 6.599 6.608 6.618 6.629 6.639 6.649 6.660 6.671 6.681 6.692 6.703 6.714 6.726 6.737 6.747 6.757 6.767 6.777 6.787 6.797 6.806 6.816 6.826 6.836 6.846 6.856 6.866 6.875 6.885 6.894 6.903 6.912 6.921 6.929 6.937 6.946 6.954 6.961 6.968 6.974 6.980 6.985 6.991
6.331 6.340 6.349 6.357 6.365 6.373 6.381 6.389 6.398 6.406 6.414 6.423 6.431 6.439 6.447 6.455 6.463 6.471 6.479 6.486 6.494 6.502 6.510 6.517 6.525 6.533 6.539 6.546 6.554 6.562 6.570 6.578 6.587 6.596 6.605 6.614 6.624 6.634 6.644 6.654 6.665 6.675 6.686 6.697 6.708 6.719 6.730 6.741 6.751 6.761 6.771 6.781 6.791 6.801 6.811 6.821 6.831 6.841 6.851 6.860 6.870 6.880 6.890 6.899 6.908 6.917 6.926 6.935 6.944 6.952 6.961 6.968 6.975 6.981 6.987 6.993 6.999
6.339 6.349 6.357 6.365 6.373 6.381 6.390 6.398 6.407 6.415 6.423 6.432 6.440 6.448 6.456 6.464 6.472 6.480 6.488 6.495 6.503 6.511 6.519 6.526 6.534 6.541 6.548 6.555 6.562 6.569 6.577 6.585 6.593 6.602 6.611 6.620 6.630 6.639 6.649 6.659 6.670 6.680 6.690 6.701 6.712 6.723 6.734 6.745 6.755 6.765 6.775 6.785 6.795 6.805 6.815 6.825 6.835 6.845 6.855 6.865 6.875 6.884 6.894 6.904 6.913 6.923 6.932 6.941 6.950 6.959 6.967 6.975 6.981 6.988 6.994 7.000 7.006
6.348 6.358 6.366 6.374 6.382 6.390 6.398 6.407 6.415 6.424 6.432 6.440 6.449 6.457 6.465 6.473 6.481 6.489 6.497 6.504 6.512 6.520 6.528 6.536 6.543 6.550 6.556 6.563 6.570 6.577 6.585 6.592 6.601 6.609 6.618 6.627 6.636 6.645 6.655 6.665 6.675 6.685 6.695 6.706 6.716 6.727 6.738 6.749 6.759 6.769 6.779 6.789 6.798 6.808 6.818 6.828 6.838 6.848 6.858 6.869 6.879 6.889 6.898 6.908 6.918 6.927 6.937 6.946 6.955 6.965 6.973 6.981 6.988 6.994 7.001 7.007 7.013
6.358 6.367 6.375 6.383 6.391 6.399 6.407 6.415 6.424 6.432 6.441 6.449 6.457 6.466 6.474 6.482 6.490 6.498 6.506 6.513 6.521 6.529 6.537 6.544 6.552 6.559 6.565 6.571 6.578 6.585 6.592 6.600 6.608 6.616 6.624 6.633 6.642 6.651 6.660 6.670 6.680 6.690 6.700 6.710 6.721 6.731 6.742 6.753 6.763 6.773 6.782 6.792 6.802 6.812 6.822 6.832 6.842 6.852 6.862 6.872 6.882 6.892 6.902 6.912 6.922 6.932 6.941 6.951 6.960 6.970 6.979 6.986 6.994 7.001 7.007 7.014 7.020
6.368 6.376 6.384 6.392 6.400 6.408 6.416 6.424 6.433 6.441 6.449 6.458 6.466 6.474 6.482 6.490 6.499 6.506 6.514 6.522 6.530 6.538 6.545 6.553 6.561 6.567 6.573 6.580 6.586 6.593 6.600 6.608 6.615 6.623 6.631 6.640 6.648 6.657 6.666 6.676 6.685 6.695 6.705 6.715 6.725 6.736 6.747 6.757 6.767 6.776 6.786 6.796 6.805 6.815 6.825 6.835 6.845 6.855 6.865 6.875 6.886 6.896 6.906 6.916 6.926 6.936 6.946 6.955 6.965 6.975 6.983 6.991 6.999 7.006 7.013 7.020 7.026
6.378 6.386 6.394 6.401 6.409 6.417 6.425 6.433 6.442 6.450 6.458 6.466 6.475 6.483 6.491 6.499 6.507 6.515 6.523 6.531 6.539 6.546 6.554 6.562 6.569 6.576 6.582 6.588 6.595 6.601 6.608 6.615 6.623 6.630 6.638 6.646 6.655 6.663 6.672 6.681 6.690 6.700 6.710 6.720 6.730 6.740 6.751 6.761 6.771 6.780 6.790 6.799 6.809 6.819 6.828 6.838 6.848 6.858 6.868 6.878 6.889 6.899 6.909 6.919 6.929 6.939 6.949 6.959 6.969 6.979 6.988 6.996 7.004 7.011 7.018 7.025 7.032
6.389 6.397 6.404 6.412 6.419 6.427 6.435 6.443 6.451 6.459 6.467 6.475 6.483 6.491 6.500 6.508 6.516 6.524 6.532 6.539 6.547 6.555 6.563 6.571 6.578 6.584 6.590 6.597 6.603 6.609 6.616 6.623 6.630 6.638 6.645 6.653 6.661 6.670 6.678 6.687 6.696 6.705 6.715 6.725 6.735 6.745 6.755 6.765 6.775 6.784 6.793 6.803 6.812 6.822 6.832 6.841 6.851 6.861 6.871 6.881 6.891 6.902 6.912 6.922 6.932 6.942 6.952 6.962 6.972 6.982 6.992 7.000 7.008 7.016 7.023 7.030 7.037
6.400 6.408 6.415 6.422 6.430 6.437 6.445 6.453 6.461 6.468 6.476 6.484 6.492 6.500 6.508 6.516 6.524 6.532 6.540 6.548 6.556 6.564 6.571 6.579 6.586 6.592 6.599 6.605 6.611 6.618 6.624 6.631 6.638 6.645 6.653 6.660 6.668 6.676 6.684 6.693 6.702 6.711 6.720 6.730 6.739 6.749 6.760 6.770 6.779 6.788 6.797 6.806 6.816 6.825 6.835 6.844 6.854 6.864 6.874 6.884 6.894 6.904 6.914 6.925 6.935 6.945 6.955 6.965 6.975 6.986 6.995 7.004 7.012 7.020 7.028 7.035 7.042
6.412 6.420 6.427 6.434 6.441 6.448 6.456 6.463 6.471 6.478 6.486 6.494 6.502 6.509 6.517 6.525 6.533 6.541 6.549 6.556 6.564 6.572 6.580 6.588 6.595 6.601 6.607 6.613 6.619 6.626 6.632 6.639 6.646 6.653 6.660 6.667 6.675 6.683 6.691 6.699 6.707 6.716 6.725 6.735 6.744 6.754 6.764 6.774 6.783 6.792 6.801 6.810 6.819 6.828 6.838 6.847 6.857 6.867 6.876 6.886 6.896 6.906 6.917 6.927 6.937 6.947 6.958 6.968 6.978 6.988 6.998 7.007 7.015 7.024 7.031 7.039 7.046
6.422 6.431 6.438 6.445 6.452 6.460 6.467 6.474 6.482 6.489 6.496 6.504 6.511 6.519 6.527 6.534 6.542 6.550 6.557 6.565 6.573 6.580 6.588 6.596 6.603 6.609 6.615 6.621 6.628 6.634 6.640 6.647 6.653 6.660 6.667 6.674 6.682 6.689 6.697 6.705 6.713 6.722 6.731 6.740 6.749 6.758 6.768 6.778 6.787 6.795 6.804 6.813 6.822 6.832 6.841 6.850 6.860 6.869 6.879 6.889 6.898 6.908 6.919 6.929 6.939 6.949 6.959 6.970 6.980 6.991 7.001 7.010 7.018 7.027 7.035 7.043 7.050
6.431 6.441 6.449 6.456 6.464 6.471 6.478 6.486 6.493 6.500 6.507 6.514 6.522 6.529 6.536 6.544 6.551 6.559 6.566 6.574 6.581 6.589 6.597 6.604 6.611 6.617 6.623 6.630 6.636 6.642 6.648 6.655 6.661 6.668 6.674 6.681 6.688 6.696 6.703 6.711 6.719 6.727 6.736 6.745 6.754 6.763 6.773 6.782 6.791 6.799 6.808 6.817 6.826 6.835 6.844 6.853 6.862 6.872 6.881 6.891 6.900 6.910 6.920 6.930 6.940 6.951 6.961 6.971 6.982 6.992 7.002 7.012 7.021 7.029 7.038 7.046 7.053
6.437 6.448 6.457 6.466 6.474 6.482 6.489 6.497 6.504 6.511 6.518 6.526 6.533 6.540 6.547 6.554 6.561 6.568 6.576 6.583 6.590 6.598 6.605 6.613 6.620 6.626 6.632 6.638 6.644 6.650 6.656 6.663 6.669 6.675 6.682 6.689 6.695 6.702 6.710 6.717 6.725 6.733 6.741 6.750 6.759 6.768 6.777 6.786 6.795 6.803 6.812 6.820 6.829 6.838 6.847 6.856 6.865 6.874 6.883 6.893 6.902 6.912 6.922 6.932 6.942 6.952 6.962 6.972 6.983 6.994 7.004 7.013 7.022 7.031 7.040 7.048 7.056
6.439 6.451 6.462 6.472 6.482 6.491 6.499 6.507 6.515 6.522 6.530 6.537 6.544 6.551 6.557 6.564 6.571 6.578 6.585 6.592 6.600 6.607 6.614 6.622 6.628 6.634 6.640 6.646 6.652 6.658 6.664 6.670 6.677 6.683 6.689 6.696 6.702 6.709 6.716 6.723 6.731 6.739 6.747 6.755 6.763 6.772 6.782 6.790 6.799 6.807 6.815 6.824 6.832 6.841 6.849 6.858 6.867 6.876 6.885 6.895 6.904 6.913 6.923 6.933 6.943 6.953 6.963 6.973 6.984 6.994 7.005 7.014 7.023 7.032 7.041 7.050 7.058
6.434 6.449 6.462 6.475 6.486 6.497 6.506 6.516 6.524 6.532 6.540 6.547 6.554 6.561 6.568 6.575 6.582 6.589 6.595 6.602 6.609 6.616 6.623 6.631 6.637 6.643 6.649 6.654 6.660 6.666 6.672 6.678 6.684 6.691 6.697 6.703 6.709 6.716 6.723 6.730 6.737 6.744 6.752 6.760 6.768 6.777 6.786 6.794 6.802 6.810 6.819 6.827 6.835 6.844 6.852 6.861 6.870 6.878 6.887 6.896 6.905 6.915 6.924 6.934 6.943 6.953 6.963 6.973 6.984 6.995 7.005 7.014 7.024 7.033 7.042 7.051 7.059
6.424 6.441 6.456 6.471 6.485 6.498 6.509 6.520 6.531 6.540 6.549 6.557 6.564 6.572 6.579 6.585 6.592 6.599 6.606 6.612 6.619 6.626 6.633 6.640 6.646 6.652 6.657 6.663 6.669 6.675 6.680 6.686 6.692 6.698 6.704 6.710 6.717 6.723 6.729 6.736 6.743 6.750 6.757 6.765 6.773 6.781 6.790 6.798 6.806 6.814 6.822 6.830 6.838 6.846 6.855 6.863 6.872 6.880 6.889 6.898 6.907 6.916 6.925 6.934 6.944 6.953 6.963 6.973 6.984 6.994 7.005 7.014 7.024 7.033 7.042 7.051 7.060
6.408 6.427 6.445 6.462 6.478 6.493 6.507 6.520 6.532 6.544 6.554 6.563 6.572 6.580 6.588 6.595 6.602 6.609 6.616 6.622 6.629 6.636 6.642 6.649 6.655 6.661 6.666 6.672 6.677 6.683 6.689 6.694 6.700 6.706 6.712 6.718 6.724 6.730 6.736 6.742 6.749 6.756 6.763 6.770 6.778 6.786 6.794 6.802 6.810 6.817 6.825 6.833 6.841 6.849 6.857 6.865 6.874 6.882 6.891 6.899 6.908 6.917 6.926 6.935 6.944 6.953 6.963 6.973 6.983 6.994 7.004 7.013 7.023 7.032 7.042 7.051 7.060
6.390 6.410 6.428 6.447 6.465 6.482 6.498 6.514 6.529 6.542 6.554 6.566 6.576 6.586 6.594 6.603 6.610 6.618 6.625 6.632 6.638 6.645 6.652 6.659 6.665 6.670 6.675 6.681 6.686 6.692 6.697 6.703 6.708 6.714 6.720 6.725 6.731 6.737 6.743 6.749 6.755 6.762 6.768 6.776 6.783 6.791 6.799 6.806 6.814 6.821 6.828 6.836 6.844 6.852 6.859 6.868 6.876 6.884 6.892 6.901 6.909 6.917 6.926 6.935 6.944 6.953 6.963 6.972 6.982 6.993 7.003 7.012 7.022 7.031 7.041 7.050 7.059
6.373 6.392 6.410 6.429 6.447 6.466 6.484 6.502 6.519 6.534 6.549 6.563 6.575 6.587 6.597 6.607 6.616 6.624 6.632 6.640 6.647 6.654 6.661 6.668 6.674 6.679 6.684 6.689 6.695 6.700 6.706 6.711 6.716 6.722 6.727 6.733 6.738 6.744 6.750 6.755 6.761 6.768 6.774 6.781 6.788 6.795 6.803 6.810 6.817 6.824 6.831 6.839 6.846 6.854 6.862 6.870 6.877 6.885 6.893 6.902 6.910 6.918 6.927 6.935 6.944 6.953 6.962 6.972 6.981 6.992 7.001 7.011 7.020 7.030 7.039 7.049 7.058
