version1/TsunamiDB/out54176.asc
ncols          264
nrows          230
xllcorner      497853.4375
yllcorner      4229146.0000
cellsize         5.
NODATA_value   -99
[rows 136 to 169 of 230, columns 0 to 76 of 264]
6.365 6.377 6.389 6.401 6.413 6.425 6.437 6.449 6.460 6.471 6.481 6.491 6.501 6.511 6.520 6.530 6.539 6.547 6.556 6.564 6.572 6.580 6.588 6.595 6.602 6.609 6.615 6.621 6.626 6.632 6.637 6.641 6.645 6.648 6.650 6.651 6.652 6.653 6.652 6.652 6.651 6.650 6.649 6.648 6.648 6.647 6.647 6.647 6.647 6.647 6.649 6.650 6.652 6.654 6.657 6.659 6.661 6.664 6.666 6.669 6.671 6.673 6.676 6.678 6.681 6.683 6.686 6.688 6.690 6.693 6.695 6.698 6.700 6.702 6.705 6.707 6.710
6.367 6.379 6.392 6.404 6.415 6.427 6.439 6.451 6.463 6.474 6.484 6.494 6.505 6.514 6.524 6.533 6.543 6.552 6.560 6.569 6.577 6.585 6.593 6.600 6.608 6.615 6.621 6.627 6.633 6.639 6.645 6.650 6.654 6.657 6.659 6.661 6.663 6.664 6.664 6.664 6.663 6.662 6.661 6.660 6.659 6.658 6.658 6.657 6.657 6.657 6.658 6.659 6.661 6.663 6.665 6.667 6.669 6.671 6.674 6.676 6.678 6.681 6.683 6.685 6.688 6.690 6.692 6.695 6.697 6.700 6.702 6.704 6.707 6.709 6.712 6.714 6.717
6.369 6.382 6.394 6.406 6.418 6.430 6.442 6.454 6.466 6.476 6.487 6.498 6.508 6.518 6.527 6.537 6.546 6.555 6.564 6.573 6.582 6.590 6.598 6.606 6.613 6.620 6.627 6.634 6.640 6.646 6.652 6.658 6.662 6.666 6.669 6.671 6.673 6.674 6.675 6.675 6.675 6.674 6.673 6.672 6.671 6.670 6.669 6.668 6.668 6.668 6.668 6.669 6.670 6.672 6.674 6.675 6.677 6.679 6.681 6.683 6.686 6.688 6.690 6.692 6.695 6.697 6.699 6.702 6.704 6.706 6.709 6.711 6.714 6.716 6.718 6.721 6.724
6.371 6.383 6.396 6.408 6.420 6.432 6.444 6.456 6.468 6.479 6.490 6.500 6.511 6.521 6.531 6.541 6.550 6.559 6.568 6.577 6.586 6.594 6.603 6.611 6.618 6.626 6.633 6.640 6.647 6.653 6.659 6.665 6.670 6.674 6.678 6.681 6.683 6.685 6.686 6.687 6.687 6.686 6.685 6.684 6.683 6.682 6.681 6.680 6.679 6.679 6.678 6.679 6.680 6.681 6.683 6.684 6.686 6.687 6.689 6.691 6.693 6.695 6.698 6.700 6.702 6.704 6.707 6.709 6.711 6.714 6.716 6.718 6.721 6.723 6.725 6.728 6.731
6.373 6.385 6.398 6.410 6.422 6.434 6.446 6.459 6.470 6.482 6.492 6.503 6.514 6.524 6.534 6.544 6.553 6.563 6.572 6.581 6.590 6.599 6.607 6.615 6.623 6.631 6.638 6.646 6.653 6.659 6.666 6.672 6.677 6.682 6.686 6.690 6.693 6.695 6.696 6.697 6.698 6.698 6.697 6.697 6.696 6.694 6.693 6.692 6.691 6.690 6.689 6.689 6.690 6.691 6.692 6.693 6.694 6.696 6.698 6.699 6.701 6.703 6.705 6.708 6.710 6.712 6.714 6.716 6.719 6.721 6.723 6.726 6.728 6.730 6.733 6.735 6.738
6.375 6.387 6.399 6.412 6.424 6.436 6.448 6.461 6.473 6.484 6.495 6.506 6.516 6.527 6.537 6.547 6.557 6.566 6.576 6.585 6.594 6.603 6.611 6.620 6.628 6.636 6.644 6.651 6.658 6.666 6.673 6.679 6.685 6.690 6.694 6.698 6.702 6.704 6.706 6.708 6.709 6.709 6.709 6.709 6.708 6.707 6.705 6.704 6.703 6.702 6.701 6.701 6.701 6.701 6.702 6.703 6.704 6.705 6.706 6.708 6.710 6.712 6.713 6.715 6.718 6.720 6.722 6.724 6.726 6.728 6.731 6.733 6.735 6.738 6.740 6.743 6.746
6.376 6.388 6.401 6.413 6.425 6.438 6.450 6.463 6.475 6.486 6.497 6.508 6.519 6.529 6.540 6.550 6.560 6.569 6.579 6.588 6.598 6.607 6.615 6.624 6.632 6.641 6.649 6.656 6.664 6.671 6.679 6.685 6.691 6.697 6.702 6.706 6.710 6.713 6.716 6.718 6.719 6.720 6.721 6.720 6.720 6.719 6.718 6.716 6.715 6.714 6.713 6.712 6.712 6.712 6.712 6.713 6.713 6.714 6.715 6.717 6.718 6.720 6.722 6.724 6.726 6.728 6.730 6.732 6.734 6.736 6.738 6.741 6.743 6.745 6.748 6.751 6.754
6.377 6.390 6.402 6.415 6.427 6.439 6.452 6.464 6.476 6.488 6.499 6.510 6.521 6.532 6.542 6.552 6.563 6.572 6.582 6.592 6.601 6.610 6.619 6.628 6.637 6.645 6.653 6.661 6.669 6.677 6.684 6.691 6.698 6.703 6.709 6.714 6.718 6.722 6.725 6.727 6.729 6.731 6.732 6.732 6.732 6.731 6.730 6.729 6.727 6.726 6.725 6.724 6.723 6.723 6.723 6.723 6.724 6.724 6.725 6.726 6.727 6.729 6.730 6.732 6.734 6.736 6.738 6.740 6.742 6.744 6.746 6.749 6.751 6.753 6.756 6.758 6.761
6.379 6.391 6.403 6.416 6.428 6.441 6.453 6.466 6.478 6.490 6.501 6.512 6.523 6.534 6.544 6.555 6.565 6.575 6.585 6.595 6.604 6.614 6.623 6.632 6.640 6.649 6.657 6.666 6.674 6.681 6.689 6.697 6.703 6.710 6.715 6.721 6.725 6.729 6.733 6.736 6.739 6.741 6.742 6.743 6.743 6.743 6.742 6.741 6.740 6.738 6.737 6.736 6.735 6.735 6.735 6.734 6.734 6.734 6.735 6.736 6.737 6.738 6.739 6.741 6.742 6.744 6.746 6.748 6.750 6.752 6.754 6.757 6.759 6.761 6.764 6.766 6.769
6.380 6.392 6.404 6.417 6.429 6.442 6.454 6.467 6.479 6.491 6.502 6.514 6.525 6.536 6.546 6.557 6.567 6.578 6.588 6.597 6.607 6.617 6.626 6.635 6.644 6.653 6.661 6.670 6.678 6.686 6.694 6.702 6.709 6.715 6.721 6.727 6.732 6.737 6.741 6.744 6.747 6.750 6.752 6.753 6.754 6.754 6.753 6.753 6.752 6.751 6.749 6.748 6.747 6.747 6.746 6.745 6.745 6.745 6.745 6.745 6.746 6.747 6.748 6.750 6.751 6.753 6.755 6.756 6.758 6.761 6.763 6.765 6.767 6.769 6.772 6.774 6.777
6.380 6.393 6.405 6.418 6.430 6.443 6.455 6.468 6.480 6.492 6.504 6.515 6.526 6.537 6.548 6.559 6.569 6.580 6.590 6.600 6.610 6.619 6.629 6.638 6.647 6.656 6.665 6.674 6.682 6.690 6.699 6.707 6.714 6.720 6.727 6.733 6.738 6.743 6.748 6.752 6.755 6.758 6.761 6.763 6.764 6.764 6.765 6.764 6.764 6.763 6.761 6.760 6.759 6.758 6.758 6.757 6.756 6.755 6.755 6.755 6.756 6.757 6.757 6.759 6.760 6.761 6.763 6.765 6.767 6.769 6.771 6.773 6.775 6.778 6.780 6.783 6.786
6.381 6.393 6.406 6.418 6.431 6.443 6.456 6.469 6.481 6.493 6.505 6.516 6.528 6.539 6.550 6.561 6.571 6.582 6.592 6.602 6.612 6.622 6.632 6.641 6.650 6.659 6.668 6.677 6.686 6.694 6.703 6.711 6.718 6.725 6.732 6.738 6.744 6.750 6.755 6.759 6.763 6.766 6.769 6.771 6.773 6.774 6.775 6.775 6.775 6.774 6.773 6.772 6.771 6.770 6.769 6.768 6.767 6.766 6.766 6.766 6.766 6.766 6.767 6.768 6.769 6.770 6.772 6.773 6.775 6.777 6.779 6.781 6.784 6.786 6.788 6.791 6.794
6.382 6.394 6.406 6.419 6.431 6.444 6.457 6.470 6.482 6.494 6.506 6.517 6.529 6.540 6.551 6.562 6.573 6.583 6.594 6.604 6.614 6.624 6.634 6.644 6.653 6.662 6.671 6.680 6.689 6.698 6.707 6.715 6.722 6.730 6.737 6.743 6.749 6.755 6.761 6.765 6.770 6.774 6.777 6.780 6.782 6.784 6.785 6.785 6.786 6.785 6.785 6.784 6.783 6.782 6.781 6.780 6.779 6.778 6.777 6.776 6.776 6.776 6.777 6.777 6.778 6.779 6.781 6.782 6.784 6.786 6.788 6.790 6.792 6.794 6.796 6.799 6.802
6.382 6.395 6.407 6.419 6.432 6.445 6.458 6.471 6.483 6.495 6.506 6.518 6.530 6.541 6.552 6.563 6.574 6.585 6.596 6.606 6.616 6.626 6.636 6.646 6.656 6.665 6.674 6.683 6.692 6.701 6.710 6.719 6.726 6.734 6.741 6.748 6.754 6.760 6.766 6.771 6.776 6.780 6.784 6.787 6.790 6.792 6.794 6.795 6.796 6.796 6.796 6.795 6.794 6.794 6.793 6.791 6.790 6.789 6.788 6.787 6.786 6.786 6.786 6.787 6.787 6.788 6.789 6.791 6.792 6.794 6.796 6.798 6.800 6.802 6.805 6.807 6.810
6.383 6.395 6.407 6.420 6.432 6.445 6.458 6.471 6.483 6.495 6.507 6.519 6.530 6.542 6.553 6.564 6.575 6.586 6.597 6.608 6.618 6.628 6.638 6.648 6.658 6.668 6.677 6.686 6.695 6.704 6.713 6.722 6.730 6.738 6.745 6.752 6.759 6.765 6.771 6.777 6.782 6.786 6.791 6.794 6.798 6.800 6.803 6.804 6.805 6.806 6.806 6.806 6.805 6.805 6.804 6.803 6.801 6.800 6.799 6.798 6.797 6.796 6.796 6.796 6.797 6.797 6.798 6.799 6.801 6.802 6.804 6.806 6.808 6.810 6.813 6.815 6.818
6.383 6.396 6.408 6.420 6.433 6.445 6.458 6.471 6.483 6.495 6.507 6.519 6.531 6.542 6.554 6.565 6.576 6.587 6.598 6.609 6.620 6.630 6.640 6.650 6.660 6.670 6.679 6.689 6.698 6.707 6.717 6.725 6.733 6.741 6.749 6.756 6.763 6.769 6.776 6.782 6.787 6.792 6.797 6.801 6.805 6.808 6.810 6.813 6.814 6.815 6.816 6.816 6.816 6.816 6.815 6.814 6.812 6.811 6.810 6.808 6.807 6.807 6.806 6.806 6.806 6.806 6.807 6.808 6.809 6.811 6.812 6.814 6.816 6.818 6.821 6.823 6.826
6.384 6.396 6.408 6.421 6.433 6.446 6.459 6.471 6.484 6.496 6.508 6.519 6.531 6.543 6.554 6.566 6.577 6.588 6.599 6.610 6.621 6.632 6.642 6.652 6.662 6.672 6.682 6.691 6.700 6.710 6.720 6.728 6.737 6.744 6.752 6.760 6.767 6.774 6.780 6.786 6.792 6.797 6.802 6.807 6.811 6.815 6.818 6.820 6.822 6.824 6.825 6.826 6.826 6.826 6.826 6.825 6.823 6.822 6.821 6.819 6.818 6.817 6.816 6.816 6.815 6.816 6.816 6.817 6.818 6.819 6.821 6.822 6.824 6.826 6.828 6.831 6.834
6.385 6.397 6.409 6.421 6.433 6.446 6.459 6.472 6.484 6.496 6.508 6.520 6.531 6.543 6.555 6.566 6.578 6.589 6.600 6.611 6.622 6.633 6.643 6.654 6.664 6.674 6.684 6.693 6.703 6.713 6.722 6.731 6.739 6.748 6.755 6.763 6.770 6.777 6.784 6.791 6.797 6.802 6.807 6.812 6.817 6.821 6.824 6.827 6.830 6.832 6.834 6.835 6.835 6.836 6.836 6.835 6.834 6.833 6.831 6.830 6.828 6.827 6.826 6.825 6.825 6.825 6.825 6.826 6.826 6.828 6.829 6.830 6.832 6.834 6.836 6.839 6.841
6.385 6.397 6.409 6.421 6.434 6.446 6.459 6.472 6.484 6.496 6.508 6.520 6.532 6.543 6.555 6.567 6.578 6.590 6.601 6.612 6.623 6.634 6.645 6.655 6.666 6.676 6.686 6.695 6.705 6.715 6.725 6.734 6.742 6.751 6.759 6.766 6.774 6.781 6.788 6.795 6.801 6.807 6.812 6.818 6.822 6.827 6.831 6.834 6.837 6.840 6.842 6.843 6.844 6.846 6.846 6.845 6.844 6.843 6.842 6.840 6.839 6.838 6.836 6.835 6.835 6.834 6.834 6.834 6.835 6.836 6.837 6.838 6.840 6.842 6.844 6.846 6.849
6.386 6.398 6.410 6.422 6.434 6.446 6.459 6.472 6.484 6.496 6.508 6.520 6.532 6.544 6.555 6.567 6.579 6.590 6.602 6.613 6.624 6.635 6.646 6.657 6.667 6.677 6.687 6.697 6.707 6.718 6.727 6.736 6.745 6.753 6.762 6.770 6.777 6.785 6.792 6.798 6.805 6.811 6.817 6.822 6.827 6.832 6.837 6.840 6.844 6.847 6.849 6.851 6.853 6.855 6.855 6.855 6.854 6.853 6.852 6.851 6.849 6.848 6.846 6.845 6.844 6.844 6.843 6.843 6.844 6.844 6.845 6.846 6.848 6.850 6.852 6.854 6.857
6.387 6.398 6.410 6.422 6.434 6.447 6.460 6.472 6.484 6.496 6.508 6.520 6.532 6.544 6.556 6.567 6.579 6.591 6.602 6.614 6.625 6.636 6.647 6.658 6.668 6.679 6.689 6.699 6.710 6.720 6.730 6.739 6.748 6.756 6.764 6.773 6.780 6.788 6.795 6.802 6.809 6.815 6.821 6.827 6.832 6.837 6.842 6.846 6.850 6.853 6.856 6.859 6.861 6.863 6.864 6.864 6.864 6.863 6.862 6.861 6.859 6.858 6.857 6.855 6.854 6.853 6.853 6.852 6.852 6.853 6.853 6.854 6.856 6.857 6.859 6.862 6.864
6.387 6.399 6.411 6.423 6.435 6.447 6.460 6.472 6.484 6.496 6.508 6.520 6.532 6.544 6.556 6.568 6.579 6.591 6.603 6.614 6.626 6.637 6.648 6.659 6.670 6.680 6.691 6.701 6.712 6.722 6.732 6.741 6.750 6.759 6.767 6.776 6.784 6.791 6.799 6.806 6.813 6.819 6.825 6.831 6.837 6.842 6.847 6.852 6.856 6.860 6.863 6.866 6.869 6.871 6.872 6.873 6.873 6.873 6.872 6.871 6.870 6.868 6.867 6.865 6.864 6.863 6.862 6.861 6.861 6.861 6.862 6.862 6.864 6.865 6.867 6.869 6.871
6.388 6.400 6.412 6.423 6.435 6.448 6.460 6.473 6.485 6.496 6.508 6.520 6.532 6.544 6.556 6.568 6.580 6.591 6.603 6.615 6.626 6.638 6.649 6.660 6.671 6.682 6.693 6.703 6.713 6.724 6.734 6.743 6.753 6.761 6.770 6.778 6.787 6.794 6.802 6.809 6.816 6.823 6.829 6.836 6.842 6.847 6.852 6.857 6.862 6.866 6.869 6.873 6.876 6.879 6.880 6.881 6.882 6.882 6.881 6.881 6.879 6.878 6.877 6.875 6.874 6.872 6.871 6.871 6.870 6.870 6.870 6.871 6.872 6.873 6.874 6.877 6.879
6.390 6.401 6.413 6.424 6.436 6.448 6.461 6.473 6.485 6.497 6.509 6.520 6.532 6.544 6.556 6.568 6.580 6.592 6.604 6.615 6.627 6.638 6.650 6.661 6.672 6.683 6.694 6.705 6.715 6.726 6.736 6.746 6.755 6.764 6.773 6.781 6.790 6.798 6.805 6.813 6.820 6.827 6.833 6.840 6.846 6.852 6.857 6.862 6.867 6.871 6.876 6.879 6.883 6.886 6.888 6.889 6.890 6.891 6.890 6.890 6.889 6.888 6.886 6.885 6.883 6.882 6.881 6.880 6.879 6.879 6.879 6.879 6.880 6.881 6.882 6.884 6.886
6.391 6.402 6.414 6.425 6.437 6.449 6.461 6.474 6.485 6.497 6.509 6.521 6.533 6.544 6.556 6.568 6.580 6.592 6.604 6.616 6.627 6.639 6.651 6.662 6.673 6.684 6.695 6.706 6.717 6.728 6.738 6.748 6.757 6.767 6.776 6.784 6.793 6.801 6.809 6.816 6.824 6.831 6.837 6.844 6.850 6.856 6.862 6.867 6.872 6.877 6.881 6.886 6.889 6.893 6.895 6.897 6.898 6.899 6.899 6.899 6.899 6.898 6.896 6.895 6.893 6.892 6.890 6.889 6.888 6.888 6.887 6.887 6.888 6.889 6.890 6.892 6.893
6.392 6.403 6.415 6.426 6.438 6.450 6.462 6.474 6.486 6.498 6.509 6.521 6.533 6.545 6.557 6.568 6.580 6.592 6.604 6.616 6.628 6.640 6.651 6.663 6.674 6.686 6.697 6.708 6.719 6.730 6.740 6.750 6.760 6.769 6.778 6.787 6.796 6.804 6.812 6.820 6.827 6.834 6.841 6.848 6.855 6.861 6.867 6.872 6.878 6.882 6.887 6.892 6.896 6.899 6.902 6.904 6.906 6.907 6.908 6.908 6.908 6.907 6.906 6.905 6.903 6.902 6.900 6.899 6.898 6.897 6.896 6.896 6.896 6.897 6.898 6.899 6.901
6.393 6.405 6.416 6.427 6.439 6.451 6.463 6.475 6.487 6.498 6.510 6.521 6.533 6.545 6.557 6.569 6.581 6.593 6.605 6.617 6.628 6.640 6.652 6.664 6.675 6.687 6.698 6.709 6.720 6.732 6.742 6.752 6.762 6.772 6.781 6.790 6.799 6.807 6.815 6.823 6.831 6.838 6.845 6.852 6.859 6.865 6.871 6.877 6.883 6.888 6.893 6.897 6.902 6.906 6.909 6.912 6.914 6.915 6.916 6.917 6.917 6.916 6.916 6.914 6.913 6.911 6.910 6.908 6.907 6.906 6.905 6.905 6.905 6.905 6.906 6.907 6.909
6.395 6.406 6.417 6.429 6.440 6.452 6.464 6.476 6.487 6.499 6.510 6.522 6.534 6.545 6.557 6.569 6.581 6.593 6.605 6.617 6.629 6.641 6.653 6.665 6.676 6.688 6.699 6.711 6.722 6.733 6.744 6.755 6.765 6.774 6.784 6.793 6.802 6.810 6.819 6.827 6.834 6.842 6.849 6.856 6.863 6.870 6.876 6.882 6.888 6.893 6.898 6.903 6.908 6.912 6.916 6.919 6.921 6.923 6.925 6.925 6.926 6.926 6.925 6.924 6.923 6.921 6.920 6.918 6.917 6.915 6.914 6.914 6.913 6.913 6.914 6.915 6.916
6.397 6.408 6.419 6.430 6.442 6.453 6.465 6.477 6.488 6.500 6.511 6.523 6.534 6.546 6.558 6.569 6.581 6.593 6.605 6.617 6.629 6.641 6.653 6.665 6.677 6.689 6.700 6.712 6.723 6.735 6.746 6.757 6.767 6.777 6.786 6.796 6.805 6.813 6.822 6.830 6.838 6.846 6.853 6.860 6.867 6.874 6.880 6.887 6.893 6.898 6.904 6.909 6.914 6.919 6.922 6.926 6.928 6.931 6.933 6.934 6.934 6.935 6.934 6.933 6.932 6.931 6.930 6.928 6.926 6.925 6.924 6.923 6.922 6.922 6.922 6.923 6.924
6.398 6.409 6.420 6.432 6.443 6.455 6.467 6.478 6.489 6.501 6.512 6.523 6.535 6.546 6.558 6.570 6.582 6.594 6.606 6.618 6.630 6.642 6.654 6.666 6.678 6.690 6.701 6.713 6.725 6.737 6.748 6.759 6.769 6.779 6.789 6.798 6.807 6.816 6.825 6.833 6.842 6.849 6.857 6.864 6.871 6.878 6.885 6.891 6.897 6.903 6.909 6.914 6.920 6.925 6.929 6.932 6.936 6.938 6.940 6.942 6.943 6.943 6.943 6.943 6.942 6.941 6.939 6.938 6.936 6.935 6.933 6.932 6.931 6.931 6.931 6.931 6.932
6.400 6.411 6.422 6.433 6.445 6.456 6.468 6.480 6.491 6.502 6.513 6.524 6.536 6.547 6.559 6.570 6.582 6.594 6.606 6.618 6.630 6.642 6.654 6.666 6.678 6.690 6.702 6.714 6.726 6.738 6.750 6.760 6.771 6.781 6.791 6.801 6.810 6.819 6.828 6.837 6.845 6.853 6.861 6.868 6.876 6.883 6.890 6.896 6.902 6.908 6.914 6.920 6.926 6.931 6.935 6.939 6.942 6.945 6.948 6.950 6.951 6.952 6.952 6.952 6.951 6.950 6.949 6.948 6.946 6.945 6.943 6.942 6.941 6.940 6.940 6.940 6.941
6.402 6.413 6.424 6.435 6.446 6.458 6.470 6.481 6.492 6.503 6.514 6.525 6.536 6.548 6.559 6.571 6.583 6.594 6.606 6.618 6.630 6.643 6.655 6.667 6.679 6.691 6.703 6.715 6.727 6.739 6.751 6.762 6.773 6.783 6.793 6.803 6.813 6.822 6.831 6.840 6.849 6.857 6.865 6.872 6.880 6.887 6.894 6.901 6.907 6.914 6.920 6.925 6.931 6.937 6.941 6.945 6.949 6.953 6.955 6.958 6.959 6.960 6.961 6.961 6.961 6.960 6.959 6.958 6.956 6.954 6.953 6.951 6.950 6.949 6.949 6.949 6.949
6.404 6.415 6.426 6.437 6.448 6.460 6.471 6.482 6.493 6.504 6.515 6.526 6.537 6.549 6.560 6.572 6.583 6.595 6.607 6.619 6.631 6.643 6.655 6.667 6.680 6.692 6.704 6.716 6.728 6.741 6.753 6.764 6.775 6.785 6.796 6.806 6.816 6.825 6.834 6.843 6.852 6.860 6.869 6.876 6.884 6.891 6.899 6.905 6.912 6.919 6.925 6.931 6.937 6.943 6.947 6.952 6.956 6.959 6.963 6.965 6.967 6.969 6.970 6.970 6.970 6.970 6.969 6.967 6.966 6.964 6.963 6.961 6.960 6.959 6.958 6.958 6.958
6.406 6.417 6.428 6.439 6.450 6.462 6.473 6.484 6.495 6.505 6.516 6.527 6.538 6.550 6.561 6.572 6.584 6.596 6.607 6.619 6.631 6.643 6.656 6.668 6.680 6.692 6.704 6.717 6.729 6.742 6.754 6.765 6.776 6.787 6.798 6.808 6.818 6.828 6.837 6.846 6.855 6.864 6.872 6.880 6.888 6.896 6.903 6.910 6.917 6.924 6.930 6.936 6.943 6.948 6.953 6.958 6.962 6.966 6.970 6.973 6.975 6.977 6.978 6.979 6.979 6.979 6.978 6.977 6.976 6.974 6.973 6.971 6.970 6.968 6.967 6.967 6.967
