version1/TsunamiDB/out54121.asc
ncols          264
nrows          230
xllcorner      497853.4375
yllcorner      4229146.0000
cellsize         5.
NODATA_value   -99
[rows 68 to 101 of 230, columns 154 to 230 of 264]
6.579 6.587 6.594 6.602 6.610 6.618 6.627 6.635 6.644 6.653 6.661 6.670 6.678 6.687 6.695 6.703 6.711 6.718 6.726 6.733 6.739 6.745 6.750 6.755 6.759 6.763 6.767 6.771 6.774 6.777 6.779 6.782 6.784 6.787 6.789 6.792 6.794 6.797 6.799 6.802 6.806 6.809 6.813 6.816 6.820 6.823 6.827 6.831 6.836 6.840 6.845 6.850 6.855 6.860 6.866 6.872 6.878 6.885 6.892 6.899 6.907 6.915 6.923 6.933 6.943 6.953 6.963 6.973 6.984 6.993 6.998 6.998 6.996 7.001 7.009 7.018 7.037
6.585 6.592 6.599 6.607 6.615 6.623 6.631 6.640 6.649 6.657 6.666 6.675 6.683 6.692 6.700 6.708 6.716 6.724 6.732 6.739 6.746 6.751 6.757 6.762 6.767 6.771 6.775 6.779 6.782 6.785 6.788 6.791 6.794 6.796 6.799 6.802 6.804 6.807 6.810 6.813 6.816 6.820 6.824 6.827 6.831 6.835 6.839 6.843 6.848 6.852 6.857 6.863 6.868 6.874 6.880 6.886 6.893 6.900 6.907 6.915 6.923 6.931 6.940 6.950 6.960 6.971 6.981 6.992 7.003 7.012 7.017 7.017 7.016 7.021 7.028 7.038 7.058
6.590 6.597 6.604 6.612 6.620 6.628 6.636 6.645 6.653 6.662 6.671 6.679 6.688 6.696 6.705 6.713 6.721 6.729 6.738 6.745 6.752 6.758 6.764 6.769 6.774 6.779 6.783 6.787 6.791 6.794 6.797 6.800 6.803 6.806 6.809 6.812 6.814 6.817 6.820 6.823 6.827 6.831 6.835 6.839 6.843 6.847 6.851 6.856 6.860 6.865 6.870 6.876 6.882 6.888 6.894 6.901 6.908 6.915 6.923 6.931 6.939 6.948 6.957 6.967 6.978 6.989 7.000 7.011 7.022 7.031 7.037 7.037 7.036 7.041 7.049 7.059 7.078
6.596 6.603 6.610 6.617 6.625 6.633 6.641 6.649 6.658 6.666 6.675 6.684 6.693 6.701 6.710 6.718 6.726 6.735 6.743 6.751 6.758 6.764 6.770 6.776 6.781 6.786 6.790 6.795 6.799 6.803 6.806 6.809 6.813 6.816 6.819 6.822 6.824 6.828 6.831 6.834 6.838 6.842 6.847 6.850 6.855 6.859 6.863 6.868 6.873 6.878 6.884 6.890 6.896 6.902 6.909 6.916 6.923 6.931 6.939 6.947 6.956 6.965 6.975 6.985 6.996 7.007 7.018 7.029 7.041 7.051 7.057 7.057 7.057 7.062 7.070 7.080 7.100
6.602 6.608 6.615 6.622 6.630 6.638 6.646 6.654 6.662 6.671 6.680 6.688 6.697 6.706 6.715 6.723 6.732 6.740 6.749 6.756 6.763 6.770 6.776 6.782 6.788 6.793 6.798 6.803 6.807 6.811 6.815 6.818 6.822 6.825 6.828 6.832 6.835 6.838 6.842 6.845 6.849 6.854 6.858 6.862 6.867 6.871 6.876 6.881 6.886 6.892 6.898 6.904 6.910 6.917 6.924 6.931 6.939 6.947 6.956 6.964 6.973 6.983 6.993 7.003 7.014 7.025 7.037 7.048 7.060 7.071 7.077 7.077 7.077 7.083 7.091 7.101 7.122
6.608 6.614 6.621 6.628 6.635 6.643 6.651 6.659 6.667 6.676 6.685 6.693 6.702 6.711 6.719 6.728 6.737 6.745 6.754 6.762 6.769 6.776 6.783 6.789 6.795 6.800 6.805 6.810 6.815 6.819 6.823 6.827 6.831 6.835 6.838 6.842 6.845 6.849 6.852 6.856 6.861 6.865 6.870 6.874 6.879 6.884 6.889 6.894 6.900 6.905 6.912 6.918 6.925 6.932 6.939 6.947 6.955 6.964 6.972 6.981 6.990 7.000 7.010 7.021 7.033 7.044 7.056 7.068 7.080 7.090 7.096 7.097 7.097 7.104 7.112 7.123 7.143
6.615 6.621 6.627 6.634 6.641 6.648 6.656 6.664 6.672 6.681 6.689 6.698 6.707 6.716 6.724 6.733 6.742 6.751 6.759 6.768 6.775 6.782 6.789 6.795 6.801 6.807 6.813 6.818 6.823 6.828 6.832 6.836 6.840 6.844 6.848 6.852 6.855 6.859 6.863 6.867 6.872 6.877 6.882 6.887 6.891 6.896 6.902 6.907 6.913 6.919 6.926 6.933 6.940 6.947 6.955 6.963 6.971 6.980 6.989 6.998 7.008 7.018 7.028 7.040 7.051 7.062 7.074 7.087 7.099 7.110 7.116 7.118 7.118 7.124 7.134 7.144 7.164
6.621 6.627 6.633 6.639 6.646 6.654 6.661 6.669 6.677 6.686 6.694 6.703 6.712 6.721 6.729 6.738 6.747 6.756 6.765 6.773 6.781 6.788 6.795 6.802 6.808 6.814 6.820 6.826 6.831 6.836 6.841 6.845 6.849 6.854 6.858 6.862 6.866 6.870 6.874 6.879 6.884 6.889 6.894 6.899 6.904 6.909 6.915 6.921 6.927 6.933 6.940 6.947 6.955 6.962 6.971 6.979 6.988 6.997 7.006 7.016 7.026 7.036 7.046 7.058 7.069 7.081 7.093 7.106 7.118 7.129 7.136 7.138 7.138 7.145 7.155 7.165 7.185
6.628 6.633 6.639 6.645 6.652 6.659 6.667 6.675 6.683 6.691 6.699 6.708 6.717 6.726 6.734 6.743 6.752 6.761 6.770 6.779 6.787 6.794 6.801 6.808 6.815 6.821 6.827 6.833 6.839 6.844 6.849 6.854 6.859 6.863 6.868 6.872 6.876 6.881 6.885 6.890 6.895 6.901 6.906 6.911 6.917 6.922 6.928 6.934 6.941 6.947 6.955 6.962 6.970 6.978 6.986 6.995 7.004 7.013 7.023 7.033 7.043 7.053 7.064 7.076 7.087 7.099 7.112 7.124 7.137 7.148 7.155 7.156 7.156 7.164 7.174 7.185 7.205
6.635 6.640 6.645 6.652 6.658 6.665 6.672 6.680 6.688 6.696 6.705 6.713 6.722 6.731 6.740 6.749 6.758 6.767 6.776 6.785 6.793 6.800 6.808 6.815 6.822 6.828 6.835 6.841 6.847 6.852 6.858 6.863 6.868 6.873 6.878 6.882 6.887 6.892 6.897 6.902 6.907 6.913 6.918 6.924 6.929 6.935 6.941 6.948 6.955 6.962 6.969 6.977 6.985 6.993 7.002 7.011 7.020 7.030 7.040 7.050 7.060 7.071 7.082 7.093 7.105 7.117 7.130 7.143 7.155 7.166 7.172 7.174 7.175 7.184 7.195 7.206 7.226
6.641 6.646 6.652 6.658 6.664 6.671 6.678 6.686 6.694 6.702 6.710 6.719 6.727 6.736 6.745 6.754 6.763 6.772 6.782 6.791 6.799 6.806 6.814 6.822 6.829 6.836 6.842 6.849 6.855 6.861 6.867 6.872 6.878 6.883 6.888 6.893 6.898 6.903 6.908 6.913 6.919 6.925 6.931 6.936 6.942 6.948 6.955 6.961 6.968 6.976 6.983 6.991 7.000 7.009 7.018 7.027 7.037 7.047 7.057 7.067 7.078 7.088 7.099 7.111 7.123 7.135 7.147 7.160 7.173 7.183 7.189 7.191 7.194 7.204 7.216 7.228 7.249
6.648 6.653 6.658 6.664 6.670 6.677 6.684 6.692 6.699 6.707 6.716 6.724 6.733 6.742 6.751 6.760 6.769 6.778 6.788 6.797 6.805 6.813 6.821 6.828 6.836 6.843 6.850 6.857 6.863 6.869 6.875 6.881 6.887 6.892 6.898 6.903 6.908 6.914 6.919 6.925 6.931 6.937 6.943 6.949 6.955 6.961 6.968 6.975 6.982 6.990 6.998 7.006 7.015 7.024 7.033 7.043 7.053 7.063 7.073 7.084 7.095 7.105 7.116 7.128 7.140 7.152 7.164 7.177 7.189 7.199 7.205 7.209 7.212 7.224 7.237 7.251 7.275
6.655 6.660 6.665 6.671 6.677 6.683 6.690 6.697 6.705 6.713 6.721 6.730 6.738 6.747 6.756 6.765 6.775 6.784 6.794 6.803 6.811 6.819 6.827 6.835 6.843 6.850 6.857 6.865 6.871 6.878 6.884 6.890 6.896 6.902 6.908 6.914 6.919 6.925 6.931 6.937 6.943 6.949 6.955 6.961 6.968 6.974 6.981 6.988 6.996 7.004 7.012 7.021 7.029 7.039 7.048 7.058 7.068 7.079 7.090 7.100 7.111 7.122 7.133 7.145 7.156 7.168 7.180 7.192 7.204 7.214 7.221 7.226 7.232 7.245 7.260 7.277 7.302
6.662 6.667 6.672 6.677 6.683 6.689 6.696 6.703 6.711 6.719 6.727 6.735 6.744 6.753 6.762 6.771 6.780 6.790 6.800 6.809 6.817 6.826 6.834 6.842 6.850 6.858 6.865 6.873 6.880 6.887 6.893 6.900 6.906 6.912 6.918 6.924 6.930 6.936 6.942 6.948 6.955 6.961 6.968 6.974 6.981 6.987 6.995 7.002 7.010 7.018 7.026 7.035 7.044 7.053 7.063 7.073 7.084 7.094 7.105 7.117 7.128 7.138 7.149 7.160 7.172 7.183 7.195 7.207 7.218 7.229 7.237 7.243 7.251 7.266 7.284 7.303 7.331
6.669 6.673 6.678 6.684 6.689 6.696 6.702 6.709 6.717 6.724 6.733 6.741 6.750 6.759 6.768 6.777 6.787 6.797 6.806 6.815 6.824 6.832 6.841 6.849 6.857 6.865 6.873 6.881 6.888 6.895 6.902 6.909 6.916 6.922 6.928 6.935 6.941 6.947 6.953 6.960 6.967 6.974 6.980 6.987 6.993 7.000 7.008 7.015 7.023 7.031 7.040 7.049 7.058 7.068 7.078 7.088 7.099 7.110 7.121 7.132 7.143 7.154 7.165 7.175 7.187 7.197 7.208 7.220 7.231 7.242 7.252 7.261 7.271 7.288 7.307 7.329 7.360
6.676 6.680 6.685 6.690 6.696 6.702 6.708 6.715 6.723 6.730 6.738 6.747 6.755 6.764 6.774 6.783 6.793 6.803 6.812 6.821 6.830 6.839 6.848 6.856 6.865 6.873 6.881 6.889 6.896 6.904 6.911 6.918 6.925 6.932 6.939 6.945 6.952 6.958 6.965 6.972 6.979 6.986 6.992 6.999 7.006 7.013 7.021 7.029 7.037 7.045 7.054 7.063 7.072 7.082 7.092 7.103 7.114 7.125 7.136 7.148 7.159 7.169 7.179 7.190 7.200 7.210 7.221 7.232 7.244 7.256 7.268 7.278 7.290 7.309 7.330 7.355 7.388
6.682 6.687 6.691 6.697 6.702 6.708 6.715 6.721 6.729 6.736 6.744 6.753 6.761 6.770 6.780 6.789 6.799 6.809 6.819 6.828 6.837 6.846 6.855 6.864 6.872 6.881 6.889 6.897 6.905 6.913 6.920 6.928 6.935 6.942 6.949 6.956 6.963 6.969 6.976 6.983 6.991 6.998 7.005 7.012 7.019 7.026 7.034 7.042 7.050 7.058 7.067 7.076 7.086 7.096 7.106 7.117 7.128 7.139 7.151 7.162 7.173 7.183 7.193 7.203 7.213 7.222 7.232 7.244 7.256 7.269 7.282 7.294 7.309 7.329 7.353 7.380 7.415
6.689 6.694 6.698 6.703 6.709 6.715 6.721 6.728 6.735 6.742 6.750 6.759 6.767 6.776 6.786 6.795 6.805 6.815 6.825 6.834 6.844 6.853 6.862 6.871 6.880 6.888 6.897 6.905 6.914 6.922 6.929 6.937 6.945 6.952 6.959 6.966 6.974 6.981 6.988 6.995 7.002 7.010 7.017 7.024 7.031 7.039 7.047 7.055 7.063 7.072 7.081 7.090 7.100 7.110 7.120 7.131 7.142 7.153 7.165 7.177 7.187 7.197 7.206 7.215 7.224 7.233 7.243 7.254 7.267 7.282 7.296 7.311 7.327 7.349 7.374 7.404 7.441
6.696 6.700 6.705 6.710 6.715 6.721 6.727 6.734 6.741 6.749 6.757 6.765 6.774 6.782 6.792 6.801 6.811 6.822 6.832 6.841 6.850 6.860 6.869 6.878 6.887 6.896 6.905 6.914 6.922 6.930 6.939 6.947 6.954 6.962 6.970 6.977 6.984 6.992 6.999 7.006 7.014 7.022 7.029 7.036 7.044 7.051 7.059 7.068 7.076 7.085 7.094 7.103 7.113 7.123 7.134 7.144 7.156 7.167 7.179 7.190 7.201 7.210 7.218 7.227 7.235 7.244 7.254 7.265 7.278 7.294 7.310 7.326 7.343 7.368 7.395 7.427 7.466
6.703 6.707 6.712 6.717 6.722 6.728 6.734 6.741 6.748 6.755 6.763 6.771 6.780 6.789 6.798 6.808 6.818 6.828 6.838 6.848 6.857 6.867 6.876 6.886 6.895 6.904 6.913 6.922 6.931 6.939 6.948 6.956 6.964 6.972 6.980 6.988 6.995 7.003 7.010 7.018 7.026 7.034 7.041 7.049 7.056 7.064 7.072 7.080 7.089 7.098 7.107 7.116 7.126 7.136 7.147 7.158 7.169 7.180 7.192 7.204 7.214 7.222 7.229 7.238 7.246 7.254 7.264 7.276 7.290 7.306 7.322 7.340 7.361 7.387 7.415 7.450 7.492
6.710 6.714 6.719 6.724 6.729 6.735 6.741 6.747 6.754 6.761 6.769 6.777 6.786 6.795 6.804 6.814 6.824 6.834 6.845 6.854 6.864 6.874 6.883 6.893 6.902 6.912 6.921 6.930 6.939 6.948 6.957 6.965 6.974 6.982 6.990 6.998 7.006 7.014 7.021 7.029 7.037 7.045 7.053 7.061 7.068 7.076 7.085 7.093 7.101 7.110 7.120 7.129 7.139 7.149 7.160 7.171 7.182 7.193 7.205 7.216 7.226 7.234 7.241 7.249 7.257 7.265 7.274 7.286 7.300 7.316 7.334 7.354 7.379 7.407 7.437 7.475 7.520
6.717 6.722 6.726 6.731 6.736 6.742 6.748 6.754 6.761 6.768 6.776 6.784 6.793 6.802 6.811 6.821 6.831 6.841 6.851 6.861 6.871 6.881 6.891 6.900 6.910 6.920 6.929 6.939 6.948 6.957 6.966 6.975 6.983 6.992 7.000 7.008 7.017 7.025 7.033 7.041 7.049 7.057 7.065 7.073 7.081 7.089 7.097 7.105 7.114 7.123 7.132 7.142 7.152 7.162 7.172 7.183 7.195 7.206 7.218 7.229 7.238 7.246 7.252 7.260 7.268 7.275 7.285 7.297 7.310 7.326 7.346 7.370 7.398 7.427 7.459 7.502 7.550
6.725 6.729 6.734 6.738 6.743 6.749 6.755 6.761 6.768 6.775 6.783 6.791 6.799 6.808 6.817 6.827 6.837 6.848 6.858 6.868 6.878 6.888 6.898 6.908 6.918 6.928 6.937 6.947 6.956 6.966 6.975 6.984 6.993 7.002 7.010 7.019 7.027 7.035 7.044 7.052 7.061 7.069 7.077 7.085 7.093 7.101 7.109 7.118 7.126 7.135 7.145 7.154 7.164 7.174 7.185 7.196 7.207 7.219 7.230 7.241 7.250 7.257 7.264 7.271 7.279 7.286 7.295 7.307 7.320 7.336 7.358 7.386 7.418 7.450 7.484 7.531 7.582
6.732 6.737 6.741 6.746 6.751 6.756 6.762 6.768 6.775 6.782 6.790 6.798 6.806 6.815 6.824 6.834 6.844 6.855 6.865 6.875 6.885 6.895 6.905 6.916 6.926 6.936 6.946 6.955 6.965 6.975 6.984 6.993 7.003 7.012 7.020 7.029 7.038 7.046 7.055 7.063 7.072 7.080 7.088 7.096 7.105 7.113 7.121 7.130 7.139 7.148 7.157 7.167 7.176 7.187 7.197 7.208 7.219 7.231 7.242 7.253 7.262 7.269 7.275 7.282 7.289 7.296 7.305 7.316 7.330 7.347 7.371 7.402 7.440 7.474 7.510 7.561 7.617
6.740 6.745 6.749 6.754 6.759 6.764 6.770 6.776 6.783 6.790 6.797 6.805 6.813 6.822 6.831 6.841 6.851 6.862 6.872 6.882 6.893 6.903 6.913 6.923 6.933 6.944 6.954 6.964 6.974 6.984 6.993 7.003 7.012 7.021 7.030 7.039 7.048 7.057 7.065 7.074 7.083 7.092 7.100 7.108 7.116 7.125 7.133 7.142 7.151 7.160 7.169 7.179 7.189 7.199 7.209 7.220 7.231 7.243 7.254 7.265 7.274 7.281 7.286 7.293 7.300 7.306 7.314 7.326 7.339 7.358 7.385 7.421 7.463 7.499 7.538 7.594 7.653
6.748 6.753 6.757 6.762 6.767 6.772 6.778 6.784 6.790 6.797 6.805 6.812 6.821 6.829 6.839 6.848 6.858 6.869 6.880 6.890 6.900 6.910 6.921 6.931 6.941 6.952 6.962 6.972 6.982 6.992 7.002 7.012 7.022 7.031 7.040 7.050 7.058 7.067 7.076 7.085 7.094 7.103 7.111 7.120 7.128 7.137 7.145 7.154 7.163 7.172 7.181 7.191 7.200 7.211 7.221 7.232 7.243 7.255 7.266 7.277 7.286 7.292 7.297 7.304 7.310 7.315 7.324 7.335 7.350 7.370 7.401 7.442 7.488 7.526 7.568 7.627 7.688
6.757 6.761 6.765 6.770 6.775 6.780 6.786 6.792 6.798 6.805 6.812 6.820 6.828 6.837 6.846 6.856 6.866 6.876 6.887 6.897 6.907 6.918 6.928 6.939 6.949 6.960 6.970 6.981 6.991 7.001 7.011 7.021 7.031 7.041 7.050 7.060 7.069 7.078 7.087 7.096 7.106 7.114 7.123 7.131 7.140 7.148 7.157 7.166 7.175 7.184 7.193 7.202 7.212 7.222 7.233 7.244 7.255 7.267 7.278 7.289 7.298 7.304 7.308 7.314 7.320 7.325 7.333 7.345 7.361 7.384 7.418 7.462 7.512 7.553 7.597 7.658 7.720
6.765 6.769 6.774 6.779 6.784 6.789 6.794 6.800 6.807 6.813 6.820 6.828 6.836 6.845 6.854 6.863 6.873 6.884 6.895 6.905 6.915 6.925 6.936 6.947 6.957 6.968 6.979 6.989 7.000 7.010 7.020 7.030 7.040 7.050 7.060 7.070 7.079 7.088 7.097 7.107 7.116 7.125 7.134 7.142 7.151 7.160 7.168 7.177 7.186 7.195 7.205 7.214 7.224 7.234 7.244 7.255 7.266 7.278 7.290 7.301 7.309 7.315 7.318 7.323 7.329 7.334 7.342 7.355 7.372 7.398 7.435 7.483 7.540 7.583 7.628 7.691 7.754
6.774 6.778 6.783 6.787 6.792 6.798 6.803 6.809 6.815 6.822 6.829 6.836 6.844 6.853 6.862 6.871 6.881 6.892 6.902 6.912 6.923 6.933 6.944 6.955 6.965 6.976 6.987 6.998 7.008 7.019 7.029 7.040 7.050 7.060 7.070 7.079 7.089 7.098 7.108 7.118 7.127 7.136 7.145 7.153 7.162 7.171 7.180 7.189 7.198 7.207 7.216 7.225 7.235 7.245 7.255 7.266 7.278 7.290 7.301 7.312 7.320 7.324 7.326 7.333 7.338 7.343 7.352 7.366 7.386 7.415 7.455 7.511 7.572 7.614 7.659 7.725 7.788
6.783 6.787 6.792 6.796 6.801 6.806 6.812 6.818 6.824 6.830 6.837 6.844 6.852 6.861 6.870 6.879 6.889 6.900 6.910 6.920 6.931 6.941 6.952 6.963 6.974 6.984 6.995 7.006 7.017 7.028 7.038 7.049 7.059 7.069 7.079 7.089 7.099 7.109 7.118 7.128 7.138 7.147 7.155 7.164 7.173 7.182 7.191 7.200 7.209 7.218 7.227 7.236 7.246 7.256 7.266 7.277 7.289 7.300 7.312 7.322 7.329 7.333 7.336 7.342 7.349 7.354 7.364 7.380 7.403 7.436 7.483 7.542 7.604 7.646 7.691 7.757 7.821
6.792 6.796 6.801 6.806 6.810 6.816 6.821 6.827 6.833 6.839 6.846 6.853 6.861 6.869 6.878 6.887 6.897 6.908 6.918 6.928 6.939 6.949 6.960 6.971 6.982 6.993 7.004 7.015 7.026 7.036 7.047 7.058 7.068 7.079 7.089 7.099 7.109 7.119 7.128 7.138 7.148 7.157 7.166 7.175 7.184 7.192 7.201 7.210 7.219 7.228 7.237 7.247 7.256 7.266 7.276 7.288 7.299 7.311 7.322 7.331 7.338 7.342 7.345 7.353 7.360 7.366 7.379 7.397 7.423 7.461 7.513 7.573 7.635 7.676 7.722 7.788 7.853
6.801 6.805 6.810 6.815 6.820 6.825 6.830 6.836 6.842 6.848 6.855 6.862 6.869 6.878 6.886 6.896 6.906 6.916 6.926 6.936 6.947 6.957 6.968 6.979 6.990 7.001 7.012 7.023 7.034 7.045 7.056 7.067 7.077 7.088 7.098 7.108 7.118 7.128 7.138 7.148 7.158 7.167 7.176 7.185 7.194 7.203 7.212 7.221 7.230 7.239 7.248 7.257 7.266 7.276 7.287 7.298 7.309 7.320 7.331 7.340 7.346 7.350 7.355 7.364 7.372 7.382 7.396 7.417 7.448 7.489 7.542 7.603 7.665 7.706 7.752 7.820 7.885
6.810 6.815 6.819 6.824 6.829 6.834 6.839 6.845 6.851 6.857 6.864 6.871 6.878 6.886 6.895 6.904 6.914 6.925 6.934 6.945 6.955 6.966 6.976 6.987 6.998 7.009 7.020 7.032 7.043 7.054 7.065 7.076 7.086 7.097 7.107 7.118 7.128 7.138 7.148 7.158 7.168 7.177 7.186 7.195 7.204 7.213 7.222 7.231 7.240 7.249 7.258 7.267 7.276 7.286 7.296 7.307 7.318 7.329 7.339 7.347 7.354 7.360 7.366 7.377 7.388 7.400 7.417 7.442 7.475 7.518 7.571 7.632 7.695 7.737 7.782 7.851 7.916
6.820 6.824 6.829 6.834 6.839 6.844 6.849 6.854 6.860 6.866 6.873 6.880 6.887 6.895 6.904 6.913 6.923 6.933 6.943 6.953 6.963 6.974 6.985 6.995 7.007 7.018 7.029 7.040 7.051 7.062 7.073 7.084 7.095 7.106 7.117 7.127 7.137 7.147 7.157 7.168 7.177 7.187 7.196 7.205 7.214 7.223 7.231 7.240 7.249 7.258 7.267 7.276 7.286 7.295 7.305 7.315 7.326 7.336 7.346 7.355 7.362 7.370 7.378 7.391 7.405 7.419 7.441 7.469 7.502 7.545 7.599 7.660 7.725 7.767 7.812 7.881 7.947
