TsunamiDB/out54083.asc
ncols          264
nrows          230
xllcorner      497853.4375
yllcorner      4229146.0000
cellsize         5.
NODATA_value   -99
[rows 68 to 101 of 230, columns 77 to 153 of 264]
5.122 5.150 5.178 5.204 5.229 5.253 5.276 5.299 5.321 5.343 5.364 5.384 5.403 5.422 5.440 5.457 5.474 5.490 5.505 5.520 5.534 5.547 5.560 5.573 5.585 5.597 5.609 5.621 5.633 5.645 5.658 5.672 5.686 5.701 5.717 5.733 5.749 5.766 5.784 5.801 5.819 5.837 5.856 5.874 5.893 5.911 5.930 5.949 5.968 5.987 6.005 6.022 6.040 6.058 6.077 6.095 6.114 6.132 6.150 6.169 6.187 6.205 6.223 6.240 6.258 6.275 6.292 6.309 6.325 6.341 6.357 6.373 6.388 6.401 6.413 6.425 6.436
5.133 5.162 5.191 5.218 5.243 5.267 5.291 5.314 5.337 5.359 5.380 5.401 5.421 5.440 5.459 5.477 5.494 5.510 5.526 5.541 5.555 5.569 5.582 5.594 5.606 5.618 5.630 5.641 5.651 5.662 5.674 5.687 5.700 5.714 5.728 5.743 5.759 5.775 5.791 5.809 5.826 5.844 5.862 5.880 5.898 5.917 5.936 5.954 5.973 5.992 6.010 6.027 6.045 6.063 6.082 6.100 6.119 6.137 6.156 6.174 6.192 6.210 6.228 6.246 6.264 6.281 6.298 6.315 6.332 6.348 6.364 6.380 6.395 6.409 6.422 6.434 6.446
5.143 5.173 5.202 5.230 5.255 5.280 5.304 5.328 5.351 5.374 5.395 5.417 5.437 5.457 5.476 5.495 5.512 5.529 5.546 5.561 5.576 5.590 5.604 5.616 5.629 5.640 5.652 5.662 5.671 5.681 5.692 5.704 5.715 5.728 5.741 5.755 5.769 5.785 5.800 5.817 5.834 5.851 5.869 5.886 5.905 5.923 5.941 5.960 5.979 5.997 6.015 6.033 6.051 6.069 6.087 6.106 6.124 6.143 6.161 6.179 6.198 6.216 6.234 6.252 6.269 6.287 6.304 6.321 6.338 6.355 6.371 6.387 6.403 6.417 6.430 6.443 6.456
5.152 5.183 5.212 5.241 5.267 5.292 5.317 5.341 5.365 5.387 5.410 5.431 5.452 5.473 5.492 5.511 5.530 5.548 5.564 5.581 5.596 5.611 5.625 5.638 5.651 5.662 5.674 5.683 5.692 5.702 5.712 5.722 5.733 5.744 5.756 5.769 5.782 5.796 5.811 5.826 5.842 5.859 5.876 5.893 5.911 5.929 5.947 5.966 5.984 6.003 6.021 6.038 6.056 6.075 6.093 6.111 6.130 6.148 6.167 6.185 6.203 6.222 6.240 6.258 6.276 6.293 6.311 6.328 6.345 6.362 6.378 6.395 6.411 6.425 6.439 6.452 6.465
5.160 5.191 5.222 5.251 5.277 5.303 5.328 5.353 5.377 5.400 5.423 5.445 5.466 5.487 5.507 5.527 5.546 5.564 5.582 5.599 5.615 5.631 5.645 5.659 5.672 5.684 5.696 5.706 5.715 5.724 5.734 5.743 5.753 5.763 5.773 5.784 5.796 5.809 5.822 5.837 5.852 5.868 5.884 5.901 5.918 5.936 5.954 5.972 5.990 6.009 6.027 6.044 6.062 6.080 6.099 6.117 6.136 6.154 6.173 6.191 6.209 6.228 6.246 6.264 6.282 6.300 6.317 6.335 6.352 6.369 6.386 6.402 6.418 6.433 6.447 6.461 6.475
5.166 5.199 5.230 5.259 5.287 5.313 5.339 5.364 5.389 5.412 5.435 5.458 5.479 5.501 5.521 5.541 5.561 5.580 5.598 5.616 5.633 5.649 5.664 5.679 5.693 5.706 5.718 5.728 5.737 5.747 5.756 5.765 5.774 5.783 5.792 5.802 5.813 5.824 5.836 5.849 5.863 5.878 5.893 5.909 5.926 5.943 5.961 5.979 5.997 6.015 6.033 6.050 6.068 6.086 6.105 6.123 6.142 6.160 6.179 6.197 6.216 6.234 6.252 6.270 6.288 6.306 6.324 6.341 6.359 6.376 6.393 6.410 6.426 6.441 6.456 6.470 6.484
5.172 5.205 5.237 5.267 5.295 5.322 5.349 5.374 5.399 5.423 5.447 5.469 5.492 5.513 5.534 5.555 5.575 5.594 5.613 5.631 5.649 5.666 5.682 5.697 5.712 5.726 5.739 5.750 5.760 5.769 5.779 5.788 5.796 5.805 5.813 5.822 5.831 5.841 5.852 5.863 5.876 5.889 5.903 5.919 5.935 5.951 5.968 5.986 6.004 6.022 6.039 6.056 6.074 6.093 6.111 6.129 6.148 6.166 6.185 6.203 6.222 6.240 6.258 6.277 6.295 6.313 6.331 6.348 6.366 6.383 6.400 6.417 6.434 6.450 6.464 6.479 6.493
5.176 5.210 5.242 5.274 5.303 5.330 5.357 5.384 5.409 5.434 5.457 5.480 5.503 5.525 5.546 5.567 5.587 5.607 5.627 5.646 5.664 5.681 5.698 5.714 5.730 5.745 5.759 5.770 5.781 5.792 5.801 5.811 5.819 5.827 5.835 5.843 5.851 5.860 5.869 5.879 5.890 5.902 5.916 5.930 5.944 5.960 5.976 5.993 6.011 6.029 6.046 6.063 6.081 6.099 6.117 6.136 6.154 6.173 6.191 6.210 6.228 6.246 6.265 6.283 6.301 6.319 6.337 6.355 6.373 6.390 6.408 6.425 6.442 6.458 6.472 6.487 6.502
5.179 5.214 5.247 5.279 5.309 5.337 5.365 5.392 5.418 5.443 5.467 5.491 5.513 5.536 5.557 5.579 5.599 5.619 5.639 5.659 5.677 5.696 5.713 5.730 5.746 5.762 5.777 5.790 5.801 5.813 5.823 5.833 5.842 5.851 5.859 5.866 5.874 5.881 5.889 5.898 5.907 5.918 5.930 5.942 5.956 5.970 5.986 6.002 6.019 6.036 6.053 6.070 6.087 6.105 6.124 6.142 6.161 6.179 6.198 6.216 6.235 6.253 6.271 6.290 6.308 6.326 6.344 6.362 6.380 6.398 6.415 6.432 6.450 6.466 6.481 6.496 6.511
5.181 5.216 5.250 5.283 5.314 5.343 5.372 5.400 5.426 5.452 5.476 5.500 5.523 5.546 5.568 5.589 5.610 5.631 5.651 5.671 5.690 5.709 5.727 5.744 5.761 5.778 5.794 5.807 5.820 5.832 5.844 5.855 5.865 5.874 5.882 5.889 5.897 5.904 5.911 5.918 5.927 5.936 5.946 5.957 5.969 5.982 5.997 6.012 6.028 6.045 6.061 6.077 6.095 6.112 6.130 6.149 6.167 6.186 6.204 6.223 6.241 6.259 6.278 6.296 6.315 6.333 6.351 6.369 6.387 6.405 6.422 6.440 6.457 6.474 6.489 6.504 6.520
5.182 5.218 5.253 5.286 5.318 5.348 5.378 5.406 5.433 5.460 5.485 5.509 5.533 5.556 5.578 5.599 5.621 5.641 5.662 5.682 5.701 5.721 5.739 5.757 5.775 5.792 5.809 5.824 5.837 5.851 5.863 5.875 5.886 5.896 5.905 5.913 5.920 5.927 5.934 5.941 5.948 5.956 5.964 5.974 5.984 5.996 6.009 6.023 6.038 6.054 6.070 6.085 6.102 6.120 6.137 6.156 6.174 6.192 6.211 6.229 6.248 6.266 6.285 6.303 6.321 6.340 6.358 6.376 6.394 6.412 6.430 6.448 6.465 6.482 6.497 6.513 6.528
5.183 5.218 5.254 5.288 5.320 5.351 5.382 5.411 5.439 5.467 5.492 5.517 5.541 5.564 5.587 5.609 5.630 5.651 5.672 5.692 5.712 5.732 5.751 5.769 5.788 5.805 5.822 5.838 5.853 5.867 5.881 5.894 5.906 5.916 5.926 5.935 5.943 5.951 5.957 5.964 5.970 5.977 5.985 5.993 6.002 6.012 6.023 6.036 6.050 6.064 6.079 6.094 6.110 6.127 6.145 6.163 6.181 6.199 6.217 6.236 6.254 6.273 6.291 6.310 6.328 6.347 6.365 6.383 6.401 6.419 6.437 6.455 6.473 6.489 6.505 6.521 6.537
5.183 5.218 5.254 5.288 5.321 5.353 5.385 5.415 5.444 5.472 5.499 5.525 5.549 5.573 5.596 5.618 5.640 5.661 5.682 5.702 5.722 5.742 5.761 5.780 5.799 5.817 5.835 5.851 5.866 5.882 5.896 5.910 5.924 5.936 5.947 5.957 5.966 5.974 5.981 5.988 5.994 6.000 6.007 6.014 6.021 6.030 6.040 6.051 6.063 6.077 6.090 6.104 6.120 6.136 6.153 6.170 6.188 6.206 6.224 6.243 6.261 6.280 6.298 6.317 6.335 6.353 6.372 6.390 6.408 6.427 6.445 6.463 6.480 6.497 6.513 6.529 6.545
5.183 5.218 5.253 5.288 5.321 5.354 5.386 5.417 5.447 5.476 5.504 5.531 5.556 5.580 5.604 5.626 5.648 5.670 5.691 5.711 5.732 5.751 5.771 5.790 5.809 5.828 5.846 5.863 5.879 5.895 5.911 5.926 5.940 5.953 5.965 5.977 5.987 5.996 6.004 6.011 6.018 6.024 6.030 6.036 6.043 6.050 6.059 6.068 6.079 6.090 6.103 6.115 6.130 6.145 6.162 6.179 6.196 6.214 6.232 6.250 6.268 6.287 6.305 6.323 6.342 6.360 6.379 6.397 6.416 6.434 6.452 6.470 6.488 6.505 6.521 6.537 6.554
5.183 5.218 5.252 5.286 5.320 5.353 5.386 5.418 5.449 5.479 5.508 5.535 5.562 5.587 5.611 5.634 5.656 5.678 5.699 5.720 5.741 5.761 5.780 5.800 5.819 5.838 5.856 5.874 5.890 5.907 5.923 5.939 5.954 5.969 5.982 5.995 6.006 6.016 6.026 6.034 6.041 6.048 6.054 6.060 6.066 6.072 6.079 6.087 6.096 6.106 6.117 6.128 6.142 6.156 6.171 6.188 6.204 6.222 6.239 6.257 6.275 6.294 6.312 6.330 6.349 6.367 6.386 6.404 6.423 6.441 6.459 6.478 6.496 6.512 6.529 6.545 6.562
5.184 5.217 5.251 5.285 5.318 5.351 5.384 5.417 5.449 5.480 5.510 5.538 5.566 5.592 5.617 5.641 5.664 5.686 5.707 5.728 5.749 5.769 5.789 5.809 5.828 5.847 5.866 5.883 5.900 5.918 5.935 5.951 5.967 5.983 5.997 6.011 6.023 6.035 6.046 6.055 6.064 6.071 6.078 6.084 6.090 6.095 6.101 6.108 6.116 6.124 6.133 6.143 6.155 6.168 6.182 6.198 6.214 6.230 6.248 6.265 6.283 6.301 6.319 6.338 6.356 6.374 6.393 6.411 6.430 6.448 6.467 6.485 6.503 6.520 6.536 6.553 6.570
5.186 5.218 5.250 5.283 5.315 5.348 5.381 5.414 5.447 5.478 5.509 5.539 5.568 5.595 5.621 5.646 5.670 5.693 5.715 5.736 5.757 5.777 5.797 5.817 5.836 5.856 5.875 5.892 5.910 5.927 5.945 5.962 5.979 5.995 6.010 6.025 6.039 6.052 6.064 6.075 6.084 6.093 6.100 6.107 6.113 6.119 6.125 6.131 6.137 6.144 6.151 6.160 6.170 6.182 6.195 6.209 6.224 6.240 6.257 6.274 6.291 6.309 6.327 6.345 6.363 6.382 6.400 6.419 6.437 6.455 6.474 6.492 6.511 6.527 6.544 6.561 6.578
5.188 5.219 5.250 5.282 5.313 5.345 5.377 5.410 5.443 5.475 5.507 5.538 5.567 5.596 5.623 5.649 5.674 5.698 5.721 5.743 5.764 5.785 5.805 5.825 5.845 5.864 5.883 5.901 5.918 5.936 5.954 5.972 5.989 6.006 6.022 6.038 6.053 6.067 6.080 6.092 6.103 6.113 6.122 6.129 6.136 6.142 6.148 6.154 6.160 6.166 6.171 6.178 6.187 6.197 6.209 6.222 6.236 6.251 6.266 6.283 6.300 6.317 6.335 6.353 6.371 6.389 6.407 6.426 6.444 6.463 6.481 6.500 6.518 6.534 6.551 6.568 6.585
5.191 5.221 5.251 5.281 5.311 5.342 5.374 5.406 5.438 5.471 5.503 5.534 5.565 5.595 5.623 5.651 5.677 5.702 5.725 5.748 5.770 5.791 5.812 5.832 5.852 5.872 5.891 5.908 5.926 5.944 5.963 5.981 5.999 6.016 6.033 6.049 6.065 6.080 6.094 6.108 6.120 6.131 6.141 6.150 6.158 6.165 6.171 6.177 6.183 6.188 6.192 6.199 6.206 6.215 6.225 6.236 6.249 6.263 6.277 6.293 6.309 6.326 6.343 6.361 6.379 6.397 6.415 6.433 6.452 6.470 6.489 6.507 6.525 6.542 6.559 6.576 6.593
5.196 5.224 5.253 5.281 5.309 5.339 5.370 5.401 5.433 5.465 5.497 5.529 5.560 5.591 5.620 5.649 5.677 5.703 5.728 5.752 5.775 5.797 5.818 5.839 5.859 5.879 5.898 5.915 5.934 5.952 5.971 5.989 6.007 6.025 6.042 6.059 6.076 6.092 6.107 6.121 6.135 6.147 6.159 6.169 6.178 6.186 6.193 6.200 6.206 6.210 6.215 6.220 6.226 6.234 6.242 6.252 6.264 6.276 6.289 6.304 6.319 6.335 6.352 6.369 6.387 6.405 6.423 6.441 6.459 6.478 6.496 6.515 6.532 6.549 6.566 6.583 6.601
5.201 5.228 5.255 5.282 5.309 5.338 5.367 5.397 5.428 5.459 5.490 5.522 5.553 5.584 5.615 5.645 5.673 5.701 5.728 5.753 5.777 5.800 5.823 5.844 5.865 5.885 5.904 5.922 5.940 5.959 5.978 5.996 6.015 6.033 6.051 6.068 6.086 6.102 6.118 6.134 6.148 6.162 6.174 6.186 6.196 6.206 6.214 6.221 6.228 6.233 6.237 6.242 6.248 6.254 6.261 6.270 6.280 6.291 6.303 6.316 6.331 6.346 6.362 6.379 6.396 6.413 6.431 6.449 6.467 6.485 6.504 6.522 6.540 6.557 6.574 6.591 6.608
5.208 5.233 5.259 5.284 5.310 5.337 5.365 5.394 5.423 5.453 5.484 5.515 5.546 5.577 5.607 5.638 5.668 5.696 5.724 5.751 5.777 5.801 5.825 5.847 5.869 5.890 5.909 5.928 5.947 5.966 5.984 6.003 6.022 6.040 6.059 6.077 6.094 6.111 6.128 6.144 6.160 6.174 6.188 6.201 6.213 6.223 6.233 6.241 6.249 6.254 6.259 6.264 6.269 6.275 6.281 6.289 6.297 6.307 6.318 6.330 6.343 6.358 6.373 6.389 6.405 6.422 6.440 6.457 6.475 6.493 6.512 6.530 6.547 6.564 6.581 6.599 6.616
5.215 5.239 5.264 5.288 5.312 5.338 5.365 5.392 5.420 5.448 5.478 5.507 5.537 5.568 5.598 5.629 5.659 5.689 5.718 5.746 5.773 5.799 5.824 5.848 5.871 5.893 5.913 5.932 5.952 5.971 5.990 6.009 6.028 6.047 6.065 6.084 6.102 6.120 6.137 6.154 6.170 6.185 6.200 6.214 6.227 6.239 6.249 6.259 6.268 6.274 6.280 6.285 6.291 6.296 6.302 6.309 6.316 6.325 6.334 6.345 6.357 6.370 6.384 6.399 6.415 6.432 6.449 6.466 6.484 6.501 6.520 6.538 6.555 6.572 6.589 6.606 6.624
5.223 5.246 5.270 5.293 5.316 5.340 5.366 5.391 5.418 5.445 5.473 5.501 5.530 5.559 5.589 5.619 5.649 5.679 5.709 5.738 5.766 5.793 5.820 5.845 5.869 5.893 5.914 5.935 5.955 5.975 5.995 6.014 6.034 6.053 6.071 6.090 6.109 6.127 6.144 6.162 6.179 6.195 6.210 6.225 6.239 6.252 6.264 6.275 6.285 6.293 6.299 6.305 6.311 6.317 6.323 6.329 6.336 6.343 6.352 6.361 6.372 6.384 6.397 6.411 6.426 6.442 6.458 6.475 6.492 6.510 6.528 6.546 6.563 6.580 6.597 6.614 6.632
5.232 5.255 5.277 5.299 5.321 5.344 5.368 5.392 5.417 5.443 5.469 5.496 5.523 5.551 5.580 5.609 5.638 5.668 5.697 5.727 5.756 5.784 5.812 5.839 5.865 5.890 5.913 5.934 5.956 5.977 5.998 6.018 6.038 6.057 6.076 6.095 6.114 6.133 6.151 6.169 6.186 6.203 6.219 6.235 6.250 6.264 6.277 6.289 6.300 6.309 6.317 6.324 6.331 6.337 6.343 6.349 6.355 6.362 6.370 6.378 6.388 6.399 6.411 6.424 6.438 6.453 6.469 6.485 6.502 6.519 6.536 6.554 6.571 6.588 6.605 6.622 6.640
5.243 5.264 5.285 5.306 5.327 5.349 5.372 5.395 5.418 5.442 5.467 5.492 5.518 5.545 5.572 5.599 5.627 5.656 5.685 5.714 5.743 5.772 5.801 5.829 5.856 5.883 5.907 5.931 5.954 5.976 5.998 6.019 6.040 6.060 6.080 6.099 6.119 6.138 6.156 6.175 6.193 6.210 6.227 6.243 6.259 6.274 6.288 6.301 6.313 6.324 6.332 6.341 6.348 6.355 6.362 6.368 6.374 6.381 6.388 6.396 6.405 6.414 6.425 6.437 6.450 6.465 6.479 6.495 6.511 6.528 6.545 6.563 6.580 6.596 6.613 6.630 6.648
5.254 5.274 5.295 5.314 5.334 5.355 5.377 5.398 5.421 5.443 5.467 5.491 5.515 5.540 5.565 5.591 5.618 5.645 5.673 5.701 5.730 5.759 5.787 5.816 5.844 5.872 5.898 5.923 5.947 5.971 5.995 6.017 6.039 6.060 6.081 6.101 6.121 6.141 6.160 6.179 6.198 6.216 6.233 6.250 6.267 6.282 6.297 6.311 6.325 6.336 6.346 6.355 6.364 6.372 6.379 6.386 6.393 6.400 6.406 6.414 6.422 6.431 6.441 6.452 6.464 6.477 6.491 6.506 6.522 6.538 6.555 6.572 6.589 6.605 6.622 6.639 6.656
5.266 5.286 5.305 5.324 5.343 5.362 5.383 5.404 5.425 5.446 5.468 5.491 5.514 5.537 5.561 5.586 5.611 5.636 5.663 5.690 5.717 5.745 5.773 5.801 5.830 5.858 5.885 5.911 5.937 5.962 5.987 6.011 6.035 6.057 6.079 6.101 6.122 6.142 6.162 6.182 6.201 6.220 6.238 6.256 6.273 6.289 6.305 6.320 6.334 6.347 6.358 6.368 6.378 6.387 6.395 6.403 6.410 6.417 6.424 6.431 6.439 6.447 6.456 6.466 6.478 6.490 6.503 6.517 6.532 6.548 6.564 6.581 6.598 6.614 6.630 6.647 6.664
5.280 5.298 5.317 5.335 5.352 5.371 5.390 5.410 5.430 5.451 5.471 5.492 5.514 5.536 5.559 5.582 5.605 5.630 5.654 5.680 5.706 5.732 5.759 5.786 5.814 5.842 5.869 5.896 5.923 5.949 5.975 6.001 6.026 6.050 6.074 6.096 6.119 6.140 6.161 6.182 6.202 6.221 6.241 6.259 6.277 6.294 6.311 6.327 6.342 6.356 6.368 6.379 6.390 6.400 6.409 6.418 6.426 6.433 6.440 6.448 6.455 6.463 6.472 6.481 6.492 6.503 6.515 6.529 6.543 6.558 6.574 6.591 6.607 6.622 6.639 6.656 6.673
5.294 5.312 5.330 5.346 5.363 5.381 5.399 5.418 5.437 5.456 5.476 5.496 5.516 5.537 5.558 5.580 5.602 5.625 5.648 5.672 5.696 5.721 5.747 5.773 5.799 5.826 5.853 5.879 5.906 5.933 5.960 5.986 6.013 6.038 6.063 6.087 6.111 6.134 6.157 6.179 6.200 6.221 6.241 6.260 6.279 6.298 6.315 6.332 6.348 6.363 6.376 6.388 6.400 6.411 6.422 6.431 6.440 6.448 6.456 6.463 6.471 6.479 6.487 6.496 6.506 6.516 6.528 6.541 6.555 6.569 6.584 6.600 6.616 6.631 6.647 6.664 6.681
5.310 5.327 5.344 5.360 5.376 5.393 5.410 5.427 5.445 5.464 5.482 5.501 5.520 5.540 5.560 5.580 5.601 5.623 5.645 5.667 5.690 5.713 5.737 5.761 5.786 5.812 5.837 5.862 5.888 5.915 5.942 5.969 5.995 6.022 6.048 6.074 6.099 6.123 6.147 6.171 6.194 6.216 6.237 6.258 6.278 6.298 6.317 6.335 6.352 6.367 6.381 6.395 6.408 6.420 6.432 6.442 6.452 6.461 6.469 6.477 6.485 6.493 6.501 6.510 6.519 6.530 6.541 6.553 6.566 6.580 6.594 6.610 6.625 6.640 6.656 6.673 6.689
5.327 5.343 5.359 5.374 5.389 5.405 5.422 5.438 5.455 5.472 5.490 5.508 5.526 5.544 5.563 5.583 5.602 5.623 5.643 5.664 5.686 5.708 5.730 5.753 5.776 5.800 5.824 5.847 5.872 5.897 5.923 5.950 5.976 6.002 6.029 6.055 6.081 6.107 6.133 6.158 6.182 6.206 6.229 6.252 6.274 6.295 6.315 6.334 6.352 6.369 6.384 6.399 6.414 6.427 6.439 6.451 6.462 6.472 6.481 6.490 6.498 6.506 6.515 6.523 6.533 6.542 6.553 6.565 6.577 6.590 6.605 6.620 6.634 6.649 6.665 6.681 6.698
5.344 5.360 5.375 5.390 5.404 5.419 5.435 5.451 5.467 5.483 5.499 5.516 5.533 5.551 5.568 5.587 5.605 5.624 5.644 5.664 5.684 5.705 5.726 5.747 5.769 5.791 5.813 5.835 5.858 5.882 5.906 5.931 5.957 5.982 6.008 6.034 6.061 6.087 6.113 6.139 6.165 6.191 6.216 6.240 6.263 6.286 6.308 6.329 6.349 6.368 6.384 6.401 6.416 6.431 6.445 6.457 6.469 6.480 6.490 6.500 6.509 6.518 6.527 6.535 6.545 6.554 6.565 6.576 6.588 6.601 6.614 6.629 6.643 6.657 6.673 6.689 6.705
5.362 5.378 5.393 5.406 5.420 5.435 5.450 5.464 5.479 5.495 5.510 5.526 5.542 5.558 5.575 5.592 5.610 5.628 5.646 5.665 5.684 5.704 5.724 5.744 5.765 5.785 5.806 5.826 5.848 5.870 5.892 5.916 5.939 5.963 5.988 6.013 6.038 6.064 6.090 6.117 6.143 6.170 6.196 6.222 6.247 6.272 6.296 6.319 6.341 6.361 6.380 6.398 6.415 6.431 6.447 6.461 6.474 6.486 6.498 6.508 6.518 6.528 6.537 6.546 6.555 6.565 6.575 6.586 6.598 6.610 6.624 6.638 6.651 6.665 6.680 6.696 6.713
