TsunamiDB/out54143.asc
ncols          264
nrows          230
xllcorner      497853.4375
yllcorner      4229146.0000
cellsize         5.
NODATA_value   -99
[rows 68 to 101 of 230, columns 0 to 76 of 264]
5.332 5.351 5.370 5.389 5.407 5.425 5.443 5.461 5.478 5.495 5.511 5.527 5.542 5.556 5.570 5.584 5.597 5.610 5.623 5.635 5.647 5.659 5.671 5.682 5.693 5.704 5.714 5.725 5.735 5.746 5.756 5.766 5.776 5.787 5.798 5.807 5.816 5.825 5.835 5.844 5.854 5.864 5.873 5.883 5.893 5.902 5.912 5.921 5.931 5.940 5.949 5.958 5.967 5.975 5.984 5.993 6.001 6.010 6.018 6.025 6.032 6.039 6.046 6.053 6.060 6.067 6.074 6.082 6.089 6.096 6.103 6.110 6.117 6.124 6.131 6.138 6.145
5.340 5.359 5.378 5.397 5.415 5.434 5.452 5.470 5.487 5.504 5.521 5.537 5.553 5.567 5.581 5.595 5.609 5.622 5.636 5.648 5.661 5.673 5.684 5.695 5.706 5.717 5.728 5.738 5.748 5.758 5.769 5.779 5.789 5.799 5.809 5.818 5.827 5.835 5.844 5.854 5.863 5.872 5.882 5.891 5.901 5.910 5.919 5.929 5.938 5.947 5.956 5.965 5.974 5.982 5.991 6.000 6.008 6.017 6.025 6.032 6.039 6.046 6.053 6.060 6.067 6.074 6.081 6.088 6.096 6.103 6.110 6.117 6.124 6.131 6.138 6.145 6.151
5.348 5.367 5.386 5.405 5.423 5.442 5.460 5.478 5.495 5.513 5.530 5.547 5.563 5.577 5.592 5.606 5.620 5.634 5.648 5.661 5.673 5.686 5.697 5.709 5.720 5.731 5.742 5.752 5.762 5.772 5.782 5.792 5.801 5.811 5.821 5.830 5.838 5.846 5.855 5.864 5.873 5.882 5.891 5.900 5.909 5.918 5.928 5.937 5.946 5.955 5.963 5.972 5.981 5.990 5.998 6.007 6.016 6.024 6.032 6.039 6.046 6.053 6.060 6.067 6.074 6.081 6.088 6.095 6.102 6.109 6.116 6.123 6.130 6.137 6.144 6.151 6.158
5.355 5.374 5.393 5.412 5.430 5.449 5.467 5.485 5.503 5.521 5.538 5.556 5.572 5.587 5.601 5.616 5.631 5.645 5.659 5.673 5.686 5.698 5.710 5.722 5.734 5.745 5.756 5.766 5.776 5.786 5.796 5.806 5.815 5.825 5.834 5.843 5.851 5.859 5.867 5.875 5.884 5.892 5.901 5.910 5.919 5.927 5.936 5.945 5.954 5.963 5.971 5.980 5.989 5.997 6.006 6.014 6.023 6.031 6.039 6.046 6.053 6.060 6.067 6.074 6.081 6.088 6.095 6.102 6.109 6.116 6.123 6.130 6.137 6.144 6.151 6.157 6.164
5.362 5.381 5.400 5.419 5.437 5.456 5.474 5.492 5.510 5.528 5.546 5.563 5.580 5.595 5.610 5.626 5.641 5.655 5.670 5.684 5.697 5.710 5.723 5.735 5.747 5.758 5.769 5.780 5.790 5.801 5.810 5.820 5.829 5.839 5.848 5.856 5.864 5.872 5.880 5.888 5.896 5.904 5.912 5.921 5.929 5.938 5.946 5.954 5.963 5.971 5.980 5.988 5.997 6.005 6.014 6.022 6.030 6.039 6.046 6.053 6.060 6.067 6.074 6.081 6.088 6.095 6.102 6.109 6.116 6.123 6.130 6.137 6.143 6.150 6.157 6.164 6.171
5.369 5.388 5.406 5.425 5.444 5.462 5.481 5.499 5.517 5.535 5.553 5.570 5.587 5.603 5.618 5.634 5.649 5.665 5.679 5.694 5.708 5.721 5.734 5.747 5.759 5.771 5.783 5.794 5.804 5.815 5.825 5.835 5.844 5.853 5.863 5.871 5.878 5.886 5.893 5.901 5.909 5.917 5.925 5.933 5.941 5.949 5.957 5.965 5.973 5.981 5.989 5.997 6.006 6.014 6.022 6.030 6.038 6.047 6.054 6.061 6.068 6.074 6.081 6.088 6.095 6.102 6.109 6.116 6.123 6.130 6.137 6.143 6.150 6.157 6.164 6.170 6.177
5.376 5.394 5.413 5.431 5.450 5.468 5.487 5.505 5.523 5.541 5.559 5.577 5.594 5.610 5.626 5.642 5.657 5.673 5.688 5.703 5.717 5.731 5.745 5.758 5.771 5.783 5.795 5.807 5.818 5.829 5.839 5.849 5.859 5.868 5.877 5.886 5.893 5.901 5.908 5.916 5.923 5.931 5.938 5.946 5.953 5.961 5.969 5.976 5.984 5.992 5.999 6.007 6.015 6.023 6.031 6.039 6.047 6.055 6.062 6.069 6.075 6.082 6.089 6.096 6.102 6.109 6.116 6.123 6.130 6.137 6.143 6.150 6.157 6.164 6.170 6.177 6.184
5.382 5.401 5.419 5.438 5.456 5.475 5.493 5.511 5.529 5.547 5.565 5.583 5.600 5.616 5.632 5.648 5.664 5.680 5.696 5.711 5.726 5.741 5.755 5.768 5.782 5.795 5.807 5.819 5.830 5.842 5.852 5.863 5.873 5.883 5.892 5.901 5.908 5.916 5.923 5.931 5.938 5.945 5.953 5.960 5.967 5.974 5.982 5.989 5.996 6.003 6.011 6.018 6.026 6.033 6.041 6.048 6.056 6.064 6.071 6.077 6.084 6.090 6.097 6.103 6.110 6.117 6.124 6.130 6.137 6.144 6.151 6.157 6.164 6.171 6.177 6.184 6.191
5.389 5.408 5.426 5.444 5.462 5.481 5.499 5.517 5.535 5.553 5.571 5.589 5.606 5.622 5.638 5.655 5.671 5.687 5.703 5.719 5.734 5.749 5.763 5.778 5.791 5.805 5.818 5.830 5.842 5.854 5.865 5.876 5.887 5.897 5.907 5.916 5.923 5.931 5.939 5.946 5.953 5.961 5.968 5.975 5.982 5.989 5.996 6.003 6.009 6.016 6.023 6.030 6.037 6.044 6.051 6.059 6.066 6.073 6.080 6.086 6.092 6.099 6.105 6.112 6.118 6.125 6.131 6.138 6.145 6.151 6.158 6.164 6.171 6.178 6.184 6.191 6.197
5.396 5.414 5.432 5.451 5.469 5.487 5.505 5.523 5.541 5.558 5.576 5.594 5.611 5.627 5.644 5.660 5.677 5.693 5.709 5.725 5.741 5.756 5.771 5.786 5.800 5.814 5.827 5.840 5.853 5.865 5.877 5.888 5.900 5.910 5.921 5.930 5.938 5.946 5.954 5.962 5.969 5.976 5.984 5.991 5.997 6.004 6.011 6.017 6.024 6.030 6.037 6.043 6.050 6.057 6.063 6.070 6.077 6.084 6.091 6.096 6.102 6.108 6.114 6.120 6.127 6.133 6.139 6.146 6.152 6.159 6.165 6.172 6.178 6.185 6.191 6.198 6.204
5.404 5.422 5.439 5.457 5.475 5.493 5.511 5.528 5.546 5.564 5.582 5.599 5.616 5.632 5.649 5.665 5.682 5.699 5.715 5.731 5.747 5.763 5.778 5.793 5.808 5.822 5.836 5.849 5.863 5.875 5.888 5.900 5.911 5.923 5.934 5.943 5.952 5.960 5.969 5.977 5.985 5.992 6.000 6.007 6.013 6.020 6.027 6.033 6.039 6.046 6.052 6.058 6.064 6.070 6.076 6.083 6.089 6.096 6.102 6.107 6.113 6.118 6.124 6.130 6.136 6.142 6.148 6.155 6.161 6.167 6.173 6.180 6.186 6.192 6.199 6.205 6.211
5.411 5.429 5.446 5.464 5.482 5.499 5.517 5.534 5.552 5.570 5.587 5.605 5.621 5.637 5.654 5.670 5.687 5.704 5.720 5.737 5.753 5.768 5.784 5.799 5.814 5.829 5.843 5.857 5.871 5.884 5.897 5.910 5.922 5.934 5.946 5.956 5.965 5.974 5.983 5.991 6.000 6.007 6.015 6.023 6.030 6.036 6.043 6.049 6.055 6.061 6.067 6.073 6.079 6.085 6.091 6.097 6.103 6.109 6.115 6.120 6.125 6.130 6.135 6.141 6.146 6.152 6.158 6.164 6.170 6.176 6.182 6.188 6.194 6.200 6.206 6.213 6.219
5.419 5.437 5.454 5.471 5.488 5.506 5.523 5.540 5.558 5.575 5.593 5.610 5.626 5.642 5.659 5.675 5.692 5.709 5.725 5.742 5.758 5.774 5.790 5.805 5.821 5.836 5.850 5.865 5.879 5.893 5.906 5.919 5.932 5.944 5.956 5.967 5.977 5.986 5.996 6.005 6.014 6.022 6.030 6.038 6.045 6.052 6.059 6.066 6.072 6.078 6.084 6.090 6.095 6.101 6.106 6.112 6.118 6.123 6.129 6.133 6.138 6.142 6.147 6.152 6.158 6.163 6.168 6.174 6.180 6.185 6.191 6.197 6.203 6.209 6.215 6.221 6.227
5.428 5.445 5.462 5.479 5.496 5.513 5.530 5.547 5.564 5.581 5.599 5.616 5.631 5.647 5.664 5.680 5.697 5.713 5.730 5.746 5.763 5.779 5.795 5.811 5.826 5.841 5.856 5.871 5.886 5.900 5.914 5.927 5.941 5.954 5.966 5.977 5.988 5.998 6.008 6.017 6.027 6.036 6.044 6.053 6.061 6.068 6.075 6.082 6.088 6.095 6.100 6.106 6.112 6.117 6.123 6.128 6.133 6.139 6.144 6.148 6.152 6.156 6.161 6.165 6.170 6.175 6.180 6.185 6.191 6.196 6.201 6.207 6.212 6.218 6.223 6.229 6.235
5.437 5.453 5.470 5.487 5.503 5.520 5.537 5.554 5.571 5.588 5.605 5.621 5.637 5.653 5.669 5.685 5.702 5.718 5.735 5.751 5.767 5.784 5.800 5.815 5.831 5.847 5.862 5.877 5.892 5.906 5.921 5.935 5.948 5.962 5.975 5.987 5.997 6.008 6.019 6.029 6.039 6.048 6.058 6.066 6.075 6.083 6.090 6.098 6.104 6.111 6.117 6.123 6.129 6.134 6.140 6.145 6.150 6.155 6.160 6.163 6.167 6.171 6.175 6.179 6.184 6.188 6.193 6.198 6.202 6.207 6.212 6.217 6.222 6.228 6.233 6.238 6.244
5.446 5.462 5.479 5.495 5.512 5.528 5.545 5.561 5.578 5.594 5.611 5.627 5.643 5.658 5.674 5.690 5.707 5.723 5.739 5.756 5.772 5.788 5.804 5.820 5.836 5.852 5.867 5.882 5.897 5.912 5.927 5.941 5.955 5.970 5.983 5.995 6.006 6.017 6.028 6.039 6.050 6.060 6.070 6.079 6.088 6.097 6.105 6.112 6.120 6.127 6.133 6.139 6.145 6.151 6.157 6.162 6.167 6.172 6.177 6.180 6.183 6.187 6.191 6.195 6.199 6.203 6.207 6.211 6.216 6.220 6.225 6.229 6.234 6.239 6.244 6.249 6.254
5.456 5.472 5.488 5.504 5.520 5.536 5.553 5.569 5.585 5.601 5.618 5.634 5.649 5.664 5.680 5.696 5.712 5.728 5.744 5.760 5.776 5.793 5.809 5.825 5.840 5.856 5.872 5.887 5.902 5.917 5.932 5.947 5.962 5.976 5.990 6.002 6.014 6.026 6.037 6.049 6.060 6.070 6.081 6.091 6.100 6.109 6.118 6.126 6.134 6.142 6.149 6.155 6.162 6.168 6.173 6.179 6.185 6.190 6.194 6.197 6.201 6.204 6.207 6.211 6.215 6.218 6.222 6.226 6.230 6.234 6.238 6.242 6.246 6.251 6.255 6.260 6.264
5.466 5.482 5.498 5.513 5.529 5.545 5.561 5.577 5.593 5.609 5.625 5.640 5.655 5.670 5.686 5.701 5.717 5.733 5.749 5.765 5.781 5.797 5.813 5.829 5.845 5.861 5.876 5.892 5.907 5.922 5.937 5.952 5.967 5.982 5.996 6.008 6.021 6.033 6.045 6.057 6.068 6.080 6.091 6.101 6.111 6.121 6.130 6.139 6.148 6.156 6.163 6.170 6.177 6.184 6.190 6.196 6.202 6.207 6.211 6.214 6.218 6.221 6.225 6.228 6.232 6.235 6.238 6.242 6.245 6.249 6.253 6.256 6.260 6.264 6.268 6.272 6.276
5.477 5.492 5.508 5.523 5.539 5.554 5.570 5.585 5.601 5.617 5.632 5.648 5.662 5.677 5.692 5.707 5.723 5.739 5.754 5.770 5.786 5.802 5.818 5.833 5.849 5.865 5.881 5.896 5.912 5.927 5.942 5.957 5.972 5.987 6.001 6.014 6.027 6.040 6.052 6.064 6.076 6.088 6.099 6.111 6.121 6.132 6.141 6.151 6.160 6.168 6.177 6.184 6.192 6.199 6.206 6.212 6.218 6.224 6.228 6.232 6.235 6.239 6.242 6.246 6.249 6.252 6.256 6.259 6.262 6.265 6.268 6.272 6.275 6.278 6.282 6.286 6.289
5.488 5.503 5.518 5.533 5.549 5.564 5.579 5.594 5.609 5.625 5.640 5.655 5.669 5.684 5.699 5.714 5.729 5.744 5.760 5.775 5.791 5.807 5.822 5.838 5.854 5.869 5.885 5.900 5.916 5.931 5.947 5.962 5.977 5.992 6.006 6.019 6.033 6.045 6.058 6.071 6.083 6.096 6.107 6.119 6.130 6.141 6.151 6.161 6.171 6.180 6.189 6.197 6.205 6.213 6.220 6.227 6.234 6.240 6.244 6.248 6.252 6.256 6.260 6.263 6.267 6.270 6.273 6.276 6.279 6.282 6.285 6.288 6.291 6.294 6.297 6.300 6.304
5.499 5.514 5.529 5.544 5.559 5.574 5.589 5.603 5.618 5.633 5.649 5.663 5.677 5.691 5.706 5.720 5.735 5.751 5.766 5.781 5.796 5.812 5.827 5.843 5.858 5.874 5.889 5.905 5.920 5.935 5.951 5.966 5.981 5.997 6.011 6.024 6.038 6.051 6.064 6.077 6.090 6.102 6.115 6.127 6.138 6.150 6.160 6.171 6.181 6.191 6.200 6.209 6.218 6.226 6.234 6.241 6.249 6.255 6.260 6.265 6.269 6.273 6.277 6.281 6.284 6.288 6.291 6.294 6.297 6.300 6.303 6.305 6.308 6.311 6.314 6.316 6.319
5.510 5.525 5.540 5.555 5.569 5.584 5.598 5.613 5.628 5.642 5.657 5.672 5.685 5.699 5.713 5.728 5.742 5.757 5.772 5.787 5.802 5.817 5.832 5.848 5.863 5.878 5.894 5.909 5.924 5.940 5.955 5.970 5.985 6.001 6.015 6.029 6.042 6.056 6.069 6.082 6.095 6.108 6.121 6.133 6.145 6.157 6.169 6.180 6.190 6.201 6.210 6.220 6.229 6.238 6.246 6.254 6.262 6.269 6.274 6.280 6.285 6.289 6.294 6.298 6.302 6.305 6.309 6.312 6.315 6.318 6.321 6.323 6.326 6.328 6.331 6.333 6.336
5.522 5.536 5.551 5.565 5.580 5.594 5.609 5.623 5.637 5.652 5.666 5.680 5.693 5.707 5.721 5.735 5.749 5.764 5.778 5.793 5.808 5.823 5.838 5.853 5.868 5.883 5.898 5.913 5.928 5.944 5.959 5.974 5.989 6.005 6.019 6.033 6.046 6.060 6.074 6.087 6.101 6.114 6.127 6.139 6.152 6.164 6.176 6.187 6.198 6.209 6.220 6.230 6.239 6.249 6.258 6.266 6.275 6.282 6.288 6.294 6.299 6.304 6.309 6.314 6.318 6.322 6.326 6.329 6.333 6.336 6.339 6.341 6.344 6.346 6.349 6.351 6.353
5.533 5.548 5.562 5.576 5.591 5.605 5.619 5.633 5.647 5.661 5.676 5.689 5.702 5.715 5.729 5.743 5.757 5.771 5.785 5.799 5.814 5.828 5.843 5.858 5.873 5.887 5.902 5.917 5.932 5.947 5.963 5.978 5.993 6.008 6.023 6.037 6.050 6.064 6.078 6.092 6.105 6.119 6.132 6.145 6.158 6.170 6.182 6.194 6.206 6.217 6.228 6.238 6.249 6.258 6.268 6.277 6.286 6.294 6.301 6.307 6.313 6.318 6.324 6.329 6.334 6.338 6.342 6.346 6.350 6.353 6.356 6.359 6.362 6.365 6.367 6.369 6.372
5.545 5.559 5.573 5.587 5.601 5.615 5.629 5.643 5.657 5.671 5.685 5.698 5.711 5.724 5.737 5.751 5.764 5.778 5.792 5.806 5.820 5.834 5.849 5.863 5.878 5.892 5.907 5.922 5.937 5.951 5.966 5.981 5.997 6.012 6.026 6.040 6.054 6.068 6.082 6.096 6.109 6.123 6.136 6.150 6.163 6.176 6.188 6.200 6.212 6.224 6.235 6.246 6.257 6.267 6.277 6.287 6.296 6.305 6.312 6.319 6.325 6.331 6.337 6.343 6.348 6.353 6.358 6.362 6.366 6.370 6.374 6.377 6.380 6.383 6.385 6.388 6.390
5.556 5.570 5.584 5.598 5.612 5.626 5.640 5.654 5.667 5.681 5.695 5.708 5.720 5.733 5.746 5.759 5.772 5.786 5.799 5.813 5.827 5.841 5.855 5.869 5.883 5.897 5.912 5.926 5.941 5.956 5.970 5.985 6.000 6.015 6.030 6.044 6.057 6.071 6.085 6.099 6.113 6.127 6.140 6.154 6.167 6.180 6.193 6.206 6.218 6.230 6.242 6.253 6.264 6.275 6.285 6.295 6.305 6.314 6.322 6.330 6.337 6.343 6.350 6.356 6.362 6.367 6.373 6.377 6.382 6.386 6.390 6.394 6.397 6.400 6.403 6.406 6.408
5.567 5.581 5.595 5.609 5.623 5.636 5.650 5.664 5.677 5.691 5.704 5.717 5.729 5.742 5.754 5.767 5.780 5.794 5.807 5.820 5.834 5.847 5.861 5.875 5.889 5.903 5.917 5.931 5.945 5.960 5.974 5.989 6.004 6.019 6.033 6.047 6.061 6.074 6.088 6.102 6.116 6.130 6.144 6.158 6.171 6.184 6.198 6.210 6.223 6.235 6.247 6.259 6.271 6.282 6.293 6.303 6.314 6.323 6.331 6.339 6.347 6.354 6.361 6.368 6.374 6.380 6.386 6.391 6.396 6.401 6.406 6.410 6.413 6.417 6.420 6.423 6.426
5.577 5.591 5.605 5.619 5.633 5.647 5.660 5.674 5.687 5.701 5.714 5.726 5.738 5.751 5.763 5.776 5.789 5.802 5.815 5.828 5.841 5.854 5.867 5.881 5.894 5.908 5.922 5.936 5.950 5.964 5.978 5.993 6.007 6.022 6.036 6.050 6.064 6.077 6.091 6.105 6.119 6.133 6.147 6.161 6.175 6.188 6.201 6.214 6.227 6.240 6.252 6.264 6.276 6.288 6.299 6.310 6.321 6.331 6.340 6.348 6.356 6.364 6.371 6.379 6.385 6.392 6.398 6.404 6.410 6.415 6.420 6.424 6.429 6.433 6.436 6.440 6.443
5.588 5.602 5.616 5.629 5.643 5.657 5.670 5.684 5.697 5.710 5.724 5.736 5.747 5.760 5.772 5.784 5.797 5.810 5.822 5.835 5.848 5.861 5.874 5.887 5.900 5.914 5.927 5.941 5.955 5.968 5.983 5.997 6.011 6.026 6.040 6.053 6.066 6.080 6.094 6.108 6.122 6.136 6.150 6.164 6.177 6.191 6.205 6.218 6.231 6.244 6.256 6.269 6.281 6.293 6.305 6.316 6.327 6.338 6.347 6.356 6.364 6.373 6.381 6.388 6.396 6.403 6.409 6.416 6.422 6.428 6.433 6.438 6.443 6.447 6.451 6.455 6.459
5.598 5.612 5.626 5.639 5.653 5.666 5.680 5.693 5.706 5.720 5.733 5.745 5.756 5.768 5.781 5.793 5.805 5.818 5.830 5.843 5.855 5.868 5.881 5.894 5.907 5.920 5.933 5.946 5.959 5.973 5.987 6.001 6.015 6.029 6.043 6.056 6.069 6.083 6.097 6.110 6.124 6.138 6.152 6.166 6.180 6.194 6.207 6.221 6.234 6.247 6.260 6.273 6.285 6.297 6.309 6.321 6.333 6.344 6.353 6.362 6.371 6.380 6.389 6.397 6.405 6.412 6.419 6.426 6.433 6.439 6.445 6.451 6.456 6.461 6.465 6.470 6.474
5.608 5.622 5.635 5.649 5.662 5.676 5.689 5.702 5.716 5.729 5.742 5.753 5.765 5.777 5.789 5.801 5.814 5.826 5.838 5.851 5.863 5.875 5.888 5.900 5.913 5.926 5.938 5.951 5.965 5.978 5.991 6.005 6.019 6.033 6.046 6.059 6.072 6.085 6.099 6.113 6.127 6.140 6.154 6.168 6.182 6.196 6.210 6.223 6.236 6.250 6.263 6.276 6.288 6.301 6.313 6.325 6.337 6.349 6.359 6.368 6.378 6.387 6.396 6.404 6.413 6.421 6.428 6.436 6.443 6.449 6.456 6.462 6.467 6.473 6.478 6.483 6.487
5.618 5.631 5.645 5.658 5.672 5.685 5.698 5.712 5.725 5.738 5.751 5.762 5.774 5.786 5.798 5.810 5.822 5.834 5.846 5.858 5.870 5.882 5.895 5.907 5.919 5.932 5.944 5.957 5.970 5.983 5.996 6.009 6.023 6.037 6.050 6.062 6.075 6.088 6.102 6.115 6.129 6.143 6.156 6.170 6.184 6.198 6.211 6.225 6.239 6.252 6.265 6.278 6.291 6.304 6.317 6.329 6.341 6.353 6.363 6.373 6.383 6.392 6.402 6.411 6.420 6.428 6.436 6.444 6.451 6.459 6.465 6.472 6.478 6.484 6.489 6.495 6.500
5.627 5.641 5.654 5.668 5.681 5.694 5.707 5.721 5.734 5.747 5.759 5.771 5.782 5.794 5.806 5.818 5.830 5.842 5.854 5.866 5.878 5.890 5.902 5.914 5.926 5.938 5.950 5.963 5.975 5.988 6.001 6.014 6.028 6.041 6.053 6.065 6.078 6.091 6.104 6.117 6.131 6.145 6.158 6.172 6.186 6.199 6.213 6.227 6.240 6.254 6.267 6.280 6.293 6.306 6.319 6.332 6.344 6.356 6.367 6.377 6.387 6.397 6.407 6.416 6.425 6.434 6.443 6.451 6.459 6.467 6.474 6.481 6.487 6.494 6.500 6.505 6.511
5.637 5.650 5.664 5.677 5.690 5.703 5.716 5.729 5.742 5.755 5.768 5.779 5.791 5.802 5.814 5.826 5.838 5.850 5.862 5.873 5.885 5.897 5.909 5.921 5.933 5.944 5.956 5.969 5.981 5.993 6.006 6.019 6.032 6.045 6.057 6.069 6.081 6.094 6.107 6.120 6.133 6.146 6.160 6.174 6.187 6.201 6.214 6.228 6.242 6.255 6.268 6.282 6.295 6.308 6.321 6.334 6.347 6.359 6.370 6.380 6.391 6.401 6.411 6.421 6.430 6.440 6.449 6.457 6.466 6.474 6.481 6.489 6.496 6.502 6.509 6.515 6.521
