TsunamiDB/out54112.asc
ncols          264
nrows          230
xllcorner      497853.4375
yllcorner      4229146.0000
cellsize         5.
NODATA_value   -99
[rows 170 to 203 of 230, columns 0 to 76 of 264]
5.518 5.538 5.558 5.578 5.598 5.618 5.637 5.655 5.673 5.691 5.709 5.727 5.745 5.762 5.779 5.795 5.811 5.827 5.843 5.858 5.872 5.887 5.901 5.914 5.928 5.941 5.953 5.966 5.978 5.989 5.998 6.008 6.018 6.028 6.038 6.048 6.058 6.068 6.077 6.087 6.097 6.107 6.116 6.126 6.136 6.146 6.156 6.166 6.176 6.186 6.196 6.206 6.216 6.225 6.234 6.243 6.252 6.261 6.270 6.280 6.289 6.299 6.309 6.319 6.329 6.339 6.350 6.360 6.371 6.383 6.394 6.406 6.417 6.429 6.442 6.454 6.466
5.525 5.545 5.565 5.585 5.605 5.624 5.643 5.661 5.679 5.697 5.715 5.733 5.751 5.768 5.785 5.802 5.819 5.835 5.850 5.866 5.881 5.895 5.910 5.924 5.937 5.951 5.964 5.976 5.989 6.000 6.010 6.020 6.030 6.040 6.050 6.060 6.070 6.079 6.089 6.098 6.108 6.117 6.127 6.136 6.146 6.155 6.165 6.175 6.185 6.195 6.204 6.214 6.224 6.233 6.241 6.250 6.259 6.268 6.277 6.286 6.296 6.305 6.315 6.324 6.334 6.344 6.355 6.365 6.376 6.387 6.398 6.409 6.421 6.433 6.445 6.457 6.468
5.533 5.553 5.573 5.592 5.612 5.631 5.649 5.667 5.685 5.704 5.722 5.740 5.757 5.775 5.792 5.809 5.825 5.842 5.858 5.873 5.889 5.904 5.918 5.933 5.946 5.960 5.973 5.986 5.999 6.010 6.020 6.031 6.041 6.052 6.062 6.072 6.081 6.091 6.100 6.109 6.119 6.128 6.137 6.147 6.156 6.165 6.175 6.184 6.194 6.203 6.213 6.223 6.232 6.240 6.249 6.257 6.266 6.275 6.284 6.293 6.302 6.312 6.321 6.330 6.340 6.350 6.360 6.370 6.380 6.391 6.402 6.413 6.425 6.436 6.448 6.460 6.471
5.542 5.562 5.581 5.600 5.619 5.638 5.657 5.674 5.692 5.710 5.728 5.746 5.764 5.781 5.799 5.816 5.832 5.849 5.865 5.881 5.896 5.911 5.926 5.941 5.955 5.969 5.983 5.996 6.009 6.020 6.031 6.042 6.052 6.063 6.073 6.083 6.093 6.103 6.112 6.121 6.130 6.139 6.148 6.157 6.167 6.176 6.185 6.194 6.203 6.213 6.222 6.232 6.241 6.248 6.257 6.265 6.274 6.282 6.291 6.300 6.309 6.318 6.327 6.337 6.346 6.356 6.365 6.375 6.385 6.396 6.406 6.417 6.428 6.440 6.452 6.463 6.474
5.553 5.572 5.591 5.609 5.628 5.647 5.664 5.682 5.699 5.717 5.735 5.753 5.770 5.788 5.805 5.822 5.839 5.856 5.872 5.888 5.904 5.919 5.934 5.949 5.963 5.978 5.991 6.005 6.018 6.030 6.041 6.052 6.063 6.074 6.085 6.095 6.105 6.114 6.124 6.133 6.142 6.151 6.160 6.169 6.178 6.187 6.195 6.204 6.213 6.222 6.232 6.241 6.249 6.257 6.265 6.273 6.282 6.290 6.299 6.308 6.317 6.325 6.334 6.343 6.352 6.362 6.371 6.381 6.391 6.401 6.411 6.422 6.433 6.444 6.455 6.467 6.478
5.565 5.583 5.602 5.620 5.638 5.656 5.673 5.690 5.707 5.725 5.743 5.760 5.778 5.795 5.812 5.829 5.846 5.862 5.879 5.895 5.911 5.926 5.942 5.957 5.971 5.986 6.000 6.014 6.027 6.040 6.051 6.062 6.074 6.085 6.096 6.106 6.116 6.126 6.136 6.145 6.154 6.163 6.172 6.181 6.189 6.198 6.207 6.215 6.224 6.233 6.242 6.251 6.259 6.266 6.274 6.282 6.291 6.299 6.307 6.316 6.324 6.333 6.342 6.350 6.359 6.368 6.377 6.387 6.396 6.406 6.416 6.427 6.437 6.448 6.460 6.471 6.481
5.579 5.596 5.614 5.632 5.649 5.667 5.684 5.700 5.717 5.734 5.751 5.768 5.785 5.802 5.819 5.836 5.853 5.870 5.886 5.902 5.918 5.934 5.949 5.964 5.979 5.994 6.008 6.022 6.036 6.049 6.060 6.072 6.084 6.095 6.106 6.117 6.128 6.138 6.148 6.157 6.166 6.175 6.184 6.193 6.202 6.210 6.219 6.227 6.235 6.244 6.253 6.261 6.269 6.276 6.284 6.292 6.300 6.308 6.316 6.324 6.333 6.341 6.349 6.358 6.367 6.375 6.384 6.393 6.403 6.412 6.422 6.432 6.442 6.453 6.464 6.475 6.485
5.594 5.611 5.628 5.645 5.662 5.679 5.695 5.711 5.727 5.744 5.761 5.777 5.794 5.811 5.828 5.844 5.861 5.877 5.893 5.909 5.925 5.941 5.957 5.972 5.987 6.002 6.016 6.031 6.045 6.058 6.070 6.082 6.094 6.105 6.117 6.128 6.139 6.149 6.159 6.169 6.178 6.188 6.197 6.205 6.214 6.222 6.231 6.239 6.247 6.256 6.264 6.272 6.280 6.287 6.294 6.302 6.310 6.318 6.326 6.334 6.342 6.350 6.358 6.366 6.374 6.383 6.391 6.400 6.409 6.418 6.428 6.438 6.448 6.458 6.469 6.479 6.489
5.610 5.627 5.644 5.660 5.677 5.693 5.709 5.724 5.740 5.756 5.772 5.788 5.804 5.820 5.837 5.853 5.869 5.885 5.901 5.917 5.933 5.949 5.964 5.980 5.995 6.010 6.025 6.039 6.053 6.067 6.079 6.091 6.103 6.115 6.127 6.139 6.150 6.160 6.171 6.181 6.190 6.200 6.209 6.218 6.226 6.235 6.243 6.251 6.260 6.268 6.276 6.284 6.291 6.298 6.305 6.313 6.320 6.328 6.336 6.343 6.351 6.359 6.367 6.375 6.383 6.391 6.399 6.408 6.417 6.425 6.435 6.444 6.454 6.464 6.475 6.484 6.494
5.627 5.644 5.660 5.676 5.692 5.708 5.724 5.738 5.753 5.769 5.784 5.800 5.816 5.831 5.847 5.863 5.879 5.895 5.910 5.926 5.942 5.957 5.973 5.988 6.003 6.018 6.033 6.048 6.062 6.075 6.088 6.100 6.113 6.125 6.137 6.149 6.160 6.171 6.182 6.192 6.202 6.212 6.221 6.230 6.239 6.248 6.256 6.264 6.272 6.280 6.288 6.296 6.304 6.310 6.317 6.324 6.331 6.339 6.346 6.354 6.361 6.369 6.377 6.384 6.392 6.400 6.408 6.416 6.424 6.433 6.442 6.451 6.460 6.470 6.480 6.490 6.499
5.645 5.662 5.678 5.694 5.710 5.725 5.740 5.754 5.769 5.784 5.799 5.814 5.829 5.844 5.859 5.874 5.890 5.905 5.920 5.936 5.951 5.966 5.982 5.997 6.012 6.027 6.042 6.056 6.071 6.084 6.097 6.109 6.122 6.135 6.147 6.159 6.171 6.182 6.193 6.204 6.214 6.224 6.234 6.243 6.252 6.260 6.269 6.277 6.285 6.293 6.301 6.309 6.316 6.322 6.329 6.336 6.343 6.350 6.358 6.365 6.372 6.380 6.387 6.394 6.402 6.409 6.417 6.425 6.433 6.441 6.450 6.458 6.468 6.477 6.487 6.496 6.505
5.663 5.680 5.696 5.712 5.727 5.743 5.757 5.771 5.785 5.800 5.814 5.829 5.843 5.858 5.873 5.887 5.902 5.917 5.931 5.946 5.961 5.976 5.991 6.006 6.021 6.036 6.051 6.065 6.080 6.093 6.106 6.119 6.132 6.145 6.157 6.169 6.181 6.193 6.204 6.215 6.226 6.236 6.246 6.255 6.264 6.273 6.282 6.290 6.298 6.306 6.314 6.322 6.329 6.335 6.342 6.349 6.356 6.363 6.370 6.377 6.384 6.391 6.398 6.405 6.412 6.420 6.427 6.435 6.442 6.450 6.458 6.467 6.475 6.484 6.494 6.503 6.511
5.681 5.698 5.714 5.730 5.746 5.761 5.775 5.789 5.803 5.817 5.831 5.845 5.859 5.873 5.888 5.902 5.916 5.930 5.944 5.958 5.973 5.987 6.002 6.017 6.031 6.046 6.060 6.075 6.089 6.103 6.116 6.128 6.142 6.154 6.167 6.180 6.192 6.204 6.215 6.227 6.237 6.248 6.258 6.268 6.277 6.286 6.295 6.303 6.312 6.320 6.328 6.336 6.343 6.349 6.355 6.362 6.369 6.375 6.382 6.389 6.396 6.403 6.410 6.417 6.424 6.431 6.438 6.445 6.452 6.460 6.467 6.475 6.484 6.492 6.502 6.510 6.519
5.699 5.716 5.732 5.748 5.764 5.779 5.793 5.807 5.821 5.835 5.849 5.863 5.877 5.890 5.904 5.917 5.931 5.945 5.958 5.972 5.986 6.000 6.014 6.028 6.042 6.057 6.071 6.085 6.100 6.113 6.126 6.139 6.152 6.165 6.178 6.190 6.203 6.215 6.226 6.238 6.249 6.260 6.270 6.280 6.290 6.299 6.308 6.317 6.325 6.334 6.342 6.350 6.357 6.363 6.369 6.376 6.382 6.389 6.396 6.402 6.409 6.416 6.422 6.429 6.436 6.442 6.449 6.456 6.463 6.470 6.477 6.485 6.493 6.501 6.510 6.518 6.526
5.716 5.733 5.749 5.765 5.782 5.797 5.810 5.824 5.839 5.853 5.867 5.881 5.895 5.908 5.921 5.934 5.948 5.961 5.974 5.987 6.000 6.014 6.027 6.041 6.055 6.069 6.083 6.097 6.111 6.124 6.136 6.149 6.162 6.175 6.188 6.201 6.214 6.226 6.238 6.249 6.261 6.272 6.282 6.292 6.302 6.312 6.321 6.330 6.339 6.347 6.356 6.364 6.371 6.377 6.383 6.390 6.396 6.403 6.409 6.416 6.423 6.429 6.435 6.442 6.448 6.455 6.461 6.468 6.474 6.481 6.488 6.496 6.503 6.511 6.519 6.527 6.535
5.733 5.750 5.766 5.782 5.798 5.813 5.827 5.842 5.856 5.871 5.885 5.899 5.913 5.926 5.939 5.952 5.965 5.978 5.991 6.003 6.016 6.029 6.042 6.055 6.068 6.082 6.095 6.109 6.122 6.135 6.147 6.160 6.173 6.186 6.199 6.212 6.225 6.237 6.249 6.261 6.273 6.284 6.295 6.305 6.315 6.325 6.335 6.344 6.353 6.361 6.370 6.378 6.385 6.391 6.397 6.404 6.411 6.417 6.424 6.430 6.437 6.443 6.449 6.455 6.462 6.468 6.474 6.480 6.487 6.493 6.500 6.507 6.514 6.521 6.529 6.537 6.544
5.750 5.766 5.782 5.798 5.814 5.829 5.844 5.858 5.873 5.888 5.902 5.916 5.930 5.944 5.957 5.970 5.983 5.996 6.008 6.020 6.033 6.045 6.058 6.070 6.083 6.096 6.109 6.122 6.135 6.148 6.160 6.172 6.185 6.198 6.211 6.224 6.236 6.249 6.261 6.273 6.285 6.296 6.307 6.318 6.328 6.338 6.348 6.357 6.366 6.375 6.384 6.392 6.399 6.406 6.412 6.419 6.425 6.432 6.438 6.445 6.451 6.457 6.464 6.470 6.476 6.482 6.488 6.494 6.500 6.506 6.512 6.519 6.526 6.533 6.540 6.547 6.554
5.767 5.782 5.798 5.814 5.830 5.845 5.859 5.874 5.889 5.904 5.919 5.933 5.947 5.961 5.975 5.988 6.001 6.013 6.026 6.038 6.050 6.062 6.074 6.086 6.099 6.111 6.124 6.137 6.149 6.161 6.173 6.185 6.198 6.210 6.223 6.236 6.248 6.261 6.273 6.285 6.297 6.309 6.320 6.331 6.341 6.352 6.361 6.371 6.380 6.389 6.398 6.407 6.414 6.420 6.427 6.433 6.440 6.447 6.453 6.460 6.466 6.472 6.478 6.484 6.490 6.496 6.502 6.508 6.513 6.519 6.525 6.532 6.538 6.545 6.552 6.559 6.565
5.784 5.799 5.814 5.830 5.845 5.860 5.874 5.889 5.904 5.919 5.934 5.949 5.963 5.977 5.991 6.005 6.018 6.031 6.043 6.056 6.068 6.080 6.092 6.103 6.115 6.127 6.139 6.152 6.164 6.175 6.186 6.198 6.211 6.223 6.236 6.248 6.261 6.273 6.286 6.298 6.310 6.321 6.333 6.344 6.355 6.365 6.375 6.385 6.395 6.404 6.413 6.421 6.428 6.435 6.442 6.448 6.455 6.462 6.468 6.475 6.481 6.487 6.493 6.499 6.505 6.511 6.516 6.522 6.528 6.533 6.539 6.545 6.551 6.558 6.564 6.570 6.576
5.803 5.817 5.831 5.846 5.861 5.875 5.889 5.903 5.918 5.933 5.948 5.963 5.978 5.992 6.006 6.020 6.034 6.047 6.060 6.072 6.085 6.097 6.109 6.120 6.132 6.144 6.156 6.168 6.179 6.190 6.201 6.212 6.225 6.237 6.249 6.262 6.274 6.286 6.299 6.311 6.323 6.335 6.346 6.357 6.368 6.379 6.389 6.399 6.409 6.418 6.427 6.436 6.443 6.450 6.457 6.464 6.470 6.477 6.484 6.490 6.496 6.503 6.509 6.515 6.520 6.526 6.532 6.537 6.543 6.548 6.554 6.559 6.565 6.571 6.577 6.583 6.588
5.823 5.836 5.849 5.863 5.877 5.890 5.903 5.917 5.932 5.946 5.961 5.976 5.991 6.006 6.020 6.035 6.049 6.062 6.075 6.088 6.101 6.113 6.125 6.137 6.149 6.160 6.172 6.184 6.195 6.205 6.216 6.227 6.239 6.251 6.263 6.275 6.287 6.300 6.312 6.324 6.336 6.348 6.359 6.371 6.382 6.393 6.403 6.413 6.423 6.433 6.442 6.451 6.458 6.465 6.472 6.479 6.486 6.493 6.499 6.506 6.512 6.518 6.524 6.530 6.536 6.541 6.547 6.552 6.558 6.563 6.568 6.574 6.579 6.585 6.591 6.596 6.601
5.844 5.856 5.869 5.881 5.894 5.907 5.919 5.932 5.946 5.960 5.974 5.989 6.004 6.018 6.033 6.048 6.062 6.076 6.090 6.103 6.116 6.129 6.141 6.153 6.165 6.177 6.188 6.200 6.210 6.221 6.231 6.242 6.254 6.265 6.277 6.289 6.301 6.313 6.325 6.337 6.349 6.361 6.373 6.384 6.396 6.407 6.417 6.428 6.438 6.448 6.457 6.466 6.473 6.480 6.487 6.494 6.501 6.508 6.515 6.521 6.528 6.534 6.540 6.546 6.551 6.557 6.562 6.568 6.573 6.578 6.584 6.589 6.594 6.600 6.606 6.610 6.615
5.867 5.879 5.890 5.901 5.913 5.925 5.936 5.948 5.960 5.974 5.988 6.002 6.016 6.030 6.045 6.060 6.074 6.088 6.102 6.116 6.129 6.143 6.155 6.168 6.180 6.192 6.204 6.215 6.226 6.236 6.246 6.257 6.268 6.280 6.291 6.303 6.315 6.327 6.339 6.351 6.363 6.375 6.386 6.398 6.409 6.421 6.431 6.442 6.452 6.462 6.472 6.481 6.488 6.495 6.503 6.510 6.517 6.524 6.530 6.537 6.543 6.550 6.556 6.561 6.567 6.573 6.578 6.584 6.589 6.594 6.599 6.604 6.610 6.615 6.620 6.624 6.628
5.891 5.902 5.913 5.923 5.934 5.944 5.954 5.965 5.977 5.989 6.002 6.015 6.028 6.042 6.056 6.071 6.085 6.099 6.114 6.128 6.142 6.155 6.168 6.181 6.194 6.206 6.218 6.230 6.241 6.251 6.261 6.272 6.283 6.294 6.306 6.317 6.329 6.340 6.352 6.364 6.376 6.388 6.400 6.412 6.423 6.434 6.445 6.456 6.467 6.477 6.487 6.495 6.503 6.511 6.518 6.525 6.533 6.540 6.546 6.553 6.559 6.565 6.571 6.577 6.583 6.589 6.594 6.599 6.605 6.610 6.615 6.620 6.625 6.630 6.635 6.639 6.643
5.916 5.927 5.937 5.947 5.957 5.966 5.975 5.984 5.994 6.005 6.017 6.029 6.041 6.054 6.068 6.082 6.096 6.110 6.124 6.138 6.152 6.166 6.180 6.193 6.206 6.219 6.231 6.243 6.254 6.265 6.275 6.286 6.297 6.308 6.319 6.331 6.342 6.354 6.366 6.377 6.389 6.401 6.413 6.425 6.436 6.448 6.459 6.470 6.481 6.491 6.501 6.510 6.518 6.526 6.533 6.541 6.548 6.555 6.562 6.569 6.575 6.581 6.587 6.593 6.599 6.604 6.610 6.615 6.620 6.625 6.630 6.635 6.641 6.646 6.650 6.654 6.657
5.940 5.951 5.962 5.971 5.981 5.989 5.997 6.005 6.014 6.024 6.034 6.045 6.056 6.068 6.080 6.093 6.106 6.120 6.134 6.148 6.162 6.176 6.190 6.204 6.217 6.230 6.243 6.256 6.267 6.278 6.288 6.299 6.310 6.322 6.333 6.344 6.355 6.367 6.378 6.390 6.402 6.414 6.426 6.437 6.449 6.461 6.472 6.483 6.494 6.505 6.515 6.525 6.533 6.541 6.549 6.556 6.564 6.571 6.578 6.584 6.591 6.597 6.603 6.609 6.615 6.620 6.626 6.631 6.636 6.641 6.646 6.651 6.656 6.661 6.665 6.669 6.672
5.964 5.975 5.986 5.996 6.005 6.013 6.021 6.028 6.036 6.044 6.053 6.062 6.072 6.083 6.094 6.105 6.118 6.131 6.144 6.158 6.171 6.185 6.199 6.213 6.227 6.240 6.253 6.266 6.278 6.289 6.300 6.312 6.323 6.334 6.345 6.357 6.368 6.379 6.391 6.402 6.414 6.426 6.438 6.450 6.461 6.473 6.485 6.496 6.507 6.518 6.529 6.538 6.547 6.555 6.563 6.571 6.579 6.586 6.593 6.600 6.607 6.613 6.619 6.625 6.630 6.636 6.641 6.647 6.652 6.657 6.662 6.667 6.671 6.676 6.680 6.684 6.687
5.985 5.998 6.009 6.020 6.030 6.038 6.045 6.052 6.060 6.067 6.074 6.082 6.091 6.099 6.109 6.119 6.130 6.142 6.154 6.167 6.181 6.194 6.208 6.222 6.236 6.249 6.263 6.276 6.288 6.300 6.311 6.323 6.334 6.346 6.357 6.368 6.380 6.391 6.403 6.414 6.426 6.437 6.449 6.461 6.473 6.485 6.496 6.508 6.519 6.531 6.542 6.552 6.560 6.569 6.578 6.586 6.594 6.601 6.609 6.616 6.622 6.629 6.635 6.641 6.646 6.652 6.657 6.662 6.667 6.672 6.677 6.682 6.687 6.692 6.696 6.699 6.702
6.004 6.018 6.031 6.042 6.053 6.062 6.070 6.077 6.084 6.091 6.098 6.104 6.111 6.119 6.127 6.135 6.145 6.155 6.166 6.178 6.190 6.203 6.216 6.230 6.244 6.258 6.271 6.285 6.297 6.309 6.321 6.333 6.345 6.356 6.368 6.379 6.391 6.402 6.414 6.425 6.437 6.448 6.460 6.472 6.484 6.495 6.507 6.519 6.531 6.542 6.554 6.564 6.573 6.582 6.591 6.600 6.608 6.616 6.624 6.631 6.638 6.644 6.650 6.656 6.662 6.667 6.673 6.678 6.683 6.688 6.693 6.697 6.702 6.707 6.711 6.714 6.717
6.020 6.035 6.049 6.063 6.074 6.084 6.093 6.101 6.108 6.115 6.122 6.128 6.134 6.140 6.147 6.154 6.162 6.170 6.180 6.190 6.201 6.213 6.225 6.238 6.252 6.265 6.279 6.293 6.306 6.318 6.330 6.342 6.354 6.366 6.378 6.390 6.401 6.413 6.424 6.435 6.447 6.458 6.470 6.482 6.494 6.506 6.517 6.529 6.541 6.553 6.565 6.575 6.585 6.594 6.604 6.613 6.621 6.630 6.638 6.645 6.652 6.659 6.665 6.671 6.677 6.683 6.688 6.693 6.698 6.703 6.708 6.713 6.717 6.722 6.726 6.729 6.732
6.034 6.050 6.066 6.080 6.093 6.104 6.114 6.123 6.132 6.140 6.146 6.152 6.158 6.163 6.169 6.174 6.181 6.188 6.195 6.204 6.214 6.224 6.236 6.248 6.260 6.273 6.287 6.300 6.313 6.325 6.338 6.350 6.363 6.375 6.387 6.399 6.410 6.422 6.433 6.445 6.456 6.468 6.479 6.491 6.503 6.515 6.527 6.539 6.551 6.563 6.575 6.585 6.595 6.605 6.615 6.624 6.634 6.643 6.651 6.659 6.666 6.673 6.680 6.686 6.692 6.698 6.703 6.708 6.713 6.718 6.723 6.728 6.732 6.737 6.741 6.744 6.747
6.044 6.062 6.079 6.095 6.109 6.122 6.133 6.144 6.153 6.162 6.170 6.177 6.182 6.188 6.192 6.197 6.202 6.208 6.214 6.221 6.228 6.237 6.247 6.258 6.270 6.282 6.295 6.308 6.321 6.333 6.345 6.358 6.370 6.383 6.395 6.407 6.419 6.431 6.442 6.454 6.465 6.477 6.488 6.500 6.512 6.523 6.535 6.547 6.559 6.571 6.584 6.595 6.605 6.615 6.625 6.635 6.645 6.654 6.663 6.672 6.679 6.687 6.694 6.700 6.707 6.712 6.718 6.723 6.728 6.733 6.738 6.743 6.747 6.752 6.756 6.759 6.761
6.053 6.072 6.089 6.107 6.122 6.136 6.149 6.161 6.172 6.183 6.192 6.199 6.206 6.212 6.217 6.221 6.225 6.230 6.234 6.240 6.246 6.253 6.261 6.270 6.281 6.292 6.304 6.316 6.328 6.340 6.352 6.365 6.378 6.390 6.403 6.415 6.427 6.439 6.451 6.462 6.474 6.485 6.496 6.508 6.520 6.531 6.543 6.555 6.567 6.579 6.592 6.603 6.613 6.624 6.634 6.645 6.655 6.665 6.674 6.683 6.692 6.699 6.707 6.714 6.720 6.726 6.732 6.738 6.743 6.748 6.753 6.757 6.762 6.766 6.770 6.773 6.776
6.060 6.079 6.098 6.116 6.132 6.147 6.162 6.176 6.188 6.200 6.211 6.220 6.228 6.235 6.240 6.245 6.249 6.253 6.257 6.261 6.266 6.271 6.277 6.285 6.293 6.303 6.314 6.325 6.336 6.347 6.359 6.372 6.385 6.397 6.410 6.422 6.434 6.446 6.458 6.470 6.481 6.493 6.504 6.516 6.527 6.539 6.551 6.563 6.575 6.587 6.599 6.610 6.621 6.632 6.643 6.653 6.664 6.674 6.684 6.693 6.702 6.711 6.719 6.726 6.733 6.740 6.746 6.751 6.757 6.762 6.767 6.771 6.776 6.781 6.785 6.787 6.790
