TsunamiDB/out54111.asc
ncols          264
nrows          230
xllcorner      497853.4375
yllcorner      4229146.0000
cellsize         5.
NODATA_value   -99
[rows 68 to 101 of 230, columns 0 to 76 of 264]
3.937 3.993 4.048 4.102 4.154 4.205 4.254 4.301 4.347 4.390 4.432 4.472 4.509 4.544 4.579 4.612 4.644 4.675 4.705 4.733 4.761 4.788 4.814 4.840 4.865 4.889 4.913 4.937 4.960 4.983 5.005 5.027 5.049 5.070 5.091 5.111 5.131 5.151 5.171 5.191 5.211 5.230 5.250 5.270 5.289 5.308 5.328 5.347 5.366 5.385 5.404 5.423 5.442 5.461 5.480 5.499 5.517 5.536 5.554 5.570 5.588 5.605 5.623 5.640 5.657 5.674 5.691 5.707 5.724 5.740 5.756 5.771 5.786 5.801 5.816 5.831 5.845
3.957 4.013 4.067 4.120 4.171 4.222 4.270 4.318 4.363 4.407 4.449 4.489 4.526 4.562 4.597 4.630 4.662 4.693 4.723 4.751 4.779 4.806 4.832 4.857 4.882 4.907 4.930 4.954 4.976 4.999 5.021 5.043 5.064 5.085 5.106 5.126 5.145 5.164 5.184 5.204 5.223 5.243 5.262 5.281 5.300 5.319 5.338 5.357 5.376 5.394 5.413 5.432 5.450 5.469 5.487 5.506 5.524 5.543 5.560 5.577 5.594 5.612 5.629 5.646 5.664 5.681 5.697 5.714 5.731 5.747 5.763 5.778 5.794 5.809 5.824 5.839 5.853
3.978 4.032 4.085 4.137 4.188 4.238 4.286 4.333 4.379 4.422 4.464 4.505 4.543 4.578 4.613 4.647 4.679 4.710 4.740 4.769 4.796 4.823 4.849 4.875 4.900 4.924 4.947 4.970 4.993 5.015 5.037 5.059 5.080 5.101 5.121 5.141 5.159 5.179 5.198 5.217 5.236 5.255 5.274 5.293 5.311 5.330 5.349 5.367 5.385 5.404 5.422 5.440 5.459 5.477 5.495 5.513 5.531 5.550 5.567 5.583 5.601 5.618 5.635 5.653 5.670 5.687 5.704 5.720 5.737 5.753 5.769 5.785 5.801 5.816 5.831 5.846 5.861
3.998 4.050 4.102 4.153 4.204 4.253 4.301 4.348 4.393 4.437 4.479 4.520 4.558 4.594 4.630 4.664 4.696 4.727 4.757 4.786 4.814 4.841 4.867 4.892 4.917 4.941 4.964 4.987 5.010 5.032 5.053 5.075 5.096 5.116 5.137 5.156 5.174 5.193 5.212 5.231 5.250 5.269 5.287 5.305 5.324 5.342 5.360 5.378 5.396 5.414 5.432 5.449 5.467 5.485 5.503 5.521 5.539 5.557 5.574 5.590 5.607 5.624 5.641 5.659 5.676 5.693 5.709 5.726 5.743 5.759 5.775 5.791 5.807 5.823 5.838 5.853 5.868
4.017 4.069 4.119 4.169 4.219 4.267 4.315 4.362 4.407 4.451 4.494 4.535 4.573 4.609 4.645 4.679 4.712 4.744 4.774 4.803 4.831 4.858 4.884 4.909 4.934 4.958 4.981 5.004 5.027 5.048 5.070 5.091 5.112 5.132 5.152 5.171 5.190 5.208 5.227 5.246 5.264 5.282 5.300 5.318 5.336 5.354 5.372 5.389 5.407 5.424 5.442 5.459 5.477 5.494 5.511 5.529 5.546 5.564 5.581 5.597 5.614 5.630 5.648 5.665 5.681 5.698 5.715 5.732 5.748 5.765 5.781 5.797 5.813 5.829 5.844 5.859 5.874
4.037 4.087 4.136 4.185 4.234 4.282 4.329 4.375 4.420 4.464 4.507 4.548 4.587 4.624 4.660 4.694 4.727 4.759 4.790 4.819 4.847 4.874 4.900 4.926 4.951 4.975 4.998 5.021 5.043 5.065 5.086 5.107 5.128 5.148 5.168 5.187 5.205 5.224 5.242 5.261 5.279 5.297 5.315 5.332 5.350 5.367 5.384 5.401 5.418 5.435 5.453 5.470 5.486 5.503 5.520 5.538 5.555 5.572 5.588 5.604 5.620 5.637 5.654 5.671 5.687 5.704 5.721 5.737 5.754 5.770 5.786 5.803 5.818 5.834 5.850 5.865 5.880
4.056 4.105 4.153 4.201 4.248 4.295 4.342 4.388 4.433 4.476 4.519 4.561 4.600 4.637 4.673 4.709 4.742 4.774 4.805 4.835 4.863 4.890 4.917 4.942 4.967 4.991 5.015 5.037 5.060 5.082 5.103 5.124 5.144 5.165 5.185 5.203 5.221 5.240 5.258 5.276 5.294 5.312 5.329 5.346 5.364 5.381 5.397 5.414 5.431 5.447 5.464 5.481 5.497 5.514 5.530 5.547 5.564 5.580 5.596 5.612 5.628 5.644 5.661 5.677 5.694 5.710 5.727 5.743 5.759 5.776 5.792 5.808 5.824 5.840 5.855 5.871 5.886
4.075 4.122 4.169 4.216 4.262 4.309 4.354 4.400 4.444 4.488 4.531 4.572 4.612 4.649 4.686 4.722 4.756 4.788 4.820 4.849 4.878 4.906 4.932 4.958 4.983 5.007 5.031 5.054 5.076 5.098 5.119 5.140 5.161 5.181 5.201 5.219 5.237 5.255 5.274 5.292 5.309 5.327 5.344 5.361 5.378 5.395 5.411 5.428 5.444 5.460 5.476 5.492 5.509 5.525 5.541 5.557 5.573 5.589 5.605 5.620 5.636 5.652 5.668 5.684 5.700 5.716 5.733 5.749 5.765 5.781 5.797 5.813 5.829 5.845 5.860 5.876 5.891
4.094 4.140 4.186 4.231 4.277 4.322 4.367 4.411 4.455 4.499 4.541 4.583 4.623 4.661 4.698 4.734 4.769 4.802 4.833 4.864 4.893 4.921 4.948 4.974 4.999 5.023 5.047 5.070 5.092 5.114 5.135 5.156 5.177 5.197 5.217 5.235 5.253 5.271 5.290 5.307 5.325 5.342 5.360 5.376 5.393 5.409 5.426 5.442 5.458 5.474 5.489 5.505 5.521 5.536 5.552 5.568 5.583 5.599 5.614 5.629 5.644 5.660 5.675 5.691 5.707 5.723 5.739 5.755 5.771 5.787 5.803 5.818 5.834 5.850 5.865 5.881 5.896
4.113 4.158 4.202 4.246 4.291 4.335 4.379 4.423 4.466 4.509 4.552 4.593 4.633 4.671 4.709 4.746 4.781 4.814 4.846 4.877 4.907 4.935 4.962 4.988 5.014 5.038 5.062 5.085 5.108 5.130 5.151 5.172 5.193 5.213 5.233 5.251 5.269 5.287 5.305 5.323 5.341 5.358 5.375 5.392 5.408 5.425 5.441 5.456 5.472 5.488 5.503 5.518 5.534 5.549 5.564 5.579 5.595 5.610 5.625 5.639 5.653 5.668 5.684 5.699 5.715 5.730 5.746 5.761 5.777 5.793 5.808 5.824 5.840 5.855 5.871 5.886 5.901
4.132 4.176 4.219 4.262 4.305 4.348 4.391 4.434 4.477 4.519 4.561 4.602 4.642 4.681 4.719 4.756 4.792 4.826 4.858 4.890 4.920 4.948 4.976 5.002 5.028 5.053 5.077 5.100 5.123 5.145 5.166 5.188 5.208 5.228 5.248 5.267 5.285 5.303 5.321 5.339 5.356 5.374 5.391 5.407 5.424 5.440 5.456 5.472 5.487 5.502 5.517 5.533 5.547 5.562 5.577 5.592 5.607 5.622 5.636 5.649 5.663 5.678 5.693 5.708 5.723 5.738 5.753 5.768 5.784 5.799 5.814 5.830 5.845 5.861 5.876 5.891 5.906
4.151 4.194 4.235 4.277 4.319 4.361 4.403 4.445 4.487 4.529 4.570 4.611 4.651 4.690 4.728 4.765 4.802 4.836 4.869 4.901 4.932 4.961 4.989 5.016 5.042 5.067 5.091 5.115 5.137 5.160 5.181 5.202 5.223 5.243 5.263 5.282 5.300 5.318 5.336 5.354 5.372 5.389 5.406 5.423 5.439 5.455 5.471 5.487 5.502 5.517 5.532 5.547 5.562 5.576 5.591 5.605 5.620 5.634 5.648 5.661 5.674 5.688 5.703 5.717 5.732 5.746 5.761 5.776 5.791 5.806 5.821 5.836 5.851 5.866 5.881 5.897 5.912
4.171 4.212 4.252 4.293 4.333 4.374 4.415 4.456 4.497 4.538 4.579 4.620 4.659 4.698 4.736 4.774 4.810 4.846 4.879 4.912 4.943 4.973 5.001 5.029 5.055 5.080 5.105 5.128 5.151 5.174 5.196 5.217 5.238 5.258 5.278 5.297 5.315 5.333 5.351 5.369 5.387 5.404 5.421 5.438 5.455 5.471 5.487 5.502 5.517 5.533 5.547 5.562 5.577 5.591 5.605 5.619 5.633 5.647 5.660 5.673 5.686 5.700 5.714 5.728 5.742 5.756 5.770 5.784 5.799 5.814 5.828 5.843 5.858 5.873 5.887 5.902 5.917
4.190 4.230 4.269 4.309 4.348 4.387 4.427 4.467 4.507 4.547 4.588 4.627 4.666 4.705 4.744 4.782 4.818 4.854 4.888 4.922 4.953 4.984 5.013 5.040 5.067 5.093 5.118 5.142 5.165 5.187 5.209 5.231 5.252 5.272 5.292 5.311 5.329 5.347 5.366 5.384 5.402 5.419 5.436 5.453 5.470 5.486 5.502 5.517 5.533 5.548 5.563 5.577 5.592 5.606 5.620 5.634 5.648 5.661 5.674 5.686 5.699 5.712 5.725 5.739 5.752 5.766 5.780 5.794 5.808 5.822 5.836 5.850 5.865 5.879 5.894 5.908 5.923
4.210 4.248 4.287 4.325 4.363 4.401 4.440 4.478 4.517 4.557 4.596 4.634 4.673 4.712 4.750 4.788 4.825 4.862 4.896 4.930 4.962 4.993 5.023 5.051 5.079 5.105 5.130 5.154 5.178 5.201 5.223 5.244 5.265 5.286 5.306 5.324 5.343 5.361 5.380 5.398 5.416 5.433 5.451 5.468 5.484 5.501 5.517 5.532 5.548 5.563 5.578 5.592 5.607 5.621 5.635 5.649 5.662 5.676 5.688 5.700 5.712 5.725 5.738 5.751 5.764 5.777 5.790 5.804 5.817 5.831 5.845 5.859 5.873 5.887 5.901 5.915 5.930
4.229 4.267 4.304 4.341 4.378 4.415 4.453 4.490 4.528 4.566 4.604 4.642 4.680 4.718 4.757 4.794 4.832 4.868 4.903 4.938 4.971 5.002 5.032 5.062 5.089 5.116 5.142 5.166 5.190 5.213 5.235 5.257 5.279 5.299 5.319 5.337 5.356 5.375 5.393 5.412 5.430 5.447 5.465 5.482 5.498 5.515 5.531 5.547 5.562 5.578 5.593 5.607 5.622 5.636 5.650 5.664 5.677 5.690 5.702 5.714 5.726 5.739 5.751 5.764 5.777 5.789 5.802 5.815 5.828 5.841 5.854 5.868 5.881 5.895 5.909 5.923 5.937
4.249 4.286 4.322 4.358 4.394 4.430 4.466 4.502 4.539 4.576 4.613 4.650 4.687 4.724 4.762 4.800 4.837 4.874 4.909 4.944 4.978 5.010 5.041 5.071 5.099 5.126 5.152 5.177 5.202 5.225 5.248 5.270 5.291 5.312 5.331 5.350 5.369 5.388 5.406 5.425 5.443 5.460 5.478 5.495 5.512 5.528 5.545 5.561 5.576 5.592 5.607 5.622 5.636 5.651 5.665 5.679 5.692 5.706 5.717 5.729 5.741 5.753 5.765 5.778 5.790 5.802 5.814 5.827 5.839 5.852 5.865 5.877 5.890 5.904 5.917 5.931 5.944
4.269 4.305 4.340 4.375 4.410 4.445 4.480 4.515 4.550 4.586 4.622 4.658 4.694 4.731 4.768 4.805 4.842 4.879 4.915 4.950 4.984 5.017 5.048 5.079 5.108 5.136 5.162 5.188 5.212 5.236 5.259 5.281 5.303 5.324 5.344 5.362 5.381 5.400 5.419 5.437 5.455 5.473 5.491 5.508 5.525 5.542 5.558 5.574 5.590 5.606 5.621 5.636 5.651 5.665 5.679 5.693 5.707 5.720 5.732 5.743 5.756 5.768 5.780 5.792 5.804 5.816 5.827 5.839 5.851 5.863 5.876 5.888 5.901 5.913 5.926 5.939 5.953
4.288 4.323 4.358 4.392 4.426 4.460 4.494 4.528 4.562 4.597 4.632 4.666 4.701 4.737 4.773 4.810 4.847 4.883 4.919 4.954 4.989 5.022 5.054 5.086 5.115 5.144 5.171 5.197 5.223 5.247 5.270 5.293 5.314 5.336 5.355 5.374 5.393 5.412 5.431 5.449 5.467 5.485 5.503 5.520 5.537 5.554 5.571 5.587 5.603 5.619 5.634 5.649 5.664 5.679 5.693 5.708 5.722 5.734 5.746 5.758 5.770 5.782 5.794 5.806 5.818 5.830 5.841 5.853 5.864 5.876 5.888 5.900 5.912 5.924 5.936 5.949 5.962
4.308 4.342 4.376 4.409 4.443 4.475 4.508 4.541 4.574 4.608 4.642 4.675 4.709 4.743 4.779 4.815 4.851 4.887 4.923 4.958 4.993 5.027 5.060 5.091 5.122 5.151 5.179 5.206 5.232 5.256 5.280 5.303 5.325 5.347 5.367 5.386 5.405 5.424 5.443 5.461 5.479 5.497 5.515 5.532 5.549 5.566 5.583 5.599 5.615 5.631 5.647 5.662 5.677 5.692 5.707 5.721 5.735 5.748 5.760 5.772 5.785 5.797 5.809 5.821 5.832 5.844 5.855 5.867 5.878 5.889 5.900 5.912 5.924 5.935 5.947 5.959 5.972
4.327 4.361 4.394 4.427 4.459 4.491 4.523 4.555 4.587 4.619 4.652 4.684 4.717 4.750 4.785 4.820 4.855 4.890 4.926 4.961 4.996 5.030 5.064 5.096 5.127 5.157 5.186 5.214 5.240 5.265 5.290 5.313 5.335 5.357 5.377 5.397 5.416 5.435 5.454 5.472 5.491 5.508 5.526 5.543 5.561 5.577 5.594 5.611 5.627 5.643 5.659 5.674 5.690 5.705 5.719 5.734 5.748 5.761 5.774 5.786 5.799 5.811 5.823 5.835 5.847 5.858 5.869 5.881 5.892 5.903 5.914 5.925 5.936 5.947 5.959 5.970 5.982
4.347 4.380 4.412 4.444 4.476 4.507 4.538 4.569 4.600 4.632 4.663 4.694 4.725 4.758 4.791 4.825 4.859 4.894 4.929 4.964 4.998 5.033 5.067 5.099 5.131 5.162 5.192 5.220 5.247 5.273 5.298 5.322 5.345 5.367 5.388 5.407 5.427 5.446 5.465 5.483 5.502 5.520 5.537 5.554 5.572 5.589 5.605 5.622 5.638 5.654 5.670 5.686 5.701 5.716 5.731 5.746 5.761 5.774 5.786 5.799 5.812 5.824 5.837 5.849 5.861 5.872 5.884 5.895 5.906 5.917 5.927 5.938 5.949 5.960 5.971 5.982 5.994
4.366 4.398 4.430 4.462 4.493 4.523 4.554 4.584 4.614 4.644 4.675 4.705 4.735 4.766 4.798 4.831 4.864 4.898 4.932 4.966 5.000 5.035 5.069 5.102 5.134 5.166 5.196 5.226 5.254 5.280 5.306 5.330 5.354 5.377 5.398 5.417 5.437 5.456 5.476 5.494 5.512 5.530 5.548 5.565 5.582 5.599 5.616 5.632 5.649 5.665 5.681 5.697 5.712 5.727 5.743 5.757 5.772 5.786 5.799 5.812 5.824 5.837 5.850 5.862 5.874 5.886 5.897 5.909 5.920 5.931 5.941 5.952 5.963 5.973 5.984 5.995 6.006
4.385 4.417 4.448 4.479 4.510 4.540 4.569 4.599 4.628 4.657 4.687 4.716 4.745 4.775 4.806 4.837 4.869 4.902 4.935 4.968 5.002 5.036 5.070 5.103 5.136 5.168 5.199 5.229 5.258 5.286 5.312 5.338 5.362 5.385 5.407 5.427 5.447 5.467 5.486 5.505 5.523 5.541 5.558 5.576 5.593 5.610 5.626 5.643 5.659 5.675 5.691 5.707 5.723 5.738 5.753 5.768 5.783 5.797 5.810 5.823 5.836 5.849 5.862 5.875 5.887 5.899 5.911 5.922 5.933 5.944 5.955 5.966 5.976 5.987 5.997 6.007 6.018
4.404 4.435 4.466 4.497 4.527 4.556 4.585 4.614 4.642 4.671 4.699 4.727 4.755 4.784 4.814 4.844 4.875 4.906 4.938 4.971 5.004 5.037 5.070 5.104 5.137 5.169 5.201 5.232 5.262 5.290 5.318 5.344 5.369 5.393 5.415 5.436 5.456 5.476 5.496 5.515 5.533 5.551 5.569 5.586 5.603 5.620 5.637 5.653 5.669 5.685 5.701 5.717 5.733 5.748 5.763 5.779 5.794 5.808 5.821 5.834 5.848 5.861 5.874 5.887 5.899 5.912 5.924 5.935 5.946 5.958 5.968 5.979 5.990 6.000 6.010 6.021 6.031
4.422 4.454 4.484 4.514 4.543 4.572 4.601 4.629 4.657 4.684 4.712 4.739 4.766 4.794 4.823 4.852 4.881 4.912 4.942 4.974 5.006 5.038 5.071 5.104 5.137 5.170 5.202 5.233 5.264 5.293 5.322 5.349 5.375 5.400 5.422 5.444 5.465 5.485 5.505 5.525 5.543 5.561 5.579 5.596 5.613 5.630 5.647 5.663 5.679 5.695 5.711 5.727 5.742 5.758 5.773 5.788 5.804 5.818 5.831 5.844 5.858 5.872 5.885 5.898 5.911 5.923 5.936 5.947 5.959 5.970 5.981 5.992 6.003 6.013 6.023 6.034 6.044
4.441 4.472 4.502 4.531 4.560 4.589 4.617 4.644 4.672 4.699 4.726 4.752 4.778 4.805 4.832 4.860 4.889 4.918 4.947 4.977 5.008 5.040 5.071 5.104 5.136 5.169 5.201 5.233 5.264 5.295 5.324 5.352 5.379 5.405 5.429 5.451 5.473 5.494 5.514 5.534 5.553 5.571 5.589 5.606 5.624 5.640 5.657 5.673 5.689 5.705 5.721 5.737 5.752 5.767 5.783 5.798 5.813 5.827 5.840 5.854 5.868 5.882 5.895 5.909 5.922 5.934 5.947 5.959 5.971 5.983 5.994 6.005 6.015 6.026 6.036 6.046 6.057
4.459 4.490 4.519 4.549 4.577 4.605 4.633 4.660 4.686 4.713 4.739 4.764 4.790 4.816 4.843 4.869 4.897 4.924 4.953 4.982 5.011 5.041 5.072 5.104 5.136 5.168 5.200 5.232 5.264 5.295 5.325 5.354 5.382 5.409 5.433 5.457 5.479 5.501 5.522 5.542 5.562 5.581 5.599 5.616 5.633 5.650 5.667 5.683 5.699 5.715 5.731 5.746 5.762 5.777 5.792 5.807 5.822 5.836 5.850 5.864 5.877 5.891 5.905 5.919 5.932 5.945 5.958 5.970 5.982 5.994 6.005 6.017 6.028 6.038 6.049 6.059 6.069
4.477 4.507 4.537 4.566 4.594 4.621 4.649 4.675 4.702 4.727 4.753 4.778 4.802 4.828 4.853 4.879 4.905 4.932 4.959 4.987 5.015 5.044 5.074 5.104 5.135 5.166 5.198 5.230 5.262 5.293 5.324 5.354 5.383 5.411 5.437 5.461 5.485 5.507 5.529 5.550 5.570 5.589 5.608 5.626 5.643 5.660 5.677 5.693 5.709 5.725 5.740 5.756 5.771 5.786 5.801 5.816 5.831 5.845 5.859 5.873 5.886 5.900 5.914 5.928 5.941 5.955 5.968 5.980 5.993 6.005 6.016 6.028 6.039 6.050 6.061 6.071 6.081
4.495 4.525 4.554 4.583 4.611 4.638 4.665 4.691 4.717 4.742 4.767 4.791 4.815 4.840 4.865 4.890 4.915 4.940 4.966 4.993 5.020 5.048 5.076 5.105 5.135 5.165 5.196 5.227 5.259 5.290 5.322 5.352 5.382 5.411 5.438 5.463 5.488 5.512 5.535 5.557 5.578 5.598 5.617 5.635 5.653 5.670 5.686 5.703 5.719 5.734 5.750 5.765 5.781 5.796 5.811 5.826 5.840 5.854 5.868 5.881 5.895 5.909 5.923 5.937 5.950 5.964 5.977 5.990 6.002 6.015 6.027 6.039 6.050 6.061 6.072 6.083 6.093
4.513 4.543 4.572 4.600 4.627 4.654 4.681 4.707 4.732 4.757 4.781 4.804 4.828 4.852 4.877 4.901 4.925 4.950 4.975 5.000 5.026 5.052 5.079 5.107 5.135 5.165 5.194 5.225 5.256 5.287 5.318 5.349 5.380 5.409 5.437 5.464 5.490 5.515 5.539 5.562 5.584 5.605 5.624 5.643 5.661 5.679 5.696 5.712 5.728 5.744 5.760 5.775 5.790 5.805 5.820 5.835 5.850 5.863 5.877 5.890 5.904 5.918 5.932 5.946 5.959 5.973 5.986 5.999 6.012 6.024 6.037 6.049 6.060 6.072 6.083 6.094 6.104
4.530 4.560 4.589 4.617 4.644 4.671 4.697 4.722 4.748 4.772 4.796 4.818 4.842 4.865 4.889 4.912 4.936 4.960 4.983 5.008 5.032 5.058 5.083 5.110 5.137 5.165 5.193 5.223 5.253 5.283 5.314 5.345 5.376 5.406 5.434 5.462 5.490 5.516 5.541 5.566 5.588 5.610 5.631 5.651 5.670 5.688 5.705 5.722 5.738 5.754 5.770 5.785 5.800 5.815 5.830 5.844 5.859 5.872 5.885 5.899 5.913 5.927 5.940 5.954 5.968 5.981 5.994 6.008 6.021 6.033 6.046 6.058 6.070 6.082 6.093 6.104 6.115
4.548 4.578 4.606 4.634 4.661 4.687 4.713 4.738 4.763 4.787 4.810 4.833 4.856 4.879 4.902 4.924 4.947 4.970 4.993 5.017 5.040 5.064 5.089 5.114 5.140 5.166 5.193 5.221 5.250 5.280 5.310 5.340 5.371 5.401 5.430 5.459 5.487 5.515 5.541 5.567 5.591 5.614 5.636 5.657 5.676 5.695 5.713 5.731 5.747 5.763 5.779 5.795 5.810 5.825 5.839 5.854 5.868 5.881 5.894 5.908 5.921 5.935 5.949 5.962 5.976 5.989 6.003 6.016 6.029 6.042 6.054 6.067 6.079 6.091 6.103 6.114 6.125
4.566 4.595 4.623 4.651 4.678 4.704 4.729 4.754 4.779 4.803 4.825 4.847 4.870 4.892 4.915 4.937 4.959 4.981 5.004 5.026 5.049 5.072 5.095 5.119 5.143 5.169 5.194 5.221 5.248 5.277 5.306 5.335 5.365 5.395 5.424 5.453 5.483 5.511 5.539 5.566 5.592 5.616 5.639 5.661 5.682 5.702 5.721 5.739 5.756 5.772 5.788 5.804 5.819 5.834 5.849 5.863 5.878 5.891 5.903 5.917 5.930 5.944 5.957 5.971 5.984 5.998 6.011 6.024 6.037 6.050 6.063 6.075 6.088 6.100 6.112 6.123 6.135
