TsunamiDB/out54131.asc
ncols          264
nrows          230
xllcorner      497853.4375
yllcorner      4229146.0000
cellsize         5.
NODATA_value   -99
[rows 102 to 135 of 230, columns 0 to 76 of 264]
5.413 5.432 5.450 5.468 5.486 5.503 5.520 5.537 5.553 5.570 5.585 5.600 5.615 5.630 5.646 5.661 5.676 5.691 5.707 5.722 5.736 5.751 5.766 5.780 5.795 5.809 5.824 5.838 5.852 5.866 5.880 5.894 5.907 5.921 5.932 5.944 5.956 5.968 5.980 5.992 6.003 6.014 6.025 6.036 6.046 6.056 6.066 6.075 6.084 6.092 6.101 6.109 6.116 6.124 6.131 6.138 6.145 6.150 6.155 6.160 6.166 6.172 6.177 6.183 6.190 6.196 6.202 6.209 6.216 6.223 6.230 6.237 6.245 6.253 6.261 6.269 6.277
5.424 5.443 5.462 5.480 5.498 5.515 5.532 5.549 5.565 5.581 5.597 5.611 5.626 5.641 5.657 5.672 5.687 5.702 5.717 5.732 5.747 5.761 5.776 5.790 5.805 5.819 5.833 5.848 5.862 5.876 5.890 5.904 5.917 5.930 5.942 5.954 5.967 5.979 5.991 6.003 6.014 6.026 6.037 6.048 6.059 6.069 6.079 6.089 6.098 6.107 6.116 6.124 6.133 6.140 6.148 6.156 6.162 6.168 6.173 6.178 6.184 6.189 6.195 6.200 6.206 6.212 6.218 6.224 6.230 6.237 6.243 6.250 6.257 6.264 6.272 6.279 6.287
5.435 5.455 5.473 5.492 5.509 5.527 5.544 5.560 5.577 5.593 5.608 5.623 5.638 5.653 5.668 5.683 5.698 5.713 5.727 5.742 5.757 5.771 5.786 5.800 5.815 5.829 5.843 5.857 5.872 5.885 5.899 5.913 5.927 5.940 5.952 5.964 5.977 5.989 6.001 6.013 6.025 6.037 6.049 6.060 6.071 6.082 6.092 6.102 6.112 6.121 6.131 6.139 6.148 6.156 6.164 6.172 6.179 6.185 6.190 6.196 6.201 6.207 6.212 6.218 6.224 6.229 6.235 6.241 6.246 6.252 6.258 6.265 6.271 6.277 6.284 6.291 6.299
5.445 5.465 5.485 5.503 5.521 5.539 5.556 5.572 5.589 5.605 5.620 5.635 5.650 5.664 5.679 5.694 5.709 5.724 5.738 5.753 5.767 5.782 5.796 5.811 5.825 5.839 5.853 5.867 5.881 5.895 5.909 5.923 5.937 5.950 5.962 5.974 5.987 5.999 6.011 6.024 6.036 6.048 6.059 6.071 6.082 6.093 6.104 6.115 6.125 6.135 6.144 6.154 6.163 6.171 6.180 6.188 6.195 6.202 6.207 6.213 6.219 6.225 6.230 6.236 6.241 6.247 6.252 6.258 6.263 6.269 6.274 6.280 6.286 6.292 6.298 6.305 6.312
5.455 5.475 5.495 5.514 5.533 5.550 5.568 5.585 5.601 5.617 5.633 5.647 5.662 5.676 5.691 5.706 5.720 5.735 5.749 5.764 5.778 5.793 5.807 5.821 5.835 5.849 5.863 5.877 5.891 5.905 5.919 5.933 5.947 5.960 5.972 5.984 5.997 6.009 6.021 6.034 6.046 6.058 6.070 6.082 6.093 6.105 6.116 6.126 6.137 6.147 6.157 6.167 6.176 6.186 6.195 6.203 6.211 6.217 6.224 6.230 6.236 6.242 6.248 6.254 6.259 6.265 6.270 6.276 6.281 6.286 6.292 6.297 6.303 6.308 6.314 6.320 6.326
5.463 5.484 5.505 5.525 5.544 5.562 5.579 5.597 5.613 5.630 5.645 5.659 5.674 5.688 5.703 5.718 5.732 5.747 5.761 5.775 5.789 5.803 5.818 5.832 5.846 5.860 5.874 5.887 5.901 5.915 5.929 5.943 5.956 5.969 5.982 5.994 6.006 6.019 6.031 6.044 6.056 6.068 6.080 6.092 6.104 6.115 6.127 6.138 6.149 6.159 6.170 6.180 6.189 6.199 6.208 6.217 6.226 6.233 6.239 6.246 6.253 6.259 6.265 6.271 6.277 6.283 6.288 6.294 6.299 6.304 6.310 6.315 6.320 6.325 6.331 6.336 6.342
5.470 5.492 5.514 5.534 5.554 5.573 5.591 5.608 5.625 5.642 5.657 5.671 5.686 5.701 5.715 5.730 5.744 5.758 5.773 5.787 5.801 5.815 5.829 5.842 5.856 5.870 5.884 5.898 5.911 5.925 5.939 5.953 5.966 5.979 5.991 6.004 6.016 6.029 6.041 6.054 6.066 6.078 6.091 6.103 6.114 6.126 6.138 6.149 6.160 6.171 6.181 6.192 6.202 6.212 6.221 6.231 6.239 6.247 6.254 6.261 6.268 6.275 6.281 6.288 6.294 6.300 6.306 6.311 6.317 6.322 6.328 6.333 6.338 6.343 6.348 6.354 6.359
5.475 5.499 5.521 5.542 5.563 5.582 5.601 5.619 5.637 5.653 5.669 5.683 5.698 5.713 5.727 5.742 5.756 5.770 5.784 5.798 5.812 5.826 5.840 5.854 5.867 5.881 5.895 5.908 5.922 5.935 5.949 5.963 5.976 5.989 6.001 6.014 6.026 6.039 6.051 6.064 6.076 6.088 6.101 6.113 6.125 6.136 6.148 6.160 6.171 6.182 6.193 6.203 6.214 6.224 6.234 6.244 6.253 6.260 6.268 6.276 6.283 6.290 6.297 6.304 6.310 6.317 6.323 6.329 6.335 6.340 6.346 6.351 6.356 6.361 6.366 6.372 6.377
5.479 5.503 5.527 5.549 5.571 5.591 5.611 5.629 5.647 5.664 5.680 5.695 5.710 5.725 5.740 5.754 5.768 5.782 5.796 5.810 5.824 5.838 5.851 5.865 5.878 5.892 5.905 5.919 5.932 5.946 5.959 5.973 5.986 5.999 6.011 6.023 6.036 6.048 6.061 6.073 6.086 6.098 6.111 6.123 6.135 6.147 6.158 6.170 6.181 6.193 6.204 6.214 6.225 6.236 6.246 6.256 6.265 6.273 6.281 6.289 6.297 6.305 6.312 6.319 6.326 6.333 6.339 6.346 6.352 6.358 6.363 6.369 6.374 6.379 6.385 6.390 6.395
5.480 5.506 5.530 5.554 5.576 5.598 5.618 5.638 5.657 5.675 5.691 5.706 5.721 5.737 5.751 5.766 5.780 5.794 5.808 5.822 5.836 5.849 5.863 5.876 5.890 5.903 5.916 5.930 5.943 5.956 5.970 5.983 5.996 6.009 6.021 6.033 6.046 6.058 6.071 6.083 6.096 6.108 6.120 6.133 6.145 6.157 6.169 6.180 6.192 6.203 6.214 6.225 6.236 6.247 6.257 6.268 6.277 6.286 6.294 6.302 6.310 6.318 6.326 6.334 6.341 6.348 6.355 6.362 6.368 6.374 6.380 6.386 6.392 6.397 6.403 6.408 6.413
5.480 5.506 5.532 5.556 5.580 5.603 5.624 5.645 5.665 5.683 5.701 5.716 5.732 5.748 5.763 5.778 5.792 5.806 5.820 5.834 5.848 5.861 5.874 5.888 5.901 5.914 5.927 5.940 5.954 5.967 5.980 5.993 6.007 6.019 6.031 6.043 6.055 6.068 6.080 6.093 6.105 6.118 6.130 6.142 6.154 6.167 6.178 6.190 6.202 6.213 6.225 6.236 6.247 6.258 6.269 6.279 6.289 6.298 6.306 6.315 6.323 6.332 6.340 6.348 6.355 6.363 6.370 6.377 6.384 6.390 6.397 6.403 6.409 6.415 6.420 6.426 6.431
5.477 5.504 5.531 5.557 5.582 5.605 5.628 5.650 5.671 5.691 5.709 5.725 5.742 5.758 5.773 5.789 5.803 5.818 5.832 5.846 5.859 5.873 5.886 5.899 5.912 5.925 5.938 5.951 5.964 5.977 5.990 6.004 6.017 6.029 6.041 6.053 6.065 6.077 6.090 6.102 6.115 6.127 6.140 6.152 6.164 6.176 6.188 6.200 6.212 6.223 6.235 6.246 6.257 6.268 6.279 6.290 6.300 6.309 6.318 6.327 6.336 6.344 6.353 6.361 6.369 6.377 6.384 6.392 6.399 6.406 6.412 6.419 6.425 6.431 6.437 6.443 6.449
5.474 5.501 5.528 5.555 5.581 5.606 5.630 5.653 5.675 5.696 5.715 5.732 5.750 5.767 5.783 5.799 5.814 5.828 5.843 5.857 5.870 5.884 5.897 5.910 5.923 5.936 5.949 5.962 5.975 5.988 6.001 6.014 6.027 6.039 6.051 6.063 6.075 6.087 6.099 6.112 6.124 6.137 6.149 6.161 6.173 6.186 6.198 6.210 6.221 6.233 6.245 6.256 6.267 6.279 6.290 6.301 6.311 6.320 6.329 6.338 6.347 6.356 6.365 6.374 6.382 6.390 6.398 6.406 6.413 6.420 6.427 6.434 6.441 6.447 6.454 6.460 6.466
5.470 5.497 5.524 5.551 5.578 5.604 5.629 5.653 5.677 5.699 5.719 5.738 5.756 5.774 5.791 5.807 5.823 5.838 5.853 5.867 5.881 5.895 5.908 5.921 5.934 5.947 5.960 5.973 5.986 5.999 6.011 6.024 6.037 6.049 6.060 6.072 6.084 6.096 6.109 6.121 6.134 6.146 6.158 6.170 6.183 6.195 6.207 6.219 6.231 6.242 6.254 6.266 6.277 6.289 6.300 6.311 6.321 6.331 6.340 6.349 6.359 6.368 6.377 6.386 6.394 6.403 6.411 6.419 6.427 6.434 6.442 6.449 6.456 6.463 6.469 6.476 6.482
5.465 5.492 5.519 5.546 5.573 5.600 5.626 5.651 5.676 5.699 5.720 5.741 5.760 5.779 5.797 5.815 5.831 5.847 5.862 5.877 5.891 5.905 5.919 5.932 5.945 5.958 5.971 5.984 5.996 6.009 6.022 6.035 6.047 6.059 6.070 6.082 6.094 6.106 6.118 6.130 6.143 6.155 6.167 6.179 6.192 6.204 6.216 6.228 6.240 6.252 6.263 6.275 6.287 6.298 6.310 6.321 6.331 6.341 6.350 6.360 6.369 6.379 6.388 6.397 6.406 6.415 6.423 6.432 6.440 6.448 6.455 6.463 6.470 6.477 6.484 6.491 6.498
5.461 5.487 5.513 5.540 5.567 5.594 5.621 5.647 5.673 5.697 5.719 5.741 5.762 5.782 5.802 5.820 5.837 5.854 5.870 5.885 5.900 5.915 5.929 5.942 5.955 5.968 5.981 5.994 6.007 6.019 6.032 6.045 6.057 6.068 6.080 6.091 6.103 6.115 6.127 6.139 6.152 6.164 6.176 6.188 6.200 6.212 6.225 6.237 6.248 6.260 6.272 6.284 6.296 6.307 6.319 6.330 6.341 6.351 6.360 6.370 6.380 6.389 6.399 6.408 6.417 6.426 6.435 6.444 6.452 6.460 6.468 6.476 6.483 6.491 6.498 6.505 6.513
5.459 5.483 5.508 5.534 5.560 5.587 5.614 5.640 5.667 5.692 5.715 5.739 5.761 5.783 5.803 5.823 5.842 5.859 5.876 5.893 5.908 5.923 5.937 5.951 5.965 5.978 5.991 6.004 6.017 6.029 6.042 6.055 6.067 6.078 6.089 6.101 6.112 6.124 6.136 6.148 6.160 6.173 6.185 6.197 6.209 6.221 6.233 6.245 6.257 6.269 6.281 6.293 6.304 6.316 6.328 6.340 6.350 6.360 6.370 6.380 6.389 6.399 6.409 6.419 6.428 6.437 6.446 6.455 6.464 6.472 6.480 6.488 6.496 6.504 6.512 6.519 6.527
5.457 5.480 5.504 5.528 5.554 5.579 5.606 5.632 5.659 5.685 5.709 5.734 5.757 5.780 5.802 5.824 5.844 5.863 5.881 5.898 5.914 5.930 5.945 5.959 5.973 5.987 6.000 6.013 6.026 6.039 6.052 6.065 6.076 6.087 6.099 6.110 6.122 6.133 6.145 6.157 6.169 6.181 6.193 6.205 6.217 6.229 6.241 6.253 6.265 6.277 6.289 6.301 6.313 6.325 6.337 6.348 6.358 6.368 6.378 6.389 6.399 6.409 6.419 6.428 6.438 6.447 6.457 6.466 6.475 6.483 6.492 6.500 6.508 6.516 6.524 6.532 6.540
5.458 5.479 5.501 5.524 5.548 5.573 5.598 5.624 5.650 5.676 5.701 5.726 5.751 5.775 5.799 5.821 5.843 5.863 5.883 5.901 5.918 5.935 5.951 5.966 5.981 5.995 6.009 6.022 6.035 6.048 6.061 6.074 6.085 6.096 6.108 6.119 6.130 6.142 6.154 6.166 6.177 6.189 6.201 6.213 6.225 6.237 6.249 6.261 6.273 6.285 6.297 6.309 6.321 6.333 6.345 6.356 6.366 6.377 6.387 6.397 6.407 6.418 6.428 6.438 6.447 6.457 6.467 6.476 6.485 6.494 6.503 6.511 6.520 6.528 6.536 6.544 6.553
5.460 5.480 5.500 5.521 5.544 5.567 5.591 5.616 5.641 5.667 5.692 5.717 5.742 5.767 5.792 5.816 5.839 5.861 5.882 5.902 5.920 5.938 5.955 5.971 5.987 6.002 6.016 6.030 6.043 6.056 6.069 6.082 6.094 6.105 6.116 6.128 6.139 6.151 6.162 6.174 6.186 6.197 6.209 6.221 6.233 6.245 6.257 6.269 6.280 6.292 6.304 6.316 6.328 6.340 6.352 6.364 6.374 6.384 6.395 6.405 6.415 6.426 6.436 6.446 6.456 6.466 6.476 6.485 6.495 6.504 6.513 6.522 6.531 6.539 6.548 6.556 6.564
5.464 5.482 5.501 5.521 5.541 5.563 5.585 5.609 5.633 5.657 5.682 5.707 5.732 5.758 5.783 5.808 5.832 5.856 5.878 5.899 5.919 5.939 5.957 5.974 5.991 6.006 6.022 6.036 6.050 6.064 6.077 6.090 6.102 6.113 6.125 6.136 6.147 6.159 6.170 6.182 6.194 6.205 6.217 6.229 6.240 6.252 6.264 6.276 6.288 6.300 6.311 6.323 6.335 6.347 6.359 6.371 6.381 6.392 6.402 6.413 6.423 6.434 6.444 6.454 6.464 6.475 6.484 6.494 6.504 6.513 6.522 6.532 6.541 6.549 6.558 6.567 6.575
5.469 5.486 5.504 5.522 5.541 5.561 5.582 5.604 5.626 5.649 5.672 5.696 5.721 5.747 5.772 5.798 5.823 5.847 5.871 5.894 5.916 5.936 5.956 5.975 5.993 6.009 6.025 6.041 6.055 6.070 6.083 6.097 6.109 6.121 6.132 6.144 6.155 6.167 6.178 6.190 6.201 6.213 6.225 6.236 6.248 6.259 6.271 6.283 6.295 6.306 6.318 6.330 6.342 6.354 6.366 6.377 6.388 6.398 6.409 6.420 6.430 6.441 6.451 6.462 6.472 6.482 6.492 6.502 6.512 6.522 6.531 6.541 6.550 6.559 6.568 6.577 6.586
5.476 5.492 5.509 5.526 5.543 5.561 5.581 5.601 5.622 5.643 5.664 5.687 5.711 5.735 5.760 5.786 5.811 5.837 5.861 5.885 5.909 5.931 5.952 5.973 5.992 6.010 6.027 6.044 6.059 6.074 6.089 6.103 6.116 6.128 6.139 6.151 6.163 6.174 6.186 6.197 6.209 6.220 6.232 6.243 6.255 6.267 6.278 6.290 6.301 6.313 6.325 6.337 6.348 6.360 6.372 6.384 6.394 6.405 6.415 6.426 6.437 6.447 6.458 6.469 6.479 6.489 6.500 6.510 6.520 6.530 6.539 6.549 6.558 6.568 6.577 6.586 6.595
5.484 5.499 5.515 5.531 5.547 5.564 5.581 5.600 5.619 5.638 5.658 5.679 5.701 5.725 5.749 5.774 5.799 5.824 5.849 5.874 5.899 5.922 5.945 5.967 5.988 6.008 6.026 6.044 6.061 6.077 6.092 6.107 6.121 6.133 6.145 6.157 6.169 6.181 6.193 6.204 6.216 6.227 6.239 6.250 6.262 6.273 6.285 6.296 6.308 6.320 6.331 6.343 6.355 6.366 6.378 6.390 6.400 6.411 6.421 6.432 6.443 6.454 6.464 6.475 6.486 6.496 6.507 6.517 6.527 6.537 6.547 6.557 6.566 6.576 6.585 6.595 6.604
5.493 5.508 5.522 5.537 5.553 5.568 5.584 5.601 5.619 5.637 5.655 5.674 5.694 5.716 5.738 5.762 5.786 5.811 5.836 5.861 5.886 5.911 5.935 5.958 5.981 6.002 6.022 6.042 6.060 6.077 6.094 6.110 6.124 6.137 6.150 6.163 6.175 6.187 6.199 6.211 6.223 6.234 6.246 6.257 6.269 6.280 6.291 6.303 6.314 6.326 6.337 6.349 6.361 6.372 6.384 6.396 6.406 6.417 6.427 6.438 6.449 6.459 6.470 6.481 6.492 6.502 6.513 6.523 6.533 6.544 6.554 6.564 6.573 6.583 6.593 6.602 6.612
5.503 5.517 5.531 5.545 5.560 5.574 5.589 5.605 5.621 5.637 5.653 5.671 5.690 5.709 5.730 5.752 5.775 5.798 5.822 5.847 5.872 5.897 5.922 5.946 5.970 5.993 6.015 6.036 6.056 6.075 6.093 6.110 6.126 6.140 6.153 6.167 6.180 6.192 6.205 6.217 6.229 6.240 6.252 6.263 6.275 6.286 6.298 6.309 6.320 6.332 6.343 6.355 6.366 6.378 6.390 6.401 6.411 6.422 6.433 6.443 6.454 6.465 6.476 6.487 6.497 6.508 6.519 6.529 6.540 6.550 6.560 6.570 6.580 6.590 6.600 6.609 6.619
5.513 5.527 5.540 5.554 5.568 5.582 5.596 5.610 5.625 5.640 5.655 5.671 5.688 5.706 5.724 5.744 5.765 5.787 5.810 5.833 5.858 5.882 5.907 5.932 5.957 5.981 6.004 6.027 6.048 6.069 6.089 6.108 6.125 6.140 6.155 6.169 6.183 6.196 6.209 6.222 6.234 6.246 6.258 6.269 6.281 6.292 6.303 6.315 6.326 6.337 6.349 6.360 6.372 6.383 6.395 6.406 6.417 6.427 6.438 6.448 6.459 6.470 6.481 6.492 6.503 6.513 6.524 6.535 6.545 6.556 6.566 6.576 6.586 6.596 6.606 6.616 6.626
5.523 5.537 5.550 5.563 5.577 5.590 5.604 5.617 5.631 5.645 5.658 5.673 5.688 5.704 5.722 5.740 5.759 5.779 5.799 5.821 5.844 5.868 5.892 5.916 5.941 5.966 5.990 6.014 6.037 6.060 6.081 6.102 6.120 6.137 6.153 6.169 6.184 6.198 6.212 6.225 6.238 6.250 6.262 6.274 6.286 6.298 6.309 6.320 6.332 6.343 6.354 6.366 6.377 6.389 6.400 6.411 6.422 6.432 6.443 6.453 6.464 6.475 6.486 6.497 6.508 6.518 6.529 6.540 6.550 6.561 6.571 6.582 6.592 6.602 6.612 6.622 6.632
5.534 5.547 5.560 5.573 5.586 5.599 5.612 5.625 5.639 5.651 5.664 5.677 5.691 5.706 5.721 5.738 5.755 5.773 5.792 5.812 5.833 5.855 5.878 5.901 5.925 5.950 5.974 5.999 6.023 6.047 6.070 6.092 6.112 6.131 6.149 6.166 6.182 6.198 6.213 6.227 6.241 6.254 6.266 6.279 6.291 6.302 6.314 6.325 6.337 6.348 6.359 6.371 6.382 6.394 6.405 6.416 6.427 6.437 6.447 6.458 6.469 6.480 6.490 6.501 6.512 6.523 6.534 6.545 6.555 6.566 6.576 6.587 6.597 6.607 6.618 6.628 6.638
5.544 5.558 5.571 5.583 5.596 5.609 5.622 5.634 5.647 5.659 5.671 5.683 5.696 5.710 5.724 5.738 5.754 5.770 5.787 5.805 5.824 5.844 5.865 5.887 5.910 5.933 5.958 5.982 6.007 6.031 6.055 6.079 6.101 6.121 6.141 6.160 6.178 6.195 6.211 6.227 6.241 6.255 6.269 6.282 6.294 6.306 6.318 6.330 6.341 6.353 6.364 6.376 6.387 6.399 6.410 6.421 6.431 6.442 6.452 6.463 6.473 6.484 6.495 6.506 6.517 6.528 6.538 6.549 6.560 6.570 6.581 6.592 6.602 6.612 6.623 6.633 6.643
5.555 5.568 5.581 5.594 5.606 5.619 5.632 5.644 5.656 5.667 5.679 5.690 5.703 5.715 5.728 5.742 5.756 5.770 5.786 5.802 5.819 5.837 5.856 5.876 5.897 5.919 5.941 5.965 5.989 6.014 6.038 6.063 6.086 6.108 6.129 6.150 6.169 6.188 6.206 6.223 6.239 6.254 6.269 6.283 6.296 6.309 6.321 6.333 6.345 6.357 6.369 6.380 6.392 6.403 6.415 6.426 6.436 6.446 6.456 6.467 6.478 6.488 6.499 6.510 6.521 6.532 6.543 6.553 6.564 6.575 6.585 6.596 6.607 6.617 6.627 6.638 6.648
5.565 5.578 5.591 5.604 5.617 5.629 5.642 5.654 5.666 5.676 5.687 5.699 5.710 5.722 5.734 5.747 5.760 5.773 5.787 5.801 5.817 5.833 5.850 5.868 5.887 5.906 5.927 5.949 5.972 5.996 6.020 6.044 6.068 6.091 6.113 6.135 6.157 6.178 6.198 6.216 6.234 6.251 6.267 6.282 6.296 6.310 6.323 6.336 6.348 6.360 6.372 6.384 6.396 6.407 6.419 6.430 6.440 6.450 6.460 6.471 6.482 6.492 6.503 6.514 6.525 6.536 6.547 6.558 6.568 6.579 6.590 6.600 6.611 6.621 6.632 6.642 6.653
5.575 5.588 5.601 5.614 5.627 5.639 5.652 5.664 5.676 5.686 5.697 5.708 5.719 5.730 5.742 5.754 5.766 5.778 5.791 5.804 5.817 5.832 5.847 5.863 5.880 5.898 5.917 5.937 5.958 5.980 6.003 6.026 6.049 6.072 6.095 6.118 6.141 6.163 6.185 6.205 6.225 6.244 6.261 6.278 6.294 6.309 6.323 6.336 6.350 6.362 6.375 6.387 6.399 6.411 6.423 6.433 6.444 6.454 6.464 6.475 6.486 6.496 6.507 6.518 6.529 6.540 6.551 6.561 6.572 6.583 6.594 6.604 6.615 6.625 6.636 6.646 6.657
5.584 5.598 5.611 5.624 5.637 5.649 5.662 5.674 5.685 5.696 5.707 5.717 5.728 5.739 5.751 5.762 5.773 5.785 5.796 5.808 5.821 5.834 5.847 5.862 5.877 5.892 5.909 5.927 5.946 5.966 5.987 6.009 6.031 6.053 6.075 6.099 6.122 6.145 6.168 6.190 6.212 6.232 6.252 6.270 6.288 6.304 6.320 6.335 6.349 6.363 6.376 6.388 6.401 6.413 6.426 6.437 6.447 6.457 6.468 6.479 6.489 6.500 6.511 6.522 6.533 6.543 6.554 6.565 6.576 6.587 6.597 6.608 6.619 6.629 6.640 6.651 6.661
