TsunamiDB/out54027.asc
ncols          264
nrows          230
xllcorner      497853.4375
yllcorner      4229146.0000
cellsize         5.
NODATA_value   -99
[rows 192 to 223 of 230, columns 142 to 212 of 264]
5.836 5.865 5.891 5.916 5.938 5.960 5.981 6.001 6.022 6.044 6.069 6.098 6.132 6.173 6.224 6.282 6.347 6.416 6.491 6.569 6.647 6.726 6.806 6.887 6.968 7.053 7.137 7.221 7.303 7.377 7.443 7.508 7.573 7.640 7.689 7.690 7.706 7.771 7.824 7.857 7.878 7.894 7.905 7.919 7.924 7.883 7.861 7.898 7.934 7.965 7.991 8.013 8.030 8.039 8.037 8.004 7.972 7.957 7.933 7.898 7.849 7.788 7.718 7.641 7.559 7.457 7.360 7.288 7.223 7.167 7.119
5.834 5.865 5.894 5.922 5.948 5.973 5.997 6.020 6.042 6.065 6.088 6.113 6.143 6.180 6.225 6.280 6.342 6.410 6.487 6.567 6.648 6.732 6.814 6.896 6.976 7.061 7.145 7.232 7.317 7.393 7.461 7.529 7.601 7.675 7.732 7.734 7.746 7.804 7.845 7.868 7.880 7.889 7.899 7.914 7.923 7.885 7.866 7.905 7.941 7.972 7.997 8.019 8.034 8.041 8.036 8.002 7.967 7.949 7.922 7.883 7.829 7.763 7.689 7.609 7.522 7.418 7.321 7.250 7.190 7.139 7.095
5.831 5.865 5.897 5.928 5.958 5.987 6.015 6.041 6.066 6.089 6.112 6.137 6.164 6.197 6.238 6.290 6.349 6.415 6.491 6.571 6.655 6.741 6.825 6.907 6.987 7.069 7.155 7.244 7.334 7.414 7.487 7.560 7.636 7.715 7.781 7.785 7.792 7.839 7.870 7.883 7.887 7.890 7.897 7.911 7.924 7.890 7.873 7.913 7.949 7.979 8.003 8.023 8.037 8.041 8.033 7.996 7.959 7.938 7.907 7.863 7.805 7.736 7.657 7.573 7.484 7.379 7.282 7.214 7.159 7.113 7.076
5.830 5.866 5.901 5.936 5.970 6.002 6.034 6.063 6.090 6.116 6.141 6.165 6.191 6.221 6.259 6.309 6.365 6.429 6.503 6.583 6.669 6.757 6.842 6.923 7.002 7.083 7.168 7.262 7.357 7.442 7.520 7.599 7.678 7.765 7.844 7.847 7.845 7.881 7.901 7.903 7.898 7.896 7.899 7.914 7.934 7.902 7.885 7.925 7.960 7.987 8.009 8.028 8.040 8.041 8.029 7.989 7.949 7.924 7.889 7.841 7.778 7.705 7.623 7.535 7.445 7.339 7.244 7.181 7.131 7.092 7.061
5.828 5.867 5.905 5.944 5.982 6.018 6.053 6.085 6.116 6.144 6.171 6.196 6.222 6.251 6.288 6.338 6.391 6.452 6.525 6.604 6.691 6.779 6.864 6.945 7.023 7.103 7.188 7.289 7.388 7.479 7.567 7.650 7.734 7.842 7.922 7.913 7.902 7.926 7.933 7.925 7.915 7.907 7.906 7.929 7.953 7.917 7.900 7.939 7.971 7.995 8.015 8.031 8.040 8.036 8.018 7.977 7.935 7.906 7.867 7.815 7.748 7.670 7.585 7.495 7.404 7.299 7.208 7.150 7.107 7.074 7.051
5.827 5.869 5.910 5.952 5.994 6.034 6.072 6.108 6.142 6.173 6.202 6.229 6.256 6.287 6.326 6.375 6.427 6.486 6.557 6.635 6.720 6.805 6.892 6.976 7.058 7.136 7.221 7.328 7.435 7.534 7.629 7.723 7.824 7.928 7.990 7.975 7.958 7.970 7.967 7.952 7.935 7.925 7.930 7.953 7.970 7.934 7.917 7.951 7.980 8.002 8.018 8.031 8.035 8.025 8.006 7.963 7.918 7.885 7.842 7.785 7.714 7.632 7.544 7.453 7.362 7.261 7.174 7.122 7.086 7.062 7.045
5.828 5.871 5.916 5.961 6.006 6.049 6.091 6.130 6.168 6.202 6.234 6.265 6.295 6.329 6.370 6.419 6.470 6.527 6.596 6.673 6.754 6.840 6.930 7.020 7.105 7.180 7.267 7.382 7.497 7.605 7.708 7.814 7.916 8.005 8.053 8.034 8.011 8.013 8.002 7.981 7.961 7.953 7.959 7.976 7.987 7.950 7.932 7.962 7.987 8.006 8.018 8.026 8.024 8.013 7.992 7.946 7.897 7.861 7.814 7.752 7.677 7.591 7.500 7.409 7.322 7.224 7.142 7.099 7.071 7.054 7.045
5.830 5.875 5.922 5.971 6.019 6.066 6.111 6.154 6.195 6.233 6.269 6.303 6.337 6.373 6.416 6.467 6.518 6.575 6.643 6.717 6.797 6.885 6.981 7.078 7.165 7.239 7.328 7.452 7.572 7.686 7.798 7.904 8.000 8.075 8.112 8.089 8.061 8.055 8.038 8.014 7.994 7.985 7.987 7.999 8.003 7.965 7.945 7.971 7.991 8.006 8.014 8.017 8.011 7.998 7.975 7.926 7.874 7.833 7.781 7.715 7.636 7.547 7.455 7.366 7.282 7.190 7.115 7.080 7.061 7.051 7.050
5.835 5.881 5.930 5.981 6.033 6.083 6.132 6.179 6.223 6.265 6.305 6.343 6.380 6.420 6.465 6.519 6.572 6.629 6.696 6.770 6.851 6.943 7.044 7.146 7.239 7.311 7.402 7.531 7.655 7.775 7.887 7.989 8.076 8.139 8.168 8.142 8.110 8.097 8.075 8.050 8.028 8.016 8.015 8.019 8.019 7.980 7.957 7.977 7.993 8.003 8.007 8.005 7.996 7.980 7.954 7.903 7.847 7.802 7.746 7.675 7.592 7.501 7.410 7.324 7.246 7.161 7.094 7.067 7.055 7.053 7.058
5.843 5.891 5.941 5.994 6.049 6.102 6.155 6.205 6.253 6.299 6.343 6.384 6.425 6.467 6.516 6.572 6.629 6.687 6.756 6.832 6.915 7.010 7.117 7.226 7.325 7.394 7.484 7.617 7.745 7.864 7.971 8.068 8.146 8.200 8.221 8.192 8.156 8.138 8.114 8.086 8.061 8.046 8.039 8.038 8.033 7.992 7.966 7.980 7.992 7.997 7.997 7.992 7.980 7.960 7.932 7.877 7.817 7.768 7.707 7.632 7.545 7.454 7.365 7.284 7.214 7.136 7.077 7.059 7.054 7.059 7.069
5.856 5.903 5.955 6.010 6.066 6.123 6.179 6.233 6.285 6.334 6.382 6.427 6.471 6.515 6.567 6.628 6.687 6.749 6.821 6.901 6.987 7.087 7.200 7.317 7.419 7.485 7.573 7.709 7.835 7.949 8.052 8.141 8.212 8.257 8.271 8.239 8.200 8.179 8.151 8.121 8.093 8.073 8.062 8.055 8.045 8.002 7.974 7.982 7.987 7.989 7.985 7.975 7.960 7.938 7.906 7.847 7.784 7.729 7.663 7.585 7.498 7.407 7.322 7.248 7.187 7.116 7.066 7.056 7.057 7.067 7.081
5.874 5.921 5.972 6.027 6.086 6.145 6.205 6.262 6.318 6.371 6.422 6.470 6.517 6.565 6.620 6.685 6.749 6.815 6.892 6.976 7.067 7.172 7.292 7.414 7.519 7.581 7.667 7.800 7.919 8.028 8.123 8.204 8.268 8.305 8.314 8.279 8.238 8.214 8.183 8.151 8.120 8.095 8.079 8.068 8.053 8.009 7.976 7.979 7.979 7.977 7.968 7.956 7.938 7.912 7.875 7.813 7.745 7.685 7.616 7.536 7.448 7.360 7.281 7.216 7.163 7.101 7.058 7.055 7.062 7.075 7.092
5.899 5.943 5.993 6.049 6.108 6.170 6.232 6.293 6.352 6.409 6.463 6.515 6.565 6.616 6.674 6.744 6.813 6.884 6.966 7.055 7.151 7.261 7.383 7.507 7.616 7.676 7.757 7.882 7.996 8.098 8.186 8.262 8.319 8.351 8.355 8.318 8.275 8.248 8.215 8.181 8.145 8.116 8.096 8.079 8.060 8.013 7.977 7.974 7.970 7.963 7.950 7.934 7.914 7.884 7.843 7.775 7.702 7.639 7.567 7.486 7.401 7.318 7.245 7.188 7.145 7.091 7.055 7.057 7.068 7.084 7.102
5.930 5.971 6.019 6.073 6.133 6.196 6.261 6.325 6.388 6.448 6.505 6.560 6.613 6.667 6.729 6.803 6.877 6.953 7.040 7.134 7.236 7.350 7.476 7.606 7.722 7.777 7.848 7.968 8.076 8.171 8.253 8.322 8.374 8.401 8.399 8.358 8.313 8.283 8.248 8.210 8.171 8.138 8.112 8.090 8.066 8.016 7.976 7.969 7.960 7.948 7.931 7.912 7.888 7.854 7.807 7.734 7.657 7.590 7.517 7.438 7.356 7.280 7.215 7.166 7.134 7.088 7.057 7.064 7.078 7.095 7.114
5.967 6.004 6.049 6.101 6.160 6.225 6.291 6.358 6.424 6.487 6.548 6.606 6.661 6.717 6.783 6.864 6.942 7.023 7.116 7.216 7.325 7.444 7.574 7.718 7.834 7.876 7.939 8.053 8.153 8.242 8.318 8.380 8.427 8.445 8.437 8.395 8.348 8.316 8.278 8.237 8.194 8.156 8.125 8.097 8.068 8.015 7.973 7.960 7.946 7.930 7.910 7.887 7.859 7.819 7.766 7.689 7.609 7.541 7.467 7.391 7.316 7.247 7.190 7.154 7.130 7.089 7.063 7.073 7.088 7.107 7.126
6.011 6.044 6.085 6.135 6.192 6.256 6.323 6.392 6.461 6.527 6.590 6.649 6.708 6.770 6.843 6.928 7.011 7.098 7.198 7.305 7.420 7.548 7.689 7.829 7.932 7.969 8.026 8.133 8.227 8.310 8.379 8.435 8.473 8.484 8.475 8.431 8.381 8.347 8.306 8.261 8.214 8.170 8.133 8.100 8.067 8.011 7.966 7.948 7.929 7.909 7.885 7.857 7.824 7.779 7.722 7.643 7.560 7.490 7.419 7.349 7.281 7.221 7.176 7.149 7.130 7.093 7.071 7.083 7.099 7.118 7.136
6.061 6.090 6.127 6.173 6.227 6.289 6.356 6.426 6.497 6.565 6.631 6.694 6.758 6.828 6.907 6.996 7.085 7.179 7.286 7.399 7.520 7.655 7.796 7.925 8.020 8.054 8.106 8.208 8.298 8.375 8.437 8.485 8.515 8.523 8.512 8.465 8.411 8.375 8.331 8.282 8.229 8.180 8.137 8.098 8.061 8.003 7.954 7.932 7.910 7.885 7.856 7.823 7.784 7.735 7.676 7.594 7.509 7.441 7.375 7.312 7.252 7.204 7.169 7.147 7.132 7.100 7.080 7.092 7.109 7.127 7.145
6.117 6.142 6.175 6.216 6.267 6.326 6.391 6.461 6.533 6.605 6.673 6.742 6.814 6.891 6.975 7.068 7.163 7.266 7.377 7.494 7.620 7.755 7.889 8.010 8.101 8.133 8.182 8.281 8.366 8.437 8.493 8.533 8.557 8.562 8.547 8.496 8.440 8.400 8.352 8.298 8.240 8.184 8.136 8.093 8.052 7.991 7.939 7.913 7.886 7.857 7.823 7.785 7.741 7.690 7.628 7.545 7.461 7.397 7.337 7.281 7.231 7.193 7.166 7.149 7.136 7.107 7.090 7.102 7.118 7.135 7.151
6.175 6.198 6.228 6.264 6.311 6.366 6.429 6.498 6.571 6.646 6.720 6.797 6.876 6.959 7.049 7.146 7.246 7.354 7.470 7.591 7.715 7.842 7.969 8.084 8.176 8.209 8.255 8.349 8.431 8.497 8.546 8.580 8.599 8.599 8.580 8.526 8.466 8.422 8.369 8.310 8.245 8.184 8.130 8.082 8.037 7.974 7.919 7.889 7.858 7.824 7.785 7.743 7.696 7.642 7.580 7.497 7.415 7.357 7.304 7.257 7.217 7.187 7.166 7.153 7.142 7.116 7.100 7.111 7.126 7.142 7.154
6.235 6.258 6.284 6.317 6.360 6.412 6.471 6.538 6.613 6.692 6.773 6.855 6.942 7.032 7.126 7.225 7.328 7.442 7.561 7.682 7.798 7.918 8.038 8.152 8.246 8.280 8.324 8.416 8.494 8.555 8.598 8.627 8.640 8.635 8.612 8.553 8.489 8.439 8.381 8.315 8.245 8.179 8.119 8.067 8.018 7.953 7.895 7.860 7.825 7.787 7.744 7.698 7.648 7.593 7.533 7.452 7.374 7.322 7.277 7.238 7.207 7.184 7.168 7.158 7.150 7.125 7.109 7.120 7.133 7.146 7.157
6.295 6.318 6.343 6.374 6.413 6.462 6.519 6.583 6.659 6.743 6.829 6.918 7.012 7.108 7.204 7.303 7.408 7.526 7.647 7.761 7.872 7.985 8.099 8.215 8.313 8.348 8.392 8.484 8.558 8.612 8.649 8.672 8.679 8.669 8.640 8.576 8.507 8.451 8.385 8.314 8.239 8.166 8.102 8.047 7.994 7.926 7.865 7.826 7.787 7.746 7.699 7.650 7.599 7.546 7.488 7.410 7.337 7.292 7.255 7.225 7.200 7.183 7.172 7.165 7.157 7.133 7.118 7.127 7.138 7.149 7.158
6.353 6.377 6.403 6.433 6.470 6.518 6.573 6.636 6.713 6.799 6.890 6.987 7.086 7.184 7.281 7.377 7.483 7.602 7.721 7.833 7.938 8.044 8.158 8.275 8.379 8.416 8.460 8.549 8.616 8.664 8.695 8.712 8.714 8.698 8.662 8.594 8.519 8.456 8.384 8.306 8.225 8.147 8.079 8.019 7.963 7.892 7.828 7.786 7.744 7.699 7.651 7.600 7.550 7.499 7.445 7.371 7.304 7.267 7.237 7.213 7.195 7.183 7.175 7.170 7.163 7.140 7.125 7.132 7.141 7.150 7.157
6.409 6.436 6.464 6.494 6.532 6.580 6.633 6.695 6.772 6.859 6.953 7.054 7.156 7.255 7.352 7.446 7.550 7.670 7.789 7.899 8.002 8.105 8.215 8.332 8.441 8.482 8.525 8.609 8.671 8.713 8.737 8.749 8.746 8.723 8.681 8.606 8.525 8.455 8.376 8.292 8.204 8.122 8.050 7.986 7.927 7.853 7.786 7.741 7.697 7.651 7.601 7.551 7.502 7.453 7.404 7.336 7.275 7.245 7.222 7.205 7.191 7.184 7.179 7.175 7.169 7.147 7.131 7.136 7.143 7.150 7.155
6.461 6.492 6.522 6.555 6.594 6.644 6.698 6.758 6.834 6.921 7.019 7.123 7.227 7.328 7.424 7.513 7.613 7.734 7.854 7.963 8.065 8.166 8.271 8.391 8.511 8.553 8.591 8.670 8.726 8.760 8.778 8.784 8.775 8.746 8.695 8.614 8.526 8.449 8.363 8.271 8.177 8.091 8.015 7.948 7.885 7.809 7.740 7.693 7.647 7.600 7.551 7.503 7.456 7.412 7.369 7.306 7.251 7.228 7.211 7.199 7.191 7.187 7.185 7.182 7.176 7.153 7.137 7.141 7.146 7.150 7.153
6.509 6.543 6.577 6.612 6.656 6.711 6.766 6.826 6.902 6.989 7.089 7.194 7.299 7.401 7.494 7.577 7.673 7.796 7.916 8.026 8.129 8.229 8.332 8.468 8.592 8.623 8.656 8.728 8.776 8.803 8.815 8.814 8.799 8.761 8.700 8.614 8.521 8.436 8.342 8.243 8.144 8.053 7.973 7.903 7.838 7.760 7.690 7.642 7.596 7.549 7.502 7.457 7.414 7.376 7.339 7.281 7.232 7.215 7.203 7.196 7.192 7.191 7.191 7.188 7.180 7.158 7.142 7.144 7.147 7.149 7.150
6.553 6.591 6.628 6.670 6.721 6.780 6.838 6.899 6.975 7.063 7.161 7.265 7.372 7.473 7.565 7.641 7.733 7.857 7.980 8.094 8.199 8.304 8.421 8.554 8.659 8.686 8.716 8.779 8.820 8.840 8.845 8.837 8.812 8.764 8.700 8.608 8.508 8.415 8.314 8.208 8.103 8.007 7.925 7.852 7.785 7.707 7.636 7.588 7.543 7.499 7.455 7.414 7.377 7.345 7.312 7.259 7.216 7.204 7.197 7.195 7.193 7.194 7.195 7.191 7.185 7.163 7.146 7.145 7.146 7.147 7.145
6.593 6.636 6.679 6.728 6.784 6.849 6.911 6.975 7.052 7.138 7.233 7.336 7.443 7.546 7.637 7.707 7.795 7.923 8.050 8.167 8.278 8.392 8.512 8.629 8.719 8.743 8.768 8.822 8.856 8.870 8.867 8.850 8.815 8.762 8.694 8.596 8.487 8.386 8.278 8.165 8.054 7.955 7.869 7.795 7.729 7.651 7.581 7.534 7.492 7.451 7.411 7.376 7.344 7.317 7.289 7.241 7.203 7.195 7.193 7.194 7.195 7.197 7.197 7.194 7.188 7.166 7.147 7.146 7.144 7.142 7.138
6.631 6.680 6.730 6.784 6.845 6.916 6.982 7.050 7.128 7.212 7.305 7.407 7.516 7.621 7.711 7.776 7.863 7.996 8.125 8.246 8.364 8.481 8.594 8.696 8.774 8.793 8.813 8.859 8.885 8.892 8.881 8.855 8.813 8.754 8.679 8.574 8.458 8.349 8.232 8.113 7.997 7.894 7.808 7.735 7.670 7.593 7.525 7.482 7.443 7.406 7.372 7.341 7.316 7.292 7.268 7.225 7.191 7.188 7.189 7.193 7.196 7.198 7.199 7.197 7.190 7.167 7.148 7.144 7.140 7.136 7.129
6.668 6.723 6.778 6.837 6.904 6.979 7.051 7.122 7.202 7.287 7.378 7.479 7.589 7.697 7.792 7.854 7.939 8.074 8.205 8.331 8.450 8.563 8.668 8.757 8.822 8.837 8.852 8.888 8.906 8.906 8.887 8.853 8.803 8.738 8.657 8.544 8.419 8.301 8.177 8.051 7.933 7.829 7.744 7.673 7.611 7.537 7.471 7.432 7.397 7.366 7.336 7.311 7.290 7.270 7.250 7.212 7.182 7.182 7.186 7.192 7.196 7.199 7.200 7.197 7.190 7.167 7.147 7.141 7.134 7.127 7.116
6.704 6.765 6.825 6.888 6.959 7.039 7.116 7.191 7.274 7.360 7.450 7.551 7.663 7.778 7.880 7.938 8.020 8.157 8.291 8.416 8.530 8.638 8.734 8.812 8.866 8.876 8.884 8.911 8.921 8.913 8.887 8.844 8.786 8.713 8.625 8.503 8.368 8.242 8.111 7.981 7.862 7.760 7.678 7.611 7.553 7.482 7.420 7.385 7.356 7.329 7.305 7.284 7.267 7.251 7.236 7.201 7.175 7.177 7.184 7.191 7.196 7.200 7.200 7.197 7.189 7.165 7.143 7.135 7.125 7.114 7.101
6.738 6.804 6.870 6.936 7.010 7.093 7.174 7.255 7.343 7.430 7.521 7.623 7.740 7.864 7.973 8.029 8.108 8.248 8.378 8.497 8.606 8.706 8.793 8.860 8.903 8.907 8.910 8.927 8.928 8.913 8.879 8.828 8.761 8.680 8.582 8.450 8.306 8.171 8.034 7.904 7.787 7.689 7.612 7.550 7.497 7.430 7.373 7.343 7.319 7.297 7.277 7.260 7.247 7.236 7.223 7.192 7.169 7.174 7.182 7.189 7.195 7.199 7.199 7.196 7.186 7.161 7.137 7.126 7.113 7.099 7.083
6.771 6.843 6.912 6.981 7.057 7.143 7.229 7.315 7.407 7.500 7.594 7.700 7.824 7.956 8.072 8.126 8.203 8.339 8.460 8.572 8.673 8.765 8.843 8.899 8.932 8.931 8.927 8.935 8.928 8.905 8.862 8.802 8.726 8.635 8.526 8.384 8.230 8.089 7.949 7.822 7.709 7.618 7.547 7.492 7.444 7.381 7.328 7.304 7.284 7.267 7.251 7.239 7.229 7.221 7.212 7.184 7.164 7.170 7.179 7.187 7.192 7.196 7.196 7.191 7.179 7.153 7.127 7.112 7.097 7.080 7.060
