TsunamiDB/out54054.asc
ncols          264
nrows          230
xllcorner      497853.4375
yllcorner      4229146.0000
cellsize         5.
NODATA_value   -99
[rows 33 to 65 of 230, columns 148 to 221 of 264]
5.123 5.148 5.172 5.197 5.219 5.242 5.265 5.288 5.312 5.335 5.358 5.381 5.404 5.428 5.452 5.476 5.500 5.524 5.549 5.573 5.598 5.623 5.647 5.671 5.696 5.720 5.743 5.765 5.787 5.808 5.829 5.850 5.869 5.887 5.903 5.919 5.933 5.946 5.958 5.970 5.980 5.991 6.002 6.014 6.026 6.040 6.054 6.070 6.087 6.105 6.123 6.142 6.161 6.180 6.200 6.219 6.239 6.257 6.275 6.293 6.309 6.325 6.341 6.356 6.370 6.385 6.399 6.414 6.430 6.446 6.464 6.483 6.504 6.525
5.138 5.163 5.186 5.210 5.232 5.254 5.277 5.299 5.321 5.343 5.366 5.388 5.410 5.433 5.456 5.479 5.503 5.527 5.551 5.575 5.599 5.623 5.648 5.672 5.696 5.720 5.744 5.767 5.788 5.810 5.832 5.853 5.873 5.891 5.909 5.926 5.941 5.955 5.968 5.980 5.991 6.001 6.012 6.023 6.034 6.047 6.060 6.074 6.090 6.107 6.124 6.141 6.160 6.179 6.199 6.218 6.237 6.256 6.275 6.293 6.310 6.327 6.343 6.358 6.373 6.388 6.403 6.418 6.433 6.450 6.467 6.486 6.506 6.527
5.154 5.178 5.202 5.225 5.246 5.267 5.289 5.311 5.332 5.353 5.375 5.396 5.418 5.440 5.462 5.484 5.507 5.530 5.553 5.577 5.600 5.624 5.648 5.672 5.696 5.720 5.744 5.767 5.789 5.811 5.833 5.855 5.875 5.895 5.913 5.931 5.947 5.962 5.976 5.988 6.000 6.011 6.022 6.032 6.043 6.055 6.067 6.080 6.094 6.110 6.126 6.142 6.160 6.179 6.198 6.217 6.237 6.256 6.275 6.293 6.311 6.328 6.345 6.361 6.376 6.392 6.407 6.422 6.437 6.454 6.471 6.489 6.509 6.530
5.171 5.195 5.218 5.240 5.261 5.282 5.303 5.324 5.345 5.365 5.386 5.406 5.427 5.448 5.469 5.490 5.512 5.534 5.556 5.579 5.602 5.625 5.649 5.672 5.696 5.720 5.744 5.767 5.789 5.811 5.834 5.855 5.876 5.897 5.916 5.934 5.951 5.967 5.982 5.995 6.008 6.020 6.031 6.041 6.052 6.063 6.075 6.087 6.100 6.115 6.129 6.145 6.162 6.180 6.199 6.218 6.237 6.257 6.276 6.294 6.313 6.330 6.347 6.364 6.380 6.395 6.411 6.426 6.442 6.458 6.475 6.493 6.513 6.533
5.188 5.212 5.234 5.256 5.277 5.297 5.318 5.339 5.359 5.379 5.398 5.418 5.438 5.458 5.478 5.498 5.518 5.539 5.561 5.582 5.604 5.627 5.650 5.673 5.696 5.720 5.743 5.766 5.788 5.811 5.833 5.855 5.877 5.897 5.917 5.936 5.954 5.971 5.987 6.001 6.015 6.027 6.039 6.050 6.061 6.072 6.083 6.095 6.107 6.121 6.134 6.149 6.165 6.183 6.201 6.220 6.239 6.258 6.277 6.296 6.315 6.333 6.351 6.368 6.384 6.400 6.416 6.431 6.447 6.464 6.481 6.499 6.518 6.538
5.206 5.229 5.251 5.273 5.294 5.314 5.334 5.354 5.374 5.394 5.413 5.432 5.451 5.469 5.488 5.507 5.527 5.547 5.567 5.587 5.608 5.630 5.652 5.674 5.697 5.720 5.743 5.765 5.787 5.810 5.833 5.855 5.877 5.898 5.918 5.938 5.956 5.974 5.990 6.006 6.020 6.034 6.046 6.058 6.069 6.080 6.092 6.103 6.115 6.128 6.141 6.155 6.171 6.187 6.205 6.223 6.242 6.262 6.281 6.300 6.319 6.337 6.355 6.373 6.390 6.406 6.422 6.438 6.454 6.471 6.488 6.506 6.525 6.545
5.224 5.246 5.269 5.291 5.311 5.331 5.351 5.371 5.391 5.410 5.428 5.447 5.465 5.483 5.501 5.519 5.538 5.556 5.575 5.594 5.614 5.634 5.655 5.677 5.699 5.721 5.743 5.765 5.787 5.809 5.832 5.854 5.876 5.898 5.918 5.938 5.958 5.976 5.993 6.010 6.025 6.039 6.053 6.065 6.077 6.089 6.100 6.112 6.124 6.136 6.149 6.162 6.177 6.194 6.211 6.229 6.248 6.267 6.286 6.305 6.324 6.343 6.362 6.380 6.397 6.414 6.430 6.447 6.463 6.480 6.497 6.516 6.534 6.554
5.241 5.264 5.286 5.308 5.328 5.348 5.368 5.388 5.408 5.427 5.445 5.463 5.481 5.499 5.516 5.533 5.550 5.568 5.585 5.603 5.622 5.641 5.661 5.681 5.702 5.723 5.745 5.766 5.787 5.809 5.832 5.854 5.876 5.897 5.919 5.939 5.959 5.978 5.996 6.013 6.029 6.044 6.059 6.072 6.085 6.097 6.109 6.121 6.133 6.146 6.158 6.171 6.186 6.202 6.219 6.236 6.255 6.274 6.293 6.313 6.332 6.351 6.370 6.389 6.406 6.424 6.441 6.458 6.474 6.491 6.509 6.527 6.546 6.565
5.259 5.282 5.304 5.325 5.346 5.366 5.386 5.406 5.425 5.444 5.463 5.481 5.499 5.516 5.533 5.549 5.566 5.582 5.598 5.615 5.632 5.650 5.668 5.687 5.707 5.727 5.748 5.768 5.789 5.810 5.832 5.854 5.876 5.898 5.919 5.940 5.960 5.980 5.998 6.016 6.033 6.049 6.064 6.079 6.092 6.105 6.118 6.131 6.143 6.156 6.168 6.181 6.195 6.211 6.228 6.245 6.264 6.283 6.302 6.322 6.342 6.361 6.381 6.400 6.418 6.436 6.453 6.471 6.488 6.505 6.523 6.541 6.559 6.579
5.277 5.299 5.321 5.343 5.363 5.383 5.403 5.423 5.443 5.462 5.481 5.499 5.517 5.534 5.551 5.567 5.583 5.598 5.614 5.629 5.645 5.661 5.678 5.696 5.714 5.733 5.752 5.772 5.791 5.813 5.834 5.856 5.877 5.899 5.920 5.941 5.962 5.982 6.001 6.020 6.037 6.054 6.070 6.085 6.100 6.114 6.127 6.140 6.154 6.166 6.178 6.192 6.206 6.222 6.239 6.256 6.274 6.293 6.313 6.333 6.353 6.373 6.393 6.413 6.432 6.450 6.468 6.486 6.504 6.521 6.539 6.557 6.576 6.595
5.295 5.317 5.338 5.360 5.380 5.400 5.421 5.441 5.461 5.480 5.499 5.518 5.536 5.553 5.570 5.586 5.601 5.616 5.631 5.646 5.661 5.676 5.691 5.707 5.724 5.741 5.760 5.777 5.796 5.816 5.837 5.858 5.880 5.901 5.922 5.943 5.964 5.985 6.004 6.023 6.042 6.059 6.076 6.092 6.108 6.122 6.137 6.150 6.164 6.177 6.190 6.203 6.218 6.234 6.251 6.268 6.287 6.306 6.326 6.346 6.366 6.387 6.407 6.428 6.447 6.467 6.485 6.504 6.522 6.539 6.557 6.576 6.594 6.613
5.313 5.334 5.356 5.377 5.397 5.417 5.438 5.458 5.478 5.498 5.517 5.536 5.554 5.572 5.589 5.605 5.621 5.636 5.650 5.664 5.678 5.692 5.707 5.722 5.737 5.753 5.769 5.786 5.803 5.823 5.842 5.863 5.884 5.905 5.926 5.947 5.968 5.988 6.008 6.028 6.047 6.065 6.083 6.100 6.116 6.131 6.146 6.161 6.175 6.189 6.202 6.216 6.231 6.247 6.264 6.282 6.300 6.320 6.340 6.360 6.381 6.402 6.423 6.444 6.465 6.485 6.504 6.523 6.542 6.560 6.578 6.597 6.615 6.634
5.331 5.352 5.373 5.394 5.414 5.434 5.455 5.475 5.495 5.515 5.535 5.554 5.573 5.591 5.608 5.625 5.641 5.656 5.670 5.684 5.698 5.711 5.725 5.739 5.753 5.767 5.782 5.797 5.813 5.831 5.850 5.869 5.889 5.910 5.931 5.951 5.972 5.993 6.013 6.033 6.053 6.072 6.090 6.107 6.124 6.140 6.156 6.171 6.187 6.201 6.214 6.229 6.245 6.261 6.278 6.296 6.315 6.334 6.355 6.376 6.397 6.419 6.441 6.462 6.483 6.504 6.525 6.544 6.563 6.582 6.600 6.619 6.637 6.656
5.349 5.370 5.391 5.412 5.431 5.451 5.472 5.492 5.513 5.533 5.552 5.572 5.591 5.609 5.627 5.644 5.661 5.676 5.691 5.705 5.719 5.732 5.745 5.758 5.771 5.784 5.797 5.811 5.826 5.843 5.860 5.878 5.897 5.917 5.937 5.958 5.978 5.999 6.020 6.040 6.060 6.079 6.098 6.116 6.133 6.150 6.167 6.183 6.199 6.213 6.228 6.243 6.259 6.276 6.293 6.311 6.330 6.350 6.371 6.392 6.414 6.436 6.459 6.481 6.503 6.525 6.546 6.566 6.586 6.606 6.624 6.643 6.661 6.680
5.368 5.389 5.409 5.429 5.449 5.469 5.489 5.509 5.530 5.550 5.570 5.589 5.609 5.627 5.646 5.663 5.680 5.696 5.712 5.726 5.740 5.754 5.766 5.779 5.791 5.804 5.816 5.828 5.842 5.857 5.873 5.890 5.908 5.926 5.946 5.966 5.986 6.006 6.027 6.047 6.067 6.087 6.106 6.125 6.143 6.161 6.178 6.194 6.211 6.226 6.241 6.257 6.274 6.291 6.309 6.327 6.347 6.367 6.388 6.410 6.432 6.455 6.478 6.501 6.524 6.546 6.568 6.590 6.610 6.630 6.650 6.669 6.687 6.705
5.388 5.408 5.428 5.448 5.467 5.486 5.506 5.526 5.547 5.567 5.587 5.606 5.626 5.645 5.664 5.682 5.699 5.716 5.732 5.747 5.762 5.775 5.788 5.801 5.813 5.825 5.836 5.847 5.860 5.874 5.888 5.904 5.921 5.938 5.957 5.976 5.995 6.015 6.036 6.056 6.076 6.096 6.116 6.135 6.153 6.172 6.189 6.207 6.224 6.240 6.256 6.272 6.289 6.307 6.325 6.344 6.363 6.384 6.405 6.428 6.450 6.474 6.497 6.521 6.545 6.568 6.591 6.613 6.635 6.656 6.676 6.695 6.713 6.731
5.408 5.428 5.448 5.467 5.485 5.505 5.524 5.544 5.564 5.584 5.604 5.623 5.643 5.662 5.681 5.700 5.718 5.735 5.752 5.768 5.783 5.797 5.811 5.824 5.836 5.848 5.859 5.869 5.881 5.893 5.907 5.921 5.936 5.952 5.970 5.988 6.007 6.026 6.046 6.066 6.086 6.106 6.126 6.145 6.165 6.183 6.202 6.220 6.237 6.254 6.270 6.287 6.305 6.323 6.341 6.361 6.381 6.402 6.423 6.446 6.469 6.493 6.517 6.542 6.566 6.591 6.614 6.638 6.660 6.682 6.702 6.722 6.741 6.759
5.429 5.449 5.468 5.486 5.505 5.524 5.543 5.562 5.582 5.601 5.621 5.640 5.660 5.679 5.698 5.717 5.735 5.753 5.771 5.788 5.803 5.819 5.833 5.846 5.859 5.871 5.882 5.892 5.904 5.915 5.927 5.940 5.954 5.969 5.985 6.002 6.020 6.039 6.058 6.078 6.098 6.118 6.137 6.157 6.177 6.196 6.214 6.233 6.251 6.268 6.285 6.303 6.321 6.339 6.358 6.378 6.398 6.420 6.442 6.465 6.488 6.513 6.537 6.563 6.588 6.613 6.638 6.662 6.685 6.708 6.730 6.751 6.770 6.789
5.450 5.470 5.489 5.507 5.525 5.544 5.563 5.581 5.600 5.619 5.638 5.658 5.677 5.696 5.715 5.734 5.753 5.771 5.789 5.806 5.823 5.839 5.854 5.869 5.882 5.895 5.906 5.917 5.927 5.939 5.950 5.962 5.975 5.989 6.003 6.019 6.036 6.053 6.072 6.091 6.110 6.130 6.150 6.170 6.189 6.209 6.228 6.247 6.266 6.283 6.301 6.319 6.337 6.356 6.375 6.395 6.416 6.438 6.460 6.484 6.508 6.532 6.558 6.583 6.609 6.635 6.661 6.686 6.711 6.735 6.757 6.779 6.800 6.819
5.472 5.492 5.511 5.529 5.546 5.565 5.583 5.601 5.620 5.638 5.657 5.675 5.694 5.713 5.732 5.751 5.770 5.789 5.807 5.825 5.842 5.859 5.875 5.890 5.905 5.918 5.930 5.941 5.952 5.963 5.974 5.986 5.998 6.010 6.024 6.038 6.054 6.070 6.088 6.106 6.125 6.144 6.164 6.183 6.203 6.223 6.242 6.261 6.280 6.299 6.316 6.335 6.354 6.373 6.393 6.413 6.434 6.456 6.479 6.503 6.527 6.552 6.578 6.604 6.631 6.658 6.684 6.711 6.736 6.761 6.785 6.808 6.830 6.850
5.494 5.514 5.533 5.551 5.568 5.586 5.604 5.622 5.640 5.658 5.676 5.694 5.712 5.731 5.749 5.768 5.787 5.806 5.824 5.842 5.860 5.878 5.895 5.911 5.926 5.941 5.953 5.965 5.977 5.988 5.999 6.010 6.022 6.034 6.046 6.059 6.074 6.089 6.105 6.123 6.141 6.159 6.178 6.198 6.218 6.237 6.257 6.276 6.296 6.314 6.332 6.351 6.371 6.390 6.410 6.431 6.453 6.475 6.498 6.522 6.546 6.572 6.598 6.625 6.653 6.680 6.708 6.735 6.762 6.788 6.814 6.838 6.860 6.882
5.516 5.536 5.555 5.573 5.591 5.609 5.626 5.644 5.661 5.679 5.696 5.714 5.731 5.749 5.767 5.786 5.804 5.823 5.841 5.860 5.878 5.896 5.913 5.930 5.947 5.962 5.976 5.988 6.001 6.013 6.025 6.036 6.047 6.058 6.070 6.082 6.096 6.110 6.125 6.141 6.158 6.176 6.195 6.214 6.233 6.253 6.272 6.292 6.312 6.330 6.349 6.368 6.388 6.408 6.428 6.449 6.471 6.493 6.517 6.541 6.566 6.592 6.619 6.646 6.674 6.702 6.731 6.759 6.787 6.815 6.842 6.868 6.891 6.913
5.538 5.558 5.578 5.596 5.614 5.632 5.649 5.667 5.684 5.701 5.718 5.735 5.752 5.769 5.786 5.804 5.822 5.840 5.859 5.877 5.896 5.914 5.932 5.949 5.966 5.983 5.997 6.011 6.024 6.037 6.050 6.061 6.073 6.084 6.095 6.107 6.119 6.133 6.147 6.162 6.178 6.195 6.213 6.231 6.250 6.269 6.289 6.308 6.328 6.347 6.366 6.385 6.405 6.426 6.446 6.468 6.490 6.512 6.536 6.560 6.586 6.612 6.639 6.667 6.696 6.725 6.754 6.784 6.813 6.842 6.870 6.897 6.921 6.945
5.559 5.580 5.600 5.619 5.637 5.655 5.673 5.690 5.707 5.723 5.740 5.756 5.773 5.789 5.806 5.823 5.841 5.859 5.877 5.895 5.913 5.931 5.950 5.968 5.985 6.002 6.018 6.032 6.047 6.061 6.074 6.086 6.098 6.110 6.121 6.133 6.144 6.157 6.170 6.184 6.199 6.215 6.232 6.250 6.268 6.287 6.306 6.326 6.345 6.364 6.383 6.403 6.423 6.444 6.465 6.486 6.508 6.531 6.555 6.580 6.605 6.632 6.659 6.688 6.717 6.747 6.777 6.808 6.838 6.868 6.898 6.925 6.951 6.976
5.579 5.600 5.621 5.641 5.659 5.678 5.696 5.713 5.730 5.747 5.763 5.779 5.795 5.811 5.827 5.844 5.860 5.878 5.895 5.913 5.931 5.949 5.967 5.985 6.003 6.021 6.037 6.053 6.068 6.083 6.097 6.110 6.123 6.135 6.147 6.158 6.170 6.182 6.194 6.208 6.222 6.237 6.253 6.270 6.287 6.306 6.324 6.344 6.363 6.382 6.401 6.421 6.441 6.462 6.483 6.505 6.527 6.550 6.574 6.599 6.625 6.652 6.680 6.709 6.739 6.769 6.800 6.831 6.863 6.894 6.925 6.954 6.980 7.006
5.598 5.620 5.642 5.662 5.681 5.700 5.719 5.737 5.754 5.771 5.787 5.803 5.818 5.834 5.849 5.865 5.881 5.898 5.915 5.932 5.949 5.967 5.985 6.003 6.021 6.039 6.056 6.072 6.089 6.104 6.119 6.134 6.147 6.160 6.172 6.184 6.196 6.208 6.220 6.232 6.246 6.260 6.275 6.291 6.308 6.326 6.344 6.363 6.382 6.400 6.419 6.439 6.460 6.481 6.502 6.524 6.546 6.570 6.594 6.619 6.645 6.672 6.700 6.730 6.760 6.791 6.823 6.855 6.887 6.919 6.951 6.981 7.009 7.036
5.615 5.638 5.661 5.682 5.702 5.722 5.741 5.760 5.777 5.794 5.811 5.827 5.842 5.857 5.873 5.888 5.903 5.919 5.935 5.952 5.969 5.986 6.004 6.021 6.040 6.058 6.075 6.091 6.108 6.125 6.141 6.156 6.170 6.184 6.197 6.210 6.222 6.234 6.246 6.258 6.271 6.284 6.298 6.314 6.330 6.347 6.365 6.383 6.402 6.419 6.439 6.459 6.479 6.500 6.521 6.543 6.566 6.589 6.613 6.639 6.665 6.692 6.721 6.750 6.781 6.813 6.845 6.878 6.911 6.944 6.977 7.007 7.036 7.064
5.631 5.655 5.679 5.700 5.721 5.742 5.762 5.781 5.800 5.818 5.834 5.851 5.866 5.882 5.897 5.911 5.926 5.941 5.957 5.972 5.989 6.005 6.023 6.040 6.058 6.076 6.093 6.110 6.127 6.144 6.161 6.177 6.192 6.207 6.221 6.234 6.247 6.259 6.271 6.284 6.296 6.309 6.323 6.337 6.353 6.369 6.386 6.404 6.422 6.440 6.459 6.479 6.499 6.520 6.541 6.563 6.586 6.609 6.633 6.658 6.685 6.712 6.741 6.771 6.802 6.834 6.867 6.900 6.934 6.968 7.001 7.033 7.063 7.091
5.645 5.670 5.694 5.717 5.739 5.761 5.782 5.802 5.821 5.840 5.857 5.874 5.890 5.906 5.921 5.936 5.950 5.965 5.979 5.994 6.010 6.026 6.042 6.059 6.077 6.094 6.111 6.128 6.146 6.163 6.181 6.197 6.213 6.229 6.244 6.258 6.271 6.284 6.297 6.309 6.322 6.335 6.348 6.362 6.377 6.392 6.409 6.426 6.443 6.461 6.480 6.499 6.519 6.540 6.562 6.583 6.606 6.629 6.653 6.679 6.705 6.732 6.761 6.791 6.822 6.854 6.888 6.922 6.956 6.990 7.025 7.057 7.088 7.117
5.657 5.683 5.709 5.732 5.755 5.778 5.800 5.821 5.841 5.861 5.879 5.897 5.914 5.930 5.945 5.960 5.974 5.989 6.003 6.017 6.032 6.047 6.063 6.079 6.096 6.113 6.130 6.147 6.164 6.182 6.200 6.217 6.234 6.250 6.266 6.281 6.295 6.308 6.322 6.334 6.347 6.360 6.373 6.387 6.401 6.416 6.432 6.449 6.466 6.483 6.501 6.521 6.541 6.561 6.582 6.604 6.627 6.650 6.674 6.699 6.725 6.752 6.781 6.811 6.842 6.874 6.908 6.942 6.977 7.012 7.047 7.081 7.112 7.143
5.667 5.694 5.721 5.745 5.769 5.793 5.816 5.838 5.860 5.880 5.900 5.918 5.936 5.953 5.969 5.984 5.999 6.013 6.027 6.041 6.055 6.070 6.085 6.101 6.117 6.133 6.149 6.165 6.183 6.201 6.218 6.236 6.253 6.270 6.287 6.302 6.317 6.332 6.346 6.359 6.372 6.385 6.398 6.412 6.426 6.441 6.456 6.473 6.489 6.506 6.524 6.543 6.563 6.583 6.604 6.626 6.648 6.671 6.694 6.719 6.745 6.772 6.800 6.830 6.861 6.894 6.928 6.962 6.997 7.033 7.069 7.103 7.135 7.167
5.675 5.703 5.730 5.756 5.781 5.806 5.830 5.853 5.876 5.898 5.918 5.938 5.957 5.974 5.991 6.007 6.023 6.037 6.051 6.065 6.079 6.093 6.108 6.123 6.138 6.153 6.168 6.185 6.202 6.219 6.237 6.255 6.273 6.290 6.307 6.323 6.339 6.354 6.369 6.383 6.396 6.410 6.423 6.437 6.451 6.465 6.480 6.497 6.513 6.529 6.547 6.566 6.585 6.605 6.626 6.647 6.669 6.692 6.715 6.740 6.765 6.792 6.820 6.849 6.880 6.913 6.947 6.981 7.017 7.053 7.089 7.124 7.158 7.190
5.680 5.709 5.738 5.764 5.790 5.816 5.842 5.866 5.890 5.913 5.935 5.956 5.975 5.994 6.012 6.029 6.045 6.061 6.075 6.089 6.103 6.117 6.131 6.145 6.160 6.174 6.189 6.205 6.221 6.238 6.256 6.274 6.291 6.309 6.326 6.343 6.360 6.375 6.391 6.405 6.419 6.433 6.447 6.461 6.475 6.490 6.505 6.521 6.537 6.553 6.570 6.589 6.608 6.628 6.649 6.670 6.691 6.713 6.736 6.760 6.785 6.812 6.839 6.868 6.899 6.931 6.965 7.000 7.035 7.072 7.109 7.144 7.179 7.212
