TsunamiDB/out54143.asc
ncols          264
nrows          230
xllcorner      497853.4375
yllcorner      4229146.0000
cellsize         5.
NODATA_value   -99
[rows 136 to 169 of 230, columns 0 to 76 of 264]
5.939 5.961 5.983 6.005 6.027 6.048 6.069 6.089 6.107 6.124 6.140 6.155 6.169 6.183 6.196 6.209 6.221 6.233 6.244 6.255 6.266 6.277 6.287 6.297 6.306 6.316 6.325 6.334 6.343 6.352 6.361 6.369 6.375 6.382 6.388 6.395 6.401 6.407 6.413 6.419 6.425 6.431 6.436 6.442 6.448 6.453 6.459 6.465 6.470 6.476 6.481 6.487 6.493 6.500 6.506 6.511 6.517 6.522 6.528 6.533 6.540 6.546 6.553 6.560 6.567 6.575 6.583 6.592 6.601 6.610 6.619 6.629 6.639 6.649 6.660 6.671 6.682
5.934 5.956 5.978 6.000 6.022 6.044 6.066 6.087 6.106 6.125 6.142 6.159 6.174 6.189 6.204 6.218 6.231 6.243 6.255 6.267 6.278 6.289 6.299 6.309 6.319 6.329 6.338 6.348 6.357 6.366 6.375 6.383 6.390 6.396 6.403 6.409 6.416 6.422 6.428 6.434 6.440 6.446 6.451 6.457 6.463 6.468 6.474 6.479 6.485 6.490 6.496 6.501 6.507 6.513 6.519 6.524 6.529 6.534 6.540 6.545 6.551 6.557 6.564 6.570 6.577 6.585 6.593 6.601 6.609 6.618 6.627 6.636 6.646 6.656 6.667 6.677 6.689
5.930 5.951 5.972 5.993 6.015 6.037 6.059 6.081 6.102 6.122 6.141 6.159 6.176 6.193 6.209 6.224 6.238 6.251 6.264 6.277 6.288 6.300 6.311 6.321 6.332 6.342 6.351 6.361 6.370 6.379 6.389 6.397 6.404 6.411 6.417 6.424 6.430 6.437 6.443 6.449 6.455 6.461 6.466 6.472 6.478 6.483 6.488 6.494 6.499 6.504 6.510 6.515 6.521 6.527 6.533 6.537 6.542 6.547 6.552 6.557 6.563 6.569 6.575 6.581 6.588 6.595 6.602 6.610 6.618 6.626 6.635 6.644 6.653 6.663 6.673 6.684 6.695
5.928 5.947 5.966 5.987 6.008 6.029 6.051 6.074 6.095 6.116 6.136 6.156 6.175 6.193 6.210 6.227 6.242 6.257 6.271 6.284 6.297 6.309 6.321 6.332 6.343 6.353 6.363 6.373 6.383 6.392 6.402 6.410 6.417 6.424 6.431 6.438 6.445 6.451 6.457 6.464 6.470 6.475 6.481 6.487 6.492 6.498 6.503 6.508 6.513 6.519 6.524 6.529 6.535 6.541 6.546 6.551 6.555 6.560 6.565 6.570 6.575 6.580 6.586 6.592 6.598 6.605 6.612 6.619 6.627 6.635 6.643 6.652 6.661 6.670 6.680 6.691 6.702
5.928 5.945 5.963 5.981 6.001 6.022 6.043 6.065 6.086 6.107 6.128 6.149 6.169 6.189 6.208 6.226 6.243 6.260 6.275 6.290 6.303 6.317 6.329 6.341 6.352 6.363 6.374 6.384 6.394 6.404 6.414 6.423 6.430 6.438 6.445 6.452 6.458 6.465 6.472 6.478 6.484 6.490 6.496 6.501 6.507 6.512 6.518 6.523 6.528 6.533 6.538 6.543 6.549 6.555 6.560 6.564 6.568 6.573 6.577 6.582 6.587 6.592 6.597 6.603 6.609 6.615 6.622 6.629 6.636 6.644 6.652 6.660 6.669 6.678 6.687 6.697 6.708
5.930 5.945 5.961 5.978 5.996 6.015 6.035 6.056 6.077 6.097 6.118 6.139 6.160 6.181 6.201 6.221 6.240 6.258 6.275 6.291 6.307 6.321 6.335 6.348 6.360 6.372 6.383 6.394 6.405 6.415 6.425 6.434 6.442 6.450 6.457 6.465 6.472 6.479 6.485 6.492 6.498 6.504 6.510 6.516 6.521 6.527 6.532 6.537 6.542 6.547 6.552 6.557 6.563 6.568 6.573 6.577 6.581 6.586 6.590 6.594 6.599 6.604 6.609 6.614 6.620 6.626 6.632 6.639 6.645 6.653 6.660 6.668 6.676 6.685 6.694 6.704 6.715
5.935 5.948 5.962 5.977 5.993 6.011 6.029 6.048 6.067 6.087 6.107 6.128 6.149 6.170 6.192 6.213 6.233 6.253 6.271 6.289 6.306 6.322 6.337 6.352 6.365 6.378 6.391 6.402 6.413 6.424 6.435 6.445 6.453 6.461 6.469 6.477 6.484 6.491 6.498 6.505 6.511 6.518 6.524 6.529 6.535 6.541 6.546 6.551 6.556 6.561 6.566 6.571 6.577 6.582 6.587 6.591 6.595 6.599 6.603 6.607 6.611 6.616 6.621 6.626 6.631 6.637 6.643 6.649 6.655 6.662 6.669 6.677 6.684 6.693 6.702 6.711 6.721
5.942 5.953 5.966 5.979 5.993 6.009 6.025 6.042 6.060 6.078 6.097 6.117 6.137 6.158 6.180 6.201 6.222 6.243 6.263 6.283 6.302 6.319 6.336 6.352 6.367 6.382 6.395 6.408 6.420 6.432 6.443 6.454 6.463 6.471 6.480 6.488 6.495 6.503 6.510 6.517 6.524 6.531 6.537 6.543 6.549 6.554 6.560 6.565 6.570 6.575 6.580 6.585 6.590 6.595 6.600 6.604 6.608 6.612 6.616 6.620 6.624 6.628 6.633 6.638 6.643 6.648 6.653 6.659 6.665 6.671 6.678 6.685 6.693 6.701 6.709 6.718 6.728
5.952 5.962 5.972 5.984 5.996 6.010 6.024 6.040 6.055 6.071 6.088 6.107 6.126 6.146 6.167 6.188 6.209 6.231 6.252 6.273 6.293 6.312 6.331 6.349 6.365 6.381 6.396 6.411 6.424 6.437 6.449 6.460 6.470 6.480 6.489 6.497 6.506 6.514 6.521 6.529 6.536 6.543 6.549 6.556 6.562 6.567 6.573 6.578 6.583 6.589 6.594 6.599 6.604 6.609 6.613 6.617 6.621 6.625 6.628 6.632 6.636 6.640 6.645 6.649 6.654 6.659 6.664 6.669 6.675 6.681 6.687 6.694 6.701 6.709 6.717 6.725 6.734
5.964 5.972 5.981 5.991 6.002 6.014 6.026 6.040 6.053 6.067 6.083 6.099 6.116 6.135 6.154 6.174 6.195 6.216 6.238 6.259 6.280 6.301 6.321 6.341 6.359 6.377 6.394 6.409 6.425 6.439 6.453 6.465 6.476 6.486 6.496 6.505 6.514 6.523 6.531 6.539 6.547 6.554 6.561 6.567 6.574 6.580 6.586 6.591 6.596 6.602 6.607 6.612 6.617 6.622 6.626 6.630 6.634 6.637 6.641 6.645 6.649 6.653 6.657 6.661 6.666 6.670 6.675 6.680 6.685 6.691 6.697 6.703 6.710 6.717 6.725 6.733 6.741
5.978 5.985 5.993 6.001 6.010 6.020 6.031 6.043 6.055 6.067 6.080 6.094 6.110 6.126 6.144 6.163 6.182 6.202 6.223 6.244 6.265 6.287 6.308 6.328 6.349 6.368 6.386 6.404 6.421 6.437 6.452 6.466 6.478 6.490 6.501 6.511 6.521 6.530 6.539 6.548 6.556 6.564 6.571 6.578 6.585 6.591 6.597 6.603 6.609 6.614 6.619 6.624 6.629 6.635 6.639 6.643 6.646 6.650 6.654 6.657 6.661 6.665 6.669 6.673 6.677 6.681 6.686 6.691 6.696 6.701 6.707 6.713 6.719 6.725 6.733 6.740 6.748
5.994 6.000 6.007 6.014 6.021 6.030 6.039 6.049 6.059 6.069 6.080 6.093 6.106 6.121 6.137 6.153 6.171 6.190 6.209 6.229 6.250 6.271 6.292 6.313 6.334 6.355 6.375 6.394 6.413 6.431 6.448 6.464 6.478 6.491 6.503 6.514 6.525 6.536 6.546 6.555 6.564 6.572 6.580 6.588 6.595 6.602 6.608 6.614 6.620 6.626 6.631 6.636 6.642 6.647 6.651 6.655 6.659 6.662 6.666 6.669 6.673 6.677 6.681 6.685 6.689 6.693 6.697 6.702 6.706 6.711 6.717 6.722 6.728 6.734 6.741 6.748 6.756
6.011 6.017 6.022 6.028 6.034 6.041 6.049 6.058 6.066 6.074 6.084 6.094 6.106 6.119 6.133 6.147 6.163 6.180 6.197 6.216 6.235 6.255 6.275 6.296 6.318 6.339 6.360 6.381 6.401 6.420 6.439 6.457 6.472 6.487 6.501 6.514 6.527 6.538 6.549 6.560 6.570 6.579 6.588 6.596 6.604 6.611 6.618 6.625 6.631 6.637 6.642 6.648 6.653 6.659 6.663 6.667 6.671 6.674 6.678 6.681 6.685 6.689 6.692 6.696 6.700 6.704 6.708 6.712 6.717 6.722 6.726 6.732 6.737 6.743 6.749 6.756 6.763
6.029 6.034 6.039 6.044 6.049 6.055 6.062 6.069 6.075 6.082 6.090 6.099 6.109 6.120 6.132 6.144 6.158 6.173 6.189 6.205 6.223 6.241 6.260 6.280 6.300 6.321 6.342 6.364 6.385 6.406 6.426 6.445 6.463 6.479 6.495 6.510 6.524 6.538 6.550 6.562 6.573 6.583 6.593 6.602 6.611 6.619 6.626 6.633 6.640 6.647 6.653 6.658 6.664 6.670 6.675 6.679 6.682 6.686 6.689 6.693 6.697 6.700 6.704 6.708 6.711 6.715 6.719 6.723 6.727 6.732 6.736 6.741 6.746 6.752 6.758 6.764 6.771
6.048 6.052 6.057 6.061 6.066 6.071 6.077 6.082 6.087 6.093 6.099 6.106 6.115 6.124 6.134 6.145 6.157 6.170 6.183 6.198 6.213 6.230 6.247 6.265 6.284 6.304 6.324 6.345 6.366 6.388 6.409 6.429 6.448 6.467 6.484 6.501 6.517 6.533 6.547 6.560 6.573 6.585 6.596 6.606 6.616 6.624 6.633 6.641 6.648 6.655 6.662 6.668 6.674 6.680 6.685 6.689 6.693 6.697 6.701 6.704 6.708 6.711 6.715 6.719 6.722 6.726 6.730 6.734 6.738 6.742 6.746 6.751 6.756 6.761 6.766 6.772 6.779
6.066 6.070 6.075 6.079 6.083 6.088 6.093 6.097 6.101 6.105 6.110 6.116 6.123 6.131 6.139 6.149 6.159 6.170 6.182 6.194 6.208 6.222 6.237 6.254 6.271 6.289 6.308 6.328 6.348 6.369 6.390 6.411 6.431 6.450 6.469 6.488 6.506 6.523 6.539 6.554 6.569 6.582 6.595 6.607 6.618 6.628 6.637 6.646 6.654 6.662 6.669 6.676 6.683 6.689 6.695 6.699 6.703 6.707 6.711 6.715 6.718 6.722 6.726 6.729 6.733 6.737 6.740 6.744 6.748 6.752 6.756 6.761 6.765 6.770 6.775 6.781 6.787
6.083 6.088 6.093 6.097 6.101 6.105 6.110 6.113 6.116 6.120 6.124 6.128 6.134 6.140 6.147 6.155 6.163 6.173 6.183 6.194 6.206 6.218 6.232 6.246 6.261 6.277 6.294 6.312 6.331 6.351 6.371 6.391 6.411 6.431 6.451 6.470 6.490 6.509 6.527 6.544 6.560 6.576 6.590 6.604 6.616 6.628 6.639 6.649 6.658 6.667 6.675 6.683 6.690 6.697 6.703 6.708 6.712 6.717 6.721 6.725 6.728 6.732 6.736 6.740 6.743 6.747 6.751 6.754 6.758 6.762 6.766 6.770 6.774 6.779 6.784 6.789 6.795
6.098 6.104 6.110 6.114 6.119 6.123 6.127 6.130 6.133 6.136 6.139 6.142 6.147 6.152 6.157 6.164 6.171 6.179 6.187 6.196 6.207 6.217 6.229 6.242 6.255 6.269 6.284 6.300 6.317 6.335 6.354 6.372 6.391 6.410 6.430 6.450 6.470 6.490 6.510 6.529 6.547 6.564 6.581 6.596 6.610 6.624 6.636 6.648 6.659 6.669 6.678 6.687 6.695 6.703 6.710 6.715 6.720 6.725 6.729 6.733 6.738 6.741 6.745 6.749 6.753 6.757 6.760 6.764 6.768 6.771 6.775 6.779 6.783 6.788 6.792 6.797 6.803
6.113 6.119 6.125 6.131 6.135 6.140 6.144 6.148 6.150 6.152 6.155 6.158 6.161 6.165 6.169 6.174 6.180 6.187 6.194 6.202 6.210 6.220 6.230 6.241 6.252 6.264 6.278 6.292 6.307 6.323 6.340 6.356 6.373 6.391 6.410 6.430 6.449 6.469 6.490 6.510 6.529 6.548 6.566 6.584 6.600 6.616 6.630 6.643 6.656 6.667 6.678 6.688 6.698 6.707 6.714 6.720 6.726 6.731 6.736 6.741 6.746 6.750 6.754 6.758 6.762 6.766 6.769 6.773 6.777 6.781 6.784 6.788 6.792 6.796 6.801 6.806 6.811
6.125 6.133 6.139 6.146 6.151 6.156 6.161 6.165 6.167 6.169 6.171 6.174 6.176 6.179 6.183 6.187 6.192 6.197 6.203 6.209 6.217 6.225 6.233 6.243 6.253 6.263 6.275 6.287 6.300 6.315 6.329 6.343 6.359 6.375 6.392 6.410 6.429 6.448 6.468 6.488 6.508 6.528 6.548 6.567 6.585 6.602 6.619 6.634 6.649 6.662 6.675 6.687 6.698 6.708 6.716 6.723 6.730 6.736 6.742 6.747 6.752 6.757 6.762 6.766 6.770 6.774 6.778 6.782 6.785 6.789 6.793 6.797 6.800 6.805 6.809 6.813 6.819
6.136 6.145 6.152 6.159 6.165 6.171 6.177 6.181 6.184 6.186 6.188 6.190 6.193 6.195 6.198 6.201 6.205 6.209 6.214 6.219 6.225 6.232 6.239 6.247 6.256 6.265 6.275 6.286 6.297 6.310 6.322 6.335 6.348 6.363 6.378 6.394 6.411 6.429 6.447 6.467 6.486 6.506 6.526 6.546 6.566 6.585 6.603 6.620 6.637 6.652 6.667 6.681 6.694 6.705 6.715 6.724 6.732 6.739 6.746 6.752 6.758 6.763 6.768 6.773 6.777 6.781 6.785 6.789 6.793 6.797 6.801 6.805 6.808 6.812 6.817 6.821 6.826
6.146 6.155 6.163 6.171 6.178 6.185 6.191 6.196 6.199 6.202 6.205 6.207 6.209 6.211 6.214 6.216 6.219 6.222 6.226 6.230 6.235 6.241 6.247 6.254 6.261 6.269 6.278 6.287 6.298 6.308 6.319 6.330 6.342 6.354 6.367 6.381 6.396 6.412 6.429 6.447 6.466 6.485 6.504 6.524 6.544 6.564 6.583 6.602 6.620 6.638 6.654 6.670 6.685 6.698 6.710 6.720 6.730 6.739 6.746 6.754 6.760 6.767 6.772 6.778 6.783 6.787 6.792 6.796 6.800 6.804 6.808 6.812 6.816 6.820 6.824 6.829 6.833
6.155 6.164 6.173 6.182 6.190 6.197 6.204 6.210 6.214 6.217 6.220 6.223 6.225 6.228 6.230 6.232 6.234 6.237 6.240 6.243 6.247 6.251 6.256 6.262 6.268 6.275 6.283 6.291 6.300 6.310 6.319 6.329 6.339 6.349 6.361 6.373 6.386 6.400 6.415 6.431 6.447 6.465 6.483 6.502 6.521 6.541 6.561 6.580 6.600 6.619 6.637 6.654 6.671 6.687 6.700 6.713 6.724 6.734 6.744 6.753 6.761 6.768 6.775 6.781 6.786 6.792 6.797 6.801 6.806 6.810 6.814 6.818 6.822 6.826 6.830 6.835 6.839
6.163 6.173 6.182 6.191 6.200 6.208 6.216 6.222 6.227 6.231 6.235 6.238 6.241 6.244 6.246 6.248 6.250 6.252 6.254 6.257 6.260 6.263 6.267 6.272 6.277 6.283 6.290 6.297 6.305 6.313 6.322 6.330 6.339 6.348 6.358 6.368 6.380 6.392 6.405 6.419 6.433 6.449 6.465 6.483 6.501 6.519 6.538 6.558 6.577 6.597 6.616 6.635 6.653 6.671 6.686 6.700 6.714 6.726 6.737 6.748 6.757 6.766 6.774 6.781 6.788 6.794 6.800 6.805 6.810 6.815 6.819 6.823 6.828 6.832 6.836 6.841 6.845
6.169 6.180 6.190 6.200 6.209 6.218 6.226 6.233 6.239 6.244 6.249 6.252 6.256 6.259 6.261 6.264 6.266 6.267 6.269 6.271 6.274 6.276 6.280 6.283 6.288 6.293 6.298 6.304 6.311 6.319 6.326 6.333 6.341 6.349 6.358 6.367 6.377 6.387 6.399 6.411 6.423 6.437 6.451 6.467 6.483 6.500 6.518 6.536 6.555 6.574 6.594 6.613 6.632 6.651 6.668 6.684 6.699 6.713 6.726 6.739 6.750 6.760 6.770 6.779 6.787 6.794 6.801 6.807 6.812 6.818 6.823 6.827 6.832 6.836 6.841 6.846 6.850
6.176 6.186 6.197 6.207 6.217 6.226 6.235 6.243 6.250 6.256 6.261 6.265 6.270 6.273 6.276 6.279 6.281 6.283 6.285 6.286 6.288 6.290 6.293 6.296 6.299 6.303 6.308 6.313 6.319 6.326 6.332 6.339 6.345 6.352 6.360 6.368 6.377 6.386 6.396 6.406 6.417 6.429 6.442 6.455 6.469 6.485 6.501 6.517 6.535 6.553 6.571 6.590 6.610 6.629 6.646 6.664 6.680 6.696 6.711 6.725 6.738 6.751 6.762 6.772 6.782 6.790 6.798 6.806 6.812 6.819 6.824 6.830 6.835 6.840 6.844 6.849 6.854
6.181 6.192 6.203 6.214 6.224 6.234 6.244 6.252 6.259 6.266 6.272 6.277 6.282 6.287 6.290 6.293 6.296 6.298 6.300 6.302 6.303 6.305 6.307 6.309 6.312 6.315 6.319 6.323 6.328 6.334 6.340 6.345 6.351 6.357 6.364 6.371 6.379 6.387 6.396 6.405 6.415 6.425 6.436 6.448 6.460 6.473 6.487 6.502 6.518 6.534 6.551 6.569 6.588 6.606 6.624 6.642 6.659 6.676 6.692 6.708 6.723 6.737 6.750 6.762 6.773 6.783 6.793 6.802 6.809 6.817 6.823 6.830 6.835 6.841 6.846 6.852 6.856
6.186 6.198 6.209 6.220 6.231 6.241 6.251 6.260 6.268 6.275 6.282 6.288 6.294 6.299 6.303 6.307 6.310 6.313 6.315 6.317 6.318 6.320 6.321 6.323 6.325 6.327 6.330 6.334 6.338 6.343 6.348 6.353 6.358 6.364 6.370 6.376 6.383 6.390 6.398 6.406 6.415 6.424 6.433 6.444 6.454 6.466 6.478 6.491 6.505 6.520 6.535 6.551 6.569 6.586 6.603 6.620 6.637 6.654 6.671 6.688 6.704 6.719 6.734 6.748 6.761 6.773 6.784 6.794 6.803 6.812 6.820 6.827 6.834 6.840 6.846 6.852 6.857
6.191 6.203 6.215 6.226 6.237 6.248 6.258 6.268 6.276 6.283 6.291 6.298 6.304 6.310 6.315 6.320 6.323 6.327 6.329 6.331 6.333 6.335 6.336 6.337 6.339 6.341 6.343 6.346 6.349 6.353 6.358 6.361 6.366 6.371 6.376 6.382 6.388 6.395 6.402 6.409 6.417 6.425 6.434 6.443 6.452 6.462 6.473 6.484 6.496 6.509 6.523 6.537 6.553 6.568 6.584 6.600 6.617 6.633 6.650 6.667 6.683 6.699 6.715 6.730 6.745 6.758 6.771 6.783 6.793 6.803 6.813 6.821 6.829 6.836 6.843 6.850 6.856
6.196 6.208 6.220 6.231 6.243 6.254 6.265 6.274 6.283 6.291 6.299 6.306 6.313 6.320 6.326 6.331 6.336 6.340 6.343 6.345 6.348 6.349 6.351 6.352 6.353 6.354 6.356 6.358 6.361 6.364 6.368 6.371 6.375 6.379 6.384 6.389 6.395 6.401 6.407 6.414 6.421 6.428 6.436 6.444 6.452 6.461 6.471 6.480 6.491 6.502 6.514 6.527 6.541 6.555 6.569 6.584 6.599 6.614 6.630 6.646 6.663 6.679 6.695 6.711 6.726 6.741 6.755 6.768 6.780 6.792 6.802 6.812 6.822 6.830 6.838 6.846 6.853
6.200 6.213 6.225 6.236 6.248 6.260 6.271 6.280 6.289 6.298 6.306 6.314 6.322 6.329 6.336 6.342 6.347 6.352 6.355 6.359 6.361 6.363 6.365 6.366 6.367 6.369 6.370 6.372 6.374 6.376 6.379 6.381 6.384 6.388 6.392 6.397 6.402 6.407 6.413 6.419 6.426 6.433 6.440 6.447 6.454 6.462 6.471 6.480 6.489 6.499 6.509 6.521 6.533 6.545 6.558 6.571 6.584 6.598 6.613 6.628 6.644 6.659 6.675 6.691 6.707 6.722 6.737 6.751 6.764 6.777 6.789 6.800 6.811 6.821 6.830 6.839 6.847
6.205 6.217 6.229 6.241 6.253 6.265 6.276 6.286 6.295 6.304 6.313 6.322 6.330 6.338 6.345 6.351 6.357 6.363 6.367 6.371 6.374 6.377 6.379 6.381 6.382 6.383 6.384 6.385 6.387 6.389 6.391 6.392 6.395 6.397 6.401 6.405 6.409 6.414 6.420 6.426 6.432 6.438 6.444 6.451 6.458 6.465 6.473 6.481 6.489 6.498 6.507 6.518 6.528 6.539 6.550 6.561 6.573 6.586 6.599 6.613 6.627 6.642 6.657 6.672 6.688 6.703 6.718 6.733 6.747 6.761 6.774 6.786 6.798 6.809 6.819 6.829 6.838
6.209 6.221 6.233 6.246 6.258 6.270 6.281 6.291 6.301 6.310 6.320 6.329 6.337 6.345 6.353 6.360 6.367 6.373 6.378 6.383 6.386 6.390 6.392 6.394 6.396 6.397 6.398 6.399 6.401 6.402 6.403 6.404 6.406 6.408 6.411 6.414 6.418 6.422 6.427 6.433 6.438 6.444 6.450 6.456 6.463 6.470 6.477 6.484 6.491 6.499 6.508 6.517 6.527 6.536 6.546 6.556 6.566 6.577 6.589 6.602 6.614 6.628 6.642 6.656 6.671 6.685 6.700 6.715 6.729 6.743 6.757 6.770 6.783 6.795 6.806 6.817 6.827
6.212 6.225 6.237 6.250 6.262 6.274 6.286 6.296 6.306 6.316 6.325 6.335 6.344 6.352 6.361 6.368 6.375 6.382 6.388 6.393 6.398 6.402 6.405 6.407 6.409 6.411 6.412 6.413 6.415 6.416 6.416 6.417 6.417 6.419 6.421 6.424 6.427 6.431 6.435 6.440 6.445 6.451 6.456 6.462 6.468 6.475 6.481 6.488 6.495 6.502 6.510 6.518 6.527 6.536 6.544 6.553 6.562 6.572 6.582 6.593 6.605 6.617 6.630 6.643 6.657 6.670 6.684 6.698 6.713 6.727 6.740 6.754 6.767 6.780 6.792 6.804 6.815
