TsunamiDB/out54159.asc
ncols          264
nrows          230
xllcorner      497853.4375
yllcorner      4229146.0000
cellsize         5.
NODATA_value   -99
[rows 102 to 135 of 230, columns 154 to 230 of 264]
6.811 6.814 6.818 6.821 6.824 6.827 6.830 6.833 6.836 6.839 6.842 6.844 6.847 6.850 6.854 6.857 6.861 6.865 6.869 6.873 6.877 6.882 6.887 6.892 6.898 6.904 6.911 6.918 6.925 6.933 6.941 6.950 6.959 6.968 6.978 6.988 6.999 7.009 7.020 7.032 7.043 7.055 7.067 7.078 7.091 7.103 7.115 7.128 7.140 7.153 7.166 7.179 7.191 7.204 7.217 7.229 7.242 7.255 7.267 7.278 7.289 7.300 7.312 7.327 7.341 7.358 7.378 7.402 7.431 7.465 7.508 7.561 7.619 7.656 7.694 7.754 7.811
6.818 6.821 6.824 6.827 6.831 6.834 6.837 6.840 6.843 6.846 6.849 6.852 6.855 6.858 6.861 6.865 6.869 6.873 6.877 6.881 6.885 6.890 6.894 6.900 6.906 6.912 6.918 6.925 6.933 6.941 6.949 6.958 6.967 6.976 6.986 6.997 7.007 7.018 7.029 7.041 7.053 7.065 7.077 7.089 7.101 7.114 7.126 7.139 7.152 7.165 7.178 7.191 7.204 7.217 7.229 7.242 7.255 7.268 7.280 7.293 7.306 7.320 7.334 7.351 7.368 7.388 7.411 7.438 7.467 7.502 7.547 7.602 7.663 7.701 7.740 7.802 7.857
6.824 6.828 6.831 6.834 6.837 6.841 6.844 6.847 6.850 6.853 6.856 6.859 6.863 6.866 6.869 6.873 6.876 6.880 6.884 6.888 6.893 6.897 6.902 6.907 6.913 6.919 6.926 6.933 6.940 6.948 6.956 6.965 6.974 6.984 6.994 7.004 7.015 7.026 7.038 7.050 7.062 7.074 7.086 7.098 7.111 7.123 7.136 7.149 7.163 7.176 7.189 7.202 7.215 7.227 7.240 7.252 7.265 7.278 7.292 7.306 7.321 7.337 7.354 7.373 7.392 7.415 7.441 7.471 7.502 7.538 7.583 7.639 7.703 7.743 7.784 7.844 7.899
6.831 6.834 6.838 6.841 6.844 6.847 6.851 6.854 6.857 6.860 6.864 6.867 6.870 6.873 6.877 6.880 6.884 6.888 6.892 6.896 6.900 6.905 6.909 6.915 6.920 6.926 6.933 6.940 6.947 6.955 6.963 6.972 6.981 6.991 7.001 7.012 7.023 7.034 7.046 7.058 7.070 7.082 7.094 7.107 7.119 7.132 7.145 7.158 7.172 7.186 7.199 7.212 7.224 7.236 7.248 7.261 7.274 7.287 7.302 7.318 7.335 7.353 7.372 7.393 7.415 7.440 7.470 7.501 7.534 7.572 7.617 7.674 7.745 7.787 7.827 7.887 7.940
6.837 6.841 6.844 6.847 6.851 6.854 6.858 6.861 6.864 6.867 6.871 6.874 6.877 6.881 6.884 6.888 6.892 6.896 6.899 6.903 6.908 6.912 6.917 6.922 6.928 6.933 6.940 6.947 6.954 6.962 6.970 6.979 6.988 6.998 7.008 7.019 7.030 7.041 7.053 7.065 7.078 7.090 7.102 7.114 7.127 7.140 7.153 7.167 7.180 7.194 7.207 7.219 7.231 7.243 7.256 7.268 7.282 7.296 7.312 7.329 7.348 7.368 7.390 7.413 7.436 7.464 7.496 7.530 7.566 7.604 7.649 7.717 7.792 7.830 7.868 7.926 7.977
6.844 6.847 6.851 6.854 6.857 6.861 6.864 6.868 6.871 6.874 6.878 6.881 6.885 6.888 6.892 6.895 6.899 6.903 6.907 6.911 6.915 6.920 6.924 6.929 6.935 6.941 6.947 6.954 6.961 6.969 6.977 6.986 6.995 7.005 7.015 7.025 7.036 7.048 7.060 7.072 7.085 7.097 7.109 7.122 7.134 7.147 7.161 7.174 7.188 7.201 7.214 7.226 7.238 7.250 7.262 7.275 7.289 7.304 7.322 7.341 7.361 7.383 7.408 7.432 7.456 7.487 7.522 7.560 7.598 7.641 7.695 7.766 7.834 7.870 7.907 7.961 8.009
6.850 6.854 6.857 6.861 6.864 6.867 6.871 6.874 6.878 6.881 6.885 6.888 6.892 6.895 6.899 6.903 6.907 6.911 6.914 6.918 6.923 6.927 6.932 6.937 6.942 6.948 6.954 6.960 6.968 6.975 6.983 6.992 7.001 7.011 7.021 7.032 7.043 7.054 7.066 7.079 7.091 7.103 7.116 7.128 7.141 7.154 7.167 7.181 7.195 7.208 7.220 7.232 7.244 7.256 7.269 7.282 7.297 7.313 7.331 7.352 7.374 7.399 7.426 7.451 7.477 7.511 7.550 7.591 7.635 7.684 7.743 7.809 7.871 7.905 7.941 7.992 8.036
6.856 6.860 6.864 6.867 6.871 6.874 6.878 6.881 6.885 6.888 6.892 6.895 6.899 6.902 6.906 6.910 6.914 6.918 6.922 6.926 6.930 6.934 6.939 6.944 6.949 6.955 6.961 6.967 6.974 6.982 6.990 6.998 7.008 7.017 7.027 7.038 7.049 7.060 7.072 7.085 7.097 7.109 7.122 7.134 7.147 7.160 7.173 7.187 7.200 7.214 7.226 7.238 7.250 7.263 7.276 7.289 7.305 7.322 7.342 7.363 7.387 7.415 7.445 7.472 7.499 7.538 7.581 7.626 7.675 7.729 7.788 7.849 7.905 7.937 7.971 8.018 8.060
6.863 6.866 6.870 6.873 6.877 6.880 6.884 6.888 6.891 6.895 6.898 6.902 6.906 6.909 6.913 6.917 6.921 6.925 6.929 6.933 6.937 6.942 6.946 6.951 6.956 6.962 6.968 6.974 6.981 6.988 6.996 7.005 7.014 7.023 7.033 7.044 7.055 7.066 7.078 7.091 7.103 7.115 7.128 7.140 7.153 7.166 7.179 7.192 7.206 7.219 7.232 7.244 7.256 7.269 7.283 7.297 7.314 7.332 7.352 7.375 7.401 7.431 7.464 7.494 7.524 7.567 7.613 7.663 7.716 7.771 7.829 7.885 7.936 7.967 7.998 8.041 8.080
6.869 6.872 6.876 6.880 6.883 6.887 6.890 6.894 6.898 6.901 6.905 6.909 6.912 6.916 6.920 6.924 6.928 6.932 6.936 6.940 6.944 6.949 6.953 6.958 6.963 6.969 6.974 6.981 6.988 6.995 7.003 7.011 7.020 7.029 7.039 7.050 7.061 7.072 7.084 7.096 7.109 7.121 7.133 7.146 7.158 7.171 7.184 7.197 7.211 7.224 7.237 7.250 7.263 7.276 7.290 7.305 7.323 7.342 7.363 7.387 7.415 7.448 7.486 7.517 7.550 7.597 7.648 7.701 7.755 7.810 7.866 7.918 7.965 7.993 8.022 8.062 8.097
6.875 6.879 6.882 6.886 6.889 6.893 6.897 6.900 6.904 6.908 6.911 6.915 6.919 6.923 6.926 6.930 6.935 6.939 6.943 6.947 6.951 6.956 6.960 6.965 6.970 6.975 6.981 6.987 6.994 7.001 7.009 7.017 7.026 7.035 7.045 7.055 7.066 7.077 7.089 7.102 7.114 7.126 7.138 7.151 7.163 7.176 7.189 7.202 7.215 7.229 7.242 7.256 7.269 7.283 7.297 7.314 7.332 7.352 7.374 7.399 7.430 7.467 7.509 7.542 7.578 7.629 7.683 7.738 7.793 7.847 7.900 7.948 7.991 8.018 8.045 8.081 8.113
6.881 6.884 6.888 6.892 6.895 6.899 6.903 6.906 6.910 6.914 6.918 6.921 6.925 6.929 6.933 6.937 6.941 6.946 6.950 6.954 6.958 6.962 6.967 6.972 6.977 6.982 6.988 6.994 7.000 7.008 7.015 7.023 7.032 7.041 7.051 7.061 7.072 7.083 7.095 7.108 7.120 7.131 7.143 7.156 7.168 7.180 7.193 7.207 7.220 7.234 7.248 7.262 7.276 7.290 7.305 7.322 7.342 7.363 7.386 7.413 7.447 7.488 7.534 7.569 7.607 7.661 7.717 7.772 7.826 7.879 7.929 7.974 8.014 8.039 8.063 8.096 8.126
6.887 6.890 6.894 6.898 6.901 6.905 6.909 6.912 6.916 6.920 6.924 6.928 6.931 6.935 6.939 6.943 6.948 6.952 6.956 6.960 6.965 6.969 6.974 6.978 6.983 6.989 6.994 7.000 7.007 7.014 7.021 7.029 7.038 7.047 7.056 7.066 7.077 7.088 7.100 7.113 7.125 7.136 7.148 7.160 7.172 7.185 7.197 7.211 7.224 7.239 7.253 7.268 7.282 7.297 7.313 7.331 7.351 7.374 7.399 7.428 7.464 7.507 7.557 7.595 7.635 7.691 7.748 7.804 7.857 7.908 7.957 7.999 8.036 8.059 8.081 8.112 8.139
6.892 6.896 6.900 6.903 6.907 6.911 6.915 6.918 6.922 6.926 6.930 6.934 6.937 6.941 6.945 6.950 6.954 6.958 6.963 6.967 6.971 6.976 6.980 6.985 6.990 6.995 7.001 7.007 7.013 7.020 7.027 7.035 7.043 7.052 7.062 7.072 7.082 7.094 7.106 7.118 7.130 7.141 7.152 7.164 7.176 7.188 7.201 7.214 7.229 7.243 7.259 7.274 7.289 7.304 7.320 7.339 7.361 7.385 7.412 7.444 7.482 7.529 7.585 7.625 7.666 7.724 7.781 7.836 7.888 7.938 7.984 8.024 8.058 8.079 8.099 8.127 8.152
6.898 6.901 6.905 6.909 6.913 6.916 6.920 6.924 6.928 6.932 6.936 6.939 6.943 6.947 6.951 6.956 6.960 6.965 6.969 6.973 6.977 6.982 6.986 6.991 6.996 7.001 7.007 7.013 7.019 7.026 7.033 7.041 7.049 7.058 7.067 7.077 7.088 7.099 7.110 7.122 7.134 7.145 7.156 7.168 7.180 7.192 7.205 7.218 7.233 7.248 7.264 7.280 7.295 7.311 7.328 7.348 7.371 7.397 7.427 7.461 7.502 7.557 7.618 7.657 7.697 7.756 7.813 7.867 7.918 7.966 8.010 8.046 8.077 8.097 8.116 8.141 8.164
6.903 6.907 6.910 6.914 6.918 6.922 6.926 6.930 6.933 6.937 6.941 6.945 6.949 6.953 6.957 6.962 6.966 6.971 6.975 6.979 6.983 6.988 6.992 6.997 7.002 7.007 7.013 7.019 7.025 7.031 7.039 7.046 7.054 7.063 7.072 7.082 7.092 7.103 7.115 7.127 7.138 7.149 7.160 7.171 7.183 7.195 7.208 7.222 7.237 7.253 7.269 7.285 7.302 7.319 7.337 7.358 7.384 7.413 7.445 7.484 7.531 7.590 7.649 7.687 7.728 7.786 7.843 7.896 7.946 7.992 8.032 8.066 8.095 8.114 8.131 8.155 8.176
6.908 6.912 6.916 6.919 6.923 6.927 6.931 6.935 6.939 6.943 6.947 6.951 6.955 6.959 6.963 6.967 6.972 6.976 6.980 6.985 6.989 6.994 6.998 7.003 7.008 7.013 7.018 7.024 7.030 7.037 7.044 7.051 7.059 7.068 7.077 7.087 7.097 7.108 7.119 7.131 7.142 7.152 7.163 7.175 7.187 7.199 7.212 7.226 7.242 7.258 7.274 7.291 7.309 7.327 7.346 7.370 7.398 7.431 7.467 7.511 7.563 7.621 7.679 7.717 7.757 7.814 7.870 7.923 7.971 8.014 8.052 8.084 8.112 8.129 8.146 8.167 8.187
6.913 6.917 6.921 6.925 6.928 6.932 6.936 6.940 6.944 6.948 6.952 6.956 6.960 6.964 6.968 6.973 6.978 6.982 6.986 6.990 6.995 6.999 7.004 7.009 7.013 7.019 7.024 7.030 7.036 7.042 7.049 7.057 7.064 7.073 7.082 7.091 7.101 7.112 7.123 7.134 7.145 7.156 7.166 7.178 7.190 7.202 7.216 7.230 7.246 7.262 7.279 7.297 7.317 7.336 7.357 7.384 7.416 7.451 7.492 7.540 7.594 7.651 7.707 7.744 7.784 7.841 7.896 7.947 7.993 8.034 8.071 8.101 8.128 8.144 8.159 8.179 8.197
6.918 6.922 6.926 6.930 6.933 6.937 6.941 6.945 6.949 6.953 6.957 6.961 6.965 6.969 6.974 6.978 6.983 6.987 6.991 6.996 7.000 7.005 7.009 7.014 7.019 7.024 7.029 7.035 7.041 7.047 7.054 7.061 7.069 7.077 7.086 7.095 7.105 7.116 7.127 7.138 7.148 7.159 7.169 7.181 7.193 7.206 7.219 7.234 7.249 7.266 7.284 7.304 7.326 7.347 7.370 7.401 7.436 7.475 7.520 7.569 7.623 7.679 7.734 7.770 7.809 7.865 7.919 7.969 8.013 8.053 8.088 8.118 8.142 8.157 8.171 8.190 8.206
6.923 6.927 6.931 6.934 6.938 6.942 6.946 6.950 6.954 6.958 6.962 6.966 6.970 6.975 6.979 6.983 6.988 6.992 6.996 7.001 7.005 7.010 7.014 7.019 7.024 7.029 7.034 7.040 7.046 7.052 7.059 7.066 7.073 7.082 7.090 7.099 7.109 7.119 7.130 7.141 7.151 7.162 7.172 7.184 7.196 7.209 7.222 7.237 7.253 7.270 7.289 7.311 7.336 7.360 7.385 7.419 7.458 7.501 7.547 7.596 7.649 7.705 7.759 7.795 7.833 7.888 7.941 7.989 8.032 8.071 8.105 8.133 8.156 8.170 8.183 8.199 8.214
6.928 6.931 6.935 6.939 6.943 6.947 6.951 6.955 6.959 6.963 6.967 6.971 6.975 6.980 6.984 6.988 6.993 6.997 7.001 7.006 7.010 7.015 7.019 7.024 7.029 7.034 7.039 7.045 7.051 7.057 7.063 7.070 7.078 7.085 7.094 7.103 7.112 7.122 7.133 7.144 7.154 7.165 7.175 7.187 7.199 7.211 7.225 7.240 7.256 7.273 7.294 7.319 7.347 7.373 7.402 7.440 7.482 7.526 7.573 7.623 7.675 7.729 7.783 7.818 7.855 7.910 7.961 8.008 8.050 8.087 8.120 8.147 8.168 8.180 8.192 8.207 8.220
6.932 6.936 6.940 6.944 6.948 6.952 6.956 6.960 6.964 6.968 6.972 6.976 6.980 6.984 6.989 6.993 6.998 7.002 7.006 7.011 7.015 7.020 7.024 7.029 7.034 7.039 7.044 7.049 7.055 7.061 7.068 7.074 7.081 7.089 7.097 7.106 7.115 7.125 7.135 7.146 7.157 7.167 7.177 7.189 7.201 7.213 7.227 7.242 7.259 7.278 7.301 7.329 7.360 7.389 7.419 7.461 7.505 7.551 7.598 7.646 7.698 7.752 7.806 7.841 7.877 7.930 7.980 8.025 8.065 8.102 8.133 8.158 8.177 8.188 8.199 8.213 8.225
6.937 6.941 6.945 6.949 6.953 6.956 6.960 6.964 6.969 6.973 6.977 6.981 6.985 6.989 6.993 6.998 7.003 7.007 7.011 7.015 7.020 7.024 7.029 7.033 7.038 7.043 7.048 7.054 7.059 7.065 7.072 7.078 7.085 7.092 7.100 7.109 7.118 7.127 7.138 7.149 7.159 7.170 7.180 7.191 7.203 7.215 7.229 7.245 7.262 7.283 7.308 7.338 7.373 7.404 7.437 7.481 7.527 7.574 7.621 7.670 7.720 7.773 7.827 7.862 7.897 7.949 7.997 8.040 8.079 8.114 8.144 8.168 8.185 8.196 8.205 8.217 8.229
6.942 6.946 6.949 6.953 6.957 6.961 6.965 6.969 6.973 6.977 6.981 6.985 6.990 6.994 6.998 7.003 7.007 7.011 7.016 7.020 7.024 7.029 7.033 7.038 7.043 7.047 7.053 7.058 7.064 7.070 7.076 7.082 7.089 7.096 7.103 7.111 7.120 7.129 7.140 7.151 7.162 7.172 7.181 7.192 7.204 7.216 7.231 7.247 7.266 7.288 7.315 7.349 7.388 7.422 7.457 7.502 7.550 7.598 7.645 7.693 7.742 7.794 7.850 7.885 7.919 7.969 8.014 8.056 8.093 8.127 8.156 8.178 8.192 8.201 8.210 8.221 8.232
6.947 6.950 6.954 6.958 6.962 6.966 6.970 6.974 6.978 6.982 6.986 6.990 6.994 6.998 7.003 7.007 7.012 7.016 7.020 7.024 7.029 7.033 7.038 7.042 7.047 7.052 7.057 7.062 7.068 7.074 7.080 7.086 7.092 7.099 7.106 7.114 7.122 7.132 7.142 7.153 7.164 7.173 7.182 7.193 7.205 7.217 7.233 7.250 7.271 7.296 7.325 7.364 7.408 7.441 7.477 7.524 7.573 7.621 7.669 7.716 7.763 7.819 7.876 7.908 7.940 7.988 8.031 8.070 8.105 8.138 8.166 8.184 8.195 8.204 8.213 8.224 8.234
6.951 6.955 6.959 6.963 6.966 6.970 6.974 6.978 6.982 6.986 6.990 6.994 6.998 7.003 7.007 7.012 7.016 7.020 7.024 7.029 7.033 7.037 7.042 7.046 7.051 7.056 7.061 7.066 7.072 7.077 7.083 7.089 7.095 7.101 7.108 7.116 7.125 7.134 7.144 7.155 7.165 7.173 7.183 7.194 7.206 7.220 7.236 7.255 7.278 7.306 7.340 7.383 7.427 7.461 7.497 7.546 7.595 7.645 7.693 7.741 7.791 7.847 7.899 7.930 7.961 8.006 8.046 8.083 8.116 8.146 8.170 8.186 8.198 8.206 8.214 8.225 8.236
6.956 6.960 6.963 6.967 6.971 6.975 6.979 6.983 6.987 6.991 6.995 6.999 7.003 7.007 7.011 7.016 7.020 7.025 7.029 7.033 7.037 7.042 7.046 7.051 7.055 7.060 7.065 7.070 7.075 7.081 7.087 7.092 7.098 7.104 7.111 7.118 7.127 7.136 7.146 7.156 7.165 7.174 7.184 7.196 7.209 7.223 7.241 7.263 7.288 7.320 7.358 7.401 7.446 7.481 7.517 7.567 7.618 7.669 7.718 7.768 7.820 7.872 7.921 7.950 7.979 8.021 8.059 8.093 8.124 8.150 8.172 8.187 8.199 8.208 8.215 8.226 8.238
6.961 6.965 6.968 6.972 6.976 6.979 6.983 6.987 6.991 6.995 6.999 7.003 7.007 7.011 7.016 7.020 7.025 7.029 7.033 7.037 7.041 7.046 7.050 7.055 7.059 7.064 7.069 7.074 7.079 7.085 7.090 7.096 7.101 7.107 7.114 7.121 7.129 7.138 7.147 7.157 7.166 7.176 7.186 7.199 7.212 7.229 7.249 7.272 7.301 7.335 7.375 7.420 7.465 7.500 7.538 7.590 7.642 7.693 7.745 7.796 7.847 7.896 7.941 7.968 7.996 8.034 8.069 8.101 8.129 8.152 8.172 8.187 8.200 8.208 8.216 8.228 8.240
6.966 6.970 6.973 6.977 6.980 6.984 6.988 6.992 6.996 6.999 7.003 7.007 7.012 7.016 7.020 7.024 7.029 7.033 7.037 7.041 7.046 7.050 7.054 7.059 7.063 7.068 7.073 7.078 7.083 7.088 7.094 7.099 7.104 7.110 7.116 7.123 7.131 7.139 7.148 7.158 7.167 7.178 7.189 7.203 7.218 7.236 7.258 7.285 7.316 7.352 7.393 7.438 7.485 7.521 7.559 7.612 7.666 7.719 7.771 7.822 7.872 7.918 7.959 7.984 8.011 8.046 8.078 8.107 8.132 8.153 8.172 8.187 8.200 8.209 8.216 8.229 8.242
6.971 6.975 6.978 6.982 6.985 6.989 6.992 6.996 7.000 7.004 7.008 7.012 7.016 7.020 7.024 7.029 7.033 7.037 7.041 7.045 7.050 7.054 7.058 7.063 7.067 7.072 7.076 7.081 7.087 7.092 7.098 7.103 7.107 7.113 7.119 7.125 7.132 7.141 7.149 7.158 7.169 7.180 7.194 7.208 7.224 7.245 7.270 7.299 7.331 7.368 7.410 7.457 7.505 7.542 7.581 7.635 7.691 7.745 7.797 7.847 7.895 7.938 7.976 7.999 8.023 8.055 8.085 8.111 8.134 8.154 8.171 8.186 8.200 8.209 8.217 8.230 8.244
6.976 6.980 6.983 6.986 6.990 6.993 6.997 7.001 7.005 7.008 7.012 7.016 7.020 7.024 7.028 7.033 7.037 7.041 7.045 7.049 7.054 7.058 7.062 7.066 7.071 7.075 7.080 7.085 7.091 7.096 7.101 7.106 7.110 7.116 7.121 7.127 7.134 7.142 7.150 7.160 7.171 7.184 7.199 7.215 7.232 7.255 7.283 7.313 7.347 7.385 7.427 7.476 7.526 7.564 7.603 7.660 7.716 7.770 7.821 7.871 7.916 7.956 7.990 8.012 8.035 8.063 8.090 8.114 8.135 8.153 8.170 8.185 8.200 8.209 8.217 8.231 8.245
6.981 6.985 6.988 6.991 6.995 6.998 7.002 7.005 7.009 7.013 7.017 7.021 7.024 7.028 7.033 7.037 7.041 7.045 7.049 7.053 7.058 7.062 7.066 7.070 7.075 7.079 7.084 7.089 7.094 7.100 7.105 7.109 7.113 7.118 7.123 7.129 7.135 7.143 7.152 7.162 7.174 7.188 7.205 7.222 7.241 7.267 7.296 7.328 7.363 7.401 7.445 7.495 7.548 7.586 7.626 7.684 7.739 7.793 7.843 7.891 7.934 7.971 8.002 8.023 8.043 8.069 8.093 8.115 8.135 8.152 8.169 8.184 8.199 8.208 8.217 8.232 8.247
6.987 6.990 6.993 6.996 7.000 7.003 7.007 7.010 7.014 7.017 7.021 7.025 7.029 7.033 7.037 7.041 7.045 7.049 7.053 7.057 7.062 7.066 7.070 7.074 7.078 7.083 7.088 7.093 7.098 7.103 7.108 7.113 7.116 7.121 7.125 7.130 7.136 7.144 7.153 7.164 7.177 7.193 7.212 7.230 7.251 7.278 7.309 7.343 7.378 7.418 7.463 7.513 7.568 7.608 7.649 7.706 7.761 7.814 7.863 7.909 7.950 7.985 8.014 8.033 8.051 8.075 8.097 8.117 8.135 8.152 8.168 8.183 8.198 8.208 8.217 8.232 8.247
6.992 6.995 6.998 7.001 7.005 7.008 7.011 7.015 7.018 7.022 7.026 7.029 7.033 7.037 7.041 7.046 7.050 7.053 7.057 7.061 7.065 7.070 7.074 7.078 7.082 7.087 7.092 7.097 7.102 7.107 7.112 7.116 7.119 7.123 7.127 7.132 7.138 7.145 7.155 7.167 7.181 7.199 7.220 7.239 7.261 7.290 7.323 7.358 7.395 7.436 7.481 7.533 7.593 7.633 7.674 7.731 7.785 7.836 7.883 7.927 7.967 8.000 8.025 8.041 8.058 8.080 8.100 8.119 8.136 8.151 8.167 8.182 8.198 8.208 8.217 8.233 8.248
