TsunamiDB/out54083.asc
ncols          264
nrows          230
xllcorner      497853.4375
yllcorner      4229146.0000
cellsize         5.
NODATA_value   -99
[rows 170 to 203 of 230, columns 77 to 153 of 264]
6.049 6.067 6.084 6.102 6.120 6.138 6.155 6.172 6.189 6.206 6.221 6.237 6.252 6.266 6.280 6.294 6.307 6.320 6.333 6.345 6.357 6.370 6.381 6.392 6.403 6.414 6.426 6.437 6.449 6.460 6.470 6.481 6.491 6.501 6.511 6.521 6.531 6.540 6.550 6.560 6.570 6.581 6.592 6.603 6.615 6.627 6.638 6.650 6.662 6.675 6.689 6.702 6.715 6.728 6.742 6.755 6.767 6.780 6.793 6.805 6.817 6.830 6.842 6.855 6.868 6.881 6.894 6.908 6.921 6.934 6.946 6.959 6.972 6.985 6.998 7.011 7.024
6.054 6.071 6.088 6.105 6.123 6.140 6.158 6.175 6.192 6.209 6.225 6.241 6.256 6.271 6.286 6.300 6.314 6.327 6.340 6.353 6.366 6.378 6.390 6.401 6.412 6.424 6.435 6.447 6.458 6.470 6.481 6.491 6.502 6.512 6.522 6.531 6.541 6.550 6.560 6.570 6.580 6.590 6.601 6.612 6.623 6.634 6.645 6.657 6.670 6.683 6.696 6.709 6.723 6.736 6.750 6.763 6.776 6.789 6.802 6.815 6.827 6.840 6.853 6.865 6.879 6.892 6.906 6.919 6.933 6.945 6.958 6.972 6.985 6.998 7.012 7.025 7.038
6.061 6.076 6.093 6.109 6.126 6.143 6.161 6.178 6.195 6.212 6.228 6.244 6.260 6.275 6.290 6.305 6.319 6.333 6.347 6.360 6.373 6.386 6.397 6.409 6.420 6.432 6.444 6.456 6.468 6.479 6.490 6.501 6.512 6.522 6.532 6.542 6.551 6.561 6.570 6.579 6.589 6.599 6.610 6.620 6.632 6.642 6.653 6.665 6.677 6.690 6.703 6.717 6.731 6.744 6.758 6.771 6.785 6.798 6.811 6.824 6.837 6.850 6.863 6.876 6.889 6.903 6.917 6.931 6.944 6.957 6.970 6.984 6.997 7.011 7.025 7.039 7.052
6.070 6.084 6.099 6.115 6.131 6.147 6.164 6.181 6.197 6.214 6.231 6.247 6.263 6.279 6.294 6.309 6.324 6.338 6.352 6.366 6.379 6.392 6.404 6.416 6.428 6.440 6.452 6.464 6.476 6.488 6.499 6.511 6.521 6.532 6.542 6.552 6.561 6.571 6.580 6.590 6.599 6.609 6.619 6.629 6.640 6.650 6.661 6.673 6.685 6.698 6.711 6.725 6.738 6.752 6.766 6.780 6.793 6.807 6.820 6.834 6.847 6.860 6.873 6.886 6.900 6.914 6.928 6.942 6.955 6.968 6.982 6.996 7.010 7.024 7.038 7.052 7.066
6.081 6.094 6.107 6.122 6.137 6.152 6.168 6.184 6.201 6.217 6.233 6.250 6.266 6.282 6.297 6.312 6.327 6.342 6.356 6.370 6.384 6.398 6.410 6.422 6.434 6.447 6.459 6.472 6.484 6.496 6.508 6.519 6.530 6.541 6.552 6.562 6.571 6.581 6.590 6.600 6.609 6.618 6.628 6.639 6.649 6.659 6.669 6.681 6.693 6.706 6.719 6.732 6.746 6.760 6.774 6.788 6.802 6.816 6.829 6.843 6.856 6.870 6.883 6.897 6.910 6.925 6.939 6.953 6.966 6.980 6.994 7.008 7.022 7.037 7.052 7.066 7.081
6.095 6.106 6.118 6.131 6.145 6.159 6.174 6.189 6.205 6.221 6.237 6.253 6.268 6.284 6.300 6.315 6.330 6.345 6.360 6.374 6.389 6.402 6.414 6.427 6.440 6.452 6.465 6.478 6.491 6.503 6.515 6.527 6.539 6.550 6.560 6.571 6.581 6.591 6.600 6.610 6.619 6.628 6.638 6.648 6.658 6.667 6.678 6.689 6.701 6.713 6.727 6.740 6.754 6.768 6.782 6.796 6.810 6.825 6.838 6.852 6.866 6.880 6.893 6.907 6.921 6.935 6.950 6.964 6.978 6.992 7.006 7.020 7.035 7.050 7.065 7.080 7.095
6.111 6.121 6.131 6.143 6.155 6.168 6.182 6.196 6.210 6.225 6.241 6.256 6.272 6.287 6.303 6.318 6.333 6.348 6.363 6.378 6.392 6.406 6.418 6.431 6.444 6.457 6.470 6.483 6.496 6.509 6.522 6.534 6.546 6.557 6.569 6.579 6.590 6.600 6.610 6.619 6.629 6.638 6.648 6.658 6.667 6.676 6.686 6.697 6.709 6.722 6.735 6.748 6.762 6.776 6.790 6.805 6.819 6.833 6.848 6.862 6.876 6.890 6.904 6.918 6.932 6.946 6.961 6.975 6.989 7.003 7.018 7.033 7.048 7.063 7.078 7.094 7.109
6.129 6.138 6.147 6.157 6.168 6.180 6.192 6.204 6.218 6.232 6.246 6.261 6.276 6.291 6.306 6.321 6.336 6.351 6.366 6.381 6.395 6.409 6.421 6.434 6.448 6.461 6.475 6.488 6.501 6.514 6.527 6.540 6.552 6.564 6.576 6.587 6.598 6.609 6.619 6.628 6.638 6.648 6.657 6.667 6.676 6.685 6.695 6.706 6.717 6.730 6.743 6.756 6.770 6.784 6.799 6.813 6.828 6.842 6.857 6.871 6.885 6.900 6.914 6.928 6.942 6.957 6.972 6.987 7.001 7.015 7.030 7.045 7.061 7.076 7.092 7.108 7.124
6.149 6.157 6.165 6.174 6.184 6.194 6.204 6.216 6.228 6.240 6.254 6.267 6.281 6.296 6.310 6.325 6.339 6.354 6.369 6.383 6.398 6.411 6.424 6.437 6.451 6.464 6.478 6.492 6.505 6.518 6.532 6.545 6.558 6.570 6.582 6.594 6.605 6.616 6.627 6.637 6.647 6.657 6.666 6.676 6.685 6.694 6.704 6.714 6.726 6.738 6.751 6.764 6.778 6.792 6.807 6.821 6.836 6.851 6.866 6.880 6.895 6.910 6.924 6.939 6.953 6.968 6.983 6.998 7.012 7.027 7.042 7.058 7.073 7.089 7.106 7.122 7.138
6.169 6.177 6.185 6.193 6.201 6.210 6.220 6.230 6.240 6.251 6.263 6.276 6.289 6.302 6.316 6.329 6.343 6.358 6.372 6.386 6.400 6.414 6.427 6.440 6.453 6.467 6.481 6.495 6.508 6.522 6.536 6.549 6.562 6.575 6.588 6.600 6.612 6.623 6.634 6.645 6.655 6.665 6.675 6.685 6.694 6.703 6.713 6.723 6.734 6.746 6.759 6.772 6.786 6.800 6.815 6.830 6.845 6.860 6.875 6.890 6.905 6.920 6.934 6.949 6.964 6.979 6.995 7.010 7.024 7.039 7.055 7.071 7.087 7.103 7.120 7.136 7.153
6.189 6.197 6.205 6.213 6.221 6.229 6.237 6.246 6.255 6.265 6.276 6.287 6.298 6.310 6.323 6.336 6.349 6.362 6.376 6.390 6.404 6.417 6.429 6.442 6.456 6.470 6.483 6.497 6.511 6.525 6.539 6.552 6.566 6.579 6.592 6.605 6.617 6.629 6.641 6.652 6.663 6.673 6.683 6.694 6.703 6.712 6.721 6.732 6.743 6.755 6.767 6.780 6.794 6.809 6.823 6.838 6.854 6.869 6.884 6.899 6.915 6.930 6.945 6.960 6.975 6.990 7.006 7.021 7.036 7.052 7.067 7.084 7.100 7.117 7.134 7.151 7.169
6.207 6.216 6.225 6.233 6.241 6.248 6.256 6.264 6.272 6.281 6.290 6.300 6.310 6.321 6.333 6.344 6.357 6.369 6.382 6.395 6.408 6.421 6.433 6.446 6.459 6.472 6.486 6.500 6.513 6.527 6.541 6.555 6.569 6.583 6.596 6.609 6.622 6.635 6.647 6.658 6.670 6.681 6.691 6.702 6.711 6.720 6.730 6.740 6.751 6.763 6.776 6.789 6.803 6.817 6.832 6.847 6.862 6.878 6.893 6.909 6.925 6.940 6.955 6.971 6.986 7.002 7.018 7.033 7.049 7.064 7.080 7.097 7.114 7.131 7.149 7.166 7.184
6.225 6.235 6.244 6.253 6.261 6.269 6.276 6.284 6.291 6.299 6.307 6.316 6.325 6.335 6.345 6.355 6.366 6.378 6.389 6.402 6.414 6.426 6.437 6.449 6.462 6.475 6.489 6.502 6.516 6.530 6.544 6.558 6.572 6.586 6.599 6.613 6.626 6.639 6.652 6.664 6.676 6.687 6.698 6.709 6.719 6.728 6.738 6.749 6.760 6.771 6.784 6.797 6.811 6.825 6.840 6.855 6.871 6.887 6.903 6.919 6.934 6.950 6.966 6.982 6.998 7.014 7.030 7.046 7.061 7.077 7.094 7.111 7.128 7.146 7.164 7.182 7.201
6.240 6.251 6.261 6.271 6.280 6.288 6.296 6.304 6.311 6.318 6.326 6.334 6.342 6.350 6.359 6.369 6.378 6.389 6.399 6.410 6.422 6.433 6.443 6.455 6.467 6.479 6.492 6.505 6.519 6.532 6.546 6.560 6.574 6.588 6.602 6.616 6.630 6.643 6.656 6.669 6.681 6.693 6.705 6.716 6.727 6.736 6.746 6.757 6.768 6.780 6.792 6.805 6.819 6.833 6.848 6.864 6.880 6.896 6.912 6.928 6.945 6.961 6.977 6.993 7.009 7.025 7.042 7.058 7.074 7.090 7.107 7.125 7.143 7.161 7.179 7.198 7.217
6.253 6.266 6.277 6.288 6.298 6.307 6.315 6.323 6.331 6.338 6.345 6.353 6.360 6.368 6.376 6.384 6.393 6.402 6.412 6.422 6.432 6.442 6.451 6.462 6.473 6.485 6.497 6.510 6.522 6.536 6.549 6.563 6.577 6.591 6.605 6.619 6.633 6.647 6.660 6.674 6.686 6.699 6.711 6.723 6.734 6.743 6.754 6.765 6.776 6.788 6.800 6.813 6.827 6.842 6.857 6.872 6.889 6.905 6.921 6.938 6.955 6.971 6.988 7.004 7.021 7.038 7.055 7.071 7.087 7.104 7.121 7.139 7.157 7.176 7.195 7.214 7.234
6.265 6.278 6.291 6.303 6.314 6.324 6.333 6.342 6.350 6.358 6.365 6.372 6.380 6.387 6.394 6.402 6.410 6.418 6.427 6.436 6.445 6.454 6.462 6.471 6.482 6.492 6.504 6.515 6.528 6.540 6.553 6.566 6.580 6.594 6.608 6.622 6.636 6.650 6.664 6.678 6.691 6.704 6.717 6.729 6.740 6.751 6.761 6.772 6.784 6.796 6.808 6.821 6.835 6.850 6.865 6.881 6.897 6.914 6.931 6.948 6.965 6.982 6.999 7.016 7.033 7.050 7.067 7.084 7.101 7.118 7.136 7.154 7.173 7.192 7.211 7.231 7.251
6.275 6.289 6.303 6.316 6.328 6.339 6.349 6.359 6.368 6.376 6.384 6.392 6.399 6.406 6.414 6.421 6.428 6.436 6.444 6.452 6.460 6.468 6.475 6.483 6.493 6.502 6.512 6.523 6.534 6.546 6.559 6.571 6.584 6.598 6.612 6.626 6.640 6.654 6.668 6.682 6.696 6.709 6.722 6.735 6.747 6.757 6.768 6.780 6.791 6.804 6.816 6.830 6.844 6.858 6.874 6.890 6.906 6.923 6.940 6.958 6.975 6.993 7.010 7.027 7.045 7.063 7.080 7.098 7.115 7.132 7.150 7.169 7.188 7.208 7.228 7.248 7.269
6.283 6.299 6.313 6.327 6.340 6.352 6.364 6.374 6.384 6.393 6.402 6.410 6.418 6.426 6.433 6.440 6.448 6.455 6.462 6.470 6.477 6.484 6.491 6.498 6.506 6.515 6.524 6.533 6.544 6.554 6.566 6.578 6.590 6.603 6.617 6.630 6.644 6.658 6.672 6.686 6.700 6.714 6.728 6.741 6.753 6.764 6.775 6.787 6.799 6.811 6.824 6.838 6.852 6.867 6.882 6.898 6.915 6.932 6.950 6.968 6.986 7.003 7.021 7.039 7.057 7.075 7.094 7.111 7.129 7.147 7.165 7.185 7.204 7.225 7.245 7.266 7.287
6.291 6.307 6.322 6.337 6.351 6.364 6.376 6.388 6.399 6.409 6.418 6.427 6.436 6.444 6.452 6.460 6.467 6.475 6.482 6.489 6.496 6.503 6.509 6.515 6.522 6.530 6.538 6.546 6.555 6.565 6.575 6.586 6.598 6.610 6.623 6.636 6.650 6.663 6.677 6.692 6.706 6.720 6.733 6.747 6.759 6.771 6.782 6.794 6.807 6.819 6.832 6.846 6.860 6.875 6.891 6.907 6.924 6.942 6.960 6.978 6.996 7.014 7.033 7.051 7.070 7.088 7.107 7.125 7.143 7.161 7.180 7.200 7.220 7.241 7.262 7.283 7.305
6.297 6.314 6.330 6.345 6.360 6.374 6.387 6.400 6.412 6.423 6.433 6.443 6.453 6.461 6.470 6.478 6.486 6.494 6.502 6.509 6.516 6.522 6.528 6.534 6.541 6.547 6.555 6.562 6.570 6.578 6.588 6.597 6.608 6.619 6.631 6.643 6.657 6.670 6.684 6.698 6.712 6.726 6.740 6.753 6.766 6.778 6.790 6.802 6.815 6.827 6.841 6.854 6.869 6.884 6.900 6.916 6.933 6.951 6.969 6.988 7.007 7.026 7.045 7.063 7.083 7.102 7.121 7.139 7.157 7.176 7.196 7.216 7.237 7.258 7.280 7.301 7.323
6.303 6.320 6.337 6.353 6.368 6.383 6.397 6.411 6.423 6.435 6.447 6.457 6.468 6.477 6.487 6.496 6.504 6.513 6.521 6.529 6.536 6.543 6.548 6.554 6.561 6.567 6.574 6.580 6.587 6.595 6.603 6.611 6.621 6.631 6.641 6.653 6.665 6.678 6.691 6.705 6.719 6.733 6.747 6.761 6.773 6.785 6.797 6.810 6.823 6.836 6.849 6.863 6.878 6.893 6.909 6.925 6.943 6.961 6.979 6.998 7.017 7.037 7.056 7.076 7.095 7.115 7.134 7.153 7.172 7.191 7.211 7.232 7.253 7.275 7.297 7.319 7.341
6.308 6.326 6.343 6.360 6.376 6.391 6.406 6.420 6.434 6.446 6.459 6.470 6.481 6.492 6.502 6.512 6.521 6.530 6.539 6.548 6.556 6.562 6.569 6.575 6.582 6.588 6.594 6.600 6.607 6.613 6.620 6.628 6.636 6.645 6.655 6.665 6.676 6.688 6.701 6.714 6.727 6.741 6.755 6.769 6.781 6.793 6.806 6.819 6.831 6.845 6.858 6.872 6.887 6.902 6.918 6.935 6.953 6.971 6.990 7.009 7.028 7.048 7.068 7.088 7.108 7.128 7.148 7.167 7.187 7.206 7.227 7.248 7.269 7.292 7.314 7.337 7.359
6.313 6.332 6.349 6.366 6.383 6.399 6.414 6.429 6.443 6.457 6.469 6.482 6.494 6.505 6.516 6.526 6.537 6.546 6.556 6.566 6.574 6.581 6.588 6.595 6.602 6.609 6.616 6.622 6.628 6.634 6.640 6.647 6.654 6.662 6.670 6.680 6.690 6.701 6.713 6.725 6.738 6.751 6.765 6.778 6.790 6.802 6.815 6.828 6.841 6.854 6.868 6.882 6.897 6.912 6.928 6.945 6.963 6.981 7.000 7.020 7.040 7.060 7.080 7.101 7.121 7.142 7.162 7.181 7.201 7.221 7.242 7.264 7.286 7.308 7.331 7.354 7.377
6.318 6.337 6.355 6.373 6.390 6.406 6.422 6.437 6.452 6.466 6.480 6.493 6.505 6.517 6.529 6.540 6.551 6.561 6.572 6.582 6.591 6.599 6.607 6.615 6.623 6.630 6.637 6.644 6.650 6.656 6.662 6.668 6.674 6.681 6.689 6.697 6.706 6.716 6.727 6.738 6.750 6.763 6.776 6.789 6.801 6.813 6.825 6.838 6.851 6.865 6.878 6.892 6.907 6.922 6.938 6.955 6.973 6.992 7.011 7.031 7.051 7.072 7.092 7.113 7.134 7.155 7.176 7.196 7.216 7.236 7.257 7.279 7.302 7.325 7.348 7.372 7.394
6.323 6.342 6.361 6.379 6.396 6.413 6.429 6.445 6.460 6.475 6.489 6.503 6.516 6.528 6.541 6.552 6.564 6.575 6.586 6.597 6.607 6.616 6.625 6.633 6.642 6.650 6.658 6.665 6.672 6.678 6.684 6.690 6.696 6.702 6.709 6.716 6.725 6.733 6.743 6.754 6.765 6.777 6.790 6.802 6.813 6.825 6.837 6.850 6.863 6.876 6.890 6.903 6.918 6.933 6.949 6.966 6.984 7.003 7.022 7.042 7.063 7.083 7.105 7.126 7.147 7.169 7.190 7.210 7.230 7.251 7.272 7.295 7.317 7.341 7.365 7.388 7.411
6.329 6.348 6.366 6.385 6.403 6.420 6.437 6.453 6.469 6.484 6.498 6.512 6.526 6.539 6.552 6.564 6.576 6.588 6.600 6.611 6.622 6.631 6.641 6.651 6.660 6.669 6.678 6.686 6.693 6.700 6.707 6.713 6.719 6.725 6.731 6.738 6.745 6.753 6.762 6.772 6.782 6.793 6.805 6.816 6.827 6.839 6.851 6.863 6.876 6.889 6.902 6.916 6.930 6.945 6.961 6.978 6.995 7.014 7.033 7.054 7.074 7.096 7.117 7.139 7.160 7.182 7.203 7.224 7.244 7.265 7.287 7.310 7.333 7.356 7.380 7.404 7.427
6.334 6.353 6.372 6.391 6.409 6.427 6.444 6.461 6.477 6.492 6.507 6.522 6.536 6.550 6.563 6.576 6.588 6.601 6.613 6.625 6.636 6.646 6.656 6.667 6.677 6.687 6.696 6.705 6.714 6.722 6.729 6.736 6.742 6.748 6.754 6.761 6.767 6.775 6.783 6.791 6.801 6.811 6.822 6.833 6.844 6.855 6.866 6.878 6.890 6.903 6.916 6.929 6.943 6.958 6.974 6.990 7.008 7.026 7.046 7.066 7.087 7.108 7.130 7.151 7.173 7.195 7.217 7.237 7.258 7.280 7.302 7.324 7.348 7.371 7.396 7.419 7.442
6.339 6.359 6.378 6.397 6.415 6.433 6.451 6.468 6.485 6.501 6.516 6.531 6.546 6.560 6.574 6.587 6.600 6.613 6.625 6.638 6.649 6.660 6.671 6.682 6.692 6.703 6.714 6.723 6.733 6.742 6.750 6.757 6.764 6.771 6.777 6.784 6.790 6.797 6.805 6.813 6.822 6.831 6.842 6.852 6.862 6.872 6.884 6.895 6.907 6.919 6.932 6.944 6.958 6.972 6.988 7.004 7.021 7.039 7.058 7.078 7.099 7.121 7.142 7.164 7.187 7.209 7.230 7.251 7.272 7.294 7.316 7.338 7.362 7.386 7.410 7.433 7.455
6.344 6.364 6.384 6.403 6.422 6.440 6.458 6.476 6.493 6.509 6.525 6.541 6.556 6.570 6.584 6.598 6.611 6.625 6.637 6.650 6.662 6.673 6.684 6.696 6.707 6.719 6.730 6.740 6.751 6.760 6.769 6.778 6.786 6.793 6.800 6.807 6.813 6.820 6.827 6.835 6.843 6.853 6.863 6.872 6.882 6.892 6.903 6.914 6.925 6.937 6.949 6.961 6.974 6.988 7.003 7.018 7.035 7.053 7.072 7.092 7.112 7.134 7.156 7.178 7.200 7.222 7.244 7.265 7.286 7.307 7.329 7.352 7.375 7.399 7.423 7.446 7.467
6.350 6.370 6.389 6.409 6.428 6.447 6.465 6.483 6.501 6.518 6.534 6.550 6.566 6.581 6.595 6.609 6.623 6.636 6.650 6.663 6.675 6.686 6.698 6.710 6.722 6.733 6.745 6.756 6.767 6.778 6.788 6.797 6.806 6.814 6.821 6.829 6.836 6.843 6.850 6.858 6.866 6.875 6.884 6.894 6.903 6.913 6.923 6.934 6.945 6.956 6.967 6.979 6.992 7.005 7.019 7.034 7.050 7.068 7.086 7.106 7.126 7.148 7.169 7.191 7.214 7.236 7.257 7.278 7.299 7.320 7.342 7.365 7.388 7.412 7.436 7.458 7.479
6.355 6.375 6.395 6.415 6.434 6.453 6.472 6.491 6.509 6.526 6.543 6.559 6.575 6.591 6.606 6.620 6.635 6.648 6.662 6.675 6.688 6.699 6.711 6.723 6.735 6.748 6.760 6.771 6.783 6.794 6.805 6.815 6.824 6.833 6.842 6.850 6.857 6.865 6.872 6.880 6.889 6.897 6.907 6.916 6.925 6.934 6.944 6.955 6.966 6.976 6.988 6.999 7.011 7.023 7.037 7.051 7.067 7.083 7.101 7.121 7.141 7.162 7.183 7.205 7.227 7.250 7.271 7.292 7.312 7.333 7.355 7.377 7.400 7.424 7.447 7.469 7.490
6.361 6.381 6.401 6.421 6.441 6.460 6.479 6.498 6.516 6.534 6.552 6.569 6.585 6.601 6.617 6.632 6.646 6.660 6.674 6.688 6.701 6.713 6.725 6.737 6.749 6.762 6.774 6.786 6.798 6.810 6.821 6.832 6.842 6.852 6.861 6.870 6.878 6.886 6.894 6.902 6.911 6.920 6.929 6.938 6.947 6.957 6.967 6.977 6.987 6.998 7.009 7.020 7.031 7.043 7.056 7.069 7.084 7.100 7.118 7.136 7.156 7.177 7.198 7.220 7.242 7.264 7.285 7.305 7.325 7.346 7.367 7.389 7.411 7.434 7.457 7.480 7.501
6.367 6.387 6.407 6.427 6.447 6.466 6.486 6.505 6.524 6.542 6.560 6.577 6.594 6.611 6.627 6.643 6.658 6.672 6.687 6.701 6.714 6.726 6.738 6.751 6.763 6.776 6.788 6.800 6.813 6.825 6.836 6.848 6.859 6.869 6.879 6.888 6.897 6.906 6.915 6.923 6.932 6.941 6.951 6.960 6.969 6.979 6.989 6.999 7.010 7.020 7.031 7.042 7.053 7.064 7.076 7.089 7.103 7.118 7.135 7.153 7.172 7.192 7.213 7.235 7.257 7.278 7.299 7.319 7.339 7.358 7.379 7.400 7.422 7.445 7.468 7.490 7.511
6.372 6.392 6.412 6.432 6.452 6.472 6.492 6.511 6.531 6.549 6.568 6.586 6.604 6.621 6.637 6.653 6.669 6.684 6.699 6.713 6.727 6.739 6.752 6.764 6.777 6.789 6.802 6.815 6.827 6.839 6.851 6.863 6.875 6.885 6.896 6.906 6.916 6.925 6.934 6.944 6.953 6.962 6.972 6.982 6.991 7.000 7.011 7.021 7.032 7.043 7.053 7.064 7.075 7.086 7.097 7.109 7.122 7.137 7.153 7.170 7.189 7.208 7.229 7.250 7.272 7.293 7.314 7.333 7.351 7.370 7.390 7.411 7.432 7.454 7.477 7.500 7.522
