TsunamiDB/out54056.asc
ncols          264
nrows          230
xllcorner      497853.4375
yllcorner      4229146.0000
cellsize         5.
NODATA_value   -99
[rows 165 to 197 of 230, columns 148 to 221 of 264]
6.616 6.641 6.667 6.693 6.720 6.747 6.774 6.800 6.825 6.849 6.872 6.892 6.911 6.926 6.940 6.951 6.960 6.972 6.991 7.021 7.059 7.103 7.160 7.226 7.301 7.384 7.473 7.565 7.654 7.727 7.806 7.903 7.998 8.090 8.176 8.259 8.338 8.412 8.480 8.524 8.570 8.637 8.700 8.761 8.816 8.869 8.917 8.955 8.984 8.998 9.014 9.041 9.067 9.091 9.112 9.131 9.149 9.165 9.179 9.183 9.187 9.201 9.215 9.228 9.241 9.254 9.266 9.276 9.283 9.284 9.285 9.293 9.300 9.305
6.623 6.648 6.674 6.701 6.728 6.756 6.784 6.811 6.838 6.863 6.888 6.910 6.930 6.947 6.962 6.974 6.984 6.995 7.013 7.044 7.082 7.127 7.186 7.254 7.333 7.419 7.511 7.609 7.701 7.772 7.851 7.950 8.046 8.138 8.225 8.308 8.386 8.462 8.531 8.572 8.617 8.682 8.744 8.802 8.856 8.906 8.952 8.985 9.010 9.024 9.039 9.063 9.086 9.109 9.129 9.147 9.165 9.181 9.194 9.198 9.202 9.216 9.230 9.243 9.256 9.269 9.281 9.290 9.296 9.296 9.297 9.303 9.309 9.313
6.631 6.656 6.682 6.709 6.737 6.765 6.794 6.822 6.850 6.877 6.903 6.927 6.949 6.968 6.985 6.998 7.008 7.019 7.038 7.071 7.109 7.155 7.215 7.287 7.369 7.459 7.557 7.656 7.746 7.816 7.895 7.995 8.092 8.185 8.273 8.356 8.437 8.512 8.578 8.618 8.662 8.725 8.784 8.841 8.892 8.939 8.981 9.011 9.035 9.048 9.062 9.084 9.106 9.127 9.146 9.163 9.180 9.196 9.209 9.212 9.217 9.230 9.244 9.258 9.271 9.283 9.294 9.302 9.308 9.307 9.307 9.313 9.317 9.320
6.640 6.665 6.691 6.718 6.746 6.775 6.805 6.834 6.863 6.891 6.919 6.944 6.968 6.989 7.008 7.022 7.034 7.047 7.067 7.100 7.140 7.187 7.249 7.324 7.408 7.502 7.602 7.700 7.789 7.859 7.938 8.039 8.137 8.231 8.320 8.405 8.486 8.559 8.623 8.662 8.703 8.764 8.822 8.876 8.925 8.969 9.006 9.035 9.059 9.071 9.083 9.104 9.125 9.145 9.162 9.179 9.195 9.210 9.223 9.226 9.230 9.244 9.258 9.272 9.284 9.295 9.305 9.312 9.318 9.317 9.316 9.320 9.324 9.325
6.651 6.676 6.701 6.729 6.757 6.786 6.816 6.846 6.876 6.906 6.935 6.962 6.987 7.011 7.031 7.048 7.062 7.076 7.097 7.132 7.173 7.223 7.287 7.363 7.449 7.544 7.645 7.742 7.831 7.900 7.980 8.082 8.182 8.277 8.367 8.453 8.533 8.604 8.665 8.702 8.742 8.801 8.856 8.908 8.954 8.994 9.029 9.058 9.080 9.092 9.103 9.124 9.143 9.162 9.179 9.194 9.210 9.224 9.236 9.239 9.243 9.257 9.271 9.284 9.296 9.306 9.315 9.322 9.327 9.326 9.324 9.327 9.328 9.328
6.664 6.688 6.713 6.740 6.769 6.798 6.828 6.859 6.890 6.921 6.951 6.980 7.007 7.033 7.056 7.075 7.091 7.107 7.131 7.167 7.210 7.261 7.326 7.404 7.491 7.585 7.685 7.782 7.872 7.941 8.021 8.125 8.225 8.322 8.413 8.498 8.577 8.646 8.705 8.741 8.779 8.835 8.888 8.937 8.980 9.018 9.051 9.079 9.101 9.112 9.123 9.143 9.161 9.179 9.194 9.209 9.223 9.237 9.249 9.252 9.255 9.269 9.282 9.295 9.306 9.316 9.324 9.330 9.335 9.332 9.329 9.331 9.331 9.328
6.678 6.702 6.727 6.754 6.782 6.811 6.842 6.873 6.905 6.936 6.968 6.999 7.028 7.056 7.081 7.103 7.122 7.140 7.166 7.204 7.249 7.301 7.367 7.444 7.529 7.622 7.721 7.819 7.911 7.981 8.061 8.167 8.269 8.366 8.457 8.541 8.619 8.686 8.743 8.776 8.813 8.866 8.916 8.963 9.004 9.040 9.072 9.099 9.121 9.132 9.142 9.161 9.178 9.194 9.209 9.223 9.236 9.249 9.261 9.263 9.267 9.280 9.293 9.305 9.316 9.325 9.332 9.337 9.340 9.337 9.332 9.332 9.330 9.325
6.695 6.718 6.742 6.769 6.796 6.826 6.856 6.888 6.921 6.953 6.986 7.018 7.050 7.080 7.108 7.133 7.153 7.174 7.201 7.241 7.287 7.340 7.406 7.482 7.566 7.657 7.756 7.856 7.950 8.021 8.102 8.209 8.311 8.409 8.499 8.582 8.658 8.723 8.777 8.809 8.844 8.895 8.942 8.987 9.026 9.061 9.092 9.118 9.140 9.150 9.160 9.178 9.194 9.209 9.223 9.236 9.248 9.260 9.272 9.274 9.277 9.289 9.302 9.313 9.323 9.331 9.337 9.342 9.344 9.339 9.333 9.331 9.326 9.317
6.714 6.736 6.760 6.785 6.813 6.842 6.873 6.905 6.938 6.971 7.005 7.039 7.073 7.105 7.135 7.162 7.185 7.208 7.237 7.278 7.325 7.378 7.443 7.519 7.601 7.691 7.791 7.893 7.989 8.061 8.142 8.250 8.352 8.449 8.537 8.620 8.694 8.757 8.809 8.839 8.872 8.920 8.966 9.008 9.046 9.080 9.110 9.136 9.157 9.167 9.176 9.193 9.209 9.223 9.236 9.247 9.259 9.270 9.282 9.284 9.286 9.298 9.310 9.320 9.329 9.336 9.341 9.344 9.345 9.338 9.331 9.326 9.318 9.305
6.736 6.757 6.780 6.804 6.831 6.860 6.890 6.923 6.956 6.991 7.026 7.062 7.097 7.131 7.163 7.193 7.218 7.242 7.273 7.315 7.362 7.414 7.479 7.554 7.635 7.725 7.824 7.927 8.026 8.099 8.181 8.288 8.390 8.485 8.573 8.654 8.727 8.788 8.838 8.867 8.898 8.944 8.988 9.029 9.065 9.098 9.128 9.153 9.173 9.183 9.191 9.208 9.223 9.237 9.248 9.258 9.269 9.280 9.291 9.292 9.294 9.305 9.316 9.325 9.332 9.339 9.343 9.344 9.343 9.335 9.325 9.317 9.305 9.288
6.759 6.779 6.802 6.826 6.852 6.880 6.910 6.943 6.977 7.012 7.048 7.085 7.121 7.157 7.192 7.223 7.250 7.276 7.307 7.350 7.397 7.449 7.513 7.586 7.666 7.756 7.855 7.960 8.065 8.138 8.218 8.325 8.426 8.520 8.607 8.687 8.759 8.818 8.865 8.893 8.922 8.966 9.009 9.048 9.084 9.116 9.145 9.170 9.189 9.198 9.206 9.222 9.236 9.249 9.260 9.269 9.278 9.288 9.300 9.301 9.301 9.311 9.321 9.328 9.335 9.340 9.342 9.342 9.339 9.328 9.315 9.304 9.288 9.265
6.784 6.804 6.826 6.849 6.874 6.902 6.932 6.964 6.998 7.034 7.071 7.109 7.147 7.184 7.220 7.253 7.282 7.308 7.339 7.383 7.429 7.481 7.544 7.617 7.698 7.788 7.887 8.000 8.106 8.176 8.255 8.362 8.461 8.554 8.639 8.718 8.789 8.844 8.888 8.915 8.944 8.987 9.029 9.067 9.102 9.134 9.162 9.186 9.204 9.212 9.220 9.235 9.249 9.261 9.271 9.280 9.287 9.297 9.309 9.308 9.308 9.316 9.324 9.330 9.335 9.338 9.340 9.337 9.331 9.318 9.302 9.286 9.264 9.234
6.810 6.830 6.851 6.874 6.899 6.926 6.955 6.987 7.022 7.058 7.095 7.134 7.173 7.211 7.249 7.283 7.312 7.339 7.372 7.415 7.462 7.513 7.576 7.649 7.732 7.824 7.928 8.041 8.143 8.212 8.291 8.396 8.493 8.585 8.669 8.745 8.813 8.866 8.911 8.937 8.965 9.007 9.047 9.085 9.119 9.150 9.178 9.200 9.218 9.226 9.233 9.247 9.260 9.272 9.282 9.290 9.298 9.307 9.316 9.315 9.313 9.320 9.326 9.331 9.333 9.335 9.334 9.329 9.320 9.304 9.283 9.262 9.234 9.197
6.838 6.858 6.879 6.901 6.925 6.952 6.981 7.012 7.046 7.082 7.120 7.159 7.199 7.238 7.277 7.312 7.342 7.370 7.403 7.447 7.494 7.545 7.609 7.683 7.767 7.863 7.969 8.078 8.177 8.245 8.322 8.426 8.522 8.613 8.694 8.768 8.833 8.886 8.931 8.957 8.984 9.026 9.066 9.103 9.136 9.166 9.192 9.214 9.232 9.239 9.245 9.259 9.272 9.284 9.293 9.301 9.308 9.316 9.323 9.320 9.317 9.322 9.327 9.329 9.330 9.329 9.325 9.317 9.306 9.285 9.259 9.232 9.197 9.152
6.865 6.886 6.907 6.929 6.953 6.979 7.007 7.038 7.072 7.108 7.146 7.185 7.225 7.265 7.304 7.340 7.372 7.400 7.434 7.478 7.526 7.578 7.643 7.719 7.805 7.901 8.007 8.112 8.207 8.274 8.351 8.453 8.549 8.637 8.717 8.788 8.851 8.905 8.950 8.976 9.002 9.044 9.083 9.119 9.152 9.181 9.206 9.228 9.246 9.252 9.258 9.271 9.284 9.295 9.304 9.312 9.318 9.325 9.330 9.325 9.321 9.324 9.326 9.326 9.324 9.320 9.313 9.302 9.286 9.261 9.230 9.196 9.153 9.099
6.892 6.914 6.936 6.958 6.981 7.007 7.035 7.065 7.098 7.134 7.172 7.211 7.251 7.292 7.331 7.368 7.400 7.430 7.465 7.510 7.559 7.613 7.678 7.756 7.842 7.937 8.040 8.142 8.235 8.302 8.378 8.478 8.572 8.659 8.737 8.806 8.869 8.922 8.967 8.993 9.019 9.060 9.100 9.135 9.167 9.195 9.220 9.241 9.259 9.265 9.270 9.284 9.296 9.307 9.315 9.322 9.328 9.333 9.336 9.330 9.323 9.323 9.323 9.320 9.315 9.308 9.297 9.282 9.263 9.232 9.194 9.152 9.102 9.041
6.919 6.942 6.964 6.987 7.010 7.035 7.062 7.092 7.125 7.160 7.197 7.237 7.277 7.318 7.358 7.396 7.429 7.461 7.496 7.543 7.593 7.648 7.715 7.793 7.877 7.970 8.069 8.168 8.261 8.327 8.402 8.500 8.593 8.679 8.754 8.823 8.885 8.938 8.984 9.009 9.035 9.076 9.115 9.150 9.181 9.209 9.233 9.254 9.272 9.278 9.282 9.296 9.308 9.319 9.326 9.333 9.337 9.340 9.341 9.333 9.324 9.322 9.318 9.312 9.304 9.293 9.278 9.258 9.233 9.196 9.151 9.102 9.045 8.980
6.944 6.968 6.992 7.015 7.039 7.064 7.090 7.120 7.151 7.186 7.223 7.262 7.303 7.344 7.385 7.423 7.458 7.490 7.527 7.575 7.627 7.683 7.750 7.827 7.909 7.999 8.095 8.193 8.285 8.351 8.424 8.522 8.613 8.697 8.771 8.839 8.900 8.953 8.999 9.024 9.050 9.091 9.130 9.164 9.195 9.222 9.246 9.267 9.285 9.290 9.295 9.308 9.320 9.330 9.337 9.342 9.345 9.346 9.345 9.335 9.324 9.318 9.311 9.302 9.290 9.274 9.254 9.229 9.198 9.154 9.102 9.047 8.985 8.917
6.967 6.993 7.017 7.042 7.066 7.091 7.118 7.146 7.178 7.212 7.249 7.288 7.328 7.370 7.411 7.450 7.486 7.520 7.558 7.608 7.661 7.718 7.784 7.859 7.939 8.026 8.120 8.217 8.309 8.374 8.447 8.542 8.632 8.714 8.787 8.853 8.914 8.967 9.013 9.038 9.064 9.105 9.143 9.177 9.207 9.234 9.258 9.279 9.297 9.302 9.306 9.320 9.331 9.340 9.346 9.350 9.352 9.351 9.347 9.335 9.321 9.312 9.301 9.288 9.271 9.250 9.225 9.194 9.157 9.106 9.047 8.987 8.923 8.855
6.988 7.015 7.042 7.067 7.092 7.117 7.144 7.172 7.203 7.237 7.273 7.312 7.353 7.395 7.437 7.477 7.514 7.549 7.590 7.641 7.695 7.752 7.818 7.891 7.968 8.053 8.144 8.239 8.331 8.397 8.468 8.562 8.649 8.729 8.801 8.867 8.927 8.980 9.025 9.051 9.076 9.116 9.154 9.188 9.218 9.245 9.268 9.289 9.308 9.313 9.317 9.330 9.341 9.349 9.354 9.357 9.357 9.354 9.348 9.332 9.316 9.303 9.288 9.270 9.248 9.222 9.191 9.154 9.110 9.053 8.989 8.927 8.862 8.798
7.007 7.036 7.064 7.090 7.116 7.142 7.168 7.196 7.227 7.260 7.297 7.336 7.377 7.419 7.461 7.502 7.541 7.578 7.619 7.672 7.728 7.784 7.849 7.921 7.996 8.077 8.166 8.260 8.354 8.419 8.488 8.580 8.666 8.744 8.815 8.880 8.939 8.992 9.037 9.062 9.087 9.127 9.165 9.199 9.228 9.255 9.278 9.299 9.318 9.324 9.327 9.339 9.349 9.357 9.360 9.362 9.361 9.356 9.346 9.327 9.307 9.290 9.271 9.248 9.221 9.189 9.151 9.108 9.059 8.997 8.930 8.868 8.806 8.747
7.024 7.054 7.083 7.111 7.138 7.164 7.191 7.219 7.249 7.282 7.319 7.358 7.400 7.442 7.485 7.526 7.566 7.604 7.647 7.702 7.758 7.815 7.880 7.949 8.023 8.102 8.189 8.286 8.380 8.442 8.509 8.599 8.683 8.759 8.829 8.893 8.951 9.003 9.048 9.072 9.096 9.137 9.174 9.208 9.238 9.264 9.287 9.309 9.328 9.333 9.336 9.347 9.356 9.362 9.365 9.365 9.362 9.353 9.340 9.319 9.295 9.274 9.250 9.222 9.188 9.150 9.107 9.058 9.005 8.941 8.873 8.813 8.756 8.702
7.039 7.071 7.101 7.130 7.157 7.184 7.212 7.240 7.270 7.303 7.339 7.379 7.421 7.464 7.507 7.548 7.588 7.628 7.675 7.731 7.789 7.846 7.910 7.978 8.051 8.130 8.218 8.314 8.404 8.464 8.530 8.617 8.699 8.774 8.842 8.905 8.963 9.013 9.058 9.081 9.105 9.145 9.182 9.216 9.246 9.272 9.296 9.317 9.336 9.340 9.342 9.353 9.361 9.366 9.367 9.365 9.359 9.347 9.331 9.307 9.279 9.253 9.224 9.190 9.152 9.108 9.059 9.007 8.951 8.886 8.820 8.764 8.712 8.665
7.053 7.085 7.116 7.146 7.175 7.203 7.230 7.259 7.289 7.322 7.358 7.397 7.439 7.482 7.525 7.567 7.608 7.652 7.702 7.760 7.819 7.877 7.941 8.009 8.081 8.160 8.248 8.341 8.427 8.486 8.550 8.635 8.715 8.789 8.855 8.917 8.973 9.023 9.067 9.090 9.112 9.152 9.190 9.224 9.253 9.280 9.304 9.324 9.342 9.345 9.347 9.356 9.363 9.366 9.365 9.361 9.352 9.337 9.319 9.291 9.259 9.228 9.194 9.155 9.111 9.063 9.011 8.956 8.899 8.835 8.772 8.721 8.675 8.635
7.064 7.098 7.130 7.161 7.191 7.219 7.247 7.275 7.306 7.338 7.374 7.414 7.455 7.498 7.541 7.583 7.628 7.675 7.728 7.788 7.848 7.908 7.972 8.040 8.112 8.191 8.277 8.366 8.450 8.507 8.570 8.654 8.733 8.805 8.870 8.929 8.983 9.032 9.076 9.097 9.119 9.159 9.197 9.230 9.260 9.286 9.309 9.330 9.346 9.348 9.349 9.357 9.362 9.364 9.360 9.353 9.341 9.324 9.302 9.270 9.234 9.200 9.160 9.117 9.068 9.016 8.962 8.907 8.851 8.789 8.730 8.684 8.645 8.610
7.074 7.108 7.142 7.174 7.205 7.234 7.262 7.290 7.320 7.352 7.388 7.427 7.468 7.511 7.554 7.599 7.646 7.698 7.754 7.816 7.878 7.939 8.004 8.073 8.145 8.222 8.305 8.390 8.473 8.530 8.592 8.674 8.751 8.822 8.884 8.941 8.993 9.041 9.084 9.105 9.126 9.166 9.203 9.236 9.265 9.292 9.314 9.333 9.348 9.349 9.348 9.355 9.358 9.358 9.352 9.341 9.326 9.306 9.282 9.247 9.207 9.168 9.124 9.076 9.025 8.971 8.915 8.861 8.807 8.749 8.695 8.654 8.620 8.591
7.083 7.118 7.152 7.185 7.217 7.247 7.275 7.303 7.332 7.364 7.399 7.437 7.477 7.520 7.566 7.613 7.664 7.720 7.779 7.843 7.907 7.970 8.037 8.106 8.176 8.250 8.330 8.414 8.497 8.555 8.615 8.696 8.772 8.841 8.900 8.955 9.004 9.050 9.093 9.113 9.133 9.172 9.209 9.242 9.270 9.296 9.317 9.334 9.348 9.348 9.345 9.350 9.351 9.348 9.340 9.327 9.309 9.286 9.258 9.220 9.176 9.133 9.087 9.036 8.982 8.927 8.872 8.819 8.769 8.715 8.666 8.630 8.601 8.576
7.091 7.127 7.162 7.195 7.228 7.258 7.286 7.313 7.342 7.373 7.407 7.443 7.483 7.528 7.575 7.626 7.682 7.741 7.804 7.869 7.934 8.000 8.068 8.137 8.206 8.278 8.354 8.439 8.523 8.581 8.640 8.721 8.796 8.861 8.917 8.968 9.015 9.060 9.102 9.121 9.140 9.179 9.215 9.247 9.274 9.298 9.319 9.334 9.346 9.344 9.340 9.343 9.341 9.336 9.325 9.309 9.289 9.263 9.232 9.191 9.144 9.098 9.049 8.996 8.941 8.886 8.833 8.783 8.737 8.687 8.642 8.611 8.586 8.565
7.098 7.134 7.170 7.204 7.237 7.267 7.295 7.321 7.348 7.378 7.412 7.447 7.489 7.534 7.584 7.640 7.699 7.762 7.826 7.893 7.959 8.027 8.097 8.166 8.234 8.304 8.380 8.465 8.551 8.610 8.669 8.749 8.820 8.882 8.934 8.982 9.026 9.070 9.111 9.129 9.148 9.186 9.221 9.251 9.277 9.300 9.318 9.332 9.341 9.338 9.332 9.332 9.329 9.321 9.307 9.289 9.266 9.238 9.204 9.160 9.110 9.062 9.011 8.958 8.903 8.849 8.798 8.751 8.710 8.664 8.623 8.596 8.574 8.555
7.104 7.141 7.177 7.212 7.244 7.275 7.302 7.327 7.353 7.382 7.415 7.450 7.492 7.539 7.592 7.651 7.714 7.780 7.847 7.914 7.982 8.051 8.124 8.194 8.262 8.333 8.408 8.492 8.581 8.641 8.699 8.776 8.845 8.904 8.953 8.998 9.039 9.080 9.121 9.138 9.155 9.192 9.225 9.254 9.278 9.300 9.317 9.329 9.336 9.330 9.322 9.320 9.314 9.304 9.288 9.267 9.242 9.211 9.175 9.128 9.076 9.027 8.975 8.923 8.869 8.817 8.769 8.725 8.687 8.645 8.608 8.584 8.565 8.548
7.110 7.147 7.183 7.218 7.250 7.280 7.306 7.330 7.354 7.383 7.416 7.451 7.494 7.543 7.599 7.662 7.729 7.797 7.865 7.934 8.002 8.074 8.149 8.221 8.291 8.362 8.436 8.522 8.617 8.677 8.733 8.807 8.873 8.927 8.972 9.014 9.052 9.091 9.133 9.149 9.164 9.200 9.231 9.258 9.280 9.300 9.315 9.325 9.329 9.321 9.311 9.306 9.298 9.285 9.267 9.244 9.216 9.183 9.145 9.097 9.044 8.994 8.943 8.891 8.839 8.790 8.744 8.704 8.670 8.632 8.597 8.576 8.558 8.543
7.116 7.152 7.188 7.222 7.255 7.284 7.309 7.331 7.354 7.383 7.416 7.453 7.497 7.548 7.607 7.673 7.742 7.812 7.882 7.953 8.022 8.097 8.174 8.248 8.322 8.394 8.468 8.565 8.663 8.717 8.768 8.839 8.900 8.950 8.993 9.031 9.065 9.106 9.147 9.160 9.174 9.207 9.236 9.261 9.281 9.299 9.312 9.319 9.320 9.310 9.298 9.291 9.280 9.265 9.245 9.220 9.190 9.155 9.116 9.066 9.013 8.963 8.913 8.863 8.814 8.767 8.724 8.688 8.658 8.622 8.589 8.570 8.554 8.539
7.120 7.156 7.191 7.225 7.257 7.285 7.309 7.331 7.354 7.385 7.419 7.456 7.502 7.555 7.616 7.683 7.753 7.826 7.901 7.972 8.042 8.121 8.202 8.280 8.357 8.434 8.518 8.616 8.704 8.755 8.804 8.869 8.926 8.973 9.013 9.049 9.084 9.123 9.160 9.172 9.184 9.215 9.241 9.263 9.281 9.296 9.307 9.311 9.310 9.299 9.285 9.275 9.262 9.245 9.222 9.196 9.164 9.128 9.088 9.037 8.984 8.935 8.886 8.839 8.792 8.749 8.709 8.677 8.649 8.614 8.584 8.566 8.550 8.536
