TsunamiDB/out54025.asc
ncols          264
nrows          230
xllcorner      497853.4375
yllcorner      4229146.0000
cellsize         5.
NODATA_value   -99
[rows 160 to 191 of 230, columns 71 to 141 of 264]
-99.000 -99.000 -99.000 -99.000 -99.000 -99.000 -99.000 -99.000 -99.000 -99.000 -99.000 -99.000 -99.000 -99.000 -99.000 -99.000 -99.000 -99.000 -99.000 -99.000 -99.000 -99.000 -99.000 -99.000 -99.000 -99.000 -99.000 -99.000 -99.000 -99.000 -99.000 -99.000 -99.000 -99.000 -99.000 -99.000 -99.000 -99.000 -99.000 -99.000 -99.000 1.646 1.657 1.728 1.901 2.163 2.489 2.849 3.205 3.519 3.781 3.990 4.156 4.289 4.399 4.490 4.570 4.640 4.704 4.762 4.816 4.867 4.915 4.960 5.003 5.044 5.084 5.121 5.157 5.190 5.221
-99.000 -99.000 -99.000 -99.000 -99.000 -99.000 -99.000 -99.000 -99.000 -99.000 -99.000 -99.000 -99.000 -99.000 -99.000 -99.000 -99.000 -99.000 -99.000 -99.000 -99.000 -99.000 -99.000 -99.000 -99.000 -99.000 -99.000 -99.000 -99.000 -99.000 -99.000 -99.000 -99.000 -99.000 -99.000 -99.000 -99.000 -99.000 -99.000 -99.000 1.646 1.648 1.675 1.788 2.002 2.293 2.636 2.998 3.336 3.625 3.863 4.053 4.205 4.329 4.432 4.521 4.599 4.669 4.732 4.791 4.846 4.897 4.946 4.992 5.036 5.078 5.118 5.157 5.193 5.228 5.260
-99.000 -99.000 -99.000 -99.000 -99.000 -99.000 -99.000 -99.000 -99.000 -99.000 -99.000 -99.000 -99.000 -99.000 -99.000 -99.000 -99.000 -99.000 -99.000 -99.000 -99.000 -99.000 -99.000 -99.000 -99.000 -99.000 -99.000 -99.000 -99.000 -99.000 -99.000 -99.000 -99.000 -99.000 -99.000 -99.000 -99.000 -99.000 -99.000 -99.000 1.646 1.653 1.710 1.867 2.116 2.432 2.786 3.139 3.455 3.720 3.936 4.109 4.249 4.365 4.463 4.548 4.625 4.694 4.758 4.818 4.873 4.925 4.975 5.022 5.067 5.110 5.151 5.190 5.228 5.264 5.297
-99.000 -99.000 -99.000 -99.000 -99.000 -99.000 -99.000 -99.000 -99.000 -99.000 -99.000 -99.000 -99.000 -99.000 -99.000 -99.000 -99.000 -99.000 -99.000 -99.000 -99.000 -99.000 -99.000 -99.000 -99.000 -99.000 -99.000 -99.000 -99.000 -99.000 -99.000 -99.000 -99.000 -99.000 -99.000 -99.000 -99.000 -99.000 -99.000 -99.000 1.647 1.667 1.764 1.963 2.243 2.578 2.935 3.271 3.563 3.805 4.001 4.158 4.288 4.396 4.490 4.573 4.648 4.717 4.781 4.841 4.898 4.951 5.001 5.049 5.095 5.139 5.182 5.222 5.261 5.298 5.333
-99.000 -99.000 -99.000 -99.000 -99.000 -99.000 -99.000 -99.000 -99.000 -99.000 -99.000 -99.000 -99.000 -99.000 -99.000 -99.000 -99.000 -99.000 -99.000 -99.000 -99.000 -99.000 -99.000 -99.000 -99.000 -99.000 -99.000 -99.000 -99.000 -99.000 -99.000 -99.000 -99.000 -99.000 -99.000 -99.000 -99.000 -99.000 -99.000 1.646 1.650 1.696 1.837 2.073 2.380 2.728 3.076 3.392 3.660 3.881 4.059 4.203 4.323 4.425 4.515 4.596 4.670 4.738 4.802 4.862 4.919 4.973 5.025 5.074 5.121 5.166 5.210 5.252 5.292 5.330 5.367
-99.000 -99.000 -99.000 -99.000 -99.000 -99.000 -99.000 -99.000 -99.000 -99.000 -99.000 -99.000 -99.000 -99.000 -99.000 -99.000 -99.000 -99.000 -99.000 -99.000 -99.000 -99.000 -99.000 -99.000 -99.000 -99.000 -99.000 -99.000 -99.000 -99.000 -99.000 -99.000 -99.000 -99.000 -99.000 -99.000 -99.000 -99.000 -99.000 1.646 1.661 1.743 1.927 2.197 2.524 2.875 3.209 3.502 3.748 3.949 4.111 4.244 4.355 4.452 4.539 4.617 4.689 4.757 4.821 4.881 4.939 4.993 5.046 5.096 5.144 5.190 5.235 5.278 5.320 5.360 5.398
-99.000 -99.000 -99.000 -99.000 -99.000 -99.000 -99.000 -99.000 -99.000 -99.000 -99.000 -99.000 -99.000 -99.000 -99.000 -99.000 -99.000 -99.000 -99.000 -99.000 -99.000 -99.000 -99.000 -99.000 -99.000 -99.000 -99.000 -99.000 -99.000 -99.000 -99.000 -99.000 -99.000 -99.000 -99.000 -99.000 -99.000 -99.000 1.646 1.649 1.684 1.810 2.034 2.331 2.673 3.017 3.332 3.603 3.828 4.010 4.159 4.281 4.386 4.478 4.561 4.637 4.708 4.774 4.838 4.898 4.955 5.011 5.064 5.115 5.164 5.211 5.257 5.302 5.345 5.386 5.427
-99.000 -99.000 -99.000 -99.000 -99.000 -99.000 -99.000 -99.000 -99.000 -99.000 -99.000 -99.000 -99.000 -99.000 -99.000 -99.000 -99.000 -99.000 -99.000 -99.000 -99.000 -99.000 -99.000 -99.000 -99.000 -99.000 -99.000 -99.000 -99.000 -99.000 -99.000 -99.000 -99.000 -99.000 -99.000 -99.000 -99.000 -99.000 1.646 1.656 1.725 1.895 2.154 2.474 2.819 3.151 3.446 3.695 3.900 4.066 4.203 4.316 4.415 4.503 4.582 4.656 4.725 4.791 4.853 4.913 4.970 5.026 5.079 5.130 5.180 5.229 5.276 5.322 5.366 5.409 5.451
-99.000 -99.000 -99.000 -99.000 -99.000 -99.000 -99.000 -99.000 -99.000 -99.000 -99.000 -99.000 -99.000 -99.000 -99.000 -99.000 -99.000 -99.000 -99.000 -99.000 -99.000 -99.000 -99.000 -99.000 -99.000 -99.000 -99.000 -99.000 -99.000 -99.000 -99.000 -99.000 -99.000 -99.000 -99.000 -99.000 -99.000 1.646 1.648 1.675 1.786 1.998 2.286 2.621 2.961 3.277 3.551 3.779 3.965 4.117 4.243 4.349 4.442 4.526 4.603 4.675 4.743 4.807 4.868 4.927 4.984 5.039 5.092 5.144 5.194 5.243 5.291 5.338 5.384 5.428 5.472
-99.000 -99.000 -99.000 -99.000 -99.000 -99.000 -99.000 -99.000 -99.000 -99.000 -99.000 -99.000 -99.000 -99.000 -99.000 -99.000 -99.000 -99.000 -99.000 -99.000 -99.000 -99.000 -99.000 -99.000 -99.000 -99.000 -99.000 -99.000 -99.000 -99.000 -99.000 -99.000 -99.000 -99.000 -99.000 -99.000 -99.000 1.646 1.653 1.710 1.867 2.115 2.428 2.767 3.098 3.395 3.648 3.856 4.025 4.164 4.280 4.380 4.468 4.549 4.623 4.694 4.760 4.823 4.883 4.941 4.997 5.051 5.104 5.155 5.206 5.255 5.303 5.351 5.397 5.443 5.488
-99.000 -99.000 -99.000 -99.000 -99.000 -99.000 -99.000 -99.000 -99.000 -99.000 -99.000 -99.000 -99.000 -99.000 -99.000 -99.000 -99.000 -99.000 -99.000 -99.000 -99.000 -99.000 -99.000 -99.000 -99.000 -99.000 -99.000 -99.000 -99.000 -99.000 -99.000 -99.000 -99.000 -99.000 -99.000 -99.000 -99.000 1.647 1.667 1.766 1.965 2.245 2.573 2.911 3.228 3.506 3.737 3.926 4.080 4.207 4.315 4.408 4.493 4.570 4.643 4.712 4.777 4.839 4.898 4.955 5.010 5.063 5.115 5.166 5.216 5.265 5.313 5.361 5.408 5.455 5.501
-99.000 -99.000 -99.000 -99.000 -99.000 -99.000 -99.000 -99.000 -99.000 -99.000 -99.000 -99.000 -99.000 -99.000 -99.000 -99.000 -99.000 -99.000 -99.000 -99.000 -99.000 -99.000 -99.000 -99.000 -99.000 -99.000 -99.000 -99.000 -99.000 -99.000 -99.000 -99.000 -99.000 -99.000 -99.000 -99.000 1.646 1.651 1.698 1.841 2.079 2.384 2.720 3.050 3.351 3.608 3.819 3.991 4.131 4.248 4.348 4.436 4.516 4.591 4.662 4.729 4.793 4.854 4.913 4.969 5.023 5.075 5.126 5.176 5.225 5.273 5.321 5.368 5.416 5.463 5.510
-99.000 -99.000 -99.000 -99.000 -99.000 -99.000 -99.000 -99.000 -99.000 -99.000 -99.000 -99.000 -99.000 -99.000 -99.000 -99.000 -99.000 -99.000 -99.000 -99.000 -99.000 -99.000 -99.000 -99.000 -99.000 -99.000 -99.000 -99.000 -99.000 -99.000 -99.000 -99.000 -99.000 -99.000 -99.000 -99.000 1.647 1.662 1.747 1.935 2.206 2.528 2.865 3.184 3.466 3.702 3.894 4.050 4.178 4.285 4.379 4.462 4.539 4.611 4.680 4.745 4.808 4.869 4.927 4.982 5.036 5.087 5.137 5.186 5.234 5.281 5.328 5.374 5.421 5.469 5.516
-99.000 -99.000 -99.000 -99.000 -99.000 -99.000 -99.000 -99.000 -99.000 -99.000 -99.000 -99.000 -99.000 -99.000 -99.000 -99.000 -99.000 -99.000 -99.000 -99.000 -99.000 -99.000 -99.000 -99.000 -99.000 -99.000 -99.000 -99.000 -99.000 -99.000 -99.000 -99.000 -99.000 -99.000 -99.000 1.646 1.649 1.687 1.818 2.045 2.343 2.675 3.007 3.310 3.572 3.788 3.962 4.104 4.221 4.321 4.409 4.487 4.561 4.631 4.697 4.761 4.823 4.883 4.940 4.995 5.048 5.099 5.148 5.196 5.242 5.288 5.334 5.380 5.426 5.472 5.519
-99.000 -99.000 -99.000 -99.000 -99.000 -99.000 -99.000 -99.000 -99.000 -99.000 -99.000 -99.000 -99.000 -99.000 -99.000 -99.000 -99.000 -99.000 -99.000 -99.000 -99.000 -99.000 -99.000 -99.000 -99.000 -99.000 -99.000 -99.000 -99.000 -99.000 -99.000 -99.000 -99.000 -99.000 -99.000 1.646 1.658 1.731 1.907 2.169 2.486 2.821 3.143 3.429 3.669 3.866 4.024 4.154 4.262 4.355 4.437 4.511 4.583 4.650 4.715 4.777 4.838 4.896 4.953 5.007 5.060 5.110 5.159 5.206 5.251 5.296 5.340 5.384 5.429 5.474 5.521
-99.000 -99.000 -99.000 -99.000 -99.000 -99.000 -99.000 -99.000 -99.000 -99.000 -99.000 -99.000 -99.000 -99.000 -99.000 -99.000 -99.000 -99.000 -99.000 -99.000 -99.000 -99.000 -99.000 -99.000 -99.000 -99.000 -99.000 -99.000 -99.000 -99.000 -99.000 -99.000 -99.000 -99.000 1.646 1.648 1.679 1.796 2.014 2.304 2.633 2.965 3.272 3.538 3.758 3.936 4.080 4.199 4.299 4.386 4.464 4.536 4.604 4.669 4.732 4.793 4.852 4.909 4.965 5.019 5.071 5.121 5.169 5.215 5.260 5.303 5.346 5.388 5.431 5.475 5.521
-99.000 -99.000 -99.000 -99.000 -99.000 -99.000 -99.000 -99.000 -99.000 -99.000 -99.000 -99.000 -99.000 -99.000 -99.000 -99.000 -99.000 -99.000 -99.000 -99.000 -99.000 -99.000 -99.000 -99.000 -99.000 -99.000 -99.000 -99.000 -99.000 -99.000 -99.000 -99.000 -99.000 -99.000 1.646 1.654 1.717 1.881 2.134 2.446 2.780 3.103 3.393 3.638 3.839 4.000 4.132 4.241 4.334 4.417 4.490 4.559 4.625 4.688 4.749 4.808 4.866 4.922 4.977 5.030 5.082 5.132 5.179 5.225 5.269 5.311 5.352 5.392 5.433 5.476 5.519
-99.000 -99.000 -99.000 -99.000 -99.000 -99.000 -99.000 -99.000 -99.000 -99.000 -99.000 -99.000 -99.000 -99.000 -99.000 -99.000 -99.000 -99.000 -99.000 -99.000 -99.000 -99.000 -99.000 -99.000 -99.000 -99.000 -99.000 -99.000 -99.000 -99.000 -99.000 -99.000 -99.000 -99.000 1.647 1.671 1.777 1.984 2.267 2.592 2.924 3.235 3.505 3.730 3.912 4.058 4.178 4.279 4.367 4.445 4.516 4.582 4.646 4.708 4.767 4.824 4.881 4.936 4.990 5.042 5.093 5.142 5.189 5.235 5.278 5.319 5.359 5.397 5.436 5.476 5.518
-99.000 -99.000 -99.000 -99.000 -99.000 -99.000 -99.000 -99.000 -99.000 -99.000 -99.000 -99.000 -99.000 -99.000 -99.000 -99.000 -99.000 -99.000 -99.000 -99.000 -99.000 -99.000 -99.000 -99.000 -99.000 -99.000 -99.000 -99.000 -99.000 -99.000 -99.000 -99.000 -99.000 1.646 1.652 1.705 1.856 2.101 2.407 2.740 3.065 3.359 3.609 3.813 3.978 4.111 4.221 4.315 4.397 4.472 4.540 4.605 4.667 4.727 4.785 4.841 4.896 4.950 5.003 5.054 5.104 5.153 5.200 5.245 5.288 5.328 5.367 5.404 5.441 5.478 5.517
-99.000 -99.000 -99.000 -99.000 -99.000 -99.000 -99.000 -99.000 -99.000 -99.000 -99.000 -99.000 -99.000 -99.000 -99.000 -99.000 -99.000 -99.000 -99.000 -99.000 -99.000 -99.000 -99.000 -99.000 -99.000 -99.000 -99.000 -99.000 -99.000 -99.000 -99.000 -99.000 -99.000 1.647 1.665 1.759 1.954 2.230 2.553 2.887 3.200 3.475 3.704 3.889 4.038 4.159 4.260 4.348 4.426 4.498 4.563 4.626 4.687 4.745 4.802 4.857 4.911 4.964 5.016 5.067 5.117 5.165 5.212 5.256 5.299 5.339 5.377 5.412 5.447 5.482 5.518
-99.000 -99.000 -99.000 -99.000 -99.000 -99.000 -99.000 -99.000 -99.000 -99.000 -99.000 -99.000 -99.000 -99.000 -99.000 -99.000 -99.000 -99.000 -99.000 -99.000 -99.000 -99.000 -99.000 -99.000 -99.000 -99.000 -99.000 -99.000 -99.000 -99.000 -99.000 -99.000 1.646 1.650 1.694 1.833 2.068 2.369 2.702 3.030 3.329 3.583 3.791 3.959 4.093 4.203 4.297 4.379 4.453 4.522 4.585 4.647 4.706 4.764 4.819 4.874 4.927 4.979 5.030 5.080 5.129 5.177 5.224 5.269 5.311 5.351 5.389 5.424 5.457 5.490 5.522
-99.000 -99.000 -99.000 -99.000 -99.000 -99.000 -99.000 -99.000 -99.000 -99.000 -99.000 -99.000 -99.000 -99.000 -99.000 -99.000 -99.000 -99.000 -99.000 -99.000 -99.000 -99.000 -99.000 -99.000 -99.000 -99.000 -99.000 -99.000 -99.000 -99.000 -99.000 -99.000 1.646 1.660 1.741 1.925 2.194 2.515 2.851 3.169 3.450 3.683 3.872 4.022 4.144 4.245 4.331 4.408 4.479 4.545 4.607 4.666 4.724 4.781 4.836 4.889 4.942 4.993 5.044 5.094 5.143 5.191 5.237 5.282 5.325 5.366 5.403 5.438 5.471 5.501 5.531
-99.000 -99.000 -99.000 -99.000 -99.000 -99.000 -99.000 -99.000 -99.000 -99.000 -99.000 -99.000 -99.000 -99.000 -99.000 -99.000 -99.000 -99.000 -99.000 -99.000 -99.000 -99.000 -99.000 -99.000 -99.000 -99.000 -99.000 -99.000 -99.000 -99.000 -99.000 1.646 1.649 1.683 1.809 2.034 2.331 2.665 2.998 3.302 3.563 3.776 3.946 4.081 4.192 4.284 4.365 4.437 4.504 4.568 4.627 4.685 4.742 4.797 4.851 4.904 4.956 5.007 5.057 5.107 5.156 5.204 5.251 5.296 5.340 5.381 5.420 5.455 5.487 5.517 5.544
-99.000 -99.000 -99.000 -99.000 -99.000 -99.000 -99.000 -99.000 -99.000 -99.000 -99.000 -99.000 -99.000 -99.000 -99.000 -99.000 -99.000 -99.000 -99.000 -99.000 -99.000 -99.000 -99.000 -99.000 -99.000 -99.000 -99.000 -99.000 -99.000 -99.000 -99.000 1.646 1.656 1.724 1.896 2.156 2.476 2.815 3.140 3.428 3.668 3.861 4.014 4.137 4.237 4.322 4.397 4.465 4.529 4.590 4.647 4.703 4.759 4.813 4.865 4.917 4.969 5.019 5.069 5.119 5.168 5.216 5.264 5.310 5.355 5.397 5.437 5.474 5.506 5.536 5.562
-99.000 -99.000 -99.000 -99.000 -99.000 -99.000 -99.000 -99.000 -99.000 -99.000 -99.000 -99.000 -99.000 -99.000 -99.000 -99.000 -99.000 -99.000 -99.000 -99.000 -99.000 -99.000 -99.000 -99.000 -99.000 -99.000 -99.000 -99.000 -99.000 -99.000 1.646 1.647 1.674 1.786 1.999 2.291 2.626 2.965 3.278 3.546 3.766 3.940 4.078 4.188 4.280 4.359 4.429 4.494 4.554 4.612 4.668 4.722 4.775 4.828 4.879 4.930 4.981 5.031 5.080 5.129 5.178 5.227 5.275 5.323 5.369 5.413 5.454 5.492 5.527 5.556 5.582
-99.000 -99.000 -99.000 -99.000 -99.000 -99.000 -99.000 -99.000 -99.000 -99.000 -99.000 -99.000 -99.000 -99.000 -99.000 -99.000 -99.000 -99.000 -99.000 -99.000 -99.000 -99.000 -99.000 -99.000 -99.000 -99.000 -99.000 -99.000 -99.000 -99.000 1.646 1.653 1.709 1.866 2.117 2.434 2.779 3.112 3.409 3.657 3.856 4.013 4.137 4.238 4.322 4.395 4.461 4.522 4.580 4.635 4.688 4.740 4.792 4.843 4.893 4.942 4.992 5.041 5.090 5.139 5.188 5.237 5.286 5.334 5.381 5.427 5.470 5.510 5.546 5.578 5.604
-99.000 -99.000 -99.000 -99.000 -99.000 -99.000 -99.000 -99.000 -99.000 -99.000 -99.000 -99.000 -99.000 -99.000 -99.000 -99.000 -99.000 -99.000 -99.000 -99.000 -99.000 -99.000 -99.000 -99.000 -99.000 -99.000 -99.000 -99.000 -99.000 -99.000 1.647 1.666 1.763 1.964 2.247 2.585 2.932 3.255 3.533 3.761 3.941 4.082 4.194 4.285 4.363 4.431 4.493 4.551 4.606 4.659 4.710 4.760 4.809 4.858 4.907 4.955 5.003 5.051 5.099 5.147 5.196 5.245 5.295 5.344 5.392 5.440 5.485 5.527 5.565 5.598 5.626
-99.000 -99.000 -99.000 -99.000 -99.000 -99.000 -99.000 -99.000 -99.000 -99.000 -99.000 -99.000 -99.000 -99.000 -99.000 -99.000 -99.000 -99.000 -99.000 -99.000 -99.000 -99.000 -99.000 -99.000 -99.000 -99.000 -99.000 -99.000 -99.000 1.646 1.650 1.695 1.836 2.076 2.389 2.739 3.083 3.391 3.649 3.857 4.019 4.146 4.247 4.331 4.403 4.467 4.525 4.581 4.633 4.684 4.732 4.780 4.828 4.874 4.921 4.967 5.014 5.060 5.107 5.155 5.204 5.253 5.302 5.352 5.402 5.450 5.497 5.541 5.581 5.616 5.645
-99.000 -99.000 -99.000 -99.000 -99.000 -99.000 -99.000 -99.000 -99.000 -99.000 -99.000 -99.000 -99.000 -99.000 -99.000 -99.000 -99.000 -99.000 -99.000 -99.000 -99.000 -99.000 -99.000 -99.000 -99.000 -99.000 -99.000 -99.000 -99.000 1.646 1.660 1.742 1.928 2.202 2.538 2.895 3.230 3.520 3.758 3.946 4.092 4.206 4.298 4.375 4.442 4.502 4.558 4.611 4.661 4.710 4.756 4.802 4.847 4.892 4.936 4.981 5.025 5.070 5.116 5.163 5.211 5.260 5.309 5.360 5.410 5.459 5.507 5.553 5.594 5.631 5.663
-99.000 -99.000 -99.000 -99.000 -99.000 -99.000 -99.000 -99.000 -99.000 -99.000 -99.000 -99.000 -99.000 -99.000 -99.000 -99.000 -99.000 -99.000 -99.000 -99.000 -99.000 -99.000 -99.000 -99.000 -99.000 -99.000 -99.000 -99.000 1.646 1.648 1.682 1.808 2.034 2.339 2.693 3.048 3.370 3.642 3.859 4.028 4.159 4.263 4.347 4.419 4.481 4.539 4.592 4.642 4.690 4.737 4.781 4.825 4.868 4.911 4.953 4.996 5.038 5.082 5.126 5.172 5.219 5.267 5.316 5.366 5.417 5.467 5.516 5.562 5.605 5.644 5.677
-99.000 -99.000 -99.000 -99.000 -99.000 -99.000 -99.000 -99.000 -99.000 -99.000 -99.000 -99.000 -99.000 -99.000 -99.000 -99.000 -99.000 -99.000 -99.000 -99.000 -99.000 -99.000 -99.000 -99.000 -99.000 -99.000 -99.000 -99.000 1.646 1.655 1.722 1.892 2.154 2.485 2.849 3.198 3.504 3.755 3.952 4.105 4.223 4.317 4.395 4.461 4.520 4.575 4.626 4.674 4.721 4.765 4.807 4.850 4.891 4.932 4.972 5.012 5.053 5.095 5.137 5.181 5.227 5.274 5.323 5.373 5.423 5.473 5.523 5.570 5.614 5.654 5.689
-99.000 -99.000 -99.000 -99.000 -99.000 -99.000 -99.000 -99.000 -99.000 -99.000 -99.000 -99.000 -99.000 -99.000 -99.000 -99.000 -99.000 -99.000 -99.000 -99.000 -99.000 -99.000 -99.000 -99.000 -99.000 -99.000 -99.000 -99.000 1.647 1.672 1.780 1.992 2.286 2.638 3.005 3.342 3.629 3.859 4.038 4.175 4.283 4.369 4.441 4.503 4.559 4.611 4.660 4.707 4.752 4.794 4.835 4.876 4.916 4.954 4.993 5.031 5.070 5.109 5.150 5.193 5.237 5.283 5.331 5.380 5.430 5.480 5.529 5.577 5.622 5.663 5.699
