TsunamiDB/out54059.asc
ncols          264
nrows          230
xllcorner      497853.4375
yllcorner      4229146.0000
cellsize         5.
NODATA_value   -99
[rows 33 to 65 of 230, columns 74 to 147 of 264]
-99.000 -99.000 -99.000 -99.000 -99.000 -99.000 -99.000 -99.000 -99.000 -99.000 -99.000 -99.000 -99.000 -99.000 -99.000 -99.000 -99.000 -99.000 -99.000 -99.000 -99.000 1.648 1.665 1.753 1.937 2.197 2.496 2.795 3.068 3.300 3.488 3.637 3.757 3.854 3.937 4.009 4.074 4.133 4.188 4.239 4.287 4.333 4.377 4.420 4.460 4.500 4.538 4.574 4.610 4.645 4.679 4.713 4.745 4.777 4.809 4.838 4.867 4.897 4.927 4.956 4.984 5.013 5.040 5.068 5.095 5.122 5.148 5.175 5.200 5.225 5.250 5.274 5.298 5.321
-99.000 -99.000 -99.000 -99.000 -99.000 -99.000 -99.000 -99.000 -99.000 -99.000 -99.000 -99.000 -99.000 -99.000 -99.000 -99.000 -99.000 -99.000 -99.000 -99.000 1.647 1.650 1.685 1.808 2.023 2.302 2.605 2.898 3.158 3.374 3.548 3.687 3.798 3.890 3.970 4.040 4.103 4.161 4.214 4.265 4.313 4.358 4.402 4.444 4.484 4.522 4.560 4.596 4.632 4.666 4.700 4.732 4.765 4.796 4.827 4.856 4.885 4.914 4.943 4.971 4.999 5.027 5.054 5.081 5.108 5.134 5.160 5.186 5.211 5.236 5.261 5.285 5.309 5.332
-99.000 -99.000 -99.000 -99.000 -99.000 -99.000 -99.000 -99.000 -99.000 -99.000 -99.000 -99.000 -99.000 -99.000 -99.000 -99.000 -99.000 -99.000 -99.000 -99.000 1.647 1.656 1.718 1.876 2.118 2.410 2.713 2.997 3.242 3.443 3.604 3.733 3.838 3.925 4.002 4.070 4.131 4.188 4.241 4.291 4.338 4.383 4.426 4.467 4.507 4.545 4.582 4.618 4.653 4.687 4.720 4.753 4.784 4.815 4.845 4.874 4.903 4.931 4.959 4.987 5.015 5.042 5.069 5.095 5.121 5.147 5.173 5.198 5.223 5.247 5.272 5.296 5.319 5.343
-99.000 -99.000 -99.000 -99.000 -99.000 -99.000 -99.000 -99.000 -99.000 -99.000 -99.000 -99.000 -99.000 -99.000 -99.000 -99.000 -99.000 -99.000 -99.000 -99.000 1.648 1.669 1.764 1.956 2.220 2.521 2.820 3.092 3.321 3.507 3.656 3.777 3.875 3.959 4.033 4.099 4.160 4.216 4.268 4.317 4.364 4.408 4.451 4.491 4.531 4.569 4.605 4.641 4.675 4.709 4.741 4.773 4.804 4.835 4.865 4.893 4.921 4.949 4.977 5.004 5.031 5.057 5.084 5.109 5.135 5.160 5.185 5.210 5.234 5.259 5.282 5.306 5.329 5.352
-99.000 -99.000 -99.000 -99.000 -99.000 -99.000 -99.000 -99.000 -99.000 -99.000 -99.000 -99.000 -99.000 -99.000 -99.000 -99.000 -99.000 -99.000 -99.000 1.647 1.651 1.692 1.823 2.046 2.329 2.633 2.925 3.181 3.395 3.567 3.705 3.818 3.911 3.991 4.063 4.128 4.188 4.243 4.294 4.343 4.389 4.433 4.475 4.516 4.554 4.592 4.628 4.663 4.697 4.730 4.763 4.794 4.825 4.855 4.884 4.912 4.940 4.967 4.995 5.021 5.048 5.074 5.099 5.124 5.149 5.174 5.198 5.223 5.246 5.270 5.293 5.316 5.339 5.362
-99.000 -99.000 -99.000 -99.000 -99.000 -99.000 -99.000 -99.000 -99.000 -99.000 -99.000 -99.000 -99.000 -99.000 -99.000 -99.000 -99.000 -99.000 -99.000 1.647 1.658 1.729 1.897 2.147 2.442 2.745 3.025 3.266 3.463 3.622 3.750 3.856 3.945 4.023 4.093 4.156 4.215 4.269 4.321 4.369 4.415 4.458 4.500 4.540 4.578 4.615 4.651 4.686 4.719 4.752 4.784 4.815 4.846 4.875 4.905 4.932 4.959 4.986 5.013 5.039 5.065 5.091 5.116 5.140 5.165 5.189 5.212 5.236 5.259 5.282 5.305 5.327 5.350 5.372
-99.000 -99.000 -99.000 -99.000 -99.000 -99.000 -99.000 -99.000 -99.000 -99.000 -99.000 -99.000 -99.000 -99.000 -99.000 -99.000 -99.000 -99.000 -99.000 1.649 1.675 1.782 1.984 2.256 2.558 2.854 3.121 3.345 3.526 3.673 3.792 3.892 3.977 4.053 4.121 4.184 4.242 4.296 4.347 4.394 4.440 4.483 4.524 4.563 4.602 4.638 4.674 4.708 4.741 4.774 4.806 4.836 4.867 4.896 4.925 4.952 4.979 5.006 5.032 5.058 5.083 5.108 5.133 5.157 5.181 5.204 5.227 5.250 5.273 5.295 5.317 5.339 5.361 5.383
-99.000 -99.000 -99.000 -99.000 -99.000 -99.000 -99.000 -99.000 -99.000 -99.000 -99.000 -99.000 -99.000 -99.000 -99.000 -99.000 -99.000 -99.000 1.647 1.653 1.704 1.850 2.083 2.371 2.674 2.961 3.211 3.417 3.584 3.720 3.831 3.926 4.008 4.082 4.149 4.211 4.268 4.322 4.372 4.419 4.464 4.507 4.548 4.587 4.625 4.661 4.696 4.730 4.764 4.796 4.827 4.858 4.888 4.917 4.945 4.972 4.998 5.025 5.051 5.077 5.102 5.126 5.151 5.174 5.197 5.220 5.243 5.265 5.287 5.309 5.330 5.352 5.373 5.394
-99.000 -99.000 -99.000 -99.000 -99.000 -99.000 -99.000 -99.000 -99.000 -99.000 -99.000 -99.000 -99.000 -99.000 -99.000 -99.000 -99.000 -99.000 1.648 1.664 1.750 1.934 2.193 2.491 2.790 3.063 3.295 3.484 3.637 3.763 3.868 3.958 4.038 4.109 4.176 4.237 4.294 4.347 4.397 4.444 4.489 4.531 4.572 4.611 4.648 4.684 4.719 4.753 4.786 4.817 4.848 4.879 4.908 4.937 4.966 4.992 5.018 5.045 5.071 5.096 5.121 5.145 5.169 5.192 5.215 5.237 5.259 5.281 5.303 5.324 5.345 5.365 5.386 5.406
-99.000 -99.000 -99.000 -99.000 -99.000 -99.000 -99.000 -99.000 -99.000 -99.000 -99.000 -99.000 -99.000 -99.000 -99.000 -99.000 -99.000 1.647 1.650 1.687 1.813 2.032 2.311 2.613 2.903 3.159 3.372 3.545 3.686 3.802 3.901 3.988 4.066 4.136 4.201 4.262 4.319 4.371 4.421 4.468 4.513 4.555 4.595 4.634 4.671 4.707 4.741 4.775 4.807 4.839 4.870 4.900 4.929 4.958 4.986 5.013 5.038 5.065 5.090 5.115 5.140 5.164 5.187 5.211 5.233 5.255 5.277 5.298 5.319 5.340 5.360 5.380 5.400 5.420
-99.000 -99.000 -99.000 -99.000 -99.000 -99.000 -99.000 -99.000 -99.000 -99.000 -99.000 -99.000 -99.000 -99.000 -99.000 -99.000 -99.000 1.647 1.658 1.727 1.895 2.143 2.435 2.735 3.011 3.248 3.443 3.600 3.729 3.838 3.933 4.017 4.092 4.161 4.226 4.286 4.342 4.395 4.445 4.492 4.536 4.578 4.618 4.656 4.693 4.729 4.763 4.796 4.829 4.860 4.891 4.920 4.950 4.978 5.006 5.032 5.058 5.084 5.110 5.135 5.159 5.183 5.206 5.229 5.252 5.273 5.295 5.316 5.336 5.356 5.376 5.396 5.415 5.434
-99.000 -99.000 -99.000 -99.000 -99.000 -99.000 -99.000 -99.000 -99.000 -99.000 -99.000 -99.000 -99.000 -99.000 -99.000 -99.000 1.647 1.649 1.677 1.787 1.992 2.264 2.563 2.854 3.113 3.330 3.507 3.650 3.769 3.871 3.962 4.043 4.116 4.185 4.249 4.309 4.365 4.418 4.467 4.514 4.558 4.600 4.640 4.679 4.715 4.751 4.785 4.818 4.850 4.881 4.911 4.941 4.970 4.998 5.026 5.052 5.078 5.104 5.129 5.154 5.178 5.202 5.225 5.248 5.270 5.292 5.313 5.334 5.354 5.374 5.394 5.413 5.432 5.450
-99.000 -99.000 -99.000 -99.000 -99.000 -99.000 -99.000 -99.000 -99.000 -99.000 -99.000 -99.000 -99.000 -99.000 -99.000 -99.000 1.647 1.654 1.712 1.866 2.104 2.392 2.690 2.969 3.208 3.405 3.565 3.696 3.806 3.902 3.988 4.067 4.139 4.207 4.271 4.331 4.387 4.439 4.489 4.536 4.580 4.622 4.662 4.700 4.737 4.772 4.806 4.839 4.870 4.901 4.932 4.961 4.990 5.018 5.045 5.072 5.097 5.123 5.148 5.173 5.197 5.221 5.244 5.267 5.289 5.311 5.332 5.352 5.373 5.392 5.412 5.430 5.449 5.467
-99.000 -99.000 -99.000 -99.000 -99.000 -99.000 -99.000 -99.000 -99.000 -99.000 -99.000 -99.000 -99.000 -99.000 -99.000 -99.000 1.648 1.670 1.768 1.963 2.228 2.524 2.816 3.076 3.295 3.473 3.617 3.737 3.839 3.930 4.013 4.090 4.161 4.228 4.291 4.351 4.407 4.460 4.510 4.557 4.601 4.643 4.683 4.721 4.758 4.793 4.826 4.859 4.891 4.921 4.951 4.981 5.009 5.037 5.064 5.090 5.116 5.142 5.167 5.191 5.216 5.239 5.263 5.285 5.308 5.329 5.350 5.371 5.391 5.411 5.430 5.449 5.467 5.485
-99.000 -99.000 -99.000 -99.000 -99.000 -99.000 -99.000 -99.000 -99.000 -99.000 -99.000 -99.000 -99.000 -99.000 -99.000 1.647 1.652 1.702 1.845 2.076 2.359 2.657 2.936 3.176 3.374 3.534 3.665 3.775 3.871 3.957 4.037 4.112 4.181 4.247 4.310 4.370 4.426 4.479 4.529 4.576 4.621 4.663 4.703 4.741 4.778 4.813 4.846 4.879 4.910 4.941 4.971 5.000 5.028 5.056 5.083 5.109 5.134 5.160 5.185 5.210 5.234 5.258 5.281 5.304 5.326 5.348 5.369 5.390 5.410 5.430 5.449 5.468 5.486 5.504
-99.000 -99.000 -99.000 -99.000 -99.000 -99.000 -99.000 -99.000 -99.000 -99.000 -99.000 -99.000 -99.000 -99.000 -99.000 1.648 1.666 1.755 1.942 2.202 2.496 2.787 3.048 3.268 3.446 3.589 3.708 3.810 3.900 3.982 4.059 4.132 4.200 4.265 4.328 4.387 4.444 4.497 4.547 4.595 4.640 4.682 4.723 4.761 4.797 4.832 4.866 4.898 4.930 4.960 4.990 5.019 5.047 5.074 5.101 5.127 5.152 5.178 5.203 5.227 5.251 5.275 5.298 5.321 5.344 5.366 5.387 5.408 5.428 5.448 5.467 5.486 5.505 5.523
-99.000 -99.000 -99.000 -99.000 -99.000 -99.000 -99.000 -99.000 -99.000 -99.000 -99.000 -99.000 -99.000 -99.000 1.647 1.651 1.695 1.831 2.056 2.337 2.633 2.912 3.153 3.351 3.510 3.640 3.748 3.842 3.927 4.006 4.080 4.151 4.218 4.282 4.344 4.404 4.460 4.514 4.564 4.612 4.658 4.700 4.741 4.780 4.816 4.851 4.885 4.917 4.949 4.979 5.008 5.037 5.065 5.092 5.119 5.144 5.170 5.195 5.220 5.244 5.269 5.292 5.316 5.338 5.361 5.383 5.404 5.426 5.446 5.466 5.486 5.505 5.524 5.542
-99.000 -99.000 -99.000 -99.000 -99.000 -99.000 -99.000 -99.000 -99.000 -99.000 -99.000 -99.000 -99.000 -99.000 1.648 1.663 1.747 1.928 2.184 2.477 2.768 3.029 3.249 3.427 3.569 3.686 3.786 3.873 3.954 4.029 4.101 4.169 4.235 4.298 4.360 4.419 4.475 4.529 4.580 4.629 4.674 4.718 4.759 4.797 4.834 4.870 4.903 4.936 4.967 4.997 5.026 5.055 5.083 5.110 5.136 5.161 5.187 5.212 5.237 5.261 5.285 5.309 5.332 5.355 5.378 5.400 5.421 5.443 5.464 5.484 5.504 5.524 5.543 5.561
-99.000 -99.000 -99.000 -99.000 -99.000 -99.000 -99.000 -99.000 -99.000 -99.000 -99.000 -99.000 -99.000 1.647 1.651 1.691 1.822 2.044 2.322 2.617 2.896 3.138 3.336 3.495 3.623 3.729 3.821 3.903 3.980 4.052 4.121 4.187 4.251 4.313 4.374 4.433 4.489 4.543 4.595 4.644 4.690 4.734 4.775 4.814 4.852 4.887 4.921 4.953 4.985 5.015 5.044 5.073 5.100 5.128 5.153 5.178 5.203 5.228 5.253 5.277 5.301 5.325 5.348 5.371 5.394 5.416 5.438 5.459 5.480 5.501 5.521 5.541 5.561 5.580
-99.000 -99.000 -99.000 -99.000 -99.000 -99.000 -99.000 -99.000 -99.000 -99.000 -99.000 -99.000 -99.000 1.647 1.662 1.742 1.920 2.173 2.465 2.755 3.018 3.238 3.415 3.557 3.672 3.769 3.855 3.933 4.005 4.074 4.141 4.205 4.267 4.328 4.388 4.446 4.502 4.556 4.608 4.657 4.704 4.749 4.791 4.830 4.868 4.904 4.938 4.971 5.002 5.032 5.062 5.090 5.118 5.144 5.170 5.194 5.220 5.245 5.269 5.293 5.317 5.341 5.364 5.387 5.409 5.432 5.454 5.475 5.497 5.518 5.538 5.558 5.578 5.598
-99.000 -99.000 -99.000 -99.000 -99.000 -99.000 -99.000 -99.000 -99.000 -99.000 -99.000 -99.000 1.647 1.650 1.689 1.817 2.036 2.313 2.608 2.888 3.130 3.328 3.486 3.613 3.718 3.808 3.887 3.961 4.030 4.097 4.161 4.222 4.283 4.343 4.402 4.459 4.514 4.568 4.620 4.670 4.717 4.762 4.805 4.846 4.884 4.920 4.955 4.988 5.019 5.049 5.079 5.107 5.134 5.161 5.186 5.211 5.236 5.261 5.285 5.309 5.332 5.356 5.379 5.402 5.424 5.447 5.469 5.490 5.512 5.533 5.554 5.575 5.595 5.615
-99.000 -99.000 -99.000 -99.000 -99.000 -99.000 -99.000 -99.000 -99.000 -99.000 -99.000 -99.000 1.647 1.661 1.740 1.915 2.168 2.459 2.750 3.012 3.233 3.410 3.551 3.665 3.761 3.844 3.919 3.989 4.055 4.119 4.181 4.240 4.299 4.357 4.415 4.471 4.526 4.580 4.631 4.681 4.729 4.775 4.818 4.859 4.898 4.935 4.970 5.004 5.036 5.066 5.095 5.124 5.151 5.178 5.203 5.227 5.252 5.276 5.300 5.324 5.348 5.371 5.394 5.416 5.439 5.461 5.483 5.505 5.527 5.548 5.570 5.591 5.611 5.632
-99.000 -99.000 -99.000 -99.000 -99.000 -99.000 -99.000 -99.000 -99.000 -99.000 -99.000 1.647 1.650 1.688 1.815 2.033 2.310 2.605 2.885 3.128 3.326 3.484 3.610 3.714 3.802 3.879 3.950 4.017 4.080 4.142 4.201 4.259 4.315 4.372 4.428 4.483 4.537 4.590 4.642 4.692 4.740 4.786 4.830 4.872 4.912 4.950 4.985 5.019 5.051 5.082 5.112 5.140 5.167 5.194 5.219 5.243 5.268 5.292 5.316 5.339 5.363 5.386 5.408 5.431 5.453 5.475 5.497 5.519 5.541 5.563 5.584 5.606 5.627 5.647
-99.000 -99.000 -99.000 -99.000 -99.000 -99.000 -99.000 -99.000 -99.000 -99.000 -99.000 1.647 1.661 1.739 1.915 2.167 2.458 2.749 3.012 3.233 3.411 3.551 3.665 3.759 3.841 3.914 3.981 4.045 4.106 4.165 4.222 4.278 4.332 4.388 4.442 4.496 4.549 4.601 4.652 4.702 4.750 4.797 4.841 4.884 4.924 4.963 4.999 5.034 5.067 5.098 5.128 5.156 5.184 5.210 5.235 5.259 5.284 5.308 5.331 5.355 5.378 5.400 5.423 5.445 5.467 5.489 5.511 5.533 5.555 5.577 5.598 5.620 5.641 5.663
-99.000 -99.000 -99.000 -99.000 -99.000 -99.000 -99.000 -99.000 -99.000 -99.000 1.647 1.650 1.688 1.816 2.034 2.311 2.607 2.887 3.130 3.329 3.487 3.612 3.715 3.802 3.878 3.947 4.012 4.073 4.131 4.188 4.244 4.297 4.350 4.403 4.456 4.508 4.560 4.611 4.661 4.711 4.759 4.806 4.851 4.894 4.936 4.975 5.012 5.047 5.081 5.113 5.143 5.172 5.200 5.226 5.251 5.275 5.300 5.324 5.347 5.370 5.393 5.415 5.437 5.459 5.481 5.503 5.525 5.547 5.569 5.590 5.612 5.634 5.655 5.677
-99.000 -99.000 -99.000 -99.000 -99.000 -99.000 -99.000 -99.000 -99.000 -99.000 1.647 1.661 1.740 1.917 2.170 2.461 2.753 3.016 3.237 3.415 3.556 3.669 3.762 3.843 3.914 3.980 4.042 4.101 4.157 4.212 4.265 4.317 4.368 4.420 4.471 4.521 4.572 4.622 4.671 4.720 4.768 4.815 4.860 4.904 4.946 4.986 5.024 5.060 5.094 5.127 5.158 5.187 5.215 5.242 5.267 5.291 5.316 5.339 5.363 5.385 5.408 5.430 5.452 5.474 5.495 5.517 5.539 5.560 5.582 5.604 5.626 5.647 5.669 5.691
-99.000 -99.000 -99.000 -99.000 -99.000 -99.000 -99.000 -99.000 -99.000 1.647 1.650 1.690 1.819 2.038 2.316 2.612 2.893 3.136 3.335 3.493 3.618 3.720 3.807 3.882 3.950 4.013 4.072 4.128 4.183 4.236 4.288 4.338 4.387 4.437 4.486 4.535 4.584 4.632 4.681 4.729 4.776 4.823 4.868 4.912 4.955 4.996 5.035 5.072 5.107 5.140 5.172 5.202 5.230 5.258 5.283 5.307 5.332 5.355 5.378 5.401 5.423 5.445 5.467 5.488 5.510 5.531 5.553 5.574 5.596 5.617 5.639 5.661 5.682 5.704
-99.000 -99.000 -99.000 -99.000 -99.000 -99.000 -99.000 -99.000 -99.000 1.647 1.662 1.743 1.922 2.176 2.468 2.760 3.024 3.245 3.422 3.563 3.675 3.769 3.849 3.919 3.984 4.044 4.101 4.156 4.209 4.260 4.310 4.359 4.406 4.454 4.502 4.549 4.597 4.644 4.691 4.738 4.784 4.830 4.875 4.920 4.963 5.004 5.044 5.082 5.118 5.152 5.185 5.215 5.245 5.273 5.299 5.323 5.348 5.371 5.394 5.417 5.439 5.461 5.482 5.503 5.524 5.546 5.567 5.588 5.609 5.631 5.652 5.674 5.695 5.717
-99.000 -99.000 -99.000 -99.000 -99.000 -99.000 -99.000 -99.000 1.647 1.651 1.692 1.823 2.045 2.324 2.621 2.901 3.144 3.343 3.501 3.626 3.728 3.814 3.889 3.956 4.018 4.076 4.131 4.184 4.235 4.284 4.333 4.380 4.426 4.473 4.519 4.565 4.610 4.656 4.702 4.747 4.793 4.838 4.883 4.926 4.969 5.011 5.052 5.090 5.128 5.163 5.196 5.228 5.258 5.287 5.313 5.338 5.363 5.387 5.410 5.433 5.455 5.476 5.498 5.519 5.539 5.560 5.581 5.602 5.623 5.644 5.665 5.687 5.708 5.730
-99.000 -99.000 -99.000 -99.000 -99.000 -99.000 -99.000 -99.000 1.648 1.663 1.747 1.928 2.184 2.477 2.770 3.033 3.254 3.431 3.571 3.684 3.777 3.857 3.927 3.991 4.051 4.107 4.160 4.211 4.261 4.309 4.356 4.402 4.446 4.491 4.536 4.580 4.625 4.669 4.713 4.757 4.802 4.846 4.890 4.933 4.976 5.018 5.058 5.098 5.136 5.172 5.206 5.239 5.270 5.300 5.327 5.353 5.378 5.403 5.426 5.449 5.471 5.492 5.513 5.534 5.555 5.575 5.596 5.616 5.637 5.658 5.679 5.700 5.721 5.743
-99.000 -99.000 -99.000 -99.000 -99.000 -99.000 -99.000 1.648 1.651 1.694 1.829 2.054 2.334 2.631 2.912 3.154 3.352 3.510 3.635 3.737 3.823 3.897 3.964 4.025 4.083 4.137 4.189 4.239 4.287 4.334 4.379 4.423 4.467 4.511 4.554 4.597 4.640 4.682 4.725 4.768 4.811 4.854 4.897 4.939 4.982 5.023 5.064 5.104 5.143 5.180 5.215 5.249 5.281 5.312 5.340 5.367 5.393 5.418 5.441 5.465 5.487 5.508 5.530 5.550 5.571 5.591 5.611 5.632 5.652 5.672 5.693 5.714 5.735 5.756
-99.000 -99.000 -99.000 -99.000 -99.000 -99.000 -99.000 1.649 1.664 1.751 1.936 2.194 2.488 2.781 3.044 3.264 3.440 3.580 3.693 3.786 3.866 3.936 4.000 4.059 4.114 4.167 4.217 4.266 4.312 4.358 4.403 4.445 4.488 4.530 4.572 4.614 4.655 4.697 4.738 4.780 4.821 4.863 4.904 4.946 4.988 5.029 5.069 5.109 5.148 5.186 5.222 5.257 5.290 5.322 5.351 5.379 5.406 5.432 5.456 5.480 5.502 5.524 5.546 5.567 5.587 5.607 5.627 5.647 5.667 5.687 5.707 5.728 5.748 5.769
-99.000 -99.000 -99.000 -99.000 -99.000 -99.000 1.648 1.652 1.697 1.836 2.063 2.345 2.643 2.923 3.164 3.362 3.519 3.644 3.746 3.831 3.906 3.973 4.034 4.091 4.145 4.196 4.245 4.292 4.338 4.382 4.426 4.468 4.509 4.550 4.591 4.631 4.671 4.711 4.752 4.792 4.832 4.872 4.913 4.953 4.994 5.034 5.074 5.114 5.153 5.191 5.228 5.263 5.297 5.330 5.360 5.389 5.417 5.444 5.470 5.494 5.517 5.540 5.562 5.583 5.603 5.623 5.643 5.663 5.683 5.702 5.722 5.742 5.762 5.783
