TsunamiDB/out54089.asc
ncols          264
nrows          230
xllcorner      497853.4375
yllcorner      4229146.0000
cellsize         5.
NODATA_value   -99
[rows 34 to 67 of 230, columns 0 to 76 of 264]
-99.000 -99.000 -99.000 -99.000 -99.000 -99.000 -99.000 -99.000 -99.000 -99.000 -99.000 -99.000 -99.000 -99.000 -99.000 -99.000 -99.000 -99.000 -99.000 -99.000 -99.000 -99.000 -99.000 -99.000 -99.000 -99.000 -99.000 -99.000 -99.000 -99.000 -99.000 -99.000 -99.000 -99.000 -99.000 -99.000 -99.000 1.649 1.655 1.707 1.853 2.084 2.364 2.652 2.915 3.136 3.312 3.451 3.561 3.652 3.729 3.797 3.859 3.916 3.970 4.022 4.070 4.117 4.162 4.206 4.247 4.287 4.327 4.366 4.404 4.441 4.478 4.513 4.548 4.583 4.617 4.650 4.682 4.714 4.746 4.777 4.807
-99.000 -99.000 -99.000 -99.000 -99.000 -99.000 -99.000 -99.000 -99.000 -99.000 -99.000 -99.000 -99.000 -99.000 -99.000 -99.000 -99.000 -99.000 -99.000 -99.000 -99.000 -99.000 -99.000 -99.000 -99.000 -99.000 -99.000 -99.000 -99.000 -99.000 -99.000 -99.000 -99.000 -99.000 -99.000 -99.000 -99.000 1.650 1.668 1.757 1.942 2.199 2.488 2.768 3.015 3.217 3.376 3.502 3.603 3.688 3.761 3.826 3.886 3.942 3.995 4.045 4.093 4.138 4.183 4.225 4.266 4.305 4.344 4.382 4.420 4.456 4.492 4.527 4.562 4.595 4.629 4.661 4.694 4.725 4.756 4.787 4.817
-99.000 -99.000 -99.000 -99.000 -99.000 -99.000 -99.000 -99.000 -99.000 -99.000 -99.000 -99.000 -99.000 -99.000 -99.000 -99.000 -99.000 -99.000 -99.000 -99.000 -99.000 -99.000 -99.000 -99.000 -99.000 -99.000 -99.000 -99.000 -99.000 -99.000 -99.000 -99.000 -99.000 -99.000 -99.000 -99.000 1.650 1.653 1.693 1.824 2.044 2.320 2.609 2.878 3.107 3.290 3.435 3.549 3.643 3.722 3.792 3.855 3.913 3.967 4.019 4.068 4.115 4.159 4.203 4.245 4.284 4.323 4.361 4.399 4.435 4.471 4.506 4.541 4.575 4.608 4.641 4.673 4.705 4.736 4.767 4.797 4.827
-99.000 -99.000 -99.000 -99.000 -99.000 -99.000 -99.000 -99.000 -99.000 -99.000 -99.000 -99.000 -99.000 -99.000 -99.000 -99.000 -99.000 -99.000 -99.000 -99.000 -99.000 -99.000 -99.000 -99.000 -99.000 -99.000 -99.000 -99.000 -99.000 -99.000 -99.000 -99.000 -99.000 -99.000 -99.000 -99.000 1.650 1.662 1.736 1.907 2.156 2.442 2.727 2.980 3.190 3.357 3.488 3.593 3.680 3.755 3.822 3.883 3.939 3.992 4.043 4.091 4.137 4.181 4.223 4.264 4.303 4.341 4.379 4.416 4.451 4.487 4.521 4.555 4.588 4.621 4.653 4.685 4.716 4.747 4.777 4.807 4.836
-99.000 -99.000 -99.000 -99.000 -99.000 -99.000 -99.000 -99.000 -99.000 -99.000 -99.000 -99.000 -99.000 -99.000 -99.000 -99.000 -99.000 -99.000 -99.000 -99.000 -99.000 -99.000 -99.000 -99.000 -99.000 -99.000 -99.000 -99.000 -99.000 -99.000 -99.000 -99.000 -99.000 -99.000 -99.000 1.650 1.652 1.682 1.796 2.004 2.274 2.564 2.838 3.075 3.266 3.417 3.536 3.633 3.715 3.787 3.851 3.910 3.966 4.018 4.067 4.114 4.159 4.202 4.244 4.284 4.322 4.360 4.397 4.433 4.468 4.502 4.536 4.569 4.602 4.634 4.666 4.697 4.728 4.758 4.788 4.817 4.846
-99.000 -99.000 -99.000 -99.000 -99.000 -99.000 -99.000 -99.000 -99.000 -99.000 -99.000 -99.000 -99.000 -99.000 -99.000 -99.000 -99.000 -99.000 -99.000 -99.000 -99.000 -99.000 -99.000 -99.000 -99.000 -99.000 -99.000 -99.000 -99.000 -99.000 -99.000 -99.000 -99.000 -99.000 -99.000 1.650 1.658 1.717 1.873 2.112 2.396 2.683 2.944 3.161 3.335 3.472 3.581 3.672 3.749 3.818 3.880 3.938 3.992 4.043 4.091 4.137 4.181 4.224 4.265 4.305 4.342 4.378 4.415 4.450 4.485 4.519 4.552 4.584 4.616 4.648 4.679 4.710 4.740 4.769 4.799 4.828 4.856
-99.000 -99.000 -99.000 -99.000 -99.000 -99.000 -99.000 -99.000 -99.000 -99.000 -99.000 -99.000 -99.000 -99.000 -99.000 -99.000 -99.000 -99.000 -99.000 -99.000 -99.000 -99.000 -99.000 -99.000 -99.000 -99.000 -99.000 -99.000 -99.000 -99.000 -99.000 -99.000 -99.000 -99.000 -99.000 1.651 1.673 1.771 1.966 2.228 2.518 2.797 3.041 3.240 3.398 3.522 3.623 3.708 3.782 3.848 3.909 3.965 4.018 4.068 4.115 4.161 4.204 4.246 4.286 4.325 4.362 4.398 4.433 4.468 4.502 4.535 4.568 4.600 4.631 4.662 4.693 4.723 4.752 4.781 4.810 4.839 4.867
-99.000 -99.000 -99.000 -99.000 -99.000 -99.000 -99.000 -99.000 -99.000 -99.000 -99.000 -99.000 -99.000 -99.000 -99.000 -99.000 -99.000 -99.000 -99.000 -99.000 -99.000 -99.000 -99.000 -99.000 -99.000 -99.000 -99.000 -99.000 -99.000 -99.000 -99.000 -99.000 -99.000 -99.000 1.650 1.655 1.703 1.842 2.070 2.350 2.639 2.906 3.131 3.312 3.455 3.569 3.663 3.743 3.814 3.878 3.937 3.992 4.044 4.093 4.140 4.184 4.227 4.268 4.308 4.346 4.382 4.418 4.453 4.487 4.520 4.553 4.585 4.616 4.647 4.677 4.707 4.736 4.765 4.794 4.822 4.850 4.877
-99.000 -99.000 -99.000 -99.000 -99.000 -99.000 -99.000 -99.000 -99.000 -99.000 -99.000 -99.000 -99.000 -99.000 -99.000 -99.000 -99.000 -99.000 -99.000 -99.000 -99.000 -99.000 -99.000 -99.000 -99.000 -99.000 -99.000 -99.000 -99.000 -99.000 -99.000 -99.000 -99.000 -99.000 1.651 1.666 1.750 1.930 2.185 2.473 2.756 3.007 3.213 3.377 3.507 3.613 3.701 3.777 3.845 3.908 3.965 4.019 4.070 4.118 4.164 4.208 4.250 4.291 4.330 4.368 4.403 4.438 4.472 4.506 4.539 4.571 4.602 4.633 4.663 4.693 4.722 4.751 4.779 4.807 4.835 4.862 4.889
-99.000 -99.000 -99.000 -99.000 -99.000 -99.000 -99.000 -99.000 -99.000 -99.000 -99.000 -99.000 -99.000 -99.000 -99.000 -99.000 -99.000 -99.000 -99.000 -99.000 -99.000 -99.000 -99.000 -99.000 -99.000 -99.000 -99.000 -99.000 -99.000 -99.000 -99.000 -99.000 -99.000 1.650 1.653 1.690 1.816 2.031 2.306 2.596 2.868 3.100 3.288 3.437 3.556 3.653 3.737 3.810 3.876 3.937 3.993 4.046 4.096 4.144 4.189 4.232 4.274 4.314 4.352 4.389 4.424 4.458 4.492 4.525 4.558 4.589 4.620 4.650 4.680 4.709 4.738 4.766 4.794 4.821 4.848 4.875 4.901
-99.000 -99.000 -99.000 -99.000 -99.000 -99.000 -99.000 -99.000 -99.000 -99.000 -99.000 -99.000 -99.000 -99.000 -99.000 -99.000 -99.000 -99.000 -99.000 -99.000 -99.000 -99.000 -99.000 -99.000 -99.000 -99.000 -99.000 -99.000 -99.000 -99.000 -99.000 -99.000 -99.000 1.650 1.661 1.731 1.899 2.144 2.431 2.717 2.973 3.186 3.356 3.491 3.601 3.692 3.771 3.842 3.906 3.966 4.021 4.073 4.122 4.169 4.214 4.256 4.297 4.336 4.374 4.411 4.446 4.479 4.513 4.545 4.577 4.608 4.638 4.668 4.697 4.726 4.754 4.782 4.809 4.836 4.862 4.888 4.914
-99.000 -99.000 -99.000 -99.000 -99.000 -99.000 -99.000 -99.000 -99.000 -99.000 -99.000 -99.000 -99.000 -99.000 -99.000 -99.000 -99.000 -99.000 -99.000 -99.000 -99.000 -99.000 -99.000 -99.000 -99.000 -99.000 -99.000 -99.000 -99.000 -99.000 -99.000 -99.000 1.650 1.652 1.680 1.792 1.998 2.266 2.556 2.832 3.070 3.264 3.418 3.541 3.642 3.729 3.805 3.873 3.936 3.994 4.049 4.100 4.148 4.195 4.238 4.280 4.321 4.360 4.397 4.433 4.467 4.501 4.534 4.566 4.597 4.628 4.657 4.687 4.715 4.744 4.771 4.798 4.825 4.851 4.877 4.903 4.928
-99.000 -99.000 -99.000 -99.000 -99.000 -99.000 -99.000 -99.000 -99.000 -99.000 -99.000 -99.000 -99.000 -99.000 -99.000 -99.000 -99.000 -99.000 -99.000 -99.000 -99.000 -99.000 -99.000 -99.000 -99.000 -99.000 -99.000 -99.000 -99.000 -99.000 -99.000 -99.000 1.650 1.658 1.717 1.872 2.110 2.392 2.680 2.941 3.159 3.334 3.474 3.587 3.682 3.764 3.837 3.903 3.965 4.022 4.076 4.126 4.174 4.220 4.263 4.305 4.344 4.383 4.420 4.455 4.489 4.522 4.555 4.586 4.617 4.647 4.677 4.706 4.734 4.762 4.789 4.816 4.842 4.868 4.893 4.918 4.943
-99.000 -99.000 -99.000 -99.000 -99.000 -99.000 -99.000 -99.000 -99.000 -99.000 -99.000 -99.000 -99.000 -99.000 -99.000 -99.000 -99.000 -99.000 -99.000 -99.000 -99.000 -99.000 -99.000 -99.000 -99.000 -99.000 -99.000 -99.000 -99.000 -99.000 -99.000 -99.000 1.651 1.674 1.773 1.969 2.232 2.521 2.799 3.041 3.240 3.398 3.525 3.629 3.719 3.797 3.868 3.933 3.993 4.050 4.102 4.152 4.200 4.245 4.288 4.329 4.368 4.406 4.442 4.478 4.511 4.543 4.576 4.607 4.638 4.667 4.697 4.725 4.753 4.780 4.807 4.834 4.859 4.885 4.910 4.934 4.958
-99.000 -99.000 -99.000 -99.000 -99.000 -99.000 -99.000 -99.000 -99.000 -99.000 -99.000 -99.000 -99.000 -99.000 -99.000 -99.000 -99.000 -99.000 -99.000 -99.000 -99.000 -99.000 -99.000 -99.000 -99.000 -99.000 -99.000 -99.000 -99.000 -99.000 -99.000 1.650 1.656 1.706 1.850 2.081 2.361 2.648 2.911 3.133 3.313 3.455 3.571 3.669 3.753 3.829 3.898 3.962 4.021 4.076 4.129 4.178 4.225 4.269 4.312 4.352 4.391 4.429 4.465 4.500 4.533 4.565 4.597 4.628 4.658 4.688 4.717 4.745 4.772 4.799 4.826 4.852 4.877 4.902 4.927 4.951 4.975
-99.000 -99.000 -99.000 -99.000 -99.000 -99.000 -99.000 -99.000 -99.000 -99.000 -99.000 -99.000 -99.000 -99.000 -99.000 -99.000 -99.000 -99.000 -99.000 -99.000 -99.000 -99.000 -99.000 -99.000 -99.000 -99.000 -99.000 -99.000 -99.000 -99.000 -99.000 1.651 1.669 1.759 1.946 2.204 2.491 2.770 3.015 3.217 3.378 3.507 3.614 3.706 3.786 3.860 3.927 3.989 4.048 4.103 4.154 4.203 4.250 4.294 4.336 4.376 4.414 4.451 4.487 4.522 4.554 4.586 4.618 4.649 4.679 4.708 4.736 4.764 4.792 4.819 4.845 4.871 4.896 4.920 4.945 4.968 4.992
-99.000 -99.000 -99.000 -99.000 -99.000 -99.000 -99.000 -99.000 -99.000 -99.000 -99.000 -99.000 -99.000 -99.000 -99.000 -99.000 -99.000 -99.000 -99.000 -99.000 -99.000 -99.000 -99.000 -99.000 -99.000 -99.000 -99.000 -99.000 -99.000 -99.000 1.650 1.654 1.698 1.834 2.058 2.335 2.621 2.886 3.110 3.291 3.436 3.554 3.653 3.740 3.818 3.889 3.955 4.016 4.074 4.128 4.180 4.228 4.274 4.317 4.359 4.399 4.437 4.474 4.509 4.543 4.576 4.607 4.639 4.669 4.699 4.728 4.756 4.784 4.811 4.838 4.864 4.889 4.914 4.939 4.963 4.986 5.009
-99.000 -99.000 -99.000 -99.000 -99.000 -99.000 -99.000 -99.000 -99.000 -99.000 -99.000 -99.000 -99.000 -99.000 -99.000 -99.000 -99.000 -99.000 -99.000 -99.000 -99.000 -99.000 -99.000 -99.000 -99.000 -99.000 -99.000 -99.000 -99.000 -99.000 1.651 1.666 1.749 1.929 2.183 2.469 2.747 2.993 3.196 3.358 3.489 3.597 3.690 3.772 3.848 3.917 3.982 4.043 4.100 4.153 4.204 4.252 4.298 4.341 4.382 4.422 4.460 4.496 4.531 4.565 4.597 4.628 4.659 4.690 4.719 4.748 4.776 4.804 4.831 4.857 4.883 4.908 4.933 4.957 4.981 5.004 5.027
-99.000 -99.000 -99.000 -99.000 -99.000 -99.000 -99.000 -99.000 -99.000 -99.000 -99.000 -99.000 -99.000 -99.000 -99.000 -99.000 -99.000 -99.000 -99.000 -99.000 -99.000 -99.000 -99.000 -99.000 -99.000 -99.000 -99.000 -99.000 -99.000 1.650 1.653 1.693 1.823 2.042 2.315 2.602 2.866 3.091 3.272 3.418 3.536 3.636 3.724 3.803 3.876 3.944 4.008 4.068 4.124 4.177 4.228 4.276 4.321 4.364 4.405 4.444 4.482 4.518 4.553 4.586 4.617 4.649 4.680 4.710 4.739 4.768 4.795 4.823 4.850 4.876 4.902 4.927 4.951 4.976 4.999 5.023 5.045
-99.000 -99.000 -99.000 -99.000 -99.000 -99.000 -99.000 -99.000 -99.000 -99.000 -99.000 -99.000 -99.000 -99.000 -99.000 -99.000 -99.000 -99.000 -99.000 -99.000 -99.000 -99.000 -99.000 -99.000 -99.000 -99.000 -99.000 -99.000 -99.000 1.650 1.664 1.742 1.918 2.168 2.452 2.731 2.976 3.178 3.340 3.471 3.579 3.672 3.755 3.832 3.903 3.970 4.032 4.092 4.148 4.201 4.251 4.298 4.343 4.386 4.427 4.466 4.504 4.540 4.574 4.607 4.638 4.669 4.700 4.730 4.759 4.787 4.815 4.842 4.868 4.895 4.920 4.945 4.970 4.994 5.017 5.041 5.063
-99.000 -99.000 -99.000 -99.000 -99.000 -99.000 -99.000 -99.000 -99.000 -99.000 -99.000 -99.000 -99.000 -99.000 -99.000 -99.000 -99.000 -99.000 -99.000 -99.000 -99.000 -99.000 -99.000 -99.000 -99.000 -99.000 -99.000 -99.000 1.650 1.653 1.690 1.816 2.031 2.303 2.588 2.852 3.076 3.256 3.401 3.518 3.618 3.706 3.785 3.859 3.929 3.994 4.056 4.115 4.171 4.223 4.273 4.321 4.365 4.408 4.449 4.488 4.525 4.561 4.595 4.627 4.658 4.689 4.720 4.749 4.778 4.806 4.834 4.861 4.887 4.913 4.938 4.963 4.988 5.012 5.035 5.058 5.081
-99.000 -99.000 -99.000 -99.000 -99.000 -99.000 -99.000 -99.000 -99.000 -99.000 -99.000 -99.000 -99.000 -99.000 -99.000 -99.000 -99.000 -99.000 -99.000 -99.000 -99.000 -99.000 -99.000 -99.000 -99.000 -99.000 -99.000 -99.000 1.650 1.663 1.739 1.911 2.159 2.442 2.719 2.964 3.165 3.326 3.455 3.562 3.654 3.737 3.813 3.885 3.953 4.017 4.079 4.137 4.192 4.245 4.295 4.342 4.387 4.429 4.470 4.509 4.546 4.581 4.615 4.648 4.678 4.709 4.739 4.769 4.797 4.825 4.852 4.879 4.905 4.931 4.956 4.981 5.005 5.029 5.053 5.076 5.098
-99.000 -99.000 -99.000 -99.000 -99.000 -99.000 -99.000 -99.000 -99.000 -99.000 -99.000 -99.000 -99.000 -99.000 -99.000 -99.000 -99.000 -99.000 -99.000 -99.000 -99.000 -99.000 -99.000 -99.000 -99.000 -99.000 -99.000 1.650 1.653 1.688 1.812 2.026 2.296 2.580 2.843 3.066 3.245 3.387 3.503 3.601 3.688 3.767 3.840 3.910 3.976 4.040 4.100 4.158 4.213 4.266 4.315 4.363 4.407 4.450 4.491 4.529 4.566 4.602 4.636 4.668 4.698 4.729 4.759 4.788 4.816 4.844 4.871 4.897 4.923 4.949 4.974 4.998 5.023 5.046 5.070 5.093 5.115
-99.000 -99.000 -99.000 -99.000 -99.000 -99.000 -99.000 -99.000 -99.000 -99.000 -99.000 -99.000 -99.000 -99.000 -99.000 -99.000 -99.000 -99.000 -99.000 -99.000 -99.000 -99.000 -99.000 -99.000 -99.000 -99.000 -99.000 1.650 1.662 1.737 1.908 2.155 2.436 2.713 2.957 3.157 3.315 3.442 3.547 3.638 3.719 3.795 3.866 3.934 3.999 4.061 4.121 4.178 4.233 4.286 4.335 4.383 4.427 4.470 4.511 4.549 4.586 4.622 4.656 4.687 4.718 4.748 4.778 4.807 4.835 4.862 4.889 4.915 4.941 4.966 4.991 5.015 5.039 5.063 5.086 5.109 5.132
-99.000 -99.000 -99.000 -99.000 -99.000 -99.000 -99.000 -99.000 -99.000 -99.000 -99.000 -99.000 -99.000 -99.000 -99.000 -99.000 -99.000 -99.000 -99.000 -99.000 -99.000 -99.000 -99.000 -99.000 -99.000 -99.000 1.650 1.653 1.688 1.811 2.024 2.293 2.576 2.838 3.060 3.238 3.378 3.492 3.588 3.672 3.749 3.822 3.890 3.957 4.020 4.082 4.141 4.198 4.252 4.305 4.354 4.402 4.447 4.489 4.530 4.569 4.606 4.641 4.675 4.707 4.737 4.768 4.797 4.825 4.853 4.880 4.907 4.933 4.958 4.983 5.008 5.032 5.056 5.080 5.103 5.126 5.148
-99.000 -99.000 -99.000 -99.000 -99.000 -99.000 -99.000 -99.000 -99.000 -99.000 -99.000 -99.000 -99.000 -99.000 -99.000 -99.000 -99.000 -99.000 -99.000 -99.000 -99.000 -99.000 -99.000 -99.000 -99.000 -99.000 1.650 1.662 1.737 1.908 2.154 2.435 2.711 2.954 3.152 3.310 3.434 3.537 3.625 3.705 3.778 3.848 3.914 3.979 4.041 4.101 4.160 4.216 4.271 4.323 4.372 4.420 4.465 4.508 4.549 4.588 4.625 4.661 4.695 4.726 4.757 4.787 4.816 4.844 4.872 4.899 4.925 4.951 4.976 5.001 5.025 5.049 5.073 5.096 5.119 5.141 5.164
-99.000 -99.000 -99.000 -99.000 -99.000 -99.000 -99.000 -99.000 -99.000 -99.000 -99.000 -99.000 -99.000 -99.000 -99.000 -99.000 -99.000 -99.000 -99.000 -99.000 -99.000 -99.000 -99.000 -99.000 -99.000 1.650 1.653 1.688 1.811 2.024 2.293 2.576 2.837 3.058 3.234 3.374 3.485 3.578 3.661 3.736 3.806 3.873 3.937 4.000 4.061 4.120 4.178 4.234 4.288 4.340 4.390 4.437 4.483 4.526 4.567 4.607 4.644 4.680 4.714 4.745 4.776 4.806 4.835 4.863 4.890 4.917 4.943 4.968 4.993 5.018 5.042 5.065 5.089 5.112 5.135 5.157 5.179
-99.000 -99.000 -99.000 -99.000 -99.000 -99.000 -99.000 -99.000 -99.000 -99.000 -99.000 -99.000 -99.000 -99.000 -99.000 -99.000 -99.000 -99.000 -99.000 -99.000 -99.000 -99.000 -99.000 -99.000 -99.000 1.650 1.662 1.737 1.909 2.155 2.436 2.711 2.953 3.151 3.307 3.431 3.531 3.617 3.694 3.765 3.833 3.897 3.960 4.021 4.080 4.138 4.195 4.251 4.304 4.356 4.406 4.454 4.500 4.544 4.585 4.625 4.662 4.698 4.732 4.764 4.794 4.824 4.853 4.881 4.909 4.935 4.961 4.986 5.011 5.035 5.059 5.082 5.105 5.128 5.150 5.173 5.195
-99.000 -99.000 -99.000 -99.000 -99.000 -99.000 -99.000 -99.000 -99.000 -99.000 -99.000 -99.000 -99.000 -99.000 -99.000 -99.000 -99.000 -99.000 -99.000 -99.000 -99.000 -99.000 -99.000 -99.000 1.650 1.653 1.689 1.812 2.026 2.295 2.578 2.839 3.058 3.234 3.372 3.483 3.574 3.654 3.727 3.794 3.859 3.921 3.982 4.041 4.099 4.156 4.212 4.267 4.320 4.372 4.422 4.470 4.516 4.560 4.602 4.642 4.680 4.716 4.750 4.783 4.813 4.843 4.872 4.900 4.927 4.953 4.979 5.004 5.028 5.052 5.076 5.099 5.122 5.144 5.166 5.188 5.210
-99.000 -99.000 -99.000 -99.000 -99.000 -99.000 -99.000 -99.000 -99.000 -99.000 -99.000 -99.000 -99.000 -99.000 -99.000 -99.000 -99.000 -99.000 -99.000 -99.000 -99.000 -99.000 -99.000 -99.000 1.650 1.663 1.738 1.911 2.158 2.439 2.714 2.955 3.152 3.308 3.430 3.530 3.614 3.689 3.758 3.823 3.885 3.945 4.003 4.061 4.118 4.173 4.228 4.282 4.335 4.386 4.436 4.484 4.531 4.575 4.618 4.658 4.697 4.733 4.768 4.801 4.831 4.862 4.891 4.919 4.946 4.972 4.997 5.022 5.046 5.070 5.093 5.116 5.138 5.160 5.182 5.204 5.225
-99.000 -99.000 -99.000 -99.000 -99.000 -99.000 -99.000 -99.000 -99.000 -99.000 -99.000 -99.000 -99.000 -99.000 -99.000 -99.000 -99.000 -99.000 -99.000 -99.000 -99.000 -99.000 -99.000 1.650 1.653 1.689 1.814 2.029 2.298 2.581 2.841 3.061 3.236 3.373 3.483 3.574 3.652 3.722 3.788 3.850 3.910 3.968 4.025 4.081 4.136 4.190 4.244 4.297 4.349 4.400 4.450 4.498 4.545 4.590 4.633 4.674 4.713 4.750 4.785 4.818 4.849 4.880 4.909 4.937 4.964 4.991 5.016 5.041 5.064 5.088 5.111 5.133 5.155 5.177 5.199 5.220 5.241
-99.000 -99.000 -99.000 -99.000 -99.000 -99.000 -99.000 -99.000 -99.000 -99.000 -99.000 -99.000 -99.000 -99.000 -99.000 -99.000 -99.000 -99.000 -99.000 -99.000 -99.000 -99.000 -99.000 1.650 1.663 1.740 1.913 2.161 2.442 2.717 2.958 3.155 3.310 3.432 3.531 3.615 3.688 3.754 3.817 3.877 3.935 3.991 4.046 4.100 4.154 4.207 4.259 4.311 4.363 4.413 4.463 4.511 4.558 4.603 4.647 4.688 4.728 4.765 4.801 4.835 4.866 4.897 4.927 4.955 4.983 5.009 5.034 5.059 5.083 5.106 5.129 5.151 5.173 5.194 5.215 5.236 5.257
-99.000 -99.000 -99.000 -99.000 -99.000 -99.000 -99.000 -99.000 -99.000 -99.000 -99.000 -99.000 -99.000 -99.000 -99.000 -99.000 -99.000 -99.000 -99.000 -99.000 -99.000 -99.000 1.650 1.653 1.690 1.816 2.031 2.301 2.584 2.845 3.064 3.239 3.376 3.486 3.576 3.653 3.722 3.786 3.846 3.904 3.960 4.014 4.067 4.120 4.172 4.223 4.275 4.325 4.376 4.426 4.475 4.523 4.570 4.615 4.659 4.701 4.742 4.780 4.817 4.851 4.883 4.915 4.945 4.973 5.001 5.027 5.053 5.078 5.101 5.125 5.147 5.169 5.191 5.212 5.233 5.253 5.273
-99.000 -99.000 -99.000 -99.000 -99.000 -99.000 -99.000 -99.000 -99.000 -99.000 -99.000 -99.000 -99.000 -99.000 -99.000 -99.000 -99.000 -99.000 -99.000 -99.000 -99.000 -99.000 1.650 1.664 1.741 1.915 2.164 2.445 2.721 2.962 3.159 3.314 3.436 3.535 3.618 3.690 3.755 3.817 3.875 3.930 3.984 4.037 4.089 4.139 4.190 4.240 4.290 4.339 4.389 4.438 4.486 4.534 4.581 4.627 4.671 4.714 4.755 4.794 4.831 4.865 4.899 4.931 4.961 4.991 5.019 5.045 5.071 5.096 5.120 5.143 5.166 5.188 5.209 5.230 5.250 5.271 5.291
