TsunamiDB/out54022.asc
ncols          264
nrows          230
xllcorner      497853.4375
yllcorner      4229146.0000
cellsize         5.
NODATA_value   -99
[rows 62 to 92 of 230, columns 142 to 212 of 264]
-99.000 -99.000 -99.000 -99.000 -99.000 -99.000 -99.000 -99.000 -99.000 -99.000 -99.000 -99.000 -99.000 -99.000 -99.000 -99.000 -99.000 -99.000 1.645 1.660 1.743 1.927 2.191 2.500 2.820 3.119 3.382 3.599 3.776 3.917 4.033 4.129 4.210 4.281 4.345 4.402 4.456 4.506 4.553 4.598 4.640 4.681 4.720 4.757 4.793 4.828 4.862 4.896 4.928 4.961 4.995 5.028 5.063 5.100 5.136 5.175 5.217 5.260 5.305 5.351 5.398 5.447 5.495 5.543 5.590 5.636 5.680 5.722 5.762 5.798 5.833
-99.000 -99.000 -99.000 -99.000 -99.000 -99.000 -99.000 -99.000 -99.000 -99.000 -99.000 -99.000 -99.000 -99.000 -99.000 -99.000 -99.000 1.644 1.647 1.683 1.809 2.030 2.318 2.636 2.951 3.238 3.482 3.683 3.845 3.976 4.083 4.173 4.250 4.318 4.380 4.436 4.488 4.537 4.584 4.628 4.669 4.709 4.747 4.784 4.819 4.852 4.884 4.916 4.947 4.977 5.008 5.038 5.070 5.103 5.137 5.173 5.212 5.252 5.295 5.339 5.385 5.432 5.479 5.526 5.573 5.619 5.664 5.707 5.748 5.787 5.825
-99.000 -99.000 -99.000 -99.000 -99.000 -99.000 -99.000 -99.000 -99.000 -99.000 -99.000 -99.000 -99.000 -99.000 -99.000 -99.000 -99.000 1.644 1.654 1.724 1.892 2.146 2.451 2.772 3.078 3.348 3.575 3.759 3.908 4.029 4.130 4.215 4.288 4.354 4.414 4.469 4.521 4.569 4.615 4.658 4.700 4.739 4.776 4.812 4.846 4.878 4.909 4.939 4.968 4.996 5.024 5.052 5.081 5.111 5.141 5.173 5.209 5.246 5.286 5.328 5.372 5.417 5.463 5.509 5.555 5.601 5.645 5.689 5.732 5.773 5.813
-99.000 -99.000 -99.000 -99.000 -99.000 -99.000 -99.000 -99.000 -99.000 -99.000 -99.000 -99.000 -99.000 -99.000 -99.000 -99.000 1.644 1.646 1.673 1.782 1.990 2.270 2.587 2.905 3.198 3.451 3.659 3.829 3.966 4.078 4.173 4.254 4.325 4.389 4.448 4.502 4.553 4.601 4.646 4.689 4.730 4.769 4.806 4.841 4.875 4.906 4.936 4.965 4.992 5.019 5.044 5.070 5.095 5.122 5.148 5.177 5.209 5.243 5.279 5.318 5.359 5.402 5.446 5.491 5.536 5.581 5.626 5.670 5.713 5.756 5.797
-99.000 -99.000 -99.000 -99.000 -99.000 -99.000 -99.000 -99.000 -99.000 -99.000 -99.000 -99.000 -99.000 -99.000 -99.000 -99.000 1.644 1.651 1.706 1.859 2.102 2.401 2.722 3.033 3.310 3.544 3.736 3.891 4.018 4.123 4.213 4.291 4.360 4.423 4.480 4.534 4.585 4.633 4.678 4.721 4.761 4.800 4.837 4.872 4.905 4.936 4.966 4.994 5.020 5.045 5.069 5.092 5.114 5.137 5.160 5.185 5.212 5.242 5.275 5.311 5.349 5.389 5.431 5.474 5.518 5.562 5.606 5.650 5.694 5.738 5.781
-99.000 -99.000 -99.000 -99.000 -99.000 -99.000 -99.000 -99.000 -99.000 -99.000 -99.000 -99.000 -99.000 -99.000 -99.000 -99.000 1.645 1.664 1.759 1.953 2.224 2.537 2.856 3.154 3.414 3.629 3.805 3.947 4.065 4.164 4.250 4.325 4.392 4.454 4.512 4.566 4.616 4.664 4.709 4.752 4.792 4.831 4.868 4.903 4.936 4.968 4.997 5.025 5.051 5.075 5.097 5.118 5.138 5.158 5.177 5.198 5.221 5.247 5.275 5.307 5.341 5.379 5.418 5.459 5.501 5.544 5.588 5.632 5.676 5.721 5.765
-99.000 -99.000 -99.000 -99.000 -99.000 -99.000 -99.000 -99.000 -99.000 -99.000 -99.000 -99.000 -99.000 -99.000 -99.000 1.644 1.648 1.692 1.830 2.061 2.354 2.674 2.986 3.268 3.509 3.706 3.866 3.997 4.107 4.201 4.284 4.357 4.423 4.484 4.542 4.595 4.646 4.694 4.739 4.782 4.823 4.862 4.900 4.935 4.969 5.000 5.030 5.058 5.084 5.107 5.129 5.149 5.167 5.185 5.201 5.217 5.236 5.257 5.281 5.308 5.338 5.372 5.408 5.447 5.488 5.530 5.573 5.617 5.661 5.706 5.752
-99.000 -99.000 -99.000 -99.000 -99.000 -99.000 -99.000 -99.000 -99.000 -99.000 -99.000 -99.000 -99.000 -99.000 -99.000 1.644 1.658 1.739 1.920 2.181 2.490 2.809 3.110 3.374 3.595 3.775 3.921 4.042 4.145 4.235 4.315 4.386 4.451 4.512 4.570 4.624 4.675 4.723 4.769 4.812 4.854 4.893 4.931 4.967 5.001 5.033 5.064 5.092 5.118 5.142 5.164 5.184 5.201 5.217 5.231 5.244 5.259 5.275 5.294 5.316 5.341 5.371 5.404 5.440 5.478 5.519 5.561 5.605 5.650 5.696 5.743
-99.000 -99.000 -99.000 -99.000 -99.000 -99.000 -99.000 -99.000 -99.000 -99.000 -99.000 -99.000 -99.000 -99.000 1.644 1.647 1.682 1.805 2.025 2.311 2.628 2.942 3.228 3.472 3.673 3.836 3.970 4.083 4.180 4.265 4.342 4.412 4.476 4.538 4.595 4.650 4.701 4.750 4.796 4.841 4.883 4.923 4.961 4.998 5.033 5.066 5.098 5.127 5.154 5.179 5.202 5.222 5.239 5.255 5.267 5.277 5.289 5.301 5.314 5.331 5.352 5.377 5.406 5.438 5.475 5.514 5.555 5.599 5.645 5.691 5.739
-99.000 -99.000 -99.000 -99.000 -99.000 -99.000 -99.000 -99.000 -99.000 -99.000 -99.000 -99.000 -99.000 -99.000 1.644 1.654 1.723 1.891 2.144 2.448 2.767 3.070 3.337 3.561 3.743 3.892 4.015 4.119 4.211 4.293 4.367 4.435 4.499 4.561 4.619 4.673 4.726 4.775 4.822 4.867 4.910 4.951 4.991 5.028 5.064 5.098 5.131 5.162 5.190 5.217 5.241 5.262 5.280 5.296 5.308 5.318 5.326 5.335 5.344 5.356 5.371 5.391 5.415 5.444 5.477 5.515 5.555 5.599 5.644 5.692 5.741
-99.000 -99.000 -99.000 -99.000 -99.000 -99.000 -99.000 -99.000 -99.000 -99.000 -99.000 -99.000 -99.000 1.644 1.646 1.673 1.785 1.994 2.274 2.588 2.902 3.190 3.438 3.641 3.807 3.942 4.055 4.153 4.239 4.318 4.390 4.457 4.520 4.581 4.639 4.695 4.747 4.798 4.846 4.892 4.936 4.978 5.018 5.057 5.094 5.129 5.163 5.195 5.225 5.254 5.279 5.303 5.323 5.340 5.353 5.363 5.371 5.377 5.382 5.389 5.399 5.413 5.432 5.457 5.487 5.522 5.561 5.603 5.649 5.697 5.747
-99.000 -99.000 -99.000 -99.000 -99.000 -99.000 -99.000 -99.000 -99.000 -99.000 -99.000 -99.000 -99.000 1.644 1.651 1.710 1.866 2.111 2.410 2.728 3.033 3.303 3.530 3.715 3.865 3.988 4.093 4.184 4.266 4.341 4.410 4.476 4.538 4.599 4.657 4.713 4.766 4.818 4.867 4.914 4.958 5.002 5.043 5.083 5.121 5.158 5.193 5.227 5.259 5.289 5.317 5.343 5.365 5.385 5.400 5.411 5.419 5.425 5.428 5.431 5.436 5.445 5.459 5.478 5.504 5.535 5.572 5.613 5.658 5.707 5.757
-99.000 -99.000 -99.000 -99.000 -99.000 -99.000 -99.000 -99.000 -99.000 -99.000 -99.000 -99.000 -99.000 1.645 1.667 1.767 1.965 2.239 2.551 2.866 3.157 3.408 3.614 3.782 3.918 4.031 4.128 4.214 4.291 4.362 4.429 4.493 4.554 4.615 4.673 4.729 4.782 4.834 4.884 4.932 4.978 5.022 5.065 5.106 5.146 5.184 5.221 5.256 5.290 5.322 5.353 5.381 5.406 5.429 5.447 5.460 5.470 5.477 5.479 5.480 5.482 5.486 5.494 5.508 5.528 5.556 5.589 5.628 5.672 5.719 5.770
-99.000 -99.000 -99.000 -99.000 -99.000 -99.000 -99.000 -99.000 -99.000 -99.000 -99.000 -99.000 1.644 1.649 1.699 1.843 2.079 2.374 2.692 2.999 3.273 3.504 3.692 3.844 3.968 4.072 4.162 4.242 4.315 4.382 4.447 4.509 4.569 4.628 4.686 4.742 4.796 4.848 4.899 4.948 4.995 5.040 5.084 5.126 5.167 5.207 5.245 5.282 5.318 5.352 5.385 5.416 5.445 5.470 5.491 5.508 5.522 5.530 5.534 5.534 5.534 5.534 5.537 5.545 5.560 5.582 5.612 5.647 5.689 5.735 5.785
-99.000 -99.000 -99.000 -99.000 -99.000 -99.000 -99.000 -99.000 -99.000 -99.000 -99.000 -99.000 1.645 1.662 1.750 1.938 2.205 2.514 2.831 3.125 3.381 3.592 3.763 3.902 4.016 4.112 4.195 4.269 4.338 4.403 4.465 4.525 4.583 4.641 4.697 4.753 4.807 4.859 4.910 4.960 5.008 5.054 5.099 5.142 5.185 5.226 5.266 5.305 5.342 5.379 5.414 5.448 5.479 5.508 5.532 5.553 5.570 5.582 5.588 5.591 5.590 5.588 5.587 5.591 5.600 5.616 5.640 5.671 5.709 5.753 5.802
-99.000 -99.000 -99.000 -99.000 -99.000 -99.000 -99.000 -99.000 -99.000 -99.000 -99.000 1.644 1.648 1.688 1.821 2.048 2.338 2.655 2.965 3.244 3.481 3.674 3.830 3.956 4.061 4.149 4.227 4.297 4.362 4.423 4.483 4.540 4.597 4.653 4.708 4.762 4.816 4.868 4.919 4.969 5.017 5.064 5.110 5.155 5.199 5.241 5.283 5.323 5.363 5.402 5.439 5.475 5.510 5.541 5.569 5.594 5.615 5.631 5.641 5.646 5.646 5.644 5.642 5.642 5.646 5.657 5.675 5.701 5.735 5.775 5.822
-99.000 -99.000 -99.000 -99.000 -99.000 -99.000 -99.000 -99.000 -99.000 -99.000 -99.000 1.644 1.657 1.734 1.910 2.169 2.476 2.794 3.094 3.355 3.574 3.750 3.893 4.008 4.104 4.186 4.258 4.324 4.386 4.444 4.501 4.556 4.611 4.665 4.718 4.771 4.823 4.875 4.925 4.975 5.024 5.072 5.118 5.164 5.209 5.252 5.296 5.338 5.379 5.420 5.460 5.498 5.535 5.569 5.601 5.630 5.655 5.674 5.689 5.698 5.701 5.701 5.699 5.697 5.698 5.704 5.717 5.737 5.765 5.801 5.844
-99.000 -99.000 -99.000 -99.000 -99.000 -99.000 -99.000 -99.000 -99.000 -99.000 1.644 1.646 1.679 1.798 2.015 2.299 2.616 2.929 3.215 3.459 3.660 3.822 3.952 4.057 4.146 4.222 4.289 4.352 4.410 4.466 4.521 4.573 4.625 4.677 4.729 4.780 4.831 4.881 4.931 4.980 5.028 5.076 5.123 5.169 5.215 5.260 5.304 5.348 5.391 5.434 5.476 5.517 5.556 5.593 5.627 5.660 5.688 5.712 5.731 5.744 5.752 5.755 5.755 5.753 5.753 5.757 5.765 5.780 5.802 5.833 5.871
-99.000 -99.000 -99.000 -99.000 -99.000 -99.000 -99.000 -99.000 -99.000 -99.000 1.644 1.653 1.717 1.881 2.131 2.434 2.754 3.059 3.329 3.556 3.741 3.888 4.007 4.104 4.186 4.257 4.321 4.380 4.436 4.490 4.541 4.591 4.641 4.691 4.740 4.789 4.838 4.887 4.935 4.983 5.031 5.078 5.125 5.172 5.218 5.264 5.309 5.354 5.399 5.444 5.487 5.530 5.572 5.611 5.649 5.684 5.716 5.744 5.766 5.784 5.796 5.803 5.807 5.808 5.809 5.812 5.818 5.829 5.846 5.871 5.904
-99.000 -99.000 -99.000 -99.000 -99.000 -99.000 -99.000 -99.000 -99.000 -99.000 1.645 1.670 1.775 1.979 2.256 2.571 2.889 3.183 3.437 3.647 3.816 3.951 4.059 4.149 4.225 4.292 4.353 4.409 4.463 4.514 4.563 4.610 4.659 4.706 4.753 4.800 4.847 4.893 4.940 4.986 5.033 5.079 5.126 5.172 5.218 5.265 5.311 5.357 5.403 5.449 5.495 5.540 5.583 5.625 5.664 5.703 5.737 5.768 5.795 5.816 5.833 5.845 5.853 5.859 5.863 5.867 5.873 5.882 5.895 5.915 5.943
-99.000 -99.000 -99.000 -99.000 -99.000 -99.000 -99.000 -99.000 -99.000 1.644 1.650 1.702 1.850 2.089 2.387 2.708 3.020 3.300 3.538 3.732 3.886 4.009 4.109 4.192 4.263 4.327 4.385 4.439 4.490 4.539 4.586 4.632 4.678 4.723 4.768 4.812 4.857 4.901 4.946 4.990 5.035 5.080 5.125 5.171 5.217 5.263 5.310 5.357 5.404 5.451 5.498 5.544 5.590 5.633 5.675 5.715 5.753 5.786 5.816 5.842 5.863 5.880 5.894 5.904 5.913 5.921 5.929 5.938 5.949 5.965 5.988
-99.000 -99.000 -99.000 -99.000 -99.000 -99.000 -99.000 -99.000 -99.000 1.645 1.662 1.751 1.940 2.209 2.522 2.844 3.146 3.412 3.632 3.810 3.951 4.064 4.156 4.234 4.301 4.361 4.417 4.469 4.518 4.565 4.610 4.654 4.698 4.742 4.784 4.827 4.869 4.911 4.953 4.996 5.039 5.082 5.125 5.170 5.215 5.260 5.307 5.353 5.401 5.449 5.497 5.544 5.591 5.636 5.680 5.722 5.762 5.798 5.831 5.860 5.886 5.908 5.927 5.943 5.957 5.970 5.982 5.993 6.005 6.019 6.038
-99.000 -99.000 -99.000 -99.000 -99.000 -99.000 -99.000 -99.000 1.644 1.647 1.687 1.818 2.044 2.336 2.658 2.976 3.267 3.516 3.720 3.882 4.011 4.115 4.201 4.274 4.338 4.396 4.450 4.500 4.547 4.593 4.636 4.679 4.721 4.762 4.803 4.843 4.883 4.923 4.963 5.003 5.044 5.085 5.126 5.169 5.212 5.256 5.302 5.348 5.395 5.443 5.492 5.540 5.588 5.634 5.679 5.723 5.765 5.803 5.839 5.872 5.901 5.928 5.953 5.975 5.995 6.014 6.030 6.045 6.059 6.074 6.091
-99.000 -99.000 -99.000 -99.000 -99.000 -99.000 -99.000 -99.000 1.644 1.656 1.728 1.901 2.159 2.468 2.794 3.105 3.382 3.613 3.800 3.949 4.068 4.164 4.244 4.314 4.375 4.431 4.483 4.531 4.577 4.622 4.663 4.704 4.745 4.785 4.824 4.862 4.900 4.938 4.976 5.014 5.052 5.090 5.129 5.170 5.211 5.253 5.297 5.341 5.388 5.435 5.483 5.531 5.580 5.627 5.673 5.718 5.761 5.802 5.841 5.876 5.910 5.942 5.972 6.000 6.026 6.050 6.072 6.092 6.110 6.127 6.145
-99.000 -99.000 -99.000 -99.000 -99.000 -99.000 -99.000 1.644 1.646 1.674 1.787 1.998 2.282 2.603 2.928 3.228 3.489 3.703 3.874 4.010 4.120 4.210 4.286 4.352 4.411 4.465 4.516 4.563 4.608 4.651 4.692 4.732 4.771 4.809 4.847 4.884 4.920 4.956 4.991 5.027 5.063 5.099 5.135 5.173 5.211 5.251 5.292 5.335 5.379 5.425 5.471 5.519 5.567 5.614 5.661 5.707 5.751 5.794 5.835 5.875 5.912 5.948 5.983 6.017 6.049 6.079 6.107 6.132 6.155 6.175 6.195
-99.000 -99.000 -99.000 -99.000 -99.000 -99.000 -99.000 1.644 1.651 1.708 1.862 2.108 2.412 2.739 3.058 3.345 3.588 3.785 3.942 4.067 4.169 4.253 4.326 4.389 4.447 4.500 4.549 4.595 4.639 4.682 4.721 4.760 4.798 4.835 4.872 4.907 4.942 4.976 5.010 5.044 5.077 5.111 5.145 5.179 5.215 5.251 5.289 5.329 5.370 5.413 5.458 5.504 5.551 5.597 5.643 5.690 5.736 5.780 5.824 5.866 5.907 5.948 5.988 6.027 6.065 6.100 6.134 6.164 6.192 6.217 6.239
-99.000 -99.000 -99.000 -99.000 -99.000 -99.000 -99.000 1.645 1.664 1.758 1.953 2.227 2.546 2.874 3.184 3.454 3.679 3.859 4.004 4.119 4.214 4.294 4.364 4.426 4.482 4.534 4.582 4.628 4.671 4.713 4.751 4.789 4.827 4.863 4.898 4.933 4.966 4.999 5.032 5.064 5.095 5.127 5.158 5.190 5.222 5.256 5.290 5.326 5.364 5.403 5.445 5.488 5.533 5.577 5.622 5.669 5.715 5.760 5.806 5.851 5.896 5.941 5.986 6.030 6.072 6.113 6.152 6.187 6.220 6.249 6.276
-99.000 -99.000 -99.000 -99.000 -99.000 -99.000 1.645 1.648 1.690 1.826 2.058 2.354 2.682 3.007 3.303 3.555 3.762 3.928 4.060 4.168 4.257 4.333 4.400 4.461 4.516 4.567 4.615 4.660 4.703 4.744 4.782 4.819 4.856 4.892 4.926 4.960 4.993 5.025 5.056 5.087 5.117 5.147 5.176 5.206 5.235 5.265 5.296 5.328 5.361 5.397 5.434 5.473 5.515 5.557 5.600 5.645 5.691 5.737 5.784 5.832 5.880 5.928 5.977 6.025 6.073 6.118 6.162 6.202 6.240 6.274 6.305
-99.000 -99.000 -99.000 -99.000 -99.000 -99.000 1.645 1.657 1.733 1.911 2.173 2.487 2.818 3.135 3.414 3.649 3.839 3.990 4.112 4.213 4.297 4.370 4.435 4.494 4.549 4.599 4.647 4.691 4.734 4.775 4.813 4.849 4.886 4.921 4.955 4.989 5.021 5.053 5.083 5.113 5.143 5.171 5.199 5.226 5.253 5.280 5.308 5.336 5.365 5.396 5.428 5.463 5.500 5.539 5.579 5.622 5.667 5.713 5.761 5.810 5.860 5.912 5.964 6.016 6.067 6.117 6.164 6.209 6.252 6.291 6.327
-99.000 -99.000 -99.000 -99.000 -99.000 -99.000 1.647 1.677 1.794 2.010 2.298 2.624 2.953 3.256 3.519 3.735 3.908 4.048 4.160 4.254 4.335 4.405 4.469 4.527 4.580 4.631 4.678 4.722 4.765 4.805 4.843 4.880 4.916 4.951 4.985 5.018 5.050 5.081 5.112 5.142 5.170 5.198 5.225 5.251 5.277 5.301 5.326 5.350 5.376 5.402 5.430 5.459 5.492 5.526 5.563 5.603 5.646 5.691 5.739 5.788 5.840 5.894 5.948 6.003 6.057 6.111 6.162 6.211 6.258 6.301 6.341
-99.000 -99.000 -99.000 -99.000 -99.000 1.645 1.653 1.712 1.872 2.121 2.429 2.761 3.083 3.371 3.615 3.813 3.972 4.100 4.205 4.293 4.370 4.438 4.500 4.557 4.611 4.661 4.708 4.752 4.795 4.835 4.873 4.909 4.946 4.980 5.014 5.047 5.080 5.111 5.142 5.171 5.200 5.228 5.255 5.280 5.305 5.328 5.350 5.372 5.394 5.416 5.439 5.464 5.491 5.521 5.554 5.590 5.631 5.674 5.721 5.770 5.823 5.877 5.933 5.990 6.047 6.103 6.158 6.211 6.260 6.308 6.352
