TsunamiDB/out54044.asc
ncols          264
nrows          230
xllcorner      497853.4375
yllcorner      4229146.0000
cellsize         5.
NODATA_value   -99
[rows 32 to 63 of 230, columns 146 to 218 of 264]
4.501 4.545 4.588 4.629 4.668 4.706 4.743 4.778 4.813 4.847 4.880 4.913 4.945 4.976 5.006 5.035 5.064 5.091 5.118 5.145 5.170 5.195 5.219 5.242 5.264 5.285 5.306 5.325 5.344 5.362 5.379 5.397 5.415 5.434 5.454 5.474 5.496 5.519 5.543 5.568 5.594 5.621 5.648 5.675 5.702 5.729 5.756 5.781 5.806 5.830 5.852 5.873 5.892 5.908 5.923 5.936 5.947 5.956 5.963 5.969 5.975 5.980 5.986 5.994 6.004 6.016 6.031 6.050 6.072 6.096 6.124 6.154 6.186
4.527 4.571 4.613 4.653 4.692 4.730 4.766 4.801 4.836 4.870 4.903 4.935 4.966 4.997 5.027 5.056 5.085 5.113 5.140 5.167 5.193 5.218 5.242 5.265 5.288 5.309 5.329 5.349 5.367 5.384 5.400 5.416 5.433 5.450 5.467 5.485 5.505 5.525 5.547 5.571 5.595 5.620 5.646 5.673 5.700 5.726 5.753 5.779 5.804 5.829 5.852 5.874 5.894 5.911 5.928 5.943 5.956 5.967 5.977 5.985 5.992 5.999 6.005 6.012 6.021 6.031 6.045 6.061 6.080 6.102 6.127 6.155 6.186
4.553 4.596 4.638 4.678 4.716 4.753 4.789 4.823 4.858 4.891 4.924 4.956 4.987 5.018 5.048 5.077 5.106 5.134 5.161 5.188 5.214 5.240 5.265 5.288 5.311 5.333 5.354 5.374 5.392 5.408 5.424 5.439 5.454 5.469 5.484 5.500 5.517 5.535 5.555 5.576 5.598 5.622 5.646 5.672 5.698 5.724 5.750 5.776 5.802 5.827 5.851 5.874 5.894 5.913 5.932 5.949 5.964 5.977 5.989 5.999 6.008 6.017 6.024 6.032 6.040 6.049 6.061 6.075 6.092 6.112 6.135 6.161 6.190
4.579 4.621 4.662 4.701 4.740 4.776 4.811 4.845 4.879 4.913 4.945 4.977 5.008 5.038 5.068 5.097 5.126 5.154 5.182 5.209 5.235 5.261 5.287 5.311 5.335 5.357 5.378 5.399 5.417 5.434 5.449 5.464 5.479 5.492 5.506 5.520 5.534 5.549 5.566 5.584 5.604 5.626 5.649 5.673 5.697 5.723 5.749 5.775 5.800 5.825 5.850 5.873 5.895 5.915 5.935 5.953 5.970 5.986 6.000 6.012 6.023 6.033 6.042 6.051 6.060 6.069 6.080 6.093 6.108 6.126 6.147 6.171 6.198
4.604 4.646 4.686 4.725 4.763 4.799 4.833 4.867 4.901 4.933 4.965 4.997 5.027 5.058 5.087 5.116 5.145 5.173 5.201 5.229 5.255 5.282 5.308 5.333 5.357 5.380 5.402 5.423 5.443 5.460 5.476 5.491 5.505 5.519 5.531 5.543 5.555 5.568 5.582 5.598 5.615 5.633 5.654 5.676 5.699 5.724 5.749 5.774 5.800 5.825 5.849 5.874 5.896 5.917 5.938 5.958 5.977 5.994 6.010 6.024 6.037 6.049 6.060 6.070 6.080 6.090 6.101 6.113 6.127 6.144 6.163 6.185 6.210
4.628 4.670 4.710 4.748 4.785 4.821 4.855 4.888 4.921 4.954 4.985 5.016 5.046 5.076 5.106 5.135 5.163 5.192 5.220 5.247 5.275 5.301 5.328 5.353 5.378 5.402 5.425 5.447 5.468 5.486 5.503 5.519 5.533 5.547 5.559 5.570 5.581 5.592 5.603 5.616 5.630 5.646 5.664 5.683 5.705 5.727 5.751 5.776 5.801 5.826 5.850 5.875 5.898 5.920 5.942 5.963 5.983 6.002 6.019 6.036 6.051 6.065 6.078 6.090 6.101 6.112 6.123 6.135 6.149 6.164 6.182 6.203 6.227
4.652 4.694 4.733 4.771 4.808 4.843 4.877 4.909 4.942 4.973 5.005 5.035 5.065 5.095 5.124 5.153 5.181 5.209 5.238 5.265 5.293 5.320 5.347 5.373 5.398 5.423 5.447 5.470 5.492 5.511 5.529 5.546 5.562 5.576 5.588 5.599 5.610 5.619 5.629 5.639 5.650 5.663 5.678 5.695 5.714 5.734 5.756 5.780 5.804 5.828 5.853 5.878 5.901 5.924 5.946 5.969 5.990 6.010 6.029 6.047 6.064 6.080 6.095 6.108 6.121 6.134 6.146 6.159 6.172 6.187 6.204 6.224 6.246
4.676 4.717 4.756 4.794 4.830 4.865 4.898 4.930 4.962 4.993 5.024 5.054 5.083 5.113 5.141 5.170 5.198 5.227 5.255 5.283 5.310 5.338 5.365 5.391 5.417 5.443 5.467 5.491 5.514 5.534 5.554 5.572 5.589 5.604 5.618 5.630 5.640 5.649 5.658 5.667 5.676 5.686 5.698 5.712 5.728 5.746 5.766 5.787 5.810 5.834 5.858 5.882 5.906 5.929 5.952 5.975 5.998 6.019 6.039 6.059 6.078 6.095 6.112 6.127 6.142 6.156 6.170 6.183 6.197 6.212 6.229 6.248 6.269
4.699 4.740 4.779 4.816 4.852 4.887 4.919 4.950 4.982 5.013 5.043 5.072 5.101 5.130 5.159 5.187 5.215 5.243 5.271 5.299 5.327 5.354 5.382 5.409 5.435 5.461 5.486 5.511 5.534 5.556 5.577 5.597 5.615 5.632 5.647 5.660 5.672 5.681 5.690 5.698 5.705 5.713 5.723 5.734 5.747 5.762 5.779 5.799 5.820 5.842 5.866 5.890 5.913 5.936 5.960 5.984 6.007 6.029 6.051 6.072 6.092 6.111 6.129 6.146 6.163 6.178 6.193 6.208 6.223 6.239 6.255 6.274 6.295
4.721 4.762 4.801 4.838 4.874 4.908 4.940 4.971 5.002 5.032 5.062 5.091 5.119 5.148 5.176 5.204 5.232 5.260 5.287 5.315 5.343 5.371 5.398 5.425 5.452 5.478 5.504 5.529 5.553 5.576 5.598 5.619 5.639 5.658 5.675 5.690 5.702 5.714 5.723 5.731 5.738 5.745 5.752 5.761 5.771 5.783 5.798 5.815 5.834 5.855 5.877 5.900 5.922 5.946 5.970 5.994 6.017 6.040 6.063 6.085 6.106 6.127 6.147 6.166 6.184 6.201 6.218 6.234 6.250 6.266 6.283 6.301 6.322
4.743 4.784 4.823 4.860 4.895 4.929 4.961 4.991 5.022 5.052 5.081 5.109 5.137 5.165 5.193 5.221 5.248 5.276 5.303 5.331 5.359 5.386 5.413 5.441 5.467 5.494 5.520 5.546 5.571 5.595 5.617 5.640 5.661 5.682 5.700 5.717 5.732 5.745 5.756 5.765 5.772 5.779 5.785 5.792 5.800 5.810 5.822 5.836 5.852 5.871 5.892 5.913 5.934 5.957 5.981 6.005 6.029 6.053 6.077 6.100 6.122 6.144 6.165 6.186 6.205 6.224 6.242 6.259 6.277 6.294 6.311 6.330 6.350
4.763 4.805 4.844 4.881 4.916 4.950 4.982 5.012 5.042 5.071 5.100 5.128 5.156 5.183 5.210 5.237 5.265 5.292 5.319 5.346 5.374 5.401 5.428 5.456 5.483 5.509 5.536 5.562 5.587 5.611 5.635 5.659 5.682 5.703 5.723 5.742 5.759 5.774 5.787 5.798 5.807 5.814 5.821 5.827 5.833 5.841 5.850 5.862 5.875 5.892 5.910 5.929 5.949 5.972 5.995 6.019 6.043 6.068 6.092 6.116 6.139 6.162 6.184 6.206 6.227 6.247 6.267 6.285 6.304 6.322 6.340 6.359 6.380
4.782 4.824 4.864 4.902 4.937 4.971 5.002 5.032 5.062 5.091 5.119 5.147 5.174 5.201 5.228 5.255 5.281 5.308 5.335 5.362 5.389 5.416 5.443 5.470 5.497 5.524 5.550 5.577 5.603 5.627 5.652 5.676 5.700 5.723 5.745 5.765 5.784 5.801 5.816 5.829 5.840 5.849 5.857 5.863 5.869 5.875 5.883 5.892 5.903 5.917 5.932 5.949 5.968 5.989 6.012 6.035 6.059 6.084 6.108 6.133 6.157 6.181 6.204 6.227 6.249 6.271 6.291 6.311 6.331 6.350 6.370 6.389 6.410
4.800 4.843 4.883 4.921 4.957 4.991 5.023 5.053 5.083 5.111 5.139 5.167 5.193 5.220 5.246 5.272 5.299 5.325 5.351 5.378 5.404 5.431 5.458 5.484 5.511 5.538 5.565 5.591 5.617 5.641 5.667 5.692 5.717 5.741 5.764 5.786 5.806 5.825 5.842 5.858 5.871 5.882 5.892 5.899 5.906 5.912 5.918 5.926 5.935 5.946 5.959 5.974 5.991 6.010 6.031 6.054 6.078 6.102 6.127 6.151 6.176 6.201 6.225 6.249 6.272 6.295 6.317 6.338 6.359 6.379 6.399 6.419 6.440
4.815 4.859 4.901 4.940 4.976 5.011 5.043 5.073 5.103 5.132 5.159 5.186 5.213 5.239 5.265 5.291 5.317 5.342 5.368 5.394 5.420 5.446 5.472 5.499 5.525 5.552 5.578 5.605 5.630 5.655 5.681 5.707 5.732 5.757 5.781 5.804 5.826 5.847 5.866 5.884 5.899 5.913 5.924 5.934 5.942 5.949 5.955 5.962 5.970 5.979 5.990 6.002 6.017 6.034 6.054 6.075 6.098 6.122 6.147 6.171 6.197 6.222 6.247 6.272 6.296 6.319 6.342 6.365 6.386 6.408 6.429 6.450 6.471
4.829 4.874 4.917 4.957 4.994 5.029 5.062 5.093 5.123 5.152 5.180 5.207 5.233 5.259 5.285 5.310 5.335 5.360 5.386 5.411 5.436 5.462 5.487 5.513 5.539 5.565 5.591 5.618 5.643 5.669 5.695 5.721 5.747 5.772 5.797 5.821 5.845 5.867 5.888 5.907 5.925 5.941 5.955 5.967 5.977 5.985 5.992 5.999 6.006 6.014 6.024 6.034 6.047 6.062 6.080 6.100 6.121 6.144 6.168 6.193 6.219 6.244 6.270 6.295 6.320 6.345 6.369 6.392 6.415 6.437 6.459 6.480 6.502
4.841 4.887 4.931 4.972 5.011 5.047 5.080 5.112 5.143 5.172 5.200 5.227 5.254 5.280 5.305 5.330 5.355 5.379 5.404 5.428 5.453 5.478 5.503 5.528 5.553 5.579 5.605 5.631 5.656 5.682 5.708 5.734 5.761 5.786 5.812 5.837 5.861 5.885 5.907 5.929 5.948 5.966 5.982 5.996 6.009 6.019 6.028 6.036 6.043 6.051 6.060 6.069 6.079 6.093 6.109 6.127 6.147 6.169 6.193 6.217 6.242 6.268 6.294 6.320 6.345 6.371 6.396 6.420 6.443 6.466 6.489 6.511 6.533
4.850 4.898 4.943 4.986 5.026 5.062 5.096 5.130 5.161 5.191 5.220 5.248 5.275 5.301 5.326 5.351 5.375 5.399 5.423 5.447 5.471 5.495 5.519 5.543 5.568 5.593 5.618 5.644 5.669 5.694 5.721 5.747 5.773 5.800 5.826 5.852 5.877 5.901 5.925 5.948 5.969 5.989 6.007 6.023 6.038 6.051 6.062 6.071 6.080 6.088 6.096 6.104 6.114 6.126 6.140 6.157 6.176 6.196 6.219 6.242 6.267 6.293 6.319 6.345 6.372 6.398 6.423 6.448 6.472 6.496 6.519 6.542 6.565
4.857 4.906 4.952 4.996 5.038 5.076 5.112 5.146 5.179 5.210 5.240 5.268 5.295 5.322 5.347 5.372 5.396 5.420 5.443 5.467 5.490 5.513 5.536 5.559 5.583 5.608 5.632 5.658 5.682 5.707 5.733 5.760 5.786 5.813 5.839 5.865 5.891 5.916 5.941 5.965 5.988 6.009 6.029 6.048 6.064 6.079 6.092 6.104 6.114 6.123 6.132 6.141 6.149 6.160 6.174 6.189 6.206 6.225 6.247 6.270 6.294 6.320 6.346 6.372 6.399 6.425 6.451 6.477 6.502 6.527 6.551 6.574 6.598
4.861 4.911 4.959 5.004 5.047 5.087 5.125 5.161 5.195 5.227 5.258 5.288 5.316 5.343 5.369 5.394 5.418 5.442 5.465 5.487 5.510 5.532 5.554 5.577 5.600 5.623 5.647 5.672 5.696 5.720 5.746 5.772 5.798 5.825 5.851 5.878 5.904 5.930 5.956 5.981 6.005 6.028 6.049 6.069 6.088 6.105 6.120 6.134 6.146 6.157 6.167 6.176 6.185 6.196 6.208 6.222 6.238 6.256 6.277 6.299 6.323 6.348 6.374 6.400 6.427 6.454 6.481 6.507 6.533 6.558 6.583 6.607 6.631
4.864 4.914 4.963 5.010 5.054 5.096 5.135 5.173 5.209 5.243 5.275 5.306 5.335 5.363 5.390 5.415 5.440 5.464 5.487 5.509 5.531 5.552 5.574 5.596 5.618 5.640 5.663 5.687 5.710 5.734 5.759 5.784 5.810 5.837 5.864 5.890 5.917 5.943 5.970 5.995 6.020 6.044 6.067 6.089 6.109 6.128 6.145 6.161 6.175 6.188 6.199 6.210 6.219 6.230 6.242 6.256 6.271 6.289 6.308 6.329 6.352 6.377 6.403 6.429 6.456 6.483 6.511 6.537 6.564 6.590 6.615 6.640 6.665
4.865 4.915 4.965 5.012 5.058 5.101 5.142 5.182 5.220 5.256 5.290 5.322 5.353 5.382 5.410 5.437 5.462 5.486 5.509 5.531 5.553 5.574 5.595 5.616 5.637 5.658 5.680 5.703 5.725 5.748 5.772 5.797 5.823 5.849 5.876 5.902 5.929 5.956 5.983 6.009 6.035 6.060 6.084 6.107 6.129 6.149 6.168 6.186 6.202 6.216 6.230 6.241 6.252 6.264 6.276 6.290 6.305 6.322 6.340 6.361 6.383 6.407 6.433 6.459 6.486 6.514 6.541 6.569 6.596 6.623 6.649 6.675 6.700
4.865 4.915 4.964 5.013 5.060 5.104 5.146 5.188 5.228 5.266 5.302 5.336 5.368 5.399 5.429 5.456 5.483 5.507 5.531 5.554 5.576 5.597 5.617 5.638 5.658 5.678 5.699 5.721 5.742 5.763 5.787 5.811 5.836 5.861 5.888 5.914 5.941 5.968 5.995 6.022 6.048 6.074 6.099 6.123 6.146 6.168 6.189 6.208 6.226 6.242 6.257 6.270 6.283 6.296 6.309 6.323 6.338 6.354 6.373 6.393 6.414 6.438 6.463 6.490 6.517 6.545 6.573 6.601 6.629 6.656 6.683 6.710 6.736
4.864 4.914 4.963 5.011 5.059 5.104 5.148 5.191 5.233 5.272 5.311 5.347 5.381 5.414 5.445 5.474 5.502 5.528 5.552 5.576 5.598 5.620 5.640 5.660 5.680 5.700 5.719 5.740 5.760 5.780 5.802 5.825 5.849 5.874 5.900 5.926 5.953 5.980 6.007 6.034 6.061 6.087 6.113 6.138 6.162 6.186 6.207 6.228 6.247 6.265 6.282 6.297 6.311 6.325 6.339 6.354 6.370 6.386 6.405 6.424 6.446 6.469 6.494 6.521 6.548 6.576 6.605 6.634 6.662 6.690 6.718 6.745 6.772
4.864 4.913 4.961 5.009 5.056 5.102 5.146 5.191 5.234 5.276 5.316 5.354 5.391 5.425 5.458 5.489 5.518 5.546 5.572 5.597 5.620 5.642 5.663 5.683 5.703 5.722 5.741 5.761 5.779 5.799 5.819 5.841 5.864 5.888 5.913 5.938 5.965 5.991 6.018 6.045 6.073 6.100 6.126 6.152 6.177 6.201 6.225 6.247 6.267 6.287 6.305 6.321 6.337 6.353 6.368 6.384 6.400 6.417 6.436 6.456 6.477 6.500 6.525 6.552 6.579 6.608 6.637 6.666 6.696 6.725 6.753 6.781 6.809
4.865 4.912 4.959 5.005 5.052 5.098 5.143 5.188 5.233 5.276 5.317 5.358 5.396 5.433 5.468 5.501 5.532 5.561 5.589 5.615 5.640 5.663 5.685 5.706 5.726 5.745 5.764 5.783 5.801 5.819 5.838 5.859 5.880 5.903 5.927 5.951 5.977 6.003 6.030 6.057 6.084 6.111 6.138 6.165 6.191 6.216 6.240 6.263 6.285 6.306 6.326 6.344 6.361 6.378 6.395 6.411 6.429 6.447 6.465 6.486 6.507 6.531 6.556 6.582 6.610 6.639 6.669 6.699 6.729 6.759 6.788 6.817 6.845
4.866 4.911 4.957 5.002 5.048 5.093 5.138 5.184 5.228 5.273 5.316 5.357 5.398 5.436 5.473 5.508 5.542 5.573 5.603 5.631 5.658 5.683 5.706 5.728 5.749 5.768 5.787 5.806 5.823 5.840 5.859 5.878 5.898 5.919 5.941 5.965 5.990 6.015 6.041 6.068 6.095 6.123 6.150 6.177 6.203 6.229 6.254 6.279 6.302 6.324 6.345 6.364 6.382 6.401 6.419 6.437 6.455 6.474 6.494 6.514 6.537 6.560 6.586 6.612 6.640 6.670 6.700 6.731 6.762 6.792 6.822 6.852 6.880
4.869 4.912 4.956 5.000 5.045 5.089 5.133 5.178 5.223 5.267 5.311 5.354 5.395 5.436 5.475 5.512 5.547 5.581 5.613 5.643 5.672 5.699 5.724 5.748 5.770 5.790 5.810 5.829 5.846 5.863 5.880 5.898 5.917 5.937 5.958 5.980 6.003 6.028 6.053 6.079 6.106 6.134 6.161 6.188 6.215 6.242 6.268 6.293 6.317 6.341 6.362 6.382 6.402 6.422 6.441 6.461 6.480 6.500 6.520 6.542 6.564 6.588 6.614 6.641 6.670 6.699 6.730 6.761 6.793 6.825 6.856 6.886 6.915
4.872 4.914 4.956 4.999 5.042 5.085 5.128 5.172 5.216 5.260 5.304 5.347 5.390 5.431 5.472 5.511 5.548 5.584 5.618 5.651 5.682 5.711 5.738 5.764 5.788 5.810 5.831 5.850 5.868 5.885 5.902 5.920 5.938 5.956 5.976 5.996 6.018 6.041 6.066 6.091 6.117 6.144 6.172 6.199 6.226 6.253 6.280 6.306 6.331 6.355 6.378 6.399 6.420 6.441 6.462 6.482 6.503 6.523 6.545 6.567 6.590 6.615 6.641 6.668 6.697 6.727 6.759 6.791 6.823 6.855 6.887 6.919 6.949
4.877 4.917 4.958 4.999 5.041 5.082 5.123 5.166 5.209 5.253 5.296 5.339 5.382 5.424 5.465 5.505 5.544 5.582 5.619 5.653 5.687 5.718 5.748 5.776 5.802 5.826 5.849 5.870 5.889 5.907 5.924 5.942 5.959 5.976 5.995 6.014 6.034 6.056 6.079 6.103 6.129 6.155 6.182 6.209 6.237 6.264 6.291 6.317 6.343 6.368 6.392 6.414 6.436 6.459 6.480 6.502 6.523 6.545 6.567 6.590 6.614 6.639 6.666 6.694 6.723 6.754 6.786 6.818 6.851 6.885 6.917 6.950 6.981
4.883 4.922 4.961 5.001 5.041 5.080 5.120 5.162 5.203 5.245 5.288 5.330 5.372 5.414 5.456 5.497 5.537 5.576 5.614 5.651 5.687 5.720 5.753 5.783 5.812 5.839 5.863 5.887 5.907 5.926 5.945 5.963 5.980 5.997 6.014 6.033 6.052 6.072 6.094 6.117 6.141 6.166 6.192 6.219 6.247 6.274 6.301 6.328 6.354 6.380 6.405 6.428 6.451 6.474 6.497 6.520 6.542 6.565 6.588 6.612 6.636 6.662 6.689 6.717 6.747 6.778 6.810 6.844 6.877 6.912 6.945 6.979 7.011
4.889 4.927 4.965 5.003 5.042 5.080 5.119 5.158 5.199 5.239 5.280 5.321 5.362 5.404 5.445 5.486 5.527 5.567 5.606 5.644 5.682 5.717 5.752 5.785 5.816 5.846 5.873 5.899 5.921 5.942 5.963 5.982 6.000 6.017 6.034 6.052 6.070 6.089 6.109 6.131 6.154 6.178 6.203 6.229 6.256 6.283 6.310 6.338 6.364 6.391 6.416 6.440 6.464 6.488 6.512 6.536 6.559 6.583 6.607 6.631 6.657 6.683 6.710 6.739 6.769 6.800 6.833 6.867 6.901 6.936 6.971 7.006 7.039
