TsunamiDB/out54095.asc
ncols          264
nrows          230
xllcorner      497853.4375
yllcorner      4229146.0000
cellsize         5.
NODATA_value   -99
[rows 0 to 33 of 230, columns 0 to 76 of 264]
-99.000 -99.000 -99.000 -99.000 -99.000 -99.000 -99.000 -99.000 -99.000 -99.000 -99.000 -99.000 -99.000 -99.000 -99.000 -99.000 -99.000 -99.000 -99.000 -99.000 -99.000 -99.000 -99.000 -99.000 -99.000 -99.000 -99.000 -99.000 -99.000 -99.000 -99.000 -99.000 -99.000 -99.000 -99.000 -99.000 -99.000 -99.000 -99.000 -99.000 -99.000 -99.000 1.649 1.657 1.716 1.870 2.105 2.382 2.661 2.910 3.116 3.279 3.409 3.514 3.602 3.680 3.750 3.815 3.876 3.933 3.988 4.040 4.089 4.135 4.181 4.225 4.266 4.307 4.346 4.383 4.419 4.454 4.488 4.521 4.554 4.585 4.615
-99.000 -99.000 -99.000 -99.000 -99.000 -99.000 -99.000 -99.000 -99.000 -99.000 -99.000 -99.000 -99.000 -99.000 -99.000 -99.000 -99.000 -99.000 -99.000 -99.000 -99.000 -99.000 -99.000 -99.000 -99.000 -99.000 -99.000 -99.000 -99.000 -99.000 -99.000 -99.000 -99.000 -99.000 -99.000 -99.000 -99.000 -99.000 -99.000 -99.000 -99.000 -99.000 1.650 1.675 1.777 1.974 2.234 2.516 2.784 3.013 3.199 3.345 3.462 3.558 3.641 3.715 3.783 3.846 3.905 3.962 4.015 4.067 4.115 4.161 4.206 4.249 4.291 4.331 4.369 4.406 4.442 4.477 4.511 4.544 4.575 4.606 4.637
-99.000 -99.000 -99.000 -99.000 -99.000 -99.000 -99.000 -99.000 -99.000 -99.000 -99.000 -99.000 -99.000 -99.000 -99.000 -99.000 -99.000 -99.000 -99.000 -99.000 -99.000 -99.000 -99.000 -99.000 -99.000 -99.000 -99.000 -99.000 -99.000 -99.000 -99.000 -99.000 -99.000 -99.000 -99.000 -99.000 -99.000 -99.000 -99.000 -99.000 -99.000 1.649 1.656 1.711 1.861 2.093 2.369 2.648 2.899 3.107 3.273 3.404 3.510 3.600 3.678 3.749 3.814 3.876 3.934 3.989 4.042 4.093 4.140 4.186 4.230 4.273 4.314 4.354 4.392 4.429 4.465 4.500 4.533 4.566 4.597 4.628 4.658
-99.000 -99.000 -99.000 -99.000 -99.000 -99.000 -99.000 -99.000 -99.000 -99.000 -99.000 -99.000 -99.000 -99.000 -99.000 -99.000 -99.000 -99.000 -99.000 -99.000 -99.000 -99.000 -99.000 -99.000 -99.000 -99.000 -99.000 -99.000 -99.000 -99.000 -99.000 -99.000 -99.000 -99.000 -99.000 -99.000 -99.000 -99.000 -99.000 -99.000 -99.000 1.650 1.672 1.771 1.964 2.222 2.504 2.773 3.005 3.192 3.340 3.458 3.556 3.639 3.713 3.781 3.845 3.905 3.962 4.016 4.068 4.118 4.165 4.210 4.254 4.297 4.338 4.377 4.415 4.452 4.488 4.522 4.555 4.588 4.619 4.649 4.679
-99.000 -99.000 -99.000 -99.000 -99.000 -99.000 -99.000 -99.000 -99.000 -99.000 -99.000 -99.000 -99.000 -99.000 -99.000 -99.000 -99.000 -99.000 -99.000 -99.000 -99.000 -99.000 -99.000 -99.000 -99.000 -99.000 -99.000 -99.000 -99.000 -99.000 -99.000 -99.000 -99.000 -99.000 -99.000 -99.000 -99.000 -99.000 -99.000 -99.000 1.649 1.655 1.707 1.853 2.082 2.357 2.637 2.890 3.101 3.268 3.401 3.508 3.598 3.676 3.747 3.813 3.874 3.933 3.989 4.042 4.093 4.143 4.189 4.234 4.278 4.320 4.360 4.400 4.438 4.474 4.510 4.544 4.577 4.609 4.640 4.671 4.700
-99.000 -99.000 -99.000 -99.000 -99.000 -99.000 -99.000 -99.000 -99.000 -99.000 -99.000 -99.000 -99.000 -99.000 -99.000 -99.000 -99.000 -99.000 -99.000 -99.000 -99.000 -99.000 -99.000 -99.000 -99.000 -99.000 -99.000 -99.000 -99.000 -99.000 -99.000 -99.000 -99.000 -99.000 -99.000 -99.000 -99.000 -99.000 -99.000 -99.000 1.650 1.670 1.766 1.955 2.212 2.494 2.765 2.998 3.187 3.337 3.456 3.554 3.637 3.712 3.780 3.843 3.903 3.960 4.015 4.067 4.118 4.166 4.212 4.257 4.300 4.342 4.383 4.422 4.459 4.496 4.531 4.565 4.598 4.630 4.661 4.692 4.721
-99.000 -99.000 -99.000 -99.000 -99.000 -99.000 -99.000 -99.000 -99.000 -99.000 -99.000 -99.000 -99.000 -99.000 -99.000 -99.000 -99.000 -99.000 -99.000 -99.000 -99.000 -99.000 -99.000 -99.000 -99.000 -99.000 -99.000 -99.000 -99.000 -99.000 -99.000 -99.000 -99.000 -99.000 -99.000 -99.000 -99.000 -99.000 -99.000 1.649 1.654 1.704 1.847 2.074 2.348 2.629 2.883 3.096 3.265 3.398 3.506 3.596 3.674 3.745 3.811 3.872 3.931 3.986 4.040 4.092 4.141 4.189 4.235 4.279 4.322 4.364 4.404 4.443 4.480 4.517 4.552 4.586 4.619 4.651 4.682 4.712 4.741
-99.000 -99.000 -99.000 -99.000 -99.000 -99.000 -99.000 -99.000 -99.000 -99.000 -99.000 -99.000 -99.000 -99.000 -99.000 -99.000 -99.000 -99.000 -99.000 -99.000 -99.000 -99.000 -99.000 -99.000 -99.000 -99.000 -99.000 -99.000 -99.000 -99.000 -99.000 -99.000 -99.000 -99.000 -99.000 -99.000 -99.000 -99.000 -99.000 1.650 1.669 1.761 1.948 2.204 2.486 2.757 2.992 3.183 3.334 3.454 3.552 3.635 3.710 3.777 3.841 3.900 3.957 4.012 4.064 4.115 4.164 4.212 4.256 4.300 4.343 4.384 4.424 4.463 4.500 4.537 4.572 4.606 4.639 4.671 4.702 4.732 4.761
-99.000 -99.000 -99.000 -99.000 -99.000 -99.000 -99.000 -99.000 -99.000 -99.000 -99.000 -99.000 -99.000 -99.000 -99.000 -99.000 -99.000 -99.000 -99.000 -99.000 -99.000 -99.000 -99.000 -99.000 -99.000 -99.000 -99.000 -99.000 -99.000 -99.000 -99.000 -99.000 -99.000 -99.000 -99.000 -99.000 -99.000 -99.000 1.650 1.654 1.702 1.841 2.067 2.340 2.621 2.877 3.091 3.262 3.396 3.504 3.594 3.673 3.743 3.808 3.869 3.928 3.983 4.036 4.088 4.138 4.186 4.233 4.277 4.320 4.363 4.404 4.444 4.482 4.520 4.556 4.591 4.625 4.658 4.690 4.721 4.751 4.780
-99.000 -99.000 -99.000 -99.000 -99.000 -99.000 -99.000 -99.000 -99.000 -99.000 -99.000 -99.000 -99.000 -99.000 -99.000 -99.000 -99.000 -99.000 -99.000 -99.000 -99.000 -99.000 -99.000 -99.000 -99.000 -99.000 -99.000 -99.000 -99.000 -99.000 -99.000 -99.000 -99.000 -99.000 -99.000 -99.000 -99.000 -99.000 1.651 1.668 1.757 1.942 2.196 2.479 2.751 2.987 3.180 3.331 3.452 3.550 3.634 3.708 3.775 3.838 3.897 3.954 4.008 4.060 4.111 4.160 4.207 4.253 4.297 4.340 4.382 4.423 4.462 4.501 4.538 4.574 4.609 4.643 4.676 4.708 4.739 4.770 4.799
-99.000 -99.000 -99.000 -99.000 -99.000 -99.000 -99.000 -99.000 -99.000 -99.000 -99.000 -99.000 -99.000 -99.000 -99.000 -99.000 -99.000 -99.000 -99.000 -99.000 -99.000 -99.000 -99.000 -99.000 -99.000 -99.000 -99.000 -99.000 -99.000 -99.000 -99.000 -99.000 -99.000 -99.000 -99.000 -99.000 -99.000 1.650 1.655 1.699 1.836 2.060 2.333 2.614 2.871 3.087 3.258 3.394 3.502 3.593 3.671 3.741 3.806 3.866 3.924 3.979 4.032 4.083 4.133 4.181 4.227 4.273 4.316 4.358 4.400 4.441 4.480 4.518 4.556 4.592 4.627 4.661 4.694 4.726 4.757 4.787 4.817
-99.000 -99.000 -99.000 -99.000 -99.000 -99.000 -99.000 -99.000 -99.000 -99.000 -99.000 -99.000 -99.000 -99.000 -99.000 -99.000 -99.000 -99.000 -99.000 -99.000 -99.000 -99.000 -99.000 -99.000 -99.000 -99.000 -99.000 -99.000 -99.000 -99.000 -99.000 -99.000 -99.000 -99.000 -99.000 -99.000 -99.000 1.651 1.668 1.753 1.936 2.189 2.471 2.744 2.982 3.176 3.329 3.450 3.548 3.632 3.706 3.773 3.835 3.894 3.950 4.004 4.055 4.105 4.154 4.201 4.247 4.292 4.334 4.376 4.418 4.458 4.497 4.535 4.572 4.608 4.643 4.677 4.710 4.743 4.774 4.804 4.834
-99.000 -99.000 -99.000 -99.000 -99.000 -99.000 -99.000 -99.000 -99.000 -99.000 -99.000 -99.000 -99.000 -99.000 -99.000 -99.000 -99.000 -99.000 -99.000 -99.000 -99.000 -99.000 -99.000 -99.000 -99.000 -99.000 -99.000 -99.000 -99.000 -99.000 -99.000 -99.000 -99.000 -99.000 -99.000 -99.000 1.650 1.654 1.698 1.831 2.052 2.325 2.607 2.865 3.082 3.255 3.391 3.500 3.591 3.669 3.739 3.803 3.863 3.920 3.975 4.027 4.078 4.127 4.174 4.221 4.266 4.310 4.352 4.393 4.434 4.474 4.513 4.551 4.588 4.624 4.659 4.693 4.726 4.758 4.790 4.820 4.850
-99.000 -99.000 -99.000 -99.000 -99.000 -99.000 -99.000 -99.000 -99.000 -99.000 -99.000 -99.000 -99.000 -99.000 -99.000 -99.000 -99.000 -99.000 -99.000 -99.000 -99.000 -99.000 -99.000 -99.000 -99.000 -99.000 -99.000 -99.000 -99.000 -99.000 -99.000 -99.000 -99.000 -99.000 -99.000 -99.000 1.651 1.666 1.750 1.929 2.180 2.462 2.736 2.976 3.171 3.325 3.447 3.546 3.630 3.703 3.770 3.832 3.890 3.946 3.999 4.050 4.100 4.148 4.194 4.240 4.284 4.327 4.369 4.409 4.450 4.490 4.528 4.566 4.603 4.639 4.674 4.708 4.741 4.773 4.805 4.835 4.865
-99.000 -99.000 -99.000 -99.000 -99.000 -99.000 -99.000 -99.000 -99.000 -99.000 -99.000 -99.000 -99.000 -99.000 -99.000 -99.000 -99.000 -99.000 -99.000 -99.000 -99.000 -99.000 -99.000 -99.000 -99.000 -99.000 -99.000 -99.000 -99.000 -99.000 -99.000 -99.000 -99.000 -99.000 -99.000 1.650 1.654 1.695 1.826 2.044 2.315 2.598 2.857 3.076 3.250 3.387 3.497 3.588 3.666 3.736 3.800 3.860 3.917 3.971 4.022 4.072 4.121 4.168 4.213 4.258 4.301 4.344 4.385 4.425 4.465 4.504 4.543 4.580 4.617 4.653 4.688 4.722 4.755 4.787 4.819 4.849 4.879
-99.000 -99.000 -99.000 -99.000 -99.000 -99.000 -99.000 -99.000 -99.000 -99.000 -99.000 -99.000 -99.000 -99.000 -99.000 -99.000 -99.000 -99.000 -99.000 -99.000 -99.000 -99.000 -99.000 -99.000 -99.000 -99.000 -99.000 -99.000 -99.000 -99.000 -99.000 -99.000 -99.000 -99.000 -99.000 1.650 1.665 1.745 1.922 2.170 2.452 2.727 2.968 3.165 3.320 3.443 3.543 3.627 3.700 3.767 3.829 3.887 3.942 3.994 4.045 4.094 4.141 4.187 4.232 4.276 4.319 4.360 4.400 4.440 4.480 4.518 4.556 4.594 4.630 4.666 4.701 4.735 4.768 4.800 4.832 4.862 4.892
-99.000 -99.000 -99.000 -99.000 -99.000 -99.000 -99.000 -99.000 -99.000 -99.000 -99.000 -99.000 -99.000 -99.000 -99.000 -99.000 -99.000 -99.000 -99.000 -99.000 -99.000 -99.000 -99.000 -99.000 -99.000 -99.000 -99.000 -99.000 -99.000 -99.000 -99.000 -99.000 -99.000 -99.000 1.650 1.653 1.691 1.818 2.033 2.303 2.586 2.848 3.068 3.244 3.383 3.493 3.585 3.663 3.733 3.797 3.856 3.913 3.966 4.018 4.067 4.115 4.161 4.206 4.250 4.293 4.335 4.376 4.415 4.455 4.494 4.532 4.569 4.606 4.643 4.678 4.713 4.747 4.780 4.812 4.844 4.875 4.905
-99.000 -99.000 -99.000 -99.000 -99.000 -99.000 -99.000 -99.000 -99.000 -99.000 -99.000 -99.000 -99.000 -99.000 -99.000 -99.000 -99.000 -99.000 -99.000 -99.000 -99.000 -99.000 -99.000 -99.000 -99.000 -99.000 -99.000 -99.000 -99.000 -99.000 -99.000 -99.000 -99.000 -99.000 1.650 1.663 1.739 1.912 2.158 2.439 2.715 2.958 3.157 3.314 3.438 3.539 3.623 3.697 3.763 3.825 3.883 3.938 3.990 4.040 4.088 4.135 4.181 4.225 4.268 4.310 4.351 4.391 4.429 4.469 4.507 4.545 4.582 4.619 4.655 4.690 4.724 4.758 4.792 4.824 4.856 4.886 4.917
-99.000 -99.000 -99.000 -99.000 -99.000 -99.000 -99.000 -99.000 -99.000 -99.000 -99.000 -99.000 -99.000 -99.000 -99.000 -99.000 -99.000 -99.000 -99.000 -99.000 -99.000 -99.000 -99.000 -99.000 -99.000 -99.000 -99.000 -99.000 -99.000 -99.000 -99.000 -99.000 -99.000 1.650 1.653 1.688 1.809 2.021 2.289 2.572 2.835 3.058 3.236 3.377 3.488 3.580 3.659 3.729 3.793 3.852 3.908 3.962 4.013 4.062 4.109 4.155 4.200 4.243 4.285 4.326 4.367 4.406 4.444 4.482 4.520 4.557 4.594 4.630 4.666 4.701 4.735 4.769 4.802 4.835 4.866 4.897 4.927
-99.000 -99.000 -99.000 -99.000 -99.000 -99.000 -99.000 -99.000 -99.000 -99.000 -99.000 -99.000 -99.000 -99.000 -99.000 -99.000 -99.000 -99.000 -99.000 -99.000 -99.000 -99.000 -99.000 -99.000 -99.000 -99.000 -99.000 -99.000 -99.000 -99.000 -99.000 -99.000 -99.000 1.650 1.661 1.732 1.899 2.143 2.423 2.700 2.946 3.147 3.307 3.432 3.533 3.618 3.692 3.759 3.821 3.878 3.933 3.985 4.035 4.083 4.129 4.174 4.218 4.260 4.302 4.342 4.382 4.420 4.458 4.495 4.533 4.569 4.606 4.641 4.677 4.711 4.745 4.779 4.812 4.844 4.876 4.907 4.937
-99.000 -99.000 -99.000 -99.000 -99.000 -99.000 -99.000 -99.000 -99.000 -99.000 -99.000 -99.000 -99.000 -99.000 -99.000 -99.000 -99.000 -99.000 -99.000 -99.000 -99.000 -99.000 -99.000 -99.000 -99.000 -99.000 -99.000 -99.000 -99.000 -99.000 -99.000 -99.000 1.650 1.652 1.683 1.799 2.006 2.272 2.555 2.820 3.046 3.227 3.369 3.482 3.575 3.654 3.724 3.788 3.847 3.903 3.957 4.008 4.056 4.104 4.149 4.193 4.236 4.278 4.318 4.358 4.397 4.435 4.471 4.508 4.545 4.581 4.617 4.652 4.687 4.721 4.755 4.789 4.821 4.854 4.885 4.916 4.947
-99.000 -99.000 -99.000 -99.000 -99.000 -99.000 -99.000 -99.000 -99.000 -99.000 -99.000 -99.000 -99.000 -99.000 -99.000 -99.000 -99.000 -99.000 -99.000 -99.000 -99.000 -99.000 -99.000 -99.000 -99.000 -99.000 -99.000 -99.000 -99.000 -99.000 -99.000 -99.000 1.650 1.659 1.724 1.885 2.124 2.404 2.682 2.930 3.135 3.297 3.425 3.527 3.613 3.687 3.754 3.816 3.873 3.928 3.980 4.030 4.078 4.124 4.168 4.212 4.254 4.295 4.335 4.374 4.412 4.449 4.485 4.521 4.557 4.593 4.628 4.662 4.697 4.731 4.764 4.797 4.830 4.862 4.894 4.925 4.955
-99.000 -99.000 -99.000 -99.000 -99.000 -99.000 -99.000 -99.000 -99.000 -99.000 -99.000 -99.000 -99.000 -99.000 -99.000 -99.000 -99.000 -99.000 -99.000 -99.000 -99.000 -99.000 -99.000 -99.000 -99.000 -99.000 -99.000 -99.000 -99.000 -99.000 -99.000 -99.000 1.652 1.678 1.786 1.987 2.251 2.535 2.802 3.031 3.215 3.360 3.475 3.568 3.648 3.719 3.783 3.842 3.898 3.952 4.002 4.051 4.098 4.143 4.187 4.230 4.271 4.311 4.351 4.389 4.427 4.463 4.498 4.534 4.569 4.604 4.638 4.673 4.706 4.740 4.773 4.806 4.838 4.870 4.902 4.933 4.963
-99.000 -99.000 -99.000 -99.000 -99.000 -99.000 -99.000 -99.000 -99.000 -99.000 -99.000 -99.000 -99.000 -99.000 -99.000 -99.000 -99.000 -99.000 -99.000 -99.000 -99.000 -99.000 -99.000 -99.000 -99.000 -99.000 -99.000 -99.000 -99.000 -99.000 -99.000 1.650 1.657 1.715 1.868 2.102 2.380 2.661 2.912 3.121 3.286 3.416 3.520 3.607 3.682 3.749 3.810 3.868 3.923 3.975 4.024 4.072 4.118 4.163 4.206 4.248 4.288 4.328 4.367 4.404 4.441 4.477 4.511 4.546 4.581 4.615 4.649 4.683 4.716 4.749 4.782 4.814 4.846 4.878 4.909 4.940 4.971
-99.000 -99.000 -99.000 -99.000 -99.000 -99.000 -99.000 -99.000 -99.000 -99.000 -99.000 -99.000 -99.000 -99.000 -99.000 -99.000 -99.000 -99.000 -99.000 -99.000 -99.000 -99.000 -99.000 -99.000 -99.000 -99.000 -99.000 -99.000 -99.000 -99.000 -99.000 1.651 1.673 1.772 1.966 2.225 2.509 2.780 3.013 3.201 3.349 3.466 3.562 3.642 3.713 3.777 3.837 3.893 3.946 3.997 4.046 4.093 4.138 4.182 4.224 4.265 4.305 4.344 4.382 4.419 4.456 4.490 4.525 4.559 4.593 4.627 4.660 4.693 4.725 4.758 4.790 4.822 4.854 4.885 4.916 4.947 4.977
-99.000 -99.000 -99.000 -99.000 -99.000 -99.000 -99.000 -99.000 -99.000 -99.000 -99.000 -99.000 -99.000 -99.000 -99.000 -99.000 -99.000 -99.000 -99.000 -99.000 -99.000 -99.000 -99.000 -99.000 -99.000 -99.000 -99.000 -99.000 -99.000 -99.000 1.650 1.656 1.706 1.849 2.077 2.353 2.635 2.891 3.104 3.273 3.406 3.512 3.600 3.676 3.743 3.805 3.863 3.917 3.969 4.019 4.067 4.113 4.158 4.201 4.242 4.283 4.322 4.360 4.398 4.434 4.470 4.504 4.538 4.572 4.605 4.638 4.670 4.703 4.735 4.767 4.798 4.830 4.861 4.892 4.923 4.954 4.984
-99.000 -99.000 -99.000 -99.000 -99.000 -99.000 -99.000 -99.000 -99.000 -99.000 -99.000 -99.000 -99.000 -99.000 -99.000 -99.000 -99.000 -99.000 -99.000 -99.000 -99.000 -99.000 -99.000 -99.000 -99.000 -99.000 -99.000 -99.000 -99.000 -99.000 1.651 1.668 1.757 1.942 2.197 2.480 2.754 2.993 3.185 3.337 3.457 3.554 3.636 3.708 3.772 3.832 3.888 3.941 3.992 4.041 4.088 4.133 4.177 4.219 4.260 4.300 4.339 4.377 4.413 4.449 4.485 4.518 4.551 4.584 4.617 4.649 4.681 4.713 4.744 4.776 4.807 4.838 4.869 4.899 4.930 4.960 4.990
-99.000 -99.000 -99.000 -99.000 -99.000 -99.000 -99.000 -99.000 -99.000 -99.000 -99.000 -99.000 -99.000 -99.000 -99.000 -99.000 -99.000 -99.000 -99.000 -99.000 -99.000 -99.000 -99.000 -99.000 -99.000 -99.000 -99.000 -99.000 -99.000 1.650 1.654 1.696 1.828 2.048 2.321 2.605 2.866 3.085 3.259 3.395 3.504 3.593 3.670 3.738 3.800 3.858 3.913 3.965 4.015 4.062 4.108 4.153 4.196 4.238 4.278 4.317 4.356 4.393 4.429 4.464 4.499 4.532 4.564 4.597 4.629 4.661 4.692 4.723 4.754 4.785 4.815 4.846 4.876 4.906 4.936 4.966 4.995
-99.000 -99.000 -99.000 -99.000 -99.000 -99.000 -99.000 -99.000 -99.000 -99.000 -99.000 -99.000 -99.000 -99.000 -99.000 -99.000 -99.000 -99.000 -99.000 -99.000 -99.000 -99.000 -99.000 -99.000 -99.000 -99.000 -99.000 -99.000 -99.000 1.650 1.664 1.742 1.916 2.164 2.447 2.724 2.968 3.168 3.324 3.447 3.547 3.630 3.702 3.767 3.827 3.884 3.937 3.988 4.037 4.084 4.129 4.173 4.215 4.256 4.296 4.335 4.372 4.409 4.444 4.479 4.514 4.546 4.578 4.610 4.641 4.673 4.703 4.734 4.764 4.794 4.824 4.854 4.883 4.913 4.942 4.972 5.001
-99.000 -99.000 -99.000 -99.000 -99.000 -99.000 -99.000 -99.000 -99.000 -99.000 -99.000 -99.000 -99.000 -99.000 -99.000 -99.000 -99.000 -99.000 -99.000 -99.000 -99.000 -99.000 -99.000 -99.000 -99.000 -99.000 -99.000 -99.000 1.650 1.653 1.686 1.806 2.017 2.286 2.571 2.836 3.062 3.243 3.383 3.495 3.586 3.664 3.733 3.796 3.854 3.909 3.961 4.011 4.058 4.105 4.149 4.192 4.234 4.274 4.314 4.352 4.389 4.425 4.460 4.495 4.528 4.560 4.592 4.623 4.654 4.685 4.715 4.745 4.774 4.804 4.833 4.862 4.891 4.920 4.949 4.978 5.007
-99.000 -99.000 -99.000 -99.000 -99.000 -99.000 -99.000 -99.000 -99.000 -99.000 -99.000 -99.000 -99.000 -99.000 -99.000 -99.000 -99.000 -99.000 -99.000 -99.000 -99.000 -99.000 -99.000 -99.000 -99.000 -99.000 -99.000 -99.000 1.650 1.660 1.726 1.888 2.129 2.410 2.691 2.941 3.147 3.310 3.437 3.539 3.624 3.697 3.763 3.824 3.880 3.933 3.984 4.033 4.080 4.125 4.169 4.212 4.253 4.293 4.331 4.369 4.406 4.441 4.476 4.510 4.543 4.575 4.606 4.637 4.667 4.697 4.727 4.756 4.785 4.814 4.843 4.871 4.899 4.928 4.956 4.984 5.012
-99.000 -99.000 -99.000 -99.000 -99.000 -99.000 -99.000 -99.000 -99.000 -99.000 -99.000 -99.000 -99.000 -99.000 -99.000 -99.000 -99.000 -99.000 -99.000 -99.000 -99.000 -99.000 -99.000 -99.000 -99.000 -99.000 -99.000 -99.000 1.652 1.678 1.784 1.985 2.248 2.534 2.804 3.036 3.223 3.370 3.485 3.579 3.659 3.729 3.792 3.851 3.906 3.958 4.008 4.056 4.102 4.146 4.189 4.231 4.271 4.311 4.349 4.386 4.422 4.458 4.492 4.525 4.558 4.589 4.620 4.650 4.680 4.710 4.739 4.768 4.796 4.825 4.852 4.880 4.908 4.936 4.963 4.991 5.018
-99.000 -99.000 -99.000 -99.000 -99.000 -99.000 -99.000 -99.000 -99.000 -99.000 -99.000 -99.000 -99.000 -99.000 -99.000 -99.000 -99.000 -99.000 -99.000 -99.000 -99.000 -99.000 -99.000 -99.000 -99.000 -99.000 -99.000 1.650 1.657 1.711 1.860 2.092 2.371 2.654 2.910 3.123 3.293 3.425 3.530 3.617 3.692 3.759 3.820 3.877 3.931 3.982 4.031 4.078 4.123 4.167 4.209 4.250 4.290 4.329 4.367 4.403 4.439 4.474 4.508 4.541 4.573 4.604 4.634 4.665 4.694 4.723 4.752 4.780 4.808 4.836 4.863 4.890 4.917 4.944 4.971 4.998 5.025
-99.000 -99.000 -99.000 -99.000 -99.000 -99.000 -99.000 -99.000 -99.000 -99.000 -99.000 -99.000 -99.000 -99.000 -99.000 -99.000 -99.000 -99.000 -99.000 -99.000 -99.000 -99.000 -99.000 -99.000 -99.000 -99.000 -99.000 1.651 1.670 1.763 1.951 2.208 2.493 2.768 3.008 3.202 3.355 3.475 3.571 3.653 3.724 3.789 3.848 3.903 3.956 4.006 4.054 4.100 4.144 4.187 4.229 4.270 4.309 4.347 4.385 4.421 4.456 4.491 4.524 4.557 4.589 4.619 4.649 4.679 4.708 4.737 4.765 4.793 4.820 4.847 4.874 4.901 4.927 4.953 4.980 5.006 5.032
