TsunamiDB/out54136.asc
ncols          264
nrows          230
xllcorner      497853.4375
yllcorner      4229146.0000
cellsize         5.
NODATA_value   -99
[rows 102 to 135 of 230, columns 0 to 76 of 264]
5.535 5.550 5.565 5.579 5.594 5.608 5.622 5.636 5.650 5.664 5.677 5.690 5.702 5.715 5.728 5.741 5.754 5.767 5.780 5.793 5.806 5.819 5.832 5.844 5.857 5.870 5.883 5.896 5.909 5.922 5.936 5.949 5.962 5.975 5.987 5.999 6.011 6.023 6.036 6.048 6.061 6.073 6.086 6.098 6.110 6.123 6.135 6.147 6.159 6.171 6.182 6.194 6.205 6.217 6.228 6.239 6.250 6.260 6.268 6.277 6.286 6.295 6.303 6.311 6.319 6.327 6.334 6.341 6.348 6.355 6.361 6.367 6.373 6.379 6.384 6.389 6.394
5.548 5.563 5.578 5.593 5.607 5.622 5.636 5.650 5.664 5.677 5.690 5.702 5.715 5.728 5.740 5.753 5.766 5.779 5.791 5.804 5.817 5.830 5.842 5.855 5.868 5.880 5.893 5.906 5.919 5.932 5.945 5.958 5.971 5.984 5.995 6.007 6.019 6.032 6.044 6.056 6.069 6.081 6.094 6.106 6.118 6.131 6.143 6.155 6.167 6.179 6.191 6.202 6.214 6.226 6.237 6.249 6.260 6.269 6.278 6.288 6.297 6.306 6.314 6.323 6.331 6.339 6.347 6.355 6.362 6.369 6.376 6.382 6.388 6.394 6.400 6.405 6.410
5.561 5.576 5.591 5.606 5.620 5.635 5.649 5.663 5.676 5.690 5.703 5.715 5.728 5.740 5.753 5.765 5.778 5.791 5.803 5.816 5.828 5.841 5.853 5.866 5.878 5.891 5.903 5.916 5.928 5.941 5.954 5.967 5.980 5.992 6.004 6.016 6.028 6.040 6.052 6.064 6.077 6.089 6.101 6.114 6.126 6.138 6.151 6.163 6.175 6.187 6.199 6.211 6.222 6.234 6.246 6.258 6.268 6.278 6.288 6.297 6.307 6.316 6.325 6.334 6.343 6.351 6.359 6.367 6.375 6.382 6.389 6.396 6.403 6.409 6.415 6.421 6.426
5.574 5.589 5.604 5.618 5.633 5.647 5.661 5.675 5.689 5.703 5.716 5.728 5.740 5.753 5.765 5.778 5.790 5.803 5.815 5.827 5.840 5.852 5.864 5.876 5.889 5.901 5.913 5.926 5.938 5.951 5.963 5.976 5.989 6.001 6.012 6.024 6.036 6.048 6.060 6.072 6.085 6.097 6.109 6.122 6.134 6.146 6.158 6.171 6.183 6.195 6.207 6.219 6.230 6.242 6.254 6.266 6.277 6.287 6.297 6.307 6.316 6.326 6.335 6.344 6.353 6.362 6.371 6.379 6.387 6.395 6.403 6.410 6.417 6.423 6.430 6.436 6.442
5.585 5.601 5.616 5.630 5.645 5.659 5.674 5.688 5.701 5.715 5.728 5.740 5.752 5.765 5.777 5.790 5.802 5.814 5.827 5.839 5.851 5.863 5.875 5.887 5.899 5.912 5.924 5.936 5.948 5.960 5.973 5.985 5.998 6.010 6.021 6.033 6.044 6.056 6.068 6.080 6.093 6.105 6.117 6.129 6.142 6.154 6.166 6.178 6.190 6.202 6.214 6.226 6.238 6.250 6.262 6.274 6.285 6.295 6.305 6.315 6.325 6.335 6.345 6.354 6.364 6.373 6.382 6.391 6.399 6.407 6.415 6.423 6.430 6.437 6.444 6.451 6.457
5.597 5.612 5.627 5.642 5.657 5.671 5.685 5.699 5.713 5.727 5.740 5.752 5.764 5.777 5.789 5.802 5.814 5.826 5.838 5.850 5.862 5.874 5.886 5.898 5.910 5.922 5.934 5.946 5.958 5.970 5.982 5.994 6.007 6.019 6.030 6.041 6.053 6.064 6.076 6.088 6.100 6.113 6.125 6.137 6.149 6.161 6.173 6.186 6.198 6.210 6.222 6.234 6.246 6.258 6.270 6.282 6.293 6.303 6.314 6.324 6.334 6.344 6.354 6.364 6.374 6.383 6.392 6.401 6.410 6.419 6.427 6.435 6.443 6.450 6.458 6.465 6.471
5.607 5.623 5.638 5.653 5.668 5.682 5.697 5.711 5.725 5.739 5.751 5.764 5.776 5.788 5.801 5.813 5.825 5.838 5.850 5.862 5.874 5.886 5.897 5.909 5.921 5.933 5.944 5.956 5.968 5.980 5.992 6.004 6.016 6.028 6.038 6.050 6.061 6.073 6.084 6.096 6.108 6.120 6.132 6.144 6.157 6.169 6.181 6.193 6.205 6.217 6.229 6.241 6.253 6.265 6.277 6.289 6.301 6.311 6.322 6.332 6.342 6.353 6.363 6.373 6.383 6.392 6.402 6.411 6.421 6.429 6.438 6.447 6.455 6.463 6.470 6.478 6.485
5.617 5.633 5.648 5.663 5.678 5.693 5.707 5.721 5.736 5.749 5.762 5.775 5.787 5.799 5.812 5.824 5.837 5.849 5.861 5.873 5.885 5.897 5.908 5.920 5.932 5.943 5.955 5.966 5.978 5.990 6.001 6.013 6.025 6.037 6.047 6.058 6.069 6.081 6.092 6.104 6.116 6.128 6.140 6.152 6.164 6.176 6.188 6.200 6.212 6.224 6.236 6.248 6.260 6.272 6.284 6.297 6.308 6.319 6.329 6.340 6.350 6.361 6.371 6.381 6.391 6.401 6.411 6.421 6.430 6.440 6.449 6.457 6.466 6.474 6.482 6.490 6.498
5.627 5.643 5.658 5.673 5.688 5.703 5.718 5.732 5.746 5.760 5.773 5.785 5.798 5.810 5.823 5.835 5.848 5.860 5.872 5.884 5.896 5.907 5.919 5.931 5.942 5.954 5.965 5.976 5.988 5.999 6.011 6.023 6.034 6.046 6.056 6.067 6.078 6.089 6.100 6.112 6.124 6.135 6.147 6.159 6.171 6.183 6.195 6.207 6.219 6.231 6.243 6.255 6.267 6.279 6.291 6.303 6.315 6.326 6.336 6.347 6.358 6.368 6.379 6.389 6.400 6.410 6.420 6.430 6.440 6.449 6.458 6.468 6.477 6.485 6.494 6.502 6.510
5.636 5.652 5.668 5.683 5.698 5.713 5.727 5.742 5.756 5.770 5.783 5.795 5.808 5.820 5.833 5.845 5.858 5.870 5.882 5.894 5.906 5.918 5.930 5.941 5.952 5.964 5.975 5.986 5.998 6.009 6.020 6.032 6.044 6.054 6.065 6.075 6.086 6.097 6.108 6.120 6.131 6.143 6.155 6.166 6.178 6.190 6.202 6.214 6.226 6.238 6.250 6.262 6.274 6.286 6.298 6.310 6.322 6.332 6.343 6.354 6.364 6.375 6.386 6.397 6.407 6.418 6.428 6.438 6.448 6.458 6.468 6.477 6.486 6.495 6.504 6.513 6.521
5.645 5.661 5.677 5.692 5.707 5.722 5.737 5.751 5.766 5.780 5.793 5.805 5.817 5.830 5.843 5.855 5.868 5.880 5.892 5.904 5.916 5.928 5.940 5.951 5.963 5.974 5.985 5.996 6.007 6.019 6.030 6.041 6.053 6.063 6.073 6.084 6.094 6.105 6.116 6.127 6.139 6.150 6.162 6.173 6.185 6.197 6.208 6.220 6.232 6.244 6.256 6.268 6.280 6.292 6.304 6.316 6.328 6.339 6.349 6.360 6.371 6.382 6.393 6.403 6.414 6.425 6.435 6.446 6.456 6.466 6.476 6.486 6.495 6.505 6.514 6.523 6.532
5.653 5.669 5.685 5.701 5.716 5.731 5.746 5.761 5.775 5.789 5.802 5.814 5.827 5.840 5.852 5.865 5.877 5.890 5.902 5.914 5.926 5.938 5.949 5.961 5.972 5.984 5.995 6.006 6.017 6.028 6.039 6.051 6.062 6.072 6.082 6.092 6.103 6.113 6.124 6.135 6.146 6.158 6.169 6.180 6.192 6.203 6.215 6.227 6.238 6.250 6.262 6.274 6.286 6.298 6.310 6.322 6.334 6.344 6.355 6.366 6.377 6.388 6.399 6.410 6.421 6.432 6.442 6.453 6.463 6.474 6.484 6.494 6.504 6.513 6.523 6.532 6.541
5.660 5.677 5.693 5.709 5.725 5.740 5.755 5.769 5.784 5.798 5.811 5.823 5.836 5.849 5.861 5.874 5.887 5.899 5.911 5.923 5.935 5.947 5.959 5.970 5.982 5.993 6.004 6.015 6.027 6.038 6.049 6.060 6.071 6.081 6.091 6.101 6.111 6.121 6.132 6.143 6.154 6.165 6.176 6.187 6.199 6.210 6.221 6.233 6.244 6.256 6.268 6.280 6.292 6.303 6.316 6.328 6.339 6.350 6.361 6.372 6.383 6.394 6.405 6.416 6.427 6.438 6.449 6.459 6.470 6.481 6.491 6.501 6.511 6.521 6.531 6.541 6.550
5.666 5.684 5.701 5.717 5.733 5.748 5.763 5.778 5.793 5.807 5.819 5.832 5.845 5.857 5.870 5.883 5.896 5.908 5.920 5.932 5.944 5.956 5.968 5.980 5.991 6.002 6.014 6.025 6.036 6.047 6.058 6.069 6.080 6.090 6.099 6.109 6.119 6.130 6.140 6.151 6.161 6.172 6.183 6.194 6.205 6.216 6.228 6.239 6.251 6.262 6.274 6.285 6.297 6.309 6.321 6.333 6.345 6.355 6.366 6.377 6.388 6.399 6.410 6.421 6.432 6.443 6.454 6.465 6.476 6.487 6.497 6.508 6.518 6.528 6.538 6.548 6.558
5.672 5.690 5.707 5.724 5.740 5.756 5.771 5.786 5.801 5.815 5.828 5.840 5.853 5.866 5.879 5.892 5.904 5.917 5.929 5.941 5.953 5.965 5.977 5.988 6.000 6.011 6.022 6.034 6.045 6.056 6.067 6.078 6.089 6.098 6.108 6.117 6.127 6.138 6.148 6.158 6.169 6.179 6.190 6.201 6.212 6.223 6.234 6.245 6.256 6.268 6.279 6.291 6.303 6.314 6.326 6.338 6.350 6.360 6.371 6.382 6.393 6.404 6.415 6.426 6.438 6.449 6.460 6.471 6.482 6.493 6.503 6.514 6.524 6.535 6.545 6.555 6.565
5.676 5.695 5.713 5.730 5.747 5.763 5.779 5.794 5.809 5.823 5.836 5.849 5.862 5.874 5.887 5.900 5.913 5.925 5.937 5.950 5.962 5.974 5.985 5.997 6.009 6.020 6.031 6.042 6.053 6.064 6.076 6.087 6.097 6.107 6.116 6.126 6.136 6.146 6.156 6.166 6.176 6.187 6.197 6.208 6.219 6.229 6.240 6.251 6.262 6.274 6.285 6.296 6.308 6.320 6.331 6.343 6.355 6.365 6.376 6.387 6.398 6.409 6.420 6.431 6.442 6.454 6.465 6.476 6.487 6.498 6.509 6.519 6.530 6.541 6.551 6.562 6.572
5.678 5.698 5.717 5.736 5.753 5.770 5.786 5.802 5.817 5.831 5.844 5.857 5.870 5.883 5.896 5.908 5.921 5.933 5.946 5.958 5.970 5.982 5.994 6.005 6.017 6.028 6.040 6.051 6.062 6.073 6.084 6.095 6.106 6.115 6.124 6.134 6.144 6.154 6.164 6.174 6.184 6.194 6.204 6.215 6.225 6.236 6.247 6.257 6.268 6.279 6.290 6.302 6.313 6.325 6.337 6.349 6.359 6.370 6.380 6.391 6.402 6.413 6.424 6.436 6.447 6.458 6.469 6.480 6.491 6.503 6.513 6.524 6.535 6.546 6.557 6.567 6.578
5.678 5.700 5.720 5.739 5.758 5.775 5.792 5.808 5.824 5.838 5.852 5.865 5.878 5.891 5.904 5.916 5.929 5.942 5.954 5.966 5.978 5.990 6.002 6.014 6.025 6.037 6.048 6.059 6.070 6.081 6.092 6.104 6.114 6.123 6.133 6.142 6.152 6.161 6.171 6.181 6.191 6.201 6.211 6.222 6.232 6.242 6.253 6.263 6.274 6.285 6.296 6.307 6.318 6.330 6.342 6.353 6.364 6.374 6.385 6.396 6.406 6.417 6.429 6.440 6.451 6.462 6.473 6.485 6.496 6.507 6.518 6.529 6.540 6.551 6.562 6.572 6.583
5.677 5.699 5.721 5.741 5.761 5.779 5.797 5.814 5.830 5.845 5.859 5.872 5.886 5.899 5.912 5.925 5.937 5.950 5.962 5.974 5.986 5.998 6.010 6.022 6.033 6.045 6.056 6.067 6.078 6.090 6.101 6.112 6.122 6.131 6.141 6.150 6.160 6.169 6.179 6.189 6.199 6.209 6.219 6.229 6.239 6.249 6.259 6.270 6.280 6.291 6.302 6.313 6.324 6.335 6.347 6.358 6.368 6.379 6.389 6.400 6.411 6.422 6.433 6.444 6.455 6.466 6.477 6.489 6.500 6.511 6.522 6.533 6.544 6.555 6.566 6.577 6.588
5.673 5.697 5.719 5.741 5.762 5.782 5.800 5.818 5.835 5.851 5.865 5.879 5.893 5.906 5.920 5.932 5.945 5.958 5.970 5.982 5.994 6.006 6.018 6.030 6.041 6.053 6.064 6.075 6.086 6.098 6.109 6.120 6.130 6.139 6.149 6.158 6.168 6.177 6.187 6.197 6.206 6.216 6.226 6.236 6.246 6.256 6.266 6.276 6.286 6.297 6.307 6.318 6.329 6.340 6.352 6.363 6.373 6.383 6.393 6.404 6.415 6.426 6.437 6.448 6.459 6.470 6.481 6.492 6.503 6.515 6.526 6.537 6.548 6.559 6.570 6.581 6.592
5.668 5.692 5.716 5.739 5.761 5.782 5.802 5.821 5.839 5.856 5.871 5.885 5.900 5.913 5.927 5.940 5.953 5.966 5.978 5.990 6.002 6.014 6.026 6.038 6.049 6.061 6.072 6.083 6.094 6.105 6.116 6.127 6.138 6.147 6.156 6.166 6.175 6.185 6.195 6.204 6.214 6.223 6.233 6.243 6.253 6.262 6.272 6.282 6.292 6.303 6.313 6.324 6.334 6.345 6.357 6.367 6.377 6.387 6.398 6.408 6.419 6.429 6.440 6.451 6.462 6.473 6.485 6.496 6.507 6.518 6.529 6.540 6.552 6.563 6.574 6.585 6.597
5.661 5.686 5.710 5.734 5.757 5.780 5.801 5.822 5.841 5.859 5.875 5.890 5.905 5.920 5.934 5.947 5.961 5.973 5.986 5.998 6.010 6.022 6.034 6.046 6.057 6.069 6.080 6.091 6.102 6.113 6.124 6.135 6.145 6.155 6.164 6.174 6.183 6.193 6.202 6.212 6.221 6.231 6.240 6.250 6.260 6.269 6.279 6.289 6.299 6.309 6.319 6.329 6.340 6.351 6.362 6.372 6.382 6.392 6.402 6.412 6.423 6.433 6.444 6.455 6.466 6.477 6.488 6.499 6.510 6.522 6.533 6.544 6.555 6.566 6.578 6.589 6.600
5.653 5.678 5.703 5.728 5.752 5.775 5.798 5.820 5.841 5.860 5.877 5.894 5.910 5.925 5.940 5.954 5.968 5.981 5.994 6.006 6.018 6.030 6.042 6.054 6.065 6.077 6.088 6.099 6.110 6.121 6.132 6.143 6.153 6.163 6.172 6.181 6.191 6.200 6.210 6.219 6.229 6.238 6.248 6.257 6.267 6.276 6.286 6.295 6.305 6.315 6.325 6.335 6.345 6.356 6.367 6.377 6.387 6.396 6.406 6.417 6.427 6.437 6.448 6.459 6.470 6.481 6.492 6.503 6.514 6.525 6.536 6.547 6.558 6.570 6.581 6.592 6.604
5.646 5.670 5.695 5.720 5.744 5.769 5.792 5.816 5.838 5.858 5.877 5.895 5.912 5.929 5.944 5.959 5.974 5.987 6.001 6.014 6.026 6.038 6.050 6.062 6.073 6.085 6.096 6.107 6.118 6.129 6.140 6.151 6.161 6.170 6.180 6.189 6.199 6.208 6.218 6.227 6.236 6.246 6.255 6.265 6.274 6.283 6.293 6.302 6.312 6.321 6.331 6.341 6.351 6.361 6.372 6.382 6.392 6.401 6.411 6.421 6.431 6.441 6.452 6.463 6.473 6.484 6.495 6.506 6.517 6.528 6.539 6.550 6.562 6.573 6.584 6.595 6.607
5.639 5.663 5.687 5.711 5.736 5.760 5.785 5.809 5.832 5.854 5.874 5.894 5.913 5.930 5.947 5.963 5.979 5.993 6.007 6.020 6.033 6.046 6.058 6.070 6.081 6.092 6.104 6.115 6.126 6.137 6.148 6.159 6.169 6.178 6.187 6.197 6.206 6.216 6.225 6.235 6.244 6.253 6.263 6.272 6.281 6.290 6.300 6.309 6.318 6.328 6.337 6.347 6.357 6.367 6.377 6.387 6.397 6.406 6.416 6.425 6.435 6.446 6.456 6.466 6.477 6.488 6.499 6.510 6.520 6.531 6.543 6.554 6.565 6.576 6.587 6.599 6.610
5.634 5.656 5.679 5.703 5.727 5.751 5.776 5.800 5.825 5.848 5.869 5.890 5.910 5.930 5.948 5.965 5.982 5.997 6.012 6.026 6.040 6.053 6.065 6.077 6.089 6.100 6.112 6.123 6.134 6.145 6.156 6.167 6.177 6.186 6.195 6.205 6.214 6.224 6.233 6.242 6.252 6.261 6.270 6.279 6.289 6.298 6.307 6.316 6.325 6.335 6.344 6.353 6.363 6.373 6.383 6.393 6.402 6.411 6.420 6.430 6.440 6.450 6.460 6.471 6.481 6.492 6.502 6.513 6.524 6.535 6.546 6.557 6.568 6.579 6.590 6.602 6.613
5.630 5.651 5.673 5.695 5.718 5.742 5.766 5.791 5.815 5.839 5.861 5.883 5.905 5.926 5.946 5.965 5.983 6.000 6.016 6.031 6.045 6.059 6.072 6.084 6.096 6.108 6.120 6.131 6.142 6.153 6.164 6.175 6.185 6.194 6.203 6.213 6.222 6.232 6.241 6.250 6.260 6.269 6.278 6.287 6.296 6.305 6.314 6.323 6.332 6.341 6.351 6.360 6.369 6.379 6.389 6.399 6.407 6.416 6.426 6.435 6.445 6.454 6.465 6.475 6.485 6.496 6.506 6.517 6.528 6.538 6.549 6.560 6.571 6.582 6.593 6.605 6.616
5.628 5.648 5.668 5.689 5.711 5.734 5.757 5.781 5.805 5.829 5.852 5.875 5.897 5.920 5.941 5.962 5.981 6.000 6.017 6.033 6.049 6.063 6.077 6.091 6.103 6.115 6.127 6.139 6.150 6.161 6.172 6.183 6.193 6.202 6.212 6.221 6.230 6.240 6.249 6.258 6.268 6.277 6.286 6.295 6.304 6.313 6.322 6.331 6.340 6.349 6.358 6.367 6.376 6.385 6.395 6.404 6.413 6.422 6.431 6.440 6.450 6.459 6.469 6.479 6.489 6.500 6.510 6.521 6.531 6.542 6.553 6.564 6.575 6.586 6.597 6.608 6.619
5.629 5.647 5.666 5.685 5.706 5.727 5.749 5.772 5.795 5.818 5.841 5.864 5.887 5.911 5.933 5.955 5.976 5.997 6.016 6.034 6.050 6.066 6.081 6.096 6.109 6.122 6.134 6.146 6.158 6.169 6.180 6.191 6.201 6.211 6.220 6.229 6.238 6.248 6.257 6.266 6.276 6.285 6.294 6.303 6.312 6.321 6.329 6.338 6.347 6.356 6.365 6.374 6.383 6.392 6.402 6.411 6.419 6.428 6.437 6.446 6.455 6.464 6.474 6.484 6.494 6.504 6.514 6.525 6.535 6.546 6.557 6.567 6.578 6.589 6.600 6.611 6.622
5.631 5.648 5.665 5.683 5.702 5.722 5.743 5.764 5.786 5.808 5.830 5.853 5.876 5.900 5.923 5.946 5.969 5.990 6.011 6.031 6.049 6.067 6.083 6.099 6.113 6.127 6.140 6.153 6.165 6.177 6.188 6.199 6.210 6.219 6.228 6.238 6.247 6.256 6.266 6.275 6.284 6.293 6.302 6.311 6.320 6.329 6.337 6.346 6.355 6.363 6.372 6.381 6.390 6.399 6.408 6.417 6.425 6.434 6.442 6.451 6.460 6.470 6.479 6.489 6.499 6.509 6.519 6.529 6.539 6.550 6.560 6.571 6.582 6.593 6.604 6.615 6.626
5.635 5.651 5.667 5.684 5.702 5.720 5.739 5.759 5.780 5.800 5.821 5.842 5.865 5.888 5.912 5.935 5.959 5.981 6.004 6.025 6.045 6.064 6.082 6.099 6.115 6.130 6.145 6.158 6.171 6.184 6.196 6.207 6.218 6.227 6.237 6.246 6.255 6.265 6.274 6.283 6.293 6.302 6.311 6.319 6.328 6.337 6.346 6.354 6.363 6.371 6.380 6.389 6.397 6.406 6.416 6.424 6.432 6.440 6.449 6.457 6.466 6.475 6.485 6.494 6.504 6.514 6.524 6.534 6.544 6.554 6.565 6.575 6.586 6.596 6.607 6.618 6.629
5.641 5.656 5.671 5.687 5.703 5.720 5.738 5.757 5.775 5.793 5.813 5.833 5.855 5.877 5.900 5.923 5.947 5.970 5.993 6.016 6.037 6.058 6.078 6.097 6.115 6.131 6.147 6.162 6.176 6.189 6.202 6.214 6.225 6.235 6.245 6.254 6.264 6.273 6.283 6.292 6.301 6.310 6.319 6.328 6.337 6.345 6.354 6.363 6.371 6.380 6.388 6.397 6.405 6.414 6.423 6.431 6.439 6.447 6.455 6.464 6.472 6.481 6.490 6.500 6.509 6.519 6.529 6.539 6.549 6.559 6.569 6.579 6.590 6.601 6.611 6.622 6.633
5.648 5.662 5.677 5.692 5.707 5.723 5.739 5.756 5.773 5.790 5.808 5.827 5.847 5.868 5.890 5.912 5.935 5.958 5.981 6.004 6.027 6.049 6.071 6.091 6.111 6.129 6.147 6.163 6.178 6.193 6.207 6.220 6.232 6.242 6.252 6.262 6.272 6.282 6.292 6.301 6.310 6.319 6.328 6.337 6.346 6.354 6.363 6.371 6.380 6.388 6.396 6.405 6.413 6.422 6.431 6.439 6.447 6.454 6.462 6.470 6.479 6.488 6.497 6.506 6.515 6.524 6.534 6.544 6.554 6.564 6.574 6.584 6.594 6.605 6.616 6.626 6.637
5.657 5.671 5.684 5.698 5.713 5.727 5.743 5.758 5.774 5.789 5.806 5.823 5.842 5.861 5.881 5.902 5.924 5.946 5.969 5.992 6.015 6.038 6.060 6.082 6.103 6.124 6.143 6.161 6.178 6.194 6.210 6.224 6.237 6.248 6.259 6.270 6.280 6.290 6.300 6.310 6.319 6.328 6.337 6.346 6.355 6.363 6.372 6.380 6.389 6.397 6.405 6.414 6.422 6.431 6.439 6.447 6.454 6.462 6.470 6.478 6.486 6.494 6.503 6.512 6.521 6.530 6.540 6.549 6.559 6.569 6.579 6.589 6.599 6.610 6.620 6.631 6.642
