TsunamiDB/out54092.asc
ncols          264
nrows          230
xllcorner      497853.4375
yllcorner      4229146.0000
cellsize         5.
NODATA_value   -99
[rows 102 to 135 of 230, columns 77 to 153 of 264]
5.622 5.646 5.670 5.694 5.719 5.745 5.772 5.800 5.829 5.858 5.887 5.916 5.944 5.972 6.000 6.026 6.051 6.075 6.097 6.119 6.139 6.158 6.176 6.193 6.209 6.225 6.240 6.254 6.268 6.282 6.297 6.311 6.325 6.339 6.353 6.366 6.379 6.393 6.405 6.418 6.430 6.442 6.454 6.466 6.477 6.489 6.500 6.511 6.522 6.532 6.541 6.551 6.561 6.572 6.582 6.592 6.601 6.611 6.620 6.629 6.637 6.645 6.652 6.660 6.666 6.673 6.679 6.686 6.693 6.699 6.707 6.714 6.721 6.729 6.738 6.747 6.758
5.619 5.641 5.663 5.685 5.708 5.733 5.758 5.785 5.812 5.839 5.867 5.896 5.924 5.953 5.981 6.009 6.036 6.062 6.087 6.111 6.133 6.154 6.174 6.194 6.212 6.229 6.244 6.259 6.274 6.289 6.304 6.318 6.333 6.347 6.361 6.374 6.388 6.401 6.414 6.427 6.439 6.451 6.463 6.475 6.487 6.498 6.510 6.521 6.532 6.542 6.551 6.561 6.572 6.582 6.592 6.602 6.612 6.622 6.632 6.641 6.649 6.658 6.666 6.673 6.680 6.687 6.694 6.700 6.707 6.713 6.721 6.727 6.734 6.741 6.749 6.759 6.769
5.617 5.638 5.659 5.679 5.701 5.724 5.747 5.772 5.797 5.823 5.849 5.876 5.904 5.932 5.960 5.988 6.016 6.044 6.071 6.096 6.121 6.145 6.168 6.189 6.209 6.228 6.245 6.261 6.278 6.293 6.309 6.324 6.339 6.354 6.368 6.382 6.395 6.409 6.422 6.435 6.448 6.460 6.472 6.484 6.496 6.507 6.519 6.530 6.541 6.551 6.561 6.571 6.581 6.592 6.602 6.612 6.623 6.633 6.642 6.652 6.661 6.670 6.678 6.686 6.693 6.700 6.707 6.714 6.720 6.727 6.734 6.740 6.747 6.753 6.761 6.770 6.780
5.618 5.637 5.657 5.676 5.696 5.717 5.739 5.762 5.785 5.809 5.834 5.859 5.885 5.912 5.939 5.967 5.995 6.022 6.050 6.077 6.104 6.130 6.155 6.178 6.201 6.222 6.241 6.259 6.277 6.295 6.311 6.328 6.343 6.359 6.374 6.388 6.402 6.416 6.429 6.443 6.455 6.468 6.480 6.492 6.504 6.516 6.527 6.539 6.550 6.559 6.569 6.580 6.590 6.601 6.611 6.622 6.632 6.642 6.652 6.662 6.671 6.681 6.689 6.698 6.705 6.713 6.720 6.727 6.734 6.740 6.747 6.753 6.759 6.766 6.773 6.781 6.790
5.620 5.639 5.657 5.675 5.694 5.714 5.734 5.755 5.777 5.799 5.822 5.845 5.869 5.894 5.920 5.946 5.973 6.000 6.027 6.055 6.082 6.109 6.136 6.162 6.187 6.210 6.231 6.252 6.272 6.291 6.310 6.328 6.345 6.361 6.377 6.392 6.407 6.422 6.436 6.449 6.462 6.475 6.488 6.500 6.512 6.524 6.536 6.547 6.558 6.568 6.578 6.588 6.598 6.609 6.620 6.630 6.641 6.651 6.661 6.671 6.681 6.691 6.700 6.708 6.717 6.725 6.732 6.739 6.746 6.753 6.760 6.766 6.771 6.777 6.784 6.792 6.801
5.623 5.641 5.659 5.676 5.694 5.712 5.732 5.751 5.771 5.792 5.813 5.835 5.857 5.880 5.904 5.928 5.953 5.979 6.005 6.032 6.059 6.086 6.113 6.140 6.166 6.191 6.214 6.238 6.260 6.282 6.303 6.322 6.341 6.360 6.377 6.394 6.410 6.425 6.440 6.454 6.468 6.481 6.494 6.507 6.519 6.531 6.543 6.555 6.565 6.575 6.585 6.596 6.606 6.617 6.627 6.638 6.649 6.659 6.670 6.680 6.690 6.700 6.709 6.718 6.727 6.735 6.743 6.751 6.758 6.765 6.771 6.778 6.783 6.789 6.796 6.803 6.811
5.629 5.646 5.662 5.678 5.695 5.713 5.731 5.750 5.769 5.788 5.807 5.828 5.848 5.870 5.891 5.914 5.937 5.961 5.985 6.010 6.036 6.062 6.088 6.115 6.142 6.168 6.192 6.217 6.242 6.266 6.289 6.311 6.332 6.352 6.372 6.390 6.408 6.425 6.441 6.456 6.471 6.485 6.499 6.512 6.525 6.537 6.549 6.561 6.572 6.582 6.592 6.603 6.613 6.624 6.635 6.645 6.656 6.667 6.677 6.688 6.698 6.708 6.718 6.727 6.736 6.745 6.753 6.761 6.768 6.775 6.783 6.789 6.794 6.800 6.806 6.813 6.821
5.635 5.651 5.667 5.682 5.699 5.715 5.733 5.750 5.768 5.786 5.805 5.824 5.843 5.863 5.883 5.903 5.925 5.947 5.969 5.992 6.016 6.040 6.065 6.091 6.117 6.142 6.167 6.193 6.218 6.243 6.268 6.292 6.316 6.339 6.360 6.381 6.401 6.420 6.438 6.455 6.471 6.486 6.501 6.515 6.529 6.542 6.554 6.567 6.578 6.588 6.598 6.609 6.620 6.630 6.641 6.652 6.663 6.673 6.684 6.695 6.705 6.715 6.725 6.735 6.745 6.754 6.762 6.770 6.778 6.785 6.793 6.799 6.805 6.810 6.816 6.823 6.830
5.643 5.658 5.673 5.688 5.703 5.719 5.736 5.753 5.770 5.787 5.804 5.822 5.840 5.859 5.878 5.897 5.916 5.937 5.957 5.978 6.000 6.022 6.045 6.069 6.093 6.117 6.141 6.166 6.191 6.217 6.243 6.268 6.293 6.318 6.342 6.365 6.387 6.408 6.428 6.448 6.466 6.483 6.499 6.515 6.530 6.544 6.557 6.570 6.582 6.593 6.603 6.614 6.625 6.636 6.647 6.658 6.668 6.679 6.690 6.701 6.711 6.722 6.732 6.742 6.752 6.761 6.770 6.779 6.787 6.794 6.802 6.809 6.814 6.820 6.826 6.832 6.839
5.652 5.666 5.681 5.695 5.709 5.725 5.741 5.757 5.773 5.789 5.806 5.823 5.840 5.858 5.875 5.893 5.912 5.930 5.949 5.969 5.989 6.009 6.030 6.052 6.074 6.096 6.118 6.141 6.165 6.190 6.215 6.241 6.266 6.292 6.317 6.342 6.366 6.390 6.412 6.434 6.454 6.474 6.492 6.510 6.526 6.542 6.557 6.571 6.584 6.595 6.606 6.618 6.629 6.640 6.651 6.662 6.673 6.684 6.695 6.706 6.717 6.727 6.738 6.748 6.758 6.768 6.777 6.786 6.794 6.802 6.810 6.817 6.823 6.828 6.834 6.841 6.847
5.662 5.676 5.689 5.703 5.717 5.731 5.746 5.762 5.777 5.793 5.809 5.826 5.842 5.859 5.876 5.893 5.910 5.927 5.945 5.963 5.981 6.000 6.019 6.039 6.059 6.079 6.099 6.120 6.142 6.165 6.189 6.213 6.238 6.263 6.288 6.314 6.339 6.364 6.389 6.412 6.435 6.457 6.478 6.498 6.517 6.534 6.551 6.567 6.581 6.594 6.606 6.619 6.631 6.642 6.654 6.665 6.676 6.688 6.699 6.710 6.721 6.732 6.742 6.753 6.763 6.773 6.783 6.792 6.801 6.809 6.817 6.824 6.830 6.836 6.842 6.848 6.855
5.673 5.687 5.699 5.712 5.725 5.739 5.754 5.768 5.783 5.799 5.814 5.830 5.845 5.861 5.878 5.894 5.910 5.927 5.944 5.961 5.978 5.995 6.013 6.031 6.049 6.067 6.085 6.104 6.124 6.145 6.166 6.188 6.211 6.235 6.259 6.284 6.309 6.335 6.360 6.385 6.410 6.434 6.457 6.479 6.500 6.520 6.539 6.557 6.574 6.588 6.602 6.616 6.629 6.641 6.654 6.666 6.678 6.689 6.701 6.712 6.724 6.735 6.746 6.757 6.767 6.778 6.787 6.797 6.806 6.815 6.823 6.831 6.837 6.843 6.849 6.855 6.862
5.686 5.699 5.711 5.722 5.735 5.748 5.762 5.776 5.790 5.805 5.820 5.835 5.850 5.866 5.881 5.897 5.913 5.929 5.945 5.961 5.977 5.993 6.010 6.026 6.043 6.060 6.076 6.093 6.111 6.130 6.149 6.169 6.189 6.211 6.233 6.256 6.280 6.304 6.329 6.354 6.379 6.404 6.429 6.453 6.476 6.499 6.520 6.541 6.559 6.576 6.592 6.607 6.622 6.636 6.650 6.663 6.676 6.688 6.701 6.713 6.724 6.736 6.747 6.759 6.770 6.780 6.791 6.801 6.810 6.819 6.828 6.836 6.842 6.848 6.855 6.861 6.867
5.700 5.712 5.723 5.734 5.746 5.759 5.772 5.785 5.799 5.813 5.827 5.842 5.856 5.871 5.886 5.901 5.917 5.932 5.947 5.963 5.978 5.994 6.010 6.025 6.041 6.056 6.071 6.087 6.103 6.120 6.137 6.155 6.173 6.192 6.212 6.233 6.255 6.277 6.300 6.324 6.348 6.373 6.397 6.422 6.446 6.470 6.494 6.516 6.537 6.556 6.575 6.592 6.609 6.626 6.641 6.656 6.670 6.684 6.697 6.710 6.722 6.735 6.747 6.758 6.770 6.781 6.792 6.803 6.813 6.822 6.832 6.839 6.846 6.853 6.859 6.865 6.872
5.715 5.726 5.737 5.747 5.758 5.770 5.783 5.795 5.808 5.822 5.835 5.849 5.863 5.878 5.892 5.907 5.922 5.937 5.951 5.966 5.981 5.996 6.011 6.026 6.042 6.056 6.070 6.084 6.099 6.114 6.130 6.146 6.162 6.179 6.197 6.215 6.235 6.255 6.275 6.297 6.319 6.342 6.366 6.390 6.414 6.438 6.463 6.486 6.509 6.530 6.550 6.570 6.589 6.608 6.625 6.642 6.658 6.673 6.688 6.702 6.716 6.730 6.743 6.755 6.768 6.780 6.791 6.802 6.813 6.823 6.833 6.841 6.848 6.855 6.862 6.869 6.875
5.731 5.742 5.752 5.761 5.772 5.783 5.795 5.807 5.819 5.832 5.845 5.858 5.872 5.885 5.899 5.914 5.928 5.942 5.957 5.971 5.986 6.001 6.015 6.030 6.044 6.058 6.071 6.084 6.098 6.112 6.127 6.141 6.156 6.172 6.187 6.204 6.221 6.238 6.257 6.276 6.296 6.317 6.338 6.361 6.383 6.407 6.430 6.454 6.476 6.498 6.520 6.541 6.562 6.583 6.602 6.621 6.639 6.657 6.673 6.689 6.705 6.720 6.734 6.748 6.761 6.774 6.787 6.799 6.811 6.822 6.832 6.841 6.849 6.856 6.863 6.870 6.877
5.747 5.757 5.767 5.776 5.786 5.797 5.808 5.819 5.831 5.843 5.855 5.868 5.881 5.894 5.908 5.921 5.935 5.949 5.963 5.977 5.992 6.006 6.020 6.034 6.048 6.061 6.074 6.087 6.100 6.113 6.127 6.140 6.154 6.168 6.183 6.197 6.212 6.228 6.244 6.261 6.279 6.297 6.317 6.336 6.357 6.379 6.400 6.423 6.444 6.466 6.487 6.509 6.531 6.552 6.573 6.594 6.614 6.633 6.651 6.669 6.687 6.704 6.720 6.735 6.750 6.765 6.779 6.792 6.805 6.817 6.828 6.838 6.846 6.855 6.863 6.870 6.877
5.763 5.774 5.783 5.792 5.801 5.812 5.822 5.833 5.844 5.855 5.867 5.879 5.891 5.904 5.917 5.930 5.943 5.957 5.971 5.984 5.998 6.012 6.026 6.040 6.053 6.066 6.078 6.091 6.103 6.116 6.129 6.142 6.155 6.168 6.181 6.195 6.208 6.223 6.237 6.252 6.268 6.284 6.301 6.319 6.337 6.356 6.376 6.396 6.416 6.436 6.456 6.477 6.498 6.520 6.541 6.562 6.583 6.603 6.624 6.643 6.662 6.681 6.699 6.716 6.733 6.749 6.765 6.780 6.794 6.808 6.821 6.831 6.841 6.850 6.859 6.867 6.875
5.779 5.790 5.798 5.807 5.817 5.827 5.837 5.847 5.857 5.868 5.879 5.890 5.902 5.914 5.927 5.939 5.952 5.965 5.979 5.992 6.006 6.019 6.033 6.046 6.059 6.071 6.083 6.096 6.108 6.121 6.133 6.146 6.158 6.170 6.183 6.195 6.208 6.221 6.234 6.248 6.262 6.276 6.292 6.307 6.324 6.341 6.358 6.376 6.393 6.411 6.430 6.449 6.469 6.489 6.509 6.530 6.551 6.571 6.592 6.612 6.632 6.652 6.672 6.691 6.710 6.728 6.745 6.762 6.778 6.794 6.808 6.820 6.831 6.842 6.852 6.861 6.870
5.795 5.805 5.814 5.823 5.833 5.842 5.852 5.862 5.872 5.882 5.892 5.903 5.914 5.926 5.938 5.950 5.962 5.975 5.988 6.001 6.014 6.027 6.040 6.054 6.066 6.078 6.090 6.102 6.114 6.126 6.139 6.151 6.163 6.174 6.186 6.198 6.210 6.222 6.235 6.247 6.260 6.273 6.287 6.301 6.315 6.331 6.346 6.362 6.377 6.393 6.410 6.427 6.445 6.463 6.482 6.501 6.520 6.540 6.560 6.580 6.600 6.621 6.641 6.661 6.681 6.701 6.720 6.738 6.756 6.774 6.789 6.803 6.816 6.829 6.840 6.851 6.861
5.809 5.819 5.828 5.838 5.848 5.858 5.867 5.877 5.887 5.896 5.906 5.917 5.927 5.938 5.949 5.961 5.973 5.985 5.997 6.010 6.023 6.035 6.048 6.062 6.074 6.085 6.097 6.109 6.121 6.133 6.145 6.157 6.168 6.180 6.191 6.203 6.214 6.226 6.237 6.249 6.261 6.273 6.286 6.298 6.312 6.325 6.340 6.354 6.367 6.381 6.396 6.411 6.427 6.443 6.460 6.477 6.495 6.513 6.531 6.550 6.570 6.589 6.609 6.629 6.649 6.670 6.690 6.710 6.729 6.748 6.766 6.781 6.796 6.810 6.824 6.836 6.848
5.821 5.832 5.842 5.853 5.863 5.873 5.882 5.892 5.902 5.911 5.921 5.930 5.941 5.951 5.962 5.973 5.984 5.996 6.007 6.020 6.032 6.045 6.057 6.070 6.082 6.093 6.105 6.116 6.128 6.140 6.152 6.163 6.175 6.186 6.197 6.208 6.219 6.231 6.242 6.253 6.264 6.276 6.287 6.299 6.311 6.324 6.337 6.350 6.362 6.374 6.388 6.401 6.415 6.430 6.445 6.460 6.476 6.492 6.508 6.525 6.543 6.561 6.580 6.599 6.618 6.638 6.658 6.679 6.699 6.719 6.737 6.755 6.772 6.788 6.803 6.817 6.831
5.832 5.844 5.855 5.866 5.876 5.887 5.897 5.907 5.916 5.926 5.935 5.945 5.954 5.964 5.974 5.985 5.996 6.007 6.018 6.030 6.042 6.054 6.066 6.079 6.091 6.102 6.113 6.125 6.136 6.148 6.159 6.171 6.182 6.193 6.204 6.215 6.226 6.237 6.247 6.258 6.269 6.280 6.291 6.302 6.314 6.325 6.337 6.349 6.360 6.372 6.384 6.396 6.409 6.422 6.435 6.449 6.463 6.477 6.492 6.507 6.522 6.539 6.555 6.573 6.591 6.610 6.629 6.648 6.668 6.688 6.708 6.726 6.744 6.761 6.778 6.794 6.809
5.842 5.855 5.866 5.878 5.889 5.900 5.910 5.920 5.930 5.940 5.949 5.959 5.968 5.978 5.988 5.998 6.008 6.019 6.030 6.041 6.052 6.064 6.076 6.088 6.100 6.110 6.122 6.133 6.145 6.156 6.168 6.179 6.190 6.201 6.212 6.222 6.233 6.243 6.254 6.264 6.275 6.285 6.296 6.306 6.317 6.328 6.340 6.351 6.361 6.372 6.383 6.394 6.406 6.418 6.430 6.443 6.455 6.468 6.481 6.494 6.508 6.522 6.537 6.553 6.569 6.586 6.603 6.622 6.640 6.660 6.679 6.697 6.715 6.733 6.751 6.768 6.785
5.851 5.864 5.876 5.888 5.900 5.911 5.923 5.933 5.943 5.953 5.963 5.972 5.982 5.991 6.001 6.011 6.021 6.031 6.041 6.052 6.063 6.075 6.086 6.098 6.109 6.120 6.131 6.142 6.153 6.165 6.176 6.187 6.198 6.209 6.220 6.230 6.240 6.251 6.261 6.271 6.281 6.291 6.301 6.312 6.322 6.333 6.344 6.354 6.364 6.374 6.385 6.395 6.407 6.418 6.429 6.440 6.452 6.463 6.475 6.487 6.499 6.512 6.525 6.538 6.553 6.568 6.584 6.600 6.617 6.635 6.653 6.670 6.688 6.706 6.724 6.741 6.759
5.858 5.871 5.884 5.897 5.910 5.922 5.933 5.945 5.955 5.966 5.976 5.985 5.995 6.004 6.014 6.023 6.033 6.043 6.053 6.064 6.074 6.085 6.096 6.108 6.119 6.129 6.140 6.151 6.162 6.173 6.185 6.196 6.207 6.217 6.228 6.238 6.248 6.258 6.268 6.278 6.288 6.298 6.308 6.318 6.328 6.338 6.349 6.359 6.368 6.378 6.388 6.398 6.409 6.419 6.430 6.441 6.451 6.462 6.473 6.484 6.495 6.506 6.518 6.530 6.542 6.556 6.570 6.584 6.600 6.616 6.632 6.648 6.665 6.682 6.699 6.717 6.734
5.864 5.878 5.891 5.905 5.918 5.931 5.943 5.955 5.966 5.977 5.987 5.998 6.007 6.017 6.026 6.036 6.045 6.055 6.065 6.075 6.085 6.096 6.107 6.118 6.129 6.139 6.149 6.160 6.171 6.182 6.194 6.204 6.215 6.226 6.236 6.247 6.257 6.267 6.277 6.286 6.296 6.306 6.315 6.325 6.335 6.345 6.355 6.364 6.373 6.383 6.392 6.402 6.412 6.423 6.433 6.443 6.453 6.463 6.473 6.484 6.494 6.504 6.515 6.525 6.537 6.549 6.561 6.574 6.588 6.602 6.617 6.631 6.646 6.662 6.679 6.695 6.712
5.868 5.883 5.897 5.911 5.925 5.938 5.951 5.964 5.975 5.987 5.998 6.008 6.019 6.029 6.038 6.048 6.057 6.067 6.077 6.086 6.097 6.107 6.118 6.128 6.139 6.149 6.159 6.170 6.181 6.192 6.203 6.213 6.224 6.235 6.245 6.255 6.265 6.275 6.285 6.294 6.304 6.313 6.323 6.332 6.342 6.351 6.361 6.371 6.379 6.388 6.398 6.407 6.417 6.427 6.437 6.447 6.457 6.466 6.476 6.486 6.495 6.505 6.515 6.524 6.535 6.545 6.556 6.568 6.581 6.594 6.607 6.620 6.633 6.648 6.663 6.678 6.694
5.873 5.888 5.902 5.916 5.930 5.944 5.958 5.971 5.984 5.996 6.007 6.018 6.029 6.039 6.049 6.059 6.068 6.078 6.088 6.098 6.107 6.118 6.128 6.139 6.149 6.158 6.168 6.179 6.190 6.201 6.212 6.222 6.233 6.244 6.254 6.264 6.274 6.284 6.293 6.303 6.312 6.321 6.331 6.340 6.349 6.359 6.368 6.377 6.386 6.394 6.403 6.413 6.422 6.432 6.442 6.451 6.461 6.470 6.480 6.489 6.498 6.507 6.517 6.526 6.535 6.545 6.555 6.566 6.577 6.589 6.601 6.612 6.625 6.638 6.651 6.666 6.680
5.876 5.891 5.906 5.921 5.935 5.950 5.964 5.977 5.990 6.003 6.015 6.027 6.038 6.049 6.059 6.069 6.079 6.089 6.098 6.108 6.118 6.128 6.138 6.149 6.158 6.168 6.178 6.188 6.199 6.210 6.221 6.231 6.242 6.252 6.263 6.273 6.283 6.293 6.302 6.311 6.321 6.330 6.339 6.348 6.357 6.366 6.376 6.384 6.392 6.401 6.410 6.419 6.428 6.437 6.447 6.456 6.466 6.475 6.484 6.493 6.502 6.511 6.520 6.529 6.538 6.547 6.556 6.566 6.577 6.587 6.598 6.609 6.620 6.632 6.644 6.657 6.671
5.880 5.895 5.909 5.924 5.939 5.954 5.968 5.983 5.996 6.009 6.022 6.034 6.046 6.057 6.068 6.078 6.088 6.098 6.108 6.118 6.128 6.138 6.148 6.158 6.168 6.177 6.187 6.197 6.208 6.219 6.229 6.240 6.251 6.261 6.272 6.282 6.292 6.301 6.311 6.320 6.329 6.338 6.347 6.356 6.365 6.374 6.383 6.392 6.399 6.408 6.416 6.425 6.434 6.443 6.452 6.462 6.471 6.480 6.489 6.498 6.507 6.516 6.524 6.533 6.541 6.550 6.559 6.569 6.578 6.588 6.598 6.608 6.618 6.629 6.640 6.652 6.665
5.883 5.898 5.913 5.928 5.943 5.958 5.973 5.987 6.001 6.014 6.028 6.040 6.052 6.064 6.075 6.086 6.097 6.107 6.117 6.127 6.137 6.147 6.157 6.167 6.177 6.186 6.196 6.206 6.217 6.227 6.238 6.249 6.259 6.270 6.280 6.290 6.300 6.310 6.320 6.329 6.338 6.347 6.356 6.365 6.374 6.382 6.391 6.399 6.407 6.415 6.423 6.432 6.440 6.449 6.458 6.467 6.476 6.486 6.494 6.503 6.512 6.521 6.529 6.538 6.546 6.555 6.563 6.572 6.581 6.591 6.600 6.609 6.618 6.628 6.639 6.650 6.662
5.887 5.902 5.916 5.931 5.946 5.961 5.976 5.991 6.005 6.019 6.032 6.046 6.058 6.070 6.082 6.093 6.104 6.115 6.125 6.135 6.146 6.156 6.166 6.176 6.185 6.194 6.204 6.214 6.225 6.235 6.246 6.257 6.267 6.278 6.288 6.299 6.309 6.319 6.328 6.338 6.347 6.356 6.365 6.373 6.382 6.391 6.399 6.407 6.414 6.422 6.430 6.438 6.447 6.456 6.465 6.473 6.482 6.491 6.500 6.509 6.517 6.526 6.534 6.543 6.551 6.559 6.568 6.577 6.585 6.595 6.603 6.611 6.620 6.630 6.640 6.650 6.661
5.891 5.906 5.920 5.935 5.950 5.965 5.980 5.994 6.009 6.023 6.037 6.050 6.063 6.076 6.088 6.099 6.111 6.122 6.133 6.143 6.153 6.164 6.174 6.184 6.193 6.202 6.212 6.222 6.233 6.243 6.254 6.265 6.275 6.286 6.296 6.307 6.317 6.327 6.337 6.346 6.355 6.364 6.373 6.382 6.391 6.399 6.408 6.415 6.422 6.430 6.437 6.445 6.454 6.462 6.471 6.480 6.488 6.497 6.506 6.514 6.523 6.532 6.540 6.548 6.556 6.565 6.573 6.582 6.590 6.599 6.607 6.615 6.624 6.633 6.642 6.652 6.663
