TsunamiDB/out54072.asc
ncols          264
nrows          230
xllcorner      497853.4375
yllcorner      4229146.0000
cellsize         5.
NODATA_value   -99
[rows 68 to 101 of 230, columns 75 to 149 of 264]
4.226 4.268 4.310 4.351 4.392 4.432 4.472 4.511 4.551 4.592 4.632 4.674 4.716 4.758 4.801 4.843 4.886 4.929 4.972 5.014 5.055 5.095 5.134 5.172 5.208 5.243 5.277 5.310 5.341 5.371 5.399 5.426 5.454 5.480 5.506 5.532 5.556 5.581 5.605 5.628 5.652 5.674 5.697 5.719 5.742 5.763 5.785 5.806 5.828 5.849 5.870 5.891 5.910 5.929 5.948 5.967 5.985 6.003 6.021 6.038 6.055 6.070 6.085 6.098 6.111 6.122 6.132 6.141 6.149 6.156 6.161 6.166 6.170 6.173 6.176
4.248 4.290 4.330 4.370 4.410 4.449 4.486 4.524 4.562 4.601 4.640 4.680 4.720 4.761 4.802 4.843 4.885 4.927 4.969 5.011 5.052 5.092 5.132 5.170 5.208 5.244 5.278 5.312 5.344 5.375 5.403 5.432 5.460 5.487 5.513 5.539 5.564 5.589 5.613 5.637 5.660 5.684 5.706 5.729 5.751 5.773 5.795 5.817 5.838 5.859 5.881 5.902 5.921 5.940 5.960 5.980 5.999 6.018 6.036 6.054 6.071 6.088 6.104 6.119 6.132 6.145 6.157 6.167 6.176 6.184 6.191 6.197 6.201 6.205 6.208
4.271 4.312 4.351 4.390 4.428 4.465 4.502 4.538 4.575 4.612 4.650 4.688 4.726 4.765 4.804 4.844 4.884 4.925 4.966 5.007 5.048 5.088 5.128 5.167 5.205 5.242 5.278 5.312 5.346 5.377 5.406 5.436 5.464 5.492 5.519 5.546 5.571 5.596 5.621 5.645 5.669 5.692 5.715 5.738 5.760 5.782 5.804 5.826 5.848 5.869 5.891 5.912 5.932 5.952 5.972 5.992 6.011 6.031 6.050 6.069 6.087 6.104 6.121 6.137 6.152 6.166 6.179 6.191 6.202 6.211 6.219 6.226 6.232 6.236 6.240
4.294 4.334 4.372 4.410 4.447 4.483 4.518 4.553 4.589 4.625 4.660 4.697 4.733 4.770 4.808 4.846 4.885 4.924 4.964 5.004 5.044 5.084 5.124 5.163 5.201 5.239 5.275 5.311 5.345 5.377 5.408 5.438 5.468 5.496 5.524 5.551 5.577 5.603 5.627 5.652 5.676 5.700 5.723 5.746 5.768 5.791 5.813 5.835 5.857 5.879 5.900 5.922 5.942 5.962 5.982 6.003 6.023 6.043 6.063 6.082 6.101 6.119 6.137 6.154 6.170 6.185 6.200 6.213 6.225 6.236 6.246 6.254 6.261 6.266 6.271
4.318 4.356 4.394 4.430 4.466 4.502 4.536 4.570 4.604 4.638 4.673 4.707 4.742 4.778 4.813 4.850 4.887 4.924 4.962 5.001 5.040 5.079 5.118 5.157 5.196 5.234 5.271 5.307 5.342 5.375 5.407 5.438 5.469 5.498 5.527 5.555 5.581 5.608 5.633 5.658 5.682 5.706 5.730 5.753 5.776 5.799 5.821 5.843 5.866 5.888 5.909 5.931 5.952 5.972 5.993 6.013 6.034 6.054 6.074 6.094 6.114 6.133 6.151 6.169 6.186 6.203 6.218 6.233 6.246 6.259 6.270 6.279 6.288 6.295 6.301
4.341 4.379 4.416 4.451 4.487 4.521 4.554 4.587 4.620 4.653 4.686 4.719 4.753 4.786 4.820 4.855 4.890 4.926 4.962 4.999 5.037 5.075 5.113 5.152 5.190 5.228 5.265 5.302 5.338 5.372 5.404 5.437 5.468 5.499 5.528 5.557 5.585 5.611 5.637 5.663 5.688 5.712 5.736 5.760 5.783 5.806 5.829 5.851 5.873 5.896 5.918 5.940 5.961 5.981 6.002 6.023 6.044 6.065 6.085 6.106 6.126 6.145 6.164 6.183 6.201 6.218 6.235 6.250 6.265 6.279 6.291 6.303 6.313 6.322 6.329
4.364 4.401 4.438 4.473 4.507 4.541 4.573 4.605 4.637 4.669 4.701 4.733 4.765 4.797 4.829 4.862 4.896 4.930 4.964 4.999 5.035 5.072 5.109 5.146 5.183 5.221 5.258 5.295 5.332 5.366 5.400 5.433 5.466 5.497 5.528 5.557 5.586 5.613 5.640 5.667 5.692 5.717 5.741 5.765 5.789 5.812 5.835 5.858 5.881 5.903 5.926 5.948 5.969 5.990 6.011 6.032 6.054 6.075 6.096 6.116 6.137 6.157 6.176 6.195 6.214 6.232 6.250 6.266 6.282 6.297 6.311 6.324 6.336 6.346 6.355
4.388 4.424 4.460 4.494 4.528 4.561 4.592 4.623 4.655 4.686 4.717 4.747 4.778 4.809 4.840 4.871 4.903 4.935 4.968 5.001 5.035 5.070 5.105 5.141 5.177 5.214 5.251 5.288 5.324 5.359 5.393 5.428 5.461 5.494 5.525 5.556 5.585 5.614 5.642 5.669 5.695 5.720 5.745 5.770 5.794 5.818 5.841 5.865 5.887 5.910 5.933 5.955 5.977 5.998 6.019 6.041 6.062 6.084 6.105 6.126 6.147 6.167 6.187 6.207 6.226 6.245 6.263 6.281 6.298 6.314 6.329 6.343 6.356 6.368 6.379
4.411 4.447 4.482 4.516 4.549 4.581 4.612 4.642 4.673 4.703 4.733 4.763 4.793 4.822 4.852 4.882 4.912 4.942 4.973 5.005 5.037 5.070 5.103 5.137 5.172 5.208 5.243 5.279 5.316 5.351 5.385 5.420 5.454 5.487 5.520 5.552 5.582 5.612 5.641 5.669 5.696 5.722 5.748 5.773 5.798 5.822 5.846 5.870 5.893 5.916 5.939 5.962 5.984 6.005 6.027 6.049 6.071 6.092 6.114 6.135 6.156 6.177 6.197 6.218 6.237 6.257 6.276 6.294 6.312 6.329 6.345 6.360 6.375 6.388 6.400
4.433 4.469 4.503 4.537 4.570 4.602 4.632 4.661 4.692 4.721 4.750 4.779 4.808 4.837 4.865 4.894 4.923 4.952 4.981 5.011 5.041 5.072 5.104 5.136 5.169 5.202 5.237 5.272 5.307 5.341 5.376 5.410 5.445 5.479 5.513 5.545 5.577 5.608 5.638 5.667 5.695 5.722 5.749 5.775 5.801 5.826 5.850 5.874 5.898 5.922 5.945 5.968 5.991 6.012 6.034 6.056 6.078 6.100 6.122 6.143 6.165 6.186 6.207 6.227 6.248 6.267 6.287 6.306 6.324 6.342 6.359 6.376 6.391 6.406 6.419
4.456 4.491 4.525 4.558 4.590 4.622 4.652 4.681 4.710 4.739 4.768 4.796 4.824 4.852 4.880 4.907 4.935 4.963 4.991 5.019 5.047 5.077 5.106 5.136 5.167 5.199 5.232 5.265 5.299 5.332 5.366 5.400 5.435 5.469 5.503 5.536 5.569 5.601 5.632 5.662 5.691 5.720 5.748 5.775 5.801 5.827 5.853 5.877 5.902 5.926 5.950 5.974 5.996 6.018 6.040 6.063 6.085 6.107 6.129 6.151 6.173 6.194 6.215 6.236 6.257 6.277 6.297 6.317 6.336 6.354 6.372 6.390 6.406 6.422 6.436
4.477 4.512 4.546 4.579 4.611 4.642 4.671 4.700 4.729 4.758 4.786 4.813 4.841 4.868 4.895 4.922 4.948 4.975 5.002 5.029 5.056 5.083 5.111 5.139 5.168 5.198 5.229 5.260 5.292 5.324 5.356 5.390 5.424 5.458 5.492 5.525 5.559 5.592 5.624 5.655 5.686 5.715 5.744 5.772 5.800 5.827 5.853 5.879 5.904 5.929 5.954 5.978 6.001 6.023 6.046 6.069 6.091 6.114 6.136 6.158 6.180 6.202 6.223 6.245 6.266 6.286 6.307 6.327 6.346 6.366 6.384 6.402 6.419 6.436 6.452
4.499 4.533 4.567 4.599 4.631 4.661 4.691 4.719 4.748 4.776 4.803 4.831 4.858 4.884 4.911 4.937 4.963 4.988 5.014 5.040 5.066 5.092 5.118 5.145 5.172 5.200 5.228 5.257 5.287 5.317 5.348 5.380 5.412 5.446 5.479 5.513 5.546 5.580 5.613 5.645 5.677 5.708 5.738 5.768 5.796 5.824 5.852 5.879 5.905 5.930 5.956 5.980 6.004 6.027 6.050 6.073 6.096 6.119 6.142 6.164 6.187 6.209 6.230 6.252 6.273 6.295 6.315 6.336 6.356 6.376 6.395 6.413 6.432 6.449 6.466
4.520 4.554 4.587 4.619 4.650 4.681 4.710 4.738 4.766 4.794 4.821 4.848 4.874 4.901 4.926 4.952 4.977 5.002 5.027 5.052 5.077 5.102 5.127 5.152 5.178 5.204 5.230 5.257 5.285 5.313 5.341 5.371 5.402 5.434 5.466 5.499 5.533 5.566 5.599 5.633 5.665 5.697 5.729 5.760 5.790 5.819 5.848 5.876 5.903 5.930 5.956 5.982 6.006 6.029 6.053 6.077 6.101 6.124 6.147 6.170 6.192 6.215 6.237 6.259 6.280 6.302 6.323 6.344 6.364 6.385 6.404 6.424 6.442 6.460 6.478
4.540 4.574 4.607 4.639 4.670 4.700 4.728 4.756 4.784 4.812 4.839 4.865 4.891 4.917 4.942 4.967 4.992 5.017 5.041 5.065 5.089 5.113 5.137 5.161 5.186 5.210 5.235 5.260 5.285 5.311 5.337 5.365 5.394 5.424 5.455 5.486 5.518 5.551 5.584 5.618 5.651 5.684 5.717 5.749 5.780 5.811 5.841 5.871 5.899 5.927 5.954 5.981 6.006 6.030 6.055 6.079 6.103 6.127 6.151 6.174 6.197 6.220 6.242 6.264 6.287 6.308 6.330 6.351 6.372 6.393 6.413 6.433 6.452 6.471 6.489
4.560 4.594 4.626 4.658 4.689 4.718 4.747 4.774 4.802 4.829 4.856 4.882 4.908 4.933 4.958 4.983 5.007 5.032 5.055 5.079 5.103 5.126 5.149 5.172 5.195 5.218 5.241 5.265 5.289 5.312 5.336 5.362 5.388 5.416 5.444 5.474 5.505 5.536 5.569 5.601 5.635 5.668 5.701 5.735 5.767 5.800 5.831 5.862 5.892 5.921 5.950 5.977 6.003 6.029 6.054 6.080 6.105 6.129 6.153 6.177 6.200 6.224 6.247 6.269 6.292 6.314 6.336 6.358 6.379 6.400 6.421 6.441 6.461 6.480 6.499
4.579 4.613 4.645 4.677 4.707 4.737 4.765 4.792 4.819 4.846 4.873 4.898 4.924 4.949 4.974 4.998 5.022 5.046 5.070 5.093 5.116 5.139 5.161 5.184 5.206 5.228 5.250 5.272 5.295 5.316 5.338 5.362 5.386 5.411 5.437 5.464 5.493 5.522 5.553 5.585 5.617 5.650 5.684 5.717 5.751 5.784 5.817 5.850 5.881 5.912 5.942 5.971 5.998 6.025 6.052 6.078 6.104 6.129 6.154 6.178 6.203 6.226 6.250 6.273 6.296 6.318 6.341 6.363 6.385 6.406 6.427 6.448 6.468 6.488 6.508
4.598 4.632 4.664 4.695 4.725 4.755 4.782 4.809 4.837 4.863 4.889 4.915 4.940 4.965 4.989 5.013 5.037 5.061 5.084 5.107 5.130 5.152 5.174 5.196 5.218 5.239 5.261 5.282 5.303 5.323 5.343 5.365 5.387 5.410 5.434 5.458 5.484 5.511 5.539 5.569 5.600 5.632 5.665 5.698 5.732 5.766 5.800 5.833 5.867 5.899 5.931 5.961 5.990 6.018 6.046 6.074 6.101 6.127 6.153 6.178 6.203 6.227 6.251 6.275 6.299 6.322 6.345 6.367 6.389 6.411 6.433 6.454 6.475 6.496 6.515
4.617 4.650 4.682 4.713 4.744 4.773 4.800 4.827 4.854 4.880 4.906 4.931 4.956 4.980 5.004 5.028 5.052 5.075 5.098 5.121 5.143 5.165 5.187 5.209 5.230 5.251 5.272 5.292 5.312 5.331 5.351 5.371 5.391 5.412 5.433 5.456 5.479 5.503 5.529 5.556 5.584 5.614 5.645 5.678 5.711 5.745 5.779 5.814 5.848 5.882 5.915 5.947 5.977 6.007 6.037 6.066 6.094 6.122 6.149 6.175 6.201 6.227 6.251 6.276 6.300 6.324 6.347 6.370 6.393 6.415 6.437 6.459 6.481 6.502 6.522
4.635 4.668 4.701 4.732 4.762 4.790 4.817 4.844 4.870 4.896 4.922 4.947 4.971 4.996 5.019 5.043 5.066 5.089 5.112 5.134 5.156 5.178 5.200 5.221 5.242 5.263 5.284 5.304 5.323 5.341 5.360 5.379 5.398 5.417 5.437 5.457 5.478 5.499 5.522 5.546 5.572 5.599 5.628 5.658 5.690 5.723 5.756 5.791 5.825 5.860 5.895 5.928 5.960 5.992 6.024 6.054 6.084 6.114 6.142 6.170 6.197 6.223 6.249 6.274 6.299 6.324 6.348 6.372 6.395 6.418 6.441 6.463 6.485 6.507 6.527
4.653 4.686 4.718 4.749 4.779 4.807 4.834 4.861 4.887 4.913 4.938 4.963 4.987 5.011 5.034 5.058 5.080 5.103 5.126 5.148 5.170 5.191 5.213 5.234 5.255 5.275 5.296 5.316 5.334 5.352 5.371 5.389 5.407 5.425 5.444 5.462 5.480 5.500 5.520 5.541 5.564 5.588 5.613 5.641 5.670 5.701 5.733 5.766 5.800 5.835 5.870 5.905 5.938 5.972 6.005 6.038 6.070 6.101 6.131 6.160 6.189 6.217 6.244 6.270 6.296 6.322 6.347 6.371 6.395 6.419 6.442 6.465 6.488 6.510 6.531
4.671 4.704 4.736 4.767 4.797 4.824 4.851 4.878 4.904 4.930 4.954 4.979 5.003 5.026 5.049 5.072 5.095 5.117 5.139 5.161 5.183 5.204 5.225 5.246 5.267 5.287 5.308 5.327 5.346 5.364 5.382 5.400 5.418 5.435 5.453 5.470 5.487 5.504 5.522 5.541 5.560 5.581 5.603 5.627 5.653 5.681 5.710 5.742 5.774 5.808 5.843 5.877 5.912 5.947 5.981 6.016 6.050 6.083 6.115 6.146 6.177 6.206 6.235 6.263 6.290 6.317 6.343 6.369 6.394 6.418 6.442 6.466 6.489 6.512 6.533
4.688 4.722 4.753 4.784 4.814 4.842 4.868 4.895 4.921 4.946 4.971 4.995 5.018 5.041 5.064 5.087 5.109 5.131 5.152 5.174 5.195 5.217 5.238 5.258 5.279 5.299 5.319 5.339 5.358 5.375 5.394 5.412 5.429 5.447 5.463 5.480 5.496 5.512 5.528 5.545 5.562 5.580 5.599 5.619 5.641 5.665 5.692 5.720 5.750 5.781 5.815 5.848 5.882 5.917 5.953 5.989 6.024 6.059 6.093 6.126 6.159 6.191 6.221 6.251 6.280 6.308 6.336 6.363 6.389 6.415 6.440 6.464 6.488 6.512 6.534
4.706 4.739 4.771 4.802 4.831 4.859 4.886 4.912 4.938 4.963 4.987 5.011 5.034 5.057 5.079 5.101 5.123 5.145 5.166 5.187 5.208 5.229 5.250 5.270 5.291 5.311 5.331 5.351 5.369 5.387 5.405 5.424 5.441 5.459 5.475 5.491 5.507 5.523 5.538 5.553 5.568 5.583 5.599 5.617 5.635 5.656 5.678 5.702 5.729 5.757 5.788 5.819 5.851 5.886 5.921 5.957 5.993 6.030 6.065 6.100 6.135 6.169 6.202 6.234 6.265 6.295 6.324 6.353 6.381 6.408 6.434 6.460 6.485 6.509 6.533
4.723 4.756 4.788 4.819 4.849 4.876 4.903 4.930 4.955 4.980 5.004 5.028 5.050 5.073 5.095 5.116 5.138 5.159 5.180 5.200 5.221 5.241 5.262 5.282 5.302 5.322 5.342 5.362 5.381 5.399 5.417 5.435 5.453 5.471 5.488 5.504 5.520 5.535 5.549 5.563 5.577 5.591 5.605 5.620 5.635 5.652 5.670 5.690 5.713 5.738 5.764 5.793 5.822 5.854 5.888 5.923 5.959 5.996 6.032 6.069 6.105 6.140 6.175 6.210 6.243 6.275 6.307 6.338 6.367 6.396 6.424 6.451 6.478 6.504 6.528
4.740 4.773 4.805 4.836 4.866 4.894 4.920 4.947 4.973 4.997 5.021 5.044 5.067 5.089 5.111 5.132 5.153 5.173 5.194 5.214 5.234 5.254 5.274 5.294 5.314 5.334 5.353 5.373 5.392 5.410 5.428 5.447 5.465 5.483 5.500 5.516 5.532 5.548 5.562 5.576 5.589 5.602 5.615 5.627 5.640 5.654 5.669 5.685 5.704 5.724 5.747 5.771 5.797 5.826 5.857 5.890 5.924 5.960 5.996 6.032 6.069 6.106 6.143 6.179 6.214 6.249 6.283 6.316 6.348 6.379 6.409 6.438 6.467 6.494 6.520
4.756 4.789 4.821 4.853 4.883 4.911 4.938 4.964 4.990 5.015 5.039 5.062 5.084 5.106 5.127 5.148 5.168 5.188 5.208 5.228 5.248 5.267 5.287 5.306 5.326 5.345 5.365 5.384 5.403 5.421 5.439 5.458 5.477 5.495 5.512 5.529 5.545 5.561 5.576 5.590 5.603 5.615 5.627 5.639 5.650 5.662 5.674 5.687 5.702 5.718 5.737 5.756 5.778 5.803 5.831 5.860 5.891 5.925 5.959 5.994 6.031 6.067 6.105 6.142 6.179 6.215 6.251 6.286 6.321 6.354 6.387 6.418 6.449 6.479 6.507
4.772 4.806 4.838 4.869 4.899 4.927 4.955 4.981 5.007 5.032 5.056 5.079 5.101 5.123 5.144 5.164 5.184 5.204 5.223 5.243 5.262 5.281 5.300 5.319 5.338 5.357 5.376 5.395 5.414 5.432 5.450 5.469 5.488 5.506 5.524 5.541 5.558 5.574 5.589 5.604 5.617 5.630 5.642 5.653 5.663 5.673 5.684 5.694 5.706 5.719 5.733 5.749 5.766 5.787 5.810 5.836 5.864 5.893 5.925 5.958 5.992 6.028 6.064 6.101 6.138 6.175 6.213 6.249 6.286 6.322 6.357 6.391 6.424 6.456 6.487
4.788 4.821 4.853 4.885 4.915 4.944 4.971 4.998 5.024 5.050 5.074 5.097 5.119 5.141 5.161 5.181 5.201 5.220 5.239 5.258 5.276 5.295 5.313 5.332 5.350 5.369 5.388 5.407 5.425 5.442 5.461 5.480 5.499 5.517 5.535 5.553 5.570 5.587 5.603 5.618 5.632 5.645 5.657 5.668 5.679 5.688 5.697 5.706 5.716 5.726 5.737 5.749 5.762 5.779 5.798 5.819 5.843 5.868 5.896 5.926 5.958 5.990 6.025 6.060 6.096 6.133 6.170 6.207 6.245 6.282 6.319 6.355 6.391 6.425 6.458
4.804 4.837 4.869 4.900 4.931 4.960 4.987 5.015 5.041 5.067 5.091 5.114 5.137 5.158 5.179 5.199 5.219 5.237 5.256 5.274 5.292 5.310 5.328 5.346 5.363 5.382 5.400 5.418 5.436 5.454 5.472 5.491 5.509 5.528 5.546 5.564 5.582 5.599 5.615 5.631 5.646 5.660 5.673 5.684 5.695 5.705 5.714 5.722 5.730 5.738 5.746 5.755 5.765 5.778 5.793 5.810 5.829 5.851 5.875 5.901 5.929 5.958 5.990 6.022 6.056 6.091 6.127 6.163 6.200 6.238 6.275 6.313 6.350 6.386 6.421
4.819 4.851 4.884 4.915 4.946 4.975 5.003 5.031 5.058 5.083 5.108 5.132 5.155 5.176 5.197 5.217 5.237 5.255 5.273 5.291 5.309 5.326 5.343 5.360 5.378 5.395 5.413 5.430 5.448 5.465 5.483 5.502 5.520 5.539 5.557 5.575 5.593 5.611 5.628 5.644 5.659 5.674 5.688 5.700 5.712 5.722 5.731 5.739 5.746 5.753 5.760 5.767 5.774 5.783 5.795 5.808 5.824 5.841 5.861 5.883 5.908 5.934 5.961 5.991 6.021 6.053 6.087 6.121 6.157 6.193 6.229 6.267 6.304 6.341 6.378
4.834 4.866 4.898 4.929 4.960 4.989 5.018 5.046 5.073 5.099 5.125 5.149 5.172 5.194 5.215 5.235 5.255 5.273 5.291 5.309 5.326 5.343 5.359 5.376 5.393 5.409 5.426 5.443 5.460 5.477 5.495 5.513 5.531 5.549 5.568 5.586 5.604 5.622 5.639 5.656 5.672 5.688 5.702 5.715 5.728 5.739 5.749 5.757 5.765 5.772 5.778 5.783 5.788 5.795 5.803 5.813 5.825 5.839 5.855 5.874 5.894 5.916 5.941 5.967 5.994 6.023 6.053 6.085 6.117 6.151 6.186 6.221 6.258 6.294 6.330
4.848 4.880 4.912 4.943 4.974 5.003 5.031 5.060 5.088 5.114 5.140 5.165 5.189 5.211 5.233 5.253 5.273 5.292 5.310 5.327 5.344 5.360 5.377 5.393 5.409 5.425 5.441 5.457 5.473 5.489 5.507 5.524 5.542 5.560 5.578 5.597 5.615 5.633 5.650 5.668 5.684 5.700 5.715 5.730 5.743 5.755 5.766 5.776 5.784 5.791 5.797 5.802 5.806 5.811 5.817 5.824 5.833 5.843 5.856 5.871 5.888 5.907 5.928 5.950 5.974 6.000 6.027 6.056 6.085 6.116 6.148 6.181 6.215 6.250 6.284
4.862 4.894 4.925 4.956 4.987 5.016 5.044 5.073 5.101 5.129 5.155 5.180 5.204 5.228 5.250 5.271 5.291 5.310 5.328 5.346 5.363 5.379 5.395 5.410 5.426 5.441 5.457 5.472 5.488 5.503 5.520 5.537 5.554 5.572 5.589 5.607 5.625 5.643 5.661 5.679 5.696 5.712 5.728 5.743 5.757 5.770 5.782 5.793 5.802 5.810 5.817 5.822 5.826 5.830 5.834 5.840 5.846 5.854 5.863 5.875 5.888 5.904 5.922 5.941 5.962 5.985 6.009 6.034 6.061 6.089 6.118 6.148 6.180 6.211 6.243
