TsunamiDB/out54115.asc
ncols          264
nrows          230
xllcorner      497853.4375
yllcorner      4229146.0000
cellsize         5.
NODATA_value   -99
[rows 102 to 135 of 230, columns 154 to 230 of 264]
6.856 6.861 6.866 6.871 6.877 6.883 6.889 6.896 6.903 6.910 6.918 6.927 6.936 6.946 6.956 6.967 6.978 6.990 7.001 7.012 7.024 7.035 7.047 7.059 7.070 7.082 7.093 7.105 7.116 7.127 7.137 7.148 7.158 7.169 7.178 7.188 7.198 7.207 7.217 7.226 7.235 7.244 7.253 7.261 7.270 7.279 7.288 7.297 7.307 7.316 7.326 7.335 7.345 7.355 7.365 7.376 7.387 7.398 7.409 7.419 7.429 7.440 7.452 7.468 7.485 7.505 7.532 7.563 7.600 7.645 7.700 7.766 7.836 7.880 7.927 8.000 8.067
6.866 6.872 6.877 6.882 6.888 6.893 6.900 6.906 6.913 6.920 6.928 6.936 6.945 6.955 6.965 6.976 6.988 6.999 7.010 7.021 7.033 7.045 7.056 7.068 7.080 7.091 7.103 7.114 7.126 7.137 7.148 7.158 7.169 7.179 7.189 7.199 7.209 7.218 7.228 7.237 7.246 7.255 7.263 7.272 7.280 7.289 7.298 7.307 7.317 7.326 7.336 7.345 7.354 7.363 7.373 7.383 7.393 7.404 7.415 7.427 7.439 7.452 7.467 7.486 7.506 7.529 7.558 7.591 7.628 7.673 7.729 7.797 7.869 7.914 7.961 8.034 8.099
6.877 6.882 6.887 6.893 6.898 6.904 6.910 6.916 6.923 6.930 6.938 6.946 6.955 6.964 6.974 6.985 6.997 7.008 7.019 7.030 7.042 7.054 7.065 7.077 7.089 7.101 7.112 7.124 7.135 7.147 7.158 7.169 7.179 7.190 7.200 7.210 7.219 7.229 7.238 7.248 7.257 7.266 7.274 7.282 7.291 7.299 7.308 7.317 7.327 7.336 7.345 7.354 7.362 7.371 7.380 7.389 7.399 7.410 7.422 7.435 7.449 7.465 7.483 7.504 7.526 7.553 7.585 7.620 7.659 7.703 7.758 7.826 7.902 7.948 7.995 8.066 8.129
6.888 6.893 6.898 6.904 6.909 6.915 6.921 6.927 6.933 6.940 6.948 6.956 6.965 6.974 6.984 6.994 7.006 7.017 7.028 7.039 7.051 7.063 7.074 7.086 7.098 7.110 7.122 7.133 7.145 7.156 7.168 7.179 7.189 7.200 7.210 7.220 7.230 7.239 7.249 7.259 7.268 7.276 7.284 7.292 7.301 7.309 7.318 7.327 7.336 7.346 7.355 7.363 7.370 7.378 7.386 7.395 7.405 7.416 7.429 7.444 7.461 7.479 7.500 7.523 7.548 7.577 7.613 7.650 7.689 7.734 7.788 7.857 7.939 7.986 8.031 8.100 8.161
6.898 6.904 6.909 6.914 6.920 6.925 6.931 6.937 6.944 6.951 6.958 6.966 6.974 6.983 6.993 7.004 7.015 7.026 7.037 7.048 7.060 7.071 7.083 7.095 7.107 7.119 7.131 7.143 7.154 7.166 7.177 7.188 7.199 7.210 7.220 7.230 7.240 7.250 7.259 7.269 7.278 7.286 7.294 7.302 7.310 7.319 7.327 7.336 7.346 7.355 7.363 7.370 7.377 7.384 7.392 7.401 7.411 7.423 7.437 7.455 7.474 7.495 7.519 7.544 7.570 7.602 7.640 7.680 7.722 7.767 7.820 7.900 7.985 8.026 8.069 8.135 8.192
6.909 6.914 6.920 6.925 6.931 6.936 6.942 6.948 6.954 6.961 6.968 6.976 6.984 6.993 7.003 7.013 7.024 7.035 7.046 7.057 7.069 7.080 7.092 7.104 7.116 7.128 7.140 7.152 7.164 7.175 7.187 7.198 7.209 7.220 7.230 7.240 7.250 7.260 7.270 7.279 7.288 7.296 7.304 7.312 7.320 7.328 7.337 7.345 7.355 7.363 7.371 7.378 7.384 7.391 7.399 7.408 7.418 7.431 7.448 7.467 7.488 7.512 7.539 7.566 7.593 7.629 7.670 7.713 7.757 7.807 7.869 7.950 8.026 8.065 8.105 8.167 8.220
6.920 6.925 6.930 6.936 6.941 6.947 6.952 6.958 6.964 6.971 6.978 6.986 6.994 7.003 7.012 7.022 7.033 7.044 7.055 7.066 7.078 7.089 7.101 7.113 7.125 7.137 7.149 7.161 7.173 7.185 7.196 7.208 7.219 7.229 7.240 7.250 7.260 7.270 7.280 7.289 7.298 7.306 7.314 7.321 7.329 7.337 7.346 7.354 7.363 7.371 7.379 7.385 7.391 7.399 7.406 7.415 7.427 7.442 7.459 7.480 7.503 7.531 7.561 7.589 7.618 7.657 7.702 7.749 7.798 7.855 7.922 7.996 8.065 8.101 8.139 8.196 8.246
6.930 6.936 6.941 6.946 6.952 6.957 6.963 6.969 6.975 6.981 6.988 6.996 7.004 7.012 7.021 7.031 7.042 7.053 7.064 7.075 7.086 7.098 7.110 7.122 7.134 7.146 7.158 7.170 7.182 7.194 7.206 7.217 7.228 7.239 7.250 7.260 7.270 7.280 7.289 7.299 7.308 7.316 7.323 7.331 7.338 7.346 7.354 7.363 7.371 7.379 7.386 7.392 7.399 7.406 7.414 7.424 7.437 7.453 7.472 7.494 7.520 7.551 7.584 7.613 7.645 7.689 7.738 7.789 7.845 7.906 7.971 8.040 8.102 8.135 8.171 8.223 8.269
6.941 6.946 6.952 6.957 6.962 6.968 6.973 6.979 6.985 6.991 6.998 7.006 7.013 7.022 7.031 7.041 7.051 7.062 7.073 7.084 7.095 7.107 7.119 7.131 7.143 7.155 7.167 7.179 7.191 7.203 7.215 7.226 7.237 7.248 7.259 7.269 7.279 7.289 7.299 7.308 7.317 7.325 7.332 7.340 7.347 7.355 7.362 7.370 7.378 7.386 7.393 7.400 7.407 7.415 7.424 7.435 7.448 7.466 7.485 7.509 7.538 7.572 7.610 7.641 7.675 7.724 7.777 7.834 7.893 7.954 8.018 8.080 8.136 8.167 8.200 8.247 8.289
6.951 6.957 6.962 6.967 6.973 6.978 6.984 6.989 6.995 7.002 7.008 7.015 7.023 7.031 7.040 7.050 7.060 7.071 7.082 7.093 7.104 7.115 7.127 7.139 7.151 7.164 7.176 7.188 7.200 7.212 7.224 7.235 7.247 7.257 7.268 7.279 7.289 7.299 7.308 7.318 7.326 7.334 7.341 7.348 7.355 7.363 7.370 7.378 7.386 7.393 7.401 7.408 7.415 7.424 7.434 7.446 7.461 7.479 7.500 7.526 7.557 7.595 7.638 7.671 7.708 7.761 7.819 7.879 7.939 8.000 8.061 8.118 8.168 8.196 8.226 8.269 8.307
6.961 6.967 6.972 6.978 6.983 6.988 6.994 6.999 7.005 7.011 7.018 7.025 7.032 7.041 7.049 7.059 7.069 7.080 7.090 7.101 7.112 7.124 7.136 7.148 7.160 7.172 7.184 7.197 7.209 7.221 7.233 7.244 7.255 7.266 7.277 7.288 7.298 7.308 7.317 7.327 7.335 7.343 7.349 7.356 7.363 7.370 7.377 7.385 7.393 7.400 7.409 7.416 7.425 7.434 7.444 7.457 7.474 7.494 7.516 7.543 7.578 7.621 7.668 7.704 7.743 7.801 7.862 7.923 7.983 8.043 8.100 8.152 8.198 8.224 8.251 8.289 8.323
6.971 6.977 6.982 6.988 6.993 6.998 7.004 7.009 7.015 7.021 7.028 7.034 7.042 7.050 7.058 7.068 7.078 7.089 7.099 7.110 7.121 7.132 7.144 7.156 7.168 7.181 7.193 7.205 7.217 7.229 7.241 7.253 7.264 7.275 7.286 7.296 7.306 7.316 7.326 7.336 7.344 7.351 7.357 7.364 7.371 7.377 7.384 7.391 7.399 7.408 7.417 7.425 7.434 7.444 7.455 7.470 7.488 7.510 7.533 7.563 7.601 7.648 7.700 7.738 7.780 7.841 7.903 7.964 8.023 8.081 8.135 8.183 8.224 8.248 8.272 8.307 8.338
6.980 6.986 6.992 6.997 7.003 7.008 7.013 7.019 7.025 7.031 7.037 7.044 7.051 7.059 7.067 7.077 7.087 7.097 7.107 7.118 7.129 7.140 7.152 7.164 7.177 7.189 7.201 7.214 7.226 7.238 7.250 7.261 7.273 7.284 7.294 7.305 7.315 7.325 7.335 7.344 7.352 7.359 7.365 7.371 7.377 7.383 7.390 7.398 7.406 7.415 7.425 7.434 7.444 7.454 7.467 7.483 7.502 7.526 7.551 7.584 7.625 7.675 7.731 7.772 7.816 7.879 7.942 8.003 8.061 8.116 8.167 8.212 8.250 8.271 8.293 8.324 8.352
6.989 6.995 7.001 7.006 7.012 7.017 7.023 7.028 7.034 7.040 7.046 7.053 7.060 7.067 7.076 7.085 7.095 7.105 7.115 7.126 7.137 7.148 7.160 7.172 7.184 7.197 7.209 7.222 7.234 7.246 7.258 7.269 7.281 7.292 7.303 7.313 7.323 7.333 7.343 7.352 7.360 7.366 7.372 7.378 7.384 7.389 7.396 7.404 7.412 7.422 7.433 7.443 7.454 7.465 7.478 7.496 7.517 7.543 7.571 7.607 7.650 7.705 7.768 7.810 7.854 7.919 7.981 8.042 8.098 8.151 8.199 8.241 8.275 8.294 8.313 8.341 8.367
6.998 7.004 7.010 7.015 7.021 7.026 7.032 7.037 7.043 7.049 7.055 7.061 7.068 7.076 7.084 7.093 7.103 7.113 7.123 7.134 7.145 7.156 7.168 7.180 7.192 7.205 7.217 7.229 7.242 7.254 7.266 7.277 7.289 7.300 7.310 7.321 7.331 7.341 7.351 7.360 7.367 7.373 7.378 7.384 7.390 7.395 7.402 7.410 7.419 7.430 7.441 7.452 7.464 7.476 7.491 7.510 7.533 7.561 7.593 7.632 7.679 7.742 7.809 7.850 7.893 7.958 8.020 8.079 8.133 8.184 8.229 8.267 8.297 8.314 8.332 8.357 8.380
7.006 7.012 7.018 7.024 7.029 7.035 7.040 7.046 7.051 7.057 7.063 7.070 7.076 7.084 7.092 7.101 7.111 7.121 7.131 7.141 7.152 7.164 7.175 7.187 7.200 7.212 7.224 7.237 7.249 7.261 7.273 7.285 7.296 7.307 7.318 7.329 7.339 7.349 7.358 7.367 7.374 7.379 7.384 7.390 7.395 7.401 7.408 7.416 7.426 7.438 7.450 7.462 7.475 7.488 7.504 7.526 7.552 7.583 7.619 7.663 7.717 7.784 7.849 7.888 7.931 7.995 8.056 8.114 8.166 8.214 8.256 8.289 8.318 8.334 8.350 8.372 8.393
7.014 7.020 7.026 7.032 7.037 7.043 7.049 7.054 7.060 7.065 7.071 7.078 7.084 7.092 7.100 7.109 7.119 7.128 7.138 7.148 7.159 7.171 7.182 7.194 7.207 7.219 7.232 7.244 7.257 7.269 7.281 7.292 7.304 7.315 7.325 7.336 7.346 7.356 7.365 7.374 7.380 7.385 7.390 7.395 7.401 7.407 7.414 7.423 7.433 7.445 7.458 7.471 7.487 7.502 7.519 7.544 7.574 7.609 7.650 7.699 7.758 7.824 7.887 7.925 7.967 8.030 8.090 8.146 8.196 8.241 8.279 8.311 8.338 8.352 8.366 8.387 8.405
7.021 7.027 7.033 7.039 7.045 7.051 7.056 7.062 7.067 7.073 7.079 7.085 7.092 7.099 7.107 7.116 7.126 7.135 7.145 7.155 7.166 7.177 7.189 7.201 7.214 7.226 7.239 7.251 7.264 7.276 7.288 7.299 7.311 7.322 7.332 7.343 7.353 7.362 7.371 7.379 7.386 7.391 7.395 7.401 7.407 7.413 7.420 7.429 7.440 7.452 7.466 7.482 7.499 7.517 7.537 7.566 7.600 7.639 7.685 7.738 7.799 7.863 7.923 7.960 8.001 8.063 8.121 8.176 8.224 8.266 8.302 8.332 8.357 8.370 8.382 8.401 8.417
7.027 7.034 7.040 7.046 7.052 7.058 7.064 7.069 7.075 7.080 7.086 7.093 7.099 7.106 7.114 7.123 7.132 7.142 7.151 7.162 7.173 7.184 7.196 7.208 7.220 7.233 7.245 7.258 7.270 7.283 7.295 7.306 7.317 7.328 7.339 7.349 7.359 7.368 7.377 7.385 7.391 7.396 7.401 7.406 7.412 7.419 7.426 7.436 7.447 7.460 7.475 7.494 7.514 7.535 7.558 7.591 7.629 7.673 7.722 7.777 7.837 7.899 7.958 7.994 8.034 8.094 8.151 8.203 8.249 8.289 8.323 8.352 8.374 8.386 8.397 8.413 8.428
7.033 7.039 7.046 7.052 7.059 7.065 7.070 7.076 7.082 7.087 7.093 7.099 7.106 7.113 7.121 7.130 7.139 7.148 7.158 7.168 7.179 7.190 7.202 7.214 7.226 7.239 7.251 7.264 7.277 7.289 7.301 7.312 7.324 7.334 7.345 7.355 7.364 7.373 7.382 7.390 7.396 7.401 7.406 7.412 7.418 7.424 7.432 7.442 7.454 7.468 7.485 7.507 7.532 7.555 7.582 7.619 7.662 7.710 7.760 7.815 7.874 7.934 7.992 8.027 8.064 8.123 8.179 8.229 8.273 8.312 8.344 8.370 8.391 8.401 8.411 8.425 8.438
7.038 7.045 7.052 7.058 7.065 7.071 7.077 7.082 7.088 7.094 7.100 7.106 7.113 7.120 7.127 7.136 7.145 7.154 7.164 7.174 7.184 7.196 7.207 7.220 7.232 7.245 7.257 7.270 7.283 7.295 7.307 7.318 7.329 7.340 7.350 7.360 7.369 7.378 7.387 7.395 7.401 7.406 7.411 7.417 7.423 7.430 7.438 7.449 7.461 7.476 7.496 7.522 7.552 7.578 7.608 7.650 7.697 7.746 7.797 7.851 7.908 7.967 8.024 8.058 8.094 8.152 8.206 8.254 8.296 8.333 8.364 8.389 8.407 8.416 8.424 8.436 8.446
7.042 7.049 7.056 7.063 7.070 7.076 7.082 7.088 7.094 7.100 7.106 7.112 7.119 7.126 7.133 7.142 7.151 7.160 7.169 7.179 7.190 7.201 7.213 7.225 7.238 7.250 7.263 7.276 7.288 7.301 7.313 7.324 7.335 7.345 7.355 7.364 7.374 7.383 7.391 7.400 7.406 7.411 7.416 7.421 7.428 7.434 7.444 7.455 7.469 7.486 7.510 7.540 7.574 7.603 7.637 7.683 7.732 7.782 7.833 7.885 7.941 7.999 8.056 8.089 8.124 8.180 8.231 8.277 8.317 8.353 8.382 8.404 8.420 8.428 8.434 8.445 8.454
7.046 7.053 7.061 7.068 7.075 7.081 7.088 7.094 7.100 7.106 7.112 7.118 7.124 7.131 7.139 7.147 7.156 7.165 7.174 7.184 7.195 7.206 7.218 7.230 7.243 7.255 7.268 7.281 7.294 7.306 7.318 7.329 7.340 7.350 7.359 7.369 7.378 7.386 7.395 7.404 7.410 7.416 7.420 7.426 7.432 7.439 7.449 7.462 7.477 7.498 7.525 7.558 7.597 7.630 7.666 7.715 7.766 7.818 7.868 7.920 7.974 8.030 8.086 8.119 8.153 8.206 8.255 8.299 8.337 8.371 8.399 8.420 8.433 8.439 8.444 8.453 8.461
7.049 7.057 7.064 7.072 7.079 7.086 7.092 7.099 7.105 7.111 7.117 7.123 7.130 7.137 7.144 7.153 7.161 7.170 7.179 7.189 7.200 7.211 7.223 7.235 7.248 7.260 7.273 7.286 7.299 7.311 7.323 7.334 7.344 7.354 7.363 7.372 7.381 7.390 7.399 7.407 7.414 7.419 7.423 7.429 7.436 7.444 7.455 7.469 7.487 7.511 7.541 7.580 7.624 7.660 7.697 7.749 7.802 7.853 7.904 7.954 8.006 8.061 8.119 8.151 8.183 8.234 8.280 8.321 8.357 8.389 8.416 8.435 8.445 8.448 8.453 8.460 8.468
7.051 7.059 7.067 7.075 7.082 7.089 7.096 7.103 7.109 7.115 7.122 7.128 7.134 7.141 7.149 7.157 7.166 7.175 7.184 7.194 7.204 7.216 7.227 7.240 7.252 7.265 7.278 7.291 7.304 7.316 7.328 7.338 7.348 7.358 7.367 7.375 7.384 7.393 7.402 7.411 7.418 7.422 7.426 7.433 7.440 7.449 7.462 7.478 7.500 7.527 7.561 7.606 7.655 7.691 7.729 7.783 7.836 7.889 7.939 7.989 8.038 8.097 8.155 8.184 8.213 8.261 8.304 8.342 8.375 8.406 8.432 8.446 8.452 8.456 8.460 8.467 8.475
7.053 7.062 7.070 7.078 7.085 7.093 7.100 7.107 7.113 7.119 7.126 7.132 7.139 7.146 7.153 7.162 7.170 7.179 7.188 7.198 7.209 7.220 7.232 7.244 7.256 7.269 7.282 7.295 7.308 7.320 7.332 7.342 7.352 7.361 7.370 7.378 7.387 7.396 7.405 7.414 7.420 7.424 7.429 7.437 7.445 7.456 7.471 7.491 7.516 7.547 7.588 7.637 7.687 7.723 7.762 7.817 7.871 7.925 7.975 8.025 8.078 8.135 8.188 8.215 8.242 8.287 8.326 8.361 8.392 8.420 8.441 8.453 8.460 8.463 8.466 8.473 8.481
7.054 7.063 7.071 7.080 7.088 7.095 7.103 7.110 7.116 7.123 7.129 7.136 7.143 7.150 7.157 7.166 7.174 7.183 7.192 7.202 7.212 7.224 7.235 7.248 7.260 7.273 7.286 7.299 7.312 7.324 7.336 7.346 7.355 7.364 7.373 7.381 7.390 7.399 7.408 7.415 7.422 7.427 7.433 7.442 7.452 7.465 7.483 7.506 7.535 7.572 7.617 7.668 7.718 7.755 7.795 7.850 7.907 7.961 8.013 8.065 8.118 8.172 8.220 8.244 8.270 8.310 8.347 8.379 8.407 8.430 8.448 8.459 8.467 8.470 8.472 8.480 8.487
7.055 7.064 7.072 7.081 7.089 7.097 7.105 7.112 7.119 7.126 7.133 7.139 7.146 7.153 7.161 7.169 7.178 7.186 7.195 7.205 7.216 7.227 7.239 7.251 7.264 7.277 7.290 7.303 7.316 7.328 7.339 7.349 7.358 7.367 7.375 7.383 7.392 7.401 7.409 7.416 7.423 7.430 7.438 7.448 7.460 7.476 7.498 7.525 7.558 7.599 7.647 7.699 7.750 7.787 7.827 7.885 7.943 7.998 8.052 8.105 8.157 8.206 8.250 8.272 8.295 8.332 8.365 8.394 8.418 8.439 8.454 8.465 8.473 8.476 8.478 8.486 8.494
7.055 7.064 7.073 7.082 7.090 7.098 7.106 7.114 7.121 7.128 7.135 7.142 7.149 7.156 7.164 7.172 7.180 7.189 7.198 7.208 7.219 7.230 7.242 7.254 7.267 7.280 7.293 7.306 7.319 7.332 7.343 7.353 7.361 7.370 7.378 7.385 7.393 7.402 7.410 7.418 7.425 7.434 7.444 7.457 7.471 7.491 7.516 7.547 7.584 7.627 7.676 7.729 7.782 7.820 7.861 7.920 7.979 8.036 8.091 8.143 8.193 8.239 8.278 8.298 8.319 8.352 8.381 8.407 8.428 8.446 8.460 8.471 8.479 8.482 8.485 8.493 8.502
7.054 7.064 7.073 7.082 7.091 7.099 7.107 7.115 7.123 7.130 7.137 7.144 7.151 7.158 7.166 7.174 7.183 7.192 7.201 7.211 7.221 7.232 7.244 7.257 7.270 7.283 7.296 7.309 7.323 7.335 7.346 7.355 7.364 7.372 7.379 7.387 7.394 7.402 7.411 7.419 7.428 7.439 7.452 7.467 7.484 7.508 7.537 7.572 7.611 7.655 7.705 7.760 7.816 7.854 7.895 7.956 8.016 8.074 8.128 8.180 8.228 8.269 8.304 8.322 8.341 8.370 8.396 8.418 8.437 8.452 8.465 8.476 8.485 8.488 8.491 8.500 8.509
7.053 7.063 7.072 7.081 7.090 7.099 7.107 7.116 7.123 7.131 7.138 7.145 7.153 7.160 7.168 7.176 7.185 7.193 7.203 7.213 7.223 7.234 7.246 7.259 7.272 7.285 7.299 7.312 7.325 7.338 7.349 7.358 7.366 7.373 7.381 7.387 7.394 7.403 7.411 7.420 7.432 7.446 7.462 7.479 7.499 7.527 7.560 7.597 7.638 7.683 7.735 7.792 7.849 7.889 7.930 7.993 8.054 8.111 8.165 8.215 8.260 8.298 8.329 8.345 8.361 8.386 8.409 8.428 8.445 8.458 8.470 8.481 8.491 8.494 8.497 8.507 8.517
7.052 7.061 7.071 7.080 7.089 7.098 7.107 7.115 7.123 7.131 7.139 7.146 7.153 7.161 7.169 7.178 7.186 7.195 7.204 7.214 7.225 7.236 7.248 7.261 7.274 7.287 7.301 7.315 7.328 7.340 7.351 7.360 7.367 7.375 7.381 7.387 7.395 7.403 7.412 7.423 7.437 7.454 7.473 7.493 7.516 7.547 7.584 7.623 7.665 7.712 7.765 7.824 7.884 7.924 7.966 8.030 8.090 8.146 8.198 8.246 8.289 8.323 8.350 8.364 8.378 8.400 8.420 8.437 8.452 8.464 8.476 8.486 8.496 8.500 8.503 8.514 8.524
7.050 7.060 7.069 7.078 7.088 7.097 7.106 7.114 7.123 7.131 7.138 7.146 7.153 7.161 7.170 7.178 7.187 7.195 7.205 7.215 7.225 7.237 7.249 7.262 7.275 7.289 7.303 7.316 7.330 7.343 7.353 7.362 7.368 7.375 7.382 7.388 7.395 7.403 7.414 7.427 7.443 7.463 7.486 7.508 7.534 7.568 7.607 7.650 7.693 7.741 7.795 7.854 7.917 7.959 8.002 8.065 8.124 8.179 8.229 8.275 8.315 8.347 8.371 8.383 8.395 8.414 8.431 8.447 8.459 8.470 8.481 8.492 8.502 8.506 8.509 8.520 8.531
7.048 7.057 7.067 7.076 7.086 7.095 7.104 7.113 7.121 7.129 7.137 7.145 7.153 7.161 7.169 7.178 7.186 7.195 7.205 7.215 7.226 7.237 7.250 7.263 7.276 7.290 7.304 7.318 7.332 7.344 7.355 7.363 7.369 7.376 7.382 7.387 7.394 7.404 7.416 7.431 7.451 7.474 7.500 7.525 7.553 7.590 7.632 7.677 7.722 7.772 7.826 7.887 7.955 7.997 8.039 8.101 8.159 8.212 8.260 8.304 8.342 8.371 8.391 8.400 8.411 8.427 8.442 8.455 8.466 8.477 8.487 8.497 8.508 8.512 8.516 8.527 8.539
