TsunamiDB/out54170.asc
ncols          264
nrows          230
xllcorner      497853.4375
yllcorner      4229146.0000
cellsize         5.
NODATA_value   -99
[rows 136 to 169 of 230, columns 154 to 230 of 264]
6.931 6.934 6.937 6.940 6.943 6.947 6.950 6.954 6.958 6.962 6.966 6.971 6.976 6.981 6.986 6.992 6.998 7.004 7.011 7.018 7.025 7.032 7.040 7.048 7.057 7.066 7.075 7.085 7.095 7.105 7.114 7.122 7.129 7.137 7.145 7.153 7.162 7.172 7.185 7.200 7.218 7.239 7.262 7.283 7.305 7.336 7.369 7.405 7.443 7.482 7.525 7.580 7.638 7.671 7.705 7.755 7.801 7.843 7.881 7.915 7.945 7.965 7.978 7.985 7.992 8.003 8.013 8.021 8.027 8.033 8.039 8.046 8.053 8.054 8.056 8.064 8.071
6.938 6.941 6.944 6.947 6.950 6.953 6.957 6.960 6.964 6.968 6.972 6.976 6.981 6.986 6.992 6.997 7.003 7.009 7.016 7.022 7.029 7.037 7.044 7.053 7.061 7.070 7.079 7.089 7.099 7.109 7.118 7.125 7.132 7.140 7.148 7.156 7.165 7.177 7.191 7.207 7.227 7.249 7.274 7.296 7.320 7.353 7.389 7.427 7.467 7.510 7.558 7.615 7.669 7.702 7.735 7.783 7.827 7.868 7.904 7.936 7.962 7.979 7.992 7.999 8.005 8.014 8.022 8.029 8.035 8.040 8.046 8.053 8.060 8.061 8.063 8.071 8.079
6.945 6.948 6.950 6.953 6.956 6.960 6.963 6.967 6.970 6.974 6.978 6.982 6.987 6.992 6.997 7.003 7.008 7.014 7.021 7.027 7.034 7.041 7.049 7.057 7.065 7.074 7.083 7.093 7.103 7.112 7.121 7.128 7.135 7.144 7.152 7.160 7.170 7.183 7.197 7.215 7.236 7.261 7.287 7.310 7.336 7.371 7.410 7.452 7.494 7.541 7.593 7.648 7.700 7.731 7.763 7.809 7.852 7.891 7.924 7.954 7.977 7.993 8.005 8.011 8.017 8.025 8.032 8.038 8.043 8.048 8.053 8.060 8.067 8.068 8.070 8.078 8.087
6.952 6.955 6.957 6.960 6.963 6.966 6.970 6.973 6.977 6.980 6.984 6.989 6.993 6.998 7.003 7.009 7.014 7.020 7.026 7.032 7.039 7.046 7.054 7.061 7.070 7.078 7.088 7.097 7.107 7.116 7.125 7.132 7.139 7.148 7.157 7.165 7.176 7.189 7.205 7.224 7.247 7.273 7.301 7.326 7.353 7.392 7.434 7.478 7.525 7.575 7.627 7.680 7.729 7.759 7.789 7.834 7.875 7.911 7.943 7.970 7.991 8.007 8.018 8.024 8.028 8.036 8.042 8.047 8.051 8.055 8.060 8.067 8.074 8.075 8.077 8.086 8.095
6.959 6.962 6.965 6.967 6.970 6.973 6.977 6.980 6.983 6.987 6.991 6.995 6.999 7.004 7.009 7.014 7.020 7.025 7.031 7.037 7.044 7.051 7.058 7.066 7.074 7.083 7.092 7.101 7.111 7.120 7.129 7.136 7.144 7.153 7.162 7.172 7.183 7.197 7.214 7.233 7.258 7.286 7.317 7.344 7.373 7.415 7.460 7.508 7.557 7.608 7.660 7.710 7.757 7.785 7.815 7.857 7.896 7.930 7.960 7.985 8.005 8.020 8.031 8.036 8.040 8.046 8.052 8.056 8.059 8.063 8.068 8.073 8.080 8.082 8.085 8.094 8.103
6.967 6.969 6.972 6.975 6.978 6.980 6.984 6.987 6.990 6.994 6.998 7.001 7.006 7.010 7.015 7.020 7.026 7.031 7.037 7.043 7.049 7.056 7.063 7.071 7.079 7.087 7.096 7.105 7.115 7.124 7.133 7.141 7.149 7.158 7.168 7.178 7.191 7.206 7.223 7.244 7.269 7.300 7.335 7.364 7.395 7.440 7.489 7.539 7.589 7.640 7.691 7.739 7.783 7.811 7.838 7.878 7.915 7.948 7.976 7.999 8.018 8.033 8.043 8.048 8.052 8.057 8.061 8.065 8.067 8.070 8.074 8.080 8.087 8.090 8.092 8.102 8.112
6.974 6.977 6.979 6.982 6.985 6.988 6.991 6.994 6.997 7.001 7.004 7.008 7.012 7.017 7.021 7.026 7.032 7.037 7.043 7.049 7.055 7.061 7.068 7.076 7.083 7.092 7.100 7.109 7.119 7.128 7.137 7.146 7.154 7.164 7.175 7.186 7.199 7.215 7.233 7.254 7.282 7.316 7.354 7.385 7.418 7.468 7.519 7.570 7.621 7.672 7.721 7.767 7.809 7.835 7.861 7.899 7.933 7.964 7.991 8.013 8.032 8.046 8.055 8.059 8.063 8.068 8.071 8.074 8.076 8.078 8.081 8.087 8.095 8.098 8.101 8.111 8.121
6.982 6.984 6.987 6.989 6.992 6.995 6.998 7.001 7.004 7.008 7.011 7.015 7.019 7.023 7.028 7.033 7.038 7.043 7.048 7.054 7.060 7.067 7.073 7.080 7.088 7.096 7.104 7.113 7.123 7.133 7.142 7.151 7.160 7.170 7.182 7.193 7.208 7.225 7.244 7.266 7.296 7.333 7.376 7.409 7.445 7.497 7.549 7.601 7.651 7.700 7.748 7.792 7.832 7.857 7.882 7.917 7.950 7.980 8.005 8.027 8.045 8.058 8.066 8.070 8.073 8.077 8.080 8.082 8.084 8.085 8.089 8.095 8.104 8.107 8.110 8.121 8.131
6.989 6.992 6.994 6.997 7.000 7.003 7.005 7.008 7.012 7.015 7.018 7.022 7.026 7.030 7.034 7.039 7.044 7.049 7.054 7.060 7.066 7.072 7.078 7.085 7.092 7.100 7.109 7.118 7.127 7.137 7.147 7.157 7.166 7.177 7.189 7.201 7.217 7.235 7.255 7.280 7.311 7.351 7.397 7.433 7.471 7.524 7.578 7.630 7.680 7.728 7.774 7.817 7.855 7.878 7.902 7.936 7.967 7.995 8.019 8.040 8.058 8.070 8.077 8.081 8.083 8.086 8.089 8.091 8.093 8.094 8.097 8.103 8.113 8.117 8.120 8.131 8.141
6.997 6.999 7.002 7.005 7.007 7.010 7.013 7.016 7.019 7.022 7.025 7.029 7.033 7.036 7.041 7.046 7.050 7.055 7.060 7.066 7.071 7.077 7.083 7.089 7.097 7.104 7.113 7.122 7.131 7.142 7.153 7.162 7.171 7.183 7.196 7.209 7.226 7.245 7.267 7.294 7.328 7.370 7.422 7.461 7.499 7.554 7.608 7.660 7.709 7.756 7.801 7.841 7.878 7.900 7.922 7.954 7.984 8.010 8.033 8.054 8.071 8.083 8.088 8.091 8.093 8.096 8.099 8.101 8.102 8.103 8.106 8.112 8.124 8.128 8.132 8.142 8.152
7.005 7.007 7.010 7.012 7.015 7.018 7.020 7.023 7.026 7.029 7.033 7.036 7.039 7.043 7.047 7.052 7.056 7.061 7.066 7.071 7.077 7.082 7.087 7.094 7.101 7.108 7.117 7.126 7.136 7.147 7.158 7.167 7.177 7.189 7.203 7.217 7.235 7.257 7.281 7.310 7.346 7.397 7.453 7.490 7.529 7.585 7.638 7.690 7.738 7.784 7.826 7.865 7.901 7.921 7.942 7.973 8.000 8.025 8.047 8.067 8.084 8.093 8.097 8.100 8.102 8.105 8.108 8.110 8.112 8.113 8.115 8.124 8.137 8.141 8.145 8.155 8.164
7.013 7.015 7.017 7.020 7.023 7.025 7.028 7.031 7.034 7.037 7.040 7.043 7.046 7.050 7.054 7.058 7.063 7.067 7.072 7.077 7.081 7.086 7.092 7.098 7.105 7.113 7.121 7.131 7.141 7.152 7.162 7.172 7.183 7.196 7.211 7.227 7.247 7.271 7.299 7.331 7.374 7.428 7.483 7.520 7.559 7.614 7.668 7.718 7.765 7.810 7.851 7.888 7.922 7.942 7.962 7.990 8.016 8.040 8.061 8.079 8.094 8.101 8.106 8.109 8.111 8.114 8.117 8.120 8.123 8.125 8.129 8.139 8.151 8.155 8.158 8.167 8.175
7.020 7.023 7.025 7.028 7.030 7.033 7.036 7.038 7.041 7.044 7.047 7.050 7.053 7.057 7.061 7.065 7.069 7.073 7.078 7.082 7.086 7.090 7.096 7.102 7.109 7.117 7.126 7.135 7.146 7.156 7.167 7.178 7.190 7.204 7.220 7.238 7.262 7.289 7.319 7.357 7.404 7.458 7.512 7.549 7.588 7.643 7.696 7.746 7.792 7.835 7.875 7.910 7.943 7.962 7.980 8.007 8.032 8.054 8.073 8.089 8.102 8.110 8.115 8.118 8.119 8.123 8.127 8.131 8.135 8.139 8.145 8.155 8.165 8.168 8.172 8.180 8.187
7.028 7.031 7.033 7.036 7.038 7.041 7.043 7.046 7.049 7.052 7.054 7.057 7.060 7.064 7.067 7.071 7.075 7.079 7.083 7.086 7.090 7.095 7.100 7.106 7.114 7.121 7.130 7.140 7.150 7.161 7.172 7.184 7.198 7.214 7.231 7.253 7.279 7.309 7.345 7.386 7.435 7.488 7.541 7.577 7.616 7.670 7.723 7.772 7.817 7.859 7.897 7.932 7.962 7.980 7.998 8.024 8.047 8.067 8.084 8.099 8.110 8.118 8.124 8.127 8.129 8.134 8.139 8.144 8.149 8.155 8.162 8.170 8.180 8.183 8.185 8.193 8.199
7.036 7.039 7.041 7.043 7.046 7.048 7.051 7.054 7.056 7.059 7.062 7.065 7.067 7.070 7.074 7.077 7.081 7.084 7.087 7.091 7.094 7.099 7.104 7.111 7.118 7.126 7.135 7.144 7.155 7.165 7.177 7.191 7.207 7.225 7.245 7.270 7.299 7.334 7.372 7.416 7.464 7.516 7.568 7.605 7.644 7.697 7.749 7.797 7.842 7.882 7.919 7.952 7.981 7.998 8.015 8.039 8.060 8.079 8.094 8.107 8.118 8.126 8.133 8.136 8.139 8.145 8.151 8.157 8.164 8.170 8.178 8.186 8.194 8.197 8.199 8.205 8.211
7.044 7.046 7.049 7.051 7.054 7.056 7.059 7.061 7.064 7.066 7.069 7.072 7.074 7.077 7.080 7.083 7.086 7.089 7.092 7.095 7.099 7.103 7.109 7.115 7.122 7.130 7.139 7.149 7.159 7.170 7.183 7.199 7.219 7.239 7.261 7.289 7.323 7.361 7.400 7.444 7.493 7.544 7.596 7.632 7.670 7.723 7.774 7.822 7.865 7.905 7.940 7.972 7.999 8.016 8.032 8.054 8.073 8.090 8.104 8.116 8.126 8.135 8.143 8.147 8.149 8.157 8.164 8.172 8.179 8.187 8.194 8.202 8.209 8.211 8.213 8.218 8.222
7.052 7.054 7.057 7.059 7.061 7.064 7.066 7.069 7.071 7.074 7.076 7.079 7.081 7.084 7.086 7.089 7.091 7.094 7.096 7.099 7.103 7.107 7.113 7.119 7.127 7.134 7.144 7.154 7.164 7.176 7.190 7.209 7.232 7.255 7.279 7.312 7.349 7.387 7.428 7.472 7.520 7.570 7.622 7.658 7.696 7.749 7.799 7.846 7.888 7.926 7.960 7.990 8.016 8.032 8.047 8.067 8.085 8.101 8.114 8.125 8.134 8.143 8.153 8.157 8.160 8.169 8.178 8.186 8.194 8.202 8.210 8.217 8.223 8.224 8.226 8.230 8.234
7.060 7.062 7.065 7.067 7.069 7.072 7.074 7.076 7.079 7.081 7.084 7.086 7.088 7.090 7.092 7.094 7.096 7.098 7.100 7.103 7.107 7.111 7.117 7.123 7.130 7.138 7.148 7.158 7.169 7.183 7.199 7.221 7.247 7.272 7.299 7.335 7.374 7.414 7.455 7.498 7.545 7.596 7.648 7.684 7.721 7.773 7.822 7.868 7.908 7.945 7.979 8.007 8.031 8.046 8.060 8.079 8.096 8.110 8.122 8.133 8.143 8.153 8.163 8.168 8.172 8.182 8.191 8.201 8.209 8.217 8.225 8.232 8.236 8.237 8.238 8.241 8.244
7.068 7.070 7.072 7.075 7.077 7.079 7.082 7.084 7.087 7.089 7.091 7.093 7.094 7.096 7.098 7.099 7.100 7.102 7.104 7.107 7.111 7.115 7.120 7.126 7.133 7.142 7.152 7.163 7.175 7.190 7.209 7.233 7.263 7.291 7.320 7.358 7.399 7.440 7.481 7.524 7.570 7.620 7.673 7.709 7.746 7.797 7.845 7.889 7.928 7.964 7.996 8.024 8.046 8.060 8.073 8.090 8.106 8.120 8.132 8.142 8.152 8.162 8.173 8.179 8.184 8.195 8.205 8.214 8.223 8.232 8.239 8.245 8.250 8.250 8.250 8.253 8.255
7.076 7.078 7.080 7.083 7.085 7.087 7.090 7.092 7.094 7.096 7.098 7.100 7.101 7.102 7.103 7.104 7.105 7.106 7.108 7.111 7.114 7.119 7.124 7.130 7.136 7.145 7.156 7.168 7.182 7.199 7.220 7.248 7.283 7.313 7.344 7.383 7.425 7.467 7.508 7.551 7.596 7.645 7.700 7.736 7.772 7.822 7.869 7.911 7.948 7.983 8.014 8.040 8.061 8.073 8.085 8.101 8.117 8.130 8.141 8.152 8.161 8.172 8.185 8.191 8.197 8.208 8.219 8.228 8.237 8.246 8.254 8.259 8.262 8.262 8.262 8.264 8.266
7.084 7.086 7.088 7.091 7.093 7.095 7.097 7.100 7.102 7.104 7.106 7.107 7.107 7.108 7.109 7.109 7.109 7.110 7.112 7.115 7.118 7.122 7.127 7.133 7.139 7.149 7.161 7.174 7.191 7.211 7.235 7.269 7.308 7.338 7.369 7.410 7.452 7.493 7.535 7.578 7.621 7.674 7.730 7.765 7.799 7.847 7.892 7.932 7.968 8.001 8.031 8.054 8.073 8.085 8.096 8.112 8.127 8.140 8.151 8.161 8.171 8.183 8.198 8.204 8.210 8.222 8.232 8.242 8.251 8.260 8.268 8.272 8.274 8.273 8.273 8.275 8.276
7.092 7.094 7.097 7.099 7.101 7.103 7.105 7.107 7.110 7.112 7.113 7.114 7.114 7.114 7.114 7.114 7.114 7.115 7.116 7.119 7.122 7.125 7.131 7.137 7.144 7.154 7.168 7.184 7.203 7.227 7.257 7.295 7.334 7.364 7.395 7.437 7.479 7.522 7.564 7.607 7.653 7.707 7.759 7.792 7.825 7.871 7.913 7.951 7.986 8.018 8.045 8.066 8.084 8.096 8.107 8.122 8.137 8.150 8.161 8.172 8.183 8.197 8.211 8.217 8.223 8.235 8.246 8.256 8.265 8.273 8.280 8.283 8.285 8.285 8.284 8.285 8.286
7.100 7.103 7.105 7.107 7.109 7.111 7.113 7.115 7.117 7.119 7.120 7.121 7.120 7.120 7.120 7.119 7.119 7.119 7.121 7.122 7.125 7.129 7.135 7.141 7.149 7.161 7.177 7.196 7.220 7.248 7.282 7.321 7.360 7.390 7.422 7.464 7.507 7.550 7.593 7.638 7.686 7.737 7.786 7.817 7.850 7.893 7.933 7.970 8.002 8.032 8.057 8.078 8.096 8.107 8.118 8.133 8.147 8.160 8.172 8.184 8.196 8.210 8.223 8.230 8.236 8.248 8.259 8.268 8.277 8.285 8.290 8.294 8.296 8.295 8.294 8.296 8.297
7.109 7.111 7.113 7.115 7.118 7.120 7.122 7.124 7.126 7.127 7.128 7.128 7.127 7.127 7.126 7.125 7.124 7.124 7.125 7.126 7.129 7.134 7.140 7.147 7.156 7.171 7.190 7.212 7.240 7.272 7.309 7.348 7.387 7.417 7.449 7.492 7.536 7.579 7.624 7.670 7.717 7.766 7.811 7.841 7.873 7.914 7.951 7.986 8.017 8.044 8.068 8.089 8.106 8.118 8.128 8.143 8.158 8.171 8.184 8.197 8.210 8.223 8.236 8.242 8.249 8.260 8.271 8.281 8.289 8.295 8.301 8.304 8.306 8.306 8.305 8.306 8.307
7.118 7.120 7.122 7.124 7.126 7.128 7.130 7.132 7.134 7.135 7.136 7.136 7.135 7.134 7.133 7.131 7.130 7.129 7.129 7.130 7.133 7.139 7.147 7.155 7.165 7.183 7.205 7.232 7.262 7.297 7.336 7.375 7.415 7.445 7.477 7.520 7.564 7.610 7.655 7.701 7.748 7.793 7.835 7.864 7.894 7.933 7.968 8.001 8.030 8.056 8.079 8.099 8.117 8.129 8.139 8.155 8.169 8.183 8.197 8.210 8.223 8.236 8.248 8.255 8.262 8.272 8.283 8.292 8.300 8.306 8.311 8.314 8.317 8.316 8.316 8.317 8.318
7.126 7.129 7.131 7.133 7.135 7.137 7.139 7.141 7.142 7.144 7.145 7.144 7.142 7.141 7.140 7.137 7.135 7.134 7.134 7.134 7.138 7.145 7.155 7.165 7.176 7.197 7.223 7.253 7.286 7.323 7.363 7.403 7.443 7.474 7.505 7.549 7.594 7.640 7.685 7.731 7.776 7.819 7.859 7.886 7.914 7.950 7.984 8.015 8.042 8.068 8.090 8.110 8.128 8.140 8.151 8.166 8.181 8.196 8.209 8.223 8.236 8.249 8.261 8.267 8.274 8.284 8.294 8.303 8.310 8.316 8.321 8.324 8.327 8.327 8.326 8.327 8.328
7.135 7.138 7.140 7.142 7.144 7.146 7.148 7.150 7.151 7.153 7.153 7.152 7.150 7.149 7.147 7.144 7.141 7.139 7.138 7.139 7.144 7.153 7.165 7.176 7.190 7.214 7.243 7.276 7.312 7.350 7.390 7.431 7.472 7.502 7.534 7.578 7.624 7.670 7.715 7.759 7.803 7.843 7.880 7.906 7.933 7.967 7.998 8.028 8.054 8.079 8.101 8.121 8.139 8.151 8.162 8.178 8.193 8.208 8.222 8.236 8.250 8.262 8.273 8.280 8.286 8.296 8.305 8.313 8.320 8.326 8.331 8.335 8.337 8.337 8.337 8.338 8.339
7.145 7.147 7.149 7.151 7.153 7.155 7.157 7.159 7.161 7.162 7.162 7.161 7.158 7.156 7.154 7.150 7.147 7.145 7.144 7.145 7.151 7.162 7.177 7.189 7.205 7.233 7.264 7.299 7.336 7.375 7.417 7.458 7.499 7.530 7.562 7.607 7.652 7.697 7.741 7.784 7.826 7.865 7.899 7.924 7.949 7.981 8.011 8.039 8.065 8.089 8.111 8.131 8.150 8.162 8.174 8.190 8.205 8.220 8.235 8.249 8.262 8.274 8.285 8.291 8.297 8.307 8.315 8.324 8.330 8.336 8.341 8.345 8.347 8.348 8.347 8.349 8.350
7.154 7.156 7.158 7.161 7.163 7.165 7.167 7.168 7.170 7.172 7.172 7.170 7.167 7.165 7.161 7.157 7.153 7.151 7.150 7.152 7.159 7.172 7.189 7.203 7.221 7.251 7.285 7.321 7.360 7.400 7.442 7.484 7.526 7.557 7.590 7.634 7.679 7.724 7.767 7.809 7.849 7.886 7.919 7.942 7.966 7.995 8.024 8.052 8.077 8.100 8.122 8.142 8.161 8.173 8.185 8.202 8.217 8.233 8.247 8.261 8.275 8.287 8.297 8.303 8.309 8.318 8.326 8.334 8.341 8.346 8.351 8.355 8.358 8.358 8.358 8.359 8.361
7.163 7.166 7.168 7.170 7.172 7.174 7.176 7.178 7.180 7.181 7.181 7.179 7.176 7.173 7.169 7.164 7.160 7.157 7.156 7.159 7.168 7.183 7.204 7.220 7.239 7.271 7.307 7.346 7.386 7.428 7.470 7.513 7.557 7.588 7.619 7.664 7.708 7.752 7.793 7.834 7.874 7.908 7.938 7.960 7.982 8.010 8.038 8.064 8.089 8.112 8.134 8.154 8.173 8.186 8.198 8.214 8.231 8.246 8.261 8.275 8.288 8.300 8.310 8.315 8.321 8.329 8.338 8.345 8.351 8.357 8.362 8.366 8.369 8.369 8.369 8.371 8.372
7.173 7.175 7.177 7.180 7.182 7.184 7.186 7.188 7.190 7.191 7.191 7.189 7.184 7.181 7.177 7.171 7.167 7.164 7.164 7.169 7.179 7.198 7.222 7.238 7.259 7.293 7.331 7.371 7.413 7.455 7.499 7.544 7.588 7.618 7.650 7.693 7.737 7.779 7.820 7.859 7.897 7.928 7.955 7.976 7.998 8.025 8.051 8.077 8.101 8.124 8.146 8.166 8.185 8.198 8.211 8.227 8.244 8.260 8.274 8.288 8.302 8.313 8.322 8.328 8.333 8.341 8.349 8.356 8.362 8.368 8.373 8.377 8.380 8.380 8.380 8.382 8.384
7.182 7.184 7.187 7.189 7.191 7.194 7.196 7.198 7.200 7.201 7.201 7.198 7.193 7.190 7.185 7.179 7.175 7.173 7.174 7.180 7.194 7.216 7.240 7.258 7.280 7.316 7.355 7.397 7.440 7.485 7.530 7.576 7.619 7.649 7.679 7.722 7.764 7.805 7.844 7.882 7.917 7.946 7.972 7.992 8.013 8.039 8.065 8.090 8.114 8.136 8.158 8.179 8.198 8.211 8.224 8.241 8.257 8.273 8.288 8.302 8.315 8.325 8.335 8.340 8.345 8.353 8.361 8.367 8.374 8.379 8.384 8.388 8.391 8.391 8.392 8.394 8.395
7.191 7.193 7.196 7.199 7.201 7.203 7.205 7.208 7.210 7.211 7.210 7.208 7.203 7.199 7.194 7.188 7.184 7.183 7.186 7.194 7.211 7.234 7.259 7.277 7.300 7.338 7.380 7.424 7.469 7.515 7.562 7.607 7.649 7.678 7.708 7.750 7.790 7.830 7.867 7.902 7.934 7.962 7.988 8.008 8.028 8.053 8.079 8.103 8.126 8.149 8.171 8.191 8.211 8.224 8.237 8.254 8.271 8.287 8.302 8.316 8.328 8.338 8.348 8.353 8.358 8.366 8.373 8.379 8.385 8.391 8.395 8.399 8.402 8.403 8.403 8.406 8.408
7.200 7.202 7.205 7.208 7.210 7.213 7.215 7.217 7.219 7.221 7.220 7.217 7.212 7.209 7.204 7.198 7.195 7.194 7.199 7.210 7.228 7.251 7.278 7.297 7.321 7.362 7.405 7.451 7.498 7.545 7.592 7.637 7.678 7.706 7.735 7.776 7.815 7.853 7.888 7.921 7.952 7.979 8.004 8.024 8.043 8.068 8.093 8.117 8.140 8.162 8.184 8.204 8.223 8.237 8.250 8.268 8.285 8.301 8.316 8.330 8.342 8.352 8.361 8.366 8.371 8.379 8.386 8.392 8.398 8.403 8.407 8.411 8.415 8.415 8.416 8.418 8.421
