TsunamiDB/out54198.asc
ncols          264
nrows          230
xllcorner      497853.4375
yllcorner      4229146.0000
cellsize         5.
NODATA_value   -99
[rows 68 to 101 of 230, columns 0 to 76 of 264]
6.040 6.043 6.047 6.051 6.055 6.059 6.063 6.068 6.072 6.077 6.082 6.088 6.093 6.098 6.103 6.108 6.113 6.118 6.123 6.128 6.133 6.138 6.143 6.148 6.153 6.158 6.163 6.169 6.174 6.179 6.185 6.190 6.196 6.202 6.208 6.214 6.220 6.225 6.231 6.236 6.242 6.247 6.252 6.257 6.262 6.268 6.273 6.278 6.283 6.288 6.293 6.298 6.303 6.308 6.313 6.318 6.324 6.329 6.335 6.341 6.346 6.352 6.358 6.363 6.369 6.375 6.381 6.387 6.394 6.400 6.406 6.413 6.419 6.426 6.433 6.440 6.447
6.050 6.053 6.057 6.060 6.064 6.068 6.072 6.076 6.080 6.085 6.090 6.095 6.100 6.105 6.109 6.114 6.119 6.124 6.129 6.133 6.138 6.143 6.148 6.153 6.158 6.163 6.168 6.173 6.179 6.184 6.189 6.195 6.200 6.206 6.212 6.218 6.223 6.229 6.234 6.239 6.245 6.250 6.255 6.260 6.265 6.270 6.275 6.280 6.285 6.290 6.295 6.300 6.305 6.310 6.315 6.320 6.325 6.331 6.336 6.342 6.347 6.352 6.358 6.363 6.369 6.374 6.380 6.386 6.392 6.398 6.404 6.411 6.417 6.424 6.430 6.437 6.444
6.060 6.063 6.066 6.070 6.073 6.077 6.081 6.085 6.089 6.093 6.097 6.102 6.107 6.112 6.116 6.121 6.125 6.130 6.134 6.139 6.144 6.149 6.153 6.158 6.163 6.168 6.173 6.178 6.183 6.188 6.194 6.199 6.204 6.210 6.216 6.222 6.227 6.232 6.238 6.243 6.248 6.253 6.258 6.263 6.268 6.273 6.278 6.283 6.288 6.293 6.297 6.302 6.307 6.312 6.317 6.322 6.327 6.332 6.338 6.343 6.348 6.353 6.358 6.364 6.369 6.374 6.380 6.385 6.391 6.397 6.403 6.409 6.415 6.422 6.428 6.435 6.441
6.070 6.073 6.076 6.080 6.083 6.087 6.090 6.094 6.097 6.101 6.105 6.110 6.115 6.119 6.123 6.127 6.132 6.136 6.141 6.145 6.150 6.154 6.159 6.164 6.168 6.173 6.178 6.183 6.188 6.193 6.198 6.203 6.209 6.214 6.220 6.226 6.231 6.236 6.242 6.247 6.252 6.257 6.262 6.267 6.272 6.277 6.281 6.286 6.291 6.296 6.300 6.305 6.310 6.314 6.319 6.324 6.329 6.334 6.340 6.344 6.349 6.354 6.359 6.364 6.370 6.375 6.380 6.385 6.391 6.396 6.402 6.408 6.414 6.420 6.426 6.433 6.439
6.080 6.083 6.086 6.090 6.093 6.096 6.099 6.103 6.106 6.110 6.114 6.118 6.122 6.126 6.130 6.134 6.139 6.143 6.147 6.151 6.156 6.160 6.165 6.169 6.174 6.179 6.183 6.188 6.193 6.198 6.203 6.208 6.213 6.219 6.224 6.230 6.235 6.240 6.246 6.251 6.256 6.261 6.266 6.271 6.275 6.280 6.285 6.290 6.294 6.299 6.303 6.308 6.313 6.317 6.322 6.327 6.332 6.337 6.342 6.347 6.351 6.356 6.361 6.366 6.371 6.376 6.381 6.386 6.391 6.396 6.402 6.407 6.413 6.419 6.425 6.431 6.437
6.089 6.093 6.096 6.100 6.103 6.106 6.109 6.112 6.116 6.119 6.123 6.127 6.131 6.134 6.138 6.142 6.146 6.150 6.154 6.158 6.162 6.166 6.171 6.175 6.180 6.184 6.189 6.194 6.198 6.203 6.208 6.213 6.218 6.223 6.229 6.235 6.240 6.245 6.250 6.255 6.260 6.265 6.270 6.274 6.279 6.284 6.289 6.293 6.298 6.302 6.307 6.311 6.316 6.321 6.325 6.330 6.334 6.340 6.345 6.349 6.354 6.358 6.363 6.368 6.372 6.377 6.382 6.387 6.392 6.397 6.402 6.407 6.413 6.418 6.424 6.430 6.436
6.099 6.102 6.106 6.110 6.113 6.116 6.119 6.122 6.125 6.128 6.132 6.136 6.139 6.143 6.146 6.150 6.153 6.157 6.161 6.165 6.169 6.173 6.177 6.181 6.185 6.190 6.194 6.199 6.204 6.208 6.213 6.218 6.223 6.228 6.234 6.239 6.244 6.249 6.254 6.259 6.264 6.269 6.274 6.278 6.283 6.288 6.292 6.297 6.302 6.306 6.311 6.315 6.320 6.324 6.329 6.333 6.338 6.343 6.348 6.352 6.357 6.361 6.366 6.370 6.375 6.379 6.384 6.389 6.393 6.398 6.403 6.408 6.413 6.419 6.424 6.430 6.435
6.108 6.112 6.116 6.119 6.123 6.126 6.129 6.132 6.135 6.138 6.141 6.145 6.148 6.151 6.155 6.158 6.161 6.164 6.168 6.172 6.175 6.179 6.183 6.187 6.192 6.196 6.200 6.205 6.209 6.214 6.218 6.223 6.228 6.233 6.239 6.244 6.249 6.254 6.259 6.263 6.268 6.273 6.278 6.282 6.287 6.292 6.296 6.301 6.305 6.310 6.314 6.319 6.323 6.328 6.332 6.337 6.341 6.346 6.351 6.355 6.360 6.364 6.368 6.373 6.377 6.382 6.386 6.391 6.395 6.400 6.405 6.409 6.414 6.419 6.425 6.430 6.435
6.116 6.121 6.125 6.128 6.132 6.136 6.139 6.142 6.145 6.148 6.151 6.154 6.158 6.160 6.163 6.166 6.169 6.172 6.176 6.179 6.182 6.186 6.190 6.194 6.198 6.202 6.206 6.210 6.215 6.219 6.224 6.229 6.233 6.238 6.244 6.249 6.254 6.258 6.263 6.268 6.273 6.277 6.282 6.287 6.291 6.296 6.300 6.305 6.309 6.314 6.318 6.323 6.327 6.332 6.336 6.340 6.345 6.350 6.354 6.359 6.363 6.367 6.372 6.376 6.380 6.385 6.389 6.393 6.398 6.402 6.407 6.411 6.416 6.421 6.426 6.431 6.436
6.124 6.129 6.133 6.137 6.141 6.145 6.148 6.152 6.155 6.158 6.161 6.164 6.167 6.170 6.172 6.175 6.178 6.181 6.184 6.187 6.190 6.193 6.197 6.200 6.204 6.208 6.212 6.216 6.221 6.225 6.229 6.234 6.239 6.244 6.249 6.254 6.259 6.263 6.268 6.273 6.277 6.282 6.287 6.291 6.296 6.300 6.305 6.309 6.314 6.318 6.322 6.327 6.331 6.336 6.340 6.344 6.349 6.354 6.358 6.363 6.367 6.371 6.375 6.379 6.384 6.388 6.392 6.396 6.400 6.405 6.409 6.413 6.418 6.422 6.427 6.432 6.437
6.132 6.137 6.141 6.146 6.150 6.154 6.158 6.161 6.164 6.167 6.171 6.174 6.177 6.179 6.182 6.184 6.187 6.189 6.192 6.195 6.198 6.201 6.204 6.207 6.211 6.215 6.218 6.222 6.227 6.231 6.235 6.240 6.244 6.249 6.254 6.259 6.264 6.268 6.273 6.278 6.282 6.287 6.291 6.296 6.300 6.305 6.309 6.313 6.318 6.322 6.327 6.331 6.335 6.340 6.344 6.348 6.353 6.358 6.362 6.366 6.371 6.375 6.379 6.383 6.387 6.391 6.395 6.399 6.403 6.408 6.412 6.416 6.420 6.425 6.429 6.434 6.439
6.139 6.144 6.149 6.154 6.158 6.163 6.167 6.170 6.174 6.177 6.180 6.184 6.187 6.189 6.191 6.194 6.196 6.198 6.201 6.203 6.206 6.208 6.211 6.215 6.218 6.221 6.225 6.229 6.233 6.237 6.241 6.245 6.250 6.254 6.260 6.264 6.269 6.273 6.278 6.282 6.287 6.291 6.296 6.300 6.305 6.309 6.314 6.318 6.322 6.327 6.331 6.335 6.340 6.344 6.348 6.353 6.357 6.362 6.366 6.371 6.375 6.379 6.383 6.387 6.391 6.395 6.399 6.403 6.407 6.411 6.415 6.419 6.423 6.428 6.432 6.436 6.441
6.145 6.151 6.156 6.162 6.166 6.171 6.175 6.179 6.183 6.186 6.190 6.194 6.196 6.199 6.201 6.203 6.205 6.207 6.209 6.212 6.214 6.217 6.219 6.222 6.225 6.228 6.232 6.235 6.239 6.243 6.247 6.251 6.256 6.260 6.265 6.270 6.274 6.279 6.283 6.288 6.292 6.296 6.301 6.305 6.309 6.314 6.318 6.322 6.327 6.331 6.335 6.340 6.344 6.348 6.353 6.357 6.361 6.366 6.371 6.375 6.379 6.383 6.387 6.391 6.395 6.399 6.403 6.407 6.411 6.415 6.419 6.423 6.427 6.431 6.435 6.439 6.444
6.151 6.157 6.163 6.169 6.174 6.179 6.183 6.187 6.191 6.195 6.199 6.203 6.206 6.208 6.211 6.213 6.215 6.217 6.219 6.221 6.223 6.225 6.227 6.230 6.233 6.236 6.239 6.242 6.246 6.249 6.253 6.257 6.261 6.266 6.271 6.275 6.280 6.284 6.288 6.293 6.297 6.301 6.306 6.310 6.314 6.319 6.323 6.327 6.331 6.336 6.340 6.344 6.348 6.353 6.357 6.361 6.366 6.370 6.375 6.379 6.383 6.387 6.391 6.395 6.399 6.403 6.407 6.411 6.415 6.418 6.422 6.426 6.430 6.434 6.438 6.442 6.447
6.157 6.163 6.169 6.175 6.181 6.186 6.191 6.195 6.200 6.204 6.208 6.212 6.215 6.218 6.220 6.222 6.224 6.226 6.228 6.230 6.232 6.234 6.236 6.238 6.241 6.243 6.246 6.249 6.253 6.256 6.260 6.263 6.267 6.272 6.277 6.281 6.285 6.289 6.294 6.298 6.302 6.306 6.311 6.315 6.319 6.323 6.328 6.332 6.336 6.340 6.344 6.349 6.353 6.357 6.361 6.366 6.370 6.375 6.379 6.384 6.388 6.392 6.396 6.400 6.404 6.407 6.411 6.415 6.419 6.423 6.426 6.430 6.434 6.438 6.442 6.446 6.450
6.163 6.169 6.175 6.181 6.187 6.193 6.198 6.203 6.208 6.212 6.217 6.221 6.224 6.227 6.230 6.232 6.234 6.236 6.238 6.239 6.241 6.243 6.245 6.247 6.249 6.251 6.254 6.257 6.260 6.263 6.266 6.270 6.274 6.278 6.283 6.287 6.291 6.295 6.299 6.303 6.307 6.312 6.316 6.320 6.324 6.328 6.332 6.337 6.341 6.345 6.349 6.353 6.357 6.362 6.366 6.370 6.375 6.379 6.384 6.388 6.392 6.396 6.400 6.404 6.408 6.412 6.416 6.419 6.423 6.427 6.431 6.434 6.438 6.442 6.446 6.449 6.453
6.168 6.175 6.181 6.187 6.193 6.199 6.205 6.210 6.215 6.220 6.225 6.229 6.233 6.236 6.239 6.241 6.244 6.246 6.247 6.249 6.251 6.252 6.254 6.256 6.258 6.260 6.262 6.264 6.267 6.270 6.273 6.277 6.280 6.285 6.289 6.293 6.297 6.301 6.305 6.309 6.313 6.317 6.321 6.325 6.329 6.333 6.337 6.341 6.346 6.350 6.354 6.358 6.362 6.366 6.370 6.375 6.379 6.384 6.389 6.393 6.397 6.401 6.405 6.409 6.412 6.416 6.420 6.424 6.428 6.431 6.435 6.439 6.442 6.446 6.450 6.453 6.457
6.173 6.180 6.186 6.193 6.199 6.205 6.211 6.217 6.222 6.227 6.233 6.237 6.241 6.245 6.248 6.251 6.253 6.255 6.257 6.259 6.260 6.262 6.263 6.265 6.267 6.268 6.270 6.273 6.275 6.278 6.280 6.284 6.287 6.291 6.295 6.299 6.303 6.307 6.310 6.314 6.318 6.322 6.326 6.330 6.334 6.338 6.342 6.346 6.350 6.355 6.359 6.363 6.367 6.371 6.375 6.379 6.384 6.389 6.393 6.397 6.401 6.405 6.409 6.413 6.417 6.421 6.425 6.428 6.432 6.436 6.439 6.443 6.447 6.450 6.454 6.458 6.461
6.178 6.185 6.192 6.198 6.205 6.211 6.217 6.223 6.229 6.234 6.240 6.245 6.249 6.253 6.256 6.259 6.262 6.264 6.267 6.268 6.270 6.271 6.273 6.274 6.276 6.277 6.279 6.281 6.283 6.285 6.288 6.291 6.294 6.298 6.302 6.305 6.309 6.313 6.316 6.320 6.324 6.328 6.332 6.336 6.340 6.344 6.348 6.351 6.355 6.359 6.363 6.368 6.372 6.376 6.380 6.384 6.389 6.393 6.398 6.402 6.406 6.410 6.414 6.418 6.422 6.425 6.429 6.433 6.437 6.440 6.444 6.447 6.451 6.455 6.458 6.462 6.466
6.182 6.189 6.196 6.203 6.210 6.217 6.223 6.229 6.235 6.241 6.247 6.252 6.257 6.261 6.265 6.268 6.271 6.274 6.276 6.278 6.280 6.281 6.283 6.284 6.285 6.287 6.288 6.290 6.292 6.294 6.296 6.299 6.302 6.305 6.309 6.312 6.315 6.319 6.322 6.326 6.330 6.334 6.337 6.341 6.345 6.349 6.353 6.357 6.361 6.364 6.368 6.372 6.376 6.381 6.385 6.389 6.394 6.398 6.402 6.406 6.410 6.414 6.418 6.422 6.426 6.430 6.434 6.438 6.441 6.445 6.448 6.452 6.456 6.459 6.463 6.466 6.470
6.187 6.194 6.201 6.208 6.215 6.222 6.229 6.235 6.241 6.247 6.253 6.259 6.264 6.268 6.272 6.276 6.279 6.282 6.285 6.287 6.289 6.291 6.292 6.294 6.295 6.296 6.298 6.299 6.301 6.302 6.304 6.307 6.309 6.312 6.316 6.319 6.322 6.325 6.329 6.332 6.336 6.339 6.343 6.347 6.351 6.354 6.358 6.362 6.366 6.370 6.374 6.377 6.381 6.385 6.390 6.394 6.398 6.403 6.407 6.411 6.415 6.419 6.423 6.427 6.431 6.435 6.439 6.442 6.446 6.450 6.453 6.457 6.460 6.464 6.467 6.471 6.475
6.191 6.199 6.206 6.213 6.220 6.227 6.234 6.240 6.247 6.253 6.260 6.265 6.271 6.275 6.280 6.284 6.288 6.291 6.294 6.296 6.298 6.300 6.302 6.303 6.305 6.306 6.307 6.308 6.310 6.311 6.313 6.315 6.317 6.320 6.323 6.326 6.329 6.332 6.335 6.338 6.342 6.345 6.349 6.353 6.356 6.360 6.364 6.367 6.371 6.375 6.379 6.383 6.386 6.390 6.395 6.399 6.403 6.408 6.412 6.416 6.420 6.424 6.428 6.432 6.436 6.440 6.443 6.447 6.451 6.454 6.458 6.462 6.465 6.469 6.472 6.476 6.479
6.195 6.203 6.210 6.218 6.225 6.232 6.239 6.246 6.252 6.259 6.266 6.272 6.277 6.282 6.287 6.291 6.295 6.299 6.302 6.305 6.307 6.310 6.311 6.313 6.314 6.316 6.317 6.318 6.319 6.321 6.322 6.324 6.326 6.328 6.331 6.333 6.336 6.339 6.342 6.345 6.348 6.352 6.355 6.358 6.362 6.366 6.369 6.373 6.376 6.380 6.384 6.388 6.392 6.396 6.400 6.404 6.408 6.413 6.417 6.421 6.425 6.429 6.433 6.437 6.440 6.444 6.448 6.452 6.456 6.459 6.463 6.466 6.470 6.473 6.477 6.480 6.484
6.200 6.207 6.215 6.222 6.230 6.237 6.244 6.251 6.258 6.264 6.271 6.278 6.283 6.289 6.294 6.299 6.303 6.307 6.310 6.313 6.316 6.319 6.321 6.323 6.324 6.325 6.327 6.328 6.329 6.330 6.331 6.333 6.335 6.337 6.339 6.341 6.344 6.346 6.349 6.352 6.355 6.358 6.361 6.365 6.368 6.371 6.375 6.378 6.382 6.386 6.389 6.393 6.397 6.401 6.405 6.409 6.413 6.418 6.422 6.426 6.430 6.434 6.438 6.441 6.445 6.449 6.453 6.457 6.460 6.464 6.468 6.471 6.475 6.478 6.482 6.485 6.489
6.204 6.212 6.219 6.227 6.234 6.241 6.249 6.256 6.263 6.270 6.277 6.283 6.289 6.295 6.300 6.305 6.310 6.314 6.318 6.322 6.325 6.327 6.330 6.332 6.334 6.335 6.337 6.338 6.339 6.340 6.341 6.342 6.344 6.346 6.348 6.350 6.352 6.354 6.356 6.359 6.362 6.365 6.368 6.371 6.374 6.377 6.381 6.384 6.388 6.391 6.395 6.399 6.402 6.406 6.410 6.414 6.418 6.423 6.427 6.431 6.435 6.439 6.442 6.446 6.450 6.454 6.458 6.462 6.465 6.469 6.473 6.476 6.480 6.483 6.487 6.490 6.494
6.208 6.216 6.223 6.231 6.239 6.246 6.253 6.261 6.268 6.275 6.282 6.289 6.295 6.301 6.307 6.312 6.317 6.321 6.326 6.329 6.333 6.336 6.339 6.341 6.343 6.345 6.346 6.348 6.349 6.350 6.351 6.352 6.354 6.355 6.357 6.359 6.360 6.362 6.364 6.367 6.369 6.372 6.375 6.377 6.380 6.384 6.387 6.390 6.394 6.397 6.401 6.404 6.408 6.412 6.415 6.419 6.424 6.428 6.432 6.436 6.440 6.444 6.448 6.451 6.455 6.459 6.463 6.467 6.470 6.474 6.478 6.481 6.485 6.488 6.492 6.495 6.499
6.212 6.220 6.228 6.235 6.243 6.250 6.258 6.265 6.272 6.280 6.287 6.294 6.301 6.307 6.313 6.318 6.323 6.328 6.333 6.337 6.341 6.344 6.347 6.350 6.352 6.354 6.356 6.358 6.359 6.360 6.361 6.362 6.363 6.365 6.367 6.368 6.369 6.371 6.373 6.375 6.377 6.379 6.382 6.384 6.387 6.390 6.393 6.396 6.400 6.403 6.406 6.410 6.414 6.417 6.421 6.425 6.429 6.433 6.437 6.441 6.445 6.449 6.453 6.457 6.460 6.464 6.468 6.472 6.475 6.479 6.483 6.486 6.490 6.493 6.497 6.500 6.504
6.216 6.224 6.232 6.239 6.247 6.255 6.262 6.270 6.277 6.284 6.292 6.299 6.306 6.312 6.318 6.324 6.329 6.335 6.339 6.344 6.348 6.352 6.355 6.358 6.361 6.363 6.365 6.367 6.369 6.370 6.371 6.372 6.373 6.375 6.376 6.377 6.379 6.380 6.381 6.383 6.385 6.387 6.389 6.392 6.394 6.397 6.400 6.403 6.406 6.409 6.412 6.416 6.419 6.423 6.427 6.430 6.435 6.439 6.443 6.446 6.450 6.454 6.458 6.462 6.466 6.469 6.473 6.477 6.480 6.484 6.488 6.491 6.495 6.498 6.502 6.505 6.509
6.220 6.228 6.236 6.243 6.251 6.259 6.266 6.274 6.281 6.289 6.297 6.304 6.311 6.317 6.324 6.330 6.335 6.341 6.346 6.351 6.355 6.359 6.363 6.366 6.369 6.372 6.375 6.377 6.378 6.380 6.381 6.382 6.384 6.385 6.386 6.387 6.388 6.389 6.390 6.392 6.393 6.395 6.397 6.399 6.402 6.404 6.407 6.410 6.412 6.416 6.419 6.422 6.425 6.429 6.432 6.436 6.440 6.444 6.448 6.452 6.456 6.460 6.463 6.467 6.471 6.475 6.478 6.482 6.486 6.489 6.493 6.496 6.500 6.504 6.507 6.511 6.514
6.223 6.231 6.239 6.247 6.255 6.263 6.270 6.278 6.286 6.293 6.301 6.309 6.316 6.322 6.329 6.335 6.341 6.346 6.352 6.357 6.362 6.366 6.370 6.374 6.377 6.381 6.383 6.386 6.388 6.390 6.391 6.392 6.394 6.395 6.397 6.397 6.398 6.399 6.400 6.401 6.402 6.404 6.405 6.407 6.409 6.411 6.414 6.417 6.419 6.422 6.425 6.428 6.432 6.435 6.439 6.442 6.446 6.450 6.454 6.458 6.461 6.465 6.469 6.473 6.476 6.480 6.484 6.487 6.491 6.495 6.498 6.502 6.505 6.509 6.512 6.516 6.519
6.227 6.235 6.243 6.251 6.259 6.266 6.274 6.282 6.290 6.298 6.306 6.313 6.320 6.327 6.333 6.340 6.346 6.352 6.357 6.363 6.368 6.373 6.377 6.381 6.385 6.389 6.392 6.394 6.397 6.399 6.401 6.402 6.404 6.406 6.407 6.408 6.408 6.409 6.410 6.411 6.412 6.413 6.414 6.416 6.417 6.419 6.421 6.424 6.426 6.429 6.432 6.435 6.438 6.441 6.445 6.448 6.452 6.456 6.460 6.463 6.467 6.471 6.475 6.478 6.482 6.486 6.489 6.493 6.497 6.500 6.504 6.507 6.511 6.514 6.518 6.521 6.525
6.230 6.238 6.246 6.254 6.262 6.270 6.278 6.286 6.294 6.302 6.310 6.317 6.324 6.331 6.338 6.344 6.351 6.357 6.363 6.368 6.374 6.379 6.384 6.388 6.392 6.396 6.399 6.403 6.405 6.408 6.410 6.412 6.414 6.416 6.417 6.418 6.419 6.419 6.420 6.420 6.421 6.422 6.423 6.424 6.426 6.427 6.429 6.431 6.434 6.436 6.439 6.442 6.445 6.448 6.451 6.455 6.459 6.462 6.466 6.469 6.473 6.477 6.480 6.484 6.488 6.491 6.495 6.499 6.502 6.506 6.509 6.513 6.516 6.520 6.523 6.527 6.530
6.233 6.241 6.249 6.257 6.265 6.273 6.281 6.289 6.297 6.305 6.313 6.321 6.328 6.335 6.342 6.349 6.355 6.362 6.368 6.374 6.379 6.384 6.390 6.394 6.399 6.403 6.407 6.410 6.413 6.416 6.419 6.421 6.423 6.425 6.427 6.428 6.429 6.429 6.430 6.431 6.431 6.432 6.433 6.433 6.435 6.436 6.438 6.439 6.441 6.444 6.446 6.449 6.451 6.454 6.458 6.461 6.465 6.469 6.472 6.476 6.479 6.483 6.486 6.490 6.493 6.497 6.501 6.504 6.508 6.511 6.515 6.518 6.522 6.525 6.529 6.532 6.536
6.236 6.244 6.252 6.261 6.269 6.276 6.284 6.292 6.300 6.309 6.317 6.324 6.332 6.339 6.346 6.353 6.359 6.366 6.372 6.378 6.384 6.390 6.395 6.400 6.405 6.409 6.414 6.417 6.421 6.424 6.427 6.430 6.432 6.435 6.437 6.438 6.439 6.440 6.440 6.441 6.441 6.442 6.442 6.443 6.444 6.445 6.446 6.448 6.449 6.451 6.454 6.456 6.459 6.461 6.464 6.468 6.471 6.475 6.478 6.482 6.485 6.489 6.492 6.496 6.499 6.503 6.507 6.510 6.514 6.517 6.521 6.524 6.528 6.531 6.535 6.538 6.542
