TsunamiDB/out54139.asc
ncols          264
nrows          230
xllcorner      497853.4375
yllcorner      4229146.0000
cellsize         5.
NODATA_value   -99
[rows 170 to 203 of 230, columns 77 to 153 of 264]
6.685 6.695 6.704 6.714 6.724 6.735 6.745 6.756 6.767 6.778 6.789 6.799 6.810 6.821 6.832 6.843 6.854 6.865 6.875 6.886 6.897 6.909 6.919 6.929 6.939 6.949 6.959 6.968 6.978 6.987 6.996 7.006 7.015 7.024 7.033 7.043 7.052 7.061 7.070 7.080 7.089 7.099 7.109 7.118 7.129 7.139 7.148 7.157 7.167 7.176 7.184 7.193 7.201 7.208 7.216 7.223 7.229 7.235 7.241 7.246 7.250 7.255 7.259 7.263 7.267 7.270 7.274 7.277 7.281 7.284 7.287 7.289 7.292 7.295 7.298 7.300 7.303
6.680 6.688 6.697 6.706 6.716 6.725 6.735 6.746 6.756 6.766 6.777 6.788 6.799 6.809 6.820 6.831 6.842 6.853 6.864 6.875 6.886 6.898 6.909 6.919 6.929 6.939 6.949 6.959 6.969 6.978 6.988 6.997 7.006 7.016 7.025 7.034 7.044 7.053 7.062 7.072 7.081 7.091 7.101 7.111 7.121 7.131 7.140 7.150 7.159 7.168 7.177 7.186 7.195 7.203 7.211 7.218 7.225 7.231 7.237 7.243 7.248 7.253 7.258 7.262 7.266 7.270 7.274 7.278 7.281 7.285 7.288 7.291 7.294 7.296 7.299 7.302 7.305
6.677 6.684 6.692 6.701 6.709 6.718 6.728 6.737 6.747 6.757 6.767 6.777 6.788 6.799 6.809 6.820 6.831 6.842 6.853 6.864 6.876 6.887 6.898 6.909 6.919 6.929 6.939 6.949 6.959 6.969 6.979 6.988 6.998 7.007 7.017 7.026 7.035 7.045 7.054 7.064 7.073 7.083 7.093 7.103 7.113 7.123 7.133 7.142 7.152 7.161 7.170 7.179 7.188 7.197 7.205 7.213 7.220 7.227 7.234 7.240 7.246 7.251 7.256 7.261 7.265 7.269 7.274 7.278 7.282 7.285 7.289 7.292 7.295 7.298 7.301 7.304 7.307
6.675 6.682 6.690 6.697 6.705 6.713 6.722 6.731 6.740 6.749 6.759 6.769 6.779 6.789 6.800 6.810 6.821 6.832 6.843 6.854 6.865 6.877 6.888 6.899 6.909 6.920 6.930 6.940 6.950 6.960 6.970 6.979 6.989 6.999 7.008 7.018 7.027 7.037 7.046 7.056 7.065 7.075 7.085 7.095 7.105 7.115 7.125 7.135 7.144 7.154 7.163 7.173 7.182 7.191 7.199 7.207 7.215 7.223 7.230 7.237 7.243 7.249 7.254 7.259 7.264 7.269 7.274 7.278 7.282 7.286 7.289 7.293 7.296 7.300 7.303 7.306 7.309
6.676 6.682 6.689 6.695 6.703 6.710 6.718 6.726 6.734 6.743 6.752 6.762 6.771 6.781 6.791 6.802 6.812 6.823 6.834 6.845 6.856 6.868 6.879 6.889 6.900 6.910 6.921 6.931 6.941 6.951 6.961 6.971 6.981 6.990 7.000 7.010 7.019 7.029 7.038 7.048 7.058 7.067 7.077 7.087 7.098 7.108 7.117 7.127 7.137 7.146 7.156 7.166 7.175 7.184 7.193 7.202 7.210 7.218 7.226 7.233 7.240 7.246 7.252 7.258 7.263 7.268 7.274 7.278 7.283 7.287 7.291 7.294 7.298 7.301 7.305 7.308 7.312
6.677 6.683 6.689 6.695 6.702 6.709 6.716 6.723 6.731 6.739 6.748 6.756 6.765 6.775 6.784 6.794 6.804 6.815 6.826 6.837 6.848 6.860 6.870 6.881 6.891 6.902 6.912 6.922 6.933 6.943 6.953 6.963 6.973 6.983 6.992 7.002 7.012 7.021 7.031 7.041 7.050 7.060 7.070 7.080 7.091 7.100 7.110 7.120 7.130 7.139 7.149 7.159 7.168 7.178 7.187 7.196 7.205 7.214 7.222 7.229 7.237 7.244 7.250 7.256 7.262 7.268 7.273 7.279 7.283 7.287 7.292 7.296 7.300 7.303 7.307 7.311 7.315
6.680 6.685 6.691 6.696 6.702 6.709 6.715 6.722 6.729 6.737 6.744 6.753 6.761 6.770 6.779 6.789 6.798 6.808 6.819 6.830 6.841 6.852 6.863 6.873 6.883 6.894 6.904 6.915 6.925 6.935 6.945 6.955 6.965 6.975 6.985 6.995 7.005 7.014 7.024 7.034 7.043 7.053 7.063 7.074 7.084 7.094 7.103 7.113 7.123 7.133 7.143 7.152 7.162 7.172 7.181 7.191 7.200 7.209 7.217 7.226 7.234 7.241 7.248 7.255 7.261 7.267 7.273 7.279 7.284 7.288 7.293 7.297 7.301 7.305 7.310 7.313 7.317
6.683 6.688 6.693 6.698 6.704 6.710 6.716 6.722 6.729 6.736 6.743 6.750 6.758 6.767 6.775 6.784 6.794 6.803 6.813 6.824 6.835 6.846 6.856 6.866 6.877 6.887 6.897 6.908 6.918 6.928 6.938 6.949 6.959 6.969 6.979 6.988 6.998 7.008 7.018 7.027 7.037 7.047 7.057 7.067 7.078 7.087 7.097 7.107 7.117 7.127 7.136 7.146 7.156 7.166 7.176 7.186 7.195 7.204 7.213 7.222 7.230 7.238 7.246 7.253 7.260 7.266 7.273 7.279 7.284 7.289 7.294 7.299 7.303 7.308 7.312 7.316 7.320
6.687 6.692 6.697 6.701 6.707 6.712 6.717 6.723 6.729 6.736 6.742 6.749 6.757 6.765 6.773 6.781 6.790 6.799 6.809 6.819 6.830 6.840 6.850 6.861 6.871 6.881 6.891 6.902 6.912 6.922 6.932 6.943 6.953 6.963 6.973 6.983 6.992 7.002 7.012 7.022 7.032 7.041 7.052 7.062 7.072 7.082 7.092 7.101 7.111 7.121 7.131 7.141 7.151 7.161 7.171 7.181 7.190 7.200 7.209 7.219 7.227 7.236 7.244 7.251 7.259 7.266 7.273 7.279 7.285 7.290 7.296 7.301 7.305 7.310 7.315 7.319 7.324
6.692 6.696 6.701 6.705 6.710 6.715 6.720 6.725 6.731 6.737 6.743 6.750 6.757 6.764 6.771 6.779 6.788 6.797 6.806 6.816 6.826 6.836 6.846 6.856 6.866 6.876 6.886 6.897 6.907 6.917 6.927 6.937 6.948 6.958 6.968 6.978 6.988 6.997 7.007 7.017 7.027 7.037 7.047 7.057 7.067 7.077 7.087 7.097 7.106 7.116 7.126 7.136 7.146 7.156 7.166 7.176 7.186 7.196 7.206 7.215 7.224 7.233 7.242 7.250 7.258 7.265 7.273 7.280 7.286 7.292 7.297 7.303 7.308 7.313 7.318 7.322 7.327
6.697 6.701 6.705 6.710 6.714 6.719 6.723 6.728 6.734 6.739 6.745 6.751 6.757 6.764 6.771 6.779 6.787 6.795 6.804 6.813 6.823 6.833 6.842 6.852 6.862 6.872 6.882 6.892 6.902 6.913 6.923 6.933 6.943 6.953 6.963 6.973 6.983 6.993 7.003 7.013 7.023 7.033 7.043 7.053 7.063 7.073 7.083 7.092 7.102 7.112 7.122 7.132 7.142 7.152 7.162 7.172 7.182 7.193 7.202 7.212 7.222 7.231 7.240 7.249 7.257 7.265 7.273 7.280 7.287 7.293 7.299 7.305 7.310 7.316 7.321 7.326 7.331
6.702 6.706 6.710 6.714 6.719 6.723 6.727 6.732 6.737 6.742 6.747 6.753 6.759 6.765 6.772 6.779 6.786 6.794 6.803 6.812 6.821 6.831 6.840 6.849 6.859 6.869 6.879 6.889 6.899 6.909 6.919 6.929 6.940 6.950 6.960 6.970 6.980 6.990 7.000 7.010 7.020 7.029 7.040 7.050 7.060 7.070 7.079 7.089 7.099 7.109 7.119 7.129 7.139 7.149 7.159 7.169 7.179 7.189 7.200 7.210 7.220 7.229 7.239 7.248 7.256 7.265 7.273 7.281 7.288 7.295 7.301 7.307 7.313 7.319 7.324 7.330 7.335
6.708 6.712 6.716 6.720 6.724 6.728 6.732 6.736 6.741 6.746 6.751 6.756 6.761 6.767 6.774 6.780 6.787 6.795 6.802 6.811 6.820 6.829 6.838 6.847 6.857 6.866 6.876 6.886 6.896 6.906 6.916 6.926 6.937 6.947 6.957 6.967 6.977 6.987 6.997 7.007 7.017 7.027 7.037 7.047 7.058 7.067 7.077 7.087 7.096 7.106 7.116 7.126 7.136 7.146 7.156 7.166 7.177 7.187 7.197 7.208 7.218 7.228 7.237 7.247 7.256 7.265 7.274 7.282 7.290 7.297 7.304 7.310 7.316 7.322 7.328 7.334 7.339
6.713 6.717 6.721 6.725 6.729 6.733 6.737 6.741 6.745 6.750 6.754 6.759 6.765 6.770 6.776 6.782 6.789 6.796 6.803 6.811 6.820 6.828 6.837 6.846 6.855 6.864 6.874 6.884 6.894 6.904 6.914 6.924 6.934 6.944 6.955 6.965 6.975 6.985 6.995 7.005 7.015 7.025 7.035 7.046 7.056 7.066 7.075 7.085 7.095 7.104 7.114 7.124 7.134 7.144 7.154 7.164 7.175 7.185 7.195 7.206 7.216 7.226 7.236 7.246 7.256 7.265 7.275 7.283 7.291 7.299 7.306 7.313 7.320 7.326 7.332 7.338 7.344
6.719 6.723 6.727 6.731 6.735 6.738 6.742 6.746 6.750 6.754 6.759 6.763 6.768 6.773 6.779 6.785 6.791 6.797 6.804 6.812 6.820 6.829 6.837 6.845 6.854 6.863 6.873 6.882 6.892 6.902 6.912 6.922 6.932 6.943 6.953 6.963 6.973 6.983 6.994 7.004 7.014 7.024 7.034 7.044 7.055 7.064 7.074 7.084 7.093 7.103 7.113 7.123 7.133 7.143 7.153 7.163 7.173 7.184 7.194 7.205 7.215 7.226 7.236 7.246 7.256 7.266 7.276 7.285 7.293 7.301 7.309 7.316 7.323 7.330 7.337 7.343 7.349
6.726 6.730 6.733 6.737 6.741 6.744 6.748 6.752 6.756 6.760 6.764 6.768 6.773 6.777 6.782 6.788 6.794 6.800 6.806 6.813 6.821 6.829 6.837 6.845 6.854 6.863 6.872 6.881 6.891 6.901 6.911 6.921 6.931 6.941 6.951 6.962 6.972 6.982 6.992 7.003 7.013 7.023 7.033 7.044 7.054 7.064 7.074 7.083 7.093 7.103 7.112 7.122 7.132 7.142 7.152 7.162 7.173 7.183 7.193 7.204 7.215 7.225 7.236 7.246 7.256 7.267 7.277 7.286 7.295 7.304 7.312 7.320 7.327 7.334 7.341 7.348 7.355
6.732 6.736 6.740 6.743 6.747 6.750 6.754 6.757 6.761 6.765 6.769 6.773 6.777 6.782 6.787 6.792 6.797 6.803 6.809 6.816 6.823 6.831 6.838 6.846 6.854 6.862 6.871 6.880 6.890 6.900 6.910 6.920 6.930 6.940 6.951 6.961 6.971 6.982 6.992 7.002 7.012 7.023 7.033 7.044 7.054 7.064 7.073 7.083 7.093 7.103 7.112 7.122 7.132 7.142 7.152 7.162 7.172 7.183 7.193 7.204 7.214 7.225 7.236 7.246 7.257 7.267 7.278 7.288 7.298 7.307 7.315 7.323 7.331 7.339 7.347 7.354 7.361
6.738 6.742 6.746 6.750 6.753 6.757 6.760 6.764 6.767 6.771 6.775 6.779 6.783 6.787 6.791 6.796 6.801 6.806 6.812 6.819 6.826 6.833 6.840 6.847 6.855 6.863 6.871 6.880 6.890 6.899 6.909 6.919 6.929 6.939 6.950 6.960 6.971 6.981 6.991 7.002 7.012 7.023 7.033 7.044 7.054 7.064 7.074 7.084 7.093 7.103 7.113 7.123 7.133 7.142 7.152 7.163 7.173 7.183 7.193 7.204 7.215 7.225 7.236 7.247 7.258 7.269 7.280 7.290 7.300 7.309 7.319 7.327 7.336 7.344 7.352 7.360 7.368
6.745 6.749 6.753 6.756 6.760 6.763 6.767 6.770 6.773 6.777 6.781 6.784 6.788 6.792 6.796 6.801 6.806 6.811 6.816 6.822 6.829 6.835 6.842 6.849 6.856 6.864 6.872 6.881 6.890 6.899 6.909 6.919 6.929 6.939 6.949 6.960 6.970 6.981 6.991 7.002 7.012 7.023 7.033 7.044 7.055 7.065 7.075 7.084 7.094 7.104 7.114 7.124 7.134 7.143 7.153 7.163 7.174 7.184 7.194 7.205 7.215 7.226 7.237 7.248 7.259 7.270 7.281 7.292 7.302 7.312 7.322 7.331 7.341 7.349 7.358 7.366 7.374
6.752 6.756 6.759 6.763 6.766 6.770 6.773 6.777 6.780 6.783 6.787 6.791 6.794 6.798 6.802 6.806 6.810 6.815 6.820 6.826 6.832 6.839 6.845 6.851 6.858 6.865 6.873 6.881 6.890 6.899 6.909 6.919 6.929 6.939 6.949 6.960 6.970 6.981 6.992 7.002 7.013 7.023 7.034 7.045 7.056 7.066 7.076 7.086 7.095 7.105 7.115 7.125 7.135 7.145 7.155 7.165 7.175 7.185 7.195 7.206 7.217 7.227 7.238 7.249 7.260 7.272 7.283 7.294 7.305 7.315 7.326 7.336 7.345 7.355 7.364 7.373 7.382
6.759 6.762 6.766 6.770 6.773 6.777 6.780 6.783 6.787 6.790 6.793 6.797 6.800 6.804 6.808 6.812 6.816 6.820 6.825 6.831 6.836 6.842 6.848 6.854 6.861 6.867 6.875 6.883 6.891 6.900 6.909 6.919 6.929 6.939 6.949 6.960 6.970 6.981 6.992 7.002 7.013 7.024 7.035 7.046 7.057 7.067 7.077 7.087 7.097 7.107 7.117 7.127 7.137 7.146 7.156 7.166 7.176 7.187 7.197 7.207 7.218 7.229 7.240 7.251 7.262 7.274 7.285 7.297 7.308 7.319 7.329 7.340 7.350 7.360 7.370 7.380 7.389
6.765 6.769 6.773 6.776 6.780 6.783 6.787 6.790 6.793 6.797 6.800 6.804 6.807 6.810 6.814 6.818 6.822 6.826 6.830 6.836 6.841 6.847 6.852 6.857 6.864 6.870 6.877 6.885 6.893 6.901 6.910 6.919 6.929 6.939 6.950 6.960 6.971 6.981 6.992 7.003 7.014 7.025 7.036 7.047 7.058 7.068 7.078 7.089 7.099 7.109 7.119 7.129 7.139 7.148 7.158 7.168 7.179 7.189 7.199 7.209 7.220 7.231 7.242 7.253 7.264 7.276 7.288 7.299 7.310 7.322 7.333 7.344 7.355 7.366 7.376 7.386 7.397
6.772 6.776 6.780 6.783 6.787 6.790 6.794 6.797 6.800 6.804 6.807 6.810 6.814 6.817 6.821 6.824 6.828 6.832 6.836 6.841 6.846 6.851 6.856 6.861 6.867 6.873 6.880 6.887 6.895 6.903 6.911 6.921 6.930 6.940 6.950 6.961 6.971 6.982 6.993 7.004 7.015 7.026 7.037 7.049 7.059 7.070 7.080 7.090 7.101 7.111 7.121 7.131 7.141 7.151 7.161 7.171 7.181 7.191 7.201 7.212 7.222 7.233 7.244 7.255 7.266 7.278 7.290 7.302 7.313 7.325 7.336 7.348 7.359 7.371 7.382 7.393 7.404
6.779 6.783 6.787 6.790 6.794 6.797 6.801 6.804 6.807 6.811 6.814 6.817 6.821 6.824 6.827 6.831 6.834 6.838 6.842 6.847 6.852 6.856 6.861 6.866 6.871 6.877 6.883 6.890 6.897 6.905 6.913 6.922 6.931 6.941 6.951 6.961 6.972 6.983 6.994 7.005 7.016 7.027 7.039 7.050 7.061 7.071 7.082 7.092 7.103 7.113 7.123 7.133 7.143 7.153 7.163 7.173 7.183 7.194 7.204 7.214 7.225 7.235 7.246 7.257 7.269 7.281 7.293 7.304 7.316 7.328 7.340 7.352 7.364 7.376 7.388 7.400 7.411
6.786 6.790 6.794 6.797 6.801 6.804 6.808 6.811 6.815 6.818 6.821 6.824 6.828 6.831 6.834 6.838 6.841 6.845 6.849 6.853 6.858 6.862 6.866 6.871 6.876 6.881 6.887 6.893 6.900 6.907 6.915 6.924 6.933 6.942 6.952 6.962 6.973 6.983 6.994 7.006 7.017 7.028 7.040 7.051 7.062 7.073 7.084 7.094 7.105 7.115 7.126 7.136 7.146 7.156 7.166 7.176 7.186 7.197 7.207 7.217 7.228 7.238 7.249 7.260 7.272 7.283 7.295 7.307 7.319 7.331 7.343 7.356 7.368 7.381 7.394 7.406 7.418
6.793 6.797 6.801 6.804 6.808 6.811 6.815 6.818 6.822 6.825 6.828 6.831 6.835 6.838 6.841 6.844 6.848 6.851 6.855 6.860 6.864 6.868 6.872 6.876 6.881 6.886 6.891 6.897 6.903 6.910 6.918 6.926 6.935 6.944 6.953 6.963 6.974 6.985 6.995 7.007 7.018 7.029 7.041 7.053 7.064 7.075 7.086 7.097 7.107 7.118 7.128 7.139 7.149 7.159 7.169 7.179 7.190 7.200 7.210 7.220 7.231 7.242 7.252 7.263 7.275 7.287 7.299 7.310 7.322 7.335 7.347 7.360 7.373 7.386 7.399 7.412 7.425
6.800 6.804 6.808 6.811 6.815 6.818 6.822 6.825 6.829 6.832 6.835 6.839 6.842 6.845 6.848 6.852 6.855 6.858 6.862 6.866 6.870 6.874 6.878 6.882 6.886 6.891 6.896 6.901 6.907 6.914 6.921 6.929 6.937 6.946 6.955 6.965 6.975 6.986 6.997 7.008 7.019 7.031 7.043 7.054 7.066 7.077 7.088 7.099 7.110 7.120 7.131 7.141 7.152 7.162 7.173 7.183 7.193 7.203 7.214 7.224 7.235 7.245 7.256 7.267 7.278 7.290 7.302 7.314 7.326 7.338 7.351 7.364 7.377 7.390 7.404 7.418 7.431
6.807 6.811 6.815 6.818 6.822 6.826 6.829 6.832 6.836 6.839 6.843 6.846 6.849 6.852 6.856 6.859 6.862 6.865 6.869 6.873 6.877 6.880 6.884 6.888 6.892 6.896 6.901 6.906 6.912 6.918 6.924 6.932 6.940 6.948 6.957 6.967 6.977 6.987 6.998 7.009 7.020 7.032 7.044 7.056 7.067 7.079 7.090 7.101 7.112 7.123 7.134 7.145 7.155 7.166 7.176 7.186 7.197 7.207 7.218 7.228 7.238 7.249 7.260 7.271 7.282 7.294 7.306 7.318 7.330 7.342 7.355 7.368 7.381 7.395 7.409 7.423 7.436
6.814 6.818 6.821 6.825 6.829 6.832 6.836 6.840 6.843 6.846 6.850 6.853 6.856 6.860 6.863 6.866 6.869 6.873 6.876 6.880 6.884 6.887 6.890 6.894 6.898 6.902 6.906 6.911 6.916 6.922 6.928 6.935 6.943 6.951 6.960 6.969 6.979 6.989 6.999 7.010 7.022 7.033 7.046 7.058 7.069 7.081 7.092 7.103 7.115 7.126 7.137 7.148 7.158 7.169 7.180 7.190 7.201 7.211 7.222 7.232 7.243 7.253 7.264 7.275 7.286 7.298 7.310 7.322 7.334 7.346 7.359 7.372 7.385 7.399 7.413 7.428 7.441
6.821 6.825 6.828 6.832 6.836 6.839 6.843 6.847 6.850 6.853 6.857 6.860 6.864 6.867 6.870 6.873 6.876 6.880 6.883 6.887 6.891 6.894 6.897 6.900 6.904 6.908 6.912 6.916 6.921 6.927 6.933 6.939 6.946 6.954 6.962 6.971 6.981 6.991 7.001 7.012 7.023 7.035 7.047 7.059 7.071 7.083 7.094 7.106 7.117 7.129 7.140 7.151 7.162 7.173 7.183 7.194 7.205 7.215 7.226 7.237 7.247 7.258 7.269 7.280 7.291 7.303 7.315 7.326 7.338 7.351 7.363 7.376 7.390 7.404 7.418 7.432 7.446
6.828 6.831 6.835 6.839 6.843 6.846 6.850 6.854 6.857 6.861 6.864 6.867 6.871 6.874 6.877 6.880 6.884 6.887 6.890 6.894 6.898 6.901 6.904 6.907 6.911 6.914 6.918 6.922 6.927 6.932 6.937 6.943 6.950 6.958 6.965 6.974 6.983 6.993 7.003 7.014 7.025 7.036 7.049 7.061 7.072 7.084 7.096 7.108 7.120 7.131 7.143 7.154 7.165 7.176 7.187 7.198 7.209 7.220 7.231 7.241 7.252 7.263 7.274 7.285 7.296 7.308 7.320 7.331 7.343 7.355 7.368 7.381 7.394 7.408 7.422 7.436 7.450
6.834 6.838 6.842 6.846 6.850 6.853 6.857 6.861 6.864 6.868 6.871 6.875 6.878 6.881 6.885 6.888 6.891 6.894 6.898 6.902 6.905 6.908 6.911 6.914 6.917 6.921 6.924 6.928 6.932 6.937 6.942 6.948 6.954 6.961 6.969 6.977 6.986 6.995 7.005 7.016 7.027 7.038 7.050 7.062 7.074 7.086 7.098 7.110 7.122 7.134 7.146 7.157 7.169 7.180 7.191 7.202 7.213 7.224 7.235 7.246 7.257 7.268 7.279 7.290 7.301 7.313 7.325 7.337 7.348 7.360 7.373 7.385 7.399 7.412 7.426 7.440 7.454
6.841 6.845 6.849 6.853 6.857 6.860 6.864 6.868 6.871 6.875 6.878 6.882 6.885 6.889 6.892 6.895 6.898 6.902 6.905 6.909 6.912 6.915 6.918 6.921 6.924 6.927 6.931 6.934 6.938 6.943 6.948 6.953 6.959 6.966 6.973 6.981 6.989 6.998 7.008 7.018 7.028 7.040 7.052 7.064 7.076 7.088 7.100 7.112 7.124 7.136 7.148 7.160 7.172 7.184 7.195 7.206 7.218 7.229 7.240 7.251 7.262 7.273 7.284 7.295 7.307 7.319 7.331 7.342 7.354 7.365 7.377 7.390 7.403 7.416 7.430 7.444 7.458
6.849 6.852 6.856 6.860 6.864 6.867 6.871 6.875 6.878 6.882 6.885 6.889 6.892 6.896 6.899 6.902 6.906 6.909 6.913 6.916 6.920 6.923 6.925 6.928 6.931 6.934 6.937 6.941 6.945 6.949 6.953 6.958 6.964 6.970 6.977 6.985 6.993 7.001 7.010 7.020 7.031 7.042 7.054 7.065 7.077 7.089 7.101 7.114 7.126 7.138 7.151 7.163 7.175 7.187 7.199 7.210 7.222 7.233 7.245 7.256 7.267 7.278 7.290 7.301 7.313 7.324 7.336 7.348 7.359 7.371 7.383 7.395 7.407 7.420 7.434 7.448 7.462
