TsunamiDB/out54071.asc
ncols          264
nrows          230
xllcorner      497853.4375
yllcorner      4229146.0000
cellsize         5.
NODATA_value   -99
[rows 34 to 67 of 230, columns 150 to 224 of 264]
5.806 5.825 5.842 5.858 5.875 5.892 5.909 5.925 5.942 5.958 5.975 5.991 6.007 6.023 6.039 6.054 6.069 6.083 6.097 6.111 6.123 6.136 6.147 6.159 6.169 6.179 6.188 6.197 6.206 6.215 6.225 6.235 6.244 6.255 6.265 6.276 6.286 6.297 6.308 6.320 6.331 6.342 6.354 6.365 6.376 6.388 6.400 6.412 6.423 6.434 6.446 6.458 6.471 6.484 6.497 6.510 6.524 6.537 6.551 6.564 6.576 6.589 6.600 6.611 6.621 6.630 6.639 6.646 6.653 6.660 6.666 6.672 6.678 6.685 6.695
5.812 5.831 5.848 5.864 5.881 5.898 5.915 5.931 5.948 5.964 5.981 5.997 6.013 6.029 6.045 6.060 6.075 6.090 6.105 6.118 6.132 6.144 6.157 6.168 6.180 6.189 6.198 6.208 6.217 6.226 6.235 6.245 6.254 6.264 6.274 6.284 6.294 6.305 6.315 6.326 6.337 6.348 6.359 6.370 6.381 6.392 6.404 6.416 6.427 6.438 6.449 6.462 6.474 6.487 6.501 6.514 6.528 6.541 6.555 6.568 6.581 6.594 6.606 6.617 6.627 6.637 6.646 6.653 6.660 6.667 6.673 6.678 6.683 6.690 6.698
5.818 5.836 5.854 5.870 5.887 5.904 5.921 5.937 5.954 5.970 5.986 6.003 6.019 6.035 6.050 6.066 6.081 6.096 6.111 6.125 6.139 6.152 6.165 6.177 6.189 6.199 6.208 6.218 6.227 6.237 6.246 6.255 6.264 6.274 6.283 6.293 6.302 6.312 6.322 6.333 6.343 6.354 6.364 6.375 6.386 6.397 6.409 6.420 6.431 6.442 6.453 6.465 6.478 6.491 6.504 6.518 6.531 6.545 6.559 6.572 6.586 6.598 6.611 6.622 6.633 6.643 6.652 6.660 6.667 6.673 6.679 6.684 6.688 6.694 6.702
5.823 5.842 5.859 5.876 5.893 5.910 5.927 5.943 5.960 5.976 5.992 6.008 6.024 6.040 6.056 6.071 6.087 6.102 6.117 6.131 6.146 6.159 6.172 6.185 6.197 6.208 6.218 6.228 6.237 6.247 6.256 6.265 6.274 6.283 6.292 6.301 6.311 6.320 6.330 6.340 6.350 6.360 6.370 6.381 6.392 6.402 6.413 6.425 6.435 6.446 6.457 6.469 6.482 6.494 6.508 6.521 6.535 6.549 6.562 6.576 6.590 6.603 6.615 6.627 6.638 6.649 6.658 6.666 6.674 6.680 6.686 6.690 6.694 6.700 6.707
5.828 5.846 5.864 5.881 5.898 5.915 5.932 5.949 5.965 5.981 5.997 6.013 6.029 6.045 6.061 6.076 6.092 6.107 6.122 6.137 6.151 6.165 6.179 6.192 6.205 6.216 6.226 6.236 6.246 6.256 6.265 6.275 6.284 6.293 6.302 6.311 6.320 6.329 6.338 6.348 6.357 6.367 6.377 6.387 6.397 6.408 6.419 6.430 6.440 6.450 6.461 6.473 6.485 6.498 6.511 6.524 6.538 6.552 6.566 6.580 6.593 6.607 6.619 6.632 6.643 6.654 6.664 6.672 6.680 6.687 6.693 6.697 6.701 6.706 6.713
5.832 5.851 5.869 5.886 5.903 5.920 5.937 5.954 5.970 5.987 6.003 6.018 6.034 6.050 6.065 6.081 6.096 6.111 6.127 6.142 6.156 6.171 6.185 6.198 6.211 6.223 6.233 6.244 6.254 6.264 6.274 6.284 6.293 6.302 6.311 6.319 6.328 6.337 6.346 6.355 6.365 6.374 6.384 6.394 6.404 6.414 6.424 6.435 6.445 6.455 6.465 6.477 6.489 6.502 6.514 6.528 6.541 6.555 6.569 6.583 6.597 6.610 6.623 6.636 6.648 6.659 6.669 6.678 6.686 6.694 6.700 6.704 6.708 6.713 6.720
5.836 5.855 5.873 5.890 5.908 5.925 5.942 5.959 5.976 5.992 6.008 6.023 6.039 6.054 6.070 6.085 6.100 6.116 6.131 6.146 6.161 6.175 6.189 6.203 6.216 6.228 6.239 6.251 6.261 6.272 6.282 6.292 6.301 6.310 6.319 6.328 6.337 6.346 6.355 6.364 6.373 6.382 6.391 6.401 6.410 6.420 6.430 6.440 6.450 6.459 6.470 6.481 6.493 6.505 6.518 6.531 6.545 6.558 6.572 6.586 6.600 6.614 6.627 6.640 6.652 6.664 6.675 6.684 6.693 6.701 6.707 6.712 6.716 6.722 6.728
5.840 5.859 5.877 5.894 5.912 5.930 5.947 5.964 5.980 5.996 6.012 6.028 6.043 6.059 6.074 6.089 6.104 6.119 6.135 6.150 6.164 6.179 6.193 6.207 6.221 6.233 6.245 6.256 6.268 6.279 6.289 6.299 6.309 6.318 6.327 6.336 6.345 6.354 6.363 6.372 6.381 6.390 6.399 6.408 6.417 6.427 6.437 6.447 6.455 6.465 6.475 6.486 6.497 6.509 6.522 6.535 6.548 6.562 6.576 6.590 6.604 6.618 6.631 6.645 6.657 6.669 6.681 6.691 6.700 6.709 6.716 6.721 6.726 6.732 6.738
5.843 5.862 5.880 5.898 5.916 5.934 5.951 5.968 5.985 6.001 6.017 6.032 6.048 6.063 6.078 6.093 6.108 6.123 6.138 6.153 6.168 6.182 6.197 6.211 6.225 6.237 6.249 6.261 6.273 6.284 6.295 6.306 6.316 6.325 6.335 6.344 6.353 6.362 6.371 6.380 6.388 6.397 6.406 6.415 6.425 6.434 6.444 6.453 6.461 6.470 6.480 6.491 6.502 6.514 6.526 6.539 6.552 6.565 6.579 6.593 6.607 6.621 6.635 6.649 6.662 6.675 6.687 6.698 6.708 6.717 6.725 6.731 6.737 6.743 6.749
5.846 5.865 5.884 5.901 5.919 5.937 5.955 5.972 5.989 6.005 6.021 6.037 6.052 6.067 6.082 6.097 6.112 6.126 6.141 6.156 6.171 6.185 6.200 6.214 6.228 6.240 6.253 6.265 6.277 6.289 6.300 6.311 6.322 6.332 6.342 6.351 6.360 6.369 6.378 6.387 6.396 6.405 6.414 6.423 6.432 6.442 6.451 6.460 6.468 6.477 6.486 6.497 6.507 6.519 6.531 6.543 6.556 6.569 6.583 6.597 6.611 6.626 6.640 6.654 6.668 6.681 6.694 6.706 6.717 6.727 6.735 6.742 6.748 6.754 6.760
5.849 5.868 5.886 5.904 5.922 5.940 5.958 5.975 5.992 6.009 6.025 6.041 6.056 6.071 6.086 6.101 6.115 6.130 6.144 6.159 6.173 6.188 6.202 6.217 6.231 6.243 6.255 6.268 6.281 6.293 6.305 6.316 6.327 6.337 6.348 6.357 6.367 6.376 6.386 6.395 6.404 6.413 6.422 6.431 6.440 6.449 6.458 6.467 6.475 6.484 6.493 6.503 6.513 6.524 6.536 6.548 6.561 6.574 6.588 6.602 6.616 6.631 6.646 6.660 6.674 6.688 6.702 6.714 6.726 6.737 6.746 6.754 6.761 6.767 6.773
5.851 5.871 5.889 5.907 5.925 5.943 5.961 5.979 5.996 6.012 6.029 6.044 6.060 6.075 6.090 6.104 6.119 6.133 6.147 6.162 6.176 6.190 6.205 6.219 6.233 6.245 6.258 6.271 6.284 6.296 6.308 6.320 6.331 6.342 6.353 6.363 6.373 6.383 6.392 6.402 6.411 6.420 6.429 6.439 6.448 6.457 6.466 6.475 6.482 6.491 6.500 6.510 6.520 6.531 6.542 6.554 6.566 6.580 6.593 6.607 6.622 6.637 6.652 6.667 6.682 6.696 6.710 6.724 6.737 6.748 6.758 6.767 6.774 6.780 6.786
5.854 5.873 5.892 5.910 5.928 5.946 5.964 5.982 5.999 6.016 6.032 6.048 6.064 6.079 6.094 6.108 6.122 6.137 6.151 6.165 6.179 6.193 6.207 6.221 6.234 6.247 6.260 6.273 6.286 6.299 6.311 6.323 6.335 6.346 6.357 6.368 6.378 6.388 6.398 6.408 6.418 6.427 6.437 6.446 6.456 6.465 6.474 6.483 6.491 6.499 6.508 6.518 6.528 6.538 6.549 6.561 6.573 6.586 6.600 6.614 6.629 6.644 6.659 6.675 6.690 6.705 6.720 6.734 6.748 6.761 6.771 6.780 6.788 6.795 6.801
5.857 5.876 5.894 5.912 5.930 5.949 5.967 5.985 6.002 6.019 6.035 6.051 6.067 6.082 6.097 6.112 6.126 6.140 6.154 6.168 6.182 6.196 6.210 6.224 6.237 6.249 6.262 6.275 6.288 6.301 6.314 6.326 6.338 6.350 6.361 6.372 6.383 6.394 6.404 6.414 6.424 6.434 6.444 6.454 6.463 6.473 6.483 6.491 6.500 6.508 6.517 6.527 6.537 6.547 6.558 6.569 6.581 6.594 6.608 6.622 6.637 6.652 6.668 6.683 6.699 6.715 6.731 6.746 6.760 6.774 6.785 6.795 6.803 6.810 6.816
5.860 5.879 5.897 5.915 5.933 5.951 5.970 5.987 6.005 6.022 6.039 6.055 6.071 6.086 6.101 6.116 6.130 6.144 6.158 6.172 6.185 6.199 6.213 6.226 6.239 6.251 6.264 6.277 6.291 6.304 6.317 6.329 6.342 6.354 6.365 6.377 6.388 6.399 6.410 6.420 6.431 6.441 6.451 6.461 6.471 6.481 6.491 6.500 6.509 6.518 6.527 6.536 6.546 6.557 6.567 6.579 6.591 6.603 6.617 6.631 6.646 6.661 6.677 6.694 6.710 6.726 6.743 6.758 6.774 6.788 6.800 6.810 6.819 6.827 6.833
5.863 5.882 5.899 5.917 5.936 5.954 5.972 5.990 6.008 6.025 6.042 6.058 6.074 6.090 6.105 6.120 6.134 6.148 6.162 6.175 6.189 6.202 6.216 6.230 6.242 6.254 6.267 6.280 6.293 6.306 6.319 6.332 6.345 6.357 6.369 6.381 6.392 6.404 6.415 6.426 6.437 6.448 6.458 6.469 6.479 6.490 6.500 6.510 6.519 6.528 6.537 6.547 6.557 6.567 6.578 6.589 6.601 6.614 6.627 6.641 6.656 6.672 6.688 6.705 6.722 6.739 6.756 6.772 6.788 6.803 6.816 6.827 6.837 6.845 6.852
5.867 5.885 5.902 5.920 5.939 5.957 5.975 5.993 6.011 6.028 6.045 6.062 6.078 6.094 6.109 6.124 6.138 6.152 6.166 6.180 6.193 6.207 6.220 6.233 6.246 6.258 6.271 6.284 6.297 6.310 6.323 6.336 6.349 6.361 6.373 6.385 6.397 6.409 6.420 6.432 6.443 6.454 6.465 6.477 6.488 6.499 6.510 6.520 6.529 6.539 6.549 6.559 6.569 6.580 6.590 6.602 6.613 6.626 6.639 6.653 6.668 6.684 6.700 6.717 6.735 6.752 6.770 6.787 6.803 6.819 6.833 6.845 6.855 6.864 6.872
5.871 5.889 5.906 5.924 5.942 5.960 5.979 5.997 6.014 6.032 6.049 6.066 6.082 6.098 6.113 6.128 6.143 6.157 6.171 6.185 6.198 6.212 6.225 6.238 6.251 6.263 6.275 6.288 6.301 6.314 6.327 6.340 6.353 6.365 6.378 6.390 6.402 6.414 6.426 6.438 6.450 6.461 6.473 6.485 6.496 6.508 6.520 6.530 6.540 6.550 6.561 6.571 6.582 6.593 6.604 6.615 6.627 6.639 6.653 6.667 6.682 6.697 6.714 6.731 6.749 6.767 6.785 6.802 6.820 6.836 6.851 6.864 6.876 6.886 6.895
5.876 5.893 5.910 5.928 5.946 5.964 5.982 6.000 6.018 6.036 6.053 6.070 6.086 6.102 6.118 6.133 6.148 6.163 6.177 6.190 6.204 6.217 6.231 6.244 6.256 6.268 6.280 6.293 6.306 6.319 6.332 6.345 6.358 6.371 6.383 6.396 6.408 6.420 6.433 6.445 6.457 6.469 6.481 6.493 6.505 6.517 6.530 6.541 6.552 6.562 6.574 6.585 6.596 6.607 6.618 6.630 6.642 6.654 6.667 6.681 6.696 6.712 6.729 6.746 6.764 6.782 6.801 6.819 6.837 6.855 6.871 6.885 6.898 6.909 6.919
5.883 5.899 5.916 5.933 5.951 5.969 5.987 6.005 6.022 6.040 6.057 6.074 6.091 6.107 6.123 6.139 6.154 6.168 6.183 6.197 6.210 6.224 6.237 6.250 6.263 6.274 6.287 6.299 6.312 6.325 6.338 6.351 6.364 6.377 6.390 6.402 6.415 6.427 6.440 6.452 6.465 6.477 6.490 6.502 6.515 6.528 6.540 6.552 6.563 6.575 6.587 6.599 6.610 6.622 6.634 6.645 6.658 6.670 6.683 6.697 6.712 6.728 6.745 6.762 6.781 6.799 6.818 6.838 6.856 6.875 6.892 6.907 6.921 6.934 6.944
5.890 5.906 5.922 5.939 5.956 5.974 5.992 6.010 6.027 6.045 6.062 6.079 6.096 6.113 6.129 6.144 6.160 6.175 6.189 6.203 6.217 6.231 6.244 6.258 6.270 6.282 6.294 6.307 6.320 6.332 6.345 6.358 6.371 6.384 6.397 6.410 6.423 6.435 6.448 6.460 6.473 6.486 6.499 6.512 6.525 6.538 6.551 6.564 6.576 6.588 6.601 6.613 6.625 6.638 6.650 6.662 6.674 6.687 6.701 6.715 6.730 6.745 6.762 6.780 6.798 6.817 6.837 6.857 6.877 6.896 6.914 6.930 6.946 6.959 6.971
5.899 5.914 5.930 5.946 5.963 5.980 5.998 6.015 6.033 6.050 6.068 6.085 6.102 6.119 6.135 6.151 6.166 6.182 6.196 6.211 6.225 6.239 6.252 6.266 6.278 6.290 6.303 6.315 6.328 6.341 6.354 6.367 6.380 6.393 6.405 6.418 6.431 6.444 6.457 6.470 6.482 6.495 6.509 6.522 6.536 6.549 6.563 6.576 6.589 6.602 6.615 6.628 6.641 6.654 6.667 6.679 6.692 6.705 6.719 6.733 6.748 6.764 6.781 6.798 6.817 6.837 6.857 6.877 6.898 6.919 6.937 6.955 6.971 6.986 6.998
5.909 5.924 5.939 5.954 5.971 5.988 6.005 6.022 6.039 6.057 6.074 6.091 6.108 6.125 6.142 6.158 6.174 6.189 6.204 6.219 6.233 6.247 6.261 6.275 6.287 6.299 6.312 6.324 6.337 6.350 6.363 6.376 6.389 6.402 6.415 6.428 6.441 6.454 6.467 6.480 6.493 6.506 6.519 6.533 6.547 6.561 6.575 6.589 6.602 6.615 6.629 6.643 6.657 6.670 6.684 6.697 6.711 6.724 6.738 6.752 6.767 6.783 6.800 6.818 6.837 6.857 6.878 6.899 6.921 6.942 6.961 6.980 6.998 7.013 7.025
5.921 5.935 5.949 5.964 5.980 5.996 6.013 6.030 6.047 6.064 6.081 6.098 6.115 6.132 6.149 6.165 6.181 6.197 6.213 6.228 6.242 6.257 6.271 6.284 6.297 6.309 6.322 6.335 6.348 6.361 6.374 6.387 6.400 6.413 6.426 6.439 6.452 6.465 6.478 6.491 6.504 6.517 6.531 6.545 6.559 6.573 6.588 6.602 6.615 6.630 6.644 6.659 6.673 6.687 6.702 6.715 6.729 6.743 6.757 6.772 6.787 6.803 6.821 6.839 6.858 6.878 6.899 6.921 6.944 6.965 6.986 7.006 7.024 7.040 7.052
5.934 5.947 5.960 5.975 5.990 6.006 6.022 6.038 6.055 6.072 6.089 6.106 6.123 6.140 6.157 6.173 6.190 6.206 6.221 6.237 6.252 6.266 6.281 6.295 6.308 6.320 6.333 6.346 6.359 6.372 6.385 6.398 6.411 6.424 6.437 6.450 6.463 6.476 6.490 6.503 6.516 6.530 6.543 6.557 6.572 6.587 6.602 6.615 6.629 6.644 6.659 6.674 6.690 6.705 6.719 6.734 6.749 6.763 6.778 6.793 6.808 6.825 6.842 6.860 6.880 6.900 6.922 6.945 6.968 6.990 7.011 7.032 7.051 7.067 7.080
5.949 5.961 5.973 5.987 6.001 6.016 6.032 6.048 6.064 6.081 6.098 6.115 6.132 6.149 6.166 6.182 6.199 6.215 6.231 6.246 6.262 6.277 6.291 6.305 6.319 6.331 6.344 6.357 6.370 6.384 6.397 6.410 6.423 6.436 6.450 6.463 6.476 6.489 6.502 6.516 6.529 6.543 6.557 6.571 6.586 6.601 6.615 6.629 6.644 6.659 6.675 6.690 6.706 6.722 6.737 6.753 6.768 6.783 6.798 6.814 6.830 6.846 6.864 6.882 6.902 6.923 6.945 6.968 6.992 7.015 7.037 7.058 7.078 7.095 7.108
5.965 5.976 5.988 6.000 6.014 6.028 6.043 6.059 6.075 6.091 6.107 6.124 6.141 6.158 6.175 6.191 6.208 6.224 6.241 6.256 6.272 6.287 6.302 6.317 6.330 6.343 6.356 6.369 6.383 6.396 6.409 6.423 6.436 6.449 6.463 6.476 6.489 6.503 6.516 6.529 6.543 6.557 6.571 6.585 6.600 6.615 6.630 6.644 6.659 6.674 6.691 6.707 6.723 6.739 6.756 6.772 6.788 6.803 6.819 6.835 6.851 6.868 6.886 6.905 6.925 6.946 6.969 6.992 7.016 7.040 7.063 7.084 7.105 7.122 7.135
5.982 5.993 6.003 6.015 6.028 6.042 6.056 6.071 6.086 6.102 6.118 6.134 6.151 6.168 6.185 6.201 6.218 6.235 6.251 6.267 6.283 6.298 6.313 6.328 6.342 6.355 6.368 6.382 6.396 6.409 6.423 6.436 6.450 6.463 6.476 6.490 6.503 6.517 6.530 6.544 6.558 6.571 6.586 6.600 6.615 6.630 6.645 6.659 6.674 6.690 6.707 6.723 6.740 6.757 6.774 6.791 6.807 6.824 6.840 6.856 6.873 6.891 6.909 6.928 6.948 6.970 6.992 7.016 7.041 7.065 7.088 7.111 7.132 7.149 7.163
6.001 6.011 6.021 6.032 6.044 6.057 6.070 6.084 6.099 6.114 6.129 6.145 6.162 6.178 6.195 6.212 6.229 6.245 6.262 6.278 6.294 6.310 6.325 6.340 6.354 6.367 6.381 6.395 6.409 6.423 6.436 6.450 6.463 6.477 6.491 6.504 6.518 6.532 6.545 6.559 6.573 6.587 6.601 6.615 6.630 6.646 6.660 6.675 6.690 6.706 6.723 6.740 6.757 6.775 6.792 6.810 6.827 6.844 6.861 6.878 6.895 6.913 6.932 6.951 6.972 6.993 7.016 7.040 7.065 7.090 7.113 7.137 7.158 7.177 7.190
6.021 6.030 6.039 6.049 6.061 6.072 6.085 6.098 6.112 6.127 6.142 6.158 6.173 6.190 6.206 6.223 6.240 6.256 6.273 6.289 6.305 6.322 6.337 6.353 6.366 6.380 6.394 6.408 6.422 6.436 6.450 6.464 6.478 6.492 6.505 6.519 6.533 6.547 6.561 6.575 6.588 6.603 6.617 6.631 6.646 6.662 6.677 6.691 6.707 6.723 6.740 6.757 6.775 6.793 6.811 6.829 6.847 6.864 6.882 6.900 6.917 6.936 6.954 6.974 6.995 7.017 7.040 7.064 7.089 7.114 7.138 7.162 7.185 7.203 7.217
6.043 6.051 6.059 6.068 6.079 6.090 6.102 6.114 6.127 6.141 6.155 6.170 6.186 6.202 6.218 6.234 6.251 6.268 6.284 6.301 6.317 6.334 6.350 6.365 6.379 6.393 6.407 6.422 6.436 6.450 6.464 6.478 6.492 6.506 6.520 6.534 6.548 6.562 6.576 6.590 6.605 6.619 6.633 6.648 6.663 6.678 6.693 6.708 6.724 6.740 6.757 6.775 6.793 6.811 6.829 6.848 6.866 6.885 6.903 6.921 6.939 6.958 6.977 6.997 7.018 7.040 7.063 7.087 7.113 7.138 7.163 7.187 7.210 7.230 7.244
6.066 6.073 6.080 6.089 6.098 6.108 6.119 6.131 6.143 6.156 6.170 6.184 6.199 6.215 6.231 6.247 6.263 6.280 6.296 6.313 6.329 6.346 6.362 6.377 6.392 6.406 6.421 6.435 6.450 6.464 6.479 6.493 6.507 6.521 6.535 6.550 6.564 6.578 6.592 6.607 6.621 6.635 6.650 6.665 6.680 6.696 6.711 6.725 6.741 6.758 6.775 6.793 6.811 6.829 6.848 6.867 6.886 6.905 6.924 6.942 6.961 6.980 6.999 7.020 7.041 7.063 7.086 7.110 7.136 7.162 7.187 7.212 7.235 7.255 7.270
6.092 6.097 6.103 6.111 6.119 6.128 6.138 6.149 6.160 6.173 6.186 6.199 6.214 6.228 6.244 6.260 6.276 6.292 6.309 6.325 6.342 6.358 6.375 6.390 6.405 6.419 6.434 6.449 6.464 6.478 6.493 6.507 6.522 6.536 6.551 6.565 6.579 6.594 6.608 6.623 6.638 6.652 6.667 6.682 6.697 6.713 6.728 6.743 6.759 6.776 6.793 6.811 6.829 6.848 6.867 6.886 6.906 6.925 6.944 6.963 6.983 7.002 7.022 7.042 7.063 7.085 7.109 7.133 7.159 7.185 7.210 7.235 7.259 7.280 7.295
6.119 6.123 6.128 6.134 6.142 6.150 6.159 6.168 6.179 6.190 6.202 6.215 6.229 6.243 6.258 6.273 6.289 6.305 6.322 6.338 6.355 6.371 6.388 6.403 6.418 6.433 6.448 6.463 6.478 6.493 6.507 6.522 6.537 6.551 6.566 6.580 6.595 6.610 6.625 6.639 6.654 6.669 6.684 6.700 6.715 6.731 6.746 6.761 6.777 6.794 6.811 6.829 6.848 6.867 6.886 6.906 6.925 6.945 6.965 6.984 7.004 7.023 7.043 7.064 7.085 7.107 7.131 7.155 7.181 7.207 7.233 7.259 7.283 7.304 7.318
