TsunamiDB/out54014.asc
ncols          264
nrows          230
xllcorner      497853.4375
yllcorner      4229146.0000
cellsize         5.
NODATA_value   -99
[rows 186 to 216 of 230, columns 140 to 209 of 264]
4.427 4.515 4.591 4.660 4.723 4.785 4.847 4.909 4.971 5.034 5.098 5.161 5.224 5.286 5.347 5.404 5.457 5.504 5.545 5.580 5.608 5.632 5.654 5.677 5.699 5.723 5.758 5.805 5.851 5.912 6.000 6.097 6.203 6.313 6.422 6.529 6.604 6.632 6.727 6.854 6.923 6.963 6.988 7.006 7.011 7.001 6.973 6.914 6.924 7.013 7.079 7.121 7.138 7.135 7.112 7.073 7.010 6.898 6.822 6.820 6.823 6.821 6.808 6.781 6.735 6.657 6.555 6.438 6.356 6.328
4.473 4.553 4.623 4.687 4.747 4.807 4.866 4.926 4.986 5.048 5.110 5.172 5.234 5.295 5.355 5.413 5.467 5.517 5.562 5.602 5.636 5.665 5.693 5.720 5.747 5.777 5.814 5.855 5.893 5.945 6.024 6.116 6.220 6.332 6.446 6.545 6.608 6.639 6.735 6.860 6.929 6.969 6.993 7.010 7.017 7.009 6.985 6.928 6.938 7.029 7.100 7.148 7.169 7.172 7.156 7.118 7.051 6.933 6.849 6.837 6.831 6.821 6.799 6.763 6.705 6.620 6.520 6.407 6.327 6.302
4.518 4.591 4.656 4.716 4.773 4.830 4.887 4.944 5.003 5.062 5.122 5.183 5.243 5.303 5.362 5.419 5.475 5.527 5.576 5.622 5.664 5.701 5.737 5.771 5.806 5.843 5.881 5.919 5.952 5.996 6.065 6.148 6.246 6.357 6.465 6.553 6.616 6.649 6.744 6.869 6.940 6.979 7.001 7.017 7.025 7.021 7.001 6.945 6.955 7.051 7.128 7.178 7.205 7.213 7.199 7.159 7.088 6.964 6.870 6.848 6.833 6.813 6.782 6.736 6.668 6.582 6.488 6.378 6.303 6.285
4.563 4.630 4.690 4.747 4.801 4.856 4.910 4.966 5.022 5.078 5.136 5.193 5.251 5.309 5.367 5.424 5.481 5.536 5.590 5.643 5.693 5.740 5.784 5.827 5.870 5.913 5.954 5.993 6.024 6.061 6.117 6.188 6.277 6.378 6.478 6.565 6.629 6.664 6.759 6.886 6.957 6.993 7.013 7.028 7.036 7.037 7.021 6.967 6.980 7.080 7.159 7.213 7.243 7.253 7.238 7.195 7.118 6.987 6.885 6.852 6.826 6.797 6.756 6.700 6.629 6.547 6.458 6.355 6.287 6.277
4.607 4.669 4.726 4.780 4.832 4.884 4.937 4.989 5.042 5.095 5.149 5.203 5.258 5.313 5.370 5.427 5.485 5.544 5.603 5.664 5.722 5.779 5.832 5.884 5.935 5.984 6.030 6.073 6.104 6.135 6.178 6.236 6.309 6.399 6.495 6.582 6.649 6.685 6.779 6.906 6.976 7.012 7.028 7.041 7.051 7.056 7.047 6.995 7.009 7.111 7.192 7.249 7.280 7.290 7.273 7.225 7.142 7.004 6.892 6.847 6.811 6.772 6.722 6.661 6.591 6.514 6.433 6.339 6.279 6.276
4.654 4.711 4.765 4.816 4.866 4.916 4.966 5.015 5.064 5.113 5.162 5.212 5.263 5.316 5.370 5.427 5.487 5.550 5.616 5.683 5.750 5.817 5.880 5.939 5.996 6.052 6.103 6.150 6.183 6.211 6.246 6.288 6.345 6.424 6.515 6.605 6.677 6.711 6.802 6.929 7.002 7.034 7.045 7.057 7.068 7.079 7.077 7.027 7.041 7.144 7.227 7.283 7.314 7.323 7.302 7.249 7.158 7.013 6.890 6.833 6.787 6.739 6.684 6.623 6.555 6.486 6.416 6.330 6.278 6.281
4.701 4.756 4.807 4.856 4.904 4.952 4.998 5.043 5.087 5.131 5.174 5.219 5.266 5.315 5.368 5.425 5.488 5.555 5.626 5.700 5.776 5.852 5.922 5.989 6.053 6.114 6.169 6.220 6.259 6.290 6.318 6.346 6.391 6.459 6.546 6.640 6.713 6.743 6.830 6.962 7.031 7.055 7.065 7.075 7.088 7.106 7.109 7.060 7.075 7.180 7.261 7.314 7.343 7.348 7.323 7.265 7.165 7.010 6.878 6.810 6.754 6.701 6.644 6.584 6.523 6.465 6.404 6.327 6.283 6.291
4.752 4.804 4.853 4.901 4.947 4.992 5.035 5.075 5.114 5.150 5.187 5.225 5.266 5.312 5.363 5.422 5.487 5.560 5.637 5.717 5.801 5.882 5.961 6.036 6.104 6.168 6.228 6.285 6.331 6.368 6.396 6.418 6.452 6.510 6.592 6.685 6.758 6.782 6.864 6.992 7.054 7.077 7.083 7.093 7.110 7.133 7.142 7.094 7.108 7.210 7.287 7.338 7.362 7.364 7.334 7.267 7.158 6.995 6.853 6.774 6.712 6.658 6.601 6.547 6.496 6.447 6.395 6.327 6.289 6.301
4.805 4.856 4.904 4.950 4.995 5.037 5.076 5.112 5.143 5.172 5.201 5.232 5.268 5.310 5.360 5.420 5.489 5.566 5.648 5.732 5.821 5.908 5.994 6.075 6.149 6.217 6.282 6.346 6.402 6.450 6.484 6.506 6.533 6.581 6.650 6.735 6.807 6.822 6.896 7.017 7.078 7.099 7.105 7.117 7.134 7.159 7.174 7.127 7.137 7.234 7.307 7.353 7.373 7.371 7.336 7.261 7.143 6.970 6.818 6.734 6.670 6.615 6.563 6.516 6.474 6.434 6.392 6.331 6.298 6.313
4.861 4.911 4.960 5.005 5.048 5.088 5.123 5.153 5.178 5.200 5.220 5.243 5.272 5.311 5.359 5.419 5.491 5.574 5.660 5.748 5.842 5.935 6.027 6.116 6.196 6.270 6.339 6.410 6.476 6.538 6.581 6.605 6.629 6.666 6.721 6.801 6.872 6.870 6.929 7.046 7.103 7.122 7.130 7.142 7.158 7.188 7.211 7.161 7.165 7.256 7.324 7.364 7.380 7.373 7.331 7.248 7.117 6.936 6.779 6.693 6.629 6.576 6.531 6.493 6.460 6.428 6.393 6.338 6.309 6.328
4.919 4.970 5.018 5.063 5.104 5.142 5.174 5.200 5.219 5.234 5.246 5.261 5.283 5.317 5.365 5.425 5.501 5.589 5.678 5.771 5.870 5.967 6.066 6.160 6.246 6.325 6.400 6.478 6.555 6.633 6.686 6.717 6.744 6.773 6.816 6.901 6.949 6.916 6.963 7.073 7.126 7.144 7.155 7.167 7.185 7.228 7.251 7.191 7.188 7.273 7.334 7.368 7.380 7.365 7.316 7.220 7.078 6.893 6.736 6.650 6.588 6.541 6.504 6.474 6.449 6.425 6.396 6.346 6.321 6.342
4.977 5.029 5.078 5.123 5.164 5.201 5.231 5.253 5.268 5.277 5.282 5.289 5.306 5.335 5.381 5.443 5.522 5.613 5.705 5.801 5.904 6.006 6.108 6.206 6.301 6.389 6.474 6.555 6.643 6.737 6.804 6.848 6.880 6.911 6.954 7.002 7.003 6.956 6.993 7.093 7.145 7.168 7.181 7.200 7.230 7.268 7.276 7.212 7.204 7.279 7.333 7.363 7.367 7.345 7.285 7.178 7.033 6.847 6.691 6.608 6.552 6.513 6.482 6.459 6.441 6.422 6.400 6.355 6.333 6.356
5.035 5.088 5.138 5.184 5.225 5.262 5.291 5.312 5.324 5.329 5.329 5.331 5.342 5.367 5.411 5.473 5.552 5.644 5.738 5.837 5.943 6.048 6.154 6.260 6.365 6.465 6.557 6.640 6.738 6.852 6.934 6.989 7.028 7.061 7.082 7.083 7.053 6.993 7.019 7.110 7.164 7.191 7.211 7.238 7.269 7.295 7.291 7.222 7.207 7.274 7.322 7.346 7.343 7.311 7.240 7.129 6.984 6.799 6.647 6.571 6.523 6.489 6.464 6.447 6.434 6.421 6.404 6.364 6.344 6.370
5.088 5.143 5.195 5.242 5.285 5.323 5.353 5.374 5.386 5.389 5.387 5.385 5.392 5.413 5.453 5.512 5.589 5.681 5.776 5.878 5.987 6.096 6.207 6.321 6.438 6.547 6.645 6.731 6.841 6.972 7.065 7.130 7.174 7.195 7.189 7.158 7.102 7.029 7.042 7.127 7.181 7.214 7.242 7.271 7.295 7.310 7.295 7.222 7.201 7.259 7.299 7.317 7.307 7.265 7.188 7.076 6.932 6.752 6.608 6.540 6.498 6.469 6.449 6.436 6.427 6.420 6.408 6.372 6.356 6.387
5.137 5.194 5.248 5.297 5.342 5.382 5.414 5.437 5.450 5.454 5.451 5.449 5.454 5.472 5.507 5.561 5.635 5.725 5.820 5.923 6.036 6.150 6.267 6.389 6.516 6.634 6.739 6.827 6.944 7.087 7.190 7.262 7.302 7.310 7.285 7.228 7.152 7.067 7.068 7.143 7.198 7.238 7.267 7.292 7.310 7.313 7.289 7.212 7.184 7.232 7.265 7.276 7.258 7.212 7.132 7.020 6.881 6.709 6.574 6.513 6.476 6.452 6.435 6.426 6.422 6.419 6.413 6.382 6.370 6.404
5.179 5.238 5.295 5.346 5.394 5.437 5.472 5.498 5.514 5.520 5.520 5.520 5.526 5.542 5.573 5.621 5.689 5.776 5.869 5.973 6.089 6.208 6.330 6.460 6.594 6.722 6.834 6.919 7.041 7.195 7.305 7.377 7.411 7.410 7.371 7.297 7.205 7.106 7.093 7.160 7.216 7.256 7.282 7.302 7.311 7.304 7.273 7.191 7.156 7.195 7.221 7.225 7.203 7.154 7.074 6.966 6.833 6.669 6.543 6.488 6.456 6.436 6.422 6.416 6.416 6.419 6.419 6.393 6.384 6.421
5.213 5.275 5.334 5.389 5.439 5.486 5.525 5.555 5.575 5.585 5.590 5.595 5.604 5.620 5.647 5.689 5.751 5.833 5.923 6.026 6.145 6.268 6.395 6.531 6.674 6.811 6.925 7.007 7.131 7.294 7.405 7.475 7.505 7.497 7.450 7.363 7.255 7.143 7.117 7.176 7.227 7.265 7.288 7.300 7.301 7.286 7.246 7.159 7.118 7.149 7.167 7.168 7.143 7.092 7.016 6.914 6.788 6.632 6.514 6.465 6.436 6.419 6.409 6.406 6.410 6.420 6.427 6.404 6.400 6.441
5.241 5.305 5.366 5.423 5.477 5.527 5.570 5.605 5.630 5.647 5.659 5.670 5.684 5.703 5.728 5.765 5.821 5.898 5.983 6.083 6.204 6.330 6.461 6.604 6.754 6.894 7.010 7.086 7.211 7.375 7.485 7.553 7.579 7.567 7.514 7.416 7.296 7.172 7.133 7.181 7.226 7.261 7.277 7.282 7.276 7.252 7.205 7.115 7.067 7.090 7.104 7.102 7.076 7.029 6.958 6.862 6.742 6.595 6.484 6.438 6.413 6.401 6.394 6.395 6.405 6.421 6.433 6.416 6.415 6.458
5.262 5.327 5.389 5.449 5.506 5.559 5.607 5.647 5.679 5.703 5.723 5.742 5.763 5.786 5.813 5.849 5.899 5.970 6.048 6.144 6.263 6.391 6.525 6.671 6.821 6.962 7.080 7.151 7.271 7.434 7.544 7.611 7.636 7.622 7.566 7.462 7.332 7.196 7.145 7.183 7.222 7.250 7.260 7.258 7.244 7.212 7.158 7.062 7.010 7.027 7.039 7.036 7.011 6.968 6.903 6.813 6.699 6.559 6.453 6.413 6.393 6.385 6.382 6.387 6.402 6.422 6.441 6.429 6.431 6.474
5.278 5.343 5.406 5.466 5.525 5.582 5.634 5.681 5.720 5.753 5.782 5.809 5.838 5.868 5.898 5.934 5.981 6.048 6.119 6.208 6.323 6.450 6.586 6.733 6.884 7.030 7.152 7.212 7.324 7.489 7.599 7.666 7.691 7.677 7.618 7.509 7.369 7.221 7.157 7.184 7.215 7.236 7.238 7.228 7.206 7.166 7.106 7.006 6.951 6.965 6.975 6.972 6.950 6.913 6.854 6.769 6.659 6.524 6.426 6.390 6.375 6.371 6.373 6.384 6.403 6.429 6.456 6.446 6.449 6.492
5.291 5.355 5.417 5.477 5.537 5.596 5.652 5.705 5.753 5.796 5.834 5.870 5.906 5.942 5.978 6.016 6.066 6.132 6.197 6.279 6.387 6.512 6.651 6.799 6.952 7.110 7.222 7.263 7.370 7.536 7.646 7.713 7.738 7.722 7.661 7.542 7.392 7.237 7.162 7.178 7.200 7.213 7.208 7.189 7.160 7.112 7.045 6.944 6.889 6.902 6.911 6.910 6.893 6.859 6.806 6.723 6.615 6.489 6.398 6.367 6.356 6.359 6.368 6.383 6.407 6.443 6.475 6.465 6.468 6.510
5.304 5.365 5.424 5.483 5.543 5.603 5.664 5.723 5.779 5.831 5.879 5.924 5.967 6.009 6.053 6.102 6.160 6.225 6.288 6.364 6.466 6.588 6.725 6.878 7.037 7.179 7.269 7.302 7.406 7.571 7.683 7.750 7.773 7.754 7.685 7.561 7.411 7.248 7.159 7.164 7.178 7.183 7.169 7.143 7.105 7.051 6.981 6.881 6.826 6.838 6.849 6.851 6.836 6.806 6.754 6.673 6.574 6.456 6.371 6.346 6.343 6.352 6.367 6.390 6.423 6.462 6.492 6.483 6.486 6.525
5.319 5.376 5.432 5.488 5.547 5.608 5.671 5.735 5.799 5.860 5.918 5.972 6.023 6.075 6.131 6.192 6.258 6.327 6.391 6.465 6.560 6.673 6.806 6.957 7.105 7.226 7.304 7.331 7.432 7.596 7.710 7.776 7.796 7.772 7.697 7.574 7.423 7.250 7.148 7.144 7.149 7.145 7.124 7.090 7.044 6.986 6.916 6.818 6.764 6.776 6.790 6.793 6.780 6.750 6.699 6.625 6.535 6.425 6.347 6.331 6.336 6.351 6.373 6.404 6.442 6.481 6.509 6.500 6.501 6.536
5.337 5.390 5.441 5.494 5.550 5.611 5.676 5.745 5.815 5.886 5.954 6.017 6.078 6.141 6.210 6.281 6.356 6.433 6.502 6.577 6.664 6.764 6.887 7.023 7.154 7.261 7.332 7.354 7.450 7.616 7.729 7.793 7.809 7.780 7.702 7.579 7.424 7.241 7.130 7.116 7.112 7.100 7.071 7.030 6.981 6.922 6.851 6.755 6.705 6.719 6.733 6.736 6.724 6.694 6.646 6.579 6.498 6.397 6.329 6.323 6.335 6.357 6.386 6.422 6.462 6.499 6.524 6.514 6.514 6.545
5.357 5.405 5.452 5.501 5.555 5.615 5.681 5.754 5.830 5.909 5.987 6.062 6.135 6.210 6.288 6.370 6.455 6.539 6.616 6.692 6.770 6.859 6.960 7.074 7.191 7.290 7.358 7.375 7.465 7.627 7.738 7.800 7.812 7.780 7.701 7.575 7.415 7.225 7.103 7.080 7.068 7.048 7.013 6.968 6.918 6.858 6.789 6.698 6.649 6.663 6.677 6.681 6.667 6.639 6.596 6.537 6.467 6.378 6.320 6.322 6.341 6.370 6.403 6.442 6.482 6.516 6.539 6.528 6.525 6.550
5.378 5.422 5.465 5.510 5.560 5.618 5.686 5.762 5.844 5.930 6.018 6.105 6.190 6.275 6.364 6.455 6.548 6.638 6.721 6.801 6.875 6.946 7.023 7.117 7.221 7.317 7.385 7.393 7.474 7.635 7.744 7.801 7.808 7.774 7.692 7.563 7.397 7.198 7.067 7.036 7.016 6.990 6.953 6.907 6.855 6.797 6.732 6.643 6.596 6.609 6.622 6.625 6.612 6.587 6.549 6.501 6.444 6.365 6.317 6.327 6.353 6.386 6.422 6.462 6.500 6.532 6.552 6.538 6.532 6.551
5.398 5.437 5.476 5.516 5.564 5.620 5.689 5.768 5.855 5.947 6.047 6.146 6.241 6.337 6.434 6.532 6.628 6.722 6.812 6.900 6.970 7.024 7.084 7.160 7.252 7.347 7.413 7.412 7.485 7.644 7.748 7.796 7.800 7.761 7.676 7.542 7.367 7.158 7.021 6.981 6.955 6.929 6.891 6.845 6.797 6.742 6.678 6.591 6.545 6.557 6.568 6.571 6.560 6.538 6.508 6.472 6.428 6.359 6.320 6.339 6.368 6.404 6.441 6.480 6.517 6.546 6.561 6.546 6.535 6.548
5.417 5.450 5.483 5.520 5.565 5.620 5.690 5.773 5.864 5.963 6.073 6.181 6.288 6.394 6.496 6.596 6.694 6.790 6.887 6.982 7.051 7.100 7.146 7.207 7.291 7.382 7.447 7.436 7.498 7.649 7.742 7.783 7.780 7.737 7.647 7.504 7.318 7.103 6.959 6.914 6.889 6.864 6.827 6.785 6.740 6.687 6.624 6.539 6.492 6.502 6.513 6.517 6.509 6.494 6.475 6.449 6.417 6.359 6.328 6.352 6.384 6.420 6.457 6.494 6.529 6.554 6.566 6.548 6.532 6.538
5.434 5.462 5.490 5.522 5.565 5.621 5.691 5.778 5.872 5.976 6.092 6.208 6.323 6.437 6.543 6.645 6.745 6.843 6.946 7.049 7.126 7.177 7.218 7.270 7.340 7.422 7.484 7.461 7.508 7.647 7.729 7.762 7.751 7.702 7.605 7.453 7.257 7.035 6.889 6.846 6.823 6.801 6.768 6.730 6.689 6.637 6.574 6.489 6.442 6.452 6.464 6.470 6.467 6.459 6.449 6.434 6.413 6.364 6.340 6.366 6.400 6.436 6.472 6.507 6.539 6.561 6.569 6.547 6.526 6.525
5.452 5.473 5.495 5.524 5.564 5.619 5.691 5.781 5.878 5.985 6.106 6.229 6.354 6.475 6.587 6.693 6.794 6.890 6.999 7.116 7.202 7.258 7.299 7.343 7.398 7.476 7.541 7.498 7.522 7.646 7.716 7.737 7.718 7.661 7.556 7.393 7.184 6.959 6.817 6.779 6.762 6.744 6.716 6.684 6.644 6.593 6.529 6.445 6.398 6.408 6.422 6.431 6.434 6.435 6.433 6.429 6.419 6.377 6.357 6.385 6.419 6.453 6.487 6.521 6.549 6.567 6.570 6.542 6.516 6.508
5.472 5.488 5.504 5.528 5.567 5.621 5.697 5.791 5.889 5.999 6.125 6.253 6.386 6.513 6.631 6.740 6.841 6.936 7.051 7.182 7.278 7.344 7.392 7.432 7.480 7.569 7.615 7.535 7.535 7.642 7.697 7.705 7.675 7.607 7.491 7.310 7.091 6.874 6.743 6.714 6.704 6.692 6.670 6.641 6.602 6.550 6.486 6.403 6.359 6.370 6.386 6.400 6.411 6.419 6.425 6.433 6.430 6.393 6.375 6.404 6.436 6.469 6.501 6.531 6.555 6.568 6.565 6.533 6.500 6.485
