TsunamiDB/out54022.asc
ncols          264
nrows          230
xllcorner      497853.4375
yllcorner      4229146.0000
cellsize         5.
NODATA_value   -99
[rows 31 to 61 of 230, columns 142 to 212 of 264]
-99.000 -99.000 -99.000 -99.000 -99.000 -99.000 -99.000 -99.000 -99.000 -99.000 -99.000 -99.000 -99.000 -99.000 -99.000 -99.000 -99.000 -99.000 -99.000 -99.000 -99.000 -99.000 -99.000 -99.000 -99.000 -99.000 -99.000 -99.000 -99.000 -99.000 1.644 1.653 1.718 1.880 2.131 2.437 2.765 3.084 3.372 3.619 3.823 3.990 4.127 4.241 4.337 4.421 4.495 4.562 4.623 4.678 4.730 4.779 4.825 4.870 4.913 4.955 4.995 5.035 5.075 5.115 5.154 5.193 5.232 5.270 5.308 5.345 5.382 5.419 5.454 5.489 5.524
-99.000 -99.000 -99.000 -99.000 -99.000 -99.000 -99.000 -99.000 -99.000 -99.000 -99.000 -99.000 -99.000 -99.000 -99.000 -99.000 -99.000 -99.000 -99.000 -99.000 -99.000 -99.000 -99.000 -99.000 -99.000 -99.000 -99.000 -99.000 -99.000 -99.000 1.645 1.666 1.762 1.957 2.231 2.548 2.874 3.183 3.455 3.686 3.877 4.034 4.163 4.273 4.367 4.450 4.523 4.590 4.651 4.707 4.759 4.808 4.854 4.898 4.941 4.982 5.022 5.061 5.101 5.140 5.179 5.218 5.256 5.294 5.332 5.369 5.407 5.443 5.479 5.515 5.550
-99.000 -99.000 -99.000 -99.000 -99.000 -99.000 -99.000 -99.000 -99.000 -99.000 -99.000 -99.000 -99.000 -99.000 -99.000 -99.000 -99.000 -99.000 -99.000 -99.000 -99.000 -99.000 -99.000 -99.000 -99.000 -99.000 -99.000 -99.000 -99.000 1.644 1.648 1.687 1.818 2.042 2.334 2.657 2.979 3.275 3.532 3.748 3.926 4.073 4.196 4.302 4.394 4.476 4.550 4.617 4.678 4.734 4.787 4.836 4.882 4.926 4.968 5.009 5.048 5.087 5.126 5.165 5.203 5.242 5.280 5.318 5.355 5.393 5.430 5.467 5.504 5.540 5.576
-99.000 -99.000 -99.000 -99.000 -99.000 -99.000 -99.000 -99.000 -99.000 -99.000 -99.000 -99.000 -99.000 -99.000 -99.000 -99.000 -99.000 -99.000 -99.000 -99.000 -99.000 -99.000 -99.000 -99.000 -99.000 -99.000 -99.000 -99.000 -99.000 1.644 1.654 1.720 1.885 2.135 2.440 2.765 3.079 3.361 3.603 3.803 3.969 4.108 4.225 4.327 4.418 4.499 4.573 4.641 4.703 4.760 4.813 4.862 4.909 4.953 4.995 5.036 5.074 5.113 5.151 5.189 5.227 5.265 5.303 5.340 5.378 5.415 5.453 5.490 5.527 5.564 5.601
-99.000 -99.000 -99.000 -99.000 -99.000 -99.000 -99.000 -99.000 -99.000 -99.000 -99.000 -99.000 -99.000 -99.000 -99.000 -99.000 -99.000 -99.000 -99.000 -99.000 -99.000 -99.000 -99.000 -99.000 -99.000 -99.000 -99.000 -99.000 -99.000 1.645 1.667 1.765 1.963 2.235 2.550 2.873 3.176 3.443 3.668 3.854 4.009 4.139 4.251 4.349 4.438 4.520 4.594 4.663 4.726 4.784 4.838 4.888 4.934 4.979 5.021 5.061 5.100 5.137 5.175 5.213 5.250 5.287 5.325 5.362 5.400 5.437 5.475 5.512 5.550 5.588 5.626
-99.000 -99.000 -99.000 -99.000 -99.000 -99.000 -99.000 -99.000 -99.000 -99.000 -99.000 -99.000 -99.000 -99.000 -99.000 -99.000 -99.000 -99.000 -99.000 -99.000 -99.000 -99.000 -99.000 -99.000 -99.000 -99.000 -99.000 -99.000 1.644 1.648 1.690 1.825 2.053 2.343 2.664 2.981 3.270 3.520 3.728 3.900 4.044 4.166 4.273 4.369 4.457 4.538 4.613 4.682 4.746 4.805 4.860 4.911 4.959 5.003 5.045 5.086 5.124 5.161 5.199 5.236 5.273 5.309 5.346 5.383 5.420 5.458 5.495 5.533 5.571 5.610 5.649
-99.000 -99.000 -99.000 -99.000 -99.000 -99.000 -99.000 -99.000 -99.000 -99.000 -99.000 -99.000 -99.000 -99.000 -99.000 -99.000 -99.000 -99.000 -99.000 -99.000 -99.000 -99.000 -99.000 -99.000 -99.000 -99.000 -99.000 -99.000 1.644 1.656 1.728 1.898 2.153 2.458 2.780 3.087 3.360 3.592 3.784 3.942 4.075 4.190 4.292 4.386 4.472 4.553 4.628 4.699 4.764 4.824 4.880 4.932 4.981 5.026 5.069 5.109 5.148 5.184 5.221 5.258 5.294 5.330 5.367 5.403 5.440 5.477 5.515 5.553 5.592 5.631 5.670
-99.000 -99.000 -99.000 -99.000 -99.000 -99.000 -99.000 -99.000 -99.000 -99.000 -99.000 -99.000 -99.000 -99.000 -99.000 -99.000 -99.000 -99.000 -99.000 -99.000 -99.000 -99.000 -99.000 -99.000 -99.000 -99.000 -99.000 1.644 1.646 1.672 1.780 1.986 2.264 2.578 2.895 3.190 3.445 3.659 3.834 3.980 4.104 4.212 4.310 4.400 4.486 4.566 4.642 4.713 4.779 4.841 4.898 4.952 5.001 5.047 5.091 5.132 5.170 5.207 5.243 5.279 5.315 5.350 5.386 5.422 5.459 5.496 5.534 5.572 5.611 5.651 5.691
-99.000 -99.000 -99.000 -99.000 -99.000 -99.000 -99.000 -99.000 -99.000 -99.000 -99.000 -99.000 -99.000 -99.000 -99.000 -99.000 -99.000 -99.000 -99.000 -99.000 -99.000 -99.000 -99.000 -99.000 -99.000 -99.000 -99.000 1.644 1.650 1.701 1.848 2.085 2.381 2.699 3.009 3.288 3.525 3.721 3.881 4.015 4.130 4.232 4.326 4.414 4.497 4.577 4.653 4.724 4.791 4.854 4.913 4.968 5.019 5.066 5.111 5.152 5.191 5.227 5.264 5.299 5.334 5.369 5.405 5.441 5.477 5.514 5.551 5.590 5.629 5.669 5.710
-99.000 -99.000 -99.000 -99.000 -99.000 -99.000 -99.000 -99.000 -99.000 -99.000 -99.000 -99.000 -99.000 -99.000 -99.000 -99.000 -99.000 -99.000 -99.000 -99.000 -99.000 -99.000 -99.000 -99.000 -99.000 -99.000 -99.000 1.645 1.661 1.746 1.931 2.195 2.504 2.821 3.119 3.381 3.599 3.778 3.924 4.047 4.154 4.251 4.340 4.426 4.508 4.586 4.661 4.733 4.801 4.865 4.925 4.982 5.034 5.083 5.129 5.171 5.210 5.247 5.284 5.319 5.353 5.388 5.423 5.458 5.494 5.530 5.568 5.606 5.645 5.686 5.727
-99.000 -99.000 -99.000 -99.000 -99.000 -99.000 -99.000 -99.000 -99.000 -99.000 -99.000 -99.000 -99.000 -99.000 -99.000 -99.000 -99.000 -99.000 -99.000 -99.000 -99.000 -99.000 -99.000 -99.000 -99.000 -99.000 1.644 1.647 1.683 1.807 2.027 2.312 2.629 2.940 3.224 3.467 3.667 3.830 3.964 4.078 4.178 4.269 4.355 4.437 4.517 4.594 4.668 4.739 4.808 4.873 4.935 4.993 5.047 5.098 5.145 5.188 5.228 5.266 5.302 5.337 5.372 5.406 5.440 5.475 5.510 5.546 5.583 5.621 5.661 5.701 5.743
-99.000 -99.000 -99.000 -99.000 -99.000 -99.000 -99.000 -99.000 -99.000 -99.000 -99.000 -99.000 -99.000 -99.000 -99.000 -99.000 -99.000 -99.000 -99.000 -99.000 -99.000 -99.000 -99.000 -99.000 -99.000 -99.000 1.644 1.654 1.719 1.883 2.133 2.435 2.753 3.055 3.323 3.547 3.731 3.879 4.002 4.107 4.201 4.287 4.369 4.448 4.525 4.600 4.673 4.744 4.812 4.878 4.941 5.001 5.057 5.109 5.158 5.203 5.244 5.283 5.320 5.355 5.389 5.423 5.457 5.491 5.525 5.561 5.597 5.635 5.675 5.715 5.757
-99.000 -99.000 -99.000 -99.000 -99.000 -99.000 -99.000 -99.000 -99.000 -99.000 -99.000 -99.000 -99.000 -99.000 -99.000 -99.000 -99.000 -99.000 -99.000 -99.000 -99.000 -99.000 -99.000 -99.000 -99.000 -99.000 1.645 1.669 1.772 1.973 2.247 2.560 2.875 3.164 3.415 3.621 3.789 3.925 4.038 4.136 4.224 4.305 4.384 4.460 4.534 4.606 4.677 4.747 4.815 4.882 4.945 5.006 5.064 5.118 5.169 5.215 5.258 5.298 5.336 5.372 5.406 5.440 5.473 5.506 5.540 5.575 5.611 5.648 5.687 5.727 5.769
-99.000 -99.000 -99.000 -99.000 -99.000 -99.000 -99.000 -99.000 -99.000 -99.000 -99.000 -99.000 -99.000 -99.000 -99.000 -99.000 -99.000 -99.000 -99.000 -99.000 -99.000 -99.000 -99.000 -99.000 -99.000 1.644 1.649 1.697 1.840 2.074 2.368 2.685 2.992 3.267 3.499 3.689 3.842 3.967 4.072 4.163 4.247 4.325 4.399 4.472 4.543 4.612 4.681 4.750 4.817 4.883 4.947 5.009 5.068 5.123 5.176 5.224 5.269 5.312 5.351 5.388 5.422 5.456 5.488 5.521 5.554 5.587 5.622 5.659 5.697 5.737 5.780
-99.000 -99.000 -99.000 -99.000 -99.000 -99.000 -99.000 -99.000 -99.000 -99.000 -99.000 -99.000 -99.000 -99.000 -99.000 -99.000 -99.000 -99.000 -99.000 -99.000 -99.000 -99.000 -99.000 -99.000 -99.000 1.645 1.659 1.741 1.923 2.185 2.492 2.808 3.104 3.363 3.577 3.751 3.891 4.006 4.104 4.190 4.270 4.344 4.416 4.485 4.553 4.620 4.686 4.752 4.818 4.883 4.947 5.009 5.068 5.126 5.180 5.230 5.278 5.322 5.363 5.401 5.437 5.471 5.503 5.535 5.567 5.599 5.633 5.669 5.706 5.746 5.787
-99.000 -99.000 -99.000 -99.000 -99.000 -99.000 -99.000 -99.000 -99.000 -99.000 -99.000 -99.000 -99.000 -99.000 -99.000 -99.000 -99.000 -99.000 -99.000 -99.000 -99.000 -99.000 -99.000 -99.000 1.644 1.647 1.680 1.802 2.018 2.302 2.617 2.928 3.210 3.451 3.648 3.807 3.936 4.043 4.135 4.217 4.293 4.364 4.433 4.499 4.564 4.628 4.692 4.756 4.820 4.883 4.946 5.007 5.067 5.125 5.181 5.233 5.282 5.329 5.372 5.412 5.449 5.484 5.516 5.548 5.578 5.610 5.642 5.676 5.712 5.751 5.793
-99.000 -99.000 -99.000 -99.000 -99.000 -99.000 -99.000 -99.000 -99.000 -99.000 -99.000 -99.000 -99.000 -99.000 -99.000 -99.000 -99.000 -99.000 -99.000 -99.000 -99.000 -99.000 -99.000 -99.000 1.644 1.653 1.716 1.877 2.125 2.425 2.742 3.044 3.310 3.532 3.713 3.858 3.977 4.077 4.164 4.242 4.315 4.384 4.450 4.514 4.576 4.638 4.699 4.761 4.822 4.884 4.945 5.005 5.065 5.123 5.180 5.233 5.284 5.333 5.378 5.420 5.459 5.494 5.527 5.558 5.589 5.619 5.649 5.682 5.716 5.754 5.795
-99.000 -99.000 -99.000 -99.000 -99.000 -99.000 -99.000 -99.000 -99.000 -99.000 -99.000 -99.000 -99.000 -99.000 -99.000 -99.000 -99.000 -99.000 -99.000 -99.000 -99.000 -99.000 -99.000 -99.000 1.645 1.668 1.768 1.967 2.240 2.551 2.865 3.154 3.402 3.607 3.772 3.905 4.015 4.108 4.191 4.267 4.337 4.404 4.467 4.529 4.589 4.649 4.708 4.768 4.827 4.886 4.945 5.004 5.062 5.120 5.177 5.230 5.282 5.333 5.380 5.424 5.464 5.502 5.536 5.567 5.597 5.625 5.654 5.685 5.718 5.754 5.793
-99.000 -99.000 -99.000 -99.000 -99.000 -99.000 -99.000 -99.000 -99.000 -99.000 -99.000 -99.000 -99.000 -99.000 -99.000 -99.000 -99.000 -99.000 -99.000 -99.000 -99.000 -99.000 -99.000 1.644 1.649 1.696 1.837 2.070 2.362 2.678 2.984 3.258 3.488 3.675 3.826 3.948 4.050 4.138 4.217 4.290 4.358 4.423 4.485 4.544 4.603 4.661 4.718 4.776 4.833 4.890 4.947 5.004 5.061 5.117 5.173 5.227 5.279 5.330 5.379 5.425 5.467 5.506 5.541 5.573 5.603 5.631 5.658 5.686 5.717 5.751 5.789
-99.000 -99.000 -99.000 -99.000 -99.000 -99.000 -99.000 -99.000 -99.000 -99.000 -99.000 -99.000 -99.000 -99.000 -99.000 -99.000 -99.000 -99.000 -99.000 -99.000 -99.000 -99.000 -99.000 1.645 1.659 1.741 1.922 2.183 2.489 2.804 3.099 3.355 3.567 3.737 3.875 3.987 4.083 4.166 4.242 4.312 4.378 4.441 4.501 4.559 4.617 4.673 4.729 4.784 4.840 4.895 4.950 5.005 5.061 5.116 5.171 5.224 5.276 5.327 5.377 5.423 5.467 5.508 5.544 5.577 5.607 5.634 5.660 5.686 5.714 5.746 5.782
-99.000 -99.000 -99.000 -99.000 -99.000 -99.000 -99.000 -99.000 -99.000 -99.000 -99.000 -99.000 -99.000 -99.000 -99.000 -99.000 -99.000 -99.000 -99.000 -99.000 -99.000 -99.000 1.644 1.647 1.681 1.803 2.020 2.304 2.617 2.927 3.208 3.446 3.639 3.795 3.921 4.025 4.114 4.193 4.266 4.334 4.397 4.458 4.516 4.574 4.630 4.685 4.739 4.793 4.847 4.901 4.955 5.008 5.062 5.116 5.169 5.221 5.273 5.324 5.374 5.421 5.466 5.508 5.546 5.580 5.610 5.637 5.662 5.687 5.712 5.740 5.773
-99.000 -99.000 -99.000 -99.000 -99.000 -99.000 -99.000 -99.000 -99.000 -99.000 -99.000 -99.000 -99.000 -99.000 -99.000 -99.000 -99.000 -99.000 -99.000 -99.000 -99.000 -99.000 1.644 1.653 1.718 1.881 2.130 2.430 2.746 3.046 3.310 3.530 3.707 3.848 3.964 4.061 4.145 4.220 4.290 4.354 4.416 4.474 4.531 4.587 4.642 4.696 4.749 4.802 4.855 4.907 4.959 5.012 5.064 5.117 5.169 5.220 5.271 5.322 5.371 5.419 5.465 5.508 5.547 5.583 5.614 5.642 5.666 5.689 5.712 5.737 5.766
-99.000 -99.000 -99.000 -99.000 -99.000 -99.000 -99.000 -99.000 -99.000 -99.000 -99.000 -99.000 -99.000 -99.000 -99.000 -99.000 -99.000 -99.000 -99.000 -99.000 -99.000 -99.000 1.645 1.669 1.773 1.975 2.249 2.561 2.873 3.161 3.407 3.609 3.769 3.899 4.005 4.095 4.175 4.246 4.313 4.375 4.434 4.490 4.546 4.600 4.653 4.706 4.758 4.810 4.861 4.913 4.964 5.015 5.066 5.118 5.169 5.220 5.270 5.320 5.370 5.418 5.464 5.508 5.549 5.586 5.619 5.647 5.672 5.694 5.715 5.737 5.762
-99.000 -99.000 -99.000 -99.000 -99.000 -99.000 -99.000 -99.000 -99.000 -99.000 -99.000 -99.000 -99.000 -99.000 -99.000 -99.000 -99.000 -99.000 -99.000 -99.000 -99.000 1.644 1.650 1.700 1.846 2.082 2.376 2.692 2.997 3.269 3.497 3.681 3.828 3.946 4.045 4.130 4.205 4.273 4.336 4.395 4.452 4.507 4.560 4.613 4.664 4.715 4.766 4.817 4.867 4.917 4.967 5.017 5.068 5.118 5.169 5.219 5.268 5.319 5.368 5.417 5.464 5.509 5.551 5.590 5.625 5.655 5.681 5.703 5.723 5.742 5.764
-99.000 -99.000 -99.000 -99.000 -99.000 -99.000 -99.000 -99.000 -99.000 -99.000 -99.000 -99.000 -99.000 -99.000 -99.000 -99.000 -99.000 -99.000 -99.000 -99.000 -99.000 1.645 1.661 1.749 1.935 2.200 2.508 2.823 3.117 3.371 3.581 3.749 3.883 3.992 4.084 4.164 4.235 4.300 4.360 4.417 4.471 4.523 4.575 4.625 4.675 4.725 4.774 4.823 4.872 4.920 4.969 5.019 5.068 5.117 5.167 5.217 5.266 5.316 5.366 5.415 5.462 5.509 5.553 5.594 5.631 5.663 5.691 5.715 5.735 5.753 5.771
-99.000 -99.000 -99.000 -99.000 -99.000 -99.000 -99.000 -99.000 -99.000 -99.000 -99.000 -99.000 -99.000 -99.000 -99.000 -99.000 -99.000 -99.000 -99.000 -99.000 1.644 1.647 1.686 1.815 2.039 2.326 2.642 2.951 3.230 3.467 3.659 3.813 3.935 4.036 4.123 4.198 4.266 4.327 4.385 4.439 4.491 4.541 4.591 4.639 4.687 4.734 4.781 4.828 4.876 4.923 4.970 5.018 5.067 5.115 5.164 5.213 5.262 5.312 5.361 5.411 5.460 5.507 5.553 5.596 5.635 5.671 5.701 5.727 5.749 5.767 5.784
-99.000 -99.000 -99.000 -99.000 -99.000 -99.000 -99.000 -99.000 -99.000 -99.000 -99.000 -99.000 -99.000 -99.000 -99.000 -99.000 -99.000 -99.000 -99.000 -99.000 1.644 1.656 1.728 1.900 2.154 2.458 2.775 3.075 3.338 3.556 3.732 3.872 3.985 4.079 4.161 4.232 4.297 4.356 4.410 4.462 4.512 4.561 4.608 4.654 4.699 4.745 4.790 4.835 4.880 4.925 4.971 5.017 5.064 5.112 5.159 5.207 5.256 5.305 5.355 5.405 5.454 5.503 5.550 5.595 5.637 5.675 5.709 5.738 5.762 5.782 5.800
-99.000 -99.000 -99.000 -99.000 -99.000 -99.000 -99.000 -99.000 -99.000 -99.000 -99.000 -99.000 -99.000 -99.000 -99.000 -99.000 -99.000 -99.000 -99.000 1.644 1.646 1.675 1.789 1.999 2.280 2.594 2.907 3.194 3.438 3.639 3.800 3.929 4.033 4.122 4.199 4.267 4.328 4.384 4.437 4.487 4.535 4.581 4.626 4.671 4.714 4.757 4.800 4.842 4.885 4.928 4.972 5.016 5.061 5.107 5.154 5.200 5.248 5.297 5.347 5.397 5.447 5.496 5.544 5.591 5.635 5.676 5.713 5.745 5.772 5.795 5.815
-99.000 -99.000 -99.000 -99.000 -99.000 -99.000 -99.000 -99.000 -99.000 -99.000 -99.000 -99.000 -99.000 -99.000 -99.000 -99.000 -99.000 -99.000 -99.000 1.644 1.652 1.711 1.867 2.112 2.411 2.730 3.035 3.306 3.532 3.716 3.863 3.982 4.080 4.163 4.236 4.301 4.359 4.414 4.465 4.513 4.559 4.604 4.647 4.689 4.730 4.771 4.811 4.852 4.892 4.933 4.974 5.016 5.059 5.103 5.148 5.193 5.240 5.288 5.337 5.387 5.437 5.486 5.536 5.583 5.629 5.672 5.711 5.746 5.777 5.804 5.827
-99.000 -99.000 -99.000 -99.000 -99.000 -99.000 -99.000 -99.000 -99.000 -99.000 -99.000 -99.000 -99.000 -99.000 -99.000 -99.000 -99.000 -99.000 -99.000 1.645 1.667 1.765 1.962 2.235 2.547 2.864 3.157 3.411 3.620 3.788 3.923 4.034 4.125 4.203 4.273 4.335 4.391 4.444 4.493 4.540 4.585 4.628 4.670 4.710 4.749 4.788 4.826 4.864 4.901 4.940 4.978 5.018 5.058 5.100 5.142 5.186 5.231 5.278 5.326 5.375 5.425 5.475 5.524 5.572 5.619 5.663 5.705 5.743 5.777 5.807 5.834
-99.000 -99.000 -99.000 -99.000 -99.000 -99.000 -99.000 -99.000 -99.000 -99.000 -99.000 -99.000 -99.000 -99.000 -99.000 -99.000 -99.000 -99.000 1.644 1.649 1.696 1.838 2.071 2.365 2.684 2.995 3.273 3.509 3.701 3.855 3.980 4.082 4.168 4.243 4.309 4.369 4.423 4.475 4.523 4.569 4.612 4.654 4.694 4.733 4.770 4.807 4.843 4.878 4.913 4.949 4.985 5.022 5.059 5.099 5.138 5.180 5.223 5.269 5.315 5.363 5.412 5.461 5.510 5.558 5.606 5.651 5.694 5.734 5.772 5.805 5.836
