TsunamiDB/out54159.asc
ncols          264
nrows          230
xllcorner      497853.4375
yllcorner      4229146.0000
cellsize         5.
NODATA_value   -99
[rows 68 to 101 of 230, columns 154 to 230 of 264]
6.544 6.548 6.552 6.556 6.560 6.564 6.569 6.573 6.577 6.581 6.585 6.590 6.594 6.598 6.603 6.608 6.613 6.618 6.624 6.629 6.635 6.641 6.647 6.653 6.659 6.666 6.673 6.679 6.686 6.694 6.701 6.708 6.715 6.723 6.730 6.737 6.745 6.752 6.759 6.767 6.774 6.781 6.789 6.796 6.802 6.809 6.815 6.822 6.828 6.834 6.839 6.845 6.850 6.855 6.860 6.865 6.869 6.874 6.878 6.882 6.886 6.890 6.894 6.898 6.902 6.907 6.911 6.915 6.920 6.924 6.924 6.921 6.916 6.916 6.917 6.920 6.930
6.545 6.549 6.553 6.557 6.562 6.566 6.570 6.574 6.578 6.582 6.586 6.590 6.595 6.599 6.604 6.608 6.613 6.619 6.624 6.630 6.636 6.641 6.647 6.653 6.660 6.666 6.673 6.680 6.687 6.694 6.701 6.708 6.716 6.723 6.731 6.738 6.745 6.753 6.760 6.768 6.775 6.783 6.790 6.797 6.804 6.811 6.817 6.824 6.830 6.836 6.842 6.847 6.853 6.858 6.863 6.868 6.873 6.878 6.882 6.886 6.891 6.895 6.899 6.904 6.909 6.914 6.918 6.923 6.929 6.933 6.934 6.931 6.927 6.928 6.929 6.932 6.943
6.547 6.551 6.555 6.559 6.563 6.567 6.571 6.575 6.579 6.583 6.587 6.592 6.596 6.600 6.605 6.609 6.614 6.619 6.625 6.631 6.636 6.642 6.648 6.654 6.660 6.667 6.673 6.680 6.687 6.694 6.702 6.709 6.716 6.724 6.731 6.739 6.746 6.754 6.761 6.769 6.776 6.784 6.792 6.799 6.806 6.813 6.819 6.826 6.832 6.838 6.844 6.850 6.856 6.862 6.867 6.872 6.877 6.882 6.887 6.891 6.896 6.901 6.905 6.910 6.916 6.921 6.926 6.932 6.938 6.943 6.945 6.942 6.939 6.940 6.942 6.946 6.956
6.549 6.553 6.557 6.561 6.565 6.568 6.572 6.576 6.580 6.585 6.589 6.593 6.597 6.601 6.606 6.610 6.615 6.620 6.626 6.632 6.637 6.643 6.649 6.655 6.661 6.667 6.674 6.681 6.688 6.695 6.702 6.710 6.717 6.724 6.732 6.740 6.747 6.755 6.762 6.770 6.778 6.786 6.793 6.800 6.808 6.815 6.821 6.828 6.835 6.841 6.847 6.853 6.859 6.865 6.870 6.876 6.881 6.886 6.891 6.896 6.901 6.906 6.912 6.917 6.923 6.929 6.935 6.941 6.947 6.953 6.955 6.954 6.951 6.952 6.955 6.959 6.971
6.551 6.555 6.559 6.562 6.566 6.570 6.574 6.578 6.582 6.586 6.590 6.594 6.598 6.603 6.607 6.612 6.617 6.622 6.627 6.633 6.638 6.644 6.649 6.655 6.662 6.668 6.675 6.682 6.688 6.696 6.703 6.710 6.718 6.725 6.733 6.741 6.748 6.756 6.764 6.771 6.779 6.787 6.795 6.802 6.810 6.817 6.824 6.830 6.837 6.844 6.850 6.856 6.863 6.869 6.874 6.880 6.886 6.891 6.896 6.902 6.907 6.913 6.918 6.924 6.931 6.937 6.943 6.950 6.957 6.963 6.967 6.965 6.962 6.965 6.968 6.973 6.985
6.553 6.557 6.561 6.565 6.568 6.572 6.576 6.580 6.584 6.588 6.592 6.596 6.600 6.604 6.609 6.613 6.618 6.623 6.628 6.634 6.639 6.645 6.651 6.656 6.663 6.669 6.676 6.682 6.689 6.696 6.704 6.711 6.719 6.726 6.734 6.742 6.749 6.757 6.765 6.773 6.781 6.789 6.797 6.804 6.812 6.819 6.826 6.833 6.840 6.847 6.853 6.860 6.866 6.872 6.878 6.884 6.890 6.896 6.902 6.907 6.913 6.919 6.925 6.932 6.938 6.945 6.952 6.959 6.967 6.974 6.977 6.977 6.975 6.977 6.982 6.987 6.999
6.556 6.560 6.563 6.567 6.571 6.575 6.578 6.582 6.586 6.590 6.594 6.598 6.602 6.606 6.610 6.615 6.620 6.624 6.630 6.635 6.641 6.646 6.652 6.658 6.664 6.670 6.677 6.683 6.690 6.697 6.705 6.712 6.720 6.727 6.735 6.743 6.751 6.758 6.766 6.774 6.782 6.791 6.799 6.806 6.814 6.821 6.828 6.836 6.843 6.850 6.856 6.863 6.870 6.876 6.883 6.889 6.895 6.901 6.907 6.913 6.919 6.926 6.932 6.939 6.946 6.954 6.961 6.969 6.977 6.985 6.989 6.989 6.987 6.990 6.995 7.001 7.013
6.560 6.563 6.567 6.570 6.574 6.577 6.581 6.585 6.588 6.592 6.596 6.600 6.604 6.608 6.612 6.617 6.621 6.626 6.632 6.637 6.642 6.648 6.653 6.659 6.665 6.671 6.678 6.685 6.691 6.699 6.706 6.713 6.721 6.728 6.736 6.744 6.752 6.760 6.768 6.776 6.784 6.793 6.801 6.808 6.816 6.824 6.831 6.838 6.846 6.853 6.860 6.867 6.874 6.880 6.887 6.894 6.900 6.906 6.913 6.919 6.926 6.933 6.939 6.947 6.954 6.962 6.970 6.979 6.987 6.995 7.000 7.000 6.999 7.003 7.008 7.014 7.027
6.563 6.567 6.570 6.574 6.577 6.581 6.584 6.588 6.591 6.595 6.599 6.602 6.606 6.610 6.615 6.619 6.623 6.628 6.634 6.639 6.644 6.649 6.655 6.661 6.667 6.673 6.679 6.686 6.693 6.700 6.707 6.714 6.722 6.730 6.738 6.745 6.753 6.761 6.769 6.778 6.786 6.795 6.803 6.811 6.818 6.826 6.834 6.841 6.849 6.856 6.863 6.871 6.878 6.885 6.892 6.898 6.905 6.912 6.919 6.926 6.933 6.940 6.947 6.955 6.963 6.971 6.980 6.988 6.998 7.006 7.011 7.011 7.010 7.014 7.021 7.027 7.040
6.568 6.571 6.574 6.578 6.581 6.584 6.588 6.591 6.595 6.598 6.602 6.605 6.609 6.613 6.617 6.621 6.626 6.631 6.636 6.641 6.646 6.651 6.657 6.663 6.668 6.675 6.681 6.688 6.694 6.701 6.709 6.716 6.724 6.731 6.739 6.747 6.755 6.763 6.771 6.779 6.788 6.797 6.805 6.813 6.821 6.829 6.837 6.844 6.852 6.860 6.867 6.875 6.882 6.889 6.896 6.904 6.911 6.918 6.925 6.932 6.940 6.947 6.955 6.963 6.971 6.980 6.989 6.998 7.008 7.016 7.021 7.021 7.021 7.027 7.034 7.040 7.054
6.574 6.577 6.580 6.583 6.586 6.589 6.592 6.595 6.599 6.602 6.605 6.609 6.613 6.616 6.620 6.625 6.629 6.634 6.639 6.644 6.649 6.654 6.659 6.665 6.671 6.677 6.683 6.689 6.696 6.703 6.710 6.718 6.725 6.733 6.741 6.749 6.757 6.765 6.773 6.782 6.790 6.799 6.807 6.815 6.824 6.832 6.840 6.848 6.856 6.863 6.871 6.879 6.886 6.894 6.902 6.909 6.917 6.924 6.932 6.939 6.947 6.954 6.962 6.971 6.980 6.989 6.998 7.008 7.017 7.025 7.030 7.032 7.033 7.039 7.047 7.055 7.070
6.580 6.583 6.585 6.588 6.591 6.594 6.597 6.600 6.603 6.606 6.610 6.613 6.617 6.620 6.624 6.628 6.632 6.637 6.642 6.647 6.652 6.657 6.662 6.667 6.673 6.679 6.685 6.692 6.698 6.705 6.712 6.720 6.727 6.735 6.743 6.751 6.759 6.767 6.775 6.784 6.793 6.801 6.810 6.818 6.826 6.835 6.843 6.851 6.859 6.867 6.875 6.883 6.891 6.899 6.907 6.915 6.923 6.930 6.938 6.946 6.954 6.962 6.970 6.979 6.988 6.997 7.007 7.017 7.027 7.035 7.040 7.042 7.044 7.052 7.061 7.071 7.087
6.587 6.590 6.592 6.595 6.598 6.600 6.603 6.606 6.609 6.612 6.615 6.618 6.621 6.625 6.629 6.632 6.636 6.641 6.646 6.651 6.655 6.660 6.665 6.671 6.676 6.682 6.688 6.694 6.701 6.708 6.715 6.722 6.730 6.737 6.745 6.753 6.761 6.769 6.778 6.786 6.795 6.804 6.813 6.821 6.830 6.838 6.846 6.855 6.863 6.871 6.880 6.888 6.896 6.904 6.912 6.921 6.929 6.937 6.945 6.954 6.962 6.970 6.979 6.987 6.997 7.006 7.016 7.026 7.035 7.043 7.049 7.053 7.057 7.066 7.077 7.088 7.107
6.596 6.598 6.600 6.603 6.605 6.608 6.610 6.613 6.615 6.618 6.621 6.624 6.627 6.630 6.634 6.638 6.641 6.646 6.651 6.655 6.659 6.664 6.669 6.674 6.680 6.685 6.691 6.698 6.704 6.711 6.718 6.725 6.732 6.740 6.748 6.756 6.764 6.772 6.780 6.789 6.798 6.807 6.816 6.824 6.833 6.842 6.850 6.859 6.867 6.876 6.884 6.893 6.901 6.910 6.918 6.927 6.935 6.944 6.953 6.961 6.970 6.978 6.987 6.996 7.005 7.014 7.024 7.034 7.043 7.052 7.059 7.064 7.070 7.081 7.094 7.107 7.128
6.605 6.607 6.610 6.612 6.614 6.616 6.618 6.621 6.623 6.626 6.628 6.631 6.634 6.637 6.640 6.644 6.647 6.652 6.656 6.660 6.665 6.669 6.674 6.679 6.684 6.690 6.696 6.702 6.708 6.714 6.721 6.728 6.736 6.743 6.751 6.759 6.767 6.775 6.784 6.792 6.801 6.810 6.819 6.828 6.837 6.845 6.854 6.863 6.872 6.881 6.889 6.898 6.907 6.916 6.925 6.933 6.942 6.951 6.960 6.969 6.978 6.987 6.995 7.004 7.013 7.022 7.032 7.042 7.051 7.061 7.069 7.076 7.083 7.096 7.110 7.126 7.149
6.616 6.618 6.620 6.622 6.624 6.626 6.628 6.630 6.632 6.634 6.637 6.639 6.642 6.645 6.648 6.651 6.654 6.658 6.663 6.666 6.671 6.675 6.680 6.684 6.689 6.695 6.700 6.706 6.712 6.719 6.726 6.732 6.740 6.747 6.755 6.763 6.771 6.779 6.787 6.796 6.805 6.814 6.823 6.832 6.841 6.850 6.859 6.868 6.877 6.886 6.895 6.904 6.913 6.922 6.931 6.940 6.949 6.959 6.968 6.977 6.986 6.995 7.003 7.012 7.021 7.030 7.039 7.049 7.059 7.070 7.079 7.088 7.097 7.111 7.127 7.145 7.170
6.628 6.630 6.631 6.633 6.635 6.636 6.638 6.640 6.642 6.644 6.646 6.649 6.651 6.654 6.656 6.659 6.663 6.666 6.670 6.674 6.678 6.682 6.686 6.691 6.696 6.701 6.706 6.712 6.718 6.724 6.731 6.738 6.745 6.752 6.759 6.767 6.775 6.783 6.792 6.801 6.810 6.819 6.828 6.837 6.846 6.855 6.864 6.873 6.882 6.892 6.901 6.910 6.919 6.929 6.938 6.947 6.957 6.967 6.976 6.986 6.995 7.004 7.012 7.020 7.029 7.038 7.047 7.056 7.067 7.078 7.089 7.099 7.110 7.126 7.144 7.164 7.191
6.641 6.642 6.644 6.645 6.647 6.648 6.650 6.652 6.653 6.655 6.657 6.659 6.662 6.664 6.666 6.669 6.672 6.676 6.679 6.683 6.686 6.690 6.694 6.699 6.703 6.708 6.713 6.719 6.725 6.731 6.737 6.744 6.750 6.758 6.765 6.773 6.781 6.789 6.797 6.806 6.815 6.824 6.833 6.842 6.851 6.860 6.870 6.879 6.888 6.898 6.907 6.917 6.926 6.936 6.946 6.955 6.965 6.975 6.985 6.995 7.004 7.012 7.020 7.028 7.037 7.045 7.054 7.064 7.075 7.087 7.100 7.111 7.123 7.141 7.160 7.183 7.211
6.654 6.656 6.657 6.658 6.660 6.661 6.662 6.664 6.666 6.667 6.669 6.671 6.673 6.675 6.678 6.680 6.683 6.686 6.690 6.693 6.696 6.700 6.704 6.708 6.712 6.717 6.722 6.727 6.732 6.738 6.744 6.751 6.758 6.765 6.772 6.779 6.787 6.795 6.803 6.812 6.821 6.830 6.839 6.848 6.857 6.867 6.876 6.886 6.895 6.905 6.914 6.924 6.934 6.944 6.953 6.963 6.973 6.983 6.994 7.004 7.013 7.021 7.028 7.036 7.045 7.052 7.061 7.071 7.083 7.097 7.110 7.123 7.136 7.155 7.176 7.201 7.231
6.668 6.669 6.671 6.672 6.673 6.674 6.676 6.677 6.679 6.680 6.682 6.684 6.686 6.688 6.690 6.692 6.695 6.698 6.701 6.704 6.707 6.711 6.714 6.718 6.722 6.727 6.732 6.737 6.742 6.747 6.753 6.759 6.766 6.773 6.780 6.787 6.795 6.803 6.811 6.819 6.828 6.837 6.846 6.855 6.865 6.874 6.883 6.893 6.903 6.912 6.922 6.932 6.942 6.952 6.962 6.972 6.982 6.993 7.003 7.013 7.022 7.030 7.037 7.045 7.053 7.061 7.070 7.080 7.092 7.106 7.120 7.134 7.150 7.171 7.193 7.220 7.253
6.682 6.683 6.684 6.686 6.687 6.688 6.690 6.691 6.692 6.694 6.696 6.697 6.699 6.701 6.703 6.706 6.708 6.711 6.714 6.717 6.720 6.723 6.727 6.730 6.734 6.738 6.743 6.748 6.753 6.758 6.764 6.770 6.776 6.782 6.789 6.797 6.804 6.812 6.820 6.828 6.837 6.846 6.855 6.864 6.873 6.882 6.892 6.902 6.911 6.921 6.931 6.941 6.951 6.961 6.972 6.982 6.992 7.003 7.013 7.023 7.032 7.040 7.046 7.054 7.062 7.069 7.078 7.089 7.101 7.115 7.129 7.146 7.166 7.187 7.210 7.241 7.276
6.696 6.697 6.698 6.699 6.701 6.702 6.703 6.705 6.706 6.708 6.710 6.711 6.713 6.715 6.717 6.719 6.722 6.725 6.728 6.731 6.733 6.737 6.740 6.743 6.747 6.751 6.756 6.760 6.765 6.770 6.776 6.781 6.787 6.794 6.800 6.807 6.815 6.822 6.830 6.838 6.847 6.856 6.865 6.874 6.883 6.892 6.902 6.911 6.921 6.931 6.941 6.951 6.961 6.972 6.982 6.992 7.003 7.013 7.024 7.034 7.043 7.050 7.057 7.064 7.072 7.079 7.088 7.099 7.111 7.124 7.140 7.159 7.182 7.205 7.230 7.264 7.303
6.709 6.710 6.711 6.713 6.714 6.715 6.717 6.718 6.720 6.722 6.723 6.725 6.727 6.729 6.731 6.733 6.736 6.739 6.742 6.745 6.748 6.751 6.754 6.758 6.761 6.765 6.769 6.774 6.779 6.784 6.789 6.795 6.800 6.807 6.813 6.820 6.827 6.835 6.842 6.850 6.859 6.868 6.877 6.885 6.894 6.904 6.913 6.923 6.933 6.942 6.952 6.962 6.973 6.983 6.993 7.004 7.015 7.025 7.036 7.046 7.054 7.062 7.068 7.075 7.083 7.090 7.098 7.109 7.120 7.134 7.151 7.173 7.200 7.224 7.251 7.289 7.331
6.721 6.723 6.724 6.725 6.727 6.728 6.730 6.732 6.733 6.735 6.737 6.739 6.741 6.743 6.745 6.747 6.750 6.753 6.756 6.759 6.762 6.765 6.769 6.772 6.776 6.780 6.784 6.789 6.793 6.798 6.804 6.809 6.815 6.821 6.827 6.834 6.841 6.849 6.856 6.864 6.873 6.881 6.890 6.899 6.908 6.917 6.926 6.936 6.945 6.955 6.965 6.975 6.986 6.996 7.006 7.017 7.027 7.038 7.049 7.059 7.068 7.075 7.081 7.088 7.095 7.101 7.109 7.119 7.131 7.145 7.164 7.189 7.220 7.246 7.275 7.317 7.363
6.732 6.734 6.736 6.737 6.739 6.741 6.742 6.744 6.746 6.748 6.750 6.752 6.754 6.756 6.758 6.761 6.764 6.767 6.770 6.773 6.777 6.780 6.783 6.787 6.791 6.795 6.799 6.804 6.809 6.814 6.819 6.825 6.830 6.837 6.843 6.850 6.857 6.864 6.872 6.879 6.888 6.897 6.905 6.914 6.923 6.932 6.941 6.951 6.960 6.970 6.980 6.990 7.000 7.010 7.021 7.031 7.042 7.053 7.063 7.073 7.082 7.089 7.094 7.101 7.107 7.113 7.121 7.131 7.142 7.157 7.179 7.208 7.242 7.270 7.301 7.347 7.396
6.743 6.745 6.747 6.748 6.750 6.752 6.754 6.756 6.758 6.759 6.762 6.764 6.766 6.768 6.771 6.774 6.777 6.780 6.784 6.787 6.790 6.794 6.798 6.802 6.806 6.810 6.815 6.819 6.824 6.829 6.835 6.841 6.847 6.853 6.859 6.866 6.873 6.880 6.888 6.896 6.905 6.913 6.922 6.930 6.939 6.948 6.958 6.967 6.977 6.987 6.997 7.007 7.017 7.027 7.037 7.048 7.058 7.069 7.080 7.090 7.098 7.104 7.109 7.116 7.122 7.127 7.134 7.144 7.156 7.172 7.197 7.229 7.267 7.297 7.331 7.380 7.430
6.753 6.755 6.757 6.759 6.761 6.763 6.764 6.766 6.768 6.771 6.773 6.775 6.777 6.780 6.783 6.786 6.789 6.792 6.796 6.800 6.803 6.807 6.811 6.815 6.820 6.824 6.829 6.834 6.839 6.845 6.851 6.857 6.863 6.869 6.876 6.883 6.890 6.898 6.906 6.914 6.923 6.931 6.940 6.948 6.957 6.967 6.976 6.986 6.995 7.005 7.015 7.025 7.035 7.045 7.056 7.066 7.077 7.087 7.098 7.108 7.117 7.122 7.127 7.133 7.138 7.143 7.150 7.159 7.172 7.189 7.216 7.251 7.293 7.325 7.361 7.412 7.463
6.761 6.764 6.766 6.768 6.770 6.772 6.774 6.776 6.779 6.781 6.783 6.785 6.788 6.791 6.793 6.796 6.800 6.804 6.808 6.811 6.815 6.819 6.824 6.828 6.833 6.838 6.843 6.848 6.854 6.860 6.866 6.872 6.879 6.885 6.892 6.900 6.907 6.915 6.923 6.932 6.941 6.949 6.958 6.967 6.976 6.986 6.995 7.005 7.015 7.025 7.035 7.045 7.055 7.065 7.076 7.086 7.097 7.108 7.119 7.129 7.137 7.142 7.146 7.151 7.156 7.160 7.167 7.176 7.190 7.210 7.238 7.277 7.323 7.358 7.394 7.447 7.500
6.770 6.772 6.774 6.777 6.779 6.781 6.784 6.786 6.788 6.790 6.793 6.795 6.798 6.800 6.803 6.807 6.810 6.814 6.818 6.822 6.826 6.830 6.835 6.840 6.845 6.850 6.856 6.861 6.867 6.873 6.880 6.887 6.894 6.901 6.908 6.916 6.924 6.932 6.941 6.950 6.959 6.968 6.977 6.986 6.996 7.006 7.015 7.025 7.035 7.046 7.056 7.066 7.076 7.086 7.097 7.108 7.119 7.130 7.141 7.151 7.159 7.163 7.166 7.171 7.176 7.180 7.187 7.197 7.212 7.234 7.265 7.310 7.360 7.394 7.431 7.485 7.539
6.777 6.780 6.782 6.785 6.787 6.790 6.792 6.794 6.797 6.799 6.802 6.804 6.807 6.810 6.813 6.816 6.819 6.824 6.828 6.832 6.836 6.840 6.845 6.850 6.856 6.861 6.867 6.873 6.879 6.886 6.893 6.900 6.907 6.915 6.923 6.931 6.939 6.948 6.957 6.967 6.976 6.986 6.995 7.005 7.015 7.025 7.035 7.046 7.056 7.066 7.077 7.087 7.098 7.109 7.119 7.131 7.142 7.153 7.164 7.174 7.182 7.186 7.189 7.194 7.200 7.204 7.211 7.222 7.239 7.264 7.300 7.349 7.400 7.433 7.470 7.525 7.580
6.784 6.787 6.790 6.793 6.795 6.798 6.800 6.803 6.805 6.808 6.810 6.813 6.815 6.818 6.821 6.825 6.828 6.833 6.837 6.841 6.845 6.850 6.855 6.860 6.865 6.871 6.877 6.884 6.890 6.897 6.905 6.912 6.920 6.928 6.936 6.945 6.954 6.963 6.972 6.982 6.992 7.002 7.012 7.023 7.033 7.044 7.054 7.065 7.076 7.087 7.098 7.109 7.119 7.131 7.142 7.153 7.165 7.177 7.188 7.198 7.205 7.209 7.213 7.219 7.226 7.230 7.239 7.252 7.272 7.300 7.341 7.390 7.441 7.475 7.511 7.567 7.622
6.791 6.794 6.797 6.800 6.803 6.805 6.808 6.811 6.813 6.816 6.818 6.821 6.824 6.827 6.830 6.833 6.837 6.841 6.845 6.849 6.854 6.858 6.863 6.869 6.874 6.880 6.887 6.893 6.900 6.908 6.915 6.923 6.931 6.940 6.948 6.958 6.967 6.976 6.986 6.997 7.007 7.018 7.028 7.039 7.050 7.061 7.072 7.083 7.095 7.106 7.117 7.129 7.140 7.152 7.163 7.175 7.188 7.200 7.211 7.220 7.228 7.233 7.238 7.246 7.253 7.260 7.271 7.287 7.309 7.341 7.383 7.433 7.484 7.518 7.555 7.612 7.668
6.798 6.801 6.804 6.807 6.810 6.813 6.815 6.818 6.821 6.824 6.826 6.829 6.832 6.835 6.838 6.841 6.845 6.849 6.853 6.857 6.862 6.866 6.871 6.877 6.883 6.889 6.895 6.902 6.909 6.917 6.925 6.933 6.941 6.950 6.959 6.969 6.978 6.988 6.999 7.010 7.021 7.031 7.042 7.054 7.065 7.076 7.088 7.100 7.112 7.124 7.135 7.147 7.159 7.171 7.183 7.196 7.208 7.220 7.232 7.242 7.250 7.257 7.264 7.273 7.283 7.293 7.306 7.325 7.351 7.384 7.427 7.477 7.529 7.564 7.601 7.658 7.714
6.805 6.808 6.811 6.814 6.817 6.820 6.823 6.826 6.828 6.831 6.834 6.837 6.840 6.843 6.846 6.849 6.853 6.857 6.861 6.865 6.870 6.874 6.879 6.885 6.891 6.897 6.903 6.910 6.917 6.925 6.933 6.942 6.951 6.960 6.969 6.979 6.989 6.999 7.010 7.021 7.033 7.044 7.055 7.067 7.079 7.090 7.102 7.115 7.127 7.139 7.152 7.164 7.176 7.189 7.201 7.214 7.227 7.239 7.251 7.261 7.271 7.279 7.289 7.301 7.313 7.325 7.343 7.365 7.391 7.425 7.469 7.519 7.575 7.610 7.647 7.706 7.762
