TsunamiDB/out54098.asc
ncols          264
nrows          230
xllcorner      497853.4375
yllcorner      4229146.0000
cellsize         5.
NODATA_value   -99
[rows 0 to 33 of 230, columns 0 to 76 of 264]
-99.000 -99.000 -99.000 -99.000 -99.000 -99.000 -99.000 -99.000 -99.000 -99.000 -99.000 -99.000 -99.000 -99.000 -99.000 -99.000 -99.000 -99.000 -99.000 -99.000 -99.000 -99.000 -99.000 -99.000 -99.000 -99.000 -99.000 -99.000 -99.000 -99.000 -99.000 -99.000 -99.000 -99.000 -99.000 -99.000 -99.000 1.651 1.670 1.761 1.948 2.203 2.484 2.754 2.988 3.177 3.327 3.446 3.544 3.628 3.702 3.771 3.834 3.893 3.950 4.003 4.055 4.104 4.150 4.196 4.239 4.281 4.320 4.357 4.395 4.431 4.467 4.501 4.534 4.567 4.599 4.630 4.660 4.690 4.719 4.748 4.776
-99.000 -99.000 -99.000 -99.000 -99.000 -99.000 -99.000 -99.000 -99.000 -99.000 -99.000 -99.000 -99.000 -99.000 -99.000 -99.000 -99.000 -99.000 -99.000 -99.000 -99.000 -99.000 -99.000 -99.000 -99.000 -99.000 -99.000 -99.000 -99.000 -99.000 -99.000 -99.000 -99.000 -99.000 -99.000 -99.000 1.650 1.655 1.702 1.840 2.065 2.338 2.618 2.872 3.085 3.254 3.387 3.495 3.586 3.665 3.736 3.802 3.864 3.922 3.977 4.030 4.080 4.129 4.175 4.220 4.262 4.304 4.342 4.380 4.417 4.453 4.488 4.522 4.555 4.588 4.619 4.650 4.680 4.710 4.739 4.767 4.795
-99.000 -99.000 -99.000 -99.000 -99.000 -99.000 -99.000 -99.000 -99.000 -99.000 -99.000 -99.000 -99.000 -99.000 -99.000 -99.000 -99.000 -99.000 -99.000 -99.000 -99.000 -99.000 -99.000 -99.000 -99.000 -99.000 -99.000 -99.000 -99.000 -99.000 -99.000 -99.000 -99.000 -99.000 -99.000 -99.000 1.651 1.669 1.758 1.941 2.194 2.476 2.746 2.981 3.172 3.322 3.442 3.541 3.625 3.700 3.769 3.832 3.892 3.949 4.003 4.055 4.105 4.153 4.199 4.243 4.285 4.326 4.365 4.402 4.439 4.474 4.509 4.543 4.576 4.608 4.639 4.670 4.700 4.729 4.758 4.786 4.814
-99.000 -99.000 -99.000 -99.000 -99.000 -99.000 -99.000 -99.000 -99.000 -99.000 -99.000 -99.000 -99.000 -99.000 -99.000 -99.000 -99.000 -99.000 -99.000 -99.000 -99.000 -99.000 -99.000 -99.000 -99.000 -99.000 -99.000 -99.000 -99.000 -99.000 -99.000 -99.000 -99.000 -99.000 -99.000 1.650 1.655 1.700 1.837 2.058 2.331 2.611 2.866 3.079 3.250 3.384 3.492 3.583 3.662 3.733 3.799 3.861 3.920 3.975 4.029 4.080 4.129 4.176 4.221 4.265 4.307 4.348 4.386 4.423 4.459 4.495 4.529 4.563 4.596 4.627 4.659 4.689 4.719 4.748 4.777 4.805 4.832
-99.000 -99.000 -99.000 -99.000 -99.000 -99.000 -99.000 -99.000 -99.000 -99.000 -99.000 -99.000 -99.000 -99.000 -99.000 -99.000 -99.000 -99.000 -99.000 -99.000 -99.000 -99.000 -99.000 -99.000 -99.000 -99.000 -99.000 -99.000 -99.000 -99.000 -99.000 -99.000 -99.000 -99.000 -99.000 1.651 1.667 1.754 1.937 2.188 2.469 2.740 2.976 3.167 3.319 3.439 3.538 3.622 3.697 3.765 3.829 3.889 3.946 4.001 4.053 4.103 4.152 4.198 4.243 4.286 4.328 4.368 4.406 4.443 4.480 4.515 4.549 4.582 4.615 4.647 4.677 4.708 4.737 4.766 4.795 4.823 4.850
-99.000 -99.000 -99.000 -99.000 -99.000 -99.000 -99.000 -99.000 -99.000 -99.000 -99.000 -99.000 -99.000 -99.000 -99.000 -99.000 -99.000 -99.000 -99.000 -99.000 -99.000 -99.000 -99.000 -99.000 -99.000 -99.000 -99.000 -99.000 -99.000 -99.000 -99.000 -99.000 -99.000 -99.000 1.650 1.654 1.698 1.833 2.054 2.325 2.605 2.861 3.075 3.246 3.380 3.489 3.579 3.658 3.730 3.795 3.857 3.916 3.972 4.025 4.077 4.126 4.174 4.220 4.264 4.307 4.348 4.388 4.426 4.463 4.499 4.534 4.568 4.601 4.633 4.665 4.696 4.726 4.755 4.784 4.812 4.840 4.867
-99.000 -99.000 -99.000 -99.000 -99.000 -99.000 -99.000 -99.000 -99.000 -99.000 -99.000 -99.000 -99.000 -99.000 -99.000 -99.000 -99.000 -99.000 -99.000 -99.000 -99.000 -99.000 -99.000 -99.000 -99.000 -99.000 -99.000 -99.000 -99.000 -99.000 -99.000 -99.000 -99.000 -99.000 1.651 1.667 1.752 1.932 2.184 2.464 2.735 2.972 3.164 3.315 3.436 3.534 3.618 3.693 3.761 3.824 3.884 3.941 3.996 4.048 4.099 4.148 4.195 4.240 4.284 4.327 4.368 4.408 4.445 4.481 4.517 4.552 4.586 4.619 4.651 4.683 4.713 4.743 4.772 4.801 4.829 4.857 4.884
-99.000 -99.000 -99.000 -99.000 -99.000 -99.000 -99.000 -99.000 -99.000 -99.000 -99.000 -99.000 -99.000 -99.000 -99.000 -99.000 -99.000 -99.000 -99.000 -99.000 -99.000 -99.000 -99.000 -99.000 -99.000 -99.000 -99.000 -99.000 -99.000 -99.000 -99.000 -99.000 -99.000 1.650 1.654 1.696 1.829 2.049 2.320 2.600 2.856 3.071 3.242 3.377 3.485 3.576 3.654 3.725 3.790 3.852 3.910 3.966 4.019 4.071 4.121 4.169 4.215 4.260 4.303 4.346 4.386 4.426 4.463 4.499 4.535 4.570 4.604 4.636 4.668 4.700 4.730 4.760 4.789 4.818 4.846 4.873 4.900
-99.000 -99.000 -99.000 -99.000 -99.000 -99.000 -99.000 -99.000 -99.000 -99.000 -99.000 -99.000 -99.000 -99.000 -99.000 -99.000 -99.000 -99.000 -99.000 -99.000 -99.000 -99.000 -99.000 -99.000 -99.000 -99.000 -99.000 -99.000 -99.000 -99.000 -99.000 -99.000 -99.000 1.651 1.666 1.749 1.928 2.178 2.459 2.730 2.967 3.160 3.312 3.432 3.531 3.614 3.688 3.756 3.819 3.878 3.935 3.989 4.042 4.092 4.141 4.189 4.234 4.279 4.322 4.364 4.404 4.443 4.480 4.516 4.552 4.587 4.620 4.653 4.685 4.716 4.746 4.776 4.805 4.833 4.861 4.889 4.916
-99.000 -99.000 -99.000 -99.000 -99.000 -99.000 -99.000 -99.000 -99.000 -99.000 -99.000 -99.000 -99.000 -99.000 -99.000 -99.000 -99.000 -99.000 -99.000 -99.000 -99.000 -99.000 -99.000 -99.000 -99.000 -99.000 -99.000 -99.000 -99.000 -99.000 -99.000 -99.000 1.650 1.654 1.694 1.825 2.043 2.314 2.595 2.851 3.067 3.238 3.374 3.482 3.572 3.650 3.720 3.785 3.846 3.904 3.959 4.012 4.063 4.113 4.161 4.208 4.253 4.297 4.339 4.381 4.421 4.460 4.497 4.533 4.568 4.603 4.636 4.669 4.700 4.731 4.762 4.791 4.820 4.848 4.876 4.903 4.930
-99.000 -99.000 -99.000 -99.000 -99.000 -99.000 -99.000 -99.000 -99.000 -99.000 -99.000 -99.000 -99.000 -99.000 -99.000 -99.000 -99.000 -99.000 -99.000 -99.000 -99.000 -99.000 -99.000 -99.000 -99.000 -99.000 -99.000 -99.000 -99.000 -99.000 -99.000 -99.000 1.650 1.665 1.746 1.922 2.171 2.452 2.725 2.962 3.155 3.308 3.429 3.527 3.610 3.684 3.751 3.813 3.872 3.928 3.982 4.034 4.084 4.133 4.180 4.226 4.271 4.314 4.356 4.397 4.437 4.476 4.512 4.548 4.583 4.618 4.651 4.684 4.715 4.746 4.776 4.806 4.835 4.863 4.890 4.918 4.944
-99.000 -99.000 -99.000 -99.000 -99.000 -99.000 -99.000 -99.000 -99.000 -99.000 -99.000 -99.000 -99.000 -99.000 -99.000 -99.000 -99.000 -99.000 -99.000 -99.000 -99.000 -99.000 -99.000 -99.000 -99.000 -99.000 -99.000 -99.000 -99.000 -99.000 -99.000 1.650 1.653 1.692 1.820 2.037 2.306 2.587 2.846 3.062 3.234 3.370 3.478 3.568 3.646 3.716 3.780 3.840 3.897 3.952 4.005 4.055 4.105 4.152 4.199 4.244 4.288 4.331 4.372 4.413 4.452 4.491 4.527 4.563 4.598 4.632 4.666 4.698 4.730 4.760 4.790 4.820 4.849 4.877 4.904 4.931 4.958
-99.000 -99.000 -99.000 -99.000 -99.000 -99.000 -99.000 -99.000 -99.000 -99.000 -99.000 -99.000 -99.000 -99.000 -99.000 -99.000 -99.000 -99.000 -99.000 -99.000 -99.000 -99.000 -99.000 -99.000 -99.000 -99.000 -99.000 -99.000 -99.000 -99.000 -99.000 1.650 1.664 1.742 1.916 2.163 2.443 2.717 2.956 3.150 3.304 3.425 3.523 3.607 3.680 3.746 3.808 3.866 3.922 3.975 4.026 4.076 4.124 4.171 4.217 4.261 4.304 4.347 4.388 4.428 4.467 4.505 4.542 4.577 4.612 4.646 4.679 4.712 4.743 4.774 4.804 4.833 4.862 4.890 4.917 4.944 4.971
-99.000 -99.000 -99.000 -99.000 -99.000 -99.000 -99.000 -99.000 -99.000 -99.000 -99.000 -99.000 -99.000 -99.000 -99.000 -99.000 -99.000 -99.000 -99.000 -99.000 -99.000 -99.000 -99.000 -99.000 -99.000 -99.000 -99.000 -99.000 -99.000 -99.000 1.650 1.653 1.690 1.814 2.028 2.296 2.578 2.837 3.056 3.229 3.365 3.474 3.565 3.642 3.712 3.775 3.835 3.892 3.946 3.997 4.047 4.096 4.143 4.189 4.234 4.278 4.320 4.362 4.403 4.442 4.481 4.519 4.555 4.590 4.625 4.659 4.692 4.725 4.756 4.787 4.817 4.846 4.875 4.902 4.930 4.957 4.983
-99.000 -99.000 -99.000 -99.000 -99.000 -99.000 -99.000 -99.000 -99.000 -99.000 -99.000 -99.000 -99.000 -99.000 -99.000 -99.000 -99.000 -99.000 -99.000 -99.000 -99.000 -99.000 -99.000 -99.000 -99.000 -99.000 -99.000 -99.000 -99.000 -99.000 1.650 1.662 1.737 1.907 2.152 2.432 2.707 2.948 3.144 3.298 3.420 3.519 3.603 3.676 3.742 3.803 3.861 3.916 3.969 4.019 4.068 4.116 4.162 4.207 4.251 4.294 4.336 4.377 4.417 4.456 4.495 4.532 4.568 4.603 4.638 4.672 4.705 4.737 4.768 4.799 4.829 4.858 4.887 4.915 4.942 4.969 4.995
-99.000 -99.000 -99.000 -99.000 -99.000 -99.000 -99.000 -99.000 -99.000 -99.000 -99.000 -99.000 -99.000 -99.000 -99.000 -99.000 -99.000 -99.000 -99.000 -99.000 -99.000 -99.000 -99.000 -99.000 -99.000 -99.000 -99.000 -99.000 -99.000 1.650 1.653 1.686 1.806 2.017 2.284 2.566 2.827 3.047 3.223 3.360 3.470 3.560 3.638 3.708 3.771 3.830 3.886 3.940 3.991 4.040 4.088 4.135 4.180 4.224 4.267 4.309 4.351 4.391 4.431 4.470 4.508 4.545 4.580 4.615 4.650 4.684 4.717 4.749 4.780 4.811 4.841 4.870 4.898 4.926 4.953 4.980 5.006
-99.000 -99.000 -99.000 -99.000 -99.000 -99.000 -99.000 -99.000 -99.000 -99.000 -99.000 -99.000 -99.000 -99.000 -99.000 -99.000 -99.000 -99.000 -99.000 -99.000 -99.000 -99.000 -99.000 -99.000 -99.000 -99.000 -99.000 -99.000 -99.000 1.650 1.661 1.731 1.896 2.139 2.418 2.694 2.937 3.136 3.292 3.415 3.515 3.598 3.672 3.738 3.799 3.856 3.911 3.963 4.013 4.061 4.108 4.153 4.198 4.241 4.283 4.325 4.365 4.405 4.444 4.483 4.521 4.557 4.591 4.627 4.661 4.695 4.728 4.760 4.791 4.822 4.852 4.881 4.909 4.937 4.964 4.991 5.017
-99.000 -99.000 -99.000 -99.000 -99.000 -99.000 -99.000 -99.000 -99.000 -99.000 -99.000 -99.000 -99.000 -99.000 -99.000 -99.000 -99.000 -99.000 -99.000 -99.000 -99.000 -99.000 -99.000 -99.000 -99.000 -99.000 -99.000 -99.000 1.650 1.652 1.683 1.797 2.003 2.268 2.550 2.813 3.036 3.215 3.354 3.464 3.556 3.634 3.703 3.767 3.826 3.882 3.935 3.986 4.035 4.082 4.128 4.172 4.215 4.258 4.299 4.340 4.380 4.419 4.458 4.495 4.533 4.568 4.603 4.638 4.672 4.706 4.738 4.771 4.802 4.832 4.862 4.891 4.920 4.948 4.975 5.002 5.028
-99.000 -99.000 -99.000 -99.000 -99.000 -99.000 -99.000 -99.000 -99.000 -99.000 -99.000 -99.000 -99.000 -99.000 -99.000 -99.000 -99.000 -99.000 -99.000 -99.000 -99.000 -99.000 -99.000 -99.000 -99.000 -99.000 -99.000 -99.000 1.650 1.659 1.723 1.883 2.122 2.400 2.677 2.923 3.125 3.285 3.409 3.509 3.594 3.667 3.734 3.795 3.852 3.906 3.958 4.008 4.056 4.102 4.147 4.190 4.233 4.274 4.315 4.355 4.394 4.433 4.471 4.508 4.544 4.580 4.614 4.649 4.683 4.716 4.749 4.781 4.812 4.842 4.872 4.901 4.930 4.958 4.985 5.012 5.038
-99.000 -99.000 -99.000 -99.000 -99.000 -99.000 -99.000 -99.000 -99.000 -99.000 -99.000 -99.000 -99.000 -99.000 -99.000 -99.000 -99.000 -99.000 -99.000 -99.000 -99.000 -99.000 -99.000 -99.000 -99.000 -99.000 -99.000 -99.000 1.652 1.678 1.786 1.987 2.249 2.531 2.797 3.023 3.204 3.347 3.459 3.550 3.629 3.699 3.763 3.822 3.878 3.931 3.981 4.030 4.077 4.122 4.166 4.209 4.250 4.291 4.331 4.370 4.408 4.446 4.483 4.520 4.556 4.591 4.625 4.659 4.693 4.726 4.759 4.790 4.822 4.852 4.882 4.911 4.939 4.967 4.994 5.021 5.047
-99.000 -99.000 -99.000 -99.000 -99.000 -99.000 -99.000 -99.000 -99.000 -99.000 -99.000 -99.000 -99.000 -99.000 -99.000 -99.000 -99.000 -99.000 -99.000 -99.000 -99.000 -99.000 -99.000 -99.000 -99.000 -99.000 -99.000 1.650 1.657 1.715 1.868 2.102 2.379 2.658 2.907 3.112 3.275 3.402 3.504 3.589 3.663 3.729 3.791 3.848 3.902 3.954 4.004 4.051 4.097 4.142 4.185 4.227 4.267 4.307 4.346 4.385 4.422 4.460 4.496 4.532 4.568 4.602 4.636 4.669 4.703 4.736 4.768 4.800 4.831 4.861 4.891 4.920 4.948 4.976 5.004 5.030 5.056
-99.000 -99.000 -99.000 -99.000 -99.000 -99.000 -99.000 -99.000 -99.000 -99.000 -99.000 -99.000 -99.000 -99.000 -99.000 -99.000 -99.000 -99.000 -99.000 -99.000 -99.000 -99.000 -99.000 -99.000 -99.000 -99.000 -99.000 1.651 1.674 1.773 1.968 2.227 2.509 2.777 3.007 3.192 3.338 3.452 3.545 3.624 3.695 3.759 3.818 3.874 3.927 3.977 4.026 4.073 4.118 4.161 4.203 4.245 4.285 4.324 4.362 4.400 4.437 4.473 4.509 4.545 4.580 4.613 4.646 4.680 4.713 4.745 4.777 4.809 4.840 4.870 4.900 4.929 4.957 4.985 5.012 5.039 5.065
-99.000 -99.000 -99.000 -99.000 -99.000 -99.000 -99.000 -99.000 -99.000 -99.000 -99.000 -99.000 -99.000 -99.000 -99.000 -99.000 -99.000 -99.000 -99.000 -99.000 -99.000 -99.000 -99.000 -99.000 -99.000 -99.000 1.650 1.656 1.707 1.851 2.080 2.355 2.635 2.888 3.097 3.263 3.394 3.498 3.584 3.658 3.725 3.787 3.844 3.899 3.951 4.000 4.048 4.094 4.138 4.181 4.222 4.263 4.302 4.340 4.378 4.415 4.451 4.487 4.522 4.557 4.591 4.624 4.657 4.690 4.722 4.754 4.786 4.817 4.848 4.878 4.908 4.937 4.965 4.993 5.021 5.047 5.073
-99.000 -99.000 -99.000 -99.000 -99.000 -99.000 -99.000 -99.000 -99.000 -99.000 -99.000 -99.000 -99.000 -99.000 -99.000 -99.000 -99.000 -99.000 -99.000 -99.000 -99.000 -99.000 -99.000 -99.000 -99.000 -99.000 1.651 1.669 1.760 1.946 2.201 2.483 2.754 2.989 3.178 3.327 3.445 3.540 3.620 3.690 3.755 3.814 3.870 3.923 3.974 4.023 4.069 4.114 4.158 4.200 4.241 4.281 4.319 4.357 4.394 4.430 4.466 4.501 4.535 4.569 4.603 4.636 4.668 4.700 4.732 4.764 4.795 4.826 4.857 4.887 4.916 4.945 4.973 5.001 5.028 5.055 5.081
-99.000 -99.000 -99.000 -99.000 -99.000 -99.000 -99.000 -99.000 -99.000 -99.000 -99.000 -99.000 -99.000 -99.000 -99.000 -99.000 -99.000 -99.000 -99.000 -99.000 -99.000 -99.000 -99.000 -99.000 -99.000 1.650 1.654 1.698 1.833 2.055 2.327 2.609 2.865 3.080 3.251 3.384 3.491 3.579 3.654 3.721 3.783 3.841 3.896 3.947 3.997 4.045 4.091 4.135 4.178 4.219 4.260 4.299 4.337 4.374 4.410 4.446 4.481 4.515 4.549 4.582 4.615 4.647 4.679 4.710 4.742 4.773 4.804 4.835 4.865 4.895 4.924 4.953 4.981 5.009 5.036 5.063 5.089
-99.000 -99.000 -99.000 -99.000 -99.000 -99.000 -99.000 -99.000 -99.000 -99.000 -99.000 -99.000 -99.000 -99.000 -99.000 -99.000 -99.000 -99.000 -99.000 -99.000 -99.000 -99.000 -99.000 -99.000 -99.000 1.651 1.665 1.746 1.923 2.173 2.454 2.728 2.968 3.162 3.315 3.436 3.533 3.615 3.686 3.751 3.811 3.867 3.920 3.971 4.020 4.067 4.112 4.156 4.198 4.239 4.278 4.317 4.354 4.391 4.427 4.462 4.496 4.529 4.563 4.596 4.628 4.659 4.690 4.721 4.752 4.783 4.813 4.843 4.873 4.903 4.932 4.960 4.988 5.016 5.043 5.070 5.096
-99.000 -99.000 -99.000 -99.000 -99.000 -99.000 -99.000 -99.000 -99.000 -99.000 -99.000 -99.000 -99.000 -99.000 -99.000 -99.000 -99.000 -99.000 -99.000 -99.000 -99.000 -99.000 -99.000 -99.000 1.650 1.653 1.689 1.813 2.027 2.296 2.579 2.840 3.061 3.236 3.374 3.483 3.573 3.650 3.717 3.779 3.838 3.892 3.945 3.994 4.042 4.088 4.133 4.176 4.217 4.258 4.297 4.335 4.372 4.408 4.443 4.477 4.511 4.544 4.577 4.609 4.641 4.672 4.702 4.732 4.763 4.793 4.823 4.852 4.882 4.911 4.940 4.968 4.996 5.023 5.050 5.077 5.103
-99.000 -99.000 -99.000 -99.000 -99.000 -99.000 -99.000 -99.000 -99.000 -99.000 -99.000 -99.000 -99.000 -99.000 -99.000 -99.000 -99.000 -99.000 -99.000 -99.000 -99.000 -99.000 -99.000 -99.000 1.650 1.661 1.732 1.898 2.142 2.422 2.699 2.944 3.144 3.302 3.426 3.526 3.610 3.683 3.747 3.807 3.864 3.917 3.968 4.017 4.065 4.110 4.154 4.196 4.237 4.277 4.315 4.353 4.389 4.425 4.460 4.494 4.527 4.559 4.592 4.623 4.654 4.684 4.714 4.744 4.774 4.803 4.833 4.862 4.891 4.919 4.948 4.976 5.003 5.031 5.057 5.084 5.110
-99.000 -99.000 -99.000 -99.000 -99.000 -99.000 -99.000 -99.000 -99.000 -99.000 -99.000 -99.000 -99.000 -99.000 -99.000 -99.000 -99.000 -99.000 -99.000 -99.000 -99.000 -99.000 -99.000 1.650 1.652 1.681 1.793 1.998 2.263 2.546 2.812 3.038 3.220 3.362 3.474 3.566 3.645 3.714 3.776 3.834 3.889 3.942 3.992 4.040 4.086 4.131 4.174 4.216 4.257 4.296 4.334 4.371 4.407 4.442 4.477 4.510 4.543 4.575 4.606 4.637 4.668 4.698 4.726 4.756 4.785 4.814 4.843 4.871 4.900 4.928 4.956 4.983 5.011 5.038 5.065 5.091 5.117
-99.000 -99.000 -99.000 -99.000 -99.000 -99.000 -99.000 -99.000 -99.000 -99.000 -99.000 -99.000 -99.000 -99.000 -99.000 -99.000 -99.000 -99.000 -99.000 -99.000 -99.000 -99.000 -99.000 1.650 1.658 1.718 1.873 2.109 2.387 2.667 2.917 3.124 3.288 3.416 3.519 3.604 3.678 3.744 3.804 3.860 3.914 3.966 4.015 4.062 4.108 4.152 4.195 4.236 4.276 4.315 4.352 4.389 4.425 4.460 4.493 4.527 4.559 4.591 4.622 4.652 4.682 4.711 4.740 4.768 4.797 4.825 4.854 4.882 4.909 4.937 4.965 4.992 5.019 5.045 5.072 5.098 5.124
-99.000 -99.000 -99.000 -99.000 -99.000 -99.000 -99.000 -99.000 -99.000 -99.000 -99.000 -99.000 -99.000 -99.000 -99.000 -99.000 -99.000 -99.000 -99.000 -99.000 -99.000 -99.000 -99.000 1.651 1.674 1.773 1.967 2.227 2.511 2.781 3.014 3.202 3.349 3.465 3.559 3.639 3.709 3.773 3.831 3.886 3.939 3.989 4.038 4.084 4.129 4.173 4.215 4.255 4.295 4.333 4.371 4.407 4.442 4.477 4.510 4.543 4.575 4.606 4.637 4.667 4.697 4.725 4.753 4.781 4.810 4.837 4.865 4.893 4.920 4.947 4.974 5.000 5.027 5.053 5.079 5.105 5.130
-99.000 -99.000 -99.000 -99.000 -99.000 -99.000 -99.000 -99.000 -99.000 -99.000 -99.000 -99.000 -99.000 -99.000 -99.000 -99.000 -99.000 -99.000 -99.000 -99.000 -99.000 -99.000 1.650 1.655 1.705 1.846 2.074 2.349 2.632 2.888 3.102 3.271 3.404 3.510 3.598 3.673 3.740 3.801 3.858 3.912 3.963 4.013 4.060 4.106 4.150 4.193 4.234 4.275 4.314 4.352 4.389 4.425 4.460 4.494 4.527 4.560 4.591 4.622 4.653 4.683 4.712 4.740 4.767 4.795 4.823 4.850 4.877 4.904 4.931 4.957 4.984 5.010 5.036 5.062 5.087 5.112 5.138
-99.000 -99.000 -99.000 -99.000 -99.000 -99.000 -99.000 -99.000 -99.000 -99.000 -99.000 -99.000 -99.000 -99.000 -99.000 -99.000 -99.000 -99.000 -99.000 -99.000 -99.000 -99.000 1.651 1.667 1.753 1.936 2.189 2.473 2.747 2.987 3.181 3.334 3.455 3.552 3.634 3.705 3.769 3.829 3.884 3.936 3.987 4.035 4.082 4.127 4.171 4.213 4.254 4.293 4.332 4.370 4.406 4.442 4.477 4.511 4.544 4.576 4.608 4.638 4.668 4.698 4.727 4.754 4.781 4.809 4.836 4.863 4.890 4.916 4.942 4.968 4.994 5.020 5.045 5.070 5.096 5.120 5.145
-99.000 -99.000 -99.000 -99.000 -99.000 -99.000 -99.000 -99.000 -99.000 -99.000 -99.000 -99.000 -99.000 -99.000 -99.000 -99.000 -99.000 -99.000 -99.000 -99.000 -99.000 1.650 1.653 1.693 1.821 2.038 2.310 2.594 2.856 3.077 3.253 3.391 3.501 3.591 3.668 3.736 3.798 3.855 3.909 3.961 4.010 4.058 4.104 4.148 4.191 4.232 4.273 4.312 4.350 4.388 4.424 4.459 4.494 4.527 4.560 4.592 4.624 4.654 4.684 4.713 4.742 4.769 4.796 4.823 4.850 4.877 4.903 4.929 4.954 4.980 5.005 5.030 5.055 5.080 5.105 5.129 5.153
