TsunamiDB/out54023.asc
ncols          264
nrows          230
xllcorner      497853.4375
yllcorner      4229146.0000
cellsize         5.
NODATA_value   -99
[rows 186 to 216 of 230, columns 71 to 141 of 264]
-99.000 -99.000 -99.000 -99.000 -99.000 -99.000 -99.000 -99.000 -99.000 -99.000 -99.000 -99.000 -99.000 -99.000 -99.000 -99.000 -99.000 -99.000 -99.000 -99.000 -99.000 -99.000 -99.000 -99.000 -99.000 -99.000 -99.000 -99.000 -99.000 -99.000 -99.000 -99.000 -99.000 -99.000 1.646 1.648 1.677 1.794 2.013 2.312 2.661 3.014 3.336 3.610 3.831 4.004 4.140 4.248 4.337 4.412 4.479 4.541 4.599 4.656 4.711 4.765 4.818 4.870 4.922 4.974 5.025 5.076 5.126 5.176 5.224 5.270 5.314 5.355 5.393 5.425 5.453
-99.000 -99.000 -99.000 -99.000 -99.000 -99.000 -99.000 -99.000 -99.000 -99.000 -99.000 -99.000 -99.000 -99.000 -99.000 -99.000 -99.000 -99.000 -99.000 -99.000 -99.000 -99.000 -99.000 -99.000 -99.000 -99.000 -99.000 -99.000 -99.000 -99.000 -99.000 -99.000 -99.000 -99.000 1.646 1.653 1.713 1.875 2.131 2.457 2.817 3.164 3.469 3.722 3.922 4.078 4.199 4.297 4.378 4.448 4.511 4.569 4.625 4.679 4.731 4.783 4.835 4.886 4.937 4.987 5.038 5.089 5.140 5.190 5.239 5.288 5.334 5.377 5.416 5.451 5.480
-99.000 -99.000 -99.000 -99.000 -99.000 -99.000 -99.000 -99.000 -99.000 -99.000 -99.000 -99.000 -99.000 -99.000 -99.000 -99.000 -99.000 -99.000 -99.000 -99.000 -99.000 -99.000 -99.000 -99.000 -99.000 -99.000 -99.000 -99.000 -99.000 -99.000 -99.000 -99.000 -99.000 -99.000 1.647 1.668 1.768 1.973 2.262 2.610 2.973 3.309 3.595 3.826 4.007 4.146 4.256 4.344 4.419 4.484 4.542 4.597 4.651 4.702 4.753 4.802 4.852 4.901 4.951 5.001 5.051 5.101 5.152 5.203 5.254 5.303 5.351 5.397 5.438 5.475 5.506
-99.000 -99.000 -99.000 -99.000 -99.000 -99.000 -99.000 -99.000 -99.000 -99.000 -99.000 -99.000 -99.000 -99.000 -99.000 -99.000 -99.000 -99.000 -99.000 -99.000 -99.000 -99.000 -99.000 -99.000 -99.000 -99.000 -99.000 -99.000 -99.000 -99.000 -99.000 -99.000 -99.000 1.646 1.650 1.697 1.842 2.085 2.404 2.767 3.127 3.448 3.713 3.924 4.086 4.211 4.310 4.390 4.459 4.520 4.574 4.627 4.677 4.726 4.774 4.822 4.870 4.918 4.966 5.014 5.064 5.114 5.165 5.216 5.267 5.318 5.368 5.415 5.459 5.498 5.531
-99.000 -99.000 -99.000 -99.000 -99.000 -99.000 -99.000 -99.000 -99.000 -99.000 -99.000 -99.000 -99.000 -99.000 -99.000 -99.000 -99.000 -99.000 -99.000 -99.000 -99.000 -99.000 -99.000 -99.000 -99.000 -99.000 -99.000 -99.000 -99.000 -99.000 -99.000 -99.000 -99.000 1.646 1.660 1.744 1.933 2.211 2.554 2.926 3.278 3.580 3.824 4.014 4.160 4.272 4.362 4.436 4.499 4.556 4.607 4.657 4.704 4.751 4.797 4.843 4.889 4.935 4.981 5.028 5.077 5.126 5.177 5.228 5.280 5.332 5.383 5.432 5.478 5.519 5.554
-99.000 -99.000 -99.000 -99.000 -99.000 -99.000 -99.000 -99.000 -99.000 -99.000 -99.000 -99.000 -99.000 -99.000 -99.000 -99.000 -99.000 -99.000 -99.000 -99.000 -99.000 -99.000 -99.000 -99.000 -99.000 -99.000 -99.000 -99.000 -99.000 -99.000 -99.000 -99.000 1.646 1.648 1.683 1.810 2.040 2.348 2.710 3.084 3.422 3.704 3.928 4.099 4.230 4.331 4.412 4.480 4.539 4.592 4.640 4.688 4.733 4.778 4.821 4.865 4.908 4.953 4.997 5.043 5.091 5.139 5.190 5.241 5.293 5.345 5.397 5.447 5.494 5.537 5.575
-99.000 -99.000 -99.000 -99.000 -99.000 -99.000 -99.000 -99.000 -99.000 -99.000 -99.000 -99.000 -99.000 -99.000 -99.000 -99.000 -99.000 -99.000 -99.000 -99.000 -99.000 -99.000 -99.000 -99.000 -99.000 -99.000 -99.000 -99.000 -99.000 -99.000 -99.000 -99.000 1.646 1.655 1.723 1.895 2.160 2.495 2.870 3.239 3.560 3.821 4.023 4.178 4.295 4.387 4.462 4.525 4.580 4.629 4.675 4.720 4.763 4.805 4.847 4.888 4.930 4.972 5.015 5.060 5.106 5.153 5.203 5.254 5.305 5.358 5.410 5.461 5.509 5.553 5.593
-99.000 -99.000 -99.000 -99.000 -99.000 -99.000 -99.000 -99.000 -99.000 -99.000 -99.000 -99.000 -99.000 -99.000 -99.000 -99.000 -99.000 -99.000 -99.000 -99.000 -99.000 -99.000 -99.000 -99.000 -99.000 -99.000 -99.000 -99.000 -99.000 -99.000 -99.000 -99.000 1.647 1.672 1.782 1.995 2.293 2.649 3.030 3.388 3.689 3.928 4.112 4.251 4.357 4.441 4.510 4.569 4.621 4.668 4.712 4.754 4.795 4.835 4.875 4.914 4.953 4.994 5.035 5.078 5.122 5.168 5.217 5.266 5.318 5.369 5.421 5.472 5.521 5.567 5.607
-99.000 -99.000 -99.000 -99.000 -99.000 -99.000 -99.000 -99.000 -99.000 -99.000 -99.000 -99.000 -99.000 -99.000 -99.000 -99.000 -99.000 -99.000 -99.000 -99.000 -99.000 -99.000 -99.000 -99.000 -99.000 -99.000 -99.000 -99.000 -99.000 -99.000 -99.000 1.646 1.652 1.705 1.859 2.110 2.436 2.808 3.188 3.529 3.809 4.027 4.193 4.319 4.416 4.493 4.558 4.613 4.663 4.708 4.749 4.790 4.829 4.867 4.905 4.942 4.980 5.018 5.057 5.098 5.140 5.185 5.231 5.280 5.329 5.380 5.431 5.482 5.531 5.577 5.619
-99.000 -99.000 -99.000 -99.000 -99.000 -99.000 -99.000 -99.000 -99.000 -99.000 -99.000 -99.000 -99.000 -99.000 -99.000 -99.000 -99.000 -99.000 -99.000 -99.000 -99.000 -99.000 -99.000 -99.000 -99.000 -99.000 -99.000 -99.000 -99.000 -99.000 -99.000 1.647 1.664 1.756 1.953 2.238 2.587 2.968 3.341 3.661 3.918 4.116 4.267 4.381 4.471 4.543 4.604 4.658 4.705 4.748 4.789 4.828 4.866 4.902 4.938 4.973 5.009 5.045 5.082 5.120 5.161 5.203 5.247 5.293 5.341 5.390 5.440 5.490 5.539 5.585 5.628
-99.000 -99.000 -99.000 -99.000 -99.000 -99.000 -99.000 -99.000 -99.000 -99.000 -99.000 -99.000 -99.000 -99.000 -99.000 -99.000 -99.000 -99.000 -99.000 -99.000 -99.000 -99.000 -99.000 -99.000 -99.000 -99.000 -99.000 -99.000 -99.000 -99.000 1.646 1.649 1.689 1.825 2.062 2.376 2.743 3.127 3.485 3.783 4.018 4.197 4.334 4.439 4.523 4.591 4.650 4.701 4.748 4.790 4.830 4.868 4.904 4.940 4.974 5.008 5.042 5.076 5.111 5.146 5.184 5.223 5.265 5.308 5.353 5.400 5.448 5.497 5.545 5.591 5.634
-99.000 -99.000 -99.000 -99.000 -99.000 -99.000 -99.000 -99.000 -99.000 -99.000 -99.000 -99.000 -99.000 -99.000 -99.000 -99.000 -99.000 -99.000 -99.000 -99.000 -99.000 -99.000 -99.000 -99.000 -99.000 -99.000 -99.000 -99.000 -99.000 -99.000 1.646 1.657 1.732 1.912 2.183 2.523 2.901 3.281 3.620 3.894 4.107 4.270 4.394 4.492 4.571 4.637 4.694 4.745 4.791 4.832 4.871 4.909 4.945 4.980 5.013 5.046 5.078 5.111 5.143 5.176 5.211 5.247 5.285 5.325 5.367 5.411 5.456 5.503 5.549 5.595 5.639
-99.000 -99.000 -99.000 -99.000 -99.000 -99.000 -99.000 -99.000 -99.000 -99.000 -99.000 -99.000 -99.000 -99.000 -99.000 -99.000 -99.000 -99.000 -99.000 -99.000 -99.000 -99.000 -99.000 -99.000 -99.000 -99.000 -99.000 -99.000 -99.000 1.646 1.648 1.676 1.793 2.014 2.316 2.675 3.059 3.428 3.743 3.994 4.187 4.334 4.449 4.540 4.615 4.680 4.736 4.786 4.833 4.874 4.913 4.951 4.987 5.022 5.055 5.087 5.119 5.150 5.180 5.211 5.242 5.274 5.308 5.344 5.382 5.423 5.466 5.510 5.554 5.599 5.643
-99.000 -99.000 -99.000 -99.000 -99.000 -99.000 -99.000 -99.000 -99.000 -99.000 -99.000 -99.000 -99.000 -99.000 -99.000 -99.000 -99.000 -99.000 -99.000 -99.000 -99.000 -99.000 -99.000 -99.000 -99.000 -99.000 -99.000 -99.000 -99.000 1.646 1.653 1.711 1.872 2.128 2.457 2.830 3.213 3.565 3.855 4.082 4.256 4.391 4.497 4.584 4.657 4.720 4.776 4.827 4.873 4.916 4.955 4.994 5.030 5.065 5.099 5.131 5.162 5.192 5.221 5.249 5.278 5.306 5.336 5.368 5.401 5.438 5.477 5.518 5.561 5.605 5.649
-99.000 -99.000 -99.000 -99.000 -99.000 -99.000 -99.000 -99.000 -99.000 -99.000 -99.000 -99.000 -99.000 -99.000 -99.000 -99.000 -99.000 -99.000 -99.000 -99.000 -99.000 -99.000 -99.000 -99.000 -99.000 -99.000 -99.000 -99.000 -99.000 1.647 1.666 1.763 1.965 2.254 2.604 2.985 3.361 3.690 3.954 4.159 4.317 4.441 4.541 4.623 4.694 4.757 4.813 4.865 4.912 4.956 4.997 5.036 5.074 5.109 5.144 5.177 5.208 5.238 5.266 5.292 5.318 5.343 5.369 5.396 5.425 5.457 5.492 5.530 5.570 5.612 5.656
-99.000 -99.000 -99.000 -99.000 -99.000 -99.000 -99.000 -99.000 -99.000 -99.000 -99.000 -99.000 -99.000 -99.000 -99.000 -99.000 -99.000 -99.000 -99.000 -99.000 -99.000 -99.000 -99.000 -99.000 -99.000 -99.000 -99.000 -99.000 1.646 1.650 1.692 1.832 2.072 2.388 2.755 3.138 3.499 3.802 4.042 4.227 4.371 4.485 4.579 4.659 4.728 4.791 4.848 4.900 4.949 4.994 5.036 5.077 5.116 5.153 5.189 5.223 5.255 5.285 5.313 5.339 5.363 5.385 5.407 5.429 5.453 5.480 5.511 5.545 5.582 5.623 5.666
-99.000 -99.000 -99.000 -99.000 -99.000 -99.000 -99.000 -99.000 -99.000 -99.000 -99.000 -99.000 -99.000 -99.000 -99.000 -99.000 -99.000 -99.000 -99.000 -99.000 -99.000 -99.000 -99.000 -99.000 -99.000 -99.000 -99.000 -99.000 1.646 1.658 1.735 1.917 2.190 2.529 2.906 3.285 3.626 3.903 4.119 4.287 4.418 4.524 4.613 4.690 4.759 4.821 4.879 4.933 4.983 5.029 5.073 5.116 5.156 5.196 5.233 5.269 5.302 5.334 5.362 5.388 5.411 5.432 5.450 5.468 5.488 5.509 5.535 5.564 5.599 5.637 5.680
-99.000 -99.000 -99.000 -99.000 -99.000 -99.000 -99.000 -99.000 -99.000 -99.000 -99.000 -99.000 -99.000 -99.000 -99.000 -99.000 -99.000 -99.000 -99.000 -99.000 -99.000 -99.000 -99.000 -99.000 -99.000 -99.000 -99.000 1.646 1.648 1.677 1.795 2.015 2.317 2.675 3.057 3.425 3.741 3.993 4.188 4.339 4.460 4.559 4.644 4.719 4.786 4.849 4.907 4.962 5.013 5.061 5.107 5.152 5.194 5.236 5.275 5.313 5.349 5.382 5.412 5.439 5.462 5.482 5.498 5.513 5.527 5.544 5.564 5.589 5.619 5.655 5.696
-99.000 -99.000 -99.000 -99.000 -99.000 -99.000 -99.000 -99.000 -99.000 -99.000 -99.000 -99.000 -99.000 -99.000 -99.000 -99.000 -99.000 -99.000 -99.000 -99.000 -99.000 -99.000 -99.000 -99.000 -99.000 -99.000 -99.000 1.646 1.653 1.710 1.870 2.126 2.453 2.824 3.204 3.555 3.845 4.072 4.248 4.386 4.497 4.590 4.671 4.744 4.811 4.873 4.932 4.987 5.040 5.090 5.137 5.184 5.229 5.272 5.314 5.355 5.393 5.428 5.461 5.490 5.514 5.534 5.549 5.562 5.572 5.584 5.599 5.618 5.644 5.677 5.716
-99.000 -99.000 -99.000 -99.000 -99.000 -99.000 -99.000 -99.000 -99.000 -99.000 -99.000 -99.000 -99.000 -99.000 -99.000 -99.000 -99.000 -99.000 -99.000 -99.000 -99.000 -99.000 -99.000 -99.000 -99.000 -99.000 -99.000 1.647 1.665 1.760 1.960 2.246 2.594 2.973 3.346 3.674 3.938 4.143 4.303 4.428 4.531 4.619 4.696 4.767 4.833 4.894 4.953 5.009 5.063 5.114 5.164 5.213 5.260 5.306 5.350 5.393 5.434 5.472 5.508 5.539 5.565 5.586 5.602 5.613 5.621 5.629 5.639 5.653 5.674 5.703 5.740
-99.000 -99.000 -99.000 -99.000 -99.000 -99.000 -99.000 -99.000 -99.000 -99.000 -99.000 -99.000 -99.000 -99.000 -99.000 -99.000 -99.000 -99.000 -99.000 -99.000 -99.000 -99.000 -99.000 -99.000 -99.000 -99.000 1.646 1.649 1.690 1.826 2.063 2.376 2.739 3.120 3.480 3.782 4.021 4.207 4.351 4.467 4.563 4.645 4.720 4.788 4.853 4.914 4.972 5.029 5.083 5.136 5.187 5.237 5.286 5.335 5.382 5.427 5.471 5.513 5.551 5.585 5.614 5.638 5.655 5.666 5.673 5.678 5.683 5.693 5.709 5.734 5.767
-99.000 -99.000 -99.000 -99.000 -99.000 -99.000 -99.000 -99.000 -99.000 -99.000 -99.000 -99.000 -99.000 -99.000 -99.000 -99.000 -99.000 -99.000 -99.000 -99.000 -99.000 -99.000 -99.000 -99.000 -99.000 -99.000 1.646 1.657 1.730 1.907 2.176 2.513 2.887 3.265 3.604 3.881 4.097 4.264 4.395 4.502 4.592 4.670 4.742 4.808 4.871 4.931 4.989 5.046 5.101 5.153 5.206 5.258 5.309 5.359 5.409 5.457 5.504 5.549 5.590 5.628 5.660 5.687 5.706 5.719 5.726 5.729 5.732 5.737 5.750 5.770 5.800
-99.000 -99.000 -99.000 -99.000 -99.000 -99.000 -99.000 -99.000 -99.000 -99.000 -99.000 -99.000 -99.000 -99.000 -99.000 -99.000 -99.000 -99.000 -99.000 -99.000 -99.000 -99.000 -99.000 -99.000 -99.000 -99.000 1.647 1.674 1.786 2.002 2.300 2.655 3.035 3.403 3.719 3.970 4.165 4.316 4.436 4.535 4.619 4.694 4.763 4.828 4.889 4.948 5.005 5.061 5.116 5.169 5.222 5.275 5.328 5.380 5.432 5.483 5.532 5.580 5.624 5.665 5.701 5.731 5.754 5.769 5.778 5.781 5.782 5.786 5.794 5.810 5.836
-99.000 -99.000 -99.000 -99.000 -99.000 -99.000 -99.000 -99.000 -99.000 -99.000 -99.000 -99.000 -99.000 -99.000 -99.000 -99.000 -99.000 -99.000 -99.000 -99.000 -99.000 -99.000 -99.000 -99.000 -99.000 1.647 1.652 1.704 1.858 2.108 2.431 2.801 3.182 3.534 3.824 4.052 4.227 4.364 4.474 4.566 4.645 4.717 4.783 4.846 4.906 4.964 5.020 5.075 5.129 5.182 5.235 5.289 5.343 5.397 5.451 5.504 5.556 5.606 5.654 5.698 5.737 5.771 5.797 5.816 5.827 5.832 5.834 5.836 5.843 5.856 5.878
-99.000 -99.000 -99.000 -99.000 -99.000 -99.000 -99.000 -99.000 -99.000 -99.000 -99.000 -99.000 -99.000 -99.000 -99.000 -99.000 -99.000 -99.000 -99.000 -99.000 -99.000 -99.000 -99.000 -99.000 -99.000 1.648 1.662 1.750 1.944 2.225 2.570 2.950 3.325 3.656 3.921 4.126 4.285 4.409 4.510 4.595 4.671 4.739 4.804 4.864 4.923 4.980 5.035 5.089 5.141 5.194 5.248 5.302 5.356 5.411 5.466 5.521 5.575 5.628 5.678 5.725 5.768 5.805 5.835 5.857 5.872 5.880 5.885 5.888 5.894 5.906 5.924
-99.000 -99.000 -99.000 -99.000 -99.000 -99.000 -99.000 -99.000 -99.000 -99.000 -99.000 -99.000 -99.000 -99.000 -99.000 -99.000 -99.000 -99.000 -99.000 -99.000 -99.000 -99.000 -99.000 -99.000 1.647 1.649 1.684 1.813 2.043 2.352 2.715 3.098 3.463 3.769 4.010 4.196 4.338 4.451 4.544 4.624 4.695 4.761 4.823 4.882 4.940 4.995 5.049 5.102 5.154 5.206 5.260 5.313 5.368 5.423 5.479 5.535 5.591 5.645 5.698 5.747 5.793 5.833 5.867 5.893 5.912 5.925 5.933 5.940 5.947 5.958 5.975
-99.000 -99.000 -99.000 -99.000 -99.000 -99.000 -99.000 -99.000 -99.000 -99.000 -99.000 -99.000 -99.000 -99.000 -99.000 -99.000 -99.000 -99.000 -99.000 -99.000 -99.000 -99.000 -99.000 -99.000 1.647 1.655 1.721 1.890 2.153 2.487 2.863 3.245 3.592 3.874 4.093 4.260 4.389 4.492 4.578 4.653 4.720 4.783 4.843 4.901 4.956 5.010 5.063 5.116 5.167 5.218 5.271 5.325 5.379 5.434 5.491 5.547 5.603 5.659 5.713 5.765 5.813 5.856 5.893 5.923 5.947 5.965 5.978 5.989 6.000 6.013 6.030
-99.000 -99.000 -99.000 -99.000 -99.000 -99.000 -99.000 -99.000 -99.000 -99.000 -99.000 -99.000 -99.000 -99.000 -99.000 -99.000 -99.000 -99.000 -99.000 -99.000 -99.000 -99.000 -99.000 -99.000 1.648 1.669 1.773 1.981 2.274 2.629 3.013 3.388 3.714 3.972 4.170 4.321 4.438 4.532 4.612 4.682 4.746 4.806 4.864 4.919 4.973 5.026 5.078 5.130 5.180 5.231 5.283 5.336 5.390 5.445 5.500 5.557 5.613 5.670 5.725 5.778 5.828 5.873 5.913 5.948 5.976 6.000 6.019 6.035 6.051 6.067 6.086
-99.000 -99.000 -99.000 -99.000 -99.000 -99.000 -99.000 -99.000 -99.000 -99.000 -99.000 -99.000 -99.000 -99.000 -99.000 -99.000 -99.000 -99.000 -99.000 -99.000 -99.000 -99.000 -99.000 1.647 1.651 1.697 1.842 2.086 2.406 2.776 3.162 3.525 3.827 4.062 4.241 4.377 4.484 4.571 4.645 4.711 4.772 4.830 4.885 4.939 4.992 5.043 5.094 5.145 5.194 5.244 5.295 5.347 5.400 5.454 5.509 5.565 5.621 5.677 5.733 5.786 5.838 5.886 5.929 5.967 6.000 6.029 6.055 6.078 6.099 6.121 6.142
-99.000 -99.000 -99.000 -99.000 -99.000 -99.000 -99.000 -99.000 -99.000 -99.000 -99.000 -99.000 -99.000 -99.000 -99.000 -99.000 -99.000 -99.000 -99.000 -99.000 -99.000 -99.000 -99.000 1.647 1.661 1.740 1.926 2.202 2.545 2.926 3.310 3.654 3.931 4.145 4.307 4.431 4.529 4.610 4.679 4.742 4.800 4.855 4.908 4.960 5.011 5.062 5.111 5.161 5.209 5.258 5.308 5.359 5.410 5.463 5.516 5.571 5.626 5.681 5.737 5.791 5.844 5.893 5.939 5.981 6.019 6.053 6.085 6.115 6.144 6.171 6.197
-99.000 -99.000 -99.000 -99.000 -99.000 -99.000 -99.000 -99.000 -99.000 -99.000 -99.000 -99.000 -99.000 -99.000 -99.000 -99.000 -99.000 -99.000 -99.000 -99.000 -99.000 -99.000 1.647 1.649 1.680 1.800 2.024 2.329 2.692 3.078 3.452 3.774 4.027 4.220 4.367 4.480 4.571 4.647 4.714 4.774 4.829 4.883 4.934 4.984 5.033 5.082 5.130 5.178 5.225 5.273 5.321 5.370 5.420 5.471 5.522 5.575 5.629 5.683 5.738 5.792 5.845 5.896 5.944 5.990 6.032 6.073 6.111 6.148 6.184 6.217 6.249
