TsunamiDB/out54105.asc
ncols          264
nrows          230
xllcorner      497853.4375
yllcorner      4229146.0000
cellsize         5.
NODATA_value   -99
[rows 136 to 169 of 230, columns 0 to 76 of 264]
4.840 4.867 4.894 4.921 4.946 4.972 4.997 5.022 5.045 5.068 5.091 5.114 5.137 5.159 5.182 5.204 5.225 5.247 5.268 5.289 5.310 5.331 5.352 5.372 5.392 5.412 5.432 5.452 5.472 5.492 5.511 5.530 5.547 5.565 5.583 5.601 5.619 5.637 5.654 5.671 5.687 5.703 5.719 5.734 5.748 5.762 5.776 5.788 5.801 5.812 5.823 5.834 5.844 5.853 5.861 5.869 5.876 5.883 5.891 5.899 5.906 5.914 5.922 5.930 5.939 5.948 5.957 5.966 5.975 5.984 5.994 6.004 6.013 6.023 6.033 6.043 6.052
4.854 4.881 4.908 4.934 4.959 4.985 5.010 5.034 5.057 5.080 5.103 5.125 5.148 5.170 5.192 5.214 5.236 5.257 5.278 5.299 5.320 5.341 5.361 5.381 5.401 5.421 5.441 5.461 5.481 5.500 5.520 5.538 5.555 5.574 5.592 5.610 5.628 5.646 5.663 5.680 5.697 5.713 5.729 5.745 5.760 5.774 5.788 5.802 5.815 5.827 5.838 5.849 5.860 5.870 5.878 5.886 5.893 5.900 5.908 5.915 5.922 5.930 5.937 5.945 5.952 5.960 5.969 5.977 5.986 5.995 6.004 6.013 6.022 6.032 6.041 6.051 6.060
4.868 4.895 4.921 4.947 4.973 4.998 5.022 5.047 5.069 5.092 5.114 5.137 5.159 5.181 5.203 5.225 5.246 5.267 5.288 5.309 5.330 5.350 5.370 5.390 5.410 5.430 5.450 5.470 5.489 5.509 5.528 5.546 5.564 5.582 5.600 5.618 5.636 5.654 5.671 5.689 5.706 5.722 5.739 5.755 5.770 5.785 5.800 5.814 5.827 5.840 5.852 5.864 5.875 5.886 5.895 5.902 5.910 5.918 5.925 5.932 5.939 5.946 5.953 5.960 5.967 5.975 5.982 5.990 5.998 6.006 6.014 6.023 6.032 6.041 6.050 6.060 6.069
4.882 4.909 4.935 4.961 4.986 5.011 5.035 5.059 5.082 5.104 5.126 5.149 5.171 5.193 5.214 5.236 5.257 5.278 5.298 5.319 5.339 5.360 5.380 5.400 5.419 5.439 5.459 5.478 5.497 5.517 5.536 5.554 5.571 5.590 5.608 5.626 5.644 5.662 5.679 5.697 5.714 5.731 5.747 5.764 5.780 5.795 5.810 5.825 5.839 5.852 5.865 5.878 5.890 5.901 5.910 5.919 5.927 5.935 5.943 5.950 5.957 5.964 5.970 5.977 5.984 5.990 5.997 6.004 6.011 6.019 6.027 6.035 6.043 6.051 6.060 6.069 6.078
4.897 4.924 4.950 4.975 5.000 5.024 5.049 5.072 5.095 5.117 5.139 5.161 5.183 5.204 5.226 5.247 5.268 5.288 5.309 5.329 5.349 5.369 5.389 5.409 5.428 5.448 5.467 5.486 5.506 5.525 5.544 5.562 5.579 5.597 5.615 5.633 5.651 5.669 5.687 5.704 5.722 5.739 5.756 5.772 5.788 5.804 5.820 5.835 5.849 5.863 5.877 5.890 5.902 5.914 5.925 5.934 5.943 5.951 5.960 5.967 5.975 5.982 5.988 5.995 6.001 6.007 6.013 6.020 6.026 6.033 6.040 6.048 6.055 6.063 6.071 6.079 6.088
4.912 4.938 4.964 4.989 5.014 5.038 5.062 5.086 5.108 5.130 5.152 5.173 5.195 5.216 5.237 5.258 5.279 5.299 5.319 5.339 5.359 5.379 5.399 5.418 5.438 5.457 5.476 5.495 5.514 5.533 5.552 5.570 5.587 5.605 5.623 5.641 5.659 5.677 5.694 5.712 5.729 5.746 5.763 5.780 5.796 5.812 5.828 5.843 5.859 5.873 5.887 5.901 5.914 5.927 5.938 5.948 5.957 5.967 5.976 5.984 5.992 5.999 6.006 6.013 6.019 6.025 6.031 6.037 6.043 6.049 6.055 6.062 6.069 6.076 6.083 6.091 6.099
4.927 4.953 4.979 5.004 5.029 5.053 5.077 5.100 5.122 5.143 5.165 5.187 5.208 5.229 5.250 5.270 5.290 5.311 5.330 5.350 5.370 5.389 5.409 5.428 5.447 5.466 5.485 5.504 5.522 5.541 5.560 5.578 5.595 5.612 5.630 5.648 5.666 5.684 5.701 5.719 5.736 5.753 5.770 5.787 5.803 5.820 5.836 5.852 5.867 5.882 5.897 5.911 5.924 5.938 5.950 5.960 5.971 5.981 5.991 6.000 6.008 6.016 6.023 6.030 6.037 6.043 6.049 6.055 6.060 6.066 6.072 6.078 6.084 6.090 6.097 6.104 6.111
4.943 4.969 4.994 5.019 5.044 5.068 5.091 5.114 5.136 5.157 5.179 5.200 5.221 5.242 5.262 5.283 5.303 5.322 5.342 5.361 5.381 5.400 5.419 5.438 5.457 5.475 5.494 5.513 5.531 5.550 5.568 5.586 5.603 5.620 5.638 5.656 5.673 5.691 5.708 5.726 5.743 5.760 5.777 5.794 5.811 5.827 5.843 5.859 5.875 5.890 5.905 5.919 5.934 5.948 5.960 5.971 5.983 5.994 6.004 6.014 6.023 6.032 6.040 6.048 6.055 6.061 6.067 6.073 6.079 6.084 6.090 6.095 6.101 6.106 6.112 6.119 6.125
4.959 4.985 5.010 5.035 5.059 5.083 5.106 5.129 5.151 5.172 5.193 5.214 5.235 5.255 5.276 5.296 5.315 5.335 5.354 5.373 5.392 5.411 5.430 5.448 5.467 5.485 5.504 5.522 5.540 5.559 5.577 5.594 5.611 5.628 5.646 5.663 5.681 5.698 5.716 5.733 5.750 5.767 5.784 5.801 5.817 5.834 5.850 5.866 5.882 5.897 5.913 5.928 5.942 5.956 5.969 5.981 5.993 6.005 6.016 6.027 6.037 6.047 6.055 6.064 6.071 6.078 6.085 6.091 6.097 6.103 6.108 6.113 6.118 6.124 6.129 6.135 6.141
4.975 5.001 5.026 5.051 5.075 5.099 5.122 5.144 5.166 5.187 5.208 5.229 5.249 5.270 5.290 5.309 5.329 5.348 5.367 5.386 5.404 5.423 5.441 5.460 5.478 5.496 5.514 5.532 5.550 5.568 5.586 5.603 5.619 5.636 5.654 5.671 5.688 5.706 5.723 5.740 5.757 5.774 5.791 5.808 5.824 5.841 5.857 5.873 5.889 5.904 5.920 5.935 5.950 5.965 5.978 5.990 6.003 6.015 6.027 6.039 6.050 6.060 6.070 6.079 6.087 6.095 6.102 6.109 6.115 6.121 6.126 6.132 6.137 6.142 6.147 6.152 6.158
4.991 5.017 5.042 5.067 5.091 5.114 5.137 5.160 5.181 5.202 5.223 5.244 5.264 5.284 5.304 5.323 5.343 5.362 5.380 5.399 5.417 5.435 5.453 5.471 5.489 5.507 5.525 5.542 5.560 5.578 5.595 5.612 5.628 5.645 5.662 5.679 5.696 5.713 5.731 5.747 5.764 5.781 5.798 5.814 5.831 5.847 5.864 5.880 5.896 5.911 5.927 5.942 5.957 5.972 5.986 5.999 6.012 6.024 6.037 6.049 6.061 6.072 6.082 6.092 6.101 6.110 6.118 6.125 6.132 6.139 6.145 6.150 6.156 6.161 6.166 6.171 6.176
5.007 5.033 5.058 5.083 5.107 5.130 5.153 5.176 5.197 5.218 5.239 5.259 5.280 5.299 5.319 5.338 5.357 5.376 5.394 5.413 5.431 5.448 5.466 5.484 5.501 5.519 5.536 5.553 5.571 5.588 5.605 5.622 5.637 5.654 5.671 5.688 5.705 5.722 5.738 5.755 5.772 5.788 5.805 5.821 5.838 5.854 5.870 5.886 5.902 5.918 5.934 5.949 5.964 5.979 5.993 6.006 6.020 6.033 6.046 6.058 6.071 6.082 6.094 6.104 6.114 6.124 6.133 6.141 6.148 6.155 6.162 6.168 6.174 6.179 6.184 6.189 6.194
5.023 5.048 5.074 5.098 5.123 5.146 5.169 5.192 5.213 5.233 5.254 5.275 5.295 5.315 5.334 5.354 5.372 5.391 5.409 5.427 5.445 5.462 5.480 5.497 5.514 5.531 5.548 5.565 5.582 5.599 5.616 5.632 5.647 5.664 5.680 5.697 5.713 5.730 5.747 5.763 5.780 5.796 5.812 5.829 5.845 5.861 5.877 5.893 5.909 5.925 5.940 5.956 5.971 5.986 6.000 6.014 6.027 6.041 6.054 6.067 6.080 6.092 6.104 6.115 6.126 6.136 6.146 6.155 6.163 6.171 6.178 6.185 6.191 6.197 6.203 6.208 6.213
5.038 5.064 5.089 5.114 5.138 5.162 5.186 5.207 5.228 5.249 5.270 5.291 5.311 5.331 5.350 5.369 5.388 5.406 5.424 5.442 5.459 5.477 5.494 5.511 5.528 5.544 5.561 5.578 5.594 5.611 5.627 5.643 5.658 5.674 5.690 5.706 5.723 5.739 5.755 5.771 5.788 5.804 5.820 5.836 5.852 5.868 5.884 5.900 5.916 5.932 5.947 5.963 5.978 5.993 6.007 6.021 6.035 6.048 6.062 6.075 6.088 6.101 6.113 6.125 6.137 6.148 6.158 6.168 6.177 6.185 6.193 6.201 6.208 6.214 6.221 6.226 6.232
5.054 5.080 5.105 5.130 5.154 5.178 5.201 5.223 5.244 5.265 5.286 5.307 5.327 5.346 5.366 5.385 5.403 5.422 5.440 5.457 5.475 5.492 5.509 5.525 5.542 5.558 5.575 5.591 5.607 5.623 5.639 5.654 5.669 5.685 5.700 5.716 5.732 5.748 5.764 5.780 5.796 5.812 5.828 5.844 5.860 5.876 5.892 5.907 5.923 5.939 5.954 5.970 5.985 6.000 6.014 6.028 6.042 6.056 6.069 6.083 6.097 6.110 6.122 6.135 6.146 6.158 6.169 6.179 6.189 6.199 6.207 6.216 6.223 6.231 6.237 6.243 6.249
5.069 5.095 5.120 5.145 5.169 5.193 5.216 5.238 5.259 5.280 5.301 5.322 5.342 5.362 5.382 5.401 5.419 5.437 5.455 5.473 5.490 5.507 5.524 5.540 5.557 5.573 5.589 5.605 5.621 5.636 5.652 5.666 5.681 5.696 5.712 5.727 5.743 5.758 5.774 5.790 5.805 5.821 5.837 5.852 5.868 5.884 5.899 5.915 5.931 5.946 5.962 5.977 5.992 6.007 6.021 6.035 6.049 6.063 6.077 6.091 6.104 6.118 6.131 6.143 6.156 6.168 6.179 6.190 6.201 6.211 6.220 6.229 6.237 6.245 6.253 6.260 6.266
5.083 5.109 5.134 5.159 5.184 5.207 5.231 5.253 5.274 5.295 5.316 5.337 5.358 5.377 5.397 5.416 5.435 5.453 5.471 5.489 5.506 5.523 5.539 5.556 5.572 5.588 5.604 5.619 5.635 5.650 5.666 5.679 5.694 5.708 5.723 5.739 5.754 5.769 5.784 5.799 5.815 5.830 5.846 5.861 5.876 5.892 5.907 5.923 5.938 5.954 5.969 5.984 6.000 6.015 6.029 6.042 6.056 6.070 6.084 6.098 6.112 6.126 6.139 6.152 6.165 6.177 6.189 6.200 6.211 6.222 6.232 6.241 6.250 6.259 6.267 6.275 6.282
5.098 5.123 5.149 5.173 5.198 5.222 5.245 5.267 5.288 5.310 5.331 5.352 5.372 5.392 5.412 5.431 5.450 5.468 5.486 5.504 5.521 5.538 5.555 5.571 5.587 5.603 5.619 5.634 5.650 5.665 5.679 5.693 5.707 5.721 5.736 5.751 5.765 5.780 5.795 5.810 5.825 5.840 5.855 5.870 5.885 5.901 5.916 5.931 5.946 5.962 5.977 5.992 6.007 6.022 6.036 6.050 6.064 6.078 6.092 6.106 6.120 6.134 6.147 6.160 6.173 6.186 6.198 6.210 6.221 6.232 6.243 6.253 6.263 6.272 6.280 6.289 6.297
5.112 5.137 5.162 5.187 5.211 5.235 5.259 5.281 5.302 5.324 5.345 5.366 5.387 5.407 5.426 5.446 5.465 5.483 5.501 5.519 5.536 5.553 5.570 5.587 5.603 5.618 5.634 5.649 5.665 5.680 5.694 5.707 5.721 5.735 5.749 5.763 5.778 5.792 5.807 5.821 5.836 5.850 5.865 5.880 5.895 5.910 5.925 5.940 5.955 5.970 5.985 6.000 6.015 6.030 6.044 6.057 6.071 6.086 6.100 6.114 6.128 6.142 6.155 6.168 6.182 6.194 6.207 6.219 6.231 6.242 6.253 6.264 6.274 6.284 6.293 6.302 6.310
5.126 5.151 5.176 5.201 5.225 5.249 5.272 5.294 5.315 5.337 5.358 5.380 5.400 5.420 5.440 5.460 5.479 5.497 5.516 5.534 5.551 5.568 5.585 5.602 5.618 5.634 5.649 5.665 5.680 5.695 5.708 5.721 5.735 5.749 5.763 5.777 5.791 5.805 5.819 5.833 5.847 5.861 5.876 5.890 5.905 5.919 5.934 5.949 5.963 5.978 5.993 6.008 6.024 6.038 6.051 6.065 6.079 6.093 6.108 6.122 6.136 6.150 6.163 6.177 6.190 6.203 6.216 6.228 6.240 6.252 6.263 6.274 6.285 6.295 6.305 6.314 6.323
5.139 5.164 5.189 5.214 5.238 5.262 5.285 5.307 5.328 5.350 5.371 5.393 5.413 5.434 5.454 5.473 5.492 5.511 5.530 5.548 5.565 5.583 5.600 5.616 5.632 5.648 5.664 5.679 5.694 5.709 5.723 5.736 5.750 5.763 5.777 5.791 5.804 5.818 5.832 5.845 5.859 5.873 5.887 5.901 5.915 5.929 5.944 5.958 5.973 5.987 6.002 6.017 6.032 6.046 6.059 6.073 6.087 6.101 6.116 6.130 6.144 6.158 6.172 6.185 6.198 6.212 6.224 6.237 6.249 6.261 6.273 6.284 6.295 6.306 6.316 6.326 6.335
5.153 5.178 5.202 5.227 5.251 5.274 5.297 5.319 5.341 5.362 5.384 5.405 5.426 5.446 5.466 5.486 5.505 5.524 5.543 5.561 5.579 5.596 5.613 5.630 5.646 5.662 5.678 5.694 5.709 5.724 5.738 5.751 5.764 5.778 5.791 5.805 5.818 5.831 5.845 5.858 5.871 5.885 5.898 5.912 5.926 5.940 5.954 5.968 5.982 5.997 6.011 6.026 6.041 6.054 6.068 6.081 6.095 6.110 6.124 6.138 6.152 6.166 6.180 6.194 6.207 6.220 6.233 6.246 6.259 6.271 6.283 6.294 6.306 6.317 6.327 6.338 6.347
5.166 5.191 5.215 5.239 5.263 5.287 5.310 5.332 5.353 5.374 5.396 5.417 5.438 5.458 5.478 5.498 5.517 5.536 5.555 5.573 5.591 5.609 5.626 5.643 5.660 5.676 5.692 5.707 5.723 5.738 5.752 5.765 5.778 5.792 5.805 5.819 5.832 5.845 5.858 5.871 5.884 5.897 5.910 5.924 5.937 5.951 5.964 5.978 5.992 6.006 6.020 6.035 6.049 6.063 6.076 6.090 6.104 6.118 6.132 6.146 6.160 6.174 6.188 6.202 6.216 6.229 6.242 6.255 6.268 6.280 6.292 6.304 6.316 6.327 6.338 6.349 6.358
5.179 5.204 5.228 5.252 5.276 5.299 5.322 5.344 5.365 5.386 5.408 5.429 5.449 5.470 5.490 5.509 5.529 5.548 5.567 5.585 5.603 5.621 5.638 5.655 5.672 5.689 5.705 5.721 5.736 5.751 5.765 5.779 5.792 5.806 5.819 5.833 5.846 5.859 5.872 5.885 5.897 5.910 5.923 5.936 5.949 5.962 5.975 5.989 6.002 6.016 6.030 6.044 6.059 6.072 6.085 6.099 6.112 6.126 6.141 6.155 6.169 6.183 6.197 6.210 6.224 6.238 6.251 6.264 6.277 6.290 6.302 6.314 6.326 6.337 6.348 6.359 6.369
5.193 5.217 5.241 5.265 5.288 5.311 5.334 5.356 5.377 5.398 5.419 5.440 5.461 5.481 5.501 5.521 5.540 5.559 5.578 5.596 5.614 5.632 5.650 5.667 5.684 5.701 5.717 5.733 5.749 5.764 5.778 5.792 5.806 5.819 5.833 5.846 5.859 5.872 5.885 5.898 5.911 5.923 5.936 5.948 5.961 5.974 5.987 6.000 6.013 6.026 6.040 6.054 6.068 6.081 6.094 6.107 6.121 6.135 6.149 6.163 6.177 6.191 6.205 6.219 6.233 6.246 6.260 6.273 6.286 6.299 6.311 6.324 6.336 6.347 6.359 6.370 6.380
5.206 5.230 5.254 5.278 5.301 5.324 5.346 5.367 5.388 5.409 5.430 5.451 5.472 5.492 5.512 5.531 5.551 5.570 5.588 5.607 5.625 5.643 5.661 5.678 5.695 5.712 5.728 5.744 5.760 5.776 5.790 5.804 5.818 5.832 5.846 5.859 5.873 5.886 5.898 5.911 5.924 5.936 5.948 5.961 5.973 5.986 5.998 6.011 6.024 6.037 6.050 6.064 6.077 6.091 6.103 6.116 6.130 6.144 6.157 6.171 6.185 6.199 6.213 6.227 6.241 6.255 6.268 6.282 6.295 6.308 6.321 6.333 6.345 6.357 6.369 6.380 6.391
5.219 5.243 5.267 5.290 5.313 5.336 5.358 5.379 5.400 5.421 5.442 5.462 5.483 5.503 5.523 5.542 5.561 5.580 5.599 5.617 5.635 5.653 5.671 5.688 5.705 5.722 5.739 5.755 5.771 5.787 5.802 5.816 5.830 5.844 5.858 5.872 5.885 5.898 5.911 5.924 5.936 5.949 5.961 5.973 5.986 5.998 6.010 6.023 6.035 6.048 6.061 6.074 6.087 6.100 6.112 6.125 6.139 6.152 6.166 6.180 6.194 6.208 6.222 6.236 6.249 6.263 6.277 6.290 6.304 6.317 6.330 6.342 6.355 6.367 6.379 6.391 6.401
5.232 5.256 5.280 5.303 5.326 5.348 5.370 5.391 5.412 5.432 5.453 5.474 5.494 5.514 5.533 5.553 5.572 5.590 5.609 5.627 5.645 5.663 5.681 5.698 5.715 5.732 5.749 5.765 5.781 5.797 5.812 5.826 5.841 5.855 5.869 5.883 5.897 5.910 5.923 5.936 5.949 5.961 5.973 5.986 5.998 6.010 6.022 6.034 6.046 6.059 6.071 6.084 6.097 6.110 6.122 6.134 6.147 6.161 6.174 6.188 6.202 6.216 6.230 6.244 6.257 6.271 6.285 6.299 6.312 6.325 6.338 6.351 6.364 6.376 6.389 6.401 6.412
5.245 5.269 5.292 5.315 5.338 5.360 5.382 5.403 5.423 5.444 5.465 5.485 5.505 5.525 5.544 5.563 5.582 5.601 5.619 5.637 5.655 5.673 5.690 5.708 5.725 5.742 5.758 5.775 5.791 5.807 5.822 5.836 5.851 5.865 5.880 5.894 5.908 5.921 5.935 5.948 5.961 5.973 5.985 5.998 6.010 6.022 6.034 6.046 6.058 6.070 6.082 6.095 6.107 6.119 6.131 6.143 6.156 6.169 6.183 6.196 6.210 6.224 6.238 6.252 6.265 6.279 6.293 6.307 6.320 6.334 6.347 6.360 6.373 6.385 6.398 6.410 6.422
5.258 5.281 5.305 5.328 5.350 5.372 5.394 5.415 5.435 5.456 5.476 5.496 5.516 5.536 5.555 5.574 5.593 5.611 5.629 5.647 5.665 5.682 5.700 5.717 5.734 5.751 5.767 5.784 5.800 5.816 5.831 5.845 5.860 5.875 5.890 5.904 5.918 5.932 5.945 5.959 5.972 5.984 5.997 6.009 6.021 6.033 6.045 6.057 6.069 6.081 6.093 6.105 6.117 6.129 6.141 6.153 6.165 6.178 6.191 6.205 6.218 6.232 6.246 6.259 6.273 6.287 6.301 6.314 6.328 6.341 6.355 6.368 6.381 6.394 6.407 6.419 6.431
5.270 5.293 5.317 5.340 5.362 5.384 5.406 5.426 5.446 5.467 5.487 5.507 5.527 5.546 5.566 5.584 5.603 5.621 5.639 5.657 5.675 5.692 5.709 5.726 5.743 5.760 5.776 5.793 5.809 5.825 5.840 5.854 5.869 5.884 5.899 5.913 5.928 5.942 5.955 5.969 5.982 5.995 6.008 6.020 6.032 6.044 6.056 6.068 6.080 6.092 6.104 6.115 6.128 6.139 6.150 6.162 6.174 6.187 6.200 6.213 6.226 6.240 6.253 6.267 6.281 6.294 6.308 6.322 6.335 6.349 6.363 6.376 6.389 6.402 6.415 6.428 6.440
5.281 5.305 5.328 5.351 5.374 5.396 5.417 5.437 5.457 5.478 5.498 5.518 5.538 5.557 5.576 5.595 5.614 5.632 5.650 5.667 5.685 5.702 5.719 5.736 5.752 5.769 5.785 5.802 5.818 5.833 5.848 5.863 5.878 5.893 5.907 5.922 5.936 5.951 5.965 5.978 5.992 6.005 6.018 6.030 6.043 6.055 6.067 6.079 6.091 6.102 6.114 6.126 6.138 6.149 6.160 6.171 6.183 6.195 6.208 6.221 6.234 6.247 6.261 6.274 6.288 6.301 6.315 6.329 6.343 6.356 6.370 6.383 6.397 6.410 6.423 6.436 6.448
5.292 5.316 5.339 5.362 5.384 5.407 5.428 5.448 5.468 5.489 5.509 5.529 5.549 5.568 5.587 5.606 5.624 5.642 5.660 5.677 5.695 5.712 5.729 5.745 5.762 5.778 5.794 5.810 5.826 5.842 5.857 5.871 5.886 5.901 5.916 5.930 5.945 5.959 5.973 5.987 6.001 6.014 6.027 6.040 6.053 6.065 6.077 6.089 6.101 6.113 6.124 6.136 6.148 6.159 6.169 6.180 6.192 6.204 6.216 6.229 6.242 6.255 6.268 6.281 6.295 6.308 6.322 6.336 6.349 6.363 6.377 6.390 6.404 6.417 6.431 6.444 6.456
5.303 5.326 5.349 5.372 5.395 5.417 5.438 5.458 5.479 5.499 5.520 5.540 5.559 5.579 5.598 5.616 5.635 5.653 5.670 5.688 5.705 5.722 5.738 5.755 5.771 5.787 5.803 5.819 5.835 5.851 5.865 5.879 5.894 5.909 5.924 5.938 5.953 5.967 5.981 5.995 6.009 6.023 6.036 6.049 6.062 6.074 6.087 6.099 6.111 6.122 6.134 6.146 6.157 6.168 6.178 6.189 6.201 6.213 6.225 6.237 6.250 6.262 6.275 6.288 6.302 6.315 6.329 6.342 6.356 6.370 6.383 6.397 6.411 6.424 6.438 6.451 6.463
