TsunamiDB/out54092.asc
ncols          264
nrows          230
xllcorner      497853.4375
yllcorner      4229146.0000
cellsize         5.
NODATA_value   -99
[rows 0 to 33 of 230, columns 154 to 230 of 264]
5.917 5.925 5.934 5.943 5.951 5.960 5.969 5.977 5.985 5.993 6.001 6.009 6.017 6.025 6.033 6.041 6.049 6.058 6.066 6.075 6.085 6.094 6.104 6.113 6.121 6.130 6.139 6.149 6.159 6.168 6.178 6.188 6.198 6.208 6.217 6.227 6.237 6.247 6.257 6.267 6.277 6.287 6.297 6.307 6.317 6.327 6.337 6.345 6.354 6.362 6.371 6.379 6.388 6.396 6.404 6.412 6.420 6.429 6.437 6.446 6.455 6.464 6.475 6.486 6.498 6.510 6.524 6.539 6.554 6.569 6.584 6.600 6.617 6.634 6.651 6.668 6.686
5.926 5.934 5.943 5.951 5.960 5.969 5.978 5.986 5.994 6.002 6.010 6.018 6.026 6.034 6.041 6.049 6.057 6.066 6.074 6.082 6.091 6.100 6.109 6.118 6.126 6.135 6.144 6.153 6.162 6.172 6.181 6.191 6.200 6.210 6.220 6.229 6.239 6.249 6.259 6.269 6.279 6.289 6.299 6.309 6.319 6.329 6.338 6.347 6.356 6.364 6.373 6.382 6.390 6.399 6.407 6.415 6.423 6.431 6.440 6.448 6.457 6.466 6.476 6.487 6.499 6.511 6.524 6.539 6.554 6.569 6.584 6.599 6.616 6.633 6.650 6.668 6.685
5.935 5.943 5.951 5.960 5.969 5.978 5.987 5.995 6.003 6.011 6.019 6.027 6.035 6.043 6.050 6.058 6.066 6.074 6.082 6.090 6.098 6.107 6.116 6.124 6.131 6.140 6.148 6.157 6.166 6.175 6.185 6.194 6.203 6.213 6.222 6.232 6.241 6.251 6.260 6.270 6.280 6.290 6.300 6.310 6.320 6.330 6.340 6.348 6.357 6.366 6.375 6.384 6.392 6.401 6.409 6.417 6.426 6.434 6.442 6.450 6.459 6.468 6.478 6.488 6.500 6.512 6.525 6.539 6.554 6.568 6.583 6.599 6.615 6.632 6.649 6.667 6.685
5.944 5.952 5.960 5.969 5.978 5.987 5.995 6.004 6.012 6.020 6.029 6.036 6.044 6.052 6.059 6.067 6.075 6.082 6.090 6.098 6.106 6.114 6.122 6.130 6.137 6.145 6.153 6.162 6.170 6.179 6.188 6.197 6.206 6.216 6.225 6.234 6.243 6.253 6.262 6.272 6.282 6.292 6.301 6.311 6.322 6.332 6.341 6.350 6.358 6.367 6.376 6.385 6.394 6.403 6.411 6.420 6.428 6.436 6.444 6.453 6.461 6.470 6.480 6.490 6.501 6.513 6.525 6.539 6.554 6.568 6.582 6.598 6.614 6.631 6.649 6.666 6.684
5.953 5.961 5.969 5.978 5.987 5.995 6.004 6.013 6.021 6.029 6.037 6.045 6.053 6.061 6.068 6.076 6.083 6.091 6.098 6.106 6.114 6.121 6.129 6.137 6.144 6.151 6.159 6.167 6.175 6.184 6.192 6.201 6.210 6.219 6.228 6.237 6.246 6.255 6.264 6.274 6.283 6.293 6.303 6.313 6.323 6.333 6.342 6.351 6.360 6.369 6.378 6.387 6.396 6.405 6.413 6.422 6.430 6.438 6.446 6.455 6.463 6.472 6.481 6.491 6.502 6.513 6.526 6.540 6.553 6.567 6.582 6.597 6.614 6.630 6.648 6.666 6.684
5.963 5.970 5.978 5.987 5.995 6.004 6.013 6.021 6.030 6.038 6.046 6.054 6.062 6.070 6.077 6.085 6.092 6.100 6.107 6.114 6.122 6.129 6.137 6.144 6.151 6.158 6.165 6.173 6.181 6.189 6.197 6.205 6.214 6.222 6.231 6.240 6.249 6.258 6.267 6.276 6.285 6.295 6.304 6.314 6.324 6.334 6.343 6.352 6.361 6.370 6.379 6.388 6.397 6.406 6.415 6.424 6.432 6.440 6.449 6.457 6.465 6.474 6.483 6.493 6.503 6.514 6.527 6.540 6.553 6.567 6.581 6.597 6.613 6.630 6.647 6.665 6.683
5.972 5.980 5.988 5.996 6.004 6.013 6.021 6.030 6.038 6.047 6.055 6.063 6.071 6.079 6.086 6.094 6.101 6.108 6.116 6.123 6.130 6.138 6.145 6.152 6.158 6.165 6.172 6.179 6.187 6.194 6.202 6.210 6.218 6.226 6.235 6.243 6.252 6.260 6.269 6.278 6.287 6.297 6.306 6.316 6.326 6.336 6.345 6.353 6.362 6.371 6.380 6.390 6.399 6.408 6.417 6.426 6.434 6.442 6.451 6.459 6.467 6.476 6.485 6.494 6.504 6.515 6.527 6.540 6.553 6.567 6.581 6.596 6.612 6.629 6.646 6.664 6.682
5.983 5.990 5.997 6.005 6.014 6.022 6.030 6.039 6.047 6.055 6.064 6.072 6.079 6.087 6.095 6.102 6.110 6.117 6.124 6.132 6.139 6.146 6.153 6.160 6.166 6.172 6.179 6.186 6.193 6.200 6.208 6.215 6.223 6.231 6.239 6.247 6.255 6.263 6.272 6.281 6.289 6.299 6.308 6.317 6.327 6.337 6.346 6.354 6.363 6.372 6.382 6.391 6.400 6.409 6.418 6.427 6.436 6.444 6.453 6.461 6.469 6.478 6.487 6.496 6.506 6.516 6.528 6.540 6.553 6.566 6.580 6.596 6.612 6.628 6.646 6.663 6.682
5.993 6.000 6.007 6.015 6.023 6.031 6.039 6.048 6.056 6.064 6.072 6.080 6.088 6.096 6.104 6.111 6.118 6.126 6.133 6.140 6.147 6.154 6.162 6.168 6.173 6.180 6.186 6.193 6.200 6.207 6.214 6.221 6.229 6.236 6.244 6.251 6.259 6.267 6.275 6.284 6.292 6.301 6.310 6.319 6.329 6.339 6.347 6.355 6.364 6.374 6.383 6.392 6.402 6.411 6.420 6.429 6.438 6.446 6.455 6.463 6.471 6.480 6.488 6.497 6.507 6.517 6.529 6.541 6.553 6.566 6.580 6.595 6.611 6.628 6.645 6.663 6.681
6.003 6.010 6.017 6.025 6.033 6.041 6.049 6.057 6.065 6.073 6.081 6.089 6.097 6.104 6.112 6.120 6.127 6.134 6.142 6.149 6.156 6.163 6.170 6.176 6.182 6.188 6.194 6.200 6.207 6.214 6.221 6.228 6.235 6.242 6.249 6.256 6.264 6.271 6.279 6.287 6.295 6.304 6.313 6.322 6.331 6.340 6.348 6.357 6.366 6.375 6.384 6.394 6.403 6.412 6.421 6.430 6.439 6.448 6.456 6.465 6.473 6.482 6.490 6.499 6.508 6.519 6.529 6.542 6.554 6.566 6.580 6.595 6.610 6.627 6.644 6.662 6.680
6.014 6.020 6.027 6.035 6.042 6.050 6.058 6.066 6.074 6.082 6.090 6.097 6.105 6.113 6.121 6.128 6.136 6.143 6.150 6.157 6.165 6.172 6.179 6.184 6.190 6.196 6.202 6.208 6.215 6.221 6.228 6.234 6.241 6.248 6.255 6.261 6.269 6.276 6.283 6.291 6.299 6.307 6.315 6.324 6.333 6.342 6.350 6.358 6.367 6.376 6.386 6.395 6.404 6.414 6.423 6.432 6.441 6.450 6.458 6.467 6.475 6.483 6.492 6.501 6.510 6.520 6.530 6.542 6.554 6.566 6.580 6.594 6.610 6.627 6.644 6.662 6.680
6.024 6.031 6.038 6.045 6.052 6.060 6.067 6.075 6.083 6.091 6.098 6.106 6.114 6.121 6.129 6.137 6.144 6.151 6.159 6.166 6.173 6.180 6.187 6.193 6.198 6.204 6.210 6.216 6.222 6.229 6.235 6.241 6.248 6.254 6.261 6.267 6.274 6.281 6.288 6.295 6.303 6.311 6.319 6.327 6.336 6.344 6.352 6.360 6.369 6.378 6.387 6.397 6.406 6.415 6.425 6.434 6.443 6.452 6.460 6.469 6.477 6.485 6.494 6.502 6.511 6.521 6.532 6.543 6.555 6.567 6.580 6.594 6.610 6.626 6.643 6.661 6.679
6.034 6.041 6.048 6.055 6.062 6.070 6.077 6.085 6.092 6.100 6.107 6.115 6.123 6.130 6.138 6.145 6.153 6.160 6.167 6.174 6.182 6.189 6.196 6.201 6.206 6.212 6.218 6.224 6.230 6.237 6.243 6.249 6.255 6.261 6.267 6.274 6.280 6.287 6.293 6.300 6.307 6.315 6.322 6.330 6.339 6.347 6.354 6.362 6.371 6.380 6.389 6.398 6.408 6.417 6.426 6.435 6.445 6.453 6.462 6.471 6.479 6.487 6.496 6.504 6.513 6.523 6.533 6.544 6.555 6.567 6.580 6.594 6.609 6.626 6.643 6.661 6.679
6.044 6.051 6.058 6.065 6.072 6.080 6.087 6.094 6.102 6.109 6.116 6.124 6.131 6.139 6.146 6.154 6.161 6.168 6.176 6.183 6.190 6.197 6.204 6.209 6.215 6.220 6.226 6.232 6.239 6.245 6.251 6.257 6.263 6.269 6.274 6.280 6.287 6.293 6.299 6.305 6.312 6.319 6.326 6.334 6.342 6.350 6.357 6.365 6.373 6.382 6.391 6.400 6.409 6.419 6.428 6.437 6.446 6.455 6.464 6.473 6.481 6.489 6.498 6.506 6.515 6.524 6.534 6.545 6.556 6.567 6.580 6.594 6.609 6.625 6.643 6.660 6.679
6.054 6.061 6.068 6.075 6.082 6.090 6.097 6.104 6.111 6.118 6.126 6.133 6.140 6.147 6.155 6.162 6.169 6.177 6.184 6.191 6.198 6.205 6.212 6.217 6.223 6.229 6.235 6.241 6.247 6.253 6.259 6.264 6.270 6.276 6.282 6.288 6.293 6.299 6.305 6.311 6.318 6.324 6.331 6.338 6.346 6.354 6.361 6.368 6.376 6.385 6.393 6.402 6.412 6.421 6.430 6.439 6.448 6.457 6.466 6.475 6.483 6.491 6.500 6.508 6.517 6.526 6.536 6.546 6.557 6.568 6.581 6.594 6.609 6.625 6.642 6.660 6.678
6.063 6.070 6.078 6.085 6.092 6.099 6.107 6.114 6.121 6.128 6.135 6.142 6.149 6.156 6.164 6.171 6.178 6.185 6.192 6.199 6.206 6.214 6.220 6.225 6.231 6.237 6.243 6.249 6.255 6.261 6.267 6.272 6.278 6.284 6.289 6.295 6.301 6.306 6.312 6.318 6.324 6.330 6.336 6.343 6.351 6.358 6.364 6.371 6.379 6.387 6.396 6.405 6.414 6.423 6.432 6.442 6.451 6.460 6.468 6.477 6.485 6.494 6.502 6.510 6.519 6.528 6.537 6.548 6.558 6.569 6.581 6.594 6.609 6.625 6.642 6.660 6.678
6.072 6.079 6.087 6.095 6.102 6.109 6.116 6.123 6.130 6.137 6.144 6.151 6.158 6.165 6.172 6.179 6.186 6.193 6.200 6.208 6.215 6.222 6.228 6.233 6.239 6.245 6.251 6.257 6.263 6.269 6.274 6.280 6.286 6.292 6.297 6.303 6.308 6.313 6.319 6.324 6.330 6.336 6.342 6.349 6.356 6.362 6.369 6.375 6.383 6.391 6.399 6.408 6.417 6.426 6.435 6.444 6.453 6.462 6.471 6.479 6.488 6.496 6.504 6.513 6.521 6.530 6.539 6.549 6.559 6.570 6.582 6.595 6.609 6.625 6.642 6.660 6.678
6.081 6.088 6.096 6.104 6.111 6.119 6.126 6.133 6.140 6.147 6.154 6.161 6.167 6.174 6.181 6.188 6.195 6.202 6.209 6.216 6.223 6.230 6.236 6.241 6.247 6.253 6.259 6.265 6.271 6.277 6.282 6.288 6.294 6.299 6.305 6.310 6.316 6.321 6.326 6.331 6.337 6.342 6.348 6.355 6.361 6.367 6.373 6.380 6.387 6.394 6.403 6.411 6.420 6.429 6.438 6.447 6.456 6.465 6.474 6.482 6.491 6.499 6.507 6.515 6.523 6.532 6.541 6.551 6.561 6.571 6.582 6.595 6.610 6.625 6.642 6.660 6.678
6.089 6.097 6.105 6.113 6.121 6.128 6.135 6.142 6.150 6.156 6.163 6.170 6.177 6.183 6.190 6.197 6.204 6.210 6.217 6.224 6.231 6.238 6.244 6.249 6.255 6.261 6.266 6.272 6.278 6.284 6.290 6.296 6.302 6.307 6.313 6.318 6.323 6.328 6.334 6.339 6.344 6.349 6.355 6.361 6.367 6.373 6.378 6.385 6.391 6.399 6.407 6.415 6.423 6.432 6.441 6.450 6.459 6.468 6.476 6.485 6.493 6.502 6.510 6.518 6.526 6.535 6.543 6.553 6.562 6.572 6.583 6.596 6.610 6.626 6.643 6.660 6.679
6.097 6.105 6.113 6.121 6.129 6.137 6.145 6.152 6.159 6.166 6.173 6.179 6.186 6.193 6.199 6.206 6.213 6.219 6.226 6.232 6.239 6.246 6.252 6.257 6.263 6.268 6.274 6.280 6.286 6.292 6.298 6.304 6.309 6.315 6.320 6.326 6.331 6.336 6.341 6.346 6.351 6.357 6.362 6.368 6.373 6.379 6.384 6.390 6.396 6.403 6.411 6.419 6.427 6.436 6.444 6.453 6.462 6.471 6.480 6.488 6.497 6.505 6.513 6.521 6.529 6.537 6.546 6.555 6.564 6.573 6.584 6.597 6.611 6.626 6.643 6.660 6.679
6.104 6.113 6.121 6.130 6.138 6.146 6.153 6.161 6.168 6.175 6.182 6.189 6.195 6.202 6.208 6.215 6.221 6.228 6.234 6.241 6.248 6.254 6.260 6.265 6.271 6.276 6.282 6.288 6.294 6.300 6.306 6.311 6.317 6.323 6.328 6.333 6.339 6.344 6.349 6.354 6.359 6.364 6.369 6.375 6.380 6.385 6.390 6.396 6.402 6.409 6.416 6.423 6.431 6.440 6.448 6.457 6.466 6.475 6.483 6.492 6.500 6.508 6.516 6.524 6.532 6.540 6.549 6.557 6.566 6.575 6.586 6.598 6.612 6.627 6.643 6.661 6.679
6.111 6.120 6.129 6.138 6.146 6.154 6.162 6.170 6.177 6.184 6.191 6.198 6.204 6.211 6.217 6.224 6.230 6.237 6.243 6.250 6.256 6.263 6.268 6.274 6.279 6.284 6.290 6.296 6.302 6.307 6.313 6.319 6.325 6.330 6.336 6.341 6.346 6.351 6.356 6.362 6.367 6.372 6.377 6.382 6.387 6.392 6.397 6.402 6.408 6.414 6.421 6.428 6.436 6.444 6.453 6.461 6.470 6.478 6.487 6.495 6.504 6.512 6.520 6.528 6.535 6.543 6.552 6.560 6.568 6.577 6.587 6.599 6.612 6.627 6.644 6.661 6.680
6.118 6.127 6.136 6.145 6.154 6.162 6.170 6.178 6.186 6.193 6.200 6.207 6.214 6.220 6.227 6.233 6.239 6.246 6.252 6.258 6.265 6.271 6.277 6.282 6.287 6.292 6.298 6.304 6.309 6.315 6.321 6.327 6.332 6.338 6.343 6.349 6.354 6.359 6.364 6.369 6.374 6.379 6.384 6.390 6.395 6.399 6.404 6.409 6.414 6.420 6.427 6.434 6.441 6.449 6.457 6.466 6.474 6.483 6.491 6.499 6.508 6.516 6.524 6.531 6.539 6.547 6.555 6.563 6.570 6.579 6.589 6.600 6.613 6.628 6.644 6.662 6.680
6.125 6.134 6.143 6.152 6.161 6.170 6.178 6.186 6.194 6.201 6.209 6.216 6.222 6.229 6.236 6.242 6.248 6.255 6.261 6.267 6.274 6.280 6.286 6.290 6.295 6.301 6.306 6.312 6.317 6.323 6.329 6.334 6.340 6.345 6.351 6.356 6.362 6.367 6.372 6.377 6.382 6.387 6.392 6.397 6.403 6.407 6.411 6.416 6.421 6.427 6.433 6.440 6.447 6.454 6.462 6.470 6.479 6.487 6.496 6.504 6.512 6.520 6.528 6.535 6.543 6.550 6.558 6.566 6.573 6.581 6.591 6.602 6.614 6.629 6.645 6.662 6.681
6.131 6.140 6.150 6.159 6.168 6.177 6.186 6.194 6.202 6.210 6.217 6.224 6.231 6.238 6.245 6.251 6.258 6.264 6.270 6.276 6.283 6.289 6.294 6.299 6.304 6.309 6.314 6.320 6.325 6.331 6.336 6.342 6.347 6.353 6.358 6.364 6.369 6.374 6.380 6.385 6.390 6.395 6.400 6.405 6.411 6.414 6.418 6.423 6.428 6.433 6.439 6.446 6.453 6.460 6.468 6.476 6.484 6.492 6.500 6.508 6.517 6.524 6.532 6.540 6.547 6.554 6.562 6.569 6.576 6.584 6.593 6.603 6.616 6.630 6.645 6.663 6.681
6.137 6.147 6.156 6.166 6.175 6.184 6.193 6.202 6.210 6.218 6.225 6.233 6.240 6.247 6.254 6.260 6.267 6.273 6.279 6.285 6.292 6.298 6.303 6.308 6.313 6.318 6.323 6.328 6.334 6.339 6.344 6.350 6.355 6.361 6.366 6.371 6.377 6.382 6.387 6.392 6.398 6.403 6.408 6.414 6.418 6.422 6.426 6.430 6.435 6.441 6.446 6.453 6.459 6.466 6.474 6.481 6.489 6.497 6.505 6.513 6.521 6.529 6.537 6.544 6.551 6.558 6.566 6.572 6.579 6.586 6.595 6.605 6.617 6.630 6.646 6.663 6.681
6.143 6.153 6.162 6.172 6.182 6.191 6.200 6.209 6.218 6.226 6.233 6.241 6.248 6.255 6.262 6.269 6.275 6.282 6.288 6.295 6.301 6.307 6.312 6.317 6.321 6.326 6.332 6.337 6.342 6.347 6.353 6.358 6.363 6.369 6.374 6.379 6.384 6.390 6.395 6.400 6.406 6.411 6.416 6.422 6.426 6.430 6.434 6.438 6.443 6.448 6.454 6.460 6.466 6.473 6.480 6.487 6.495 6.503 6.511 6.519 6.527 6.534 6.542 6.549 6.556 6.563 6.570 6.576 6.582 6.589 6.597 6.607 6.618 6.631 6.646 6.663 6.680
6.148 6.158 6.168 6.179 6.188 6.198 6.207 6.216 6.225 6.233 6.241 6.249 6.256 6.264 6.271 6.278 6.284 6.291 6.297 6.304 6.310 6.316 6.321 6.326 6.330 6.335 6.340 6.346 6.351 6.356 6.361 6.366 6.371 6.377 6.382 6.387 6.392 6.398 6.403 6.408 6.413 6.419 6.424 6.430 6.434 6.438 6.442 6.446 6.451 6.456 6.461 6.467 6.473 6.480 6.486 6.494 6.501 6.509 6.517 6.524 6.532 6.540 6.547 6.554 6.561 6.568 6.574 6.580 6.586 6.592 6.599 6.608 6.619 6.632 6.646 6.662 6.680
6.154 6.164 6.174 6.185 6.195 6.204 6.214 6.223 6.232 6.240 6.249 6.257 6.264 6.272 6.279 6.286 6.293 6.300 6.306 6.313 6.319 6.325 6.330 6.334 6.339 6.344 6.349 6.354 6.360 6.365 6.370 6.375 6.380 6.385 6.390 6.395 6.400 6.406 6.411 6.416 6.421 6.427 6.432 6.438 6.442 6.446 6.450 6.454 6.459 6.464 6.469 6.475 6.480 6.487 6.493 6.500 6.508 6.515 6.523 6.530 6.538 6.545 6.553 6.559 6.566 6.573 6.579 6.584 6.589 6.595 6.602 6.610 6.620 6.632 6.646 6.661 6.678
6.160 6.170 6.180 6.190 6.201 6.210 6.220 6.229 6.239 6.247 6.256 6.264 6.272 6.280 6.287 6.294 6.301 6.308 6.315 6.322 6.328 6.334 6.339 6.343 6.348 6.353 6.358 6.363 6.368 6.373 6.378 6.383 6.388 6.393 6.398 6.403 6.408 6.414 6.419 6.424 6.429 6.435 6.440 6.446 6.450 6.454 6.458 6.463 6.467 6.472 6.477 6.482 6.488 6.494 6.501 6.507 6.514 6.522 6.529 6.536 6.544 6.551 6.558 6.565 6.572 6.578 6.584 6.589 6.593 6.598 6.604 6.612 6.621 6.632 6.645 6.660 6.676
6.166 6.176 6.186 6.196 6.207 6.217 6.226 6.236 6.245 6.254 6.263 6.271 6.279 6.287 6.295 6.302 6.310 6.317 6.323 6.330 6.337 6.343 6.348 6.352 6.357 6.362 6.368 6.373 6.378 6.382 6.387 6.392 6.397 6.402 6.407 6.412 6.417 6.422 6.427 6.432 6.438 6.443 6.448 6.454 6.459 6.463 6.467 6.471 6.476 6.480 6.485 6.491 6.496 6.502 6.508 6.515 6.521 6.528 6.536 6.543 6.550 6.557 6.564 6.571 6.577 6.583 6.589 6.593 6.597 6.602 6.607 6.613 6.621 6.631 6.644 6.658 6.673
6.172 6.182 6.192 6.202 6.212 6.223 6.232 6.242 6.252 6.261 6.270 6.278 6.287 6.295 6.303 6.310 6.318 6.325 6.332 6.339 6.346 6.351 6.356 6.361 6.366 6.371 6.377 6.382 6.387 6.392 6.396 6.401 6.406 6.411 6.415 6.420 6.425 6.430 6.435 6.441 6.446 6.451 6.457 6.462 6.467 6.471 6.475 6.479 6.484 6.489 6.494 6.499 6.504 6.510 6.516 6.522 6.529 6.536 6.543 6.550 6.557 6.564 6.571 6.577 6.583 6.589 6.594 6.598 6.601 6.605 6.609 6.614 6.621 6.630 6.642 6.655 6.670
6.178 6.188 6.198 6.208 6.219 6.229 6.239 6.248 6.258 6.267 6.276 6.285 6.294 6.302 6.310 6.318 6.325 6.333 6.340 6.347 6.354 6.360 6.365 6.370 6.375 6.380 6.386 6.391 6.396 6.401 6.405 6.410 6.415 6.420 6.424 6.429 6.434 6.439 6.444 6.449 6.454 6.459 6.465 6.471 6.475 6.479 6.484 6.488 6.493 6.497 6.502 6.507 6.513 6.518 6.524 6.530 6.536 6.543 6.550 6.557 6.564 6.570 6.577 6.583 6.589 6.594 6.599 6.603 6.605 6.608 6.611 6.615 6.621 6.629 6.640 6.652 6.667
6.185 6.194 6.204 6.215 6.225 6.235 6.245 6.254 6.264 6.273 6.283 6.292 6.300 6.309 6.317 6.325 6.333 6.340 6.348 6.355 6.362 6.368 6.373 6.378 6.384 6.389 6.394 6.400 6.405 6.410 6.415 6.419 6.424 6.429 6.433 6.438 6.443 6.448 6.452 6.458 6.463 6.468 6.473 6.479 6.484 6.488 6.492 6.497 6.501 6.506 6.511 6.516 6.521 6.527 6.532 6.538 6.544 6.551 6.557 6.564 6.571 6.577 6.583 6.589 6.595 6.600 6.604 6.608 6.609 6.611 6.613 6.616 6.620 6.627 6.637 6.649 6.664
