TsunamiDB/out54049.asc
ncols          264
nrows          230
xllcorner      497853.4375
yllcorner      4229146.0000
cellsize         5.
NODATA_value   -99
[rows 33 to 65 of 230, columns 146 to 218 of 264]
4.830 4.861 4.892 4.922 4.952 4.981 5.010 5.038 5.067 5.095 5.124 5.152 5.181 5.209 5.237 5.266 5.294 5.322 5.351 5.379 5.407 5.434 5.461 5.488 5.514 5.539 5.563 5.586 5.608 5.628 5.646 5.663 5.678 5.691 5.703 5.714 5.723 5.732 5.741 5.750 5.760 5.772 5.785 5.800 5.816 5.834 5.853 5.873 5.894 5.916 5.937 5.959 5.979 5.999 6.019 6.039 6.058 6.077 6.095 6.113 6.130 6.146 6.162 6.177 6.192 6.207 6.223 6.239 6.256 6.274 6.295 6.316 6.340
4.850 4.880 4.910 4.939 4.968 4.997 5.024 5.051 5.079 5.107 5.135 5.162 5.190 5.217 5.245 5.273 5.301 5.329 5.357 5.385 5.412 5.440 5.467 5.494 5.520 5.546 5.571 5.595 5.619 5.639 5.659 5.677 5.694 5.709 5.723 5.735 5.745 5.754 5.762 5.770 5.779 5.788 5.799 5.811 5.825 5.841 5.858 5.876 5.896 5.916 5.937 5.958 5.978 5.998 6.018 6.038 6.057 6.076 6.095 6.113 6.130 6.147 6.164 6.179 6.195 6.210 6.226 6.242 6.259 6.277 6.296 6.317 6.340
4.870 4.900 4.929 4.958 4.986 5.014 5.040 5.066 5.093 5.120 5.147 5.173 5.200 5.227 5.254 5.281 5.308 5.335 5.363 5.390 5.418 5.445 5.472 5.499 5.526 5.552 5.578 5.603 5.627 5.649 5.669 5.689 5.708 5.725 5.740 5.753 5.765 5.775 5.783 5.791 5.799 5.807 5.816 5.826 5.837 5.851 5.866 5.882 5.900 5.919 5.938 5.959 5.978 5.998 6.018 6.038 6.057 6.077 6.096 6.114 6.132 6.150 6.166 6.183 6.199 6.215 6.230 6.247 6.263 6.281 6.300 6.320 6.342
4.891 4.921 4.949 4.977 5.004 5.031 5.057 5.082 5.108 5.134 5.159 5.185 5.211 5.237 5.263 5.289 5.316 5.342 5.369 5.396 5.423 5.450 5.477 5.504 5.531 5.557 5.583 5.608 5.633 5.656 5.678 5.699 5.719 5.738 5.755 5.770 5.783 5.794 5.804 5.812 5.820 5.827 5.835 5.843 5.852 5.863 5.876 5.891 5.907 5.924 5.942 5.962 5.980 5.999 6.019 6.039 6.059 6.079 6.098 6.117 6.135 6.153 6.171 6.187 6.204 6.220 6.236 6.253 6.269 6.287 6.305 6.325 6.347
4.913 4.942 4.970 4.997 5.024 5.050 5.074 5.099 5.124 5.149 5.173 5.198 5.223 5.248 5.273 5.298 5.324 5.350 5.376 5.403 5.429 5.456 5.483 5.509 5.536 5.562 5.588 5.614 5.639 5.662 5.685 5.707 5.729 5.749 5.767 5.784 5.799 5.812 5.823 5.832 5.841 5.848 5.855 5.862 5.870 5.880 5.890 5.903 5.917 5.932 5.949 5.967 5.985 6.003 6.023 6.043 6.062 6.082 6.102 6.121 6.140 6.158 6.176 6.194 6.211 6.228 6.244 6.261 6.277 6.295 6.313 6.333 6.354
4.936 4.964 4.991 5.018 5.044 5.069 5.093 5.117 5.141 5.165 5.189 5.213 5.236 5.260 5.285 5.309 5.334 5.359 5.384 5.410 5.436 5.462 5.488 5.515 5.541 5.567 5.593 5.618 5.644 5.668 5.691 5.714 5.736 5.757 5.777 5.796 5.812 5.827 5.840 5.851 5.861 5.869 5.876 5.883 5.890 5.898 5.907 5.918 5.930 5.944 5.959 5.975 5.992 6.010 6.029 6.048 6.068 6.088 6.108 6.127 6.147 6.165 6.184 6.202 6.220 6.237 6.254 6.271 6.288 6.305 6.324 6.343 6.364
4.959 4.987 5.014 5.040 5.065 5.090 5.113 5.136 5.159 5.183 5.206 5.228 5.251 5.274 5.298 5.321 5.345 5.369 5.394 5.419 5.444 5.469 5.495 5.520 5.546 5.572 5.598 5.623 5.649 5.673 5.696 5.720 5.743 5.765 5.786 5.806 5.824 5.840 5.855 5.868 5.879 5.889 5.897 5.905 5.912 5.919 5.927 5.936 5.946 5.958 5.972 5.987 6.002 6.019 6.037 6.057 6.076 6.096 6.116 6.136 6.155 6.175 6.194 6.212 6.230 6.248 6.266 6.283 6.300 6.318 6.337 6.356 6.377
4.983 5.010 5.036 5.062 5.087 5.111 5.134 5.156 5.179 5.202 5.224 5.246 5.268 5.290 5.312 5.335 5.358 5.381 5.405 5.428 5.453 5.477 5.502 5.527 5.552 5.578 5.603 5.628 5.654 5.678 5.702 5.726 5.749 5.772 5.794 5.815 5.834 5.852 5.869 5.883 5.896 5.908 5.917 5.926 5.933 5.941 5.948 5.957 5.966 5.976 5.988 6.002 6.016 6.032 6.049 6.068 6.087 6.106 6.126 6.146 6.166 6.186 6.206 6.225 6.244 6.262 6.280 6.298 6.316 6.333 6.352 6.371 6.392
5.007 5.033 5.060 5.085 5.110 5.134 5.156 5.178 5.200 5.222 5.244 5.265 5.286 5.307 5.329 5.350 5.372 5.394 5.417 5.440 5.463 5.487 5.511 5.535 5.559 5.584 5.609 5.634 5.659 5.683 5.707 5.731 5.755 5.779 5.801 5.823 5.843 5.863 5.881 5.897 5.912 5.925 5.936 5.946 5.955 5.963 5.971 5.979 5.987 5.997 6.008 6.020 6.033 6.047 6.064 6.081 6.100 6.120 6.139 6.160 6.180 6.200 6.220 6.240 6.259 6.278 6.296 6.315 6.333 6.351 6.370 6.389 6.410
5.030 5.057 5.083 5.108 5.133 5.156 5.179 5.200 5.222 5.244 5.265 5.285 5.306 5.326 5.347 5.368 5.388 5.410 5.431 5.453 5.475 5.497 5.520 5.544 5.568 5.592 5.616 5.641 5.665 5.689 5.713 5.737 5.762 5.785 5.808 5.831 5.852 5.873 5.892 5.910 5.926 5.941 5.954 5.966 5.976 5.985 5.994 6.002 6.011 6.020 6.030 6.041 6.052 6.066 6.081 6.098 6.116 6.135 6.155 6.175 6.196 6.216 6.236 6.257 6.276 6.296 6.315 6.334 6.352 6.371 6.390 6.409 6.430
5.054 5.080 5.106 5.131 5.156 5.180 5.202 5.223 5.245 5.266 5.287 5.307 5.327 5.347 5.367 5.387 5.407 5.427 5.447 5.468 5.489 5.510 5.532 5.554 5.577 5.601 5.624 5.648 5.672 5.696 5.720 5.744 5.768 5.792 5.816 5.838 5.861 5.882 5.902 5.921 5.939 5.956 5.970 5.984 5.996 6.006 6.016 6.025 6.034 6.044 6.053 6.063 6.074 6.087 6.102 6.118 6.135 6.154 6.173 6.193 6.214 6.234 6.255 6.276 6.296 6.316 6.336 6.355 6.374 6.393 6.412 6.432 6.452
5.077 5.104 5.130 5.155 5.179 5.203 5.225 5.246 5.268 5.289 5.310 5.330 5.350 5.369 5.389 5.408 5.427 5.446 5.465 5.485 5.504 5.525 5.545 5.567 5.589 5.611 5.634 5.657 5.681 5.703 5.727 5.751 5.775 5.799 5.823 5.846 5.869 5.891 5.912 5.933 5.952 5.970 5.986 6.001 6.015 6.027 6.038 6.048 6.058 6.068 6.078 6.087 6.098 6.110 6.124 6.139 6.156 6.174 6.194 6.213 6.234 6.255 6.276 6.297 6.318 6.338 6.358 6.378 6.398 6.417 6.436 6.456 6.476
5.099 5.126 5.152 5.177 5.202 5.226 5.248 5.270 5.291 5.313 5.333 5.354 5.373 5.393 5.412 5.430 5.449 5.467 5.485 5.504 5.522 5.541 5.561 5.581 5.602 5.623 5.645 5.667 5.690 5.712 5.735 5.759 5.783 5.807 5.831 5.855 5.878 5.900 5.922 5.944 5.964 5.983 6.001 6.017 6.032 6.046 6.059 6.070 6.081 6.092 6.102 6.112 6.123 6.135 6.148 6.163 6.179 6.197 6.216 6.236 6.256 6.277 6.299 6.320 6.341 6.362 6.383 6.403 6.423 6.443 6.463 6.482 6.502
5.121 5.148 5.174 5.200 5.224 5.248 5.271 5.293 5.315 5.336 5.357 5.378 5.398 5.417 5.436 5.454 5.472 5.490 5.507 5.525 5.542 5.560 5.579 5.597 5.617 5.637 5.658 5.679 5.700 5.722 5.744 5.768 5.792 5.816 5.839 5.863 5.887 5.910 5.932 5.954 5.975 5.996 6.015 6.032 6.049 6.064 6.078 6.092 6.104 6.115 6.127 6.137 6.148 6.160 6.173 6.188 6.204 6.221 6.240 6.260 6.280 6.301 6.323 6.345 6.366 6.388 6.409 6.430 6.450 6.471 6.490 6.510 6.530
5.143 5.170 5.196 5.221 5.246 5.270 5.293 5.315 5.338 5.359 5.381 5.402 5.422 5.441 5.460 5.479 5.497 5.514 5.531 5.548 5.565 5.581 5.598 5.616 5.634 5.653 5.672 5.692 5.712 5.733 5.755 5.778 5.801 5.825 5.849 5.872 5.896 5.920 5.943 5.965 5.987 6.008 6.028 6.047 6.065 6.082 6.097 6.112 6.125 6.138 6.151 6.162 6.173 6.186 6.199 6.214 6.230 6.247 6.265 6.285 6.305 6.327 6.349 6.371 6.393 6.415 6.437 6.458 6.479 6.500 6.520 6.540 6.560
5.163 5.190 5.217 5.242 5.267 5.291 5.314 5.337 5.360 5.382 5.404 5.425 5.446 5.466 5.485 5.504 5.522 5.539 5.556 5.573 5.589 5.605 5.621 5.637 5.654 5.671 5.689 5.708 5.727 5.746 5.767 5.789 5.812 5.835 5.859 5.882 5.906 5.930 5.953 5.976 5.999 6.020 6.041 6.061 6.080 6.098 6.115 6.131 6.146 6.160 6.174 6.186 6.198 6.211 6.225 6.240 6.256 6.273 6.291 6.311 6.331 6.353 6.375 6.398 6.420 6.443 6.465 6.487 6.509 6.530 6.550 6.571 6.591
5.183 5.210 5.237 5.263 5.288 5.312 5.334 5.358 5.381 5.404 5.426 5.448 5.469 5.490 5.510 5.529 5.547 5.565 5.582 5.598 5.614 5.629 5.645 5.660 5.676 5.692 5.708 5.726 5.743 5.761 5.781 5.802 5.824 5.847 5.870 5.893 5.917 5.940 5.964 5.987 6.010 6.033 6.054 6.075 6.095 6.114 6.132 6.149 6.165 6.181 6.196 6.209 6.222 6.236 6.250 6.266 6.282 6.299 6.318 6.337 6.358 6.380 6.402 6.425 6.448 6.472 6.495 6.517 6.539 6.561 6.582 6.603 6.623
5.202 5.229 5.256 5.282 5.307 5.331 5.355 5.379 5.402 5.425 5.448 5.470 5.492 5.513 5.534 5.554 5.572 5.591 5.608 5.624 5.640 5.655 5.670 5.685 5.700 5.715 5.730 5.746 5.762 5.779 5.797 5.817 5.838 5.859 5.882 5.905 5.928 5.951 5.975 5.999 6.022 6.045 6.067 6.089 6.110 6.130 6.149 6.167 6.184 6.201 6.217 6.231 6.245 6.260 6.275 6.291 6.308 6.325 6.344 6.364 6.385 6.407 6.430 6.453 6.477 6.501 6.524 6.548 6.571 6.593 6.615 6.636 6.657
5.220 5.248 5.275 5.301 5.326 5.350 5.374 5.398 5.422 5.446 5.469 5.492 5.514 5.536 5.557 5.577 5.597 5.615 5.633 5.650 5.667 5.682 5.697 5.711 5.726 5.740 5.754 5.769 5.784 5.799 5.816 5.834 5.854 5.874 5.895 5.917 5.940 5.963 5.987 6.011 6.034 6.057 6.080 6.102 6.124 6.145 6.165 6.184 6.202 6.220 6.237 6.253 6.267 6.283 6.299 6.316 6.333 6.351 6.370 6.390 6.411 6.434 6.457 6.481 6.505 6.530 6.554 6.578 6.602 6.625 6.648 6.670 6.691
5.237 5.265 5.292 5.319 5.345 5.369 5.393 5.417 5.441 5.465 5.489 5.512 5.535 5.557 5.579 5.600 5.620 5.639 5.658 5.676 5.693 5.709 5.724 5.739 5.753 5.766 5.780 5.794 5.807 5.821 5.837 5.853 5.871 5.890 5.911 5.932 5.954 5.976 5.999 6.023 6.046 6.070 6.093 6.116 6.138 6.160 6.180 6.201 6.220 6.238 6.256 6.273 6.289 6.305 6.322 6.339 6.357 6.376 6.395 6.416 6.437 6.460 6.484 6.508 6.533 6.558 6.584 6.609 6.634 6.658 6.682 6.704 6.727
5.253 5.282 5.309 5.336 5.362 5.387 5.411 5.436 5.460 5.484 5.508 5.531 5.554 5.577 5.599 5.621 5.642 5.662 5.682 5.700 5.718 5.735 5.751 5.766 5.780 5.794 5.807 5.821 5.833 5.846 5.860 5.875 5.892 5.909 5.928 5.948 5.969 5.990 6.013 6.036 6.059 6.083 6.106 6.129 6.152 6.174 6.196 6.217 6.237 6.256 6.275 6.293 6.309 6.327 6.344 6.362 6.381 6.400 6.420 6.441 6.463 6.486 6.510 6.535 6.561 6.587 6.613 6.639 6.665 6.691 6.715 6.739 6.763
5.268 5.297 5.326 5.353 5.379 5.404 5.429 5.454 5.478 5.502 5.526 5.550 5.573 5.596 5.619 5.641 5.662 5.683 5.704 5.723 5.742 5.760 5.777 5.793 5.808 5.822 5.835 5.849 5.861 5.872 5.885 5.899 5.914 5.930 5.947 5.966 5.985 6.006 6.028 6.050 6.073 6.096 6.120 6.143 6.166 6.189 6.211 6.232 6.253 6.273 6.293 6.311 6.329 6.347 6.366 6.385 6.404 6.423 6.444 6.465 6.488 6.511 6.536 6.562 6.588 6.615 6.642 6.669 6.696 6.723 6.749 6.774 6.799
5.281 5.311 5.341 5.369 5.396 5.421 5.446 5.471 5.496 5.520 5.544 5.568 5.591 5.615 5.637 5.660 5.682 5.703 5.725 5.745 5.765 5.783 5.801 5.818 5.834 5.849 5.863 5.877 5.889 5.900 5.913 5.925 5.939 5.953 5.969 5.986 6.004 6.023 6.044 6.065 6.088 6.110 6.134 6.157 6.180 6.203 6.225 6.248 6.269 6.290 6.311 6.330 6.348 6.367 6.387 6.406 6.426 6.446 6.467 6.489 6.512 6.536 6.561 6.587 6.614 6.642 6.670 6.698 6.726 6.754 6.782 6.808 6.834
5.292 5.324 5.355 5.384 5.412 5.438 5.463 5.488 5.513 5.538 5.562 5.586 5.609 5.632 5.655 5.678 5.700 5.722 5.744 5.765 5.786 5.805 5.824 5.842 5.859 5.875 5.890 5.905 5.917 5.929 5.941 5.953 5.966 5.979 5.993 6.008 6.025 6.043 6.062 6.082 6.104 6.126 6.148 6.171 6.194 6.217 6.240 6.263 6.285 6.306 6.327 6.347 6.367 6.386 6.406 6.427 6.447 6.468 6.490 6.512 6.536 6.560 6.586 6.612 6.640 6.668 6.697 6.727 6.756 6.785 6.814 6.842 6.869
5.302 5.335 5.367 5.397 5.426 5.453 5.479 5.505 5.530 5.555 5.579 5.603 5.626 5.649 5.672 5.695 5.718 5.740 5.762 5.784 5.805 5.826 5.846 5.865 5.883 5.900 5.916 5.931 5.945 5.957 5.969 5.982 5.994 6.006 6.019 6.033 6.048 6.064 6.082 6.101 6.121 6.142 6.164 6.186 6.209 6.232 6.255 6.278 6.300 6.323 6.344 6.364 6.385 6.405 6.426 6.447 6.468 6.489 6.512 6.535 6.558 6.583 6.609 6.637 6.665 6.694 6.724 6.754 6.784 6.815 6.845 6.874 6.903
5.309 5.344 5.377 5.409 5.439 5.467 5.494 5.520 5.546 5.571 5.596 5.619 5.643 5.666 5.689 5.712 5.735 5.757 5.779 5.802 5.823 5.845 5.865 5.886 5.905 5.923 5.940 5.957 5.971 5.984 5.997 6.010 6.022 6.034 6.046 6.059 6.073 6.088 6.104 6.121 6.140 6.160 6.181 6.202 6.225 6.247 6.270 6.293 6.316 6.339 6.361 6.381 6.402 6.423 6.445 6.466 6.488 6.510 6.533 6.556 6.581 6.606 6.632 6.660 6.689 6.719 6.749 6.780 6.812 6.843 6.875 6.905 6.935
5.313 5.350 5.385 5.418 5.450 5.480 5.507 5.535 5.561 5.587 5.612 5.636 5.659 5.683 5.706 5.728 5.751 5.773 5.796 5.818 5.840 5.862 5.884 5.905 5.925 5.944 5.963 5.980 5.996 6.010 6.024 6.038 6.051 6.063 6.075 6.087 6.100 6.113 6.128 6.144 6.161 6.179 6.199 6.220 6.241 6.263 6.286 6.309 6.332 6.355 6.377 6.397 6.419 6.441 6.463 6.485 6.507 6.530 6.553 6.577 6.602 6.628 6.655 6.683 6.712 6.742 6.774 6.806 6.838 6.871 6.903 6.935 6.966
5.314 5.353 5.390 5.425 5.459 5.490 5.519 5.548 5.575 5.602 5.627 5.651 5.675 5.699 5.722 5.744 5.767 5.789 5.812 5.834 5.857 5.879 5.901 5.922 5.943 5.964 5.983 6.002 6.019 6.034 6.050 6.064 6.078 6.091 6.103 6.115 6.127 6.140 6.153 6.168 6.184 6.201 6.219 6.238 6.259 6.280 6.302 6.325 6.348 6.371 6.392 6.414 6.436 6.458 6.481 6.503 6.526 6.549 6.573 6.597 6.623 6.649 6.676 6.705 6.734 6.765 6.797 6.830 6.863 6.896 6.930 6.963 6.995
5.312 5.353 5.391 5.429 5.464 5.497 5.528 5.559 5.587 5.615 5.641 5.666 5.691 5.714 5.737 5.760 5.782 5.805 5.827 5.850 5.872 5.894 5.916 5.938 5.960 5.981 6.002 6.021 6.039 6.057 6.073 6.089 6.104 6.118 6.131 6.143 6.155 6.167 6.180 6.193 6.208 6.223 6.240 6.258 6.278 6.298 6.319 6.341 6.364 6.387 6.408 6.430 6.453 6.475 6.498 6.521 6.545 6.568 6.592 6.617 6.643 6.669 6.697 6.726 6.756 6.787 6.819 6.852 6.886 6.921 6.955 6.989 7.022
5.308 5.350 5.390 5.429 5.466 5.501 5.534 5.566 5.597 5.626 5.653 5.679 5.705 5.729 5.752 5.775 5.798 5.820 5.842 5.864 5.887 5.909 5.931 5.953 5.976 5.997 6.019 6.039 6.058 6.076 6.095 6.112 6.128 6.143 6.157 6.170 6.183 6.195 6.207 6.220 6.233 6.248 6.263 6.280 6.298 6.317 6.338 6.359 6.381 6.403 6.425 6.447 6.469 6.492 6.515 6.539 6.563 6.587 6.611 6.636 6.662 6.689 6.717 6.746 6.776 6.807 6.840 6.874 6.908 6.943 6.978 7.013 7.047
5.302 5.344 5.385 5.426 5.465 5.502 5.537 5.571 5.603 5.634 5.663 5.691 5.717 5.742 5.766 5.789 5.812 5.834 5.857 5.879 5.901 5.923 5.945 5.968 5.990 6.012 6.034 6.055 6.075 6.094 6.114 6.132 6.150 6.166 6.181 6.196 6.209 6.222 6.235 6.247 6.260 6.273 6.288 6.303 6.320 6.338 6.357 6.377 6.398 6.420 6.442 6.463 6.486 6.509 6.533 6.556 6.580 6.605 6.630 6.655 6.681 6.708 6.736 6.765 6.795 6.827 6.860 6.894 6.929 6.964 7.000 7.036 7.071
5.294 5.336 5.378 5.420 5.460 5.498 5.535 5.571 5.606 5.638 5.669 5.699 5.726 5.753 5.778 5.802 5.825 5.848 5.870 5.892 5.914 5.937 5.959 5.981 6.003 6.026 6.048 6.070 6.090 6.110 6.131 6.151 6.169 6.187 6.204 6.219 6.234 6.248 6.261 6.274 6.286 6.299 6.313 6.327 6.342 6.359 6.377 6.396 6.416 6.438 6.459 6.480 6.503 6.526 6.549 6.573 6.598 6.622 6.647 6.673 6.699 6.726 6.754 6.783 6.814 6.845 6.878 6.913 6.948 6.984 7.020 7.057 7.093
5.285 5.327 5.369 5.411 5.452 5.492 5.530 5.568 5.604 5.639 5.672 5.703 5.733 5.761 5.788 5.813 5.837 5.860 5.883 5.905 5.927 5.949 5.971 5.994 6.016 6.039 6.061 6.082 6.103 6.125 6.146 6.167 6.187 6.206 6.224 6.241 6.257 6.272 6.286 6.299 6.312 6.325 6.338 6.352 6.366 6.382 6.398 6.416 6.436 6.456 6.476 6.497 6.520 6.543 6.566 6.590 6.615 6.640 6.665 6.690 6.717 6.744 6.772 6.801 6.831 6.863 6.896 6.930 6.966 7.002 7.039 7.077 7.114
