TsunamiDB/out54092.asc
ncols          264
nrows          230
xllcorner      497853.4375
yllcorner      4229146.0000
cellsize         5.
NODATA_value   -99
[rows 68 to 101 of 230, columns 0 to 76 of 264]
-99.000 -99.000 -99.000 -99.000 -99.000 -99.000 -99.000 -99.000 -99.000 -99.000 -99.000 -99.000 -99.000 -99.000 -99.000 -99.000 1.650 1.664 1.743 1.918 2.166 2.447 2.722 2.961 3.156 3.309 3.430 3.527 3.610 3.682 3.748 3.809 3.867 3.923 3.977 4.028 4.079 4.130 4.180 4.229 4.279 4.328 4.377 4.426 4.474 4.521 4.568 4.613 4.657 4.700 4.741 4.780 4.817 4.853 4.888 4.920 4.952 4.982 5.010 5.036 5.062 5.088 5.113 5.137 5.161 5.184 5.206 5.228 5.249 5.269 5.289 5.309 5.328 5.347 5.365 5.383 5.401
-99.000 -99.000 -99.000 -99.000 -99.000 -99.000 -99.000 -99.000 -99.000 -99.000 -99.000 -99.000 -99.000 -99.000 -99.000 1.650 1.653 1.692 1.821 2.038 2.309 2.591 2.850 3.068 3.241 3.376 3.484 3.573 3.650 3.718 3.781 3.840 3.896 3.950 4.002 4.051 4.100 4.150 4.198 4.246 4.294 4.342 4.390 4.438 4.485 4.532 4.578 4.623 4.667 4.710 4.752 4.791 4.830 4.866 4.901 4.934 4.966 4.997 5.025 5.052 5.079 5.105 5.130 5.154 5.178 5.201 5.223 5.245 5.267 5.287 5.308 5.327 5.347 5.366 5.384 5.402 5.420
-99.000 -99.000 -99.000 -99.000 -99.000 -99.000 -99.000 -99.000 -99.000 -99.000 -99.000 -99.000 -99.000 -99.000 -99.000 1.650 1.665 1.746 1.923 2.173 2.455 2.729 2.968 3.163 3.316 3.436 3.533 3.615 3.687 3.753 3.813 3.870 3.924 3.976 4.027 4.075 4.122 4.170 4.217 4.263 4.310 4.357 4.403 4.450 4.496 4.542 4.588 4.633 4.677 4.720 4.762 4.802 4.840 4.878 4.913 4.947 4.980 5.011 5.039 5.067 5.094 5.120 5.146 5.170 5.194 5.217 5.240 5.262 5.284 5.305 5.325 5.345 5.365 5.384 5.402 5.421 5.438
-99.000 -99.000 -99.000 -99.000 -99.000 -99.000 -99.000 -99.000 -99.000 -99.000 -99.000 -99.000 -99.000 -99.000 1.650 1.654 1.694 1.825 2.044 2.316 2.598 2.857 3.074 3.247 3.383 3.490 3.579 3.656 3.724 3.786 3.844 3.899 3.952 4.003 4.052 4.098 4.144 4.190 4.236 4.281 4.326 4.371 4.416 4.461 4.507 4.552 4.597 4.641 4.685 4.728 4.770 4.811 4.850 4.888 4.924 4.959 4.992 5.024 5.053 5.081 5.108 5.135 5.161 5.186 5.210 5.233 5.256 5.278 5.300 5.321 5.342 5.362 5.382 5.401 5.420 5.439 5.457
-99.000 -99.000 -99.000 -99.000 -99.000 -99.000 -99.000 -99.000 -99.000 -99.000 -99.000 -99.000 -99.000 -99.000 1.651 1.666 1.749 1.928 2.179 2.462 2.736 2.975 3.169 3.322 3.443 3.540 3.622 3.694 3.759 3.819 3.875 3.929 3.980 4.029 4.076 4.122 4.166 4.211 4.255 4.299 4.342 4.386 4.430 4.474 4.518 4.562 4.606 4.650 4.693 4.736 4.778 4.819 4.859 4.897 4.934 4.969 5.003 5.035 5.065 5.094 5.122 5.149 5.175 5.200 5.225 5.248 5.271 5.294 5.316 5.337 5.358 5.379 5.399 5.418 5.437 5.456 5.474
-99.000 -99.000 -99.000 -99.000 -99.000 -99.000 -99.000 -99.000 -99.000 -99.000 -99.000 -99.000 -99.000 1.650 1.654 1.696 1.829 2.050 2.323 2.605 2.864 3.081 3.254 3.389 3.497 3.586 3.663 3.731 3.793 3.851 3.905 3.957 4.007 4.055 4.101 4.145 4.189 4.232 4.275 4.317 4.359 4.402 4.444 4.486 4.529 4.572 4.615 4.658 4.701 4.744 4.786 4.827 4.867 4.905 4.943 4.979 5.013 5.046 5.077 5.106 5.134 5.162 5.188 5.214 5.239 5.263 5.286 5.309 5.331 5.352 5.374 5.394 5.414 5.434 5.453 5.472 5.491
-99.000 -99.000 -99.000 -99.000 -99.000 -99.000 -99.000 -99.000 -99.000 -99.000 -99.000 -99.000 -99.000 1.651 1.667 1.752 1.933 2.186 2.469 2.743 2.982 3.176 3.329 3.449 3.547 3.629 3.701 3.766 3.826 3.882 3.935 3.986 4.034 4.081 4.126 4.169 4.211 4.253 4.295 4.336 4.377 4.417 4.458 4.499 4.541 4.582 4.624 4.667 4.709 4.751 4.792 4.833 4.873 4.913 4.950 4.987 5.022 5.056 5.087 5.117 5.146 5.174 5.201 5.227 5.252 5.276 5.300 5.323 5.345 5.367 5.388 5.409 5.429 5.449 5.469 5.488 5.507
-99.000 -99.000 -99.000 -99.000 -99.000 -99.000 -99.000 -99.000 -99.000 -99.000 -99.000 -99.000 1.650 1.654 1.698 1.833 2.056 2.329 2.612 2.871 3.087 3.260 3.395 3.503 3.593 3.669 3.738 3.800 3.858 3.913 3.964 4.014 4.061 4.107 4.151 4.193 4.233 4.274 4.315 4.355 4.394 4.434 4.473 4.513 4.553 4.593 4.634 4.675 4.716 4.757 4.799 4.839 4.880 4.919 4.957 4.994 5.030 5.065 5.097 5.127 5.157 5.185 5.213 5.239 5.265 5.289 5.313 5.336 5.359 5.380 5.402 5.423 5.443 5.464 5.483 5.503 5.522
-99.000 -99.000 -99.000 -99.000 -99.000 -99.000 -99.000 -99.000 -99.000 -99.000 -99.000 -99.000 1.651 1.667 1.755 1.938 2.192 2.475 2.749 2.988 3.182 3.334 3.455 3.553 3.635 3.708 3.773 3.833 3.890 3.943 3.993 4.041 4.087 4.132 4.175 4.216 4.256 4.296 4.335 4.374 4.412 4.451 4.489 4.527 4.566 4.605 4.644 4.684 4.724 4.764 4.805 4.845 4.885 4.924 4.963 5.001 5.037 5.072 5.105 5.136 5.167 5.196 5.224 5.251 5.277 5.302 5.326 5.349 5.372 5.394 5.415 5.436 5.457 5.477 5.497 5.517 5.536
-99.000 -99.000 -99.000 -99.000 -99.000 -99.000 -99.000 -99.000 -99.000 -99.000 -99.000 1.651 1.654 1.700 1.838 2.062 2.336 2.619 2.877 3.093 3.265 3.401 3.509 3.598 3.675 3.744 3.807 3.865 3.920 3.972 4.021 4.068 4.113 4.157 4.199 4.239 4.278 4.317 4.356 4.393 4.431 4.468 4.505 4.542 4.579 4.617 4.655 4.693 4.732 4.771 4.811 4.851 4.890 4.929 4.968 5.006 5.043 5.078 5.112 5.144 5.175 5.205 5.234 5.262 5.288 5.313 5.338 5.361 5.384 5.406 5.428 5.449 5.470 5.490 5.510 5.530 5.549
-99.000 -99.000 -99.000 -99.000 -99.000 -99.000 -99.000 -99.000 -99.000 -99.000 -99.000 1.652 1.668 1.758 1.943 2.198 2.482 2.756 2.994 3.187 3.339 3.460 3.558 3.640 3.713 3.779 3.840 3.896 3.950 4.000 4.049 4.095 4.139 4.182 4.223 4.262 4.301 4.339 4.376 4.413 4.449 4.485 4.521 4.557 4.593 4.629 4.666 4.703 4.741 4.779 4.817 4.856 4.895 4.934 4.972 5.010 5.047 5.084 5.118 5.151 5.183 5.214 5.243 5.271 5.298 5.324 5.349 5.373 5.396 5.418 5.440 5.461 5.482 5.503 5.523 5.543 5.562
-99.000 -99.000 -99.000 -99.000 -99.000 -99.000 -99.000 -99.000 -99.000 -99.000 1.651 1.656 1.702 1.842 2.068 2.342 2.625 2.883 3.098 3.270 3.405 3.513 3.603 3.680 3.749 3.812 3.871 3.926 3.979 4.028 4.076 4.121 4.164 4.206 4.247 4.285 4.323 4.360 4.396 4.432 4.468 4.503 4.538 4.573 4.608 4.643 4.678 4.714 4.750 4.787 4.824 4.862 4.900 4.938 4.976 5.014 5.051 5.088 5.123 5.156 5.189 5.221 5.251 5.280 5.308 5.334 5.360 5.384 5.407 5.430 5.452 5.474 5.494 5.515 5.535 5.555 5.574
-99.000 -99.000 -99.000 -99.000 -99.000 -99.000 -99.000 -99.000 -99.000 -99.000 1.652 1.670 1.761 1.948 2.205 2.488 2.762 2.999 3.191 3.343 3.463 3.561 3.644 3.717 3.783 3.844 3.901 3.955 4.007 4.055 4.102 4.146 4.189 4.230 4.270 4.308 4.344 4.381 4.417 4.452 4.486 4.521 4.555 4.588 4.622 4.656 4.690 4.725 4.760 4.795 4.831 4.868 4.905 4.942 4.980 5.017 5.054 5.091 5.126 5.161 5.194 5.227 5.258 5.288 5.317 5.344 5.370 5.395 5.419 5.442 5.464 5.485 5.506 5.527 5.547 5.567 5.586
-99.000 -99.000 -99.000 -99.000 -99.000 -99.000 -99.000 -99.000 -99.000 1.651 1.656 1.704 1.846 2.073 2.349 2.631 2.888 3.103 3.273 3.408 3.516 3.605 3.683 3.752 3.816 3.875 3.931 3.984 4.034 4.081 4.127 4.171 4.213 4.254 4.293 4.330 4.366 4.402 4.437 4.471 4.505 4.539 4.572 4.605 4.637 4.670 4.703 4.737 4.770 4.805 4.839 4.875 4.910 4.947 4.983 5.020 5.057 5.094 5.129 5.164 5.198 5.231 5.264 5.295 5.324 5.352 5.379 5.405 5.429 5.452 5.475 5.497 5.518 5.538 5.559 5.578 5.598
-99.000 -99.000 -99.000 -99.000 -99.000 -99.000 -99.000 -99.000 -99.000 1.652 1.671 1.764 1.953 2.210 2.494 2.767 3.003 3.195 3.346 3.466 3.563 3.646 3.719 3.786 3.847 3.905 3.959 4.011 4.060 4.107 4.152 4.195 4.237 4.277 4.315 4.351 4.387 4.422 4.457 4.491 4.524 4.556 4.589 4.621 4.653 4.685 4.717 4.749 4.781 4.814 4.848 4.882 4.916 4.951 4.987 5.023 5.059 5.096 5.131 5.166 5.201 5.235 5.268 5.300 5.330 5.359 5.387 5.413 5.439 5.463 5.486 5.508 5.529 5.550 5.570 5.590 5.609
-99.000 -99.000 -99.000 -99.000 -99.000 -99.000 -99.000 -99.000 1.651 1.656 1.707 1.850 2.078 2.354 2.637 2.893 3.106 3.276 3.410 3.517 3.607 3.684 3.754 3.818 3.877 3.933 3.987 4.037 4.086 4.132 4.176 4.219 4.260 4.299 4.336 4.372 4.408 4.443 4.476 4.510 4.542 4.574 4.606 4.637 4.668 4.699 4.730 4.762 4.793 4.825 4.857 4.890 4.923 4.957 4.991 5.026 5.062 5.097 5.132 5.167 5.202 5.236 5.270 5.303 5.335 5.365 5.394 5.421 5.447 5.472 5.496 5.518 5.540 5.561 5.582 5.602 5.621
-99.000 -99.000 -99.000 -99.000 -99.000 -99.000 -99.000 -99.000 1.652 1.672 1.768 1.957 2.215 2.500 2.772 3.007 3.198 3.348 3.467 3.564 3.647 3.720 3.787 3.848 3.906 3.961 4.013 4.063 4.110 4.156 4.200 4.242 4.282 4.321 4.357 4.393 4.428 4.462 4.496 4.528 4.560 4.592 4.623 4.653 4.684 4.714 4.744 4.774 4.805 4.836 4.867 4.898 4.930 4.963 4.996 5.030 5.064 5.099 5.132 5.167 5.202 5.237 5.271 5.305 5.337 5.369 5.399 5.427 5.454 5.480 5.505 5.528 5.551 5.572 5.593 5.613 5.632
-99.000 -99.000 -99.000 -99.000 -99.000 -99.000 -99.000 1.651 1.657 1.708 1.854 2.083 2.359 2.641 2.897 3.109 3.278 3.412 3.518 3.607 3.685 3.754 3.818 3.878 3.934 3.987 4.039 4.087 4.134 4.179 4.222 4.264 4.304 4.342 4.378 4.413 4.448 4.482 4.515 4.547 4.578 4.609 4.640 4.670 4.699 4.729 4.758 4.788 4.817 4.847 4.877 4.907 4.938 4.969 5.001 5.034 5.067 5.100 5.133 5.167 5.202 5.237 5.271 5.305 5.338 5.371 5.402 5.431 5.460 5.487 5.513 5.537 5.560 5.582 5.604 5.624 5.644
-99.000 -99.000 -99.000 -99.000 -99.000 -99.000 -99.000 1.652 1.673 1.770 1.962 2.219 2.503 2.775 3.010 3.200 3.350 3.468 3.565 3.647 3.720 3.786 3.848 3.906 3.961 4.013 4.063 4.111 4.157 4.202 4.244 4.285 4.325 4.363 4.399 4.433 4.468 4.501 4.533 4.565 4.596 4.626 4.656 4.686 4.715 4.744 4.772 4.801 4.830 4.858 4.887 4.917 4.946 4.976 5.007 5.038 5.070 5.102 5.134 5.167 5.201 5.235 5.270 5.304 5.338 5.371 5.403 5.434 5.463 5.492 5.519 5.544 5.569 5.592 5.614 5.635 5.655
-99.000 -99.000 -99.000 -99.000 -99.000 -99.000 1.651 1.657 1.709 1.856 2.086 2.362 2.644 2.899 3.112 3.280 3.413 3.519 3.608 3.684 3.754 3.817 3.877 3.933 3.987 4.038 4.087 4.135 4.180 4.224 4.266 4.306 4.345 4.383 4.418 4.453 4.487 4.520 4.552 4.583 4.613 4.643 4.673 4.702 4.730 4.759 4.787 4.815 4.842 4.870 4.898 4.927 4.955 4.984 5.014 5.044 5.074 5.104 5.135 5.167 5.200 5.234 5.268 5.302 5.335 5.369 5.402 5.434 5.465 5.495 5.523 5.550 5.575 5.600 5.623 5.644 5.665
-99.000 -99.000 -99.000 -99.000 -99.000 -99.000 1.652 1.673 1.771 1.963 2.222 2.506 2.777 3.012 3.202 3.351 3.469 3.565 3.647 3.720 3.785 3.847 3.905 3.959 4.012 4.062 4.111 4.157 4.202 4.245 4.287 4.327 4.366 4.403 4.438 4.472 4.505 4.538 4.570 4.601 4.631 4.660 4.689 4.718 4.746 4.773 4.801 4.828 4.855 4.883 4.910 4.937 4.965 4.992 5.021 5.050 5.079 5.108 5.137 5.168 5.200 5.232 5.265 5.299 5.332 5.366 5.399 5.432 5.464 5.495 5.524 5.553 5.580 5.606 5.630 5.653 5.675
-99.000 -99.000 -99.000 -99.000 -99.000 1.651 1.657 1.710 1.857 2.087 2.364 2.646 2.901 3.113 3.281 3.414 3.520 3.608 3.684 3.753 3.816 3.875 3.932 3.985 4.036 4.086 4.133 4.179 4.223 4.266 4.307 4.347 4.385 4.422 4.457 4.490 4.524 4.556 4.587 4.618 4.648 4.677 4.705 4.733 4.761 4.788 4.815 4.842 4.868 4.895 4.921 4.948 4.974 5.001 5.029 5.056 5.084 5.112 5.140 5.170 5.200 5.231 5.263 5.295 5.328 5.361 5.395 5.428 5.460 5.492 5.523 5.553 5.582 5.609 5.635 5.659 5.682
-99.000 -99.000 -99.000 -99.000 -99.000 1.652 1.673 1.771 1.963 2.222 2.507 2.778 3.013 3.202 3.352 3.470 3.566 3.647 3.719 3.785 3.846 3.903 3.958 4.010 4.060 4.109 4.156 4.201 4.244 4.286 4.327 4.366 4.404 4.441 4.475 4.509 4.542 4.574 4.605 4.635 4.665 4.693 4.721 4.749 4.776 4.803 4.829 4.856 4.882 4.907 4.933 4.959 4.985 5.011 5.037 5.064 5.091 5.117 5.144 5.172 5.201 5.231 5.261 5.293 5.324 5.357 5.390 5.422 5.455 5.488 5.520 5.551 5.581 5.610 5.637 5.663 5.688
-99.000 -99.000 -99.000 -99.000 1.651 1.657 1.709 1.856 2.086 2.363 2.646 2.900 3.113 3.282 3.414 3.520 3.608 3.685 3.753 3.815 3.874 3.930 3.983 4.035 4.084 4.131 4.177 4.222 4.265 4.306 4.347 4.386 4.423 4.460 4.494 4.527 4.560 4.591 4.622 4.652 4.681 4.710 4.737 4.765 4.791 4.818 4.844 4.869 4.895 4.920 4.945 4.970 4.995 5.021 5.046 5.072 5.098 5.123 5.149 5.175 5.203 5.232 5.261 5.290 5.321 5.352 5.384 5.416 5.449 5.482 5.514 5.546 5.577 5.607 5.636 5.664 5.690
-99.000 -99.000 -99.000 -99.000 1.652 1.673 1.769 1.961 2.220 2.504 2.777 3.012 3.202 3.352 3.471 3.567 3.648 3.720 3.785 3.845 3.902 3.956 4.008 4.058 4.107 4.153 4.199 4.242 4.285 4.326 4.366 4.404 4.442 4.478 4.512 4.544 4.577 4.609 4.639 4.669 4.698 4.726 4.753 4.780 4.807 4.832 4.858 4.883 4.908 4.933 4.957 4.982 5.006 5.031 5.055 5.080 5.105 5.130 5.154 5.180 5.206 5.233 5.261 5.289 5.318 5.348 5.379 5.410 5.442 5.474 5.506 5.539 5.571 5.602 5.632 5.662 5.690
-99.000 -99.000 -99.000 1.651 1.657 1.708 1.853 2.082 2.359 2.642 2.899 3.112 3.282 3.415 3.521 3.609 3.685 3.753 3.816 3.874 3.929 3.982 4.033 4.082 4.129 4.175 4.220 4.263 4.305 4.345 4.385 4.423 4.460 4.496 4.529 4.562 4.594 4.626 4.656 4.685 4.714 4.742 4.769 4.796 4.822 4.847 4.872 4.897 4.922 4.946 4.970 4.994 5.018 5.041 5.065 5.089 5.113 5.137 5.160 5.185 5.210 5.236 5.262 5.289 5.317 5.345 5.375 5.404 5.435 5.466 5.498 5.530 5.562 5.594 5.625 5.656 5.685
-99.000 -99.000 -99.000 1.652 1.672 1.766 1.956 2.214 2.499 2.773 3.010 3.201 3.352 3.471 3.568 3.649 3.721 3.786 3.846 3.902 3.956 4.008 4.057 4.105 4.151 4.197 4.240 4.283 4.324 4.364 4.403 4.441 4.478 4.513 4.547 4.579 4.611 4.643 4.673 4.702 4.730 4.758 4.785 4.811 4.837 4.862 4.887 4.911 4.935 4.959 4.983 5.006 5.029 5.052 5.075 5.099 5.122 5.145 5.167 5.191 5.215 5.240 5.265 5.291 5.317 5.344 5.371 5.400 5.429 5.459 5.489 5.521 5.552 5.584 5.616 5.647 5.678
-99.000 -99.000 1.651 1.656 1.706 1.848 2.076 2.352 2.636 2.894 3.110 3.281 3.415 3.522 3.611 3.687 3.755 3.817 3.875 3.930 3.982 4.032 4.081 4.128 4.173 4.218 4.261 4.302 4.343 4.383 4.421 4.459 4.495 4.531 4.564 4.596 4.628 4.659 4.689 4.718 4.747 4.774 4.801 4.827 4.852 4.877 4.902 4.925 4.949 4.972 4.995 5.018 5.041 5.064 5.086 5.109 5.132 5.153 5.175 5.198 5.221 5.245 5.269 5.293 5.318 5.343 5.369 5.396 5.424 5.452 5.482 5.512 5.542 5.573 5.605 5.636 5.668
-99.000 -99.000 1.652 1.670 1.762 1.950 2.206 2.491 2.766 3.005 3.199 3.351 3.472 3.569 3.651 3.723 3.787 3.847 3.904 3.957 4.008 4.057 4.104 4.150 4.195 4.238 4.281 4.322 4.362 4.401 4.439 4.476 4.513 4.548 4.581 4.613 4.645 4.676 4.706 4.735 4.763 4.790 4.817 4.843 4.868 4.892 4.916 4.940 4.963 4.986 5.009 5.031 5.053 5.075 5.097 5.119 5.141 5.163 5.184 5.205 5.228 5.250 5.273 5.296 5.320 5.344 5.369 5.395 5.421 5.447 5.475 5.503 5.533 5.563 5.593 5.624 5.655
-99.000 1.651 1.656 1.702 1.841 2.067 2.343 2.627 2.887 3.105 3.279 3.414 3.523 3.612 3.689 3.757 3.819 3.877 3.931 3.983 4.033 4.081 4.128 4.173 4.216 4.259 4.301 4.341 4.381 4.420 4.457 4.494 4.530 4.564 4.597 4.630 4.661 4.692 4.722 4.751 4.779 4.806 4.833 4.858 4.883 4.908 4.931 4.955 4.978 5.000 5.022 5.044 5.066 5.088 5.109 5.130 5.152 5.172 5.192 5.214 5.235 5.257 5.279 5.301 5.324 5.347 5.370 5.394 5.419 5.444 5.470 5.497 5.525 5.553 5.582 5.612 5.642
-99.000 1.652 1.669 1.757 1.941 2.195 2.480 2.757 2.998 3.195 3.350 3.471 3.570 3.652 3.725 3.790 3.850 3.906 3.959 4.010 4.058 4.105 4.151 4.195 4.238 4.280 4.320 4.360 4.399 4.438 4.475 4.511 4.547 4.581 4.614 4.646 4.678 4.708 4.738 4.767 4.795 4.822 4.848 4.874 4.899 4.923 4.947 4.970 4.992 5.014 5.036 5.058 5.079 5.100 5.121 5.142 5.163 5.182 5.202 5.223 5.243 5.264 5.285 5.307 5.328 5.350 5.373 5.395 5.419 5.443 5.467 5.492 5.518 5.545 5.572 5.601 5.630
1.651 1.655 1.699 1.833 2.056 2.330 2.616 2.878 3.099 3.275 3.413 3.523 3.613 3.690 3.759 3.821 3.879 3.934 3.986 4.035 4.083 4.129 4.173 4.217 4.259 4.300 4.340 4.379 4.418 4.455 4.492 4.528 4.563 4.598 4.630 4.662 4.694 4.724 4.754 4.783 4.811 4.838 4.864 4.890 4.915 4.939 4.962 4.985 5.007 5.029 5.051 5.072 5.093 5.113 5.134 5.154 5.174 5.193 5.212 5.232 5.252 5.272 5.293 5.313 5.334 5.355 5.376 5.398 5.420 5.443 5.466 5.489 5.514 5.539 5.565 5.591 5.619
1.652 1.667 1.750 1.930 2.182 2.467 2.745 2.989 3.189 3.347 3.470 3.570 3.654 3.726 3.792 3.852 3.908 3.962 4.012 4.061 4.107 4.152 4.196 4.238 4.280 4.320 4.359 4.398 4.436 4.473 4.510 4.545 4.580 4.613 4.646 4.678 4.709 4.740 4.770 4.799 4.827 4.854 4.880 4.906 4.930 4.954 4.978 5.000 5.022 5.044 5.065 5.086 5.107 5.127 5.147 5.167 5.186 5.205 5.223 5.243 5.262 5.281 5.301 5.321 5.341 5.361 5.381 5.402 5.423 5.444 5.466 5.488 5.511 5.535 5.559 5.584 5.610
1.654 1.694 1.823 2.042 2.315 2.601 2.866 3.090 3.270 3.411 3.522 3.613 3.692 3.761 3.824 3.882 3.937 3.989 4.038 4.086 4.131 4.175 4.218 4.260 4.300 4.340 4.379 4.417 4.454 4.491 4.527 4.562 4.596 4.630 4.662 4.693 4.725 4.756 4.785 4.814 4.842 4.869 4.896 4.921 4.946 4.970 4.993 5.016 5.038 5.059 5.080 5.101 5.121 5.141 5.161 5.180 5.199 5.217 5.235 5.254 5.272 5.291 5.310 5.329 5.348 5.368 5.387 5.407 5.427 5.447 5.468 5.489 5.511 5.533 5.556 5.579 5.603
