TsunamiDB/out54047.asc
ncols          264
nrows          230
xllcorner      497853.4375
yllcorner      4229146.0000
cellsize         5.
NODATA_value   -99
[rows 132 to 164 of 230, columns 73 to 145 of 264]
-99.000 1.648 1.651 1.687 1.812 2.029 2.311 2.620 2.921 3.190 3.416 3.600 3.748 3.868 3.967 4.052 4.127 4.195 4.257 4.315 4.369 4.421 4.469 4.516 4.561 4.604 4.646 4.686 4.724 4.762 4.800 4.836 4.873 4.909 4.945 4.980 5.015 5.050 5.085 5.120 5.155 5.189 5.224 5.258 5.293 5.327 5.361 5.394 5.427 5.459 5.490 5.519 5.547 5.574 5.599 5.623 5.644 5.662 5.679 5.692 5.703 5.712 5.719 5.726 5.733 5.741 5.751 5.763 5.779 5.797 5.819 5.842 5.868
-99.000 1.648 1.659 1.730 1.899 2.149 2.447 2.756 3.045 3.296 3.503 3.670 3.804 3.914 4.007 4.087 4.159 4.224 4.284 4.341 4.394 4.445 4.493 4.539 4.583 4.626 4.667 4.707 4.745 4.782 4.819 4.855 4.891 4.927 4.961 4.996 5.030 5.064 5.098 5.132 5.165 5.199 5.233 5.267 5.301 5.335 5.368 5.402 5.435 5.468 5.500 5.530 5.559 5.587 5.615 5.640 5.663 5.684 5.703 5.718 5.731 5.741 5.749 5.756 5.761 5.767 5.774 5.783 5.795 5.810 5.829 5.850 5.874
1.648 1.650 1.680 1.794 2.003 2.279 2.586 2.889 3.163 3.394 3.582 3.733 3.856 3.957 4.044 4.120 4.189 4.252 4.311 4.366 4.419 4.469 4.516 4.562 4.606 4.648 4.688 4.728 4.766 4.803 4.839 4.875 4.911 4.945 4.979 5.013 5.046 5.079 5.111 5.144 5.177 5.209 5.242 5.275 5.309 5.342 5.375 5.409 5.442 5.475 5.507 5.538 5.568 5.598 5.627 5.654 5.679 5.703 5.723 5.742 5.757 5.769 5.779 5.786 5.792 5.797 5.802 5.808 5.816 5.827 5.842 5.860 5.881
1.648 1.656 1.719 1.878 2.122 2.416 2.725 3.017 3.272 3.483 3.654 3.791 3.903 3.997 4.079 4.151 4.218 4.279 4.337 4.391 4.443 4.492 4.539 4.584 4.627 4.669 4.710 4.749 4.787 4.824 4.860 4.896 4.931 4.965 4.998 5.031 5.063 5.095 5.126 5.158 5.189 5.221 5.252 5.284 5.317 5.349 5.382 5.415 5.448 5.481 5.514 5.545 5.576 5.607 5.636 5.665 5.692 5.718 5.741 5.762 5.780 5.795 5.807 5.816 5.823 5.827 5.831 5.835 5.841 5.849 5.859 5.874 5.892
1.649 1.674 1.778 1.980 2.251 2.556 2.861 3.137 3.373 3.565 3.719 3.843 3.946 4.034 4.111 4.181 4.245 4.305 4.361 4.415 4.465 4.514 4.561 4.606 4.649 4.691 4.731 4.771 4.808 4.845 4.881 4.917 4.951 4.985 5.017 5.049 5.081 5.111 5.142 5.172 5.202 5.233 5.263 5.294 5.325 5.357 5.389 5.421 5.454 5.486 5.519 5.550 5.582 5.613 5.644 5.674 5.702 5.729 5.755 5.778 5.799 5.817 5.832 5.843 5.852 5.858 5.862 5.865 5.869 5.873 5.881 5.891 5.905
1.654 1.709 1.859 2.096 2.388 2.697 2.991 3.250 3.465 3.638 3.778 3.891 3.987 4.069 4.142 4.209 4.271 4.329 4.385 4.437 4.487 4.535 4.582 4.626 4.670 4.712 4.752 4.792 4.830 4.867 4.903 4.938 4.972 5.006 5.038 5.069 5.100 5.130 5.159 5.188 5.217 5.246 5.276 5.305 5.335 5.365 5.396 5.427 5.459 5.491 5.523 5.554 5.586 5.618 5.649 5.680 5.710 5.738 5.766 5.791 5.814 5.835 5.853 5.867 5.879 5.887 5.893 5.896 5.899 5.901 5.906 5.913 5.923
1.669 1.765 1.958 2.225 2.528 2.834 3.114 3.353 3.548 3.705 3.831 3.936 4.024 4.102 4.172 4.236 4.296 4.353 4.407 4.459 4.508 4.556 4.602 4.647 4.690 4.732 4.773 4.813 4.851 4.888 4.924 4.960 4.994 5.027 5.059 5.089 5.120 5.149 5.178 5.206 5.234 5.261 5.289 5.317 5.346 5.375 5.404 5.434 5.465 5.496 5.527 5.558 5.590 5.622 5.653 5.685 5.715 5.745 5.774 5.801 5.826 5.849 5.870 5.888 5.902 5.913 5.921 5.926 5.929 5.931 5.934 5.938 5.944
1.701 1.842 2.073 2.362 2.670 2.966 3.228 3.447 3.624 3.765 3.881 3.977 4.060 4.133 4.200 4.262 4.320 4.376 4.429 4.479 4.528 4.576 4.622 4.667 4.710 4.753 4.794 4.833 4.871 4.909 4.946 4.981 5.015 5.048 5.080 5.110 5.140 5.169 5.197 5.225 5.252 5.278 5.305 5.332 5.358 5.386 5.414 5.442 5.472 5.502 5.532 5.561 5.593 5.625 5.656 5.688 5.719 5.750 5.779 5.808 5.835 5.860 5.883 5.904 5.921 5.936 5.946 5.954 5.959 5.961 5.963 5.965 5.969
1.753 1.938 2.201 2.503 2.809 3.092 3.334 3.533 3.692 3.821 3.926 4.015 4.093 4.163 4.227 4.287 4.343 4.397 4.449 4.499 4.548 4.595 4.641 4.686 4.730 4.772 4.814 4.853 4.892 4.930 4.966 5.002 5.036 5.069 5.101 5.132 5.161 5.190 5.218 5.245 5.271 5.297 5.322 5.348 5.373 5.399 5.425 5.452 5.480 5.508 5.536 5.565 5.596 5.627 5.659 5.690 5.722 5.753 5.783 5.813 5.841 5.868 5.894 5.916 5.937 5.954 5.968 5.978 5.986 5.990 5.993 5.994 5.996
1.826 2.051 2.336 2.645 2.943 3.208 3.431 3.610 3.754 3.871 3.968 4.051 4.124 4.191 4.252 4.310 4.366 4.418 4.469 4.519 4.567 4.614 4.660 4.705 4.748 4.791 4.833 4.873 4.911 4.949 4.986 5.022 5.056 5.089 5.121 5.153 5.182 5.211 5.239 5.266 5.292 5.317 5.341 5.365 5.389 5.414 5.438 5.463 5.489 5.516 5.543 5.570 5.600 5.630 5.661 5.692 5.723 5.755 5.786 5.816 5.846 5.874 5.901 5.926 5.949 5.969 5.986 5.999 6.009 6.016 6.021 6.023 6.025
1.920 2.177 2.477 2.785 3.070 3.316 3.518 3.681 3.811 3.917 4.007 4.085 4.154 4.218 4.277 4.334 4.387 4.439 4.489 4.538 4.585 4.632 4.678 4.723 4.767 4.810 4.852 4.891 4.930 4.968 5.005 5.041 5.075 5.109 5.142 5.173 5.203 5.232 5.260 5.287 5.313 5.338 5.362 5.385 5.408 5.431 5.454 5.477 5.501 5.526 5.551 5.577 5.605 5.634 5.663 5.694 5.725 5.756 5.787 5.818 5.848 5.878 5.906 5.933 5.957 5.980 5.999 6.016 6.029 6.039 6.046 6.050 6.053
2.029 2.311 2.619 2.920 3.188 3.415 3.598 3.744 3.862 3.960 4.044 4.117 4.183 4.244 4.302 4.356 4.409 4.459 4.508 4.557 4.604 4.651 4.696 4.741 4.785 4.828 4.869 4.909 4.947 4.985 5.023 5.059 5.094 5.128 5.161 5.193 5.224 5.253 5.282 5.309 5.335 5.359 5.383 5.406 5.428 5.450 5.472 5.493 5.515 5.538 5.561 5.585 5.611 5.638 5.667 5.696 5.727 5.757 5.788 5.819 5.850 5.880 5.909 5.937 5.963 5.988 6.010 6.029 6.045 6.058 6.068 6.075 6.079
2.152 2.451 2.760 3.049 3.298 3.504 3.670 3.802 3.910 4.000 4.078 4.148 4.211 4.270 4.326 4.379 4.430 4.479 4.528 4.576 4.623 4.669 4.715 4.759 4.803 4.845 4.886 4.925 4.964 5.002 5.039 5.076 5.111 5.146 5.179 5.212 5.243 5.273 5.302 5.330 5.356 5.381 5.405 5.428 5.450 5.471 5.492 5.512 5.532 5.553 5.574 5.596 5.620 5.645 5.672 5.700 5.729 5.759 5.789 5.820 5.851 5.881 5.911 5.940 5.967 5.993 6.017 6.039 6.057 6.073 6.086 6.095 6.102
2.284 2.592 2.895 3.169 3.398 3.586 3.735 3.856 3.955 4.038 4.112 4.178 4.239 4.295 4.349 4.401 4.451 4.500 4.548 4.595 4.642 4.688 4.733 4.777 4.820 4.862 4.902 4.941 4.980 5.018 5.055 5.092 5.127 5.162 5.196 5.229 5.261 5.292 5.321 5.350 5.377 5.403 5.427 5.450 5.472 5.493 5.513 5.533 5.552 5.571 5.590 5.609 5.631 5.654 5.679 5.705 5.732 5.761 5.791 5.821 5.852 5.882 5.912 5.942 5.970 5.997 6.023 6.046 6.067 6.085 6.100 6.113 6.122
2.422 2.732 3.024 3.280 3.490 3.659 3.795 3.905 3.996 4.075 4.144 4.207 4.265 4.320 4.373 4.423 4.473 4.521 4.568 4.615 4.661 4.706 4.751 4.794 4.836 4.878 4.918 4.957 4.995 5.033 5.070 5.107 5.143 5.178 5.212 5.245 5.278 5.309 5.339 5.369 5.397 5.423 5.449 5.473 5.495 5.516 5.536 5.555 5.573 5.591 5.608 5.626 5.645 5.666 5.688 5.712 5.738 5.765 5.793 5.823 5.853 5.883 5.913 5.943 5.972 6.000 6.026 6.051 6.073 6.094 6.111 6.126 6.139
2.562 2.868 3.146 3.382 3.573 3.726 3.850 3.950 4.035 4.109 4.175 4.236 4.292 4.346 4.397 4.446 4.495 4.542 4.589 4.635 4.681 4.725 4.769 4.811 4.853 4.894 4.934 4.972 5.010 5.048 5.085 5.121 5.157 5.192 5.226 5.260 5.293 5.325 5.356 5.386 5.415 5.443 5.469 5.494 5.517 5.539 5.559 5.579 5.597 5.614 5.630 5.645 5.663 5.681 5.701 5.723 5.746 5.771 5.798 5.826 5.855 5.884 5.914 5.944 5.973 6.001 6.029 6.054 6.078 6.100 6.120 6.137 6.152
2.701 2.997 3.258 3.475 3.649 3.788 3.900 3.993 4.073 4.143 4.206 4.264 4.319 4.371 4.421 4.469 4.517 4.564 4.610 4.656 4.701 4.744 4.787 4.829 4.870 4.910 4.949 4.987 5.024 5.062 5.098 5.135 5.170 5.205 5.240 5.274 5.307 5.339 5.371 5.402 5.432 5.460 5.488 5.514 5.538 5.561 5.582 5.602 5.620 5.638 5.653 5.668 5.683 5.699 5.717 5.736 5.757 5.779 5.804 5.830 5.858 5.886 5.916 5.945 5.974 6.003 6.030 6.057 6.082 6.105 6.126 6.146 6.163
2.836 3.119 3.362 3.560 3.717 3.844 3.947 4.034 4.108 4.175 4.236 4.292 4.345 4.396 4.445 4.493 4.540 4.586 4.632 4.677 4.721 4.764 4.805 4.846 4.886 4.926 4.965 5.002 5.038 5.075 5.112 5.147 5.183 5.218 5.252 5.286 5.320 5.352 5.385 5.416 5.446 5.476 5.504 5.532 5.557 5.582 5.604 5.625 5.644 5.662 5.677 5.692 5.706 5.721 5.736 5.753 5.771 5.791 5.813 5.837 5.863 5.890 5.918 5.947 5.975 6.004 6.032 6.059 6.084 6.109 6.131 6.152 6.171
2.965 3.232 3.456 3.637 3.780 3.896 3.991 4.072 4.143 4.207 4.265 4.320 4.372 4.422 4.470 4.517 4.564 4.609 4.654 4.698 4.741 4.783 4.824 4.864 4.904 4.942 4.980 5.017 5.053 5.089 5.125 5.160 5.195 5.230 5.264 5.298 5.331 5.364 5.397 5.428 5.460 5.490 5.519 5.548 5.575 5.600 5.624 5.646 5.667 5.686 5.702 5.716 5.731 5.745 5.758 5.773 5.789 5.806 5.825 5.847 5.870 5.895 5.922 5.949 5.977 6.005 6.033 6.060 6.086 6.111 6.135 6.157 6.178
3.087 3.337 3.542 3.707 3.838 3.944 4.033 4.109 4.176 4.237 4.294 4.348 4.399 4.448 4.495 4.542 4.587 4.632 4.676 4.719 4.761 4.803 4.843 4.882 4.921 4.959 4.997 5.032 5.068 5.103 5.138 5.173 5.207 5.241 5.275 5.309 5.342 5.375 5.407 5.440 5.471 5.502 5.533 5.562 5.590 5.617 5.642 5.666 5.688 5.708 5.726 5.741 5.756 5.770 5.783 5.796 5.810 5.824 5.841 5.860 5.881 5.903 5.928 5.954 5.981 6.008 6.035 6.062 6.088 6.114 6.138 6.161 6.183
3.201 3.433 3.621 3.771 3.890 3.989 4.072 4.144 4.209 4.268 4.323 4.375 4.425 4.474 4.521 4.567 4.611 4.655 4.699 4.741 4.782 4.822 4.862 4.901 4.939 4.976 5.013 5.048 5.083 5.117 5.152 5.186 5.219 5.253 5.286 5.319 5.352 5.385 5.417 5.449 5.481 5.513 5.544 5.574 5.603 5.631 5.658 5.684 5.707 5.729 5.748 5.765 5.781 5.796 5.809 5.821 5.833 5.846 5.860 5.876 5.894 5.914 5.936 5.960 5.985 6.011 6.038 6.064 6.090 6.116 6.141 6.165 6.187
3.307 3.520 3.692 3.829 3.939 4.031 4.109 4.178 4.240 4.298 4.352 4.403 4.452 4.500 4.546 4.591 4.636 4.679 4.721 4.762 4.803 4.843 4.882 4.920 4.957 4.994 5.030 5.064 5.098 5.132 5.166 5.199 5.232 5.264 5.297 5.329 5.362 5.394 5.426 5.458 5.490 5.522 5.553 5.584 5.614 5.644 5.672 5.699 5.724 5.748 5.768 5.787 5.805 5.821 5.834 5.847 5.859 5.870 5.882 5.896 5.911 5.928 5.948 5.969 5.992 6.016 6.041 6.067 6.093 6.118 6.143 6.168 6.192
3.403 3.600 3.757 3.883 3.985 4.070 4.145 4.211 4.271 4.328 4.380 4.431 4.479 4.526 4.572 4.616 4.660 4.702 4.743 4.784 4.824 4.863 4.902 4.939 4.976 5.012 5.048 5.081 5.115 5.148 5.180 5.213 5.245 5.276 5.308 5.340 5.371 5.403 5.435 5.467 5.498 5.530 5.562 5.593 5.624 5.654 5.683 5.711 5.738 5.763 5.786 5.807 5.827 5.844 5.859 5.873 5.885 5.896 5.907 5.918 5.931 5.946 5.962 5.981 6.001 6.024 6.047 6.071 6.096 6.122 6.147 6.172 6.196
3.492 3.672 3.816 3.933 4.027 4.108 4.179 4.243 4.302 4.357 4.409 4.458 4.506 4.552 4.597 4.641 4.683 4.725 4.766 4.806 4.845 4.884 4.922 4.959 4.995 5.031 5.066 5.098 5.131 5.164 5.196 5.227 5.258 5.289 5.320 5.350 5.381 5.412 5.443 5.474 5.506 5.537 5.569 5.600 5.632 5.662 5.693 5.722 5.750 5.777 5.801 5.824 5.846 5.865 5.882 5.897 5.910 5.922 5.932 5.943 5.954 5.966 5.980 5.996 6.014 6.033 6.055 6.078 6.101 6.126 6.151 6.176 6.200
3.573 3.739 3.871 3.978 4.067 4.145 4.213 4.275 4.332 4.386 4.436 4.485 4.532 4.578 4.622 4.665 4.707 4.748 4.788 4.828 4.866 4.905 4.942 4.979 5.015 5.050 5.084 5.116 5.149 5.181 5.212 5.243 5.273 5.303 5.332 5.362 5.392 5.422 5.452 5.482 5.513 5.544 5.575 5.607 5.638 5.669 5.700 5.730 5.760 5.788 5.813 5.838 5.862 5.883 5.902 5.919 5.934 5.947 5.958 5.968 5.978 5.989 6.000 6.013 6.029 6.046 6.065 6.086 6.108 6.132 6.156 6.180 6.204
3.647 3.799 3.921 4.021 4.105 4.179 4.245 4.305 4.361 4.414 4.464 4.512 4.558 4.603 4.646 4.689 4.730 4.771 4.810 4.849 4.888 4.925 4.962 4.999 5.034 5.069 5.102 5.135 5.167 5.198 5.229 5.259 5.288 5.317 5.346 5.374 5.403 5.432 5.461 5.490 5.520 5.551 5.581 5.612 5.644 5.675 5.706 5.737 5.768 5.796 5.823 5.850 5.875 5.899 5.920 5.939 5.956 5.970 5.982 5.993 6.003 6.013 6.023 6.034 6.046 6.061 6.078 6.097 6.117 6.139 6.162 6.187 6.210
3.714 3.854 3.968 4.061 4.142 4.213 4.276 4.335 4.390 4.442 4.491 4.538 4.584 4.628 4.670 4.712 4.753 4.793 4.832 4.870 4.908 4.946 4.982 5.018 5.054 5.088 5.121 5.153 5.185 5.216 5.247 5.276 5.305 5.333 5.361 5.388 5.415 5.443 5.471 5.499 5.528 5.557 5.587 5.618 5.649 5.680 5.711 5.742 5.773 5.802 5.831 5.859 5.886 5.911 5.934 5.955 5.974 5.991 6.005 6.017 6.027 6.037 6.046 6.056 6.067 6.079 6.093 6.110 6.128 6.149 6.171 6.194 6.218
3.775 3.905 4.011 4.100 4.176 4.245 4.307 4.364 4.418 4.469 4.517 4.564 4.609 4.652 4.694 4.735 4.775 4.815 4.853 4.891 4.929 4.966 5.002 5.038 5.073 5.108 5.140 5.172 5.204 5.235 5.265 5.294 5.322 5.350 5.377 5.403 5.429 5.455 5.482 5.509 5.536 5.565 5.593 5.623 5.653 5.684 5.715 5.747 5.778 5.807 5.837 5.866 5.894 5.921 5.946 5.969 5.990 6.008 6.024 6.038 6.050 6.060 6.069 6.079 6.088 6.099 6.111 6.126 6.142 6.161 6.182 6.204 6.227
3.832 3.952 4.052 4.136 4.209 4.276 4.337 4.393 4.446 4.496 4.543 4.589 4.633 4.676 4.717 4.758 4.797 4.836 4.874 4.912 4.949 4.986 5.022 5.058 5.093 5.127 5.159 5.191 5.223 5.254 5.284 5.312 5.340 5.367 5.394 5.419 5.444 5.469 5.495 5.520 5.546 5.573 5.600 5.629 5.658 5.688 5.719 5.750 5.781 5.811 5.841 5.871 5.900 5.928 5.954 5.979 6.002 6.022 6.041 6.056 6.070 6.082 6.092 6.101 6.110 6.120 6.131 6.144 6.159 6.175 6.195 6.216 6.237
3.883 3.996 4.090 4.170 4.241 4.306 4.365 4.421 4.473 4.522 4.569 4.614 4.657 4.699 4.740 4.780 4.819 4.857 4.895 4.932 4.969 5.005 5.041 5.077 5.111 5.146 5.178 5.210 5.242 5.272 5.302 5.331 5.359 5.386 5.412 5.437 5.461 5.485 5.509 5.533 5.557 5.582 5.608 5.635 5.663 5.692 5.722 5.753 5.784 5.814 5.844 5.874 5.904 5.933 5.961 5.987 6.011 6.034 6.054 6.072 6.087 6.101 6.112 6.122 6.132 6.141 6.152 6.163 6.177 6.192 6.210 6.230 6.250
3.931 4.036 4.125 4.202 4.271 4.335 4.393 4.448 4.499 4.548 4.594 4.638 4.681 4.722 4.763 4.802 4.840 4.878 4.915 4.952 4.988 5.024 5.060 5.095 5.130 5.164 5.196 5.228 5.260 5.291 5.321 5.350 5.378 5.405 5.430 5.455 5.479 5.502 5.525 5.548 5.571 5.594 5.618 5.643 5.670 5.697 5.726 5.756 5.786 5.816 5.846 5.876 5.907 5.936 5.965 5.992 6.018 6.042 6.064 6.084 6.101 6.117 6.130 6.142 6.152 6.162 6.173 6.184 6.196 6.211 6.227 6.246 6.265
3.974 4.074 4.159 4.233 4.300 4.363 4.420 4.474 4.525 4.573 4.618 4.662 4.704 4.745 4.785 4.823 4.861 4.898 4.935 4.971 5.007 5.043 5.078 5.113 5.148 5.182 5.214 5.246 5.278 5.309 5.339 5.369 5.397 5.424 5.450 5.474 5.498 5.521 5.543 5.564 5.586 5.608 5.630 5.653 5.678 5.704 5.731 5.759 5.788 5.817 5.847 5.878 5.908 5.938 5.968 5.996 6.023 6.048 6.072 6.094 6.113 6.130 6.145 6.159 6.171 6.182 6.193 6.204 6.217 6.231 6.246 6.264 6.282
4.015 4.109 4.191 4.263 4.328 4.390 4.446 4.500 4.550 4.597 4.642 4.685 4.727 4.767 4.806 4.844 4.882 4.918 4.955 4.990 5.026 5.061 5.096 5.131 5.165 5.199 5.232 5.263 5.295 5.327 5.357 5.387 5.415 5.443 5.469 5.494 5.518 5.540 5.562 5.583 5.603 5.624 5.644 5.666 5.688 5.712 5.737 5.764 5.792 5.820 5.848 5.879 5.909 5.939 5.969 5.998 6.026 6.053 6.078 6.101 6.122 6.141 6.158 6.173 6.187 6.200 6.212 6.224 6.237 6.251 6.266 6.283 6.301
