TsunamiDB/out54199.asc
ncols          264
nrows          230
xllcorner      497853.4375
yllcorner      4229146.0000
cellsize         5.
NODATA_value   -99
[rows 34 to 67 of 230, columns 0 to 76 of 264]
5.863 5.873 5.882 5.891 5.900 5.909 5.918 5.926 5.935 5.943 5.951 5.959 5.967 5.975 5.983 5.990 5.997 6.005 6.011 6.018 6.025 6.032 6.039 6.046 6.053 6.060 6.067 6.074 6.081 6.088 6.095 6.103 6.110 6.118 6.125 6.133 6.141 6.149 6.157 6.165 6.172 6.180 6.187 6.195 6.202 6.210 6.217 6.224 6.231 6.239 6.246 6.253 6.260 6.267 6.274 6.282 6.289 6.296 6.303 6.310 6.318 6.325 6.331 6.338 6.344 6.351 6.357 6.364 6.370 6.376 6.382 6.388 6.394 6.399 6.405 6.411 6.416
5.868 5.878 5.888 5.897 5.906 5.915 5.924 5.933 5.941 5.950 5.958 5.966 5.974 5.982 5.990 5.998 6.005 6.012 6.019 6.025 6.032 6.039 6.046 6.052 6.059 6.066 6.073 6.080 6.087 6.094 6.101 6.108 6.116 6.123 6.130 6.138 6.146 6.154 6.162 6.169 6.177 6.184 6.191 6.199 6.206 6.214 6.221 6.228 6.235 6.243 6.250 6.257 6.264 6.271 6.278 6.285 6.292 6.299 6.307 6.314 6.322 6.328 6.335 6.342 6.348 6.355 6.361 6.368 6.374 6.380 6.386 6.392 6.398 6.404 6.410 6.415 6.421
5.873 5.883 5.892 5.902 5.912 5.921 5.930 5.939 5.947 5.956 5.964 5.973 5.981 5.989 5.997 6.004 6.012 6.019 6.026 6.032 6.039 6.046 6.052 6.059 6.066 6.072 6.079 6.086 6.093 6.100 6.107 6.114 6.121 6.128 6.136 6.143 6.151 6.159 6.166 6.174 6.181 6.188 6.196 6.203 6.210 6.218 6.225 6.232 6.239 6.246 6.253 6.261 6.268 6.275 6.282 6.289 6.296 6.303 6.310 6.318 6.325 6.332 6.339 6.346 6.352 6.359 6.365 6.372 6.378 6.384 6.390 6.396 6.402 6.408 6.414 6.420 6.425
5.876 5.887 5.897 5.907 5.916 5.926 5.935 5.944 5.953 5.962 5.970 5.979 5.987 5.996 6.004 6.011 6.018 6.025 6.032 6.039 6.046 6.052 6.059 6.066 6.072 6.079 6.085 6.092 6.099 6.106 6.113 6.119 6.127 6.134 6.141 6.148 6.156 6.164 6.171 6.178 6.186 6.193 6.200 6.207 6.214 6.221 6.229 6.236 6.243 6.250 6.257 6.264 6.271 6.278 6.285 6.292 6.300 6.307 6.314 6.321 6.329 6.336 6.342 6.349 6.356 6.362 6.369 6.375 6.382 6.388 6.394 6.400 6.406 6.412 6.418 6.424 6.429
5.880 5.890 5.900 5.910 5.920 5.930 5.939 5.949 5.958 5.967 5.976 5.984 5.993 6.001 6.010 6.017 6.025 6.032 6.039 6.045 6.052 6.059 6.065 6.072 6.079 6.085 6.092 6.098 6.105 6.112 6.118 6.125 6.132 6.139 6.146 6.153 6.161 6.169 6.176 6.183 6.190 6.197 6.204 6.211 6.218 6.225 6.232 6.240 6.247 6.254 6.261 6.268 6.275 6.282 6.289 6.296 6.303 6.310 6.317 6.325 6.332 6.339 6.346 6.353 6.359 6.366 6.373 6.379 6.385 6.392 6.398 6.404 6.410 6.416 6.422 6.428 6.433
5.883 5.893 5.903 5.914 5.924 5.933 5.943 5.953 5.962 5.971 5.980 5.989 5.998 6.007 6.015 6.023 6.030 6.038 6.045 6.052 6.058 6.065 6.072 6.078 6.085 6.091 6.098 6.104 6.111 6.117 6.124 6.131 6.137 6.144 6.151 6.159 6.166 6.173 6.180 6.187 6.194 6.201 6.208 6.215 6.222 6.229 6.236 6.243 6.250 6.257 6.264 6.271 6.278 6.285 6.292 6.299 6.306 6.314 6.321 6.328 6.336 6.342 6.349 6.356 6.363 6.369 6.376 6.382 6.389 6.395 6.401 6.408 6.414 6.420 6.426 6.431 6.437
5.886 5.896 5.906 5.916 5.926 5.936 5.946 5.956 5.965 5.975 5.984 5.993 6.002 6.011 6.020 6.028 6.036 6.043 6.050 6.057 6.064 6.071 6.077 6.084 6.091 6.097 6.104 6.110 6.117 6.123 6.130 6.136 6.143 6.150 6.157 6.164 6.171 6.178 6.185 6.192 6.199 6.206 6.213 6.219 6.226 6.233 6.240 6.247 6.254 6.261 6.268 6.275 6.282 6.289 6.296 6.303 6.310 6.317 6.324 6.331 6.339 6.346 6.352 6.359 6.366 6.373 6.379 6.386 6.392 6.399 6.405 6.411 6.417 6.423 6.429 6.435 6.441
5.888 5.899 5.909 5.919 5.929 5.939 5.949 5.959 5.968 5.978 5.987 5.997 6.006 6.015 6.024 6.032 6.040 6.048 6.055 6.062 6.069 6.076 6.083 6.090 6.096 6.103 6.109 6.116 6.122 6.129 6.135 6.142 6.148 6.155 6.162 6.169 6.176 6.183 6.190 6.197 6.203 6.210 6.217 6.224 6.230 6.237 6.244 6.251 6.257 6.264 6.271 6.278 6.285 6.292 6.299 6.306 6.313 6.320 6.327 6.335 6.342 6.349 6.356 6.362 6.369 6.376 6.382 6.389 6.395 6.402 6.408 6.414 6.421 6.427 6.433 6.439 6.445
5.891 5.901 5.911 5.921 5.931 5.941 5.951 5.961 5.971 5.980 5.990 5.999 6.009 6.018 6.028 6.036 6.044 6.052 6.059 6.067 6.074 6.081 6.088 6.095 6.101 6.108 6.114 6.121 6.127 6.134 6.140 6.147 6.153 6.160 6.167 6.173 6.181 6.188 6.194 6.201 6.208 6.214 6.221 6.228 6.234 6.241 6.248 6.254 6.261 6.268 6.274 6.281 6.288 6.295 6.302 6.309 6.316 6.323 6.330 6.338 6.345 6.352 6.359 6.365 6.372 6.379 6.385 6.392 6.399 6.405 6.411 6.418 6.424 6.430 6.436 6.442 6.448
5.894 5.904 5.914 5.923 5.933 5.943 5.953 5.963 5.973 5.982 5.992 6.002 6.011 6.021 6.030 6.039 6.047 6.055 6.063 6.070 6.078 6.085 6.092 6.099 6.106 6.113 6.119 6.126 6.132 6.139 6.145 6.152 6.158 6.165 6.171 6.178 6.185 6.192 6.199 6.205 6.212 6.218 6.225 6.232 6.238 6.245 6.251 6.258 6.264 6.271 6.278 6.285 6.291 6.298 6.305 6.312 6.319 6.326 6.333 6.340 6.348 6.355 6.361 6.368 6.375 6.382 6.388 6.395 6.401 6.408 6.414 6.421 6.427 6.433 6.439 6.445 6.451
5.897 5.906 5.916 5.926 5.935 5.945 5.955 5.964 5.974 5.984 5.994 6.003 6.013 6.023 6.032 6.041 6.050 6.058 6.066 6.074 6.081 6.089 6.096 6.103 6.110 6.117 6.123 6.130 6.137 6.143 6.150 6.156 6.163 6.169 6.176 6.183 6.190 6.197 6.203 6.210 6.216 6.223 6.229 6.235 6.242 6.248 6.255 6.261 6.268 6.274 6.281 6.288 6.294 6.301 6.308 6.315 6.322 6.329 6.336 6.343 6.350 6.357 6.364 6.371 6.378 6.384 6.391 6.398 6.404 6.411 6.417 6.423 6.430 6.436 6.442 6.448 6.454
5.900 5.909 5.919 5.928 5.937 5.947 5.956 5.966 5.976 5.985 5.995 6.005 6.014 6.025 6.034 6.043 6.051 6.060 6.068 6.076 6.084 6.091 6.099 6.106 6.113 6.120 6.127 6.134 6.141 6.147 6.154 6.161 6.167 6.174 6.180 6.187 6.194 6.201 6.207 6.214 6.220 6.227 6.233 6.239 6.246 6.252 6.258 6.265 6.271 6.278 6.284 6.291 6.297 6.304 6.311 6.318 6.325 6.331 6.339 6.346 6.353 6.360 6.367 6.374 6.380 6.387 6.394 6.400 6.407 6.413 6.420 6.426 6.432 6.439 6.445 6.451 6.457
5.904 5.912 5.921 5.931 5.940 5.949 5.958 5.968 5.977 5.987 5.996 6.006 6.016 6.026 6.035 6.044 6.053 6.061 6.070 6.078 6.086 6.093 6.101 6.109 6.116 6.123 6.130 6.137 6.144 6.151 6.158 6.164 6.171 6.178 6.184 6.191 6.198 6.205 6.211 6.218 6.224 6.230 6.237 6.243 6.249 6.255 6.262 6.268 6.274 6.281 6.287 6.294 6.300 6.307 6.314 6.320 6.327 6.334 6.341 6.348 6.356 6.362 6.369 6.376 6.383 6.390 6.396 6.403 6.409 6.416 6.422 6.429 6.435 6.441 6.448 6.454 6.460
5.907 5.916 5.925 5.933 5.942 5.951 5.960 5.969 5.979 5.988 5.997 6.007 6.017 6.027 6.036 6.045 6.054 6.062 6.071 6.079 6.087 6.095 6.103 6.111 6.118 6.125 6.133 6.140 6.147 6.154 6.161 6.168 6.174 6.181 6.188 6.195 6.202 6.209 6.215 6.221 6.228 6.234 6.240 6.246 6.252 6.259 6.265 6.271 6.277 6.284 6.290 6.297 6.303 6.310 6.316 6.323 6.330 6.337 6.344 6.351 6.358 6.365 6.372 6.378 6.385 6.392 6.399 6.405 6.412 6.418 6.425 6.431 6.438 6.444 6.450 6.456 6.463
5.911 5.920 5.928 5.936 5.945 5.954 5.962 5.971 5.980 5.989 5.999 6.008 6.018 6.028 6.037 6.045 6.054 6.063 6.071 6.080 6.088 6.096 6.104 6.112 6.120 6.127 6.135 6.142 6.149 6.156 6.163 6.170 6.177 6.184 6.191 6.198 6.205 6.212 6.218 6.225 6.231 6.237 6.243 6.249 6.256 6.262 6.268 6.274 6.280 6.287 6.293 6.299 6.306 6.312 6.319 6.325 6.332 6.339 6.346 6.353 6.360 6.367 6.374 6.381 6.387 6.394 6.401 6.407 6.414 6.421 6.427 6.434 6.440 6.446 6.453 6.459 6.465
5.915 5.923 5.932 5.940 5.948 5.956 5.965 5.974 5.982 5.991 6.000 6.009 6.019 6.028 6.037 6.046 6.055 6.063 6.072 6.080 6.088 6.097 6.105 6.113 6.120 6.128 6.136 6.143 6.151 6.158 6.165 6.172 6.179 6.186 6.193 6.201 6.208 6.215 6.221 6.227 6.234 6.240 6.246 6.252 6.258 6.265 6.271 6.277 6.283 6.289 6.296 6.302 6.308 6.315 6.321 6.328 6.334 6.341 6.348 6.355 6.363 6.369 6.376 6.383 6.389 6.396 6.403 6.409 6.416 6.423 6.429 6.436 6.442 6.449 6.455 6.461 6.468
5.920 5.928 5.935 5.943 5.951 5.960 5.968 5.976 5.985 5.993 6.002 6.011 6.020 6.029 6.038 6.047 6.055 6.064 6.072 6.080 6.089 6.097 6.105 6.113 6.121 6.129 6.136 6.144 6.152 6.159 6.166 6.174 6.181 6.188 6.195 6.203 6.210 6.217 6.223 6.230 6.236 6.242 6.249 6.255 6.261 6.267 6.273 6.279 6.285 6.292 6.298 6.304 6.310 6.317 6.323 6.330 6.336 6.343 6.350 6.357 6.364 6.371 6.378 6.385 6.391 6.398 6.405 6.411 6.418 6.425 6.431 6.438 6.444 6.451 6.457 6.463 6.470
5.925 5.932 5.940 5.947 5.955 5.963 5.971 5.979 5.987 5.996 6.004 6.013 6.022 6.031 6.039 6.048 6.056 6.064 6.072 6.081 6.089 6.097 6.105 6.113 6.121 6.129 6.137 6.144 6.152 6.160 6.167 6.175 6.182 6.189 6.197 6.204 6.212 6.218 6.225 6.232 6.238 6.244 6.251 6.257 6.263 6.269 6.275 6.281 6.288 6.294 6.300 6.306 6.312 6.319 6.325 6.332 6.338 6.345 6.352 6.359 6.366 6.373 6.380 6.386 6.393 6.400 6.406 6.413 6.420 6.426 6.433 6.439 6.446 6.452 6.459 6.465 6.472
5.930 5.937 5.944 5.952 5.959 5.967 5.974 5.982 5.990 5.998 6.006 6.015 6.024 6.032 6.040 6.049 6.057 6.065 6.073 6.081 6.089 6.097 6.105 6.113 6.121 6.129 6.137 6.145 6.152 6.160 6.167 6.175 6.182 6.190 6.197 6.205 6.213 6.219 6.226 6.233 6.239 6.246 6.252 6.259 6.265 6.271 6.277 6.283 6.289 6.296 6.302 6.308 6.314 6.320 6.327 6.333 6.340 6.347 6.354 6.361 6.368 6.374 6.381 6.388 6.394 6.401 6.408 6.414 6.421 6.428 6.434 6.441 6.447 6.454 6.461 6.467 6.473
5.935 5.942 5.949 5.956 5.963 5.971 5.978 5.986 5.993 6.001 6.009 6.017 6.026 6.034 6.042 6.050 6.058 6.066 6.074 6.082 6.089 6.097 6.105 6.113 6.121 6.129 6.137 6.144 6.152 6.160 6.167 6.175 6.183 6.190 6.198 6.205 6.213 6.220 6.227 6.234 6.240 6.247 6.253 6.260 6.266 6.272 6.278 6.285 6.291 6.297 6.303 6.309 6.316 6.322 6.328 6.335 6.341 6.348 6.355 6.362 6.369 6.375 6.382 6.389 6.396 6.402 6.409 6.416 6.422 6.429 6.436 6.442 6.449 6.455 6.462 6.468 6.475
5.940 5.947 5.954 5.961 5.968 5.975 5.982 5.990 5.997 6.005 6.012 6.020 6.028 6.036 6.044 6.052 6.059 6.067 6.075 6.082 6.090 6.098 6.106 6.113 6.121 6.129 6.136 6.144 6.152 6.160 6.167 6.175 6.182 6.190 6.198 6.205 6.213 6.220 6.227 6.234 6.241 6.247 6.254 6.260 6.267 6.273 6.279 6.285 6.292 6.298 6.304 6.310 6.317 6.323 6.329 6.336 6.342 6.349 6.356 6.363 6.370 6.376 6.383 6.390 6.396 6.403 6.410 6.417 6.423 6.430 6.437 6.443 6.450 6.456 6.463 6.470 6.476
5.946 5.953 5.959 5.966 5.973 5.980 5.987 5.994 6.001 6.008 6.016 6.023 6.031 6.039 6.047 6.054 6.061 6.069 6.076 6.084 6.091 6.099 6.106 6.114 6.121 6.129 6.136 6.144 6.152 6.159 6.167 6.174 6.182 6.190 6.197 6.205 6.213 6.220 6.227 6.234 6.241 6.248 6.254 6.261 6.267 6.273 6.280 6.286 6.292 6.298 6.305 6.311 6.317 6.323 6.330 6.336 6.343 6.349 6.357 6.364 6.370 6.377 6.384 6.390 6.397 6.404 6.410 6.417 6.424 6.431 6.437 6.444 6.451 6.457 6.464 6.471 6.477
5.952 5.958 5.965 5.971 5.978 5.985 5.991 5.998 6.005 6.012 6.019 6.027 6.035 6.042 6.049 6.057 6.064 6.071 6.078 6.085 6.092 6.100 6.107 6.114 6.122 6.129 6.137 6.144 6.152 6.159 6.167 6.174 6.182 6.189 6.197 6.205 6.212 6.220 6.227 6.234 6.241 6.247 6.254 6.260 6.267 6.273 6.280 6.286 6.292 6.299 6.305 6.311 6.317 6.324 6.330 6.336 6.343 6.350 6.357 6.364 6.370 6.377 6.384 6.390 6.397 6.404 6.411 6.417 6.424 6.431 6.438 6.444 6.451 6.458 6.464 6.471 6.478
5.958 5.964 5.971 5.977 5.983 5.990 5.996 6.003 6.010 6.017 6.024 6.031 6.038 6.046 6.053 6.059 6.066 6.073 6.080 6.087 6.094 6.101 6.108 6.115 6.123 6.130 6.137 6.144 6.152 6.159 6.166 6.174 6.181 6.189 6.196 6.204 6.212 6.219 6.226 6.233 6.240 6.247 6.253 6.260 6.267 6.273 6.279 6.286 6.292 6.298 6.305 6.311 6.317 6.323 6.330 6.336 6.343 6.350 6.357 6.364 6.370 6.377 6.384 6.390 6.397 6.404 6.410 6.417 6.424 6.431 6.437 6.444 6.451 6.458 6.465 6.471 6.478
5.965 5.971 5.977 5.983 5.989 5.995 6.002 6.008 6.015 6.021 6.028 6.035 6.042 6.049 6.056 6.063 6.069 6.076 6.083 6.090 6.096 6.103 6.110 6.117 6.124 6.131 6.138 6.145 6.152 6.159 6.167 6.174 6.181 6.189 6.196 6.204 6.211 6.219 6.226 6.233 6.239 6.246 6.253 6.259 6.266 6.272 6.279 6.285 6.291 6.298 6.304 6.310 6.317 6.323 6.329 6.336 6.342 6.349 6.356 6.363 6.370 6.376 6.383 6.390 6.396 6.403 6.410 6.417 6.424 6.430 6.437 6.444 6.451 6.457 6.464 6.471 6.478
5.972 5.977 5.983 5.989 5.995 6.001 6.007 6.013 6.020 6.026 6.033 6.040 6.047 6.054 6.060 6.066 6.073 6.079 6.086 6.092 6.099 6.105 6.112 6.119 6.125 6.132 6.139 6.146 6.153 6.160 6.167 6.174 6.181 6.189 6.196 6.204 6.211 6.218 6.225 6.232 6.239 6.246 6.252 6.259 6.265 6.272 6.278 6.284 6.291 6.297 6.303 6.309 6.316 6.322 6.329 6.335 6.342 6.348 6.355 6.362 6.369 6.376 6.382 6.389 6.396 6.402 6.409 6.416 6.423 6.429 6.436 6.443 6.450 6.457 6.464 6.470 6.477
5.979 5.984 5.990 5.996 6.001 6.007 6.013 6.019 6.025 6.031 6.038 6.044 6.051 6.058 6.064 6.070 6.077 6.083 6.089 6.095 6.102 6.108 6.114 6.121 6.127 6.134 6.141 6.147 6.154 6.161 6.168 6.175 6.182 6.189 6.196 6.204 6.211 6.218 6.225 6.232 6.238 6.245 6.252 6.258 6.264 6.271 6.277 6.283 6.290 6.296 6.302 6.309 6.315 6.321 6.327 6.334 6.340 6.347 6.354 6.361 6.368 6.374 6.381 6.388 6.394 6.401 6.408 6.415 6.421 6.428 6.435 6.442 6.449 6.456 6.463 6.469 6.476
5.986 5.992 5.997 6.002 6.008 6.013 6.019 6.025 6.031 6.037 6.043 6.050 6.056 6.063 6.069 6.075 6.081 6.087 6.093 6.099 6.105 6.111 6.117 6.124 6.130 6.136 6.143 6.149 6.156 6.163 6.169 6.176 6.183 6.190 6.197 6.204 6.211 6.218 6.225 6.232 6.238 6.245 6.251 6.258 6.264 6.270 6.276 6.283 6.289 6.295 6.301 6.307 6.314 6.320 6.326 6.333 6.339 6.346 6.353 6.360 6.366 6.373 6.380 6.386 6.393 6.400 6.406 6.413 6.420 6.427 6.433 6.440 6.447 6.454 6.461 6.468 6.475
5.994 5.999 6.004 6.009 6.015 6.020 6.025 6.031 6.037 6.043 6.049 6.055 6.062 6.068 6.074 6.079 6.085 6.091 6.097 6.103 6.109 6.115 6.121 6.127 6.133 6.139 6.145 6.152 6.158 6.164 6.171 6.177 6.184 6.191 6.198 6.205 6.212 6.219 6.225 6.232 6.238 6.245 6.251 6.257 6.264 6.270 6.276 6.282 6.288 6.294 6.300 6.306 6.313 6.319 6.325 6.331 6.338 6.344 6.351 6.358 6.365 6.371 6.378 6.384 6.391 6.398 6.404 6.411 6.418 6.425 6.432 6.438 6.445 6.452 6.459 6.466 6.473
6.003 6.007 6.012 6.017 6.022 6.027 6.032 6.038 6.043 6.049 6.055 6.061 6.067 6.073 6.079 6.084 6.090 6.096 6.101 6.107 6.113 6.118 6.124 6.130 6.136 6.142 6.148 6.154 6.160 6.167 6.173 6.179 6.186 6.192 6.199 6.206 6.213 6.220 6.226 6.232 6.239 6.245 6.251 6.257 6.263 6.270 6.276 6.282 6.288 6.294 6.300 6.306 6.312 6.318 6.324 6.330 6.337 6.343 6.350 6.357 6.363 6.370 6.376 6.383 6.389 6.396 6.402 6.409 6.416 6.423 6.429 6.436 6.443 6.450 6.457 6.464 6.471
6.011 6.016 6.020 6.025 6.029 6.034 6.039 6.044 6.050 6.055 6.061 6.067 6.073 6.078 6.084 6.089 6.095 6.100 6.106 6.111 6.117 6.123 6.128 6.134 6.140 6.145 6.151 6.157 6.163 6.169 6.175 6.182 6.188 6.194 6.201 6.208 6.215 6.221 6.227 6.233 6.240 6.246 6.252 6.258 6.264 6.270 6.276 6.281 6.287 6.293 6.299 6.305 6.311 6.317 6.323 6.329 6.335 6.342 6.349 6.355 6.362 6.368 6.374 6.381 6.387 6.394 6.400 6.407 6.414 6.420 6.427 6.434 6.441 6.448 6.455 6.462 6.469
6.021 6.025 6.029 6.033 6.037 6.042 6.047 6.051 6.056 6.062 6.067 6.073 6.079 6.084 6.090 6.095 6.100 6.106 6.111 6.116 6.122 6.127 6.132 6.138 6.143 6.149 6.155 6.161 6.166 6.172 6.178 6.184 6.190 6.197 6.203 6.210 6.216 6.223 6.229 6.235 6.241 6.247 6.253 6.259 6.264 6.270 6.276 6.282 6.288 6.293 6.299 6.305 6.311 6.316 6.322 6.328 6.334 6.341 6.347 6.354 6.360 6.366 6.373 6.379 6.385 6.392 6.398 6.405 6.411 6.418 6.425 6.431 6.438 6.445 6.452 6.459 6.466
6.030 6.034 6.038 6.042 6.046 6.050 6.054 6.059 6.064 6.069 6.074 6.080 6.085 6.090 6.095 6.101 6.106 6.111 6.116 6.121 6.126 6.132 6.137 6.142 6.148 6.153 6.159 6.164 6.170 6.176 6.181 6.187 6.193 6.199 6.206 6.213 6.219 6.225 6.231 6.237 6.242 6.248 6.254 6.260 6.266 6.271 6.277 6.283 6.288 6.294 6.299 6.305 6.311 6.316 6.322 6.328 6.334 6.340 6.347 6.353 6.359 6.365 6.371 6.377 6.383 6.390 6.396 6.402 6.409 6.415 6.422 6.429 6.435 6.442 6.449 6.456 6.463
6.040 6.043 6.047 6.051 6.055 6.058 6.063 6.067 6.071 6.076 6.081 6.086 6.092 6.097 6.102 6.106 6.111 6.116 6.121 6.126 6.132 6.137 6.142 6.147 6.152 6.157 6.163 6.168 6.174 6.179 6.185 6.191 6.196 6.202 6.209 6.215 6.221 6.227 6.233 6.239 6.244 6.250 6.256 6.262 6.267 6.273 6.278 6.284 6.289 6.295 6.300 6.306 6.311 6.317 6.322 6.328 6.334 6.340 6.346 6.352 6.358 6.364 6.370 6.376 6.382 6.388 6.394 6.401 6.407 6.413 6.420 6.426 6.433 6.440 6.446 6.453 6.460
