TsunamiDB/out54040.asc
ncols          264
nrows          230
xllcorner      497853.4375
yllcorner      4229146.0000
cellsize         5.
NODATA_value   -99
[rows 96 to 127 of 230, columns 144 to 215 of 264]
5.089 5.114 5.139 5.164 5.190 5.215 5.240 5.266 5.292 5.318 5.345 5.371 5.398 5.425 5.452 5.480 5.508 5.536 5.565 5.594 5.623 5.653 5.684 5.714 5.745 5.775 5.805 5.834 5.862 5.888 5.914 5.939 5.962 5.984 6.003 6.021 6.037 6.051 6.064 6.076 6.088 6.100 6.112 6.125 6.139 6.155 6.173 6.192 6.213 6.235 6.257 6.280 6.304 6.328 6.352 6.377 6.401 6.425 6.450 6.476 6.504 6.533 6.564 6.596 6.630 6.663 6.695 6.725 6.752 6.775 6.795 6.814
5.114 5.138 5.162 5.185 5.209 5.232 5.256 5.280 5.305 5.330 5.355 5.380 5.405 5.430 5.456 5.482 5.509 5.536 5.564 5.592 5.621 5.651 5.681 5.712 5.743 5.774 5.804 5.835 5.863 5.891 5.918 5.945 5.969 5.992 6.013 6.033 6.050 6.066 6.081 6.094 6.107 6.120 6.133 6.146 6.161 6.177 6.195 6.214 6.234 6.257 6.279 6.302 6.326 6.350 6.375 6.400 6.424 6.449 6.474 6.500 6.528 6.557 6.588 6.621 6.655 6.689 6.723 6.753 6.781 6.805 6.825 6.846
5.141 5.164 5.186 5.209 5.231 5.253 5.275 5.297 5.320 5.344 5.367 5.390 5.414 5.438 5.462 5.487 5.512 5.537 5.564 5.591 5.619 5.648 5.678 5.708 5.739 5.770 5.802 5.832 5.862 5.891 5.919 5.947 5.973 5.997 6.020 6.041 6.061 6.078 6.095 6.110 6.124 6.138 6.152 6.166 6.182 6.198 6.216 6.235 6.256 6.278 6.300 6.323 6.347 6.372 6.397 6.422 6.447 6.472 6.497 6.523 6.550 6.580 6.612 6.645 6.679 6.714 6.748 6.780 6.809 6.834 6.857 6.883
5.170 5.191 5.213 5.234 5.255 5.275 5.296 5.317 5.339 5.360 5.382 5.404 5.426 5.448 5.471 5.494 5.517 5.541 5.565 5.591 5.617 5.645 5.674 5.704 5.734 5.766 5.797 5.828 5.857 5.888 5.917 5.946 5.973 5.999 6.024 6.047 6.068 6.087 6.105 6.122 6.138 6.154 6.169 6.185 6.201 6.218 6.236 6.255 6.276 6.298 6.321 6.344 6.368 6.394 6.419 6.444 6.469 6.494 6.519 6.545 6.572 6.602 6.633 6.667 6.702 6.737 6.772 6.806 6.836 6.864 6.892 6.923
5.199 5.220 5.241 5.261 5.281 5.299 5.319 5.339 5.359 5.380 5.400 5.421 5.441 5.462 5.483 5.504 5.525 5.547 5.570 5.594 5.618 5.644 5.672 5.700 5.730 5.760 5.792 5.822 5.852 5.883 5.913 5.943 5.972 5.999 6.025 6.049 6.072 6.093 6.113 6.132 6.150 6.167 6.184 6.201 6.218 6.236 6.255 6.275 6.296 6.318 6.341 6.364 6.389 6.414 6.440 6.465 6.490 6.515 6.540 6.566 6.593 6.622 6.654 6.687 6.723 6.759 6.795 6.830 6.865 6.898 6.932 6.968
5.230 5.250 5.270 5.290 5.308 5.326 5.344 5.363 5.382 5.401 5.421 5.440 5.459 5.479 5.498 5.518 5.537 5.557 5.578 5.600 5.622 5.646 5.672 5.698 5.727 5.756 5.786 5.816 5.846 5.877 5.908 5.938 5.968 5.996 6.023 6.049 6.074 6.097 6.119 6.139 6.159 6.178 6.196 6.215 6.233 6.252 6.272 6.292 6.314 6.337 6.360 6.383 6.408 6.434 6.460 6.485 6.511 6.536 6.562 6.587 6.614 6.642 6.673 6.707 6.743 6.780 6.818 6.857 6.896 6.935 6.975 7.018
5.261 5.281 5.301 5.319 5.337 5.354 5.371 5.389 5.407 5.425 5.443 5.461 5.479 5.498 5.516 5.534 5.553 5.571 5.590 5.610 5.630 5.652 5.675 5.700 5.726 5.753 5.782 5.811 5.841 5.871 5.902 5.933 5.963 5.992 6.020 6.047 6.073 6.098 6.122 6.144 6.166 6.187 6.207 6.227 6.247 6.267 6.287 6.309 6.331 6.354 6.377 6.401 6.426 6.452 6.479 6.505 6.531 6.557 6.582 6.608 6.634 6.662 6.692 6.726 6.763 6.801 6.842 6.885 6.930 6.975 7.023 7.072
5.292 5.313 5.332 5.350 5.367 5.383 5.400 5.417 5.433 5.450 5.467 5.485 5.502 5.519 5.537 5.554 5.571 5.588 5.606 5.624 5.642 5.662 5.683 5.705 5.729 5.754 5.781 5.808 5.837 5.867 5.897 5.927 5.958 5.987 6.016 6.045 6.072 6.098 6.123 6.148 6.171 6.194 6.216 6.237 6.258 6.280 6.301 6.324 6.346 6.370 6.394 6.418 6.444 6.470 6.497 6.524 6.551 6.577 6.603 6.628 6.654 6.681 6.711 6.746 6.783 6.824 6.869 6.916 6.967 7.019 7.073 7.128
5.324 5.344 5.363 5.381 5.398 5.413 5.430 5.446 5.461 5.477 5.493 5.510 5.526 5.542 5.559 5.575 5.592 5.608 5.625 5.641 5.658 5.676 5.694 5.714 5.735 5.759 5.783 5.809 5.835 5.864 5.893 5.923 5.953 5.983 6.013 6.042 6.070 6.098 6.124 6.150 6.175 6.200 6.223 6.246 6.269 6.292 6.314 6.337 6.361 6.385 6.410 6.434 6.461 6.488 6.516 6.543 6.571 6.597 6.624 6.649 6.675 6.701 6.731 6.767 6.806 6.850 6.898 6.950 7.005 7.064 7.123 7.183
5.354 5.375 5.395 5.413 5.429 5.445 5.460 5.476 5.491 5.506 5.521 5.536 5.551 5.567 5.583 5.599 5.615 5.630 5.646 5.662 5.677 5.693 5.710 5.728 5.747 5.767 5.789 5.813 5.837 5.864 5.892 5.921 5.950 5.980 6.010 6.039 6.068 6.097 6.125 6.152 6.179 6.205 6.230 6.255 6.279 6.303 6.327 6.351 6.375 6.400 6.425 6.450 6.477 6.505 6.534 6.562 6.591 6.618 6.645 6.671 6.696 6.723 6.753 6.790 6.832 6.878 6.930 6.986 7.046 7.111 7.175 7.239
5.385 5.406 5.426 5.445 5.461 5.477 5.492 5.507 5.521 5.535 5.549 5.564 5.578 5.593 5.608 5.623 5.639 5.654 5.669 5.684 5.699 5.714 5.729 5.745 5.762 5.780 5.800 5.820 5.842 5.867 5.894 5.921 5.950 5.979 6.009 6.038 6.068 6.097 6.127 6.155 6.183 6.211 6.237 6.263 6.289 6.314 6.339 6.364 6.389 6.415 6.440 6.466 6.494 6.523 6.552 6.582 6.611 6.640 6.667 6.694 6.719 6.746 6.777 6.817 6.861 6.909 6.965 7.025 7.090 7.159 7.227 7.294
5.414 5.436 5.457 5.476 5.493 5.509 5.524 5.539 5.553 5.566 5.579 5.593 5.606 5.620 5.634 5.649 5.664 5.679 5.693 5.708 5.722 5.736 5.751 5.765 5.780 5.796 5.814 5.832 5.852 5.874 5.898 5.924 5.952 5.980 6.009 6.039 6.069 6.099 6.129 6.159 6.188 6.217 6.245 6.272 6.299 6.325 6.351 6.377 6.403 6.429 6.456 6.482 6.511 6.541 6.572 6.602 6.633 6.662 6.691 6.718 6.744 6.772 6.806 6.848 6.894 6.945 7.004 7.067 7.136 7.206 7.278 7.348
5.441 5.465 5.487 5.507 5.525 5.541 5.557 5.571 5.585 5.598 5.611 5.623 5.636 5.649 5.662 5.676 5.690 5.704 5.718 5.733 5.747 5.760 5.774 5.787 5.801 5.815 5.831 5.847 5.864 5.884 5.906 5.931 5.956 5.984 6.012 6.042 6.072 6.102 6.133 6.164 6.194 6.224 6.253 6.282 6.309 6.337 6.364 6.391 6.417 6.445 6.472 6.499 6.529 6.560 6.591 6.623 6.655 6.686 6.716 6.744 6.772 6.803 6.839 6.882 6.930 6.984 7.045 7.111 7.181 7.253 7.327 7.402
5.467 5.492 5.515 5.537 5.555 5.572 5.589 5.604 5.618 5.631 5.643 5.655 5.666 5.678 5.691 5.703 5.716 5.730 5.744 5.758 5.772 5.785 5.798 5.811 5.824 5.837 5.851 5.864 5.880 5.898 5.918 5.940 5.964 5.990 6.017 6.046 6.076 6.107 6.138 6.170 6.201 6.232 6.262 6.292 6.321 6.350 6.377 6.405 6.433 6.461 6.488 6.517 6.547 6.579 6.612 6.645 6.679 6.711 6.743 6.773 6.804 6.838 6.876 6.920 6.970 7.026 7.088 7.155 7.225 7.299 7.377 7.455
5.492 5.517 5.542 5.565 5.585 5.603 5.621 5.636 5.651 5.664 5.676 5.687 5.698 5.709 5.721 5.732 5.744 5.757 5.770 5.783 5.797 5.810 5.823 5.835 5.848 5.860 5.872 5.884 5.898 5.914 5.932 5.952 5.974 5.998 6.025 6.053 6.083 6.114 6.146 6.178 6.210 6.242 6.273 6.304 6.334 6.363 6.392 6.421 6.449 6.478 6.506 6.535 6.567 6.600 6.634 6.669 6.703 6.738 6.772 6.806 6.840 6.875 6.915 6.961 7.012 7.069 7.132 7.199 7.270 7.345 7.426 7.508
5.514 5.541 5.567 5.591 5.613 5.632 5.651 5.668 5.683 5.697 5.710 5.721 5.732 5.742 5.752 5.763 5.773 5.785 5.797 5.810 5.822 5.835 5.848 5.860 5.872 5.883 5.895 5.906 5.918 5.932 5.948 5.966 5.987 6.010 6.035 6.062 6.092 6.122 6.154 6.187 6.220 6.252 6.285 6.317 6.348 6.378 6.408 6.438 6.467 6.496 6.525 6.555 6.587 6.621 6.657 6.693 6.730 6.767 6.804 6.841 6.878 6.916 6.957 7.003 7.054 7.112 7.176 7.244 7.314 7.391 7.475 7.563
5.535 5.563 5.590 5.615 5.638 5.660 5.680 5.698 5.715 5.730 5.743 5.755 5.766 5.776 5.785 5.795 5.804 5.814 5.825 5.837 5.848 5.860 5.873 5.885 5.896 5.907 5.918 5.929 5.940 5.952 5.967 5.983 6.002 6.023 6.047 6.074 6.102 6.133 6.165 6.197 6.231 6.264 6.298 6.331 6.363 6.394 6.425 6.456 6.486 6.516 6.545 6.575 6.608 6.644 6.681 6.718 6.758 6.798 6.838 6.878 6.918 6.957 6.999 7.046 7.097 7.156 7.220 7.288 7.359 7.437 7.525 7.620
5.553 5.583 5.611 5.638 5.662 5.685 5.707 5.727 5.745 5.762 5.776 5.789 5.800 5.810 5.819 5.828 5.837 5.845 5.855 5.865 5.875 5.886 5.898 5.909 5.920 5.931 5.942 5.952 5.962 5.974 5.987 6.002 6.019 6.039 6.062 6.087 6.115 6.145 6.176 6.209 6.243 6.277 6.312 6.346 6.379 6.411 6.443 6.474 6.505 6.535 6.565 6.596 6.630 6.667 6.706 6.745 6.787 6.830 6.873 6.916 6.958 6.999 7.042 7.089 7.141 7.200 7.265 7.334 7.406 7.486 7.579 7.679
5.570 5.600 5.630 5.658 5.684 5.708 5.732 5.754 5.774 5.792 5.808 5.822 5.834 5.845 5.855 5.863 5.871 5.878 5.886 5.895 5.904 5.913 5.924 5.934 5.945 5.956 5.966 5.975 5.985 5.997 6.009 6.023 6.039 6.057 6.079 6.103 6.129 6.159 6.190 6.223 6.257 6.292 6.327 6.361 6.396 6.429 6.462 6.494 6.526 6.556 6.586 6.619 6.654 6.692 6.732 6.774 6.818 6.863 6.909 6.955 6.999 7.041 7.085 7.131 7.184 7.243 7.309 7.379 7.454 7.537 7.633 7.735
5.585 5.616 5.647 5.676 5.703 5.729 5.755 5.778 5.800 5.820 5.838 5.854 5.868 5.880 5.890 5.898 5.906 5.913 5.920 5.926 5.934 5.942 5.951 5.960 5.970 5.980 5.990 5.999 6.009 6.020 6.032 6.045 6.060 6.077 6.097 6.120 6.146 6.174 6.205 6.237 6.272 6.307 6.342 6.378 6.413 6.448 6.482 6.514 6.547 6.578 6.609 6.641 6.677 6.717 6.759 6.802 6.849 6.896 6.945 6.993 7.040 7.083 7.127 7.174 7.227 7.288 7.355 7.427 7.504 7.591 7.688 7.795
5.598 5.630 5.662 5.692 5.720 5.748 5.775 5.800 5.824 5.846 5.866 5.884 5.900 5.913 5.925 5.934 5.942 5.949 5.955 5.960 5.966 5.972 5.979 5.987 5.996 6.005 6.014 6.023 6.033 6.044 6.055 6.068 6.082 6.099 6.118 6.139 6.164 6.191 6.221 6.253 6.288 6.323 6.359 6.395 6.431 6.467 6.502 6.535 6.568 6.600 6.631 6.665 6.702 6.744 6.787 6.832 6.880 6.930 6.981 7.032 7.080 7.125 7.170 7.218 7.271 7.334 7.404 7.478 7.559 7.649 7.749 7.866
5.610 5.643 5.675 5.706 5.736 5.764 5.793 5.820 5.845 5.869 5.891 5.911 5.929 5.945 5.958 5.969 5.978 5.985 5.991 5.996 6.000 6.005 6.010 6.016 6.023 6.031 6.039 6.047 6.057 6.068 6.079 6.092 6.106 6.122 6.140 6.160 6.184 6.210 6.239 6.271 6.304 6.340 6.376 6.413 6.450 6.487 6.522 6.557 6.591 6.623 6.655 6.689 6.728 6.771 6.816 6.863 6.913 6.965 7.017 7.069 7.119 7.167 7.215 7.264 7.319 7.384 7.457 7.536 7.620 7.715 7.823 7.941
5.620 5.654 5.686 5.719 5.749 5.779 5.809 5.837 5.864 5.890 5.914 5.937 5.957 5.974 5.990 6.003 6.013 6.021 6.028 6.032 6.036 6.039 6.043 6.047 6.053 6.059 6.066 6.073 6.082 6.093 6.104 6.117 6.131 6.146 6.163 6.183 6.205 6.230 6.258 6.289 6.322 6.358 6.394 6.432 6.469 6.507 6.543 6.579 6.613 6.646 6.679 6.715 6.755 6.800 6.846 6.894 6.946 6.999 7.052 7.106 7.159 7.211 7.262 7.313 7.370 7.439 7.517 7.599 7.688 7.789 7.899 8.009
5.629 5.663 5.697 5.729 5.760 5.792 5.822 5.852 5.881 5.909 5.935 5.959 5.981 6.001 6.019 6.034 6.047 6.056 6.064 6.069 6.073 6.076 6.078 6.081 6.084 6.089 6.094 6.101 6.109 6.119 6.130 6.143 6.156 6.171 6.188 6.207 6.228 6.252 6.279 6.309 6.342 6.376 6.413 6.451 6.489 6.527 6.564 6.601 6.637 6.671 6.705 6.742 6.783 6.829 6.876 6.926 6.978 7.033 7.087 7.143 7.200 7.256 7.312 7.366 7.426 7.501 7.582 7.668 7.762 7.864 7.970 8.074
5.637 5.671 5.705 5.738 5.770 5.803 5.834 5.866 5.896 5.925 5.953 5.979 6.003 6.025 6.045 6.063 6.078 6.090 6.099 6.106 6.110 6.113 6.115 6.117 6.119 6.122 6.125 6.130 6.138 6.147 6.158 6.170 6.183 6.198 6.214 6.232 6.252 6.275 6.301 6.330 6.362 6.396 6.432 6.470 6.509 6.548 6.586 6.624 6.661 6.697 6.732 6.770 6.812 6.859 6.907 6.957 7.011 7.066 7.123 7.182 7.243 7.304 7.366 7.424 7.488 7.568 7.653 7.743 7.837 7.935 8.037 8.134
5.644 5.678 5.713 5.746 5.779 5.812 5.845 5.877 5.908 5.939 5.968 5.996 6.022 6.047 6.069 6.089 6.106 6.121 6.132 6.140 6.146 6.150 6.152 6.154 6.155 6.157 6.159 6.163 6.169 6.177 6.187 6.198 6.211 6.225 6.241 6.258 6.278 6.300 6.325 6.352 6.383 6.417 6.452 6.490 6.530 6.569 6.609 6.648 6.686 6.724 6.760 6.799 6.841 6.888 6.938 6.989 7.044 7.101 7.160 7.222 7.288 7.357 7.425 7.486 7.554 7.638 7.727 7.818 7.909 8.003 8.098 8.190
5.649 5.684 5.719 5.753 5.786 5.820 5.854 5.887 5.919 5.951 5.982 6.011 6.039 6.066 6.090 6.112 6.132 6.149 6.162 6.173 6.181 6.187 6.190 6.192 6.193 6.195 6.196 6.198 6.203 6.210 6.219 6.229 6.241 6.255 6.270 6.287 6.305 6.326 6.350 6.376 6.406 6.438 6.474 6.512 6.551 6.591 6.632 6.673 6.713 6.751 6.789 6.828 6.870 6.918 6.968 7.020 7.077 7.137 7.199 7.265 7.337 7.413 7.487 7.551 7.621 7.711 7.802 7.890 7.978 8.066 8.156 8.244
5.655 5.690 5.725 5.759 5.793 5.827 5.861 5.895 5.929 5.961 5.993 6.024 6.054 6.082 6.108 6.133 6.155 6.174 6.190 6.204 6.214 6.222 6.227 6.230 6.232 6.234 6.234 6.236 6.240 6.245 6.253 6.262 6.273 6.286 6.300 6.316 6.334 6.354 6.376 6.401 6.430 6.461 6.496 6.534 6.573 6.614 6.656 6.698 6.740 6.780 6.818 6.857 6.900 6.948 6.999 7.053 7.112 7.175 7.240 7.312 7.390 7.472 7.552 7.618 7.691 7.783 7.873 7.960 8.043 8.126 8.211 8.296
5.659 5.695 5.730 5.764 5.798 5.833 5.868 5.902 5.937 5.970 6.003 6.035 6.067 6.096 6.124 6.151 6.175 6.196 6.215 6.231 6.244 6.254 6.262 6.267 6.271 6.273 6.274 6.276 6.279 6.283 6.290 6.298 6.308 6.320 6.333 6.348 6.365 6.383 6.405 6.428 6.455 6.486 6.520 6.557 6.597 6.639 6.682 6.725 6.767 6.808 6.847 6.887 6.929 6.979 7.031 7.087 7.149 7.214 7.285 7.361 7.444 7.531 7.615 7.684 7.759 7.851 7.941 8.026 8.105 8.184 8.264 8.345
5.663 5.699 5.734 5.769 5.803 5.838 5.874 5.909 5.944 5.978 6.012 6.045 6.077 6.109 6.138 6.166 6.192 6.216 6.237 6.255 6.271 6.284 6.294 6.302 6.308 6.312 6.315 6.317 6.320 6.324 6.329 6.336 6.345 6.356 6.368 6.382 6.397 6.415 6.435 6.457 6.483 6.512 6.545 6.582 6.622 6.664 6.708 6.752 6.796 6.838 6.877 6.917 6.960 7.010 7.065 7.122 7.187 7.257 7.332 7.414 7.501 7.593 7.683 7.752 7.826 7.918 8.008 8.091 8.167 8.242 8.317 8.395
5.667 5.702 5.738 5.772 5.807 5.843 5.878 5.914 5.949 5.985 6.019 6.053 6.087 6.119 6.150 6.180 6.207 6.233 6.256 6.277 6.295 6.311 6.324 6.335 6.343 6.350 6.354 6.358 6.362 6.366 6.371 6.377 6.385 6.395 6.405 6.418 6.432 6.449 6.467 6.488 6.512 6.540 6.572 6.609 6.648 6.691 6.735 6.780 6.825 6.867 6.908 6.947 6.991 7.044 7.100 7.161 7.229 7.303 7.383 7.469 7.560 7.660 7.753 7.819 7.891 7.983 8.071 8.153 8.228 8.300 8.370 8.452
5.669 5.705 5.740 5.775 5.810 5.846 5.882 5.918 5.954 5.990 6.025 6.060 6.095 6.128 6.160 6.191 6.220 6.248 6.273 6.296 6.317 6.335 6.351 6.365 6.376 6.386 6.393 6.398 6.403 6.409 6.414 6.420 6.427 6.436 6.446 6.457 6.470 6.485 6.502 6.522 6.544 6.570 6.601 6.637 6.677 6.719 6.763 6.809 6.854 6.897 6.938 6.980 7.027 7.082 7.140 7.204 7.276 7.355 7.439 7.530 7.628 7.730 7.819 7.883 7.953 8.045 8.133 8.214 8.288 8.359 8.433 8.512
