TsunamiDB/out54098.asc
ncols          264
nrows          230
xllcorner      497853.4375
yllcorner      4229146.0000
cellsize         5.
NODATA_value   -99
[rows 34 to 67 of 230, columns 0 to 76 of 264]
-99.000 -99.000 -99.000 -99.000 -99.000 -99.000 -99.000 -99.000 -99.000 -99.000 -99.000 -99.000 -99.000 -99.000 -99.000 -99.000 -99.000 -99.000 -99.000 -99.000 -99.000 1.650 1.662 1.735 1.904 2.150 2.432 2.711 2.957 3.159 3.318 3.443 3.543 3.627 3.700 3.766 3.826 3.881 3.934 3.984 4.033 4.080 4.125 4.168 4.211 4.252 4.292 4.330 4.368 4.405 4.441 4.476 4.510 4.544 4.576 4.608 4.639 4.670 4.700 4.729 4.757 4.783 4.811 4.838 4.864 4.890 4.916 4.942 4.967 4.992 5.017 5.041 5.066 5.090 5.114 5.138 5.162
-99.000 -99.000 -99.000 -99.000 -99.000 -99.000 -99.000 -99.000 -99.000 -99.000 -99.000 -99.000 -99.000 -99.000 -99.000 -99.000 -99.000 -99.000 -99.000 -99.000 1.650 1.652 1.682 1.796 2.002 2.268 2.554 2.821 3.050 3.233 3.377 3.490 3.583 3.662 3.731 3.794 3.853 3.907 3.958 4.008 4.056 4.102 4.146 4.189 4.230 4.271 4.310 4.349 4.386 4.422 4.458 4.493 4.527 4.560 4.592 4.624 4.655 4.685 4.715 4.744 4.771 4.798 4.825 4.852 4.878 4.904 4.930 4.955 4.980 5.005 5.029 5.053 5.077 5.101 5.125 5.148 5.172
-99.000 -99.000 -99.000 -99.000 -99.000 -99.000 -99.000 -99.000 -99.000 -99.000 -99.000 -99.000 -99.000 -99.000 -99.000 -99.000 -99.000 -99.000 -99.000 -99.000 1.650 1.658 1.718 1.873 2.110 2.390 2.672 2.925 3.134 3.300 3.430 3.534 3.620 3.695 3.762 3.823 3.879 3.932 3.982 4.031 4.078 4.123 4.167 4.209 4.250 4.290 4.329 4.366 4.403 4.439 4.475 4.509 4.543 4.575 4.608 4.639 4.670 4.700 4.730 4.759 4.786 4.813 4.840 4.866 4.892 4.918 4.943 4.968 4.993 5.017 5.042 5.065 5.089 5.113 5.136 5.159 5.182
-99.000 -99.000 -99.000 -99.000 -99.000 -99.000 -99.000 -99.000 -99.000 -99.000 -99.000 -99.000 -99.000 -99.000 -99.000 -99.000 -99.000 -99.000 -99.000 -99.000 1.651 1.673 1.772 1.966 2.227 2.512 2.785 3.020 3.211 3.361 3.479 3.575 3.656 3.727 3.791 3.850 3.906 3.957 4.006 4.054 4.100 4.144 4.187 4.229 4.269 4.308 4.347 4.384 4.420 4.456 4.491 4.525 4.558 4.591 4.623 4.654 4.685 4.715 4.744 4.773 4.800 4.827 4.854 4.880 4.906 4.932 4.957 4.982 5.006 5.030 5.054 5.078 5.101 5.124 5.147 5.170 5.193
-99.000 -99.000 -99.000 -99.000 -99.000 -99.000 -99.000 -99.000 -99.000 -99.000 -99.000 -99.000 -99.000 -99.000 -99.000 -99.000 -99.000 -99.000 -99.000 1.650 1.655 1.703 1.844 2.071 2.347 2.632 2.891 3.108 3.281 3.416 3.524 3.613 3.690 3.758 3.820 3.877 3.931 3.982 4.030 4.077 4.122 4.166 4.208 4.249 4.288 4.327 4.365 4.401 4.437 4.473 4.507 4.541 4.574 4.606 4.638 4.669 4.699 4.729 4.758 4.787 4.814 4.841 4.867 4.894 4.920 4.945 4.970 4.995 5.019 5.043 5.067 5.091 5.114 5.137 5.159 5.182 5.204
-99.000 -99.000 -99.000 -99.000 -99.000 -99.000 -99.000 -99.000 -99.000 -99.000 -99.000 -99.000 -99.000 -99.000 -99.000 -99.000 -99.000 -99.000 -99.000 1.651 1.666 1.751 1.932 2.185 2.470 2.747 2.990 3.188 3.344 3.467 3.566 3.650 3.722 3.788 3.848 3.904 3.957 4.006 4.053 4.100 4.144 4.187 4.228 4.268 4.307 4.345 4.383 4.419 4.454 4.489 4.523 4.556 4.589 4.621 4.652 4.683 4.713 4.743 4.772 4.801 4.828 4.854 4.881 4.907 4.933 4.958 4.984 5.008 5.032 5.056 5.080 5.103 5.126 5.149 5.171 5.193 5.215
-99.000 -99.000 -99.000 -99.000 -99.000 -99.000 -99.000 -99.000 -99.000 -99.000 -99.000 -99.000 -99.000 -99.000 -99.000 -99.000 -99.000 -99.000 1.650 1.653 1.691 1.817 2.033 2.305 2.591 2.856 3.081 3.260 3.402 3.514 3.606 3.684 3.754 3.817 3.875 3.930 3.982 4.031 4.077 4.122 4.166 4.208 4.249 4.288 4.327 4.364 4.401 4.436 4.471 4.505 4.539 4.572 4.604 4.636 4.667 4.697 4.727 4.756 4.785 4.814 4.841 4.867 4.894 4.920 4.946 4.971 4.996 5.021 5.045 5.069 5.092 5.116 5.138 5.161 5.183 5.205 5.227
-99.000 -99.000 -99.000 -99.000 -99.000 -99.000 -99.000 -99.000 -99.000 -99.000 -99.000 -99.000 -99.000 -99.000 -99.000 -99.000 -99.000 -99.000 1.650 1.661 1.732 1.899 2.145 2.428 2.709 2.958 3.164 3.326 3.454 3.557 3.643 3.718 3.785 3.846 3.903 3.957 4.007 4.055 4.100 4.145 4.188 4.229 4.269 4.308 4.346 4.383 4.419 4.454 4.488 4.522 4.555 4.587 4.619 4.650 4.681 4.711 4.741 4.770 4.799 4.827 4.854 4.880 4.906 4.932 4.958 4.984 5.009 5.033 5.057 5.081 5.104 5.128 5.150 5.173 5.195 5.217 5.239
-99.000 -99.000 -99.000 -99.000 -99.000 -99.000 -99.000 -99.000 -99.000 -99.000 -99.000 -99.000 -99.000 -99.000 -99.000 -99.000 -99.000 1.650 1.652 1.681 1.792 1.997 2.264 2.550 2.821 3.053 3.239 3.386 3.503 3.598 3.679 3.751 3.815 3.875 3.930 3.983 4.033 4.079 4.124 4.168 4.210 4.250 4.290 4.328 4.365 4.401 4.437 4.471 4.505 4.538 4.571 4.603 4.634 4.665 4.695 4.725 4.754 4.783 4.812 4.840 4.866 4.892 4.919 4.945 4.970 4.996 5.020 5.045 5.069 5.093 5.116 5.139 5.162 5.184 5.207 5.228 5.250
-99.000 -99.000 -99.000 -99.000 -99.000 -99.000 -99.000 -99.000 -99.000 -99.000 -99.000 -99.000 -99.000 -99.000 -99.000 -99.000 -99.000 1.650 1.658 1.716 1.870 2.106 2.387 2.671 2.926 3.139 3.308 3.441 3.548 3.637 3.714 3.783 3.845 3.903 3.958 4.009 4.058 4.104 4.148 4.191 4.232 4.272 4.311 4.348 4.385 4.421 4.455 4.489 4.523 4.555 4.587 4.619 4.650 4.680 4.710 4.739 4.768 4.797 4.825 4.852 4.879 4.904 4.931 4.956 4.982 5.007 5.032 5.056 5.080 5.104 5.127 5.150 5.173 5.196 5.218 5.240 5.261
-99.000 -99.000 -99.000 -99.000 -99.000 -99.000 -99.000 -99.000 -99.000 -99.000 -99.000 -99.000 -99.000 -99.000 -99.000 -99.000 -99.000 1.651 1.673 1.770 1.964 2.225 2.511 2.786 3.024 3.218 3.371 3.492 3.591 3.674 3.748 3.814 3.875 3.931 3.985 4.035 4.083 4.128 4.171 4.214 4.254 4.294 4.332 4.369 4.405 4.440 4.474 4.508 4.540 4.572 4.604 4.635 4.665 4.695 4.725 4.753 4.782 4.810 4.838 4.865 4.891 4.917 4.943 4.968 4.994 5.019 5.043 5.067 5.091 5.115 5.138 5.161 5.184 5.206 5.228 5.250 5.272
-99.000 -99.000 -99.000 -99.000 -99.000 -99.000 -99.000 -99.000 -99.000 -99.000 -99.000 -99.000 -99.000 -99.000 -99.000 -99.000 1.650 1.655 1.703 1.844 2.071 2.348 2.634 2.895 3.114 3.290 3.428 3.539 3.631 3.710 3.781 3.845 3.904 3.960 4.012 4.061 4.109 4.153 4.195 4.237 4.277 4.316 4.353 4.390 4.425 4.459 4.493 4.526 4.558 4.590 4.621 4.651 4.681 4.711 4.740 4.768 4.796 4.824 4.851 4.878 4.904 4.929 4.955 4.980 5.005 5.030 5.054 5.078 5.102 5.126 5.149 5.172 5.194 5.217 5.239 5.261 5.282
-99.000 -99.000 -99.000 -99.000 -99.000 -99.000 -99.000 -99.000 -99.000 -99.000 -99.000 -99.000 -99.000 -99.000 -99.000 -99.000 1.651 1.667 1.752 1.935 2.189 2.475 2.753 2.997 3.197 3.355 3.480 3.582 3.669 3.745 3.813 3.875 3.933 3.988 4.039 4.088 4.134 4.177 4.219 4.260 4.300 4.338 4.375 4.411 4.445 4.479 4.513 4.545 4.577 4.608 4.638 4.668 4.698 4.727 4.755 4.783 4.811 4.838 4.865 4.891 4.917 4.942 4.967 4.992 5.017 5.041 5.065 5.089 5.113 5.136 5.159 5.182 5.204 5.227 5.249 5.270 5.292
-99.000 -99.000 -99.000 -99.000 -99.000 -99.000 -99.000 -99.000 -99.000 -99.000 -99.000 -99.000 -99.000 -99.000 -99.000 1.650 1.653 1.693 1.822 2.040 2.314 2.601 2.866 3.091 3.271 3.414 3.529 3.624 3.705 3.778 3.844 3.905 3.962 4.015 4.066 4.114 4.159 4.202 4.243 4.284 4.322 4.360 4.396 4.432 4.466 4.500 4.532 4.564 4.595 4.626 4.656 4.685 4.714 4.743 4.771 4.799 4.826 4.852 4.879 4.905 4.930 4.954 4.979 5.004 5.028 5.053 5.076 5.100 5.123 5.146 5.169 5.192 5.214 5.236 5.258 5.280 5.301
-99.000 -99.000 -99.000 -99.000 -99.000 -99.000 -99.000 -99.000 -99.000 -99.000 -99.000 -99.000 -99.000 -99.000 -99.000 1.650 1.663 1.738 1.910 2.158 2.443 2.723 2.971 3.176 3.339 3.468 3.573 3.663 3.741 3.811 3.875 3.935 3.991 4.043 4.093 4.140 4.185 4.227 4.267 4.307 4.345 4.382 4.418 4.453 4.487 4.520 4.552 4.584 4.614 4.645 4.674 4.703 4.732 4.760 4.787 4.814 4.841 4.868 4.893 4.919 4.944 4.968 4.992 5.016 5.041 5.064 5.088 5.111 5.134 5.157 5.180 5.202 5.224 5.246 5.268 5.289 5.311
-99.000 -99.000 -99.000 -99.000 -99.000 -99.000 -99.000 -99.000 -99.000 -99.000 -99.000 -99.000 -99.000 -99.000 1.650 1.652 1.685 1.804 2.015 2.285 2.571 2.840 3.068 3.253 3.400 3.517 3.615 3.700 3.775 3.843 3.905 3.964 4.019 4.071 4.120 4.166 4.210 4.251 4.292 4.331 4.369 4.405 4.440 4.475 4.508 4.541 4.572 4.603 4.634 4.664 4.693 4.721 4.749 4.777 4.804 4.831 4.857 4.883 4.909 4.934 4.958 4.981 5.006 5.029 5.053 5.077 5.100 5.123 5.145 5.168 5.190 5.212 5.234 5.256 5.277 5.298 5.320
-99.000 -99.000 -99.000 -99.000 -99.000 -99.000 -99.000 -99.000 -99.000 -99.000 -99.000 -99.000 -99.000 -99.000 1.650 1.660 1.727 1.891 2.133 2.416 2.697 2.949 3.157 3.323 3.455 3.563 3.655 3.735 3.807 3.874 3.935 3.993 4.047 4.098 4.146 4.192 4.235 4.275 4.316 4.354 4.392 4.428 4.462 4.496 4.529 4.562 4.593 4.623 4.653 4.683 4.711 4.740 4.767 4.795 4.821 4.848 4.874 4.899 4.924 4.949 4.972 4.996 5.019 5.043 5.066 5.089 5.112 5.135 5.157 5.179 5.201 5.222 5.244 5.265 5.287 5.308 5.329
-99.000 -99.000 -99.000 -99.000 -99.000 -99.000 -99.000 -99.000 -99.000 -99.000 -99.000 -99.000 -99.000 1.650 1.652 1.680 1.791 1.995 2.262 2.548 2.817 3.049 3.236 3.385 3.505 3.605 3.692 3.769 3.839 3.904 3.964 4.021 4.074 4.124 4.172 4.217 4.259 4.300 4.340 4.378 4.415 4.450 4.485 4.518 4.551 4.582 4.613 4.644 4.673 4.702 4.731 4.758 4.786 4.812 4.839 4.865 4.891 4.916 4.941 4.965 4.988 5.011 5.034 5.057 5.080 5.103 5.125 5.147 5.169 5.191 5.212 5.233 5.255 5.276 5.296 5.317 5.338
-99.000 -99.000 -99.000 -99.000 -99.000 -99.000 -99.000 -99.000 -99.000 -99.000 -99.000 -99.000 -99.000 1.650 1.658 1.719 1.877 2.115 2.395 2.677 2.930 3.139 3.307 3.441 3.551 3.645 3.727 3.801 3.870 3.933 3.992 4.048 4.101 4.150 4.198 4.242 4.284 4.324 4.363 4.401 4.437 4.473 4.507 4.540 4.572 4.603 4.634 4.664 4.693 4.722 4.750 4.777 4.804 4.831 4.857 4.883 4.908 4.933 4.957 4.981 5.003 5.026 5.049 5.072 5.094 5.117 5.138 5.160 5.182 5.203 5.224 5.245 5.266 5.286 5.307 5.327 5.347
-99.000 -99.000 -99.000 -99.000 -99.000 -99.000 -99.000 -99.000 -99.000 -99.000 -99.000 -99.000 -99.000 1.651 1.677 1.782 1.982 2.246 2.531 2.801 3.033 3.221 3.371 3.492 3.594 3.682 3.760 3.832 3.899 3.961 4.020 4.075 4.127 4.176 4.223 4.267 4.309 4.348 4.387 4.424 4.460 4.495 4.529 4.561 4.593 4.624 4.654 4.684 4.713 4.741 4.769 4.796 4.823 4.849 4.875 4.900 4.925 4.950 4.974 4.997 5.019 5.042 5.065 5.087 5.109 5.131 5.153 5.174 5.195 5.216 5.236 5.257 5.277 5.297 5.317 5.337 5.357
-99.000 -99.000 -99.000 -99.000 -99.000 -99.000 -99.000 -99.000 -99.000 -99.000 -99.000 -99.000 1.651 1.657 1.715 1.868 2.104 2.382 2.663 2.916 3.126 3.294 3.428 3.539 3.633 3.716 3.792 3.862 3.927 3.989 4.047 4.101 4.152 4.201 4.248 4.292 4.333 4.372 4.410 4.447 4.483 4.517 4.550 4.583 4.614 4.645 4.675 4.704 4.733 4.761 4.788 4.815 4.842 4.868 4.893 4.918 4.943 4.967 4.991 5.014 5.036 5.058 5.081 5.103 5.125 5.146 5.167 5.188 5.209 5.229 5.250 5.270 5.290 5.309 5.329 5.348 5.368
-99.000 -99.000 -99.000 -99.000 -99.000 -99.000 -99.000 -99.000 -99.000 -99.000 -99.000 -99.000 1.652 1.675 1.778 1.975 2.237 2.521 2.790 3.021 3.209 3.358 3.479 3.581 3.669 3.749 3.822 3.891 3.955 4.015 4.072 4.126 4.177 4.226 4.272 4.315 4.356 4.395 4.433 4.470 4.505 4.539 4.572 4.604 4.635 4.665 4.695 4.724 4.752 4.780 4.807 4.834 4.860 4.886 4.911 4.936 4.961 4.985 5.008 5.031 5.053 5.075 5.097 5.119 5.140 5.162 5.183 5.203 5.224 5.244 5.264 5.283 5.303 5.322 5.341 5.360 5.379
-99.000 -99.000 -99.000 -99.000 -99.000 -99.000 -99.000 -99.000 -99.000 -99.000 -99.000 1.651 1.658 1.714 1.865 2.099 2.377 2.656 2.907 3.116 3.283 3.416 3.526 3.620 3.703 3.780 3.851 3.918 3.981 4.041 4.097 4.151 4.202 4.250 4.295 4.339 4.379 4.418 4.456 4.492 4.527 4.561 4.593 4.625 4.656 4.686 4.715 4.744 4.772 4.799 4.826 4.853 4.879 4.904 4.929 4.954 4.978 5.002 5.026 5.048 5.069 5.092 5.114 5.135 5.157 5.178 5.198 5.219 5.239 5.259 5.278 5.297 5.317 5.335 5.354 5.373 5.391
-99.000 -99.000 -99.000 -99.000 -99.000 -99.000 -99.000 -99.000 -99.000 -99.000 -99.000 1.652 1.676 1.777 1.974 2.235 2.518 2.785 3.015 3.200 3.348 3.467 3.568 3.656 3.736 3.809 3.879 3.944 4.007 4.066 4.122 4.175 4.225 4.273 4.318 4.362 4.402 4.440 4.478 4.514 4.548 4.582 4.614 4.646 4.676 4.706 4.735 4.763 4.791 4.818 4.845 4.871 4.897 4.922 4.947 4.971 4.995 5.019 5.043 5.065 5.086 5.108 5.130 5.151 5.173 5.194 5.214 5.234 5.254 5.274 5.293 5.312 5.331 5.350 5.368 5.386 5.404
-99.000 -99.000 -99.000 -99.000 -99.000 -99.000 -99.000 -99.000 -99.000 -99.000 1.651 1.658 1.715 1.867 2.101 2.377 2.656 2.905 3.111 3.275 3.406 3.514 3.607 3.690 3.766 3.838 3.905 3.970 4.031 4.089 4.145 4.198 4.248 4.295 4.341 4.384 4.424 4.462 4.500 4.535 4.570 4.603 4.635 4.666 4.697 4.726 4.755 4.783 4.810 4.837 4.864 4.890 4.915 4.940 4.965 4.989 5.013 5.036 5.060 5.081 5.103 5.125 5.146 5.168 5.189 5.209 5.230 5.250 5.270 5.289 5.308 5.327 5.346 5.364 5.382 5.400 5.418
-99.000 -99.000 -99.000 -99.000 -99.000 -99.000 -99.000 -99.000 -99.000 -99.000 1.652 1.677 1.781 1.978 2.239 2.521 2.786 3.013 3.196 3.341 3.458 3.557 3.643 3.722 3.795 3.864 3.930 3.994 4.054 4.112 4.167 4.220 4.270 4.317 4.362 4.405 4.445 4.484 4.521 4.557 4.591 4.624 4.656 4.687 4.717 4.746 4.774 4.802 4.829 4.856 4.882 4.908 4.933 4.958 4.982 5.006 5.030 5.053 5.076 5.098 5.119 5.141 5.162 5.184 5.205 5.225 5.246 5.266 5.285 5.305 5.324 5.342 5.361 5.379 5.397 5.414 5.432
-99.000 -99.000 -99.000 -99.000 -99.000 -99.000 -99.000 -99.000 -99.000 1.651 1.659 1.718 1.873 2.107 2.383 2.660 2.907 3.110 3.271 3.400 3.505 3.596 3.677 3.752 3.823 3.890 3.955 4.017 4.076 4.134 4.188 4.241 4.291 4.338 4.383 4.426 4.466 4.504 4.542 4.577 4.612 4.644 4.676 4.707 4.737 4.765 4.794 4.821 4.848 4.874 4.900 4.926 4.951 4.975 4.999 5.023 5.046 5.070 5.092 5.114 5.135 5.157 5.178 5.199 5.220 5.241 5.261 5.281 5.301 5.320 5.339 5.358 5.376 5.394 5.412 5.429 5.446
-99.000 -99.000 -99.000 -99.000 -99.000 -99.000 -99.000 -99.000 -99.000 1.652 1.679 1.786 1.986 2.247 2.528 2.792 3.016 3.196 3.338 3.452 3.548 3.633 3.709 3.781 3.849 3.915 3.978 4.039 4.098 4.154 4.209 4.261 4.311 4.358 4.403 4.447 4.487 4.525 4.562 4.598 4.632 4.665 4.696 4.727 4.756 4.785 4.813 4.840 4.867 4.893 4.918 4.943 4.968 4.992 5.016 5.040 5.063 5.086 5.108 5.130 5.151 5.172 5.194 5.215 5.235 5.256 5.276 5.296 5.316 5.335 5.354 5.373 5.391 5.409 5.427 5.444 5.461
-99.000 -99.000 -99.000 -99.000 -99.000 -99.000 -99.000 -99.000 1.651 1.659 1.722 1.880 2.117 2.393 2.669 2.913 3.113 3.272 3.397 3.500 3.588 3.667 3.740 3.809 3.875 3.938 4.000 4.060 4.118 4.174 4.228 4.280 4.330 4.377 4.423 4.466 4.506 4.545 4.582 4.618 4.652 4.685 4.716 4.746 4.776 4.804 4.832 4.859 4.885 4.911 4.936 4.961 4.986 5.010 5.033 5.056 5.079 5.102 5.124 5.146 5.166 5.188 5.209 5.230 5.250 5.271 5.291 5.311 5.330 5.350 5.369 5.387 5.406 5.424 5.442 5.459 5.476
-99.000 -99.000 -99.000 -99.000 -99.000 -99.000 -99.000 -99.000 1.653 1.681 1.793 1.996 2.259 2.539 2.801 3.022 3.199 3.339 3.450 3.544 3.626 3.700 3.769 3.836 3.899 3.961 4.022 4.081 4.138 4.193 4.247 4.299 4.348 4.396 4.441 4.485 4.525 4.564 4.601 4.637 4.671 4.704 4.736 4.766 4.795 4.824 4.851 4.878 4.904 4.930 4.954 4.979 5.003 5.027 5.050 5.073 5.096 5.118 5.140 5.161 5.182 5.203 5.224 5.244 5.265 5.285 5.305 5.325 5.345 5.364 5.383 5.402 5.420 5.438 5.456 5.474 5.491
-99.000 -99.000 -99.000 -99.000 -99.000 -99.000 -99.000 1.651 1.661 1.727 1.889 2.129 2.406 2.680 2.922 3.119 3.275 3.398 3.499 3.584 3.661 3.731 3.798 3.862 3.923 3.984 4.043 4.100 4.156 4.211 4.264 4.316 4.366 4.413 4.459 4.503 4.543 4.582 4.620 4.656 4.690 4.723 4.755 4.785 4.814 4.843 4.870 4.897 4.923 4.948 4.973 4.997 5.021 5.044 5.067 5.090 5.112 5.134 5.156 5.176 5.197 5.217 5.238 5.259 5.279 5.299 5.319 5.339 5.359 5.378 5.397 5.416 5.434 5.452 5.470 5.488 5.505
-99.000 -99.000 -99.000 -99.000 -99.000 -99.000 1.651 1.653 1.684 1.800 2.007 2.273 2.552 2.812 3.031 3.205 3.342 3.452 3.543 3.622 3.694 3.761 3.825 3.887 3.947 4.005 4.063 4.119 4.174 4.228 4.281 4.332 4.382 4.430 4.476 4.519 4.560 4.600 4.638 4.674 4.709 4.742 4.774 4.804 4.833 4.862 4.889 4.915 4.941 4.966 4.991 5.015 5.038 5.061 5.084 5.106 5.128 5.150 5.171 5.192 5.212 5.232 5.253 5.273 5.293 5.313 5.333 5.353 5.372 5.391 5.410 5.429 5.447 5.466 5.484 5.501 5.519
-99.000 -99.000 -99.000 -99.000 -99.000 -99.000 1.651 1.662 1.732 1.899 2.142 2.420 2.692 2.932 3.127 3.281 3.402 3.500 3.584 3.658 3.726 3.791 3.852 3.912 3.970 4.027 4.083 4.138 4.192 4.245 4.297 4.348 4.398 4.445 4.491 4.536 4.577 4.617 4.655 4.692 4.727 4.760 4.792 4.823 4.852 4.880 4.908 4.934 4.960 4.985 5.009 5.033 5.056 5.079 5.101 5.123 5.145 5.166 5.187 5.207 5.227 5.247 5.267 5.287 5.307 5.327 5.347 5.366 5.385 5.404 5.423 5.442 5.460 5.479 5.497 5.514 5.532
-99.000 -99.000 -99.000 -99.000 -99.000 1.651 1.653 1.687 1.808 2.019 2.286 2.566 2.824 3.040 3.213 3.348 3.455 3.545 3.622 3.692 3.757 3.819 3.878 3.936 3.992 4.047 4.102 4.155 4.209 4.261 4.312 4.363 4.412 4.460 4.506 4.550 4.591 4.632 4.671 4.708 4.744 4.778 4.810 4.841 4.870 4.899 4.926 4.953 4.978 5.003 5.027 5.051 5.074 5.096 5.119 5.140 5.162 5.183 5.204 5.223 5.242 5.262 5.282 5.302 5.321 5.341 5.360 5.379 5.398 5.417 5.436 5.454 5.473 5.491 5.509 5.527 5.545
