TsunamiDB/out54112.asc
ncols          264
nrows          230
xllcorner      497853.4375
yllcorner      4229146.0000
cellsize         5.
NODATA_value   -99
[rows 0 to 33 of 230, columns 77 to 153 of 264]
5.272 5.291 5.310 5.329 5.347 5.365 5.383 5.401 5.418 5.434 5.450 5.466 5.483 5.499 5.515 5.531 5.546 5.562 5.577 5.592 5.607 5.621 5.636 5.650 5.664 5.677 5.691 5.704 5.717 5.730 5.742 5.754 5.765 5.774 5.784 5.794 5.803 5.812 5.821 5.829 5.836 5.843 5.849 5.855 5.861 5.866 5.871 5.875 5.880 5.884 5.889 5.894 5.899 5.905 5.910 5.914 5.920 5.926 5.933 5.940 5.948 5.956 5.965 5.974 5.983 5.993 6.002 6.012 6.022 6.032 6.042 6.053 6.063 6.073 6.083 6.094 6.104
5.280 5.299 5.317 5.336 5.354 5.372 5.390 5.408 5.425 5.441 5.457 5.473 5.489 5.505 5.521 5.537 5.553 5.568 5.584 5.599 5.613 5.628 5.643 5.657 5.671 5.685 5.699 5.712 5.726 5.739 5.752 5.764 5.774 5.785 5.795 5.806 5.816 5.825 5.834 5.843 5.851 5.859 5.865 5.872 5.878 5.883 5.888 5.893 5.898 5.902 5.906 5.910 5.915 5.920 5.924 5.928 5.933 5.938 5.944 5.950 5.957 5.965 5.973 5.981 5.990 5.999 6.008 6.017 6.027 6.037 6.047 6.057 6.067 6.077 6.087 6.097 6.107
5.287 5.306 5.324 5.343 5.361 5.379 5.397 5.415 5.431 5.447 5.463 5.479 5.496 5.512 5.528 5.544 5.559 5.575 5.590 5.605 5.620 5.635 5.649 5.664 5.678 5.692 5.706 5.720 5.733 5.747 5.760 5.772 5.783 5.794 5.805 5.816 5.826 5.837 5.846 5.856 5.864 5.873 5.880 5.887 5.894 5.900 5.905 5.911 5.915 5.920 5.924 5.928 5.932 5.936 5.940 5.943 5.947 5.951 5.956 5.962 5.968 5.975 5.982 5.989 5.997 6.006 6.014 6.023 6.033 6.042 6.052 6.061 6.071 6.081 6.091 6.101 6.111
5.294 5.313 5.331 5.350 5.368 5.386 5.404 5.421 5.438 5.453 5.469 5.486 5.502 5.518 5.534 5.550 5.565 5.581 5.596 5.611 5.626 5.641 5.655 5.670 5.684 5.699 5.713 5.726 5.740 5.754 5.767 5.779 5.791 5.802 5.814 5.825 5.836 5.847 5.857 5.867 5.877 5.886 5.894 5.902 5.909 5.916 5.922 5.927 5.932 5.937 5.941 5.945 5.949 5.953 5.956 5.959 5.962 5.965 5.970 5.974 5.980 5.985 5.992 5.999 6.006 6.014 6.022 6.030 6.039 6.048 6.057 6.066 6.076 6.085 6.095 6.105 6.114
5.301 5.320 5.338 5.356 5.374 5.392 5.410 5.427 5.444 5.459 5.476 5.492 5.508 5.524 5.540 5.556 5.571 5.586 5.602 5.617 5.632 5.647 5.661 5.676 5.690 5.705 5.719 5.733 5.746 5.760 5.774 5.786 5.798 5.810 5.822 5.833 5.845 5.856 5.867 5.877 5.887 5.897 5.906 5.915 5.923 5.930 5.937 5.943 5.949 5.954 5.958 5.963 5.967 5.970 5.973 5.976 5.978 5.981 5.984 5.988 5.993 5.998 6.003 6.009 6.016 6.023 6.030 6.038 6.046 6.054 6.063 6.072 6.081 6.090 6.099 6.109 6.119
5.308 5.327 5.345 5.363 5.381 5.399 5.416 5.434 5.450 5.466 5.482 5.498 5.514 5.530 5.546 5.561 5.577 5.592 5.607 5.622 5.637 5.652 5.667 5.681 5.696 5.710 5.724 5.738 5.752 5.766 5.780 5.792 5.804 5.816 5.828 5.840 5.852 5.864 5.875 5.886 5.897 5.907 5.917 5.926 5.935 5.943 5.950 5.957 5.964 5.969 5.975 5.979 5.984 5.988 5.991 5.993 5.995 5.997 6.000 6.003 6.007 6.011 6.016 6.021 6.027 6.033 6.039 6.046 6.054 6.062 6.070 6.078 6.087 6.096 6.105 6.114 6.123
5.315 5.333 5.352 5.370 5.387 5.405 5.422 5.440 5.456 5.472 5.487 5.503 5.520 5.535 5.551 5.567 5.582 5.598 5.613 5.628 5.643 5.657 5.672 5.687 5.701 5.715 5.730 5.744 5.758 5.771 5.785 5.798 5.810 5.822 5.835 5.847 5.859 5.871 5.883 5.894 5.905 5.916 5.926 5.936 5.945 5.954 5.963 5.970 5.977 5.984 5.990 5.995 6.000 6.004 6.008 6.010 6.012 6.014 6.017 6.019 6.022 6.026 6.030 6.034 6.039 6.044 6.050 6.056 6.063 6.070 6.077 6.085 6.093 6.102 6.110 6.119 6.128
5.322 5.340 5.358 5.376 5.394 5.411 5.429 5.446 5.462 5.477 5.493 5.509 5.525 5.541 5.557 5.572 5.588 5.603 5.618 5.633 5.648 5.663 5.677 5.692 5.706 5.720 5.735 5.749 5.763 5.776 5.790 5.803 5.816 5.828 5.840 5.853 5.865 5.877 5.889 5.901 5.913 5.924 5.935 5.945 5.955 5.964 5.973 5.982 5.990 5.997 6.003 6.009 6.015 6.020 6.024 6.026 6.029 6.031 6.033 6.036 6.038 6.041 6.044 6.048 6.052 6.056 6.061 6.067 6.073 6.079 6.086 6.093 6.101 6.109 6.117 6.125 6.134
5.329 5.347 5.365 5.383 5.400 5.417 5.435 5.452 5.468 5.483 5.499 5.515 5.531 5.546 5.562 5.578 5.593 5.608 5.623 5.638 5.653 5.668 5.682 5.697 5.711 5.725 5.739 5.753 5.767 5.781 5.795 5.808 5.821 5.833 5.846 5.858 5.871 5.883 5.895 5.907 5.919 5.931 5.942 5.953 5.963 5.973 5.983 5.992 6.000 6.008 6.016 6.023 6.029 6.035 6.039 6.042 6.045 6.048 6.050 6.052 6.055 6.057 6.060 6.063 6.066 6.070 6.074 6.078 6.084 6.089 6.095 6.102 6.109 6.116 6.124 6.132 6.140
5.336 5.354 5.372 5.389 5.407 5.424 5.441 5.458 5.474 5.489 5.505 5.520 5.536 5.552 5.567 5.583 5.598 5.613 5.628 5.643 5.658 5.672 5.687 5.701 5.716 5.730 5.744 5.758 5.772 5.786 5.800 5.813 5.825 5.838 5.850 5.863 5.876 5.888 5.901 5.913 5.925 5.937 5.948 5.959 5.970 5.981 5.991 6.001 6.010 6.019 6.027 6.034 6.041 6.048 6.053 6.057 6.060 6.063 6.066 6.069 6.071 6.074 6.076 6.078 6.081 6.084 6.087 6.091 6.096 6.100 6.106 6.112 6.118 6.125 6.132 6.139 6.147
5.343 5.361 5.378 5.396 5.413 5.430 5.447 5.464 5.480 5.495 5.510 5.526 5.542 5.557 5.573 5.588 5.603 5.618 5.633 5.648 5.663 5.677 5.692 5.706 5.720 5.734 5.749 5.763 5.777 5.790 5.804 5.817 5.830 5.842 5.855 5.868 5.880 5.893 5.906 5.918 5.930 5.942 5.954 5.965 5.977 5.988 5.998 6.008 6.018 6.027 6.036 6.045 6.052 6.060 6.066 6.070 6.074 6.078 6.082 6.085 6.087 6.090 6.092 6.094 6.097 6.099 6.102 6.105 6.109 6.113 6.117 6.122 6.128 6.134 6.141 6.148 6.155
5.351 5.368 5.386 5.403 5.420 5.437 5.453 5.470 5.486 5.501 5.516 5.532 5.547 5.563 5.578 5.593 5.608 5.623 5.638 5.653 5.667 5.682 5.696 5.711 5.725 5.739 5.753 5.767 5.781 5.795 5.809 5.822 5.834 5.846 5.859 5.872 5.885 5.897 5.910 5.923 5.935 5.947 5.959 5.971 5.982 5.994 6.004 6.015 6.025 6.035 6.045 6.054 6.062 6.070 6.077 6.082 6.087 6.092 6.096 6.099 6.102 6.105 6.108 6.110 6.112 6.115 6.117 6.120 6.122 6.126 6.130 6.134 6.139 6.144 6.150 6.157 6.164
5.359 5.376 5.393 5.410 5.427 5.443 5.460 5.476 5.492 5.506 5.522 5.537 5.553 5.568 5.583 5.598 5.613 5.628 5.643 5.658 5.672 5.687 5.701 5.715 5.729 5.743 5.757 5.771 5.785 5.799 5.813 5.826 5.838 5.850 5.863 5.876 5.889 5.902 5.914 5.927 5.939 5.952 5.964 5.976 5.987 5.999 6.010 6.021 6.032 6.042 6.052 6.062 6.071 6.079 6.087 6.093 6.099 6.104 6.109 6.113 6.117 6.120 6.123 6.125 6.128 6.130 6.132 6.134 6.137 6.140 6.143 6.147 6.151 6.156 6.161 6.167 6.173
5.367 5.384 5.401 5.417 5.434 5.450 5.466 5.483 5.498 5.512 5.528 5.543 5.558 5.573 5.588 5.604 5.618 5.633 5.648 5.662 5.677 5.691 5.705 5.720 5.734 5.748 5.762 5.776 5.789 5.803 5.817 5.830 5.842 5.854 5.867 5.880 5.893 5.905 5.918 5.931 5.943 5.956 5.968 5.980 5.992 6.004 6.015 6.026 6.037 6.048 6.058 6.069 6.078 6.087 6.095 6.102 6.109 6.115 6.120 6.125 6.130 6.134 6.137 6.140 6.143 6.145 6.147 6.149 6.152 6.154 6.157 6.160 6.163 6.168 6.172 6.177 6.183
5.377 5.393 5.409 5.426 5.442 5.458 5.474 5.489 5.504 5.519 5.534 5.549 5.564 5.579 5.594 5.609 5.623 5.638 5.653 5.667 5.682 5.696 5.710 5.724 5.738 5.752 5.766 5.780 5.794 5.807 5.821 5.834 5.846 5.858 5.871 5.884 5.897 5.909 5.922 5.935 5.947 5.960 5.972 5.984 5.996 6.008 6.020 6.031 6.042 6.053 6.064 6.075 6.085 6.095 6.103 6.110 6.117 6.124 6.130 6.136 6.141 6.146 6.150 6.154 6.157 6.160 6.162 6.164 6.166 6.169 6.171 6.174 6.177 6.180 6.184 6.189 6.194
5.386 5.402 5.418 5.434 5.450 5.466 5.481 5.497 5.511 5.525 5.540 5.555 5.570 5.584 5.599 5.614 5.629 5.643 5.658 5.672 5.686 5.700 5.714 5.728 5.742 5.756 5.770 5.784 5.798 5.811 5.825 5.837 5.849 5.862 5.875 5.887 5.900 5.913 5.926 5.938 5.951 5.963 5.976 5.988 6.000 6.012 6.024 6.035 6.047 6.058 6.069 6.080 6.091 6.101 6.110 6.117 6.125 6.132 6.139 6.146 6.152 6.157 6.162 6.166 6.170 6.173 6.176 6.178 6.181 6.183 6.185 6.188 6.190 6.193 6.197 6.201 6.205
5.397 5.413 5.428 5.444 5.459 5.474 5.489 5.504 5.518 5.532 5.546 5.561 5.576 5.590 5.605 5.619 5.634 5.648 5.662 5.677 5.691 5.705 5.719 5.733 5.747 5.761 5.774 5.788 5.802 5.816 5.829 5.841 5.853 5.866 5.878 5.891 5.904 5.917 5.929 5.942 5.954 5.967 5.979 5.992 6.004 6.016 6.028 6.039 6.051 6.062 6.074 6.085 6.096 6.106 6.115 6.124 6.132 6.140 6.147 6.155 6.161 6.167 6.173 6.178 6.182 6.186 6.189 6.192 6.195 6.197 6.199 6.202 6.204 6.207 6.210 6.214 6.217
5.408 5.424 5.439 5.454 5.469 5.483 5.498 5.513 5.526 5.539 5.553 5.568 5.582 5.596 5.611 5.625 5.639 5.653 5.667 5.682 5.696 5.710 5.724 5.737 5.751 5.765 5.779 5.792 5.806 5.820 5.833 5.845 5.857 5.869 5.882 5.895 5.907 5.920 5.933 5.945 5.958 5.970 5.983 5.995 6.007 6.019 6.031 6.043 6.055 6.066 6.078 6.089 6.101 6.111 6.120 6.129 6.138 6.146 6.154 6.162 6.170 6.176 6.182 6.188 6.193 6.198 6.201 6.205 6.208 6.210 6.213 6.215 6.218 6.220 6.223 6.226 6.229
5.420 5.435 5.450 5.465 5.479 5.493 5.508 5.522 5.534 5.547 5.561 5.575 5.589 5.603 5.617 5.631 5.645 5.659 5.673 5.687 5.700 5.714 5.728 5.742 5.756 5.769 5.783 5.796 5.810 5.824 5.837 5.848 5.861 5.873 5.886 5.898 5.911 5.924 5.936 5.949 5.961 5.974 5.986 5.998 6.011 6.023 6.035 6.047 6.059 6.070 6.082 6.093 6.105 6.116 6.125 6.134 6.143 6.152 6.161 6.169 6.177 6.184 6.191 6.197 6.203 6.208 6.213 6.217 6.220 6.223 6.226 6.229 6.231 6.234 6.236 6.239 6.242
5.433 5.448 5.462 5.476 5.490 5.504 5.518 5.531 5.543 5.556 5.570 5.583 5.596 5.610 5.623 5.637 5.651 5.664 5.678 5.692 5.705 5.719 5.733 5.746 5.760 5.774 5.787 5.801 5.814 5.828 5.840 5.852 5.864 5.877 5.889 5.902 5.914 5.927 5.940 5.952 5.965 5.977 5.989 6.002 6.014 6.026 6.038 6.050 6.062 6.074 6.086 6.097 6.109 6.120 6.129 6.139 6.148 6.157 6.166 6.175 6.183 6.191 6.199 6.206 6.212 6.218 6.223 6.227 6.232 6.235 6.238 6.241 6.244 6.246 6.249 6.252 6.254
5.446 5.460 5.475 5.489 5.502 5.516 5.530 5.542 5.554 5.566 5.579 5.592 5.605 5.618 5.631 5.644 5.657 5.670 5.684 5.697 5.711 5.724 5.738 5.751 5.765 5.778 5.791 5.805 5.818 5.832 5.844 5.856 5.868 5.880 5.893 5.905 5.918 5.931 5.943 5.956 5.968 5.980 5.993 6.005 6.017 6.029 6.041 6.053 6.065 6.077 6.089 6.101 6.112 6.123 6.133 6.143 6.153 6.162 6.171 6.181 6.189 6.198 6.206 6.213 6.220 6.226 6.232 6.237 6.242 6.246 6.250 6.253 6.256 6.259 6.262 6.264 6.267
5.459 5.473 5.488 5.501 5.515 5.528 5.541 5.554 5.565 5.577 5.589 5.601 5.614 5.626 5.639 5.651 5.664 5.677 5.690 5.703 5.716 5.729 5.743 5.756 5.769 5.782 5.796 5.809 5.822 5.836 5.848 5.860 5.872 5.884 5.897 5.909 5.922 5.934 5.946 5.959 5.971 5.984 5.996 6.008 6.020 6.033 6.045 6.057 6.069 6.080 6.092 6.104 6.116 6.127 6.137 6.147 6.157 6.166 6.176 6.185 6.195 6.203 6.212 6.220 6.227 6.234 6.240 6.246 6.252 6.256 6.260 6.264 6.268 6.271 6.274 6.277 6.279
5.472 5.487 5.501 5.515 5.528 5.541 5.554 5.566 5.577 5.588 5.600 5.612 5.624 5.636 5.648 5.660 5.672 5.684 5.697 5.710 5.722 5.735 5.748 5.761 5.774 5.787 5.800 5.813 5.826 5.840 5.852 5.864 5.876 5.888 5.900 5.913 5.925 5.937 5.950 5.962 5.975 5.987 5.999 6.011 6.024 6.036 6.048 6.060 6.072 6.084 6.095 6.107 6.119 6.130 6.140 6.150 6.160 6.170 6.180 6.190 6.199 6.209 6.217 6.226 6.234 6.241 6.248 6.254 6.260 6.266 6.270 6.275 6.278 6.282 6.285 6.288 6.291
5.485 5.500 5.514 5.528 5.541 5.554 5.567 5.579 5.590 5.601 5.612 5.623 5.635 5.646 5.658 5.669 5.681 5.693 5.704 5.717 5.729 5.741 5.754 5.766 5.779 5.792 5.805 5.818 5.831 5.844 5.856 5.867 5.879 5.892 5.904 5.916 5.929 5.941 5.953 5.966 5.978 5.990 6.002 6.015 6.027 6.039 6.051 6.063 6.075 6.087 6.099 6.110 6.122 6.133 6.144 6.154 6.164 6.174 6.184 6.194 6.204 6.213 6.222 6.231 6.240 6.247 6.255 6.262 6.268 6.274 6.279 6.284 6.288 6.292 6.296 6.299 6.302
5.497 5.512 5.527 5.541 5.554 5.568 5.581 5.592 5.603 5.614 5.625 5.636 5.647 5.658 5.668 5.679 5.690 5.702 5.713 5.724 5.736 5.748 5.760 5.772 5.785 5.797 5.810 5.822 5.835 5.848 5.860 5.871 5.883 5.895 5.907 5.920 5.932 5.944 5.957 5.969 5.981 5.993 6.006 6.018 6.030 6.042 6.054 6.066 6.078 6.090 6.102 6.114 6.125 6.137 6.147 6.157 6.168 6.178 6.188 6.198 6.208 6.218 6.227 6.236 6.245 6.253 6.261 6.268 6.275 6.282 6.288 6.293 6.298 6.302 6.306 6.310 6.313
5.509 5.524 5.539 5.553 5.567 5.581 5.594 5.606 5.616 5.627 5.638 5.649 5.659 5.670 5.680 5.691 5.701 5.712 5.722 5.733 5.744 5.755 5.767 5.779 5.791 5.803 5.815 5.827 5.840 5.852 5.864 5.875 5.887 5.899 5.911 5.923 5.936 5.948 5.960 5.972 5.985 5.997 6.009 6.021 6.033 6.045 6.057 6.069 6.081 6.093 6.105 6.117 6.129 6.140 6.150 6.160 6.171 6.181 6.192 6.202 6.212 6.222 6.232 6.241 6.250 6.259 6.267 6.275 6.282 6.289 6.295 6.301 6.306 6.311 6.316 6.320 6.323
5.520 5.536 5.551 5.565 5.580 5.593 5.607 5.619 5.630 5.641 5.652 5.662 5.673 5.683 5.693 5.703 5.713 5.723 5.733 5.743 5.753 5.764 5.775 5.786 5.797 5.809 5.821 5.833 5.845 5.857 5.869 5.880 5.891 5.903 5.915 5.927 5.939 5.951 5.964 5.976 5.988 6.000 6.012 6.024 6.036 6.048 6.060 6.072 6.084 6.096 6.108 6.120 6.132 6.143 6.153 6.164 6.174 6.185 6.195 6.205 6.216 6.226 6.236 6.245 6.254 6.263 6.272 6.280 6.288 6.295 6.302 6.308 6.314 6.320 6.325 6.329 6.333
5.530 5.546 5.562 5.577 5.591 5.605 5.619 5.632 5.643 5.654 5.665 5.676 5.686 5.696 5.706 5.716 5.725 5.735 5.744 5.754 5.764 5.773 5.784 5.794 5.805 5.816 5.827 5.839 5.850 5.862 5.873 5.884 5.896 5.907 5.919 5.931 5.943 5.955 5.967 5.979 5.991 6.003 6.015 6.027 6.039 6.051 6.063 6.075 6.087 6.099 6.111 6.123 6.135 6.146 6.156 6.167 6.177 6.188 6.198 6.209 6.219 6.229 6.239 6.249 6.259 6.268 6.277 6.285 6.293 6.301 6.308 6.315 6.322 6.327 6.333 6.338 6.342
5.540 5.556 5.572 5.587 5.602 5.617 5.631 5.644 5.655 5.667 5.678 5.689 5.700 5.710 5.720 5.729 5.739 5.748 5.757 5.766 5.775 5.784 5.794 5.803 5.813 5.824 5.834 5.845 5.856 5.868 5.879 5.889 5.900 5.911 5.923 5.935 5.947 5.959 5.971 5.983 5.995 6.007 6.019 6.030 6.042 6.054 6.066 6.078 6.090 6.102 6.114 6.126 6.138 6.149 6.159 6.169 6.180 6.191 6.201 6.212 6.222 6.233 6.243 6.253 6.263 6.272 6.281 6.290 6.298 6.307 6.314 6.321 6.328 6.335 6.341 6.346 6.351
5.549 5.566 5.582 5.597 5.612 5.627 5.642 5.655 5.667 5.679 5.691 5.702 5.713 5.724 5.734 5.743 5.752 5.761 5.770 5.779 5.787 5.796 5.805 5.814 5.823 5.833 5.842 5.853 5.863 5.874 5.885 5.895 5.905 5.916 5.928 5.939 5.951 5.963 5.974 5.986 5.998 6.010 6.022 6.034 6.046 6.057 6.069 6.081 6.093 6.105 6.117 6.129 6.140 6.152 6.162 6.172 6.183 6.194 6.204 6.215 6.226 6.236 6.246 6.256 6.266 6.276 6.285 6.294 6.303 6.312 6.320 6.327 6.334 6.341 6.348 6.354 6.359
5.558 5.574 5.591 5.606 5.622 5.637 5.652 5.665 5.678 5.690 5.703 5.715 5.726 5.737 5.747 5.757 5.766 5.775 5.784 5.792 5.800 5.808 5.817 5.825 5.834 5.842 5.852 5.861 5.871 5.881 5.891 5.901 5.911 5.921 5.932 5.944 5.955 5.967 5.978 5.990 6.002 6.013 6.025 6.037 6.049 6.061 6.072 6.084 6.096 6.108 6.120 6.132 6.143 6.154 6.165 6.175 6.186 6.197 6.207 6.218 6.229 6.239 6.250 6.260 6.270 6.280 6.289 6.299 6.308 6.316 6.325 6.332 6.340 6.347 6.354 6.361 6.366
5.567 5.583 5.599 5.615 5.631 5.646 5.661 5.675 5.688 5.701 5.714 5.726 5.738 5.749 5.760 5.770 5.780 5.789 5.798 5.806 5.814 5.822 5.830 5.837 5.845 5.854 5.862 5.871 5.880 5.890 5.898 5.907 5.917 5.927 5.938 5.949 5.960 5.971 5.982 5.994 6.005 6.017 6.029 6.040 6.052 6.064 6.076 6.087 6.099 6.111 6.123 6.135 6.146 6.157 6.168 6.178 6.189 6.199 6.210 6.221 6.232 6.242 6.253 6.263 6.273 6.283 6.293 6.302 6.312 6.320 6.329 6.337 6.345 6.353 6.360 6.367 6.373
5.575 5.591 5.608 5.623 5.639 5.655 5.670 5.684 5.697 5.711 5.724 5.737 5.749 5.761 5.772 5.783 5.793 5.802 5.811 5.820 5.828 5.836 5.843 5.851 5.858 5.866 5.874 5.882 5.890 5.899 5.907 5.915 5.924 5.934 5.944 5.954 5.965 5.976 5.987 5.998 6.010 6.021 6.032 6.044 6.056 6.067 6.079 6.091 6.102 6.114 6.126 6.138 6.150 6.160 6.170 6.181 6.192 6.202 6.213 6.224 6.235 6.245 6.256 6.266 6.276 6.286 6.296 6.306 6.315 6.325 6.333 6.342 6.350 6.358 6.366 6.373 6.379
5.584 5.600 5.616 5.632 5.647 5.663 5.678 5.692 5.706 5.719 5.733 5.746 5.759 5.772 5.783 5.794 5.805 5.815 5.824 5.833 5.842 5.849 5.857 5.864 5.871 5.879 5.886 5.893 5.901 5.909 5.916 5.924 5.932 5.941 5.950 5.960 5.970 5.981 5.992 6.003 6.014 6.025 6.036 6.048 6.059 6.071 6.082 6.094 6.106 6.117 6.129 6.141 6.153 6.163 6.173 6.184 6.194 6.205 6.216 6.227 6.237 6.248 6.259 6.269 6.279 6.290 6.300 6.309 6.319 6.328 6.337 6.346 6.355 6.363 6.372 6.379 6.384
