TsunamiDB/out54018.asc
ncols          264
nrows          230
xllcorner      497853.4375
yllcorner      4229146.0000
cellsize         5.
NODATA_value   -99
[rows 186 to 216 of 230, columns 140 to 209 of 264]
4.947 4.992 5.037 5.080 5.123 5.166 5.212 5.259 5.308 5.360 5.413 5.468 5.524 5.580 5.637 5.693 5.749 5.803 5.857 5.907 5.954 5.997 6.035 6.068 6.096 6.121 6.151 6.189 6.220 6.261 6.326 6.406 6.499 6.603 6.710 6.818 6.898 6.928 7.014 7.142 7.223 7.275 7.308 7.330 7.338 7.331 7.303 7.239 7.225 7.286 7.342 7.386 7.415 7.430 7.431 7.420 7.385 7.299 7.223 7.197 7.175 7.157 7.138 7.116 7.082 7.023 6.940 6.831 6.735 6.676
4.973 5.017 5.059 5.100 5.140 5.180 5.221 5.264 5.310 5.358 5.408 5.461 5.515 5.570 5.627 5.684 5.742 5.800 5.857 5.913 5.965 6.012 6.054 6.092 6.125 6.158 6.196 6.233 6.262 6.296 6.352 6.423 6.510 6.611 6.721 6.821 6.889 6.919 7.006 7.131 7.213 7.266 7.298 7.319 7.328 7.322 7.298 7.235 7.222 7.286 7.345 7.393 7.426 7.446 7.454 7.445 7.411 7.324 7.245 7.213 7.185 7.159 7.132 7.100 7.056 6.989 6.904 6.794 6.697 6.640
5.001 5.045 5.086 5.125 5.162 5.198 5.235 5.273 5.313 5.356 5.403 5.452 5.505 5.560 5.616 5.675 5.735 5.797 5.858 5.919 5.976 6.029 6.076 6.120 6.162 6.205 6.248 6.289 6.319 6.350 6.398 6.459 6.537 6.633 6.734 6.821 6.885 6.915 7.001 7.126 7.210 7.262 7.292 7.313 7.322 7.318 7.298 7.237 7.225 7.293 7.357 7.408 7.444 7.469 7.480 7.472 7.437 7.348 7.265 7.225 7.190 7.155 7.119 7.077 7.022 6.951 6.866 6.756 6.662 6.610
5.033 5.076 5.117 5.154 5.189 5.221 5.253 5.285 5.319 5.357 5.399 5.445 5.495 5.550 5.607 5.668 5.731 5.796 5.862 5.928 5.991 6.049 6.103 6.154 6.205 6.256 6.306 6.353 6.388 6.419 6.460 6.509 6.575 6.658 6.747 6.827 6.888 6.919 7.004 7.130 7.213 7.263 7.292 7.310 7.319 7.320 7.303 7.245 7.236 7.309 7.375 7.428 7.468 7.496 7.507 7.498 7.461 7.369 7.281 7.234 7.189 7.145 7.098 7.045 6.983 6.911 6.827 6.720 6.630 6.586
5.066 5.110 5.151 5.188 5.220 5.249 5.276 5.302 5.329 5.361 5.397 5.439 5.488 5.541 5.600 5.663 5.729 5.798 5.868 5.939 6.007 6.072 6.134 6.193 6.251 6.309 6.366 6.421 6.462 6.496 6.531 6.570 6.621 6.687 6.765 6.842 6.903 6.933 7.015 7.139 7.221 7.270 7.296 7.312 7.323 7.326 7.315 7.261 7.254 7.330 7.398 7.454 7.495 7.523 7.534 7.523 7.482 7.387 7.292 7.236 7.181 7.127 7.069 7.009 6.943 6.870 6.789 6.687 6.605 6.568
5.100 5.146 5.188 5.224 5.255 5.282 5.304 5.324 5.344 5.368 5.399 5.437 5.482 5.536 5.595 5.660 5.730 5.802 5.877 5.951 6.026 6.098 6.167 6.232 6.297 6.362 6.425 6.486 6.534 6.571 6.606 6.636 6.670 6.723 6.792 6.866 6.928 6.955 7.032 7.154 7.237 7.283 7.304 7.319 7.329 7.337 7.334 7.282 7.278 7.355 7.426 7.482 7.523 7.550 7.559 7.544 7.499 7.400 7.298 7.232 7.166 7.101 7.035 6.969 6.900 6.829 6.754 6.659 6.585 6.556
5.135 5.182 5.225 5.262 5.292 5.317 5.335 5.350 5.364 5.381 5.404 5.437 5.480 5.532 5.592 5.658 5.731 5.807 5.885 5.964 6.044 6.123 6.198 6.271 6.342 6.412 6.479 6.544 6.599 6.644 6.680 6.703 6.730 6.772 6.832 6.906 6.966 6.986 7.057 7.180 7.259 7.297 7.316 7.329 7.340 7.355 7.358 7.308 7.306 7.386 7.456 7.510 7.549 7.574 7.580 7.562 7.511 7.405 7.296 7.219 7.142 7.068 6.996 6.925 6.857 6.792 6.723 6.636 6.571 6.550
5.169 5.217 5.262 5.299 5.330 5.353 5.369 5.379 5.388 5.398 5.415 5.443 5.482 5.532 5.591 5.658 5.733 5.813 5.894 5.977 6.063 6.147 6.229 6.309 6.384 6.456 6.526 6.596 6.658 6.712 6.753 6.778 6.800 6.835 6.890 6.960 7.017 7.028 7.090 7.208 7.278 7.313 7.328 7.340 7.354 7.374 7.384 7.338 7.336 7.415 7.482 7.533 7.570 7.592 7.595 7.572 7.514 7.402 7.283 7.195 7.109 7.028 6.951 6.880 6.816 6.756 6.695 6.617 6.560 6.546
5.202 5.252 5.297 5.336 5.367 5.390 5.405 5.412 5.416 5.421 5.432 5.455 5.490 5.536 5.594 5.661 5.737 5.819 5.903 5.988 6.078 6.167 6.254 6.340 6.420 6.495 6.568 6.642 6.713 6.777 6.829 6.861 6.886 6.918 6.963 7.024 7.076 7.077 7.126 7.233 7.299 7.330 7.344 7.357 7.373 7.395 7.411 7.368 7.365 7.441 7.504 7.552 7.585 7.605 7.604 7.575 7.511 7.390 7.262 7.164 7.071 6.985 6.906 6.837 6.778 6.725 6.672 6.602 6.553 6.546
5.234 5.285 5.331 5.370 5.402 5.426 5.440 5.447 5.448 5.450 5.457 5.475 5.505 5.547 5.602 5.666 5.741 5.825 5.911 5.999 6.093 6.186 6.280 6.371 6.456 6.536 6.612 6.690 6.768 6.846 6.910 6.952 6.982 7.012 7.048 7.105 7.156 7.137 7.167 7.264 7.324 7.350 7.364 7.377 7.393 7.420 7.445 7.402 7.396 7.468 7.527 7.570 7.599 7.616 7.610 7.575 7.500 7.371 7.235 7.129 7.030 6.941 6.863 6.799 6.746 6.700 6.656 6.593 6.551 6.551
5.266 5.316 5.363 5.404 5.437 5.462 5.477 5.484 5.485 5.486 5.490 5.504 5.529 5.567 5.616 5.677 5.751 5.837 5.923 6.014 6.112 6.209 6.309 6.405 6.495 6.578 6.658 6.741 6.827 6.920 6.996 7.049 7.090 7.122 7.155 7.220 7.251 7.200 7.211 7.296 7.346 7.370 7.385 7.399 7.417 7.458 7.485 7.435 7.425 7.491 7.544 7.582 7.608 7.619 7.609 7.563 7.478 7.342 7.200 7.088 6.986 6.897 6.824 6.765 6.719 6.681 6.643 6.588 6.553 6.557
5.297 5.348 5.395 5.436 5.470 5.497 5.514 5.523 5.526 5.528 5.533 5.544 5.565 5.597 5.641 5.699 5.772 5.856 5.943 6.036 6.136 6.238 6.340 6.440 6.536 6.628 6.716 6.801 6.895 7.002 7.092 7.161 7.213 7.256 7.300 7.341 7.331 7.260 7.255 7.324 7.368 7.392 7.409 7.428 7.457 7.498 7.515 7.463 7.448 7.507 7.554 7.588 7.608 7.613 7.594 7.539 7.449 7.308 7.159 7.044 6.942 6.857 6.788 6.736 6.696 6.665 6.634 6.586 6.556 6.565
5.329 5.379 5.426 5.468 5.504 5.533 5.553 5.566 5.572 5.577 5.584 5.596 5.615 5.643 5.682 5.735 5.803 5.884 5.970 6.063 6.166 6.270 6.375 6.481 6.586 6.689 6.783 6.869 6.970 7.094 7.199 7.282 7.347 7.402 7.438 7.445 7.407 7.319 7.297 7.350 7.391 7.416 7.437 7.464 7.497 7.529 7.537 7.483 7.464 7.514 7.556 7.584 7.599 7.596 7.568 7.507 7.413 7.267 7.115 7.000 6.901 6.820 6.757 6.711 6.677 6.652 6.629 6.586 6.561 6.575
5.361 5.410 5.458 5.500 5.538 5.570 5.594 5.611 5.623 5.633 5.644 5.658 5.677 5.702 5.736 5.782 5.845 5.922 6.005 6.098 6.202 6.308 6.417 6.530 6.646 6.758 6.858 6.945 7.055 7.194 7.310 7.404 7.481 7.534 7.556 7.540 7.479 7.377 7.338 7.379 7.414 7.441 7.468 7.498 7.528 7.552 7.553 7.495 7.471 7.513 7.548 7.571 7.579 7.569 7.534 7.469 7.371 7.221 7.069 6.958 6.863 6.788 6.730 6.689 6.662 6.643 6.626 6.589 6.569 6.589
5.393 5.442 5.489 5.533 5.572 5.607 5.635 5.658 5.676 5.692 5.709 5.727 5.748 5.772 5.802 5.843 5.899 5.972 6.051 6.141 6.245 6.354 6.467 6.588 6.714 6.833 6.941 7.029 7.145 7.294 7.420 7.524 7.601 7.649 7.660 7.627 7.551 7.438 7.383 7.408 7.439 7.469 7.498 7.526 7.552 7.568 7.560 7.500 7.471 7.504 7.531 7.549 7.550 7.534 7.494 7.425 7.324 7.173 7.024 6.917 6.829 6.760 6.707 6.671 6.650 6.637 6.626 6.594 6.579 6.604
5.425 5.473 5.520 5.564 5.606 5.644 5.677 5.706 5.730 5.754 5.776 5.800 5.825 5.849 5.878 5.915 5.965 6.032 6.107 6.193 6.297 6.408 6.525 6.652 6.785 6.914 7.028 7.115 7.233 7.392 7.525 7.630 7.705 7.748 7.751 7.708 7.621 7.497 7.427 7.440 7.466 7.495 7.521 7.547 7.567 7.575 7.561 7.497 7.461 7.485 7.506 7.517 7.513 7.492 7.448 7.376 7.274 7.125 6.980 6.880 6.799 6.735 6.688 6.657 6.640 6.633 6.629 6.602 6.591 6.621
5.456 5.503 5.549 5.595 5.638 5.680 5.718 5.753 5.785 5.815 5.845 5.874 5.904 5.932 5.961 5.995 6.041 6.104 6.172 6.254 6.357 6.469 6.588 6.720 6.861 6.999 7.117 7.200 7.320 7.486 7.619 7.723 7.795 7.834 7.832 7.782 7.687 7.554 7.472 7.473 7.492 7.516 7.540 7.560 7.574 7.575 7.555 7.486 7.444 7.459 7.472 7.477 7.469 7.443 7.397 7.325 7.223 7.077 6.939 6.845 6.770 6.713 6.671 6.644 6.632 6.632 6.634 6.612 6.605 6.639
5.486 5.531 5.577 5.623 5.668 5.713 5.756 5.798 5.837 5.875 5.912 5.947 5.982 6.015 6.046 6.081 6.127 6.185 6.249 6.326 6.426 6.538 6.659 6.795 6.942 7.084 7.204 7.282 7.401 7.567 7.697 7.799 7.867 7.903 7.898 7.843 7.743 7.604 7.511 7.499 7.510 7.530 7.548 7.562 7.571 7.565 7.537 7.464 7.415 7.422 7.428 7.429 7.416 7.388 7.341 7.269 7.168 7.028 6.896 6.809 6.741 6.691 6.654 6.632 6.626 6.632 6.639 6.622 6.620 6.657
5.513 5.556 5.602 5.648 5.695 5.744 5.792 5.841 5.887 5.932 5.976 6.017 6.058 6.097 6.133 6.172 6.217 6.275 6.335 6.407 6.503 6.612 6.733 6.870 7.017 7.159 7.280 7.354 7.468 7.630 7.759 7.858 7.924 7.959 7.953 7.896 7.793 7.649 7.546 7.524 7.527 7.541 7.552 7.560 7.562 7.549 7.514 7.435 7.379 7.379 7.379 7.375 7.359 7.331 7.285 7.214 7.115 6.980 6.856 6.776 6.716 6.672 6.641 6.624 6.623 6.633 6.647 6.635 6.636 6.674
5.538 5.579 5.624 5.670 5.719 5.771 5.824 5.879 5.933 5.985 6.036 6.084 6.130 6.175 6.218 6.260 6.309 6.368 6.427 6.494 6.585 6.690 6.810 6.946 7.091 7.237 7.363 7.426 7.530 7.691 7.818 7.915 7.980 8.014 8.007 7.949 7.842 7.693 7.583 7.550 7.544 7.549 7.554 7.555 7.549 7.528 7.486 7.401 7.339 7.332 7.327 7.319 7.301 7.274 7.229 7.161 7.065 6.935 6.819 6.747 6.694 6.656 6.631 6.621 6.623 6.639 6.660 6.651 6.654 6.693
5.560 5.599 5.642 5.688 5.739 5.794 5.852 5.913 5.974 6.034 6.091 6.145 6.198 6.248 6.296 6.343 6.399 6.464 6.523 6.589 6.674 6.776 6.895 7.029 7.174 7.329 7.446 7.491 7.587 7.746 7.870 7.965 8.029 8.061 8.054 7.991 7.879 7.729 7.613 7.571 7.554 7.552 7.549 7.542 7.528 7.499 7.449 7.359 7.292 7.280 7.271 7.261 7.243 7.216 7.174 7.106 7.012 6.890 6.783 6.719 6.672 6.642 6.625 6.619 6.627 6.651 6.677 6.669 6.672 6.711
5.579 5.617 5.658 5.704 5.756 5.814 5.877 5.943 6.010 6.076 6.141 6.201 6.259 6.314 6.368 6.426 6.492 6.563 6.626 6.693 6.777 6.876 6.992 7.126 7.276 7.417 7.512 7.546 7.636 7.791 7.914 8.008 8.069 8.098 8.086 8.020 7.912 7.760 7.635 7.584 7.559 7.548 7.536 7.521 7.500 7.462 7.405 7.311 7.241 7.223 7.212 7.201 7.184 7.157 7.115 7.048 6.962 6.848 6.748 6.692 6.654 6.633 6.621 6.623 6.640 6.668 6.693 6.686 6.690 6.727
5.598 5.632 5.672 5.717 5.770 5.831 5.897 5.968 6.041 6.113 6.185 6.251 6.315 6.377 6.441 6.510 6.585 6.663 6.734 6.807 6.892 6.987 7.099 7.231 7.369 7.488 7.569 7.594 7.677 7.828 7.951 8.042 8.101 8.126 8.109 8.044 7.938 7.782 7.649 7.590 7.556 7.536 7.516 7.492 7.461 7.417 7.356 7.258 7.185 7.164 7.152 7.141 7.123 7.097 7.055 6.993 6.914 6.807 6.715 6.669 6.641 6.627 6.624 6.634 6.656 6.684 6.709 6.702 6.706 6.741
5.616 5.648 5.685 5.729 5.783 5.845 5.914 5.990 6.067 6.146 6.225 6.299 6.369 6.441 6.515 6.594 6.677 6.764 6.845 6.927 7.013 7.104 7.210 7.329 7.449 7.551 7.621 7.639 7.714 7.862 7.982 8.070 8.125 8.146 8.126 8.062 7.954 7.794 7.655 7.587 7.543 7.514 7.486 7.454 7.416 7.367 7.301 7.202 7.127 7.106 7.093 7.081 7.063 7.036 6.996 6.940 6.867 6.769 6.687 6.651 6.633 6.626 6.632 6.648 6.673 6.701 6.723 6.716 6.719 6.752
5.637 5.664 5.699 5.742 5.796 5.859 5.930 6.009 6.091 6.176 6.262 6.345 6.425 6.506 6.590 6.677 6.769 6.864 6.955 7.046 7.134 7.223 7.316 7.415 7.519 7.609 7.673 7.683 7.750 7.892 8.007 8.093 8.142 8.159 8.137 8.071 7.961 7.796 7.650 7.572 7.520 7.483 7.446 7.408 7.366 7.312 7.243 7.144 7.070 7.048 7.034 7.022 7.003 6.976 6.939 6.888 6.825 6.736 6.664 6.639 6.629 6.631 6.643 6.663 6.689 6.716 6.736 6.729 6.731 6.760
5.660 5.684 5.715 5.757 5.810 5.873 5.946 6.028 6.114 6.204 6.297 6.390 6.481 6.571 6.664 6.759 6.858 6.959 7.058 7.156 7.249 7.332 7.409 7.493 7.582 7.666 7.727 7.728 7.783 7.919 8.031 8.110 8.155 8.168 8.143 8.073 7.959 7.787 7.632 7.547 7.486 7.440 7.398 7.356 7.310 7.254 7.185 7.087 7.013 6.990 6.976 6.963 6.944 6.919 6.885 6.841 6.788 6.708 6.646 6.631 6.630 6.639 6.655 6.678 6.704 6.729 6.748 6.740 6.740 6.765
5.688 5.707 5.736 5.775 5.825 5.888 5.962 6.046 6.135 6.230 6.332 6.435 6.534 6.634 6.736 6.837 6.939 7.042 7.147 7.255 7.350 7.426 7.494 7.565 7.644 7.725 7.783 7.775 7.819 7.950 8.053 8.123 8.162 8.171 8.141 8.066 7.944 7.764 7.602 7.506 7.437 7.388 7.343 7.298 7.251 7.196 7.128 7.031 6.958 6.935 6.919 6.906 6.888 6.864 6.835 6.799 6.755 6.685 6.634 6.629 6.635 6.649 6.668 6.692 6.718 6.742 6.758 6.749 6.747 6.768
5.718 5.734 5.759 5.795 5.844 5.905 5.979 6.066 6.157 6.256 6.365 6.475 6.585 6.695 6.802 6.906 7.009 7.112 7.221 7.336 7.433 7.509 7.571 7.634 7.709 7.788 7.846 7.828 7.859 7.978 8.069 8.130 8.161 8.163 8.128 8.045 7.913 7.725 7.554 7.449 7.377 7.326 7.280 7.236 7.191 7.136 7.069 6.974 6.902 6.878 6.862 6.849 6.831 6.811 6.789 6.761 6.727 6.667 6.625 6.628 6.640 6.658 6.679 6.703 6.729 6.750 6.764 6.754 6.748 6.765
5.752 5.765 5.787 5.821 5.868 5.927 6.000 6.087 6.179 6.280 6.394 6.510 6.627 6.743 6.855 6.961 7.065 7.168 7.279 7.399 7.503 7.584 7.647 7.708 7.777 7.852 7.910 7.884 7.900 8.002 8.080 8.129 8.151 8.147 8.104 8.013 7.870 7.671 7.491 7.382 7.309 7.259 7.214 7.174 7.131 7.079 7.013 6.919 6.848 6.824 6.809 6.797 6.781 6.765 6.749 6.729 6.705 6.655 6.621 6.630 6.647 6.667 6.689 6.714 6.738 6.757 6.769 6.756 6.748 6.760
5.786 5.799 5.819 5.851 5.895 5.951 6.022 6.108 6.200 6.301 6.417 6.538 6.662 6.786 6.902 7.012 7.116 7.215 7.328 7.456 7.568 7.654 7.722 7.784 7.848 7.924 7.989 7.951 7.944 8.028 8.090 8.126 8.138 8.125 8.074 7.971 7.812 7.602 7.417 7.308 7.238 7.191 7.151 7.115 7.076 7.026 6.961 6.869 6.798 6.775 6.761 6.749 6.737 6.727 6.716 6.706 6.692 6.650 6.623 6.638 6.657 6.679 6.701 6.725 6.747 6.764 6.772 6.757 6.746 6.754
5.820 5.834 5.855 5.885 5.926 5.978 6.048 6.134 6.223 6.324 6.441 6.565 6.695 6.824 6.945 7.058 7.161 7.256 7.370 7.509 7.628 7.722 7.800 7.865 7.930 8.025 8.084 8.019 7.990 8.052 8.095 8.116 8.116 8.092 8.031 7.910 7.733 7.517 7.333 7.229 7.164 7.123 7.090 7.059 7.023 6.974 6.909 6.820 6.752 6.730 6.716 6.708 6.701 6.695 6.692 6.692 6.687 6.650 6.628 6.647 6.668 6.690 6.713 6.735 6.755 6.768 6.772 6.755 6.741 6.744
