TsunamiDB/out54079.asc
ncols          264
nrows          230
xllcorner      497853.4375
yllcorner      4229146.0000
cellsize         5.
NODATA_value   -99
[rows 136 to 169 of 230, columns 76 to 151 of 264]
5.623 5.638 5.651 5.664 5.678 5.691 5.705 5.718 5.732 5.746 5.760 5.775 5.790 5.806 5.822 5.839 5.856 5.873 5.891 5.910 5.928 5.946 5.965 5.983 6.002 6.019 6.036 6.053 6.070 6.087 6.103 6.119 6.135 6.150 6.164 6.178 6.191 6.204 6.216 6.228 6.239 6.251 6.262 6.273 6.283 6.294 6.304 6.315 6.324 6.333 6.342 6.351 6.360 6.368 6.377 6.385 6.392 6.400 6.407 6.414 6.421 6.428 6.436 6.443 6.452 6.460 6.469 6.479 6.489 6.499 6.509 6.518 6.527 6.536 6.546 6.555
5.641 5.655 5.669 5.682 5.695 5.709 5.722 5.735 5.748 5.761 5.775 5.789 5.803 5.818 5.833 5.849 5.865 5.882 5.899 5.917 5.935 5.953 5.971 5.989 6.007 6.024 6.041 6.058 6.076 6.093 6.109 6.125 6.141 6.156 6.171 6.185 6.199 6.212 6.225 6.237 6.249 6.260 6.272 6.283 6.294 6.305 6.315 6.326 6.335 6.344 6.353 6.363 6.372 6.381 6.389 6.397 6.405 6.412 6.419 6.426 6.433 6.440 6.447 6.454 6.462 6.470 6.479 6.488 6.498 6.508 6.518 6.526 6.536 6.545 6.555 6.564
5.657 5.672 5.685 5.699 5.713 5.727 5.740 5.752 5.765 5.778 5.791 5.804 5.817 5.831 5.845 5.860 5.875 5.891 5.908 5.925 5.942 5.960 5.977 5.995 6.013 6.030 6.047 6.064 6.081 6.098 6.115 6.131 6.147 6.163 6.178 6.192 6.206 6.220 6.233 6.245 6.258 6.270 6.281 6.293 6.304 6.315 6.326 6.337 6.346 6.355 6.365 6.374 6.384 6.393 6.402 6.410 6.418 6.425 6.432 6.439 6.446 6.452 6.459 6.466 6.473 6.481 6.489 6.498 6.508 6.517 6.527 6.535 6.545 6.554 6.564 6.574
5.673 5.688 5.702 5.716 5.731 5.744 5.758 5.770 5.783 5.795 5.808 5.820 5.833 5.846 5.859 5.873 5.887 5.902 5.918 5.934 5.950 5.967 5.985 6.003 6.020 6.036 6.053 6.070 6.087 6.104 6.121 6.137 6.153 6.169 6.184 6.199 6.213 6.227 6.241 6.254 6.266 6.278 6.290 6.302 6.314 6.325 6.337 6.347 6.356 6.366 6.376 6.386 6.396 6.405 6.414 6.422 6.430 6.438 6.445 6.452 6.459 6.465 6.472 6.479 6.486 6.493 6.501 6.509 6.518 6.528 6.537 6.545 6.555 6.564 6.574 6.584
5.687 5.703 5.717 5.733 5.747 5.762 5.775 5.788 5.801 5.813 5.825 5.837 5.849 5.862 5.874 5.887 5.901 5.915 5.929 5.944 5.960 5.976 5.993 6.010 6.027 6.042 6.059 6.076 6.093 6.110 6.127 6.144 6.160 6.176 6.191 6.206 6.221 6.235 6.248 6.262 6.274 6.287 6.299 6.311 6.323 6.335 6.346 6.357 6.366 6.376 6.387 6.397 6.407 6.416 6.426 6.435 6.443 6.451 6.459 6.466 6.472 6.479 6.485 6.492 6.499 6.506 6.513 6.521 6.530 6.539 6.548 6.556 6.565 6.575 6.585 6.595
5.700 5.717 5.732 5.748 5.763 5.778 5.792 5.806 5.819 5.831 5.843 5.855 5.867 5.879 5.891 5.903 5.915 5.928 5.942 5.956 5.971 5.986 6.002 6.019 6.034 6.050 6.066 6.083 6.100 6.117 6.134 6.150 6.166 6.182 6.198 6.213 6.228 6.242 6.256 6.269 6.282 6.295 6.308 6.320 6.332 6.344 6.355 6.366 6.376 6.386 6.397 6.407 6.418 6.428 6.437 6.447 6.455 6.464 6.472 6.479 6.486 6.493 6.499 6.506 6.512 6.519 6.526 6.534 6.542 6.551 6.559 6.568 6.577 6.586 6.596 6.606
5.713 5.730 5.746 5.762 5.778 5.793 5.808 5.822 5.836 5.849 5.861 5.873 5.885 5.896 5.908 5.919 5.931 5.943 5.956 5.969 5.983 5.998 6.013 6.028 6.043 6.058 6.074 6.091 6.107 6.124 6.141 6.157 6.173 6.189 6.205 6.220 6.235 6.249 6.263 6.277 6.290 6.303 6.316 6.328 6.341 6.353 6.364 6.375 6.385 6.396 6.407 6.417 6.428 6.438 6.448 6.458 6.467 6.476 6.484 6.492 6.500 6.507 6.513 6.520 6.526 6.533 6.540 6.547 6.555 6.564 6.572 6.580 6.589 6.598 6.608 6.618
5.724 5.742 5.758 5.775 5.792 5.808 5.823 5.838 5.852 5.866 5.879 5.891 5.903 5.914 5.925 5.937 5.948 5.960 5.971 5.984 5.997 6.010 6.024 6.039 6.053 6.068 6.083 6.099 6.115 6.132 6.148 6.164 6.180 6.196 6.212 6.227 6.242 6.257 6.271 6.285 6.298 6.311 6.324 6.337 6.349 6.361 6.373 6.384 6.394 6.405 6.416 6.427 6.438 6.448 6.459 6.469 6.479 6.488 6.497 6.505 6.513 6.520 6.527 6.534 6.541 6.547 6.554 6.562 6.569 6.577 6.585 6.593 6.602 6.611 6.621 6.631
5.735 5.752 5.770 5.787 5.804 5.821 5.837 5.852 5.867 5.881 5.895 5.908 5.920 5.932 5.943 5.954 5.965 5.976 5.988 5.999 6.011 6.024 6.037 6.051 6.065 6.078 6.093 6.108 6.124 6.140 6.156 6.172 6.188 6.204 6.219 6.235 6.250 6.264 6.279 6.293 6.306 6.320 6.332 6.345 6.357 6.370 6.382 6.393 6.403 6.414 6.425 6.436 6.447 6.458 6.469 6.479 6.489 6.499 6.508 6.517 6.525 6.533 6.541 6.548 6.555 6.562 6.569 6.576 6.584 6.592 6.600 6.607 6.616 6.625 6.634 6.644
5.744 5.763 5.780 5.798 5.815 5.833 5.849 5.866 5.881 5.896 5.910 5.924 5.936 5.949 5.960 5.972 5.983 5.994 6.004 6.015 6.027 6.039 6.051 6.064 6.077 6.090 6.104 6.118 6.134 6.149 6.165 6.180 6.196 6.212 6.227 6.243 6.258 6.272 6.287 6.301 6.314 6.328 6.341 6.353 6.366 6.378 6.390 6.401 6.412 6.423 6.434 6.445 6.456 6.467 6.478 6.489 6.499 6.509 6.519 6.529 6.537 6.546 6.554 6.562 6.569 6.576 6.583 6.591 6.598 6.606 6.614 6.622 6.630 6.639 6.648 6.658
5.753 5.772 5.790 5.808 5.826 5.843 5.861 5.877 5.894 5.909 5.924 5.938 5.952 5.965 5.977 5.988 6.000 6.011 6.021 6.032 6.043 6.054 6.066 6.078 6.090 6.102 6.115 6.129 6.144 6.159 6.174 6.190 6.205 6.220 6.236 6.251 6.266 6.281 6.295 6.309 6.323 6.336 6.349 6.362 6.374 6.387 6.399 6.410 6.420 6.431 6.442 6.454 6.465 6.476 6.487 6.498 6.509 6.519 6.530 6.539 6.549 6.558 6.566 6.575 6.583 6.590 6.598 6.605 6.613 6.621 6.629 6.636 6.645 6.654 6.663 6.673
5.762 5.780 5.798 5.817 5.835 5.853 5.871 5.888 5.905 5.921 5.937 5.951 5.966 5.979 5.992 6.004 6.016 6.027 6.038 6.049 6.060 6.070 6.082 6.093 6.104 6.116 6.128 6.141 6.155 6.170 6.184 6.199 6.214 6.230 6.245 6.260 6.275 6.289 6.304 6.318 6.331 6.345 6.358 6.371 6.383 6.395 6.408 6.419 6.429 6.440 6.451 6.462 6.473 6.485 6.496 6.507 6.518 6.529 6.539 6.550 6.560 6.569 6.578 6.587 6.596 6.604 6.612 6.620 6.628 6.636 6.644 6.651 6.660 6.669 6.678 6.688
5.770 5.789 5.807 5.825 5.844 5.862 5.880 5.898 5.915 5.932 5.948 5.963 5.978 5.993 6.006 6.019 6.031 6.043 6.054 6.065 6.076 6.087 6.097 6.109 6.119 6.130 6.142 6.154 6.167 6.181 6.195 6.210 6.224 6.239 6.254 6.269 6.284 6.298 6.313 6.327 6.340 6.354 6.367 6.380 6.392 6.404 6.416 6.428 6.438 6.449 6.460 6.471 6.482 6.493 6.504 6.516 6.527 6.538 6.549 6.559 6.570 6.580 6.590 6.599 6.608 6.617 6.625 6.634 6.642 6.651 6.659 6.666 6.675 6.684 6.693 6.703
5.778 5.797 5.815 5.833 5.852 5.870 5.889 5.907 5.924 5.941 5.958 5.974 5.990 6.005 6.019 6.033 6.045 6.058 6.070 6.081 6.092 6.103 6.113 6.124 6.134 6.144 6.156 6.168 6.180 6.193 6.207 6.221 6.235 6.250 6.264 6.279 6.293 6.308 6.322 6.336 6.350 6.363 6.376 6.389 6.401 6.414 6.426 6.437 6.447 6.457 6.468 6.479 6.490 6.502 6.513 6.524 6.535 6.547 6.558 6.569 6.579 6.590 6.600 6.610 6.620 6.629 6.638 6.647 6.656 6.665 6.673 6.681 6.690 6.699 6.708 6.718
5.786 5.804 5.822 5.841 5.859 5.878 5.896 5.915 5.932 5.950 5.967 5.984 6.000 6.015 6.030 6.045 6.058 6.071 6.084 6.096 6.107 6.118 6.129 6.139 6.149 6.159 6.170 6.181 6.193 6.206 6.219 6.233 6.246 6.260 6.275 6.289 6.303 6.318 6.332 6.346 6.359 6.373 6.386 6.399 6.411 6.423 6.435 6.446 6.456 6.467 6.477 6.488 6.499 6.510 6.521 6.532 6.544 6.555 6.566 6.578 6.589 6.600 6.611 6.621 6.631 6.641 6.651 6.660 6.670 6.679 6.688 6.696 6.704 6.714 6.723 6.733
5.794 5.812 5.830 5.848 5.867 5.885 5.904 5.922 5.940 5.958 5.975 5.992 6.009 6.025 6.041 6.056 6.070 6.084 6.097 6.109 6.121 6.132 6.143 6.154 6.164 6.174 6.184 6.195 6.207 6.219 6.232 6.245 6.258 6.272 6.286 6.300 6.314 6.328 6.342 6.356 6.370 6.383 6.396 6.409 6.421 6.433 6.445 6.456 6.466 6.476 6.487 6.497 6.508 6.519 6.530 6.541 6.552 6.564 6.575 6.586 6.598 6.609 6.620 6.631 6.642 6.653 6.663 6.673 6.683 6.693 6.701 6.710 6.719 6.728 6.738 6.748
5.803 5.820 5.838 5.856 5.874 5.893 5.911 5.929 5.947 5.965 5.983 6.000 6.017 6.034 6.050 6.065 6.080 6.095 6.108 6.121 6.134 6.146 6.157 6.168 6.178 6.188 6.198 6.209 6.221 6.232 6.245 6.257 6.270 6.283 6.297 6.311 6.325 6.339 6.353 6.366 6.380 6.393 6.407 6.419 6.432 6.444 6.455 6.466 6.476 6.486 6.496 6.507 6.517 6.528 6.539 6.550 6.561 6.572 6.584 6.595 6.607 6.618 6.630 6.641 6.652 6.663 6.674 6.685 6.695 6.706 6.715 6.724 6.733 6.743 6.753 6.763
5.811 5.828 5.846 5.863 5.882 5.900 5.918 5.936 5.954 5.972 5.990 6.008 6.025 6.042 6.058 6.074 6.090 6.104 6.119 6.132 6.145 6.158 6.170 6.181 6.192 6.202 6.212 6.223 6.234 6.246 6.257 6.270 6.282 6.295 6.309 6.322 6.336 6.350 6.363 6.377 6.391 6.404 6.417 6.430 6.442 6.454 6.466 6.476 6.486 6.496 6.506 6.516 6.527 6.537 6.548 6.559 6.570 6.581 6.592 6.604 6.616 6.627 6.639 6.651 6.662 6.674 6.685 6.696 6.708 6.718 6.728 6.737 6.746 6.756 6.767 6.778
5.820 5.837 5.854 5.871 5.889 5.907 5.925 5.943 5.961 5.979 5.997 6.014 6.032 6.049 6.066 6.082 6.098 6.113 6.128 6.142 6.156 6.169 6.182 6.194 6.204 6.214 6.225 6.236 6.247 6.259 6.270 6.282 6.294 6.307 6.320 6.334 6.347 6.361 6.374 6.388 6.402 6.415 6.428 6.441 6.453 6.465 6.477 6.487 6.497 6.507 6.517 6.527 6.537 6.547 6.557 6.568 6.579 6.590 6.601 6.613 6.624 6.636 6.648 6.660 6.672 6.684 6.696 6.708 6.720 6.730 6.740 6.750 6.760 6.770 6.781 6.792
5.829 5.846 5.862 5.879 5.897 5.915 5.932 5.950 5.968 5.986 6.003 6.021 6.038 6.056 6.073 6.089 6.106 6.121 6.137 6.151 6.166 6.179 6.193 6.205 6.216 6.226 6.237 6.249 6.260 6.271 6.283 6.294 6.307 6.319 6.332 6.345 6.358 6.372 6.385 6.399 6.413 6.426 6.439 6.452 6.465 6.477 6.488 6.498 6.508 6.518 6.528 6.537 6.547 6.557 6.567 6.578 6.588 6.599 6.610 6.622 6.634 6.646 6.658 6.670 6.682 6.694 6.707 6.719 6.731 6.742 6.752 6.762 6.772 6.783 6.794 6.805
5.839 5.854 5.871 5.888 5.905 5.922 5.940 5.957 5.975 5.992 6.010 6.027 6.045 6.062 6.079 6.096 6.113 6.129 6.144 6.160 6.174 6.189 6.203 6.215 6.226 6.237 6.249 6.260 6.272 6.283 6.295 6.306 6.318 6.331 6.343 6.356 6.369 6.383 6.396 6.410 6.423 6.437 6.450 6.463 6.476 6.488 6.500 6.510 6.519 6.529 6.539 6.549 6.558 6.568 6.578 6.588 6.598 6.609 6.620 6.631 6.643 6.655 6.667 6.680 6.692 6.705 6.717 6.730 6.742 6.753 6.764 6.774 6.785 6.796 6.807 6.819
5.848 5.864 5.880 5.897 5.914 5.931 5.948 5.965 5.982 5.999 6.017 6.034 6.051 6.068 6.086 6.103 6.119 6.136 6.152 6.167 6.182 6.197 6.211 6.224 6.236 6.247 6.259 6.271 6.283 6.294 6.306 6.318 6.330 6.342 6.354 6.367 6.380 6.394 6.407 6.421 6.434 6.448 6.461 6.474 6.487 6.500 6.511 6.521 6.531 6.541 6.550 6.560 6.570 6.579 6.589 6.599 6.609 6.619 6.630 6.641 6.653 6.665 6.677 6.689 6.702 6.715 6.728 6.740 6.753 6.765 6.775 6.786 6.797 6.809 6.820 6.832
5.858 5.874 5.890 5.906 5.923 5.939 5.956 5.973 5.989 6.006 6.023 6.040 6.058 6.075 6.092 6.109 6.125 6.142 6.158 6.174 6.190 6.205 6.219 6.232 6.244 6.257 6.269 6.281 6.293 6.305 6.317 6.329 6.340 6.353 6.365 6.378 6.391 6.404 6.417 6.431 6.445 6.458 6.472 6.485 6.498 6.511 6.522 6.532 6.542 6.552 6.562 6.572 6.581 6.591 6.600 6.610 6.620 6.630 6.641 6.652 6.663 6.675 6.687 6.700 6.712 6.725 6.738 6.751 6.764 6.776 6.787 6.798 6.810 6.821 6.833 6.844
5.868 5.883 5.900 5.916 5.932 5.948 5.965 5.981 5.997 6.014 6.031 6.047 6.064 6.081 6.098 6.115 6.132 6.148 6.165 6.181 6.196 6.212 6.227 6.240 6.253 6.265 6.278 6.291 6.303 6.315 6.327 6.339 6.351 6.363 6.375 6.388 6.401 6.414 6.427 6.441 6.455 6.468 6.482 6.495 6.509 6.521 6.533 6.543 6.554 6.564 6.574 6.584 6.593 6.603 6.612 6.622 6.631 6.641 6.652 6.663 6.674 6.686 6.698 6.710 6.723 6.736 6.749 6.762 6.775 6.787 6.799 6.810 6.822 6.833 6.845 6.857
5.877 5.893 5.909 5.926 5.942 5.958 5.974 5.990 6.006 6.022 6.038 6.054 6.071 6.088 6.104 6.121 6.138 6.154 6.171 6.187 6.203 6.218 6.233 6.247 6.260 6.273 6.286 6.299 6.312 6.324 6.336 6.348 6.360 6.373 6.385 6.398 6.411 6.424 6.437 6.451 6.464 6.478 6.492 6.505 6.519 6.532 6.544 6.554 6.565 6.576 6.586 6.596 6.605 6.615 6.624 6.634 6.643 6.653 6.663 6.674 6.685 6.697 6.709 6.721 6.734 6.747 6.760 6.773 6.786 6.799 6.810 6.822 6.834 6.846 6.858 6.870
5.887 5.903 5.919 5.935 5.951 5.967 5.983 5.999 6.014 6.030 6.046 6.062 6.078 6.095 6.111 6.127 6.144 6.160 6.177 6.193 6.209 6.224 6.240 6.254 6.267 6.281 6.294 6.307 6.320 6.333 6.345 6.357 6.370 6.382 6.394 6.407 6.420 6.433 6.446 6.460 6.473 6.487 6.501 6.515 6.528 6.542 6.554 6.565 6.576 6.587 6.597 6.608 6.617 6.627 6.637 6.646 6.655 6.665 6.675 6.686 6.697 6.708 6.720 6.732 6.745 6.758 6.771 6.785 6.798 6.811 6.822 6.834 6.846 6.858 6.870 6.882
5.895 5.912 5.928 5.945 5.961 5.977 5.992 6.008 6.023 6.039 6.054 6.070 6.086 6.102 6.118 6.134 6.150 6.166 6.183 6.199 6.215 6.231 6.246 6.260 6.274 6.288 6.301 6.315 6.328 6.341 6.353 6.366 6.378 6.391 6.403 6.416 6.428 6.442 6.455 6.468 6.482 6.496 6.510 6.524 6.537 6.551 6.563 6.575 6.586 6.598 6.609 6.619 6.629 6.639 6.649 6.658 6.668 6.678 6.688 6.698 6.709 6.720 6.732 6.744 6.757 6.770 6.783 6.796 6.810 6.823 6.835 6.847 6.859 6.871 6.883 6.895
5.903 5.920 5.937 5.954 5.970 5.986 6.002 6.017 6.033 6.048 6.063 6.078 6.094 6.109 6.125 6.141 6.157 6.173 6.189 6.205 6.221 6.237 6.252 6.267 6.280 6.294 6.308 6.322 6.335 6.348 6.361 6.374 6.386 6.399 6.411 6.424 6.437 6.450 6.463 6.476 6.490 6.504 6.518 6.532 6.546 6.560 6.572 6.584 6.596 6.608 6.619 6.630 6.641 6.651 6.661 6.671 6.680 6.690 6.700 6.711 6.721 6.732 6.744 6.756 6.769 6.782 6.795 6.808 6.822 6.835 6.847 6.859 6.871 6.883 6.896 6.908
5.911 5.928 5.945 5.962 5.979 5.995 6.011 6.026 6.042 6.057 6.072 6.087 6.102 6.117 6.133 6.148 6.164 6.179 6.195 6.211 6.227 6.243 6.258 6.273 6.287 6.301 6.315 6.329 6.342 6.355 6.368 6.381 6.394 6.407 6.419 6.432 6.445 6.458 6.471 6.484 6.498 6.512 6.526 6.540 6.554 6.568 6.581 6.593 6.605 6.618 6.629 6.641 6.652 6.663 6.673 6.683 6.693 6.703 6.713 6.723 6.734 6.745 6.757 6.769 6.781 6.794 6.807 6.821 6.834 6.847 6.859 6.872 6.884 6.896 6.909 6.921
5.917 5.934 5.952 5.970 5.987 6.003 6.019 6.035 6.051 6.066 6.081 6.096 6.110 6.125 6.140 6.156 6.171 6.186 6.202 6.217 6.233 6.249 6.264 6.279 6.293 6.307 6.321 6.335 6.349 6.362 6.376 6.388 6.401 6.414 6.427 6.439 6.452 6.465 6.478 6.491 6.505 6.519 6.533 6.547 6.561 6.576 6.589 6.601 6.614 6.627 6.639 6.651 6.662 6.674 6.684 6.695 6.705 6.715 6.726 6.736 6.747 6.758 6.769 6.781 6.794 6.807 6.820 6.833 6.847 6.860 6.872 6.885 6.897 6.910 6.922 6.934
5.923 5.941 5.959 5.976 5.994 6.011 6.027 6.043 6.059 6.074 6.089 6.104 6.119 6.134 6.149 6.163 6.178 6.194 6.209 6.224 6.240 6.255 6.271 6.285 6.299 6.313 6.327 6.341 6.355 6.369 6.382 6.395 6.408 6.421 6.434 6.446 6.459 6.472 6.485 6.498 6.512 6.526 6.540 6.554 6.568 6.583 6.596 6.609 6.622 6.635 6.648 6.660 6.672 6.684 6.695 6.706 6.717 6.728 6.738 6.749 6.760 6.771 6.782 6.794 6.807 6.819 6.833 6.846 6.860 6.873 6.885 6.898 6.910 6.923 6.936 6.948
5.928 5.946 5.964 5.983 6.000 6.018 6.035 6.051 6.067 6.083 6.098 6.113 6.128 6.142 6.157 6.171 6.186 6.201 6.216 6.231 6.246 6.262 6.277 6.291 6.305 6.319 6.334 6.348 6.362 6.375 6.389 6.402 6.415 6.428 6.441 6.453 6.466 6.479 6.492 6.505 6.518 6.532 6.546 6.560 6.575 6.589 6.603 6.616 6.629 6.643 6.656 6.669 6.682 6.694 6.706 6.717 6.729 6.740 6.750 6.761 6.772 6.783 6.795 6.807 6.820 6.832 6.846 6.859 6.873 6.886 6.899 6.911 6.924 6.937 6.949 6.962
5.933 5.951 5.969 5.988 6.006 6.024 6.041 6.058 6.074 6.090 6.106 6.121 6.136 6.150 6.165 6.179 6.194 6.209 6.223 6.238 6.253 6.268 6.283 6.298 6.311 6.326 6.340 6.354 6.368 6.382 6.395 6.409 6.422 6.434 6.447 6.460 6.473 6.485 6.498 6.511 6.525 6.538 6.552 6.566 6.581 6.595 6.609 6.623 6.636 6.650 6.664 6.677 6.691 6.703 6.716 6.728 6.740 6.751 6.762 6.773 6.785 6.796 6.808 6.820 6.832 6.845 6.859 6.872 6.886 6.899 6.912 6.925 6.938 6.951 6.964 6.976
5.937 5.955 5.974 5.993 6.011 6.029 6.047 6.064 6.081 6.097 6.113 6.128 6.143 6.158 6.173 6.187 6.202 6.216 6.231 6.246 6.260 6.275 6.290 6.304 6.318 6.332 6.346 6.360 6.374 6.388 6.402 6.415 6.428 6.441 6.454 6.466 6.479 6.492 6.504 6.517 6.531 6.544 6.558 6.572 6.587 6.601 6.615 6.629 6.643 6.657 6.671 6.685 6.699 6.712 6.725 6.738 6.750 6.762 6.774 6.785 6.797 6.809 6.821 6.833 6.845 6.858 6.872 6.885 6.899 6.913 6.926 6.939 6.952 6.965 6.978 6.991
