TsunamiDB/out54034.asc
ncols          264
nrows          230
xllcorner      497853.4375
yllcorner      4229146.0000
cellsize         5.
NODATA_value   -99
[rows 64 to 95 of 230, columns 144 to 215 of 264]
3.853 3.953 4.037 4.109 4.173 4.231 4.285 4.334 4.380 4.425 4.467 4.508 4.548 4.587 4.625 4.663 4.700 4.737 4.773 4.809 4.844 4.879 4.913 4.947 4.981 5.015 5.049 5.084 5.118 5.153 5.187 5.224 5.261 5.299 5.338 5.378 5.419 5.462 5.505 5.549 5.594 5.639 5.685 5.731 5.777 5.822 5.867 5.911 5.953 5.993 6.031 6.066 6.096 6.123 6.148 6.171 6.191 6.210 6.230 6.251 6.274 6.300 6.329 6.362 6.399 6.439 6.481 6.526 6.572 6.618 6.664 6.710
3.902 3.995 4.074 4.143 4.205 4.261 4.313 4.361 4.407 4.450 4.492 4.532 4.571 4.609 4.647 4.684 4.720 4.756 4.791 4.826 4.860 4.893 4.926 4.959 4.991 5.023 5.056 5.088 5.120 5.152 5.185 5.219 5.254 5.290 5.327 5.365 5.404 5.444 5.486 5.528 5.571 5.616 5.660 5.706 5.751 5.797 5.842 5.886 5.929 5.971 6.010 6.047 6.081 6.111 6.139 6.165 6.188 6.210 6.231 6.253 6.276 6.301 6.330 6.362 6.397 6.436 6.478 6.522 6.568 6.615 6.663 6.710
3.947 4.034 4.110 4.176 4.236 4.291 4.342 4.388 4.433 4.476 4.517 4.556 4.595 4.632 4.669 4.705 4.741 4.776 4.810 4.844 4.877 4.909 4.941 4.972 5.003 5.034 5.064 5.095 5.125 5.155 5.185 5.217 5.250 5.283 5.318 5.353 5.390 5.428 5.468 5.508 5.550 5.592 5.636 5.680 5.725 5.770 5.814 5.859 5.902 5.944 5.985 6.024 6.059 6.092 6.123 6.151 6.178 6.202 6.226 6.249 6.273 6.299 6.327 6.358 6.393 6.431 6.472 6.516 6.562 6.610 6.658 6.707
3.989 4.072 4.143 4.208 4.266 4.320 4.369 4.415 4.459 4.501 4.542 4.581 4.619 4.656 4.692 4.728 4.763 4.797 4.830 4.863 4.895 4.926 4.957 4.987 5.017 5.046 5.075 5.104 5.133 5.161 5.189 5.218 5.248 5.279 5.311 5.344 5.378 5.414 5.451 5.489 5.529 5.570 5.612 5.655 5.698 5.742 5.786 5.830 5.873 5.915 5.956 5.996 6.033 6.067 6.100 6.131 6.160 6.187 6.214 6.239 6.265 6.292 6.320 6.351 6.385 6.422 6.462 6.506 6.552 6.600 6.649 6.699
4.028 4.106 4.176 4.238 4.295 4.348 4.396 4.441 4.485 4.527 4.567 4.606 4.643 4.680 4.716 4.751 4.785 4.819 4.851 4.883 4.914 4.945 4.975 5.004 5.033 5.061 5.089 5.116 5.143 5.169 5.195 5.223 5.250 5.279 5.308 5.338 5.370 5.402 5.437 5.473 5.510 5.549 5.589 5.630 5.672 5.714 5.757 5.800 5.842 5.884 5.925 5.965 6.002 6.038 6.072 6.105 6.136 6.166 6.194 6.222 6.249 6.278 6.307 6.338 6.372 6.408 6.448 6.491 6.536 6.584 6.634 6.684
4.065 4.139 4.206 4.267 4.323 4.375 4.422 4.467 4.511 4.552 4.592 4.630 4.668 4.704 4.740 4.774 4.808 4.841 4.873 4.904 4.935 4.965 4.994 5.022 5.050 5.078 5.105 5.131 5.157 5.181 5.205 5.230 5.256 5.281 5.308 5.335 5.364 5.394 5.426 5.459 5.494 5.530 5.568 5.607 5.647 5.687 5.729 5.770 5.811 5.852 5.893 5.932 5.970 6.005 6.040 6.074 6.107 6.138 6.168 6.198 6.227 6.257 6.287 6.318 6.352 6.388 6.427 6.469 6.514 6.561 6.611 6.661
4.098 4.170 4.234 4.294 4.349 4.401 4.448 4.493 4.536 4.577 4.617 4.656 4.693 4.729 4.764 4.798 4.832 4.864 4.895 4.926 4.956 4.985 5.014 5.042 5.069 5.096 5.122 5.147 5.172 5.195 5.218 5.242 5.265 5.288 5.312 5.337 5.363 5.390 5.418 5.448 5.480 5.514 5.549 5.586 5.623 5.662 5.701 5.741 5.781 5.821 5.860 5.899 5.936 5.971 6.006 6.040 6.073 6.106 6.137 6.168 6.199 6.229 6.260 6.292 6.325 6.361 6.399 6.440 6.484 6.530 6.579 6.629
4.129 4.198 4.261 4.320 4.374 4.425 4.472 4.517 4.561 4.602 4.642 4.681 4.718 4.754 4.789 4.823 4.855 4.887 4.918 4.948 4.978 5.007 5.035 5.062 5.089 5.116 5.141 5.166 5.190 5.212 5.234 5.256 5.278 5.299 5.321 5.343 5.366 5.390 5.415 5.442 5.471 5.502 5.534 5.568 5.603 5.640 5.677 5.715 5.753 5.791 5.829 5.866 5.902 5.937 5.972 6.006 6.039 6.072 6.104 6.135 6.166 6.197 6.229 6.261 6.294 6.328 6.365 6.405 6.447 6.492 6.540 6.589
4.158 4.225 4.286 4.344 4.398 4.449 4.496 4.541 4.585 4.627 4.667 4.705 4.743 4.779 4.813 4.847 4.879 4.910 4.941 4.971 5.000 5.028 5.056 5.084 5.110 5.136 5.161 5.186 5.209 5.231 5.252 5.273 5.294 5.314 5.334 5.353 5.374 5.395 5.417 5.441 5.467 5.494 5.523 5.554 5.587 5.621 5.656 5.692 5.728 5.764 5.801 5.837 5.871 5.905 5.939 5.973 6.006 6.038 6.070 6.102 6.133 6.164 6.196 6.227 6.260 6.293 6.329 6.367 6.407 6.450 6.496 6.545
4.185 4.249 4.309 4.366 4.420 4.471 4.518 4.564 4.608 4.650 4.691 4.730 4.767 4.803 4.838 4.871 4.903 4.934 4.964 4.994 5.022 5.051 5.078 5.105 5.131 5.157 5.182 5.206 5.230 5.252 5.272 5.293 5.313 5.332 5.350 5.368 5.387 5.405 5.425 5.445 5.468 5.492 5.518 5.546 5.575 5.607 5.639 5.673 5.707 5.742 5.777 5.811 5.845 5.877 5.911 5.944 5.976 6.008 6.040 6.071 6.102 6.133 6.164 6.196 6.227 6.260 6.294 6.330 6.369 6.410 6.454 6.502
4.210 4.272 4.331 4.387 4.440 4.491 4.539 4.585 4.630 4.674 4.715 4.754 4.792 4.828 4.862 4.895 4.927 4.957 4.987 5.017 5.045 5.073 5.100 5.127 5.153 5.179 5.204 5.228 5.251 5.273 5.294 5.314 5.334 5.352 5.370 5.387 5.404 5.421 5.438 5.456 5.475 5.496 5.518 5.543 5.570 5.598 5.628 5.659 5.692 5.724 5.757 5.791 5.823 5.855 5.887 5.920 5.952 5.983 6.015 6.046 6.077 6.108 6.139 6.169 6.200 6.232 6.265 6.299 6.336 6.376 6.418 6.464
4.233 4.293 4.351 4.406 4.460 4.511 4.559 4.606 4.652 4.696 4.738 4.777 4.815 4.851 4.886 4.919 4.950 4.981 5.011 5.040 5.068 5.095 5.122 5.149 5.175 5.200 5.225 5.250 5.273 5.295 5.316 5.337 5.356 5.375 5.392 5.409 5.425 5.440 5.456 5.471 5.488 5.506 5.525 5.547 5.570 5.595 5.623 5.651 5.681 5.712 5.744 5.776 5.807 5.838 5.870 5.902 5.933 5.965 5.996 6.027 6.058 6.089 6.120 6.150 6.181 6.212 6.244 6.277 6.312 6.350 6.391 6.435
4.255 4.313 4.370 4.425 4.478 4.529 4.578 4.626 4.673 4.717 4.759 4.800 4.838 4.874 4.909 4.942 4.973 5.004 5.034 5.063 5.091 5.118 5.145 5.171 5.197 5.222 5.247 5.271 5.295 5.317 5.339 5.360 5.380 5.399 5.417 5.433 5.449 5.464 5.478 5.492 5.507 5.522 5.539 5.557 5.577 5.599 5.624 5.650 5.677 5.706 5.736 5.766 5.796 5.827 5.858 5.890 5.921 5.953 5.985 6.016 6.047 6.078 6.109 6.139 6.169 6.200 6.231 6.264 6.298 6.334 6.374 6.416
4.276 4.333 4.388 4.442 4.495 4.547 4.596 4.645 4.692 4.737 4.780 4.820 4.859 4.896 4.931 4.964 4.996 5.027 5.057 5.085 5.113 5.140 5.167 5.193 5.219 5.244 5.269 5.293 5.317 5.339 5.361 5.383 5.404 5.423 5.442 5.459 5.475 5.490 5.504 5.518 5.531 5.544 5.558 5.574 5.591 5.610 5.631 5.654 5.679 5.706 5.734 5.762 5.791 5.821 5.852 5.884 5.915 5.947 5.979 6.011 6.042 6.073 6.104 6.135 6.165 6.196 6.227 6.259 6.292 6.327 6.365 6.406
4.296 4.352 4.406 4.459 4.512 4.564 4.614 4.662 4.710 4.755 4.799 4.840 4.879 4.917 4.952 4.986 5.019 5.050 5.079 5.108 5.136 5.163 5.189 5.215 5.240 5.265 5.290 5.314 5.338 5.361 5.383 5.405 5.427 5.447 5.467 5.485 5.502 5.518 5.533 5.546 5.559 5.571 5.583 5.596 5.611 5.627 5.645 5.665 5.687 5.711 5.737 5.763 5.791 5.821 5.851 5.882 5.914 5.946 5.979 6.011 6.043 6.075 6.106 6.137 6.168 6.198 6.229 6.260 6.293 6.327 6.364 6.404
4.316 4.370 4.424 4.477 4.529 4.580 4.630 4.679 4.726 4.772 4.816 4.858 4.898 4.936 4.972 5.007 5.040 5.071 5.101 5.130 5.158 5.185 5.211 5.237 5.262 5.287 5.311 5.335 5.359 5.382 5.405 5.427 5.450 5.471 5.492 5.511 5.529 5.546 5.562 5.576 5.589 5.601 5.612 5.624 5.636 5.649 5.664 5.681 5.700 5.721 5.745 5.769 5.796 5.824 5.854 5.885 5.917 5.949 5.982 6.015 6.048 6.080 6.112 6.143 6.174 6.205 6.236 6.267 6.299 6.332 6.368 6.407
4.337 4.389 4.442 4.494 4.545 4.596 4.646 4.694 4.741 4.787 4.832 4.874 4.915 4.954 4.991 5.027 5.060 5.092 5.123 5.152 5.180 5.207 5.233 5.258 5.283 5.308 5.332 5.356 5.380 5.402 5.426 5.449 5.472 5.494 5.515 5.536 5.556 5.574 5.591 5.606 5.620 5.632 5.644 5.655 5.665 5.676 5.689 5.703 5.719 5.737 5.758 5.780 5.804 5.831 5.861 5.891 5.923 5.956 5.989 6.022 6.056 6.089 6.121 6.153 6.184 6.215 6.246 6.277 6.308 6.341 6.376 6.414
4.357 4.409 4.460 4.511 4.562 4.612 4.660 4.708 4.755 4.801 4.846 4.889 4.931 4.971 5.009 5.045 5.079 5.112 5.143 5.173 5.201 5.228 5.254 5.280 5.305 5.329 5.353 5.377 5.400 5.422 5.446 5.469 5.493 5.516 5.538 5.560 5.581 5.600 5.619 5.636 5.651 5.664 5.676 5.687 5.697 5.707 5.717 5.729 5.742 5.757 5.775 5.795 5.817 5.842 5.870 5.900 5.932 5.965 5.998 6.032 6.066 6.100 6.133 6.165 6.197 6.228 6.259 6.290 6.321 6.353 6.387 6.424
4.379 4.429 4.480 4.529 4.579 4.627 4.675 4.722 4.768 4.814 4.859 4.903 4.945 4.986 5.025 5.062 5.097 5.131 5.163 5.193 5.222 5.249 5.276 5.301 5.326 5.350 5.374 5.397 5.420 5.442 5.466 5.489 5.513 5.536 5.559 5.582 5.604 5.625 5.645 5.664 5.681 5.696 5.709 5.720 5.731 5.740 5.749 5.758 5.769 5.782 5.796 5.813 5.833 5.856 5.883 5.912 5.943 5.976 6.009 6.044 6.078 6.112 6.146 6.179 6.211 6.243 6.274 6.305 6.336 6.368 6.401 6.437
4.401 4.450 4.499 4.548 4.596 4.643 4.689 4.735 4.781 4.826 4.871 4.915 4.958 4.999 5.039 5.077 5.113 5.148 5.181 5.212 5.241 5.269 5.296 5.322 5.346 5.371 5.394 5.417 5.440 5.462 5.485 5.509 5.532 5.556 5.579 5.603 5.626 5.648 5.670 5.690 5.708 5.725 5.740 5.753 5.764 5.773 5.782 5.790 5.799 5.809 5.822 5.836 5.853 5.874 5.899 5.926 5.956 5.989 6.022 6.057 6.091 6.126 6.160 6.194 6.227 6.259 6.290 6.321 6.352 6.384 6.416 6.452
4.424 4.472 4.520 4.566 4.613 4.658 4.703 4.748 4.793 4.838 4.882 4.926 4.969 5.010 5.051 5.090 5.127 5.163 5.197 5.229 5.260 5.288 5.316 5.342 5.367 5.391 5.414 5.438 5.459 5.481 5.504 5.528 5.551 5.575 5.599 5.623 5.646 5.670 5.692 5.714 5.734 5.752 5.769 5.783 5.796 5.806 5.815 5.823 5.831 5.840 5.850 5.862 5.876 5.895 5.918 5.943 5.972 6.004 6.037 6.071 6.106 6.141 6.176 6.210 6.244 6.276 6.308 6.339 6.370 6.401 6.434 6.469
4.448 4.495 4.540 4.586 4.630 4.674 4.717 4.761 4.805 4.849 4.893 4.936 4.979 5.021 5.062 5.101 5.140 5.176 5.211 5.245 5.276 5.306 5.334 5.361 5.387 5.411 5.435 5.458 5.479 5.501 5.523 5.546 5.569 5.593 5.617 5.641 5.665 5.689 5.713 5.735 5.757 5.777 5.795 5.811 5.825 5.837 5.847 5.856 5.864 5.872 5.881 5.891 5.903 5.919 5.940 5.964 5.991 6.021 6.053 6.087 6.122 6.158 6.193 6.228 6.262 6.295 6.327 6.358 6.390 6.421 6.453 6.488
4.472 4.517 4.562 4.605 4.648 4.690 4.732 4.775 4.818 4.861 4.903 4.946 4.988 5.030 5.071 5.111 5.150 5.188 5.224 5.258 5.291 5.322 5.351 5.379 5.405 5.430 5.454 5.477 5.499 5.520 5.543 5.565 5.588 5.611 5.635 5.659 5.683 5.707 5.731 5.755 5.777 5.799 5.818 5.836 5.852 5.866 5.877 5.887 5.896 5.904 5.912 5.921 5.932 5.947 5.965 5.987 6.012 6.041 6.072 6.105 6.140 6.175 6.211 6.246 6.281 6.314 6.347 6.379 6.411 6.442 6.474 6.508
4.497 4.540 4.583 4.625 4.667 4.707 4.748 4.789 4.831 4.872 4.914 4.955 4.997 5.038 5.079 5.119 5.159 5.197 5.234 5.270 5.304 5.336 5.367 5.396 5.423 5.449 5.473 5.497 5.519 5.540 5.562 5.584 5.606 5.629 5.652 5.676 5.700 5.724 5.748 5.772 5.796 5.818 5.839 5.858 5.876 5.891 5.905 5.916 5.926 5.935 5.944 5.953 5.963 5.976 5.993 6.013 6.036 6.063 6.093 6.125 6.159 6.195 6.230 6.266 6.301 6.335 6.368 6.401 6.433 6.464 6.496 6.531
4.521 4.564 4.605 4.646 4.686 4.725 4.765 4.805 4.845 4.885 4.925 4.965 5.006 5.046 5.086 5.126 5.166 5.205 5.242 5.279 5.314 5.348 5.380 5.410 5.439 5.466 5.491 5.515 5.538 5.559 5.581 5.602 5.624 5.646 5.669 5.692 5.716 5.740 5.764 5.788 5.812 5.835 5.857 5.878 5.896 5.914 5.929 5.942 5.954 5.965 5.975 5.985 5.995 6.008 6.023 6.041 6.063 6.088 6.116 6.147 6.180 6.215 6.251 6.287 6.322 6.357 6.391 6.424 6.456 6.488 6.520 6.556
4.547 4.588 4.628 4.668 4.707 4.744 4.782 4.821 4.859 4.898 4.936 4.975 5.015 5.054 5.093 5.133 5.172 5.211 5.249 5.286 5.322 5.357 5.390 5.422 5.452 5.480 5.507 5.533 5.555 5.577 5.599 5.621 5.642 5.664 5.686 5.708 5.731 5.755 5.779 5.803 5.827 5.850 5.873 5.894 5.914 5.933 5.950 5.966 5.980 5.993 6.005 6.016 6.027 6.040 6.054 6.071 6.092 6.115 6.142 6.171 6.204 6.238 6.273 6.309 6.345 6.380 6.414 6.448 6.481 6.513 6.546 6.582
4.572 4.612 4.651 4.690 4.727 4.764 4.800 4.837 4.874 4.912 4.949 4.986 5.024 5.062 5.101 5.139 5.178 5.216 5.254 5.291 5.328 5.364 5.398 5.431 5.463 5.493 5.521 5.548 5.572 5.594 5.617 5.638 5.660 5.681 5.702 5.724 5.746 5.769 5.792 5.816 5.840 5.863 5.886 5.908 5.930 5.950 5.969 5.986 6.003 6.018 6.032 6.045 6.058 6.071 6.086 6.103 6.122 6.144 6.169 6.197 6.228 6.262 6.296 6.332 6.368 6.404 6.439 6.473 6.507 6.540 6.573 6.609
4.597 4.637 4.675 4.712 4.749 4.784 4.819 4.855 4.891 4.927 4.962 4.998 5.035 5.071 5.108 5.146 5.183 5.221 5.258 5.295 5.332 5.368 5.404 5.438 5.471 5.502 5.532 5.560 5.586 5.609 5.633 5.655 5.676 5.697 5.718 5.739 5.760 5.782 5.805 5.828 5.851 5.874 5.898 5.920 5.943 5.964 5.985 6.004 6.023 6.040 6.057 6.072 6.087 6.102 6.117 6.134 6.153 6.174 6.198 6.225 6.255 6.287 6.321 6.357 6.393 6.429 6.465 6.499 6.534 6.567 6.600 6.635
4.623 4.662 4.699 4.735 4.771 4.805 4.839 4.874 4.908 4.943 4.977 5.012 5.046 5.082 5.117 5.153 5.189 5.226 5.262 5.299 5.336 5.372 5.407 5.442 5.476 5.509 5.540 5.570 5.597 5.622 5.646 5.670 5.691 5.712 5.733 5.753 5.774 5.795 5.816 5.839 5.861 5.884 5.907 5.930 5.953 5.976 5.998 6.019 6.040 6.060 6.079 6.096 6.113 6.130 6.147 6.165 6.184 6.204 6.228 6.253 6.282 6.314 6.347 6.382 6.418 6.455 6.491 6.526 6.560 6.593 6.625 6.659
4.649 4.687 4.723 4.759 4.794 4.827 4.860 4.894 4.927 4.960 4.993 5.026 5.059 5.093 5.127 5.161 5.196 5.231 5.267 5.303 5.339 5.375 5.410 5.445 5.480 5.513 5.545 5.576 5.605 5.632 5.658 5.682 5.705 5.726 5.747 5.767 5.786 5.807 5.827 5.848 5.870 5.892 5.915 5.938 5.962 5.985 6.009 6.032 6.055 6.077 6.098 6.118 6.137 6.156 6.175 6.194 6.214 6.234 6.257 6.282 6.310 6.341 6.374 6.408 6.444 6.481 6.517 6.552 6.587 6.619 6.650 6.683
4.675 4.712 4.748 4.783 4.817 4.849 4.881 4.914 4.946 4.978 5.010 5.041 5.073 5.106 5.138 5.171 5.205 5.238 5.273 5.307 5.342 5.377 5.412 5.447 5.482 5.516 5.549 5.581 5.611 5.639 5.666 5.692 5.715 5.738 5.758 5.778 5.798 5.817 5.837 5.857 5.878 5.899 5.922 5.945 5.969 5.993 6.017 6.042 6.067 6.091 6.115 6.137 6.158 6.180 6.201 6.221 6.242 6.263 6.286 6.311 6.338 6.368 6.400 6.434 6.470 6.507 6.543 6.578 6.612 6.644 6.674 6.707
4.701 4.737 4.773 4.807 4.841 4.872 4.903 4.935 4.966 4.997 5.027 5.058 5.089 5.120 5.151 5.182 5.214 5.247 5.280 5.313 5.347 5.381 5.415 5.450 5.484 5.518 5.551 5.584 5.615 5.644 5.672 5.699 5.724 5.747 5.769 5.789 5.808 5.827 5.846 5.865 5.885 5.906 5.927 5.950 5.974 5.999 6.024 6.050 6.077 6.103 6.128 6.152 6.176 6.200 6.223 6.245 6.267 6.289 6.313 6.337 6.365 6.394 6.426 6.460 6.496 6.532 6.568 6.603 6.637 6.668 6.698 6.730
