TsunamiDB/out54070.asc
ncols          264
nrows          230
xllcorner      497853.4375
yllcorner      4229146.0000
cellsize         5.
NODATA_value   -99
[rows 34 to 67 of 230, columns 150 to 224 of 264]
5.767 5.786 5.803 5.820 5.838 5.856 5.874 5.893 5.911 5.929 5.947 5.964 5.982 5.999 6.016 6.032 6.048 6.063 6.077 6.091 6.104 6.116 6.128 6.139 6.150 6.160 6.168 6.178 6.187 6.197 6.207 6.217 6.228 6.239 6.250 6.261 6.273 6.285 6.297 6.309 6.321 6.333 6.345 6.357 6.369 6.381 6.393 6.405 6.417 6.429 6.441 6.454 6.467 6.481 6.495 6.509 6.523 6.536 6.550 6.564 6.577 6.589 6.601 6.612 6.622 6.631 6.639 6.647 6.654 6.661 6.667 6.673 6.680 6.688 6.698
5.773 5.792 5.809 5.826 5.843 5.861 5.879 5.897 5.915 5.933 5.951 5.968 5.986 6.003 6.020 6.037 6.053 6.069 6.084 6.098 6.112 6.125 6.137 6.149 6.160 6.170 6.179 6.189 6.198 6.208 6.217 6.227 6.237 6.248 6.258 6.269 6.280 6.291 6.303 6.314 6.326 6.337 6.349 6.361 6.373 6.385 6.397 6.409 6.421 6.432 6.445 6.457 6.471 6.484 6.498 6.512 6.526 6.541 6.554 6.568 6.582 6.594 6.607 6.618 6.628 6.638 6.647 6.654 6.661 6.668 6.674 6.680 6.685 6.692 6.702
5.780 5.798 5.815 5.832 5.849 5.866 5.884 5.902 5.919 5.937 5.954 5.972 5.990 6.007 6.024 6.041 6.058 6.074 6.089 6.104 6.119 6.132 6.145 6.158 6.170 6.180 6.189 6.199 6.209 6.218 6.228 6.237 6.247 6.257 6.267 6.277 6.287 6.298 6.309 6.320 6.331 6.342 6.354 6.365 6.377 6.389 6.401 6.413 6.424 6.436 6.448 6.461 6.474 6.488 6.502 6.516 6.530 6.544 6.558 6.572 6.586 6.599 6.612 6.624 6.634 6.644 6.653 6.662 6.669 6.675 6.681 6.686 6.691 6.698 6.706
5.787 5.805 5.822 5.838 5.855 5.872 5.889 5.907 5.924 5.941 5.958 5.976 5.993 6.010 6.028 6.045 6.061 6.078 6.094 6.109 6.124 6.139 6.152 6.165 6.178 6.189 6.199 6.209 6.218 6.228 6.237 6.247 6.256 6.266 6.275 6.285 6.295 6.305 6.316 6.326 6.337 6.348 6.359 6.370 6.382 6.393 6.405 6.417 6.428 6.439 6.451 6.464 6.477 6.491 6.505 6.519 6.533 6.548 6.562 6.576 6.590 6.604 6.616 6.629 6.640 6.650 6.660 6.668 6.676 6.682 6.688 6.693 6.697 6.703 6.711
5.794 5.812 5.828 5.845 5.861 5.878 5.895 5.912 5.929 5.946 5.963 5.980 5.997 6.014 6.031 6.048 6.065 6.081 6.097 6.113 6.129 6.144 6.158 6.172 6.185 6.196 6.207 6.217 6.227 6.237 6.247 6.256 6.266 6.275 6.284 6.294 6.303 6.313 6.323 6.333 6.343 6.354 6.365 6.376 6.387 6.398 6.409 6.421 6.432 6.443 6.455 6.467 6.480 6.494 6.508 6.522 6.536 6.551 6.565 6.580 6.594 6.608 6.621 6.633 6.645 6.656 6.666 6.675 6.683 6.689 6.696 6.700 6.704 6.710 6.718
5.800 5.818 5.835 5.851 5.868 5.885 5.901 5.918 5.934 5.951 5.967 5.984 6.000 6.017 6.034 6.051 6.067 6.084 6.100 6.117 6.132 6.148 6.162 6.177 6.190 6.202 6.213 6.224 6.235 6.245 6.255 6.265 6.274 6.284 6.293 6.302 6.311 6.321 6.330 6.340 6.350 6.360 6.371 6.381 6.392 6.403 6.414 6.425 6.436 6.447 6.458 6.471 6.484 6.497 6.511 6.525 6.539 6.554 6.568 6.583 6.597 6.611 6.625 6.638 6.650 6.661 6.672 6.681 6.690 6.697 6.703 6.707 6.712 6.718 6.725
5.806 5.825 5.841 5.858 5.874 5.891 5.907 5.924 5.940 5.956 5.972 5.988 6.004 6.021 6.037 6.054 6.070 6.087 6.103 6.119 6.135 6.151 6.166 6.181 6.195 6.207 6.219 6.230 6.242 6.252 6.263 6.273 6.282 6.292 6.301 6.310 6.319 6.329 6.338 6.347 6.357 6.367 6.377 6.387 6.398 6.408 6.419 6.430 6.440 6.451 6.462 6.474 6.487 6.500 6.514 6.528 6.542 6.556 6.571 6.586 6.600 6.615 6.629 6.642 6.655 6.667 6.678 6.688 6.697 6.705 6.711 6.716 6.721 6.727 6.734
5.812 5.830 5.848 5.864 5.881 5.897 5.914 5.930 5.946 5.962 5.977 5.993 6.009 6.025 6.041 6.057 6.073 6.089 6.105 6.121 6.137 6.153 6.169 6.184 6.198 6.211 6.223 6.235 6.247 6.258 6.269 6.280 6.290 6.299 6.309 6.318 6.327 6.336 6.346 6.355 6.364 6.374 6.384 6.393 6.404 6.414 6.425 6.435 6.445 6.455 6.466 6.478 6.490 6.503 6.517 6.531 6.545 6.559 6.574 6.589 6.604 6.618 6.632 6.646 6.660 6.672 6.684 6.695 6.704 6.713 6.720 6.726 6.731 6.737 6.745
5.817 5.836 5.853 5.870 5.887 5.903 5.920 5.936 5.952 5.967 5.983 5.998 6.014 6.029 6.044 6.060 6.076 6.092 6.107 6.123 6.139 6.155 6.171 6.186 6.200 6.214 6.226 6.239 6.252 6.263 6.275 6.286 6.296 6.306 6.316 6.325 6.334 6.344 6.353 6.362 6.371 6.381 6.390 6.400 6.410 6.420 6.431 6.441 6.450 6.460 6.471 6.482 6.494 6.507 6.520 6.534 6.548 6.562 6.577 6.592 6.607 6.622 6.637 6.651 6.665 6.678 6.690 6.702 6.713 6.722 6.730 6.736 6.743 6.749 6.756
5.822 5.841 5.858 5.875 5.892 5.909 5.926 5.942 5.958 5.973 5.989 6.004 6.019 6.034 6.049 6.064 6.079 6.094 6.110 6.125 6.141 6.157 6.172 6.187 6.202 6.216 6.229 6.242 6.255 6.267 6.279 6.291 6.301 6.312 6.322 6.332 6.341 6.351 6.360 6.369 6.379 6.388 6.397 6.407 6.417 6.427 6.437 6.446 6.455 6.465 6.476 6.487 6.499 6.511 6.524 6.537 6.551 6.566 6.580 6.595 6.611 6.626 6.641 6.656 6.670 6.684 6.698 6.710 6.721 6.732 6.741 6.748 6.755 6.761 6.768
5.827 5.845 5.863 5.880 5.897 5.915 5.931 5.948 5.964 5.979 5.994 6.009 6.024 6.039 6.053 6.068 6.083 6.098 6.113 6.128 6.143 6.158 6.174 6.189 6.204 6.217 6.231 6.244 6.257 6.270 6.283 6.295 6.306 6.317 6.327 6.337 6.347 6.357 6.367 6.376 6.386 6.395 6.404 6.414 6.424 6.433 6.443 6.452 6.461 6.471 6.481 6.492 6.504 6.516 6.528 6.541 6.555 6.570 6.584 6.600 6.615 6.631 6.646 6.662 6.677 6.691 6.705 6.719 6.731 6.743 6.752 6.760 6.767 6.774 6.781
5.831 5.849 5.867 5.885 5.902 5.919 5.936 5.953 5.969 5.985 6.000 6.015 6.030 6.044 6.058 6.073 6.087 6.101 6.116 6.131 6.145 6.160 6.176 6.191 6.205 6.218 6.232 6.246 6.259 6.273 6.285 6.298 6.310 6.321 6.332 6.343 6.353 6.363 6.373 6.383 6.392 6.402 6.411 6.421 6.431 6.440 6.450 6.459 6.468 6.477 6.487 6.498 6.509 6.521 6.533 6.547 6.560 6.574 6.589 6.605 6.620 6.636 6.652 6.668 6.684 6.699 6.714 6.728 6.741 6.754 6.764 6.773 6.781 6.788 6.795
5.834 5.853 5.871 5.889 5.906 5.924 5.941 5.958 5.974 5.990 6.006 6.021 6.035 6.050 6.064 6.078 6.092 6.106 6.120 6.134 6.148 6.163 6.178 6.193 6.206 6.220 6.233 6.247 6.261 6.275 6.288 6.300 6.313 6.325 6.336 6.347 6.358 6.368 6.379 6.389 6.399 6.409 6.418 6.428 6.438 6.448 6.458 6.467 6.475 6.485 6.495 6.505 6.516 6.528 6.540 6.553 6.566 6.580 6.595 6.610 6.626 6.642 6.659 6.675 6.692 6.708 6.724 6.739 6.753 6.766 6.777 6.787 6.795 6.803 6.809
5.838 5.857 5.875 5.892 5.910 5.928 5.946 5.963 5.979 5.995 6.011 6.026 6.041 6.055 6.069 6.083 6.097 6.111 6.124 6.138 6.152 6.166 6.180 6.195 6.208 6.221 6.235 6.249 6.263 6.276 6.290 6.303 6.316 6.328 6.340 6.351 6.363 6.373 6.384 6.395 6.405 6.415 6.425 6.435 6.445 6.455 6.466 6.475 6.483 6.493 6.503 6.513 6.524 6.535 6.547 6.560 6.573 6.587 6.602 6.618 6.634 6.650 6.667 6.684 6.701 6.718 6.734 6.750 6.765 6.779 6.791 6.801 6.811 6.818 6.825
5.841 5.860 5.878 5.896 5.914 5.932 5.950 5.967 5.984 6.000 6.016 6.032 6.046 6.061 6.075 6.089 6.103 6.116 6.129 6.143 6.156 6.170 6.184 6.198 6.211 6.224 6.237 6.251 6.265 6.279 6.292 6.306 6.318 6.331 6.343 6.355 6.367 6.378 6.389 6.400 6.411 6.422 6.432 6.443 6.453 6.464 6.474 6.483 6.492 6.502 6.512 6.522 6.533 6.544 6.556 6.568 6.582 6.596 6.610 6.626 6.642 6.659 6.676 6.693 6.711 6.728 6.746 6.762 6.778 6.793 6.806 6.817 6.827 6.835 6.842
5.845 5.864 5.881 5.900 5.918 5.936 5.954 5.971 5.988 6.005 6.021 6.037 6.052 6.067 6.081 6.095 6.109 6.122 6.135 6.148 6.161 6.175 6.188 6.202 6.215 6.227 6.240 6.254 6.268 6.281 6.295 6.309 6.322 6.335 6.347 6.360 6.372 6.383 6.395 6.406 6.417 6.429 6.440 6.451 6.461 6.472 6.483 6.493 6.502 6.512 6.522 6.532 6.543 6.554 6.566 6.578 6.592 6.605 6.620 6.636 6.652 6.669 6.686 6.704 6.722 6.740 6.758 6.775 6.792 6.808 6.822 6.833 6.844 6.853 6.861
5.849 5.867 5.885 5.903 5.922 5.940 5.958 5.976 5.993 6.010 6.026 6.042 6.058 6.073 6.087 6.101 6.115 6.128 6.141 6.154 6.167 6.180 6.194 6.207 6.220 6.232 6.245 6.258 6.272 6.285 6.299 6.312 6.326 6.339 6.351 6.364 6.376 6.389 6.401 6.412 6.424 6.436 6.447 6.459 6.470 6.481 6.493 6.503 6.513 6.523 6.533 6.544 6.555 6.566 6.578 6.590 6.603 6.617 6.631 6.647 6.663 6.680 6.698 6.716 6.735 6.753 6.772 6.790 6.807 6.824 6.838 6.851 6.863 6.873 6.881
5.854 5.872 5.889 5.907 5.926 5.944 5.962 5.980 5.998 6.015 6.031 6.048 6.063 6.079 6.093 6.108 6.121 6.135 6.148 6.161 6.174 6.187 6.200 6.213 6.225 6.237 6.250 6.263 6.276 6.290 6.303 6.317 6.330 6.343 6.356 6.369 6.382 6.394 6.407 6.419 6.431 6.443 6.455 6.467 6.479 6.491 6.503 6.514 6.524 6.534 6.545 6.556 6.567 6.579 6.591 6.603 6.616 6.630 6.644 6.659 6.676 6.693 6.711 6.729 6.748 6.767 6.786 6.805 6.823 6.841 6.856 6.870 6.883 6.894 6.904
5.859 5.877 5.894 5.912 5.930 5.949 5.967 5.985 6.002 6.020 6.037 6.053 6.069 6.085 6.100 6.114 6.128 6.142 6.156 6.169 6.182 6.195 6.207 6.220 6.232 6.244 6.257 6.269 6.283 6.296 6.309 6.323 6.336 6.349 6.362 6.375 6.388 6.401 6.414 6.426 6.439 6.451 6.464 6.476 6.489 6.501 6.513 6.525 6.536 6.547 6.558 6.570 6.581 6.593 6.605 6.617 6.630 6.644 6.658 6.674 6.690 6.707 6.725 6.744 6.763 6.782 6.802 6.821 6.841 6.859 6.876 6.891 6.905 6.917 6.928
5.865 5.883 5.900 5.917 5.936 5.954 5.972 5.990 6.008 6.025 6.042 6.059 6.075 6.091 6.106 6.121 6.136 6.150 6.164 6.177 6.190 6.203 6.216 6.229 6.241 6.252 6.264 6.277 6.290 6.303 6.316 6.330 6.343 6.356 6.369 6.382 6.395 6.408 6.421 6.434 6.447 6.460 6.473 6.486 6.499 6.512 6.525 6.537 6.548 6.560 6.572 6.584 6.596 6.608 6.620 6.633 6.646 6.659 6.674 6.689 6.705 6.722 6.740 6.759 6.779 6.799 6.819 6.839 6.859 6.879 6.896 6.913 6.928 6.941 6.953
5.873 5.889 5.906 5.924 5.941 5.960 5.978 5.996 6.013 6.031 6.048 6.065 6.082 6.098 6.113 6.129 6.144 6.158 6.172 6.185 6.199 6.212 6.225 6.238 6.250 6.261 6.273 6.286 6.298 6.311 6.324 6.338 6.351 6.364 6.377 6.391 6.404 6.417 6.430 6.443 6.456 6.469 6.483 6.496 6.509 6.523 6.537 6.549 6.561 6.574 6.586 6.599 6.612 6.624 6.637 6.650 6.663 6.676 6.691 6.706 6.722 6.739 6.757 6.776 6.796 6.816 6.837 6.858 6.879 6.900 6.918 6.936 6.952 6.966 6.979
5.881 5.897 5.914 5.931 5.948 5.966 5.984 6.002 6.020 6.037 6.055 6.072 6.089 6.105 6.121 6.137 6.152 6.166 6.181 6.195 6.208 6.221 6.234 6.247 6.259 6.271 6.283 6.295 6.308 6.321 6.334 6.347 6.360 6.373 6.387 6.400 6.413 6.426 6.439 6.453 6.466 6.480 6.493 6.507 6.521 6.535 6.549 6.562 6.575 6.588 6.601 6.615 6.628 6.641 6.654 6.667 6.681 6.694 6.709 6.724 6.740 6.757 6.775 6.794 6.814 6.835 6.856 6.878 6.900 6.921 6.941 6.960 6.977 6.993 7.006
5.891 5.907 5.922 5.939 5.956 5.973 5.991 6.009 6.027 6.044 6.062 6.079 6.096 6.113 6.129 6.145 6.160 6.175 6.190 6.204 6.218 6.232 6.245 6.258 6.270 6.282 6.294 6.306 6.319 6.332 6.345 6.358 6.371 6.384 6.397 6.410 6.423 6.437 6.450 6.464 6.477 6.491 6.505 6.519 6.533 6.547 6.562 6.576 6.589 6.603 6.617 6.631 6.645 6.658 6.672 6.686 6.699 6.713 6.728 6.743 6.759 6.776 6.794 6.813 6.833 6.855 6.877 6.899 6.922 6.944 6.964 6.984 7.003 7.019 7.033
5.903 5.917 5.932 5.948 5.965 5.982 5.999 6.017 6.034 6.052 6.069 6.087 6.104 6.121 6.137 6.153 6.169 6.185 6.200 6.214 6.228 6.242 6.256 6.269 6.281 6.293 6.305 6.318 6.330 6.343 6.356 6.369 6.382 6.395 6.408 6.422 6.435 6.448 6.462 6.475 6.489 6.503 6.517 6.531 6.546 6.561 6.575 6.590 6.603 6.618 6.632 6.647 6.662 6.676 6.690 6.704 6.719 6.733 6.748 6.763 6.779 6.796 6.814 6.834 6.854 6.876 6.898 6.921 6.945 6.967 6.989 7.010 7.029 7.046 7.059
5.915 5.929 5.944 5.959 5.975 5.991 6.008 6.025 6.043 6.060 6.078 6.095 6.112 6.129 6.146 6.162 6.179 6.194 6.210 6.225 6.239 6.253 6.267 6.281 6.293 6.305 6.318 6.330 6.343 6.356 6.369 6.382 6.395 6.408 6.421 6.434 6.447 6.461 6.474 6.488 6.502 6.516 6.530 6.544 6.559 6.574 6.590 6.604 6.618 6.633 6.648 6.664 6.679 6.694 6.709 6.724 6.738 6.753 6.768 6.784 6.800 6.817 6.835 6.855 6.875 6.897 6.920 6.944 6.968 6.991 7.014 7.035 7.056 7.073 7.086
5.930 5.943 5.956 5.971 5.986 6.002 6.018 6.035 6.052 6.069 6.087 6.104 6.121 6.138 6.155 6.172 6.188 6.204 6.220 6.235 6.250 6.265 6.279 6.293 6.306 6.318 6.330 6.343 6.356 6.369 6.382 6.395 6.408 6.421 6.434 6.447 6.461 6.474 6.488 6.501 6.515 6.529 6.543 6.558 6.573 6.589 6.604 6.618 6.633 6.649 6.665 6.681 6.696 6.712 6.728 6.743 6.759 6.774 6.789 6.805 6.822 6.839 6.857 6.877 6.898 6.920 6.943 6.967 6.992 7.016 7.039 7.061 7.082 7.100 7.114
5.945 5.958 5.970 5.984 5.999 6.014 6.030 6.046 6.062 6.079 6.096 6.114 6.131 6.148 6.165 6.182 6.198 6.215 6.231 6.246 6.262 6.277 6.291 6.305 6.318 6.331 6.344 6.357 6.370 6.383 6.396 6.409 6.422 6.435 6.448 6.462 6.475 6.488 6.502 6.516 6.529 6.543 6.558 6.573 6.588 6.604 6.619 6.633 6.649 6.665 6.681 6.698 6.714 6.730 6.747 6.763 6.779 6.795 6.811 6.827 6.844 6.861 6.880 6.900 6.920 6.943 6.966 6.991 7.016 7.041 7.064 7.087 7.109 7.127 7.141
5.962 5.974 5.986 5.999 6.012 6.027 6.042 6.058 6.074 6.090 6.107 6.124 6.141 6.158 6.175 6.192 6.209 6.226 6.242 6.258 6.273 6.289 6.304 6.318 6.331 6.344 6.357 6.370 6.384 6.397 6.410 6.423 6.436 6.450 6.463 6.476 6.490 6.503 6.517 6.531 6.544 6.559 6.573 6.588 6.603 6.619 6.634 6.649 6.664 6.681 6.698 6.715 6.732 6.749 6.766 6.782 6.799 6.816 6.832 6.849 6.866 6.884 6.903 6.922 6.944 6.966 6.990 7.014 7.040 7.065 7.089 7.113 7.135 7.153 7.168
5.981 5.991 6.002 6.014 6.027 6.041 6.056 6.071 6.086 6.102 6.119 6.135 6.152 6.169 6.186 6.203 6.220 6.237 6.253 6.270 6.285 6.301 6.316 6.331 6.345 6.358 6.371 6.384 6.398 6.411 6.425 6.438 6.451 6.465 6.478 6.492 6.505 6.519 6.532 6.546 6.560 6.574 6.589 6.604 6.619 6.634 6.650 6.665 6.681 6.697 6.714 6.732 6.749 6.767 6.785 6.802 6.819 6.837 6.854 6.871 6.888 6.907 6.926 6.946 6.967 6.989 7.013 7.038 7.064 7.090 7.114 7.138 7.161 7.180 7.195
6.000 6.010 6.020 6.031 6.044 6.057 6.070 6.085 6.099 6.115 6.131 6.147 6.164 6.181 6.198 6.215 6.231 6.248 6.265 6.281 6.298 6.314 6.329 6.344 6.358 6.371 6.385 6.399 6.413 6.426 6.440 6.453 6.467 6.480 6.494 6.507 6.521 6.535 6.548 6.562 6.576 6.591 6.605 6.620 6.635 6.651 6.666 6.681 6.697 6.714 6.731 6.749 6.767 6.785 6.804 6.822 6.840 6.857 6.875 6.893 6.911 6.929 6.949 6.969 6.990 7.013 7.037 7.062 7.088 7.114 7.139 7.164 7.187 7.207 7.221
6.021 6.030 6.039 6.050 6.061 6.073 6.086 6.100 6.114 6.129 6.144 6.160 6.176 6.193 6.209 6.226 6.243 6.260 6.277 6.294 6.310 6.326 6.343 6.358 6.371 6.385 6.399 6.413 6.427 6.441 6.455 6.469 6.482 6.496 6.510 6.523 6.537 6.551 6.565 6.579 6.593 6.607 6.622 6.637 6.652 6.668 6.683 6.698 6.714 6.731 6.749 6.767 6.785 6.804 6.822 6.841 6.860 6.878 6.896 6.915 6.933 6.952 6.971 6.992 7.013 7.036 7.060 7.085 7.111 7.137 7.163 7.188 7.212 7.232 7.247
6.043 6.051 6.060 6.069 6.080 6.091 6.103 6.116 6.129 6.143 6.158 6.173 6.189 6.205 6.222 6.239 6.255 6.272 6.289 6.306 6.323 6.339 6.356 6.371 6.385 6.399 6.413 6.428 6.442 6.456 6.470 6.484 6.498 6.512 6.526 6.540 6.554 6.568 6.582 6.596 6.610 6.624 6.639 6.654 6.669 6.685 6.700 6.716 6.732 6.749 6.766 6.785 6.803 6.822 6.841 6.861 6.880 6.899 6.918 6.936 6.955 6.974 6.994 7.014 7.036 7.059 7.083 7.108 7.134 7.161 7.187 7.212 7.237 7.257 7.273
6.067 6.074 6.081 6.090 6.100 6.110 6.122 6.133 6.146 6.159 6.173 6.188 6.203 6.219 6.235 6.251 6.268 6.285 6.302 6.319 6.336 6.352 6.369 6.384 6.398 6.413 6.428 6.442 6.457 6.471 6.485 6.500 6.514 6.528 6.542 6.556 6.570 6.584 6.598 6.613 6.627 6.642 6.656 6.671 6.687 6.703 6.718 6.733 6.749 6.766 6.784 6.803 6.822 6.841 6.860 6.880 6.899 6.919 6.938 6.958 6.977 6.996 7.016 7.037 7.058 7.081 7.105 7.130 7.157 7.183 7.209 7.236 7.260 7.282 7.297
6.092 6.098 6.104 6.112 6.121 6.131 6.141 6.152 6.164 6.176 6.189 6.203 6.218 6.233 6.249 6.265 6.281 6.298 6.315 6.332 6.349 6.365 6.382 6.397 6.412 6.427 6.442 6.457 6.472 6.486 6.501 6.515 6.529 6.544 6.558 6.572 6.587 6.601 6.615 6.630 6.645 6.659 6.674 6.689 6.705 6.721 6.736 6.751 6.768 6.785 6.802 6.821 6.840 6.859 6.879 6.899 6.919 6.939 6.959 6.978 6.998 7.018 7.038 7.059 7.080 7.103 7.127 7.152 7.179 7.205 7.232 7.258 7.283 7.305 7.320
