TsunamiDB/out54128.asc
ncols          264
nrows          230
xllcorner      497853.4375
yllcorner      4229146.0000
cellsize         5.
NODATA_value   -99
[rows 102 to 135 of 230, columns 77 to 153 of 264]
6.249 6.259 6.269 6.278 6.287 6.296 6.305 6.314 6.323 6.333 6.342 6.351 6.361 6.370 6.379 6.388 6.397 6.406 6.414 6.423 6.431 6.440 6.448 6.457 6.465 6.474 6.482 6.489 6.496 6.504 6.511 6.519 6.526 6.534 6.542 6.549 6.557 6.565 6.572 6.580 6.587 6.594 6.601 6.608 6.615 6.622 6.629 6.636 6.643 6.649 6.654 6.659 6.665 6.670 6.675 6.680 6.685 6.690 6.695 6.700 6.706 6.711 6.716 6.721 6.726 6.731 6.736 6.742 6.747 6.752 6.758 6.763 6.768 6.772 6.776 6.781 6.785
6.256 6.266 6.275 6.284 6.292 6.301 6.310 6.319 6.328 6.338 6.347 6.356 6.366 6.375 6.384 6.393 6.402 6.411 6.419 6.428 6.437 6.445 6.454 6.462 6.471 6.479 6.487 6.494 6.501 6.509 6.516 6.524 6.531 6.539 6.546 6.554 6.562 6.570 6.577 6.585 6.592 6.599 6.607 6.614 6.621 6.628 6.635 6.642 6.649 6.655 6.660 6.665 6.671 6.676 6.681 6.686 6.691 6.696 6.701 6.707 6.712 6.717 6.722 6.727 6.733 6.738 6.743 6.748 6.753 6.759 6.765 6.770 6.775 6.779 6.783 6.788 6.792
6.263 6.273 6.282 6.290 6.298 6.307 6.316 6.325 6.334 6.343 6.352 6.362 6.371 6.380 6.389 6.398 6.407 6.416 6.425 6.434 6.442 6.451 6.459 6.468 6.477 6.485 6.493 6.500 6.507 6.514 6.521 6.529 6.536 6.544 6.552 6.559 6.567 6.575 6.582 6.590 6.597 6.605 6.612 6.619 6.626 6.633 6.641 6.648 6.655 6.660 6.666 6.671 6.677 6.682 6.687 6.692 6.697 6.703 6.708 6.713 6.718 6.723 6.729 6.734 6.739 6.744 6.750 6.755 6.760 6.766 6.771 6.777 6.781 6.786 6.790 6.795 6.799
6.271 6.280 6.289 6.297 6.305 6.313 6.322 6.331 6.340 6.349 6.358 6.367 6.376 6.386 6.395 6.404 6.413 6.422 6.431 6.439 6.448 6.457 6.465 6.474 6.483 6.491 6.498 6.505 6.513 6.520 6.527 6.535 6.542 6.550 6.557 6.565 6.573 6.580 6.588 6.595 6.603 6.610 6.618 6.625 6.632 6.639 6.647 6.654 6.661 6.667 6.672 6.678 6.683 6.688 6.694 6.699 6.704 6.709 6.714 6.720 6.725 6.730 6.735 6.741 6.746 6.751 6.756 6.762 6.767 6.773 6.779 6.784 6.789 6.793 6.798 6.802 6.806
6.280 6.289 6.297 6.305 6.312 6.321 6.329 6.337 6.346 6.355 6.364 6.373 6.382 6.391 6.401 6.410 6.419 6.428 6.437 6.445 6.454 6.463 6.471 6.480 6.489 6.497 6.504 6.512 6.519 6.526 6.533 6.541 6.548 6.556 6.563 6.571 6.578 6.586 6.594 6.601 6.609 6.616 6.624 6.631 6.638 6.646 6.653 6.660 6.667 6.673 6.679 6.684 6.690 6.695 6.700 6.706 6.711 6.716 6.721 6.727 6.732 6.737 6.742 6.748 6.753 6.758 6.764 6.769 6.774 6.780 6.786 6.791 6.796 6.800 6.805 6.809 6.814
6.291 6.299 6.306 6.314 6.321 6.329 6.337 6.345 6.353 6.362 6.371 6.380 6.389 6.398 6.407 6.416 6.425 6.434 6.443 6.452 6.460 6.469 6.478 6.487 6.495 6.504 6.511 6.518 6.525 6.532 6.540 6.547 6.554 6.562 6.569 6.577 6.585 6.592 6.600 6.607 6.615 6.623 6.630 6.637 6.645 6.652 6.659 6.667 6.674 6.680 6.685 6.691 6.697 6.702 6.707 6.713 6.718 6.723 6.728 6.734 6.739 6.744 6.750 6.755 6.760 6.765 6.771 6.776 6.782 6.787 6.793 6.798 6.803 6.808 6.812 6.817 6.821
6.303 6.310 6.317 6.324 6.331 6.338 6.345 6.353 6.361 6.370 6.378 6.387 6.396 6.404 6.413 6.422 6.431 6.440 6.449 6.458 6.467 6.476 6.484 6.493 6.502 6.510 6.517 6.525 6.532 6.539 6.546 6.554 6.561 6.568 6.576 6.583 6.591 6.599 6.606 6.614 6.621 6.629 6.636 6.644 6.651 6.659 6.666 6.674 6.680 6.686 6.692 6.698 6.704 6.709 6.714 6.720 6.725 6.730 6.736 6.741 6.746 6.752 6.757 6.762 6.768 6.773 6.778 6.784 6.789 6.795 6.801 6.806 6.811 6.815 6.820 6.825 6.829
6.316 6.323 6.329 6.335 6.342 6.348 6.355 6.363 6.370 6.378 6.386 6.395 6.403 6.412 6.421 6.429 6.438 6.447 6.456 6.465 6.474 6.483 6.491 6.500 6.509 6.517 6.524 6.532 6.539 6.546 6.553 6.560 6.568 6.575 6.583 6.590 6.598 6.605 6.613 6.620 6.628 6.636 6.643 6.651 6.658 6.665 6.673 6.680 6.687 6.693 6.699 6.705 6.711 6.716 6.722 6.727 6.732 6.738 6.743 6.748 6.754 6.759 6.764 6.770 6.775 6.780 6.786 6.791 6.797 6.802 6.808 6.814 6.818 6.823 6.828 6.832 6.837
6.331 6.337 6.343 6.348 6.354 6.360 6.366 6.373 6.380 6.388 6.396 6.404 6.412 6.420 6.429 6.437 6.446 6.455 6.463 6.472 6.481 6.490 6.498 6.507 6.516 6.524 6.532 6.539 6.546 6.553 6.560 6.568 6.575 6.582 6.590 6.597 6.605 6.612 6.620 6.627 6.635 6.642 6.650 6.657 6.665 6.672 6.680 6.687 6.694 6.701 6.707 6.712 6.718 6.724 6.729 6.735 6.740 6.745 6.751 6.756 6.761 6.767 6.772 6.777 6.783 6.788 6.794 6.799 6.804 6.810 6.816 6.821 6.826 6.831 6.836 6.840 6.845
6.348 6.353 6.358 6.363 6.368 6.373 6.379 6.385 6.392 6.399 6.406 6.413 6.421 6.429 6.437 6.446 6.454 6.463 6.471 6.480 6.489 6.497 6.506 6.515 6.524 6.532 6.539 6.546 6.553 6.561 6.568 6.575 6.582 6.590 6.597 6.604 6.612 6.619 6.627 6.634 6.642 6.649 6.657 6.664 6.672 6.679 6.687 6.694 6.702 6.708 6.714 6.720 6.725 6.731 6.737 6.742 6.748 6.753 6.758 6.764 6.769 6.774 6.780 6.785 6.791 6.796 6.801 6.807 6.812 6.818 6.824 6.829 6.834 6.839 6.843 6.848 6.852
6.365 6.370 6.375 6.379 6.384 6.388 6.393 6.399 6.405 6.411 6.418 6.425 6.432 6.439 6.447 6.455 6.463 6.472 6.480 6.488 6.497 6.505 6.514 6.523 6.532 6.540 6.547 6.554 6.561 6.568 6.576 6.583 6.590 6.597 6.605 6.612 6.619 6.627 6.634 6.642 6.649 6.657 6.664 6.672 6.679 6.687 6.694 6.702 6.709 6.715 6.721 6.727 6.733 6.739 6.744 6.750 6.755 6.761 6.766 6.772 6.777 6.782 6.788 6.793 6.798 6.804 6.809 6.815 6.820 6.826 6.832 6.837 6.842 6.847 6.851 6.856 6.860
6.384 6.389 6.393 6.397 6.401 6.405 6.409 6.414 6.419 6.425 6.431 6.437 6.444 6.451 6.458 6.466 6.473 6.481 6.489 6.498 6.506 6.514 6.523 6.531 6.540 6.548 6.555 6.562 6.569 6.577 6.584 6.591 6.598 6.605 6.612 6.620 6.627 6.634 6.642 6.649 6.657 6.664 6.672 6.679 6.686 6.694 6.701 6.709 6.716 6.723 6.729 6.735 6.741 6.746 6.752 6.758 6.763 6.769 6.774 6.779 6.785 6.790 6.796 6.801 6.806 6.812 6.817 6.823 6.828 6.834 6.840 6.845 6.850 6.855 6.859 6.864 6.868
6.404 6.408 6.412 6.415 6.419 6.422 6.426 6.431 6.435 6.440 6.446 6.451 6.457 6.464 6.470 6.477 6.485 6.492 6.500 6.508 6.516 6.524 6.532 6.540 6.549 6.557 6.564 6.571 6.578 6.585 6.592 6.599 6.606 6.614 6.621 6.628 6.635 6.642 6.650 6.657 6.664 6.672 6.679 6.687 6.694 6.701 6.709 6.717 6.724 6.730 6.736 6.742 6.748 6.754 6.760 6.765 6.771 6.776 6.782 6.787 6.793 6.798 6.804 6.809 6.814 6.820 6.825 6.831 6.836 6.842 6.848 6.853 6.858 6.863 6.867 6.872 6.876
6.424 6.428 6.432 6.435 6.438 6.441 6.445 6.449 6.453 6.457 6.462 6.467 6.472 6.478 6.484 6.491 6.497 6.504 6.511 6.519 6.526 6.534 6.542 6.550 6.559 6.566 6.573 6.580 6.587 6.594 6.601 6.608 6.615 6.622 6.629 6.637 6.644 6.651 6.658 6.665 6.673 6.680 6.687 6.694 6.702 6.709 6.717 6.725 6.732 6.738 6.744 6.750 6.756 6.762 6.768 6.773 6.779 6.784 6.790 6.795 6.801 6.806 6.812 6.817 6.822 6.828 6.833 6.839 6.844 6.850 6.856 6.861 6.866 6.871 6.875 6.880 6.884
6.444 6.448 6.452 6.455 6.458 6.461 6.464 6.468 6.471 6.475 6.479 6.484 6.489 6.494 6.499 6.505 6.511 6.517 6.524 6.531 6.538 6.546 6.553 6.561 6.569 6.577 6.584 6.590 6.597 6.604 6.611 6.618 6.625 6.632 6.639 6.646 6.653 6.660 6.667 6.674 6.681 6.688 6.695 6.703 6.710 6.717 6.725 6.733 6.740 6.746 6.752 6.758 6.764 6.770 6.776 6.781 6.787 6.792 6.798 6.803 6.809 6.814 6.820 6.825 6.830 6.836 6.841 6.847 6.852 6.858 6.864 6.869 6.874 6.879 6.883 6.888 6.892
6.463 6.468 6.472 6.475 6.478 6.481 6.484 6.487 6.491 6.494 6.498 6.502 6.506 6.511 6.516 6.521 6.526 6.532 6.538 6.545 6.551 6.558 6.565 6.573 6.581 6.588 6.594 6.601 6.608 6.614 6.621 6.628 6.635 6.641 6.648 6.655 6.662 6.669 6.676 6.683 6.690 6.697 6.704 6.711 6.718 6.726 6.733 6.741 6.748 6.754 6.760 6.766 6.772 6.778 6.784 6.789 6.795 6.801 6.806 6.812 6.817 6.822 6.828 6.833 6.838 6.844 6.849 6.855 6.860 6.866 6.872 6.877 6.882 6.887 6.891 6.896 6.900
6.482 6.487 6.491 6.495 6.498 6.501 6.504 6.507 6.511 6.514 6.518 6.521 6.525 6.529 6.534 6.538 6.543 6.548 6.554 6.560 6.566 6.572 6.579 6.586 6.593 6.600 6.606 6.613 6.619 6.625 6.632 6.639 6.645 6.652 6.659 6.665 6.672 6.679 6.686 6.693 6.699 6.706 6.713 6.720 6.727 6.735 6.742 6.750 6.756 6.763 6.769 6.775 6.780 6.786 6.792 6.798 6.803 6.809 6.814 6.820 6.825 6.831 6.836 6.841 6.847 6.852 6.857 6.863 6.868 6.874 6.880 6.885 6.890 6.895 6.899 6.904 6.908
6.501 6.506 6.510 6.514 6.517 6.521 6.524 6.528 6.531 6.534 6.538 6.541 6.545 6.549 6.553 6.557 6.561 6.566 6.571 6.576 6.581 6.587 6.594 6.600 6.607 6.614 6.619 6.625 6.631 6.638 6.644 6.650 6.657 6.663 6.670 6.676 6.683 6.690 6.696 6.703 6.709 6.716 6.723 6.730 6.737 6.744 6.751 6.759 6.765 6.771 6.777 6.783 6.789 6.795 6.801 6.806 6.812 6.817 6.823 6.828 6.834 6.839 6.844 6.850 6.855 6.860 6.865 6.871 6.876 6.882 6.888 6.893 6.898 6.903 6.907 6.912 6.916
6.518 6.524 6.529 6.533 6.536 6.540 6.544 6.547 6.551 6.554 6.558 6.561 6.565 6.568 6.572 6.576 6.580 6.584 6.589 6.593 6.598 6.604 6.610 6.616 6.622 6.628 6.633 6.639 6.645 6.651 6.657 6.663 6.669 6.675 6.682 6.688 6.694 6.701 6.707 6.714 6.720 6.727 6.733 6.740 6.747 6.754 6.761 6.768 6.775 6.781 6.787 6.792 6.798 6.804 6.809 6.815 6.821 6.826 6.831 6.837 6.842 6.848 6.853 6.858 6.863 6.868 6.874 6.879 6.885 6.891 6.896 6.901 6.906 6.911 6.915 6.920 6.924
6.536 6.542 6.546 6.550 6.555 6.559 6.563 6.567 6.570 6.574 6.578 6.582 6.585 6.589 6.592 6.596 6.599 6.603 6.607 6.612 6.616 6.621 6.627 6.632 6.638 6.644 6.649 6.654 6.659 6.665 6.671 6.676 6.682 6.688 6.694 6.701 6.707 6.713 6.719 6.725 6.732 6.738 6.745 6.751 6.758 6.764 6.772 6.779 6.785 6.791 6.796 6.802 6.808 6.813 6.819 6.824 6.830 6.835 6.840 6.846 6.851 6.856 6.861 6.867 6.872 6.877 6.882 6.888 6.893 6.899 6.904 6.909 6.914 6.919 6.923 6.928 6.932
6.552 6.558 6.563 6.567 6.572 6.577 6.581 6.585 6.589 6.593 6.597 6.601 6.605 6.609 6.612 6.616 6.619 6.623 6.627 6.631 6.635 6.640 6.645 6.650 6.656 6.660 6.665 6.670 6.675 6.680 6.685 6.691 6.697 6.702 6.708 6.714 6.720 6.726 6.732 6.738 6.744 6.750 6.756 6.763 6.769 6.776 6.783 6.790 6.795 6.801 6.807 6.812 6.818 6.823 6.829 6.834 6.839 6.845 6.850 6.855 6.860 6.865 6.870 6.876 6.881 6.886 6.891 6.896 6.902 6.907 6.913 6.917 6.922 6.927 6.931 6.936 6.940
6.567 6.573 6.579 6.584 6.589 6.594 6.598 6.603 6.608 6.612 6.616 6.620 6.624 6.628 6.632 6.636 6.639 6.643 6.647 6.651 6.655 6.659 6.664 6.669 6.674 6.678 6.682 6.686 6.691 6.696 6.701 6.706 6.712 6.717 6.723 6.729 6.734 6.740 6.746 6.752 6.757 6.763 6.769 6.775 6.782 6.788 6.795 6.801 6.807 6.812 6.818 6.823 6.828 6.834 6.839 6.844 6.850 6.855 6.860 6.865 6.870 6.875 6.880 6.885 6.890 6.895 6.900 6.905 6.910 6.916 6.921 6.926 6.930 6.935 6.939 6.944 6.948
6.581 6.588 6.594 6.599 6.604 6.610 6.615 6.620 6.625 6.630 6.634 6.639 6.643 6.647 6.651 6.655 6.659 6.663 6.667 6.670 6.674 6.679 6.683 6.688 6.692 6.696 6.700 6.704 6.709 6.713 6.718 6.723 6.728 6.733 6.739 6.744 6.749 6.755 6.760 6.766 6.772 6.777 6.783 6.789 6.795 6.801 6.808 6.814 6.819 6.824 6.830 6.835 6.840 6.845 6.850 6.855 6.860 6.865 6.870 6.875 6.880 6.885 6.890 6.895 6.899 6.904 6.909 6.914 6.919 6.925 6.930 6.934 6.939 6.943 6.948 6.952 6.956
6.595 6.602 6.608 6.614 6.619 6.625 6.630 6.636 6.641 6.646 6.651 6.656 6.661 6.666 6.670 6.674 6.678 6.682 6.686 6.690 6.694 6.698 6.702 6.707 6.711 6.715 6.719 6.723 6.727 6.731 6.735 6.740 6.745 6.750 6.755 6.760 6.765 6.771 6.776 6.781 6.787 6.792 6.798 6.803 6.809 6.815 6.821 6.827 6.832 6.837 6.842 6.847 6.852 6.857 6.862 6.867 6.872 6.877 6.881 6.886 6.891 6.896 6.900 6.905 6.910 6.914 6.919 6.924 6.929 6.934 6.939 6.943 6.948 6.952 6.956 6.960 6.964
6.608 6.615 6.621 6.627 6.633 6.639 6.645 6.651 6.657 6.662 6.667 6.673 6.678 6.683 6.688 6.692 6.697 6.701 6.705 6.709 6.713 6.717 6.722 6.726 6.730 6.734 6.737 6.741 6.745 6.749 6.753 6.758 6.762 6.767 6.772 6.777 6.782 6.787 6.792 6.798 6.803 6.808 6.813 6.819 6.824 6.830 6.836 6.842 6.847 6.851 6.856 6.861 6.866 6.870 6.875 6.880 6.884 6.889 6.893 6.898 6.903 6.907 6.911 6.916 6.920 6.925 6.929 6.934 6.939 6.944 6.948 6.953 6.957 6.961 6.965 6.969 6.973
6.620 6.627 6.634 6.640 6.647 6.653 6.659 6.665 6.671 6.677 6.683 6.688 6.694 6.699 6.704 6.709 6.714 6.719 6.723 6.727 6.732 6.736 6.741 6.745 6.749 6.753 6.756 6.760 6.764 6.768 6.772 6.776 6.780 6.785 6.790 6.795 6.799 6.804 6.809 6.814 6.819 6.825 6.830 6.835 6.840 6.846 6.852 6.857 6.862 6.866 6.871 6.875 6.880 6.884 6.889 6.893 6.898 6.902 6.906 6.911 6.915 6.919 6.923 6.928 6.932 6.936 6.940 6.945 6.949 6.954 6.959 6.962 6.966 6.970 6.974 6.978 6.982
6.631 6.638 6.645 6.652 6.659 6.665 6.672 6.678 6.684 6.691 6.697 6.703 6.708 6.714 6.720 6.725 6.730 6.735 6.740 6.745 6.749 6.754 6.759 6.763 6.768 6.771 6.775 6.778 6.782 6.786 6.790 6.794 6.799 6.803 6.808 6.812 6.817 6.822 6.827 6.832 6.837 6.842 6.847 6.852 6.857 6.862 6.868 6.873 6.878 6.882 6.886 6.891 6.895 6.899 6.903 6.908 6.912 6.916 6.920 6.924 6.928 6.932 6.936 6.940 6.944 6.948 6.952 6.956 6.960 6.965 6.969 6.973 6.977 6.980 6.984 6.987 6.991
6.641 6.649 6.656 6.663 6.670 6.677 6.684 6.690 6.697 6.703 6.710 6.716 6.722 6.728 6.734 6.740 6.745 6.751 6.756 6.761 6.766 6.771 6.776 6.781 6.785 6.789 6.793 6.796 6.800 6.804 6.808 6.812 6.816 6.821 6.826 6.830 6.835 6.840 6.845 6.849 6.854 6.859 6.864 6.869 6.874 6.879 6.885 6.890 6.894 6.898 6.903 6.907 6.911 6.915 6.919 6.923 6.927 6.931 6.935 6.939 6.943 6.946 6.950 6.954 6.957 6.961 6.965 6.969 6.972 6.977 6.981 6.984 6.987 6.991 6.994 6.997 7.001
6.650 6.658 6.666 6.673 6.681 6.688 6.695 6.701 6.708 6.715 6.722 6.728 6.735 6.741 6.747 6.753 6.759 6.765 6.771 6.776 6.781 6.786 6.792 6.797 6.802 6.806 6.810 6.813 6.817 6.821 6.825 6.830 6.834 6.838 6.843 6.848 6.852 6.857 6.862 6.867 6.872 6.877 6.882 6.886 6.892 6.897 6.902 6.907 6.911 6.916 6.920 6.924 6.928 6.932 6.935 6.939 6.943 6.947 6.951 6.954 6.958 6.961 6.965 6.968 6.972 6.975 6.978 6.982 6.986 6.989 6.993 6.996 6.999 7.002 7.005 7.008 7.011
6.658 6.667 6.675 6.683 6.690 6.697 6.705 6.712 6.719 6.726 6.733 6.740 6.746 6.753 6.759 6.766 6.772 6.778 6.784 6.790 6.795 6.801 6.806 6.812 6.817 6.821 6.825 6.830 6.834 6.838 6.842 6.846 6.851 6.855 6.860 6.865 6.870 6.874 6.879 6.884 6.889 6.894 6.899 6.904 6.909 6.914 6.920 6.924 6.929 6.933 6.937 6.941 6.945 6.949 6.953 6.956 6.960 6.964 6.967 6.971 6.974 6.977 6.981 6.984 6.987 6.990 6.993 6.996 7.000 7.003 7.006 7.009 7.012 7.015 7.017 7.020 7.023
6.666 6.675 6.683 6.691 6.699 6.706 6.714 6.721 6.728 6.736 6.743 6.750 6.757 6.764 6.770 6.777 6.784 6.790 6.796 6.802 6.808 6.814 6.820 6.826 6.831 6.836 6.840 6.844 6.849 6.853 6.857 6.862 6.866 6.871 6.876 6.881 6.886 6.891 6.896 6.901 6.906 6.911 6.916 6.921 6.926 6.931 6.937 6.942 6.946 6.950 6.954 6.958 6.962 6.966 6.970 6.974 6.977 6.981 6.984 6.988 6.991 6.994 6.997 7.000 7.003 7.006 7.009 7.012 7.015 7.018 7.021 7.023 7.026 7.028 7.030 7.032 7.035
6.673 6.682 6.691 6.699 6.707 6.714 6.722 6.730 6.737 6.745 6.752 6.759 6.766 6.773 6.780 6.787 6.794 6.801 6.807 6.814 6.820 6.826 6.832 6.839 6.844 6.849 6.854 6.858 6.863 6.867 6.872 6.876 6.881 6.886 6.891 6.896 6.901 6.906 6.911 6.917 6.922 6.927 6.932 6.937 6.943 6.948 6.954 6.959 6.963 6.967 6.972 6.976 6.980 6.984 6.987 6.991 6.995 6.998 7.002 7.005 7.008 7.011 7.014 7.017 7.020 7.023 7.025 7.028 7.031 7.034 7.036 7.038 7.040 7.042 7.044 7.046 7.048
6.679 6.689 6.697 6.705 6.714 6.722 6.730 6.737 6.745 6.753 6.760 6.768 6.775 6.782 6.790 6.797 6.803 6.810 6.817 6.824 6.830 6.837 6.843 6.850 6.856 6.861 6.866 6.871 6.875 6.880 6.885 6.890 6.895 6.900 6.905 6.910 6.915 6.921 6.926 6.931 6.937 6.942 6.947 6.953 6.958 6.964 6.970 6.975 6.980 6.984 6.988 6.993 6.997 7.001 7.005 7.009 7.012 7.016 7.020 7.023 7.026 7.029 7.032 7.035 7.037 7.040 7.042 7.045 7.048 7.050 7.053 7.054 7.056 7.058 7.059 7.061 7.063
6.685 6.694 6.703 6.712 6.720 6.728 6.736 6.744 6.752 6.760 6.768 6.775 6.783 6.790 6.798 6.805 6.812 6.819 6.826 6.833 6.840 6.846 6.853 6.860 6.866 6.872 6.877 6.882 6.887 6.892 6.897 6.902 6.907 6.912 6.917 6.923 6.928 6.934 6.939 6.945 6.950 6.956 6.962 6.967 6.973 6.979 6.985 6.990 6.995 7.000 7.004 7.009 7.013 7.017 7.021 7.026 7.029 7.033 7.037 7.040 7.044 7.047 7.050 7.053 7.055 7.058 7.060 7.063 7.065 7.068 7.070 7.071 7.073 7.074 7.075 7.077 7.078
