TsunamiDB/out54193.asc
ncols          264
nrows          230
xllcorner      497853.4375
yllcorner      4229146.0000
cellsize         5.
NODATA_value   -99
[rows 170 to 203 of 230, columns 77 to 153 of 264]
6.873 6.876 6.879 6.881 6.882 6.884 6.885 6.886 6.887 6.887 6.887 6.887 6.887 6.887 6.887 6.888 6.888 6.888 6.888 6.889 6.890 6.891 6.893 6.894 6.896 6.898 6.900 6.902 6.904 6.906 6.909 6.912 6.914 6.917 6.920 6.923 6.926 6.929 6.933 6.936 6.939 6.943 6.946 6.949 6.953 6.957 6.961 6.964 6.968 6.972 6.976 6.981 6.985 6.990 6.995 7.001 7.006 7.013 7.019 7.026 7.033 7.041 7.049 7.058 7.067 7.077 7.086 7.097 7.107 7.117 7.128 7.138 7.148 7.158 7.168 7.178 7.187
6.876 6.879 6.881 6.883 6.885 6.887 6.888 6.890 6.890 6.891 6.891 6.892 6.892 6.892 6.892 6.892 6.892 6.892 6.892 6.893 6.894 6.895 6.896 6.898 6.899 6.901 6.903 6.905 6.907 6.909 6.912 6.914 6.917 6.920 6.923 6.926 6.929 6.932 6.935 6.939 6.942 6.945 6.949 6.952 6.956 6.960 6.963 6.967 6.971 6.975 6.979 6.983 6.988 6.992 6.997 7.003 7.008 7.014 7.021 7.028 7.035 7.042 7.050 7.059 7.068 7.077 7.087 7.097 7.108 7.118 7.128 7.139 7.149 7.159 7.169 7.179 7.188
6.878 6.881 6.884 6.886 6.888 6.890 6.892 6.893 6.894 6.895 6.895 6.895 6.896 6.896 6.896 6.896 6.896 6.896 6.896 6.897 6.897 6.899 6.900 6.901 6.902 6.904 6.906 6.908 6.910 6.912 6.914 6.917 6.920 6.923 6.925 6.928 6.931 6.935 6.938 6.941 6.944 6.948 6.951 6.954 6.958 6.962 6.966 6.969 6.973 6.977 6.981 6.985 6.990 6.994 6.999 7.004 7.010 7.016 7.022 7.029 7.036 7.043 7.051 7.059 7.068 7.077 7.087 7.097 7.108 7.118 7.128 7.139 7.149 7.159 7.169 7.179 7.189
6.879 6.883 6.886 6.888 6.891 6.893 6.895 6.896 6.897 6.898 6.899 6.899 6.900 6.900 6.900 6.900 6.900 6.900 6.900 6.901 6.901 6.902 6.903 6.904 6.906 6.907 6.909 6.911 6.913 6.915 6.917 6.920 6.922 6.925 6.928 6.931 6.934 6.937 6.940 6.943 6.946 6.950 6.953 6.957 6.961 6.964 6.968 6.971 6.975 6.979 6.983 6.987 6.991 6.996 7.001 7.006 7.011 7.017 7.023 7.030 7.037 7.044 7.052 7.060 7.068 7.077 7.087 7.097 7.107 7.117 7.128 7.138 7.149 7.159 7.169 7.179 7.189
6.881 6.885 6.888 6.891 6.893 6.896 6.897 6.899 6.900 6.901 6.902 6.903 6.903 6.903 6.904 6.904 6.904 6.904 6.904 6.904 6.905 6.906 6.907 6.908 6.909 6.910 6.912 6.913 6.915 6.917 6.920 6.922 6.925 6.927 6.930 6.933 6.936 6.939 6.942 6.945 6.948 6.952 6.955 6.959 6.963 6.966 6.970 6.973 6.977 6.981 6.985 6.989 6.993 6.997 7.002 7.007 7.012 7.018 7.024 7.030 7.037 7.044 7.052 7.060 7.068 7.077 7.087 7.097 7.107 7.117 7.127 7.138 7.148 7.158 7.169 7.179 7.189
6.883 6.886 6.890 6.893 6.896 6.898 6.900 6.902 6.903 6.905 6.906 6.906 6.907 6.907 6.907 6.907 6.907 6.907 6.908 6.908 6.908 6.909 6.910 6.911 6.912 6.913 6.914 6.916 6.918 6.920 6.922 6.924 6.927 6.930 6.932 6.935 6.938 6.941 6.944 6.947 6.950 6.954 6.957 6.961 6.964 6.968 6.971 6.975 6.978 6.982 6.986 6.990 6.994 6.999 7.003 7.008 7.013 7.019 7.025 7.031 7.037 7.044 7.052 7.060 7.068 7.077 7.086 7.096 7.106 7.116 7.126 7.136 7.147 7.157 7.168 7.178 7.188
6.884 6.888 6.892 6.895 6.898 6.900 6.903 6.905 6.906 6.908 6.909 6.910 6.910 6.911 6.911 6.911 6.911 6.911 6.911 6.911 6.912 6.913 6.913 6.914 6.915 6.916 6.917 6.919 6.920 6.922 6.924 6.927 6.929 6.932 6.934 6.937 6.940 6.943 6.946 6.949 6.952 6.955 6.959 6.962 6.966 6.969 6.973 6.976 6.980 6.984 6.987 6.991 6.995 7.000 7.004 7.009 7.014 7.019 7.025 7.031 7.037 7.044 7.051 7.059 7.067 7.076 7.085 7.095 7.104 7.114 7.125 7.135 7.146 7.156 7.167 7.177 7.187
6.886 6.890 6.893 6.897 6.900 6.902 6.905 6.907 6.909 6.910 6.912 6.913 6.913 6.914 6.914 6.915 6.915 6.915 6.915 6.915 6.915 6.916 6.916 6.917 6.918 6.919 6.920 6.921 6.923 6.925 6.927 6.929 6.931 6.934 6.936 6.939 6.942 6.945 6.948 6.951 6.954 6.957 6.960 6.964 6.967 6.971 6.974 6.977 6.981 6.985 6.988 6.992 6.996 7.000 7.005 7.010 7.014 7.020 7.025 7.031 7.037 7.044 7.051 7.058 7.066 7.075 7.084 7.093 7.103 7.113 7.123 7.133 7.144 7.154 7.165 7.175 7.186
6.887 6.891 6.895 6.898 6.901 6.904 6.907 6.909 6.911 6.913 6.914 6.916 6.916 6.917 6.918 6.918 6.918 6.918 6.918 6.918 6.919 6.919 6.920 6.920 6.921 6.922 6.923 6.924 6.925 6.927 6.929 6.931 6.933 6.936 6.938 6.941 6.943 6.946 6.949 6.952 6.955 6.958 6.961 6.965 6.968 6.972 6.975 6.979 6.982 6.986 6.989 6.993 6.997 7.001 7.005 7.010 7.015 7.020 7.025 7.031 7.037 7.043 7.050 7.058 7.065 7.074 7.082 7.092 7.101 7.111 7.121 7.131 7.142 7.152 7.163 7.174 7.184
6.888 6.892 6.896 6.900 6.903 6.906 6.909 6.911 6.914 6.916 6.917 6.918 6.919 6.920 6.921 6.921 6.921 6.921 6.921 6.922 6.922 6.922 6.923 6.923 6.924 6.924 6.925 6.926 6.928 6.929 6.931 6.933 6.935 6.937 6.940 6.942 6.945 6.948 6.950 6.953 6.956 6.959 6.963 6.966 6.969 6.973 6.976 6.979 6.983 6.986 6.990 6.994 6.997 7.001 7.006 7.010 7.015 7.020 7.025 7.030 7.036 7.043 7.049 7.056 7.064 7.072 7.081 7.090 7.099 7.109 7.119 7.129 7.140 7.150 7.161 7.171 7.182
6.889 6.894 6.898 6.901 6.905 6.908 6.911 6.913 6.916 6.918 6.919 6.921 6.922 6.923 6.924 6.924 6.924 6.924 6.925 6.925 6.925 6.925 6.926 6.926 6.926 6.927 6.928 6.929 6.930 6.931 6.933 6.935 6.937 6.939 6.941 6.944 6.946 6.949 6.952 6.955 6.957 6.960 6.964 6.967 6.970 6.974 6.977 6.980 6.983 6.987 6.990 6.994 6.998 7.002 7.006 7.010 7.015 7.019 7.024 7.030 7.036 7.042 7.048 7.055 7.063 7.071 7.079 7.088 7.097 7.107 7.116 7.127 7.137 7.148 7.158 7.169 7.180
6.891 6.895 6.899 6.903 6.906 6.909 6.913 6.915 6.918 6.920 6.922 6.923 6.925 6.926 6.926 6.927 6.927 6.927 6.927 6.928 6.928 6.928 6.928 6.929 6.929 6.929 6.930 6.931 6.932 6.933 6.935 6.937 6.939 6.941 6.943 6.945 6.948 6.950 6.953 6.956 6.958 6.961 6.964 6.968 6.971 6.974 6.977 6.981 6.984 6.987 6.991 6.994 6.998 7.002 7.006 7.010 7.014 7.019 7.024 7.029 7.035 7.041 7.047 7.054 7.061 7.069 7.077 7.086 7.095 7.104 7.114 7.124 7.134 7.145 7.156 7.166 7.177
6.892 6.896 6.900 6.904 6.907 6.911 6.914 6.917 6.920 6.922 6.924 6.926 6.927 6.928 6.929 6.930 6.930 6.930 6.930 6.930 6.931 6.931 6.931 6.931 6.932 6.932 6.933 6.933 6.934 6.935 6.937 6.938 6.940 6.942 6.944 6.946 6.949 6.951 6.954 6.957 6.959 6.962 6.965 6.968 6.972 6.975 6.978 6.981 6.984 6.987 6.991 6.994 6.998 7.002 7.006 7.010 7.014 7.018 7.023 7.028 7.034 7.040 7.046 7.052 7.059 7.067 7.075 7.084 7.092 7.102 7.111 7.121 7.131 7.142 7.153 7.164 7.174
6.892 6.897 6.901 6.905 6.909 6.912 6.915 6.918 6.921 6.924 6.926 6.928 6.929 6.930 6.931 6.932 6.933 6.933 6.933 6.933 6.934 6.934 6.934 6.934 6.934 6.934 6.935 6.935 6.936 6.937 6.939 6.940 6.942 6.943 6.945 6.948 6.950 6.952 6.955 6.957 6.960 6.963 6.966 6.969 6.972 6.975 6.978 6.981 6.984 6.988 6.991 6.994 6.998 7.001 7.005 7.009 7.013 7.018 7.022 7.027 7.033 7.038 7.044 7.051 7.058 7.065 7.073 7.081 7.090 7.099 7.108 7.118 7.129 7.139 7.150 7.161 7.171
6.893 6.898 6.902 6.906 6.910 6.913 6.917 6.920 6.923 6.925 6.927 6.929 6.931 6.932 6.934 6.934 6.935 6.935 6.936 6.936 6.936 6.936 6.936 6.936 6.936 6.937 6.937 6.938 6.938 6.939 6.940 6.942 6.943 6.945 6.947 6.949 6.951 6.953 6.956 6.958 6.961 6.963 6.966 6.969 6.973 6.975 6.978 6.981 6.984 6.988 6.991 6.994 6.998 7.001 7.005 7.009 7.013 7.017 7.022 7.026 7.032 7.037 7.043 7.049 7.056 7.063 7.071 7.079 7.087 7.096 7.106 7.115 7.125 7.136 7.147 7.157 7.168
6.894 6.899 6.903 6.907 6.911 6.915 6.918 6.921 6.924 6.927 6.929 6.931 6.933 6.934 6.936 6.937 6.937 6.938 6.938 6.938 6.939 6.939 6.939 6.939 6.939 6.939 6.939 6.940 6.940 6.941 6.942 6.943 6.945 6.946 6.948 6.950 6.952 6.954 6.956 6.959 6.961 6.964 6.967 6.970 6.973 6.976 6.979 6.981 6.984 6.988 6.991 6.994 6.997 7.001 7.004 7.008 7.012 7.016 7.021 7.025 7.030 7.036 7.041 7.047 7.054 7.061 7.069 7.077 7.085 7.094 7.103 7.112 7.122 7.133 7.143 7.154 7.165
6.895 6.899 6.904 6.908 6.912 6.915 6.919 6.922 6.925 6.928 6.931 6.933 6.935 6.936 6.938 6.939 6.939 6.940 6.940 6.940 6.941 6.941 6.941 6.941 6.941 6.941 6.941 6.942 6.942 6.943 6.944 6.945 6.946 6.947 6.949 6.951 6.953 6.955 6.957 6.959 6.962 6.964 6.967 6.970 6.973 6.976 6.979 6.981 6.984 6.987 6.990 6.994 6.997 7.000 7.004 7.007 7.011 7.015 7.020 7.024 7.029 7.034 7.040 7.046 7.052 7.059 7.066 7.074 7.082 7.091 7.100 7.109 7.119 7.129 7.140 7.151 7.162
6.896 6.900 6.904 6.909 6.913 6.916 6.920 6.923 6.926 6.929 6.932 6.934 6.936 6.938 6.939 6.940 6.941 6.942 6.942 6.943 6.943 6.943 6.943 6.943 6.943 6.943 6.943 6.943 6.944 6.944 6.945 6.946 6.947 6.949 6.950 6.952 6.954 6.956 6.958 6.960 6.962 6.965 6.967 6.970 6.973 6.976 6.979 6.981 6.984 6.987 6.990 6.993 6.996 7.000 7.003 7.007 7.010 7.014 7.019 7.023 7.028 7.033 7.038 7.044 7.050 7.057 7.064 7.072 7.080 7.088 7.097 7.106 7.116 7.126 7.137 7.147 7.158
6.896 6.901 6.905 6.909 6.913 6.917 6.921 6.924 6.927 6.930 6.933 6.935 6.938 6.939 6.941 6.942 6.943 6.944 6.944 6.945 6.945 6.945 6.945 6.945 6.945 6.945 6.945 6.945 6.945 6.946 6.947 6.947 6.948 6.950 6.951 6.953 6.954 6.956 6.958 6.960 6.963 6.965 6.968 6.970 6.973 6.976 6.979 6.981 6.984 6.987 6.990 6.993 6.996 6.999 7.002 7.006 7.010 7.013 7.018 7.022 7.026 7.031 7.037 7.042 7.048 7.055 7.062 7.069 7.077 7.085 7.094 7.103 7.113 7.123 7.133 7.144 7.155
6.897 6.901 6.906 6.910 6.914 6.918 6.922 6.925 6.928 6.931 6.934 6.937 6.939 6.941 6.942 6.944 6.945 6.946 6.946 6.947 6.947 6.947 6.947 6.947 6.947 6.947 6.947 6.947 6.947 6.948 6.948 6.949 6.950 6.951 6.952 6.954 6.955 6.957 6.959 6.961 6.963 6.965 6.968 6.971 6.973 6.976 6.978 6.981 6.984 6.987 6.989 6.992 6.995 6.999 7.002 7.005 7.009 7.013 7.016 7.021 7.025 7.030 7.035 7.040 7.046 7.053 7.060 7.067 7.075 7.083 7.091 7.100 7.109 7.119 7.130 7.140 7.151
6.897 6.902 6.906 6.910 6.915 6.918 6.922 6.926 6.929 6.932 6.935 6.938 6.940 6.942 6.944 6.945 6.946 6.947 6.948 6.948 6.949 6.949 6.949 6.949 6.949 6.949 6.949 6.949 6.949 6.949 6.949 6.950 6.951 6.952 6.953 6.954 6.956 6.958 6.959 6.961 6.963 6.966 6.968 6.971 6.973 6.976 6.978 6.981 6.984 6.986 6.989 6.992 6.995 6.998 7.001 7.004 7.008 7.012 7.015 7.019 7.024 7.028 7.033 7.039 7.044 7.051 7.058 7.065 7.072 7.080 7.088 7.097 7.106 7.116 7.126 7.137 7.148
6.898 6.902 6.907 6.911 6.915 6.919 6.923 6.926 6.930 6.933 6.936 6.939 6.941 6.943 6.945 6.946 6.948 6.949 6.949 6.950 6.951 6.951 6.951 6.951 6.951 6.951 6.950 6.950 6.950 6.950 6.951 6.951 6.952 6.953 6.954 6.955 6.957 6.958 6.960 6.962 6.964 6.966 6.968 6.971 6.973 6.976 6.978 6.981 6.983 6.986 6.989 6.991 6.994 6.997 7.000 7.004 7.007 7.011 7.014 7.018 7.023 7.027 7.032 7.037 7.043 7.049 7.056 7.062 7.070 7.077 7.085 7.094 7.103 7.113 7.123 7.133 7.144
6.898 6.902 6.907 6.911 6.915 6.919 6.923 6.927 6.930 6.934 6.937 6.939 6.942 6.944 6.946 6.948 6.949 6.950 6.951 6.952 6.953 6.953 6.953 6.953 6.952 6.952 6.952 6.952 6.952 6.952 6.952 6.953 6.953 6.954 6.955 6.956 6.957 6.959 6.960 6.962 6.964 6.966 6.968 6.971 6.973 6.976 6.978 6.980 6.983 6.986 6.988 6.991 6.994 6.997 7.000 7.003 7.006 7.010 7.013 7.017 7.021 7.026 7.030 7.035 7.041 7.047 7.053 7.060 7.067 7.075 7.083 7.091 7.100 7.110 7.120 7.130 7.141
6.898 6.903 6.907 6.912 6.916 6.920 6.924 6.927 6.931 6.934 6.937 6.940 6.943 6.945 6.947 6.949 6.950 6.951 6.952 6.953 6.954 6.954 6.954 6.954 6.954 6.954 6.954 6.953 6.953 6.953 6.953 6.954 6.954 6.955 6.956 6.957 6.958 6.959 6.961 6.962 6.964 6.966 6.969 6.971 6.973 6.975 6.978 6.980 6.983 6.985 6.988 6.990 6.993 6.996 6.999 7.002 7.005 7.009 7.012 7.016 7.020 7.024 7.029 7.034 7.039 7.045 7.051 7.058 7.065 7.072 7.080 7.088 7.097 7.106 7.116 7.127 7.138
6.898 6.903 6.907 6.912 6.916 6.920 6.924 6.928 6.931 6.935 6.938 6.941 6.943 6.946 6.948 6.950 6.951 6.952 6.954 6.955 6.955 6.956 6.956 6.956 6.956 6.955 6.955 6.955 6.955 6.955 6.955 6.955 6.955 6.956 6.956 6.957 6.958 6.960 6.961 6.963 6.964 6.966 6.969 6.971 6.973 6.975 6.978 6.980 6.982 6.985 6.987 6.990 6.993 6.995 6.998 7.001 7.004 7.008 7.011 7.015 7.019 7.023 7.027 7.032 7.037 7.043 7.049 7.056 7.062 7.070 7.077 7.085 7.094 7.103 7.113 7.123 7.134
6.899 6.903 6.908 6.912 6.916 6.920 6.924 6.928 6.932 6.935 6.938 6.941 6.944 6.946 6.949 6.951 6.952 6.954 6.955 6.956 6.957 6.957 6.957 6.957 6.957 6.957 6.956 6.956 6.956 6.956 6.956 6.956 6.956 6.957 6.957 6.958 6.959 6.960 6.961 6.963 6.965 6.966 6.969 6.971 6.973 6.975 6.977 6.980 6.982 6.984 6.987 6.989 6.992 6.995 6.998 7.000 7.004 7.007 7.010 7.014 7.018 7.022 7.026 7.031 7.036 7.042 7.048 7.054 7.060 7.067 7.075 7.083 7.091 7.100 7.110 7.120 7.131
6.899 6.903 6.908 6.912 6.916 6.920 6.924 6.928 6.932 6.935 6.939 6.942 6.944 6.947 6.949 6.951 6.953 6.954 6.956 6.957 6.958 6.958 6.958 6.958 6.958 6.958 6.958 6.957 6.957 6.957 6.957 6.957 6.957 6.957 6.958 6.959 6.960 6.961 6.962 6.963 6.965 6.966 6.969 6.971 6.973 6.975 6.977 6.979 6.982 6.984 6.986 6.989 6.991 6.994 6.997 7.000 7.003 7.006 7.009 7.013 7.016 7.020 7.025 7.029 7.034 7.040 7.046 7.052 7.058 7.065 7.072 7.080 7.089 7.097 7.107 7.117 7.127
6.899 6.903 6.908 6.912 6.916 6.921 6.925 6.928 6.932 6.936 6.939 6.942 6.945 6.947 6.950 6.952 6.954 6.955 6.957 6.958 6.959 6.959 6.960 6.960 6.959 6.959 6.959 6.959 6.958 6.958 6.958 6.958 6.958 6.958 6.959 6.959 6.960 6.961 6.962 6.963 6.965 6.966 6.969 6.971 6.973 6.975 6.977 6.979 6.981 6.983 6.986 6.988 6.991 6.993 6.996 6.999 7.002 7.005 7.008 7.012 7.015 7.019 7.023 7.028 7.033 7.038 7.044 7.050 7.056 7.063 7.070 7.078 7.086 7.095 7.104 7.114 7.124
6.899 6.903 6.908 6.912 6.916 6.920 6.924 6.928 6.932 6.936 6.939 6.942 6.945 6.948 6.950 6.952 6.954 6.956 6.957 6.959 6.960 6.960 6.961 6.961 6.961 6.960 6.960 6.960 6.959 6.959 6.959 6.959 6.959 6.959 6.959 6.960 6.960 6.961 6.962 6.963 6.965 6.966 6.968 6.970 6.972 6.974 6.976 6.978 6.981 6.983 6.985 6.988 6.990 6.993 6.995 6.998 7.001 7.004 7.007 7.011 7.014 7.018 7.022 7.026 7.031 7.036 7.042 7.048 7.054 7.060 7.067 7.075 7.083 7.092 7.101 7.110 7.120
6.898 6.903 6.908 6.912 6.916 6.920 6.924 6.928 6.932 6.936 6.939 6.942 6.945 6.948 6.950 6.953 6.955 6.956 6.958 6.959 6.960 6.961 6.961 6.962 6.961 6.961 6.961 6.961 6.960 6.960 6.960 6.960 6.960 6.960 6.960 6.960 6.961 6.962 6.962 6.964 6.965 6.966 6.968 6.970 6.972 6.974 6.976 6.978 6.980 6.982 6.985 6.987 6.989 6.992 6.994 6.997 7.000 7.003 7.006 7.009 7.013 7.017 7.021 7.025 7.030 7.035 7.040 7.046 7.052 7.058 7.065 7.072 7.080 7.089 7.098 7.107 7.116
6.898 6.903 6.907 6.912 6.916 6.920 6.924 6.928 6.932 6.935 6.939 6.942 6.945 6.948 6.950 6.953 6.955 6.957 6.958 6.960 6.961 6.962 6.962 6.962 6.962 6.962 6.962 6.962 6.961 6.961 6.961 6.960 6.960 6.960 6.960 6.961 6.961 6.962 6.962 6.964 6.965 6.966 6.968 6.970 6.971 6.973 6.975 6.977 6.979 6.982 6.984 6.986 6.989 6.991 6.994 6.996 6.999 7.002 7.005 7.008 7.012 7.015 7.019 7.024 7.028 7.033 7.038 7.044 7.050 7.056 7.063 7.070 7.078 7.086 7.094 7.103 7.112
6.898 6.902 6.907 6.911 6.916 6.920 6.924 6.928 6.931 6.935 6.938 6.942 6.945 6.948 6.950 6.953 6.955 6.957 6.958 6.960 6.961 6.962 6.963 6.963 6.963 6.963 6.963 6.962 6.962 6.961 6.961 6.961 6.961 6.961 6.961 6.961 6.961 6.962 6.962 6.963 6.964 6.966 6.968 6.969 6.971 6.973 6.975 6.977 6.979 6.981 6.983 6.985 6.988 6.990 6.993 6.995 6.998 7.001 7.004 7.007 7.010 7.014 7.018 7.022 7.026 7.031 7.037 7.042 7.048 7.054 7.060 7.067 7.075 7.083 7.091 7.100 7.109
6.897 6.902 6.906 6.911 6.915 6.919 6.923 6.927 6.931 6.935 6.938 6.941 6.944 6.947 6.950 6.952 6.955 6.957 6.958 6.960 6.961 6.962 6.963 6.963 6.963 6.963 6.963 6.963 6.962 6.962 6.962 6.961 6.961 6.961 6.961 6.961 6.961 6.962 6.962 6.963 6.964 6.965 6.967 6.969 6.970 6.972 6.974 6.976 6.978 6.980 6.982 6.984 6.987 6.989 6.992 6.994 6.997 7.000 7.003 7.006 7.009 7.013 7.016 7.020 7.025 7.030 7.035 7.040 7.046 7.051 7.058 7.064 7.072 7.079 7.088 7.096 7.105
6.897 6.901 6.906 6.910 6.914 6.918 6.923 6.926 6.930 6.934 6.937 6.941 6.944 6.947 6.950 6.952 6.954 6.956 6.958 6.960 6.961 6.962 6.963 6.963 6.963 6.963 6.963 6.963 6.963 6.962 6.962 6.961 6.961 6.961 6.961 6.961 6.961 6.961 6.962 6.963 6.964 6.965 6.966 6.968 6.969 6.971 6.973 6.975 6.977 6.979 6.981 6.983 6.985 6.988 6.990 6.993 6.996 6.998 7.001 7.004 7.008 7.011 7.015 7.019 7.023 7.028 7.033 7.038 7.043 7.049 7.055 7.062 7.068 7.076 7.084 7.093 7.101
