TsunamiDB/out54128.asc
ncols          264
nrows          230
xllcorner      497853.4375
yllcorner      4229146.0000
cellsize         5.
NODATA_value   -99
[rows 136 to 169 of 230, columns 0 to 76 of 264]
5.550 5.564 5.578 5.592 5.605 5.618 5.630 5.643 5.654 5.665 5.675 5.686 5.697 5.708 5.718 5.729 5.739 5.750 5.760 5.771 5.781 5.792 5.803 5.814 5.825 5.836 5.848 5.860 5.872 5.885 5.898 5.912 5.924 5.937 5.952 5.967 5.983 6.000 6.018 6.037 6.057 6.078 6.099 6.122 6.145 6.168 6.193 6.217 6.241 6.265 6.289 6.312 6.334 6.356 6.376 6.395 6.413 6.430 6.447 6.463 6.478 6.493 6.508 6.522 6.536 6.549 6.562 6.575 6.587 6.599 6.611 6.623 6.634 6.646 6.657 6.668 6.679
5.560 5.574 5.588 5.602 5.615 5.628 5.641 5.654 5.665 5.676 5.687 5.697 5.708 5.719 5.729 5.740 5.750 5.760 5.771 5.781 5.791 5.801 5.812 5.822 5.833 5.843 5.854 5.865 5.877 5.889 5.901 5.913 5.925 5.937 5.950 5.963 5.978 5.993 6.009 6.026 6.044 6.062 6.082 6.102 6.124 6.146 6.169 6.193 6.217 6.241 6.265 6.290 6.314 6.337 6.359 6.380 6.400 6.419 6.437 6.455 6.472 6.488 6.504 6.519 6.534 6.548 6.562 6.575 6.588 6.601 6.613 6.625 6.637 6.649 6.660 6.671 6.683
5.569 5.584 5.598 5.612 5.626 5.639 5.652 5.665 5.676 5.687 5.698 5.709 5.719 5.730 5.741 5.751 5.761 5.771 5.781 5.791 5.801 5.811 5.821 5.831 5.841 5.851 5.862 5.872 5.883 5.894 5.906 5.917 5.927 5.938 5.950 5.962 5.975 5.989 6.003 6.018 6.034 6.051 6.068 6.087 6.106 6.126 6.148 6.170 6.193 6.216 6.240 6.265 6.289 6.314 6.338 6.360 6.381 6.402 6.423 6.442 6.461 6.479 6.496 6.513 6.529 6.544 6.559 6.573 6.587 6.600 6.613 6.626 6.638 6.651 6.662 6.674 6.686
5.578 5.593 5.607 5.621 5.635 5.649 5.662 5.675 5.687 5.697 5.708 5.720 5.730 5.741 5.752 5.762 5.772 5.782 5.792 5.802 5.812 5.821 5.831 5.840 5.850 5.860 5.870 5.880 5.890 5.901 5.911 5.922 5.931 5.942 5.952 5.964 5.976 5.988 6.001 6.014 6.028 6.043 6.059 6.075 6.092 6.111 6.130 6.150 6.171 6.193 6.216 6.239 6.264 6.288 6.312 6.335 6.358 6.381 6.403 6.425 6.445 6.465 6.485 6.503 6.521 6.538 6.554 6.569 6.584 6.598 6.612 6.626 6.639 6.651 6.664 6.676 6.688
5.586 5.601 5.616 5.630 5.644 5.658 5.671 5.685 5.697 5.708 5.719 5.730 5.741 5.752 5.763 5.773 5.783 5.793 5.803 5.813 5.822 5.832 5.841 5.851 5.860 5.869 5.879 5.889 5.898 5.908 5.918 5.928 5.937 5.947 5.957 5.967 5.978 5.989 6.001 6.013 6.026 6.039 6.053 6.068 6.083 6.099 6.116 6.134 6.153 6.173 6.194 6.216 6.238 6.262 6.286 6.309 6.332 6.356 6.379 6.402 6.425 6.447 6.468 6.488 6.508 6.527 6.545 6.562 6.578 6.593 6.608 6.623 6.637 6.650 6.663 6.676 6.689
5.594 5.609 5.624 5.638 5.653 5.667 5.680 5.694 5.706 5.718 5.729 5.740 5.752 5.763 5.774 5.784 5.795 5.805 5.814 5.824 5.834 5.843 5.852 5.861 5.870 5.880 5.889 5.898 5.907 5.917 5.926 5.935 5.944 5.953 5.962 5.972 5.982 5.993 6.003 6.015 6.026 6.038 6.050 6.063 6.077 6.091 6.106 6.122 6.139 6.157 6.175 6.195 6.216 6.238 6.260 6.282 6.305 6.328 6.352 6.376 6.400 6.423 6.446 6.469 6.490 6.511 6.531 6.550 6.568 6.585 6.602 6.617 6.632 6.647 6.661 6.675 6.688
5.601 5.616 5.631 5.646 5.661 5.675 5.689 5.703 5.715 5.727 5.739 5.750 5.762 5.773 5.784 5.795 5.805 5.816 5.826 5.835 5.845 5.854 5.863 5.872 5.881 5.890 5.899 5.908 5.917 5.926 5.935 5.944 5.952 5.960 5.969 5.978 5.988 5.997 6.008 6.018 6.028 6.039 6.051 6.062 6.075 6.087 6.101 6.115 6.129 6.145 6.161 6.179 6.198 6.217 6.237 6.258 6.279 6.301 6.324 6.348 6.372 6.396 6.420 6.444 6.467 6.490 6.512 6.533 6.553 6.572 6.591 6.608 6.625 6.641 6.656 6.671 6.685
5.608 5.624 5.639 5.654 5.669 5.683 5.697 5.711 5.724 5.736 5.748 5.760 5.772 5.783 5.794 5.805 5.816 5.826 5.837 5.846 5.856 5.865 5.874 5.883 5.892 5.901 5.910 5.918 5.927 5.936 5.945 5.953 5.961 5.969 5.977 5.986 5.995 6.004 6.013 6.023 6.033 6.043 6.053 6.064 6.075 6.086 6.098 6.111 6.124 6.137 6.152 6.167 6.184 6.201 6.219 6.237 6.256 6.277 6.298 6.320 6.344 6.367 6.392 6.416 6.440 6.464 6.488 6.511 6.533 6.554 6.575 6.594 6.613 6.630 6.647 6.664 6.679
5.616 5.631 5.646 5.661 5.676 5.691 5.705 5.719 5.732 5.744 5.757 5.769 5.781 5.793 5.804 5.815 5.826 5.837 5.847 5.857 5.867 5.876 5.886 5.895 5.904 5.912 5.921 5.929 5.938 5.946 5.955 5.963 5.970 5.978 5.986 5.994 6.002 6.011 6.020 6.029 6.038 6.048 6.057 6.067 6.077 6.088 6.099 6.110 6.121 6.134 6.147 6.160 6.175 6.190 6.206 6.221 6.238 6.256 6.276 6.296 6.318 6.340 6.363 6.387 6.411 6.436 6.460 6.484 6.508 6.531 6.553 6.575 6.596 6.615 6.634 6.652 6.670
5.623 5.638 5.654 5.669 5.684 5.699 5.713 5.727 5.740 5.753 5.765 5.777 5.790 5.802 5.814 5.825 5.836 5.847 5.858 5.868 5.878 5.887 5.897 5.906 5.915 5.924 5.932 5.941 5.949 5.957 5.966 5.974 5.980 5.988 5.995 6.003 6.011 6.019 6.028 6.036 6.045 6.054 6.063 6.072 6.082 6.091 6.101 6.111 6.122 6.133 6.145 6.157 6.169 6.183 6.197 6.210 6.225 6.241 6.258 6.276 6.295 6.316 6.337 6.360 6.383 6.406 6.430 6.455 6.479 6.503 6.527 6.551 6.573 6.595 6.616 6.636 6.656
5.631 5.646 5.661 5.677 5.691 5.706 5.721 5.735 5.748 5.761 5.773 5.786 5.798 5.811 5.823 5.835 5.846 5.857 5.868 5.878 5.888 5.898 5.908 5.917 5.926 5.935 5.944 5.952 5.960 5.969 5.977 5.985 5.991 5.998 6.006 6.013 6.021 6.029 6.037 6.045 6.053 6.061 6.070 6.078 6.087 6.096 6.106 6.115 6.125 6.135 6.145 6.156 6.168 6.180 6.192 6.204 6.216 6.230 6.245 6.261 6.278 6.296 6.315 6.336 6.357 6.379 6.402 6.426 6.450 6.474 6.498 6.522 6.546 6.570 6.593 6.615 6.636
5.639 5.655 5.670 5.685 5.699 5.714 5.729 5.743 5.756 5.769 5.781 5.794 5.807 5.819 5.832 5.844 5.855 5.867 5.878 5.888 5.899 5.909 5.919 5.928 5.937 5.946 5.955 5.964 5.972 5.980 5.989 5.996 6.003 6.009 6.016 6.024 6.031 6.039 6.046 6.054 6.062 6.070 6.078 6.086 6.094 6.103 6.111 6.120 6.129 6.139 6.148 6.158 6.169 6.179 6.190 6.201 6.212 6.224 6.237 6.251 6.266 6.282 6.299 6.317 6.336 6.356 6.377 6.399 6.421 6.445 6.469 6.493 6.517 6.541 6.565 6.589 6.612
5.649 5.664 5.678 5.693 5.708 5.722 5.737 5.751 5.764 5.777 5.790 5.803 5.815 5.828 5.840 5.853 5.864 5.876 5.887 5.898 5.909 5.919 5.929 5.939 5.948 5.958 5.966 5.975 5.984 5.992 6.000 6.008 6.014 6.021 6.028 6.035 6.042 6.049 6.056 6.064 6.071 6.079 6.087 6.094 6.102 6.110 6.118 6.127 6.135 6.144 6.153 6.162 6.172 6.182 6.191 6.201 6.211 6.221 6.233 6.245 6.258 6.272 6.287 6.303 6.320 6.337 6.356 6.376 6.397 6.418 6.441 6.464 6.487 6.511 6.536 6.560 6.584
5.659 5.674 5.688 5.703 5.717 5.732 5.746 5.760 5.772 5.785 5.798 5.811 5.824 5.837 5.849 5.861 5.874 5.885 5.897 5.908 5.919 5.929 5.940 5.950 5.959 5.969 5.978 5.987 5.995 6.004 6.012 6.019 6.026 6.032 6.039 6.046 6.053 6.060 6.067 6.075 6.082 6.089 6.096 6.104 6.111 6.119 6.127 6.134 6.142 6.151 6.159 6.168 6.177 6.186 6.195 6.203 6.212 6.222 6.232 6.243 6.254 6.267 6.280 6.294 6.308 6.324 6.341 6.358 6.377 6.396 6.417 6.438 6.460 6.483 6.507 6.530 6.555
5.671 5.685 5.699 5.713 5.727 5.741 5.756 5.769 5.781 5.794 5.807 5.820 5.833 5.845 5.858 5.870 5.883 5.894 5.906 5.917 5.929 5.939 5.950 5.960 5.970 5.980 5.989 5.998 6.007 6.016 6.024 6.031 6.038 6.044 6.051 6.058 6.065 6.072 6.079 6.086 6.093 6.100 6.107 6.114 6.121 6.128 6.136 6.143 6.151 6.158 6.166 6.175 6.183 6.192 6.200 6.207 6.216 6.224 6.234 6.243 6.254 6.265 6.276 6.289 6.302 6.316 6.330 6.346 6.362 6.380 6.398 6.417 6.437 6.458 6.480 6.503 6.526
5.684 5.698 5.711 5.725 5.738 5.752 5.766 5.779 5.791 5.803 5.816 5.829 5.842 5.855 5.867 5.880 5.892 5.904 5.916 5.927 5.938 5.949 5.960 5.970 5.980 5.990 6.000 6.009 6.018 6.027 6.036 6.043 6.050 6.056 6.063 6.070 6.077 6.084 6.091 6.097 6.104 6.111 6.118 6.125 6.132 6.138 6.146 6.153 6.160 6.167 6.175 6.183 6.191 6.199 6.206 6.213 6.221 6.229 6.237 6.246 6.256 6.266 6.276 6.287 6.299 6.311 6.324 6.338 6.352 6.368 6.384 6.401 6.419 6.438 6.458 6.479 6.501
5.699 5.712 5.725 5.738 5.751 5.764 5.777 5.790 5.802 5.814 5.826 5.839 5.852 5.864 5.877 5.889 5.901 5.913 5.925 5.937 5.948 5.959 5.970 5.981 5.991 6.001 6.011 6.020 6.030 6.039 6.048 6.055 6.062 6.069 6.076 6.083 6.089 6.096 6.103 6.110 6.116 6.123 6.129 6.136 6.143 6.149 6.156 6.163 6.170 6.177 6.184 6.192 6.199 6.207 6.214 6.221 6.228 6.235 6.243 6.251 6.260 6.269 6.278 6.288 6.299 6.310 6.322 6.334 6.347 6.361 6.375 6.390 6.407 6.424 6.442 6.460 6.480
5.715 5.727 5.740 5.752 5.765 5.777 5.790 5.802 5.814 5.826 5.838 5.850 5.862 5.875 5.887 5.899 5.911 5.923 5.935 5.947 5.958 5.969 5.980 5.991 6.002 6.012 6.022 6.032 6.041 6.051 6.059 6.066 6.074 6.081 6.088 6.095 6.102 6.109 6.115 6.122 6.129 6.135 6.142 6.148 6.154 6.161 6.167 6.174 6.181 6.188 6.194 6.202 6.209 6.216 6.223 6.229 6.235 6.242 6.250 6.257 6.265 6.274 6.283 6.292 6.301 6.311 6.322 6.333 6.345 6.357 6.370 6.384 6.398 6.414 6.430 6.447 6.465
5.732 5.744 5.756 5.768 5.780 5.792 5.805 5.816 5.827 5.838 5.850 5.862 5.874 5.886 5.898 5.910 5.922 5.934 5.946 5.957 5.969 5.980 5.991 6.002 6.012 6.023 6.033 6.043 6.053 6.062 6.071 6.078 6.086 6.093 6.100 6.107 6.114 6.121 6.128 6.135 6.141 6.148 6.154 6.160 6.167 6.173 6.179 6.186 6.192 6.199 6.205 6.212 6.219 6.226 6.232 6.238 6.244 6.251 6.258 6.265 6.272 6.280 6.288 6.297 6.306 6.315 6.325 6.335 6.346 6.357 6.368 6.381 6.394 6.408 6.422 6.438 6.454
5.750 5.762 5.773 5.785 5.797 5.808 5.820 5.831 5.842 5.852 5.864 5.875 5.887 5.898 5.910 5.922 5.933 5.945 5.957 5.968 5.979 5.991 6.002 6.013 6.023 6.034 6.044 6.054 6.064 6.074 6.082 6.090 6.098 6.105 6.112 6.120 6.127 6.134 6.141 6.148 6.154 6.161 6.167 6.173 6.179 6.186 6.192 6.198 6.204 6.211 6.217 6.224 6.231 6.237 6.243 6.248 6.254 6.260 6.267 6.274 6.281 6.288 6.296 6.303 6.312 6.320 6.329 6.339 6.348 6.359 6.369 6.381 6.393 6.405 6.418 6.432 6.447
5.769 5.780 5.792 5.803 5.814 5.826 5.837 5.847 5.857 5.868 5.878 5.889 5.901 5.912 5.923 5.934 5.946 5.957 5.968 5.980 5.991 6.002 6.013 6.024 6.034 6.045 6.055 6.065 6.075 6.085 6.094 6.102 6.110 6.117 6.125 6.132 6.140 6.147 6.154 6.160 6.167 6.173 6.180 6.186 6.192 6.198 6.204 6.211 6.217 6.223 6.229 6.236 6.242 6.248 6.254 6.259 6.265 6.270 6.277 6.283 6.290 6.297 6.304 6.311 6.319 6.327 6.335 6.344 6.353 6.363 6.373 6.383 6.394 6.406 6.418 6.431 6.444
5.788 5.799 5.811 5.822 5.833 5.844 5.855 5.865 5.874 5.884 5.894 5.905 5.916 5.926 5.937 5.948 5.959 5.970 5.981 5.992 6.003 6.014 6.025 6.035 6.046 6.057 6.067 6.077 6.087 6.097 6.106 6.114 6.122 6.129 6.137 6.145 6.152 6.159 6.167 6.173 6.180 6.187 6.193 6.199 6.205 6.211 6.218 6.224 6.230 6.236 6.242 6.248 6.255 6.260 6.265 6.270 6.276 6.281 6.287 6.293 6.300 6.306 6.313 6.320 6.327 6.335 6.343 6.351 6.359 6.368 6.377 6.387 6.397 6.408 6.419 6.432 6.443
5.807 5.818 5.829 5.840 5.851 5.862 5.873 5.883 5.892 5.901 5.911 5.921 5.932 5.942 5.952 5.963 5.973 5.984 5.994 6.005 6.016 6.026 6.037 6.048 6.058 6.068 6.079 6.089 6.099 6.109 6.118 6.126 6.134 6.142 6.150 6.157 6.165 6.172 6.179 6.186 6.193 6.200 6.206 6.213 6.219 6.225 6.231 6.237 6.243 6.249 6.255 6.261 6.267 6.273 6.277 6.282 6.288 6.293 6.299 6.304 6.310 6.317 6.323 6.330 6.336 6.343 6.351 6.358 6.366 6.375 6.383 6.393 6.402 6.412 6.423 6.434 6.445
5.825 5.836 5.848 5.859 5.870 5.881 5.891 5.901 5.910 5.919 5.929 5.939 5.948 5.958 5.968 5.978 5.988 5.998 6.009 6.019 6.029 6.040 6.050 6.060 6.071 6.081 6.091 6.101 6.111 6.121 6.130 6.138 6.146 6.154 6.162 6.170 6.178 6.185 6.192 6.200 6.206 6.213 6.220 6.226 6.232 6.238 6.244 6.250 6.256 6.262 6.268 6.274 6.280 6.285 6.290 6.295 6.300 6.305 6.310 6.316 6.322 6.327 6.334 6.340 6.346 6.353 6.360 6.367 6.375 6.383 6.391 6.399 6.408 6.418 6.428 6.438 6.449
5.843 5.854 5.866 5.877 5.888 5.899 5.909 5.919 5.928 5.937 5.947 5.956 5.966 5.975 5.985 5.994 6.004 6.014 6.024 6.033 6.043 6.053 6.063 6.073 6.084 6.094 6.104 6.114 6.123 6.133 6.142 6.150 6.159 6.167 6.175 6.183 6.190 6.198 6.205 6.213 6.220 6.226 6.233 6.239 6.246 6.252 6.258 6.264 6.269 6.275 6.281 6.287 6.293 6.298 6.303 6.308 6.312 6.317 6.323 6.328 6.333 6.339 6.345 6.351 6.357 6.363 6.370 6.377 6.384 6.391 6.399 6.407 6.415 6.424 6.434 6.444 6.453
5.859 5.871 5.883 5.894 5.905 5.916 5.927 5.937 5.946 5.955 5.964 5.974 5.983 5.992 6.002 6.011 6.020 6.030 6.039 6.049 6.058 6.068 6.077 6.087 6.097 6.107 6.117 6.126 6.136 6.146 6.155 6.163 6.171 6.179 6.187 6.195 6.203 6.211 6.219 6.226 6.233 6.240 6.246 6.253 6.259 6.265 6.271 6.277 6.283 6.289 6.295 6.300 6.306 6.311 6.316 6.320 6.325 6.330 6.335 6.340 6.345 6.351 6.356 6.362 6.368 6.374 6.380 6.387 6.393 6.400 6.408 6.415 6.423 6.432 6.441 6.450 6.459
5.876 5.887 5.899 5.910 5.922 5.933 5.944 5.954 5.963 5.972 5.981 5.991 6.000 6.010 6.019 6.028 6.037 6.046 6.055 6.064 6.073 6.083 6.092 6.101 6.111 6.120 6.130 6.140 6.149 6.159 6.168 6.176 6.184 6.192 6.200 6.208 6.216 6.224 6.232 6.239 6.246 6.253 6.260 6.266 6.273 6.279 6.285 6.291 6.297 6.302 6.308 6.314 6.320 6.325 6.329 6.334 6.338 6.343 6.348 6.353 6.358 6.363 6.368 6.374 6.379 6.385 6.391 6.397 6.403 6.410 6.417 6.424 6.432 6.440 6.448 6.457 6.466
5.892 5.903 5.915 5.926 5.937 5.948 5.959 5.969 5.979 5.988 5.998 6.007 6.017 6.026 6.035 6.044 6.053 6.062 6.071 6.080 6.089 6.098 6.107 6.116 6.125 6.134 6.144 6.153 6.162 6.172 6.181 6.189 6.197 6.205 6.213 6.221 6.229 6.237 6.245 6.252 6.259 6.266 6.273 6.280 6.286 6.292 6.298 6.304 6.310 6.316 6.322 6.327 6.333 6.338 6.342 6.347 6.351 6.356 6.361 6.366 6.371 6.376 6.381 6.386 6.391 6.397 6.402 6.408 6.414 6.420 6.427 6.434 6.441 6.448 6.456 6.465 6.473
5.908 5.919 5.930 5.941 5.952 5.963 5.974 5.984 5.994 6.004 6.013 6.023 6.033 6.042 6.051 6.060 6.069 6.078 6.087 6.096 6.104 6.113 6.122 6.131 6.139 6.148 6.158 6.167 6.176 6.185 6.194 6.202 6.209 6.218 6.226 6.234 6.242 6.250 6.258 6.265 6.272 6.280 6.286 6.293 6.300 6.306 6.312 6.318 6.324 6.330 6.335 6.341 6.347 6.352 6.356 6.360 6.365 6.369 6.374 6.378 6.383 6.388 6.393 6.398 6.403 6.408 6.414 6.419 6.425 6.431 6.437 6.443 6.450 6.457 6.465 6.473 6.481
5.925 5.935 5.946 5.956 5.967 5.978 5.989 5.999 6.008 6.018 6.028 6.038 6.048 6.057 6.067 6.076 6.085 6.094 6.102 6.111 6.120 6.128 6.137 6.145 6.154 6.163 6.171 6.180 6.189 6.198 6.207 6.214 6.222 6.230 6.238 6.247 6.255 6.263 6.270 6.278 6.285 6.293 6.300 6.306 6.313 6.319 6.325 6.331 6.337 6.343 6.349 6.354 6.360 6.365 6.369 6.373 6.378 6.382 6.387 6.391 6.396 6.401 6.406 6.411 6.415 6.420 6.426 6.431 6.436 6.442 6.448 6.454 6.460 6.467 6.474 6.482 6.489
5.943 5.952 5.962 5.972 5.982 5.993 6.003 6.013 6.022 6.032 6.042 6.052 6.062 6.071 6.081 6.090 6.100 6.108 6.117 6.126 6.134 6.143 6.151 6.160 6.168 6.177 6.185 6.194 6.203 6.212 6.220 6.227 6.235 6.243 6.251 6.259 6.267 6.275 6.283 6.291 6.298 6.306 6.313 6.319 6.326 6.333 6.339 6.345 6.351 6.357 6.362 6.368 6.374 6.379 6.383 6.387 6.391 6.395 6.400 6.404 6.409 6.414 6.418 6.423 6.428 6.433 6.437 6.442 6.448 6.453 6.458 6.464 6.470 6.476 6.483 6.491 6.498
5.962 5.970 5.979 5.988 5.998 6.008 6.018 6.026 6.035 6.045 6.055 6.065 6.075 6.085 6.094 6.104 6.113 6.122 6.131 6.140 6.149 6.157 6.166 6.174 6.182 6.191 6.199 6.207 6.216 6.225 6.233 6.240 6.247 6.255 6.263 6.271 6.279 6.287 6.295 6.303 6.311 6.318 6.325 6.332 6.339 6.346 6.352 6.358 6.364 6.370 6.376 6.381 6.387 6.392 6.396 6.400 6.404 6.408 6.413 6.417 6.422 6.426 6.431 6.435 6.440 6.445 6.449 6.454 6.459 6.464 6.469 6.475 6.480 6.486 6.493 6.500 6.506
5.982 5.990 5.998 6.006 6.015 6.024 6.032 6.041 6.049 6.058 6.068 6.078 6.088 6.097 6.107 6.117 6.126 6.135 6.145 6.153 6.162 6.171 6.179 6.187 6.196 6.204 6.212 6.221 6.229 6.238 6.245 6.252 6.260 6.267 6.275 6.283 6.291 6.299 6.307 6.315 6.323 6.330 6.338 6.345 6.352 6.358 6.365 6.371 6.377 6.383 6.389 6.395 6.400 6.405 6.409 6.413 6.417 6.422 6.426 6.430 6.435 6.439 6.444 6.448 6.452 6.457 6.462 6.466 6.471 6.476 6.481 6.486 6.491 6.497 6.503 6.509 6.516
6.004 6.011 6.018 6.025 6.033 6.041 6.048 6.056 6.064 6.072 6.081 6.090 6.100 6.110 6.119 6.129 6.138 6.148 6.157 6.166 6.175 6.184 6.192 6.200 6.209 6.217 6.225 6.233 6.242 6.250 6.257 6.264 6.272 6.279 6.287 6.295 6.303 6.311 6.319 6.327 6.334 6.342 6.350 6.357 6.364 6.371 6.377 6.384 6.390 6.396 6.402 6.408 6.414 6.418 6.422 6.426 6.430 6.435 6.439 6.443 6.447 6.452 6.456 6.460 6.465 6.469 6.474 6.478 6.483 6.487 6.492 6.497 6.502 6.507 6.513 6.519 6.525
