TsunamiDB/out54059.asc
ncols          264
nrows          230
xllcorner      497853.4375
yllcorner      4229146.0000
cellsize         5.
NODATA_value   -99
[rows 132 to 164 of 230, columns 74 to 147 of 264]
4.590 4.632 4.672 4.711 4.748 4.784 4.820 4.854 4.888 4.922 4.954 4.986 5.018 5.048 5.079 5.109 5.138 5.168 5.197 5.226 5.255 5.284 5.313 5.341 5.370 5.398 5.426 5.454 5.480 5.507 5.533 5.559 5.585 5.609 5.632 5.655 5.676 5.696 5.714 5.731 5.747 5.762 5.775 5.787 5.799 5.810 5.821 5.833 5.845 5.859 5.872 5.887 5.904 5.922 5.941 5.960 5.980 6.001 6.021 6.041 6.060 6.079 6.096 6.113 6.128 6.142 6.154 6.164 6.173 6.180 6.186 6.190 6.194 6.197
4.612 4.653 4.693 4.731 4.768 4.803 4.839 4.873 4.907 4.939 4.972 5.003 5.034 5.064 5.094 5.124 5.153 5.182 5.211 5.239 5.268 5.296 5.324 5.352 5.381 5.409 5.437 5.464 5.491 5.518 5.545 5.571 5.597 5.622 5.646 5.669 5.692 5.713 5.733 5.751 5.768 5.784 5.798 5.811 5.823 5.835 5.845 5.856 5.867 5.879 5.891 5.903 5.918 5.935 5.952 5.971 5.990 6.010 6.029 6.049 6.069 6.088 6.106 6.123 6.139 6.154 6.168 6.180 6.190 6.199 6.206 6.212 6.217 6.221
4.634 4.674 4.713 4.751 4.788 4.823 4.858 4.892 4.925 4.957 4.989 5.020 5.050 5.080 5.110 5.139 5.168 5.196 5.224 5.252 5.280 5.308 5.336 5.364 5.391 5.419 5.447 5.474 5.500 5.528 5.555 5.581 5.608 5.633 5.658 5.683 5.706 5.728 5.749 5.769 5.788 5.805 5.820 5.835 5.847 5.859 5.870 5.880 5.890 5.901 5.911 5.922 5.935 5.950 5.966 5.983 6.001 6.020 6.039 6.058 6.078 6.097 6.115 6.133 6.150 6.166 6.181 6.194 6.206 6.216 6.225 6.232 6.238 6.243
4.655 4.695 4.733 4.771 4.807 4.842 4.876 4.910 4.943 4.975 5.006 5.037 5.067 5.097 5.126 5.155 5.183 5.211 5.239 5.266 5.294 5.321 5.348 5.375 5.402 5.430 5.457 5.483 5.510 5.537 5.564 5.591 5.617 5.643 5.669 5.694 5.718 5.742 5.764 5.785 5.805 5.824 5.841 5.856 5.870 5.883 5.894 5.905 5.915 5.924 5.934 5.943 5.955 5.968 5.982 5.997 6.014 6.031 6.050 6.068 6.087 6.106 6.125 6.143 6.160 6.177 6.192 6.206 6.219 6.231 6.241 6.250 6.258 6.263
4.675 4.714 4.753 4.790 4.825 4.860 4.894 4.928 4.961 4.992 5.024 5.054 5.084 5.114 5.143 5.171 5.199 5.227 5.254 5.281 5.308 5.335 5.361 5.387 5.414 5.440 5.467 5.493 5.519 5.545 5.572 5.599 5.626 5.652 5.678 5.704 5.729 5.753 5.777 5.799 5.820 5.840 5.859 5.876 5.891 5.905 5.918 5.929 5.939 5.949 5.957 5.966 5.976 5.988 6.000 6.014 6.029 6.045 6.062 6.080 6.098 6.116 6.135 6.153 6.170 6.187 6.203 6.218 6.232 6.245 6.257 6.267 6.276 6.282
4.694 4.733 4.772 4.808 4.843 4.878 4.912 4.945 4.978 5.010 5.041 5.071 5.101 5.131 5.159 5.188 5.216 5.243 5.270 5.297 5.323 5.349 5.375 5.400 5.426 5.452 5.477 5.502 5.528 5.554 5.581 5.607 5.634 5.660 5.687 5.713 5.738 5.763 5.787 5.811 5.833 5.855 5.875 5.893 5.910 5.926 5.940 5.952 5.963 5.973 5.982 5.990 5.999 6.009 6.020 6.032 6.046 6.060 6.076 6.092 6.110 6.127 6.145 6.163 6.181 6.198 6.214 6.230 6.244 6.258 6.271 6.282 6.292 6.299
4.713 4.752 4.790 4.826 4.860 4.895 4.929 4.962 4.995 5.026 5.057 5.088 5.118 5.147 5.176 5.205 5.233 5.260 5.287 5.313 5.339 5.364 5.389 5.414 5.439 5.464 5.489 5.512 5.537 5.563 5.589 5.615 5.641 5.668 5.694 5.720 5.746 5.772 5.797 5.821 5.844 5.867 5.888 5.908 5.927 5.944 5.959 5.973 5.986 5.997 6.006 6.014 6.023 6.033 6.042 6.053 6.065 6.078 6.092 6.107 6.123 6.140 6.157 6.174 6.191 6.208 6.225 6.241 6.256 6.270 6.284 6.296 6.306 6.315
4.730 4.769 4.807 4.842 4.877 4.912 4.945 4.978 5.011 5.042 5.074 5.104 5.134 5.164 5.193 5.222 5.250 5.277 5.303 5.329 5.355 5.380 5.404 5.429 5.453 5.477 5.500 5.523 5.547 5.572 5.597 5.623 5.648 5.674 5.701 5.727 5.753 5.779 5.804 5.829 5.854 5.877 5.900 5.921 5.941 5.960 5.977 5.993 6.007 6.019 6.028 6.038 6.047 6.056 6.065 6.075 6.086 6.097 6.110 6.123 6.138 6.154 6.170 6.186 6.203 6.220 6.236 6.252 6.267 6.282 6.296 6.309 6.321 6.330
4.747 4.786 4.823 4.858 4.893 4.927 4.961 4.994 5.026 5.058 5.089 5.120 5.150 5.180 5.210 5.238 5.266 5.294 5.320 5.346 5.372 5.396 5.421 5.444 5.468 5.491 5.513 5.535 5.559 5.582 5.606 5.631 5.656 5.681 5.707 5.733 5.759 5.785 5.811 5.836 5.861 5.886 5.909 5.932 5.953 5.973 5.992 6.009 6.025 6.038 6.049 6.060 6.070 6.080 6.089 6.098 6.108 6.118 6.129 6.142 6.155 6.169 6.184 6.200 6.216 6.232 6.248 6.264 6.279 6.294 6.309 6.322 6.334 6.345
4.763 4.801 4.838 4.873 4.908 4.942 4.976 5.008 5.041 5.073 5.104 5.135 5.166 5.196 5.226 5.255 5.283 5.310 5.337 5.363 5.389 5.413 5.437 5.461 5.483 5.506 5.527 5.549 5.571 5.594 5.617 5.640 5.664 5.689 5.714 5.739 5.765 5.791 5.817 5.842 5.868 5.893 5.917 5.941 5.963 5.985 6.005 6.024 6.041 6.056 6.068 6.081 6.092 6.102 6.112 6.121 6.130 6.140 6.150 6.161 6.173 6.186 6.200 6.215 6.230 6.245 6.261 6.276 6.292 6.307 6.321 6.335 6.348 6.359
4.779 4.817 4.853 4.888 4.922 4.956 4.990 5.023 5.055 5.087 5.119 5.150 5.181 5.211 5.241 5.270 5.299 5.327 5.354 5.380 5.405 5.430 5.454 5.477 5.500 5.522 5.543 5.563 5.585 5.606 5.628 5.650 5.673 5.697 5.721 5.745 5.770 5.796 5.822 5.847 5.873 5.898 5.923 5.948 5.971 5.994 6.015 6.036 6.054 6.071 6.085 6.099 6.112 6.123 6.134 6.143 6.153 6.162 6.172 6.182 6.193 6.205 6.218 6.231 6.245 6.260 6.275 6.290 6.305 6.319 6.334 6.348 6.361 6.373
4.794 4.831 4.867 4.902 4.936 4.970 5.003 5.036 5.068 5.101 5.132 5.164 5.195 5.226 5.256 5.285 5.314 5.342 5.369 5.396 5.422 5.447 5.471 5.494 5.517 5.539 5.559 5.579 5.600 5.620 5.641 5.662 5.683 5.706 5.728 5.752 5.776 5.801 5.826 5.852 5.877 5.903 5.928 5.953 5.978 6.001 6.024 6.045 6.066 6.083 6.100 6.115 6.129 6.142 6.154 6.164 6.174 6.184 6.193 6.203 6.214 6.225 6.236 6.249 6.262 6.276 6.290 6.304 6.319 6.333 6.348 6.362 6.375 6.387
4.808 4.845 4.881 4.915 4.949 4.983 5.016 5.049 5.081 5.114 5.146 5.177 5.208 5.239 5.269 5.299 5.328 5.357 5.384 5.411 5.437 5.463 5.487 5.511 5.534 5.556 5.576 5.596 5.616 5.635 5.655 5.675 5.695 5.716 5.738 5.760 5.783 5.807 5.831 5.856 5.881 5.907 5.932 5.958 5.983 6.007 6.030 6.053 6.075 6.094 6.112 6.129 6.144 6.159 6.172 6.183 6.194 6.205 6.214 6.224 6.234 6.244 6.255 6.267 6.279 6.292 6.306 6.320 6.334 6.348 6.362 6.377 6.390 6.402
4.822 4.858 4.894 4.928 4.961 4.995 5.028 5.061 5.094 5.126 5.158 5.190 5.221 5.252 5.282 5.312 5.341 5.370 5.398 5.426 5.452 5.478 5.503 5.527 5.550 5.573 5.593 5.613 5.632 5.652 5.671 5.690 5.709 5.728 5.748 5.769 5.791 5.813 5.837 5.861 5.885 5.911 5.936 5.961 5.986 6.011 6.036 6.059 6.082 6.102 6.121 6.140 6.157 6.173 6.187 6.201 6.213 6.224 6.234 6.244 6.254 6.264 6.275 6.286 6.297 6.310 6.323 6.336 6.350 6.363 6.378 6.392 6.405 6.417
4.835 4.871 4.907 4.941 4.974 5.007 5.041 5.073 5.106 5.138 5.170 5.201 5.233 5.264 5.294 5.324 5.354 5.383 5.411 5.439 5.466 5.492 5.518 5.543 5.566 5.589 5.610 5.630 5.650 5.669 5.687 5.706 5.724 5.742 5.761 5.780 5.800 5.821 5.843 5.866 5.890 5.914 5.939 5.964 5.990 6.015 6.039 6.064 6.087 6.109 6.129 6.149 6.167 6.185 6.201 6.215 6.229 6.241 6.252 6.263 6.273 6.283 6.294 6.305 6.316 6.328 6.340 6.353 6.366 6.380 6.394 6.408 6.421 6.433
4.848 4.884 4.919 4.953 4.986 5.019 5.052 5.085 5.117 5.150 5.181 5.213 5.244 5.275 5.305 5.335 5.365 5.394 5.423 5.451 5.479 5.506 5.532 5.557 5.581 5.605 5.626 5.647 5.667 5.686 5.705 5.723 5.740 5.757 5.775 5.793 5.811 5.831 5.851 5.873 5.895 5.918 5.943 5.967 5.992 6.017 6.042 6.067 6.091 6.114 6.135 6.156 6.176 6.194 6.212 6.228 6.242 6.256 6.268 6.280 6.291 6.301 6.312 6.323 6.334 6.345 6.357 6.370 6.383 6.396 6.410 6.424 6.437 6.450
4.861 4.897 4.932 4.965 4.998 5.031 5.064 5.097 5.129 5.161 5.192 5.223 5.254 5.285 5.316 5.346 5.375 5.405 5.434 5.462 5.490 5.518 5.544 5.570 5.595 5.620 5.642 5.663 5.684 5.703 5.722 5.740 5.757 5.774 5.791 5.807 5.825 5.842 5.861 5.881 5.902 5.924 5.947 5.971 5.995 6.020 6.045 6.070 6.094 6.117 6.139 6.161 6.182 6.202 6.221 6.238 6.254 6.269 6.282 6.295 6.307 6.318 6.329 6.340 6.351 6.362 6.374 6.387 6.400 6.413 6.427 6.441 6.454 6.467
4.875 4.910 4.945 4.978 5.010 5.043 5.076 5.108 5.140 5.171 5.203 5.234 5.264 5.295 5.325 5.355 5.385 5.415 5.444 5.473 5.501 5.529 5.556 5.582 5.608 5.633 5.656 5.678 5.699 5.720 5.739 5.758 5.775 5.792 5.808 5.824 5.840 5.856 5.873 5.891 5.910 5.931 5.952 5.975 5.998 6.022 6.047 6.072 6.096 6.120 6.143 6.165 6.187 6.208 6.228 6.246 6.263 6.279 6.294 6.308 6.320 6.332 6.344 6.356 6.367 6.379 6.391 6.403 6.416 6.430 6.444 6.458 6.472 6.485
4.888 4.923 4.957 4.990 5.022 5.055 5.087 5.119 5.151 5.182 5.213 5.243 5.274 5.304 5.334 5.364 5.394 5.424 5.453 5.482 5.510 5.538 5.566 5.593 5.619 5.645 5.669 5.691 5.714 5.735 5.756 5.775 5.793 5.810 5.826 5.841 5.856 5.872 5.887 5.904 5.921 5.940 5.960 5.981 6.003 6.026 6.050 6.074 6.098 6.122 6.145 6.168 6.191 6.212 6.233 6.253 6.271 6.288 6.304 6.319 6.332 6.345 6.358 6.370 6.382 6.394 6.406 6.419 6.432 6.446 6.460 6.475 6.489 6.502
4.902 4.936 4.970 5.003 5.035 5.067 5.099 5.130 5.161 5.192 5.223 5.253 5.283 5.313 5.343 5.373 5.402 5.432 5.461 5.490 5.519 5.547 5.575 5.602 5.629 5.655 5.680 5.704 5.727 5.749 5.771 5.791 5.809 5.827 5.844 5.859 5.874 5.889 5.903 5.918 5.934 5.951 5.969 5.988 6.009 6.030 6.053 6.077 6.101 6.124 6.147 6.170 6.193 6.216 6.237 6.258 6.277 6.295 6.312 6.327 6.342 6.356 6.369 6.382 6.395 6.407 6.420 6.434 6.447 6.461 6.476 6.491 6.505 6.520
4.916 4.950 4.984 5.016 5.047 5.079 5.110 5.141 5.172 5.202 5.233 5.262 5.292 5.322 5.351 5.381 5.410 5.440 5.469 5.498 5.527 5.555 5.583 5.611 5.638 5.665 5.690 5.714 5.739 5.762 5.784 5.805 5.825 5.844 5.861 5.877 5.892 5.907 5.921 5.935 5.949 5.964 5.981 5.998 6.017 6.037 6.058 6.080 6.103 6.126 6.149 6.172 6.195 6.218 6.240 6.261 6.281 6.300 6.318 6.335 6.350 6.365 6.379 6.393 6.406 6.419 6.433 6.447 6.461 6.476 6.491 6.506 6.521 6.536
4.930 4.964 4.997 5.029 5.060 5.092 5.122 5.153 5.183 5.213 5.242 5.272 5.301 5.330 5.359 5.389 5.418 5.447 5.476 5.505 5.534 5.562 5.590 5.618 5.646 5.673 5.699 5.724 5.749 5.773 5.796 5.818 5.839 5.859 5.877 5.894 5.910 5.925 5.939 5.953 5.966 5.980 5.995 6.010 6.027 6.046 6.065 6.086 6.108 6.129 6.151 6.174 6.197 6.220 6.242 6.264 6.285 6.304 6.323 6.340 6.357 6.372 6.387 6.402 6.416 6.430 6.444 6.458 6.473 6.489 6.505 6.521 6.536 6.552
4.945 4.978 5.011 5.042 5.073 5.104 5.135 5.165 5.194 5.223 5.252 5.281 5.310 5.339 5.368 5.396 5.425 5.454 5.483 5.511 5.540 5.569 5.597 5.625 5.653 5.680 5.706 5.732 5.757 5.782 5.806 5.830 5.852 5.872 5.892 5.910 5.927 5.943 5.957 5.971 5.984 5.997 6.011 6.025 6.040 6.057 6.074 6.093 6.113 6.134 6.155 6.177 6.200 6.222 6.244 6.266 6.287 6.307 6.326 6.345 6.362 6.378 6.394 6.409 6.424 6.439 6.454 6.469 6.484 6.501 6.517 6.534 6.549 6.566
4.960 4.993 5.025 5.056 5.087 5.117 5.147 5.177 5.206 5.234 5.263 5.291 5.319 5.347 5.376 5.404 5.432 5.461 5.489 5.517 5.546 5.574 5.603 5.631 5.659 5.686 5.712 5.739 5.765 5.790 5.815 5.839 5.862 5.884 5.905 5.924 5.943 5.959 5.975 5.989 6.003 6.016 6.028 6.042 6.055 6.070 6.086 6.103 6.122 6.140 6.160 6.181 6.203 6.225 6.247 6.268 6.289 6.310 6.329 6.348 6.366 6.383 6.400 6.416 6.431 6.447 6.462 6.478 6.494 6.511 6.528 6.545 6.562 6.579
4.975 5.008 5.040 5.070 5.101 5.131 5.160 5.189 5.218 5.246 5.274 5.301 5.329 5.357 5.384 5.412 5.439 5.467 5.495 5.523 5.551 5.580 5.608 5.636 5.664 5.691 5.717 5.744 5.771 5.797 5.823 5.848 5.872 5.895 5.917 5.937 5.956 5.974 5.991 6.006 6.021 6.034 6.047 6.059 6.072 6.086 6.100 6.116 6.132 6.149 6.167 6.187 6.207 6.228 6.250 6.271 6.292 6.312 6.332 6.351 6.369 6.387 6.404 6.421 6.437 6.453 6.469 6.486 6.503 6.520 6.538 6.555 6.573 6.591
4.990 5.023 5.054 5.084 5.115 5.145 5.174 5.203 5.231 5.258 5.285 5.312 5.339 5.366 5.393 5.420 5.447 5.474 5.502 5.529 5.557 5.585 5.613 5.641 5.669 5.696 5.722 5.749 5.776 5.803 5.829 5.855 5.879 5.903 5.926 5.948 5.969 5.988 6.006 6.022 6.038 6.052 6.065 6.078 6.090 6.103 6.116 6.130 6.145 6.159 6.176 6.194 6.213 6.233 6.254 6.274 6.295 6.315 6.335 6.354 6.372 6.390 6.408 6.425 6.442 6.459 6.475 6.493 6.510 6.528 6.546 6.564 6.583 6.602
5.005 5.038 5.069 5.099 5.129 5.159 5.188 5.216 5.244 5.271 5.298 5.324 5.350 5.376 5.402 5.429 5.455 5.481 5.508 5.535 5.562 5.590 5.617 5.645 5.673 5.699 5.726 5.753 5.781 5.808 5.834 5.860 5.886 5.910 5.934 5.957 5.979 5.999 6.019 6.037 6.053 6.068 6.082 6.096 6.108 6.121 6.133 6.146 6.159 6.172 6.187 6.204 6.222 6.240 6.259 6.279 6.299 6.318 6.338 6.357 6.375 6.394 6.412 6.429 6.446 6.464 6.481 6.498 6.516 6.535 6.554 6.572 6.591 6.611
5.020 5.053 5.084 5.114 5.144 5.173 5.202 5.230 5.257 5.284 5.310 5.336 5.362 5.387 5.413 5.438 5.463 5.489 5.515 5.541 5.568 5.594 5.622 5.649 5.676 5.703 5.730 5.757 5.784 5.811 5.838 5.865 5.891 5.916 5.941 5.965 5.988 6.009 6.030 6.049 6.067 6.083 6.099 6.113 6.126 6.139 6.151 6.163 6.175 6.187 6.201 6.216 6.232 6.249 6.267 6.285 6.304 6.323 6.342 6.360 6.379 6.397 6.415 6.433 6.450 6.468 6.486 6.503 6.522 6.541 6.560 6.579 6.599 6.619
5.035 5.068 5.098 5.128 5.159 5.188 5.216 5.244 5.271 5.298 5.324 5.349 5.374 5.399 5.424 5.448 5.473 5.498 5.523 5.548 5.574 5.600 5.626 5.653 5.680 5.706 5.733 5.760 5.787 5.815 5.842 5.869 5.895 5.921 5.946 5.971 5.995 6.017 6.039 6.060 6.079 6.097 6.113 6.128 6.142 6.156 6.168 6.181 6.192 6.203 6.216 6.229 6.244 6.260 6.276 6.293 6.311 6.329 6.347 6.365 6.383 6.401 6.419 6.437 6.455 6.472 6.490 6.508 6.527 6.546 6.566 6.585 6.605 6.626
5.050 5.082 5.113 5.143 5.173 5.202 5.231 5.259 5.286 5.312 5.338 5.363 5.388 5.412 5.436 5.460 5.483 5.507 5.531 5.556 5.580 5.605 5.631 5.657 5.684 5.709 5.735 5.762 5.790 5.817 5.844 5.871 5.898 5.924 5.950 5.976 6.000 6.024 6.047 6.068 6.089 6.108 6.126 6.142 6.157 6.172 6.185 6.197 6.209 6.220 6.232 6.244 6.258 6.272 6.287 6.303 6.319 6.336 6.354 6.371 6.389 6.407 6.424 6.442 6.460 6.477 6.495 6.513 6.532 6.551 6.571 6.591 6.611 6.632
5.065 5.097 5.127 5.157 5.187 5.216 5.245 5.273 5.300 5.326 5.352 5.377 5.401 5.425 5.449 5.472 5.495 5.518 5.541 5.564 5.588 5.612 5.637 5.662 5.688 5.713 5.738 5.765 5.792 5.819 5.846 5.873 5.900 5.927 5.954 5.979 6.005 6.029 6.053 6.075 6.097 6.117 6.136 6.154 6.171 6.186 6.200 6.213 6.225 6.236 6.248 6.260 6.273 6.286 6.300 6.314 6.330 6.346 6.362 6.379 6.396 6.413 6.430 6.448 6.465 6.483 6.501 6.519 6.537 6.557 6.577 6.596 6.616 6.638
5.079 5.111 5.141 5.171 5.201 5.230 5.259 5.287 5.314 5.341 5.367 5.392 5.416 5.439 5.463 5.485 5.507 5.530 5.552 5.574 5.596 5.620 5.643 5.667 5.692 5.716 5.741 5.767 5.794 5.821 5.848 5.875 5.902 5.929 5.956 5.982 6.008 6.033 6.057 6.081 6.103 6.125 6.145 6.164 6.182 6.198 6.214 6.228 6.240 6.252 6.264 6.276 6.288 6.300 6.313 6.327 6.342 6.357 6.372 6.388 6.405 6.421 6.438 6.455 6.472 6.490 6.507 6.525 6.544 6.563 6.582 6.602 6.622 6.643
5.093 5.125 5.155 5.184 5.214 5.244 5.273 5.301 5.328 5.355 5.381 5.406 5.431 5.454 5.477 5.499 5.521 5.543 5.564 5.585 5.607 5.628 5.651 5.674 5.698 5.721 5.745 5.770 5.796 5.823 5.849 5.876 5.903 5.930 5.957 5.984 6.010 6.036 6.061 6.085 6.108 6.131 6.152 6.172 6.191 6.209 6.225 6.241 6.254 6.266 6.279 6.291 6.303 6.315 6.328 6.341 6.354 6.369 6.384 6.399 6.415 6.431 6.447 6.464 6.481 6.498 6.515 6.533 6.551 6.569 6.589 6.608 6.628 6.649
