TsunamiDB/out54011.asc
ncols          264
nrows          230
xllcorner      497853.4375
yllcorner      4229146.0000
cellsize         5.
NODATA_value   -99
[rows 186 to 216 of 230, columns 140 to 209 of 264]
2.635 3.028 3.411 3.741 4.002 4.205 4.360 4.483 4.583 4.669 4.746 4.818 4.887 4.955 5.021 5.086 5.147 5.203 5.252 5.291 5.321 5.343 5.362 5.381 5.403 5.431 5.476 5.537 5.597 5.673 5.771 5.874 5.983 6.092 6.198 6.302 6.372 6.400 6.502 6.627 6.686 6.720 6.744 6.762 6.767 6.757 6.730 6.677 6.706 6.810 6.874 6.902 6.900 6.874 6.830 6.773 6.698 6.583 6.528 6.556 6.575 6.578 6.561 6.524 6.467 6.379 6.276 6.169 6.111 6.113
2.792 3.189 3.558 3.862 4.099 4.280 4.419 4.530 4.622 4.703 4.777 4.848 4.916 4.983 5.049 5.114 5.175 5.232 5.281 5.323 5.354 5.378 5.398 5.418 5.444 5.478 5.525 5.580 5.633 5.702 5.794 5.896 6.004 6.117 6.229 6.323 6.383 6.416 6.518 6.641 6.700 6.735 6.757 6.775 6.783 6.775 6.753 6.702 6.731 6.838 6.909 6.944 6.946 6.926 6.886 6.826 6.742 6.618 6.551 6.567 6.578 6.574 6.548 6.502 6.433 6.341 6.243 6.142 6.088 6.095
2.951 3.345 3.695 3.974 4.186 4.348 4.473 4.574 4.660 4.737 4.808 4.877 4.945 5.012 5.077 5.141 5.202 5.259 5.310 5.353 5.388 5.415 5.439 5.465 5.498 5.539 5.586 5.637 5.684 5.744 5.828 5.923 6.029 6.142 6.249 6.335 6.396 6.431 6.534 6.657 6.718 6.751 6.771 6.789 6.799 6.796 6.779 6.728 6.758 6.870 6.948 6.986 6.993 6.979 6.938 6.873 6.781 6.646 6.567 6.573 6.575 6.562 6.526 6.470 6.394 6.305 6.216 6.121 6.072 6.086
3.108 3.495 3.823 4.076 4.267 4.412 4.524 4.616 4.696 4.769 4.839 4.907 4.973 5.039 5.103 5.166 5.227 5.284 5.336 5.382 5.421 5.454 5.484 5.518 5.559 5.606 5.654 5.703 5.745 5.797 5.868 5.952 6.052 6.160 6.263 6.349 6.412 6.450 6.553 6.679 6.739 6.768 6.788 6.805 6.816 6.820 6.806 6.757 6.789 6.907 6.987 7.029 7.041 7.027 6.984 6.913 6.811 6.666 6.576 6.571 6.564 6.541 6.496 6.432 6.356 6.274 6.194 6.107 6.065 6.085
3.263 3.638 3.942 4.173 4.344 4.472 4.573 4.657 4.732 4.801 4.869 4.935 5.001 5.065 5.127 5.188 5.248 5.305 5.358 5.407 5.452 5.493 5.533 5.575 5.623 5.675 5.726 5.774 5.812 5.854 5.912 5.986 6.074 6.174 6.277 6.366 6.435 6.474 6.576 6.702 6.762 6.791 6.805 6.821 6.836 6.844 6.837 6.790 6.823 6.943 7.025 7.071 7.084 7.068 7.022 6.943 6.832 6.678 6.577 6.560 6.543 6.512 6.460 6.395 6.323 6.249 6.179 6.101 6.066 6.091
3.416 3.774 4.055 4.263 4.416 4.531 4.622 4.699 4.768 4.835 4.899 4.963 5.026 5.087 5.147 5.206 5.264 5.321 5.375 5.429 5.481 5.532 5.582 5.633 5.687 5.743 5.797 5.845 5.881 5.916 5.963 6.021 6.096 6.191 6.293 6.389 6.463 6.500 6.600 6.728 6.790 6.814 6.824 6.840 6.855 6.870 6.871 6.825 6.856 6.978 7.063 7.108 7.119 7.102 7.050 6.964 6.844 6.680 6.568 6.540 6.515 6.476 6.423 6.361 6.295 6.232 6.172 6.101 6.072 6.102
3.566 3.904 4.162 4.350 4.488 4.591 4.673 4.743 4.808 4.870 4.931 4.991 5.050 5.107 5.163 5.219 5.275 5.332 5.389 5.446 5.508 5.569 5.628 5.688 5.749 5.808 5.863 5.912 5.949 5.983 6.021 6.064 6.129 6.216 6.318 6.421 6.497 6.531 6.629 6.763 6.821 6.836 6.845 6.859 6.876 6.899 6.905 6.858 6.890 7.013 7.095 7.138 7.147 7.125 7.068 6.975 6.845 6.671 6.550 6.512 6.478 6.439 6.387 6.329 6.273 6.222 6.171 6.107 6.083 6.115
3.711 4.028 4.265 4.436 4.559 4.652 4.727 4.792 4.851 4.908 4.964 5.019 5.073 5.124 5.176 5.228 5.283 5.341 5.400 5.464 5.534 5.604 5.674 5.743 5.807 5.868 5.924 5.978 6.020 6.055 6.088 6.123 6.177 6.255 6.356 6.461 6.539 6.567 6.662 6.793 6.844 6.858 6.863 6.877 6.899 6.927 6.937 6.890 6.920 7.039 7.118 7.157 7.162 7.136 7.073 6.970 6.829 6.648 6.517 6.472 6.437 6.398 6.351 6.302 6.257 6.215 6.172 6.114 6.093 6.127
3.852 4.147 4.364 4.519 4.632 4.717 4.786 4.846 4.900 4.952 5.002 5.049 5.096 5.142 5.188 5.237 5.290 5.350 5.413 5.482 5.560 5.638 5.716 5.792 5.861 5.925 5.986 6.044 6.094 6.137 6.171 6.201 6.246 6.314 6.402 6.502 6.581 6.603 6.690 6.816 6.867 6.880 6.885 6.900 6.922 6.951 6.966 6.918 6.943 7.056 7.131 7.165 7.165 7.134 7.065 6.954 6.803 6.614 6.479 6.431 6.397 6.362 6.321 6.282 6.247 6.213 6.177 6.123 6.105 6.139
3.986 4.259 4.459 4.602 4.706 4.786 4.850 4.906 4.955 5.001 5.043 5.083 5.121 5.160 5.200 5.245 5.298 5.361 5.428 5.504 5.589 5.675 5.762 5.845 5.920 5.988 6.053 6.117 6.177 6.230 6.268 6.295 6.331 6.385 6.459 6.558 6.639 6.643 6.719 6.843 6.892 6.904 6.909 6.924 6.944 6.977 6.999 6.946 6.962 7.070 7.139 7.168 7.163 7.127 7.050 6.930 6.769 6.575 6.439 6.392 6.362 6.331 6.299 6.271 6.243 6.216 6.185 6.135 6.118 6.153
4.112 4.365 4.550 4.683 4.782 4.858 4.919 4.971 5.015 5.054 5.089 5.121 5.151 5.182 5.217 5.259 5.314 5.381 5.454 5.537 5.628 5.720 5.815 5.903 5.983 6.056 6.127 6.198 6.267 6.335 6.377 6.405 6.439 6.482 6.542 6.646 6.704 6.680 6.748 6.867 6.913 6.925 6.934 6.947 6.968 7.014 7.033 6.967 6.976 7.077 7.138 7.161 7.151 7.107 7.023 6.891 6.721 6.529 6.398 6.355 6.329 6.306 6.283 6.262 6.241 6.220 6.193 6.145 6.130 6.166
4.230 4.463 4.635 4.761 4.857 4.930 4.990 5.038 5.079 5.112 5.140 5.164 5.186 5.211 5.242 5.284 5.342 5.413 5.490 5.578 5.675 5.773 5.870 5.964 6.053 6.136 6.215 6.290 6.370 6.453 6.505 6.540 6.572 6.612 6.668 6.729 6.741 6.710 6.772 6.884 6.931 6.948 6.959 6.979 7.011 7.048 7.049 6.977 6.979 7.071 7.125 7.143 7.125 7.073 6.978 6.837 6.671 6.485 6.359 6.321 6.302 6.287 6.270 6.255 6.240 6.223 6.200 6.156 6.141 6.177
4.339 4.554 4.715 4.836 4.928 5.001 5.060 5.106 5.144 5.174 5.196 5.213 5.229 5.247 5.275 5.317 5.376 5.451 5.533 5.626 5.728 5.829 5.930 6.032 6.132 6.226 6.312 6.389 6.482 6.583 6.647 6.687 6.719 6.751 6.777 6.788 6.774 6.736 6.790 6.896 6.948 6.970 6.988 7.015 7.044 7.065 7.052 6.974 6.970 7.052 7.101 7.112 7.086 7.025 6.920 6.781 6.622 6.442 6.324 6.294 6.281 6.271 6.259 6.249 6.238 6.226 6.207 6.165 6.151 6.189
4.440 4.637 4.788 4.903 4.994 5.067 5.125 5.172 5.209 5.236 5.255 5.266 5.276 5.289 5.313 5.354 5.416 5.495 5.581 5.679 5.784 5.889 5.996 6.106 6.218 6.322 6.413 6.494 6.599 6.717 6.788 6.832 6.861 6.873 6.865 6.841 6.805 6.759 6.805 6.909 6.964 6.992 7.017 7.042 7.061 7.067 7.041 6.959 6.949 7.022 7.063 7.068 7.035 6.965 6.859 6.725 6.573 6.403 6.294 6.272 6.263 6.257 6.249 6.242 6.235 6.228 6.213 6.174 6.162 6.203
4.531 4.711 4.851 4.961 5.050 5.124 5.184 5.233 5.271 5.298 5.314 5.323 5.327 5.335 5.356 5.397 5.460 5.542 5.632 5.733 5.843 5.954 6.066 6.185 6.306 6.419 6.518 6.600 6.713 6.843 6.921 6.967 6.984 6.975 6.944 6.894 6.839 6.784 6.821 6.919 6.977 7.013 7.036 7.053 7.063 7.055 7.020 6.935 6.917 6.980 7.014 7.013 6.974 6.901 6.798 6.671 6.529 6.369 6.269 6.251 6.247 6.244 6.238 6.234 6.232 6.228 6.219 6.185 6.176 6.219
4.612 4.773 4.902 5.007 5.096 5.172 5.235 5.287 5.328 5.357 5.373 5.380 5.381 5.385 5.403 5.443 5.507 5.590 5.683 5.787 5.903 6.019 6.137 6.262 6.392 6.514 6.619 6.698 6.816 6.957 7.041 7.082 7.088 7.067 7.017 6.947 6.875 6.809 6.835 6.928 6.988 7.023 7.041 7.051 7.049 7.031 6.988 6.899 6.874 6.928 6.956 6.949 6.908 6.838 6.740 6.622 6.490 6.339 6.246 6.232 6.230 6.229 6.227 6.226 6.227 6.230 6.228 6.197 6.190 6.236
4.680 4.824 4.943 5.044 5.132 5.210 5.277 5.334 5.378 5.410 5.429 5.436 5.436 5.438 5.454 5.492 5.555 5.638 5.732 5.839 5.960 6.081 6.205 6.337 6.475 6.605 6.713 6.788 6.910 7.061 7.144 7.180 7.180 7.148 7.086 6.999 6.909 6.830 6.846 6.934 6.990 7.021 7.033 7.033 7.023 6.996 6.945 6.852 6.823 6.869 6.891 6.882 6.843 6.776 6.686 6.578 6.453 6.310 6.224 6.212 6.212 6.214 6.215 6.217 6.223 6.233 6.237 6.211 6.207 6.256
4.737 4.867 4.977 5.074 5.160 5.240 5.310 5.371 5.421 5.456 5.478 5.488 5.490 5.494 5.509 5.546 5.606 5.688 5.780 5.890 6.015 6.142 6.271 6.410 6.555 6.688 6.796 6.866 6.990 7.144 7.224 7.259 7.252 7.213 7.140 7.037 6.932 6.840 6.845 6.924 6.975 7.003 7.007 6.999 6.982 6.946 6.889 6.794 6.759 6.799 6.818 6.811 6.774 6.714 6.634 6.532 6.414 6.279 6.196 6.186 6.189 6.196 6.200 6.207 6.220 6.236 6.247 6.225 6.225 6.274
4.786 4.905 5.008 5.099 5.184 5.263 5.336 5.400 5.454 5.494 5.520 5.534 5.542 5.551 5.569 5.604 5.660 5.738 5.828 5.936 6.064 6.196 6.330 6.472 6.617 6.751 6.861 6.926 7.047 7.200 7.282 7.315 7.305 7.262 7.182 7.068 6.950 6.845 6.839 6.909 6.955 6.976 6.972 6.958 6.933 6.890 6.828 6.730 6.693 6.730 6.750 6.744 6.711 6.659 6.587 6.491 6.378 6.247 6.169 6.162 6.169 6.179 6.188 6.201 6.220 6.241 6.259 6.242 6.244 6.292
4.832 4.941 5.037 5.123 5.204 5.282 5.355 5.421 5.478 5.522 5.554 5.574 5.590 5.607 5.630 5.664 5.715 5.790 5.875 5.980 6.108 6.242 6.382 6.528 6.674 6.813 6.927 6.980 7.095 7.253 7.337 7.370 7.359 7.313 7.226 7.103 6.969 6.851 6.832 6.894 6.933 6.946 6.935 6.914 6.881 6.832 6.767 6.667 6.630 6.667 6.687 6.683 6.656 6.612 6.545 6.454 6.343 6.217 6.143 6.141 6.152 6.167 6.182 6.201 6.225 6.253 6.278 6.264 6.265 6.312
4.873 4.975 5.064 5.146 5.224 5.299 5.371 5.439 5.497 5.546 5.583 5.611 5.636 5.660 5.688 5.722 5.775 5.848 5.927 6.027 6.152 6.289 6.435 6.585 6.734 6.886 6.989 7.022 7.135 7.298 7.383 7.416 7.404 7.353 7.260 7.122 6.975 6.848 6.818 6.870 6.901 6.908 6.892 6.862 6.823 6.770 6.701 6.604 6.570 6.607 6.627 6.628 6.606 6.566 6.504 6.413 6.304 6.186 6.119 6.120 6.136 6.158 6.180 6.205 6.234 6.272 6.303 6.287 6.288 6.332
4.910 5.006 5.090 5.169 5.244 5.317 5.388 5.455 5.515 5.567 5.611 5.646 5.679 5.711 5.747 5.791 5.848 5.918 5.993 6.087 6.209 6.346 6.495 6.652 6.810 6.943 7.022 7.052 7.165 7.328 7.416 7.450 7.435 7.377 7.274 7.128 6.979 6.841 6.797 6.840 6.865 6.866 6.842 6.806 6.762 6.704 6.636 6.544 6.512 6.548 6.571 6.576 6.557 6.518 6.457 6.368 6.268 6.158 6.097 6.103 6.126 6.155 6.184 6.216 6.256 6.298 6.325 6.310 6.308 6.347
4.941 5.033 5.116 5.192 5.264 5.335 5.405 5.472 5.534 5.591 5.641 5.684 5.725 5.766 5.814 5.868 5.931 6.002 6.075 6.163 6.278 6.409 6.556 6.715 6.861 6.974 7.044 7.070 7.181 7.347 7.438 7.471 7.451 7.388 7.276 7.130 6.979 6.828 6.771 6.807 6.825 6.818 6.788 6.746 6.697 6.639 6.574 6.486 6.456 6.494 6.520 6.525 6.507 6.468 6.407 6.326 6.236 6.134 6.079 6.093 6.124 6.159 6.196 6.237 6.281 6.322 6.346 6.329 6.325 6.359
4.969 5.058 5.138 5.212 5.284 5.353 5.422 5.490 5.555 5.617 5.675 5.726 5.775 5.827 5.885 5.949 6.020 6.096 6.168 6.253 6.354 6.472 6.612 6.757 6.890 6.993 7.059 7.081 7.190 7.359 7.450 7.480 7.457 7.388 7.274 7.128 6.970 6.807 6.741 6.769 6.779 6.767 6.731 6.683 6.633 6.578 6.515 6.431 6.405 6.444 6.469 6.474 6.456 6.417 6.360 6.289 6.208 6.116 6.070 6.093 6.130 6.171 6.215 6.261 6.306 6.344 6.365 6.346 6.339 6.367
4.994 5.080 5.158 5.231 5.300 5.368 5.436 5.506 5.574 5.642 5.707 5.768 5.828 5.890 5.958 6.033 6.113 6.194 6.269 6.347 6.434 6.537 6.654 6.781 6.905 7.005 7.071 7.089 7.193 7.361 7.452 7.480 7.453 7.383 7.270 7.120 6.955 6.782 6.706 6.726 6.730 6.711 6.671 6.623 6.574 6.520 6.460 6.382 6.357 6.394 6.419 6.424 6.405 6.369 6.319 6.256 6.189 6.108 6.070 6.100 6.143 6.190 6.238 6.286 6.330 6.364 6.381 6.360 6.348 6.369
5.018 5.100 5.176 5.246 5.312 5.377 5.445 5.515 5.587 5.660 5.735 5.808 5.879 5.951 6.029 6.114 6.201 6.285 6.364 6.439 6.514 6.594 6.686 6.797 6.913 7.015 7.083 7.093 7.191 7.360 7.451 7.475 7.445 7.375 7.259 7.106 6.933 6.750 6.664 6.678 6.676 6.653 6.613 6.567 6.518 6.467 6.411 6.335 6.310 6.346 6.369 6.373 6.356 6.325 6.283 6.233 6.180 6.108 6.078 6.114 6.162 6.212 6.261 6.309 6.351 6.381 6.394 6.369 6.352 6.365
5.043 5.120 5.191 5.256 5.318 5.380 5.446 5.517 5.591 5.670 5.757 5.841 5.922 6.006 6.095 6.186 6.277 6.365 6.448 6.527 6.590 6.647 6.720 6.816 6.924 7.029 7.098 7.100 7.192 7.363 7.448 7.466 7.434 7.361 7.243 7.083 6.899 6.707 6.617 6.622 6.616 6.595 6.556 6.511 6.467 6.419 6.364 6.289 6.265 6.298 6.320 6.326 6.313 6.287 6.256 6.220 6.178 6.116 6.093 6.134 6.183 6.234 6.283 6.329 6.368 6.395 6.402 6.373 6.350 6.354
5.071 5.141 5.204 5.263 5.319 5.376 5.440 5.512 5.589 5.674 5.771 5.867 5.962 6.058 6.152 6.246 6.341 6.431 6.521 6.603 6.660 6.708 6.763 6.841 6.945 7.049 7.119 7.111 7.195 7.360 7.436 7.448 7.410 7.334 7.211 7.041 6.847 6.650 6.555 6.557 6.553 6.534 6.498 6.458 6.417 6.370 6.314 6.241 6.216 6.248 6.271 6.280 6.272 6.256 6.236 6.212 6.182 6.128 6.110 6.153 6.203 6.254 6.300 6.344 6.380 6.401 6.403 6.370 6.339 6.333
5.104 5.165 5.219 5.269 5.318 5.370 5.431 5.503 5.581 5.672 5.777 5.884 5.991 6.097 6.197 6.295 6.391 6.485 6.582 6.673 6.735 6.779 6.823 6.888 6.975 7.072 7.142 7.123 7.194 7.348 7.416 7.420 7.375 7.293 7.164 6.987 6.785 6.584 6.490 6.494 6.494 6.478 6.445 6.409 6.371 6.324 6.269 6.196 6.170 6.203 6.229 6.242 6.241 6.235 6.225 6.211 6.191 6.144 6.130 6.173 6.221 6.270 6.315 6.355 6.387 6.403 6.400 6.360 6.321 6.306
5.144 5.194 5.237 5.277 5.317 5.362 5.419 5.492 5.572 5.668 5.782 5.900 6.020 6.136 6.243 6.345 6.444 6.539 6.644 6.750 6.819 6.863 6.900 6.950 7.019 7.113 7.185 7.144 7.194 7.338 7.396 7.388 7.335 7.247 7.110 6.925 6.713 6.515 6.427 6.437 6.441 6.429 6.402 6.370 6.333 6.285 6.229 6.156 6.132 6.166 6.196 6.214 6.222 6.225 6.224 6.220 6.210 6.167 6.153 6.195 6.242 6.287 6.328 6.365 6.392 6.403 6.392 6.345 6.297 6.273
5.189 5.228 5.261 5.290 5.322 5.361 5.418 5.493 5.575 5.677 5.798 5.925 6.057 6.180 6.294 6.400 6.499 6.594 6.709 6.830 6.907 6.956 6.996 7.035 7.091 7.193 7.242 7.161 7.192 7.321 7.365 7.346 7.283 7.183 7.039 6.838 6.623 6.442 6.367 6.383 6.393 6.386 6.364 6.333 6.296 6.247 6.190 6.120 6.100 6.136 6.169 6.194 6.211 6.222 6.230 6.236 6.232 6.190 6.176 6.216 6.258 6.300 6.338 6.370 6.391 6.394 6.375 6.321 6.265 6.230
