TsunamiDB/out54158.asc
ncols          264
nrows          230
xllcorner      497853.4375
yllcorner      4229146.0000
cellsize         5.
NODATA_value   -99
[rows 136 to 169 of 230, columns 0 to 76 of 264]
6.319 6.327 6.334 6.341 6.348 6.354 6.360 6.366 6.370 6.374 6.377 6.379 6.382 6.384 6.387 6.389 6.392 6.396 6.399 6.403 6.408 6.413 6.418 6.424 6.430 6.436 6.443 6.450 6.457 6.465 6.473 6.481 6.488 6.495 6.502 6.510 6.517 6.524 6.532 6.540 6.547 6.555 6.563 6.571 6.579 6.587 6.594 6.602 6.609 6.617 6.624 6.631 6.638 6.645 6.652 6.657 6.663 6.667 6.672 6.676 6.680 6.683 6.686 6.689 6.692 6.695 6.698 6.700 6.703 6.705 6.707 6.710 6.712 6.714 6.716 6.719 6.722
6.328 6.337 6.345 6.353 6.360 6.367 6.373 6.379 6.384 6.388 6.391 6.394 6.397 6.399 6.402 6.404 6.407 6.410 6.413 6.416 6.420 6.424 6.429 6.434 6.440 6.446 6.452 6.458 6.465 6.473 6.481 6.488 6.495 6.502 6.509 6.517 6.524 6.531 6.539 6.546 6.554 6.561 6.569 6.577 6.585 6.593 6.600 6.608 6.616 6.623 6.631 6.638 6.645 6.652 6.659 6.665 6.670 6.675 6.680 6.684 6.688 6.692 6.695 6.698 6.701 6.704 6.707 6.709 6.712 6.714 6.717 6.719 6.721 6.723 6.725 6.728 6.731
6.337 6.346 6.355 6.363 6.371 6.378 6.385 6.392 6.397 6.402 6.405 6.409 6.412 6.414 6.417 6.419 6.422 6.424 6.427 6.430 6.433 6.437 6.441 6.445 6.450 6.456 6.461 6.468 6.474 6.481 6.489 6.496 6.503 6.510 6.517 6.524 6.531 6.538 6.545 6.553 6.560 6.568 6.576 6.583 6.591 6.599 6.607 6.614 6.622 6.630 6.637 6.644 6.652 6.659 6.666 6.672 6.677 6.683 6.687 6.692 6.696 6.700 6.704 6.707 6.710 6.713 6.716 6.719 6.721 6.724 6.726 6.728 6.730 6.733 6.735 6.737 6.740
6.345 6.355 6.364 6.373 6.381 6.389 6.396 6.403 6.410 6.414 6.419 6.423 6.426 6.429 6.432 6.434 6.436 6.439 6.441 6.444 6.447 6.450 6.453 6.457 6.461 6.466 6.472 6.477 6.483 6.490 6.497 6.504 6.511 6.517 6.524 6.531 6.538 6.545 6.552 6.559 6.567 6.574 6.582 6.590 6.597 6.605 6.613 6.621 6.628 6.636 6.643 6.651 6.658 6.666 6.673 6.679 6.685 6.690 6.695 6.700 6.704 6.708 6.712 6.716 6.719 6.722 6.725 6.728 6.731 6.733 6.735 6.738 6.740 6.742 6.744 6.747 6.750
6.353 6.363 6.372 6.382 6.390 6.399 6.407 6.414 6.421 6.427 6.431 6.436 6.440 6.443 6.446 6.449 6.451 6.454 6.456 6.458 6.461 6.463 6.466 6.470 6.473 6.478 6.482 6.487 6.493 6.499 6.506 6.513 6.519 6.525 6.532 6.538 6.545 6.552 6.559 6.566 6.574 6.581 6.589 6.596 6.604 6.611 6.619 6.627 6.635 6.642 6.650 6.657 6.665 6.673 6.680 6.686 6.692 6.697 6.703 6.708 6.712 6.716 6.721 6.724 6.728 6.731 6.734 6.737 6.740 6.743 6.745 6.747 6.750 6.752 6.754 6.756 6.759
6.361 6.371 6.381 6.390 6.399 6.408 6.416 6.425 6.432 6.438 6.443 6.448 6.453 6.457 6.460 6.463 6.466 6.468 6.470 6.473 6.475 6.477 6.480 6.483 6.486 6.489 6.493 6.498 6.503 6.509 6.515 6.521 6.527 6.533 6.540 6.546 6.553 6.559 6.566 6.573 6.580 6.588 6.595 6.603 6.610 6.618 6.625 6.633 6.641 6.649 6.656 6.664 6.672 6.679 6.687 6.693 6.699 6.705 6.710 6.715 6.720 6.725 6.729 6.733 6.737 6.740 6.743 6.746 6.749 6.752 6.755 6.757 6.759 6.762 6.764 6.766 6.769
6.368 6.378 6.388 6.398 6.407 6.417 6.425 6.434 6.442 6.449 6.455 6.460 6.465 6.469 6.473 6.477 6.480 6.483 6.485 6.487 6.489 6.492 6.494 6.496 6.499 6.502 6.505 6.509 6.514 6.519 6.525 6.531 6.536 6.542 6.548 6.554 6.560 6.567 6.573 6.580 6.587 6.594 6.602 6.609 6.617 6.624 6.632 6.640 6.647 6.655 6.663 6.670 6.678 6.686 6.693 6.700 6.706 6.712 6.718 6.723 6.728 6.733 6.737 6.741 6.745 6.749 6.752 6.756 6.759 6.761 6.764 6.767 6.769 6.771 6.774 6.776 6.779
6.374 6.385 6.395 6.405 6.415 6.425 6.434 6.443 6.451 6.458 6.465 6.471 6.476 6.481 6.486 6.490 6.494 6.497 6.499 6.502 6.504 6.506 6.508 6.510 6.512 6.515 6.518 6.521 6.525 6.530 6.535 6.540 6.545 6.550 6.556 6.562 6.568 6.574 6.581 6.587 6.594 6.601 6.608 6.616 6.623 6.631 6.638 6.646 6.654 6.661 6.669 6.677 6.684 6.692 6.700 6.707 6.713 6.719 6.725 6.730 6.736 6.741 6.745 6.750 6.754 6.758 6.761 6.765 6.768 6.771 6.774 6.776 6.779 6.781 6.784 6.786 6.789
6.381 6.391 6.402 6.412 6.423 6.432 6.442 6.452 6.460 6.468 6.475 6.481 6.487 6.493 6.498 6.502 6.507 6.510 6.513 6.516 6.518 6.521 6.523 6.524 6.526 6.529 6.531 6.534 6.537 6.541 6.546 6.550 6.555 6.560 6.565 6.570 6.576 6.582 6.588 6.595 6.601 6.608 6.615 6.622 6.630 6.637 6.645 6.652 6.660 6.668 6.675 6.683 6.691 6.699 6.706 6.713 6.720 6.726 6.732 6.738 6.743 6.748 6.753 6.758 6.762 6.766 6.770 6.774 6.777 6.780 6.783 6.786 6.789 6.791 6.794 6.796 6.799
6.386 6.397 6.408 6.419 6.429 6.440 6.450 6.460 6.469 6.476 6.484 6.491 6.497 6.504 6.509 6.514 6.519 6.523 6.527 6.530 6.533 6.535 6.537 6.539 6.541 6.543 6.545 6.547 6.550 6.553 6.557 6.561 6.565 6.569 6.574 6.579 6.584 6.590 6.596 6.602 6.608 6.615 6.622 6.629 6.636 6.644 6.651 6.659 6.666 6.674 6.681 6.689 6.697 6.705 6.713 6.720 6.726 6.733 6.739 6.745 6.751 6.756 6.761 6.766 6.771 6.775 6.779 6.783 6.786 6.790 6.793 6.796 6.799 6.801 6.804 6.806 6.809
6.391 6.403 6.414 6.425 6.436 6.446 6.457 6.467 6.476 6.485 6.492 6.500 6.507 6.513 6.520 6.525 6.531 6.535 6.539 6.543 6.546 6.549 6.551 6.553 6.555 6.557 6.559 6.561 6.563 6.566 6.569 6.572 6.576 6.579 6.583 6.588 6.593 6.598 6.604 6.610 6.616 6.622 6.629 6.636 6.643 6.650 6.658 6.665 6.672 6.680 6.688 6.695 6.703 6.711 6.719 6.726 6.733 6.740 6.746 6.752 6.758 6.764 6.769 6.774 6.779 6.783 6.788 6.792 6.795 6.799 6.802 6.805 6.808 6.811 6.814 6.816 6.819
6.396 6.408 6.419 6.430 6.442 6.452 6.463 6.474 6.483 6.492 6.500 6.508 6.516 6.523 6.529 6.536 6.541 6.547 6.551 6.556 6.559 6.562 6.565 6.567 6.569 6.571 6.573 6.574 6.576 6.579 6.582 6.584 6.587 6.590 6.594 6.598 6.602 6.607 6.612 6.618 6.623 6.630 6.636 6.643 6.650 6.657 6.664 6.671 6.679 6.686 6.694 6.702 6.710 6.718 6.725 6.733 6.739 6.746 6.753 6.759 6.765 6.771 6.776 6.782 6.787 6.791 6.796 6.800 6.804 6.808 6.812 6.815 6.818 6.821 6.824 6.826 6.829
6.400 6.412 6.424 6.435 6.447 6.458 6.469 6.480 6.490 6.499 6.508 6.516 6.524 6.531 6.539 6.545 6.552 6.557 6.563 6.567 6.572 6.575 6.578 6.581 6.583 6.585 6.587 6.589 6.590 6.592 6.595 6.597 6.599 6.602 6.604 6.608 6.611 6.616 6.621 6.626 6.631 6.637 6.643 6.650 6.657 6.664 6.671 6.678 6.685 6.693 6.700 6.708 6.716 6.724 6.732 6.739 6.746 6.753 6.759 6.766 6.772 6.778 6.784 6.789 6.794 6.800 6.804 6.809 6.813 6.817 6.821 6.824 6.827 6.831 6.833 6.836 6.839
6.403 6.415 6.428 6.440 6.451 6.463 6.475 6.486 6.496 6.505 6.514 6.523 6.531 6.539 6.547 6.554 6.561 6.567 6.573 6.579 6.583 6.588 6.591 6.594 6.597 6.599 6.601 6.603 6.604 6.606 6.608 6.610 6.612 6.614 6.616 6.618 6.622 6.625 6.630 6.634 6.639 6.645 6.651 6.657 6.664 6.670 6.677 6.684 6.692 6.699 6.706 6.714 6.722 6.730 6.738 6.745 6.752 6.759 6.766 6.772 6.779 6.785 6.791 6.797 6.802 6.807 6.812 6.817 6.822 6.826 6.830 6.833 6.837 6.840 6.843 6.846 6.849
6.405 6.418 6.431 6.443 6.456 6.468 6.480 6.491 6.501 6.511 6.520 6.529 6.538 6.547 6.555 6.562 6.570 6.577 6.583 6.589 6.594 6.599 6.603 6.607 6.610 6.613 6.615 6.617 6.618 6.620 6.622 6.624 6.625 6.626 6.628 6.630 6.632 6.635 6.639 6.643 6.648 6.653 6.659 6.665 6.671 6.677 6.684 6.691 6.698 6.705 6.713 6.720 6.728 6.736 6.744 6.751 6.758 6.765 6.772 6.779 6.785 6.792 6.798 6.804 6.810 6.815 6.820 6.825 6.830 6.834 6.839 6.842 6.846 6.850 6.853 6.856 6.859
6.405 6.419 6.433 6.446 6.459 6.471 6.484 6.495 6.506 6.516 6.526 6.535 6.545 6.553 6.562 6.570 6.578 6.585 6.592 6.598 6.604 6.610 6.614 6.619 6.622 6.625 6.628 6.630 6.632 6.634 6.636 6.637 6.638 6.639 6.640 6.642 6.644 6.646 6.649 6.653 6.657 6.662 6.667 6.672 6.678 6.684 6.691 6.698 6.704 6.712 6.719 6.726 6.734 6.742 6.750 6.757 6.764 6.771 6.778 6.785 6.792 6.798 6.805 6.811 6.817 6.822 6.828 6.833 6.838 6.843 6.847 6.851 6.855 6.859 6.862 6.866 6.869
6.404 6.419 6.433 6.447 6.461 6.474 6.487 6.499 6.510 6.521 6.531 6.541 6.550 6.559 6.568 6.577 6.585 6.593 6.600 6.607 6.614 6.620 6.625 6.630 6.634 6.638 6.641 6.643 6.646 6.648 6.650 6.651 6.652 6.652 6.653 6.654 6.655 6.657 6.660 6.663 6.666 6.671 6.675 6.680 6.686 6.692 6.698 6.704 6.711 6.718 6.725 6.733 6.740 6.748 6.756 6.763 6.770 6.777 6.784 6.791 6.798 6.805 6.811 6.818 6.824 6.830 6.835 6.841 6.846 6.851 6.856 6.860 6.864 6.868 6.872 6.875 6.879
6.400 6.417 6.432 6.447 6.461 6.475 6.489 6.502 6.513 6.524 6.535 6.545 6.555 6.565 6.574 6.583 6.592 6.600 6.608 6.615 6.622 6.629 6.635 6.640 6.645 6.649 6.653 6.656 6.659 6.661 6.664 6.665 6.665 6.666 6.666 6.667 6.668 6.669 6.671 6.673 6.676 6.680 6.684 6.689 6.694 6.699 6.705 6.711 6.718 6.725 6.731 6.739 6.746 6.754 6.762 6.769 6.776 6.783 6.790 6.797 6.804 6.811 6.818 6.824 6.830 6.837 6.843 6.848 6.854 6.859 6.864 6.868 6.873 6.877 6.881 6.885 6.889
6.394 6.412 6.429 6.445 6.460 6.475 6.490 6.503 6.515 6.527 6.538 6.549 6.560 6.570 6.579 6.589 6.598 6.607 6.615 6.623 6.630 6.637 6.644 6.650 6.655 6.660 6.664 6.668 6.671 6.674 6.677 6.678 6.679 6.679 6.679 6.680 6.680 6.681 6.683 6.684 6.687 6.690 6.693 6.697 6.702 6.707 6.713 6.718 6.725 6.731 6.738 6.745 6.753 6.761 6.768 6.775 6.782 6.789 6.796 6.803 6.810 6.817 6.824 6.830 6.837 6.843 6.850 6.855 6.861 6.867 6.872 6.877 6.881 6.886 6.890 6.894 6.898
6.385 6.404 6.423 6.440 6.457 6.473 6.489 6.503 6.516 6.529 6.541 6.552 6.563 6.574 6.584 6.594 6.603 6.612 6.621 6.629 6.637 6.645 6.652 6.658 6.664 6.670 6.675 6.679 6.683 6.687 6.689 6.691 6.692 6.692 6.693 6.693 6.693 6.694 6.695 6.696 6.698 6.700 6.703 6.707 6.711 6.715 6.720 6.726 6.732 6.738 6.744 6.751 6.759 6.767 6.774 6.781 6.788 6.795 6.802 6.809 6.816 6.823 6.830 6.837 6.843 6.850 6.856 6.862 6.868 6.874 6.879 6.885 6.889 6.894 6.898 6.903 6.907
6.372 6.393 6.413 6.433 6.451 6.469 6.486 6.501 6.515 6.529 6.542 6.554 6.565 6.577 6.587 6.598 6.608 6.617 6.627 6.635 6.644 6.652 6.659 6.666 6.673 6.679 6.684 6.689 6.694 6.698 6.701 6.703 6.705 6.706 6.706 6.706 6.706 6.707 6.707 6.708 6.709 6.711 6.713 6.716 6.720 6.724 6.728 6.733 6.739 6.745 6.751 6.758 6.765 6.773 6.779 6.786 6.793 6.800 6.807 6.814 6.821 6.828 6.835 6.842 6.849 6.856 6.863 6.869 6.875 6.881 6.887 6.892 6.897 6.902 6.907 6.912 6.916
6.356 6.379 6.401 6.422 6.442 6.461 6.479 6.497 6.512 6.527 6.541 6.554 6.566 6.578 6.590 6.601 6.612 6.622 6.631 6.641 6.650 6.658 6.666 6.674 6.681 6.687 6.693 6.699 6.704 6.709 6.713 6.715 6.717 6.718 6.719 6.719 6.719 6.720 6.720 6.720 6.721 6.722 6.724 6.726 6.729 6.733 6.737 6.741 6.746 6.752 6.758 6.764 6.772 6.779 6.785 6.792 6.799 6.806 6.813 6.820 6.827 6.834 6.841 6.848 6.855 6.862 6.869 6.875 6.882 6.888 6.894 6.900 6.905 6.910 6.915 6.920 6.925
6.338 6.361 6.384 6.407 6.429 6.450 6.470 6.489 6.506 6.522 6.538 6.552 6.566 6.579 6.591 6.603 6.614 6.625 6.635 6.645 6.655 6.664 6.672 6.680 6.688 6.695 6.702 6.708 6.714 6.719 6.723 6.726 6.729 6.730 6.731 6.732 6.732 6.732 6.733 6.733 6.733 6.734 6.735 6.737 6.739 6.742 6.746 6.750 6.754 6.759 6.765 6.771 6.778 6.785 6.791 6.798 6.804 6.811 6.818 6.825 6.832 6.839 6.846 6.853 6.861 6.868 6.875 6.881 6.888 6.894 6.901 6.907 6.912 6.918 6.923 6.928 6.933
6.318 6.342 6.366 6.389 6.413 6.435 6.457 6.478 6.497 6.515 6.532 6.547 6.563 6.577 6.590 6.603 6.615 6.627 6.638 6.649 6.659 6.669 6.678 6.686 6.694 6.702 6.709 6.716 6.722 6.728 6.733 6.737 6.740 6.742 6.743 6.744 6.745 6.745 6.745 6.745 6.745 6.746 6.747 6.748 6.750 6.752 6.755 6.758 6.762 6.767 6.772 6.778 6.784 6.791 6.797 6.804 6.810 6.817 6.823 6.830 6.837 6.844 6.852 6.859 6.866 6.873 6.880 6.887 6.894 6.901 6.907 6.913 6.919 6.925 6.931 6.936 6.941
6.298 6.321 6.345 6.370 6.394 6.417 6.441 6.463 6.484 6.503 6.522 6.540 6.556 6.572 6.587 6.601 6.615 6.628 6.640 6.651 6.662 6.672 6.682 6.691 6.700 6.708 6.716 6.723 6.730 6.737 6.742 6.747 6.750 6.753 6.755 6.756 6.757 6.758 6.758 6.758 6.758 6.758 6.758 6.759 6.760 6.762 6.764 6.767 6.771 6.775 6.780 6.785 6.791 6.797 6.803 6.809 6.816 6.822 6.829 6.836 6.842 6.849 6.857 6.864 6.871 6.878 6.885 6.892 6.899 6.906 6.913 6.919 6.926 6.932 6.938 6.944 6.949
6.279 6.302 6.325 6.349 6.373 6.397 6.422 6.445 6.467 6.489 6.509 6.528 6.547 6.565 6.581 6.597 6.612 6.626 6.639 6.652 6.663 6.675 6.685 6.695 6.705 6.714 6.722 6.730 6.737 6.744 6.751 6.756 6.760 6.763 6.766 6.768 6.769 6.770 6.770 6.771 6.770 6.770 6.771 6.771 6.772 6.773 6.775 6.777 6.780 6.783 6.788 6.792 6.798 6.804 6.809 6.815 6.821 6.828 6.834 6.841 6.847 6.854 6.861 6.869 6.876 6.883 6.890 6.898 6.905 6.912 6.919 6.925 6.932 6.938 6.944 6.951 6.956
6.262 6.284 6.306 6.329 6.353 6.377 6.401 6.425 6.448 6.470 6.492 6.513 6.534 6.553 6.572 6.589 6.606 6.621 6.636 6.650 6.663 6.675 6.687 6.698 6.708 6.718 6.727 6.735 6.744 6.751 6.758 6.764 6.769 6.773 6.776 6.778 6.780 6.782 6.782 6.783 6.783 6.783 6.783 6.783 6.783 6.784 6.785 6.787 6.789 6.792 6.796 6.800 6.805 6.811 6.816 6.821 6.827 6.833 6.839 6.846 6.852 6.859 6.866 6.873 6.881 6.888 6.895 6.902 6.910 6.917 6.924 6.931 6.938 6.944 6.951 6.957 6.963
6.249 6.269 6.289 6.311 6.333 6.356 6.380 6.404 6.427 6.450 6.473 6.495 6.517 6.538 6.558 6.578 6.596 6.613 6.630 6.645 6.660 6.674 6.686 6.698 6.710 6.720 6.730 6.740 6.749 6.757 6.765 6.771 6.777 6.781 6.785 6.788 6.791 6.793 6.794 6.795 6.795 6.795 6.795 6.795 6.795 6.795 6.796 6.797 6.799 6.801 6.805 6.808 6.813 6.818 6.823 6.828 6.833 6.839 6.845 6.851 6.857 6.864 6.871 6.878 6.885 6.892 6.900 6.907 6.914 6.922 6.929 6.936 6.943 6.950 6.957 6.963 6.970
6.238 6.257 6.276 6.296 6.317 6.338 6.361 6.384 6.406 6.429 6.452 6.474 6.497 6.519 6.541 6.562 6.582 6.602 6.620 6.637 6.654 6.669 6.683 6.697 6.709 6.721 6.732 6.743 6.752 6.762 6.770 6.777 6.784 6.789 6.794 6.798 6.801 6.803 6.805 6.806 6.807 6.807 6.807 6.807 6.807 6.807 6.808 6.808 6.809 6.811 6.814 6.817 6.821 6.825 6.830 6.834 6.839 6.845 6.850 6.856 6.863 6.869 6.876 6.883 6.890 6.897 6.904 6.912 6.919 6.926 6.934 6.941 6.948 6.955 6.962 6.969 6.976
6.231 6.248 6.265 6.284 6.303 6.323 6.344 6.365 6.386 6.408 6.430 6.453 6.476 6.499 6.521 6.543 6.565 6.586 6.606 6.625 6.644 6.661 6.677 6.692 6.706 6.719 6.732 6.743 6.754 6.765 6.774 6.782 6.789 6.796 6.801 6.806 6.810 6.813 6.815 6.817 6.818 6.819 6.819 6.819 6.819 6.819 6.819 6.820 6.820 6.821 6.823 6.826 6.829 6.833 6.837 6.841 6.846 6.851 6.856 6.862 6.868 6.874 6.880 6.887 6.894 6.901 6.908 6.916 6.923 6.931 6.938 6.946 6.953 6.960 6.967 6.975 6.981
6.226 6.242 6.258 6.275 6.292 6.311 6.330 6.350 6.369 6.390 6.411 6.432 6.455 6.477 6.500 6.523 6.545 6.567 6.589 6.610 6.630 6.649 6.667 6.684 6.700 6.715 6.729 6.742 6.754 6.766 6.776 6.785 6.793 6.801 6.807 6.813 6.817 6.821 6.825 6.827 6.829 6.830 6.831 6.831 6.831 6.831 6.831 6.831 6.831 6.832 6.833 6.835 6.838 6.841 6.845 6.848 6.852 6.857 6.862 6.867 6.873 6.879 6.885 6.892 6.898 6.905 6.913 6.920 6.927 6.935 6.942 6.950 6.957 6.965 6.972 6.979 6.986
6.223 6.238 6.253 6.268 6.285 6.302 6.320 6.337 6.355 6.374 6.393 6.414 6.435 6.456 6.478 6.501 6.524 6.546 6.569 6.591 6.612 6.633 6.653 6.671 6.689 6.706 6.722 6.737 6.751 6.764 6.776 6.786 6.796 6.804 6.812 6.818 6.824 6.829 6.833 6.836 6.839 6.841 6.842 6.843 6.843 6.843 6.843 6.843 6.843 6.843 6.844 6.845 6.848 6.850 6.853 6.856 6.860 6.864 6.868 6.873 6.878 6.884 6.890 6.896 6.903 6.910 6.917 6.924 6.931 6.939 6.946 6.954 6.961 6.969 6.976 6.984 6.991
6.222 6.235 6.250 6.264 6.280 6.296 6.312 6.328 6.344 6.361 6.379 6.398 6.418 6.438 6.459 6.480 6.502 6.524 6.547 6.569 6.592 6.613 6.635 6.655 6.675 6.694 6.711 6.728 6.744 6.759 6.773 6.785 6.795 6.805 6.814 6.822 6.829 6.835 6.840 6.844 6.847 6.850 6.852 6.853 6.854 6.854 6.854 6.854 6.854 6.854 6.855 6.856 6.857 6.859 6.862 6.864 6.867 6.871 6.875 6.879 6.884 6.889 6.895 6.901 6.907 6.914 6.921 6.928 6.935 6.943 6.950 6.958 6.965 6.973 6.981 6.988 6.996
6.221 6.235 6.248 6.262 6.276 6.292 6.306 6.321 6.336 6.352 6.368 6.386 6.403 6.422 6.441 6.462 6.482 6.504 6.526 6.548 6.570 6.592 6.614 6.636 6.657 6.677 6.697 6.715 6.733 6.750 6.766 6.779 6.792 6.803 6.814 6.823 6.831 6.838 6.845 6.850 6.854 6.858 6.861 6.863 6.864 6.865 6.865 6.865 6.865 6.865 6.866 6.866 6.868 6.869 6.871 6.872 6.875 6.878 6.881 6.886 6.890 6.895 6.900 6.906 6.912 6.918 6.925 6.932 6.939 6.946 6.954 6.961 6.969 6.977 6.984 6.992 7.000
