TsunamiDB/out54071.asc
ncols          264
nrows          230
xllcorner      497853.4375
yllcorner      4229146.0000
cellsize         5.
NODATA_value   -99
[rows 102 to 135 of 230, columns 0 to 74 of 264]
-99.000 -99.000 -99.000 -99.000 -99.000 -99.000 -99.000 -99.000 -99.000 -99.000 -99.000 -99.000 -99.000 -99.000 -99.000 -99.000 -99.000 -99.000 -99.000 -99.000 -99.000 -99.000 -99.000 -99.000 -99.000 -99.000 -99.000 -99.000 -99.000 -99.000 -99.000 -99.000 -99.000 -99.000 -99.000 -99.000 -99.000 -99.000 -99.000 1.649 1.661 1.733 1.902 2.151 2.441 2.734 3.000 3.224 3.405 3.549 3.664 3.759 3.841 3.912 3.977 4.037 4.093 4.144 4.194 4.242 4.287 4.330 4.372 4.412 4.451 4.488 4.525 4.560 4.595 4.628 4.662 4.694 4.727 4.758 4.790
-99.000 -99.000 -99.000 -99.000 -99.000 -99.000 -99.000 -99.000 -99.000 -99.000 -99.000 -99.000 -99.000 -99.000 -99.000 -99.000 -99.000 -99.000 -99.000 -99.000 -99.000 -99.000 -99.000 -99.000 -99.000 -99.000 -99.000 -99.000 -99.000 -99.000 -99.000 -99.000 -99.000 -99.000 -99.000 -99.000 -99.000 -99.000 1.649 1.651 1.683 1.800 2.010 2.283 2.579 2.862 3.111 3.315 3.478 3.607 3.713 3.801 3.878 3.947 4.009 4.068 4.121 4.172 4.221 4.268 4.312 4.355 4.396 4.436 4.474 4.511 4.546 4.581 4.615 4.649 4.681 4.713 4.745 4.776 4.807
-99.000 -99.000 -99.000 -99.000 -99.000 -99.000 -99.000 -99.000 -99.000 -99.000 -99.000 -99.000 -99.000 -99.000 -99.000 -99.000 -99.000 -99.000 -99.000 -99.000 -99.000 -99.000 -99.000 -99.000 -99.000 -99.000 -99.000 -99.000 -99.000 -99.000 -99.000 -99.000 -99.000 -99.000 -99.000 -99.000 -99.000 -99.000 1.649 1.659 1.725 1.887 2.131 2.420 2.714 2.983 3.212 3.396 3.543 3.661 3.758 3.840 3.913 3.979 4.040 4.097 4.150 4.199 4.248 4.294 4.338 4.380 4.420 4.459 4.497 4.533 4.568 4.603 4.636 4.669 4.701 4.732 4.763 4.794 4.824
-99.000 -99.000 -99.000 -99.000 -99.000 -99.000 -99.000 -99.000 -99.000 -99.000 -99.000 -99.000 -99.000 -99.000 -99.000 -99.000 -99.000 -99.000 -99.000 -99.000 -99.000 -99.000 -99.000 -99.000 -99.000 -99.000 -99.000 -99.000 -99.000 -99.000 -99.000 -99.000 -99.000 -99.000 -99.000 -99.000 -99.000 1.649 1.651 1.678 1.788 1.993 2.262 2.558 2.844 3.096 3.304 3.470 3.602 3.710 3.800 3.878 3.948 4.011 4.071 4.126 4.177 4.226 4.274 4.319 4.363 4.404 4.444 4.482 4.520 4.555 4.590 4.624 4.657 4.689 4.720 4.751 4.781 4.811 4.841
-99.000 -99.000 -99.000 -99.000 -99.000 -99.000 -99.000 -99.000 -99.000 -99.000 -99.000 -99.000 -99.000 -99.000 -99.000 -99.000 -99.000 -99.000 -99.000 -99.000 -99.000 -99.000 -99.000 -99.000 -99.000 -99.000 -99.000 -99.000 -99.000 -99.000 -99.000 -99.000 -99.000 -99.000 -99.000 -99.000 -99.000 1.649 1.657 1.717 1.873 2.113 2.399 2.695 2.967 3.199 3.387 3.537 3.657 3.755 3.840 3.914 3.981 4.043 4.100 4.154 4.205 4.253 4.300 4.344 4.387 4.428 4.468 4.506 4.542 4.578 4.612 4.645 4.678 4.709 4.740 4.770 4.800 4.829 4.858
-99.000 -99.000 -99.000 -99.000 -99.000 -99.000 -99.000 -99.000 -99.000 -99.000 -99.000 -99.000 -99.000 -99.000 -99.000 -99.000 -99.000 -99.000 -99.000 -99.000 -99.000 -99.000 -99.000 -99.000 -99.000 -99.000 -99.000 -99.000 -99.000 -99.000 -99.000 -99.000 -99.000 -99.000 -99.000 -99.000 -99.000 1.650 1.674 1.778 1.976 2.243 2.538 2.826 3.081 3.293 3.462 3.597 3.707 3.798 3.877 3.948 4.013 4.073 4.129 4.182 4.232 4.279 4.326 4.369 4.412 4.452 4.491 4.529 4.565 4.600 4.634 4.667 4.699 4.730 4.760 4.790 4.819 4.847 4.876
-99.000 -99.000 -99.000 -99.000 -99.000 -99.000 -99.000 -99.000 -99.000 -99.000 -99.000 -99.000 -99.000 -99.000 -99.000 -99.000 -99.000 -99.000 -99.000 -99.000 -99.000 -99.000 -99.000 -99.000 -99.000 -99.000 -99.000 -99.000 -99.000 -99.000 -99.000 -99.000 -99.000 -99.000 -99.000 -99.000 1.649 1.656 1.710 1.860 2.095 2.380 2.676 2.951 3.186 3.378 3.530 3.652 3.753 3.838 3.913 3.981 4.044 4.102 4.157 4.210 4.258 4.305 4.351 4.394 4.436 4.476 4.515 4.552 4.588 4.622 4.656 4.688 4.720 4.750 4.780 4.809 4.838 4.866 4.893
-99.000 -99.000 -99.000 -99.000 -99.000 -99.000 -99.000 -99.000 -99.000 -99.000 -99.000 -99.000 -99.000 -99.000 -99.000 -99.000 -99.000 -99.000 -99.000 -99.000 -99.000 -99.000 -99.000 -99.000 -99.000 -99.000 -99.000 -99.000 -99.000 -99.000 -99.000 -99.000 -99.000 -99.000 -99.000 -99.000 1.650 1.671 1.768 1.961 2.224 2.519 2.809 3.067 3.282 3.454 3.591 3.703 3.796 3.876 3.948 4.013 4.074 4.131 4.185 4.236 4.285 4.331 4.376 4.418 4.460 4.499 4.538 4.575 4.610 4.644 4.678 4.710 4.741 4.771 4.801 4.829 4.857 4.885 4.912
-99.000 -99.000 -99.000 -99.000 -99.000 -99.000 -99.000 -99.000 -99.000 -99.000 -99.000 -99.000 -99.000 -99.000 -99.000 -99.000 -99.000 -99.000 -99.000 -99.000 -99.000 -99.000 -99.000 -99.000 -99.000 -99.000 -99.000 -99.000 -99.000 -99.000 -99.000 -99.000 -99.000 -99.000 -99.000 1.649 1.654 1.704 1.847 2.077 2.360 2.657 2.934 3.173 3.368 3.523 3.647 3.749 3.836 3.912 3.981 4.044 4.103 4.159 4.212 4.263 4.310 4.355 4.400 4.442 4.483 4.523 4.561 4.597 4.632 4.666 4.699 4.731 4.762 4.792 4.821 4.849 4.877 4.904 4.930
-99.000 -99.000 -99.000 -99.000 -99.000 -99.000 -99.000 -99.000 -99.000 -99.000 -99.000 -99.000 -99.000 -99.000 -99.000 -99.000 -99.000 -99.000 -99.000 -99.000 -99.000 -99.000 -99.000 -99.000 -99.000 -99.000 -99.000 -99.000 -99.000 -99.000 -99.000 -99.000 -99.000 -99.000 -99.000 1.650 1.668 1.758 1.945 2.205 2.499 2.791 3.052 3.270 3.445 3.585 3.698 3.792 3.873 3.946 4.012 4.074 4.132 4.186 4.238 4.288 4.335 4.380 4.424 4.466 4.506 4.545 4.583 4.619 4.654 4.688 4.721 4.753 4.783 4.813 4.842 4.870 4.897 4.923 4.949
-99.000 -99.000 -99.000 -99.000 -99.000 -99.000 -99.000 -99.000 -99.000 -99.000 -99.000 -99.000 -99.000 -99.000 -99.000 -99.000 -99.000 -99.000 -99.000 -99.000 -99.000 -99.000 -99.000 -99.000 -99.000 -99.000 -99.000 -99.000 -99.000 -99.000 -99.000 -99.000 -99.000 -99.000 1.649 1.653 1.698 1.834 2.060 2.341 2.638 2.918 3.159 3.357 3.515 3.641 3.744 3.832 3.909 3.979 4.043 4.103 4.159 4.213 4.264 4.313 4.359 4.404 4.447 4.489 4.529 4.568 4.605 4.641 4.676 4.710 4.742 4.774 4.804 4.834 4.862 4.890 4.917 4.943 4.969
-99.000 -99.000 -99.000 -99.000 -99.000 -99.000 -99.000 -99.000 -99.000 -99.000 -99.000 -99.000 -99.000 -99.000 -99.000 -99.000 -99.000 -99.000 -99.000 -99.000 -99.000 -99.000 -99.000 -99.000 -99.000 -99.000 -99.000 -99.000 -99.000 -99.000 -99.000 -99.000 -99.000 -99.000 1.650 1.665 1.749 1.930 2.186 2.480 2.772 3.036 3.257 3.435 3.577 3.692 3.787 3.870 3.943 4.010 4.072 4.130 4.186 4.238 4.289 4.337 4.383 4.427 4.470 4.511 4.551 4.590 4.627 4.663 4.697 4.731 4.763 4.795 4.825 4.855 4.883 4.911 4.937 4.963 4.988
-99.000 -99.000 -99.000 -99.000 -99.000 -99.000 -99.000 -99.000 -99.000 -99.000 -99.000 -99.000 -99.000 -99.000 -99.000 -99.000 -99.000 -99.000 -99.000 -99.000 -99.000 -99.000 -99.000 -99.000 -99.000 -99.000 -99.000 -99.000 -99.000 -99.000 -99.000 -99.000 -99.000 1.649 1.652 1.692 1.822 2.042 2.321 2.618 2.900 3.145 3.345 3.506 3.634 3.739 3.827 3.905 3.975 4.040 4.100 4.157 4.212 4.263 4.313 4.361 4.406 4.449 4.492 4.533 4.573 4.611 4.648 4.684 4.718 4.752 4.784 4.815 4.846 4.875 4.903 4.931 4.957 4.983 5.008
-99.000 -99.000 -99.000 -99.000 -99.000 -99.000 -99.000 -99.000 -99.000 -99.000 -99.000 -99.000 -99.000 -99.000 -99.000 -99.000 -99.000 -99.000 -99.000 -99.000 -99.000 -99.000 -99.000 -99.000 -99.000 -99.000 -99.000 -99.000 -99.000 -99.000 -99.000 -99.000 -99.000 1.649 1.663 1.740 1.915 2.167 2.459 2.753 3.019 3.244 3.424 3.569 3.685 3.781 3.865 3.939 4.006 4.069 4.128 4.184 4.237 4.288 4.337 4.384 4.428 4.471 4.513 4.554 4.593 4.632 4.668 4.704 4.739 4.772 4.804 4.836 4.866 4.895 4.924 4.951 4.978 5.003 5.028
-99.000 -99.000 -99.000 -99.000 -99.000 -99.000 -99.000 -99.000 -99.000 -99.000 -99.000 -99.000 -99.000 -99.000 -99.000 -99.000 -99.000 -99.000 -99.000 -99.000 -99.000 -99.000 -99.000 -99.000 -99.000 -99.000 -99.000 -99.000 -99.000 -99.000 -99.000 -99.000 1.650 1.652 1.687 1.810 2.025 2.301 2.598 2.881 3.129 3.333 3.495 3.625 3.732 3.821 3.900 3.970 4.036 4.096 4.154 4.209 4.261 4.311 4.359 4.406 4.450 4.492 4.534 4.575 4.614 4.652 4.688 4.724 4.758 4.792 4.824 4.855 4.886 4.915 4.943 4.971 4.998 5.023 5.048
-99.000 -99.000 -99.000 -99.000 -99.000 -99.000 -99.000 -99.000 -99.000 -99.000 -99.000 -99.000 -99.000 -99.000 -99.000 -99.000 -99.000 -99.000 -99.000 -99.000 -99.000 -99.000 -99.000 -99.000 -99.000 -99.000 -99.000 -99.000 -99.000 -99.000 -99.000 -99.000 1.649 1.660 1.731 1.899 2.147 2.438 2.733 3.002 3.229 3.413 3.559 3.677 3.775 3.858 3.933 4.001 4.064 4.123 4.180 4.233 4.285 4.334 4.381 4.427 4.471 4.513 4.554 4.594 4.633 4.671 4.707 4.743 4.777 4.811 4.843 4.874 4.905 4.934 4.963 4.990 5.017 5.043 5.068
-99.000 -99.000 -99.000 -99.000 -99.000 -99.000 -99.000 -99.000 -99.000 -99.000 -99.000 -99.000 -99.000 -99.000 -99.000 -99.000 -99.000 -99.000 -99.000 -99.000 -99.000 -99.000 -99.000 -99.000 -99.000 -99.000 -99.000 -99.000 -99.000 -99.000 -99.000 -99.000 1.651 1.682 1.797 2.006 2.279 2.576 2.862 3.112 3.319 3.484 3.616 3.724 3.814 3.893 3.965 4.030 4.091 4.149 4.204 4.257 4.307 4.356 4.403 4.448 4.491 4.533 4.574 4.614 4.652 4.690 4.726 4.761 4.796 4.829 4.861 4.893 4.923 4.953 4.981 5.009 5.036 5.062 5.087
-99.000 -99.000 -99.000 -99.000 -99.000 -99.000 -99.000 -99.000 -99.000 -99.000 -99.000 -99.000 -99.000 -99.000 -99.000 -99.000 -99.000 -99.000 -99.000 -99.000 -99.000 -99.000 -99.000 -99.000 -99.000 -99.000 -99.000 -99.000 -99.000 -99.000 -99.000 1.650 1.658 1.722 1.883 2.127 2.415 2.711 2.982 3.213 3.400 3.548 3.668 3.767 3.851 3.927 3.995 4.058 4.118 4.174 4.228 4.280 4.330 4.378 4.424 4.468 4.510 4.552 4.593 4.632 4.670 4.708 4.744 4.779 4.813 4.846 4.879 4.910 4.941 4.970 4.999 5.027 5.054 5.080 5.106
-99.000 -99.000 -99.000 -99.000 -99.000 -99.000 -99.000 -99.000 -99.000 -99.000 -99.000 -99.000 -99.000 -99.000 -99.000 -99.000 -99.000 -99.000 -99.000 -99.000 -99.000 -99.000 -99.000 -99.000 -99.000 -99.000 -99.000 -99.000 -99.000 -99.000 -99.000 1.652 1.677 1.784 1.987 2.256 2.553 2.840 3.094 3.304 3.472 3.606 3.715 3.807 3.886 3.958 4.024 4.085 4.143 4.199 4.251 4.302 4.351 4.398 4.444 4.487 4.529 4.571 4.611 4.650 4.688 4.725 4.761 4.796 4.830 4.863 4.896 4.927 4.958 4.987 5.016 5.044 5.071 5.098 5.124
-99.000 -99.000 -99.000 -99.000 -99.000 -99.000 -99.000 -99.000 -99.000 -99.000 -99.000 -99.000 -99.000 -99.000 -99.000 -99.000 -99.000 -99.000 -99.000 -99.000 -99.000 -99.000 -99.000 -99.000 -99.000 -99.000 -99.000 -99.000 -99.000 -99.000 1.650 1.657 1.714 1.867 2.105 2.391 2.688 2.962 3.196 3.386 3.537 3.658 3.759 3.844 3.919 3.988 4.052 4.111 4.168 4.222 4.274 4.324 4.372 4.419 4.464 4.506 4.548 4.589 4.629 4.667 4.705 4.742 4.777 4.812 4.846 4.879 4.912 4.943 4.974 5.003 5.032 5.061 5.088 5.115 5.141
-99.000 -99.000 -99.000 -99.000 -99.000 -99.000 -99.000 -99.000 -99.000 -99.000 -99.000 -99.000 -99.000 -99.000 -99.000 -99.000 -99.000 -99.000 -99.000 -99.000 -99.000 -99.000 -99.000 -99.000 -99.000 -99.000 -99.000 -99.000 -99.000 -99.000 1.651 1.673 1.772 1.967 2.232 2.528 2.817 3.074 3.288 3.459 3.595 3.706 3.799 3.879 3.951 4.017 4.079 4.137 4.192 4.245 4.296 4.345 4.393 4.438 4.483 4.525 4.566 4.606 4.646 4.684 4.722 4.758 4.793 4.828 4.862 4.895 4.927 4.958 4.989 5.019 5.048 5.076 5.104 5.131 5.157
-99.000 -99.000 -99.000 -99.000 -99.000 -99.000 -99.000 -99.000 -99.000 -99.000 -99.000 -99.000 -99.000 -99.000 -99.000 -99.000 -99.000 -99.000 -99.000 -99.000 -99.000 -99.000 -99.000 -99.000 -99.000 -99.000 -99.000 -99.000 -99.000 1.650 1.656 1.706 1.850 2.082 2.366 2.663 2.940 3.177 3.371 3.525 3.649 3.750 3.836 3.912 3.981 4.045 4.105 4.162 4.216 4.268 4.318 4.366 4.413 4.458 4.502 4.543 4.583 4.624 4.663 4.701 4.738 4.774 4.809 4.843 4.877 4.910 4.942 4.973 5.004 5.034 5.063 5.091 5.119 5.146 5.172
-99.000 -99.000 -99.000 -99.000 -99.000 -99.000 -99.000 -99.000 -99.000 -99.000 -99.000 -99.000 -99.000 -99.000 -99.000 -99.000 -99.000 -99.000 -99.000 -99.000 -99.000 -99.000 -99.000 -99.000 -99.000 -99.000 -99.000 -99.000 -99.000 1.651 1.669 1.760 1.947 2.207 2.502 2.793 3.053 3.271 3.445 3.584 3.697 3.791 3.872 3.944 4.011 4.072 4.131 4.186 4.239 4.290 4.339 4.387 4.432 4.477 4.520 4.561 4.601 4.641 4.679 4.717 4.753 4.789 4.824 4.858 4.892 4.924 4.956 4.987 5.018 5.048 5.077 5.105 5.133 5.160 5.186
-99.000 -99.000 -99.000 -99.000 -99.000 -99.000 -99.000 -99.000 -99.000 -99.000 -99.000 -99.000 -99.000 -99.000 -99.000 -99.000 -99.000 -99.000 -99.000 -99.000 -99.000 -99.000 -99.000 -99.000 -99.000 -99.000 -99.000 -99.000 1.650 1.654 1.698 1.834 2.058 2.339 2.636 2.916 3.158 3.355 3.512 3.638 3.742 3.829 3.906 3.975 4.039 4.099 4.156 4.210 4.262 4.312 4.360 4.407 4.452 4.496 4.538 4.579 4.618 4.657 4.695 4.732 4.769 4.804 4.839 4.873 4.906 4.938 4.970 5.001 5.031 5.061 5.090 5.118 5.146 5.173 5.200
-99.000 -99.000 -99.000 -99.000 -99.000 -99.000 -99.000 -99.000 -99.000 -99.000 -99.000 -99.000 -99.000 -99.000 -99.000 -99.000 -99.000 -99.000 -99.000 -99.000 -99.000 -99.000 -99.000 -99.000 -99.000 -99.000 -99.000 -99.000 1.651 1.665 1.747 1.927 2.181 2.474 2.767 3.031 3.252 3.431 3.573 3.688 3.783 3.865 3.938 4.005 4.066 4.125 4.180 4.233 4.284 4.333 4.381 4.427 4.471 4.514 4.556 4.596 4.635 4.674 4.711 4.748 4.784 4.819 4.853 4.887 4.919 4.952 4.983 5.014 5.044 5.074 5.103 5.131 5.159 5.186 5.213
-99.000 -99.000 -99.000 -99.000 -99.000 -99.000 -99.000 -99.000 -99.000 -99.000 -99.000 -99.000 -99.000 -99.000 -99.000 -99.000 -99.000 -99.000 -99.000 -99.000 -99.000 -99.000 -99.000 -99.000 -99.000 -99.000 -99.000 1.650 1.653 1.690 1.817 2.035 2.311 2.608 2.891 3.137 3.338 3.499 3.628 3.733 3.822 3.899 3.969 4.033 4.093 4.150 4.205 4.257 4.306 4.355 4.401 4.446 4.490 4.533 4.574 4.613 4.652 4.690 4.727 4.763 4.799 4.834 4.867 4.901 4.933 4.965 4.996 5.027 5.057 5.086 5.115 5.143 5.171 5.198 5.225
-99.000 -99.000 -99.000 -99.000 -99.000 -99.000 -99.000 -99.000 -99.000 -99.000 -99.000 -99.000 -99.000 -99.000 -99.000 -99.000 -99.000 -99.000 -99.000 -99.000 -99.000 -99.000 -99.000 -99.000 -99.000 -99.000 -99.000 1.650 1.662 1.735 1.905 2.154 2.445 2.739 3.007 3.233 3.416 3.561 3.678 3.775 3.858 3.932 3.999 4.061 4.120 4.175 4.229 4.279 4.328 4.376 4.422 4.466 4.509 4.551 4.592 4.631 4.668 4.706 4.743 4.779 4.814 4.848 4.882 4.914 4.947 4.978 5.009 5.039 5.069 5.098 5.127 5.155 5.182 5.209 5.236
-99.000 -99.000 -99.000 -99.000 -99.000 -99.000 -99.000 -99.000 -99.000 -99.000 -99.000 -99.000 -99.000 -99.000 -99.000 -99.000 -99.000 -99.000 -99.000 -99.000 -99.000 -99.000 -99.000 -99.000 -99.000 -99.000 1.650 1.652 1.683 1.800 2.009 2.283 2.579 2.864 3.114 3.321 3.486 3.617 3.724 3.815 3.893 3.964 4.028 4.089 4.146 4.200 4.252 4.302 4.350 4.397 4.442 4.486 4.528 4.569 4.610 4.648 4.685 4.722 4.759 4.794 4.829 4.863 4.896 4.928 4.960 4.991 5.022 5.052 5.081 5.110 5.138 5.166 5.193 5.220 5.247
-99.000 -99.000 -99.000 -99.000 -99.000 -99.000 -99.000 -99.000 -99.000 -99.000 -99.000 -99.000 -99.000 -99.000 -99.000 -99.000 -99.000 -99.000 -99.000 -99.000 -99.000 -99.000 -99.000 -99.000 -99.000 -99.000 1.650 1.659 1.723 1.884 2.126 2.415 2.710 2.981 3.213 3.400 3.549 3.668 3.767 3.852 3.926 3.994 4.057 4.116 4.171 4.225 4.276 4.325 4.372 4.418 4.462 4.505 4.547 4.587 4.627 4.665 4.702 4.739 4.774 4.809 4.844 4.877 4.910 4.942 4.973 5.004 5.034 5.064 5.093 5.121 5.150 5.177 5.204 5.231 5.257
-99.000 -99.000 -99.000 -99.000 -99.000 -99.000 -99.000 -99.000 -99.000 -99.000 -99.000 -99.000 -99.000 -99.000 -99.000 -99.000 -99.000 -99.000 -99.000 -99.000 -99.000 -99.000 -99.000 -99.000 -99.000 -99.000 1.651 1.677 1.783 1.984 2.253 2.549 2.836 3.091 3.302 3.471 3.606 3.715 3.807 3.887 3.958 4.024 4.085 4.142 4.196 4.249 4.299 4.347 4.393 4.438 4.482 4.524 4.565 4.606 4.645 4.682 4.718 4.755 4.790 4.825 4.859 4.892 4.924 4.956 4.987 5.017 5.047 5.076 5.105 5.133 5.161 5.188 5.215 5.241 5.268
-99.000 -99.000 -99.000 -99.000 -99.000 -99.000 -99.000 -99.000 -99.000 -99.000 -99.000 -99.000 -99.000 -99.000 -99.000 -99.000 -99.000 -99.000 -99.000 -99.000 -99.000 -99.000 -99.000 -99.000 -99.000 1.650 1.657 1.712 1.862 2.098 2.384 2.681 2.955 3.191 3.383 3.535 3.658 3.759 3.845 3.921 3.989 4.052 4.112 4.168 4.221 4.272 4.321 4.369 4.414 4.459 4.502 4.544 4.584 4.624 4.662 4.699 4.735 4.771 4.806 4.840 4.874 4.906 4.938 4.970 5.000 5.030 5.060 5.089 5.117 5.145 5.172 5.199 5.226 5.252 5.278
-99.000 -99.000 -99.000 -99.000 -99.000 -99.000 -99.000 -99.000 -99.000 -99.000 -99.000 -99.000 -99.000 -99.000 -99.000 -99.000 -99.000 -99.000 -99.000 -99.000 -99.000 -99.000 -99.000 -99.000 -99.000 1.651 1.671 1.767 1.959 2.222 2.517 2.808 3.066 3.282 3.455 3.594 3.706 3.800 3.881 3.953 4.019 4.080 4.138 4.193 4.245 4.296 4.344 4.390 4.435 4.479 4.521 4.563 4.603 4.642 4.680 4.716 4.752 4.787 4.822 4.856 4.889 4.921 4.953 4.984 5.014 5.044 5.073 5.101 5.129 5.157 5.184 5.210 5.236 5.262 5.288
-99.000 -99.000 -99.000 -99.000 -99.000 -99.000 -99.000 -99.000 -99.000 -99.000 -99.000 -99.000 -99.000 -99.000 -99.000 -99.000 -99.000 -99.000 -99.000 -99.000 -99.000 -99.000 -99.000 -99.000 1.650 1.655 1.702 1.842 2.070 2.352 2.649 2.928 3.168 3.364 3.521 3.647 3.750 3.838 3.915 3.984 4.048 4.108 4.164 4.218 4.269 4.318 4.366 4.412 4.456 4.499 4.541 4.582 4.621 4.660 4.697 4.733 4.769 4.804 4.838 4.871 4.904 4.936 4.968 4.998 5.028 5.057 5.086 5.114 5.142 5.169 5.195 5.222 5.247 5.273 5.298
-99.000 -99.000 -99.000 -99.000 -99.000 -99.000 -99.000 -99.000 -99.000 -99.000 -99.000 -99.000 -99.000 -99.000 -99.000 -99.000 -99.000 -99.000 -99.000 -99.000 -99.000 -99.000 -99.000 -99.000 1.651 1.667 1.752 1.934 2.191 2.485 2.777 3.041 3.261 3.439 3.581 3.696 3.791 3.874 3.947 4.014 4.076 4.134 4.189 4.242 4.293 4.341 4.388 4.433 4.477 4.519 4.560 4.600 4.640 4.678 4.715 4.750 4.785 4.820 4.854 4.887 4.919 4.951 4.982 5.013 5.042 5.071 5.100 5.127 5.155 5.181 5.207 5.233 5.258 5.283 5.308
