TsunamiDB/out54042.asc
ncols          264
nrows          230
xllcorner      497853.4375
yllcorner      4229146.0000
cellsize         5.
NODATA_value   -99
[rows 96 to 127 of 230, columns 73 to 145 of 264]
-99.000 -99.000 -99.000 -99.000 -99.000 -99.000 -99.000 -99.000 -99.000 -99.000 -99.000 -99.000 -99.000 -99.000 -99.000 -99.000 -99.000 -99.000 -99.000 -99.000 -99.000 -99.000 -99.000 -99.000 -99.000 -99.000 -99.000 1.647 1.649 1.679 1.794 2.005 2.284 2.594 2.899 3.175 3.409 3.599 3.752 3.875 3.977 4.064 4.140 4.208 4.270 4.328 4.382 4.432 4.481 4.526 4.570 4.611 4.651 4.688 4.724 4.760 4.794 4.828 4.860 4.892 4.922 4.952 4.980 5.008 5.035 5.062 5.088 5.113 5.139 5.164 5.189 5.214 5.240
-99.000 -99.000 -99.000 -99.000 -99.000 -99.000 -99.000 -99.000 -99.000 -99.000 -99.000 -99.000 -99.000 -99.000 -99.000 -99.000 -99.000 -99.000 -99.000 -99.000 -99.000 -99.000 -99.000 -99.000 -99.000 -99.000 -99.000 1.647 1.656 1.721 1.883 2.131 2.430 2.741 3.035 3.292 3.504 3.676 3.814 3.926 4.020 4.102 4.174 4.239 4.300 4.356 4.410 4.460 4.508 4.553 4.596 4.638 4.678 4.716 4.752 4.788 4.823 4.857 4.889 4.921 4.951 4.981 5.009 5.036 5.063 5.089 5.114 5.139 5.163 5.187 5.211 5.235 5.259
-99.000 -99.000 -99.000 -99.000 -99.000 -99.000 -99.000 -99.000 -99.000 -99.000 -99.000 -99.000 -99.000 -99.000 -99.000 -99.000 -99.000 -99.000 -99.000 -99.000 -99.000 -99.000 -99.000 -99.000 -99.000 -99.000 -99.000 1.649 1.676 1.786 1.992 2.268 2.577 2.884 3.162 3.398 3.590 3.744 3.869 3.972 4.060 4.137 4.206 4.269 4.328 4.384 4.436 4.486 4.534 4.579 4.622 4.664 4.704 4.742 4.779 4.815 4.851 4.885 4.918 4.949 4.980 5.009 5.038 5.065 5.091 5.117 5.142 5.166 5.190 5.213 5.235 5.258 5.280
-99.000 -99.000 -99.000 -99.000 -99.000 -99.000 -99.000 -99.000 -99.000 -99.000 -99.000 -99.000 -99.000 -99.000 -99.000 -99.000 -99.000 -99.000 -99.000 -99.000 -99.000 -99.000 -99.000 -99.000 -99.000 -99.000 1.647 1.655 1.715 1.872 2.115 2.411 2.723 3.019 3.278 3.493 3.666 3.806 3.919 4.014 4.097 4.170 4.236 4.298 4.355 4.410 4.462 4.511 4.558 4.603 4.647 4.689 4.729 4.768 4.805 4.842 4.878 4.912 4.945 4.977 5.008 5.038 5.066 5.094 5.120 5.146 5.170 5.194 5.217 5.240 5.261 5.283 5.304
-99.000 -99.000 -99.000 -99.000 -99.000 -99.000 -99.000 -99.000 -99.000 -99.000 -99.000 -99.000 -99.000 -99.000 -99.000 -99.000 -99.000 -99.000 -99.000 -99.000 -99.000 -99.000 -99.000 -99.000 -99.000 -99.000 1.648 1.672 1.775 1.977 2.248 2.556 2.864 3.144 3.383 3.577 3.734 3.860 3.964 4.053 4.131 4.200 4.265 4.325 4.381 4.435 4.486 4.535 4.581 4.627 4.670 4.712 4.753 4.792 4.830 4.867 4.904 4.938 4.972 5.004 5.036 5.065 5.094 5.122 5.149 5.174 5.199 5.223 5.246 5.268 5.289 5.310 5.330
-99.000 -99.000 -99.000 -99.000 -99.000 -99.000 -99.000 -99.000 -99.000 -99.000 -99.000 -99.000 -99.000 -99.000 -99.000 -99.000 -99.000 -99.000 -99.000 -99.000 -99.000 -99.000 -99.000 -99.000 -99.000 1.647 1.653 1.707 1.857 2.095 2.388 2.700 2.997 3.259 3.477 3.653 3.794 3.909 4.006 4.088 4.162 4.229 4.291 4.350 4.405 4.458 4.508 4.557 4.604 4.649 4.693 4.735 4.776 4.815 4.854 4.892 4.928 4.963 4.997 5.030 5.062 5.092 5.122 5.150 5.177 5.203 5.228 5.252 5.275 5.297 5.318 5.338 5.357
-99.000 -99.000 -99.000 -99.000 -99.000 -99.000 -99.000 -99.000 -99.000 -99.000 -99.000 -99.000 -99.000 -99.000 -99.000 -99.000 -99.000 -99.000 -99.000 -99.000 -99.000 -99.000 -99.000 -99.000 -99.000 1.648 1.668 1.763 1.956 2.225 2.530 2.839 3.122 3.363 3.561 3.720 3.848 3.954 4.043 4.121 4.192 4.256 4.317 4.374 4.428 4.480 4.530 4.578 4.625 4.670 4.714 4.757 4.798 4.837 4.876 4.915 4.952 4.987 5.022 5.055 5.087 5.118 5.148 5.177 5.204 5.231 5.256 5.281 5.304 5.326 5.347 5.367 5.386
-99.000 -99.000 -99.000 -99.000 -99.000 -99.000 -99.000 -99.000 -99.000 -99.000 -99.000 -99.000 -99.000 -99.000 -99.000 -99.000 -99.000 -99.000 -99.000 -99.000 -99.000 -99.000 -99.000 -99.000 1.647 1.652 1.698 1.839 2.070 2.360 2.671 2.970 3.236 3.457 3.636 3.780 3.897 3.994 4.078 4.152 4.220 4.282 4.341 4.397 4.450 4.501 4.551 4.598 4.645 4.690 4.734 4.777 4.818 4.858 4.898 4.936 4.974 5.010 5.044 5.078 5.111 5.142 5.173 5.202 5.231 5.258 5.284 5.309 5.333 5.355 5.376 5.397 5.416
-99.000 -99.000 -99.000 -99.000 -99.000 -99.000 -99.000 -99.000 -99.000 -99.000 -99.000 -99.000 -99.000 -99.000 -99.000 -99.000 -99.000 -99.000 -99.000 -99.000 -99.000 -99.000 -99.000 -99.000 1.648 1.663 1.748 1.933 2.195 2.499 2.808 3.093 3.339 3.541 3.703 3.834 3.941 4.031 4.110 4.181 4.246 4.306 4.364 4.418 4.471 4.521 4.570 4.618 4.664 4.709 4.754 4.797 4.838 4.878 4.918 4.957 4.994 5.030 5.066 5.100 5.133 5.165 5.197 5.227 5.256 5.284 5.310 5.336 5.360 5.384 5.406 5.426 5.446
-99.000 -99.000 -99.000 -99.000 -99.000 -99.000 -99.000 -99.000 -99.000 -99.000 -99.000 -99.000 -99.000 -99.000 -99.000 -99.000 -99.000 -99.000 -99.000 -99.000 -99.000 -99.000 -99.000 1.647 1.650 1.689 1.818 2.041 2.326 2.636 2.938 3.207 3.433 3.616 3.763 3.882 3.980 4.065 4.140 4.208 4.270 4.329 4.385 4.439 4.490 4.540 4.589 4.636 4.682 4.728 4.772 4.815 4.857 4.897 4.937 4.976 5.013 5.050 5.086 5.120 5.154 5.187 5.219 5.250 5.279 5.308 5.336 5.362 5.387 5.411 5.434 5.456 5.476
-99.000 -99.000 -99.000 -99.000 -99.000 -99.000 -99.000 -99.000 -99.000 -99.000 -99.000 -99.000 -99.000 -99.000 -99.000 -99.000 -99.000 -99.000 -99.000 -99.000 -99.000 -99.000 -99.000 1.647 1.659 1.733 1.906 2.160 2.461 2.770 3.060 3.310 3.517 3.683 3.816 3.925 4.017 4.097 4.168 4.233 4.294 4.351 4.406 4.458 4.509 4.558 4.607 4.654 4.700 4.745 4.790 4.833 4.874 4.914 4.954 4.993 5.031 5.068 5.104 5.139 5.174 5.207 5.239 5.271 5.301 5.331 5.359 5.386 5.413 5.438 5.461 5.484 5.505
-99.000 -99.000 -99.000 -99.000 -99.000 -99.000 -99.000 -99.000 -99.000 -99.000 -99.000 -99.000 -99.000 -99.000 -99.000 -99.000 -99.000 -99.000 -99.000 -99.000 -99.000 -99.000 1.647 1.649 1.680 1.796 2.008 2.287 2.596 2.899 3.173 3.404 3.592 3.743 3.864 3.965 4.051 4.126 4.195 4.257 4.316 4.372 4.426 4.477 4.527 4.576 4.624 4.671 4.717 4.762 4.806 4.850 4.891 4.931 4.971 5.010 5.048 5.085 5.121 5.157 5.191 5.225 5.258 5.290 5.321 5.352 5.381 5.409 5.436 5.462 5.487 5.511 5.533
-99.000 -99.000 -99.000 -99.000 -99.000 -99.000 -99.000 -99.000 -99.000 -99.000 -99.000 -99.000 -99.000 -99.000 -99.000 -99.000 -99.000 -99.000 -99.000 -99.000 -99.000 -99.000 1.647 1.655 1.717 1.876 2.121 2.418 2.728 3.021 3.277 3.489 3.660 3.797 3.908 4.002 4.082 4.154 4.220 4.281 4.338 4.392 4.445 4.495 4.545 4.593 4.641 4.687 4.733 4.778 4.822 4.865 4.906 4.946 4.986 5.025 5.063 5.101 5.137 5.173 5.208 5.242 5.276 5.308 5.340 5.371 5.401 5.430 5.458 5.485 5.511 5.536 5.559
-99.000 -99.000 -99.000 -99.000 -99.000 -99.000 -99.000 -99.000 -99.000 -99.000 -99.000 -99.000 -99.000 -99.000 -99.000 -99.000 -99.000 -99.000 -99.000 -99.000 -99.000 -99.000 1.648 1.671 1.772 1.972 2.243 2.550 2.856 3.134 3.372 3.565 3.720 3.845 3.948 4.035 4.112 4.181 4.244 4.303 4.359 4.412 4.463 4.513 4.562 4.610 4.657 4.703 4.749 4.794 4.838 4.880 4.921 4.961 5.001 5.040 5.078 5.115 5.152 5.188 5.223 5.258 5.292 5.325 5.357 5.388 5.419 5.449 5.478 5.506 5.533 5.559 5.584
-99.000 -99.000 -99.000 -99.000 -99.000 -99.000 -99.000 -99.000 -99.000 -99.000 -99.000 -99.000 -99.000 -99.000 -99.000 -99.000 -99.000 -99.000 -99.000 -99.000 -99.000 1.647 1.652 1.702 1.846 2.079 2.370 2.681 2.978 3.239 3.458 3.634 3.775 3.890 3.985 4.067 4.140 4.206 4.267 4.324 4.379 4.431 4.481 4.530 4.578 4.626 4.673 4.719 4.764 4.808 4.852 4.894 4.935 4.974 5.014 5.053 5.091 5.129 5.166 5.202 5.237 5.272 5.306 5.340 5.372 5.404 5.436 5.466 5.496 5.525 5.553 5.580 5.606
-99.000 -99.000 -99.000 -99.000 -99.000 -99.000 -99.000 -99.000 -99.000 -99.000 -99.000 -99.000 -99.000 -99.000 -99.000 -99.000 -99.000 -99.000 -99.000 -99.000 -99.000 1.648 1.664 1.750 1.934 2.196 2.500 2.808 3.092 3.336 3.536 3.696 3.825 3.931 4.020 4.097 4.166 4.230 4.289 4.345 4.398 4.449 4.499 4.547 4.595 4.642 4.688 4.734 4.779 4.822 4.865 4.907 4.948 4.987 5.027 5.066 5.104 5.142 5.178 5.215 5.250 5.285 5.319 5.353 5.386 5.419 5.451 5.482 5.512 5.542 5.571 5.599 5.626
-99.000 -99.000 -99.000 -99.000 -99.000 -99.000 -99.000 -99.000 -99.000 -99.000 -99.000 -99.000 -99.000 -99.000 -99.000 -99.000 -99.000 -99.000 -99.000 -99.000 1.647 1.650 1.688 1.815 2.036 2.320 2.629 2.930 3.199 3.424 3.606 3.752 3.871 3.968 4.052 4.126 4.192 4.253 4.311 4.365 4.417 4.468 4.516 4.564 4.611 4.658 4.703 4.748 4.793 4.836 4.878 4.920 4.960 4.999 5.039 5.078 5.116 5.153 5.190 5.226 5.262 5.297 5.332 5.366 5.399 5.432 5.464 5.496 5.527 5.557 5.587 5.616 5.644
-99.000 -99.000 -99.000 -99.000 -99.000 -99.000 -99.000 -99.000 -99.000 -99.000 -99.000 -99.000 -99.000 -99.000 -99.000 -99.000 -99.000 -99.000 -99.000 -99.000 1.647 1.658 1.728 1.896 2.147 2.446 2.756 3.046 3.298 3.504 3.671 3.804 3.913 4.004 4.083 4.153 4.217 4.276 4.332 4.386 4.437 4.486 4.534 4.581 4.627 4.673 4.718 4.763 4.806 4.849 4.891 4.932 4.971 5.011 5.050 5.089 5.127 5.164 5.201 5.237 5.273 5.308 5.343 5.377 5.410 5.444 5.476 5.508 5.540 5.571 5.601 5.631 5.660
-99.000 -99.000 -99.000 -99.000 -99.000 -99.000 -99.000 -99.000 -99.000 -99.000 -99.000 -99.000 -99.000 -99.000 -99.000 -99.000 -99.000 -99.000 -99.000 1.647 1.649 1.676 1.785 1.991 2.267 2.574 2.879 3.155 3.389 3.578 3.729 3.852 3.952 4.038 4.113 4.180 4.242 4.299 4.354 4.406 4.456 4.504 4.551 4.598 4.644 4.689 4.733 4.777 4.819 4.861 4.903 4.943 4.983 5.021 5.060 5.099 5.137 5.174 5.211 5.247 5.283 5.318 5.353 5.387 5.421 5.454 5.487 5.520 5.552 5.583 5.614 5.645 5.674
-99.000 -99.000 -99.000 -99.000 -99.000 -99.000 -99.000 -99.000 -99.000 -99.000 -99.000 -99.000 -99.000 -99.000 -99.000 -99.000 -99.000 -99.000 -99.000 1.647 1.654 1.709 1.859 2.098 2.391 2.701 2.997 3.256 3.472 3.645 3.784 3.896 3.990 4.070 4.141 4.206 4.266 4.322 4.375 4.426 4.475 4.523 4.569 4.615 4.660 4.704 4.748 4.791 4.833 4.874 4.914 4.955 4.993 5.032 5.070 5.109 5.146 5.183 5.220 5.256 5.292 5.327 5.362 5.396 5.430 5.464 5.497 5.530 5.562 5.594 5.626 5.657 5.687
-99.000 -99.000 -99.000 -99.000 -99.000 -99.000 -99.000 -99.000 -99.000 -99.000 -99.000 -99.000 -99.000 -99.000 -99.000 -99.000 -99.000 -99.000 -99.000 1.648 1.666 1.758 1.948 2.213 2.518 2.826 3.109 3.351 3.549 3.707 3.834 3.938 4.026 4.102 4.170 4.232 4.290 4.344 4.396 4.446 4.494 4.541 4.587 4.632 4.676 4.720 4.763 4.804 4.846 4.886 4.926 4.966 5.004 5.042 5.080 5.118 5.155 5.192 5.229 5.265 5.301 5.336 5.371 5.405 5.439 5.473 5.506 5.539 5.571 5.604 5.636 5.667 5.698
-99.000 -99.000 -99.000 -99.000 -99.000 -99.000 -99.000 -99.000 -99.000 -99.000 -99.000 -99.000 -99.000 -99.000 -99.000 -99.000 -99.000 -99.000 1.647 1.651 1.692 1.824 2.049 2.335 2.645 2.946 3.214 3.438 3.620 3.764 3.881 3.977 4.060 4.132 4.198 4.258 4.314 4.367 4.418 4.467 4.514 4.560 4.605 4.649 4.693 4.736 4.777 4.819 4.859 4.899 4.938 4.976 5.014 5.051 5.089 5.127 5.164 5.200 5.237 5.273 5.308 5.343 5.378 5.413 5.447 5.480 5.514 5.547 5.580 5.612 5.644 5.676 5.708
-99.000 -99.000 -99.000 -99.000 -99.000 -99.000 -99.000 -99.000 -99.000 -99.000 -99.000 -99.000 -99.000 -99.000 -99.000 -99.000 -99.000 -99.000 1.647 1.659 1.734 1.906 2.160 2.461 2.771 3.061 3.312 3.519 3.685 3.817 3.925 4.015 4.093 4.162 4.225 4.284 4.338 4.390 4.440 4.488 4.534 4.580 4.624 4.667 4.710 4.752 4.793 4.833 4.872 4.911 4.949 4.987 5.024 5.061 5.098 5.135 5.172 5.208 5.244 5.280 5.315 5.351 5.385 5.420 5.454 5.487 5.521 5.554 5.587 5.620 5.652 5.685 5.716
-99.000 -99.000 -99.000 -99.000 -99.000 -99.000 -99.000 -99.000 -99.000 -99.000 -99.000 -99.000 -99.000 -99.000 -99.000 -99.000 -99.000 1.647 1.649 1.679 1.792 2.002 2.280 2.588 2.893 3.169 3.403 3.593 3.745 3.866 3.966 4.051 4.125 4.192 4.253 4.310 4.363 4.414 4.463 4.510 4.555 4.600 4.643 4.686 4.727 4.768 4.809 4.848 4.886 4.924 4.962 4.999 5.034 5.071 5.107 5.144 5.180 5.216 5.251 5.287 5.322 5.357 5.392 5.426 5.460 5.494 5.527 5.561 5.594 5.627 5.659 5.692 5.724
-99.000 -99.000 -99.000 -99.000 -99.000 -99.000 -99.000 -99.000 -99.000 -99.000 -99.000 -99.000 -99.000 -99.000 -99.000 -99.000 -99.000 1.647 1.655 1.713 1.867 2.109 2.404 2.715 3.011 3.271 3.487 3.661 3.800 3.912 4.006 4.086 4.157 4.221 4.280 4.336 4.388 4.438 4.485 4.532 4.576 4.620 4.663 4.705 4.746 4.786 4.825 4.863 4.901 4.938 4.974 5.010 5.045 5.081 5.116 5.152 5.188 5.223 5.258 5.293 5.328 5.363 5.398 5.432 5.466 5.500 5.533 5.566 5.600 5.633 5.665 5.698 5.731
-99.000 -99.000 -99.000 -99.000 -99.000 -99.000 -99.000 -99.000 -99.000 -99.000 -99.000 -99.000 -99.000 -99.000 -99.000 -99.000 -99.000 1.648 1.668 1.764 1.957 2.225 2.531 2.840 3.123 3.366 3.565 3.724 3.852 3.956 4.044 4.120 4.188 4.250 4.307 4.361 4.413 4.462 4.509 4.554 4.598 4.641 4.683 4.724 4.764 4.804 4.842 4.879 4.916 4.952 4.987 5.022 5.056 5.091 5.126 5.161 5.195 5.230 5.265 5.300 5.334 5.369 5.403 5.437 5.471 5.505 5.538 5.572 5.605 5.638 5.671 5.704 5.737
-99.000 -99.000 -99.000 -99.000 -99.000 -99.000 -99.000 -99.000 -99.000 -99.000 -99.000 -99.000 -99.000 -99.000 -99.000 -99.000 1.647 1.651 1.695 1.832 2.060 2.348 2.659 2.961 3.229 3.454 3.637 3.783 3.900 3.997 4.080 4.153 4.218 4.278 4.334 4.387 4.438 4.486 4.532 4.577 4.620 4.663 4.704 4.745 4.784 4.823 4.860 4.897 4.932 4.967 5.002 5.035 5.068 5.102 5.136 5.169 5.203 5.238 5.272 5.306 5.340 5.374 5.408 5.442 5.476 5.510 5.543 5.576 5.610 5.643 5.676 5.709 5.742
-99.000 -99.000 -99.000 -99.000 -99.000 -99.000 -99.000 -99.000 -99.000 -99.000 -99.000 -99.000 -99.000 -99.000 -99.000 -99.000 1.647 1.661 1.739 1.916 2.173 2.475 2.786 3.076 3.328 3.536 3.703 3.837 3.945 4.036 4.114 4.184 4.247 4.306 4.361 4.413 4.463 4.510 4.556 4.600 4.643 4.685 4.726 4.766 4.804 4.842 4.879 4.915 4.949 4.983 5.017 5.049 5.081 5.113 5.146 5.179 5.212 5.245 5.278 5.312 5.346 5.379 5.413 5.447 5.480 5.514 5.547 5.581 5.614 5.647 5.680 5.713 5.746
-99.000 -99.000 -99.000 -99.000 -99.000 -99.000 -99.000 -99.000 -99.000 -99.000 -99.000 -99.000 -99.000 -99.000 -99.000 1.647 1.649 1.682 1.800 2.014 2.294 2.604 2.910 3.186 3.420 3.610 3.763 3.886 3.987 4.072 4.147 4.214 4.276 4.333 4.387 4.438 4.487 4.534 4.579 4.623 4.666 4.707 4.748 4.787 4.826 4.863 4.899 4.934 4.968 5.001 5.033 5.064 5.095 5.126 5.157 5.189 5.221 5.253 5.285 5.318 5.351 5.384 5.418 5.451 5.485 5.518 5.551 5.584 5.618 5.651 5.684 5.717 5.750
-99.000 -99.000 -99.000 -99.000 -99.000 -99.000 -99.000 -99.000 -99.000 -99.000 -99.000 -99.000 -99.000 -99.000 -99.000 1.647 1.656 1.718 1.878 2.123 2.420 2.733 3.029 3.288 3.505 3.679 3.819 3.933 4.026 4.107 4.179 4.244 4.304 4.360 4.413 4.463 4.511 4.558 4.603 4.646 4.688 4.730 4.770 4.809 4.847 4.884 4.919 4.954 4.987 5.019 5.050 5.080 5.110 5.140 5.170 5.200 5.231 5.262 5.293 5.325 5.357 5.389 5.422 5.455 5.488 5.521 5.555 5.588 5.621 5.654 5.687 5.721 5.754
-99.000 -99.000 -99.000 -99.000 -99.000 -99.000 -99.000 -99.000 -99.000 -99.000 -99.000 -99.000 -99.000 -99.000 -99.000 1.648 1.671 1.772 1.971 2.242 2.550 2.859 3.142 3.384 3.582 3.742 3.870 3.976 4.063 4.140 4.209 4.272 4.330 4.385 4.437 4.487 4.535 4.581 4.626 4.669 4.711 4.752 4.792 4.831 4.869 4.906 4.941 4.974 5.007 5.039 5.069 5.098 5.126 5.155 5.184 5.213 5.242 5.271 5.301 5.332 5.363 5.395 5.427 5.459 5.492 5.525 5.558 5.591 5.624 5.657 5.690 5.724 5.757
-99.000 -99.000 -99.000 -99.000 -99.000 -99.000 -99.000 -99.000 -99.000 -99.000 -99.000 -99.000 -99.000 -99.000 1.647 1.652 1.701 1.844 2.077 2.368 2.680 2.981 3.248 3.472 3.653 3.799 3.917 4.015 4.098 4.171 4.238 4.299 4.356 4.410 4.462 4.511 4.558 4.604 4.648 4.691 4.733 4.775 4.815 4.854 4.891 4.927 4.962 4.996 5.028 5.059 5.089 5.117 5.145 5.172 5.200 5.227 5.254 5.282 5.311 5.340 5.370 5.400 5.431 5.463 5.495 5.528 5.560 5.593 5.626 5.659 5.693 5.726 5.760
