TsunamiDB/out54056.asc
ncols          264
nrows          230
xllcorner      497853.4375
yllcorner      4229146.0000
cellsize         5.
NODATA_value   -99
[rows 99 to 131 of 230, columns 148 to 221 of 264]
5.992 6.009 6.026 6.043 6.058 6.073 6.085 6.096 6.105 6.112 6.118 6.122 6.124 6.125 6.125 6.125 6.124 6.123 6.122 6.123 6.124 6.126 6.130 6.133 6.138 6.144 6.153 6.163 6.175 6.189 6.203 6.219 6.237 6.255 6.274 6.293 6.313 6.334 6.354 6.375 6.396 6.418 6.440 6.462 6.486 6.510 6.535 6.560 6.586 6.613 6.641 6.668 6.696 6.723 6.749 6.775 6.801 6.828 6.856 6.887 6.919 6.954 6.990 7.025 7.059 7.092 7.124 7.157 7.197 7.248 7.299 7.356 7.424 7.502
6.004 6.023 6.041 6.059 6.076 6.091 6.106 6.118 6.129 6.138 6.146 6.151 6.155 6.157 6.158 6.158 6.157 6.156 6.155 6.154 6.153 6.154 6.156 6.158 6.161 6.166 6.173 6.182 6.192 6.204 6.218 6.233 6.250 6.267 6.285 6.305 6.324 6.344 6.364 6.385 6.405 6.426 6.448 6.470 6.493 6.517 6.541 6.565 6.590 6.617 6.644 6.672 6.699 6.726 6.752 6.777 6.803 6.828 6.855 6.884 6.915 6.948 6.982 7.016 7.050 7.085 7.120 7.158 7.203 7.257 7.313 7.374 7.445 7.528
6.015 6.034 6.054 6.073 6.091 6.108 6.124 6.138 6.151 6.162 6.171 6.179 6.184 6.188 6.190 6.191 6.190 6.189 6.188 6.186 6.184 6.184 6.184 6.184 6.186 6.189 6.195 6.202 6.211 6.222 6.235 6.249 6.265 6.281 6.299 6.318 6.337 6.356 6.376 6.396 6.417 6.437 6.458 6.480 6.502 6.525 6.549 6.573 6.598 6.624 6.651 6.678 6.706 6.732 6.758 6.784 6.808 6.833 6.858 6.886 6.915 6.946 6.979 7.013 7.049 7.087 7.126 7.169 7.219 7.277 7.336 7.400 7.475 7.558
6.024 6.045 6.065 6.085 6.104 6.123 6.140 6.156 6.170 6.183 6.194 6.203 6.211 6.216 6.220 6.222 6.223 6.222 6.220 6.219 6.217 6.215 6.214 6.213 6.213 6.215 6.219 6.225 6.233 6.242 6.254 6.267 6.281 6.298 6.315 6.333 6.352 6.371 6.390 6.410 6.430 6.450 6.471 6.492 6.514 6.536 6.559 6.582 6.607 6.633 6.660 6.687 6.714 6.741 6.767 6.793 6.816 6.840 6.864 6.890 6.918 6.948 6.981 7.017 7.055 7.096 7.141 7.190 7.243 7.304 7.365 7.433 7.510 7.590
6.032 6.053 6.075 6.096 6.116 6.135 6.153 6.171 6.187 6.201 6.214 6.225 6.234 6.242 6.247 6.251 6.253 6.253 6.253 6.251 6.249 6.247 6.245 6.243 6.242 6.242 6.245 6.250 6.256 6.264 6.274 6.286 6.300 6.315 6.332 6.349 6.368 6.387 6.406 6.425 6.445 6.465 6.485 6.505 6.527 6.549 6.571 6.593 6.618 6.643 6.670 6.697 6.725 6.752 6.778 6.803 6.826 6.849 6.871 6.897 6.924 6.954 6.989 7.027 7.069 7.115 7.164 7.217 7.274 7.336 7.400 7.469 7.546 7.625
6.039 6.060 6.083 6.104 6.125 6.146 6.165 6.184 6.201 6.217 6.231 6.244 6.255 6.264 6.272 6.277 6.281 6.283 6.283 6.282 6.281 6.279 6.277 6.274 6.272 6.272 6.273 6.276 6.281 6.288 6.297 6.308 6.321 6.335 6.351 6.368 6.385 6.404 6.423 6.442 6.461 6.481 6.500 6.520 6.541 6.562 6.584 6.606 6.629 6.655 6.681 6.709 6.736 6.763 6.790 6.814 6.837 6.859 6.881 6.906 6.934 6.965 7.001 7.042 7.087 7.138 7.192 7.249 7.309 7.372 7.437 7.507 7.584 7.662
6.043 6.066 6.089 6.111 6.133 6.155 6.175 6.195 6.213 6.230 6.246 6.260 6.273 6.284 6.293 6.301 6.306 6.310 6.312 6.312 6.312 6.310 6.308 6.306 6.303 6.302 6.302 6.304 6.308 6.313 6.321 6.331 6.343 6.356 6.371 6.387 6.405 6.423 6.441 6.460 6.479 6.498 6.517 6.536 6.556 6.577 6.598 6.619 6.642 6.667 6.693 6.721 6.748 6.776 6.802 6.827 6.849 6.870 6.892 6.917 6.947 6.979 7.018 7.062 7.112 7.167 7.225 7.285 7.348 7.412 7.476 7.548 7.625 7.702
6.047 6.070 6.094 6.117 6.140 6.162 6.183 6.204 6.223 6.242 6.259 6.274 6.289 6.301 6.312 6.322 6.329 6.334 6.338 6.340 6.341 6.340 6.339 6.337 6.334 6.332 6.332 6.333 6.336 6.340 6.347 6.356 6.366 6.379 6.393 6.408 6.425 6.442 6.460 6.479 6.497 6.516 6.534 6.553 6.572 6.592 6.612 6.633 6.655 6.680 6.706 6.733 6.761 6.788 6.815 6.840 6.862 6.882 6.905 6.932 6.963 6.999 7.040 7.087 7.141 7.200 7.262 7.325 7.389 7.453 7.516 7.589 7.666 7.743
6.049 6.072 6.097 6.121 6.144 6.167 6.189 6.211 6.231 6.251 6.269 6.286 6.302 6.316 6.329 6.339 6.348 6.356 6.361 6.365 6.367 6.368 6.368 6.366 6.364 6.362 6.362 6.362 6.364 6.368 6.374 6.381 6.391 6.402 6.416 6.430 6.446 6.463 6.481 6.499 6.517 6.535 6.553 6.571 6.590 6.609 6.628 6.648 6.669 6.694 6.719 6.746 6.774 6.802 6.828 6.853 6.875 6.897 6.922 6.952 6.985 7.023 7.068 7.118 7.175 7.236 7.300 7.366 7.433 7.496 7.559 7.633 7.712 7.792
6.049 6.073 6.098 6.123 6.147 6.171 6.194 6.216 6.238 6.258 6.278 6.296 6.313 6.328 6.342 6.355 6.365 6.375 6.382 6.387 6.391 6.394 6.395 6.395 6.393 6.392 6.392 6.392 6.393 6.396 6.401 6.408 6.416 6.427 6.439 6.453 6.469 6.485 6.502 6.520 6.537 6.555 6.573 6.590 6.608 6.626 6.644 6.663 6.685 6.708 6.734 6.760 6.788 6.816 6.842 6.868 6.891 6.916 6.943 6.975 7.011 7.052 7.099 7.153 7.211 7.274 7.340 7.410 7.478 7.540 7.603 7.681 7.764 7.846
6.048 6.073 6.098 6.124 6.149 6.173 6.197 6.220 6.242 6.264 6.284 6.304 6.322 6.338 6.354 6.368 6.380 6.391 6.400 6.407 6.413 6.417 6.420 6.421 6.421 6.420 6.420 6.421 6.422 6.425 6.429 6.434 6.442 6.452 6.464 6.477 6.492 6.508 6.524 6.542 6.559 6.576 6.593 6.611 6.628 6.645 6.662 6.680 6.701 6.724 6.749 6.775 6.803 6.831 6.858 6.885 6.911 6.938 6.968 7.002 7.040 7.084 7.134 7.189 7.248 7.312 7.381 7.454 7.525 7.587 7.651 7.735 7.821 7.907
6.046 6.071 6.097 6.123 6.149 6.174 6.199 6.222 6.246 6.268 6.289 6.309 6.329 6.346 6.363 6.378 6.392 6.404 6.415 6.424 6.432 6.438 6.442 6.445 6.446 6.447 6.448 6.449 6.450 6.453 6.456 6.461 6.468 6.477 6.488 6.501 6.515 6.531 6.547 6.564 6.581 6.598 6.615 6.632 6.648 6.665 6.681 6.698 6.718 6.740 6.765 6.791 6.819 6.847 6.876 6.905 6.934 6.964 6.996 7.033 7.073 7.119 7.171 7.227 7.287 7.352 7.424 7.500 7.575 7.638 7.705 7.792 7.881 7.973
6.042 6.069 6.095 6.122 6.148 6.174 6.199 6.223 6.247 6.270 6.292 6.314 6.334 6.353 6.370 6.387 6.402 6.416 6.428 6.439 6.448 6.456 6.462 6.467 6.469 6.472 6.474 6.476 6.477 6.480 6.483 6.488 6.494 6.503 6.513 6.525 6.539 6.554 6.570 6.587 6.604 6.621 6.638 6.654 6.671 6.687 6.702 6.718 6.737 6.759 6.783 6.809 6.837 6.867 6.897 6.929 6.961 6.993 7.028 7.066 7.109 7.156 7.209 7.267 7.327 7.394 7.468 7.548 7.628 7.692 7.760 7.852 7.946 8.040
6.039 6.065 6.092 6.119 6.146 6.172 6.198 6.223 6.248 6.272 6.295 6.316 6.337 6.357 6.376 6.394 6.410 6.425 6.439 6.451 6.462 6.472 6.480 6.486 6.491 6.495 6.498 6.501 6.503 6.506 6.510 6.514 6.520 6.528 6.538 6.549 6.563 6.578 6.594 6.611 6.628 6.645 6.662 6.678 6.694 6.710 6.724 6.739 6.757 6.778 6.802 6.828 6.857 6.889 6.921 6.955 6.990 7.025 7.062 7.102 7.145 7.194 7.249 7.307 7.368 7.436 7.513 7.599 7.684 7.748 7.818 7.915 8.011 8.104
6.035 6.062 6.089 6.116 6.144 6.170 6.197 6.222 6.248 6.272 6.296 6.318 6.340 6.361 6.380 6.399 6.416 6.433 6.448 6.462 6.474 6.486 6.496 6.503 6.510 6.515 6.520 6.524 6.528 6.531 6.535 6.540 6.545 6.553 6.562 6.573 6.586 6.601 6.617 6.634 6.651 6.669 6.686 6.703 6.719 6.734 6.747 6.762 6.779 6.800 6.824 6.851 6.881 6.914 6.949 6.985 7.022 7.059 7.098 7.138 7.183 7.234 7.289 7.349 7.411 7.481 7.562 7.652 7.741 7.806 7.878 7.977 8.071 8.162
6.031 6.058 6.086 6.113 6.141 6.168 6.195 6.221 6.247 6.271 6.296 6.319 6.342 6.363 6.384 6.403 6.421 6.439 6.455 6.471 6.485 6.498 6.509 6.519 6.527 6.534 6.541 6.546 6.551 6.555 6.560 6.564 6.570 6.577 6.586 6.597 6.609 6.624 6.640 6.657 6.675 6.693 6.711 6.728 6.744 6.759 6.772 6.786 6.803 6.824 6.849 6.876 6.907 6.941 6.978 7.017 7.056 7.095 7.134 7.176 7.221 7.273 7.330 7.391 7.455 7.528 7.611 7.703 7.797 7.864 7.936 8.034 8.127 8.216
6.028 6.055 6.082 6.110 6.138 6.165 6.192 6.219 6.245 6.271 6.295 6.319 6.342 6.365 6.386 6.406 6.426 6.444 6.462 6.478 6.494 6.509 6.521 6.532 6.542 6.551 6.560 6.567 6.573 6.578 6.583 6.588 6.594 6.601 6.610 6.620 6.632 6.647 6.663 6.681 6.699 6.718 6.736 6.754 6.770 6.785 6.799 6.813 6.829 6.851 6.876 6.903 6.936 6.971 7.010 7.051 7.092 7.132 7.172 7.214 7.260 7.313 7.372 7.434 7.501 7.577 7.662 7.759 7.859 7.926 7.996 8.093 8.185 8.270
6.025 6.052 6.080 6.108 6.135 6.163 6.190 6.217 6.244 6.270 6.295 6.319 6.343 6.366 6.388 6.409 6.429 6.449 6.467 6.485 6.502 6.518 6.532 6.545 6.556 6.567 6.577 6.586 6.593 6.600 6.606 6.612 6.618 6.625 6.633 6.643 6.655 6.669 6.686 6.703 6.722 6.742 6.761 6.779 6.797 6.812 6.826 6.840 6.857 6.880 6.905 6.934 6.967 7.004 7.045 7.087 7.129 7.170 7.211 7.254 7.301 7.355 7.416 7.481 7.552 7.630 7.718 7.824 7.926 7.988 8.055 8.150 8.239 8.321
6.022 6.050 6.077 6.105 6.133 6.161 6.188 6.216 6.242 6.269 6.294 6.319 6.343 6.367 6.389 6.411 6.432 6.453 6.472 6.491 6.509 6.527 6.542 6.556 6.570 6.582 6.594 6.604 6.613 6.621 6.628 6.634 6.641 6.648 6.656 6.666 6.678 6.692 6.708 6.726 6.745 6.766 6.786 6.805 6.824 6.840 6.854 6.869 6.887 6.911 6.937 6.967 7.001 7.039 7.081 7.123 7.166 7.208 7.252 7.296 7.344 7.401 7.464 7.533 7.607 7.691 7.787 7.894 7.990 8.048 8.112 8.204 8.290 8.370
6.021 6.048 6.076 6.104 6.132 6.159 6.187 6.214 6.241 6.268 6.294 6.319 6.344 6.368 6.391 6.413 6.435 6.456 6.477 6.497 6.516 6.535 6.552 6.567 6.582 6.596 6.609 6.621 6.632 6.641 6.649 6.657 6.664 6.671 6.679 6.689 6.700 6.714 6.730 6.748 6.768 6.789 6.810 6.831 6.850 6.867 6.883 6.900 6.920 6.944 6.972 7.002 7.037 7.076 7.117 7.160 7.204 7.249 7.295 7.341 7.391 7.451 7.518 7.591 7.669 7.759 7.858 7.959 8.049 8.104 8.165 8.254 8.338 8.414
6.020 6.047 6.075 6.103 6.130 6.158 6.186 6.213 6.240 6.267 6.293 6.319 6.344 6.369 6.393 6.416 6.438 6.460 6.482 6.503 6.523 6.543 6.561 6.577 6.594 6.609 6.624 6.637 6.650 6.660 6.670 6.678 6.686 6.694 6.702 6.712 6.723 6.736 6.752 6.770 6.790 6.812 6.834 6.856 6.877 6.896 6.913 6.932 6.953 6.979 7.007 7.038 7.074 7.113 7.154 7.198 7.245 7.292 7.341 7.389 7.441 7.507 7.578 7.654 7.737 7.828 7.925 8.020 8.106 8.157 8.215 8.302 8.382 8.455
6.019 6.046 6.074 6.102 6.130 6.158 6.185 6.213 6.240 6.267 6.294 6.320 6.345 6.370 6.394 6.418 6.442 6.464 6.487 6.508 6.530 6.550 6.570 6.588 6.605 6.622 6.639 6.653 6.667 6.679 6.690 6.700 6.709 6.717 6.725 6.735 6.746 6.759 6.774 6.792 6.813 6.835 6.858 6.881 6.903 6.924 6.944 6.964 6.987 7.014 7.043 7.075 7.111 7.150 7.192 7.237 7.286 7.338 7.391 7.442 7.498 7.567 7.642 7.722 7.807 7.895 7.988 8.078 8.160 8.209 8.263 8.346 8.423 8.493
6.020 6.047 6.074 6.102 6.130 6.157 6.185 6.213 6.240 6.267 6.294 6.320 6.346 6.372 6.397 6.421 6.445 6.469 6.492 6.514 6.536 6.558 6.579 6.598 6.617 6.635 6.653 6.669 6.684 6.698 6.710 6.721 6.731 6.740 6.749 6.758 6.769 6.781 6.796 6.814 6.835 6.857 6.881 6.906 6.930 6.954 6.975 6.997 7.021 7.049 7.080 7.112 7.148 7.188 7.231 7.278 7.331 7.387 7.446 7.499 7.558 7.631 7.710 7.792 7.874 7.959 8.047 8.133 8.212 8.257 8.309 8.388 8.463 8.529
6.020 6.047 6.074 6.102 6.130 6.158 6.185 6.213 6.240 6.268 6.295 6.322 6.348 6.374 6.399 6.424 6.449 6.473 6.497 6.520 6.543 6.566 6.588 6.608 6.628 6.648 6.667 6.684 6.701 6.716 6.730 6.742 6.753 6.763 6.772 6.781 6.792 6.804 6.819 6.836 6.857 6.880 6.905 6.931 6.957 6.983 7.006 7.030 7.055 7.084 7.115 7.148 7.185 7.227 7.271 7.321 7.378 7.440 7.504 7.559 7.620 7.698 7.779 7.859 7.939 8.020 8.103 8.185 8.262 8.305 8.353 8.430 8.501 8.564
6.022 6.048 6.075 6.103 6.130 6.158 6.186 6.214 6.241 6.269 6.296 6.323 6.350 6.376 6.402 6.428 6.453 6.478 6.503 6.527 6.551 6.574 6.597 6.618 6.639 6.660 6.680 6.700 6.717 6.734 6.749 6.763 6.775 6.785 6.795 6.805 6.815 6.827 6.841 6.859 6.879 6.903 6.929 6.956 6.984 7.012 7.037 7.061 7.087 7.117 7.149 7.183 7.223 7.266 7.313 7.367 7.428 7.496 7.564 7.622 7.685 7.765 7.846 7.924 8.001 8.077 8.156 8.235 8.310 8.351 8.397 8.471 8.537 8.597
6.024 6.050 6.077 6.104 6.131 6.159 6.187 6.214 6.242 6.270 6.297 6.325 6.352 6.379 6.405 6.432 6.458 6.483 6.508 6.533 6.558 6.583 6.606 6.628 6.651 6.673 6.694 6.714 6.734 6.752 6.768 6.783 6.796 6.808 6.819 6.829 6.839 6.850 6.864 6.882 6.902 6.926 6.953 6.981 7.011 7.040 7.066 7.092 7.119 7.150 7.183 7.219 7.260 7.306 7.356 7.414 7.480 7.551 7.624 7.685 7.749 7.830 7.910 7.987 8.060 8.134 8.208 8.284 8.357 8.397 8.440 8.509 8.572 8.627
6.027 6.052 6.078 6.105 6.132 6.160 6.188 6.215 6.243 6.271 6.299 6.327 6.354 6.382 6.409 6.436 6.462 6.489 6.515 6.540 6.566 6.591 6.616 6.639 6.662 6.685 6.708 6.729 6.750 6.769 6.787 6.803 6.817 6.830 6.842 6.852 6.863 6.874 6.887 6.905 6.926 6.950 6.977 7.006 7.037 7.067 7.095 7.122 7.149 7.181 7.216 7.254 7.298 7.347 7.402 7.464 7.534 7.610 7.689 7.750 7.813 7.894 7.974 8.049 8.120 8.190 8.259 8.333 8.407 8.445 8.484 8.549 8.607 8.658
6.032 6.056 6.081 6.107 6.134 6.161 6.189 6.217 6.245 6.273 6.301 6.329 6.357 6.385 6.412 6.440 6.467 6.494 6.521 6.548 6.574 6.600 6.625 6.649 6.673 6.697 6.721 6.744 6.766 6.786 6.805 6.823 6.839 6.852 6.865 6.876 6.887 6.898 6.911 6.928 6.949 6.974 7.001 7.032 7.063 7.094 7.123 7.149 7.178 7.213 7.250 7.291 7.338 7.391 7.451 7.517 7.591 7.675 7.756 7.815 7.876 7.957 8.036 8.109 8.179 8.245 8.311 8.387 8.461 8.493 8.528 8.589 8.642 8.688
6.038 6.060 6.085 6.110 6.136 6.163 6.191 6.218 6.246 6.274 6.303 6.331 6.360 6.388 6.416 6.444 6.472 6.500 6.528 6.555 6.582 6.609 6.635 6.660 6.685 6.710 6.734 6.758 6.781 6.803 6.823 6.842 6.859 6.874 6.888 6.900 6.910 6.922 6.935 6.953 6.974 6.998 7.026 7.057 7.089 7.120 7.149 7.177 7.209 7.247 7.287 7.331 7.382 7.440 7.504 7.575 7.655 7.742 7.821 7.878 7.938 8.018 8.096 8.170 8.238 8.304 8.372 8.446 8.511 8.540 8.572 8.626 8.674 8.716
6.046 6.067 6.090 6.114 6.139 6.166 6.193 6.220 6.248 6.277 6.305 6.334 6.363 6.392 6.420 6.449 6.478 6.506 6.535 6.563 6.591 6.618 6.645 6.670 6.696 6.722 6.748 6.772 6.796 6.819 6.841 6.861 6.880 6.896 6.911 6.923 6.935 6.946 6.960 6.977 6.998 7.022 7.051 7.081 7.113 7.145 7.175 7.208 7.243 7.283 7.326 7.374 7.430 7.492 7.561 7.637 7.721 7.806 7.883 7.938 7.998 8.078 8.156 8.229 8.297 8.365 8.434 8.501 8.559 8.584 8.612 8.661 8.704 8.741
6.058 6.076 6.097 6.119 6.144 6.169 6.196 6.223 6.251 6.279 6.308 6.337 6.366 6.395 6.425 6.454 6.483 6.513 6.542 6.570 6.599 6.627 6.655 6.681 6.708 6.734 6.761 6.786 6.812 6.836 6.859 6.880 6.900 6.918 6.933 6.947 6.959 6.971 6.985 7.002 7.023 7.047 7.075 7.106 7.138 7.170 7.204 7.240 7.279 7.322 7.368 7.422 7.482 7.548 7.620 7.699 7.783 7.867 7.943 7.998 8.056 8.137 8.216 8.289 8.359 8.427 8.493 8.554 8.604 8.626 8.651 8.693 8.731 8.763
6.072 6.088 6.106 6.127 6.149 6.174 6.199 6.226 6.254 6.282 6.311 6.340 6.369 6.399 6.429 6.459 6.489 6.519 6.549 6.578 6.608 6.637 6.664 6.692 6.719 6.746 6.774 6.800 6.826 6.852 6.876 6.899 6.920 6.939 6.956 6.971 6.984 6.996 7.010 7.027 7.047 7.071 7.099 7.130 7.163 7.197 7.235 7.275 7.318 7.365 7.415 7.473 7.537 7.607 7.681 7.760 7.843 7.925 8.002 8.056 8.115 8.196 8.275 8.350 8.420 8.486 8.548 8.603 8.647 8.666 8.686 8.723 8.755 8.783
6.090 6.102 6.118 6.136 6.157 6.180 6.205 6.230 6.258 6.285 6.314 6.343 6.373 6.403 6.434 6.464 6.495 6.526 6.556 6.586 6.616 6.646 6.674 6.702 6.730 6.759 6.787 6.814 6.841 6.868 6.893 6.917 6.939 6.960 6.978 6.994 7.008 7.021 7.034 7.052 7.072 7.095 7.123 7.155 7.190 7.227 7.268 7.313 7.361 7.410 7.464 7.526 7.594 7.666 7.740 7.817 7.899 7.982 8.061 8.114 8.172 8.254 8.334 8.410 8.478 8.543 8.601 8.650 8.688 8.703 8.720 8.751 8.777 8.799
