TsunamiDB/out54119.asc
ncols          264
nrows          230
xllcorner      497853.4375
yllcorner      4229146.0000
cellsize         5.
NODATA_value   -99
[rows 136 to 169 of 230, columns 0 to 76 of 264]
5.334 5.353 5.372 5.391 5.409 5.428 5.446 5.464 5.481 5.497 5.514 5.531 5.547 5.563 5.579 5.595 5.610 5.625 5.640 5.655 5.669 5.682 5.696 5.709 5.722 5.735 5.747 5.759 5.771 5.783 5.795 5.807 5.816 5.827 5.838 5.849 5.860 5.871 5.882 5.894 5.905 5.917 5.928 5.940 5.952 5.964 5.976 5.988 6.001 6.013 6.026 6.039 6.052 6.065 6.078 6.090 6.103 6.116 6.129 6.143 6.158 6.172 6.188 6.203 6.220 6.237 6.254 6.273 6.292 6.311 6.332 6.353 6.374 6.396 6.419 6.441 6.464
5.345 5.364 5.382 5.401 5.419 5.437 5.455 5.473 5.490 5.506 5.523 5.540 5.556 5.573 5.589 5.604 5.620 5.635 5.650 5.665 5.679 5.693 5.707 5.720 5.733 5.746 5.759 5.771 5.783 5.795 5.807 5.818 5.828 5.838 5.849 5.860 5.871 5.882 5.893 5.904 5.915 5.926 5.938 5.949 5.961 5.972 5.984 5.996 6.008 6.020 6.033 6.045 6.058 6.071 6.084 6.095 6.107 6.120 6.132 6.146 6.159 6.173 6.187 6.202 6.216 6.232 6.248 6.264 6.281 6.299 6.317 6.337 6.356 6.377 6.398 6.420 6.442
5.356 5.375 5.393 5.411 5.429 5.447 5.465 5.482 5.499 5.515 5.532 5.548 5.565 5.581 5.597 5.613 5.629 5.644 5.659 5.674 5.689 5.703 5.717 5.730 5.744 5.757 5.770 5.782 5.794 5.806 5.818 5.829 5.839 5.850 5.860 5.871 5.882 5.893 5.903 5.914 5.925 5.936 5.947 5.958 5.970 5.981 5.993 6.004 6.016 6.028 6.040 6.052 6.065 6.077 6.090 6.101 6.112 6.124 6.137 6.149 6.162 6.175 6.188 6.202 6.216 6.230 6.245 6.260 6.275 6.291 6.308 6.325 6.343 6.361 6.381 6.401 6.422
5.368 5.386 5.404 5.421 5.439 5.457 5.474 5.492 5.508 5.524 5.540 5.557 5.573 5.589 5.606 5.621 5.637 5.653 5.668 5.683 5.697 5.712 5.726 5.740 5.753 5.767 5.780 5.792 5.805 5.817 5.829 5.840 5.850 5.861 5.871 5.882 5.892 5.903 5.914 5.924 5.935 5.946 5.957 5.968 5.979 5.990 6.001 6.013 6.024 6.036 6.047 6.059 6.072 6.084 6.096 6.107 6.118 6.130 6.142 6.154 6.166 6.179 6.192 6.205 6.218 6.231 6.245 6.259 6.273 6.287 6.303 6.318 6.334 6.351 6.368 6.386 6.406
5.380 5.397 5.415 5.432 5.449 5.467 5.484 5.501 5.517 5.533 5.549 5.565 5.581 5.597 5.614 5.629 5.645 5.661 5.676 5.691 5.706 5.720 5.734 5.748 5.762 5.776 5.789 5.802 5.814 5.827 5.839 5.850 5.860 5.871 5.882 5.892 5.903 5.913 5.924 5.935 5.945 5.956 5.966 5.977 5.988 5.999 6.010 6.021 6.032 6.043 6.055 6.067 6.079 6.091 6.102 6.113 6.124 6.135 6.147 6.159 6.171 6.183 6.196 6.208 6.221 6.234 6.247 6.260 6.273 6.287 6.301 6.315 6.329 6.345 6.360 6.377 6.394
5.392 5.409 5.426 5.443 5.460 5.477 5.494 5.511 5.527 5.542 5.558 5.574 5.590 5.605 5.621 5.637 5.653 5.668 5.683 5.698 5.713 5.728 5.742 5.756 5.770 5.784 5.797 5.810 5.823 5.836 5.848 5.860 5.870 5.881 5.891 5.902 5.913 5.923 5.934 5.944 5.955 5.965 5.976 5.986 5.997 6.007 6.018 6.029 6.040 6.051 6.062 6.074 6.085 6.097 6.109 6.119 6.130 6.141 6.153 6.164 6.176 6.188 6.200 6.213 6.225 6.237 6.250 6.262 6.275 6.288 6.301 6.314 6.328 6.342 6.356 6.371 6.386
5.404 5.421 5.438 5.455 5.471 5.488 5.504 5.521 5.536 5.551 5.567 5.582 5.598 5.614 5.629 5.645 5.660 5.675 5.691 5.706 5.720 5.735 5.749 5.764 5.778 5.791 5.805 5.818 5.831 5.844 5.857 5.868 5.879 5.890 5.901 5.912 5.922 5.933 5.943 5.954 5.964 5.974 5.985 5.995 6.005 6.016 6.026 6.037 6.048 6.059 6.070 6.081 6.092 6.104 6.115 6.125 6.136 6.147 6.159 6.170 6.182 6.194 6.205 6.217 6.229 6.241 6.254 6.266 6.278 6.291 6.303 6.316 6.329 6.342 6.355 6.369 6.383
5.416 5.433 5.450 5.466 5.483 5.499 5.515 5.531 5.546 5.561 5.576 5.591 5.607 5.622 5.637 5.652 5.668 5.683 5.698 5.713 5.727 5.742 5.756 5.771 5.785 5.798 5.812 5.826 5.839 5.852 5.865 5.876 5.887 5.898 5.909 5.920 5.931 5.942 5.952 5.963 5.973 5.983 5.994 6.004 6.014 6.024 6.035 6.045 6.055 6.066 6.077 6.088 6.099 6.111 6.121 6.132 6.142 6.153 6.164 6.176 6.187 6.199 6.211 6.222 6.234 6.246 6.258 6.270 6.282 6.294 6.306 6.319 6.331 6.343 6.356 6.369 6.382
5.429 5.445 5.462 5.478 5.494 5.510 5.526 5.542 5.557 5.571 5.586 5.601 5.616 5.631 5.646 5.661 5.675 5.690 5.705 5.720 5.734 5.749 5.763 5.777 5.791 5.805 5.819 5.832 5.846 5.859 5.872 5.884 5.895 5.906 5.917 5.928 5.939 5.950 5.961 5.971 5.982 5.992 6.002 6.012 6.022 6.032 6.042 6.053 6.063 6.073 6.084 6.095 6.106 6.117 6.128 6.138 6.148 6.159 6.170 6.181 6.192 6.204 6.216 6.227 6.239 6.251 6.263 6.274 6.286 6.298 6.310 6.322 6.334 6.346 6.358 6.370 6.383
5.441 5.457 5.474 5.490 5.506 5.522 5.537 5.553 5.567 5.581 5.596 5.610 5.625 5.640 5.654 5.669 5.683 5.698 5.712 5.727 5.741 5.755 5.769 5.783 5.797 5.811 5.825 5.839 5.852 5.865 5.878 5.890 5.902 5.913 5.924 5.936 5.947 5.958 5.969 5.979 5.990 6.000 6.010 6.020 6.030 6.040 6.050 6.060 6.070 6.081 6.091 6.102 6.112 6.123 6.134 6.144 6.154 6.164 6.175 6.186 6.198 6.209 6.221 6.232 6.244 6.255 6.267 6.279 6.291 6.302 6.314 6.326 6.338 6.349 6.361 6.373 6.385
5.453 5.469 5.486 5.502 5.518 5.533 5.549 5.564 5.578 5.592 5.606 5.621 5.635 5.649 5.664 5.678 5.692 5.706 5.720 5.734 5.748 5.762 5.776 5.790 5.804 5.817 5.831 5.845 5.858 5.871 5.884 5.897 5.908 5.919 5.931 5.942 5.954 5.965 5.976 5.986 5.997 6.007 6.018 6.028 6.038 6.048 6.057 6.067 6.077 6.088 6.098 6.108 6.119 6.129 6.140 6.149 6.159 6.170 6.180 6.191 6.203 6.214 6.225 6.237 6.248 6.260 6.272 6.283 6.295 6.307 6.318 6.330 6.342 6.353 6.365 6.377 6.389
5.465 5.481 5.497 5.514 5.529 5.545 5.560 5.575 5.589 5.603 5.617 5.631 5.645 5.659 5.673 5.687 5.701 5.715 5.728 5.742 5.756 5.769 5.783 5.797 5.810 5.824 5.837 5.851 5.864 5.877 5.890 5.902 5.914 5.925 5.937 5.949 5.960 5.971 5.982 5.993 6.004 6.014 6.025 6.035 6.045 6.055 6.065 6.074 6.084 6.094 6.104 6.115 6.125 6.135 6.145 6.155 6.165 6.175 6.185 6.196 6.207 6.219 6.230 6.241 6.253 6.264 6.276 6.287 6.299 6.311 6.322 6.334 6.345 6.357 6.369 6.380 6.392
5.476 5.493 5.509 5.525 5.541 5.557 5.572 5.587 5.600 5.614 5.628 5.642 5.656 5.670 5.683 5.697 5.710 5.724 5.737 5.750 5.764 5.777 5.790 5.804 5.817 5.830 5.843 5.857 5.870 5.883 5.896 5.908 5.919 5.931 5.943 5.954 5.966 5.977 5.989 6.000 6.010 6.021 6.031 6.041 6.051 6.061 6.071 6.081 6.091 6.101 6.111 6.121 6.131 6.141 6.151 6.160 6.170 6.180 6.190 6.201 6.212 6.223 6.234 6.245 6.257 6.268 6.280 6.291 6.303 6.314 6.326 6.338 6.349 6.361 6.372 6.384 6.396
5.487 5.503 5.520 5.536 5.552 5.568 5.583 5.598 5.611 5.625 5.639 5.653 5.667 5.680 5.694 5.707 5.720 5.733 5.746 5.759 5.772 5.785 5.798 5.811 5.824 5.837 5.850 5.863 5.876 5.889 5.902 5.914 5.925 5.936 5.948 5.960 5.972 5.983 5.994 6.005 6.016 6.027 6.037 6.048 6.058 6.068 6.078 6.087 6.097 6.107 6.117 6.127 6.137 6.147 6.157 6.166 6.175 6.185 6.195 6.206 6.216 6.227 6.238 6.249 6.261 6.272 6.284 6.295 6.307 6.318 6.330 6.341 6.353 6.364 6.376 6.387 6.399
5.497 5.514 5.530 5.547 5.563 5.579 5.594 5.609 5.622 5.636 5.650 5.664 5.677 5.691 5.704 5.717 5.730 5.743 5.756 5.769 5.781 5.794 5.807 5.819 5.832 5.844 5.857 5.870 5.882 5.895 5.908 5.919 5.930 5.942 5.954 5.965 5.977 5.988 6.000 6.011 6.022 6.033 6.043 6.053 6.064 6.074 6.084 6.093 6.103 6.113 6.123 6.132 6.142 6.152 6.162 6.171 6.180 6.190 6.200 6.210 6.221 6.231 6.242 6.253 6.264 6.276 6.287 6.298 6.310 6.321 6.333 6.344 6.356 6.368 6.379 6.391 6.402
5.507 5.524 5.541 5.557 5.573 5.589 5.605 5.619 5.633 5.647 5.661 5.674 5.688 5.702 5.715 5.728 5.741 5.753 5.766 5.778 5.791 5.803 5.815 5.828 5.840 5.852 5.864 5.877 5.889 5.902 5.914 5.925 5.936 5.947 5.959 5.971 5.982 5.994 6.005 6.016 6.027 6.038 6.048 6.059 6.069 6.079 6.089 6.099 6.109 6.119 6.128 6.138 6.148 6.158 6.167 6.176 6.185 6.194 6.204 6.214 6.225 6.235 6.246 6.257 6.268 6.279 6.290 6.302 6.313 6.325 6.336 6.348 6.359 6.371 6.382 6.394 6.406
5.516 5.533 5.550 5.567 5.583 5.599 5.615 5.629 5.643 5.657 5.671 5.685 5.699 5.712 5.725 5.738 5.751 5.764 5.776 5.789 5.801 5.813 5.825 5.837 5.849 5.860 5.872 5.884 5.896 5.909 5.921 5.931 5.942 5.953 5.964 5.976 5.987 5.999 6.010 6.021 6.032 6.043 6.054 6.064 6.074 6.085 6.095 6.104 6.114 6.124 6.134 6.143 6.153 6.163 6.172 6.180 6.189 6.199 6.209 6.219 6.229 6.239 6.250 6.261 6.271 6.282 6.294 6.305 6.316 6.327 6.339 6.350 6.362 6.374 6.385 6.397 6.408
5.525 5.543 5.559 5.576 5.592 5.608 5.624 5.639 5.653 5.667 5.681 5.695 5.709 5.723 5.736 5.749 5.762 5.774 5.787 5.799 5.811 5.823 5.835 5.846 5.858 5.869 5.881 5.893 5.904 5.916 5.928 5.938 5.948 5.959 5.970 5.982 5.993 6.004 6.015 6.026 6.037 6.048 6.059 6.069 6.080 6.090 6.100 6.110 6.119 6.129 6.139 6.149 6.158 6.168 6.177 6.185 6.194 6.203 6.213 6.223 6.233 6.243 6.253 6.264 6.275 6.286 6.297 6.308 6.319 6.330 6.342 6.353 6.365 6.376 6.388 6.399 6.411
5.534 5.551 5.568 5.585 5.601 5.617 5.633 5.648 5.662 5.677 5.691 5.705 5.719 5.733 5.746 5.759 5.772 5.785 5.797 5.809 5.821 5.833 5.845 5.856 5.868 5.879 5.890 5.902 5.913 5.925 5.935 5.945 5.955 5.966 5.977 5.988 5.999 6.010 6.021 6.032 6.042 6.053 6.064 6.074 6.085 6.095 6.105 6.115 6.125 6.134 6.144 6.154 6.164 6.173 6.182 6.190 6.199 6.208 6.217 6.227 6.237 6.247 6.257 6.267 6.278 6.289 6.300 6.311 6.322 6.333 6.344 6.356 6.367 6.379 6.390 6.402 6.414
5.543 5.560 5.577 5.593 5.610 5.626 5.642 5.657 5.671 5.686 5.700 5.715 5.729 5.743 5.756 5.769 5.782 5.795 5.808 5.820 5.832 5.843 5.855 5.866 5.878 5.889 5.900 5.911 5.922 5.933 5.943 5.953 5.963 5.973 5.984 5.994 6.005 6.016 6.027 6.037 6.048 6.059 6.069 6.079 6.090 6.100 6.110 6.120 6.130 6.139 6.149 6.159 6.169 6.178 6.186 6.194 6.203 6.212 6.221 6.231 6.241 6.250 6.260 6.271 6.281 6.292 6.302 6.313 6.324 6.335 6.347 6.358 6.369 6.381 6.393 6.404 6.416
5.551 5.568 5.585 5.602 5.618 5.634 5.651 5.666 5.680 5.695 5.709 5.724 5.738 5.752 5.766 5.779 5.792 5.805 5.818 5.830 5.842 5.854 5.865 5.877 5.888 5.899 5.910 5.921 5.931 5.942 5.952 5.961 5.971 5.981 5.991 6.001 6.012 6.022 6.033 6.043 6.054 6.064 6.074 6.085 6.095 6.105 6.115 6.125 6.135 6.144 6.154 6.164 6.174 6.183 6.191 6.199 6.208 6.216 6.226 6.235 6.244 6.254 6.264 6.274 6.284 6.295 6.305 6.316 6.327 6.338 6.349 6.360 6.372 6.383 6.395 6.407 6.418
5.559 5.576 5.593 5.610 5.626 5.643 5.659 5.674 5.688 5.703 5.718 5.733 5.747 5.761 5.775 5.789 5.802 5.815 5.828 5.840 5.852 5.864 5.876 5.887 5.898 5.909 5.920 5.931 5.941 5.952 5.961 5.970 5.980 5.989 5.999 6.009 6.019 6.029 6.040 6.050 6.060 6.070 6.080 6.090 6.100 6.110 6.120 6.130 6.140 6.150 6.159 6.169 6.179 6.187 6.195 6.204 6.212 6.221 6.230 6.239 6.248 6.258 6.268 6.278 6.288 6.298 6.308 6.319 6.329 6.340 6.351 6.363 6.374 6.385 6.397 6.409 6.420
5.568 5.585 5.602 5.618 5.635 5.651 5.667 5.682 5.697 5.712 5.726 5.741 5.756 5.770 5.784 5.798 5.811 5.824 5.837 5.850 5.862 5.874 5.886 5.897 5.909 5.919 5.930 5.941 5.951 5.962 5.971 5.980 5.989 5.999 6.008 6.018 6.027 6.037 6.047 6.057 6.067 6.077 6.087 6.096 6.106 6.116 6.126 6.136 6.145 6.155 6.164 6.174 6.184 6.192 6.200 6.208 6.217 6.225 6.234 6.243 6.252 6.262 6.271 6.281 6.291 6.301 6.311 6.322 6.332 6.343 6.354 6.365 6.376 6.387 6.399 6.411 6.422
5.577 5.594 5.610 5.627 5.643 5.659 5.675 5.691 5.705 5.720 5.735 5.749 5.764 5.778 5.793 5.807 5.820 5.834 5.847 5.859 5.872 5.884 5.896 5.907 5.919 5.930 5.941 5.951 5.962 5.972 5.981 5.990 5.999 6.008 6.017 6.027 6.036 6.046 6.055 6.065 6.074 6.084 6.093 6.103 6.113 6.122 6.132 6.141 6.151 6.160 6.170 6.179 6.189 6.197 6.205 6.213 6.222 6.230 6.239 6.248 6.257 6.266 6.275 6.285 6.294 6.304 6.314 6.325 6.335 6.346 6.356 6.367 6.378 6.390 6.401 6.413 6.424
5.587 5.603 5.620 5.636 5.652 5.668 5.684 5.699 5.713 5.728 5.743 5.758 5.772 5.787 5.801 5.815 5.829 5.842 5.856 5.869 5.881 5.894 5.906 5.917 5.929 5.940 5.951 5.962 5.972 5.983 5.992 6.000 6.009 6.018 6.027 6.036 6.045 6.055 6.064 6.073 6.082 6.092 6.101 6.110 6.120 6.129 6.138 6.148 6.157 6.166 6.176 6.185 6.194 6.203 6.210 6.218 6.227 6.235 6.244 6.252 6.261 6.270 6.279 6.289 6.298 6.308 6.318 6.328 6.338 6.348 6.359 6.370 6.381 6.392 6.403 6.415 6.425
5.597 5.613 5.629 5.645 5.661 5.677 5.693 5.708 5.722 5.737 5.751 5.766 5.781 5.795 5.810 5.824 5.838 5.851 5.865 5.878 5.890 5.903 5.915 5.927 5.939 5.950 5.961 5.972 5.983 5.993 6.002 6.011 6.020 6.029 6.037 6.046 6.055 6.064 6.073 6.082 6.091 6.100 6.109 6.118 6.127 6.136 6.145 6.155 6.164 6.173 6.182 6.191 6.200 6.209 6.216 6.224 6.232 6.240 6.249 6.257 6.266 6.275 6.284 6.293 6.302 6.312 6.321 6.331 6.341 6.351 6.362 6.372 6.383 6.394 6.405 6.417 6.427
5.609 5.625 5.640 5.656 5.671 5.687 5.702 5.717 5.731 5.745 5.760 5.775 5.789 5.804 5.818 5.832 5.846 5.860 5.873 5.887 5.899 5.912 5.925 5.937 5.948 5.960 5.971 5.982 5.993 6.004 6.013 6.022 6.030 6.039 6.048 6.057 6.066 6.074 6.083 6.092 6.100 6.109 6.118 6.127 6.135 6.144 6.153 6.162 6.171 6.180 6.189 6.198 6.207 6.215 6.222 6.230 6.238 6.246 6.254 6.263 6.271 6.280 6.288 6.297 6.306 6.316 6.325 6.335 6.345 6.355 6.365 6.375 6.386 6.397 6.408 6.419 6.430
5.622 5.637 5.652 5.667 5.682 5.697 5.713 5.727 5.740 5.755 5.769 5.784 5.798 5.813 5.827 5.841 5.855 5.869 5.882 5.895 5.909 5.921 5.934 5.946 5.958 5.970 5.981 5.992 6.003 6.014 6.024 6.032 6.041 6.050 6.059 6.068 6.076 6.085 6.094 6.102 6.110 6.119 6.127 6.136 6.144 6.153 6.161 6.170 6.179 6.187 6.196 6.205 6.214 6.222 6.229 6.236 6.244 6.252 6.260 6.268 6.277 6.285 6.294 6.302 6.311 6.320 6.329 6.339 6.348 6.358 6.368 6.378 6.389 6.399 6.410 6.421 6.432
5.636 5.651 5.665 5.680 5.695 5.709 5.724 5.738 5.751 5.765 5.779 5.793 5.808 5.822 5.836 5.850 5.864 5.878 5.891 5.904 5.918 5.930 5.943 5.956 5.968 5.980 5.991 6.003 6.014 6.024 6.034 6.043 6.052 6.061 6.070 6.079 6.087 6.096 6.104 6.113 6.121 6.129 6.138 6.146 6.154 6.162 6.170 6.179 6.187 6.196 6.204 6.212 6.221 6.229 6.236 6.243 6.251 6.259 6.267 6.275 6.283 6.291 6.299 6.308 6.316 6.325 6.334 6.343 6.353 6.362 6.372 6.382 6.392 6.402 6.413 6.424 6.435
5.651 5.666 5.680 5.694 5.708 5.722 5.736 5.750 5.763 5.776 5.790 5.804 5.818 5.832 5.846 5.860 5.873 5.887 5.900 5.914 5.927 5.940 5.953 5.965 5.977 5.989 6.001 6.013 6.024 6.035 6.045 6.054 6.063 6.072 6.081 6.090 6.099 6.107 6.116 6.124 6.132 6.140 6.148 6.156 6.164 6.172 6.180 6.188 6.196 6.205 6.213 6.221 6.229 6.237 6.244 6.251 6.258 6.266 6.274 6.281 6.289 6.297 6.305 6.314 6.322 6.330 6.339 6.348 6.357 6.366 6.376 6.386 6.396 6.406 6.417 6.427 6.438
5.669 5.682 5.696 5.710 5.723 5.737 5.751 5.763 5.775 5.788 5.802 5.816 5.829 5.843 5.856 5.870 5.883 5.897 5.910 5.923 5.937 5.949 5.962 5.975 5.987 5.999 6.011 6.023 6.034 6.045 6.055 6.064 6.074 6.083 6.092 6.101 6.110 6.119 6.127 6.135 6.144 6.152 6.159 6.167 6.175 6.183 6.191 6.199 6.206 6.214 6.222 6.230 6.238 6.246 6.252 6.259 6.266 6.274 6.281 6.289 6.296 6.304 6.312 6.320 6.328 6.336 6.345 6.353 6.362 6.371 6.381 6.390 6.400 6.410 6.420 6.431 6.441
5.687 5.700 5.714 5.727 5.740 5.753 5.766 5.777 5.790 5.802 5.815 5.828 5.841 5.855 5.868 5.881 5.894 5.908 5.921 5.934 5.947 5.959 5.972 5.985 5.997 6.009 6.021 6.033 6.045 6.056 6.066 6.075 6.085 6.094 6.103 6.113 6.122 6.130 6.139 6.147 6.155 6.163 6.171 6.179 6.187 6.194 6.202 6.209 6.217 6.225 6.233 6.240 6.248 6.255 6.262 6.268 6.275 6.282 6.289 6.297 6.304 6.312 6.319 6.327 6.335 6.343 6.351 6.359 6.368 6.377 6.386 6.395 6.405 6.414 6.425 6.435 6.445
5.707 5.720 5.732 5.745 5.758 5.771 5.783 5.794 5.806 5.818 5.830 5.843 5.855 5.868 5.881 5.893 5.906 5.919 5.932 5.945 5.957 5.970 5.983 5.995 6.008 6.020 6.032 6.044 6.055 6.067 6.077 6.086 6.096 6.105 6.115 6.124 6.133 6.142 6.151 6.159 6.167 6.175 6.183 6.191 6.199 6.206 6.214 6.221 6.228 6.236 6.243 6.251 6.259 6.265 6.272 6.278 6.285 6.292 6.299 6.306 6.313 6.320 6.327 6.335 6.342 6.350 6.358 6.366 6.374 6.383 6.392 6.401 6.410 6.420 6.429 6.440 6.449
5.727 5.740 5.752 5.765 5.777 5.790 5.801 5.812 5.823 5.835 5.846 5.858 5.870 5.882 5.895 5.907 5.919 5.932 5.944 5.957 5.969 5.982 5.994 6.006 6.019 6.031 6.043 6.055 6.066 6.078 6.088 6.097 6.107 6.117 6.126 6.136 6.145 6.154 6.163 6.171 6.180 6.188 6.196 6.203 6.211 6.218 6.226 6.233 6.240 6.248 6.255 6.262 6.270 6.276 6.282 6.288 6.295 6.302 6.308 6.315 6.322 6.329 6.336 6.343 6.351 6.358 6.366 6.373 6.381 6.390 6.398 6.407 6.416 6.425 6.435 6.445 6.454
