TsunamiDB/out54089.asc
ncols          264
nrows          230
xllcorner      497853.4375
yllcorner      4229146.0000
cellsize         5.
NODATA_value   -99
[rows 170 to 203 of 230, columns 154 to 230 of 264]
7.002 7.015 7.027 7.039 7.051 7.063 7.074 7.085 7.094 7.100 7.102 7.100 7.100 7.108 7.120 7.138 7.169 7.214 7.268 7.333 7.407 7.482 7.555 7.612 7.676 7.761 7.845 7.927 8.005 8.079 8.148 8.209 8.263 8.297 8.332 8.382 8.430 8.474 8.514 8.549 8.581 8.608 8.631 8.646 8.660 8.682 8.702 8.722 8.740 8.757 8.774 8.790 8.805 8.812 8.821 8.836 8.851 8.866 8.879 8.891 8.902 8.910 8.918 8.921 8.924 8.930 8.936 8.941 8.946 8.950 8.955 8.958 8.962 8.962 8.962 8.966 8.970
7.014 7.026 7.039 7.051 7.064 7.076 7.088 7.099 7.109 7.117 7.120 7.119 7.121 7.130 7.145 7.165 7.199 7.244 7.299 7.363 7.437 7.513 7.588 7.645 7.709 7.796 7.881 7.964 8.042 8.115 8.183 8.242 8.294 8.326 8.360 8.408 8.453 8.495 8.532 8.566 8.597 8.623 8.646 8.660 8.674 8.695 8.715 8.734 8.751 8.768 8.784 8.799 8.814 8.822 8.830 8.845 8.860 8.874 8.887 8.899 8.909 8.917 8.925 8.927 8.930 8.936 8.941 8.946 8.950 8.954 8.958 8.962 8.966 8.966 8.966 8.970 8.975
7.026 7.039 7.051 7.064 7.077 7.090 7.103 7.115 7.126 7.134 7.139 7.140 7.143 7.155 7.171 7.193 7.228 7.274 7.328 7.392 7.465 7.543 7.620 7.677 7.743 7.831 7.917 8.000 8.077 8.149 8.216 8.274 8.322 8.353 8.385 8.431 8.473 8.514 8.550 8.582 8.612 8.638 8.661 8.674 8.688 8.708 8.727 8.745 8.762 8.778 8.793 8.809 8.824 8.831 8.839 8.854 8.869 8.883 8.895 8.906 8.916 8.924 8.931 8.934 8.936 8.941 8.946 8.951 8.955 8.959 8.962 8.966 8.970 8.970 8.970 8.975 8.980
7.038 7.051 7.064 7.078 7.091 7.104 7.118 7.131 7.143 7.153 7.159 7.161 7.166 7.180 7.198 7.222 7.257 7.303 7.357 7.420 7.494 7.574 7.653 7.711 7.777 7.866 7.952 8.034 8.110 8.181 8.246 8.301 8.348 8.377 8.408 8.451 8.492 8.531 8.565 8.597 8.626 8.652 8.674 8.687 8.700 8.720 8.739 8.756 8.772 8.788 8.803 8.818 8.833 8.840 8.848 8.863 8.878 8.891 8.903 8.914 8.923 8.931 8.938 8.940 8.941 8.946 8.951 8.956 8.959 8.963 8.966 8.970 8.975 8.975 8.976 8.981 8.986
7.051 7.064 7.078 7.092 7.106 7.120 7.134 7.148 7.161 7.172 7.180 7.184 7.191 7.206 7.226 7.250 7.286 7.332 7.385 7.448 7.522 7.603 7.684 7.743 7.810 7.899 7.984 8.065 8.140 8.210 8.273 8.327 8.372 8.400 8.428 8.470 8.509 8.547 8.580 8.611 8.640 8.665 8.687 8.700 8.713 8.732 8.750 8.767 8.783 8.798 8.812 8.827 8.842 8.850 8.858 8.872 8.886 8.899 8.911 8.921 8.930 8.938 8.944 8.945 8.947 8.952 8.956 8.960 8.964 8.967 8.971 8.975 8.980 8.980 8.981 8.986 8.991
7.064 7.078 7.092 7.106 7.121 7.135 7.150 7.166 7.180 7.193 7.202 7.208 7.216 7.233 7.253 7.278 7.314 7.359 7.412 7.476 7.549 7.632 7.717 7.777 7.842 7.931 8.016 8.096 8.169 8.238 8.301 8.353 8.395 8.421 8.448 8.488 8.526 8.562 8.595 8.626 8.654 8.679 8.700 8.713 8.725 8.744 8.762 8.779 8.794 8.808 8.822 8.837 8.852 8.860 8.868 8.882 8.896 8.908 8.919 8.929 8.938 8.945 8.950 8.951 8.952 8.957 8.961 8.965 8.968 8.972 8.975 8.979 8.985 8.986 8.986 8.992 8.997
7.078 7.092 7.106 7.121 7.136 7.152 7.168 7.184 7.200 7.215 7.225 7.232 7.241 7.259 7.280 7.305 7.341 7.386 7.441 7.504 7.578 7.666 7.754 7.811 7.875 7.964 8.047 8.125 8.198 8.266 8.327 8.375 8.415 8.440 8.467 8.505 8.543 8.578 8.610 8.641 8.668 8.692 8.712 8.725 8.737 8.755 8.773 8.790 8.805 8.819 8.832 8.848 8.864 8.871 8.878 8.892 8.905 8.916 8.927 8.936 8.945 8.951 8.956 8.957 8.958 8.962 8.966 8.970 8.973 8.977 8.980 8.985 8.991 8.992 8.992 8.998 9.004
7.092 7.107 7.122 7.137 7.153 7.169 7.186 7.204 7.221 7.236 7.248 7.256 7.267 7.286 7.308 7.333 7.370 7.416 7.471 7.536 7.615 7.705 7.788 7.844 7.908 7.995 8.077 8.154 8.225 8.290 8.348 8.395 8.434 8.459 8.484 8.522 8.559 8.593 8.625 8.655 8.682 8.705 8.725 8.737 8.748 8.766 8.784 8.801 8.816 8.830 8.844 8.859 8.875 8.881 8.888 8.901 8.913 8.924 8.934 8.943 8.951 8.957 8.961 8.962 8.963 8.967 8.971 8.975 8.978 8.982 8.986 8.991 8.997 8.998 8.999 9.004 9.010
7.106 7.122 7.137 7.153 7.170 7.187 7.205 7.224 7.242 7.259 7.272 7.282 7.293 7.313 7.336 7.362 7.399 7.447 7.503 7.572 7.653 7.739 7.820 7.875 7.938 8.023 8.104 8.180 8.249 8.312 8.367 8.413 8.453 8.477 8.501 8.538 8.575 8.608 8.640 8.668 8.694 8.717 8.737 8.749 8.760 8.778 8.796 8.813 8.828 8.842 8.857 8.871 8.886 8.892 8.898 8.911 8.922 8.932 8.942 8.950 8.957 8.962 8.967 8.967 8.968 8.972 8.976 8.980 8.984 8.988 8.992 8.997 9.003 9.004 9.004 9.010 9.015
7.121 7.137 7.153 7.170 7.188 7.206 7.225 7.244 7.264 7.282 7.296 7.307 7.320 7.340 7.364 7.392 7.431 7.479 7.538 7.609 7.689 7.772 7.850 7.904 7.966 8.050 8.130 8.204 8.271 8.332 8.385 8.431 8.470 8.494 8.518 8.555 8.590 8.624 8.654 8.682 8.707 8.730 8.750 8.761 8.772 8.790 8.808 8.825 8.840 8.855 8.869 8.883 8.896 8.902 8.908 8.920 8.931 8.940 8.949 8.956 8.963 8.968 8.972 8.973 8.973 8.977 8.982 8.986 8.990 8.994 8.999 9.004 9.009 9.010 9.010 9.016 9.021
7.137 7.153 7.170 7.187 7.206 7.225 7.244 7.265 7.286 7.305 7.320 7.333 7.347 7.369 7.395 7.424 7.464 7.514 7.574 7.644 7.722 7.802 7.878 7.932 7.993 8.075 8.153 8.226 8.291 8.350 8.403 8.448 8.488 8.511 8.535 8.571 8.606 8.639 8.668 8.695 8.720 8.742 8.762 8.773 8.784 8.802 8.820 8.837 8.853 8.867 8.881 8.895 8.907 8.912 8.918 8.929 8.939 8.948 8.955 8.962 8.968 8.973 8.977 8.978 8.979 8.983 8.987 8.991 8.996 9.000 9.005 9.010 9.015 9.016 9.016 9.022 9.027
7.153 7.169 7.187 7.205 7.224 7.244 7.265 7.286 7.308 7.328 7.345 7.359 7.375 7.398 7.425 7.456 7.497 7.549 7.608 7.676 7.752 7.830 7.905 7.959 8.018 8.099 8.176 8.247 8.311 8.369 8.421 8.466 8.505 8.528 8.551 8.587 8.622 8.654 8.682 8.709 8.733 8.755 8.775 8.786 8.797 8.815 8.833 8.850 8.865 8.880 8.893 8.906 8.918 8.922 8.927 8.937 8.946 8.955 8.962 8.968 8.974 8.978 8.983 8.984 8.984 8.988 8.993 8.997 9.002 9.006 9.011 9.016 9.021 9.021 9.022 9.027 9.032
7.169 7.186 7.204 7.223 7.243 7.263 7.285 7.307 7.330 7.351 7.370 7.385 7.402 7.427 7.456 7.488 7.531 7.582 7.640 7.706 7.780 7.857 7.931 7.984 8.043 8.123 8.198 8.268 8.331 8.387 8.438 8.483 8.523 8.545 8.568 8.604 8.638 8.669 8.697 8.723 8.746 8.768 8.789 8.799 8.809 8.828 8.846 8.862 8.878 8.892 8.905 8.917 8.928 8.932 8.936 8.945 8.954 8.961 8.968 8.974 8.979 8.984 8.988 8.989 8.990 8.994 8.999 9.003 9.008 9.012 9.017 9.022 9.027 9.027 9.028 9.033 9.038
7.185 7.203 7.222 7.241 7.261 7.283 7.305 7.328 7.352 7.375 7.394 7.410 7.429 7.456 7.487 7.520 7.563 7.614 7.671 7.735 7.807 7.883 7.958 8.010 8.068 8.147 8.221 8.289 8.350 8.406 8.456 8.501 8.540 8.562 8.584 8.619 8.653 8.684 8.711 8.736 8.760 8.782 8.802 8.812 8.822 8.841 8.858 8.875 8.890 8.904 8.916 8.927 8.937 8.941 8.945 8.953 8.960 8.967 8.974 8.979 8.984 8.989 8.994 8.994 8.995 9.000 9.004 9.009 9.014 9.018 9.023 9.028 9.032 9.033 9.033 9.038 9.043
7.202 7.220 7.239 7.259 7.280 7.302 7.325 7.350 7.374 7.397 7.418 7.436 7.456 7.485 7.517 7.551 7.594 7.645 7.701 7.763 7.834 7.909 7.983 8.036 8.093 8.170 8.243 8.309 8.369 8.424 8.474 8.518 8.557 8.578 8.600 8.635 8.668 8.698 8.725 8.750 8.773 8.795 8.815 8.825 8.835 8.853 8.870 8.887 8.901 8.915 8.927 8.937 8.946 8.949 8.953 8.960 8.967 8.974 8.979 8.984 8.989 8.994 8.999 9.000 9.001 9.005 9.010 9.015 9.019 9.024 9.029 9.033 9.038 9.038 9.039 9.043 9.048
7.218 7.237 7.257 7.277 7.299 7.321 7.345 7.370 7.395 7.419 7.441 7.460 7.482 7.512 7.546 7.581 7.624 7.674 7.729 7.790 7.858 7.933 8.010 8.062 8.118 8.193 8.264 8.329 8.388 8.442 8.492 8.536 8.574 8.595 8.616 8.651 8.683 8.713 8.740 8.765 8.787 8.809 8.829 8.839 8.849 8.866 8.883 8.899 8.913 8.926 8.938 8.948 8.955 8.958 8.960 8.967 8.973 8.980 8.985 8.990 8.995 9.000 9.005 9.005 9.006 9.011 9.016 9.021 9.025 9.030 9.034 9.039 9.044 9.044 9.044 9.048 9.053
7.235 7.254 7.274 7.295 7.317 7.340 7.365 7.390 7.416 7.440 7.463 7.482 7.505 7.538 7.573 7.609 7.653 7.702 7.756 7.816 7.883 7.961 8.039 8.089 8.143 8.217 8.286 8.350 8.408 8.461 8.510 8.553 8.591 8.611 8.632 8.666 8.699 8.728 8.755 8.779 8.802 8.823 8.844 8.853 8.862 8.880 8.896 8.911 8.924 8.937 8.948 8.957 8.963 8.965 8.968 8.974 8.980 8.985 8.991 8.996 9.000 9.005 9.010 9.011 9.012 9.017 9.022 9.027 9.031 9.036 9.040 9.045 9.049 9.049 9.050 9.054 9.058
7.252 7.272 7.292 7.313 7.335 7.359 7.384 7.410 7.435 7.460 7.482 7.503 7.529 7.563 7.600 7.637 7.681 7.731 7.785 7.845 7.914 7.991 8.066 8.115 8.168 8.240 8.308 8.371 8.428 8.480 8.528 8.570 8.608 8.628 8.648 8.682 8.714 8.744 8.770 8.794 8.817 8.838 8.858 8.867 8.876 8.892 8.908 8.922 8.935 8.947 8.957 8.964 8.970 8.972 8.974 8.980 8.986 8.991 8.996 9.001 9.006 9.011 9.016 9.017 9.017 9.022 9.027 9.032 9.037 9.042 9.046 9.050 9.055 9.055 9.055 9.059 9.062
7.269 7.289 7.309 7.330 7.352 7.377 7.402 7.428 7.453 7.477 7.500 7.524 7.552 7.588 7.626 7.665 7.710 7.760 7.814 7.875 7.945 8.020 8.091 8.140 8.193 8.263 8.330 8.392 8.448 8.499 8.546 8.588 8.625 8.645 8.664 8.698 8.730 8.760 8.786 8.810 8.833 8.854 8.873 8.881 8.889 8.905 8.920 8.933 8.945 8.956 8.965 8.971 8.978 8.979 8.981 8.986 8.992 8.997 9.002 9.007 9.011 9.016 9.021 9.022 9.023 9.028 9.033 9.038 9.043 9.047 9.052 9.056 9.060 9.060 9.060 9.063 9.067
7.287 7.306 7.326 7.347 7.369 7.393 7.419 7.444 7.469 7.493 7.517 7.544 7.575 7.613 7.652 7.693 7.740 7.790 7.845 7.906 7.975 8.047 8.117 8.165 8.217 8.287 8.353 8.414 8.468 8.519 8.564 8.605 8.643 8.661 8.680 8.714 8.747 8.776 8.802 8.827 8.849 8.869 8.887 8.895 8.902 8.917 8.931 8.944 8.955 8.964 8.972 8.978 8.984 8.986 8.987 8.993 8.998 9.003 9.008 9.012 9.017 9.022 9.027 9.027 9.028 9.033 9.039 9.044 9.049 9.053 9.058 9.062 9.065 9.065 9.065 9.068 9.071
7.304 7.323 7.343 7.364 7.386 7.409 7.434 7.459 7.483 7.508 7.535 7.564 7.598 7.638 7.679 7.722 7.769 7.821 7.876 7.936 8.003 8.073 8.142 8.191 8.242 8.312 8.377 8.437 8.490 8.538 8.583 8.623 8.660 8.678 8.697 8.731 8.763 8.793 8.819 8.843 8.864 8.884 8.901 8.908 8.915 8.929 8.942 8.954 8.963 8.972 8.979 8.985 8.991 8.992 8.993 8.999 9.004 9.009 9.013 9.018 9.022 9.027 9.032 9.032 9.033 9.038 9.044 9.049 9.054 9.059 9.063 9.067 9.070 9.070 9.070 9.072 9.075
7.322 7.341 7.360 7.380 7.401 7.424 7.447 7.472 7.497 7.523 7.552 7.584 7.621 7.663 7.706 7.750 7.800 7.852 7.906 7.965 8.030 8.099 8.168 8.217 8.268 8.337 8.402 8.461 8.512 8.558 8.601 8.641 8.678 8.696 8.714 8.748 8.780 8.810 8.835 8.859 8.880 8.898 8.915 8.921 8.927 8.940 8.952 8.962 8.971 8.979 8.986 8.991 8.997 8.998 8.999 9.005 9.010 9.014 9.019 9.023 9.027 9.032 9.037 9.038 9.038 9.044 9.049 9.055 9.060 9.064 9.068 9.072 9.075 9.075 9.074 9.076 9.079
7.339 7.358 7.376 7.395 7.415 7.436 7.459 7.484 7.510 7.537 7.569 7.604 7.644 7.687 7.732 7.779 7.830 7.882 7.936 7.993 8.055 8.125 8.196 8.245 8.296 8.365 8.429 8.485 8.534 8.579 8.619 8.659 8.696 8.713 8.731 8.766 8.798 8.827 8.852 8.875 8.895 8.913 8.928 8.933 8.938 8.950 8.961 8.971 8.979 8.986 8.992 8.998 9.003 9.004 9.005 9.010 9.015 9.020 9.024 9.028 9.032 9.037 9.042 9.043 9.044 9.049 9.055 9.060 9.065 9.070 9.074 9.077 9.080 9.079 9.078 9.080 9.082
7.357 7.375 7.392 7.410 7.429 7.448 7.471 7.495 7.522 7.553 7.587 7.625 7.666 7.711 7.757 7.806 7.858 7.911 7.964 8.020 8.082 8.153 8.225 8.275 8.326 8.394 8.456 8.510 8.557 8.599 8.638 8.677 8.714 8.731 8.749 8.783 8.815 8.843 8.867 8.890 8.909 8.926 8.939 8.944 8.948 8.959 8.969 8.978 8.986 8.992 8.998 9.004 9.009 9.010 9.011 9.016 9.020 9.025 9.029 9.033 9.037 9.042 9.047 9.048 9.049 9.054 9.060 9.065 9.070 9.074 9.078 9.081 9.084 9.083 9.082 9.083 9.085
7.375 7.392 7.407 7.424 7.442 7.460 7.482 7.506 7.535 7.567 7.604 7.645 7.688 7.734 7.782 7.832 7.886 7.940 7.994 8.050 8.111 8.181 8.256 8.307 8.357 8.424 8.484 8.536 8.580 8.620 8.657 8.695 8.732 8.749 8.767 8.800 8.831 8.859 8.882 8.904 8.923 8.938 8.951 8.955 8.958 8.968 8.977 8.985 8.992 8.998 9.004 9.009 9.014 9.015 9.016 9.021 9.026 9.030 9.034 9.038 9.042 9.047 9.052 9.053 9.054 9.059 9.065 9.070 9.075 9.079 9.083 9.086 9.088 9.086 9.085 9.086 9.088
7.394 7.408 7.422 7.437 7.454 7.472 7.493 7.518 7.547 7.583 7.623 7.665 7.710 7.757 7.805 7.858 7.915 7.970 8.025 8.081 8.141 8.212 8.292 8.343 8.391 8.456 8.514 8.562 8.604 8.642 8.677 8.713 8.751 8.768 8.785 8.818 8.848 8.874 8.897 8.918 8.936 8.951 8.962 8.965 8.968 8.977 8.985 8.993 8.999 9.005 9.010 9.015 9.020 9.021 9.021 9.026 9.031 9.035 9.039 9.043 9.047 9.051 9.057 9.058 9.059 9.065 9.070 9.075 9.079 9.084 9.087 9.090 9.091 9.090 9.088 9.089 9.091
7.412 7.425 7.436 7.451 7.467 7.484 7.505 7.530 7.562 7.600 7.641 7.686 7.732 7.780 7.830 7.885 7.944 8.001 8.058 8.116 8.175 8.254 8.336 8.383 8.427 8.489 8.543 8.588 8.628 8.663 8.696 8.734 8.773 8.788 8.804 8.836 8.865 8.890 8.912 8.932 8.949 8.962 8.971 8.974 8.976 8.985 8.992 8.999 9.005 9.011 9.016 9.021 9.025 9.026 9.026 9.031 9.036 9.040 9.044 9.048 9.052 9.057 9.063 9.064 9.064 9.070 9.075 9.080 9.084 9.088 9.091 9.094 9.094 9.093 9.091 9.092 9.093
7.430 7.441 7.452 7.466 7.481 7.498 7.519 7.546 7.579 7.617 7.660 7.706 7.756 7.806 7.855 7.914 7.975 8.036 8.096 8.157 8.224 8.304 8.378 8.422 8.464 8.521 8.571 8.614 8.651 8.686 8.719 8.756 8.792 8.807 8.822 8.853 8.880 8.904 8.925 8.944 8.960 8.971 8.981 8.983 8.985 8.992 8.999 9.006 9.011 9.016 9.021 9.026 9.030 9.031 9.031 9.036 9.041 9.045 9.049 9.053 9.057 9.063 9.069 9.069 9.070 9.075 9.080 9.084 9.088 9.092 9.095 9.096 9.097 9.096 9.094 9.095 9.095
7.448 7.459 7.469 7.483 7.498 7.514 7.536 7.563 7.596 7.634 7.679 7.729 7.783 7.833 7.884 7.946 8.012 8.076 8.140 8.207 8.277 8.352 8.420 8.460 8.499 8.552 8.600 8.640 8.676 8.710 8.743 8.778 8.811 8.825 8.839 8.868 8.895 8.917 8.937 8.955 8.969 8.980 8.989 8.991 8.992 9.000 9.006 9.012 9.017 9.022 9.027 9.031 9.036 9.036 9.036 9.041 9.046 9.050 9.055 9.059 9.064 9.069 9.074 9.074 9.075 9.080 9.084 9.088 9.092 9.095 9.098 9.099 9.100 9.098 9.097 9.097 9.098
7.468 7.478 7.488 7.501 7.515 7.532 7.554 7.582 7.614 7.653 7.700 7.755 7.813 7.863 7.916 7.983 8.053 8.121 8.190 8.260 8.330 8.400 8.461 8.497 8.534 8.583 8.627 8.666 8.701 8.734 8.766 8.799 8.829 8.842 8.856 8.883 8.908 8.930 8.949 8.965 8.978 8.989 8.997 8.999 9.000 9.007 9.013 9.019 9.023 9.028 9.032 9.036 9.041 9.041 9.041 9.046 9.051 9.056 9.060 9.065 9.070 9.075 9.079 9.080 9.080 9.084 9.089 9.092 9.095 9.098 9.100 9.102 9.102 9.101 9.099 9.099 9.100
7.488 7.498 7.507 7.521 7.536 7.552 7.574 7.602 7.634 7.674 7.724 7.783 7.846 7.898 7.952 8.024 8.098 8.171 8.243 8.313 8.382 8.446 8.501 8.535 8.569 8.614 8.655 8.692 8.726 8.757 8.788 8.818 8.846 8.858 8.871 8.897 8.920 8.941 8.959 8.974 8.986 8.997 9.005 9.006 9.007 9.014 9.020 9.025 9.029 9.033 9.037 9.041 9.046 9.046 9.046 9.051 9.056 9.061 9.066 9.071 9.076 9.080 9.085 9.085 9.085 9.089 9.092 9.096 9.099 9.101 9.103 9.104 9.105 9.103 9.101 9.102 9.102
7.509 7.519 7.528 7.542 7.557 7.574 7.596 7.624 7.657 7.698 7.751 7.814 7.883 7.937 7.993 8.070 8.147 8.223 8.296 8.366 8.432 8.492 8.542 8.573 8.603 8.644 8.683 8.718 8.750 8.780 8.809 8.837 8.863 8.874 8.886 8.910 8.932 8.951 8.968 8.982 8.994 9.004 9.012 9.013 9.014 9.021 9.026 9.031 9.035 9.039 9.042 9.046 9.051 9.051 9.051 9.056 9.062 9.067 9.072 9.077 9.082 9.086 9.090 9.089 9.089 9.093 9.096 9.099 9.101 9.103 9.105 9.106 9.107 9.105 9.103 9.104 9.104
7.531 7.541 7.550 7.564 7.580 7.597 7.619 7.648 7.682 7.724 7.781 7.851 7.925 7.980 8.038 8.120 8.200 8.277 8.350 8.419 8.482 8.537 8.583 8.610 8.638 8.676 8.711 8.744 8.774 8.802 8.829 8.855 8.879 8.889 8.900 8.922 8.943 8.961 8.977 8.991 9.002 9.012 9.019 9.020 9.021 9.027 9.032 9.037 9.040 9.044 9.047 9.051 9.056 9.056 9.056 9.062 9.067 9.073 9.078 9.083 9.087 9.091 9.095 9.094 9.094 9.097 9.100 9.102 9.104 9.106 9.107 9.108 9.109 9.107 9.105 9.106 9.106
7.554 7.563 7.573 7.588 7.604 7.621 7.645 7.675 7.710 7.755 7.817 7.892 7.970 8.027 8.087 8.172 8.253 8.330 8.401 8.468 8.528 8.579 8.621 8.646 8.670 8.705 8.738 8.768 8.796 8.823 8.848 8.872 8.894 8.903 8.913 8.934 8.953 8.970 8.985 8.998 9.010 9.019 9.026 9.027 9.027 9.033 9.038 9.042 9.045 9.049 9.052 9.056 9.061 9.061 9.062 9.067 9.073 9.078 9.084 9.088 9.093 9.096 9.099 9.099 9.098 9.100 9.103 9.105 9.107 9.108 9.109 9.110 9.111 9.109 9.107 9.108 9.108
