TsunamiDB/out54052.asc
ncols          264
nrows          230
xllcorner      497853.4375
yllcorner      4229146.0000
cellsize         5.
NODATA_value   -99
[rows 192 to 223 of 230, columns 74 to 147 of 264]
5.046 5.082 5.119 5.156 5.192 5.229 5.265 5.300 5.336 5.371 5.405 5.439 5.473 5.506 5.539 5.572 5.604 5.636 5.668 5.699 5.731 5.762 5.792 5.822 5.850 5.879 5.908 5.936 5.963 5.989 6.013 6.037 6.059 6.079 6.097 6.114 6.129 6.143 6.156 6.168 6.180 6.193 6.206 6.221 6.237 6.255 6.274 6.294 6.316 6.340 6.364 6.390 6.415 6.441 6.467 6.492 6.517 6.542 6.567 6.591 6.614 6.638 6.662 6.686 6.711 6.738 6.765 6.794 6.825 6.856 6.888 6.921 6.956 6.991
5.056 5.091 5.127 5.163 5.199 5.234 5.269 5.304 5.338 5.373 5.406 5.440 5.473 5.506 5.539 5.571 5.603 5.635 5.667 5.698 5.730 5.761 5.792 5.822 5.851 5.881 5.911 5.940 5.968 5.995 6.022 6.047 6.071 6.093 6.113 6.132 6.150 6.165 6.180 6.193 6.205 6.218 6.231 6.244 6.259 6.275 6.292 6.311 6.331 6.354 6.377 6.401 6.426 6.451 6.476 6.502 6.527 6.552 6.576 6.600 6.624 6.648 6.672 6.696 6.721 6.747 6.774 6.803 6.833 6.864 6.896 6.930 6.965 7.000
5.066 5.101 5.136 5.171 5.206 5.240 5.274 5.308 5.342 5.375 5.408 5.441 5.473 5.506 5.538 5.569 5.601 5.633 5.664 5.695 5.727 5.758 5.789 5.820 5.850 5.880 5.911 5.941 5.970 5.999 6.027 6.054 6.079 6.103 6.126 6.147 6.167 6.184 6.200 6.215 6.229 6.242 6.255 6.268 6.282 6.297 6.312 6.329 6.348 6.368 6.390 6.413 6.437 6.461 6.486 6.511 6.536 6.561 6.586 6.611 6.635 6.659 6.683 6.707 6.731 6.757 6.783 6.811 6.841 6.872 6.903 6.937 6.972 7.008
5.077 5.111 5.145 5.179 5.213 5.247 5.280 5.313 5.346 5.378 5.411 5.442 5.474 5.506 5.537 5.568 5.599 5.630 5.660 5.691 5.722 5.754 5.785 5.815 5.846 5.877 5.908 5.939 5.969 5.999 6.029 6.057 6.084 6.111 6.135 6.158 6.180 6.200 6.218 6.234 6.249 6.263 6.277 6.290 6.303 6.317 6.332 6.347 6.364 6.383 6.404 6.426 6.448 6.472 6.497 6.521 6.546 6.571 6.596 6.621 6.645 6.669 6.693 6.717 6.742 6.766 6.793 6.820 6.849 6.879 6.911 6.944 6.979 7.015
5.088 5.121 5.155 5.188 5.221 5.254 5.287 5.319 5.351 5.382 5.414 5.445 5.475 5.506 5.536 5.566 5.596 5.626 5.656 5.687 5.717 5.748 5.779 5.809 5.840 5.871 5.903 5.934 5.966 5.997 6.027 6.057 6.086 6.114 6.141 6.166 6.189 6.211 6.231 6.250 6.266 6.282 6.296 6.310 6.323 6.337 6.350 6.365 6.381 6.398 6.418 6.438 6.460 6.483 6.507 6.531 6.556 6.581 6.607 6.631 6.656 6.680 6.704 6.728 6.752 6.777 6.802 6.829 6.857 6.887 6.917 6.950 6.985 7.021
5.100 5.132 5.165 5.198 5.230 5.262 5.294 5.325 5.356 5.387 5.418 5.448 5.478 5.507 5.536 5.566 5.595 5.624 5.653 5.682 5.711 5.741 5.772 5.802 5.832 5.863 5.895 5.927 5.959 5.991 6.023 6.054 6.084 6.114 6.142 6.169 6.195 6.218 6.241 6.261 6.279 6.296 6.312 6.327 6.341 6.354 6.368 6.381 6.396 6.413 6.431 6.450 6.471 6.494 6.517 6.541 6.566 6.591 6.617 6.642 6.667 6.691 6.716 6.739 6.763 6.787 6.812 6.837 6.865 6.893 6.923 6.955 6.990 7.025
5.111 5.143 5.176 5.208 5.239 5.271 5.302 5.332 5.363 5.393 5.423 5.452 5.481 5.510 5.538 5.566 5.594 5.622 5.649 5.678 5.706 5.735 5.764 5.793 5.823 5.854 5.885 5.918 5.950 5.983 6.015 6.047 6.079 6.110 6.140 6.168 6.196 6.221 6.245 6.268 6.288 6.307 6.324 6.339 6.354 6.369 6.382 6.395 6.410 6.425 6.443 6.461 6.482 6.503 6.526 6.551 6.576 6.601 6.627 6.652 6.678 6.702 6.727 6.750 6.774 6.797 6.821 6.846 6.872 6.900 6.928 6.960 6.993 7.028
5.123 5.155 5.186 5.218 5.249 5.280 5.310 5.340 5.370 5.399 5.428 5.457 5.485 5.513 5.540 5.567 5.594 5.621 5.648 5.674 5.701 5.729 5.757 5.785 5.813 5.843 5.874 5.906 5.938 5.971 6.004 6.037 6.070 6.102 6.133 6.163 6.192 6.219 6.245 6.269 6.292 6.312 6.330 6.348 6.364 6.379 6.392 6.406 6.420 6.436 6.453 6.471 6.491 6.512 6.535 6.559 6.584 6.610 6.636 6.662 6.688 6.713 6.737 6.761 6.784 6.807 6.830 6.854 6.879 6.905 6.933 6.963 6.995 7.030
5.136 5.166 5.197 5.228 5.259 5.289 5.319 5.348 5.378 5.406 5.435 5.463 5.490 5.517 5.544 5.570 5.596 5.622 5.647 5.673 5.698 5.724 5.751 5.777 5.804 5.833 5.863 5.894 5.925 5.958 5.991 6.024 6.057 6.090 6.122 6.154 6.184 6.213 6.240 6.266 6.290 6.312 6.332 6.351 6.368 6.384 6.399 6.413 6.427 6.443 6.460 6.478 6.497 6.519 6.541 6.565 6.591 6.617 6.643 6.670 6.696 6.722 6.747 6.771 6.794 6.817 6.839 6.862 6.886 6.910 6.936 6.965 6.996 7.029
5.148 5.178 5.209 5.239 5.269 5.299 5.328 5.357 5.386 5.414 5.442 5.469 5.496 5.523 5.549 5.575 5.600 5.624 5.649 5.673 5.697 5.722 5.747 5.771 5.796 5.823 5.852 5.881 5.912 5.943 5.976 6.008 6.042 6.075 6.108 6.140 6.171 6.201 6.230 6.257 6.283 6.307 6.328 6.348 6.367 6.384 6.400 6.415 6.430 6.446 6.463 6.481 6.501 6.522 6.545 6.570 6.595 6.622 6.649 6.676 6.703 6.729 6.755 6.779 6.802 6.825 6.847 6.869 6.891 6.914 6.938 6.965 6.995 7.028
5.161 5.191 5.220 5.250 5.279 5.309 5.337 5.366 5.394 5.422 5.450 5.477 5.503 5.529 5.555 5.580 5.605 5.629 5.652 5.675 5.698 5.721 5.744 5.767 5.791 5.816 5.842 5.870 5.899 5.929 5.960 5.992 6.024 6.057 6.090 6.123 6.155 6.186 6.216 6.244 6.271 6.296 6.319 6.340 6.360 6.379 6.396 6.412 6.428 6.445 6.463 6.481 6.501 6.523 6.546 6.571 6.597 6.624 6.651 6.679 6.707 6.734 6.761 6.786 6.809 6.832 6.853 6.874 6.895 6.917 6.940 6.965 6.994 7.025
5.175 5.203 5.233 5.261 5.290 5.319 5.347 5.375 5.403 5.430 5.458 5.484 5.511 5.537 5.562 5.587 5.611 5.634 5.657 5.679 5.701 5.723 5.745 5.766 5.788 5.811 5.835 5.860 5.887 5.915 5.945 5.975 6.007 6.039 6.071 6.103 6.135 6.167 6.197 6.226 6.254 6.280 6.304 6.327 6.348 6.369 6.387 6.404 6.421 6.439 6.457 6.477 6.497 6.519 6.543 6.568 6.595 6.622 6.651 6.680 6.708 6.736 6.764 6.789 6.814 6.836 6.858 6.878 6.899 6.919 6.940 6.964 6.992 7.023
5.189 5.217 5.245 5.273 5.301 5.329 5.357 5.385 5.412 5.439 5.466 5.492 5.519 5.544 5.569 5.594 5.618 5.641 5.663 5.685 5.706 5.727 5.748 5.768 5.788 5.809 5.831 5.854 5.879 5.905 5.932 5.960 5.990 6.020 6.051 6.083 6.114 6.145 6.175 6.205 6.233 6.260 6.285 6.309 6.332 6.353 6.372 6.391 6.409 6.428 6.448 6.468 6.489 6.512 6.536 6.562 6.589 6.617 6.647 6.676 6.706 6.735 6.764 6.791 6.816 6.839 6.861 6.882 6.902 6.921 6.941 6.964 6.990 7.021
5.204 5.231 5.258 5.286 5.313 5.340 5.368 5.395 5.422 5.448 5.475 5.501 5.527 5.552 5.577 5.601 5.625 5.648 5.671 5.692 5.713 5.734 5.754 5.772 5.791 5.810 5.831 5.852 5.874 5.897 5.922 5.948 5.975 6.004 6.033 6.063 6.093 6.123 6.153 6.182 6.210 6.238 6.264 6.288 6.312 6.334 6.354 6.374 6.394 6.414 6.434 6.455 6.478 6.501 6.526 6.552 6.580 6.609 6.639 6.670 6.701 6.731 6.761 6.789 6.816 6.840 6.863 6.884 6.904 6.923 6.942 6.964 6.989 7.020
5.220 5.246 5.273 5.299 5.326 5.352 5.379 5.405 5.431 5.458 5.484 5.509 5.535 5.560 5.585 5.609 5.633 5.656 5.679 5.701 5.721 5.742 5.761 5.779 5.797 5.815 5.834 5.853 5.873 5.894 5.916 5.940 5.965 5.991 6.018 6.046 6.074 6.103 6.132 6.160 6.188 6.215 6.241 6.266 6.290 6.313 6.334 6.355 6.376 6.397 6.418 6.440 6.463 6.487 6.512 6.539 6.568 6.598 6.629 6.660 6.692 6.724 6.755 6.785 6.813 6.840 6.864 6.886 6.906 6.924 6.943 6.964 6.990 7.020
5.237 5.262 5.288 5.313 5.339 5.364 5.390 5.416 5.442 5.467 5.493 5.518 5.544 5.569 5.593 5.618 5.642 5.665 5.687 5.709 5.730 5.750 5.770 5.788 5.805 5.823 5.840 5.858 5.876 5.895 5.915 5.936 5.958 5.982 6.006 6.032 6.058 6.085 6.113 6.140 6.167 6.193 6.219 6.244 6.268 6.292 6.314 6.335 6.357 6.379 6.401 6.423 6.447 6.471 6.497 6.525 6.554 6.584 6.616 6.649 6.682 6.715 6.748 6.780 6.810 6.838 6.864 6.887 6.908 6.927 6.946 6.967 6.992 7.022
5.255 5.280 5.304 5.329 5.353 5.378 5.403 5.427 5.452 5.477 5.502 5.527 5.552 5.577 5.602 5.626 5.650 5.673 5.696 5.718 5.740 5.760 5.780 5.798 5.815 5.832 5.849 5.866 5.883 5.900 5.918 5.936 5.956 5.977 5.999 6.023 6.047 6.072 6.097 6.123 6.149 6.174 6.199 6.224 6.248 6.272 6.294 6.316 6.338 6.361 6.384 6.407 6.431 6.456 6.482 6.510 6.539 6.570 6.603 6.636 6.671 6.705 6.740 6.773 6.805 6.835 6.863 6.888 6.911 6.930 6.949 6.971 6.996 7.026
5.275 5.299 5.322 5.345 5.369 5.392 5.416 5.440 5.464 5.488 5.513 5.537 5.562 5.586 5.610 5.635 5.659 5.682 5.705 5.728 5.749 5.770 5.790 5.808 5.826 5.843 5.860 5.876 5.892 5.908 5.924 5.941 5.959 5.978 5.997 6.018 6.040 6.063 6.086 6.110 6.135 6.159 6.184 6.208 6.232 6.255 6.277 6.300 6.322 6.345 6.368 6.392 6.416 6.441 6.468 6.495 6.525 6.556 6.589 6.624 6.659 6.695 6.731 6.766 6.801 6.833 6.863 6.890 6.914 6.935 6.955 6.976 7.001 7.031
5.297 5.319 5.341 5.364 5.386 5.408 5.431 5.453 5.477 5.500 5.523 5.547 5.571 5.595 5.619 5.643 5.667 5.691 5.714 5.737 5.759 5.781 5.801 5.819 5.838 5.855 5.872 5.889 5.904 5.919 5.934 5.950 5.966 5.982 6.000 6.019 6.038 6.059 6.080 6.103 6.125 6.149 6.172 6.196 6.220 6.242 6.264 6.287 6.310 6.333 6.356 6.380 6.404 6.429 6.455 6.483 6.513 6.544 6.577 6.612 6.648 6.685 6.723 6.760 6.796 6.831 6.863 6.892 6.918 6.940 6.961 6.983 7.007 7.037
5.320 5.342 5.363 5.384 5.405 5.426 5.447 5.469 5.491 5.513 5.535 5.558 5.582 5.605 5.629 5.652 5.676 5.700 5.723 5.746 5.769 5.791 5.811 5.830 5.850 5.868 5.885 5.902 5.918 5.933 5.947 5.962 5.976 5.991 6.007 6.024 6.041 6.060 6.079 6.100 6.121 6.143 6.165 6.188 6.211 6.234 6.255 6.278 6.301 6.324 6.347 6.371 6.395 6.420 6.446 6.474 6.503 6.534 6.567 6.602 6.639 6.677 6.716 6.755 6.793 6.829 6.864 6.895 6.923 6.947 6.969 6.990 7.014 7.044
5.345 5.366 5.386 5.406 5.426 5.445 5.465 5.485 5.506 5.527 5.549 5.570 5.593 5.616 5.639 5.662 5.685 5.709 5.732 5.756 5.779 5.801 5.822 5.842 5.862 5.881 5.899 5.916 5.932 5.947 5.962 5.976 5.989 6.003 6.018 6.033 6.048 6.065 6.083 6.101 6.121 6.142 6.163 6.185 6.208 6.229 6.251 6.274 6.297 6.320 6.343 6.366 6.390 6.415 6.440 6.468 6.496 6.527 6.560 6.595 6.632 6.671 6.710 6.751 6.790 6.829 6.865 6.899 6.929 6.954 6.976 6.998 7.021 7.051
5.372 5.392 5.411 5.430 5.448 5.467 5.486 5.504 5.524 5.543 5.563 5.584 5.605 5.627 5.649 5.672 5.695 5.718 5.742 5.765 5.788 5.811 5.832 5.853 5.874 5.894 5.913 5.930 5.947 5.963 5.977 5.991 6.005 6.018 6.031 6.045 6.059 6.074 6.090 6.107 6.126 6.145 6.165 6.186 6.208 6.230 6.251 6.274 6.296 6.319 6.342 6.366 6.389 6.413 6.438 6.465 6.493 6.523 6.556 6.590 6.627 6.666 6.707 6.748 6.789 6.829 6.868 6.903 6.935 6.961 6.984 7.005 7.029 7.060
5.399 5.419 5.438 5.456 5.473 5.491 5.508 5.526 5.543 5.561 5.580 5.599 5.619 5.640 5.661 5.683 5.706 5.728 5.752 5.775 5.798 5.821 5.843 5.864 5.886 5.906 5.926 5.945 5.962 5.978 5.994 6.008 6.021 6.034 6.047 6.060 6.073 6.087 6.101 6.117 6.134 6.152 6.171 6.192 6.213 6.234 6.255 6.277 6.300 6.323 6.346 6.369 6.392 6.416 6.440 6.466 6.493 6.523 6.554 6.589 6.625 6.664 6.705 6.747 6.789 6.831 6.871 6.908 6.941 6.969 6.993 7.014 7.039 7.071
5.428 5.447 5.466 5.483 5.500 5.517 5.533 5.549 5.565 5.582 5.599 5.617 5.635 5.655 5.675 5.696 5.717 5.739 5.762 5.785 5.808 5.832 5.854 5.875 5.897 5.919 5.939 5.959 5.977 5.994 6.010 6.025 6.039 6.052 6.064 6.076 6.089 6.102 6.115 6.130 6.145 6.162 6.181 6.200 6.221 6.242 6.263 6.285 6.307 6.330 6.353 6.376 6.398 6.422 6.446 6.470 6.497 6.525 6.556 6.589 6.625 6.664 6.705 6.747 6.791 6.834 6.875 6.914 6.948 6.977 7.002 7.024 7.049 7.084
5.457 5.476 5.495 5.512 5.529 5.545 5.560 5.575 5.590 5.605 5.621 5.637 5.654 5.671 5.690 5.709 5.730 5.751 5.773 5.796 5.819 5.842 5.865 5.886 5.909 5.931 5.952 5.972 5.992 6.010 6.026 6.042 6.056 6.070 6.082 6.094 6.106 6.119 6.131 6.145 6.160 6.176 6.194 6.212 6.233 6.253 6.273 6.295 6.318 6.341 6.363 6.386 6.408 6.431 6.454 6.478 6.504 6.531 6.561 6.593 6.628 6.666 6.707 6.750 6.793 6.837 6.880 6.920 6.956 6.986 7.012 7.034 7.062 7.102
5.485 5.505 5.524 5.542 5.559 5.574 5.589 5.603 5.617 5.631 5.645 5.659 5.674 5.690 5.707 5.725 5.745 5.765 5.786 5.808 5.830 5.854 5.876 5.898 5.921 5.943 5.965 5.986 6.006 6.025 6.042 6.059 6.074 6.088 6.101 6.113 6.125 6.137 6.149 6.162 6.177 6.192 6.209 6.227 6.247 6.267 6.287 6.309 6.332 6.354 6.377 6.399 6.421 6.444 6.466 6.489 6.513 6.540 6.568 6.599 6.633 6.670 6.710 6.753 6.797 6.842 6.886 6.927 6.964 6.995 7.022 7.048 7.082 7.126
5.513 5.534 5.553 5.572 5.589 5.605 5.619 5.633 5.647 5.659 5.672 5.685 5.698 5.712 5.728 5.744 5.761 5.780 5.800 5.821 5.843 5.866 5.888 5.910 5.932 5.955 5.978 5.999 6.020 6.039 6.058 6.075 6.091 6.105 6.119 6.132 6.144 6.156 6.168 6.181 6.195 6.210 6.226 6.244 6.264 6.283 6.304 6.325 6.348 6.370 6.393 6.415 6.437 6.459 6.481 6.503 6.526 6.551 6.578 6.607 6.640 6.676 6.716 6.758 6.802 6.847 6.892 6.935 6.973 7.006 7.037 7.069 7.107 7.156
5.539 5.561 5.582 5.601 5.619 5.635 5.651 5.665 5.678 5.690 5.702 5.713 5.725 5.738 5.751 5.765 5.781 5.798 5.816 5.836 5.857 5.878 5.900 5.922 5.945 5.967 5.990 6.012 6.033 6.054 6.073 6.091 6.107 6.123 6.137 6.150 6.163 6.175 6.188 6.201 6.214 6.229 6.245 6.263 6.282 6.302 6.322 6.344 6.366 6.389 6.412 6.434 6.456 6.477 6.498 6.520 6.542 6.565 6.590 6.618 6.649 6.684 6.723 6.764 6.808 6.854 6.900 6.944 6.984 7.021 7.057 7.093 7.136 7.189
5.564 5.587 5.609 5.629 5.648 5.666 5.682 5.696 5.710 5.722 5.733 5.744 5.755 5.766 5.777 5.790 5.803 5.818 5.835 5.853 5.872 5.893 5.914 5.935 5.957 5.980 6.003 6.025 6.047 6.067 6.087 6.106 6.123 6.139 6.154 6.168 6.181 6.194 6.207 6.220 6.234 6.249 6.265 6.283 6.302 6.322 6.342 6.364 6.387 6.410 6.432 6.455 6.476 6.498 6.518 6.539 6.560 6.582 6.605 6.632 6.661 6.694 6.731 6.772 6.816 6.862 6.909 6.955 6.999 7.041 7.081 7.123 7.170 7.228
5.587 5.611 5.634 5.656 5.676 5.695 5.712 5.728 5.742 5.755 5.766 5.777 5.787 5.797 5.807 5.817 5.829 5.842 5.856 5.872 5.890 5.909 5.928 5.949 5.971 5.993 6.015 6.038 6.059 6.081 6.101 6.120 6.138 6.155 6.171 6.185 6.199 6.213 6.226 6.240 6.255 6.270 6.286 6.304 6.323 6.343 6.363 6.385 6.408 6.432 6.455 6.477 6.499 6.520 6.541 6.561 6.581 6.601 6.623 6.647 6.675 6.706 6.742 6.782 6.826 6.872 6.920 6.970 7.018 7.064 7.110 7.157 7.208 7.268
5.608 5.633 5.657 5.680 5.702 5.722 5.741 5.758 5.774 5.787 5.800 5.811 5.821 5.830 5.839 5.848 5.858 5.869 5.881 5.894 5.910 5.927 5.945 5.964 5.985 6.007 6.029 6.051 6.072 6.094 6.114 6.134 6.152 6.170 6.186 6.202 6.217 6.231 6.245 6.260 6.275 6.290 6.307 6.325 6.345 6.365 6.385 6.408 6.431 6.455 6.478 6.501 6.523 6.545 6.565 6.585 6.604 6.623 6.644 6.666 6.691 6.720 6.754 6.794 6.838 6.885 6.935 6.988 7.040 7.091 7.142 7.193 7.247 7.310
5.626 5.653 5.678 5.703 5.726 5.747 5.768 5.787 5.804 5.819 5.833 5.845 5.855 5.865 5.873 5.882 5.890 5.899 5.909 5.920 5.933 5.948 5.964 5.982 6.001 6.021 6.043 6.064 6.085 6.107 6.127 6.147 6.166 6.184 6.201 6.218 6.233 6.249 6.264 6.279 6.294 6.311 6.328 6.346 6.366 6.386 6.408 6.430 6.454 6.478 6.502 6.526 6.549 6.571 6.591 6.610 6.629 6.647 6.666 6.686 6.709 6.736 6.769 6.808 6.852 6.900 6.953 7.009 7.066 7.122 7.177 7.230 7.287 7.352
