TsunamiDB/out54128.asc
ncols          264
nrows          230
xllcorner      497853.4375
yllcorner      4229146.0000
cellsize         5.
NODATA_value   -99
[rows 68 to 101 of 230, columns 154 to 230 of 264]
6.591 6.596 6.602 6.607 6.613 6.620 6.626 6.633 6.640 6.647 6.655 6.662 6.669 6.677 6.684 6.692 6.699 6.707 6.715 6.722 6.729 6.735 6.741 6.747 6.753 6.758 6.763 6.768 6.772 6.777 6.781 6.785 6.788 6.792 6.795 6.798 6.801 6.804 6.807 6.810 6.813 6.817 6.820 6.823 6.826 6.829 6.832 6.836 6.839 6.843 6.847 6.851 6.855 6.860 6.864 6.869 6.875 6.880 6.886 6.892 6.899 6.906 6.913 6.922 6.930 6.939 6.949 6.958 6.968 6.977 6.981 6.981 6.980 6.985 6.991 7.000 7.017
6.597 6.602 6.607 6.613 6.619 6.625 6.632 6.638 6.645 6.652 6.659 6.667 6.674 6.682 6.689 6.697 6.704 6.712 6.720 6.727 6.734 6.740 6.746 6.752 6.758 6.763 6.769 6.774 6.778 6.783 6.787 6.791 6.795 6.798 6.802 6.805 6.808 6.812 6.815 6.818 6.821 6.825 6.828 6.831 6.835 6.838 6.841 6.845 6.849 6.853 6.857 6.861 6.866 6.871 6.876 6.881 6.887 6.893 6.899 6.906 6.913 6.921 6.929 6.937 6.947 6.956 6.966 6.976 6.986 6.995 7.000 7.000 7.000 7.004 7.011 7.020 7.038
6.603 6.608 6.613 6.618 6.624 6.630 6.637 6.643 6.650 6.657 6.664 6.671 6.679 6.686 6.694 6.701 6.709 6.717 6.725 6.732 6.739 6.745 6.751 6.758 6.763 6.769 6.774 6.779 6.784 6.789 6.793 6.797 6.801 6.805 6.809 6.812 6.816 6.819 6.822 6.826 6.829 6.833 6.837 6.840 6.843 6.847 6.850 6.854 6.858 6.862 6.867 6.871 6.876 6.882 6.887 6.893 6.899 6.906 6.912 6.920 6.927 6.935 6.944 6.953 6.963 6.973 6.983 6.993 7.004 7.013 7.019 7.020 7.019 7.024 7.031 7.040 7.058
6.609 6.613 6.618 6.624 6.629 6.635 6.642 6.648 6.655 6.662 6.669 6.676 6.684 6.691 6.698 6.706 6.714 6.721 6.729 6.737 6.744 6.750 6.757 6.763 6.769 6.774 6.780 6.785 6.790 6.795 6.799 6.804 6.808 6.812 6.816 6.819 6.823 6.826 6.830 6.833 6.837 6.841 6.845 6.848 6.852 6.856 6.859 6.863 6.868 6.872 6.877 6.882 6.887 6.893 6.899 6.905 6.911 6.918 6.926 6.933 6.941 6.950 6.959 6.968 6.979 6.989 6.999 7.010 7.022 7.031 7.037 7.039 7.039 7.044 7.052 7.061 7.079
6.614 6.619 6.624 6.629 6.635 6.640 6.647 6.653 6.660 6.666 6.674 6.681 6.688 6.696 6.703 6.711 6.718 6.726 6.734 6.742 6.748 6.755 6.762 6.768 6.774 6.780 6.785 6.791 6.796 6.801 6.805 6.810 6.814 6.818 6.822 6.826 6.830 6.834 6.837 6.841 6.845 6.849 6.853 6.857 6.861 6.865 6.869 6.873 6.877 6.882 6.887 6.892 6.898 6.904 6.910 6.917 6.924 6.931 6.939 6.947 6.955 6.964 6.973 6.984 6.994 7.005 7.016 7.027 7.039 7.049 7.056 7.057 7.057 7.063 7.071 7.081 7.099
6.620 6.624 6.629 6.634 6.640 6.645 6.651 6.658 6.664 6.671 6.678 6.685 6.693 6.700 6.708 6.715 6.723 6.731 6.739 6.746 6.753 6.760 6.766 6.773 6.779 6.785 6.791 6.796 6.801 6.807 6.811 6.816 6.821 6.825 6.829 6.833 6.837 6.841 6.845 6.849 6.853 6.857 6.862 6.866 6.870 6.874 6.878 6.883 6.887 6.892 6.898 6.903 6.909 6.915 6.922 6.929 6.936 6.944 6.952 6.960 6.969 6.978 6.988 6.999 7.010 7.021 7.032 7.044 7.056 7.066 7.073 7.075 7.075 7.082 7.090 7.100 7.119
6.625 6.630 6.634 6.639 6.645 6.650 6.656 6.662 6.669 6.676 6.683 6.690 6.697 6.704 6.712 6.720 6.727 6.735 6.743 6.751 6.758 6.765 6.771 6.778 6.784 6.790 6.796 6.802 6.807 6.812 6.817 6.822 6.827 6.832 6.836 6.840 6.844 6.848 6.853 6.857 6.861 6.866 6.870 6.874 6.879 6.883 6.887 6.892 6.897 6.903 6.908 6.914 6.920 6.927 6.934 6.941 6.948 6.957 6.965 6.974 6.983 6.992 7.002 7.013 7.025 7.036 7.048 7.060 7.072 7.083 7.090 7.092 7.093 7.100 7.109 7.120 7.138
6.631 6.635 6.640 6.644 6.650 6.655 6.661 6.667 6.673 6.680 6.687 6.694 6.701 6.709 6.716 6.724 6.732 6.739 6.748 6.755 6.762 6.769 6.776 6.783 6.789 6.795 6.801 6.807 6.813 6.818 6.823 6.829 6.834 6.838 6.843 6.847 6.852 6.856 6.860 6.865 6.869 6.874 6.879 6.883 6.888 6.892 6.897 6.902 6.907 6.913 6.919 6.925 6.931 6.938 6.945 6.953 6.961 6.969 6.978 6.987 6.996 7.006 7.017 7.028 7.039 7.051 7.063 7.075 7.088 7.099 7.107 7.109 7.110 7.117 7.127 7.137 7.156
6.636 6.640 6.645 6.650 6.655 6.660 6.666 6.672 6.678 6.685 6.691 6.698 6.706 6.713 6.720 6.728 6.736 6.744 6.752 6.760 6.767 6.774 6.781 6.788 6.794 6.801 6.807 6.813 6.818 6.824 6.830 6.835 6.840 6.845 6.850 6.854 6.859 6.864 6.868 6.873 6.878 6.883 6.888 6.892 6.897 6.902 6.907 6.912 6.918 6.924 6.930 6.936 6.943 6.950 6.957 6.965 6.973 6.982 6.991 7.000 7.010 7.020 7.031 7.042 7.053 7.065 7.078 7.090 7.103 7.115 7.122 7.124 7.125 7.133 7.144 7.154 7.173
6.641 6.646 6.650 6.655 6.660 6.665 6.670 6.676 6.682 6.689 6.696 6.703 6.710 6.717 6.725 6.732 6.740 6.748 6.757 6.764 6.772 6.779 6.786 6.793 6.799 6.806 6.812 6.818 6.824 6.830 6.836 6.841 6.847 6.852 6.857 6.862 6.867 6.871 6.876 6.881 6.887 6.892 6.897 6.902 6.907 6.912 6.917 6.922 6.928 6.934 6.941 6.947 6.954 6.962 6.969 6.977 6.986 6.995 7.004 7.013 7.023 7.034 7.044 7.056 7.067 7.079 7.092 7.105 7.118 7.129 7.136 7.138 7.140 7.149 7.160 7.171 7.191
6.647 6.651 6.655 6.660 6.665 6.670 6.675 6.681 6.687 6.693 6.700 6.707 6.714 6.721 6.729 6.737 6.744 6.753 6.761 6.769 6.776 6.783 6.791 6.798 6.804 6.811 6.817 6.824 6.830 6.836 6.842 6.848 6.853 6.859 6.864 6.869 6.874 6.879 6.884 6.890 6.895 6.901 6.906 6.911 6.916 6.922 6.927 6.933 6.939 6.945 6.952 6.959 6.966 6.973 6.981 6.990 6.998 7.008 7.017 7.027 7.037 7.047 7.058 7.069 7.081 7.093 7.106 7.119 7.131 7.142 7.149 7.152 7.155 7.165 7.177 7.189 7.210
6.652 6.656 6.660 6.665 6.670 6.675 6.680 6.686 6.692 6.698 6.704 6.711 6.718 6.726 6.733 6.741 6.749 6.757 6.765 6.773 6.781 6.788 6.795 6.802 6.809 6.816 6.823 6.830 6.836 6.842 6.848 6.854 6.860 6.866 6.871 6.877 6.882 6.887 6.893 6.898 6.904 6.910 6.915 6.921 6.926 6.932 6.938 6.944 6.950 6.956 6.963 6.970 6.978 6.986 6.994 7.002 7.011 7.020 7.030 7.040 7.050 7.060 7.071 7.083 7.094 7.106 7.119 7.132 7.144 7.154 7.162 7.166 7.170 7.181 7.194 7.209 7.231
6.657 6.661 6.666 6.670 6.675 6.679 6.685 6.690 6.696 6.702 6.709 6.716 6.723 6.730 6.737 6.745 6.753 6.761 6.770 6.778 6.785 6.793 6.800 6.808 6.815 6.822 6.829 6.835 6.842 6.848 6.855 6.861 6.867 6.873 6.879 6.884 6.890 6.896 6.901 6.907 6.913 6.919 6.925 6.930 6.936 6.942 6.948 6.954 6.961 6.968 6.975 6.982 6.990 6.998 7.006 7.015 7.024 7.033 7.043 7.053 7.063 7.074 7.084 7.096 7.107 7.119 7.131 7.144 7.155 7.166 7.174 7.179 7.185 7.198 7.213 7.230 7.254
6.663 6.667 6.671 6.675 6.680 6.685 6.690 6.695 6.701 6.707 6.713 6.720 6.727 6.734 6.742 6.750 6.758 6.766 6.775 6.782 6.790 6.798 6.805 6.813 6.820 6.827 6.834 6.841 6.848 6.855 6.861 6.868 6.874 6.880 6.886 6.892 6.898 6.904 6.910 6.916 6.922 6.929 6.934 6.940 6.946 6.952 6.959 6.965 6.972 6.979 6.986 6.994 7.002 7.010 7.018 7.027 7.037 7.046 7.056 7.066 7.077 7.087 7.097 7.109 7.120 7.131 7.143 7.155 7.167 7.177 7.186 7.193 7.201 7.216 7.233 7.252 7.279
6.668 6.672 6.676 6.680 6.685 6.690 6.695 6.700 6.706 6.712 6.718 6.725 6.732 6.739 6.746 6.754 6.762 6.771 6.779 6.787 6.795 6.803 6.810 6.818 6.825 6.833 6.840 6.847 6.854 6.861 6.868 6.875 6.881 6.888 6.894 6.900 6.906 6.913 6.919 6.925 6.932 6.938 6.944 6.950 6.957 6.963 6.970 6.976 6.983 6.990 6.998 7.006 7.014 7.022 7.031 7.040 7.049 7.059 7.069 7.080 7.090 7.100 7.110 7.121 7.132 7.142 7.153 7.165 7.177 7.188 7.198 7.207 7.217 7.234 7.253 7.274 7.304
6.674 6.678 6.682 6.686 6.690 6.695 6.700 6.705 6.711 6.717 6.723 6.729 6.736 6.743 6.751 6.759 6.767 6.776 6.784 6.792 6.800 6.808 6.815 6.823 6.831 6.838 6.846 6.853 6.861 6.868 6.875 6.882 6.888 6.895 6.902 6.908 6.915 6.921 6.928 6.934 6.941 6.948 6.954 6.961 6.967 6.974 6.980 6.987 6.995 7.002 7.010 7.018 7.026 7.034 7.043 7.053 7.062 7.072 7.083 7.093 7.103 7.113 7.123 7.133 7.143 7.153 7.164 7.175 7.187 7.199 7.211 7.221 7.233 7.252 7.272 7.296 7.328
6.679 6.683 6.687 6.691 6.696 6.700 6.705 6.710 6.716 6.722 6.728 6.734 6.741 6.748 6.756 6.764 6.772 6.780 6.789 6.797 6.805 6.813 6.821 6.829 6.837 6.844 6.852 6.860 6.867 6.874 6.882 6.889 6.896 6.903 6.910 6.916 6.923 6.930 6.937 6.943 6.951 6.958 6.964 6.971 6.978 6.984 6.991 6.999 7.006 7.014 7.021 7.030 7.038 7.047 7.056 7.065 7.075 7.085 7.096 7.106 7.116 7.126 7.135 7.144 7.154 7.163 7.173 7.185 7.197 7.210 7.223 7.235 7.249 7.269 7.292 7.318 7.351
6.685 6.689 6.693 6.697 6.701 6.706 6.710 6.715 6.721 6.727 6.733 6.739 6.746 6.753 6.761 6.768 6.777 6.785 6.794 6.802 6.810 6.818 6.826 6.834 6.842 6.850 6.858 6.866 6.874 6.881 6.889 6.896 6.903 6.911 6.918 6.925 6.932 6.939 6.946 6.953 6.960 6.967 6.974 6.981 6.988 6.995 7.002 7.010 7.017 7.025 7.033 7.041 7.050 7.059 7.068 7.078 7.088 7.098 7.108 7.119 7.129 7.138 7.146 7.155 7.164 7.173 7.183 7.193 7.206 7.220 7.235 7.249 7.264 7.286 7.310 7.338 7.374
6.690 6.694 6.698 6.702 6.707 6.711 6.716 6.721 6.726 6.732 6.738 6.744 6.751 6.758 6.766 6.773 6.782 6.790 6.799 6.807 6.815 6.824 6.832 6.840 6.848 6.856 6.864 6.872 6.880 6.888 6.896 6.903 6.911 6.918 6.926 6.933 6.940 6.948 6.955 6.962 6.970 6.977 6.984 6.991 6.999 7.006 7.013 7.021 7.029 7.037 7.045 7.053 7.062 7.071 7.080 7.090 7.100 7.110 7.121 7.132 7.141 7.149 7.157 7.165 7.174 7.182 7.192 7.203 7.216 7.231 7.247 7.262 7.279 7.302 7.328 7.359 7.396
6.696 6.700 6.704 6.708 6.712 6.717 6.721 6.726 6.732 6.737 6.743 6.750 6.756 6.763 6.771 6.779 6.787 6.796 6.804 6.812 6.821 6.829 6.837 6.846 6.854 6.862 6.871 6.879 6.887 6.895 6.903 6.911 6.919 6.926 6.934 6.941 6.949 6.956 6.964 6.971 6.979 6.987 6.994 7.002 7.009 7.016 7.024 7.032 7.040 7.048 7.056 7.065 7.074 7.083 7.092 7.102 7.112 7.123 7.133 7.144 7.153 7.161 7.168 7.176 7.184 7.192 7.201 7.212 7.226 7.241 7.257 7.274 7.294 7.319 7.346 7.380 7.419
6.702 6.706 6.710 6.714 6.718 6.722 6.727 6.732 6.737 6.743 6.749 6.755 6.762 6.769 6.776 6.784 6.792 6.801 6.810 6.818 6.826 6.835 6.843 6.852 6.860 6.869 6.877 6.885 6.894 6.902 6.910 6.918 6.926 6.934 6.942 6.950 6.958 6.965 6.973 6.981 6.989 6.997 7.004 7.012 7.019 7.027 7.035 7.043 7.051 7.059 7.068 7.076 7.085 7.095 7.104 7.114 7.124 7.135 7.146 7.156 7.165 7.172 7.179 7.186 7.194 7.202 7.211 7.222 7.236 7.251 7.268 7.287 7.311 7.337 7.365 7.402 7.445
6.708 6.711 6.715 6.719 6.724 6.728 6.733 6.738 6.743 6.748 6.754 6.761 6.767 6.774 6.782 6.789 6.798 6.806 6.815 6.823 6.832 6.840 6.849 6.858 6.866 6.875 6.884 6.892 6.901 6.909 6.918 6.926 6.934 6.942 6.950 6.958 6.966 6.974 6.982 6.990 6.998 7.006 7.014 7.022 7.030 7.037 7.045 7.053 7.062 7.070 7.079 7.088 7.097 7.106 7.116 7.126 7.136 7.147 7.157 7.167 7.176 7.183 7.189 7.197 7.204 7.211 7.221 7.232 7.245 7.260 7.278 7.301 7.328 7.356 7.386 7.427 7.473
6.713 6.717 6.721 6.725 6.730 6.734 6.739 6.743 6.749 6.754 6.760 6.766 6.773 6.780 6.787 6.795 6.803 6.812 6.821 6.829 6.838 6.846 6.855 6.864 6.873 6.881 6.890 6.899 6.908 6.916 6.925 6.933 6.942 6.950 6.958 6.967 6.975 6.983 6.991 6.999 7.008 7.016 7.024 7.032 7.040 7.048 7.056 7.064 7.072 7.081 7.090 7.099 7.108 7.117 7.127 7.137 7.148 7.158 7.169 7.179 7.187 7.194 7.200 7.207 7.215 7.221 7.230 7.241 7.254 7.269 7.290 7.315 7.346 7.376 7.409 7.453 7.503
6.719 6.723 6.727 6.731 6.735 6.740 6.744 6.749 6.754 6.760 6.766 6.772 6.778 6.785 6.793 6.800 6.809 6.818 6.826 6.835 6.843 6.852 6.861 6.870 6.879 6.888 6.897 6.906 6.915 6.923 6.932 6.941 6.950 6.958 6.967 6.975 6.983 6.992 7.000 7.008 7.017 7.025 7.033 7.041 7.050 7.058 7.066 7.074 7.083 7.091 7.100 7.109 7.119 7.128 7.138 7.148 7.159 7.169 7.180 7.190 7.199 7.205 7.211 7.218 7.224 7.231 7.239 7.250 7.263 7.279 7.301 7.331 7.366 7.398 7.433 7.482 7.535
6.725 6.729 6.733 6.737 6.741 6.746 6.750 6.755 6.760 6.766 6.772 6.778 6.784 6.791 6.798 6.806 6.814 6.823 6.832 6.841 6.849 6.858 6.867 6.876 6.885 6.894 6.903 6.912 6.922 6.931 6.940 6.948 6.957 6.966 6.975 6.983 6.992 7.000 7.009 7.017 7.026 7.035 7.043 7.051 7.059 7.068 7.076 7.084 7.093 7.102 7.111 7.120 7.129 7.139 7.149 7.159 7.169 7.180 7.191 7.201 7.210 7.216 7.221 7.228 7.234 7.240 7.248 7.258 7.271 7.288 7.314 7.348 7.388 7.422 7.459 7.512 7.569
6.731 6.735 6.739 6.743 6.747 6.752 6.756 6.761 6.766 6.772 6.778 6.784 6.790 6.797 6.804 6.812 6.820 6.829 6.838 6.846 6.855 6.864 6.873 6.882 6.891 6.901 6.910 6.919 6.928 6.938 6.947 6.956 6.965 6.974 6.983 6.992 7.000 7.009 7.018 7.026 7.035 7.044 7.052 7.061 7.069 7.077 7.086 7.094 7.103 7.112 7.121 7.130 7.139 7.149 7.159 7.169 7.180 7.190 7.201 7.212 7.220 7.226 7.231 7.237 7.243 7.248 7.256 7.267 7.281 7.300 7.329 7.367 7.411 7.446 7.486 7.543 7.601
6.737 6.741 6.745 6.749 6.754 6.758 6.763 6.767 6.773 6.778 6.784 6.790 6.796 6.803 6.810 6.818 6.826 6.835 6.844 6.852 6.861 6.870 6.879 6.888 6.898 6.907 6.917 6.926 6.935 6.945 6.954 6.963 6.973 6.982 6.991 7.000 7.009 7.017 7.026 7.035 7.044 7.053 7.061 7.070 7.078 7.087 7.095 7.104 7.113 7.121 7.130 7.140 7.149 7.159 7.169 7.179 7.190 7.201 7.212 7.222 7.230 7.236 7.240 7.246 7.252 7.257 7.265 7.276 7.290 7.312 7.343 7.384 7.433 7.471 7.513 7.572 7.631
6.743 6.747 6.751 6.756 6.760 6.764 6.769 6.774 6.779 6.784 6.790 6.796 6.802 6.809 6.816 6.824 6.832 6.841 6.850 6.858 6.867 6.876 6.885 6.895 6.904 6.914 6.923 6.933 6.942 6.952 6.961 6.971 6.980 6.990 6.999 7.008 7.017 7.026 7.035 7.044 7.053 7.062 7.071 7.079 7.087 7.096 7.105 7.113 7.122 7.131 7.140 7.149 7.158 7.168 7.178 7.188 7.199 7.210 7.222 7.232 7.240 7.246 7.249 7.254 7.260 7.264 7.272 7.284 7.300 7.324 7.359 7.404 7.458 7.499 7.541 7.602 7.663
6.750 6.754 6.758 6.762 6.766 6.771 6.775 6.780 6.785 6.790 6.796 6.802 6.808 6.815 6.822 6.830 6.838 6.847 6.856 6.864 6.873 6.882 6.891 6.901 6.910 6.920 6.930 6.939 6.949 6.959 6.969 6.978 6.988 6.997 7.007 7.016 7.025 7.034 7.043 7.053 7.062 7.071 7.079 7.088 7.097 7.105 7.114 7.123 7.131 7.140 7.149 7.158 7.167 7.177 7.187 7.198 7.209 7.220 7.231 7.241 7.250 7.253 7.256 7.262 7.268 7.272 7.280 7.293 7.312 7.339 7.376 7.429 7.488 7.527 7.570 7.633 7.694
6.756 6.760 6.764 6.768 6.773 6.777 6.782 6.786 6.791 6.797 6.802 6.808 6.814 6.821 6.828 6.836 6.844 6.853 6.862 6.870 6.879 6.888 6.897 6.907 6.917 6.926 6.936 6.946 6.956 6.966 6.976 6.986 6.995 7.005 7.014 7.024 7.033 7.043 7.052 7.061 7.071 7.080 7.088 7.097 7.105 7.114 7.123 7.132 7.140 7.149 7.158 7.167 7.176 7.186 7.196 7.207 7.218 7.229 7.240 7.250 7.257 7.260 7.263 7.270 7.276 7.281 7.290 7.305 7.327 7.357 7.401 7.458 7.516 7.556 7.600 7.663 7.724
6.762 6.766 6.771 6.775 6.779 6.783 6.788 6.793 6.798 6.803 6.808 6.814 6.820 6.827 6.834 6.842 6.850 6.859 6.868 6.876 6.885 6.894 6.904 6.913 6.923 6.933 6.943 6.953 6.963 6.973 6.983 6.993 7.003 7.012 7.022 7.032 7.041 7.051 7.060 7.070 7.079 7.088 7.097 7.106 7.114 7.123 7.132 7.140 7.149 7.158 7.167 7.176 7.185 7.194 7.204 7.215 7.226 7.237 7.248 7.257 7.264 7.267 7.271 7.278 7.285 7.291 7.303 7.320 7.345 7.380 7.428 7.486 7.544 7.584 7.628 7.691 7.754
6.769 6.773 6.777 6.781 6.786 6.790 6.795 6.799 6.804 6.809 6.815 6.821 6.827 6.833 6.840 6.848 6.856 6.865 6.873 6.882 6.891 6.900 6.910 6.919 6.929 6.939 6.949 6.959 6.970 6.980 6.990 7.000 7.010 7.020 7.030 7.040 7.049 7.059 7.068 7.078 7.088 7.097 7.105 7.114 7.123 7.132 7.140 7.149 7.158 7.166 7.175 7.184 7.193 7.203 7.213 7.223 7.234 7.245 7.255 7.264 7.270 7.274 7.279 7.287 7.296 7.304 7.318 7.338 7.366 7.405 7.455 7.513 7.572 7.612 7.655 7.720 7.783
6.776 6.780 6.784 6.788 6.792 6.797 6.801 6.806 6.811 6.816 6.822 6.827 6.833 6.840 6.847 6.854 6.863 6.871 6.880 6.888 6.897 6.906 6.916 6.925 6.935 6.945 6.956 6.966 6.976 6.986 6.997 7.007 7.017 7.027 7.037 7.047 7.057 7.067 7.076 7.086 7.096 7.105 7.114 7.122 7.131 7.140 7.149 7.157 7.166 7.175 7.183 7.192 7.201 7.211 7.220 7.231 7.241 7.252 7.261 7.270 7.276 7.282 7.288 7.298 7.309 7.320 7.336 7.360 7.391 7.431 7.481 7.539 7.599 7.639 7.683 7.748 7.811
6.782 6.786 6.791 6.795 6.799 6.804 6.808 6.813 6.818 6.823 6.828 6.834 6.840 6.846 6.853 6.861 6.869 6.877 6.886 6.894 6.903 6.912 6.922 6.932 6.942 6.952 6.962 6.972 6.983 6.993 7.004 7.014 7.024 7.035 7.045 7.055 7.065 7.075 7.084 7.094 7.104 7.113 7.122 7.131 7.139 7.148 7.157 7.166 7.174 7.183 7.192 7.200 7.209 7.218 7.228 7.238 7.248 7.257 7.267 7.275 7.283 7.290 7.298 7.310 7.323 7.337 7.357 7.383 7.415 7.456 7.506 7.565 7.627 7.667 7.710 7.776 7.840
