TsunamiDB/out54034.asc
ncols          264
nrows          230
xllcorner      497853.4375
yllcorner      4229146.0000
cellsize         5.
NODATA_value   -99
[rows 128 to 159 of 230, columns 72 to 143 of 264]
-99.000 -99.000 -99.000 -99.000 -99.000 -99.000 -99.000 -99.000 -99.000 -99.000 -99.000 -99.000 -99.000 -99.000 -99.000 -99.000 -99.000 -99.000 -99.000 -99.000 -99.000 -99.000 -99.000 -99.000 -99.000 -99.000 -99.000 -99.000 -99.000 -99.000 -99.000 -99.000 1.646 1.652 1.707 1.858 2.097 2.394 2.711 3.016 3.287 3.514 3.699 3.848 3.968 4.067 4.153 4.228 4.297 4.361 4.421 4.479 4.532 4.584 4.635 4.683 4.731 4.777 4.823 4.868 4.912 4.956 4.999 5.042 5.085 5.127 5.169 5.211 5.252 5.294 5.335 5.376
-99.000 -99.000 -99.000 -99.000 -99.000 -99.000 -99.000 -99.000 -99.000 -99.000 -99.000 -99.000 -99.000 -99.000 -99.000 -99.000 -99.000 -99.000 -99.000 -99.000 -99.000 -99.000 -99.000 -99.000 -99.000 -99.000 -99.000 -99.000 -99.000 -99.000 -99.000 -99.000 1.647 1.665 1.754 1.943 2.210 2.519 2.834 3.127 3.382 3.592 3.762 3.898 4.009 4.103 4.184 4.256 4.323 4.386 4.445 4.501 4.553 4.604 4.653 4.700 4.747 4.792 4.837 4.881 4.924 4.967 5.010 5.052 5.094 5.136 5.177 5.218 5.259 5.300 5.341 5.382
-99.000 -99.000 -99.000 -99.000 -99.000 -99.000 -99.000 -99.000 -99.000 -99.000 -99.000 -99.000 -99.000 -99.000 -99.000 -99.000 -99.000 -99.000 -99.000 -99.000 -99.000 -99.000 -99.000 -99.000 -99.000 -99.000 -99.000 -99.000 -99.000 -99.000 -99.000 1.646 1.649 1.689 1.818 2.042 2.329 2.645 2.954 3.234 3.471 3.664 3.820 3.945 4.049 4.137 4.214 4.284 4.349 4.410 4.468 4.523 4.574 4.623 4.671 4.718 4.763 4.807 4.851 4.894 4.936 4.978 5.020 5.062 5.103 5.144 5.185 5.225 5.266 5.306 5.346 5.386
-99.000 -99.000 -99.000 -99.000 -99.000 -99.000 -99.000 -99.000 -99.000 -99.000 -99.000 -99.000 -99.000 -99.000 -99.000 -99.000 -99.000 -99.000 -99.000 -99.000 -99.000 -99.000 -99.000 -99.000 -99.000 -99.000 -99.000 -99.000 -99.000 -99.000 -99.000 1.646 1.657 1.728 1.898 2.151 2.454 2.771 3.071 3.334 3.553 3.731 3.873 3.989 4.086 4.169 4.243 4.311 4.375 4.435 4.492 4.546 4.596 4.644 4.691 4.736 4.780 4.823 4.865 4.907 4.949 4.990 5.030 5.071 5.111 5.152 5.192 5.232 5.272 5.311 5.351 5.391
-99.000 -99.000 -99.000 -99.000 -99.000 -99.000 -99.000 -99.000 -99.000 -99.000 -99.000 -99.000 -99.000 -99.000 -99.000 -99.000 -99.000 -99.000 -99.000 -99.000 -99.000 -99.000 -99.000 -99.000 -99.000 -99.000 -99.000 -99.000 -99.000 -99.000 1.646 1.648 1.675 1.785 1.991 2.269 2.582 2.895 3.182 3.428 3.630 3.792 3.923 4.030 4.121 4.201 4.272 4.339 4.401 4.460 4.516 4.568 4.617 4.664 4.710 4.754 4.797 4.839 4.880 4.921 4.961 5.001 5.041 5.080 5.120 5.159 5.199 5.238 5.277 5.317 5.356 5.395
-99.000 -99.000 -99.000 -99.000 -99.000 -99.000 -99.000 -99.000 -99.000 -99.000 -99.000 -99.000 -99.000 -99.000 -99.000 -99.000 -99.000 -99.000 -99.000 -99.000 -99.000 -99.000 -99.000 -99.000 -99.000 -99.000 -99.000 -99.000 -99.000 -99.000 1.646 1.653 1.707 1.858 2.098 2.394 2.711 3.016 3.287 3.515 3.700 3.849 3.970 4.069 4.155 4.231 4.301 4.366 4.427 4.485 4.540 4.592 4.640 4.686 4.731 4.774 4.816 4.856 4.896 4.935 4.974 5.013 5.051 5.090 5.128 5.167 5.206 5.244 5.283 5.321 5.360 5.399
-99.000 -99.000 -99.000 -99.000 -99.000 -99.000 -99.000 -99.000 -99.000 -99.000 -99.000 -99.000 -99.000 -99.000 -99.000 -99.000 -99.000 -99.000 -99.000 -99.000 -99.000 -99.000 -99.000 -99.000 -99.000 -99.000 -99.000 -99.000 -99.000 -99.000 1.647 1.665 1.756 1.947 2.214 2.523 2.838 3.132 3.386 3.596 3.766 3.902 4.013 4.107 4.188 4.262 4.330 4.393 4.454 4.510 4.564 4.615 4.662 4.708 4.752 4.794 4.835 4.874 4.913 4.951 4.988 5.025 5.063 5.100 5.137 5.175 5.212 5.250 5.288 5.326 5.364 5.402
-99.000 -99.000 -99.000 -99.000 -99.000 -99.000 -99.000 -99.000 -99.000 -99.000 -99.000 -99.000 -99.000 -99.000 -99.000 -99.000 -99.000 -99.000 -99.000 -99.000 -99.000 -99.000 -99.000 -99.000 -99.000 -99.000 -99.000 -99.000 -99.000 1.646 1.650 1.691 1.823 2.049 2.338 2.654 2.963 3.242 3.478 3.671 3.826 3.951 4.054 4.142 4.220 4.292 4.358 4.421 4.480 4.536 4.588 4.639 4.685 4.730 4.774 4.815 4.855 4.893 4.931 4.967 5.003 5.039 5.075 5.110 5.146 5.183 5.219 5.256 5.293 5.330 5.368 5.405
-99.000 -99.000 -99.000 -99.000 -99.000 -99.000 -99.000 -99.000 -99.000 -99.000 -99.000 -99.000 -99.000 -99.000 -99.000 -99.000 -99.000 -99.000 -99.000 -99.000 -99.000 -99.000 -99.000 -99.000 -99.000 -99.000 -99.000 -99.000 -99.000 1.646 1.658 1.733 1.907 2.163 2.467 2.784 3.083 3.345 3.563 3.740 3.881 3.996 4.093 4.177 4.252 4.321 4.386 4.448 4.506 4.561 4.613 4.662 4.709 4.753 4.796 4.837 4.876 4.914 4.950 4.985 5.020 5.054 5.088 5.122 5.157 5.191 5.227 5.262 5.298 5.335 5.372 5.409
-99.000 -99.000 -99.000 -99.000 -99.000 -99.000 -99.000 -99.000 -99.000 -99.000 -99.000 -99.000 -99.000 -99.000 -99.000 -99.000 -99.000 -99.000 -99.000 -99.000 -99.000 -99.000 -99.000 -99.000 -99.000 -99.000 -99.000 -99.000 -99.000 1.648 1.678 1.794 2.005 2.286 2.600 2.912 3.198 3.442 3.641 3.802 3.932 4.039 4.130 4.210 4.283 4.351 4.414 4.475 4.532 4.586 4.637 4.686 4.732 4.777 4.819 4.860 4.898 4.935 4.970 5.004 5.038 5.070 5.103 5.135 5.168 5.201 5.235 5.269 5.304 5.340 5.375 5.412
-99.000 -99.000 -99.000 -99.000 -99.000 -99.000 -99.000 -99.000 -99.000 -99.000 -99.000 -99.000 -99.000 -99.000 -99.000 -99.000 -99.000 -99.000 -99.000 -99.000 -99.000 -99.000 -99.000 -99.000 -99.000 -99.000 -99.000 -99.000 1.647 1.654 1.714 1.871 2.116 2.415 2.732 3.036 3.305 3.530 3.713 3.860 3.979 4.079 4.165 4.242 4.313 4.379 4.442 4.501 4.557 4.610 4.661 4.710 4.756 4.800 4.843 4.883 4.921 4.957 4.992 5.025 5.057 5.088 5.119 5.150 5.181 5.212 5.244 5.277 5.311 5.345 5.380 5.415
-99.000 -99.000 -99.000 -99.000 -99.000 -99.000 -99.000 -99.000 -99.000 -99.000 -99.000 -99.000 -99.000 -99.000 -99.000 -99.000 -99.000 -99.000 -99.000 -99.000 -99.000 -99.000 -99.000 -99.000 -99.000 -99.000 -99.000 -99.000 1.647 1.669 1.768 1.965 2.237 2.548 2.862 3.153 3.404 3.611 3.778 3.913 4.023 4.117 4.199 4.274 4.343 4.407 4.468 4.526 4.581 4.634 4.685 4.733 4.779 4.824 4.866 4.906 4.944 4.980 5.014 5.047 5.078 5.108 5.137 5.166 5.195 5.225 5.255 5.286 5.318 5.351 5.384 5.419
-99.000 -99.000 -99.000 -99.000 -99.000 -99.000 -99.000 -99.000 -99.000 -99.000 -99.000 -99.000 -99.000 -99.000 -99.000 -99.000 -99.000 -99.000 -99.000 -99.000 -99.000 -99.000 -99.000 -99.000 -99.000 -99.000 -99.000 1.647 1.651 1.698 1.839 2.072 2.364 2.681 2.988 3.264 3.496 3.685 3.838 3.962 4.065 4.154 4.233 4.304 4.371 4.434 4.493 4.550 4.605 4.658 4.709 4.756 4.802 4.847 4.889 4.930 4.968 5.004 5.038 5.070 5.100 5.129 5.157 5.185 5.212 5.240 5.268 5.297 5.327 5.358 5.390 5.423
-99.000 -99.000 -99.000 -99.000 -99.000 -99.000 -99.000 -99.000 -99.000 -99.000 -99.000 -99.000 -99.000 -99.000 -99.000 -99.000 -99.000 -99.000 -99.000 -99.000 -99.000 -99.000 -99.000 -99.000 -99.000 -99.000 -99.000 1.648 1.662 1.745 1.927 2.189 2.496 2.812 3.109 3.366 3.580 3.753 3.893 4.008 4.105 4.189 4.264 4.333 4.398 4.459 4.518 4.574 4.628 4.681 4.731 4.779 4.825 4.870 4.912 4.953 4.991 5.027 5.061 5.094 5.124 5.152 5.179 5.205 5.231 5.256 5.282 5.309 5.337 5.366 5.396 5.428
-99.000 -99.000 -99.000 -99.000 -99.000 -99.000 -99.000 -99.000 -99.000 -99.000 -99.000 -99.000 -99.000 -99.000 -99.000 -99.000 -99.000 -99.000 -99.000 -99.000 -99.000 -99.000 -99.000 -99.000 -99.000 -99.000 1.647 1.650 1.685 1.809 2.029 2.314 2.629 2.940 3.222 3.462 3.658 3.816 3.945 4.052 4.143 4.223 4.295 4.361 4.424 4.484 4.541 4.597 4.650 4.702 4.753 4.800 4.846 4.892 4.934 4.975 5.014 5.051 5.085 5.118 5.148 5.176 5.202 5.228 5.252 5.275 5.299 5.324 5.349 5.376 5.404 5.434
-99.000 -99.000 -99.000 -99.000 -99.000 -99.000 -99.000 -99.000 -99.000 -99.000 -99.000 -99.000 -99.000 -99.000 -99.000 -99.000 -99.000 -99.000 -99.000 -99.000 -99.000 -99.000 -99.000 -99.000 -99.000 -99.000 1.647 1.657 1.724 1.891 2.142 2.444 2.761 3.063 3.328 3.550 3.730 3.875 3.994 4.094 4.179 4.255 4.323 4.388 4.448 4.507 4.564 4.618 4.672 4.723 4.773 4.821 4.867 4.913 4.956 4.997 5.037 5.074 5.109 5.142 5.172 5.201 5.227 5.252 5.275 5.297 5.319 5.341 5.364 5.389 5.414 5.442
-99.000 -99.000 -99.000 -99.000 -99.000 -99.000 -99.000 -99.000 -99.000 -99.000 -99.000 -99.000 -99.000 -99.000 -99.000 -99.000 -99.000 -99.000 -99.000 -99.000 -99.000 -99.000 -99.000 -99.000 -99.000 -99.000 1.649 1.675 1.782 1.987 2.264 2.577 2.891 3.179 3.427 3.631 3.797 3.931 4.041 4.134 4.214 4.285 4.351 4.413 4.472 4.530 4.585 4.639 4.692 4.743 4.793 4.840 4.887 4.932 4.976 5.018 5.058 5.096 5.132 5.166 5.197 5.226 5.253 5.277 5.300 5.321 5.341 5.361 5.382 5.404 5.427 5.452
-99.000 -99.000 -99.000 -99.000 -99.000 -99.000 -99.000 -99.000 -99.000 -99.000 -99.000 -99.000 -99.000 -99.000 -99.000 -99.000 -99.000 -99.000 -99.000 -99.000 -99.000 -99.000 -99.000 -99.000 -99.000 1.647 1.653 1.707 1.857 2.096 2.393 2.710 3.016 3.289 3.519 3.708 3.860 3.983 4.085 4.171 4.247 4.315 4.378 4.438 4.496 4.551 4.606 4.659 4.711 4.762 4.811 4.859 4.905 4.951 4.995 5.037 5.078 5.117 5.154 5.189 5.221 5.251 5.278 5.303 5.326 5.347 5.366 5.385 5.403 5.422 5.442 5.464
-99.000 -99.000 -99.000 -99.000 -99.000 -99.000 -99.000 -99.000 -99.000 -99.000 -99.000 -99.000 -99.000 -99.000 -99.000 -99.000 -99.000 -99.000 -99.000 -99.000 -99.000 -99.000 -99.000 -99.000 -99.000 1.648 1.666 1.758 1.947 2.215 2.525 2.841 3.136 3.393 3.606 3.779 3.919 4.033 4.127 4.207 4.279 4.344 4.405 4.463 4.519 4.573 4.626 4.678 4.729 4.779 4.828 4.875 4.922 4.968 5.012 5.055 5.097 5.137 5.174 5.210 5.244 5.275 5.303 5.329 5.353 5.374 5.393 5.411 5.427 5.444 5.461 5.480
-99.000 -99.000 -99.000 -99.000 -99.000 -99.000 -99.000 -99.000 -99.000 -99.000 -99.000 -99.000 -99.000 -99.000 -99.000 -99.000 -99.000 -99.000 -99.000 -99.000 -99.000 -99.000 -99.000 -99.000 1.647 1.651 1.692 1.826 2.051 2.341 2.658 2.969 3.250 3.490 3.687 3.846 3.975 4.079 4.167 4.242 4.310 4.373 4.431 4.487 4.541 4.594 4.646 4.696 4.746 4.796 4.844 4.891 4.937 4.983 5.028 5.072 5.114 5.154 5.193 5.230 5.265 5.297 5.327 5.355 5.380 5.402 5.421 5.439 5.454 5.469 5.484 5.500
-99.000 -99.000 -99.000 -99.000 -99.000 -99.000 -99.000 -99.000 -99.000 -99.000 -99.000 -99.000 -99.000 -99.000 -99.000 -99.000 -99.000 -99.000 -99.000 -99.000 -99.000 -99.000 -99.000 -99.000 1.647 1.660 1.735 1.910 2.167 2.473 2.791 3.093 3.359 3.582 3.763 3.909 4.027 4.123 4.205 4.277 4.341 4.401 4.458 4.512 4.564 4.615 4.665 4.715 4.763 4.812 4.859 4.906 4.951 4.997 5.042 5.086 5.129 5.170 5.210 5.248 5.284 5.318 5.350 5.379 5.405 5.429 5.450 5.468 5.484 5.498 5.510 5.523
-99.000 -99.000 -99.000 -99.000 -99.000 -99.000 -99.000 -99.000 -99.000 -99.000 -99.000 -99.000 -99.000 -99.000 -99.000 -99.000 -99.000 -99.000 -99.000 -99.000 -99.000 -99.000 -99.000 1.647 1.649 1.680 1.796 2.009 2.291 2.606 2.922 3.211 3.461 3.668 3.834 3.968 4.075 4.165 4.242 4.310 4.372 4.430 4.484 4.537 4.587 4.637 4.685 4.733 4.780 4.827 4.874 4.919 4.965 5.010 5.055 5.099 5.142 5.184 5.224 5.264 5.301 5.337 5.370 5.401 5.430 5.455 5.478 5.497 5.514 5.528 5.540 5.551
-99.000 -99.000 -99.000 -99.000 -99.000 -99.000 -99.000 -99.000 -99.000 -99.000 -99.000 -99.000 -99.000 -99.000 -99.000 -99.000 -99.000 -99.000 -99.000 -99.000 -99.000 -99.000 -99.000 1.647 1.655 1.716 1.874 2.121 2.421 2.741 3.049 3.325 3.558 3.748 3.900 4.022 4.122 4.206 4.279 4.344 4.403 4.459 4.511 4.562 4.611 4.659 4.706 4.752 4.798 4.843 4.889 4.933 4.977 5.022 5.066 5.110 5.153 5.196 5.237 5.277 5.316 5.353 5.388 5.421 5.452 5.480 5.504 5.526 5.544 5.559 5.571 5.581
-99.000 -99.000 -99.000 -99.000 -99.000 -99.000 -99.000 -99.000 -99.000 -99.000 -99.000 -99.000 -99.000 -99.000 -99.000 -99.000 -99.000 -99.000 -99.000 -99.000 -99.000 -99.000 -99.000 1.648 1.670 1.769 1.968 2.242 2.554 2.874 3.172 3.432 3.648 3.822 3.962 4.074 4.167 4.246 4.315 4.377 4.434 4.488 4.539 4.588 4.635 4.681 4.727 4.771 4.815 4.859 4.903 4.946 4.989 5.033 5.077 5.120 5.163 5.206 5.247 5.288 5.328 5.366 5.403 5.438 5.471 5.501 5.529 5.553 5.573 5.590 5.603 5.613
-99.000 -99.000 -99.000 -99.000 -99.000 -99.000 -99.000 -99.000 -99.000 -99.000 -99.000 -99.000 -99.000 -99.000 -99.000 -99.000 -99.000 -99.000 -99.000 -99.000 -99.000 -99.000 1.647 1.652 1.699 1.841 2.075 2.370 2.690 3.004 3.289 3.533 3.732 3.892 4.019 4.123 4.210 4.284 4.350 4.410 4.465 4.517 4.567 4.614 4.660 4.705 4.749 4.792 4.834 4.876 4.919 4.960 5.002 5.044 5.087 5.129 5.172 5.214 5.256 5.297 5.338 5.377 5.416 5.452 5.487 5.520 5.550 5.576 5.600 5.619 5.634 5.645
-99.000 -99.000 -99.000 -99.000 -99.000 -99.000 -99.000 -99.000 -99.000 -99.000 -99.000 -99.000 -99.000 -99.000 -99.000 -99.000 -99.000 -99.000 -99.000 -99.000 -99.000 -99.000 1.648 1.662 1.745 1.928 2.192 2.503 2.824 3.130 3.400 3.627 3.810 3.956 4.073 4.170 4.251 4.322 4.385 4.443 4.497 4.547 4.596 4.642 4.686 4.730 4.772 4.813 4.854 4.894 4.935 4.975 5.015 5.056 5.097 5.138 5.180 5.222 5.264 5.305 5.346 5.386 5.426 5.464 5.500 5.535 5.567 5.597 5.623 5.645 5.663 5.677
-99.000 -99.000 -99.000 -99.000 -99.000 -99.000 -99.000 -99.000 -99.000 -99.000 -99.000 -99.000 -99.000 -99.000 -99.000 -99.000 -99.000 -99.000 -99.000 -99.000 -99.000 1.647 1.650 1.685 1.809 2.029 2.317 2.638 2.957 3.251 3.505 3.713 3.881 4.016 4.124 4.215 4.292 4.359 4.420 4.476 4.529 4.578 4.625 4.670 4.713 4.755 4.796 4.836 4.875 4.914 4.953 4.991 5.029 5.068 5.108 5.148 5.188 5.229 5.270 5.311 5.352 5.393 5.433 5.472 5.510 5.547 5.581 5.613 5.642 5.667 5.689 5.705
-99.000 -99.000 -99.000 -99.000 -99.000 -99.000 -99.000 -99.000 -99.000 -99.000 -99.000 -99.000 -99.000 -99.000 -99.000 -99.000 -99.000 -99.000 -99.000 -99.000 -99.000 1.647 1.657 1.724 1.890 2.143 2.449 2.773 3.085 3.365 3.601 3.793 3.947 4.071 4.172 4.257 4.331 4.396 4.455 4.510 4.561 4.609 4.655 4.699 4.741 4.782 4.821 4.860 4.898 4.935 4.972 5.008 5.045 5.082 5.120 5.158 5.197 5.237 5.277 5.317 5.358 5.399 5.439 5.479 5.518 5.556 5.592 5.626 5.658 5.686 5.710 5.730
-99.000 -99.000 -99.000 -99.000 -99.000 -99.000 -99.000 -99.000 -99.000 -99.000 -99.000 -99.000 -99.000 -99.000 -99.000 -99.000 -99.000 -99.000 -99.000 -99.000 -99.000 1.648 1.674 1.780 1.986 2.265 2.583 2.906 3.207 3.471 3.689 3.866 4.008 4.123 4.218 4.298 4.369 4.432 4.490 4.543 4.593 4.640 4.685 4.728 4.770 4.810 4.848 4.886 4.922 4.958 4.993 5.027 5.062 5.097 5.133 5.170 5.207 5.245 5.284 5.323 5.363 5.404 5.444 5.484 5.524 5.563 5.600 5.636 5.670 5.700 5.727 5.750
-99.000 -99.000 -99.000 -99.000 -99.000 -99.000 -99.000 -99.000 -99.000 -99.000 -99.000 -99.000 -99.000 -99.000 -99.000 -99.000 -99.000 -99.000 -99.000 -99.000 1.647 1.653 1.706 1.854 2.094 2.394 2.718 3.035 3.323 3.568 3.770 3.932 4.063 4.171 4.261 4.338 4.406 4.467 4.524 4.576 4.625 4.672 4.716 4.758 4.799 4.838 4.876 4.912 4.948 4.983 5.016 5.048 5.082 5.115 5.149 5.183 5.219 5.255 5.292 5.330 5.369 5.408 5.448 5.488 5.528 5.567 5.606 5.643 5.678 5.711 5.741 5.767
-99.000 -99.000 -99.000 -99.000 -99.000 -99.000 -99.000 -99.000 -99.000 -99.000 -99.000 -99.000 -99.000 -99.000 -99.000 -99.000 -99.000 -99.000 -99.000 -99.000 1.648 1.665 1.754 1.944 2.213 2.527 2.852 3.158 3.429 3.657 3.843 3.993 4.115 4.215 4.301 4.375 4.442 4.502 4.557 4.609 4.657 4.703 4.747 4.789 4.829 4.867 4.905 4.940 4.975 5.008 5.040 5.071 5.103 5.135 5.167 5.199 5.232 5.266 5.301 5.338 5.375 5.413 5.452 5.492 5.531 5.571 5.610 5.648 5.684 5.719 5.751 5.779
-99.000 -99.000 -99.000 -99.000 -99.000 -99.000 -99.000 -99.000 -99.000 -99.000 -99.000 -99.000 -99.000 -99.000 -99.000 -99.000 -99.000 -99.000 -99.000 1.647 1.650 1.690 1.821 2.047 2.339 2.661 2.981 3.274 3.528 3.738 3.909 4.048 4.161 4.257 4.339 4.411 4.476 4.535 4.590 4.641 4.689 4.735 4.778 4.820 4.859 4.897 4.934 4.969 5.003 5.036 5.067 5.097 5.127 5.157 5.187 5.217 5.248 5.280 5.313 5.347 5.382 5.419 5.457 5.495 5.534 5.574 5.613 5.651 5.689 5.725 5.758 5.789
