TsunamiDB/out54070.asc
ncols          264
nrows          230
xllcorner      497853.4375
yllcorner      4229146.0000
cellsize         5.
NODATA_value   -99
[rows 102 to 135 of 230, columns 0 to 74 of 264]
-99.000 -99.000 -99.000 -99.000 -99.000 -99.000 -99.000 -99.000 -99.000 -99.000 -99.000 -99.000 -99.000 -99.000 -99.000 -99.000 -99.000 -99.000 -99.000 -99.000 -99.000 -99.000 -99.000 -99.000 -99.000 -99.000 -99.000 -99.000 -99.000 -99.000 -99.000 -99.000 -99.000 -99.000 -99.000 -99.000 -99.000 -99.000 -99.000 -99.000 -99.000 1.649 1.662 1.738 1.911 2.161 2.452 2.745 3.011 3.234 3.414 3.557 3.672 3.767 3.848 3.920 3.985 4.043 4.099 4.152 4.202 4.249 4.294 4.338 4.380 4.420 4.458 4.496 4.532 4.568 4.602 4.636 4.669 4.702 4.734
-99.000 -99.000 -99.000 -99.000 -99.000 -99.000 -99.000 -99.000 -99.000 -99.000 -99.000 -99.000 -99.000 -99.000 -99.000 -99.000 -99.000 -99.000 -99.000 -99.000 -99.000 -99.000 -99.000 -99.000 -99.000 -99.000 -99.000 -99.000 -99.000 -99.000 -99.000 -99.000 -99.000 -99.000 -99.000 -99.000 -99.000 -99.000 -99.000 -99.000 1.649 1.652 1.685 1.806 2.019 2.293 2.589 2.873 3.120 3.324 3.486 3.615 3.720 3.809 3.885 3.954 4.016 4.073 4.128 4.179 4.228 4.275 4.320 4.362 4.404 4.443 4.481 4.518 4.554 4.589 4.623 4.656 4.689 4.721 4.753
-99.000 -99.000 -99.000 -99.000 -99.000 -99.000 -99.000 -99.000 -99.000 -99.000 -99.000 -99.000 -99.000 -99.000 -99.000 -99.000 -99.000 -99.000 -99.000 -99.000 -99.000 -99.000 -99.000 -99.000 -99.000 -99.000 -99.000 -99.000 -99.000 -99.000 -99.000 -99.000 -99.000 -99.000 -99.000 -99.000 -99.000 -99.000 -99.000 -99.000 1.649 1.660 1.728 1.894 2.140 2.430 2.724 2.993 3.221 3.405 3.551 3.668 3.765 3.848 3.921 3.987 4.046 4.102 4.156 4.206 4.255 4.301 4.345 4.387 4.427 4.466 4.504 4.541 4.576 4.610 4.644 4.677 4.709 4.740 4.771
-99.000 -99.000 -99.000 -99.000 -99.000 -99.000 -99.000 -99.000 -99.000 -99.000 -99.000 -99.000 -99.000 -99.000 -99.000 -99.000 -99.000 -99.000 -99.000 -99.000 -99.000 -99.000 -99.000 -99.000 -99.000 -99.000 -99.000 -99.000 -99.000 -99.000 -99.000 -99.000 -99.000 -99.000 -99.000 -99.000 -99.000 -99.000 -99.000 1.649 1.651 1.680 1.793 2.000 2.271 2.568 2.853 3.105 3.312 3.478 3.610 3.717 3.807 3.885 3.955 4.018 4.076 4.131 4.184 4.233 4.281 4.326 4.369 4.411 4.451 4.489 4.527 4.563 4.598 4.631 4.665 4.697 4.728 4.759 4.790
-99.000 -99.000 -99.000 -99.000 -99.000 -99.000 -99.000 -99.000 -99.000 -99.000 -99.000 -99.000 -99.000 -99.000 -99.000 -99.000 -99.000 -99.000 -99.000 -99.000 -99.000 -99.000 -99.000 -99.000 -99.000 -99.000 -99.000 -99.000 -99.000 -99.000 -99.000 -99.000 -99.000 -99.000 -99.000 -99.000 -99.000 -99.000 -99.000 1.649 1.658 1.720 1.879 2.120 2.408 2.704 2.976 3.207 3.395 3.544 3.664 3.762 3.846 3.920 3.987 4.049 4.106 4.159 4.211 4.260 4.306 4.351 4.394 4.435 4.474 4.512 4.549 4.585 4.619 4.652 4.685 4.717 4.748 4.778 4.808
-99.000 -99.000 -99.000 -99.000 -99.000 -99.000 -99.000 -99.000 -99.000 -99.000 -99.000 -99.000 -99.000 -99.000 -99.000 -99.000 -99.000 -99.000 -99.000 -99.000 -99.000 -99.000 -99.000 -99.000 -99.000 -99.000 -99.000 -99.000 -99.000 -99.000 -99.000 -99.000 -99.000 -99.000 -99.000 -99.000 -99.000 -99.000 -99.000 1.650 1.676 1.782 1.983 2.251 2.547 2.835 3.089 3.300 3.469 3.604 3.713 3.805 3.884 3.955 4.019 4.079 4.134 4.187 4.237 4.286 4.331 4.375 4.418 4.458 4.497 4.535 4.571 4.606 4.640 4.673 4.706 4.737 4.767 4.797 4.827
-99.000 -99.000 -99.000 -99.000 -99.000 -99.000 -99.000 -99.000 -99.000 -99.000 -99.000 -99.000 -99.000 -99.000 -99.000 -99.000 -99.000 -99.000 -99.000 -99.000 -99.000 -99.000 -99.000 -99.000 -99.000 -99.000 -99.000 -99.000 -99.000 -99.000 -99.000 -99.000 -99.000 -99.000 -99.000 -99.000 -99.000 -99.000 1.649 1.656 1.713 1.864 2.101 2.387 2.684 2.959 3.194 3.385 3.537 3.659 3.759 3.845 3.920 3.988 4.050 4.109 4.163 4.214 4.264 4.311 4.356 4.400 4.442 4.482 4.520 4.558 4.593 4.628 4.662 4.694 4.726 4.757 4.787 4.816 4.845
-99.000 -99.000 -99.000 -99.000 -99.000 -99.000 -99.000 -99.000 -99.000 -99.000 -99.000 -99.000 -99.000 -99.000 -99.000 -99.000 -99.000 -99.000 -99.000 -99.000 -99.000 -99.000 -99.000 -99.000 -99.000 -99.000 -99.000 -99.000 -99.000 -99.000 -99.000 -99.000 -99.000 -99.000 -99.000 -99.000 -99.000 -99.000 1.650 1.672 1.771 1.966 2.231 2.526 2.816 3.074 3.289 3.461 3.598 3.709 3.802 3.882 3.954 4.020 4.080 4.137 4.190 4.241 4.290 4.336 4.381 4.424 4.465 4.505 4.543 4.580 4.616 4.650 4.683 4.715 4.747 4.777 4.807 4.836 4.864
-99.000 -99.000 -99.000 -99.000 -99.000 -99.000 -99.000 -99.000 -99.000 -99.000 -99.000 -99.000 -99.000 -99.000 -99.000 -99.000 -99.000 -99.000 -99.000 -99.000 -99.000 -99.000 -99.000 -99.000 -99.000 -99.000 -99.000 -99.000 -99.000 -99.000 -99.000 -99.000 -99.000 -99.000 -99.000 -99.000 -99.000 1.649 1.655 1.706 1.851 2.083 2.367 2.664 2.942 3.180 3.374 3.529 3.654 3.756 3.842 3.918 3.987 4.051 4.110 4.166 4.217 4.267 4.315 4.361 4.406 4.448 4.489 4.528 4.566 4.602 4.638 4.672 4.704 4.736 4.767 4.797 4.826 4.855 4.883
-99.000 -99.000 -99.000 -99.000 -99.000 -99.000 -99.000 -99.000 -99.000 -99.000 -99.000 -99.000 -99.000 -99.000 -99.000 -99.000 -99.000 -99.000 -99.000 -99.000 -99.000 -99.000 -99.000 -99.000 -99.000 -99.000 -99.000 -99.000 -99.000 -99.000 -99.000 -99.000 -99.000 -99.000 -99.000 -99.000 -99.000 1.650 1.669 1.761 1.950 2.211 2.506 2.798 3.059 3.277 3.452 3.591 3.705 3.799 3.880 3.953 4.019 4.080 4.138 4.193 4.244 4.293 4.340 4.386 4.430 4.472 4.512 4.551 4.588 4.624 4.659 4.693 4.726 4.757 4.788 4.818 4.846 4.875 4.902
-99.000 -99.000 -99.000 -99.000 -99.000 -99.000 -99.000 -99.000 -99.000 -99.000 -99.000 -99.000 -99.000 -99.000 -99.000 -99.000 -99.000 -99.000 -99.000 -99.000 -99.000 -99.000 -99.000 -99.000 -99.000 -99.000 -99.000 -99.000 -99.000 -99.000 -99.000 -99.000 -99.000 -99.000 -99.000 -99.000 1.649 1.654 1.700 1.838 2.065 2.347 2.645 2.924 3.166 3.364 3.521 3.648 3.751 3.839 3.916 3.986 4.050 4.110 4.166 4.220 4.270 4.318 4.365 4.410 4.453 4.495 4.535 4.573 4.611 4.646 4.681 4.715 4.747 4.778 4.809 4.838 4.867 4.894 4.921
-99.000 -99.000 -99.000 -99.000 -99.000 -99.000 -99.000 -99.000 -99.000 -99.000 -99.000 -99.000 -99.000 -99.000 -99.000 -99.000 -99.000 -99.000 -99.000 -99.000 -99.000 -99.000 -99.000 -99.000 -99.000 -99.000 -99.000 -99.000 -99.000 -99.000 -99.000 -99.000 -99.000 -99.000 -99.000 -99.000 1.650 1.666 1.752 1.935 2.192 2.486 2.779 3.043 3.264 3.442 3.584 3.699 3.795 3.877 3.950 4.017 4.079 4.138 4.193 4.246 4.295 4.343 4.389 4.433 4.476 4.517 4.557 4.595 4.632 4.668 4.703 4.736 4.768 4.799 4.829 4.859 4.887 4.914 4.941
-99.000 -99.000 -99.000 -99.000 -99.000 -99.000 -99.000 -99.000 -99.000 -99.000 -99.000 -99.000 -99.000 -99.000 -99.000 -99.000 -99.000 -99.000 -99.000 -99.000 -99.000 -99.000 -99.000 -99.000 -99.000 -99.000 -99.000 -99.000 -99.000 -99.000 -99.000 -99.000 -99.000 -99.000 -99.000 1.649 1.653 1.694 1.826 2.048 2.327 2.625 2.907 3.152 3.352 3.513 3.641 3.746 3.835 3.913 3.983 4.048 4.108 4.165 4.219 4.271 4.320 4.367 4.412 4.456 4.499 4.540 4.579 4.617 4.654 4.689 4.724 4.757 4.789 4.820 4.850 4.879 4.907 4.934 4.961
-99.000 -99.000 -99.000 -99.000 -99.000 -99.000 -99.000 -99.000 -99.000 -99.000 -99.000 -99.000 -99.000 -99.000 -99.000 -99.000 -99.000 -99.000 -99.000 -99.000 -99.000 -99.000 -99.000 -99.000 -99.000 -99.000 -99.000 -99.000 -99.000 -99.000 -99.000 -99.000 -99.000 -99.000 -99.000 1.649 1.663 1.743 1.920 2.173 2.466 2.760 3.026 3.251 3.432 3.576 3.692 3.789 3.873 3.947 4.014 4.077 4.136 4.192 4.245 4.296 4.344 4.390 4.435 4.479 4.521 4.561 4.601 4.638 4.675 4.710 4.745 4.778 4.810 4.841 4.870 4.899 4.927 4.954 4.981
-99.000 -99.000 -99.000 -99.000 -99.000 -99.000 -99.000 -99.000 -99.000 -99.000 -99.000 -99.000 -99.000 -99.000 -99.000 -99.000 -99.000 -99.000 -99.000 -99.000 -99.000 -99.000 -99.000 -99.000 -99.000 -99.000 -99.000 -99.000 -99.000 -99.000 -99.000 -99.000 -99.000 -99.000 1.649 1.652 1.688 1.813 2.030 2.307 2.605 2.889 3.136 3.340 3.503 3.633 3.739 3.829 3.908 3.979 4.044 4.105 4.162 4.217 4.269 4.320 4.367 4.413 4.457 4.501 4.542 4.582 4.621 4.659 4.696 4.731 4.765 4.798 4.830 4.861 4.891 4.919 4.947 4.974 5.001
-99.000 -99.000 -99.000 -99.000 -99.000 -99.000 -99.000 -99.000 -99.000 -99.000 -99.000 -99.000 -99.000 -99.000 -99.000 -99.000 -99.000 -99.000 -99.000 -99.000 -99.000 -99.000 -99.000 -99.000 -99.000 -99.000 -99.000 -99.000 -99.000 -99.000 -99.000 -99.000 -99.000 -99.000 1.649 1.661 1.734 1.904 2.154 2.445 2.740 3.009 3.236 3.420 3.567 3.685 3.783 3.867 3.941 4.009 4.073 4.132 4.188 4.242 4.293 4.343 4.389 4.435 4.479 4.522 4.563 4.603 4.642 4.679 4.715 4.751 4.785 4.818 4.850 4.880 4.910 4.939 4.967 4.994 5.021
-99.000 -99.000 -99.000 -99.000 -99.000 -99.000 -99.000 -99.000 -99.000 -99.000 -99.000 -99.000 -99.000 -99.000 -99.000 -99.000 -99.000 -99.000 -99.000 -99.000 -99.000 -99.000 -99.000 -99.000 -99.000 -99.000 -99.000 -99.000 -99.000 -99.000 -99.000 -99.000 -99.000 1.649 1.651 1.683 1.801 2.012 2.286 2.584 2.869 3.120 3.327 3.492 3.624 3.732 3.823 3.902 3.973 4.039 4.100 4.158 4.213 4.266 4.317 4.365 4.411 4.456 4.500 4.542 4.583 4.623 4.661 4.699 4.735 4.770 4.804 4.837 4.869 4.900 4.930 4.959 4.987 5.014 5.040
-99.000 -99.000 -99.000 -99.000 -99.000 -99.000 -99.000 -99.000 -99.000 -99.000 -99.000 -99.000 -99.000 -99.000 -99.000 -99.000 -99.000 -99.000 -99.000 -99.000 -99.000 -99.000 -99.000 -99.000 -99.000 -99.000 -99.000 -99.000 -99.000 -99.000 -99.000 -99.000 -99.000 1.649 1.659 1.725 1.888 2.133 2.423 2.719 2.990 3.221 3.408 3.557 3.676 3.775 3.860 3.935 4.004 4.067 4.127 4.184 4.238 4.290 4.339 4.386 4.432 4.477 4.520 4.562 4.602 4.642 4.680 4.717 4.753 4.788 4.822 4.855 4.887 4.918 4.948 4.977 5.006 5.033 5.059
-99.000 -99.000 -99.000 -99.000 -99.000 -99.000 -99.000 -99.000 -99.000 -99.000 -99.000 -99.000 -99.000 -99.000 -99.000 -99.000 -99.000 -99.000 -99.000 -99.000 -99.000 -99.000 -99.000 -99.000 -99.000 -99.000 -99.000 -99.000 -99.000 -99.000 -99.000 -99.000 -99.000 1.651 1.678 1.788 1.993 2.264 2.561 2.849 3.102 3.312 3.480 3.614 3.724 3.815 3.895 3.967 4.033 4.094 4.153 4.208 4.261 4.312 4.361 4.407 4.452 4.497 4.539 4.581 4.621 4.660 4.698 4.735 4.771 4.806 4.840 4.873 4.905 4.936 4.966 4.995 5.024 5.051 5.078
-99.000 -99.000 -99.000 -99.000 -99.000 -99.000 -99.000 -99.000 -99.000 -99.000 -99.000 -99.000 -99.000 -99.000 -99.000 -99.000 -99.000 -99.000 -99.000 -99.000 -99.000 -99.000 -99.000 -99.000 -99.000 -99.000 -99.000 -99.000 -99.000 -99.000 -99.000 -99.000 1.649 1.657 1.716 1.872 2.112 2.400 2.696 2.970 3.204 3.394 3.545 3.667 3.767 3.853 3.928 3.997 4.061 4.121 4.178 4.232 4.284 4.334 4.382 4.428 4.472 4.516 4.558 4.599 4.639 4.678 4.716 4.753 4.788 4.823 4.857 4.890 4.922 4.953 4.983 5.013 5.041 5.069 5.096
-99.000 -99.000 -99.000 -99.000 -99.000 -99.000 -99.000 -99.000 -99.000 -99.000 -99.000 -99.000 -99.000 -99.000 -99.000 -99.000 -99.000 -99.000 -99.000 -99.000 -99.000 -99.000 -99.000 -99.000 -99.000 -99.000 -99.000 -99.000 -99.000 -99.000 -99.000 -99.000 1.650 1.674 1.776 1.974 2.241 2.537 2.826 3.083 3.297 3.468 3.604 3.715 3.807 3.888 3.960 4.026 4.088 4.146 4.202 4.255 4.306 4.355 4.403 4.448 4.491 4.535 4.576 4.617 4.657 4.695 4.733 4.769 4.805 4.840 4.873 4.906 4.938 4.970 5.000 5.029 5.058 5.086 5.113
-99.000 -99.000 -99.000 -99.000 -99.000 -99.000 -99.000 -99.000 -99.000 -99.000 -99.000 -99.000 -99.000 -99.000 -99.000 -99.000 -99.000 -99.000 -99.000 -99.000 -99.000 -99.000 -99.000 -99.000 -99.000 -99.000 -99.000 -99.000 -99.000 -99.000 -99.000 1.650 1.655 1.708 1.856 2.090 2.375 2.672 2.949 3.186 3.380 3.534 3.657 3.759 3.845 3.921 3.990 4.054 4.114 4.171 4.225 4.277 4.328 4.376 4.423 4.467 4.510 4.553 4.594 4.635 4.674 4.712 4.749 4.785 4.821 4.855 4.889 4.922 4.954 4.985 5.016 5.045 5.074 5.102 5.129
-99.000 -99.000 -99.000 -99.000 -99.000 -99.000 -99.000 -99.000 -99.000 -99.000 -99.000 -99.000 -99.000 -99.000 -99.000 -99.000 -99.000 -99.000 -99.000 -99.000 -99.000 -99.000 -99.000 -99.000 -99.000 -99.000 -99.000 -99.000 -99.000 -99.000 -99.000 1.651 1.669 1.763 1.954 2.216 2.511 2.802 3.063 3.280 3.454 3.593 3.706 3.799 3.881 3.953 4.019 4.081 4.140 4.195 4.248 4.299 4.349 4.396 4.442 4.486 4.529 4.571 4.612 4.651 4.690 4.728 4.765 4.801 4.836 4.871 4.904 4.937 4.969 5.000 5.030 5.060 5.089 5.117 5.145
-99.000 -99.000 -99.000 -99.000 -99.000 -99.000 -99.000 -99.000 -99.000 -99.000 -99.000 -99.000 -99.000 -99.000 -99.000 -99.000 -99.000 -99.000 -99.000 -99.000 -99.000 -99.000 -99.000 -99.000 -99.000 -99.000 -99.000 -99.000 -99.000 -99.000 1.650 1.655 1.700 1.839 2.066 2.348 2.646 2.926 3.167 3.364 3.521 3.647 3.750 3.838 3.914 3.984 4.048 4.108 4.165 4.219 4.271 4.321 4.369 4.416 4.462 4.505 4.547 4.588 4.629 4.668 4.706 4.744 4.780 4.816 4.851 4.885 4.919 4.951 4.983 5.014 5.045 5.074 5.103 5.132 5.159
-99.000 -99.000 -99.000 -99.000 -99.000 -99.000 -99.000 -99.000 -99.000 -99.000 -99.000 -99.000 -99.000 -99.000 -99.000 -99.000 -99.000 -99.000 -99.000 -99.000 -99.000 -99.000 -99.000 -99.000 -99.000 -99.000 -99.000 -99.000 -99.000 -99.000 1.651 1.666 1.750 1.933 2.190 2.484 2.777 3.041 3.262 3.440 3.582 3.696 3.791 3.874 3.946 4.013 4.075 4.133 4.189 4.242 4.293 4.342 4.390 4.436 4.481 4.523 4.564 4.605 4.645 4.684 4.722 4.759 4.795 4.831 4.865 4.899 4.932 4.965 4.997 5.028 5.058 5.088 5.117 5.145 5.173
-99.000 -99.000 -99.000 -99.000 -99.000 -99.000 -99.000 -99.000 -99.000 -99.000 -99.000 -99.000 -99.000 -99.000 -99.000 -99.000 -99.000 -99.000 -99.000 -99.000 -99.000 -99.000 -99.000 -99.000 -99.000 -99.000 -99.000 -99.000 -99.000 1.650 1.653 1.693 1.821 2.042 2.321 2.618 2.901 3.146 3.348 3.508 3.637 3.742 3.830 3.908 3.977 4.042 4.102 4.159 4.213 4.265 4.315 4.363 4.410 4.455 4.499 4.541 4.582 4.622 4.662 4.700 4.738 4.774 4.810 4.845 4.879 4.913 4.946 4.978 5.010 5.041 5.071 5.100 5.129 5.158 5.186
-99.000 -99.000 -99.000 -99.000 -99.000 -99.000 -99.000 -99.000 -99.000 -99.000 -99.000 -99.000 -99.000 -99.000 -99.000 -99.000 -99.000 -99.000 -99.000 -99.000 -99.000 -99.000 -99.000 -99.000 -99.000 -99.000 -99.000 -99.000 -99.000 1.650 1.663 1.739 1.911 2.163 2.455 2.749 3.017 3.243 3.425 3.570 3.687 3.784 3.867 3.940 4.007 4.070 4.128 4.184 4.237 4.288 4.337 4.384 4.430 4.475 4.518 4.559 4.599 4.639 4.678 4.716 4.753 4.789 4.825 4.859 4.893 4.927 4.959 4.991 5.022 5.053 5.083 5.113 5.142 5.170 5.198
-99.000 -99.000 -99.000 -99.000 -99.000 -99.000 -99.000 -99.000 -99.000 -99.000 -99.000 -99.000 -99.000 -99.000 -99.000 -99.000 -99.000 -99.000 -99.000 -99.000 -99.000 -99.000 -99.000 -99.000 -99.000 -99.000 -99.000 -99.000 1.650 1.652 1.686 1.805 2.017 2.292 2.589 2.875 3.124 3.330 3.495 3.626 3.733 3.823 3.901 3.972 4.037 4.097 4.154 4.208 4.260 4.310 4.358 4.405 4.450 4.494 4.536 4.577 4.616 4.656 4.694 4.731 4.768 4.804 4.839 4.873 4.907 4.940 4.972 5.004 5.035 5.065 5.095 5.124 5.153 5.181 5.209
-99.000 -99.000 -99.000 -99.000 -99.000 -99.000 -99.000 -99.000 -99.000 -99.000 -99.000 -99.000 -99.000 -99.000 -99.000 -99.000 -99.000 -99.000 -99.000 -99.000 -99.000 -99.000 -99.000 -99.000 -99.000 -99.000 -99.000 -99.000 1.650 1.660 1.727 1.891 2.135 2.425 2.721 2.992 3.222 3.409 3.558 3.677 3.776 3.860 3.935 4.002 4.065 4.124 4.179 4.232 4.283 4.332 4.380 4.425 4.470 4.513 4.555 4.595 4.633 4.672 4.710 4.747 4.783 4.819 4.853 4.887 4.920 4.953 4.985 5.016 5.047 5.077 5.107 5.136 5.164 5.192 5.220
-99.000 -99.000 -99.000 -99.000 -99.000 -99.000 -99.000 -99.000 -99.000 -99.000 -99.000 -99.000 -99.000 -99.000 -99.000 -99.000 -99.000 -99.000 -99.000 -99.000 -99.000 -99.000 -99.000 -99.000 -99.000 -99.000 -99.000 -99.000 1.652 1.679 1.789 1.993 2.262 2.559 2.847 3.101 3.312 3.480 3.615 3.724 3.816 3.895 3.967 4.032 4.093 4.150 4.204 4.256 4.306 4.354 4.401 4.446 4.489 4.532 4.573 4.612 4.651 4.689 4.726 4.763 4.798 4.833 4.867 4.901 4.934 4.966 4.997 5.028 5.059 5.089 5.118 5.147 5.175 5.203 5.231
-99.000 -99.000 -99.000 -99.000 -99.000 -99.000 -99.000 -99.000 -99.000 -99.000 -99.000 -99.000 -99.000 -99.000 -99.000 -99.000 -99.000 -99.000 -99.000 -99.000 -99.000 -99.000 -99.000 -99.000 -99.000 -99.000 -99.000 1.650 1.657 1.716 1.870 2.108 2.394 2.691 2.966 3.201 3.392 3.544 3.667 3.767 3.853 3.929 3.997 4.061 4.120 4.176 4.229 4.280 4.329 4.376 4.422 4.466 4.509 4.551 4.591 4.630 4.668 4.706 4.742 4.778 4.814 4.848 4.882 4.915 4.947 4.979 5.010 5.041 5.071 5.100 5.129 5.158 5.186 5.213 5.241
-99.000 -99.000 -99.000 -99.000 -99.000 -99.000 -99.000 -99.000 -99.000 -99.000 -99.000 -99.000 -99.000 -99.000 -99.000 -99.000 -99.000 -99.000 -99.000 -99.000 -99.000 -99.000 -99.000 -99.000 -99.000 -99.000 -99.000 1.651 1.673 1.772 1.968 2.233 2.528 2.818 3.077 3.292 3.465 3.603 3.715 3.808 3.889 3.961 4.027 4.088 4.146 4.201 4.253 4.303 4.352 4.398 4.443 4.486 4.529 4.570 4.610 4.648 4.685 4.722 4.759 4.794 4.829 4.863 4.896 4.929 4.961 4.992 5.023 5.053 5.083 5.112 5.140 5.169 5.196 5.224 5.251
-99.000 -99.000 -99.000 -99.000 -99.000 -99.000 -99.000 -99.000 -99.000 -99.000 -99.000 -99.000 -99.000 -99.000 -99.000 -99.000 -99.000 -99.000 -99.000 -99.000 -99.000 -99.000 -99.000 -99.000 -99.000 -99.000 1.650 1.655 1.705 1.849 2.080 2.364 2.660 2.938 3.178 3.374 3.530 3.656 3.759 3.846 3.923 3.992 4.056 4.116 4.172 4.226 4.277 4.326 4.374 4.420 4.464 4.507 4.548 4.589 4.628 4.665 4.702 4.739 4.775 4.810 4.844 4.878 4.911 4.943 4.974 5.005 5.036 5.065 5.095 5.123 5.152 5.179 5.207 5.234 5.260
-99.000 -99.000 -99.000 -99.000 -99.000 -99.000 -99.000 -99.000 -99.000 -99.000 -99.000 -99.000 -99.000 -99.000 -99.000 -99.000 -99.000 -99.000 -99.000 -99.000 -99.000 -99.000 -99.000 -99.000 -99.000 -99.000 1.651 1.668 1.757 1.943 2.202 2.497 2.788 3.051 3.271 3.448 3.590 3.704 3.800 3.882 3.955 4.022 4.084 4.142 4.198 4.250 4.301 4.349 4.396 4.441 4.484 4.527 4.568 4.607 4.646 4.683 4.720 4.756 4.791 4.826 4.860 4.893 4.925 4.957 4.988 5.019 5.049 5.078 5.107 5.135 5.163 5.190 5.217 5.244 5.270
