TsunamiDB/out54192.asc
ncols          264
nrows          230
xllcorner      497853.4375
yllcorner      4229146.0000
cellsize         5.
NODATA_value   -99
[rows 170 to 203 of 230, columns 154 to 230 of 264]
7.191 7.200 7.209 7.217 7.225 7.232 7.239 7.245 7.251 7.256 7.258 7.259 7.257 7.256 7.255 7.252 7.251 7.253 7.259 7.270 7.286 7.307 7.330 7.345 7.365 7.398 7.434 7.473 7.511 7.548 7.585 7.618 7.648 7.665 7.683 7.711 7.738 7.763 7.785 7.805 7.823 7.838 7.852 7.860 7.867 7.880 7.891 7.903 7.914 7.924 7.934 7.943 7.952 7.957 7.962 7.972 7.981 7.991 7.999 8.007 8.014 8.021 8.026 8.029 8.031 8.036 8.040 8.045 8.048 8.052 8.056 8.059 8.063 8.065 8.066 8.071 8.076
7.193 7.202 7.211 7.220 7.228 7.235 7.242 7.249 7.255 7.260 7.263 7.263 7.262 7.261 7.260 7.258 7.258 7.261 7.268 7.279 7.296 7.318 7.343 7.359 7.380 7.415 7.453 7.493 7.532 7.570 7.606 7.639 7.667 7.684 7.701 7.728 7.753 7.776 7.797 7.817 7.834 7.848 7.862 7.869 7.876 7.888 7.900 7.911 7.921 7.931 7.940 7.949 7.959 7.963 7.968 7.978 7.988 7.997 8.005 8.013 8.020 8.026 8.031 8.033 8.036 8.040 8.044 8.048 8.052 8.055 8.059 8.062 8.066 8.068 8.070 8.074 8.079
7.194 7.204 7.213 7.222 7.230 7.238 7.245 7.252 7.258 7.263 7.266 7.267 7.266 7.265 7.265 7.263 7.264 7.268 7.275 7.287 7.305 7.328 7.355 7.373 7.394 7.432 7.472 7.513 7.552 7.590 7.626 7.658 7.685 7.700 7.717 7.742 7.766 7.788 7.808 7.826 7.843 7.857 7.870 7.877 7.884 7.896 7.907 7.917 7.927 7.936 7.945 7.954 7.964 7.968 7.973 7.983 7.992 8.001 8.009 8.017 8.023 8.029 8.034 8.036 8.039 8.043 8.047 8.051 8.054 8.057 8.061 8.064 8.068 8.070 8.071 8.076 8.081
7.195 7.205 7.214 7.223 7.232 7.240 7.247 7.254 7.261 7.266 7.270 7.270 7.269 7.270 7.270 7.269 7.270 7.275 7.282 7.294 7.314 7.339 7.368 7.386 7.410 7.449 7.490 7.531 7.570 7.608 7.643 7.674 7.700 7.714 7.730 7.753 7.776 7.797 7.816 7.834 7.850 7.864 7.877 7.884 7.890 7.901 7.912 7.922 7.931 7.940 7.949 7.958 7.967 7.972 7.977 7.986 7.996 8.004 8.012 8.019 8.026 8.031 8.036 8.038 8.040 8.044 8.048 8.051 8.054 8.058 8.061 8.064 8.068 8.070 8.072 8.077 8.082
7.196 7.206 7.215 7.224 7.233 7.241 7.249 7.256 7.263 7.269 7.273 7.274 7.273 7.274 7.274 7.274 7.276 7.281 7.289 7.302 7.322 7.347 7.379 7.399 7.424 7.464 7.505 7.546 7.585 7.623 7.658 7.688 7.713 7.726 7.741 7.763 7.785 7.805 7.824 7.841 7.857 7.870 7.882 7.889 7.895 7.906 7.916 7.926 7.935 7.944 7.952 7.961 7.970 7.975 7.980 7.989 7.998 8.006 8.014 8.021 8.027 8.032 8.036 8.038 8.040 8.044 8.047 8.051 8.054 8.057 8.060 8.064 8.068 8.070 8.072 8.076 8.081
7.196 7.206 7.216 7.225 7.234 7.242 7.250 7.258 7.265 7.271 7.275 7.277 7.276 7.277 7.278 7.278 7.280 7.286 7.294 7.308 7.328 7.356 7.391 7.413 7.438 7.479 7.521 7.562 7.601 7.638 7.673 7.702 7.725 7.737 7.751 7.772 7.793 7.813 7.831 7.848 7.863 7.876 7.888 7.894 7.900 7.910 7.920 7.930 7.938 7.946 7.955 7.963 7.973 7.977 7.982 7.991 8.000 8.007 8.014 8.021 8.027 8.032 8.036 8.038 8.039 8.042 8.046 8.049 8.052 8.055 8.058 8.062 8.066 8.068 8.070 8.075 8.080
7.195 7.205 7.215 7.225 7.234 7.243 7.251 7.259 7.266 7.273 7.277 7.279 7.278 7.280 7.281 7.281 7.284 7.290 7.300 7.314 7.335 7.367 7.405 7.427 7.452 7.494 7.536 7.576 7.615 7.652 7.686 7.713 7.734 7.746 7.759 7.780 7.800 7.819 7.837 7.853 7.869 7.881 7.892 7.898 7.903 7.913 7.923 7.932 7.941 7.949 7.956 7.965 7.975 7.979 7.984 7.992 8.000 8.008 8.015 8.021 8.027 8.031 8.034 8.036 8.037 8.040 8.044 8.047 8.050 8.053 8.056 8.060 8.065 8.066 8.068 8.073 8.078
7.194 7.205 7.215 7.225 7.234 7.243 7.252 7.260 7.268 7.274 7.279 7.281 7.281 7.282 7.284 7.285 7.288 7.295 7.306 7.322 7.347 7.382 7.418 7.440 7.466 7.508 7.549 7.590 7.628 7.664 7.696 7.721 7.743 7.755 7.767 7.787 7.807 7.825 7.843 7.859 7.873 7.885 7.896 7.901 7.907 7.916 7.926 7.935 7.943 7.951 7.959 7.968 7.977 7.981 7.985 7.993 8.001 8.008 8.014 8.020 8.025 8.029 8.032 8.033 8.034 8.037 8.041 8.044 8.047 8.050 8.053 8.057 8.062 8.064 8.066 8.070 8.075
7.193 7.203 7.214 7.224 7.234 7.243 7.252 7.260 7.268 7.275 7.280 7.282 7.283 7.285 7.287 7.288 7.292 7.301 7.313 7.332 7.359 7.394 7.430 7.452 7.478 7.520 7.561 7.601 7.639 7.673 7.704 7.729 7.750 7.762 7.773 7.793 7.813 7.831 7.848 7.863 7.877 7.889 7.899 7.904 7.909 7.918 7.928 7.937 7.945 7.953 7.961 7.970 7.978 7.982 7.986 7.993 8.000 8.006 8.012 8.018 8.022 8.026 8.029 8.030 8.031 8.034 8.037 8.040 8.043 8.047 8.050 8.054 8.059 8.060 8.062 8.067 8.072
7.191 7.202 7.213 7.223 7.233 7.243 7.252 7.260 7.269 7.276 7.282 7.284 7.285 7.288 7.290 7.292 7.298 7.307 7.321 7.342 7.371 7.405 7.440 7.462 7.488 7.530 7.571 7.611 7.648 7.681 7.710 7.735 7.757 7.768 7.779 7.799 7.818 7.836 7.852 7.867 7.880 7.892 7.902 7.907 7.911 7.921 7.930 7.939 7.948 7.956 7.963 7.971 7.979 7.982 7.986 7.993 7.999 8.005 8.010 8.015 8.019 8.022 8.025 8.026 8.027 8.030 8.033 8.037 8.040 8.043 8.047 8.051 8.055 8.057 8.058 8.063 8.067
7.189 7.200 7.211 7.221 7.232 7.242 7.251 7.260 7.269 7.277 7.283 7.286 7.287 7.290 7.294 7.297 7.303 7.314 7.330 7.352 7.381 7.414 7.449 7.471 7.498 7.539 7.580 7.619 7.655 7.687 7.716 7.741 7.763 7.774 7.785 7.805 7.823 7.841 7.856 7.871 7.883 7.895 7.905 7.910 7.914 7.923 7.933 7.942 7.950 7.958 7.965 7.973 7.980 7.982 7.985 7.992 7.997 8.003 8.007 8.012 8.015 8.018 8.021 8.022 8.023 8.026 8.029 8.033 8.036 8.039 8.043 8.047 8.051 8.053 8.054 8.059 8.063
7.187 7.198 7.209 7.220 7.230 7.240 7.250 7.260 7.269 7.277 7.284 7.287 7.289 7.293 7.297 7.301 7.309 7.321 7.338 7.360 7.388 7.421 7.456 7.479 7.505 7.546 7.587 7.626 7.661 7.693 7.722 7.747 7.769 7.780 7.790 7.810 7.828 7.845 7.860 7.874 7.887 7.898 7.908 7.913 7.917 7.926 7.935 7.944 7.952 7.960 7.967 7.974 7.980 7.982 7.985 7.990 7.995 8.000 8.004 8.008 8.011 8.014 8.017 8.018 8.019 8.022 8.025 8.029 8.032 8.036 8.039 8.043 8.047 8.048 8.050 8.054 8.058
7.184 7.195 7.206 7.218 7.228 7.239 7.249 7.259 7.269 7.278 7.285 7.288 7.291 7.296 7.301 7.306 7.314 7.327 7.344 7.366 7.395 7.428 7.463 7.486 7.513 7.554 7.594 7.633 7.667 7.699 7.727 7.752 7.774 7.785 7.795 7.815 7.833 7.850 7.864 7.878 7.890 7.901 7.911 7.915 7.919 7.929 7.938 7.946 7.954 7.962 7.968 7.975 7.980 7.982 7.984 7.988 7.993 7.997 8.001 8.004 8.007 8.010 8.013 8.014 8.015 8.018 8.021 8.025 8.028 8.032 8.035 8.039 8.043 8.044 8.045 8.049 8.053
7.181 7.193 7.204 7.215 7.226 7.237 7.248 7.258 7.268 7.278 7.285 7.289 7.292 7.298 7.304 7.310 7.319 7.333 7.350 7.372 7.400 7.434 7.470 7.493 7.520 7.561 7.601 7.639 7.673 7.704 7.733 7.758 7.780 7.790 7.800 7.820 7.838 7.854 7.868 7.881 7.893 7.904 7.914 7.918 7.922 7.931 7.940 7.948 7.956 7.963 7.969 7.975 7.979 7.981 7.982 7.986 7.990 7.994 7.997 8.000 8.003 8.006 8.009 8.010 8.011 8.014 8.017 8.021 8.024 8.027 8.031 8.035 8.038 8.039 8.041 8.045 8.049
7.178 7.190 7.201 7.212 7.224 7.235 7.246 7.257 7.268 7.277 7.285 7.290 7.294 7.300 7.307 7.314 7.324 7.338 7.356 7.378 7.406 7.439 7.475 7.500 7.527 7.568 7.607 7.645 7.678 7.709 7.738 7.763 7.785 7.795 7.805 7.824 7.842 7.858 7.872 7.884 7.896 7.907 7.917 7.921 7.925 7.934 7.942 7.950 7.957 7.964 7.970 7.975 7.979 7.980 7.981 7.984 7.987 7.991 7.994 7.997 7.999 8.002 8.005 8.006 8.007 8.010 8.013 8.017 8.020 8.023 8.027 8.030 8.034 8.035 8.036 8.040 8.044
7.175 7.186 7.198 7.209 7.221 7.233 7.244 7.255 7.266 7.277 7.285 7.290 7.295 7.302 7.309 7.317 7.328 7.342 7.360 7.382 7.409 7.443 7.482 7.506 7.533 7.574 7.613 7.650 7.683 7.715 7.743 7.768 7.790 7.800 7.810 7.828 7.846 7.862 7.876 7.888 7.900 7.910 7.921 7.924 7.928 7.937 7.945 7.952 7.959 7.965 7.971 7.975 7.979 7.979 7.979 7.982 7.985 7.988 7.991 7.993 7.996 7.999 8.002 8.002 8.003 8.006 8.010 8.013 8.017 8.020 8.023 8.027 8.030 8.031 8.032 8.036 8.040
7.172 7.183 7.195 7.206 7.218 7.230 7.242 7.254 7.265 7.275 7.284 7.289 7.294 7.302 7.311 7.319 7.331 7.346 7.364 7.386 7.413 7.450 7.490 7.514 7.540 7.581 7.620 7.656 7.689 7.720 7.748 7.773 7.795 7.805 7.814 7.833 7.850 7.866 7.880 7.892 7.904 7.915 7.925 7.928 7.931 7.940 7.948 7.955 7.961 7.967 7.972 7.975 7.978 7.977 7.978 7.980 7.983 7.985 7.988 7.990 7.993 7.996 7.999 7.999 8.000 8.003 8.007 8.010 8.013 8.017 8.020 8.023 8.027 8.028 8.029 8.032 8.036
7.168 7.180 7.191 7.203 7.215 7.227 7.239 7.251 7.263 7.273 7.282 7.287 7.293 7.303 7.312 7.322 7.334 7.350 7.368 7.391 7.421 7.458 7.497 7.521 7.548 7.588 7.626 7.662 7.695 7.726 7.754 7.778 7.800 7.810 7.819 7.838 7.855 7.871 7.885 7.897 7.909 7.919 7.929 7.932 7.935 7.943 7.951 7.957 7.963 7.968 7.972 7.975 7.977 7.977 7.976 7.979 7.981 7.983 7.985 7.988 7.990 7.993 7.996 7.996 7.997 8.000 8.004 8.007 8.010 8.014 8.017 8.020 8.024 8.025 8.026 8.029 8.032
7.165 7.176 7.187 7.199 7.211 7.223 7.236 7.248 7.260 7.270 7.278 7.285 7.293 7.303 7.314 7.324 7.338 7.354 7.374 7.398 7.429 7.466 7.504 7.528 7.554 7.594 7.632 7.668 7.701 7.731 7.759 7.783 7.805 7.815 7.824 7.842 7.860 7.876 7.890 7.903 7.914 7.925 7.934 7.937 7.939 7.947 7.954 7.960 7.965 7.969 7.972 7.975 7.976 7.976 7.975 7.977 7.979 7.981 7.983 7.986 7.988 7.991 7.993 7.994 7.994 7.998 8.001 8.005 8.008 8.011 8.014 8.018 8.021 8.022 8.022 8.025 8.028
7.161 7.172 7.184 7.195 7.207 7.220 7.232 7.245 7.256 7.266 7.275 7.283 7.292 7.303 7.315 7.327 7.342 7.359 7.380 7.405 7.437 7.473 7.510 7.534 7.561 7.601 7.640 7.675 7.708 7.738 7.765 7.789 7.811 7.820 7.829 7.848 7.866 7.882 7.896 7.909 7.920 7.930 7.939 7.941 7.943 7.950 7.956 7.962 7.966 7.970 7.972 7.974 7.976 7.975 7.974 7.976 7.978 7.980 7.982 7.984 7.986 7.989 7.991 7.992 7.992 7.995 7.999 8.002 8.006 8.009 8.012 8.015 8.018 8.019 8.020 8.022 8.025
7.157 7.168 7.180 7.191 7.203 7.215 7.228 7.240 7.251 7.261 7.271 7.280 7.290 7.303 7.316 7.330 7.346 7.365 7.387 7.413 7.444 7.479 7.516 7.542 7.569 7.609 7.647 7.683 7.715 7.744 7.771 7.795 7.817 7.826 7.835 7.854 7.872 7.889 7.903 7.915 7.926 7.936 7.944 7.946 7.947 7.954 7.959 7.964 7.968 7.970 7.973 7.974 7.976 7.975 7.974 7.976 7.977 7.979 7.981 7.983 7.985 7.987 7.989 7.990 7.990 7.993 7.997 8.001 8.004 8.007 8.010 8.013 8.016 8.016 8.017 8.019 8.022
7.154 7.165 7.176 7.187 7.199 7.211 7.223 7.234 7.246 7.256 7.267 7.277 7.289 7.303 7.318 7.333 7.351 7.372 7.394 7.420 7.450 7.485 7.523 7.550 7.577 7.617 7.656 7.692 7.723 7.752 7.777 7.801 7.823 7.833 7.842 7.861 7.879 7.896 7.909 7.922 7.933 7.941 7.949 7.950 7.951 7.957 7.962 7.966 7.969 7.971 7.973 7.974 7.976 7.975 7.974 7.975 7.977 7.978 7.980 7.982 7.983 7.986 7.988 7.988 7.989 7.992 7.995 7.999 8.002 8.005 8.008 8.011 8.014 8.014 8.014 8.017 8.019
7.150 7.161 7.171 7.182 7.194 7.205 7.217 7.228 7.240 7.251 7.262 7.275 7.288 7.304 7.320 7.336 7.356 7.377 7.400 7.426 7.456 7.492 7.532 7.559 7.587 7.628 7.668 7.702 7.732 7.760 7.784 7.808 7.831 7.840 7.849 7.869 7.887 7.903 7.917 7.929 7.939 7.947 7.954 7.955 7.955 7.960 7.964 7.968 7.970 7.972 7.974 7.975 7.976 7.975 7.974 7.975 7.976 7.978 7.979 7.981 7.982 7.984 7.987 7.987 7.987 7.991 7.994 7.998 8.001 8.004 8.007 8.009 8.011 8.012 8.012 8.014 8.016
7.146 7.157 7.167 7.177 7.188 7.199 7.210 7.222 7.233 7.245 7.258 7.272 7.287 7.303 7.320 7.339 7.360 7.382 7.406 7.432 7.462 7.500 7.542 7.570 7.598 7.640 7.679 7.712 7.741 7.767 7.791 7.815 7.838 7.847 7.856 7.876 7.894 7.910 7.923 7.935 7.945 7.952 7.958 7.959 7.959 7.963 7.966 7.969 7.971 7.973 7.974 7.975 7.976 7.975 7.974 7.975 7.976 7.978 7.979 7.980 7.982 7.984 7.986 7.986 7.987 7.990 7.993 7.996 8.000 8.002 8.005 8.007 8.009 8.009 8.010 8.011 8.013
7.143 7.153 7.162 7.172 7.182 7.192 7.203 7.215 7.226 7.239 7.253 7.268 7.284 7.302 7.321 7.341 7.364 7.388 7.412 7.439 7.470 7.508 7.552 7.582 7.611 7.653 7.691 7.723 7.751 7.776 7.799 7.822 7.845 7.855 7.864 7.884 7.902 7.917 7.930 7.941 7.950 7.958 7.963 7.963 7.962 7.966 7.969 7.971 7.973 7.974 7.975 7.976 7.977 7.975 7.974 7.975 7.976 7.977 7.978 7.980 7.981 7.983 7.986 7.986 7.986 7.989 7.992 7.996 7.998 8.001 8.004 8.006 8.008 8.007 8.007 8.009 8.010
7.139 7.148 7.157 7.166 7.176 7.185 7.196 7.207 7.219 7.233 7.248 7.265 7.282 7.301 7.320 7.342 7.368 7.393 7.419 7.448 7.479 7.518 7.567 7.598 7.627 7.668 7.705 7.735 7.762 7.786 7.808 7.830 7.854 7.864 7.873 7.892 7.910 7.924 7.937 7.947 7.956 7.963 7.967 7.966 7.965 7.968 7.971 7.973 7.974 7.975 7.976 7.977 7.978 7.976 7.974 7.975 7.977 7.978 7.979 7.980 7.981 7.983 7.986 7.986 7.986 7.989 7.992 7.995 7.998 8.000 8.003 8.005 8.006 8.006 8.005 8.007 8.008
7.135 7.144 7.151 7.160 7.169 7.178 7.189 7.199 7.212 7.227 7.244 7.261 7.280 7.300 7.320 7.345 7.372 7.399 7.428 7.458 7.490 7.536 7.589 7.617 7.645 7.684 7.719 7.748 7.773 7.796 7.816 7.840 7.865 7.873 7.882 7.901 7.918 7.931 7.943 7.954 7.962 7.968 7.971 7.970 7.969 7.971 7.973 7.975 7.976 7.976 7.977 7.978 7.978 7.977 7.975 7.976 7.977 7.978 7.979 7.980 7.981 7.983 7.986 7.986 7.986 7.989 7.992 7.995 7.997 8.000 8.002 8.003 8.004 8.004 8.004 8.005 8.006
7.131 7.139 7.146 7.155 7.163 7.172 7.182 7.193 7.207 7.222 7.239 7.257 7.278 7.300 7.321 7.348 7.378 7.409 7.440 7.474 7.512 7.561 7.609 7.637 7.663 7.700 7.733 7.761 7.785 7.807 7.828 7.851 7.874 7.883 7.891 7.909 7.925 7.938 7.949 7.959 7.967 7.971 7.974 7.973 7.972 7.974 7.975 7.977 7.977 7.978 7.978 7.979 7.979 7.977 7.976 7.977 7.978 7.979 7.980 7.981 7.982 7.984 7.987 7.987 7.987 7.989 7.992 7.994 7.997 7.999 8.001 8.002 8.003 8.002 8.002 8.003 8.004
7.127 7.134 7.141 7.149 7.158 7.166 7.176 7.187 7.201 7.216 7.233 7.254 7.278 7.301 7.323 7.353 7.387 7.421 7.457 7.496 7.538 7.585 7.630 7.656 7.681 7.716 7.747 7.773 7.796 7.819 7.840 7.862 7.883 7.891 7.900 7.917 7.932 7.944 7.955 7.964 7.970 7.975 7.978 7.976 7.974 7.976 7.978 7.979 7.979 7.980 7.980 7.980 7.981 7.979 7.977 7.978 7.979 7.980 7.981 7.982 7.984 7.986 7.988 7.988 7.988 7.990 7.992 7.994 7.996 7.998 8.000 8.001 8.002 8.001 8.001 8.001 8.002
7.123 7.130 7.136 7.144 7.152 7.161 7.170 7.182 7.195 7.210 7.229 7.252 7.279 7.303 7.327 7.362 7.399 7.438 7.478 7.520 7.564 7.609 7.650 7.675 7.698 7.731 7.761 7.786 7.809 7.831 7.852 7.873 7.892 7.899 7.907 7.924 7.938 7.950 7.960 7.968 7.974 7.978 7.981 7.979 7.977 7.979 7.980 7.981 7.981 7.981 7.981 7.981 7.982 7.980 7.978 7.979 7.980 7.981 7.982 7.984 7.985 7.987 7.989 7.989 7.988 7.991 7.993 7.995 7.996 7.998 7.999 8.000 8.001 8.000 7.999 8.000 8.001
7.119 7.126 7.132 7.140 7.148 7.156 7.165 7.177 7.190 7.205 7.226 7.251 7.282 7.308 7.334 7.373 7.414 7.457 7.501 7.545 7.590 7.632 7.670 7.693 7.716 7.746 7.774 7.799 7.821 7.842 7.863 7.882 7.900 7.907 7.915 7.930 7.943 7.955 7.964 7.971 7.977 7.981 7.984 7.982 7.980 7.982 7.983 7.983 7.983 7.983 7.983 7.983 7.983 7.981 7.979 7.980 7.982 7.983 7.984 7.986 7.987 7.989 7.991 7.990 7.990 7.991 7.993 7.995 7.996 7.997 7.998 7.999 8.000 7.999 7.998 7.999 8.000
7.115 7.122 7.128 7.135 7.143 7.151 7.160 7.172 7.185 7.201 7.223 7.252 7.287 7.314 7.343 7.386 7.432 7.479 7.525 7.570 7.614 7.654 7.690 7.712 7.733 7.761 7.787 7.811 7.833 7.853 7.872 7.890 7.907 7.914 7.921 7.935 7.948 7.959 7.968 7.975 7.980 7.984 7.987 7.985 7.983 7.984 7.985 7.985 7.985 7.985 7.985 7.985 7.985 7.983 7.981 7.982 7.984 7.985 7.987 7.988 7.990 7.991 7.992 7.992 7.991 7.992 7.994 7.995 7.996 7.997 7.998 7.999 7.999 7.999 7.998 7.998 7.999
7.112 7.118 7.124 7.131 7.139 7.146 7.156 7.168 7.181 7.198 7.222 7.255 7.294 7.324 7.355 7.403 7.452 7.501 7.549 7.594 7.637 7.676 7.709 7.729 7.749 7.776 7.800 7.823 7.844 7.863 7.881 7.899 7.914 7.921 7.927 7.941 7.952 7.963 7.971 7.978 7.983 7.987 7.989 7.988 7.986 7.987 7.987 7.987 7.987 7.987 7.986 7.987 7.987 7.985 7.983 7.984 7.986 7.987 7.989 7.990 7.992 7.993 7.994 7.993 7.992 7.993 7.994 7.995 7.996 7.997 7.998 7.998 7.999 7.998 7.997 7.998 7.998
7.108 7.114 7.120 7.127 7.135 7.142 7.152 7.164 7.178 7.196 7.223 7.260 7.303 7.335 7.370 7.421 7.472 7.522 7.570 7.616 7.658 7.694 7.725 7.745 7.763 7.788 7.811 7.833 7.853 7.872 7.889 7.905 7.920 7.926 7.932 7.945 7.956 7.966 7.974 7.980 7.986 7.989 7.992 7.990 7.988 7.989 7.989 7.990 7.989 7.989 7.988 7.989 7.989 7.987 7.985 7.987 7.988 7.990 7.991 7.993 7.994 7.995 7.996 7.995 7.994 7.994 7.995 7.996 7.997 7.997 7.998 7.998 7.999 7.998 7.997 7.998 7.998
