TsunamiDB/out54045.asc
ncols          264
nrows          230
xllcorner      497853.4375
yllcorner      4229146.0000
cellsize         5.
NODATA_value   -99
[rows 192 to 223 of 230, columns 146 to 218 of 264]
6.805 6.834 6.862 6.888 6.914 6.938 6.962 6.986 7.011 7.039 7.072 7.110 7.154 7.201 7.252 7.309 7.367 7.429 7.494 7.562 7.631 7.702 7.770 7.840 7.913 7.984 8.055 8.129 8.208 8.294 8.378 8.432 8.486 8.565 8.634 8.690 8.734 8.771 8.800 8.825 8.844 8.833 8.819 8.828 8.832 8.829 8.820 8.807 8.788 8.765 8.737 8.693 8.649 8.620 8.592 8.565 8.538 8.510 8.484 8.460 8.437 8.406 8.377 8.360 8.344 8.328 8.312 8.297 8.282 8.268 8.253 8.224 8.194
6.826 6.856 6.884 6.911 6.937 6.961 6.983 7.005 7.027 7.052 7.081 7.117 7.158 7.203 7.255 7.312 7.374 7.440 7.509 7.579 7.649 7.720 7.790 7.862 7.935 8.007 8.077 8.149 8.228 8.316 8.402 8.457 8.511 8.589 8.655 8.707 8.748 8.780 8.807 8.831 8.849 8.837 8.822 8.831 8.833 8.830 8.820 8.806 8.787 8.763 8.734 8.689 8.645 8.616 8.588 8.560 8.533 8.506 8.481 8.458 8.435 8.405 8.377 8.360 8.344 8.329 8.313 8.298 8.283 8.268 8.253 8.225 8.194
6.845 6.875 6.905 6.932 6.958 6.982 7.003 7.023 7.043 7.064 7.089 7.123 7.162 7.206 7.258 7.316 7.380 7.450 7.522 7.594 7.666 7.738 7.808 7.881 7.957 8.029 8.099 8.172 8.250 8.337 8.428 8.484 8.538 8.613 8.677 8.726 8.763 8.792 8.816 8.837 8.855 8.843 8.828 8.835 8.837 8.832 8.822 8.807 8.788 8.763 8.733 8.688 8.644 8.614 8.585 8.558 8.530 8.504 8.479 8.456 8.434 8.405 8.377 8.360 8.345 8.330 8.314 8.298 8.283 8.268 8.253 8.224 8.193
6.859 6.891 6.921 6.950 6.976 7.000 7.021 7.040 7.057 7.075 7.097 7.128 7.166 7.209 7.262 7.321 7.388 7.461 7.535 7.610 7.683 7.754 7.825 7.900 7.978 8.052 8.123 8.197 8.273 8.363 8.461 8.518 8.569 8.641 8.701 8.746 8.779 8.806 8.826 8.846 8.866 8.853 8.837 8.844 8.845 8.839 8.828 8.813 8.793 8.768 8.736 8.689 8.645 8.614 8.585 8.557 8.529 8.503 8.479 8.456 8.435 8.405 8.378 8.361 8.346 8.331 8.315 8.299 8.283 8.268 8.253 8.224 8.191
6.869 6.901 6.933 6.963 6.991 7.015 7.036 7.054 7.069 7.084 7.105 7.136 7.173 7.216 7.268 7.329 7.398 7.473 7.549 7.625 7.699 7.771 7.842 7.920 8.000 8.076 8.152 8.226 8.303 8.406 8.506 8.556 8.603 8.670 8.725 8.766 8.797 8.820 8.837 8.860 8.882 8.867 8.850 8.856 8.856 8.849 8.837 8.821 8.801 8.773 8.739 8.692 8.647 8.616 8.586 8.557 8.529 8.503 8.479 8.456 8.435 8.405 8.378 8.362 8.346 8.331 8.316 8.300 8.283 8.268 8.254 8.222 8.188
6.873 6.907 6.940 6.972 7.000 7.026 7.048 7.065 7.079 7.094 7.115 7.146 7.183 7.226 7.279 7.341 7.410 7.485 7.562 7.641 7.718 7.791 7.861 7.944 8.027 8.108 8.187 8.267 8.356 8.459 8.548 8.594 8.637 8.699 8.749 8.787 8.815 8.837 8.857 8.880 8.897 8.882 8.865 8.869 8.868 8.860 8.847 8.830 8.808 8.778 8.743 8.697 8.651 8.619 8.588 8.559 8.531 8.504 8.480 8.457 8.435 8.406 8.378 8.362 8.347 8.332 8.316 8.300 8.284 8.269 8.253 8.220 8.183
6.872 6.908 6.942 6.975 7.005 7.032 7.055 7.074 7.090 7.106 7.128 7.159 7.197 7.239 7.293 7.354 7.423 7.496 7.576 7.660 7.742 7.814 7.885 7.973 8.062 8.148 8.233 8.322 8.415 8.509 8.589 8.630 8.670 8.726 8.773 8.808 8.835 8.858 8.878 8.899 8.913 8.897 8.880 8.883 8.881 8.872 8.858 8.840 8.815 8.784 8.750 8.703 8.656 8.623 8.592 8.562 8.533 8.506 8.481 8.458 8.436 8.406 8.378 8.362 8.347 8.333 8.317 8.301 8.285 8.269 8.250 8.215 8.176
6.867 6.903 6.939 6.974 7.006 7.035 7.061 7.082 7.100 7.118 7.142 7.175 7.213 7.256 7.309 7.369 7.436 7.510 7.594 7.683 7.770 7.842 7.916 8.011 8.105 8.196 8.288 8.381 8.471 8.558 8.629 8.666 8.702 8.754 8.797 8.829 8.856 8.879 8.899 8.917 8.929 8.913 8.896 8.898 8.894 8.885 8.869 8.849 8.823 8.792 8.757 8.709 8.663 8.629 8.596 8.565 8.535 8.507 8.482 8.458 8.436 8.406 8.378 8.362 8.348 8.333 8.318 8.302 8.285 8.267 8.245 8.207 8.166
6.857 6.894 6.932 6.969 7.004 7.036 7.065 7.090 7.111 7.132 7.158 7.192 7.231 7.274 7.326 7.386 7.453 7.529 7.617 7.712 7.804 7.878 7.954 8.055 8.154 8.252 8.347 8.439 8.526 8.604 8.668 8.702 8.734 8.781 8.820 8.852 8.878 8.900 8.920 8.935 8.945 8.928 8.912 8.912 8.907 8.897 8.880 8.858 8.832 8.800 8.765 8.717 8.670 8.635 8.601 8.569 8.538 8.509 8.483 8.459 8.437 8.407 8.378 8.362 8.348 8.333 8.318 8.302 8.284 8.263 8.238 8.198 8.154
6.844 6.883 6.923 6.962 7.000 7.035 7.069 7.098 7.123 7.147 7.174 7.211 7.251 7.293 7.346 7.406 7.473 7.552 7.645 7.746 7.846 7.920 7.999 8.105 8.210 8.311 8.406 8.496 8.579 8.650 8.708 8.737 8.765 8.807 8.844 8.875 8.900 8.921 8.938 8.952 8.960 8.943 8.927 8.925 8.919 8.908 8.890 8.868 8.841 8.808 8.773 8.724 8.677 8.641 8.606 8.573 8.541 8.511 8.484 8.459 8.437 8.407 8.378 8.362 8.347 8.333 8.317 8.300 8.280 8.257 8.229 8.185 8.138
6.830 6.870 6.912 6.954 6.995 7.035 7.072 7.105 7.134 7.161 7.190 7.229 7.270 7.314 7.368 7.430 7.499 7.580 7.679 7.788 7.894 7.970 8.051 8.163 8.270 8.371 8.465 8.552 8.630 8.696 8.746 8.772 8.796 8.835 8.868 8.897 8.920 8.940 8.956 8.968 8.974 8.958 8.941 8.938 8.931 8.918 8.900 8.877 8.850 8.817 8.781 8.732 8.684 8.647 8.611 8.576 8.543 8.512 8.484 8.459 8.438 8.407 8.378 8.362 8.346 8.331 8.314 8.295 8.274 8.248 8.216 8.169 8.119
6.816 6.858 6.902 6.946 6.991 7.034 7.075 7.112 7.145 7.174 7.207 7.248 7.292 7.337 7.393 7.458 7.530 7.617 7.722 7.838 7.948 8.024 8.108 8.223 8.329 8.428 8.519 8.602 8.676 8.735 8.781 8.803 8.824 8.859 8.889 8.916 8.938 8.956 8.971 8.981 8.986 8.970 8.953 8.949 8.940 8.928 8.909 8.886 8.858 8.825 8.788 8.738 8.689 8.651 8.614 8.578 8.544 8.512 8.484 8.459 8.437 8.406 8.376 8.360 8.344 8.327 8.309 8.288 8.265 8.236 8.200 8.150 8.097
6.803 6.847 6.893 6.940 6.987 7.034 7.079 7.119 7.155 7.188 7.224 7.268 7.315 7.363 7.423 7.491 7.567 7.659 7.768 7.886 8.002 8.081 8.165 8.279 8.384 8.482 8.570 8.649 8.719 8.774 8.816 8.834 8.852 8.883 8.911 8.936 8.956 8.972 8.986 8.995 8.998 8.982 8.965 8.959 8.950 8.937 8.917 8.894 8.866 8.832 8.794 8.744 8.694 8.655 8.617 8.580 8.545 8.512 8.483 8.457 8.436 8.404 8.374 8.357 8.340 8.322 8.301 8.279 8.253 8.220 8.181 8.128 8.072
6.793 6.838 6.886 6.935 6.985 7.035 7.082 7.127 7.166 7.202 7.240 7.289 7.340 7.392 7.455 7.527 7.609 7.706 7.818 7.943 8.067 8.146 8.226 8.340 8.444 8.538 8.623 8.700 8.766 8.817 8.853 8.868 8.882 8.910 8.936 8.958 8.976 8.990 9.002 9.009 9.011 8.994 8.976 8.970 8.960 8.945 8.925 8.902 8.874 8.840 8.800 8.749 8.698 8.658 8.619 8.581 8.545 8.511 8.481 8.455 8.434 8.402 8.371 8.353 8.335 8.315 8.292 8.267 8.239 8.203 8.160 8.104 8.045
6.787 6.832 6.881 6.932 6.985 7.037 7.087 7.134 7.177 7.215 7.257 7.312 7.367 7.424 7.492 7.570 7.658 7.760 7.876 8.014 8.141 8.213 8.290 8.402 8.503 8.595 8.677 8.750 8.812 8.857 8.888 8.900 8.912 8.937 8.960 8.979 8.995 9.007 9.016 9.022 9.022 9.005 8.987 8.980 8.968 8.953 8.933 8.909 8.880 8.845 8.804 8.752 8.701 8.659 8.619 8.581 8.544 8.510 8.479 8.454 8.433 8.400 8.368 8.348 8.328 8.306 8.281 8.253 8.222 8.182 8.135 8.076 8.016
6.784 6.830 6.879 6.932 6.986 7.040 7.092 7.141 7.186 7.230 7.280 7.341 7.401 7.464 7.538 7.623 7.717 7.826 7.954 8.092 8.210 8.278 8.353 8.461 8.560 8.650 8.728 8.797 8.854 8.894 8.923 8.933 8.942 8.963 8.983 9.001 9.013 9.023 9.030 9.033 9.032 9.015 8.996 8.988 8.975 8.959 8.939 8.914 8.884 8.848 8.806 8.754 8.702 8.659 8.618 8.579 8.542 8.508 8.478 8.453 8.430 8.396 8.362 8.341 8.318 8.294 8.267 8.236 8.201 8.157 8.108 8.048 7.986
6.785 6.831 6.880 6.933 6.988 7.044 7.098 7.148 7.198 7.251 7.309 7.375 7.441 7.511 7.593 7.684 7.785 7.902 8.032 8.162 8.275 8.339 8.412 8.518 8.615 8.702 8.777 8.842 8.893 8.931 8.958 8.965 8.971 8.990 9.007 9.021 9.031 9.038 9.043 9.044 9.041 9.023 9.004 8.994 8.982 8.965 8.943 8.917 8.886 8.849 8.807 8.754 8.701 8.657 8.616 8.577 8.540 8.506 8.476 8.450 8.425 8.390 8.355 8.331 8.307 8.280 8.250 8.216 8.176 8.130 8.079 8.018 7.955
6.790 6.835 6.884 6.937 6.993 7.049 7.105 7.160 7.218 7.279 7.344 7.416 7.489 7.567 7.656 7.752 7.860 7.979 8.105 8.228 8.336 8.399 8.469 8.574 8.669 8.753 8.825 8.885 8.933 8.968 8.993 8.997 9.000 9.016 9.030 9.041 9.048 9.052 9.054 9.054 9.049 9.031 9.011 9.001 8.987 8.969 8.946 8.918 8.886 8.848 8.806 8.753 8.699 8.655 8.613 8.574 8.537 8.503 8.473 8.445 8.419 8.382 8.346 8.320 8.293 8.264 8.230 8.192 8.150 8.102 8.049 7.987 7.924
6.798 6.842 6.891 6.943 6.999 7.057 7.116 7.178 7.244 7.313 7.387 7.466 7.545 7.631 7.725 7.827 7.936 8.051 8.172 8.289 8.395 8.457 8.525 8.628 8.721 8.803 8.871 8.927 8.972 9.005 9.027 9.028 9.028 9.041 9.052 9.060 9.064 9.065 9.065 9.063 9.057 9.038 9.018 9.006 8.990 8.971 8.947 8.918 8.885 8.846 8.804 8.750 8.696 8.651 8.609 8.570 8.532 8.498 8.468 8.439 8.411 8.372 8.334 8.306 8.277 8.244 8.208 8.167 8.122 8.072 8.019 7.956 7.894
6.810 6.853 6.901 6.952 7.008 7.070 7.135 7.204 7.277 7.356 7.438 7.521 7.605 7.697 7.797 7.902 8.007 8.118 8.232 8.346 8.452 8.513 8.580 8.680 8.773 8.851 8.916 8.970 9.012 9.041 9.060 9.059 9.056 9.066 9.073 9.077 9.079 9.078 9.076 9.071 9.064 9.044 9.023 9.010 8.993 8.972 8.947 8.917 8.882 8.843 8.801 8.746 8.691 8.647 8.604 8.564 8.527 8.492 8.461 8.430 8.401 8.360 8.320 8.290 8.258 8.223 8.183 8.140 8.093 8.042 7.988 7.926 7.865
6.825 6.867 6.914 6.965 7.023 7.089 7.159 7.235 7.318 7.405 7.493 7.580 7.668 7.766 7.869 7.971 8.074 8.179 8.288 8.402 8.508 8.569 8.634 8.735 8.825 8.899 8.961 9.011 9.050 9.077 9.092 9.087 9.082 9.088 9.092 9.094 9.093 9.089 9.085 9.079 9.071 9.050 9.028 9.013 8.995 8.973 8.946 8.914 8.879 8.839 8.796 8.741 8.686 8.641 8.598 8.558 8.520 8.484 8.452 8.420 8.389 8.347 8.305 8.272 8.237 8.199 8.157 8.112 8.063 8.011 7.957 7.896 7.836
6.844 6.886 6.932 6.984 7.045 7.115 7.191 7.275 7.366 7.458 7.550 7.639 7.730 7.831 7.935 8.037 8.135 8.235 8.343 8.456 8.565 8.626 8.690 8.789 8.874 8.944 9.002 9.049 9.085 9.108 9.120 9.113 9.105 9.108 9.108 9.108 9.105 9.100 9.094 9.087 9.076 9.054 9.031 9.014 8.995 8.971 8.943 8.910 8.874 8.834 8.790 8.735 8.679 8.633 8.590 8.549 8.510 8.474 8.441 8.408 8.374 8.331 8.287 8.251 8.214 8.174 8.130 8.082 8.033 7.981 7.927 7.866 7.809
6.868 6.909 6.957 7.009 7.073 7.146 7.227 7.318 7.414 7.511 7.606 7.697 7.789 7.892 7.998 8.099 8.196 8.294 8.397 8.507 8.619 8.682 8.745 8.840 8.921 8.987 9.041 9.085 9.118 9.139 9.147 9.137 9.127 9.126 9.125 9.122 9.117 9.110 9.103 9.094 9.082 9.059 9.034 9.016 8.994 8.970 8.940 8.906 8.868 8.827 8.783 8.727 8.670 8.624 8.580 8.539 8.499 8.463 8.428 8.393 8.358 8.313 8.267 8.229 8.189 8.147 8.101 8.053 8.002 7.950 7.897 7.838 7.782
6.895 6.937 6.986 7.039 7.105 7.181 7.268 7.364 7.465 7.566 7.665 7.755 7.847 7.952 8.060 8.161 8.256 8.352 8.450 8.562 8.681 8.743 8.802 8.893 8.969 9.030 9.080 9.121 9.151 9.169 9.173 9.160 9.147 9.144 9.141 9.136 9.129 9.121 9.112 9.101 9.088 9.063 9.037 9.017 8.994 8.968 8.936 8.901 8.862 8.820 8.776 8.719 8.661 8.615 8.570 8.528 8.488 8.450 8.414 8.378 8.341 8.294 8.246 8.206 8.164 8.120 8.072 8.023 7.973 7.921 7.869 7.811 7.757
6.926 6.972 7.022 7.077 7.145 7.224 7.315 7.415 7.519 7.624 7.725 7.813 7.904 8.011 8.119 8.221 8.318 8.412 8.507 8.632 8.753 8.806 8.860 8.945 9.014 9.070 9.116 9.153 9.181 9.193 9.192 9.179 9.165 9.161 9.156 9.149 9.141 9.132 9.122 9.109 9.093 9.067 9.039 9.018 8.993 8.965 8.933 8.896 8.856 8.813 8.768 8.710 8.652 8.604 8.559 8.516 8.475 8.436 8.399 8.362 8.322 8.273 8.224 8.182 8.138 8.092 8.043 7.994 7.943 7.892 7.841 7.785 7.734
6.965 7.014 7.065 7.122 7.192 7.274 7.367 7.468 7.575 7.683 7.785 7.872 7.961 8.071 8.181 8.286 8.384 8.481 8.588 8.710 8.816 8.864 8.914 8.992 9.055 9.107 9.148 9.181 9.204 9.212 9.211 9.197 9.182 9.176 9.170 9.163 9.153 9.142 9.130 9.115 9.098 9.071 9.042 9.018 8.992 8.963 8.929 8.891 8.850 8.806 8.760 8.701 8.641 8.593 8.546 8.503 8.461 8.421 8.382 8.343 8.302 8.252 8.201 8.157 8.111 8.064 8.014 7.964 7.914 7.864 7.814 7.761 7.712
7.011 7.061 7.115 7.174 7.246 7.329 7.421 7.523 7.632 7.742 7.846 7.931 8.019 8.133 8.247 8.355 8.457 8.561 8.670 8.780 8.874 8.918 8.964 9.034 9.091 9.138 9.175 9.204 9.222 9.229 9.228 9.214 9.198 9.191 9.184 9.175 9.164 9.152 9.138 9.121 9.103 9.074 9.044 9.019 8.991 8.960 8.925 8.886 8.844 8.799 8.751 8.690 8.629 8.580 8.533 8.488 8.445 8.404 8.364 8.323 8.281 8.229 8.176 8.130 8.084 8.035 7.986 7.936 7.886 7.837 7.789 7.738 7.691
7.060 7.114 7.170 7.230 7.303 7.385 7.477 7.579 7.689 7.802 7.908 7.992 8.080 8.200 8.317 8.428 8.536 8.642 8.746 8.845 8.927 8.967 9.008 9.071 9.123 9.165 9.198 9.222 9.237 9.244 9.243 9.228 9.212 9.205 9.197 9.187 9.175 9.161 9.145 9.127 9.107 9.078 9.046 9.020 8.990 8.958 8.921 8.881 8.837 8.790 8.741 8.678 8.616 8.566 8.518 8.472 8.428 8.386 8.344 8.302 8.258 8.205 8.151 8.104 8.056 8.007 7.957 7.907 7.858 7.811 7.765 7.716 7.672
7.114 7.170 7.229 7.291 7.363 7.446 7.536 7.636 7.747 7.863 7.974 8.057 8.147 8.270 8.389 8.505 8.614 8.718 8.817 8.905 8.977 9.012 9.049 9.103 9.150 9.187 9.216 9.237 9.251 9.256 9.256 9.241 9.225 9.218 9.209 9.199 9.185 9.169 9.152 9.133 9.112 9.081 9.048 9.020 8.990 8.956 8.917 8.875 8.830 8.781 8.730 8.666 8.603 8.551 8.502 8.456 8.410 8.367 8.324 8.280 8.234 8.180 8.125 8.077 8.028 7.978 7.928 7.879 7.832 7.786 7.743 7.697 7.654
7.170 7.229 7.289 7.352 7.426 7.507 7.594 7.693 7.805 7.925 8.043 8.126 8.215 8.342 8.466 8.582 8.689 8.789 8.881 8.960 9.023 9.053 9.085 9.132 9.173 9.206 9.232 9.250 9.262 9.268 9.267 9.253 9.237 9.230 9.221 9.209 9.194 9.177 9.159 9.139 9.117 9.085 9.051 9.021 8.989 8.953 8.913 8.869 8.822 8.771 8.718 8.653 8.588 8.535 8.485 8.437 8.391 8.346 8.302 8.256 8.210 8.154 8.098 8.049 8.000 7.950 7.901 7.853 7.807 7.763 7.722 7.678 7.638
7.226 7.287 7.348 7.413 7.488 7.568 7.654 7.752 7.865 7.992 8.115 8.198 8.288 8.419 8.543 8.656 8.760 8.855 8.940 9.010 9.064 9.090 9.117 9.158 9.193 9.223 9.245 9.262 9.273 9.278 9.278 9.263 9.248 9.240 9.230 9.218 9.202 9.185 9.166 9.145 9.122 9.089 9.053 9.023 8.989 8.951 8.909 8.862 8.813 8.760 8.705 8.638 8.572 8.518 8.466 8.418 8.370 8.324 8.279 8.232 8.184 8.128 8.071 8.021 7.971 7.922 7.874 7.827 7.783 7.742 7.703 7.661 7.624
7.281 7.343 7.407 7.474 7.549 7.630 7.715 7.813 7.931 8.063 8.191 8.273 8.364 8.496 8.615 8.725 8.823 8.913 8.992 9.053 9.100 9.121 9.144 9.179 9.209 9.236 9.256 9.271 9.281 9.286 9.286 9.272 9.257 9.249 9.239 9.226 9.210 9.191 9.172 9.150 9.127 9.092 9.055 9.023 8.987 8.948 8.903 8.854 8.802 8.747 8.690 8.622 8.554 8.499 8.446 8.396 8.348 8.301 8.255 8.207 8.157 8.100 8.043 7.993 7.943 7.895 7.848 7.803 7.761 7.722 7.685 7.646 7.610
