TsunamiDB/out54152.asc
ncols          264
nrows          230
xllcorner      497853.4375
yllcorner      4229146.0000
cellsize         5.
NODATA_value   -99
[rows 170 to 203 of 230, columns 154 to 230 of 264]
7.215 7.216 7.217 7.218 7.219 7.220 7.221 7.221 7.221 7.220 7.217 7.210 7.201 7.193 7.184 7.174 7.168 7.169 7.176 7.191 7.216 7.247 7.281 7.307 7.339 7.389 7.441 7.495 7.548 7.600 7.650 7.695 7.735 7.760 7.786 7.824 7.860 7.893 7.923 7.950 7.974 7.995 8.013 8.025 8.036 8.053 8.069 8.084 8.098 8.112 8.125 8.137 8.149 8.156 8.163 8.174 8.186 8.198 8.208 8.218 8.226 8.234 8.240 8.244 8.247 8.252 8.258 8.264 8.269 8.274 8.278 8.283 8.288 8.291 8.293 8.299 8.305
7.220 7.221 7.222 7.223 7.224 7.225 7.226 7.226 7.227 7.226 7.222 7.215 7.206 7.198 7.190 7.181 7.177 7.179 7.187 7.203 7.229 7.262 7.299 7.326 7.359 7.412 7.466 7.522 7.575 7.627 7.677 7.721 7.759 7.784 7.809 7.844 7.878 7.910 7.938 7.964 7.988 8.008 8.026 8.037 8.048 8.064 8.080 8.095 8.108 8.121 8.134 8.146 8.158 8.164 8.171 8.183 8.195 8.206 8.216 8.225 8.233 8.241 8.247 8.250 8.253 8.259 8.264 8.269 8.274 8.278 8.283 8.288 8.293 8.296 8.298 8.304 8.310
7.226 7.227 7.228 7.228 7.229 7.230 7.231 7.232 7.232 7.231 7.228 7.221 7.212 7.204 7.197 7.189 7.186 7.189 7.198 7.216 7.243 7.278 7.318 7.346 7.381 7.436 7.492 7.548 7.602 7.654 7.703 7.746 7.782 7.806 7.830 7.864 7.896 7.926 7.953 7.978 8.001 8.021 8.039 8.050 8.060 8.076 8.091 8.105 8.118 8.131 8.143 8.155 8.167 8.173 8.180 8.191 8.203 8.214 8.224 8.233 8.241 8.248 8.254 8.257 8.259 8.265 8.270 8.275 8.279 8.283 8.288 8.293 8.298 8.301 8.303 8.310 8.316
7.231 7.232 7.233 7.234 7.235 7.236 7.237 7.237 7.238 7.237 7.234 7.227 7.218 7.211 7.205 7.198 7.196 7.201 7.211 7.229 7.258 7.296 7.338 7.368 7.405 7.461 7.518 7.574 7.628 7.679 7.727 7.768 7.804 7.826 7.849 7.881 7.912 7.941 7.967 7.992 8.014 8.033 8.051 8.061 8.072 8.087 8.102 8.115 8.128 8.140 8.152 8.164 8.175 8.182 8.188 8.200 8.211 8.222 8.232 8.240 8.248 8.255 8.260 8.263 8.265 8.270 8.275 8.280 8.284 8.288 8.293 8.298 8.303 8.306 8.309 8.315 8.322
7.236 7.237 7.238 7.239 7.240 7.241 7.242 7.243 7.244 7.243 7.240 7.234 7.225 7.219 7.214 7.208 7.207 7.213 7.224 7.244 7.274 7.312 7.358 7.390 7.428 7.485 7.542 7.598 7.652 7.702 7.750 7.790 7.824 7.845 7.867 7.898 7.928 7.956 7.981 8.005 8.027 8.046 8.063 8.074 8.084 8.098 8.113 8.126 8.138 8.150 8.161 8.173 8.185 8.191 8.198 8.209 8.220 8.230 8.239 8.248 8.255 8.262 8.267 8.269 8.272 8.276 8.281 8.285 8.289 8.293 8.298 8.303 8.308 8.311 8.314 8.321 8.327
7.241 7.242 7.243 7.244 7.246 7.247 7.248 7.249 7.250 7.250 7.247 7.241 7.233 7.228 7.223 7.218 7.218 7.225 7.237 7.258 7.289 7.330 7.380 7.413 7.452 7.510 7.567 7.623 7.676 7.727 7.773 7.812 7.844 7.864 7.885 7.914 7.943 7.971 7.996 8.019 8.041 8.060 8.076 8.086 8.096 8.110 8.124 8.137 8.149 8.161 8.172 8.183 8.195 8.202 8.208 8.219 8.230 8.239 8.248 8.256 8.263 8.269 8.274 8.276 8.278 8.282 8.287 8.291 8.295 8.299 8.303 8.308 8.314 8.317 8.320 8.326 8.333
7.246 7.247 7.249 7.250 7.251 7.253 7.254 7.255 7.257 7.257 7.255 7.249 7.241 7.236 7.232 7.228 7.230 7.237 7.251 7.273 7.305 7.353 7.406 7.439 7.477 7.535 7.593 7.648 7.700 7.750 7.795 7.832 7.862 7.882 7.902 7.931 7.959 7.986 8.010 8.033 8.055 8.073 8.089 8.098 8.108 8.122 8.136 8.149 8.160 8.172 8.182 8.194 8.207 8.213 8.219 8.229 8.239 8.248 8.257 8.264 8.271 8.277 8.281 8.283 8.284 8.289 8.293 8.297 8.301 8.305 8.309 8.314 8.320 8.323 8.326 8.332 8.339
7.251 7.253 7.254 7.256 7.257 7.259 7.260 7.262 7.263 7.264 7.262 7.257 7.250 7.246 7.243 7.240 7.243 7.252 7.268 7.292 7.330 7.380 7.431 7.464 7.502 7.560 7.617 7.672 7.723 7.771 7.815 7.850 7.880 7.899 7.918 7.947 7.974 8.001 8.025 8.048 8.068 8.086 8.101 8.111 8.120 8.134 8.148 8.161 8.172 8.183 8.194 8.206 8.218 8.224 8.230 8.240 8.249 8.258 8.266 8.273 8.279 8.284 8.288 8.290 8.291 8.295 8.299 8.303 8.307 8.311 8.315 8.321 8.327 8.329 8.332 8.338 8.345
7.257 7.258 7.260 7.262 7.263 7.265 7.267 7.269 7.271 7.272 7.270 7.266 7.260 7.257 7.255 7.253 7.257 7.268 7.287 7.315 7.356 7.405 7.455 7.487 7.526 7.584 7.640 7.694 7.744 7.791 7.832 7.867 7.897 7.916 7.934 7.963 7.990 8.016 8.040 8.062 8.082 8.099 8.115 8.124 8.133 8.147 8.160 8.173 8.185 8.196 8.207 8.219 8.230 8.236 8.241 8.250 8.259 8.267 8.275 8.281 8.287 8.291 8.295 8.297 8.298 8.302 8.306 8.310 8.314 8.318 8.322 8.328 8.333 8.336 8.339 8.345 8.351
7.262 7.264 7.266 7.268 7.270 7.272 7.274 7.276 7.279 7.280 7.279 7.275 7.270 7.268 7.267 7.268 7.274 7.287 7.308 7.339 7.381 7.429 7.477 7.510 7.549 7.606 7.662 7.715 7.764 7.809 7.849 7.884 7.914 7.932 7.951 7.979 8.006 8.031 8.054 8.076 8.095 8.112 8.128 8.137 8.146 8.160 8.173 8.186 8.198 8.210 8.221 8.232 8.242 8.247 8.252 8.261 8.269 8.277 8.284 8.290 8.295 8.299 8.303 8.304 8.305 8.309 8.313 8.317 8.321 8.325 8.330 8.335 8.340 8.342 8.345 8.351 8.357
7.268 7.270 7.272 7.274 7.276 7.279 7.281 7.284 7.287 7.289 7.289 7.286 7.282 7.281 7.282 7.284 7.292 7.307 7.331 7.363 7.404 7.451 7.499 7.533 7.571 7.627 7.682 7.735 7.782 7.826 7.866 7.900 7.931 7.949 7.967 7.995 8.022 8.047 8.069 8.090 8.109 8.126 8.142 8.151 8.159 8.173 8.187 8.200 8.212 8.223 8.234 8.245 8.254 8.259 8.264 8.272 8.280 8.287 8.293 8.298 8.303 8.307 8.311 8.312 8.313 8.317 8.321 8.325 8.329 8.333 8.338 8.342 8.347 8.349 8.352 8.357 8.363
7.274 7.276 7.278 7.281 7.283 7.286 7.289 7.292 7.295 7.298 7.299 7.297 7.294 7.295 7.297 7.301 7.311 7.328 7.353 7.385 7.426 7.472 7.520 7.554 7.592 7.647 7.702 7.753 7.800 7.843 7.882 7.917 7.948 7.966 7.983 8.011 8.038 8.062 8.084 8.105 8.123 8.140 8.156 8.165 8.173 8.187 8.201 8.214 8.226 8.237 8.248 8.258 8.267 8.271 8.275 8.283 8.290 8.296 8.302 8.307 8.311 8.315 8.319 8.320 8.321 8.325 8.329 8.333 8.337 8.341 8.345 8.350 8.355 8.357 8.359 8.364 8.369
7.280 7.283 7.285 7.287 7.290 7.293 7.297 7.300 7.304 7.308 7.310 7.308 7.306 7.309 7.313 7.318 7.330 7.349 7.374 7.406 7.446 7.493 7.541 7.574 7.612 7.668 7.721 7.772 7.818 7.860 7.899 7.934 7.964 7.982 8.000 8.028 8.054 8.078 8.100 8.119 8.138 8.155 8.171 8.179 8.188 8.202 8.215 8.228 8.240 8.251 8.261 8.271 8.279 8.283 8.286 8.293 8.300 8.306 8.311 8.315 8.320 8.324 8.327 8.328 8.330 8.333 8.337 8.341 8.345 8.349 8.354 8.358 8.362 8.364 8.366 8.371 8.376
7.287 7.289 7.292 7.295 7.298 7.301 7.305 7.309 7.314 7.318 7.320 7.320 7.320 7.323 7.329 7.336 7.349 7.369 7.394 7.426 7.467 7.513 7.562 7.596 7.634 7.688 7.741 7.791 7.836 7.878 7.916 7.951 7.981 7.999 8.016 8.044 8.069 8.093 8.115 8.134 8.153 8.169 8.185 8.194 8.202 8.216 8.230 8.242 8.254 8.264 8.274 8.283 8.290 8.294 8.297 8.303 8.309 8.315 8.320 8.324 8.328 8.332 8.336 8.337 8.338 8.342 8.346 8.350 8.354 8.358 8.362 8.366 8.370 8.372 8.374 8.378 8.383
7.293 7.296 7.299 7.302 7.305 7.309 7.313 7.318 7.324 7.329 7.332 7.332 7.333 7.338 7.345 7.354 7.369 7.389 7.415 7.447 7.487 7.533 7.582 7.617 7.655 7.709 7.761 7.810 7.854 7.895 7.933 7.967 7.998 8.015 8.033 8.059 8.085 8.109 8.130 8.149 8.167 8.184 8.200 8.208 8.216 8.230 8.244 8.256 8.267 8.277 8.287 8.295 8.302 8.305 8.308 8.314 8.319 8.324 8.329 8.333 8.337 8.341 8.345 8.346 8.347 8.351 8.355 8.359 8.363 8.367 8.371 8.374 8.379 8.380 8.381 8.386 8.390
7.300 7.303 7.306 7.309 7.313 7.317 7.322 7.328 7.334 7.339 7.343 7.345 7.346 7.353 7.361 7.371 7.387 7.408 7.434 7.466 7.505 7.551 7.603 7.638 7.676 7.729 7.780 7.828 7.872 7.913 7.951 7.985 8.015 8.032 8.049 8.076 8.101 8.124 8.145 8.165 8.183 8.199 8.215 8.224 8.232 8.245 8.258 8.270 8.281 8.291 8.300 8.308 8.314 8.316 8.319 8.324 8.329 8.334 8.338 8.342 8.346 8.350 8.354 8.355 8.356 8.360 8.364 8.368 8.372 8.376 8.380 8.383 8.387 8.389 8.390 8.394 8.398
7.307 7.310 7.313 7.317 7.321 7.326 7.331 7.337 7.344 7.350 7.354 7.356 7.358 7.366 7.377 7.388 7.405 7.427 7.453 7.485 7.524 7.574 7.627 7.660 7.697 7.750 7.800 7.847 7.891 7.931 7.968 8.002 8.032 8.049 8.065 8.092 8.117 8.140 8.161 8.180 8.198 8.215 8.231 8.240 8.247 8.261 8.273 8.285 8.295 8.304 8.313 8.320 8.325 8.327 8.329 8.334 8.339 8.343 8.347 8.351 8.355 8.359 8.363 8.364 8.365 8.370 8.374 8.378 8.381 8.385 8.389 8.393 8.397 8.398 8.399 8.402 8.406
7.314 7.318 7.321 7.325 7.330 7.335 7.341 7.347 7.353 7.359 7.364 7.366 7.370 7.380 7.392 7.405 7.423 7.446 7.474 7.506 7.548 7.598 7.649 7.683 7.719 7.771 7.820 7.867 7.909 7.949 7.986 8.019 8.049 8.066 8.082 8.108 8.133 8.157 8.177 8.197 8.215 8.232 8.248 8.255 8.263 8.276 8.288 8.299 8.308 8.317 8.325 8.331 8.336 8.338 8.340 8.344 8.348 8.353 8.357 8.361 8.364 8.368 8.373 8.374 8.375 8.379 8.383 8.387 8.391 8.395 8.398 8.402 8.406 8.407 8.408 8.411 8.414
7.322 7.326 7.329 7.333 7.338 7.343 7.350 7.356 7.363 7.368 7.373 7.377 7.383 7.395 7.408 7.423 7.442 7.466 7.495 7.530 7.572 7.621 7.671 7.704 7.741 7.791 7.840 7.887 7.929 7.968 8.004 8.037 8.067 8.083 8.098 8.125 8.150 8.173 8.194 8.214 8.232 8.248 8.264 8.271 8.278 8.290 8.302 8.312 8.321 8.330 8.336 8.342 8.346 8.348 8.350 8.354 8.358 8.363 8.366 8.370 8.374 8.378 8.382 8.383 8.384 8.388 8.393 8.397 8.401 8.404 8.408 8.412 8.415 8.416 8.417 8.420 8.423
7.330 7.334 7.338 7.342 7.347 7.352 7.359 7.365 7.371 7.377 7.382 7.388 7.396 7.409 7.424 7.441 7.462 7.487 7.517 7.553 7.596 7.644 7.692 7.726 7.762 7.813 7.862 7.907 7.949 7.987 8.022 8.055 8.084 8.100 8.115 8.142 8.167 8.191 8.212 8.231 8.249 8.265 8.280 8.287 8.293 8.305 8.316 8.326 8.334 8.341 8.347 8.352 8.357 8.359 8.360 8.364 8.368 8.372 8.376 8.380 8.384 8.387 8.391 8.392 8.394 8.398 8.402 8.406 8.410 8.414 8.418 8.421 8.425 8.425 8.426 8.429 8.431
7.339 7.343 7.346 7.351 7.355 7.361 7.367 7.373 7.379 7.385 7.391 7.399 7.409 7.424 7.441 7.460 7.483 7.510 7.541 7.577 7.619 7.666 7.714 7.748 7.784 7.835 7.883 7.929 7.969 8.007 8.041 8.073 8.102 8.118 8.133 8.160 8.185 8.208 8.229 8.248 8.266 8.281 8.295 8.302 8.308 8.319 8.329 8.338 8.346 8.352 8.358 8.363 8.367 8.369 8.370 8.374 8.378 8.382 8.386 8.389 8.393 8.397 8.401 8.402 8.403 8.407 8.412 8.416 8.420 8.424 8.428 8.431 8.434 8.434 8.435 8.437 8.440
7.348 7.352 7.355 7.359 7.364 7.369 7.375 7.381 7.387 7.393 7.401 7.410 7.423 7.440 7.458 7.479 7.504 7.533 7.564 7.600 7.641 7.687 7.736 7.771 7.807 7.857 7.907 7.951 7.991 8.027 8.060 8.091 8.121 8.136 8.151 8.178 8.203 8.226 8.247 8.266 8.283 8.298 8.311 8.317 8.322 8.333 8.342 8.350 8.357 8.363 8.369 8.373 8.378 8.379 8.380 8.384 8.388 8.392 8.395 8.399 8.402 8.406 8.410 8.411 8.413 8.417 8.421 8.426 8.430 8.434 8.437 8.440 8.443 8.444 8.444 8.446 8.448
7.357 7.361 7.364 7.368 7.373 7.377 7.382 7.388 7.395 7.402 7.411 7.422 7.437 7.455 7.476 7.498 7.525 7.555 7.586 7.622 7.662 7.709 7.759 7.795 7.832 7.883 7.932 7.975 8.013 8.048 8.079 8.110 8.140 8.155 8.170 8.197 8.222 8.245 8.265 8.283 8.300 8.314 8.326 8.331 8.336 8.346 8.355 8.362 8.369 8.374 8.379 8.383 8.388 8.389 8.390 8.394 8.398 8.402 8.405 8.408 8.412 8.415 8.420 8.421 8.422 8.426 8.431 8.435 8.439 8.443 8.447 8.450 8.452 8.452 8.453 8.455 8.457
7.367 7.370 7.373 7.377 7.381 7.385 7.390 7.396 7.402 7.411 7.421 7.435 7.451 7.471 7.493 7.517 7.546 7.576 7.608 7.643 7.684 7.732 7.785 7.822 7.859 7.910 7.958 7.999 8.035 8.069 8.099 8.129 8.159 8.174 8.189 8.216 8.240 8.262 8.282 8.300 8.316 8.329 8.340 8.345 8.349 8.358 8.366 8.373 8.379 8.384 8.389 8.393 8.398 8.399 8.400 8.404 8.408 8.411 8.414 8.418 8.421 8.425 8.429 8.430 8.431 8.436 8.440 8.445 8.449 8.452 8.456 8.459 8.461 8.461 8.461 8.463 8.465
7.377 7.380 7.383 7.386 7.389 7.393 7.397 7.403 7.410 7.419 7.432 7.447 7.465 7.486 7.509 7.535 7.566 7.598 7.631 7.667 7.708 7.756 7.811 7.850 7.887 7.938 7.984 8.024 8.059 8.091 8.120 8.149 8.178 8.193 8.208 8.234 8.258 8.280 8.299 8.316 8.331 8.344 8.354 8.358 8.362 8.370 8.378 8.384 8.389 8.394 8.399 8.403 8.407 8.408 8.410 8.413 8.417 8.421 8.424 8.427 8.430 8.434 8.438 8.439 8.441 8.445 8.450 8.454 8.458 8.461 8.465 8.467 8.469 8.469 8.469 8.471 8.473
7.387 7.390 7.392 7.394 7.397 7.400 7.404 7.410 7.418 7.429 7.443 7.460 7.480 7.502 7.526 7.554 7.587 7.620 7.655 7.693 7.733 7.783 7.843 7.883 7.919 7.969 8.013 8.051 8.083 8.114 8.141 8.169 8.199 8.214 8.228 8.254 8.278 8.298 8.316 8.333 8.347 8.359 8.368 8.372 8.375 8.382 8.389 8.395 8.400 8.405 8.409 8.413 8.417 8.418 8.419 8.423 8.427 8.430 8.433 8.436 8.440 8.443 8.448 8.449 8.451 8.455 8.459 8.463 8.467 8.471 8.474 8.476 8.478 8.478 8.478 8.479 8.481
7.397 7.399 7.401 7.403 7.405 7.408 7.412 7.418 7.427 7.440 7.455 7.474 7.494 7.518 7.543 7.574 7.608 7.644 7.682 7.721 7.762 7.820 7.883 7.920 7.954 8.001 8.043 8.078 8.109 8.137 8.163 8.192 8.223 8.236 8.250 8.274 8.297 8.316 8.334 8.349 8.363 8.373 8.381 8.384 8.387 8.394 8.400 8.406 8.411 8.415 8.419 8.423 8.427 8.428 8.429 8.433 8.436 8.440 8.443 8.446 8.449 8.453 8.458 8.459 8.460 8.465 8.469 8.473 8.476 8.479 8.483 8.485 8.486 8.486 8.486 8.487 8.488
7.407 7.409 7.410 7.412 7.415 7.417 7.421 7.428 7.438 7.451 7.467 7.487 7.511 7.536 7.562 7.595 7.633 7.672 7.713 7.756 7.804 7.865 7.922 7.957 7.989 8.033 8.072 8.106 8.135 8.162 8.188 8.217 8.246 8.258 8.271 8.294 8.315 8.334 8.350 8.365 8.377 8.387 8.394 8.397 8.399 8.406 8.411 8.417 8.421 8.426 8.430 8.433 8.437 8.438 8.439 8.442 8.446 8.449 8.453 8.456 8.459 8.464 8.468 8.469 8.470 8.474 8.478 8.482 8.485 8.488 8.491 8.493 8.494 8.494 8.493 8.495 8.496
7.417 7.419 7.420 7.422 7.425 7.427 7.431 7.439 7.449 7.462 7.480 7.502 7.529 7.556 7.583 7.620 7.662 7.705 7.750 7.798 7.851 7.908 7.961 7.993 8.024 8.065 8.102 8.133 8.161 8.188 8.215 8.242 8.268 8.280 8.292 8.314 8.334 8.351 8.366 8.380 8.391 8.400 8.407 8.409 8.411 8.417 8.423 8.428 8.432 8.436 8.440 8.443 8.447 8.448 8.448 8.452 8.456 8.460 8.463 8.466 8.470 8.474 8.478 8.479 8.480 8.484 8.488 8.491 8.494 8.497 8.499 8.501 8.502 8.501 8.501 8.502 8.503
7.428 7.429 7.430 7.433 7.435 7.438 7.443 7.450 7.461 7.474 7.493 7.519 7.550 7.578 7.607 7.649 7.695 7.742 7.791 7.843 7.897 7.951 7.999 8.029 8.059 8.097 8.131 8.161 8.189 8.215 8.240 8.266 8.290 8.300 8.312 8.333 8.351 8.368 8.382 8.394 8.404 8.413 8.420 8.422 8.424 8.429 8.434 8.439 8.443 8.447 8.450 8.454 8.457 8.458 8.458 8.462 8.466 8.470 8.473 8.477 8.481 8.485 8.489 8.489 8.490 8.494 8.497 8.500 8.503 8.505 8.507 8.508 8.510 8.509 8.509 8.510 8.511
7.438 7.440 7.441 7.443 7.446 7.449 7.454 7.462 7.473 7.487 7.508 7.537 7.572 7.603 7.634 7.681 7.730 7.783 7.835 7.889 7.942 7.992 8.037 8.065 8.093 8.128 8.161 8.190 8.216 8.241 8.266 8.289 8.311 8.321 8.332 8.351 8.368 8.384 8.397 8.408 8.418 8.426 8.432 8.434 8.436 8.441 8.446 8.450 8.454 8.457 8.461 8.464 8.467 8.468 8.469 8.473 8.477 8.481 8.484 8.488 8.492 8.495 8.499 8.500 8.500 8.503 8.506 8.509 8.511 8.513 8.515 8.516 8.518 8.517 8.517 8.518 8.519
7.449 7.451 7.452 7.455 7.458 7.461 7.466 7.475 7.486 7.501 7.525 7.558 7.598 7.630 7.665 7.716 7.770 7.825 7.880 7.934 7.985 8.033 8.074 8.101 8.126 8.159 8.190 8.218 8.243 8.267 8.290 8.311 8.331 8.341 8.351 8.369 8.385 8.399 8.412 8.423 8.432 8.439 8.445 8.447 8.449 8.453 8.458 8.462 8.465 8.468 8.471 8.475 8.478 8.479 8.480 8.483 8.488 8.492 8.495 8.499 8.503 8.506 8.509 8.510 8.510 8.513 8.516 8.518 8.520 8.522 8.523 8.524 8.526 8.525 8.525 8.526 8.526
7.460 7.462 7.463 7.466 7.469 7.472 7.478 7.487 7.499 7.516 7.542 7.580 7.626 7.661 7.698 7.754 7.811 7.868 7.924 7.977 8.028 8.072 8.111 8.135 8.159 8.190 8.218 8.245 8.269 8.291 8.313 8.333 8.352 8.360 8.370 8.386 8.401 8.415 8.426 8.436 8.445 8.452 8.458 8.460 8.461 8.466 8.470 8.473 8.477 8.479 8.482 8.486 8.489 8.490 8.491 8.495 8.499 8.503 8.507 8.511 8.514 8.517 8.520 8.520 8.521 8.523 8.525 8.527 8.529 8.530 8.532 8.533 8.534 8.533 8.533 8.534 8.534
7.470 7.472 7.473 7.476 7.480 7.484 7.490 7.500 7.513 7.532 7.563 7.606 7.656 7.693 7.733 7.793 7.852 7.910 7.965 8.017 8.065 8.107 8.143 8.166 8.188 8.217 8.244 8.269 8.292 8.313 8.334 8.353 8.370 8.379 8.387 8.402 8.416 8.429 8.440 8.450 8.458 8.465 8.471 8.472 8.474 8.478 8.482 8.485 8.488 8.491 8.493 8.497 8.500 8.501 8.502 8.506 8.510 8.514 8.518 8.522 8.525 8.528 8.530 8.530 8.531 8.532 8.534 8.536 8.538 8.539 8.540 8.541 8.542 8.541 8.541 8.542 8.542
