TsunamiDB/out54153.asc
ncols          264
nrows          230
xllcorner      497853.4375
yllcorner      4229146.0000
cellsize         5.
NODATA_value   -99
[rows 136 to 169 of 230, columns 77 to 153 of 264]
6.735 6.740 6.744 6.749 6.754 6.758 6.763 6.769 6.774 6.779 6.785 6.790 6.796 6.801 6.807 6.813 6.819 6.825 6.830 6.836 6.842 6.848 6.854 6.860 6.866 6.871 6.876 6.881 6.885 6.890 6.894 6.899 6.903 6.907 6.911 6.915 6.919 6.923 6.926 6.930 6.934 6.937 6.941 6.945 6.948 6.952 6.956 6.960 6.963 6.966 6.969 6.972 6.975 6.978 6.980 6.983 6.986 6.988 6.991 6.993 6.996 6.998 7.001 7.003 7.005 7.008 7.011 7.013 7.016 7.020 7.023 7.026 7.029 7.033 7.036 7.040 7.043
6.744 6.748 6.753 6.757 6.762 6.766 6.771 6.776 6.781 6.786 6.792 6.797 6.803 6.808 6.814 6.820 6.825 6.831 6.837 6.843 6.848 6.854 6.860 6.867 6.872 6.877 6.882 6.887 6.892 6.897 6.901 6.906 6.910 6.914 6.918 6.922 6.926 6.930 6.933 6.937 6.941 6.944 6.948 6.951 6.955 6.959 6.963 6.966 6.970 6.973 6.976 6.979 6.982 6.984 6.987 6.990 6.992 6.995 6.997 7.000 7.002 7.004 7.007 7.009 7.011 7.014 7.017 7.019 7.023 7.026 7.029 7.032 7.035 7.038 7.041 7.045 7.048
6.753 6.757 6.761 6.765 6.770 6.774 6.779 6.784 6.789 6.794 6.799 6.804 6.810 6.815 6.821 6.826 6.832 6.838 6.844 6.849 6.855 6.861 6.867 6.873 6.879 6.884 6.889 6.894 6.899 6.903 6.908 6.912 6.917 6.921 6.925 6.929 6.933 6.937 6.940 6.944 6.948 6.951 6.955 6.958 6.962 6.966 6.970 6.973 6.976 6.979 6.982 6.985 6.988 6.991 6.994 6.996 6.999 7.001 7.004 7.006 7.008 7.011 7.013 7.015 7.018 7.020 7.023 7.025 7.028 7.032 7.034 7.037 7.040 7.043 7.047 7.050 7.053
6.762 6.766 6.770 6.774 6.778 6.782 6.787 6.791 6.796 6.801 6.806 6.811 6.817 6.822 6.828 6.833 6.839 6.844 6.850 6.856 6.862 6.868 6.874 6.880 6.885 6.891 6.896 6.901 6.906 6.910 6.915 6.919 6.924 6.928 6.932 6.936 6.940 6.943 6.947 6.951 6.955 6.958 6.962 6.965 6.969 6.973 6.977 6.980 6.983 6.986 6.989 6.992 6.995 6.998 7.000 7.003 7.005 7.008 7.010 7.012 7.015 7.017 7.019 7.021 7.024 7.026 7.029 7.031 7.034 7.037 7.040 7.043 7.046 7.049 7.052 7.055 7.058
6.771 6.775 6.778 6.782 6.786 6.791 6.795 6.799 6.804 6.809 6.813 6.819 6.824 6.829 6.834 6.840 6.845 6.851 6.857 6.862 6.868 6.874 6.881 6.887 6.892 6.897 6.902 6.907 6.912 6.917 6.921 6.926 6.930 6.935 6.939 6.943 6.947 6.950 6.954 6.958 6.961 6.965 6.969 6.972 6.976 6.980 6.984 6.987 6.990 6.993 6.996 6.999 7.002 7.004 7.007 7.009 7.012 7.014 7.017 7.019 7.021 7.023 7.025 7.028 7.030 7.032 7.035 7.037 7.040 7.043 7.046 7.048 7.051 7.054 7.057 7.060 7.063
6.780 6.783 6.787 6.791 6.795 6.799 6.803 6.807 6.812 6.816 6.821 6.826 6.831 6.836 6.841 6.847 6.852 6.858 6.863 6.869 6.875 6.881 6.887 6.893 6.898 6.904 6.909 6.914 6.919 6.923 6.928 6.933 6.937 6.941 6.945 6.949 6.953 6.957 6.961 6.965 6.968 6.972 6.975 6.979 6.983 6.987 6.990 6.994 6.997 7.000 7.003 7.006 7.008 7.011 7.014 7.016 7.019 7.021 7.023 7.025 7.027 7.030 7.032 7.034 7.036 7.038 7.041 7.043 7.046 7.049 7.051 7.054 7.057 7.059 7.062 7.065 7.068
6.789 6.792 6.796 6.800 6.803 6.807 6.811 6.815 6.819 6.824 6.828 6.833 6.838 6.843 6.848 6.853 6.859 6.864 6.870 6.876 6.881 6.887 6.893 6.899 6.905 6.910 6.915 6.920 6.925 6.930 6.935 6.939 6.944 6.948 6.952 6.956 6.960 6.964 6.968 6.971 6.975 6.979 6.982 6.986 6.990 6.994 6.997 7.000 7.004 7.007 7.010 7.012 7.015 7.018 7.020 7.023 7.025 7.027 7.030 7.032 7.034 7.036 7.038 7.040 7.042 7.044 7.047 7.049 7.052 7.055 7.057 7.059 7.062 7.065 7.068 7.071 7.074
6.798 6.801 6.805 6.808 6.812 6.816 6.819 6.823 6.827 6.831 6.836 6.840 6.845 6.850 6.855 6.860 6.865 6.871 6.876 6.882 6.888 6.894 6.900 6.906 6.911 6.916 6.922 6.927 6.932 6.936 6.941 6.946 6.950 6.954 6.959 6.963 6.967 6.971 6.974 6.978 6.982 6.985 6.989 6.993 6.996 7.000 7.004 7.007 7.010 7.013 7.016 7.019 7.022 7.024 7.027 7.029 7.032 7.034 7.036 7.038 7.040 7.042 7.044 7.046 7.048 7.050 7.053 7.055 7.058 7.060 7.063 7.065 7.068 7.070 7.073 7.076 7.079
6.807 6.810 6.814 6.817 6.821 6.824 6.828 6.831 6.835 6.839 6.843 6.848 6.852 6.857 6.862 6.867 6.872 6.877 6.883 6.888 6.894 6.900 6.906 6.912 6.917 6.923 6.928 6.933 6.938 6.943 6.947 6.952 6.956 6.961 6.965 6.969 6.973 6.977 6.981 6.985 6.988 6.992 6.996 6.999 7.003 7.007 7.011 7.014 7.017 7.020 7.023 7.026 7.028 7.031 7.034 7.036 7.038 7.040 7.043 7.045 7.047 7.049 7.051 7.052 7.054 7.056 7.059 7.061 7.063 7.066 7.068 7.071 7.073 7.076 7.078 7.081 7.084
6.816 6.819 6.823 6.826 6.829 6.833 6.836 6.840 6.843 6.847 6.851 6.855 6.860 6.864 6.869 6.874 6.879 6.884 6.889 6.895 6.900 6.906 6.912 6.918 6.923 6.929 6.934 6.939 6.944 6.949 6.954 6.958 6.963 6.967 6.971 6.975 6.979 6.983 6.987 6.991 6.995 6.999 7.002 7.006 7.010 7.014 7.017 7.020 7.024 7.027 7.029 7.032 7.035 7.038 7.040 7.042 7.045 7.047 7.049 7.051 7.053 7.055 7.057 7.059 7.061 7.062 7.064 7.067 7.069 7.072 7.074 7.076 7.079 7.081 7.083 7.086 7.089
6.824 6.828 6.831 6.835 6.838 6.841 6.845 6.848 6.852 6.855 6.859 6.863 6.867 6.872 6.876 6.881 6.886 6.891 6.896 6.901 6.907 6.912 6.918 6.924 6.930 6.935 6.940 6.945 6.950 6.955 6.960 6.964 6.969 6.973 6.977 6.982 6.986 6.990 6.994 6.998 7.001 7.005 7.009 7.012 7.016 7.020 7.024 7.027 7.030 7.033 7.036 7.039 7.041 7.044 7.046 7.049 7.051 7.053 7.055 7.057 7.059 7.061 7.063 7.065 7.067 7.068 7.070 7.073 7.075 7.077 7.080 7.082 7.084 7.086 7.089 7.091 7.094
6.833 6.837 6.840 6.844 6.847 6.850 6.853 6.857 6.860 6.863 6.867 6.871 6.875 6.879 6.883 6.888 6.893 6.898 6.903 6.908 6.913 6.919 6.925 6.930 6.936 6.941 6.946 6.951 6.956 6.961 6.966 6.970 6.975 6.979 6.984 6.988 6.992 6.996 7.000 7.004 7.008 7.011 7.015 7.019 7.022 7.026 7.030 7.033 7.036 7.039 7.042 7.045 7.048 7.050 7.053 7.055 7.057 7.059 7.061 7.063 7.065 7.067 7.069 7.071 7.072 7.074 7.076 7.078 7.081 7.083 7.085 7.087 7.089 7.092 7.094 7.096 7.099
6.842 6.846 6.849 6.853 6.856 6.859 6.862 6.865 6.868 6.872 6.875 6.879 6.883 6.887 6.891 6.895 6.900 6.904 6.909 6.914 6.920 6.925 6.931 6.937 6.942 6.947 6.952 6.957 6.962 6.967 6.972 6.976 6.981 6.985 6.990 6.994 6.998 7.002 7.006 7.010 7.014 7.017 7.021 7.025 7.029 7.033 7.036 7.039 7.043 7.046 7.048 7.051 7.054 7.056 7.059 7.061 7.063 7.065 7.067 7.069 7.071 7.073 7.075 7.077 7.078 7.080 7.082 7.084 7.086 7.089 7.091 7.093 7.095 7.097 7.099 7.101 7.104
6.850 6.854 6.858 6.861 6.865 6.868 6.871 6.874 6.877 6.880 6.884 6.887 6.891 6.894 6.898 6.903 6.907 6.911 6.916 6.921 6.926 6.932 6.937 6.943 6.948 6.953 6.958 6.963 6.968 6.973 6.978 6.982 6.987 6.991 6.996 7.000 7.004 7.008 7.012 7.016 7.020 7.023 7.027 7.031 7.035 7.039 7.042 7.046 7.049 7.052 7.055 7.057 7.060 7.062 7.065 7.067 7.069 7.071 7.073 7.075 7.077 7.079 7.081 7.082 7.084 7.086 7.088 7.090 7.092 7.094 7.096 7.098 7.100 7.102 7.104 7.107 7.109
6.859 6.863 6.867 6.870 6.873 6.877 6.880 6.883 6.886 6.889 6.892 6.895 6.899 6.902 6.906 6.910 6.914 6.919 6.923 6.928 6.933 6.938 6.944 6.949 6.954 6.959 6.964 6.969 6.974 6.979 6.984 6.988 6.993 6.997 7.001 7.006 7.010 7.014 7.018 7.022 7.026 7.029 7.033 7.037 7.041 7.045 7.048 7.052 7.055 7.058 7.060 7.063 7.066 7.068 7.071 7.073 7.075 7.077 7.079 7.081 7.083 7.085 7.086 7.088 7.090 7.091 7.093 7.095 7.097 7.099 7.101 7.103 7.105 7.107 7.109 7.112 7.114
6.867 6.871 6.875 6.879 6.882 6.885 6.888 6.891 6.894 6.897 6.901 6.904 6.907 6.910 6.914 6.918 6.922 6.926 6.931 6.935 6.940 6.945 6.951 6.956 6.961 6.966 6.971 6.975 6.980 6.985 6.990 6.994 6.999 7.003 7.007 7.012 7.016 7.020 7.024 7.028 7.032 7.035 7.039 7.043 7.047 7.051 7.054 7.057 7.061 7.064 7.066 7.069 7.072 7.074 7.077 7.079 7.081 7.083 7.085 7.087 7.088 7.090 7.092 7.093 7.095 7.097 7.098 7.100 7.103 7.105 7.106 7.108 7.110 7.112 7.114 7.116 7.119
6.875 6.879 6.883 6.887 6.891 6.894 6.897 6.900 6.903 6.906 6.909 6.912 6.915 6.919 6.922 6.926 6.930 6.934 6.938 6.942 6.947 6.952 6.957 6.963 6.967 6.972 6.977 6.982 6.986 6.991 6.996 7.000 7.005 7.009 7.013 7.018 7.022 7.026 7.030 7.034 7.038 7.041 7.045 7.049 7.053 7.057 7.060 7.063 7.066 7.069 7.072 7.075 7.077 7.080 7.082 7.084 7.087 7.088 7.090 7.092 7.094 7.096 7.097 7.099 7.100 7.102 7.104 7.106 7.108 7.110 7.112 7.113 7.115 7.117 7.119 7.121 7.123
6.882 6.887 6.891 6.895 6.899 6.902 6.906 6.909 6.912 6.915 6.918 6.921 6.924 6.927 6.930 6.934 6.938 6.941 6.945 6.950 6.954 6.959 6.964 6.969 6.974 6.979 6.983 6.988 6.993 6.997 7.002 7.006 7.011 7.015 7.019 7.024 7.028 7.032 7.036 7.040 7.044 7.047 7.051 7.055 7.058 7.062 7.066 7.069 7.072 7.075 7.078 7.081 7.083 7.086 7.088 7.090 7.092 7.094 7.096 7.098 7.099 7.101 7.103 7.104 7.106 7.107 7.109 7.111 7.113 7.115 7.117 7.118 7.120 7.122 7.124 7.126 7.128
6.889 6.894 6.899 6.903 6.907 6.911 6.914 6.917 6.921 6.924 6.927 6.929 6.932 6.936 6.939 6.942 6.946 6.949 6.953 6.957 6.962 6.966 6.971 6.976 6.981 6.985 6.990 6.994 6.999 7.004 7.008 7.013 7.017 7.021 7.026 7.030 7.034 7.038 7.042 7.046 7.050 7.053 7.057 7.061 7.064 7.068 7.072 7.075 7.078 7.081 7.084 7.086 7.089 7.091 7.094 7.096 7.098 7.100 7.101 7.103 7.105 7.106 7.108 7.109 7.111 7.112 7.114 7.116 7.118 7.120 7.121 7.123 7.125 7.127 7.128 7.130 7.132
6.896 6.901 6.906 6.911 6.915 6.919 6.922 6.926 6.929 6.932 6.935 6.938 6.941 6.944 6.947 6.950 6.954 6.957 6.961 6.965 6.969 6.974 6.979 6.983 6.988 6.992 6.997 7.001 7.006 7.010 7.014 7.019 7.023 7.027 7.032 7.036 7.040 7.044 7.048 7.052 7.056 7.059 7.063 7.067 7.070 7.074 7.078 7.081 7.084 7.087 7.090 7.092 7.095 7.097 7.099 7.101 7.103 7.105 7.107 7.108 7.110 7.112 7.113 7.115 7.116 7.117 7.119 7.121 7.123 7.125 7.126 7.128 7.129 7.131 7.133 7.135 7.137
6.902 6.908 6.913 6.918 6.922 6.926 6.930 6.934 6.937 6.940 6.944 6.947 6.950 6.953 6.956 6.959 6.962 6.965 6.969 6.973 6.977 6.981 6.986 6.990 6.995 6.999 7.003 7.008 7.012 7.016 7.021 7.025 7.029 7.034 7.038 7.042 7.046 7.050 7.054 7.058 7.062 7.065 7.069 7.073 7.076 7.080 7.084 7.087 7.090 7.093 7.095 7.098 7.100 7.103 7.105 7.107 7.109 7.111 7.112 7.114 7.115 7.117 7.118 7.120 7.121 7.123 7.124 7.126 7.128 7.129 7.131 7.133 7.134 7.136 7.138 7.139 7.141
6.908 6.914 6.920 6.925 6.929 6.934 6.938 6.942 6.945 6.949 6.952 6.955 6.958 6.961 6.964 6.967 6.970 6.973 6.977 6.980 6.984 6.989 6.994 6.998 7.002 7.006 7.010 7.014 7.019 7.023 7.027 7.032 7.036 7.040 7.044 7.048 7.052 7.056 7.060 7.064 7.068 7.071 7.075 7.079 7.083 7.087 7.090 7.093 7.096 7.099 7.101 7.104 7.106 7.108 7.110 7.112 7.114 7.116 7.118 7.119 7.121 7.122 7.124 7.125 7.126 7.128 7.129 7.131 7.133 7.134 7.136 7.137 7.139 7.140 7.142 7.144 7.146
6.914 6.920 6.926 6.931 6.936 6.941 6.945 6.949 6.953 6.956 6.960 6.963 6.966 6.969 6.972 6.975 6.978 6.981 6.985 6.988 6.992 6.997 7.001 7.005 7.009 7.013 7.017 7.021 7.025 7.030 7.034 7.038 7.042 7.046 7.050 7.055 7.059 7.062 7.066 7.070 7.074 7.078 7.081 7.085 7.089 7.093 7.096 7.099 7.102 7.104 7.107 7.110 7.112 7.114 7.116 7.118 7.120 7.122 7.123 7.125 7.126 7.128 7.129 7.130 7.132 7.133 7.134 7.136 7.138 7.139 7.141 7.142 7.144 7.145 7.147 7.148 7.150
6.920 6.926 6.931 6.937 6.942 6.947 6.952 6.956 6.960 6.964 6.967 6.971 6.974 6.977 6.980 6.983 6.986 6.989 6.993 6.996 7.000 7.004 7.008 7.012 7.016 7.020 7.024 7.028 7.032 7.036 7.040 7.044 7.049 7.053 7.057 7.061 7.065 7.069 7.073 7.076 7.080 7.084 7.087 7.091 7.095 7.099 7.102 7.105 7.108 7.110 7.113 7.115 7.118 7.120 7.122 7.124 7.126 7.127 7.129 7.130 7.132 7.133 7.134 7.136 7.137 7.138 7.140 7.141 7.143 7.144 7.146 7.147 7.148 7.150 7.151 7.153 7.154
6.925 6.931 6.937 6.943 6.948 6.953 6.958 6.963 6.967 6.971 6.975 6.978 6.982 6.985 6.988 6.991 6.994 6.997 7.001 7.004 7.008 7.012 7.016 7.019 7.023 7.027 7.031 7.035 7.039 7.043 7.047 7.051 7.055 7.059 7.063 7.067 7.071 7.075 7.079 7.082 7.086 7.090 7.093 7.097 7.101 7.105 7.108 7.111 7.114 7.116 7.119 7.121 7.124 7.126 7.128 7.130 7.131 7.133 7.135 7.136 7.137 7.139 7.140 7.141 7.142 7.143 7.145 7.147 7.148 7.149 7.151 7.152 7.153 7.155 7.156 7.157 7.159
6.929 6.936 6.942 6.948 6.953 6.959 6.964 6.969 6.973 6.978 6.982 6.985 6.989 6.992 6.996 6.999 7.002 7.005 7.008 7.012 7.015 7.019 7.023 7.027 7.030 7.034 7.038 7.042 7.045 7.049 7.053 7.057 7.061 7.065 7.069 7.073 7.077 7.081 7.085 7.089 7.092 7.096 7.099 7.103 7.107 7.111 7.114 7.117 7.120 7.122 7.125 7.127 7.130 7.132 7.134 7.135 7.137 7.139 7.140 7.142 7.143 7.144 7.145 7.147 7.148 7.149 7.150 7.152 7.153 7.154 7.156 7.157 7.158 7.159 7.161 7.162 7.164
6.934 6.940 6.946 6.953 6.958 6.964 6.969 6.974 6.979 6.984 6.988 6.992 6.996 6.999 7.003 7.006 7.009 7.013 7.016 7.019 7.023 7.027 7.030 7.034 7.037 7.041 7.044 7.048 7.052 7.056 7.060 7.064 7.068 7.071 7.075 7.079 7.083 7.087 7.091 7.095 7.098 7.102 7.105 7.109 7.113 7.117 7.120 7.123 7.126 7.128 7.131 7.133 7.135 7.137 7.139 7.141 7.143 7.144 7.146 7.147 7.149 7.150 7.151 7.152 7.153 7.154 7.156 7.157 7.159 7.160 7.161 7.162 7.163 7.164 7.166 7.167 7.168
6.938 6.944 6.951 6.957 6.963 6.969 6.974 6.980 6.985 6.989 6.994 6.998 7.002 7.006 7.010 7.013 7.017 7.020 7.023 7.026 7.030 7.034 7.038 7.041 7.044 7.048 7.051 7.055 7.058 7.062 7.066 7.070 7.074 7.078 7.081 7.085 7.089 7.093 7.097 7.100 7.104 7.108 7.111 7.115 7.119 7.123 7.126 7.129 7.131 7.134 7.137 7.139 7.141 7.143 7.145 7.147 7.149 7.150 7.152 7.153 7.154 7.155 7.157 7.158 7.159 7.160 7.161 7.163 7.164 7.165 7.166 7.167 7.168 7.170 7.171 7.172 7.173
6.942 6.948 6.955 6.961 6.967 6.973 6.979 6.984 6.990 6.995 6.999 7.004 7.008 7.012 7.016 7.020 7.023 7.027 7.030 7.033 7.037 7.041 7.044 7.048 7.051 7.054 7.058 7.061 7.065 7.068 7.072 7.076 7.080 7.084 7.087 7.091 7.095 7.099 7.103 7.106 7.110 7.114 7.117 7.121 7.125 7.128 7.131 7.134 7.137 7.140 7.142 7.145 7.147 7.149 7.151 7.153 7.154 7.156 7.157 7.159 7.160 7.161 7.162 7.163 7.164 7.165 7.167 7.168 7.170 7.171 7.172 7.173 7.174 7.175 7.176 7.177 7.178
6.945 6.952 6.959 6.965 6.971 6.977 6.983 6.989 6.994 6.999 7.004 7.009 7.014 7.018 7.022 7.026 7.030 7.033 7.037 7.040 7.044 7.048 7.051 7.054 7.058 7.061 7.064 7.068 7.071 7.075 7.078 7.082 7.086 7.089 7.093 7.097 7.101 7.104 7.108 7.112 7.115 7.119 7.123 7.126 7.130 7.134 7.137 7.140 7.143 7.145 7.148 7.150 7.152 7.155 7.156 7.158 7.160 7.161 7.163 7.164 7.166 7.167 7.168 7.169 7.170 7.171 7.172 7.174 7.175 7.176 7.177 7.178 7.179 7.180 7.181 7.182 7.184
6.949 6.955 6.962 6.968 6.975 6.981 6.987 6.993 6.998 7.004 7.009 7.014 7.019 7.023 7.028 7.032 7.036 7.039 7.043 7.046 7.050 7.054 7.058 7.061 7.064 7.067 7.070 7.074 7.077 7.081 7.084 7.088 7.091 7.095 7.099 7.102 7.106 7.110 7.114 7.117 7.121 7.124 7.128 7.132 7.136 7.139 7.142 7.145 7.148 7.151 7.153 7.156 7.158 7.160 7.162 7.164 7.165 7.167 7.168 7.170 7.171 7.172 7.173 7.174 7.175 7.177 7.178 7.179 7.181 7.182 7.182 7.183 7.185 7.186 7.187 7.188 7.189
6.952 6.958 6.965 6.971 6.978 6.984 6.990 6.996 7.002 7.007 7.013 7.018 7.023 7.028 7.033 7.037 7.041 7.045 7.049 7.052 7.056 7.060 7.064 7.067 7.070 7.073 7.077 7.080 7.083 7.086 7.090 7.093 7.097 7.100 7.104 7.108 7.111 7.115 7.119 7.122 7.126 7.130 7.133 7.137 7.141 7.144 7.148 7.150 7.153 7.156 7.159 7.161 7.163 7.165 7.167 7.169 7.171 7.172 7.174 7.175 7.176 7.178 7.179 7.180 7.181 7.182 7.183 7.185 7.186 7.187 7.188 7.189 7.190 7.191 7.192 7.193 7.194
6.955 6.961 6.968 6.974 6.980 6.987 6.993 6.999 7.005 7.011 7.016 7.022 7.027 7.032 7.037 7.042 7.046 7.050 7.054 7.058 7.062 7.066 7.070 7.073 7.076 7.079 7.082 7.085 7.089 7.092 7.095 7.099 7.102 7.106 7.109 7.113 7.116 7.120 7.124 7.127 7.131 7.135 7.138 7.142 7.146 7.149 7.153 7.156 7.158 7.161 7.164 7.166 7.168 7.170 7.172 7.174 7.176 7.178 7.179 7.180 7.182 7.183 7.184 7.185 7.186 7.187 7.189 7.190 7.191 7.192 7.193 7.194 7.195 7.196 7.197 7.198 7.199
6.957 6.964 6.970 6.977 6.983 6.989 6.995 7.001 7.008 7.013 7.019 7.025 7.030 7.036 7.041 7.046 7.050 7.055 7.059 7.063 7.067 7.071 7.075 7.078 7.081 7.085 7.088 7.091 7.094 7.097 7.100 7.104 7.107 7.111 7.114 7.118 7.121 7.125 7.129 7.132 7.136 7.139 7.143 7.147 7.151 7.154 7.157 7.160 7.163 7.166 7.168 7.171 7.173 7.175 7.177 7.179 7.181 7.183 7.184 7.186 7.187 7.188 7.189 7.190 7.192 7.193 7.194 7.195 7.197 7.198 7.199 7.200 7.201 7.202 7.203 7.204 7.205
