TsunamiDB/out54152.asc
ncols          264
nrows          230
xllcorner      497853.4375
yllcorner      4229146.0000
cellsize         5.
NODATA_value   -99
[rows 0 to 33 of 230, columns 77 to 153 of 264]
5.944 5.955 5.966 5.976 5.986 5.996 6.006 6.016 6.026 6.035 6.043 6.051 6.059 6.067 6.075 6.083 6.092 6.100 6.108 6.116 6.124 6.132 6.140 6.148 6.156 6.164 6.172 6.180 6.188 6.196 6.204 6.213 6.220 6.227 6.233 6.240 6.246 6.253 6.259 6.265 6.272 6.278 6.284 6.291 6.297 6.304 6.311 6.317 6.324 6.331 6.338 6.346 6.353 6.362 6.369 6.377 6.384 6.391 6.398 6.405 6.412 6.419 6.426 6.432 6.439 6.445 6.452 6.458 6.464 6.470 6.476 6.482 6.488 6.493 6.499 6.504 6.510
5.947 5.958 5.969 5.980 5.990 6.000 6.011 6.021 6.031 6.040 6.048 6.056 6.064 6.073 6.081 6.089 6.097 6.105 6.113 6.121 6.129 6.137 6.145 6.153 6.161 6.169 6.177 6.185 6.193 6.201 6.210 6.218 6.225 6.232 6.239 6.246 6.252 6.258 6.265 6.271 6.278 6.284 6.290 6.297 6.303 6.309 6.316 6.323 6.329 6.336 6.343 6.351 6.358 6.366 6.374 6.381 6.388 6.395 6.402 6.409 6.416 6.423 6.430 6.437 6.444 6.450 6.457 6.463 6.469 6.476 6.482 6.487 6.493 6.499 6.504 6.510 6.516
5.950 5.961 5.972 5.983 5.994 6.004 6.015 6.025 6.035 6.044 6.052 6.061 6.069 6.077 6.086 6.094 6.102 6.110 6.118 6.126 6.134 6.142 6.150 6.158 6.166 6.174 6.182 6.190 6.198 6.207 6.215 6.223 6.230 6.237 6.244 6.251 6.257 6.264 6.270 6.277 6.283 6.289 6.296 6.302 6.309 6.315 6.321 6.328 6.335 6.342 6.348 6.356 6.363 6.371 6.379 6.386 6.393 6.400 6.407 6.414 6.421 6.428 6.435 6.441 6.448 6.455 6.461 6.468 6.474 6.481 6.487 6.493 6.499 6.504 6.510 6.516 6.522
5.951 5.963 5.974 5.986 5.997 6.007 6.018 6.029 6.039 6.048 6.057 6.065 6.074 6.082 6.090 6.098 6.107 6.115 6.123 6.131 6.139 6.147 6.155 6.163 6.171 6.179 6.187 6.195 6.203 6.211 6.220 6.228 6.235 6.242 6.249 6.256 6.263 6.269 6.276 6.282 6.289 6.295 6.301 6.308 6.314 6.320 6.327 6.333 6.340 6.347 6.354 6.361 6.368 6.376 6.383 6.390 6.397 6.404 6.411 6.418 6.425 6.432 6.439 6.446 6.453 6.459 6.466 6.473 6.479 6.486 6.492 6.498 6.504 6.510 6.516 6.522 6.528
5.952 5.964 5.976 5.988 5.999 6.010 6.021 6.032 6.042 6.051 6.060 6.069 6.078 6.086 6.095 6.103 6.111 6.119 6.128 6.136 6.144 6.152 6.160 6.168 6.176 6.184 6.192 6.200 6.208 6.216 6.225 6.233 6.240 6.247 6.254 6.261 6.267 6.274 6.281 6.287 6.294 6.300 6.307 6.313 6.319 6.326 6.332 6.339 6.345 6.352 6.358 6.365 6.373 6.380 6.388 6.395 6.401 6.408 6.415 6.422 6.429 6.436 6.443 6.450 6.457 6.464 6.470 6.477 6.484 6.490 6.497 6.503 6.509 6.515 6.521 6.527 6.533
5.953 5.965 5.977 5.989 6.000 6.012 6.023 6.034 6.045 6.054 6.064 6.073 6.081 6.090 6.099 6.107 6.115 6.124 6.132 6.140 6.148 6.156 6.164 6.172 6.180 6.188 6.196 6.204 6.212 6.221 6.229 6.237 6.244 6.251 6.258 6.265 6.272 6.279 6.285 6.292 6.299 6.305 6.312 6.318 6.324 6.331 6.337 6.344 6.350 6.357 6.363 6.370 6.377 6.385 6.392 6.399 6.406 6.412 6.419 6.426 6.433 6.440 6.447 6.454 6.461 6.468 6.475 6.481 6.488 6.495 6.501 6.508 6.514 6.520 6.527 6.533 6.539
5.953 5.965 5.977 5.989 6.001 6.013 6.024 6.036 6.047 6.057 6.066 6.075 6.084 6.093 6.102 6.111 6.119 6.128 6.136 6.144 6.152 6.161 6.169 6.177 6.185 6.193 6.201 6.209 6.217 6.225 6.233 6.241 6.249 6.256 6.263 6.270 6.277 6.283 6.290 6.297 6.303 6.310 6.316 6.323 6.329 6.336 6.342 6.349 6.355 6.362 6.368 6.375 6.382 6.389 6.396 6.403 6.410 6.417 6.423 6.430 6.437 6.444 6.451 6.458 6.465 6.472 6.479 6.486 6.492 6.499 6.506 6.512 6.519 6.525 6.532 6.538 6.544
5.952 5.965 5.977 5.989 6.001 6.013 6.025 6.037 6.048 6.058 6.068 6.078 6.087 6.096 6.105 6.114 6.123 6.131 6.140 6.148 6.156 6.165 6.173 6.181 6.189 6.197 6.205 6.213 6.221 6.229 6.237 6.245 6.253 6.260 6.267 6.274 6.281 6.288 6.294 6.301 6.308 6.314 6.321 6.328 6.334 6.341 6.347 6.353 6.360 6.366 6.373 6.380 6.386 6.394 6.401 6.407 6.414 6.421 6.427 6.434 6.441 6.448 6.455 6.461 6.468 6.475 6.482 6.489 6.496 6.503 6.510 6.517 6.523 6.530 6.536 6.543 6.549
5.951 5.964 5.976 5.989 6.001 6.013 6.025 6.037 6.048 6.059 6.069 6.079 6.089 6.098 6.107 6.116 6.125 6.134 6.143 6.151 6.160 6.168 6.176 6.185 6.193 6.201 6.209 6.217 6.225 6.233 6.241 6.249 6.257 6.264 6.271 6.278 6.285 6.292 6.298 6.305 6.312 6.319 6.325 6.332 6.339 6.345 6.352 6.358 6.364 6.371 6.377 6.384 6.391 6.398 6.405 6.411 6.418 6.425 6.431 6.438 6.444 6.451 6.458 6.465 6.472 6.479 6.486 6.493 6.500 6.507 6.514 6.521 6.528 6.534 6.541 6.547 6.554
5.950 5.963 5.975 5.987 6.000 6.012 6.024 6.037 6.048 6.059 6.069 6.080 6.089 6.099 6.109 6.118 6.127 6.137 6.145 6.154 6.163 6.171 6.180 6.188 6.196 6.204 6.212 6.220 6.228 6.237 6.245 6.253 6.260 6.267 6.274 6.281 6.288 6.295 6.302 6.309 6.316 6.323 6.329 6.336 6.343 6.349 6.356 6.362 6.369 6.375 6.382 6.388 6.395 6.402 6.409 6.416 6.422 6.428 6.435 6.441 6.448 6.455 6.462 6.468 6.475 6.482 6.489 6.496 6.504 6.511 6.518 6.525 6.531 6.538 6.545 6.552 6.559
5.949 5.961 5.974 5.986 5.998 6.011 6.023 6.036 6.047 6.058 6.069 6.079 6.090 6.100 6.110 6.119 6.129 6.138 6.147 6.156 6.165 6.174 6.182 6.191 6.199 6.207 6.216 6.224 6.232 6.240 6.248 6.256 6.264 6.271 6.278 6.285 6.292 6.299 6.306 6.313 6.320 6.326 6.333 6.340 6.347 6.353 6.360 6.366 6.373 6.379 6.386 6.392 6.399 6.406 6.413 6.419 6.426 6.432 6.438 6.445 6.451 6.458 6.465 6.472 6.479 6.486 6.493 6.500 6.507 6.514 6.521 6.528 6.535 6.542 6.549 6.556 6.563
5.948 5.960 5.972 5.985 5.997 6.009 6.022 6.034 6.046 6.057 6.068 6.079 6.089 6.099 6.110 6.120 6.129 6.139 6.148 6.158 6.167 6.176 6.185 6.193 6.202 6.210 6.218 6.226 6.235 6.243 6.251 6.259 6.267 6.274 6.281 6.288 6.295 6.302 6.309 6.316 6.323 6.330 6.337 6.344 6.350 6.357 6.364 6.370 6.377 6.383 6.390 6.396 6.403 6.410 6.417 6.423 6.429 6.436 6.442 6.448 6.455 6.461 6.468 6.475 6.482 6.489 6.496 6.503 6.510 6.517 6.524 6.531 6.538 6.545 6.552 6.560 6.567
5.948 5.959 5.971 5.983 5.996 6.008 6.020 6.032 6.044 6.055 6.066 6.077 6.088 6.098 6.109 6.119 6.129 6.139 6.149 6.158 6.168 6.177 6.186 6.195 6.203 6.212 6.220 6.229 6.237 6.246 6.254 6.262 6.269 6.277 6.284 6.291 6.298 6.305 6.312 6.319 6.326 6.333 6.340 6.347 6.354 6.360 6.367 6.374 6.380 6.387 6.393 6.400 6.407 6.414 6.420 6.427 6.433 6.439 6.445 6.451 6.458 6.464 6.471 6.478 6.484 6.491 6.498 6.505 6.513 6.520 6.527 6.534 6.541 6.548 6.556 6.563 6.570
5.947 5.959 5.971 5.982 5.994 6.006 6.018 6.031 6.043 6.054 6.064 6.075 6.086 6.097 6.107 6.118 6.128 6.138 6.148 6.158 6.168 6.177 6.186 6.196 6.204 6.213 6.222 6.230 6.239 6.247 6.256 6.264 6.272 6.279 6.286 6.293 6.300 6.307 6.314 6.322 6.329 6.336 6.343 6.350 6.356 6.363 6.370 6.377 6.383 6.390 6.397 6.403 6.410 6.417 6.424 6.430 6.436 6.442 6.448 6.454 6.461 6.467 6.474 6.480 6.487 6.494 6.501 6.508 6.515 6.522 6.529 6.537 6.544 6.551 6.558 6.566 6.573
5.948 5.959 5.970 5.982 5.993 6.005 6.017 6.029 6.041 6.052 6.062 6.073 6.084 6.095 6.105 6.116 6.126 6.137 6.147 6.157 6.167 6.177 6.186 6.196 6.205 6.214 6.223 6.231 6.240 6.249 6.258 6.266 6.273 6.281 6.288 6.295 6.302 6.309 6.317 6.324 6.331 6.338 6.345 6.352 6.359 6.366 6.373 6.379 6.386 6.393 6.399 6.406 6.413 6.420 6.427 6.433 6.439 6.445 6.451 6.457 6.463 6.470 6.476 6.483 6.489 6.496 6.503 6.510 6.517 6.524 6.532 6.539 6.546 6.554 6.561 6.569 6.576
5.949 5.960 5.971 5.982 5.993 6.005 6.016 6.028 6.039 6.050 6.061 6.071 6.082 6.092 6.103 6.114 6.124 6.135 6.145 6.155 6.165 6.175 6.185 6.195 6.204 6.213 6.222 6.231 6.240 6.249 6.258 6.267 6.274 6.282 6.289 6.296 6.304 6.311 6.318 6.325 6.332 6.340 6.347 6.354 6.361 6.368 6.375 6.382 6.388 6.395 6.402 6.409 6.416 6.423 6.429 6.435 6.441 6.447 6.454 6.460 6.466 6.472 6.478 6.485 6.491 6.498 6.505 6.512 6.519 6.526 6.534 6.541 6.548 6.556 6.563 6.571 6.579
5.950 5.960 5.971 5.982 5.993 6.004 6.016 6.027 6.038 6.049 6.059 6.069 6.080 6.090 6.101 6.111 6.122 6.132 6.143 6.153 6.163 6.173 6.183 6.193 6.203 6.212 6.222 6.231 6.240 6.249 6.259 6.267 6.275 6.282 6.290 6.297 6.304 6.312 6.319 6.326 6.334 6.341 6.348 6.355 6.362 6.369 6.376 6.383 6.390 6.397 6.404 6.411 6.418 6.425 6.432 6.438 6.444 6.450 6.456 6.462 6.468 6.474 6.480 6.487 6.493 6.500 6.507 6.514 6.521 6.528 6.535 6.542 6.550 6.557 6.565 6.573 6.581
5.951 5.962 5.972 5.983 5.994 6.005 6.016 6.027 6.038 6.048 6.058 6.068 6.078 6.088 6.099 6.109 6.120 6.130 6.140 6.151 6.161 6.171 6.181 6.191 6.201 6.210 6.220 6.229 6.239 6.248 6.258 6.266 6.274 6.282 6.289 6.297 6.305 6.312 6.319 6.327 6.334 6.341 6.349 6.356 6.363 6.370 6.377 6.384 6.391 6.398 6.405 6.412 6.420 6.427 6.433 6.439 6.445 6.451 6.457 6.463 6.469 6.476 6.482 6.488 6.495 6.501 6.508 6.515 6.522 6.529 6.536 6.544 6.551 6.559 6.566 6.574 6.582
5.953 5.964 5.974 5.984 5.995 6.006 6.017 6.028 6.037 6.047 6.057 6.067 6.077 6.087 6.097 6.107 6.117 6.128 6.138 6.148 6.158 6.168 6.179 6.189 6.198 6.208 6.218 6.227 6.237 6.247 6.256 6.265 6.273 6.281 6.289 6.296 6.304 6.311 6.319 6.326 6.334 6.341 6.349 6.356 6.363 6.371 6.378 6.385 6.392 6.399 6.406 6.413 6.421 6.428 6.434 6.441 6.447 6.453 6.459 6.465 6.471 6.477 6.483 6.489 6.496 6.502 6.509 6.516 6.523 6.530 6.537 6.544 6.552 6.559 6.567 6.575 6.583
5.956 5.966 5.976 5.986 5.997 6.007 6.018 6.028 6.038 6.047 6.057 6.066 6.076 6.086 6.096 6.105 6.115 6.126 6.136 6.146 6.156 6.166 6.176 6.186 6.196 6.205 6.215 6.225 6.235 6.245 6.254 6.263 6.271 6.279 6.287 6.295 6.303 6.310 6.318 6.325 6.333 6.341 6.348 6.356 6.363 6.370 6.378 6.385 6.392 6.399 6.406 6.414 6.421 6.428 6.435 6.441 6.447 6.453 6.459 6.465 6.471 6.477 6.484 6.490 6.496 6.503 6.510 6.516 6.523 6.530 6.538 6.545 6.552 6.560 6.568 6.576 6.583
5.959 5.968 5.978 5.988 5.999 6.009 6.019 6.029 6.039 6.048 6.057 6.066 6.076 6.085 6.095 6.104 6.114 6.124 6.134 6.144 6.154 6.163 6.173 6.183 6.193 6.203 6.213 6.222 6.232 6.242 6.251 6.260 6.268 6.277 6.285 6.293 6.301 6.308 6.316 6.324 6.332 6.339 6.347 6.354 6.362 6.369 6.377 6.384 6.391 6.399 6.406 6.413 6.421 6.428 6.435 6.441 6.447 6.453 6.460 6.466 6.472 6.478 6.484 6.490 6.496 6.503 6.510 6.516 6.523 6.530 6.537 6.545 6.552 6.560 6.567 6.576 6.583
5.962 5.971 5.981 5.991 6.001 6.011 6.021 6.031 6.040 6.049 6.058 6.067 6.076 6.085 6.094 6.104 6.113 6.123 6.132 6.142 6.152 6.161 6.171 6.181 6.190 6.200 6.210 6.219 6.229 6.239 6.249 6.257 6.266 6.274 6.282 6.290 6.298 6.306 6.314 6.322 6.329 6.337 6.345 6.352 6.360 6.368 6.375 6.383 6.390 6.397 6.405 6.412 6.420 6.427 6.434 6.440 6.447 6.453 6.459 6.465 6.471 6.477 6.483 6.490 6.496 6.502 6.509 6.516 6.523 6.530 6.537 6.544 6.551 6.559 6.567 6.575 6.583
5.965 5.974 5.984 5.994 6.003 6.013 6.023 6.033 6.042 6.051 6.059 6.068 6.077 6.086 6.095 6.104 6.113 6.122 6.132 6.141 6.150 6.160 6.169 6.179 6.188 6.198 6.207 6.217 6.226 6.236 6.246 6.254 6.263 6.271 6.279 6.287 6.295 6.303 6.311 6.319 6.327 6.334 6.342 6.350 6.358 6.365 6.373 6.380 6.388 6.395 6.403 6.410 6.418 6.426 6.432 6.439 6.445 6.452 6.458 6.464 6.470 6.476 6.482 6.489 6.495 6.501 6.508 6.515 6.521 6.528 6.536 6.543 6.550 6.558 6.566 6.574 6.582
5.968 5.978 5.987 5.997 6.006 6.016 6.026 6.035 6.044 6.053 6.061 6.070 6.078 6.087 6.096 6.104 6.113 6.122 6.131 6.140 6.150 6.159 6.168 6.177 6.187 6.196 6.205 6.215 6.224 6.234 6.243 6.251 6.260 6.268 6.276 6.284 6.292 6.300 6.308 6.316 6.324 6.331 6.339 6.347 6.355 6.362 6.370 6.378 6.385 6.393 6.400 6.408 6.416 6.423 6.430 6.437 6.443 6.450 6.456 6.462 6.468 6.474 6.481 6.487 6.493 6.500 6.506 6.513 6.520 6.527 6.534 6.541 6.548 6.556 6.564 6.572 6.580
5.972 5.981 5.991 6.000 6.010 6.019 6.029 6.038 6.047 6.055 6.063 6.072 6.080 6.088 6.097 6.105 6.114 6.123 6.132 6.140 6.149 6.158 6.167 6.176 6.185 6.194 6.203 6.213 6.222 6.231 6.241 6.249 6.257 6.265 6.273 6.281 6.289 6.297 6.305 6.313 6.321 6.328 6.336 6.344 6.352 6.359 6.367 6.375 6.382 6.390 6.397 6.405 6.413 6.421 6.428 6.434 6.441 6.447 6.454 6.460 6.466 6.472 6.478 6.485 6.491 6.497 6.504 6.511 6.517 6.524 6.531 6.539 6.546 6.554 6.561 6.569 6.577
5.976 5.985 5.994 6.004 6.013 6.022 6.032 6.041 6.049 6.058 6.066 6.074 6.082 6.090 6.099 6.107 6.115 6.124 6.132 6.141 6.150 6.158 6.167 6.176 6.185 6.193 6.202 6.211 6.220 6.230 6.239 6.247 6.255 6.263 6.271 6.279 6.286 6.294 6.302 6.310 6.317 6.325 6.333 6.341 6.348 6.356 6.364 6.371 6.379 6.387 6.394 6.402 6.410 6.417 6.424 6.431 6.438 6.444 6.451 6.457 6.463 6.469 6.476 6.482 6.488 6.495 6.501 6.508 6.515 6.521 6.529 6.536 6.543 6.551 6.558 6.566 6.574
5.980 5.989 5.998 6.007 6.017 6.026 6.035 6.044 6.053 6.061 6.069 6.077 6.085 6.093 6.101 6.109 6.117 6.126 6.134 6.142 6.151 6.159 6.167 6.176 6.185 6.193 6.202 6.210 6.219 6.228 6.237 6.245 6.253 6.261 6.269 6.276 6.284 6.292 6.299 6.307 6.314 6.322 6.330 6.337 6.345 6.353 6.360 6.368 6.375 6.383 6.391 6.398 6.406 6.414 6.421 6.428 6.434 6.441 6.447 6.453 6.460 6.466 6.472 6.479 6.485 6.491 6.498 6.504 6.511 6.518 6.525 6.532 6.540 6.547 6.555 6.563 6.571
5.984 5.993 6.002 6.011 6.020 6.030 6.039 6.048 6.056 6.064 6.072 6.080 6.088 6.096 6.103 6.111 6.119 6.128 6.136 6.144 6.152 6.160 6.168 6.177 6.185 6.193 6.202 6.210 6.219 6.228 6.236 6.244 6.252 6.259 6.267 6.275 6.282 6.289 6.297 6.304 6.312 6.319 6.327 6.334 6.342 6.349 6.357 6.364 6.372 6.379 6.387 6.395 6.403 6.410 6.417 6.424 6.431 6.437 6.443 6.450 6.456 6.462 6.469 6.475 6.481 6.488 6.494 6.501 6.507 6.514 6.521 6.528 6.536 6.543 6.551 6.559 6.567
5.988 5.997 6.006 6.015 6.024 6.033 6.043 6.052 6.060 6.067 6.075 6.083 6.091 6.099 6.106 6.114 6.122 6.130 6.138 6.146 6.154 6.162 6.170 6.178 6.186 6.194 6.202 6.211 6.219 6.228 6.236 6.244 6.251 6.259 6.266 6.273 6.281 6.288 6.295 6.302 6.310 6.317 6.324 6.332 6.339 6.346 6.354 6.361 6.369 6.376 6.384 6.391 6.399 6.406 6.413 6.420 6.427 6.433 6.440 6.446 6.452 6.458 6.465 6.471 6.477 6.484 6.490 6.497 6.503 6.510 6.517 6.524 6.531 6.539 6.546 6.555 6.563
5.992 6.001 6.010 6.019 6.028 6.037 6.047 6.055 6.063 6.071 6.079 6.087 6.094 6.102 6.110 6.117 6.125 6.133 6.141 6.148 6.156 6.164 6.172 6.180 6.187 6.195 6.203 6.211 6.220 6.228 6.236 6.244 6.251 6.258 6.265 6.272 6.280 6.287 6.294 6.301 6.308 6.315 6.322 6.330 6.337 6.344 6.351 6.358 6.366 6.373 6.380 6.388 6.396 6.403 6.410 6.416 6.423 6.429 6.436 6.442 6.448 6.455 6.461 6.467 6.473 6.480 6.486 6.493 6.499 6.506 6.513 6.520 6.527 6.534 6.542 6.550 6.558
5.997 6.006 6.015 6.024 6.033 6.042 6.051 6.059 6.067 6.075 6.083 6.090 6.098 6.105 6.113 6.121 6.128 6.136 6.143 6.151 6.159 6.166 6.174 6.182 6.189 6.197 6.205 6.213 6.221 6.229 6.237 6.244 6.251 6.258 6.265 6.272 6.279 6.286 6.293 6.300 6.307 6.314 6.321 6.328 6.335 6.342 6.349 6.356 6.363 6.370 6.378 6.385 6.393 6.400 6.406 6.413 6.419 6.426 6.432 6.438 6.445 6.451 6.457 6.463 6.469 6.476 6.482 6.488 6.495 6.501 6.508 6.515 6.522 6.530 6.537 6.545 6.553
6.001 6.010 6.019 6.028 6.037 6.046 6.055 6.064 6.071 6.079 6.087 6.094 6.102 6.109 6.117 6.124 6.132 6.139 6.147 6.154 6.162 6.169 6.177 6.184 6.192 6.199 6.207 6.215 6.222 6.231 6.238 6.245 6.252 6.259 6.266 6.273 6.279 6.286 6.293 6.300 6.307 6.313 6.320 6.327 6.334 6.341 6.348 6.354 6.361 6.368 6.375 6.383 6.390 6.397 6.404 6.410 6.416 6.423 6.429 6.435 6.441 6.447 6.453 6.459 6.465 6.472 6.478 6.484 6.491 6.497 6.504 6.511 6.518 6.525 6.532 6.541 6.548
6.006 6.015 6.023 6.032 6.041 6.050 6.059 6.068 6.076 6.083 6.091 6.098 6.106 6.113 6.120 6.128 6.135 6.143 6.150 6.157 6.165 6.172 6.180 6.187 6.194 6.202 6.209 6.217 6.224 6.233 6.240 6.247 6.253 6.260 6.267 6.273 6.280 6.287 6.293 6.300 6.307 6.313 6.320 6.327 6.333 6.340 6.346 6.353 6.360 6.367 6.374 6.381 6.388 6.395 6.401 6.407 6.414 6.420 6.426 6.432 6.438 6.444 6.450 6.456 6.462 6.468 6.474 6.480 6.487 6.493 6.500 6.506 6.513 6.520 6.528 6.536 6.543
6.010 6.019 6.028 6.037 6.046 6.055 6.064 6.072 6.080 6.087 6.095 6.102 6.110 6.117 6.124 6.132 6.139 6.146 6.154 6.161 6.168 6.176 6.183 6.190 6.197 6.204 6.212 6.219 6.227 6.235 6.242 6.249 6.255 6.262 6.268 6.275 6.281 6.288 6.294 6.301 6.307 6.314 6.320 6.327 6.333 6.340 6.346 6.353 6.359 6.366 6.372 6.380 6.387 6.393 6.399 6.405 6.411 6.417 6.423 6.429 6.435 6.441 6.447 6.453 6.459 6.465 6.471 6.477 6.483 6.489 6.496 6.502 6.509 6.516 6.524 6.531 6.538
