TsunamiDB/out54045.asc
ncols          264
nrows          230
xllcorner      497853.4375
yllcorner      4229146.0000
cellsize         5.
NODATA_value   -99
[rows 64 to 95 of 230, columns 146 to 218 of 264]
4.971 5.008 5.046 5.084 5.123 5.160 5.199 5.238 5.277 5.317 5.356 5.396 5.436 5.475 5.514 5.553 5.592 5.630 5.667 5.703 5.739 5.773 5.807 5.839 5.870 5.900 5.928 5.954 5.977 6.000 6.022 6.042 6.060 6.077 6.094 6.109 6.125 6.140 6.157 6.174 6.193 6.212 6.234 6.256 6.280 6.305 6.330 6.356 6.381 6.407 6.432 6.457 6.482 6.506 6.531 6.556 6.581 6.606 6.631 6.656 6.682 6.709 6.737 6.767 6.797 6.829 6.862 6.897 6.932 6.968 7.004 7.040 7.075
4.976 5.013 5.050 5.086 5.123 5.160 5.197 5.235 5.273 5.311 5.349 5.388 5.426 5.465 5.503 5.542 5.580 5.618 5.656 5.693 5.730 5.765 5.801 5.835 5.868 5.899 5.930 5.958 5.984 6.010 6.034 6.056 6.077 6.096 6.113 6.130 6.146 6.162 6.177 6.194 6.211 6.230 6.249 6.271 6.293 6.316 6.341 6.366 6.392 6.418 6.443 6.468 6.493 6.518 6.544 6.569 6.595 6.620 6.646 6.672 6.699 6.726 6.754 6.784 6.815 6.847 6.880 6.915 6.951 6.988 7.025 7.062 7.099
4.982 5.018 5.054 5.090 5.126 5.161 5.197 5.233 5.270 5.307 5.343 5.380 5.418 5.455 5.492 5.530 5.568 5.605 5.643 5.680 5.718 5.754 5.790 5.826 5.861 5.894 5.927 5.957 5.986 6.014 6.040 6.065 6.088 6.110 6.129 6.148 6.165 6.181 6.197 6.213 6.230 6.247 6.266 6.285 6.306 6.329 6.352 6.376 6.402 6.427 6.452 6.477 6.503 6.529 6.555 6.581 6.607 6.633 6.660 6.686 6.713 6.741 6.770 6.799 6.830 6.863 6.896 6.932 6.968 7.006 7.044 7.082 7.120
4.989 5.024 5.059 5.094 5.128 5.162 5.198 5.233 5.268 5.303 5.339 5.375 5.410 5.446 5.482 5.519 5.555 5.592 5.629 5.666 5.703 5.740 5.777 5.813 5.849 5.884 5.919 5.951 5.982 6.012 6.041 6.069 6.094 6.118 6.141 6.161 6.180 6.198 6.215 6.231 6.248 6.265 6.282 6.300 6.320 6.341 6.363 6.387 6.411 6.436 6.461 6.486 6.512 6.539 6.565 6.592 6.618 6.645 6.672 6.699 6.726 6.754 6.783 6.813 6.844 6.877 6.911 6.946 6.983 7.021 7.060 7.100 7.139
4.997 5.031 5.065 5.099 5.132 5.165 5.199 5.234 5.268 5.302 5.336 5.370 5.405 5.439 5.474 5.509 5.544 5.579 5.615 5.651 5.688 5.724 5.761 5.797 5.834 5.870 5.906 5.940 5.973 6.005 6.037 6.067 6.095 6.122 6.147 6.170 6.191 6.211 6.230 6.247 6.264 6.281 6.298 6.315 6.334 6.353 6.374 6.397 6.420 6.445 6.469 6.494 6.520 6.547 6.574 6.601 6.628 6.655 6.683 6.710 6.738 6.766 6.795 6.825 6.857 6.889 6.923 6.959 6.997 7.035 7.075 7.115 7.155
5.005 5.038 5.071 5.105 5.137 5.169 5.202 5.235 5.268 5.301 5.334 5.367 5.400 5.433 5.467 5.500 5.534 5.568 5.602 5.637 5.672 5.707 5.743 5.780 5.816 5.853 5.889 5.924 5.959 5.993 6.027 6.059 6.090 6.119 6.147 6.173 6.197 6.219 6.240 6.259 6.277 6.294 6.311 6.329 6.346 6.365 6.385 6.406 6.429 6.453 6.477 6.501 6.528 6.554 6.582 6.609 6.637 6.664 6.692 6.720 6.748 6.777 6.806 6.836 6.867 6.900 6.935 6.971 7.008 7.048 7.088 7.129 7.170
5.014 5.046 5.079 5.111 5.142 5.174 5.206 5.238 5.270 5.302 5.334 5.366 5.397 5.429 5.461 5.493 5.525 5.557 5.590 5.623 5.657 5.691 5.726 5.761 5.797 5.833 5.869 5.905 5.940 5.976 6.011 6.046 6.079 6.111 6.141 6.170 6.196 6.221 6.245 6.266 6.286 6.304 6.322 6.340 6.358 6.376 6.395 6.415 6.437 6.460 6.484 6.508 6.534 6.561 6.588 6.616 6.644 6.672 6.700 6.729 6.757 6.786 6.816 6.846 6.877 6.910 6.944 6.980 7.018 7.058 7.099 7.140 7.182
5.024 5.055 5.087 5.118 5.148 5.179 5.210 5.241 5.272 5.303 5.334 5.365 5.396 5.427 5.457 5.488 5.518 5.549 5.580 5.611 5.643 5.675 5.708 5.742 5.777 5.812 5.848 5.883 5.919 5.955 5.991 6.027 6.062 6.096 6.129 6.160 6.189 6.217 6.243 6.267 6.289 6.310 6.329 6.348 6.366 6.384 6.403 6.423 6.444 6.467 6.490 6.513 6.539 6.566 6.594 6.622 6.650 6.679 6.707 6.736 6.765 6.794 6.824 6.854 6.885 6.918 6.952 6.988 7.026 7.066 7.107 7.150 7.192
5.034 5.065 5.095 5.126 5.155 5.185 5.215 5.246 5.276 5.306 5.336 5.366 5.396 5.425 5.455 5.484 5.513 5.542 5.572 5.601 5.631 5.662 5.693 5.724 5.757 5.791 5.825 5.860 5.895 5.931 5.967 6.004 6.040 6.076 6.110 6.144 6.176 6.206 6.235 6.261 6.286 6.309 6.331 6.351 6.370 6.389 6.409 6.428 6.449 6.471 6.494 6.518 6.543 6.570 6.598 6.626 6.655 6.684 6.713 6.742 6.771 6.801 6.830 6.861 6.892 6.924 6.958 6.994 7.032 7.072 7.114 7.157 7.200
5.045 5.075 5.104 5.134 5.163 5.191 5.221 5.251 5.280 5.309 5.339 5.368 5.397 5.425 5.454 5.482 5.510 5.538 5.566 5.594 5.622 5.650 5.679 5.709 5.739 5.771 5.803 5.836 5.869 5.905 5.941 5.977 6.014 6.050 6.086 6.121 6.155 6.188 6.219 6.248 6.276 6.301 6.325 6.348 6.369 6.390 6.410 6.430 6.452 6.474 6.496 6.520 6.545 6.572 6.600 6.629 6.658 6.688 6.717 6.747 6.776 6.806 6.835 6.866 6.897 6.929 6.963 6.998 7.036 7.076 7.118 7.161 7.205
5.057 5.085 5.114 5.143 5.171 5.199 5.228 5.256 5.285 5.314 5.342 5.371 5.399 5.427 5.454 5.482 5.509 5.535 5.562 5.588 5.615 5.641 5.668 5.695 5.723 5.752 5.783 5.813 5.845 5.878 5.913 5.948 5.984 6.020 6.057 6.093 6.128 6.163 6.196 6.228 6.258 6.286 6.312 6.337 6.361 6.383 6.405 6.427 6.449 6.472 6.495 6.519 6.545 6.572 6.601 6.630 6.659 6.689 6.719 6.749 6.779 6.809 6.838 6.869 6.900 6.932 6.965 7.000 7.037 7.077 7.119 7.163 7.207
5.069 5.097 5.125 5.153 5.180 5.207 5.235 5.263 5.291 5.319 5.347 5.374 5.402 5.429 5.456 5.483 5.509 5.535 5.560 5.585 5.610 5.635 5.660 5.685 5.711 5.737 5.765 5.793 5.821 5.852 5.885 5.919 5.953 5.989 6.024 6.060 6.096 6.132 6.166 6.199 6.231 6.262 6.291 6.318 6.344 6.369 6.394 6.417 6.441 6.465 6.489 6.514 6.540 6.568 6.597 6.627 6.657 6.687 6.718 6.748 6.778 6.809 6.839 6.869 6.900 6.931 6.964 6.999 7.036 7.075 7.117 7.161 7.206
5.082 5.109 5.136 5.163 5.190 5.216 5.243 5.270 5.298 5.325 5.352 5.379 5.406 5.433 5.459 5.485 5.510 5.536 5.560 5.584 5.608 5.632 5.655 5.678 5.702 5.726 5.751 5.776 5.802 5.830 5.859 5.890 5.923 5.956 5.991 6.026 6.061 6.096 6.131 6.165 6.198 6.230 6.261 6.291 6.319 6.347 6.373 6.399 6.424 6.450 6.475 6.501 6.529 6.558 6.588 6.618 6.650 6.681 6.712 6.743 6.774 6.805 6.835 6.866 6.896 6.928 6.960 6.995 7.031 7.070 7.112 7.156 7.201
5.096 5.122 5.148 5.175 5.200 5.226 5.252 5.278 5.305 5.332 5.358 5.385 5.411 5.437 5.463 5.488 5.514 5.538 5.562 5.586 5.609 5.631 5.653 5.675 5.697 5.718 5.741 5.763 5.786 5.811 5.838 5.866 5.895 5.926 5.958 5.991 6.025 6.059 6.093 6.127 6.160 6.193 6.225 6.256 6.286 6.315 6.343 6.371 6.399 6.426 6.453 6.481 6.510 6.540 6.571 6.603 6.635 6.668 6.700 6.732 6.764 6.795 6.826 6.857 6.888 6.920 6.952 6.986 7.022 7.061 7.102 7.147 7.193
5.111 5.136 5.161 5.187 5.211 5.236 5.262 5.288 5.313 5.339 5.365 5.391 5.417 5.443 5.468 5.493 5.518 5.542 5.566 5.589 5.611 5.633 5.654 5.675 5.695 5.715 5.736 5.755 5.776 5.798 5.822 5.846 5.873 5.900 5.929 5.960 5.991 6.023 6.055 6.088 6.120 6.152 6.184 6.215 6.246 6.276 6.306 6.335 6.365 6.393 6.421 6.451 6.482 6.513 6.546 6.579 6.613 6.646 6.680 6.713 6.746 6.779 6.811 6.842 6.874 6.905 6.938 6.971 7.007 7.046 7.088 7.133 7.179
5.127 5.151 5.175 5.200 5.224 5.248 5.273 5.298 5.323 5.348 5.373 5.399 5.424 5.449 5.474 5.499 5.524 5.548 5.571 5.594 5.616 5.637 5.658 5.678 5.698 5.717 5.735 5.753 5.771 5.791 5.812 5.833 5.856 5.881 5.907 5.934 5.962 5.991 6.021 6.051 6.082 6.113 6.143 6.174 6.204 6.234 6.264 6.294 6.324 6.353 6.382 6.413 6.445 6.478 6.511 6.545 6.580 6.615 6.650 6.685 6.720 6.753 6.786 6.819 6.851 6.883 6.916 6.950 6.986 7.025 7.066 7.112 7.159
5.143 5.167 5.190 5.214 5.237 5.260 5.284 5.309 5.333 5.358 5.382 5.407 5.432 5.457 5.482 5.506 5.530 5.554 5.577 5.600 5.622 5.644 5.664 5.684 5.703 5.722 5.739 5.755 5.772 5.790 5.808 5.827 5.847 5.868 5.891 5.915 5.940 5.966 5.993 6.021 6.049 6.078 6.107 6.136 6.165 6.194 6.223 6.252 6.281 6.311 6.340 6.371 6.402 6.435 6.470 6.504 6.540 6.576 6.612 6.648 6.684 6.719 6.753 6.787 6.820 6.853 6.886 6.920 6.956 6.995 7.037 7.083 7.131
5.161 5.184 5.206 5.229 5.251 5.274 5.297 5.320 5.344 5.368 5.392 5.416 5.441 5.465 5.490 5.514 5.538 5.562 5.585 5.608 5.630 5.652 5.672 5.692 5.711 5.730 5.746 5.761 5.778 5.794 5.810 5.827 5.845 5.863 5.883 5.904 5.926 5.949 5.973 5.998 6.024 6.050 6.077 6.104 6.131 6.158 6.186 6.214 6.242 6.270 6.299 6.329 6.360 6.392 6.426 6.460 6.496 6.532 6.568 6.605 6.641 6.677 6.712 6.746 6.780 6.814 6.848 6.882 6.918 6.956 6.998 7.044 7.093
5.179 5.201 5.223 5.245 5.267 5.288 5.311 5.333 5.356 5.379 5.403 5.427 5.450 5.474 5.499 5.523 5.546 5.570 5.593 5.616 5.639 5.661 5.682 5.702 5.721 5.740 5.756 5.771 5.787 5.802 5.818 5.833 5.849 5.865 5.882 5.900 5.919 5.940 5.961 5.984 6.007 6.031 6.055 6.080 6.105 6.131 6.157 6.183 6.210 6.237 6.264 6.292 6.322 6.353 6.385 6.418 6.453 6.488 6.524 6.560 6.596 6.632 6.667 6.701 6.735 6.769 6.802 6.836 6.871 6.909 6.950 6.996 7.045
5.199 5.220 5.242 5.263 5.283 5.304 5.325 5.347 5.369 5.392 5.415 5.438 5.461 5.484 5.508 5.532 5.556 5.579 5.603 5.626 5.648 5.670 5.692 5.713 5.732 5.751 5.768 5.784 5.799 5.814 5.829 5.843 5.858 5.872 5.887 5.903 5.920 5.938 5.957 5.977 5.998 6.020 6.042 6.065 6.088 6.112 6.137 6.162 6.187 6.212 6.237 6.264 6.292 6.321 6.352 6.383 6.416 6.450 6.484 6.519 6.554 6.589 6.623 6.657 6.690 6.722 6.755 6.787 6.821 6.856 6.897 6.942 6.992
5.220 5.240 5.261 5.281 5.301 5.321 5.341 5.362 5.384 5.405 5.427 5.449 5.472 5.495 5.518 5.542 5.565 5.589 5.612 5.636 5.659 5.681 5.703 5.724 5.744 5.764 5.781 5.797 5.813 5.829 5.843 5.857 5.871 5.884 5.898 5.912 5.927 5.943 5.960 5.978 5.996 6.016 6.037 6.058 6.080 6.102 6.126 6.149 6.173 6.197 6.221 6.246 6.272 6.299 6.328 6.358 6.388 6.420 6.453 6.486 6.520 6.553 6.586 6.618 6.649 6.680 6.710 6.741 6.772 6.805 6.843 6.889 6.938
5.241 5.261 5.282 5.301 5.319 5.339 5.358 5.379 5.399 5.420 5.441 5.462 5.484 5.507 5.529 5.553 5.576 5.599 5.623 5.646 5.669 5.692 5.714 5.736 5.757 5.777 5.795 5.812 5.829 5.845 5.859 5.873 5.887 5.900 5.912 5.925 5.939 5.953 5.968 5.984 6.001 6.019 6.038 6.058 6.079 6.100 6.122 6.144 6.167 6.190 6.212 6.236 6.261 6.287 6.314 6.342 6.371 6.401 6.432 6.463 6.495 6.526 6.557 6.588 6.617 6.646 6.674 6.702 6.730 6.760 6.796 6.840 6.890
5.263 5.283 5.303 5.321 5.339 5.358 5.377 5.396 5.415 5.435 5.455 5.476 5.497 5.519 5.541 5.564 5.587 5.610 5.633 5.657 5.680 5.703 5.726 5.748 5.770 5.791 5.810 5.827 5.845 5.861 5.876 5.891 5.904 5.917 5.929 5.942 5.954 5.967 5.981 5.995 6.011 6.027 6.045 6.064 6.083 6.104 6.125 6.146 6.168 6.190 6.212 6.234 6.258 6.283 6.308 6.335 6.362 6.391 6.420 6.450 6.480 6.510 6.540 6.568 6.596 6.623 6.649 6.674 6.699 6.726 6.760 6.803 6.852
5.285 5.305 5.324 5.342 5.360 5.378 5.396 5.414 5.433 5.452 5.471 5.491 5.511 5.532 5.553 5.575 5.598 5.621 5.644 5.668 5.691 5.714 5.737 5.760 5.782 5.804 5.824 5.842 5.860 5.878 5.894 5.909 5.923 5.936 5.948 5.960 5.972 5.984 5.996 6.010 6.024 6.040 6.056 6.074 6.092 6.112 6.132 6.153 6.175 6.196 6.217 6.239 6.261 6.285 6.309 6.335 6.361 6.388 6.416 6.445 6.474 6.503 6.532 6.559 6.586 6.611 6.635 6.658 6.680 6.706 6.738 6.781 6.829
5.308 5.327 5.347 5.364 5.381 5.399 5.417 5.434 5.452 5.470 5.488 5.507 5.526 5.546 5.566 5.588 5.610 5.632 5.655 5.679 5.702 5.726 5.749 5.772 5.795 5.817 5.838 5.857 5.876 5.894 5.911 5.927 5.941 5.955 5.967 5.979 5.991 6.002 6.014 6.027 6.040 6.055 6.070 6.087 6.105 6.124 6.144 6.164 6.185 6.206 6.226 6.248 6.270 6.292 6.316 6.340 6.366 6.392 6.420 6.448 6.476 6.505 6.533 6.560 6.585 6.610 6.632 6.654 6.675 6.699 6.730 6.771 6.818
5.330 5.350 5.369 5.387 5.404 5.421 5.438 5.455 5.472 5.489 5.506 5.524 5.542 5.561 5.581 5.601 5.622 5.644 5.667 5.690 5.713 5.737 5.760 5.784 5.807 5.830 5.851 5.871 5.891 5.910 5.928 5.944 5.959 5.974 5.987 5.999 6.010 6.022 6.034 6.046 6.059 6.072 6.087 6.104 6.121 6.139 6.158 6.178 6.199 6.219 6.239 6.260 6.282 6.304 6.327 6.351 6.375 6.401 6.428 6.456 6.484 6.512 6.540 6.567 6.593 6.617 6.640 6.661 6.681 6.704 6.733 6.773 6.818
5.352 5.372 5.392 5.409 5.426 5.443 5.460 5.477 5.493 5.509 5.525 5.542 5.559 5.577 5.596 5.615 5.636 5.657 5.679 5.701 5.725 5.748 5.772 5.795 5.819 5.842 5.864 5.885 5.905 5.925 5.944 5.961 5.977 5.992 6.005 6.018 6.030 6.042 6.053 6.065 6.078 6.091 6.106 6.122 6.139 6.157 6.175 6.195 6.215 6.235 6.255 6.276 6.297 6.319 6.341 6.364 6.389 6.414 6.440 6.468 6.496 6.525 6.553 6.581 6.607 6.632 6.655 6.676 6.696 6.717 6.745 6.783 6.826
5.373 5.394 5.414 5.431 5.448 5.466 5.482 5.499 5.514 5.530 5.546 5.561 5.578 5.594 5.612 5.630 5.650 5.670 5.691 5.713 5.736 5.759 5.783 5.807 5.831 5.854 5.876 5.898 5.919 5.939 5.959 5.977 5.993 6.009 6.023 6.037 6.049 6.062 6.073 6.086 6.098 6.112 6.126 6.141 6.158 6.176 6.194 6.214 6.234 6.253 6.273 6.294 6.315 6.336 6.358 6.381 6.405 6.430 6.456 6.484 6.512 6.541 6.570 6.598 6.626 6.652 6.675 6.697 6.717 6.737 6.763 6.799 6.840
5.394 5.415 5.435 5.453 5.470 5.488 5.505 5.521 5.537 5.552 5.567 5.582 5.597 5.613 5.629 5.647 5.665 5.684 5.704 5.726 5.748 5.771 5.794 5.818 5.842 5.865 5.888 5.910 5.931 5.952 5.973 5.991 6.009 6.025 6.041 6.055 6.068 6.081 6.093 6.106 6.119 6.132 6.147 6.162 6.178 6.196 6.215 6.234 6.254 6.273 6.293 6.314 6.335 6.356 6.378 6.400 6.423 6.448 6.474 6.502 6.531 6.560 6.590 6.620 6.648 6.675 6.700 6.722 6.742 6.760 6.785 6.819 6.858
5.413 5.434 5.455 5.473 5.491 5.509 5.526 5.543 5.558 5.574 5.589 5.603 5.618 5.633 5.648 5.664 5.681 5.699 5.718 5.739 5.760 5.782 5.805 5.829 5.852 5.876 5.899 5.921 5.943 5.965 5.986 6.005 6.023 6.041 6.057 6.072 6.086 6.099 6.113 6.126 6.139 6.153 6.168 6.183 6.200 6.217 6.236 6.255 6.275 6.295 6.314 6.335 6.356 6.377 6.399 6.421 6.444 6.468 6.494 6.522 6.551 6.581 6.612 6.643 6.673 6.701 6.727 6.750 6.768 6.786 6.810 6.843 6.881
5.431 5.453 5.474 5.493 5.511 5.529 5.547 5.564 5.580 5.595 5.610 5.624 5.639 5.653 5.667 5.682 5.698 5.715 5.733 5.753 5.773 5.794 5.817 5.840 5.863 5.887 5.910 5.932 5.954 5.976 5.998 6.018 6.037 6.055 6.072 6.088 6.103 6.117 6.131 6.145 6.159 6.173 6.189 6.204 6.221 6.239 6.258 6.277 6.297 6.317 6.337 6.358 6.379 6.400 6.421 6.443 6.466 6.490 6.516 6.544 6.573 6.604 6.636 6.667 6.698 6.728 6.755 6.778 6.797 6.815 6.837 6.870 6.907
5.448 5.470 5.491 5.511 5.529 5.548 5.566 5.583 5.600 5.616 5.631 5.646 5.660 5.674 5.687 5.702 5.717 5.732 5.749 5.767 5.786 5.807 5.828 5.851 5.874 5.897 5.920 5.942 5.965 5.987 6.009 6.030 6.049 6.068 6.086 6.103 6.119 6.134 6.149 6.164 6.179 6.194 6.209 6.226 6.243 6.261 6.280 6.300 6.320 6.339 6.360 6.381 6.402 6.424 6.445 6.467 6.489 6.513 6.539 6.566 6.596 6.627 6.659 6.692 6.724 6.755 6.783 6.806 6.826 6.843 6.865 6.899 6.937
