TsunamiDB/out54013.asc
ncols          264
nrows          230
xllcorner      497853.4375
yllcorner      4229146.0000
cellsize         5.
NODATA_value   -99
[rows 155 to 185 of 230, columns 140 to 209 of 264]
-99.000 -99.000 1.645 1.649 1.696 1.841 2.088 2.412 2.787 3.184 3.569 3.915 4.198 4.408 4.563 4.679 4.770 4.846 4.913 4.974 5.033 5.089 5.144 5.198 5.252 5.305 5.358 5.411 5.461 5.510 5.560 5.606 5.653 5.698 5.740 5.781 5.822 5.868 5.915 5.968 6.024 6.084 6.152 6.225 6.300 6.381 6.455 6.503 6.573 6.653 6.698 6.723 6.745 6.775 6.813 6.862 6.898 6.872 6.910 7.007 7.043 7.030 6.982 6.909 6.803 6.668 6.520 6.388 6.340 6.362
-99.000 -99.000 1.645 1.658 1.737 1.922 2.200 2.545 2.931 3.326 3.697 4.023 4.285 4.479 4.622 4.731 4.818 4.891 4.956 5.015 5.071 5.125 5.178 5.229 5.281 5.333 5.387 5.442 5.494 5.546 5.599 5.650 5.701 5.749 5.794 5.838 5.882 5.929 5.978 6.032 6.086 6.145 6.212 6.280 6.352 6.435 6.498 6.535 6.605 6.689 6.734 6.759 6.780 6.804 6.834 6.886 6.908 6.859 6.885 6.973 6.998 6.976 6.924 6.846 6.740 6.602 6.464 6.356 6.327 6.361
-99.000 1.645 1.647 1.675 1.793 2.014 2.319 2.683 3.074 3.462 3.817 4.121 4.362 4.542 4.676 4.779 4.863 4.935 4.998 5.056 5.110 5.162 5.213 5.262 5.312 5.364 5.419 5.476 5.531 5.586 5.642 5.698 5.752 5.804 5.855 5.903 5.952 6.000 6.052 6.108 6.161 6.218 6.282 6.349 6.419 6.485 6.533 6.568 6.639 6.727 6.777 6.806 6.827 6.852 6.883 6.913 6.904 6.843 6.860 6.935 6.950 6.923 6.865 6.782 6.673 6.545 6.435 6.346 6.330 6.376
-99.000 1.645 1.651 1.706 1.863 2.116 2.445 2.822 3.214 3.591 3.927 4.210 4.431 4.596 4.722 4.821 4.904 4.974 5.037 5.095 5.148 5.199 5.248 5.297 5.346 5.398 5.454 5.513 5.571 5.629 5.690 5.749 5.808 5.866 5.923 5.978 6.031 6.081 6.136 6.195 6.247 6.301 6.360 6.422 6.481 6.531 6.571 6.603 6.676 6.770 6.827 6.861 6.886 6.910 6.927 6.927 6.896 6.825 6.831 6.893 6.901 6.868 6.805 6.719 6.616 6.513 6.427 6.354 6.348 6.407
-99.000 1.646 1.661 1.749 1.944 2.227 2.575 2.961 3.350 3.713 4.029 4.288 4.489 4.640 4.759 4.855 4.937 5.008 5.071 5.130 5.184 5.234 5.283 5.331 5.380 5.433 5.491 5.552 5.613 5.676 5.742 5.806 5.869 5.934 5.999 6.060 6.116 6.169 6.228 6.291 6.339 6.388 6.441 6.492 6.539 6.579 6.613 6.644 6.719 6.820 6.882 6.921 6.947 6.961 6.958 6.934 6.883 6.803 6.799 6.849 6.850 6.813 6.748 6.666 6.581 6.502 6.434 6.374 6.380 6.451
1.645 1.647 1.681 1.807 2.036 2.345 2.710 3.100 3.481 3.827 4.121 4.357 4.536 4.675 4.787 4.880 4.961 5.034 5.099 5.159 5.214 5.266 5.315 5.363 5.413 5.467 5.527 5.592 5.657 5.724 5.795 5.865 5.935 6.007 6.078 6.144 6.206 6.260 6.323 6.388 6.434 6.478 6.519 6.560 6.599 6.632 6.664 6.692 6.768 6.871 6.937 6.978 6.997 6.999 6.979 6.934 6.868 6.780 6.765 6.804 6.800 6.762 6.700 6.632 6.566 6.506 6.456 6.409 6.423 6.501
1.645 1.653 1.714 1.878 2.138 2.469 2.846 3.236 3.606 3.934 4.204 4.413 4.573 4.700 4.806 4.897 4.979 5.053 5.120 5.182 5.239 5.292 5.341 5.391 5.442 5.498 5.561 5.630 5.699 5.771 5.848 5.925 6.001 6.079 6.157 6.229 6.295 6.351 6.417 6.485 6.530 6.566 6.598 6.631 6.663 6.692 6.719 6.742 6.815 6.921 6.988 7.025 7.035 7.025 6.990 6.928 6.849 6.753 6.729 6.759 6.753 6.719 6.667 6.615 6.566 6.523 6.489 6.450 6.470 6.554
1.646 1.664 1.760 1.961 2.249 2.599 2.984 3.369 3.725 4.031 4.274 4.459 4.602 4.719 4.819 4.908 4.989 5.064 5.133 5.197 5.256 5.310 5.362 5.412 5.465 5.523 5.590 5.663 5.736 5.814 5.898 5.982 6.064 6.149 6.233 6.311 6.380 6.436 6.507 6.580 6.622 6.652 6.678 6.703 6.729 6.753 6.775 6.790 6.861 6.968 7.030 7.060 7.061 7.040 6.993 6.917 6.824 6.722 6.693 6.719 6.713 6.688 6.650 6.610 6.578 6.551 6.526 6.493 6.518 6.605
1.648 1.687 1.820 2.055 2.368 2.733 3.121 3.498 3.836 4.118 4.334 4.498 4.627 4.735 4.830 4.915 4.995 5.070 5.140 5.205 5.265 5.321 5.374 5.427 5.482 5.543 5.613 5.691 5.769 5.853 5.944 6.034 6.124 6.215 6.304 6.386 6.458 6.515 6.590 6.665 6.707 6.734 6.753 6.773 6.793 6.809 6.825 6.833 6.898 7.000 7.056 7.079 7.071 7.039 6.981 6.892 6.790 6.686 6.654 6.678 6.680 6.667 6.640 6.615 6.597 6.580 6.562 6.535 6.562 6.649
1.654 1.722 1.895 2.160 2.495 2.872 3.258 3.622 3.940 4.194 4.385 4.533 4.651 4.750 4.839 4.921 4.998 5.071 5.141 5.206 5.267 5.325 5.380 5.434 5.492 5.557 5.630 5.712 5.796 5.885 5.983 6.079 6.175 6.271 6.363 6.448 6.523 6.582 6.658 6.738 6.781 6.808 6.824 6.838 6.851 6.861 6.870 6.869 6.926 7.022 7.071 7.086 7.069 7.029 6.962 6.866 6.758 6.653 6.624 6.653 6.663 6.659 6.644 6.631 6.622 6.611 6.599 6.574 6.601 6.686
1.669 1.773 1.982 2.276 2.630 3.013 3.393 3.741 4.034 4.260 4.431 4.565 4.673 4.765 4.849 4.926 5.000 5.071 5.139 5.203 5.264 5.322 5.379 5.435 5.495 5.562 5.639 5.727 5.815 5.909 6.013 6.116 6.218 6.320 6.416 6.505 6.583 6.641 6.721 6.807 6.854 6.881 6.896 6.906 6.912 6.916 6.920 6.905 6.952 7.042 7.086 7.092 7.068 7.021 6.947 6.844 6.731 6.630 6.607 6.641 6.660 6.664 6.658 6.655 6.652 6.646 6.637 6.612 6.637 6.720
1.695 1.839 2.083 2.402 2.771 3.156 3.525 3.852 4.117 4.318 4.472 4.594 4.694 4.781 4.860 4.933 5.004 5.072 5.137 5.199 5.259 5.317 5.373 5.431 5.493 5.563 5.644 5.737 5.830 5.930 6.040 6.149 6.258 6.364 6.464 6.560 6.637 6.692 6.776 6.870 6.921 6.950 6.966 6.972 6.973 6.973 6.964 6.935 6.972 7.058 7.095 7.094 7.063 7.008 6.928 6.815 6.701 6.613 6.598 6.637 6.661 6.674 6.677 6.679 6.681 6.679 6.670 6.644 6.666 6.746
1.737 1.921 2.196 2.538 2.918 3.300 3.654 3.955 4.189 4.369 4.508 4.620 4.714 4.796 4.871 4.942 5.010 5.075 5.137 5.197 5.255 5.311 5.368 5.426 5.490 5.564 5.651 5.749 5.846 5.951 6.066 6.181 6.294 6.405 6.511 6.603 6.676 6.735 6.825 6.924 6.980 7.014 7.030 7.037 7.035 7.022 6.998 6.958 6.988 7.066 7.097 7.090 7.050 6.985 6.895 6.783 6.685 6.606 6.595 6.638 6.670 6.690 6.697 6.702 6.708 6.706 6.697 6.669 6.687 6.762
1.796 2.018 2.322 2.684 3.069 3.442 3.776 4.045 4.252 4.412 4.538 4.642 4.731 4.810 4.883 4.951 5.017 5.079 5.140 5.197 5.253 5.307 5.364 5.423 5.490 5.568 5.659 5.761 5.863 5.971 6.090 6.207 6.324 6.438 6.544 6.634 6.708 6.769 6.864 6.971 7.034 7.071 7.090 7.096 7.087 7.060 7.023 6.974 6.996 7.068 7.093 7.079 7.030 6.956 6.862 6.763 6.677 6.604 6.596 6.645 6.682 6.705 6.716 6.724 6.729 6.727 6.716 6.685 6.699 6.770
1.872 2.129 2.460 2.836 3.222 3.581 3.887 4.125 4.308 4.451 4.566 4.662 4.746 4.823 4.893 4.960 5.023 5.084 5.142 5.197 5.251 5.304 5.360 5.422 5.491 5.572 5.667 5.773 5.877 5.989 6.108 6.227 6.345 6.460 6.566 6.656 6.733 6.797 6.896 7.011 7.079 7.121 7.141 7.143 7.126 7.088 7.040 6.983 6.997 7.062 7.081 7.061 7.004 6.926 6.840 6.752 6.674 6.606 6.603 6.656 6.695 6.720 6.732 6.740 6.744 6.740 6.727 6.694 6.704 6.771
1.966 2.256 2.609 2.994 3.374 3.712 3.986 4.196 4.359 4.486 4.591 4.681 4.760 4.833 4.901 4.966 5.027 5.086 5.142 5.195 5.247 5.299 5.356 5.419 5.492 5.577 5.676 5.784 5.889 6.001 6.120 6.240 6.356 6.471 6.579 6.673 6.754 6.819 6.923 7.043 7.116 7.160 7.179 7.176 7.153 7.106 7.050 6.985 6.992 7.050 7.064 7.039 6.980 6.906 6.828 6.747 6.677 6.613 6.612 6.666 6.707 6.732 6.744 6.749 6.751 6.746 6.732 6.696 6.701 6.763
2.076 2.396 2.768 3.155 3.522 3.832 4.075 4.262 4.406 4.521 4.616 4.699 4.773 4.842 4.907 4.969 5.028 5.084 5.138 5.189 5.239 5.292 5.350 5.416 5.492 5.579 5.680 5.788 5.895 6.005 6.124 6.243 6.357 6.473 6.585 6.683 6.769 6.833 6.940 7.066 7.142 7.186 7.202 7.197 7.168 7.115 7.051 6.979 6.979 7.033 7.044 7.017 6.963 6.896 6.823 6.750 6.684 6.621 6.618 6.673 6.714 6.739 6.749 6.752 6.751 6.745 6.731 6.692 6.691 6.747
2.204 2.550 2.932 3.316 3.661 3.940 4.157 4.323 4.452 4.555 4.642 4.718 4.787 4.851 4.912 4.971 5.026 5.079 5.130 5.179 5.229 5.282 5.342 5.409 5.487 5.575 5.676 5.786 5.891 6.002 6.121 6.237 6.353 6.470 6.585 6.688 6.776 6.840 6.949 7.080 7.155 7.198 7.212 7.205 7.173 7.114 7.042 6.966 6.962 7.013 7.024 7.002 6.953 6.891 6.825 6.756 6.689 6.625 6.622 6.675 6.715 6.739 6.747 6.748 6.745 6.739 6.724 6.681 6.674 6.726
2.347 2.713 3.101 3.472 3.788 4.039 4.232 4.380 4.496 4.590 4.669 4.739 4.803 4.863 4.919 4.973 5.025 5.074 5.122 5.169 5.218 5.271 5.331 5.400 5.478 5.566 5.668 5.777 5.882 5.992 6.111 6.228 6.344 6.463 6.581 6.688 6.778 6.840 6.949 7.081 7.154 7.195 7.207 7.198 7.162 7.098 7.023 6.945 6.939 6.990 7.006 6.990 6.946 6.890 6.829 6.759 6.691 6.624 6.617 6.668 6.708 6.731 6.737 6.736 6.733 6.726 6.711 6.664 6.652 6.697
2.504 2.884 3.268 3.618 3.904 4.128 4.300 4.434 4.539 4.625 4.699 4.764 4.823 4.878 4.930 4.979 5.027 5.073 5.117 5.162 5.209 5.262 5.322 5.390 5.466 5.554 5.654 5.763 5.867 5.977 6.097 6.214 6.330 6.449 6.567 6.674 6.766 6.826 6.933 7.064 7.137 7.176 7.187 7.177 7.141 7.076 6.999 6.920 6.916 6.971 6.992 6.981 6.943 6.892 6.832 6.761 6.689 6.618 6.607 6.656 6.696 6.719 6.724 6.723 6.718 6.710 6.694 6.644 6.626 6.664
2.672 3.057 3.429 3.750 4.007 4.207 4.362 4.483 4.580 4.661 4.730 4.791 4.847 4.898 4.947 4.993 5.036 5.078 5.120 5.162 5.207 5.256 5.314 5.379 5.452 5.537 5.634 5.742 5.846 5.955 6.075 6.192 6.309 6.428 6.545 6.656 6.751 6.805 6.909 7.042 7.115 7.152 7.163 7.155 7.118 7.053 6.974 6.897 6.897 6.956 6.984 6.978 6.945 6.898 6.837 6.764 6.687 6.611 6.596 6.643 6.682 6.704 6.711 6.709 6.702 6.695 6.681 6.625 6.600 6.632
2.844 3.227 3.578 3.868 4.098 4.277 4.417 4.528 4.619 4.696 4.763 4.822 4.876 4.925 4.971 5.014 5.055 5.094 5.132 5.170 5.211 5.257 5.309 5.369 5.438 5.517 5.613 5.720 5.823 5.932 6.052 6.170 6.290 6.409 6.528 6.647 6.734 6.777 6.882 7.016 7.087 7.124 7.136 7.126 7.089 7.020 6.944 6.875 6.880 6.945 6.977 6.977 6.949 6.903 6.840 6.762 6.680 6.600 6.581 6.626 6.665 6.689 6.698 6.696 6.689 6.687 6.671 6.606 6.574 6.600
3.018 3.390 3.712 3.972 4.177 4.337 4.465 4.569 4.656 4.731 4.796 4.855 4.909 4.958 5.003 5.045 5.084 5.120 5.154 5.189 5.225 5.265 5.311 5.365 5.428 5.505 5.599 5.704 5.806 5.916 6.037 6.158 6.279 6.401 6.523 6.629 6.702 6.746 6.853 6.984 7.054 7.091 7.100 7.087 7.048 6.984 6.922 6.859 6.865 6.934 6.973 6.977 6.951 6.904 6.838 6.757 6.675 6.591 6.567 6.610 6.651 6.677 6.688 6.690 6.688 6.684 6.657 6.587 6.549 6.567
3.188 3.538 3.830 4.063 4.245 4.390 4.507 4.605 4.689 4.762 4.828 4.888 4.943 4.993 5.039 5.082 5.120 5.155 5.186 5.217 5.248 5.282 5.323 5.371 5.429 5.501 5.591 5.694 5.795 5.905 6.027 6.149 6.270 6.392 6.506 6.597 6.666 6.710 6.816 6.945 7.014 7.050 7.057 7.042 7.007 6.957 6.904 6.843 6.852 6.926 6.969 6.976 6.950 6.902 6.835 6.755 6.673 6.584 6.556 6.600 6.643 6.672 6.686 6.693 6.692 6.679 6.643 6.566 6.522 6.534
3.349 3.671 3.933 4.141 4.305 4.436 4.544 4.637 4.718 4.791 4.858 4.919 4.976 5.029 5.077 5.121 5.160 5.194 5.224 5.252 5.279 5.308 5.343 5.385 5.436 5.502 5.587 5.687 5.786 5.896 6.017 6.137 6.256 6.371 6.477 6.562 6.628 6.672 6.776 6.905 6.972 7.006 7.013 7.001 6.976 6.937 6.889 6.831 6.842 6.920 6.965 6.974 6.949 6.900 6.835 6.758 6.675 6.584 6.554 6.599 6.643 6.674 6.692 6.699 6.694 6.674 6.629 6.546 6.496 6.502
3.496 3.790 4.025 4.211 4.357 4.476 4.577 4.665 4.743 4.816 4.883 4.946 5.006 5.061 5.113 5.159 5.200 5.235 5.265 5.290 5.314 5.339 5.369 5.404 5.448 5.507 5.587 5.682 5.778 5.884 6.002 6.120 6.232 6.341 6.443 6.526 6.591 6.635 6.737 6.863 6.930 6.965 6.973 6.969 6.953 6.920 6.879 6.822 6.834 6.914 6.961 6.972 6.948 6.903 6.842 6.768 6.688 6.595 6.562 6.607 6.651 6.684 6.701 6.707 6.697 6.667 6.613 6.525 6.469 6.468
3.629 3.895 4.106 4.272 4.404 4.512 4.606 4.690 4.766 4.837 4.905 4.970 5.031 5.090 5.144 5.194 5.237 5.274 5.304 5.328 5.350 5.372 5.397 5.426 5.464 5.515 5.586 5.674 5.765 5.865 5.980 6.093 6.200 6.307 6.407 6.491 6.557 6.599 6.700 6.827 6.895 6.931 6.944 6.946 6.936 6.911 6.874 6.816 6.828 6.910 6.960 6.972 6.953 6.913 6.856 6.787 6.710 6.615 6.578 6.621 6.665 6.696 6.712 6.714 6.698 6.659 6.598 6.503 6.440 6.432
3.750 3.990 4.179 4.327 4.446 4.546 4.633 4.712 4.786 4.857 4.924 4.990 5.053 5.114 5.172 5.224 5.271 5.309 5.341 5.365 5.386 5.405 5.427 5.450 5.479 5.521 5.584 5.665 5.748 5.844 5.955 6.063 6.169 6.275 6.377 6.463 6.531 6.572 6.673 6.802 6.870 6.907 6.924 6.931 6.927 6.907 6.871 6.813 6.826 6.910 6.962 6.979 6.965 6.930 6.879 6.816 6.741 6.643 6.603 6.643 6.683 6.711 6.723 6.719 6.696 6.650 6.579 6.478 6.410 6.396
3.859 4.075 4.244 4.377 4.485 4.576 4.659 4.734 4.806 4.875 4.942 5.008 5.073 5.136 5.195 5.251 5.300 5.341 5.374 5.400 5.420 5.438 5.456 5.475 5.498 5.533 5.588 5.661 5.737 5.827 5.934 6.041 6.147 6.253 6.358 6.447 6.518 6.559 6.659 6.787 6.854 6.893 6.912 6.923 6.923 6.905 6.871 6.813 6.826 6.912 6.967 6.989 6.981 6.952 6.908 6.849 6.776 6.676 6.631 6.665 6.698 6.721 6.727 6.718 6.689 6.633 6.553 6.447 6.373 6.354
3.959 4.152 4.303 4.423 4.521 4.606 4.683 4.755 4.824 4.892 4.959 5.025 5.091 5.155 5.216 5.274 5.325 5.369 5.405 5.433 5.454 5.471 5.487 5.505 5.525 5.555 5.602 5.667 5.736 5.819 5.923 6.029 6.134 6.242 6.347 6.439 6.512 6.552 6.650 6.777 6.845 6.883 6.904 6.919 6.921 6.905 6.873 6.816 6.829 6.917 6.977 7.004 7.001 6.980 6.941 6.885 6.815 6.712 6.660 6.686 6.712 6.728 6.728 6.713 6.677 6.614 6.526 6.413 6.336 6.315
4.050 4.223 4.357 4.465 4.555 4.634 4.707 4.776 4.843 4.910 4.976 5.042 5.107 5.172 5.234 5.293 5.347 5.394 5.433 5.463 5.486 5.504 5.521 5.539 5.559 5.586 5.627 5.684 5.744 5.820 5.918 6.021 6.126 6.235 6.341 6.438 6.516 6.551 6.648 6.775 6.842 6.880 6.902 6.920 6.924 6.911 6.882 6.824 6.838 6.930 6.993 7.025 7.030 7.015 6.980 6.929 6.861 6.753 6.692 6.709 6.728 6.736 6.729 6.708 6.664 6.593 6.496 6.380 6.302 6.282
