TsunamiDB/out54095.asc
ncols          264
nrows          230
xllcorner      497853.4375
yllcorner      4229146.0000
cellsize         5.
NODATA_value   -99
[rows 68 to 101 of 230, columns 77 to 153 of 264]
5.503 5.520 5.536 5.552 5.567 5.581 5.594 5.609 5.623 5.636 5.650 5.664 5.677 5.691 5.705 5.718 5.732 5.746 5.761 5.775 5.790 5.805 5.820 5.835 5.850 5.866 5.881 5.896 5.909 5.923 5.936 5.949 5.962 5.975 5.986 5.997 6.008 6.017 6.026 6.034 6.042 6.049 6.057 6.064 6.072 6.080 6.089 6.098 6.109 6.121 6.132 6.144 6.157 6.171 6.186 6.201 6.217 6.233 6.250 6.266 6.283 6.300 6.317 6.334 6.351 6.367 6.384 6.400 6.417 6.433 6.449 6.465 6.481 6.496 6.510 6.523 6.537
5.519 5.536 5.553 5.569 5.584 5.597 5.611 5.626 5.640 5.653 5.667 5.680 5.693 5.706 5.719 5.732 5.746 5.759 5.773 5.787 5.801 5.815 5.829 5.844 5.859 5.874 5.889 5.903 5.917 5.930 5.944 5.957 5.971 5.984 5.996 6.007 6.018 6.028 6.038 6.047 6.055 6.063 6.070 6.077 6.085 6.092 6.100 6.109 6.118 6.129 6.139 6.149 6.161 6.174 6.188 6.203 6.218 6.234 6.250 6.266 6.283 6.299 6.316 6.333 6.349 6.366 6.383 6.399 6.416 6.432 6.448 6.464 6.480 6.495 6.509 6.523 6.537
5.535 5.552 5.569 5.585 5.600 5.614 5.628 5.643 5.657 5.670 5.684 5.697 5.710 5.722 5.735 5.748 5.760 5.773 5.786 5.799 5.812 5.826 5.840 5.854 5.868 5.883 5.897 5.911 5.924 5.938 5.952 5.965 5.979 5.992 6.005 6.017 6.028 6.039 6.049 6.059 6.068 6.076 6.083 6.091 6.098 6.105 6.113 6.120 6.129 6.138 6.147 6.156 6.167 6.179 6.192 6.206 6.220 6.235 6.251 6.267 6.283 6.299 6.316 6.332 6.349 6.365 6.382 6.398 6.415 6.431 6.448 6.464 6.480 6.495 6.509 6.523 6.537
5.549 5.567 5.584 5.600 5.615 5.630 5.644 5.659 5.673 5.687 5.701 5.714 5.727 5.739 5.752 5.764 5.776 5.788 5.801 5.813 5.826 5.838 5.851 5.865 5.878 5.892 5.907 5.920 5.933 5.946 5.960 5.973 5.987 6.000 6.013 6.026 6.038 6.049 6.060 6.070 6.079 6.088 6.096 6.104 6.111 6.119 6.126 6.133 6.141 6.149 6.157 6.166 6.175 6.186 6.198 6.211 6.224 6.239 6.253 6.269 6.284 6.300 6.316 6.333 6.349 6.366 6.382 6.399 6.415 6.431 6.448 6.464 6.480 6.495 6.510 6.524 6.538
5.563 5.581 5.598 5.615 5.630 5.645 5.660 5.675 5.689 5.703 5.717 5.730 5.743 5.756 5.768 5.780 5.792 5.804 5.816 5.828 5.840 5.852 5.864 5.877 5.890 5.903 5.917 5.929 5.942 5.955 5.968 5.982 5.995 6.008 6.021 6.034 6.047 6.058 6.070 6.080 6.090 6.100 6.109 6.117 6.125 6.132 6.139 6.146 6.154 6.161 6.169 6.176 6.185 6.194 6.205 6.217 6.230 6.243 6.257 6.272 6.287 6.302 6.318 6.334 6.350 6.367 6.383 6.399 6.416 6.432 6.448 6.465 6.481 6.496 6.511 6.525 6.539
5.577 5.594 5.611 5.628 5.644 5.659 5.675 5.690 5.705 5.719 5.733 5.747 5.760 5.773 5.785 5.797 5.809 5.821 5.832 5.844 5.855 5.867 5.878 5.890 5.902 5.915 5.928 5.940 5.952 5.964 5.977 5.990 6.004 6.017 6.030 6.043 6.055 6.068 6.079 6.090 6.101 6.111 6.120 6.129 6.137 6.145 6.153 6.160 6.167 6.174 6.181 6.188 6.196 6.204 6.214 6.225 6.237 6.249 6.262 6.276 6.291 6.306 6.321 6.337 6.353 6.369 6.385 6.401 6.417 6.434 6.450 6.466 6.483 6.498 6.512 6.527 6.541
5.589 5.607 5.624 5.641 5.658 5.673 5.688 5.704 5.719 5.734 5.748 5.762 5.776 5.789 5.802 5.814 5.826 5.837 5.849 5.860 5.871 5.882 5.893 5.905 5.916 5.928 5.940 5.951 5.963 5.975 5.987 6.000 6.013 6.026 6.039 6.052 6.064 6.077 6.089 6.100 6.111 6.122 6.132 6.141 6.150 6.158 6.166 6.173 6.180 6.188 6.194 6.200 6.208 6.216 6.225 6.234 6.245 6.257 6.269 6.282 6.296 6.310 6.325 6.340 6.356 6.372 6.388 6.404 6.420 6.436 6.452 6.469 6.485 6.500 6.515 6.529 6.544
5.602 5.619 5.637 5.654 5.670 5.686 5.701 5.717 5.733 5.748 5.763 5.777 5.791 5.805 5.818 5.830 5.842 5.854 5.865 5.877 5.888 5.898 5.909 5.920 5.931 5.942 5.953 5.964 5.975 5.986 5.998 6.010 6.023 6.035 6.048 6.061 6.073 6.086 6.098 6.110 6.121 6.132 6.142 6.152 6.162 6.170 6.179 6.186 6.194 6.201 6.208 6.214 6.220 6.228 6.236 6.245 6.255 6.266 6.277 6.290 6.303 6.316 6.331 6.345 6.360 6.376 6.391 6.407 6.423 6.439 6.456 6.472 6.488 6.504 6.518 6.533 6.548
5.614 5.631 5.649 5.666 5.682 5.698 5.714 5.730 5.745 5.761 5.776 5.791 5.805 5.819 5.833 5.846 5.858 5.870 5.882 5.893 5.904 5.915 5.925 5.936 5.946 5.957 5.968 5.978 5.988 5.999 6.010 6.022 6.034 6.046 6.058 6.071 6.083 6.095 6.107 6.119 6.131 6.142 6.153 6.163 6.173 6.182 6.191 6.199 6.207 6.215 6.221 6.227 6.234 6.241 6.248 6.257 6.266 6.276 6.287 6.298 6.310 6.323 6.337 6.351 6.366 6.381 6.396 6.412 6.428 6.444 6.460 6.476 6.492 6.507 6.522 6.537 6.552
5.626 5.643 5.660 5.678 5.694 5.709 5.725 5.742 5.758 5.773 5.789 5.804 5.819 5.833 5.847 5.860 5.873 5.886 5.898 5.909 5.920 5.931 5.942 5.952 5.963 5.973 5.983 5.993 6.002 6.012 6.023 6.034 6.046 6.057 6.069 6.081 6.093 6.105 6.117 6.129 6.141 6.152 6.163 6.174 6.184 6.194 6.203 6.212 6.220 6.228 6.235 6.241 6.247 6.254 6.261 6.269 6.278 6.287 6.297 6.308 6.319 6.331 6.344 6.358 6.372 6.387 6.402 6.417 6.433 6.449 6.464 6.481 6.497 6.512 6.527 6.542 6.556
5.639 5.655 5.672 5.689 5.705 5.721 5.737 5.753 5.769 5.785 5.801 5.816 5.831 5.846 5.860 5.874 5.887 5.900 5.913 5.925 5.936 5.947 5.958 5.969 5.979 5.989 5.999 6.009 6.017 6.027 6.037 6.048 6.058 6.070 6.081 6.092 6.104 6.116 6.128 6.140 6.151 6.163 6.174 6.185 6.195 6.205 6.215 6.224 6.233 6.241 6.248 6.254 6.261 6.267 6.275 6.282 6.290 6.299 6.308 6.318 6.329 6.341 6.353 6.366 6.380 6.394 6.408 6.423 6.439 6.454 6.470 6.486 6.502 6.518 6.532 6.547 6.562
5.652 5.668 5.685 5.701 5.717 5.732 5.748 5.764 5.780 5.796 5.812 5.827 5.843 5.858 5.872 5.887 5.900 5.914 5.927 5.939 5.951 5.963 5.974 5.985 5.995 6.005 6.015 6.025 6.033 6.042 6.052 6.062 6.072 6.083 6.094 6.105 6.116 6.127 6.139 6.151 6.162 6.173 6.185 6.196 6.206 6.217 6.227 6.236 6.245 6.254 6.261 6.267 6.274 6.281 6.288 6.295 6.303 6.311 6.320 6.330 6.340 6.351 6.362 6.375 6.388 6.401 6.416 6.430 6.445 6.461 6.476 6.492 6.508 6.524 6.538 6.553 6.568
5.665 5.681 5.697 5.713 5.729 5.744 5.759 5.775 5.791 5.807 5.823 5.838 5.854 5.869 5.884 5.898 5.913 5.926 5.940 5.953 5.965 5.977 5.989 6.000 6.011 6.021 6.031 6.041 6.049 6.058 6.067 6.077 6.087 6.097 6.107 6.118 6.129 6.140 6.151 6.162 6.174 6.185 6.196 6.207 6.218 6.228 6.238 6.248 6.257 6.266 6.274 6.281 6.287 6.294 6.301 6.309 6.316 6.324 6.332 6.341 6.351 6.361 6.372 6.384 6.397 6.410 6.424 6.438 6.453 6.468 6.483 6.499 6.515 6.530 6.545 6.560 6.575
5.679 5.695 5.710 5.726 5.741 5.755 5.771 5.786 5.802 5.818 5.833 5.849 5.864 5.880 5.895 5.910 5.924 5.938 5.952 5.966 5.978 5.991 6.003 6.015 6.026 6.037 6.047 6.056 6.065 6.074 6.083 6.092 6.102 6.112 6.122 6.132 6.142 6.153 6.164 6.175 6.186 6.197 6.208 6.219 6.229 6.240 6.250 6.260 6.269 6.279 6.286 6.293 6.301 6.308 6.315 6.322 6.330 6.337 6.345 6.354 6.363 6.373 6.383 6.394 6.406 6.419 6.432 6.446 6.461 6.475 6.491 6.506 6.522 6.537 6.552 6.567 6.582
5.694 5.709 5.724 5.739 5.754 5.768 5.783 5.798 5.813 5.829 5.844 5.860 5.875 5.890 5.905 5.920 5.935 5.950 5.964 5.977 5.991 6.004 6.016 6.028 6.040 6.051 6.062 6.072 6.080 6.090 6.099 6.108 6.118 6.127 6.137 6.146 6.156 6.167 6.177 6.188 6.198 6.209 6.220 6.231 6.241 6.252 6.262 6.272 6.282 6.291 6.299 6.306 6.314 6.321 6.328 6.336 6.343 6.351 6.358 6.367 6.375 6.385 6.394 6.405 6.417 6.429 6.441 6.455 6.469 6.483 6.499 6.514 6.530 6.545 6.559 6.574 6.589
5.710 5.724 5.739 5.754 5.767 5.781 5.795 5.810 5.825 5.840 5.855 5.870 5.885 5.901 5.916 5.931 5.946 5.960 5.975 5.989 6.002 6.016 6.029 6.041 6.053 6.065 6.076 6.086 6.095 6.105 6.114 6.124 6.133 6.142 6.152 6.162 6.171 6.181 6.191 6.201 6.212 6.222 6.233 6.243 6.254 6.264 6.275 6.285 6.295 6.304 6.312 6.319 6.327 6.334 6.342 6.349 6.356 6.364 6.372 6.379 6.388 6.397 6.406 6.416 6.427 6.439 6.451 6.464 6.478 6.492 6.507 6.522 6.537 6.552 6.567 6.582 6.597
5.726 5.740 5.755 5.769 5.782 5.795 5.809 5.823 5.837 5.852 5.867 5.881 5.896 5.911 5.926 5.941 5.956 5.970 5.985 5.999 6.013 6.027 6.040 6.053 6.066 6.078 6.090 6.100 6.110 6.119 6.129 6.139 6.148 6.158 6.167 6.177 6.186 6.196 6.206 6.216 6.226 6.236 6.246 6.257 6.267 6.277 6.288 6.298 6.308 6.317 6.325 6.332 6.340 6.348 6.355 6.363 6.370 6.377 6.385 6.393 6.401 6.409 6.418 6.428 6.438 6.449 6.461 6.474 6.487 6.501 6.515 6.530 6.546 6.560 6.574 6.589 6.605
5.743 5.757 5.771 5.785 5.797 5.810 5.823 5.837 5.851 5.865 5.879 5.893 5.907 5.922 5.937 5.951 5.966 5.981 5.995 6.009 6.024 6.038 6.051 6.065 6.078 6.090 6.102 6.113 6.123 6.133 6.144 6.154 6.163 6.173 6.183 6.192 6.201 6.211 6.221 6.230 6.240 6.250 6.260 6.270 6.281 6.291 6.301 6.311 6.321 6.330 6.338 6.346 6.353 6.361 6.369 6.376 6.384 6.391 6.398 6.406 6.414 6.422 6.431 6.440 6.450 6.461 6.472 6.484 6.497 6.510 6.524 6.539 6.554 6.568 6.582 6.597 6.613
5.760 5.774 5.788 5.801 5.813 5.826 5.838 5.851 5.865 5.878 5.892 5.905 5.919 5.933 5.948 5.962 5.976 5.991 6.005 6.020 6.034 6.048 6.062 6.075 6.089 6.102 6.115 6.125 6.136 6.147 6.157 6.168 6.178 6.188 6.197 6.207 6.217 6.226 6.236 6.245 6.255 6.265 6.275 6.284 6.295 6.305 6.315 6.325 6.335 6.344 6.351 6.359 6.367 6.375 6.383 6.390 6.398 6.405 6.412 6.420 6.427 6.435 6.443 6.452 6.462 6.472 6.483 6.494 6.507 6.520 6.534 6.548 6.563 6.576 6.591 6.605 6.621
5.776 5.791 5.805 5.818 5.830 5.842 5.854 5.867 5.880 5.893 5.906 5.919 5.932 5.946 5.959 5.973 5.987 6.001 6.015 6.030 6.044 6.058 6.072 6.086 6.100 6.113 6.126 6.137 6.148 6.159 6.170 6.181 6.192 6.202 6.212 6.222 6.231 6.241 6.250 6.260 6.270 6.279 6.289 6.299 6.309 6.319 6.329 6.339 6.348 6.357 6.365 6.373 6.381 6.389 6.397 6.404 6.412 6.419 6.426 6.433 6.441 6.448 6.457 6.465 6.474 6.484 6.494 6.505 6.517 6.530 6.543 6.557 6.571 6.585 6.599 6.614 6.629
5.793 5.808 5.822 5.835 5.847 5.859 5.871 5.883 5.896 5.908 5.920 5.933 5.946 5.959 5.972 5.985 5.999 6.012 6.026 6.040 6.054 6.068 6.082 6.096 6.110 6.124 6.136 6.148 6.159 6.171 6.182 6.194 6.205 6.215 6.226 6.236 6.246 6.255 6.265 6.275 6.284 6.294 6.304 6.313 6.323 6.333 6.343 6.353 6.362 6.371 6.379 6.387 6.395 6.403 6.411 6.418 6.426 6.433 6.440 6.447 6.455 6.462 6.470 6.478 6.487 6.496 6.506 6.517 6.528 6.540 6.553 6.567 6.580 6.594 6.608 6.622 6.637
5.808 5.823 5.838 5.851 5.863 5.876 5.888 5.900 5.912 5.924 5.936 5.948 5.960 5.973 5.985 5.998 6.011 6.024 6.037 6.051 6.065 6.079 6.092 6.106 6.120 6.134 6.147 6.158 6.170 6.182 6.194 6.206 6.217 6.228 6.239 6.249 6.259 6.269 6.279 6.289 6.299 6.308 6.318 6.328 6.337 6.347 6.357 6.367 6.377 6.385 6.393 6.401 6.409 6.417 6.425 6.433 6.440 6.448 6.455 6.462 6.469 6.476 6.484 6.491 6.500 6.509 6.518 6.528 6.539 6.551 6.563 6.576 6.590 6.603 6.616 6.631 6.646
5.821 5.837 5.853 5.867 5.880 5.892 5.905 5.917 5.929 5.941 5.953 5.964 5.976 5.987 5.999 6.012 6.024 6.037 6.049 6.063 6.076 6.089 6.103 6.117 6.130 6.144 6.157 6.169 6.181 6.193 6.205 6.217 6.229 6.240 6.251 6.262 6.273 6.283 6.293 6.303 6.313 6.322 6.332 6.342 6.352 6.361 6.371 6.381 6.391 6.400 6.408 6.416 6.424 6.432 6.440 6.448 6.455 6.462 6.470 6.477 6.483 6.491 6.498 6.505 6.513 6.522 6.531 6.540 6.551 6.562 6.574 6.586 6.599 6.612 6.625 6.639 6.654
5.833 5.850 5.867 5.881 5.895 5.908 5.921 5.934 5.946 5.958 5.969 5.981 5.992 6.003 6.015 6.026 6.038 6.050 6.062 6.075 6.088 6.101 6.114 6.127 6.141 6.154 6.167 6.179 6.191 6.204 6.216 6.228 6.240 6.252 6.263 6.275 6.285 6.296 6.306 6.316 6.326 6.336 6.346 6.356 6.365 6.375 6.385 6.395 6.405 6.414 6.422 6.430 6.438 6.446 6.455 6.462 6.470 6.477 6.484 6.491 6.498 6.505 6.512 6.519 6.527 6.535 6.543 6.553 6.562 6.573 6.585 6.597 6.609 6.621 6.634 6.648 6.663
5.842 5.861 5.878 5.894 5.909 5.923 5.937 5.950 5.962 5.974 5.986 5.997 6.009 6.020 6.031 6.042 6.053 6.064 6.076 6.088 6.100 6.113 6.126 6.139 6.152 6.165 6.178 6.190 6.202 6.214 6.227 6.239 6.252 6.263 6.275 6.286 6.297 6.308 6.319 6.329 6.339 6.349 6.359 6.369 6.379 6.389 6.399 6.409 6.418 6.427 6.436 6.444 6.452 6.461 6.469 6.477 6.485 6.492 6.499 6.506 6.513 6.520 6.527 6.534 6.541 6.549 6.557 6.565 6.575 6.585 6.596 6.608 6.619 6.631 6.644 6.657 6.672
5.849 5.869 5.888 5.905 5.920 5.936 5.950 5.964 5.978 5.990 6.002 6.014 6.025 6.036 6.047 6.058 6.069 6.080 6.091 6.102 6.114 6.126 6.138 6.151 6.163 6.176 6.189 6.201 6.213 6.225 6.238 6.250 6.262 6.275 6.286 6.298 6.309 6.320 6.331 6.342 6.352 6.362 6.372 6.382 6.392 6.402 6.412 6.422 6.432 6.441 6.449 6.458 6.466 6.475 6.483 6.491 6.499 6.507 6.514 6.521 6.528 6.535 6.542 6.549 6.556 6.563 6.571 6.579 6.588 6.597 6.608 6.619 6.630 6.641 6.654 6.667 6.681
5.852 5.874 5.895 5.913 5.930 5.946 5.962 5.977 5.991 6.005 6.018 6.030 6.041 6.052 6.063 6.074 6.085 6.095 6.106 6.117 6.128 6.140 6.151 6.163 6.176 6.188 6.200 6.212 6.224 6.236 6.249 6.261 6.273 6.286 6.297 6.309 6.321 6.332 6.343 6.354 6.364 6.374 6.385 6.395 6.405 6.415 6.425 6.435 6.445 6.454 6.463 6.471 6.480 6.489 6.497 6.506 6.514 6.522 6.529 6.536 6.543 6.550 6.557 6.563 6.570 6.577 6.585 6.592 6.601 6.610 6.620 6.630 6.641 6.652 6.664 6.676 6.690
5.852 5.876 5.898 5.918 5.937 5.955 5.972 5.988 6.003 6.018 6.031 6.044 6.057 6.068 6.079 6.090 6.101 6.111 6.122 6.132 6.143 6.154 6.165 6.177 6.189 6.201 6.213 6.224 6.235 6.248 6.260 6.272 6.284 6.297 6.309 6.320 6.332 6.343 6.354 6.365 6.376 6.386 6.397 6.407 6.417 6.427 6.437 6.447 6.458 6.467 6.475 6.484 6.493 6.502 6.511 6.519 6.528 6.536 6.544 6.551 6.558 6.565 6.572 6.578 6.585 6.592 6.599 6.606 6.614 6.623 6.632 6.642 6.653 6.663 6.674 6.686 6.699
5.849 5.874 5.898 5.920 5.941 5.960 5.979 5.996 6.013 6.029 6.043 6.057 6.070 6.083 6.095 6.106 6.117 6.127 6.138 6.148 6.159 6.169 6.180 6.191 6.203 6.214 6.226 6.236 6.248 6.259 6.271 6.284 6.296 6.308 6.320 6.332 6.343 6.355 6.366 6.377 6.387 6.398 6.408 6.419 6.429 6.439 6.449 6.460 6.470 6.479 6.488 6.497 6.506 6.515 6.524 6.533 6.541 6.550 6.558 6.565 6.573 6.580 6.587 6.593 6.600 6.607 6.613 6.621 6.628 6.636 6.645 6.655 6.664 6.674 6.685 6.696 6.709
5.841 5.868 5.895 5.919 5.941 5.962 5.983 6.002 6.020 6.037 6.053 6.068 6.082 6.096 6.108 6.120 6.132 6.143 6.153 6.164 6.174 6.185 6.195 6.206 6.217 6.228 6.239 6.249 6.260 6.272 6.284 6.296 6.307 6.319 6.331 6.343 6.354 6.366 6.377 6.388 6.399 6.409 6.420 6.430 6.441 6.451 6.461 6.471 6.482 6.491 6.500 6.509 6.518 6.527 6.536 6.545 6.554 6.563 6.571 6.579 6.587 6.594 6.601 6.608 6.615 6.621 6.628 6.635 6.642 6.650 6.658 6.667 6.676 6.686 6.696 6.707 6.719
5.829 5.858 5.887 5.913 5.937 5.960 5.983 6.004 6.024 6.043 6.060 6.077 6.092 6.107 6.120 6.133 6.145 6.157 6.168 6.179 6.190 6.200 6.211 6.221 6.232 6.243 6.253 6.263 6.274 6.285 6.296 6.308 6.320 6.331 6.343 6.354 6.366 6.377 6.388 6.399 6.410 6.421 6.431 6.442 6.452 6.462 6.473 6.483 6.493 6.503 6.511 6.520 6.530 6.539 6.548 6.558 6.567 6.576 6.584 6.592 6.600 6.608 6.615 6.622 6.629 6.636 6.642 6.649 6.656 6.664 6.672 6.680 6.689 6.697 6.707 6.718 6.729
5.813 5.844 5.874 5.902 5.929 5.954 5.979 6.002 6.024 6.045 6.064 6.082 6.099 6.115 6.130 6.144 6.158 6.170 6.182 6.193 6.205 6.215 6.226 6.237 6.247 6.258 6.268 6.277 6.288 6.298 6.310 6.321 6.332 6.344 6.355 6.366 6.378 6.389 6.400 6.411 6.422 6.432 6.443 6.453 6.463 6.474 6.484 6.494 6.504 6.514 6.522 6.532 6.541 6.550 6.560 6.569 6.579 6.588 6.597 6.605 6.613 6.621 6.629 6.636 6.643 6.650 6.657 6.663 6.670 6.677 6.685 6.693 6.701 6.709 6.718 6.728 6.740
5.794 5.826 5.858 5.888 5.916 5.944 5.970 5.996 6.020 6.043 6.064 6.084 6.103 6.121 6.137 6.153 6.167 6.181 6.194 6.206 6.218 6.230 6.241 6.251 6.262 6.273 6.283 6.292 6.302 6.312 6.323 6.334 6.345 6.356 6.368 6.379 6.390 6.401 6.412 6.423 6.433 6.444 6.454 6.465 6.475 6.485 6.495 6.505 6.515 6.525 6.533 6.543 6.552 6.561 6.571 6.580 6.590 6.599 6.608 6.617 6.626 6.634 6.642 6.649 6.656 6.663 6.670 6.677 6.684 6.691 6.699 6.707 6.714 6.721 6.730 6.740 6.750
5.774 5.806 5.838 5.869 5.899 5.928 5.957 5.985 6.011 6.036 6.060 6.082 6.103 6.123 6.141 6.158 6.174 6.190 6.204 6.217 6.230 6.242 6.254 6.265 6.276 6.287 6.297 6.306 6.316 6.327 6.337 6.348 6.359 6.369 6.380 6.391 6.402 6.413 6.424 6.435 6.445 6.456 6.466 6.476 6.486 6.496 6.506 6.517 6.527 6.536 6.544 6.553 6.563 6.572 6.582 6.591 6.601 6.610 6.619 6.628 6.637 6.646 6.654 6.662 6.669 6.677 6.684 6.691 6.697 6.705 6.712 6.719 6.726 6.733 6.741 6.751 6.761
