TsunamiDB/out54052.asc
ncols          264
nrows          230
xllcorner      497853.4375
yllcorner      4229146.0000
cellsize         5.
NODATA_value   -99
[rows 128 to 159 of 230, columns 74 to 147 of 264]
3.356 3.544 3.695 3.816 3.916 4.001 4.076 4.144 4.206 4.264 4.319 4.371 4.421 4.469 4.515 4.560 4.603 4.645 4.686 4.725 4.764 4.801 4.838 4.874 4.909 4.943 4.976 5.008 5.039 5.070 5.100 5.130 5.160 5.189 5.218 5.247 5.276 5.305 5.333 5.362 5.391 5.419 5.448 5.477 5.506 5.534 5.562 5.590 5.617 5.643 5.667 5.690 5.713 5.733 5.752 5.769 5.783 5.795 5.804 5.810 5.814 5.817 5.819 5.821 5.824 5.828 5.836 5.846 5.860 5.877 5.897 5.919 5.943 5.967
3.446 3.616 3.753 3.864 3.957 4.037 4.109 4.174 4.234 4.291 4.345 4.396 4.445 4.492 4.537 4.581 4.624 4.665 4.706 4.745 4.783 4.820 4.857 4.892 4.927 4.961 4.994 5.026 5.057 5.088 5.118 5.148 5.177 5.206 5.234 5.262 5.290 5.317 5.345 5.373 5.401 5.429 5.457 5.486 5.514 5.543 5.571 5.599 5.627 5.654 5.679 5.703 5.726 5.749 5.769 5.788 5.805 5.819 5.830 5.839 5.845 5.849 5.851 5.852 5.853 5.856 5.860 5.867 5.877 5.890 5.907 5.926 5.948 5.972
3.527 3.682 3.806 3.909 3.995 4.071 4.140 4.203 4.262 4.317 4.370 4.420 4.468 4.514 4.559 4.602 4.645 4.685 4.725 4.764 4.802 4.839 4.875 4.911 4.945 4.979 5.013 5.044 5.075 5.106 5.136 5.165 5.194 5.222 5.250 5.277 5.304 5.331 5.358 5.385 5.412 5.439 5.467 5.495 5.523 5.551 5.579 5.607 5.635 5.663 5.689 5.713 5.738 5.762 5.784 5.805 5.824 5.840 5.854 5.865 5.874 5.880 5.883 5.885 5.885 5.886 5.887 5.891 5.898 5.907 5.921 5.937 5.957 5.978
3.601 3.741 3.855 3.950 4.032 4.104 4.170 4.231 4.289 4.343 4.394 4.443 4.491 4.536 4.580 4.623 4.665 4.705 4.744 4.783 4.820 4.857 4.893 4.929 4.963 4.997 5.031 5.062 5.093 5.124 5.154 5.184 5.212 5.240 5.267 5.294 5.320 5.346 5.372 5.398 5.424 5.450 5.477 5.504 5.531 5.559 5.587 5.615 5.643 5.671 5.697 5.723 5.748 5.773 5.797 5.819 5.840 5.859 5.875 5.889 5.900 5.908 5.913 5.917 5.918 5.918 5.918 5.919 5.923 5.929 5.938 5.951 5.968 5.986
3.668 3.796 3.901 3.990 4.066 4.135 4.199 4.259 4.315 4.368 4.418 4.466 4.513 4.558 4.601 4.643 4.684 4.724 4.763 4.801 4.838 4.875 4.911 4.946 4.981 5.015 5.048 5.080 5.111 5.143 5.173 5.202 5.231 5.259 5.285 5.312 5.337 5.362 5.387 5.412 5.437 5.462 5.488 5.514 5.540 5.567 5.595 5.622 5.650 5.678 5.704 5.731 5.757 5.783 5.808 5.832 5.854 5.874 5.893 5.909 5.923 5.934 5.942 5.947 5.950 5.951 5.951 5.950 5.951 5.954 5.960 5.969 5.982 5.997
3.730 3.846 3.943 4.026 4.099 4.166 4.228 4.286 4.340 4.392 4.442 4.489 4.535 4.579 4.621 4.663 4.703 4.742 4.781 4.819 4.856 4.892 4.928 4.963 4.998 5.032 5.066 5.098 5.129 5.161 5.191 5.221 5.249 5.277 5.304 5.330 5.355 5.380 5.404 5.428 5.452 5.476 5.500 5.525 5.550 5.576 5.603 5.630 5.657 5.684 5.711 5.738 5.765 5.791 5.817 5.842 5.866 5.888 5.908 5.927 5.943 5.956 5.967 5.975 5.980 5.983 5.983 5.983 5.983 5.983 5.986 5.992 6.001 6.012
3.786 3.892 3.983 4.061 4.131 4.195 4.256 4.312 4.365 4.416 4.465 4.511 4.556 4.599 4.641 4.682 4.722 4.760 4.799 4.836 4.873 4.909 4.944 4.980 5.014 5.049 5.082 5.115 5.146 5.178 5.209 5.239 5.268 5.296 5.323 5.348 5.374 5.398 5.422 5.445 5.468 5.491 5.514 5.538 5.562 5.586 5.612 5.638 5.664 5.691 5.718 5.744 5.771 5.798 5.825 5.851 5.875 5.899 5.921 5.942 5.960 5.976 5.989 6.000 6.008 6.013 6.015 6.016 6.015 6.015 6.015 6.018 6.023 6.031
3.837 3.935 4.020 4.095 4.162 4.224 4.283 4.338 4.390 4.440 4.487 4.533 4.577 4.619 4.661 4.701 4.740 4.778 4.816 4.853 4.889 4.925 4.961 4.996 5.030 5.065 5.099 5.131 5.163 5.195 5.226 5.256 5.285 5.314 5.341 5.367 5.392 5.417 5.440 5.463 5.485 5.507 5.529 5.552 5.574 5.598 5.622 5.646 5.672 5.698 5.724 5.750 5.777 5.804 5.831 5.858 5.884 5.908 5.932 5.954 5.974 5.993 6.009 6.022 6.032 6.040 6.045 6.047 6.048 6.047 6.047 6.047 6.050 6.054
3.884 3.976 4.055 4.127 4.192 4.252 4.309 4.363 4.414 4.463 4.510 4.554 4.598 4.639 4.680 4.719 4.758 4.795 4.833 4.869 4.905 4.941 4.976 5.011 5.046 5.080 5.114 5.147 5.179 5.211 5.242 5.273 5.302 5.331 5.359 5.385 5.411 5.436 5.459 5.482 5.504 5.525 5.546 5.568 5.589 5.611 5.633 5.656 5.681 5.705 5.730 5.756 5.783 5.810 5.837 5.864 5.891 5.916 5.941 5.965 5.987 6.007 6.025 6.041 6.054 6.064 6.071 6.076 6.079 6.079 6.079 6.079 6.079 6.081
3.928 4.014 4.089 4.158 4.220 4.279 4.335 4.388 4.438 4.486 4.532 4.576 4.618 4.659 4.699 4.738 4.775 4.813 4.849 4.885 4.921 4.957 4.992 5.027 5.061 5.095 5.129 5.161 5.194 5.226 5.257 5.288 5.318 5.348 5.376 5.403 5.429 5.454 5.478 5.501 5.523 5.544 5.565 5.585 5.605 5.626 5.647 5.668 5.691 5.714 5.738 5.763 5.789 5.815 5.842 5.870 5.896 5.923 5.948 5.973 5.997 6.018 6.038 6.056 6.072 6.085 6.095 6.102 6.107 6.110 6.111 6.111 6.110 6.110
3.969 4.050 4.122 4.187 4.248 4.306 4.360 4.412 4.461 4.508 4.553 4.597 4.638 4.679 4.718 4.756 4.793 4.830 4.866 4.902 4.937 4.972 5.007 5.042 5.076 5.110 5.143 5.175 5.208 5.240 5.272 5.303 5.333 5.363 5.392 5.420 5.446 5.472 5.497 5.520 5.542 5.564 5.584 5.604 5.623 5.642 5.662 5.682 5.703 5.725 5.746 5.770 5.795 5.821 5.847 5.874 5.901 5.928 5.955 5.980 6.005 6.028 6.050 6.070 6.087 6.103 6.115 6.126 6.133 6.138 6.141 6.142 6.141 6.140
4.007 4.084 4.153 4.216 4.275 4.331 4.385 4.435 4.484 4.530 4.575 4.617 4.658 4.698 4.737 4.774 4.811 4.847 4.883 4.919 4.954 4.988 5.023 5.057 5.091 5.124 5.157 5.188 5.221 5.253 5.285 5.316 5.347 5.377 5.406 5.435 5.463 5.489 5.514 5.538 5.561 5.583 5.604 5.623 5.642 5.661 5.679 5.698 5.717 5.736 5.756 5.779 5.802 5.827 5.853 5.879 5.906 5.933 5.960 5.986 6.011 6.036 6.059 6.080 6.100 6.118 6.133 6.145 6.155 6.163 6.168 6.171 6.172 6.171
4.043 4.116 4.183 4.244 4.301 4.356 4.409 4.459 4.506 4.552 4.596 4.638 4.678 4.717 4.756 4.793 4.829 4.865 4.901 4.936 4.970 5.005 5.038 5.072 5.105 5.138 5.170 5.201 5.234 5.266 5.297 5.329 5.360 5.390 5.420 5.449 5.477 5.504 5.531 5.556 5.579 5.602 5.623 5.643 5.662 5.680 5.698 5.715 5.733 5.750 5.769 5.789 5.811 5.834 5.859 5.884 5.910 5.937 5.964 5.991 6.017 6.042 6.066 6.089 6.110 6.130 6.147 6.162 6.174 6.185 6.192 6.198 6.200 6.201
4.077 4.147 4.211 4.270 4.327 4.381 4.432 4.481 4.528 4.573 4.616 4.658 4.698 4.737 4.775 4.812 4.848 4.884 4.919 4.953 4.987 5.021 5.054 5.087 5.120 5.152 5.183 5.214 5.246 5.278 5.309 5.341 5.371 5.402 5.432 5.462 5.491 5.519 5.546 5.571 5.596 5.620 5.642 5.662 5.682 5.700 5.717 5.734 5.751 5.767 5.783 5.802 5.822 5.843 5.866 5.890 5.915 5.941 5.968 5.995 6.021 6.047 6.072 6.096 6.119 6.140 6.159 6.176 6.190 6.203 6.213 6.221 6.226 6.228
4.110 4.176 4.239 4.296 4.351 4.404 4.455 4.503 4.550 4.594 4.637 4.678 4.718 4.756 4.794 4.831 4.867 4.902 4.937 4.971 5.005 5.038 5.070 5.102 5.134 5.166 5.196 5.227 5.258 5.289 5.321 5.352 5.382 5.413 5.443 5.473 5.502 5.531 5.559 5.586 5.611 5.636 5.659 5.681 5.701 5.720 5.737 5.754 5.770 5.785 5.800 5.817 5.835 5.854 5.875 5.897 5.921 5.946 5.972 5.998 6.025 6.051 6.077 6.102 6.125 6.147 6.168 6.187 6.204 6.218 6.231 6.241 6.248 6.253
4.140 4.205 4.265 4.321 4.375 4.427 4.477 4.525 4.570 4.614 4.657 4.698 4.738 4.776 4.814 4.851 4.887 4.922 4.956 4.990 5.023 5.055 5.087 5.118 5.149 5.180 5.210 5.240 5.270 5.301 5.332 5.362 5.393 5.423 5.454 5.484 5.513 5.542 5.571 5.598 5.625 5.650 5.675 5.697 5.719 5.739 5.757 5.774 5.790 5.805 5.819 5.834 5.850 5.867 5.886 5.906 5.928 5.952 5.977 6.002 6.028 6.054 6.080 6.106 6.130 6.154 6.175 6.196 6.214 6.231 6.245 6.258 6.268 6.275
4.170 4.232 4.290 4.345 4.398 4.449 4.498 4.545 4.591 4.634 4.677 4.717 4.757 4.796 4.834 4.870 4.906 4.941 4.976 5.009 5.041 5.073 5.104 5.135 5.165 5.195 5.224 5.253 5.283 5.313 5.343 5.373 5.403 5.433 5.463 5.493 5.523 5.552 5.581 5.609 5.637 5.663 5.688 5.712 5.735 5.756 5.776 5.794 5.810 5.825 5.838 5.853 5.867 5.883 5.900 5.918 5.938 5.959 5.982 6.007 6.032 6.058 6.084 6.109 6.134 6.158 6.181 6.202 6.222 6.241 6.257 6.272 6.284 6.294
4.197 4.258 4.315 4.368 4.420 4.470 4.519 4.565 4.610 4.654 4.696 4.737 4.777 4.816 4.853 4.890 4.926 4.961 4.995 5.028 5.060 5.091 5.122 5.152 5.181 5.211 5.239 5.267 5.296 5.325 5.354 5.383 5.413 5.442 5.472 5.502 5.532 5.561 5.590 5.619 5.647 5.674 5.700 5.725 5.749 5.772 5.793 5.812 5.829 5.845 5.859 5.873 5.886 5.901 5.915 5.932 5.949 5.969 5.990 6.013 6.037 6.061 6.087 6.112 6.137 6.162 6.185 6.208 6.229 6.249 6.267 6.284 6.298 6.310
4.224 4.283 4.338 4.391 4.441 4.491 4.539 4.585 4.630 4.673 4.715 4.756 4.796 4.835 4.873 4.910 4.946 4.981 5.015 5.048 5.079 5.110 5.140 5.169 5.198 5.227 5.254 5.281 5.309 5.337 5.366 5.394 5.423 5.452 5.481 5.510 5.540 5.569 5.598 5.627 5.656 5.684 5.711 5.737 5.762 5.785 5.808 5.828 5.847 5.864 5.878 5.893 5.906 5.920 5.933 5.948 5.963 5.981 6.000 6.020 6.043 6.066 6.090 6.115 6.140 6.164 6.188 6.212 6.234 6.255 6.274 6.293 6.309 6.323
4.250 4.307 4.361 4.412 4.462 4.511 4.558 4.604 4.648 4.691 4.734 4.775 4.815 4.854 4.893 4.930 4.966 5.001 5.035 5.067 5.099 5.129 5.159 5.188 5.216 5.244 5.270 5.297 5.324 5.351 5.378 5.405 5.433 5.461 5.490 5.519 5.548 5.577 5.606 5.635 5.663 5.692 5.720 5.746 5.772 5.797 5.821 5.843 5.863 5.881 5.897 5.912 5.926 5.940 5.953 5.966 5.980 5.995 6.012 6.030 6.051 6.072 6.095 6.119 6.143 6.167 6.191 6.215 6.238 6.259 6.280 6.300 6.318 6.334
4.274 4.330 4.383 4.433 4.482 4.530 4.577 4.622 4.666 4.710 4.752 4.793 4.834 4.873 4.912 4.949 4.985 5.020 5.054 5.087 5.118 5.149 5.178 5.207 5.235 5.262 5.288 5.313 5.339 5.365 5.391 5.418 5.444 5.472 5.499 5.527 5.555 5.584 5.613 5.642 5.670 5.699 5.727 5.755 5.782 5.807 5.832 5.856 5.877 5.897 5.914 5.931 5.946 5.960 5.973 5.985 5.998 6.012 6.026 6.043 6.061 6.080 6.101 6.124 6.147 6.170 6.194 6.217 6.241 6.263 6.285 6.306 6.325 6.342
4.298 4.352 4.404 4.453 4.501 4.549 4.595 4.640 4.684 4.727 4.769 4.811 4.852 4.891 4.930 4.968 5.004 5.039 5.073 5.106 5.138 5.168 5.198 5.226 5.254 5.281 5.306 5.331 5.356 5.381 5.406 5.431 5.457 5.483 5.509 5.536 5.563 5.591 5.619 5.648 5.677 5.705 5.734 5.762 5.789 5.816 5.842 5.866 5.890 5.910 5.929 5.947 5.964 5.979 5.992 6.005 6.017 6.030 6.043 6.057 6.073 6.091 6.110 6.130 6.152 6.174 6.197 6.220 6.243 6.266 6.289 6.310 6.331 6.350
4.322 4.374 4.425 4.473 4.520 4.567 4.613 4.657 4.701 4.744 4.787 4.828 4.869 4.909 4.947 4.985 5.022 5.057 5.091 5.125 5.157 5.187 5.217 5.246 5.273 5.300 5.325 5.349 5.374 5.398 5.422 5.446 5.470 5.495 5.520 5.546 5.572 5.599 5.626 5.654 5.683 5.711 5.739 5.768 5.796 5.823 5.849 5.875 5.900 5.922 5.942 5.962 5.980 5.996 6.011 6.024 6.037 6.049 6.061 6.074 6.088 6.103 6.120 6.139 6.158 6.179 6.201 6.224 6.246 6.269 6.292 6.314 6.335 6.355
4.344 4.396 4.445 4.493 4.539 4.585 4.630 4.674 4.718 4.761 4.803 4.844 4.885 4.925 4.964 5.002 5.038 5.074 5.109 5.142 5.175 5.206 5.236 5.265 5.293 5.320 5.344 5.368 5.392 5.416 5.439 5.462 5.485 5.508 5.532 5.557 5.582 5.607 5.634 5.661 5.689 5.717 5.745 5.773 5.801 5.829 5.856 5.883 5.908 5.932 5.953 5.975 5.994 6.012 6.028 6.043 6.056 6.068 6.080 6.092 6.105 6.118 6.133 6.149 6.167 6.187 6.207 6.228 6.250 6.273 6.296 6.318 6.340 6.361
4.367 4.417 4.465 4.512 4.557 4.603 4.647 4.691 4.734 4.777 4.819 4.860 4.901 4.940 4.979 5.017 5.054 5.090 5.125 5.159 5.192 5.224 5.255 5.284 5.312 5.339 5.364 5.388 5.412 5.435 5.457 5.479 5.501 5.524 5.546 5.569 5.593 5.617 5.642 5.668 5.695 5.722 5.750 5.778 5.806 5.834 5.862 5.889 5.915 5.940 5.963 5.985 6.006 6.026 6.043 6.059 6.074 6.087 6.099 6.110 6.122 6.134 6.148 6.162 6.178 6.196 6.215 6.235 6.256 6.278 6.300 6.322 6.344 6.366
4.390 4.438 4.486 4.531 4.576 4.620 4.664 4.707 4.750 4.792 4.834 4.875 4.915 4.955 4.994 5.032 5.069 5.105 5.141 5.175 5.209 5.241 5.272 5.302 5.331 5.358 5.383 5.408 5.432 5.455 5.477 5.498 5.519 5.540 5.561 5.583 5.605 5.628 5.652 5.676 5.702 5.728 5.755 5.783 5.811 5.839 5.867 5.894 5.921 5.946 5.970 5.994 6.017 6.037 6.057 6.074 6.090 6.104 6.117 6.129 6.140 6.152 6.164 6.177 6.191 6.207 6.224 6.243 6.263 6.284 6.306 6.328 6.349 6.371
4.412 4.460 4.506 4.550 4.594 4.638 4.681 4.724 4.766 4.807 4.848 4.889 4.929 4.968 5.007 5.045 5.082 5.119 5.155 5.190 5.224 5.257 5.288 5.319 5.348 5.376 5.402 5.427 5.451 5.475 5.497 5.518 5.538 5.559 5.579 5.599 5.619 5.641 5.663 5.686 5.710 5.735 5.761 5.788 5.816 5.843 5.871 5.899 5.926 5.952 5.977 6.002 6.025 6.047 6.068 6.087 6.104 6.119 6.133 6.146 6.157 6.169 6.180 6.192 6.206 6.220 6.236 6.253 6.271 6.292 6.313 6.334 6.355 6.377
4.435 4.481 4.527 4.570 4.613 4.656 4.698 4.740 4.781 4.822 4.862 4.902 4.942 4.981 5.020 5.058 5.095 5.132 5.168 5.203 5.237 5.271 5.303 5.335 5.365 5.393 5.420 5.446 5.471 5.494 5.517 5.538 5.558 5.578 5.597 5.616 5.636 5.655 5.676 5.697 5.720 5.743 5.768 5.794 5.820 5.848 5.875 5.903 5.930 5.956 5.982 6.008 6.032 6.055 6.077 6.097 6.116 6.133 6.148 6.161 6.174 6.186 6.197 6.209 6.221 6.234 6.249 6.265 6.282 6.301 6.321 6.342 6.362 6.384
4.458 4.503 4.547 4.589 4.632 4.674 4.715 4.756 4.796 4.836 4.876 4.915 4.954 4.993 5.031 5.069 5.106 5.143 5.180 5.215 5.250 5.284 5.317 5.349 5.380 5.409 5.436 5.463 5.489 5.513 5.536 5.558 5.579 5.598 5.617 5.635 5.654 5.672 5.691 5.710 5.731 5.753 5.776 5.801 5.826 5.853 5.880 5.907 5.934 5.960 5.986 6.013 6.038 6.062 6.085 6.106 6.126 6.144 6.161 6.175 6.189 6.201 6.213 6.225 6.237 6.249 6.263 6.278 6.294 6.312 6.331 6.351 6.371 6.393
4.481 4.525 4.568 4.609 4.651 4.692 4.732 4.772 4.812 4.851 4.890 4.928 4.967 5.005 5.043 5.080 5.117 5.154 5.190 5.226 5.261 5.296 5.329 5.362 5.393 5.423 5.451 5.479 5.506 5.531 5.555 5.578 5.599 5.619 5.638 5.656 5.673 5.690 5.708 5.726 5.745 5.765 5.786 5.809 5.833 5.858 5.884 5.911 5.938 5.964 5.990 6.017 6.043 6.068 6.091 6.114 6.135 6.154 6.172 6.188 6.202 6.215 6.228 6.240 6.252 6.264 6.277 6.292 6.307 6.324 6.343 6.362 6.382 6.403
4.504 4.548 4.589 4.630 4.671 4.710 4.750 4.789 4.827 4.865 4.903 4.941 4.979 5.016 5.053 5.090 5.127 5.164 5.200 5.236 5.271 5.306 5.340 5.373 5.405 5.435 5.465 5.494 5.521 5.548 5.573 5.596 5.618 5.639 5.658 5.676 5.694 5.710 5.727 5.743 5.761 5.779 5.798 5.819 5.841 5.865 5.890 5.916 5.941 5.967 5.994 6.020 6.047 6.072 6.097 6.120 6.142 6.162 6.181 6.198 6.214 6.228 6.241 6.254 6.266 6.279 6.292 6.306 6.321 6.338 6.356 6.374 6.393 6.414
4.528 4.571 4.611 4.651 4.691 4.729 4.768 4.805 4.843 4.880 4.917 4.954 4.991 5.027 5.064 5.100 5.137 5.173 5.209 5.245 5.280 5.315 5.349 5.383 5.415 5.446 5.476 5.506 5.535 5.563 5.589 5.613 5.637 5.658 5.678 5.697 5.715 5.731 5.747 5.763 5.779 5.795 5.813 5.831 5.852 5.874 5.897 5.921 5.946 5.971 5.997 6.024 6.050 6.076 6.101 6.125 6.147 6.168 6.188 6.207 6.223 6.239 6.253 6.267 6.280 6.293 6.306 6.320 6.335 6.352 6.369 6.387 6.406 6.427
