TsunamiDB/out54198.asc
ncols          264
nrows          230
xllcorner      497853.4375
yllcorner      4229146.0000
cellsize         5.
NODATA_value   -99
[rows 170 to 203 of 230, columns 77 to 153 of 264]
6.820 6.824 6.828 6.831 6.835 6.838 6.840 6.843 6.845 6.847 6.848 6.850 6.851 6.852 6.853 6.853 6.854 6.854 6.855 6.855 6.856 6.857 6.858 6.859 6.860 6.861 6.863 6.864 6.866 6.869 6.871 6.874 6.877 6.880 6.883 6.887 6.891 6.895 6.899 6.904 6.909 6.913 6.919 6.924 6.930 6.936 6.942 6.948 6.955 6.962 6.969 6.976 6.984 6.992 7.000 7.008 7.017 7.026 7.035 7.043 7.052 7.061 7.069 7.078 7.086 7.094 7.102 7.109 7.117 7.123 7.130 7.136 7.142 7.147 7.153 7.158 7.162
6.821 6.825 6.829 6.832 6.836 6.839 6.842 6.844 6.847 6.849 6.850 6.852 6.853 6.854 6.855 6.856 6.856 6.857 6.857 6.858 6.858 6.859 6.860 6.861 6.862 6.863 6.865 6.866 6.868 6.870 6.873 6.875 6.878 6.881 6.885 6.888 6.892 6.896 6.900 6.904 6.909 6.914 6.919 6.924 6.930 6.936 6.942 6.948 6.954 6.961 6.968 6.975 6.983 6.991 6.999 7.007 7.016 7.024 7.033 7.042 7.051 7.059 7.068 7.076 7.084 7.093 7.100 7.108 7.115 7.122 7.129 7.135 7.141 7.147 7.152 7.157 7.162
6.821 6.825 6.829 6.833 6.837 6.840 6.843 6.846 6.848 6.850 6.852 6.854 6.855 6.857 6.858 6.858 6.859 6.860 6.860 6.861 6.861 6.862 6.863 6.864 6.864 6.866 6.867 6.868 6.870 6.872 6.874 6.877 6.880 6.882 6.886 6.889 6.893 6.897 6.901 6.905 6.909 6.914 6.919 6.924 6.930 6.936 6.941 6.947 6.954 6.960 6.967 6.974 6.982 6.989 6.997 7.006 7.014 7.023 7.031 7.040 7.049 7.058 7.066 7.075 7.083 7.091 7.099 7.107 7.114 7.121 7.128 7.134 7.140 7.146 7.151 7.156 7.161
6.822 6.826 6.830 6.834 6.838 6.841 6.844 6.847 6.850 6.852 6.854 6.856 6.858 6.859 6.860 6.861 6.862 6.862 6.863 6.863 6.864 6.865 6.865 6.866 6.867 6.868 6.869 6.870 6.872 6.874 6.876 6.878 6.881 6.884 6.887 6.890 6.893 6.897 6.901 6.905 6.910 6.914 6.919 6.924 6.930 6.935 6.941 6.947 6.953 6.960 6.966 6.973 6.981 6.988 6.996 7.004 7.012 7.021 7.029 7.038 7.047 7.056 7.064 7.073 7.081 7.089 7.098 7.106 7.113 7.120 7.126 7.133 7.139 7.145 7.150 7.155 7.160
6.822 6.826 6.831 6.835 6.839 6.842 6.845 6.848 6.851 6.854 6.856 6.858 6.860 6.861 6.862 6.863 6.864 6.865 6.865 6.866 6.866 6.867 6.868 6.868 6.869 6.870 6.871 6.872 6.874 6.876 6.877 6.880 6.882 6.885 6.888 6.891 6.894 6.898 6.902 6.906 6.910 6.914 6.919 6.924 6.930 6.935 6.941 6.946 6.952 6.959 6.965 6.972 6.979 6.987 6.994 7.002 7.011 7.019 7.028 7.036 7.045 7.054 7.062 7.071 7.079 7.088 7.096 7.104 7.111 7.118 7.125 7.132 7.138 7.143 7.149 7.154 7.159
6.822 6.827 6.831 6.835 6.839 6.843 6.846 6.850 6.852 6.855 6.857 6.860 6.861 6.863 6.864 6.865 6.866 6.867 6.868 6.868 6.869 6.870 6.870 6.871 6.871 6.872 6.873 6.874 6.876 6.877 6.879 6.881 6.883 6.886 6.889 6.892 6.895 6.898 6.902 6.906 6.910 6.914 6.919 6.924 6.929 6.935 6.940 6.946 6.952 6.958 6.964 6.971 6.978 6.985 6.993 7.001 7.009 7.017 7.026 7.034 7.043 7.052 7.060 7.069 7.078 7.086 7.094 7.102 7.110 7.117 7.124 7.130 7.136 7.142 7.148 7.153 7.158
6.823 6.827 6.832 6.836 6.840 6.844 6.847 6.851 6.854 6.856 6.859 6.861 6.863 6.865 6.866 6.867 6.868 6.869 6.870 6.871 6.871 6.872 6.873 6.873 6.874 6.874 6.875 6.876 6.877 6.879 6.881 6.883 6.885 6.887 6.890 6.893 6.896 6.899 6.903 6.906 6.910 6.915 6.919 6.924 6.929 6.934 6.940 6.945 6.951 6.957 6.963 6.970 6.977 6.984 6.991 6.999 7.007 7.015 7.024 7.032 7.041 7.050 7.058 7.067 7.076 7.084 7.092 7.101 7.108 7.115 7.122 7.129 7.135 7.141 7.147 7.152 7.157
6.823 6.828 6.832 6.837 6.841 6.845 6.848 6.852 6.855 6.858 6.860 6.863 6.865 6.867 6.868 6.869 6.871 6.871 6.872 6.873 6.874 6.874 6.875 6.875 6.876 6.876 6.877 6.878 6.879 6.881 6.882 6.884 6.886 6.888 6.891 6.894 6.897 6.900 6.903 6.907 6.911 6.915 6.919 6.924 6.929 6.934 6.939 6.944 6.950 6.956 6.962 6.969 6.975 6.982 6.990 6.997 7.005 7.013 7.021 7.030 7.039 7.047 7.056 7.065 7.073 7.082 7.090 7.099 7.106 7.114 7.121 7.127 7.134 7.140 7.146 7.151 7.156
6.823 6.828 6.833 6.837 6.841 6.845 6.849 6.853 6.856 6.859 6.862 6.864 6.866 6.868 6.870 6.871 6.873 6.873 6.874 6.875 6.876 6.877 6.877 6.878 6.878 6.879 6.879 6.880 6.881 6.882 6.884 6.885 6.887 6.890 6.892 6.895 6.897 6.900 6.904 6.907 6.911 6.915 6.919 6.924 6.929 6.934 6.939 6.944 6.949 6.955 6.961 6.967 6.974 6.981 6.988 6.995 7.003 7.011 7.019 7.028 7.036 7.045 7.054 7.063 7.071 7.080 7.088 7.097 7.105 7.112 7.119 7.126 7.132 7.139 7.145 7.150 7.156
6.824 6.828 6.833 6.838 6.842 6.846 6.850 6.853 6.857 6.860 6.863 6.865 6.868 6.870 6.872 6.873 6.874 6.875 6.876 6.877 6.878 6.879 6.879 6.880 6.880 6.881 6.881 6.882 6.883 6.884 6.885 6.887 6.889 6.891 6.893 6.896 6.898 6.901 6.904 6.908 6.911 6.915 6.919 6.924 6.929 6.933 6.938 6.943 6.949 6.954 6.960 6.966 6.973 6.979 6.986 6.994 7.001 7.009 7.017 7.026 7.034 7.043 7.052 7.060 7.069 7.078 7.086 7.095 7.103 7.110 7.118 7.125 7.131 7.138 7.144 7.149 7.155
6.824 6.829 6.833 6.838 6.842 6.846 6.850 6.854 6.858 6.861 6.864 6.867 6.869 6.871 6.873 6.875 6.876 6.877 6.878 6.879 6.880 6.881 6.881 6.882 6.882 6.883 6.883 6.884 6.885 6.886 6.887 6.888 6.890 6.892 6.894 6.897 6.899 6.902 6.905 6.908 6.912 6.915 6.919 6.924 6.929 6.933 6.938 6.943 6.948 6.953 6.959 6.965 6.971 6.978 6.985 6.992 6.999 7.007 7.015 7.024 7.032 7.041 7.049 7.058 7.067 7.076 7.084 7.093 7.101 7.109 7.116 7.123 7.130 7.136 7.143 7.148 7.154
6.824 6.829 6.834 6.838 6.843 6.847 6.851 6.855 6.858 6.862 6.865 6.868 6.870 6.873 6.875 6.876 6.878 6.879 6.880 6.881 6.882 6.883 6.884 6.884 6.884 6.885 6.885 6.886 6.887 6.888 6.889 6.890 6.892 6.893 6.895 6.898 6.900 6.903 6.906 6.909 6.912 6.916 6.920 6.924 6.928 6.933 6.937 6.942 6.947 6.953 6.958 6.964 6.970 6.977 6.983 6.990 6.998 7.005 7.013 7.021 7.030 7.038 7.047 7.056 7.065 7.073 7.082 7.091 7.099 7.107 7.115 7.122 7.129 7.135 7.142 7.148 7.153
6.824 6.829 6.834 6.839 6.843 6.848 6.852 6.856 6.859 6.863 6.866 6.869 6.872 6.874 6.876 6.878 6.880 6.881 6.882 6.883 6.884 6.885 6.886 6.886 6.886 6.887 6.887 6.888 6.889 6.889 6.890 6.892 6.893 6.895 6.897 6.899 6.901 6.904 6.906 6.909 6.913 6.916 6.920 6.924 6.928 6.933 6.937 6.942 6.947 6.952 6.957 6.963 6.969 6.975 6.982 6.989 6.996 7.003 7.011 7.019 7.028 7.036 7.045 7.054 7.062 7.071 7.080 7.089 7.097 7.105 7.113 7.120 7.127 7.134 7.141 7.147 7.153
6.824 6.829 6.834 6.839 6.844 6.848 6.852 6.856 6.860 6.863 6.867 6.870 6.873 6.875 6.877 6.879 6.881 6.883 6.884 6.885 6.886 6.887 6.888 6.888 6.889 6.889 6.889 6.890 6.890 6.891 6.892 6.893 6.895 6.896 6.898 6.900 6.902 6.904 6.907 6.910 6.913 6.917 6.920 6.924 6.928 6.933 6.937 6.942 6.946 6.951 6.957 6.962 6.968 6.974 6.981 6.987 6.994 7.002 7.009 7.017 7.025 7.034 7.043 7.051 7.060 7.069 7.078 7.087 7.095 7.104 7.111 7.119 7.126 7.133 7.140 7.146 7.152
6.825 6.830 6.835 6.839 6.844 6.848 6.853 6.857 6.861 6.864 6.868 6.871 6.874 6.876 6.879 6.881 6.883 6.884 6.886 6.887 6.888 6.889 6.890 6.890 6.891 6.891 6.891 6.892 6.892 6.893 6.894 6.895 6.896 6.897 6.899 6.901 6.903 6.905 6.908 6.911 6.914 6.917 6.920 6.924 6.928 6.933 6.937 6.941 6.946 6.951 6.956 6.961 6.967 6.973 6.979 6.986 6.993 7.000 7.007 7.015 7.023 7.032 7.040 7.049 7.058 7.067 7.076 7.085 7.094 7.102 7.110 7.118 7.125 7.132 7.139 7.146 7.152
6.825 6.830 6.835 6.840 6.844 6.849 6.853 6.857 6.861 6.865 6.869 6.872 6.875 6.878 6.880 6.882 6.884 6.886 6.887 6.889 6.890 6.891 6.892 6.892 6.893 6.893 6.893 6.894 6.894 6.895 6.896 6.897 6.898 6.899 6.900 6.902 6.904 6.906 6.909 6.911 6.914 6.917 6.921 6.925 6.929 6.933 6.937 6.941 6.946 6.950 6.955 6.961 6.966 6.972 6.978 6.984 6.991 6.998 7.006 7.013 7.021 7.030 7.038 7.047 7.056 7.065 7.074 7.083 7.092 7.100 7.108 7.116 7.124 7.131 7.138 7.145 7.151
6.825 6.830 6.835 6.840 6.845 6.849 6.854 6.858 6.862 6.866 6.869 6.873 6.876 6.879 6.881 6.884 6.886 6.887 6.889 6.890 6.892 6.893 6.894 6.894 6.895 6.895 6.895 6.896 6.896 6.897 6.897 6.898 6.899 6.900 6.902 6.903 6.905 6.907 6.910 6.912 6.915 6.918 6.921 6.925 6.929 6.933 6.937 6.941 6.945 6.950 6.955 6.960 6.965 6.971 6.977 6.983 6.990 6.997 7.004 7.011 7.019 7.028 7.036 7.045 7.054 7.063 7.072 7.081 7.090 7.098 7.107 7.115 7.123 7.130 7.138 7.145 7.151
6.825 6.830 6.835 6.840 6.845 6.850 6.854 6.858 6.862 6.866 6.870 6.873 6.877 6.880 6.882 6.885 6.887 6.889 6.891 6.892 6.894 6.895 6.895 6.896 6.897 6.897 6.897 6.898 6.898 6.899 6.899 6.900 6.901 6.902 6.903 6.905 6.906 6.908 6.911 6.913 6.916 6.919 6.922 6.925 6.929 6.933 6.937 6.941 6.945 6.949 6.954 6.959 6.964 6.970 6.976 6.982 6.988 6.995 7.002 7.010 7.017 7.025 7.034 7.042 7.051 7.060 7.070 7.079 7.088 7.097 7.105 7.114 7.122 7.130 7.137 7.144 7.151
6.825 6.830 6.835 6.840 6.845 6.850 6.854 6.859 6.863 6.867 6.871 6.874 6.878 6.881 6.883 6.886 6.888 6.890 6.892 6.894 6.895 6.896 6.897 6.898 6.898 6.899 6.899 6.900 6.900 6.900 6.901 6.902 6.902 6.903 6.905 6.906 6.908 6.910 6.912 6.914 6.916 6.919 6.922 6.926 6.929 6.933 6.937 6.941 6.945 6.949 6.954 6.959 6.964 6.969 6.975 6.981 6.987 6.994 7.001 7.008 7.016 7.023 7.032 7.040 7.049 7.058 7.068 7.077 7.086 7.095 7.104 7.112 7.121 7.129 7.136 7.144 7.151
6.825 6.830 6.835 6.840 6.845 6.850 6.855 6.859 6.863 6.867 6.871 6.875 6.878 6.881 6.884 6.887 6.889 6.892 6.893 6.895 6.897 6.898 6.899 6.900 6.900 6.901 6.901 6.901 6.902 6.902 6.903 6.903 6.904 6.905 6.906 6.907 6.909 6.911 6.913 6.915 6.917 6.920 6.923 6.926 6.930 6.933 6.937 6.941 6.945 6.949 6.953 6.958 6.963 6.968 6.974 6.980 6.986 6.992 6.999 7.006 7.014 7.022 7.030 7.038 7.047 7.056 7.065 7.075 7.084 7.093 7.102 7.111 7.119 7.127 7.135 7.143 7.150
6.825 6.830 6.835 6.841 6.845 6.850 6.855 6.859 6.864 6.868 6.872 6.876 6.879 6.882 6.885 6.888 6.890 6.893 6.895 6.896 6.898 6.900 6.901 6.901 6.902 6.903 6.903 6.903 6.904 6.904 6.904 6.905 6.906 6.906 6.907 6.909 6.910 6.912 6.914 6.916 6.918 6.920 6.923 6.927 6.930 6.933 6.937 6.941 6.944 6.949 6.953 6.958 6.962 6.968 6.973 6.979 6.985 6.991 6.998 7.005 7.012 7.020 7.028 7.036 7.045 7.054 7.063 7.073 7.082 7.091 7.100 7.109 7.118 7.126 7.134 7.142 7.150
6.825 6.830 6.835 6.841 6.846 6.850 6.855 6.860 6.864 6.868 6.872 6.876 6.880 6.883 6.886 6.889 6.891 6.894 6.896 6.898 6.900 6.901 6.902 6.903 6.904 6.904 6.905 6.905 6.905 6.906 6.906 6.907 6.907 6.908 6.909 6.910 6.911 6.913 6.915 6.917 6.919 6.921 6.924 6.927 6.930 6.933 6.937 6.940 6.944 6.948 6.953 6.957 6.962 6.967 6.972 6.978 6.983 6.990 6.996 7.003 7.010 7.018 7.026 7.034 7.042 7.052 7.061 7.070 7.080 7.089 7.098 7.107 7.116 7.125 7.133 7.141 7.149
6.825 6.830 6.835 6.841 6.846 6.850 6.855 6.860 6.864 6.869 6.873 6.877 6.880 6.884 6.887 6.890 6.892 6.895 6.897 6.899 6.901 6.903 6.904 6.905 6.905 6.906 6.906 6.907 6.907 6.907 6.908 6.908 6.909 6.909 6.910 6.911 6.912 6.914 6.916 6.917 6.919 6.922 6.925 6.928 6.931 6.934 6.937 6.940 6.944 6.948 6.952 6.957 6.961 6.966 6.971 6.977 6.982 6.988 6.995 7.001 7.008 7.016 7.024 7.032 7.040 7.049 7.059 7.068 7.077 7.087 7.096 7.105 7.115 7.123 7.132 7.141 7.149
6.825 6.830 6.835 6.841 6.846 6.850 6.855 6.860 6.864 6.869 6.873 6.877 6.881 6.884 6.887 6.890 6.893 6.896 6.898 6.900 6.902 6.904 6.905 6.906 6.907 6.907 6.908 6.908 6.909 6.909 6.909 6.910 6.910 6.911 6.912 6.912 6.914 6.915 6.916 6.918 6.920 6.922 6.925 6.928 6.931 6.934 6.937 6.940 6.944 6.948 6.952 6.956 6.961 6.965 6.970 6.976 6.981 6.987 6.993 7.000 7.007 7.014 7.022 7.030 7.038 7.047 7.056 7.065 7.075 7.084 7.094 7.103 7.113 7.122 7.131 7.139 7.148
6.825 6.830 6.835 6.840 6.845 6.850 6.855 6.860 6.865 6.869 6.873 6.877 6.881 6.885 6.888 6.891 6.894 6.896 6.899 6.901 6.903 6.905 6.906 6.907 6.908 6.909 6.909 6.910 6.910 6.910 6.911 6.911 6.912 6.912 6.913 6.914 6.915 6.916 6.917 6.919 6.921 6.923 6.926 6.928 6.931 6.934 6.937 6.940 6.944 6.947 6.951 6.956 6.960 6.964 6.969 6.974 6.980 6.986 6.992 6.998 7.005 7.012 7.019 7.027 7.036 7.045 7.054 7.063 7.072 7.082 7.091 7.101 7.111 7.120 7.129 7.138 7.146
6.824 6.830 6.835 6.840 6.845 6.850 6.855 6.860 6.865 6.869 6.873 6.877 6.881 6.885 6.888 6.891 6.894 6.897 6.900 6.902 6.904 6.906 6.907 6.908 6.909 6.910 6.911 6.911 6.911 6.912 6.912 6.912 6.913 6.913 6.914 6.915 6.916 6.917 6.918 6.920 6.921 6.923 6.926 6.929 6.931 6.934 6.937 6.940 6.944 6.947 6.951 6.955 6.959 6.964 6.968 6.973 6.979 6.984 6.990 6.996 7.003 7.010 7.017 7.025 7.033 7.042 7.051 7.060 7.070 7.079 7.089 7.099 7.108 7.118 7.127 7.136 7.145
6.824 6.829 6.835 6.840 6.845 6.850 6.855 6.860 6.864 6.869 6.873 6.877 6.881 6.885 6.888 6.892 6.895 6.898 6.900 6.903 6.905 6.907 6.908 6.909 6.910 6.911 6.912 6.912 6.913 6.913 6.913 6.914 6.914 6.914 6.915 6.916 6.916 6.918 6.919 6.920 6.922 6.924 6.926 6.929 6.931 6.934 6.937 6.940 6.943 6.947 6.950 6.954 6.958 6.963 6.967 6.972 6.978 6.983 6.989 6.995 7.001 7.008 7.015 7.023 7.031 7.040 7.049 7.058 7.067 7.076 7.086 7.096 7.106 7.115 7.125 7.134 7.143
6.824 6.829 6.834 6.840 6.845 6.850 6.855 6.859 6.864 6.869 6.873 6.877 6.881 6.885 6.889 6.892 6.895 6.898 6.901 6.903 6.906 6.907 6.909 6.910 6.911 6.912 6.913 6.913 6.914 6.914 6.914 6.915 6.915 6.915 6.916 6.916 6.917 6.918 6.919 6.921 6.922 6.924 6.926 6.929 6.931 6.934 6.937 6.940 6.943 6.946 6.950 6.954 6.958 6.962 6.966 6.971 6.976 6.982 6.987 6.993 7.000 7.006 7.013 7.021 7.029 7.037 7.046 7.055 7.064 7.074 7.083 7.093 7.103 7.113 7.123 7.132 7.141
6.823 6.828 6.834 6.839 6.844 6.849 6.854 6.859 6.864 6.868 6.873 6.877 6.881 6.885 6.889 6.892 6.895 6.898 6.901 6.904 6.906 6.908 6.909 6.911 6.912 6.913 6.914 6.914 6.915 6.915 6.915 6.916 6.916 6.916 6.917 6.917 6.918 6.919 6.920 6.921 6.923 6.924 6.927 6.929 6.931 6.934 6.936 6.939 6.942 6.946 6.949 6.953 6.957 6.961 6.965 6.970 6.975 6.980 6.986 6.992 6.998 7.004 7.011 7.018 7.026 7.035 7.043 7.052 7.061 7.071 7.080 7.090 7.100 7.110 7.120 7.129 7.138
6.823 6.828 6.833 6.838 6.844 6.849 6.854 6.859 6.863 6.868 6.872 6.877 6.881 6.885 6.888 6.892 6.895 6.898 6.901 6.904 6.906 6.908 6.910 6.911 6.913 6.914 6.914 6.915 6.915 6.916 6.916 6.916 6.917 6.917 6.917 6.918 6.919 6.919 6.920 6.922 6.923 6.925 6.927 6.929 6.931 6.933 6.936 6.939 6.942 6.945 6.948 6.952 6.956 6.960 6.964 6.969 6.974 6.979 6.984 6.990 6.996 7.002 7.009 7.016 7.024 7.032 7.041 7.049 7.058 7.068 7.077 7.087 7.097 7.107 7.117 7.126 7.135
6.822 6.827 6.833 6.838 6.843 6.848 6.853 6.858 6.863 6.867 6.872 6.876 6.880 6.884 6.888 6.892 6.895 6.898 6.901 6.904 6.906 6.908 6.910 6.912 6.913 6.914 6.915 6.916 6.916 6.916 6.917 6.917 6.917 6.918 6.918 6.918 6.919 6.920 6.921 6.922 6.923 6.925 6.927 6.929 6.931 6.933 6.936 6.938 6.941 6.944 6.948 6.951 6.955 6.959 6.963 6.968 6.972 6.977 6.982 6.988 6.994 7.000 7.007 7.014 7.021 7.029 7.038 7.046 7.055 7.064 7.074 7.083 7.093 7.103 7.113 7.123 7.132
6.821 6.827 6.832 6.837 6.842 6.847 6.852 6.857 6.862 6.867 6.871 6.876 6.880 6.884 6.888 6.891 6.895 6.898 6.901 6.904 6.906 6.908 6.910 6.912 6.913 6.914 6.915 6.916 6.917 6.917 6.917 6.918 6.918 6.918 6.918 6.919 6.919 6.920 6.921 6.922 6.923 6.925 6.927 6.929 6.931 6.933 6.935 6.938 6.941 6.944 6.947 6.950 6.954 6.958 6.962 6.966 6.971 6.976 6.981 6.986 6.992 6.998 7.005 7.011 7.019 7.027 7.035 7.043 7.052 7.061 7.070 7.080 7.090 7.099 7.109 7.119 7.128
6.820 6.826 6.831 6.836 6.841 6.846 6.851 6.856 6.861 6.866 6.870 6.875 6.879 6.883 6.887 6.891 6.894 6.897 6.900 6.903 6.906 6.908 6.910 6.912 6.913 6.915 6.916 6.916 6.917 6.917 6.918 6.918 6.918 6.919 6.919 6.919 6.920 6.920 6.921 6.922 6.923 6.925 6.926 6.928 6.930 6.932 6.935 6.937 6.940 6.943 6.946 6.949 6.953 6.957 6.961 6.965 6.969 6.974 6.979 6.984 6.990 6.996 7.002 7.009 7.016 7.024 7.032 7.040 7.048 7.057 7.066 7.076 7.085 7.095 7.105 7.115 7.124
6.819 6.825 6.830 6.835 6.840 6.846 6.851 6.855 6.860 6.865 6.870 6.874 6.878 6.882 6.886 6.890 6.894 6.897 6.900 6.903 6.906 6.908 6.910 6.912 6.913 6.915 6.916 6.916 6.917 6.918 6.918 6.918 6.919 6.919 6.919 6.919 6.920 6.920 6.921 6.922 6.923 6.924 6.926 6.928 6.930 6.932 6.934 6.936 6.939 6.942 6.945 6.948 6.952 6.955 6.959 6.963 6.968 6.972 6.977 6.982 6.988 6.994 7.000 7.006 7.013 7.021 7.029 7.037 7.045 7.053 7.062 7.072 7.081 7.091 7.100 7.110 7.120
