TsunamiDB/out54023.asc
ncols          264
nrows          230
xllcorner      497853.4375
yllcorner      4229146.0000
cellsize         5.
NODATA_value   -99
[rows 93 to 123 of 230, columns 142 to 212 of 264]
-99.000 -99.000 1.645 1.648 1.689 1.821 2.048 2.341 2.666 2.989 3.285 3.539 3.748 3.916 4.051 4.162 4.255 4.335 4.406 4.470 4.530 4.585 4.637 4.686 4.732 4.776 4.817 4.857 4.895 4.931 4.966 4.999 5.033 5.065 5.098 5.129 5.161 5.192 5.223 5.253 5.283 5.312 5.340 5.366 5.392 5.415 5.437 5.457 5.475 5.493 5.511 5.529 5.550 5.572 5.599 5.631 5.667 5.707 5.752 5.801 5.854 5.909 5.966 6.024 6.083 6.141 6.198 6.253 6.305 6.355 6.402
-99.000 -99.000 1.645 1.657 1.730 1.905 2.164 2.474 2.802 3.117 3.397 3.632 3.824 3.978 4.102 4.204 4.292 4.368 4.437 4.500 4.558 4.613 4.665 4.713 4.760 4.803 4.845 4.885 4.923 4.959 4.993 5.027 5.060 5.093 5.125 5.156 5.187 5.219 5.249 5.280 5.310 5.340 5.368 5.395 5.421 5.445 5.467 5.486 5.504 5.520 5.535 5.550 5.566 5.584 5.606 5.634 5.666 5.703 5.745 5.793 5.844 5.899 5.956 6.015 6.075 6.136 6.195 6.252 6.307 6.359 6.409
-99.000 1.645 1.647 1.676 1.790 2.003 2.289 2.610 2.936 3.239 3.501 3.718 3.893 4.034 4.148 4.244 4.327 4.400 4.467 4.528 4.586 4.640 4.691 4.740 4.786 4.830 4.872 4.912 4.950 4.986 5.020 5.054 5.087 5.119 5.151 5.182 5.214 5.245 5.276 5.306 5.337 5.367 5.396 5.425 5.451 5.476 5.499 5.519 5.537 5.552 5.566 5.579 5.592 5.605 5.624 5.647 5.674 5.708 5.747 5.791 5.841 5.894 5.951 6.011 6.071 6.133 6.194 6.254 6.311 6.366 6.418
-99.000 1.645 1.652 1.711 1.868 2.115 2.420 2.747 3.067 3.354 3.597 3.796 3.956 4.085 4.191 4.281 4.360 4.431 4.495 4.555 4.612 4.666 4.717 4.765 4.812 4.856 4.898 4.937 4.976 5.012 5.047 5.080 5.113 5.145 5.177 5.208 5.239 5.270 5.301 5.332 5.363 5.394 5.424 5.453 5.481 5.507 5.531 5.552 5.571 5.587 5.601 5.613 5.624 5.635 5.650 5.669 5.693 5.722 5.757 5.798 5.844 5.896 5.952 6.011 6.072 6.135 6.197 6.259 6.318 6.375 6.429
-99.000 1.646 1.666 1.764 1.961 2.237 2.555 2.883 3.191 3.461 3.686 3.868 4.014 4.132 4.231 4.316 4.392 4.460 4.523 4.582 4.638 4.691 4.742 4.790 4.836 4.880 4.922 4.962 5.001 5.037 5.072 5.105 5.138 5.170 5.202 5.233 5.264 5.295 5.326 5.357 5.388 5.419 5.450 5.480 5.509 5.536 5.562 5.585 5.605 5.622 5.637 5.650 5.661 5.671 5.684 5.700 5.720 5.745 5.775 5.812 5.855 5.904 5.958 6.016 6.077 6.140 6.204 6.267 6.328 6.387 6.443
1.645 1.649 1.694 1.834 2.068 2.366 2.693 3.015 3.309 3.561 3.767 3.933 4.067 4.176 4.269 4.350 4.422 4.488 4.549 4.607 4.663 4.715 4.765 4.814 4.860 4.904 4.946 4.986 5.025 5.062 5.096 5.130 5.163 5.195 5.227 5.258 5.288 5.319 5.350 5.381 5.412 5.443 5.475 5.505 5.535 5.564 5.591 5.615 5.637 5.657 5.674 5.688 5.700 5.711 5.723 5.737 5.754 5.775 5.802 5.834 5.873 5.919 5.970 6.027 6.087 6.149 6.213 6.278 6.341 6.401 6.459
1.645 1.659 1.740 1.921 2.186 2.500 2.830 3.142 3.420 3.652 3.841 3.992 4.115 4.217 4.304 4.381 4.451 4.515 4.575 4.632 4.687 4.739 4.789 4.837 4.883 4.927 4.969 5.010 5.049 5.085 5.119 5.154 5.187 5.219 5.250 5.281 5.312 5.343 5.373 5.404 5.435 5.466 5.497 5.528 5.559 5.588 5.616 5.643 5.667 5.688 5.708 5.725 5.739 5.751 5.764 5.778 5.793 5.812 5.835 5.864 5.898 5.940 5.988 6.042 6.100 6.162 6.226 6.291 6.356 6.419 6.480
1.647 1.681 1.803 2.023 2.312 2.637 2.964 3.264 3.523 3.736 3.908 4.047 4.160 4.255 4.337 4.411 4.478 4.541 4.600 4.656 4.710 4.762 4.811 4.859 4.905 4.949 4.991 5.032 5.071 5.107 5.143 5.177 5.210 5.243 5.274 5.305 5.335 5.365 5.396 5.426 5.456 5.487 5.518 5.549 5.580 5.610 5.639 5.667 5.693 5.717 5.739 5.758 5.775 5.791 5.806 5.821 5.837 5.854 5.875 5.899 5.930 5.967 6.011 6.062 6.118 6.179 6.242 6.308 6.374 6.440 6.505
1.654 1.719 1.883 2.136 2.445 2.775 3.093 3.378 3.618 3.813 3.970 4.097 4.202 4.291 4.369 4.440 4.505 4.566 4.624 4.680 4.733 4.784 4.834 4.881 4.927 4.971 5.013 5.054 5.093 5.130 5.165 5.200 5.234 5.266 5.297 5.328 5.358 5.388 5.418 5.447 5.477 5.507 5.538 5.568 5.599 5.629 5.659 5.688 5.715 5.741 5.766 5.789 5.809 5.828 5.846 5.864 5.881 5.899 5.918 5.941 5.968 6.001 6.040 6.087 6.140 6.199 6.262 6.328 6.396 6.465 6.535
1.670 1.774 1.979 2.259 2.582 2.911 3.217 3.484 3.706 3.884 4.027 4.143 4.241 4.324 4.399 4.467 4.531 4.591 4.648 4.703 4.755 4.806 4.855 4.902 4.948 4.992 5.035 5.076 5.115 5.152 5.188 5.223 5.257 5.290 5.321 5.352 5.382 5.411 5.440 5.469 5.498 5.527 5.557 5.586 5.616 5.646 5.676 5.706 5.735 5.762 5.789 5.815 5.839 5.862 5.884 5.905 5.925 5.945 5.965 5.986 6.011 6.040 6.075 6.117 6.167 6.223 6.285 6.351 6.421 6.495 6.569
1.701 1.848 2.088 2.390 2.720 3.043 3.335 3.583 3.786 3.949 4.079 4.187 4.277 4.357 4.428 4.494 4.556 4.614 4.670 4.725 4.777 4.827 4.876 4.923 4.969 5.013 5.056 5.097 5.137 5.174 5.210 5.246 5.280 5.313 5.345 5.376 5.406 5.434 5.463 5.491 5.519 5.547 5.575 5.603 5.633 5.662 5.692 5.721 5.751 5.780 5.809 5.838 5.865 5.892 5.918 5.944 5.968 5.990 6.012 6.033 6.057 6.083 6.115 6.153 6.199 6.253 6.313 6.379 6.451 6.527 6.605
1.749 1.937 2.207 2.526 2.857 3.171 3.445 3.674 3.860 4.008 4.128 4.227 4.313 4.388 4.456 4.520 4.580 4.637 4.692 4.746 4.797 4.848 4.896 4.943 4.989 5.033 5.076 5.118 5.158 5.196 5.233 5.269 5.304 5.337 5.370 5.401 5.430 5.459 5.487 5.514 5.540 5.567 5.594 5.621 5.648 5.677 5.706 5.735 5.765 5.796 5.827 5.858 5.889 5.919 5.949 5.979 6.007 6.033 6.058 6.081 6.105 6.131 6.159 6.194 6.236 6.288 6.346 6.411 6.484 6.562 6.643
1.815 2.041 2.335 2.664 2.992 3.291 3.547 3.758 3.927 4.063 4.173 4.266 4.346 4.418 4.484 4.545 4.604 4.660 4.714 4.766 4.817 4.867 4.915 4.962 5.008 5.052 5.096 5.137 5.178 5.217 5.254 5.292 5.327 5.362 5.395 5.426 5.456 5.485 5.512 5.538 5.563 5.588 5.613 5.639 5.664 5.691 5.719 5.748 5.778 5.810 5.842 5.876 5.909 5.943 5.977 6.011 6.044 6.074 6.102 6.129 6.154 6.180 6.207 6.239 6.278 6.328 6.385 6.448 6.520 6.598 6.682
1.898 2.156 2.470 2.802 3.121 3.405 3.642 3.835 3.989 4.113 4.216 4.303 4.379 4.447 4.511 4.570 4.627 4.682 4.735 4.787 4.837 4.886 4.934 4.981 5.026 5.071 5.114 5.156 5.198 5.237 5.275 5.314 5.350 5.386 5.419 5.452 5.482 5.511 5.538 5.564 5.588 5.611 5.635 5.658 5.682 5.707 5.733 5.761 5.791 5.823 5.857 5.892 5.928 5.965 6.003 6.041 6.078 6.112 6.145 6.174 6.202 6.229 6.256 6.287 6.325 6.374 6.428 6.490 6.561 6.638 6.723
1.996 2.282 2.608 2.939 3.245 3.511 3.729 3.905 4.046 4.160 4.256 4.338 4.410 4.476 4.538 4.595 4.651 4.704 4.756 4.807 4.856 4.904 4.952 4.998 5.043 5.088 5.131 5.174 5.216 5.256 5.295 5.335 5.372 5.409 5.444 5.477 5.509 5.538 5.565 5.590 5.614 5.636 5.658 5.679 5.701 5.724 5.748 5.775 5.805 5.837 5.871 5.908 5.946 5.986 6.027 6.068 6.109 6.147 6.184 6.217 6.248 6.277 6.306 6.338 6.378 6.425 6.478 6.538 6.607 6.684 6.767
2.107 2.415 2.748 3.072 3.363 3.609 3.809 3.969 4.098 4.204 4.293 4.371 4.441 4.504 4.564 4.620 4.674 4.727 4.777 4.827 4.875 4.922 4.969 5.015 5.060 5.104 5.148 5.191 5.233 5.274 5.314 5.354 5.393 5.431 5.467 5.502 5.534 5.565 5.593 5.618 5.641 5.662 5.682 5.702 5.722 5.743 5.766 5.791 5.820 5.852 5.887 5.925 5.964 6.006 6.050 6.094 6.138 6.180 6.221 6.258 6.292 6.325 6.357 6.392 6.433 6.480 6.532 6.590 6.657 6.731 6.811
2.230 2.553 2.887 3.199 3.473 3.700 3.882 4.028 4.147 4.245 4.329 4.403 4.470 4.532 4.590 4.645 4.698 4.749 4.798 4.847 4.894 4.940 4.986 5.031 5.076 5.119 5.163 5.206 5.249 5.290 5.331 5.372 5.412 5.451 5.489 5.525 5.559 5.591 5.619 5.645 5.669 5.690 5.709 5.727 5.745 5.764 5.785 5.809 5.837 5.868 5.903 5.942 5.982 6.026 6.071 6.119 6.165 6.211 6.255 6.297 6.335 6.372 6.409 6.447 6.490 6.537 6.589 6.646 6.711 6.781 6.858
2.362 2.695 3.023 3.321 3.576 3.784 3.949 4.082 4.192 4.283 4.363 4.434 4.499 4.559 4.616 4.670 4.721 4.771 4.820 4.867 4.913 4.958 5.003 5.047 5.091 5.134 5.178 5.221 5.263 5.305 5.346 5.388 5.429 5.470 5.509 5.546 5.582 5.615 5.645 5.672 5.696 5.717 5.736 5.753 5.770 5.788 5.808 5.831 5.857 5.887 5.922 5.961 6.002 6.046 6.093 6.143 6.192 6.241 6.289 6.334 6.378 6.419 6.460 6.502 6.547 6.596 6.648 6.705 6.768 6.836 6.909
2.501 2.837 3.156 3.437 3.672 3.861 4.012 4.133 4.234 4.320 4.396 4.464 4.527 4.585 4.641 4.694 4.745 4.794 4.841 4.887 4.933 4.977 5.021 5.064 5.107 5.149 5.192 5.234 5.277 5.319 5.360 5.403 5.445 5.486 5.526 5.565 5.602 5.637 5.669 5.697 5.722 5.744 5.764 5.781 5.798 5.815 5.834 5.855 5.880 5.910 5.944 5.982 6.023 6.067 6.116 6.167 6.218 6.270 6.321 6.371 6.419 6.465 6.510 6.555 6.603 6.654 6.707 6.765 6.827 6.894 6.965
2.645 2.978 3.283 3.546 3.761 3.933 4.070 4.181 4.275 4.355 4.427 4.493 4.554 4.611 4.666 4.718 4.768 4.816 4.863 4.908 4.952 4.996 5.038 5.081 5.122 5.164 5.206 5.248 5.290 5.332 5.374 5.416 5.459 5.501 5.542 5.582 5.621 5.657 5.690 5.720 5.747 5.771 5.792 5.810 5.827 5.844 5.863 5.884 5.908 5.936 5.969 6.006 6.046 6.091 6.140 6.192 6.245 6.299 6.354 6.408 6.460 6.510 6.559 6.607 6.657 6.710 6.766 6.826 6.890 6.955 7.026
2.790 3.116 3.405 3.647 3.844 4.000 4.124 4.226 4.313 4.389 4.458 4.521 4.580 4.636 4.690 4.741 4.790 4.838 4.884 4.928 4.972 5.015 5.056 5.098 5.139 5.180 5.220 5.262 5.303 5.344 5.386 5.429 5.471 5.514 5.556 5.597 5.637 5.674 5.709 5.741 5.770 5.796 5.819 5.839 5.858 5.876 5.895 5.915 5.939 5.966 5.998 6.033 6.071 6.116 6.165 6.219 6.273 6.329 6.387 6.445 6.501 6.555 6.607 6.658 6.710 6.766 6.825 6.889 6.954 7.021 7.093
2.936 3.249 3.520 3.742 3.920 4.062 4.176 4.270 4.351 4.423 4.488 4.549 4.606 4.661 4.713 4.763 4.812 4.859 4.904 4.949 4.992 5.034 5.075 5.115 5.155 5.195 5.235 5.276 5.316 5.357 5.398 5.440 5.483 5.526 5.568 5.610 5.651 5.689 5.726 5.760 5.791 5.819 5.845 5.867 5.888 5.908 5.929 5.950 5.973 6.000 6.030 6.063 6.101 6.145 6.194 6.248 6.303 6.361 6.421 6.481 6.541 6.598 6.653 6.707 6.762 6.821 6.884 6.951 7.020 7.090 7.164
3.079 3.376 3.627 3.830 3.992 4.121 4.225 4.312 4.388 4.456 4.518 4.577 4.632 4.685 4.737 4.786 4.834 4.880 4.925 4.968 5.011 5.052 5.093 5.133 5.172 5.211 5.251 5.290 5.329 5.369 5.410 5.452 5.494 5.537 5.579 5.622 5.663 5.703 5.741 5.777 5.810 5.841 5.869 5.895 5.919 5.942 5.964 5.987 6.011 6.037 6.066 6.098 6.135 6.177 6.225 6.279 6.335 6.394 6.455 6.518 6.580 6.642 6.700 6.756 6.814 6.875 6.942 7.014 7.087 7.162 7.240
3.218 3.497 3.727 3.912 4.058 4.176 4.271 4.353 4.425 4.489 4.549 4.605 4.659 4.710 4.760 4.808 4.855 4.901 4.945 4.988 5.030 5.071 5.111 5.150 5.189 5.228 5.266 5.305 5.343 5.382 5.422 5.463 5.505 5.547 5.590 5.632 5.674 5.714 5.754 5.791 5.827 5.860 5.892 5.921 5.948 5.975 6.000 6.025 6.050 6.077 6.106 6.137 6.172 6.212 6.259 6.313 6.369 6.429 6.492 6.556 6.622 6.685 6.746 6.805 6.865 6.930 7.001 7.078 7.157 7.236 7.320
3.351 3.609 3.820 3.987 4.120 4.228 4.316 4.393 4.461 4.523 4.580 4.634 4.686 4.736 4.784 4.831 4.877 4.921 4.965 5.007 5.049 5.089 5.129 5.168 5.206 5.244 5.282 5.320 5.357 5.395 5.434 5.474 5.515 5.557 5.599 5.641 5.683 5.724 5.765 5.804 5.842 5.878 5.912 5.945 5.977 6.006 6.035 6.063 6.091 6.119 6.148 6.178 6.212 6.252 6.298 6.352 6.407 6.467 6.531 6.597 6.664 6.729 6.793 6.855 6.920 6.988 7.062 7.146 7.231 7.317 7.406
3.476 3.714 3.905 4.056 4.178 4.277 4.359 4.432 4.497 4.556 4.612 4.664 4.714 4.762 4.809 4.854 4.899 4.942 4.985 5.026 5.067 5.107 5.146 5.185 5.223 5.260 5.298 5.335 5.371 5.408 5.446 5.485 5.525 5.565 5.607 5.649 5.690 5.732 5.774 5.814 5.854 5.893 5.931 5.967 6.003 6.037 6.069 6.101 6.131 6.161 6.191 6.222 6.255 6.295 6.341 6.394 6.449 6.508 6.572 6.639 6.706 6.774 6.841 6.909 6.977 7.048 7.127 7.218 7.311 7.403 7.497
3.593 3.810 3.983 4.121 4.232 4.323 4.401 4.471 4.533 4.590 4.644 4.695 4.743 4.790 4.835 4.879 4.922 4.964 5.005 5.046 5.086 5.125 5.164 5.202 5.239 5.277 5.313 5.350 5.385 5.421 5.458 5.495 5.534 5.573 5.614 5.655 5.696 5.739 5.781 5.823 5.864 5.906 5.947 5.987 6.026 6.064 6.101 6.136 6.170 6.203 6.235 6.267 6.302 6.342 6.387 6.439 6.493 6.552 6.616 6.682 6.751 6.821 6.893 6.965 7.038 7.112 7.196 7.295 7.394 7.491 7.591
3.701 3.898 4.055 4.180 4.283 4.368 4.442 4.508 4.569 4.624 4.677 4.726 4.773 4.818 4.862 4.905 4.946 4.987 5.027 5.067 5.106 5.144 5.182 5.219 5.256 5.293 5.329 5.364 5.399 5.433 5.469 5.505 5.542 5.580 5.619 5.659 5.701 5.743 5.786 5.829 5.872 5.916 5.960 6.004 6.047 6.089 6.130 6.170 6.207 6.244 6.279 6.314 6.350 6.390 6.435 6.487 6.540 6.598 6.662 6.729 6.799 6.872 6.948 7.025 7.103 7.181 7.270 7.375 7.479 7.581 7.681
3.801 3.979 4.121 4.236 4.330 4.410 4.481 4.545 4.604 4.658 4.709 4.758 4.804 4.848 4.891 4.932 4.972 5.011 5.050 5.089 5.126 5.164 5.201 5.237 5.274 5.310 5.345 5.380 5.413 5.446 5.480 5.515 5.550 5.586 5.624 5.663 5.703 5.746 5.789 5.833 5.878 5.924 5.971 6.018 6.065 6.112 6.157 6.200 6.242 6.283 6.322 6.360 6.397 6.439 6.485 6.536 6.590 6.646 6.710 6.778 6.850 6.926 7.007 7.090 7.173 7.252 7.344 7.455 7.564 7.667 7.762
3.891 4.053 4.182 4.287 4.376 4.451 4.519 4.581 4.638 4.692 4.742 4.790 4.835 4.878 4.920 4.960 4.999 5.037 5.075 5.112 5.149 5.185 5.221 5.257 5.292 5.327 5.362 5.396 5.428 5.460 5.492 5.524 5.557 5.592 5.627 5.665 5.705 5.747 5.790 5.835 5.882 5.930 5.980 6.030 6.080 6.131 6.180 6.228 6.274 6.319 6.362 6.403 6.444 6.486 6.533 6.586 6.640 6.697 6.761 6.831 6.904 6.984 7.070 7.159 7.246 7.325 7.418 7.534 7.645 7.744 7.835
3.974 4.120 4.238 4.336 4.419 4.491 4.556 4.616 4.672 4.725 4.775 4.822 4.866 4.909 4.950 4.989 5.028 5.065 5.101 5.137 5.173 5.208 5.243 5.278 5.312 5.346 5.380 5.413 5.444 5.474 5.505 5.535 5.566 5.598 5.631 5.667 5.706 5.747 5.790 5.836 5.884 5.934 5.985 6.038 6.092 6.147 6.200 6.252 6.303 6.352 6.399 6.444 6.487 6.532 6.580 6.635 6.690 6.749 6.815 6.886 6.962 7.046 7.137 7.230 7.319 7.396 7.491 7.608 7.716 7.813 7.899
