TsunamiDB/out54023.asc
ncols          264
nrows          230
xllcorner      497853.4375
yllcorner      4229146.0000
cellsize         5.
NODATA_value   -99
[rows 124 to 154 of 230, columns 142 to 212 of 264]
4.048 4.181 4.290 4.381 4.460 4.529 4.592 4.651 4.706 4.758 4.807 4.853 4.898 4.940 4.980 5.019 5.057 5.093 5.129 5.164 5.198 5.232 5.266 5.300 5.334 5.367 5.400 5.432 5.462 5.491 5.520 5.548 5.576 5.605 5.636 5.670 5.706 5.746 5.789 5.835 5.884 5.936 5.989 6.045 6.102 6.160 6.217 6.273 6.328 6.381 6.432 6.481 6.527 6.575 6.626 6.683 6.741 6.802 6.871 6.944 7.023 7.110 7.203 7.297 7.388 7.464 7.556 7.671 7.779 7.873 7.955
4.116 4.237 4.338 4.424 4.499 4.566 4.627 4.685 4.739 4.790 4.839 4.885 4.929 4.971 5.011 5.049 5.086 5.122 5.157 5.191 5.225 5.258 5.292 5.324 5.357 5.390 5.421 5.452 5.481 5.509 5.536 5.562 5.588 5.615 5.643 5.674 5.708 5.747 5.789 5.835 5.884 5.936 5.991 6.049 6.108 6.170 6.230 6.290 6.349 6.406 6.462 6.514 6.564 6.614 6.668 6.729 6.791 6.855 6.926 7.002 7.084 7.174 7.268 7.365 7.458 7.529 7.616 7.730 7.835 7.927 8.005
4.176 4.288 4.383 4.465 4.537 4.602 4.661 4.718 4.772 4.822 4.870 4.916 4.960 5.001 5.041 5.080 5.116 5.152 5.186 5.220 5.253 5.285 5.318 5.350 5.382 5.414 5.445 5.475 5.503 5.529 5.555 5.580 5.603 5.627 5.653 5.681 5.713 5.749 5.789 5.834 5.884 5.936 5.992 6.051 6.113 6.177 6.241 6.305 6.368 6.429 6.488 6.543 6.597 6.650 6.708 6.773 6.839 6.908 6.982 7.061 7.147 7.239 7.334 7.436 7.526 7.588 7.669 7.780 7.883 7.972 8.049
4.230 4.335 4.424 4.503 4.573 4.636 4.695 4.751 4.804 4.854 4.901 4.947 4.990 5.032 5.072 5.110 5.146 5.181 5.215 5.248 5.281 5.313 5.345 5.376 5.407 5.438 5.469 5.498 5.525 5.551 5.576 5.599 5.621 5.643 5.666 5.691 5.720 5.754 5.792 5.836 5.884 5.937 5.993 6.054 6.117 6.184 6.250 6.317 6.384 6.448 6.510 6.568 6.625 6.684 6.748 6.817 6.887 6.961 7.040 7.123 7.211 7.305 7.405 7.504 7.585 7.639 7.714 7.823 7.924 8.013 8.088
4.279 4.377 4.463 4.538 4.607 4.669 4.727 4.783 4.835 4.885 4.932 4.978 5.021 5.062 5.102 5.140 5.176 5.211 5.245 5.277 5.309 5.341 5.372 5.403 5.433 5.464 5.493 5.522 5.548 5.573 5.598 5.620 5.641 5.661 5.682 5.705 5.732 5.762 5.799 5.840 5.887 5.939 5.996 6.056 6.121 6.189 6.258 6.327 6.397 6.464 6.529 6.591 6.653 6.718 6.787 6.861 6.935 7.014 7.098 7.184 7.274 7.370 7.469 7.561 7.635 7.683 7.753 7.860 7.960 8.049 8.126
4.323 4.416 4.498 4.571 4.639 4.701 4.758 4.814 4.866 4.916 4.963 5.008 5.051 5.093 5.132 5.170 5.206 5.241 5.274 5.307 5.338 5.369 5.399 5.430 5.460 5.489 5.518 5.546 5.572 5.597 5.620 5.642 5.663 5.683 5.702 5.723 5.747 5.776 5.809 5.849 5.894 5.944 5.999 6.060 6.125 6.194 6.265 6.336 6.409 6.479 6.548 6.614 6.682 6.752 6.826 6.903 6.983 7.068 7.155 7.243 7.334 7.429 7.524 7.610 7.679 7.722 7.787 7.894 7.994 8.083 8.164
4.363 4.451 4.530 4.602 4.669 4.730 4.788 4.843 4.896 4.946 4.993 5.038 5.082 5.123 5.163 5.200 5.237 5.271 5.304 5.336 5.367 5.397 5.427 5.457 5.486 5.514 5.543 5.570 5.595 5.620 5.643 5.665 5.686 5.706 5.725 5.745 5.768 5.794 5.825 5.861 5.904 5.952 6.006 6.065 6.130 6.200 6.272 6.345 6.420 6.494 6.567 6.639 6.712 6.787 6.865 6.945 7.030 7.120 7.210 7.300 7.389 7.479 7.569 7.652 7.720 7.759 7.821 7.926 8.026 8.118 8.199
4.398 4.483 4.559 4.630 4.696 4.757 4.816 4.871 4.924 4.974 5.022 5.068 5.112 5.153 5.193 5.231 5.267 5.302 5.335 5.367 5.397 5.427 5.456 5.484 5.512 5.540 5.567 5.594 5.618 5.642 5.666 5.688 5.709 5.730 5.750 5.770 5.792 5.817 5.845 5.879 5.919 5.965 6.016 6.074 6.138 6.208 6.280 6.355 6.433 6.512 6.589 6.665 6.743 6.823 6.904 6.987 7.074 7.169 7.262 7.351 7.435 7.522 7.608 7.690 7.759 7.795 7.853 7.958 8.060 8.152 8.231
4.431 4.512 4.586 4.656 4.721 4.783 4.841 4.897 4.951 5.002 5.050 5.096 5.141 5.183 5.223 5.262 5.298 5.333 5.366 5.398 5.428 5.457 5.485 5.513 5.540 5.566 5.592 5.618 5.642 5.665 5.688 5.711 5.733 5.755 5.776 5.797 5.820 5.844 5.871 5.902 5.939 5.982 6.030 6.086 6.148 6.218 6.290 6.366 6.448 6.530 6.612 6.693 6.776 6.859 6.942 7.025 7.116 7.214 7.308 7.395 7.477 7.559 7.645 7.729 7.799 7.832 7.888 7.994 8.094 8.183 8.260
4.462 4.539 4.612 4.680 4.744 4.805 4.864 4.921 4.975 5.027 5.076 5.123 5.168 5.212 5.253 5.292 5.329 5.365 5.398 5.430 5.460 5.489 5.517 5.543 5.569 5.594 5.619 5.643 5.665 5.688 5.711 5.734 5.757 5.780 5.803 5.826 5.850 5.874 5.901 5.930 5.965 6.004 6.049 6.102 6.163 6.232 6.304 6.381 6.465 6.551 6.637 6.723 6.809 6.894 6.978 7.062 7.154 7.254 7.348 7.435 7.515 7.595 7.682 7.768 7.841 7.872 7.926 8.030 8.125 8.210 8.283
4.490 4.565 4.635 4.702 4.766 4.826 4.885 4.942 4.997 5.050 5.100 5.148 5.195 5.239 5.281 5.321 5.360 5.396 5.431 5.463 5.493 5.522 5.549 5.575 5.600 5.623 5.647 5.669 5.690 5.712 5.735 5.758 5.781 5.806 5.831 5.856 5.882 5.908 5.934 5.963 5.995 6.032 6.074 6.124 6.182 6.250 6.322 6.399 6.484 6.573 6.662 6.751 6.840 6.926 7.011 7.094 7.186 7.288 7.384 7.472 7.552 7.633 7.719 7.806 7.883 7.914 7.964 8.063 8.153 8.234 8.301
4.517 4.589 4.658 4.723 4.786 4.846 4.904 4.961 5.017 5.070 5.122 5.171 5.219 5.264 5.308 5.349 5.389 5.427 5.462 5.496 5.527 5.556 5.583 5.609 5.632 5.655 5.676 5.696 5.716 5.737 5.759 5.782 5.806 5.832 5.859 5.887 5.915 5.943 5.970 5.999 6.030 6.064 6.104 6.150 6.206 6.272 6.343 6.419 6.505 6.595 6.688 6.780 6.871 6.959 7.045 7.126 7.218 7.322 7.421 7.510 7.592 7.675 7.761 7.851 7.935 7.962 8.005 8.099 8.183 8.257 8.319
4.543 4.613 4.679 4.743 4.805 4.863 4.922 4.979 5.034 5.088 5.141 5.191 5.240 5.287 5.332 5.375 5.417 5.456 5.494 5.528 5.561 5.591 5.618 5.643 5.666 5.688 5.708 5.726 5.745 5.764 5.785 5.807 5.832 5.858 5.887 5.917 5.948 5.978 6.008 6.037 6.068 6.100 6.137 6.180 6.234 6.299 6.367 6.443 6.529 6.620 6.715 6.810 6.903 6.993 7.078 7.157 7.249 7.357 7.458 7.551 7.638 7.722 7.809 7.911 7.995 8.012 8.047 8.133 8.210 8.277 8.331
4.567 4.635 4.700 4.762 4.822 4.880 4.939 4.995 5.051 5.105 5.157 5.209 5.259 5.307 5.354 5.399 5.442 5.484 5.523 5.560 5.594 5.625 5.653 5.679 5.702 5.722 5.741 5.758 5.775 5.793 5.813 5.834 5.859 5.886 5.916 5.948 5.981 6.014 6.046 6.077 6.107 6.139 6.174 6.216 6.269 6.331 6.398 6.472 6.557 6.650 6.745 6.841 6.937 7.028 7.112 7.190 7.283 7.395 7.501 7.599 7.690 7.781 7.878 7.976 8.047 8.058 8.086 8.163 8.231 8.291 8.337
4.590 4.656 4.720 4.781 4.839 4.897 4.954 5.010 5.065 5.119 5.172 5.224 5.275 5.325 5.373 5.420 5.465 5.508 5.550 5.589 5.625 5.658 5.687 5.714 5.737 5.758 5.776 5.792 5.807 5.824 5.842 5.863 5.887 5.914 5.945 5.978 6.013 6.049 6.083 6.116 6.148 6.181 6.216 6.258 6.309 6.370 6.434 6.506 6.590 6.681 6.776 6.873 6.971 7.064 7.149 7.225 7.320 7.437 7.550 7.653 7.751 7.850 7.948 8.036 8.096 8.099 8.119 8.186 8.245 8.295 8.332
4.612 4.676 4.738 4.799 4.856 4.913 4.970 5.025 5.079 5.133 5.186 5.238 5.290 5.340 5.390 5.438 5.485 5.531 5.574 5.615 5.653 5.688 5.720 5.748 5.772 5.793 5.811 5.827 5.841 5.857 5.874 5.894 5.917 5.944 5.975 6.009 6.045 6.083 6.120 6.156 6.191 6.225 6.261 6.303 6.353 6.412 6.474 6.544 6.626 6.715 6.809 6.907 7.007 7.101 7.188 7.265 7.362 7.488 7.605 7.714 7.818 7.919 8.012 8.089 8.138 8.135 8.146 8.201 8.250 8.290 8.314
4.632 4.695 4.756 4.815 4.872 4.928 4.984 5.039 5.093 5.146 5.199 5.251 5.303 5.354 5.405 5.454 5.503 5.550 5.595 5.638 5.679 5.716 5.750 5.780 5.806 5.828 5.847 5.862 5.876 5.892 5.908 5.928 5.950 5.976 6.007 6.041 6.078 6.117 6.157 6.196 6.234 6.271 6.309 6.351 6.401 6.459 6.520 6.587 6.665 6.752 6.844 6.942 7.044 7.142 7.234 7.312 7.412 7.542 7.664 7.779 7.885 7.982 8.068 8.135 8.175 8.164 8.164 8.206 8.243 8.271 8.280
4.650 4.712 4.772 4.831 4.887 4.943 4.998 5.052 5.106 5.159 5.211 5.263 5.315 5.366 5.418 5.468 5.518 5.567 5.614 5.659 5.701 5.741 5.777 5.809 5.837 5.861 5.882 5.898 5.913 5.928 5.945 5.964 5.986 6.011 6.041 6.075 6.112 6.152 6.194 6.236 6.277 6.317 6.357 6.401 6.451 6.508 6.568 6.632 6.708 6.792 6.882 6.979 7.084 7.188 7.285 7.363 7.464 7.600 7.727 7.843 7.945 8.038 8.117 8.174 8.205 8.185 8.173 8.202 8.225 8.238 8.232
4.668 4.729 4.788 4.845 4.901 4.956 5.011 5.064 5.118 5.170 5.222 5.274 5.326 5.378 5.430 5.481 5.531 5.581 5.630 5.677 5.721 5.763 5.801 5.836 5.866 5.893 5.915 5.934 5.950 5.967 5.984 6.003 6.024 6.049 6.078 6.111 6.148 6.188 6.231 6.276 6.320 6.363 6.406 6.450 6.500 6.558 6.617 6.680 6.754 6.835 6.923 7.021 7.129 7.240 7.341 7.418 7.520 7.660 7.788 7.901 8.000 8.087 8.157 8.206 8.226 8.196 8.173 8.186 8.193 8.191 8.168
4.685 4.744 4.801 4.858 4.913 4.968 5.022 5.076 5.129 5.181 5.233 5.285 5.337 5.389 5.440 5.492 5.543 5.594 5.644 5.692 5.738 5.782 5.822 5.859 5.893 5.922 5.948 5.969 5.988 6.006 6.025 6.044 6.065 6.089 6.117 6.149 6.185 6.225 6.269 6.315 6.362 6.408 6.453 6.498 6.549 6.608 6.667 6.730 6.803 6.883 6.969 7.068 7.180 7.295 7.400 7.475 7.577 7.717 7.842 7.951 8.045 8.124 8.187 8.226 8.237 8.197 8.159 8.156 8.147 8.127 8.086
4.701 4.758 4.814 4.870 4.924 4.978 5.032 5.085 5.138 5.190 5.242 5.294 5.346 5.398 5.450 5.502 5.554 5.605 5.656 5.705 5.753 5.798 5.841 5.880 5.917 5.949 5.979 6.004 6.025 6.046 6.066 6.087 6.109 6.133 6.160 6.191 6.226 6.264 6.308 6.354 6.403 6.451 6.498 6.545 6.597 6.658 6.718 6.782 6.855 6.934 7.021 7.121 7.233 7.349 7.457 7.530 7.629 7.765 7.887 7.992 8.080 8.153 8.208 8.238 8.239 8.187 8.133 8.113 8.086 8.048 7.990
4.717 4.772 4.826 4.881 4.934 4.987 5.040 5.093 5.146 5.198 5.250 5.302 5.354 5.406 5.458 5.510 5.562 5.614 5.665 5.716 5.764 5.812 5.856 5.898 5.938 5.974 6.007 6.036 6.062 6.086 6.109 6.131 6.155 6.179 6.205 6.236 6.269 6.305 6.348 6.394 6.443 6.493 6.542 6.591 6.644 6.706 6.769 6.835 6.909 6.989 7.076 7.176 7.287 7.406 7.518 7.586 7.677 7.810 7.928 8.028 8.110 8.176 8.222 8.242 8.232 8.166 8.096 8.058 8.014 7.959 7.888
4.733 4.786 4.838 4.891 4.943 4.994 5.047 5.099 5.152 5.204 5.256 5.308 5.360 5.412 5.464 5.516 5.569 5.621 5.673 5.724 5.774 5.822 5.869 5.914 5.956 5.996 6.033 6.066 6.096 6.124 6.150 6.175 6.200 6.226 6.253 6.283 6.315 6.350 6.390 6.435 6.484 6.534 6.584 6.634 6.690 6.755 6.821 6.890 6.966 7.047 7.136 7.235 7.346 7.474 7.582 7.636 7.719 7.848 7.960 8.054 8.130 8.188 8.225 8.235 8.212 8.132 8.047 7.992 7.932 7.864 7.783
4.749 4.800 4.851 4.901 4.951 5.002 5.053 5.105 5.157 5.208 5.260 5.312 5.364 5.416 5.468 5.520 5.572 5.625 5.677 5.729 5.780 5.830 5.878 5.926 5.971 6.014 6.056 6.093 6.128 6.160 6.190 6.218 6.246 6.274 6.303 6.334 6.364 6.397 6.435 6.478 6.525 6.574 6.625 6.678 6.739 6.806 6.875 6.948 7.028 7.112 7.202 7.304 7.421 7.541 7.633 7.678 7.754 7.876 7.982 8.071 8.140 8.191 8.218 8.217 8.181 8.087 7.987 7.917 7.845 7.768 7.680
4.767 4.815 4.864 4.913 4.961 5.009 5.060 5.110 5.161 5.212 5.263 5.314 5.366 5.417 5.469 5.521 5.573 5.625 5.678 5.730 5.782 5.834 5.884 5.934 5.983 6.030 6.075 6.117 6.156 6.193 6.227 6.259 6.291 6.323 6.355 6.386 6.417 6.448 6.484 6.523 6.567 6.616 6.669 6.728 6.791 6.860 6.932 7.012 7.097 7.182 7.274 7.378 7.490 7.595 7.674 7.710 7.778 7.893 7.995 8.078 8.140 8.183 8.200 8.188 8.140 8.032 7.918 7.837 7.755 7.671 7.577
4.785 4.831 4.878 4.925 4.971 5.018 5.066 5.115 5.165 5.215 5.265 5.315 5.366 5.416 5.467 5.518 5.570 5.622 5.675 5.728 5.781 5.834 5.887 5.939 5.991 6.041 6.091 6.137 6.181 6.223 6.261 6.299 6.335 6.372 6.407 6.440 6.471 6.502 6.536 6.572 6.615 6.664 6.720 6.781 6.847 6.918 6.995 7.082 7.170 7.256 7.348 7.447 7.547 7.638 7.706 7.734 7.794 7.903 7.998 8.075 8.131 8.164 8.172 8.150 8.089 7.969 7.844 7.754 7.665 7.574 7.474
4.804 4.849 4.893 4.938 4.982 5.028 5.074 5.122 5.170 5.218 5.267 5.316 5.365 5.414 5.464 5.514 5.566 5.617 5.670 5.724 5.778 5.832 5.887 5.941 5.996 6.050 6.103 6.154 6.203 6.250 6.294 6.337 6.378 6.419 6.458 6.494 6.528 6.560 6.593 6.628 6.669 6.718 6.776 6.840 6.910 6.982 7.062 7.154 7.244 7.331 7.417 7.505 7.592 7.671 7.731 7.751 7.802 7.903 7.992 8.063 8.112 8.138 8.137 8.104 8.032 7.901 7.768 7.669 7.574 7.476 7.369
4.825 4.868 4.910 4.953 4.996 5.039 5.084 5.129 5.176 5.222 5.269 5.317 5.364 5.412 5.460 5.509 5.560 5.611 5.663 5.717 5.772 5.828 5.884 5.941 5.999 6.056 6.113 6.168 6.222 6.274 6.324 6.372 6.419 6.464 6.508 6.548 6.585 6.620 6.654 6.690 6.731 6.780 6.838 6.906 6.977 7.048 7.130 7.225 7.317 7.399 7.474 7.551 7.627 7.696 7.749 7.761 7.803 7.897 7.980 8.044 8.086 8.105 8.095 8.052 7.970 7.830 7.688 7.582 7.480 7.376 7.267
4.847 4.888 4.929 4.970 5.010 5.052 5.095 5.139 5.183 5.228 5.273 5.318 5.364 5.410 5.457 5.505 5.553 5.604 5.656 5.710 5.765 5.822 5.880 5.939 6.000 6.061 6.121 6.179 6.239 6.297 6.352 6.406 6.458 6.508 6.556 6.601 6.643 6.682 6.720 6.757 6.798 6.847 6.907 6.976 7.048 7.115 7.196 7.294 7.383 7.456 7.523 7.588 7.652 7.715 7.762 7.767 7.800 7.888 7.964 8.020 8.054 8.066 8.049 7.997 7.903 7.754 7.604 7.490 7.381 7.276 7.169
4.871 4.910 4.949 4.988 5.026 5.067 5.108 5.149 5.192 5.235 5.278 5.321 5.365 5.409 5.454 5.500 5.548 5.597 5.649 5.703 5.758 5.816 5.875 5.936 5.999 6.064 6.127 6.190 6.254 6.317 6.378 6.437 6.494 6.548 6.600 6.651 6.699 6.744 6.787 6.827 6.870 6.921 6.981 7.049 7.118 7.180 7.258 7.354 7.436 7.504 7.561 7.616 7.673 7.729 7.772 7.769 7.794 7.874 7.941 7.989 8.016 8.021 7.997 7.934 7.829 7.670 7.510 7.389 7.279 7.177 7.079
4.896 4.934 4.971 5.007 5.044 5.083 5.122 5.162 5.202 5.243 5.284 5.325 5.367 5.410 5.453 5.497 5.544 5.592 5.643 5.697 5.753 5.811 5.871 5.934 5.999 6.066 6.133 6.200 6.268 6.335 6.401 6.465 6.526 6.585 6.642 6.699 6.753 6.806 6.854 6.899 6.945 6.997 7.054 7.119 7.185 7.240 7.311 7.402 7.481 7.543 7.593 7.641 7.690 7.740 7.780 7.770 7.786 7.856 7.914 7.954 7.973 7.971 7.939 7.867 7.749 7.578 7.410 7.286 7.181 7.089 7.007
