TsunamiDB/out54199.asc
ncols          264
nrows          230
xllcorner      497853.4375
yllcorner      4229146.0000
cellsize         5.
NODATA_value   -99
[rows 102 to 135 of 230, columns 77 to 153 of 264]
6.558 6.562 6.567 6.571 6.575 6.579 6.583 6.587 6.591 6.595 6.599 6.604 6.608 6.612 6.617 6.621 6.626 6.631 6.636 6.641 6.646 6.651 6.656 6.662 6.668 6.674 6.680 6.687 6.693 6.700 6.706 6.713 6.720 6.727 6.735 6.742 6.749 6.757 6.764 6.772 6.779 6.786 6.793 6.800 6.807 6.813 6.820 6.826 6.833 6.839 6.844 6.849 6.854 6.859 6.863 6.868 6.872 6.875 6.879 6.882 6.886 6.889 6.891 6.894 6.896 6.899 6.901 6.903 6.904 6.906 6.908 6.910 6.911 6.913 6.914 6.915 6.916
6.564 6.568 6.572 6.576 6.580 6.584 6.588 6.592 6.597 6.601 6.605 6.609 6.614 6.618 6.623 6.627 6.632 6.636 6.641 6.646 6.651 6.656 6.661 6.667 6.673 6.679 6.685 6.691 6.698 6.704 6.711 6.718 6.725 6.732 6.739 6.746 6.754 6.761 6.769 6.776 6.783 6.790 6.798 6.805 6.811 6.818 6.825 6.831 6.838 6.843 6.849 6.854 6.859 6.864 6.869 6.873 6.877 6.881 6.885 6.888 6.891 6.894 6.897 6.900 6.902 6.905 6.907 6.909 6.910 6.912 6.914 6.916 6.917 6.919 6.920 6.921 6.922
6.570 6.574 6.578 6.582 6.586 6.590 6.594 6.598 6.602 6.607 6.611 6.615 6.619 6.624 6.628 6.633 6.637 6.642 6.647 6.652 6.657 6.662 6.667 6.672 6.678 6.684 6.690 6.696 6.703 6.709 6.716 6.723 6.729 6.737 6.744 6.751 6.758 6.766 6.773 6.781 6.788 6.795 6.802 6.809 6.816 6.823 6.830 6.836 6.843 6.849 6.854 6.860 6.865 6.870 6.874 6.879 6.883 6.887 6.891 6.894 6.897 6.900 6.903 6.906 6.908 6.911 6.913 6.915 6.917 6.919 6.921 6.922 6.924 6.925 6.926 6.927 6.928
6.575 6.579 6.584 6.588 6.592 6.596 6.600 6.604 6.608 6.612 6.616 6.621 6.625 6.629 6.634 6.638 6.643 6.648 6.652 6.657 6.662 6.667 6.672 6.678 6.684 6.690 6.696 6.702 6.708 6.714 6.721 6.728 6.734 6.741 6.749 6.756 6.763 6.771 6.778 6.785 6.793 6.800 6.807 6.814 6.821 6.828 6.835 6.841 6.848 6.854 6.860 6.865 6.870 6.875 6.880 6.885 6.889 6.893 6.897 6.900 6.903 6.907 6.910 6.912 6.915 6.917 6.919 6.921 6.923 6.925 6.927 6.929 6.930 6.932 6.933 6.934 6.935
6.581 6.585 6.589 6.593 6.597 6.601 6.605 6.609 6.614 6.618 6.622 6.626 6.631 6.635 6.640 6.644 6.649 6.653 6.658 6.663 6.668 6.673 6.678 6.683 6.689 6.695 6.701 6.707 6.713 6.719 6.726 6.733 6.739 6.746 6.753 6.761 6.768 6.775 6.783 6.790 6.798 6.805 6.812 6.819 6.826 6.833 6.840 6.847 6.853 6.859 6.865 6.871 6.876 6.881 6.886 6.891 6.895 6.899 6.903 6.907 6.910 6.913 6.916 6.919 6.921 6.924 6.926 6.928 6.930 6.932 6.934 6.936 6.937 6.939 6.940 6.941 6.942
6.586 6.590 6.595 6.599 6.603 6.607 6.611 6.615 6.619 6.623 6.628 6.632 6.636 6.641 6.645 6.650 6.654 6.659 6.664 6.669 6.673 6.678 6.684 6.689 6.695 6.701 6.706 6.712 6.718 6.725 6.731 6.738 6.745 6.751 6.759 6.766 6.773 6.780 6.788 6.795 6.803 6.810 6.817 6.824 6.832 6.839 6.845 6.852 6.859 6.865 6.871 6.877 6.882 6.887 6.892 6.897 6.901 6.905 6.909 6.913 6.917 6.920 6.923 6.926 6.928 6.931 6.933 6.935 6.937 6.939 6.941 6.943 6.944 6.946 6.947 6.948 6.949
6.591 6.596 6.600 6.604 6.608 6.612 6.616 6.620 6.624 6.629 6.633 6.637 6.642 6.646 6.651 6.655 6.660 6.664 6.669 6.674 6.679 6.684 6.689 6.695 6.700 6.706 6.712 6.718 6.724 6.730 6.736 6.743 6.750 6.757 6.764 6.771 6.778 6.785 6.793 6.800 6.808 6.815 6.822 6.830 6.837 6.844 6.851 6.858 6.865 6.871 6.877 6.883 6.888 6.893 6.898 6.903 6.908 6.912 6.916 6.920 6.923 6.927 6.930 6.933 6.935 6.938 6.940 6.942 6.944 6.946 6.949 6.950 6.952 6.953 6.955 6.956 6.957
6.596 6.601 6.605 6.609 6.613 6.617 6.621 6.625 6.629 6.634 6.638 6.642 6.647 6.651 6.656 6.660 6.665 6.670 6.675 6.679 6.684 6.689 6.695 6.700 6.706 6.712 6.717 6.723 6.729 6.735 6.742 6.748 6.755 6.762 6.769 6.776 6.783 6.791 6.798 6.805 6.813 6.820 6.828 6.835 6.842 6.849 6.856 6.864 6.870 6.877 6.883 6.889 6.894 6.900 6.905 6.910 6.914 6.919 6.923 6.927 6.930 6.934 6.937 6.940 6.943 6.945 6.948 6.950 6.952 6.954 6.956 6.958 6.960 6.961 6.962 6.963 6.965
6.601 6.606 6.610 6.614 6.618 6.622 6.626 6.630 6.634 6.639 6.643 6.647 6.652 6.656 6.661 6.666 6.670 6.675 6.680 6.685 6.690 6.695 6.700 6.705 6.711 6.717 6.723 6.728 6.734 6.741 6.747 6.753 6.760 6.767 6.774 6.781 6.788 6.796 6.803 6.811 6.818 6.825 6.833 6.840 6.848 6.855 6.862 6.869 6.876 6.883 6.889 6.895 6.900 6.906 6.911 6.916 6.921 6.925 6.930 6.934 6.937 6.941 6.944 6.947 6.950 6.953 6.955 6.957 6.960 6.962 6.964 6.966 6.967 6.969 6.970 6.971 6.973
6.606 6.610 6.614 6.618 6.622 6.626 6.631 6.635 6.639 6.643 6.648 6.652 6.657 6.661 6.666 6.670 6.675 6.680 6.685 6.690 6.695 6.700 6.705 6.710 6.716 6.722 6.728 6.734 6.740 6.746 6.752 6.758 6.765 6.772 6.779 6.786 6.793 6.801 6.808 6.816 6.823 6.831 6.838 6.846 6.853 6.860 6.867 6.875 6.882 6.888 6.895 6.901 6.907 6.912 6.918 6.923 6.928 6.932 6.936 6.941 6.944 6.948 6.951 6.955 6.957 6.960 6.963 6.965 6.967 6.969 6.972 6.974 6.975 6.977 6.978 6.979 6.981
6.611 6.615 6.619 6.623 6.627 6.631 6.635 6.639 6.644 6.648 6.652 6.657 6.661 6.666 6.670 6.675 6.680 6.685 6.689 6.694 6.699 6.705 6.710 6.715 6.721 6.727 6.733 6.738 6.744 6.751 6.757 6.763 6.770 6.777 6.784 6.791 6.798 6.806 6.813 6.820 6.828 6.836 6.843 6.851 6.858 6.865 6.873 6.880 6.887 6.894 6.900 6.907 6.913 6.918 6.924 6.929 6.934 6.939 6.943 6.947 6.951 6.955 6.959 6.962 6.965 6.968 6.970 6.973 6.975 6.977 6.980 6.982 6.983 6.985 6.986 6.988 6.989
6.615 6.619 6.623 6.627 6.631 6.635 6.639 6.644 6.648 6.652 6.657 6.661 6.666 6.670 6.675 6.679 6.684 6.689 6.694 6.699 6.704 6.709 6.714 6.720 6.726 6.732 6.737 6.743 6.749 6.755 6.762 6.768 6.775 6.782 6.789 6.796 6.803 6.810 6.818 6.825 6.833 6.840 6.848 6.856 6.863 6.871 6.878 6.885 6.893 6.899 6.906 6.912 6.918 6.924 6.930 6.935 6.940 6.945 6.950 6.954 6.958 6.962 6.966 6.969 6.972 6.975 6.978 6.980 6.983 6.985 6.987 6.989 6.991 6.993 6.994 6.996 6.997
6.619 6.623 6.627 6.631 6.635 6.639 6.643 6.648 6.652 6.656 6.661 6.665 6.670 6.674 6.679 6.684 6.688 6.693 6.698 6.703 6.708 6.713 6.719 6.724 6.730 6.736 6.742 6.748 6.754 6.760 6.766 6.773 6.779 6.786 6.793 6.800 6.807 6.815 6.822 6.830 6.837 6.845 6.853 6.860 6.868 6.875 6.883 6.890 6.898 6.905 6.911 6.918 6.924 6.930 6.936 6.941 6.947 6.952 6.956 6.961 6.965 6.969 6.973 6.976 6.979 6.982 6.985 6.988 6.990 6.992 6.995 6.997 6.999 7.001 7.002 7.004 7.005
6.623 6.627 6.631 6.635 6.639 6.643 6.647 6.652 6.656 6.660 6.665 6.669 6.674 6.678 6.683 6.688 6.692 6.697 6.702 6.707 6.712 6.718 6.723 6.728 6.734 6.740 6.746 6.752 6.758 6.764 6.770 6.777 6.784 6.790 6.797 6.805 6.812 6.819 6.827 6.834 6.842 6.849 6.857 6.865 6.872 6.880 6.888 6.895 6.903 6.910 6.917 6.923 6.929 6.936 6.941 6.947 6.952 6.958 6.962 6.967 6.971 6.975 6.979 6.983 6.986 6.989 6.992 6.995 6.997 7.000 7.002 7.005 7.006 7.008 7.010 7.011 7.013
6.627 6.631 6.635 6.639 6.643 6.647 6.651 6.655 6.660 6.664 6.668 6.673 6.677 6.682 6.686 6.691 6.696 6.701 6.706 6.711 6.716 6.721 6.727 6.732 6.738 6.744 6.750 6.756 6.762 6.768 6.775 6.781 6.788 6.795 6.802 6.809 6.816 6.823 6.831 6.838 6.846 6.854 6.861 6.869 6.877 6.884 6.892 6.900 6.907 6.914 6.921 6.928 6.934 6.941 6.947 6.952 6.958 6.963 6.968 6.973 6.977 6.981 6.985 6.989 6.992 6.996 6.999 7.001 7.004 7.007 7.009 7.012 7.013 7.015 7.017 7.018 7.020
6.631 6.635 6.639 6.643 6.647 6.651 6.655 6.659 6.663 6.667 6.672 6.676 6.681 6.685 6.690 6.695 6.700 6.704 6.709 6.714 6.720 6.725 6.730 6.736 6.742 6.748 6.754 6.760 6.766 6.772 6.778 6.785 6.791 6.798 6.805 6.812 6.820 6.827 6.835 6.842 6.850 6.858 6.865 6.873 6.881 6.888 6.896 6.904 6.912 6.919 6.926 6.933 6.939 6.945 6.952 6.957 6.963 6.968 6.973 6.978 6.983 6.987 6.991 6.995 6.998 7.002 7.005 7.008 7.010 7.013 7.016 7.018 7.020 7.022 7.024 7.025 7.027
6.635 6.639 6.643 6.647 6.650 6.654 6.658 6.662 6.667 6.671 6.675 6.680 6.684 6.689 6.693 6.698 6.703 6.708 6.713 6.718 6.723 6.728 6.734 6.739 6.745 6.751 6.757 6.763 6.769 6.775 6.782 6.788 6.795 6.802 6.809 6.816 6.823 6.831 6.838 6.846 6.853 6.861 6.869 6.877 6.884 6.892 6.900 6.908 6.916 6.923 6.930 6.937 6.943 6.950 6.956 6.962 6.968 6.973 6.978 6.983 6.988 6.992 6.996 7.000 7.004 7.007 7.010 7.013 7.016 7.019 7.022 7.024 7.026 7.028 7.030 7.031 7.033
6.639 6.643 6.647 6.650 6.654 6.658 6.662 6.666 6.670 6.674 6.678 6.683 6.687 6.692 6.697 6.701 6.706 6.711 6.716 6.721 6.726 6.731 6.737 6.742 6.748 6.754 6.760 6.766 6.772 6.779 6.785 6.792 6.798 6.805 6.812 6.819 6.827 6.834 6.841 6.849 6.857 6.864 6.872 6.880 6.888 6.896 6.903 6.912 6.919 6.926 6.934 6.941 6.947 6.954 6.960 6.966 6.972 6.978 6.983 6.988 6.993 6.997 7.001 7.005 7.009 7.012 7.016 7.019 7.022 7.024 7.027 7.030 7.032 7.034 7.035 7.037 7.039
6.643 6.647 6.650 6.654 6.658 6.661 6.665 6.669 6.673 6.677 6.682 6.686 6.690 6.695 6.700 6.704 6.709 6.714 6.719 6.724 6.729 6.734 6.740 6.745 6.751 6.757 6.763 6.769 6.775 6.782 6.788 6.795 6.801 6.808 6.815 6.822 6.830 6.837 6.844 6.852 6.860 6.868 6.875 6.883 6.891 6.899 6.907 6.915 6.922 6.930 6.937 6.944 6.951 6.957 6.964 6.970 6.976 6.981 6.987 6.992 6.997 7.001 7.006 7.010 7.013 7.017 7.020 7.023 7.026 7.029 7.032 7.035 7.037 7.039 7.040 7.042 7.044
6.647 6.651 6.654 6.658 6.661 6.665 6.669 6.673 6.677 6.681 6.685 6.689 6.694 6.698 6.703 6.707 6.712 6.717 6.722 6.727 6.732 6.737 6.742 6.748 6.754 6.760 6.766 6.772 6.778 6.784 6.791 6.797 6.804 6.811 6.818 6.825 6.832 6.840 6.847 6.855 6.863 6.870 6.878 6.886 6.894 6.902 6.910 6.918 6.925 6.933 6.940 6.947 6.954 6.961 6.967 6.973 6.979 6.985 6.990 6.996 7.000 7.005 7.009 7.014 7.017 7.021 7.024 7.028 7.031 7.034 7.036 7.039 7.041 7.043 7.045 7.047 7.048
6.651 6.654 6.658 6.661 6.665 6.668 6.672 6.676 6.680 6.684 6.688 6.692 6.697 6.701 6.705 6.710 6.715 6.720 6.724 6.729 6.734 6.740 6.745 6.751 6.757 6.763 6.768 6.774 6.780 6.787 6.793 6.800 6.806 6.813 6.820 6.828 6.835 6.842 6.850 6.857 6.865 6.873 6.880 6.888 6.896 6.904 6.912 6.920 6.928 6.935 6.943 6.950 6.957 6.963 6.970 6.976 6.982 6.988 6.993 6.999 7.004 7.008 7.013 7.017 7.021 7.025 7.028 7.031 7.034 7.037 7.040 7.043 7.045 7.047 7.049 7.050 7.052
6.655 6.658 6.661 6.665 6.668 6.672 6.675 6.679 6.683 6.687 6.691 6.695 6.699 6.704 6.708 6.713 6.717 6.722 6.727 6.732 6.737 6.742 6.748 6.753 6.759 6.765 6.771 6.777 6.783 6.789 6.795 6.802 6.809 6.816 6.823 6.830 6.837 6.844 6.852 6.860 6.867 6.875 6.883 6.890 6.898 6.906 6.914 6.922 6.930 6.937 6.945 6.952 6.959 6.966 6.972 6.979 6.985 6.991 6.996 7.001 7.006 7.011 7.016 7.020 7.024 7.028 7.031 7.034 7.037 7.041 7.043 7.046 7.048 7.050 7.052 7.054 7.055
6.659 6.662 6.665 6.668 6.672 6.675 6.679 6.682 6.686 6.690 6.694 6.698 6.702 6.707 6.711 6.716 6.720 6.725 6.730 6.734 6.739 6.745 6.750 6.756 6.761 6.767 6.773 6.779 6.785 6.791 6.798 6.804 6.811 6.818 6.825 6.832 6.839 6.846 6.854 6.861 6.869 6.877 6.885 6.892 6.900 6.908 6.916 6.924 6.932 6.939 6.947 6.954 6.961 6.968 6.974 6.981 6.987 6.993 6.998 7.004 7.009 7.014 7.018 7.022 7.026 7.030 7.034 7.037 7.040 7.043 7.046 7.048 7.051 7.053 7.055 7.056 7.058
6.663 6.666 6.669 6.672 6.675 6.679 6.682 6.686 6.689 6.693 6.697 6.701 6.705 6.709 6.714 6.718 6.723 6.727 6.732 6.737 6.742 6.747 6.752 6.758 6.764 6.769 6.775 6.781 6.787 6.793 6.799 6.806 6.813 6.819 6.826 6.834 6.841 6.848 6.856 6.863 6.871 6.878 6.886 6.894 6.902 6.910 6.918 6.926 6.933 6.941 6.948 6.956 6.963 6.969 6.976 6.982 6.989 6.995 7.000 7.006 7.011 7.016 7.020 7.024 7.028 7.032 7.036 7.039 7.042 7.045 7.048 7.051 7.053 7.055 7.057 7.058 7.060
6.667 6.670 6.673 6.676 6.679 6.682 6.685 6.689 6.692 6.696 6.700 6.704 6.708 6.712 6.716 6.721 6.725 6.730 6.734 6.739 6.744 6.749 6.754 6.760 6.766 6.771 6.777 6.783 6.789 6.795 6.801 6.808 6.814 6.821 6.828 6.835 6.842 6.850 6.857 6.865 6.872 6.880 6.888 6.895 6.903 6.911 6.919 6.927 6.935 6.942 6.950 6.957 6.964 6.971 6.977 6.984 6.990 6.996 7.002 7.007 7.012 7.017 7.022 7.026 7.030 7.034 7.037 7.041 7.044 7.047 7.050 7.052 7.055 7.057 7.058 7.060 7.062
6.671 6.674 6.677 6.679 6.682 6.685 6.689 6.692 6.696 6.699 6.703 6.707 6.711 6.715 6.719 6.723 6.728 6.732 6.737 6.741 6.746 6.751 6.756 6.762 6.767 6.773 6.779 6.784 6.790 6.796 6.803 6.809 6.816 6.822 6.829 6.836 6.844 6.851 6.858 6.866 6.873 6.881 6.889 6.897 6.904 6.912 6.920 6.928 6.936 6.943 6.951 6.958 6.965 6.972 6.978 6.985 6.991 6.997 7.003 7.008 7.013 7.018 7.023 7.027 7.031 7.035 7.039 7.042 7.045 7.048 7.051 7.054 7.056 7.058 7.060 7.061 7.063
6.676 6.678 6.681 6.683 6.686 6.689 6.692 6.695 6.699 6.702 6.706 6.710 6.714 6.718 6.722 6.726 6.730 6.735 6.739 6.744 6.748 6.753 6.758 6.764 6.769 6.775 6.780 6.786 6.792 6.798 6.804 6.810 6.817 6.824 6.831 6.838 6.845 6.852 6.859 6.867 6.874 6.882 6.890 6.897 6.905 6.913 6.921 6.929 6.937 6.944 6.951 6.959 6.966 6.973 6.979 6.986 6.992 6.998 7.004 7.009 7.014 7.019 7.024 7.028 7.032 7.036 7.040 7.043 7.046 7.049 7.052 7.055 7.057 7.059 7.061 7.062 7.064
6.680 6.682 6.684 6.687 6.690 6.692 6.695 6.699 6.702 6.705 6.709 6.713 6.716 6.720 6.724 6.728 6.733 6.737 6.741 6.746 6.750 6.755 6.760 6.766 6.771 6.776 6.782 6.787 6.793 6.799 6.805 6.812 6.818 6.825 6.832 6.838 6.846 6.853 6.860 6.868 6.875 6.883 6.890 6.898 6.906 6.914 6.922 6.930 6.937 6.945 6.952 6.959 6.966 6.973 6.980 6.986 6.992 6.998 7.004 7.010 7.015 7.020 7.025 7.029 7.033 7.037 7.041 7.044 7.047 7.050 7.053 7.055 7.058 7.060 7.061 7.063 7.065
6.684 6.687 6.689 6.691 6.693 6.696 6.699 6.702 6.705 6.708 6.712 6.715 6.719 6.723 6.727 6.731 6.735 6.739 6.743 6.748 6.752 6.757 6.762 6.767 6.773 6.778 6.783 6.789 6.794 6.800 6.806 6.813 6.819 6.826 6.832 6.839 6.846 6.854 6.861 6.868 6.876 6.883 6.891 6.899 6.906 6.914 6.922 6.930 6.937 6.945 6.952 6.959 6.966 6.973 6.980 6.987 6.993 6.999 7.005 7.010 7.015 7.020 7.025 7.029 7.034 7.037 7.041 7.044 7.048 7.051 7.054 7.056 7.058 7.060 7.062 7.064 7.065
6.689 6.691 6.693 6.695 6.697 6.700 6.702 6.705 6.708 6.711 6.715 6.718 6.722 6.725 6.729 6.733 6.737 6.741 6.745 6.750 6.754 6.759 6.764 6.769 6.774 6.779 6.785 6.790 6.796 6.801 6.807 6.814 6.820 6.826 6.833 6.840 6.847 6.854 6.861 6.869 6.876 6.884 6.891 6.899 6.907 6.914 6.922 6.930 6.938 6.945 6.952 6.960 6.967 6.973 6.980 6.987 6.993 6.999 7.005 7.010 7.016 7.021 7.025 7.030 7.034 7.038 7.041 7.045 7.048 7.051 7.054 7.056 7.058 7.060 7.062 7.064 7.065
6.694 6.695 6.697 6.699 6.701 6.703 6.706 6.708 6.711 6.714 6.718 6.721 6.724 6.728 6.732 6.735 6.739 6.743 6.748 6.752 6.756 6.761 6.765 6.771 6.776 6.781 6.786 6.791 6.797 6.802 6.808 6.814 6.821 6.827 6.834 6.841 6.847 6.855 6.862 6.869 6.876 6.884 6.892 6.899 6.907 6.914 6.922 6.930 6.938 6.945 6.952 6.960 6.967 6.973 6.980 6.987 6.993 6.999 7.005 7.010 7.016 7.021 7.025 7.030 7.034 7.038 7.042 7.045 7.048 7.051 7.054 7.057 7.059 7.061 7.062 7.064 7.066
6.698 6.700 6.701 6.703 6.705 6.707 6.709 6.712 6.714 6.717 6.720 6.724 6.727 6.730 6.734 6.738 6.742 6.746 6.750 6.754 6.758 6.762 6.767 6.772 6.777 6.782 6.787 6.792 6.798 6.803 6.809 6.815 6.821 6.828 6.834 6.841 6.848 6.855 6.862 6.869 6.877 6.884 6.892 6.899 6.907 6.915 6.922 6.930 6.938 6.945 6.952 6.960 6.967 6.973 6.980 6.987 6.993 6.999 7.005 7.010 7.016 7.021 7.025 7.030 7.034 7.038 7.042 7.045 7.048 7.052 7.054 7.057 7.059 7.061 7.063 7.064 7.066
6.703 6.704 6.706 6.707 6.709 6.711 6.713 6.715 6.718 6.720 6.723 6.726 6.730 6.733 6.737 6.740 6.744 6.748 6.752 6.756 6.760 6.764 6.769 6.774 6.779 6.783 6.788 6.794 6.799 6.804 6.810 6.816 6.822 6.828 6.835 6.841 6.848 6.855 6.862 6.870 6.877 6.884 6.892 6.899 6.907 6.915 6.922 6.930 6.938 6.945 6.952 6.959 6.966 6.973 6.980 6.986 6.993 6.999 7.005 7.010 7.016 7.021 7.025 7.030 7.034 7.038 7.042 7.045 7.049 7.052 7.055 7.057 7.059 7.061 7.063 7.065 7.066
6.708 6.709 6.710 6.711 6.713 6.714 6.716 6.718 6.721 6.723 6.726 6.729 6.732 6.736 6.739 6.742 6.746 6.750 6.754 6.758 6.762 6.766 6.770 6.775 6.780 6.785 6.790 6.795 6.800 6.805 6.811 6.817 6.823 6.829 6.835 6.842 6.849 6.856 6.863 6.870 6.877 6.884 6.892 6.899 6.907 6.914 6.922 6.930 6.938 6.945 6.952 6.959 6.966 6.973 6.980 6.986 6.993 6.999 7.005 7.010 7.016 7.021 7.025 7.030 7.034 7.038 7.042 7.045 7.049 7.052 7.055 7.057 7.060 7.061 7.063 7.065 7.066
