TsunamiDB/out54154.asc
ncols          264
nrows          230
xllcorner      497853.4375
yllcorner      4229146.0000
cellsize         5.
NODATA_value   -99
[rows 136 to 169 of 230, columns 0 to 76 of 264]
6.280 6.286 6.291 6.295 6.300 6.304 6.308 6.312 6.316 6.319 6.323 6.327 6.331 6.335 6.340 6.345 6.351 6.357 6.363 6.369 6.376 6.383 6.389 6.396 6.403 6.410 6.417 6.424 6.431 6.439 6.447 6.455 6.462 6.469 6.476 6.483 6.490 6.498 6.505 6.513 6.521 6.529 6.537 6.546 6.554 6.562 6.570 6.578 6.586 6.594 6.602 6.609 6.617 6.625 6.632 6.639 6.644 6.650 6.655 6.660 6.665 6.670 6.674 6.679 6.683 6.687 6.691 6.695 6.698 6.702 6.705 6.709 6.713 6.716 6.720 6.724 6.729
6.295 6.301 6.307 6.312 6.316 6.321 6.325 6.329 6.333 6.336 6.339 6.342 6.345 6.349 6.353 6.358 6.363 6.369 6.374 6.380 6.386 6.393 6.399 6.406 6.413 6.419 6.426 6.433 6.440 6.448 6.456 6.463 6.470 6.476 6.483 6.490 6.497 6.505 6.512 6.520 6.528 6.536 6.544 6.552 6.560 6.568 6.576 6.584 6.592 6.600 6.608 6.616 6.624 6.632 6.640 6.646 6.652 6.658 6.664 6.669 6.674 6.679 6.683 6.688 6.692 6.696 6.700 6.704 6.708 6.711 6.715 6.719 6.722 6.726 6.729 6.733 6.738
6.309 6.316 6.322 6.328 6.333 6.337 6.342 6.346 6.349 6.352 6.355 6.357 6.360 6.364 6.367 6.372 6.376 6.381 6.386 6.392 6.397 6.403 6.410 6.416 6.422 6.429 6.436 6.442 6.449 6.457 6.464 6.472 6.478 6.485 6.491 6.498 6.505 6.512 6.519 6.527 6.534 6.542 6.550 6.558 6.566 6.574 6.582 6.590 6.599 6.607 6.615 6.623 6.631 6.639 6.647 6.653 6.660 6.666 6.671 6.677 6.682 6.687 6.692 6.697 6.701 6.705 6.709 6.713 6.717 6.721 6.725 6.728 6.732 6.735 6.739 6.743 6.747
6.321 6.329 6.336 6.342 6.348 6.353 6.358 6.362 6.366 6.369 6.371 6.374 6.376 6.379 6.382 6.386 6.390 6.394 6.399 6.404 6.409 6.414 6.420 6.426 6.432 6.439 6.445 6.452 6.459 6.466 6.473 6.480 6.487 6.493 6.499 6.506 6.512 6.519 6.526 6.534 6.541 6.549 6.556 6.564 6.572 6.580 6.588 6.596 6.605 6.613 6.621 6.629 6.637 6.645 6.653 6.660 6.667 6.673 6.679 6.685 6.690 6.695 6.700 6.705 6.710 6.714 6.719 6.723 6.727 6.730 6.734 6.738 6.741 6.745 6.748 6.752 6.756
6.332 6.341 6.349 6.356 6.362 6.368 6.373 6.378 6.382 6.385 6.388 6.390 6.392 6.395 6.397 6.400 6.404 6.407 6.412 6.416 6.421 6.426 6.431 6.437 6.443 6.449 6.455 6.462 6.468 6.475 6.482 6.489 6.495 6.501 6.508 6.514 6.520 6.527 6.534 6.541 6.548 6.555 6.563 6.571 6.578 6.586 6.594 6.602 6.611 6.619 6.627 6.635 6.643 6.652 6.660 6.667 6.673 6.680 6.686 6.692 6.698 6.703 6.708 6.713 6.718 6.723 6.727 6.732 6.736 6.740 6.743 6.747 6.751 6.754 6.758 6.762 6.766
6.342 6.351 6.360 6.368 6.375 6.381 6.388 6.393 6.398 6.401 6.404 6.406 6.409 6.411 6.413 6.416 6.419 6.422 6.425 6.429 6.433 6.438 6.443 6.448 6.454 6.459 6.465 6.471 6.478 6.485 6.491 6.498 6.504 6.510 6.516 6.522 6.528 6.535 6.541 6.548 6.555 6.562 6.570 6.577 6.585 6.593 6.600 6.608 6.616 6.625 6.633 6.641 6.649 6.658 6.666 6.673 6.680 6.686 6.693 6.699 6.705 6.711 6.716 6.721 6.726 6.731 6.736 6.740 6.745 6.749 6.753 6.756 6.760 6.764 6.767 6.771 6.775
6.350 6.360 6.370 6.378 6.386 6.394 6.401 6.407 6.412 6.416 6.419 6.422 6.425 6.427 6.429 6.431 6.434 6.437 6.440 6.443 6.446 6.450 6.455 6.460 6.465 6.470 6.476 6.482 6.488 6.494 6.501 6.507 6.513 6.519 6.525 6.531 6.537 6.543 6.549 6.556 6.562 6.569 6.577 6.584 6.591 6.599 6.607 6.614 6.622 6.630 6.639 6.647 6.655 6.664 6.672 6.679 6.686 6.693 6.699 6.706 6.712 6.718 6.724 6.729 6.734 6.739 6.744 6.749 6.753 6.758 6.762 6.765 6.769 6.773 6.777 6.780 6.784
6.357 6.368 6.378 6.388 6.397 6.405 6.413 6.420 6.426 6.430 6.434 6.437 6.440 6.443 6.445 6.447 6.450 6.452 6.454 6.457 6.460 6.464 6.467 6.472 6.476 6.481 6.486 6.492 6.498 6.504 6.510 6.517 6.522 6.528 6.533 6.539 6.545 6.551 6.557 6.564 6.570 6.577 6.584 6.591 6.598 6.605 6.613 6.621 6.628 6.636 6.644 6.653 6.661 6.669 6.677 6.685 6.692 6.699 6.706 6.712 6.719 6.725 6.731 6.737 6.742 6.747 6.752 6.757 6.762 6.766 6.771 6.775 6.778 6.782 6.786 6.790 6.794
6.362 6.374 6.385 6.396 6.406 6.415 6.423 6.431 6.438 6.443 6.448 6.452 6.455 6.458 6.461 6.463 6.465 6.467 6.470 6.472 6.475 6.477 6.481 6.484 6.488 6.493 6.497 6.503 6.508 6.514 6.520 6.526 6.531 6.537 6.542 6.548 6.554 6.559 6.565 6.572 6.578 6.584 6.591 6.598 6.605 6.612 6.619 6.627 6.635 6.642 6.650 6.658 6.667 6.675 6.683 6.691 6.698 6.705 6.712 6.719 6.725 6.732 6.738 6.744 6.749 6.755 6.760 6.765 6.770 6.775 6.779 6.783 6.787 6.791 6.795 6.799 6.803
6.365 6.379 6.391 6.402 6.413 6.423 6.433 6.442 6.449 6.455 6.461 6.465 6.469 6.473 6.476 6.478 6.481 6.483 6.485 6.487 6.489 6.492 6.495 6.498 6.501 6.505 6.509 6.514 6.519 6.524 6.530 6.536 6.541 6.546 6.551 6.557 6.562 6.568 6.574 6.580 6.586 6.592 6.599 6.605 6.612 6.619 6.626 6.633 6.641 6.648 6.656 6.664 6.672 6.681 6.689 6.696 6.704 6.711 6.718 6.725 6.731 6.738 6.744 6.751 6.757 6.762 6.768 6.773 6.778 6.783 6.788 6.792 6.796 6.800 6.804 6.808 6.812
6.367 6.381 6.394 6.407 6.419 6.430 6.441 6.451 6.459 6.466 6.472 6.478 6.482 6.487 6.490 6.493 6.496 6.498 6.501 6.503 6.505 6.507 6.509 6.511 6.514 6.517 6.521 6.525 6.530 6.535 6.540 6.546 6.551 6.556 6.561 6.566 6.571 6.577 6.582 6.588 6.594 6.600 6.606 6.613 6.619 6.626 6.633 6.640 6.647 6.655 6.662 6.670 6.678 6.687 6.695 6.702 6.709 6.717 6.724 6.731 6.738 6.744 6.751 6.757 6.763 6.769 6.775 6.781 6.786 6.791 6.796 6.801 6.805 6.809 6.813 6.817 6.822
6.365 6.381 6.396 6.410 6.423 6.435 6.447 6.458 6.467 6.475 6.482 6.489 6.494 6.499 6.504 6.507 6.511 6.513 6.516 6.518 6.520 6.522 6.524 6.526 6.528 6.531 6.534 6.537 6.541 6.546 6.551 6.556 6.560 6.565 6.570 6.575 6.580 6.585 6.591 6.596 6.602 6.608 6.614 6.620 6.627 6.633 6.640 6.647 6.654 6.661 6.669 6.676 6.684 6.692 6.700 6.708 6.715 6.722 6.729 6.736 6.743 6.750 6.757 6.764 6.770 6.776 6.782 6.788 6.794 6.799 6.804 6.809 6.814 6.818 6.822 6.826 6.831
6.361 6.378 6.395 6.410 6.425 6.439 6.452 6.464 6.474 6.483 6.491 6.498 6.505 6.511 6.516 6.521 6.524 6.528 6.530 6.533 6.535 6.537 6.538 6.540 6.542 6.544 6.547 6.550 6.553 6.557 6.562 6.567 6.571 6.575 6.580 6.584 6.589 6.594 6.600 6.605 6.611 6.616 6.622 6.628 6.634 6.641 6.647 6.654 6.661 6.668 6.675 6.682 6.690 6.698 6.706 6.713 6.721 6.728 6.735 6.742 6.749 6.756 6.763 6.770 6.776 6.783 6.789 6.795 6.801 6.807 6.812 6.817 6.822 6.827 6.831 6.835 6.840
6.353 6.372 6.391 6.408 6.424 6.439 6.454 6.467 6.479 6.489 6.498 6.507 6.514 6.521 6.527 6.533 6.537 6.541 6.545 6.547 6.550 6.552 6.553 6.555 6.557 6.559 6.561 6.563 6.566 6.570 6.574 6.578 6.581 6.585 6.589 6.594 6.598 6.603 6.608 6.614 6.619 6.625 6.630 6.636 6.642 6.648 6.655 6.661 6.668 6.674 6.681 6.689 6.696 6.704 6.712 6.719 6.726 6.733 6.740 6.748 6.755 6.762 6.769 6.776 6.782 6.789 6.796 6.802 6.808 6.814 6.819 6.825 6.830 6.835 6.840 6.844 6.849
6.342 6.363 6.383 6.402 6.420 6.437 6.454 6.468 6.481 6.493 6.503 6.513 6.522 6.530 6.537 6.543 6.549 6.554 6.558 6.561 6.564 6.566 6.568 6.570 6.572 6.573 6.575 6.577 6.579 6.582 6.586 6.589 6.592 6.596 6.599 6.603 6.608 6.612 6.617 6.622 6.628 6.633 6.639 6.644 6.650 6.656 6.662 6.668 6.675 6.681 6.688 6.695 6.703 6.710 6.718 6.725 6.732 6.739 6.746 6.753 6.760 6.767 6.774 6.781 6.788 6.795 6.802 6.808 6.815 6.821 6.827 6.832 6.838 6.843 6.848 6.853 6.857
6.327 6.350 6.372 6.393 6.413 6.432 6.450 6.466 6.481 6.494 6.506 6.517 6.527 6.537 6.545 6.552 6.559 6.565 6.570 6.574 6.577 6.580 6.583 6.585 6.586 6.588 6.589 6.591 6.593 6.595 6.598 6.601 6.604 6.607 6.610 6.614 6.618 6.622 6.626 6.631 6.636 6.642 6.647 6.652 6.658 6.664 6.670 6.676 6.682 6.688 6.695 6.702 6.709 6.717 6.724 6.731 6.738 6.745 6.752 6.759 6.766 6.773 6.780 6.787 6.794 6.801 6.808 6.815 6.821 6.827 6.834 6.839 6.845 6.851 6.856 6.861 6.866
6.310 6.333 6.357 6.380 6.401 6.422 6.442 6.461 6.477 6.492 6.506 6.519 6.531 6.541 6.551 6.560 6.568 6.574 6.580 6.586 6.590 6.593 6.596 6.599 6.601 6.602 6.604 6.605 6.607 6.609 6.612 6.614 6.616 6.618 6.621 6.624 6.628 6.631 6.636 6.640 6.645 6.650 6.655 6.661 6.666 6.672 6.677 6.683 6.689 6.695 6.702 6.709 6.716 6.723 6.730 6.737 6.743 6.750 6.757 6.764 6.771 6.778 6.785 6.792 6.800 6.807 6.814 6.821 6.827 6.834 6.840 6.846 6.852 6.858 6.863 6.869 6.874
6.291 6.315 6.339 6.363 6.386 6.409 6.431 6.451 6.470 6.487 6.503 6.517 6.531 6.543 6.555 6.565 6.574 6.582 6.589 6.596 6.601 6.605 6.609 6.612 6.615 6.616 6.618 6.620 6.621 6.623 6.625 6.627 6.628 6.630 6.632 6.635 6.638 6.641 6.645 6.650 6.654 6.659 6.664 6.669 6.674 6.680 6.685 6.691 6.697 6.703 6.709 6.715 6.722 6.730 6.736 6.743 6.749 6.756 6.763 6.769 6.776 6.783 6.791 6.798 6.805 6.812 6.819 6.826 6.833 6.840 6.846 6.853 6.859 6.865 6.871 6.876 6.882
6.272 6.296 6.320 6.344 6.368 6.392 6.416 6.438 6.458 6.477 6.495 6.512 6.528 6.542 6.555 6.567 6.578 6.588 6.596 6.604 6.610 6.616 6.621 6.624 6.628 6.630 6.632 6.634 6.635 6.637 6.639 6.640 6.641 6.642 6.644 6.646 6.649 6.652 6.655 6.659 6.663 6.668 6.673 6.677 6.683 6.688 6.693 6.699 6.704 6.710 6.716 6.722 6.729 6.736 6.743 6.749 6.755 6.762 6.768 6.775 6.782 6.789 6.796 6.803 6.810 6.817 6.824 6.832 6.839 6.846 6.852 6.859 6.865 6.872 6.878 6.884 6.890
6.254 6.277 6.300 6.324 6.349 6.373 6.397 6.421 6.443 6.464 6.484 6.503 6.520 6.537 6.552 6.566 6.579 6.590 6.600 6.610 6.618 6.625 6.630 6.635 6.639 6.643 6.645 6.647 6.649 6.651 6.653 6.653 6.654 6.655 6.656 6.658 6.660 6.662 6.665 6.669 6.673 6.677 6.681 6.686 6.691 6.696 6.701 6.706 6.712 6.718 6.723 6.730 6.736 6.743 6.749 6.755 6.761 6.768 6.774 6.781 6.787 6.794 6.801 6.808 6.815 6.822 6.830 6.837 6.844 6.851 6.858 6.865 6.872 6.878 6.884 6.891 6.897
6.239 6.260 6.282 6.305 6.329 6.353 6.377 6.401 6.424 6.446 6.468 6.489 6.509 6.527 6.545 6.561 6.576 6.589 6.602 6.612 6.622 6.631 6.638 6.644 6.650 6.654 6.657 6.660 6.663 6.665 6.666 6.667 6.668 6.668 6.669 6.670 6.672 6.674 6.676 6.679 6.682 6.686 6.690 6.695 6.699 6.704 6.709 6.714 6.720 6.725 6.731 6.737 6.744 6.750 6.756 6.762 6.768 6.774 6.780 6.786 6.793 6.799 6.806 6.813 6.820 6.827 6.835 6.842 6.849 6.856 6.863 6.870 6.877 6.884 6.891 6.897 6.904
6.226 6.246 6.266 6.288 6.310 6.333 6.357 6.380 6.404 6.427 6.449 6.471 6.493 6.513 6.533 6.551 6.568 6.584 6.599 6.612 6.623 6.634 6.643 6.651 6.658 6.663 6.668 6.672 6.675 6.678 6.679 6.680 6.681 6.681 6.682 6.682 6.684 6.685 6.687 6.690 6.692 6.696 6.700 6.704 6.708 6.713 6.717 6.722 6.728 6.733 6.738 6.744 6.751 6.757 6.762 6.768 6.774 6.780 6.786 6.792 6.798 6.805 6.811 6.818 6.825 6.832 6.840 6.847 6.854 6.861 6.869 6.876 6.883 6.890 6.897 6.904 6.910
6.216 6.234 6.253 6.273 6.294 6.315 6.338 6.360 6.383 6.406 6.428 6.451 6.474 6.496 6.517 6.537 6.557 6.575 6.591 6.607 6.621 6.633 6.644 6.654 6.663 6.670 6.676 6.681 6.685 6.689 6.692 6.693 6.694 6.694 6.695 6.695 6.696 6.697 6.698 6.700 6.703 6.706 6.709 6.713 6.717 6.721 6.726 6.730 6.735 6.741 6.746 6.752 6.758 6.764 6.769 6.775 6.780 6.786 6.792 6.798 6.804 6.810 6.817 6.823 6.830 6.837 6.844 6.852 6.859 6.866 6.873 6.881 6.888 6.895 6.902 6.909 6.916
6.209 6.226 6.243 6.261 6.280 6.300 6.321 6.342 6.363 6.385 6.407 6.430 6.453 6.475 6.498 6.519 6.540 6.561 6.580 6.597 6.614 6.628 6.642 6.654 6.664 6.674 6.682 6.688 6.694 6.699 6.702 6.704 6.706 6.706 6.707 6.707 6.708 6.709 6.710 6.711 6.713 6.716 6.719 6.722 6.726 6.730 6.734 6.739 6.743 6.748 6.754 6.759 6.765 6.771 6.776 6.781 6.787 6.792 6.798 6.804 6.810 6.816 6.822 6.829 6.835 6.842 6.849 6.856 6.864 6.871 6.878 6.885 6.893 6.900 6.907 6.915 6.922
6.204 6.220 6.236 6.252 6.270 6.288 6.307 6.327 6.347 6.367 6.388 6.409 6.431 6.454 6.476 6.499 6.521 6.543 6.563 6.583 6.602 6.619 6.635 6.649 6.662 6.673 6.683 6.692 6.699 6.706 6.711 6.714 6.716 6.718 6.719 6.719 6.720 6.720 6.721 6.722 6.724 6.726 6.728 6.731 6.735 6.738 6.742 6.747 6.751 6.756 6.761 6.767 6.772 6.778 6.783 6.788 6.793 6.799 6.804 6.810 6.815 6.821 6.828 6.834 6.840 6.847 6.854 6.861 6.868 6.875 6.883 6.890 6.897 6.905 6.912 6.920 6.927
6.201 6.216 6.231 6.246 6.262 6.279 6.297 6.315 6.333 6.351 6.371 6.391 6.412 6.433 6.455 6.477 6.500 6.522 6.544 6.565 6.585 6.605 6.623 6.640 6.655 6.669 6.681 6.692 6.701 6.710 6.716 6.721 6.725 6.727 6.729 6.730 6.731 6.732 6.732 6.733 6.735 6.736 6.738 6.741 6.744 6.747 6.751 6.755 6.759 6.764 6.769 6.774 6.780 6.785 6.790 6.795 6.800 6.805 6.810 6.816 6.821 6.827 6.833 6.839 6.846 6.852 6.859 6.866 6.873 6.880 6.887 6.895 6.902 6.909 6.917 6.925 6.932
6.200 6.214 6.228 6.242 6.257 6.273 6.289 6.306 6.322 6.339 6.357 6.375 6.394 6.415 6.435 6.457 6.478 6.500 6.522 6.544 6.566 6.587 6.607 6.625 6.643 6.659 6.674 6.687 6.699 6.710 6.719 6.725 6.730 6.734 6.737 6.739 6.741 6.742 6.743 6.744 6.745 6.746 6.748 6.750 6.753 6.756 6.759 6.763 6.767 6.772 6.776 6.781 6.787 6.792 6.797 6.802 6.807 6.812 6.817 6.822 6.827 6.833 6.839 6.845 6.851 6.857 6.864 6.870 6.877 6.884 6.892 6.899 6.906 6.914 6.921 6.929 6.937
6.200 6.213 6.227 6.240 6.254 6.269 6.284 6.299 6.314 6.330 6.346 6.363 6.381 6.399 6.418 6.438 6.459 6.480 6.501 6.523 6.544 6.566 6.587 6.607 6.627 6.645 6.662 6.678 6.692 6.705 6.717 6.725 6.733 6.738 6.743 6.746 6.749 6.751 6.752 6.753 6.755 6.756 6.758 6.759 6.762 6.764 6.768 6.771 6.775 6.779 6.784 6.788 6.794 6.799 6.804 6.808 6.813 6.818 6.823 6.828 6.833 6.838 6.844 6.850 6.856 6.862 6.868 6.875 6.882 6.889 6.896 6.903 6.910 6.918 6.925 6.933 6.941
6.201 6.214 6.227 6.240 6.253 6.267 6.281 6.296 6.309 6.324 6.338 6.354 6.370 6.387 6.404 6.422 6.441 6.461 6.481 6.502 6.523 6.544 6.566 6.587 6.607 6.627 6.646 6.664 6.681 6.696 6.710 6.721 6.731 6.738 6.745 6.750 6.754 6.757 6.760 6.761 6.763 6.765 6.766 6.768 6.770 6.773 6.776 6.779 6.782 6.786 6.791 6.795 6.800 6.805 6.810 6.815 6.819 6.824 6.829 6.834 6.839 6.844 6.849 6.855 6.861 6.867 6.873 6.880 6.886 6.893 6.900 6.907 6.914 6.922 6.929 6.937 6.945
6.203 6.215 6.227 6.240 6.253 6.267 6.280 6.294 6.306 6.320 6.333 6.348 6.362 6.378 6.394 6.410 6.428 6.446 6.464 6.484 6.504 6.524 6.545 6.565 6.586 6.607 6.627 6.646 6.665 6.682 6.698 6.712 6.724 6.734 6.743 6.750 6.756 6.761 6.765 6.768 6.770 6.772 6.774 6.776 6.778 6.780 6.783 6.786 6.790 6.793 6.797 6.802 6.807 6.812 6.816 6.821 6.825 6.830 6.835 6.840 6.844 6.850 6.855 6.860 6.866 6.872 6.878 6.884 6.890 6.897 6.904 6.911 6.918 6.925 6.933 6.941 6.948
6.205 6.217 6.229 6.242 6.254 6.267 6.281 6.293 6.305 6.318 6.330 6.344 6.357 6.372 6.386 6.402 6.417 6.434 6.451 6.469 6.487 6.506 6.525 6.545 6.565 6.586 6.606 6.626 6.646 6.665 6.682 6.698 6.712 6.725 6.736 6.746 6.754 6.761 6.766 6.771 6.774 6.777 6.780 6.782 6.785 6.787 6.790 6.793 6.796 6.800 6.804 6.808 6.813 6.818 6.822 6.827 6.831 6.836 6.840 6.845 6.850 6.855 6.860 6.865 6.871 6.876 6.882 6.888 6.895 6.901 6.908 6.915 6.922 6.929 6.936 6.944 6.952
6.207 6.219 6.231 6.244 6.256 6.269 6.282 6.293 6.305 6.317 6.329 6.342 6.355 6.368 6.382 6.396 6.410 6.425 6.441 6.457 6.474 6.491 6.509 6.528 6.547 6.566 6.586 6.606 6.625 6.645 6.664 6.681 6.697 6.712 6.725 6.737 6.747 6.756 6.764 6.770 6.775 6.780 6.784 6.787 6.790 6.793 6.796 6.799 6.802 6.805 6.809 6.814 6.819 6.823 6.828 6.832 6.836 6.841 6.845 6.850 6.855 6.860 6.865 6.870 6.875 6.881 6.887 6.893 6.899 6.905 6.912 6.918 6.925 6.932 6.939 6.947 6.955
6.210 6.222 6.234 6.246 6.258 6.271 6.283 6.295 6.306 6.318 6.329 6.341 6.354 6.366 6.379 6.392 6.406 6.420 6.434 6.449 6.464 6.480 6.496 6.513 6.531 6.549 6.568 6.587 6.606 6.625 6.644 6.662 6.679 6.695 6.710 6.724 6.736 6.748 6.757 6.766 6.773 6.779 6.784 6.789 6.793 6.796 6.799 6.803 6.806 6.810 6.814 6.818 6.823 6.828 6.832 6.837 6.841 6.845 6.850 6.855 6.859 6.864 6.869 6.874 6.880 6.885 6.891 6.897 6.903 6.909 6.915 6.922 6.928 6.935 6.942 6.950 6.958
6.213 6.225 6.237 6.249 6.261 6.274 6.285 6.297 6.308 6.319 6.331 6.342 6.354 6.366 6.378 6.390 6.403 6.416 6.430 6.443 6.457 6.472 6.487 6.503 6.519 6.535 6.552 6.570 6.588 6.607 6.625 6.643 6.660 6.677 6.693 6.708 6.722 6.735 6.747 6.757 6.766 6.774 6.781 6.787 6.792 6.797 6.801 6.805 6.809 6.813 6.817 6.822 6.827 6.832 6.836 6.840 6.845 6.849 6.854 6.859 6.863 6.868 6.873 6.878 6.884 6.889 6.895 6.900 6.906 6.912 6.918 6.925 6.931 6.938 6.945 6.953 6.960
