TsunamiDB/out54189.asc
ncols          264
nrows          230
xllcorner      497853.4375
yllcorner      4229146.0000
cellsize         5.
NODATA_value   -99
[rows 34 to 67 of 230, columns 154 to 230 of 264]
6.647 6.650 6.652 6.654 6.657 6.659 6.662 6.665 6.668 6.671 6.674 6.677 6.680 6.684 6.687 6.691 6.695 6.698 6.702 6.706 6.711 6.715 6.719 6.723 6.727 6.732 6.736 6.740 6.744 6.748 6.751 6.755 6.759 6.763 6.767 6.770 6.774 6.778 6.782 6.785 6.789 6.793 6.796 6.800 6.804 6.808 6.812 6.816 6.819 6.823 6.827 6.831 6.835 6.838 6.842 6.846 6.849 6.852 6.855 6.858 6.861 6.863 6.865 6.866 6.868 6.869 6.869 6.870 6.869 6.868 6.867 6.865 6.862 6.859 6.856 6.852 6.848
6.661 6.664 6.666 6.668 6.670 6.673 6.675 6.678 6.680 6.683 6.686 6.689 6.692 6.695 6.698 6.702 6.705 6.709 6.712 6.716 6.720 6.725 6.728 6.732 6.736 6.740 6.744 6.748 6.751 6.755 6.759 6.763 6.766 6.770 6.774 6.777 6.781 6.784 6.788 6.791 6.795 6.798 6.802 6.806 6.809 6.813 6.817 6.820 6.824 6.827 6.831 6.835 6.838 6.842 6.846 6.849 6.852 6.856 6.859 6.861 6.864 6.866 6.868 6.870 6.871 6.872 6.872 6.873 6.872 6.871 6.870 6.867 6.864 6.861 6.858 6.853 6.849
6.676 6.678 6.680 6.682 6.685 6.687 6.689 6.692 6.694 6.697 6.699 6.702 6.705 6.708 6.711 6.714 6.717 6.721 6.724 6.728 6.731 6.735 6.739 6.743 6.746 6.750 6.753 6.757 6.761 6.764 6.768 6.771 6.775 6.778 6.782 6.785 6.788 6.792 6.795 6.798 6.802 6.805 6.808 6.812 6.816 6.819 6.822 6.826 6.829 6.833 6.836 6.840 6.843 6.847 6.850 6.853 6.857 6.860 6.863 6.865 6.868 6.870 6.872 6.873 6.874 6.875 6.876 6.876 6.876 6.875 6.873 6.870 6.867 6.864 6.860 6.855 6.851
6.690 6.693 6.695 6.697 6.699 6.702 6.704 6.706 6.709 6.711 6.714 6.716 6.719 6.722 6.725 6.728 6.731 6.734 6.737 6.740 6.744 6.748 6.751 6.754 6.758 6.761 6.765 6.768 6.771 6.775 6.778 6.782 6.785 6.788 6.791 6.795 6.798 6.801 6.804 6.807 6.810 6.813 6.816 6.820 6.823 6.826 6.829 6.833 6.836 6.839 6.842 6.846 6.849 6.852 6.856 6.859 6.862 6.865 6.867 6.870 6.872 6.874 6.876 6.878 6.879 6.880 6.880 6.880 6.880 6.879 6.877 6.874 6.870 6.867 6.862 6.858 6.853
6.705 6.707 6.709 6.712 6.714 6.716 6.719 6.721 6.724 6.726 6.729 6.731 6.734 6.736 6.739 6.742 6.745 6.748 6.751 6.754 6.758 6.761 6.764 6.768 6.771 6.774 6.777 6.781 6.784 6.787 6.790 6.793 6.797 6.800 6.803 6.806 6.809 6.811 6.814 6.817 6.820 6.823 6.826 6.829 6.832 6.835 6.838 6.841 6.844 6.847 6.850 6.853 6.856 6.859 6.862 6.865 6.868 6.871 6.874 6.876 6.878 6.880 6.882 6.883 6.884 6.885 6.886 6.885 6.885 6.883 6.881 6.878 6.874 6.870 6.866 6.861 6.855
6.719 6.721 6.724 6.726 6.729 6.731 6.733 6.736 6.738 6.741 6.744 6.746 6.749 6.751 6.754 6.757 6.760 6.763 6.766 6.769 6.772 6.776 6.779 6.782 6.785 6.788 6.791 6.794 6.798 6.801 6.804 6.807 6.810 6.813 6.816 6.818 6.821 6.824 6.827 6.829 6.832 6.835 6.837 6.840 6.843 6.846 6.848 6.851 6.854 6.857 6.859 6.862 6.865 6.868 6.871 6.873 6.876 6.878 6.881 6.883 6.885 6.887 6.888 6.890 6.891 6.891 6.892 6.891 6.891 6.889 6.887 6.884 6.879 6.875 6.870 6.865 6.859
6.733 6.735 6.737 6.740 6.743 6.745 6.748 6.750 6.753 6.756 6.758 6.761 6.764 6.766 6.769 6.772 6.775 6.778 6.781 6.784 6.787 6.791 6.794 6.797 6.800 6.803 6.806 6.809 6.812 6.816 6.819 6.821 6.824 6.827 6.830 6.833 6.835 6.838 6.841 6.843 6.845 6.848 6.850 6.853 6.856 6.858 6.861 6.863 6.865 6.868 6.870 6.873 6.876 6.878 6.881 6.883 6.885 6.888 6.890 6.892 6.894 6.895 6.897 6.898 6.899 6.899 6.899 6.899 6.898 6.896 6.894 6.890 6.886 6.881 6.875 6.870 6.863
6.745 6.748 6.750 6.753 6.756 6.758 6.761 6.764 6.767 6.769 6.772 6.775 6.778 6.781 6.784 6.787 6.790 6.793 6.796 6.799 6.803 6.806 6.809 6.812 6.816 6.819 6.822 6.825 6.828 6.831 6.834 6.837 6.840 6.843 6.846 6.848 6.851 6.853 6.856 6.858 6.861 6.863 6.865 6.868 6.871 6.873 6.875 6.877 6.879 6.881 6.884 6.886 6.888 6.890 6.893 6.895 6.897 6.899 6.901 6.903 6.904 6.906 6.907 6.908 6.908 6.909 6.909 6.908 6.907 6.905 6.902 6.898 6.893 6.888 6.882 6.876 6.869
6.757 6.760 6.762 6.765 6.768 6.771 6.774 6.777 6.780 6.782 6.785 6.789 6.792 6.795 6.798 6.801 6.804 6.807 6.811 6.814 6.818 6.821 6.824 6.828 6.831 6.834 6.837 6.841 6.844 6.847 6.850 6.853 6.856 6.859 6.862 6.865 6.867 6.870 6.872 6.875 6.877 6.879 6.882 6.884 6.887 6.889 6.891 6.893 6.895 6.897 6.899 6.901 6.903 6.905 6.907 6.909 6.911 6.912 6.914 6.916 6.917 6.918 6.919 6.920 6.920 6.920 6.920 6.919 6.918 6.916 6.913 6.908 6.903 6.897 6.891 6.884 6.876
6.768 6.771 6.774 6.776 6.779 6.782 6.785 6.788 6.791 6.794 6.798 6.801 6.804 6.807 6.811 6.814 6.817 6.821 6.824 6.828 6.832 6.835 6.839 6.842 6.846 6.849 6.853 6.856 6.859 6.863 6.866 6.869 6.872 6.875 6.878 6.881 6.884 6.887 6.889 6.892 6.894 6.897 6.899 6.902 6.904 6.906 6.908 6.910 6.912 6.914 6.915 6.917 6.919 6.921 6.923 6.925 6.926 6.928 6.929 6.931 6.932 6.933 6.934 6.934 6.934 6.934 6.934 6.932 6.931 6.929 6.925 6.920 6.914 6.908 6.901 6.893 6.885
6.778 6.781 6.784 6.787 6.790 6.793 6.796 6.799 6.802 6.805 6.809 6.812 6.815 6.819 6.822 6.826 6.829 6.833 6.836 6.840 6.844 6.848 6.852 6.856 6.859 6.863 6.867 6.870 6.874 6.877 6.881 6.884 6.888 6.891 6.894 6.897 6.900 6.903 6.906 6.909 6.911 6.914 6.917 6.919 6.922 6.924 6.926 6.928 6.930 6.931 6.933 6.935 6.937 6.939 6.940 6.942 6.944 6.945 6.946 6.948 6.949 6.949 6.950 6.950 6.950 6.950 6.949 6.948 6.946 6.944 6.940 6.935 6.928 6.921 6.913 6.905 6.896
6.788 6.791 6.793 6.796 6.799 6.803 6.806 6.809 6.812 6.815 6.819 6.822 6.825 6.829 6.833 6.836 6.840 6.844 6.847 6.852 6.856 6.860 6.864 6.868 6.872 6.875 6.879 6.883 6.887 6.891 6.895 6.898 6.902 6.906 6.909 6.913 6.916 6.919 6.922 6.925 6.928 6.931 6.934 6.937 6.939 6.941 6.943 6.946 6.948 6.950 6.952 6.953 6.955 6.957 6.959 6.961 6.962 6.964 6.965 6.966 6.967 6.968 6.968 6.968 6.968 6.968 6.967 6.966 6.964 6.961 6.957 6.951 6.944 6.936 6.928 6.918 6.909
6.796 6.799 6.802 6.805 6.808 6.811 6.815 6.818 6.821 6.824 6.828 6.831 6.835 6.838 6.842 6.846 6.849 6.853 6.857 6.862 6.866 6.870 6.874 6.878 6.882 6.886 6.891 6.895 6.899 6.903 6.907 6.911 6.915 6.919 6.923 6.926 6.930 6.933 6.937 6.940 6.943 6.946 6.949 6.953 6.955 6.958 6.960 6.963 6.965 6.967 6.969 6.972 6.974 6.976 6.977 6.979 6.981 6.982 6.984 6.985 6.986 6.987 6.987 6.988 6.988 6.987 6.986 6.985 6.983 6.980 6.976 6.969 6.961 6.953 6.943 6.933 6.923
6.805 6.808 6.811 6.814 6.817 6.820 6.823 6.826 6.829 6.832 6.836 6.839 6.843 6.846 6.850 6.854 6.858 6.862 6.866 6.870 6.875 6.879 6.883 6.887 6.892 6.896 6.900 6.905 6.909 6.913 6.917 6.922 6.926 6.930 6.934 6.938 6.942 6.946 6.949 6.953 6.956 6.960 6.964 6.967 6.970 6.973 6.976 6.978 6.981 6.984 6.986 6.988 6.991 6.993 6.995 6.997 6.999 7.001 7.002 7.004 7.005 7.006 7.007 7.007 7.007 7.007 7.006 7.005 7.003 7.000 6.995 6.988 6.979 6.971 6.961 6.950 6.939
6.812 6.815 6.818 6.821 6.824 6.827 6.830 6.834 6.837 6.840 6.843 6.847 6.850 6.854 6.857 6.861 6.865 6.869 6.873 6.878 6.882 6.886 6.891 6.895 6.899 6.904 6.908 6.913 6.917 6.922 6.926 6.931 6.935 6.940 6.944 6.948 6.952 6.956 6.960 6.964 6.968 6.972 6.976 6.979 6.983 6.986 6.989 6.992 6.995 6.998 7.001 7.004 7.006 7.009 7.011 7.014 7.016 7.018 7.020 7.022 7.023 7.024 7.025 7.026 7.026 7.026 7.026 7.024 7.022 7.020 7.015 7.008 6.998 6.989 6.979 6.967 6.956
6.819 6.822 6.825 6.828 6.832 6.835 6.838 6.841 6.844 6.847 6.850 6.853 6.857 6.860 6.864 6.868 6.871 6.875 6.879 6.884 6.888 6.893 6.897 6.902 6.906 6.911 6.915 6.920 6.924 6.929 6.934 6.938 6.943 6.947 6.952 6.956 6.961 6.965 6.969 6.973 6.977 6.981 6.986 6.990 6.993 6.997 7.000 7.004 7.007 7.010 7.013 7.016 7.019 7.022 7.025 7.028 7.030 7.033 7.035 7.037 7.039 7.041 7.042 7.043 7.043 7.044 7.043 7.042 7.041 7.038 7.033 7.026 7.017 7.007 6.996 6.985 6.974
6.826 6.829 6.832 6.835 6.838 6.841 6.844 6.847 6.850 6.853 6.856 6.860 6.863 6.866 6.870 6.873 6.877 6.881 6.885 6.890 6.894 6.898 6.903 6.907 6.912 6.916 6.921 6.925 6.930 6.935 6.940 6.944 6.949 6.954 6.958 6.963 6.967 6.972 6.976 6.981 6.985 6.989 6.994 6.998 7.002 7.006 7.009 7.013 7.017 7.020 7.024 7.027 7.030 7.033 7.037 7.040 7.043 7.045 7.048 7.050 7.053 7.054 7.056 7.057 7.058 7.059 7.059 7.058 7.057 7.054 7.050 7.043 7.033 7.024 7.013 7.001 6.990
6.832 6.835 6.838 6.841 6.844 6.847 6.850 6.853 6.856 6.859 6.862 6.865 6.869 6.872 6.875 6.879 6.882 6.886 6.890 6.894 6.899 6.903 6.907 6.912 6.916 6.921 6.925 6.930 6.935 6.940 6.944 6.949 6.954 6.959 6.964 6.968 6.973 6.977 6.982 6.986 6.991 6.995 7.000 7.004 7.009 7.013 7.016 7.020 7.024 7.028 7.032 7.035 7.039 7.042 7.046 7.049 7.052 7.055 7.058 7.061 7.064 7.066 7.068 7.069 7.070 7.072 7.072 7.072 7.071 7.068 7.064 7.057 7.048 7.038 7.028 7.016 7.005
6.838 6.841 6.844 6.847 6.850 6.853 6.856 6.859 6.862 6.865 6.868 6.871 6.874 6.877 6.880 6.884 6.887 6.891 6.895 6.899 6.903 6.907 6.911 6.916 6.920 6.925 6.929 6.934 6.939 6.944 6.948 6.953 6.958 6.963 6.968 6.972 6.977 6.982 6.986 6.991 6.996 7.000 7.005 7.009 7.014 7.018 7.022 7.026 7.030 7.034 7.038 7.042 7.045 7.049 7.053 7.056 7.060 7.063 7.066 7.069 7.072 7.074 7.077 7.079 7.080 7.081 7.082 7.082 7.081 7.080 7.076 7.069 7.059 7.050 7.040 7.028 7.018
6.843 6.847 6.850 6.853 6.856 6.858 6.861 6.864 6.867 6.870 6.873 6.876 6.879 6.882 6.885 6.888 6.891 6.895 6.899 6.903 6.907 6.911 6.915 6.919 6.923 6.928 6.933 6.937 6.942 6.947 6.951 6.956 6.961 6.966 6.971 6.976 6.980 6.985 6.990 6.995 6.999 7.004 7.009 7.013 7.018 7.022 7.026 7.030 7.035 7.039 7.043 7.046 7.050 7.054 7.058 7.062 7.065 7.069 7.072 7.075 7.078 7.081 7.083 7.086 7.087 7.089 7.090 7.090 7.090 7.088 7.084 7.078 7.069 7.060 7.050 7.039 7.029
6.848 6.851 6.854 6.857 6.860 6.863 6.866 6.869 6.872 6.875 6.877 6.880 6.883 6.886 6.889 6.892 6.895 6.899 6.902 6.906 6.910 6.914 6.918 6.922 6.926 6.931 6.935 6.940 6.944 6.949 6.954 6.959 6.964 6.969 6.973 6.978 6.983 6.988 6.993 6.997 7.002 7.007 7.012 7.016 7.021 7.025 7.030 7.034 7.038 7.042 7.046 7.050 7.054 7.058 7.062 7.066 7.069 7.073 7.076 7.080 7.083 7.086 7.088 7.091 7.093 7.095 7.096 7.096 7.096 7.095 7.091 7.085 7.076 7.067 7.058 7.047 7.038
6.853 6.856 6.859 6.862 6.865 6.868 6.870 6.873 6.876 6.879 6.882 6.884 6.887 6.890 6.893 6.896 6.899 6.902 6.905 6.909 6.913 6.917 6.921 6.925 6.929 6.933 6.937 6.942 6.946 6.951 6.956 6.961 6.966 6.970 6.975 6.980 6.985 6.990 6.995 6.999 7.004 7.009 7.014 7.019 7.023 7.028 7.032 7.036 7.040 7.045 7.049 7.053 7.057 7.061 7.065 7.068 7.072 7.076 7.079 7.083 7.086 7.089 7.092 7.095 7.097 7.099 7.100 7.101 7.101 7.100 7.096 7.090 7.081 7.073 7.064 7.053 7.045
6.857 6.860 6.863 6.866 6.869 6.872 6.874 6.877 6.880 6.883 6.885 6.888 6.891 6.893 6.896 6.899 6.902 6.905 6.908 6.912 6.916 6.919 6.923 6.927 6.931 6.935 6.939 6.944 6.948 6.953 6.957 6.962 6.967 6.972 6.977 6.982 6.987 6.991 6.996 7.001 7.006 7.011 7.016 7.021 7.025 7.029 7.034 7.038 7.042 7.046 7.051 7.055 7.059 7.063 7.067 7.070 7.074 7.078 7.082 7.085 7.088 7.092 7.095 7.097 7.100 7.102 7.103 7.104 7.104 7.104 7.100 7.094 7.085 7.077 7.068 7.058 7.050
6.860 6.863 6.866 6.869 6.872 6.875 6.878 6.881 6.883 6.886 6.889 6.891 6.894 6.897 6.899 6.902 6.905 6.908 6.911 6.914 6.918 6.921 6.925 6.928 6.932 6.936 6.941 6.945 6.949 6.954 6.958 6.963 6.968 6.973 6.978 6.983 6.988 6.992 6.997 7.002 7.007 7.012 7.017 7.022 7.026 7.031 7.035 7.039 7.044 7.048 7.052 7.056 7.060 7.064 7.068 7.072 7.076 7.079 7.083 7.087 7.090 7.093 7.096 7.099 7.102 7.104 7.106 7.107 7.107 7.107 7.103 7.097 7.089 7.081 7.072 7.063 7.055
6.863 6.866 6.869 6.872 6.875 6.878 6.881 6.883 6.886 6.889 6.891 6.894 6.897 6.899 6.902 6.904 6.907 6.910 6.913 6.916 6.920 6.923 6.926 6.930 6.934 6.938 6.942 6.946 6.950 6.955 6.959 6.964 6.969 6.973 6.978 6.983 6.988 6.993 6.998 7.003 7.008 7.013 7.018 7.023 7.027 7.032 7.036 7.040 7.045 7.049 7.053 7.057 7.061 7.065 7.069 7.073 7.077 7.080 7.084 7.088 7.091 7.094 7.098 7.101 7.103 7.106 7.108 7.109 7.109 7.109 7.106 7.100 7.092 7.084 7.076 7.067 7.060
6.865 6.868 6.871 6.874 6.877 6.880 6.883 6.886 6.888 6.891 6.894 6.896 6.899 6.901 6.904 6.907 6.909 6.912 6.915 6.918 6.921 6.924 6.928 6.931 6.935 6.938 6.942 6.946 6.951 6.955 6.959 6.964 6.969 6.974 6.978 6.983 6.988 6.993 6.998 7.003 7.008 7.013 7.018 7.023 7.027 7.032 7.036 7.041 7.045 7.049 7.053 7.057 7.061 7.065 7.069 7.073 7.077 7.081 7.085 7.088 7.092 7.095 7.098 7.101 7.104 7.107 7.109 7.110 7.111 7.111 7.108 7.102 7.094 7.087 7.079 7.071 7.066
6.867 6.870 6.873 6.876 6.879 6.882 6.885 6.888 6.890 6.893 6.896 6.898 6.901 6.903 6.906 6.908 6.911 6.913 6.916 6.919 6.922 6.925 6.928 6.932 6.935 6.939 6.943 6.947 6.951 6.955 6.959 6.964 6.969 6.973 6.978 6.983 6.988 6.993 6.998 7.003 7.008 7.013 7.018 7.023 7.027 7.032 7.036 7.041 7.045 7.049 7.053 7.058 7.062 7.066 7.069 7.073 7.077 7.081 7.085 7.088 7.092 7.095 7.099 7.102 7.105 7.108 7.110 7.111 7.112 7.112 7.110 7.104 7.096 7.090 7.083 7.075 7.071
6.868 6.871 6.874 6.877 6.880 6.883 6.886 6.889 6.892 6.894 6.897 6.899 6.902 6.904 6.907 6.909 6.912 6.914 6.917 6.920 6.923 6.926 6.929 6.932 6.935 6.939 6.942 6.946 6.950 6.954 6.959 6.963 6.968 6.973 6.977 6.982 6.987 6.992 6.997 7.002 7.007 7.012 7.017 7.022 7.027 7.031 7.036 7.040 7.045 7.049 7.053 7.057 7.061 7.065 7.069 7.073 7.077 7.081 7.084 7.088 7.092 7.095 7.099 7.102 7.105 7.108 7.110 7.112 7.113 7.114 7.112 7.106 7.099 7.092 7.086 7.079 7.076
6.869 6.872 6.875 6.878 6.881 6.884 6.887 6.890 6.892 6.895 6.898 6.900 6.903 6.905 6.907 6.910 6.912 6.915 6.917 6.920 6.923 6.926 6.929 6.932 6.935 6.939 6.942 6.946 6.950 6.954 6.958 6.962 6.967 6.971 6.976 6.981 6.986 6.991 6.996 7.001 7.006 7.011 7.016 7.021 7.026 7.031 7.035 7.040 7.044 7.048 7.053 7.057 7.061 7.065 7.069 7.073 7.076 7.080 7.084 7.088 7.091 7.095 7.098 7.102 7.105 7.108 7.110 7.112 7.114 7.115 7.113 7.108 7.100 7.095 7.089 7.083 7.080
6.869 6.872 6.875 6.878 6.881 6.884 6.887 6.890 6.893 6.895 6.898 6.900 6.903 6.905 6.908 6.910 6.912 6.915 6.917 6.920 6.923 6.926 6.929 6.931 6.935 6.938 6.941 6.945 6.949 6.953 6.957 6.961 6.965 6.970 6.975 6.979 6.984 6.989 6.994 6.999 7.004 7.010 7.015 7.020 7.024 7.029 7.034 7.038 7.043 7.047 7.052 7.056 7.060 7.064 7.068 7.072 7.076 7.079 7.083 7.087 7.090 7.094 7.098 7.101 7.104 7.108 7.110 7.112 7.114 7.115 7.114 7.109 7.102 7.096 7.091 7.086 7.084
6.869 6.872 6.875 6.878 6.881 6.884 6.887 6.890 6.892 6.895 6.898 6.900 6.903 6.905 6.907 6.910 6.912 6.914 6.917 6.920 6.923 6.925 6.928 6.931 6.934 6.937 6.940 6.943 6.947 6.951 6.955 6.959 6.964 6.968 6.973 6.977 6.982 6.987 6.992 6.997 7.002 7.008 7.013 7.018 7.023 7.027 7.032 7.037 7.041 7.046 7.050 7.054 7.059 7.063 7.067 7.071 7.074 7.078 7.082 7.086 7.089 7.093 7.097 7.100 7.104 7.107 7.110 7.112 7.115 7.116 7.115 7.110 7.103 7.098 7.093 7.088 7.087
6.868 6.871 6.874 6.878 6.881 6.883 6.886 6.889 6.892 6.894 6.897 6.899 6.902 6.904 6.907 6.909 6.911 6.914 6.916 6.919 6.922 6.924 6.927 6.929 6.932 6.935 6.938 6.942 6.945 6.949 6.953 6.957 6.961 6.966 6.970 6.975 6.980 6.985 6.990 6.995 7.000 7.005 7.011 7.016 7.020 7.025 7.030 7.035 7.039 7.044 7.048 7.053 7.057 7.061 7.065 7.069 7.073 7.077 7.081 7.084 7.088 7.092 7.095 7.099 7.103 7.106 7.109 7.112 7.115 7.116 7.115 7.111 7.104 7.099 7.095 7.089 7.089
6.867 6.870 6.873 6.877 6.879 6.882 6.885 6.888 6.891 6.893 6.896 6.898 6.901 6.903 6.905 6.908 6.910 6.912 6.915 6.918 6.920 6.923 6.925 6.928 6.931 6.933 6.936 6.940 6.943 6.947 6.951 6.955 6.959 6.963 6.968 6.972 6.977 6.982 6.987 6.992 6.997 7.003 7.008 7.013 7.018 7.023 7.028 7.032 7.037 7.042 7.046 7.051 7.055 7.059 7.063 7.067 7.071 7.075 7.079 7.083 7.087 7.090 7.094 7.098 7.102 7.105 7.108 7.111 7.114 7.116 7.116 7.111 7.104 7.099 7.095 7.090 7.090
6.866 6.869 6.872 6.875 6.878 6.881 6.884 6.887 6.889 6.892 6.894 6.897 6.899 6.902 6.904 6.906 6.909 6.911 6.914 6.916 6.918 6.921 6.923 6.926 6.928 6.931 6.934 6.937 6.941 6.944 6.948 6.952 6.956 6.960 6.965 6.969 6.974 6.979 6.984 6.989 6.994 6.999 7.005 7.010 7.015 7.020 7.025 7.030 7.035 7.039 7.044 7.048 7.053 7.057 7.061 7.065 7.070 7.073 7.077 7.081 7.085 7.089 7.093 7.096 7.100 7.104 7.107 7.111 7.114 7.116 7.115 7.111 7.104 7.100 7.096 7.092 7.092
