TsunamiDB/out54027.asc
ncols          264
nrows          230
xllcorner      497853.4375
yllcorner      4229146.0000
cellsize         5.
NODATA_value   -99
[rows 192 to 223 of 230, columns 71 to 141 of 264]
-99.000 -99.000 -99.000 -99.000 -99.000 -99.000 -99.000 -99.000 -99.000 -99.000 -99.000 -99.000 -99.000 -99.000 -99.000 -99.000 -99.000 -99.000 -99.000 -99.000 -99.000 -99.000 1.647 1.650 1.686 1.815 2.044 2.349 2.702 3.058 3.381 3.652 3.870 4.039 4.171 4.275 4.359 4.431 4.493 4.550 4.604 4.655 4.704 4.751 4.797 4.842 4.886 4.928 4.969 5.007 5.043 5.079 5.113 5.146 5.177 5.208 5.239 5.271 5.304 5.338 5.375 5.414 5.456 5.500 5.545 5.591 5.637 5.682 5.725 5.766 5.803
-99.000 -99.000 -99.000 -99.000 -99.000 -99.000 -99.000 -99.000 -99.000 -99.000 -99.000 -99.000 -99.000 -99.000 -99.000 -99.000 -99.000 -99.000 -99.000 -99.000 -99.000 -99.000 1.647 1.657 1.726 1.898 2.161 2.490 2.853 3.201 3.507 3.758 3.956 4.110 4.230 4.325 4.404 4.471 4.531 4.585 4.637 4.686 4.734 4.780 4.826 4.870 4.913 4.955 4.996 5.034 5.070 5.106 5.140 5.173 5.204 5.234 5.263 5.292 5.323 5.354 5.388 5.424 5.462 5.503 5.546 5.590 5.634 5.678 5.720 5.761 5.799
-99.000 -99.000 -99.000 -99.000 -99.000 -99.000 -99.000 -99.000 -99.000 -99.000 -99.000 -99.000 -99.000 -99.000 -99.000 -99.000 -99.000 -99.000 -99.000 -99.000 -99.000 -99.000 1.648 1.674 1.783 1.995 2.288 2.636 3.001 3.337 3.624 3.855 4.035 4.175 4.284 4.373 4.446 4.510 4.567 4.620 4.670 4.718 4.764 4.810 4.854 4.898 4.940 4.982 5.023 5.061 5.098 5.134 5.169 5.201 5.232 5.262 5.290 5.318 5.345 5.374 5.404 5.436 5.471 5.509 5.548 5.590 5.632 5.674 5.716 5.756 5.795
-99.000 -99.000 -99.000 -99.000 -99.000 -99.000 -99.000 -99.000 -99.000 -99.000 -99.000 -99.000 -99.000 -99.000 -99.000 -99.000 -99.000 -99.000 -99.000 -99.000 -99.000 1.647 1.653 1.705 1.857 2.105 2.423 2.784 3.144 3.465 3.731 3.943 4.107 4.234 4.335 4.417 4.486 4.547 4.602 4.653 4.702 4.749 4.794 4.839 4.882 4.925 4.968 5.009 5.050 5.088 5.126 5.163 5.198 5.231 5.262 5.292 5.320 5.346 5.372 5.397 5.424 5.452 5.483 5.516 5.552 5.591 5.630 5.671 5.712 5.752 5.791
-99.000 -99.000 -99.000 -99.000 -99.000 -99.000 -99.000 -99.000 -99.000 -99.000 -99.000 -99.000 -99.000 -99.000 -99.000 -99.000 -99.000 -99.000 -99.000 -99.000 -99.000 1.648 1.664 1.753 1.946 2.225 2.564 2.932 3.282 3.584 3.829 4.022 4.172 4.288 4.382 4.459 4.525 4.583 4.637 4.687 4.734 4.780 4.824 4.868 4.910 4.953 4.995 5.036 5.076 5.115 5.153 5.191 5.227 5.261 5.294 5.324 5.351 5.377 5.401 5.424 5.447 5.471 5.498 5.526 5.558 5.593 5.630 5.668 5.708 5.748 5.788
-99.000 -99.000 -99.000 -99.000 -99.000 -99.000 -99.000 -99.000 -99.000 -99.000 -99.000 -99.000 -99.000 -99.000 -99.000 -99.000 -99.000 -99.000 -99.000 -99.000 1.647 1.650 1.687 1.818 2.048 2.354 2.709 3.076 3.411 3.693 3.918 4.094 4.230 4.338 4.425 4.498 4.562 4.619 4.671 4.719 4.766 4.810 4.854 4.896 4.939 4.980 5.022 5.062 5.103 5.142 5.181 5.219 5.256 5.292 5.325 5.356 5.385 5.410 5.433 5.455 5.475 5.495 5.516 5.540 5.567 5.598 5.631 5.667 5.705 5.745 5.786
-99.000 -99.000 -99.000 -99.000 -99.000 -99.000 -99.000 -99.000 -99.000 -99.000 -99.000 -99.000 -99.000 -99.000 -99.000 -99.000 -99.000 -99.000 -99.000 -99.000 1.647 1.657 1.726 1.898 2.161 2.490 2.855 3.216 3.532 3.793 3.998 4.158 4.284 4.384 4.466 4.536 4.597 4.653 4.704 4.751 4.797 4.841 4.883 4.925 4.967 5.008 5.049 5.089 5.130 5.169 5.208 5.247 5.285 5.322 5.357 5.389 5.419 5.445 5.468 5.488 5.505 5.522 5.539 5.558 5.580 5.606 5.635 5.668 5.705 5.744 5.785
-99.000 -99.000 -99.000 -99.000 -99.000 -99.000 -99.000 -99.000 -99.000 -99.000 -99.000 -99.000 -99.000 -99.000 -99.000 -99.000 -99.000 -99.000 -99.000 -99.000 1.648 1.673 1.781 1.992 2.284 2.631 3.000 3.348 3.644 3.883 4.070 4.217 4.332 4.426 4.504 4.571 4.631 4.685 4.736 4.783 4.828 4.871 4.913 4.954 4.995 5.035 5.076 5.116 5.156 5.196 5.235 5.275 5.314 5.352 5.388 5.422 5.453 5.480 5.504 5.523 5.540 5.554 5.567 5.581 5.597 5.618 5.643 5.673 5.707 5.745 5.786
-99.000 -99.000 -99.000 -99.000 -99.000 -99.000 -99.000 -99.000 -99.000 -99.000 -99.000 -99.000 -99.000 -99.000 -99.000 -99.000 -99.000 -99.000 -99.000 1.647 1.652 1.703 1.852 2.098 2.414 2.775 3.141 3.471 3.746 3.964 4.135 4.269 4.376 4.465 4.539 4.605 4.664 4.717 4.767 4.814 4.858 4.901 4.942 4.983 5.023 5.063 5.103 5.143 5.183 5.222 5.262 5.303 5.343 5.382 5.419 5.455 5.487 5.516 5.541 5.561 5.577 5.589 5.599 5.609 5.621 5.636 5.657 5.682 5.713 5.749 5.790
-99.000 -99.000 -99.000 -99.000 -99.000 -99.000 -99.000 -99.000 -99.000 -99.000 -99.000 -99.000 -99.000 -99.000 -99.000 -99.000 -99.000 -99.000 -99.000 1.648 1.663 1.748 1.938 2.214 2.551 2.920 3.276 3.586 3.839 4.038 4.194 4.317 4.417 4.501 4.573 4.637 4.695 4.748 4.797 4.843 4.888 4.930 4.971 5.011 5.051 5.090 5.129 5.169 5.209 5.249 5.289 5.330 5.371 5.411 5.450 5.487 5.521 5.552 5.578 5.600 5.616 5.628 5.636 5.643 5.651 5.661 5.677 5.698 5.726 5.759 5.799
-99.000 -99.000 -99.000 -99.000 -99.000 -99.000 -99.000 -99.000 -99.000 -99.000 -99.000 -99.000 -99.000 -99.000 -99.000 -99.000 -99.000 -99.000 1.647 1.650 1.684 1.810 2.036 2.339 2.693 3.063 3.404 3.692 3.923 4.105 4.247 4.361 4.455 4.535 4.605 4.667 4.724 4.777 4.826 4.872 4.916 4.958 4.999 5.039 5.078 5.117 5.156 5.195 5.236 5.275 5.315 5.357 5.398 5.439 5.479 5.518 5.554 5.587 5.615 5.638 5.656 5.669 5.677 5.682 5.687 5.693 5.704 5.721 5.745 5.776 5.813
-99.000 -99.000 -99.000 -99.000 -99.000 -99.000 -99.000 -99.000 -99.000 -99.000 -99.000 -99.000 -99.000 -99.000 -99.000 -99.000 -99.000 -99.000 1.647 1.656 1.720 1.887 2.146 2.473 2.838 3.202 3.524 3.789 4.000 4.165 4.296 4.402 4.490 4.567 4.635 4.696 4.752 4.805 4.854 4.900 4.944 4.986 5.026 5.066 5.105 5.143 5.182 5.221 5.261 5.301 5.341 5.383 5.425 5.467 5.508 5.548 5.586 5.621 5.651 5.677 5.697 5.711 5.720 5.725 5.728 5.732 5.739 5.752 5.772 5.799 5.833
-99.000 -99.000 -99.000 -99.000 -99.000 -99.000 -99.000 -99.000 -99.000 -99.000 -99.000 -99.000 -99.000 -99.000 -99.000 -99.000 -99.000 -99.000 1.648 1.670 1.773 1.978 2.266 2.612 2.983 3.335 3.635 3.878 4.070 4.221 4.341 4.439 4.523 4.597 4.663 4.724 4.779 4.832 4.881 4.927 4.971 5.012 5.053 5.092 5.131 5.169 5.207 5.246 5.286 5.326 5.366 5.408 5.451 5.494 5.536 5.577 5.617 5.653 5.686 5.715 5.737 5.754 5.765 5.771 5.774 5.776 5.781 5.791 5.806 5.830 5.861
-99.000 -99.000 -99.000 -99.000 -99.000 -99.000 -99.000 -99.000 -99.000 -99.000 -99.000 -99.000 -99.000 -99.000 -99.000 -99.000 -99.000 1.647 1.651 1.698 1.841 2.082 2.396 2.756 3.125 3.460 3.737 3.959 4.134 4.271 4.382 4.475 4.555 4.626 4.690 4.750 4.805 4.857 4.906 4.952 4.996 5.038 5.078 5.117 5.156 5.194 5.232 5.270 5.310 5.349 5.390 5.432 5.475 5.519 5.562 5.605 5.646 5.684 5.720 5.751 5.776 5.796 5.809 5.817 5.822 5.825 5.828 5.836 5.849 5.868 5.895
-99.000 -99.000 -99.000 -99.000 -99.000 -99.000 -99.000 -99.000 -99.000 -99.000 -99.000 -99.000 -99.000 -99.000 -99.000 -99.000 -99.000 1.647 1.661 1.741 1.925 2.197 2.533 2.902 3.263 3.576 3.831 4.033 4.192 4.318 4.421 4.509 4.585 4.654 4.717 4.776 4.830 4.882 4.931 4.977 5.021 5.062 5.103 5.141 5.180 5.217 5.255 5.293 5.333 5.372 5.413 5.455 5.499 5.543 5.587 5.631 5.673 5.714 5.751 5.784 5.813 5.835 5.852 5.863 5.871 5.875 5.880 5.886 5.897 5.914 5.937
-99.000 -99.000 -99.000 -99.000 -99.000 -99.000 -99.000 -99.000 -99.000 -99.000 -99.000 -99.000 -99.000 -99.000 -99.000 -99.000 1.647 1.649 1.680 1.800 2.021 2.322 2.675 3.047 3.393 3.684 3.917 4.101 4.246 4.362 4.458 4.541 4.614 4.681 4.743 4.800 4.855 4.906 4.954 5.000 5.044 5.086 5.126 5.165 5.202 5.240 5.277 5.315 5.354 5.394 5.434 5.477 5.521 5.565 5.610 5.654 5.698 5.740 5.779 5.815 5.846 5.872 5.892 5.907 5.918 5.926 5.932 5.940 5.950 5.965 5.985
-99.000 -99.000 -99.000 -99.000 -99.000 -99.000 -99.000 -99.000 -99.000 -99.000 -99.000 -99.000 -99.000 -99.000 -99.000 -99.000 1.647 1.654 1.714 1.875 2.130 2.455 2.821 3.189 3.515 3.783 3.996 4.163 4.295 4.403 4.493 4.572 4.643 4.708 4.768 4.825 4.879 4.929 4.978 5.023 5.067 5.109 5.148 5.187 5.224 5.262 5.299 5.336 5.375 5.414 5.454 5.497 5.541 5.585 5.631 5.676 5.721 5.764 5.805 5.843 5.876 5.905 5.929 5.948 5.963 5.975 5.985 5.995 6.006 6.020 6.038
-99.000 -99.000 -99.000 -99.000 -99.000 -99.000 -99.000 -99.000 -99.000 -99.000 -99.000 -99.000 -99.000 -99.000 -99.000 -99.000 1.648 1.667 1.764 1.965 2.250 2.595 2.968 3.324 3.628 3.875 4.068 4.220 4.341 4.441 4.526 4.601 4.670 4.733 4.793 4.849 4.902 4.952 5.000 5.046 5.089 5.131 5.170 5.209 5.246 5.283 5.319 5.357 5.394 5.433 5.473 5.515 5.559 5.604 5.649 5.695 5.741 5.785 5.827 5.867 5.903 5.935 5.962 5.986 6.005 6.021 6.036 6.049 6.063 6.078 6.096
-99.000 -99.000 -99.000 -99.000 -99.000 -99.000 -99.000 -99.000 -99.000 -99.000 -99.000 -99.000 -99.000 -99.000 -99.000 1.647 1.651 1.693 1.831 2.067 2.379 2.740 3.113 3.452 3.734 3.959 4.134 4.272 4.384 4.477 4.558 4.630 4.696 4.758 4.817 4.872 4.925 4.975 5.023 5.068 5.111 5.153 5.192 5.230 5.267 5.303 5.340 5.376 5.413 5.451 5.491 5.533 5.576 5.620 5.666 5.712 5.758 5.803 5.847 5.888 5.926 5.961 5.992 6.019 6.043 6.064 6.084 6.102 6.119 6.137 6.155
-99.000 -99.000 -99.000 -99.000 -99.000 -99.000 -99.000 -99.000 -99.000 -99.000 -99.000 -99.000 -99.000 -99.000 -99.000 1.647 1.659 1.734 1.913 2.182 2.517 2.888 3.253 3.572 3.832 4.036 4.195 4.321 4.424 4.511 4.588 4.657 4.722 4.783 4.840 4.895 4.948 4.997 5.045 5.090 5.134 5.175 5.214 5.252 5.289 5.324 5.360 5.396 5.431 5.468 5.508 5.548 5.591 5.635 5.680 5.726 5.772 5.818 5.862 5.905 5.945 5.982 6.017 6.048 6.076 6.103 6.128 6.151 6.173 6.194 6.215
-99.000 -99.000 -99.000 -99.000 -99.000 -99.000 -99.000 -99.000 -99.000 -99.000 -99.000 -99.000 -99.000 -99.000 1.647 1.649 1.677 1.792 2.009 2.306 2.660 3.035 3.386 3.683 3.921 4.106 4.251 4.366 4.462 4.543 4.616 4.684 4.746 4.806 4.863 4.917 4.970 5.019 5.067 5.112 5.156 5.197 5.236 5.274 5.311 5.346 5.381 5.416 5.450 5.486 5.524 5.564 5.605 5.648 5.692 5.738 5.784 5.829 5.875 5.918 5.960 6.000 6.037 6.073 6.106 6.138 6.168 6.196 6.223 6.248 6.273
-99.000 -99.000 -99.000 -99.000 -99.000 -99.000 -99.000 -99.000 -99.000 -99.000 -99.000 -99.000 -99.000 -99.000 1.647 1.653 1.709 1.865 2.117 2.439 2.806 3.179 3.512 3.786 4.003 4.171 4.303 4.409 4.498 4.575 4.644 4.709 4.770 4.829 4.885 4.939 4.991 5.041 5.088 5.134 5.178 5.219 5.259 5.297 5.334 5.369 5.403 5.437 5.470 5.505 5.541 5.578 5.618 5.659 5.702 5.747 5.792 5.838 5.884 5.929 5.972 6.014 6.055 6.094 6.132 6.168 6.204 6.238 6.270 6.300 6.328
-99.000 -99.000 -99.000 -99.000 -99.000 -99.000 -99.000 -99.000 -99.000 -99.000 -99.000 -99.000 -99.000 -99.000 1.648 1.665 1.758 1.954 2.236 2.580 2.954 3.317 3.629 3.881 4.078 4.231 4.351 4.449 4.532 4.605 4.672 4.734 4.794 4.851 4.906 4.960 5.011 5.061 5.109 5.155 5.200 5.242 5.282 5.321 5.358 5.393 5.427 5.460 5.492 5.524 5.558 5.593 5.631 5.670 5.711 5.754 5.799 5.844 5.890 5.935 5.980 6.025 6.068 6.111 6.154 6.195 6.236 6.275 6.312 6.347 6.379
-99.000 -99.000 -99.000 -99.000 -99.000 -99.000 -99.000 -99.000 -99.000 -99.000 -99.000 -99.000 -99.000 1.647 1.650 1.689 1.823 2.056 2.365 2.725 3.100 3.447 3.737 3.967 4.146 4.285 4.395 4.487 4.565 4.635 4.699 4.759 4.817 4.873 4.927 4.980 5.031 5.081 5.130 5.176 5.221 5.264 5.306 5.345 5.382 5.418 5.452 5.484 5.515 5.545 5.576 5.609 5.644 5.680 5.719 5.760 5.803 5.848 5.893 5.939 5.986 6.032 6.079 6.126 6.172 6.219 6.264 6.309 6.351 6.391 6.428
-99.000 -99.000 -99.000 -99.000 -99.000 -99.000 -99.000 -99.000 -99.000 -99.000 -99.000 -99.000 -99.000 1.647 1.658 1.729 1.904 2.169 2.502 2.872 3.242 3.569 3.835 4.045 4.208 4.335 4.437 4.523 4.597 4.664 4.726 4.784 4.840 4.895 4.948 5.000 5.051 5.101 5.149 5.196 5.242 5.286 5.328 5.369 5.407 5.443 5.477 5.510 5.539 5.567 5.596 5.626 5.657 5.691 5.727 5.765 5.806 5.850 5.895 5.941 5.988 6.037 6.086 6.137 6.188 6.239 6.289 6.339 6.386 6.431 6.472
-99.000 -99.000 -99.000 -99.000 -99.000 -99.000 -99.000 -99.000 -99.000 -99.000 -99.000 -99.000 -99.000 1.648 1.675 1.785 1.999 2.293 2.644 3.019 3.377 3.681 3.925 4.116 4.264 4.381 4.476 4.557 4.628 4.692 4.752 4.809 4.864 4.917 4.969 5.020 5.070 5.120 5.168 5.216 5.262 5.307 5.351 5.392 5.432 5.469 5.504 5.536 5.564 5.591 5.618 5.644 5.672 5.701 5.734 5.769 5.808 5.850 5.894 5.940 5.989 6.039 6.091 6.145 6.200 6.255 6.310 6.365 6.417 6.466 6.512
-99.000 -99.000 -99.000 -99.000 -99.000 -99.000 -99.000 -99.000 -99.000 -99.000 -99.000 -99.000 1.647 1.653 1.705 1.858 2.106 2.426 2.791 3.164 3.503 3.783 4.006 4.179 4.315 4.423 4.512 4.589 4.658 4.721 4.779 4.834 4.888 4.939 4.990 5.040 5.090 5.138 5.187 5.234 5.281 5.327 5.372 5.415 5.456 5.494 5.530 5.562 5.591 5.616 5.641 5.664 5.688 5.713 5.742 5.773 5.809 5.849 5.892 5.938 5.987 6.039 6.094 6.151 6.209 6.269 6.328 6.387 6.444 6.497 6.547
-99.000 -99.000 -99.000 -99.000 -99.000 -99.000 -99.000 -99.000 -99.000 -99.000 -99.000 -99.000 1.648 1.664 1.753 1.946 2.225 2.566 2.938 3.302 3.619 3.876 4.078 4.236 4.361 4.461 4.546 4.620 4.687 4.748 4.805 4.860 4.912 4.962 5.012 5.061 5.109 5.158 5.206 5.253 5.300 5.347 5.392 5.436 5.478 5.518 5.555 5.588 5.617 5.642 5.665 5.686 5.706 5.727 5.750 5.778 5.810 5.847 5.889 5.935 5.985 6.038 6.095 6.155 6.216 6.280 6.343 6.406 6.467 6.526 6.581
-99.000 -99.000 -99.000 -99.000 -99.000 -99.000 -99.000 -99.000 -99.000 -99.000 -99.000 1.647 1.650 1.687 1.817 2.046 2.353 2.710 3.084 3.433 3.725 3.960 4.143 4.287 4.402 4.497 4.578 4.650 4.715 4.775 4.831 4.885 4.936 4.986 5.034 5.082 5.130 5.177 5.225 5.272 5.319 5.366 5.412 5.457 5.500 5.541 5.579 5.613 5.643 5.668 5.690 5.708 5.725 5.742 5.762 5.785 5.813 5.847 5.887 5.932 5.982 6.036 6.095 6.157 6.221 6.288 6.355 6.422 6.488 6.551 6.611
-99.000 -99.000 -99.000 -99.000 -99.000 -99.000 -99.000 -99.000 -99.000 -99.000 -99.000 1.647 1.657 1.725 1.896 2.159 2.489 2.857 3.226 3.553 3.822 4.035 4.201 4.333 4.441 4.530 4.607 4.677 4.741 4.801 4.856 4.909 4.960 5.009 5.057 5.104 5.151 5.197 5.244 5.291 5.338 5.385 5.431 5.476 5.521 5.563 5.602 5.638 5.668 5.694 5.715 5.733 5.747 5.761 5.776 5.795 5.819 5.850 5.887 5.931 5.980 6.035 6.095 6.158 6.225 6.295 6.366 6.436 6.506 6.575 6.641
-99.000 -99.000 -99.000 -99.000 -99.000 -99.000 -99.000 -99.000 -99.000 -99.000 -99.000 1.648 1.673 1.780 1.990 2.282 2.631 3.004 3.360 3.665 3.910 4.103 4.255 4.376 4.476 4.561 4.635 4.704 4.767 4.825 4.881 4.933 4.984 5.032 5.080 5.126 5.172 5.218 5.264 5.311 5.357 5.404 5.450 5.496 5.541 5.584 5.624 5.661 5.693 5.720 5.742 5.759 5.772 5.782 5.794 5.809 5.829 5.856 5.891 5.933 5.981 6.036 6.096 6.160 6.229 6.301 6.375 6.449 6.523 6.597 6.670
-99.000 -99.000 -99.000 -99.000 -99.000 -99.000 -99.000 -99.000 -99.000 -99.000 1.647 1.652 1.702 1.851 2.097 2.414 2.777 3.148 3.486 3.766 3.990 4.165 4.303 4.415 4.509 4.590 4.662 4.729 4.791 4.849 4.904 4.956 5.007 5.055 5.102 5.148 5.194 5.239 5.285 5.330 5.377 5.423 5.470 5.516 5.561 5.605 5.646 5.684 5.717 5.745 5.769 5.786 5.798 5.808 5.817 5.828 5.845 5.869 5.901 5.940 5.986 6.040 6.099 6.163 6.233 6.307 6.384 6.462 6.540 6.619 6.697
