TsunamiDB/out54071.asc
ncols          264
nrows          230
xllcorner      497853.4375
yllcorner      4229146.0000
cellsize         5.
NODATA_value   -99
[rows 68 to 101 of 230, columns 150 to 224 of 264]
6.148 6.150 6.155 6.160 6.166 6.173 6.181 6.189 6.199 6.209 6.220 6.232 6.245 6.259 6.273 6.288 6.303 6.319 6.335 6.351 6.368 6.384 6.401 6.416 6.431 6.446 6.461 6.477 6.492 6.507 6.522 6.536 6.551 6.566 6.581 6.596 6.611 6.626 6.641 6.656 6.671 6.686 6.702 6.717 6.733 6.749 6.764 6.780 6.796 6.812 6.830 6.848 6.866 6.886 6.905 6.925 6.945 6.965 6.985 7.005 7.025 7.045 7.065 7.085 7.106 7.129 7.152 7.177 7.203 7.229 7.255 7.281 7.305 7.326 7.340
6.178 6.180 6.183 6.187 6.192 6.198 6.204 6.212 6.220 6.230 6.240 6.251 6.263 6.275 6.289 6.303 6.318 6.333 6.349 6.365 6.381 6.397 6.414 6.429 6.444 6.460 6.475 6.490 6.506 6.521 6.536 6.551 6.566 6.581 6.596 6.611 6.626 6.641 6.656 6.672 6.687 6.703 6.719 6.735 6.751 6.767 6.783 6.798 6.814 6.831 6.848 6.866 6.885 6.904 6.924 6.944 6.964 6.985 7.005 7.025 7.045 7.065 7.086 7.106 7.128 7.150 7.173 7.198 7.224 7.250 7.276 7.302 7.327 7.348 7.363
6.210 6.212 6.214 6.217 6.220 6.225 6.230 6.236 6.243 6.251 6.260 6.270 6.281 6.293 6.306 6.319 6.333 6.348 6.363 6.379 6.395 6.411 6.428 6.443 6.458 6.473 6.489 6.504 6.520 6.535 6.550 6.565 6.580 6.595 6.611 6.626 6.641 6.657 6.672 6.688 6.704 6.720 6.736 6.752 6.768 6.785 6.801 6.816 6.832 6.849 6.867 6.885 6.904 6.923 6.943 6.963 6.984 7.004 7.025 7.045 7.066 7.086 7.106 7.127 7.148 7.170 7.194 7.218 7.244 7.271 7.297 7.323 7.348 7.370 7.385
6.243 6.244 6.246 6.248 6.250 6.254 6.258 6.262 6.268 6.275 6.283 6.292 6.301 6.312 6.324 6.337 6.350 6.364 6.379 6.394 6.409 6.425 6.441 6.457 6.472 6.487 6.503 6.518 6.534 6.549 6.564 6.580 6.595 6.610 6.625 6.641 6.656 6.672 6.688 6.704 6.720 6.736 6.752 6.769 6.786 6.802 6.819 6.834 6.851 6.868 6.885 6.904 6.923 6.942 6.962 6.982 7.003 7.023 7.044 7.065 7.085 7.106 7.126 7.147 7.168 7.190 7.214 7.238 7.264 7.290 7.317 7.343 7.369 7.391 7.407
6.275 6.277 6.278 6.280 6.282 6.284 6.287 6.290 6.295 6.300 6.307 6.314 6.323 6.333 6.343 6.355 6.367 6.381 6.395 6.409 6.424 6.440 6.456 6.471 6.486 6.501 6.516 6.532 6.548 6.563 6.578 6.594 6.609 6.624 6.640 6.655 6.671 6.687 6.703 6.719 6.735 6.752 6.769 6.786 6.803 6.820 6.836 6.852 6.869 6.886 6.904 6.922 6.941 6.960 6.980 7.001 7.021 7.042 7.063 7.084 7.105 7.125 7.146 7.166 7.188 7.210 7.233 7.258 7.283 7.309 7.336 7.363 7.389 7.412 7.428
6.307 6.309 6.311 6.313 6.314 6.316 6.318 6.320 6.324 6.328 6.333 6.339 6.346 6.355 6.364 6.375 6.386 6.399 6.412 6.426 6.440 6.455 6.471 6.486 6.500 6.515 6.531 6.546 6.562 6.577 6.593 6.608 6.623 6.639 6.654 6.670 6.685 6.701 6.718 6.734 6.751 6.768 6.785 6.802 6.819 6.837 6.854 6.870 6.887 6.904 6.922 6.940 6.959 6.979 6.999 7.019 7.040 7.061 7.082 7.103 7.124 7.144 7.165 7.185 7.206 7.228 7.251 7.276 7.301 7.327 7.354 7.381 7.408 7.431 7.448
6.337 6.340 6.343 6.345 6.347 6.349 6.350 6.352 6.354 6.357 6.361 6.365 6.371 6.378 6.387 6.396 6.406 6.418 6.430 6.443 6.457 6.471 6.487 6.501 6.515 6.530 6.545 6.561 6.576 6.591 6.607 6.622 6.637 6.653 6.668 6.684 6.700 6.716 6.732 6.749 6.766 6.783 6.800 6.818 6.836 6.853 6.870 6.887 6.904 6.921 6.939 6.958 6.977 6.996 7.016 7.037 7.058 7.079 7.100 7.121 7.142 7.163 7.183 7.204 7.225 7.246 7.269 7.294 7.319 7.345 7.372 7.399 7.426 7.450 7.468
6.365 6.370 6.374 6.377 6.380 6.381 6.383 6.384 6.385 6.387 6.390 6.394 6.398 6.404 6.411 6.419 6.428 6.438 6.449 6.462 6.475 6.489 6.503 6.517 6.531 6.545 6.560 6.575 6.590 6.606 6.621 6.636 6.652 6.667 6.682 6.698 6.714 6.730 6.747 6.763 6.781 6.798 6.816 6.833 6.851 6.869 6.887 6.903 6.921 6.938 6.957 6.975 6.994 7.014 7.034 7.054 7.075 7.096 7.117 7.138 7.160 7.180 7.201 7.222 7.242 7.264 7.286 7.310 7.335 7.361 7.389 7.416 7.444 7.468 7.487
6.391 6.397 6.403 6.407 6.411 6.413 6.415 6.417 6.418 6.419 6.421 6.423 6.427 6.431 6.436 6.443 6.451 6.460 6.470 6.482 6.494 6.507 6.520 6.534 6.547 6.561 6.575 6.590 6.605 6.620 6.635 6.651 6.666 6.681 6.697 6.712 6.728 6.744 6.761 6.778 6.795 6.812 6.830 6.848 6.867 6.885 6.902 6.919 6.937 6.955 6.973 6.992 7.011 7.030 7.050 7.071 7.092 7.113 7.134 7.155 7.177 7.197 7.218 7.239 7.259 7.280 7.302 7.326 7.351 7.377 7.404 7.432 7.460 7.485 7.504
6.414 6.422 6.430 6.436 6.440 6.444 6.447 6.449 6.450 6.451 6.452 6.454 6.456 6.460 6.464 6.469 6.476 6.484 6.493 6.503 6.514 6.526 6.539 6.551 6.564 6.577 6.591 6.606 6.621 6.635 6.650 6.665 6.680 6.695 6.711 6.726 6.742 6.758 6.775 6.792 6.809 6.827 6.845 6.863 6.882 6.900 6.917 6.935 6.953 6.971 6.989 7.008 7.027 7.046 7.066 7.087 7.108 7.129 7.150 7.172 7.193 7.214 7.235 7.255 7.275 7.296 7.318 7.341 7.366 7.392 7.419 7.447 7.475 7.500 7.519
6.435 6.445 6.454 6.461 6.468 6.473 6.477 6.480 6.482 6.483 6.484 6.486 6.487 6.489 6.493 6.497 6.502 6.508 6.516 6.525 6.535 6.546 6.558 6.570 6.582 6.594 6.608 6.622 6.636 6.651 6.665 6.680 6.695 6.710 6.725 6.741 6.756 6.772 6.789 6.806 6.823 6.841 6.859 6.877 6.896 6.915 6.932 6.950 6.968 6.986 7.005 7.023 7.042 7.062 7.082 7.102 7.123 7.144 7.166 7.187 7.209 7.230 7.250 7.270 7.290 7.311 7.332 7.355 7.379 7.405 7.432 7.461 7.488 7.513 7.533
6.454 6.465 6.476 6.485 6.493 6.499 6.505 6.509 6.512 6.514 6.516 6.517 6.518 6.520 6.522 6.525 6.530 6.535 6.541 6.549 6.558 6.568 6.579 6.589 6.600 6.612 6.625 6.639 6.653 6.667 6.681 6.695 6.710 6.725 6.740 6.755 6.770 6.786 6.803 6.819 6.837 6.854 6.873 6.891 6.910 6.929 6.946 6.964 6.982 7.001 7.019 7.038 7.058 7.077 7.097 7.117 7.138 7.159 7.181 7.202 7.224 7.245 7.265 7.285 7.305 7.325 7.346 7.368 7.392 7.417 7.444 7.472 7.500 7.524 7.546
6.471 6.483 6.495 6.506 6.515 6.524 6.531 6.536 6.541 6.544 6.546 6.548 6.549 6.551 6.553 6.555 6.558 6.562 6.567 6.574 6.582 6.591 6.600 6.610 6.620 6.631 6.644 6.657 6.670 6.684 6.697 6.711 6.726 6.740 6.755 6.769 6.785 6.800 6.817 6.833 6.850 6.868 6.886 6.905 6.924 6.942 6.960 6.978 6.996 7.015 7.034 7.053 7.072 7.091 7.111 7.132 7.153 7.174 7.195 7.217 7.238 7.259 7.280 7.299 7.319 7.338 7.358 7.380 7.403 7.428 7.454 7.481 7.509 7.535 7.558
6.485 6.499 6.512 6.524 6.535 6.545 6.554 6.561 6.567 6.571 6.575 6.578 6.580 6.581 6.583 6.585 6.587 6.590 6.595 6.600 6.607 6.615 6.623 6.631 6.641 6.651 6.663 6.675 6.688 6.701 6.714 6.728 6.742 6.756 6.770 6.784 6.799 6.815 6.831 6.847 6.864 6.882 6.900 6.918 6.937 6.956 6.973 6.992 7.010 7.029 7.048 7.067 7.086 7.105 7.125 7.146 7.166 7.187 7.209 7.230 7.252 7.273 7.293 7.313 7.332 7.351 7.370 7.391 7.413 7.436 7.462 7.489 7.517 7.545 7.570
6.498 6.513 6.527 6.541 6.553 6.565 6.575 6.583 6.591 6.597 6.602 6.605 6.608 6.611 6.612 6.614 6.616 6.619 6.623 6.627 6.633 6.639 6.646 6.654 6.662 6.672 6.683 6.694 6.706 6.719 6.732 6.745 6.758 6.772 6.786 6.800 6.814 6.830 6.845 6.861 6.878 6.895 6.913 6.931 6.950 6.969 6.987 7.005 7.024 7.042 7.061 7.080 7.099 7.119 7.139 7.159 7.180 7.201 7.222 7.243 7.265 7.286 7.306 7.326 7.344 7.362 7.380 7.400 7.421 7.443 7.468 7.496 7.524 7.554 7.583
6.509 6.525 6.541 6.555 6.569 6.582 6.593 6.603 6.612 6.620 6.626 6.631 6.635 6.638 6.641 6.643 6.645 6.648 6.650 6.654 6.659 6.665 6.670 6.677 6.684 6.693 6.703 6.714 6.726 6.738 6.750 6.762 6.775 6.788 6.802 6.816 6.830 6.845 6.860 6.875 6.892 6.909 6.926 6.945 6.963 6.982 7.000 7.018 7.037 7.055 7.074 7.093 7.113 7.132 7.152 7.172 7.192 7.213 7.234 7.256 7.277 7.298 7.319 7.338 7.356 7.372 7.389 7.408 7.428 7.449 7.473 7.501 7.531 7.563 7.595
6.519 6.536 6.552 6.568 6.583 6.597 6.610 6.621 6.631 6.640 6.648 6.655 6.660 6.664 6.668 6.670 6.673 6.675 6.678 6.681 6.685 6.690 6.695 6.700 6.707 6.715 6.725 6.735 6.745 6.757 6.769 6.781 6.793 6.806 6.819 6.832 6.846 6.860 6.875 6.890 6.906 6.923 6.940 6.958 6.976 6.995 7.013 7.031 7.049 7.068 7.087 7.106 7.125 7.145 7.164 7.184 7.205 7.226 7.247 7.268 7.289 7.310 7.330 7.349 7.366 7.382 7.397 7.415 7.433 7.453 7.478 7.505 7.537 7.572 7.607
6.527 6.545 6.562 6.579 6.595 6.610 6.624 6.637 6.648 6.659 6.668 6.676 6.682 6.688 6.692 6.696 6.699 6.702 6.705 6.707 6.711 6.715 6.719 6.724 6.730 6.737 6.746 6.755 6.766 6.776 6.788 6.799 6.811 6.824 6.836 6.849 6.862 6.876 6.890 6.905 6.921 6.937 6.954 6.971 6.990 7.008 7.025 7.044 7.062 7.081 7.100 7.119 7.138 7.157 7.177 7.197 7.217 7.237 7.258 7.280 7.301 7.322 7.342 7.360 7.376 7.391 7.404 7.420 7.438 7.457 7.481 7.510 7.543 7.580 7.619
6.534 6.552 6.571 6.588 6.605 6.621 6.636 6.650 6.663 6.675 6.685 6.695 6.703 6.709 6.715 6.720 6.724 6.727 6.730 6.733 6.736 6.740 6.744 6.748 6.753 6.760 6.767 6.776 6.786 6.796 6.807 6.818 6.830 6.842 6.854 6.867 6.879 6.893 6.906 6.921 6.936 6.951 6.968 6.985 7.003 7.021 7.038 7.056 7.075 7.093 7.112 7.131 7.150 7.169 7.189 7.208 7.229 7.249 7.270 7.291 7.312 7.333 7.352 7.370 7.385 7.398 7.410 7.425 7.442 7.461 7.485 7.514 7.550 7.590 7.631
6.539 6.559 6.578 6.596 6.614 6.631 6.647 6.662 6.676 6.689 6.701 6.711 6.720 6.729 6.735 6.741 6.746 6.750 6.754 6.757 6.760 6.764 6.767 6.771 6.775 6.781 6.788 6.797 6.806 6.816 6.826 6.837 6.849 6.860 6.872 6.884 6.897 6.910 6.923 6.937 6.951 6.966 6.982 6.999 7.017 7.034 7.051 7.069 7.087 7.106 7.125 7.143 7.162 7.181 7.200 7.220 7.240 7.260 7.281 7.302 7.323 7.343 7.362 7.380 7.393 7.405 7.416 7.430 7.447 7.465 7.490 7.521 7.557 7.598 7.642
6.543 6.563 6.583 6.602 6.621 6.638 6.655 6.672 6.687 6.701 6.714 6.725 6.736 6.745 6.754 6.761 6.766 6.771 6.776 6.779 6.783 6.786 6.790 6.793 6.797 6.802 6.809 6.817 6.825 6.835 6.845 6.856 6.867 6.879 6.890 6.902 6.914 6.927 6.940 6.953 6.967 6.982 6.997 7.014 7.031 7.048 7.065 7.082 7.100 7.118 7.137 7.155 7.174 7.193 7.212 7.231 7.251 7.271 7.292 7.312 7.333 7.353 7.372 7.388 7.401 7.412 7.422 7.436 7.452 7.471 7.496 7.527 7.565 7.606 7.652
6.545 6.566 6.586 6.606 6.626 6.645 6.662 6.679 6.696 6.711 6.725 6.738 6.749 6.760 6.769 6.778 6.785 6.790 6.796 6.800 6.804 6.808 6.811 6.814 6.818 6.823 6.829 6.836 6.844 6.854 6.864 6.874 6.885 6.897 6.908 6.920 6.932 6.944 6.957 6.970 6.983 6.998 7.013 7.028 7.045 7.061 7.078 7.095 7.113 7.131 7.149 7.167 7.186 7.205 7.223 7.242 7.262 7.282 7.302 7.323 7.343 7.362 7.381 7.397 7.409 7.419 7.429 7.442 7.458 7.477 7.503 7.535 7.572 7.615 7.664
6.544 6.566 6.588 6.609 6.629 6.649 6.668 6.686 6.703 6.719 6.734 6.748 6.761 6.773 6.783 6.792 6.800 6.807 6.813 6.819 6.823 6.827 6.831 6.834 6.837 6.842 6.848 6.855 6.863 6.872 6.881 6.892 6.903 6.914 6.926 6.938 6.950 6.962 6.974 6.987 7.000 7.014 7.028 7.043 7.059 7.075 7.091 7.108 7.125 7.143 7.161 7.179 7.198 7.216 7.234 7.253 7.272 7.292 7.312 7.332 7.352 7.371 7.389 7.405 7.417 7.426 7.436 7.449 7.465 7.484 7.510 7.542 7.580 7.624 7.678
6.541 6.564 6.587 6.609 6.630 6.651 6.671 6.689 6.708 6.725 6.741 6.756 6.770 6.783 6.794 6.805 6.814 6.822 6.829 6.835 6.840 6.845 6.849 6.852 6.856 6.860 6.866 6.872 6.880 6.888 6.898 6.908 6.919 6.931 6.943 6.955 6.967 6.979 6.991 7.004 7.016 7.030 7.044 7.058 7.074 7.089 7.105 7.121 7.138 7.156 7.173 7.191 7.209 7.227 7.245 7.264 7.282 7.302 7.321 7.341 7.361 7.380 7.398 7.413 7.425 7.434 7.444 7.457 7.473 7.492 7.517 7.550 7.589 7.635 7.693
6.533 6.558 6.582 6.606 6.628 6.650 6.671 6.691 6.710 6.728 6.746 6.762 6.777 6.791 6.804 6.815 6.826 6.835 6.843 6.850 6.856 6.861 6.865 6.869 6.872 6.877 6.882 6.889 6.896 6.904 6.914 6.924 6.935 6.947 6.959 6.971 6.983 6.995 7.008 7.020 7.033 7.046 7.059 7.073 7.088 7.103 7.118 7.134 7.151 7.168 7.185 7.203 7.220 7.238 7.256 7.274 7.292 7.311 7.330 7.350 7.369 7.388 7.406 7.422 7.434 7.442 7.451 7.465 7.481 7.499 7.525 7.559 7.599 7.648 7.710
6.521 6.547 6.573 6.598 6.623 6.646 6.668 6.690 6.710 6.729 6.748 6.765 6.781 6.796 6.810 6.823 6.835 6.845 6.854 6.862 6.869 6.875 6.880 6.884 6.888 6.892 6.897 6.904 6.911 6.919 6.928 6.938 6.949 6.961 6.973 6.986 6.998 7.011 7.023 7.036 7.048 7.061 7.075 7.088 7.103 7.117 7.132 7.147 7.163 7.180 7.197 7.214 7.232 7.249 7.266 7.283 7.301 7.320 7.339 7.358 7.377 7.396 7.415 7.431 7.442 7.451 7.459 7.473 7.489 7.508 7.535 7.569 7.611 7.664 7.732
6.501 6.530 6.559 6.586 6.612 6.637 6.661 6.684 6.706 6.727 6.747 6.765 6.783 6.799 6.814 6.828 6.841 6.853 6.863 6.872 6.880 6.887 6.893 6.897 6.901 6.906 6.911 6.917 6.924 6.932 6.941 6.952 6.963 6.974 6.987 6.999 7.012 7.025 7.038 7.051 7.063 7.076 7.089 7.103 7.117 7.131 7.145 7.160 7.176 7.192 7.209 7.225 7.242 7.259 7.276 7.293 7.310 7.328 7.346 7.366 7.385 7.404 7.423 7.439 7.451 7.459 7.468 7.482 7.498 7.517 7.545 7.581 7.626 7.683 7.754
6.474 6.505 6.536 6.566 6.595 6.622 6.648 6.674 6.697 6.720 6.741 6.762 6.781 6.799 6.815 6.831 6.845 6.857 6.869 6.879 6.888 6.897 6.903 6.908 6.913 6.918 6.923 6.930 6.937 6.944 6.953 6.963 6.974 6.986 6.999 7.012 7.025 7.038 7.051 7.064 7.077 7.090 7.103 7.117 7.131 7.144 7.157 7.172 7.187 7.203 7.220 7.236 7.253 7.269 7.285 7.301 7.318 7.335 7.354 7.373 7.392 7.412 7.431 7.447 7.459 7.467 7.476 7.490 7.508 7.528 7.556 7.594 7.642 7.704 7.779
6.438 6.472 6.505 6.538 6.569 6.599 6.628 6.656 6.682 6.707 6.731 6.753 6.774 6.793 6.812 6.829 6.844 6.859 6.872 6.883 6.894 6.903 6.910 6.916 6.922 6.928 6.934 6.940 6.947 6.955 6.964 6.974 6.985 6.997 7.009 7.022 7.036 7.049 7.063 7.076 7.090 7.103 7.116 7.130 7.143 7.156 7.169 7.184 7.199 7.214 7.230 7.246 7.262 7.278 7.294 7.309 7.325 7.343 7.361 7.380 7.400 7.419 7.438 7.455 7.467 7.474 7.482 7.499 7.518 7.539 7.570 7.610 7.663 7.728 7.807
6.394 6.430 6.466 6.501 6.535 6.568 6.599 6.630 6.659 6.686 6.712 6.737 6.760 6.782 6.803 6.821 6.839 6.855 6.870 6.883 6.895 6.906 6.915 6.922 6.929 6.935 6.942 6.949 6.956 6.964 6.973 6.982 6.993 7.005 7.018 7.031 7.045 7.059 7.073 7.087 7.100 7.114 7.127 7.141 7.154 7.167 7.180 7.194 7.209 7.224 7.240 7.256 7.271 7.287 7.302 7.317 7.333 7.349 7.367 7.386 7.406 7.426 7.445 7.461 7.472 7.480 7.491 7.510 7.531 7.554 7.587 7.631 7.687 7.758 7.844
6.347 6.383 6.420 6.456 6.492 6.527 6.561 6.594 6.626 6.656 6.685 6.713 6.739 6.763 6.786 6.808 6.827 6.846 6.863 6.878 6.892 6.905 6.915 6.924 6.932 6.939 6.947 6.954 6.962 6.970 6.979 6.989 7.000 7.012 7.025 7.039 7.053 7.067 7.081 7.095 7.110 7.123 7.137 7.151 7.164 7.176 7.190 7.203 7.218 7.233 7.249 7.264 7.280 7.294 7.309 7.324 7.339 7.356 7.373 7.392 7.412 7.432 7.450 7.466 7.478 7.488 7.501 7.522 7.546 7.572 7.609 7.657 7.717 7.793 7.884
6.300 6.336 6.372 6.408 6.444 6.480 6.516 6.551 6.584 6.617 6.649 6.679 6.708 6.735 6.761 6.785 6.808 6.829 6.848 6.866 6.883 6.898 6.909 6.920 6.930 6.939 6.948 6.957 6.965 6.974 6.983 6.994 7.005 7.017 7.030 7.044 7.058 7.073 7.087 7.102 7.117 7.131 7.145 7.159 7.172 7.184 7.198 7.211 7.226 7.241 7.256 7.272 7.287 7.301 7.316 7.330 7.345 7.361 7.379 7.397 7.417 7.437 7.454 7.470 7.483 7.496 7.513 7.538 7.564 7.595 7.636 7.688 7.753 7.832 7.924
6.259 6.292 6.326 6.361 6.396 6.432 6.467 6.502 6.537 6.571 6.604 6.637 6.668 6.698 6.726 6.753 6.779 6.803 6.825 6.846 6.866 6.883 6.897 6.911 6.923 6.934 6.945 6.955 6.964 6.974 6.984 6.995 7.006 7.019 7.032 7.046 7.061 7.076 7.091 7.106 7.121 7.136 7.150 7.164 7.178 7.190 7.204 7.217 7.232 7.247 7.262 7.278 7.293 7.307 7.322 7.336 7.351 7.367 7.384 7.402 7.421 7.440 7.458 7.474 7.490 7.506 7.528 7.557 7.588 7.623 7.668 7.724 7.792 7.871 7.962
6.225 6.255 6.287 6.320 6.353 6.386 6.420 6.454 6.488 6.522 6.556 6.589 6.621 6.653 6.683 6.713 6.741 6.768 6.793 6.817 6.839 6.859 6.877 6.893 6.908 6.922 6.935 6.947 6.958 6.969 6.980 6.992 7.004 7.017 7.031 7.045 7.061 7.076 7.092 7.108 7.123 7.138 7.153 7.168 7.181 7.194 7.208 7.222 7.236 7.251 7.267 7.283 7.298 7.313 7.327 7.341 7.356 7.371 7.387 7.405 7.423 7.442 7.461 7.480 7.499 7.520 7.546 7.579 7.615 7.655 7.705 7.764 7.831 7.908 7.998
