TsunamiDB/out54179.asc
ncols          264
nrows          230
xllcorner      497853.4375
yllcorner      4229146.0000
cellsize         5.
NODATA_value   -99
[rows 34 to 67 of 230, columns 0 to 76 of 264]
5.590 5.601 5.613 5.624 5.635 5.646 5.657 5.668 5.679 5.691 5.702 5.713 5.724 5.736 5.747 5.757 5.768 5.778 5.788 5.798 5.809 5.819 5.830 5.840 5.851 5.861 5.872 5.883 5.893 5.904 5.915 5.926 5.937 5.948 5.959 5.970 5.982 5.993 6.004 6.014 6.025 6.035 6.045 6.056 6.066 6.076 6.086 6.095 6.105 6.115 6.124 6.133 6.142 6.151 6.159 6.167 6.175 6.182 6.190 6.198 6.205 6.211 6.217 6.222 6.227 6.232 6.236 6.241 6.245 6.249 6.253 6.257 6.260 6.264 6.268 6.272 6.276
5.596 5.608 5.619 5.630 5.641 5.652 5.663 5.674 5.685 5.696 5.707 5.718 5.729 5.741 5.752 5.762 5.772 5.782 5.792 5.802 5.813 5.823 5.833 5.844 5.854 5.865 5.875 5.886 5.896 5.907 5.917 5.928 5.939 5.950 5.961 5.972 5.983 5.995 6.005 6.015 6.026 6.036 6.046 6.056 6.066 6.077 6.087 6.097 6.106 6.116 6.126 6.135 6.144 6.153 6.162 6.171 6.179 6.187 6.195 6.204 6.211 6.218 6.224 6.230 6.236 6.241 6.246 6.251 6.255 6.259 6.264 6.268 6.272 6.276 6.280 6.283 6.287
5.603 5.614 5.625 5.636 5.646 5.657 5.668 5.679 5.690 5.701 5.712 5.723 5.734 5.745 5.756 5.766 5.776 5.786 5.796 5.806 5.817 5.827 5.837 5.847 5.858 5.868 5.878 5.889 5.899 5.910 5.920 5.931 5.941 5.952 5.963 5.974 5.985 5.996 6.006 6.016 6.027 6.037 6.047 6.057 6.067 6.077 6.087 6.097 6.107 6.117 6.127 6.136 6.146 6.155 6.164 6.173 6.182 6.191 6.199 6.208 6.216 6.223 6.230 6.237 6.243 6.249 6.254 6.259 6.264 6.269 6.274 6.278 6.282 6.286 6.290 6.294 6.298
5.609 5.620 5.631 5.641 5.652 5.663 5.674 5.685 5.695 5.706 5.717 5.728 5.739 5.750 5.761 5.771 5.781 5.790 5.800 5.810 5.820 5.830 5.841 5.851 5.861 5.871 5.881 5.892 5.902 5.912 5.922 5.933 5.943 5.954 5.964 5.975 5.986 5.997 6.007 6.017 6.027 6.037 6.047 6.057 6.067 6.077 6.087 6.097 6.107 6.117 6.127 6.137 6.146 6.156 6.165 6.175 6.184 6.193 6.202 6.211 6.219 6.227 6.234 6.241 6.248 6.254 6.260 6.266 6.272 6.277 6.282 6.287 6.291 6.296 6.300 6.305 6.309
5.615 5.626 5.636 5.647 5.658 5.669 5.679 5.690 5.700 5.711 5.722 5.733 5.743 5.754 5.765 5.775 5.785 5.795 5.804 5.814 5.824 5.834 5.844 5.854 5.864 5.874 5.884 5.894 5.905 5.915 5.925 5.935 5.946 5.956 5.966 5.977 5.988 5.998 6.008 6.018 6.028 6.038 6.048 6.058 6.068 6.077 6.087 6.097 6.107 6.117 6.127 6.137 6.146 6.156 6.165 6.175 6.184 6.194 6.203 6.212 6.221 6.229 6.237 6.245 6.252 6.259 6.265 6.272 6.278 6.283 6.289 6.294 6.299 6.304 6.309 6.314 6.318
5.621 5.632 5.642 5.653 5.663 5.674 5.685 5.695 5.706 5.716 5.727 5.737 5.748 5.759 5.769 5.779 5.789 5.799 5.808 5.818 5.828 5.838 5.847 5.857 5.867 5.877 5.887 5.897 5.907 5.917 5.928 5.938 5.948 5.958 5.968 5.979 5.989 6.000 6.010 6.019 6.029 6.039 6.049 6.058 6.068 6.078 6.087 6.097 6.107 6.117 6.126 6.136 6.146 6.156 6.165 6.175 6.184 6.194 6.203 6.213 6.222 6.231 6.239 6.247 6.254 6.262 6.269 6.275 6.282 6.288 6.294 6.300 6.306 6.311 6.316 6.321 6.326
5.627 5.637 5.648 5.658 5.669 5.679 5.690 5.700 5.711 5.721 5.731 5.742 5.753 5.763 5.774 5.783 5.793 5.803 5.812 5.822 5.831 5.841 5.851 5.861 5.871 5.880 5.890 5.900 5.910 5.920 5.930 5.940 5.950 5.960 5.970 5.981 5.991 6.001 6.011 6.021 6.030 6.040 6.049 6.059 6.068 6.078 6.087 6.097 6.107 6.116 6.126 6.136 6.145 6.155 6.165 6.174 6.184 6.193 6.203 6.213 6.222 6.231 6.239 6.247 6.255 6.263 6.270 6.278 6.285 6.291 6.298 6.304 6.310 6.316 6.322 6.327 6.333
5.633 5.643 5.654 5.664 5.674 5.685 5.695 5.705 5.716 5.726 5.736 5.747 5.757 5.768 5.778 5.788 5.797 5.807 5.816 5.826 5.835 5.845 5.854 5.864 5.874 5.883 5.893 5.903 5.913 5.923 5.933 5.942 5.952 5.962 5.972 5.982 5.993 6.003 6.012 6.022 6.031 6.041 6.050 6.059 6.069 6.078 6.088 6.097 6.107 6.116 6.126 6.135 6.145 6.154 6.164 6.173 6.183 6.192 6.202 6.212 6.221 6.230 6.239 6.247 6.255 6.263 6.271 6.279 6.286 6.293 6.300 6.307 6.313 6.320 6.326 6.332 6.338
5.639 5.649 5.659 5.670 5.680 5.690 5.700 5.711 5.721 5.731 5.741 5.751 5.762 5.773 5.783 5.792 5.801 5.811 5.820 5.829 5.839 5.848 5.858 5.867 5.877 5.887 5.896 5.906 5.916 5.925 5.935 5.945 5.955 5.964 5.974 5.984 5.995 6.005 6.014 6.023 6.033 6.042 6.051 6.060 6.069 6.079 6.088 6.097 6.107 6.116 6.125 6.135 6.144 6.154 6.163 6.173 6.182 6.192 6.201 6.211 6.220 6.229 6.238 6.246 6.255 6.263 6.271 6.279 6.286 6.294 6.301 6.308 6.315 6.322 6.329 6.335 6.341
5.644 5.655 5.665 5.675 5.685 5.695 5.706 5.716 5.726 5.736 5.746 5.756 5.767 5.777 5.787 5.796 5.805 5.815 5.824 5.833 5.842 5.852 5.861 5.871 5.880 5.890 5.899 5.909 5.918 5.928 5.938 5.947 5.957 5.967 5.976 5.986 5.996 6.006 6.016 6.025 6.034 6.043 6.052 6.061 6.070 6.079 6.088 6.098 6.107 6.116 6.125 6.135 6.144 6.153 6.163 6.172 6.181 6.191 6.200 6.210 6.219 6.228 6.237 6.245 6.254 6.262 6.270 6.278 6.286 6.294 6.301 6.308 6.316 6.323 6.330 6.337 6.343
5.650 5.660 5.671 5.681 5.691 5.701 5.711 5.721 5.731 5.741 5.751 5.761 5.771 5.782 5.792 5.801 5.810 5.819 5.828 5.837 5.846 5.855 5.865 5.874 5.884 5.893 5.902 5.912 5.921 5.931 5.940 5.950 5.959 5.969 5.978 5.988 5.998 6.008 6.017 6.026 6.035 6.044 6.053 6.062 6.071 6.080 6.089 6.098 6.107 6.116 6.125 6.135 6.144 6.153 6.162 6.171 6.180 6.190 6.199 6.209 6.218 6.227 6.236 6.244 6.252 6.261 6.269 6.277 6.285 6.293 6.300 6.308 6.315 6.323 6.330 6.337 6.344
5.656 5.666 5.676 5.686 5.696 5.706 5.716 5.726 5.736 5.746 5.756 5.766 5.776 5.786 5.796 5.805 5.814 5.823 5.832 5.841 5.850 5.859 5.868 5.878 5.887 5.896 5.906 5.915 5.924 5.934 5.943 5.952 5.962 5.971 5.981 5.990 6.001 6.010 6.019 6.028 6.037 6.046 6.055 6.063 6.072 6.081 6.090 6.099 6.108 6.117 6.126 6.135 6.144 6.153 6.162 6.171 6.180 6.189 6.198 6.208 6.217 6.226 6.234 6.243 6.251 6.259 6.268 6.276 6.284 6.291 6.299 6.307 6.315 6.322 6.330 6.337 6.344
5.662 5.672 5.682 5.692 5.702 5.712 5.721 5.731 5.741 5.751 5.761 5.771 5.781 5.791 5.801 5.809 5.818 5.827 5.836 5.845 5.854 5.863 5.872 5.881 5.890 5.900 5.909 5.918 5.927 5.936 5.946 5.955 5.964 5.974 5.983 5.993 6.003 6.012 6.021 6.030 6.039 6.047 6.056 6.065 6.073 6.082 6.091 6.100 6.109 6.118 6.126 6.135 6.144 6.153 6.162 6.171 6.180 6.189 6.198 6.207 6.216 6.225 6.233 6.242 6.250 6.258 6.266 6.274 6.282 6.290 6.298 6.306 6.313 6.321 6.328 6.336 6.343
5.668 5.678 5.688 5.697 5.707 5.717 5.727 5.737 5.746 5.756 5.766 5.776 5.786 5.796 5.805 5.814 5.823 5.832 5.840 5.849 5.858 5.867 5.876 5.885 5.894 5.903 5.912 5.921 5.930 5.939 5.949 5.958 5.967 5.976 5.986 5.995 6.005 6.014 6.023 6.032 6.040 6.049 6.058 6.066 6.075 6.084 6.092 6.101 6.110 6.118 6.127 6.136 6.145 6.153 6.162 6.171 6.180 6.189 6.198 6.207 6.216 6.224 6.233 6.241 6.249 6.257 6.265 6.273 6.281 6.289 6.296 6.304 6.312 6.320 6.327 6.335 6.342
5.674 5.684 5.693 5.703 5.713 5.723 5.732 5.742 5.752 5.761 5.771 5.781 5.791 5.801 5.810 5.819 5.827 5.836 5.845 5.853 5.862 5.871 5.880 5.889 5.898 5.907 5.916 5.925 5.934 5.943 5.952 5.961 5.970 5.979 5.988 5.998 6.008 6.017 6.025 6.034 6.042 6.051 6.059 6.068 6.076 6.085 6.094 6.102 6.111 6.119 6.128 6.137 6.145 6.154 6.163 6.171 6.180 6.189 6.198 6.207 6.216 6.224 6.232 6.240 6.248 6.256 6.264 6.272 6.280 6.287 6.295 6.303 6.311 6.318 6.326 6.333 6.341
5.680 5.690 5.699 5.709 5.719 5.728 5.738 5.748 5.757 5.767 5.777 5.786 5.797 5.806 5.815 5.823 5.832 5.841 5.849 5.858 5.867 5.875 5.884 5.893 5.902 5.911 5.919 5.928 5.937 5.946 5.955 5.964 5.973 5.982 5.991 6.001 6.010 6.019 6.028 6.036 6.044 6.053 6.061 6.070 6.078 6.087 6.095 6.104 6.112 6.121 6.129 6.138 6.146 6.155 6.164 6.172 6.181 6.189 6.198 6.207 6.216 6.224 6.232 6.240 6.248 6.256 6.264 6.271 6.279 6.287 6.294 6.302 6.309 6.317 6.324 6.332 6.339
5.687 5.696 5.706 5.715 5.725 5.734 5.744 5.753 5.763 5.772 5.782 5.792 5.802 5.811 5.820 5.828 5.837 5.846 5.854 5.863 5.871 5.880 5.888 5.897 5.906 5.915 5.923 5.932 5.941 5.950 5.958 5.967 5.976 5.985 5.994 6.004 6.013 6.022 6.030 6.038 6.047 6.055 6.063 6.072 6.080 6.089 6.097 6.105 6.114 6.122 6.131 6.139 6.148 6.156 6.165 6.173 6.181 6.190 6.199 6.208 6.216 6.224 6.232 6.240 6.248 6.256 6.263 6.271 6.278 6.286 6.293 6.301 6.308 6.316 6.323 6.331 6.338
5.693 5.703 5.712 5.722 5.731 5.741 5.750 5.759 5.769 5.778 5.788 5.797 5.807 5.817 5.825 5.834 5.842 5.851 5.859 5.867 5.876 5.884 5.893 5.902 5.910 5.919 5.927 5.936 5.945 5.953 5.962 5.971 5.980 5.988 5.997 6.007 6.016 6.024 6.033 6.041 6.049 6.058 6.066 6.074 6.082 6.091 6.099 6.107 6.116 6.124 6.132 6.141 6.149 6.157 6.166 6.174 6.183 6.191 6.200 6.209 6.217 6.225 6.233 6.241 6.248 6.256 6.263 6.271 6.278 6.286 6.293 6.301 6.308 6.315 6.323 6.330 6.337
5.700 5.710 5.719 5.728 5.738 5.747 5.756 5.766 5.775 5.784 5.794 5.803 5.813 5.822 5.831 5.839 5.847 5.856 5.864 5.872 5.881 5.889 5.898 5.906 5.915 5.923 5.932 5.940 5.949 5.957 5.966 5.975 5.983 5.992 6.001 6.010 6.019 6.027 6.036 6.044 6.052 6.060 6.068 6.077 6.085 6.093 6.101 6.109 6.118 6.126 6.134 6.142 6.151 6.159 6.167 6.176 6.184 6.192 6.201 6.210 6.218 6.226 6.234 6.241 6.249 6.256 6.264 6.271 6.279 6.286 6.293 6.300 6.308 6.315 6.322 6.329 6.337
5.708 5.717 5.726 5.735 5.745 5.754 5.763 5.772 5.781 5.791 5.800 5.809 5.819 5.828 5.836 5.845 5.853 5.861 5.869 5.878 5.886 5.894 5.903 5.911 5.920 5.928 5.936 5.945 5.953 5.962 5.970 5.979 5.987 5.996 6.005 6.014 6.023 6.031 6.039 6.047 6.055 6.063 6.071 6.079 6.087 6.095 6.103 6.112 6.120 6.128 6.136 6.144 6.153 6.161 6.169 6.177 6.186 6.194 6.203 6.211 6.219 6.227 6.235 6.242 6.250 6.257 6.265 6.272 6.279 6.286 6.294 6.301 6.308 6.315 6.322 6.329 6.336
5.716 5.725 5.734 5.743 5.752 5.761 5.770 5.779 5.788 5.797 5.806 5.816 5.825 5.834 5.842 5.851 5.859 5.867 5.875 5.883 5.892 5.900 5.908 5.916 5.925 5.933 5.941 5.950 5.958 5.966 5.975 5.983 5.991 6.000 6.009 6.018 6.026 6.034 6.042 6.050 6.058 6.066 6.074 6.082 6.090 6.098 6.106 6.114 6.122 6.130 6.139 6.147 6.155 6.163 6.171 6.179 6.188 6.196 6.205 6.213 6.221 6.229 6.236 6.244 6.251 6.259 6.266 6.273 6.280 6.287 6.294 6.301 6.309 6.316 6.323 6.330 6.337
5.724 5.733 5.742 5.751 5.760 5.769 5.778 5.786 5.795 5.804 5.813 5.822 5.832 5.841 5.849 5.857 5.865 5.873 5.881 5.889 5.897 5.905 5.914 5.922 5.930 5.938 5.946 5.955 5.963 5.971 5.979 5.988 5.996 6.004 6.013 6.022 6.030 6.038 6.046 6.054 6.062 6.070 6.078 6.085 6.093 6.101 6.109 6.117 6.125 6.133 6.141 6.149 6.157 6.165 6.173 6.181 6.190 6.198 6.207 6.215 6.223 6.230 6.238 6.245 6.253 6.260 6.267 6.274 6.281 6.289 6.296 6.303 6.309 6.316 6.323 6.330 6.337
5.733 5.742 5.751 5.759 5.768 5.777 5.785 5.794 5.803 5.812 5.821 5.830 5.839 5.848 5.856 5.864 5.871 5.879 5.887 5.895 5.903 5.911 5.919 5.928 5.936 5.944 5.952 5.960 5.968 5.976 5.984 5.992 6.001 6.009 6.017 6.026 6.035 6.042 6.050 6.058 6.066 6.073 6.081 6.089 6.097 6.104 6.112 6.120 6.128 6.136 6.144 6.152 6.160 6.168 6.176 6.184 6.192 6.200 6.209 6.217 6.225 6.232 6.240 6.247 6.255 6.262 6.269 6.276 6.283 6.290 6.297 6.304 6.311 6.318 6.325 6.331 6.338
5.743 5.751 5.760 5.768 5.777 5.785 5.794 5.802 5.811 5.820 5.828 5.837 5.846 5.855 5.863 5.871 5.878 5.886 5.894 5.902 5.910 5.918 5.926 5.934 5.942 5.950 5.958 5.966 5.974 5.982 5.990 5.998 6.006 6.014 6.022 6.031 6.039 6.047 6.055 6.062 6.070 6.077 6.085 6.093 6.100 6.108 6.116 6.123 6.131 6.139 6.147 6.155 6.163 6.171 6.179 6.187 6.195 6.203 6.211 6.220 6.227 6.235 6.242 6.250 6.257 6.264 6.271 6.278 6.285 6.292 6.299 6.306 6.312 6.319 6.326 6.333 6.340
5.752 5.761 5.769 5.778 5.786 5.794 5.803 5.811 5.819 5.828 5.837 5.845 5.854 5.863 5.870 5.878 5.886 5.893 5.901 5.909 5.917 5.924 5.932 5.940 5.948 5.956 5.964 5.972 5.980 5.987 5.995 6.003 6.011 6.019 6.027 6.036 6.044 6.052 6.059 6.067 6.074 6.082 6.089 6.097 6.104 6.112 6.119 6.127 6.135 6.143 6.150 6.158 6.166 6.174 6.182 6.190 6.198 6.206 6.214 6.222 6.230 6.237 6.245 6.252 6.259 6.266 6.273 6.280 6.287 6.294 6.301 6.308 6.314 6.321 6.328 6.335 6.341
5.763 5.771 5.779 5.787 5.796 5.804 5.812 5.820 5.828 5.837 5.845 5.854 5.863 5.871 5.878 5.886 5.893 5.901 5.908 5.916 5.924 5.931 5.939 5.947 5.955 5.962 5.970 5.978 5.986 5.994 6.001 6.009 6.017 6.025 6.033 6.041 6.049 6.057 6.064 6.072 6.079 6.086 6.094 6.101 6.108 6.116 6.123 6.131 6.139 6.146 6.154 6.162 6.169 6.177 6.185 6.193 6.201 6.209 6.217 6.225 6.233 6.240 6.247 6.255 6.262 6.269 6.276 6.283 6.290 6.297 6.303 6.310 6.317 6.324 6.330 6.337 6.344
5.773 5.781 5.790 5.798 5.806 5.814 5.822 5.830 5.838 5.846 5.854 5.863 5.872 5.880 5.887 5.894 5.902 5.909 5.916 5.924 5.931 5.939 5.947 5.954 5.962 5.969 5.977 5.985 5.992 6.000 6.008 6.015 6.023 6.031 6.039 6.047 6.055 6.062 6.070 6.077 6.084 6.091 6.098 6.106 6.113 6.120 6.128 6.135 6.143 6.150 6.158 6.166 6.173 6.181 6.189 6.196 6.204 6.212 6.221 6.228 6.236 6.243 6.251 6.258 6.265 6.272 6.279 6.286 6.293 6.299 6.306 6.313 6.319 6.326 6.333 6.339 6.346
5.784 5.792 5.800 5.808 5.816 5.824 5.832 5.840 5.848 5.856 5.864 5.872 5.881 5.889 5.896 5.903 5.910 5.917 5.925 5.932 5.939 5.947 5.954 5.962 5.969 5.977 5.984 5.992 5.999 6.007 6.014 6.022 6.030 6.037 6.045 6.053 6.061 6.068 6.075 6.082 6.089 6.097 6.104 6.111 6.118 6.125 6.132 6.140 6.147 6.155 6.162 6.170 6.177 6.185 6.192 6.200 6.208 6.216 6.224 6.232 6.239 6.247 6.254 6.261 6.268 6.275 6.282 6.289 6.296 6.302 6.309 6.316 6.322 6.329 6.335 6.342 6.349
5.795 5.803 5.811 5.819 5.827 5.835 5.843 5.851 5.858 5.866 5.874 5.883 5.891 5.898 5.905 5.912 5.919 5.926 5.933 5.941 5.948 5.955 5.962 5.970 5.977 5.985 5.992 5.999 6.007 6.014 6.021 6.029 6.036 6.044 6.052 6.060 6.067 6.074 6.081 6.088 6.095 6.102 6.109 6.116 6.123 6.130 6.137 6.145 6.152 6.159 6.167 6.174 6.181 6.189 6.197 6.204 6.212 6.220 6.228 6.236 6.243 6.250 6.257 6.264 6.271 6.278 6.285 6.292 6.299 6.305 6.312 6.319 6.325 6.332 6.338 6.345 6.352
5.807 5.815 5.823 5.831 5.838 5.846 5.854 5.861 5.869 5.877 5.885 5.893 5.901 5.908 5.915 5.922 5.929 5.936 5.943 5.950 5.957 5.964 5.971 5.978 5.985 5.993 6.000 6.007 6.014 6.022 6.029 6.036 6.043 6.051 6.058 6.066 6.074 6.081 6.088 6.094 6.101 6.108 6.115 6.122 6.128 6.135 6.142 6.150 6.157 6.164 6.171 6.179 6.186 6.193 6.201 6.208 6.216 6.224 6.232 6.239 6.247 6.254 6.261 6.268 6.275 6.282 6.289 6.295 6.302 6.309 6.315 6.322 6.329 6.335 6.342 6.348 6.355
5.819 5.826 5.834 5.842 5.850 5.857 5.865 5.873 5.880 5.888 5.896 5.904 5.912 5.919 5.925 5.932 5.939 5.945 5.952 5.959 5.966 5.973 5.980 5.987 5.994 6.001 6.008 6.015 6.022 6.029 6.036 6.044 6.051 6.058 6.066 6.073 6.081 6.087 6.094 6.101 6.107 6.114 6.121 6.127 6.134 6.141 6.148 6.155 6.162 6.169 6.176 6.183 6.191 6.198 6.205 6.213 6.220 6.228 6.236 6.244 6.251 6.258 6.265 6.272 6.279 6.285 6.292 6.299 6.306 6.312 6.319 6.326 6.332 6.339 6.345 6.352 6.358
5.830 5.838 5.846 5.854 5.861 5.869 5.877 5.884 5.892 5.899 5.907 5.915 5.923 5.929 5.936 5.942 5.949 5.956 5.962 5.969 5.976 5.982 5.989 5.996 6.003 6.010 6.017 6.024 6.031 6.038 6.045 6.052 6.059 6.066 6.073 6.081 6.088 6.094 6.101 6.107 6.114 6.120 6.127 6.133 6.140 6.147 6.154 6.160 6.167 6.174 6.181 6.188 6.195 6.203 6.210 6.217 6.225 6.232 6.240 6.248 6.255 6.262 6.269 6.276 6.282 6.289 6.296 6.303 6.309 6.316 6.323 6.329 6.336 6.342 6.349 6.355 6.362
5.842 5.850 5.858 5.865 5.873 5.881 5.888 5.896 5.903 5.911 5.919 5.926 5.934 5.940 5.947 5.953 5.960 5.966 5.973 5.979 5.986 5.992 5.999 6.006 6.012 6.019 6.026 6.033 6.039 6.046 6.053 6.060 6.067 6.074 6.081 6.089 6.095 6.102 6.108 6.114 6.121 6.127 6.133 6.140 6.146 6.153 6.159 6.166 6.173 6.180 6.186 6.193 6.200 6.207 6.215 6.222 6.229 6.237 6.245 6.252 6.259 6.266 6.273 6.280 6.286 6.293 6.300 6.307 6.313 6.320 6.326 6.333 6.339 6.346 6.352 6.359 6.365
5.854 5.862 5.869 5.877 5.885 5.892 5.900 5.907 5.915 5.922 5.930 5.938 5.945 5.952 5.958 5.964 5.971 5.977 5.983 5.990 5.996 6.002 6.009 6.015 6.022 6.028 6.035 6.042 6.048 6.055 6.061 6.068 6.075 6.082 6.089 6.097 6.103 6.109 6.115 6.121 6.128 6.134 6.140 6.146 6.153 6.159 6.165 6.172 6.179 6.185 6.192 6.199 6.206 6.213 6.220 6.227 6.234 6.241 6.249 6.257 6.263 6.270 6.277 6.284 6.290 6.297 6.304 6.310 6.317 6.324 6.330 6.337 6.343 6.350 6.356 6.362 6.369
