TsunamiDB/out54156.asc
ncols          264
nrows          230
xllcorner      497853.4375
yllcorner      4229146.0000
cellsize         5.
NODATA_value   -99
[rows 136 to 169 of 230, columns 154 to 230 of 264]
7.021 7.025 7.028 7.031 7.035 7.039 7.042 7.046 7.050 7.053 7.057 7.061 7.065 7.069 7.074 7.078 7.082 7.086 7.089 7.093 7.097 7.101 7.105 7.109 7.113 7.118 7.122 7.127 7.133 7.138 7.142 7.145 7.148 7.152 7.156 7.160 7.166 7.174 7.184 7.197 7.213 7.233 7.255 7.274 7.296 7.326 7.360 7.396 7.434 7.475 7.519 7.576 7.637 7.673 7.711 7.765 7.816 7.864 7.908 7.949 7.986 8.014 8.036 8.053 8.070 8.091 8.110 8.129 8.147 8.164 8.180 8.198 8.217 8.229 8.241 8.259 8.278
7.026 7.030 7.033 7.036 7.040 7.043 7.047 7.050 7.054 7.058 7.062 7.065 7.069 7.073 7.078 7.082 7.086 7.089 7.093 7.097 7.101 7.105 7.109 7.113 7.117 7.121 7.126 7.131 7.136 7.141 7.145 7.148 7.150 7.154 7.159 7.163 7.169 7.178 7.189 7.203 7.221 7.242 7.265 7.286 7.309 7.341 7.377 7.416 7.456 7.500 7.549 7.608 7.665 7.700 7.737 7.789 7.838 7.883 7.925 7.963 7.996 8.022 8.043 8.058 8.074 8.093 8.112 8.130 8.146 8.162 8.179 8.197 8.215 8.227 8.240 8.259 8.278
7.032 7.035 7.038 7.041 7.045 7.048 7.051 7.055 7.059 7.062 7.066 7.070 7.073 7.077 7.082 7.086 7.089 7.093 7.097 7.101 7.105 7.108 7.112 7.116 7.120 7.125 7.129 7.134 7.139 7.144 7.148 7.151 7.153 7.157 7.162 7.166 7.173 7.182 7.194 7.210 7.229 7.252 7.277 7.299 7.323 7.358 7.397 7.438 7.481 7.529 7.582 7.638 7.692 7.725 7.761 7.810 7.857 7.900 7.939 7.975 8.004 8.028 8.048 8.063 8.078 8.096 8.113 8.130 8.145 8.161 8.178 8.196 8.214 8.226 8.239 8.258 8.278
7.037 7.040 7.043 7.046 7.049 7.053 7.056 7.060 7.063 7.067 7.070 7.074 7.078 7.081 7.085 7.090 7.093 7.097 7.101 7.104 7.108 7.112 7.116 7.120 7.124 7.128 7.133 7.138 7.142 7.147 7.151 7.153 7.156 7.160 7.165 7.170 7.177 7.187 7.201 7.217 7.238 7.263 7.290 7.313 7.339 7.377 7.418 7.462 7.509 7.560 7.613 7.667 7.717 7.749 7.783 7.830 7.874 7.915 7.952 7.984 8.011 8.034 8.053 8.067 8.081 8.098 8.114 8.129 8.144 8.160 8.176 8.194 8.212 8.224 8.237 8.257 8.277
7.042 7.045 7.048 7.051 7.054 7.058 7.061 7.064 7.068 7.071 7.074 7.078 7.082 7.085 7.089 7.093 7.097 7.101 7.104 7.108 7.112 7.115 7.119 7.123 7.127 7.131 7.136 7.140 7.145 7.150 7.153 7.156 7.159 7.164 7.169 7.175 7.183 7.194 7.208 7.225 7.248 7.274 7.304 7.329 7.357 7.398 7.442 7.490 7.539 7.590 7.642 7.693 7.741 7.771 7.803 7.847 7.889 7.928 7.961 7.992 8.018 8.039 8.058 8.071 8.084 8.100 8.115 8.129 8.144 8.158 8.174 8.191 8.210 8.222 8.236 8.256 8.277
7.047 7.050 7.053 7.056 7.059 7.062 7.066 7.069 7.072 7.075 7.079 7.082 7.086 7.089 7.093 7.097 7.101 7.104 7.108 7.112 7.115 7.119 7.122 7.126 7.130 7.134 7.138 7.143 7.148 7.152 7.156 7.160 7.163 7.168 7.174 7.180 7.189 7.201 7.216 7.234 7.257 7.286 7.320 7.347 7.377 7.421 7.469 7.518 7.568 7.619 7.670 7.718 7.763 7.792 7.821 7.863 7.903 7.939 7.971 7.999 8.024 8.044 8.062 8.074 8.087 8.102 8.116 8.129 8.142 8.156 8.171 8.188 8.207 8.221 8.235 8.255 8.276
7.053 7.055 7.058 7.061 7.064 7.067 7.070 7.073 7.077 7.080 7.083 7.086 7.090 7.093 7.097 7.101 7.104 7.108 7.111 7.115 7.118 7.122 7.125 7.129 7.133 7.137 7.141 7.146 7.150 7.155 7.160 7.163 7.167 7.173 7.179 7.186 7.196 7.209 7.224 7.243 7.268 7.300 7.337 7.366 7.398 7.446 7.497 7.547 7.597 7.647 7.696 7.742 7.784 7.811 7.839 7.878 7.915 7.949 7.979 8.006 8.029 8.049 8.065 8.077 8.089 8.102 8.115 8.128 8.141 8.154 8.168 8.186 8.205 8.219 8.233 8.255 8.277
7.058 7.061 7.063 7.066 7.069 7.072 7.075 7.078 7.081 7.084 7.087 7.091 7.094 7.097 7.101 7.105 7.108 7.111 7.115 7.118 7.122 7.125 7.128 7.132 7.135 7.139 7.143 7.148 7.153 7.158 7.163 7.167 7.171 7.178 7.185 7.193 7.204 7.217 7.233 7.254 7.281 7.316 7.357 7.388 7.422 7.473 7.524 7.574 7.624 7.672 7.719 7.763 7.803 7.828 7.854 7.891 7.925 7.957 7.986 8.012 8.034 8.053 8.068 8.079 8.090 8.102 8.114 8.127 8.138 8.151 8.165 8.183 8.204 8.218 8.233 8.255 8.277
7.063 7.066 7.068 7.071 7.074 7.077 7.080 7.083 7.086 7.089 7.092 7.095 7.098 7.101 7.105 7.108 7.112 7.115 7.118 7.122 7.125 7.128 7.131 7.134 7.138 7.141 7.145 7.150 7.155 7.161 7.167 7.171 7.176 7.183 7.191 7.199 7.211 7.226 7.244 7.266 7.295 7.332 7.376 7.410 7.446 7.498 7.550 7.600 7.649 7.696 7.741 7.782 7.821 7.844 7.868 7.903 7.935 7.966 7.993 8.017 8.039 8.057 8.070 8.080 8.090 8.102 8.114 8.125 8.137 8.149 8.163 8.181 8.202 8.217 8.233 8.255 8.277
7.068 7.071 7.073 7.076 7.079 7.082 7.085 7.087 7.090 7.093 7.096 7.099 7.102 7.105 7.109 7.112 7.115 7.118 7.122 7.125 7.128 7.130 7.133 7.136 7.139 7.143 7.147 7.152 7.158 7.164 7.171 7.176 7.181 7.188 7.197 7.206 7.219 7.236 7.255 7.279 7.309 7.350 7.400 7.436 7.473 7.525 7.577 7.627 7.675 7.720 7.763 7.803 7.839 7.861 7.883 7.916 7.946 7.974 8.000 8.024 8.044 8.061 8.072 8.081 8.090 8.101 8.113 8.124 8.135 8.147 8.161 8.178 8.202 8.218 8.233 8.256 8.277
7.073 7.076 7.078 7.081 7.084 7.086 7.089 7.092 7.095 7.098 7.100 7.103 7.106 7.109 7.112 7.116 7.119 7.122 7.125 7.128 7.130 7.132 7.135 7.138 7.141 7.145 7.149 7.155 7.161 7.168 7.174 7.180 7.185 7.193 7.203 7.214 7.228 7.246 7.268 7.294 7.327 7.375 7.430 7.464 7.501 7.554 7.605 7.654 7.700 7.744 7.785 7.822 7.856 7.877 7.898 7.928 7.957 7.983 8.007 8.029 8.050 8.063 8.072 8.081 8.090 8.100 8.111 8.123 8.134 8.146 8.159 8.179 8.204 8.220 8.235 8.257 8.278
7.078 7.081 7.083 7.086 7.088 7.091 7.094 7.096 7.099 7.102 7.105 7.107 7.110 7.113 7.116 7.119 7.122 7.125 7.127 7.130 7.132 7.134 7.136 7.139 7.143 7.147 7.151 7.157 7.164 7.171 7.177 7.183 7.190 7.199 7.210 7.222 7.239 7.260 7.284 7.314 7.354 7.406 7.458 7.492 7.529 7.581 7.631 7.680 7.724 7.766 7.805 7.841 7.873 7.892 7.912 7.940 7.967 7.991 8.014 8.034 8.052 8.063 8.072 8.081 8.089 8.099 8.110 8.122 8.134 8.146 8.161 8.183 8.206 8.222 8.237 8.258 8.279
7.083 7.085 7.088 7.090 7.093 7.096 7.098 7.101 7.103 7.106 7.109 7.111 7.114 7.116 7.119 7.122 7.125 7.127 7.130 7.132 7.133 7.135 7.137 7.140 7.144 7.148 7.154 7.160 7.166 7.173 7.180 7.187 7.196 7.207 7.218 7.233 7.253 7.277 7.305 7.340 7.384 7.435 7.486 7.520 7.556 7.607 7.657 7.704 7.747 7.788 7.825 7.859 7.889 7.907 7.925 7.952 7.976 7.999 8.019 8.038 8.053 8.064 8.073 8.081 8.088 8.099 8.111 8.123 8.136 8.149 8.166 8.187 8.209 8.224 8.239 8.259 8.279
7.088 7.090 7.093 7.095 7.098 7.100 7.103 7.105 7.108 7.110 7.113 7.115 7.117 7.120 7.123 7.125 7.128 7.130 7.132 7.133 7.134 7.136 7.138 7.142 7.146 7.150 7.156 7.162 7.169 7.176 7.183 7.192 7.203 7.215 7.229 7.247 7.271 7.298 7.330 7.369 7.415 7.464 7.514 7.546 7.582 7.633 7.681 7.727 7.769 7.808 7.844 7.876 7.904 7.921 7.938 7.963 7.985 8.006 8.024 8.040 8.053 8.064 8.074 8.082 8.089 8.100 8.112 8.125 8.139 8.154 8.171 8.191 8.212 8.226 8.241 8.260 8.279
7.092 7.095 7.097 7.100 7.102 7.104 7.107 7.109 7.112 7.114 7.117 7.119 7.121 7.123 7.126 7.128 7.130 7.131 7.133 7.134 7.135 7.136 7.139 7.143 7.147 7.152 7.158 7.164 7.171 7.179 7.187 7.198 7.211 7.226 7.243 7.265 7.292 7.323 7.358 7.399 7.444 7.492 7.541 7.573 7.607 7.657 7.705 7.750 7.791 7.828 7.862 7.892 7.919 7.935 7.951 7.973 7.994 8.012 8.028 8.042 8.055 8.065 8.076 8.083 8.090 8.102 8.115 8.129 8.144 8.160 8.177 8.196 8.215 8.228 8.242 8.261 8.278
7.097 7.099 7.102 7.104 7.106 7.109 7.111 7.114 7.116 7.118 7.121 7.122 7.124 7.126 7.128 7.130 7.131 7.133 7.133 7.134 7.135 7.137 7.140 7.144 7.148 7.153 7.159 7.166 7.174 7.182 7.192 7.205 7.222 7.240 7.259 7.285 7.316 7.350 7.387 7.427 7.472 7.519 7.567 7.599 7.632 7.681 7.728 7.772 7.811 7.847 7.880 7.908 7.933 7.948 7.962 7.983 8.002 8.018 8.032 8.045 8.057 8.067 8.078 8.086 8.093 8.106 8.120 8.134 8.149 8.165 8.183 8.200 8.218 8.231 8.244 8.261 8.278
7.102 7.104 7.106 7.108 7.111 7.113 7.115 7.118 7.120 7.122 7.124 7.126 7.128 7.129 7.131 7.132 7.133 7.133 7.134 7.134 7.135 7.137 7.141 7.144 7.149 7.154 7.161 7.168 7.176 7.186 7.198 7.214 7.235 7.256 7.277 7.308 7.342 7.378 7.415 7.456 7.499 7.545 7.593 7.624 7.657 7.705 7.751 7.793 7.831 7.866 7.897 7.924 7.947 7.960 7.973 7.992 8.009 8.024 8.037 8.048 8.059 8.070 8.082 8.089 8.097 8.110 8.125 8.140 8.155 8.172 8.188 8.205 8.221 8.233 8.246 8.262 8.277
7.106 7.108 7.111 7.113 7.115 7.117 7.120 7.122 7.124 7.126 7.128 7.129 7.131 7.132 7.133 7.133 7.133 7.134 7.134 7.134 7.136 7.138 7.141 7.145 7.149 7.155 7.162 7.170 7.179 7.191 7.205 7.226 7.251 7.273 7.298 7.332 7.368 7.405 7.442 7.482 7.524 7.570 7.618 7.648 7.681 7.728 7.772 7.813 7.849 7.882 7.912 7.937 7.958 7.970 7.982 7.999 8.015 8.029 8.041 8.051 8.062 8.073 8.086 8.094 8.102 8.116 8.131 8.146 8.161 8.177 8.194 8.209 8.224 8.236 8.247 8.262 8.277
7.111 7.113 7.115 7.117 7.120 7.122 7.124 7.126 7.128 7.130 7.132 7.133 7.133 7.134 7.135 7.134 7.134 7.134 7.133 7.134 7.135 7.138 7.140 7.144 7.149 7.155 7.163 7.172 7.183 7.197 7.214 7.237 7.266 7.292 7.320 7.355 7.393 7.431 7.469 7.508 7.549 7.594 7.642 7.673 7.704 7.750 7.793 7.832 7.867 7.898 7.927 7.950 7.970 7.981 7.991 8.007 8.022 8.034 8.045 8.056 8.066 8.077 8.090 8.099 8.107 8.122 8.137 8.152 8.167 8.183 8.199 8.214 8.227 8.238 8.249 8.262 8.276
7.116 7.118 7.120 7.122 7.124 7.126 7.128 7.130 7.132 7.134 7.135 7.136 7.136 7.136 7.136 7.135 7.134 7.133 7.133 7.134 7.135 7.137 7.140 7.144 7.148 7.155 7.164 7.175 7.188 7.205 7.225 7.252 7.287 7.315 7.344 7.381 7.421 7.459 7.496 7.535 7.575 7.619 7.669 7.700 7.730 7.774 7.815 7.852 7.885 7.915 7.942 7.964 7.981 7.991 8.000 8.015 8.028 8.040 8.051 8.061 8.070 8.082 8.096 8.105 8.114 8.129 8.144 8.159 8.174 8.189 8.205 8.219 8.231 8.240 8.250 8.263 8.276
7.121 7.123 7.125 7.127 7.129 7.131 7.133 7.135 7.136 7.138 7.139 7.139 7.139 7.138 7.137 7.136 7.134 7.133 7.133 7.133 7.135 7.136 7.139 7.143 7.148 7.156 7.167 7.179 7.196 7.215 7.239 7.273 7.312 7.341 7.369 7.408 7.448 7.486 7.524 7.562 7.600 7.648 7.699 7.727 7.755 7.798 7.837 7.871 7.902 7.931 7.956 7.975 7.990 7.999 8.008 8.022 8.034 8.046 8.056 8.066 8.075 8.089 8.104 8.113 8.121 8.136 8.151 8.166 8.181 8.196 8.211 8.223 8.233 8.242 8.252 8.264 8.277
7.126 7.128 7.130 7.132 7.134 7.135 7.137 7.139 7.141 7.142 7.143 7.142 7.141 7.140 7.139 7.137 7.135 7.133 7.133 7.133 7.134 7.135 7.139 7.143 7.148 7.158 7.171 7.187 7.207 7.231 7.261 7.299 7.338 7.367 7.396 7.436 7.475 7.514 7.552 7.591 7.632 7.681 7.727 7.753 7.781 7.821 7.857 7.889 7.918 7.945 7.968 7.985 7.999 8.007 8.016 8.028 8.040 8.052 8.062 8.072 8.083 8.097 8.112 8.121 8.129 8.144 8.158 8.173 8.187 8.201 8.215 8.226 8.236 8.245 8.254 8.265 8.277
7.131 7.133 7.135 7.137 7.138 7.140 7.142 7.144 7.145 7.146 7.147 7.146 7.144 7.143 7.141 7.138 7.135 7.133 7.132 7.132 7.132 7.135 7.139 7.144 7.150 7.162 7.178 7.198 7.222 7.251 7.287 7.326 7.365 7.393 7.423 7.463 7.504 7.543 7.582 7.623 7.665 7.711 7.753 7.778 7.804 7.841 7.875 7.906 7.933 7.957 7.977 7.993 8.007 8.015 8.023 8.035 8.047 8.059 8.069 8.080 8.093 8.106 8.121 8.129 8.137 8.151 8.165 8.179 8.193 8.206 8.218 8.229 8.239 8.247 8.255 8.266 8.278
7.137 7.138 7.140 7.142 7.144 7.145 7.147 7.149 7.150 7.151 7.151 7.150 7.147 7.145 7.143 7.139 7.136 7.134 7.132 7.131 7.131 7.135 7.140 7.146 7.154 7.169 7.189 7.213 7.241 7.275 7.313 7.353 7.392 7.420 7.450 7.491 7.532 7.573 7.613 7.655 7.697 7.739 7.779 7.802 7.826 7.861 7.892 7.920 7.945 7.967 7.986 8.002 8.015 8.023 8.030 8.042 8.055 8.066 8.077 8.089 8.102 8.115 8.129 8.136 8.145 8.158 8.172 8.186 8.198 8.210 8.222 8.232 8.242 8.249 8.257 8.268 8.279
7.142 7.144 7.146 7.147 7.149 7.151 7.152 7.154 7.155 7.156 7.155 7.154 7.151 7.148 7.145 7.141 7.137 7.134 7.131 7.130 7.131 7.136 7.143 7.151 7.160 7.179 7.202 7.231 7.264 7.300 7.340 7.380 7.419 7.448 7.478 7.519 7.561 7.603 7.644 7.685 7.727 7.766 7.802 7.824 7.847 7.878 7.907 7.934 7.956 7.977 7.994 8.009 8.023 8.030 8.038 8.050 8.062 8.074 8.086 8.098 8.111 8.124 8.136 8.144 8.152 8.165 8.178 8.191 8.203 8.214 8.225 8.235 8.244 8.252 8.260 8.270 8.281
7.148 7.150 7.151 7.153 7.154 7.156 7.157 7.159 7.160 7.161 7.160 7.158 7.155 7.152 7.148 7.143 7.138 7.134 7.131 7.129 7.132 7.138 7.148 7.157 7.169 7.191 7.219 7.252 7.287 7.326 7.367 7.408 7.448 7.476 7.506 7.548 7.590 7.633 7.674 7.715 7.755 7.792 7.825 7.845 7.866 7.895 7.922 7.946 7.967 7.986 8.003 8.017 8.031 8.038 8.046 8.058 8.070 8.083 8.095 8.107 8.120 8.132 8.144 8.152 8.159 8.172 8.184 8.196 8.207 8.218 8.228 8.238 8.247 8.254 8.262 8.272 8.283
7.154 7.155 7.157 7.159 7.160 7.162 7.163 7.164 7.165 7.166 7.165 7.162 7.158 7.155 7.150 7.144 7.139 7.134 7.131 7.129 7.133 7.142 7.155 7.165 7.180 7.207 7.239 7.274 7.312 7.352 7.394 7.436 7.476 7.504 7.534 7.577 7.620 7.662 7.703 7.743 7.781 7.816 7.846 7.864 7.884 7.910 7.934 7.957 7.977 7.995 8.011 8.025 8.039 8.046 8.054 8.066 8.079 8.091 8.103 8.116 8.128 8.140 8.152 8.159 8.166 8.178 8.189 8.201 8.211 8.221 8.231 8.241 8.250 8.257 8.264 8.274 8.285
7.160 7.161 7.163 7.164 7.166 7.167 7.169 7.170 7.171 7.171 7.170 7.167 7.162 7.158 7.153 7.146 7.140 7.135 7.131 7.131 7.136 7.147 7.163 7.176 7.194 7.224 7.258 7.296 7.336 7.377 7.420 7.462 7.503 7.531 7.561 7.604 7.647 7.689 7.729 7.768 7.804 7.836 7.864 7.881 7.899 7.923 7.946 7.967 7.986 8.003 8.019 8.033 8.046 8.054 8.061 8.074 8.087 8.099 8.112 8.124 8.136 8.148 8.158 8.165 8.172 8.183 8.194 8.205 8.215 8.225 8.234 8.243 8.252 8.259 8.267 8.276 8.286
7.166 7.167 7.169 7.170 7.172 7.173 7.174 7.175 7.176 7.177 7.175 7.172 7.167 7.162 7.156 7.148 7.141 7.136 7.132 7.133 7.140 7.153 7.172 7.187 7.208 7.241 7.278 7.318 7.359 7.401 7.445 7.488 7.529 7.558 7.589 7.631 7.673 7.715 7.754 7.791 7.826 7.857 7.882 7.898 7.914 7.936 7.958 7.978 7.995 8.012 8.027 8.041 8.055 8.062 8.069 8.082 8.095 8.107 8.120 8.132 8.144 8.155 8.165 8.172 8.178 8.189 8.199 8.209 8.219 8.228 8.237 8.246 8.255 8.262 8.269 8.278 8.288
7.172 7.173 7.175 7.176 7.177 7.179 7.180 7.181 7.182 7.182 7.181 7.177 7.171 7.165 7.158 7.150 7.143 7.137 7.134 7.136 7.145 7.161 7.184 7.202 7.224 7.260 7.299 7.341 7.384 7.428 7.472 7.516 7.559 7.588 7.618 7.660 7.701 7.742 7.779 7.816 7.849 7.878 7.901 7.915 7.930 7.950 7.970 7.989 8.005 8.021 8.036 8.050 8.064 8.071 8.078 8.091 8.103 8.116 8.128 8.140 8.152 8.163 8.173 8.178 8.185 8.194 8.204 8.214 8.223 8.232 8.241 8.249 8.258 8.264 8.271 8.280 8.290
7.178 7.179 7.181 7.182 7.183 7.185 7.186 7.187 7.188 7.188 7.186 7.182 7.175 7.168 7.161 7.152 7.144 7.138 7.137 7.141 7.152 7.173 7.200 7.218 7.241 7.280 7.322 7.365 7.410 7.455 7.500 7.546 7.589 7.617 7.646 7.688 7.729 7.768 7.804 7.839 7.871 7.896 7.916 7.930 7.944 7.963 7.982 8.000 8.016 8.031 8.046 8.060 8.073 8.080 8.087 8.100 8.112 8.125 8.137 8.149 8.161 8.170 8.179 8.185 8.191 8.200 8.209 8.218 8.227 8.236 8.244 8.253 8.261 8.267 8.273 8.283 8.292
7.184 7.185 7.187 7.188 7.189 7.191 7.192 7.193 7.194 7.194 7.192 7.186 7.179 7.172 7.165 7.155 7.147 7.142 7.142 7.149 7.164 7.189 7.216 7.236 7.261 7.301 7.345 7.391 7.437 7.483 7.530 7.576 7.619 7.647 7.675 7.716 7.755 7.793 7.828 7.860 7.890 7.912 7.932 7.945 7.958 7.976 7.994 8.011 8.027 8.041 8.056 8.069 8.082 8.089 8.096 8.109 8.121 8.134 8.146 8.157 8.168 8.178 8.186 8.191 8.197 8.206 8.214 8.223 8.231 8.239 8.248 8.256 8.264 8.270 8.276 8.285 8.294
7.190 7.191 7.193 7.194 7.195 7.197 7.198 7.199 7.200 7.200 7.197 7.192 7.184 7.177 7.169 7.159 7.152 7.148 7.150 7.159 7.178 7.204 7.233 7.253 7.280 7.323 7.369 7.417 7.464 7.513 7.561 7.606 7.648 7.675 7.702 7.742 7.780 7.816 7.849 7.879 7.906 7.928 7.947 7.959 7.972 7.989 8.006 8.022 8.038 8.052 8.066 8.079 8.092 8.099 8.106 8.118 8.131 8.143 8.155 8.166 8.176 8.185 8.193 8.198 8.203 8.211 8.220 8.228 8.236 8.244 8.251 8.259 8.267 8.273 8.279 8.287 8.297
7.196 7.197 7.199 7.200 7.201 7.203 7.204 7.205 7.206 7.206 7.203 7.197 7.189 7.182 7.174 7.164 7.158 7.156 7.160 7.172 7.193 7.220 7.250 7.272 7.300 7.345 7.393 7.443 7.493 7.542 7.590 7.635 7.676 7.701 7.728 7.766 7.803 7.837 7.868 7.897 7.922 7.943 7.961 7.973 7.985 8.002 8.018 8.034 8.049 8.063 8.077 8.089 8.101 8.108 8.115 8.128 8.140 8.152 8.164 8.174 8.184 8.193 8.201 8.205 8.210 8.218 8.226 8.233 8.241 8.248 8.255 8.263 8.270 8.276 8.282 8.291 8.300
