TsunamiDB/out54106.asc
ncols          264
nrows          230
xllcorner      497853.4375
yllcorner      4229146.0000
cellsize         5.
NODATA_value   -99
[rows 102 to 135 of 230, columns 154 to 230 of 264]
6.854 6.863 6.872 6.882 6.892 6.902 6.913 6.924 6.936 6.948 6.961 6.974 6.987 7.000 7.014 7.028 7.042 7.055 7.068 7.081 7.093 7.106 7.118 7.130 7.142 7.153 7.164 7.175 7.186 7.197 7.207 7.216 7.226 7.235 7.244 7.253 7.262 7.270 7.279 7.288 7.297 7.306 7.314 7.322 7.331 7.340 7.350 7.359 7.369 7.379 7.389 7.399 7.409 7.420 7.430 7.441 7.453 7.464 7.475 7.486 7.496 7.507 7.520 7.537 7.555 7.576 7.604 7.638 7.677 7.726 7.785 7.856 7.930 7.976 8.026 8.102 8.173
6.865 6.874 6.883 6.892 6.902 6.913 6.923 6.935 6.946 6.958 6.971 6.984 6.997 7.010 7.024 7.038 7.052 7.066 7.079 7.092 7.104 7.117 7.129 7.141 7.153 7.165 7.176 7.188 7.198 7.209 7.219 7.229 7.239 7.248 7.257 7.266 7.275 7.284 7.293 7.302 7.311 7.319 7.327 7.335 7.344 7.353 7.362 7.372 7.382 7.392 7.402 7.411 7.421 7.431 7.441 7.451 7.462 7.473 7.485 7.497 7.510 7.523 7.539 7.559 7.580 7.605 7.637 7.672 7.712 7.759 7.819 7.892 7.968 8.015 8.064 8.141 8.209
6.875 6.884 6.893 6.902 6.912 6.923 6.933 6.944 6.956 6.968 6.981 6.993 7.007 7.020 7.034 7.048 7.062 7.076 7.089 7.102 7.115 7.128 7.140 7.153 7.165 7.177 7.188 7.199 7.211 7.221 7.232 7.242 7.251 7.261 7.270 7.279 7.288 7.297 7.306 7.315 7.324 7.332 7.340 7.348 7.357 7.365 7.374 7.384 7.394 7.404 7.414 7.423 7.432 7.441 7.450 7.460 7.471 7.482 7.495 7.509 7.524 7.541 7.560 7.582 7.606 7.635 7.669 7.707 7.748 7.795 7.854 7.926 8.006 8.054 8.103 8.177 8.244
6.885 6.894 6.903 6.912 6.922 6.932 6.943 6.954 6.966 6.978 6.990 7.003 7.016 7.030 7.044 7.058 7.072 7.086 7.100 7.113 7.126 7.139 7.151 7.164 7.176 7.188 7.200 7.211 7.222 7.233 7.244 7.254 7.264 7.273 7.283 7.292 7.301 7.310 7.319 7.328 7.336 7.344 7.352 7.360 7.369 7.377 7.386 7.396 7.406 7.416 7.426 7.434 7.442 7.450 7.459 7.468 7.479 7.491 7.505 7.521 7.539 7.559 7.582 7.607 7.633 7.665 7.702 7.743 7.784 7.832 7.889 7.963 8.049 8.097 8.144 8.216 8.280
6.894 6.903 6.912 6.922 6.932 6.942 6.952 6.963 6.975 6.987 6.999 7.012 7.026 7.039 7.053 7.067 7.082 7.096 7.110 7.123 7.136 7.149 7.162 7.175 7.187 7.199 7.211 7.223 7.234 7.245 7.256 7.266 7.276 7.286 7.295 7.304 7.313 7.322 7.331 7.340 7.349 7.356 7.364 7.372 7.380 7.389 7.398 7.407 7.417 7.427 7.436 7.444 7.451 7.459 7.468 7.477 7.488 7.500 7.516 7.535 7.556 7.579 7.605 7.632 7.660 7.695 7.735 7.778 7.823 7.871 7.927 8.011 8.100 8.143 8.186 8.255 8.315
6.903 6.912 6.921 6.931 6.940 6.951 6.961 6.972 6.984 6.996 7.008 7.021 7.034 7.048 7.062 7.076 7.091 7.106 7.119 7.133 7.146 7.159 7.173 7.185 7.198 7.210 7.223 7.234 7.246 7.257 7.268 7.278 7.288 7.298 7.307 7.317 7.326 7.335 7.343 7.352 7.361 7.368 7.376 7.384 7.392 7.400 7.409 7.418 7.428 7.438 7.446 7.453 7.460 7.468 7.476 7.486 7.497 7.512 7.529 7.550 7.574 7.600 7.630 7.658 7.688 7.727 7.770 7.816 7.864 7.917 7.982 8.066 8.146 8.186 8.228 8.292 8.348
6.911 6.921 6.930 6.939 6.949 6.959 6.969 6.980 6.992 7.004 7.016 7.029 7.043 7.056 7.071 7.085 7.100 7.115 7.128 7.142 7.156 7.169 7.183 7.196 7.209 7.221 7.234 7.246 7.257 7.269 7.279 7.290 7.300 7.310 7.319 7.329 7.338 7.347 7.355 7.364 7.372 7.380 7.387 7.395 7.403 7.411 7.420 7.429 7.438 7.447 7.455 7.462 7.469 7.477 7.485 7.495 7.508 7.524 7.544 7.566 7.593 7.623 7.656 7.686 7.717 7.760 7.808 7.858 7.910 7.970 8.040 8.118 8.190 8.227 8.267 8.326 8.378
6.919 6.928 6.938 6.947 6.957 6.967 6.977 6.988 7.000 7.011 7.024 7.037 7.050 7.064 7.079 7.093 7.108 7.123 7.137 7.151 7.165 7.179 7.192 7.206 7.219 7.232 7.244 7.256 7.268 7.280 7.291 7.301 7.312 7.322 7.331 7.340 7.349 7.358 7.367 7.376 7.384 7.391 7.398 7.405 7.413 7.421 7.430 7.439 7.448 7.456 7.464 7.471 7.478 7.486 7.495 7.506 7.521 7.538 7.559 7.583 7.613 7.647 7.683 7.715 7.749 7.797 7.849 7.903 7.962 8.026 8.095 8.166 8.231 8.265 8.302 8.357 8.404
6.926 6.936 6.945 6.954 6.964 6.974 6.984 6.995 7.007 7.018 7.031 7.044 7.057 7.071 7.086 7.101 7.116 7.131 7.145 7.159 7.174 7.188 7.202 7.215 7.229 7.242 7.254 7.267 7.279 7.291 7.302 7.312 7.323 7.333 7.342 7.352 7.361 7.370 7.378 7.387 7.395 7.402 7.409 7.416 7.423 7.431 7.439 7.448 7.456 7.465 7.472 7.480 7.487 7.496 7.506 7.519 7.534 7.553 7.575 7.602 7.634 7.672 7.712 7.747 7.784 7.836 7.893 7.953 8.015 8.080 8.146 8.211 8.269 8.301 8.335 8.384 8.428
6.933 6.942 6.951 6.961 6.970 6.980 6.991 7.002 7.013 7.025 7.037 7.050 7.064 7.078 7.093 7.108 7.123 7.138 7.153 7.167 7.182 7.196 7.210 7.224 7.238 7.251 7.264 7.277 7.289 7.301 7.312 7.323 7.334 7.344 7.353 7.363 7.372 7.381 7.389 7.398 7.406 7.413 7.419 7.426 7.433 7.440 7.448 7.456 7.465 7.473 7.481 7.489 7.498 7.507 7.518 7.532 7.549 7.570 7.593 7.621 7.656 7.698 7.744 7.781 7.820 7.878 7.939 8.002 8.066 8.130 8.194 8.253 8.305 8.335 8.366 8.410 8.450
6.939 6.948 6.957 6.967 6.976 6.986 6.997 7.007 7.019 7.030 7.043 7.056 7.070 7.084 7.098 7.114 7.129 7.145 7.160 7.174 7.189 7.204 7.218 7.232 7.246 7.260 7.273 7.286 7.299 7.311 7.322 7.333 7.344 7.354 7.364 7.373 7.382 7.391 7.400 7.409 7.416 7.423 7.429 7.435 7.442 7.448 7.456 7.464 7.472 7.481 7.490 7.499 7.508 7.518 7.530 7.545 7.564 7.587 7.612 7.642 7.680 7.728 7.779 7.817 7.859 7.922 7.987 8.051 8.114 8.177 8.237 8.292 8.339 8.366 8.394 8.433 8.469
6.944 6.953 6.963 6.972 6.982 6.991 7.002 7.012 7.024 7.035 7.048 7.061 7.075 7.089 7.104 7.119 7.135 7.151 7.166 7.181 7.196 7.211 7.225 7.240 7.254 7.268 7.282 7.295 7.308 7.320 7.332 7.343 7.354 7.364 7.374 7.383 7.392 7.401 7.410 7.419 7.426 7.432 7.438 7.444 7.450 7.456 7.463 7.471 7.480 7.490 7.499 7.509 7.519 7.530 7.543 7.560 7.581 7.605 7.632 7.665 7.707 7.759 7.815 7.855 7.900 7.966 8.032 8.096 8.159 8.219 8.276 8.326 8.369 8.393 8.418 8.454 8.486
6.949 6.958 6.968 6.977 6.986 6.996 7.006 7.017 7.028 7.040 7.052 7.065 7.079 7.093 7.108 7.124 7.140 7.156 7.171 7.186 7.202 7.217 7.232 7.247 7.262 7.276 7.290 7.303 7.316 7.329 7.341 7.352 7.363 7.373 7.383 7.393 7.402 7.411 7.420 7.428 7.435 7.441 7.446 7.452 7.457 7.463 7.470 7.478 7.488 7.498 7.509 7.519 7.530 7.542 7.557 7.575 7.597 7.624 7.653 7.689 7.734 7.789 7.850 7.893 7.940 8.008 8.074 8.139 8.200 8.258 8.312 8.358 8.398 8.420 8.442 8.474 8.504
6.954 6.963 6.972 6.981 6.990 7.000 7.010 7.021 7.032 7.043 7.056 7.069 7.082 7.097 7.112 7.128 7.144 7.160 7.176 7.191 7.207 7.223 7.238 7.253 7.268 7.283 7.297 7.311 7.324 7.337 7.349 7.361 7.372 7.382 7.392 7.402 7.411 7.420 7.429 7.437 7.444 7.449 7.454 7.459 7.464 7.470 7.477 7.485 7.495 7.506 7.518 7.530 7.542 7.555 7.571 7.591 7.615 7.644 7.676 7.715 7.764 7.823 7.890 7.936 7.983 8.051 8.118 8.181 8.241 8.297 8.347 8.390 8.426 8.445 8.465 8.494 8.521
6.958 6.967 6.976 6.985 6.994 7.004 7.014 7.024 7.035 7.047 7.059 7.072 7.085 7.100 7.115 7.131 7.148 7.164 7.179 7.195 7.211 7.227 7.243 7.259 7.274 7.289 7.304 7.318 7.332 7.345 7.357 7.369 7.380 7.390 7.400 7.410 7.419 7.428 7.437 7.445 7.451 7.456 7.460 7.465 7.471 7.476 7.483 7.492 7.503 7.515 7.528 7.540 7.554 7.568 7.585 7.607 7.634 7.665 7.702 7.744 7.796 7.864 7.936 7.979 8.025 8.094 8.160 8.222 8.280 8.333 8.381 8.419 8.451 8.469 8.487 8.513 8.537
6.962 6.971 6.980 6.988 6.998 7.007 7.017 7.027 7.038 7.049 7.061 7.074 7.088 7.102 7.118 7.134 7.150 7.166 7.182 7.199 7.215 7.231 7.248 7.264 7.279 7.295 7.310 7.324 7.338 7.351 7.364 7.376 7.387 7.398 7.408 7.418 7.427 7.436 7.445 7.453 7.458 7.463 7.466 7.472 7.477 7.482 7.490 7.499 7.511 7.524 7.537 7.551 7.567 7.583 7.601 7.626 7.656 7.691 7.731 7.779 7.839 7.910 7.979 8.022 8.067 8.135 8.200 8.261 8.316 8.366 8.410 8.445 8.475 8.491 8.507 8.531 8.552
6.966 6.974 6.983 6.992 7.001 7.010 7.019 7.029 7.040 7.051 7.063 7.076 7.090 7.104 7.119 7.136 7.152 7.168 7.185 7.201 7.218 7.235 7.251 7.268 7.284 7.300 7.315 7.330 7.344 7.358 7.370 7.383 7.394 7.405 7.415 7.425 7.434 7.443 7.452 7.459 7.464 7.468 7.472 7.477 7.483 7.489 7.497 7.507 7.519 7.532 7.547 7.563 7.581 7.599 7.620 7.647 7.682 7.721 7.766 7.820 7.884 7.954 8.021 8.062 8.107 8.174 8.238 8.296 8.349 8.397 8.437 8.470 8.498 8.513 8.527 8.548 8.567
6.970 6.978 6.986 6.995 7.003 7.012 7.022 7.032 7.042 7.053 7.065 7.077 7.091 7.105 7.121 7.137 7.154 7.170 7.186 7.203 7.220 7.237 7.254 7.271 7.288 7.304 7.320 7.335 7.349 7.363 7.376 7.389 7.400 7.411 7.421 7.431 7.440 7.449 7.458 7.465 7.470 7.474 7.478 7.483 7.489 7.495 7.504 7.514 7.526 7.541 7.557 7.576 7.596 7.617 7.640 7.673 7.712 7.755 7.805 7.864 7.929 7.997 8.062 8.101 8.145 8.211 8.273 8.330 8.381 8.425 8.463 8.494 8.520 8.533 8.546 8.565 8.581
6.973 6.981 6.989 6.998 7.006 7.015 7.024 7.034 7.044 7.054 7.066 7.078 7.092 7.106 7.121 7.138 7.154 7.171 7.187 7.205 7.222 7.239 7.257 7.274 7.291 7.307 7.323 7.339 7.354 7.368 7.381 7.394 7.406 7.417 7.427 7.437 7.446 7.455 7.463 7.470 7.475 7.479 7.483 7.489 7.495 7.501 7.510 7.521 7.535 7.550 7.569 7.590 7.614 7.638 7.665 7.702 7.745 7.794 7.847 7.907 7.972 8.038 8.101 8.139 8.181 8.245 8.306 8.361 8.409 8.452 8.488 8.517 8.541 8.553 8.564 8.581 8.595
6.977 6.985 6.992 7.000 7.009 7.017 7.026 7.035 7.045 7.056 7.067 7.079 7.092 7.106 7.121 7.138 7.154 7.171 7.188 7.205 7.223 7.240 7.258 7.276 7.293 7.310 7.326 7.342 7.358 7.372 7.386 7.399 7.410 7.421 7.432 7.441 7.450 7.459 7.467 7.474 7.480 7.484 7.488 7.494 7.500 7.508 7.517 7.529 7.543 7.560 7.581 7.606 7.635 7.662 7.693 7.735 7.783 7.835 7.890 7.949 8.013 8.077 8.139 8.176 8.216 8.278 8.337 8.391 8.437 8.478 8.512 8.539 8.561 8.571 8.581 8.596 8.608
6.980 6.988 6.995 7.003 7.011 7.019 7.028 7.037 7.047 7.057 7.068 7.080 7.092 7.106 7.121 7.137 7.154 7.170 7.187 7.205 7.223 7.241 7.259 7.277 7.294 7.312 7.329 7.345 7.361 7.376 7.390 7.402 7.414 7.425 7.435 7.445 7.454 7.463 7.471 7.478 7.484 7.488 7.493 7.499 7.506 7.513 7.524 7.537 7.552 7.570 7.595 7.625 7.659 7.689 7.723 7.771 7.823 7.876 7.932 7.990 8.052 8.115 8.176 8.211 8.250 8.311 8.368 8.419 8.464 8.503 8.536 8.561 8.580 8.589 8.597 8.610 8.620
6.984 6.991 6.998 7.006 7.014 7.022 7.030 7.039 7.048 7.058 7.068 7.080 7.092 7.106 7.121 7.137 7.153 7.169 7.187 7.204 7.222 7.240 7.259 7.277 7.295 7.313 7.330 7.347 7.363 7.379 7.393 7.406 7.417 7.428 7.438 7.448 7.457 7.465 7.474 7.482 7.488 7.493 7.497 7.503 7.511 7.519 7.530 7.545 7.562 7.583 7.611 7.646 7.685 7.719 7.757 7.808 7.862 7.917 7.972 8.029 8.089 8.151 8.211 8.246 8.284 8.343 8.397 8.446 8.489 8.526 8.557 8.581 8.597 8.604 8.611 8.622 8.631
6.987 6.994 7.001 7.009 7.016 7.024 7.032 7.040 7.049 7.058 7.069 7.080 7.092 7.105 7.120 7.135 7.152 7.168 7.185 7.203 7.221 7.239 7.258 7.277 7.295 7.313 7.331 7.349 7.365 7.381 7.395 7.408 7.420 7.431 7.441 7.450 7.459 7.468 7.476 7.485 7.491 7.496 7.501 7.508 7.516 7.525 7.537 7.553 7.573 7.598 7.629 7.668 7.713 7.750 7.791 7.845 7.901 7.957 8.012 8.068 8.126 8.186 8.246 8.281 8.317 8.374 8.425 8.472 8.512 8.548 8.578 8.599 8.613 8.619 8.624 8.633 8.642
6.991 6.997 7.004 7.011 7.018 7.026 7.033 7.042 7.050 7.059 7.069 7.080 7.092 7.104 7.118 7.134 7.150 7.166 7.183 7.201 7.219 7.238 7.257 7.276 7.294 7.313 7.331 7.349 7.366 7.382 7.396 7.409 7.421 7.432 7.442 7.451 7.460 7.469 7.478 7.487 7.494 7.500 7.504 7.512 7.520 7.530 7.545 7.563 7.585 7.614 7.650 7.694 7.744 7.784 7.827 7.883 7.941 7.998 8.053 8.107 8.163 8.222 8.284 8.317 8.351 8.405 8.454 8.497 8.535 8.570 8.598 8.618 8.628 8.632 8.636 8.644 8.652
6.994 7.000 7.007 7.014 7.021 7.028 7.035 7.043 7.051 7.060 7.069 7.080 7.091 7.103 7.117 7.132 7.148 7.164 7.181 7.198 7.217 7.235 7.255 7.274 7.293 7.312 7.331 7.349 7.366 7.382 7.397 7.410 7.422 7.433 7.443 7.452 7.461 7.470 7.480 7.489 7.497 7.502 7.507 7.515 7.525 7.537 7.554 7.574 7.601 7.634 7.673 7.725 7.780 7.820 7.863 7.922 7.981 8.038 8.093 8.146 8.199 8.262 8.324 8.354 8.385 8.436 8.482 8.522 8.558 8.590 8.618 8.633 8.639 8.643 8.647 8.655 8.662
6.996 7.003 7.009 7.016 7.023 7.029 7.037 7.044 7.052 7.060 7.069 7.079 7.090 7.102 7.115 7.130 7.145 7.161 7.178 7.196 7.214 7.233 7.252 7.271 7.291 7.310 7.329 7.348 7.365 7.382 7.397 7.410 7.422 7.433 7.443 7.452 7.461 7.471 7.481 7.491 7.498 7.504 7.510 7.520 7.531 7.546 7.565 7.590 7.620 7.658 7.704 7.760 7.816 7.857 7.901 7.961 8.020 8.078 8.133 8.187 8.243 8.305 8.361 8.389 8.419 8.466 8.508 8.545 8.578 8.608 8.631 8.643 8.651 8.654 8.657 8.664 8.672
6.999 7.005 7.011 7.018 7.024 7.031 7.038 7.045 7.052 7.060 7.069 7.079 7.089 7.101 7.114 7.128 7.143 7.158 7.175 7.192 7.210 7.229 7.248 7.268 7.288 7.307 7.327 7.346 7.364 7.381 7.396 7.409 7.421 7.432 7.442 7.452 7.461 7.472 7.482 7.491 7.499 7.506 7.515 7.526 7.539 7.557 7.580 7.609 7.643 7.687 7.738 7.796 7.852 7.893 7.938 7.999 8.060 8.119 8.175 8.231 8.288 8.345 8.397 8.423 8.450 8.493 8.532 8.566 8.596 8.622 8.641 8.653 8.661 8.664 8.667 8.674 8.683
7.000 7.006 7.013 7.019 7.025 7.032 7.039 7.045 7.053 7.060 7.069 7.078 7.088 7.099 7.111 7.125 7.140 7.155 7.171 7.188 7.206 7.225 7.245 7.264 7.284 7.304 7.324 7.343 7.362 7.379 7.394 7.408 7.419 7.431 7.441 7.451 7.461 7.471 7.481 7.491 7.500 7.509 7.520 7.534 7.550 7.571 7.598 7.631 7.671 7.718 7.773 7.831 7.888 7.930 7.975 8.038 8.100 8.160 8.218 8.275 8.331 8.384 8.430 8.454 8.479 8.519 8.554 8.585 8.611 8.633 8.650 8.662 8.671 8.674 8.676 8.685 8.693
7.001 7.007 7.014 7.020 7.026 7.033 7.039 7.046 7.053 7.060 7.068 7.076 7.086 7.097 7.109 7.122 7.137 7.151 7.167 7.184 7.202 7.221 7.240 7.260 7.280 7.300 7.320 7.340 7.359 7.376 7.392 7.405 7.417 7.429 7.439 7.449 7.459 7.470 7.480 7.491 7.501 7.513 7.527 7.544 7.563 7.589 7.620 7.658 7.701 7.751 7.807 7.866 7.925 7.967 8.013 8.077 8.141 8.203 8.261 8.318 8.372 8.420 8.462 8.484 8.507 8.542 8.574 8.601 8.624 8.643 8.659 8.671 8.680 8.683 8.686 8.695 8.704
7.002 7.008 7.014 7.020 7.026 7.033 7.039 7.045 7.052 7.059 7.067 7.075 7.084 7.095 7.106 7.119 7.133 7.147 7.163 7.180 7.197 7.216 7.235 7.255 7.275 7.296 7.316 7.336 7.355 7.373 7.389 7.403 7.415 7.426 7.437 7.447 7.457 7.468 7.480 7.491 7.504 7.519 7.537 7.557 7.580 7.609 7.645 7.687 7.732 7.783 7.840 7.901 7.962 8.005 8.051 8.117 8.182 8.245 8.303 8.359 8.410 8.455 8.492 8.512 8.532 8.563 8.591 8.616 8.636 8.653 8.667 8.679 8.689 8.692 8.696 8.705 8.716
7.001 7.007 7.013 7.020 7.026 7.032 7.038 7.044 7.051 7.058 7.065 7.073 7.082 7.092 7.103 7.116 7.129 7.143 7.158 7.175 7.192 7.211 7.230 7.250 7.270 7.290 7.311 7.331 7.351 7.369 7.385 7.399 7.411 7.423 7.434 7.444 7.454 7.466 7.479 7.492 7.508 7.527 7.549 7.572 7.598 7.632 7.672 7.716 7.764 7.816 7.874 7.937 8.000 8.043 8.090 8.158 8.224 8.285 8.343 8.397 8.446 8.487 8.520 8.537 8.555 8.583 8.607 8.629 8.647 8.662 8.675 8.687 8.698 8.701 8.705 8.716 8.727
6.999 7.006 7.012 7.018 7.024 7.031 7.037 7.043 7.049 7.056 7.063 7.071 7.079 7.089 7.100 7.112 7.125 7.139 7.153 7.170 7.187 7.205 7.224 7.244 7.264 7.285 7.306 7.326 7.346 7.365 7.381 7.395 7.407 7.419 7.430 7.440 7.451 7.464 7.478 7.494 7.514 7.537 7.563 7.589 7.618 7.657 7.700 7.747 7.795 7.848 7.908 7.973 8.038 8.082 8.130 8.198 8.263 8.324 8.380 8.432 8.477 8.515 8.544 8.560 8.576 8.599 8.621 8.640 8.656 8.670 8.683 8.695 8.706 8.710 8.714 8.726 8.737
6.997 7.003 7.010 7.016 7.022 7.028 7.035 7.041 7.047 7.053 7.060 7.068 7.076 7.085 7.096 7.108 7.120 7.133 7.148 7.164 7.181 7.199 7.218 7.238 7.258 7.279 7.300 7.321 7.341 7.360 7.377 7.390 7.403 7.415 7.426 7.436 7.449 7.463 7.479 7.498 7.521 7.548 7.577 7.607 7.640 7.681 7.728 7.777 7.827 7.881 7.941 8.007 8.076 8.121 8.169 8.237 8.301 8.360 8.414 8.464 8.507 8.542 8.568 8.581 8.595 8.616 8.635 8.652 8.666 8.679 8.691 8.703 8.715 8.719 8.724 8.736 8.748
6.993 7.000 7.006 7.013 7.019 7.025 7.032 7.038 7.044 7.050 7.057 7.064 7.072 7.081 7.092 7.103 7.115 7.128 7.143 7.158 7.175 7.193 7.212 7.231 7.252 7.273 7.294 7.315 7.335 7.355 7.372 7.385 7.397 7.409 7.421 7.432 7.446 7.461 7.480 7.503 7.530 7.561 7.595 7.627 7.662 7.707 7.757 7.808 7.860 7.916 7.976 8.044 8.117 8.163 8.209 8.277 8.339 8.396 8.448 8.496 8.537 8.568 8.590 8.601 8.613 8.631 8.648 8.663 8.676 8.688 8.699 8.711 8.723 8.728 8.733 8.745 8.758
