TsunamiDB/out54106.asc
ncols          264
nrows          230
xllcorner      497853.4375
yllcorner      4229146.0000
cellsize         5.
NODATA_value   -99
[rows 136 to 169 of 230, columns 0 to 76 of 264]
4.880 4.906 4.932 4.957 4.982 5.006 5.030 5.054 5.077 5.098 5.121 5.143 5.165 5.187 5.208 5.230 5.251 5.272 5.293 5.314 5.334 5.355 5.375 5.395 5.415 5.435 5.455 5.475 5.495 5.514 5.534 5.553 5.570 5.588 5.606 5.625 5.643 5.660 5.678 5.695 5.712 5.728 5.744 5.760 5.774 5.789 5.803 5.816 5.828 5.840 5.852 5.862 5.872 5.882 5.890 5.897 5.904 5.911 5.917 5.924 5.931 5.937 5.944 5.951 5.958 5.965 5.972 5.980 5.988 5.996 6.004 6.013 6.022 6.031 6.040 6.049 6.058
4.894 4.920 4.946 4.971 4.995 5.019 5.043 5.067 5.089 5.110 5.133 5.155 5.176 5.198 5.219 5.240 5.261 5.282 5.303 5.323 5.344 5.364 5.384 5.404 5.424 5.443 5.463 5.483 5.502 5.522 5.541 5.560 5.577 5.595 5.614 5.632 5.650 5.668 5.686 5.703 5.720 5.737 5.753 5.769 5.784 5.799 5.814 5.828 5.841 5.854 5.866 5.877 5.888 5.898 5.907 5.915 5.922 5.929 5.936 5.942 5.949 5.955 5.961 5.967 5.974 5.980 5.987 5.994 6.001 6.009 6.016 6.024 6.032 6.041 6.049 6.058 6.067
4.909 4.935 4.960 4.985 5.009 5.033 5.056 5.080 5.102 5.123 5.145 5.166 5.188 5.209 5.230 5.251 5.272 5.292 5.313 5.333 5.353 5.373 5.393 5.413 5.432 5.452 5.471 5.491 5.510 5.529 5.548 5.567 5.584 5.602 5.621 5.639 5.657 5.675 5.693 5.710 5.727 5.744 5.761 5.777 5.793 5.809 5.824 5.838 5.852 5.866 5.878 5.891 5.902 5.913 5.923 5.931 5.939 5.946 5.954 5.961 5.967 5.973 5.979 5.985 5.991 5.997 6.003 6.009 6.016 6.023 6.030 6.037 6.044 6.052 6.060 6.069 6.077
4.924 4.949 4.974 4.999 5.023 5.047 5.070 5.093 5.115 5.136 5.157 5.179 5.200 5.221 5.242 5.262 5.283 5.303 5.323 5.343 5.363 5.383 5.402 5.422 5.441 5.460 5.480 5.499 5.518 5.537 5.556 5.574 5.591 5.609 5.627 5.646 5.664 5.681 5.699 5.717 5.734 5.751 5.768 5.785 5.801 5.817 5.832 5.847 5.862 5.876 5.890 5.903 5.915 5.927 5.937 5.946 5.955 5.963 5.971 5.978 5.985 5.992 5.998 6.004 6.009 6.015 6.021 6.026 6.032 6.038 6.045 6.051 6.058 6.065 6.073 6.080 6.088
4.939 4.964 4.989 5.014 5.037 5.061 5.084 5.107 5.128 5.149 5.170 5.191 5.212 5.233 5.254 5.274 5.294 5.314 5.334 5.353 5.373 5.392 5.412 5.431 5.450 5.469 5.488 5.507 5.526 5.545 5.563 5.581 5.598 5.616 5.634 5.652 5.670 5.688 5.706 5.723 5.741 5.758 5.775 5.792 5.808 5.824 5.840 5.856 5.871 5.885 5.899 5.913 5.926 5.939 5.950 5.959 5.969 5.978 5.987 5.995 6.003 6.010 6.016 6.022 6.028 6.034 6.039 6.044 6.050 6.055 6.061 6.067 6.073 6.079 6.086 6.093 6.100
4.955 4.980 5.004 5.029 5.052 5.076 5.098 5.121 5.142 5.163 5.184 5.205 5.225 5.246 5.266 5.286 5.306 5.325 5.345 5.364 5.383 5.403 5.422 5.440 5.459 5.478 5.497 5.515 5.534 5.552 5.571 5.589 5.606 5.623 5.641 5.659 5.677 5.695 5.712 5.730 5.747 5.764 5.781 5.798 5.815 5.831 5.847 5.863 5.878 5.893 5.908 5.922 5.936 5.949 5.961 5.972 5.982 5.992 6.002 6.011 6.019 6.027 6.034 6.041 6.047 6.052 6.058 6.063 6.068 6.074 6.079 6.084 6.090 6.095 6.101 6.107 6.114
4.971 4.996 5.020 5.044 5.068 5.091 5.113 5.136 5.157 5.177 5.198 5.218 5.239 5.259 5.279 5.299 5.318 5.337 5.357 5.376 5.395 5.413 5.432 5.451 5.469 5.487 5.506 5.524 5.542 5.561 5.579 5.596 5.613 5.631 5.648 5.666 5.684 5.701 5.719 5.736 5.753 5.771 5.788 5.804 5.821 5.837 5.854 5.870 5.885 5.901 5.916 5.930 5.945 5.958 5.971 5.982 5.993 6.004 6.015 6.025 6.034 6.042 6.050 6.058 6.064 6.071 6.077 6.082 6.087 6.092 6.097 6.102 6.107 6.112 6.118 6.123 6.129
4.987 5.012 5.036 5.060 5.083 5.106 5.129 5.151 5.172 5.192 5.212 5.233 5.253 5.273 5.293 5.312 5.331 5.350 5.369 5.388 5.406 5.425 5.443 5.461 5.479 5.497 5.516 5.534 5.552 5.570 5.588 5.605 5.621 5.638 5.656 5.673 5.691 5.708 5.725 5.743 5.760 5.777 5.794 5.811 5.827 5.844 5.860 5.876 5.892 5.907 5.923 5.938 5.952 5.967 5.980 5.992 6.004 6.015 6.026 6.037 6.047 6.057 6.065 6.074 6.081 6.088 6.095 6.101 6.106 6.111 6.116 6.121 6.126 6.131 6.136 6.141 6.146
5.003 5.028 5.052 5.076 5.099 5.122 5.144 5.166 5.187 5.207 5.227 5.248 5.268 5.287 5.307 5.326 5.345 5.363 5.382 5.400 5.418 5.437 5.455 5.472 5.490 5.508 5.526 5.543 5.561 5.579 5.596 5.613 5.630 5.646 5.664 5.681 5.698 5.715 5.732 5.749 5.766 5.783 5.800 5.817 5.833 5.850 5.866 5.882 5.898 5.914 5.929 5.944 5.959 5.974 5.988 6.000 6.013 6.025 6.037 6.048 6.059 6.069 6.079 6.088 6.097 6.104 6.111 6.118 6.124 6.130 6.135 6.140 6.145 6.150 6.154 6.159 6.164
5.019 5.044 5.068 5.092 5.115 5.138 5.160 5.182 5.203 5.223 5.243 5.263 5.283 5.302 5.321 5.340 5.359 5.377 5.396 5.414 5.431 5.449 5.467 5.484 5.502 5.519 5.537 5.554 5.571 5.589 5.606 5.622 5.638 5.655 5.672 5.689 5.706 5.723 5.740 5.756 5.773 5.790 5.807 5.823 5.840 5.856 5.872 5.888 5.904 5.920 5.936 5.951 5.966 5.981 5.995 6.008 6.021 6.033 6.046 6.058 6.070 6.081 6.091 6.101 6.110 6.119 6.127 6.134 6.141 6.147 6.153 6.159 6.164 6.169 6.173 6.178 6.182
5.035 5.060 5.085 5.108 5.132 5.154 5.176 5.198 5.218 5.238 5.259 5.279 5.298 5.318 5.337 5.355 5.374 5.392 5.410 5.428 5.445 5.463 5.480 5.497 5.514 5.531 5.548 5.565 5.582 5.599 5.616 5.632 5.648 5.664 5.681 5.697 5.714 5.730 5.747 5.764 5.780 5.797 5.813 5.830 5.846 5.862 5.878 5.894 5.910 5.926 5.942 5.957 5.972 5.988 6.002 6.015 6.028 6.041 6.054 6.067 6.079 6.091 6.102 6.113 6.123 6.132 6.141 6.149 6.157 6.164 6.170 6.176 6.182 6.187 6.192 6.197 6.202
5.051 5.076 5.101 5.124 5.148 5.170 5.193 5.214 5.234 5.254 5.275 5.294 5.314 5.333 5.352 5.371 5.389 5.407 5.425 5.442 5.459 5.477 5.494 5.510 5.527 5.544 5.561 5.577 5.594 5.610 5.627 5.642 5.658 5.674 5.690 5.706 5.722 5.739 5.755 5.772 5.788 5.804 5.820 5.837 5.853 5.869 5.885 5.901 5.917 5.932 5.948 5.963 5.979 5.994 6.008 6.021 6.035 6.048 6.062 6.075 6.088 6.100 6.112 6.123 6.134 6.144 6.154 6.163 6.171 6.179 6.186 6.193 6.199 6.205 6.210 6.216 6.220
5.067 5.092 5.116 5.140 5.164 5.186 5.209 5.230 5.250 5.270 5.290 5.310 5.330 5.349 5.368 5.386 5.405 5.422 5.440 5.457 5.474 5.491 5.508 5.525 5.541 5.557 5.574 5.590 5.606 5.622 5.638 5.653 5.668 5.684 5.700 5.716 5.732 5.748 5.764 5.780 5.796 5.812 5.828 5.844 5.860 5.876 5.892 5.907 5.923 5.939 5.954 5.970 5.985 6.000 6.015 6.028 6.042 6.055 6.069 6.083 6.096 6.108 6.121 6.133 6.144 6.155 6.165 6.175 6.184 6.193 6.201 6.208 6.215 6.222 6.228 6.233 6.239
5.083 5.108 5.132 5.156 5.179 5.202 5.225 5.246 5.265 5.286 5.306 5.326 5.346 5.365 5.384 5.402 5.420 5.438 5.456 5.473 5.490 5.506 5.523 5.539 5.555 5.571 5.587 5.603 5.619 5.635 5.650 5.665 5.680 5.695 5.710 5.726 5.742 5.757 5.773 5.789 5.804 5.820 5.836 5.852 5.867 5.883 5.899 5.914 5.930 5.946 5.961 5.976 5.992 6.007 6.021 6.035 6.048 6.062 6.076 6.090 6.103 6.116 6.129 6.141 6.153 6.165 6.176 6.186 6.196 6.205 6.214 6.222 6.230 6.237 6.244 6.250 6.256
5.098 5.123 5.147 5.171 5.194 5.217 5.240 5.261 5.281 5.301 5.322 5.342 5.361 5.381 5.399 5.418 5.436 5.454 5.471 5.488 5.505 5.522 5.538 5.554 5.570 5.586 5.602 5.617 5.633 5.648 5.663 5.678 5.692 5.707 5.722 5.737 5.752 5.767 5.783 5.798 5.813 5.829 5.844 5.860 5.875 5.891 5.906 5.922 5.937 5.953 5.968 5.983 5.999 6.014 6.028 6.041 6.055 6.069 6.083 6.097 6.111 6.124 6.137 6.150 6.162 6.174 6.185 6.196 6.207 6.217 6.226 6.235 6.244 6.251 6.259 6.266 6.272
5.113 5.138 5.162 5.186 5.209 5.232 5.255 5.276 5.296 5.316 5.337 5.357 5.377 5.396 5.415 5.433 5.451 5.469 5.487 5.504 5.521 5.537 5.554 5.570 5.585 5.601 5.616 5.632 5.647 5.662 5.677 5.691 5.705 5.719 5.734 5.748 5.763 5.778 5.793 5.808 5.823 5.838 5.853 5.868 5.884 5.899 5.914 5.929 5.945 5.960 5.975 5.990 6.006 6.021 6.035 6.048 6.062 6.076 6.090 6.104 6.118 6.131 6.145 6.157 6.170 6.182 6.194 6.206 6.217 6.227 6.237 6.247 6.256 6.265 6.273 6.280 6.288
5.127 5.152 5.176 5.200 5.223 5.246 5.269 5.290 5.310 5.331 5.351 5.372 5.391 5.411 5.430 5.448 5.467 5.484 5.502 5.519 5.536 5.553 5.569 5.585 5.601 5.616 5.632 5.647 5.662 5.677 5.691 5.704 5.718 5.732 5.746 5.761 5.775 5.790 5.804 5.819 5.833 5.848 5.863 5.878 5.893 5.907 5.923 5.938 5.953 5.968 5.983 5.998 6.013 6.028 6.042 6.055 6.069 6.083 6.097 6.111 6.125 6.139 6.152 6.165 6.178 6.191 6.203 6.215 6.226 6.237 6.248 6.258 6.267 6.277 6.285 6.294 6.302
5.141 5.166 5.190 5.214 5.237 5.260 5.283 5.304 5.324 5.345 5.366 5.386 5.406 5.425 5.444 5.463 5.481 5.499 5.517 5.534 5.551 5.568 5.584 5.600 5.616 5.631 5.647 5.662 5.677 5.692 5.706 5.718 5.732 5.746 5.760 5.774 5.788 5.802 5.816 5.830 5.844 5.858 5.873 5.887 5.902 5.917 5.931 5.946 5.961 5.976 5.991 6.006 6.021 6.035 6.049 6.063 6.077 6.091 6.105 6.119 6.133 6.146 6.160 6.173 6.186 6.199 6.211 6.224 6.235 6.247 6.258 6.268 6.278 6.288 6.297 6.306 6.315
5.155 5.180 5.204 5.228 5.251 5.274 5.296 5.317 5.338 5.358 5.379 5.399 5.419 5.439 5.458 5.477 5.495 5.513 5.531 5.548 5.566 5.582 5.599 5.615 5.631 5.646 5.662 5.677 5.692 5.706 5.720 5.733 5.746 5.760 5.773 5.787 5.801 5.814 5.828 5.842 5.855 5.869 5.883 5.898 5.912 5.926 5.940 5.955 5.970 5.984 5.999 6.014 6.029 6.043 6.057 6.070 6.084 6.098 6.112 6.126 6.140 6.154 6.168 6.181 6.194 6.207 6.220 6.232 6.244 6.256 6.267 6.278 6.289 6.299 6.309 6.318 6.327
5.169 5.193 5.217 5.241 5.264 5.287 5.309 5.330 5.351 5.371 5.392 5.412 5.432 5.452 5.471 5.490 5.509 5.527 5.545 5.562 5.579 5.596 5.613 5.629 5.645 5.661 5.676 5.691 5.706 5.721 5.734 5.747 5.760 5.774 5.787 5.801 5.814 5.827 5.841 5.854 5.867 5.881 5.895 5.908 5.922 5.936 5.950 5.964 5.979 5.993 6.008 6.022 6.037 6.051 6.064 6.078 6.092 6.106 6.120 6.134 6.148 6.162 6.176 6.189 6.202 6.216 6.228 6.241 6.253 6.265 6.277 6.288 6.299 6.309 6.320 6.330 6.339
5.183 5.207 5.231 5.254 5.277 5.300 5.322 5.343 5.363 5.384 5.405 5.425 5.445 5.464 5.484 5.503 5.521 5.540 5.558 5.575 5.593 5.610 5.626 5.643 5.659 5.675 5.690 5.705 5.720 5.735 5.749 5.761 5.775 5.788 5.801 5.814 5.828 5.841 5.854 5.867 5.880 5.893 5.906 5.920 5.933 5.947 5.960 5.974 5.988 6.002 6.017 6.031 6.046 6.059 6.072 6.086 6.100 6.114 6.128 6.142 6.156 6.170 6.184 6.197 6.211 6.224 6.237 6.250 6.262 6.274 6.286 6.298 6.309 6.320 6.330 6.341 6.350
5.196 5.220 5.244 5.267 5.290 5.313 5.335 5.356 5.376 5.397 5.417 5.437 5.457 5.477 5.496 5.515 5.533 5.552 5.570 5.588 5.605 5.622 5.639 5.656 5.672 5.688 5.703 5.719 5.734 5.749 5.762 5.775 5.789 5.802 5.815 5.828 5.841 5.854 5.867 5.880 5.893 5.905 5.918 5.931 5.944 5.957 5.971 5.984 5.998 6.012 6.026 6.040 6.054 6.068 6.081 6.094 6.108 6.122 6.136 6.150 6.164 6.178 6.192 6.205 6.219 6.232 6.245 6.258 6.271 6.283 6.295 6.307 6.319 6.330 6.341 6.352 6.361
5.209 5.233 5.257 5.280 5.303 5.325 5.347 5.368 5.388 5.409 5.429 5.449 5.469 5.488 5.508 5.527 5.545 5.564 5.582 5.599 5.617 5.634 5.651 5.668 5.684 5.700 5.716 5.731 5.747 5.762 5.776 5.789 5.802 5.815 5.829 5.842 5.855 5.868 5.880 5.893 5.905 5.918 5.931 5.943 5.956 5.969 5.982 5.995 6.008 6.022 6.035 6.049 6.063 6.077 6.089 6.103 6.116 6.130 6.144 6.158 6.172 6.186 6.200 6.213 6.227 6.241 6.254 6.267 6.280 6.292 6.305 6.317 6.328 6.340 6.351 6.362 6.372
5.223 5.247 5.270 5.293 5.316 5.338 5.360 5.380 5.400 5.421 5.441 5.461 5.481 5.500 5.519 5.538 5.557 5.575 5.593 5.611 5.628 5.645 5.662 5.679 5.696 5.712 5.728 5.743 5.759 5.774 5.788 5.801 5.815 5.828 5.842 5.855 5.868 5.881 5.893 5.906 5.918 5.931 5.943 5.955 5.968 5.980 5.993 6.006 6.019 6.032 6.045 6.059 6.072 6.085 6.098 6.111 6.125 6.138 6.152 6.166 6.180 6.194 6.208 6.222 6.235 6.249 6.262 6.275 6.288 6.301 6.314 6.326 6.338 6.350 6.361 6.372 6.382
5.236 5.260 5.283 5.306 5.328 5.350 5.372 5.393 5.413 5.433 5.453 5.473 5.492 5.512 5.531 5.549 5.568 5.586 5.604 5.621 5.639 5.656 5.673 5.690 5.706 5.723 5.739 5.755 5.770 5.786 5.800 5.813 5.827 5.841 5.854 5.868 5.881 5.894 5.906 5.919 5.931 5.943 5.955 5.968 5.980 5.992 6.004 6.017 6.029 6.042 6.055 6.068 6.082 6.095 6.107 6.120 6.133 6.147 6.160 6.174 6.188 6.202 6.216 6.230 6.243 6.257 6.270 6.284 6.297 6.310 6.322 6.335 6.347 6.359 6.371 6.382 6.393
5.249 5.273 5.296 5.319 5.341 5.363 5.384 5.405 5.425 5.445 5.465 5.484 5.504 5.523 5.542 5.560 5.579 5.597 5.614 5.632 5.649 5.667 5.683 5.700 5.717 5.733 5.749 5.765 5.781 5.796 5.811 5.824 5.838 5.852 5.866 5.879 5.893 5.906 5.918 5.931 5.943 5.956 5.968 5.980 5.992 6.004 6.016 6.028 6.040 6.053 6.065 6.078 6.091 6.104 6.116 6.128 6.142 6.155 6.169 6.182 6.196 6.210 6.224 6.237 6.251 6.265 6.278 6.292 6.305 6.318 6.331 6.344 6.356 6.368 6.380 6.392 6.403
5.262 5.285 5.308 5.331 5.353 5.375 5.397 5.417 5.437 5.457 5.477 5.496 5.515 5.534 5.553 5.571 5.590 5.607 5.625 5.642 5.660 5.677 5.694 5.710 5.727 5.743 5.759 5.775 5.791 5.806 5.821 5.835 5.849 5.863 5.877 5.891 5.904 5.917 5.930 5.943 5.955 5.968 5.980 5.992 6.004 6.015 6.027 6.039 6.051 6.063 6.076 6.088 6.101 6.113 6.125 6.137 6.150 6.163 6.177 6.190 6.204 6.218 6.231 6.245 6.259 6.273 6.286 6.300 6.313 6.326 6.339 6.352 6.365 6.377 6.390 6.402 6.413
5.274 5.298 5.321 5.343 5.366 5.387 5.409 5.429 5.449 5.469 5.488 5.508 5.527 5.546 5.564 5.583 5.600 5.618 5.636 5.653 5.670 5.687 5.704 5.720 5.736 5.753 5.769 5.785 5.800 5.816 5.831 5.844 5.859 5.873 5.887 5.901 5.915 5.928 5.941 5.954 5.967 5.979 5.991 6.003 6.015 6.027 6.039 6.050 6.062 6.074 6.086 6.098 6.111 6.123 6.134 6.146 6.159 6.172 6.185 6.198 6.212 6.225 6.239 6.253 6.266 6.280 6.294 6.307 6.321 6.334 6.347 6.360 6.373 6.386 6.398 6.411 6.422
5.286 5.310 5.333 5.355 5.377 5.399 5.421 5.441 5.460 5.480 5.500 5.519 5.539 5.557 5.576 5.594 5.612 5.629 5.646 5.663 5.680 5.697 5.713 5.730 5.746 5.762 5.778 5.794 5.810 5.825 5.840 5.854 5.868 5.882 5.897 5.911 5.924 5.938 5.951 5.964 5.977 5.990 6.002 6.014 6.026 6.038 6.050 6.061 6.073 6.085 6.096 6.108 6.121 6.132 6.143 6.155 6.167 6.180 6.193 6.206 6.219 6.233 6.246 6.260 6.274 6.287 6.301 6.315 6.328 6.342 6.355 6.368 6.381 6.394 6.407 6.419 6.431
5.298 5.321 5.344 5.367 5.389 5.411 5.432 5.452 5.472 5.492 5.512 5.531 5.550 5.569 5.587 5.605 5.623 5.640 5.657 5.674 5.691 5.707 5.723 5.740 5.756 5.772 5.787 5.803 5.819 5.834 5.848 5.862 5.877 5.891 5.906 5.920 5.934 5.947 5.961 5.974 5.987 6.000 6.012 6.025 6.037 6.049 6.060 6.072 6.084 6.095 6.107 6.118 6.130 6.142 6.152 6.164 6.176 6.188 6.201 6.214 6.227 6.240 6.254 6.267 6.281 6.294 6.308 6.321 6.335 6.349 6.362 6.375 6.389 6.402 6.415 6.427 6.439
5.308 5.332 5.355 5.377 5.400 5.422 5.443 5.463 5.483 5.503 5.523 5.542 5.561 5.580 5.598 5.616 5.634 5.651 5.668 5.685 5.701 5.718 5.734 5.750 5.765 5.781 5.797 5.812 5.828 5.843 5.857 5.871 5.885 5.900 5.914 5.928 5.942 5.956 5.970 5.983 5.997 6.009 6.022 6.035 6.047 6.059 6.071 6.082 6.094 6.105 6.117 6.128 6.140 6.151 6.162 6.173 6.185 6.197 6.209 6.222 6.234 6.247 6.261 6.274 6.287 6.301 6.314 6.328 6.342 6.355 6.369 6.382 6.396 6.409 6.422 6.435 6.447
5.318 5.342 5.365 5.388 5.410 5.432 5.453 5.473 5.493 5.513 5.533 5.553 5.572 5.591 5.609 5.627 5.645 5.662 5.679 5.696 5.712 5.728 5.744 5.760 5.775 5.791 5.806 5.822 5.837 5.852 5.866 5.879 5.894 5.908 5.922 5.937 5.951 5.965 5.978 5.992 6.005 6.018 6.031 6.044 6.056 6.068 6.080 6.092 6.104 6.115 6.127 6.138 6.150 6.160 6.171 6.182 6.193 6.205 6.217 6.229 6.242 6.255 6.268 6.281 6.294 6.307 6.321 6.334 6.348 6.362 6.375 6.389 6.402 6.415 6.429 6.442 6.454
5.328 5.351 5.374 5.397 5.420 5.442 5.463 5.483 5.503 5.524 5.544 5.563 5.583 5.601 5.620 5.638 5.656 5.673 5.690 5.706 5.723 5.739 5.755 5.770 5.786 5.801 5.816 5.831 5.846 5.861 5.874 5.888 5.902 5.916 5.931 5.945 5.959 5.973 5.987 6.000 6.014 6.027 6.040 6.053 6.065 6.078 6.090 6.101 6.113 6.125 6.136 6.148 6.159 6.170 6.180 6.190 6.202 6.213 6.225 6.237 6.249 6.262 6.275 6.287 6.301 6.314 6.327 6.340 6.354 6.368 6.381 6.395 6.408 6.422 6.435 6.448 6.461
5.337 5.360 5.383 5.406 5.429 5.451 5.472 5.492 5.512 5.533 5.553 5.573 5.592 5.611 5.630 5.648 5.666 5.683 5.701 5.717 5.733 5.749 5.765 5.781 5.796 5.811 5.826 5.841 5.856 5.870 5.883 5.897 5.910 5.925 5.939 5.953 5.967 5.981 5.994 6.008 6.022 6.035 6.048 6.061 6.074 6.086 6.098 6.110 6.122 6.134 6.145 6.157 6.168 6.179 6.189 6.199 6.210 6.221 6.233 6.245 6.257 6.269 6.281 6.294 6.307 6.320 6.333 6.346 6.360 6.373 6.387 6.400 6.414 6.428 6.441 6.454 6.467
