TsunamiDB/out54109.asc
ncols          264
nrows          230
xllcorner      497853.4375
yllcorner      4229146.0000
cellsize         5.
NODATA_value   -99
[rows 136 to 169 of 230, columns 77 to 153 of 264]
6.094 6.101 6.106 6.113 6.120 6.128 6.136 6.144 6.153 6.161 6.170 6.180 6.189 6.199 6.209 6.220 6.231 6.242 6.254 6.266 6.279 6.293 6.306 6.321 6.335 6.349 6.364 6.380 6.397 6.414 6.432 6.451 6.471 6.490 6.511 6.531 6.552 6.573 6.593 6.614 6.634 6.653 6.672 6.690 6.708 6.725 6.741 6.756 6.769 6.781 6.793 6.804 6.815 6.825 6.835 6.844 6.853 6.861 6.869 6.877 6.885 6.892 6.899 6.907 6.914 6.922 6.929 6.937 6.944 6.952 6.959 6.966 6.972 6.978 6.985 6.992 6.998
6.108 6.113 6.119 6.125 6.131 6.138 6.145 6.152 6.160 6.168 6.176 6.185 6.194 6.203 6.212 6.222 6.232 6.242 6.253 6.264 6.276 6.288 6.300 6.313 6.326 6.338 6.351 6.365 6.380 6.395 6.411 6.428 6.446 6.464 6.483 6.502 6.522 6.542 6.563 6.583 6.604 6.624 6.644 6.664 6.683 6.702 6.720 6.736 6.751 6.765 6.778 6.791 6.803 6.814 6.824 6.835 6.844 6.853 6.862 6.870 6.878 6.886 6.894 6.902 6.909 6.917 6.924 6.932 6.940 6.948 6.955 6.961 6.968 6.975 6.981 6.988 6.995
6.124 6.128 6.133 6.138 6.143 6.149 6.156 6.163 6.170 6.177 6.184 6.192 6.200 6.209 6.217 6.226 6.235 6.245 6.255 6.265 6.275 6.286 6.298 6.310 6.320 6.331 6.343 6.355 6.368 6.381 6.396 6.411 6.426 6.442 6.459 6.477 6.495 6.514 6.534 6.554 6.574 6.594 6.615 6.635 6.656 6.676 6.695 6.712 6.729 6.744 6.759 6.773 6.787 6.799 6.811 6.822 6.833 6.843 6.852 6.861 6.870 6.879 6.887 6.895 6.903 6.911 6.919 6.927 6.935 6.943 6.950 6.957 6.963 6.970 6.977 6.984 6.991
6.141 6.144 6.148 6.153 6.158 6.163 6.169 6.174 6.181 6.187 6.194 6.201 6.208 6.216 6.224 6.232 6.240 6.249 6.258 6.268 6.278 6.288 6.298 6.309 6.318 6.328 6.338 6.349 6.361 6.373 6.385 6.398 6.412 6.426 6.441 6.457 6.474 6.491 6.509 6.527 6.546 6.566 6.586 6.606 6.627 6.648 6.667 6.686 6.703 6.720 6.737 6.752 6.767 6.781 6.795 6.807 6.819 6.830 6.841 6.851 6.860 6.869 6.878 6.887 6.895 6.903 6.912 6.920 6.929 6.937 6.944 6.951 6.958 6.965 6.972 6.979 6.986
6.160 6.162 6.166 6.169 6.174 6.178 6.183 6.188 6.194 6.199 6.205 6.211 6.218 6.225 6.232 6.240 6.247 6.255 6.264 6.273 6.282 6.291 6.301 6.310 6.319 6.328 6.337 6.347 6.357 6.368 6.379 6.391 6.403 6.416 6.429 6.443 6.457 6.473 6.489 6.505 6.523 6.541 6.560 6.580 6.600 6.620 6.640 6.658 6.676 6.694 6.712 6.729 6.745 6.760 6.775 6.789 6.802 6.815 6.826 6.837 6.848 6.858 6.867 6.877 6.886 6.895 6.904 6.912 6.921 6.930 6.937 6.944 6.952 6.959 6.966 6.973 6.981
6.179 6.182 6.184 6.188 6.191 6.195 6.199 6.204 6.208 6.213 6.218 6.224 6.230 6.236 6.242 6.249 6.256 6.263 6.271 6.279 6.287 6.296 6.305 6.314 6.321 6.330 6.338 6.348 6.357 6.367 6.377 6.387 6.398 6.409 6.421 6.433 6.446 6.459 6.474 6.489 6.505 6.521 6.538 6.556 6.575 6.595 6.614 6.632 6.650 6.668 6.686 6.704 6.721 6.738 6.754 6.769 6.783 6.797 6.810 6.822 6.833 6.844 6.855 6.865 6.875 6.885 6.894 6.903 6.913 6.922 6.929 6.937 6.945 6.952 6.960 6.967 6.975
6.199 6.201 6.204 6.207 6.210 6.213 6.217 6.221 6.225 6.229 6.233 6.238 6.243 6.248 6.254 6.260 6.266 6.272 6.279 6.287 6.294 6.302 6.311 6.319 6.326 6.334 6.342 6.350 6.359 6.368 6.377 6.386 6.396 6.406 6.417 6.428 6.439 6.451 6.464 6.477 6.491 6.506 6.521 6.538 6.555 6.573 6.591 6.608 6.626 6.644 6.662 6.680 6.697 6.714 6.731 6.747 6.763 6.777 6.791 6.805 6.817 6.829 6.841 6.852 6.863 6.873 6.883 6.893 6.903 6.913 6.921 6.929 6.937 6.945 6.953 6.961 6.968
6.219 6.221 6.224 6.227 6.230 6.233 6.236 6.239 6.242 6.246 6.250 6.254 6.258 6.262 6.267 6.272 6.278 6.283 6.290 6.296 6.303 6.310 6.318 6.325 6.332 6.339 6.347 6.354 6.363 6.371 6.379 6.388 6.397 6.406 6.416 6.426 6.436 6.446 6.458 6.469 6.482 6.495 6.509 6.524 6.539 6.556 6.572 6.588 6.605 6.622 6.639 6.657 6.674 6.692 6.709 6.725 6.742 6.757 6.772 6.786 6.800 6.813 6.826 6.838 6.849 6.861 6.872 6.882 6.893 6.903 6.912 6.920 6.929 6.937 6.945 6.954 6.962
6.239 6.241 6.244 6.247 6.250 6.252 6.255 6.258 6.261 6.264 6.267 6.271 6.274 6.278 6.282 6.286 6.291 6.296 6.301 6.307 6.313 6.320 6.327 6.333 6.340 6.346 6.353 6.360 6.368 6.376 6.383 6.392 6.400 6.408 6.417 6.426 6.435 6.445 6.455 6.465 6.477 6.488 6.501 6.514 6.528 6.543 6.558 6.572 6.588 6.604 6.620 6.637 6.654 6.671 6.688 6.705 6.721 6.737 6.753 6.768 6.782 6.796 6.810 6.823 6.835 6.847 6.859 6.871 6.882 6.892 6.902 6.911 6.920 6.929 6.938 6.946 6.955
6.257 6.260 6.263 6.266 6.269 6.272 6.275 6.278 6.281 6.284 6.286 6.289 6.292 6.295 6.299 6.302 6.306 6.310 6.315 6.320 6.325 6.331 6.337 6.343 6.349 6.354 6.361 6.367 6.374 6.382 6.389 6.397 6.404 6.412 6.420 6.429 6.437 6.446 6.455 6.464 6.474 6.485 6.496 6.508 6.520 6.534 6.547 6.561 6.575 6.589 6.604 6.620 6.636 6.653 6.669 6.686 6.702 6.718 6.734 6.750 6.765 6.780 6.794 6.807 6.821 6.834 6.846 6.858 6.870 6.882 6.892 6.902 6.911 6.921 6.930 6.939 6.948
6.274 6.278 6.282 6.285 6.288 6.292 6.295 6.298 6.301 6.303 6.306 6.309 6.311 6.314 6.317 6.320 6.323 6.326 6.330 6.334 6.339 6.344 6.349 6.354 6.359 6.364 6.370 6.376 6.382 6.389 6.396 6.403 6.410 6.418 6.425 6.433 6.441 6.449 6.457 6.466 6.475 6.484 6.494 6.505 6.516 6.528 6.540 6.552 6.565 6.578 6.592 6.607 6.622 6.638 6.653 6.669 6.685 6.701 6.717 6.733 6.748 6.763 6.778 6.792 6.806 6.820 6.833 6.846 6.859 6.871 6.881 6.892 6.902 6.912 6.922 6.931 6.941
6.291 6.295 6.299 6.303 6.307 6.310 6.314 6.317 6.320 6.323 6.326 6.328 6.331 6.333 6.336 6.338 6.341 6.344 6.347 6.350 6.354 6.358 6.363 6.367 6.371 6.376 6.380 6.386 6.392 6.398 6.404 6.411 6.418 6.424 6.431 6.439 6.446 6.453 6.461 6.469 6.477 6.486 6.495 6.504 6.515 6.526 6.537 6.547 6.559 6.571 6.584 6.597 6.611 6.626 6.641 6.656 6.671 6.687 6.702 6.718 6.733 6.748 6.763 6.778 6.792 6.807 6.820 6.834 6.847 6.860 6.871 6.882 6.893 6.904 6.914 6.924 6.934
6.306 6.310 6.315 6.319 6.324 6.328 6.332 6.336 6.339 6.342 6.345 6.348 6.351 6.353 6.355 6.357 6.360 6.362 6.365 6.367 6.370 6.374 6.378 6.381 6.385 6.388 6.393 6.397 6.403 6.408 6.414 6.420 6.426 6.433 6.439 6.446 6.452 6.459 6.466 6.474 6.481 6.489 6.497 6.506 6.515 6.525 6.535 6.545 6.555 6.566 6.578 6.590 6.603 6.617 6.631 6.645 6.660 6.675 6.690 6.705 6.720 6.735 6.750 6.765 6.780 6.794 6.808 6.822 6.836 6.849 6.861 6.873 6.884 6.895 6.906 6.917 6.927
6.319 6.325 6.330 6.335 6.340 6.345 6.349 6.353 6.357 6.361 6.364 6.367 6.370 6.373 6.375 6.377 6.379 6.381 6.384 6.386 6.388 6.391 6.394 6.397 6.400 6.403 6.406 6.410 6.415 6.420 6.425 6.430 6.436 6.442 6.448 6.454 6.460 6.467 6.473 6.480 6.487 6.494 6.501 6.509 6.518 6.527 6.536 6.545 6.554 6.564 6.575 6.586 6.598 6.611 6.624 6.637 6.651 6.665 6.679 6.694 6.709 6.724 6.738 6.753 6.768 6.783 6.797 6.812 6.826 6.840 6.852 6.864 6.876 6.888 6.899 6.910 6.921
6.332 6.338 6.344 6.350 6.355 6.360 6.365 6.370 6.374 6.378 6.382 6.386 6.389 6.392 6.394 6.397 6.399 6.401 6.403 6.405 6.407 6.410 6.412 6.414 6.416 6.418 6.421 6.425 6.428 6.433 6.437 6.442 6.447 6.453 6.458 6.464 6.469 6.475 6.481 6.487 6.494 6.500 6.507 6.514 6.522 6.531 6.539 6.547 6.555 6.564 6.574 6.584 6.595 6.607 6.619 6.631 6.644 6.658 6.671 6.685 6.700 6.714 6.729 6.743 6.758 6.773 6.787 6.802 6.817 6.831 6.843 6.856 6.868 6.880 6.892 6.904 6.915
6.345 6.351 6.357 6.363 6.369 6.375 6.380 6.385 6.390 6.395 6.399 6.403 6.407 6.410 6.413 6.416 6.418 6.420 6.423 6.425 6.427 6.429 6.431 6.433 6.434 6.435 6.438 6.440 6.444 6.447 6.451 6.455 6.460 6.465 6.469 6.475 6.480 6.485 6.490 6.496 6.502 6.508 6.514 6.521 6.528 6.536 6.543 6.550 6.558 6.566 6.575 6.584 6.595 6.605 6.616 6.628 6.640 6.653 6.666 6.679 6.693 6.707 6.721 6.735 6.750 6.764 6.779 6.794 6.808 6.823 6.836 6.849 6.861 6.874 6.886 6.898 6.910
6.356 6.363 6.370 6.376 6.382 6.389 6.394 6.400 6.405 6.410 6.415 6.420 6.424 6.427 6.431 6.434 6.437 6.440 6.442 6.444 6.446 6.448 6.450 6.452 6.452 6.454 6.455 6.457 6.460 6.463 6.466 6.470 6.474 6.478 6.482 6.487 6.491 6.496 6.501 6.506 6.512 6.517 6.523 6.529 6.535 6.542 6.549 6.555 6.562 6.570 6.578 6.587 6.596 6.606 6.616 6.627 6.638 6.650 6.662 6.675 6.688 6.701 6.715 6.729 6.743 6.757 6.772 6.787 6.801 6.816 6.829 6.842 6.855 6.868 6.880 6.893 6.905
6.367 6.375 6.382 6.388 6.395 6.402 6.408 6.414 6.420 6.425 6.430 6.435 6.440 6.444 6.448 6.452 6.455 6.458 6.461 6.463 6.466 6.468 6.470 6.471 6.472 6.472 6.474 6.475 6.477 6.480 6.483 6.486 6.489 6.493 6.496 6.500 6.505 6.509 6.513 6.518 6.523 6.528 6.533 6.538 6.544 6.551 6.556 6.562 6.568 6.575 6.582 6.590 6.599 6.608 6.618 6.628 6.638 6.650 6.661 6.673 6.685 6.698 6.711 6.724 6.738 6.752 6.766 6.781 6.796 6.810 6.823 6.836 6.850 6.863 6.876 6.888 6.901
6.378 6.386 6.393 6.400 6.407 6.414 6.421 6.427 6.433 6.439 6.445 6.450 6.455 6.460 6.464 6.468 6.472 6.476 6.479 6.482 6.485 6.487 6.489 6.490 6.491 6.492 6.493 6.494 6.496 6.498 6.500 6.503 6.505 6.509 6.512 6.515 6.519 6.523 6.527 6.531 6.535 6.539 6.544 6.549 6.554 6.560 6.565 6.570 6.576 6.582 6.589 6.596 6.604 6.612 6.621 6.630 6.640 6.651 6.662 6.673 6.684 6.696 6.709 6.722 6.735 6.748 6.762 6.777 6.791 6.805 6.818 6.832 6.845 6.858 6.872 6.885 6.897
6.389 6.396 6.404 6.412 6.419 6.427 6.434 6.440 6.447 6.453 6.459 6.464 6.470 6.475 6.480 6.484 6.489 6.493 6.496 6.500 6.503 6.506 6.509 6.510 6.510 6.511 6.512 6.513 6.515 6.516 6.518 6.521 6.523 6.526 6.528 6.531 6.535 6.538 6.541 6.545 6.549 6.553 6.557 6.561 6.566 6.571 6.576 6.580 6.585 6.590 6.596 6.603 6.610 6.618 6.626 6.635 6.644 6.654 6.664 6.675 6.686 6.697 6.709 6.721 6.734 6.747 6.760 6.774 6.788 6.802 6.815 6.828 6.842 6.855 6.868 6.881 6.895
6.398 6.407 6.415 6.423 6.431 6.438 6.446 6.453 6.459 6.466 6.472 6.478 6.484 6.489 6.495 6.500 6.504 6.509 6.513 6.517 6.521 6.524 6.527 6.528 6.529 6.530 6.531 6.533 6.534 6.536 6.537 6.539 6.541 6.543 6.546 6.548 6.551 6.554 6.557 6.560 6.564 6.567 6.571 6.575 6.579 6.584 6.588 6.591 6.595 6.600 6.606 6.612 6.618 6.625 6.633 6.641 6.650 6.659 6.668 6.678 6.689 6.699 6.710 6.722 6.734 6.747 6.760 6.773 6.787 6.800 6.813 6.826 6.839 6.853 6.866 6.879 6.892
6.408 6.416 6.425 6.434 6.442 6.450 6.457 6.465 6.472 6.479 6.485 6.492 6.498 6.503 6.509 6.514 6.520 6.524 6.529 6.533 6.538 6.542 6.545 6.546 6.548 6.549 6.551 6.552 6.553 6.555 6.556 6.558 6.560 6.562 6.564 6.566 6.569 6.571 6.574 6.577 6.580 6.583 6.586 6.590 6.594 6.598 6.601 6.604 6.608 6.612 6.617 6.622 6.628 6.634 6.641 6.649 6.657 6.665 6.674 6.684 6.693 6.703 6.714 6.725 6.737 6.749 6.761 6.774 6.787 6.799 6.812 6.825 6.838 6.851 6.865 6.878 6.891
6.417 6.426 6.435 6.444 6.452 6.461 6.469 6.476 6.484 6.491 6.498 6.504 6.511 6.517 6.523 6.529 6.534 6.539 6.544 6.549 6.554 6.558 6.562 6.564 6.566 6.568 6.569 6.571 6.573 6.574 6.576 6.577 6.579 6.581 6.583 6.585 6.587 6.590 6.592 6.594 6.597 6.600 6.603 6.606 6.609 6.613 6.615 6.618 6.621 6.625 6.629 6.634 6.639 6.645 6.652 6.658 6.666 6.674 6.682 6.691 6.700 6.710 6.720 6.730 6.741 6.752 6.764 6.777 6.789 6.801 6.813 6.826 6.838 6.851 6.864 6.878 6.891
6.425 6.435 6.444 6.453 6.462 6.471 6.479 6.487 6.495 6.503 6.510 6.517 6.523 6.530 6.536 6.542 6.548 6.554 6.559 6.564 6.569 6.574 6.578 6.581 6.583 6.585 6.588 6.590 6.591 6.593 6.595 6.597 6.599 6.600 6.602 6.604 6.606 6.608 6.610 6.613 6.615 6.617 6.620 6.623 6.626 6.629 6.631 6.633 6.636 6.639 6.643 6.647 6.652 6.657 6.663 6.670 6.677 6.684 6.692 6.700 6.708 6.717 6.727 6.737 6.747 6.758 6.769 6.781 6.793 6.804 6.816 6.828 6.840 6.853 6.865 6.878 6.892
6.433 6.443 6.453 6.462 6.472 6.481 6.489 6.498 6.506 6.514 6.521 6.529 6.536 6.542 6.549 6.555 6.562 6.567 6.573 6.579 6.584 6.590 6.594 6.597 6.600 6.603 6.605 6.608 6.610 6.612 6.614 6.616 6.618 6.620 6.622 6.623 6.625 6.627 6.630 6.632 6.634 6.636 6.638 6.641 6.644 6.646 6.648 6.650 6.652 6.655 6.658 6.662 6.666 6.671 6.676 6.682 6.689 6.696 6.703 6.711 6.719 6.727 6.736 6.745 6.755 6.765 6.776 6.787 6.798 6.809 6.820 6.832 6.843 6.856 6.868 6.881 6.893
6.441 6.451 6.461 6.471 6.480 6.490 6.499 6.508 6.516 6.524 6.532 6.540 6.547 6.554 6.561 6.568 6.574 6.581 6.587 6.593 6.598 6.604 6.609 6.613 6.616 6.619 6.622 6.625 6.628 6.630 6.633 6.635 6.637 6.639 6.641 6.643 6.645 6.647 6.649 6.651 6.653 6.655 6.657 6.660 6.662 6.664 6.666 6.667 6.669 6.671 6.674 6.678 6.682 6.686 6.691 6.696 6.702 6.709 6.716 6.723 6.730 6.738 6.747 6.756 6.765 6.774 6.784 6.795 6.806 6.816 6.826 6.837 6.848 6.860 6.872 6.884 6.897
6.447 6.458 6.468 6.479 6.489 6.498 6.508 6.517 6.526 6.534 6.543 6.550 6.558 6.566 6.573 6.580 6.586 6.593 6.599 6.606 6.612 6.618 6.623 6.627 6.631 6.635 6.638 6.642 6.645 6.648 6.650 6.653 6.655 6.658 6.660 6.662 6.664 6.666 6.668 6.670 6.672 6.675 6.677 6.679 6.681 6.683 6.684 6.686 6.687 6.689 6.692 6.695 6.698 6.702 6.707 6.712 6.717 6.723 6.730 6.737 6.744 6.751 6.759 6.768 6.776 6.785 6.795 6.805 6.815 6.824 6.834 6.845 6.855 6.866 6.878 6.889 6.901
6.454 6.464 6.475 6.486 6.496 6.506 6.516 6.525 6.535 6.544 6.552 6.560 6.568 6.576 6.584 6.591 6.598 6.605 6.612 6.618 6.625 6.631 6.637 6.641 6.646 6.650 6.654 6.657 6.661 6.664 6.668 6.671 6.673 6.676 6.678 6.681 6.683 6.685 6.688 6.690 6.692 6.694 6.696 6.698 6.701 6.702 6.703 6.705 6.706 6.708 6.710 6.713 6.716 6.720 6.724 6.728 6.734 6.739 6.745 6.752 6.759 6.766 6.773 6.781 6.789 6.798 6.807 6.816 6.826 6.835 6.844 6.854 6.864 6.874 6.885 6.896 6.907
6.459 6.470 6.481 6.492 6.503 6.513 6.523 6.533 6.543 6.552 6.561 6.570 6.578 6.586 6.594 6.601 6.609 6.616 6.623 6.630 6.637 6.643 6.649 6.654 6.659 6.664 6.668 6.672 6.676 6.680 6.684 6.687 6.690 6.693 6.696 6.699 6.701 6.704 6.706 6.709 6.711 6.713 6.716 6.718 6.720 6.722 6.723 6.724 6.725 6.727 6.729 6.731 6.734 6.738 6.742 6.746 6.751 6.756 6.762 6.768 6.775 6.781 6.789 6.796 6.804 6.812 6.821 6.830 6.839 6.847 6.856 6.865 6.874 6.884 6.894 6.905 6.915
6.464 6.476 6.487 6.498 6.509 6.520 6.530 6.540 6.550 6.560 6.569 6.578 6.587 6.595 6.603 6.611 6.619 6.626 6.633 6.641 6.648 6.655 6.661 6.666 6.672 6.677 6.681 6.686 6.691 6.695 6.699 6.703 6.707 6.710 6.713 6.716 6.719 6.722 6.725 6.727 6.730 6.732 6.735 6.737 6.740 6.742 6.743 6.744 6.745 6.747 6.749 6.751 6.753 6.757 6.760 6.764 6.769 6.774 6.780 6.786 6.792 6.798 6.805 6.812 6.820 6.828 6.836 6.845 6.853 6.861 6.869 6.878 6.887 6.896 6.905 6.915 6.925
6.469 6.481 6.492 6.503 6.514 6.525 6.536 6.547 6.557 6.567 6.576 6.586 6.595 6.603 6.612 6.620 6.628 6.636 6.643 6.651 6.658 6.665 6.672 6.678 6.683 6.689 6.694 6.699 6.704 6.709 6.713 6.718 6.722 6.726 6.729 6.733 6.736 6.739 6.742 6.745 6.748 6.750 6.753 6.756 6.759 6.761 6.762 6.763 6.765 6.766 6.768 6.770 6.773 6.776 6.779 6.783 6.788 6.793 6.798 6.804 6.810 6.816 6.823 6.830 6.837 6.845 6.853 6.861 6.869 6.877 6.885 6.893 6.901 6.909 6.918 6.927 6.937
6.473 6.485 6.497 6.508 6.519 6.531 6.542 6.553 6.563 6.573 6.583 6.593 6.602 6.611 6.620 6.628 6.636 6.644 6.652 6.660 6.668 6.675 6.682 6.688 6.694 6.700 6.705 6.711 6.716 6.722 6.727 6.731 6.736 6.740 6.744 6.748 6.752 6.755 6.759 6.762 6.765 6.768 6.771 6.774 6.777 6.780 6.781 6.783 6.784 6.786 6.788 6.790 6.792 6.795 6.799 6.803 6.807 6.812 6.817 6.822 6.828 6.835 6.841 6.848 6.855 6.862 6.870 6.878 6.886 6.894 6.901 6.909 6.916 6.924 6.933 6.941 6.950
6.477 6.489 6.501 6.512 6.524 6.535 6.547 6.558 6.568 6.579 6.589 6.599 6.608 6.618 6.627 6.635 6.644 6.652 6.660 6.668 6.676 6.684 6.691 6.698 6.704 6.710 6.716 6.722 6.728 6.733 6.739 6.744 6.749 6.754 6.758 6.762 6.766 6.770 6.774 6.778 6.781 6.785 6.788 6.791 6.795 6.797 6.799 6.801 6.803 6.805 6.807 6.809 6.812 6.815 6.818 6.822 6.826 6.831 6.836 6.841 6.847 6.853 6.860 6.867 6.874 6.881 6.889 6.897 6.904 6.911 6.919 6.926 6.933 6.941 6.949 6.957 6.965
6.481 6.493 6.504 6.516 6.528 6.540 6.551 6.562 6.573 6.584 6.594 6.605 6.614 6.624 6.633 6.642 6.651 6.660 6.668 6.676 6.684 6.693 6.700 6.706 6.713 6.719 6.725 6.732 6.738 6.744 6.750 6.755 6.761 6.766 6.771 6.775 6.780 6.784 6.788 6.792 6.796 6.800 6.804 6.808 6.811 6.814 6.817 6.819 6.821 6.823 6.825 6.828 6.830 6.833 6.837 6.841 6.845 6.850 6.855 6.860 6.866 6.872 6.879 6.886 6.893 6.900 6.908 6.916 6.923 6.930 6.937 6.944 6.951 6.959 6.966 6.974 6.981
