TsunamiDB/out54079.asc
ncols          264
nrows          230
xllcorner      497853.4375
yllcorner      4229146.0000
cellsize         5.
NODATA_value   -99
[rows 136 to 169 of 230, columns 152 to 227 of 264]
6.564 6.572 6.580 6.588 6.596 6.603 6.611 6.619 6.629 6.640 6.652 6.667 6.683 6.701 6.721 6.743 6.766 6.790 6.813 6.837 6.861 6.886 6.911 6.935 6.960 6.985 7.009 7.033 7.056 7.078 7.098 7.116 7.131 7.141 7.151 7.164 7.179 7.195 7.217 7.244 7.279 7.319 7.366 7.417 7.470 7.518 7.570 7.635 7.702 7.771 7.840 7.912 7.987 8.077 8.167 8.220 8.275 8.353 8.425 8.490 8.550 8.604 8.652 8.686 8.710 8.726 8.742 8.763 8.783 8.801 8.818 8.833 8.848 8.864 8.882 8.890
6.573 6.582 6.591 6.599 6.607 6.614 6.622 6.631 6.640 6.651 6.663 6.677 6.693 6.711 6.730 6.752 6.775 6.799 6.822 6.847 6.872 6.897 6.922 6.947 6.973 6.998 7.023 7.047 7.071 7.094 7.115 7.133 7.147 7.158 7.169 7.184 7.200 7.218 7.242 7.272 7.309 7.352 7.401 7.455 7.509 7.557 7.610 7.676 7.745 7.815 7.886 7.959 8.040 8.129 8.212 8.262 8.314 8.388 8.456 8.518 8.574 8.624 8.666 8.695 8.718 8.732 8.746 8.765 8.782 8.798 8.813 8.827 8.841 8.857 8.874 8.882
6.583 6.593 6.601 6.610 6.618 6.626 6.634 6.642 6.652 6.662 6.674 6.687 6.703 6.720 6.740 6.761 6.784 6.808 6.832 6.857 6.882 6.908 6.934 6.959 6.985 7.011 7.037 7.062 7.086 7.109 7.130 7.148 7.163 7.176 7.189 7.205 7.223 7.243 7.269 7.302 7.341 7.386 7.438 7.493 7.549 7.598 7.651 7.719 7.791 7.863 7.936 8.013 8.095 8.180 8.256 8.303 8.352 8.421 8.485 8.543 8.595 8.640 8.676 8.704 8.725 8.738 8.749 8.766 8.781 8.795 8.807 8.820 8.833 8.848 8.864 8.872
6.594 6.603 6.612 6.621 6.629 6.638 6.646 6.654 6.663 6.673 6.684 6.698 6.713 6.730 6.749 6.770 6.794 6.817 6.842 6.867 6.892 6.919 6.945 6.971 6.998 7.024 7.050 7.076 7.100 7.124 7.145 7.164 7.180 7.195 7.209 7.228 7.248 7.271 7.299 7.334 7.375 7.421 7.475 7.532 7.590 7.640 7.694 7.766 7.839 7.914 7.990 8.069 8.149 8.228 8.299 8.342 8.388 8.453 8.512 8.567 8.614 8.654 8.686 8.712 8.731 8.742 8.752 8.767 8.779 8.791 8.801 8.812 8.824 8.838 8.853 8.860
6.605 6.614 6.624 6.633 6.641 6.650 6.658 6.666 6.675 6.685 6.696 6.708 6.723 6.740 6.759 6.780 6.803 6.827 6.851 6.877 6.903 6.929 6.956 6.983 7.010 7.036 7.063 7.089 7.114 7.138 7.160 7.181 7.198 7.214 7.231 7.253 7.275 7.300 7.331 7.367 7.409 7.457 7.512 7.571 7.633 7.684 7.740 7.814 7.891 7.969 8.046 8.123 8.201 8.274 8.340 8.379 8.422 8.482 8.537 8.587 8.630 8.667 8.697 8.720 8.737 8.747 8.756 8.767 8.778 8.787 8.796 8.805 8.815 8.828 8.842 8.849
6.616 6.626 6.635 6.645 6.653 6.662 6.670 6.678 6.687 6.697 6.707 6.719 6.733 6.750 6.768 6.789 6.812 6.836 6.861 6.887 6.913 6.940 6.967 6.994 7.021 7.048 7.075 7.102 7.128 7.152 7.176 7.198 7.217 7.236 7.255 7.278 7.304 7.330 7.363 7.402 7.444 7.493 7.549 7.612 7.677 7.730 7.788 7.865 7.944 8.024 8.100 8.176 8.249 8.318 8.379 8.415 8.454 8.509 8.561 8.607 8.646 8.680 8.707 8.728 8.744 8.752 8.759 8.769 8.777 8.784 8.791 8.798 8.807 8.818 8.833 8.839
6.628 6.638 6.648 6.657 6.666 6.675 6.683 6.691 6.700 6.709 6.719 6.731 6.744 6.760 6.778 6.799 6.822 6.846 6.871 6.896 6.923 6.950 6.978 7.005 7.033 7.060 7.088 7.114 7.141 7.167 7.192 7.215 7.238 7.258 7.280 7.305 7.332 7.361 7.396 7.435 7.479 7.528 7.587 7.654 7.723 7.778 7.837 7.918 7.999 8.078 8.153 8.226 8.295 8.359 8.416 8.449 8.484 8.536 8.583 8.626 8.662 8.693 8.719 8.738 8.752 8.758 8.764 8.771 8.777 8.782 8.787 8.792 8.799 8.810 8.825 8.831
6.641 6.651 6.661 6.670 6.679 6.688 6.696 6.705 6.713 6.722 6.731 6.742 6.755 6.771 6.788 6.809 6.831 6.855 6.880 6.906 6.933 6.961 6.988 7.016 7.044 7.072 7.100 7.127 7.155 7.182 7.208 7.234 7.259 7.281 7.305 7.332 7.361 7.392 7.429 7.470 7.514 7.565 7.627 7.698 7.771 7.828 7.889 7.972 8.052 8.129 8.202 8.271 8.337 8.397 8.450 8.481 8.513 8.560 8.604 8.643 8.677 8.707 8.731 8.748 8.759 8.764 8.768 8.773 8.778 8.781 8.784 8.788 8.794 8.805 8.820 8.826
6.654 6.664 6.674 6.684 6.693 6.702 6.710 6.718 6.726 6.735 6.744 6.755 6.767 6.782 6.799 6.819 6.841 6.865 6.890 6.916 6.943 6.971 6.999 7.027 7.055 7.083 7.112 7.140 7.169 7.197 7.226 7.254 7.280 7.305 7.330 7.360 7.391 7.423 7.462 7.504 7.551 7.604 7.667 7.740 7.818 7.877 7.939 8.022 8.101 8.177 8.247 8.314 8.377 8.433 8.483 8.511 8.540 8.584 8.625 8.661 8.693 8.720 8.743 8.758 8.767 8.770 8.772 8.776 8.780 8.783 8.784 8.787 8.792 8.801 8.817 8.824
6.668 6.679 6.688 6.698 6.707 6.716 6.725 6.733 6.741 6.749 6.758 6.768 6.779 6.793 6.810 6.829 6.851 6.875 6.900 6.926 6.953 6.981 7.009 7.037 7.065 7.095 7.125 7.154 7.184 7.214 7.244 7.274 7.303 7.330 7.356 7.387 7.420 7.454 7.495 7.539 7.588 7.643 7.708 7.785 7.870 7.929 7.991 8.073 8.151 8.225 8.293 8.357 8.416 8.469 8.516 8.542 8.568 8.609 8.647 8.680 8.709 8.735 8.756 8.770 8.775 8.777 8.778 8.780 8.783 8.785 8.786 8.788 8.791 8.801 8.819 8.826
6.683 6.693 6.703 6.713 6.722 6.731 6.740 6.748 6.756 6.763 6.772 6.781 6.792 6.805 6.821 6.840 6.862 6.885 6.910 6.936 6.963 6.991 7.019 7.047 7.076 7.107 7.138 7.169 7.200 7.232 7.264 7.296 7.326 7.353 7.381 7.414 7.449 7.486 7.528 7.575 7.627 7.685 7.753 7.839 7.927 7.983 8.042 8.123 8.200 8.271 8.336 8.397 8.453 8.503 8.547 8.571 8.595 8.633 8.668 8.698 8.725 8.749 8.769 8.779 8.782 8.782 8.783 8.785 8.787 8.789 8.790 8.792 8.794 8.806 8.826 8.832
6.698 6.708 6.718 6.728 6.738 6.747 6.755 6.763 6.771 6.778 6.786 6.795 6.805 6.818 6.833 6.851 6.872 6.895 6.920 6.946 6.973 7.000 7.028 7.057 7.088 7.120 7.152 7.185 7.218 7.251 7.284 7.317 7.348 7.377 7.408 7.443 7.480 7.519 7.565 7.616 7.671 7.734 7.809 7.898 7.980 8.034 8.092 8.171 8.245 8.315 8.377 8.435 8.488 8.535 8.576 8.599 8.621 8.656 8.688 8.716 8.741 8.763 8.779 8.786 8.789 8.789 8.789 8.791 8.793 8.795 8.797 8.799 8.804 8.818 8.835 8.840
6.713 6.724 6.734 6.744 6.754 6.763 6.771 6.779 6.787 6.794 6.801 6.809 6.819 6.830 6.844 6.862 6.882 6.905 6.929 6.955 6.982 7.010 7.038 7.068 7.100 7.134 7.168 7.202 7.236 7.271 7.305 7.338 7.370 7.402 7.437 7.474 7.513 7.556 7.606 7.661 7.720 7.789 7.868 7.952 8.031 8.083 8.139 8.216 8.289 8.356 8.416 8.472 8.522 8.566 8.605 8.625 8.646 8.679 8.708 8.733 8.755 8.774 8.787 8.793 8.797 8.797 8.796 8.798 8.801 8.804 8.807 8.811 8.818 8.831 8.846 8.849
6.729 6.739 6.749 6.760 6.770 6.779 6.788 6.796 6.803 6.810 6.817 6.825 6.833 6.844 6.857 6.873 6.893 6.915 6.939 6.964 6.991 7.019 7.049 7.080 7.114 7.149 7.185 7.220 7.256 7.291 7.325 7.360 7.394 7.430 7.468 7.508 7.549 7.598 7.652 7.710 7.774 7.846 7.924 8.005 8.080 8.130 8.184 8.259 8.330 8.394 8.453 8.506 8.553 8.595 8.632 8.650 8.670 8.700 8.726 8.749 8.768 8.783 8.795 8.801 8.805 8.805 8.804 8.807 8.811 8.815 8.820 8.826 8.834 8.845 8.858 8.861
6.744 6.755 6.765 6.776 6.786 6.795 6.804 6.812 6.820 6.827 6.833 6.840 6.848 6.857 6.869 6.884 6.903 6.924 6.948 6.973 7.000 7.029 7.060 7.094 7.129 7.166 7.202 7.239 7.276 7.312 7.347 7.383 7.420 7.460 7.503 7.546 7.591 7.644 7.702 7.764 7.831 7.901 7.977 8.054 8.126 8.175 8.227 8.300 8.368 8.431 8.488 8.538 8.584 8.623 8.657 8.675 8.692 8.719 8.743 8.764 8.780 8.793 8.803 8.809 8.814 8.814 8.813 8.818 8.823 8.829 8.835 8.842 8.851 8.861 8.871 8.873
6.759 6.770 6.781 6.791 6.802 6.812 6.821 6.829 6.837 6.843 6.850 6.856 6.862 6.871 6.881 6.896 6.913 6.933 6.956 6.982 7.010 7.040 7.073 7.109 7.146 7.183 7.221 7.259 7.296 7.334 7.370 7.408 7.448 7.493 7.541 7.588 7.636 7.693 7.755 7.820 7.886 7.955 8.027 8.101 8.171 8.218 8.268 8.339 8.406 8.467 8.521 8.570 8.613 8.650 8.681 8.697 8.713 8.738 8.759 8.777 8.791 8.802 8.811 8.818 8.824 8.825 8.824 8.830 8.837 8.844 8.851 8.859 8.868 8.877 8.885 8.886
6.774 6.785 6.796 6.807 6.818 6.828 6.837 6.846 6.853 6.860 6.866 6.872 6.877 6.884 6.894 6.907 6.923 6.942 6.965 6.991 7.021 7.053 7.088 7.125 7.163 7.201 7.240 7.278 7.318 7.356 7.395 7.435 7.479 7.529 7.583 7.632 7.683 7.745 7.810 7.875 7.939 8.006 8.074 8.146 8.215 8.260 8.308 8.378 8.443 8.501 8.553 8.599 8.640 8.675 8.704 8.718 8.733 8.755 8.774 8.789 8.802 8.812 8.820 8.827 8.835 8.836 8.836 8.844 8.852 8.860 8.868 8.877 8.885 8.893 8.899 8.899
6.789 6.800 6.811 6.822 6.833 6.843 6.853 6.862 6.870 6.877 6.882 6.887 6.892 6.898 6.906 6.918 6.933 6.951 6.974 7.001 7.032 7.066 7.103 7.141 7.180 7.219 7.258 7.298 7.339 7.380 7.421 7.465 7.514 7.569 7.628 7.680 7.733 7.798 7.863 7.927 7.989 8.053 8.119 8.189 8.257 8.301 8.348 8.415 8.477 8.533 8.582 8.627 8.665 8.698 8.724 8.737 8.750 8.769 8.787 8.801 8.812 8.821 8.829 8.837 8.847 8.848 8.849 8.859 8.868 8.877 8.885 8.894 8.902 8.908 8.912 8.911
6.803 6.814 6.826 6.837 6.848 6.859 6.869 6.878 6.886 6.893 6.899 6.903 6.907 6.911 6.918 6.928 6.943 6.961 6.984 7.012 7.044 7.080 7.118 7.158 7.197 7.237 7.277 7.319 7.362 7.406 7.450 7.498 7.551 7.610 7.673 7.728 7.783 7.849 7.914 7.978 8.038 8.100 8.163 8.230 8.298 8.341 8.386 8.451 8.510 8.564 8.610 8.653 8.690 8.720 8.744 8.755 8.766 8.784 8.800 8.813 8.823 8.832 8.839 8.848 8.858 8.861 8.863 8.873 8.883 8.892 8.901 8.910 8.918 8.923 8.926 8.924
6.817 6.828 6.840 6.851 6.863 6.874 6.884 6.894 6.902 6.909 6.914 6.918 6.921 6.924 6.929 6.939 6.953 6.971 6.994 7.023 7.057 7.095 7.134 7.175 7.214 7.255 7.296 7.340 7.387 7.433 7.482 7.535 7.591 7.655 7.724 7.780 7.835 7.901 7.967 8.028 8.087 8.147 8.207 8.272 8.342 8.384 8.427 8.488 8.545 8.594 8.639 8.679 8.714 8.742 8.762 8.772 8.782 8.798 8.813 8.825 8.834 8.843 8.850 8.859 8.872 8.875 8.878 8.889 8.899 8.909 8.918 8.927 8.934 8.939 8.940 8.936
6.830 6.842 6.854 6.865 6.877 6.888 6.899 6.909 6.917 6.924 6.929 6.933 6.935 6.937 6.941 6.950 6.964 6.982 7.006 7.036 7.071 7.110 7.151 7.191 7.232 7.274 7.317 7.364 7.413 7.464 7.518 7.575 7.636 7.708 7.780 7.834 7.887 7.953 8.017 8.077 8.136 8.193 8.250 8.319 8.389 8.427 8.467 8.525 8.578 8.624 8.666 8.704 8.737 8.761 8.778 8.787 8.796 8.811 8.825 8.836 8.846 8.854 8.861 8.873 8.888 8.891 8.894 8.905 8.916 8.926 8.934 8.943 8.950 8.953 8.952 8.948
6.843 6.855 6.867 6.879 6.891 6.902 6.913 6.923 6.932 6.939 6.944 6.947 6.948 6.949 6.953 6.962 6.976 6.994 7.018 7.049 7.085 7.125 7.166 7.208 7.252 7.295 7.340 7.391 7.444 7.500 7.559 7.622 7.690 7.765 7.835 7.886 7.938 8.003 8.067 8.127 8.184 8.241 8.302 8.370 8.433 8.469 8.506 8.560 8.609 8.653 8.692 8.727 8.756 8.777 8.794 8.802 8.810 8.824 8.837 8.849 8.858 8.867 8.876 8.890 8.904 8.907 8.910 8.922 8.932 8.942 8.950 8.958 8.964 8.965 8.964 8.960
6.856 6.868 6.880 6.892 6.904 6.916 6.927 6.937 6.946 6.953 6.958 6.961 6.962 6.963 6.966 6.975 6.988 7.006 7.032 7.063 7.099 7.139 7.182 7.227 7.274 7.319 7.366 7.421 7.480 7.541 7.605 7.674 7.747 7.821 7.888 7.937 7.988 8.052 8.116 8.176 8.233 8.292 8.353 8.417 8.475 8.508 8.543 8.593 8.639 8.679 8.715 8.746 8.772 8.792 8.808 8.816 8.823 8.837 8.850 8.861 8.871 8.882 8.893 8.906 8.919 8.922 8.926 8.937 8.947 8.957 8.965 8.971 8.976 8.977 8.976 8.971
6.869 6.881 6.893 6.906 6.918 6.929 6.941 6.951 6.960 6.967 6.973 6.976 6.976 6.977 6.980 6.988 7.002 7.020 7.045 7.077 7.113 7.154 7.199 7.248 7.298 7.345 7.395 7.456 7.520 7.586 7.655 7.728 7.802 7.874 7.939 7.987 8.037 8.101 8.164 8.224 8.283 8.343 8.402 8.461 8.514 8.544 8.577 8.623 8.665 8.703 8.736 8.764 8.787 8.807 8.822 8.829 8.836 8.850 8.863 8.875 8.886 8.897 8.909 8.922 8.934 8.937 8.941 8.952 8.962 8.971 8.978 8.984 8.987 8.988 8.987 8.983
6.882 6.894 6.906 6.918 6.931 6.942 6.954 6.964 6.973 6.981 6.987 6.990 6.991 6.991 6.994 7.002 7.016 7.034 7.059 7.090 7.127 7.170 7.218 7.271 7.325 7.375 7.429 7.494 7.562 7.634 7.707 7.781 7.855 7.925 7.989 8.036 8.085 8.149 8.211 8.273 8.332 8.391 8.448 8.502 8.551 8.579 8.609 8.651 8.690 8.724 8.754 8.780 8.802 8.821 8.836 8.843 8.850 8.863 8.876 8.889 8.901 8.913 8.926 8.938 8.949 8.952 8.956 8.966 8.976 8.984 8.991 8.995 8.998 8.999 8.998 8.994
6.895 6.907 6.919 6.931 6.944 6.955 6.967 6.978 6.987 6.995 7.001 7.005 7.006 7.006 7.008 7.017 7.030 7.047 7.072 7.104 7.143 7.188 7.240 7.296 7.355 7.408 7.465 7.535 7.608 7.683 7.758 7.833 7.906 7.975 8.038 8.084 8.132 8.195 8.258 8.320 8.379 8.436 8.491 8.541 8.585 8.611 8.638 8.677 8.712 8.744 8.771 8.795 8.816 8.834 8.850 8.857 8.863 8.877 8.890 8.904 8.916 8.929 8.941 8.953 8.964 8.967 8.970 8.980 8.989 8.996 9.002 9.006 9.009 9.010 9.009 9.005
6.907 6.920 6.932 6.944 6.956 6.969 6.980 6.991 7.001 7.010 7.017 7.021 7.022 7.021 7.023 7.031 7.044 7.061 7.086 7.119 7.159 7.207 7.263 7.325 7.388 7.443 7.503 7.578 7.655 7.732 7.807 7.882 7.955 8.023 8.086 8.131 8.177 8.241 8.304 8.365 8.422 8.478 8.530 8.577 8.617 8.641 8.666 8.701 8.733 8.762 8.788 8.810 8.830 8.848 8.863 8.870 8.877 8.891 8.905 8.918 8.931 8.944 8.956 8.968 8.977 8.980 8.984 8.992 9.001 9.008 9.013 9.017 9.019 9.020 9.020 9.015
6.920 6.933 6.945 6.957 6.970 6.982 6.994 7.005 7.015 7.025 7.032 7.036 7.037 7.037 7.038 7.046 7.058 7.075 7.101 7.136 7.178 7.229 7.290 7.356 7.422 7.480 7.543 7.621 7.700 7.778 7.854 7.928 8.000 8.068 8.131 8.174 8.221 8.284 8.346 8.405 8.462 8.515 8.565 8.608 8.645 8.667 8.689 8.721 8.751 8.778 8.802 8.823 8.843 8.861 8.876 8.883 8.890 8.904 8.918 8.932 8.945 8.958 8.970 8.981 8.990 8.993 8.996 9.004 9.011 9.018 9.023 9.027 9.029 9.030 9.030 9.026
6.933 6.946 6.958 6.971 6.983 6.995 7.008 7.019 7.030 7.040 7.048 7.052 7.054 7.053 7.053 7.061 7.073 7.090 7.117 7.153 7.198 7.253 7.317 7.387 7.457 7.517 7.582 7.662 7.742 7.821 7.897 7.971 8.043 8.110 8.173 8.217 8.262 8.324 8.385 8.443 8.498 8.549 8.597 8.638 8.672 8.691 8.712 8.741 8.768 8.794 8.817 8.837 8.857 8.874 8.889 8.896 8.903 8.917 8.931 8.945 8.958 8.971 8.984 8.994 9.003 9.005 9.008 9.015 9.022 9.028 9.033 9.036 9.039 9.040 9.040 9.036
6.947 6.959 6.972 6.984 6.997 7.010 7.022 7.034 7.045 7.056 7.064 7.069 7.070 7.069 7.069 7.076 7.089 7.106 7.134 7.173 7.221 7.279 7.347 7.420 7.495 7.556 7.621 7.704 7.786 7.865 7.941 8.015 8.086 8.154 8.218 8.261 8.305 8.366 8.425 8.481 8.534 8.584 8.629 8.667 8.697 8.715 8.733 8.760 8.786 8.810 8.832 8.852 8.870 8.887 8.902 8.909 8.916 8.930 8.945 8.959 8.972 8.985 8.997 9.007 9.015 9.017 9.019 9.026 9.033 9.038 9.043 9.046 9.048 9.050 9.050 9.045
6.961 6.973 6.986 6.998 7.011 7.024 7.037 7.049 7.061 7.072 7.080 7.086 7.087 7.085 7.085 7.093 7.105 7.124 7.153 7.194 7.246 7.308 7.379 7.459 7.536 7.595 7.661 7.745 7.828 7.908 7.985 8.059 8.129 8.199 8.262 8.303 8.346 8.406 8.463 8.517 8.568 8.615 8.659 8.693 8.719 8.735 8.753 8.778 8.802 8.825 8.846 8.865 8.884 8.900 8.916 8.922 8.929 8.944 8.958 8.972 8.985 8.998 9.010 9.019 9.026 9.028 9.030 9.037 9.042 9.048 9.052 9.055 9.058 9.059 9.059 9.055
6.975 6.987 7.000 7.013 7.026 7.039 7.052 7.065 7.077 7.088 7.098 7.103 7.104 7.102 7.102 7.111 7.125 7.144 7.176 7.220 7.275 7.341 7.417 7.499 7.575 7.634 7.700 7.785 7.869 7.950 8.027 8.102 8.174 8.243 8.305 8.344 8.385 8.443 8.498 8.551 8.599 8.644 8.683 8.714 8.739 8.755 8.772 8.795 8.818 8.840 8.860 8.879 8.897 8.913 8.928 8.935 8.942 8.956 8.971 8.985 8.998 9.010 9.022 9.030 9.037 9.039 9.041 9.046 9.052 9.057 9.061 9.064 9.066 9.067 9.067 9.064
6.989 7.002 7.015 7.028 7.042 7.055 7.068 7.082 7.094 7.105 7.115 7.121 7.123 7.121 7.122 7.132 7.147 7.168 7.202 7.249 7.307 7.377 7.456 7.537 7.613 7.672 7.738 7.824 7.909 7.992 8.070 8.146 8.219 8.286 8.345 8.382 8.422 8.478 8.531 8.581 8.627 8.668 8.704 8.734 8.758 8.774 8.789 8.812 8.834 8.855 8.874 8.893 8.910 8.926 8.941 8.947 8.954 8.969 8.983 8.997 9.010 9.022 9.033 9.041 9.048 9.049 9.051 9.056 9.061 9.066 9.069 9.072 9.074 9.076 9.076 9.072
7.004 7.017 7.031 7.044 7.058 7.071 7.085 7.098 7.111 7.123 7.133 7.140 7.143 7.142 7.144 7.155 7.172 7.195 7.232 7.281 7.342 7.414 7.494 7.574 7.650 7.708 7.775 7.863 7.949 8.033 8.112 8.189 8.261 8.326 8.382 8.418 8.456 8.510 8.561 8.609 8.652 8.690 8.724 8.752 8.776 8.791 8.806 8.828 8.849 8.869 8.888 8.906 8.923 8.938 8.953 8.959 8.966 8.981 8.995 9.009 9.022 9.033 9.043 9.051 9.058 9.059 9.060 9.065 9.070 9.074 9.078 9.080 9.082 9.083 9.084 9.080
