TsunamiDB/out54109.asc
ncols          264
nrows          230
xllcorner      497853.4375
yllcorner      4229146.0000
cellsize         5.
NODATA_value   -99
[rows 34 to 67 of 230, columns 0 to 76 of 264]
-99.000 -99.000 1.653 1.681 1.790 1.992 2.255 2.536 2.799 3.021 3.199 3.338 3.448 3.538 3.614 3.682 3.745 3.803 3.858 3.910 3.960 4.008 4.055 4.100 4.143 4.185 4.226 4.265 4.304 4.342 4.378 4.414 4.449 4.483 4.517 4.549 4.582 4.612 4.642 4.672 4.702 4.732 4.761 4.790 4.818 4.846 4.874 4.902 4.929 4.956 4.983 5.009 5.034 5.060 5.084 5.109 5.132 5.156 5.179 5.201 5.222 5.242 5.262 5.282 5.301 5.321 5.340 5.359 5.377 5.395 5.413 5.431 5.449 5.466 5.483 5.500 5.517
-99.000 1.651 1.659 1.717 1.870 2.105 2.381 2.658 2.905 3.107 3.267 3.392 3.492 3.576 3.648 3.713 3.773 3.830 3.884 3.935 3.984 4.031 4.077 4.121 4.164 4.205 4.245 4.284 4.323 4.360 4.396 4.431 4.466 4.500 4.533 4.565 4.597 4.627 4.657 4.687 4.717 4.746 4.775 4.803 4.831 4.859 4.887 4.914 4.941 4.968 4.994 5.020 5.046 5.071 5.096 5.120 5.144 5.167 5.190 5.212 5.233 5.253 5.273 5.293 5.313 5.332 5.351 5.370 5.388 5.406 5.424 5.441 5.459 5.476 5.493 5.510 5.527
-99.000 1.652 1.674 1.773 1.967 2.226 2.507 2.774 3.002 3.185 3.328 3.441 3.533 3.612 3.680 3.743 3.801 3.857 3.909 3.959 4.007 4.054 4.098 4.142 4.184 4.225 4.265 4.303 4.341 4.378 4.413 4.448 4.483 4.516 4.549 4.581 4.613 4.643 4.672 4.702 4.731 4.760 4.788 4.817 4.844 4.872 4.899 4.926 4.953 4.980 5.006 5.032 5.057 5.082 5.107 5.131 5.155 5.179 5.201 5.224 5.245 5.265 5.285 5.305 5.324 5.344 5.362 5.381 5.399 5.417 5.435 5.452 5.469 5.486 5.503 5.520 5.536
1.651 1.657 1.707 1.850 2.077 2.351 2.631 2.882 3.090 3.255 3.383 3.486 3.572 3.646 3.712 3.772 3.829 3.883 3.934 3.983 4.030 4.076 4.120 4.163 4.204 4.244 4.284 4.322 4.359 4.395 4.431 4.465 4.499 4.532 4.565 4.597 4.628 4.658 4.687 4.716 4.745 4.774 4.802 4.830 4.857 4.885 4.912 4.939 4.965 4.991 5.017 5.043 5.068 5.094 5.118 5.142 5.166 5.190 5.213 5.235 5.256 5.276 5.296 5.316 5.336 5.355 5.374 5.392 5.410 5.428 5.446 5.463 5.480 5.497 5.513 5.530 5.546
1.652 1.669 1.758 1.943 2.197 2.478 2.749 2.982 3.170 3.318 3.434 3.529 3.609 3.679 3.742 3.800 3.856 3.908 3.959 4.007 4.053 4.098 4.141 4.183 4.224 4.264 4.302 4.340 4.377 4.413 4.448 4.482 4.516 4.548 4.581 4.612 4.643 4.673 4.701 4.730 4.759 4.787 4.815 4.843 4.870 4.897 4.924 4.951 4.977 5.003 5.029 5.054 5.079 5.104 5.129 5.153 5.177 5.201 5.224 5.246 5.267 5.287 5.308 5.328 5.348 5.367 5.386 5.404 5.422 5.440 5.457 5.474 5.491 5.507 5.524 5.540 5.556
1.655 1.697 1.830 2.051 2.322 2.603 2.859 3.073 3.243 3.375 3.481 3.568 3.644 3.711 3.772 3.828 3.882 3.934 3.983 4.030 4.076 4.120 4.162 4.204 4.244 4.283 4.321 4.358 4.394 4.430 4.465 4.498 4.532 4.564 4.596 4.627 4.658 4.687 4.716 4.744 4.773 4.801 4.829 4.856 4.883 4.910 4.936 4.962 4.988 5.014 5.040 5.065 5.090 5.115 5.140 5.164 5.188 5.211 5.234 5.257 5.278 5.299 5.319 5.339 5.359 5.379 5.397 5.416 5.434 5.451 5.468 5.485 5.502 5.518 5.535 5.551 5.566
1.665 1.744 1.920 2.169 2.450 2.723 2.962 3.156 3.308 3.427 3.524 3.606 3.677 3.742 3.801 3.856 3.909 3.959 4.007 4.053 4.098 4.141 4.183 4.224 4.263 4.302 4.340 4.376 4.412 4.447 4.481 4.515 4.548 4.580 4.611 4.642 4.673 4.702 4.730 4.758 4.786 4.814 4.842 4.869 4.895 4.922 4.948 4.974 5.000 5.025 5.050 5.076 5.101 5.125 5.150 5.174 5.198 5.221 5.244 5.267 5.289 5.309 5.330 5.350 5.371 5.390 5.409 5.428 5.446 5.463 5.480 5.497 5.514 5.530 5.546 5.562 5.577
1.689 1.812 2.025 2.294 2.576 2.837 3.056 3.230 3.367 3.475 3.565 3.641 3.710 3.772 3.829 3.883 3.935 3.984 4.031 4.077 4.120 4.163 4.204 4.244 4.283 4.321 4.358 4.394 4.430 4.464 4.498 4.531 4.564 4.595 4.626 4.657 4.687 4.716 4.744 4.772 4.800 4.827 4.854 4.881 4.908 4.934 4.960 4.985 5.011 5.036 5.061 5.086 5.111 5.135 5.159 5.184 5.207 5.231 5.254 5.277 5.299 5.320 5.340 5.361 5.381 5.401 5.420 5.439 5.457 5.475 5.492 5.509 5.525 5.541 5.557 5.573 5.588
1.732 1.898 2.142 2.422 2.698 2.942 3.141 3.298 3.421 3.520 3.603 3.676 3.741 3.802 3.857 3.910 3.960 4.009 4.055 4.100 4.143 4.184 4.225 4.264 4.303 4.340 4.377 4.412 4.447 4.481 4.515 4.547 4.579 4.611 4.642 4.672 4.702 4.730 4.757 4.785 4.813 4.840 4.867 4.893 4.920 4.945 4.971 4.996 5.022 5.046 5.071 5.096 5.120 5.145 5.169 5.193 5.217 5.240 5.263 5.287 5.308 5.329 5.350 5.371 5.392 5.412 5.431 5.450 5.469 5.487 5.504 5.521 5.537 5.553 5.569 5.584 5.600
1.795 2.001 2.267 2.550 2.814 3.039 3.218 3.359 3.470 3.562 3.640 3.709 3.772 3.831 3.885 3.936 3.986 4.033 4.079 4.123 4.165 4.206 4.246 4.285 4.322 4.359 4.395 4.430 4.465 4.498 4.531 4.564 4.595 4.626 4.657 4.687 4.716 4.744 4.771 4.799 4.826 4.853 4.880 4.906 4.932 4.957 4.982 5.007 5.032 5.057 5.081 5.106 5.130 5.154 5.178 5.202 5.225 5.249 5.272 5.295 5.317 5.338 5.360 5.381 5.402 5.422 5.442 5.461 5.480 5.498 5.515 5.532 5.549 5.565 5.581 5.596 5.611
1.879 2.116 2.395 2.674 2.922 3.126 3.287 3.414 3.516 3.601 3.675 3.742 3.803 3.860 3.912 3.963 4.011 4.058 4.103 4.146 4.187 4.228 4.267 4.305 4.342 4.378 4.414 4.448 4.482 4.515 4.548 4.580 4.611 4.642 4.672 4.701 4.730 4.758 4.785 4.812 4.839 4.866 4.892 4.918 4.944 4.969 4.994 5.018 5.043 5.067 5.091 5.115 5.139 5.163 5.187 5.210 5.234 5.257 5.280 5.303 5.325 5.346 5.368 5.389 5.410 5.431 5.451 5.471 5.490 5.508 5.526 5.544 5.561 5.577 5.593 5.608 5.623
1.979 2.241 2.525 2.792 3.022 3.206 3.350 3.465 3.559 3.639 3.709 3.773 3.833 3.888 3.940 3.989 4.037 4.082 4.126 4.169 4.210 4.249 4.288 4.325 4.362 4.398 4.432 4.467 4.500 4.533 4.565 4.596 4.627 4.657 4.687 4.716 4.745 4.772 4.799 4.826 4.853 4.879 4.905 4.930 4.955 4.980 5.005 5.029 5.054 5.077 5.101 5.125 5.149 5.172 5.195 5.219 5.242 5.265 5.288 5.311 5.333 5.354 5.376 5.397 5.419 5.439 5.460 5.480 5.499 5.518 5.537 5.554 5.571 5.588 5.604 5.620 5.635
2.093 2.370 2.651 2.903 3.112 3.277 3.407 3.512 3.599 3.675 3.742 3.805 3.862 3.916 3.967 4.015 4.062 4.107 4.150 4.192 4.232 4.271 4.309 4.346 4.382 4.417 4.451 4.485 4.518 4.550 4.582 4.613 4.643 4.673 4.702 4.731 4.759 4.786 4.813 4.840 4.866 4.892 4.917 4.943 4.968 4.992 5.016 5.040 5.064 5.088 5.111 5.135 5.158 5.181 5.204 5.227 5.250 5.273 5.296 5.318 5.340 5.361 5.383 5.405 5.426 5.447 5.468 5.488 5.508 5.527 5.546 5.564 5.582 5.599 5.615 5.631 5.647
2.217 2.501 2.772 3.005 3.193 3.342 3.459 3.555 3.637 3.709 3.775 3.835 3.892 3.944 3.993 4.041 4.087 4.131 4.173 4.214 4.254 4.293 4.330 4.366 4.402 4.436 4.470 4.503 4.536 4.568 4.599 4.629 4.659 4.689 4.718 4.746 4.774 4.801 4.827 4.853 4.879 4.905 4.930 4.955 4.980 5.004 5.028 5.052 5.075 5.098 5.121 5.144 5.167 5.190 5.213 5.235 5.258 5.280 5.303 5.325 5.347 5.368 5.389 5.411 5.433 5.454 5.475 5.495 5.515 5.535 5.554 5.573 5.591 5.609 5.625 5.642 5.658
2.347 2.629 2.885 3.098 3.267 3.400 3.507 3.596 3.674 3.743 3.806 3.865 3.920 3.971 4.020 4.067 4.112 4.155 4.197 4.237 4.276 4.314 4.351 4.387 4.422 4.456 4.489 4.522 4.554 4.585 4.616 4.646 4.676 4.705 4.734 4.762 4.789 4.815 4.841 4.867 4.893 4.918 4.943 4.968 4.992 5.016 5.040 5.063 5.086 5.109 5.132 5.154 5.177 5.199 5.221 5.244 5.266 5.288 5.310 5.332 5.353 5.374 5.396 5.417 5.439 5.460 5.481 5.502 5.522 5.542 5.562 5.581 5.599 5.617 5.635 5.652 5.668
2.480 2.753 2.989 3.181 3.333 3.453 3.551 3.635 3.709 3.776 3.837 3.894 3.948 3.998 4.046 4.092 4.137 4.179 4.220 4.260 4.298 4.336 4.372 4.407 4.442 4.475 4.508 4.540 4.572 4.603 4.633 4.663 4.692 4.721 4.750 4.778 4.804 4.830 4.856 4.881 4.907 4.932 4.957 4.981 5.005 5.029 5.052 5.075 5.098 5.120 5.142 5.165 5.187 5.209 5.230 5.252 5.274 5.296 5.317 5.339 5.360 5.380 5.402 5.423 5.444 5.466 5.487 5.507 5.528 5.548 5.568 5.588 5.607 5.625 5.643 5.660 5.677
2.610 2.868 3.084 3.256 3.392 3.502 3.593 3.672 3.743 3.807 3.867 3.923 3.976 4.025 4.072 4.118 4.161 4.203 4.243 4.283 4.320 4.357 4.393 4.428 4.462 4.495 4.527 4.559 4.590 4.621 4.651 4.680 4.709 4.738 4.766 4.793 4.819 4.844 4.870 4.896 4.921 4.946 4.970 4.994 5.018 5.041 5.064 5.087 5.109 5.131 5.153 5.175 5.197 5.218 5.240 5.261 5.282 5.304 5.325 5.346 5.367 5.387 5.408 5.429 5.450 5.471 5.492 5.513 5.533 5.554 5.574 5.593 5.613 5.632 5.650 5.668 5.685
2.736 2.975 3.170 3.324 3.446 3.546 3.632 3.707 3.775 3.838 3.897 3.952 4.004 4.052 4.098 4.143 4.185 4.227 4.266 4.305 4.342 4.378 4.414 4.448 4.481 4.514 4.546 4.577 4.608 4.638 4.668 4.697 4.726 4.754 4.781 4.809 4.834 4.860 4.885 4.910 4.935 4.960 4.984 5.008 5.031 5.054 5.077 5.099 5.121 5.143 5.165 5.186 5.207 5.229 5.250 5.270 5.291 5.312 5.333 5.354 5.373 5.393 5.414 5.434 5.455 5.476 5.497 5.517 5.538 5.558 5.579 5.599 5.618 5.637 5.656 5.674 5.692
2.854 3.072 3.246 3.384 3.495 3.588 3.669 3.741 3.807 3.868 3.926 3.979 4.030 4.078 4.123 4.167 4.209 4.250 4.289 4.327 4.364 4.399 4.434 4.468 4.501 4.533 4.565 4.596 4.626 4.656 4.685 4.714 4.742 4.770 4.797 4.824 4.850 4.875 4.900 4.925 4.950 4.974 4.998 5.021 5.045 5.067 5.090 5.112 5.134 5.155 5.177 5.198 5.219 5.239 5.260 5.280 5.301 5.321 5.342 5.362 5.380 5.400 5.420 5.441 5.461 5.481 5.502 5.522 5.543 5.563 5.583 5.603 5.623 5.642 5.661 5.680 5.698
2.963 3.159 3.314 3.438 3.540 3.627 3.704 3.773 3.838 3.897 3.954 4.007 4.057 4.103 4.148 4.191 4.233 4.273 4.312 4.349 4.385 4.420 4.455 4.488 4.521 4.552 4.584 4.614 4.644 4.673 4.702 4.731 4.759 4.786 4.813 4.840 4.865 4.890 4.915 4.940 4.964 4.988 5.012 5.035 5.058 5.081 5.103 5.125 5.147 5.168 5.189 5.210 5.230 5.251 5.271 5.291 5.311 5.331 5.351 5.370 5.388 5.408 5.427 5.447 5.467 5.487 5.507 5.527 5.547 5.567 5.587 5.607 5.627 5.646 5.666 5.685 5.703
3.061 3.236 3.375 3.487 3.581 3.663 3.737 3.805 3.867 3.926 3.981 4.033 4.083 4.129 4.172 4.215 4.256 4.296 4.334 4.371 4.406 4.441 4.475 4.508 4.540 4.571 4.602 4.632 4.662 4.691 4.719 4.747 4.775 4.802 4.829 4.855 4.880 4.905 4.930 4.954 4.979 5.002 5.026 5.049 5.072 5.094 5.116 5.138 5.160 5.181 5.201 5.222 5.242 5.262 5.282 5.302 5.321 5.341 5.360 5.379 5.397 5.416 5.435 5.454 5.473 5.493 5.512 5.532 5.552 5.571 5.591 5.611 5.631 5.650 5.670 5.689 5.708
3.149 3.305 3.429 3.531 3.620 3.698 3.769 3.835 3.896 3.953 4.008 4.059 4.108 4.153 4.196 4.239 4.279 4.318 4.355 4.392 4.427 4.461 4.495 4.527 4.559 4.590 4.620 4.650 4.679 4.708 4.736 4.764 4.791 4.818 4.845 4.871 4.896 4.920 4.944 4.969 4.993 5.017 5.040 5.063 5.086 5.108 5.130 5.151 5.173 5.194 5.214 5.235 5.255 5.274 5.294 5.313 5.333 5.352 5.371 5.389 5.406 5.425 5.443 5.462 5.481 5.499 5.518 5.538 5.557 5.576 5.595 5.615 5.634 5.654 5.673 5.692 5.711
3.227 3.365 3.478 3.572 3.655 3.730 3.799 3.863 3.924 3.980 4.034 4.084 4.132 4.177 4.220 4.261 4.301 4.340 4.377 4.413 4.448 4.481 4.514 4.546 4.578 4.608 4.638 4.668 4.697 4.725 4.753 4.780 4.807 4.834 4.860 4.886 4.911 4.935 4.959 4.983 5.007 5.031 5.054 5.077 5.099 5.121 5.143 5.165 5.186 5.207 5.227 5.247 5.267 5.287 5.306 5.325 5.344 5.363 5.382 5.399 5.416 5.434 5.452 5.470 5.489 5.507 5.525 5.544 5.562 5.581 5.600 5.619 5.638 5.657 5.676 5.695 5.714
3.296 3.419 3.522 3.610 3.689 3.761 3.828 3.891 3.950 4.006 4.059 4.109 4.156 4.200 4.243 4.284 4.323 4.361 4.398 4.433 4.468 4.501 4.534 4.565 4.596 4.626 4.656 4.685 4.714 4.742 4.769 4.796 4.823 4.849 4.875 4.901 4.925 4.949 4.973 4.997 5.021 5.044 5.068 5.090 5.113 5.135 5.157 5.178 5.199 5.220 5.240 5.260 5.280 5.299 5.319 5.337 5.356 5.375 5.393 5.410 5.427 5.444 5.462 5.480 5.497 5.515 5.533 5.551 5.569 5.587 5.605 5.624 5.643 5.661 5.680 5.699 5.717
3.356 3.467 3.562 3.645 3.721 3.791 3.856 3.918 3.976 4.031 4.083 4.132 4.179 4.223 4.265 4.306 4.345 4.382 4.419 4.454 4.488 4.521 4.553 4.584 4.614 4.644 4.674 4.702 4.731 4.758 4.785 4.812 4.839 4.865 4.890 4.916 4.940 4.963 4.987 5.011 5.035 5.058 5.081 5.104 5.126 5.148 5.170 5.191 5.212 5.233 5.253 5.273 5.293 5.312 5.331 5.350 5.368 5.387 5.405 5.422 5.438 5.455 5.472 5.490 5.507 5.524 5.541 5.559 5.576 5.594 5.612 5.629 5.647 5.666 5.684 5.702 5.721
3.409 3.511 3.599 3.678 3.751 3.819 3.883 3.943 4.001 4.055 4.106 4.155 4.202 4.245 4.287 4.327 4.366 4.403 4.439 4.474 4.507 4.540 4.571 4.602 4.633 4.662 4.691 4.719 4.747 4.775 4.801 4.828 4.854 4.880 4.905 4.930 4.954 4.977 5.001 5.025 5.048 5.071 5.094 5.117 5.139 5.161 5.182 5.204 5.225 5.245 5.266 5.286 5.305 5.325 5.344 5.362 5.381 5.399 5.417 5.434 5.450 5.467 5.484 5.500 5.517 5.534 5.551 5.567 5.584 5.601 5.618 5.636 5.653 5.671 5.688 5.706 5.724
3.457 3.550 3.633 3.709 3.779 3.845 3.908 3.968 4.024 4.078 4.129 4.178 4.224 4.267 4.308 4.348 4.387 4.423 4.459 4.493 4.526 4.559 4.590 4.621 4.650 4.680 4.708 4.736 4.764 4.791 4.817 4.843 4.869 4.895 4.920 4.944 4.968 4.991 5.015 5.038 5.061 5.084 5.107 5.129 5.151 5.173 5.195 5.216 5.237 5.258 5.278 5.298 5.318 5.337 5.356 5.375 5.393 5.411 5.429 5.446 5.462 5.479 5.495 5.512 5.528 5.545 5.561 5.577 5.593 5.610 5.626 5.643 5.660 5.677 5.694 5.711 5.729
3.500 3.587 3.665 3.738 3.806 3.871 3.932 3.991 4.047 4.100 4.151 4.199 4.245 4.288 4.329 4.369 4.407 4.443 4.479 4.513 4.545 4.577 4.608 4.639 4.668 4.697 4.725 4.753 4.780 4.807 4.833 4.859 4.884 4.909 4.934 4.959 4.982 5.005 5.028 5.051 5.074 5.097 5.119 5.142 5.164 5.185 5.207 5.228 5.249 5.269 5.290 5.310 5.330 5.349 5.368 5.387 5.405 5.424 5.441 5.458 5.474 5.491 5.507 5.523 5.540 5.556 5.572 5.588 5.603 5.619 5.635 5.651 5.667 5.684 5.700 5.717 5.734
3.540 3.621 3.695 3.765 3.832 3.895 3.956 4.014 4.069 4.122 4.172 4.220 4.266 4.308 4.349 4.389 4.426 4.463 4.498 4.532 4.564 4.596 4.626 4.656 4.686 4.714 4.742 4.769 4.796 4.822 4.848 4.874 4.899 4.924 4.948 4.972 4.996 5.018 5.041 5.064 5.087 5.109 5.132 5.154 5.176 5.197 5.218 5.240 5.260 5.281 5.301 5.321 5.341 5.361 5.380 5.399 5.417 5.435 5.453 5.470 5.486 5.503 5.519 5.535 5.551 5.567 5.583 5.599 5.614 5.629 5.645 5.660 5.676 5.691 5.707 5.723 5.740
3.576 3.653 3.724 3.792 3.856 3.919 3.978 4.035 4.090 4.142 4.193 4.240 4.285 4.327 4.369 4.408 4.446 4.482 4.517 4.550 4.583 4.614 4.644 4.674 4.703 4.731 4.759 4.786 4.812 4.838 4.864 4.889 4.914 4.938 4.962 4.986 5.009 5.031 5.054 5.077 5.099 5.122 5.144 5.166 5.187 5.209 5.230 5.251 5.272 5.292 5.312 5.332 5.352 5.372 5.391 5.410 5.429 5.447 5.465 5.482 5.498 5.514 5.531 5.547 5.563 5.579 5.595 5.610 5.625 5.640 5.655 5.670 5.685 5.700 5.716 5.731 5.747
3.610 3.683 3.752 3.817 3.880 3.941 3.999 4.056 4.110 4.162 4.212 4.260 4.304 4.346 4.388 4.427 4.465 4.501 4.535 4.569 4.601 4.632 4.662 4.692 4.720 4.748 4.775 4.802 4.828 4.854 4.879 4.904 4.928 4.953 4.976 5.000 5.022 5.044 5.067 5.089 5.112 5.134 5.156 5.177 5.199 5.220 5.241 5.262 5.282 5.303 5.323 5.343 5.363 5.382 5.402 5.421 5.439 5.458 5.476 5.493 5.509 5.526 5.542 5.559 5.575 5.591 5.606 5.622 5.637 5.651 5.666 5.681 5.696 5.710 5.725 5.740 5.755
3.642 3.712 3.778 3.841 3.903 3.962 4.020 4.076 4.129 4.181 4.231 4.278 4.322 4.365 4.406 4.445 4.483 4.519 4.554 4.587 4.619 4.650 4.680 4.709 4.737 4.765 4.792 4.818 4.844 4.869 4.894 4.919 4.943 4.967 4.991 5.014 5.036 5.057 5.080 5.102 5.124 5.146 5.167 5.189 5.210 5.231 5.252 5.272 5.293 5.313 5.333 5.353 5.373 5.393 5.412 5.431 5.450 5.468 5.487 5.504 5.520 5.537 5.553 5.570 5.586 5.602 5.618 5.633 5.648 5.663 5.678 5.692 5.706 5.721 5.735 5.749 5.763
3.672 3.739 3.803 3.865 3.925 3.983 4.040 4.095 4.148 4.199 4.248 4.296 4.340 4.383 4.424 4.463 4.501 4.537 4.572 4.605 4.637 4.668 4.697 4.726 4.754 4.782 4.808 4.834 4.860 4.885 4.910 4.934 4.958 4.982 5.005 5.028 5.049 5.070 5.092 5.114 5.136 5.158 5.179 5.200 5.221 5.242 5.262 5.283 5.303 5.323 5.343 5.363 5.383 5.402 5.422 5.441 5.460 5.478 5.497 5.514 5.530 5.547 5.564 5.581 5.597 5.613 5.629 5.644 5.659 5.674 5.689 5.703 5.717 5.731 5.745 5.759 5.773
3.702 3.766 3.828 3.888 3.946 4.003 4.059 4.113 4.165 4.216 4.266 4.313 4.357 4.400 4.441 4.481 4.519 4.555 4.589 4.622 4.654 4.685 4.715 4.744 4.771 4.799 4.825 4.851 4.876 4.901 4.925 4.949 4.973 4.996 5.019 5.041 5.062 5.084 5.105 5.127 5.148 5.169 5.190 5.211 5.232 5.253 5.273 5.293 5.313 5.333 5.353 5.373 5.392 5.412 5.431 5.450 5.469 5.488 5.506 5.523 5.540 5.557 5.574 5.591 5.607 5.624 5.640 5.655 5.670 5.685 5.700 5.714 5.729 5.743 5.756 5.770 5.784
