TsunamiDB/out54045.asc
ncols          264
nrows          230
xllcorner      497853.4375
yllcorner      4229146.0000
cellsize         5.
NODATA_value   -99
[rows 192 to 223 of 230, columns 73 to 145 of 264]
4.451 4.497 4.542 4.587 4.631 4.674 4.716 4.758 4.799 4.839 4.879 4.918 4.957 4.996 5.034 5.072 5.109 5.147 5.184 5.222 5.259 5.296 5.333 5.369 5.404 5.438 5.473 5.506 5.539 5.571 5.601 5.629 5.656 5.682 5.707 5.732 5.756 5.781 5.807 5.834 5.863 5.893 5.926 5.960 5.996 6.033 6.071 6.107 6.144 6.181 6.217 6.252 6.286 6.319 6.350 6.378 6.406 6.431 6.454 6.476 6.497 6.517 6.537 6.556 6.576 6.597 6.619 6.642 6.667 6.694 6.721 6.748 6.776
4.476 4.521 4.565 4.609 4.652 4.694 4.735 4.776 4.816 4.855 4.894 4.932 4.970 5.008 5.045 5.082 5.119 5.155 5.192 5.228 5.264 5.300 5.336 5.372 5.406 5.440 5.475 5.508 5.541 5.573 5.603 5.632 5.660 5.686 5.712 5.736 5.760 5.783 5.808 5.833 5.861 5.890 5.921 5.955 5.990 6.026 6.063 6.100 6.137 6.174 6.211 6.248 6.283 6.316 6.348 6.378 6.406 6.433 6.458 6.482 6.504 6.526 6.547 6.568 6.589 6.611 6.634 6.659 6.684 6.712 6.739 6.767 6.797
4.502 4.546 4.589 4.632 4.674 4.715 4.755 4.795 4.834 4.872 4.910 4.947 4.984 5.021 5.057 5.093 5.128 5.164 5.199 5.235 5.270 5.305 5.340 5.375 5.409 5.443 5.477 5.510 5.543 5.575 5.605 5.635 5.663 5.690 5.715 5.740 5.763 5.786 5.810 5.834 5.859 5.887 5.916 5.948 5.982 6.017 6.054 6.090 6.127 6.165 6.202 6.239 6.275 6.309 6.342 6.374 6.403 6.431 6.458 6.483 6.507 6.531 6.553 6.576 6.599 6.622 6.646 6.671 6.698 6.726 6.754 6.783 6.814
4.528 4.571 4.613 4.655 4.696 4.736 4.775 4.814 4.852 4.889 4.926 4.963 4.998 5.034 5.069 5.104 5.139 5.173 5.207 5.242 5.276 5.310 5.345 5.379 5.412 5.445 5.479 5.512 5.544 5.576 5.607 5.637 5.666 5.693 5.719 5.743 5.767 5.789 5.812 5.835 5.859 5.884 5.911 5.941 5.973 6.007 6.043 6.078 6.115 6.152 6.190 6.227 6.263 6.299 6.332 6.365 6.396 6.426 6.454 6.481 6.507 6.532 6.556 6.580 6.604 6.629 6.654 6.680 6.708 6.736 6.766 6.796 6.827
4.554 4.596 4.637 4.678 4.718 4.758 4.796 4.834 4.871 4.907 4.943 4.979 5.014 5.048 5.082 5.116 5.149 5.183 5.216 5.250 5.283 5.316 5.350 5.383 5.415 5.448 5.481 5.513 5.546 5.577 5.608 5.639 5.668 5.695 5.722 5.747 5.770 5.793 5.815 5.836 5.859 5.882 5.907 5.934 5.964 5.996 6.030 6.064 6.100 6.137 6.174 6.211 6.248 6.283 6.318 6.352 6.384 6.415 6.445 6.474 6.502 6.529 6.555 6.581 6.606 6.632 6.658 6.685 6.713 6.743 6.773 6.803 6.836
4.581 4.622 4.662 4.702 4.741 4.780 4.817 4.854 4.890 4.926 4.961 4.996 5.029 5.063 5.096 5.129 5.161 5.194 5.226 5.258 5.290 5.323 5.355 5.388 5.419 5.451 5.483 5.515 5.547 5.579 5.610 5.640 5.669 5.697 5.724 5.750 5.774 5.796 5.818 5.839 5.860 5.881 5.904 5.929 5.956 5.985 6.016 6.049 6.082 6.118 6.155 6.191 6.228 6.264 6.300 6.334 6.368 6.400 6.432 6.463 6.492 6.521 6.549 6.576 6.603 6.630 6.657 6.685 6.714 6.744 6.775 6.806 6.839
4.608 4.648 4.687 4.727 4.765 4.802 4.839 4.875 4.911 4.945 4.980 5.013 5.046 5.079 5.111 5.143 5.174 5.205 5.236 5.268 5.299 5.330 5.361 5.393 5.424 5.454 5.486 5.518 5.549 5.581 5.611 5.642 5.671 5.700 5.727 5.753 5.777 5.800 5.822 5.842 5.862 5.882 5.903 5.924 5.948 5.974 6.003 6.032 6.064 6.098 6.133 6.169 6.205 6.241 6.277 6.312 6.347 6.381 6.414 6.447 6.478 6.509 6.539 6.568 6.596 6.624 6.652 6.681 6.710 6.741 6.772 6.804 6.838
4.635 4.674 4.713 4.751 4.789 4.826 4.862 4.897 4.932 4.966 4.999 5.032 5.064 5.095 5.127 5.157 5.188 5.218 5.248 5.278 5.308 5.338 5.369 5.399 5.429 5.459 5.490 5.521 5.552 5.583 5.613 5.644 5.673 5.702 5.730 5.756 5.781 5.805 5.826 5.847 5.866 5.885 5.903 5.923 5.943 5.966 5.991 6.017 6.046 6.077 6.110 6.144 6.179 6.215 6.251 6.287 6.322 6.358 6.393 6.427 6.460 6.492 6.524 6.555 6.584 6.614 6.643 6.672 6.702 6.733 6.764 6.797 6.831
4.662 4.701 4.738 4.776 4.813 4.849 4.885 4.919 4.953 4.986 5.019 5.051 5.082 5.113 5.143 5.173 5.202 5.232 5.261 5.290 5.318 5.348 5.377 5.406 5.435 5.464 5.494 5.525 5.555 5.586 5.616 5.646 5.676 5.705 5.733 5.760 5.785 5.809 5.832 5.852 5.871 5.889 5.906 5.923 5.941 5.961 5.982 6.005 6.030 6.058 6.088 6.120 6.153 6.188 6.223 6.259 6.295 6.332 6.368 6.403 6.438 6.472 6.506 6.538 6.569 6.599 6.629 6.659 6.690 6.721 6.753 6.785 6.820
4.689 4.727 4.764 4.802 4.838 4.873 4.908 4.942 4.975 5.008 5.040 5.071 5.102 5.132 5.161 5.190 5.218 5.247 5.274 5.302 5.330 5.358 5.386 5.414 5.442 5.470 5.500 5.529 5.559 5.589 5.619 5.649 5.679 5.708 5.736 5.764 5.790 5.814 5.837 5.858 5.877 5.895 5.911 5.927 5.942 5.959 5.977 5.996 6.017 6.042 6.068 6.098 6.129 6.162 6.196 6.232 6.268 6.305 6.342 6.378 6.415 6.450 6.485 6.518 6.551 6.582 6.613 6.643 6.674 6.706 6.738 6.771 6.807
4.715 4.753 4.790 4.827 4.863 4.897 4.932 4.965 4.998 5.030 5.061 5.092 5.122 5.151 5.180 5.208 5.235 5.263 5.290 5.316 5.343 5.370 5.397 5.424 5.450 5.477 5.506 5.535 5.564 5.593 5.623 5.652 5.682 5.711 5.740 5.768 5.794 5.820 5.843 5.865 5.884 5.902 5.918 5.933 5.947 5.961 5.976 5.992 6.010 6.030 6.054 6.080 6.108 6.139 6.172 6.206 6.242 6.279 6.316 6.354 6.391 6.427 6.463 6.498 6.531 6.564 6.595 6.627 6.658 6.690 6.722 6.755 6.791
4.742 4.780 4.816 4.852 4.887 4.922 4.955 4.988 5.021 5.052 5.083 5.113 5.143 5.171 5.199 5.227 5.254 5.280 5.306 5.332 5.357 5.383 5.408 5.435 5.460 5.486 5.513 5.541 5.569 5.598 5.627 5.657 5.686 5.715 5.744 5.772 5.799 5.825 5.849 5.872 5.892 5.910 5.927 5.941 5.954 5.967 5.980 5.993 6.007 6.025 6.045 6.068 6.093 6.121 6.152 6.185 6.220 6.256 6.293 6.331 6.369 6.406 6.443 6.478 6.513 6.546 6.578 6.610 6.642 6.674 6.706 6.740 6.776
4.769 4.806 4.842 4.877 4.912 4.946 4.980 5.012 5.044 5.075 5.105 5.135 5.164 5.192 5.220 5.247 5.273 5.299 5.324 5.348 5.373 5.397 5.422 5.447 5.471 5.496 5.522 5.549 5.576 5.604 5.632 5.661 5.690 5.720 5.748 5.777 5.804 5.831 5.856 5.879 5.900 5.919 5.936 5.951 5.964 5.976 5.988 5.999 6.011 6.025 6.042 6.062 6.085 6.110 6.139 6.170 6.203 6.238 6.275 6.313 6.351 6.388 6.426 6.462 6.497 6.531 6.564 6.596 6.628 6.660 6.692 6.726 6.763
4.795 4.831 4.867 4.903 4.937 4.971 5.004 5.036 5.067 5.098 5.128 5.157 5.186 5.214 5.241 5.267 5.293 5.318 5.343 5.367 5.390 5.413 5.437 5.460 5.483 5.507 5.532 5.557 5.584 5.611 5.639 5.667 5.696 5.724 5.753 5.782 5.810 5.836 5.862 5.886 5.908 5.928 5.946 5.961 5.975 5.987 5.998 6.008 6.019 6.031 6.046 6.063 6.083 6.106 6.132 6.161 6.192 6.227 6.262 6.299 6.337 6.375 6.413 6.449 6.485 6.520 6.553 6.586 6.618 6.650 6.682 6.716 6.753
4.820 4.857 4.892 4.928 4.962 4.995 5.028 5.060 5.091 5.121 5.151 5.180 5.209 5.236 5.263 5.289 5.314 5.339 5.363 5.386 5.409 5.431 5.453 5.476 5.498 5.520 5.543 5.568 5.593 5.619 5.646 5.673 5.702 5.730 5.759 5.787 5.815 5.843 5.869 5.893 5.916 5.937 5.956 5.973 5.987 6.000 6.011 6.021 6.030 6.041 6.054 6.069 6.087 6.108 6.131 6.158 6.188 6.221 6.256 6.292 6.329 6.367 6.405 6.442 6.478 6.513 6.547 6.580 6.612 6.644 6.675 6.709 6.746
4.845 4.882 4.917 4.952 4.986 5.019 5.052 5.083 5.114 5.145 5.174 5.203 5.231 5.259 5.285 5.311 5.336 5.361 5.384 5.407 5.429 5.451 5.472 5.493 5.514 5.535 5.557 5.580 5.604 5.629 5.655 5.681 5.709 5.737 5.765 5.793 5.821 5.849 5.875 5.901 5.925 5.946 5.966 5.984 5.999 6.013 6.025 6.035 6.044 6.055 6.067 6.081 6.097 6.115 6.137 6.162 6.191 6.222 6.255 6.291 6.327 6.365 6.403 6.440 6.477 6.512 6.546 6.579 6.611 6.642 6.673 6.706 6.743
4.870 4.906 4.941 4.976 5.010 5.043 5.075 5.107 5.138 5.168 5.197 5.226 5.254 5.281 5.308 5.334 5.359 5.383 5.406 5.429 5.450 5.471 5.492 5.512 5.532 5.551 5.572 5.594 5.617 5.640 5.665 5.690 5.717 5.744 5.772 5.800 5.828 5.856 5.883 5.908 5.933 5.955 5.976 5.995 6.012 6.026 6.039 6.050 6.060 6.071 6.083 6.096 6.111 6.128 6.148 6.172 6.198 6.228 6.260 6.295 6.331 6.368 6.406 6.443 6.480 6.516 6.550 6.583 6.615 6.646 6.677 6.709 6.744
4.894 4.929 4.965 5.000 5.034 5.066 5.099 5.130 5.161 5.191 5.220 5.249 5.277 5.304 5.331 5.356 5.381 5.406 5.429 5.451 5.473 5.494 5.514 5.533 5.552 5.570 5.590 5.610 5.631 5.654 5.677 5.701 5.727 5.753 5.780 5.808 5.835 5.863 5.890 5.916 5.941 5.965 5.986 6.006 6.024 6.040 6.054 6.066 6.077 6.089 6.101 6.114 6.128 6.145 6.164 6.186 6.211 6.239 6.270 6.304 6.339 6.376 6.414 6.451 6.489 6.525 6.559 6.593 6.625 6.655 6.685 6.716 6.750
4.917 4.953 4.989 5.023 5.057 5.089 5.121 5.153 5.183 5.213 5.242 5.271 5.299 5.326 5.353 5.379 5.404 5.429 5.452 5.474 5.496 5.517 5.537 5.556 5.573 5.591 5.610 5.629 5.649 5.669 5.691 5.714 5.738 5.764 5.790 5.817 5.844 5.871 5.898 5.924 5.950 5.974 5.996 6.017 6.036 6.054 6.069 6.081 6.094 6.107 6.120 6.133 6.148 6.164 6.182 6.204 6.228 6.255 6.285 6.317 6.352 6.389 6.426 6.464 6.501 6.538 6.573 6.607 6.639 6.669 6.698 6.728 6.760
4.940 4.976 5.011 5.046 5.079 5.112 5.144 5.175 5.205 5.235 5.264 5.293 5.321 5.348 5.375 5.401 5.427 5.451 5.475 5.498 5.520 5.541 5.561 5.579 5.596 5.614 5.632 5.650 5.668 5.687 5.708 5.729 5.752 5.776 5.801 5.827 5.854 5.880 5.907 5.933 5.959 5.983 6.006 6.028 6.048 6.067 6.083 6.097 6.112 6.126 6.139 6.154 6.169 6.185 6.203 6.224 6.247 6.273 6.303 6.334 6.369 6.405 6.442 6.480 6.518 6.555 6.591 6.625 6.657 6.687 6.715 6.744 6.774
4.962 4.998 5.033 5.068 5.101 5.134 5.165 5.196 5.227 5.256 5.286 5.314 5.342 5.370 5.397 5.423 5.449 5.474 5.498 5.521 5.543 5.565 5.585 5.603 5.620 5.638 5.655 5.673 5.690 5.708 5.727 5.747 5.768 5.791 5.814 5.839 5.865 5.891 5.917 5.943 5.968 5.993 6.017 6.039 6.060 6.080 6.097 6.113 6.129 6.144 6.159 6.175 6.190 6.207 6.226 6.246 6.269 6.295 6.323 6.354 6.388 6.424 6.461 6.499 6.538 6.576 6.612 6.647 6.679 6.709 6.736 6.763 6.791
4.984 5.020 5.055 5.089 5.122 5.155 5.186 5.217 5.248 5.277 5.306 5.335 5.363 5.391 5.418 5.445 5.470 5.496 5.520 5.544 5.567 5.588 5.609 5.628 5.645 5.663 5.680 5.697 5.714 5.731 5.748 5.767 5.787 5.807 5.830 5.853 5.877 5.902 5.928 5.953 5.979 6.003 6.027 6.050 6.072 6.093 6.111 6.128 6.146 6.163 6.179 6.196 6.212 6.230 6.249 6.270 6.292 6.317 6.345 6.376 6.409 6.445 6.482 6.521 6.560 6.599 6.636 6.671 6.704 6.734 6.760 6.785 6.812
5.006 5.041 5.076 5.110 5.143 5.176 5.207 5.238 5.268 5.297 5.326 5.355 5.383 5.411 5.438 5.465 5.491 5.517 5.542 5.566 5.589 5.612 5.633 5.653 5.671 5.689 5.707 5.723 5.740 5.756 5.772 5.789 5.808 5.827 5.847 5.869 5.892 5.916 5.940 5.965 5.990 6.014 6.038 6.061 6.084 6.105 6.125 6.144 6.162 6.181 6.199 6.217 6.235 6.253 6.273 6.293 6.316 6.341 6.369 6.399 6.432 6.467 6.505 6.544 6.584 6.623 6.661 6.698 6.731 6.761 6.787 6.811 6.837
5.027 5.062 5.097 5.131 5.164 5.196 5.227 5.258 5.287 5.317 5.346 5.374 5.403 5.430 5.458 5.485 5.511 5.537 5.562 5.587 5.611 5.635 5.657 5.677 5.696 5.715 5.733 5.750 5.767 5.782 5.798 5.814 5.831 5.848 5.867 5.887 5.909 5.931 5.954 5.978 6.002 6.026 6.050 6.073 6.096 6.118 6.139 6.159 6.179 6.199 6.218 6.237 6.257 6.276 6.296 6.318 6.340 6.365 6.392 6.422 6.455 6.490 6.528 6.568 6.608 6.648 6.688 6.726 6.760 6.790 6.816 6.840 6.865
5.048 5.083 5.118 5.152 5.184 5.216 5.247 5.277 5.307 5.336 5.365 5.393 5.421 5.449 5.476 5.503 5.530 5.556 5.582 5.608 5.632 5.656 5.680 5.701 5.721 5.741 5.760 5.777 5.794 5.810 5.826 5.841 5.856 5.873 5.890 5.908 5.927 5.948 5.970 5.992 6.015 6.038 6.062 6.085 6.109 6.131 6.153 6.174 6.195 6.217 6.237 6.258 6.278 6.299 6.320 6.342 6.365 6.390 6.417 6.446 6.479 6.514 6.552 6.591 6.633 6.674 6.715 6.754 6.790 6.821 6.848 6.871 6.895
5.069 5.104 5.139 5.172 5.204 5.235 5.266 5.296 5.325 5.354 5.383 5.411 5.439 5.467 5.494 5.521 5.548 5.575 5.601 5.627 5.652 5.677 5.701 5.723 5.745 5.766 5.786 5.804 5.822 5.838 5.854 5.869 5.884 5.899 5.914 5.931 5.948 5.967 5.987 6.008 6.030 6.052 6.075 6.098 6.121 6.145 6.167 6.189 6.212 6.234 6.257 6.278 6.300 6.322 6.343 6.366 6.389 6.414 6.441 6.470 6.502 6.537 6.575 6.615 6.657 6.699 6.742 6.782 6.820 6.852 6.880 6.904 6.930
5.090 5.125 5.159 5.192 5.224 5.255 5.285 5.315 5.344 5.373 5.401 5.429 5.456 5.484 5.511 5.538 5.565 5.592 5.618 5.645 5.671 5.696 5.721 5.745 5.767 5.789 5.810 5.830 5.849 5.866 5.882 5.897 5.912 5.926 5.940 5.955 5.971 5.988 6.006 6.025 6.046 6.067 6.089 6.112 6.135 6.159 6.182 6.205 6.228 6.252 6.276 6.299 6.322 6.344 6.367 6.390 6.413 6.438 6.465 6.494 6.525 6.560 6.598 6.638 6.681 6.724 6.768 6.810 6.850 6.884 6.914 6.941 6.972
5.111 5.146 5.180 5.213 5.244 5.275 5.305 5.334 5.362 5.391 5.418 5.446 5.473 5.500 5.527 5.554 5.581 5.608 5.635 5.662 5.688 5.714 5.740 5.765 5.788 5.812 5.834 5.855 5.875 5.893 5.910 5.926 5.941 5.955 5.968 5.982 5.996 6.011 6.027 6.044 6.063 6.083 6.104 6.126 6.149 6.173 6.196 6.220 6.245 6.270 6.295 6.319 6.343 6.366 6.390 6.413 6.437 6.462 6.488 6.517 6.548 6.582 6.620 6.661 6.704 6.748 6.793 6.838 6.880 6.917 6.951 6.983 7.018
5.133 5.167 5.201 5.233 5.265 5.295 5.324 5.353 5.381 5.409 5.436 5.463 5.489 5.516 5.543 5.570 5.597 5.623 5.650 5.677 5.704 5.731 5.758 5.783 5.807 5.832 5.856 5.878 5.900 5.919 5.938 5.954 5.969 5.983 5.996 6.009 6.022 6.036 6.050 6.066 6.082 6.101 6.121 6.142 6.164 6.188 6.212 6.236 6.262 6.288 6.314 6.339 6.364 6.389 6.413 6.437 6.461 6.486 6.512 6.540 6.571 6.605 6.642 6.682 6.726 6.772 6.819 6.865 6.910 6.952 6.991 7.029 7.068
5.154 5.188 5.222 5.254 5.285 5.315 5.344 5.373 5.400 5.427 5.454 5.480 5.506 5.532 5.558 5.585 5.611 5.638 5.665 5.692 5.719 5.746 5.774 5.800 5.825 5.851 5.876 5.900 5.922 5.944 5.963 5.981 5.997 6.012 6.025 6.037 6.049 6.062 6.074 6.088 6.103 6.120 6.139 6.159 6.181 6.204 6.228 6.253 6.279 6.306 6.333 6.359 6.386 6.411 6.436 6.460 6.485 6.510 6.536 6.564 6.594 6.627 6.663 6.704 6.748 6.795 6.843 6.892 6.942 6.989 7.034 7.077 7.121
5.175 5.210 5.243 5.275 5.306 5.336 5.365 5.393 5.420 5.446 5.472 5.497 5.523 5.548 5.574 5.600 5.626 5.652 5.679 5.706 5.733 5.761 5.788 5.815 5.841 5.868 5.894 5.919 5.943 5.966 5.987 6.006 6.023 6.039 6.052 6.065 6.077 6.088 6.100 6.112 6.126 6.141 6.158 6.178 6.199 6.222 6.245 6.270 6.297 6.325 6.352 6.380 6.407 6.433 6.459 6.484 6.509 6.534 6.560 6.587 6.616 6.648 6.684 6.725 6.770 6.818 6.868 6.921 6.975 7.027 7.077 7.126 7.174
5.197 5.231 5.265 5.297 5.328 5.357 5.386 5.413 5.440 5.466 5.491 5.516 5.540 5.565 5.589 5.614 5.640 5.666 5.692 5.719 5.746 5.774 5.802 5.829 5.856 5.883 5.910 5.937 5.962 5.986 6.008 6.029 6.047 6.064 6.079 6.092 6.104 6.115 6.126 6.138 6.150 6.164 6.180 6.198 6.218 6.240 6.264 6.289 6.316 6.344 6.372 6.401 6.429 6.456 6.483 6.508 6.533 6.558 6.584 6.611 6.639 6.670 6.705 6.746 6.792 6.841 6.894 6.950 7.008 7.066 7.122 7.175 7.226
