TsunamiDB/out54013.asc
ncols          264
nrows          230
xllcorner      497853.4375
yllcorner      4229146.0000
cellsize         5.
NODATA_value   -99
[rows 124 to 154 of 230, columns 140 to 209 of 264]
-99.000 -99.000 -99.000 -99.000 -99.000 -99.000 -99.000 -99.000 -99.000 -99.000 -99.000 -99.000 -99.000 -99.000 -99.000 1.644 1.648 1.689 1.828 2.066 2.381 2.746 3.127 3.486 3.788 4.026 4.210 4.351 4.463 4.555 4.633 4.702 4.767 4.828 4.888 4.946 5.002 5.058 5.113 5.167 5.219 5.270 5.319 5.367 5.412 5.455 5.496 5.533 5.568 5.603 5.638 5.675 5.715 5.758 5.805 5.859 5.922 5.996 6.075 6.161 6.257 6.356 6.459 6.565 6.669 6.770 6.861 6.932 7.020 7.118
-99.000 -99.000 -99.000 -99.000 -99.000 -99.000 -99.000 -99.000 -99.000 -99.000 -99.000 -99.000 -99.000 -99.000 -99.000 1.644 1.656 1.733 1.915 2.187 2.526 2.902 3.279 3.618 3.894 4.109 4.274 4.403 4.505 4.591 4.664 4.730 4.792 4.852 4.910 4.966 5.022 5.077 5.132 5.185 5.237 5.288 5.337 5.385 5.431 5.475 5.517 5.558 5.596 5.633 5.670 5.709 5.751 5.794 5.840 5.893 5.954 6.027 6.104 6.189 6.285 6.385 6.490 6.598 6.704 6.807 6.900 6.966 7.052 7.154
-99.000 -99.000 -99.000 -99.000 -99.000 -99.000 -99.000 -99.000 -99.000 -99.000 -99.000 -99.000 -99.000 -99.000 1.644 1.646 1.676 1.795 2.017 2.319 2.678 3.059 3.425 3.739 3.989 4.183 4.332 4.450 4.545 4.626 4.696 4.759 4.819 4.877 4.933 4.988 5.042 5.096 5.149 5.201 5.252 5.302 5.351 5.399 5.445 5.491 5.536 5.580 5.621 5.662 5.703 5.744 5.788 5.832 5.878 5.929 5.990 6.062 6.138 6.222 6.316 6.417 6.524 6.633 6.740 6.849 6.936 6.993 7.078 7.186
-99.000 -99.000 -99.000 -99.000 -99.000 -99.000 -99.000 -99.000 -99.000 -99.000 -99.000 -99.000 -99.000 -99.000 1.644 1.651 1.712 1.875 2.133 2.462 2.834 3.214 3.562 3.849 4.074 4.248 4.384 4.493 4.582 4.659 4.727 4.788 4.847 4.903 4.957 5.010 5.063 5.115 5.166 5.217 5.266 5.315 5.363 5.411 5.458 5.505 5.553 5.600 5.646 5.692 5.737 5.781 5.826 5.872 5.919 5.973 6.035 6.106 6.179 6.262 6.355 6.456 6.562 6.673 6.784 6.886 6.963 7.016 7.103 7.215
-99.000 -99.000 -99.000 -99.000 -99.000 -99.000 -99.000 -99.000 -99.000 -99.000 -99.000 -99.000 -99.000 -99.000 1.645 1.666 1.766 1.971 2.262 2.613 2.993 3.364 3.687 3.947 4.149 4.306 4.430 4.531 4.617 4.691 4.757 4.818 4.875 4.930 4.983 5.035 5.085 5.135 5.184 5.233 5.281 5.328 5.375 5.422 5.470 5.519 5.569 5.620 5.670 5.721 5.771 5.819 5.868 5.917 5.968 6.025 6.087 6.156 6.230 6.311 6.402 6.499 6.604 6.715 6.821 6.914 6.987 7.038 7.127 7.246
-99.000 -99.000 -99.000 -99.000 -99.000 -99.000 -99.000 -99.000 -99.000 -99.000 -99.000 -99.000 -99.000 1.644 1.648 1.695 1.840 2.084 2.403 2.771 3.152 3.506 3.800 4.033 4.214 4.356 4.471 4.566 4.648 4.720 4.785 4.845 4.903 4.957 5.009 5.060 5.109 5.157 5.204 5.251 5.296 5.342 5.388 5.435 5.483 5.533 5.585 5.640 5.695 5.751 5.807 5.861 5.914 5.968 6.024 6.083 6.146 6.215 6.288 6.369 6.455 6.547 6.648 6.752 6.854 6.942 7.013 7.064 7.155 7.284
-99.000 -99.000 -99.000 -99.000 -99.000 -99.000 -99.000 -99.000 -99.000 -99.000 -99.000 -99.000 -99.000 1.644 1.659 1.743 1.932 2.210 2.555 2.933 3.307 3.636 3.902 4.110 4.273 4.401 4.507 4.596 4.675 4.746 4.811 4.871 4.929 4.983 5.036 5.086 5.134 5.181 5.226 5.270 5.313 5.357 5.402 5.448 5.497 5.548 5.603 5.662 5.722 5.783 5.845 5.906 5.966 6.024 6.085 6.147 6.212 6.281 6.353 6.432 6.513 6.599 6.691 6.788 6.885 6.972 7.046 7.096 7.189 7.324
-99.000 -99.000 -99.000 -99.000 -99.000 -99.000 -99.000 -99.000 -99.000 -99.000 -99.000 -99.000 1.644 1.647 1.682 1.811 2.041 2.351 2.714 3.096 3.455 3.756 3.994 4.180 4.326 4.442 4.540 4.624 4.700 4.769 4.833 4.894 4.952 5.007 5.060 5.110 5.158 5.204 5.247 5.290 5.331 5.374 5.418 5.463 5.512 5.565 5.622 5.685 5.749 5.816 5.885 5.953 6.019 6.083 6.148 6.214 6.281 6.349 6.421 6.499 6.575 6.653 6.734 6.825 6.919 7.009 7.085 7.132 7.225 7.365
-99.000 -99.000 -99.000 -99.000 -99.000 -99.000 -99.000 -99.000 -99.000 -99.000 -99.000 -99.000 1.644 1.654 1.724 1.899 2.166 2.503 2.880 3.258 3.593 3.865 4.079 4.245 4.375 4.481 4.571 4.650 4.722 4.790 4.853 4.914 4.972 5.028 5.082 5.133 5.181 5.226 5.268 5.309 5.349 5.390 5.433 5.478 5.527 5.581 5.642 5.708 5.777 5.849 5.925 6.000 6.071 6.142 6.212 6.281 6.349 6.417 6.490 6.568 6.639 6.708 6.782 6.866 6.959 7.051 7.128 7.171 7.263 7.408
-99.000 -99.000 -99.000 -99.000 -99.000 -99.000 -99.000 -99.000 -99.000 -99.000 -99.000 1.644 1.645 1.673 1.787 2.005 2.307 2.666 3.048 3.413 3.721 3.967 4.157 4.305 4.422 4.518 4.601 4.676 4.744 4.810 4.871 4.932 4.990 5.047 5.101 5.153 5.201 5.246 5.288 5.327 5.365 5.405 5.447 5.492 5.541 5.597 5.661 5.731 5.804 5.881 5.963 6.045 6.123 6.200 6.274 6.345 6.415 6.482 6.557 6.635 6.703 6.767 6.835 6.914 7.005 7.097 7.174 7.210 7.299 7.441
-99.000 -99.000 -99.000 -99.000 -99.000 -99.000 -99.000 -99.000 -99.000 -99.000 -99.000 1.644 1.651 1.710 1.871 2.129 2.460 2.835 3.216 3.559 3.840 4.060 4.230 4.362 4.468 4.556 4.632 4.702 4.768 4.829 4.889 4.949 5.007 5.063 5.118 5.170 5.218 5.263 5.304 5.342 5.379 5.417 5.458 5.504 5.555 5.612 5.678 5.752 5.829 5.910 5.998 6.084 6.169 6.251 6.329 6.403 6.474 6.543 6.620 6.700 6.768 6.830 6.893 6.968 7.053 7.141 7.216 7.246 7.325 7.460
-99.000 -99.000 -99.000 -99.000 -99.000 -99.000 -99.000 -99.000 -99.000 -99.000 -99.000 1.645 1.666 1.768 1.975 2.269 2.624 3.007 3.378 3.695 3.949 4.145 4.297 4.416 4.512 4.593 4.665 4.730 4.792 4.851 4.909 4.967 5.023 5.079 5.133 5.184 5.233 5.277 5.318 5.355 5.391 5.427 5.467 5.513 5.565 5.624 5.693 5.770 5.850 5.935 6.027 6.119 6.209 6.297 6.380 6.458 6.532 6.601 6.680 6.766 6.836 6.897 6.957 7.027 7.104 7.190 7.265 7.280 7.345 7.471
-99.000 -99.000 -99.000 -99.000 -99.000 -99.000 -99.000 -99.000 -99.000 -99.000 1.644 1.649 1.698 1.848 2.097 2.422 2.795 3.179 3.531 3.820 4.048 4.223 4.359 4.467 4.556 4.631 4.699 4.761 4.820 4.876 4.932 4.987 5.042 5.095 5.148 5.198 5.246 5.290 5.329 5.366 5.400 5.435 5.474 5.520 5.572 5.633 5.705 5.787 5.870 5.958 6.054 6.150 6.247 6.340 6.428 6.510 6.585 6.655 6.739 6.831 6.904 6.966 7.026 7.091 7.163 7.253 7.314 7.305 7.354 7.470
-99.000 -99.000 -99.000 -99.000 -99.000 -99.000 -99.000 -99.000 -99.000 -99.000 1.645 1.661 1.752 1.949 2.235 2.586 2.971 3.347 3.672 3.934 4.137 4.294 4.417 4.515 4.598 4.669 4.734 4.794 4.851 4.905 4.958 5.011 5.063 5.115 5.165 5.214 5.260 5.302 5.341 5.376 5.410 5.443 5.482 5.527 5.580 5.644 5.720 5.804 5.889 5.980 6.079 6.181 6.281 6.379 6.473 6.558 6.636 6.707 6.796 6.895 6.974 7.040 7.101 7.166 7.240 7.311 7.342 7.315 7.349 7.450
-99.000 -99.000 -99.000 -99.000 -99.000 -99.000 -99.000 -99.000 -99.000 1.644 1.647 1.689 1.827 2.067 2.387 2.759 3.146 3.505 3.803 4.037 4.219 4.359 4.470 4.561 4.638 4.707 4.769 4.827 4.883 4.936 4.987 5.039 5.089 5.139 5.186 5.233 5.276 5.317 5.355 5.389 5.422 5.455 5.493 5.538 5.593 5.659 5.735 5.821 5.908 6.001 6.104 6.208 6.311 6.414 6.513 6.602 6.684 6.758 6.852 6.961 7.047 7.117 7.180 7.245 7.306 7.348 7.354 7.309 7.327 7.413
-99.000 -99.000 -99.000 -99.000 -99.000 -99.000 -99.000 -99.000 -99.000 1.644 1.657 1.737 1.924 2.203 2.551 2.935 3.317 3.652 3.921 4.131 4.292 4.418 4.519 4.604 4.677 4.743 4.804 4.861 4.916 4.968 5.019 5.070 5.119 5.166 5.212 5.255 5.297 5.336 5.372 5.406 5.439 5.473 5.511 5.556 5.611 5.677 5.753 5.840 5.928 6.023 6.126 6.232 6.339 6.446 6.550 6.645 6.731 6.808 6.909 7.029 7.120 7.193 7.256 7.312 7.352 7.368 7.351 7.289 7.291 7.360
-99.000 -99.000 -99.000 -99.000 -99.000 -99.000 -99.000 -99.000 1.644 1.646 1.680 1.808 2.039 2.353 2.722 3.113 3.480 3.787 4.030 4.217 4.360 4.473 4.565 4.644 4.714 4.777 4.837 4.894 4.949 5.001 5.052 5.102 5.150 5.196 5.240 5.282 5.321 5.358 5.394 5.428 5.462 5.497 5.536 5.581 5.635 5.699 5.775 5.861 5.950 6.045 6.149 6.257 6.365 6.476 6.586 6.688 6.780 6.860 6.966 7.093 7.189 7.264 7.319 7.358 7.379 7.372 7.335 7.256 7.240 7.293
-99.000 -99.000 -99.000 -99.000 -99.000 -99.000 -99.000 -99.000 1.644 1.654 1.724 1.900 2.171 2.514 2.899 3.287 3.632 3.912 4.129 4.295 4.423 4.525 4.609 4.683 4.749 4.811 4.870 4.926 4.981 5.033 5.083 5.133 5.181 5.227 5.269 5.309 5.347 5.383 5.418 5.454 5.490 5.527 5.568 5.613 5.665 5.727 5.801 5.885 5.973 6.067 6.172 6.281 6.390 6.505 6.621 6.731 6.830 6.909 7.018 7.151 7.250 7.320 7.363 7.387 7.389 7.362 7.307 7.212 7.180 7.218
-99.000 -99.000 -99.000 -99.000 -99.000 -99.000 -99.000 -99.000 1.645 1.673 1.789 2.011 2.317 2.684 3.077 3.454 3.773 4.026 4.220 4.367 4.482 4.574 4.652 4.720 4.784 4.844 4.901 4.957 5.011 5.063 5.114 5.163 5.211 5.256 5.297 5.336 5.373 5.408 5.444 5.481 5.521 5.562 5.605 5.650 5.701 5.759 5.830 5.912 5.998 6.091 6.197 6.305 6.417 6.535 6.657 6.775 6.877 6.954 7.064 7.202 7.298 7.358 7.390 7.399 7.384 7.341 7.269 7.159 7.114 7.141
-99.000 -99.000 -99.000 -99.000 -99.000 -99.000 -99.000 1.644 1.651 1.711 1.875 2.137 2.475 2.858 3.251 3.610 3.903 4.130 4.303 4.434 4.537 4.621 4.694 4.758 4.819 4.877 4.933 4.987 5.041 5.092 5.141 5.190 5.237 5.281 5.322 5.360 5.397 5.433 5.470 5.509 5.553 5.598 5.644 5.691 5.740 5.795 5.863 5.942 6.025 6.118 6.222 6.332 6.445 6.566 6.693 6.815 6.919 6.991 7.101 7.238 7.326 7.378 7.398 7.393 7.364 7.306 7.221 7.100 7.045 7.063
-99.000 -99.000 -99.000 -99.000 -99.000 -99.000 -99.000 1.645 1.666 1.769 1.979 2.278 2.640 3.034 3.420 3.755 4.021 4.224 4.378 4.497 4.590 4.668 4.736 4.797 4.855 4.911 4.965 5.018 5.070 5.120 5.168 5.215 5.260 5.303 5.344 5.381 5.418 5.455 5.494 5.536 5.583 5.632 5.682 5.731 5.781 5.835 5.899 5.975 6.056 6.146 6.250 6.359 6.473 6.595 6.722 6.843 6.948 7.016 7.120 7.253 7.336 7.380 7.390 7.375 7.334 7.264 7.170 7.040 6.979 6.994
-99.000 -99.000 -99.000 -99.000 -99.000 -99.000 1.644 1.649 1.697 1.848 2.099 2.429 2.810 3.206 3.578 3.887 4.127 4.309 4.447 4.555 4.641 4.714 4.778 4.837 4.893 4.946 4.999 5.050 5.100 5.147 5.193 5.237 5.280 5.322 5.362 5.399 5.436 5.475 5.516 5.561 5.611 5.664 5.719 5.771 5.822 5.875 5.936 6.010 6.088 6.175 6.276 6.384 6.498 6.619 6.744 6.869 6.976 7.033 7.128 7.259 7.338 7.375 7.377 7.353 7.302 7.223 7.122 6.988 6.924 6.937
-99.000 -99.000 -99.000 -99.000 -99.000 -99.000 1.644 1.659 1.747 1.943 2.231 2.587 2.980 3.373 3.725 4.006 4.222 4.385 4.510 4.609 4.689 4.759 4.820 4.878 4.932 4.984 5.035 5.085 5.132 5.177 5.219 5.260 5.300 5.340 5.378 5.415 5.454 5.495 5.537 5.585 5.638 5.694 5.752 5.809 5.862 5.914 5.975 6.048 6.123 6.207 6.304 6.410 6.524 6.644 6.769 6.901 6.999 7.037 7.127 7.256 7.330 7.361 7.358 7.326 7.267 7.183 7.077 6.940 6.875 6.886
-99.000 -99.000 -99.000 -99.000 -99.000 1.645 1.647 1.684 1.817 2.054 2.373 2.749 3.148 3.532 3.858 4.113 4.307 4.454 4.567 4.659 4.735 4.802 4.862 4.919 4.972 5.024 5.074 5.121 5.167 5.209 5.248 5.286 5.323 5.359 5.396 5.435 5.475 5.516 5.560 5.609 5.663 5.722 5.783 5.843 5.900 5.958 6.022 6.092 6.165 6.247 6.341 6.444 6.556 6.679 6.807 6.923 6.998 7.029 7.116 7.242 7.313 7.342 7.333 7.296 7.232 7.143 7.033 6.896 6.829 6.837
-99.000 -99.000 -99.000 -99.000 -99.000 1.645 1.654 1.725 1.902 2.176 2.522 2.913 3.311 3.679 3.979 4.209 4.382 4.515 4.619 4.705 4.778 4.844 4.904 4.960 5.013 5.065 5.114 5.160 5.204 5.244 5.281 5.316 5.350 5.384 5.421 5.460 5.500 5.542 5.586 5.636 5.691 5.751 5.815 5.880 5.944 6.008 6.074 6.143 6.216 6.298 6.388 6.485 6.594 6.714 6.829 6.924 6.987 7.012 7.095 7.219 7.290 7.316 7.305 7.265 7.196 7.102 6.990 6.850 6.781 6.783
-99.000 -99.000 -99.000 -99.000 -99.000 1.646 1.671 1.783 2.002 2.308 2.676 3.075 3.468 3.814 4.087 4.294 4.450 4.570 4.666 4.747 4.819 4.883 4.943 5.000 5.054 5.106 5.155 5.201 5.244 5.283 5.319 5.353 5.384 5.417 5.453 5.492 5.533 5.575 5.619 5.669 5.725 5.786 5.852 5.922 5.993 6.063 6.132 6.202 6.276 6.359 6.441 6.529 6.630 6.736 6.835 6.915 6.970 6.990 7.070 7.195 7.264 7.288 7.275 7.230 7.158 7.060 6.943 6.799 6.726 6.721
-99.000 -99.000 -99.000 -99.000 1.645 1.650 1.702 1.858 2.114 2.447 2.832 3.233 3.615 3.937 4.185 4.370 4.511 4.620 4.710 4.787 4.856 4.920 4.981 5.038 5.093 5.146 5.196 5.242 5.286 5.325 5.360 5.393 5.425 5.458 5.494 5.532 5.572 5.615 5.659 5.709 5.765 5.827 5.897 5.971 6.047 6.122 6.196 6.267 6.342 6.423 6.497 6.574 6.656 6.744 6.830 6.902 6.951 6.968 7.044 7.166 7.234 7.258 7.241 7.193 7.117 7.012 6.887 6.740 6.661 6.648
-99.000 -99.000 -99.000 -99.000 1.646 1.661 1.750 1.948 2.236 2.592 2.987 3.386 3.752 4.049 4.273 4.440 4.567 4.667 4.751 4.824 4.892 4.956 5.016 5.075 5.130 5.184 5.234 5.282 5.326 5.366 5.403 5.437 5.470 5.504 5.539 5.578 5.618 5.660 5.705 5.755 5.812 5.875 5.946 6.022 6.103 6.184 6.261 6.329 6.405 6.484 6.550 6.611 6.673 6.747 6.821 6.888 6.935 6.945 7.016 7.138 7.205 7.224 7.203 7.152 7.069 6.956 6.824 6.670 6.587 6.569
-99.000 -99.000 -99.000 1.645 1.648 1.684 1.814 2.050 2.366 2.740 3.140 3.532 3.879 4.151 4.354 4.505 4.619 4.712 4.790 4.860 4.926 4.989 5.050 5.108 5.164 5.218 5.270 5.319 5.364 5.405 5.445 5.482 5.517 5.552 5.588 5.627 5.667 5.709 5.755 5.805 5.863 5.926 5.997 6.075 6.158 6.243 6.320 6.385 6.460 6.541 6.596 6.639 6.688 6.748 6.813 6.876 6.920 6.924 6.991 7.111 7.173 7.186 7.160 7.103 7.013 6.892 6.749 6.593 6.510 6.492
-99.000 -99.000 -99.000 1.645 1.654 1.721 1.893 2.162 2.503 2.890 3.289 3.669 3.995 4.244 4.429 4.565 4.671 4.756 4.830 4.897 4.960 5.022 5.081 5.139 5.195 5.249 5.302 5.353 5.399 5.442 5.485 5.525 5.563 5.601 5.639 5.677 5.717 5.760 5.806 5.857 5.915 5.978 6.049 6.127 6.211 6.295 6.371 6.433 6.507 6.585 6.631 6.665 6.701 6.748 6.807 6.866 6.907 6.904 6.964 7.079 7.133 7.138 7.105 7.041 6.944 6.813 6.664 6.511 6.432 6.422
-99.000 -99.000 -99.000 1.646 1.669 1.773 1.985 2.283 2.644 3.038 3.433 3.797 4.101 4.330 4.498 4.624 4.721 4.801 4.870 4.935 4.996 5.055 5.113 5.169 5.224 5.278 5.331 5.383 5.431 5.477 5.523 5.566 5.608 5.649 5.688 5.728 5.768 5.812 5.859 5.911 5.968 6.030 6.100 6.176 6.255 6.337 6.412 6.469 6.541 6.618 6.663 6.691 6.718 6.757 6.806 6.859 6.896 6.884 6.936 7.042 7.087 7.084 7.042 6.973 6.870 6.735 6.586 6.439 6.374 6.379
