TsunamiDB/out54128.asc
ncols          264
nrows          230
xllcorner      497853.4375
yllcorner      4229146.0000
cellsize         5.
NODATA_value   -99
[rows 170 to 203 of 230, columns 77 to 153 of 264]
6.540 6.545 6.551 6.557 6.563 6.570 6.578 6.586 6.594 6.602 6.611 6.620 6.629 6.638 6.648 6.658 6.668 6.678 6.688 6.699 6.710 6.721 6.732 6.742 6.753 6.763 6.774 6.785 6.796 6.807 6.819 6.831 6.842 6.854 6.866 6.878 6.890 6.903 6.914 6.926 6.938 6.949 6.961 6.972 6.983 6.994 7.004 7.013 7.022 7.031 7.040 7.048 7.056 7.064 7.072 7.080 7.088 7.095 7.103 7.111 7.119 7.126 7.134 7.143 7.151 7.160 7.169 7.179 7.189 7.199 7.209 7.219 7.230 7.241 7.252 7.263 7.274
6.549 6.554 6.559 6.565 6.571 6.578 6.585 6.592 6.600 6.608 6.617 6.625 6.634 6.643 6.653 6.662 6.672 6.682 6.692 6.702 6.713 6.724 6.734 6.744 6.754 6.765 6.775 6.785 6.796 6.807 6.818 6.829 6.841 6.852 6.864 6.876 6.888 6.900 6.911 6.923 6.935 6.946 6.958 6.969 6.981 6.992 7.002 7.011 7.021 7.030 7.039 7.047 7.055 7.064 7.072 7.080 7.088 7.096 7.104 7.112 7.119 7.128 7.136 7.144 7.153 7.161 7.171 7.181 7.190 7.200 7.210 7.220 7.231 7.242 7.253 7.264 7.276
6.559 6.563 6.568 6.574 6.579 6.586 6.592 6.599 6.607 6.615 6.623 6.631 6.640 6.649 6.658 6.667 6.676 6.686 6.696 6.706 6.716 6.727 6.737 6.747 6.757 6.766 6.776 6.787 6.797 6.807 6.818 6.829 6.840 6.851 6.863 6.874 6.886 6.897 6.909 6.921 6.932 6.944 6.956 6.967 6.979 6.990 7.000 7.010 7.019 7.029 7.038 7.047 7.055 7.064 7.072 7.080 7.088 7.096 7.104 7.113 7.121 7.129 7.137 7.145 7.154 7.163 7.172 7.182 7.192 7.202 7.211 7.222 7.232 7.243 7.254 7.265 7.277
6.568 6.573 6.577 6.582 6.588 6.594 6.600 6.607 6.614 6.621 6.629 6.637 6.645 6.654 6.663 6.672 6.681 6.690 6.700 6.710 6.720 6.731 6.740 6.750 6.759 6.769 6.778 6.788 6.798 6.808 6.819 6.829 6.840 6.851 6.862 6.873 6.884 6.896 6.907 6.919 6.930 6.942 6.953 6.965 6.977 6.988 6.998 7.008 7.018 7.028 7.037 7.046 7.055 7.064 7.072 7.081 7.089 7.097 7.105 7.114 7.122 7.130 7.139 7.147 7.156 7.165 7.174 7.184 7.194 7.203 7.213 7.223 7.234 7.244 7.255 7.267 7.278
6.579 6.582 6.587 6.591 6.596 6.602 6.608 6.614 6.621 6.628 6.635 6.643 6.651 6.660 6.668 6.677 6.686 6.695 6.705 6.714 6.724 6.735 6.744 6.753 6.762 6.772 6.781 6.791 6.800 6.810 6.820 6.830 6.840 6.851 6.862 6.872 6.883 6.895 6.906 6.917 6.929 6.940 6.952 6.964 6.976 6.986 6.997 7.007 7.017 7.027 7.036 7.046 7.055 7.064 7.073 7.081 7.090 7.098 7.107 7.115 7.123 7.132 7.140 7.149 7.158 7.167 7.177 7.186 7.196 7.205 7.215 7.225 7.236 7.246 7.257 7.268 7.280
6.589 6.592 6.596 6.601 6.605 6.610 6.616 6.622 6.628 6.635 6.642 6.650 6.657 6.665 6.674 6.682 6.691 6.700 6.709 6.719 6.729 6.739 6.748 6.757 6.766 6.775 6.784 6.793 6.803 6.812 6.822 6.832 6.842 6.852 6.862 6.873 6.883 6.894 6.905 6.916 6.927 6.939 6.950 6.963 6.974 6.985 6.996 7.006 7.016 7.026 7.036 7.046 7.055 7.064 7.073 7.082 7.091 7.099 7.108 7.116 7.125 7.134 7.142 7.151 7.160 7.169 7.179 7.188 7.198 7.207 7.217 7.227 7.238 7.248 7.259 7.270 7.282
6.599 6.602 6.606 6.610 6.615 6.619 6.624 6.630 6.636 6.642 6.649 6.656 6.664 6.672 6.680 6.688 6.697 6.705 6.714 6.724 6.734 6.743 6.752 6.761 6.770 6.778 6.787 6.796 6.806 6.815 6.824 6.834 6.843 6.853 6.863 6.873 6.884 6.894 6.905 6.916 6.927 6.938 6.950 6.962 6.973 6.984 6.995 7.005 7.016 7.026 7.036 7.046 7.055 7.065 7.074 7.083 7.092 7.101 7.109 7.118 7.127 7.136 7.144 7.153 7.162 7.171 7.181 7.191 7.200 7.210 7.220 7.230 7.240 7.250 7.261 7.272 7.284
6.610 6.613 6.616 6.620 6.624 6.628 6.633 6.638 6.644 6.650 6.656 6.663 6.670 6.678 6.686 6.694 6.702 6.711 6.720 6.729 6.739 6.748 6.756 6.765 6.774 6.782 6.791 6.800 6.809 6.818 6.827 6.836 6.846 6.855 6.865 6.875 6.885 6.895 6.905 6.916 6.927 6.938 6.949 6.961 6.972 6.983 6.994 7.005 7.015 7.025 7.036 7.046 7.055 7.065 7.074 7.084 7.093 7.102 7.111 7.120 7.129 7.138 7.146 7.155 7.164 7.174 7.184 7.193 7.203 7.212 7.222 7.232 7.242 7.253 7.264 7.275 7.286
6.620 6.623 6.626 6.630 6.633 6.638 6.642 6.647 6.652 6.658 6.664 6.670 6.677 6.684 6.692 6.700 6.708 6.716 6.725 6.734 6.744 6.753 6.761 6.770 6.778 6.787 6.795 6.804 6.813 6.821 6.830 6.839 6.848 6.858 6.867 6.877 6.886 6.896 6.906 6.917 6.927 6.938 6.949 6.961 6.972 6.983 6.994 7.004 7.015 7.025 7.036 7.046 7.056 7.066 7.075 7.085 7.094 7.103 7.113 7.122 7.131 7.140 7.149 7.158 7.167 7.176 7.186 7.196 7.205 7.215 7.225 7.235 7.245 7.255 7.266 7.277 7.289
6.631 6.633 6.636 6.640 6.643 6.647 6.651 6.656 6.661 6.666 6.672 6.678 6.684 6.691 6.699 6.706 6.714 6.722 6.731 6.740 6.749 6.758 6.766 6.774 6.783 6.791 6.800 6.808 6.817 6.825 6.834 6.843 6.852 6.861 6.870 6.879 6.889 6.898 6.908 6.918 6.928 6.939 6.950 6.961 6.972 6.983 6.994 7.004 7.015 7.025 7.036 7.046 7.056 7.066 7.076 7.086 7.096 7.105 7.114 7.124 7.133 7.142 7.151 7.160 7.170 7.179 7.189 7.199 7.208 7.218 7.228 7.238 7.248 7.258 7.269 7.280 7.292
6.641 6.644 6.647 6.650 6.653 6.656 6.660 6.665 6.669 6.674 6.680 6.685 6.692 6.698 6.705 6.713 6.720 6.728 6.736 6.745 6.754 6.763 6.771 6.779 6.788 6.796 6.804 6.813 6.821 6.829 6.838 6.847 6.855 6.864 6.873 6.882 6.891 6.901 6.910 6.920 6.930 6.940 6.951 6.962 6.973 6.983 6.994 7.005 7.015 7.026 7.036 7.047 7.057 7.067 7.077 7.087 7.097 7.107 7.116 7.126 7.135 7.144 7.154 7.163 7.172 7.182 7.192 7.202 7.211 7.221 7.231 7.241 7.251 7.262 7.273 7.284 7.295
6.651 6.654 6.657 6.660 6.663 6.666 6.670 6.674 6.678 6.683 6.688 6.693 6.699 6.705 6.712 6.719 6.726 6.734 6.742 6.751 6.760 6.768 6.776 6.784 6.793 6.801 6.809 6.817 6.826 6.834 6.842 6.851 6.859 6.868 6.877 6.886 6.895 6.904 6.913 6.923 6.932 6.942 6.953 6.963 6.974 6.984 6.995 7.005 7.016 7.026 7.037 7.047 7.058 7.068 7.078 7.088 7.099 7.108 7.118 7.128 7.137 7.147 7.156 7.166 7.175 7.185 7.195 7.205 7.215 7.224 7.234 7.244 7.255 7.265 7.276 7.287 7.299
6.661 6.664 6.667 6.669 6.672 6.676 6.679 6.683 6.687 6.691 6.696 6.701 6.707 6.713 6.719 6.726 6.733 6.740 6.748 6.756 6.765 6.774 6.782 6.790 6.798 6.806 6.814 6.822 6.830 6.838 6.847 6.855 6.864 6.872 6.881 6.889 6.898 6.907 6.916 6.925 6.935 6.945 6.955 6.965 6.976 6.986 6.996 7.006 7.017 7.027 7.038 7.048 7.059 7.069 7.080 7.090 7.100 7.110 7.120 7.130 7.140 7.150 7.159 7.169 7.179 7.188 7.199 7.209 7.218 7.228 7.238 7.248 7.259 7.269 7.280 7.292 7.303
6.671 6.674 6.676 6.679 6.682 6.685 6.688 6.692 6.696 6.700 6.704 6.709 6.714 6.720 6.726 6.732 6.739 6.747 6.754 6.762 6.771 6.779 6.787 6.795 6.803 6.811 6.819 6.827 6.835 6.843 6.851 6.860 6.868 6.876 6.885 6.893 6.902 6.911 6.920 6.929 6.938 6.947 6.957 6.968 6.978 6.988 6.998 7.008 7.018 7.028 7.039 7.049 7.060 7.070 7.081 7.091 7.102 7.112 7.122 7.132 7.142 7.152 7.162 7.172 7.182 7.192 7.202 7.212 7.222 7.232 7.242 7.252 7.263 7.274 7.285 7.296 7.308
6.681 6.684 6.686 6.689 6.691 6.694 6.697 6.701 6.704 6.708 6.712 6.717 6.722 6.727 6.733 6.739 6.746 6.753 6.760 6.768 6.776 6.784 6.792 6.800 6.808 6.816 6.824 6.832 6.840 6.848 6.856 6.864 6.873 6.881 6.889 6.898 6.906 6.915 6.923 6.932 6.941 6.951 6.960 6.970 6.980 6.990 7.000 7.010 7.020 7.030 7.040 7.051 7.061 7.072 7.082 7.093 7.103 7.114 7.124 7.135 7.145 7.155 7.165 7.175 7.185 7.195 7.206 7.216 7.226 7.236 7.246 7.257 7.267 7.278 7.289 7.301 7.313
6.690 6.693 6.696 6.698 6.701 6.704 6.707 6.710 6.713 6.717 6.721 6.725 6.730 6.735 6.740 6.746 6.752 6.759 6.766 6.774 6.782 6.790 6.797 6.805 6.813 6.820 6.828 6.836 6.844 6.853 6.861 6.869 6.877 6.885 6.894 6.902 6.910 6.919 6.927 6.936 6.945 6.954 6.964 6.973 6.983 6.993 7.002 7.012 7.022 7.032 7.042 7.052 7.063 7.073 7.084 7.094 7.105 7.116 7.126 7.137 7.147 7.158 7.168 7.178 7.188 7.199 7.209 7.220 7.230 7.240 7.251 7.261 7.272 7.283 7.295 7.306 7.318
6.700 6.702 6.705 6.707 6.710 6.713 6.716 6.719 6.722 6.725 6.729 6.733 6.737 6.742 6.747 6.753 6.759 6.765 6.772 6.779 6.787 6.795 6.803 6.810 6.818 6.825 6.833 6.841 6.849 6.857 6.865 6.873 6.882 6.890 6.898 6.906 6.915 6.923 6.932 6.940 6.949 6.958 6.967 6.977 6.986 6.996 7.005 7.014 7.024 7.034 7.044 7.054 7.064 7.075 7.085 7.096 7.107 7.118 7.128 7.139 7.150 7.160 7.171 7.181 7.192 7.202 7.213 7.224 7.234 7.245 7.255 7.266 7.277 7.288 7.300 7.312 7.324
6.709 6.711 6.714 6.716 6.719 6.722 6.725 6.728 6.731 6.734 6.737 6.741 6.745 6.750 6.755 6.760 6.765 6.772 6.778 6.785 6.793 6.801 6.808 6.815 6.822 6.830 6.838 6.846 6.854 6.862 6.870 6.878 6.886 6.894 6.903 6.911 6.919 6.927 6.936 6.944 6.953 6.962 6.971 6.980 6.990 6.999 7.008 7.017 7.027 7.036 7.046 7.056 7.066 7.077 7.087 7.098 7.109 7.120 7.130 7.141 7.152 7.163 7.174 7.184 7.195 7.206 7.217 7.228 7.239 7.249 7.260 7.271 7.282 7.294 7.306 7.318 7.331
6.717 6.720 6.723 6.725 6.728 6.731 6.733 6.736 6.739 6.742 6.746 6.749 6.753 6.757 6.762 6.767 6.772 6.778 6.784 6.791 6.799 6.806 6.813 6.820 6.827 6.835 6.842 6.850 6.858 6.866 6.874 6.882 6.891 6.899 6.907 6.915 6.923 6.932 6.940 6.948 6.957 6.966 6.975 6.984 6.993 7.002 7.011 7.020 7.030 7.039 7.049 7.058 7.069 7.079 7.089 7.100 7.111 7.121 7.132 7.143 7.154 7.165 7.176 7.187 7.198 7.210 7.221 7.232 7.243 7.254 7.265 7.276 7.288 7.300 7.312 7.324 7.337
6.726 6.729 6.731 6.734 6.737 6.739 6.742 6.745 6.748 6.751 6.754 6.757 6.761 6.765 6.769 6.774 6.779 6.784 6.791 6.797 6.804 6.811 6.818 6.825 6.832 6.839 6.847 6.855 6.863 6.871 6.879 6.887 6.895 6.903 6.911 6.920 6.928 6.936 6.944 6.953 6.961 6.970 6.979 6.988 6.997 7.006 7.015 7.024 7.033 7.042 7.051 7.061 7.071 7.081 7.091 7.102 7.113 7.123 7.134 7.145 7.157 7.168 7.179 7.190 7.202 7.213 7.225 7.236 7.247 7.259 7.270 7.282 7.294 7.306 7.318 7.331 7.344
6.735 6.737 6.740 6.743 6.745 6.748 6.751 6.754 6.756 6.759 6.762 6.766 6.769 6.773 6.777 6.781 6.786 6.791 6.797 6.803 6.810 6.817 6.823 6.830 6.837 6.844 6.852 6.859 6.867 6.875 6.883 6.891 6.899 6.907 6.916 6.924 6.932 6.940 6.948 6.957 6.965 6.974 6.983 6.992 7.001 7.010 7.018 7.027 7.036 7.045 7.054 7.064 7.074 7.083 7.094 7.104 7.115 7.125 7.136 7.148 7.159 7.170 7.181 7.193 7.205 7.217 7.229 7.240 7.252 7.263 7.275 7.287 7.299 7.312 7.325 7.338 7.351
6.743 6.746 6.749 6.751 6.754 6.757 6.759 6.762 6.765 6.768 6.771 6.774 6.777 6.781 6.784 6.788 6.793 6.798 6.803 6.809 6.816 6.822 6.829 6.835 6.842 6.849 6.856 6.864 6.871 6.879 6.887 6.895 6.903 6.912 6.920 6.928 6.936 6.944 6.953 6.961 6.969 6.978 6.987 6.996 7.005 7.013 7.022 7.031 7.039 7.048 7.057 7.067 7.076 7.086 7.096 7.106 7.117 7.128 7.139 7.150 7.161 7.172 7.184 7.196 7.208 7.220 7.232 7.244 7.256 7.268 7.280 7.292 7.305 7.318 7.331 7.345 7.358
6.751 6.754 6.757 6.760 6.763 6.765 6.768 6.771 6.774 6.776 6.779 6.782 6.785 6.789 6.792 6.796 6.800 6.805 6.810 6.816 6.822 6.828 6.834 6.840 6.847 6.854 6.861 6.868 6.876 6.884 6.891 6.900 6.908 6.916 6.924 6.932 6.940 6.949 6.957 6.965 6.974 6.982 6.991 7.000 7.009 7.017 7.026 7.034 7.043 7.052 7.061 7.070 7.079 7.089 7.099 7.109 7.119 7.130 7.141 7.152 7.163 7.174 7.186 7.198 7.210 7.223 7.235 7.248 7.260 7.272 7.285 7.297 7.310 7.324 7.337 7.351 7.366
6.760 6.763 6.766 6.768 6.771 6.774 6.777 6.779 6.782 6.785 6.788 6.791 6.794 6.797 6.800 6.804 6.808 6.812 6.817 6.823 6.829 6.834 6.840 6.846 6.852 6.859 6.866 6.873 6.880 6.888 6.896 6.904 6.912 6.920 6.928 6.936 6.944 6.953 6.961 6.969 6.978 6.986 6.996 7.004 7.013 7.021 7.030 7.038 7.047 7.055 7.064 7.073 7.082 7.092 7.102 7.112 7.122 7.132 7.143 7.154 7.165 7.177 7.188 7.200 7.213 7.226 7.238 7.251 7.263 7.276 7.289 7.302 7.316 7.329 7.344 7.358 7.373
6.768 6.771 6.774 6.777 6.780 6.783 6.785 6.788 6.791 6.793 6.796 6.799 6.802 6.805 6.808 6.812 6.815 6.820 6.824 6.830 6.835 6.840 6.846 6.851 6.857 6.864 6.871 6.878 6.885 6.893 6.900 6.908 6.916 6.924 6.932 6.940 6.949 6.957 6.965 6.974 6.982 6.991 7.000 7.009 7.017 7.025 7.033 7.042 7.050 7.059 7.068 7.077 7.086 7.095 7.105 7.114 7.124 7.135 7.145 7.156 7.167 7.179 7.191 7.203 7.215 7.228 7.241 7.254 7.267 7.280 7.293 7.307 7.321 7.335 7.349 7.364 7.379
6.777 6.780 6.783 6.785 6.788 6.791 6.794 6.797 6.799 6.802 6.805 6.808 6.810 6.813 6.816 6.820 6.823 6.827 6.832 6.837 6.842 6.847 6.852 6.857 6.863 6.869 6.876 6.883 6.890 6.897 6.905 6.913 6.921 6.929 6.937 6.945 6.953 6.961 6.970 6.978 6.986 6.995 7.004 7.013 7.021 7.029 7.038 7.046 7.054 7.063 7.072 7.080 7.089 7.099 7.108 7.118 7.127 7.138 7.148 7.159 7.170 7.181 7.193 7.205 7.217 7.230 7.244 7.256 7.270 7.283 7.297 7.311 7.325 7.340 7.355 7.370 7.386
6.785 6.788 6.791 6.794 6.797 6.800 6.803 6.805 6.808 6.811 6.814 6.816 6.819 6.822 6.825 6.828 6.831 6.835 6.839 6.844 6.849 6.853 6.858 6.863 6.869 6.875 6.881 6.888 6.895 6.902 6.910 6.917 6.925 6.933 6.941 6.949 6.958 6.966 6.974 6.982 6.991 6.999 7.008 7.017 7.025 7.034 7.042 7.050 7.059 7.067 7.076 7.084 7.093 7.102 7.112 7.121 7.131 7.141 7.151 7.162 7.172 7.184 7.195 7.207 7.220 7.233 7.246 7.259 7.272 7.286 7.300 7.314 7.329 7.344 7.360 7.375 7.391
6.793 6.797 6.800 6.803 6.806 6.808 6.811 6.814 6.817 6.820 6.822 6.825 6.828 6.831 6.833 6.836 6.840 6.843 6.847 6.852 6.856 6.861 6.865 6.870 6.875 6.881 6.887 6.893 6.900 6.907 6.915 6.922 6.930 6.938 6.946 6.954 6.962 6.970 6.979 6.987 6.995 7.004 7.013 7.022 7.030 7.038 7.046 7.055 7.063 7.072 7.080 7.089 7.097 7.106 7.116 7.125 7.134 7.144 7.154 7.165 7.175 7.186 7.198 7.210 7.222 7.235 7.248 7.261 7.275 7.288 7.303 7.317 7.332 7.348 7.364 7.380 7.395
6.802 6.805 6.808 6.811 6.814 6.817 6.820 6.823 6.826 6.828 6.831 6.834 6.836 6.839 6.842 6.845 6.848 6.852 6.855 6.860 6.864 6.868 6.872 6.877 6.882 6.887 6.893 6.899 6.906 6.913 6.920 6.927 6.935 6.943 6.951 6.959 6.967 6.975 6.984 6.992 7.000 7.009 7.018 7.027 7.035 7.043 7.051 7.060 7.068 7.076 7.085 7.093 7.102 7.111 7.120 7.129 7.138 7.148 7.158 7.168 7.179 7.189 7.201 7.212 7.224 7.237 7.250 7.263 7.277 7.291 7.305 7.320 7.335 7.351 7.367 7.383 7.398
6.810 6.813 6.817 6.820 6.823 6.826 6.829 6.831 6.834 6.837 6.840 6.843 6.845 6.848 6.851 6.854 6.857 6.860 6.864 6.868 6.872 6.876 6.880 6.884 6.889 6.894 6.899 6.905 6.912 6.919 6.926 6.933 6.941 6.948 6.956 6.964 6.972 6.980 6.989 6.997 7.005 7.014 7.023 7.032 7.040 7.048 7.056 7.065 7.073 7.081 7.090 7.098 7.107 7.116 7.124 7.134 7.143 7.152 7.162 7.172 7.182 7.193 7.204 7.215 7.227 7.240 7.253 7.266 7.279 7.293 7.307 7.322 7.337 7.353 7.369 7.385 7.401
6.818 6.822 6.825 6.828 6.831 6.834 6.837 6.840 6.843 6.846 6.849 6.851 6.854 6.857 6.860 6.862 6.865 6.869 6.872 6.876 6.880 6.883 6.887 6.891 6.896 6.901 6.906 6.912 6.918 6.925 6.931 6.939 6.946 6.954 6.962 6.970 6.978 6.986 6.994 7.002 7.011 7.019 7.028 7.037 7.045 7.054 7.062 7.070 7.078 7.087 7.095 7.103 7.112 7.121 7.130 7.139 7.148 7.157 7.167 7.176 7.187 7.197 7.208 7.219 7.231 7.243 7.256 7.268 7.282 7.295 7.309 7.324 7.339 7.355 7.371 7.387 7.402
6.826 6.830 6.833 6.836 6.840 6.843 6.846 6.849 6.852 6.855 6.857 6.860 6.863 6.866 6.868 6.871 6.874 6.877 6.881 6.885 6.888 6.892 6.895 6.899 6.903 6.908 6.913 6.919 6.925 6.931 6.938 6.945 6.952 6.960 6.967 6.975 6.983 6.991 7.000 7.008 7.016 7.025 7.034 7.043 7.051 7.059 7.067 7.076 7.084 7.092 7.101 7.109 7.118 7.126 7.135 7.144 7.153 7.162 7.172 7.181 7.191 7.202 7.212 7.223 7.234 7.247 7.259 7.271 7.284 7.297 7.311 7.325 7.340 7.356 7.372 7.388 7.403
6.835 6.838 6.841 6.845 6.848 6.851 6.854 6.857 6.860 6.863 6.866 6.869 6.872 6.874 6.877 6.880 6.883 6.886 6.889 6.893 6.897 6.900 6.903 6.907 6.911 6.915 6.920 6.925 6.931 6.937 6.944 6.951 6.958 6.966 6.973 6.981 6.989 6.997 7.005 7.014 7.022 7.031 7.040 7.049 7.057 7.065 7.073 7.082 7.090 7.098 7.107 7.115 7.124 7.132 7.141 7.150 7.159 7.168 7.177 7.187 7.197 7.207 7.217 7.228 7.239 7.251 7.263 7.275 7.287 7.300 7.313 7.327 7.342 7.357 7.372 7.388 7.404
6.843 6.846 6.850 6.853 6.856 6.860 6.863 6.866 6.869 6.872 6.875 6.878 6.880 6.883 6.886 6.889 6.892 6.895 6.898 6.902 6.905 6.908 6.911 6.915 6.919 6.923 6.928 6.933 6.938 6.944 6.951 6.957 6.964 6.972 6.979 6.987 6.995 7.003 7.012 7.020 7.028 7.037 7.046 7.055 7.063 7.072 7.080 7.088 7.096 7.105 7.113 7.122 7.130 7.139 7.147 7.156 7.165 7.174 7.183 7.193 7.202 7.212 7.222 7.233 7.244 7.256 7.267 7.279 7.291 7.303 7.315 7.329 7.343 7.357 7.373 7.389 7.405
