TsunamiDB/out54112.asc
ncols          264
nrows          230
xllcorner      497853.4375
yllcorner      4229146.0000
cellsize         5.
NODATA_value   -99
[rows 170 to 203 of 230, columns 77 to 153 of 264]
6.477 6.488 6.499 6.511 6.522 6.534 6.545 6.556 6.568 6.579 6.589 6.600 6.610 6.621 6.631 6.640 6.650 6.659 6.669 6.678 6.687 6.696 6.704 6.712 6.719 6.726 6.734 6.741 6.748 6.755 6.763 6.770 6.777 6.783 6.790 6.796 6.803 6.809 6.815 6.820 6.826 6.832 6.837 6.843 6.848 6.853 6.857 6.861 6.865 6.869 6.873 6.877 6.881 6.885 6.890 6.894 6.899 6.905 6.911 6.917 6.924 6.931 6.939 6.947 6.956 6.965 6.974 6.984 6.994 7.004 7.013 7.023 7.033 7.043 7.053 7.063 7.074
6.479 6.490 6.502 6.513 6.525 6.536 6.548 6.559 6.570 6.581 6.592 6.603 6.614 6.624 6.634 6.644 6.654 6.663 6.673 6.682 6.691 6.701 6.709 6.717 6.724 6.731 6.739 6.746 6.754 6.761 6.768 6.776 6.783 6.790 6.796 6.803 6.810 6.816 6.822 6.828 6.834 6.840 6.846 6.852 6.857 6.863 6.867 6.871 6.875 6.880 6.884 6.888 6.892 6.897 6.901 6.906 6.911 6.917 6.923 6.929 6.936 6.943 6.951 6.959 6.967 6.977 6.986 6.996 7.006 7.016 7.025 7.035 7.045 7.055 7.065 7.076 7.086
6.482 6.493 6.504 6.516 6.527 6.539 6.550 6.562 6.573 6.584 6.595 6.606 6.617 6.627 6.637 6.648 6.657 6.667 6.677 6.686 6.696 6.705 6.714 6.721 6.729 6.736 6.744 6.751 6.759 6.766 6.774 6.781 6.788 6.795 6.802 6.809 6.816 6.823 6.829 6.835 6.841 6.847 6.854 6.860 6.866 6.871 6.876 6.880 6.885 6.889 6.894 6.898 6.903 6.907 6.912 6.917 6.922 6.928 6.934 6.940 6.947 6.954 6.962 6.970 6.979 6.988 6.998 7.008 7.017 7.027 7.036 7.046 7.056 7.067 7.077 7.087 7.098
6.485 6.496 6.507 6.518 6.530 6.541 6.553 6.564 6.576 6.587 6.598 6.609 6.620 6.630 6.641 6.651 6.661 6.671 6.681 6.690 6.700 6.709 6.718 6.726 6.733 6.741 6.749 6.756 6.764 6.771 6.779 6.786 6.794 6.801 6.808 6.815 6.822 6.829 6.836 6.842 6.848 6.855 6.861 6.868 6.874 6.880 6.884 6.889 6.894 6.899 6.903 6.908 6.913 6.918 6.923 6.928 6.933 6.939 6.945 6.951 6.958 6.965 6.973 6.981 6.989 6.998 7.008 7.019 7.028 7.037 7.047 7.057 7.067 7.077 7.088 7.098 7.109
6.488 6.499 6.510 6.521 6.533 6.544 6.555 6.567 6.578 6.590 6.601 6.612 6.623 6.633 6.644 6.654 6.664 6.674 6.684 6.694 6.704 6.714 6.722 6.730 6.738 6.745 6.753 6.761 6.769 6.776 6.784 6.792 6.799 6.807 6.814 6.821 6.828 6.835 6.842 6.849 6.855 6.862 6.868 6.875 6.882 6.887 6.892 6.897 6.902 6.907 6.912 6.917 6.922 6.927 6.932 6.938 6.943 6.949 6.955 6.961 6.968 6.975 6.983 6.991 7.000 7.009 7.019 7.029 7.038 7.048 7.057 7.067 7.077 7.088 7.098 7.109 7.120
6.491 6.502 6.513 6.524 6.535 6.547 6.558 6.570 6.581 6.592 6.604 6.615 6.626 6.636 6.647 6.657 6.668 6.678 6.688 6.698 6.708 6.718 6.726 6.734 6.742 6.750 6.758 6.766 6.773 6.781 6.789 6.797 6.804 6.812 6.819 6.827 6.834 6.841 6.848 6.855 6.862 6.868 6.875 6.882 6.889 6.895 6.900 6.905 6.911 6.916 6.921 6.926 6.931 6.937 6.942 6.947 6.953 6.959 6.965 6.971 6.978 6.985 6.993 7.001 7.009 7.019 7.029 7.038 7.048 7.057 7.067 7.077 7.087 7.098 7.108 7.119 7.130
6.495 6.506 6.516 6.527 6.539 6.550 6.561 6.573 6.584 6.595 6.607 6.618 6.629 6.640 6.650 6.661 6.671 6.682 6.692 6.702 6.712 6.722 6.730 6.738 6.746 6.754 6.762 6.770 6.778 6.786 6.794 6.802 6.809 6.817 6.825 6.832 6.839 6.847 6.854 6.861 6.868 6.875 6.882 6.889 6.896 6.902 6.907 6.913 6.918 6.924 6.929 6.935 6.940 6.946 6.951 6.957 6.963 6.968 6.975 6.981 6.988 6.995 7.003 7.011 7.019 7.028 7.038 7.048 7.057 7.067 7.077 7.087 7.097 7.107 7.118 7.129 7.140
6.499 6.510 6.520 6.531 6.542 6.553 6.565 6.576 6.587 6.599 6.610 6.621 6.632 6.643 6.654 6.664 6.675 6.685 6.696 6.706 6.716 6.726 6.734 6.742 6.750 6.759 6.767 6.775 6.783 6.791 6.799 6.806 6.814 6.822 6.830 6.837 6.845 6.852 6.860 6.867 6.874 6.881 6.888 6.896 6.903 6.909 6.915 6.920 6.926 6.932 6.937 6.943 6.949 6.954 6.960 6.966 6.972 6.978 6.984 6.990 6.997 7.004 7.012 7.020 7.029 7.038 7.048 7.057 7.067 7.076 7.086 7.096 7.107 7.117 7.128 7.139 7.150
6.504 6.514 6.524 6.535 6.546 6.557 6.568 6.580 6.591 6.602 6.613 6.624 6.635 6.646 6.657 6.668 6.679 6.689 6.699 6.710 6.720 6.730 6.738 6.747 6.755 6.763 6.771 6.779 6.787 6.795 6.803 6.811 6.819 6.827 6.835 6.843 6.850 6.858 6.865 6.873 6.880 6.887 6.895 6.902 6.909 6.916 6.922 6.928 6.934 6.939 6.945 6.951 6.957 6.963 6.969 6.975 6.981 6.987 6.993 7.000 7.007 7.014 7.022 7.030 7.038 7.047 7.057 7.067 7.076 7.086 7.096 7.106 7.116 7.127 7.138 7.149 7.160
6.509 6.519 6.529 6.540 6.550 6.561 6.572 6.583 6.595 6.606 6.617 6.628 6.639 6.650 6.661 6.672 6.682 6.693 6.703 6.714 6.724 6.734 6.742 6.751 6.759 6.768 6.776 6.784 6.792 6.800 6.808 6.816 6.824 6.832 6.840 6.848 6.856 6.863 6.871 6.878 6.886 6.893 6.901 6.909 6.916 6.922 6.929 6.935 6.941 6.947 6.953 6.959 6.965 6.971 6.977 6.984 6.990 6.996 7.003 7.009 7.016 7.023 7.031 7.039 7.047 7.057 7.066 7.076 7.086 7.095 7.105 7.116 7.126 7.137 7.148 7.159 7.171
6.514 6.524 6.534 6.544 6.555 6.566 6.577 6.588 6.599 6.610 6.621 6.632 6.643 6.654 6.665 6.676 6.687 6.697 6.708 6.718 6.729 6.738 6.747 6.755 6.764 6.772 6.781 6.789 6.797 6.805 6.813 6.821 6.830 6.838 6.845 6.853 6.861 6.869 6.877 6.884 6.892 6.900 6.907 6.915 6.922 6.929 6.935 6.942 6.948 6.954 6.961 6.967 6.973 6.980 6.986 6.992 6.999 7.005 7.012 7.018 7.025 7.033 7.040 7.048 7.057 7.066 7.076 7.085 7.095 7.105 7.115 7.125 7.136 7.147 7.158 7.170 7.181
6.520 6.530 6.540 6.550 6.560 6.571 6.582 6.592 6.603 6.614 6.625 6.637 6.648 6.659 6.669 6.680 6.691 6.702 6.712 6.723 6.733 6.743 6.752 6.760 6.769 6.777 6.786 6.794 6.802 6.810 6.819 6.827 6.835 6.843 6.851 6.859 6.867 6.875 6.882 6.890 6.898 6.906 6.914 6.922 6.929 6.936 6.942 6.949 6.955 6.962 6.968 6.975 6.981 6.988 6.994 7.001 7.007 7.014 7.021 7.028 7.035 7.042 7.050 7.058 7.066 7.075 7.085 7.095 7.105 7.115 7.125 7.135 7.146 7.157 7.169 7.180 7.192
6.527 6.536 6.546 6.556 6.566 6.576 6.587 6.598 6.608 6.619 6.630 6.641 6.652 6.663 6.674 6.685 6.696 6.706 6.717 6.727 6.738 6.748 6.757 6.765 6.774 6.782 6.791 6.799 6.808 6.816 6.824 6.832 6.840 6.849 6.857 6.865 6.873 6.880 6.888 6.896 6.904 6.912 6.920 6.928 6.936 6.942 6.949 6.956 6.963 6.969 6.976 6.983 6.989 6.996 7.003 7.009 7.016 7.023 7.030 7.037 7.044 7.051 7.059 7.067 7.076 7.085 7.095 7.105 7.114 7.124 7.135 7.145 7.156 7.168 7.179 7.191 7.204
6.535 6.543 6.553 6.562 6.572 6.582 6.593 6.603 6.614 6.625 6.636 6.647 6.658 6.668 6.679 6.690 6.701 6.711 6.722 6.733 6.743 6.753 6.762 6.771 6.779 6.788 6.796 6.805 6.813 6.822 6.830 6.838 6.846 6.854 6.862 6.871 6.879 6.887 6.895 6.902 6.910 6.918 6.926 6.935 6.942 6.949 6.956 6.963 6.970 6.977 6.984 6.990 6.997 7.004 7.011 7.018 7.025 7.032 7.039 7.046 7.053 7.061 7.069 7.077 7.085 7.095 7.105 7.115 7.124 7.134 7.145 7.156 7.167 7.178 7.190 7.202 7.215
6.543 6.551 6.560 6.569 6.579 6.589 6.599 6.610 6.620 6.631 6.642 6.652 6.663 6.674 6.685 6.696 6.706 6.717 6.728 6.738 6.749 6.759 6.768 6.776 6.785 6.794 6.802 6.811 6.819 6.828 6.836 6.844 6.852 6.861 6.869 6.877 6.885 6.893 6.901 6.909 6.917 6.925 6.933 6.942 6.949 6.957 6.964 6.971 6.977 6.984 6.991 6.998 7.005 7.012 7.019 7.027 7.034 7.041 7.048 7.055 7.063 7.070 7.078 7.086 7.095 7.104 7.114 7.125 7.134 7.145 7.155 7.166 7.178 7.189 7.201 7.214 7.227
6.552 6.560 6.568 6.577 6.587 6.596 6.606 6.616 6.627 6.637 6.648 6.659 6.669 6.680 6.691 6.702 6.712 6.723 6.733 6.744 6.755 6.765 6.774 6.783 6.791 6.800 6.809 6.817 6.826 6.834 6.842 6.851 6.859 6.867 6.875 6.883 6.892 6.900 6.908 6.916 6.924 6.932 6.940 6.949 6.957 6.964 6.971 6.978 6.985 6.992 6.999 7.007 7.014 7.021 7.028 7.035 7.043 7.050 7.057 7.065 7.072 7.080 7.088 7.096 7.105 7.115 7.125 7.135 7.145 7.155 7.166 7.177 7.189 7.201 7.213 7.226 7.239
6.561 6.569 6.577 6.586 6.595 6.604 6.614 6.624 6.634 6.644 6.655 6.665 6.676 6.687 6.697 6.708 6.719 6.729 6.740 6.751 6.761 6.771 6.780 6.789 6.798 6.807 6.815 6.824 6.832 6.841 6.849 6.858 6.866 6.874 6.882 6.890 6.899 6.907 6.915 6.923 6.931 6.939 6.948 6.956 6.964 6.972 6.979 6.986 6.993 7.000 7.008 7.015 7.022 7.030 7.037 7.044 7.052 7.059 7.067 7.074 7.082 7.090 7.098 7.106 7.115 7.125 7.135 7.145 7.155 7.166 7.177 7.188 7.200 7.212 7.225 7.238 7.251
6.571 6.579 6.587 6.595 6.604 6.613 6.622 6.632 6.642 6.652 6.662 6.673 6.683 6.694 6.704 6.715 6.726 6.736 6.747 6.758 6.768 6.778 6.787 6.796 6.805 6.814 6.822 6.831 6.840 6.848 6.857 6.865 6.873 6.882 6.890 6.898 6.906 6.914 6.922 6.931 6.939 6.947 6.956 6.964 6.972 6.980 6.987 6.994 7.002 7.009 7.016 7.024 7.031 7.039 7.046 7.054 7.061 7.069 7.076 7.084 7.092 7.100 7.108 7.117 7.126 7.136 7.146 7.156 7.166 7.177 7.188 7.200 7.212 7.224 7.237 7.250 7.264
6.583 6.589 6.597 6.605 6.613 6.622 6.631 6.640 6.650 6.660 6.670 6.680 6.691 6.701 6.712 6.722 6.733 6.744 6.754 6.765 6.776 6.786 6.795 6.804 6.812 6.821 6.830 6.839 6.847 6.856 6.864 6.873 6.881 6.889 6.898 6.906 6.914 6.922 6.930 6.939 6.947 6.955 6.964 6.973 6.981 6.988 6.996 7.003 7.010 7.018 7.025 7.033 7.040 7.048 7.056 7.063 7.071 7.079 7.086 7.094 7.102 7.111 7.119 7.128 7.137 7.147 7.157 7.168 7.178 7.189 7.200 7.212 7.224 7.237 7.250 7.263 7.277
6.594 6.601 6.608 6.615 6.623 6.632 6.640 6.650 6.659 6.669 6.679 6.689 6.699 6.709 6.720 6.730 6.741 6.751 6.762 6.773 6.783 6.793 6.802 6.811 6.820 6.829 6.838 6.847 6.856 6.864 6.873 6.881 6.890 6.898 6.906 6.914 6.923 6.931 6.939 6.947 6.956 6.964 6.973 6.981 6.990 6.997 7.005 7.012 7.020 7.027 7.035 7.042 7.050 7.058 7.066 7.073 7.081 7.089 7.097 7.105 7.113 7.121 7.130 7.139 7.148 7.158 7.169 7.179 7.190 7.201 7.212 7.224 7.236 7.249 7.263 7.277 7.291
6.607 6.613 6.619 6.626 6.634 6.642 6.650 6.659 6.668 6.678 6.687 6.697 6.707 6.718 6.728 6.738 6.749 6.760 6.770 6.781 6.792 6.802 6.811 6.820 6.829 6.838 6.847 6.855 6.864 6.873 6.881 6.890 6.898 6.907 6.915 6.923 6.931 6.940 6.948 6.956 6.965 6.973 6.982 6.991 6.999 7.006 7.014 7.022 7.029 7.037 7.045 7.052 7.060 7.068 7.076 7.084 7.092 7.100 7.108 7.116 7.124 7.133 7.142 7.151 7.160 7.170 7.181 7.191 7.202 7.213 7.225 7.237 7.249 7.263 7.276 7.291 7.305
6.620 6.625 6.632 6.638 6.645 6.653 6.661 6.669 6.678 6.687 6.697 6.706 6.716 6.726 6.737 6.747 6.757 6.768 6.779 6.790 6.800 6.810 6.819 6.828 6.837 6.846 6.855 6.864 6.873 6.882 6.890 6.899 6.907 6.916 6.924 6.933 6.941 6.949 6.957 6.966 6.974 6.983 6.992 7.001 7.009 7.016 7.024 7.032 7.039 7.047 7.055 7.063 7.071 7.079 7.087 7.095 7.103 7.111 7.119 7.128 7.136 7.145 7.154 7.163 7.172 7.183 7.193 7.204 7.215 7.226 7.238 7.250 7.263 7.276 7.290 7.305 7.320
6.633 6.638 6.644 6.650 6.657 6.664 6.672 6.680 6.688 6.697 6.706 6.716 6.726 6.736 6.746 6.756 6.766 6.777 6.788 6.799 6.809 6.819 6.828 6.837 6.846 6.855 6.864 6.873 6.882 6.891 6.900 6.908 6.917 6.925 6.934 6.942 6.951 6.959 6.967 6.976 6.984 6.993 7.002 7.011 7.019 7.026 7.034 7.042 7.050 7.058 7.066 7.074 7.082 7.090 7.098 7.106 7.114 7.123 7.131 7.140 7.148 7.157 7.166 7.175 7.185 7.196 7.206 7.217 7.228 7.239 7.251 7.264 7.277 7.291 7.305 7.320 7.335
6.647 6.652 6.657 6.663 6.669 6.676 6.683 6.691 6.699 6.708 6.716 6.726 6.735 6.745 6.755 6.765 6.775 6.786 6.797 6.808 6.818 6.828 6.837 6.846 6.855 6.865 6.874 6.883 6.892 6.901 6.909 6.918 6.927 6.935 6.944 6.952 6.961 6.969 6.978 6.986 6.995 7.003 7.013 7.021 7.029 7.037 7.045 7.053 7.061 7.069 7.077 7.085 7.093 7.101 7.110 7.118 7.126 7.135 7.143 7.152 7.161 7.170 7.179 7.188 7.198 7.209 7.220 7.230 7.241 7.253 7.265 7.278 7.291 7.305 7.320 7.335 7.350
6.661 6.666 6.671 6.676 6.682 6.688 6.695 6.702 6.710 6.718 6.727 6.736 6.745 6.754 6.764 6.774 6.785 6.795 6.806 6.817 6.827 6.837 6.846 6.855 6.865 6.874 6.883 6.892 6.901 6.910 6.919 6.928 6.937 6.945 6.954 6.962 6.971 6.979 6.988 6.997 7.005 7.014 7.023 7.032 7.040 7.048 7.056 7.064 7.072 7.080 7.088 7.097 7.105 7.113 7.122 7.130 7.139 7.147 7.156 7.165 7.174 7.183 7.192 7.202 7.212 7.223 7.234 7.244 7.255 7.267 7.279 7.292 7.306 7.320 7.335 7.350 7.366
6.676 6.680 6.685 6.690 6.695 6.701 6.707 6.714 6.721 6.729 6.737 6.746 6.755 6.764 6.774 6.784 6.794 6.804 6.815 6.826 6.836 6.846 6.855 6.864 6.874 6.883 6.893 6.902 6.911 6.920 6.929 6.938 6.947 6.956 6.964 6.973 6.981 6.990 6.999 7.007 7.016 7.025 7.034 7.043 7.051 7.059 7.067 7.076 7.084 7.092 7.100 7.109 7.117 7.125 7.134 7.143 7.151 7.160 7.169 7.178 7.187 7.196 7.206 7.216 7.226 7.237 7.248 7.259 7.270 7.282 7.294 7.307 7.321 7.335 7.350 7.366 7.381
6.691 6.695 6.699 6.704 6.709 6.714 6.720 6.726 6.733 6.740 6.748 6.756 6.765 6.774 6.784 6.793 6.803 6.814 6.824 6.835 6.845 6.855 6.864 6.874 6.883 6.893 6.902 6.911 6.921 6.930 6.939 6.948 6.957 6.966 6.974 6.983 6.992 7.001 7.009 7.018 7.027 7.036 7.045 7.054 7.062 7.071 7.079 7.087 7.095 7.104 7.112 7.121 7.129 7.138 7.146 7.155 7.164 7.173 7.182 7.191 7.200 7.210 7.219 7.229 7.240 7.251 7.262 7.273 7.284 7.296 7.309 7.322 7.336 7.350 7.365 7.381 7.396
6.706 6.709 6.713 6.717 6.722 6.727 6.733 6.738 6.745 6.752 6.759 6.767 6.775 6.784 6.793 6.803 6.813 6.823 6.833 6.844 6.854 6.864 6.873 6.883 6.892 6.902 6.911 6.921 6.930 6.939 6.949 6.958 6.967 6.976 6.985 6.993 7.002 7.011 7.020 7.029 7.038 7.047 7.056 7.065 7.074 7.082 7.090 7.099 7.107 7.116 7.124 7.133 7.141 7.150 7.159 7.168 7.177 7.186 7.195 7.204 7.214 7.223 7.233 7.243 7.254 7.265 7.276 7.287 7.299 7.311 7.324 7.337 7.351 7.365 7.380 7.396 7.411
6.720 6.724 6.727 6.731 6.736 6.740 6.745 6.751 6.757 6.763 6.770 6.778 6.786 6.794 6.803 6.812 6.822 6.832 6.842 6.853 6.863 6.873 6.882 6.892 6.901 6.911 6.920 6.930 6.939 6.949 6.958 6.967 6.976 6.986 6.995 7.003 7.012 7.021 7.030 7.039 7.048 7.057 7.067 7.076 7.085 7.093 7.102 7.110 7.119 7.127 7.136 7.145 7.154 7.162 7.171 7.180 7.190 7.199 7.208 7.218 7.227 7.237 7.247 7.257 7.268 7.279 7.291 7.302 7.313 7.325 7.338 7.351 7.365 7.380 7.395 7.410 7.424
6.735 6.738 6.742 6.746 6.750 6.754 6.759 6.764 6.769 6.775 6.782 6.789 6.796 6.804 6.813 6.822 6.831 6.841 6.851 6.862 6.872 6.881 6.891 6.900 6.910 6.920 6.929 6.939 6.948 6.958 6.967 6.977 6.986 6.995 7.004 7.013 7.022 7.031 7.040 7.049 7.059 7.068 7.078 7.087 7.096 7.104 7.113 7.121 7.130 7.139 7.148 7.157 7.166 7.175 7.184 7.193 7.202 7.212 7.221 7.231 7.240 7.250 7.260 7.271 7.282 7.293 7.305 7.316 7.328 7.340 7.352 7.366 7.379 7.394 7.409 7.424 7.438
6.750 6.753 6.756 6.760 6.764 6.768 6.772 6.777 6.782 6.787 6.793 6.800 6.807 6.815 6.823 6.832 6.841 6.850 6.860 6.871 6.881 6.890 6.899 6.909 6.919 6.928 6.938 6.948 6.957 6.967 6.976 6.986 6.995 7.004 7.014 7.023 7.032 7.041 7.050 7.059 7.069 7.078 7.088 7.097 7.106 7.115 7.124 7.133 7.141 7.150 7.159 7.168 7.177 7.187 7.196 7.205 7.215 7.224 7.234 7.243 7.253 7.263 7.274 7.284 7.295 7.307 7.318 7.330 7.341 7.353 7.366 7.379 7.393 7.407 7.422 7.436 7.450
6.764 6.767 6.771 6.774 6.778 6.781 6.785 6.790 6.794 6.799 6.805 6.811 6.818 6.825 6.833 6.841 6.850 6.859 6.869 6.879 6.889 6.898 6.908 6.917 6.927 6.937 6.946 6.956 6.966 6.976 6.985 6.995 7.004 7.014 7.023 7.032 7.041 7.051 7.060 7.069 7.079 7.088 7.098 7.108 7.117 7.125 7.134 7.143 7.152 7.161 7.171 7.180 7.189 7.198 7.208 7.217 7.227 7.236 7.246 7.256 7.266 7.276 7.286 7.297 7.308 7.320 7.332 7.343 7.355 7.367 7.379 7.392 7.406 7.420 7.434 7.449 7.463
6.779 6.782 6.785 6.788 6.792 6.795 6.799 6.803 6.807 6.812 6.817 6.823 6.829 6.836 6.843 6.851 6.860 6.869 6.878 6.888 6.898 6.907 6.916 6.926 6.935 6.945 6.955 6.965 6.974 6.984 6.994 7.003 7.013 7.023 7.032 7.041 7.051 7.060 7.069 7.079 7.088 7.098 7.108 7.118 7.127 7.136 7.145 7.154 7.163 7.172 7.182 7.191 7.200 7.210 7.219 7.229 7.239 7.248 7.258 7.268 7.278 7.288 7.299 7.310 7.321 7.333 7.345 7.356 7.367 7.379 7.391 7.404 7.417 7.431 7.445 7.460 7.474
6.793 6.796 6.799 6.802 6.805 6.809 6.812 6.816 6.820 6.824 6.829 6.835 6.840 6.847 6.854 6.861 6.869 6.878 6.887 6.897 6.906 6.915 6.925 6.934 6.944 6.953 6.963 6.973 6.983 6.993 7.002 7.012 7.022 7.031 7.041 7.050 7.060 7.069 7.079 7.088 7.098 7.108 7.118 7.128 7.137 7.146 7.155 7.164 7.173 7.183 7.192 7.202 7.211 7.221 7.231 7.240 7.250 7.260 7.270 7.280 7.290 7.300 7.311 7.322 7.333 7.345 7.357 7.368 7.380 7.391 7.403 7.415 7.428 7.442 7.456 7.471 7.485
