TsunamiDB/out54144.asc
ncols          264
nrows          230
xllcorner      497853.4375
yllcorner      4229146.0000
cellsize         5.
NODATA_value   -99
[rows 170 to 203 of 230, columns 154 to 230 of 264]
7.272 7.274 7.275 7.276 7.277 7.278 7.279 7.279 7.279 7.277 7.273 7.264 7.253 7.243 7.233 7.223 7.218 7.220 7.230 7.249 7.279 7.315 7.354 7.383 7.419 7.474 7.531 7.589 7.645 7.700 7.752 7.799 7.841 7.868 7.895 7.934 7.972 8.007 8.038 8.066 8.091 8.113 8.132 8.144 8.155 8.172 8.189 8.205 8.219 8.233 8.246 8.259 8.271 8.277 8.284 8.296 8.308 8.320 8.330 8.339 8.348 8.355 8.362 8.365 8.367 8.373 8.379 8.384 8.389 8.393 8.398 8.402 8.406 8.408 8.411 8.416 8.421
7.275 7.276 7.277 7.279 7.280 7.281 7.282 7.282 7.282 7.280 7.276 7.267 7.257 7.248 7.238 7.229 7.226 7.230 7.242 7.262 7.293 7.331 7.373 7.404 7.441 7.498 7.557 7.616 7.672 7.727 7.779 7.825 7.865 7.891 7.917 7.954 7.990 8.022 8.052 8.079 8.103 8.124 8.143 8.155 8.166 8.182 8.198 8.214 8.227 8.241 8.254 8.266 8.278 8.284 8.290 8.302 8.314 8.325 8.336 8.345 8.353 8.360 8.366 8.368 8.371 8.376 8.381 8.386 8.390 8.395 8.399 8.403 8.407 8.409 8.411 8.417 8.422
7.277 7.278 7.280 7.281 7.282 7.284 7.284 7.285 7.285 7.284 7.280 7.271 7.261 7.253 7.244 7.237 7.236 7.241 7.254 7.276 7.308 7.348 7.392 7.425 7.463 7.523 7.583 7.643 7.700 7.754 7.805 7.850 7.888 7.912 7.937 7.972 8.006 8.037 8.066 8.091 8.115 8.136 8.154 8.165 8.176 8.192 8.208 8.222 8.236 8.248 8.261 8.273 8.285 8.291 8.297 8.309 8.321 8.332 8.341 8.350 8.358 8.364 8.370 8.372 8.374 8.379 8.384 8.388 8.392 8.396 8.400 8.404 8.409 8.411 8.413 8.418 8.424
7.279 7.281 7.282 7.284 7.285 7.287 7.288 7.288 7.289 7.288 7.284 7.276 7.266 7.259 7.252 7.246 7.246 7.253 7.267 7.290 7.324 7.366 7.413 7.447 7.487 7.548 7.609 7.668 7.725 7.779 7.829 7.871 7.908 7.931 7.955 7.988 8.020 8.051 8.078 8.103 8.126 8.147 8.164 8.175 8.186 8.202 8.217 8.231 8.244 8.256 8.268 8.280 8.292 8.298 8.304 8.316 8.327 8.338 8.347 8.355 8.363 8.369 8.374 8.376 8.378 8.382 8.387 8.391 8.394 8.398 8.402 8.406 8.410 8.412 8.414 8.420 8.426
7.281 7.283 7.285 7.287 7.288 7.290 7.291 7.292 7.293 7.292 7.289 7.281 7.272 7.266 7.260 7.256 7.257 7.265 7.280 7.305 7.340 7.384 7.433 7.469 7.511 7.572 7.633 7.692 7.748 7.801 7.850 7.892 7.928 7.949 7.971 8.003 8.034 8.064 8.090 8.115 8.137 8.157 8.175 8.186 8.196 8.211 8.226 8.240 8.252 8.264 8.276 8.287 8.299 8.306 8.312 8.323 8.334 8.344 8.353 8.361 8.368 8.374 8.379 8.380 8.382 8.386 8.390 8.393 8.397 8.400 8.404 8.408 8.412 8.414 8.416 8.422 8.428
7.284 7.286 7.288 7.290 7.292 7.293 7.295 7.296 7.297 7.297 7.294 7.287 7.279 7.274 7.269 7.266 7.268 7.278 7.294 7.319 7.355 7.402 7.456 7.493 7.535 7.597 7.658 7.716 7.772 7.824 7.873 7.913 7.946 7.967 7.988 8.018 8.048 8.077 8.102 8.127 8.149 8.169 8.186 8.196 8.206 8.221 8.235 8.249 8.261 8.272 8.284 8.295 8.308 8.314 8.320 8.331 8.341 8.351 8.359 8.367 8.374 8.379 8.384 8.385 8.386 8.389 8.393 8.396 8.400 8.403 8.406 8.410 8.415 8.417 8.419 8.425 8.430
7.287 7.289 7.291 7.293 7.295 7.297 7.299 7.301 7.303 7.303 7.301 7.294 7.286 7.282 7.279 7.276 7.280 7.290 7.308 7.335 7.372 7.425 7.482 7.518 7.560 7.622 7.682 7.740 7.795 7.847 7.894 7.932 7.962 7.982 8.003 8.033 8.062 8.089 8.115 8.139 8.161 8.179 8.196 8.206 8.216 8.230 8.244 8.258 8.270 8.281 8.292 8.304 8.317 8.323 8.328 8.339 8.349 8.358 8.366 8.373 8.380 8.385 8.388 8.389 8.390 8.393 8.397 8.400 8.403 8.406 8.409 8.413 8.419 8.420 8.422 8.428 8.433
7.290 7.293 7.295 7.297 7.300 7.302 7.304 7.306 7.309 7.309 7.307 7.302 7.295 7.292 7.289 7.288 7.293 7.305 7.325 7.355 7.397 7.452 7.507 7.543 7.585 7.646 7.706 7.763 7.817 7.867 7.911 7.947 7.978 7.998 8.017 8.047 8.075 8.102 8.127 8.150 8.172 8.190 8.206 8.216 8.225 8.240 8.254 8.267 8.279 8.290 8.302 8.314 8.326 8.332 8.337 8.347 8.357 8.365 8.373 8.379 8.385 8.390 8.393 8.394 8.394 8.397 8.401 8.404 8.407 8.410 8.413 8.418 8.423 8.424 8.426 8.431 8.436
7.294 7.297 7.299 7.302 7.305 7.307 7.310 7.312 7.315 7.317 7.315 7.310 7.305 7.303 7.301 7.301 7.308 7.323 7.345 7.378 7.423 7.477 7.531 7.566 7.608 7.669 7.728 7.784 7.837 7.885 7.927 7.963 7.994 8.013 8.031 8.060 8.088 8.115 8.139 8.162 8.182 8.200 8.216 8.226 8.235 8.249 8.263 8.277 8.289 8.301 8.312 8.324 8.335 8.341 8.346 8.355 8.364 8.372 8.379 8.385 8.391 8.395 8.398 8.399 8.399 8.402 8.405 8.408 8.411 8.414 8.418 8.422 8.427 8.428 8.430 8.435 8.440
7.299 7.301 7.304 7.307 7.310 7.313 7.316 7.319 7.322 7.325 7.324 7.320 7.315 7.314 7.315 7.317 7.325 7.342 7.367 7.402 7.449 7.501 7.554 7.589 7.630 7.690 7.749 7.804 7.855 7.901 7.942 7.978 8.009 8.027 8.045 8.074 8.102 8.128 8.151 8.173 8.193 8.211 8.227 8.236 8.245 8.259 8.274 8.287 8.299 8.311 8.322 8.334 8.344 8.349 8.354 8.363 8.372 8.379 8.386 8.391 8.396 8.400 8.403 8.404 8.404 8.407 8.410 8.413 8.416 8.419 8.423 8.427 8.432 8.433 8.434 8.439 8.443
7.303 7.306 7.310 7.313 7.316 7.320 7.323 7.327 7.331 7.333 7.334 7.331 7.327 7.328 7.330 7.334 7.344 7.363 7.391 7.427 7.473 7.524 7.575 7.611 7.652 7.711 7.768 7.823 7.872 7.917 7.958 7.993 8.024 8.042 8.060 8.088 8.115 8.141 8.163 8.185 8.204 8.221 8.237 8.247 8.255 8.270 8.284 8.297 8.310 8.322 8.333 8.344 8.353 8.358 8.363 8.371 8.379 8.386 8.392 8.397 8.401 8.405 8.408 8.409 8.409 8.412 8.415 8.418 8.422 8.425 8.429 8.432 8.436 8.437 8.438 8.443 8.447
7.309 7.312 7.316 7.319 7.323 7.327 7.331 7.335 7.339 7.343 7.345 7.343 7.341 7.343 7.346 7.352 7.364 7.385 7.413 7.450 7.495 7.545 7.596 7.631 7.672 7.730 7.787 7.840 7.889 7.933 7.973 8.008 8.039 8.056 8.074 8.102 8.129 8.153 8.176 8.197 8.215 8.233 8.249 8.258 8.266 8.280 8.295 8.308 8.320 8.332 8.343 8.353 8.362 8.367 8.371 8.379 8.386 8.392 8.398 8.403 8.407 8.410 8.414 8.414 8.414 8.418 8.421 8.424 8.427 8.431 8.434 8.438 8.442 8.442 8.443 8.447 8.452
7.315 7.318 7.322 7.326 7.330 7.334 7.339 7.344 7.349 7.354 7.356 7.355 7.354 7.358 7.363 7.371 7.385 7.407 7.435 7.471 7.516 7.565 7.616 7.652 7.692 7.750 7.806 7.858 7.906 7.949 7.988 8.023 8.054 8.071 8.088 8.116 8.142 8.167 8.189 8.209 8.227 8.244 8.260 8.269 8.277 8.292 8.306 8.319 8.331 8.343 8.353 8.363 8.371 8.375 8.379 8.386 8.392 8.398 8.404 8.408 8.412 8.416 8.419 8.420 8.420 8.423 8.427 8.430 8.433 8.437 8.440 8.443 8.447 8.448 8.448 8.452 8.456
7.321 7.325 7.329 7.333 7.338 7.342 7.348 7.353 7.359 7.365 7.368 7.368 7.369 7.374 7.381 7.390 7.406 7.429 7.457 7.493 7.537 7.586 7.638 7.673 7.713 7.770 7.825 7.876 7.923 7.965 8.004 8.039 8.069 8.086 8.103 8.130 8.156 8.180 8.201 8.221 8.239 8.256 8.272 8.280 8.288 8.303 8.317 8.330 8.341 8.352 8.363 8.372 8.379 8.383 8.386 8.393 8.399 8.404 8.409 8.413 8.417 8.421 8.424 8.425 8.426 8.429 8.432 8.436 8.439 8.442 8.446 8.449 8.452 8.453 8.454 8.457 8.461
7.328 7.332 7.336 7.341 7.346 7.351 7.357 7.363 7.370 7.376 7.381 7.382 7.384 7.391 7.400 7.410 7.427 7.451 7.479 7.514 7.557 7.606 7.659 7.695 7.734 7.790 7.844 7.894 7.940 7.982 8.020 8.054 8.085 8.101 8.118 8.145 8.170 8.193 8.214 8.233 8.251 8.268 8.284 8.292 8.300 8.314 8.327 8.340 8.351 8.362 8.372 8.380 8.387 8.390 8.393 8.399 8.405 8.410 8.414 8.419 8.422 8.426 8.430 8.431 8.431 8.435 8.438 8.442 8.445 8.448 8.452 8.455 8.458 8.459 8.459 8.462 8.466
7.335 7.339 7.344 7.349 7.354 7.360 7.367 7.374 7.381 7.388 7.393 7.396 7.399 7.407 7.418 7.429 7.448 7.471 7.500 7.535 7.577 7.626 7.680 7.717 7.755 7.811 7.864 7.913 7.957 7.999 8.037 8.071 8.101 8.117 8.133 8.159 8.185 8.207 8.228 8.247 8.264 8.281 8.297 8.305 8.312 8.326 8.339 8.351 8.362 8.372 8.382 8.390 8.396 8.398 8.400 8.406 8.411 8.416 8.420 8.424 8.428 8.432 8.435 8.436 8.437 8.441 8.444 8.448 8.451 8.454 8.458 8.461 8.464 8.464 8.465 8.468 8.471
7.342 7.347 7.352 7.357 7.363 7.370 7.377 7.385 7.393 7.400 7.406 7.409 7.413 7.423 7.435 7.448 7.467 7.492 7.521 7.556 7.597 7.649 7.705 7.740 7.778 7.832 7.884 7.932 7.976 8.017 8.054 8.088 8.117 8.133 8.148 8.175 8.199 8.222 8.242 8.261 8.278 8.295 8.311 8.318 8.325 8.339 8.351 8.363 8.373 8.382 8.391 8.398 8.403 8.405 8.407 8.412 8.417 8.422 8.426 8.430 8.433 8.437 8.441 8.442 8.443 8.446 8.450 8.454 8.457 8.460 8.464 8.467 8.470 8.470 8.471 8.474 8.477
7.350 7.355 7.361 7.366 7.373 7.380 7.387 7.396 7.404 7.412 7.417 7.421 7.427 7.439 7.453 7.468 7.488 7.513 7.543 7.578 7.622 7.675 7.728 7.763 7.800 7.854 7.904 7.952 7.995 8.035 8.072 8.105 8.134 8.149 8.164 8.190 8.215 8.237 8.257 8.276 8.293 8.310 8.325 8.332 8.339 8.351 8.363 8.374 8.384 8.392 8.400 8.406 8.411 8.412 8.414 8.419 8.423 8.428 8.431 8.435 8.439 8.443 8.447 8.448 8.448 8.452 8.456 8.460 8.463 8.467 8.470 8.473 8.476 8.476 8.477 8.479 8.482
7.359 7.364 7.369 7.375 7.382 7.389 7.398 7.406 7.415 7.422 7.428 7.434 7.442 7.455 7.471 7.487 7.509 7.535 7.566 7.603 7.649 7.700 7.751 7.786 7.823 7.875 7.925 7.972 8.015 8.054 8.090 8.122 8.151 8.166 8.181 8.206 8.231 8.253 8.273 8.292 8.309 8.325 8.340 8.346 8.352 8.364 8.375 8.385 8.394 8.402 8.408 8.414 8.418 8.420 8.421 8.425 8.430 8.434 8.437 8.441 8.445 8.449 8.453 8.453 8.454 8.458 8.462 8.466 8.469 8.473 8.476 8.479 8.482 8.482 8.482 8.485 8.488
7.367 7.373 7.379 7.385 7.392 7.399 7.408 7.417 7.425 7.432 7.439 7.446 7.457 7.472 7.489 7.508 7.531 7.558 7.591 7.629 7.674 7.724 7.774 7.808 7.845 7.898 7.947 7.993 8.035 8.074 8.109 8.140 8.169 8.184 8.198 8.223 8.248 8.270 8.290 8.309 8.325 8.341 8.354 8.360 8.366 8.377 8.387 8.396 8.404 8.411 8.417 8.422 8.426 8.427 8.428 8.432 8.436 8.440 8.444 8.447 8.451 8.455 8.458 8.459 8.460 8.464 8.468 8.472 8.475 8.479 8.482 8.485 8.488 8.488 8.488 8.491 8.493
7.376 7.382 7.388 7.394 7.401 7.409 7.417 7.426 7.434 7.442 7.450 7.459 7.472 7.489 7.508 7.529 7.554 7.583 7.616 7.654 7.699 7.747 7.797 7.832 7.869 7.921 7.970 8.016 8.057 8.094 8.128 8.159 8.188 8.202 8.215 8.241 8.266 8.288 8.308 8.326 8.342 8.356 8.369 8.374 8.379 8.390 8.399 8.407 8.414 8.420 8.425 8.430 8.434 8.435 8.436 8.439 8.443 8.447 8.450 8.453 8.457 8.460 8.464 8.465 8.466 8.470 8.474 8.478 8.482 8.485 8.488 8.491 8.494 8.494 8.494 8.496 8.498
7.386 7.392 7.398 7.404 7.411 7.418 7.426 7.434 7.443 7.451 7.461 7.472 7.487 7.507 7.528 7.550 7.577 7.608 7.641 7.679 7.722 7.770 7.821 7.857 7.894 7.945 7.995 8.040 8.079 8.115 8.148 8.178 8.207 8.221 8.234 8.260 8.284 8.306 8.325 8.343 8.359 8.372 8.384 8.389 8.393 8.402 8.411 8.418 8.424 8.430 8.434 8.438 8.442 8.443 8.443 8.447 8.450 8.454 8.457 8.460 8.463 8.467 8.470 8.471 8.472 8.476 8.480 8.484 8.488 8.491 8.494 8.497 8.500 8.499 8.499 8.501 8.503
7.396 7.401 7.407 7.413 7.420 7.427 7.434 7.443 7.451 7.461 7.472 7.486 7.503 7.524 7.547 7.572 7.601 7.632 7.666 7.703 7.745 7.794 7.846 7.882 7.919 7.972 8.021 8.064 8.102 8.137 8.168 8.198 8.226 8.240 8.253 8.279 8.303 8.325 8.344 8.361 8.376 8.389 8.399 8.403 8.406 8.415 8.422 8.429 8.434 8.439 8.443 8.447 8.450 8.451 8.451 8.454 8.458 8.461 8.464 8.467 8.470 8.473 8.477 8.477 8.478 8.482 8.486 8.490 8.494 8.497 8.500 8.503 8.505 8.505 8.505 8.506 8.508
7.405 7.411 7.417 7.422 7.429 7.435 7.442 7.451 7.460 7.471 7.484 7.500 7.519 7.542 7.566 7.592 7.623 7.656 7.689 7.726 7.769 7.819 7.873 7.911 7.948 8.000 8.048 8.090 8.126 8.158 8.188 8.218 8.246 8.260 8.273 8.299 8.322 8.343 8.361 8.378 8.392 8.404 8.414 8.417 8.419 8.427 8.433 8.439 8.444 8.448 8.452 8.455 8.458 8.459 8.459 8.462 8.465 8.468 8.471 8.473 8.476 8.479 8.483 8.484 8.484 8.488 8.492 8.496 8.500 8.503 8.506 8.508 8.510 8.510 8.510 8.511 8.512
7.415 7.421 7.426 7.431 7.437 7.443 7.450 7.458 7.468 7.480 7.496 7.514 7.534 7.558 7.584 7.612 7.645 7.679 7.714 7.752 7.795 7.845 7.901 7.940 7.978 8.029 8.076 8.116 8.150 8.181 8.210 8.238 8.267 8.280 8.293 8.318 8.341 8.361 8.378 8.394 8.408 8.419 8.428 8.430 8.432 8.438 8.444 8.450 8.454 8.457 8.461 8.464 8.467 8.467 8.467 8.470 8.473 8.476 8.478 8.481 8.483 8.486 8.490 8.491 8.491 8.495 8.499 8.503 8.506 8.509 8.512 8.514 8.516 8.515 8.514 8.516 8.517
7.425 7.431 7.435 7.440 7.445 7.450 7.457 7.465 7.476 7.490 7.508 7.528 7.550 7.575 7.601 7.632 7.668 7.703 7.740 7.779 7.821 7.872 7.934 7.974 8.011 8.061 8.106 8.143 8.175 8.205 8.232 8.259 8.288 8.301 8.314 8.338 8.361 8.380 8.396 8.412 8.424 8.435 8.442 8.443 8.445 8.450 8.456 8.460 8.464 8.467 8.470 8.473 8.476 8.476 8.476 8.478 8.481 8.484 8.486 8.488 8.491 8.494 8.498 8.498 8.498 8.502 8.506 8.509 8.512 8.515 8.518 8.520 8.521 8.520 8.519 8.520 8.521
7.435 7.440 7.443 7.448 7.453 7.458 7.465 7.473 7.485 7.501 7.520 7.542 7.565 7.592 7.619 7.653 7.690 7.728 7.768 7.808 7.850 7.910 7.975 8.011 8.046 8.094 8.135 8.171 8.201 8.229 8.253 8.282 8.312 8.324 8.335 8.359 8.380 8.398 8.414 8.428 8.440 8.449 8.455 8.456 8.457 8.462 8.467 8.471 8.474 8.477 8.480 8.483 8.485 8.485 8.484 8.487 8.490 8.492 8.494 8.497 8.499 8.502 8.506 8.506 8.506 8.510 8.513 8.516 8.519 8.522 8.524 8.525 8.526 8.525 8.524 8.525 8.526
7.444 7.449 7.452 7.456 7.461 7.466 7.473 7.483 7.496 7.512 7.532 7.555 7.582 7.610 7.639 7.675 7.716 7.757 7.799 7.844 7.893 7.956 8.014 8.049 8.081 8.126 8.165 8.198 8.227 8.254 8.279 8.308 8.335 8.346 8.357 8.379 8.399 8.416 8.431 8.444 8.455 8.463 8.468 8.469 8.469 8.474 8.478 8.482 8.485 8.487 8.490 8.492 8.494 8.494 8.493 8.496 8.498 8.501 8.503 8.505 8.508 8.511 8.514 8.514 8.514 8.518 8.520 8.523 8.526 8.528 8.530 8.531 8.531 8.530 8.529 8.530 8.530
7.454 7.458 7.461 7.465 7.470 7.475 7.482 7.493 7.506 7.523 7.544 7.570 7.601 7.630 7.660 7.700 7.745 7.790 7.836 7.886 7.941 7.999 8.053 8.085 8.116 8.158 8.195 8.226 8.254 8.280 8.306 8.332 8.357 8.367 8.378 8.399 8.417 8.434 8.447 8.459 8.469 8.476 8.481 8.482 8.482 8.486 8.489 8.492 8.495 8.497 8.500 8.502 8.504 8.503 8.502 8.505 8.507 8.510 8.512 8.514 8.517 8.520 8.523 8.523 8.523 8.525 8.528 8.531 8.533 8.534 8.536 8.536 8.537 8.536 8.534 8.535 8.535
7.463 7.467 7.470 7.475 7.480 7.485 7.493 7.503 7.517 7.534 7.557 7.586 7.620 7.651 7.683 7.729 7.777 7.826 7.878 7.932 7.986 8.041 8.091 8.121 8.150 8.189 8.223 8.253 8.280 8.306 8.331 8.355 8.378 8.388 8.398 8.417 8.435 8.450 8.463 8.474 8.482 8.489 8.494 8.494 8.494 8.497 8.501 8.503 8.506 8.507 8.509 8.511 8.513 8.512 8.512 8.514 8.517 8.519 8.522 8.524 8.527 8.529 8.532 8.532 8.531 8.534 8.536 8.538 8.539 8.541 8.542 8.542 8.542 8.541 8.540 8.540 8.540
7.472 7.476 7.479 7.484 7.490 7.495 7.503 7.514 7.528 7.545 7.571 7.604 7.643 7.676 7.710 7.760 7.812 7.867 7.922 7.977 8.031 8.082 8.128 8.156 8.183 8.219 8.251 8.281 8.307 8.331 8.355 8.378 8.399 8.408 8.417 8.435 8.451 8.466 8.477 8.487 8.495 8.501 8.506 8.506 8.506 8.509 8.512 8.514 8.516 8.518 8.519 8.521 8.523 8.522 8.521 8.524 8.526 8.529 8.532 8.534 8.537 8.539 8.541 8.541 8.540 8.542 8.544 8.545 8.546 8.547 8.548 8.548 8.548 8.547 8.545 8.545 8.545
7.481 7.485 7.489 7.494 7.500 7.505 7.513 7.525 7.539 7.558 7.586 7.623 7.667 7.703 7.740 7.794 7.851 7.909 7.965 8.021 8.074 8.122 8.164 8.190 8.215 8.249 8.279 8.307 8.332 8.356 8.378 8.399 8.419 8.427 8.435 8.452 8.467 8.480 8.491 8.501 8.508 8.514 8.518 8.518 8.517 8.520 8.523 8.525 8.527 8.528 8.529 8.531 8.533 8.532 8.531 8.533 8.536 8.539 8.542 8.544 8.547 8.549 8.551 8.550 8.549 8.550 8.552 8.553 8.554 8.554 8.554 8.554 8.554 8.553 8.551 8.551 8.551
7.490 7.495 7.498 7.504 7.510 7.515 7.524 7.536 7.551 7.572 7.602 7.645 7.694 7.732 7.772 7.832 7.892 7.951 8.009 8.064 8.115 8.161 8.199 8.224 8.247 8.278 8.307 8.333 8.357 8.379 8.400 8.420 8.437 8.445 8.453 8.468 8.482 8.495 8.505 8.514 8.521 8.526 8.530 8.530 8.529 8.532 8.534 8.536 8.537 8.538 8.539 8.541 8.543 8.542 8.541 8.544 8.546 8.549 8.552 8.554 8.557 8.558 8.560 8.559 8.558 8.559 8.560 8.560 8.561 8.561 8.561 8.561 8.561 8.559 8.557 8.557 8.557
7.499 7.504 7.507 7.513 7.519 7.526 7.535 7.548 7.564 7.588 7.623 7.670 7.724 7.764 7.807 7.870 7.932 7.992 8.049 8.103 8.153 8.195 8.231 8.254 8.275 8.304 8.331 8.356 8.379 8.400 8.420 8.438 8.454 8.462 8.469 8.483 8.496 8.508 8.518 8.526 8.533 8.538 8.542 8.541 8.540 8.543 8.545 8.546 8.547 8.548 8.549 8.551 8.553 8.552 8.551 8.554 8.557 8.559 8.562 8.564 8.566 8.568 8.569 8.567 8.566 8.567 8.567 8.568 8.568 8.568 8.568 8.568 8.567 8.565 8.563 8.563 8.562
