TsunamiDB/out54105.asc
ncols          264
nrows          230
xllcorner      497853.4375
yllcorner      4229146.0000
cellsize         5.
NODATA_value   -99
[rows 34 to 67 of 230, columns 0 to 76 of 264]
-99.000 -99.000 -99.000 -99.000 -99.000 -99.000 -99.000 -99.000 -99.000 1.653 1.680 1.789 1.990 2.253 2.535 2.800 3.025 3.205 3.346 3.458 3.549 3.627 3.695 3.758 3.816 3.871 3.923 3.973 4.021 4.068 4.112 4.156 4.198 4.238 4.278 4.317 4.354 4.390 4.424 4.459 4.493 4.526 4.558 4.590 4.621 4.651 4.681 4.711 4.740 4.769 4.797 4.825 4.853 4.881 4.909 4.936 4.963 4.990 5.017 5.044 5.070 5.094 5.119 5.144 5.169 5.193 5.217 5.240 5.263 5.285 5.306 5.327 5.347 5.367 5.386 5.404 5.422
-99.000 -99.000 -99.000 -99.000 -99.000 -99.000 -99.000 -99.000 1.651 1.658 1.715 1.867 2.100 2.377 2.655 2.905 3.110 3.273 3.400 3.502 3.587 3.660 3.726 3.787 3.843 3.897 3.948 3.997 4.044 4.090 4.134 4.176 4.218 4.258 4.297 4.335 4.372 4.407 4.441 4.476 4.509 4.542 4.574 4.605 4.636 4.666 4.696 4.725 4.754 4.782 4.810 4.838 4.865 4.892 4.919 4.946 4.973 5.000 5.027 5.053 5.078 5.102 5.128 5.153 5.177 5.202 5.225 5.249 5.272 5.294 5.316 5.337 5.358 5.378 5.397 5.416 5.434
-99.000 -99.000 -99.000 -99.000 -99.000 -99.000 -99.000 -99.000 1.652 1.673 1.769 1.961 2.219 2.502 2.770 3.001 3.188 3.334 3.449 3.543 3.622 3.692 3.756 3.814 3.870 3.922 3.972 4.020 4.067 4.111 4.155 4.197 4.237 4.277 4.316 4.353 4.390 4.425 4.459 4.493 4.526 4.558 4.590 4.621 4.651 4.681 4.710 4.739 4.767 4.795 4.823 4.850 4.877 4.904 4.931 4.957 4.983 5.010 5.036 5.062 5.087 5.111 5.136 5.161 5.185 5.209 5.233 5.257 5.280 5.302 5.324 5.346 5.367 5.387 5.407 5.427 5.445
-99.000 -99.000 -99.000 -99.000 -99.000 -99.000 -99.000 1.651 1.656 1.703 1.843 2.068 2.342 2.623 2.878 3.090 3.258 3.390 3.495 3.582 3.657 3.723 3.785 3.842 3.896 3.947 3.996 4.043 4.089 4.133 4.175 4.217 4.257 4.296 4.334 4.372 4.408 4.442 4.476 4.509 4.542 4.574 4.606 4.636 4.667 4.696 4.725 4.754 4.782 4.809 4.836 4.863 4.890 4.916 4.942 4.968 4.994 5.020 5.045 5.071 5.095 5.119 5.144 5.168 5.193 5.217 5.241 5.264 5.287 5.310 5.332 5.354 5.375 5.396 5.417 5.436 5.455
-99.000 -99.000 -99.000 -99.000 -99.000 -99.000 -99.000 1.652 1.668 1.752 1.933 2.185 2.467 2.740 2.977 3.170 3.322 3.441 3.537 3.618 3.690 3.754 3.813 3.869 3.922 3.972 4.020 4.066 4.111 4.154 4.196 4.237 4.277 4.315 4.353 4.390 4.426 4.460 4.493 4.526 4.559 4.591 4.622 4.652 4.682 4.711 4.740 4.768 4.796 4.823 4.850 4.876 4.903 4.928 4.954 4.980 5.005 5.030 5.055 5.080 5.104 5.128 5.152 5.176 5.201 5.225 5.248 5.272 5.295 5.318 5.340 5.362 5.383 5.404 5.425 5.445 5.465
-99.000 -99.000 -99.000 -99.000 -99.000 -99.000 1.651 1.654 1.693 1.820 2.037 2.307 2.590 2.851 3.069 3.243 3.379 3.488 3.577 3.653 3.721 3.783 3.841 3.896 3.947 3.996 4.044 4.089 4.133 4.176 4.217 4.257 4.296 4.334 4.371 4.408 4.443 4.477 4.510 4.543 4.575 4.607 4.638 4.668 4.697 4.726 4.755 4.783 4.810 4.837 4.864 4.890 4.916 4.941 4.966 4.992 5.016 5.041 5.066 5.091 5.114 5.137 5.161 5.185 5.209 5.232 5.256 5.279 5.302 5.325 5.347 5.369 5.391 5.412 5.433 5.453 5.473
-99.000 -99.000 -99.000 -99.000 -99.000 -99.000 1.651 1.663 1.736 1.906 2.151 2.433 2.710 2.953 3.152 3.308 3.432 3.531 3.614 3.687 3.752 3.813 3.869 3.922 3.972 4.021 4.067 4.112 4.155 4.197 4.238 4.277 4.316 4.353 4.390 4.426 4.461 4.494 4.527 4.559 4.591 4.623 4.653 4.683 4.713 4.742 4.770 4.797 4.825 4.851 4.878 4.904 4.929 4.954 4.979 5.004 5.028 5.053 5.077 5.101 5.124 5.147 5.170 5.194 5.217 5.240 5.263 5.286 5.309 5.332 5.354 5.376 5.398 5.419 5.440 5.460 5.480
-99.000 -99.000 -99.000 -99.000 -99.000 1.651 1.653 1.684 1.799 2.007 2.273 2.558 2.823 3.048 3.227 3.368 3.480 3.572 3.650 3.720 3.783 3.841 3.896 3.948 3.997 4.045 4.091 4.135 4.177 4.218 4.258 4.297 4.335 4.372 4.408 4.444 4.478 4.511 4.543 4.576 4.607 4.639 4.669 4.699 4.728 4.757 4.785 4.812 4.839 4.866 4.892 4.917 4.943 4.968 4.992 5.017 5.041 5.065 5.088 5.112 5.135 5.157 5.180 5.203 5.226 5.249 5.272 5.294 5.317 5.339 5.361 5.383 5.404 5.426 5.447 5.467 5.487
-99.000 -99.000 -99.000 -99.000 -99.000 1.651 1.660 1.722 1.881 2.119 2.399 2.679 2.928 3.134 3.296 3.423 3.525 3.611 3.685 3.751 3.812 3.869 3.923 3.974 4.022 4.069 4.114 4.157 4.199 4.239 4.279 4.317 4.355 4.391 4.427 4.462 4.496 4.528 4.560 4.592 4.623 4.654 4.684 4.714 4.743 4.771 4.799 4.827 4.854 4.880 4.906 4.931 4.956 4.981 5.006 5.030 5.053 5.077 5.100 5.124 5.146 5.168 5.190 5.213 5.235 5.258 5.280 5.302 5.324 5.346 5.368 5.390 5.411 5.432 5.453 5.474 5.494
-99.000 -99.000 -99.000 -99.000 -99.000 1.652 1.677 1.780 1.979 2.241 2.525 2.795 3.026 3.212 3.357 3.473 3.567 3.648 3.718 3.783 3.842 3.897 3.950 4.000 4.047 4.093 4.137 4.180 4.221 4.261 4.299 4.337 4.374 4.410 4.445 4.479 4.513 4.545 4.577 4.608 4.639 4.670 4.700 4.729 4.758 4.786 4.814 4.841 4.868 4.894 4.920 4.945 4.970 4.995 5.019 5.043 5.066 5.090 5.113 5.136 5.158 5.179 5.201 5.223 5.245 5.267 5.289 5.311 5.333 5.354 5.376 5.397 5.418 5.439 5.460 5.480 5.501
-99.000 -99.000 -99.000 -99.000 1.651 1.657 1.711 1.858 2.090 2.367 2.649 2.904 3.115 3.283 3.414 3.519 3.607 3.683 3.751 3.813 3.871 3.925 3.976 4.025 4.072 4.117 4.160 4.202 4.242 4.282 4.320 4.357 4.393 4.429 4.463 4.497 4.530 4.562 4.593 4.624 4.655 4.685 4.715 4.744 4.773 4.801 4.828 4.855 4.882 4.908 4.934 4.959 4.984 5.008 5.032 5.056 5.079 5.102 5.125 5.148 5.170 5.191 5.212 5.234 5.256 5.277 5.299 5.320 5.342 5.363 5.384 5.405 5.426 5.446 5.467 5.487 5.507
-99.000 -99.000 -99.000 -99.000 1.652 1.671 1.764 1.953 2.210 2.495 2.768 3.004 3.196 3.347 3.466 3.563 3.645 3.717 3.783 3.843 3.899 3.953 4.003 4.051 4.097 4.141 4.183 4.224 4.264 4.303 4.340 4.377 4.413 4.448 4.482 4.515 4.548 4.579 4.610 4.640 4.671 4.701 4.730 4.759 4.787 4.815 4.842 4.869 4.896 4.922 4.947 4.972 4.997 5.021 5.045 5.069 5.092 5.115 5.138 5.160 5.182 5.203 5.224 5.245 5.267 5.288 5.309 5.330 5.351 5.372 5.392 5.413 5.434 5.454 5.474 5.494 5.514
-99.000 -99.000 -99.000 1.651 1.655 1.701 1.838 2.063 2.337 2.621 2.880 3.097 3.269 3.405 3.513 3.603 3.681 3.751 3.814 3.873 3.928 3.980 4.029 4.076 4.121 4.165 4.207 4.247 4.286 4.324 4.361 4.397 4.432 4.467 4.500 4.533 4.565 4.596 4.626 4.657 4.686 4.716 4.745 4.773 4.801 4.829 4.856 4.883 4.909 4.935 4.961 4.986 5.010 5.034 5.058 5.082 5.105 5.128 5.150 5.173 5.194 5.215 5.236 5.257 5.278 5.299 5.320 5.340 5.361 5.381 5.402 5.422 5.442 5.462 5.482 5.502 5.521
-99.000 -99.000 -99.000 1.652 1.667 1.750 1.931 2.183 2.467 2.743 2.984 3.181 3.336 3.458 3.557 3.642 3.717 3.784 3.845 3.902 3.956 4.007 4.056 4.102 4.146 4.189 4.230 4.269 4.308 4.345 4.382 4.417 4.452 4.486 4.519 4.551 4.582 4.613 4.643 4.673 4.702 4.731 4.760 4.788 4.816 4.843 4.870 4.896 4.923 4.948 4.974 4.998 5.023 5.047 5.071 5.094 5.117 5.140 5.163 5.185 5.206 5.226 5.247 5.268 5.289 5.310 5.330 5.351 5.371 5.391 5.411 5.431 5.451 5.471 5.490 5.510 5.529
-99.000 -99.000 1.651 1.654 1.693 1.821 2.039 2.311 2.596 2.858 3.079 3.256 3.396 3.507 3.599 3.680 3.751 3.816 3.875 3.931 3.984 4.034 4.082 4.127 4.171 4.213 4.253 4.292 4.330 4.367 4.403 4.437 4.471 4.505 4.537 4.569 4.600 4.630 4.659 4.689 4.718 4.746 4.775 4.802 4.830 4.857 4.884 4.910 4.936 4.961 4.986 5.011 5.035 5.059 5.083 5.107 5.130 5.152 5.175 5.197 5.218 5.238 5.259 5.280 5.301 5.321 5.341 5.362 5.382 5.402 5.421 5.441 5.460 5.480 5.499 5.518 5.537
-99.000 -99.000 1.651 1.664 1.739 1.912 2.160 2.442 2.720 2.965 3.166 3.324 3.451 3.553 3.639 3.715 3.784 3.847 3.905 3.960 4.012 4.061 4.108 4.153 4.195 4.237 4.276 4.315 4.352 4.388 4.423 4.458 4.491 4.524 4.556 4.588 4.618 4.646 4.676 4.705 4.734 4.762 4.790 4.817 4.844 4.871 4.897 4.923 4.949 4.974 4.999 5.023 5.048 5.071 5.095 5.118 5.141 5.164 5.186 5.208 5.229 5.250 5.270 5.291 5.312 5.332 5.352 5.372 5.392 5.412 5.431 5.451 5.470 5.489 5.508 5.527 5.546
-99.000 1.651 1.653 1.687 1.808 2.020 2.289 2.574 2.838 3.063 3.243 3.386 3.501 3.595 3.677 3.750 3.816 3.878 3.935 3.989 4.040 4.088 4.134 4.178 4.220 4.261 4.300 4.338 4.374 4.410 4.445 4.478 4.511 4.544 4.575 4.606 4.635 4.664 4.693 4.721 4.750 4.777 4.805 4.832 4.858 4.885 4.911 4.936 4.962 4.986 5.011 5.035 5.060 5.083 5.107 5.130 5.153 5.175 5.198 5.219 5.240 5.260 5.281 5.302 5.323 5.343 5.363 5.383 5.403 5.422 5.442 5.461 5.480 5.499 5.518 5.536 5.555
-99.000 1.651 1.662 1.731 1.897 2.141 2.423 2.701 2.948 3.152 3.313 3.442 3.547 3.635 3.713 3.783 3.848 3.908 3.964 4.017 4.067 4.115 4.160 4.203 4.245 4.285 4.323 4.360 4.397 4.432 4.466 4.499 4.531 4.563 4.594 4.624 4.653 4.681 4.710 4.738 4.766 4.793 4.820 4.847 4.873 4.899 4.924 4.950 4.974 4.999 5.023 5.048 5.071 5.095 5.118 5.141 5.164 5.186 5.209 5.230 5.251 5.271 5.292 5.313 5.333 5.353 5.374 5.393 5.413 5.433 5.452 5.471 5.490 5.509 5.527 5.546 5.564
1.651 1.653 1.683 1.798 2.005 2.272 2.557 2.823 3.049 3.232 3.376 3.493 3.590 3.673 3.747 3.816 3.879 3.938 3.993 4.045 4.094 4.141 4.185 4.228 4.269 4.308 4.346 4.383 4.419 4.453 4.487 4.520 4.552 4.583 4.613 4.643 4.672 4.699 4.727 4.755 4.782 4.809 4.836 4.862 4.888 4.913 4.938 4.963 4.988 5.012 5.036 5.060 5.083 5.106 5.129 5.152 5.175 5.197 5.219 5.241 5.261 5.281 5.302 5.323 5.343 5.364 5.384 5.403 5.423 5.442 5.462 5.481 5.500 5.518 5.537 5.555 5.573
1.651 1.660 1.726 1.888 2.128 2.409 2.687 2.935 3.140 3.303 3.433 3.539 3.630 3.709 3.781 3.847 3.909 3.966 4.021 4.072 4.121 4.167 4.211 4.253 4.293 4.332 4.370 4.406 4.441 4.475 4.508 4.540 4.572 4.603 4.633 4.662 4.690 4.718 4.745 4.772 4.799 4.826 4.852 4.877 4.903 4.928 4.952 4.977 5.001 5.025 5.048 5.072 5.095 5.118 5.141 5.163 5.186 5.208 5.230 5.250 5.270 5.291 5.312 5.332 5.353 5.373 5.393 5.413 5.433 5.452 5.471 5.490 5.509 5.528 5.546 5.564 5.582
1.653 1.681 1.792 1.997 2.262 2.546 2.811 3.038 3.221 3.366 3.484 3.582 3.668 3.743 3.812 3.877 3.938 3.995 4.048 4.099 4.147 4.192 4.236 4.277 4.317 4.356 4.393 4.429 4.463 4.497 4.529 4.561 4.592 4.623 4.652 4.682 4.709 4.736 4.763 4.790 4.816 4.842 4.868 4.893 4.918 4.943 4.967 4.991 5.015 5.038 5.061 5.084 5.107 5.130 5.152 5.174 5.196 5.218 5.240 5.260 5.280 5.301 5.321 5.342 5.362 5.382 5.402 5.422 5.442 5.461 5.480 5.499 5.518 5.537 5.555 5.573 5.591
1.660 1.723 1.883 2.122 2.401 2.679 2.926 3.130 3.293 3.423 3.530 3.622 3.703 3.776 3.843 3.907 3.966 4.022 4.075 4.125 4.172 4.217 4.260 4.302 4.341 4.379 4.416 4.451 4.485 4.518 4.551 4.582 4.613 4.643 4.672 4.701 4.728 4.754 4.781 4.808 4.834 4.859 4.884 4.909 4.934 4.958 4.982 5.005 5.029 5.052 5.075 5.097 5.120 5.142 5.164 5.186 5.207 5.229 5.250 5.270 5.290 5.310 5.331 5.351 5.371 5.391 5.411 5.431 5.450 5.470 5.489 5.508 5.527 5.545 5.564 5.582 5.600
1.680 1.791 1.994 2.258 2.541 2.805 3.030 3.212 3.357 3.474 3.572 3.658 3.736 3.807 3.872 3.935 3.993 4.048 4.101 4.150 4.197 4.242 4.284 4.325 4.364 4.402 4.438 4.473 4.507 4.540 4.572 4.603 4.633 4.663 4.692 4.720 4.747 4.773 4.800 4.826 4.851 4.877 4.901 4.926 4.950 4.974 4.997 5.020 5.043 5.066 5.088 5.110 5.132 5.154 5.176 5.197 5.218 5.239 5.261 5.281 5.300 5.320 5.340 5.360 5.380 5.400 5.420 5.439 5.458 5.478 5.497 5.516 5.535 5.553 5.572 5.590 5.608
1.723 1.883 2.122 2.400 2.676 2.922 3.124 3.284 3.413 3.520 3.611 3.693 3.768 3.836 3.900 3.962 4.019 4.074 4.126 4.175 4.221 4.266 4.308 4.348 4.387 4.424 4.460 4.495 4.529 4.561 4.593 4.623 4.653 4.683 4.711 4.740 4.766 4.792 4.818 4.844 4.869 4.894 4.919 4.943 4.966 4.990 5.013 5.036 5.058 5.080 5.102 5.124 5.146 5.167 5.188 5.209 5.230 5.251 5.271 5.291 5.310 5.330 5.349 5.369 5.389 5.408 5.428 5.447 5.466 5.486 5.505 5.524 5.542 5.561 5.579 5.598 5.616
1.793 1.997 2.261 2.542 2.804 3.027 3.206 3.348 3.464 3.561 3.647 3.725 3.797 3.864 3.927 3.987 4.045 4.099 4.150 4.199 4.245 4.289 4.331 4.371 4.410 4.446 4.482 4.517 4.550 4.582 4.613 4.644 4.674 4.703 4.731 4.759 4.785 4.811 4.836 4.862 4.887 4.912 4.936 4.960 4.983 5.006 5.029 5.051 5.073 5.095 5.117 5.138 5.159 5.180 5.201 5.222 5.242 5.262 5.283 5.302 5.320 5.340 5.359 5.379 5.398 5.417 5.436 5.455 5.474 5.493 5.512 5.531 5.550 5.568 5.586 5.605 5.623
1.887 2.127 2.405 2.679 2.921 3.120 3.278 3.404 3.509 3.599 3.681 3.755 3.825 3.891 3.953 4.012 4.069 4.122 4.173 4.221 4.267 4.311 4.353 4.393 4.431 4.468 4.503 4.538 4.571 4.603 4.634 4.664 4.693 4.722 4.750 4.778 4.804 4.829 4.855 4.880 4.905 4.929 4.953 4.977 5.000 5.023 5.045 5.067 5.089 5.111 5.132 5.153 5.174 5.194 5.215 5.235 5.255 5.275 5.294 5.313 5.331 5.350 5.369 5.388 5.407 5.426 5.445 5.464 5.482 5.501 5.520 5.538 5.557 5.575 5.593 5.612 5.630
2.004 2.268 2.548 2.808 3.027 3.202 3.341 3.454 3.550 3.635 3.712 3.784 3.852 3.916 3.977 4.036 4.091 4.145 4.195 4.243 4.289 4.333 4.374 4.414 4.452 4.489 4.524 4.558 4.591 4.623 4.654 4.684 4.713 4.741 4.769 4.797 4.822 4.848 4.873 4.898 4.923 4.947 4.971 4.994 5.017 5.039 5.062 5.084 5.105 5.126 5.147 5.168 5.188 5.209 5.229 5.248 5.268 5.287 5.307 5.325 5.343 5.361 5.380 5.398 5.417 5.435 5.454 5.472 5.491 5.509 5.527 5.545 5.564 5.582 5.600 5.618 5.636
2.137 2.414 2.686 2.925 3.120 3.274 3.397 3.499 3.588 3.668 3.742 3.811 3.877 3.940 4.000 4.058 4.113 4.166 4.216 4.264 4.310 4.353 4.395 4.435 4.473 4.509 4.544 4.578 4.611 4.642 4.673 4.703 4.732 4.760 4.788 4.815 4.841 4.866 4.891 4.916 4.940 4.964 4.988 5.011 5.034 5.056 5.078 5.100 5.121 5.142 5.163 5.183 5.204 5.224 5.243 5.263 5.282 5.301 5.320 5.338 5.355 5.373 5.391 5.409 5.427 5.445 5.463 5.481 5.499 5.517 5.535 5.553 5.571 5.589 5.607 5.624 5.642
2.280 2.558 2.815 3.030 3.202 3.337 3.447 3.540 3.623 3.699 3.770 3.837 3.901 3.962 4.022 4.079 4.134 4.186 4.236 4.284 4.330 4.373 4.415 4.454 4.492 4.529 4.564 4.597 4.630 4.661 4.692 4.722 4.750 4.779 4.806 4.833 4.859 4.883 4.908 4.933 4.957 4.981 5.005 5.028 5.050 5.073 5.095 5.116 5.137 5.158 5.179 5.199 5.219 5.239 5.258 5.277 5.296 5.315 5.333 5.351 5.368 5.385 5.403 5.421 5.438 5.456 5.473 5.491 5.508 5.526 5.543 5.561 5.578 5.596 5.613 5.631 5.648
2.426 2.696 2.932 3.123 3.273 3.393 3.492 3.578 3.656 3.728 3.796 3.862 3.924 3.984 4.042 4.099 4.153 4.205 4.255 4.303 4.349 4.392 4.434 4.473 4.511 4.548 4.582 4.616 4.648 4.680 4.710 4.740 4.769 4.797 4.824 4.851 4.876 4.901 4.926 4.950 4.974 4.998 5.021 5.044 5.067 5.089 5.111 5.132 5.153 5.174 5.195 5.215 5.235 5.254 5.273 5.292 5.311 5.329 5.348 5.365 5.381 5.399 5.416 5.433 5.450 5.467 5.484 5.501 5.518 5.535 5.552 5.569 5.586 5.603 5.620 5.638 5.655
2.571 2.824 3.036 3.204 3.336 3.443 3.533 3.613 3.686 3.755 3.821 3.885 3.945 4.004 4.062 4.118 4.172 4.223 4.273 4.321 4.366 4.410 4.452 4.491 4.529 4.566 4.601 4.634 4.666 4.698 4.728 4.758 4.786 4.814 4.841 4.868 4.893 4.918 4.942 4.967 4.991 5.015 5.038 5.061 5.083 5.105 5.127 5.148 5.169 5.190 5.210 5.230 5.250 5.269 5.289 5.307 5.326 5.344 5.362 5.379 5.395 5.412 5.429 5.446 5.463 5.479 5.496 5.512 5.529 5.545 5.562 5.578 5.595 5.611 5.628 5.645 5.662
2.708 2.940 3.128 3.275 3.391 3.488 3.571 3.646 3.716 3.782 3.846 3.907 3.966 4.024 4.081 4.136 4.189 4.241 4.290 4.338 4.383 4.427 4.469 4.509 4.547 4.583 4.618 4.652 4.684 4.715 4.745 4.775 4.803 4.831 4.858 4.884 4.909 4.934 4.959 4.983 5.007 5.031 5.054 5.076 5.099 5.121 5.142 5.164 5.185 5.205 5.226 5.246 5.265 5.285 5.304 5.323 5.341 5.359 5.377 5.394 5.410 5.427 5.443 5.460 5.476 5.492 5.508 5.524 5.540 5.556 5.572 5.588 5.604 5.620 5.636 5.653 5.669
2.835 3.043 3.208 3.337 3.441 3.529 3.606 3.677 3.744 3.808 3.869 3.929 3.987 4.043 4.099 4.153 4.206 4.257 4.306 4.354 4.399 4.443 4.485 4.525 4.563 4.600 4.635 4.668 4.701 4.732 4.762 4.791 4.820 4.848 4.875 4.901 4.925 4.950 4.975 4.999 5.023 5.046 5.069 5.092 5.114 5.136 5.158 5.179 5.200 5.221 5.241 5.261 5.280 5.300 5.319 5.338 5.356 5.374 5.392 5.408 5.424 5.441 5.458 5.474 5.490 5.506 5.522 5.537 5.553 5.568 5.584 5.599 5.615 5.630 5.646 5.661 5.677
2.950 3.134 3.278 3.393 3.486 3.567 3.640 3.707 3.771 3.832 3.892 3.950 4.006 4.061 4.116 4.169 4.221 4.272 4.321 4.369 4.414 4.458 4.500 4.540 4.579 4.616 4.651 4.685 4.717 4.748 4.778 4.808 4.836 4.864 4.891 4.916 4.941 4.965 4.990 5.014 5.038 5.061 5.084 5.107 5.129 5.151 5.172 5.194 5.215 5.235 5.255 5.275 5.295 5.315 5.334 5.352 5.371 5.389 5.407 5.423 5.439 5.456 5.472 5.488 5.504 5.520 5.535 5.551 5.566 5.581 5.596 5.611 5.626 5.641 5.656 5.671 5.686
