TsunamiDB/out54042.asc
ncols          264
nrows          230
xllcorner      497853.4375
yllcorner      4229146.0000
cellsize         5.
NODATA_value   -99
[rows 192 to 223 of 230, columns 146 to 218 of 264]
6.707 6.738 6.769 6.800 6.829 6.859 6.888 6.917 6.948 6.982 7.020 7.063 7.111 7.161 7.216 7.274 7.334 7.397 7.462 7.529 7.597 7.665 7.731 7.797 7.867 7.935 8.003 8.073 8.149 8.232 8.312 8.359 8.408 8.483 8.548 8.598 8.637 8.666 8.688 8.706 8.716 8.693 8.668 8.670 8.668 8.661 8.650 8.637 8.621 8.603 8.581 8.542 8.506 8.487 8.469 8.451 8.431 8.411 8.391 8.372 8.353 8.325 8.298 8.282 8.266 8.249 8.229 8.208 8.184 8.159 8.131 8.087 8.041
6.723 6.754 6.785 6.815 6.844 6.872 6.900 6.927 6.955 6.986 7.021 7.063 7.109 7.159 7.215 7.276 7.340 7.408 7.477 7.548 7.617 7.686 7.754 7.823 7.894 7.962 8.029 8.097 8.173 8.257 8.340 8.389 8.437 8.510 8.571 8.618 8.652 8.677 8.696 8.712 8.723 8.699 8.674 8.677 8.675 8.668 8.657 8.644 8.628 8.609 8.586 8.547 8.511 8.491 8.472 8.453 8.433 8.413 8.394 8.375 8.356 8.328 8.301 8.285 8.269 8.251 8.231 8.208 8.183 8.157 8.127 8.081 8.033
6.736 6.768 6.799 6.828 6.857 6.884 6.910 6.935 6.960 6.988 7.021 7.061 7.106 7.156 7.213 7.276 7.343 7.416 7.490 7.563 7.634 7.705 7.774 7.845 7.918 7.988 8.055 8.125 8.200 8.284 8.371 8.421 8.469 8.539 8.597 8.640 8.669 8.691 8.707 8.721 8.731 8.708 8.684 8.686 8.684 8.677 8.666 8.653 8.637 8.617 8.593 8.554 8.517 8.496 8.476 8.457 8.436 8.416 8.396 8.377 8.359 8.331 8.304 8.287 8.270 8.252 8.231 8.207 8.181 8.152 8.121 8.074 8.023
6.747 6.779 6.810 6.839 6.867 6.893 6.917 6.940 6.963 6.988 7.018 7.058 7.103 7.153 7.211 7.276 7.347 7.424 7.501 7.577 7.650 7.721 7.791 7.865 7.942 8.014 8.083 8.154 8.228 8.316 8.411 8.462 8.506 8.573 8.626 8.664 8.690 8.709 8.721 8.733 8.746 8.723 8.698 8.700 8.698 8.690 8.678 8.665 8.648 8.627 8.601 8.560 8.523 8.501 8.480 8.460 8.439 8.418 8.399 8.380 8.361 8.333 8.305 8.288 8.271 8.252 8.230 8.205 8.176 8.146 8.115 8.065 8.011
6.753 6.785 6.817 6.847 6.874 6.900 6.923 6.944 6.965 6.987 7.016 7.056 7.101 7.151 7.211 7.278 7.353 7.432 7.512 7.590 7.665 7.737 7.808 7.886 7.966 8.041 8.115 8.188 8.263 8.365 8.463 8.506 8.547 8.609 8.657 8.690 8.713 8.728 8.736 8.752 8.767 8.741 8.716 8.717 8.713 8.704 8.691 8.677 8.660 8.636 8.607 8.566 8.528 8.505 8.484 8.462 8.441 8.420 8.401 8.381 8.362 8.333 8.306 8.288 8.270 8.250 8.227 8.201 8.170 8.139 8.107 8.053 7.997
6.754 6.788 6.820 6.850 6.879 6.904 6.927 6.947 6.966 6.987 7.016 7.057 7.102 7.153 7.214 7.283 7.359 7.439 7.521 7.602 7.682 7.756 7.827 7.910 7.995 8.076 8.154 8.234 8.322 8.424 8.511 8.550 8.588 8.644 8.687 8.717 8.737 8.750 8.762 8.777 8.787 8.761 8.736 8.735 8.730 8.719 8.705 8.689 8.669 8.643 8.613 8.572 8.533 8.509 8.486 8.465 8.443 8.422 8.401 8.382 8.362 8.333 8.304 8.286 8.268 8.247 8.223 8.195 8.164 8.132 8.095 8.039 7.981
6.751 6.785 6.819 6.851 6.880 6.907 6.930 6.951 6.970 6.991 7.021 7.061 7.107 7.159 7.220 7.290 7.365 7.445 7.530 7.618 7.703 7.777 7.850 7.940 8.031 8.118 8.204 8.293 8.386 8.480 8.557 8.593 8.627 8.677 8.717 8.744 8.763 8.777 8.790 8.802 8.808 8.782 8.756 8.753 8.746 8.734 8.718 8.700 8.677 8.649 8.620 8.577 8.537 8.512 8.489 8.466 8.444 8.422 8.401 8.381 8.361 8.331 8.301 8.282 8.263 8.242 8.216 8.188 8.156 8.121 8.081 8.022 7.961
6.743 6.779 6.814 6.848 6.880 6.909 6.934 6.956 6.977 6.999 7.029 7.070 7.116 7.167 7.229 7.298 7.372 7.453 7.543 7.638 7.728 7.803 7.880 7.978 8.075 8.169 8.263 8.356 8.448 8.533 8.602 8.634 8.665 8.711 8.747 8.773 8.791 8.806 8.817 8.827 8.830 8.802 8.776 8.771 8.762 8.748 8.730 8.709 8.684 8.656 8.625 8.582 8.541 8.515 8.491 8.467 8.444 8.421 8.399 8.378 8.358 8.327 8.296 8.277 8.257 8.235 8.208 8.179 8.145 8.107 8.063 8.002 7.940
6.732 6.770 6.808 6.845 6.879 6.910 6.939 6.964 6.987 7.011 7.041 7.082 7.128 7.179 7.239 7.308 7.382 7.466 7.562 7.663 7.760 7.837 7.917 8.022 8.125 8.227 8.324 8.418 8.506 8.584 8.646 8.675 8.702 8.744 8.777 8.802 8.820 8.833 8.844 8.850 8.851 8.823 8.796 8.788 8.777 8.762 8.741 8.718 8.691 8.661 8.630 8.586 8.545 8.518 8.492 8.467 8.442 8.418 8.396 8.374 8.353 8.321 8.290 8.270 8.249 8.226 8.198 8.166 8.131 8.090 8.043 7.980 7.916
6.720 6.761 6.801 6.840 6.878 6.913 6.946 6.974 7.000 7.025 7.057 7.098 7.144 7.194 7.254 7.322 7.398 7.485 7.586 7.694 7.799 7.878 7.961 8.072 8.182 8.287 8.385 8.478 8.562 8.633 8.689 8.715 8.738 8.776 8.807 8.830 8.847 8.860 8.868 8.873 8.871 8.843 8.815 8.805 8.792 8.774 8.751 8.726 8.698 8.667 8.634 8.589 8.547 8.519 8.492 8.466 8.439 8.415 8.391 8.368 8.347 8.314 8.282 8.261 8.239 8.214 8.185 8.151 8.113 8.069 8.020 7.955 7.891
6.710 6.752 6.794 6.837 6.878 6.918 6.954 6.987 7.015 7.042 7.074 7.117 7.162 7.212 7.273 7.342 7.419 7.510 7.617 7.734 7.845 7.925 8.011 8.130 8.242 8.347 8.445 8.534 8.614 8.680 8.730 8.752 8.773 8.807 8.836 8.858 8.873 8.884 8.891 8.894 8.890 8.861 8.833 8.821 8.805 8.785 8.761 8.733 8.704 8.672 8.637 8.591 8.548 8.518 8.490 8.462 8.435 8.409 8.384 8.361 8.339 8.306 8.272 8.250 8.226 8.200 8.169 8.133 8.093 8.047 7.995 7.929 7.864
6.701 6.745 6.790 6.835 6.880 6.924 6.964 7.000 7.032 7.061 7.094 7.138 7.185 7.235 7.298 7.369 7.449 7.544 7.658 7.781 7.898 7.978 8.067 8.188 8.300 8.404 8.499 8.585 8.661 8.721 8.766 8.786 8.804 8.834 8.860 8.881 8.896 8.905 8.911 8.912 8.906 8.878 8.848 8.834 8.816 8.794 8.768 8.739 8.709 8.675 8.638 8.591 8.547 8.515 8.486 8.457 8.429 8.401 8.376 8.352 8.330 8.295 8.260 8.237 8.211 8.183 8.149 8.112 8.069 8.021 7.967 7.901 7.836
6.695 6.740 6.788 6.836 6.884 6.931 6.975 7.015 7.049 7.082 7.117 7.163 7.212 7.265 7.329 7.403 7.487 7.586 7.703 7.829 7.951 8.033 8.122 8.243 8.354 8.456 8.548 8.631 8.703 8.760 8.801 8.818 8.833 8.861 8.885 8.905 8.918 8.926 8.931 8.930 8.923 8.893 8.863 8.846 8.827 8.803 8.775 8.745 8.713 8.677 8.639 8.591 8.545 8.511 8.481 8.451 8.421 8.393 8.366 8.341 8.319 8.283 8.246 8.221 8.194 8.163 8.127 8.088 8.044 7.994 7.938 7.872 7.808
6.692 6.739 6.788 6.838 6.890 6.939 6.987 7.030 7.069 7.104 7.142 7.191 7.244 7.298 7.366 7.443 7.531 7.634 7.753 7.885 8.015 8.097 8.182 8.302 8.411 8.511 8.600 8.680 8.749 8.801 8.838 8.851 8.864 8.890 8.912 8.929 8.940 8.947 8.950 8.947 8.938 8.909 8.877 8.859 8.837 8.812 8.782 8.751 8.717 8.680 8.639 8.589 8.541 8.506 8.474 8.443 8.412 8.383 8.355 8.330 8.307 8.270 8.232 8.205 8.175 8.142 8.104 8.063 8.017 7.966 7.910 7.843 7.781
6.693 6.741 6.791 6.844 6.897 6.950 7.000 7.047 7.088 7.125 7.168 7.223 7.279 7.338 7.409 7.490 7.584 7.691 7.813 7.957 8.089 8.163 8.244 8.361 8.468 8.564 8.651 8.727 8.792 8.839 8.870 8.882 8.893 8.916 8.936 8.951 8.961 8.966 8.967 8.963 8.952 8.922 8.890 8.870 8.846 8.819 8.788 8.755 8.720 8.680 8.637 8.585 8.536 8.500 8.466 8.434 8.403 8.372 8.343 8.318 8.295 8.256 8.216 8.187 8.155 8.119 8.079 8.036 7.990 7.937 7.879 7.815 7.754
6.698 6.746 6.797 6.851 6.906 6.961 7.014 7.062 7.106 7.150 7.201 7.261 7.322 7.386 7.462 7.550 7.648 7.761 7.894 8.036 8.158 8.227 8.305 8.419 8.522 8.616 8.699 8.771 8.831 8.873 8.903 8.913 8.921 8.941 8.959 8.972 8.980 8.983 8.982 8.976 8.964 8.933 8.901 8.879 8.854 8.826 8.793 8.758 8.720 8.678 8.633 8.580 8.530 8.491 8.456 8.424 8.392 8.361 8.332 8.307 8.282 8.241 8.199 8.167 8.133 8.095 8.053 8.009 7.960 7.906 7.850 7.787 7.729
6.707 6.755 6.806 6.861 6.917 6.974 7.028 7.079 7.129 7.182 7.240 7.306 7.372 7.442 7.526 7.618 7.722 7.842 7.976 8.109 8.223 8.288 8.363 8.473 8.575 8.666 8.744 8.812 8.866 8.906 8.935 8.942 8.947 8.965 8.981 8.992 8.997 8.998 8.995 8.987 8.974 8.943 8.910 8.887 8.860 8.830 8.796 8.759 8.718 8.674 8.628 8.574 8.521 8.482 8.447 8.413 8.381 8.350 8.322 8.295 8.267 8.224 8.180 8.146 8.109 8.070 8.026 7.979 7.929 7.876 7.821 7.761 7.704
6.718 6.766 6.817 6.872 6.929 6.987 7.044 7.100 7.158 7.220 7.285 7.357 7.429 7.509 7.598 7.694 7.804 7.925 8.053 8.177 8.285 8.347 8.419 8.527 8.626 8.713 8.788 8.851 8.901 8.939 8.965 8.969 8.972 8.988 9.001 9.009 9.012 9.011 9.006 8.997 8.982 8.951 8.918 8.893 8.865 8.833 8.797 8.758 8.715 8.669 8.622 8.566 8.512 8.472 8.436 8.402 8.370 8.339 8.310 8.282 8.251 8.206 8.160 8.124 8.085 8.043 7.997 7.949 7.899 7.846 7.794 7.736 7.682
6.733 6.780 6.831 6.885 6.943 7.003 7.064 7.127 7.194 7.264 7.338 7.416 7.495 7.581 7.675 7.778 7.887 8.002 8.123 8.241 8.346 8.407 8.475 8.580 8.676 8.760 8.831 8.890 8.937 8.971 8.994 8.996 8.996 9.009 9.019 9.025 9.025 9.022 9.015 9.004 8.989 8.957 8.924 8.898 8.868 8.835 8.797 8.755 8.710 8.663 8.615 8.557 8.503 8.462 8.425 8.391 8.358 8.327 8.298 8.267 8.235 8.188 8.139 8.100 8.059 8.016 7.968 7.919 7.869 7.818 7.768 7.712 7.661
6.750 6.796 6.846 6.901 6.960 7.023 7.091 7.161 7.236 7.316 7.398 7.481 7.564 7.656 7.756 7.860 7.964 8.074 8.188 8.301 8.406 8.465 8.530 8.632 8.726 8.806 8.873 8.928 8.972 9.002 9.023 9.021 9.018 9.029 9.035 9.038 9.036 9.031 9.023 9.011 8.994 8.962 8.928 8.901 8.870 8.835 8.795 8.751 8.704 8.656 8.607 8.548 8.492 8.451 8.414 8.380 8.347 8.315 8.284 8.251 8.217 8.168 8.117 8.076 8.033 7.987 7.939 7.890 7.840 7.791 7.743 7.690 7.642
6.769 6.814 6.865 6.919 6.981 7.050 7.122 7.200 7.285 7.373 7.460 7.547 7.634 7.732 7.835 7.936 8.036 8.140 8.248 8.360 8.465 8.523 8.586 8.688 8.778 8.853 8.915 8.966 9.006 9.033 9.049 9.044 9.039 9.046 9.049 9.050 9.046 9.039 9.029 9.016 8.998 8.966 8.931 8.902 8.870 8.833 8.791 8.745 8.697 8.648 8.597 8.538 8.481 8.440 8.402 8.367 8.334 8.301 8.269 8.235 8.198 8.147 8.094 8.051 8.006 7.959 7.910 7.861 7.813 7.766 7.720 7.670 7.625
6.790 6.837 6.887 6.943 7.008 7.081 7.160 7.247 7.339 7.432 7.524 7.612 7.703 7.804 7.907 8.007 8.103 8.202 8.307 8.419 8.526 8.583 8.644 8.743 8.827 8.897 8.954 9.002 9.038 9.060 9.072 9.065 9.056 9.059 9.060 9.059 9.053 9.045 9.034 9.020 9.001 8.968 8.932 8.902 8.868 8.829 8.785 8.738 8.689 8.638 8.587 8.527 8.470 8.428 8.389 8.354 8.319 8.286 8.252 8.216 8.177 8.124 8.070 8.024 7.978 7.930 7.882 7.833 7.787 7.742 7.699 7.651 7.608
6.817 6.863 6.915 6.972 7.040 7.117 7.201 7.295 7.392 7.490 7.586 7.676 7.767 7.870 7.975 8.075 8.169 8.265 8.366 8.475 8.584 8.643 8.702 8.796 8.875 8.940 8.992 9.036 9.068 9.087 9.095 9.084 9.073 9.072 9.071 9.067 9.060 9.050 9.039 9.023 9.003 8.969 8.932 8.900 8.864 8.824 8.779 8.730 8.679 8.627 8.576 8.515 8.457 8.414 8.375 8.339 8.304 8.269 8.234 8.196 8.155 8.101 8.045 7.997 7.950 7.902 7.854 7.807 7.763 7.720 7.679 7.634 7.593
6.845 6.893 6.947 7.005 7.076 7.156 7.246 7.345 7.448 7.550 7.650 7.739 7.830 7.935 8.041 8.141 8.235 8.328 8.424 8.534 8.651 8.709 8.764 8.852 8.925 8.984 9.031 9.070 9.099 9.114 9.116 9.102 9.088 9.085 9.081 9.076 9.067 9.056 9.043 9.026 9.004 8.969 8.931 8.898 8.861 8.819 8.772 8.721 8.669 8.616 8.564 8.502 8.443 8.400 8.361 8.324 8.287 8.252 8.215 8.176 8.133 8.076 8.019 7.971 7.923 7.876 7.828 7.783 7.741 7.700 7.661 7.618 7.579
6.878 6.929 6.984 7.044 7.118 7.201 7.296 7.399 7.505 7.612 7.713 7.801 7.891 7.998 8.105 8.206 8.301 8.393 8.487 8.609 8.728 8.777 8.826 8.908 8.974 9.026 9.069 9.103 9.128 9.136 9.133 9.117 9.102 9.097 9.091 9.083 9.074 9.062 9.047 9.029 9.005 8.968 8.929 8.894 8.855 8.812 8.763 8.712 8.657 8.604 8.552 8.489 8.429 8.385 8.345 8.307 8.270 8.233 8.195 8.154 8.108 8.051 7.993 7.945 7.897 7.850 7.804 7.761 7.720 7.681 7.644 7.603 7.567
6.918 6.972 7.029 7.091 7.166 7.253 7.350 7.454 7.564 7.673 7.776 7.863 7.951 8.062 8.172 8.275 8.372 8.468 8.573 8.693 8.797 8.841 8.886 8.959 9.019 9.065 9.102 9.131 9.150 9.154 9.150 9.132 9.115 9.108 9.100 9.092 9.080 9.067 9.051 9.030 9.005 8.967 8.926 8.890 8.849 8.804 8.754 8.701 8.646 8.592 8.538 8.474 8.414 8.369 8.328 8.289 8.250 8.212 8.173 8.130 8.083 8.025 7.967 7.918 7.871 7.825 7.781 7.739 7.701 7.663 7.628 7.590 7.555
6.965 7.021 7.080 7.143 7.220 7.308 7.405 7.510 7.622 7.734 7.840 7.924 8.012 8.127 8.241 8.348 8.450 8.553 8.661 8.769 8.860 8.899 8.940 9.006 9.059 9.100 9.132 9.156 9.169 9.170 9.165 9.146 9.127 9.119 9.110 9.100 9.087 9.072 9.053 9.031 9.005 8.965 8.923 8.884 8.842 8.795 8.743 8.689 8.634 8.578 8.523 8.458 8.396 8.351 8.309 8.269 8.230 8.190 8.149 8.104 8.057 7.999 7.941 7.893 7.847 7.802 7.759 7.719 7.682 7.647 7.614 7.577 7.544
7.017 7.075 7.135 7.200 7.278 7.365 7.461 7.567 7.680 7.796 7.903 7.987 8.076 8.197 8.315 8.425 8.533 8.639 8.742 8.839 8.918 8.953 8.990 9.048 9.095 9.131 9.158 9.176 9.185 9.186 9.180 9.160 9.139 9.130 9.120 9.108 9.093 9.076 9.055 9.032 9.004 8.963 8.918 8.878 8.834 8.785 8.732 8.677 8.620 8.563 8.506 8.440 8.377 8.331 8.288 8.248 8.207 8.166 8.123 8.078 8.031 7.973 7.915 7.868 7.823 7.780 7.739 7.700 7.665 7.631 7.600 7.565 7.534
7.074 7.133 7.195 7.261 7.338 7.425 7.519 7.623 7.739 7.857 7.970 8.054 8.145 8.269 8.390 8.506 8.615 8.719 8.817 8.903 8.972 9.003 9.035 9.085 9.126 9.158 9.180 9.195 9.202 9.200 9.194 9.173 9.152 9.141 9.129 9.116 9.099 9.080 9.058 9.032 9.003 8.960 8.914 8.872 8.826 8.775 8.720 8.662 8.604 8.545 8.487 8.420 8.357 8.309 8.266 8.224 8.183 8.141 8.097 8.052 8.004 7.946 7.890 7.844 7.800 7.759 7.719 7.682 7.648 7.617 7.588 7.554 7.525
7.134 7.195 7.258 7.324 7.401 7.487 7.578 7.681 7.797 7.920 8.040 8.123 8.215 8.344 8.469 8.586 8.693 8.794 8.885 8.962 9.022 9.049 9.076 9.119 9.155 9.182 9.200 9.212 9.216 9.214 9.207 9.186 9.163 9.152 9.139 9.123 9.105 9.084 9.060 9.032 9.001 8.957 8.909 8.865 8.816 8.763 8.706 8.646 8.586 8.526 8.467 8.398 8.334 8.286 8.242 8.199 8.157 8.114 8.071 8.025 7.978 7.921 7.866 7.821 7.779 7.739 7.701 7.665 7.633 7.603 7.576 7.545 7.516
7.195 7.257 7.320 7.387 7.465 7.548 7.637 7.739 7.857 7.987 8.113 8.196 8.288 8.422 8.548 8.662 8.767 8.862 8.947 9.016 9.067 9.090 9.113 9.150 9.179 9.203 9.218 9.227 9.230 9.227 9.219 9.197 9.175 9.162 9.147 9.131 9.111 9.087 9.062 9.033 9.000 8.954 8.903 8.856 8.805 8.750 8.690 8.628 8.566 8.504 8.444 8.375 8.310 8.261 8.216 8.173 8.130 8.087 8.044 7.998 7.951 7.896 7.842 7.799 7.758 7.719 7.683 7.649 7.619 7.591 7.565 7.535 7.508
7.256 7.318 7.382 7.451 7.528 7.611 7.700 7.801 7.923 8.058 8.189 8.273 8.366 8.500 8.621 8.732 8.832 8.922 9.001 9.062 9.106 9.125 9.143 9.174 9.200 9.221 9.234 9.241 9.243 9.239 9.231 9.209 9.186 9.171 9.155 9.137 9.115 9.091 9.063 9.033 8.998 8.949 8.896 8.846 8.792 8.734 8.672 8.607 8.543 8.480 8.419 8.349 8.283 8.234 8.189 8.145 8.102 8.059 8.016 7.971 7.925 7.871 7.819 7.777 7.737 7.701 7.666 7.634 7.605 7.579 7.555 7.526 7.500
