TsunamiDB/out54102.asc
ncols          264
nrows          230
xllcorner      497853.4375
yllcorner      4229146.0000
cellsize         5.
NODATA_value   -99
[rows 170 to 203 of 230, columns 77 to 153 of 264]
6.463 6.474 6.485 6.496 6.506 6.517 6.526 6.536 6.545 6.554 6.562 6.570 6.578 6.585 6.593 6.600 6.607 6.614 6.620 6.626 6.633 6.638 6.643 6.647 6.650 6.654 6.657 6.659 6.662 6.664 6.666 6.668 6.670 6.671 6.673 6.675 6.676 6.678 6.680 6.682 6.685 6.687 6.690 6.692 6.695 6.697 6.699 6.701 6.704 6.707 6.711 6.716 6.721 6.727 6.733 6.740 6.747 6.755 6.763 6.772 6.780 6.789 6.799 6.808 6.818 6.828 6.838 6.849 6.859 6.868 6.877 6.887 6.896 6.906 6.915 6.925 6.935
6.473 6.484 6.496 6.507 6.517 6.528 6.538 6.548 6.557 6.566 6.575 6.583 6.592 6.599 6.607 6.614 6.621 6.628 6.635 6.642 6.648 6.655 6.660 6.664 6.668 6.671 6.675 6.678 6.681 6.684 6.686 6.688 6.690 6.692 6.694 6.695 6.697 6.699 6.701 6.703 6.705 6.707 6.710 6.712 6.715 6.717 6.718 6.720 6.722 6.725 6.729 6.733 6.737 6.743 6.748 6.755 6.762 6.769 6.777 6.785 6.794 6.803 6.812 6.821 6.831 6.841 6.851 6.861 6.871 6.880 6.889 6.898 6.908 6.917 6.927 6.936 6.946
6.482 6.494 6.505 6.517 6.528 6.539 6.549 6.559 6.569 6.579 6.588 6.596 6.605 6.613 6.621 6.628 6.636 6.643 6.650 6.657 6.664 6.670 6.676 6.680 6.685 6.689 6.693 6.697 6.700 6.703 6.706 6.708 6.711 6.713 6.714 6.716 6.718 6.720 6.722 6.724 6.726 6.728 6.730 6.733 6.735 6.737 6.738 6.739 6.741 6.744 6.747 6.751 6.755 6.760 6.765 6.771 6.778 6.785 6.792 6.800 6.809 6.817 6.826 6.835 6.845 6.854 6.864 6.874 6.884 6.893 6.902 6.911 6.920 6.929 6.939 6.948 6.958
6.491 6.503 6.515 6.526 6.538 6.549 6.560 6.570 6.581 6.590 6.600 6.609 6.617 6.626 6.634 6.642 6.650 6.657 6.664 6.672 6.679 6.686 6.691 6.696 6.701 6.705 6.710 6.714 6.718 6.722 6.725 6.728 6.730 6.733 6.735 6.737 6.739 6.741 6.743 6.745 6.747 6.749 6.751 6.754 6.756 6.757 6.758 6.760 6.761 6.764 6.766 6.770 6.773 6.778 6.783 6.789 6.795 6.802 6.809 6.817 6.825 6.833 6.842 6.850 6.860 6.869 6.879 6.889 6.898 6.906 6.915 6.924 6.933 6.943 6.952 6.962 6.971
6.499 6.511 6.523 6.535 6.547 6.559 6.570 6.581 6.591 6.601 6.611 6.620 6.630 6.638 6.647 6.655 6.663 6.671 6.678 6.686 6.693 6.700 6.706 6.711 6.716 6.721 6.726 6.731 6.735 6.740 6.743 6.747 6.750 6.752 6.755 6.757 6.759 6.761 6.763 6.765 6.768 6.770 6.772 6.775 6.777 6.778 6.779 6.781 6.782 6.784 6.787 6.790 6.793 6.797 6.802 6.807 6.813 6.819 6.826 6.834 6.842 6.850 6.858 6.867 6.876 6.885 6.895 6.904 6.913 6.922 6.930 6.939 6.948 6.957 6.967 6.976 6.986
6.506 6.518 6.531 6.543 6.556 6.567 6.579 6.590 6.601 6.612 6.622 6.632 6.641 6.650 6.659 6.667 6.676 6.684 6.692 6.699 6.707 6.715 6.720 6.726 6.731 6.737 6.742 6.747 6.752 6.757 6.761 6.765 6.768 6.771 6.774 6.777 6.779 6.782 6.784 6.786 6.789 6.791 6.794 6.796 6.798 6.799 6.801 6.802 6.803 6.805 6.807 6.810 6.813 6.817 6.822 6.826 6.832 6.838 6.845 6.852 6.860 6.867 6.876 6.884 6.893 6.902 6.912 6.921 6.929 6.938 6.947 6.955 6.964 6.973 6.983 6.992 7.001
6.513 6.525 6.538 6.551 6.563 6.576 6.587 6.599 6.610 6.621 6.632 6.642 6.652 6.661 6.670 6.679 6.688 6.696 6.704 6.712 6.721 6.728 6.734 6.740 6.746 6.752 6.757 6.763 6.768 6.773 6.778 6.782 6.786 6.790 6.793 6.796 6.799 6.801 6.804 6.807 6.809 6.812 6.814 6.817 6.819 6.821 6.822 6.823 6.825 6.827 6.829 6.831 6.834 6.838 6.842 6.847 6.852 6.858 6.864 6.871 6.878 6.886 6.894 6.903 6.911 6.920 6.930 6.939 6.947 6.956 6.964 6.973 6.982 6.991 7.000 7.009 7.019
6.519 6.532 6.545 6.558 6.570 6.583 6.595 6.607 6.619 6.630 6.641 6.651 6.661 6.671 6.681 6.690 6.699 6.708 6.716 6.725 6.733 6.740 6.747 6.753 6.759 6.765 6.772 6.777 6.783 6.789 6.794 6.798 6.803 6.807 6.811 6.814 6.817 6.821 6.823 6.826 6.829 6.832 6.835 6.838 6.840 6.842 6.843 6.845 6.847 6.848 6.851 6.853 6.856 6.859 6.863 6.867 6.873 6.878 6.884 6.891 6.898 6.906 6.914 6.922 6.931 6.940 6.949 6.958 6.966 6.974 6.983 6.992 7.000 7.009 7.019 7.028 7.037
6.524 6.538 6.551 6.564 6.577 6.590 6.602 6.614 6.626 6.638 6.649 6.660 6.670 6.681 6.691 6.700 6.709 6.718 6.727 6.736 6.744 6.752 6.759 6.765 6.772 6.778 6.785 6.791 6.797 6.803 6.809 6.814 6.819 6.823 6.828 6.832 6.835 6.839 6.842 6.846 6.849 6.852 6.855 6.858 6.861 6.863 6.865 6.866 6.868 6.870 6.872 6.875 6.878 6.881 6.885 6.889 6.894 6.899 6.905 6.912 6.919 6.926 6.934 6.942 6.951 6.960 6.969 6.978 6.986 6.994 7.003 7.012 7.020 7.029 7.039 7.048 7.057
6.530 6.543 6.556 6.570 6.583 6.596 6.609 6.621 6.633 6.645 6.657 6.668 6.679 6.689 6.700 6.709 6.719 6.728 6.737 6.746 6.755 6.763 6.770 6.777 6.784 6.791 6.797 6.804 6.810 6.817 6.823 6.828 6.834 6.839 6.844 6.848 6.852 6.856 6.860 6.864 6.867 6.871 6.874 6.878 6.881 6.883 6.885 6.887 6.889 6.892 6.894 6.897 6.899 6.903 6.906 6.910 6.915 6.920 6.926 6.933 6.940 6.947 6.955 6.963 6.971 6.980 6.990 6.998 7.007 7.015 7.024 7.033 7.042 7.051 7.060 7.069 7.079
6.535 6.548 6.561 6.575 6.588 6.601 6.614 6.627 6.640 6.652 6.664 6.675 6.686 6.697 6.708 6.718 6.728 6.737 6.747 6.756 6.765 6.773 6.780 6.788 6.795 6.802 6.809 6.816 6.823 6.829 6.836 6.842 6.848 6.853 6.859 6.864 6.868 6.873 6.877 6.881 6.885 6.889 6.893 6.897 6.900 6.903 6.905 6.908 6.910 6.913 6.915 6.918 6.921 6.924 6.928 6.932 6.937 6.942 6.948 6.954 6.961 6.968 6.976 6.984 6.993 7.002 7.011 7.020 7.029 7.037 7.046 7.055 7.064 7.073 7.083 7.092 7.102
6.539 6.552 6.566 6.580 6.593 6.606 6.620 6.633 6.645 6.658 6.670 6.682 6.693 6.704 6.715 6.726 6.736 6.746 6.755 6.765 6.774 6.783 6.790 6.798 6.805 6.812 6.820 6.827 6.834 6.841 6.848 6.854 6.861 6.867 6.872 6.878 6.883 6.888 6.893 6.897 6.901 6.906 6.910 6.915 6.918 6.921 6.924 6.927 6.930 6.933 6.936 6.939 6.942 6.945 6.949 6.953 6.958 6.963 6.969 6.975 6.982 6.990 6.997 7.006 7.014 7.023 7.033 7.042 7.051 7.060 7.068 7.078 7.087 7.096 7.106 7.116 7.126
6.543 6.557 6.570 6.584 6.598 6.611 6.624 6.638 6.650 6.663 6.675 6.688 6.699 6.711 6.722 6.733 6.743 6.753 6.763 6.773 6.783 6.791 6.799 6.807 6.814 6.822 6.830 6.837 6.844 6.852 6.859 6.866 6.872 6.879 6.885 6.891 6.896 6.902 6.907 6.912 6.917 6.922 6.926 6.931 6.936 6.939 6.942 6.946 6.949 6.952 6.955 6.959 6.962 6.966 6.970 6.974 6.979 6.984 6.990 6.996 7.003 7.011 7.019 7.027 7.036 7.045 7.055 7.064 7.073 7.082 7.092 7.101 7.111 7.120 7.130 7.141 7.151
6.547 6.560 6.574 6.588 6.602 6.615 6.629 6.642 6.655 6.668 6.681 6.693 6.705 6.717 6.728 6.739 6.750 6.760 6.771 6.781 6.790 6.799 6.807 6.815 6.823 6.831 6.839 6.846 6.854 6.862 6.869 6.876 6.883 6.890 6.897 6.903 6.909 6.915 6.920 6.926 6.931 6.936 6.942 6.947 6.952 6.955 6.959 6.963 6.967 6.970 6.974 6.978 6.982 6.986 6.990 6.994 6.999 7.004 7.010 7.017 7.024 7.032 7.040 7.048 7.057 7.067 7.077 7.087 7.096 7.105 7.115 7.125 7.135 7.145 7.155 7.166 7.177
6.550 6.564 6.578 6.592 6.605 6.619 6.633 6.646 6.659 6.672 6.685 6.698 6.710 6.722 6.734 6.745 6.756 6.767 6.777 6.787 6.798 6.807 6.815 6.823 6.831 6.839 6.847 6.855 6.863 6.871 6.878 6.886 6.893 6.900 6.907 6.914 6.920 6.927 6.933 6.939 6.944 6.950 6.956 6.961 6.966 6.971 6.975 6.979 6.983 6.987 6.991 6.996 7.000 7.004 7.009 7.013 7.018 7.024 7.030 7.037 7.044 7.052 7.060 7.069 7.078 7.088 7.098 7.109 7.118 7.128 7.138 7.148 7.159 7.170 7.181 7.192 7.203
6.554 6.567 6.581 6.595 6.609 6.622 6.636 6.650 6.663 6.676 6.689 6.702 6.715 6.727 6.739 6.750 6.761 6.773 6.783 6.794 6.804 6.814 6.822 6.830 6.839 6.847 6.855 6.863 6.871 6.879 6.887 6.895 6.903 6.910 6.917 6.924 6.931 6.938 6.944 6.950 6.956 6.962 6.968 6.975 6.980 6.985 6.989 6.994 6.999 7.003 7.008 7.012 7.017 7.022 7.027 7.032 7.037 7.043 7.049 7.056 7.063 7.071 7.080 7.089 7.098 7.109 7.119 7.130 7.140 7.150 7.161 7.172 7.183 7.194 7.206 7.217 7.229
6.557 6.570 6.584 6.598 6.612 6.626 6.639 6.653 6.667 6.680 6.693 6.706 6.719 6.731 6.743 6.755 6.767 6.778 6.789 6.800 6.810 6.820 6.829 6.837 6.846 6.854 6.862 6.871 6.879 6.887 6.895 6.903 6.911 6.919 6.926 6.934 6.941 6.948 6.954 6.961 6.968 6.974 6.980 6.987 6.993 6.998 7.003 7.008 7.013 7.018 7.023 7.028 7.033 7.038 7.043 7.049 7.054 7.060 7.067 7.074 7.081 7.090 7.098 7.108 7.118 7.128 7.139 7.150 7.161 7.172 7.183 7.194 7.206 7.218 7.230 7.243 7.255
6.560 6.573 6.587 6.601 6.615 6.628 6.642 6.656 6.670 6.683 6.696 6.710 6.722 6.735 6.747 6.759 6.771 6.783 6.794 6.805 6.816 6.826 6.835 6.843 6.852 6.861 6.869 6.878 6.886 6.895 6.903 6.911 6.919 6.927 6.935 6.942 6.950 6.957 6.964 6.971 6.978 6.985 6.992 6.998 7.005 7.010 7.015 7.021 7.026 7.032 7.037 7.043 7.048 7.053 7.059 7.065 7.071 7.077 7.084 7.091 7.099 7.107 7.116 7.126 7.136 7.147 7.159 7.170 7.181 7.192 7.204 7.216 7.228 7.241 7.254 7.267 7.280
6.562 6.576 6.589 6.603 6.617 6.631 6.645 6.659 6.672 6.686 6.699 6.713 6.726 6.739 6.751 6.763 6.775 6.787 6.799 6.810 6.821 6.831 6.840 6.849 6.858 6.867 6.876 6.884 6.893 6.902 6.910 6.918 6.927 6.935 6.943 6.951 6.958 6.966 6.973 6.980 6.988 6.995 7.002 7.009 7.016 7.021 7.027 7.033 7.039 7.044 7.050 7.056 7.062 7.068 7.074 7.080 7.086 7.092 7.099 7.107 7.115 7.123 7.133 7.143 7.153 7.165 7.177 7.188 7.200 7.212 7.224 7.237 7.250 7.263 7.277 7.291 7.305
6.565 6.578 6.592 6.606 6.619 6.633 6.647 6.661 6.675 6.689 6.702 6.716 6.729 6.742 6.754 6.767 6.779 6.791 6.803 6.815 6.826 6.836 6.846 6.855 6.864 6.873 6.882 6.891 6.900 6.908 6.917 6.925 6.934 6.942 6.950 6.958 6.966 6.974 6.982 6.989 6.997 7.004 7.012 7.019 7.026 7.032 7.038 7.044 7.050 7.056 7.063 7.069 7.075 7.081 7.088 7.094 7.100 7.107 7.114 7.122 7.130 7.139 7.148 7.159 7.170 7.182 7.194 7.206 7.218 7.230 7.243 7.256 7.270 7.284 7.298 7.313 7.328
6.567 6.580 6.594 6.608 6.622 6.636 6.649 6.663 6.677 6.691 6.705 6.718 6.732 6.745 6.758 6.770 6.783 6.795 6.807 6.819 6.831 6.841 6.850 6.860 6.869 6.878 6.888 6.897 6.906 6.914 6.923 6.932 6.940 6.949 6.957 6.966 6.974 6.982 6.990 6.998 7.005 7.013 7.021 7.029 7.036 7.042 7.048 7.055 7.061 7.068 7.074 7.081 7.088 7.094 7.101 7.107 7.114 7.121 7.129 7.136 7.145 7.154 7.163 7.174 7.185 7.197 7.210 7.222 7.234 7.247 7.260 7.274 7.288 7.303 7.318 7.334 7.349
6.569 6.583 6.596 6.610 6.624 6.637 6.651 6.665 6.679 6.693 6.707 6.721 6.734 6.747 6.760 6.773 6.786 6.799 6.811 6.823 6.835 6.845 6.855 6.865 6.874 6.884 6.893 6.902 6.911 6.920 6.929 6.938 6.947 6.956 6.964 6.973 6.981 6.989 6.997 7.006 7.014 7.022 7.030 7.038 7.045 7.051 7.058 7.065 7.072 7.079 7.085 7.092 7.099 7.106 7.113 7.120 7.127 7.135 7.142 7.150 7.159 7.168 7.178 7.188 7.200 7.212 7.225 7.237 7.250 7.263 7.277 7.291 7.306 7.321 7.337 7.353 7.370
6.571 6.585 6.598 6.612 6.625 6.639 6.653 6.667 6.681 6.695 6.709 6.723 6.736 6.750 6.763 6.776 6.789 6.802 6.814 6.827 6.839 6.849 6.859 6.869 6.879 6.889 6.898 6.908 6.917 6.926 6.935 6.944 6.953 6.962 6.971 6.979 6.988 6.996 7.005 7.013 7.022 7.030 7.039 7.047 7.054 7.061 7.068 7.075 7.082 7.089 7.096 7.103 7.111 7.118 7.125 7.133 7.140 7.148 7.155 7.164 7.172 7.182 7.192 7.202 7.214 7.227 7.239 7.252 7.265 7.279 7.293 7.308 7.323 7.339 7.355 7.372 7.389
6.574 6.586 6.600 6.613 6.627 6.641 6.655 6.669 6.683 6.697 6.711 6.725 6.738 6.752 6.766 6.779 6.792 6.805 6.818 6.831 6.842 6.853 6.863 6.873 6.884 6.893 6.903 6.913 6.922 6.932 6.941 6.950 6.959 6.968 6.977 6.986 6.995 7.003 7.012 7.021 7.029 7.038 7.047 7.055 7.062 7.070 7.077 7.084 7.092 7.099 7.106 7.114 7.122 7.129 7.137 7.145 7.152 7.160 7.168 7.177 7.185 7.195 7.205 7.216 7.228 7.240 7.253 7.266 7.280 7.294 7.308 7.323 7.339 7.355 7.372 7.389 7.407
6.576 6.588 6.602 6.615 6.629 6.643 6.656 6.670 6.685 6.699 6.713 6.727 6.740 6.754 6.768 6.781 6.795 6.808 6.821 6.834 6.846 6.857 6.867 6.878 6.888 6.898 6.908 6.918 6.928 6.937 6.947 6.956 6.965 6.974 6.983 6.992 7.001 7.010 7.019 7.028 7.037 7.046 7.055 7.063 7.071 7.078 7.086 7.093 7.101 7.109 7.117 7.124 7.132 7.140 7.148 7.156 7.164 7.172 7.181 7.189 7.198 7.208 7.218 7.229 7.241 7.254 7.267 7.280 7.294 7.308 7.323 7.338 7.354 7.371 7.388 7.406 7.423
6.578 6.590 6.603 6.617 6.630 6.644 6.658 6.672 6.686 6.700 6.714 6.728 6.742 6.756 6.770 6.784 6.797 6.811 6.824 6.837 6.849 6.860 6.871 6.882 6.892 6.903 6.913 6.923 6.933 6.942 6.952 6.961 6.971 6.980 6.989 6.999 7.008 7.017 7.026 7.035 7.044 7.053 7.062 7.071 7.079 7.087 7.094 7.102 7.110 7.118 7.126 7.135 7.143 7.151 7.159 7.167 7.176 7.184 7.193 7.202 7.211 7.221 7.231 7.242 7.254 7.267 7.280 7.294 7.308 7.322 7.337 7.352 7.369 7.386 7.403 7.421 7.439
6.580 6.593 6.605 6.619 6.632 6.646 6.660 6.674 6.688 6.702 6.716 6.730 6.744 6.758 6.772 6.786 6.800 6.813 6.827 6.840 6.852 6.864 6.875 6.886 6.896 6.907 6.917 6.928 6.938 6.948 6.957 6.967 6.977 6.986 6.995 7.005 7.014 7.023 7.033 7.042 7.051 7.060 7.070 7.079 7.087 7.095 7.103 7.111 7.119 7.128 7.136 7.144 7.153 7.162 7.170 7.179 7.187 7.196 7.205 7.214 7.223 7.233 7.244 7.255 7.267 7.280 7.294 7.307 7.321 7.335 7.351 7.366 7.383 7.400 7.418 7.436 7.453
6.583 6.595 6.608 6.621 6.634 6.648 6.661 6.675 6.689 6.703 6.718 6.732 6.746 6.760 6.774 6.788 6.802 6.816 6.830 6.843 6.856 6.867 6.879 6.890 6.901 6.911 6.922 6.933 6.943 6.953 6.963 6.973 6.982 6.992 7.001 7.011 7.020 7.030 7.039 7.049 7.058 7.068 7.077 7.086 7.095 7.103 7.112 7.120 7.128 7.137 7.146 7.154 7.163 7.172 7.181 7.190 7.198 7.207 7.217 7.226 7.236 7.246 7.256 7.268 7.280 7.293 7.307 7.320 7.334 7.349 7.364 7.380 7.397 7.414 7.432 7.450 7.467
6.586 6.598 6.610 6.623 6.636 6.650 6.663 6.677 6.691 6.705 6.719 6.734 6.748 6.762 6.777 6.791 6.805 6.819 6.832 6.846 6.859 6.871 6.882 6.894 6.905 6.916 6.927 6.937 6.948 6.958 6.968 6.978 6.988 6.998 7.008 7.017 7.027 7.036 7.046 7.056 7.065 7.075 7.085 7.094 7.103 7.111 7.120 7.129 7.137 7.146 7.155 7.164 7.173 7.182 7.191 7.200 7.210 7.219 7.228 7.238 7.248 7.258 7.269 7.280 7.293 7.306 7.319 7.333 7.347 7.362 7.377 7.393 7.410 7.427 7.445 7.462 7.479
6.589 6.601 6.613 6.626 6.639 6.652 6.665 6.679 6.693 6.707 6.722 6.736 6.750 6.765 6.779 6.793 6.807 6.822 6.835 6.849 6.862 6.874 6.886 6.898 6.909 6.921 6.932 6.942 6.953 6.964 6.974 6.984 6.994 7.004 7.014 7.024 7.033 7.043 7.053 7.063 7.072 7.082 7.092 7.102 7.111 7.120 7.129 7.137 7.146 7.156 7.165 7.174 7.183 7.193 7.202 7.211 7.221 7.230 7.240 7.250 7.260 7.270 7.281 7.293 7.305 7.318 7.332 7.346 7.360 7.374 7.390 7.405 7.422 7.439 7.457 7.474 7.490
6.593 6.605 6.617 6.629 6.642 6.655 6.668 6.682 6.695 6.710 6.724 6.738 6.753 6.767 6.782 6.796 6.810 6.825 6.839 6.853 6.866 6.878 6.890 6.902 6.914 6.925 6.937 6.948 6.959 6.969 6.980 6.990 7.000 7.010 7.020 7.030 7.040 7.050 7.060 7.070 7.080 7.090 7.100 7.110 7.119 7.128 7.137 7.146 7.156 7.165 7.174 7.184 7.193 7.203 7.212 7.222 7.232 7.242 7.251 7.261 7.272 7.282 7.293 7.305 7.318 7.331 7.345 7.358 7.372 7.387 7.402 7.418 7.434 7.451 7.468 7.485 7.502
6.598 6.609 6.621 6.633 6.645 6.658 6.671 6.685 6.698 6.712 6.727 6.741 6.755 6.770 6.784 6.799 6.813 6.828 6.842 6.857 6.870 6.882 6.895 6.907 6.919 6.930 6.942 6.953 6.964 6.975 6.986 6.996 7.007 7.017 7.027 7.037 7.047 7.057 7.067 7.077 7.087 7.098 7.108 7.118 7.127 7.137 7.146 7.155 7.165 7.174 7.184 7.194 7.203 7.213 7.223 7.233 7.243 7.253 7.263 7.273 7.284 7.294 7.306 7.317 7.330 7.343 7.357 7.370 7.384 7.399 7.414 7.429 7.445 7.462 7.479 7.496 7.512
6.604 6.615 6.626 6.637 6.649 6.662 6.675 6.688 6.702 6.716 6.730 6.744 6.758 6.773 6.788 6.802 6.817 6.832 6.846 6.861 6.874 6.887 6.899 6.912 6.924 6.936 6.948 6.959 6.970 6.981 6.992 7.003 7.013 7.024 7.034 7.044 7.054 7.064 7.075 7.085 7.095 7.106 7.116 7.127 7.136 7.146 7.155 7.165 7.174 7.184 7.194 7.204 7.214 7.224 7.234 7.244 7.254 7.264 7.274 7.285 7.295 7.306 7.318 7.330 7.342 7.356 7.369 7.383 7.396 7.410 7.425 7.440 7.456 7.472 7.489 7.506 7.523
6.611 6.621 6.632 6.643 6.655 6.667 6.679 6.692 6.706 6.719 6.733 6.748 6.762 6.777 6.791 6.806 6.821 6.836 6.850 6.865 6.879 6.892 6.905 6.917 6.929 6.942 6.954 6.965 6.977 6.988 6.999 7.010 7.020 7.031 7.041 7.052 7.062 7.072 7.083 7.093 7.104 7.114 7.125 7.135 7.145 7.155 7.165 7.174 7.184 7.194 7.204 7.214 7.224 7.235 7.245 7.255 7.265 7.276 7.286 7.297 7.307 7.318 7.330 7.342 7.354 7.368 7.381 7.394 7.408 7.421 7.436 7.451 7.466 7.482 7.499 7.516 7.533
