TsunamiDB/out54018.asc
ncols          264
nrows          230
xllcorner      497853.4375
yllcorner      4229146.0000
cellsize         5.
NODATA_value   -99
[rows 155 to 185 of 230, columns 140 to 209 of 264]
4.021 4.217 4.364 4.476 4.564 4.636 4.698 4.756 4.809 4.861 4.913 4.963 5.014 5.063 5.113 5.162 5.209 5.256 5.302 5.348 5.395 5.443 5.493 5.545 5.599 5.655 5.713 5.775 5.835 5.895 5.957 6.018 6.078 6.136 6.190 6.240 6.290 6.340 6.391 6.442 6.492 6.542 6.598 6.661 6.729 6.806 6.880 6.934 7.006 7.097 7.164 7.207 7.239 7.272 7.307 7.350 7.383 7.356 7.370 7.449 7.497 7.510 7.490 7.440 7.350 7.216 7.045 6.861 6.739 6.695
4.103 4.282 4.416 4.520 4.603 4.671 4.730 4.786 4.838 4.888 4.938 4.987 5.036 5.084 5.132 5.179 5.226 5.271 5.316 5.361 5.406 5.453 5.503 5.555 5.610 5.667 5.729 5.793 5.856 5.921 5.987 6.052 6.117 6.179 6.236 6.290 6.344 6.399 6.453 6.508 6.559 6.608 6.664 6.722 6.785 6.861 6.924 6.963 7.030 7.122 7.188 7.232 7.265 7.294 7.325 7.373 7.398 7.351 7.353 7.422 7.458 7.460 7.431 7.370 7.271 7.124 6.951 6.781 6.679 6.653
4.178 4.341 4.465 4.561 4.640 4.705 4.763 4.817 4.867 4.916 4.964 5.012 5.059 5.106 5.152 5.198 5.242 5.286 5.329 5.373 5.417 5.464 5.513 5.566 5.621 5.681 5.745 5.813 5.879 5.947 6.017 6.087 6.155 6.220 6.283 6.343 6.403 6.461 6.520 6.580 6.634 6.685 6.738 6.794 6.855 6.916 6.960 6.990 7.055 7.147 7.215 7.262 7.297 7.329 7.365 7.401 7.401 7.341 7.331 7.386 7.410 7.403 7.363 7.290 7.178 7.029 6.873 6.724 6.641 6.633
4.245 4.394 4.509 4.600 4.675 4.739 4.795 4.848 4.897 4.945 4.992 5.038 5.083 5.128 5.173 5.217 5.260 5.302 5.344 5.386 5.430 5.476 5.525 5.578 5.635 5.697 5.763 5.833 5.903 5.974 6.048 6.121 6.193 6.264 6.333 6.400 6.464 6.526 6.590 6.659 6.716 6.768 6.819 6.872 6.922 6.965 6.997 7.019 7.081 7.175 7.247 7.299 7.338 7.375 7.404 7.417 7.396 7.324 7.301 7.341 7.354 7.336 7.285 7.202 7.086 6.951 6.818 6.690 6.626 6.637
4.306 4.442 4.549 4.636 4.709 4.771 4.827 4.879 4.928 4.975 5.020 5.065 5.109 5.152 5.195 5.238 5.279 5.320 5.360 5.401 5.444 5.490 5.540 5.593 5.651 5.714 5.783 5.856 5.928 6.003 6.081 6.158 6.234 6.310 6.386 6.459 6.528 6.594 6.665 6.741 6.802 6.853 6.902 6.947 6.985 7.015 7.037 7.054 7.113 7.210 7.286 7.342 7.385 7.417 7.433 7.426 7.384 7.299 7.263 7.289 7.290 7.263 7.204 7.116 7.009 6.894 6.784 6.678 6.632 6.660
4.360 4.485 4.586 4.669 4.740 4.802 4.858 4.910 4.958 5.004 5.049 5.092 5.135 5.177 5.219 5.259 5.299 5.339 5.378 5.419 5.461 5.507 5.557 5.611 5.670 5.734 5.805 5.880 5.956 6.034 6.116 6.197 6.278 6.360 6.442 6.521 6.595 6.664 6.741 6.823 6.887 6.940 6.982 7.018 7.048 7.069 7.086 7.097 7.153 7.250 7.328 7.388 7.429 7.452 7.454 7.426 7.366 7.268 7.219 7.229 7.221 7.187 7.124 7.043 6.952 6.859 6.772 6.687 6.657 6.695
4.408 4.524 4.619 4.699 4.769 4.831 4.887 4.939 4.987 5.033 5.077 5.120 5.161 5.202 5.242 5.282 5.320 5.359 5.397 5.437 5.480 5.526 5.576 5.631 5.691 5.756 5.829 5.907 5.985 6.066 6.153 6.239 6.325 6.412 6.499 6.583 6.662 6.733 6.814 6.902 6.970 7.021 7.059 7.089 7.113 7.129 7.142 7.146 7.197 7.294 7.374 7.431 7.465 7.478 7.464 7.418 7.341 7.230 7.169 7.167 7.152 7.115 7.057 6.988 6.915 6.844 6.780 6.710 6.691 6.739
4.451 4.559 4.649 4.727 4.796 4.858 4.914 4.966 5.015 5.060 5.104 5.146 5.187 5.226 5.265 5.304 5.341 5.378 5.416 5.456 5.499 5.545 5.597 5.652 5.713 5.780 5.854 5.935 6.016 6.100 6.191 6.282 6.372 6.464 6.556 6.645 6.727 6.798 6.883 6.978 7.047 7.097 7.133 7.161 7.181 7.195 7.202 7.199 7.245 7.341 7.417 7.468 7.494 7.496 7.468 7.405 7.311 7.188 7.117 7.106 7.086 7.054 7.006 6.951 6.897 6.848 6.799 6.741 6.732 6.787
4.490 4.591 4.677 4.753 4.821 4.882 4.939 4.992 5.040 5.086 5.130 5.171 5.211 5.250 5.287 5.324 5.361 5.397 5.435 5.474 5.518 5.565 5.618 5.674 5.736 5.804 5.881 5.964 6.048 6.135 6.230 6.325 6.419 6.516 6.612 6.704 6.787 6.858 6.947 7.046 7.116 7.168 7.203 7.229 7.248 7.258 7.262 7.252 7.291 7.382 7.450 7.496 7.512 7.502 7.461 7.381 7.271 7.140 7.061 7.044 7.027 7.003 6.966 6.928 6.894 6.859 6.824 6.777 6.774 6.831
4.527 4.622 4.705 4.779 4.846 4.906 4.962 5.015 5.065 5.110 5.154 5.194 5.234 5.271 5.308 5.343 5.379 5.414 5.451 5.491 5.535 5.584 5.638 5.696 5.760 5.830 5.908 5.993 6.079 6.169 6.267 6.365 6.463 6.563 6.661 6.754 6.840 6.911 7.001 7.103 7.177 7.231 7.268 7.295 7.312 7.320 7.320 7.303 7.334 7.416 7.478 7.515 7.522 7.501 7.448 7.355 7.233 7.094 7.011 6.996 6.984 6.969 6.945 6.922 6.902 6.879 6.854 6.814 6.815 6.873
4.562 4.652 4.732 4.803 4.869 4.929 4.985 5.038 5.087 5.133 5.176 5.217 5.255 5.291 5.326 5.360 5.394 5.429 5.466 5.506 5.551 5.601 5.657 5.717 5.782 5.853 5.933 6.021 6.108 6.200 6.301 6.402 6.504 6.608 6.708 6.804 6.892 6.961 7.052 7.159 7.238 7.295 7.335 7.364 7.380 7.386 7.384 7.357 7.377 7.452 7.507 7.535 7.533 7.503 7.438 7.333 7.198 7.055 6.974 6.962 6.958 6.952 6.940 6.930 6.920 6.907 6.890 6.854 6.856 6.915
4.595 4.681 4.758 4.828 4.893 4.953 5.008 5.061 5.110 5.156 5.198 5.238 5.275 5.310 5.343 5.376 5.408 5.442 5.478 5.519 5.565 5.617 5.674 5.736 5.803 5.875 5.956 6.047 6.136 6.230 6.333 6.438 6.546 6.651 6.755 6.856 6.942 7.007 7.100 7.213 7.296 7.357 7.401 7.431 7.447 7.455 7.445 7.406 7.416 7.483 7.530 7.550 7.541 7.500 7.425 7.304 7.161 7.023 6.948 6.941 6.942 6.946 6.945 6.944 6.943 6.938 6.925 6.891 6.894 6.951
4.625 4.709 4.784 4.853 4.917 4.976 5.032 5.084 5.133 5.178 5.220 5.259 5.295 5.328 5.360 5.390 5.421 5.453 5.488 5.529 5.576 5.630 5.689 5.753 5.822 5.897 5.981 6.073 6.164 6.260 6.367 6.476 6.586 6.696 6.804 6.902 6.983 7.048 7.145 7.262 7.350 7.417 7.464 7.496 7.516 7.517 7.497 7.448 7.448 7.507 7.547 7.561 7.542 7.490 7.401 7.273 7.136 7.004 6.933 6.930 6.939 6.951 6.957 6.963 6.968 6.967 6.957 6.926 6.928 6.982
4.653 4.734 4.808 4.877 4.941 5.000 5.055 5.108 5.157 5.202 5.243 5.281 5.316 5.347 5.377 5.405 5.433 5.463 5.498 5.539 5.587 5.642 5.704 5.770 5.841 5.918 6.004 6.099 6.192 6.290 6.400 6.512 6.624 6.737 6.844 6.939 7.019 7.085 7.184 7.306 7.401 7.472 7.523 7.559 7.576 7.569 7.539 7.481 7.472 7.522 7.556 7.563 7.535 7.473 7.375 7.250 7.121 6.995 6.928 6.930 6.946 6.962 6.973 6.984 6.993 6.994 6.986 6.955 6.955 7.007
4.677 4.756 4.830 4.898 4.963 5.022 5.079 5.132 5.181 5.227 5.268 5.305 5.339 5.369 5.396 5.421 5.447 5.476 5.509 5.550 5.598 5.655 5.718 5.786 5.859 5.937 6.026 6.123 6.218 6.318 6.429 6.542 6.656 6.768 6.875 6.969 7.050 7.118 7.220 7.349 7.447 7.522 7.577 7.612 7.624 7.610 7.570 7.504 7.487 7.530 7.556 7.557 7.521 7.452 7.355 7.237 7.115 6.996 6.934 6.941 6.958 6.977 6.992 7.005 7.016 7.019 7.011 6.980 6.978 7.028
4.697 4.775 4.848 4.917 4.982 5.043 5.100 5.155 5.205 5.252 5.294 5.331 5.364 5.393 5.418 5.441 5.465 5.491 5.523 5.563 5.611 5.668 5.732 5.801 5.874 5.955 6.046 6.144 6.240 6.342 6.453 6.567 6.679 6.791 6.899 6.995 7.079 7.148 7.253 7.385 7.488 7.567 7.621 7.653 7.661 7.638 7.591 7.518 7.493 7.527 7.548 7.543 7.503 7.435 7.343 7.234 7.121 7.007 6.949 6.957 6.976 6.996 7.012 7.025 7.036 7.039 7.032 7.001 6.997 7.043
4.714 4.790 4.863 4.932 4.997 5.059 5.118 5.174 5.227 5.275 5.318 5.357 5.390 5.418 5.443 5.465 5.486 5.511 5.541 5.579 5.626 5.682 5.745 5.813 5.887 5.969 6.060 6.159 6.257 6.358 6.470 6.583 6.693 6.806 6.917 7.017 7.105 7.174 7.280 7.416 7.522 7.601 7.653 7.682 7.685 7.657 7.603 7.522 7.489 7.517 7.533 7.525 7.488 7.425 7.340 7.241 7.136 7.026 6.968 6.976 6.995 7.015 7.030 7.043 7.052 7.055 7.051 7.018 7.010 7.051
4.729 4.803 4.874 4.943 5.009 5.071 5.132 5.190 5.244 5.294 5.340 5.380 5.415 5.445 5.470 5.491 5.512 5.535 5.563 5.598 5.643 5.696 5.756 5.823 5.896 5.976 6.068 6.168 6.266 6.368 6.479 6.591 6.702 6.817 6.931 7.036 7.127 7.195 7.302 7.443 7.548 7.625 7.675 7.701 7.699 7.665 7.603 7.515 7.477 7.500 7.513 7.508 7.475 7.419 7.346 7.256 7.157 7.049 6.991 6.996 7.014 7.032 7.046 7.057 7.065 7.069 7.065 7.030 7.018 7.055
4.742 4.814 4.883 4.951 5.016 5.079 5.141 5.200 5.256 5.309 5.357 5.401 5.438 5.470 5.497 5.519 5.540 5.562 5.587 5.620 5.660 5.709 5.766 5.829 5.899 5.978 6.070 6.171 6.269 6.371 6.484 6.596 6.709 6.825 6.943 7.053 7.147 7.213 7.320 7.461 7.564 7.638 7.684 7.706 7.700 7.658 7.590 7.498 7.455 7.476 7.491 7.490 7.464 7.419 7.356 7.274 7.179 7.072 7.011 7.013 7.028 7.045 7.057 7.066 7.074 7.079 7.074 7.037 7.021 7.051
4.755 4.824 4.891 4.957 5.021 5.084 5.146 5.206 5.264 5.319 5.370 5.417 5.458 5.493 5.523 5.547 5.569 5.591 5.614 5.643 5.679 5.722 5.774 5.833 5.900 5.977 6.068 6.168 6.267 6.370 6.484 6.599 6.713 6.831 6.950 7.061 7.158 7.222 7.327 7.466 7.566 7.637 7.680 7.698 7.688 7.642 7.570 7.474 7.430 7.451 7.471 7.475 7.458 7.423 7.369 7.293 7.202 7.095 7.031 7.029 7.042 7.057 7.067 7.075 7.081 7.084 7.080 7.040 7.018 7.040
4.768 4.834 4.899 4.963 5.025 5.087 5.149 5.209 5.268 5.325 5.378 5.428 5.473 5.513 5.546 5.574 5.598 5.620 5.642 5.668 5.699 5.736 5.782 5.836 5.898 5.972 6.060 6.160 6.259 6.363 6.479 6.595 6.711 6.831 6.951 7.066 7.166 7.225 7.326 7.464 7.563 7.630 7.669 7.685 7.672 7.622 7.544 7.447 7.405 7.430 7.455 7.466 7.458 7.433 7.386 7.316 7.226 7.118 7.050 7.044 7.054 7.067 7.075 7.082 7.086 7.089 7.086 7.042 7.012 7.027
4.782 4.846 4.908 4.970 5.030 5.090 5.151 5.211 5.270 5.328 5.384 5.437 5.485 5.529 5.567 5.599 5.625 5.648 5.670 5.693 5.720 5.752 5.791 5.838 5.894 5.962 6.048 6.148 6.246 6.352 6.470 6.588 6.709 6.830 6.952 7.075 7.172 7.221 7.318 7.456 7.552 7.615 7.652 7.664 7.647 7.590 7.510 7.418 7.381 7.412 7.442 7.460 7.461 7.442 7.401 7.334 7.244 7.136 7.065 7.056 7.063 7.074 7.082 7.087 7.090 7.096 7.091 7.040 7.003 7.009
4.797 4.858 4.919 4.978 5.036 5.095 5.154 5.214 5.273 5.331 5.389 5.444 5.496 5.543 5.585 5.620 5.650 5.675 5.697 5.719 5.742 5.769 5.802 5.842 5.891 5.955 6.038 6.136 6.234 6.341 6.461 6.584 6.708 6.834 6.962 7.077 7.160 7.207 7.304 7.439 7.532 7.593 7.625 7.631 7.607 7.550 7.478 7.392 7.359 7.395 7.432 7.457 7.463 7.449 7.411 7.346 7.261 7.153 7.078 7.065 7.070 7.080 7.088 7.094 7.100 7.105 7.092 7.034 6.989 6.986
4.812 4.872 4.930 4.988 5.045 5.102 5.160 5.218 5.277 5.336 5.394 5.451 5.505 5.555 5.601 5.640 5.673 5.701 5.724 5.746 5.767 5.791 5.819 5.852 5.895 5.953 6.031 6.126 6.224 6.331 6.454 6.580 6.706 6.835 6.959 7.061 7.138 7.183 7.280 7.412 7.502 7.560 7.587 7.588 7.562 7.512 7.450 7.368 7.339 7.382 7.424 7.453 7.462 7.451 7.415 7.355 7.274 7.165 7.088 7.074 7.078 7.087 7.096 7.104 7.110 7.109 7.088 7.024 6.972 6.960
4.828 4.886 4.943 4.999 5.054 5.110 5.167 5.225 5.283 5.342 5.400 5.458 5.514 5.567 5.615 5.658 5.694 5.725 5.751 5.774 5.796 5.818 5.843 5.871 5.907 5.957 6.029 6.120 6.215 6.323 6.446 6.571 6.698 6.823 6.939 7.034 7.107 7.152 7.247 7.378 7.465 7.519 7.542 7.540 7.519 7.478 7.422 7.346 7.322 7.370 7.416 7.447 7.458 7.448 7.416 7.360 7.283 7.176 7.098 7.084 7.087 7.096 7.106 7.114 7.117 7.110 7.081 7.011 6.951 6.931
4.843 4.899 4.955 5.010 5.064 5.118 5.175 5.232 5.290 5.348 5.407 5.466 5.523 5.577 5.628 5.674 5.714 5.749 5.778 5.804 5.827 5.849 5.872 5.896 5.926 5.969 6.034 6.119 6.210 6.313 6.432 6.556 6.677 6.795 6.907 6.999 7.071 7.115 7.208 7.336 7.421 7.473 7.494 7.495 7.480 7.446 7.399 7.328 7.307 7.358 7.406 7.438 7.450 7.442 7.414 7.363 7.291 7.187 7.110 7.096 7.098 7.107 7.116 7.122 7.122 7.108 7.071 6.995 6.929 6.900
4.857 4.912 4.966 5.020 5.073 5.127 5.182 5.239 5.297 5.355 5.414 5.473 5.531 5.587 5.639 5.688 5.732 5.770 5.804 5.833 5.858 5.882 5.905 5.927 5.953 5.989 6.044 6.120 6.202 6.297 6.411 6.529 6.643 6.757 6.865 6.957 7.030 7.073 7.164 7.291 7.375 7.426 7.448 7.454 7.445 7.419 7.379 7.310 7.291 7.345 7.394 7.427 7.440 7.435 7.411 7.366 7.301 7.200 7.123 7.109 7.111 7.118 7.125 7.129 7.124 7.103 7.060 6.977 6.904 6.867
4.872 4.925 4.978 5.030 5.082 5.134 5.189 5.245 5.302 5.360 5.419 5.478 5.536 5.593 5.647 5.698 5.745 5.787 5.825 5.858 5.887 5.914 5.939 5.960 5.982 6.010 6.056 6.121 6.192 6.277 6.383 6.492 6.602 6.713 6.822 6.916 6.989 7.032 7.122 7.250 7.333 7.384 7.408 7.418 7.415 7.397 7.360 7.293 7.276 7.331 7.381 7.415 7.430 7.428 7.408 7.371 7.312 7.215 7.140 7.126 7.126 7.130 7.134 7.133 7.123 7.096 7.045 6.956 6.876 6.832
4.887 4.939 4.989 5.040 5.090 5.141 5.195 5.249 5.306 5.363 5.421 5.480 5.538 5.596 5.651 5.704 5.754 5.799 5.841 5.878 5.911 5.941 5.968 5.990 6.010 6.034 6.072 6.126 6.185 6.258 6.354 6.458 6.563 6.673 6.783 6.879 6.955 6.997 7.086 7.214 7.296 7.347 7.374 7.389 7.391 7.376 7.343 7.277 7.260 7.316 7.367 7.403 7.419 7.421 7.408 7.377 7.325 7.231 7.158 7.143 7.138 7.138 7.137 7.133 7.118 7.083 7.024 6.929 6.843 6.792
4.905 4.954 5.002 5.051 5.099 5.148 5.199 5.253 5.307 5.364 5.421 5.479 5.537 5.594 5.650 5.704 5.756 5.805 5.851 5.892 5.930 5.963 5.993 6.018 6.040 6.062 6.093 6.138 6.185 6.247 6.333 6.431 6.532 6.641 6.750 6.847 6.926 6.967 7.055 7.182 7.265 7.316 7.345 7.364 7.369 7.357 7.326 7.261 7.244 7.302 7.354 7.391 7.411 7.418 7.410 7.384 7.338 7.249 7.176 7.158 7.150 7.145 7.138 7.128 7.108 7.067 7.001 6.900 6.808 6.752
4.924 4.972 5.018 5.064 5.109 5.156 5.205 5.255 5.308 5.362 5.418 5.475 5.532 5.589 5.645 5.700 5.754 5.806 5.855 5.901 5.943 5.981 6.015 6.044 6.068 6.091 6.119 6.158 6.196 6.246 6.322 6.411 6.509 6.615 6.722 6.823 6.906 6.944 7.030 7.157 7.240 7.292 7.323 7.344 7.352 7.342 7.313 7.248 7.232 7.291 7.346 7.386 7.410 7.421 7.418 7.398 7.360 7.273 7.199 7.178 7.163 7.152 7.140 7.124 7.098 7.049 6.974 6.867 6.772 6.714
