TsunamiDB/out54025.asc
ncols          264
nrows          230
xllcorner      497853.4375
yllcorner      4229146.0000
cellsize         5.
NODATA_value   -99
[rows 160 to 191 of 230, columns 142 to 212 of 264]
5.250 5.275 5.298 5.317 5.333 5.348 5.362 5.374 5.387 5.402 5.420 5.441 5.467 5.499 5.535 5.577 5.622 5.672 5.725 5.780 5.839 5.900 5.965 6.033 6.108 6.187 6.266 6.348 6.434 6.521 6.608 6.697 6.788 6.878 6.965 7.049 7.143 7.249 7.346 7.435 7.513 7.579 7.633 7.671 7.691 7.692 7.717 7.785 7.854 7.921 7.980 8.030 8.066 8.078 8.058 7.987 7.923 7.897 7.871 7.839 7.792 7.728 7.641 7.529 7.399 7.250 7.133 7.083 7.064 7.069 7.093
5.289 5.316 5.340 5.359 5.375 5.389 5.400 5.410 5.419 5.429 5.441 5.458 5.481 5.509 5.543 5.583 5.628 5.677 5.730 5.786 5.845 5.906 5.971 6.040 6.115 6.195 6.276 6.359 6.448 6.539 6.630 6.724 6.820 6.914 7.006 7.091 7.188 7.299 7.401 7.491 7.567 7.632 7.683 7.719 7.739 7.736 7.759 7.826 7.897 7.964 8.022 8.070 8.099 8.101 8.068 7.985 7.905 7.860 7.816 7.767 7.708 7.634 7.543 7.439 7.325 7.196 7.103 7.076 7.075 7.095 7.128
5.328 5.356 5.382 5.402 5.419 5.433 5.443 5.450 5.456 5.462 5.470 5.482 5.500 5.524 5.555 5.593 5.637 5.686 5.738 5.794 5.853 5.914 5.979 6.047 6.123 6.205 6.287 6.373 6.465 6.559 6.654 6.752 6.853 6.952 7.046 7.131 7.230 7.346 7.450 7.539 7.615 7.678 7.729 7.765 7.785 7.780 7.801 7.868 7.938 8.003 8.059 8.102 8.125 8.117 8.071 7.975 7.879 7.815 7.752 7.691 7.621 7.543 7.457 7.366 7.272 7.164 7.093 7.085 7.097 7.126 7.164
5.366 5.396 5.423 5.445 5.464 5.479 5.489 5.496 5.500 5.502 5.506 5.513 5.526 5.546 5.573 5.608 5.650 5.697 5.749 5.804 5.863 5.924 5.988 6.058 6.134 6.217 6.301 6.389 6.484 6.582 6.681 6.783 6.888 6.989 7.084 7.168 7.269 7.387 7.490 7.580 7.655 7.718 7.770 7.806 7.828 7.822 7.840 7.905 7.971 8.034 8.086 8.123 8.140 8.122 8.063 7.955 7.842 7.759 7.682 7.611 7.536 7.461 7.386 7.312 7.237 7.150 7.097 7.102 7.123 7.157 7.198
5.402 5.434 5.463 5.488 5.508 5.525 5.537 5.545 5.548 5.548 5.549 5.552 5.560 5.574 5.597 5.629 5.667 5.712 5.763 5.817 5.876 5.937 6.001 6.070 6.147 6.232 6.317 6.406 6.504 6.605 6.707 6.813 6.919 7.022 7.118 7.201 7.301 7.419 7.524 7.614 7.689 7.754 7.807 7.845 7.868 7.861 7.877 7.937 7.999 8.057 8.103 8.136 8.146 8.119 8.048 7.926 7.798 7.701 7.614 7.537 7.463 7.396 7.335 7.277 7.221 7.150 7.111 7.125 7.152 7.189 7.231
5.435 5.469 5.501 5.528 5.552 5.571 5.586 5.595 5.599 5.599 5.598 5.597 5.601 5.611 5.629 5.655 5.690 5.732 5.780 5.833 5.891 5.951 6.015 6.084 6.161 6.247 6.334 6.424 6.525 6.628 6.734 6.842 6.950 7.055 7.153 7.233 7.331 7.451 7.558 7.649 7.726 7.793 7.846 7.887 7.913 7.904 7.914 7.969 8.025 8.077 8.118 8.145 8.147 8.110 8.026 7.891 7.753 7.645 7.553 7.476 7.408 7.352 7.305 7.263 7.222 7.164 7.135 7.155 7.185 7.224 7.265
5.465 5.502 5.536 5.566 5.592 5.615 5.632 5.644 5.651 5.653 5.651 5.649 5.650 5.655 5.668 5.689 5.719 5.757 5.801 5.852 5.908 5.968 6.031 6.099 6.177 6.265 6.352 6.444 6.546 6.652 6.762 6.873 6.983 7.093 7.188 7.262 7.360 7.483 7.590 7.684 7.764 7.832 7.887 7.932 7.957 7.943 7.947 7.996 8.046 8.091 8.126 8.145 8.139 8.088 7.992 7.851 7.707 7.595 7.502 7.429 7.371 7.326 7.292 7.263 7.233 7.185 7.163 7.186 7.219 7.257 7.298
5.491 5.530 5.567 5.599 5.629 5.655 5.676 5.692 5.702 5.707 5.707 5.706 5.705 5.707 5.715 5.731 5.755 5.787 5.828 5.875 5.928 5.986 6.048 6.117 6.196 6.284 6.373 6.467 6.571 6.681 6.793 6.907 7.022 7.129 7.219 7.290 7.388 7.513 7.623 7.720 7.802 7.873 7.932 7.976 7.996 7.977 7.975 8.017 8.059 8.097 8.124 8.134 8.116 8.055 7.954 7.810 7.664 7.553 7.465 7.400 7.350 7.315 7.292 7.273 7.252 7.211 7.193 7.218 7.252 7.290 7.328
5.514 5.554 5.593 5.629 5.662 5.691 5.716 5.736 5.751 5.759 5.763 5.764 5.764 5.765 5.770 5.781 5.799 5.825 5.860 5.902 5.952 6.007 6.069 6.138 6.217 6.307 6.397 6.492 6.599 6.711 6.825 6.942 7.056 7.159 7.246 7.317 7.415 7.543 7.657 7.756 7.841 7.915 7.975 8.015 8.030 8.005 7.996 8.030 8.065 8.095 8.112 8.112 8.083 8.017 7.916 7.772 7.629 7.525 7.444 7.386 7.344 7.318 7.302 7.290 7.275 7.239 7.224 7.250 7.284 7.320 7.355
5.532 5.575 5.616 5.654 5.689 5.723 5.752 5.776 5.795 5.809 5.818 5.823 5.825 5.827 5.830 5.838 5.851 5.871 5.899 5.936 5.981 6.034 6.093 6.160 6.240 6.331 6.422 6.519 6.628 6.740 6.856 6.972 7.085 7.185 7.273 7.344 7.443 7.575 7.691 7.793 7.881 7.956 8.014 8.049 8.057 8.026 8.010 8.036 8.062 8.083 8.091 8.081 8.046 7.978 7.878 7.740 7.605 7.510 7.437 7.385 7.350 7.329 7.319 7.311 7.300 7.268 7.255 7.282 7.315 7.349 7.379
5.546 5.590 5.634 5.674 5.713 5.749 5.782 5.811 5.835 5.855 5.869 5.879 5.886 5.891 5.895 5.901 5.910 5.924 5.946 5.977 6.016 6.064 6.120 6.186 6.266 6.357 6.449 6.546 6.655 6.769 6.882 6.997 7.109 7.211 7.301 7.372 7.472 7.606 7.725 7.830 7.918 7.991 8.047 8.076 8.078 8.041 8.018 8.034 8.051 8.064 8.063 8.046 8.008 7.941 7.847 7.717 7.592 7.507 7.442 7.396 7.365 7.347 7.340 7.335 7.327 7.299 7.287 7.313 7.344 7.374 7.400
5.556 5.602 5.647 5.690 5.731 5.771 5.807 5.841 5.870 5.895 5.916 5.932 5.945 5.954 5.961 5.967 5.975 5.985 6.002 6.025 6.058 6.100 6.151 6.215 6.293 6.383 6.474 6.571 6.680 6.792 6.904 7.018 7.131 7.236 7.329 7.400 7.501 7.637 7.759 7.864 7.951 8.022 8.073 8.098 8.094 8.049 8.017 8.024 8.033 8.037 8.031 8.010 7.971 7.909 7.822 7.702 7.589 7.514 7.456 7.414 7.385 7.369 7.362 7.360 7.356 7.330 7.318 7.343 7.371 7.398 7.419
5.563 5.610 5.657 5.701 5.745 5.788 5.828 5.866 5.900 5.931 5.958 5.981 5.999 6.014 6.025 6.034 6.042 6.051 6.063 6.081 6.107 6.141 6.186 6.244 6.318 6.407 6.497 6.593 6.701 6.811 6.922 7.036 7.152 7.262 7.358 7.429 7.530 7.670 7.791 7.895 7.980 8.048 8.095 8.113 8.101 8.050 8.010 8.008 8.009 8.008 7.997 7.975 7.939 7.883 7.805 7.696 7.594 7.528 7.475 7.436 7.409 7.393 7.387 7.387 7.385 7.360 7.348 7.372 7.397 7.419 7.436
5.567 5.615 5.662 5.709 5.756 5.801 5.845 5.887 5.926 5.962 5.995 6.024 6.049 6.069 6.086 6.099 6.110 6.119 6.129 6.142 6.161 6.187 6.224 6.275 6.345 6.430 6.518 6.612 6.719 6.829 6.940 7.056 7.175 7.288 7.388 7.458 7.560 7.699 7.818 7.920 8.002 8.066 8.108 8.120 8.101 8.042 7.994 7.984 7.979 7.975 7.962 7.942 7.911 7.862 7.794 7.696 7.604 7.544 7.496 7.460 7.433 7.417 7.412 7.413 7.414 7.389 7.377 7.398 7.419 7.436 7.448
5.568 5.617 5.665 5.713 5.762 5.810 5.857 5.903 5.946 5.987 6.026 6.060 6.091 6.118 6.141 6.159 6.174 6.185 6.195 6.206 6.220 6.239 6.267 6.311 6.373 6.454 6.538 6.630 6.736 6.847 6.959 7.076 7.197 7.312 7.415 7.484 7.584 7.721 7.839 7.938 8.016 8.077 8.114 8.120 8.094 8.028 7.973 7.957 7.949 7.942 7.931 7.914 7.889 7.848 7.789 7.700 7.617 7.563 7.520 7.486 7.459 7.443 7.437 7.438 7.441 7.418 7.404 7.422 7.438 7.449 7.456
5.568 5.616 5.664 5.714 5.765 5.815 5.865 5.914 5.962 6.007 6.050 6.090 6.127 6.160 6.188 6.212 6.232 6.247 6.259 6.270 6.280 6.294 6.314 6.349 6.403 6.478 6.558 6.647 6.752 6.863 6.976 7.094 7.216 7.335 7.443 7.509 7.605 7.741 7.856 7.952 8.027 8.084 8.116 8.116 8.082 8.009 7.948 7.930 7.920 7.914 7.905 7.894 7.875 7.842 7.790 7.710 7.633 7.585 7.546 7.513 7.487 7.471 7.464 7.465 7.471 7.447 7.430 7.444 7.455 7.460 7.461
5.565 5.613 5.662 5.712 5.764 5.817 5.869 5.921 5.972 6.021 6.068 6.113 6.155 6.193 6.227 6.257 6.282 6.302 6.318 6.331 6.341 6.351 6.365 6.390 6.437 6.505 6.579 6.665 6.768 6.879 6.995 7.115 7.238 7.366 7.472 7.530 7.622 7.757 7.870 7.961 8.033 8.086 8.112 8.102 8.060 7.984 7.921 7.902 7.893 7.889 7.886 7.880 7.867 7.839 7.794 7.721 7.651 7.608 7.571 7.540 7.515 7.499 7.490 7.495 7.501 7.474 7.454 7.463 7.468 7.467 7.462
5.562 5.608 5.656 5.707 5.760 5.814 5.868 5.923 5.976 6.029 6.080 6.129 6.175 6.218 6.257 6.292 6.323 6.349 6.370 6.386 6.399 6.408 6.418 6.438 6.477 6.538 6.606 6.687 6.789 6.900 7.018 7.141 7.271 7.395 7.490 7.545 7.635 7.767 7.876 7.965 8.032 8.078 8.096 8.079 8.036 7.958 7.894 7.876 7.870 7.871 7.872 7.871 7.862 7.839 7.800 7.734 7.668 7.629 7.596 7.567 7.543 7.528 7.522 7.527 7.528 7.498 7.474 7.478 7.476 7.469 7.457
5.558 5.603 5.649 5.699 5.752 5.807 5.863 5.919 5.975 6.031 6.085 6.137 6.187 6.235 6.279 6.319 6.356 6.387 6.414 6.436 6.452 6.464 6.474 6.491 6.525 6.578 6.640 6.716 6.816 6.927 7.045 7.171 7.299 7.412 7.500 7.552 7.640 7.768 7.875 7.961 8.022 8.060 8.072 8.053 8.010 7.931 7.867 7.854 7.853 7.858 7.862 7.865 7.859 7.841 7.809 7.747 7.686 7.651 7.621 7.595 7.572 7.559 7.554 7.554 7.551 7.517 7.489 7.486 7.478 7.464 7.445
5.556 5.598 5.642 5.690 5.742 5.797 5.854 5.911 5.969 6.026 6.083 6.139 6.192 6.244 6.293 6.338 6.380 6.418 6.450 6.478 6.501 6.518 6.531 6.547 6.577 6.626 6.681 6.753 6.847 6.955 7.072 7.194 7.315 7.420 7.502 7.552 7.638 7.763 7.867 7.948 8.004 8.036 8.044 8.026 7.983 7.905 7.845 7.837 7.840 7.849 7.856 7.861 7.859 7.846 7.819 7.761 7.703 7.673 7.647 7.622 7.602 7.589 7.582 7.579 7.569 7.532 7.499 7.489 7.474 7.453 7.425
5.557 5.595 5.635 5.681 5.731 5.784 5.840 5.898 5.957 6.016 6.075 6.134 6.191 6.246 6.300 6.350 6.397 6.441 6.480 6.514 6.544 6.567 6.585 6.604 6.634 6.680 6.731 6.795 6.882 6.985 7.095 7.208 7.321 7.420 7.499 7.546 7.629 7.751 7.851 7.929 7.979 8.007 8.014 7.997 7.958 7.883 7.827 7.824 7.832 7.843 7.853 7.860 7.861 7.852 7.829 7.775 7.722 7.695 7.671 7.650 7.630 7.617 7.607 7.599 7.583 7.542 7.504 7.486 7.463 7.434 7.398
5.562 5.595 5.631 5.672 5.719 5.770 5.824 5.882 5.941 6.002 6.062 6.123 6.184 6.243 6.300 6.356 6.408 6.457 6.503 6.544 6.580 6.610 6.635 6.659 6.691 6.735 6.782 6.838 6.917 7.010 7.108 7.213 7.319 7.413 7.490 7.534 7.614 7.733 7.830 7.903 7.950 7.977 7.984 7.970 7.935 7.864 7.812 7.814 7.826 7.840 7.851 7.861 7.864 7.858 7.841 7.790 7.739 7.717 7.696 7.675 7.656 7.641 7.628 7.614 7.593 7.546 7.502 7.476 7.445 7.408 7.365
5.572 5.600 5.631 5.667 5.709 5.756 5.808 5.864 5.922 5.983 6.045 6.108 6.171 6.234 6.296 6.356 6.413 6.468 6.519 6.566 6.609 6.647 6.678 6.707 6.742 6.787 6.830 6.880 6.948 7.029 7.116 7.211 7.311 7.402 7.477 7.519 7.595 7.712 7.806 7.876 7.921 7.947 7.956 7.946 7.916 7.848 7.800 7.808 7.822 7.838 7.852 7.862 7.868 7.866 7.852 7.804 7.756 7.738 7.719 7.699 7.679 7.661 7.644 7.625 7.597 7.544 7.493 7.460 7.421 7.377 7.327
5.586 5.611 5.636 5.666 5.702 5.744 5.792 5.845 5.902 5.962 6.025 6.089 6.154 6.220 6.286 6.350 6.412 6.472 6.528 6.581 6.629 6.672 6.709 6.744 6.784 6.831 6.872 6.916 6.975 7.044 7.121 7.208 7.302 7.391 7.464 7.502 7.575 7.689 7.780 7.848 7.891 7.919 7.931 7.925 7.898 7.834 7.791 7.801 7.819 7.837 7.851 7.863 7.871 7.872 7.861 7.816 7.772 7.756 7.738 7.718 7.696 7.675 7.654 7.628 7.593 7.535 7.477 7.435 7.389 7.339 7.283
5.605 5.626 5.646 5.670 5.700 5.735 5.778 5.826 5.881 5.939 6.002 6.067 6.134 6.202 6.270 6.338 6.405 6.469 6.529 6.586 6.639 6.687 6.729 6.770 6.814 6.864 6.906 6.945 6.997 7.058 7.126 7.206 7.294 7.378 7.450 7.484 7.552 7.664 7.753 7.819 7.863 7.892 7.907 7.905 7.883 7.822 7.781 7.795 7.814 7.834 7.850 7.864 7.874 7.877 7.869 7.828 7.786 7.771 7.754 7.733 7.709 7.685 7.659 7.627 7.585 7.520 7.455 7.405 7.353 7.298 7.239
5.626 5.645 5.661 5.679 5.702 5.731 5.767 5.810 5.860 5.916 5.977 6.042 6.109 6.179 6.249 6.320 6.390 6.457 6.521 6.581 6.638 6.689 6.737 6.782 6.830 6.884 6.928 6.967 7.016 7.070 7.131 7.204 7.285 7.367 7.439 7.468 7.531 7.640 7.727 7.792 7.836 7.869 7.887 7.887 7.869 7.810 7.772 7.789 7.811 7.832 7.850 7.866 7.877 7.883 7.880 7.841 7.801 7.787 7.769 7.747 7.720 7.692 7.662 7.623 7.572 7.499 7.428 7.372 7.315 7.255 7.195
5.648 5.665 5.679 5.692 5.709 5.731 5.761 5.798 5.842 5.894 5.952 6.015 6.082 6.152 6.224 6.296 6.368 6.438 6.505 6.567 6.626 6.680 6.731 6.779 6.833 6.893 6.942 6.983 7.031 7.082 7.140 7.207 7.283 7.369 7.435 7.454 7.512 7.619 7.704 7.768 7.815 7.848 7.868 7.872 7.855 7.799 7.763 7.782 7.806 7.830 7.850 7.868 7.881 7.892 7.891 7.853 7.814 7.802 7.783 7.758 7.728 7.695 7.659 7.611 7.551 7.473 7.396 7.335 7.273 7.212 7.152
5.668 5.686 5.698 5.708 5.720 5.737 5.759 5.789 5.828 5.874 5.928 5.988 6.054 6.123 6.194 6.267 6.340 6.412 6.481 6.545 6.606 6.662 6.715 6.771 6.832 6.897 6.951 6.997 7.048 7.100 7.156 7.222 7.300 7.377 7.430 7.443 7.498 7.601 7.684 7.749 7.795 7.829 7.850 7.855 7.842 7.787 7.753 7.775 7.802 7.829 7.851 7.872 7.889 7.901 7.901 7.864 7.827 7.813 7.793 7.766 7.731 7.693 7.648 7.592 7.527 7.444 7.361 7.296 7.232 7.170 7.112
5.687 5.705 5.717 5.726 5.735 5.746 5.763 5.786 5.819 5.859 5.908 5.964 6.026 6.093 6.164 6.236 6.310 6.383 6.453 6.519 6.581 6.640 6.699 6.762 6.830 6.900 6.960 7.013 7.070 7.125 7.182 7.247 7.320 7.385 7.429 7.437 7.487 7.587 7.669 7.733 7.778 7.811 7.832 7.839 7.829 7.775 7.742 7.769 7.800 7.830 7.855 7.879 7.898 7.910 7.911 7.874 7.837 7.823 7.801 7.770 7.730 7.684 7.630 7.568 7.499 7.410 7.323 7.255 7.191 7.131 7.075
5.704 5.722 5.735 5.744 5.751 5.760 5.772 5.790 5.816 5.851 5.894 5.944 6.002 6.066 6.135 6.207 6.280 6.353 6.425 6.494 6.559 6.622 6.688 6.757 6.829 6.905 6.972 7.034 7.096 7.154 7.213 7.275 7.340 7.396 7.434 7.439 7.484 7.580 7.661 7.720 7.764 7.795 7.815 7.824 7.816 7.764 7.734 7.766 7.801 7.833 7.861 7.887 7.907 7.920 7.920 7.883 7.845 7.830 7.805 7.770 7.724 7.670 7.609 7.541 7.468 7.374 7.283 7.215 7.152 7.094 7.043
5.717 5.738 5.752 5.762 5.770 5.777 5.787 5.802 5.823 5.852 5.888 5.933 5.986 6.046 6.111 6.181 6.254 6.328 6.402 6.473 6.543 6.613 6.684 6.757 6.835 6.915 6.989 7.058 7.126 7.188 7.246 7.303 7.361 7.413 7.449 7.452 7.490 7.581 7.657 7.714 7.753 7.781 7.800 7.809 7.805 7.756 7.730 7.766 7.804 7.839 7.869 7.896 7.916 7.928 7.927 7.890 7.852 7.833 7.805 7.765 7.713 7.651 7.584 7.511 7.433 7.336 7.244 7.176 7.115 7.061 7.015
5.729 5.751 5.767 5.780 5.789 5.798 5.808 5.821 5.839 5.862 5.893 5.932 5.979 6.033 6.096 6.164 6.235 6.310 6.385 6.462 6.537 6.612 6.687 6.765 6.846 6.930 7.009 7.083 7.156 7.220 7.275 7.329 7.384 7.437 7.476 7.475 7.506 7.589 7.661 7.713 7.745 7.769 7.786 7.797 7.798 7.752 7.729 7.769 7.811 7.848 7.878 7.906 7.926 7.936 7.934 7.896 7.856 7.834 7.802 7.756 7.697 7.629 7.555 7.477 7.396 7.297 7.204 7.138 7.081 7.032 6.992
