TsunamiDB/out54022.asc
ncols          264
nrows          230
xllcorner      497853.4375
yllcorner      4229146.0000
cellsize         5.
NODATA_value   -99
[rows 186 to 216 of 230, columns 142 to 212 of 264]
5.392 5.415 5.436 5.458 5.484 5.515 5.552 5.596 5.645 5.699 5.757 5.818 5.882 5.949 6.016 6.084 6.151 6.216 6.278 6.335 6.387 6.435 6.478 6.517 6.561 6.609 6.645 6.678 6.726 6.783 6.853 6.937 7.030 7.129 7.206 7.233 7.307 7.427 7.515 7.577 7.619 7.648 7.663 7.661 7.639 7.576 7.545 7.580 7.617 7.651 7.678 7.698 7.709 7.714 7.704 7.648 7.592 7.568 7.541 7.512 7.482 7.451 7.418 7.370 7.304 7.215 7.129 7.063 7.000 6.945 6.896
5.420 5.441 5.459 5.475 5.495 5.518 5.548 5.585 5.628 5.679 5.734 5.794 5.858 5.925 5.993 6.062 6.131 6.199 6.263 6.322 6.377 6.427 6.474 6.522 6.574 6.628 6.667 6.703 6.747 6.800 6.863 6.943 7.035 7.126 7.190 7.214 7.287 7.405 7.492 7.556 7.598 7.628 7.644 7.643 7.624 7.563 7.533 7.570 7.611 7.648 7.677 7.701 7.718 7.725 7.716 7.661 7.606 7.580 7.550 7.516 7.479 7.441 7.398 7.340 7.271 7.179 7.089 7.021 6.960 6.908 6.863
5.449 5.470 5.484 5.497 5.510 5.526 5.548 5.578 5.616 5.662 5.714 5.772 5.835 5.902 5.971 6.041 6.112 6.182 6.248 6.310 6.367 6.421 6.475 6.532 6.592 6.651 6.697 6.737 6.783 6.832 6.890 6.964 7.047 7.124 7.179 7.201 7.271 7.387 7.476 7.539 7.580 7.610 7.625 7.627 7.611 7.551 7.523 7.565 7.610 7.650 7.682 7.710 7.729 7.738 7.729 7.674 7.619 7.590 7.556 7.516 7.471 7.424 7.370 7.307 7.235 7.139 7.047 6.981 6.923 6.875 6.836
5.479 5.499 5.513 5.522 5.530 5.540 5.555 5.578 5.609 5.650 5.699 5.755 5.817 5.883 5.952 6.024 6.096 6.167 6.237 6.302 6.363 6.423 6.484 6.548 6.614 6.679 6.734 6.782 6.830 6.876 6.929 6.992 7.062 7.128 7.177 7.196 7.263 7.378 7.466 7.526 7.567 7.594 7.609 7.613 7.601 7.543 7.519 7.566 7.614 7.656 7.692 7.722 7.742 7.751 7.741 7.687 7.630 7.597 7.558 7.511 7.458 7.400 7.338 7.271 7.195 7.097 7.005 6.943 6.890 6.847 6.814
5.508 5.529 5.543 5.551 5.556 5.560 5.569 5.586 5.611 5.647 5.691 5.744 5.804 5.869 5.939 6.011 6.084 6.158 6.231 6.300 6.368 6.434 6.501 6.571 6.642 6.714 6.777 6.831 6.882 6.929 6.974 7.025 7.084 7.142 7.188 7.204 7.265 7.377 7.461 7.521 7.557 7.581 7.597 7.603 7.595 7.542 7.521 7.572 7.623 7.668 7.705 7.736 7.757 7.765 7.753 7.698 7.639 7.601 7.555 7.500 7.438 7.371 7.303 7.231 7.153 7.055 6.965 6.907 6.860 6.824 6.797
5.535 5.558 5.573 5.581 5.584 5.586 5.591 5.602 5.622 5.652 5.692 5.741 5.798 5.862 5.931 6.004 6.078 6.154 6.230 6.306 6.380 6.452 6.524 6.599 6.674 6.751 6.820 6.880 6.936 6.982 7.020 7.063 7.114 7.168 7.213 7.223 7.277 7.383 7.466 7.521 7.552 7.574 7.588 7.598 7.596 7.547 7.529 7.583 7.638 7.684 7.721 7.752 7.772 7.778 7.765 7.707 7.644 7.601 7.548 7.484 7.413 7.339 7.264 7.188 7.111 7.014 6.927 6.875 6.835 6.805 6.784
5.560 5.585 5.602 5.611 5.615 5.617 5.620 5.627 5.643 5.668 5.703 5.747 5.800 5.860 5.928 6.001 6.077 6.155 6.235 6.317 6.395 6.473 6.551 6.629 6.707 6.786 6.859 6.927 6.987 7.032 7.069 7.108 7.155 7.210 7.253 7.256 7.299 7.402 7.479 7.524 7.551 7.570 7.583 7.599 7.603 7.557 7.543 7.602 7.656 7.702 7.739 7.768 7.787 7.791 7.774 7.713 7.646 7.596 7.534 7.462 7.383 7.301 7.222 7.145 7.068 6.973 6.893 6.848 6.814 6.791 6.776
5.581 5.609 5.628 5.641 5.647 5.650 5.653 5.660 5.672 5.693 5.723 5.761 5.809 5.865 5.931 6.004 6.081 6.160 6.245 6.330 6.415 6.499 6.580 6.659 6.736 6.817 6.894 6.968 7.034 7.084 7.124 7.164 7.212 7.268 7.309 7.303 7.335 7.428 7.493 7.532 7.553 7.568 7.584 7.604 7.614 7.573 7.562 7.621 7.674 7.718 7.753 7.781 7.797 7.798 7.777 7.713 7.641 7.583 7.513 7.433 7.346 7.259 7.177 7.101 7.025 6.935 6.860 6.822 6.796 6.779 6.769
5.599 5.629 5.652 5.667 5.677 5.683 5.689 5.697 5.709 5.726 5.751 5.784 5.826 5.878 5.940 6.012 6.089 6.169 6.256 6.344 6.433 6.521 6.605 6.686 6.764 6.846 6.927 7.009 7.084 7.142 7.188 7.234 7.281 7.335 7.376 7.360 7.378 7.456 7.512 7.543 7.560 7.575 7.591 7.612 7.629 7.591 7.582 7.640 7.691 7.733 7.765 7.791 7.805 7.802 7.777 7.709 7.631 7.565 7.487 7.400 7.306 7.216 7.132 7.057 6.985 6.899 6.831 6.801 6.782 6.772 6.767
5.614 5.646 5.672 5.691 5.706 5.717 5.726 5.737 5.750 5.766 5.787 5.815 5.851 5.897 5.954 6.024 6.100 6.180 6.269 6.360 6.453 6.546 6.633 6.715 6.795 6.877 6.962 7.053 7.138 7.205 7.260 7.311 7.360 7.416 7.462 7.433 7.430 7.493 7.537 7.560 7.572 7.586 7.601 7.627 7.653 7.617 7.606 7.662 7.711 7.748 7.778 7.802 7.813 7.806 7.774 7.700 7.616 7.543 7.458 7.363 7.264 7.172 7.089 7.016 6.949 6.870 6.809 6.786 6.774 6.769 6.769
5.625 5.660 5.689 5.713 5.732 5.748 5.763 5.778 5.793 5.810 5.829 5.853 5.883 5.923 5.977 6.044 6.117 6.198 6.288 6.381 6.478 6.573 6.663 6.748 6.829 6.913 7.003 7.104 7.198 7.275 7.343 7.401 7.454 7.528 7.566 7.511 7.489 7.534 7.564 7.579 7.589 7.601 7.616 7.655 7.685 7.645 7.632 7.684 7.728 7.762 7.788 7.808 7.816 7.801 7.762 7.684 7.595 7.515 7.422 7.322 7.221 7.129 7.048 6.980 6.918 6.845 6.791 6.775 6.769 6.770 6.776
5.634 5.671 5.704 5.732 5.757 5.779 5.800 5.820 5.839 5.857 5.877 5.898 5.925 5.961 6.011 6.075 6.144 6.223 6.313 6.408 6.506 6.602 6.697 6.787 6.875 6.960 7.053 7.165 7.270 7.360 7.440 7.511 7.582 7.647 7.657 7.588 7.549 7.575 7.592 7.602 7.610 7.624 7.649 7.689 7.711 7.670 7.656 7.702 7.741 7.771 7.793 7.808 7.809 7.788 7.745 7.663 7.568 7.481 7.383 7.280 7.178 7.087 7.011 6.947 6.891 6.825 6.778 6.768 6.769 6.776 6.786
5.643 5.682 5.718 5.751 5.782 5.810 5.837 5.862 5.886 5.908 5.930 5.951 5.977 6.010 6.056 6.115 6.181 6.256 6.345 6.440 6.537 6.637 6.739 6.839 6.932 7.015 7.113 7.238 7.355 7.457 7.548 7.634 7.706 7.750 7.741 7.662 7.608 7.616 7.624 7.629 7.637 7.657 7.685 7.718 7.734 7.692 7.674 7.714 7.749 7.774 7.791 7.800 7.794 7.769 7.724 7.637 7.536 7.444 7.343 7.237 7.136 7.048 6.976 6.918 6.870 6.810 6.769 6.766 6.774 6.786 6.801
5.653 5.694 5.733 5.771 5.807 5.841 5.874 5.905 5.934 5.961 5.987 6.011 6.037 6.069 6.111 6.166 6.227 6.299 6.385 6.478 6.576 6.681 6.792 6.900 6.997 7.081 7.185 7.322 7.447 7.559 7.661 7.749 7.813 7.842 7.820 7.733 7.667 7.660 7.658 7.659 7.670 7.690 7.716 7.743 7.753 7.709 7.688 7.722 7.750 7.771 7.783 7.785 7.774 7.746 7.697 7.605 7.499 7.404 7.300 7.195 7.096 7.012 6.946 6.895 6.853 6.800 6.765 6.770 6.783 6.800 6.821
5.664 5.707 5.750 5.792 5.834 5.874 5.913 5.950 5.984 6.017 6.047 6.075 6.103 6.135 6.176 6.228 6.285 6.352 6.435 6.527 6.627 6.737 6.854 6.969 7.073 7.157 7.265 7.410 7.543 7.663 7.766 7.850 7.907 7.924 7.893 7.802 7.726 7.704 7.694 7.694 7.703 7.721 7.744 7.764 7.768 7.723 7.698 7.724 7.745 7.761 7.767 7.765 7.750 7.718 7.664 7.568 7.458 7.360 7.257 7.154 7.059 6.980 6.920 6.876 6.842 6.796 6.767 6.778 6.796 6.819 6.843
5.677 5.722 5.768 5.815 5.862 5.908 5.952 5.995 6.035 6.073 6.109 6.141 6.173 6.206 6.247 6.298 6.353 6.416 6.496 6.588 6.688 6.801 6.924 7.047 7.157 7.239 7.348 7.500 7.638 7.759 7.860 7.940 7.989 7.999 7.963 7.868 7.783 7.751 7.734 7.729 7.734 7.749 7.766 7.780 7.779 7.731 7.702 7.720 7.735 7.744 7.746 7.739 7.720 7.684 7.627 7.527 7.414 7.316 7.213 7.114 7.025 6.953 6.899 6.862 6.836 6.796 6.773 6.789 6.813 6.839 6.866
5.693 5.739 5.788 5.839 5.891 5.942 5.992 6.040 6.086 6.129 6.170 6.208 6.244 6.280 6.323 6.376 6.429 6.490 6.568 6.658 6.759 6.874 7.003 7.133 7.246 7.324 7.433 7.591 7.729 7.847 7.944 8.018 8.063 8.067 8.026 7.929 7.839 7.798 7.772 7.762 7.763 7.772 7.784 7.792 7.785 7.735 7.700 7.711 7.719 7.722 7.719 7.707 7.685 7.646 7.584 7.481 7.367 7.270 7.170 7.077 6.994 6.928 6.882 6.853 6.835 6.801 6.783 6.805 6.832 6.861 6.889
5.710 5.758 5.810 5.864 5.920 5.977 6.032 6.086 6.137 6.185 6.232 6.275 6.315 6.356 6.403 6.459 6.513 6.573 6.651 6.740 6.840 6.958 7.091 7.224 7.338 7.411 7.518 7.675 7.808 7.922 8.014 8.083 8.123 8.123 8.078 7.981 7.887 7.837 7.805 7.790 7.784 7.787 7.795 7.797 7.785 7.731 7.691 7.693 7.695 7.693 7.685 7.670 7.644 7.601 7.535 7.430 7.317 7.221 7.127 7.041 6.965 6.907 6.868 6.847 6.836 6.808 6.795 6.821 6.850 6.881 6.910
5.730 5.779 5.832 5.890 5.950 6.011 6.072 6.130 6.186 6.240 6.291 6.339 6.385 6.432 6.484 6.544 6.602 6.663 6.741 6.829 6.929 7.047 7.178 7.310 7.425 7.493 7.594 7.745 7.874 7.984 8.072 8.138 8.175 8.172 8.127 8.028 7.931 7.876 7.837 7.816 7.803 7.801 7.803 7.799 7.782 7.724 7.678 7.672 7.667 7.660 7.647 7.628 7.599 7.553 7.484 7.378 7.265 7.173 7.086 7.008 6.941 6.890 6.859 6.845 6.841 6.818 6.810 6.838 6.869 6.900 6.929
5.751 5.800 5.855 5.915 5.978 6.044 6.109 6.173 6.235 6.293 6.349 6.403 6.454 6.505 6.562 6.629 6.692 6.756 6.835 6.923 7.023 7.140 7.269 7.403 7.522 7.580 7.669 7.815 7.941 8.046 8.130 8.193 8.227 8.222 8.174 8.074 7.975 7.915 7.870 7.841 7.823 7.814 7.809 7.799 7.775 7.712 7.661 7.648 7.637 7.623 7.606 7.584 7.553 7.504 7.431 7.324 7.215 7.129 7.050 6.980 6.921 6.879 6.854 6.847 6.851 6.833 6.827 6.858 6.889 6.920 6.949
5.774 5.823 5.878 5.940 6.006 6.075 6.145 6.214 6.281 6.344 6.405 6.462 6.518 6.573 6.637 6.712 6.781 6.850 6.932 7.023 7.125 7.241 7.370 7.513 7.624 7.663 7.742 7.883 8.002 8.103 8.183 8.242 8.274 8.264 8.212 8.113 8.014 7.949 7.898 7.862 7.837 7.821 7.810 7.793 7.763 7.695 7.638 7.619 7.600 7.582 7.561 7.536 7.503 7.450 7.374 7.270 7.166 7.086 7.015 6.954 6.906 6.872 6.854 6.856 6.867 6.850 6.847 6.878 6.909 6.939 6.967
5.800 5.847 5.902 5.964 6.033 6.105 6.178 6.252 6.324 6.391 6.456 6.517 6.577 6.641 6.715 6.796 6.873 6.949 7.037 7.132 7.236 7.356 7.491 7.623 7.714 7.741 7.811 7.943 8.058 8.155 8.230 8.285 8.311 8.296 8.247 8.149 8.047 7.978 7.921 7.879 7.846 7.823 7.804 7.780 7.744 7.673 7.611 7.584 7.560 7.538 7.513 7.484 7.447 7.391 7.318 7.217 7.118 7.046 6.984 6.934 6.895 6.870 6.862 6.870 6.882 6.867 6.866 6.896 6.927 6.956 6.982
5.829 5.873 5.927 5.989 6.058 6.133 6.209 6.286 6.363 6.435 6.504 6.570 6.638 6.712 6.793 6.881 6.966 7.052 7.147 7.247 7.354 7.477 7.606 7.719 7.796 7.815 7.874 7.999 8.110 8.202 8.272 8.321 8.341 8.326 8.278 8.179 8.073 8.001 7.938 7.888 7.848 7.817 7.791 7.761 7.720 7.644 7.577 7.544 7.516 7.489 7.460 7.429 7.388 7.332 7.263 7.166 7.072 7.010 6.959 6.919 6.889 6.875 6.874 6.885 6.896 6.884 6.883 6.912 6.942 6.970 6.993
5.861 5.902 5.954 6.015 6.083 6.159 6.237 6.318 6.400 6.477 6.551 6.625 6.702 6.784 6.872 6.967 7.060 7.158 7.259 7.362 7.473 7.591 7.708 7.808 7.875 7.886 7.936 8.054 8.159 8.245 8.310 8.353 8.368 8.353 8.304 8.203 8.094 8.017 7.947 7.890 7.842 7.803 7.771 7.735 7.689 7.609 7.538 7.501 7.468 7.437 7.405 7.370 7.328 7.275 7.209 7.117 7.031 6.979 6.939 6.908 6.889 6.882 6.887 6.899 6.910 6.899 6.898 6.926 6.955 6.980 7.001
5.898 5.936 5.984 6.042 6.109 6.185 6.265 6.349 6.434 6.518 6.600 6.683 6.768 6.857 6.953 7.054 7.156 7.262 7.369 7.477 7.584 7.691 7.797 7.888 7.952 7.958 7.998 8.108 8.205 8.286 8.344 8.381 8.394 8.376 8.324 8.220 8.108 8.024 7.947 7.882 7.827 7.782 7.744 7.703 7.652 7.570 7.495 7.454 7.417 7.384 7.348 7.311 7.270 7.219 7.158 7.073 6.996 6.954 6.923 6.903 6.892 6.892 6.900 6.912 6.923 6.912 6.911 6.938 6.963 6.987 7.003
5.940 5.974 6.018 6.072 6.137 6.212 6.293 6.378 6.469 6.561 6.652 6.743 6.836 6.933 7.034 7.138 7.246 7.359 7.473 7.580 7.679 7.778 7.875 7.964 8.028 8.029 8.060 8.161 8.252 8.324 8.376 8.408 8.416 8.394 8.340 8.231 8.113 8.022 7.937 7.864 7.802 7.752 7.709 7.664 7.610 7.525 7.448 7.404 7.365 7.328 7.291 7.254 7.213 7.166 7.113 7.035 6.966 6.934 6.913 6.901 6.897 6.901 6.912 6.924 6.935 6.924 6.922 6.946 6.969 6.989 7.003
5.987 6.017 6.056 6.106 6.168 6.242 6.322 6.409 6.505 6.605 6.703 6.802 6.905 7.008 7.111 7.217 7.328 7.449 7.565 7.667 7.762 7.854 7.947 8.037 8.104 8.102 8.125 8.219 8.300 8.362 8.406 8.432 8.435 8.408 8.347 8.232 8.108 8.008 7.914 7.835 7.768 7.713 7.667 7.620 7.563 7.477 7.398 7.352 7.310 7.273 7.235 7.198 7.159 7.118 7.071 7.001 6.941 6.919 6.906 6.901 6.903 6.910 6.922 6.935 6.944 6.933 6.930 6.951 6.971 6.988 7.000
6.038 6.065 6.100 6.146 6.204 6.276 6.355 6.443 6.544 6.649 6.755 6.864 6.972 7.078 7.182 7.287 7.400 7.524 7.641 7.743 7.834 7.922 8.015 8.109 8.181 8.177 8.193 8.277 8.345 8.396 8.430 8.450 8.447 8.413 8.344 8.222 8.089 7.980 7.878 7.794 7.722 7.665 7.617 7.568 7.510 7.423 7.344 7.296 7.254 7.217 7.179 7.143 7.109 7.074 7.034 6.971 6.920 6.906 6.900 6.902 6.907 6.917 6.930 6.942 6.950 6.938 6.933 6.951 6.968 6.983 6.991
6.092 6.118 6.151 6.193 6.247 6.316 6.392 6.480 6.582 6.690 6.803 6.918 7.031 7.138 7.243 7.346 7.459 7.586 7.706 7.810 7.901 7.990 8.081 8.176 8.255 8.252 8.261 8.332 8.387 8.426 8.450 8.462 8.452 8.411 8.333 8.202 8.059 7.940 7.832 7.742 7.668 7.611 7.563 7.513 7.454 7.368 7.288 7.241 7.200 7.163 7.127 7.094 7.064 7.033 7.001 6.946 6.902 6.896 6.897 6.903 6.911 6.923 6.936 6.947 6.954 6.941 6.935 6.950 6.964 6.975 6.981
6.148 6.174 6.205 6.243 6.293 6.360 6.433 6.517 6.619 6.730 6.848 6.969 7.085 7.196 7.301 7.399 7.510 7.642 7.766 7.873 7.966 8.055 8.145 8.246 8.338 8.334 8.332 8.390 8.430 8.455 8.468 8.471 8.453 8.402 8.311 8.169 8.016 7.888 7.775 7.682 7.608 7.553 7.506 7.457 7.398 7.312 7.234 7.188 7.149 7.113 7.079 7.050 7.024 7.000 6.976 6.928 6.891 6.891 6.897 6.906 6.917 6.930 6.943 6.953 6.958 6.943 6.935 6.947 6.958 6.966 6.969
6.203 6.230 6.260 6.296 6.345 6.410 6.479 6.560 6.660 6.772 6.894 7.017 7.137 7.250 7.353 7.446 7.556 7.692 7.820 7.931 8.031 8.122 8.214 8.335 8.431 8.414 8.401 8.444 8.469 8.479 8.480 8.472 8.445 8.380 8.274 8.122 7.959 7.824 7.708 7.615 7.544 7.491 7.446 7.398 7.339 7.256 7.181 7.137 7.099 7.066 7.036 7.011 6.990 6.974 6.958 6.914 6.884 6.889 6.898 6.910 6.923 6.936 6.949 6.957 6.959 6.943 6.933 6.941 6.949 6.953 6.953
