TsunamiDB/out54018.asc
ncols          264
nrows          230
xllcorner      497853.4375
yllcorner      4229146.0000
cellsize         5.
NODATA_value   -99
[rows 62 to 92 of 230, columns 140 to 209 of 264]
-99.000 -99.000 -99.000 -99.000 -99.000 -99.000 -99.000 -99.000 -99.000 -99.000 -99.000 -99.000 -99.000 -99.000 -99.000 -99.000 -99.000 -99.000 -99.000 -99.000 -99.000 -99.000 -99.000 -99.000 -99.000 -99.000 -99.000 -99.000 -99.000 1.644 1.655 1.727 1.898 2.154 2.460 2.784 3.094 3.370 3.602 3.791 3.942 4.062 4.161 4.244 4.316 4.379 4.437 4.491 4.542 4.590 4.636 4.682 4.726 4.769 4.812 4.855 4.897 4.940 4.983 5.027 5.072 5.117 5.162 5.207 5.251 5.295 5.336 5.376 5.411 5.443
-99.000 -99.000 -99.000 -99.000 -99.000 -99.000 -99.000 -99.000 -99.000 -99.000 -99.000 -99.000 -99.000 -99.000 -99.000 -99.000 -99.000 -99.000 -99.000 -99.000 -99.000 -99.000 -99.000 -99.000 -99.000 -99.000 -99.000 -99.000 1.644 1.646 1.673 1.784 1.993 2.275 2.593 2.915 3.214 3.474 3.690 3.863 4.001 4.113 4.205 4.283 4.351 4.412 4.467 4.519 4.568 4.614 4.659 4.702 4.745 4.786 4.827 4.869 4.909 4.950 4.992 5.035 5.078 5.122 5.167 5.212 5.256 5.300 5.342 5.383 5.420 5.453
-99.000 -99.000 -99.000 -99.000 -99.000 -99.000 -99.000 -99.000 -99.000 -99.000 -99.000 -99.000 -99.000 -99.000 -99.000 -99.000 -99.000 -99.000 -99.000 -99.000 -99.000 -99.000 -99.000 -99.000 -99.000 -99.000 -99.000 -99.000 1.644 1.651 1.706 1.858 2.101 2.401 2.726 3.043 3.329 3.572 3.770 3.929 4.057 4.161 4.247 4.321 4.386 4.445 4.499 4.549 4.596 4.641 4.684 4.725 4.765 4.805 4.844 4.884 4.922 4.961 5.002 5.043 5.085 5.128 5.171 5.216 5.260 5.304 5.346 5.387 5.426 5.461
-99.000 -99.000 -99.000 -99.000 -99.000 -99.000 -99.000 -99.000 -99.000 -99.000 -99.000 -99.000 -99.000 -99.000 -99.000 -99.000 -99.000 -99.000 -99.000 -99.000 -99.000 -99.000 -99.000 -99.000 -99.000 -99.000 -99.000 -99.000 1.645 1.663 1.756 1.948 2.220 2.534 2.860 3.167 3.437 3.663 3.845 3.991 4.109 4.207 4.289 4.360 4.422 4.479 4.532 4.580 4.626 4.669 4.710 4.750 4.788 4.826 4.863 4.900 4.937 4.974 5.012 5.052 5.092 5.134 5.176 5.219 5.263 5.306 5.349 5.390 5.429 5.466
-99.000 -99.000 -99.000 -99.000 -99.000 -99.000 -99.000 -99.000 -99.000 -99.000 -99.000 -99.000 -99.000 -99.000 -99.000 -99.000 -99.000 -99.000 -99.000 -99.000 -99.000 -99.000 -99.000 -99.000 -99.000 -99.000 -99.000 1.644 1.648 1.689 1.824 2.053 2.347 2.670 2.991 3.285 3.538 3.746 3.914 4.049 4.159 4.250 4.329 4.397 4.459 4.514 4.565 4.613 4.657 4.699 4.739 4.777 4.814 4.850 4.885 4.920 4.954 4.989 5.025 5.062 5.101 5.141 5.181 5.223 5.266 5.309 5.351 5.393 5.432 5.470
-99.000 -99.000 -99.000 -99.000 -99.000 -99.000 -99.000 -99.000 -99.000 -99.000 -99.000 -99.000 -99.000 -99.000 -99.000 -99.000 -99.000 -99.000 -99.000 -99.000 -99.000 -99.000 -99.000 -99.000 -99.000 -99.000 -99.000 1.644 1.657 1.733 1.909 2.170 2.480 2.806 3.118 3.396 3.630 3.822 3.976 4.101 4.204 4.292 4.367 4.434 4.495 4.550 4.600 4.647 4.691 4.732 4.770 4.807 4.842 4.876 4.909 4.942 4.974 5.006 5.040 5.075 5.112 5.150 5.189 5.229 5.270 5.312 5.354 5.396 5.436 5.474
-99.000 -99.000 -99.000 -99.000 -99.000 -99.000 -99.000 -99.000 -99.000 -99.000 -99.000 -99.000 -99.000 -99.000 -99.000 -99.000 -99.000 -99.000 -99.000 -99.000 -99.000 -99.000 -99.000 -99.000 -99.000 -99.000 1.644 1.646 1.677 1.795 2.011 2.296 2.618 2.940 3.239 3.499 3.715 3.891 4.033 4.149 4.247 4.330 4.404 4.470 4.530 4.584 4.635 4.682 4.725 4.766 4.804 4.840 4.873 4.906 4.937 4.968 4.997 5.027 5.059 5.092 5.126 5.161 5.198 5.237 5.277 5.318 5.359 5.401 5.441 5.480
-99.000 -99.000 -99.000 -99.000 -99.000 -99.000 -99.000 -99.000 -99.000 -99.000 -99.000 -99.000 -99.000 -99.000 -99.000 -99.000 -99.000 -99.000 -99.000 -99.000 -99.000 -99.000 -99.000 -99.000 -99.000 -99.000 1.644 1.652 1.715 1.876 2.126 2.431 2.756 3.070 3.353 3.595 3.793 3.953 4.084 4.193 4.285 4.366 4.438 4.503 4.563 4.618 4.669 4.716 4.760 4.801 4.839 4.874 4.907 4.938 4.968 4.997 5.025 5.052 5.081 5.111 5.143 5.176 5.211 5.248 5.287 5.326 5.367 5.408 5.449 5.489
-99.000 -99.000 -99.000 -99.000 -99.000 -99.000 -99.000 -99.000 -99.000 -99.000 -99.000 -99.000 -99.000 -99.000 -99.000 -99.000 -99.000 -99.000 -99.000 -99.000 -99.000 -99.000 -99.000 -99.000 -99.000 -99.000 1.645 1.669 1.772 1.974 2.252 2.570 2.893 3.195 3.460 3.683 3.863 4.010 4.131 4.232 4.320 4.399 4.469 4.535 4.595 4.650 4.702 4.750 4.795 4.836 4.875 4.910 4.943 4.973 5.002 5.030 5.055 5.081 5.108 5.135 5.164 5.195 5.227 5.262 5.299 5.338 5.377 5.418 5.459 5.500
-99.000 -99.000 -99.000 -99.000 -99.000 -99.000 -99.000 -99.000 -99.000 -99.000 -99.000 -99.000 -99.000 -99.000 -99.000 -99.000 -99.000 -99.000 -99.000 -99.000 -99.000 -99.000 -99.000 -99.000 -99.000 1.644 1.650 1.700 1.848 2.087 2.386 2.710 3.027 3.314 3.560 3.763 3.927 4.061 4.173 4.268 4.352 4.428 4.498 4.563 4.623 4.680 4.733 4.782 4.828 4.871 4.910 4.946 4.980 5.010 5.039 5.065 5.090 5.113 5.138 5.163 5.189 5.217 5.247 5.279 5.314 5.351 5.390 5.431 5.472 5.514
-99.000 -99.000 -99.000 -99.000 -99.000 -99.000 -99.000 -99.000 -99.000 -99.000 -99.000 -99.000 -99.000 -99.000 -99.000 -99.000 -99.000 -99.000 -99.000 -99.000 -99.000 -99.000 -99.000 -99.000 -99.000 1.645 1.662 1.752 1.942 2.212 2.526 2.851 3.156 3.425 3.652 3.836 3.985 4.107 4.211 4.300 4.381 4.454 4.523 4.588 4.649 4.707 4.761 4.812 4.859 4.904 4.944 4.982 5.017 5.048 5.077 5.103 5.127 5.149 5.172 5.194 5.217 5.242 5.270 5.299 5.332 5.367 5.405 5.445 5.486 5.529
-99.000 -99.000 -99.000 -99.000 -99.000 -99.000 -99.000 -99.000 -99.000 -99.000 -99.000 -99.000 -99.000 -99.000 -99.000 -99.000 -99.000 -99.000 -99.000 -99.000 -99.000 -99.000 -99.000 -99.000 1.644 1.648 1.689 1.823 2.052 2.346 2.669 2.988 3.279 3.529 3.736 3.902 4.038 4.150 4.245 4.330 4.407 4.478 4.546 4.610 4.671 4.730 4.785 4.838 4.887 4.934 4.977 5.016 5.052 5.085 5.115 5.142 5.166 5.188 5.209 5.229 5.250 5.272 5.296 5.323 5.352 5.385 5.421 5.460 5.502 5.545
-99.000 -99.000 -99.000 -99.000 -99.000 -99.000 -99.000 -99.000 -99.000 -99.000 -99.000 -99.000 -99.000 -99.000 -99.000 -99.000 -99.000 -99.000 -99.000 -99.000 -99.000 -99.000 -99.000 -99.000 1.644 1.657 1.735 1.913 2.175 2.486 2.811 3.121 3.395 3.625 3.812 3.963 4.086 4.189 4.278 4.357 4.431 4.500 4.566 4.630 4.691 4.750 4.806 4.860 4.912 4.960 5.005 5.047 5.086 5.121 5.153 5.182 5.206 5.228 5.249 5.268 5.286 5.305 5.326 5.349 5.375 5.405 5.439 5.477 5.517 5.561
-99.000 -99.000 -99.000 -99.000 -99.000 -99.000 -99.000 -99.000 -99.000 -99.000 -99.000 -99.000 -99.000 -99.000 -99.000 -99.000 -99.000 -99.000 -99.000 -99.000 -99.000 -99.000 -99.000 1.644 1.646 1.679 1.801 2.019 2.307 2.629 2.951 3.247 3.503 3.713 3.882 4.019 4.131 4.225 4.308 4.383 4.453 4.520 4.584 4.647 4.708 4.767 4.824 4.879 4.932 4.982 5.030 5.074 5.116 5.154 5.188 5.219 5.246 5.269 5.290 5.309 5.325 5.342 5.359 5.378 5.400 5.427 5.458 5.493 5.533 5.576
-99.000 -99.000 -99.000 -99.000 -99.000 -99.000 -99.000 -99.000 -99.000 -99.000 -99.000 -99.000 -99.000 -99.000 -99.000 -99.000 -99.000 -99.000 -99.000 -99.000 -99.000 -99.000 -99.000 1.644 1.653 1.719 1.885 2.139 2.446 2.772 3.086 3.367 3.603 3.794 3.947 4.070 4.172 4.259 4.337 4.408 4.475 4.539 4.601 4.662 4.722 4.781 4.838 4.894 4.948 5.000 5.050 5.097 5.141 5.182 5.220 5.254 5.283 5.310 5.332 5.351 5.367 5.381 5.395 5.411 5.429 5.451 5.479 5.511 5.548 5.590
-99.000 -99.000 -99.000 -99.000 -99.000 -99.000 -99.000 -99.000 -99.000 -99.000 -99.000 -99.000 -99.000 -99.000 -99.000 -99.000 -99.000 -99.000 -99.000 -99.000 -99.000 -99.000 -99.000 1.645 1.671 1.778 1.986 2.268 2.588 2.914 3.216 3.478 3.695 3.868 4.006 4.118 4.211 4.292 4.365 4.432 4.496 4.557 4.618 4.677 4.735 4.793 4.850 4.906 4.961 5.014 5.066 5.115 5.162 5.207 5.248 5.285 5.318 5.347 5.373 5.393 5.410 5.424 5.435 5.447 5.461 5.479 5.501 5.530 5.564 5.604
-99.000 -99.000 -99.000 -99.000 -99.000 -99.000 -99.000 -99.000 -99.000 -99.000 -99.000 -99.000 -99.000 -99.000 -99.000 -99.000 -99.000 -99.000 -99.000 -99.000 -99.000 -99.000 1.644 1.650 1.704 1.856 2.100 2.404 2.732 3.051 3.339 3.582 3.779 3.935 4.060 4.162 4.248 4.324 4.392 4.456 4.517 4.576 4.634 4.691 4.748 4.804 4.860 4.916 4.971 5.025 5.078 5.129 5.178 5.226 5.270 5.311 5.348 5.382 5.411 5.434 5.453 5.467 5.478 5.487 5.496 5.509 5.527 5.551 5.581 5.618
-99.000 -99.000 -99.000 -99.000 -99.000 -99.000 -99.000 -99.000 -99.000 -99.000 -99.000 -99.000 -99.000 -99.000 -99.000 -99.000 -99.000 -99.000 -99.000 -99.000 -99.000 -99.000 1.645 1.663 1.756 1.951 2.225 2.545 2.874 3.184 3.454 3.678 3.857 3.998 4.111 4.205 4.284 4.355 4.419 4.480 4.538 4.594 4.650 4.705 4.760 4.815 4.870 4.924 4.979 5.033 5.086 5.139 5.190 5.240 5.288 5.332 5.373 5.411 5.445 5.472 5.494 5.510 5.521 5.529 5.535 5.543 5.556 5.574 5.600 5.633
-99.000 -99.000 -99.000 -99.000 -99.000 -99.000 -99.000 -99.000 -99.000 -99.000 -99.000 -99.000 -99.000 -99.000 -99.000 -99.000 -99.000 -99.000 -99.000 -99.000 -99.000 1.644 1.648 1.690 1.826 2.059 2.358 2.687 3.014 3.310 3.561 3.766 3.928 4.055 4.159 4.245 4.319 4.385 4.446 4.504 4.559 4.613 4.667 4.720 4.772 4.825 4.878 4.932 4.985 5.039 5.093 5.146 5.199 5.250 5.301 5.348 5.393 5.436 5.473 5.506 5.531 5.551 5.564 5.571 5.576 5.581 5.589 5.602 5.622 5.651
-99.000 -99.000 -99.000 -99.000 -99.000 -99.000 -99.000 -99.000 -99.000 -99.000 -99.000 -99.000 -99.000 -99.000 -99.000 -99.000 -99.000 -99.000 -99.000 -99.000 -99.000 1.644 1.657 1.734 1.913 2.178 2.496 2.830 3.148 3.428 3.661 3.847 3.993 4.109 4.204 4.284 4.353 4.415 4.473 4.528 4.581 4.633 4.684 4.735 4.785 4.836 4.887 4.939 4.991 5.044 5.097 5.151 5.204 5.257 5.310 5.360 5.408 5.454 5.496 5.533 5.563 5.587 5.603 5.613 5.618 5.621 5.625 5.634 5.649 5.673
-99.000 -99.000 -99.000 -99.000 -99.000 -99.000 -99.000 -99.000 -99.000 -99.000 -99.000 -99.000 -99.000 -99.000 -99.000 -99.000 -99.000 -99.000 -99.000 -99.000 1.644 1.646 1.677 1.796 2.014 2.306 2.638 2.971 3.277 3.539 3.752 3.922 4.054 4.160 4.247 4.322 4.387 4.446 4.501 4.553 4.604 4.653 4.702 4.750 4.799 4.848 4.897 4.947 4.998 5.049 5.101 5.154 5.208 5.261 5.315 5.367 5.417 5.467 5.512 5.553 5.588 5.616 5.637 5.650 5.657 5.660 5.663 5.669 5.681 5.700
-99.000 -99.000 -99.000 -99.000 -99.000 -99.000 -99.000 -99.000 -99.000 -99.000 -99.000 -99.000 -99.000 -99.000 -99.000 -99.000 -99.000 -99.000 -99.000 -99.000 1.644 1.652 1.713 1.874 2.127 2.441 2.780 3.107 3.398 3.641 3.837 3.991 4.111 4.208 4.289 4.359 4.420 4.476 4.529 4.579 4.627 4.674 4.721 4.767 4.813 4.860 4.907 4.955 5.004 5.054 5.105 5.157 5.210 5.263 5.317 5.370 5.422 5.473 5.522 5.566 5.605 5.637 5.663 5.680 5.691 5.697 5.701 5.707 5.716 5.732
-99.000 -99.000 -99.000 -99.000 -99.000 -99.000 -99.000 -99.000 -99.000 -99.000 -99.000 -99.000 -99.000 -99.000 -99.000 -99.000 -99.000 -99.000 -99.000 -99.000 1.645 1.666 1.766 1.968 2.250 2.581 2.921 3.238 3.511 3.736 3.914 4.054 4.165 4.254 4.330 4.396 4.454 4.508 4.558 4.606 4.652 4.697 4.741 4.785 4.829 4.874 4.919 4.964 5.011 5.059 5.108 5.159 5.211 5.263 5.317 5.370 5.422 5.474 5.524 5.571 5.613 5.650 5.679 5.702 5.718 5.729 5.737 5.744 5.754 5.768
-99.000 -99.000 -99.000 -99.000 -99.000 -99.000 -99.000 -99.000 -99.000 -99.000 -99.000 -99.000 -99.000 -99.000 -99.000 -99.000 -99.000 -99.000 -99.000 1.644 1.648 1.695 1.837 2.075 2.382 2.723 3.059 3.361 3.616 3.823 3.985 4.114 4.215 4.299 4.370 4.432 4.488 4.540 4.588 4.634 4.678 4.721 4.763 4.805 4.847 4.889 4.932 4.975 5.020 5.065 5.113 5.161 5.211 5.263 5.315 5.367 5.419 5.471 5.522 5.570 5.614 5.653 5.687 5.714 5.736 5.752 5.766 5.778 5.790 5.805
-99.000 -99.000 -99.000 -99.000 -99.000 -99.000 -99.000 -99.000 -99.000 -99.000 -99.000 -99.000 -99.000 -99.000 -99.000 -99.000 -99.000 -99.000 -99.000 1.644 1.658 1.739 1.923 2.192 2.519 2.865 3.191 3.477 3.713 3.902 4.051 4.168 4.263 4.341 4.409 4.468 4.522 4.572 4.619 4.663 4.706 4.747 4.787 4.827 4.867 4.907 4.947 4.988 5.030 5.074 5.118 5.165 5.213 5.262 5.312 5.363 5.413 5.465 5.515 5.563 5.608 5.649 5.686 5.718 5.745 5.767 5.787 5.805 5.822 5.839
-99.000 -99.000 -99.000 -99.000 -99.000 -99.000 -99.000 -99.000 -99.000 -99.000 -99.000 -99.000 -99.000 -99.000 -99.000 -99.000 -99.000 -99.000 1.644 1.646 1.679 1.802 2.023 2.320 2.660 3.003 3.317 3.584 3.802 3.974 4.111 4.219 4.307 4.382 4.447 4.504 4.557 4.605 4.651 4.693 4.735 4.774 4.813 4.851 4.889 4.926 4.964 5.003 5.043 5.084 5.126 5.170 5.216 5.263 5.311 5.359 5.408 5.457 5.506 5.553 5.598 5.640 5.679 5.714 5.746 5.775 5.801 5.825 5.848 5.869
-99.000 -99.000 -99.000 -99.000 -99.000 -99.000 -99.000 -99.000 -99.000 -99.000 -99.000 -99.000 -99.000 -99.000 -99.000 -99.000 -99.000 -99.000 1.644 1.653 1.716 1.880 2.135 2.454 2.802 3.138 3.435 3.683 3.883 4.040 4.166 4.267 4.350 4.421 4.484 4.540 4.591 4.639 4.683 4.725 4.765 4.803 4.841 4.877 4.913 4.949 4.985 5.021 5.059 5.097 5.137 5.178 5.221 5.265 5.311 5.357 5.403 5.450 5.497 5.543 5.588 5.630 5.670 5.708 5.743 5.777 5.809 5.839 5.867 5.893
-99.000 -99.000 -99.000 -99.000 -99.000 -99.000 -99.000 -99.000 -99.000 -99.000 -99.000 -99.000 -99.000 -99.000 -99.000 -99.000 -99.000 -99.000 1.645 1.668 1.770 1.974 2.258 2.595 2.943 3.266 3.545 3.774 3.956 4.101 4.216 4.311 4.390 4.458 4.519 4.575 4.625 4.672 4.716 4.757 4.796 4.834 4.870 4.905 4.939 4.974 5.008 5.042 5.077 5.113 5.151 5.189 5.230 5.271 5.314 5.358 5.401 5.447 5.491 5.536 5.579 5.621 5.662 5.702 5.740 5.778 5.815 5.850 5.884 5.915
-99.000 -99.000 -99.000 -99.000 -99.000 -99.000 -99.000 -99.000 -99.000 -99.000 -99.000 -99.000 -99.000 -99.000 -99.000 -99.000 -99.000 1.644 1.649 1.696 1.840 2.080 2.389 2.737 3.079 3.387 3.646 3.856 4.023 4.156 4.263 4.352 4.427 4.494 4.554 4.608 4.659 4.705 4.749 4.790 4.829 4.866 4.901 4.935 4.968 5.001 5.033 5.066 5.099 5.133 5.168 5.204 5.242 5.281 5.321 5.362 5.403 5.446 5.489 5.532 5.574 5.616 5.658 5.699 5.740 5.781 5.822 5.861 5.900 5.935
-99.000 -99.000 -99.000 -99.000 -99.000 -99.000 -99.000 -99.000 -99.000 -99.000 -99.000 -99.000 -99.000 -99.000 -99.000 -99.000 -99.000 1.644 1.659 1.741 1.927 2.197 2.527 2.879 3.210 3.500 3.740 3.932 4.084 4.206 4.306 4.391 4.463 4.527 4.587 4.641 4.691 4.738 4.781 4.823 4.861 4.898 4.933 4.966 4.999 5.031 5.062 5.093 5.124 5.156 5.188 5.222 5.257 5.294 5.332 5.370 5.409 5.450 5.491 5.533 5.575 5.616 5.659 5.701 5.745 5.788 5.832 5.876 5.918 5.958
-99.000 -99.000 -99.000 -99.000 -99.000 -99.000 -99.000 -99.000 -99.000 -99.000 -99.000 -99.000 -99.000 -99.000 -99.000 -99.000 1.644 1.646 1.680 1.804 2.027 2.325 2.670 3.018 3.335 3.605 3.825 4.000 4.140 4.252 4.346 4.426 4.496 4.559 4.618 4.672 4.722 4.769 4.813 4.854 4.894 4.930 4.966 4.999 5.031 5.062 5.092 5.122 5.152 5.182 5.212 5.244 5.276 5.310 5.345 5.381 5.418 5.457 5.497 5.538 5.579 5.621 5.664 5.708 5.753 5.800 5.846 5.893 5.939 5.983
