TsunamiDB/out54145.asc
ncols          264
nrows          230
xllcorner      497853.4375
yllcorner      4229146.0000
cellsize         5.
NODATA_value   -99
[rows 68 to 101 of 230, columns 154 to 230 of 264]
6.569 6.572 6.575 6.578 6.581 6.584 6.587 6.591 6.594 6.598 6.602 6.606 6.611 6.616 6.621 6.626 6.632 6.637 6.644 6.650 6.657 6.663 6.669 6.676 6.682 6.689 6.695 6.702 6.708 6.715 6.721 6.728 6.734 6.741 6.747 6.753 6.759 6.765 6.771 6.777 6.783 6.789 6.795 6.800 6.805 6.810 6.815 6.820 6.825 6.830 6.834 6.839 6.843 6.848 6.853 6.858 6.863 6.868 6.873 6.879 6.885 6.891 6.898 6.905 6.913 6.921 6.929 6.938 6.947 6.955 6.960 6.961 6.961 6.965 6.972 6.979 6.994
6.572 6.575 6.578 6.581 6.584 6.587 6.590 6.594 6.597 6.601 6.605 6.609 6.613 6.618 6.623 6.628 6.634 6.639 6.646 6.652 6.658 6.665 6.671 6.677 6.684 6.690 6.697 6.703 6.710 6.716 6.723 6.729 6.736 6.742 6.749 6.755 6.761 6.767 6.773 6.779 6.785 6.791 6.797 6.803 6.808 6.813 6.818 6.823 6.828 6.833 6.838 6.843 6.848 6.853 6.858 6.863 6.868 6.874 6.879 6.886 6.892 6.899 6.906 6.913 6.922 6.931 6.939 6.949 6.959 6.967 6.973 6.974 6.974 6.979 6.986 6.994 7.010
6.575 6.578 6.581 6.584 6.587 6.590 6.593 6.597 6.600 6.604 6.607 6.612 6.616 6.620 6.625 6.630 6.636 6.641 6.648 6.654 6.660 6.666 6.673 6.679 6.685 6.692 6.698 6.705 6.712 6.718 6.725 6.731 6.738 6.744 6.750 6.757 6.763 6.769 6.775 6.781 6.788 6.794 6.800 6.806 6.811 6.816 6.822 6.827 6.832 6.837 6.842 6.847 6.852 6.857 6.863 6.868 6.874 6.880 6.886 6.892 6.899 6.906 6.914 6.922 6.931 6.940 6.950 6.960 6.970 6.979 6.986 6.988 6.989 6.994 7.001 7.010 7.026
6.579 6.582 6.585 6.587 6.590 6.593 6.596 6.600 6.603 6.606 6.610 6.614 6.618 6.623 6.627 6.633 6.638 6.644 6.650 6.656 6.662 6.668 6.674 6.681 6.687 6.694 6.700 6.707 6.713 6.720 6.726 6.733 6.739 6.746 6.752 6.759 6.765 6.771 6.777 6.784 6.790 6.796 6.803 6.808 6.814 6.819 6.825 6.830 6.836 6.841 6.846 6.852 6.857 6.862 6.868 6.874 6.880 6.886 6.893 6.899 6.907 6.914 6.922 6.931 6.941 6.950 6.960 6.971 6.982 6.992 6.999 7.002 7.003 7.009 7.017 7.026 7.042
6.582 6.585 6.588 6.591 6.594 6.597 6.600 6.603 6.606 6.609 6.613 6.617 6.621 6.625 6.630 6.635 6.640 6.646 6.652 6.658 6.664 6.670 6.676 6.682 6.689 6.695 6.702 6.708 6.715 6.721 6.728 6.735 6.741 6.748 6.754 6.760 6.767 6.773 6.780 6.786 6.792 6.799 6.805 6.811 6.817 6.823 6.828 6.834 6.839 6.845 6.851 6.856 6.862 6.868 6.873 6.880 6.886 6.893 6.899 6.907 6.914 6.922 6.931 6.940 6.950 6.960 6.971 6.982 6.994 7.004 7.012 7.015 7.016 7.023 7.032 7.041 7.059
6.585 6.588 6.591 6.594 6.597 6.600 6.603 6.606 6.609 6.612 6.616 6.620 6.624 6.628 6.632 6.637 6.642 6.648 6.654 6.660 6.666 6.672 6.678 6.684 6.691 6.697 6.704 6.710 6.717 6.723 6.730 6.736 6.743 6.749 6.756 6.762 6.769 6.775 6.782 6.788 6.795 6.801 6.808 6.814 6.820 6.826 6.832 6.837 6.843 6.849 6.855 6.861 6.867 6.873 6.879 6.886 6.892 6.899 6.907 6.914 6.922 6.931 6.940 6.950 6.960 6.971 6.982 6.993 7.005 7.017 7.024 7.028 7.030 7.037 7.047 7.057 7.075
6.589 6.592 6.595 6.597 6.600 6.603 6.606 6.609 6.612 6.615 6.619 6.623 6.626 6.631 6.635 6.640 6.645 6.650 6.656 6.662 6.668 6.674 6.680 6.686 6.693 6.699 6.705 6.712 6.718 6.725 6.732 6.738 6.745 6.751 6.758 6.764 6.771 6.777 6.784 6.790 6.797 6.804 6.811 6.817 6.823 6.829 6.835 6.841 6.847 6.853 6.860 6.866 6.872 6.878 6.885 6.892 6.899 6.906 6.914 6.922 6.930 6.939 6.949 6.959 6.970 6.981 6.992 7.004 7.017 7.029 7.037 7.041 7.044 7.052 7.062 7.072 7.090
6.592 6.595 6.598 6.601 6.604 6.606 6.609 6.612 6.615 6.618 6.622 6.625 6.629 6.633 6.638 6.642 6.647 6.653 6.659 6.664 6.670 6.676 6.682 6.688 6.694 6.701 6.707 6.714 6.720 6.727 6.734 6.740 6.747 6.753 6.760 6.767 6.773 6.780 6.786 6.793 6.800 6.807 6.813 6.820 6.826 6.832 6.839 6.845 6.851 6.858 6.864 6.871 6.877 6.884 6.891 6.898 6.906 6.913 6.921 6.930 6.939 6.948 6.958 6.968 6.979 6.991 7.003 7.015 7.028 7.040 7.049 7.054 7.057 7.065 7.076 7.086 7.105
6.596 6.599 6.601 6.604 6.607 6.610 6.613 6.615 6.618 6.622 6.625 6.628 6.632 6.636 6.640 6.645 6.650 6.655 6.661 6.667 6.672 6.678 6.684 6.690 6.696 6.703 6.709 6.716 6.722 6.729 6.735 6.742 6.749 6.755 6.762 6.769 6.775 6.782 6.789 6.795 6.802 6.810 6.816 6.823 6.829 6.836 6.842 6.849 6.856 6.862 6.869 6.876 6.883 6.890 6.897 6.905 6.913 6.921 6.929 6.938 6.947 6.956 6.967 6.978 6.989 7.001 7.013 7.026 7.040 7.052 7.061 7.065 7.068 7.078 7.089 7.100 7.118
6.599 6.602 6.605 6.608 6.610 6.613 6.616 6.619 6.622 6.625 6.628 6.631 6.635 6.639 6.643 6.648 6.652 6.658 6.663 6.669 6.675 6.680 6.686 6.692 6.698 6.705 6.711 6.718 6.724 6.731 6.737 6.744 6.751 6.757 6.764 6.771 6.778 6.784 6.791 6.798 6.805 6.812 6.819 6.826 6.833 6.839 6.846 6.853 6.860 6.867 6.874 6.881 6.888 6.896 6.903 6.911 6.920 6.928 6.937 6.946 6.955 6.965 6.975 6.987 6.998 7.011 7.023 7.037 7.050 7.063 7.071 7.076 7.080 7.090 7.102 7.114 7.133
6.603 6.606 6.608 6.611 6.614 6.617 6.619 6.622 6.625 6.628 6.631 6.635 6.638 6.642 6.646 6.650 6.655 6.660 6.666 6.671 6.677 6.682 6.688 6.694 6.700 6.707 6.713 6.720 6.726 6.733 6.739 6.746 6.753 6.760 6.766 6.773 6.780 6.787 6.794 6.801 6.808 6.815 6.822 6.829 6.836 6.843 6.850 6.857 6.864 6.871 6.879 6.886 6.894 6.902 6.910 6.918 6.927 6.935 6.944 6.954 6.964 6.974 6.984 6.996 7.008 7.020 7.033 7.047 7.060 7.072 7.081 7.086 7.091 7.103 7.115 7.128 7.148
6.607 6.609 6.612 6.615 6.617 6.620 6.623 6.625 6.628 6.631 6.634 6.638 6.641 6.645 6.649 6.653 6.658 6.663 6.668 6.674 6.679 6.685 6.690 6.696 6.702 6.709 6.715 6.722 6.728 6.735 6.741 6.748 6.755 6.762 6.769 6.775 6.782 6.789 6.796 6.803 6.811 6.818 6.825 6.832 6.840 6.847 6.854 6.861 6.869 6.876 6.884 6.892 6.900 6.908 6.916 6.925 6.934 6.943 6.952 6.962 6.972 6.982 6.993 7.005 7.017 7.029 7.042 7.056 7.069 7.081 7.090 7.096 7.103 7.115 7.129 7.144 7.166
6.610 6.613 6.616 6.618 6.621 6.623 6.626 6.629 6.632 6.635 6.638 6.641 6.644 6.648 6.652 6.656 6.660 6.665 6.671 6.676 6.682 6.687 6.693 6.699 6.705 6.711 6.717 6.724 6.730 6.737 6.744 6.750 6.757 6.764 6.771 6.778 6.785 6.792 6.799 6.806 6.814 6.821 6.829 6.836 6.843 6.850 6.858 6.865 6.873 6.881 6.889 6.897 6.905 6.914 6.922 6.931 6.941 6.950 6.960 6.970 6.980 6.991 7.002 7.013 7.025 7.038 7.051 7.064 7.077 7.089 7.099 7.106 7.114 7.129 7.144 7.161 7.185
6.614 6.616 6.619 6.622 6.624 6.627 6.630 6.632 6.635 6.638 6.641 6.644 6.647 6.651 6.655 6.659 6.663 6.668 6.674 6.679 6.684 6.689 6.695 6.701 6.707 6.713 6.719 6.726 6.732 6.739 6.746 6.753 6.760 6.766 6.773 6.780 6.787 6.795 6.802 6.809 6.817 6.825 6.832 6.839 6.847 6.854 6.862 6.870 6.878 6.886 6.894 6.902 6.911 6.920 6.929 6.938 6.948 6.957 6.968 6.978 6.988 6.999 7.010 7.022 7.034 7.046 7.059 7.072 7.085 7.097 7.108 7.117 7.127 7.142 7.160 7.179 7.205
6.617 6.620 6.623 6.625 6.628 6.630 6.633 6.636 6.639 6.641 6.644 6.647 6.651 6.654 6.658 6.662 6.666 6.671 6.676 6.681 6.686 6.692 6.697 6.703 6.709 6.715 6.722 6.728 6.735 6.741 6.748 6.755 6.762 6.769 6.776 6.783 6.790 6.797 6.805 6.812 6.820 6.828 6.835 6.843 6.851 6.858 6.866 6.874 6.882 6.891 6.899 6.908 6.917 6.926 6.935 6.945 6.954 6.965 6.975 6.986 6.997 7.007 7.018 7.029 7.041 7.053 7.065 7.078 7.092 7.105 7.117 7.127 7.139 7.156 7.176 7.197 7.226
6.621 6.623 6.626 6.629 6.631 6.634 6.637 6.639 6.642 6.645 6.648 6.651 6.654 6.657 6.661 6.665 6.669 6.674 6.679 6.684 6.689 6.694 6.700 6.706 6.712 6.718 6.724 6.730 6.737 6.744 6.751 6.757 6.764 6.772 6.779 6.786 6.793 6.800 6.808 6.816 6.824 6.831 6.839 6.847 6.855 6.863 6.871 6.879 6.887 6.896 6.904 6.913 6.922 6.932 6.941 6.951 6.961 6.972 6.983 6.994 7.004 7.015 7.026 7.037 7.048 7.060 7.072 7.085 7.098 7.112 7.125 7.137 7.151 7.170 7.191 7.215 7.246
6.624 6.627 6.630 6.632 6.635 6.638 6.640 6.643 6.646 6.648 6.651 6.654 6.657 6.661 6.664 6.668 6.672 6.677 6.682 6.687 6.692 6.697 6.702 6.708 6.714 6.720 6.726 6.733 6.739 6.746 6.753 6.760 6.767 6.774 6.781 6.789 6.796 6.804 6.811 6.819 6.827 6.835 6.843 6.851 6.859 6.867 6.875 6.883 6.892 6.901 6.910 6.919 6.928 6.938 6.947 6.958 6.968 6.979 6.990 7.001 7.012 7.023 7.033 7.044 7.055 7.066 7.078 7.090 7.104 7.119 7.133 7.147 7.162 7.183 7.206 7.232 7.265
6.628 6.630 6.633 6.636 6.638 6.641 6.644 6.646 6.649 6.652 6.655 6.658 6.661 6.664 6.667 6.671 6.675 6.680 6.685 6.690 6.695 6.700 6.705 6.711 6.717 6.723 6.729 6.735 6.742 6.749 6.756 6.763 6.770 6.777 6.784 6.792 6.799 6.807 6.815 6.822 6.831 6.839 6.847 6.855 6.863 6.871 6.880 6.888 6.897 6.906 6.915 6.924 6.934 6.944 6.954 6.964 6.975 6.986 6.997 7.008 7.019 7.030 7.039 7.050 7.061 7.071 7.083 7.095 7.110 7.125 7.141 7.157 7.174 7.196 7.220 7.248 7.283
6.631 6.634 6.637 6.639 6.642 6.645 6.647 6.650 6.653 6.655 6.658 6.661 6.664 6.667 6.671 6.675 6.679 6.683 6.688 6.693 6.698 6.703 6.708 6.714 6.719 6.725 6.732 6.738 6.745 6.752 6.759 6.766 6.773 6.780 6.788 6.795 6.803 6.810 6.818 6.826 6.835 6.843 6.851 6.859 6.867 6.876 6.884 6.893 6.902 6.911 6.920 6.930 6.939 6.949 6.960 6.970 6.981 6.992 7.004 7.015 7.026 7.036 7.045 7.056 7.066 7.076 7.088 7.100 7.116 7.132 7.149 7.166 7.184 7.208 7.233 7.264 7.301
6.635 6.638 6.640 6.643 6.646 6.648 6.651 6.654 6.656 6.659 6.662 6.665 6.668 6.671 6.674 6.678 6.682 6.687 6.691 6.696 6.701 6.706 6.711 6.716 6.722 6.728 6.735 6.741 6.748 6.755 6.762 6.769 6.776 6.783 6.791 6.799 6.806 6.814 6.822 6.830 6.839 6.847 6.855 6.864 6.872 6.881 6.889 6.898 6.907 6.916 6.926 6.935 6.945 6.955 6.966 6.977 6.988 6.999 7.011 7.022 7.033 7.042 7.051 7.061 7.072 7.082 7.093 7.106 7.122 7.139 7.156 7.174 7.195 7.220 7.247 7.280 7.319
6.638 6.641 6.644 6.647 6.649 6.652 6.655 6.657 6.660 6.663 6.665 6.668 6.671 6.674 6.678 6.681 6.686 6.690 6.695 6.699 6.704 6.709 6.714 6.720 6.725 6.731 6.738 6.744 6.751 6.758 6.765 6.772 6.779 6.787 6.794 6.802 6.810 6.818 6.826 6.834 6.843 6.852 6.860 6.868 6.877 6.886 6.894 6.903 6.912 6.922 6.931 6.941 6.951 6.961 6.972 6.983 6.994 7.006 7.017 7.029 7.039 7.049 7.057 7.067 7.077 7.087 7.099 7.112 7.127 7.144 7.162 7.183 7.207 7.234 7.262 7.298 7.340
6.642 6.645 6.648 6.650 6.653 6.656 6.658 6.661 6.664 6.666 6.669 6.672 6.675 6.678 6.681 6.685 6.689 6.694 6.698 6.703 6.707 6.712 6.717 6.723 6.729 6.735 6.741 6.747 6.754 6.761 6.768 6.775 6.783 6.790 6.798 6.806 6.814 6.822 6.830 6.839 6.847 6.856 6.865 6.873 6.882 6.891 6.900 6.909 6.918 6.927 6.937 6.947 6.957 6.967 6.978 6.989 7.001 7.012 7.024 7.035 7.046 7.055 7.063 7.073 7.083 7.093 7.104 7.118 7.133 7.149 7.169 7.192 7.220 7.248 7.278 7.318 7.363
6.646 6.648 6.651 6.654 6.657 6.659 6.662 6.665 6.667 6.670 6.673 6.676 6.679 6.682 6.685 6.689 6.693 6.697 6.702 6.706 6.711 6.716 6.721 6.726 6.732 6.738 6.744 6.751 6.758 6.765 6.772 6.779 6.787 6.794 6.802 6.810 6.818 6.826 6.835 6.843 6.852 6.861 6.869 6.878 6.887 6.896 6.905 6.914 6.923 6.933 6.943 6.953 6.963 6.973 6.984 6.995 7.007 7.019 7.030 7.042 7.052 7.061 7.070 7.079 7.089 7.098 7.110 7.123 7.138 7.155 7.176 7.202 7.233 7.263 7.296 7.340 7.388
6.649 6.652 6.655 6.658 6.660 6.663 6.666 6.668 6.671 6.674 6.677 6.680 6.683 6.686 6.689 6.693 6.697 6.701 6.706 6.710 6.715 6.719 6.725 6.730 6.736 6.742 6.748 6.754 6.761 6.768 6.775 6.783 6.790 6.798 6.806 6.814 6.822 6.831 6.839 6.848 6.857 6.866 6.875 6.883 6.892 6.901 6.910 6.920 6.929 6.939 6.949 6.959 6.969 6.979 6.990 7.002 7.013 7.025 7.037 7.049 7.059 7.068 7.076 7.085 7.095 7.104 7.115 7.128 7.143 7.160 7.184 7.213 7.249 7.280 7.315 7.363 7.415
6.653 6.656 6.659 6.662 6.664 6.667 6.670 6.672 6.675 6.678 6.681 6.684 6.687 6.690 6.693 6.697 6.701 6.705 6.710 6.714 6.718 6.723 6.728 6.734 6.740 6.746 6.752 6.758 6.765 6.772 6.779 6.787 6.795 6.802 6.810 6.819 6.827 6.835 6.844 6.853 6.862 6.871 6.880 6.889 6.898 6.907 6.916 6.925 6.935 6.945 6.954 6.965 6.975 6.986 6.997 7.008 7.019 7.031 7.043 7.055 7.066 7.074 7.082 7.091 7.100 7.109 7.120 7.133 7.148 7.166 7.192 7.226 7.265 7.299 7.336 7.388 7.444
6.657 6.660 6.663 6.666 6.668 6.671 6.674 6.676 6.679 6.682 6.685 6.688 6.691 6.694 6.697 6.701 6.705 6.709 6.714 6.718 6.723 6.727 6.732 6.738 6.744 6.750 6.756 6.762 6.769 6.776 6.784 6.791 6.799 6.807 6.815 6.823 6.832 6.840 6.849 6.858 6.867 6.876 6.885 6.894 6.903 6.912 6.922 6.931 6.941 6.951 6.960 6.971 6.981 6.992 7.003 7.014 7.026 7.038 7.050 7.062 7.072 7.080 7.088 7.097 7.106 7.114 7.124 7.138 7.153 7.174 7.203 7.240 7.283 7.319 7.359 7.414 7.471
6.661 6.664 6.667 6.670 6.672 6.675 6.678 6.681 6.683 6.686 6.689 6.692 6.695 6.698 6.701 6.705 6.709 6.713 6.718 6.722 6.727 6.732 6.737 6.742 6.748 6.754 6.760 6.767 6.774 6.781 6.788 6.796 6.804 6.811 6.820 6.828 6.836 6.845 6.854 6.863 6.873 6.882 6.891 6.900 6.909 6.918 6.928 6.937 6.947 6.957 6.967 6.977 6.987 6.998 7.009 7.020 7.032 7.044 7.056 7.068 7.079 7.087 7.094 7.102 7.111 7.119 7.129 7.143 7.159 7.181 7.213 7.253 7.301 7.339 7.381 7.438 7.497
6.666 6.668 6.671 6.674 6.677 6.679 6.682 6.685 6.688 6.691 6.693 6.696 6.699 6.703 6.706 6.710 6.714 6.718 6.722 6.727 6.731 6.736 6.741 6.747 6.752 6.758 6.765 6.771 6.778 6.785 6.793 6.800 6.808 6.816 6.825 6.833 6.841 6.850 6.859 6.869 6.878 6.887 6.896 6.905 6.915 6.924 6.934 6.943 6.953 6.963 6.973 6.983 6.993 7.004 7.015 7.026 7.038 7.050 7.063 7.075 7.085 7.093 7.099 7.107 7.115 7.123 7.134 7.147 7.165 7.190 7.224 7.268 7.321 7.362 7.404 7.464 7.524
6.670 6.673 6.676 6.679 6.681 6.684 6.687 6.690 6.692 6.695 6.698 6.701 6.704 6.707 6.711 6.714 6.718 6.723 6.727 6.731 6.736 6.741 6.746 6.751 6.757 6.763 6.769 6.776 6.783 6.790 6.798 6.805 6.813 6.821 6.830 6.838 6.847 6.856 6.865 6.874 6.884 6.893 6.902 6.911 6.921 6.930 6.940 6.949 6.959 6.969 6.979 6.989 6.999 7.010 7.021 7.032 7.044 7.056 7.069 7.081 7.091 7.097 7.103 7.111 7.120 7.127 7.138 7.153 7.173 7.200 7.237 7.288 7.345 7.385 7.428 7.490 7.551
6.675 6.678 6.681 6.684 6.686 6.689 6.692 6.694 6.697 6.700 6.703 6.706 6.709 6.712 6.716 6.719 6.723 6.728 6.732 6.736 6.741 6.746 6.751 6.756 6.762 6.768 6.774 6.781 6.788 6.795 6.803 6.810 6.818 6.826 6.835 6.843 6.852 6.861 6.870 6.880 6.889 6.898 6.908 6.917 6.926 6.936 6.946 6.955 6.965 6.975 6.985 6.995 7.005 7.015 7.026 7.038 7.050 7.062 7.075 7.086 7.095 7.101 7.107 7.116 7.125 7.133 7.144 7.161 7.183 7.214 7.257 7.312 7.369 7.409 7.453 7.515 7.577
6.681 6.683 6.686 6.689 6.692 6.694 6.697 6.700 6.702 6.705 6.708 6.711 6.714 6.717 6.721 6.724 6.728 6.733 6.737 6.741 6.746 6.751 6.756 6.761 6.767 6.773 6.779 6.786 6.793 6.800 6.808 6.815 6.823 6.832 6.840 6.849 6.858 6.866 6.876 6.885 6.895 6.904 6.914 6.923 6.932 6.942 6.952 6.961 6.971 6.981 6.991 7.000 7.011 7.021 7.032 7.044 7.056 7.068 7.080 7.091 7.099 7.106 7.112 7.121 7.131 7.139 7.153 7.171 7.196 7.232 7.279 7.334 7.392 7.432 7.476 7.539 7.602
6.687 6.689 6.692 6.695 6.697 6.700 6.703 6.705 6.708 6.711 6.714 6.717 6.720 6.723 6.726 6.730 6.734 6.739 6.743 6.747 6.751 6.756 6.761 6.766 6.772 6.778 6.785 6.791 6.798 6.805 6.813 6.821 6.829 6.837 6.846 6.854 6.863 6.872 6.881 6.891 6.901 6.910 6.919 6.929 6.938 6.948 6.958 6.967 6.977 6.987 6.996 7.006 7.016 7.027 7.038 7.049 7.061 7.073 7.084 7.095 7.103 7.110 7.117 7.127 7.138 7.148 7.164 7.184 7.213 7.251 7.300 7.357 7.415 7.455 7.499 7.564 7.627
6.693 6.696 6.698 6.701 6.703 6.706 6.709 6.711 6.714 6.717 6.720 6.723 6.726 6.729 6.732 6.736 6.740 6.744 6.748 6.753 6.757 6.762 6.767 6.772 6.778 6.784 6.790 6.797 6.804 6.811 6.819 6.826 6.834 6.843 6.851 6.860 6.869 6.878 6.887 6.897 6.907 6.916 6.925 6.935 6.944 6.954 6.964 6.973 6.983 6.993 7.002 7.012 7.022 7.032 7.043 7.054 7.066 7.077 7.088 7.098 7.107 7.114 7.123 7.135 7.147 7.160 7.177 7.201 7.232 7.272 7.321 7.378 7.437 7.478 7.522 7.587 7.651
6.700 6.703 6.705 6.708 6.710 6.713 6.716 6.718 6.721 6.724 6.726 6.729 6.732 6.735 6.739 6.742 6.746 6.751 6.754 6.759 6.763 6.768 6.773 6.778 6.784 6.790 6.796 6.803 6.810 6.817 6.824 6.832 6.840 6.849 6.857 6.866 6.875 6.884 6.893 6.903 6.913 6.922 6.931 6.941 6.950 6.960 6.969 6.979 6.989 6.998 7.008 7.018 7.028 7.038 7.048 7.059 7.070 7.081 7.092 7.102 7.111 7.120 7.130 7.143 7.158 7.173 7.193 7.220 7.252 7.292 7.341 7.399 7.460 7.501 7.545 7.611 7.675
