TsunamiDB/out54006.asc
ncols          264
nrows          230
xllcorner      497853.4375
yllcorner      4229146.0000
cellsize         5.
NODATA_value   -99
[rows 186 to 216 of 230, columns 138 to 206 of 264]
-99.000 -99.000 -99.000 -99.000 -99.000 -99.000 -99.000 -99.000 -99.000 1.644 1.649 1.700 1.856 2.113 2.449 2.834 3.232 3.607 3.931 4.185 4.378 4.523 4.635 4.722 4.792 4.849 4.897 4.943 5.000 5.066 5.126 5.202 5.299 5.404 5.515 5.625 5.728 5.825 5.887 5.915 6.029 6.147 6.190 6.225 6.254 6.276 6.283 6.272 6.250 6.211 6.272 6.387 6.424 6.416 6.381 6.334 6.280 6.227 6.164 6.074 6.069 6.141 6.170 6.165 6.133 6.085 6.021 5.935 5.847
-99.000 -99.000 -99.000 -99.000 -99.000 -99.000 -99.000 -99.000 -99.000 1.645 1.662 1.758 1.963 2.260 2.625 3.023 3.418 3.775 4.069 4.295 4.466 4.597 4.698 4.777 4.840 4.891 4.936 4.981 5.033 5.090 5.145 5.218 5.316 5.425 5.540 5.654 5.759 5.843 5.897 5.933 6.047 6.164 6.209 6.246 6.274 6.299 6.310 6.303 6.286 6.248 6.309 6.430 6.475 6.473 6.439 6.392 6.337 6.272 6.194 6.092 6.076 6.138 6.162 6.150 6.111 6.055 5.983 5.898 5.823
-99.000 -99.000 -99.000 -99.000 -99.000 -99.000 -99.000 -99.000 1.644 1.648 1.692 1.838 2.088 2.421 2.809 3.214 3.600 3.933 4.196 4.396 4.550 4.668 4.761 4.834 4.891 4.938 4.981 5.023 5.069 5.120 5.171 5.242 5.339 5.447 5.561 5.674 5.773 5.849 5.907 5.946 6.062 6.181 6.229 6.263 6.291 6.319 6.333 6.334 6.321 6.282 6.345 6.473 6.527 6.528 6.496 6.450 6.387 6.309 6.217 6.102 6.075 6.129 6.146 6.127 6.079 6.016 5.941 5.868 5.806
-99.000 -99.000 -99.000 -99.000 -99.000 -99.000 -99.000 -99.000 1.644 1.657 1.742 1.937 2.228 2.592 2.996 3.402 3.773 4.078 4.313 4.491 4.629 4.737 4.823 4.890 4.942 4.986 5.026 5.065 5.106 5.154 5.204 5.274 5.364 5.466 5.576 5.684 5.780 5.859 5.920 5.963 6.080 6.203 6.249 6.280 6.309 6.337 6.356 6.364 6.355 6.317 6.383 6.519 6.576 6.580 6.551 6.500 6.427 6.337 6.232 6.105 6.068 6.113 6.122 6.095 6.041 5.974 5.906 5.846 5.795
-99.000 -99.000 -99.000 -99.000 -99.000 -99.000 -99.000 1.644 1.646 1.681 1.812 2.052 2.379 2.768 3.182 3.583 3.935 4.211 4.421 4.581 4.705 4.804 4.883 4.945 4.995 5.035 5.071 5.106 5.146 5.196 5.247 5.313 5.395 5.487 5.587 5.691 5.790 5.874 5.940 5.985 6.103 6.226 6.271 6.301 6.326 6.355 6.379 6.393 6.391 6.355 6.421 6.559 6.620 6.627 6.595 6.539 6.458 6.355 6.238 6.102 6.054 6.089 6.090 6.057 6.000 5.938 5.881 5.831 5.790
-99.000 -99.000 -99.000 -99.000 -99.000 -99.000 -99.000 1.644 1.653 1.721 1.900 2.179 2.537 2.944 3.362 3.754 4.083 4.334 4.522 4.665 4.777 4.867 4.940 5.000 5.046 5.082 5.115 5.149 5.190 5.242 5.296 5.358 5.430 5.509 5.597 5.699 5.802 5.896 5.967 6.009 6.127 6.253 6.300 6.323 6.344 6.374 6.401 6.423 6.429 6.391 6.455 6.596 6.660 6.665 6.630 6.569 6.478 6.365 6.236 6.089 6.032 6.058 6.053 6.018 5.965 5.910 5.862 5.823 5.791
-99.000 -99.000 -99.000 -99.000 -99.000 -99.000 -99.000 1.645 1.669 1.780 2.001 2.315 2.697 3.116 3.535 3.915 4.221 4.449 4.619 4.747 4.848 4.928 4.997 5.052 5.093 5.127 5.158 5.193 5.237 5.294 5.351 5.411 5.471 5.535 5.616 5.715 5.823 5.927 6.001 6.040 6.157 6.289 6.329 6.343 6.364 6.392 6.422 6.454 6.463 6.422 6.486 6.629 6.690 6.692 6.654 6.585 6.487 6.364 6.224 6.068 6.003 6.022 6.014 5.982 5.935 5.888 5.849 5.821 5.794
-99.000 -99.000 -99.000 -99.000 -99.000 -99.000 1.644 1.649 1.699 1.854 2.113 2.456 2.858 3.284 3.698 4.066 4.352 4.562 4.715 4.831 4.920 4.992 5.053 5.102 5.142 5.176 5.205 5.241 5.290 5.353 5.413 5.469 5.522 5.577 5.649 5.743 5.855 5.965 6.042 6.074 6.188 6.317 6.350 6.362 6.379 6.408 6.443 6.478 6.491 6.448 6.508 6.648 6.705 6.703 6.659 6.585 6.480 6.346 6.195 6.034 5.964 5.979 5.974 5.947 5.907 5.870 5.842 5.819 5.796
-99.000 -99.000 -99.000 -99.000 -99.000 -99.000 1.644 1.658 1.744 1.942 2.235 2.602 3.016 3.444 3.853 4.210 4.481 4.674 4.813 4.916 4.993 5.055 5.108 5.152 5.190 5.224 5.257 5.299 5.353 5.420 5.484 5.540 5.588 5.637 5.700 5.787 5.890 5.999 6.079 6.103 6.211 6.338 6.372 6.383 6.398 6.427 6.460 6.495 6.512 6.465 6.519 6.653 6.706 6.699 6.650 6.572 6.460 6.319 6.161 5.997 5.926 5.943 5.941 5.920 5.888 5.860 5.838 5.818 5.798
-99.000 -99.000 -99.000 -99.000 -99.000 1.644 1.646 1.679 1.806 2.042 2.365 2.752 3.173 3.599 4.000 4.347 4.604 4.783 4.909 5.000 5.067 5.120 5.168 5.209 5.249 5.289 5.328 5.375 5.432 5.500 5.566 5.626 5.670 5.712 5.767 5.842 5.936 6.048 6.132 6.139 6.238 6.365 6.397 6.404 6.418 6.444 6.474 6.513 6.535 6.480 6.524 6.653 6.702 6.689 6.636 6.554 6.437 6.289 6.124 5.961 5.894 5.913 5.917 5.901 5.877 5.856 5.838 5.821 5.803
-99.000 -99.000 -99.000 -99.000 -99.000 1.644 1.651 1.713 1.884 2.154 2.503 2.904 3.329 3.749 4.143 4.479 4.723 4.889 5.003 5.085 5.143 5.190 5.234 5.275 5.320 5.366 5.414 5.465 5.525 5.594 5.664 5.729 5.771 5.811 5.864 5.926 6.008 6.130 6.187 6.169 6.265 6.388 6.416 6.424 6.439 6.462 6.491 6.543 6.555 6.483 6.521 6.644 6.686 6.669 6.613 6.524 6.401 6.244 6.079 5.925 5.865 5.888 5.896 5.887 5.870 5.853 5.838 5.824 5.805
-99.000 -99.000 -99.000 -99.000 -99.000 1.645 1.664 1.765 1.975 2.276 2.646 3.057 3.480 3.893 4.278 4.604 4.834 4.987 5.090 5.163 5.215 5.257 5.300 5.345 5.396 5.453 5.513 5.573 5.638 5.704 5.780 5.855 5.899 5.941 5.987 6.044 6.118 6.189 6.207 6.194 6.286 6.402 6.434 6.446 6.462 6.490 6.527 6.562 6.550 6.474 6.507 6.621 6.657 6.637 6.574 6.479 6.349 6.192 6.040 5.897 5.841 5.867 5.880 5.878 5.864 5.850 5.838 5.824 5.807
-99.000 -99.000 -99.000 -99.000 1.645 1.647 1.689 1.832 2.079 2.409 2.796 3.211 3.629 4.032 4.406 4.718 4.930 5.067 5.160 5.227 5.274 5.316 5.362 5.413 5.475 5.546 5.620 5.691 5.758 5.823 5.908 5.994 6.041 6.079 6.118 6.160 6.196 6.220 6.225 6.211 6.299 6.413 6.452 6.468 6.489 6.520 6.546 6.556 6.531 6.451 6.478 6.584 6.616 6.591 6.523 6.422 6.290 6.146 6.008 5.872 5.821 5.852 5.870 5.870 5.859 5.848 5.836 5.824 5.809
-99.000 -99.000 -99.000 -99.000 1.645 1.655 1.731 1.916 2.197 2.551 2.950 3.365 3.775 4.166 4.527 4.815 5.004 5.125 5.209 5.272 5.319 5.364 5.417 5.478 5.553 5.638 5.727 5.806 5.877 5.942 6.037 6.133 6.176 6.209 6.236 6.252 6.254 6.251 6.241 6.226 6.309 6.425 6.467 6.488 6.510 6.531 6.541 6.536 6.499 6.417 6.439 6.536 6.562 6.534 6.462 6.360 6.236 6.106 5.979 5.850 5.805 5.840 5.860 5.862 5.854 5.843 5.834 5.826 5.812
-99.000 -99.000 -99.000 -99.000 1.646 1.673 1.790 2.015 2.327 2.702 3.109 3.521 3.920 4.297 4.637 4.892 5.055 5.162 5.239 5.302 5.352 5.403 5.465 5.540 5.627 5.726 5.826 5.914 5.991 6.055 6.156 6.259 6.301 6.327 6.334 6.327 6.308 6.282 6.260 6.243 6.320 6.431 6.476 6.501 6.514 6.523 6.522 6.502 6.458 6.375 6.390 6.477 6.499 6.469 6.397 6.302 6.190 6.071 5.954 5.833 5.793 5.828 5.850 5.855 5.847 5.839 5.834 5.829 5.820
-99.000 -99.000 -99.000 1.645 1.651 1.705 1.867 2.129 2.470 2.861 3.273 3.678 4.065 4.426 4.733 4.945 5.083 5.178 5.251 5.315 5.370 5.429 5.505 5.593 5.691 5.801 5.911 6.010 6.093 6.154 6.261 6.373 6.412 6.426 6.418 6.397 6.359 6.314 6.280 6.254 6.324 6.432 6.478 6.496 6.500 6.499 6.487 6.458 6.409 6.324 6.332 6.412 6.432 6.401 6.336 6.251 6.149 6.041 5.932 5.817 5.779 5.816 5.839 5.846 5.842 5.837 5.835 5.835 5.833
-99.000 -99.000 -99.000 1.646 1.663 1.756 1.961 2.257 2.623 3.026 3.438 3.836 4.211 4.547 4.807 4.979 5.096 5.179 5.249 5.314 5.373 5.443 5.534 5.635 5.746 5.865 5.986 6.095 6.180 6.239 6.354 6.475 6.507 6.510 6.493 6.457 6.405 6.342 6.291 6.257 6.320 6.424 6.464 6.476 6.472 6.461 6.441 6.407 6.352 6.266 6.271 6.346 6.363 6.338 6.280 6.203 6.114 6.014 5.909 5.799 5.764 5.801 5.825 5.836 5.837 5.836 5.839 5.847 5.850
-99.000 -99.000 1.645 1.648 1.688 1.827 2.072 2.400 2.785 3.196 3.605 3.994 4.352 4.655 4.867 5.009 5.106 5.177 5.239 5.303 5.367 5.447 5.553 5.669 5.790 5.919 6.047 6.161 6.251 6.306 6.426 6.549 6.575 6.572 6.544 6.497 6.430 6.349 6.284 6.242 6.297 6.394 6.429 6.436 6.424 6.406 6.382 6.341 6.284 6.200 6.202 6.273 6.293 6.274 6.223 6.157 6.077 5.982 5.880 5.775 5.742 5.779 5.808 5.826 5.831 5.836 5.847 5.861 5.869
-99.000 -99.000 1.645 1.656 1.733 1.918 2.199 2.555 2.955 3.368 3.770 4.148 4.487 4.750 4.926 5.042 5.120 5.176 5.226 5.286 5.353 5.443 5.561 5.688 5.817 5.950 6.080 6.197 6.291 6.344 6.465 6.591 6.617 6.609 6.573 6.519 6.441 6.349 6.272 6.220 6.268 6.359 6.391 6.392 6.373 6.351 6.322 6.278 6.220 6.136 6.139 6.211 6.233 6.218 6.174 6.116 6.043 5.951 5.852 5.751 5.721 5.762 5.796 5.819 5.831 5.844 5.861 5.879 5.892
-99.000 -99.000 1.647 1.676 1.799 2.028 2.344 2.722 3.131 3.541 3.933 4.297 4.611 4.837 4.985 5.081 5.140 5.179 5.217 5.274 5.347 5.442 5.565 5.700 5.837 5.975 6.109 6.236 6.335 6.377 6.498 6.634 6.662 6.650 6.610 6.549 6.462 6.358 6.265 6.203 6.243 6.330 6.356 6.351 6.328 6.301 6.268 6.222 6.165 6.084 6.088 6.160 6.184 6.172 6.135 6.083 6.014 5.925 5.827 5.730 5.705 5.750 5.790 5.819 5.839 5.859 5.880 5.905 5.924
-99.000 1.645 1.652 1.716 1.887 2.156 2.503 2.898 3.310 3.714 4.092 4.438 4.722 4.916 5.043 5.121 5.166 5.192 5.226 5.285 5.363 5.459 5.582 5.723 5.869 6.012 6.151 6.290 6.374 6.401 6.528 6.670 6.699 6.686 6.641 6.571 6.475 6.352 6.248 6.181 6.213 6.296 6.317 6.308 6.281 6.249 6.214 6.167 6.110 6.035 6.043 6.114 6.138 6.131 6.098 6.049 5.982 5.892 5.796 5.709 5.691 5.740 5.785 5.823 5.853 5.879 5.906 5.940 5.961
-99.000 1.646 1.668 1.777 1.994 2.302 2.675 3.082 3.491 3.883 4.245 4.569 4.817 4.984 5.092 5.159 5.198 5.225 5.261 5.323 5.409 5.500 5.619 5.763 5.914 6.067 6.210 6.323 6.386 6.416 6.548 6.694 6.726 6.712 6.659 6.579 6.468 6.339 6.239 6.160 6.182 6.260 6.279 6.267 6.233 6.197 6.160 6.113 6.061 5.992 6.001 6.069 6.096 6.092 6.059 6.010 5.943 5.856 5.773 5.695 5.681 5.735 5.789 5.836 5.872 5.907 5.944 5.978 5.993
1.645 1.650 1.702 1.860 2.122 2.462 2.855 3.268 3.671 4.048 4.392 4.684 4.894 5.037 5.133 5.196 5.239 5.272 5.311 5.376 5.459 5.544 5.661 5.803 5.955 6.109 6.239 6.333 6.393 6.421 6.554 6.706 6.743 6.724 6.666 6.579 6.461 6.336 6.230 6.137 6.149 6.225 6.241 6.222 6.185 6.146 6.107 6.063 6.016 5.951 5.959 6.027 6.056 6.051 6.018 5.968 5.902 5.827 5.756 5.685 5.677 5.738 5.801 5.854 5.899 5.943 5.983 6.012 6.020
1.646 1.662 1.756 1.962 2.261 2.631 3.039 3.452 3.845 4.208 4.528 4.777 4.955 5.081 5.169 5.234 5.283 5.324 5.369 5.429 5.502 5.589 5.698 5.832 5.983 6.128 6.249 6.338 6.396 6.422 6.556 6.715 6.751 6.730 6.670 6.578 6.460 6.332 6.215 6.110 6.117 6.188 6.198 6.176 6.136 6.094 6.057 6.017 5.972 5.911 5.921 5.988 6.015 6.009 5.976 5.927 5.869 5.806 5.745 5.683 5.682 5.751 5.820 5.879 5.932 5.979 6.017 6.041 6.041
1.648 1.688 1.830 2.079 2.412 2.806 3.223 3.632 4.015 4.360 4.642 4.850 5.003 5.117 5.203 5.271 5.327 5.377 5.426 5.482 5.547 5.630 5.731 5.858 5.994 6.130 6.252 6.342 6.401 6.423 6.554 6.716 6.754 6.734 6.670 6.580 6.461 6.325 6.198 6.084 6.082 6.148 6.154 6.128 6.086 6.047 6.012 5.974 5.932 5.875 5.885 5.948 5.974 5.968 5.935 5.892 5.844 5.792 5.745 5.691 5.696 5.770 5.843 5.909 5.964 6.011 6.046 6.063 6.055
1.656 1.731 1.919 2.206 2.569 2.980 3.403 3.808 4.180 4.496 4.733 4.909 5.044 5.150 5.235 5.304 5.366 5.420 5.473 5.528 5.593 5.672 5.766 5.874 5.994 6.126 6.248 6.346 6.408 6.421 6.551 6.717 6.759 6.735 6.671 6.582 6.457 6.312 6.175 6.050 6.042 6.103 6.105 6.078 6.039 6.002 5.969 5.933 5.894 5.838 5.847 5.908 5.933 5.928 5.901 5.866 5.827 5.789 5.754 5.707 5.716 5.794 5.870 5.938 5.993 6.038 6.067 6.077 6.062
1.673 1.790 2.019 2.340 2.728 3.151 3.577 3.979 4.336 4.612 4.811 4.962 5.083 5.181 5.260 5.331 5.395 5.452 5.508 5.568 5.638 5.721 5.801 5.891 6.000 6.123 6.248 6.356 6.420 6.425 6.552 6.726 6.761 6.732 6.667 6.574 6.444 6.290 6.139 6.007 5.996 6.050 6.051 6.029 5.993 5.957 5.928 5.895 5.856 5.801 5.809 5.869 5.895 5.895 5.875 5.847 5.821 5.796 5.769 5.727 5.739 5.819 5.896 5.962 6.016 6.056 6.081 6.083 6.059
1.704 1.864 2.129 2.479 2.885 3.318 3.746 4.146 4.479 4.719 4.890 5.019 5.124 5.211 5.286 5.355 5.415 5.473 5.535 5.603 5.685 5.771 5.843 5.921 6.012 6.125 6.254 6.368 6.437 6.431 6.553 6.721 6.747 6.712 6.642 6.545 6.409 6.243 6.082 5.948 5.934 5.986 5.993 5.975 5.941 5.912 5.885 5.852 5.812 5.760 5.768 5.827 5.858 5.865 5.853 5.836 5.821 5.805 5.786 5.748 5.761 5.840 5.914 5.979 6.028 6.064 6.082 6.077 6.044
1.750 1.951 2.249 2.622 3.041 3.480 3.912 4.307 4.613 4.824 4.969 5.077 5.165 5.240 5.308 5.371 5.430 5.492 5.563 5.642 5.737 5.830 5.900 5.967 6.044 6.145 6.261 6.374 6.446 6.428 6.538 6.698 6.717 6.674 6.598 6.497 6.357 6.185 6.020 5.886 5.874 5.930 5.940 5.925 5.896 5.870 5.845 5.811 5.773 5.722 5.732 5.795 5.831 5.846 5.842 5.835 5.828 5.819 5.806 5.769 5.780 5.856 5.927 5.988 6.033 6.064 6.075 6.061 6.019
1.813 2.052 2.378 2.770 3.198 3.639 4.071 4.457 4.738 4.926 5.048 5.138 5.213 5.280 5.345 5.408 5.469 5.536 5.614 5.700 5.806 5.909 5.975 6.032 6.095 6.178 6.279 6.396 6.472 6.429 6.521 6.675 6.684 6.631 6.550 6.445 6.301 6.125 5.954 5.827 5.822 5.881 5.897 5.884 5.860 5.838 5.812 5.779 5.741 5.692 5.706 5.773 5.815 5.836 5.842 5.844 5.842 5.839 5.831 5.793 5.800 5.871 5.938 5.993 6.033 6.058 6.062 6.039 5.986
1.892 2.165 2.517 2.924 3.358 3.800 4.230 4.599 4.856 5.022 5.125 5.202 5.269 5.332 5.398 5.464 5.531 5.605 5.685 5.774 5.889 6.001 6.064 6.119 6.176 6.241 6.328 6.457 6.500 6.417 6.498 6.640 6.637 6.575 6.487 6.375 6.228 6.042 5.876 5.771 5.774 5.837 5.856 5.849 5.829 5.807 5.781 5.747 5.710 5.668 5.686 5.756 5.804 5.833 5.848 5.856 5.860 5.864 5.856 5.813 5.815 5.880 5.941 5.991 6.026 6.043 6.038 6.004 5.939
