TsunamiDB/out54158.asc
ncols          264
nrows          230
xllcorner      497853.4375
yllcorner      4229146.0000
cellsize         5.
NODATA_value   -99
[rows 136 to 169 of 230, columns 154 to 230 of 264]
7.005 7.008 7.011 7.015 7.018 7.021 7.025 7.028 7.032 7.035 7.039 7.043 7.046 7.050 7.055 7.059 7.063 7.067 7.071 7.074 7.078 7.082 7.086 7.090 7.095 7.099 7.104 7.109 7.114 7.119 7.124 7.127 7.129 7.133 7.137 7.141 7.147 7.155 7.165 7.178 7.194 7.214 7.236 7.256 7.279 7.309 7.343 7.380 7.419 7.460 7.505 7.563 7.625 7.662 7.701 7.757 7.809 7.857 7.903 7.945 7.982 8.011 8.033 8.050 8.066 8.087 8.106 8.124 8.141 8.156 8.172 8.188 8.205 8.216 8.226 8.243 8.260
7.010 7.013 7.017 7.020 7.023 7.026 7.030 7.033 7.036 7.040 7.043 7.047 7.051 7.055 7.059 7.063 7.067 7.071 7.074 7.078 7.082 7.086 7.090 7.094 7.098 7.103 7.108 7.113 7.118 7.123 7.127 7.129 7.132 7.135 7.140 7.144 7.150 7.158 7.170 7.184 7.202 7.223 7.247 7.268 7.291 7.324 7.360 7.399 7.440 7.484 7.535 7.594 7.652 7.688 7.726 7.780 7.830 7.876 7.919 7.959 7.993 8.018 8.040 8.056 8.071 8.090 8.108 8.125 8.141 8.156 8.171 8.188 8.204 8.215 8.226 8.243 8.261
7.016 7.019 7.022 7.025 7.028 7.031 7.034 7.038 7.041 7.045 7.048 7.052 7.055 7.059 7.063 7.067 7.071 7.075 7.078 7.082 7.086 7.090 7.094 7.098 7.102 7.106 7.111 7.116 7.121 7.126 7.129 7.132 7.134 7.138 7.143 7.147 7.153 7.163 7.175 7.190 7.210 7.233 7.258 7.280 7.305 7.340 7.379 7.421 7.464 7.512 7.566 7.623 7.678 7.713 7.749 7.800 7.848 7.893 7.933 7.970 8.000 8.025 8.046 8.061 8.075 8.093 8.110 8.126 8.140 8.155 8.171 8.187 8.203 8.214 8.225 8.243 8.261
7.021 7.024 7.027 7.030 7.033 7.036 7.039 7.043 7.046 7.049 7.053 7.056 7.060 7.063 7.067 7.071 7.075 7.079 7.082 7.086 7.090 7.094 7.097 7.101 7.106 7.110 7.115 7.120 7.124 7.129 7.132 7.135 7.137 7.142 7.146 7.151 7.158 7.168 7.181 7.198 7.219 7.243 7.271 7.294 7.320 7.358 7.400 7.445 7.492 7.543 7.597 7.651 7.703 7.736 7.771 7.819 7.865 7.907 7.945 7.978 8.007 8.031 8.051 8.065 8.079 8.096 8.112 8.126 8.140 8.155 8.170 8.186 8.202 8.213 8.224 8.243 8.261
7.027 7.029 7.032 7.035 7.038 7.041 7.044 7.047 7.051 7.054 7.057 7.060 7.064 7.068 7.071 7.075 7.079 7.083 7.086 7.090 7.094 7.097 7.101 7.105 7.109 7.113 7.118 7.123 7.127 7.132 7.135 7.138 7.141 7.146 7.151 7.156 7.164 7.175 7.189 7.206 7.228 7.255 7.285 7.310 7.338 7.379 7.424 7.472 7.521 7.573 7.626 7.678 7.726 7.758 7.791 7.836 7.880 7.920 7.955 7.986 8.013 8.036 8.055 8.069 8.083 8.099 8.113 8.127 8.141 8.154 8.169 8.184 8.201 8.212 8.224 8.243 8.261
7.032 7.035 7.037 7.040 7.043 7.046 7.049 7.052 7.055 7.058 7.062 7.065 7.068 7.072 7.076 7.079 7.083 7.086 7.090 7.094 7.097 7.101 7.105 7.108 7.112 7.117 7.121 7.126 7.130 7.135 7.139 7.142 7.145 7.150 7.156 7.162 7.171 7.183 7.197 7.215 7.238 7.267 7.301 7.328 7.358 7.402 7.450 7.500 7.550 7.602 7.653 7.702 7.748 7.778 7.809 7.852 7.893 7.930 7.964 7.993 8.019 8.041 8.060 8.073 8.086 8.101 8.115 8.128 8.140 8.153 8.167 8.183 8.200 8.212 8.224 8.243 8.262
7.037 7.040 7.043 7.045 7.048 7.051 7.054 7.057 7.060 7.063 7.066 7.069 7.073 7.076 7.080 7.083 7.087 7.090 7.094 7.097 7.101 7.104 7.108 7.112 7.116 7.120 7.124 7.128 7.133 7.138 7.142 7.146 7.149 7.155 7.162 7.168 7.178 7.191 7.206 7.224 7.249 7.281 7.318 7.347 7.379 7.427 7.478 7.529 7.579 7.629 7.679 7.726 7.769 7.797 7.826 7.866 7.905 7.940 7.972 8.000 8.025 8.046 8.064 8.076 8.089 8.103 8.116 8.128 8.140 8.152 8.166 8.181 8.199 8.211 8.224 8.244 8.263
7.042 7.045 7.048 7.050 7.053 7.056 7.059 7.062 7.065 7.068 7.071 7.074 7.077 7.080 7.084 7.087 7.091 7.094 7.098 7.101 7.104 7.108 7.111 7.115 7.118 7.122 7.126 7.131 7.136 7.141 7.146 7.150 7.154 7.160 7.167 7.175 7.186 7.199 7.215 7.235 7.262 7.298 7.338 7.369 7.403 7.454 7.505 7.556 7.606 7.655 7.702 7.747 7.788 7.814 7.841 7.879 7.915 7.948 7.979 8.006 8.030 8.050 8.066 8.078 8.090 8.103 8.116 8.128 8.139 8.151 8.164 8.180 8.199 8.212 8.225 8.245 8.265
7.047 7.050 7.053 7.055 7.058 7.061 7.064 7.066 7.069 7.072 7.075 7.078 7.081 7.084 7.088 7.091 7.095 7.098 7.101 7.105 7.108 7.111 7.114 7.117 7.121 7.125 7.129 7.134 7.139 7.145 7.150 7.155 7.159 7.166 7.174 7.182 7.194 7.208 7.226 7.247 7.276 7.313 7.358 7.391 7.428 7.479 7.531 7.582 7.631 7.679 7.724 7.766 7.806 7.830 7.855 7.891 7.925 7.957 7.985 8.012 8.035 8.054 8.069 8.080 8.091 8.104 8.116 8.128 8.139 8.151 8.164 8.180 8.200 8.213 8.227 8.247 8.266
7.053 7.055 7.058 7.060 7.063 7.066 7.068 7.071 7.074 7.077 7.080 7.082 7.085 7.088 7.092 7.095 7.098 7.102 7.105 7.108 7.111 7.114 7.116 7.120 7.123 7.127 7.131 7.136 7.142 7.148 7.154 7.159 7.164 7.171 7.180 7.189 7.202 7.218 7.237 7.261 7.291 7.332 7.382 7.417 7.454 7.507 7.559 7.609 7.657 7.703 7.747 7.787 7.824 7.847 7.870 7.904 7.936 7.966 7.993 8.018 8.041 8.059 8.071 8.081 8.092 8.104 8.116 8.128 8.139 8.150 8.163 8.179 8.202 8.216 8.229 8.250 8.269
7.058 7.060 7.063 7.065 7.068 7.070 7.073 7.076 7.078 7.081 7.084 7.087 7.089 7.092 7.096 7.099 7.102 7.105 7.108 7.111 7.114 7.116 7.118 7.122 7.125 7.129 7.134 7.139 7.145 7.152 7.158 7.163 7.168 7.177 7.186 7.197 7.211 7.229 7.250 7.276 7.309 7.357 7.411 7.446 7.482 7.535 7.587 7.636 7.683 7.727 7.768 7.807 7.842 7.863 7.885 7.917 7.947 7.974 8.000 8.024 8.046 8.061 8.072 8.082 8.092 8.104 8.116 8.128 8.139 8.151 8.163 8.182 8.206 8.220 8.233 8.253 8.272
7.062 7.065 7.067 7.070 7.072 7.075 7.078 7.080 7.083 7.085 7.088 7.091 7.093 7.096 7.099 7.102 7.105 7.108 7.111 7.113 7.116 7.118 7.120 7.123 7.127 7.131 7.136 7.141 7.148 7.155 7.161 7.167 7.173 7.183 7.193 7.205 7.222 7.243 7.267 7.296 7.336 7.388 7.440 7.474 7.510 7.563 7.613 7.662 7.707 7.749 7.789 7.825 7.858 7.879 7.899 7.929 7.957 7.983 8.007 8.029 8.048 8.061 8.072 8.082 8.092 8.103 8.116 8.128 8.141 8.153 8.168 8.188 8.211 8.224 8.237 8.257 8.275
7.067 7.070 7.072 7.075 7.077 7.080 7.082 7.085 7.087 7.090 7.092 7.095 7.097 7.100 7.103 7.106 7.108 7.111 7.113 7.115 7.117 7.119 7.121 7.125 7.129 7.133 7.138 7.144 7.151 7.158 7.164 7.171 7.179 7.190 7.201 7.216 7.236 7.260 7.287 7.322 7.366 7.417 7.468 7.501 7.537 7.589 7.639 7.686 7.730 7.771 7.809 7.843 7.875 7.894 7.913 7.941 7.967 7.991 8.013 8.033 8.049 8.062 8.073 8.083 8.092 8.104 8.117 8.130 8.143 8.158 8.174 8.194 8.215 8.229 8.242 8.260 8.277
7.072 7.075 7.077 7.079 7.082 7.084 7.087 7.089 7.091 7.094 7.096 7.099 7.101 7.103 7.106 7.109 7.111 7.114 7.115 7.117 7.118 7.120 7.123 7.126 7.130 7.135 7.140 7.146 7.153 7.160 7.168 7.176 7.186 7.199 7.212 7.230 7.253 7.280 7.312 7.351 7.396 7.446 7.495 7.528 7.563 7.614 7.663 7.710 7.752 7.792 7.828 7.861 7.890 7.908 7.926 7.952 7.976 7.998 8.018 8.035 8.050 8.063 8.075 8.084 8.093 8.106 8.119 8.133 8.148 8.164 8.181 8.200 8.220 8.233 8.246 8.264 8.280
7.077 7.079 7.082 7.084 7.086 7.089 7.091 7.093 7.096 7.098 7.100 7.103 7.105 7.107 7.109 7.112 7.114 7.115 7.117 7.118 7.119 7.121 7.124 7.127 7.132 7.137 7.142 7.149 7.156 7.163 7.171 7.182 7.195 7.210 7.226 7.247 7.274 7.305 7.340 7.380 7.425 7.473 7.522 7.554 7.589 7.639 7.687 7.732 7.773 7.811 7.846 7.877 7.905 7.922 7.938 7.962 7.984 8.004 8.022 8.038 8.052 8.064 8.076 8.086 8.095 8.108 8.123 8.138 8.154 8.171 8.188 8.207 8.226 8.238 8.251 8.267 8.283
7.082 7.084 7.087 7.089 7.091 7.093 7.096 7.098 7.100 7.102 7.105 7.107 7.108 7.110 7.112 7.114 7.116 7.117 7.118 7.119 7.120 7.122 7.125 7.129 7.133 7.138 7.144 7.151 7.158 7.166 7.176 7.189 7.206 7.223 7.242 7.267 7.298 7.332 7.368 7.409 7.453 7.500 7.548 7.580 7.613 7.662 7.710 7.754 7.794 7.831 7.864 7.893 7.919 7.935 7.950 7.972 7.992 8.010 8.026 8.040 8.054 8.066 8.079 8.088 8.098 8.112 8.128 8.144 8.160 8.178 8.196 8.213 8.231 8.243 8.255 8.271 8.285
7.087 7.090 7.092 7.094 7.096 7.098 7.100 7.103 7.105 7.107 7.109 7.110 7.112 7.114 7.115 7.116 7.117 7.118 7.119 7.119 7.120 7.123 7.126 7.130 7.134 7.139 7.146 7.153 7.161 7.170 7.182 7.198 7.219 7.238 7.260 7.290 7.324 7.359 7.396 7.436 7.479 7.526 7.573 7.605 7.638 7.686 7.733 7.775 7.814 7.849 7.880 7.908 7.932 7.946 7.961 7.981 7.999 8.016 8.030 8.043 8.056 8.069 8.082 8.092 8.101 8.117 8.133 8.150 8.167 8.185 8.203 8.220 8.236 8.248 8.259 8.274 8.288
7.093 7.095 7.097 7.099 7.101 7.103 7.105 7.107 7.109 7.111 7.113 7.114 7.115 7.117 7.118 7.118 7.118 7.119 7.119 7.120 7.121 7.123 7.126 7.130 7.135 7.140 7.148 7.155 7.164 7.175 7.189 7.209 7.234 7.256 7.280 7.313 7.349 7.386 7.423 7.462 7.504 7.550 7.598 7.629 7.661 7.709 7.754 7.795 7.831 7.865 7.895 7.921 7.944 7.957 7.970 7.988 8.005 8.020 8.034 8.046 8.059 8.072 8.086 8.096 8.106 8.123 8.139 8.156 8.174 8.191 8.209 8.225 8.241 8.252 8.263 8.277 8.290
7.098 7.100 7.102 7.104 7.106 7.108 7.110 7.112 7.114 7.116 7.117 7.118 7.119 7.120 7.120 7.120 7.120 7.119 7.119 7.120 7.122 7.124 7.127 7.131 7.135 7.141 7.149 7.158 7.168 7.181 7.198 7.221 7.249 7.275 7.302 7.337 7.374 7.412 7.449 7.488 7.529 7.574 7.622 7.653 7.685 7.731 7.774 7.813 7.849 7.881 7.910 7.934 7.955 7.967 7.979 7.995 8.011 8.026 8.038 8.050 8.062 8.075 8.090 8.101 8.111 8.128 8.145 8.162 8.180 8.197 8.215 8.231 8.245 8.256 8.266 8.280 8.292
7.104 7.106 7.108 7.110 7.112 7.113 7.115 7.117 7.119 7.121 7.122 7.123 7.123 7.123 7.122 7.121 7.121 7.120 7.120 7.120 7.122 7.124 7.127 7.131 7.135 7.142 7.151 7.161 7.174 7.190 7.209 7.236 7.270 7.298 7.326 7.363 7.402 7.439 7.476 7.515 7.555 7.599 7.648 7.680 7.710 7.755 7.796 7.833 7.866 7.897 7.925 7.948 7.966 7.976 7.987 8.003 8.018 8.031 8.043 8.055 8.066 8.079 8.096 8.107 8.117 8.134 8.152 8.169 8.186 8.204 8.221 8.236 8.250 8.259 8.270 8.282 8.295
7.110 7.112 7.113 7.115 7.117 7.119 7.121 7.123 7.124 7.126 7.127 7.127 7.126 7.126 7.125 7.123 7.122 7.121 7.120 7.121 7.123 7.124 7.127 7.131 7.135 7.143 7.154 7.166 7.182 7.201 7.224 7.257 7.295 7.323 7.351 7.390 7.429 7.467 7.504 7.542 7.580 7.628 7.679 7.707 7.736 7.778 7.817 7.852 7.884 7.913 7.939 7.959 7.975 7.985 7.995 8.009 8.023 8.036 8.048 8.059 8.071 8.086 8.103 8.114 8.124 8.141 8.159 8.176 8.193 8.210 8.227 8.241 8.252 8.262 8.273 8.285 8.297
7.116 7.117 7.119 7.121 7.123 7.125 7.126 7.128 7.130 7.131 7.131 7.131 7.130 7.129 7.127 7.125 7.123 7.122 7.121 7.122 7.123 7.124 7.127 7.132 7.137 7.146 7.159 7.174 7.193 7.217 7.246 7.284 7.321 7.350 7.378 7.417 7.457 7.495 7.533 7.571 7.613 7.660 7.707 7.733 7.761 7.801 7.837 7.870 7.900 7.927 7.950 7.968 7.983 7.993 8.002 8.016 8.029 8.042 8.054 8.065 8.078 8.094 8.111 8.121 8.131 8.148 8.165 8.182 8.198 8.215 8.231 8.244 8.255 8.265 8.275 8.287 8.299
7.122 7.124 7.125 7.127 7.129 7.130 7.132 7.134 7.135 7.136 7.136 7.135 7.134 7.132 7.130 7.127 7.125 7.123 7.122 7.122 7.123 7.125 7.129 7.134 7.140 7.151 7.167 7.186 7.209 7.238 7.272 7.311 7.349 7.377 7.406 7.445 7.485 7.525 7.563 7.603 7.646 7.691 7.734 7.759 7.785 7.822 7.856 7.887 7.914 7.939 7.960 7.977 7.991 8.000 8.009 8.022 8.036 8.048 8.060 8.073 8.087 8.102 8.118 8.128 8.139 8.155 8.171 8.188 8.203 8.219 8.233 8.246 8.258 8.268 8.277 8.289 8.301
7.128 7.130 7.131 7.133 7.135 7.136 7.138 7.139 7.141 7.142 7.142 7.140 7.138 7.136 7.134 7.130 7.127 7.125 7.123 7.122 7.123 7.126 7.131 7.137 7.144 7.159 7.178 7.201 7.229 7.262 7.299 7.338 7.376 7.404 7.433 7.474 7.514 7.554 7.595 7.636 7.678 7.720 7.759 7.783 7.807 7.842 7.873 7.902 7.927 7.949 7.969 7.985 7.999 8.008 8.016 8.029 8.043 8.055 8.068 8.081 8.095 8.110 8.125 8.135 8.145 8.161 8.177 8.193 8.208 8.222 8.236 8.248 8.260 8.270 8.279 8.291 8.303
7.134 7.136 7.138 7.139 7.141 7.142 7.144 7.145 7.147 7.147 7.147 7.145 7.143 7.140 7.137 7.133 7.129 7.126 7.124 7.122 7.124 7.128 7.135 7.142 7.152 7.170 7.192 7.220 7.252 7.287 7.326 7.366 7.404 7.432 7.462 7.502 7.544 7.585 7.626 7.667 7.708 7.748 7.784 7.806 7.828 7.860 7.889 7.916 7.939 7.959 7.978 7.993 8.007 8.016 8.024 8.037 8.050 8.063 8.076 8.090 8.104 8.118 8.133 8.142 8.152 8.167 8.182 8.197 8.211 8.225 8.238 8.250 8.262 8.272 8.281 8.293 8.305
7.140 7.142 7.144 7.146 7.147 7.149 7.150 7.151 7.153 7.153 7.153 7.151 7.147 7.144 7.141 7.136 7.132 7.128 7.125 7.123 7.125 7.131 7.141 7.150 7.161 7.183 7.210 7.241 7.276 7.314 7.354 7.394 7.433 7.461 7.490 7.532 7.574 7.616 7.657 7.697 7.737 7.774 7.807 7.827 7.848 7.877 7.904 7.928 7.950 7.969 7.986 8.002 8.016 8.024 8.032 8.045 8.059 8.072 8.085 8.099 8.113 8.126 8.140 8.149 8.158 8.173 8.187 8.201 8.215 8.228 8.240 8.252 8.264 8.273 8.283 8.295 8.306
7.147 7.149 7.150 7.152 7.153 7.155 7.156 7.158 7.159 7.159 7.159 7.156 7.152 7.149 7.145 7.139 7.134 7.129 7.126 7.124 7.128 7.136 7.149 7.159 7.173 7.199 7.229 7.264 7.301 7.340 7.381 7.422 7.462 7.490 7.519 7.562 7.604 7.646 7.687 7.726 7.764 7.798 7.829 7.847 7.867 7.893 7.918 7.940 7.961 7.979 7.995 8.010 8.024 8.032 8.041 8.054 8.067 8.081 8.094 8.107 8.121 8.134 8.147 8.156 8.165 8.178 8.192 8.205 8.218 8.230 8.242 8.254 8.266 8.275 8.284 8.296 8.308
7.153 7.155 7.157 7.158 7.160 7.161 7.163 7.164 7.165 7.165 7.164 7.162 7.157 7.153 7.148 7.142 7.136 7.131 7.127 7.127 7.132 7.143 7.158 7.170 7.187 7.216 7.250 7.287 7.325 7.366 7.408 7.449 7.489 7.518 7.547 7.590 7.632 7.674 7.713 7.751 7.788 7.820 7.848 7.865 7.883 7.907 7.930 7.951 7.970 7.988 8.004 8.019 8.033 8.041 8.049 8.062 8.076 8.089 8.102 8.116 8.129 8.142 8.154 8.162 8.171 8.183 8.196 8.209 8.221 8.233 8.244 8.256 8.267 8.276 8.286 8.297 8.309
7.160 7.161 7.163 7.165 7.166 7.168 7.169 7.170 7.171 7.172 7.171 7.167 7.162 7.158 7.152 7.145 7.138 7.133 7.129 7.130 7.136 7.149 7.167 7.182 7.201 7.233 7.269 7.308 7.349 7.390 7.433 7.475 7.516 7.545 7.575 7.617 7.659 7.700 7.738 7.776 7.811 7.841 7.867 7.883 7.899 7.921 7.943 7.963 7.981 7.997 8.013 8.028 8.042 8.050 8.058 8.071 8.084 8.098 8.111 8.124 8.137 8.149 8.161 8.169 8.177 8.188 8.200 8.212 8.224 8.235 8.247 8.258 8.269 8.278 8.287 8.298 8.310
7.166 7.168 7.169 7.171 7.172 7.174 7.175 7.177 7.178 7.178 7.177 7.173 7.167 7.162 7.155 7.147 7.140 7.135 7.132 7.134 7.142 7.158 7.180 7.197 7.218 7.253 7.291 7.332 7.374 7.417 7.461 7.504 7.546 7.575 7.604 7.646 7.688 7.727 7.765 7.801 7.834 7.863 7.886 7.900 7.915 7.936 7.956 7.975 7.992 8.008 8.024 8.038 8.051 8.059 8.067 8.081 8.094 8.107 8.120 8.133 8.146 8.158 8.168 8.176 8.183 8.194 8.205 8.217 8.228 8.239 8.250 8.260 8.271 8.280 8.288 8.300 8.311
7.172 7.174 7.176 7.177 7.179 7.180 7.182 7.183 7.184 7.184 7.183 7.178 7.172 7.166 7.159 7.150 7.143 7.137 7.136 7.139 7.150 7.170 7.196 7.214 7.236 7.273 7.314 7.357 7.400 7.445 7.489 7.534 7.577 7.605 7.634 7.675 7.715 7.754 7.790 7.825 7.857 7.882 7.902 7.916 7.930 7.950 7.968 7.986 8.003 8.019 8.034 8.048 8.062 8.069 8.077 8.090 8.104 8.117 8.130 8.143 8.155 8.166 8.176 8.182 8.190 8.200 8.211 8.221 8.232 8.242 8.253 8.263 8.273 8.281 8.290 8.301 8.313
7.179 7.181 7.182 7.184 7.185 7.187 7.188 7.189 7.190 7.191 7.189 7.184 7.177 7.171 7.163 7.154 7.146 7.142 7.142 7.148 7.162 7.186 7.213 7.231 7.255 7.295 7.337 7.382 7.427 7.473 7.519 7.565 7.607 7.634 7.663 7.703 7.742 7.779 7.814 7.847 7.876 7.899 7.918 7.932 7.945 7.963 7.981 7.999 8.015 8.030 8.045 8.059 8.072 8.079 8.087 8.100 8.113 8.127 8.139 8.152 8.164 8.174 8.183 8.190 8.196 8.206 8.216 8.226 8.236 8.246 8.256 8.266 8.276 8.284 8.292 8.303 8.314
7.185 7.187 7.189 7.190 7.192 7.193 7.195 7.196 7.197 7.197 7.195 7.190 7.182 7.176 7.168 7.159 7.152 7.148 7.150 7.159 7.177 7.202 7.229 7.249 7.275 7.316 7.361 7.408 7.455 7.502 7.550 7.595 7.636 7.663 7.690 7.729 7.767 7.803 7.836 7.866 7.893 7.915 7.934 7.947 7.959 7.977 7.994 8.011 8.026 8.041 8.056 8.069 8.082 8.090 8.097 8.110 8.124 8.137 8.149 8.161 8.172 8.182 8.191 8.197 8.203 8.213 8.222 8.232 8.241 8.250 8.260 8.269 8.279 8.287 8.295 8.305 8.317
7.192 7.193 7.195 7.197 7.198 7.200 7.201 7.202 7.204 7.204 7.201 7.196 7.188 7.182 7.174 7.165 7.158 7.156 7.160 7.171 7.191 7.218 7.247 7.268 7.295 7.339 7.386 7.434 7.483 7.532 7.580 7.624 7.664 7.690 7.716 7.754 7.790 7.825 7.856 7.884 7.909 7.930 7.949 7.961 7.973 7.990 8.007 8.023 8.038 8.053 8.067 8.080 8.093 8.100 8.108 8.121 8.134 8.147 8.159 8.170 8.181 8.190 8.199 8.205 8.211 8.220 8.229 8.238 8.246 8.255 8.264 8.273 8.283 8.290 8.298 8.308 8.320
