TsunamiDB/out54048.asc
ncols          264
nrows          230
xllcorner      497853.4375
yllcorner      4229146.0000
cellsize         5.
NODATA_value   -99
[rows 99 to 131 of 230, columns 146 to 218 of 264]
5.706 5.724 5.740 5.754 5.766 5.778 5.788 5.798 5.807 5.816 5.825 5.834 5.844 5.853 5.863 5.873 5.882 5.892 5.902 5.912 5.922 5.933 5.945 5.957 5.971 5.986 6.001 6.018 6.036 6.055 6.075 6.096 6.117 6.138 6.158 6.179 6.200 6.220 6.240 6.260 6.279 6.299 6.318 6.338 6.358 6.379 6.400 6.422 6.444 6.465 6.487 6.510 6.533 6.555 6.577 6.598 6.619 6.640 6.661 6.685 6.712 6.741 6.772 6.805 6.839 6.872 6.903 6.933 6.961 6.992 7.029 7.077 7.125
5.722 5.743 5.761 5.776 5.789 5.802 5.813 5.823 5.832 5.841 5.850 5.858 5.867 5.876 5.885 5.894 5.904 5.913 5.923 5.933 5.942 5.953 5.964 5.975 5.988 6.001 6.015 6.031 6.048 6.067 6.086 6.107 6.127 6.148 6.170 6.191 6.212 6.233 6.254 6.274 6.295 6.315 6.335 6.356 6.376 6.398 6.419 6.442 6.463 6.485 6.508 6.531 6.555 6.578 6.600 6.621 6.642 6.663 6.684 6.707 6.732 6.760 6.791 6.823 6.857 6.890 6.924 6.957 6.990 7.027 7.070 7.122 7.175
5.737 5.759 5.778 5.795 5.810 5.824 5.837 5.847 5.857 5.866 5.874 5.882 5.890 5.898 5.907 5.916 5.925 5.934 5.944 5.953 5.962 5.972 5.982 5.993 6.005 6.017 6.029 6.044 6.061 6.078 6.097 6.117 6.138 6.159 6.181 6.202 6.224 6.246 6.267 6.289 6.310 6.331 6.352 6.373 6.394 6.415 6.438 6.460 6.483 6.505 6.528 6.552 6.576 6.599 6.622 6.644 6.665 6.686 6.707 6.729 6.753 6.780 6.809 6.841 6.875 6.910 6.947 6.984 7.024 7.067 7.115 7.172 7.229
5.748 5.772 5.793 5.811 5.829 5.845 5.858 5.870 5.881 5.890 5.898 5.906 5.913 5.921 5.929 5.937 5.946 5.954 5.963 5.972 5.982 5.991 6.001 6.011 6.022 6.032 6.044 6.058 6.073 6.090 6.108 6.128 6.148 6.169 6.191 6.213 6.236 6.258 6.280 6.303 6.324 6.346 6.368 6.389 6.411 6.433 6.455 6.478 6.501 6.524 6.547 6.572 6.596 6.621 6.644 6.667 6.688 6.709 6.729 6.750 6.773 6.799 6.828 6.859 6.894 6.933 6.973 7.016 7.062 7.111 7.164 7.223 7.284
5.758 5.783 5.805 5.825 5.845 5.862 5.878 5.891 5.903 5.913 5.922 5.930 5.937 5.944 5.951 5.958 5.966 5.974 5.983 5.991 6.000 6.009 6.018 6.028 6.038 6.048 6.059 6.072 6.086 6.102 6.120 6.138 6.158 6.180 6.201 6.224 6.247 6.270 6.293 6.316 6.338 6.361 6.383 6.405 6.427 6.449 6.472 6.496 6.519 6.542 6.566 6.591 6.616 6.641 6.665 6.689 6.711 6.732 6.752 6.771 6.793 6.819 6.848 6.880 6.917 6.959 7.003 7.052 7.104 7.157 7.215 7.276 7.339
5.766 5.792 5.816 5.838 5.859 5.878 5.895 5.911 5.924 5.935 5.945 5.953 5.961 5.967 5.974 5.980 5.987 5.994 6.002 6.010 6.018 6.027 6.036 6.045 6.054 6.064 6.073 6.085 6.099 6.114 6.131 6.149 6.168 6.189 6.211 6.234 6.257 6.281 6.305 6.328 6.351 6.374 6.397 6.420 6.442 6.465 6.488 6.512 6.535 6.559 6.583 6.609 6.635 6.661 6.686 6.710 6.733 6.754 6.774 6.793 6.814 6.840 6.870 6.903 6.943 6.987 7.036 7.090 7.147 7.205 7.265 7.328 7.392
5.773 5.800 5.825 5.848 5.871 5.892 5.911 5.928 5.943 5.956 5.967 5.976 5.984 5.991 5.997 6.003 6.009 6.015 6.022 6.029 6.036 6.044 6.052 6.061 6.070 6.079 6.088 6.099 6.112 6.126 6.142 6.159 6.178 6.199 6.221 6.244 6.267 6.292 6.316 6.340 6.364 6.388 6.411 6.434 6.457 6.480 6.504 6.527 6.551 6.575 6.600 6.626 6.653 6.679 6.706 6.731 6.754 6.776 6.796 6.815 6.836 6.863 6.894 6.929 6.972 7.019 7.073 7.132 7.192 7.254 7.317 7.381 7.445
5.780 5.808 5.833 5.858 5.881 5.904 5.924 5.943 5.960 5.975 5.987 5.998 6.007 6.014 6.021 6.026 6.032 6.037 6.042 6.048 6.055 6.062 6.069 6.077 6.086 6.094 6.102 6.113 6.124 6.138 6.153 6.170 6.188 6.209 6.230 6.253 6.277 6.302 6.326 6.351 6.376 6.400 6.424 6.448 6.471 6.494 6.518 6.542 6.566 6.590 6.615 6.642 6.670 6.698 6.725 6.751 6.776 6.798 6.818 6.837 6.859 6.888 6.921 6.960 7.005 7.056 7.114 7.176 7.239 7.304 7.369 7.432 7.496
5.788 5.815 5.841 5.866 5.891 5.915 5.937 5.957 5.976 5.992 6.007 6.019 6.029 6.038 6.045 6.050 6.055 6.060 6.064 6.069 6.074 6.080 6.087 6.094 6.101 6.109 6.117 6.126 6.138 6.150 6.165 6.181 6.199 6.218 6.240 6.263 6.286 6.311 6.336 6.362 6.387 6.412 6.436 6.460 6.484 6.508 6.532 6.556 6.580 6.604 6.631 6.658 6.687 6.715 6.744 6.771 6.797 6.820 6.841 6.862 6.887 6.918 6.953 6.994 7.042 7.097 7.157 7.221 7.287 7.355 7.422 7.485 7.548
5.795 5.823 5.849 5.875 5.900 5.925 5.948 5.970 5.990 6.009 6.025 6.039 6.051 6.061 6.068 6.075 6.080 6.084 6.088 6.092 6.096 6.100 6.105 6.111 6.118 6.125 6.132 6.141 6.151 6.163 6.177 6.192 6.209 6.228 6.249 6.272 6.296 6.321 6.346 6.372 6.397 6.423 6.448 6.473 6.497 6.521 6.545 6.570 6.594 6.619 6.645 6.674 6.703 6.733 6.762 6.791 6.818 6.843 6.866 6.890 6.918 6.952 6.989 7.033 7.084 7.140 7.201 7.267 7.336 7.407 7.476 7.537 7.601
5.802 5.830 5.857 5.883 5.909 5.935 5.959 5.982 6.004 6.024 6.042 6.057 6.071 6.083 6.092 6.099 6.105 6.109 6.113 6.116 6.119 6.122 6.126 6.131 6.136 6.142 6.148 6.156 6.166 6.177 6.189 6.204 6.221 6.239 6.260 6.282 6.305 6.330 6.356 6.382 6.408 6.434 6.460 6.485 6.510 6.534 6.559 6.583 6.608 6.633 6.660 6.689 6.719 6.750 6.781 6.811 6.840 6.867 6.894 6.922 6.953 6.989 7.028 7.075 7.127 7.185 7.247 7.313 7.385 7.459 7.530 7.592 7.656
5.810 5.838 5.865 5.891 5.918 5.944 5.969 5.993 6.016 6.038 6.057 6.075 6.090 6.104 6.115 6.123 6.130 6.135 6.139 6.142 6.144 6.146 6.149 6.152 6.156 6.161 6.166 6.173 6.181 6.192 6.204 6.217 6.233 6.251 6.271 6.292 6.315 6.340 6.366 6.392 6.419 6.445 6.471 6.497 6.522 6.547 6.572 6.597 6.622 6.647 6.675 6.705 6.736 6.768 6.800 6.832 6.864 6.895 6.925 6.956 6.990 7.028 7.070 7.118 7.172 7.231 7.293 7.360 7.434 7.512 7.587 7.650 7.717
5.817 5.845 5.873 5.899 5.926 5.953 5.979 6.004 6.028 6.051 6.072 6.091 6.108 6.123 6.136 6.147 6.155 6.161 6.166 6.169 6.171 6.172 6.174 6.176 6.179 6.182 6.186 6.192 6.199 6.208 6.219 6.232 6.247 6.264 6.283 6.304 6.327 6.351 6.376 6.403 6.430 6.457 6.483 6.510 6.536 6.561 6.586 6.612 6.636 6.662 6.690 6.721 6.753 6.786 6.820 6.855 6.890 6.924 6.958 6.993 7.029 7.069 7.113 7.163 7.218 7.277 7.340 7.408 7.485 7.567 7.648 7.711 7.779
5.824 5.853 5.880 5.907 5.935 5.962 5.988 6.014 6.039 6.063 6.085 6.106 6.125 6.142 6.157 6.169 6.179 6.187 6.192 6.196 6.199 6.200 6.201 6.202 6.204 6.206 6.208 6.213 6.220 6.228 6.237 6.249 6.263 6.279 6.297 6.317 6.339 6.363 6.388 6.415 6.442 6.469 6.496 6.523 6.549 6.576 6.601 6.627 6.651 6.677 6.706 6.737 6.770 6.805 6.841 6.879 6.917 6.955 6.993 7.031 7.069 7.111 7.156 7.207 7.264 7.324 7.387 7.457 7.537 7.625 7.710 7.774 7.844
5.831 5.860 5.887 5.915 5.942 5.970 5.997 6.024 6.049 6.074 6.098 6.120 6.140 6.159 6.175 6.189 6.201 6.211 6.218 6.223 6.227 6.229 6.230 6.231 6.232 6.232 6.234 6.237 6.242 6.249 6.258 6.268 6.281 6.296 6.313 6.332 6.353 6.377 6.402 6.428 6.455 6.482 6.510 6.537 6.564 6.591 6.617 6.643 6.667 6.693 6.722 6.755 6.789 6.825 6.864 6.905 6.946 6.988 7.029 7.069 7.110 7.152 7.199 7.252 7.310 7.371 7.435 7.508 7.592 7.684 7.774 7.839 7.911
5.838 5.867 5.894 5.922 5.950 5.978 6.005 6.033 6.059 6.085 6.109 6.132 6.154 6.174 6.192 6.208 6.222 6.234 6.243 6.249 6.254 6.257 6.259 6.260 6.261 6.261 6.262 6.264 6.268 6.274 6.281 6.291 6.302 6.315 6.331 6.349 6.370 6.392 6.417 6.443 6.470 6.497 6.525 6.553 6.581 6.607 6.634 6.659 6.684 6.711 6.740 6.774 6.810 6.847 6.888 6.932 6.976 7.021 7.065 7.107 7.149 7.193 7.241 7.296 7.355 7.418 7.485 7.560 7.647 7.742 7.836 7.902 7.975
5.844 5.873 5.901 5.928 5.957 5.985 6.013 6.041 6.068 6.094 6.120 6.144 6.167 6.188 6.208 6.226 6.241 6.254 6.265 6.274 6.281 6.286 6.289 6.291 6.292 6.291 6.292 6.294 6.297 6.301 6.308 6.316 6.326 6.338 6.352 6.369 6.388 6.410 6.434 6.459 6.486 6.514 6.542 6.570 6.598 6.625 6.652 6.677 6.703 6.729 6.759 6.794 6.831 6.871 6.914 6.959 7.006 7.054 7.101 7.145 7.188 7.234 7.283 7.339 7.401 7.466 7.536 7.614 7.703 7.803 7.904 7.970 8.040
5.850 5.879 5.907 5.935 5.963 5.992 6.021 6.049 6.076 6.103 6.129 6.155 6.179 6.201 6.222 6.241 6.258 6.274 6.286 6.297 6.306 6.312 6.317 6.321 6.323 6.323 6.324 6.325 6.328 6.332 6.337 6.343 6.352 6.363 6.376 6.392 6.410 6.430 6.453 6.478 6.504 6.532 6.560 6.589 6.617 6.644 6.671 6.697 6.722 6.749 6.780 6.816 6.854 6.895 6.940 6.988 7.037 7.087 7.136 7.181 7.227 7.274 7.325 7.383 7.447 7.516 7.590 7.672 7.764 7.873 7.977 8.037 8.104
5.856 5.884 5.912 5.941 5.969 5.998 6.027 6.056 6.084 6.111 6.138 6.164 6.189 6.213 6.235 6.255 6.274 6.291 6.306 6.318 6.329 6.338 6.345 6.350 6.353 6.355 6.356 6.358 6.361 6.364 6.368 6.374 6.381 6.391 6.403 6.417 6.433 6.453 6.474 6.499 6.524 6.552 6.580 6.609 6.637 6.665 6.692 6.718 6.743 6.770 6.802 6.839 6.879 6.922 6.968 7.017 7.068 7.119 7.170 7.218 7.267 7.315 7.368 7.430 7.498 7.571 7.649 7.736 7.837 7.947 8.044 8.101 8.165
5.861 5.890 5.917 5.946 5.975 6.004 6.033 6.062 6.091 6.119 6.146 6.173 6.199 6.223 6.246 6.268 6.288 6.306 6.323 6.337 6.350 6.361 6.370 6.377 6.382 6.386 6.389 6.392 6.395 6.398 6.402 6.407 6.413 6.421 6.432 6.444 6.460 6.478 6.498 6.521 6.547 6.574 6.602 6.630 6.659 6.687 6.715 6.740 6.766 6.794 6.827 6.865 6.906 6.949 6.997 7.047 7.099 7.151 7.203 7.256 7.307 7.358 7.414 7.480 7.553 7.630 7.713 7.807 7.910 8.015 8.107 8.160 8.222
5.866 5.894 5.922 5.951 5.980 6.010 6.039 6.068 6.097 6.126 6.154 6.181 6.207 6.233 6.257 6.279 6.301 6.320 6.338 6.355 6.369 6.382 6.394 6.403 6.410 6.416 6.421 6.425 6.429 6.432 6.436 6.441 6.447 6.454 6.463 6.474 6.488 6.505 6.524 6.547 6.571 6.597 6.625 6.654 6.683 6.711 6.739 6.765 6.792 6.820 6.853 6.892 6.933 6.977 7.026 7.076 7.129 7.183 7.238 7.294 7.350 7.404 7.463 7.535 7.612 7.693 7.782 7.879 7.979 8.078 8.165 8.216 8.274
5.870 5.898 5.926 5.955 5.985 6.014 6.044 6.073 6.103 6.132 6.160 6.188 6.215 6.241 6.266 6.290 6.312 6.333 6.352 6.370 6.387 6.402 6.415 6.427 6.437 6.444 6.451 6.457 6.462 6.467 6.471 6.476 6.482 6.488 6.496 6.507 6.519 6.534 6.553 6.574 6.597 6.623 6.650 6.679 6.708 6.737 6.765 6.792 6.819 6.849 6.882 6.921 6.962 7.006 7.055 7.106 7.159 7.215 7.274 7.335 7.396 7.454 7.517 7.594 7.675 7.762 7.852 7.946 8.043 8.137 8.220 8.268 8.324
5.874 5.902 5.930 5.960 5.989 6.019 6.049 6.078 6.108 6.137 6.166 6.194 6.222 6.249 6.274 6.299 6.322 6.344 6.365 6.385 6.403 6.420 6.435 6.449 6.461 6.471 6.480 6.488 6.495 6.501 6.507 6.512 6.517 6.523 6.531 6.540 6.552 6.566 6.582 6.602 6.625 6.650 6.677 6.706 6.735 6.764 6.794 6.822 6.850 6.879 6.912 6.950 6.992 7.036 7.084 7.136 7.191 7.249 7.312 7.379 7.446 7.507 7.573 7.655 7.741 7.830 7.918 8.009 8.101 8.191 8.272 8.317 8.369
5.878 5.906 5.934 5.963 5.993 6.023 6.053 6.083 6.113 6.142 6.171 6.200 6.228 6.255 6.282 6.307 6.332 6.355 6.377 6.398 6.417 6.436 6.453 6.470 6.484 6.496 6.507 6.517 6.526 6.534 6.541 6.547 6.553 6.559 6.566 6.575 6.585 6.598 6.614 6.632 6.654 6.679 6.706 6.734 6.764 6.794 6.825 6.854 6.882 6.910 6.943 6.981 7.022 7.066 7.115 7.168 7.225 7.286 7.354 7.427 7.499 7.563 7.632 7.719 7.808 7.895 7.981 8.068 8.156 8.242 8.321 8.364 8.413
5.881 5.909 5.938 5.967 5.997 6.027 6.057 6.087 6.117 6.147 6.176 6.205 6.234 6.262 6.289 6.315 6.340 6.364 6.388 6.410 6.431 6.451 6.470 6.489 6.505 6.519 6.533 6.545 6.556 6.566 6.574 6.582 6.589 6.595 6.602 6.610 6.620 6.632 6.646 6.664 6.684 6.709 6.736 6.764 6.795 6.826 6.857 6.887 6.915 6.943 6.975 7.013 7.054 7.098 7.148 7.203 7.261 7.327 7.400 7.478 7.555 7.621 7.693 7.783 7.872 7.957 8.040 8.122 8.206 8.290 8.368 8.409 8.456
5.885 5.913 5.941 5.970 6.000 6.030 6.060 6.091 6.121 6.151 6.181 6.210 6.239 6.268 6.295 6.322 6.348 6.373 6.398 6.421 6.444 6.465 6.486 6.506 6.524 6.541 6.556 6.571 6.584 6.596 6.606 6.615 6.623 6.631 6.638 6.646 6.655 6.666 6.679 6.696 6.716 6.740 6.767 6.796 6.827 6.859 6.891 6.921 6.950 6.978 7.009 7.046 7.087 7.131 7.183 7.240 7.301 7.371 7.448 7.530 7.612 7.680 7.753 7.843 7.932 8.016 8.096 8.175 8.255 8.335 8.412 8.453 8.497
5.888 5.916 5.944 5.974 6.003 6.034 6.064 6.094 6.124 6.155 6.185 6.215 6.244 6.273 6.301 6.329 6.356 6.382 6.407 6.432 6.456 6.479 6.501 6.523 6.542 6.561 6.579 6.595 6.611 6.625 6.637 6.648 6.657 6.665 6.673 6.681 6.690 6.700 6.713 6.728 6.748 6.772 6.798 6.828 6.860 6.892 6.925 6.957 6.985 7.013 7.043 7.081 7.122 7.168 7.221 7.280 7.345 7.419 7.499 7.585 7.673 7.741 7.813 7.903 7.992 8.075 8.152 8.227 8.303 8.381 8.460 8.498 8.539
5.891 5.919 5.947 5.977 6.006 6.037 6.067 6.097 6.128 6.158 6.189 6.219 6.248 6.278 6.307 6.335 6.363 6.390 6.416 6.442 6.467 6.491 6.515 6.538 6.560 6.580 6.599 6.618 6.636 6.652 6.666 6.679 6.690 6.699 6.708 6.716 6.725 6.735 6.747 6.761 6.780 6.804 6.831 6.861 6.893 6.927 6.961 6.993 7.022 7.049 7.080 7.119 7.161 7.208 7.263 7.325 7.394 7.471 7.554 7.648 7.738 7.802 7.872 7.962 8.049 8.130 8.207 8.279 8.350 8.432 8.511 8.544 8.580
5.893 5.922 5.950 5.979 6.009 6.039 6.070 6.100 6.131 6.162 6.192 6.222 6.253 6.282 6.312 6.341 6.369 6.397 6.425 6.451 6.478 6.503 6.528 6.553 6.576 6.598 6.619 6.640 6.659 6.677 6.694 6.708 6.721 6.732 6.742 6.751 6.760 6.770 6.781 6.795 6.813 6.837 6.864 6.894 6.927 6.961 6.996 7.028 7.058 7.087 7.120 7.161 7.204 7.254 7.312 7.377 7.450 7.530 7.619 7.714 7.800 7.862 7.930 8.020 8.106 8.186 8.261 8.333 8.407 8.487 8.557 8.586 8.620
5.896 5.924 5.952 5.982 6.012 6.042 6.072 6.103 6.134 6.165 6.195 6.226 6.257 6.287 6.317 6.346 6.376 6.404 6.433 6.461 6.488 6.515 6.541 6.567 6.592 6.615 6.638 6.660 6.682 6.702 6.720 6.736 6.751 6.764 6.775 6.785 6.795 6.804 6.815 6.829 6.847 6.870 6.897 6.927 6.960 6.996 7.031 7.064 7.095 7.128 7.165 7.207 7.253 7.306 7.367 7.435 7.511 7.595 7.686 7.778 7.862 7.921 7.987 8.076 8.162 8.242 8.317 8.391 8.466 8.538 8.600 8.627 8.657
5.899 5.927 5.955 5.984 6.014 6.045 6.075 6.106 6.136 6.167 6.198 6.229 6.260 6.291 6.322 6.352 6.382 6.411 6.441 6.470 6.498 6.526 6.554 6.581 6.606 6.631 6.656 6.680 6.703 6.725 6.745 6.764 6.780 6.795 6.808 6.819 6.829 6.839 6.850 6.863 6.880 6.903 6.929 6.959 6.993 7.029 7.065 7.100 7.136 7.173 7.213 7.258 7.306 7.363 7.428 7.498 7.576 7.661 7.752 7.841 7.922 7.979 8.043 8.133 8.219 8.299 8.375 8.450 8.521 8.587 8.642 8.665 8.691
5.902 5.929 5.957 5.987 6.017 6.047 6.077 6.108 6.139 6.170 6.201 6.232 6.264 6.295 6.326 6.357 6.388 6.418 6.448 6.478 6.508 6.537 6.566 6.594 6.621 6.647 6.673 6.699 6.724 6.747 6.769 6.790 6.808 6.825 6.839 6.852 6.863 6.874 6.884 6.897 6.913 6.935 6.962 6.991 7.025 7.062 7.100 7.139 7.179 7.221 7.266 7.313 7.365 7.425 7.493 7.566 7.644 7.727 7.815 7.902 7.983 8.039 8.101 8.190 8.276 8.357 8.434 8.506 8.573 8.633 8.681 8.701 8.723
5.905 5.932 5.960 5.989 6.019 6.049 6.080 6.110 6.141 6.173 6.204 6.235 6.267 6.299 6.330 6.362 6.393 6.425 6.456 6.487 6.517 6.548 6.577 6.607 6.635 6.662 6.690 6.717 6.743 6.769 6.793 6.815 6.835 6.854 6.870 6.885 6.897 6.908 6.919 6.931 6.947 6.968 6.994 7.023 7.057 7.096 7.137 7.179 7.224 7.272 7.321 7.371 7.426 7.490 7.560 7.635 7.711 7.792 7.877 7.963 8.045 8.099 8.160 8.248 8.334 8.415 8.490 8.560 8.623 8.676 8.717 8.734 8.753
