TsunamiDB/out54158.asc
ncols          264
nrows          230
xllcorner      497853.4375
yllcorner      4229146.0000
cellsize         5.
NODATA_value   -99
[rows 68 to 101 of 230, columns 154 to 230 of 264]
6.543 6.547 6.551 6.555 6.559 6.563 6.567 6.571 6.575 6.579 6.584 6.588 6.592 6.597 6.601 6.606 6.611 6.617 6.622 6.628 6.634 6.640 6.646 6.652 6.658 6.665 6.672 6.679 6.686 6.693 6.700 6.707 6.715 6.722 6.730 6.737 6.744 6.752 6.759 6.766 6.774 6.781 6.788 6.795 6.802 6.808 6.815 6.821 6.827 6.833 6.839 6.844 6.850 6.855 6.860 6.865 6.869 6.874 6.878 6.883 6.887 6.891 6.895 6.900 6.905 6.909 6.914 6.919 6.924 6.928 6.929 6.926 6.922 6.922 6.924 6.927 6.937
6.545 6.549 6.552 6.556 6.560 6.564 6.568 6.572 6.576 6.580 6.585 6.589 6.593 6.598 6.602 6.607 6.612 6.617 6.623 6.629 6.634 6.640 6.646 6.652 6.659 6.665 6.672 6.679 6.686 6.693 6.700 6.708 6.715 6.723 6.730 6.738 6.745 6.752 6.760 6.767 6.775 6.782 6.790 6.797 6.803 6.810 6.817 6.823 6.829 6.835 6.841 6.847 6.852 6.858 6.863 6.868 6.873 6.878 6.883 6.887 6.892 6.897 6.901 6.906 6.911 6.917 6.922 6.927 6.933 6.938 6.940 6.937 6.933 6.934 6.936 6.940 6.950
6.546 6.550 6.554 6.558 6.562 6.566 6.570 6.574 6.578 6.582 6.586 6.590 6.594 6.599 6.603 6.608 6.613 6.618 6.624 6.630 6.635 6.641 6.647 6.653 6.659 6.666 6.673 6.679 6.686 6.694 6.701 6.708 6.716 6.723 6.731 6.738 6.746 6.753 6.761 6.768 6.776 6.784 6.791 6.798 6.805 6.812 6.819 6.825 6.831 6.838 6.844 6.850 6.855 6.861 6.867 6.872 6.877 6.882 6.887 6.892 6.897 6.902 6.907 6.913 6.919 6.924 6.930 6.936 6.942 6.948 6.950 6.948 6.945 6.946 6.949 6.953 6.964
6.548 6.552 6.556 6.559 6.563 6.567 6.571 6.575 6.579 6.583 6.587 6.591 6.595 6.600 6.604 6.609 6.614 6.619 6.625 6.630 6.636 6.642 6.647 6.654 6.660 6.666 6.673 6.680 6.687 6.694 6.701 6.709 6.716 6.724 6.731 6.739 6.747 6.754 6.762 6.769 6.777 6.785 6.793 6.800 6.807 6.814 6.821 6.827 6.834 6.840 6.847 6.853 6.859 6.865 6.870 6.876 6.881 6.887 6.892 6.897 6.903 6.908 6.914 6.920 6.926 6.932 6.939 6.945 6.952 6.958 6.961 6.960 6.957 6.959 6.963 6.967 6.979
6.550 6.554 6.557 6.561 6.565 6.569 6.573 6.576 6.580 6.584 6.588 6.592 6.597 6.601 6.605 6.610 6.615 6.620 6.626 6.631 6.637 6.642 6.648 6.654 6.661 6.667 6.674 6.681 6.688 6.695 6.702 6.709 6.717 6.725 6.732 6.740 6.748 6.755 6.763 6.771 6.779 6.787 6.794 6.802 6.809 6.816 6.823 6.830 6.836 6.843 6.850 6.856 6.862 6.868 6.874 6.880 6.886 6.892 6.897 6.903 6.909 6.914 6.921 6.927 6.934 6.940 6.947 6.954 6.962 6.969 6.973 6.972 6.969 6.972 6.976 6.981 6.993
6.552 6.556 6.560 6.563 6.567 6.571 6.574 6.578 6.582 6.586 6.590 6.594 6.598 6.602 6.607 6.611 6.616 6.621 6.627 6.632 6.638 6.644 6.649 6.655 6.662 6.668 6.675 6.681 6.688 6.696 6.703 6.710 6.718 6.725 6.733 6.741 6.749 6.756 6.764 6.772 6.780 6.788 6.796 6.804 6.811 6.818 6.825 6.832 6.839 6.846 6.853 6.859 6.866 6.872 6.878 6.884 6.890 6.897 6.903 6.909 6.915 6.921 6.927 6.935 6.942 6.949 6.956 6.964 6.972 6.980 6.984 6.983 6.981 6.985 6.989 6.995 7.008
6.555 6.558 6.562 6.566 6.569 6.573 6.576 6.580 6.584 6.588 6.592 6.596 6.600 6.604 6.608 6.613 6.618 6.623 6.628 6.634 6.639 6.645 6.650 6.656 6.663 6.669 6.676 6.682 6.689 6.696 6.704 6.711 6.719 6.726 6.734 6.742 6.750 6.758 6.766 6.774 6.782 6.790 6.798 6.806 6.813 6.820 6.828 6.835 6.842 6.849 6.856 6.863 6.869 6.876 6.882 6.889 6.895 6.902 6.908 6.915 6.921 6.928 6.935 6.942 6.950 6.957 6.965 6.974 6.983 6.990 6.995 6.995 6.994 6.998 7.003 7.009 7.022
6.558 6.561 6.565 6.568 6.572 6.575 6.579 6.582 6.586 6.590 6.594 6.598 6.602 6.606 6.610 6.615 6.619 6.624 6.630 6.635 6.641 6.646 6.652 6.658 6.664 6.670 6.677 6.683 6.690 6.698 6.705 6.712 6.720 6.727 6.735 6.743 6.751 6.759 6.767 6.775 6.783 6.792 6.800 6.808 6.815 6.823 6.830 6.838 6.845 6.852 6.859 6.866 6.873 6.880 6.887 6.894 6.900 6.907 6.914 6.921 6.928 6.935 6.942 6.950 6.958 6.966 6.975 6.984 6.993 7.001 7.006 7.007 7.006 7.010 7.016 7.022 7.036
6.561 6.564 6.568 6.571 6.575 6.578 6.581 6.585 6.589 6.592 6.596 6.600 6.604 6.608 6.612 6.616 6.621 6.626 6.631 6.637 6.642 6.648 6.653 6.659 6.665 6.671 6.678 6.685 6.692 6.699 6.706 6.713 6.721 6.729 6.737 6.744 6.752 6.760 6.768 6.777 6.785 6.794 6.802 6.810 6.818 6.825 6.833 6.841 6.848 6.856 6.863 6.870 6.877 6.885 6.892 6.899 6.906 6.913 6.920 6.927 6.934 6.942 6.950 6.958 6.966 6.975 6.984 6.993 7.003 7.012 7.017 7.018 7.017 7.022 7.029 7.035 7.049
6.565 6.568 6.571 6.575 6.578 6.581 6.585 6.588 6.591 6.595 6.599 6.602 6.606 6.610 6.614 6.619 6.623 6.628 6.633 6.639 6.644 6.649 6.655 6.661 6.667 6.673 6.679 6.686 6.693 6.700 6.707 6.715 6.722 6.730 6.738 6.746 6.754 6.762 6.770 6.778 6.787 6.796 6.804 6.812 6.820 6.828 6.836 6.844 6.851 6.859 6.867 6.874 6.882 6.889 6.896 6.904 6.911 6.919 6.926 6.934 6.941 6.949 6.957 6.966 6.975 6.984 6.993 7.003 7.013 7.022 7.027 7.028 7.028 7.034 7.042 7.049 7.063
6.569 6.573 6.576 6.579 6.582 6.585 6.588 6.591 6.595 6.598 6.602 6.605 6.609 6.613 6.617 6.621 6.626 6.630 6.636 6.641 6.646 6.651 6.657 6.663 6.669 6.675 6.681 6.688 6.695 6.702 6.709 6.716 6.724 6.731 6.739 6.747 6.755 6.764 6.772 6.780 6.789 6.798 6.806 6.814 6.822 6.831 6.839 6.847 6.855 6.863 6.870 6.878 6.886 6.894 6.902 6.909 6.917 6.925 6.933 6.941 6.949 6.957 6.965 6.974 6.983 6.993 7.003 7.013 7.023 7.031 7.037 7.039 7.040 7.047 7.055 7.063 7.078
6.575 6.578 6.580 6.583 6.586 6.589 6.592 6.595 6.599 6.602 6.605 6.609 6.612 6.616 6.620 6.624 6.628 6.633 6.638 6.643 6.648 6.654 6.659 6.665 6.671 6.677 6.683 6.690 6.696 6.703 6.710 6.718 6.725 6.733 6.741 6.749 6.757 6.765 6.774 6.782 6.791 6.800 6.808 6.817 6.825 6.833 6.842 6.850 6.858 6.866 6.875 6.883 6.891 6.899 6.907 6.915 6.923 6.931 6.939 6.948 6.956 6.964 6.973 6.982 6.992 7.001 7.012 7.022 7.032 7.040 7.046 7.049 7.051 7.060 7.069 7.079 7.096
6.581 6.583 6.586 6.589 6.592 6.594 6.597 6.600 6.603 6.606 6.609 6.613 6.616 6.620 6.623 6.627 6.632 6.636 6.641 6.646 6.651 6.656 6.662 6.667 6.673 6.679 6.685 6.692 6.698 6.705 6.712 6.720 6.727 6.735 6.743 6.751 6.759 6.767 6.776 6.784 6.793 6.802 6.811 6.819 6.828 6.837 6.845 6.854 6.862 6.870 6.879 6.887 6.896 6.904 6.912 6.921 6.929 6.938 6.946 6.955 6.964 6.972 6.981 6.990 7.000 7.010 7.020 7.030 7.040 7.049 7.056 7.059 7.064 7.073 7.085 7.097 7.115
6.588 6.590 6.593 6.595 6.598 6.600 6.603 6.606 6.608 6.611 6.614 6.617 6.621 6.624 6.627 6.631 6.635 6.640 6.645 6.650 6.654 6.659 6.664 6.670 6.676 6.682 6.688 6.694 6.701 6.708 6.715 6.722 6.730 6.737 6.745 6.753 6.761 6.770 6.778 6.787 6.796 6.805 6.814 6.822 6.831 6.840 6.848 6.857 6.866 6.875 6.883 6.892 6.901 6.909 6.918 6.927 6.936 6.944 6.953 6.962 6.971 6.980 6.989 6.999 7.008 7.018 7.028 7.038 7.049 7.058 7.065 7.071 7.077 7.088 7.101 7.115 7.136
6.596 6.598 6.600 6.602 6.605 6.607 6.609 6.612 6.615 6.617 6.620 6.623 6.626 6.629 6.632 6.636 6.640 6.644 6.649 6.654 6.658 6.663 6.668 6.673 6.679 6.685 6.691 6.697 6.704 6.710 6.717 6.725 6.732 6.740 6.748 6.756 6.764 6.772 6.781 6.789 6.799 6.808 6.817 6.825 6.834 6.843 6.852 6.861 6.870 6.879 6.888 6.897 6.906 6.915 6.924 6.933 6.942 6.951 6.961 6.970 6.979 6.988 6.997 7.007 7.016 7.026 7.036 7.046 7.056 7.066 7.075 7.082 7.090 7.103 7.118 7.134 7.158
6.605 6.607 6.609 6.611 6.613 6.615 6.617 6.619 6.622 6.624 6.627 6.629 6.632 6.635 6.638 6.642 6.645 6.650 6.654 6.658 6.663 6.667 6.672 6.677 6.683 6.688 6.694 6.701 6.707 6.714 6.721 6.728 6.735 6.743 6.751 6.759 6.767 6.775 6.784 6.792 6.802 6.811 6.820 6.829 6.838 6.847 6.856 6.865 6.874 6.884 6.893 6.902 6.911 6.921 6.930 6.940 6.949 6.959 6.968 6.978 6.987 6.996 7.005 7.015 7.024 7.033 7.043 7.053 7.064 7.075 7.085 7.094 7.103 7.118 7.135 7.153 7.179
6.615 6.617 6.619 6.620 6.622 6.624 6.626 6.628 6.630 6.632 6.635 6.637 6.640 6.642 6.645 6.648 6.652 6.656 6.660 6.664 6.668 6.673 6.677 6.682 6.687 6.693 6.699 6.705 6.711 6.718 6.724 6.731 6.739 6.746 6.754 6.762 6.770 6.779 6.787 6.796 6.805 6.815 6.824 6.833 6.842 6.851 6.860 6.870 6.879 6.889 6.898 6.908 6.917 6.927 6.937 6.946 6.956 6.966 6.976 6.986 6.996 7.005 7.013 7.022 7.032 7.041 7.050 7.061 7.072 7.083 7.095 7.105 7.116 7.133 7.151 7.172 7.199
6.626 6.628 6.629 6.631 6.633 6.634 6.636 6.638 6.640 6.642 6.644 6.646 6.648 6.651 6.653 6.656 6.659 6.663 6.667 6.671 6.675 6.679 6.683 6.688 6.693 6.698 6.704 6.710 6.716 6.722 6.729 6.736 6.743 6.751 6.758 6.766 6.774 6.783 6.791 6.800 6.809 6.819 6.828 6.837 6.846 6.856 6.865 6.875 6.884 6.894 6.904 6.914 6.924 6.933 6.943 6.953 6.964 6.974 6.984 6.994 7.004 7.013 7.021 7.030 7.039 7.047 7.057 7.067 7.079 7.092 7.105 7.117 7.130 7.147 7.167 7.190 7.220
6.639 6.640 6.641 6.643 6.644 6.646 6.647 6.649 6.650 6.652 6.654 6.656 6.658 6.660 6.663 6.665 6.668 6.672 6.675 6.679 6.682 6.686 6.690 6.695 6.700 6.705 6.710 6.716 6.722 6.728 6.734 6.741 6.748 6.756 6.763 6.771 6.779 6.787 6.796 6.805 6.814 6.824 6.833 6.842 6.851 6.861 6.871 6.880 6.890 6.900 6.910 6.920 6.930 6.940 6.951 6.961 6.971 6.982 6.992 7.003 7.013 7.021 7.029 7.038 7.046 7.055 7.064 7.075 7.087 7.101 7.115 7.128 7.142 7.162 7.183 7.208 7.239
6.652 6.653 6.654 6.656 6.657 6.658 6.659 6.661 6.662 6.664 6.665 6.667 6.669 6.671 6.673 6.676 6.678 6.682 6.685 6.688 6.691 6.695 6.699 6.703 6.708 6.712 6.718 6.723 6.729 6.735 6.741 6.748 6.755 6.762 6.769 6.777 6.785 6.793 6.802 6.811 6.820 6.829 6.838 6.848 6.857 6.867 6.877 6.886 6.896 6.907 6.917 6.927 6.937 6.948 6.958 6.969 6.979 6.990 7.001 7.012 7.021 7.029 7.037 7.046 7.054 7.062 7.072 7.083 7.096 7.110 7.124 7.139 7.156 7.177 7.199 7.227 7.260
6.666 6.667 6.668 6.669 6.670 6.671 6.673 6.674 6.675 6.677 6.678 6.680 6.681 6.683 6.685 6.687 6.690 6.693 6.696 6.699 6.702 6.705 6.709 6.713 6.717 6.721 6.726 6.732 6.737 6.743 6.749 6.755 6.762 6.769 6.777 6.784 6.792 6.800 6.808 6.817 6.826 6.836 6.845 6.854 6.864 6.874 6.883 6.893 6.903 6.914 6.924 6.934 6.945 6.956 6.966 6.977 6.988 6.999 7.010 7.021 7.030 7.038 7.046 7.054 7.062 7.070 7.080 7.091 7.104 7.118 7.133 7.150 7.171 7.193 7.216 7.247 7.284
6.680 6.681 6.682 6.683 6.684 6.685 6.686 6.688 6.689 6.690 6.691 6.693 6.694 6.696 6.698 6.700 6.702 6.705 6.708 6.711 6.714 6.717 6.720 6.724 6.728 6.732 6.737 6.742 6.747 6.752 6.758 6.765 6.771 6.778 6.785 6.793 6.800 6.808 6.817 6.825 6.834 6.844 6.853 6.862 6.872 6.881 6.891 6.901 6.911 6.922 6.932 6.943 6.953 6.964 6.975 6.986 6.997 7.008 7.019 7.030 7.040 7.048 7.055 7.063 7.071 7.079 7.089 7.100 7.112 7.126 7.143 7.163 7.186 7.210 7.235 7.270 7.309
6.694 6.695 6.696 6.697 6.698 6.699 6.700 6.702 6.703 6.704 6.705 6.707 6.708 6.710 6.712 6.714 6.716 6.719 6.721 6.724 6.727 6.729 6.733 6.736 6.740 6.744 6.748 6.753 6.758 6.763 6.769 6.775 6.782 6.788 6.795 6.802 6.810 6.818 6.826 6.835 6.844 6.853 6.862 6.871 6.881 6.890 6.900 6.910 6.920 6.931 6.941 6.952 6.963 6.974 6.985 6.996 7.007 7.018 7.030 7.040 7.050 7.058 7.065 7.073 7.081 7.088 7.098 7.109 7.121 7.135 7.154 7.176 7.203 7.229 7.256 7.295 7.337
6.708 6.709 6.710 6.711 6.712 6.713 6.714 6.716 6.717 6.718 6.720 6.721 6.723 6.724 6.726 6.728 6.730 6.733 6.735 6.738 6.741 6.743 6.746 6.750 6.753 6.757 6.762 6.766 6.771 6.776 6.782 6.787 6.794 6.800 6.807 6.814 6.821 6.829 6.837 6.845 6.854 6.863 6.872 6.882 6.891 6.901 6.910 6.920 6.931 6.941 6.952 6.962 6.973 6.984 6.995 7.006 7.018 7.029 7.040 7.051 7.061 7.069 7.075 7.083 7.091 7.098 7.107 7.118 7.130 7.145 7.165 7.191 7.222 7.249 7.279 7.321 7.368
6.721 6.722 6.723 6.724 6.726 6.727 6.728 6.729 6.731 6.732 6.734 6.735 6.737 6.738 6.740 6.742 6.745 6.747 6.750 6.752 6.755 6.758 6.761 6.764 6.768 6.772 6.776 6.780 6.785 6.790 6.795 6.801 6.807 6.813 6.820 6.827 6.834 6.842 6.850 6.858 6.867 6.876 6.885 6.894 6.903 6.913 6.922 6.932 6.942 6.953 6.963 6.974 6.985 6.996 7.007 7.018 7.029 7.041 7.052 7.063 7.073 7.080 7.087 7.094 7.102 7.108 7.117 7.128 7.140 7.156 7.178 7.208 7.243 7.272 7.304 7.351 7.400
6.733 6.734 6.736 6.737 6.738 6.740 6.741 6.742 6.744 6.745 6.747 6.749 6.750 6.752 6.754 6.756 6.759 6.762 6.765 6.767 6.770 6.773 6.776 6.779 6.783 6.787 6.791 6.795 6.800 6.805 6.810 6.816 6.822 6.828 6.835 6.842 6.849 6.856 6.864 6.872 6.881 6.890 6.899 6.908 6.917 6.926 6.936 6.946 6.956 6.966 6.976 6.987 6.998 7.009 7.020 7.031 7.043 7.054 7.066 7.077 7.086 7.093 7.099 7.106 7.113 7.119 7.128 7.139 7.151 7.168 7.194 7.227 7.266 7.297 7.331 7.381 7.432
6.744 6.746 6.747 6.749 6.750 6.752 6.753 6.755 6.757 6.758 6.760 6.762 6.764 6.766 6.768 6.770 6.773 6.776 6.779 6.781 6.784 6.788 6.791 6.794 6.798 6.802 6.806 6.811 6.816 6.821 6.826 6.832 6.838 6.844 6.851 6.858 6.865 6.872 6.880 6.888 6.897 6.906 6.914 6.923 6.932 6.942 6.951 6.961 6.971 6.981 6.992 7.002 7.013 7.023 7.035 7.046 7.057 7.069 7.080 7.091 7.101 7.108 7.113 7.120 7.126 7.132 7.140 7.151 7.164 7.183 7.210 7.247 7.289 7.322 7.359 7.411 7.463
6.755 6.756 6.758 6.760 6.762 6.763 6.765 6.767 6.768 6.770 6.772 6.774 6.776 6.778 6.780 6.783 6.786 6.789 6.792 6.795 6.798 6.802 6.805 6.809 6.813 6.817 6.821 6.826 6.831 6.836 6.842 6.848 6.854 6.861 6.867 6.874 6.882 6.889 6.897 6.906 6.914 6.923 6.932 6.940 6.950 6.959 6.969 6.978 6.988 6.998 7.008 7.019 7.029 7.040 7.051 7.062 7.074 7.085 7.097 7.108 7.117 7.124 7.128 7.134 7.140 7.146 7.153 7.164 7.178 7.199 7.229 7.269 7.317 7.352 7.389 7.443 7.497
6.764 6.766 6.768 6.770 6.772 6.774 6.775 6.777 6.779 6.781 6.783 6.785 6.787 6.790 6.792 6.795 6.798 6.801 6.805 6.808 6.811 6.815 6.819 6.823 6.827 6.831 6.836 6.841 6.846 6.852 6.858 6.864 6.870 6.877 6.884 6.891 6.899 6.907 6.915 6.923 6.932 6.941 6.950 6.959 6.968 6.978 6.987 6.997 7.007 7.017 7.027 7.037 7.048 7.058 7.069 7.081 7.092 7.104 7.115 7.126 7.135 7.140 7.144 7.150 7.156 7.161 7.169 7.180 7.196 7.220 7.252 7.298 7.350 7.385 7.422 7.478 7.532
6.773 6.775 6.777 6.779 6.781 6.783 6.785 6.787 6.789 6.791 6.793 6.796 6.798 6.800 6.803 6.806 6.809 6.813 6.816 6.820 6.823 6.827 6.831 6.835 6.840 6.845 6.850 6.855 6.861 6.867 6.873 6.879 6.886 6.893 6.900 6.908 6.916 6.924 6.932 6.941 6.951 6.959 6.969 6.978 6.987 6.997 7.007 7.017 7.027 7.037 7.047 7.057 7.068 7.078 7.089 7.101 7.112 7.124 7.136 7.146 7.154 7.159 7.162 7.169 7.175 7.180 7.188 7.201 7.219 7.245 7.283 7.332 7.384 7.419 7.457 7.513 7.569
6.781 6.783 6.786 6.788 6.790 6.792 6.794 6.797 6.799 6.801 6.803 6.805 6.808 6.810 6.813 6.816 6.819 6.823 6.827 6.830 6.834 6.838 6.843 6.847 6.852 6.857 6.862 6.868 6.874 6.880 6.887 6.894 6.901 6.908 6.916 6.924 6.932 6.941 6.950 6.959 6.968 6.978 6.987 6.997 7.007 7.017 7.027 7.037 7.047 7.057 7.068 7.078 7.089 7.100 7.111 7.122 7.134 7.146 7.157 7.167 7.174 7.179 7.184 7.191 7.197 7.203 7.212 7.227 7.247 7.277 7.318 7.369 7.421 7.456 7.493 7.550 7.607
6.789 6.791 6.794 6.796 6.798 6.801 6.803 6.805 6.808 6.810 6.812 6.815 6.817 6.820 6.822 6.825 6.829 6.833 6.836 6.840 6.844 6.848 6.853 6.858 6.863 6.868 6.874 6.880 6.886 6.893 6.900 6.907 6.914 6.922 6.930 6.939 6.947 6.956 6.966 6.976 6.985 6.995 7.005 7.015 7.025 7.036 7.046 7.057 7.067 7.078 7.089 7.099 7.110 7.121 7.133 7.144 7.156 7.168 7.179 7.189 7.196 7.202 7.207 7.215 7.223 7.230 7.241 7.257 7.281 7.314 7.357 7.407 7.460 7.494 7.532 7.590 7.647
6.796 6.799 6.801 6.804 6.806 6.809 6.811 6.814 6.816 6.818 6.821 6.823 6.826 6.828 6.831 6.834 6.838 6.842 6.846 6.849 6.853 6.858 6.863 6.867 6.873 6.878 6.884 6.890 6.897 6.904 6.911 6.919 6.927 6.935 6.943 6.952 6.961 6.971 6.981 6.991 7.001 7.011 7.022 7.032 7.043 7.054 7.065 7.076 7.087 7.098 7.109 7.120 7.131 7.143 7.154 7.166 7.178 7.190 7.201 7.211 7.219 7.225 7.232 7.242 7.252 7.261 7.275 7.294 7.320 7.353 7.397 7.448 7.501 7.536 7.574 7.632 7.689
6.803 6.806 6.808 6.811 6.814 6.817 6.819 6.822 6.824 6.827 6.829 6.832 6.834 6.837 6.840 6.843 6.847 6.851 6.854 6.858 6.862 6.867 6.871 6.877 6.882 6.888 6.894 6.900 6.907 6.914 6.922 6.930 6.938 6.946 6.955 6.965 6.974 6.984 6.994 7.005 7.016 7.026 7.037 7.048 7.059 7.070 7.082 7.093 7.105 7.117 7.128 7.140 7.151 7.163 7.175 7.187 7.199 7.211 7.222 7.232 7.242 7.250 7.259 7.271 7.283 7.295 7.312 7.334 7.360 7.395 7.438 7.490 7.545 7.581 7.618 7.677 7.735
