TsunamiDB/out54017.asc
ncols          264
nrows          230
xllcorner      497853.4375
yllcorner      4229146.0000
cellsize         5.
NODATA_value   -99
[rows 124 to 154 of 230, columns 140 to 209 of 264]
-99.000 -99.000 -99.000 -99.000 -99.000 -99.000 1.646 1.665 1.763 1.965 2.251 2.597 2.969 3.322 3.624 3.869 4.060 4.210 4.328 4.424 4.505 4.576 4.640 4.699 4.755 4.809 4.860 4.910 4.958 5.005 5.050 5.095 5.139 5.184 5.227 5.271 5.315 5.359 5.404 5.449 5.494 5.540 5.586 5.632 5.678 5.725 5.771 5.817 5.862 5.907 5.950 5.993 6.036 6.078 6.122 6.169 6.225 6.289 6.358 6.433 6.519 6.611 6.708 6.812 6.918 7.023 7.122 7.203 7.302 7.418
-99.000 -99.000 -99.000 -99.000 -99.000 1.645 1.649 1.694 1.838 2.079 2.395 2.757 3.127 3.461 3.739 3.960 4.133 4.269 4.377 4.466 4.542 4.609 4.670 4.727 4.781 4.833 4.883 4.931 4.979 5.025 5.070 5.114 5.158 5.202 5.245 5.287 5.329 5.372 5.415 5.458 5.502 5.548 5.594 5.640 5.688 5.737 5.786 5.837 5.886 5.935 5.983 6.029 6.075 6.120 6.164 6.211 6.265 6.329 6.396 6.470 6.555 6.646 6.745 6.849 6.955 7.062 7.161 7.236 7.329 7.446
-99.000 -99.000 -99.000 -99.000 -99.000 1.645 1.660 1.743 1.932 2.208 2.548 2.919 3.279 3.590 3.844 4.044 4.200 4.323 4.423 4.506 4.578 4.642 4.701 4.755 4.808 4.858 4.906 4.954 5.000 5.046 5.090 5.133 5.177 5.219 5.261 5.302 5.342 5.383 5.424 5.466 5.509 5.553 5.599 5.647 5.696 5.747 5.800 5.854 5.908 5.962 6.014 6.064 6.114 6.161 6.206 6.254 6.309 6.373 6.439 6.512 6.595 6.685 6.784 6.888 6.994 7.104 7.197 7.261 7.350 7.467
-99.000 -99.000 -99.000 -99.000 1.645 1.648 1.685 1.814 2.044 2.352 2.710 3.082 3.423 3.709 3.939 4.119 4.260 4.373 4.466 4.545 4.613 4.675 4.732 4.785 4.835 4.884 4.931 4.977 5.022 5.067 5.110 5.152 5.195 5.236 5.277 5.316 5.354 5.393 5.432 5.472 5.514 5.558 5.604 5.652 5.702 5.756 5.812 5.871 5.929 5.987 6.044 6.099 6.151 6.201 6.249 6.301 6.359 6.423 6.489 6.562 6.643 6.732 6.829 6.933 7.041 7.143 7.225 7.281 7.366 7.484
-99.000 -99.000 -99.000 -99.000 1.645 1.656 1.729 1.905 2.172 2.507 2.877 3.239 3.556 3.817 4.024 4.187 4.315 4.420 4.507 4.582 4.648 4.709 4.764 4.816 4.865 4.912 4.957 5.002 5.046 5.089 5.131 5.172 5.214 5.254 5.292 5.330 5.366 5.402 5.439 5.478 5.518 5.561 5.607 5.656 5.708 5.764 5.823 5.885 5.947 6.010 6.072 6.131 6.187 6.241 6.295 6.352 6.413 6.478 6.545 6.619 6.699 6.785 6.879 6.981 7.084 7.176 7.250 7.300 7.382 7.502
-99.000 -99.000 -99.000 1.645 1.647 1.677 1.796 2.015 2.316 2.671 3.044 3.388 3.679 3.915 4.101 4.248 4.366 4.463 4.545 4.618 4.682 4.741 4.796 4.847 4.895 4.941 4.985 5.029 5.071 5.113 5.154 5.194 5.234 5.273 5.310 5.345 5.379 5.413 5.447 5.483 5.522 5.564 5.610 5.660 5.713 5.771 5.833 5.898 5.964 6.031 6.098 6.162 6.223 6.283 6.343 6.405 6.469 6.537 6.606 6.682 6.761 6.843 6.933 7.028 7.123 7.208 7.276 7.322 7.403 7.527
-99.000 -99.000 -99.000 1.645 1.653 1.717 1.884 2.143 2.472 2.841 3.205 3.526 3.792 4.004 4.171 4.303 4.412 4.503 4.581 4.651 4.715 4.773 4.827 4.878 4.925 4.971 5.015 5.057 5.099 5.139 5.179 5.218 5.256 5.293 5.329 5.362 5.394 5.426 5.457 5.491 5.528 5.569 5.615 5.664 5.719 5.778 5.843 5.911 5.981 6.052 6.124 6.194 6.261 6.327 6.393 6.459 6.528 6.598 6.671 6.749 6.825 6.904 6.986 7.072 7.161 7.242 7.309 7.351 7.431 7.557
-99.000 -99.000 -99.000 1.646 1.671 1.780 1.992 2.286 2.638 3.011 3.358 3.654 3.894 4.084 4.234 4.355 4.455 4.540 4.615 4.683 4.746 4.803 4.857 4.908 4.956 5.001 5.045 5.087 5.128 5.168 5.206 5.244 5.281 5.317 5.351 5.382 5.412 5.441 5.470 5.502 5.536 5.576 5.621 5.671 5.726 5.787 5.854 5.925 5.998 6.073 6.150 6.226 6.299 6.370 6.442 6.514 6.587 6.659 6.735 6.815 6.891 6.964 7.037 7.117 7.200 7.281 7.349 7.387 7.465 7.593
-99.000 -99.000 1.645 1.651 1.707 1.865 2.118 2.443 2.810 3.177 3.502 3.772 3.988 4.158 4.293 4.403 4.495 4.576 4.648 4.714 4.775 4.832 4.886 4.937 4.985 5.031 5.074 5.117 5.157 5.197 5.235 5.272 5.308 5.342 5.375 5.405 5.434 5.460 5.487 5.516 5.549 5.587 5.631 5.680 5.736 5.797 5.866 5.940 6.016 6.094 6.176 6.258 6.337 6.414 6.492 6.568 6.643 6.717 6.796 6.879 6.954 7.022 7.090 7.164 7.245 7.327 7.396 7.430 7.505 7.637
-99.000 -99.000 1.646 1.666 1.766 1.971 2.260 2.609 2.982 3.334 3.635 3.880 4.073 4.226 4.348 4.448 4.534 4.610 4.679 4.743 4.803 4.860 4.913 4.964 5.013 5.059 5.103 5.146 5.187 5.227 5.264 5.301 5.336 5.370 5.402 5.431 5.458 5.483 5.508 5.535 5.565 5.601 5.643 5.692 5.748 5.810 5.880 5.956 6.035 6.116 6.203 6.290 6.374 6.458 6.539 6.618 6.695 6.770 6.852 6.939 7.014 7.081 7.145 7.216 7.297 7.379 7.449 7.478 7.549 7.678
-99.000 1.645 1.650 1.699 1.847 2.094 2.415 2.780 3.150 3.480 3.756 3.977 4.151 4.288 4.399 4.492 4.572 4.644 4.710 4.772 4.831 4.887 4.940 4.991 5.040 5.086 5.131 5.175 5.216 5.256 5.293 5.330 5.365 5.398 5.429 5.458 5.484 5.508 5.532 5.557 5.585 5.619 5.660 5.708 5.763 5.825 5.896 5.974 6.054 6.138 6.228 6.319 6.409 6.497 6.582 6.663 6.742 6.819 6.903 6.993 7.072 7.140 7.203 7.273 7.351 7.432 7.502 7.527 7.591 7.712
-99.000 1.646 1.662 1.753 1.949 2.232 2.579 2.952 3.309 3.616 3.867 4.066 4.222 4.346 4.448 4.534 4.610 4.678 4.742 4.802 4.859 4.913 4.966 5.017 5.065 5.112 5.158 5.201 5.244 5.283 5.321 5.359 5.393 5.426 5.457 5.485 5.511 5.535 5.559 5.583 5.610 5.642 5.681 5.727 5.781 5.842 5.912 5.991 6.073 6.159 6.252 6.346 6.441 6.533 6.622 6.707 6.788 6.864 6.951 7.047 7.130 7.201 7.267 7.336 7.410 7.492 7.566 7.581 7.632 7.746
1.645 1.648 1.690 1.829 2.068 2.384 2.748 3.120 3.457 3.739 3.966 4.145 4.285 4.399 4.493 4.574 4.646 4.712 4.774 4.832 4.888 4.941 4.993 5.043 5.091 5.138 5.183 5.227 5.270 5.310 5.348 5.386 5.420 5.453 5.483 5.512 5.538 5.563 5.587 5.611 5.638 5.668 5.705 5.749 5.800 5.860 5.930 6.011 6.092 6.180 6.275 6.373 6.472 6.569 6.661 6.749 6.832 6.908 6.998 7.101 7.189 7.265 7.334 7.403 7.477 7.567 7.634 7.631 7.668 7.772
1.645 1.658 1.739 1.925 2.202 2.544 2.918 3.279 3.593 3.851 4.055 4.216 4.343 4.447 4.536 4.613 4.682 4.746 4.806 4.863 4.917 4.970 5.020 5.070 5.117 5.164 5.209 5.252 5.295 5.335 5.373 5.411 5.445 5.478 5.508 5.537 5.564 5.590 5.615 5.641 5.668 5.698 5.733 5.774 5.824 5.882 5.953 6.033 6.115 6.203 6.300 6.401 6.503 6.603 6.700 6.791 6.874 6.952 7.046 7.155 7.251 7.333 7.407 7.481 7.562 7.642 7.687 7.671 7.695 7.785
1.647 1.682 1.809 2.039 2.348 2.710 3.084 3.428 3.718 3.951 4.134 4.279 4.395 4.492 4.575 4.649 4.717 4.779 4.838 4.894 4.948 5.000 5.050 5.098 5.145 5.191 5.235 5.278 5.320 5.360 5.398 5.435 5.469 5.501 5.531 5.560 5.588 5.616 5.643 5.672 5.701 5.731 5.766 5.805 5.853 5.910 5.979 6.058 6.139 6.228 6.326 6.428 6.531 6.635 6.736 6.830 6.916 6.995 7.094 7.212 7.316 7.405 7.485 7.565 7.642 7.702 7.728 7.698 7.708 7.782
1.655 1.724 1.898 2.166 2.503 2.877 3.244 3.566 3.831 4.041 4.206 4.336 4.443 4.533 4.612 4.683 4.749 4.811 4.870 4.926 4.979 5.031 5.081 5.129 5.175 5.220 5.264 5.306 5.347 5.385 5.422 5.458 5.492 5.524 5.553 5.583 5.612 5.641 5.672 5.704 5.736 5.769 5.803 5.842 5.888 5.943 6.009 6.086 6.166 6.254 6.352 6.455 6.559 6.666 6.771 6.869 6.959 7.040 7.144 7.273 7.383 7.478 7.563 7.641 7.706 7.748 7.756 7.710 7.705 7.762
1.673 1.786 2.004 2.305 2.663 3.042 3.393 3.692 3.933 4.122 4.270 4.388 4.486 4.570 4.645 4.715 4.779 4.841 4.899 4.956 5.010 5.062 5.112 5.160 5.207 5.252 5.295 5.336 5.375 5.412 5.447 5.482 5.515 5.546 5.576 5.605 5.635 5.668 5.701 5.737 5.773 5.809 5.845 5.884 5.928 5.980 6.044 6.118 6.197 6.283 6.379 6.482 6.587 6.695 6.806 6.909 7.005 7.088 7.197 7.332 7.448 7.549 7.633 7.702 7.753 7.778 7.769 7.709 7.685 7.724
1.708 1.867 2.124 2.453 2.826 3.200 3.532 3.807 4.025 4.194 4.328 4.435 4.526 4.605 4.677 4.744 4.808 4.868 4.927 4.984 5.039 5.092 5.143 5.192 5.239 5.284 5.327 5.367 5.406 5.441 5.475 5.508 5.540 5.570 5.599 5.629 5.660 5.695 5.732 5.771 5.811 5.851 5.890 5.929 5.972 6.022 6.083 6.154 6.230 6.313 6.408 6.510 6.614 6.725 6.840 6.952 7.054 7.137 7.248 7.389 7.510 7.610 7.687 7.746 7.784 7.792 7.766 7.690 7.648 7.669
1.762 1.964 2.254 2.606 2.987 3.350 3.660 3.911 4.108 4.261 4.381 4.479 4.563 4.638 4.707 4.771 4.834 4.894 4.953 5.010 5.066 5.120 5.172 5.223 5.271 5.317 5.360 5.400 5.438 5.472 5.504 5.535 5.566 5.595 5.624 5.654 5.687 5.723 5.763 5.805 5.849 5.894 5.936 5.977 6.020 6.068 6.125 6.194 6.265 6.346 6.439 6.538 6.643 6.757 6.877 6.996 7.102 7.183 7.295 7.443 7.563 7.656 7.726 7.774 7.797 7.790 7.748 7.655 7.595 7.600
1.833 2.074 2.393 2.762 3.143 3.490 3.778 4.006 4.183 4.321 4.430 4.521 4.599 4.670 4.735 4.798 4.858 4.918 4.976 5.034 5.090 5.146 5.200 5.252 5.301 5.348 5.392 5.433 5.470 5.503 5.534 5.564 5.593 5.622 5.651 5.681 5.715 5.753 5.795 5.840 5.888 5.936 5.982 6.027 6.070 6.116 6.171 6.237 6.306 6.383 6.474 6.572 6.677 6.792 6.917 7.040 7.149 7.227 7.338 7.485 7.600 7.687 7.747 7.783 7.793 7.770 7.712 7.604 7.528 7.518
1.919 2.195 2.538 2.917 3.292 3.620 3.884 4.091 4.251 4.376 4.476 4.560 4.633 4.700 4.763 4.823 4.882 4.941 4.998 5.056 5.113 5.169 5.224 5.278 5.329 5.377 5.422 5.463 5.501 5.534 5.564 5.593 5.621 5.649 5.679 5.710 5.745 5.784 5.828 5.875 5.925 5.976 6.027 6.074 6.120 6.166 6.220 6.284 6.350 6.425 6.513 6.610 6.714 6.829 6.953 7.077 7.187 7.262 7.369 7.511 7.621 7.701 7.752 7.777 7.774 7.737 7.665 7.542 7.454 7.434
2.019 2.324 2.685 3.070 3.433 3.738 3.980 4.168 4.313 4.426 4.519 4.597 4.666 4.730 4.791 4.849 4.906 4.963 5.020 5.077 5.134 5.190 5.246 5.300 5.353 5.402 5.449 5.491 5.529 5.562 5.592 5.621 5.649 5.677 5.707 5.739 5.775 5.815 5.860 5.908 5.961 6.015 6.069 6.121 6.170 6.217 6.270 6.334 6.399 6.471 6.556 6.650 6.753 6.866 6.989 7.115 7.228 7.293 7.390 7.529 7.634 7.706 7.747 7.762 7.746 7.696 7.612 7.477 7.380 7.355
2.129 2.459 2.834 3.218 3.563 3.846 4.067 4.237 4.368 4.472 4.558 4.632 4.699 4.760 4.818 4.875 4.931 4.986 5.042 5.098 5.154 5.210 5.266 5.321 5.374 5.424 5.471 5.515 5.554 5.588 5.619 5.648 5.676 5.704 5.735 5.768 5.805 5.847 5.892 5.941 5.995 6.052 6.109 6.165 6.217 6.266 6.321 6.386 6.451 6.522 6.604 6.695 6.796 6.908 7.029 7.162 7.267 7.314 7.403 7.537 7.635 7.700 7.733 7.737 7.710 7.649 7.554 7.411 7.311 7.284
2.247 2.598 2.982 3.358 3.684 3.944 4.145 4.299 4.418 4.515 4.595 4.666 4.730 4.789 4.846 4.901 4.955 5.010 5.064 5.119 5.174 5.230 5.285 5.339 5.392 5.443 5.491 5.535 5.576 5.611 5.643 5.673 5.702 5.731 5.763 5.798 5.837 5.879 5.924 5.974 6.029 6.086 6.146 6.204 6.260 6.316 6.376 6.442 6.507 6.579 6.660 6.749 6.848 6.960 7.084 7.204 7.288 7.324 7.406 7.534 7.626 7.685 7.710 7.705 7.669 7.599 7.496 7.349 7.246 7.217
2.373 2.740 3.127 3.491 3.794 4.033 4.215 4.354 4.464 4.554 4.630 4.698 4.759 4.818 4.873 4.927 4.981 5.034 5.088 5.141 5.195 5.250 5.304 5.358 5.410 5.461 5.509 5.554 5.596 5.633 5.667 5.698 5.729 5.760 5.793 5.830 5.869 5.912 5.957 6.006 6.061 6.120 6.181 6.243 6.305 6.368 6.432 6.500 6.569 6.645 6.726 6.811 6.907 7.017 7.131 7.229 7.298 7.325 7.400 7.522 7.610 7.664 7.682 7.670 7.626 7.548 7.440 7.289 7.185 7.153
2.503 2.882 3.267 3.614 3.895 4.113 4.278 4.405 4.506 4.590 4.662 4.727 4.788 4.845 4.900 4.954 5.007 5.059 5.112 5.165 5.218 5.271 5.324 5.377 5.429 5.479 5.528 5.573 5.616 5.655 5.691 5.726 5.758 5.791 5.826 5.864 5.904 5.946 5.991 6.041 6.096 6.154 6.216 6.283 6.351 6.421 6.490 6.561 6.635 6.717 6.796 6.876 6.967 7.065 7.161 7.244 7.300 7.319 7.387 7.505 7.589 7.637 7.651 7.632 7.581 7.498 7.384 7.230 7.123 7.087
2.638 3.023 3.401 3.728 3.987 4.185 4.335 4.451 4.544 4.623 4.692 4.755 4.815 4.871 4.926 4.979 5.032 5.084 5.137 5.189 5.241 5.293 5.345 5.397 5.448 5.498 5.547 5.594 5.638 5.679 5.718 5.755 5.791 5.827 5.863 5.902 5.942 5.985 6.030 6.079 6.133 6.192 6.256 6.326 6.400 6.475 6.551 6.625 6.704 6.788 6.865 6.941 7.018 7.099 7.180 7.250 7.298 7.310 7.371 7.485 7.564 7.609 7.617 7.594 7.538 7.448 7.327 7.168 7.057 7.013
2.775 3.162 3.528 3.834 4.072 4.252 4.388 4.494 4.580 4.654 4.721 4.782 4.840 4.896 4.951 5.004 5.057 5.109 5.161 5.212 5.264 5.315 5.366 5.418 5.469 5.519 5.568 5.616 5.662 5.706 5.748 5.789 5.829 5.867 5.905 5.945 5.986 6.030 6.074 6.123 6.177 6.235 6.300 6.372 6.450 6.532 6.612 6.686 6.767 6.855 6.931 6.995 7.056 7.123 7.191 7.252 7.295 7.299 7.353 7.463 7.540 7.579 7.582 7.555 7.492 7.394 7.265 7.100 6.981 6.931
2.913 3.297 3.648 3.932 4.150 4.313 4.437 4.534 4.615 4.685 4.748 4.807 4.864 4.920 4.974 5.028 5.080 5.132 5.184 5.235 5.286 5.336 5.387 5.438 5.489 5.539 5.590 5.640 5.688 5.734 5.781 5.826 5.869 5.911 5.952 5.993 6.035 6.079 6.124 6.173 6.226 6.284 6.348 6.421 6.501 6.587 6.668 6.740 6.823 6.915 6.985 7.037 7.086 7.139 7.197 7.253 7.292 7.289 7.336 7.443 7.514 7.548 7.546 7.511 7.442 7.335 7.194 7.021 6.898 6.842
3.050 3.427 3.760 4.023 4.221 4.371 4.483 4.573 4.648 4.714 4.775 4.833 4.889 4.943 4.997 5.050 5.103 5.154 5.205 5.255 5.305 5.355 5.406 5.456 5.508 5.559 5.612 5.664 5.714 5.764 5.815 5.865 5.912 5.958 6.001 6.044 6.087 6.132 6.178 6.227 6.279 6.336 6.399 6.472 6.553 6.638 6.718 6.787 6.868 6.959 7.024 7.069 7.107 7.150 7.201 7.253 7.289 7.279 7.319 7.420 7.483 7.510 7.500 7.459 7.382 7.263 7.110 6.931 6.804 6.749
3.185 3.552 3.864 4.106 4.288 4.423 4.527 4.611 4.682 4.744 4.803 4.859 4.913 4.967 5.020 5.072 5.124 5.175 5.225 5.274 5.323 5.372 5.422 5.473 5.525 5.578 5.632 5.687 5.741 5.794 5.849 5.902 5.954 6.004 6.051 6.096 6.141 6.187 6.235 6.284 6.336 6.391 6.453 6.523 6.599 6.680 6.758 6.822 6.900 6.989 7.053 7.094 7.127 7.164 7.207 7.253 7.286 7.269 7.300 7.392 7.448 7.466 7.448 7.399 7.312 7.183 7.020 6.838 6.717 6.673
