TsunamiDB/out54070.asc
ncols          264
nrows          230
xllcorner      497853.4375
yllcorner      4229146.0000
cellsize         5.
NODATA_value   -99
[rows 170 to 203 of 230, columns 150 to 224 of 264]
6.986 7.002 7.018 7.035 7.052 7.069 7.087 7.105 7.123 7.140 7.157 7.173 7.187 7.197 7.203 7.207 7.216 7.235 7.261 7.293 7.340 7.399 7.469 7.547 7.633 7.719 7.799 7.861 7.932 8.025 8.116 8.204 8.287 8.365 8.437 8.501 8.555 8.589 8.624 8.676 8.725 8.771 8.811 8.847 8.880 8.906 8.930 8.943 8.956 8.977 8.997 9.016 9.033 9.049 9.065 9.079 9.092 9.097 9.102 9.114 9.127 9.138 9.147 9.154 9.160 9.163 9.164 9.159 9.153 9.152 9.150 9.148 9.144 9.141 9.137
6.999 7.017 7.034 7.051 7.068 7.086 7.105 7.123 7.142 7.161 7.179 7.196 7.212 7.224 7.232 7.239 7.249 7.271 7.298 7.332 7.380 7.441 7.509 7.587 7.672 7.759 7.841 7.903 7.974 8.068 8.161 8.250 8.332 8.410 8.481 8.542 8.595 8.626 8.660 8.709 8.755 8.798 8.836 8.871 8.901 8.927 8.950 8.963 8.975 8.995 9.015 9.033 9.049 9.065 9.080 9.094 9.107 9.112 9.117 9.129 9.142 9.153 9.162 9.169 9.174 9.177 9.178 9.173 9.167 9.166 9.163 9.160 9.156 9.152 9.148
7.013 7.031 7.049 7.067 7.085 7.103 7.122 7.142 7.162 7.182 7.201 7.220 7.238 7.252 7.262 7.270 7.283 7.307 7.336 7.372 7.421 7.480 7.548 7.625 7.710 7.798 7.882 7.945 8.016 8.113 8.206 8.294 8.376 8.453 8.522 8.582 8.632 8.661 8.693 8.739 8.783 8.824 8.861 8.893 8.923 8.949 8.971 8.983 8.995 9.014 9.033 9.050 9.066 9.080 9.095 9.109 9.122 9.127 9.132 9.145 9.157 9.168 9.177 9.184 9.189 9.191 9.192 9.187 9.181 9.179 9.176 9.173 9.168 9.163 9.159
7.026 7.045 7.063 7.082 7.101 7.120 7.140 7.160 7.181 7.202 7.223 7.244 7.264 7.280 7.292 7.303 7.318 7.344 7.374 7.411 7.460 7.519 7.586 7.662 7.748 7.837 7.924 7.987 8.060 8.157 8.249 8.337 8.418 8.493 8.561 8.618 8.666 8.694 8.724 8.768 8.809 8.849 8.884 8.915 8.944 8.969 8.990 9.002 9.014 9.032 9.050 9.067 9.082 9.096 9.110 9.123 9.137 9.142 9.147 9.160 9.172 9.183 9.191 9.198 9.203 9.206 9.206 9.201 9.195 9.192 9.189 9.185 9.180 9.175 9.170
7.039 7.059 7.078 7.097 7.117 7.137 7.158 7.179 7.201 7.223 7.246 7.268 7.290 7.309 7.324 7.336 7.353 7.380 7.412 7.449 7.499 7.557 7.623 7.699 7.784 7.875 7.964 8.029 8.102 8.198 8.290 8.377 8.456 8.531 8.597 8.653 8.698 8.725 8.753 8.795 8.835 8.873 8.906 8.937 8.966 8.990 9.011 9.022 9.033 9.051 9.068 9.084 9.098 9.112 9.125 9.139 9.152 9.158 9.163 9.175 9.187 9.197 9.206 9.212 9.217 9.220 9.220 9.215 9.209 9.206 9.202 9.198 9.193 9.188 9.182
7.053 7.073 7.093 7.113 7.133 7.154 7.176 7.198 7.221 7.245 7.269 7.293 7.317 7.338 7.355 7.369 7.388 7.416 7.449 7.486 7.535 7.593 7.659 7.735 7.820 7.912 8.006 8.071 8.143 8.239 8.330 8.416 8.494 8.568 8.633 8.687 8.730 8.754 8.781 8.821 8.860 8.896 8.929 8.960 8.987 9.011 9.031 9.041 9.052 9.069 9.086 9.102 9.116 9.129 9.141 9.154 9.169 9.174 9.179 9.191 9.203 9.213 9.220 9.227 9.232 9.234 9.234 9.228 9.222 9.219 9.216 9.212 9.206 9.201 9.195
7.066 7.087 7.108 7.129 7.150 7.172 7.194 7.217 7.242 7.267 7.292 7.318 7.344 7.367 7.386 7.401 7.421 7.450 7.484 7.521 7.570 7.628 7.695 7.770 7.856 7.955 8.051 8.113 8.184 8.280 8.370 8.454 8.531 8.603 8.667 8.717 8.757 8.782 8.808 8.847 8.884 8.920 8.952 8.982 9.009 9.032 9.051 9.061 9.071 9.088 9.104 9.120 9.133 9.146 9.158 9.172 9.187 9.191 9.196 9.208 9.219 9.228 9.235 9.242 9.246 9.248 9.247 9.242 9.236 9.233 9.229 9.225 9.220 9.214 9.208
7.080 7.102 7.123 7.145 7.167 7.189 7.213 7.237 7.263 7.289 7.316 7.344 7.371 7.396 7.416 7.433 7.454 7.485 7.518 7.556 7.605 7.664 7.732 7.810 7.900 8.000 8.092 8.153 8.223 8.318 8.406 8.489 8.565 8.635 8.696 8.744 8.784 8.808 8.833 8.871 8.908 8.943 8.975 9.004 9.030 9.052 9.071 9.081 9.090 9.107 9.123 9.138 9.152 9.164 9.177 9.190 9.204 9.209 9.213 9.224 9.234 9.243 9.250 9.256 9.260 9.261 9.261 9.255 9.249 9.246 9.243 9.239 9.234 9.228 9.223
7.094 7.117 7.139 7.161 7.184 7.208 7.232 7.258 7.284 7.312 7.340 7.369 7.398 7.424 7.446 7.465 7.487 7.518 7.553 7.591 7.641 7.702 7.771 7.852 7.945 8.042 8.130 8.191 8.260 8.353 8.440 8.522 8.596 8.663 8.721 8.769 8.810 8.833 8.857 8.895 8.932 8.966 8.997 9.025 9.051 9.072 9.091 9.100 9.109 9.125 9.142 9.157 9.171 9.183 9.196 9.209 9.222 9.226 9.230 9.240 9.250 9.258 9.264 9.270 9.273 9.274 9.274 9.269 9.263 9.260 9.257 9.253 9.248 9.244 9.239
7.109 7.132 7.155 7.179 7.202 7.227 7.252 7.279 7.306 7.335 7.364 7.395 7.425 7.452 7.476 7.496 7.519 7.552 7.587 7.627 7.679 7.740 7.812 7.895 7.987 8.080 8.166 8.225 8.294 8.386 8.472 8.552 8.624 8.689 8.746 8.794 8.834 8.857 8.881 8.919 8.955 8.989 9.019 9.046 9.071 9.092 9.111 9.120 9.128 9.145 9.161 9.176 9.190 9.203 9.216 9.228 9.240 9.243 9.246 9.256 9.265 9.272 9.278 9.283 9.286 9.287 9.287 9.282 9.276 9.274 9.271 9.268 9.264 9.259 9.255
7.125 7.149 7.173 7.197 7.221 7.246 7.272 7.300 7.328 7.358 7.389 7.420 7.451 7.480 7.505 7.527 7.551 7.585 7.623 7.664 7.717 7.780 7.853 7.934 8.024 8.115 8.199 8.258 8.326 8.416 8.501 8.580 8.650 8.713 8.769 8.817 8.858 8.881 8.904 8.942 8.978 9.011 9.040 9.067 9.091 9.112 9.131 9.140 9.148 9.165 9.181 9.196 9.210 9.223 9.235 9.247 9.257 9.260 9.263 9.272 9.280 9.287 9.292 9.296 9.299 9.300 9.300 9.295 9.290 9.288 9.286 9.283 9.279 9.275 9.271
7.142 7.166 7.190 7.215 7.240 7.266 7.293 7.321 7.350 7.381 7.412 7.445 7.477 7.507 7.534 7.557 7.584 7.619 7.658 7.701 7.755 7.820 7.891 7.971 8.059 8.147 8.230 8.289 8.356 8.444 8.528 8.606 8.674 8.736 8.792 8.840 8.881 8.904 8.927 8.964 9.000 9.032 9.061 9.087 9.111 9.132 9.151 9.160 9.168 9.185 9.201 9.216 9.230 9.243 9.255 9.266 9.275 9.277 9.280 9.287 9.294 9.301 9.305 9.309 9.311 9.313 9.313 9.309 9.304 9.302 9.300 9.298 9.295 9.291 9.287
7.158 7.184 7.209 7.234 7.260 7.286 7.313 7.342 7.372 7.404 7.436 7.469 7.503 7.534 7.562 7.587 7.615 7.652 7.693 7.738 7.793 7.857 7.927 8.005 8.090 8.177 8.260 8.319 8.385 8.472 8.555 8.631 8.698 8.759 8.814 8.862 8.903 8.926 8.949 8.986 9.021 9.053 9.082 9.108 9.131 9.152 9.171 9.180 9.188 9.205 9.221 9.236 9.250 9.262 9.274 9.284 9.292 9.294 9.296 9.302 9.309 9.314 9.318 9.321 9.324 9.325 9.326 9.322 9.317 9.316 9.315 9.313 9.310 9.307 9.303
7.176 7.201 7.227 7.253 7.279 7.306 7.334 7.363 7.394 7.426 7.459 7.493 7.528 7.560 7.589 7.616 7.646 7.685 7.728 7.774 7.829 7.892 7.961 8.037 8.120 8.207 8.290 8.349 8.413 8.500 8.581 8.655 8.721 8.781 8.836 8.884 8.925 8.947 8.970 9.007 9.042 9.074 9.102 9.127 9.151 9.172 9.191 9.199 9.207 9.225 9.241 9.256 9.269 9.281 9.292 9.301 9.309 9.310 9.311 9.317 9.322 9.327 9.331 9.334 9.336 9.338 9.339 9.335 9.331 9.331 9.330 9.328 9.325 9.322 9.318
7.193 7.220 7.246 7.272 7.299 7.326 7.355 7.384 7.415 7.448 7.482 7.517 7.552 7.585 7.616 7.644 7.676 7.717 7.762 7.808 7.864 7.927 7.994 8.068 8.150 8.235 8.319 8.377 8.441 8.526 8.606 8.679 8.743 8.803 8.857 8.905 8.946 8.968 8.991 9.028 9.062 9.094 9.121 9.147 9.170 9.191 9.211 9.219 9.227 9.244 9.260 9.275 9.287 9.299 9.310 9.318 9.325 9.325 9.326 9.331 9.336 9.340 9.343 9.346 9.349 9.350 9.352 9.348 9.344 9.344 9.344 9.343 9.340 9.337 9.334
7.211 7.238 7.265 7.292 7.319 7.346 7.375 7.404 7.436 7.469 7.504 7.539 7.575 7.610 7.641 7.671 7.704 7.747 7.794 7.841 7.897 7.959 8.025 8.098 8.177 8.262 8.348 8.406 8.469 8.553 8.630 8.702 8.766 8.825 8.879 8.926 8.967 8.989 9.011 9.048 9.082 9.113 9.141 9.166 9.189 9.211 9.231 9.239 9.247 9.264 9.279 9.293 9.306 9.317 9.327 9.335 9.341 9.340 9.340 9.345 9.349 9.353 9.356 9.359 9.361 9.363 9.365 9.362 9.358 9.358 9.358 9.357 9.355 9.352 9.349
7.228 7.256 7.283 7.311 7.338 7.366 7.394 7.424 7.456 7.490 7.525 7.561 7.597 7.632 7.665 7.696 7.731 7.776 7.824 7.873 7.929 7.990 8.056 8.127 8.204 8.293 8.379 8.436 8.497 8.579 8.655 8.725 8.788 8.847 8.900 8.947 8.987 9.009 9.031 9.068 9.102 9.133 9.161 9.186 9.209 9.231 9.251 9.259 9.266 9.283 9.298 9.312 9.324 9.335 9.344 9.351 9.355 9.354 9.354 9.358 9.362 9.365 9.368 9.371 9.373 9.375 9.378 9.374 9.371 9.372 9.372 9.371 9.370 9.367 9.363
7.246 7.274 7.302 7.329 7.357 7.385 7.413 7.443 7.475 7.509 7.545 7.581 7.618 7.653 7.686 7.718 7.757 7.804 7.854 7.904 7.960 8.021 8.086 8.157 8.238 8.326 8.409 8.464 8.525 8.605 8.680 8.749 8.811 8.868 8.921 8.967 9.008 9.029 9.050 9.087 9.121 9.153 9.180 9.206 9.229 9.251 9.271 9.278 9.286 9.302 9.316 9.330 9.341 9.351 9.360 9.365 9.369 9.368 9.368 9.371 9.375 9.378 9.381 9.383 9.386 9.388 9.390 9.387 9.384 9.385 9.385 9.385 9.384 9.381 9.378
7.262 7.291 7.319 7.347 7.375 7.403 7.431 7.461 7.493 7.527 7.563 7.599 7.636 7.671 7.705 7.740 7.782 7.832 7.883 7.934 7.991 8.053 8.118 8.190 8.271 8.357 8.437 8.492 8.552 8.630 8.704 8.772 8.834 8.890 8.942 8.987 9.028 9.049 9.069 9.106 9.141 9.173 9.200 9.226 9.250 9.271 9.290 9.298 9.304 9.320 9.334 9.347 9.357 9.366 9.374 9.379 9.383 9.382 9.381 9.384 9.387 9.390 9.393 9.395 9.398 9.400 9.402 9.399 9.396 9.397 9.398 9.399 9.397 9.395 9.392
7.279 7.308 7.337 7.365 7.393 7.420 7.448 7.478 7.510 7.543 7.579 7.615 7.651 7.686 7.723 7.762 7.807 7.858 7.911 7.964 8.023 8.085 8.151 8.224 8.303 8.386 8.465 8.519 8.578 8.656 8.730 8.797 8.857 8.912 8.962 9.008 9.048 9.068 9.089 9.126 9.161 9.193 9.221 9.247 9.270 9.291 9.309 9.316 9.322 9.337 9.351 9.363 9.372 9.380 9.387 9.392 9.396 9.395 9.393 9.397 9.400 9.403 9.405 9.407 9.410 9.412 9.414 9.411 9.408 9.410 9.411 9.411 9.410 9.408 9.405
7.294 7.324 7.353 7.381 7.409 7.437 7.465 7.494 7.525 7.558 7.593 7.629 7.665 7.701 7.740 7.783 7.831 7.885 7.939 7.995 8.055 8.118 8.185 8.256 8.334 8.414 8.492 8.547 8.606 8.683 8.756 8.822 8.881 8.934 8.983 9.028 9.068 9.088 9.109 9.146 9.181 9.213 9.241 9.267 9.290 9.310 9.328 9.334 9.340 9.354 9.367 9.378 9.387 9.394 9.400 9.404 9.408 9.407 9.406 9.409 9.412 9.415 9.417 9.419 9.421 9.424 9.426 9.423 9.420 9.422 9.423 9.424 9.423 9.421 9.418
7.309 7.339 7.368 7.397 7.425 7.452 7.479 7.508 7.538 7.570 7.604 7.640 7.677 7.715 7.757 7.803 7.854 7.911 7.968 8.025 8.087 8.151 8.216 8.286 8.361 8.441 8.520 8.576 8.634 8.711 8.783 8.848 8.905 8.957 9.004 9.048 9.089 9.109 9.129 9.166 9.202 9.233 9.261 9.287 9.309 9.329 9.346 9.351 9.357 9.370 9.382 9.392 9.400 9.407 9.412 9.416 9.420 9.419 9.418 9.421 9.424 9.426 9.428 9.430 9.433 9.435 9.437 9.434 9.431 9.433 9.435 9.435 9.434 9.433 9.429
7.322 7.353 7.383 7.412 7.440 7.466 7.492 7.520 7.549 7.580 7.613 7.649 7.687 7.728 7.774 7.824 7.878 7.936 7.994 8.054 8.118 8.182 8.247 8.315 8.388 8.469 8.549 8.606 8.663 8.741 8.813 8.875 8.930 8.979 9.025 9.068 9.109 9.129 9.149 9.187 9.222 9.254 9.281 9.306 9.328 9.347 9.363 9.368 9.372 9.385 9.396 9.405 9.413 9.419 9.424 9.428 9.432 9.431 9.430 9.433 9.435 9.438 9.440 9.441 9.443 9.445 9.448 9.445 9.442 9.444 9.445 9.446 9.445 9.443 9.439
7.335 7.366 7.396 7.425 7.452 7.478 7.503 7.529 7.558 7.587 7.620 7.657 7.697 7.742 7.791 7.844 7.900 7.959 8.019 8.081 8.147 8.212 8.276 8.343 8.416 8.497 8.580 8.637 8.695 8.772 8.842 8.902 8.954 9.001 9.045 9.088 9.130 9.149 9.169 9.207 9.242 9.273 9.300 9.325 9.346 9.364 9.378 9.383 9.387 9.398 9.408 9.417 9.424 9.430 9.435 9.439 9.443 9.442 9.441 9.444 9.446 9.449 9.450 9.452 9.454 9.456 9.458 9.455 9.452 9.454 9.456 9.456 9.455 9.452 9.448
7.347 7.378 7.408 7.437 7.464 7.488 7.512 7.537 7.564 7.593 7.627 7.664 7.706 7.754 7.806 7.863 7.921 7.981 8.043 8.107 8.174 8.240 8.305 8.373 8.445 8.526 8.611 8.670 8.728 8.803 8.871 8.929 8.979 9.024 9.066 9.108 9.150 9.169 9.189 9.227 9.261 9.291 9.318 9.342 9.363 9.380 9.393 9.397 9.400 9.411 9.420 9.429 9.435 9.441 9.445 9.450 9.454 9.452 9.451 9.454 9.457 9.459 9.461 9.462 9.464 9.466 9.468 9.465 9.462 9.464 9.465 9.465 9.463 9.460 9.455
7.357 7.388 7.419 7.448 7.473 7.496 7.518 7.543 7.570 7.598 7.632 7.670 7.715 7.766 7.822 7.881 7.941 8.002 8.065 8.131 8.201 8.269 8.335 8.403 8.474 8.557 8.648 8.707 8.762 8.836 8.901 8.956 9.003 9.047 9.087 9.128 9.171 9.191 9.210 9.247 9.280 9.310 9.335 9.359 9.379 9.395 9.407 9.410 9.413 9.423 9.432 9.439 9.445 9.451 9.456 9.460 9.464 9.463 9.461 9.464 9.467 9.469 9.471 9.472 9.473 9.475 9.478 9.475 9.471 9.473 9.473 9.473 9.470 9.467 9.461
7.366 7.397 7.427 7.456 7.481 7.502 7.523 7.547 7.574 7.603 7.637 7.677 7.725 7.779 7.837 7.897 7.959 8.023 8.086 8.156 8.228 8.297 8.367 8.436 8.506 8.598 8.692 8.746 8.798 8.869 8.930 8.982 9.028 9.069 9.107 9.150 9.194 9.212 9.230 9.266 9.299 9.327 9.352 9.375 9.394 9.409 9.419 9.422 9.425 9.434 9.442 9.449 9.455 9.461 9.465 9.469 9.473 9.472 9.471 9.474 9.476 9.479 9.480 9.481 9.482 9.484 9.487 9.484 9.480 9.481 9.481 9.479 9.476 9.472 9.465
7.373 7.404 7.434 7.462 7.486 7.506 7.526 7.551 7.578 7.608 7.643 7.686 7.735 7.790 7.850 7.913 7.979 8.044 8.108 8.181 8.256 8.330 8.402 8.475 8.554 8.646 8.732 8.783 8.834 8.900 8.958 9.008 9.051 9.092 9.130 9.173 9.214 9.231 9.250 9.284 9.315 9.343 9.367 9.389 9.407 9.420 9.431 9.433 9.436 9.444 9.452 9.459 9.465 9.470 9.474 9.478 9.482 9.481 9.479 9.482 9.485 9.488 9.489 9.490 9.492 9.494 9.496 9.492 9.488 9.488 9.487 9.485 9.481 9.475 9.467
7.379 7.409 7.439 7.466 7.489 7.509 7.530 7.555 7.583 7.613 7.651 7.695 7.745 7.800 7.862 7.930 8.001 8.066 8.131 8.209 8.289 8.366 8.443 8.523 8.606 8.693 8.771 8.819 8.867 8.929 8.985 9.032 9.075 9.115 9.154 9.194 9.232 9.249 9.267 9.300 9.331 9.357 9.380 9.401 9.417 9.430 9.441 9.443 9.445 9.453 9.461 9.468 9.473 9.478 9.482 9.486 9.490 9.489 9.487 9.490 9.493 9.496 9.498 9.499 9.501 9.502 9.504 9.500 9.495 9.494 9.492 9.489 9.484 9.476 9.466
7.383 7.413 7.442 7.469 7.492 7.512 7.533 7.560 7.588 7.620 7.658 7.703 7.754 7.810 7.876 7.949 8.024 8.090 8.157 8.240 8.324 8.407 8.489 8.572 8.655 8.737 8.808 8.854 8.899 8.957 9.010 9.056 9.098 9.137 9.176 9.214 9.250 9.266 9.283 9.315 9.344 9.369 9.392 9.411 9.426 9.439 9.450 9.452 9.454 9.462 9.469 9.475 9.481 9.485 9.489 9.493 9.497 9.496 9.494 9.498 9.501 9.504 9.506 9.507 9.509 9.510 9.511 9.506 9.500 9.499 9.496 9.491 9.484 9.475 9.463
7.385 7.415 7.444 7.471 7.494 7.515 7.537 7.564 7.594 7.627 7.666 7.712 7.763 7.821 7.891 7.969 8.049 8.117 8.187 8.275 8.363 8.451 8.537 8.621 8.703 8.778 8.845 8.888 8.930 8.984 9.034 9.079 9.120 9.158 9.195 9.231 9.265 9.281 9.298 9.328 9.355 9.380 9.401 9.419 9.435 9.447 9.457 9.460 9.462 9.470 9.476 9.482 9.487 9.492 9.496 9.500 9.503 9.502 9.501 9.504 9.508 9.511 9.513 9.515 9.516 9.517 9.516 9.511 9.505 9.502 9.498 9.492 9.483 9.472 9.458
7.385 7.415 7.445 7.472 7.496 7.518 7.541 7.569 7.601 7.634 7.674 7.721 7.773 7.834 7.907 7.990 8.077 8.147 8.219 8.313 8.406 8.497 8.584 8.668 8.747 8.818 8.880 8.920 8.959 9.010 9.057 9.100 9.140 9.177 9.213 9.247 9.279 9.294 9.310 9.339 9.365 9.389 9.409 9.427 9.442 9.454 9.464 9.466 9.468 9.476 9.483 9.488 9.493 9.497 9.501 9.505 9.509 9.508 9.507 9.510 9.514 9.517 9.519 9.521 9.522 9.522 9.521 9.515 9.508 9.503 9.498 9.490 9.479 9.466 9.449
7.385 7.415 7.445 7.473 7.498 7.520 7.544 7.574 7.607 7.641 7.683 7.731 7.784 7.847 7.925 8.016 8.109 8.180 8.255 8.354 8.451 8.543 8.630 8.713 8.789 8.856 8.913 8.950 8.986 9.034 9.079 9.120 9.159 9.194 9.229 9.261 9.291 9.306 9.321 9.348 9.373 9.396 9.416 9.433 9.447 9.459 9.469 9.472 9.474 9.481 9.488 9.493 9.498 9.501 9.505 9.509 9.514 9.513 9.512 9.515 9.519 9.522 9.525 9.526 9.527 9.526 9.524 9.517 9.509 9.503 9.496 9.486 9.473 9.458 9.438
7.384 7.414 7.444 7.474 7.500 7.523 7.547 7.579 7.613 7.648 7.692 7.742 7.797 7.865 7.948 8.045 8.143 8.216 8.293 8.396 8.494 8.586 8.672 8.753 8.826 8.889 8.942 8.977 9.011 9.056 9.098 9.138 9.174 9.209 9.242 9.273 9.301 9.315 9.330 9.356 9.380 9.402 9.420 9.437 9.452 9.464 9.473 9.476 9.478 9.485 9.491 9.497 9.501 9.505 9.509 9.513 9.518 9.517 9.516 9.520 9.523 9.527 9.529 9.530 9.530 9.529 9.525 9.517 9.508 9.500 9.491 9.479 9.464 9.446 9.423
