TsunamiDB/out54014.asc
ncols          264
nrows          230
xllcorner      497853.4375
yllcorner      4229146.0000
cellsize         5.
NODATA_value   -99
[rows 155 to 185 of 230, columns 140 to 209 of 264]
1.645 1.658 1.738 1.924 2.202 2.545 2.930 3.322 3.691 4.009 4.256 4.439 4.574 4.677 4.761 4.831 4.895 4.954 5.012 5.067 5.122 5.176 5.229 5.281 5.334 5.386 5.439 5.493 5.543 5.593 5.644 5.692 5.741 5.787 5.831 5.872 5.914 5.960 6.008 6.061 6.116 6.175 6.241 6.313 6.388 6.469 6.544 6.595 6.666 6.750 6.800 6.829 6.852 6.882 6.918 6.965 7.000 6.973 7.005 7.099 7.138 7.130 7.086 7.015 6.909 6.770 6.616 6.472 6.410 6.421
1.647 1.676 1.794 2.016 2.320 2.681 3.071 3.456 3.808 4.105 4.333 4.501 4.627 4.724 4.804 4.872 4.934 4.992 5.047 5.100 5.153 5.204 5.255 5.306 5.357 5.410 5.464 5.521 5.574 5.628 5.683 5.736 5.789 5.839 5.886 5.930 5.975 6.022 6.072 6.126 6.179 6.236 6.300 6.368 6.439 6.521 6.585 6.624 6.695 6.782 6.832 6.861 6.885 6.908 6.938 6.989 7.010 6.961 6.981 7.065 7.093 7.075 7.026 6.948 6.840 6.697 6.551 6.430 6.388 6.414
1.651 1.706 1.863 2.117 2.445 2.819 3.209 3.584 3.917 4.192 4.400 4.556 4.674 4.767 4.845 4.912 4.973 5.029 5.083 5.134 5.184 5.234 5.282 5.332 5.382 5.436 5.493 5.551 5.608 5.666 5.725 5.782 5.839 5.893 5.945 5.995 6.044 6.093 6.145 6.201 6.253 6.309 6.370 6.436 6.505 6.571 6.618 6.654 6.725 6.815 6.870 6.903 6.927 6.953 6.985 7.016 7.007 6.945 6.955 7.026 7.043 7.019 6.963 6.879 6.767 6.633 6.513 6.413 6.385 6.423
1.661 1.750 1.944 2.227 2.574 2.957 3.344 3.704 4.016 4.269 4.460 4.603 4.715 4.805 4.881 4.948 5.009 5.065 5.118 5.169 5.217 5.265 5.312 5.360 5.411 5.465 5.523 5.585 5.645 5.706 5.770 5.832 5.893 5.953 6.012 6.068 6.122 6.173 6.228 6.288 6.339 6.391 6.448 6.509 6.566 6.615 6.654 6.686 6.758 6.853 6.915 6.954 6.981 7.008 7.028 7.029 6.998 6.925 6.924 6.982 6.992 6.961 6.898 6.811 6.703 6.593 6.497 6.414 6.398 6.450
1.681 1.807 2.036 2.344 2.707 3.094 3.473 3.817 4.107 4.336 4.509 4.643 4.749 4.837 4.913 4.980 5.041 5.098 5.151 5.202 5.250 5.296 5.342 5.390 5.440 5.495 5.556 5.620 5.684 5.750 5.818 5.885 5.952 6.019 6.085 6.147 6.205 6.258 6.319 6.382 6.432 6.479 6.529 6.579 6.623 6.662 6.694 6.724 6.797 6.899 6.965 7.008 7.038 7.056 7.057 7.035 6.985 6.902 6.890 6.936 6.937 6.902 6.836 6.751 6.661 6.574 6.499 6.431 6.428 6.491
1.714 1.878 2.137 2.468 2.843 3.230 3.598 3.921 4.188 4.393 4.550 4.673 4.775 4.861 4.937 5.006 5.069 5.127 5.181 5.232 5.280 5.326 5.372 5.419 5.470 5.527 5.590 5.657 5.725 5.795 5.869 5.942 6.015 6.088 6.161 6.229 6.292 6.348 6.412 6.479 6.527 6.570 6.609 6.648 6.684 6.715 6.744 6.770 6.843 6.947 7.017 7.063 7.087 7.092 7.077 7.034 6.967 6.876 6.853 6.887 6.883 6.846 6.782 6.710 6.639 6.572 6.516 6.462 6.468 6.540
1.760 1.961 2.248 2.597 2.980 3.362 3.715 4.018 4.258 4.440 4.582 4.697 4.794 4.879 4.955 5.025 5.090 5.150 5.206 5.257 5.306 5.353 5.399 5.447 5.499 5.557 5.622 5.694 5.766 5.841 5.920 6.000 6.079 6.158 6.238 6.312 6.379 6.436 6.504 6.575 6.622 6.659 6.689 6.720 6.748 6.774 6.799 6.819 6.889 6.995 7.066 7.108 7.124 7.118 7.086 7.026 6.946 6.846 6.814 6.839 6.832 6.797 6.744 6.688 6.634 6.586 6.546 6.501 6.514 6.592
1.820 2.055 2.367 2.732 3.118 3.492 3.827 4.104 4.317 4.479 4.608 4.715 4.807 4.891 4.967 5.038 5.105 5.167 5.224 5.277 5.327 5.374 5.421 5.470 5.524 5.584 5.652 5.728 5.804 5.884 5.970 6.056 6.141 6.227 6.312 6.391 6.462 6.520 6.593 6.669 6.714 6.746 6.770 6.794 6.817 6.838 6.856 6.868 6.935 7.042 7.108 7.143 7.150 7.132 7.088 7.014 6.919 6.812 6.775 6.795 6.788 6.762 6.722 6.679 6.642 6.611 6.581 6.544 6.562 6.643
1.895 2.160 2.494 2.871 3.256 3.616 3.930 4.179 4.367 4.513 4.630 4.730 4.818 4.899 4.975 5.046 5.113 5.176 5.235 5.290 5.341 5.390 5.438 5.489 5.544 5.606 5.678 5.758 5.838 5.924 6.017 6.109 6.200 6.292 6.382 6.465 6.538 6.597 6.674 6.753 6.799 6.828 6.848 6.866 6.884 6.898 6.910 6.914 6.975 7.076 7.136 7.164 7.160 7.132 7.076 6.988 6.883 6.773 6.732 6.750 6.751 6.736 6.707 6.680 6.659 6.638 6.617 6.586 6.607 6.688
1.983 2.276 2.630 3.013 3.392 3.735 4.023 4.245 4.413 4.544 4.652 4.744 4.828 4.905 4.979 5.049 5.116 5.180 5.240 5.296 5.348 5.399 5.449 5.502 5.559 5.625 5.700 5.783 5.868 5.959 6.057 6.154 6.251 6.348 6.441 6.526 6.603 6.663 6.742 6.825 6.874 6.904 6.921 6.936 6.947 6.954 6.960 6.955 7.007 7.101 7.155 7.174 7.161 7.123 7.058 6.961 6.849 6.737 6.699 6.721 6.729 6.724 6.708 6.693 6.682 6.669 6.654 6.626 6.648 6.728
2.084 2.404 2.772 3.157 3.525 3.847 4.106 4.303 4.454 4.574 4.673 4.759 4.838 4.912 4.982 5.051 5.117 5.180 5.240 5.296 5.349 5.401 5.454 5.509 5.569 5.636 5.715 5.803 5.892 5.987 6.090 6.193 6.295 6.397 6.493 6.583 6.663 6.723 6.804 6.894 6.948 6.979 6.996 7.008 7.013 7.015 7.016 6.997 7.038 7.126 7.173 7.183 7.162 7.117 7.044 6.939 6.820 6.711 6.678 6.705 6.722 6.725 6.720 6.715 6.711 6.704 6.693 6.666 6.686 6.764
2.199 2.541 2.920 3.302 3.654 3.950 4.180 4.356 4.493 4.602 4.694 4.775 4.850 4.920 4.987 5.053 5.116 5.178 5.236 5.292 5.346 5.399 5.453 5.510 5.572 5.643 5.726 5.819 5.912 6.011 6.119 6.227 6.336 6.442 6.542 6.638 6.717 6.774 6.860 6.958 7.015 7.049 7.069 7.078 7.079 7.078 7.066 7.033 7.064 7.146 7.185 7.188 7.159 7.105 7.025 6.908 6.788 6.691 6.666 6.698 6.721 6.734 6.737 6.739 6.740 6.737 6.728 6.700 6.718 6.794
2.327 2.688 3.073 3.445 3.776 4.041 4.246 4.403 4.527 4.629 4.715 4.792 4.863 4.930 4.995 5.057 5.118 5.177 5.233 5.288 5.341 5.394 5.449 5.508 5.574 5.650 5.738 5.835 5.932 6.035 6.148 6.261 6.374 6.484 6.590 6.683 6.758 6.818 6.909 7.012 7.075 7.115 7.136 7.146 7.146 7.133 7.106 7.062 7.085 7.159 7.192 7.188 7.150 7.085 6.993 6.876 6.770 6.681 6.660 6.697 6.727 6.748 6.756 6.762 6.768 6.766 6.757 6.728 6.743 6.814
2.467 2.842 3.227 3.585 3.887 4.122 4.303 4.445 4.559 4.654 4.736 4.810 4.878 4.942 5.004 5.064 5.122 5.178 5.232 5.284 5.336 5.389 5.446 5.508 5.578 5.658 5.750 5.851 5.951 6.057 6.173 6.290 6.405 6.519 6.625 6.715 6.790 6.852 6.948 7.059 7.129 7.174 7.197 7.208 7.202 7.177 7.138 7.084 7.097 7.165 7.192 7.180 7.133 7.058 6.961 6.855 6.760 6.678 6.661 6.704 6.739 6.763 6.775 6.784 6.790 6.789 6.779 6.748 6.758 6.826
2.618 3.002 3.379 3.715 3.985 4.193 4.355 4.483 4.588 4.677 4.755 4.827 4.893 4.955 5.015 5.072 5.127 5.180 5.232 5.282 5.332 5.385 5.444 5.509 5.583 5.666 5.761 5.866 5.968 6.077 6.194 6.311 6.427 6.541 6.647 6.738 6.816 6.881 6.982 7.101 7.176 7.224 7.251 7.258 7.245 7.209 7.159 7.097 7.103 7.164 7.184 7.166 7.111 7.031 6.939 6.844 6.757 6.681 6.668 6.715 6.753 6.778 6.793 6.802 6.808 6.806 6.794 6.760 6.767 6.832
2.777 3.163 3.527 3.833 4.073 4.258 4.402 4.518 4.615 4.699 4.774 4.842 4.906 4.967 5.024 5.079 5.132 5.183 5.231 5.279 5.329 5.382 5.442 5.510 5.587 5.673 5.772 5.878 5.982 6.090 6.207 6.325 6.440 6.554 6.662 6.756 6.838 6.905 7.009 7.133 7.213 7.265 7.290 7.294 7.275 7.230 7.173 7.104 7.102 7.155 7.170 7.147 7.089 7.013 6.928 6.840 6.762 6.689 6.678 6.726 6.766 6.793 6.806 6.815 6.819 6.815 6.803 6.767 6.770 6.829
2.942 3.323 3.663 3.938 4.153 4.317 4.447 4.552 4.642 4.720 4.791 4.857 4.918 4.977 5.032 5.085 5.135 5.183 5.229 5.275 5.324 5.378 5.440 5.510 5.589 5.678 5.777 5.884 5.988 6.096 6.214 6.330 6.444 6.559 6.670 6.769 6.855 6.921 7.027 7.157 7.240 7.292 7.315 7.317 7.292 7.242 7.177 7.101 7.092 7.140 7.153 7.128 7.074 7.004 6.926 6.845 6.771 6.699 6.688 6.736 6.776 6.802 6.815 6.821 6.822 6.818 6.806 6.768 6.764 6.818
3.110 3.477 3.788 4.034 4.225 4.372 4.489 4.586 4.668 4.742 4.809 4.871 4.930 4.986 5.039 5.089 5.136 5.181 5.225 5.270 5.318 5.372 5.436 5.507 5.586 5.675 5.775 5.883 5.986 6.095 6.212 6.327 6.441 6.558 6.673 6.776 6.865 6.930 7.039 7.173 7.257 7.307 7.328 7.326 7.299 7.243 7.170 7.089 7.077 7.122 7.134 7.115 7.066 7.001 6.931 6.855 6.781 6.708 6.696 6.742 6.781 6.806 6.817 6.820 6.820 6.816 6.803 6.761 6.753 6.801
3.275 3.619 3.900 4.120 4.290 4.423 4.529 4.618 4.695 4.764 4.827 4.887 4.942 4.995 5.045 5.092 5.137 5.179 5.221 5.264 5.312 5.366 5.429 5.500 5.578 5.667 5.767 5.875 5.979 6.087 6.204 6.320 6.436 6.554 6.672 6.779 6.870 6.934 7.043 7.178 7.259 7.307 7.326 7.322 7.291 7.229 7.153 7.069 7.054 7.100 7.117 7.103 7.060 7.004 6.938 6.864 6.788 6.713 6.696 6.740 6.778 6.802 6.811 6.813 6.812 6.808 6.794 6.749 6.735 6.776
3.432 3.747 4.000 4.197 4.349 4.470 4.568 4.651 4.723 4.788 4.849 4.905 4.958 5.007 5.055 5.099 5.141 5.181 5.220 5.262 5.307 5.360 5.421 5.490 5.567 5.654 5.753 5.861 5.965 6.074 6.192 6.309 6.425 6.544 6.662 6.770 6.863 6.924 7.032 7.165 7.245 7.291 7.308 7.303 7.271 7.207 7.129 7.045 7.031 7.080 7.103 7.095 7.060 7.009 6.947 6.872 6.793 6.714 6.693 6.734 6.771 6.794 6.802 6.804 6.801 6.795 6.781 6.732 6.712 6.745
3.577 3.861 4.088 4.264 4.402 4.513 4.605 4.683 4.752 4.815 4.872 4.926 4.977 5.025 5.069 5.111 5.150 5.188 5.225 5.264 5.307 5.356 5.414 5.479 5.552 5.636 5.733 5.841 5.944 6.053 6.172 6.290 6.407 6.526 6.644 6.756 6.852 6.907 7.011 7.146 7.225 7.269 7.286 7.281 7.248 7.184 7.103 7.021 7.011 7.065 7.094 7.093 7.064 7.019 6.957 6.881 6.798 6.713 6.687 6.725 6.761 6.784 6.792 6.793 6.789 6.783 6.770 6.716 6.688 6.715
3.706 3.962 4.164 4.323 4.449 4.552 4.639 4.715 4.782 4.843 4.899 4.952 5.001 5.048 5.091 5.131 5.168 5.203 5.237 5.272 5.311 5.355 5.408 5.467 5.536 5.615 5.710 5.817 5.920 6.029 6.149 6.268 6.389 6.509 6.628 6.749 6.838 6.883 6.987 7.123 7.200 7.242 7.258 7.252 7.218 7.150 7.071 6.997 6.993 7.052 7.087 7.092 7.070 7.027 6.965 6.884 6.797 6.708 6.678 6.714 6.748 6.771 6.782 6.782 6.777 6.776 6.761 6.698 6.663 6.683
3.820 4.050 4.231 4.375 4.491 4.587 4.671 4.745 4.811 4.872 4.928 4.981 5.031 5.077 5.120 5.159 5.195 5.227 5.258 5.289 5.323 5.361 5.407 5.460 5.523 5.600 5.693 5.798 5.900 6.010 6.132 6.255 6.377 6.501 6.625 6.733 6.808 6.853 6.958 7.091 7.166 7.208 7.222 7.212 7.175 7.111 7.045 6.977 6.976 7.040 7.081 7.092 7.072 7.030 6.966 6.884 6.796 6.704 6.668 6.701 6.736 6.762 6.773 6.776 6.776 6.773 6.748 6.679 6.638 6.651
3.920 4.126 4.288 4.419 4.527 4.618 4.699 4.772 4.839 4.900 4.958 5.012 5.063 5.110 5.154 5.194 5.229 5.260 5.288 5.315 5.344 5.377 5.416 5.463 5.520 5.592 5.681 5.784 5.886 5.996 6.120 6.244 6.366 6.491 6.607 6.701 6.771 6.816 6.920 7.051 7.126 7.166 7.176 7.165 7.131 7.079 7.024 6.959 6.960 7.030 7.076 7.090 7.072 7.029 6.965 6.884 6.797 6.700 6.660 6.693 6.730 6.757 6.771 6.779 6.779 6.768 6.735 6.659 6.611 6.617
4.008 4.192 4.338 4.458 4.558 4.645 4.724 4.796 4.863 4.926 4.985 5.041 5.094 5.144 5.190 5.232 5.268 5.298 5.325 5.349 5.373 5.401 5.435 5.475 5.525 5.590 5.674 5.774 5.874 5.985 6.107 6.230 6.351 6.469 6.577 6.664 6.732 6.776 6.879 7.009 7.081 7.120 7.129 7.119 7.094 7.054 7.005 6.943 6.948 7.022 7.069 7.085 7.068 7.026 6.964 6.887 6.801 6.701 6.659 6.693 6.730 6.758 6.776 6.784 6.781 6.763 6.720 6.638 6.584 6.584
4.086 4.250 4.383 4.492 4.586 4.669 4.746 4.817 4.884 4.948 5.009 5.068 5.124 5.177 5.225 5.269 5.307 5.339 5.365 5.387 5.409 5.432 5.460 5.494 5.537 5.594 5.673 5.768 5.865 5.971 6.090 6.210 6.325 6.436 6.540 6.625 6.693 6.737 6.837 6.965 7.036 7.074 7.084 7.081 7.065 7.032 6.990 6.931 6.936 7.012 7.062 7.079 7.064 7.025 6.968 6.895 6.811 6.712 6.667 6.699 6.736 6.766 6.784 6.791 6.783 6.756 6.705 6.617 6.557 6.549
4.156 4.303 4.423 4.524 4.611 4.690 4.765 4.835 4.902 4.967 5.030 5.090 5.149 5.205 5.257 5.303 5.344 5.377 5.404 5.426 5.446 5.466 5.490 5.518 5.553 5.603 5.672 5.760 5.851 5.951 6.067 6.182 6.291 6.399 6.502 6.587 6.655 6.697 6.796 6.923 6.996 7.034 7.049 7.052 7.042 7.017 6.980 6.920 6.926 7.004 7.056 7.075 7.063 7.030 6.977 6.910 6.831 6.730 6.682 6.713 6.749 6.778 6.794 6.797 6.784 6.748 6.689 6.595 6.528 6.513
4.218 4.351 4.459 4.552 4.634 4.710 4.782 4.851 4.918 4.983 5.047 5.109 5.170 5.228 5.283 5.333 5.376 5.412 5.441 5.463 5.482 5.501 5.521 5.544 5.571 5.611 5.672 5.751 5.834 5.929 6.040 6.149 6.256 6.364 6.467 6.555 6.624 6.666 6.765 6.893 6.965 7.005 7.023 7.030 7.027 7.007 6.971 6.911 6.919 6.999 7.052 7.075 7.068 7.040 6.994 6.933 6.858 6.756 6.705 6.734 6.766 6.791 6.803 6.801 6.782 6.739 6.671 6.570 6.498 6.476
4.276 4.395 4.494 4.580 4.656 4.728 4.798 4.865 4.931 4.996 5.061 5.124 5.187 5.247 5.304 5.357 5.403 5.442 5.473 5.497 5.517 5.534 5.552 5.570 5.593 5.626 5.678 5.748 5.822 5.910 6.015 6.123 6.229 6.337 6.443 6.534 6.606 6.647 6.745 6.873 6.944 6.985 7.005 7.017 7.018 7.000 6.966 6.907 6.914 6.995 7.051 7.078 7.076 7.055 7.016 6.961 6.889 6.787 6.732 6.755 6.781 6.801 6.808 6.801 6.775 6.723 6.646 6.540 6.461 6.434
4.329 4.436 4.527 4.606 4.678 4.747 4.813 4.879 4.944 5.009 5.074 5.138 5.201 5.263 5.322 5.376 5.425 5.467 5.501 5.528 5.549 5.567 5.584 5.601 5.622 5.650 5.693 5.754 5.820 5.900 6.001 6.106 6.212 6.321 6.427 6.520 6.595 6.635 6.731 6.859 6.930 6.970 6.992 7.008 7.010 6.995 6.963 6.904 6.911 6.994 7.054 7.085 7.090 7.075 7.042 6.992 6.924 6.820 6.760 6.775 6.795 6.809 6.809 6.796 6.764 6.705 6.620 6.507 6.424 6.394
4.379 4.476 4.559 4.633 4.700 4.765 4.830 4.893 4.957 5.021 5.086 5.150 5.213 5.276 5.336 5.392 5.443 5.488 5.525 5.555 5.579 5.599 5.618 5.637 5.657 5.682 5.719 5.773 5.828 5.899 5.994 6.096 6.201 6.310 6.417 6.515 6.594 6.630 6.725 6.852 6.922 6.962 6.986 7.004 7.009 6.996 6.967 6.907 6.915 7.001 7.064 7.100 7.111 7.103 7.075 7.030 6.966 6.859 6.791 6.799 6.811 6.817 6.811 6.792 6.752 6.685 6.591 6.474 6.389 6.359
