TsunamiDB/out54018.asc
ncols          264
nrows          230
xllcorner      497853.4375
yllcorner      4229146.0000
cellsize         5.
NODATA_value   -99
[rows 93 to 123 of 230, columns 140 to 209 of 264]
-99.000 -99.000 -99.000 -99.000 -99.000 -99.000 -99.000 -99.000 -99.000 -99.000 -99.000 -99.000 -99.000 -99.000 -99.000 -99.000 1.644 1.653 1.717 1.883 2.139 2.461 2.813 3.152 3.452 3.702 3.904 4.063 4.191 4.295 4.383 4.460 4.528 4.589 4.647 4.701 4.751 4.799 4.843 4.885 4.925 4.962 4.998 5.032 5.064 5.095 5.124 5.153 5.182 5.211 5.239 5.269 5.299 5.330 5.362 5.396 5.431 5.468 5.506 5.546 5.587 5.629 5.673 5.718 5.766 5.814 5.864 5.914 5.963 6.011
-99.000 -99.000 -99.000 -99.000 -99.000 -99.000 -99.000 -99.000 -99.000 -99.000 -99.000 -99.000 -99.000 -99.000 -99.000 -99.000 1.645 1.668 1.771 1.977 2.263 2.602 2.954 3.281 3.562 3.792 3.976 4.121 4.238 4.336 4.419 4.492 4.557 4.618 4.675 4.728 4.779 4.827 4.872 4.915 4.955 4.993 5.030 5.064 5.097 5.128 5.158 5.187 5.214 5.242 5.269 5.296 5.324 5.353 5.382 5.412 5.445 5.480 5.517 5.556 5.597 5.639 5.684 5.731 5.781 5.832 5.884 5.937 5.989 6.040
-99.000 -99.000 -99.000 -99.000 -99.000 -99.000 -99.000 -99.000 -99.000 -99.000 -99.000 -99.000 -99.000 -99.000 -99.000 1.644 1.649 1.697 1.843 2.084 2.396 2.747 3.092 3.402 3.663 3.874 4.041 4.174 4.283 4.373 4.452 4.523 4.586 4.645 4.701 4.755 4.805 4.853 4.899 4.942 4.984 5.023 5.060 5.096 5.130 5.161 5.192 5.221 5.248 5.275 5.301 5.326 5.352 5.378 5.404 5.432 5.462 5.495 5.530 5.568 5.608 5.651 5.697 5.745 5.796 5.850 5.905 5.961 6.016 6.071
-99.000 -99.000 -99.000 -99.000 -99.000 -99.000 -99.000 -99.000 -99.000 -99.000 -99.000 -99.000 -99.000 -99.000 -99.000 1.645 1.659 1.743 1.931 2.203 2.536 2.891 3.225 3.516 3.757 3.949 4.102 4.224 4.324 4.409 4.484 4.552 4.613 4.671 4.727 4.780 4.830 4.878 4.924 4.968 5.010 5.051 5.089 5.126 5.161 5.194 5.225 5.255 5.283 5.309 5.334 5.358 5.382 5.406 5.429 5.453 5.481 5.511 5.544 5.581 5.621 5.664 5.710 5.759 5.812 5.868 5.925 5.984 6.043 6.100
-99.000 -99.000 -99.000 -99.000 -99.000 -99.000 -99.000 -99.000 -99.000 -99.000 -99.000 -99.000 -99.000 -99.000 1.644 1.647 1.682 1.807 2.033 2.333 2.681 3.032 3.351 3.622 3.843 4.018 4.157 4.269 4.363 4.444 4.515 4.580 4.640 4.697 4.752 4.804 4.853 4.901 4.948 4.992 5.035 5.076 5.116 5.154 5.191 5.225 5.258 5.289 5.317 5.344 5.369 5.392 5.414 5.435 5.456 5.477 5.502 5.529 5.560 5.594 5.633 5.676 5.722 5.773 5.827 5.885 5.945 6.006 6.067 6.128
-99.000 -99.000 -99.000 -99.000 -99.000 -99.000 -99.000 -99.000 -99.000 -99.000 -99.000 -99.000 -99.000 -99.000 1.644 1.653 1.720 1.888 2.147 2.472 2.827 3.168 3.470 3.720 3.921 4.081 4.208 4.312 4.400 4.476 4.545 4.608 4.666 4.722 4.776 4.827 4.876 4.924 4.970 5.015 5.058 5.100 5.141 5.181 5.218 5.255 5.289 5.321 5.351 5.378 5.404 5.426 5.447 5.467 5.485 5.503 5.524 5.549 5.577 5.609 5.646 5.688 5.735 5.786 5.841 5.900 5.962 6.026 6.090 6.154
-99.000 -99.000 -99.000 -99.000 -99.000 -99.000 -99.000 -99.000 -99.000 -99.000 -99.000 -99.000 -99.000 -99.000 1.645 1.670 1.776 1.985 2.274 2.616 2.971 3.299 3.580 3.810 3.993 4.138 4.255 4.351 4.434 4.508 4.574 4.635 4.692 4.747 4.800 4.850 4.899 4.946 4.992 5.037 5.081 5.123 5.165 5.205 5.244 5.282 5.318 5.351 5.383 5.412 5.438 5.461 5.481 5.499 5.515 5.531 5.550 5.571 5.596 5.625 5.661 5.701 5.747 5.798 5.854 5.915 5.978 6.044 6.110 6.177
-99.000 -99.000 -99.000 -99.000 -99.000 -99.000 -99.000 -99.000 -99.000 -99.000 -99.000 -99.000 -99.000 1.644 1.649 1.700 1.850 2.095 2.410 2.764 3.112 3.422 3.683 3.893 4.059 4.191 4.298 4.389 4.467 4.538 4.602 4.661 4.717 4.772 4.823 4.873 4.921 4.968 5.014 5.058 5.102 5.145 5.187 5.228 5.268 5.307 5.344 5.380 5.413 5.443 5.470 5.494 5.515 5.533 5.548 5.562 5.578 5.596 5.618 5.645 5.677 5.716 5.761 5.811 5.868 5.929 5.993 6.061 6.130 6.199
-99.000 -99.000 -99.000 -99.000 -99.000 -99.000 -99.000 -99.000 -99.000 -99.000 -99.000 -99.000 -99.000 1.645 1.661 1.749 1.940 2.217 2.553 2.911 3.247 3.538 3.778 3.969 4.119 4.240 4.339 4.424 4.499 4.566 4.629 4.687 4.742 4.796 4.847 4.896 4.944 4.990 5.035 5.079 5.123 5.166 5.208 5.250 5.291 5.331 5.369 5.406 5.441 5.473 5.502 5.527 5.549 5.567 5.582 5.595 5.609 5.625 5.644 5.668 5.698 5.734 5.777 5.826 5.882 5.943 6.008 6.077 6.148 6.221
-99.000 -99.000 -99.000 -99.000 -99.000 -99.000 -99.000 -99.000 -99.000 -99.000 -99.000 -99.000 1.644 1.647 1.685 1.815 2.045 2.349 2.700 3.054 3.375 3.646 3.865 4.038 4.175 4.286 4.378 4.458 4.529 4.594 4.655 4.712 4.766 4.819 4.870 4.918 4.966 5.012 5.056 5.100 5.144 5.187 5.229 5.271 5.312 5.353 5.392 5.430 5.466 5.500 5.531 5.558 5.581 5.601 5.616 5.630 5.644 5.658 5.675 5.696 5.723 5.757 5.797 5.844 5.898 5.958 6.024 6.094 6.167 6.242
-99.000 -99.000 -99.000 -99.000 -99.000 -99.000 -99.000 -99.000 -99.000 -99.000 -99.000 -99.000 1.644 1.655 1.725 1.899 2.162 2.490 2.849 3.193 3.495 3.745 3.945 4.102 4.227 4.329 4.415 4.490 4.558 4.621 4.681 4.736 4.790 4.842 4.892 4.941 4.987 5.033 5.078 5.122 5.165 5.207 5.250 5.291 5.333 5.374 5.414 5.453 5.490 5.525 5.557 5.586 5.611 5.633 5.651 5.666 5.680 5.695 5.711 5.731 5.755 5.785 5.823 5.867 5.918 5.976 6.041 6.112 6.187 6.265
-99.000 -99.000 -99.000 -99.000 -99.000 -99.000 -99.000 -99.000 -99.000 -99.000 -99.000 1.644 1.646 1.672 1.784 1.998 2.291 2.637 2.995 3.325 3.607 3.837 4.018 4.161 4.275 4.369 4.450 4.522 4.587 4.648 4.706 4.760 4.813 4.864 4.914 4.962 5.009 5.054 5.099 5.142 5.185 5.228 5.270 5.312 5.353 5.394 5.434 5.473 5.511 5.547 5.581 5.612 5.639 5.664 5.684 5.701 5.718 5.735 5.752 5.771 5.793 5.821 5.854 5.894 5.942 5.997 6.061 6.133 6.208 6.288
-99.000 -99.000 -99.000 -99.000 -99.000 -99.000 -99.000 -99.000 -99.000 -99.000 -99.000 1.644 1.650 1.706 1.861 2.110 2.429 2.786 3.137 3.450 3.710 3.919 4.084 4.214 4.320 4.408 4.484 4.553 4.616 4.675 4.731 4.784 4.836 4.887 4.936 4.983 5.030 5.075 5.119 5.163 5.206 5.248 5.290 5.331 5.372 5.413 5.453 5.492 5.530 5.567 5.602 5.634 5.664 5.691 5.714 5.735 5.756 5.776 5.795 5.815 5.837 5.862 5.892 5.929 5.972 6.023 6.084 6.155 6.231 6.312
-99.000 -99.000 -99.000 -99.000 -99.000 -99.000 -99.000 -99.000 -99.000 -99.000 -99.000 1.645 1.663 1.757 1.954 2.234 2.573 2.934 3.272 3.565 3.804 3.994 4.144 4.264 4.361 4.444 4.517 4.583 4.644 4.702 4.756 4.808 4.859 4.909 4.957 5.005 5.051 5.096 5.140 5.183 5.226 5.268 5.309 5.350 5.391 5.431 5.470 5.509 5.547 5.584 5.620 5.654 5.685 5.715 5.742 5.767 5.792 5.816 5.839 5.862 5.885 5.909 5.937 5.969 6.008 6.054 6.112 6.182 6.257 6.338
-99.000 -99.000 -99.000 -99.000 -99.000 -99.000 -99.000 -99.000 -99.000 -99.000 1.644 1.648 1.689 1.826 2.060 2.369 2.722 3.078 3.399 3.670 3.889 4.062 4.199 4.309 4.401 4.479 4.549 4.613 4.672 4.728 4.782 4.833 4.882 4.932 4.979 5.026 5.072 5.117 5.160 5.204 5.246 5.287 5.328 5.369 5.408 5.447 5.486 5.524 5.561 5.598 5.634 5.669 5.703 5.736 5.766 5.796 5.826 5.855 5.883 5.910 5.936 5.961 5.987 6.015 6.050 6.094 6.149 6.215 6.288 6.369
-99.000 -99.000 -99.000 -99.000 -99.000 -99.000 -99.000 -99.000 -99.000 -99.000 1.644 1.656 1.733 1.912 2.180 2.511 2.871 3.216 3.517 3.767 3.966 4.123 4.248 4.351 4.437 4.512 4.580 4.642 4.700 4.755 4.808 4.858 4.906 4.955 5.002 5.048 5.093 5.138 5.181 5.224 5.266 5.307 5.347 5.387 5.425 5.463 5.500 5.537 5.574 5.610 5.646 5.682 5.718 5.753 5.787 5.821 5.856 5.891 5.925 5.956 5.986 6.014 6.040 6.068 6.101 6.142 6.194 6.256 6.325 6.404
-99.000 -99.000 -99.000 -99.000 -99.000 -99.000 -99.000 -99.000 -99.000 1.644 1.646 1.676 1.794 2.013 2.310 2.658 3.017 3.346 3.626 3.854 4.035 4.178 4.293 4.389 4.471 4.543 4.609 4.670 4.727 4.782 4.834 4.883 4.931 4.979 5.025 5.071 5.116 5.160 5.203 5.245 5.287 5.327 5.367 5.405 5.442 5.479 5.515 5.550 5.585 5.621 5.657 5.693 5.730 5.768 5.805 5.844 5.884 5.924 5.964 6.001 6.036 6.068 6.097 6.127 6.159 6.198 6.245 6.303 6.369 6.445
-99.000 -99.000 -99.000 -99.000 -99.000 -99.000 -99.000 -99.000 -99.000 1.644 1.651 1.712 1.873 2.127 2.448 2.807 3.157 3.467 3.726 3.933 4.097 4.228 4.334 4.424 4.502 4.572 4.637 4.697 4.753 4.807 4.859 4.908 4.956 5.003 5.049 5.095 5.139 5.183 5.226 5.268 5.309 5.349 5.387 5.424 5.460 5.495 5.529 5.563 5.596 5.631 5.666 5.703 5.741 5.781 5.822 5.865 5.910 5.955 6.000 6.043 6.084 6.121 6.156 6.189 6.222 6.260 6.304 6.358 6.420 6.491
-99.000 -99.000 -99.000 -99.000 -99.000 -99.000 -99.000 -99.000 -99.000 1.645 1.666 1.765 1.967 2.252 2.593 2.954 3.291 3.580 3.817 4.005 4.154 4.273 4.372 4.456 4.531 4.599 4.662 4.722 4.778 4.832 4.884 4.933 4.980 5.028 5.074 5.119 5.164 5.208 5.250 5.292 5.333 5.372 5.410 5.446 5.480 5.513 5.545 5.577 5.608 5.641 5.676 5.713 5.752 5.794 5.837 5.884 5.933 5.984 6.034 6.082 6.130 6.174 6.214 6.251 6.288 6.325 6.369 6.419 6.477 6.545
-99.000 -99.000 -99.000 -99.000 -99.000 -99.000 -99.000 -99.000 1.644 1.648 1.694 1.836 2.075 2.387 2.742 3.098 3.417 3.685 3.900 4.071 4.206 4.315 4.407 4.487 4.558 4.624 4.686 4.745 4.801 4.855 4.907 4.956 5.004 5.052 5.098 5.144 5.189 5.233 5.276 5.318 5.358 5.397 5.434 5.469 5.502 5.533 5.563 5.593 5.623 5.654 5.688 5.724 5.764 5.807 5.853 5.903 5.956 6.011 6.066 6.119 6.173 6.223 6.270 6.313 6.353 6.393 6.436 6.485 6.541 6.605
-99.000 -99.000 -99.000 -99.000 -99.000 -99.000 -99.000 -99.000 1.644 1.658 1.739 1.923 2.195 2.529 2.891 3.235 3.535 3.781 3.977 4.131 4.254 4.354 4.440 4.515 4.584 4.648 4.709 4.767 4.823 4.876 4.928 4.978 5.027 5.075 5.122 5.168 5.214 5.258 5.302 5.344 5.385 5.424 5.460 5.494 5.526 5.556 5.584 5.612 5.640 5.670 5.702 5.738 5.779 5.822 5.869 5.922 5.978 6.037 6.096 6.155 6.214 6.270 6.323 6.372 6.417 6.460 6.506 6.555 6.610 6.673
-99.000 -99.000 -99.000 -99.000 -99.000 -99.000 -99.000 -99.000 1.646 1.679 1.802 2.025 2.326 2.676 3.037 3.366 3.644 3.869 4.047 4.187 4.299 4.392 4.472 4.543 4.609 4.671 4.730 4.787 4.842 4.896 4.948 4.998 5.047 5.096 5.144 5.191 5.238 5.283 5.328 5.371 5.412 5.451 5.488 5.522 5.552 5.581 5.608 5.634 5.661 5.689 5.720 5.755 5.795 5.839 5.888 5.942 6.000 6.062 6.125 6.188 6.252 6.314 6.373 6.428 6.478 6.526 6.574 6.626 6.682 6.745
-99.000 -99.000 -99.000 -99.000 -99.000 -99.000 -99.000 1.645 1.652 1.716 1.882 2.140 2.465 2.826 3.178 3.489 3.746 3.950 4.111 4.238 4.341 4.427 4.503 4.571 4.634 4.694 4.751 4.807 4.861 4.914 4.965 5.015 5.066 5.115 5.164 5.212 5.260 5.306 5.352 5.396 5.438 5.478 5.515 5.549 5.580 5.608 5.634 5.659 5.685 5.712 5.742 5.776 5.815 5.859 5.908 5.963 6.023 6.087 6.153 6.220 6.288 6.355 6.419 6.481 6.537 6.589 6.641 6.697 6.756 6.821
-99.000 -99.000 -99.000 -99.000 -99.000 -99.000 -99.000 1.646 1.668 1.772 1.978 2.267 2.611 2.975 3.313 3.603 3.839 4.024 4.170 4.286 4.381 4.462 4.533 4.598 4.658 4.716 4.772 4.826 4.879 4.931 4.982 5.032 5.082 5.132 5.182 5.231 5.280 5.327 5.374 5.419 5.463 5.504 5.542 5.576 5.608 5.636 5.662 5.686 5.711 5.738 5.767 5.800 5.839 5.881 5.930 5.984 6.046 6.113 6.181 6.251 6.323 6.394 6.464 6.530 6.592 6.649 6.706 6.767 6.830 6.900
-99.000 -99.000 -99.000 -99.000 -99.000 -99.000 -99.000 1.650 1.698 1.845 2.088 2.403 2.761 3.120 3.441 3.709 3.923 4.092 4.224 4.331 4.419 4.495 4.563 4.625 4.684 4.739 4.793 4.845 4.897 4.948 4.997 5.047 5.097 5.147 5.197 5.247 5.296 5.345 5.393 5.439 5.484 5.526 5.566 5.602 5.634 5.663 5.690 5.715 5.740 5.767 5.796 5.828 5.865 5.906 5.954 6.009 6.071 6.140 6.209 6.281 6.357 6.432 6.505 6.576 6.643 6.707 6.771 6.836 6.906 6.981
-99.000 -99.000 -99.000 -99.000 -99.000 -99.000 1.646 1.661 1.746 1.935 2.211 2.548 2.913 3.260 3.560 3.806 4.000 4.153 4.274 4.373 4.456 4.528 4.593 4.653 4.709 4.763 4.815 4.865 4.915 4.965 5.013 5.062 5.111 5.161 5.211 5.261 5.310 5.360 5.408 5.455 5.501 5.545 5.586 5.624 5.658 5.689 5.717 5.744 5.770 5.797 5.827 5.859 5.895 5.935 5.981 6.036 6.098 6.167 6.238 6.311 6.389 6.467 6.544 6.619 6.692 6.764 6.834 6.904 6.981 7.065
-99.000 -99.000 -99.000 -99.000 -99.000 1.645 1.648 1.683 1.812 2.041 2.346 2.699 3.063 3.393 3.671 3.895 4.071 4.209 4.320 4.412 4.490 4.559 4.622 4.680 4.734 4.787 4.837 4.886 4.935 4.983 5.029 5.077 5.125 5.174 5.223 5.273 5.322 5.371 5.420 5.468 5.515 5.560 5.602 5.642 5.678 5.712 5.743 5.772 5.800 5.829 5.859 5.892 5.927 5.967 6.012 6.066 6.127 6.195 6.266 6.341 6.420 6.500 6.580 6.661 6.741 6.819 6.896 6.972 7.056 7.151
-99.000 -99.000 -99.000 -99.000 -99.000 1.645 1.655 1.724 1.897 2.160 2.490 2.854 3.208 3.518 3.774 3.976 4.135 4.261 4.363 4.449 4.523 4.589 4.650 4.706 4.760 4.811 4.860 4.908 4.955 5.002 5.047 5.093 5.140 5.187 5.235 5.284 5.333 5.381 5.430 5.478 5.525 5.571 5.615 5.656 5.695 5.732 5.766 5.798 5.830 5.861 5.893 5.927 5.963 6.002 6.046 6.098 6.158 6.225 6.295 6.370 6.451 6.533 6.617 6.702 6.789 6.874 6.958 7.039 7.131 7.234
-99.000 -99.000 -99.000 -99.000 1.645 1.647 1.673 1.784 1.998 2.293 2.642 3.008 3.348 3.636 3.868 4.051 4.195 4.310 4.404 4.484 4.555 4.619 4.677 4.733 4.785 4.835 4.883 4.930 4.976 5.022 5.066 5.110 5.156 5.202 5.248 5.295 5.343 5.391 5.438 5.486 5.533 5.579 5.624 5.668 5.709 5.749 5.787 5.823 5.858 5.893 5.927 5.963 6.000 6.039 6.082 6.132 6.190 6.256 6.325 6.400 6.481 6.566 6.653 6.743 6.836 6.929 7.020 7.104 7.201 7.311
-99.000 -99.000 -99.000 -99.000 1.645 1.651 1.708 1.863 2.115 2.436 2.799 3.160 3.480 3.744 3.955 4.120 4.250 4.355 4.443 4.518 4.585 4.647 4.704 4.758 4.810 4.859 4.907 4.953 4.998 5.042 5.085 5.129 5.173 5.217 5.262 5.307 5.353 5.399 5.446 5.493 5.540 5.586 5.632 5.677 5.721 5.763 5.805 5.845 5.885 5.923 5.961 6.000 6.039 6.078 6.120 6.168 6.224 6.289 6.357 6.431 6.513 6.600 6.690 6.784 6.884 6.983 7.078 7.164 7.264 7.381
-99.000 -99.000 -99.000 -99.000 1.646 1.665 1.762 1.961 2.245 2.589 2.958 3.306 3.603 3.845 4.035 4.184 4.302 4.399 4.480 4.551 4.616 4.675 4.730 4.783 4.834 4.882 4.929 4.975 5.020 5.064 5.106 5.148 5.191 5.234 5.277 5.320 5.364 5.409 5.454 5.499 5.545 5.592 5.638 5.684 5.730 5.775 5.821 5.866 5.909 5.952 5.994 6.036 6.077 6.118 6.160 6.207 6.261 6.324 6.391 6.464 6.547 6.636 6.728 6.828 6.931 7.035 7.132 7.217 7.318 7.438
