TsunamiDB/out54077.asc
ncols          264
nrows          230
xllcorner      497853.4375
yllcorner      4229146.0000
cellsize         5.
NODATA_value   -99
[rows 68 to 101 of 230, columns 152 to 227 of 264]
6.329 6.332 6.334 6.336 6.337 6.338 6.340 6.341 6.344 6.347 6.352 6.357 6.363 6.371 6.380 6.390 6.400 6.412 6.424 6.437 6.451 6.464 6.477 6.490 6.504 6.518 6.533 6.547 6.562 6.577 6.591 6.606 6.621 6.636 6.652 6.667 6.683 6.699 6.714 6.731 6.747 6.763 6.779 6.796 6.811 6.827 6.842 6.858 6.874 6.890 6.907 6.924 6.941 6.959 6.976 6.994 7.012 7.030 7.048 7.065 7.083 7.101 7.119 7.138 7.157 7.178 7.199 7.220 7.241 7.262 7.282 7.298 7.308 7.313 7.321 7.340
6.354 6.358 6.361 6.364 6.366 6.367 6.368 6.370 6.371 6.374 6.377 6.381 6.386 6.393 6.400 6.409 6.419 6.429 6.441 6.453 6.466 6.478 6.491 6.504 6.517 6.531 6.545 6.559 6.574 6.588 6.603 6.618 6.633 6.648 6.664 6.679 6.695 6.711 6.727 6.743 6.760 6.777 6.793 6.810 6.827 6.842 6.858 6.874 6.891 6.907 6.925 6.942 6.960 6.978 6.996 7.014 7.032 7.051 7.069 7.087 7.105 7.123 7.142 7.161 7.180 7.201 7.222 7.244 7.265 7.286 7.306 7.323 7.333 7.339 7.346 7.365
6.377 6.383 6.387 6.391 6.393 6.395 6.397 6.398 6.400 6.401 6.404 6.407 6.411 6.416 6.423 6.430 6.439 6.448 6.459 6.470 6.482 6.494 6.506 6.518 6.531 6.545 6.559 6.573 6.587 6.601 6.616 6.630 6.645 6.660 6.676 6.691 6.707 6.723 6.740 6.756 6.773 6.790 6.807 6.825 6.842 6.858 6.874 6.890 6.907 6.925 6.942 6.960 6.978 6.997 7.015 7.034 7.053 7.071 7.090 7.108 7.127 7.145 7.164 7.183 7.203 7.224 7.245 7.267 7.288 7.310 7.330 7.347 7.358 7.364 7.371 7.390
6.399 6.406 6.411 6.416 6.420 6.423 6.425 6.426 6.428 6.429 6.431 6.434 6.437 6.441 6.446 6.453 6.460 6.469 6.478 6.489 6.500 6.511 6.522 6.534 6.547 6.560 6.573 6.587 6.601 6.615 6.629 6.643 6.658 6.673 6.688 6.704 6.720 6.736 6.753 6.770 6.787 6.804 6.822 6.839 6.856 6.873 6.889 6.907 6.924 6.942 6.959 6.978 6.996 7.015 7.034 7.053 7.072 7.091 7.110 7.129 7.148 7.166 7.185 7.204 7.225 7.246 7.267 7.289 7.311 7.332 7.353 7.371 7.382 7.389 7.396 7.415
6.419 6.427 6.434 6.440 6.445 6.449 6.452 6.454 6.456 6.458 6.459 6.461 6.464 6.467 6.472 6.477 6.483 6.491 6.499 6.509 6.519 6.530 6.540 6.551 6.563 6.576 6.589 6.602 6.615 6.629 6.643 6.657 6.672 6.687 6.702 6.717 6.733 6.749 6.766 6.783 6.800 6.818 6.836 6.854 6.871 6.888 6.905 6.922 6.940 6.958 6.976 6.995 7.014 7.033 7.052 7.072 7.091 7.110 7.130 7.149 7.168 7.187 7.206 7.225 7.246 7.267 7.289 7.310 7.332 7.354 7.376 7.394 7.406 7.412 7.420 7.440
6.437 6.446 6.455 6.462 6.468 6.473 6.477 6.481 6.483 6.485 6.487 6.489 6.491 6.494 6.497 6.502 6.507 6.514 6.522 6.530 6.540 6.549 6.559 6.570 6.581 6.593 6.605 6.618 6.631 6.644 6.658 6.672 6.686 6.701 6.716 6.731 6.747 6.763 6.779 6.796 6.814 6.832 6.850 6.868 6.886 6.903 6.920 6.938 6.956 6.974 6.993 7.012 7.031 7.050 7.070 7.090 7.110 7.129 7.149 7.168 7.188 7.207 7.226 7.246 7.266 7.287 7.309 7.331 7.353 7.375 7.397 7.416 7.429 7.435 7.444 7.465
6.453 6.464 6.474 6.482 6.490 6.496 6.501 6.506 6.509 6.512 6.514 6.516 6.518 6.521 6.524 6.528 6.532 6.538 6.545 6.553 6.561 6.570 6.579 6.589 6.600 6.611 6.623 6.635 6.648 6.661 6.674 6.687 6.701 6.715 6.730 6.745 6.761 6.777 6.793 6.810 6.828 6.846 6.864 6.882 6.900 6.918 6.935 6.953 6.972 6.990 7.009 7.028 7.048 7.067 7.087 7.107 7.127 7.147 7.167 7.187 7.207 7.226 7.245 7.265 7.285 7.307 7.328 7.350 7.373 7.396 7.418 7.437 7.451 7.458 7.468 7.489
6.469 6.480 6.491 6.501 6.510 6.517 6.524 6.529 6.534 6.537 6.540 6.543 6.545 6.548 6.550 6.554 6.558 6.563 6.569 6.576 6.584 6.592 6.600 6.609 6.619 6.630 6.642 6.653 6.666 6.678 6.691 6.704 6.717 6.731 6.745 6.760 6.775 6.791 6.808 6.825 6.842 6.860 6.878 6.897 6.915 6.932 6.950 6.969 6.987 7.006 7.025 7.045 7.064 7.084 7.104 7.124 7.145 7.165 7.185 7.205 7.225 7.244 7.264 7.284 7.304 7.325 7.347 7.369 7.392 7.415 7.438 7.458 7.472 7.481 7.491 7.513
6.483 6.496 6.507 6.518 6.528 6.537 6.545 6.551 6.557 6.561 6.565 6.569 6.571 6.574 6.577 6.580 6.583 6.588 6.593 6.599 6.607 6.614 6.621 6.630 6.640 6.650 6.661 6.672 6.684 6.696 6.708 6.721 6.734 6.748 6.761 6.776 6.791 6.806 6.822 6.839 6.857 6.874 6.893 6.912 6.929 6.947 6.965 6.984 7.003 7.022 7.041 7.061 7.080 7.100 7.121 7.141 7.162 7.182 7.203 7.223 7.243 7.262 7.282 7.302 7.322 7.343 7.365 7.387 7.410 7.434 7.457 7.477 7.492 7.501 7.511 7.535
6.496 6.510 6.522 6.534 6.545 6.555 6.564 6.572 6.578 6.584 6.589 6.593 6.596 6.599 6.602 6.605 6.609 6.613 6.618 6.623 6.630 6.637 6.643 6.652 6.661 6.671 6.681 6.692 6.703 6.715 6.727 6.739 6.752 6.765 6.778 6.792 6.807 6.822 6.838 6.854 6.871 6.889 6.908 6.926 6.944 6.962 6.980 6.999 7.018 7.037 7.056 7.076 7.096 7.116 7.137 7.157 7.178 7.199 7.220 7.240 7.260 7.280 7.299 7.319 7.339 7.360 7.382 7.404 7.428 7.452 7.475 7.495 7.510 7.519 7.532 7.557
6.509 6.523 6.536 6.549 6.561 6.572 6.582 6.591 6.598 6.605 6.611 6.616 6.620 6.624 6.627 6.631 6.634 6.638 6.642 6.647 6.653 6.659 6.666 6.673 6.682 6.691 6.701 6.712 6.723 6.734 6.746 6.758 6.770 6.783 6.796 6.809 6.823 6.838 6.854 6.870 6.887 6.904 6.923 6.941 6.958 6.976 6.995 7.014 7.033 7.052 7.071 7.091 7.111 7.132 7.152 7.173 7.194 7.215 7.236 7.256 7.277 7.296 7.316 7.335 7.355 7.376 7.398 7.420 7.444 7.468 7.491 7.511 7.527 7.538 7.553 7.580
6.521 6.535 6.549 6.563 6.576 6.587 6.598 6.608 6.617 6.625 6.632 6.638 6.643 6.647 6.651 6.655 6.658 6.662 6.666 6.671 6.677 6.682 6.688 6.695 6.703 6.712 6.722 6.732 6.743 6.754 6.765 6.777 6.789 6.801 6.814 6.827 6.841 6.855 6.870 6.886 6.903 6.920 6.938 6.956 6.973 6.991 7.009 7.028 7.047 7.067 7.086 7.106 7.126 7.147 7.168 7.188 7.210 7.231 7.252 7.272 7.293 7.313 7.332 7.351 7.371 7.391 7.413 7.435 7.459 7.483 7.506 7.526 7.543 7.557 7.574 7.603
6.532 6.547 6.562 6.576 6.589 6.602 6.614 6.625 6.634 6.643 6.651 6.658 6.664 6.669 6.674 6.678 6.682 6.686 6.690 6.695 6.700 6.705 6.710 6.717 6.724 6.733 6.742 6.752 6.763 6.774 6.785 6.796 6.808 6.820 6.832 6.845 6.859 6.873 6.887 6.902 6.919 6.936 6.953 6.971 6.988 7.006 7.024 7.043 7.062 7.081 7.101 7.121 7.141 7.162 7.182 7.203 7.225 7.246 7.267 7.288 7.308 7.328 7.347 7.366 7.385 7.406 7.427 7.449 7.472 7.495 7.519 7.540 7.559 7.575 7.596 7.627
6.542 6.558 6.573 6.588 6.602 6.616 6.628 6.640 6.651 6.660 6.669 6.677 6.684 6.690 6.695 6.700 6.704 6.709 6.713 6.718 6.722 6.726 6.732 6.738 6.745 6.754 6.763 6.772 6.783 6.793 6.804 6.816 6.827 6.839 6.851 6.864 6.877 6.890 6.905 6.919 6.935 6.952 6.969 6.986 7.003 7.021 7.039 7.058 7.076 7.096 7.115 7.135 7.155 7.176 7.197 7.218 7.239 7.260 7.282 7.303 7.323 7.343 7.362 7.381 7.399 7.419 7.439 7.461 7.483 7.507 7.531 7.554 7.574 7.594 7.618 7.652
6.552 6.568 6.584 6.600 6.614 6.628 6.642 6.654 6.666 6.677 6.686 6.695 6.703 6.710 6.716 6.721 6.726 6.731 6.735 6.740 6.744 6.748 6.753 6.759 6.766 6.774 6.783 6.792 6.802 6.813 6.824 6.835 6.846 6.858 6.870 6.882 6.895 6.908 6.922 6.937 6.952 6.968 6.985 7.002 7.018 7.036 7.054 7.072 7.091 7.110 7.130 7.149 7.170 7.190 7.211 7.232 7.253 7.275 7.296 7.317 7.338 7.358 7.377 7.394 7.412 7.431 7.451 7.471 7.493 7.517 7.542 7.566 7.590 7.614 7.641 7.678
6.561 6.578 6.595 6.610 6.626 6.640 6.654 6.668 6.680 6.692 6.702 6.712 6.721 6.728 6.735 6.741 6.747 6.752 6.757 6.762 6.766 6.769 6.774 6.780 6.786 6.794 6.802 6.811 6.821 6.832 6.843 6.854 6.865 6.877 6.889 6.901 6.914 6.927 6.940 6.954 6.969 6.985 7.001 7.018 7.034 7.051 7.069 7.087 7.105 7.124 7.144 7.163 7.183 7.204 7.224 7.245 7.267 7.288 7.310 7.331 7.352 7.372 7.390 7.407 7.424 7.442 7.461 7.480 7.502 7.526 7.552 7.579 7.606 7.633 7.664 7.704
6.570 6.588 6.604 6.621 6.637 6.652 6.666 6.680 6.693 6.706 6.717 6.728 6.737 6.746 6.754 6.760 6.767 6.772 6.777 6.782 6.786 6.790 6.794 6.800 6.806 6.813 6.821 6.830 6.840 6.850 6.861 6.872 6.884 6.895 6.907 6.920 6.932 6.945 6.958 6.972 6.986 7.001 7.017 7.033 7.049 7.066 7.083 7.101 7.120 7.138 7.157 7.177 7.197 7.217 7.238 7.259 7.280 7.301 7.323 7.344 7.365 7.385 7.403 7.419 7.435 7.452 7.469 7.488 7.509 7.534 7.561 7.591 7.622 7.652 7.686 7.729
6.579 6.596 6.614 6.630 6.647 6.663 6.678 6.692 6.706 6.719 6.731 6.742 6.753 6.762 6.771 6.778 6.785 6.791 6.797 6.802 6.807 6.810 6.814 6.819 6.825 6.832 6.840 6.848 6.858 6.868 6.879 6.890 6.902 6.913 6.925 6.938 6.950 6.963 6.976 6.989 7.003 7.018 7.034 7.050 7.065 7.081 7.098 7.116 7.134 7.152 7.171 7.190 7.210 7.230 7.250 7.271 7.293 7.314 7.336 7.357 7.378 7.397 7.415 7.430 7.444 7.460 7.477 7.495 7.516 7.541 7.571 7.603 7.637 7.671 7.708 7.754
6.587 6.605 6.622 6.640 6.656 6.673 6.688 6.703 6.718 6.731 6.744 6.756 6.767 6.778 6.787 6.795 6.803 6.810 6.816 6.821 6.826 6.830 6.834 6.839 6.844 6.851 6.858 6.866 6.875 6.885 6.896 6.907 6.919 6.931 6.943 6.955 6.968 6.980 6.993 7.007 7.020 7.035 7.050 7.066 7.081 7.097 7.113 7.130 7.148 7.166 7.185 7.204 7.223 7.243 7.263 7.284 7.305 7.326 7.348 7.369 7.390 7.409 7.425 7.439 7.452 7.467 7.483 7.501 7.523 7.549 7.580 7.615 7.652 7.689 7.729 7.778
6.594 6.612 6.630 6.648 6.665 6.682 6.698 6.714 6.729 6.743 6.757 6.769 6.781 6.792 6.802 6.811 6.819 6.827 6.834 6.840 6.845 6.849 6.853 6.857 6.863 6.869 6.876 6.884 6.893 6.902 6.913 6.924 6.935 6.947 6.960 6.972 6.985 6.997 7.010 7.023 7.037 7.052 7.067 7.082 7.096 7.112 7.128 7.145 7.162 7.180 7.198 7.217 7.236 7.255 7.275 7.296 7.317 7.338 7.359 7.380 7.401 7.419 7.435 7.447 7.460 7.474 7.490 7.507 7.529 7.557 7.590 7.626 7.665 7.706 7.751 7.802
6.601 6.620 6.638 6.656 6.674 6.691 6.707 6.724 6.739 6.754 6.768 6.781 6.794 6.805 6.816 6.826 6.835 6.843 6.850 6.857 6.862 6.867 6.871 6.876 6.881 6.887 6.893 6.901 6.909 6.919 6.929 6.940 6.951 6.963 6.976 6.988 7.001 7.014 7.027 7.040 7.054 7.068 7.083 7.097 7.112 7.127 7.143 7.160 7.177 7.194 7.212 7.230 7.249 7.268 7.287 7.307 7.328 7.349 7.370 7.391 7.411 7.429 7.443 7.455 7.467 7.481 7.497 7.514 7.537 7.565 7.599 7.636 7.678 7.724 7.774 7.827
6.607 6.626 6.645 6.663 6.681 6.699 6.716 6.733 6.748 6.764 6.778 6.792 6.806 6.818 6.829 6.840 6.850 6.858 6.866 6.873 6.879 6.884 6.888 6.893 6.898 6.904 6.910 6.917 6.926 6.935 6.945 6.956 6.967 6.979 6.991 7.004 7.017 7.030 7.043 7.056 7.070 7.084 7.098 7.113 7.127 7.142 7.158 7.174 7.191 7.208 7.225 7.243 7.261 7.280 7.299 7.319 7.339 7.360 7.380 7.401 7.420 7.438 7.452 7.463 7.474 7.488 7.503 7.520 7.544 7.573 7.607 7.645 7.691 7.742 7.797 7.852
6.613 6.632 6.651 6.670 6.688 6.706 6.724 6.741 6.757 6.773 6.788 6.803 6.816 6.829 6.841 6.853 6.863 6.872 6.881 6.889 6.895 6.900 6.905 6.910 6.915 6.921 6.927 6.934 6.942 6.950 6.960 6.971 6.982 6.994 7.006 7.019 7.032 7.045 7.058 7.071 7.085 7.099 7.114 7.128 7.142 7.157 7.172 7.188 7.205 7.221 7.239 7.256 7.274 7.292 7.311 7.330 7.350 7.370 7.390 7.410 7.429 7.446 7.460 7.471 7.481 7.495 7.510 7.527 7.551 7.580 7.614 7.655 7.704 7.761 7.822 7.879
6.618 6.638 6.657 6.676 6.695 6.713 6.731 6.748 6.765 6.781 6.797 6.812 6.826 6.840 6.853 6.864 6.875 6.886 6.895 6.903 6.910 6.916 6.921 6.926 6.931 6.937 6.943 6.950 6.957 6.966 6.975 6.985 6.996 7.008 7.021 7.033 7.046 7.059 7.073 7.086 7.100 7.114 7.129 7.143 7.157 7.171 7.186 7.202 7.218 7.235 7.252 7.269 7.286 7.304 7.322 7.341 7.360 7.380 7.400 7.419 7.438 7.455 7.468 7.478 7.488 7.502 7.517 7.534 7.557 7.587 7.622 7.666 7.719 7.781 7.848 7.907
6.623 6.642 6.662 6.681 6.700 6.719 6.737 6.755 6.772 6.789 6.805 6.820 6.835 6.849 6.863 6.875 6.887 6.897 6.907 6.917 6.924 6.930 6.936 6.941 6.947 6.952 6.958 6.965 6.972 6.980 6.990 7.000 7.010 7.022 7.034 7.047 7.060 7.073 7.087 7.100 7.114 7.128 7.143 7.157 7.171 7.185 7.200 7.216 7.232 7.248 7.265 7.281 7.298 7.315 7.333 7.351 7.370 7.389 7.409 7.428 7.447 7.463 7.476 7.486 7.495 7.508 7.523 7.540 7.564 7.594 7.631 7.677 7.735 7.803 7.876 7.937
6.626 6.646 6.666 6.686 6.705 6.724 6.743 6.761 6.778 6.796 6.812 6.828 6.843 6.858 6.872 6.885 6.897 6.908 6.919 6.929 6.937 6.944 6.950 6.956 6.962 6.967 6.973 6.980 6.987 6.995 7.004 7.013 7.024 7.036 7.048 7.060 7.073 7.087 7.100 7.114 7.128 7.142 7.157 7.171 7.184 7.199 7.213 7.229 7.245 7.261 7.277 7.294 7.310 7.327 7.344 7.362 7.380 7.399 7.418 7.437 7.455 7.472 7.484 7.493 7.502 7.515 7.530 7.547 7.571 7.603 7.641 7.691 7.754 7.828 7.906 7.969
6.629 6.650 6.670 6.690 6.709 6.729 6.748 6.766 6.784 6.801 6.818 6.835 6.850 6.865 6.880 6.893 6.906 6.918 6.929 6.940 6.949 6.956 6.963 6.969 6.975 6.981 6.988 6.994 7.001 7.009 7.017 7.027 7.037 7.049 7.061 7.073 7.086 7.100 7.113 7.127 7.141 7.155 7.170 7.183 7.197 7.211 7.226 7.242 7.257 7.273 7.289 7.305 7.322 7.338 7.355 7.372 7.390 7.408 7.427 7.446 7.464 7.480 7.492 7.501 7.509 7.522 7.537 7.554 7.579 7.612 7.653 7.706 7.773 7.852 7.934 8.001
6.631 6.652 6.673 6.693 6.713 6.732 6.751 6.770 6.788 6.806 6.823 6.840 6.856 6.872 6.887 6.901 6.914 6.927 6.939 6.950 6.959 6.967 6.974 6.981 6.988 6.994 7.001 7.008 7.015 7.022 7.031 7.040 7.050 7.061 7.073 7.085 7.098 7.112 7.125 7.139 7.153 7.168 7.182 7.196 7.209 7.224 7.238 7.254 7.269 7.285 7.301 7.317 7.333 7.348 7.365 7.381 7.399 7.417 7.436 7.454 7.472 7.488 7.501 7.509 7.516 7.529 7.545 7.562 7.588 7.622 7.666 7.723 7.794 7.878 7.967 8.035
6.633 6.654 6.674 6.695 6.715 6.735 6.754 6.773 6.792 6.810 6.828 6.845 6.861 6.877 6.892 6.907 6.921 6.934 6.947 6.958 6.968 6.977 6.985 6.992 7.000 7.007 7.013 7.020 7.027 7.035 7.043 7.052 7.062 7.073 7.085 7.097 7.110 7.123 7.137 7.151 7.165 7.179 7.194 7.207 7.221 7.235 7.250 7.265 7.281 7.296 7.312 7.328 7.343 7.358 7.374 7.391 7.408 7.426 7.444 7.463 7.481 7.497 7.508 7.515 7.522 7.537 7.553 7.571 7.598 7.635 7.683 7.744 7.819 7.911 8.005 8.071
6.633 6.654 6.675 6.696 6.716 6.737 6.756 6.776 6.795 6.813 6.831 6.848 6.865 6.882 6.897 6.912 6.927 6.940 6.953 6.966 6.976 6.985 6.994 7.002 7.010 7.018 7.025 7.032 7.039 7.047 7.055 7.064 7.074 7.084 7.096 7.108 7.121 7.134 7.148 7.162 7.176 7.190 7.204 7.218 7.231 7.245 7.260 7.275 7.291 7.307 7.322 7.338 7.353 7.368 7.383 7.399 7.416 7.434 7.453 7.471 7.489 7.504 7.515 7.521 7.530 7.546 7.564 7.583 7.612 7.653 7.704 7.770 7.853 7.948 8.040 8.106
6.631 6.653 6.675 6.696 6.717 6.737 6.757 6.777 6.796 6.815 6.833 6.851 6.868 6.885 6.901 6.916 6.931 6.945 6.959 6.972 6.983 6.993 7.002 7.011 7.019 7.027 7.035 7.043 7.050 7.058 7.066 7.075 7.085 7.095 7.106 7.118 7.131 7.144 7.158 7.172 7.186 7.200 7.214 7.227 7.241 7.255 7.270 7.285 7.300 7.316 7.332 7.347 7.362 7.377 7.392 7.408 7.424 7.442 7.461 7.479 7.496 7.510 7.520 7.529 7.539 7.557 7.577 7.599 7.632 7.675 7.731 7.802 7.889 7.984 8.075 8.140
6.628 6.650 6.672 6.694 6.715 6.736 6.757 6.777 6.796 6.816 6.834 6.852 6.870 6.887 6.903 6.919 6.935 6.949 6.964 6.977 6.988 6.999 7.009 7.018 7.028 7.036 7.044 7.052 7.060 7.068 7.076 7.085 7.095 7.105 7.116 7.128 7.140 7.153 7.167 7.181 7.195 7.209 7.223 7.236 7.250 7.264 7.278 7.293 7.309 7.324 7.340 7.355 7.370 7.385 7.400 7.415 7.432 7.449 7.468 7.485 7.502 7.515 7.527 7.537 7.550 7.572 7.594 7.620 7.657 7.703 7.763 7.838 7.925 8.019 8.110 8.173
6.621 6.644 6.667 6.690 6.712 6.733 6.754 6.775 6.795 6.815 6.834 6.852 6.870 6.887 6.904 6.921 6.937 6.952 6.967 6.980 6.992 7.004 7.014 7.025 7.034 7.043 7.052 7.061 7.069 7.077 7.085 7.094 7.104 7.114 7.125 7.137 7.149 7.162 7.175 7.189 7.203 7.217 7.231 7.244 7.257 7.271 7.286 7.301 7.316 7.332 7.347 7.362 7.377 7.392 7.407 7.422 7.438 7.456 7.473 7.490 7.506 7.521 7.534 7.547 7.565 7.589 7.616 7.646 7.686 7.737 7.799 7.874 7.961 8.054 8.145 8.208
6.610 6.635 6.659 6.682 6.705 6.728 6.750 6.771 6.791 6.812 6.831 6.850 6.869 6.887 6.904 6.921 6.937 6.953 6.968 6.982 6.995 7.007 7.018 7.029 7.040 7.049 7.059 7.068 7.076 7.085 7.093 7.102 7.112 7.122 7.133 7.144 7.157 7.169 7.183 7.196 7.210 7.224 7.237 7.250 7.264 7.277 7.292 7.307 7.322 7.338 7.353 7.369 7.384 7.398 7.413 7.428 7.444 7.460 7.477 7.494 7.511 7.527 7.543 7.560 7.582 7.611 7.642 7.676 7.721 7.775 7.836 7.910 7.995 8.088 8.180 8.242
