TsunamiDB/out54131.asc
ncols          264
nrows          230
xllcorner      497853.4375
yllcorner      4229146.0000
cellsize         5.
NODATA_value   -99
[rows 136 to 169 of 230, columns 77 to 153 of 264]
6.676 6.686 6.695 6.704 6.713 6.722 6.731 6.740 6.749 6.758 6.766 6.775 6.783 6.792 6.801 6.809 6.817 6.826 6.834 6.843 6.851 6.860 6.869 6.878 6.887 6.894 6.902 6.910 6.918 6.925 6.933 6.941 6.949 6.956 6.964 6.972 6.979 6.986 6.994 7.001 7.007 7.014 7.020 7.026 7.032 7.038 7.044 7.049 7.053 7.057 7.060 7.064 7.067 7.070 7.073 7.076 7.080 7.083 7.086 7.089 7.092 7.096 7.099 7.102 7.105 7.108 7.111 7.113 7.116 7.119 7.122 7.123 7.125 7.126 7.127 7.128 7.129
6.680 6.690 6.699 6.708 6.717 6.726 6.735 6.744 6.753 6.762 6.771 6.779 6.788 6.797 6.805 6.814 6.822 6.830 6.839 6.847 6.856 6.865 6.873 6.883 6.891 6.899 6.907 6.914 6.922 6.930 6.938 6.946 6.954 6.961 6.969 6.977 6.985 6.992 7.000 7.007 7.015 7.021 7.028 7.035 7.041 7.047 7.054 7.059 7.063 7.067 7.071 7.075 7.079 7.082 7.085 7.089 7.092 7.095 7.099 7.102 7.106 7.109 7.112 7.116 7.119 7.122 7.125 7.129 7.132 7.135 7.138 7.140 7.142 7.143 7.145 7.146 7.147
6.684 6.693 6.703 6.712 6.721 6.730 6.739 6.748 6.757 6.766 6.775 6.784 6.792 6.801 6.809 6.818 6.826 6.835 6.843 6.852 6.860 6.869 6.878 6.887 6.895 6.903 6.911 6.918 6.926 6.934 6.942 6.950 6.958 6.966 6.974 6.982 6.990 6.998 7.005 7.013 7.021 7.028 7.035 7.042 7.049 7.056 7.062 7.068 7.073 7.077 7.081 7.085 7.089 7.093 7.096 7.100 7.103 7.107 7.111 7.114 7.118 7.121 7.125 7.128 7.132 7.135 7.139 7.142 7.146 7.150 7.152 7.155 7.157 7.159 7.161 7.162 7.164
6.687 6.697 6.706 6.716 6.725 6.734 6.743 6.752 6.761 6.770 6.779 6.788 6.796 6.805 6.814 6.822 6.831 6.839 6.847 6.856 6.864 6.873 6.882 6.891 6.899 6.907 6.914 6.922 6.930 6.938 6.946 6.954 6.962 6.970 6.978 6.986 6.994 7.002 7.010 7.018 7.026 7.033 7.041 7.048 7.055 7.063 7.070 7.075 7.081 7.086 7.090 7.094 7.099 7.102 7.106 7.110 7.114 7.117 7.121 7.125 7.129 7.132 7.136 7.140 7.144 7.147 7.151 7.155 7.159 7.162 7.165 7.168 7.171 7.173 7.175 7.177 7.179
6.690 6.700 6.710 6.719 6.728 6.738 6.747 6.756 6.765 6.774 6.783 6.792 6.800 6.809 6.818 6.826 6.835 6.843 6.851 6.860 6.868 6.877 6.886 6.895 6.903 6.910 6.918 6.926 6.934 6.941 6.949 6.957 6.965 6.973 6.981 6.990 6.998 7.006 7.014 7.022 7.030 7.038 7.046 7.053 7.061 7.069 7.076 7.082 7.088 7.093 7.098 7.103 7.107 7.111 7.115 7.119 7.123 7.127 7.131 7.134 7.138 7.142 7.146 7.150 7.154 7.158 7.162 7.166 7.170 7.174 7.177 7.180 7.183 7.186 7.188 7.190 7.192
6.694 6.703 6.713 6.722 6.732 6.741 6.750 6.759 6.769 6.778 6.787 6.795 6.804 6.813 6.821 6.830 6.838 6.847 6.855 6.864 6.872 6.881 6.890 6.898 6.906 6.914 6.921 6.929 6.937 6.945 6.952 6.960 6.968 6.976 6.984 6.993 7.001 7.009 7.017 7.026 7.034 7.042 7.050 7.058 7.066 7.074 7.081 7.088 7.094 7.099 7.105 7.110 7.114 7.119 7.123 7.127 7.131 7.135 7.139 7.143 7.147 7.151 7.155 7.159 7.163 7.167 7.171 7.176 7.180 7.184 7.188 7.191 7.194 7.197 7.199 7.202 7.204
6.697 6.706 6.716 6.726 6.735 6.744 6.754 6.763 6.772 6.781 6.790 6.799 6.808 6.817 6.825 6.834 6.842 6.851 6.859 6.867 6.876 6.885 6.893 6.902 6.910 6.917 6.925 6.932 6.940 6.948 6.955 6.963 6.971 6.979 6.987 6.995 7.004 7.012 7.020 7.029 7.037 7.045 7.053 7.062 7.070 7.078 7.086 7.093 7.099 7.105 7.111 7.116 7.121 7.125 7.130 7.134 7.139 7.143 7.147 7.151 7.155 7.159 7.163 7.167 7.172 7.176 7.180 7.184 7.189 7.193 7.197 7.200 7.204 7.207 7.210 7.212 7.215
6.699 6.709 6.719 6.729 6.738 6.748 6.757 6.766 6.775 6.785 6.794 6.803 6.811 6.820 6.829 6.837 6.846 6.854 6.863 6.871 6.880 6.888 6.897 6.905 6.913 6.921 6.928 6.936 6.943 6.951 6.958 6.966 6.974 6.982 6.990 6.998 7.006 7.014 7.023 7.031 7.039 7.048 7.056 7.065 7.073 7.081 7.089 7.097 7.103 7.110 7.116 7.121 7.126 7.131 7.136 7.141 7.145 7.149 7.154 7.158 7.162 7.166 7.171 7.175 7.179 7.183 7.188 7.192 7.197 7.201 7.205 7.209 7.212 7.215 7.219 7.222 7.224
6.701 6.711 6.721 6.731 6.741 6.750 6.760 6.769 6.779 6.788 6.797 6.806 6.815 6.824 6.832 6.841 6.850 6.858 6.866 6.875 6.883 6.892 6.900 6.909 6.916 6.924 6.931 6.939 6.946 6.954 6.961 6.969 6.976 6.984 6.992 7.000 7.008 7.017 7.025 7.033 7.042 7.050 7.058 7.067 7.075 7.084 7.092 7.100 7.107 7.113 7.120 7.126 7.131 7.136 7.141 7.146 7.151 7.155 7.160 7.164 7.169 7.173 7.177 7.182 7.186 7.190 7.195 7.199 7.204 7.209 7.212 7.216 7.220 7.223 7.227 7.230 7.233
6.702 6.713 6.723 6.733 6.743 6.753 6.763 6.772 6.782 6.791 6.800 6.809 6.818 6.827 6.836 6.845 6.853 6.862 6.870 6.878 6.887 6.895 6.904 6.912 6.920 6.927 6.934 6.942 6.949 6.956 6.964 6.971 6.979 6.987 6.995 7.002 7.010 7.019 7.027 7.035 7.043 7.052 7.060 7.069 7.077 7.086 7.095 7.102 7.109 7.116 7.123 7.129 7.135 7.141 7.146 7.151 7.156 7.161 7.165 7.170 7.174 7.179 7.183 7.188 7.192 7.196 7.201 7.206 7.210 7.215 7.219 7.223 7.227 7.230 7.234 7.237 7.240
6.702 6.713 6.724 6.735 6.745 6.755 6.765 6.775 6.784 6.794 6.803 6.812 6.821 6.830 6.839 6.848 6.856 6.865 6.873 6.882 6.890 6.898 6.907 6.915 6.923 6.930 6.937 6.945 6.952 6.959 6.967 6.974 6.982 6.989 6.997 7.005 7.012 7.020 7.029 7.037 7.045 7.053 7.062 7.070 7.079 7.088 7.096 7.104 7.111 7.119 7.125 7.132 7.138 7.144 7.150 7.155 7.160 7.165 7.170 7.175 7.179 7.184 7.188 7.193 7.197 7.202 7.207 7.211 7.216 7.221 7.225 7.229 7.233 7.237 7.240 7.244 7.247
6.700 6.712 6.724 6.735 6.745 6.756 6.766 6.776 6.786 6.796 6.805 6.815 6.824 6.833 6.842 6.851 6.860 6.868 6.877 6.885 6.893 6.902 6.910 6.919 6.926 6.933 6.940 6.948 6.955 6.962 6.969 6.977 6.984 6.991 6.999 7.007 7.014 7.022 7.030 7.038 7.046 7.055 7.063 7.071 7.080 7.089 7.098 7.105 7.113 7.120 7.127 7.134 7.141 7.147 7.153 7.158 7.164 7.169 7.174 7.179 7.184 7.188 7.193 7.198 7.202 7.207 7.212 7.217 7.222 7.226 7.231 7.235 7.239 7.242 7.246 7.249 7.253
6.696 6.709 6.721 6.733 6.745 6.756 6.766 6.777 6.787 6.797 6.807 6.817 6.826 6.836 6.845 6.854 6.862 6.871 6.880 6.888 6.896 6.905 6.913 6.922 6.929 6.936 6.943 6.951 6.958 6.965 6.972 6.979 6.986 6.994 7.001 7.009 7.016 7.024 7.032 7.040 7.048 7.056 7.064 7.072 7.081 7.090 7.098 7.106 7.114 7.121 7.129 7.136 7.142 7.149 7.155 7.161 7.166 7.172 7.177 7.182 7.187 7.192 7.197 7.202 7.207 7.212 7.216 7.221 7.226 7.231 7.235 7.240 7.244 7.247 7.251 7.255 7.258
6.688 6.702 6.716 6.729 6.741 6.753 6.765 6.776 6.787 6.798 6.808 6.818 6.828 6.837 6.847 6.856 6.865 6.873 6.882 6.891 6.899 6.908 6.916 6.924 6.932 6.939 6.946 6.953 6.960 6.967 6.974 6.982 6.989 6.996 7.003 7.011 7.018 7.026 7.033 7.041 7.049 7.057 7.065 7.073 7.082 7.090 7.099 7.107 7.115 7.122 7.129 7.136 7.143 7.150 7.156 7.163 7.169 7.174 7.180 7.185 7.191 7.196 7.201 7.206 7.211 7.215 7.220 7.225 7.231 7.236 7.240 7.244 7.248 7.252 7.256 7.260 7.263
6.676 6.692 6.707 6.722 6.735 6.749 6.761 6.774 6.785 6.797 6.807 6.818 6.828 6.838 6.848 6.857 6.866 6.875 6.884 6.893 6.902 6.910 6.919 6.927 6.934 6.942 6.949 6.956 6.963 6.970 6.977 6.984 6.991 6.998 7.005 7.013 7.020 7.027 7.035 7.043 7.050 7.058 7.066 7.074 7.082 7.091 7.099 7.107 7.115 7.122 7.130 7.137 7.144 7.151 7.157 7.164 7.170 7.176 7.182 7.188 7.193 7.198 7.204 7.209 7.214 7.219 7.224 7.229 7.235 7.240 7.244 7.248 7.253 7.257 7.260 7.264 7.268
6.659 6.677 6.694 6.710 6.726 6.740 6.755 6.768 6.781 6.793 6.805 6.816 6.827 6.838 6.848 6.858 6.867 6.876 6.886 6.894 6.903 6.912 6.921 6.929 6.937 6.944 6.951 6.958 6.965 6.972 6.979 6.986 6.993 7.000 7.007 7.015 7.022 7.029 7.036 7.044 7.051 7.059 7.067 7.075 7.083 7.091 7.099 7.107 7.115 7.122 7.130 7.137 7.144 7.151 7.158 7.165 7.171 7.177 7.183 7.189 7.195 7.201 7.206 7.212 7.217 7.222 7.227 7.233 7.238 7.243 7.248 7.252 7.256 7.261 7.265 7.268 7.272
6.638 6.658 6.677 6.695 6.712 6.728 6.744 6.759 6.773 6.787 6.800 6.812 6.824 6.835 6.846 6.857 6.867 6.876 6.886 6.895 6.904 6.913 6.922 6.931 6.938 6.946 6.953 6.960 6.967 6.974 6.981 6.988 6.995 7.002 7.009 7.016 7.023 7.031 7.038 7.045 7.052 7.060 7.067 7.075 7.083 7.091 7.100 7.107 7.115 7.122 7.129 7.137 7.144 7.151 7.158 7.165 7.171 7.178 7.184 7.191 7.197 7.202 7.208 7.214 7.219 7.225 7.230 7.236 7.241 7.247 7.251 7.256 7.260 7.264 7.268 7.272 7.276
6.615 6.636 6.656 6.675 6.694 6.712 6.729 6.746 6.762 6.777 6.791 6.805 6.818 6.830 6.842 6.854 6.864 6.875 6.885 6.894 6.904 6.913 6.923 6.931 6.939 6.947 6.954 6.961 6.969 6.976 6.983 6.990 6.997 7.004 7.011 7.018 7.025 7.032 7.039 7.046 7.053 7.061 7.068 7.076 7.083 7.092 7.099 7.107 7.114 7.122 7.129 7.136 7.143 7.150 7.158 7.164 7.171 7.178 7.185 7.191 7.197 7.204 7.210 7.215 7.221 7.227 7.232 7.238 7.244 7.250 7.254 7.259 7.263 7.268 7.272 7.276 7.280
6.591 6.612 6.632 6.653 6.673 6.692 6.711 6.729 6.747 6.764 6.780 6.795 6.809 6.823 6.836 6.848 6.860 6.871 6.882 6.892 6.902 6.912 6.922 6.931 6.939 6.947 6.954 6.962 6.969 6.976 6.983 6.991 6.998 7.005 7.012 7.019 7.026 7.033 7.040 7.047 7.054 7.061 7.068 7.076 7.083 7.092 7.099 7.106 7.114 7.121 7.128 7.135 7.142 7.150 7.157 7.164 7.171 7.178 7.185 7.191 7.198 7.204 7.211 7.217 7.223 7.229 7.235 7.241 7.247 7.252 7.257 7.262 7.267 7.271 7.275 7.279 7.283
6.569 6.589 6.609 6.629 6.650 6.670 6.690 6.709 6.728 6.746 6.764 6.781 6.796 6.812 6.826 6.839 6.852 6.865 6.876 6.888 6.899 6.909 6.920 6.929 6.938 6.946 6.954 6.961 6.969 6.976 6.984 6.991 6.998 7.005 7.012 7.019 7.026 7.033 7.040 7.047 7.054 7.061 7.068 7.076 7.083 7.091 7.099 7.106 7.113 7.120 7.127 7.134 7.141 7.148 7.156 7.163 7.170 7.177 7.184 7.191 7.198 7.205 7.211 7.218 7.224 7.230 7.236 7.243 7.249 7.254 7.260 7.265 7.269 7.274 7.279 7.283 7.287
6.550 6.568 6.587 6.607 6.627 6.647 6.668 6.688 6.707 6.727 6.745 6.763 6.781 6.797 6.813 6.828 6.842 6.856 6.868 6.881 6.893 6.904 6.916 6.925 6.934 6.943 6.951 6.960 6.967 6.975 6.983 6.990 6.997 7.005 7.012 7.019 7.026 7.033 7.040 7.047 7.054 7.061 7.068 7.075 7.083 7.091 7.098 7.105 7.112 7.119 7.126 7.133 7.140 7.147 7.154 7.161 7.169 7.176 7.183 7.190 7.197 7.204 7.211 7.218 7.224 7.231 7.238 7.244 7.251 7.256 7.262 7.267 7.272 7.277 7.282 7.286 7.290
6.534 6.551 6.569 6.588 6.607 6.626 6.646 6.666 6.686 6.705 6.725 6.744 6.762 6.780 6.797 6.813 6.829 6.844 6.858 6.871 6.884 6.897 6.909 6.919 6.929 6.939 6.948 6.956 6.965 6.973 6.981 6.988 6.996 7.003 7.011 7.018 7.025 7.032 7.039 7.046 7.053 7.060 7.067 7.075 7.082 7.090 7.097 7.104 7.111 7.117 7.124 7.131 7.138 7.145 7.153 7.160 7.167 7.174 7.182 7.189 7.196 7.204 7.211 7.218 7.225 7.232 7.239 7.246 7.252 7.258 7.264 7.269 7.275 7.280 7.284 7.289 7.293
6.523 6.539 6.555 6.572 6.589 6.608 6.626 6.646 6.665 6.685 6.704 6.723 6.742 6.761 6.779 6.796 6.813 6.829 6.844 6.859 6.873 6.887 6.900 6.911 6.922 6.932 6.942 6.951 6.960 6.969 6.977 6.985 6.993 7.001 7.008 7.016 7.023 7.030 7.038 7.045 7.052 7.059 7.066 7.073 7.081 7.089 7.095 7.102 7.109 7.116 7.123 7.129 7.136 7.143 7.150 7.158 7.165 7.172 7.180 7.187 7.195 7.202 7.210 7.217 7.224 7.232 7.239 7.246 7.253 7.260 7.266 7.271 7.277 7.282 7.287 7.292 7.296
6.517 6.530 6.545 6.560 6.576 6.593 6.610 6.628 6.647 6.665 6.684 6.703 6.722 6.741 6.760 6.778 6.795 6.813 6.829 6.845 6.860 6.875 6.889 6.901 6.913 6.924 6.934 6.944 6.954 6.963 6.972 6.981 6.989 6.997 7.005 7.013 7.020 7.028 7.035 7.042 7.050 7.057 7.064 7.072 7.079 7.087 7.093 7.100 7.107 7.114 7.120 7.127 7.134 7.141 7.148 7.155 7.163 7.170 7.178 7.185 7.193 7.201 7.208 7.216 7.224 7.231 7.239 7.246 7.254 7.260 7.267 7.273 7.279 7.284 7.290 7.295 7.299
6.513 6.525 6.538 6.552 6.566 6.581 6.597 6.614 6.631 6.649 6.667 6.685 6.704 6.723 6.741 6.759 6.777 6.795 6.812 6.829 6.845 6.861 6.876 6.889 6.902 6.914 6.925 6.936 6.946 6.956 6.965 6.975 6.983 6.992 7.000 7.008 7.016 7.024 7.032 7.039 7.047 7.054 7.061 7.069 7.077 7.084 7.091 7.098 7.104 7.111 7.118 7.124 7.131 7.138 7.145 7.153 7.160 7.167 7.175 7.183 7.190 7.198 7.206 7.214 7.222 7.230 7.238 7.246 7.254 7.261 7.268 7.274 7.280 7.286 7.292 7.297 7.302
6.513 6.524 6.535 6.547 6.560 6.574 6.588 6.604 6.619 6.636 6.653 6.670 6.688 6.706 6.724 6.742 6.760 6.778 6.795 6.812 6.829 6.846 6.861 6.875 6.889 6.902 6.914 6.926 6.937 6.947 6.957 6.967 6.976 6.986 6.994 7.003 7.011 7.019 7.027 7.035 7.043 7.050 7.058 7.065 7.073 7.081 7.088 7.095 7.101 7.108 7.115 7.121 7.128 7.135 7.142 7.149 7.157 7.164 7.172 7.180 7.188 7.196 7.204 7.212 7.220 7.228 7.237 7.245 7.253 7.261 7.268 7.275 7.281 7.288 7.293 7.299 7.304
6.515 6.524 6.534 6.545 6.557 6.569 6.582 6.596 6.611 6.626 6.642 6.658 6.674 6.692 6.709 6.726 6.744 6.761 6.779 6.796 6.813 6.830 6.846 6.861 6.875 6.889 6.902 6.914 6.926 6.937 6.948 6.958 6.968 6.978 6.987 6.996 7.005 7.013 7.022 7.030 7.038 7.046 7.053 7.061 7.069 7.077 7.084 7.091 7.098 7.104 7.111 7.118 7.125 7.132 7.139 7.146 7.153 7.161 7.168 7.176 7.184 7.193 7.201 7.209 7.218 7.226 7.235 7.244 7.252 7.260 7.268 7.275 7.282 7.289 7.295 7.301 7.307
6.518 6.527 6.536 6.546 6.556 6.567 6.579 6.592 6.605 6.619 6.633 6.649 6.664 6.680 6.696 6.713 6.730 6.747 6.764 6.781 6.798 6.815 6.832 6.847 6.861 6.876 6.889 6.902 6.914 6.926 6.938 6.949 6.959 6.970 6.979 6.989 6.998 7.007 7.016 7.024 7.032 7.040 7.048 7.056 7.065 7.072 7.080 7.087 7.093 7.100 7.107 7.114 7.121 7.128 7.135 7.142 7.149 7.157 7.165 7.173 7.181 7.189 7.198 7.206 7.215 7.224 7.233 7.242 7.251 7.259 7.267 7.275 7.282 7.289 7.296 7.302 7.308
6.523 6.531 6.539 6.548 6.557 6.568 6.578 6.590 6.602 6.615 6.628 6.642 6.656 6.671 6.687 6.702 6.718 6.735 6.751 6.768 6.785 6.801 6.818 6.833 6.848 6.862 6.876 6.890 6.903 6.915 6.927 6.939 6.950 6.961 6.971 6.981 6.990 7.000 7.009 7.017 7.026 7.034 7.043 7.051 7.059 7.067 7.075 7.082 7.089 7.096 7.103 7.110 7.117 7.124 7.131 7.138 7.145 7.153 7.161 7.169 7.177 7.185 7.194 7.203 7.212 7.221 7.230 7.239 7.249 7.257 7.266 7.274 7.282 7.289 7.297 7.303 7.310
6.529 6.536 6.543 6.551 6.560 6.569 6.579 6.590 6.601 6.613 6.625 6.638 6.651 6.665 6.679 6.694 6.709 6.725 6.740 6.756 6.773 6.789 6.805 6.820 6.835 6.850 6.864 6.878 6.891 6.904 6.916 6.928 6.940 6.951 6.962 6.972 6.982 6.992 7.001 7.011 7.019 7.028 7.037 7.045 7.054 7.062 7.070 7.077 7.084 7.091 7.098 7.105 7.112 7.119 7.127 7.134 7.141 7.149 7.157 7.165 7.173 7.181 7.190 7.199 7.208 7.217 7.227 7.237 7.246 7.255 7.264 7.273 7.281 7.289 7.297 7.304 7.311
6.536 6.542 6.549 6.556 6.564 6.572 6.582 6.591 6.601 6.612 6.624 6.635 6.648 6.661 6.674 6.688 6.702 6.717 6.732 6.747 6.763 6.779 6.794 6.809 6.824 6.838 6.853 6.866 6.880 6.893 6.906 6.918 6.930 6.942 6.953 6.964 6.974 6.984 6.994 7.003 7.013 7.022 7.031 7.039 7.048 7.057 7.064 7.072 7.079 7.087 7.094 7.101 7.108 7.115 7.122 7.130 7.137 7.145 7.153 7.161 7.169 7.177 7.186 7.195 7.204 7.214 7.223 7.233 7.243 7.253 7.262 7.271 7.280 7.288 7.297 7.304 7.312
6.543 6.549 6.555 6.562 6.569 6.577 6.585 6.594 6.603 6.613 6.624 6.635 6.646 6.659 6.671 6.684 6.697 6.711 6.725 6.740 6.755 6.770 6.785 6.800 6.814 6.828 6.842 6.856 6.870 6.883 6.896 6.909 6.921 6.933 6.944 6.955 6.966 6.977 6.987 6.996 7.006 7.015 7.024 7.033 7.043 7.051 7.059 7.067 7.074 7.082 7.089 7.096 7.104 7.111 7.118 7.126 7.133 7.141 7.149 7.157 7.165 7.174 7.182 7.191 7.200 7.210 7.220 7.230 7.240 7.250 7.260 7.269 7.278 7.287 7.296 7.304 7.312
6.551 6.556 6.562 6.568 6.575 6.582 6.589 6.598 6.606 6.616 6.625 6.636 6.646 6.658 6.669 6.682 6.694 6.707 6.721 6.734 6.749 6.763 6.778 6.792 6.806 6.820 6.834 6.847 6.861 6.874 6.887 6.900 6.912 6.924 6.936 6.947 6.958 6.969 6.980 6.990 6.999 7.009 7.018 7.028 7.037 7.046 7.054 7.062 7.070 7.077 7.085 7.092 7.099 7.107 7.114 7.122 7.129 7.137 7.145 7.153 7.161 7.170 7.179 7.188 7.197 7.207 7.216 7.227 7.237 7.247 7.257 7.267 7.277 7.286 7.295 7.304 7.312
6.560 6.564 6.570 6.575 6.581 6.588 6.595 6.602 6.610 6.619 6.628 6.638 6.648 6.658 6.669 6.681 6.692 6.705 6.717 6.731 6.744 6.758 6.772 6.786 6.799 6.813 6.826 6.839 6.853 6.866 6.879 6.892 6.904 6.917 6.928 6.940 6.951 6.962 6.973 6.983 6.993 7.003 7.013 7.022 7.032 7.041 7.049 7.057 7.065 7.073 7.080 7.088 7.095 7.103 7.110 7.118 7.126 7.134 7.141 7.150 7.158 7.166 7.175 7.184 7.194 7.203 7.213 7.224 7.234 7.245 7.255 7.265 7.275 7.285 7.294 7.304 7.312
