TsunamiDB/out54154.asc
ncols          264
nrows          230
xllcorner      497853.4375
yllcorner      4229146.0000
cellsize         5.
NODATA_value   -99
[rows 68 to 101 of 230, columns 154 to 230 of 264]
6.546 6.549 6.553 6.556 6.560 6.563 6.567 6.570 6.574 6.578 6.581 6.586 6.590 6.594 6.599 6.604 6.609 6.615 6.621 6.627 6.634 6.640 6.646 6.653 6.660 6.667 6.674 6.681 6.688 6.695 6.702 6.710 6.717 6.724 6.731 6.739 6.746 6.753 6.760 6.767 6.774 6.781 6.788 6.795 6.801 6.808 6.814 6.820 6.826 6.831 6.837 6.842 6.847 6.853 6.858 6.863 6.868 6.873 6.878 6.883 6.888 6.893 6.899 6.904 6.911 6.917 6.923 6.930 6.936 6.942 6.945 6.944 6.941 6.943 6.947 6.951 6.963
6.548 6.551 6.555 6.558 6.561 6.565 6.568 6.572 6.575 6.579 6.583 6.587 6.591 6.595 6.600 6.605 6.610 6.616 6.622 6.628 6.634 6.640 6.647 6.653 6.660 6.667 6.674 6.681 6.688 6.695 6.702 6.710 6.717 6.724 6.732 6.739 6.746 6.754 6.761 6.768 6.775 6.782 6.790 6.796 6.803 6.809 6.816 6.822 6.828 6.834 6.839 6.845 6.850 6.856 6.861 6.866 6.872 6.877 6.882 6.888 6.893 6.899 6.905 6.911 6.918 6.925 6.932 6.939 6.946 6.953 6.956 6.955 6.953 6.956 6.960 6.965 6.978
6.550 6.553 6.557 6.560 6.563 6.567 6.570 6.573 6.577 6.580 6.584 6.588 6.592 6.596 6.601 6.606 6.611 6.616 6.622 6.628 6.634 6.641 6.647 6.653 6.660 6.667 6.674 6.681 6.688 6.695 6.703 6.710 6.717 6.725 6.732 6.740 6.747 6.754 6.761 6.769 6.776 6.784 6.791 6.798 6.804 6.811 6.817 6.824 6.830 6.836 6.842 6.848 6.853 6.859 6.865 6.870 6.876 6.882 6.887 6.893 6.899 6.905 6.911 6.918 6.926 6.933 6.940 6.948 6.956 6.963 6.967 6.967 6.966 6.969 6.973 6.979 6.992
6.552 6.555 6.559 6.562 6.565 6.568 6.572 6.575 6.578 6.582 6.586 6.589 6.593 6.598 6.602 6.607 6.612 6.617 6.623 6.629 6.635 6.641 6.647 6.654 6.661 6.667 6.674 6.681 6.689 6.696 6.703 6.710 6.718 6.725 6.733 6.740 6.748 6.755 6.762 6.770 6.777 6.785 6.792 6.799 6.806 6.813 6.819 6.826 6.832 6.838 6.845 6.851 6.857 6.863 6.869 6.874 6.880 6.886 6.892 6.898 6.905 6.911 6.918 6.926 6.933 6.941 6.949 6.958 6.966 6.974 6.979 6.980 6.979 6.982 6.988 6.994 7.008
6.554 6.558 6.561 6.564 6.567 6.570 6.574 6.577 6.580 6.584 6.587 6.591 6.595 6.599 6.603 6.608 6.613 6.618 6.624 6.630 6.636 6.642 6.648 6.655 6.661 6.668 6.675 6.682 6.689 6.696 6.704 6.711 6.718 6.726 6.733 6.741 6.748 6.756 6.763 6.771 6.778 6.786 6.794 6.801 6.808 6.815 6.821 6.828 6.835 6.841 6.848 6.854 6.860 6.866 6.872 6.879 6.885 6.891 6.898 6.904 6.911 6.918 6.925 6.933 6.942 6.950 6.958 6.967 6.977 6.985 6.991 6.992 6.991 6.995 7.001 7.008 7.023
6.557 6.560 6.563 6.566 6.569 6.573 6.576 6.579 6.582 6.586 6.589 6.593 6.597 6.601 6.605 6.609 6.614 6.619 6.625 6.631 6.637 6.643 6.649 6.655 6.662 6.669 6.675 6.682 6.690 6.697 6.704 6.712 6.719 6.727 6.734 6.742 6.749 6.757 6.764 6.772 6.780 6.787 6.795 6.802 6.810 6.817 6.824 6.830 6.837 6.844 6.851 6.857 6.864 6.870 6.877 6.883 6.890 6.896 6.903 6.910 6.917 6.925 6.933 6.941 6.950 6.959 6.968 6.978 6.988 6.997 7.002 7.004 7.004 7.009 7.016 7.023 7.038
6.559 6.562 6.566 6.569 6.572 6.575 6.578 6.581 6.584 6.588 6.591 6.595 6.598 6.602 6.607 6.611 6.616 6.621 6.626 6.632 6.638 6.644 6.650 6.656 6.663 6.669 6.676 6.683 6.690 6.698 6.705 6.712 6.720 6.727 6.735 6.743 6.750 6.758 6.765 6.773 6.781 6.789 6.797 6.804 6.811 6.819 6.826 6.833 6.840 6.847 6.854 6.861 6.867 6.874 6.881 6.888 6.895 6.902 6.909 6.916 6.924 6.932 6.940 6.949 6.958 6.968 6.977 6.988 6.998 7.008 7.014 7.016 7.017 7.022 7.030 7.038 7.053
6.562 6.565 6.568 6.571 6.574 6.577 6.580 6.583 6.587 6.590 6.593 6.597 6.600 6.604 6.608 6.613 6.617 6.622 6.628 6.633 6.639 6.645 6.651 6.657 6.664 6.670 6.677 6.684 6.691 6.698 6.706 6.713 6.721 6.728 6.736 6.744 6.751 6.759 6.767 6.775 6.782 6.791 6.799 6.806 6.814 6.821 6.828 6.836 6.843 6.850 6.857 6.864 6.871 6.879 6.886 6.893 6.900 6.908 6.915 6.923 6.931 6.939 6.948 6.957 6.967 6.977 6.987 6.998 7.009 7.019 7.026 7.029 7.029 7.035 7.043 7.051 7.067
6.564 6.568 6.571 6.574 6.577 6.580 6.583 6.586 6.589 6.592 6.595 6.599 6.602 6.606 6.610 6.614 6.619 6.624 6.629 6.635 6.640 6.646 6.652 6.658 6.665 6.671 6.678 6.685 6.692 6.699 6.707 6.714 6.722 6.729 6.737 6.745 6.753 6.760 6.768 6.776 6.784 6.793 6.800 6.808 6.816 6.823 6.831 6.838 6.846 6.853 6.861 6.868 6.876 6.883 6.891 6.898 6.906 6.914 6.922 6.930 6.938 6.947 6.956 6.965 6.976 6.986 6.997 7.008 7.020 7.030 7.037 7.040 7.040 7.047 7.056 7.065 7.080
6.567 6.570 6.573 6.576 6.579 6.582 6.585 6.588 6.592 6.595 6.598 6.601 6.605 6.608 6.612 6.616 6.621 6.626 6.631 6.637 6.642 6.647 6.653 6.659 6.666 6.672 6.679 6.686 6.693 6.700 6.708 6.715 6.723 6.731 6.738 6.746 6.754 6.762 6.770 6.778 6.786 6.795 6.802 6.810 6.818 6.826 6.834 6.841 6.849 6.857 6.864 6.872 6.880 6.888 6.896 6.903 6.912 6.920 6.928 6.937 6.945 6.954 6.964 6.974 6.984 6.995 7.006 7.018 7.030 7.040 7.047 7.050 7.052 7.060 7.069 7.078 7.094
6.570 6.573 6.576 6.579 6.582 6.585 6.588 6.591 6.594 6.597 6.600 6.604 6.607 6.611 6.614 6.619 6.623 6.628 6.633 6.638 6.643 6.649 6.655 6.661 6.667 6.674 6.680 6.687 6.694 6.702 6.709 6.717 6.724 6.732 6.740 6.748 6.755 6.763 6.771 6.780 6.788 6.796 6.804 6.812 6.820 6.828 6.836 6.844 6.852 6.860 6.868 6.876 6.884 6.892 6.901 6.909 6.917 6.926 6.935 6.944 6.953 6.962 6.972 6.982 6.993 7.004 7.016 7.028 7.040 7.050 7.057 7.061 7.064 7.073 7.083 7.093 7.110
6.574 6.577 6.580 6.582 6.585 6.588 6.591 6.594 6.597 6.600 6.603 6.606 6.610 6.613 6.617 6.621 6.625 6.630 6.635 6.640 6.645 6.651 6.656 6.662 6.668 6.675 6.682 6.688 6.696 6.703 6.710 6.718 6.726 6.733 6.741 6.749 6.757 6.765 6.773 6.781 6.790 6.799 6.807 6.815 6.823 6.831 6.839 6.848 6.856 6.864 6.872 6.881 6.889 6.897 6.906 6.915 6.924 6.932 6.942 6.951 6.960 6.970 6.980 6.991 7.002 7.013 7.025 7.037 7.049 7.059 7.067 7.071 7.075 7.085 7.097 7.109 7.128
6.577 6.580 6.583 6.586 6.589 6.591 6.594 6.597 6.600 6.603 6.606 6.609 6.612 6.616 6.619 6.623 6.627 6.632 6.637 6.642 6.647 6.652 6.658 6.664 6.670 6.676 6.683 6.690 6.697 6.704 6.712 6.719 6.727 6.735 6.743 6.751 6.759 6.767 6.775 6.783 6.792 6.801 6.809 6.817 6.826 6.834 6.843 6.851 6.859 6.868 6.876 6.885 6.894 6.903 6.911 6.921 6.930 6.939 6.949 6.958 6.968 6.978 6.988 6.999 7.010 7.021 7.033 7.045 7.057 7.068 7.076 7.081 7.087 7.099 7.112 7.126 7.147
6.581 6.584 6.587 6.589 6.592 6.595 6.598 6.600 6.603 6.606 6.609 6.612 6.615 6.619 6.622 6.626 6.630 6.635 6.640 6.644 6.649 6.654 6.660 6.666 6.672 6.678 6.684 6.691 6.698 6.706 6.713 6.721 6.728 6.736 6.744 6.752 6.760 6.769 6.777 6.785 6.794 6.803 6.812 6.820 6.829 6.837 6.846 6.854 6.863 6.872 6.881 6.890 6.899 6.908 6.917 6.926 6.936 6.946 6.956 6.966 6.976 6.986 6.996 7.007 7.018 7.029 7.041 7.053 7.065 7.076 7.085 7.092 7.100 7.113 7.129 7.144 7.168
6.585 6.588 6.590 6.593 6.596 6.599 6.601 6.604 6.607 6.610 6.612 6.615 6.618 6.622 6.625 6.629 6.633 6.637 6.642 6.647 6.651 6.656 6.662 6.667 6.673 6.680 6.686 6.693 6.700 6.707 6.715 6.722 6.730 6.738 6.746 6.754 6.762 6.771 6.779 6.788 6.797 6.806 6.814 6.823 6.832 6.840 6.849 6.858 6.867 6.876 6.885 6.894 6.904 6.913 6.923 6.932 6.942 6.952 6.963 6.973 6.984 6.994 7.004 7.015 7.026 7.037 7.048 7.060 7.072 7.084 7.094 7.103 7.113 7.128 7.145 7.163 7.189
6.589 6.592 6.595 6.597 6.600 6.603 6.605 6.608 6.611 6.613 6.616 6.619 6.622 6.625 6.628 6.632 6.636 6.640 6.645 6.649 6.654 6.659 6.664 6.670 6.675 6.681 6.688 6.695 6.702 6.709 6.716 6.724 6.732 6.739 6.748 6.756 6.764 6.773 6.781 6.790 6.799 6.808 6.817 6.826 6.835 6.844 6.853 6.862 6.871 6.880 6.890 6.899 6.909 6.918 6.928 6.938 6.949 6.959 6.970 6.981 6.991 7.001 7.012 7.022 7.033 7.044 7.055 7.067 7.080 7.092 7.104 7.114 7.126 7.142 7.161 7.182 7.209
6.594 6.597 6.599 6.602 6.604 6.607 6.610 6.612 6.615 6.617 6.620 6.623 6.626 6.629 6.632 6.635 6.639 6.643 6.648 6.652 6.656 6.661 6.666 6.672 6.677 6.683 6.690 6.696 6.703 6.710 6.718 6.725 6.733 6.741 6.749 6.758 6.766 6.775 6.783 6.792 6.802 6.811 6.820 6.829 6.838 6.847 6.856 6.866 6.875 6.885 6.894 6.904 6.914 6.924 6.934 6.945 6.955 6.966 6.977 6.988 6.999 7.009 7.019 7.029 7.040 7.050 7.062 7.073 7.086 7.100 7.113 7.125 7.138 7.157 7.177 7.200 7.229
6.600 6.602 6.605 6.607 6.609 6.612 6.614 6.617 6.619 6.622 6.624 6.627 6.630 6.633 6.636 6.639 6.643 6.647 6.651 6.655 6.659 6.664 6.669 6.674 6.680 6.686 6.692 6.698 6.705 6.712 6.720 6.727 6.735 6.743 6.751 6.760 6.768 6.777 6.786 6.795 6.804 6.814 6.823 6.832 6.841 6.851 6.860 6.870 6.879 6.889 6.899 6.909 6.919 6.929 6.940 6.951 6.962 6.973 6.984 6.995 7.006 7.016 7.026 7.036 7.046 7.056 7.068 7.079 7.093 7.107 7.122 7.136 7.151 7.170 7.192 7.218 7.249
6.606 6.608 6.611 6.613 6.615 6.617 6.620 6.622 6.624 6.627 6.629 6.632 6.634 6.637 6.640 6.643 6.647 6.651 6.655 6.659 6.663 6.667 6.672 6.677 6.683 6.688 6.694 6.701 6.708 6.715 6.722 6.729 6.737 6.745 6.754 6.762 6.771 6.779 6.788 6.797 6.807 6.817 6.826 6.835 6.845 6.854 6.864 6.874 6.884 6.894 6.904 6.914 6.924 6.935 6.946 6.957 6.968 6.979 6.991 7.003 7.014 7.023 7.032 7.042 7.053 7.062 7.074 7.086 7.100 7.115 7.131 7.146 7.162 7.184 7.207 7.235 7.268
6.613 6.615 6.617 6.619 6.621 6.624 6.626 6.628 6.630 6.632 6.634 6.637 6.639 6.642 6.645 6.648 6.651 6.655 6.659 6.662 6.666 6.671 6.675 6.680 6.686 6.691 6.697 6.703 6.710 6.717 6.724 6.732 6.740 6.748 6.756 6.764 6.773 6.782 6.791 6.800 6.810 6.820 6.829 6.839 6.848 6.858 6.868 6.878 6.888 6.898 6.909 6.919 6.930 6.941 6.952 6.963 6.975 6.986 6.998 7.010 7.021 7.030 7.039 7.049 7.059 7.069 7.080 7.092 7.107 7.123 7.139 7.156 7.175 7.198 7.222 7.253 7.288
6.621 6.623 6.625 6.627 6.629 6.630 6.632 6.634 6.636 6.638 6.641 6.643 6.645 6.647 6.650 6.653 6.656 6.660 6.663 6.667 6.671 6.675 6.679 6.684 6.689 6.695 6.700 6.706 6.713 6.720 6.727 6.734 6.742 6.750 6.759 6.767 6.776 6.785 6.794 6.803 6.813 6.823 6.833 6.842 6.852 6.862 6.872 6.882 6.893 6.903 6.914 6.925 6.935 6.947 6.958 6.969 6.981 6.993 7.005 7.017 7.028 7.037 7.046 7.056 7.066 7.075 7.086 7.099 7.114 7.130 7.147 7.166 7.188 7.213 7.238 7.272 7.311
6.630 6.632 6.633 6.635 6.637 6.638 6.640 6.642 6.644 6.646 6.648 6.650 6.652 6.654 6.656 6.659 6.662 6.665 6.669 6.672 6.676 6.680 6.684 6.688 6.693 6.699 6.704 6.710 6.716 6.723 6.730 6.738 6.745 6.753 6.762 6.770 6.779 6.788 6.797 6.807 6.817 6.827 6.836 6.846 6.856 6.866 6.877 6.887 6.898 6.908 6.919 6.930 6.941 6.952 6.964 6.976 6.988 7.000 7.012 7.024 7.035 7.044 7.053 7.063 7.072 7.082 7.093 7.106 7.121 7.136 7.155 7.177 7.202 7.228 7.256 7.293 7.335
6.640 6.641 6.643 6.644 6.646 6.647 6.649 6.650 6.652 6.654 6.655 6.657 6.659 6.661 6.663 6.666 6.668 6.672 6.675 6.678 6.681 6.685 6.689 6.693 6.698 6.703 6.709 6.714 6.721 6.727 6.734 6.741 6.749 6.757 6.765 6.774 6.782 6.791 6.801 6.810 6.820 6.831 6.840 6.851 6.861 6.871 6.881 6.892 6.903 6.913 6.924 6.936 6.947 6.958 6.970 6.982 6.994 7.007 7.019 7.031 7.042 7.051 7.060 7.070 7.079 7.089 7.100 7.113 7.127 7.143 7.164 7.188 7.218 7.245 7.275 7.316 7.361
6.651 6.652 6.654 6.655 6.656 6.657 6.659 6.660 6.661 6.663 6.664 6.666 6.668 6.670 6.672 6.674 6.676 6.679 6.682 6.685 6.688 6.692 6.695 6.699 6.704 6.709 6.714 6.719 6.725 6.732 6.738 6.746 6.753 6.761 6.769 6.778 6.786 6.796 6.805 6.815 6.825 6.835 6.845 6.855 6.865 6.876 6.886 6.897 6.908 6.919 6.930 6.941 6.953 6.965 6.977 6.989 7.001 7.013 7.026 7.038 7.049 7.059 7.067 7.077 7.086 7.096 7.106 7.119 7.134 7.151 7.173 7.201 7.234 7.264 7.296 7.341 7.390
6.663 6.664 6.665 6.666 6.667 6.669 6.670 6.671 6.672 6.673 6.675 6.676 6.678 6.679 6.681 6.683 6.685 6.688 6.691 6.693 6.696 6.699 6.703 6.706 6.711 6.715 6.720 6.725 6.731 6.737 6.744 6.751 6.758 6.766 6.774 6.782 6.791 6.800 6.810 6.819 6.830 6.840 6.850 6.860 6.871 6.881 6.892 6.903 6.914 6.925 6.936 6.948 6.959 6.971 6.983 6.995 7.008 7.021 7.033 7.046 7.057 7.066 7.074 7.084 7.093 7.102 7.113 7.126 7.140 7.158 7.183 7.215 7.253 7.284 7.319 7.368 7.421
6.677 6.677 6.678 6.679 6.680 6.681 6.682 6.683 6.684 6.685 6.686 6.687 6.689 6.690 6.691 6.693 6.695 6.698 6.700 6.703 6.705 6.708 6.711 6.715 6.719 6.723 6.728 6.733 6.738 6.744 6.750 6.757 6.764 6.772 6.780 6.788 6.797 6.806 6.815 6.825 6.835 6.845 6.855 6.866 6.876 6.887 6.898 6.909 6.920 6.931 6.942 6.954 6.966 6.978 6.990 7.002 7.015 7.028 7.041 7.054 7.065 7.074 7.082 7.091 7.100 7.109 7.119 7.133 7.148 7.167 7.195 7.231 7.273 7.306 7.343 7.396 7.450
6.691 6.691 6.692 6.693 6.693 6.694 6.695 6.696 6.697 6.698 6.699 6.700 6.701 6.702 6.703 6.705 6.707 6.709 6.711 6.713 6.716 6.718 6.721 6.724 6.728 6.732 6.736 6.741 6.746 6.752 6.758 6.765 6.772 6.779 6.787 6.795 6.803 6.812 6.821 6.831 6.842 6.852 6.862 6.872 6.883 6.893 6.904 6.915 6.926 6.938 6.949 6.961 6.973 6.985 6.997 7.009 7.022 7.035 7.049 7.062 7.073 7.082 7.089 7.098 7.107 7.115 7.126 7.139 7.155 7.177 7.207 7.246 7.292 7.328 7.367 7.422 7.478
6.705 6.706 6.706 6.707 6.708 6.708 6.709 6.710 6.710 6.711 6.712 6.713 6.714 6.715 6.716 6.718 6.719 6.722 6.724 6.726 6.728 6.730 6.733 6.736 6.739 6.743 6.747 6.751 6.756 6.761 6.767 6.774 6.780 6.787 6.795 6.803 6.811 6.820 6.829 6.839 6.849 6.859 6.869 6.879 6.890 6.901 6.911 6.923 6.934 6.945 6.957 6.968 6.980 6.992 7.004 7.017 7.030 7.043 7.057 7.070 7.081 7.090 7.096 7.105 7.114 7.122 7.133 7.146 7.164 7.188 7.221 7.263 7.314 7.352 7.393 7.450 7.507
6.720 6.721 6.721 6.722 6.722 6.723 6.723 6.724 6.725 6.726 6.726 6.727 6.728 6.729 6.730 6.732 6.733 6.735 6.737 6.739 6.741 6.743 6.746 6.748 6.751 6.755 6.759 6.763 6.767 6.773 6.778 6.784 6.790 6.797 6.805 6.812 6.820 6.829 6.838 6.848 6.857 6.867 6.877 6.888 6.898 6.909 6.920 6.931 6.942 6.953 6.965 6.976 6.988 7.000 7.012 7.025 7.038 7.052 7.065 7.078 7.089 7.097 7.103 7.112 7.121 7.129 7.140 7.154 7.174 7.200 7.236 7.285 7.341 7.379 7.419 7.478 7.537
6.735 6.735 6.736 6.737 6.737 6.738 6.738 6.739 6.740 6.740 6.741 6.742 6.743 6.744 6.745 6.747 6.748 6.750 6.752 6.754 6.756 6.758 6.760 6.762 6.765 6.769 6.772 6.776 6.780 6.785 6.790 6.796 6.802 6.809 6.816 6.823 6.831 6.840 6.848 6.858 6.867 6.877 6.887 6.897 6.907 6.918 6.929 6.940 6.951 6.962 6.973 6.985 6.996 7.008 7.021 7.034 7.047 7.060 7.074 7.087 7.097 7.104 7.110 7.120 7.129 7.137 7.149 7.165 7.187 7.217 7.258 7.311 7.367 7.405 7.446 7.506 7.565
6.749 6.750 6.750 6.751 6.752 6.752 6.753 6.754 6.755 6.755 6.756 6.757 6.758 6.759 6.761 6.762 6.764 6.766 6.768 6.769 6.771 6.773 6.775 6.778 6.781 6.784 6.787 6.791 6.795 6.800 6.805 6.810 6.816 6.822 6.829 6.836 6.844 6.852 6.860 6.870 6.879 6.888 6.898 6.908 6.918 6.929 6.939 6.950 6.961 6.972 6.983 6.995 7.006 7.018 7.030 7.043 7.056 7.070 7.083 7.095 7.104 7.112 7.119 7.129 7.139 7.147 7.161 7.179 7.203 7.237 7.283 7.337 7.393 7.431 7.473 7.534 7.594
6.763 6.763 6.764 6.765 6.766 6.767 6.768 6.768 6.769 6.770 6.771 6.772 6.773 6.775 6.776 6.778 6.780 6.782 6.783 6.785 6.787 6.789 6.792 6.794 6.797 6.800 6.803 6.807 6.811 6.815 6.820 6.825 6.831 6.837 6.844 6.851 6.858 6.866 6.874 6.883 6.892 6.901 6.911 6.921 6.931 6.941 6.951 6.962 6.973 6.984 6.994 7.006 7.017 7.029 7.041 7.053 7.067 7.080 7.092 7.103 7.113 7.120 7.128 7.139 7.150 7.161 7.176 7.196 7.223 7.260 7.308 7.363 7.419 7.457 7.499 7.562 7.622
6.775 6.776 6.777 6.779 6.780 6.780 6.781 6.782 6.783 6.785 6.786 6.787 6.788 6.790 6.791 6.793 6.795 6.797 6.799 6.801 6.803 6.806 6.808 6.811 6.814 6.817 6.820 6.824 6.828 6.832 6.837 6.842 6.847 6.853 6.860 6.867 6.874 6.881 6.890 6.898 6.907 6.916 6.925 6.935 6.945 6.955 6.965 6.975 6.986 6.997 7.007 7.018 7.029 7.041 7.052 7.065 7.077 7.090 7.102 7.113 7.123 7.131 7.140 7.152 7.164 7.177 7.194 7.217 7.247 7.285 7.333 7.388 7.446 7.485 7.527 7.590 7.651
6.787 6.788 6.790 6.791 6.792 6.793 6.795 6.796 6.797 6.798 6.799 6.801 6.802 6.804 6.806 6.808 6.810 6.813 6.815 6.817 6.819 6.822 6.824 6.827 6.830 6.834 6.837 6.841 6.845 6.850 6.854 6.859 6.865 6.871 6.877 6.884 6.891 6.898 6.906 6.915 6.924 6.932 6.941 6.951 6.960 6.970 6.980 6.990 7.001 7.011 7.022 7.032 7.043 7.054 7.066 7.077 7.089 7.101 7.113 7.124 7.134 7.143 7.154 7.167 7.182 7.196 7.216 7.242 7.272 7.310 7.358 7.414 7.474 7.513 7.555 7.619 7.680
