TsunamiDB/out54079.asc
ncols          264
nrows          230
xllcorner      497853.4375
yllcorner      4229146.0000
cellsize         5.
NODATA_value   -99
[rows 170 to 203 of 230, columns 76 to 151 of 264]
5.941 5.959 5.978 5.997 6.016 6.034 6.052 6.070 6.087 6.103 6.119 6.135 6.151 6.166 6.180 6.195 6.210 6.224 6.238 6.253 6.268 6.282 6.297 6.311 6.324 6.338 6.352 6.367 6.381 6.395 6.408 6.421 6.435 6.447 6.460 6.473 6.485 6.498 6.511 6.523 6.537 6.550 6.564 6.578 6.592 6.607 6.621 6.634 6.649 6.663 6.678 6.692 6.706 6.720 6.734 6.747 6.760 6.772 6.785 6.797 6.809 6.821 6.833 6.845 6.858 6.871 6.885 6.899 6.913 6.926 6.939 6.952 6.966 6.979 6.993 7.006
5.945 5.963 5.982 6.001 6.020 6.038 6.056 6.074 6.092 6.109 6.125 6.141 6.157 6.172 6.187 6.202 6.217 6.231 6.246 6.260 6.275 6.289 6.304 6.317 6.331 6.345 6.359 6.373 6.387 6.401 6.414 6.428 6.441 6.454 6.466 6.479 6.492 6.504 6.517 6.529 6.542 6.556 6.569 6.583 6.598 6.612 6.626 6.640 6.654 6.669 6.684 6.699 6.713 6.728 6.742 6.756 6.769 6.782 6.795 6.808 6.820 6.832 6.845 6.858 6.871 6.884 6.898 6.912 6.926 6.940 6.953 6.966 6.980 6.994 7.008 7.021
5.949 5.967 5.986 6.005 6.023 6.042 6.060 6.078 6.096 6.113 6.130 6.147 6.163 6.179 6.194 6.209 6.224 6.238 6.253 6.267 6.282 6.296 6.310 6.324 6.337 6.351 6.365 6.379 6.393 6.407 6.421 6.434 6.447 6.460 6.473 6.485 6.498 6.510 6.523 6.535 6.548 6.561 6.575 6.589 6.603 6.617 6.631 6.645 6.659 6.674 6.690 6.705 6.720 6.735 6.750 6.764 6.778 6.792 6.805 6.818 6.831 6.844 6.857 6.870 6.883 6.896 6.910 6.925 6.939 6.953 6.966 6.980 6.994 7.008 7.022 7.037
5.954 5.971 5.990 6.008 6.027 6.046 6.064 6.082 6.100 6.118 6.135 6.152 6.168 6.184 6.200 6.215 6.230 6.245 6.259 6.274 6.288 6.303 6.317 6.330 6.344 6.357 6.372 6.386 6.400 6.414 6.427 6.441 6.454 6.467 6.479 6.492 6.504 6.516 6.529 6.541 6.554 6.567 6.580 6.594 6.608 6.622 6.636 6.650 6.664 6.680 6.695 6.711 6.726 6.742 6.757 6.772 6.786 6.800 6.814 6.828 6.841 6.855 6.868 6.881 6.895 6.909 6.923 6.938 6.952 6.966 6.980 6.994 7.008 7.023 7.038 7.052
5.959 5.976 5.994 6.013 6.031 6.049 6.068 6.086 6.104 6.121 6.139 6.156 6.172 6.189 6.205 6.220 6.235 6.250 6.265 6.280 6.295 6.309 6.323 6.336 6.350 6.364 6.378 6.392 6.406 6.420 6.433 6.447 6.460 6.473 6.486 6.498 6.510 6.523 6.535 6.547 6.560 6.572 6.585 6.599 6.613 6.627 6.640 6.654 6.669 6.685 6.700 6.716 6.732 6.748 6.763 6.779 6.794 6.809 6.823 6.837 6.851 6.865 6.879 6.892 6.906 6.921 6.935 6.950 6.965 6.979 6.993 7.008 7.023 7.038 7.053 7.068
5.965 5.982 5.999 6.017 6.035 6.053 6.071 6.089 6.107 6.125 6.142 6.160 6.176 6.193 6.209 6.225 6.240 6.256 6.271 6.286 6.300 6.315 6.329 6.342 6.355 6.369 6.384 6.398 6.412 6.426 6.440 6.453 6.466 6.479 6.492 6.505 6.517 6.529 6.541 6.553 6.566 6.578 6.591 6.604 6.618 6.632 6.645 6.659 6.674 6.689 6.705 6.721 6.737 6.754 6.770 6.786 6.801 6.817 6.832 6.846 6.861 6.875 6.889 6.903 6.918 6.932 6.947 6.963 6.977 6.992 7.006 7.021 7.037 7.052 7.068 7.083
5.973 5.989 6.006 6.023 6.040 6.057 6.075 6.093 6.111 6.128 6.146 6.163 6.180 6.197 6.213 6.229 6.245 6.260 6.275 6.291 6.306 6.320 6.334 6.347 6.361 6.375 6.389 6.403 6.417 6.431 6.445 6.459 6.472 6.486 6.498 6.511 6.523 6.535 6.547 6.559 6.572 6.584 6.597 6.610 6.623 6.637 6.650 6.664 6.678 6.694 6.710 6.726 6.743 6.759 6.776 6.792 6.808 6.824 6.840 6.855 6.870 6.885 6.899 6.914 6.929 6.944 6.959 6.975 6.990 7.004 7.020 7.035 7.051 7.067 7.083 7.099
5.983 5.998 6.013 6.029 6.046 6.062 6.080 6.097 6.114 6.132 6.149 6.166 6.183 6.200 6.217 6.233 6.249 6.264 6.280 6.295 6.310 6.325 6.339 6.352 6.366 6.380 6.394 6.408 6.423 6.437 6.451 6.465 6.478 6.492 6.505 6.517 6.530 6.542 6.554 6.566 6.578 6.590 6.602 6.615 6.629 6.641 6.654 6.668 6.683 6.698 6.714 6.731 6.748 6.764 6.781 6.798 6.815 6.831 6.847 6.863 6.879 6.894 6.909 6.924 6.940 6.955 6.971 6.986 7.002 7.017 7.033 7.049 7.065 7.081 7.098 7.114
5.996 6.009 6.023 6.037 6.053 6.069 6.085 6.102 6.119 6.136 6.153 6.170 6.187 6.203 6.220 6.236 6.252 6.268 6.283 6.299 6.314 6.329 6.343 6.356 6.370 6.384 6.399 6.413 6.428 6.442 6.456 6.470 6.484 6.497 6.510 6.523 6.536 6.548 6.560 6.572 6.584 6.596 6.608 6.621 6.634 6.647 6.659 6.673 6.688 6.703 6.719 6.736 6.752 6.769 6.787 6.804 6.821 6.838 6.855 6.871 6.887 6.903 6.919 6.935 6.950 6.966 6.982 6.998 7.014 7.030 7.046 7.062 7.079 7.096 7.113 7.130
6.010 6.022 6.034 6.048 6.062 6.077 6.092 6.108 6.124 6.140 6.157 6.173 6.190 6.207 6.223 6.239 6.255 6.271 6.287 6.302 6.318 6.333 6.347 6.360 6.374 6.389 6.403 6.417 6.432 6.446 6.461 6.475 6.489 6.503 6.516 6.529 6.542 6.555 6.567 6.579 6.591 6.602 6.615 6.627 6.640 6.652 6.665 6.678 6.692 6.708 6.724 6.740 6.757 6.774 6.792 6.810 6.827 6.845 6.862 6.879 6.895 6.912 6.928 6.944 6.960 6.977 6.993 7.010 7.026 7.042 7.059 7.075 7.093 7.110 7.128 7.146
6.027 6.037 6.048 6.060 6.073 6.086 6.100 6.115 6.130 6.146 6.162 6.178 6.194 6.210 6.226 6.243 6.259 6.274 6.290 6.305 6.321 6.336 6.350 6.364 6.378 6.392 6.407 6.421 6.436 6.450 6.465 6.479 6.494 6.508 6.521 6.535 6.548 6.561 6.573 6.585 6.597 6.609 6.621 6.633 6.646 6.658 6.670 6.683 6.697 6.713 6.728 6.745 6.762 6.779 6.797 6.815 6.833 6.851 6.869 6.886 6.904 6.921 6.937 6.954 6.971 6.987 7.004 7.021 7.038 7.055 7.072 7.089 7.107 7.125 7.143 7.161
6.045 6.055 6.065 6.075 6.086 6.098 6.111 6.124 6.138 6.153 6.168 6.183 6.199 6.215 6.230 6.246 6.262 6.278 6.293 6.309 6.324 6.339 6.353 6.367 6.381 6.396 6.410 6.425 6.439 6.454 6.469 6.483 6.498 6.512 6.526 6.540 6.553 6.566 6.579 6.592 6.604 6.616 6.628 6.640 6.652 6.664 6.676 6.689 6.703 6.718 6.733 6.750 6.767 6.785 6.803 6.821 6.839 6.857 6.876 6.894 6.911 6.929 6.946 6.964 6.981 6.998 7.015 7.033 7.050 7.067 7.085 7.102 7.121 7.139 7.158 7.177
6.066 6.074 6.083 6.093 6.102 6.113 6.124 6.136 6.149 6.162 6.176 6.190 6.205 6.220 6.235 6.250 6.266 6.281 6.297 6.312 6.327 6.342 6.356 6.370 6.384 6.399 6.413 6.428 6.443 6.458 6.472 6.487 6.502 6.516 6.531 6.545 6.559 6.572 6.585 6.598 6.610 6.622 6.634 6.646 6.659 6.670 6.682 6.695 6.708 6.723 6.739 6.755 6.772 6.790 6.808 6.826 6.845 6.864 6.882 6.901 6.919 6.938 6.955 6.973 6.991 7.009 7.026 7.045 7.062 7.080 7.098 7.116 7.135 7.154 7.174 7.194
6.087 6.095 6.103 6.112 6.121 6.130 6.140 6.150 6.161 6.173 6.186 6.199 6.213 6.227 6.241 6.256 6.271 6.285 6.300 6.315 6.330 6.345 6.360 6.373 6.387 6.402 6.416 6.431 6.446 6.461 6.476 6.491 6.505 6.520 6.535 6.549 6.563 6.577 6.591 6.604 6.617 6.629 6.641 6.653 6.666 6.677 6.689 6.701 6.715 6.729 6.744 6.761 6.778 6.795 6.813 6.832 6.851 6.870 6.889 6.908 6.927 6.946 6.964 6.983 7.001 7.019 7.038 7.056 7.075 7.092 7.111 7.130 7.149 7.169 7.189 7.210
6.108 6.116 6.124 6.133 6.141 6.149 6.158 6.167 6.176 6.187 6.198 6.210 6.222 6.235 6.249 6.262 6.277 6.291 6.305 6.320 6.334 6.349 6.363 6.376 6.390 6.405 6.419 6.434 6.449 6.464 6.479 6.494 6.509 6.524 6.539 6.553 6.568 6.582 6.596 6.610 6.623 6.636 6.648 6.660 6.673 6.684 6.696 6.708 6.721 6.735 6.750 6.766 6.783 6.801 6.819 6.838 6.857 6.877 6.896 6.916 6.935 6.955 6.974 6.992 7.011 7.030 7.049 7.068 7.087 7.105 7.124 7.144 7.164 7.185 7.205 7.226
6.127 6.137 6.146 6.154 6.162 6.170 6.177 6.186 6.194 6.203 6.213 6.223 6.234 6.246 6.258 6.271 6.284 6.298 6.311 6.325 6.339 6.354 6.367 6.380 6.394 6.408 6.423 6.437 6.452 6.467 6.482 6.497 6.512 6.527 6.542 6.557 6.572 6.587 6.601 6.615 6.629 6.642 6.655 6.667 6.680 6.692 6.703 6.715 6.728 6.742 6.757 6.773 6.790 6.807 6.825 6.844 6.864 6.884 6.903 6.923 6.943 6.963 6.983 7.002 7.022 7.041 7.061 7.080 7.100 7.118 7.138 7.158 7.179 7.200 7.221 7.243
6.146 6.156 6.166 6.175 6.183 6.191 6.198 6.206 6.214 6.222 6.230 6.239 6.249 6.259 6.270 6.282 6.294 6.306 6.319 6.332 6.346 6.359 6.372 6.385 6.398 6.412 6.426 6.441 6.455 6.470 6.485 6.500 6.515 6.531 6.546 6.561 6.576 6.591 6.606 6.621 6.635 6.648 6.662 6.675 6.687 6.699 6.711 6.723 6.736 6.749 6.764 6.780 6.796 6.814 6.832 6.851 6.871 6.891 6.911 6.931 6.952 6.972 6.992 7.012 7.032 7.052 7.072 7.092 7.112 7.132 7.152 7.172 7.194 7.216 7.238 7.260
6.162 6.174 6.185 6.195 6.204 6.212 6.220 6.227 6.235 6.242 6.250 6.258 6.266 6.275 6.285 6.295 6.306 6.317 6.329 6.341 6.354 6.367 6.379 6.391 6.404 6.417 6.431 6.445 6.459 6.474 6.489 6.504 6.519 6.534 6.550 6.565 6.580 6.596 6.611 6.626 6.640 6.654 6.668 6.682 6.695 6.707 6.718 6.731 6.743 6.757 6.772 6.787 6.803 6.821 6.839 6.858 6.878 6.898 6.919 6.939 6.960 6.981 7.002 7.022 7.043 7.064 7.084 7.105 7.125 7.145 7.166 7.187 7.209 7.231 7.254 7.277
6.176 6.189 6.202 6.213 6.223 6.233 6.241 6.249 6.256 6.263 6.271 6.278 6.285 6.293 6.302 6.311 6.321 6.331 6.341 6.353 6.364 6.376 6.387 6.399 6.411 6.424 6.437 6.450 6.464 6.479 6.493 6.508 6.523 6.538 6.554 6.569 6.585 6.600 6.616 6.631 6.646 6.660 6.675 6.689 6.702 6.714 6.726 6.739 6.751 6.765 6.779 6.795 6.811 6.828 6.846 6.865 6.885 6.906 6.926 6.948 6.969 6.990 7.012 7.033 7.054 7.075 7.096 7.118 7.138 7.159 7.180 7.202 7.224 7.247 7.270 7.294
6.188 6.203 6.217 6.229 6.241 6.251 6.261 6.269 6.277 6.285 6.292 6.299 6.306 6.314 6.321 6.329 6.338 6.347 6.356 6.366 6.377 6.388 6.398 6.408 6.420 6.432 6.444 6.457 6.470 6.484 6.498 6.513 6.527 6.543 6.558 6.573 6.589 6.605 6.620 6.636 6.651 6.666 6.681 6.695 6.709 6.722 6.734 6.747 6.760 6.773 6.788 6.803 6.819 6.836 6.854 6.873 6.893 6.913 6.935 6.956 6.978 7.000 7.021 7.043 7.065 7.087 7.109 7.130 7.151 7.172 7.194 7.216 7.239 7.263 7.287 7.311
6.199 6.214 6.229 6.243 6.256 6.268 6.279 6.289 6.298 6.306 6.314 6.321 6.328 6.335 6.342 6.349 6.357 6.365 6.374 6.383 6.392 6.402 6.411 6.420 6.431 6.442 6.453 6.465 6.478 6.491 6.505 6.519 6.533 6.548 6.563 6.578 6.594 6.610 6.625 6.641 6.657 6.672 6.687 6.702 6.717 6.730 6.742 6.755 6.768 6.782 6.796 6.811 6.827 6.844 6.862 6.881 6.901 6.922 6.943 6.965 6.987 7.009 7.032 7.054 7.076 7.098 7.121 7.143 7.164 7.186 7.208 7.231 7.254 7.278 7.303 7.328
6.207 6.224 6.240 6.255 6.269 6.283 6.295 6.306 6.316 6.325 6.334 6.342 6.349 6.357 6.364 6.371 6.378 6.386 6.393 6.402 6.410 6.419 6.426 6.435 6.444 6.454 6.465 6.476 6.488 6.500 6.513 6.526 6.540 6.554 6.569 6.584 6.599 6.615 6.631 6.647 6.662 6.678 6.694 6.709 6.724 6.737 6.750 6.763 6.777 6.791 6.805 6.820 6.836 6.853 6.871 6.890 6.909 6.930 6.952 6.974 6.996 7.019 7.042 7.064 7.087 7.110 7.133 7.156 7.177 7.199 7.222 7.245 7.269 7.294 7.319 7.344
6.214 6.232 6.249 6.265 6.281 6.295 6.309 6.321 6.333 6.343 6.353 6.362 6.370 6.378 6.386 6.393 6.400 6.407 6.415 6.422 6.430 6.438 6.444 6.452 6.460 6.469 6.479 6.489 6.500 6.511 6.523 6.535 6.548 6.562 6.576 6.590 6.606 6.621 6.637 6.653 6.669 6.685 6.700 6.716 6.731 6.744 6.758 6.772 6.786 6.800 6.814 6.829 6.845 6.862 6.880 6.898 6.918 6.939 6.961 6.983 7.006 7.029 7.052 7.075 7.098 7.122 7.145 7.168 7.190 7.212 7.236 7.259 7.284 7.309 7.334 7.360
6.220 6.239 6.257 6.274 6.291 6.306 6.321 6.334 6.347 6.359 6.370 6.380 6.389 6.398 6.406 6.414 6.422 6.429 6.437 6.444 6.452 6.459 6.465 6.472 6.479 6.487 6.496 6.505 6.514 6.524 6.535 6.546 6.558 6.571 6.584 6.598 6.613 6.628 6.644 6.659 6.675 6.691 6.707 6.723 6.738 6.752 6.766 6.780 6.794 6.809 6.823 6.839 6.854 6.871 6.889 6.907 6.927 6.948 6.970 6.992 7.015 7.039 7.062 7.086 7.109 7.133 7.157 7.180 7.203 7.225 7.249 7.273 7.298 7.324 7.350 7.376
6.226 6.245 6.264 6.282 6.299 6.315 6.331 6.346 6.360 6.373 6.385 6.396 6.407 6.417 6.426 6.435 6.443 6.451 6.459 6.467 6.474 6.481 6.487 6.493 6.500 6.508 6.515 6.523 6.532 6.541 6.550 6.560 6.571 6.583 6.595 6.608 6.622 6.636 6.651 6.667 6.683 6.699 6.715 6.731 6.746 6.760 6.774 6.789 6.803 6.818 6.833 6.848 6.864 6.881 6.898 6.917 6.936 6.957 6.979 7.001 7.025 7.048 7.072 7.096 7.120 7.144 7.168 7.192 7.215 7.238 7.262 7.286 7.312 7.338 7.364 7.391
6.231 6.250 6.270 6.288 6.306 6.323 6.340 6.356 6.371 6.385 6.398 6.411 6.423 6.434 6.444 6.454 6.463 6.472 6.480 6.489 6.497 6.504 6.510 6.516 6.523 6.530 6.537 6.544 6.552 6.560 6.568 6.577 6.586 6.597 6.608 6.620 6.633 6.646 6.661 6.676 6.691 6.707 6.723 6.739 6.754 6.768 6.783 6.798 6.812 6.827 6.842 6.858 6.874 6.890 6.908 6.926 6.946 6.967 6.988 7.011 7.034 7.058 7.082 7.107 7.131 7.155 7.180 7.203 7.227 7.250 7.274 7.299 7.324 7.351 7.378 7.405
6.236 6.256 6.275 6.294 6.313 6.331 6.348 6.364 6.380 6.395 6.410 6.423 6.436 6.448 6.460 6.471 6.481 6.491 6.500 6.509 6.518 6.526 6.533 6.540 6.547 6.553 6.560 6.567 6.574 6.581 6.588 6.596 6.604 6.613 6.623 6.634 6.646 6.658 6.672 6.686 6.701 6.716 6.731 6.747 6.763 6.777 6.792 6.807 6.822 6.837 6.852 6.868 6.884 6.900 6.918 6.936 6.955 6.976 6.998 7.020 7.044 7.068 7.092 7.117 7.141 7.166 7.191 7.215 7.238 7.261 7.286 7.311 7.336 7.363 7.390 7.418
6.241 6.261 6.280 6.300 6.319 6.337 6.355 6.372 6.389 6.405 6.420 6.435 6.448 6.462 6.474 6.486 6.497 6.508 6.519 6.529 6.539 6.547 6.555 6.562 6.570 6.577 6.584 6.591 6.598 6.604 6.611 6.618 6.625 6.633 6.641 6.651 6.661 6.672 6.685 6.698 6.712 6.726 6.742 6.757 6.772 6.787 6.802 6.817 6.832 6.847 6.862 6.878 6.894 6.910 6.928 6.946 6.965 6.986 7.007 7.030 7.053 7.077 7.102 7.126 7.151 7.176 7.201 7.225 7.249 7.272 7.297 7.322 7.348 7.374 7.402 7.429
6.246 6.266 6.286 6.305 6.325 6.343 6.362 6.379 6.397 6.413 6.429 6.445 6.459 6.473 6.487 6.500 6.512 6.524 6.535 6.546 6.557 6.567 6.575 6.584 6.592 6.600 6.608 6.615 6.622 6.629 6.635 6.641 6.648 6.654 6.662 6.670 6.679 6.689 6.700 6.712 6.725 6.739 6.753 6.768 6.783 6.797 6.812 6.827 6.842 6.857 6.873 6.888 6.904 6.921 6.938 6.956 6.975 6.995 7.017 7.039 7.062 7.087 7.111 7.136 7.161 7.186 7.211 7.235 7.259 7.282 7.307 7.332 7.358 7.385 7.412 7.439
6.251 6.271 6.291 6.311 6.330 6.349 6.368 6.386 6.404 6.421 6.438 6.454 6.469 6.484 6.498 6.512 6.525 6.538 6.550 6.562 6.574 6.585 6.594 6.604 6.613 6.622 6.631 6.639 6.646 6.653 6.660 6.666 6.672 6.678 6.684 6.691 6.699 6.708 6.718 6.728 6.740 6.753 6.767 6.781 6.795 6.809 6.824 6.838 6.853 6.868 6.884 6.899 6.915 6.931 6.948 6.966 6.985 7.005 7.026 7.048 7.072 7.096 7.120 7.145 7.170 7.195 7.221 7.245 7.268 7.292 7.316 7.341 7.367 7.394 7.421 7.448
6.256 6.277 6.297 6.317 6.336 6.356 6.375 6.393 6.411 6.429 6.446 6.462 6.478 6.494 6.509 6.523 6.537 6.551 6.564 6.577 6.589 6.601 6.611 6.622 6.632 6.642 6.652 6.661 6.669 6.677 6.684 6.690 6.697 6.702 6.708 6.715 6.721 6.729 6.738 6.747 6.758 6.769 6.782 6.796 6.809 6.822 6.836 6.851 6.866 6.880 6.896 6.911 6.926 6.943 6.959 6.977 6.995 7.015 7.036 7.058 7.081 7.105 7.129 7.154 7.179 7.205 7.230 7.254 7.277 7.301 7.324 7.349 7.375 7.401 7.428 7.455
6.262 6.283 6.303 6.323 6.342 6.362 6.381 6.400 6.418 6.436 6.453 6.470 6.487 6.503 6.518 6.533 6.548 6.562 6.576 6.590 6.603 6.615 6.626 6.638 6.649 6.660 6.671 6.681 6.690 6.699 6.707 6.714 6.721 6.727 6.733 6.739 6.745 6.752 6.759 6.768 6.777 6.788 6.799 6.812 6.825 6.837 6.851 6.865 6.879 6.894 6.908 6.923 6.939 6.954 6.971 6.988 7.006 7.025 7.046 7.067 7.090 7.114 7.138 7.163 7.188 7.213 7.238 7.262 7.286 7.309 7.332 7.356 7.381 7.407 7.434 7.460
6.269 6.289 6.309 6.329 6.349 6.368 6.388 6.407 6.425 6.443 6.461 6.478 6.495 6.512 6.528 6.543 6.558 6.573 6.588 6.602 6.616 6.628 6.640 6.652 6.665 6.676 6.688 6.699 6.710 6.719 6.728 6.737 6.744 6.751 6.757 6.763 6.769 6.776 6.782 6.790 6.798 6.808 6.819 6.830 6.842 6.854 6.867 6.880 6.894 6.908 6.922 6.937 6.952 6.967 6.983 6.999 7.017 7.036 7.056 7.077 7.099 7.123 7.147 7.172 7.197 7.222 7.247 7.271 7.293 7.316 7.338 7.362 7.387 7.412 7.438 7.465
6.275 6.295 6.316 6.336 6.355 6.375 6.394 6.414 6.432 6.451 6.469 6.487 6.504 6.521 6.537 6.553 6.568 6.584 6.598 6.613 6.627 6.641 6.653 6.666 6.678 6.691 6.703 6.715 6.727 6.738 6.748 6.757 6.765 6.773 6.780 6.787 6.793 6.799 6.806 6.813 6.821 6.829 6.839 6.850 6.861 6.872 6.884 6.897 6.910 6.924 6.937 6.951 6.965 6.980 6.995 7.011 7.028 7.046 7.066 7.087 7.109 7.132 7.156 7.180 7.205 7.230 7.255 7.278 7.300 7.322 7.344 7.367 7.391 7.416 7.442 7.469
