TsunamiDB/out54022.asc
ncols          264
nrows          230
xllcorner      497853.4375
yllcorner      4229146.0000
cellsize         5.
NODATA_value   -99
[rows 155 to 185 of 230, columns 142 to 212 of 264]
4.849 4.888 4.927 4.965 5.003 5.043 5.083 5.123 5.163 5.204 5.245 5.285 5.326 5.367 5.409 5.451 5.495 5.542 5.591 5.643 5.698 5.756 5.816 5.880 5.946 6.015 6.084 6.153 6.225 6.295 6.365 6.433 6.497 6.558 6.618 6.678 6.737 6.794 6.847 6.894 6.943 6.996 7.052 7.117 7.182 7.228 7.292 7.380 7.454 7.510 7.553 7.592 7.632 7.677 7.715 7.694 7.699 7.763 7.812 7.840 7.847 7.830 7.778 7.682 7.537 7.347 7.180 7.074 6.994 6.930 6.882
4.879 4.917 4.954 4.990 5.026 5.063 5.101 5.139 5.177 5.216 5.255 5.294 5.333 5.372 5.412 5.453 5.497 5.542 5.591 5.643 5.698 5.756 5.817 5.881 5.949 6.021 6.092 6.165 6.240 6.314 6.388 6.460 6.528 6.593 6.658 6.724 6.789 6.855 6.914 6.967 7.020 7.072 7.127 7.192 7.246 7.276 7.331 7.416 7.487 7.540 7.582 7.618 7.653 7.703 7.734 7.698 7.690 7.743 7.781 7.799 7.796 7.769 7.706 7.592 7.432 7.243 7.084 6.992 6.929 6.887 6.863
4.913 4.949 4.984 5.017 5.051 5.086 5.121 5.157 5.193 5.229 5.266 5.303 5.340 5.378 5.416 5.457 5.499 5.544 5.592 5.644 5.699 5.757 5.819 5.884 5.955 6.029 6.102 6.178 6.256 6.333 6.410 6.485 6.558 6.629 6.700 6.770 6.842 6.916 6.983 7.042 7.098 7.154 7.210 7.265 7.301 7.320 7.368 7.450 7.519 7.574 7.616 7.654 7.694 7.736 7.748 7.699 7.680 7.718 7.743 7.751 7.737 7.696 7.616 7.489 7.328 7.145 7.001 6.928 6.889 6.870 6.866
4.950 4.984 5.017 5.048 5.079 5.112 5.144 5.177 5.210 5.244 5.278 5.313 5.348 5.384 5.421 5.461 5.503 5.548 5.596 5.648 5.703 5.761 5.824 5.891 5.962 6.038 6.114 6.191 6.272 6.352 6.432 6.510 6.589 6.666 6.742 6.816 6.894 6.978 7.053 7.118 7.179 7.236 7.287 7.328 7.352 7.362 7.404 7.484 7.555 7.612 7.658 7.701 7.739 7.764 7.757 7.696 7.663 7.685 7.698 7.694 7.666 7.610 7.515 7.384 7.231 7.063 6.939 6.890 6.873 6.874 6.891
4.990 5.023 5.054 5.083 5.112 5.141 5.170 5.200 5.230 5.261 5.292 5.324 5.357 5.392 5.428 5.466 5.508 5.553 5.602 5.654 5.709 5.768 5.831 5.899 5.971 6.049 6.126 6.206 6.289 6.372 6.455 6.538 6.623 6.706 6.786 6.864 6.948 7.041 7.122 7.193 7.256 7.311 7.355 7.385 7.401 7.404 7.442 7.522 7.595 7.655 7.706 7.748 7.778 7.787 7.762 7.687 7.639 7.645 7.643 7.625 7.583 7.513 7.413 7.288 7.149 7.001 6.902 6.877 6.879 6.898 6.932
5.032 5.064 5.094 5.122 5.148 5.175 5.201 5.227 5.254 5.281 5.309 5.338 5.369 5.401 5.436 5.474 5.516 5.561 5.610 5.662 5.718 5.778 5.841 5.909 5.983 6.062 6.141 6.222 6.308 6.395 6.481 6.570 6.659 6.747 6.832 6.913 7.003 7.103 7.189 7.264 7.326 7.377 7.416 7.440 7.452 7.451 7.485 7.564 7.638 7.703 7.754 7.792 7.812 7.804 7.762 7.672 7.608 7.595 7.578 7.547 7.493 7.416 7.319 7.206 7.088 6.965 6.889 6.884 6.902 6.935 6.980
5.075 5.107 5.137 5.163 5.188 5.213 5.236 5.259 5.282 5.305 5.330 5.356 5.383 5.414 5.447 5.484 5.526 5.571 5.620 5.673 5.730 5.790 5.853 5.922 5.996 6.077 6.158 6.241 6.330 6.420 6.511 6.603 6.698 6.790 6.879 6.961 7.055 7.161 7.252 7.328 7.388 7.437 7.473 7.495 7.506 7.500 7.529 7.608 7.684 7.749 7.798 7.829 7.838 7.814 7.755 7.650 7.568 7.537 7.506 7.463 7.403 7.328 7.240 7.145 7.052 6.951 6.895 6.906 6.936 6.978 7.029
5.117 5.151 5.181 5.207 5.232 5.254 5.276 5.296 5.315 5.335 5.355 5.377 5.402 5.429 5.461 5.497 5.538 5.583 5.633 5.687 5.744 5.804 5.868 5.937 6.012 6.094 6.176 6.262 6.354 6.448 6.542 6.639 6.738 6.835 6.926 7.008 7.104 7.215 7.308 7.384 7.444 7.492 7.528 7.550 7.559 7.550 7.577 7.655 7.729 7.791 7.835 7.859 7.857 7.818 7.741 7.620 7.522 7.474 7.430 7.382 7.322 7.253 7.180 7.108 7.036 6.954 6.914 6.937 6.975 7.023 7.076
5.158 5.193 5.225 5.252 5.277 5.299 5.319 5.336 5.353 5.369 5.386 5.404 5.424 5.449 5.478 5.513 5.553 5.598 5.648 5.703 5.760 5.821 5.885 5.954 6.031 6.114 6.198 6.285 6.381 6.478 6.576 6.677 6.779 6.878 6.970 7.051 7.150 7.263 7.357 7.434 7.494 7.542 7.579 7.602 7.611 7.599 7.622 7.696 7.765 7.823 7.861 7.877 7.864 7.811 7.716 7.580 7.467 7.405 7.354 7.306 7.251 7.194 7.141 7.087 7.034 6.968 6.940 6.970 7.013 7.064 7.117
5.195 5.233 5.267 5.296 5.322 5.345 5.364 5.381 5.395 5.408 5.421 5.434 5.451 5.472 5.498 5.531 5.570 5.615 5.665 5.720 5.778 5.839 5.904 5.974 6.051 6.136 6.221 6.310 6.408 6.508 6.609 6.712 6.816 6.916 7.009 7.089 7.187 7.302 7.398 7.476 7.538 7.588 7.626 7.650 7.660 7.645 7.663 7.731 7.795 7.847 7.879 7.887 7.864 7.798 7.688 7.537 7.412 7.342 7.290 7.245 7.199 7.157 7.120 7.082 7.044 6.990 6.971 7.005 7.050 7.102 7.155
5.229 5.269 5.306 5.338 5.366 5.391 5.411 5.427 5.440 5.451 5.460 5.470 5.483 5.500 5.523 5.553 5.590 5.634 5.684 5.739 5.798 5.859 5.924 5.994 6.071 6.158 6.244 6.334 6.434 6.537 6.641 6.747 6.853 6.955 7.050 7.126 7.223 7.341 7.440 7.521 7.585 7.638 7.677 7.702 7.714 7.694 7.704 7.766 7.824 7.869 7.894 7.895 7.863 7.783 7.658 7.496 7.364 7.292 7.241 7.202 7.168 7.140 7.116 7.092 7.066 7.020 7.006 7.043 7.089 7.140 7.192
5.258 5.301 5.341 5.376 5.407 5.434 5.457 5.474 5.487 5.497 5.504 5.510 5.519 5.532 5.551 5.578 5.613 5.656 5.705 5.759 5.818 5.880 5.944 6.014 6.092 6.180 6.268 6.360 6.462 6.567 6.675 6.784 6.891 6.998 7.090 7.161 7.258 7.380 7.481 7.565 7.633 7.687 7.728 7.758 7.767 7.738 7.741 7.796 7.846 7.885 7.903 7.896 7.854 7.760 7.621 7.457 7.325 7.253 7.207 7.176 7.153 7.136 7.123 7.110 7.092 7.052 7.042 7.080 7.125 7.176 7.225
5.282 5.328 5.372 5.410 5.444 5.475 5.500 5.520 5.534 5.544 5.550 5.555 5.560 5.569 5.584 5.607 5.639 5.680 5.727 5.781 5.839 5.900 5.965 6.036 6.116 6.205 6.294 6.388 6.492 6.601 6.712 6.824 6.935 7.039 7.125 7.195 7.293 7.417 7.522 7.610 7.680 7.738 7.783 7.810 7.812 7.777 7.771 7.818 7.861 7.893 7.903 7.887 7.833 7.728 7.590 7.427 7.296 7.228 7.188 7.166 7.151 7.142 7.139 7.133 7.120 7.085 7.076 7.114 7.159 7.208 7.254
5.301 5.350 5.397 5.439 5.476 5.511 5.539 5.563 5.580 5.591 5.598 5.602 5.605 5.611 5.623 5.642 5.670 5.707 5.752 5.804 5.861 5.922 5.988 6.060 6.141 6.232 6.322 6.417 6.524 6.635 6.748 6.862 6.974 7.073 7.157 7.226 7.326 7.453 7.562 7.653 7.728 7.789 7.833 7.855 7.850 7.807 7.793 7.831 7.867 7.892 7.894 7.868 7.804 7.699 7.565 7.406 7.280 7.218 7.185 7.168 7.159 7.158 7.159 7.158 7.149 7.117 7.108 7.145 7.190 7.236 7.278
5.316 5.368 5.417 5.462 5.503 5.541 5.574 5.601 5.622 5.637 5.646 5.651 5.654 5.658 5.667 5.682 5.706 5.739 5.781 5.830 5.885 5.946 6.011 6.083 6.166 6.259 6.350 6.448 6.556 6.668 6.782 6.896 7.005 7.103 7.188 7.257 7.358 7.490 7.602 7.696 7.774 7.835 7.876 7.892 7.879 7.829 7.808 7.837 7.865 7.882 7.876 7.842 7.775 7.674 7.546 7.396 7.277 7.222 7.193 7.180 7.175 7.177 7.182 7.184 7.178 7.147 7.139 7.176 7.217 7.259 7.297
5.327 5.381 5.432 5.480 5.525 5.566 5.603 5.635 5.660 5.679 5.692 5.700 5.705 5.709 5.716 5.729 5.748 5.777 5.814 5.859 5.912 5.970 6.035 6.107 6.192 6.285 6.378 6.476 6.585 6.698 6.810 6.922 7.032 7.131 7.218 7.289 7.391 7.526 7.640 7.738 7.815 7.874 7.911 7.920 7.900 7.844 7.814 7.834 7.854 7.864 7.851 7.814 7.750 7.655 7.537 7.397 7.287 7.236 7.210 7.200 7.196 7.200 7.206 7.209 7.206 7.177 7.169 7.203 7.241 7.279 7.310
5.335 5.390 5.443 5.493 5.541 5.586 5.627 5.664 5.694 5.718 5.736 5.748 5.757 5.763 5.770 5.780 5.797 5.820 5.852 5.892 5.940 5.996 6.059 6.131 6.215 6.309 6.403 6.501 6.610 6.721 6.832 6.944 7.056 7.158 7.249 7.318 7.421 7.559 7.676 7.774 7.849 7.905 7.938 7.941 7.914 7.850 7.811 7.823 7.836 7.839 7.824 7.788 7.728 7.643 7.537 7.407 7.304 7.257 7.233 7.223 7.220 7.224 7.230 7.235 7.234 7.206 7.195 7.227 7.261 7.293 7.320
5.340 5.396 5.451 5.503 5.553 5.601 5.646 5.687 5.722 5.752 5.776 5.794 5.807 5.817 5.826 5.836 5.850 5.868 5.894 5.929 5.972 6.023 6.082 6.151 6.234 6.329 6.422 6.520 6.629 6.739 6.849 6.963 7.077 7.184 7.278 7.347 7.451 7.591 7.708 7.804 7.877 7.929 7.957 7.954 7.918 7.847 7.800 7.804 7.811 7.812 7.797 7.764 7.712 7.639 7.544 7.423 7.327 7.283 7.259 7.248 7.245 7.247 7.253 7.259 7.260 7.232 7.220 7.248 7.277 7.304 7.324
5.341 5.398 5.453 5.507 5.560 5.611 5.660 5.705 5.745 5.781 5.811 5.836 5.855 5.870 5.882 5.893 5.905 5.921 5.942 5.969 6.006 6.050 6.104 6.169 6.251 6.344 6.437 6.535 6.644 6.754 6.866 6.981 7.099 7.210 7.307 7.375 7.479 7.619 7.733 7.826 7.895 7.944 7.966 7.955 7.913 7.834 7.780 7.778 7.782 7.783 7.770 7.744 7.702 7.639 7.554 7.443 7.352 7.309 7.284 7.273 7.267 7.268 7.274 7.282 7.284 7.256 7.241 7.265 7.288 7.308 7.321
5.338 5.396 5.452 5.507 5.563 5.616 5.668 5.717 5.763 5.804 5.840 5.872 5.897 5.918 5.935 5.949 5.961 5.975 5.991 6.013 6.042 6.079 6.127 6.187 6.265 6.356 6.448 6.546 6.656 6.768 6.881 6.998 7.118 7.231 7.331 7.398 7.499 7.637 7.750 7.839 7.904 7.948 7.966 7.949 7.899 7.814 7.754 7.749 7.753 7.755 7.747 7.729 7.696 7.643 7.568 7.464 7.377 7.335 7.311 7.298 7.291 7.291 7.296 7.303 7.306 7.277 7.260 7.278 7.294 7.307 7.313
5.332 5.390 5.446 5.503 5.560 5.617 5.671 5.724 5.774 5.820 5.863 5.900 5.933 5.960 5.982 6.000 6.015 6.028 6.042 6.059 6.082 6.112 6.151 6.205 6.277 6.366 6.456 6.553 6.664 6.778 6.893 7.012 7.132 7.250 7.354 7.417 7.514 7.651 7.761 7.847 7.908 7.949 7.961 7.938 7.880 7.789 7.727 7.722 7.728 7.733 7.732 7.722 7.698 7.653 7.585 7.487 7.403 7.362 7.337 7.323 7.315 7.313 7.316 7.323 7.329 7.299 7.276 7.288 7.297 7.301 7.300
5.323 5.380 5.437 5.495 5.554 5.612 5.669 5.725 5.779 5.830 5.878 5.921 5.960 5.993 6.021 6.044 6.063 6.078 6.092 6.107 6.124 6.147 6.178 6.223 6.289 6.374 6.462 6.559 6.671 6.786 6.905 7.026 7.149 7.275 7.377 7.431 7.524 7.660 7.767 7.849 7.907 7.942 7.948 7.915 7.851 7.760 7.699 7.697 7.706 7.717 7.722 7.719 7.702 7.663 7.601 7.508 7.428 7.388 7.361 7.346 7.337 7.334 7.336 7.347 7.352 7.317 7.289 7.294 7.295 7.290 7.282
5.313 5.370 5.426 5.484 5.543 5.603 5.662 5.721 5.778 5.833 5.885 5.934 5.978 6.017 6.051 6.079 6.103 6.123 6.139 6.154 6.168 6.185 6.208 6.247 6.306 6.386 6.471 6.566 6.679 6.798 6.919 7.045 7.175 7.296 7.386 7.436 7.528 7.661 7.765 7.844 7.896 7.924 7.922 7.884 7.822 7.732 7.673 7.675 7.689 7.706 7.716 7.718 7.705 7.671 7.616 7.529 7.450 7.410 7.385 7.369 7.360 7.357 7.361 7.370 7.370 7.331 7.297 7.294 7.286 7.274 7.257
5.305 5.359 5.414 5.471 5.530 5.591 5.652 5.712 5.772 5.830 5.886 5.939 5.987 6.032 6.072 6.106 6.136 6.161 6.181 6.198 6.213 6.227 6.246 6.278 6.330 6.403 6.483 6.577 6.690 6.811 6.934 7.064 7.191 7.301 7.384 7.432 7.523 7.653 7.754 7.829 7.876 7.896 7.888 7.852 7.793 7.706 7.650 7.658 7.678 7.699 7.713 7.718 7.708 7.679 7.630 7.546 7.469 7.432 7.407 7.392 7.382 7.381 7.385 7.390 7.383 7.339 7.300 7.288 7.272 7.252 7.226
5.299 5.350 5.403 5.458 5.517 5.577 5.638 5.700 5.761 5.821 5.880 5.936 5.989 6.039 6.084 6.124 6.160 6.191 6.217 6.239 6.257 6.272 6.289 6.314 6.359 6.426 6.501 6.592 6.703 6.822 6.947 7.073 7.193 7.296 7.374 7.421 7.509 7.637 7.735 7.806 7.847 7.862 7.853 7.820 7.766 7.682 7.632 7.646 7.670 7.694 7.710 7.717 7.710 7.686 7.642 7.562 7.488 7.453 7.429 7.414 7.405 7.403 7.405 7.405 7.392 7.343 7.297 7.277 7.252 7.223 7.190
5.298 5.345 5.394 5.447 5.504 5.563 5.623 5.685 5.747 5.809 5.869 5.928 5.985 6.039 6.089 6.135 6.177 6.215 6.247 6.275 6.299 6.317 6.333 6.356 6.397 6.457 6.525 6.609 6.714 6.831 6.949 7.068 7.183 7.280 7.357 7.402 7.488 7.613 7.708 7.775 7.811 7.825 7.818 7.789 7.741 7.663 7.617 7.636 7.663 7.690 7.707 7.716 7.712 7.692 7.652 7.576 7.505 7.473 7.450 7.436 7.426 7.423 7.421 7.415 7.395 7.341 7.289 7.260 7.227 7.190 7.149
5.302 5.345 5.390 5.439 5.493 5.550 5.609 5.670 5.732 5.794 5.855 5.916 5.976 6.033 6.088 6.139 6.187 6.231 6.271 6.305 6.335 6.359 6.378 6.401 6.437 6.490 6.550 6.624 6.721 6.829 6.939 7.051 7.161 7.256 7.332 7.377 7.460 7.583 7.676 7.739 7.774 7.789 7.785 7.762 7.721 7.647 7.605 7.628 7.658 7.685 7.704 7.714 7.712 7.696 7.662 7.590 7.521 7.492 7.471 7.456 7.445 7.439 7.433 7.420 7.394 7.334 7.275 7.238 7.197 7.153 7.106
5.311 5.349 5.390 5.435 5.485 5.538 5.595 5.654 5.715 5.777 5.839 5.901 5.963 6.023 6.082 6.138 6.192 6.241 6.287 6.328 6.365 6.394 6.418 6.442 6.475 6.523 6.573 6.636 6.722 6.818 6.920 7.026 7.133 7.228 7.304 7.346 7.428 7.550 7.641 7.703 7.738 7.754 7.755 7.739 7.703 7.632 7.594 7.621 7.652 7.681 7.700 7.711 7.712 7.700 7.670 7.602 7.537 7.511 7.490 7.474 7.461 7.450 7.440 7.421 7.388 7.322 7.256 7.211 7.162 7.113 7.062
5.325 5.359 5.395 5.435 5.479 5.529 5.582 5.639 5.698 5.759 5.821 5.884 5.947 6.010 6.071 6.132 6.190 6.245 6.296 6.342 6.384 6.419 6.448 6.475 6.508 6.552 6.594 6.645 6.719 6.805 6.897 6.998 7.103 7.198 7.275 7.316 7.396 7.517 7.606 7.668 7.703 7.724 7.730 7.718 7.687 7.619 7.584 7.612 7.645 7.674 7.694 7.707 7.711 7.702 7.677 7.612 7.551 7.526 7.505 7.487 7.470 7.456 7.440 7.415 7.374 7.302 7.230 7.177 7.123 7.070 7.016
5.344 5.374 5.404 5.438 5.477 5.522 5.570 5.624 5.681 5.740 5.801 5.864 5.928 5.992 6.057 6.120 6.182 6.241 6.296 6.347 6.394 6.434 6.468 6.499 6.534 6.575 6.612 6.654 6.717 6.793 6.877 6.973 7.074 7.168 7.246 7.285 7.363 7.484 7.572 7.634 7.671 7.695 7.705 7.697 7.670 7.605 7.571 7.601 7.635 7.665 7.686 7.702 7.708 7.703 7.682 7.622 7.564 7.540 7.517 7.496 7.475 7.457 7.435 7.404 7.356 7.278 7.199 7.140 7.082 7.027 6.972
5.366 5.392 5.418 5.446 5.479 5.517 5.560 5.609 5.662 5.720 5.780 5.842 5.906 5.972 6.038 6.104 6.169 6.231 6.290 6.344 6.394 6.438 6.477 6.513 6.550 6.594 6.629 6.664 6.718 6.784 6.860 6.950 7.046 7.141 7.221 7.257 7.333 7.453 7.541 7.603 7.643 7.670 7.683 7.679 7.655 7.591 7.558 7.590 7.626 7.657 7.681 7.699 7.708 7.707 7.692 7.635 7.578 7.555 7.530 7.505 7.480 7.456 7.429 7.391 7.334 7.249 7.166 7.102 7.042 6.985 6.932
