TsunamiDB/out54014.asc
ncols          264
nrows          230
xllcorner      497853.4375
yllcorner      4229146.0000
cellsize         5.
NODATA_value   -99
[rows 93 to 123 of 230, columns 140 to 209 of 264]
-99.000 -99.000 -99.000 -99.000 -99.000 -99.000 -99.000 -99.000 -99.000 -99.000 -99.000 -99.000 -99.000 -99.000 -99.000 -99.000 -99.000 -99.000 -99.000 -99.000 -99.000 -99.000 -99.000 -99.000 -99.000 1.644 1.646 1.678 1.800 2.022 2.323 2.676 3.043 3.381 3.667 3.897 4.079 4.221 4.336 4.430 4.511 4.582 4.647 4.706 4.762 4.814 4.863 4.911 4.956 5.001 5.044 5.088 5.131 5.174 5.217 5.260 5.304 5.349 5.393 5.436 5.478 5.519 5.558 5.596 5.631 5.664 5.695 5.724 5.752 5.778
-99.000 -99.000 -99.000 -99.000 -99.000 -99.000 -99.000 -99.000 -99.000 -99.000 -99.000 -99.000 -99.000 -99.000 -99.000 -99.000 -99.000 -99.000 -99.000 -99.000 -99.000 -99.000 -99.000 -99.000 -99.000 1.644 1.652 1.713 1.877 2.134 2.459 2.823 3.185 3.504 3.768 3.978 4.142 4.272 4.377 4.466 4.542 4.611 4.673 4.731 4.786 4.838 4.887 4.934 4.980 5.024 5.068 5.111 5.153 5.196 5.240 5.282 5.326 5.370 5.414 5.458 5.500 5.542 5.583 5.623 5.662 5.700 5.737 5.773 5.807 5.840
-99.000 -99.000 -99.000 -99.000 -99.000 -99.000 -99.000 -99.000 -99.000 -99.000 -99.000 -99.000 -99.000 -99.000 -99.000 -99.000 -99.000 -99.000 -99.000 -99.000 -99.000 -99.000 -99.000 -99.000 -99.000 1.645 1.666 1.766 1.969 2.256 2.601 2.971 3.320 3.619 3.861 4.051 4.201 4.319 4.417 4.500 4.572 4.638 4.699 4.756 4.809 4.860 4.909 4.956 5.002 5.046 5.089 5.132 5.174 5.217 5.259 5.301 5.344 5.388 5.432 5.475 5.519 5.562 5.604 5.646 5.689 5.731 5.773 5.815 5.857 5.896
-99.000 -99.000 -99.000 -99.000 -99.000 -99.000 -99.000 -99.000 -99.000 -99.000 -99.000 -99.000 -99.000 -99.000 -99.000 -99.000 -99.000 -99.000 -99.000 -99.000 -99.000 -99.000 -99.000 -99.000 1.644 1.648 1.693 1.834 2.074 2.387 2.748 3.117 3.448 3.725 3.946 4.119 4.255 4.364 4.455 4.533 4.602 4.666 4.725 4.780 4.833 4.883 4.931 4.978 5.023 5.067 5.110 5.152 5.194 5.236 5.276 5.318 5.360 5.403 5.446 5.489 5.533 5.577 5.621 5.665 5.711 5.757 5.804 5.852 5.899 5.946
-99.000 -99.000 -99.000 -99.000 -99.000 -99.000 -99.000 -99.000 -99.000 -99.000 -99.000 -99.000 -99.000 -99.000 -99.000 -99.000 -99.000 -99.000 -99.000 -99.000 -99.000 -99.000 -99.000 -99.000 1.644 1.657 1.736 1.919 2.190 2.527 2.897 3.257 3.568 3.822 4.023 4.180 4.304 4.405 4.491 4.565 4.632 4.693 4.751 4.805 4.856 4.906 4.953 4.999 5.044 5.087 5.130 5.171 5.212 5.253 5.293 5.332 5.373 5.415 5.457 5.499 5.543 5.587 5.633 5.679 5.727 5.778 5.829 5.882 5.935 5.988
-99.000 -99.000 -99.000 -99.000 -99.000 -99.000 -99.000 -99.000 -99.000 -99.000 -99.000 -99.000 -99.000 -99.000 -99.000 -99.000 -99.000 -99.000 -99.000 -99.000 -99.000 -99.000 -99.000 1.644 1.646 1.677 1.796 2.017 2.318 2.673 3.045 3.389 3.678 3.911 4.093 4.236 4.350 4.444 4.525 4.596 4.661 4.720 4.777 4.830 4.881 4.930 4.977 5.022 5.066 5.109 5.150 5.191 5.231 5.270 5.308 5.346 5.385 5.424 5.465 5.506 5.550 5.594 5.641 5.689 5.740 5.794 5.850 5.907 5.965 6.023
-99.000 -99.000 -99.000 -99.000 -99.000 -99.000 -99.000 -99.000 -99.000 -99.000 -99.000 -99.000 -99.000 -99.000 -99.000 -99.000 -99.000 -99.000 -99.000 -99.000 -99.000 -99.000 -99.000 1.644 1.651 1.711 1.873 2.129 2.455 2.823 3.190 3.513 3.781 3.992 4.157 4.287 4.393 4.481 4.557 4.626 4.689 4.748 4.803 4.856 4.906 4.955 5.001 5.046 5.090 5.132 5.173 5.212 5.251 5.288 5.324 5.360 5.396 5.433 5.472 5.512 5.554 5.599 5.646 5.696 5.750 5.807 5.866 5.928 5.991 6.054
-99.000 -99.000 -99.000 -99.000 -99.000 -99.000 -99.000 -99.000 -99.000 -99.000 -99.000 -99.000 -99.000 -99.000 -99.000 -99.000 -99.000 -99.000 -99.000 -99.000 -99.000 -99.000 -99.000 1.645 1.665 1.763 1.965 2.252 2.599 2.973 3.328 3.630 3.875 4.066 4.216 4.335 4.432 4.515 4.588 4.655 4.716 4.774 4.829 4.882 4.932 4.980 5.027 5.072 5.115 5.157 5.197 5.236 5.273 5.309 5.342 5.375 5.409 5.443 5.479 5.517 5.558 5.603 5.650 5.702 5.758 5.817 5.881 5.947 6.014 6.083
-99.000 -99.000 -99.000 -99.000 -99.000 -99.000 -99.000 -99.000 -99.000 -99.000 -99.000 -99.000 -99.000 -99.000 -99.000 -99.000 -99.000 -99.000 -99.000 -99.000 -99.000 -99.000 1.644 1.648 1.692 1.832 2.071 2.386 2.749 3.122 3.459 3.739 3.961 4.135 4.270 4.379 4.469 4.547 4.617 4.682 4.742 4.800 4.855 4.907 4.958 5.007 5.054 5.099 5.143 5.184 5.224 5.262 5.298 5.332 5.363 5.394 5.424 5.455 5.488 5.524 5.563 5.607 5.655 5.708 5.766 5.828 5.894 5.964 6.036 6.109
-99.000 -99.000 -99.000 -99.000 -99.000 -99.000 -99.000 -99.000 -99.000 -99.000 -99.000 -99.000 -99.000 -99.000 -99.000 -99.000 -99.000 -99.000 -99.000 -99.000 -99.000 -99.000 1.644 1.657 1.735 1.918 2.190 2.528 2.901 3.266 3.583 3.839 4.041 4.198 4.321 4.420 4.504 4.578 4.646 4.708 4.767 4.824 4.879 4.932 4.983 5.033 5.081 5.127 5.171 5.213 5.253 5.290 5.325 5.358 5.387 5.415 5.443 5.471 5.501 5.533 5.571 5.614 5.662 5.715 5.774 5.838 5.907 5.981 6.057 6.134
-99.000 -99.000 -99.000 -99.000 -99.000 -99.000 -99.000 -99.000 -99.000 -99.000 -99.000 -99.000 -99.000 -99.000 -99.000 -99.000 -99.000 -99.000 -99.000 -99.000 -99.000 1.644 1.646 1.677 1.796 2.018 2.319 2.677 3.054 3.404 3.698 3.932 4.115 4.256 4.368 4.460 4.538 4.609 4.673 4.734 4.792 4.848 4.903 4.956 5.007 5.058 5.107 5.154 5.199 5.242 5.282 5.320 5.355 5.386 5.414 5.440 5.465 5.490 5.517 5.547 5.582 5.623 5.670 5.724 5.783 5.849 5.920 5.997 6.077 6.159
-99.000 -99.000 -99.000 -99.000 -99.000 -99.000 -99.000 -99.000 -99.000 -99.000 -99.000 -99.000 -99.000 -99.000 -99.000 -99.000 -99.000 -99.000 -99.000 -99.000 -99.000 1.644 1.651 1.712 1.874 2.131 2.459 2.829 3.202 3.533 3.805 4.018 4.182 4.310 4.413 4.498 4.572 4.638 4.700 4.759 4.816 4.871 4.925 4.978 5.031 5.082 5.132 5.180 5.226 5.270 5.311 5.350 5.385 5.416 5.443 5.467 5.491 5.513 5.537 5.564 5.597 5.635 5.682 5.735 5.794 5.861 5.934 6.014 6.096 6.182
-99.000 -99.000 -99.000 -99.000 -99.000 -99.000 -99.000 -99.000 -99.000 -99.000 -99.000 -99.000 -99.000 -99.000 -99.000 -99.000 -99.000 -99.000 -99.000 -99.000 -99.000 1.645 1.665 1.765 1.968 2.257 2.606 2.983 3.345 3.654 3.903 4.095 4.244 4.361 4.456 4.535 4.605 4.668 4.728 4.785 4.840 4.894 4.948 5.001 5.053 5.104 5.155 5.204 5.251 5.296 5.339 5.378 5.414 5.445 5.472 5.496 5.518 5.539 5.561 5.586 5.616 5.652 5.697 5.749 5.807 5.873 5.947 6.029 6.114 6.202
-99.000 -99.000 -99.000 -99.000 -99.000 -99.000 -99.000 -99.000 -99.000 -99.000 -99.000 -99.000 -99.000 -99.000 -99.000 -99.000 -99.000 -99.000 -99.000 -99.000 1.644 1.648 1.693 1.836 2.077 2.393 2.758 3.136 3.480 3.766 3.992 4.166 4.301 4.409 4.497 4.572 4.638 4.699 4.756 4.811 4.865 4.918 4.970 5.023 5.074 5.126 5.177 5.226 5.274 5.320 5.363 5.404 5.440 5.473 5.500 5.524 5.546 5.567 5.588 5.612 5.640 5.675 5.717 5.766 5.823 5.887 5.962 6.046 6.132 6.224
-99.000 -99.000 -99.000 -99.000 -99.000 -99.000 -99.000 -99.000 -99.000 -99.000 -99.000 -99.000 -99.000 -99.000 -99.000 -99.000 -99.000 -99.000 -99.000 -99.000 1.644 1.658 1.738 1.923 2.198 2.538 2.913 3.283 3.605 3.867 4.072 4.230 4.353 4.453 4.535 4.607 4.671 4.730 4.785 4.839 4.891 4.943 4.994 5.045 5.096 5.147 5.197 5.247 5.295 5.341 5.386 5.427 5.464 5.498 5.527 5.552 5.575 5.597 5.619 5.643 5.671 5.703 5.742 5.788 5.842 5.906 5.981 6.065 6.153 6.246
-99.000 -99.000 -99.000 -99.000 -99.000 -99.000 -99.000 -99.000 -99.000 -99.000 -99.000 -99.000 -99.000 -99.000 -99.000 -99.000 -99.000 -99.000 -99.000 1.644 1.646 1.679 1.801 2.026 2.331 2.689 3.068 3.422 3.721 3.959 4.144 4.287 4.400 4.493 4.572 4.641 4.703 4.761 4.815 4.868 4.919 4.969 5.019 5.069 5.119 5.169 5.218 5.267 5.315 5.361 5.405 5.447 5.486 5.521 5.552 5.579 5.605 5.629 5.653 5.679 5.707 5.739 5.775 5.818 5.870 5.933 6.006 6.088 6.176 6.270
-99.000 -99.000 -99.000 -99.000 -99.000 -99.000 -99.000 -99.000 -99.000 -99.000 -99.000 -99.000 -99.000 -99.000 -99.000 -99.000 -99.000 -99.000 -99.000 1.644 1.652 1.716 1.883 2.143 2.473 2.845 3.219 3.552 3.825 4.041 4.208 4.339 4.443 4.531 4.606 4.673 4.734 4.791 4.845 4.896 4.947 4.996 5.045 5.094 5.143 5.192 5.240 5.288 5.334 5.380 5.424 5.466 5.505 5.542 5.575 5.605 5.634 5.663 5.691 5.719 5.750 5.782 5.817 5.858 5.907 5.966 6.035 6.116 6.202 6.297
-99.000 -99.000 -99.000 -99.000 -99.000 -99.000 -99.000 -99.000 -99.000 -99.000 -99.000 -99.000 -99.000 -99.000 -99.000 -99.000 -99.000 -99.000 -99.000 1.645 1.668 1.772 1.980 2.272 2.623 3.001 3.363 3.672 3.920 4.115 4.266 4.385 4.482 4.565 4.637 4.703 4.763 4.820 4.874 4.925 4.975 5.024 5.073 5.121 5.169 5.216 5.263 5.309 5.354 5.399 5.442 5.484 5.524 5.562 5.597 5.631 5.665 5.698 5.731 5.764 5.798 5.832 5.868 5.907 5.953 6.007 6.073 6.149 6.234 6.327
-99.000 -99.000 -99.000 -99.000 -99.000 -99.000 -99.000 -99.000 -99.000 -99.000 -99.000 -99.000 -99.000 -99.000 -99.000 -99.000 -99.000 -99.000 1.644 1.649 1.697 1.845 2.091 2.411 2.778 3.155 3.498 3.782 4.007 4.182 4.318 4.427 4.518 4.596 4.667 4.731 4.791 4.847 4.901 4.953 5.003 5.052 5.101 5.148 5.195 5.241 5.287 5.332 5.375 5.418 5.460 5.502 5.542 5.582 5.619 5.657 5.695 5.734 5.773 5.811 5.850 5.888 5.926 5.965 6.008 6.058 6.118 6.189 6.270 6.361
-99.000 -99.000 -99.000 -99.000 -99.000 -99.000 -99.000 -99.000 -99.000 -99.000 -99.000 -99.000 -99.000 -99.000 -99.000 -99.000 -99.000 -99.000 1.644 1.659 1.745 1.936 2.215 2.558 2.934 3.303 3.623 3.882 4.085 4.242 4.366 4.466 4.551 4.626 4.693 4.756 4.816 4.873 4.927 4.979 5.030 5.080 5.128 5.176 5.222 5.268 5.312 5.355 5.397 5.438 5.479 5.519 5.560 5.601 5.640 5.682 5.725 5.770 5.815 5.859 5.904 5.948 5.989 6.029 6.070 6.116 6.172 6.238 6.314 6.402
-99.000 -99.000 -99.000 -99.000 -99.000 -99.000 -99.000 -99.000 -99.000 -99.000 -99.000 -99.000 -99.000 -99.000 -99.000 -99.000 -99.000 1.644 1.647 1.682 1.811 2.041 2.349 2.710 3.089 3.443 3.738 3.974 4.156 4.298 4.411 4.503 4.582 4.653 4.719 4.780 4.839 4.896 4.951 5.004 5.056 5.106 5.155 5.202 5.249 5.293 5.336 5.378 5.418 5.458 5.497 5.537 5.577 5.618 5.661 5.706 5.755 5.805 5.856 5.907 5.958 6.007 6.053 6.096 6.138 6.182 6.233 6.294 6.366 6.450
-99.000 -99.000 -99.000 -99.000 -99.000 -99.000 -99.000 -99.000 -99.000 -99.000 -99.000 -99.000 -99.000 -99.000 -99.000 -99.000 -99.000 1.644 1.654 1.722 1.894 2.159 2.493 2.866 3.240 3.573 3.844 4.057 4.222 4.350 4.453 4.538 4.612 4.680 4.743 4.803 4.861 4.918 4.973 5.027 5.079 5.130 5.179 5.227 5.273 5.318 5.360 5.400 5.439 5.477 5.514 5.553 5.594 5.636 5.681 5.730 5.783 5.839 5.895 5.952 6.009 6.064 6.116 6.164 6.208 6.252 6.301 6.358 6.425 6.504
-99.000 -99.000 -99.000 -99.000 -99.000 -99.000 -99.000 -99.000 -99.000 -99.000 -99.000 -99.000 -99.000 -99.000 -99.000 -99.000 -99.000 1.645 1.670 1.780 1.993 2.288 2.642 3.021 3.384 3.693 3.941 4.133 4.281 4.398 4.492 4.572 4.643 4.707 4.768 4.826 4.883 4.939 4.994 5.048 5.101 5.152 5.202 5.250 5.296 5.340 5.381 5.420 5.458 5.494 5.530 5.568 5.609 5.651 5.698 5.751 5.807 5.869 5.931 5.993 6.056 6.117 6.176 6.230 6.278 6.324 6.372 6.427 6.491 6.567
-99.000 -99.000 -99.000 -99.000 -99.000 -99.000 -99.000 -99.000 -99.000 -99.000 -99.000 -99.000 -99.000 -99.000 -99.000 -99.000 1.644 1.650 1.702 1.855 2.105 2.427 2.796 3.174 3.519 3.803 4.028 4.201 4.336 4.443 4.531 4.605 4.672 4.734 4.793 4.850 4.905 4.960 5.014 5.068 5.121 5.173 5.223 5.271 5.317 5.360 5.401 5.438 5.474 5.510 5.545 5.582 5.622 5.665 5.714 5.769 5.829 5.896 5.962 6.030 6.099 6.166 6.231 6.291 6.344 6.394 6.444 6.500 6.562 6.635
-99.000 -99.000 -99.000 -99.000 -99.000 -99.000 -99.000 -99.000 -99.000 -99.000 -99.000 -99.000 -99.000 -99.000 -99.000 -99.000 1.645 1.661 1.751 1.947 2.229 2.574 2.950 3.320 3.643 3.903 4.105 4.262 4.385 4.484 4.566 4.637 4.702 4.762 4.819 4.874 4.929 4.982 5.036 5.089 5.141 5.193 5.243 5.291 5.336 5.378 5.418 5.455 5.489 5.523 5.558 5.594 5.634 5.678 5.728 5.785 5.850 5.919 5.990 6.062 6.136 6.209 6.279 6.345 6.405 6.461 6.518 6.575 6.638 6.711
-99.000 -99.000 -99.000 -99.000 -99.000 -99.000 -99.000 -99.000 -99.000 -99.000 -99.000 -99.000 -99.000 -99.000 -99.000 1.644 1.647 1.686 1.819 2.052 2.363 2.725 3.104 3.459 3.756 3.992 4.175 4.317 4.430 4.522 4.600 4.668 4.731 4.790 4.846 4.900 4.953 5.006 5.058 5.110 5.162 5.213 5.262 5.310 5.354 5.396 5.434 5.470 5.504 5.537 5.570 5.606 5.646 5.691 5.742 5.801 5.868 5.940 6.013 6.089 6.168 6.246 6.321 6.393 6.462 6.526 6.588 6.649 6.717 6.793
-99.000 -99.000 -99.000 -99.000 -99.000 -99.000 -99.000 -99.000 -99.000 -99.000 -99.000 -99.000 -99.000 -99.000 -99.000 1.644 1.655 1.727 1.903 2.171 2.506 2.879 3.253 3.587 3.859 4.072 4.237 4.366 4.470 4.557 4.632 4.698 4.760 4.817 4.873 4.926 4.978 5.030 5.082 5.133 5.184 5.234 5.283 5.330 5.374 5.414 5.452 5.486 5.519 5.551 5.585 5.621 5.660 5.705 5.756 5.816 5.884 5.958 6.034 6.113 6.196 6.278 6.358 6.437 6.514 6.586 6.656 6.723 6.796 6.879
-99.000 -99.000 -99.000 -99.000 -99.000 -99.000 -99.000 -99.000 -99.000 -99.000 -99.000 -99.000 -99.000 -99.000 1.644 1.646 1.673 1.786 2.003 2.301 2.655 3.034 3.396 3.705 3.951 4.143 4.293 4.411 4.507 4.590 4.661 4.726 4.786 4.844 4.899 4.952 5.004 5.056 5.107 5.158 5.208 5.257 5.305 5.351 5.394 5.435 5.471 5.505 5.537 5.569 5.602 5.638 5.678 5.722 5.773 5.833 5.900 5.975 6.053 6.135 6.220 6.307 6.392 6.478 6.563 6.644 6.722 6.795 6.876 6.964
-99.000 -99.000 -99.000 -99.000 -99.000 -99.000 -99.000 -99.000 -99.000 -99.000 -99.000 -99.000 -99.000 -99.000 1.644 1.650 1.706 1.863 2.116 2.440 2.809 3.186 3.529 3.812 4.035 4.208 4.343 4.451 4.541 4.619 4.688 4.751 4.811 4.869 4.924 4.977 5.029 5.081 5.132 5.182 5.232 5.281 5.328 5.374 5.417 5.457 5.493 5.527 5.559 5.591 5.624 5.660 5.700 5.744 5.794 5.852 5.919 5.994 6.072 6.155 6.244 6.335 6.425 6.517 6.610 6.700 6.785 6.861 6.947 7.042
-99.000 -99.000 -99.000 -99.000 -99.000 -99.000 -99.000 -99.000 -99.000 -99.000 -99.000 -99.000 -99.000 -99.000 1.645 1.663 1.757 1.956 2.241 2.588 2.964 3.333 3.653 3.911 4.112 4.267 4.390 4.489 4.573 4.647 4.714 4.775 4.835 4.892 4.947 5.000 5.053 5.105 5.156 5.207 5.256 5.305 5.352 5.397 5.440 5.480 5.518 5.552 5.584 5.617 5.651 5.687 5.727 5.770 5.818 5.875 5.940 6.015 6.093 6.177 6.269 6.363 6.458 6.555 6.655 6.752 6.842 6.920 7.010 7.111
-99.000 -99.000 -99.000 -99.000 -99.000 -99.000 -99.000 -99.000 -99.000 -99.000 -99.000 -99.000 -99.000 1.644 1.647 1.689 1.827 2.064 2.377 2.740 3.119 3.473 3.768 4.001 4.182 4.322 4.433 4.525 4.604 4.674 4.738 4.798 4.857 4.913 4.968 5.022 5.075 5.127 5.179 5.229 5.278 5.327 5.374 5.419 5.463 5.504 5.542 5.578 5.613 5.646 5.681 5.718 5.759 5.801 5.848 5.902 5.966 6.040 6.117 6.202 6.296 6.392 6.491 6.594 6.699 6.800 6.892 6.969 7.061 7.165
