TsunamiDB/out54036.asc
ncols          264
nrows          230
xllcorner      497853.4375
yllcorner      4229146.0000
cellsize         5.
NODATA_value   -99
[rows 160 to 191 of 230, columns 144 to 215 of 264]
5.907 5.934 5.958 5.980 5.998 6.014 6.027 6.037 6.044 6.049 6.052 6.056 6.062 6.070 6.084 6.104 6.131 6.165 6.205 6.251 6.301 6.358 6.422 6.492 6.563 6.637 6.715 6.796 6.877 6.961 7.048 7.134 7.218 7.299 7.388 7.492 7.597 7.700 7.801 7.898 7.990 8.070 8.136 8.177 8.222 8.288 8.354 8.419 8.482 8.546 8.611 8.670 8.720 8.742 8.766 8.806 8.837 8.857 8.864 8.858 8.839 8.806 8.759 8.685 8.596 8.504 8.394 8.269 8.136 8.010 7.904 7.821
5.910 5.939 5.966 5.991 6.013 6.033 6.050 6.065 6.076 6.085 6.091 6.096 6.101 6.108 6.118 6.134 6.155 6.184 6.220 6.262 6.310 6.365 6.428 6.498 6.570 6.645 6.726 6.810 6.896 6.984 7.076 7.168 7.257 7.340 7.432 7.542 7.651 7.757 7.857 7.953 8.042 8.120 8.185 8.224 8.266 8.332 8.398 8.462 8.524 8.586 8.645 8.698 8.742 8.759 8.779 8.812 8.837 8.851 8.852 8.839 8.813 8.771 8.714 8.627 8.523 8.418 8.299 8.172 8.047 7.938 7.852 7.789
5.911 5.942 5.972 6.000 6.026 6.050 6.071 6.090 6.106 6.119 6.129 6.137 6.143 6.149 6.157 6.169 6.186 6.209 6.240 6.278 6.322 6.374 6.436 6.506 6.579 6.655 6.739 6.826 6.916 7.010 7.107 7.205 7.298 7.381 7.477 7.591 7.702 7.808 7.908 8.002 8.089 8.166 8.230 8.267 8.308 8.374 8.439 8.502 8.562 8.620 8.674 8.722 8.758 8.771 8.786 8.813 8.831 8.839 8.834 8.814 8.779 8.729 8.661 8.561 8.444 8.329 8.206 8.085 7.974 7.884 7.818 7.771
5.912 5.945 5.976 6.007 6.036 6.064 6.089 6.112 6.132 6.150 6.164 6.176 6.185 6.193 6.200 6.209 6.222 6.241 6.266 6.299 6.338 6.387 6.447 6.517 6.590 6.667 6.754 6.845 6.939 7.038 7.140 7.242 7.338 7.422 7.519 7.636 7.747 7.853 7.952 8.044 8.130 8.206 8.269 8.305 8.346 8.411 8.474 8.535 8.592 8.646 8.696 8.737 8.768 8.777 8.786 8.806 8.818 8.820 8.808 8.781 8.739 8.679 8.600 8.488 8.361 8.241 8.120 8.009 7.915 7.844 7.794 7.760
5.913 5.948 5.981 6.014 6.045 6.076 6.105 6.131 6.156 6.178 6.197 6.212 6.225 6.235 6.244 6.253 6.264 6.278 6.299 6.326 6.361 6.406 6.462 6.531 6.604 6.682 6.771 6.865 6.963 7.066 7.172 7.276 7.374 7.459 7.557 7.673 7.785 7.891 7.988 8.080 8.165 8.240 8.304 8.340 8.380 8.443 8.504 8.563 8.616 8.667 8.713 8.749 8.774 8.778 8.781 8.795 8.801 8.797 8.777 8.743 8.692 8.623 8.533 8.412 8.278 8.158 8.044 7.948 7.871 7.817 7.781 7.757
5.915 5.950 5.985 6.020 6.054 6.087 6.119 6.149 6.177 6.203 6.226 6.246 6.263 6.277 6.288 6.298 6.308 6.320 6.337 6.359 6.389 6.429 6.482 6.549 6.621 6.700 6.790 6.886 6.988 7.094 7.203 7.310 7.412 7.495 7.591 7.709 7.821 7.926 8.023 8.115 8.199 8.274 8.340 8.375 8.412 8.474 8.534 8.589 8.639 8.687 8.728 8.759 8.776 8.775 8.773 8.780 8.780 8.769 8.742 8.700 8.640 8.562 8.464 8.335 8.199 8.084 7.983 7.901 7.841 7.802 7.778 7.761
5.917 5.953 5.989 6.025 6.062 6.097 6.132 6.165 6.196 6.226 6.252 6.277 6.298 6.315 6.330 6.342 6.354 6.365 6.379 6.398 6.422 6.457 6.506 6.572 6.642 6.720 6.811 6.910 7.015 7.124 7.235 7.347 7.449 7.528 7.622 7.741 7.853 7.958 8.056 8.147 8.231 8.309 8.374 8.407 8.442 8.503 8.559 8.611 8.658 8.701 8.738 8.761 8.771 8.766 8.760 8.761 8.754 8.736 8.702 8.651 8.583 8.497 8.393 8.261 8.127 8.022 7.934 7.869 7.824 7.796 7.780 7.766
5.921 5.957 5.994 6.032 6.069 6.107 6.144 6.179 6.214 6.246 6.277 6.304 6.329 6.351 6.370 6.386 6.399 6.411 6.425 6.440 6.461 6.492 6.538 6.601 6.669 6.746 6.837 6.938 7.045 7.157 7.272 7.384 7.481 7.557 7.650 7.769 7.882 7.988 8.087 8.178 8.264 8.342 8.405 8.435 8.469 8.527 8.580 8.629 8.672 8.709 8.740 8.756 8.762 8.753 8.742 8.736 8.723 8.698 8.656 8.598 8.522 8.430 8.322 8.191 8.064 7.971 7.898 7.848 7.815 7.795 7.784 7.773
5.927 5.963 6.000 6.038 6.077 6.117 6.155 6.193 6.230 6.265 6.299 6.330 6.359 6.384 6.407 6.426 6.443 6.458 6.472 6.487 6.505 6.533 6.576 6.636 6.702 6.777 6.868 6.970 7.077 7.191 7.307 7.414 7.508 7.582 7.674 7.794 7.909 8.017 8.116 8.209 8.296 8.371 8.431 8.459 8.491 8.546 8.596 8.641 8.679 8.711 8.734 8.746 8.750 8.736 8.719 8.708 8.688 8.655 8.606 8.540 8.458 8.362 8.255 8.129 8.012 7.932 7.875 7.836 7.812 7.799 7.790 7.781
5.936 5.971 6.008 6.046 6.086 6.127 6.167 6.207 6.245 6.283 6.319 6.354 6.386 6.415 6.441 6.465 6.485 6.503 6.519 6.535 6.553 6.579 6.619 6.676 6.740 6.814 6.904 7.004 7.111 7.224 7.337 7.442 7.533 7.606 7.698 7.820 7.935 8.044 8.145 8.239 8.324 8.397 8.454 8.480 8.509 8.561 8.607 8.648 8.681 8.706 8.724 8.733 8.732 8.714 8.692 8.675 8.648 8.608 8.551 8.479 8.393 8.297 8.193 8.076 7.971 7.906 7.861 7.833 7.815 7.805 7.798 7.791
5.949 5.982 6.018 6.056 6.096 6.137 6.179 6.220 6.261 6.301 6.339 6.376 6.411 6.444 6.474 6.501 6.525 6.547 6.567 6.584 6.603 6.628 6.667 6.722 6.783 6.855 6.942 7.040 7.144 7.253 7.364 7.467 7.559 7.630 7.721 7.844 7.960 8.071 8.172 8.266 8.350 8.419 8.473 8.497 8.524 8.571 8.614 8.650 8.677 8.698 8.711 8.716 8.711 8.688 8.660 8.637 8.603 8.556 8.493 8.416 8.330 8.236 8.140 8.034 7.943 7.890 7.855 7.835 7.821 7.814 7.808 7.802
5.966 5.996 6.031 6.068 6.108 6.149 6.191 6.234 6.276 6.318 6.358 6.398 6.435 6.471 6.504 6.535 6.564 6.589 6.612 6.633 6.654 6.679 6.717 6.770 6.830 6.898 6.982 7.076 7.175 7.280 7.388 7.491 7.584 7.654 7.745 7.868 7.986 8.097 8.198 8.290 8.372 8.438 8.489 8.510 8.534 8.577 8.615 8.646 8.669 8.685 8.694 8.694 8.686 8.658 8.624 8.594 8.553 8.500 8.432 8.354 8.269 8.182 8.098 8.004 7.925 7.883 7.857 7.841 7.831 7.825 7.820 7.814
5.988 6.015 6.047 6.083 6.122 6.163 6.205 6.248 6.292 6.335 6.377 6.419 6.459 6.497 6.534 6.568 6.600 6.630 6.657 6.680 6.703 6.729 6.767 6.819 6.876 6.941 7.021 7.110 7.205 7.307 7.413 7.518 7.612 7.680 7.770 7.895 8.013 8.122 8.221 8.312 8.391 8.455 8.502 8.519 8.540 8.579 8.611 8.638 8.657 8.668 8.673 8.669 8.656 8.622 8.582 8.546 8.500 8.442 8.373 8.296 8.216 8.139 8.066 7.984 7.916 7.884 7.864 7.851 7.843 7.837 7.832 7.826
6.015 6.038 6.068 6.102 6.139 6.179 6.221 6.264 6.308 6.352 6.396 6.440 6.482 6.523 6.562 6.599 6.635 6.667 6.698 6.725 6.749 6.776 6.815 6.866 6.922 6.984 7.060 7.146 7.236 7.335 7.442 7.547 7.643 7.710 7.798 7.922 8.038 8.145 8.242 8.330 8.407 8.466 8.509 8.524 8.540 8.574 8.603 8.626 8.639 8.647 8.647 8.639 8.621 8.581 8.535 8.493 8.443 8.383 8.315 8.242 8.171 8.104 8.044 7.973 7.915 7.890 7.874 7.864 7.856 7.850 7.844 7.837
6.047 6.067 6.094 6.124 6.159 6.198 6.239 6.282 6.326 6.371 6.416 6.461 6.505 6.548 6.589 6.629 6.667 6.703 6.736 6.765 6.792 6.821 6.860 6.911 6.965 7.025 7.099 7.182 7.270 7.368 7.472 7.578 7.674 7.740 7.826 7.947 8.061 8.165 8.259 8.345 8.419 8.475 8.515 8.526 8.537 8.567 8.591 8.609 8.618 8.621 8.617 8.604 8.581 8.535 8.484 8.438 8.386 8.328 8.264 8.198 8.136 8.080 8.031 7.971 7.921 7.901 7.887 7.877 7.869 7.863 7.857 7.848
6.084 6.101 6.124 6.152 6.184 6.220 6.259 6.301 6.345 6.391 6.437 6.482 6.528 6.572 6.616 6.658 6.698 6.736 6.771 6.803 6.832 6.862 6.901 6.952 7.006 7.064 7.136 7.217 7.305 7.401 7.505 7.611 7.712 7.774 7.855 7.974 8.084 8.186 8.277 8.360 8.430 8.483 8.517 8.524 8.531 8.556 8.576 8.589 8.594 8.593 8.585 8.567 8.538 8.488 8.432 8.385 8.334 8.279 8.221 8.165 8.112 8.066 8.029 7.977 7.933 7.916 7.904 7.894 7.885 7.878 7.870 7.859
6.125 6.140 6.159 6.183 6.212 6.246 6.283 6.323 6.367 6.412 6.458 6.504 6.551 6.596 6.641 6.685 6.726 6.766 6.804 6.837 6.867 6.898 6.937 6.989 7.043 7.101 7.173 7.254 7.343 7.439 7.542 7.656 7.756 7.811 7.886 8.002 8.108 8.205 8.294 8.373 8.440 8.486 8.514 8.517 8.521 8.542 8.557 8.565 8.567 8.561 8.549 8.526 8.492 8.439 8.381 8.335 8.287 8.238 8.189 8.141 8.097 8.063 8.036 7.989 7.949 7.934 7.922 7.911 7.901 7.892 7.883 7.868
6.168 6.181 6.198 6.219 6.245 6.275 6.310 6.348 6.390 6.434 6.480 6.526 6.573 6.620 6.666 6.710 6.753 6.794 6.833 6.868 6.899 6.931 6.972 7.026 7.080 7.139 7.212 7.295 7.385 7.484 7.594 7.705 7.795 7.846 7.918 8.029 8.130 8.224 8.308 8.382 8.442 8.483 8.509 8.509 8.508 8.524 8.535 8.540 8.537 8.527 8.510 8.483 8.447 8.392 8.334 8.290 8.248 8.207 8.166 8.127 8.094 8.070 8.046 8.004 7.968 7.954 7.941 7.929 7.917 7.906 7.893 7.875
6.211 6.223 6.239 6.258 6.281 6.308 6.340 6.376 6.415 6.458 6.503 6.549 6.596 6.643 6.690 6.735 6.779 6.821 6.861 6.897 6.930 6.964 7.006 7.061 7.118 7.179 7.254 7.339 7.432 7.535 7.645 7.749 7.833 7.880 7.948 8.053 8.151 8.240 8.319 8.386 8.441 8.479 8.503 8.498 8.492 8.504 8.512 8.512 8.505 8.491 8.470 8.441 8.404 8.349 8.293 8.254 8.219 8.185 8.153 8.124 8.100 8.080 8.061 8.022 7.988 7.974 7.960 7.946 7.932 7.918 7.901 7.881
6.252 6.265 6.280 6.298 6.319 6.343 6.372 6.405 6.443 6.483 6.527 6.573 6.619 6.667 6.713 6.759 6.804 6.847 6.888 6.925 6.960 6.996 7.040 7.097 7.156 7.220 7.298 7.385 7.481 7.585 7.691 7.789 7.868 7.912 7.977 8.077 8.170 8.254 8.327 8.388 8.438 8.473 8.493 8.485 8.474 8.483 8.486 8.483 8.472 8.454 8.431 8.402 8.366 8.312 8.259 8.227 8.199 8.173 8.149 8.128 8.110 8.094 8.077 8.041 8.008 7.993 7.978 7.963 7.946 7.927 7.908 7.886
6.291 6.305 6.321 6.338 6.358 6.380 6.407 6.437 6.472 6.511 6.553 6.597 6.643 6.690 6.737 6.783 6.828 6.872 6.915 6.954 6.990 7.028 7.075 7.135 7.197 7.263 7.343 7.433 7.528 7.628 7.731 7.824 7.900 7.943 8.003 8.098 8.186 8.266 8.332 8.388 8.434 8.465 8.483 8.470 8.455 8.460 8.460 8.453 8.439 8.420 8.396 8.367 8.334 8.283 8.235 8.209 8.187 8.169 8.152 8.137 8.124 8.110 8.094 8.060 8.028 8.012 7.995 7.977 7.957 7.936 7.914 7.890
6.326 6.342 6.359 6.377 6.396 6.418 6.442 6.471 6.503 6.540 6.580 6.623 6.668 6.714 6.761 6.808 6.854 6.899 6.943 6.983 7.022 7.062 7.111 7.173 7.238 7.305 7.386 7.476 7.568 7.665 7.764 7.854 7.930 7.971 8.028 8.118 8.202 8.275 8.337 8.388 8.429 8.457 8.472 8.454 8.435 8.437 8.434 8.425 8.409 8.389 8.365 8.339 8.309 8.262 8.218 8.199 8.184 8.171 8.159 8.149 8.139 8.127 8.112 8.079 8.047 8.030 8.011 7.990 7.968 7.943 7.918 7.892
6.356 6.374 6.393 6.412 6.432 6.454 6.478 6.504 6.535 6.570 6.608 6.649 6.694 6.740 6.787 6.834 6.881 6.927 6.972 7.015 7.055 7.096 7.147 7.211 7.277 7.346 7.426 7.513 7.602 7.696 7.791 7.881 7.957 7.997 8.051 8.138 8.217 8.285 8.341 8.388 8.424 8.450 8.460 8.438 8.415 8.415 8.410 8.399 8.382 8.362 8.340 8.317 8.292 8.248 8.209 8.196 8.186 8.178 8.170 8.162 8.155 8.144 8.129 8.096 8.065 8.045 8.024 8.002 7.976 7.949 7.922 7.894
6.381 6.402 6.424 6.445 6.466 6.488 6.511 6.538 6.567 6.600 6.637 6.677 6.721 6.767 6.814 6.862 6.909 6.956 7.003 7.046 7.088 7.131 7.183 7.248 7.315 7.383 7.461 7.546 7.632 7.722 7.816 7.906 7.983 8.023 8.075 8.158 8.231 8.295 8.346 8.388 8.421 8.442 8.449 8.423 8.396 8.393 8.387 8.376 8.359 8.341 8.321 8.302 8.280 8.241 8.206 8.197 8.191 8.186 8.181 8.176 8.170 8.159 8.143 8.111 8.079 8.058 8.035 8.010 7.982 7.952 7.923 7.893
6.402 6.426 6.449 6.472 6.495 6.519 6.543 6.569 6.598 6.631 6.666 6.706 6.749 6.795 6.842 6.891 6.939 6.987 7.034 7.078 7.121 7.165 7.218 7.284 7.350 7.417 7.493 7.575 7.658 7.746 7.838 7.928 8.006 8.047 8.096 8.176 8.245 8.304 8.350 8.388 8.417 8.434 8.438 8.408 8.378 8.374 8.367 8.356 8.340 8.324 8.308 8.291 8.274 8.239 8.208 8.202 8.199 8.196 8.193 8.189 8.184 8.174 8.157 8.125 8.092 8.069 8.044 8.017 7.987 7.955 7.923 7.891
6.418 6.444 6.471 6.496 6.521 6.546 6.572 6.599 6.628 6.660 6.696 6.735 6.777 6.823 6.871 6.920 6.969 7.018 7.065 7.110 7.154 7.198 7.250 7.316 7.381 7.446 7.520 7.599 7.679 7.765 7.856 7.947 8.029 8.069 8.116 8.192 8.258 8.312 8.354 8.389 8.414 8.428 8.429 8.396 8.363 8.358 8.351 8.341 8.328 8.315 8.301 8.288 8.276 8.243 8.215 8.212 8.211 8.209 8.207 8.204 8.199 8.189 8.170 8.137 8.103 8.078 8.052 8.022 7.990 7.956 7.921 7.886
6.429 6.458 6.487 6.515 6.543 6.570 6.597 6.625 6.655 6.688 6.723 6.762 6.805 6.850 6.899 6.949 6.999 7.048 7.095 7.140 7.184 7.227 7.279 7.345 7.409 7.472 7.544 7.619 7.699 7.783 7.873 7.970 8.054 8.091 8.135 8.209 8.271 8.321 8.361 8.392 8.414 8.424 8.421 8.385 8.351 8.346 8.340 8.332 8.321 8.310 8.300 8.292 8.283 8.252 8.226 8.225 8.224 8.223 8.221 8.218 8.213 8.200 8.179 8.146 8.112 8.086 8.057 8.025 7.991 7.954 7.916 7.879
6.436 6.468 6.499 6.530 6.560 6.589 6.619 6.648 6.679 6.712 6.748 6.787 6.830 6.876 6.924 6.975 7.026 7.075 7.122 7.167 7.209 7.254 7.308 7.372 7.435 7.497 7.567 7.641 7.719 7.804 7.898 7.995 8.074 8.110 8.153 8.224 8.283 8.332 8.368 8.396 8.414 8.421 8.417 8.378 8.342 8.337 8.333 8.328 8.320 8.312 8.306 8.300 8.293 8.264 8.239 8.238 8.238 8.237 8.234 8.230 8.222 8.207 8.187 8.153 8.118 8.090 8.060 8.026 7.989 7.949 7.909 7.869
6.438 6.473 6.507 6.541 6.573 6.604 6.636 6.667 6.699 6.733 6.769 6.808 6.851 6.897 6.946 6.997 7.048 7.098 7.145 7.189 7.233 7.280 7.335 7.399 7.460 7.521 7.591 7.664 7.742 7.828 7.922 8.014 8.090 8.126 8.169 8.237 8.296 8.342 8.376 8.401 8.416 8.421 8.415 8.374 8.337 8.333 8.332 8.329 8.324 8.320 8.316 8.312 8.306 8.277 8.253 8.252 8.251 8.249 8.245 8.239 8.229 8.213 8.192 8.158 8.122 8.093 8.061 8.025 7.984 7.942 7.899 7.855
6.436 6.474 6.510 6.546 6.581 6.615 6.648 6.681 6.714 6.748 6.785 6.824 6.867 6.913 6.962 7.013 7.065 7.115 7.162 7.208 7.255 7.305 7.361 7.424 7.485 7.547 7.616 7.689 7.767 7.852 7.943 8.031 8.105 8.141 8.183 8.252 8.310 8.354 8.386 8.408 8.420 8.423 8.416 8.374 8.337 8.335 8.336 8.335 8.333 8.331 8.329 8.326 8.320 8.291 8.267 8.266 8.264 8.261 8.254 8.245 8.233 8.217 8.196 8.161 8.123 8.093 8.059 8.020 7.977 7.931 7.884 7.837
6.429 6.469 6.509 6.547 6.584 6.619 6.654 6.688 6.723 6.758 6.795 6.834 6.876 6.923 6.971 7.022 7.074 7.125 7.175 7.225 7.276 7.330 7.387 7.450 7.512 7.575 7.644 7.717 7.793 7.874 7.961 8.045 8.119 8.157 8.200 8.268 8.325 8.369 8.398 8.417 8.426 8.428 8.420 8.378 8.341 8.341 8.343 8.345 8.345 8.346 8.345 8.342 8.335 8.306 8.282 8.278 8.275 8.270 8.261 8.250 8.236 8.219 8.198 8.162 8.123 8.091 8.055 8.013 7.966 7.917 7.866 7.814
6.417 6.459 6.501 6.542 6.580 6.618 6.654 6.690 6.725 6.760 6.797 6.836 6.878 6.924 6.973 7.024 7.077 7.131 7.186 7.240 7.296 7.353 7.413 7.477 7.539 7.603 7.673 7.745 7.817 7.894 7.975 8.059 8.135 8.174 8.217 8.286 8.344 8.387 8.413 8.428 8.434 8.435 8.428 8.385 8.349 8.351 8.356 8.359 8.361 8.362 8.361 8.358 8.350 8.321 8.295 8.290 8.284 8.276 8.265 8.252 8.237 8.218 8.197 8.160 8.119 8.086 8.047 8.002 7.951 7.898 7.842 7.787
