TsunamiDB/out54048.asc
ncols          264
nrows          230
xllcorner      497853.4375
yllcorner      4229146.0000
cellsize         5.
NODATA_value   -99
[rows 132 to 164 of 230, columns 73 to 145 of 264]
1.652 1.697 1.835 2.063 2.351 2.658 2.956 3.219 3.439 3.617 3.760 3.876 3.973 4.057 4.130 4.197 4.259 4.316 4.371 4.422 4.471 4.517 4.562 4.605 4.647 4.687 4.726 4.764 4.800 4.836 4.872 4.907 4.941 4.976 5.009 5.043 5.076 5.110 5.143 5.176 5.209 5.242 5.276 5.309 5.342 5.375 5.408 5.441 5.473 5.505 5.536 5.565 5.593 5.620 5.646 5.670 5.692 5.711 5.728 5.742 5.754 5.762 5.769 5.774 5.778 5.783 5.789 5.798 5.809 5.824 5.841 5.862 5.885
1.664 1.747 1.928 2.187 2.488 2.794 3.078 3.323 3.523 3.685 3.815 3.922 4.012 4.091 4.162 4.226 4.286 4.343 4.396 4.446 4.494 4.541 4.585 4.627 4.668 4.708 4.747 4.785 4.821 4.856 4.891 4.926 4.960 4.993 5.026 5.059 5.091 5.123 5.155 5.187 5.220 5.252 5.284 5.317 5.350 5.382 5.415 5.448 5.480 5.512 5.544 5.574 5.603 5.632 5.659 5.685 5.709 5.731 5.750 5.767 5.781 5.792 5.800 5.806 5.810 5.813 5.817 5.823 5.830 5.841 5.855 5.873 5.893
1.689 1.816 2.037 2.320 2.628 2.926 3.193 3.418 3.600 3.746 3.865 3.964 4.048 4.123 4.191 4.254 4.313 4.368 4.420 4.470 4.517 4.563 4.607 4.649 4.690 4.729 4.768 4.805 4.841 4.876 4.911 4.945 4.979 5.012 5.044 5.076 5.107 5.138 5.169 5.200 5.231 5.262 5.293 5.325 5.357 5.389 5.421 5.454 5.486 5.519 5.551 5.581 5.611 5.641 5.670 5.697 5.723 5.747 5.769 5.788 5.805 5.818 5.829 5.837 5.842 5.845 5.848 5.851 5.856 5.863 5.873 5.887 5.904
1.734 1.906 2.159 2.458 2.766 3.052 3.300 3.505 3.669 3.802 3.911 4.003 4.083 4.154 4.220 4.281 4.338 4.392 4.443 4.493 4.540 4.585 4.628 4.670 4.711 4.750 4.789 4.826 4.862 4.897 4.932 4.966 4.999 5.031 5.063 5.094 5.124 5.154 5.184 5.214 5.243 5.273 5.303 5.334 5.365 5.396 5.428 5.459 5.491 5.524 5.556 5.587 5.617 5.648 5.678 5.707 5.734 5.760 5.784 5.806 5.826 5.842 5.855 5.865 5.873 5.877 5.880 5.882 5.885 5.889 5.895 5.905 5.919
1.800 2.013 2.292 2.599 2.900 3.170 3.398 3.584 3.732 3.853 3.953 4.039 4.115 4.184 4.247 4.306 4.362 4.415 4.466 4.514 4.561 4.606 4.649 4.691 4.731 4.771 4.809 4.847 4.883 4.918 4.953 4.987 5.019 5.051 5.083 5.113 5.143 5.172 5.201 5.229 5.257 5.286 5.315 5.344 5.373 5.404 5.434 5.465 5.496 5.528 5.560 5.591 5.622 5.653 5.684 5.714 5.743 5.770 5.796 5.821 5.842 5.862 5.878 5.891 5.901 5.908 5.912 5.914 5.916 5.918 5.921 5.928 5.937
1.887 2.134 2.430 2.739 3.028 3.279 3.487 3.655 3.790 3.900 3.993 4.074 4.146 4.212 4.273 4.331 4.385 4.438 4.487 4.535 4.581 4.626 4.669 4.711 4.752 4.791 4.830 4.868 4.903 4.939 4.974 5.007 5.040 5.072 5.103 5.133 5.162 5.190 5.218 5.246 5.273 5.300 5.328 5.355 5.383 5.412 5.441 5.471 5.502 5.532 5.564 5.594 5.625 5.657 5.688 5.719 5.749 5.778 5.805 5.832 5.856 5.878 5.897 5.913 5.926 5.936 5.942 5.946 5.948 5.949 5.951 5.954 5.960
1.992 2.266 2.572 2.875 3.148 3.379 3.568 3.720 3.842 3.943 4.030 4.106 4.175 4.239 4.298 4.354 4.408 4.459 4.508 4.555 4.601 4.645 4.689 4.730 4.771 4.811 4.850 4.888 4.924 4.959 4.994 5.028 5.061 5.093 5.123 5.153 5.182 5.210 5.237 5.264 5.290 5.316 5.342 5.369 5.395 5.422 5.450 5.478 5.507 5.537 5.567 5.597 5.628 5.659 5.691 5.722 5.753 5.783 5.812 5.840 5.866 5.890 5.912 5.931 5.947 5.960 5.969 5.975 5.979 5.981 5.982 5.983 5.986
2.111 2.405 2.713 3.005 3.260 3.471 3.641 3.778 3.890 3.984 4.065 4.137 4.203 4.264 4.322 4.377 4.429 4.479 4.528 4.575 4.620 4.664 4.707 4.750 4.791 4.831 4.870 4.907 4.943 4.979 5.014 5.048 5.081 5.113 5.144 5.174 5.202 5.230 5.257 5.283 5.309 5.334 5.359 5.384 5.409 5.434 5.460 5.487 5.515 5.543 5.572 5.600 5.631 5.662 5.693 5.724 5.755 5.786 5.816 5.845 5.873 5.899 5.923 5.945 5.964 5.980 5.992 6.002 6.008 6.011 6.013 6.013 6.015
2.242 2.547 2.851 3.128 3.362 3.554 3.708 3.832 3.934 4.021 4.098 4.167 4.230 4.289 4.345 4.399 4.450 4.499 4.547 4.594 4.639 4.683 4.726 4.768 4.809 4.850 4.889 4.926 4.962 4.999 5.034 5.068 5.101 5.133 5.164 5.194 5.223 5.251 5.278 5.304 5.329 5.353 5.377 5.401 5.425 5.448 5.473 5.498 5.523 5.550 5.577 5.604 5.634 5.664 5.695 5.726 5.757 5.788 5.818 5.848 5.877 5.905 5.931 5.955 5.977 5.996 6.011 6.024 6.033 6.039 6.042 6.044 6.045
2.380 2.689 2.983 3.242 3.456 3.629 3.768 3.881 3.975 4.057 4.129 4.195 4.256 4.313 4.368 4.420 4.470 4.519 4.566 4.612 4.657 4.701 4.744 4.786 4.828 4.868 4.907 4.944 4.981 5.017 5.052 5.087 5.120 5.152 5.184 5.214 5.243 5.272 5.299 5.325 5.350 5.374 5.397 5.420 5.442 5.465 5.487 5.510 5.534 5.559 5.584 5.610 5.638 5.667 5.696 5.727 5.758 5.789 5.820 5.850 5.880 5.909 5.937 5.963 5.986 6.008 6.026 6.042 6.054 6.063 6.069 6.072 6.074
2.522 2.827 3.107 3.346 3.541 3.697 3.823 3.926 4.014 4.090 4.159 4.222 4.281 4.337 4.390 4.441 4.490 4.538 4.585 4.630 4.675 4.719 4.762 4.804 4.845 4.886 4.925 4.962 4.998 5.035 5.070 5.105 5.138 5.171 5.203 5.233 5.263 5.292 5.319 5.346 5.371 5.395 5.418 5.440 5.462 5.483 5.504 5.526 5.548 5.570 5.593 5.617 5.643 5.670 5.699 5.728 5.759 5.789 5.820 5.851 5.881 5.911 5.940 5.967 5.993 6.017 6.038 6.056 6.071 6.083 6.092 6.098 6.102
2.664 2.960 3.223 3.442 3.618 3.759 3.873 3.969 4.050 4.123 4.188 4.249 4.306 4.360 4.412 4.462 4.510 4.557 4.603 4.648 4.693 4.737 4.780 4.822 4.863 4.903 4.942 4.979 5.015 5.051 5.087 5.121 5.155 5.188 5.220 5.252 5.282 5.311 5.339 5.366 5.392 5.416 5.440 5.462 5.483 5.504 5.524 5.544 5.564 5.584 5.605 5.627 5.651 5.676 5.703 5.731 5.760 5.790 5.820 5.851 5.882 5.912 5.941 5.970 5.997 6.022 6.046 6.066 6.084 6.099 6.111 6.120 6.127
2.803 3.086 3.329 3.529 3.687 3.815 3.920 4.008 4.085 4.154 4.216 4.275 4.330 4.383 4.434 4.482 4.530 4.576 4.622 4.667 4.711 4.755 4.797 4.839 4.880 4.919 4.958 4.995 5.031 5.067 5.103 5.137 5.171 5.205 5.237 5.269 5.300 5.329 5.358 5.386 5.412 5.437 5.461 5.484 5.505 5.525 5.545 5.564 5.582 5.601 5.620 5.639 5.661 5.684 5.709 5.735 5.763 5.791 5.821 5.851 5.882 5.912 5.942 5.971 5.999 6.026 6.051 6.074 6.094 6.112 6.127 6.139 6.148
2.937 3.203 3.427 3.607 3.751 3.867 3.963 4.046 4.118 4.184 4.244 4.301 4.354 4.406 4.455 4.503 4.550 4.596 4.641 4.686 4.730 4.773 4.815 4.856 4.896 4.935 4.973 5.010 5.046 5.082 5.118 5.152 5.187 5.220 5.253 5.285 5.316 5.346 5.376 5.404 5.431 5.457 5.482 5.505 5.527 5.548 5.567 5.585 5.603 5.621 5.638 5.655 5.674 5.695 5.717 5.741 5.767 5.794 5.822 5.852 5.882 5.912 5.942 5.972 6.000 6.028 6.054 6.078 6.101 6.121 6.138 6.153 6.165
3.063 3.311 3.515 3.679 3.809 3.915 4.004 4.081 4.150 4.213 4.271 4.326 4.378 4.428 4.477 4.524 4.571 4.616 4.661 4.705 4.749 4.791 4.833 4.873 4.912 4.951 4.989 5.025 5.061 5.097 5.132 5.167 5.201 5.234 5.267 5.300 5.331 5.362 5.392 5.421 5.449 5.476 5.502 5.526 5.549 5.570 5.590 5.608 5.626 5.643 5.658 5.674 5.691 5.709 5.729 5.750 5.774 5.799 5.826 5.854 5.883 5.912 5.942 5.971 6.001 6.029 6.056 6.081 6.105 6.127 6.146 6.164 6.178
3.181 3.410 3.595 3.744 3.862 3.959 4.042 4.115 4.181 4.241 4.297 4.351 4.402 4.451 4.499 4.546 4.592 4.637 4.681 4.725 4.768 4.810 4.850 4.890 4.929 4.967 5.004 5.040 5.075 5.111 5.146 5.180 5.214 5.248 5.281 5.313 5.345 5.377 5.407 5.437 5.466 5.494 5.520 5.545 5.569 5.591 5.612 5.631 5.649 5.666 5.681 5.695 5.710 5.726 5.744 5.763 5.784 5.806 5.831 5.857 5.885 5.913 5.942 5.972 6.001 6.029 6.057 6.083 6.108 6.131 6.152 6.171 6.189
3.291 3.500 3.668 3.803 3.911 4.001 4.079 4.148 4.211 4.269 4.324 4.376 4.426 4.474 4.522 4.568 4.613 4.658 4.702 4.745 4.787 4.828 4.868 4.907 4.945 4.983 5.019 5.055 5.089 5.124 5.159 5.193 5.227 5.260 5.293 5.326 5.358 5.390 5.421 5.451 5.481 5.509 5.537 5.563 5.588 5.612 5.633 5.654 5.672 5.690 5.704 5.718 5.733 5.747 5.762 5.779 5.797 5.817 5.839 5.863 5.889 5.916 5.944 5.972 6.001 6.029 6.057 6.084 6.109 6.133 6.156 6.177 6.196
3.391 3.582 3.734 3.857 3.956 4.040 4.114 4.180 4.240 4.296 4.350 4.401 4.450 4.498 4.544 4.590 4.635 4.679 4.723 4.765 4.807 4.847 4.886 4.925 4.962 4.999 5.035 5.070 5.104 5.138 5.172 5.206 5.239 5.272 5.305 5.337 5.370 5.401 5.433 5.463 5.494 5.523 5.552 5.579 5.605 5.630 5.653 5.675 5.695 5.713 5.729 5.743 5.757 5.770 5.784 5.798 5.814 5.831 5.850 5.872 5.895 5.920 5.947 5.974 6.002 6.030 6.057 6.084 6.110 6.135 6.159 6.181 6.202
3.482 3.656 3.794 3.907 3.998 4.077 4.147 4.210 4.269 4.323 4.376 4.426 4.474 4.521 4.567 4.612 4.657 4.701 4.744 4.785 4.826 4.866 4.905 4.942 4.979 5.016 5.051 5.085 5.118 5.152 5.185 5.218 5.251 5.284 5.316 5.348 5.380 5.412 5.443 5.475 5.505 5.535 5.565 5.593 5.620 5.647 5.671 5.694 5.716 5.735 5.752 5.767 5.781 5.795 5.807 5.820 5.834 5.849 5.865 5.884 5.905 5.927 5.952 5.977 6.004 6.031 6.058 6.085 6.111 6.136 6.161 6.184 6.206
3.565 3.723 3.849 3.953 4.038 4.113 4.179 4.240 4.297 4.350 4.401 4.451 4.498 4.545 4.590 4.635 4.679 4.722 4.764 4.806 4.846 4.885 4.923 4.961 4.997 5.033 5.068 5.101 5.134 5.167 5.199 5.231 5.263 5.295 5.327 5.359 5.390 5.422 5.453 5.485 5.515 5.546 5.576 5.605 5.634 5.661 5.687 5.712 5.734 5.756 5.774 5.791 5.806 5.820 5.832 5.845 5.857 5.869 5.884 5.900 5.917 5.937 5.959 5.983 6.008 6.034 6.060 6.086 6.112 6.137 6.162 6.186 6.209
3.640 3.784 3.900 3.996 4.076 4.147 4.211 4.270 4.325 4.377 4.427 4.475 4.522 4.568 4.613 4.658 4.701 4.743 4.785 4.826 4.865 4.904 4.942 4.979 5.015 5.050 5.084 5.117 5.149 5.181 5.213 5.245 5.276 5.307 5.338 5.369 5.400 5.431 5.462 5.494 5.525 5.555 5.586 5.616 5.645 5.673 5.701 5.727 5.751 5.774 5.794 5.812 5.829 5.844 5.858 5.870 5.881 5.893 5.905 5.919 5.934 5.951 5.970 5.991 6.014 6.038 6.063 6.088 6.114 6.139 6.164 6.188 6.212
3.708 3.840 3.947 4.036 4.112 4.179 4.241 4.298 4.352 4.403 4.453 4.500 4.547 4.592 4.636 4.680 4.723 4.764 4.806 4.846 4.885 4.923 4.961 4.998 5.033 5.068 5.102 5.134 5.166 5.197 5.228 5.259 5.289 5.319 5.349 5.380 5.410 5.440 5.471 5.502 5.533 5.563 5.594 5.624 5.654 5.684 5.712 5.739 5.765 5.790 5.812 5.832 5.851 5.867 5.882 5.895 5.907 5.918 5.929 5.940 5.953 5.968 5.984 6.003 6.023 6.045 6.068 6.092 6.117 6.142 6.166 6.191 6.215
3.770 3.891 3.991 4.074 4.146 4.211 4.271 4.327 4.379 4.430 4.478 4.525 4.571 4.615 4.659 4.702 4.744 4.785 4.826 4.866 4.904 4.943 4.980 5.016 5.052 5.086 5.120 5.151 5.183 5.213 5.244 5.274 5.303 5.332 5.361 5.391 5.420 5.450 5.480 5.510 5.540 5.571 5.601 5.632 5.662 5.692 5.721 5.750 5.777 5.803 5.827 5.849 5.870 5.888 5.905 5.919 5.932 5.944 5.954 5.964 5.975 5.988 6.001 6.017 6.035 6.054 6.075 6.098 6.121 6.145 6.170 6.195 6.218
3.827 3.939 4.032 4.111 4.179 4.242 4.300 4.355 4.406 4.456 4.503 4.549 4.594 4.638 4.681 4.724 4.765 4.806 4.846 4.885 4.924 4.962 4.999 5.035 5.070 5.105 5.138 5.169 5.200 5.231 5.260 5.289 5.318 5.346 5.374 5.402 5.431 5.459 5.488 5.518 5.547 5.578 5.608 5.639 5.669 5.699 5.729 5.759 5.787 5.814 5.839 5.863 5.886 5.907 5.925 5.942 5.956 5.968 5.979 5.989 5.999 6.010 6.021 6.035 6.050 6.067 6.085 6.106 6.128 6.151 6.175 6.199 6.222
3.879 3.983 4.071 4.145 4.211 4.272 4.329 4.382 4.433 4.481 4.528 4.574 4.618 4.661 4.704 4.745 4.786 4.826 4.866 4.904 4.943 4.980 5.017 5.053 5.089 5.123 5.156 5.187 5.218 5.248 5.277 5.306 5.334 5.361 5.388 5.415 5.442 5.470 5.498 5.526 5.555 5.584 5.614 5.644 5.675 5.705 5.736 5.766 5.795 5.823 5.849 5.875 5.900 5.922 5.943 5.961 5.977 5.991 6.003 6.014 6.024 6.033 6.043 6.055 6.067 6.082 6.098 6.117 6.137 6.158 6.181 6.205 6.228
3.927 4.025 4.107 4.178 4.242 4.302 4.357 4.409 4.459 4.507 4.553 4.597 4.641 4.684 4.725 4.766 4.806 4.846 4.885 4.923 4.961 4.999 5.035 5.072 5.107 5.141 5.173 5.205 5.236 5.266 5.295 5.323 5.350 5.377 5.403 5.429 5.455 5.481 5.508 5.535 5.563 5.591 5.620 5.650 5.680 5.710 5.741 5.771 5.801 5.830 5.857 5.884 5.910 5.935 5.957 5.978 5.996 6.012 6.026 6.037 6.048 6.057 6.067 6.076 6.087 6.100 6.114 6.130 6.148 6.168 6.190 6.212 6.235
3.972 4.064 4.142 4.211 4.273 4.331 4.385 4.436 4.485 4.532 4.577 4.621 4.664 4.706 4.747 4.787 4.826 4.865 4.904 4.942 4.980 5.017 5.053 5.089 5.124 5.159 5.191 5.222 5.254 5.284 5.313 5.341 5.368 5.394 5.420 5.445 5.469 5.494 5.519 5.545 5.572 5.599 5.627 5.655 5.685 5.715 5.745 5.776 5.806 5.835 5.863 5.892 5.919 5.945 5.969 5.992 6.012 6.030 6.045 6.059 6.070 6.080 6.090 6.099 6.109 6.119 6.132 6.146 6.162 6.180 6.200 6.222 6.244
4.014 4.101 4.176 4.242 4.303 4.359 4.412 4.462 4.510 4.556 4.601 4.644 4.686 4.727 4.768 4.807 4.846 4.885 4.923 4.960 4.997 5.034 5.070 5.106 5.141 5.176 5.208 5.240 5.271 5.302 5.331 5.359 5.386 5.412 5.437 5.461 5.485 5.509 5.533 5.557 5.582 5.607 5.634 5.661 5.690 5.719 5.749 5.779 5.810 5.839 5.868 5.897 5.925 5.953 5.978 6.002 6.024 6.044 6.062 6.077 6.090 6.102 6.112 6.121 6.130 6.140 6.151 6.164 6.178 6.195 6.214 6.234 6.255
4.054 4.136 4.208 4.273 4.332 4.387 4.439 4.488 4.536 4.581 4.625 4.667 4.708 4.749 4.788 4.827 4.865 4.903 4.941 4.978 5.015 5.051 5.087 5.123 5.158 5.192 5.225 5.257 5.289 5.319 5.349 5.377 5.404 5.430 5.455 5.479 5.502 5.525 5.547 5.570 5.593 5.617 5.642 5.668 5.696 5.724 5.753 5.782 5.813 5.842 5.871 5.901 5.930 5.958 5.985 6.010 6.034 6.056 6.075 6.093 6.108 6.121 6.132 6.142 6.152 6.162 6.172 6.183 6.197 6.212 6.229 6.248 6.268
4.091 4.170 4.240 4.302 4.360 4.415 4.466 4.514 4.560 4.605 4.648 4.690 4.730 4.770 4.809 4.847 4.884 4.922 4.959 4.995 5.032 5.068 5.104 5.139 5.174 5.208 5.241 5.273 5.305 5.336 5.366 5.395 5.422 5.448 5.473 5.497 5.520 5.542 5.564 5.585 5.607 5.629 5.652 5.677 5.702 5.729 5.757 5.786 5.815 5.844 5.873 5.903 5.933 5.962 5.990 6.016 6.041 6.065 6.086 6.105 6.122 6.137 6.150 6.161 6.172 6.182 6.192 6.204 6.216 6.230 6.246 6.264 6.283
4.126 4.202 4.270 4.331 4.388 4.441 4.492 4.540 4.585 4.629 4.671 4.712 4.752 4.791 4.829 4.866 4.903 4.940 4.976 5.012 5.048 5.084 5.120 5.155 5.190 5.224 5.257 5.289 5.321 5.352 5.383 5.412 5.440 5.466 5.492 5.516 5.539 5.560 5.581 5.602 5.622 5.643 5.665 5.687 5.711 5.736 5.762 5.789 5.818 5.846 5.875 5.905 5.935 5.964 5.993 6.020 6.046 6.071 6.094 6.115 6.134 6.150 6.165 6.178 6.190 6.201 6.212 6.224 6.236 6.250 6.265 6.282 6.300
4.159 4.233 4.299 4.359 4.415 4.468 4.517 4.565 4.609 4.653 4.694 4.734 4.773 4.811 4.849 4.886 4.922 4.958 4.994 5.029 5.065 5.100 5.135 5.170 5.205 5.239 5.271 5.304 5.336 5.368 5.398 5.428 5.457 5.484 5.510 5.534 5.558 5.580 5.600 5.620 5.640 5.659 5.679 5.699 5.721 5.744 5.768 5.794 5.822 5.849 5.877 5.906 5.936 5.965 5.994 6.023 6.050 6.075 6.100 6.122 6.142 6.161 6.178 6.193 6.206 6.219 6.231 6.243 6.256 6.269 6.284 6.301 6.319
4.191 4.262 4.327 4.386 4.441 4.494 4.543 4.589 4.634 4.676 4.717 4.756 4.795 4.832 4.869 4.905 4.941 4.976 5.011 5.046 5.081 5.116 5.151 5.185 5.219 5.253 5.286 5.318 5.350 5.382 5.413 5.444 5.473 5.501 5.527 5.553 5.577 5.599 5.620 5.640 5.659 5.677 5.695 5.714 5.734 5.755 5.777 5.801 5.826 5.852 5.879 5.908 5.937 5.966 5.995 6.024 6.052 6.078 6.104 6.127 6.149 6.169 6.188 6.205 6.220 6.234 6.248 6.261 6.275 6.289 6.304 6.321 6.338
