TsunamiDB/out54011.asc
ncols          264
nrows          230
xllcorner      497853.4375
yllcorner      4229146.0000
cellsize         5.
NODATA_value   -99
[rows 155 to 185 of 230, columns 140 to 209 of 264]
-99.000 -99.000 -99.000 -99.000 -99.000 -99.000 -99.000 1.644 1.651 1.714 1.882 2.147 2.487 2.876 3.280 3.669 4.015 4.298 4.506 4.659 4.773 4.863 4.938 5.004 5.064 5.121 5.176 5.231 5.282 5.331 5.381 5.426 5.471 5.514 5.555 5.596 5.638 5.684 5.731 5.782 5.837 5.898 5.966 6.040 6.116 6.196 6.267 6.312 6.378 6.451 6.486 6.505 6.526 6.559 6.600 6.654 6.693 6.670 6.719 6.822 6.851 6.829 6.777 6.703 6.600 6.473 6.341 6.230 6.207 6.245
-99.000 -99.000 -99.000 -99.000 -99.000 -99.000 -99.000 1.645 1.665 1.766 1.974 2.270 2.632 3.029 3.429 3.802 4.129 4.391 4.585 4.727 4.834 4.920 4.991 5.054 5.111 5.165 5.219 5.273 5.322 5.372 5.423 5.470 5.518 5.563 5.607 5.649 5.694 5.742 5.791 5.845 5.900 5.960 6.029 6.100 6.173 6.256 6.316 6.351 6.418 6.495 6.530 6.548 6.566 6.590 6.623 6.680 6.703 6.657 6.696 6.790 6.810 6.782 6.727 6.651 6.550 6.422 6.303 6.215 6.208 6.258
-99.000 -99.000 -99.000 -99.000 -99.000 -99.000 1.644 1.648 1.691 1.833 2.078 2.401 2.779 3.180 3.570 3.926 4.231 4.475 4.654 4.788 4.890 4.973 5.042 5.103 5.158 5.211 5.264 5.318 5.368 5.418 5.471 5.521 5.571 5.619 5.667 5.715 5.764 5.813 5.865 5.921 5.976 6.036 6.103 6.173 6.245 6.311 6.357 6.392 6.462 6.543 6.582 6.604 6.621 6.644 6.677 6.707 6.698 6.643 6.674 6.756 6.768 6.737 6.678 6.598 6.496 6.382 6.290 6.220 6.222 6.283
-99.000 -99.000 -99.000 -99.000 -99.000 -99.000 1.644 1.655 1.731 1.915 2.191 2.538 2.927 3.326 3.704 4.040 4.323 4.548 4.715 4.840 4.939 5.019 5.088 5.148 5.203 5.256 5.309 5.364 5.415 5.468 5.524 5.577 5.630 5.683 5.737 5.791 5.843 5.894 5.949 6.009 6.062 6.120 6.183 6.249 6.309 6.361 6.402 6.435 6.508 6.596 6.643 6.669 6.689 6.709 6.724 6.721 6.692 6.628 6.649 6.719 6.725 6.689 6.627 6.546 6.453 6.364 6.294 6.237 6.248 6.321
-99.000 -99.000 -99.000 -99.000 -99.000 -99.000 1.645 1.672 1.787 2.008 2.313 2.679 3.074 3.467 3.829 4.144 4.405 4.610 4.763 4.882 4.977 5.056 5.125 5.186 5.242 5.296 5.351 5.408 5.463 5.520 5.579 5.637 5.695 5.754 5.815 5.874 5.930 5.983 6.042 6.105 6.154 6.206 6.263 6.319 6.369 6.412 6.449 6.482 6.559 6.656 6.707 6.737 6.756 6.764 6.756 6.730 6.682 6.611 6.621 6.681 6.680 6.642 6.578 6.504 6.430 6.364 6.310 6.265 6.286 6.369
-99.000 -99.000 -99.000 -99.000 -99.000 1.644 1.649 1.702 1.857 2.111 2.441 2.821 3.219 3.602 3.946 4.238 4.476 4.659 4.799 4.910 5.003 5.083 5.153 5.216 5.274 5.330 5.389 5.449 5.509 5.570 5.635 5.698 5.762 5.828 5.895 5.960 6.021 6.075 6.138 6.201 6.247 6.294 6.340 6.386 6.430 6.467 6.503 6.534 6.613 6.713 6.768 6.800 6.810 6.804 6.779 6.732 6.670 6.591 6.592 6.640 6.635 6.598 6.539 6.479 6.424 6.376 6.338 6.303 6.332 6.421
-99.000 -99.000 -99.000 -99.000 -99.000 1.644 1.659 1.745 1.939 2.222 2.574 2.963 3.359 3.729 4.053 4.323 4.534 4.695 4.822 4.928 5.019 5.100 5.172 5.237 5.297 5.357 5.419 5.484 5.549 5.616 5.687 5.757 5.827 5.900 5.974 6.045 6.110 6.165 6.231 6.297 6.339 6.378 6.414 6.453 6.491 6.525 6.558 6.584 6.662 6.766 6.822 6.848 6.849 6.832 6.792 6.729 6.654 6.567 6.559 6.600 6.595 6.561 6.514 6.470 6.431 6.399 6.374 6.346 6.379 6.474
-99.000 -99.000 -99.000 -99.000 -99.000 1.646 1.678 1.803 2.031 2.342 2.710 3.105 3.493 3.848 4.151 4.394 4.578 4.721 4.838 4.939 5.028 5.109 5.182 5.249 5.311 5.373 5.440 5.511 5.580 5.654 5.733 5.810 5.887 5.968 6.049 6.126 6.194 6.250 6.320 6.389 6.427 6.458 6.488 6.520 6.552 6.582 6.609 6.629 6.705 6.811 6.863 6.882 6.875 6.846 6.795 6.719 6.631 6.541 6.528 6.564 6.561 6.538 6.504 6.472 6.448 6.429 6.413 6.389 6.426 6.524
-99.000 -99.000 -99.000 -99.000 1.645 1.651 1.710 1.874 2.134 2.467 2.848 3.243 3.621 3.958 4.238 4.452 4.615 4.743 4.851 4.946 5.032 5.112 5.184 5.251 5.315 5.381 5.452 5.528 5.604 5.684 5.771 5.857 5.942 6.030 6.118 6.199 6.270 6.326 6.399 6.471 6.506 6.533 6.555 6.579 6.605 6.628 6.650 6.663 6.736 6.838 6.884 6.897 6.881 6.844 6.783 6.695 6.600 6.508 6.494 6.529 6.534 6.523 6.499 6.481 6.470 6.459 6.448 6.429 6.467 6.564
-99.000 -99.000 -99.000 -99.000 1.646 1.662 1.756 1.957 2.245 2.598 2.987 3.378 3.743 4.059 4.312 4.502 4.648 4.765 4.864 4.953 5.035 5.111 5.182 5.248 5.313 5.381 5.455 5.537 5.618 5.705 5.799 5.893 5.986 6.081 6.172 6.256 6.331 6.388 6.464 6.538 6.574 6.598 6.614 6.632 6.650 6.666 6.683 6.688 6.754 6.851 6.892 6.898 6.875 6.831 6.764 6.670 6.571 6.481 6.469 6.510 6.523 6.521 6.507 6.499 6.495 6.490 6.483 6.464 6.502 6.596
-99.000 -99.000 -99.000 1.645 1.648 1.684 1.816 2.051 2.365 2.733 3.125 3.508 3.856 4.149 4.376 4.546 4.678 4.785 4.878 4.961 5.038 5.110 5.178 5.242 5.306 5.375 5.451 5.537 5.623 5.716 5.818 5.920 6.022 6.124 6.220 6.310 6.388 6.444 6.522 6.602 6.641 6.662 6.675 6.688 6.697 6.707 6.718 6.711 6.768 6.863 6.899 6.898 6.870 6.822 6.749 6.651 6.549 6.464 6.459 6.504 6.525 6.529 6.525 6.524 6.524 6.522 6.517 6.498 6.531 6.623
-99.000 -99.000 -99.000 1.645 1.654 1.719 1.890 2.156 2.492 2.872 3.262 3.633 3.960 4.228 4.430 4.584 4.705 4.805 4.892 4.970 5.043 5.111 5.176 5.237 5.300 5.367 5.446 5.535 5.626 5.725 5.836 5.946 6.057 6.164 6.265 6.361 6.437 6.491 6.574 6.661 6.701 6.723 6.735 6.741 6.744 6.749 6.747 6.726 6.778 6.869 6.900 6.894 6.860 6.806 6.730 6.624 6.523 6.453 6.455 6.504 6.530 6.542 6.545 6.547 6.551 6.551 6.545 6.522 6.553 6.641
-99.000 -99.000 -99.000 1.646 1.667 1.769 1.977 2.271 2.626 3.012 3.397 3.751 4.055 4.294 4.475 4.614 4.726 4.821 4.905 4.981 5.051 5.116 5.178 5.237 5.298 5.367 5.447 5.539 5.634 5.739 5.856 5.974 6.091 6.204 6.311 6.403 6.475 6.532 6.620 6.712 6.756 6.781 6.790 6.794 6.793 6.784 6.766 6.737 6.782 6.868 6.895 6.884 6.843 6.780 6.696 6.594 6.512 6.450 6.455 6.508 6.541 6.558 6.563 6.568 6.574 6.573 6.565 6.539 6.565 6.647
-99.000 -99.000 1.645 1.649 1.693 1.834 2.076 2.395 2.766 3.155 3.529 3.863 4.138 4.348 4.509 4.637 4.742 4.833 4.915 4.989 5.058 5.122 5.182 5.240 5.300 5.369 5.450 5.546 5.645 5.755 5.877 5.998 6.119 6.236 6.342 6.432 6.506 6.565 6.658 6.756 6.806 6.833 6.843 6.844 6.833 6.808 6.779 6.741 6.780 6.861 6.883 6.865 6.816 6.747 6.662 6.576 6.506 6.449 6.457 6.516 6.554 6.573 6.580 6.585 6.589 6.586 6.576 6.547 6.567 6.645
-99.000 -99.000 1.645 1.657 1.732 1.913 2.187 2.529 2.910 3.297 3.656 3.965 4.208 4.393 4.537 4.654 4.753 4.841 4.920 4.993 5.061 5.124 5.183 5.240 5.300 5.369 5.454 5.554 5.656 5.770 5.894 6.017 6.139 6.256 6.364 6.454 6.530 6.592 6.690 6.796 6.849 6.878 6.888 6.883 6.861 6.825 6.784 6.739 6.771 6.847 6.863 6.840 6.785 6.714 6.639 6.565 6.503 6.451 6.463 6.525 6.564 6.585 6.592 6.596 6.597 6.592 6.578 6.545 6.561 6.636
-99.000 -99.000 1.647 1.674 1.788 2.006 2.309 2.670 3.058 3.437 3.778 4.055 4.268 4.431 4.561 4.668 4.761 4.844 4.921 4.992 5.058 5.120 5.177 5.234 5.295 5.368 5.457 5.560 5.666 5.781 5.905 6.029 6.149 6.266 6.376 6.470 6.550 6.613 6.715 6.827 6.883 6.914 6.921 6.909 6.880 6.833 6.784 6.733 6.757 6.826 6.838 6.811 6.755 6.690 6.624 6.558 6.503 6.454 6.468 6.531 6.572 6.593 6.598 6.598 6.597 6.589 6.574 6.538 6.549 6.618
-99.000 1.645 1.651 1.705 1.861 2.114 2.442 2.819 3.208 3.575 3.890 4.135 4.322 4.467 4.583 4.681 4.767 4.845 4.918 4.985 5.049 5.108 5.165 5.222 5.286 5.362 5.456 5.563 5.670 5.785 5.909 6.030 6.149 6.267 6.380 6.479 6.562 6.624 6.729 6.846 6.906 6.935 6.939 6.924 6.889 6.835 6.778 6.719 6.738 6.802 6.812 6.784 6.733 6.675 6.615 6.555 6.504 6.455 6.468 6.532 6.574 6.593 6.596 6.593 6.588 6.579 6.564 6.524 6.529 6.592
-99.000 1.646 1.662 1.753 1.950 2.235 2.587 2.973 3.357 3.706 3.991 4.208 4.373 4.502 4.605 4.693 4.772 4.844 4.912 4.975 5.035 5.092 5.148 5.206 5.273 5.352 5.450 5.559 5.667 5.782 5.904 6.023 6.142 6.261 6.377 6.479 6.565 6.626 6.734 6.856 6.915 6.942 6.945 6.927 6.889 6.829 6.764 6.701 6.716 6.778 6.787 6.764 6.718 6.664 6.610 6.553 6.501 6.451 6.463 6.527 6.567 6.586 6.587 6.581 6.574 6.565 6.549 6.505 6.505 6.563
1.645 1.648 1.686 1.820 2.055 2.371 2.741 3.130 3.504 3.828 4.083 4.276 4.422 4.536 4.629 4.708 4.779 4.844 4.906 4.965 5.021 5.075 5.130 5.190 5.259 5.343 5.443 5.553 5.660 5.773 5.895 6.013 6.131 6.250 6.368 6.473 6.561 6.620 6.728 6.851 6.908 6.935 6.935 6.917 6.875 6.809 6.741 6.676 6.689 6.751 6.766 6.747 6.704 6.656 6.604 6.546 6.491 6.439 6.449 6.511 6.552 6.570 6.569 6.562 6.555 6.546 6.529 6.482 6.476 6.529
1.645 1.656 1.729 1.908 2.178 2.520 2.903 3.289 3.646 3.941 4.167 4.339 4.469 4.571 4.654 4.726 4.790 4.849 4.905 4.959 5.011 5.063 5.118 5.179 5.250 5.334 5.433 5.542 5.648 5.760 5.881 5.998 6.115 6.233 6.349 6.454 6.543 6.599 6.706 6.829 6.886 6.911 6.912 6.894 6.852 6.786 6.717 6.652 6.666 6.731 6.750 6.734 6.695 6.649 6.596 6.536 6.478 6.422 6.429 6.490 6.532 6.551 6.550 6.544 6.536 6.525 6.508 6.458 6.446 6.493
1.647 1.675 1.793 2.015 2.319 2.682 3.070 3.447 3.779 4.043 4.245 4.397 4.514 4.607 4.683 4.748 4.806 4.860 4.912 4.961 5.010 5.059 5.113 5.173 5.242 5.324 5.420 5.527 5.631 5.741 5.861 5.977 6.092 6.210 6.324 6.432 6.524 6.573 6.678 6.804 6.862 6.887 6.889 6.873 6.833 6.767 6.696 6.632 6.650 6.718 6.741 6.728 6.692 6.647 6.592 6.528 6.464 6.404 6.408 6.470 6.512 6.532 6.533 6.527 6.517 6.508 6.493 6.437 6.419 6.461
1.652 1.713 1.879 2.140 2.474 2.853 3.240 3.599 3.900 4.135 4.314 4.451 4.558 4.643 4.714 4.775 4.830 4.880 4.928 4.974 5.019 5.066 5.116 5.172 5.238 5.315 5.408 5.514 5.616 5.725 5.844 5.960 6.077 6.193 6.309 6.424 6.506 6.546 6.653 6.780 6.837 6.862 6.866 6.850 6.809 6.740 6.671 6.616 6.637 6.710 6.735 6.726 6.692 6.644 6.586 6.516 6.447 6.385 6.387 6.448 6.492 6.514 6.519 6.514 6.505 6.501 6.484 6.419 6.394 6.431
1.668 1.774 1.986 2.283 2.642 3.029 3.407 3.741 4.009 4.217 4.377 4.501 4.600 4.680 4.748 4.807 4.860 4.908 4.953 4.997 5.039 5.082 5.129 5.180 5.241 5.315 5.406 5.509 5.610 5.719 5.838 5.955 6.073 6.191 6.309 6.409 6.477 6.519 6.627 6.752 6.808 6.835 6.837 6.818 6.776 6.713 6.658 6.606 6.627 6.703 6.734 6.727 6.691 6.640 6.577 6.504 6.436 6.370 6.369 6.430 6.477 6.504 6.512 6.511 6.507 6.501 6.472 6.401 6.371 6.402
1.703 1.858 2.112 2.441 2.817 3.205 3.565 3.867 4.105 4.289 4.433 4.547 4.639 4.716 4.783 4.841 4.894 4.941 4.986 5.027 5.067 5.106 5.149 5.196 5.252 5.322 5.409 5.510 5.609 5.717 5.837 5.954 6.070 6.187 6.295 6.381 6.446 6.489 6.595 6.719 6.776 6.802 6.802 6.784 6.747 6.699 6.652 6.599 6.621 6.702 6.736 6.729 6.692 6.638 6.572 6.500 6.432 6.361 6.356 6.420 6.472 6.502 6.514 6.518 6.514 6.498 6.460 6.383 6.348 6.372
1.759 1.962 2.254 2.610 2.996 3.376 3.709 3.979 4.190 4.354 4.483 4.588 4.676 4.751 4.817 4.876 4.929 4.977 5.020 5.060 5.098 5.134 5.172 5.214 5.265 5.330 5.414 5.512 5.609 5.716 5.832 5.947 6.061 6.171 6.271 6.351 6.414 6.457 6.563 6.686 6.742 6.768 6.770 6.756 6.730 6.692 6.648 6.596 6.620 6.704 6.739 6.733 6.695 6.639 6.574 6.505 6.435 6.361 6.355 6.422 6.475 6.509 6.525 6.529 6.520 6.495 6.447 6.364 6.324 6.343
1.839 2.085 2.410 2.784 3.172 3.535 3.838 4.078 4.265 4.411 4.529 4.626 4.710 4.783 4.849 4.909 4.963 5.012 5.055 5.094 5.128 5.162 5.196 5.233 5.279 5.339 5.418 5.512 5.606 5.708 5.822 5.934 6.042 6.146 6.243 6.322 6.385 6.427 6.531 6.654 6.711 6.739 6.744 6.739 6.721 6.689 6.650 6.598 6.622 6.708 6.746 6.741 6.703 6.650 6.588 6.519 6.450 6.374 6.366 6.433 6.487 6.523 6.539 6.540 6.526 6.490 6.433 6.345 6.299 6.311
1.939 2.223 2.575 2.961 3.343 3.679 3.952 4.166 4.332 4.464 4.571 4.662 4.742 4.814 4.880 4.940 4.995 5.045 5.088 5.126 5.159 5.189 5.220 5.253 5.293 5.346 5.418 5.506 5.595 5.693 5.804 5.913 6.015 6.119 6.215 6.295 6.359 6.400 6.504 6.628 6.688 6.718 6.729 6.730 6.719 6.692 6.657 6.603 6.627 6.715 6.756 6.754 6.721 6.671 6.611 6.545 6.478 6.398 6.385 6.451 6.505 6.539 6.553 6.550 6.527 6.483 6.418 6.324 6.272 6.278
2.055 2.373 2.745 3.135 3.501 3.809 4.054 4.244 4.392 4.511 4.610 4.695 4.772 4.843 4.909 4.970 5.027 5.078 5.121 5.158 5.189 5.216 5.244 5.272 5.306 5.350 5.415 5.497 5.579 5.675 5.784 5.889 5.992 6.095 6.193 6.276 6.342 6.383 6.488 6.614 6.675 6.707 6.722 6.728 6.723 6.701 6.665 6.612 6.637 6.728 6.772 6.775 6.747 6.701 6.645 6.583 6.514 6.429 6.412 6.475 6.525 6.555 6.564 6.555 6.526 6.473 6.399 6.299 6.242 6.243
2.187 2.532 2.917 3.303 3.646 3.925 4.144 4.314 4.447 4.555 4.646 4.727 4.801 4.871 4.937 5.000 5.058 5.110 5.154 5.191 5.220 5.245 5.269 5.293 5.321 5.360 5.417 5.492 5.570 5.662 5.769 5.875 5.979 6.083 6.184 6.271 6.339 6.380 6.484 6.610 6.670 6.704 6.722 6.733 6.731 6.711 6.677 6.624 6.649 6.742 6.791 6.800 6.777 6.737 6.685 6.624 6.555 6.465 6.441 6.497 6.540 6.566 6.569 6.553 6.517 6.455 6.372 6.268 6.206 6.203
2.329 2.697 3.088 3.461 3.777 4.029 4.224 4.376 4.496 4.595 4.681 4.758 4.830 4.899 4.966 5.029 5.089 5.142 5.188 5.224 5.253 5.277 5.298 5.319 5.344 5.377 5.428 5.497 5.570 5.658 5.764 5.871 5.975 6.081 6.182 6.271 6.342 6.381 6.484 6.609 6.670 6.704 6.724 6.739 6.740 6.722 6.691 6.638 6.664 6.760 6.814 6.829 6.812 6.778 6.729 6.668 6.598 6.502 6.469 6.516 6.553 6.571 6.568 6.546 6.502 6.433 6.343 6.234 6.171 6.167
2.479 2.863 3.253 3.607 3.895 4.121 4.296 4.432 4.541 4.633 4.714 4.788 4.858 4.927 4.994 5.058 5.118 5.173 5.220 5.258 5.287 5.310 5.330 5.349 5.371 5.401 5.446 5.510 5.578 5.660 5.763 5.868 5.973 6.081 6.184 6.277 6.353 6.388 6.489 6.615 6.675 6.709 6.731 6.749 6.752 6.738 6.710 6.656 6.683 6.783 6.843 6.864 6.854 6.825 6.778 6.719 6.648 6.544 6.499 6.538 6.566 6.577 6.566 6.538 6.488 6.411 6.313 6.202 6.139 6.137
