TsunamiDB/out54145.asc
ncols          264
nrows          230
xllcorner      497853.4375
yllcorner      4229146.0000
cellsize         5.
NODATA_value   -99
[rows 102 to 135 of 230, columns 77 to 153 of 264]
6.547 6.554 6.560 6.566 6.571 6.575 6.579 6.584 6.588 6.591 6.595 6.598 6.601 6.604 6.607 6.610 6.612 6.614 6.616 6.618 6.620 6.622 6.623 6.625 6.626 6.628 6.629 6.630 6.630 6.631 6.631 6.631 6.631 6.631 6.632 6.632 6.633 6.633 6.634 6.634 6.635 6.636 6.638 6.639 6.640 6.642 6.644 6.647 6.649 6.651 6.653 6.655 6.657 6.659 6.660 6.662 6.664 6.666 6.668 6.669 6.671 6.673 6.675 6.677 6.679 6.681 6.683 6.685 6.687 6.689 6.692 6.695 6.697 6.699 6.702 6.704 6.706
6.553 6.560 6.567 6.572 6.577 6.582 6.587 6.591 6.596 6.600 6.604 6.607 6.611 6.614 6.618 6.621 6.624 6.626 6.629 6.631 6.633 6.635 6.637 6.639 6.641 6.643 6.644 6.645 6.645 6.646 6.646 6.647 6.647 6.647 6.648 6.648 6.648 6.649 6.650 6.650 6.651 6.652 6.653 6.654 6.656 6.657 6.659 6.662 6.664 6.666 6.668 6.669 6.671 6.673 6.674 6.676 6.678 6.679 6.681 6.682 6.684 6.686 6.687 6.689 6.691 6.692 6.694 6.696 6.698 6.700 6.703 6.705 6.707 6.709 6.711 6.713 6.716
6.558 6.565 6.572 6.578 6.583 6.589 6.594 6.598 6.603 6.607 6.612 6.616 6.620 6.623 6.627 6.630 6.634 6.637 6.639 6.642 6.645 6.647 6.649 6.652 6.654 6.656 6.658 6.659 6.659 6.660 6.661 6.661 6.662 6.662 6.663 6.663 6.664 6.665 6.665 6.666 6.667 6.668 6.669 6.670 6.671 6.673 6.675 6.677 6.679 6.681 6.682 6.684 6.686 6.687 6.689 6.690 6.692 6.693 6.695 6.696 6.698 6.699 6.701 6.702 6.704 6.705 6.707 6.708 6.710 6.712 6.715 6.717 6.719 6.721 6.722 6.724 6.726
6.562 6.570 6.577 6.583 6.589 6.594 6.599 6.604 6.609 6.614 6.618 6.623 6.627 6.631 6.635 6.639 6.643 6.646 6.649 6.652 6.655 6.658 6.661 6.663 6.666 6.669 6.670 6.671 6.673 6.674 6.674 6.675 6.676 6.677 6.677 6.678 6.679 6.679 6.680 6.681 6.682 6.683 6.684 6.685 6.686 6.688 6.690 6.692 6.694 6.696 6.697 6.699 6.701 6.702 6.704 6.705 6.707 6.708 6.710 6.711 6.712 6.714 6.715 6.717 6.718 6.719 6.721 6.722 6.724 6.726 6.728 6.730 6.731 6.733 6.735 6.736 6.738
6.566 6.574 6.581 6.587 6.593 6.599 6.604 6.610 6.615 6.620 6.625 6.629 6.634 6.638 6.643 6.647 6.651 6.654 6.658 6.661 6.665 6.668 6.671 6.674 6.677 6.680 6.682 6.683 6.685 6.686 6.687 6.688 6.689 6.690 6.691 6.692 6.693 6.693 6.694 6.695 6.696 6.697 6.699 6.700 6.701 6.703 6.705 6.707 6.709 6.711 6.712 6.714 6.716 6.717 6.719 6.720 6.722 6.723 6.725 6.726 6.728 6.729 6.730 6.732 6.733 6.734 6.736 6.737 6.738 6.740 6.742 6.744 6.745 6.747 6.748 6.749 6.751
6.570 6.578 6.585 6.591 6.597 6.603 6.609 6.615 6.620 6.625 6.630 6.635 6.640 6.645 6.649 6.653 6.658 6.662 6.666 6.669 6.673 6.676 6.680 6.683 6.687 6.690 6.692 6.694 6.696 6.697 6.699 6.700 6.701 6.702 6.703 6.705 6.706 6.707 6.708 6.709 6.710 6.711 6.712 6.714 6.715 6.717 6.719 6.721 6.724 6.725 6.727 6.729 6.730 6.732 6.734 6.735 6.737 6.739 6.740 6.742 6.743 6.745 6.746 6.747 6.749 6.750 6.751 6.753 6.754 6.756 6.757 6.759 6.760 6.761 6.763 6.764 6.765
6.573 6.581 6.588 6.595 6.601 6.607 6.613 6.619 6.624 6.630 6.635 6.640 6.645 6.650 6.655 6.660 6.664 6.668 6.673 6.677 6.681 6.684 6.688 6.692 6.696 6.699 6.701 6.704 6.706 6.708 6.709 6.711 6.712 6.714 6.715 6.716 6.718 6.719 6.720 6.722 6.723 6.724 6.726 6.727 6.729 6.731 6.733 6.735 6.737 6.739 6.741 6.743 6.745 6.746 6.748 6.750 6.752 6.754 6.755 6.757 6.759 6.760 6.762 6.763 6.765 6.766 6.767 6.769 6.770 6.772 6.774 6.775 6.776 6.777 6.778 6.779 6.780
6.575 6.584 6.591 6.598 6.605 6.611 6.617 6.623 6.629 6.634 6.640 6.645 6.650 6.655 6.660 6.665 6.670 6.675 6.679 6.683 6.688 6.692 6.696 6.700 6.704 6.707 6.710 6.713 6.715 6.717 6.719 6.721 6.723 6.724 6.726 6.727 6.729 6.730 6.732 6.733 6.735 6.736 6.738 6.740 6.741 6.743 6.746 6.748 6.751 6.752 6.754 6.756 6.758 6.760 6.762 6.764 6.766 6.768 6.770 6.772 6.774 6.776 6.777 6.779 6.781 6.782 6.784 6.785 6.787 6.788 6.790 6.792 6.793 6.794 6.795 6.796 6.797
6.578 6.586 6.594 6.601 6.608 6.614 6.621 6.627 6.633 6.638 6.644 6.649 6.655 6.660 6.665 6.670 6.675 6.680 6.685 6.689 6.694 6.698 6.703 6.707 6.711 6.715 6.718 6.721 6.723 6.726 6.728 6.730 6.732 6.734 6.736 6.738 6.739 6.741 6.743 6.745 6.746 6.748 6.750 6.751 6.753 6.755 6.758 6.760 6.763 6.765 6.767 6.769 6.771 6.773 6.775 6.777 6.780 6.782 6.784 6.786 6.788 6.790 6.792 6.794 6.796 6.798 6.800 6.801 6.803 6.805 6.807 6.809 6.810 6.811 6.812 6.813 6.814
6.580 6.589 6.597 6.604 6.611 6.618 6.624 6.630 6.636 6.642 6.648 6.654 6.659 6.665 6.670 6.675 6.681 6.686 6.690 6.695 6.700 6.704 6.709 6.713 6.718 6.722 6.725 6.728 6.731 6.734 6.736 6.739 6.741 6.743 6.745 6.747 6.749 6.751 6.753 6.755 6.757 6.759 6.761 6.762 6.764 6.767 6.769 6.772 6.774 6.776 6.779 6.781 6.783 6.785 6.788 6.790 6.792 6.795 6.797 6.800 6.802 6.804 6.807 6.809 6.811 6.813 6.815 6.817 6.819 6.821 6.823 6.825 6.827 6.828 6.829 6.830 6.831
6.583 6.592 6.600 6.607 6.614 6.621 6.628 6.634 6.640 6.646 6.652 6.658 6.664 6.669 6.675 6.680 6.685 6.691 6.696 6.701 6.706 6.710 6.715 6.720 6.725 6.729 6.732 6.736 6.739 6.742 6.744 6.747 6.749 6.752 6.754 6.756 6.758 6.760 6.763 6.765 6.767 6.769 6.771 6.773 6.775 6.777 6.780 6.783 6.785 6.787 6.790 6.792 6.794 6.797 6.799 6.802 6.804 6.807 6.809 6.812 6.815 6.817 6.820 6.822 6.825 6.827 6.830 6.832 6.834 6.837 6.839 6.842 6.843 6.845 6.846 6.847 6.848
6.585 6.594 6.603 6.610 6.617 6.624 6.631 6.638 6.644 6.650 6.656 6.662 6.668 6.674 6.679 6.685 6.690 6.696 6.701 6.706 6.711 6.716 6.721 6.726 6.731 6.735 6.739 6.743 6.746 6.749 6.752 6.755 6.757 6.760 6.762 6.765 6.767 6.769 6.772 6.774 6.776 6.778 6.780 6.783 6.785 6.787 6.790 6.793 6.795 6.798 6.800 6.802 6.805 6.807 6.810 6.813 6.815 6.818 6.821 6.824 6.827 6.829 6.832 6.835 6.838 6.841 6.843 6.846 6.849 6.851 6.854 6.857 6.859 6.861 6.862 6.864 6.865
6.588 6.597 6.606 6.613 6.621 6.628 6.635 6.641 6.648 6.654 6.660 6.666 6.672 6.678 6.684 6.690 6.695 6.701 6.706 6.711 6.716 6.722 6.727 6.732 6.737 6.742 6.745 6.749 6.753 6.756 6.759 6.762 6.765 6.768 6.770 6.773 6.775 6.778 6.780 6.783 6.785 6.787 6.790 6.792 6.794 6.797 6.799 6.802 6.805 6.808 6.810 6.812 6.815 6.817 6.820 6.823 6.826 6.828 6.831 6.834 6.837 6.841 6.844 6.847 6.850 6.853 6.856 6.859 6.862 6.865 6.868 6.871 6.874 6.876 6.878 6.880 6.881
6.591 6.600 6.609 6.616 6.624 6.631 6.638 6.645 6.652 6.658 6.664 6.671 6.677 6.683 6.689 6.694 6.700 6.706 6.711 6.717 6.722 6.727 6.732 6.737 6.743 6.748 6.752 6.756 6.759 6.763 6.766 6.769 6.772 6.775 6.778 6.781 6.783 6.786 6.789 6.791 6.794 6.796 6.798 6.801 6.803 6.806 6.809 6.812 6.815 6.817 6.819 6.822 6.824 6.827 6.830 6.832 6.835 6.838 6.841 6.844 6.848 6.851 6.854 6.858 6.861 6.864 6.868 6.871 6.874 6.878 6.881 6.884 6.887 6.890 6.892 6.894 6.896
6.594 6.603 6.612 6.620 6.627 6.635 6.642 6.649 6.656 6.662 6.669 6.675 6.681 6.687 6.693 6.699 6.705 6.711 6.716 6.722 6.727 6.733 6.738 6.743 6.749 6.754 6.758 6.762 6.766 6.770 6.773 6.776 6.779 6.783 6.786 6.788 6.791 6.794 6.797 6.799 6.802 6.805 6.807 6.810 6.812 6.815 6.818 6.821 6.824 6.826 6.829 6.831 6.834 6.836 6.839 6.842 6.844 6.847 6.851 6.854 6.857 6.861 6.864 6.868 6.871 6.875 6.878 6.882 6.885 6.889 6.893 6.897 6.900 6.902 6.905 6.908 6.910
6.597 6.607 6.616 6.624 6.631 6.639 6.646 6.653 6.660 6.667 6.673 6.680 6.686 6.692 6.698 6.704 6.710 6.716 6.722 6.727 6.733 6.738 6.744 6.749 6.755 6.760 6.764 6.769 6.772 6.776 6.780 6.783 6.787 6.790 6.793 6.796 6.799 6.802 6.805 6.808 6.810 6.813 6.816 6.818 6.821 6.824 6.827 6.830 6.833 6.835 6.838 6.840 6.842 6.845 6.848 6.850 6.853 6.856 6.860 6.863 6.866 6.870 6.873 6.877 6.881 6.884 6.888 6.892 6.896 6.900 6.904 6.908 6.911 6.914 6.917 6.920 6.923
6.601 6.610 6.619 6.628 6.635 6.643 6.650 6.658 6.665 6.671 6.678 6.685 6.691 6.697 6.704 6.710 6.716 6.722 6.727 6.733 6.739 6.744 6.750 6.755 6.761 6.766 6.771 6.775 6.779 6.783 6.787 6.790 6.794 6.797 6.800 6.804 6.807 6.810 6.813 6.816 6.818 6.821 6.824 6.827 6.829 6.832 6.835 6.839 6.841 6.844 6.846 6.849 6.851 6.854 6.856 6.859 6.862 6.865 6.868 6.871 6.875 6.878 6.882 6.886 6.890 6.893 6.897 6.901 6.905 6.909 6.914 6.918 6.921 6.925 6.928 6.931 6.934
6.605 6.615 6.624 6.632 6.640 6.647 6.655 6.662 6.669 6.676 6.683 6.690 6.696 6.703 6.709 6.715 6.721 6.727 6.733 6.739 6.745 6.750 6.756 6.762 6.768 6.773 6.777 6.782 6.786 6.790 6.794 6.798 6.801 6.805 6.808 6.811 6.814 6.818 6.821 6.824 6.827 6.830 6.832 6.835 6.838 6.841 6.844 6.847 6.850 6.853 6.855 6.858 6.860 6.863 6.865 6.868 6.871 6.874 6.877 6.880 6.883 6.887 6.891 6.894 6.898 6.902 6.906 6.910 6.914 6.919 6.924 6.927 6.931 6.935 6.938 6.942 6.945
6.609 6.619 6.628 6.636 6.644 6.652 6.660 6.667 6.675 6.682 6.689 6.695 6.702 6.709 6.715 6.721 6.727 6.734 6.739 6.745 6.751 6.757 6.762 6.769 6.774 6.779 6.784 6.789 6.793 6.797 6.801 6.805 6.808 6.812 6.816 6.819 6.822 6.826 6.829 6.832 6.835 6.838 6.841 6.844 6.847 6.850 6.853 6.856 6.859 6.861 6.864 6.866 6.869 6.871 6.874 6.876 6.879 6.882 6.885 6.888 6.892 6.895 6.899 6.903 6.907 6.910 6.915 6.919 6.923 6.928 6.932 6.936 6.940 6.944 6.948 6.952 6.955
6.614 6.624 6.633 6.641 6.650 6.658 6.665 6.673 6.680 6.687 6.695 6.701 6.708 6.715 6.721 6.728 6.734 6.740 6.746 6.752 6.758 6.763 6.769 6.775 6.781 6.786 6.791 6.796 6.800 6.804 6.808 6.812 6.816 6.820 6.823 6.827 6.830 6.834 6.837 6.840 6.843 6.846 6.849 6.852 6.855 6.858 6.862 6.865 6.868 6.870 6.873 6.875 6.878 6.880 6.883 6.885 6.888 6.891 6.894 6.897 6.900 6.904 6.907 6.911 6.915 6.919 6.923 6.927 6.932 6.936 6.941 6.945 6.949 6.953 6.957 6.961 6.965
6.619 6.629 6.638 6.647 6.655 6.663 6.671 6.679 6.686 6.694 6.701 6.708 6.715 6.721 6.728 6.734 6.741 6.747 6.753 6.759 6.765 6.770 6.776 6.783 6.789 6.794 6.798 6.803 6.807 6.812 6.816 6.820 6.824 6.828 6.831 6.835 6.838 6.842 6.845 6.848 6.852 6.855 6.858 6.861 6.864 6.867 6.871 6.874 6.877 6.879 6.882 6.884 6.887 6.889 6.891 6.894 6.897 6.899 6.902 6.905 6.909 6.912 6.916 6.919 6.923 6.927 6.931 6.935 6.940 6.945 6.949 6.954 6.958 6.962 6.966 6.970 6.974
6.625 6.635 6.644 6.652 6.661 6.669 6.677 6.685 6.692 6.700 6.707 6.714 6.721 6.728 6.735 6.741 6.748 6.754 6.760 6.766 6.772 6.778 6.784 6.790 6.796 6.801 6.806 6.811 6.815 6.820 6.824 6.828 6.832 6.836 6.839 6.843 6.847 6.850 6.854 6.857 6.860 6.864 6.867 6.870 6.873 6.876 6.880 6.883 6.886 6.888 6.891 6.893 6.896 6.898 6.901 6.903 6.906 6.908 6.911 6.914 6.917 6.921 6.924 6.928 6.932 6.935 6.940 6.944 6.948 6.953 6.958 6.962 6.966 6.970 6.975 6.979 6.983
6.630 6.640 6.649 6.658 6.667 6.675 6.683 6.691 6.699 6.707 6.714 6.721 6.728 6.735 6.742 6.749 6.755 6.761 6.768 6.774 6.780 6.786 6.792 6.798 6.804 6.809 6.814 6.819 6.823 6.828 6.832 6.836 6.840 6.844 6.848 6.852 6.855 6.859 6.862 6.866 6.869 6.872 6.876 6.879 6.882 6.885 6.889 6.892 6.895 6.898 6.900 6.903 6.905 6.907 6.910 6.912 6.915 6.917 6.920 6.923 6.926 6.929 6.933 6.936 6.940 6.944 6.948 6.952 6.957 6.961 6.966 6.970 6.975 6.979 6.983 6.987 6.991
6.636 6.647 6.656 6.665 6.673 6.682 6.690 6.698 6.706 6.714 6.721 6.729 6.736 6.743 6.750 6.756 6.763 6.769 6.776 6.782 6.788 6.794 6.800 6.806 6.812 6.817 6.822 6.827 6.832 6.836 6.840 6.845 6.849 6.853 6.857 6.860 6.864 6.868 6.871 6.875 6.878 6.882 6.885 6.888 6.891 6.895 6.899 6.902 6.905 6.907 6.910 6.912 6.915 6.917 6.919 6.922 6.924 6.927 6.929 6.932 6.935 6.938 6.942 6.945 6.949 6.953 6.957 6.961 6.965 6.970 6.975 6.979 6.983 6.987 6.992 6.996 7.000
6.643 6.653 6.662 6.671 6.680 6.689 6.697 6.705 6.713 6.721 6.729 6.736 6.744 6.751 6.758 6.764 6.771 6.777 6.784 6.790 6.796 6.802 6.808 6.815 6.821 6.826 6.831 6.836 6.840 6.845 6.849 6.854 6.858 6.862 6.866 6.870 6.873 6.877 6.881 6.884 6.888 6.891 6.894 6.898 6.901 6.905 6.908 6.912 6.914 6.917 6.920 6.922 6.924 6.927 6.929 6.931 6.934 6.936 6.939 6.942 6.944 6.948 6.951 6.954 6.958 6.961 6.965 6.969 6.974 6.979 6.983 6.987 6.992 6.996 7.000 7.004 7.009
6.649 6.660 6.669 6.678 6.687 6.696 6.705 6.713 6.721 6.729 6.737 6.744 6.752 6.759 6.766 6.773 6.779 6.786 6.792 6.799 6.805 6.811 6.817 6.824 6.830 6.835 6.840 6.845 6.849 6.854 6.858 6.863 6.867 6.871 6.875 6.879 6.883 6.886 6.890 6.894 6.897 6.901 6.904 6.908 6.911 6.914 6.918 6.921 6.924 6.927 6.930 6.932 6.934 6.937 6.939 6.941 6.944 6.946 6.949 6.951 6.954 6.957 6.960 6.963 6.967 6.971 6.974 6.978 6.983 6.987 6.992 6.996 7.000 7.005 7.009 7.013 7.017
6.656 6.667 6.676 6.685 6.695 6.703 6.712 6.721 6.729 6.737 6.745 6.752 6.760 6.767 6.774 6.781 6.788 6.795 6.801 6.808 6.814 6.820 6.826 6.833 6.839 6.844 6.849 6.854 6.859 6.863 6.868 6.872 6.876 6.881 6.885 6.888 6.892 6.896 6.900 6.904 6.907 6.911 6.914 6.918 6.921 6.924 6.928 6.932 6.935 6.937 6.940 6.942 6.945 6.947 6.949 6.952 6.954 6.956 6.959 6.961 6.964 6.967 6.970 6.973 6.976 6.980 6.984 6.988 6.992 6.996 7.001 7.005 7.009 7.014 7.018 7.022 7.026
6.663 6.674 6.683 6.693 6.702 6.711 6.720 6.728 6.737 6.745 6.753 6.761 6.768 6.776 6.783 6.790 6.797 6.804 6.810 6.817 6.823 6.829 6.836 6.842 6.848 6.853 6.859 6.864 6.868 6.873 6.877 6.882 6.886 6.890 6.894 6.898 6.902 6.906 6.910 6.914 6.917 6.921 6.924 6.928 6.931 6.935 6.939 6.942 6.945 6.948 6.950 6.953 6.955 6.958 6.960 6.962 6.964 6.967 6.969 6.971 6.974 6.977 6.980 6.983 6.986 6.989 6.993 6.997 7.001 7.006 7.010 7.014 7.018 7.022 7.027 7.031 7.035
6.670 6.681 6.691 6.700 6.709 6.719 6.727 6.736 6.745 6.753 6.761 6.769 6.777 6.784 6.792 6.799 6.806 6.813 6.820 6.826 6.833 6.839 6.845 6.852 6.858 6.863 6.868 6.873 6.878 6.883 6.887 6.892 6.896 6.900 6.904 6.908 6.912 6.916 6.920 6.924 6.927 6.931 6.935 6.938 6.942 6.945 6.949 6.953 6.955 6.958 6.961 6.963 6.966 6.968 6.971 6.973 6.975 6.977 6.980 6.982 6.984 6.987 6.990 6.993 6.996 6.999 7.003 7.007 7.011 7.015 7.019 7.023 7.027 7.032 7.036 7.040 7.044
6.677 6.688 6.698 6.707 6.717 6.726 6.735 6.744 6.753 6.761 6.769 6.778 6.785 6.793 6.801 6.808 6.815 6.822 6.829 6.836 6.842 6.848 6.855 6.861 6.868 6.873 6.878 6.883 6.888 6.893 6.897 6.902 6.906 6.910 6.914 6.918 6.922 6.926 6.930 6.934 6.938 6.941 6.945 6.949 6.952 6.956 6.960 6.963 6.966 6.969 6.972 6.974 6.977 6.979 6.981 6.984 6.986 6.988 6.990 6.992 6.995 6.997 7.000 7.003 7.006 7.009 7.013 7.016 7.020 7.025 7.029 7.033 7.037 7.041 7.045 7.049 7.053
6.684 6.695 6.705 6.715 6.724 6.734 6.743 6.752 6.761 6.769 6.778 6.786 6.794 6.802 6.809 6.817 6.824 6.831 6.838 6.845 6.852 6.858 6.865 6.871 6.877 6.883 6.888 6.893 6.898 6.903 6.907 6.912 6.916 6.920 6.925 6.929 6.933 6.937 6.941 6.944 6.948 6.952 6.955 6.959 6.963 6.966 6.970 6.974 6.977 6.980 6.982 6.985 6.988 6.990 6.992 6.994 6.997 6.999 7.001 7.003 7.006 7.008 7.011 7.013 7.016 7.019 7.023 7.026 7.030 7.034 7.038 7.042 7.046 7.050 7.054 7.058 7.062
6.691 6.702 6.712 6.722 6.731 6.741 6.750 6.759 6.768 6.777 6.786 6.794 6.802 6.810 6.818 6.826 6.833 6.840 6.847 6.854 6.861 6.868 6.874 6.881 6.887 6.893 6.898 6.903 6.908 6.913 6.917 6.922 6.926 6.930 6.935 6.939 6.943 6.947 6.951 6.955 6.958 6.962 6.966 6.970 6.973 6.977 6.981 6.984 6.988 6.990 6.993 6.996 6.998 7.001 7.003 7.005 7.007 7.010 7.012 7.014 7.016 7.019 7.021 7.024 7.026 7.029 7.033 7.036 7.040 7.044 7.048 7.052 7.055 7.059 7.063 7.067 7.071
6.698 6.709 6.719 6.729 6.738 6.748 6.757 6.767 6.776 6.785 6.794 6.802 6.811 6.819 6.827 6.834 6.842 6.849 6.856 6.863 6.870 6.877 6.884 6.890 6.897 6.902 6.908 6.913 6.918 6.923 6.927 6.932 6.936 6.940 6.945 6.949 6.953 6.957 6.961 6.965 6.969 6.972 6.976 6.980 6.984 6.987 6.991 6.995 6.998 7.001 7.004 7.006 7.009 7.011 7.014 7.016 7.018 7.020 7.022 7.025 7.027 7.029 7.031 7.034 7.037 7.040 7.043 7.046 7.049 7.054 7.057 7.061 7.065 7.069 7.072 7.076 7.080
6.705 6.715 6.725 6.735 6.745 6.755 6.764 6.774 6.783 6.792 6.801 6.810 6.818 6.827 6.835 6.843 6.850 6.858 6.865 6.872 6.879 6.886 6.893 6.900 6.906 6.912 6.917 6.922 6.927 6.932 6.937 6.942 6.946 6.950 6.955 6.959 6.963 6.967 6.971 6.975 6.979 6.983 6.986 6.990 6.994 6.998 7.002 7.005 7.008 7.011 7.014 7.017 7.020 7.022 7.024 7.027 7.029 7.031 7.033 7.035 7.037 7.039 7.042 7.044 7.047 7.050 7.052 7.056 7.059 7.063 7.067 7.070 7.074 7.078 7.081 7.085 7.089
