TsunamiDB/out54006.asc
ncols          264
nrows          230
xllcorner      497853.4375
yllcorner      4229146.0000
cellsize         5.
NODATA_value   -99
[rows 155 to 185 of 230, columns 138 to 206 of 264]
-99.000 -99.000 -99.000 -99.000 -99.000 -99.000 -99.000 -99.000 -99.000 -99.000 -99.000 -99.000 -99.000 -99.000 -99.000 -99.000 -99.000 -99.000 -99.000 -99.000 -99.000 1.644 1.646 1.681 1.811 2.049 2.373 2.761 3.181 3.600 3.988 4.324 4.578 4.756 4.881 4.971 5.036 5.088 5.134 5.180 5.229 5.280 5.328 5.375 5.429 5.490 5.560 5.644 5.720 5.770 5.842 5.908 5.933 5.954 5.983 6.028 6.083 6.148 6.194 6.177 6.254 6.363 6.374 6.341 6.289 6.221 6.129 6.022 5.923
-99.000 -99.000 -99.000 -99.000 -99.000 -99.000 -99.000 -99.000 -99.000 -99.000 -99.000 -99.000 -99.000 -99.000 -99.000 -99.000 -99.000 -99.000 -99.000 -99.000 -99.000 1.644 1.653 1.721 1.899 2.175 2.528 2.933 3.357 3.770 4.146 4.467 4.700 4.861 4.973 5.052 5.109 5.154 5.196 5.241 5.290 5.343 5.390 5.440 5.497 5.558 5.629 5.716 5.782 5.823 5.896 5.964 5.984 5.999 6.023 6.057 6.105 6.176 6.206 6.172 6.245 6.351 6.356 6.322 6.271 6.203 6.115 6.008 5.921
-99.000 -99.000 -99.000 -99.000 -99.000 -99.000 -99.000 -99.000 -99.000 -99.000 -99.000 -99.000 -99.000 -99.000 -99.000 -99.000 -99.000 -99.000 -99.000 -99.000 -99.000 1.645 1.670 1.782 2.003 2.313 2.691 3.107 3.530 3.933 4.294 4.595 4.809 4.954 5.055 5.127 5.181 5.226 5.269 5.313 5.365 5.421 5.470 5.522 5.579 5.643 5.713 5.784 5.838 5.881 5.956 6.026 6.048 6.063 6.081 6.113 6.156 6.197 6.199 6.166 6.235 6.331 6.333 6.299 6.244 6.175 6.089 5.998 5.939
-99.000 -99.000 -99.000 -99.000 -99.000 -99.000 -99.000 -99.000 -99.000 -99.000 -99.000 -99.000 -99.000 -99.000 -99.000 -99.000 -99.000 -99.000 -99.000 -99.000 1.644 1.649 1.703 1.861 2.122 2.463 2.859 3.280 3.696 4.086 4.430 4.707 4.898 5.029 5.122 5.192 5.249 5.297 5.341 5.388 5.445 5.506 5.555 5.607 5.664 5.726 5.787 5.845 5.897 5.940 6.018 6.094 6.120 6.135 6.150 6.173 6.191 6.199 6.188 6.153 6.215 6.302 6.302 6.265 6.209 6.142 6.069 6.007 5.965
-99.000 -99.000 -99.000 -99.000 -99.000 -99.000 -99.000 -99.000 -99.000 -99.000 -99.000 -99.000 -99.000 -99.000 -99.000 -99.000 -99.000 -99.000 -99.000 -99.000 1.645 1.661 1.754 1.958 2.254 2.621 3.030 3.449 3.855 4.229 4.551 4.797 4.965 5.084 5.174 5.246 5.308 5.361 5.410 5.460 5.523 5.588 5.635 5.687 5.742 5.798 5.853 5.906 5.954 5.997 6.078 6.161 6.188 6.202 6.211 6.215 6.210 6.196 6.172 6.132 6.185 6.264 6.260 6.225 6.172 6.116 6.065 6.024 5.994
-99.000 -99.000 -99.000 -99.000 -99.000 -99.000 -99.000 -99.000 -99.000 -99.000 -99.000 -99.000 -99.000 -99.000 -99.000 -99.000 -99.000 -99.000 -99.000 1.644 1.647 1.686 1.825 2.069 2.397 2.784 3.200 3.614 4.007 4.361 4.652 4.862 5.010 5.122 5.211 5.289 5.357 5.417 5.471 5.525 5.595 5.663 5.710 5.760 5.809 5.861 5.913 5.962 6.009 6.049 6.132 6.216 6.243 6.256 6.253 6.242 6.220 6.186 6.150 6.106 6.150 6.219 6.216 6.185 6.141 6.103 6.071 6.045 6.029
-99.000 -99.000 -99.000 -99.000 -99.000 -99.000 -99.000 -99.000 -99.000 -99.000 -99.000 -99.000 -99.000 -99.000 -99.000 -99.000 -99.000 -99.000 -99.000 1.644 1.654 1.728 1.912 2.193 2.548 2.950 3.368 3.774 4.150 4.478 4.726 4.904 5.037 5.144 5.235 5.319 5.395 5.462 5.522 5.579 5.657 5.731 5.777 5.823 5.867 5.916 5.964 6.011 6.055 6.088 6.170 6.258 6.284 6.289 6.278 6.256 6.220 6.171 6.124 6.074 6.111 6.176 6.176 6.153 6.124 6.101 6.084 6.072 6.067
-99.000 -99.000 -99.000 -99.000 -99.000 -99.000 -99.000 -99.000 -99.000 -99.000 -99.000 -99.000 -99.000 -99.000 -99.000 -99.000 -99.000 -99.000 -99.000 1.645 1.672 1.788 2.013 2.326 2.704 3.116 3.532 3.927 4.283 4.573 4.778 4.931 5.053 5.156 5.249 5.338 5.420 5.493 5.559 5.622 5.709 5.789 5.833 5.875 5.916 5.959 6.005 6.047 6.085 6.113 6.195 6.285 6.305 6.305 6.289 6.259 6.214 6.153 6.094 6.043 6.076 6.138 6.142 6.132 6.116 6.104 6.101 6.101 6.101
-99.000 -99.000 -99.000 -99.000 -99.000 -99.000 -99.000 -99.000 -99.000 -99.000 -99.000 -99.000 -99.000 -99.000 -99.000 -99.000 -99.000 -99.000 1.644 1.650 1.704 1.864 2.126 2.468 2.863 3.280 3.691 4.073 4.403 4.649 4.823 4.957 5.068 5.166 5.258 5.348 5.433 5.510 5.583 5.652 5.747 5.831 5.874 5.913 5.947 5.986 6.027 6.064 6.098 6.119 6.200 6.288 6.304 6.301 6.280 6.246 6.193 6.122 6.058 6.008 6.039 6.101 6.114 6.115 6.108 6.109 6.116 6.121 6.126
-99.000 -99.000 -99.000 -99.000 -99.000 -99.000 -99.000 -99.000 -99.000 -99.000 -99.000 -99.000 -99.000 -99.000 -99.000 -99.000 -99.000 -99.000 1.645 1.661 1.752 1.954 2.249 2.615 3.022 3.441 3.843 4.209 4.505 4.716 4.866 4.984 5.084 5.176 5.264 5.352 5.436 5.515 5.594 5.669 5.770 5.858 5.902 5.938 5.967 6.001 6.034 6.066 6.096 6.111 6.189 6.277 6.292 6.286 6.263 6.227 6.172 6.098 6.033 5.984 6.016 6.082 6.102 6.108 6.109 6.118 6.130 6.137 6.144
-99.000 -99.000 -99.000 -99.000 -99.000 -99.000 -99.000 -99.000 -99.000 -99.000 -99.000 -99.000 -99.000 -99.000 -99.000 -99.000 -99.000 1.644 1.647 1.683 1.816 2.056 2.380 2.765 3.180 3.595 3.986 4.329 4.590 4.776 4.908 5.013 5.107 5.196 5.283 5.369 5.452 5.536 5.620 5.695 5.801 5.895 5.937 5.970 5.994 6.020 6.046 6.074 6.100 6.106 6.181 6.272 6.288 6.280 6.256 6.220 6.163 6.086 6.017 5.973 6.009 6.076 6.100 6.110 6.116 6.129 6.142 6.151 6.158
-99.000 -99.000 -99.000 -99.000 -99.000 -99.000 -99.000 -99.000 -99.000 -99.000 -99.000 -99.000 -99.000 -99.000 -99.000 -99.000 -99.000 1.644 1.653 1.720 1.895 2.168 2.518 2.917 3.335 3.742 4.117 4.432 4.662 4.827 4.946 5.046 5.139 5.227 5.316 5.401 5.487 5.576 5.657 5.731 5.840 5.936 5.975 6.004 6.024 6.042 6.060 6.084 6.098 6.096 6.173 6.267 6.281 6.272 6.247 6.207 6.148 6.064 5.999 5.968 6.006 6.073 6.099 6.112 6.121 6.134 6.148 6.157 6.160
-99.000 -99.000 -99.000 -99.000 -99.000 -99.000 -99.000 -99.000 -99.000 -99.000 -99.000 -99.000 -99.000 -99.000 -99.000 -99.000 -99.000 1.645 1.667 1.772 1.986 2.289 2.659 3.067 3.483 3.879 4.235 4.517 4.719 4.867 4.978 5.075 5.168 5.260 5.349 5.439 5.531 5.617 5.696 5.773 5.883 5.978 6.016 6.042 6.055 6.067 6.079 6.086 6.088 6.084 6.160 6.253 6.268 6.258 6.226 6.180 6.116 6.041 5.995 5.967 6.004 6.071 6.100 6.115 6.122 6.134 6.147 6.153 6.152
-99.000 -99.000 -99.000 -99.000 -99.000 -99.000 -99.000 -99.000 -99.000 -99.000 -99.000 -99.000 -99.000 -99.000 -99.000 -99.000 1.644 1.648 1.693 1.839 2.088 2.418 2.804 3.216 3.624 4.005 4.333 4.579 4.757 4.892 4.997 5.091 5.185 5.277 5.370 5.467 5.563 5.651 5.735 5.810 5.921 6.019 6.054 6.076 6.083 6.088 6.085 6.077 6.072 6.063 6.138 6.230 6.244 6.230 6.194 6.145 6.086 6.030 5.992 5.964 6.001 6.072 6.102 6.113 6.118 6.128 6.137 6.139 6.135
-99.000 -99.000 -99.000 -99.000 -99.000 -99.000 -99.000 -99.000 -99.000 -99.000 -99.000 -99.000 -99.000 -99.000 -99.000 -99.000 1.644 1.656 1.733 1.920 2.201 2.554 2.951 3.362 3.760 4.120 4.412 4.624 4.783 4.908 5.005 5.096 5.187 5.280 5.380 5.485 5.589 5.682 5.768 5.843 5.955 6.053 6.084 6.101 6.103 6.095 6.081 6.061 6.047 6.035 6.108 6.198 6.210 6.195 6.157 6.111 6.065 6.020 5.985 5.960 5.999 6.072 6.100 6.108 6.110 6.114 6.120 6.119 6.110
-99.000 -99.000 -99.000 -99.000 -99.000 -99.000 -99.000 -99.000 -99.000 -99.000 -99.000 -99.000 -99.000 -99.000 -99.000 -99.000 1.645 1.673 1.789 2.014 2.323 2.695 3.099 3.506 3.889 4.221 4.475 4.661 4.802 4.915 5.005 5.090 5.181 5.278 5.383 5.498 5.611 5.709 5.797 5.869 5.978 6.075 6.103 6.116 6.108 6.093 6.069 6.038 6.019 6.003 6.072 6.161 6.173 6.158 6.124 6.087 6.048 6.008 5.979 5.955 5.995 6.067 6.095 6.100 6.096 6.095 6.097 6.093 6.085
-99.000 -99.000 -99.000 -99.000 -99.000 -99.000 -99.000 -99.000 -99.000 -99.000 -99.000 -99.000 -99.000 -99.000 -99.000 1.644 1.649 1.703 1.860 2.118 2.454 2.841 3.248 3.646 4.010 4.307 4.526 4.687 4.811 4.913 4.995 5.075 5.167 5.270 5.384 5.508 5.626 5.728 5.816 5.882 5.990 6.087 6.111 6.118 6.106 6.085 6.053 6.016 5.989 5.969 6.036 6.125 6.138 6.125 6.099 6.068 6.033 5.997 5.970 5.946 5.985 6.058 6.085 6.087 6.079 6.074 6.072 6.068 6.060
-99.000 -99.000 -99.000 -99.000 -99.000 -99.000 -99.000 -99.000 -99.000 -99.000 -99.000 -99.000 -99.000 -99.000 -99.000 1.644 1.659 1.747 1.944 2.233 2.590 2.988 3.394 3.781 4.119 4.378 4.568 4.706 4.816 4.906 4.981 5.060 5.157 5.268 5.390 5.518 5.639 5.742 5.828 5.888 5.995 6.093 6.111 6.115 6.100 6.075 6.039 5.994 5.961 5.940 6.007 6.095 6.109 6.101 6.078 6.049 6.019 5.985 5.956 5.931 5.972 6.045 6.071 6.072 6.061 6.052 6.048 6.046 6.036
-99.000 -99.000 -99.000 -99.000 -99.000 -99.000 -99.000 -99.000 -99.000 -99.000 -99.000 -99.000 -99.000 -99.000 1.644 1.646 1.679 1.806 2.039 2.355 2.730 3.134 3.535 3.905 4.212 4.440 4.605 4.725 4.821 4.902 4.974 5.057 5.161 5.279 5.403 5.530 5.650 5.752 5.836 5.889 5.994 6.088 6.103 6.104 6.087 6.060 6.019 5.969 5.934 5.914 5.979 6.066 6.084 6.077 6.055 6.031 6.002 5.966 5.935 5.910 5.950 6.024 6.052 6.054 6.041 6.031 6.027 6.024 6.015
-99.000 -99.000 -99.000 -99.000 -99.000 -99.000 -99.000 -99.000 -99.000 -99.000 -99.000 -99.000 -99.000 -99.000 1.644 1.651 1.712 1.879 2.143 2.483 2.872 3.277 3.667 4.015 4.291 4.492 4.636 4.742 4.827 4.905 4.978 5.066 5.177 5.295 5.416 5.536 5.650 5.749 5.831 5.878 5.980 6.074 6.089 6.089 6.071 6.046 6.005 5.955 5.919 5.897 5.962 6.050 6.067 6.059 6.038 6.015 5.984 5.947 5.915 5.888 5.928 6.004 6.036 6.040 6.028 6.018 6.012 6.008 5.998
-99.000 -99.000 -99.000 -99.000 -99.000 -99.000 -99.000 -99.000 -99.000 -99.000 -99.000 -99.000 -99.000 -99.000 1.645 1.663 1.759 1.963 2.257 2.617 3.014 3.415 3.790 4.112 4.357 4.534 4.663 4.758 4.839 4.918 4.996 5.088 5.200 5.314 5.428 5.543 5.653 5.753 5.834 5.873 5.974 6.072 6.088 6.087 6.072 6.048 6.008 5.956 5.916 5.894 5.958 6.046 6.062 6.051 6.030 6.006 5.974 5.934 5.900 5.872 5.912 5.992 6.028 6.034 6.025 6.015 6.006 6.002 5.994
-99.000 -99.000 -99.000 -99.000 -99.000 -99.000 -99.000 -99.000 -99.000 -99.000 -99.000 -99.000 -99.000 1.644 1.647 1.686 1.821 2.060 2.380 2.755 3.155 3.546 3.902 4.197 4.416 4.575 4.692 4.781 4.863 4.948 5.029 5.124 5.234 5.344 5.456 5.566 5.673 5.777 5.844 5.875 5.979 6.078 6.093 6.092 6.078 6.052 6.012 5.955 5.916 5.899 5.962 6.049 6.064 6.051 6.028 6.001 5.966 5.922 5.885 5.859 5.901 5.984 6.023 6.034 6.029 6.019 6.010 6.012 5.998
-99.000 -99.000 -99.000 -99.000 -99.000 -99.000 -99.000 -99.000 -99.000 -99.000 -99.000 -99.000 -99.000 1.644 1.653 1.723 1.899 2.170 2.512 2.898 3.294 3.670 4.003 4.270 4.468 4.613 4.722 4.811 4.896 4.985 5.069 5.164 5.272 5.381 5.490 5.599 5.703 5.787 5.841 5.877 5.982 6.079 6.094 6.095 6.078 6.051 6.010 5.962 5.935 5.914 5.973 6.060 6.074 6.059 6.029 5.997 5.959 5.915 5.882 5.854 5.895 5.982 6.029 6.046 6.044 6.037 6.033 6.026 5.998
-99.000 -99.000 -99.000 -99.000 -99.000 -99.000 -99.000 -99.000 -99.000 -99.000 -99.000 -99.000 -99.000 1.645 1.669 1.777 1.992 2.293 2.654 3.045 3.433 3.790 4.096 4.334 4.511 4.644 4.748 4.836 4.922 5.012 5.097 5.191 5.298 5.406 5.512 5.617 5.709 5.779 5.834 5.871 5.975 6.072 6.091 6.093 6.077 6.053 6.021 5.986 5.960 5.933 5.990 6.078 6.091 6.070 6.035 5.999 5.959 5.920 5.889 5.857 5.898 5.992 6.046 6.067 6.069 6.066 6.057 6.036 5.996
-99.000 -99.000 -99.000 -99.000 -99.000 -99.000 -99.000 -99.000 -99.000 -99.000 -99.000 -99.000 1.644 1.649 1.698 1.850 2.101 2.429 2.805 3.196 3.571 3.905 4.180 4.390 4.548 4.670 4.767 4.851 4.937 5.028 5.111 5.205 5.311 5.417 5.521 5.618 5.703 5.769 5.823 5.862 5.967 6.067 6.088 6.095 6.084 6.067 6.045 6.015 5.988 5.958 6.015 6.104 6.113 6.089 6.050 6.010 5.973 5.936 5.903 5.870 5.913 6.012 6.069 6.094 6.099 6.093 6.075 6.042 5.991
-99.000 -99.000 -99.000 -99.000 -99.000 -99.000 -99.000 -99.000 -99.000 -99.000 -99.000 -99.000 1.644 1.659 1.746 1.941 2.226 2.577 2.963 3.349 3.706 4.013 4.255 4.439 4.580 4.691 4.782 4.863 4.947 5.035 5.118 5.211 5.317 5.422 5.519 5.610 5.693 5.759 5.815 5.855 5.961 6.063 6.090 6.103 6.099 6.092 6.075 6.048 6.022 5.990 6.044 6.133 6.143 6.116 6.074 6.036 5.999 5.962 5.930 5.895 5.937 6.038 6.097 6.124 6.127 6.114 6.088 6.043 5.984
-99.000 -99.000 -99.000 -99.000 -99.000 -99.000 -99.000 -99.000 -99.000 -99.000 -99.000 1.644 1.646 1.683 1.815 2.050 2.367 2.738 3.128 3.503 3.838 4.112 4.323 4.484 4.610 4.710 4.793 4.869 4.948 5.035 5.117 5.209 5.315 5.416 5.508 5.599 5.682 5.752 5.811 5.851 5.958 6.066 6.099 6.118 6.123 6.122 6.109 6.085 6.060 6.024 6.077 6.169 6.182 6.154 6.112 6.073 6.034 5.999 5.967 5.927 5.965 6.066 6.125 6.150 6.148 6.130 6.094 6.040 5.974
-99.000 -99.000 -99.000 -99.000 -99.000 -99.000 -99.000 -99.000 -99.000 -99.000 -99.000 1.644 1.654 1.725 1.903 2.177 2.521 2.906 3.295 3.655 3.962 4.203 4.387 4.529 4.641 4.730 4.804 4.873 4.950 5.035 5.115 5.207 5.311 5.408 5.500 5.592 5.679 5.754 5.816 5.856 5.967 6.079 6.115 6.140 6.151 6.154 6.147 6.126 6.098 6.061 6.116 6.212 6.226 6.201 6.160 6.118 6.079 6.044 6.007 5.960 5.994 6.094 6.149 6.169 6.162 6.136 6.093 6.033 5.958
-99.000 -99.000 -99.000 -99.000 -99.000 -99.000 -99.000 -99.000 -99.000 -99.000 -99.000 1.645 1.673 1.789 2.012 2.320 2.688 3.081 3.462 3.801 4.077 4.289 4.450 4.575 4.674 4.753 4.821 4.885 4.958 5.040 5.119 5.208 5.310 5.406 5.499 5.594 5.688 5.768 5.833 5.872 5.982 6.096 6.135 6.163 6.179 6.189 6.185 6.164 6.137 6.100 6.155 6.254 6.274 6.252 6.210 6.168 6.128 6.087 6.046 5.992 6.019 6.113 6.162 6.177 6.163 6.131 6.082 6.013 5.933
-99.000 -99.000 -99.000 -99.000 -99.000 -99.000 -99.000 -99.000 -99.000 -99.000 1.644 1.651 1.711 1.876 2.140 2.479 2.864 3.258 3.626 3.939 4.184 4.369 4.511 4.621 4.710 4.782 4.843 4.902 4.970 5.048 5.123 5.208 5.308 5.405 5.502 5.602 5.698 5.781 5.848 5.885 5.996 6.111 6.153 6.184 6.204 6.219 6.218 6.200 6.175 6.137 6.193 6.297 6.322 6.304 6.263 6.220 6.176 6.130 6.083 6.020 6.038 6.124 6.168 6.176 6.155 6.118 6.064 5.990 5.906
-99.000 -99.000 -99.000 -99.000 -99.000 -99.000 -99.000 -99.000 -99.000 -99.000 1.645 1.666 1.771 1.984 2.286 2.651 3.046 3.434 3.783 4.067 4.283 4.447 4.572 4.670 4.749 4.812 4.867 4.920 4.982 5.054 5.122 5.201 5.300 5.399 5.502 5.607 5.707 5.796 5.866 5.899 6.010 6.127 6.170 6.203 6.229 6.249 6.251 6.237 6.214 6.175 6.232 6.343 6.374 6.360 6.322 6.277 6.227 6.177 6.125 6.050 6.056 6.135 6.172 6.173 6.147 6.105 6.046 5.967 5.879
