TsunamiDB/out54013.asc
ncols          264
nrows          230
xllcorner      497853.4375
yllcorner      4229146.0000
cellsize         5.
NODATA_value   -99
[rows 62 to 92 of 230, columns 140 to 209 of 264]
-99.000 -99.000 -99.000 -99.000 -99.000 -99.000 -99.000 -99.000 -99.000 -99.000 -99.000 -99.000 -99.000 -99.000 -99.000 -99.000 -99.000 -99.000 -99.000 -99.000 -99.000 -99.000 -99.000 -99.000 -99.000 -99.000 -99.000 -99.000 -99.000 -99.000 -99.000 -99.000 -99.000 -99.000 -99.000 -99.000 -99.000 -99.000 -99.000 -99.000 1.643 1.645 1.673 1.786 2.000 2.292 2.631 2.977 3.295 3.569 3.794 3.972 4.113 4.226 4.319 4.399 4.468 4.531 4.589 4.644 4.696 4.746 4.793 4.838 4.881 4.922 4.961 4.997 5.031 5.062
-99.000 -99.000 -99.000 -99.000 -99.000 -99.000 -99.000 -99.000 -99.000 -99.000 -99.000 -99.000 -99.000 -99.000 -99.000 -99.000 -99.000 -99.000 -99.000 -99.000 -99.000 -99.000 -99.000 -99.000 -99.000 -99.000 -99.000 -99.000 -99.000 -99.000 -99.000 -99.000 -99.000 -99.000 -99.000 -99.000 -99.000 -99.000 -99.000 -99.000 1.643 1.649 1.705 1.860 2.108 2.422 2.769 3.107 3.410 3.665 3.871 4.034 4.163 4.268 4.356 4.432 4.498 4.559 4.616 4.670 4.722 4.771 4.819 4.864 4.908 4.949 4.988 5.025 5.059 5.090
-99.000 -99.000 -99.000 -99.000 -99.000 -99.000 -99.000 -99.000 -99.000 -99.000 -99.000 -99.000 -99.000 -99.000 -99.000 -99.000 -99.000 -99.000 -99.000 -99.000 -99.000 -99.000 -99.000 -99.000 -99.000 -99.000 -99.000 -99.000 -99.000 -99.000 -99.000 -99.000 -99.000 -99.000 -99.000 -99.000 -99.000 -99.000 -99.000 -99.000 1.644 1.662 1.754 1.948 2.225 2.557 2.905 3.232 3.516 3.752 3.940 4.090 4.209 4.308 4.391 4.463 4.528 4.587 4.644 4.697 4.748 4.797 4.844 4.890 4.934 4.976 5.016 5.054 5.088 5.120
-99.000 -99.000 -99.000 -99.000 -99.000 -99.000 -99.000 -99.000 -99.000 -99.000 -99.000 -99.000 -99.000 -99.000 -99.000 -99.000 -99.000 -99.000 -99.000 -99.000 -99.000 -99.000 -99.000 -99.000 -99.000 -99.000 -99.000 -99.000 -99.000 -99.000 -99.000 -99.000 -99.000 -99.000 -99.000 -99.000 -99.000 -99.000 -99.000 1.643 1.646 1.686 1.819 2.049 2.351 2.694 3.037 3.348 3.614 3.830 4.003 4.141 4.252 4.345 4.424 4.494 4.557 4.615 4.671 4.724 4.774 4.823 4.870 4.916 4.961 5.003 5.044 5.083 5.118 5.151
-99.000 -99.000 -99.000 -99.000 -99.000 -99.000 -99.000 -99.000 -99.000 -99.000 -99.000 -99.000 -99.000 -99.000 -99.000 -99.000 -99.000 -99.000 -99.000 -99.000 -99.000 -99.000 -99.000 -99.000 -99.000 -99.000 -99.000 -99.000 -99.000 -99.000 -99.000 -99.000 -99.000 -99.000 -99.000 -99.000 -99.000 -99.000 -99.000 1.643 1.654 1.726 1.899 2.161 2.483 2.830 3.162 3.456 3.702 3.901 4.059 4.187 4.291 4.379 4.456 4.524 4.585 4.643 4.698 4.750 4.801 4.850 4.897 4.943 4.988 5.031 5.073 5.113 5.150 5.183
-99.000 -99.000 -99.000 -99.000 -99.000 -99.000 -99.000 -99.000 -99.000 -99.000 -99.000 -99.000 -99.000 -99.000 -99.000 -99.000 -99.000 -99.000 -99.000 -99.000 -99.000 -99.000 -99.000 -99.000 -99.000 -99.000 -99.000 -99.000 -99.000 -99.000 -99.000 -99.000 -99.000 -99.000 -99.000 -99.000 -99.000 -99.000 1.643 1.645 1.671 1.782 1.994 2.282 2.619 2.963 3.281 3.556 3.782 3.964 4.110 4.228 4.327 4.411 4.486 4.553 4.613 4.670 4.725 4.777 4.827 4.876 4.924 4.970 5.016 5.060 5.103 5.144 5.182 5.218
-99.000 -99.000 -99.000 -99.000 -99.000 -99.000 -99.000 -99.000 -99.000 -99.000 -99.000 -99.000 -99.000 -99.000 -99.000 -99.000 -99.000 -99.000 -99.000 -99.000 -99.000 -99.000 -99.000 -99.000 -99.000 -99.000 -99.000 -99.000 -99.000 -99.000 -99.000 -99.000 -99.000 -99.000 -99.000 -99.000 -99.000 -99.000 1.643 1.649 1.703 1.855 2.101 2.412 2.756 3.091 3.392 3.647 3.854 4.021 4.156 4.266 4.360 4.441 4.514 4.580 4.640 4.696 4.751 4.803 4.854 4.903 4.951 4.997 5.043 5.089 5.133 5.175 5.216 5.253
-99.000 -99.000 -99.000 -99.000 -99.000 -99.000 -99.000 -99.000 -99.000 -99.000 -99.000 -99.000 -99.000 -99.000 -99.000 -99.000 -99.000 -99.000 -99.000 -99.000 -99.000 -99.000 -99.000 -99.000 -99.000 -99.000 -99.000 -99.000 -99.000 -99.000 -99.000 -99.000 -99.000 -99.000 -99.000 -99.000 -99.000 -99.000 1.644 1.661 1.751 1.944 2.219 2.548 2.891 3.214 3.496 3.731 3.920 4.073 4.197 4.301 4.390 4.468 4.539 4.605 4.664 4.721 4.776 4.828 4.879 4.928 4.977 5.024 5.071 5.117 5.162 5.207 5.249 5.289
-99.000 -99.000 -99.000 -99.000 -99.000 -99.000 -99.000 -99.000 -99.000 -99.000 -99.000 -99.000 -99.000 -99.000 -99.000 -99.000 -99.000 -99.000 -99.000 -99.000 -99.000 -99.000 -99.000 -99.000 -99.000 -99.000 -99.000 -99.000 -99.000 -99.000 -99.000 -99.000 -99.000 -99.000 -99.000 -99.000 -99.000 1.643 1.646 1.685 1.817 2.046 2.347 2.687 3.024 3.331 3.593 3.808 3.981 4.121 4.235 4.333 4.417 4.493 4.563 4.627 4.687 4.744 4.799 4.851 4.902 4.952 5.001 5.049 5.097 5.144 5.191 5.237 5.281 5.323
-99.000 -99.000 -99.000 -99.000 -99.000 -99.000 -99.000 -99.000 -99.000 -99.000 -99.000 -99.000 -99.000 -99.000 -99.000 -99.000 -99.000 -99.000 -99.000 -99.000 -99.000 -99.000 -99.000 -99.000 -99.000 -99.000 -99.000 -99.000 -99.000 -99.000 -99.000 -99.000 -99.000 -99.000 -99.000 -99.000 -99.000 1.643 1.654 1.726 1.900 2.161 2.483 2.826 3.154 3.443 3.684 3.880 4.038 4.165 4.271 4.362 4.443 4.516 4.584 4.648 4.707 4.764 4.819 4.872 4.923 4.974 5.023 5.072 5.121 5.169 5.217 5.264 5.311 5.355
-99.000 -99.000 -99.000 -99.000 -99.000 -99.000 -99.000 -99.000 -99.000 -99.000 -99.000 -99.000 -99.000 -99.000 -99.000 -99.000 -99.000 -99.000 -99.000 -99.000 -99.000 -99.000 -99.000 -99.000 -99.000 -99.000 -99.000 -99.000 -99.000 -99.000 -99.000 -99.000 -99.000 -99.000 -99.000 -99.000 1.643 1.645 1.672 1.784 1.997 2.288 2.625 2.965 3.279 3.549 3.770 3.948 4.091 4.207 4.305 4.390 4.467 4.537 4.603 4.666 4.724 4.781 4.836 4.890 4.941 4.992 5.042 5.092 5.141 5.190 5.240 5.289 5.337 5.384
-99.000 -99.000 -99.000 -99.000 -99.000 -99.000 -99.000 -99.000 -99.000 -99.000 -99.000 -99.000 -99.000 -99.000 -99.000 -99.000 -99.000 -99.000 -99.000 -99.000 -99.000 -99.000 -99.000 -99.000 -99.000 -99.000 -99.000 -99.000 -99.000 -99.000 -99.000 -99.000 -99.000 -99.000 -99.000 -99.000 1.643 1.649 1.705 1.860 2.109 2.424 2.769 3.102 3.400 3.649 3.851 4.012 4.141 4.247 4.337 4.417 4.490 4.557 4.621 4.682 4.740 4.796 4.851 4.904 4.956 5.007 5.057 5.107 5.157 5.207 5.258 5.308 5.358 5.407
-99.000 -99.000 -99.000 -99.000 -99.000 -99.000 -99.000 -99.000 -99.000 -99.000 -99.000 -99.000 -99.000 -99.000 -99.000 -99.000 -99.000 -99.000 -99.000 -99.000 -99.000 -99.000 -99.000 -99.000 -99.000 -99.000 -99.000 -99.000 -99.000 -99.000 -99.000 -99.000 -99.000 -99.000 -99.000 -99.000 1.644 1.662 1.756 1.953 2.233 2.568 2.914 3.236 3.515 3.744 3.927 4.072 4.189 4.286 4.370 4.444 4.513 4.577 4.638 4.697 4.754 4.809 4.863 4.915 4.967 5.018 5.068 5.119 5.169 5.220 5.271 5.322 5.374 5.425
-99.000 -99.000 -99.000 -99.000 -99.000 -99.000 -99.000 -99.000 -99.000 -99.000 -99.000 -99.000 -99.000 -99.000 -99.000 -99.000 -99.000 -99.000 -99.000 -99.000 -99.000 -99.000 -99.000 -99.000 -99.000 -99.000 -99.000 -99.000 -99.000 -99.000 -99.000 -99.000 -99.000 -99.000 -99.000 1.643 1.647 1.689 1.826 2.061 2.369 2.716 3.057 3.365 3.624 3.834 3.999 4.130 4.236 4.324 4.402 4.472 4.536 4.597 4.656 4.713 4.767 4.821 4.873 4.925 4.976 5.026 5.076 5.126 5.177 5.227 5.279 5.331 5.384 5.437
-99.000 -99.000 -99.000 -99.000 -99.000 -99.000 -99.000 -99.000 -99.000 -99.000 -99.000 -99.000 -99.000 -99.000 -99.000 -99.000 -99.000 -99.000 -99.000 -99.000 -99.000 -99.000 -99.000 -99.000 -99.000 -99.000 -99.000 -99.000 -99.000 -99.000 -99.000 -99.000 -99.000 -99.000 -99.000 1.643 1.656 1.733 1.914 2.183 2.514 2.866 3.198 3.488 3.727 3.917 4.066 4.184 4.281 4.362 4.434 4.500 4.561 4.619 4.675 4.729 4.781 4.833 4.884 4.934 4.983 5.033 5.082 5.131 5.181 5.231 5.283 5.335 5.389 5.443
-99.000 -99.000 -99.000 -99.000 -99.000 -99.000 -99.000 -99.000 -99.000 -99.000 -99.000 -99.000 -99.000 -99.000 -99.000 -99.000 -99.000 -99.000 -99.000 -99.000 -99.000 -99.000 -99.000 -99.000 -99.000 -99.000 -99.000 -99.000 -99.000 -99.000 -99.000 -99.000 -99.000 -99.000 1.643 1.645 1.676 1.796 2.018 2.317 2.665 3.015 3.334 3.605 3.823 3.995 4.129 4.236 4.324 4.400 4.467 4.529 4.587 4.642 4.696 4.747 4.797 4.847 4.896 4.944 4.992 5.039 5.087 5.135 5.183 5.233 5.283 5.336 5.389 5.444
-99.000 -99.000 -99.000 -99.000 -99.000 -99.000 -99.000 -99.000 -99.000 -99.000 -99.000 -99.000 -99.000 -99.000 -99.000 -99.000 -99.000 -99.000 -99.000 -99.000 -99.000 -99.000 -99.000 -99.000 -99.000 -99.000 -99.000 -99.000 -99.000 -99.000 -99.000 -99.000 -99.000 -99.000 1.643 1.651 1.714 1.879 2.136 2.462 2.819 3.162 3.464 3.714 3.912 4.067 4.188 4.285 4.367 4.437 4.500 4.559 4.614 4.667 4.719 4.767 4.815 4.863 4.910 4.957 5.002 5.048 5.093 5.139 5.185 5.233 5.282 5.332 5.385 5.440
-99.000 -99.000 -99.000 -99.000 -99.000 -99.000 -99.000 -99.000 -99.000 -99.000 -99.000 -99.000 -99.000 -99.000 -99.000 -99.000 -99.000 -99.000 -99.000 -99.000 -99.000 -99.000 -99.000 -99.000 -99.000 -99.000 -99.000 -99.000 -99.000 -99.000 -99.000 -99.000 -99.000 -99.000 1.644 1.667 1.771 1.978 2.268 2.614 2.973 3.303 3.586 3.815 3.994 4.133 4.243 4.332 4.407 4.474 4.534 4.589 4.643 4.694 4.743 4.790 4.837 4.883 4.928 4.973 5.016 5.059 5.102 5.145 5.189 5.233 5.279 5.327 5.378 5.432
-99.000 -99.000 -99.000 -99.000 -99.000 -99.000 -99.000 -99.000 -99.000 -99.000 -99.000 -99.000 -99.000 -99.000 -99.000 -99.000 -99.000 -99.000 -99.000 -99.000 -99.000 -99.000 -99.000 -99.000 -99.000 -99.000 -99.000 -99.000 -99.000 -99.000 -99.000 -99.000 -99.000 1.643 1.648 1.698 1.847 2.093 2.411 2.771 3.124 3.438 3.700 3.908 4.069 4.195 4.295 4.377 4.447 4.510 4.567 4.621 4.672 4.722 4.770 4.816 4.861 4.906 4.949 4.992 5.034 5.075 5.115 5.154 5.194 5.235 5.277 5.321 5.369 5.420
-99.000 -99.000 -99.000 -99.000 -99.000 -99.000 -99.000 -99.000 -99.000 -99.000 -99.000 -99.000 -99.000 -99.000 -99.000 -99.000 -99.000 -99.000 -99.000 -99.000 -99.000 -99.000 -99.000 -99.000 -99.000 -99.000 -99.000 -99.000 -99.000 -99.000 -99.000 -99.000 -99.000 1.644 1.660 1.748 1.941 2.221 2.562 2.927 3.269 3.564 3.805 3.993 4.139 4.253 4.344 4.420 4.486 4.545 4.600 4.652 4.702 4.750 4.797 4.842 4.887 4.931 4.974 5.015 5.056 5.094 5.131 5.168 5.203 5.239 5.276 5.315 5.358 5.405
-99.000 -99.000 -99.000 -99.000 -99.000 -99.000 -99.000 -99.000 -99.000 -99.000 -99.000 -99.000 -99.000 -99.000 -99.000 -99.000 -99.000 -99.000 -99.000 -99.000 -99.000 -99.000 -99.000 -99.000 -99.000 -99.000 -99.000 -99.000 -99.000 -99.000 -99.000 -99.000 1.643 1.646 1.685 1.818 2.051 2.360 2.718 3.081 3.407 3.682 3.901 4.071 4.202 4.306 4.390 4.461 4.524 4.580 4.633 4.684 4.733 4.780 4.826 4.871 4.914 4.958 5.000 5.041 5.080 5.117 5.152 5.184 5.215 5.245 5.276 5.309 5.347 5.389
-99.000 -99.000 -99.000 -99.000 -99.000 -99.000 -99.000 -99.000 -99.000 -99.000 -99.000 -99.000 -99.000 -99.000 -99.000 -99.000 -99.000 -99.000 -99.000 -99.000 -99.000 -99.000 -99.000 -99.000 -99.000 -99.000 -99.000 -99.000 -99.000 -99.000 -99.000 -99.000 1.643 1.654 1.728 1.906 2.174 2.508 2.875 3.229 3.537 3.789 3.988 4.142 4.261 4.356 4.434 4.501 4.561 4.615 4.667 4.716 4.764 4.810 4.856 4.900 4.943 4.987 5.029 5.069 5.108 5.143 5.175 5.204 5.230 5.255 5.279 5.305 5.336 5.373
-99.000 -99.000 -99.000 -99.000 -99.000 -99.000 -99.000 -99.000 -99.000 -99.000 -99.000 -99.000 -99.000 -99.000 -99.000 -99.000 -99.000 -99.000 -99.000 -99.000 -99.000 -99.000 -99.000 -99.000 -99.000 -99.000 -99.000 -99.000 -99.000 -99.000 -99.000 -99.000 1.645 1.674 1.790 2.009 2.308 2.661 3.029 3.369 3.656 3.887 4.067 4.206 4.315 4.403 4.476 4.540 4.597 4.650 4.700 4.748 4.795 4.841 4.887 4.930 4.974 5.017 5.059 5.099 5.137 5.171 5.202 5.228 5.250 5.268 5.286 5.305 5.328 5.358
-99.000 -99.000 -99.000 -99.000 -99.000 -99.000 -99.000 -99.000 -99.000 -99.000 -99.000 -99.000 -99.000 -99.000 -99.000 -99.000 -99.000 -99.000 -99.000 -99.000 -99.000 -99.000 -99.000 -99.000 -99.000 -99.000 -99.000 -99.000 -99.000 -99.000 -99.000 1.644 1.650 1.709 1.870 2.126 2.450 2.815 3.179 3.500 3.766 3.976 4.139 4.265 4.365 4.447 4.517 4.577 4.633 4.684 4.734 4.781 4.827 4.873 4.918 4.962 5.005 5.048 5.090 5.131 5.168 5.202 5.231 5.255 5.273 5.287 5.298 5.310 5.326 5.349
-99.000 -99.000 -99.000 -99.000 -99.000 -99.000 -99.000 -99.000 -99.000 -99.000 -99.000 -99.000 -99.000 -99.000 -99.000 -99.000 -99.000 -99.000 -99.000 -99.000 -99.000 -99.000 -99.000 -99.000 -99.000 -99.000 -99.000 -99.000 -99.000 -99.000 -99.000 1.645 1.664 1.764 1.967 2.254 2.599 2.969 3.320 3.621 3.864 4.055 4.203 4.319 4.412 4.489 4.555 4.614 4.668 4.719 4.767 4.814 4.860 4.905 4.950 4.994 5.037 5.081 5.123 5.163 5.201 5.234 5.263 5.286 5.302 5.312 5.318 5.324 5.333 5.350
-99.000 -99.000 -99.000 -99.000 -99.000 -99.000 -99.000 -99.000 -99.000 -99.000 -99.000 -99.000 -99.000 -99.000 -99.000 -99.000 -99.000 -99.000 -99.000 -99.000 -99.000 -99.000 -99.000 -99.000 -99.000 -99.000 -99.000 -99.000 -99.000 -99.000 1.644 1.648 1.693 1.836 2.077 2.391 2.751 3.119 3.452 3.731 3.953 4.126 4.261 4.367 4.455 4.528 4.592 4.650 4.703 4.753 4.801 4.847 4.893 4.938 4.983 5.027 5.070 5.114 5.156 5.197 5.235 5.269 5.298 5.320 5.336 5.344 5.348 5.350 5.354 5.365
-99.000 -99.000 -99.000 -99.000 -99.000 -99.000 -99.000 -99.000 -99.000 -99.000 -99.000 -99.000 -99.000 -99.000 -99.000 -99.000 -99.000 -99.000 -99.000 -99.000 -99.000 -99.000 -99.000 -99.000 -99.000 -99.000 -99.000 -99.000 -99.000 -99.000 1.644 1.658 1.739 1.925 2.198 2.535 2.903 3.262 3.575 3.830 4.032 4.189 4.312 4.412 4.494 4.565 4.627 4.684 4.736 4.786 4.834 4.880 4.926 4.971 5.016 5.060 5.104 5.148 5.190 5.232 5.270 5.305 5.335 5.359 5.375 5.384 5.387 5.387 5.389 5.396
-99.000 -99.000 -99.000 -99.000 -99.000 -99.000 -99.000 -99.000 -99.000 -99.000 -99.000 -99.000 -99.000 -99.000 -99.000 -99.000 -99.000 -99.000 -99.000 -99.000 -99.000 -99.000 -99.000 -99.000 -99.000 -99.000 -99.000 -99.000 -99.000 1.644 1.646 1.680 1.803 2.028 2.330 2.684 3.054 3.396 3.686 3.919 4.102 4.245 4.359 4.452 4.530 4.599 4.660 4.716 4.769 4.818 4.866 4.913 4.958 5.004 5.049 5.093 5.137 5.181 5.225 5.267 5.306 5.343 5.374 5.400 5.418 5.429 5.434 5.435 5.437 5.442
-99.000 -99.000 -99.000 -99.000 -99.000 -99.000 -99.000 -99.000 -99.000 -99.000 -99.000 -99.000 -99.000 -99.000 -99.000 -99.000 -99.000 -99.000 -99.000 -99.000 -99.000 -99.000 -99.000 -99.000 -99.000 -99.000 -99.000 -99.000 -99.000 1.644 1.652 1.717 1.883 2.143 2.469 2.834 3.198 3.521 3.787 3.999 4.164 4.295 4.400 4.488 4.564 4.630 4.691 4.746 4.799 4.849 4.897 4.943 4.989 5.035 5.080 5.125 5.170 5.215 5.259 5.302 5.342 5.380 5.413 5.441 5.463 5.478 5.487 5.492 5.495 5.501
-99.000 -99.000 -99.000 -99.000 -99.000 -99.000 -99.000 -99.000 -99.000 -99.000 -99.000 -99.000 -99.000 -99.000 -99.000 -99.000 -99.000 -99.000 -99.000 -99.000 -99.000 -99.000 -99.000 -99.000 -99.000 -99.000 -99.000 -99.000 -99.000 1.645 1.668 1.772 1.978 2.268 2.615 2.985 3.336 3.636 3.879 4.070 4.221 4.340 4.438 4.522 4.594 4.659 4.719 4.775 4.827 4.877 4.925 4.972 5.019 5.065 5.111 5.156 5.201 5.246 5.291 5.335 5.377 5.416 5.452 5.483 5.508 5.527 5.541 5.552 5.560 5.568
-99.000 -99.000 -99.000 -99.000 -99.000 -99.000 -99.000 -99.000 -99.000 -99.000 -99.000 -99.000 -99.000 -99.000 -99.000 -99.000 -99.000 -99.000 -99.000 -99.000 -99.000 -99.000 -99.000 -99.000 -99.000 -99.000 -99.000 -99.000 1.644 1.649 1.697 1.844 2.086 2.402 2.763 3.131 3.464 3.741 3.962 4.135 4.272 4.382 4.473 4.552 4.622 4.686 4.745 4.800 4.853 4.903 4.951 4.999 5.046 5.092 5.138 5.184 5.230 5.276 5.322 5.366 5.409 5.450 5.488 5.521 5.551 5.575 5.595 5.612 5.626 5.639
