TsunamiDB/out54102.asc
ncols          264
nrows          230
xllcorner      497853.4375
yllcorner      4229146.0000
cellsize         5.
NODATA_value   -99
[rows 34 to 67 of 230, columns 0 to 76 of 264]
-99.000 -99.000 -99.000 -99.000 -99.000 -99.000 -99.000 -99.000 -99.000 -99.000 -99.000 -99.000 -99.000 -99.000 1.651 1.665 1.747 1.924 2.175 2.457 2.731 2.970 3.165 3.318 3.438 3.535 3.617 3.688 3.753 3.812 3.868 3.921 3.971 4.020 4.067 4.112 4.156 4.197 4.237 4.277 4.316 4.353 4.390 4.426 4.461 4.495 4.529 4.562 4.594 4.625 4.656 4.686 4.716 4.745 4.774 4.803 4.831 4.859 4.887 4.914 4.941 4.966 4.993 5.019 5.046 5.072 5.097 5.122 5.147 5.172 5.195 5.219 5.241 5.263 5.284 5.305 5.325
-99.000 -99.000 -99.000 -99.000 -99.000 -99.000 -99.000 -99.000 -99.000 -99.000 -99.000 -99.000 -99.000 1.651 1.653 1.689 1.812 2.026 2.295 2.578 2.840 3.061 3.237 3.375 3.485 3.574 3.651 3.719 3.781 3.839 3.893 3.945 3.995 4.042 4.088 4.133 4.176 4.216 4.256 4.295 4.334 4.371 4.407 4.443 4.477 4.511 4.544 4.577 4.608 4.639 4.670 4.700 4.729 4.758 4.787 4.815 4.843 4.871 4.898 4.925 4.951 4.977 5.003 5.029 5.055 5.081 5.107 5.132 5.157 5.181 5.205 5.229 5.252 5.274 5.296 5.317 5.337
-99.000 -99.000 -99.000 -99.000 -99.000 -99.000 -99.000 -99.000 -99.000 -99.000 -99.000 -99.000 -99.000 1.651 1.661 1.730 1.895 2.138 2.418 2.696 2.942 3.144 3.303 3.427 3.528 3.611 3.684 3.749 3.809 3.866 3.919 3.969 4.018 4.065 4.110 4.154 4.196 4.236 4.275 4.314 4.351 4.388 4.424 4.459 4.493 4.527 4.560 4.592 4.623 4.654 4.684 4.714 4.743 4.771 4.799 4.827 4.855 4.882 4.909 4.936 4.962 4.987 5.013 5.039 5.065 5.090 5.116 5.141 5.166 5.191 5.215 5.239 5.262 5.284 5.306 5.328 5.349
-99.000 -99.000 -99.000 -99.000 -99.000 -99.000 -99.000 -99.000 -99.000 -99.000 -99.000 -99.000 1.651 1.653 1.680 1.789 1.992 2.257 2.541 2.808 3.036 3.219 3.362 3.475 3.568 3.646 3.716 3.779 3.837 3.892 3.944 3.993 4.041 4.087 4.131 4.174 4.216 4.255 4.294 4.332 4.369 4.405 4.441 4.475 4.509 4.542 4.575 4.607 4.638 4.668 4.698 4.727 4.756 4.784 4.812 4.840 4.867 4.894 4.920 4.947 4.972 4.997 5.023 5.048 5.074 5.099 5.125 5.150 5.175 5.199 5.223 5.247 5.271 5.294 5.316 5.338 5.359
-99.000 -99.000 -99.000 -99.000 -99.000 -99.000 -99.000 -99.000 -99.000 -99.000 -99.000 -99.000 1.651 1.658 1.715 1.867 2.101 2.379 2.660 2.913 3.121 3.287 3.416 3.520 3.606 3.680 3.746 3.807 3.864 3.918 3.969 4.017 4.064 4.109 4.153 4.195 4.236 4.275 4.313 4.350 4.387 4.423 4.458 4.492 4.525 4.558 4.590 4.622 4.652 4.682 4.712 4.741 4.769 4.797 4.825 4.852 4.879 4.905 4.932 4.958 4.983 5.007 5.032 5.058 5.083 5.108 5.133 5.158 5.183 5.207 5.231 5.255 5.279 5.302 5.325 5.347 5.369
-99.000 -99.000 -99.000 -99.000 -99.000 -99.000 -99.000 -99.000 -99.000 -99.000 -99.000 -99.000 1.652 1.673 1.768 1.960 2.219 2.503 2.775 3.010 3.199 3.348 3.466 3.561 3.642 3.713 3.777 3.836 3.891 3.943 3.993 4.041 4.087 4.131 4.174 4.216 4.256 4.294 4.332 4.369 4.405 4.440 4.475 4.509 4.542 4.574 4.606 4.637 4.667 4.697 4.726 4.755 4.783 4.811 4.838 4.865 4.891 4.917 4.943 4.969 4.993 5.018 5.042 5.067 5.092 5.117 5.141 5.166 5.190 5.215 5.239 5.263 5.286 5.310 5.333 5.355 5.378
-99.000 -99.000 -99.000 -99.000 -99.000 -99.000 -99.000 -99.000 -99.000 -99.000 -99.000 1.651 1.656 1.702 1.840 2.066 2.341 2.624 2.883 3.098 3.270 3.404 3.512 3.600 3.677 3.744 3.806 3.864 3.918 3.969 4.018 4.065 4.110 4.154 4.196 4.237 4.276 4.314 4.351 4.387 4.423 4.458 4.492 4.525 4.558 4.590 4.621 4.652 4.682 4.711 4.740 4.769 4.797 4.824 4.851 4.877 4.903 4.929 4.955 4.980 5.004 5.028 5.052 5.077 5.101 5.125 5.150 5.174 5.198 5.222 5.246 5.270 5.293 5.317 5.340 5.363 5.385
-99.000 -99.000 -99.000 -99.000 -99.000 -99.000 -99.000 -99.000 -99.000 -99.000 -99.000 1.652 1.667 1.750 1.929 2.182 2.465 2.741 2.983 3.179 3.334 3.456 3.555 3.638 3.710 3.775 3.835 3.891 3.944 3.995 4.043 4.089 4.133 4.176 4.217 4.258 4.297 4.334 4.370 4.406 4.441 4.476 4.509 4.542 4.574 4.606 4.637 4.667 4.697 4.726 4.755 4.783 4.810 4.838 4.864 4.890 4.916 4.942 4.967 4.992 5.015 5.039 5.063 5.087 5.110 5.134 5.158 5.182 5.206 5.229 5.253 5.277 5.300 5.323 5.346 5.369 5.392
-99.000 -99.000 -99.000 -99.000 -99.000 -99.000 -99.000 -99.000 -99.000 -99.000 1.651 1.654 1.692 1.817 2.032 2.304 2.589 2.852 3.075 3.253 3.392 3.503 3.595 3.673 3.743 3.806 3.864 3.919 3.971 4.020 4.067 4.113 4.156 4.198 4.239 4.279 4.317 4.354 4.389 4.425 4.460 4.493 4.527 4.559 4.591 4.622 4.653 4.683 4.712 4.741 4.770 4.797 4.825 4.851 4.878 4.904 4.929 4.954 4.979 5.004 5.027 5.050 5.073 5.097 5.120 5.144 5.167 5.190 5.214 5.237 5.260 5.283 5.306 5.330 5.353 5.375 5.398
-99.000 -99.000 -99.000 -99.000 -99.000 -99.000 -99.000 -99.000 -99.000 -99.000 1.651 1.662 1.734 1.902 2.146 2.429 2.708 2.956 3.159 3.319 3.446 3.548 3.633 3.708 3.774 3.836 3.893 3.946 3.997 4.045 4.092 4.136 4.179 4.221 4.261 4.300 4.338 4.374 4.409 4.444 4.478 4.512 4.544 4.576 4.608 4.639 4.669 4.699 4.728 4.756 4.784 4.812 4.839 4.866 4.892 4.917 4.942 4.967 4.992 5.016 5.039 5.061 5.085 5.108 5.131 5.153 5.176 5.199 5.222 5.245 5.267 5.290 5.313 5.336 5.358 5.381 5.404
-99.000 -99.000 -99.000 -99.000 -99.000 -99.000 -99.000 -99.000 -99.000 1.651 1.653 1.683 1.796 2.002 2.268 2.554 2.822 3.051 3.235 3.380 3.495 3.589 3.670 3.741 3.806 3.865 3.921 3.973 4.023 4.071 4.116 4.160 4.202 4.243 4.283 4.321 4.358 4.394 4.428 4.463 4.497 4.530 4.562 4.594 4.625 4.655 4.685 4.715 4.743 4.772 4.800 4.827 4.854 4.880 4.906 4.931 4.956 4.981 5.005 5.029 5.051 5.074 5.096 5.119 5.141 5.164 5.186 5.208 5.231 5.253 5.275 5.297 5.320 5.342 5.364 5.387 5.409
-99.000 -99.000 -99.000 -99.000 -99.000 -99.000 -99.000 -99.000 -99.000 1.651 1.659 1.720 1.877 2.115 2.394 2.676 2.929 3.138 3.304 3.435 3.541 3.629 3.705 3.774 3.836 3.894 3.949 4.000 4.049 4.096 4.141 4.184 4.225 4.266 4.304 4.342 4.379 4.414 4.448 4.482 4.515 4.548 4.580 4.611 4.642 4.672 4.702 4.731 4.759 4.787 4.815 4.842 4.868 4.895 4.920 4.945 4.970 4.994 5.018 5.042 5.064 5.086 5.108 5.131 5.153 5.175 5.197 5.218 5.240 5.262 5.283 5.305 5.327 5.349 5.371 5.393 5.415
-99.000 -99.000 -99.000 -99.000 -99.000 -99.000 -99.000 -99.000 -99.000 1.652 1.676 1.778 1.974 2.237 2.522 2.794 3.028 3.218 3.367 3.486 3.584 3.667 3.740 3.806 3.866 3.923 3.977 4.027 4.075 4.121 4.165 4.208 4.249 4.288 4.326 4.363 4.400 4.434 4.468 4.501 4.534 4.566 4.598 4.629 4.659 4.689 4.718 4.747 4.775 4.803 4.830 4.857 4.883 4.909 4.935 4.960 4.984 5.008 5.032 5.055 5.078 5.099 5.121 5.143 5.165 5.186 5.208 5.229 5.250 5.271 5.292 5.314 5.335 5.356 5.377 5.399 5.420
-99.000 -99.000 -99.000 -99.000 -99.000 -99.000 -99.000 -99.000 1.651 1.657 1.709 1.855 2.086 2.363 2.647 2.904 3.119 3.290 3.425 3.533 3.624 3.703 3.773 3.837 3.896 3.952 4.004 4.054 4.101 4.146 4.190 4.231 4.272 4.311 4.348 4.385 4.420 4.454 4.487 4.520 4.553 4.584 4.616 4.646 4.676 4.706 4.734 4.763 4.791 4.818 4.845 4.872 4.898 4.924 4.949 4.974 4.999 5.022 5.046 5.069 5.091 5.112 5.134 5.156 5.177 5.198 5.219 5.240 5.261 5.282 5.302 5.323 5.343 5.364 5.385 5.406 5.427
-99.000 -99.000 -99.000 -99.000 -99.000 -99.000 -99.000 -99.000 1.652 1.671 1.763 1.951 2.208 2.493 2.767 3.006 3.201 3.355 3.477 3.577 3.663 3.738 3.805 3.868 3.926 3.980 4.032 4.080 4.127 4.171 4.214 4.255 4.295 4.333 4.370 4.406 4.441 4.474 4.507 4.540 4.572 4.603 4.633 4.664 4.693 4.722 4.751 4.779 4.807 4.834 4.861 4.887 4.913 4.939 4.964 4.989 5.013 5.037 5.060 5.083 5.105 5.126 5.148 5.169 5.190 5.211 5.232 5.252 5.273 5.293 5.313 5.333 5.353 5.373 5.393 5.413 5.434
-99.000 -99.000 -99.000 -99.000 -99.000 -99.000 -99.000 1.651 1.655 1.700 1.837 2.062 2.337 2.621 2.881 3.100 3.275 3.414 3.525 3.619 3.699 3.772 3.837 3.898 3.955 4.008 4.059 4.107 4.152 4.196 4.238 4.279 4.318 4.355 4.392 4.428 4.462 4.494 4.527 4.559 4.590 4.621 4.651 4.681 4.710 4.739 4.767 4.795 4.823 4.850 4.876 4.902 4.928 4.953 4.978 5.003 5.027 5.051 5.074 5.097 5.119 5.140 5.161 5.183 5.204 5.224 5.245 5.265 5.285 5.304 5.324 5.344 5.363 5.383 5.402 5.422 5.442
-99.000 -99.000 -99.000 -99.000 -99.000 -99.000 -99.000 1.652 1.667 1.751 1.932 2.185 2.469 2.745 2.987 3.185 3.342 3.467 3.570 3.658 3.735 3.804 3.868 3.928 3.984 4.036 4.086 4.133 4.178 4.221 4.262 4.302 4.341 4.378 4.414 4.449 4.482 4.514 4.547 4.578 4.609 4.640 4.669 4.699 4.727 4.756 4.784 4.811 4.838 4.865 4.891 4.917 4.943 4.968 4.993 5.017 5.041 5.065 5.088 5.111 5.132 5.153 5.175 5.196 5.217 5.238 5.258 5.278 5.297 5.317 5.336 5.355 5.374 5.393 5.412 5.431 5.450
-99.000 -99.000 -99.000 -99.000 -99.000 -99.000 1.651 1.654 1.694 1.824 2.043 2.316 2.600 2.862 3.083 3.261 3.402 3.516 3.612 3.695 3.769 3.836 3.899 3.957 4.012 4.063 4.112 4.159 4.203 4.246 4.286 4.326 4.364 4.400 4.436 4.470 4.503 4.534 4.566 4.597 4.628 4.658 4.687 4.716 4.745 4.773 4.800 4.827 4.854 4.880 4.906 4.932 4.957 4.982 5.007 5.031 5.055 5.079 5.102 5.125 5.146 5.167 5.188 5.210 5.230 5.251 5.271 5.291 5.310 5.330 5.349 5.367 5.386 5.405 5.423 5.441 5.460
-99.000 -99.000 -99.000 -99.000 -99.000 -99.000 1.651 1.665 1.743 1.918 2.167 2.450 2.728 2.970 3.170 3.329 3.457 3.561 3.651 3.730 3.802 3.867 3.929 3.986 4.040 4.091 4.139 4.185 4.228 4.270 4.310 4.349 4.386 4.423 4.457 4.492 4.524 4.555 4.586 4.617 4.647 4.676 4.705 4.734 4.762 4.789 4.816 4.843 4.870 4.896 4.921 4.947 4.972 4.997 5.021 5.045 5.069 5.093 5.116 5.138 5.159 5.180 5.202 5.223 5.244 5.264 5.284 5.304 5.323 5.343 5.361 5.380 5.398 5.417 5.435 5.453 5.471
-99.000 -99.000 -99.000 -99.000 -99.000 1.651 1.654 1.690 1.815 2.030 2.301 2.585 2.848 3.069 3.248 3.391 3.506 3.603 3.688 3.764 3.833 3.897 3.958 4.014 4.067 4.117 4.165 4.210 4.253 4.295 4.334 4.372 4.409 4.445 4.479 4.513 4.545 4.575 4.606 4.636 4.666 4.695 4.723 4.751 4.779 4.806 4.833 4.859 4.885 4.911 4.936 4.961 4.986 5.011 5.035 5.059 5.083 5.106 5.129 5.151 5.172 5.193 5.215 5.236 5.257 5.277 5.297 5.317 5.337 5.356 5.374 5.393 5.411 5.429 5.447 5.464 5.482
-99.000 -99.000 -99.000 -99.000 -99.000 1.651 1.663 1.738 1.910 2.157 2.439 2.715 2.959 3.159 3.318 3.446 3.552 3.642 3.723 3.796 3.864 3.927 3.986 4.041 4.094 4.143 4.191 4.235 4.278 4.319 4.358 4.396 4.432 4.467 4.501 4.534 4.565 4.596 4.626 4.656 4.685 4.714 4.742 4.769 4.796 4.823 4.849 4.875 4.901 4.926 4.951 4.976 5.000 5.025 5.049 5.072 5.096 5.119 5.142 5.163 5.185 5.206 5.227 5.249 5.269 5.290 5.310 5.330 5.349 5.368 5.387 5.406 5.424 5.442 5.459 5.477 5.494
-99.000 -99.000 -99.000 -99.000 1.651 1.654 1.689 1.811 2.024 2.293 2.576 2.838 3.060 3.238 3.380 3.496 3.593 3.679 3.756 3.827 3.893 3.955 4.013 4.068 4.120 4.169 4.216 4.260 4.302 4.343 4.382 4.419 4.455 4.489 4.523 4.556 4.586 4.616 4.646 4.676 4.704 4.732 4.760 4.787 4.814 4.840 4.866 4.892 4.917 4.942 4.966 4.991 5.015 5.039 5.062 5.086 5.109 5.132 5.154 5.176 5.197 5.218 5.240 5.261 5.282 5.302 5.322 5.342 5.362 5.381 5.400 5.418 5.436 5.454 5.472 5.489 5.506
-99.000 -99.000 -99.000 -99.000 1.651 1.663 1.737 1.907 2.153 2.434 2.709 2.952 3.151 3.308 3.435 3.541 3.632 3.713 3.787 3.857 3.921 3.982 4.040 4.094 4.146 4.194 4.241 4.285 4.326 4.366 4.405 4.442 4.477 4.512 4.545 4.577 4.607 4.637 4.666 4.695 4.724 4.751 4.779 4.805 4.832 4.857 4.883 4.908 4.933 4.957 4.981 5.005 5.029 5.053 5.076 5.099 5.122 5.144 5.167 5.188 5.209 5.230 5.252 5.273 5.293 5.314 5.334 5.354 5.374 5.393 5.412 5.430 5.449 5.467 5.484 5.502 5.519
-99.000 -99.000 -99.000 1.651 1.654 1.689 1.811 2.024 2.292 2.574 2.834 3.054 3.231 3.371 3.485 3.582 3.668 3.745 3.817 3.885 3.949 4.009 4.066 4.119 4.170 4.219 4.265 4.308 4.350 4.390 4.428 4.464 4.500 4.534 4.567 4.598 4.628 4.658 4.687 4.715 4.743 4.771 4.797 4.824 4.849 4.875 4.900 4.925 4.949 4.973 4.997 5.020 5.044 5.067 5.089 5.112 5.135 5.157 5.179 5.200 5.221 5.242 5.263 5.284 5.305 5.325 5.346 5.365 5.385 5.404 5.423 5.442 5.461 5.479 5.496 5.514 5.531
-99.000 -99.000 -99.000 1.651 1.663 1.738 1.910 2.156 2.436 2.709 2.949 3.145 3.302 3.426 3.530 3.620 3.701 3.776 3.846 3.912 3.975 4.034 4.090 4.144 4.194 4.243 4.288 4.332 4.373 4.413 4.451 4.487 4.522 4.556 4.588 4.620 4.649 4.678 4.707 4.735 4.763 4.790 4.816 4.842 4.868 4.893 4.917 4.941 4.965 4.989 5.012 5.035 5.058 5.081 5.103 5.126 5.148 5.170 5.192 5.212 5.233 5.254 5.274 5.295 5.316 5.336 5.356 5.376 5.396 5.415 5.434 5.453 5.472 5.490 5.508 5.525 5.542
-99.000 -99.000 1.651 1.654 1.690 1.815 2.029 2.298 2.578 2.836 3.052 3.226 3.364 3.476 3.571 3.656 3.733 3.805 3.873 3.938 4.000 4.058 4.114 4.167 4.218 4.265 4.311 4.354 4.396 4.435 4.473 4.509 4.544 4.577 4.610 4.641 4.670 4.699 4.727 4.755 4.783 4.809 4.835 4.861 4.886 4.911 4.935 4.959 4.982 5.005 5.028 5.051 5.073 5.096 5.118 5.139 5.161 5.183 5.204 5.225 5.245 5.265 5.286 5.306 5.327 5.347 5.367 5.387 5.406 5.426 5.445 5.464 5.482 5.501 5.519 5.536 5.554
-99.000 -99.000 1.651 1.664 1.742 1.916 2.164 2.443 2.715 2.951 3.144 3.297 3.420 3.521 3.609 3.689 3.763 3.833 3.899 3.963 4.023 4.081 4.137 4.189 4.240 4.287 4.333 4.376 4.418 4.457 4.495 4.531 4.565 4.598 4.631 4.662 4.691 4.719 4.748 4.775 4.802 4.829 4.854 4.880 4.904 4.929 4.953 4.976 4.999 5.022 5.045 5.067 5.089 5.111 5.132 5.154 5.175 5.196 5.217 5.237 5.257 5.277 5.297 5.317 5.337 5.357 5.377 5.397 5.416 5.436 5.455 5.474 5.492 5.511 5.529 5.547 5.564
-99.000 1.651 1.654 1.693 1.822 2.039 2.308 2.587 2.842 3.055 3.225 3.360 3.469 3.562 3.644 3.720 3.791 3.859 3.924 3.986 4.046 4.103 4.158 4.211 4.261 4.309 4.354 4.397 4.439 4.478 4.516 4.552 4.586 4.619 4.651 4.682 4.712 4.740 4.768 4.795 4.822 4.848 4.874 4.899 4.923 4.947 4.971 4.994 5.017 5.039 5.061 5.083 5.105 5.126 5.147 5.168 5.189 5.210 5.230 5.250 5.269 5.289 5.309 5.328 5.348 5.368 5.387 5.407 5.426 5.445 5.464 5.483 5.502 5.520 5.538 5.556 5.574
-99.000 1.651 1.666 1.748 1.926 2.176 2.455 2.724 2.957 3.146 3.296 3.415 3.514 3.599 3.677 3.749 3.818 3.884 3.947 4.008 4.067 4.124 4.179 4.231 4.281 4.329 4.374 4.418 4.459 4.498 4.536 4.572 4.607 4.640 4.672 4.703 4.732 4.760 4.788 4.815 4.842 4.868 4.893 4.918 4.942 4.966 4.989 5.012 5.034 5.057 5.078 5.100 5.121 5.142 5.163 5.183 5.204 5.224 5.244 5.263 5.282 5.301 5.320 5.340 5.359 5.379 5.398 5.417 5.436 5.455 5.474 5.492 5.511 5.529 5.548 5.566 5.583
1.651 1.655 1.697 1.830 2.051 2.321 2.599 2.851 3.060 3.227 3.358 3.465 3.555 3.634 3.708 3.777 3.844 3.908 3.969 4.029 4.088 4.144 4.198 4.250 4.300 4.347 4.393 4.437 4.478 4.518 4.556 4.592 4.626 4.660 4.692 4.722 4.751 4.779 4.807 4.835 4.861 4.887 4.912 4.937 4.961 4.984 5.007 5.030 5.052 5.074 5.096 5.117 5.138 5.158 5.179 5.199 5.219 5.238 5.258 5.277 5.295 5.314 5.333 5.352 5.371 5.390 5.408 5.427 5.446 5.465 5.483 5.502 5.520 5.538 5.556 5.574 5.592
1.652 1.668 1.755 1.937 2.189 2.468 2.736 2.966 3.151 3.297 3.414 3.510 3.592 3.667 3.737 3.804 3.868 3.930 3.991 4.050 4.107 4.162 4.216 4.268 4.317 4.365 4.411 4.455 4.496 4.536 4.574 4.611 4.646 4.679 4.711 4.742 4.771 4.799 4.827 4.854 4.880 4.906 4.931 4.955 4.979 5.003 5.026 5.048 5.070 5.092 5.113 5.134 5.155 5.175 5.195 5.215 5.235 5.254 5.273 5.291 5.309 5.327 5.346 5.364 5.383 5.401 5.419 5.438 5.456 5.474 5.493 5.511 5.529 5.547 5.565 5.583 5.601
1.656 1.702 1.840 2.064 2.335 2.612 2.862 3.068 3.231 3.359 3.463 3.551 3.628 3.698 3.766 3.830 3.892 3.952 4.011 4.069 4.125 4.180 4.233 4.284 4.334 4.382 4.428 4.472 4.514 4.554 4.592 4.629 4.664 4.697 4.729 4.760 4.789 4.817 4.845 4.872 4.899 4.924 4.949 4.974 4.998 5.021 5.044 5.066 5.088 5.110 5.131 5.152 5.172 5.192 5.212 5.232 5.251 5.270 5.288 5.306 5.323 5.341 5.359 5.377 5.395 5.413 5.431 5.449 5.467 5.485 5.502 5.520 5.538 5.556 5.574 5.591 5.609
1.670 1.762 1.949 2.204 2.483 2.748 2.976 3.158 3.301 3.415 3.508 3.589 3.661 3.728 3.793 3.855 3.915 3.973 4.031 4.087 4.142 4.196 4.249 4.300 4.350 4.397 4.444 4.488 4.530 4.570 4.609 4.646 4.681 4.715 4.747 4.778 4.807 4.835 4.863 4.891 4.917 4.943 4.968 4.992 5.016 5.039 5.062 5.084 5.106 5.128 5.149 5.169 5.190 5.209 5.229 5.248 5.267 5.286 5.304 5.321 5.339 5.356 5.374 5.391 5.409 5.426 5.443 5.461 5.478 5.495 5.513 5.530 5.547 5.565 5.582 5.600 5.617
1.706 1.850 2.077 2.350 2.626 2.873 3.077 3.237 3.363 3.464 3.550 3.625 3.693 3.757 3.819 3.879 3.937 3.994 4.050 4.105 4.159 4.212 4.264 4.315 4.364 4.412 4.458 4.502 4.545 4.586 4.625 4.662 4.698 4.732 4.765 4.795 4.824 4.853 4.881 4.908 4.935 4.960 4.985 5.010 5.034 5.057 5.080 5.102 5.124 5.145 5.166 5.187 5.207 5.227 5.246 5.265 5.284 5.303 5.321 5.337 5.354 5.371 5.389 5.406 5.423 5.440 5.457 5.473 5.490 5.507 5.524 5.541 5.558 5.574 5.591 5.608 5.625
