TsunamiDB/out54098.asc
ncols          264
nrows          230
xllcorner      497853.4375
yllcorner      4229146.0000
cellsize         5.
NODATA_value   -99
[rows 102 to 135 of 230, columns 0 to 76 of 264]
3.624 3.696 3.762 3.822 3.878 3.931 3.982 4.031 4.077 4.122 4.165 4.207 4.248 4.288 4.327 4.366 4.403 4.440 4.477 4.512 4.547 4.581 4.614 4.646 4.678 4.709 4.739 4.768 4.796 4.824 4.851 4.877 4.902 4.926 4.949 4.972 4.995 5.018 5.040 5.061 5.082 5.103 5.124 5.144 5.164 5.184 5.203 5.222 5.241 5.260 5.279 5.298 5.317 5.335 5.354 5.373 5.392 5.410 5.428 5.448 5.468 5.489 5.511 5.533 5.557 5.581 5.606 5.632 5.659 5.687 5.716 5.744 5.773 5.802 5.831 5.859 5.887
3.661 3.730 3.793 3.851 3.906 3.958 4.008 4.055 4.101 4.145 4.187 4.228 4.268 4.308 4.347 4.384 4.421 4.458 4.493 4.528 4.563 4.596 4.629 4.661 4.693 4.723 4.753 4.782 4.811 4.838 4.865 4.891 4.917 4.941 4.964 4.987 5.010 5.032 5.054 5.076 5.097 5.117 5.138 5.158 5.178 5.197 5.216 5.236 5.254 5.273 5.292 5.310 5.329 5.347 5.365 5.384 5.401 5.418 5.436 5.455 5.474 5.493 5.513 5.534 5.555 5.577 5.600 5.624 5.650 5.676 5.702 5.730 5.758 5.787 5.816 5.844 5.873
3.697 3.763 3.824 3.880 3.934 3.984 4.033 4.080 4.125 4.168 4.209 4.249 4.289 4.328 4.366 4.403 4.439 4.475 4.510 4.544 4.578 4.612 4.644 4.676 4.707 4.738 4.768 4.797 4.825 4.853 4.879 4.906 4.931 4.955 4.978 5.001 5.024 5.046 5.068 5.090 5.111 5.131 5.152 5.171 5.191 5.211 5.230 5.249 5.267 5.286 5.304 5.323 5.341 5.359 5.377 5.395 5.412 5.428 5.445 5.463 5.481 5.499 5.518 5.537 5.556 5.577 5.598 5.620 5.643 5.666 5.691 5.717 5.744 5.772 5.800 5.828 5.857
3.731 3.795 3.853 3.908 3.961 4.010 4.058 4.104 4.148 4.190 4.231 4.270 4.309 4.347 4.384 4.421 4.457 4.492 4.527 4.561 4.594 4.627 4.659 4.691 4.722 4.752 4.782 4.811 4.839 4.866 4.893 4.919 4.945 4.969 4.992 5.015 5.038 5.060 5.082 5.103 5.124 5.145 5.165 5.185 5.204 5.224 5.243 5.262 5.280 5.299 5.317 5.335 5.353 5.371 5.388 5.406 5.422 5.438 5.455 5.472 5.489 5.507 5.524 5.542 5.560 5.579 5.598 5.618 5.639 5.661 5.683 5.707 5.732 5.758 5.784 5.812 5.840
3.764 3.825 3.882 3.936 3.987 4.036 4.083 4.127 4.171 4.213 4.252 4.291 4.329 4.367 4.403 4.439 4.474 4.509 4.543 4.577 4.610 4.642 4.674 4.705 4.736 4.766 4.796 4.824 4.853 4.880 4.907 4.933 4.959 4.983 5.006 5.029 5.052 5.074 5.096 5.117 5.138 5.158 5.178 5.198 5.217 5.237 5.256 5.274 5.293 5.311 5.329 5.347 5.365 5.382 5.400 5.417 5.433 5.449 5.466 5.482 5.499 5.516 5.532 5.549 5.566 5.584 5.601 5.620 5.639 5.658 5.679 5.700 5.723 5.746 5.771 5.796 5.823
3.796 3.855 3.911 3.963 4.013 4.061 4.107 4.151 4.193 4.235 4.274 4.312 4.349 4.386 4.422 4.457 4.492 4.526 4.560 4.593 4.625 4.657 4.689 4.720 4.750 4.780 4.809 4.838 4.866 4.893 4.920 4.946 4.972 4.996 5.019 5.042 5.065 5.087 5.109 5.130 5.151 5.171 5.191 5.211 5.230 5.249 5.268 5.287 5.305 5.323 5.341 5.359 5.376 5.394 5.411 5.428 5.445 5.460 5.476 5.493 5.509 5.525 5.541 5.558 5.574 5.590 5.607 5.624 5.641 5.659 5.678 5.697 5.717 5.738 5.760 5.784 5.808
3.826 3.884 3.938 3.990 4.039 4.086 4.131 4.174 4.216 4.256 4.295 4.332 4.369 4.405 4.441 4.476 4.510 4.543 4.576 4.609 4.641 4.672 4.703 4.734 4.764 4.794 4.823 4.851 4.879 4.907 4.933 4.959 4.985 5.009 5.032 5.055 5.078 5.100 5.122 5.143 5.164 5.184 5.204 5.224 5.243 5.262 5.281 5.299 5.317 5.335 5.353 5.371 5.388 5.405 5.422 5.440 5.456 5.471 5.487 5.503 5.519 5.535 5.551 5.567 5.583 5.598 5.614 5.630 5.646 5.663 5.680 5.697 5.715 5.734 5.754 5.775 5.797
3.856 3.912 3.965 4.016 4.064 4.110 4.154 4.197 4.238 4.278 4.316 4.352 4.389 4.425 4.459 4.494 4.527 4.560 4.593 4.625 4.656 4.687 4.718 4.748 4.778 4.807 4.836 4.865 4.892 4.920 4.946 4.972 4.998 5.022 5.045 5.068 5.091 5.113 5.135 5.156 5.177 5.197 5.217 5.236 5.255 5.274 5.293 5.311 5.329 5.347 5.365 5.382 5.399 5.416 5.434 5.451 5.466 5.482 5.498 5.514 5.529 5.545 5.561 5.576 5.592 5.607 5.622 5.638 5.653 5.668 5.684 5.700 5.716 5.733 5.751 5.770 5.789
3.885 3.940 3.992 4.041 4.088 4.134 4.177 4.219 4.260 4.299 4.336 4.373 4.409 4.444 4.478 4.512 4.545 4.577 4.609 4.640 4.672 4.702 4.732 4.762 4.792 4.821 4.849 4.878 4.905 4.932 4.959 4.985 5.010 5.034 5.057 5.081 5.104 5.126 5.148 5.169 5.190 5.210 5.229 5.249 5.268 5.287 5.305 5.323 5.341 5.359 5.376 5.393 5.411 5.428 5.444 5.461 5.477 5.492 5.508 5.524 5.540 5.555 5.571 5.586 5.601 5.616 5.631 5.646 5.661 5.676 5.690 5.705 5.720 5.736 5.752 5.769 5.786
3.913 3.967 4.017 4.066 4.113 4.157 4.200 4.241 4.281 4.320 4.357 4.393 4.428 4.463 4.496 4.530 4.562 4.594 4.625 4.656 4.687 4.717 4.747 4.776 4.805 4.834 4.863 4.890 4.918 4.945 4.971 4.997 5.023 5.047 5.070 5.093 5.116 5.138 5.160 5.181 5.202 5.222 5.242 5.261 5.280 5.299 5.317 5.335 5.353 5.370 5.388 5.405 5.422 5.438 5.455 5.472 5.487 5.503 5.518 5.534 5.550 5.565 5.581 5.596 5.611 5.626 5.640 5.655 5.669 5.684 5.698 5.712 5.726 5.741 5.756 5.771 5.786
3.940 3.993 4.043 4.091 4.136 4.180 4.223 4.263 4.303 4.341 4.377 4.412 4.447 4.481 4.515 4.547 4.579 4.611 4.642 4.672 4.702 4.732 4.761 4.790 4.819 4.848 4.876 4.903 4.930 4.957 4.983 5.009 5.035 5.059 5.082 5.105 5.128 5.151 5.172 5.194 5.214 5.235 5.254 5.274 5.292 5.311 5.329 5.347 5.364 5.382 5.399 5.416 5.433 5.449 5.466 5.482 5.498 5.513 5.528 5.544 5.559 5.575 5.590 5.605 5.620 5.635 5.650 5.664 5.678 5.692 5.706 5.720 5.734 5.748 5.761 5.775 5.790
3.967 4.019 4.068 4.115 4.160 4.203 4.245 4.285 4.324 4.361 4.397 4.432 4.466 4.500 4.533 4.565 4.597 4.628 4.658 4.688 4.718 4.747 4.776 4.805 4.833 4.861 4.889 4.916 4.943 4.969 4.996 5.021 5.046 5.070 5.094 5.117 5.140 5.162 5.184 5.206 5.226 5.247 5.266 5.286 5.304 5.323 5.341 5.359 5.376 5.393 5.410 5.427 5.444 5.460 5.477 5.493 5.508 5.523 5.538 5.554 5.569 5.584 5.600 5.615 5.629 5.644 5.659 5.673 5.687 5.701 5.715 5.728 5.742 5.755 5.769 5.782 5.795
3.994 4.044 4.092 4.139 4.183 4.226 4.267 4.306 4.345 4.382 4.417 4.451 4.485 4.519 4.551 4.583 4.614 4.644 4.674 4.704 4.733 4.762 4.790 4.819 4.846 4.874 4.901 4.928 4.955 4.981 5.007 5.033 5.058 5.082 5.105 5.129 5.152 5.174 5.196 5.217 5.238 5.259 5.278 5.298 5.317 5.335 5.353 5.371 5.388 5.405 5.422 5.438 5.455 5.471 5.487 5.503 5.518 5.533 5.548 5.563 5.579 5.594 5.609 5.624 5.638 5.653 5.668 5.682 5.696 5.710 5.724 5.737 5.750 5.763 5.776 5.789 5.802
4.019 4.069 4.117 4.162 4.206 4.248 4.288 4.328 4.365 4.402 4.436 4.471 4.504 4.537 4.569 4.600 4.631 4.661 4.691 4.720 4.749 4.777 4.805 4.833 4.860 4.887 4.914 4.941 4.967 4.993 5.019 5.044 5.069 5.093 5.116 5.140 5.163 5.185 5.207 5.229 5.250 5.270 5.290 5.310 5.328 5.347 5.365 5.382 5.400 5.417 5.433 5.450 5.466 5.482 5.498 5.514 5.528 5.543 5.558 5.573 5.588 5.603 5.618 5.633 5.647 5.662 5.676 5.691 5.705 5.718 5.732 5.746 5.759 5.772 5.785 5.797 5.810
4.045 4.094 4.140 4.185 4.228 4.270 4.310 4.349 4.386 4.422 4.455 4.490 4.523 4.555 4.587 4.618 4.648 4.678 4.707 4.736 4.764 4.792 4.819 4.847 4.874 4.901 4.927 4.953 4.979 5.005 5.031 5.056 5.081 5.104 5.127 5.151 5.174 5.196 5.219 5.240 5.261 5.282 5.302 5.321 5.340 5.359 5.377 5.394 5.411 5.428 5.445 5.461 5.477 5.493 5.509 5.524 5.539 5.553 5.568 5.583 5.597 5.612 5.627 5.642 5.656 5.671 5.685 5.699 5.713 5.727 5.741 5.754 5.767 5.780 5.793 5.806 5.818
4.070 4.118 4.164 4.208 4.250 4.291 4.331 4.369 4.406 4.441 4.475 4.509 4.541 4.573 4.605 4.635 4.665 4.694 4.723 4.751 4.779 4.807 4.834 4.861 4.887 4.914 4.940 4.966 4.992 5.017 5.042 5.067 5.091 5.114 5.138 5.161 5.184 5.207 5.229 5.251 5.272 5.293 5.313 5.332 5.352 5.370 5.388 5.406 5.423 5.440 5.456 5.473 5.489 5.504 5.520 5.535 5.549 5.563 5.578 5.592 5.607 5.622 5.636 5.651 5.665 5.679 5.693 5.707 5.721 5.735 5.749 5.762 5.776 5.789 5.802 5.814 5.827
4.094 4.142 4.187 4.230 4.272 4.313 4.352 4.390 4.426 4.461 4.494 4.527 4.560 4.591 4.622 4.652 4.682 4.711 4.739 4.767 4.795 4.822 4.848 4.875 4.901 4.927 4.953 4.978 5.004 5.029 5.054 5.078 5.102 5.125 5.148 5.172 5.195 5.217 5.240 5.261 5.283 5.303 5.324 5.343 5.363 5.381 5.400 5.417 5.435 5.451 5.468 5.484 5.500 5.516 5.531 5.546 5.560 5.574 5.588 5.602 5.617 5.631 5.645 5.660 5.674 5.688 5.702 5.716 5.730 5.743 5.757 5.770 5.784 5.797 5.810 5.822 5.835
4.119 4.165 4.210 4.253 4.294 4.334 4.373 4.410 4.446 4.480 4.513 4.546 4.578 4.609 4.640 4.670 4.699 4.727 4.755 4.783 4.810 4.837 4.863 4.889 4.915 4.940 4.966 4.991 5.016 5.040 5.065 5.089 5.113 5.135 5.159 5.182 5.205 5.227 5.250 5.271 5.293 5.314 5.334 5.354 5.373 5.392 5.411 5.428 5.446 5.463 5.479 5.496 5.512 5.527 5.543 5.557 5.570 5.584 5.598 5.613 5.627 5.641 5.655 5.669 5.683 5.696 5.710 5.724 5.738 5.751 5.765 5.778 5.792 5.805 5.818 5.831 5.843
4.143 4.189 4.232 4.275 4.316 4.355 4.393 4.430 4.466 4.500 4.532 4.565 4.596 4.627 4.657 4.687 4.716 4.744 4.772 4.799 4.825 4.852 4.878 4.903 4.929 4.954 4.979 5.003 5.028 5.052 5.076 5.100 5.123 5.146 5.169 5.192 5.214 5.237 5.259 5.281 5.302 5.323 5.344 5.364 5.384 5.403 5.421 5.439 5.457 5.474 5.491 5.507 5.523 5.539 5.554 5.568 5.581 5.595 5.609 5.623 5.637 5.651 5.664 5.678 5.692 5.705 5.719 5.732 5.746 5.759 5.773 5.786 5.799 5.812 5.825 5.838 5.851
4.167 4.212 4.255 4.297 4.337 4.376 4.414 4.450 4.486 4.519 4.551 4.583 4.615 4.645 4.675 4.704 4.733 4.761 4.788 4.815 4.841 4.867 4.892 4.918 4.943 4.967 4.992 5.016 5.040 5.064 5.088 5.111 5.134 5.156 5.179 5.202 5.224 5.246 5.269 5.290 5.312 5.333 5.353 5.374 5.393 5.413 5.431 5.450 5.468 5.485 5.502 5.518 5.534 5.550 5.565 5.579 5.592 5.606 5.620 5.634 5.647 5.661 5.674 5.688 5.701 5.714 5.728 5.741 5.754 5.768 5.781 5.794 5.807 5.820 5.833 5.846 5.859
4.190 4.235 4.277 4.319 4.359 4.397 4.434 4.470 4.505 4.538 4.570 4.602 4.633 4.663 4.693 4.722 4.750 4.777 4.804 4.831 4.857 4.882 4.907 4.932 4.957 4.981 5.005 5.029 5.052 5.076 5.099 5.122 5.145 5.166 5.189 5.211 5.234 5.256 5.278 5.299 5.321 5.342 5.362 5.383 5.403 5.422 5.441 5.460 5.478 5.495 5.512 5.529 5.545 5.561 5.576 5.590 5.604 5.617 5.631 5.645 5.658 5.671 5.685 5.698 5.711 5.724 5.737 5.750 5.763 5.776 5.789 5.802 5.815 5.828 5.841 5.854 5.867
4.213 4.257 4.300 4.340 4.380 4.418 4.455 4.491 4.525 4.558 4.589 4.621 4.652 4.682 4.711 4.739 4.767 4.794 4.821 4.847 4.872 4.898 4.922 4.947 4.971 4.995 5.018 5.042 5.065 5.088 5.111 5.134 5.155 5.177 5.199 5.221 5.243 5.265 5.287 5.308 5.329 5.350 5.371 5.391 5.411 5.431 5.450 5.469 5.487 5.505 5.522 5.539 5.555 5.571 5.587 5.601 5.615 5.628 5.642 5.656 5.669 5.682 5.695 5.708 5.721 5.733 5.746 5.759 5.772 5.784 5.797 5.810 5.823 5.836 5.849 5.861 5.874
4.236 4.280 4.322 4.362 4.401 4.439 4.475 4.511 4.545 4.577 4.609 4.640 4.670 4.700 4.729 4.757 4.784 4.811 4.838 4.863 4.889 4.913 4.938 4.962 4.986 5.009 5.032 5.055 5.078 5.100 5.123 5.145 5.167 5.188 5.209 5.231 5.253 5.274 5.296 5.317 5.338 5.359 5.379 5.400 5.420 5.439 5.459 5.478 5.496 5.514 5.532 5.549 5.565 5.582 5.597 5.612 5.625 5.639 5.653 5.667 5.680 5.693 5.706 5.718 5.731 5.744 5.756 5.768 5.781 5.793 5.806 5.818 5.831 5.844 5.856 5.869 5.882
4.259 4.302 4.343 4.383 4.422 4.459 4.495 4.531 4.565 4.597 4.628 4.659 4.689 4.718 4.747 4.775 4.802 4.829 4.855 4.880 4.905 4.929 4.954 4.977 5.000 5.023 5.046 5.069 5.091 5.113 5.135 5.157 5.178 5.198 5.220 5.241 5.262 5.283 5.305 5.326 5.346 5.367 5.387 5.408 5.428 5.447 5.467 5.486 5.505 5.523 5.541 5.558 5.575 5.591 5.607 5.622 5.636 5.650 5.664 5.677 5.691 5.704 5.717 5.729 5.742 5.754 5.766 5.778 5.790 5.803 5.815 5.827 5.839 5.852 5.864 5.877 5.889
4.282 4.324 4.365 4.405 4.443 4.480 4.516 4.550 4.584 4.616 4.647 4.678 4.708 4.737 4.765 4.793 4.820 4.846 4.872 4.897 4.922 4.946 4.970 4.993 5.016 5.038 5.061 5.083 5.105 5.126 5.148 5.169 5.190 5.210 5.231 5.251 5.272 5.293 5.314 5.334 5.355 5.375 5.395 5.416 5.435 5.455 5.475 5.494 5.512 5.531 5.549 5.566 5.584 5.600 5.617 5.632 5.646 5.660 5.674 5.688 5.701 5.714 5.727 5.740 5.752 5.764 5.776 5.788 5.800 5.812 5.824 5.836 5.848 5.860 5.872 5.885 5.897
4.304 4.346 4.386 4.426 4.463 4.500 4.536 4.570 4.604 4.636 4.666 4.697 4.727 4.755 4.784 4.811 4.838 4.864 4.889 4.914 4.939 4.963 4.986 5.009 5.032 5.054 5.076 5.097 5.119 5.140 5.161 5.182 5.202 5.222 5.242 5.262 5.283 5.303 5.323 5.343 5.363 5.383 5.403 5.423 5.443 5.463 5.482 5.501 5.520 5.538 5.556 5.574 5.592 5.609 5.625 5.641 5.655 5.670 5.684 5.698 5.712 5.725 5.738 5.750 5.763 5.775 5.787 5.799 5.810 5.822 5.834 5.845 5.857 5.869 5.881 5.893 5.905
4.326 4.367 4.407 4.446 4.484 4.520 4.556 4.590 4.623 4.655 4.685 4.716 4.745 4.774 4.802 4.829 4.856 4.882 4.907 4.932 4.956 4.980 5.003 5.026 5.048 5.070 5.091 5.113 5.134 5.154 5.175 5.195 5.215 5.234 5.254 5.273 5.293 5.313 5.333 5.353 5.372 5.392 5.412 5.431 5.451 5.470 5.489 5.508 5.527 5.545 5.564 5.582 5.599 5.616 5.633 5.649 5.664 5.678 5.693 5.707 5.721 5.735 5.748 5.761 5.773 5.785 5.797 5.809 5.821 5.832 5.843 5.855 5.866 5.878 5.890 5.901 5.913
4.347 4.388 4.428 4.467 4.504 4.540 4.575 4.609 4.642 4.674 4.704 4.735 4.764 4.793 4.821 4.848 4.874 4.900 4.925 4.950 4.974 4.997 5.020 5.043 5.065 5.086 5.107 5.128 5.149 5.169 5.189 5.209 5.228 5.247 5.266 5.285 5.305 5.324 5.343 5.362 5.382 5.401 5.420 5.439 5.458 5.477 5.496 5.515 5.534 5.552 5.571 5.588 5.606 5.624 5.641 5.657 5.671 5.687 5.702 5.716 5.731 5.744 5.758 5.771 5.783 5.796 5.808 5.819 5.831 5.842 5.853 5.865 5.876 5.887 5.899 5.910 5.922
4.368 4.409 4.448 4.487 4.524 4.560 4.595 4.629 4.661 4.693 4.723 4.753 4.783 4.811 4.839 4.866 4.893 4.918 4.943 4.968 4.992 5.015 5.038 5.060 5.082 5.103 5.124 5.145 5.165 5.185 5.205 5.224 5.243 5.261 5.279 5.298 5.317 5.336 5.354 5.373 5.392 5.410 5.429 5.448 5.466 5.485 5.504 5.522 5.541 5.559 5.577 5.595 5.613 5.630 5.647 5.663 5.679 5.694 5.710 5.724 5.739 5.753 5.767 5.780 5.793 5.805 5.818 5.829 5.841 5.852 5.864 5.875 5.886 5.897 5.908 5.919 5.931
4.388 4.429 4.468 4.506 4.543 4.579 4.614 4.647 4.680 4.711 4.741 4.772 4.801 4.829 4.857 4.884 4.911 4.936 4.961 4.986 5.009 5.033 5.055 5.077 5.099 5.120 5.141 5.162 5.182 5.201 5.220 5.240 5.258 5.275 5.293 5.312 5.330 5.348 5.366 5.384 5.402 5.420 5.439 5.457 5.475 5.493 5.511 5.529 5.548 5.566 5.584 5.601 5.619 5.637 5.654 5.670 5.685 5.701 5.717 5.732 5.747 5.761 5.775 5.789 5.802 5.815 5.827 5.839 5.851 5.862 5.874 5.885 5.896 5.907 5.918 5.929 5.940
4.408 4.448 4.487 4.525 4.562 4.597 4.632 4.666 4.698 4.729 4.759 4.790 4.819 4.847 4.875 4.902 4.929 4.954 4.979 5.004 5.027 5.051 5.073 5.095 5.117 5.138 5.159 5.179 5.199 5.218 5.237 5.256 5.273 5.291 5.308 5.326 5.344 5.361 5.379 5.396 5.414 5.431 5.449 5.466 5.484 5.502 5.519 5.537 5.555 5.573 5.590 5.608 5.625 5.643 5.660 5.676 5.691 5.707 5.723 5.739 5.754 5.769 5.783 5.797 5.810 5.823 5.836 5.848 5.860 5.872 5.883 5.895 5.906 5.917 5.928 5.938 5.949
4.427 4.467 4.506 4.543 4.580 4.616 4.650 4.684 4.716 4.746 4.777 4.807 4.836 4.865 4.893 4.920 4.946 4.972 4.997 5.021 5.045 5.068 5.091 5.113 5.135 5.156 5.176 5.196 5.216 5.235 5.254 5.273 5.290 5.307 5.324 5.341 5.359 5.376 5.393 5.410 5.426 5.443 5.460 5.477 5.494 5.511 5.528 5.545 5.563 5.580 5.597 5.615 5.632 5.649 5.666 5.682 5.697 5.713 5.729 5.745 5.760 5.775 5.790 5.804 5.818 5.831 5.844 5.857 5.869 5.881 5.893 5.904 5.915 5.926 5.937 5.948 5.959
4.446 4.486 4.524 4.561 4.598 4.633 4.667 4.701 4.733 4.763 4.794 4.824 4.853 4.882 4.910 4.937 4.963 4.989 5.014 5.039 5.063 5.086 5.109 5.131 5.152 5.173 5.194 5.214 5.234 5.253 5.272 5.290 5.307 5.324 5.341 5.358 5.374 5.391 5.408 5.424 5.440 5.456 5.473 5.489 5.505 5.522 5.538 5.555 5.571 5.588 5.605 5.622 5.638 5.655 5.672 5.688 5.703 5.719 5.735 5.751 5.766 5.781 5.796 5.811 5.825 5.839 5.852 5.865 5.878 5.890 5.902 5.913 5.925 5.936 5.947 5.958 5.968
4.464 4.503 4.542 4.579 4.615 4.650 4.684 4.718 4.749 4.780 4.811 4.841 4.870 4.898 4.926 4.953 4.980 5.006 5.031 5.056 5.080 5.103 5.126 5.148 5.170 5.191 5.212 5.232 5.251 5.271 5.289 5.308 5.324 5.341 5.358 5.375 5.391 5.407 5.423 5.439 5.455 5.471 5.486 5.502 5.517 5.533 5.549 5.565 5.581 5.597 5.613 5.629 5.646 5.662 5.678 5.694 5.709 5.725 5.740 5.756 5.772 5.787 5.802 5.817 5.831 5.845 5.859 5.872 5.885 5.898 5.910 5.922 5.933 5.945 5.956 5.967 5.978
