TsunamiDB/out54040.asc
ncols          264
nrows          230
xllcorner      497853.4375
yllcorner      4229146.0000
cellsize         5.
NODATA_value   -99
[rows 192 to 223 of 230, columns 144 to 215 of 264]
6.569 6.604 6.640 6.676 6.711 6.745 6.778 6.810 6.843 6.875 6.909 6.945 6.985 7.031 7.080 7.131 7.186 7.246 7.306 7.368 7.432 7.498 7.563 7.629 7.692 7.756 7.824 7.890 7.956 8.025 8.100 8.182 8.260 8.305 8.353 8.426 8.490 8.537 8.572 8.597 8.614 8.625 8.630 8.599 8.568 8.567 8.565 8.559 8.551 8.542 8.531 8.518 8.501 8.466 8.434 8.420 8.406 8.391 8.375 8.357 8.339 8.322 8.305 8.276 8.248 8.230 8.210 8.187 8.160 8.129 8.094 8.058
6.575 6.610 6.646 6.682 6.717 6.751 6.784 6.815 6.847 6.878 6.909 6.943 6.982 7.026 7.074 7.126 7.184 7.246 7.311 7.379 7.448 7.517 7.585 7.652 7.717 7.784 7.853 7.920 7.984 8.050 8.125 8.208 8.290 8.335 8.382 8.454 8.513 8.556 8.587 8.608 8.622 8.633 8.638 8.607 8.577 8.578 8.576 8.571 8.562 8.554 8.543 8.529 8.510 8.475 8.443 8.427 8.412 8.396 8.379 8.361 8.343 8.326 8.307 8.279 8.250 8.231 8.211 8.186 8.157 8.124 8.087 8.047
6.578 6.613 6.649 6.685 6.720 6.753 6.786 6.817 6.847 6.877 6.906 6.938 6.975 7.019 7.067 7.120 7.180 7.244 7.313 7.387 7.461 7.533 7.603 7.672 7.739 7.808 7.880 7.948 8.013 8.080 8.153 8.237 8.322 8.369 8.415 8.483 8.539 8.578 8.604 8.623 8.634 8.643 8.649 8.619 8.590 8.591 8.589 8.583 8.574 8.566 8.554 8.540 8.520 8.484 8.451 8.434 8.418 8.401 8.382 8.364 8.346 8.328 8.309 8.280 8.251 8.231 8.209 8.183 8.152 8.116 8.077 8.034
6.578 6.613 6.649 6.684 6.719 6.753 6.785 6.815 6.844 6.872 6.900 6.930 6.965 7.009 7.059 7.112 7.174 7.242 7.315 7.393 7.472 7.548 7.620 7.689 7.758 7.831 7.906 7.976 8.043 8.112 8.184 8.271 8.364 8.412 8.453 8.518 8.569 8.603 8.625 8.640 8.648 8.656 8.665 8.636 8.606 8.607 8.605 8.598 8.589 8.580 8.568 8.552 8.530 8.492 8.458 8.440 8.423 8.405 8.385 8.367 8.348 8.329 8.310 8.280 8.250 8.229 8.206 8.178 8.145 8.107 8.063 8.018
6.575 6.610 6.645 6.681 6.716 6.750 6.781 6.811 6.839 6.866 6.892 6.920 6.955 7.001 7.051 7.106 7.170 7.241 7.318 7.400 7.481 7.559 7.634 7.706 7.775 7.853 7.932 8.005 8.078 8.149 8.223 8.324 8.420 8.460 8.496 8.556 8.601 8.630 8.649 8.660 8.664 8.676 8.687 8.655 8.625 8.626 8.622 8.614 8.604 8.593 8.580 8.561 8.536 8.498 8.464 8.445 8.426 8.407 8.387 8.368 8.349 8.329 8.309 8.278 8.247 8.224 8.199 8.170 8.135 8.094 8.047 8.001
6.569 6.603 6.639 6.675 6.710 6.744 6.776 6.806 6.833 6.859 6.884 6.912 6.948 6.995 7.046 7.103 7.169 7.242 7.322 7.404 7.488 7.571 7.651 7.724 7.795 7.878 7.963 8.043 8.121 8.199 8.287 8.388 8.472 8.507 8.540 8.593 8.633 8.659 8.674 8.683 8.690 8.702 8.708 8.676 8.646 8.644 8.639 8.629 8.617 8.605 8.589 8.567 8.542 8.504 8.468 8.448 8.428 8.408 8.388 8.367 8.347 8.327 8.306 8.274 8.241 8.217 8.190 8.159 8.122 8.078 8.031 7.983
6.560 6.595 6.631 6.667 6.703 6.738 6.770 6.801 6.828 6.854 6.879 6.908 6.945 6.993 7.045 7.103 7.170 7.245 7.324 7.407 7.495 7.585 7.672 7.746 7.819 7.910 8.001 8.089 8.175 8.263 8.356 8.449 8.523 8.554 8.583 8.630 8.666 8.688 8.702 8.712 8.719 8.728 8.730 8.697 8.666 8.662 8.655 8.643 8.629 8.614 8.595 8.571 8.546 8.507 8.471 8.449 8.429 8.408 8.387 8.365 8.344 8.323 8.301 8.267 8.232 8.207 8.179 8.146 8.106 8.061 8.013 7.963
6.551 6.586 6.623 6.660 6.697 6.732 6.766 6.798 6.826 6.853 6.880 6.909 6.947 6.995 7.048 7.106 7.174 7.248 7.327 7.412 7.506 7.604 7.696 7.772 7.850 7.949 8.048 8.143 8.237 8.331 8.422 8.506 8.572 8.600 8.625 8.667 8.698 8.719 8.732 8.741 8.748 8.753 8.751 8.718 8.686 8.679 8.669 8.656 8.639 8.621 8.599 8.575 8.549 8.509 8.472 8.450 8.428 8.406 8.384 8.361 8.338 8.316 8.293 8.258 8.221 8.194 8.164 8.129 8.088 8.042 7.993 7.941
6.542 6.578 6.615 6.654 6.692 6.729 6.765 6.798 6.829 6.858 6.885 6.915 6.953 7.002 7.055 7.112 7.179 7.254 7.334 7.423 7.523 7.628 7.728 7.806 7.888 7.995 8.101 8.204 8.302 8.397 8.485 8.561 8.620 8.644 8.667 8.703 8.731 8.751 8.763 8.771 8.776 8.777 8.772 8.738 8.705 8.695 8.682 8.667 8.647 8.626 8.603 8.577 8.550 8.509 8.472 8.448 8.426 8.403 8.378 8.354 8.331 8.307 8.283 8.246 8.208 8.179 8.147 8.111 8.068 8.021 7.970 7.917
6.536 6.572 6.610 6.650 6.690 6.729 6.767 6.803 6.837 6.868 6.897 6.927 6.964 7.013 7.065 7.122 7.189 7.264 7.346 7.439 7.545 7.658 7.766 7.847 7.933 8.047 8.160 8.267 8.366 8.459 8.543 8.613 8.666 8.688 8.706 8.738 8.764 8.782 8.792 8.799 8.802 8.800 8.792 8.757 8.723 8.710 8.694 8.675 8.654 8.630 8.605 8.578 8.550 8.508 8.470 8.445 8.421 8.397 8.371 8.346 8.321 8.296 8.271 8.232 8.192 8.161 8.128 8.090 8.046 7.998 7.946 7.892
6.532 6.569 6.608 6.650 6.692 6.733 6.774 6.813 6.849 6.883 6.913 6.943 6.980 7.028 7.080 7.136 7.204 7.281 7.365 7.462 7.574 7.697 7.812 7.895 7.984 8.106 8.222 8.329 8.428 8.518 8.598 8.663 8.710 8.728 8.744 8.773 8.796 8.811 8.821 8.825 8.826 8.822 8.811 8.775 8.740 8.723 8.704 8.683 8.659 8.633 8.606 8.578 8.548 8.506 8.466 8.440 8.414 8.389 8.362 8.335 8.308 8.283 8.256 8.216 8.174 8.142 8.107 8.067 8.022 7.973 7.921 7.867
6.532 6.570 6.610 6.653 6.697 6.741 6.784 6.826 6.866 6.901 6.933 6.963 7.000 7.049 7.101 7.158 7.227 7.305 7.392 7.494 7.614 7.743 7.864 7.948 8.040 8.165 8.280 8.387 8.483 8.570 8.646 8.705 8.748 8.764 8.777 8.803 8.823 8.838 8.845 8.848 8.847 8.840 8.827 8.791 8.754 8.734 8.712 8.688 8.662 8.634 8.606 8.576 8.544 8.500 8.460 8.432 8.405 8.378 8.350 8.321 8.294 8.267 8.240 8.198 8.154 8.120 8.083 8.042 7.995 7.946 7.894 7.840
6.536 6.574 6.615 6.659 6.705 6.751 6.798 6.843 6.885 6.923 6.956 6.989 7.026 7.076 7.129 7.186 7.257 7.338 7.428 7.534 7.658 7.789 7.916 8.002 8.095 8.219 8.334 8.439 8.532 8.617 8.689 8.745 8.784 8.798 8.809 8.832 8.850 8.863 8.869 8.870 8.867 8.859 8.844 8.806 8.767 8.744 8.720 8.694 8.664 8.635 8.605 8.573 8.539 8.494 8.452 8.422 8.394 8.366 8.336 8.307 8.278 8.249 8.221 8.178 8.132 8.096 8.057 8.015 7.967 7.918 7.867 7.814
6.543 6.581 6.623 6.668 6.716 6.765 6.814 6.861 6.906 6.947 6.984 7.018 7.056 7.108 7.163 7.222 7.294 7.377 7.471 7.581 7.707 7.844 7.979 8.064 8.153 8.277 8.390 8.493 8.584 8.666 8.735 8.787 8.822 8.832 8.841 8.862 8.878 8.889 8.893 8.892 8.887 8.877 8.860 8.820 8.780 8.755 8.728 8.698 8.667 8.636 8.604 8.570 8.533 8.486 8.442 8.411 8.382 8.352 8.322 8.291 8.260 8.231 8.203 8.158 8.109 8.072 8.032 7.987 7.940 7.891 7.842 7.790
6.554 6.592 6.634 6.680 6.729 6.780 6.832 6.882 6.930 6.974 7.013 7.048 7.090 7.146 7.204 7.265 7.340 7.426 7.525 7.638 7.766 7.916 8.052 8.128 8.213 8.335 8.445 8.545 8.633 8.712 8.778 8.824 8.854 8.863 8.870 8.889 8.903 8.913 8.915 8.912 8.906 8.893 8.873 8.833 8.792 8.764 8.734 8.702 8.669 8.635 8.602 8.564 8.524 8.476 8.431 8.399 8.368 8.337 8.306 8.274 8.242 8.213 8.184 8.137 8.086 8.047 8.005 7.960 7.912 7.864 7.817 7.766
6.567 6.605 6.648 6.695 6.745 6.797 6.851 6.904 6.954 7.000 7.041 7.083 7.133 7.192 7.253 7.318 7.397 7.488 7.590 7.709 7.847 7.994 8.119 8.190 8.272 8.390 8.497 8.595 8.679 8.754 8.815 8.857 8.886 8.893 8.898 8.915 8.927 8.935 8.935 8.931 8.922 8.907 8.885 8.845 8.802 8.772 8.740 8.706 8.670 8.633 8.597 8.556 8.515 8.465 8.419 8.385 8.353 8.322 8.290 8.257 8.225 8.195 8.164 8.114 8.062 8.022 7.978 7.932 7.885 7.837 7.790 7.740
6.583 6.621 6.664 6.712 6.762 6.816 6.871 6.926 6.978 7.027 7.075 7.125 7.182 7.246 7.311 7.382 7.466 7.561 7.667 7.792 7.929 8.066 8.182 8.249 8.327 8.442 8.547 8.641 8.722 8.793 8.848 8.888 8.916 8.921 8.923 8.939 8.949 8.954 8.953 8.947 8.935 8.918 8.896 8.854 8.811 8.779 8.744 8.708 8.669 8.630 8.590 8.548 8.505 8.454 8.405 8.370 8.338 8.306 8.273 8.241 8.209 8.177 8.143 8.092 8.038 7.995 7.951 7.904 7.857 7.810 7.763 7.715
6.602 6.640 6.682 6.730 6.781 6.835 6.892 6.948 7.003 7.058 7.114 7.174 7.237 7.307 7.377 7.455 7.545 7.642 7.753 7.876 8.007 8.134 8.243 8.307 8.381 8.493 8.596 8.686 8.764 8.829 8.881 8.919 8.945 8.947 8.947 8.961 8.969 8.972 8.969 8.960 8.947 8.928 8.904 8.862 8.818 8.784 8.748 8.709 8.667 8.625 8.582 8.538 8.493 8.441 8.391 8.355 8.322 8.290 8.257 8.225 8.192 8.158 8.122 8.068 8.012 7.968 7.923 7.877 7.829 7.783 7.737 7.693
6.623 6.660 6.702 6.750 6.801 6.855 6.913 6.972 7.033 7.095 7.160 7.228 7.300 7.375 7.452 7.536 7.629 7.731 7.840 7.956 8.079 8.198 8.304 8.365 8.435 8.544 8.643 8.730 8.803 8.864 8.913 8.948 8.972 8.972 8.970 8.981 8.987 8.988 8.982 8.971 8.957 8.937 8.912 8.869 8.824 8.789 8.750 8.709 8.664 8.619 8.573 8.527 8.482 8.428 8.377 8.340 8.307 8.274 8.241 8.208 8.174 8.138 8.099 8.044 7.986 7.941 7.895 7.849 7.802 7.757 7.713 7.671
6.647 6.682 6.723 6.771 6.822 6.877 6.936 7.000 7.067 7.137 7.211 7.288 7.368 7.448 7.530 7.619 7.717 7.819 7.922 8.031 8.145 8.259 8.364 8.422 8.489 8.594 8.691 8.773 8.842 8.900 8.945 8.977 8.997 8.995 8.990 8.999 9.002 9.000 8.993 8.981 8.965 8.944 8.917 8.875 8.829 8.791 8.751 8.707 8.660 8.612 8.563 8.516 8.469 8.414 8.362 8.325 8.291 8.258 8.225 8.191 8.155 8.117 8.076 8.019 7.960 7.913 7.867 7.821 7.775 7.732 7.690 7.651
6.671 6.706 6.746 6.793 6.845 6.900 6.963 7.033 7.105 7.183 7.267 7.353 7.439 7.522 7.607 7.702 7.803 7.901 8.000 8.101 8.208 8.320 8.424 8.481 8.544 8.648 8.740 8.817 8.881 8.935 8.976 9.004 9.021 9.015 9.009 9.014 9.014 9.011 9.002 8.988 8.971 8.949 8.922 8.878 8.832 8.793 8.749 8.703 8.654 8.603 8.553 8.504 8.457 8.400 8.347 8.310 8.276 8.242 8.207 8.172 8.135 8.096 8.052 7.993 7.934 7.886 7.840 7.795 7.750 7.708 7.669 7.633
6.697 6.730 6.770 6.818 6.871 6.928 6.995 7.069 7.149 7.236 7.327 7.419 7.509 7.595 7.683 7.781 7.881 7.979 8.072 8.168 8.271 8.381 8.487 8.542 8.603 8.702 8.788 8.859 8.918 8.967 9.004 9.029 9.041 9.033 9.024 9.025 9.024 9.019 9.008 8.994 8.976 8.953 8.924 8.880 8.832 8.791 8.746 8.698 8.646 8.593 8.541 8.491 8.443 8.386 8.332 8.294 8.259 8.224 8.188 8.152 8.114 8.072 8.026 7.966 7.906 7.859 7.812 7.769 7.726 7.686 7.650 7.616
6.725 6.758 6.798 6.847 6.902 6.961 7.030 7.109 7.194 7.288 7.385 7.482 7.577 7.664 7.753 7.853 7.955 8.052 8.143 8.236 8.334 8.441 8.549 8.604 8.662 8.756 8.835 8.901 8.954 8.998 9.032 9.052 9.060 9.049 9.037 9.036 9.032 9.025 9.013 8.998 8.979 8.955 8.926 8.881 8.832 8.789 8.742 8.692 8.637 8.583 8.529 8.477 8.428 8.370 8.315 8.277 8.241 8.205 8.168 8.130 8.091 8.047 8.000 7.940 7.880 7.832 7.787 7.744 7.704 7.667 7.633 7.601
6.756 6.788 6.827 6.879 6.935 6.996 7.069 7.151 7.242 7.342 7.445 7.547 7.645 7.732 7.821 7.924 8.027 8.124 8.214 8.304 8.397 8.504 8.619 8.674 8.725 8.813 8.885 8.944 8.991 9.031 9.060 9.076 9.079 9.064 9.049 9.046 9.040 9.032 9.019 9.002 8.983 8.957 8.926 8.880 8.830 8.785 8.736 8.684 8.627 8.571 8.515 8.462 8.413 8.354 8.298 8.259 8.222 8.185 8.147 8.108 8.067 8.023 7.975 7.914 7.854 7.807 7.763 7.722 7.684 7.649 7.618 7.588
6.788 6.819 6.860 6.915 6.973 7.036 7.112 7.198 7.295 7.399 7.505 7.612 7.711 7.798 7.886 7.992 8.096 8.194 8.286 8.374 8.465 8.585 8.701 8.745 8.790 8.870 8.935 8.986 9.027 9.061 9.087 9.096 9.092 9.076 9.060 9.054 9.047 9.037 9.023 9.006 8.985 8.958 8.925 8.877 8.826 8.779 8.728 8.674 8.616 8.558 8.500 8.447 8.397 8.337 8.280 8.240 8.202 8.164 8.125 8.085 8.043 7.997 7.948 7.887 7.829 7.783 7.741 7.702 7.666 7.633 7.604 7.575
6.821 6.855 6.900 6.958 7.018 7.083 7.161 7.251 7.350 7.456 7.566 7.676 7.778 7.863 7.950 8.059 8.167 8.268 8.362 8.454 8.556 8.674 8.774 8.813 8.853 8.924 8.981 9.025 9.061 9.089 9.107 9.111 9.106 9.088 9.070 9.062 9.054 9.043 9.027 9.009 8.986 8.957 8.923 8.874 8.820 8.772 8.719 8.662 8.603 8.543 8.485 8.431 8.380 8.318 8.261 8.219 8.180 8.141 8.101 8.060 8.017 7.971 7.922 7.862 7.805 7.761 7.721 7.684 7.649 7.619 7.591 7.563
6.861 6.898 6.946 7.006 7.068 7.135 7.215 7.306 7.405 7.513 7.626 7.739 7.843 7.927 8.014 8.128 8.240 8.345 8.444 8.545 8.650 8.755 8.842 8.876 8.912 8.974 9.023 9.061 9.091 9.113 9.124 9.125 9.119 9.100 9.080 9.071 9.061 9.048 9.031 9.011 8.985 8.955 8.919 8.869 8.813 8.762 8.707 8.649 8.588 8.527 8.468 8.413 8.360 8.297 8.239 8.196 8.156 8.117 8.076 8.034 7.990 7.944 7.896 7.838 7.783 7.741 7.702 7.667 7.635 7.605 7.578 7.552
6.906 6.946 6.996 7.058 7.122 7.191 7.272 7.362 7.461 7.569 7.685 7.801 7.909 7.992 8.080 8.201 8.317 8.426 8.532 8.635 8.736 8.830 8.905 8.934 8.966 9.019 9.062 9.094 9.117 9.133 9.140 9.139 9.132 9.111 9.089 9.079 9.067 9.053 9.034 9.011 8.984 8.952 8.914 8.862 8.804 8.751 8.694 8.634 8.571 8.509 8.449 8.392 8.338 8.274 8.215 8.172 8.131 8.091 8.050 8.007 7.964 7.918 7.872 7.815 7.762 7.722 7.685 7.652 7.621 7.592 7.566 7.542
6.956 6.999 7.051 7.115 7.181 7.250 7.331 7.421 7.519 7.625 7.743 7.863 7.976 8.060 8.151 8.275 8.396 8.511 8.618 8.720 8.815 8.898 8.963 8.989 9.015 9.060 9.096 9.124 9.141 9.152 9.156 9.153 9.144 9.122 9.099 9.087 9.074 9.058 9.037 9.012 8.983 8.948 8.908 8.854 8.794 8.738 8.679 8.617 8.552 8.488 8.427 8.369 8.314 8.250 8.189 8.146 8.105 8.064 8.023 7.980 7.938 7.893 7.848 7.793 7.742 7.704 7.670 7.638 7.608 7.580 7.555 7.532
7.010 7.056 7.110 7.174 7.241 7.311 7.392 7.481 7.576 7.682 7.800 7.926 8.047 8.131 8.222 8.352 8.477 8.593 8.699 8.798 8.887 8.961 9.018 9.039 9.060 9.098 9.128 9.150 9.163 9.171 9.171 9.166 9.157 9.133 9.109 9.096 9.081 9.062 9.039 9.012 8.980 8.943 8.901 8.844 8.782 8.724 8.662 8.597 8.530 8.465 8.403 8.344 8.288 8.223 8.162 8.118 8.077 8.036 7.995 7.954 7.912 7.869 7.825 7.773 7.724 7.688 7.655 7.624 7.595 7.569 7.545 7.522
7.067 7.115 7.169 7.234 7.301 7.372 7.454 7.540 7.634 7.739 7.860 7.993 8.120 8.204 8.297 8.432 8.558 8.672 8.776 8.870 8.953 9.019 9.067 9.084 9.102 9.133 9.157 9.174 9.184 9.188 9.186 9.180 9.169 9.144 9.119 9.104 9.087 9.066 9.041 9.011 8.977 8.938 8.893 8.833 8.767 8.707 8.642 8.575 8.506 8.439 8.375 8.316 8.260 8.194 8.133 8.089 8.048 8.008 7.968 7.928 7.887 7.846 7.804 7.754 7.707 7.673 7.640 7.611 7.584 7.558 7.535 7.514
7.125 7.175 7.230 7.295 7.362 7.434 7.515 7.602 7.694 7.799 7.925 8.063 8.196 8.281 8.375 8.511 8.633 8.744 8.844 8.933 9.010 9.068 9.109 9.123 9.136 9.162 9.181 9.196 9.203 9.204 9.201 9.193 9.180 9.155 9.128 9.111 9.092 9.070 9.042 9.010 8.973 8.931 8.884 8.820 8.751 8.686 8.619 8.549 8.478 8.409 8.345 8.285 8.229 8.164 8.103 8.060 8.019 7.980 7.940 7.902 7.863 7.824 7.783 7.735 7.691 7.657 7.626 7.598 7.572 7.547 7.525 7.505
