TsunamiDB/out54139.asc
ncols          264
nrows          230
xllcorner      497853.4375
yllcorner      4229146.0000
cellsize         5.
NODATA_value   -99
[rows 136 to 169 of 230, columns 154 to 230 of 264]
7.127 7.130 7.133 7.136 7.140 7.143 7.146 7.149 7.152 7.155 7.157 7.160 7.162 7.165 7.168 7.170 7.172 7.175 7.177 7.180 7.183 7.186 7.191 7.196 7.202 7.209 7.217 7.225 7.234 7.243 7.251 7.257 7.263 7.269 7.275 7.281 7.288 7.296 7.307 7.321 7.337 7.357 7.379 7.399 7.421 7.452 7.486 7.523 7.562 7.604 7.649 7.706 7.767 7.802 7.836 7.888 7.936 7.980 8.019 8.055 8.085 8.105 8.118 8.125 8.131 8.140 8.147 8.153 8.157 8.160 8.163 8.167 8.172 8.170 8.169 8.175 8.181
7.135 7.139 7.142 7.145 7.148 7.151 7.155 7.158 7.161 7.163 7.166 7.169 7.171 7.174 7.177 7.179 7.181 7.183 7.186 7.188 7.191 7.195 7.199 7.204 7.210 7.217 7.225 7.233 7.242 7.251 7.259 7.265 7.270 7.277 7.283 7.289 7.297 7.306 7.319 7.334 7.353 7.375 7.400 7.421 7.445 7.478 7.516 7.556 7.598 7.642 7.694 7.754 7.811 7.845 7.879 7.930 7.976 8.018 8.056 8.089 8.116 8.134 8.147 8.154 8.160 8.168 8.175 8.181 8.184 8.187 8.190 8.194 8.199 8.197 8.195 8.201 8.206
7.144 7.147 7.151 7.154 7.157 7.160 7.163 7.166 7.169 7.172 7.175 7.178 7.180 7.183 7.185 7.188 7.190 7.192 7.194 7.197 7.200 7.203 7.207 7.212 7.218 7.225 7.233 7.241 7.250 7.259 7.266 7.272 7.278 7.285 7.292 7.298 7.306 7.317 7.331 7.348 7.369 7.394 7.420 7.443 7.469 7.505 7.547 7.590 7.635 7.685 7.739 7.797 7.852 7.884 7.918 7.967 8.011 8.052 8.088 8.118 8.143 8.161 8.174 8.181 8.186 8.194 8.201 8.207 8.210 8.213 8.217 8.221 8.226 8.224 8.223 8.228 8.234
7.153 7.156 7.159 7.162 7.166 7.169 7.172 7.175 7.178 7.181 7.183 7.186 7.189 7.191 7.194 7.197 7.199 7.201 7.203 7.205 7.208 7.211 7.215 7.220 7.226 7.232 7.240 7.249 7.257 7.266 7.273 7.279 7.285 7.293 7.300 7.307 7.317 7.329 7.344 7.362 7.385 7.412 7.441 7.466 7.494 7.535 7.579 7.626 7.675 7.728 7.783 7.839 7.890 7.921 7.954 8.000 8.043 8.082 8.115 8.144 8.167 8.184 8.197 8.204 8.210 8.218 8.225 8.230 8.234 8.238 8.242 8.246 8.252 8.251 8.250 8.257 8.263
7.161 7.165 7.168 7.171 7.174 7.177 7.180 7.183 7.186 7.189 7.192 7.195 7.197 7.200 7.202 7.205 7.207 7.209 7.211 7.213 7.216 7.219 7.223 7.227 7.233 7.240 7.247 7.256 7.264 7.273 7.280 7.287 7.293 7.301 7.309 7.317 7.328 7.341 7.357 7.377 7.402 7.431 7.464 7.491 7.521 7.566 7.613 7.664 7.716 7.770 7.824 7.877 7.926 7.956 7.987 8.031 8.072 8.108 8.140 8.166 8.189 8.205 8.218 8.226 8.232 8.240 8.246 8.251 8.256 8.260 8.264 8.269 8.276 8.276 8.277 8.284 8.292
7.170 7.173 7.177 7.180 7.183 7.186 7.189 7.192 7.195 7.198 7.200 7.203 7.205 7.208 7.211 7.213 7.215 7.217 7.219 7.221 7.223 7.226 7.230 7.235 7.240 7.247 7.254 7.262 7.271 7.279 7.287 7.294 7.301 7.310 7.319 7.328 7.340 7.354 7.371 7.392 7.419 7.451 7.488 7.517 7.550 7.598 7.650 7.703 7.756 7.810 7.863 7.913 7.960 7.988 8.017 8.058 8.097 8.132 8.162 8.187 8.209 8.225 8.238 8.245 8.251 8.259 8.265 8.270 8.274 8.279 8.283 8.289 8.297 8.299 8.301 8.310 8.319
7.179 7.182 7.185 7.189 7.192 7.195 7.198 7.200 7.203 7.206 7.209 7.211 7.214 7.216 7.219 7.221 7.223 7.225 7.226 7.229 7.231 7.234 7.237 7.241 7.247 7.253 7.260 7.268 7.277 7.286 7.295 7.302 7.310 7.319 7.329 7.339 7.352 7.368 7.386 7.408 7.436 7.472 7.513 7.545 7.580 7.633 7.687 7.741 7.795 7.848 7.899 7.947 7.991 8.017 8.045 8.084 8.120 8.153 8.182 8.206 8.227 8.243 8.255 8.262 8.268 8.275 8.281 8.286 8.290 8.295 8.300 8.307 8.316 8.320 8.323 8.334 8.344
7.188 7.191 7.194 7.197 7.200 7.203 7.206 7.209 7.212 7.214 7.217 7.219 7.222 7.224 7.226 7.229 7.230 7.232 7.234 7.236 7.238 7.240 7.244 7.248 7.253 7.259 7.266 7.274 7.283 7.293 7.302 7.310 7.318 7.328 7.339 7.350 7.364 7.381 7.401 7.424 7.456 7.496 7.541 7.575 7.613 7.668 7.723 7.778 7.831 7.882 7.932 7.977 8.019 8.044 8.070 8.107 8.141 8.172 8.199 8.223 8.243 8.259 8.270 8.276 8.282 8.289 8.295 8.300 8.304 8.308 8.314 8.323 8.334 8.339 8.344 8.355 8.367
7.197 7.200 7.203 7.206 7.209 7.212 7.215 7.217 7.220 7.223 7.225 7.227 7.230 7.232 7.234 7.236 7.238 7.239 7.241 7.243 7.245 7.247 7.250 7.253 7.258 7.264 7.272 7.280 7.289 7.300 7.309 7.318 7.327 7.338 7.349 7.361 7.377 7.396 7.417 7.442 7.476 7.518 7.568 7.605 7.645 7.702 7.758 7.813 7.864 7.914 7.962 8.006 8.045 8.069 8.093 8.128 8.161 8.190 8.216 8.239 8.259 8.273 8.283 8.289 8.294 8.301 8.307 8.312 8.317 8.321 8.327 8.336 8.349 8.355 8.362 8.375 8.386
7.206 7.209 7.212 7.215 7.217 7.220 7.223 7.226 7.228 7.231 7.233 7.235 7.237 7.239 7.241 7.243 7.245 7.246 7.248 7.249 7.251 7.252 7.255 7.258 7.263 7.269 7.277 7.285 7.295 7.306 7.317 7.326 7.335 7.347 7.359 7.373 7.390 7.410 7.433 7.461 7.497 7.543 7.599 7.639 7.679 7.737 7.793 7.848 7.898 7.947 7.993 8.034 8.072 8.094 8.116 8.149 8.180 8.208 8.232 8.254 8.273 8.287 8.295 8.300 8.305 8.311 8.317 8.323 8.328 8.333 8.339 8.348 8.364 8.372 8.378 8.392 8.405
7.214 7.217 7.220 7.223 7.226 7.229 7.231 7.234 7.236 7.239 7.241 7.243 7.245 7.246 7.248 7.250 7.251 7.253 7.254 7.255 7.256 7.257 7.259 7.263 7.268 7.274 7.282 7.291 7.301 7.313 7.324 7.333 7.343 7.356 7.369 7.384 7.403 7.426 7.452 7.483 7.521 7.576 7.636 7.674 7.715 7.773 7.828 7.881 7.931 7.978 8.021 8.061 8.097 8.117 8.138 8.170 8.198 8.224 8.247 8.269 8.287 8.298 8.304 8.309 8.314 8.320 8.326 8.332 8.338 8.343 8.349 8.362 8.380 8.387 8.394 8.408 8.421
7.222 7.225 7.228 7.231 7.234 7.237 7.239 7.242 7.244 7.246 7.248 7.250 7.252 7.253 7.255 7.256 7.257 7.258 7.259 7.260 7.260 7.261 7.263 7.267 7.272 7.278 7.286 7.296 7.307 7.319 7.330 7.340 7.351 7.365 7.380 7.397 7.419 7.445 7.474 7.509 7.555 7.613 7.672 7.709 7.750 7.807 7.862 7.914 7.962 8.007 8.049 8.086 8.120 8.140 8.159 8.188 8.215 8.239 8.261 8.281 8.297 8.306 8.312 8.317 8.322 8.328 8.335 8.342 8.348 8.354 8.363 8.378 8.394 8.402 8.409 8.423 8.435
7.230 7.233 7.236 7.239 7.242 7.244 7.247 7.249 7.252 7.254 7.255 7.257 7.258 7.260 7.261 7.262 7.263 7.263 7.264 7.263 7.263 7.264 7.266 7.270 7.275 7.282 7.291 7.301 7.312 7.324 7.335 7.347 7.361 7.376 7.393 7.413 7.438 7.467 7.500 7.541 7.592 7.649 7.706 7.743 7.783 7.839 7.893 7.944 7.991 8.035 8.074 8.110 8.142 8.160 8.179 8.206 8.231 8.253 8.273 8.291 8.304 8.313 8.320 8.325 8.329 8.336 8.343 8.351 8.359 8.367 8.378 8.392 8.407 8.415 8.423 8.435 8.447
7.238 7.241 7.243 7.246 7.249 7.251 7.254 7.256 7.259 7.261 7.262 7.264 7.265 7.266 7.267 7.267 7.268 7.268 7.267 7.266 7.266 7.266 7.269 7.273 7.279 7.286 7.295 7.305 7.317 7.329 7.341 7.355 7.371 7.389 7.408 7.432 7.461 7.493 7.532 7.577 7.628 7.684 7.739 7.776 7.815 7.870 7.924 7.974 8.019 8.061 8.099 8.133 8.163 8.180 8.197 8.223 8.246 8.266 8.284 8.299 8.311 8.320 8.327 8.332 8.336 8.344 8.353 8.361 8.370 8.380 8.392 8.406 8.420 8.427 8.434 8.447 8.458
7.245 7.248 7.250 7.253 7.256 7.258 7.261 7.263 7.265 7.267 7.269 7.270 7.270 7.271 7.272 7.272 7.271 7.271 7.269 7.268 7.267 7.268 7.271 7.275 7.282 7.289 7.299 7.310 7.321 7.334 7.348 7.364 7.383 7.404 7.426 7.454 7.487 7.524 7.566 7.612 7.664 7.718 7.772 7.808 7.846 7.900 7.952 8.001 8.045 8.086 8.122 8.154 8.183 8.199 8.215 8.238 8.259 8.278 8.293 8.306 8.317 8.326 8.335 8.340 8.344 8.353 8.362 8.372 8.383 8.394 8.406 8.419 8.431 8.438 8.445 8.457 8.467
7.251 7.254 7.257 7.259 7.262 7.264 7.267 7.269 7.271 7.273 7.274 7.275 7.276 7.276 7.276 7.275 7.274 7.273 7.271 7.269 7.269 7.270 7.273 7.278 7.284 7.292 7.303 7.314 7.326 7.340 7.355 7.375 7.398 7.422 7.447 7.479 7.516 7.557 7.600 7.647 7.697 7.750 7.803 7.838 7.875 7.929 7.981 8.028 8.071 8.110 8.144 8.175 8.201 8.216 8.231 8.252 8.271 8.288 8.302 8.314 8.324 8.333 8.342 8.348 8.352 8.362 8.373 8.384 8.395 8.407 8.419 8.431 8.443 8.449 8.455 8.466 8.475
7.257 7.260 7.263 7.265 7.268 7.270 7.273 7.275 7.277 7.279 7.280 7.280 7.280 7.280 7.279 7.278 7.276 7.274 7.271 7.270 7.269 7.271 7.274 7.279 7.286 7.295 7.306 7.318 7.331 7.346 7.364 7.388 7.416 7.442 7.470 7.507 7.548 7.590 7.634 7.680 7.729 7.781 7.834 7.868 7.905 7.958 8.008 8.054 8.095 8.132 8.165 8.194 8.219 8.232 8.246 8.265 8.282 8.297 8.310 8.321 8.330 8.340 8.350 8.356 8.361 8.372 8.384 8.396 8.407 8.419 8.431 8.443 8.453 8.459 8.465 8.474 8.482
7.263 7.265 7.268 7.270 7.273 7.275 7.278 7.280 7.282 7.283 7.284 7.284 7.284 7.283 7.282 7.279 7.276 7.274 7.271 7.269 7.269 7.271 7.274 7.280 7.287 7.296 7.308 7.321 7.336 7.354 7.375 7.403 7.435 7.464 7.496 7.536 7.579 7.622 7.665 7.710 7.759 7.810 7.863 7.897 7.933 7.985 8.033 8.078 8.117 8.153 8.185 8.211 8.234 8.247 8.259 8.276 8.292 8.306 8.317 8.328 8.337 8.348 8.359 8.365 8.371 8.383 8.395 8.407 8.419 8.431 8.442 8.453 8.462 8.467 8.473 8.481 8.488
7.267 7.270 7.273 7.275 7.278 7.280 7.282 7.284 7.286 7.288 7.288 7.288 7.287 7.286 7.283 7.280 7.276 7.273 7.270 7.268 7.269 7.271 7.274 7.280 7.287 7.297 7.311 7.325 7.342 7.363 7.387 7.418 7.455 7.488 7.522 7.565 7.609 7.653 7.697 7.741 7.788 7.838 7.891 7.926 7.961 8.011 8.058 8.100 8.138 8.172 8.203 8.228 8.249 8.260 8.271 8.287 8.302 8.315 8.325 8.335 8.345 8.355 8.367 8.374 8.380 8.393 8.405 8.417 8.429 8.441 8.453 8.463 8.471 8.476 8.480 8.487 8.495
7.272 7.274 7.277 7.279 7.282 7.284 7.286 7.288 7.290 7.291 7.292 7.291 7.289 7.287 7.284 7.279 7.275 7.271 7.268 7.267 7.267 7.270 7.273 7.279 7.287 7.298 7.313 7.330 7.350 7.374 7.402 7.438 7.480 7.516 7.551 7.595 7.641 7.685 7.728 7.772 7.817 7.867 7.922 7.956 7.990 8.038 8.083 8.123 8.159 8.192 8.221 8.244 8.263 8.272 8.282 8.297 8.311 8.323 8.333 8.343 8.352 8.363 8.376 8.384 8.390 8.404 8.416 8.429 8.441 8.452 8.464 8.473 8.480 8.483 8.488 8.494 8.501
7.276 7.278 7.281 7.283 7.286 7.288 7.290 7.292 7.294 7.295 7.295 7.293 7.290 7.288 7.284 7.279 7.274 7.269 7.266 7.265 7.266 7.268 7.272 7.278 7.287 7.300 7.317 7.337 7.361 7.388 7.420 7.464 7.511 7.546 7.581 7.627 7.672 7.717 7.760 7.803 7.846 7.900 7.956 7.987 8.019 8.065 8.108 8.145 8.179 8.210 8.238 8.258 8.274 8.283 8.292 8.306 8.319 8.331 8.341 8.351 8.360 8.372 8.387 8.394 8.401 8.415 8.427 8.439 8.451 8.463 8.474 8.482 8.487 8.490 8.494 8.500 8.506
7.279 7.282 7.284 7.287 7.289 7.291 7.293 7.295 7.297 7.297 7.297 7.295 7.291 7.288 7.283 7.277 7.272 7.267 7.264 7.263 7.263 7.266 7.271 7.278 7.288 7.304 7.324 7.347 7.375 7.408 7.447 7.495 7.541 7.576 7.612 7.658 7.704 7.749 7.792 7.835 7.882 7.936 7.987 8.016 8.047 8.090 8.130 8.165 8.197 8.226 8.251 8.269 8.284 8.293 8.302 8.315 8.327 8.339 8.349 8.359 8.370 8.384 8.398 8.405 8.412 8.425 8.437 8.450 8.461 8.472 8.482 8.488 8.494 8.497 8.500 8.506 8.512
7.283 7.285 7.287 7.290 7.292 7.294 7.296 7.298 7.299 7.300 7.299 7.296 7.292 7.288 7.283 7.276 7.270 7.265 7.261 7.259 7.260 7.264 7.271 7.279 7.291 7.310 7.334 7.362 7.395 7.433 7.477 7.526 7.572 7.607 7.642 7.688 7.735 7.781 7.825 7.870 7.918 7.968 8.016 8.044 8.072 8.113 8.150 8.183 8.213 8.239 8.261 8.279 8.293 8.302 8.310 8.323 8.335 8.347 8.358 8.369 8.381 8.394 8.408 8.415 8.422 8.435 8.447 8.459 8.470 8.480 8.488 8.494 8.500 8.503 8.506 8.511 8.517
7.285 7.288 7.290 7.292 7.294 7.297 7.298 7.300 7.301 7.302 7.300 7.297 7.292 7.288 7.282 7.274 7.268 7.262 7.258 7.256 7.257 7.263 7.272 7.282 7.296 7.319 7.347 7.380 7.418 7.461 7.508 7.557 7.603 7.637 7.672 7.720 7.767 7.813 7.859 7.905 7.952 7.999 8.043 8.069 8.096 8.134 8.168 8.199 8.226 8.250 8.270 8.287 8.302 8.310 8.318 8.331 8.343 8.355 8.367 8.379 8.391 8.404 8.417 8.424 8.431 8.443 8.455 8.467 8.477 8.486 8.494 8.500 8.505 8.508 8.511 8.516 8.522
7.288 7.290 7.293 7.295 7.297 7.299 7.301 7.302 7.303 7.303 7.302 7.298 7.293 7.287 7.280 7.272 7.265 7.259 7.254 7.252 7.255 7.263 7.275 7.288 7.304 7.332 7.364 7.402 7.445 7.491 7.539 7.588 7.634 7.668 7.703 7.751 7.798 7.846 7.892 7.938 7.984 8.028 8.068 8.092 8.117 8.152 8.184 8.213 8.238 8.260 8.279 8.295 8.310 8.318 8.326 8.339 8.351 8.364 8.376 8.388 8.401 8.414 8.426 8.432 8.439 8.451 8.463 8.473 8.483 8.491 8.499 8.505 8.510 8.513 8.516 8.521 8.526
7.290 7.292 7.295 7.297 7.299 7.301 7.303 7.304 7.305 7.305 7.303 7.299 7.293 7.286 7.279 7.270 7.262 7.256 7.251 7.249 7.254 7.264 7.280 7.295 7.315 7.347 7.385 7.427 7.472 7.520 7.570 7.618 7.665 7.699 7.733 7.781 7.830 7.878 7.924 7.969 8.013 8.054 8.091 8.113 8.137 8.169 8.198 8.224 8.248 8.268 8.287 8.303 8.317 8.325 8.333 8.346 8.359 8.372 8.384 8.397 8.410 8.422 8.434 8.440 8.447 8.458 8.469 8.479 8.488 8.496 8.503 8.509 8.514 8.517 8.520 8.525 8.530
7.292 7.294 7.297 7.299 7.301 7.303 7.304 7.306 7.307 7.306 7.304 7.299 7.292 7.285 7.277 7.268 7.259 7.252 7.247 7.247 7.254 7.268 7.288 7.306 7.329 7.366 7.408 7.453 7.500 7.550 7.600 7.649 7.696 7.729 7.764 7.812 7.861 7.908 7.954 7.998 8.040 8.078 8.112 8.133 8.154 8.183 8.210 8.235 8.257 8.276 8.294 8.310 8.324 8.332 8.340 8.354 8.367 8.380 8.393 8.405 8.418 8.430 8.441 8.447 8.453 8.464 8.474 8.484 8.492 8.500 8.506 8.512 8.518 8.521 8.524 8.529 8.534
7.294 7.296 7.298 7.301 7.303 7.304 7.306 7.307 7.308 7.308 7.305 7.299 7.292 7.284 7.275 7.265 7.256 7.249 7.245 7.247 7.257 7.275 7.298 7.319 7.345 7.386 7.431 7.479 7.528 7.578 7.628 7.678 7.725 7.758 7.793 7.841 7.889 7.936 7.980 8.023 8.063 8.099 8.129 8.149 8.168 8.195 8.220 8.243 8.264 8.283 8.300 8.316 8.330 8.338 8.347 8.360 8.373 8.387 8.400 8.412 8.425 8.436 8.447 8.453 8.459 8.468 8.478 8.487 8.495 8.502 8.509 8.515 8.521 8.524 8.526 8.532 8.537
7.296 7.298 7.300 7.302 7.304 7.306 7.308 7.309 7.309 7.309 7.306 7.300 7.292 7.283 7.274 7.262 7.253 7.246 7.243 7.247 7.260 7.281 7.309 7.333 7.362 7.406 7.454 7.503 7.553 7.604 7.656 7.705 7.753 7.786 7.821 7.869 7.916 7.962 8.005 8.046 8.085 8.118 8.147 8.164 8.182 8.207 8.230 8.252 8.271 8.290 8.307 8.322 8.336 8.345 8.353 8.366 8.380 8.393 8.406 8.419 8.431 8.442 8.452 8.458 8.463 8.473 8.482 8.490 8.498 8.505 8.512 8.518 8.523 8.526 8.529 8.534 8.539
7.297 7.300 7.302 7.304 7.306 7.308 7.309 7.310 7.311 7.310 7.307 7.300 7.291 7.282 7.272 7.260 7.250 7.244 7.243 7.250 7.265 7.291 7.324 7.350 7.381 7.428 7.478 7.530 7.581 7.633 7.685 7.735 7.784 7.817 7.850 7.898 7.944 7.988 8.030 8.070 8.107 8.138 8.163 8.179 8.195 8.218 8.240 8.261 8.279 8.297 8.313 8.329 8.343 8.351 8.359 8.373 8.386 8.399 8.412 8.425 8.437 8.448 8.457 8.462 8.468 8.476 8.485 8.493 8.500 8.507 8.514 8.520 8.525 8.528 8.531 8.536 8.541
7.299 7.301 7.303 7.305 7.307 7.309 7.311 7.312 7.312 7.312 7.308 7.301 7.290 7.281 7.270 7.258 7.248 7.243 7.245 7.254 7.274 7.305 7.342 7.369 7.402 7.451 7.503 7.556 7.609 7.662 7.714 7.766 7.815 7.847 7.880 7.926 7.971 8.014 8.054 8.092 8.127 8.155 8.177 8.192 8.207 8.229 8.249 8.269 8.287 8.304 8.320 8.335 8.349 8.357 8.365 8.379 8.392 8.405 8.418 8.431 8.443 8.453 8.461 8.466 8.471 8.480 8.488 8.495 8.502 8.509 8.516 8.521 8.526 8.529 8.532 8.537 8.542
7.300 7.303 7.305 7.307 7.309 7.311 7.312 7.314 7.314 7.313 7.309 7.301 7.290 7.281 7.270 7.257 7.249 7.245 7.250 7.263 7.288 7.323 7.361 7.389 7.424 7.475 7.529 7.584 7.638 7.692 7.746 7.798 7.846 7.876 7.908 7.953 7.996 8.038 8.076 8.112 8.144 8.169 8.190 8.204 8.218 8.238 8.258 8.277 8.294 8.310 8.326 8.341 8.355 8.363 8.371 8.384 8.398 8.411 8.424 8.436 8.447 8.457 8.465 8.470 8.475 8.482 8.490 8.497 8.504 8.511 8.517 8.522 8.527 8.530 8.533 8.538 8.543
7.302 7.304 7.307 7.309 7.311 7.313 7.314 7.316 7.316 7.315 7.311 7.302 7.291 7.281 7.270 7.259 7.251 7.250 7.258 7.275 7.304 7.341 7.380 7.410 7.446 7.499 7.555 7.612 7.667 7.723 7.777 7.829 7.875 7.904 7.935 7.978 8.020 8.060 8.096 8.129 8.158 8.182 8.202 8.216 8.229 8.248 8.267 8.285 8.301 8.317 8.333 8.347 8.361 8.368 8.376 8.389 8.403 8.416 8.429 8.441 8.451 8.460 8.468 8.473 8.477 8.485 8.492 8.499 8.506 8.512 8.518 8.523 8.528 8.531 8.534 8.539 8.544
7.304 7.306 7.309 7.311 7.313 7.315 7.317 7.318 7.318 7.317 7.313 7.304 7.293 7.283 7.273 7.262 7.257 7.258 7.269 7.290 7.321 7.360 7.400 7.430 7.468 7.524 7.581 7.640 7.697 7.754 7.808 7.858 7.902 7.930 7.960 8.002 8.042 8.079 8.113 8.144 8.171 8.194 8.214 8.226 8.239 8.257 8.275 8.292 8.309 8.324 8.339 8.353 8.366 8.374 8.381 8.395 8.408 8.421 8.434 8.445 8.455 8.464 8.472 8.476 8.480 8.487 8.494 8.501 8.507 8.513 8.518 8.524 8.529 8.531 8.534 8.540 8.545
