TsunamiDB/out54071.asc
ncols          264
nrows          230
xllcorner      497853.4375
yllcorner      4229146.0000
cellsize         5.
NODATA_value   -99
[rows 0 to 33 of 230, columns 75 to 149 of 264]
-99.000 -99.000 -99.000 -99.000 -99.000 -99.000 -99.000 -99.000 -99.000 -99.000 -99.000 1.649 1.679 1.792 1.998 2.265 2.554 2.828 3.064 3.257 3.410 3.531 3.630 3.715 3.790 3.857 3.921 3.980 4.037 4.092 4.145 4.196 4.245 4.293 4.339 4.384 4.428 4.470 4.511 4.551 4.589 4.626 4.662 4.696 4.729 4.761 4.792 4.822 4.852 4.880 4.908 4.935 4.961 4.987 5.012 5.037 5.061 5.084 5.108 5.131 5.155 5.178 5.201 5.224 5.247 5.270 5.293 5.315 5.338 5.361 5.384 5.407 5.429 5.452 5.475
-99.000 -99.000 -99.000 -99.000 -99.000 -99.000 -99.000 -99.000 -99.000 -99.000 1.647 1.656 1.717 1.874 2.112 2.394 2.680 2.939 3.157 3.331 3.468 3.579 3.671 3.750 3.821 3.886 3.947 4.005 4.061 4.114 4.166 4.216 4.265 4.311 4.356 4.401 4.444 4.486 4.527 4.567 4.605 4.642 4.678 4.712 4.745 4.777 4.808 4.838 4.867 4.896 4.923 4.950 4.976 5.001 5.026 5.051 5.074 5.097 5.120 5.143 5.166 5.189 5.211 5.233 5.256 5.278 5.300 5.322 5.345 5.367 5.389 5.411 5.434 5.456 5.479
-99.000 -99.000 -99.000 -99.000 -99.000 -99.000 -99.000 -99.000 -99.000 -99.000 1.648 1.673 1.775 1.973 2.236 2.524 2.801 3.043 3.240 3.397 3.521 3.623 3.708 3.783 3.851 3.914 3.973 4.030 4.084 4.136 4.186 4.236 4.283 4.329 4.373 4.418 4.461 4.503 4.543 4.583 4.621 4.658 4.693 4.728 4.761 4.793 4.824 4.854 4.883 4.911 4.939 4.965 4.991 5.016 5.041 5.065 5.088 5.110 5.133 5.156 5.178 5.200 5.222 5.244 5.265 5.287 5.308 5.330 5.352 5.373 5.395 5.417 5.438 5.460 5.482
-99.000 -99.000 -99.000 -99.000 -99.000 -99.000 -99.000 -99.000 -99.000 1.648 1.653 1.706 1.853 2.084 2.364 2.651 2.914 3.137 3.316 3.457 3.570 3.664 3.744 3.815 3.881 3.941 3.999 4.054 4.106 4.157 4.207 4.255 4.302 4.347 4.391 4.434 4.477 4.518 4.559 4.598 4.636 4.673 4.709 4.743 4.777 4.809 4.840 4.870 4.899 4.927 4.954 4.981 5.007 5.032 5.056 5.080 5.103 5.124 5.147 5.169 5.191 5.212 5.234 5.255 5.276 5.297 5.318 5.338 5.359 5.380 5.401 5.422 5.443 5.465 5.486
-99.000 -99.000 -99.000 -99.000 -99.000 -99.000 -99.000 -99.000 -99.000 1.649 1.667 1.759 1.947 2.205 2.493 2.773 3.019 3.222 3.384 3.512 3.615 3.702 3.778 3.846 3.909 3.968 4.024 4.078 4.129 4.179 4.227 4.274 4.320 4.364 4.407 4.451 4.493 4.534 4.574 4.613 4.651 4.688 4.723 4.758 4.792 4.824 4.855 4.885 4.914 4.943 4.970 4.996 5.022 5.047 5.071 5.095 5.118 5.139 5.161 5.183 5.204 5.225 5.246 5.267 5.287 5.307 5.328 5.348 5.368 5.388 5.408 5.429 5.449 5.470 5.491
-99.000 -99.000 -99.000 -99.000 -99.000 -99.000 -99.000 -99.000 1.648 1.652 1.696 1.832 2.055 2.331 2.620 2.888 3.116 3.300 3.445 3.562 3.657 3.739 3.811 3.876 3.937 3.995 4.049 4.101 4.151 4.200 4.247 4.294 4.339 4.382 4.424 4.467 4.508 4.549 4.588 4.627 4.665 4.702 4.738 4.772 4.806 4.838 4.870 4.900 4.929 4.958 4.985 5.012 5.037 5.063 5.087 5.111 5.133 5.154 5.176 5.197 5.218 5.239 5.260 5.280 5.299 5.319 5.339 5.358 5.377 5.397 5.417 5.436 5.456 5.476 5.496
-99.000 -99.000 -99.000 -99.000 -99.000 -99.000 -99.000 -99.000 1.649 1.663 1.744 1.922 2.173 2.460 2.743 2.995 3.203 3.370 3.501 3.608 3.697 3.774 3.843 3.906 3.965 4.020 4.074 4.124 4.174 4.221 4.268 4.313 4.357 4.399 4.441 4.482 4.523 4.563 4.603 4.641 4.679 4.716 4.751 4.786 4.820 4.852 4.884 4.915 4.944 4.973 5.000 5.027 5.053 5.078 5.102 5.126 5.148 5.169 5.191 5.212 5.233 5.254 5.274 5.293 5.313 5.332 5.351 5.369 5.388 5.407 5.426 5.445 5.464 5.483 5.502
-99.000 -99.000 -99.000 -99.000 -99.000 -99.000 -99.000 1.648 1.651 1.688 1.811 2.026 2.298 2.587 2.859 3.093 3.282 3.433 3.552 3.650 3.734 3.807 3.873 3.934 3.992 4.046 4.098 4.148 4.196 4.242 4.288 4.332 4.375 4.417 4.457 4.498 4.538 4.578 4.617 4.655 4.692 4.729 4.764 4.799 4.833 4.866 4.898 4.928 4.958 4.987 5.015 5.041 5.067 5.093 5.117 5.141 5.163 5.185 5.206 5.227 5.248 5.268 5.288 5.307 5.326 5.345 5.364 5.382 5.400 5.418 5.436 5.454 5.473 5.491 5.510
-99.000 -99.000 -99.000 -99.000 -99.000 -99.000 -99.000 1.648 1.659 1.730 1.896 2.141 2.426 2.711 2.968 3.182 3.354 3.490 3.599 3.690 3.769 3.839 3.903 3.962 4.018 4.071 4.122 4.170 4.218 4.263 4.308 4.351 4.393 4.434 4.474 4.514 4.553 4.592 4.630 4.668 4.705 4.741 4.777 4.812 4.845 4.878 4.910 4.941 4.971 5.000 5.028 5.055 5.082 5.107 5.132 5.156 5.178 5.200 5.221 5.243 5.263 5.283 5.303 5.322 5.341 5.359 5.377 5.395 5.413 5.430 5.448 5.465 5.483 5.501 5.518
-99.000 -99.000 -99.000 -99.000 -99.000 -99.000 1.648 1.650 1.680 1.792 1.996 2.263 2.553 2.829 3.068 3.264 3.419 3.542 3.643 3.728 3.802 3.869 3.931 3.989 4.044 4.096 4.145 4.193 4.239 4.284 4.327 4.370 4.411 4.451 4.490 4.530 4.568 4.606 4.644 4.681 4.718 4.754 4.789 4.824 4.857 4.890 4.922 4.954 4.984 5.013 5.041 5.069 5.095 5.121 5.146 5.170 5.193 5.214 5.236 5.258 5.278 5.298 5.318 5.337 5.356 5.374 5.392 5.409 5.427 5.444 5.461 5.477 5.494 5.511 5.528
-99.000 -99.000 -99.000 -99.000 -99.000 -99.000 1.648 1.656 1.717 1.872 2.108 2.390 2.677 2.939 3.160 3.337 3.477 3.590 3.683 3.763 3.834 3.899 3.959 4.015 4.069 4.120 4.168 4.215 4.261 4.304 4.347 4.389 4.429 4.468 4.507 4.545 4.583 4.621 4.658 4.694 4.730 4.766 4.801 4.835 4.869 4.902 4.934 4.965 4.996 5.025 5.054 5.081 5.108 5.134 5.159 5.184 5.207 5.229 5.251 5.272 5.293 5.313 5.333 5.352 5.371 5.389 5.407 5.424 5.441 5.458 5.474 5.491 5.507 5.523 5.540
-99.000 -99.000 -99.000 -99.000 -99.000 -99.000 1.649 1.672 1.772 1.967 2.228 2.517 2.796 3.041 3.243 3.403 3.531 3.634 3.721 3.797 3.865 3.928 3.986 4.041 4.093 4.143 4.191 4.237 4.282 4.325 4.367 4.408 4.448 4.486 4.523 4.561 4.598 4.635 4.671 4.707 4.743 4.778 4.812 4.846 4.880 4.913 4.945 4.976 5.007 5.036 5.065 5.093 5.120 5.147 5.172 5.197 5.220 5.242 5.264 5.286 5.307 5.327 5.347 5.367 5.385 5.404 5.421 5.439 5.456 5.472 5.488 5.505 5.520 5.536 5.552
-99.000 -99.000 -99.000 -99.000 -99.000 1.648 1.654 1.704 1.847 2.075 2.353 2.642 2.909 3.135 3.318 3.463 3.579 3.675 3.757 3.829 3.895 3.955 4.012 4.066 4.117 4.167 4.214 4.259 4.303 4.345 4.386 4.426 4.466 4.503 4.540 4.577 4.613 4.649 4.685 4.720 4.755 4.789 4.823 4.857 4.890 4.923 4.955 4.986 5.017 5.047 5.076 5.104 5.131 5.158 5.184 5.209 5.232 5.255 5.277 5.299 5.320 5.341 5.361 5.381 5.400 5.418 5.436 5.453 5.470 5.487 5.503 5.519 5.535 5.550 5.566
-99.000 -99.000 -99.000 -99.000 -99.000 1.649 1.666 1.754 1.937 2.192 2.479 2.762 3.013 3.221 3.386 3.518 3.624 3.713 3.791 3.860 3.923 3.982 4.038 4.090 4.141 4.189 4.236 4.280 4.323 4.365 4.406 4.445 4.484 4.520 4.557 4.593 4.628 4.664 4.699 4.733 4.767 4.801 4.835 4.868 4.901 4.933 4.965 4.996 5.027 5.057 5.086 5.114 5.142 5.169 5.195 5.220 5.244 5.266 5.289 5.312 5.333 5.354 5.374 5.394 5.413 5.432 5.450 5.468 5.485 5.502 5.518 5.534 5.550 5.565 5.580
-99.000 -99.000 -99.000 -99.000 1.648 1.652 1.692 1.822 2.041 2.315 2.604 2.876 3.109 3.298 3.448 3.568 3.666 3.749 3.823 3.889 3.950 4.008 4.062 4.114 4.164 4.211 4.257 4.301 4.344 4.385 4.425 4.464 4.501 4.538 4.573 4.609 4.644 4.678 4.713 4.746 4.780 4.813 4.846 4.879 4.911 4.943 4.974 5.005 5.036 5.066 5.095 5.124 5.152 5.179 5.205 5.230 5.254 5.277 5.301 5.323 5.345 5.366 5.387 5.407 5.426 5.445 5.464 5.482 5.499 5.516 5.533 5.549 5.564 5.580 5.595
-99.000 -99.000 -99.000 -99.000 1.648 1.661 1.736 1.907 2.154 2.440 2.725 2.982 3.196 3.368 3.504 3.614 3.705 3.783 3.853 3.917 3.977 4.033 4.086 4.137 4.186 4.233 4.278 4.322 4.364 4.404 4.444 4.482 4.519 4.555 4.590 4.625 4.659 4.693 4.727 4.760 4.793 4.825 4.857 4.889 4.921 4.953 4.984 5.015 5.045 5.075 5.104 5.133 5.161 5.188 5.214 5.240 5.264 5.287 5.311 5.334 5.356 5.378 5.398 5.419 5.439 5.458 5.477 5.495 5.513 5.530 5.547 5.563 5.579 5.595 5.610
-99.000 -99.000 -99.000 1.648 1.650 1.682 1.798 2.005 2.274 2.565 2.840 3.080 3.276 3.431 3.555 3.656 3.741 3.815 3.883 3.945 4.002 4.057 4.110 4.160 4.208 4.254 4.299 4.342 4.383 4.423 4.462 4.500 4.537 4.572 4.607 4.641 4.675 4.708 4.741 4.773 4.806 4.837 4.869 4.900 4.932 4.963 4.993 5.024 5.054 5.083 5.112 5.141 5.169 5.196 5.223 5.249 5.273 5.297 5.321 5.344 5.366 5.388 5.409 5.430 5.450 5.470 5.489 5.508 5.526 5.543 5.561 5.577 5.594 5.609 5.625
-99.000 -99.000 -99.000 1.648 1.657 1.719 1.876 2.115 2.398 2.686 2.948 3.169 3.348 3.489 3.602 3.695 3.775 3.846 3.911 3.971 4.027 4.081 4.132 4.181 4.229 4.274 4.318 4.361 4.402 4.442 4.481 4.518 4.554 4.588 4.623 4.657 4.690 4.723 4.755 4.787 4.819 4.850 4.881 4.912 4.942 4.973 5.003 5.033 5.062 5.092 5.121 5.149 5.177 5.205 5.232 5.257 5.281 5.305 5.329 5.353 5.376 5.398 5.419 5.440 5.461 5.481 5.500 5.519 5.538 5.556 5.573 5.591 5.607 5.623 5.639
-99.000 -99.000 -99.000 1.649 1.673 1.774 1.969 2.231 2.521 2.801 3.048 3.251 3.413 3.541 3.645 3.732 3.808 3.875 3.938 3.996 4.051 4.104 4.154 4.203 4.249 4.294 4.338 4.380 4.421 4.460 4.498 4.535 4.571 4.605 4.639 4.673 4.706 4.738 4.770 4.801 4.832 4.863 4.893 4.923 4.953 4.983 5.013 5.042 5.071 5.100 5.129 5.157 5.185 5.212 5.239 5.264 5.289 5.313 5.338 5.361 5.384 5.407 5.429 5.450 5.471 5.491 5.511 5.530 5.549 5.567 5.585 5.603 5.620 5.637 5.653
-99.000 -99.000 1.648 1.654 1.703 1.845 2.073 2.352 2.642 2.910 3.140 3.325 3.472 3.589 3.685 3.767 3.838 3.904 3.964 4.021 4.075 4.126 4.175 4.223 4.269 4.313 4.356 4.398 4.438 4.477 4.515 4.552 4.587 4.621 4.655 4.688 4.721 4.753 4.784 4.815 4.846 4.876 4.905 4.935 4.964 4.994 5.023 5.051 5.080 5.109 5.137 5.165 5.192 5.220 5.246 5.272 5.296 5.321 5.345 5.369 5.392 5.415 5.437 5.459 5.480 5.500 5.521 5.540 5.559 5.578 5.597 5.615 5.632 5.649 5.666
-99.000 -99.000 1.649 1.665 1.750 1.932 2.186 2.474 2.759 3.012 3.223 3.392 3.526 3.633 3.723 3.799 3.868 3.931 3.989 4.044 4.097 4.148 4.196 4.243 4.288 4.332 4.375 4.416 4.456 4.494 4.532 4.569 4.603 4.637 4.671 4.704 4.736 4.768 4.799 4.829 4.859 4.889 4.918 4.947 4.976 5.004 5.033 5.061 5.089 5.117 5.145 5.173 5.200 5.227 5.254 5.279 5.303 5.328 5.353 5.377 5.400 5.423 5.445 5.467 5.488 5.509 5.530 5.550 5.569 5.588 5.607 5.625 5.643 5.661 5.677
-99.000 1.648 1.651 1.689 1.814 2.030 2.303 2.595 2.870 3.107 3.300 3.453 3.575 3.674 3.758 3.831 3.896 3.957 4.014 4.068 4.119 4.169 4.216 4.262 4.307 4.350 4.392 4.433 4.472 4.511 4.548 4.585 4.619 4.652 4.686 4.719 4.751 4.782 4.813 4.843 4.872 4.902 4.931 4.959 4.987 5.015 5.043 5.071 5.099 5.126 5.153 5.181 5.208 5.234 5.261 5.286 5.310 5.335 5.360 5.384 5.407 5.431 5.453 5.475 5.497 5.518 5.538 5.559 5.578 5.598 5.617 5.635 5.653 5.671 5.689
-99.000 1.648 1.659 1.728 1.893 2.137 2.423 2.712 2.974 3.193 3.369 3.509 3.621 3.713 3.791 3.861 3.924 3.982 4.038 4.090 4.141 4.189 4.236 4.281 4.325 4.368 4.409 4.449 4.489 4.527 4.564 4.600 4.634 4.667 4.701 4.733 4.765 4.796 4.826 4.856 4.886 4.914 4.943 4.971 4.999 5.027 5.054 5.081 5.108 5.135 5.162 5.189 5.215 5.242 5.268 5.293 5.317 5.342 5.367 5.391 5.415 5.438 5.460 5.483 5.504 5.526 5.547 5.567 5.587 5.607 5.626 5.645 5.663 5.681 5.699
-99.000 1.650 1.677 1.784 1.985 2.251 2.542 2.823 3.070 3.272 3.433 3.560 3.663 3.749 3.823 3.890 3.950 4.007 4.061 4.112 4.162 4.209 4.255 4.300 4.343 4.385 4.426 4.466 4.504 4.542 4.579 4.615 4.649 4.682 4.715 4.747 4.779 4.810 4.840 4.869 4.899 4.927 4.955 4.983 5.011 5.038 5.065 5.092 5.118 5.145 5.171 5.197 5.223 5.249 5.275 5.300 5.324 5.349 5.373 5.398 5.421 5.445 5.468 5.490 5.512 5.533 5.554 5.575 5.595 5.615 5.634 5.653 5.672 5.690 5.708
1.648 1.654 1.708 1.854 2.086 2.367 2.659 2.929 3.159 3.344 3.490 3.607 3.703 3.783 3.854 3.918 3.976 4.032 4.084 4.134 4.182 4.229 4.274 4.318 4.360 4.402 4.442 4.481 4.520 4.557 4.593 4.629 4.663 4.696 4.728 4.761 4.792 4.823 4.853 4.882 4.911 4.939 4.967 4.995 5.022 5.049 5.076 5.102 5.128 5.154 5.180 5.206 5.232 5.257 5.283 5.307 5.331 5.356 5.380 5.404 5.428 5.452 5.475 5.497 5.519 5.541 5.562 5.583 5.603 5.623 5.642 5.662 5.680 5.699 5.717
1.649 1.666 1.754 1.938 2.195 2.485 2.772 3.027 3.240 3.409 3.543 3.651 3.740 3.816 3.883 3.945 4.002 4.056 4.107 4.156 4.203 4.249 4.293 4.336 4.378 4.418 4.458 4.497 4.534 4.571 4.608 4.643 4.676 4.709 4.742 4.774 4.805 4.835 4.865 4.895 4.923 4.951 4.979 5.007 5.033 5.060 5.086 5.113 5.138 5.164 5.190 5.215 5.240 5.266 5.291 5.315 5.339 5.363 5.387 5.411 5.435 5.458 5.481 5.504 5.526 5.548 5.569 5.590 5.610 5.631 5.650 5.669 5.688 5.707 5.725
1.651 1.690 1.816 2.033 2.308 2.601 2.879 3.119 3.315 3.470 3.592 3.692 3.775 3.847 3.912 3.971 4.027 4.079 4.129 4.177 4.223 4.268 4.311 4.354 4.395 4.435 4.474 4.512 4.549 4.586 4.621 4.656 4.689 4.722 4.754 4.786 4.817 4.848 4.877 4.906 4.935 4.963 4.991 5.018 5.045 5.071 5.097 5.123 5.148 5.174 5.199 5.224 5.249 5.274 5.299 5.323 5.346 5.370 5.394 5.418 5.442 5.465 5.488 5.511 5.533 5.555 5.576 5.597 5.618 5.638 5.658 5.677 5.696 5.715 5.733
1.659 1.727 1.892 2.136 2.423 2.715 2.980 3.204 3.384 3.525 3.638 3.731 3.809 3.878 3.940 3.998 4.052 4.103 4.152 4.198 4.244 4.288 4.330 4.371 4.412 4.451 4.490 4.527 4.564 4.600 4.635 4.670 4.702 4.734 4.767 4.798 4.829 4.859 4.889 4.918 4.946 4.974 5.002 5.029 5.055 5.082 5.107 5.133 5.158 5.184 5.208 5.233 5.258 5.282 5.307 5.330 5.354 5.378 5.402 5.425 5.449 5.472 5.495 5.518 5.540 5.562 5.583 5.604 5.625 5.645 5.665 5.684 5.703 5.722 5.741
1.675 1.780 1.980 2.246 2.539 2.824 3.075 3.282 3.447 3.576 3.681 3.767 3.842 3.908 3.968 4.024 4.076 4.126 4.174 4.220 4.264 4.307 4.349 4.389 4.429 4.468 4.505 4.542 4.578 4.614 4.648 4.683 4.715 4.747 4.779 4.810 4.841 4.871 4.900 4.929 4.957 4.985 5.013 5.039 5.066 5.092 5.118 5.143 5.168 5.193 5.218 5.242 5.267 5.291 5.315 5.338 5.361 5.385 5.409 5.432 5.456 5.479 5.502 5.524 5.547 5.569 5.590 5.611 5.632 5.652 5.672 5.692 5.711 5.730 5.748
1.704 1.847 2.077 2.359 2.653 2.928 3.163 3.354 3.505 3.624 3.721 3.803 3.874 3.937 3.995 4.050 4.101 4.150 4.197 4.242 4.285 4.327 4.368 4.408 4.446 4.484 4.521 4.558 4.593 4.628 4.662 4.696 4.728 4.759 4.791 4.822 4.852 4.882 4.911 4.940 4.968 4.996 5.023 5.050 5.076 5.102 5.127 5.153 5.178 5.202 5.227 5.251 5.276 5.300 5.323 5.346 5.369 5.393 5.416 5.439 5.463 5.486 5.509 5.531 5.553 5.575 5.597 5.618 5.639 5.659 5.679 5.699 5.718 5.737 5.755
1.748 1.928 2.182 2.474 2.764 3.026 3.245 3.420 3.559 3.669 3.759 3.837 3.905 3.966 4.023 4.076 4.126 4.174 4.219 4.263 4.306 4.347 4.387 4.426 4.464 4.501 4.538 4.573 4.608 4.642 4.676 4.709 4.741 4.772 4.803 4.833 4.864 4.893 4.922 4.951 4.979 5.006 5.033 5.060 5.086 5.112 5.137 5.162 5.187 5.212 5.236 5.260 5.284 5.308 5.332 5.354 5.377 5.400 5.423 5.447 5.470 5.493 5.515 5.538 5.560 5.582 5.603 5.625 5.645 5.666 5.686 5.705 5.725 5.743 5.762
1.806 2.019 2.293 2.589 2.871 3.118 3.321 3.482 3.610 3.711 3.796 3.870 3.935 3.995 4.050 4.102 4.151 4.198 4.243 4.286 4.328 4.368 4.407 4.445 4.483 4.519 4.555 4.590 4.624 4.657 4.690 4.723 4.754 4.784 4.815 4.845 4.875 4.904 4.933 4.961 4.989 5.016 5.043 5.069 5.095 5.121 5.146 5.171 5.196 5.221 5.245 5.269 5.293 5.316 5.340 5.362 5.385 5.408 5.431 5.454 5.477 5.499 5.522 5.544 5.566 5.588 5.610 5.631 5.652 5.672 5.692 5.712 5.731 5.750 5.769
1.879 2.120 2.407 2.702 2.974 3.205 3.391 3.539 3.657 3.752 3.832 3.903 3.966 4.024 4.078 4.128 4.176 4.222 4.266 4.309 4.350 4.389 4.428 4.465 4.502 4.537 4.572 4.606 4.640 4.673 4.705 4.737 4.767 4.797 4.827 4.857 4.887 4.915 4.944 4.972 4.999 5.026 5.053 5.079 5.105 5.130 5.156 5.180 5.205 5.229 5.253 5.277 5.301 5.325 5.348 5.370 5.392 5.415 5.438 5.461 5.483 5.506 5.528 5.550 5.572 5.594 5.616 5.637 5.658 5.678 5.698 5.718 5.738 5.757 5.775
1.964 2.228 2.523 2.813 3.071 3.285 3.457 3.593 3.702 3.791 3.867 3.935 3.996 4.053 4.105 4.155 4.202 4.247 4.291 4.332 4.372 4.411 4.449 4.486 4.521 4.556 4.590 4.624 4.657 4.689 4.721 4.752 4.781 4.811 4.840 4.870 4.898 4.927 4.955 4.982 5.010 5.036 5.063 5.089 5.114 5.140 5.165 5.189 5.214 5.238 5.262 5.286 5.309 5.333 5.355 5.377 5.399 5.422 5.445 5.467 5.490 5.512 5.534 5.556 5.578 5.600 5.621 5.643 5.664 5.684 5.704 5.724 5.744 5.763 5.782
