TsunamiDB/out54070.asc
ncols          264
nrows          230
xllcorner      497853.4375
yllcorner      4229146.0000
cellsize         5.
NODATA_value   -99
[rows 136 to 169 of 230, columns 75 to 149 of 264]
5.306 5.331 5.356 5.380 5.404 5.428 5.453 5.478 5.502 5.526 5.550 5.574 5.598 5.622 5.645 5.668 5.690 5.712 5.733 5.754 5.774 5.794 5.812 5.830 5.846 5.862 5.876 5.889 5.901 5.913 5.924 5.935 5.945 5.955 5.965 5.976 5.987 5.999 6.012 6.025 6.039 6.054 6.069 6.085 6.101 6.117 6.133 6.149 6.164 6.179 6.192 6.206 6.219 6.232 6.245 6.257 6.269 6.281 6.292 6.303 6.315 6.326 6.338 6.349 6.361 6.372 6.384 6.395 6.407 6.418 6.428 6.438 6.446 6.454 6.461
5.315 5.340 5.365 5.388 5.412 5.436 5.461 5.485 5.510 5.534 5.558 5.582 5.606 5.629 5.653 5.676 5.699 5.721 5.743 5.764 5.785 5.805 5.825 5.843 5.861 5.878 5.892 5.906 5.920 5.932 5.944 5.955 5.966 5.976 5.986 5.996 6.006 6.017 6.028 6.041 6.053 6.067 6.081 6.096 6.112 6.127 6.143 6.158 6.173 6.187 6.201 6.215 6.228 6.242 6.255 6.267 6.279 6.291 6.302 6.314 6.325 6.337 6.348 6.360 6.372 6.383 6.395 6.407 6.419 6.430 6.442 6.452 6.460 6.468 6.477
5.326 5.350 5.374 5.396 5.421 5.445 5.469 5.493 5.517 5.541 5.565 5.589 5.613 5.637 5.660 5.684 5.706 5.729 5.751 5.773 5.795 5.815 5.836 5.855 5.874 5.891 5.907 5.922 5.937 5.950 5.963 5.975 5.986 5.996 6.006 6.016 6.026 6.036 6.047 6.058 6.069 6.082 6.095 6.109 6.123 6.138 6.153 6.169 6.183 6.197 6.210 6.224 6.238 6.251 6.264 6.277 6.289 6.301 6.312 6.324 6.335 6.347 6.358 6.370 6.382 6.394 6.406 6.418 6.430 6.442 6.454 6.464 6.474 6.483 6.492
5.336 5.360 5.383 5.406 5.429 5.453 5.477 5.501 5.525 5.548 5.572 5.596 5.620 5.644 5.667 5.690 5.714 5.737 5.759 5.781 5.803 5.825 5.845 5.866 5.885 5.903 5.920 5.936 5.952 5.967 5.981 5.993 6.005 6.016 6.027 6.037 6.046 6.056 6.066 6.076 6.087 6.098 6.111 6.123 6.137 6.151 6.165 6.180 6.194 6.207 6.221 6.234 6.248 6.261 6.274 6.287 6.299 6.311 6.322 6.334 6.345 6.357 6.368 6.380 6.392 6.404 6.416 6.429 6.441 6.454 6.466 6.477 6.487 6.497 6.506
5.347 5.371 5.393 5.416 5.439 5.462 5.485 5.509 5.532 5.556 5.579 5.603 5.627 5.650 5.674 5.697 5.720 5.743 5.766 5.789 5.811 5.833 5.854 5.875 5.895 5.914 5.931 5.949 5.965 5.981 5.996 6.010 6.023 6.035 6.046 6.057 6.067 6.076 6.086 6.096 6.106 6.116 6.127 6.139 6.152 6.165 6.179 6.193 6.206 6.218 6.232 6.245 6.258 6.271 6.284 6.297 6.309 6.321 6.332 6.344 6.355 6.367 6.378 6.390 6.402 6.414 6.426 6.439 6.451 6.464 6.477 6.488 6.499 6.510 6.520
5.359 5.382 5.404 5.426 5.449 5.472 5.494 5.517 5.540 5.563 5.587 5.610 5.633 5.657 5.680 5.703 5.726 5.750 5.772 5.795 5.818 5.840 5.862 5.883 5.904 5.923 5.941 5.960 5.977 5.994 6.010 6.025 6.039 6.052 6.064 6.075 6.086 6.096 6.106 6.115 6.125 6.135 6.145 6.156 6.168 6.180 6.193 6.206 6.219 6.231 6.244 6.257 6.270 6.283 6.295 6.307 6.319 6.331 6.343 6.354 6.365 6.377 6.388 6.400 6.411 6.424 6.436 6.449 6.461 6.474 6.488 6.500 6.511 6.522 6.534
5.371 5.394 5.416 5.437 5.459 5.482 5.504 5.527 5.549 5.572 5.594 5.617 5.640 5.663 5.686 5.709 5.732 5.755 5.778 5.801 5.824 5.846 5.868 5.890 5.911 5.931 5.950 5.969 5.988 6.005 6.022 6.039 6.054 6.068 6.081 6.093 6.104 6.115 6.125 6.135 6.145 6.154 6.164 6.175 6.185 6.197 6.209 6.221 6.233 6.244 6.257 6.269 6.282 6.294 6.307 6.319 6.330 6.342 6.353 6.364 6.375 6.387 6.398 6.409 6.421 6.433 6.445 6.458 6.471 6.484 6.498 6.510 6.522 6.534 6.546
5.383 5.406 5.428 5.449 5.471 5.493 5.515 5.537 5.558 5.580 5.603 5.625 5.647 5.670 5.692 5.715 5.738 5.761 5.784 5.807 5.829 5.852 5.874 5.896 5.918 5.938 5.958 5.977 5.997 6.015 6.033 6.050 6.066 6.081 6.096 6.109 6.121 6.133 6.144 6.154 6.164 6.173 6.183 6.193 6.204 6.214 6.225 6.237 6.248 6.259 6.271 6.283 6.295 6.307 6.319 6.331 6.342 6.354 6.365 6.375 6.386 6.397 6.408 6.419 6.431 6.443 6.455 6.468 6.481 6.494 6.508 6.521 6.533 6.546 6.558
5.396 5.419 5.441 5.462 5.483 5.505 5.526 5.547 5.569 5.590 5.611 5.633 5.655 5.677 5.699 5.722 5.744 5.767 5.789 5.812 5.835 5.857 5.880 5.902 5.924 5.945 5.965 5.985 6.005 6.024 6.043 6.060 6.078 6.094 6.109 6.123 6.136 6.149 6.161 6.172 6.182 6.192 6.202 6.212 6.222 6.232 6.243 6.254 6.265 6.275 6.286 6.298 6.309 6.321 6.333 6.344 6.355 6.366 6.377 6.387 6.398 6.408 6.419 6.430 6.441 6.453 6.465 6.477 6.490 6.504 6.518 6.531 6.544 6.557 6.570
5.410 5.432 5.454 5.475 5.496 5.517 5.538 5.559 5.580 5.600 5.621 5.642 5.663 5.685 5.706 5.728 5.750 5.772 5.795 5.817 5.840 5.862 5.885 5.907 5.930 5.950 5.971 5.991 6.012 6.032 6.051 6.069 6.087 6.104 6.121 6.136 6.150 6.164 6.176 6.188 6.199 6.210 6.220 6.230 6.240 6.250 6.261 6.272 6.282 6.292 6.302 6.313 6.325 6.336 6.347 6.358 6.369 6.379 6.390 6.400 6.410 6.420 6.430 6.441 6.452 6.463 6.475 6.487 6.500 6.514 6.527 6.541 6.554 6.567 6.581
5.423 5.446 5.467 5.488 5.509 5.530 5.551 5.571 5.592 5.612 5.632 5.652 5.673 5.693 5.714 5.735 5.757 5.779 5.801 5.823 5.845 5.867 5.890 5.912 5.935 5.956 5.976 5.997 6.018 6.038 6.058 6.077 6.096 6.114 6.131 6.147 6.162 6.177 6.190 6.203 6.215 6.226 6.237 6.248 6.258 6.268 6.279 6.289 6.299 6.309 6.319 6.330 6.341 6.352 6.362 6.373 6.384 6.394 6.404 6.413 6.423 6.433 6.443 6.453 6.463 6.474 6.486 6.498 6.510 6.524 6.537 6.551 6.564 6.578 6.592
5.436 5.459 5.481 5.502 5.523 5.544 5.564 5.585 5.604 5.624 5.644 5.663 5.683 5.703 5.723 5.743 5.764 5.785 5.807 5.828 5.850 5.873 5.895 5.917 5.939 5.961 5.981 6.002 6.024 6.044 6.065 6.084 6.104 6.122 6.140 6.157 6.173 6.188 6.203 6.216 6.229 6.242 6.253 6.264 6.275 6.286 6.296 6.307 6.317 6.326 6.336 6.347 6.357 6.368 6.379 6.389 6.399 6.409 6.418 6.428 6.437 6.446 6.456 6.465 6.475 6.486 6.497 6.509 6.521 6.534 6.548 6.561 6.574 6.589 6.603
5.449 5.472 5.494 5.515 5.537 5.558 5.578 5.598 5.618 5.637 5.656 5.675 5.694 5.713 5.733 5.752 5.772 5.793 5.813 5.835 5.856 5.878 5.900 5.922 5.944 5.965 5.986 6.007 6.029 6.050 6.070 6.091 6.110 6.129 6.148 6.165 6.182 6.199 6.214 6.228 6.242 6.255 6.268 6.280 6.291 6.302 6.313 6.324 6.334 6.343 6.353 6.364 6.374 6.385 6.395 6.405 6.415 6.425 6.434 6.443 6.452 6.461 6.470 6.479 6.489 6.499 6.509 6.521 6.533 6.545 6.559 6.572 6.585 6.599 6.614
5.461 5.485 5.507 5.529 5.550 5.571 5.592 5.612 5.632 5.651 5.669 5.688 5.706 5.725 5.744 5.762 5.781 5.801 5.821 5.841 5.862 5.883 5.905 5.927 5.949 5.970 5.991 6.012 6.033 6.055 6.076 6.096 6.116 6.136 6.155 6.173 6.191 6.208 6.224 6.239 6.254 6.268 6.281 6.294 6.306 6.317 6.329 6.340 6.350 6.359 6.370 6.380 6.391 6.401 6.412 6.422 6.432 6.441 6.450 6.459 6.468 6.477 6.485 6.494 6.503 6.512 6.523 6.533 6.545 6.557 6.570 6.583 6.596 6.610 6.625
5.473 5.497 5.520 5.541 5.563 5.585 5.606 5.626 5.646 5.665 5.683 5.702 5.720 5.738 5.756 5.774 5.792 5.811 5.830 5.849 5.869 5.890 5.911 5.932 5.953 5.974 5.995 6.016 6.038 6.059 6.080 6.101 6.122 6.142 6.161 6.180 6.198 6.216 6.233 6.249 6.264 6.279 6.293 6.306 6.319 6.331 6.343 6.355 6.365 6.375 6.386 6.396 6.407 6.418 6.428 6.438 6.448 6.458 6.467 6.476 6.485 6.493 6.501 6.510 6.518 6.527 6.537 6.547 6.558 6.570 6.583 6.595 6.608 6.622 6.637
5.485 5.509 5.531 5.553 5.576 5.598 5.619 5.639 5.659 5.679 5.697 5.716 5.734 5.751 5.769 5.786 5.803 5.821 5.839 5.858 5.877 5.897 5.917 5.938 5.959 5.979 6.000 6.021 6.042 6.064 6.085 6.106 6.127 6.147 6.167 6.186 6.205 6.223 6.241 6.258 6.274 6.289 6.304 6.318 6.331 6.344 6.357 6.369 6.380 6.390 6.401 6.412 6.423 6.433 6.444 6.454 6.465 6.474 6.484 6.493 6.502 6.510 6.518 6.527 6.535 6.543 6.553 6.562 6.573 6.584 6.596 6.608 6.621 6.635 6.649
5.495 5.519 5.542 5.565 5.587 5.610 5.631 5.652 5.673 5.692 5.711 5.730 5.748 5.765 5.782 5.799 5.816 5.833 5.850 5.868 5.886 5.905 5.924 5.944 5.964 5.984 6.004 6.025 6.047 6.068 6.089 6.111 6.132 6.152 6.172 6.192 6.211 6.230 6.248 6.265 6.282 6.298 6.314 6.328 6.342 6.356 6.369 6.382 6.393 6.404 6.415 6.426 6.437 6.448 6.459 6.470 6.481 6.491 6.500 6.510 6.519 6.527 6.536 6.544 6.552 6.561 6.569 6.579 6.589 6.599 6.611 6.622 6.634 6.648 6.662
5.505 5.529 5.553 5.575 5.598 5.621 5.643 5.664 5.685 5.706 5.725 5.744 5.762 5.779 5.797 5.813 5.830 5.846 5.863 5.879 5.897 5.914 5.933 5.952 5.971 5.990 6.010 6.030 6.051 6.073 6.094 6.115 6.136 6.157 6.177 6.197 6.217 6.236 6.255 6.273 6.290 6.307 6.323 6.338 6.353 6.367 6.380 6.393 6.405 6.416 6.428 6.440 6.451 6.463 6.474 6.485 6.496 6.506 6.517 6.526 6.536 6.545 6.553 6.562 6.570 6.578 6.587 6.596 6.606 6.616 6.627 6.637 6.649 6.662 6.676
5.515 5.539 5.562 5.585 5.608 5.631 5.654 5.676 5.697 5.718 5.738 5.757 5.776 5.794 5.811 5.827 5.844 5.860 5.876 5.892 5.908 5.925 5.942 5.960 5.979 5.997 6.016 6.036 6.056 6.077 6.098 6.119 6.140 6.161 6.182 6.202 6.222 6.242 6.261 6.279 6.297 6.314 6.331 6.347 6.362 6.377 6.391 6.404 6.417 6.428 6.440 6.452 6.464 6.476 6.487 6.499 6.510 6.521 6.532 6.542 6.552 6.562 6.571 6.580 6.588 6.597 6.605 6.614 6.623 6.634 6.644 6.653 6.665 6.677 6.691
5.524 5.548 5.571 5.594 5.618 5.641 5.664 5.686 5.708 5.729 5.750 5.770 5.789 5.807 5.825 5.842 5.858 5.874 5.890 5.905 5.921 5.937 5.953 5.970 5.988 6.005 6.023 6.042 6.062 6.082 6.103 6.124 6.145 6.166 6.187 6.207 6.227 6.247 6.267 6.285 6.304 6.321 6.338 6.355 6.371 6.386 6.400 6.414 6.427 6.439 6.451 6.464 6.476 6.488 6.500 6.512 6.524 6.535 6.547 6.557 6.568 6.578 6.588 6.597 6.606 6.615 6.624 6.633 6.642 6.652 6.661 6.671 6.682 6.694 6.707
5.533 5.556 5.579 5.603 5.626 5.650 5.673 5.695 5.718 5.739 5.761 5.781 5.801 5.820 5.838 5.855 5.872 5.888 5.904 5.919 5.934 5.950 5.965 5.982 5.998 6.013 6.031 6.049 6.068 6.088 6.108 6.129 6.150 6.170 6.191 6.212 6.232 6.252 6.272 6.291 6.310 6.328 6.345 6.362 6.379 6.394 6.409 6.424 6.437 6.449 6.462 6.475 6.487 6.500 6.512 6.524 6.536 6.548 6.560 6.572 6.583 6.594 6.604 6.615 6.624 6.634 6.643 6.652 6.661 6.671 6.680 6.689 6.700 6.711 6.724
5.541 5.564 5.587 5.611 5.634 5.658 5.681 5.704 5.727 5.749 5.770 5.791 5.812 5.831 5.850 5.868 5.885 5.902 5.918 5.933 5.948 5.963 5.978 5.994 6.008 6.023 6.040 6.057 6.076 6.095 6.114 6.134 6.155 6.175 6.196 6.217 6.237 6.257 6.277 6.297 6.316 6.334 6.352 6.369 6.386 6.402 6.418 6.432 6.445 6.458 6.471 6.485 6.497 6.510 6.523 6.535 6.548 6.560 6.573 6.585 6.597 6.609 6.620 6.631 6.642 6.652 6.661 6.671 6.681 6.690 6.699 6.708 6.718 6.729 6.742
5.549 5.572 5.595 5.618 5.642 5.665 5.689 5.712 5.735 5.757 5.779 5.801 5.822 5.842 5.861 5.880 5.898 5.915 5.931 5.947 5.962 5.977 5.992 6.007 6.021 6.035 6.050 6.067 6.084 6.102 6.121 6.140 6.160 6.180 6.201 6.221 6.242 6.262 6.282 6.302 6.321 6.340 6.358 6.376 6.393 6.410 6.426 6.440 6.454 6.467 6.481 6.494 6.507 6.520 6.533 6.546 6.559 6.572 6.585 6.597 6.610 6.623 6.635 6.647 6.658 6.669 6.679 6.690 6.700 6.710 6.719 6.728 6.738 6.748 6.760
5.557 5.580 5.602 5.626 5.649 5.672 5.696 5.719 5.742 5.765 5.787 5.809 5.830 5.851 5.871 5.891 5.909 5.927 5.944 5.960 5.976 5.991 6.005 6.020 6.033 6.047 6.062 6.077 6.093 6.111 6.128 6.147 6.166 6.186 6.206 6.226 6.247 6.267 6.287 6.307 6.327 6.346 6.364 6.382 6.400 6.417 6.433 6.448 6.461 6.475 6.489 6.503 6.516 6.529 6.543 6.556 6.569 6.582 6.596 6.609 6.622 6.636 6.649 6.661 6.673 6.685 6.697 6.708 6.718 6.729 6.739 6.748 6.757 6.768 6.779
5.566 5.588 5.610 5.633 5.656 5.679 5.702 5.726 5.749 5.771 5.794 5.816 5.838 5.859 5.880 5.900 5.919 5.938 5.955 5.972 5.988 6.004 6.019 6.033 6.047 6.060 6.074 6.088 6.104 6.120 6.137 6.155 6.173 6.192 6.212 6.232 6.252 6.272 6.292 6.312 6.332 6.351 6.370 6.388 6.406 6.423 6.440 6.455 6.469 6.483 6.497 6.511 6.525 6.538 6.551 6.565 6.578 6.592 6.606 6.620 6.634 6.647 6.661 6.675 6.688 6.701 6.713 6.725 6.736 6.748 6.758 6.767 6.777 6.788 6.799
5.574 5.596 5.618 5.640 5.663 5.686 5.709 5.732 5.755 5.778 5.800 5.823 5.845 5.866 5.887 5.908 5.928 5.947 5.965 5.983 6.000 6.016 6.031 6.046 6.060 6.072 6.086 6.100 6.115 6.130 6.147 6.163 6.181 6.199 6.218 6.238 6.257 6.277 6.297 6.317 6.337 6.357 6.376 6.394 6.412 6.430 6.447 6.462 6.476 6.491 6.505 6.519 6.533 6.546 6.560 6.574 6.587 6.601 6.615 6.630 6.644 6.659 6.673 6.687 6.701 6.715 6.728 6.741 6.754 6.766 6.776 6.786 6.797 6.807 6.819
5.583 5.605 5.626 5.648 5.670 5.693 5.715 5.738 5.761 5.783 5.806 5.828 5.851 5.872 5.894 5.915 5.935 5.955 5.974 5.993 6.010 6.027 6.043 6.058 6.072 6.085 6.099 6.113 6.127 6.141 6.157 6.173 6.190 6.207 6.225 6.244 6.263 6.283 6.303 6.323 6.342 6.362 6.381 6.400 6.418 6.436 6.453 6.469 6.483 6.498 6.512 6.526 6.540 6.554 6.568 6.582 6.596 6.610 6.624 6.639 6.654 6.669 6.684 6.699 6.714 6.728 6.743 6.756 6.770 6.783 6.794 6.805 6.816 6.827 6.838
5.593 5.613 5.634 5.656 5.678 5.700 5.722 5.744 5.767 5.789 5.811 5.834 5.856 5.878 5.900 5.921 5.942 5.962 5.982 6.001 6.019 6.036 6.053 6.069 6.084 6.097 6.111 6.125 6.139 6.153 6.167 6.183 6.199 6.215 6.233 6.251 6.270 6.289 6.308 6.328 6.348 6.367 6.386 6.405 6.424 6.442 6.459 6.475 6.490 6.505 6.519 6.534 6.548 6.562 6.576 6.590 6.604 6.618 6.633 6.648 6.663 6.678 6.694 6.710 6.725 6.741 6.756 6.771 6.785 6.799 6.811 6.822 6.834 6.845 6.857
5.603 5.623 5.643 5.664 5.685 5.707 5.729 5.751 5.773 5.795 5.817 5.839 5.861 5.883 5.905 5.926 5.947 5.968 5.988 6.008 6.027 6.045 6.062 6.079 6.094 6.108 6.122 6.136 6.150 6.164 6.178 6.193 6.208 6.224 6.241 6.259 6.277 6.295 6.314 6.334 6.353 6.372 6.392 6.411 6.429 6.447 6.465 6.481 6.496 6.511 6.526 6.541 6.555 6.569 6.583 6.597 6.612 6.626 6.641 6.656 6.672 6.687 6.704 6.720 6.736 6.752 6.768 6.784 6.799 6.814 6.827 6.839 6.851 6.863 6.876
5.613 5.633 5.652 5.673 5.694 5.715 5.736 5.757 5.779 5.800 5.822 5.844 5.866 5.888 5.910 5.931 5.952 5.973 5.994 6.014 6.033 6.052 6.070 6.087 6.103 6.118 6.132 6.147 6.161 6.175 6.189 6.204 6.218 6.234 6.250 6.266 6.284 6.302 6.320 6.339 6.358 6.378 6.397 6.416 6.434 6.453 6.471 6.487 6.502 6.518 6.533 6.548 6.562 6.576 6.591 6.605 6.619 6.634 6.649 6.664 6.680 6.696 6.712 6.729 6.746 6.763 6.779 6.796 6.812 6.827 6.842 6.855 6.868 6.880 6.893
5.624 5.643 5.662 5.682 5.702 5.723 5.743 5.764 5.785 5.806 5.828 5.849 5.871 5.892 5.914 5.935 5.957 5.978 5.999 6.019 6.039 6.058 6.077 6.095 6.111 6.126 6.142 6.157 6.171 6.185 6.199 6.214 6.228 6.243 6.258 6.275 6.291 6.309 6.327 6.345 6.364 6.383 6.402 6.421 6.440 6.458 6.476 6.493 6.508 6.524 6.539 6.554 6.569 6.583 6.598 6.612 6.626 6.641 6.656 6.672 6.688 6.704 6.721 6.738 6.755 6.773 6.790 6.807 6.824 6.840 6.855 6.869 6.883 6.897 6.910
5.635 5.654 5.673 5.692 5.712 5.732 5.752 5.772 5.792 5.813 5.833 5.854 5.876 5.897 5.918 5.940 5.961 5.982 6.003 6.024 6.044 6.063 6.083 6.101 6.118 6.134 6.150 6.165 6.180 6.195 6.209 6.223 6.238 6.252 6.267 6.283 6.299 6.316 6.333 6.351 6.370 6.388 6.407 6.426 6.445 6.463 6.481 6.498 6.514 6.530 6.546 6.561 6.576 6.590 6.605 6.619 6.634 6.649 6.664 6.679 6.695 6.712 6.729 6.746 6.764 6.782 6.800 6.817 6.835 6.852 6.868 6.883 6.897 6.912 6.926
5.647 5.665 5.684 5.703 5.722 5.741 5.761 5.780 5.800 5.820 5.840 5.860 5.881 5.902 5.923 5.944 5.965 5.986 6.007 6.028 6.048 6.068 6.087 6.106 6.124 6.140 6.157 6.173 6.188 6.203 6.218 6.232 6.247 6.261 6.276 6.291 6.307 6.323 6.340 6.357 6.375 6.394 6.412 6.431 6.450 6.468 6.487 6.504 6.520 6.536 6.552 6.567 6.582 6.597 6.612 6.626 6.641 6.656 6.671 6.687 6.703 6.719 6.736 6.754 6.772 6.790 6.809 6.827 6.845 6.863 6.880 6.895 6.911 6.926 6.941
5.658 5.677 5.695 5.714 5.733 5.751 5.770 5.789 5.808 5.827 5.847 5.866 5.887 5.907 5.927 5.948 5.969 5.990 6.011 6.031 6.052 6.072 6.092 6.111 6.129 6.146 6.163 6.179 6.195 6.211 6.226 6.240 6.255 6.269 6.284 6.299 6.314 6.330 6.346 6.363 6.381 6.399 6.417 6.436 6.455 6.473 6.492 6.509 6.525 6.542 6.558 6.574 6.589 6.604 6.619 6.634 6.648 6.663 6.678 6.694 6.710 6.727 6.744 6.762 6.780 6.798 6.817 6.836 6.855 6.874 6.891 6.907 6.923 6.940 6.955
