TsunamiDB/out54048.asc
ncols          264
nrows          230
xllcorner      497853.4375
yllcorner      4229146.0000
cellsize         5.
NODATA_value   -99
[rows 66 to 98 of 230, columns 146 to 218 of 264]
5.198 5.239 5.279 5.320 5.361 5.400 5.440 5.480 5.519 5.557 5.594 5.630 5.664 5.697 5.729 5.759 5.788 5.816 5.843 5.869 5.895 5.921 5.946 5.971 5.996 6.021 6.046 6.069 6.092 6.115 6.138 6.161 6.182 6.202 6.222 6.240 6.257 6.272 6.287 6.301 6.315 6.328 6.341 6.355 6.370 6.386 6.403 6.421 6.441 6.462 6.483 6.505 6.528 6.551 6.576 6.601 6.626 6.651 6.677 6.703 6.729 6.757 6.785 6.814 6.845 6.876 6.910 6.945 6.981 7.018 7.056 7.094 7.132
5.193 5.233 5.272 5.312 5.351 5.390 5.430 5.470 5.509 5.548 5.586 5.623 5.658 5.693 5.726 5.758 5.788 5.817 5.845 5.873 5.899 5.925 5.951 5.976 6.002 6.027 6.052 6.076 6.100 6.124 6.148 6.171 6.194 6.216 6.237 6.256 6.275 6.292 6.308 6.323 6.338 6.351 6.365 6.378 6.393 6.407 6.424 6.441 6.460 6.480 6.500 6.521 6.543 6.567 6.591 6.616 6.641 6.666 6.692 6.718 6.745 6.772 6.800 6.829 6.860 6.891 6.925 6.960 6.996 7.034 7.072 7.111 7.150
5.189 5.227 5.266 5.304 5.342 5.381 5.420 5.459 5.498 5.537 5.576 5.613 5.650 5.685 5.720 5.753 5.785 5.815 5.845 5.873 5.900 5.927 5.953 5.979 6.005 6.031 6.057 6.081 6.105 6.130 6.155 6.180 6.204 6.227 6.249 6.270 6.290 6.309 6.326 6.343 6.358 6.373 6.387 6.401 6.414 6.429 6.444 6.461 6.478 6.497 6.517 6.537 6.559 6.582 6.606 6.631 6.656 6.681 6.707 6.733 6.759 6.787 6.815 6.843 6.874 6.905 6.939 6.973 7.010 7.048 7.087 7.127 7.167
5.185 5.222 5.259 5.297 5.334 5.371 5.410 5.448 5.487 5.525 5.564 5.601 5.639 5.675 5.711 5.745 5.778 5.810 5.841 5.870 5.899 5.926 5.953 5.980 6.006 6.033 6.059 6.084 6.109 6.134 6.160 6.185 6.210 6.234 6.258 6.281 6.302 6.322 6.342 6.359 6.376 6.392 6.407 6.421 6.435 6.449 6.464 6.480 6.497 6.515 6.534 6.553 6.575 6.597 6.621 6.645 6.670 6.695 6.721 6.747 6.774 6.801 6.828 6.857 6.887 6.918 6.951 6.986 7.023 7.061 7.100 7.141 7.182
5.183 5.218 5.254 5.290 5.326 5.362 5.399 5.437 5.475 5.513 5.551 5.588 5.626 5.662 5.699 5.734 5.768 5.801 5.833 5.864 5.894 5.923 5.951 5.978 6.005 6.032 6.058 6.084 6.109 6.135 6.162 6.188 6.214 6.239 6.264 6.288 6.311 6.333 6.353 6.373 6.391 6.408 6.424 6.439 6.454 6.468 6.483 6.499 6.515 6.533 6.551 6.570 6.590 6.613 6.636 6.660 6.685 6.710 6.735 6.761 6.787 6.814 6.841 6.870 6.899 6.931 6.963 6.998 7.034 7.073 7.113 7.153 7.195
5.181 5.215 5.249 5.284 5.319 5.353 5.389 5.426 5.463 5.500 5.537 5.574 5.611 5.648 5.685 5.720 5.755 5.789 5.822 5.854 5.885 5.915 5.944 5.972 6.000 6.028 6.055 6.081 6.107 6.134 6.161 6.188 6.214 6.241 6.267 6.292 6.316 6.340 6.362 6.383 6.403 6.421 6.438 6.455 6.470 6.485 6.501 6.516 6.532 6.550 6.567 6.586 6.606 6.628 6.651 6.674 6.699 6.724 6.749 6.774 6.800 6.827 6.854 6.882 6.911 6.942 6.974 7.009 7.045 7.083 7.123 7.165 7.206
5.181 5.213 5.246 5.279 5.312 5.346 5.380 5.416 5.451 5.487 5.524 5.560 5.596 5.633 5.669 5.705 5.740 5.775 5.808 5.841 5.873 5.904 5.934 5.963 5.992 6.020 6.048 6.075 6.102 6.129 6.157 6.184 6.212 6.239 6.266 6.292 6.318 6.343 6.367 6.389 6.410 6.430 6.449 6.467 6.484 6.500 6.516 6.532 6.548 6.565 6.583 6.601 6.621 6.642 6.665 6.688 6.713 6.737 6.762 6.788 6.813 6.840 6.866 6.894 6.923 6.953 6.985 7.018 7.054 7.092 7.132 7.174 7.216
5.182 5.212 5.244 5.276 5.307 5.339 5.372 5.406 5.441 5.475 5.510 5.546 5.581 5.617 5.653 5.688 5.723 5.758 5.792 5.825 5.858 5.890 5.921 5.951 5.980 6.009 6.038 6.065 6.092 6.120 6.149 6.177 6.205 6.234 6.261 6.289 6.316 6.342 6.367 6.391 6.414 6.436 6.456 6.475 6.493 6.511 6.528 6.545 6.562 6.579 6.597 6.615 6.635 6.656 6.679 6.702 6.726 6.751 6.775 6.801 6.826 6.852 6.878 6.905 6.933 6.963 6.994 7.027 7.062 7.100 7.140 7.182 7.224
5.184 5.214 5.243 5.274 5.304 5.334 5.366 5.398 5.431 5.465 5.498 5.532 5.567 5.602 5.636 5.671 5.706 5.740 5.774 5.808 5.840 5.873 5.904 5.935 5.965 5.994 6.024 6.052 6.079 6.108 6.137 6.166 6.195 6.224 6.253 6.281 6.309 6.337 6.363 6.389 6.414 6.437 6.459 6.480 6.500 6.519 6.537 6.555 6.573 6.591 6.609 6.628 6.648 6.669 6.692 6.715 6.739 6.763 6.788 6.813 6.838 6.864 6.890 6.916 6.943 6.972 7.002 7.035 7.069 7.106 7.146 7.188 7.230
5.189 5.216 5.245 5.274 5.302 5.331 5.361 5.392 5.423 5.455 5.488 5.520 5.553 5.587 5.621 5.654 5.688 5.722 5.755 5.788 5.821 5.853 5.885 5.916 5.946 5.976 6.006 6.034 6.062 6.091 6.120 6.150 6.179 6.209 6.239 6.268 6.298 6.326 6.355 6.382 6.408 6.433 6.457 6.480 6.501 6.522 6.542 6.561 6.581 6.600 6.619 6.638 6.659 6.681 6.703 6.727 6.751 6.775 6.800 6.825 6.850 6.875 6.900 6.926 6.953 6.980 7.010 7.041 7.075 7.111 7.150 7.192 7.235
5.195 5.221 5.248 5.275 5.302 5.329 5.358 5.387 5.417 5.448 5.479 5.510 5.542 5.574 5.606 5.639 5.671 5.704 5.737 5.769 5.801 5.833 5.864 5.895 5.925 5.955 5.984 6.013 6.041 6.070 6.099 6.129 6.159 6.189 6.219 6.250 6.280 6.310 6.340 6.368 6.396 6.423 6.449 6.474 6.497 6.520 6.542 6.563 6.584 6.605 6.625 6.645 6.667 6.689 6.713 6.736 6.761 6.786 6.811 6.835 6.860 6.885 6.910 6.935 6.961 6.988 7.016 7.046 7.079 7.114 7.153 7.194 7.237
5.203 5.228 5.253 5.279 5.304 5.330 5.357 5.385 5.413 5.442 5.472 5.501 5.532 5.562 5.593 5.625 5.656 5.688 5.719 5.750 5.782 5.813 5.843 5.873 5.903 5.932 5.961 5.989 6.017 6.046 6.075 6.104 6.134 6.164 6.194 6.225 6.256 6.287 6.318 6.348 6.378 6.407 6.434 6.461 6.487 6.512 6.536 6.559 6.583 6.605 6.626 6.648 6.671 6.694 6.719 6.743 6.768 6.794 6.819 6.844 6.869 6.894 6.919 6.943 6.968 6.994 7.021 7.050 7.081 7.116 7.153 7.194 7.237
5.214 5.237 5.261 5.285 5.309 5.333 5.359 5.385 5.412 5.439 5.467 5.495 5.524 5.553 5.583 5.613 5.643 5.673 5.704 5.734 5.764 5.794 5.823 5.853 5.882 5.910 5.938 5.965 5.992 6.020 6.048 6.076 6.105 6.134 6.165 6.195 6.226 6.258 6.289 6.321 6.352 6.382 6.412 6.441 6.469 6.496 6.523 6.548 6.574 6.598 6.621 6.645 6.669 6.694 6.720 6.746 6.772 6.798 6.824 6.850 6.875 6.900 6.925 6.949 6.974 6.998 7.024 7.052 7.082 7.115 7.152 7.192 7.235
5.227 5.249 5.271 5.293 5.316 5.338 5.362 5.387 5.412 5.438 5.465 5.491 5.519 5.547 5.575 5.604 5.633 5.662 5.691 5.720 5.749 5.777 5.806 5.834 5.862 5.889 5.916 5.942 5.968 5.994 6.021 6.048 6.075 6.103 6.132 6.162 6.192 6.223 6.254 6.286 6.318 6.350 6.381 6.412 6.442 6.471 6.500 6.528 6.556 6.582 6.608 6.634 6.661 6.688 6.715 6.742 6.770 6.797 6.824 6.851 6.877 6.903 6.928 6.952 6.976 7.000 7.025 7.052 7.080 7.112 7.148 7.188 7.230
5.242 5.262 5.283 5.304 5.325 5.346 5.369 5.392 5.415 5.440 5.465 5.490 5.516 5.543 5.570 5.597 5.625 5.653 5.681 5.708 5.736 5.764 5.791 5.819 5.845 5.872 5.897 5.921 5.946 5.971 5.996 6.021 6.046 6.073 6.099 6.127 6.156 6.185 6.216 6.247 6.278 6.310 6.342 6.374 6.406 6.437 6.468 6.499 6.529 6.558 6.586 6.614 6.643 6.672 6.701 6.731 6.760 6.789 6.818 6.846 6.873 6.900 6.926 6.951 6.975 6.999 7.023 7.049 7.076 7.107 7.141 7.180 7.221
5.259 5.278 5.298 5.317 5.337 5.356 5.377 5.399 5.421 5.444 5.467 5.492 5.516 5.542 5.567 5.594 5.620 5.647 5.674 5.700 5.727 5.754 5.781 5.807 5.833 5.858 5.882 5.905 5.928 5.952 5.975 5.998 6.022 6.046 6.070 6.095 6.122 6.149 6.177 6.206 6.237 6.268 6.299 6.331 6.363 6.395 6.428 6.460 6.492 6.523 6.553 6.584 6.615 6.646 6.678 6.709 6.741 6.772 6.803 6.833 6.862 6.890 6.917 6.943 6.968 6.992 7.017 7.041 7.068 7.097 7.129 7.167 7.208
5.278 5.296 5.315 5.333 5.351 5.369 5.389 5.409 5.430 5.451 5.473 5.496 5.519 5.543 5.568 5.593 5.618 5.644 5.670 5.696 5.722 5.748 5.773 5.799 5.824 5.848 5.871 5.893 5.916 5.938 5.960 5.981 6.003 6.024 6.046 6.069 6.092 6.117 6.142 6.169 6.197 6.226 6.256 6.287 6.318 6.350 6.382 6.415 6.448 6.480 6.512 6.544 6.577 6.610 6.644 6.677 6.711 6.744 6.777 6.810 6.841 6.872 6.901 6.928 6.954 6.979 7.004 7.028 7.053 7.081 7.112 7.149 7.189
5.299 5.317 5.334 5.351 5.367 5.385 5.403 5.421 5.440 5.460 5.481 5.502 5.524 5.547 5.570 5.594 5.619 5.643 5.668 5.694 5.719 5.744 5.769 5.794 5.819 5.842 5.865 5.886 5.908 5.929 5.950 5.970 5.990 6.009 6.029 6.049 6.070 6.092 6.115 6.138 6.163 6.190 6.217 6.246 6.276 6.306 6.337 6.369 6.402 6.434 6.466 6.499 6.533 6.567 6.601 6.636 6.672 6.707 6.742 6.777 6.811 6.843 6.874 6.904 6.932 6.958 6.983 7.007 7.032 7.058 7.088 7.124 7.164
5.322 5.339 5.355 5.371 5.386 5.402 5.419 5.436 5.454 5.472 5.491 5.511 5.532 5.553 5.575 5.598 5.622 5.646 5.670 5.694 5.719 5.744 5.768 5.793 5.817 5.840 5.862 5.883 5.904 5.925 5.945 5.964 5.983 6.001 6.019 6.037 6.056 6.075 6.095 6.116 6.139 6.162 6.187 6.213 6.240 6.269 6.298 6.328 6.359 6.390 6.421 6.453 6.487 6.521 6.555 6.591 6.627 6.663 6.699 6.736 6.771 6.806 6.839 6.871 6.900 6.928 6.953 6.978 7.002 7.027 7.057 7.093 7.133
5.346 5.362 5.378 5.393 5.407 5.422 5.438 5.454 5.470 5.487 5.505 5.523 5.542 5.562 5.583 5.605 5.627 5.650 5.674 5.697 5.722 5.746 5.770 5.794 5.818 5.841 5.863 5.884 5.905 5.925 5.945 5.963 5.981 5.999 6.016 6.032 6.049 6.066 6.084 6.103 6.123 6.144 6.166 6.189 6.214 6.240 6.267 6.295 6.324 6.353 6.383 6.413 6.445 6.477 6.511 6.546 6.581 6.617 6.654 6.691 6.727 6.763 6.797 6.830 6.861 6.890 6.916 6.941 6.965 6.990 7.018 7.055 7.096
5.372 5.387 5.402 5.416 5.429 5.444 5.458 5.473 5.488 5.504 5.520 5.537 5.555 5.573 5.593 5.613 5.635 5.657 5.679 5.703 5.726 5.750 5.774 5.798 5.821 5.845 5.866 5.887 5.908 5.928 5.948 5.966 5.984 6.001 6.017 6.033 6.048 6.064 6.080 6.097 6.115 6.134 6.154 6.176 6.198 6.222 6.247 6.273 6.300 6.326 6.353 6.382 6.411 6.442 6.474 6.506 6.540 6.575 6.611 6.647 6.684 6.719 6.754 6.787 6.819 6.848 6.875 6.900 6.923 6.947 6.976 7.013 7.056
5.397 5.412 5.427 5.440 5.453 5.467 5.481 5.495 5.509 5.523 5.538 5.554 5.570 5.587 5.605 5.624 5.644 5.665 5.687 5.710 5.733 5.756 5.780 5.803 5.827 5.850 5.872 5.893 5.914 5.934 5.953 5.972 5.989 6.006 6.022 6.037 6.052 6.067 6.083 6.098 6.115 6.132 6.151 6.170 6.191 6.213 6.236 6.260 6.285 6.309 6.334 6.361 6.388 6.416 6.446 6.477 6.508 6.541 6.576 6.610 6.646 6.681 6.715 6.748 6.780 6.809 6.836 6.860 6.883 6.906 6.936 6.974 7.018
5.424 5.438 5.453 5.466 5.478 5.491 5.505 5.518 5.531 5.544 5.558 5.572 5.587 5.603 5.620 5.637 5.656 5.676 5.697 5.719 5.741 5.764 5.787 5.810 5.834 5.857 5.879 5.900 5.921 5.941 5.961 5.980 5.997 6.014 6.030 6.045 6.060 6.074 6.089 6.104 6.119 6.136 6.153 6.172 6.191 6.212 6.233 6.255 6.279 6.302 6.325 6.349 6.375 6.401 6.428 6.457 6.486 6.517 6.550 6.583 6.617 6.651 6.684 6.717 6.748 6.776 6.803 6.827 6.850 6.873 6.903 6.942 6.986
5.451 5.465 5.479 5.491 5.504 5.517 5.530 5.542 5.555 5.567 5.580 5.593 5.607 5.621 5.636 5.653 5.670 5.689 5.709 5.729 5.751 5.773 5.796 5.819 5.842 5.865 5.887 5.908 5.929 5.950 5.970 5.989 6.007 6.024 6.040 6.055 6.070 6.084 6.099 6.113 6.128 6.144 6.160 6.178 6.197 6.216 6.237 6.258 6.280 6.302 6.323 6.346 6.370 6.395 6.420 6.446 6.474 6.503 6.534 6.565 6.598 6.631 6.663 6.695 6.726 6.754 6.781 6.805 6.827 6.851 6.879 6.918 6.962
5.478 5.492 5.505 5.518 5.530 5.542 5.555 5.567 5.579 5.591 5.603 5.615 5.628 5.641 5.655 5.670 5.686 5.703 5.722 5.742 5.762 5.784 5.806 5.828 5.851 5.874 5.896 5.917 5.939 5.960 5.980 5.999 6.017 6.034 6.051 6.066 6.081 6.096 6.110 6.125 6.140 6.155 6.171 6.188 6.206 6.225 6.245 6.265 6.286 6.307 6.328 6.350 6.372 6.396 6.419 6.444 6.470 6.498 6.527 6.557 6.588 6.620 6.652 6.684 6.715 6.743 6.770 6.795 6.817 6.839 6.867 6.905 6.947
5.505 5.519 5.532 5.544 5.556 5.568 5.581 5.593 5.604 5.616 5.628 5.639 5.651 5.663 5.676 5.689 5.704 5.720 5.737 5.755 5.775 5.795 5.817 5.839 5.861 5.884 5.906 5.927 5.948 5.969 5.990 6.009 6.028 6.046 6.062 6.078 6.094 6.109 6.123 6.138 6.153 6.168 6.184 6.201 6.219 6.237 6.257 6.277 6.297 6.317 6.338 6.359 6.380 6.402 6.425 6.449 6.473 6.500 6.527 6.556 6.587 6.619 6.650 6.682 6.713 6.742 6.770 6.795 6.817 6.839 6.865 6.901 6.941
5.533 5.546 5.559 5.571 5.582 5.594 5.606 5.618 5.630 5.641 5.653 5.664 5.675 5.686 5.698 5.710 5.724 5.738 5.754 5.771 5.789 5.809 5.829 5.850 5.872 5.894 5.916 5.937 5.959 5.980 6.000 6.020 6.039 6.057 6.075 6.091 6.107 6.122 6.137 6.152 6.167 6.183 6.199 6.216 6.234 6.252 6.271 6.291 6.311 6.331 6.351 6.371 6.393 6.414 6.436 6.458 6.482 6.507 6.534 6.562 6.592 6.623 6.655 6.688 6.719 6.749 6.778 6.803 6.825 6.845 6.871 6.905 6.943
5.560 5.573 5.586 5.598 5.609 5.621 5.632 5.644 5.655 5.667 5.678 5.689 5.699 5.710 5.721 5.733 5.745 5.758 5.772 5.788 5.805 5.823 5.842 5.863 5.884 5.906 5.927 5.948 5.969 5.990 6.011 6.031 6.050 6.069 6.087 6.104 6.120 6.136 6.152 6.167 6.183 6.199 6.215 6.232 6.250 6.268 6.288 6.307 6.327 6.347 6.367 6.387 6.408 6.429 6.450 6.472 6.495 6.519 6.545 6.573 6.602 6.634 6.666 6.699 6.731 6.762 6.791 6.817 6.838 6.858 6.882 6.915 6.952
5.587 5.601 5.613 5.625 5.635 5.647 5.658 5.670 5.681 5.692 5.703 5.714 5.724 5.735 5.745 5.756 5.767 5.779 5.792 5.807 5.822 5.839 5.857 5.876 5.896 5.917 5.938 5.958 5.980 6.001 6.022 6.042 6.062 6.081 6.099 6.117 6.134 6.150 6.166 6.182 6.198 6.215 6.232 6.249 6.267 6.286 6.305 6.325 6.345 6.365 6.385 6.405 6.426 6.447 6.468 6.489 6.511 6.535 6.560 6.587 6.616 6.648 6.680 6.713 6.746 6.778 6.808 6.834 6.855 6.875 6.899 6.931 6.968
5.614 5.628 5.640 5.652 5.662 5.673 5.684 5.695 5.706 5.717 5.728 5.738 5.749 5.759 5.769 5.780 5.790 5.801 5.813 5.826 5.840 5.856 5.873 5.891 5.910 5.930 5.949 5.969 5.990 6.012 6.032 6.053 6.073 6.092 6.111 6.129 6.147 6.164 6.181 6.198 6.215 6.231 6.249 6.267 6.285 6.304 6.324 6.344 6.364 6.384 6.404 6.425 6.446 6.467 6.487 6.508 6.530 6.553 6.577 6.604 6.633 6.664 6.697 6.730 6.764 6.797 6.827 6.853 6.875 6.894 6.917 6.951 6.988
5.640 5.654 5.667 5.679 5.689 5.700 5.710 5.721 5.731 5.742 5.752 5.763 5.773 5.783 5.793 5.804 5.814 5.824 5.835 5.847 5.860 5.874 5.889 5.906 5.924 5.943 5.961 5.981 6.001 6.022 6.043 6.064 6.084 6.104 6.123 6.142 6.160 6.178 6.196 6.213 6.231 6.248 6.266 6.284 6.303 6.323 6.343 6.363 6.384 6.403 6.424 6.445 6.467 6.488 6.509 6.530 6.551 6.573 6.597 6.623 6.651 6.682 6.715 6.749 6.783 6.816 6.846 6.873 6.895 6.914 6.938 6.974 7.013
5.664 5.679 5.693 5.705 5.716 5.726 5.736 5.747 5.756 5.767 5.777 5.787 5.797 5.807 5.817 5.827 5.837 5.847 5.858 5.869 5.880 5.893 5.907 5.922 5.939 5.956 5.974 5.993 6.013 6.033 6.054 6.075 6.095 6.115 6.135 6.155 6.174 6.192 6.211 6.229 6.247 6.265 6.284 6.302 6.322 6.342 6.362 6.383 6.404 6.424 6.445 6.467 6.489 6.510 6.531 6.552 6.573 6.594 6.618 6.643 6.671 6.701 6.734 6.768 6.802 6.835 6.866 6.892 6.915 6.936 6.964 7.003 7.045
5.686 5.703 5.718 5.730 5.741 5.752 5.763 5.772 5.782 5.791 5.801 5.811 5.820 5.830 5.840 5.850 5.860 5.870 5.880 5.890 5.901 5.913 5.926 5.940 5.955 5.971 5.987 6.005 6.024 6.044 6.065 6.085 6.106 6.127 6.147 6.167 6.187 6.206 6.225 6.244 6.263 6.282 6.301 6.320 6.340 6.360 6.381 6.403 6.424 6.445 6.466 6.489 6.511 6.533 6.554 6.575 6.596 6.617 6.639 6.664 6.691 6.721 6.753 6.787 6.821 6.854 6.885 6.912 6.936 6.962 6.995 7.037 7.082
