TsunamiDB/out54152.asc
ncols          264
nrows          230
xllcorner      497853.4375
yllcorner      4229146.0000
cellsize         5.
NODATA_value   -99
[rows 34 to 67 of 230, columns 0 to 76 of 264]
5.185 5.201 5.216 5.232 5.247 5.262 5.276 5.291 5.305 5.319 5.332 5.346 5.359 5.372 5.385 5.396 5.408 5.419 5.431 5.443 5.454 5.466 5.477 5.489 5.500 5.511 5.522 5.533 5.544 5.554 5.565 5.576 5.587 5.598 5.608 5.619 5.631 5.641 5.650 5.660 5.670 5.680 5.690 5.700 5.710 5.720 5.731 5.741 5.751 5.761 5.771 5.781 5.791 5.801 5.811 5.820 5.830 5.840 5.850 5.860 5.869 5.877 5.886 5.894 5.902 5.911 5.919 5.928 5.937 5.945 5.954 5.963 5.971 5.980 5.989 5.997 6.006
5.194 5.210 5.226 5.241 5.256 5.271 5.285 5.300 5.314 5.328 5.342 5.355 5.368 5.382 5.394 5.405 5.417 5.429 5.440 5.452 5.463 5.475 5.486 5.497 5.508 5.519 5.530 5.541 5.552 5.563 5.573 5.584 5.594 5.605 5.616 5.627 5.637 5.648 5.657 5.666 5.676 5.686 5.696 5.706 5.716 5.726 5.736 5.746 5.756 5.766 5.776 5.786 5.796 5.806 5.816 5.826 5.835 5.845 5.855 5.865 5.874 5.883 5.891 5.899 5.908 5.916 5.925 5.933 5.942 5.950 5.959 5.968 5.976 5.985 5.993 6.002 6.011
5.203 5.219 5.235 5.250 5.265 5.280 5.295 5.309 5.323 5.337 5.351 5.364 5.378 5.391 5.403 5.415 5.426 5.438 5.449 5.461 5.472 5.484 5.495 5.506 5.517 5.528 5.539 5.550 5.560 5.571 5.581 5.592 5.602 5.613 5.623 5.634 5.645 5.655 5.664 5.673 5.683 5.692 5.702 5.712 5.722 5.732 5.742 5.752 5.762 5.772 5.782 5.792 5.801 5.811 5.821 5.831 5.841 5.850 5.860 5.870 5.879 5.888 5.896 5.904 5.913 5.921 5.930 5.938 5.947 5.955 5.964 5.972 5.981 5.990 5.998 6.007 6.015
5.213 5.229 5.244 5.259 5.274 5.289 5.304 5.318 5.332 5.346 5.360 5.373 5.387 5.400 5.412 5.424 5.435 5.447 5.458 5.470 5.481 5.493 5.504 5.515 5.526 5.537 5.548 5.558 5.569 5.579 5.590 5.600 5.610 5.621 5.631 5.641 5.652 5.662 5.671 5.680 5.689 5.699 5.708 5.718 5.728 5.738 5.748 5.757 5.767 5.777 5.787 5.797 5.807 5.816 5.826 5.836 5.846 5.855 5.865 5.875 5.884 5.893 5.901 5.909 5.918 5.926 5.935 5.943 5.952 5.960 5.969 5.977 5.986 5.994 6.003 6.011 6.020
5.222 5.238 5.253 5.268 5.283 5.298 5.313 5.327 5.341 5.355 5.369 5.382 5.395 5.409 5.421 5.432 5.444 5.456 5.467 5.479 5.490 5.502 5.513 5.524 5.535 5.546 5.556 5.567 5.577 5.588 5.598 5.608 5.618 5.629 5.639 5.649 5.659 5.669 5.678 5.687 5.696 5.705 5.715 5.725 5.734 5.744 5.754 5.763 5.773 5.783 5.792 5.802 5.812 5.822 5.831 5.841 5.851 5.860 5.870 5.880 5.889 5.898 5.906 5.914 5.923 5.931 5.940 5.948 5.956 5.965 5.973 5.982 5.990 5.999 6.007 6.016 6.024
5.232 5.247 5.263 5.278 5.293 5.307 5.322 5.336 5.350 5.364 5.377 5.391 5.404 5.417 5.430 5.441 5.453 5.464 5.476 5.488 5.499 5.510 5.522 5.533 5.544 5.554 5.565 5.575 5.586 5.596 5.606 5.617 5.627 5.637 5.647 5.657 5.667 5.677 5.685 5.694 5.703 5.712 5.722 5.731 5.741 5.750 5.760 5.769 5.779 5.788 5.798 5.808 5.817 5.827 5.836 5.846 5.856 5.865 5.875 5.885 5.894 5.902 5.911 5.919 5.927 5.936 5.944 5.953 5.961 5.970 5.978 5.987 5.995 6.003 6.012 6.020 6.029
5.242 5.257 5.272 5.287 5.302 5.316 5.331 5.345 5.359 5.373 5.386 5.400 5.413 5.426 5.438 5.450 5.461 5.473 5.485 5.496 5.508 5.519 5.530 5.541 5.552 5.563 5.574 5.584 5.594 5.605 5.615 5.625 5.635 5.645 5.655 5.665 5.675 5.684 5.693 5.702 5.711 5.720 5.729 5.738 5.747 5.757 5.766 5.775 5.785 5.794 5.804 5.813 5.823 5.832 5.842 5.851 5.861 5.870 5.880 5.890 5.899 5.907 5.915 5.924 5.932 5.941 5.949 5.957 5.966 5.974 5.983 5.991 5.999 6.008 6.016 6.025 6.033
5.252 5.267 5.282 5.297 5.311 5.326 5.340 5.354 5.368 5.382 5.395 5.408 5.422 5.435 5.447 5.458 5.470 5.481 5.493 5.505 5.516 5.527 5.539 5.550 5.561 5.571 5.582 5.592 5.603 5.613 5.623 5.633 5.643 5.653 5.663 5.673 5.683 5.692 5.701 5.709 5.718 5.727 5.736 5.745 5.754 5.763 5.773 5.782 5.791 5.800 5.810 5.819 5.828 5.838 5.847 5.856 5.866 5.875 5.885 5.895 5.904 5.912 5.920 5.928 5.937 5.945 5.954 5.962 5.970 5.979 5.987 5.995 6.004 6.012 6.020 6.029 6.037
5.262 5.277 5.292 5.307 5.321 5.335 5.349 5.363 5.377 5.391 5.404 5.417 5.430 5.443 5.455 5.467 5.478 5.490 5.501 5.513 5.524 5.536 5.547 5.558 5.569 5.580 5.590 5.601 5.611 5.621 5.632 5.642 5.652 5.661 5.671 5.681 5.691 5.700 5.709 5.717 5.726 5.734 5.743 5.752 5.761 5.770 5.779 5.788 5.798 5.807 5.816 5.825 5.834 5.843 5.853 5.862 5.871 5.880 5.890 5.900 5.909 5.917 5.925 5.933 5.941 5.950 5.958 5.966 5.975 5.983 5.992 6.000 6.008 6.016 6.025 6.033 6.041
5.273 5.288 5.303 5.317 5.331 5.345 5.359 5.373 5.387 5.400 5.413 5.426 5.439 5.452 5.464 5.475 5.487 5.498 5.510 5.521 5.533 5.544 5.555 5.566 5.577 5.588 5.598 5.609 5.619 5.630 5.640 5.650 5.660 5.670 5.679 5.689 5.699 5.708 5.717 5.725 5.733 5.742 5.751 5.760 5.768 5.777 5.786 5.795 5.804 5.813 5.822 5.831 5.840 5.849 5.858 5.867 5.876 5.886 5.895 5.905 5.913 5.922 5.930 5.938 5.946 5.954 5.963 5.971 5.979 5.988 5.996 6.004 6.013 6.021 6.029 6.037 6.045
5.285 5.299 5.314 5.328 5.342 5.356 5.370 5.383 5.397 5.410 5.423 5.436 5.449 5.461 5.473 5.484 5.495 5.507 5.518 5.530 5.541 5.552 5.563 5.574 5.585 5.596 5.606 5.617 5.627 5.638 5.648 5.658 5.668 5.678 5.687 5.697 5.707 5.716 5.724 5.733 5.741 5.750 5.758 5.767 5.776 5.785 5.793 5.802 5.811 5.820 5.829 5.837 5.846 5.855 5.864 5.873 5.882 5.891 5.900 5.910 5.919 5.927 5.935 5.943 5.951 5.959 5.967 5.975 5.984 5.992 6.000 6.009 6.017 6.025 6.033 6.041 6.049
5.296 5.311 5.325 5.339 5.353 5.367 5.380 5.394 5.407 5.420 5.433 5.446 5.458 5.471 5.482 5.493 5.504 5.516 5.527 5.538 5.549 5.561 5.572 5.582 5.593 5.604 5.614 5.625 5.635 5.645 5.656 5.666 5.676 5.685 5.695 5.705 5.715 5.724 5.732 5.740 5.749 5.757 5.766 5.775 5.783 5.792 5.801 5.809 5.818 5.827 5.835 5.844 5.853 5.861 5.870 5.879 5.888 5.897 5.906 5.915 5.924 5.932 5.940 5.948 5.956 5.964 5.972 5.980 5.988 5.996 6.005 6.013 6.021 6.029 6.037 6.045 6.053
5.309 5.323 5.337 5.351 5.365 5.378 5.392 5.405 5.418 5.431 5.443 5.456 5.469 5.481 5.492 5.503 5.514 5.525 5.536 5.547 5.558 5.569 5.580 5.591 5.601 5.612 5.622 5.633 5.643 5.653 5.663 5.673 5.683 5.693 5.703 5.713 5.723 5.732 5.740 5.748 5.757 5.765 5.774 5.782 5.791 5.799 5.808 5.816 5.825 5.833 5.842 5.851 5.859 5.868 5.876 5.885 5.894 5.903 5.911 5.921 5.929 5.937 5.945 5.952 5.960 5.968 5.977 5.985 5.993 6.001 6.009 6.017 6.025 6.033 6.041 6.049 6.057
5.321 5.336 5.350 5.363 5.377 5.390 5.404 5.417 5.429 5.442 5.455 5.467 5.480 5.492 5.502 5.513 5.523 5.534 5.545 5.556 5.567 5.578 5.589 5.599 5.610 5.620 5.631 5.641 5.651 5.661 5.671 5.681 5.691 5.701 5.711 5.721 5.731 5.739 5.747 5.756 5.764 5.773 5.781 5.790 5.798 5.807 5.815 5.824 5.832 5.840 5.849 5.857 5.866 5.874 5.883 5.891 5.900 5.908 5.917 5.926 5.935 5.942 5.950 5.958 5.965 5.973 5.981 5.989 5.997 6.006 6.014 6.022 6.030 6.038 6.046 6.054 6.061
5.334 5.348 5.362 5.376 5.390 5.403 5.416 5.429 5.442 5.454 5.466 5.479 5.491 5.502 5.513 5.523 5.534 5.545 5.555 5.566 5.577 5.587 5.598 5.608 5.618 5.629 5.639 5.649 5.659 5.669 5.679 5.689 5.699 5.709 5.719 5.728 5.738 5.747 5.755 5.763 5.772 5.780 5.789 5.797 5.806 5.814 5.822 5.831 5.839 5.848 5.856 5.864 5.872 5.881 5.889 5.898 5.906 5.915 5.923 5.932 5.940 5.948 5.955 5.963 5.971 5.978 5.986 5.994 6.002 6.010 6.018 6.026 6.034 6.042 6.050 6.058 6.066
5.347 5.361 5.375 5.389 5.403 5.416 5.429 5.442 5.454 5.467 5.479 5.491 5.503 5.514 5.524 5.534 5.545 5.555 5.566 5.576 5.587 5.597 5.607 5.618 5.628 5.638 5.648 5.658 5.668 5.677 5.687 5.697 5.707 5.717 5.726 5.736 5.746 5.754 5.762 5.771 5.779 5.787 5.796 5.804 5.813 5.821 5.830 5.838 5.846 5.855 5.863 5.871 5.879 5.887 5.896 5.904 5.912 5.921 5.929 5.938 5.946 5.953 5.961 5.968 5.976 5.983 5.991 5.999 6.007 6.015 6.023 6.031 6.039 6.046 6.054 6.062 6.070
5.360 5.374 5.388 5.402 5.416 5.429 5.442 5.455 5.467 5.479 5.492 5.504 5.515 5.526 5.536 5.546 5.557 5.567 5.577 5.587 5.598 5.608 5.618 5.628 5.637 5.647 5.657 5.667 5.676 5.686 5.696 5.705 5.715 5.725 5.734 5.744 5.753 5.762 5.770 5.778 5.786 5.795 5.803 5.812 5.820 5.829 5.837 5.845 5.853 5.862 5.870 5.878 5.886 5.894 5.902 5.911 5.919 5.927 5.936 5.944 5.952 5.959 5.966 5.974 5.981 5.989 5.996 6.004 6.012 6.020 6.028 6.035 6.043 6.051 6.059 6.066 6.074
5.373 5.387 5.401 5.415 5.429 5.442 5.455 5.468 5.480 5.493 5.505 5.517 5.528 5.539 5.549 5.559 5.569 5.579 5.589 5.599 5.609 5.619 5.629 5.638 5.648 5.657 5.667 5.676 5.686 5.695 5.705 5.714 5.723 5.733 5.742 5.752 5.761 5.769 5.777 5.786 5.794 5.802 5.811 5.819 5.827 5.836 5.844 5.852 5.861 5.869 5.877 5.885 5.893 5.901 5.909 5.917 5.925 5.934 5.942 5.951 5.958 5.965 5.972 5.979 5.987 5.994 6.002 6.009 6.017 6.025 6.032 6.040 6.048 6.055 6.063 6.071 6.078
5.386 5.400 5.414 5.428 5.442 5.455 5.468 5.481 5.493 5.506 5.518 5.530 5.542 5.552 5.562 5.572 5.582 5.592 5.602 5.612 5.621 5.631 5.640 5.650 5.659 5.668 5.678 5.687 5.696 5.705 5.714 5.723 5.732 5.742 5.751 5.760 5.769 5.777 5.785 5.793 5.801 5.810 5.818 5.826 5.835 5.843 5.851 5.859 5.868 5.876 5.884 5.892 5.900 5.908 5.916 5.924 5.932 5.940 5.949 5.957 5.964 5.971 5.978 5.985 5.992 6.000 6.007 6.015 6.022 6.030 6.037 6.045 6.053 6.060 6.068 6.075 6.083
5.398 5.412 5.426 5.440 5.454 5.468 5.481 5.494 5.507 5.519 5.531 5.543 5.555 5.566 5.576 5.586 5.596 5.606 5.615 5.625 5.634 5.644 5.653 5.662 5.671 5.680 5.689 5.698 5.707 5.716 5.724 5.733 5.742 5.751 5.760 5.769 5.778 5.785 5.793 5.801 5.809 5.817 5.826 5.834 5.842 5.850 5.858 5.867 5.875 5.883 5.891 5.899 5.907 5.915 5.923 5.931 5.939 5.947 5.955 5.963 5.970 5.977 5.984 5.991 5.998 6.005 6.013 6.020 6.028 6.035 6.043 6.050 6.057 6.065 6.072 6.080 6.087
5.409 5.424 5.438 5.452 5.466 5.480 5.493 5.507 5.519 5.532 5.544 5.557 5.569 5.580 5.589 5.599 5.609 5.619 5.629 5.639 5.648 5.657 5.666 5.675 5.684 5.693 5.702 5.710 5.719 5.727 5.736 5.744 5.753 5.761 5.770 5.779 5.787 5.794 5.802 5.810 5.818 5.825 5.834 5.842 5.850 5.858 5.866 5.874 5.882 5.890 5.898 5.906 5.914 5.922 5.929 5.937 5.945 5.953 5.962 5.969 5.976 5.983 5.990 5.997 6.004 6.011 6.018 6.026 6.033 6.040 6.048 6.055 6.063 6.070 6.077 6.085 6.092
5.420 5.435 5.450 5.464 5.478 5.492 5.505 5.519 5.532 5.545 5.557 5.570 5.582 5.593 5.603 5.613 5.623 5.633 5.643 5.653 5.662 5.671 5.680 5.689 5.698 5.706 5.715 5.723 5.731 5.740 5.748 5.756 5.764 5.772 5.781 5.789 5.797 5.804 5.811 5.819 5.826 5.834 5.842 5.850 5.858 5.866 5.874 5.881 5.889 5.897 5.905 5.913 5.921 5.929 5.936 5.944 5.952 5.960 5.968 5.976 5.983 5.989 5.996 6.003 6.010 6.017 6.024 6.031 6.039 6.046 6.053 6.060 6.068 6.075 6.082 6.090 6.097
5.431 5.446 5.461 5.475 5.489 5.503 5.517 5.530 5.544 5.557 5.570 5.582 5.595 5.606 5.616 5.627 5.637 5.647 5.657 5.667 5.676 5.686 5.695 5.703 5.712 5.721 5.729 5.737 5.745 5.753 5.761 5.769 5.776 5.784 5.792 5.800 5.808 5.815 5.822 5.829 5.836 5.843 5.851 5.858 5.866 5.874 5.882 5.889 5.897 5.905 5.913 5.920 5.928 5.936 5.943 5.951 5.959 5.967 5.975 5.982 5.989 5.996 6.002 6.009 6.016 6.023 6.030 6.037 6.044 6.051 6.059 6.066 6.073 6.080 6.087 6.095 6.102
5.441 5.456 5.471 5.485 5.500 5.514 5.528 5.542 5.555 5.568 5.581 5.594 5.607 5.618 5.629 5.640 5.650 5.661 5.671 5.681 5.690 5.700 5.709 5.718 5.727 5.735 5.743 5.751 5.759 5.767 5.775 5.782 5.790 5.797 5.805 5.813 5.820 5.826 5.833 5.839 5.846 5.853 5.861 5.868 5.875 5.883 5.890 5.898 5.905 5.913 5.920 5.928 5.936 5.943 5.951 5.958 5.966 5.974 5.982 5.989 5.995 6.002 6.009 6.015 6.022 6.029 6.036 6.043 6.050 6.057 6.064 6.071 6.078 6.085 6.093 6.100 6.107
5.451 5.466 5.481 5.495 5.510 5.524 5.538 5.552 5.566 5.579 5.593 5.606 5.619 5.630 5.641 5.652 5.663 5.674 5.684 5.694 5.704 5.714 5.723 5.732 5.741 5.750 5.758 5.766 5.774 5.782 5.789 5.796 5.804 5.811 5.818 5.826 5.833 5.839 5.845 5.851 5.858 5.864 5.871 5.878 5.885 5.892 5.900 5.907 5.914 5.921 5.929 5.936 5.943 5.951 5.958 5.966 5.973 5.981 5.989 5.996 6.002 6.009 6.015 6.022 6.028 6.035 6.042 6.049 6.056 6.063 6.070 6.077 6.084 6.091 6.098 6.105 6.112
5.460 5.475 5.490 5.505 5.520 5.534 5.548 5.562 5.576 5.590 5.603 5.617 5.630 5.642 5.653 5.664 5.675 5.686 5.697 5.707 5.718 5.728 5.737 5.747 5.756 5.764 5.773 5.781 5.789 5.797 5.804 5.811 5.819 5.826 5.833 5.840 5.847 5.852 5.858 5.864 5.870 5.877 5.883 5.890 5.896 5.903 5.910 5.917 5.924 5.931 5.938 5.945 5.952 5.959 5.966 5.973 5.981 5.988 5.996 6.003 6.009 6.015 6.022 6.028 6.035 6.041 6.048 6.055 6.062 6.069 6.076 6.083 6.089 6.096 6.103 6.110 6.117
5.469 5.484 5.499 5.514 5.529 5.543 5.558 5.572 5.586 5.600 5.613 5.627 5.640 5.652 5.664 5.675 5.687 5.698 5.709 5.720 5.730 5.741 5.751 5.760 5.770 5.779 5.787 5.796 5.804 5.812 5.819 5.827 5.834 5.841 5.848 5.855 5.861 5.867 5.872 5.878 5.884 5.890 5.896 5.902 5.908 5.915 5.921 5.927 5.934 5.941 5.947 5.954 5.961 5.968 5.975 5.982 5.989 5.996 6.003 6.010 6.016 6.023 6.029 6.035 6.042 6.048 6.055 6.061 6.068 6.075 6.082 6.088 6.095 6.102 6.109 6.116 6.123
5.478 5.493 5.508 5.523 5.538 5.552 5.567 5.581 5.595 5.609 5.623 5.637 5.650 5.663 5.674 5.686 5.697 5.709 5.720 5.732 5.743 5.753 5.763 5.773 5.783 5.792 5.801 5.810 5.819 5.827 5.834 5.842 5.849 5.857 5.864 5.871 5.877 5.882 5.887 5.893 5.898 5.904 5.910 5.915 5.921 5.927 5.933 5.939 5.945 5.952 5.958 5.964 5.971 5.977 5.984 5.991 5.998 6.004 6.012 6.018 6.024 6.030 6.036 6.042 6.048 6.055 6.061 6.068 6.074 6.081 6.088 6.094 6.101 6.108 6.115 6.121 6.128
5.486 5.502 5.517 5.532 5.546 5.561 5.576 5.590 5.604 5.618 5.632 5.646 5.660 5.672 5.684 5.696 5.708 5.720 5.731 5.743 5.754 5.765 5.775 5.786 5.796 5.806 5.815 5.824 5.833 5.841 5.849 5.857 5.865 5.872 5.879 5.886 5.893 5.898 5.903 5.908 5.914 5.919 5.924 5.930 5.935 5.941 5.947 5.952 5.958 5.964 5.970 5.976 5.982 5.988 5.994 6.001 6.007 6.014 6.021 6.027 6.032 6.038 6.044 6.050 6.056 6.062 6.068 6.075 6.081 6.088 6.094 6.101 6.107 6.114 6.121 6.127 6.134
5.495 5.510 5.525 5.540 5.555 5.570 5.584 5.599 5.613 5.627 5.641 5.655 5.669 5.681 5.693 5.705 5.717 5.729 5.741 5.753 5.765 5.776 5.787 5.797 5.808 5.818 5.828 5.837 5.846 5.855 5.863 5.872 5.880 5.887 5.895 5.902 5.908 5.914 5.919 5.924 5.930 5.935 5.940 5.945 5.951 5.956 5.961 5.966 5.972 5.977 5.983 5.988 5.994 6.000 6.005 6.011 6.017 6.024 6.030 6.036 6.042 6.047 6.052 6.058 6.064 6.070 6.076 6.082 6.088 6.094 6.101 6.107 6.114 6.120 6.127 6.133 6.140
5.503 5.518 5.534 5.549 5.563 5.578 5.593 5.607 5.621 5.636 5.650 5.664 5.677 5.690 5.702 5.714 5.727 5.739 5.751 5.763 5.775 5.786 5.797 5.808 5.819 5.829 5.840 5.849 5.859 5.868 5.877 5.886 5.894 5.902 5.910 5.917 5.924 5.930 5.935 5.940 5.946 5.951 5.956 5.961 5.966 5.971 5.976 5.981 5.986 5.992 5.997 6.002 6.007 6.012 6.018 6.023 6.029 6.035 6.041 6.047 6.051 6.056 6.062 6.067 6.072 6.078 6.084 6.090 6.096 6.102 6.108 6.114 6.120 6.127 6.133 6.139 6.146
5.512 5.527 5.542 5.557 5.572 5.586 5.601 5.615 5.630 5.644 5.658 5.672 5.686 5.698 5.710 5.723 5.735 5.748 5.760 5.772 5.784 5.796 5.807 5.819 5.830 5.840 5.851 5.861 5.871 5.880 5.890 5.899 5.907 5.916 5.924 5.932 5.939 5.945 5.951 5.956 5.962 5.967 5.972 5.978 5.983 5.988 5.993 5.997 6.002 6.007 6.012 6.016 6.021 6.026 6.031 6.036 6.042 6.047 6.053 6.058 6.062 6.067 6.072 6.077 6.082 6.087 6.093 6.098 6.104 6.110 6.116 6.122 6.128 6.134 6.140 6.146 6.152
5.520 5.535 5.550 5.565 5.580 5.595 5.609 5.624 5.638 5.652 5.666 5.681 5.694 5.706 5.719 5.731 5.744 5.756 5.769 5.781 5.793 5.805 5.817 5.828 5.840 5.851 5.861 5.872 5.882 5.892 5.902 5.911 5.920 5.929 5.938 5.946 5.953 5.960 5.966 5.972 5.977 5.983 5.989 5.994 5.999 6.004 6.009 6.014 6.018 6.023 6.028 6.032 6.037 6.041 6.046 6.051 6.055 6.061 6.066 6.070 6.074 6.079 6.083 6.088 6.092 6.097 6.102 6.108 6.113 6.118 6.124 6.130 6.135 6.141 6.147 6.153 6.159
5.528 5.544 5.559 5.574 5.588 5.603 5.617 5.632 5.646 5.660 5.675 5.689 5.702 5.714 5.727 5.740 5.752 5.765 5.777 5.790 5.802 5.814 5.826 5.838 5.849 5.860 5.871 5.882 5.892 5.903 5.913 5.923 5.932 5.942 5.951 5.960 5.967 5.973 5.980 5.986 5.993 5.999 6.004 6.010 6.015 6.021 6.026 6.030 6.035 6.040 6.044 6.048 6.053 6.057 6.061 6.066 6.070 6.075 6.080 6.084 6.088 6.091 6.095 6.099 6.104 6.108 6.113 6.118 6.123 6.128 6.133 6.138 6.144 6.149 6.155 6.161 6.167
