TsunamiDB/out54111.asc
ncols          264
nrows          230
xllcorner      497853.4375
yllcorner      4229146.0000
cellsize         5.
NODATA_value   -99
[rows 136 to 169 of 230, columns 0 to 76 of 264]
5.069 5.091 5.112 5.133 5.154 5.174 5.195 5.215 5.234 5.252 5.271 5.290 5.309 5.328 5.346 5.365 5.384 5.402 5.421 5.439 5.458 5.476 5.494 5.513 5.531 5.549 5.567 5.585 5.603 5.621 5.640 5.657 5.673 5.689 5.706 5.723 5.739 5.756 5.772 5.788 5.803 5.819 5.834 5.849 5.864 5.878 5.892 5.906 5.920 5.933 5.946 5.958 5.970 5.982 5.993 6.002 6.011 6.020 6.029 6.037 6.045 6.052 6.059 6.065 6.070 6.076 6.081 6.085 6.090 6.094 6.098 6.102 6.107 6.111 6.116 6.121 6.126
5.086 5.107 5.128 5.149 5.170 5.190 5.210 5.230 5.248 5.266 5.285 5.304 5.322 5.341 5.359 5.377 5.396 5.414 5.432 5.450 5.468 5.486 5.503 5.521 5.539 5.557 5.575 5.593 5.611 5.628 5.646 5.663 5.679 5.695 5.712 5.729 5.745 5.762 5.778 5.794 5.810 5.826 5.841 5.856 5.871 5.886 5.900 5.914 5.928 5.942 5.955 5.968 5.980 5.992 6.004 6.014 6.023 6.033 6.042 6.051 6.059 6.067 6.075 6.082 6.088 6.094 6.099 6.104 6.109 6.114 6.118 6.122 6.126 6.130 6.135 6.139 6.144
5.102 5.123 5.144 5.165 5.186 5.206 5.225 5.245 5.264 5.281 5.300 5.318 5.337 5.355 5.373 5.391 5.408 5.426 5.444 5.461 5.479 5.496 5.514 5.531 5.548 5.566 5.583 5.601 5.618 5.636 5.653 5.669 5.685 5.702 5.718 5.735 5.751 5.768 5.784 5.800 5.816 5.832 5.847 5.863 5.878 5.893 5.907 5.922 5.936 5.950 5.963 5.976 5.989 6.002 6.014 6.024 6.034 6.044 6.054 6.064 6.073 6.081 6.090 6.097 6.104 6.111 6.117 6.123 6.128 6.133 6.137 6.142 6.146 6.150 6.154 6.158 6.163
5.118 5.140 5.161 5.181 5.202 5.222 5.241 5.261 5.279 5.297 5.315 5.333 5.351 5.369 5.387 5.404 5.422 5.439 5.456 5.473 5.490 5.507 5.524 5.541 5.558 5.575 5.592 5.609 5.626 5.643 5.660 5.677 5.692 5.708 5.725 5.741 5.758 5.774 5.790 5.806 5.822 5.838 5.854 5.869 5.884 5.899 5.914 5.929 5.943 5.957 5.971 5.984 5.998 6.011 6.023 6.033 6.044 6.055 6.065 6.075 6.085 6.094 6.103 6.111 6.119 6.126 6.133 6.140 6.145 6.151 6.156 6.161 6.165 6.170 6.174 6.178 6.183
5.135 5.156 5.177 5.197 5.218 5.237 5.257 5.277 5.295 5.312 5.330 5.348 5.366 5.384 5.401 5.419 5.436 5.453 5.470 5.486 5.503 5.520 5.536 5.553 5.569 5.586 5.602 5.619 5.635 5.652 5.669 5.684 5.700 5.716 5.732 5.748 5.764 5.780 5.796 5.812 5.828 5.844 5.860 5.875 5.891 5.906 5.921 5.935 5.950 5.964 5.978 5.992 6.005 6.019 6.031 6.042 6.053 6.064 6.075 6.086 6.096 6.106 6.115 6.124 6.133 6.141 6.148 6.155 6.162 6.168 6.174 6.179 6.184 6.189 6.193 6.198 6.202
5.151 5.172 5.193 5.213 5.233 5.253 5.273 5.292 5.310 5.328 5.346 5.364 5.381 5.399 5.416 5.433 5.450 5.467 5.484 5.500 5.516 5.533 5.549 5.565 5.581 5.597 5.613 5.629 5.645 5.661 5.678 5.693 5.708 5.723 5.739 5.755 5.771 5.787 5.803 5.819 5.835 5.850 5.866 5.881 5.897 5.912 5.927 5.942 5.956 5.971 5.985 5.999 6.013 6.026 6.039 6.050 6.062 6.073 6.085 6.096 6.106 6.117 6.127 6.136 6.145 6.154 6.162 6.170 6.177 6.184 6.190 6.196 6.202 6.207 6.212 6.217 6.221
5.166 5.188 5.208 5.229 5.249 5.269 5.288 5.308 5.326 5.343 5.361 5.379 5.397 5.414 5.431 5.448 5.465 5.482 5.498 5.514 5.530 5.546 5.562 5.578 5.593 5.609 5.624 5.640 5.656 5.671 5.687 5.702 5.717 5.732 5.747 5.763 5.778 5.794 5.810 5.825 5.841 5.857 5.872 5.888 5.903 5.918 5.933 5.948 5.963 5.977 5.992 6.006 6.020 6.033 6.046 6.058 6.070 6.082 6.093 6.105 6.116 6.127 6.137 6.147 6.157 6.166 6.175 6.183 6.191 6.198 6.205 6.212 6.218 6.224 6.229 6.235 6.240
5.182 5.203 5.224 5.244 5.264 5.284 5.303 5.323 5.341 5.358 5.376 5.394 5.412 5.429 5.446 5.463 5.480 5.496 5.512 5.528 5.544 5.560 5.576 5.591 5.606 5.622 5.637 5.652 5.667 5.682 5.698 5.712 5.726 5.741 5.756 5.771 5.786 5.802 5.817 5.832 5.848 5.863 5.879 5.894 5.909 5.924 5.939 5.954 5.969 5.984 5.998 6.012 6.026 6.040 6.053 6.065 6.077 6.089 6.101 6.113 6.125 6.136 6.147 6.157 6.167 6.177 6.186 6.195 6.204 6.212 6.219 6.226 6.233 6.240 6.246 6.251 6.257
5.197 5.218 5.239 5.259 5.279 5.299 5.318 5.337 5.355 5.373 5.391 5.409 5.426 5.444 5.461 5.478 5.494 5.511 5.527 5.543 5.558 5.574 5.589 5.605 5.620 5.635 5.650 5.664 5.679 5.694 5.709 5.723 5.737 5.751 5.765 5.780 5.795 5.810 5.825 5.840 5.855 5.870 5.885 5.900 5.916 5.931 5.945 5.960 5.975 5.990 6.004 6.019 6.033 6.047 6.060 6.072 6.085 6.097 6.109 6.121 6.133 6.145 6.156 6.167 6.177 6.188 6.197 6.207 6.216 6.224 6.232 6.240 6.247 6.254 6.261 6.267 6.273
5.212 5.233 5.253 5.273 5.293 5.313 5.332 5.351 5.369 5.387 5.405 5.423 5.440 5.458 5.475 5.492 5.508 5.525 5.541 5.557 5.573 5.588 5.603 5.618 5.633 5.648 5.663 5.677 5.692 5.706 5.721 5.734 5.748 5.761 5.775 5.790 5.804 5.819 5.833 5.848 5.863 5.878 5.892 5.907 5.922 5.937 5.952 5.967 5.981 5.996 6.010 6.025 6.039 6.053 6.067 6.079 6.092 6.104 6.117 6.129 6.141 6.153 6.165 6.176 6.187 6.197 6.207 6.217 6.227 6.236 6.244 6.253 6.260 6.268 6.275 6.282 6.288
5.226 5.247 5.267 5.288 5.308 5.327 5.346 5.365 5.383 5.401 5.418 5.436 5.454 5.471 5.489 5.506 5.522 5.539 5.555 5.571 5.586 5.602 5.617 5.632 5.647 5.662 5.676 5.691 5.705 5.719 5.733 5.746 5.759 5.772 5.786 5.800 5.814 5.828 5.842 5.857 5.871 5.885 5.900 5.914 5.929 5.944 5.958 5.973 5.988 6.002 6.017 6.031 6.045 6.060 6.073 6.086 6.098 6.111 6.124 6.136 6.149 6.161 6.173 6.184 6.196 6.207 6.217 6.227 6.237 6.247 6.256 6.264 6.273 6.281 6.288 6.296 6.303
5.241 5.261 5.282 5.302 5.321 5.341 5.360 5.379 5.396 5.414 5.432 5.450 5.467 5.485 5.502 5.519 5.535 5.552 5.568 5.584 5.600 5.615 5.631 5.646 5.660 5.675 5.689 5.704 5.718 5.732 5.746 5.759 5.771 5.784 5.797 5.811 5.824 5.838 5.852 5.866 5.880 5.894 5.908 5.922 5.936 5.951 5.965 5.979 5.994 6.008 6.023 6.037 6.052 6.066 6.079 6.092 6.105 6.118 6.131 6.143 6.156 6.168 6.181 6.193 6.204 6.215 6.226 6.237 6.247 6.257 6.266 6.276 6.284 6.293 6.301 6.309 6.316
5.255 5.276 5.296 5.315 5.335 5.354 5.373 5.392 5.409 5.427 5.445 5.462 5.480 5.497 5.514 5.531 5.548 5.565 5.581 5.597 5.613 5.628 5.644 5.659 5.673 5.688 5.703 5.717 5.731 5.745 5.758 5.771 5.783 5.796 5.809 5.822 5.835 5.849 5.862 5.875 5.889 5.902 5.916 5.930 5.944 5.958 5.972 5.986 6.001 6.015 6.029 6.043 6.058 6.072 6.085 6.098 6.111 6.124 6.137 6.150 6.163 6.176 6.188 6.200 6.212 6.224 6.235 6.246 6.256 6.267 6.277 6.286 6.295 6.304 6.313 6.321 6.329
5.270 5.290 5.310 5.329 5.349 5.368 5.387 5.405 5.422 5.439 5.457 5.475 5.492 5.510 5.527 5.544 5.560 5.577 5.593 5.609 5.625 5.641 5.656 5.671 5.686 5.701 5.715 5.729 5.744 5.757 5.771 5.784 5.796 5.808 5.821 5.834 5.847 5.859 5.872 5.885 5.898 5.912 5.925 5.938 5.952 5.966 5.979 5.993 6.007 6.021 6.036 6.050 6.064 6.078 6.091 6.104 6.117 6.130 6.144 6.157 6.170 6.183 6.195 6.208 6.220 6.232 6.243 6.254 6.265 6.276 6.286 6.296 6.306 6.315 6.324 6.332 6.341
5.284 5.304 5.324 5.343 5.362 5.381 5.400 5.418 5.434 5.452 5.469 5.487 5.504 5.521 5.538 5.555 5.572 5.588 5.605 5.621 5.637 5.652 5.668 5.683 5.698 5.713 5.727 5.742 5.756 5.770 5.783 5.796 5.808 5.820 5.833 5.845 5.858 5.871 5.883 5.896 5.909 5.921 5.934 5.947 5.960 5.974 5.987 6.001 6.014 6.028 6.042 6.056 6.070 6.084 6.097 6.110 6.123 6.136 6.150 6.163 6.176 6.189 6.202 6.215 6.227 6.239 6.251 6.263 6.274 6.285 6.295 6.306 6.316 6.325 6.335 6.344 6.352
5.299 5.318 5.338 5.357 5.376 5.395 5.413 5.430 5.447 5.464 5.482 5.499 5.516 5.533 5.550 5.567 5.583 5.600 5.616 5.632 5.648 5.664 5.679 5.694 5.709 5.724 5.739 5.753 5.768 5.781 5.795 5.807 5.819 5.832 5.844 5.857 5.869 5.882 5.894 5.906 5.919 5.931 5.944 5.956 5.969 5.982 5.995 6.008 6.022 6.035 6.049 6.063 6.076 6.090 6.103 6.116 6.129 6.142 6.156 6.169 6.182 6.195 6.208 6.221 6.234 6.246 6.258 6.270 6.282 6.293 6.304 6.315 6.325 6.335 6.345 6.354 6.363
5.313 5.333 5.352 5.371 5.390 5.408 5.426 5.444 5.460 5.477 5.494 5.511 5.528 5.545 5.561 5.578 5.594 5.611 5.627 5.643 5.659 5.674 5.690 5.705 5.720 5.735 5.750 5.764 5.779 5.793 5.807 5.819 5.831 5.843 5.856 5.868 5.881 5.893 5.905 5.917 5.929 5.941 5.954 5.966 5.978 5.991 6.003 6.016 6.029 6.042 6.056 6.069 6.083 6.097 6.110 6.122 6.135 6.148 6.161 6.175 6.188 6.201 6.215 6.228 6.240 6.253 6.265 6.277 6.289 6.301 6.312 6.323 6.334 6.344 6.354 6.364 6.374
5.327 5.347 5.366 5.385 5.404 5.422 5.440 5.457 5.473 5.490 5.507 5.523 5.540 5.557 5.573 5.589 5.605 5.621 5.637 5.653 5.669 5.685 5.700 5.715 5.730 5.745 5.760 5.775 5.789 5.804 5.817 5.829 5.842 5.854 5.867 5.879 5.892 5.904 5.916 5.928 5.940 5.952 5.964 5.975 5.988 6.000 6.012 6.024 6.037 6.050 6.063 6.076 6.090 6.103 6.116 6.128 6.141 6.154 6.167 6.181 6.194 6.207 6.220 6.234 6.247 6.259 6.272 6.284 6.296 6.308 6.320 6.331 6.342 6.353 6.364 6.374 6.384
5.342 5.361 5.380 5.399 5.417 5.436 5.453 5.470 5.486 5.503 5.519 5.536 5.552 5.568 5.585 5.601 5.616 5.632 5.648 5.664 5.679 5.695 5.710 5.725 5.740 5.755 5.770 5.785 5.799 5.814 5.827 5.839 5.852 5.865 5.877 5.890 5.902 5.914 5.926 5.938 5.950 5.962 5.973 5.985 5.997 6.009 6.021 6.033 6.045 6.058 6.070 6.083 6.096 6.110 6.122 6.134 6.146 6.159 6.173 6.186 6.199 6.213 6.226 6.239 6.252 6.265 6.278 6.291 6.303 6.315 6.327 6.339 6.350 6.361 6.372 6.383 6.393
5.356 5.375 5.394 5.413 5.431 5.449 5.467 5.484 5.499 5.516 5.532 5.548 5.564 5.580 5.596 5.612 5.628 5.643 5.659 5.674 5.689 5.705 5.720 5.735 5.750 5.765 5.779 5.794 5.809 5.823 5.836 5.849 5.861 5.874 5.887 5.900 5.912 5.924 5.936 5.948 5.960 5.972 5.983 5.995 6.006 6.018 6.030 6.041 6.053 6.066 6.078 6.091 6.104 6.116 6.128 6.140 6.152 6.165 6.178 6.191 6.205 6.218 6.231 6.245 6.258 6.271 6.284 6.297 6.309 6.321 6.334 6.345 6.357 6.369 6.380 6.391 6.402
5.369 5.389 5.408 5.427 5.445 5.463 5.481 5.497 5.513 5.529 5.545 5.561 5.577 5.593 5.608 5.624 5.639 5.654 5.670 5.685 5.700 5.715 5.730 5.745 5.759 5.774 5.789 5.803 5.818 5.832 5.845 5.858 5.871 5.884 5.896 5.909 5.922 5.934 5.946 5.958 5.970 5.981 5.993 6.004 6.016 6.027 6.039 6.050 6.062 6.074 6.086 6.098 6.111 6.122 6.134 6.146 6.158 6.171 6.184 6.197 6.210 6.223 6.236 6.250 6.263 6.276 6.289 6.302 6.315 6.327 6.340 6.352 6.364 6.376 6.387 6.399 6.409
5.382 5.402 5.421 5.440 5.458 5.476 5.494 5.511 5.526 5.542 5.558 5.574 5.590 5.605 5.621 5.636 5.651 5.666 5.681 5.695 5.710 5.725 5.740 5.754 5.769 5.783 5.798 5.812 5.826 5.841 5.854 5.866 5.879 5.892 5.905 5.918 5.931 5.943 5.955 5.967 5.979 5.991 6.002 6.014 6.025 6.036 6.047 6.059 6.070 6.082 6.093 6.105 6.118 6.129 6.140 6.152 6.164 6.176 6.189 6.202 6.215 6.228 6.241 6.255 6.268 6.281 6.294 6.307 6.320 6.333 6.345 6.358 6.370 6.382 6.394 6.406 6.416
5.395 5.415 5.434 5.453 5.471 5.490 5.507 5.524 5.539 5.555 5.571 5.587 5.603 5.618 5.633 5.648 5.663 5.677 5.692 5.707 5.721 5.735 5.750 5.764 5.778 5.792 5.807 5.821 5.835 5.849 5.862 5.875 5.888 5.901 5.914 5.927 5.939 5.952 5.964 5.976 5.988 6.000 6.011 6.023 6.034 6.045 6.056 6.067 6.079 6.090 6.101 6.113 6.125 6.136 6.147 6.158 6.170 6.182 6.195 6.207 6.220 6.233 6.246 6.259 6.273 6.286 6.299 6.312 6.325 6.338 6.350 6.363 6.375 6.388 6.400 6.412 6.423
5.407 5.427 5.446 5.465 5.484 5.502 5.520 5.537 5.552 5.568 5.584 5.600 5.616 5.631 5.646 5.661 5.675 5.690 5.704 5.718 5.732 5.746 5.760 5.774 5.788 5.802 5.816 5.830 5.844 5.858 5.871 5.883 5.896 5.909 5.922 5.935 5.947 5.960 5.972 5.984 5.996 6.008 6.020 6.031 6.042 6.054 6.065 6.076 6.087 6.098 6.109 6.120 6.132 6.143 6.153 6.164 6.176 6.188 6.200 6.213 6.225 6.238 6.251 6.264 6.277 6.290 6.303 6.316 6.329 6.342 6.355 6.368 6.380 6.393 6.405 6.418 6.429
5.418 5.438 5.458 5.477 5.496 5.514 5.532 5.549 5.565 5.581 5.597 5.613 5.628 5.644 5.659 5.673 5.688 5.702 5.716 5.730 5.744 5.757 5.771 5.785 5.798 5.812 5.825 5.839 5.853 5.866 5.879 5.891 5.904 5.917 5.930 5.943 5.955 5.968 5.980 5.992 6.005 6.016 6.028 6.039 6.051 6.062 6.073 6.084 6.095 6.106 6.117 6.128 6.139 6.150 6.160 6.171 6.182 6.194 6.206 6.218 6.230 6.243 6.256 6.268 6.281 6.294 6.307 6.320 6.334 6.347 6.359 6.372 6.385 6.398 6.410 6.423 6.434
5.428 5.448 5.468 5.488 5.507 5.526 5.544 5.561 5.577 5.593 5.610 5.625 5.641 5.656 5.671 5.686 5.700 5.714 5.728 5.742 5.755 5.769 5.782 5.795 5.809 5.822 5.835 5.849 5.862 5.875 5.888 5.900 5.912 5.925 5.938 5.950 5.963 5.976 5.988 6.000 6.012 6.024 6.036 6.047 6.059 6.070 6.081 6.092 6.103 6.114 6.125 6.135 6.147 6.157 6.167 6.177 6.188 6.200 6.211 6.223 6.235 6.248 6.260 6.273 6.286 6.299 6.312 6.325 6.338 6.351 6.363 6.376 6.389 6.402 6.415 6.427 6.439
5.437 5.458 5.478 5.498 5.517 5.536 5.555 5.572 5.588 5.605 5.621 5.637 5.653 5.669 5.684 5.698 5.712 5.727 5.740 5.754 5.767 5.781 5.794 5.807 5.820 5.833 5.846 5.858 5.871 5.885 5.897 5.908 5.921 5.933 5.946 5.958 5.971 5.983 5.996 6.008 6.020 6.032 6.043 6.055 6.066 6.078 6.089 6.100 6.111 6.121 6.132 6.143 6.154 6.164 6.174 6.184 6.195 6.206 6.217 6.229 6.241 6.253 6.265 6.277 6.290 6.303 6.315 6.328 6.341 6.354 6.367 6.380 6.393 6.406 6.419 6.431 6.443
5.445 5.466 5.487 5.507 5.527 5.546 5.565 5.582 5.599 5.616 5.632 5.649 5.665 5.680 5.695 5.710 5.725 5.739 5.753 5.766 5.779 5.793 5.806 5.818 5.831 5.844 5.856 5.869 5.882 5.894 5.906 5.917 5.929 5.941 5.954 5.966 5.978 5.991 6.003 6.015 6.027 6.039 6.051 6.062 6.074 6.085 6.096 6.107 6.118 6.129 6.140 6.150 6.161 6.171 6.181 6.191 6.201 6.212 6.223 6.234 6.246 6.258 6.270 6.282 6.294 6.307 6.319 6.332 6.345 6.358 6.371 6.384 6.397 6.409 6.422 6.435 6.447
5.453 5.474 5.495 5.516 5.536 5.555 5.574 5.592 5.609 5.626 5.643 5.660 5.676 5.692 5.707 5.722 5.737 5.751 5.765 5.778 5.792 5.805 5.817 5.830 5.843 5.855 5.867 5.880 5.892 5.904 5.916 5.927 5.938 5.950 5.962 5.974 5.986 5.999 6.011 6.023 6.035 6.046 6.058 6.070 6.081 6.092 6.104 6.115 6.125 6.136 6.147 6.158 6.168 6.178 6.188 6.197 6.208 6.218 6.229 6.240 6.251 6.263 6.274 6.286 6.299 6.311 6.323 6.336 6.349 6.361 6.374 6.387 6.400 6.413 6.426 6.439 6.451
5.460 5.481 5.502 5.523 5.543 5.563 5.582 5.600 5.618 5.635 5.653 5.669 5.686 5.702 5.718 5.733 5.748 5.762 5.776 5.790 5.804 5.817 5.829 5.842 5.855 5.867 5.879 5.891 5.903 5.915 5.926 5.937 5.948 5.959 5.971 5.983 5.995 6.007 6.018 6.030 6.042 6.054 6.065 6.077 6.088 6.100 6.111 6.122 6.133 6.143 6.154 6.165 6.175 6.185 6.194 6.204 6.214 6.224 6.235 6.246 6.257 6.268 6.279 6.291 6.303 6.315 6.327 6.340 6.352 6.365 6.377 6.390 6.403 6.416 6.429 6.442 6.454
5.466 5.488 5.509 5.530 5.551 5.571 5.590 5.608 5.626 5.644 5.661 5.679 5.695 5.712 5.728 5.743 5.759 5.773 5.788 5.802 5.815 5.828 5.841 5.854 5.866 5.879 5.891 5.903 5.914 5.926 5.937 5.947 5.958 5.969 5.981 5.992 6.004 6.015 6.027 6.038 6.050 6.061 6.073 6.084 6.096 6.107 6.118 6.129 6.140 6.151 6.161 6.172 6.182 6.192 6.201 6.211 6.221 6.231 6.241 6.252 6.262 6.273 6.284 6.296 6.307 6.319 6.331 6.343 6.356 6.368 6.381 6.393 6.406 6.419 6.432 6.445 6.457
5.473 5.494 5.516 5.537 5.557 5.578 5.597 5.615 5.633 5.651 5.669 5.687 5.704 5.721 5.737 5.753 5.769 5.784 5.798 5.812 5.826 5.840 5.853 5.866 5.878 5.890 5.902 5.914 5.926 5.937 5.948 5.958 5.969 5.979 5.990 6.002 6.013 6.024 6.035 6.047 6.058 6.069 6.080 6.092 6.103 6.114 6.125 6.136 6.147 6.158 6.168 6.179 6.189 6.199 6.208 6.217 6.227 6.237 6.247 6.257 6.268 6.279 6.290 6.301 6.312 6.324 6.335 6.347 6.359 6.372 6.384 6.397 6.409 6.422 6.435 6.448 6.460
5.478 5.500 5.521 5.543 5.563 5.584 5.603 5.621 5.640 5.658 5.677 5.695 5.712 5.729 5.746 5.762 5.778 5.793 5.808 5.823 5.837 5.851 5.864 5.877 5.890 5.902 5.914 5.926 5.938 5.949 5.959 5.969 5.980 5.990 6.001 6.012 6.023 6.033 6.044 6.055 6.066 6.077 6.088 6.100 6.111 6.122 6.133 6.143 6.154 6.165 6.176 6.186 6.196 6.206 6.215 6.224 6.234 6.243 6.253 6.264 6.274 6.284 6.295 6.306 6.317 6.328 6.340 6.351 6.363 6.375 6.387 6.400 6.412 6.425 6.438 6.451 6.463
5.484 5.506 5.527 5.548 5.569 5.590 5.609 5.627 5.646 5.665 5.683 5.702 5.719 5.737 5.754 5.770 5.787 5.802 5.818 5.832 5.847 5.861 5.875 5.888 5.901 5.913 5.926 5.938 5.950 5.961 5.971 5.981 5.991 6.001 6.012 6.022 6.033 6.043 6.054 6.065 6.075 6.086 6.097 6.108 6.119 6.129 6.140 6.151 6.162 6.172 6.183 6.193 6.204 6.213 6.222 6.231 6.240 6.250 6.260 6.270 6.280 6.290 6.300 6.311 6.322 6.333 6.344 6.355 6.367 6.379 6.391 6.403 6.416 6.428 6.441 6.454 6.466
