TsunamiDB/out54017.asc
ncols          264
nrows          230
xllcorner      497853.4375
yllcorner      4229146.0000
cellsize         5.
NODATA_value   -99
[rows 93 to 123 of 230, columns 140 to 209 of 264]
-99.000 -99.000 -99.000 -99.000 -99.000 -99.000 -99.000 -99.000 -99.000 -99.000 -99.000 -99.000 -99.000 -99.000 -99.000 -99.000 -99.000 -99.000 1.644 1.647 1.684 1.813 2.041 2.344 2.693 3.047 3.367 3.638 3.858 4.032 4.170 4.282 4.374 4.453 4.524 4.588 4.647 4.702 4.753 4.801 4.846 4.888 4.928 4.966 5.002 5.036 5.070 5.102 5.134 5.166 5.197 5.230 5.263 5.297 5.332 5.368 5.405 5.444 5.483 5.523 5.563 5.604 5.646 5.689 5.733 5.778 5.824 5.869 5.914 5.957
-99.000 -99.000 -99.000 -99.000 -99.000 -99.000 -99.000 -99.000 -99.000 -99.000 -99.000 -99.000 -99.000 -99.000 -99.000 -99.000 -99.000 -99.000 1.644 1.654 1.723 1.894 2.155 2.481 2.838 3.182 3.484 3.735 3.936 4.094 4.221 4.324 4.411 4.486 4.555 4.617 4.675 4.730 4.781 4.829 4.874 4.917 4.958 4.996 5.033 5.067 5.101 5.133 5.164 5.195 5.226 5.256 5.288 5.320 5.353 5.386 5.422 5.459 5.497 5.536 5.576 5.618 5.661 5.706 5.753 5.801 5.850 5.899 5.948 5.996
-99.000 -99.000 -99.000 -99.000 -99.000 -99.000 -99.000 -99.000 -99.000 -99.000 -99.000 -99.000 -99.000 -99.000 -99.000 -99.000 -99.000 -99.000 1.645 1.671 1.779 1.989 2.280 2.624 2.982 3.311 3.594 3.824 4.007 4.151 4.268 4.364 4.445 4.518 4.584 4.645 4.702 4.756 4.807 4.855 4.901 4.945 4.986 5.025 5.062 5.098 5.131 5.164 5.195 5.225 5.255 5.284 5.314 5.344 5.374 5.405 5.439 5.474 5.511 5.549 5.590 5.632 5.676 5.723 5.772 5.823 5.875 5.928 5.981 6.033
-99.000 -99.000 -99.000 -99.000 -99.000 -99.000 -99.000 -99.000 -99.000 -99.000 -99.000 -99.000 -99.000 -99.000 -99.000 -99.000 -99.000 1.644 1.650 1.702 1.852 2.098 2.414 2.770 3.121 3.434 3.695 3.906 4.072 4.204 4.311 4.401 4.479 4.548 4.612 4.671 4.728 4.781 4.832 4.880 4.927 4.971 5.013 5.053 5.091 5.128 5.162 5.195 5.226 5.256 5.285 5.313 5.341 5.369 5.396 5.425 5.456 5.489 5.524 5.562 5.602 5.645 5.690 5.739 5.790 5.843 5.899 5.955 6.012 6.068
-99.000 -99.000 -99.000 -99.000 -99.000 -99.000 -99.000 -99.000 -99.000 -99.000 -99.000 -99.000 -99.000 -99.000 -99.000 -99.000 -99.000 1.645 1.661 1.750 1.942 2.219 2.556 2.916 3.254 3.548 3.789 3.980 4.132 4.253 4.352 4.437 4.510 4.577 4.639 4.698 4.753 4.805 4.856 4.904 4.951 4.996 5.039 5.080 5.119 5.156 5.192 5.225 5.257 5.287 5.316 5.343 5.369 5.395 5.420 5.446 5.474 5.505 5.538 5.574 5.614 5.657 5.703 5.752 5.805 5.861 5.920 5.980 6.040 6.099
-99.000 -99.000 -99.000 -99.000 -99.000 -99.000 -99.000 -99.000 -99.000 -99.000 -99.000 -99.000 -99.000 -99.000 -99.000 -99.000 1.644 1.647 1.685 1.815 2.045 2.350 2.702 3.059 3.381 3.654 3.874 4.048 4.186 4.298 4.391 4.471 4.541 4.606 4.666 4.723 4.777 4.829 4.879 4.928 4.974 5.019 5.063 5.105 5.145 5.184 5.220 5.255 5.288 5.318 5.347 5.373 5.398 5.422 5.445 5.468 5.493 5.521 5.552 5.586 5.625 5.667 5.714 5.764 5.819 5.878 5.939 6.001 6.064 6.127
-99.000 -99.000 -99.000 -99.000 -99.000 -99.000 -99.000 -99.000 -99.000 -99.000 -99.000 -99.000 -99.000 -99.000 -99.000 -99.000 1.644 1.654 1.725 1.898 2.161 2.490 2.850 3.197 3.501 3.752 3.952 4.111 4.237 4.340 4.427 4.502 4.570 4.633 4.692 4.748 4.802 4.853 4.903 4.951 4.997 5.042 5.086 5.129 5.170 5.210 5.248 5.284 5.318 5.349 5.378 5.404 5.428 5.451 5.471 5.491 5.514 5.538 5.566 5.599 5.636 5.677 5.724 5.775 5.831 5.892 5.955 6.020 6.086 6.153
-99.000 -99.000 -99.000 -99.000 -99.000 -99.000 -99.000 -99.000 -99.000 -99.000 -99.000 -99.000 -99.000 -99.000 -99.000 -99.000 1.645 1.672 1.783 1.996 2.289 2.636 2.997 3.329 3.612 3.842 4.024 4.168 4.283 4.379 4.461 4.533 4.598 4.660 4.718 4.773 4.826 4.877 4.926 4.973 5.020 5.065 5.109 5.152 5.195 5.235 5.274 5.312 5.347 5.379 5.409 5.436 5.459 5.481 5.499 5.517 5.537 5.558 5.583 5.613 5.648 5.688 5.735 5.786 5.843 5.905 5.970 6.037 6.106 6.176
-99.000 -99.000 -99.000 -99.000 -99.000 -99.000 -99.000 -99.000 -99.000 -99.000 -99.000 -99.000 -99.000 -99.000 -99.000 1.644 1.650 1.704 1.858 2.107 2.426 2.785 3.139 3.453 3.715 3.925 4.090 4.221 4.327 4.416 4.494 4.562 4.626 4.686 4.743 4.797 4.849 4.900 4.948 4.996 5.042 5.087 5.132 5.176 5.218 5.260 5.300 5.339 5.375 5.409 5.439 5.467 5.491 5.512 5.530 5.546 5.563 5.581 5.603 5.630 5.663 5.702 5.747 5.798 5.855 5.917 5.984 6.054 6.126 6.199
-99.000 -99.000 -99.000 -99.000 -99.000 -99.000 -99.000 -99.000 -99.000 -99.000 -99.000 -99.000 -99.000 -99.000 -99.000 1.645 1.662 1.754 1.950 2.230 2.570 2.934 3.276 3.570 3.811 4.001 4.151 4.270 4.368 4.451 4.525 4.591 4.652 4.711 4.767 4.821 4.872 4.922 4.971 5.018 5.064 5.110 5.154 5.198 5.241 5.284 5.325 5.365 5.402 5.437 5.469 5.498 5.523 5.544 5.562 5.577 5.593 5.609 5.629 5.653 5.683 5.719 5.763 5.813 5.869 5.931 5.998 6.070 6.144 6.220
-99.000 -99.000 -99.000 -99.000 -99.000 -99.000 -99.000 -99.000 -99.000 -99.000 -99.000 -99.000 -99.000 -99.000 1.644 1.647 1.688 1.822 2.056 2.364 2.719 3.080 3.405 3.679 3.898 4.071 4.207 4.316 4.407 4.485 4.555 4.619 4.678 4.736 4.790 4.843 4.894 4.944 4.992 5.039 5.086 5.131 5.176 5.220 5.264 5.307 5.349 5.389 5.428 5.464 5.498 5.528 5.554 5.577 5.595 5.610 5.626 5.642 5.659 5.681 5.708 5.742 5.783 5.830 5.885 5.946 6.014 6.087 6.164 6.243
-99.000 -99.000 -99.000 -99.000 -99.000 -99.000 -99.000 -99.000 -99.000 -99.000 -99.000 -99.000 -99.000 -99.000 1.644 1.656 1.730 1.907 2.174 2.506 2.870 3.221 3.527 3.779 3.979 4.135 4.259 4.359 4.444 4.518 4.585 4.646 4.704 4.760 4.814 4.866 4.916 4.965 5.013 5.060 5.107 5.152 5.197 5.242 5.286 5.329 5.371 5.412 5.452 5.489 5.524 5.556 5.584 5.608 5.628 5.645 5.662 5.678 5.695 5.715 5.740 5.771 5.808 5.853 5.905 5.964 6.031 6.106 6.184 6.266
-99.000 -99.000 -99.000 -99.000 -99.000 -99.000 -99.000 -99.000 -99.000 -99.000 -99.000 -99.000 -99.000 1.644 1.646 1.675 1.790 2.008 2.304 2.654 3.019 3.355 3.640 3.870 4.051 4.194 4.307 4.400 4.480 4.551 4.615 4.673 4.729 4.784 4.837 4.888 4.938 4.986 5.034 5.081 5.127 5.172 5.217 5.262 5.306 5.349 5.392 5.433 5.473 5.512 5.548 5.581 5.611 5.638 5.660 5.680 5.698 5.717 5.735 5.755 5.779 5.807 5.841 5.882 5.930 5.986 6.051 6.126 6.204 6.288
-99.000 -99.000 -99.000 -99.000 -99.000 -99.000 -99.000 -99.000 -99.000 -99.000 -99.000 -99.000 -99.000 1.644 1.651 1.709 1.868 2.121 2.444 2.805 3.163 3.480 3.743 3.953 4.118 4.247 4.352 4.439 4.515 4.582 4.644 4.701 4.756 4.809 4.860 4.910 4.959 5.007 5.054 5.101 5.147 5.192 5.237 5.281 5.325 5.368 5.410 5.452 5.492 5.531 5.568 5.603 5.635 5.664 5.689 5.712 5.735 5.756 5.778 5.799 5.823 5.849 5.880 5.916 5.960 6.012 6.075 6.149 6.227 6.312
-99.000 -99.000 -99.000 -99.000 -99.000 -99.000 -99.000 -99.000 -99.000 -99.000 -99.000 -99.000 -99.000 1.645 1.665 1.762 1.963 2.247 2.590 2.956 3.300 3.595 3.837 4.027 4.177 4.296 4.394 4.476 4.548 4.614 4.674 4.729 4.782 4.834 4.884 4.933 4.981 5.029 5.075 5.121 5.166 5.211 5.255 5.299 5.342 5.385 5.427 5.468 5.508 5.547 5.585 5.621 5.655 5.687 5.715 5.742 5.769 5.796 5.821 5.846 5.871 5.897 5.925 5.958 5.997 6.046 6.107 6.178 6.255 6.340
-99.000 -99.000 -99.000 -99.000 -99.000 -99.000 -99.000 -99.000 -99.000 -99.000 -99.000 -99.000 1.644 1.648 1.692 1.833 2.071 2.383 2.740 3.102 3.428 3.701 3.921 4.094 4.231 4.341 4.432 4.511 4.581 4.644 4.703 4.757 4.809 4.860 4.909 4.958 5.005 5.051 5.097 5.142 5.186 5.231 5.274 5.317 5.359 5.401 5.442 5.482 5.522 5.560 5.598 5.635 5.671 5.705 5.738 5.769 5.801 5.833 5.863 5.893 5.921 5.948 5.976 6.006 6.043 6.089 6.146 6.214 6.288 6.371
-99.000 -99.000 -99.000 -99.000 -99.000 -99.000 -99.000 -99.000 -99.000 -99.000 -99.000 -99.000 1.644 1.657 1.737 1.920 2.192 2.526 2.891 3.242 3.547 3.798 3.997 4.154 4.280 4.382 4.468 4.543 4.611 4.673 4.731 4.785 4.836 4.887 4.935 4.983 5.029 5.075 5.120 5.164 5.208 5.251 5.293 5.335 5.376 5.417 5.456 5.495 5.533 5.571 5.609 5.647 5.684 5.721 5.757 5.793 5.830 5.868 5.904 5.939 5.972 6.003 6.032 6.062 6.097 6.140 6.192 6.256 6.327 6.408
-99.000 -99.000 -99.000 -99.000 -99.000 -99.000 -99.000 -99.000 -99.000 -99.000 -99.000 1.644 1.646 1.678 1.800 2.023 2.323 2.675 3.040 3.373 3.656 3.885 4.066 4.209 4.324 4.419 4.501 4.573 4.640 4.701 4.758 4.812 4.863 4.913 4.961 5.008 5.054 5.100 5.144 5.188 5.231 5.273 5.314 5.355 5.395 5.433 5.471 5.508 5.545 5.582 5.619 5.657 5.695 5.735 5.774 5.815 5.857 5.900 5.943 5.984 6.022 6.058 6.091 6.124 6.158 6.198 6.247 6.306 6.373 6.450
-99.000 -99.000 -99.000 -99.000 -99.000 -99.000 -99.000 -99.000 -99.000 -99.000 -99.000 1.644 1.652 1.715 1.880 2.138 2.463 2.826 3.182 3.497 3.757 3.965 4.128 4.258 4.364 4.453 4.531 4.601 4.666 4.727 4.784 4.837 4.889 4.939 4.987 5.034 5.080 5.126 5.170 5.213 5.255 5.297 5.337 5.376 5.414 5.451 5.487 5.522 5.557 5.593 5.629 5.667 5.706 5.748 5.790 5.835 5.882 5.931 5.979 6.026 6.071 6.113 6.152 6.188 6.224 6.263 6.308 6.363 6.425 6.498
-99.000 -99.000 -99.000 -99.000 -99.000 -99.000 -99.000 -99.000 -99.000 -99.000 -99.000 1.645 1.667 1.770 1.976 2.265 2.610 2.976 3.318 3.611 3.849 4.037 4.185 4.303 4.401 4.485 4.559 4.627 4.691 4.750 4.807 4.861 4.913 4.963 5.012 5.060 5.107 5.152 5.196 5.240 5.282 5.323 5.362 5.400 5.437 5.472 5.505 5.538 5.571 5.605 5.640 5.678 5.718 5.761 5.806 5.854 5.906 5.960 6.013 6.066 6.117 6.166 6.211 6.252 6.291 6.331 6.375 6.426 6.485 6.555
-99.000 -99.000 -99.000 -99.000 -99.000 -99.000 -99.000 -99.000 -99.000 -99.000 1.644 1.649 1.697 1.843 2.085 2.401 2.760 3.122 3.446 3.717 3.933 4.103 4.237 4.345 4.436 4.515 4.586 4.652 4.714 4.772 4.829 4.883 4.935 4.986 5.036 5.085 5.132 5.178 5.223 5.267 5.310 5.350 5.389 5.426 5.461 5.494 5.526 5.557 5.588 5.620 5.654 5.691 5.732 5.775 5.822 5.874 5.929 5.988 6.046 6.104 6.162 6.217 6.268 6.315 6.358 6.400 6.445 6.495 6.552 6.618
-99.000 -99.000 -99.000 -99.000 -99.000 -99.000 -99.000 -99.000 -99.000 -99.000 1.644 1.659 1.743 1.931 2.207 2.544 2.910 3.261 3.565 3.814 4.010 4.164 4.286 4.385 4.470 4.544 4.612 4.675 4.735 4.793 4.849 4.902 4.955 5.007 5.058 5.107 5.156 5.203 5.249 5.294 5.337 5.378 5.417 5.454 5.488 5.519 5.549 5.578 5.607 5.638 5.670 5.706 5.747 5.791 5.840 5.894 5.952 6.014 6.077 6.139 6.203 6.263 6.321 6.374 6.423 6.468 6.516 6.567 6.624 6.688
-99.000 -99.000 -99.000 -99.000 -99.000 -99.000 -99.000 -99.000 -99.000 1.644 1.647 1.681 1.808 2.035 2.338 2.692 3.059 3.393 3.676 3.902 4.080 4.219 4.331 4.423 4.502 4.572 4.637 4.698 4.757 4.813 4.867 4.921 4.974 5.026 5.077 5.128 5.177 5.226 5.273 5.319 5.363 5.405 5.445 5.481 5.515 5.546 5.574 5.602 5.629 5.658 5.690 5.725 5.765 5.809 5.859 5.914 5.975 6.040 6.106 6.172 6.241 6.307 6.370 6.430 6.485 6.535 6.586 6.640 6.698 6.764
-99.000 -99.000 -99.000 -99.000 -99.000 -99.000 -99.000 -99.000 -99.000 1.644 1.653 1.720 1.890 2.151 2.478 2.843 3.202 3.517 3.777 3.983 4.144 4.271 4.373 4.459 4.533 4.600 4.663 4.721 4.778 4.833 4.886 4.939 4.991 5.043 5.095 5.146 5.197 5.246 5.295 5.342 5.387 5.431 5.471 5.508 5.542 5.572 5.600 5.627 5.653 5.681 5.712 5.746 5.785 5.829 5.878 5.934 5.997 6.065 6.134 6.204 6.277 6.348 6.417 6.483 6.543 6.598 6.654 6.712 6.775 6.843
-99.000 -99.000 -99.000 -99.000 -99.000 -99.000 -99.000 -99.000 -99.000 1.645 1.670 1.777 1.987 2.278 2.625 2.994 3.338 3.632 3.869 4.056 4.202 4.318 4.413 4.494 4.564 4.629 4.688 4.745 4.800 4.853 4.905 4.955 5.008 5.059 5.111 5.162 5.213 5.264 5.313 5.362 5.408 5.453 5.494 5.532 5.567 5.598 5.626 5.652 5.679 5.706 5.736 5.770 5.808 5.851 5.900 5.957 6.021 6.090 6.161 6.235 6.311 6.386 6.460 6.530 6.596 6.659 6.721 6.785 6.852 6.926
-99.000 -99.000 -99.000 -99.000 -99.000 -99.000 -99.000 -99.000 1.644 1.649 1.701 1.851 2.098 2.415 2.776 3.141 3.467 3.737 3.953 4.122 4.255 4.362 4.451 4.527 4.595 4.656 4.714 4.769 4.822 4.874 4.924 4.974 5.024 5.075 5.126 5.177 5.228 5.279 5.329 5.378 5.426 5.472 5.514 5.554 5.589 5.622 5.651 5.678 5.705 5.733 5.762 5.796 5.833 5.875 5.924 5.981 6.045 6.116 6.188 6.264 6.343 6.421 6.499 6.574 6.647 6.717 6.787 6.855 6.930 7.011
-99.000 -99.000 -99.000 -99.000 -99.000 -99.000 -99.000 -99.000 1.645 1.661 1.750 1.943 2.221 2.561 2.929 3.282 3.586 3.834 4.030 4.183 4.304 4.403 4.486 4.559 4.624 4.684 4.740 4.793 4.845 4.895 4.944 4.992 5.042 5.091 5.141 5.192 5.242 5.293 5.343 5.392 5.441 5.487 5.531 5.572 5.609 5.643 5.674 5.703 5.731 5.760 5.791 5.824 5.861 5.902 5.950 6.006 6.070 6.141 6.214 6.291 6.372 6.453 6.535 6.616 6.696 6.773 6.849 6.924 7.006 7.099
-99.000 -99.000 -99.000 -99.000 -99.000 -99.000 -99.000 1.644 1.647 1.685 1.817 2.049 2.356 2.713 3.081 3.416 3.697 3.923 4.099 4.238 4.349 4.441 4.519 4.589 4.652 4.710 4.765 4.818 4.868 4.917 4.965 5.012 5.060 5.108 5.157 5.206 5.256 5.306 5.356 5.405 5.453 5.500 5.545 5.587 5.627 5.663 5.696 5.728 5.758 5.789 5.821 5.855 5.892 5.932 5.979 6.034 6.096 6.166 6.240 6.317 6.400 6.484 6.569 6.656 6.743 6.828 6.912 6.992 7.082 7.182
-99.000 -99.000 -99.000 -99.000 -99.000 -99.000 -99.000 1.644 1.655 1.727 1.903 2.169 2.501 2.868 3.228 3.542 3.800 4.003 4.163 4.289 4.391 4.476 4.551 4.617 4.679 4.736 4.790 4.842 4.892 4.940 4.986 5.033 5.080 5.127 5.174 5.222 5.270 5.319 5.368 5.416 5.464 5.511 5.557 5.600 5.642 5.680 5.717 5.751 5.785 5.818 5.852 5.887 5.925 5.965 6.010 6.063 6.124 6.193 6.266 6.343 6.427 6.515 6.603 6.695 6.789 6.882 6.973 7.056 7.152 7.260
-99.000 -99.000 -99.000 -99.000 -99.000 -99.000 -99.000 1.646 1.674 1.788 2.004 2.301 2.653 3.023 3.368 3.660 3.894 4.078 4.222 4.336 4.430 4.510 4.581 4.645 4.705 4.761 4.814 4.865 4.914 4.962 5.008 5.054 5.100 5.146 5.192 5.238 5.285 5.332 5.380 5.428 5.475 5.522 5.568 5.612 5.655 5.696 5.736 5.774 5.811 5.847 5.884 5.922 5.961 6.001 6.045 6.095 6.154 6.221 6.293 6.370 6.456 6.545 6.637 6.734 6.834 6.934 7.029 7.114 7.213 7.328
-99.000 -99.000 -99.000 -99.000 -99.000 -99.000 1.645 1.651 1.709 1.868 2.121 2.445 2.810 3.176 3.501 3.768 3.981 4.146 4.276 4.381 4.468 4.543 4.611 4.672 4.730 4.785 4.837 4.888 4.936 4.984 5.029 5.074 5.120 5.165 5.210 5.255 5.300 5.346 5.392 5.438 5.485 5.531 5.577 5.623 5.667 5.711 5.754 5.796 5.837 5.877 5.917 5.957 5.998 6.039 6.082 6.130 6.187 6.253 6.323 6.400 6.486 6.577 6.673 6.774 6.879 6.983 7.080 7.164 7.265 7.382
