TsunamiDB/out54036.asc
ncols          264
nrows          230
xllcorner      497853.4375
yllcorner      4229146.0000
cellsize         5.
NODATA_value   -99
[rows 32 to 63 of 230, columns 144 to 215 of 264]
1.763 1.956 2.225 2.534 2.850 3.143 3.397 3.608 3.778 3.915 4.028 4.122 4.203 4.273 4.337 4.395 4.448 4.497 4.544 4.588 4.629 4.669 4.707 4.743 4.779 4.813 4.847 4.880 4.913 4.945 4.978 5.009 5.040 5.072 5.104 5.136 5.167 5.198 5.229 5.260 5.291 5.321 5.350 5.379 5.407 5.433 5.459 5.482 5.504 5.524 5.540 5.555 5.566 5.575 5.581 5.585 5.590 5.595 5.601 5.611 5.623 5.639 5.659 5.683 5.709 5.738 5.769 5.802 5.836 5.871 5.907 5.944
1.814 2.035 2.321 2.636 2.947 3.229 3.471 3.669 3.829 3.959 4.067 4.158 4.237 4.307 4.369 4.427 4.479 4.528 4.574 4.618 4.658 4.697 4.734 4.770 4.805 4.838 4.871 4.903 4.935 4.967 4.998 5.029 5.059 5.090 5.122 5.153 5.184 5.214 5.245 5.276 5.306 5.336 5.366 5.395 5.424 5.451 5.478 5.503 5.526 5.547 5.566 5.582 5.595 5.606 5.612 5.616 5.620 5.623 5.626 5.632 5.640 5.652 5.668 5.688 5.712 5.739 5.768 5.800 5.834 5.869 5.905 5.943
1.877 2.123 2.422 2.739 3.043 3.313 3.541 3.727 3.878 4.001 4.104 4.193 4.270 4.339 4.401 4.458 4.511 4.560 4.605 4.648 4.688 4.726 4.763 4.798 4.831 4.864 4.896 4.927 4.958 4.989 5.020 5.049 5.079 5.109 5.140 5.170 5.200 5.231 5.261 5.291 5.321 5.352 5.381 5.411 5.440 5.468 5.495 5.522 5.546 5.569 5.590 5.608 5.624 5.636 5.645 5.650 5.654 5.656 5.657 5.660 5.664 5.672 5.684 5.700 5.720 5.745 5.772 5.803 5.835 5.870 5.906 5.944
1.952 2.220 2.529 2.844 3.138 3.394 3.607 3.781 3.923 4.040 4.139 4.225 4.302 4.370 4.432 4.489 4.542 4.590 4.636 4.678 4.718 4.756 4.792 4.826 4.859 4.891 4.922 4.953 4.983 5.013 5.042 5.071 5.099 5.129 5.158 5.188 5.217 5.247 5.277 5.307 5.337 5.367 5.396 5.426 5.455 5.484 5.512 5.539 5.565 5.590 5.613 5.633 5.651 5.666 5.677 5.684 5.689 5.692 5.693 5.694 5.696 5.700 5.708 5.719 5.736 5.756 5.781 5.809 5.841 5.874 5.910 5.947
2.039 2.325 2.640 2.949 3.230 3.471 3.669 3.831 3.964 4.075 4.172 4.256 4.331 4.399 4.462 4.519 4.572 4.620 4.666 4.708 4.748 4.786 4.821 4.855 4.888 4.919 4.949 4.979 5.008 5.037 5.066 5.094 5.121 5.150 5.178 5.206 5.235 5.264 5.293 5.322 5.352 5.381 5.411 5.441 5.470 5.499 5.528 5.556 5.583 5.609 5.633 5.656 5.676 5.694 5.707 5.718 5.725 5.730 5.732 5.733 5.733 5.735 5.739 5.746 5.758 5.775 5.796 5.822 5.851 5.883 5.918 5.954
2.137 2.438 2.753 3.053 3.319 3.543 3.726 3.877 4.002 4.108 4.201 4.284 4.359 4.427 4.490 4.547 4.600 4.650 4.695 4.738 4.778 4.816 4.851 4.885 4.917 4.948 4.978 5.007 5.036 5.064 5.092 5.118 5.145 5.172 5.199 5.226 5.254 5.281 5.310 5.338 5.367 5.396 5.426 5.455 5.485 5.514 5.543 5.572 5.600 5.627 5.653 5.677 5.699 5.719 5.736 5.749 5.760 5.768 5.772 5.774 5.775 5.775 5.776 5.781 5.789 5.801 5.818 5.840 5.866 5.896 5.929 5.965
2.246 2.556 2.867 3.155 3.403 3.609 3.779 3.919 4.036 4.138 4.228 4.310 4.384 4.452 4.515 4.573 4.627 4.677 4.724 4.767 4.807 4.845 4.881 4.915 4.947 4.978 5.007 5.036 5.064 5.092 5.119 5.144 5.169 5.195 5.221 5.247 5.273 5.300 5.327 5.355 5.383 5.411 5.440 5.469 5.499 5.528 5.558 5.587 5.616 5.644 5.671 5.696 5.721 5.743 5.762 5.779 5.793 5.804 5.811 5.816 5.818 5.818 5.819 5.821 5.826 5.834 5.847 5.865 5.887 5.914 5.945 5.979
2.364 2.677 2.980 3.251 3.481 3.671 3.827 3.957 4.067 4.164 4.252 4.332 4.406 4.475 4.538 4.598 4.652 4.703 4.751 4.795 4.836 4.874 4.910 4.944 4.977 5.008 5.037 5.066 5.094 5.121 5.147 5.172 5.196 5.221 5.246 5.270 5.295 5.320 5.346 5.372 5.399 5.427 5.455 5.484 5.513 5.542 5.572 5.601 5.630 5.659 5.687 5.714 5.740 5.765 5.786 5.806 5.823 5.837 5.848 5.856 5.861 5.863 5.864 5.866 5.869 5.874 5.883 5.897 5.915 5.938 5.966 5.998
2.487 2.799 3.089 3.342 3.554 3.727 3.870 3.991 4.094 4.188 4.273 4.352 4.426 4.495 4.559 4.619 4.675 4.727 4.775 4.820 4.862 4.902 4.939 4.973 5.007 5.038 5.068 5.097 5.125 5.152 5.178 5.202 5.225 5.249 5.272 5.295 5.318 5.342 5.366 5.391 5.417 5.443 5.471 5.498 5.527 5.556 5.585 5.615 5.645 5.674 5.703 5.731 5.759 5.785 5.808 5.830 5.850 5.867 5.882 5.893 5.901 5.907 5.910 5.913 5.915 5.919 5.925 5.935 5.950 5.969 5.993 6.021
2.615 2.919 3.194 3.427 3.620 3.778 3.909 4.021 4.119 4.208 4.291 4.369 4.442 4.511 4.576 4.637 4.694 4.748 4.797 4.844 4.887 4.928 4.966 5.002 5.036 5.068 5.099 5.128 5.156 5.183 5.209 5.233 5.255 5.278 5.300 5.322 5.344 5.366 5.389 5.412 5.436 5.461 5.487 5.514 5.542 5.570 5.599 5.629 5.659 5.688 5.718 5.747 5.776 5.803 5.828 5.852 5.875 5.895 5.913 5.927 5.939 5.948 5.955 5.959 5.963 5.966 5.971 5.979 5.990 6.005 6.025 6.050
2.742 3.035 3.292 3.506 3.680 3.824 3.944 4.049 4.141 4.227 4.307 4.384 4.456 4.525 4.591 4.652 4.711 4.765 4.817 4.865 4.909 4.951 4.991 5.028 5.063 5.097 5.129 5.159 5.188 5.215 5.241 5.265 5.287 5.310 5.331 5.352 5.372 5.393 5.414 5.435 5.457 5.481 5.505 5.531 5.557 5.585 5.613 5.643 5.672 5.702 5.732 5.762 5.792 5.820 5.846 5.872 5.897 5.920 5.940 5.958 5.974 5.986 5.996 6.004 6.010 6.015 6.020 6.026 6.035 6.047 6.064 6.085
2.868 3.146 3.383 3.577 3.735 3.866 3.977 4.074 4.162 4.243 4.321 4.396 4.467 4.536 4.602 4.664 4.724 4.780 4.833 4.882 4.929 4.973 5.014 5.053 5.089 5.124 5.158 5.189 5.219 5.247 5.273 5.297 5.320 5.342 5.363 5.384 5.403 5.422 5.442 5.461 5.481 5.503 5.525 5.549 5.574 5.600 5.628 5.657 5.686 5.716 5.746 5.777 5.807 5.836 5.863 5.891 5.918 5.943 5.965 5.986 6.005 6.021 6.034 6.045 6.054 6.062 6.068 6.075 6.083 6.093 6.107 6.125
2.990 3.249 3.466 3.642 3.786 3.905 4.007 4.098 4.181 4.259 4.334 4.406 4.477 4.545 4.610 4.673 4.734 4.791 4.845 4.897 4.945 4.991 5.034 5.074 5.113 5.150 5.185 5.218 5.249 5.278 5.305 5.330 5.354 5.376 5.397 5.417 5.436 5.454 5.472 5.490 5.508 5.528 5.548 5.570 5.593 5.617 5.644 5.671 5.700 5.730 5.760 5.791 5.821 5.851 5.880 5.909 5.937 5.963 5.988 6.011 6.033 6.052 6.068 6.083 6.096 6.106 6.115 6.124 6.132 6.142 6.153 6.168
3.105 3.345 3.542 3.701 3.831 3.940 4.035 4.120 4.199 4.273 4.345 4.416 4.484 4.551 4.616 4.679 4.740 4.799 4.854 4.907 4.958 5.005 5.051 5.093 5.134 5.173 5.209 5.244 5.277 5.308 5.335 5.361 5.386 5.410 5.432 5.452 5.471 5.489 5.506 5.522 5.539 5.556 5.574 5.593 5.614 5.637 5.661 5.687 5.715 5.744 5.774 5.805 5.835 5.865 5.895 5.925 5.954 5.982 6.009 6.034 6.058 6.080 6.099 6.117 6.133 6.147 6.159 6.170 6.180 6.191 6.202 6.215
3.213 3.433 3.611 3.755 3.873 3.974 4.062 4.142 4.216 4.287 4.356 4.424 4.491 4.556 4.620 4.683 4.744 4.803 4.860 4.915 4.967 5.016 5.064 5.109 5.152 5.192 5.231 5.267 5.302 5.334 5.364 5.391 5.418 5.443 5.466 5.487 5.506 5.524 5.541 5.557 5.572 5.588 5.603 5.620 5.639 5.659 5.681 5.705 5.731 5.759 5.788 5.819 5.849 5.880 5.910 5.940 5.970 6.000 6.028 6.055 6.081 6.105 6.127 6.148 6.167 6.185 6.200 6.214 6.226 6.238 6.250 6.263
3.313 3.513 3.674 3.804 3.912 4.005 4.087 4.163 4.233 4.301 4.367 4.432 4.497 4.560 4.623 4.685 4.745 4.805 4.862 4.918 4.972 5.024 5.073 5.120 5.166 5.208 5.249 5.287 5.324 5.358 5.389 5.419 5.447 5.474 5.498 5.521 5.542 5.561 5.578 5.594 5.608 5.622 5.637 5.651 5.667 5.684 5.704 5.726 5.750 5.776 5.804 5.833 5.864 5.894 5.924 5.955 5.986 6.016 6.046 6.074 6.102 6.128 6.153 6.176 6.198 6.218 6.237 6.254 6.269 6.284 6.297 6.311
3.404 3.585 3.730 3.849 3.948 4.034 4.112 4.183 4.250 4.315 4.378 4.441 4.503 4.564 4.625 4.685 4.745 4.804 4.862 4.919 4.974 5.027 5.079 5.128 5.175 5.220 5.263 5.304 5.342 5.378 5.412 5.443 5.474 5.502 5.529 5.553 5.576 5.596 5.615 5.631 5.646 5.660 5.673 5.686 5.699 5.714 5.731 5.749 5.771 5.795 5.821 5.849 5.878 5.908 5.938 5.969 6.001 6.032 6.063 6.092 6.121 6.149 6.176 6.202 6.226 6.249 6.271 6.291 6.309 6.326 6.342 6.357
3.487 3.650 3.782 3.890 3.982 4.062 4.136 4.203 4.267 4.329 4.390 4.450 4.509 4.568 4.627 4.685 4.744 4.802 4.860 4.917 4.972 5.027 5.080 5.132 5.181 5.228 5.273 5.316 5.356 5.395 5.430 5.464 5.497 5.527 5.556 5.583 5.608 5.630 5.650 5.669 5.685 5.699 5.712 5.724 5.735 5.748 5.762 5.777 5.795 5.816 5.840 5.866 5.894 5.923 5.952 5.984 6.015 6.047 6.078 6.109 6.139 6.169 6.197 6.225 6.252 6.277 6.301 6.324 6.345 6.365 6.383 6.401
3.562 3.709 3.828 3.928 4.013 4.089 4.158 4.222 4.284 4.344 4.402 4.459 4.516 4.573 4.629 4.686 4.742 4.799 4.856 4.912 4.969 5.024 5.078 5.131 5.182 5.232 5.279 5.323 5.366 5.407 5.445 5.481 5.515 5.549 5.580 5.609 5.636 5.661 5.684 5.704 5.722 5.738 5.751 5.764 5.775 5.785 5.797 5.809 5.824 5.842 5.862 5.886 5.912 5.939 5.968 5.998 6.030 6.062 6.093 6.125 6.156 6.187 6.217 6.247 6.275 6.303 6.329 6.355 6.379 6.401 6.422 6.442
3.630 3.763 3.871 3.963 4.043 4.114 4.181 4.242 4.301 4.359 4.415 4.470 4.524 4.578 4.632 4.687 4.741 4.796 4.852 4.907 4.963 5.019 5.073 5.127 5.180 5.231 5.279 5.326 5.371 5.414 5.454 5.493 5.530 5.565 5.599 5.631 5.660 5.688 5.713 5.736 5.757 5.775 5.790 5.804 5.815 5.825 5.835 5.846 5.858 5.872 5.889 5.909 5.932 5.957 5.984 6.014 6.044 6.076 6.108 6.140 6.173 6.204 6.236 6.267 6.297 6.327 6.355 6.383 6.409 6.434 6.458 6.480
3.692 3.812 3.911 3.996 4.071 4.139 4.202 4.261 4.318 4.374 4.428 4.481 4.533 4.585 4.637 4.689 4.741 4.794 4.848 4.902 4.957 5.012 5.066 5.120 5.174 5.225 5.276 5.325 5.371 5.417 5.459 5.500 5.539 5.577 5.613 5.648 5.680 5.710 5.739 5.764 5.788 5.809 5.827 5.842 5.855 5.866 5.876 5.885 5.895 5.906 5.920 5.936 5.956 5.978 6.002 6.030 6.060 6.091 6.123 6.156 6.188 6.221 6.254 6.286 6.318 6.349 6.379 6.409 6.437 6.465 6.491 6.515
3.747 3.857 3.948 4.027 4.098 4.163 4.224 4.280 4.335 4.389 4.441 4.492 4.542 4.592 4.642 4.692 4.743 4.794 4.845 4.898 4.951 5.004 5.058 5.112 5.165 5.217 5.268 5.318 5.367 5.414 5.459 5.501 5.544 5.584 5.622 5.659 5.694 5.727 5.759 5.788 5.814 5.838 5.859 5.878 5.893 5.906 5.917 5.926 5.935 5.944 5.955 5.968 5.984 6.002 6.024 6.049 6.077 6.107 6.138 6.171 6.204 6.237 6.270 6.304 6.337 6.370 6.402 6.433 6.464 6.493 6.521 6.548
3.798 3.899 3.983 4.057 4.125 4.187 4.245 4.299 4.352 4.404 4.455 4.504 4.553 4.601 4.649 4.697 4.746 4.795 4.844 4.895 4.946 4.998 5.050 5.102 5.154 5.206 5.257 5.308 5.358 5.407 5.453 5.498 5.542 5.585 5.626 5.665 5.703 5.739 5.773 5.805 5.835 5.862 5.887 5.909 5.927 5.943 5.956 5.967 5.976 5.984 5.993 6.003 6.016 6.031 6.049 6.071 6.096 6.124 6.154 6.186 6.219 6.252 6.286 6.321 6.355 6.389 6.423 6.456 6.488 6.520 6.550 6.579
3.846 3.938 4.017 4.087 4.150 4.210 4.266 4.318 4.369 4.420 4.469 4.516 4.564 4.610 4.657 4.703 4.750 4.797 4.845 4.893 4.942 4.992 5.042 5.092 5.143 5.194 5.245 5.295 5.346 5.395 5.443 5.489 5.536 5.580 5.624 5.666 5.706 5.745 5.781 5.816 5.849 5.880 5.908 5.933 5.956 5.975 5.991 6.005 6.015 6.024 6.033 6.041 6.051 6.063 6.077 6.096 6.119 6.144 6.172 6.203 6.235 6.268 6.302 6.337 6.372 6.408 6.443 6.477 6.511 6.544 6.577 6.608
3.889 3.975 4.049 4.115 4.176 4.233 4.287 4.338 4.387 4.436 4.483 4.529 4.575 4.620 4.665 4.710 4.756 4.801 4.847 4.894 4.941 4.988 5.036 5.084 5.133 5.182 5.231 5.281 5.331 5.381 5.429 5.477 5.524 5.571 5.616 5.660 5.703 5.744 5.783 5.821 5.857 5.891 5.922 5.951 5.978 6.001 6.021 6.038 6.051 6.063 6.072 6.080 6.089 6.098 6.109 6.125 6.144 6.166 6.192 6.220 6.251 6.284 6.318 6.353 6.389 6.425 6.461 6.497 6.533 6.568 6.601 6.634
3.930 4.010 4.080 4.143 4.201 4.256 4.308 4.357 4.405 4.452 4.498 4.543 4.587 4.631 4.675 4.719 4.763 4.807 4.851 4.896 4.941 4.986 5.031 5.077 5.124 5.171 5.219 5.267 5.316 5.365 5.413 5.460 5.509 5.556 5.603 5.649 5.693 5.737 5.779 5.819 5.858 5.895 5.930 5.963 5.993 6.020 6.044 6.065 6.082 6.096 6.108 6.117 6.126 6.134 6.144 6.156 6.172 6.191 6.214 6.240 6.269 6.301 6.334 6.369 6.405 6.442 6.479 6.516 6.553 6.589 6.624 6.659
3.969 4.044 4.110 4.170 4.226 4.279 4.330 4.377 4.423 4.469 4.514 4.557 4.600 4.643 4.686 4.728 4.771 4.814 4.856 4.899 4.942 4.985 5.029 5.072 5.117 5.162 5.207 5.253 5.300 5.348 5.395 5.442 5.490 5.538 5.586 5.633 5.679 5.724 5.768 5.811 5.853 5.893 5.931 5.966 6.000 6.031 6.059 6.084 6.106 6.124 6.139 6.151 6.161 6.170 6.178 6.189 6.203 6.219 6.239 6.262 6.289 6.319 6.351 6.385 6.421 6.458 6.496 6.534 6.572 6.609 6.646 6.681
4.006 4.076 4.139 4.197 4.251 4.302 4.351 4.397 4.442 4.487 4.530 4.572 4.614 4.656 4.697 4.739 4.780 4.822 4.863 4.904 4.945 4.987 5.028 5.070 5.112 5.154 5.198 5.242 5.286 5.332 5.377 5.423 5.471 5.518 5.566 5.613 5.660 5.707 5.752 5.797 5.841 5.883 5.924 5.963 6.000 6.035 6.067 6.096 6.122 6.144 6.163 6.179 6.192 6.202 6.212 6.222 6.234 6.248 6.266 6.286 6.310 6.338 6.369 6.402 6.437 6.474 6.512 6.550 6.589 6.627 6.665 6.702
4.042 4.108 4.169 4.224 4.277 4.326 4.374 4.418 4.462 4.505 4.547 4.588 4.629 4.670 4.710 4.750 4.791 4.831 4.871 4.910 4.950 4.990 5.029 5.069 5.109 5.149 5.190 5.232 5.275 5.318 5.361 5.405 5.451 5.497 5.544 5.591 5.638 5.685 5.732 5.778 5.824 5.868 5.911 5.953 5.993 6.031 6.067 6.100 6.130 6.156 6.180 6.200 6.216 6.229 6.241 6.253 6.264 6.277 6.293 6.311 6.333 6.358 6.387 6.419 6.453 6.489 6.527 6.566 6.605 6.644 6.683 6.721
4.076 4.140 4.198 4.251 4.302 4.350 4.396 4.439 4.482 4.524 4.565 4.605 4.645 4.684 4.724 4.763 4.802 4.841 4.880 4.918 4.956 4.994 5.032 5.070 5.108 5.146 5.185 5.225 5.265 5.306 5.347 5.389 5.432 5.477 5.522 5.568 5.615 5.662 5.709 5.756 5.802 5.848 5.893 5.937 5.980 6.020 6.059 6.096 6.130 6.160 6.188 6.212 6.232 6.249 6.264 6.278 6.291 6.304 6.319 6.336 6.356 6.379 6.406 6.436 6.469 6.505 6.542 6.581 6.620 6.660 6.699 6.738
4.109 4.170 4.226 4.278 4.327 4.374 4.419 4.461 4.502 4.543 4.583 4.622 4.661 4.700 4.738 4.776 4.814 4.852 4.890 4.927 4.964 5.000 5.036 5.073 5.109 5.146 5.183 5.220 5.257 5.296 5.334 5.374 5.416 5.458 5.501 5.546 5.591 5.637 5.684 5.731 5.777 5.824 5.870 5.916 5.961 6.004 6.045 6.085 6.122 6.157 6.188 6.217 6.241 6.262 6.280 6.297 6.313 6.327 6.343 6.359 6.378 6.400 6.425 6.453 6.485 6.519 6.556 6.594 6.634 6.674 6.714 6.754
4.142 4.201 4.255 4.305 4.353 4.399 4.442 4.483 4.524 4.563 4.602 4.640 4.678 4.716 4.754 4.791 4.828 4.865 4.901 4.937 4.972 5.008 5.043 5.077 5.112 5.147 5.182 5.217 5.253 5.289 5.324 5.362 5.401 5.441 5.482 5.525 5.568 5.613 5.658 5.704 5.751 5.798 5.845 5.891 5.937 5.982 6.026 6.068 6.108 6.145 6.181 6.213 6.241 6.266 6.288 6.309 6.327 6.345 6.361 6.379 6.398 6.419 6.443 6.470 6.500 6.534 6.569 6.607 6.647 6.687 6.728 6.768
