TsunamiDB/out54131.asc
ncols          264
nrows          230
xllcorner      497853.4375
yllcorner      4229146.0000
cellsize         5.
NODATA_value   -99
[rows 136 to 169 of 230, columns 0 to 76 of 264]
5.594 5.607 5.621 5.634 5.647 5.659 5.672 5.684 5.695 5.706 5.717 5.727 5.738 5.749 5.760 5.771 5.782 5.792 5.804 5.815 5.826 5.838 5.850 5.863 5.877 5.891 5.906 5.921 5.938 5.956 5.975 5.995 6.014 6.035 6.056 6.079 6.102 6.125 6.149 6.172 6.195 6.217 6.238 6.258 6.278 6.296 6.313 6.330 6.346 6.360 6.375 6.388 6.402 6.415 6.427 6.439 6.449 6.460 6.471 6.482 6.493 6.503 6.514 6.525 6.536 6.547 6.558 6.569 6.580 6.590 6.601 6.612 6.622 6.633 6.644 6.654 6.665
5.603 5.617 5.630 5.643 5.656 5.669 5.681 5.694 5.705 5.716 5.727 5.737 5.748 5.759 5.770 5.780 5.791 5.801 5.812 5.823 5.833 5.844 5.856 5.867 5.879 5.892 5.905 5.919 5.934 5.950 5.967 5.984 6.002 6.020 6.040 6.061 6.083 6.105 6.128 6.151 6.175 6.198 6.220 6.242 6.263 6.284 6.303 6.321 6.339 6.355 6.371 6.386 6.400 6.414 6.428 6.440 6.451 6.462 6.473 6.484 6.495 6.506 6.517 6.528 6.539 6.550 6.561 6.572 6.583 6.594 6.605 6.615 6.626 6.637 6.647 6.658 6.669
5.612 5.626 5.639 5.653 5.666 5.678 5.691 5.704 5.715 5.726 5.737 5.747 5.758 5.769 5.780 5.790 5.801 5.811 5.821 5.831 5.842 5.852 5.863 5.873 5.884 5.896 5.908 5.920 5.934 5.948 5.963 5.978 5.993 6.009 6.027 6.046 6.066 6.086 6.108 6.131 6.153 6.177 6.200 6.223 6.245 6.267 6.288 6.308 6.328 6.346 6.364 6.380 6.396 6.412 6.426 6.438 6.451 6.463 6.474 6.486 6.497 6.509 6.520 6.531 6.542 6.553 6.564 6.575 6.586 6.597 6.608 6.619 6.629 6.640 6.651 6.662 6.673
5.621 5.635 5.649 5.662 5.675 5.688 5.701 5.713 5.725 5.736 5.746 5.757 5.768 5.779 5.790 5.800 5.811 5.821 5.831 5.841 5.851 5.861 5.871 5.881 5.891 5.902 5.913 5.924 5.936 5.949 5.962 5.975 5.988 6.002 6.018 6.034 6.052 6.071 6.091 6.112 6.133 6.155 6.178 6.201 6.224 6.247 6.269 6.291 6.312 6.332 6.352 6.370 6.388 6.405 6.421 6.435 6.448 6.461 6.474 6.486 6.498 6.510 6.522 6.533 6.545 6.556 6.567 6.578 6.589 6.600 6.611 6.622 6.633 6.644 6.654 6.665 6.677
5.631 5.644 5.658 5.671 5.684 5.697 5.710 5.723 5.735 5.745 5.756 5.767 5.778 5.789 5.800 5.810 5.821 5.831 5.841 5.851 5.861 5.871 5.880 5.890 5.900 5.910 5.920 5.930 5.941 5.952 5.964 5.976 5.987 6.000 6.013 6.028 6.043 6.060 6.077 6.096 6.116 6.136 6.157 6.179 6.202 6.225 6.247 6.270 6.293 6.314 6.335 6.356 6.376 6.395 6.412 6.428 6.442 6.457 6.471 6.484 6.497 6.510 6.522 6.534 6.546 6.558 6.569 6.580 6.592 6.603 6.614 6.625 6.636 6.647 6.658 6.669 6.680
5.640 5.654 5.667 5.681 5.694 5.707 5.720 5.733 5.744 5.755 5.766 5.777 5.788 5.799 5.810 5.821 5.831 5.841 5.852 5.861 5.871 5.881 5.890 5.900 5.909 5.919 5.928 5.938 5.948 5.958 5.969 5.979 5.989 6.000 6.012 6.025 6.038 6.053 6.068 6.085 6.102 6.120 6.140 6.160 6.181 6.203 6.225 6.248 6.270 6.293 6.315 6.337 6.359 6.379 6.399 6.416 6.433 6.449 6.464 6.479 6.493 6.507 6.520 6.533 6.546 6.558 6.570 6.582 6.593 6.605 6.616 6.627 6.639 6.650 6.661 6.672 6.683
5.650 5.664 5.677 5.690 5.704 5.717 5.729 5.742 5.754 5.765 5.776 5.787 5.799 5.810 5.820 5.831 5.842 5.852 5.862 5.872 5.882 5.891 5.901 5.910 5.919 5.928 5.938 5.947 5.956 5.966 5.976 5.985 5.994 6.004 6.014 6.025 6.037 6.050 6.063 6.078 6.093 6.109 6.126 6.144 6.163 6.183 6.204 6.226 6.248 6.270 6.293 6.315 6.338 6.360 6.381 6.400 6.419 6.437 6.454 6.470 6.486 6.502 6.516 6.530 6.544 6.557 6.570 6.582 6.594 6.606 6.618 6.629 6.641 6.652 6.663 6.674 6.686
5.660 5.674 5.687 5.701 5.714 5.727 5.739 5.752 5.764 5.775 5.786 5.797 5.809 5.820 5.831 5.842 5.852 5.863 5.873 5.883 5.893 5.902 5.912 5.921 5.930 5.939 5.948 5.957 5.966 5.975 5.984 5.993 6.001 6.010 6.019 6.029 6.040 6.051 6.062 6.075 6.088 6.102 6.117 6.133 6.150 6.168 6.186 6.206 6.226 6.248 6.269 6.292 6.314 6.337 6.359 6.380 6.400 6.420 6.439 6.457 6.475 6.492 6.508 6.524 6.539 6.553 6.567 6.581 6.593 6.606 6.618 6.630 6.642 6.654 6.665 6.677 6.688
5.672 5.685 5.698 5.711 5.724 5.737 5.750 5.763 5.774 5.785 5.796 5.808 5.819 5.830 5.841 5.852 5.863 5.873 5.884 5.894 5.903 5.913 5.923 5.932 5.941 5.950 5.959 5.968 5.976 5.985 5.994 6.002 6.010 6.018 6.027 6.035 6.045 6.055 6.065 6.076 6.087 6.100 6.113 6.126 6.141 6.157 6.173 6.191 6.209 6.228 6.248 6.269 6.291 6.313 6.335 6.356 6.378 6.399 6.419 6.439 6.459 6.478 6.496 6.514 6.530 6.546 6.562 6.576 6.590 6.604 6.617 6.630 6.642 6.654 6.666 6.678 6.690
5.684 5.697 5.710 5.723 5.735 5.748 5.761 5.773 5.785 5.796 5.807 5.818 5.830 5.841 5.852 5.863 5.874 5.884 5.895 5.905 5.915 5.924 5.934 5.943 5.952 5.961 5.970 5.979 5.987 5.996 6.005 6.013 6.020 6.028 6.035 6.044 6.052 6.061 6.070 6.080 6.090 6.101 6.112 6.124 6.137 6.150 6.165 6.180 6.196 6.213 6.231 6.250 6.270 6.291 6.312 6.332 6.354 6.375 6.396 6.418 6.439 6.459 6.479 6.499 6.517 6.535 6.552 6.569 6.584 6.599 6.613 6.627 6.641 6.653 6.666 6.678 6.691
5.697 5.710 5.722 5.735 5.748 5.760 5.773 5.785 5.796 5.807 5.818 5.829 5.841 5.852 5.863 5.874 5.885 5.895 5.906 5.916 5.926 5.936 5.945 5.955 5.964 5.973 5.982 5.990 5.999 6.008 6.016 6.024 6.031 6.038 6.045 6.053 6.061 6.069 6.078 6.087 6.096 6.105 6.115 6.126 6.137 6.148 6.161 6.174 6.188 6.203 6.219 6.235 6.253 6.272 6.291 6.310 6.330 6.351 6.372 6.394 6.415 6.437 6.458 6.479 6.500 6.519 6.538 6.556 6.574 6.590 6.606 6.622 6.636 6.650 6.664 6.677 6.690
5.711 5.724 5.736 5.748 5.761 5.773 5.785 5.797 5.808 5.819 5.830 5.841 5.852 5.863 5.874 5.885 5.896 5.907 5.917 5.927 5.937 5.947 5.957 5.966 5.976 5.985 5.994 6.002 6.011 6.020 6.028 6.036 6.042 6.049 6.057 6.064 6.071 6.079 6.087 6.095 6.103 6.112 6.121 6.130 6.140 6.150 6.161 6.173 6.185 6.197 6.211 6.226 6.241 6.258 6.275 6.292 6.310 6.329 6.349 6.370 6.391 6.412 6.434 6.456 6.478 6.499 6.519 6.540 6.559 6.577 6.595 6.612 6.628 6.644 6.659 6.673 6.687
5.727 5.739 5.751 5.763 5.775 5.787 5.799 5.810 5.821 5.831 5.842 5.853 5.864 5.875 5.886 5.897 5.908 5.918 5.929 5.939 5.949 5.959 5.969 5.978 5.988 5.997 6.006 6.015 6.023 6.032 6.040 6.048 6.055 6.061 6.068 6.076 6.083 6.090 6.098 6.105 6.113 6.121 6.129 6.137 6.146 6.155 6.165 6.175 6.185 6.196 6.208 6.221 6.234 6.249 6.263 6.278 6.294 6.311 6.329 6.348 6.368 6.389 6.410 6.431 6.453 6.475 6.497 6.518 6.539 6.560 6.579 6.598 6.616 6.633 6.650 6.666 6.682
5.743 5.755 5.766 5.778 5.790 5.801 5.813 5.824 5.834 5.844 5.855 5.866 5.877 5.888 5.898 5.909 5.920 5.930 5.941 5.951 5.961 5.971 5.981 5.990 6.000 6.009 6.018 6.027 6.036 6.044 6.053 6.060 6.067 6.074 6.081 6.088 6.095 6.102 6.109 6.116 6.124 6.131 6.139 6.146 6.154 6.162 6.171 6.180 6.189 6.199 6.209 6.220 6.232 6.245 6.257 6.270 6.283 6.298 6.314 6.331 6.349 6.367 6.387 6.408 6.429 6.450 6.472 6.494 6.516 6.538 6.559 6.579 6.599 6.618 6.637 6.655 6.672
5.760 5.772 5.783 5.794 5.806 5.817 5.829 5.839 5.849 5.859 5.869 5.880 5.890 5.901 5.911 5.922 5.932 5.943 5.953 5.963 5.973 5.983 5.993 6.003 6.012 6.021 6.031 6.040 6.048 6.057 6.066 6.073 6.080 6.087 6.093 6.100 6.107 6.114 6.121 6.128 6.135 6.142 6.149 6.157 6.164 6.172 6.179 6.187 6.196 6.204 6.214 6.223 6.234 6.244 6.255 6.266 6.278 6.290 6.304 6.318 6.334 6.351 6.369 6.387 6.407 6.427 6.448 6.470 6.491 6.513 6.535 6.557 6.578 6.599 6.619 6.639 6.658
5.778 5.789 5.800 5.811 5.822 5.834 5.845 5.855 5.864 5.874 5.884 5.894 5.904 5.915 5.925 5.935 5.946 5.956 5.966 5.976 5.986 5.996 6.006 6.015 6.025 6.034 6.043 6.052 6.061 6.070 6.079 6.086 6.093 6.100 6.107 6.113 6.120 6.127 6.134 6.141 6.148 6.154 6.161 6.168 6.175 6.182 6.189 6.197 6.204 6.212 6.220 6.229 6.238 6.248 6.257 6.266 6.276 6.287 6.299 6.311 6.325 6.339 6.355 6.371 6.389 6.407 6.426 6.447 6.467 6.489 6.510 6.532 6.554 6.576 6.598 6.619 6.640
5.795 5.807 5.818 5.829 5.840 5.851 5.861 5.871 5.880 5.890 5.900 5.909 5.919 5.929 5.939 5.950 5.960 5.970 5.980 5.989 5.999 6.009 6.019 6.028 6.038 6.047 6.056 6.065 6.074 6.083 6.092 6.099 6.106 6.113 6.120 6.127 6.134 6.141 6.147 6.154 6.161 6.167 6.174 6.180 6.187 6.194 6.200 6.207 6.214 6.222 6.229 6.237 6.245 6.254 6.262 6.270 6.279 6.288 6.298 6.309 6.320 6.333 6.346 6.360 6.376 6.392 6.409 6.427 6.446 6.466 6.487 6.508 6.530 6.552 6.574 6.596 6.618
5.813 5.824 5.835 5.846 5.857 5.868 5.878 5.888 5.897 5.906 5.916 5.925 5.935 5.945 5.955 5.964 5.974 5.984 5.994 6.003 6.013 6.023 6.032 6.042 6.051 6.060 6.069 6.079 6.088 6.097 6.105 6.112 6.119 6.126 6.133 6.140 6.147 6.154 6.161 6.167 6.174 6.180 6.187 6.193 6.200 6.206 6.213 6.219 6.226 6.233 6.240 6.247 6.254 6.262 6.270 6.276 6.284 6.292 6.301 6.310 6.320 6.331 6.342 6.355 6.368 6.382 6.397 6.413 6.430 6.448 6.467 6.486 6.507 6.528 6.550 6.572 6.594
5.830 5.841 5.852 5.863 5.874 5.885 5.896 5.905 5.914 5.923 5.932 5.942 5.951 5.961 5.970 5.980 5.989 5.999 6.008 6.018 6.027 6.036 6.046 6.055 6.065 6.074 6.083 6.092 6.101 6.110 6.118 6.126 6.133 6.140 6.147 6.154 6.161 6.168 6.174 6.181 6.188 6.194 6.200 6.207 6.213 6.219 6.225 6.232 6.238 6.244 6.251 6.258 6.265 6.272 6.279 6.285 6.291 6.299 6.306 6.314 6.323 6.332 6.342 6.353 6.364 6.377 6.390 6.403 6.418 6.434 6.451 6.469 6.487 6.507 6.527 6.549 6.570
5.846 5.858 5.869 5.880 5.891 5.902 5.913 5.922 5.931 5.940 5.949 5.958 5.968 5.977 5.986 5.995 6.005 6.014 6.023 6.032 6.041 6.051 6.060 6.069 6.078 6.087 6.097 6.106 6.115 6.124 6.132 6.139 6.146 6.153 6.160 6.168 6.175 6.181 6.188 6.195 6.201 6.208 6.214 6.220 6.226 6.232 6.238 6.245 6.251 6.257 6.263 6.270 6.277 6.283 6.289 6.294 6.301 6.307 6.314 6.321 6.329 6.337 6.346 6.355 6.365 6.375 6.387 6.399 6.412 6.425 6.440 6.456 6.472 6.490 6.509 6.529 6.549
5.862 5.873 5.885 5.896 5.907 5.918 5.929 5.939 5.948 5.957 5.966 5.975 5.984 5.993 6.002 6.011 6.020 6.029 6.038 6.047 6.056 6.065 6.074 6.083 6.092 6.101 6.110 6.119 6.128 6.137 6.145 6.153 6.160 6.167 6.174 6.181 6.188 6.195 6.202 6.209 6.215 6.222 6.228 6.234 6.240 6.246 6.252 6.258 6.264 6.270 6.276 6.282 6.289 6.295 6.300 6.305 6.311 6.317 6.323 6.330 6.337 6.344 6.352 6.360 6.368 6.378 6.387 6.398 6.409 6.421 6.434 6.448 6.462 6.478 6.495 6.513 6.531
5.876 5.888 5.900 5.911 5.922 5.933 5.944 5.954 5.963 5.972 5.982 5.991 6.000 6.009 6.018 6.027 6.036 6.045 6.053 6.062 6.071 6.080 6.089 6.097 6.106 6.115 6.124 6.133 6.142 6.151 6.159 6.166 6.173 6.180 6.188 6.195 6.202 6.209 6.216 6.223 6.229 6.236 6.242 6.248 6.254 6.260 6.266 6.272 6.277 6.283 6.289 6.295 6.302 6.307 6.312 6.317 6.322 6.328 6.334 6.340 6.346 6.352 6.359 6.367 6.374 6.382 6.391 6.400 6.410 6.420 6.432 6.444 6.457 6.471 6.485 6.502 6.518
5.891 5.902 5.914 5.925 5.937 5.948 5.959 5.969 5.978 5.988 5.997 6.006 6.016 6.025 6.034 6.043 6.051 6.060 6.069 6.077 6.086 6.094 6.103 6.112 6.120 6.129 6.138 6.147 6.155 6.164 6.172 6.179 6.187 6.194 6.201 6.208 6.216 6.223 6.230 6.236 6.243 6.249 6.256 6.262 6.268 6.274 6.280 6.285 6.291 6.297 6.303 6.309 6.315 6.320 6.325 6.329 6.334 6.339 6.345 6.350 6.356 6.362 6.369 6.375 6.382 6.389 6.397 6.405 6.414 6.423 6.433 6.443 6.455 6.467 6.480 6.494 6.509
5.905 5.917 5.928 5.939 5.950 5.961 5.973 5.983 5.992 6.002 6.011 6.021 6.030 6.039 6.049 6.057 6.066 6.075 6.083 6.092 6.100 6.109 6.117 6.126 6.134 6.143 6.151 6.160 6.169 6.177 6.185 6.193 6.200 6.207 6.214 6.222 6.229 6.236 6.243 6.250 6.257 6.263 6.269 6.276 6.282 6.288 6.293 6.299 6.305 6.310 6.316 6.322 6.328 6.333 6.337 6.342 6.347 6.351 6.357 6.362 6.367 6.373 6.379 6.385 6.391 6.398 6.404 6.412 6.419 6.428 6.436 6.446 6.456 6.467 6.478 6.491 6.504
5.920 5.931 5.942 5.953 5.964 5.975 5.986 5.996 6.005 6.015 6.025 6.034 6.044 6.053 6.063 6.072 6.081 6.089 6.098 6.106 6.115 6.123 6.131 6.140 6.148 6.156 6.165 6.173 6.182 6.190 6.198 6.205 6.213 6.220 6.227 6.235 6.242 6.249 6.256 6.263 6.270 6.277 6.283 6.289 6.295 6.301 6.307 6.313 6.318 6.324 6.330 6.335 6.341 6.346 6.350 6.355 6.359 6.364 6.369 6.374 6.379 6.384 6.390 6.395 6.401 6.407 6.413 6.420 6.427 6.434 6.442 6.450 6.459 6.469 6.479 6.491 6.502
5.936 5.946 5.956 5.966 5.977 5.988 5.998 6.008 6.018 6.027 6.037 6.047 6.057 6.066 6.076 6.085 6.094 6.103 6.112 6.120 6.128 6.137 6.145 6.153 6.161 6.170 6.178 6.186 6.195 6.203 6.211 6.218 6.225 6.233 6.240 6.247 6.255 6.262 6.269 6.276 6.283 6.290 6.296 6.303 6.309 6.315 6.321 6.326 6.332 6.338 6.343 6.349 6.354 6.359 6.363 6.368 6.372 6.377 6.381 6.386 6.391 6.396 6.401 6.406 6.412 6.417 6.423 6.429 6.435 6.442 6.449 6.456 6.464 6.473 6.482 6.493 6.503
5.953 5.962 5.971 5.981 5.991 6.001 6.011 6.021 6.030 6.039 6.049 6.059 6.069 6.079 6.088 6.098 6.107 6.116 6.125 6.133 6.142 6.150 6.158 6.166 6.174 6.182 6.191 6.199 6.207 6.216 6.223 6.230 6.237 6.245 6.252 6.260 6.267 6.274 6.282 6.289 6.296 6.303 6.309 6.316 6.322 6.328 6.334 6.340 6.345 6.351 6.356 6.362 6.368 6.372 6.377 6.381 6.385 6.389 6.394 6.398 6.403 6.408 6.413 6.418 6.423 6.428 6.433 6.439 6.445 6.451 6.457 6.464 6.471 6.479 6.487 6.496 6.506
5.971 5.979 5.987 5.996 6.005 6.015 6.024 6.033 6.042 6.051 6.061 6.071 6.080 6.090 6.100 6.109 6.119 6.128 6.137 6.145 6.154 6.162 6.171 6.179 6.187 6.195 6.203 6.211 6.219 6.228 6.235 6.242 6.249 6.256 6.264 6.271 6.279 6.286 6.294 6.301 6.308 6.315 6.322 6.328 6.335 6.341 6.347 6.353 6.359 6.364 6.370 6.375 6.381 6.386 6.390 6.394 6.398 6.402 6.406 6.411 6.415 6.420 6.424 6.429 6.434 6.439 6.444 6.449 6.455 6.460 6.466 6.472 6.479 6.486 6.493 6.502 6.510
5.990 5.997 6.005 6.013 6.021 6.029 6.038 6.047 6.055 6.063 6.072 6.082 6.092 6.101 6.111 6.120 6.130 6.139 6.148 6.157 6.166 6.174 6.182 6.191 6.199 6.207 6.215 6.223 6.231 6.239 6.247 6.253 6.260 6.268 6.275 6.282 6.290 6.297 6.305 6.312 6.319 6.327 6.334 6.340 6.347 6.353 6.359 6.365 6.371 6.377 6.383 6.388 6.394 6.399 6.403 6.407 6.411 6.415 6.419 6.423 6.427 6.432 6.436 6.441 6.446 6.450 6.455 6.460 6.465 6.470 6.476 6.481 6.487 6.494 6.501 6.508 6.516
6.011 6.018 6.024 6.031 6.038 6.046 6.054 6.061 6.068 6.076 6.085 6.094 6.103 6.112 6.122 6.131 6.140 6.150 6.159 6.168 6.177 6.185 6.194 6.202 6.210 6.218 6.226 6.234 6.242 6.250 6.258 6.264 6.271 6.278 6.286 6.293 6.301 6.308 6.316 6.323 6.330 6.338 6.345 6.352 6.358 6.365 6.371 6.378 6.384 6.389 6.395 6.401 6.406 6.411 6.415 6.419 6.423 6.427 6.431 6.435 6.440 6.444 6.448 6.453 6.457 6.462 6.466 6.471 6.476 6.480 6.486 6.491 6.496 6.502 6.509 6.516 6.522
6.033 6.039 6.045 6.051 6.057 6.064 6.071 6.076 6.083 6.090 6.097 6.106 6.114 6.123 6.132 6.142 6.151 6.160 6.169 6.178 6.187 6.196 6.204 6.212 6.221 6.229 6.237 6.245 6.253 6.261 6.268 6.275 6.282 6.289 6.296 6.303 6.311 6.318 6.326 6.333 6.341 6.348 6.355 6.362 6.369 6.376 6.383 6.389 6.395 6.401 6.407 6.413 6.419 6.424 6.428 6.432 6.436 6.440 6.444 6.448 6.452 6.456 6.460 6.465 6.469 6.473 6.478 6.482 6.486 6.491 6.496 6.501 6.506 6.511 6.517 6.524 6.530
6.055 6.061 6.066 6.072 6.077 6.083 6.089 6.093 6.099 6.105 6.112 6.119 6.127 6.135 6.144 6.152 6.161 6.170 6.179 6.188 6.197 6.206 6.214 6.223 6.231 6.239 6.247 6.255 6.263 6.271 6.278 6.285 6.292 6.299 6.306 6.313 6.320 6.328 6.335 6.343 6.350 6.358 6.365 6.372 6.380 6.386 6.393 6.400 6.406 6.412 6.419 6.425 6.430 6.436 6.440 6.444 6.448 6.452 6.456 6.460 6.464 6.468 6.472 6.476 6.481 6.485 6.489 6.493 6.497 6.502 6.506 6.511 6.516 6.521 6.526 6.532 6.538
6.076 6.082 6.088 6.093 6.099 6.104 6.108 6.112 6.116 6.122 6.127 6.134 6.140 6.148 6.155 6.164 6.172 6.181 6.189 6.198 6.207 6.215 6.224 6.232 6.241 6.249 6.257 6.265 6.273 6.281 6.288 6.295 6.301 6.308 6.315 6.322 6.330 6.337 6.345 6.352 6.360 6.367 6.375 6.382 6.389 6.396 6.403 6.410 6.417 6.423 6.429 6.436 6.442 6.447 6.451 6.455 6.459 6.464 6.468 6.472 6.476 6.480 6.484 6.488 6.492 6.496 6.500 6.504 6.508 6.513 6.517 6.521 6.526 6.531 6.536 6.541 6.546
6.097 6.104 6.110 6.115 6.120 6.125 6.129 6.132 6.136 6.140 6.144 6.150 6.155 6.162 6.169 6.176 6.183 6.191 6.200 6.208 6.217 6.225 6.234 6.242 6.250 6.259 6.267 6.275 6.283 6.291 6.298 6.304 6.311 6.317 6.324 6.331 6.339 6.346 6.353 6.361 6.368 6.376 6.383 6.391 6.398 6.405 6.412 6.419 6.426 6.433 6.440 6.446 6.452 6.458 6.462 6.466 6.471 6.475 6.479 6.483 6.487 6.492 6.496 6.500 6.504 6.508 6.512 6.516 6.519 6.523 6.528 6.532 6.536 6.541 6.545 6.551 6.555
