TsunamiDB/out54095.asc
ncols          264
nrows          230
xllcorner      497853.4375
yllcorner      4229146.0000
cellsize         5.
NODATA_value   -99
[rows 170 to 203 of 230, columns 154 to 230 of 264]
6.971 6.983 6.994 7.005 7.016 7.027 7.037 7.047 7.055 7.060 7.061 7.057 7.055 7.060 7.068 7.083 7.109 7.149 7.199 7.260 7.329 7.401 7.471 7.526 7.587 7.670 7.751 7.832 7.907 7.979 8.047 8.107 8.160 8.194 8.229 8.279 8.326 8.371 8.410 8.447 8.479 8.507 8.532 8.549 8.565 8.588 8.611 8.633 8.653 8.673 8.693 8.711 8.729 8.740 8.751 8.769 8.788 8.806 8.822 8.837 8.852 8.864 8.875 8.882 8.889 8.899 8.909 8.918 8.927 8.935 8.943 8.951 8.959 8.963 8.967 8.975 8.984
6.982 6.994 7.005 7.017 7.028 7.040 7.051 7.061 7.070 7.076 7.078 7.076 7.075 7.081 7.092 7.109 7.137 7.178 7.229 7.289 7.358 7.431 7.503 7.558 7.620 7.704 7.787 7.868 7.943 8.015 8.081 8.139 8.190 8.222 8.255 8.302 8.347 8.389 8.427 8.461 8.492 8.519 8.543 8.559 8.575 8.597 8.618 8.639 8.658 8.677 8.695 8.713 8.731 8.741 8.752 8.769 8.787 8.804 8.820 8.835 8.848 8.860 8.871 8.877 8.882 8.892 8.901 8.909 8.917 8.925 8.933 8.940 8.948 8.952 8.955 8.963 8.972
6.993 7.005 7.017 7.029 7.041 7.053 7.064 7.075 7.085 7.093 7.096 7.095 7.096 7.105 7.117 7.136 7.166 7.207 7.257 7.317 7.387 7.461 7.535 7.590 7.653 7.739 7.822 7.903 7.978 8.048 8.113 8.170 8.217 8.247 8.279 8.324 8.366 8.406 8.442 8.474 8.504 8.531 8.554 8.569 8.584 8.606 8.626 8.646 8.664 8.682 8.699 8.716 8.733 8.743 8.754 8.771 8.788 8.805 8.820 8.833 8.846 8.857 8.867 8.872 8.877 8.886 8.894 8.902 8.909 8.916 8.923 8.930 8.938 8.941 8.945 8.953 8.961
7.005 7.017 7.029 7.042 7.054 7.067 7.079 7.091 7.102 7.110 7.115 7.116 7.118 7.129 7.144 7.164 7.195 7.236 7.286 7.345 7.415 7.492 7.567 7.623 7.687 7.773 7.857 7.936 8.010 8.079 8.143 8.197 8.242 8.271 8.301 8.343 8.383 8.422 8.456 8.487 8.517 8.542 8.565 8.579 8.594 8.614 8.634 8.653 8.670 8.687 8.704 8.720 8.737 8.747 8.757 8.773 8.790 8.805 8.820 8.833 8.844 8.855 8.864 8.868 8.873 8.881 8.888 8.895 8.902 8.908 8.915 8.922 8.929 8.933 8.936 8.944 8.952
7.017 7.029 7.042 7.055 7.068 7.081 7.094 7.107 7.119 7.129 7.135 7.138 7.142 7.154 7.171 7.191 7.223 7.265 7.314 7.374 7.444 7.520 7.599 7.656 7.720 7.806 7.889 7.967 8.040 8.108 8.170 8.222 8.266 8.293 8.321 8.361 8.400 8.437 8.470 8.500 8.529 8.554 8.576 8.590 8.603 8.623 8.642 8.660 8.677 8.693 8.709 8.725 8.742 8.751 8.761 8.777 8.793 8.807 8.821 8.833 8.844 8.854 8.862 8.866 8.870 8.877 8.884 8.890 8.896 8.902 8.908 8.915 8.922 8.926 8.929 8.937 8.945
7.029 7.042 7.055 7.068 7.082 7.095 7.109 7.123 7.137 7.148 7.156 7.160 7.166 7.180 7.197 7.219 7.251 7.292 7.341 7.401 7.471 7.549 7.632 7.690 7.753 7.838 7.921 7.998 8.070 8.137 8.197 8.248 8.289 8.314 8.340 8.379 8.416 8.452 8.484 8.514 8.542 8.566 8.587 8.600 8.613 8.632 8.651 8.669 8.685 8.700 8.715 8.731 8.748 8.757 8.766 8.782 8.797 8.810 8.823 8.835 8.845 8.854 8.861 8.865 8.868 8.874 8.881 8.887 8.892 8.898 8.904 8.910 8.918 8.921 8.924 8.932 8.940
7.041 7.054 7.068 7.082 7.096 7.111 7.125 7.140 7.155 7.168 7.177 7.183 7.189 7.205 7.223 7.245 7.277 7.319 7.369 7.429 7.499 7.584 7.669 7.724 7.786 7.871 7.952 8.028 8.098 8.164 8.223 8.270 8.309 8.333 8.359 8.396 8.432 8.466 8.498 8.528 8.555 8.578 8.598 8.611 8.623 8.642 8.660 8.677 8.693 8.708 8.722 8.738 8.755 8.764 8.772 8.787 8.801 8.814 8.826 8.837 8.847 8.855 8.861 8.864 8.867 8.873 8.879 8.884 8.890 8.895 8.900 8.907 8.915 8.918 8.921 8.928 8.936
7.054 7.068 7.082 7.096 7.111 7.126 7.142 7.158 7.174 7.188 7.198 7.205 7.214 7.230 7.249 7.272 7.305 7.347 7.399 7.461 7.536 7.622 7.703 7.757 7.818 7.902 7.981 8.056 8.125 8.189 8.245 8.290 8.328 8.352 8.376 8.412 8.448 8.481 8.512 8.541 8.567 8.590 8.610 8.622 8.633 8.652 8.669 8.686 8.702 8.717 8.731 8.747 8.763 8.771 8.779 8.793 8.806 8.818 8.829 8.840 8.849 8.856 8.862 8.864 8.867 8.872 8.878 8.883 8.888 8.894 8.899 8.906 8.914 8.916 8.919 8.926 8.934
7.067 7.081 7.096 7.111 7.126 7.142 7.159 7.176 7.193 7.208 7.220 7.229 7.238 7.256 7.276 7.300 7.334 7.378 7.431 7.496 7.573 7.657 7.734 7.787 7.848 7.930 8.009 8.082 8.149 8.210 8.264 8.308 8.347 8.370 8.393 8.429 8.464 8.496 8.526 8.554 8.579 8.601 8.621 8.633 8.644 8.662 8.680 8.696 8.712 8.727 8.741 8.757 8.772 8.779 8.786 8.799 8.812 8.823 8.833 8.843 8.851 8.857 8.863 8.865 8.867 8.872 8.878 8.883 8.888 8.894 8.900 8.906 8.914 8.916 8.918 8.926 8.933
7.080 7.095 7.110 7.126 7.142 7.159 7.176 7.194 7.213 7.229 7.242 7.252 7.263 7.282 7.303 7.328 7.364 7.409 7.465 7.531 7.608 7.689 7.764 7.816 7.876 7.957 8.034 8.106 8.172 8.230 8.282 8.326 8.364 8.387 8.410 8.445 8.479 8.511 8.541 8.567 8.592 8.613 8.633 8.644 8.655 8.673 8.690 8.707 8.722 8.737 8.752 8.766 8.780 8.787 8.793 8.806 8.817 8.828 8.837 8.846 8.853 8.859 8.865 8.867 8.868 8.874 8.879 8.884 8.890 8.895 8.901 8.908 8.914 8.916 8.919 8.926 8.933
7.095 7.110 7.125 7.141 7.158 7.176 7.194 7.213 7.232 7.250 7.264 7.275 7.288 7.308 7.331 7.358 7.395 7.442 7.499 7.565 7.641 7.718 7.792 7.844 7.902 7.982 8.058 8.128 8.192 8.249 8.300 8.343 8.382 8.404 8.426 8.461 8.495 8.526 8.554 8.580 8.604 8.626 8.645 8.656 8.666 8.684 8.701 8.718 8.733 8.748 8.762 8.776 8.789 8.795 8.801 8.812 8.823 8.833 8.841 8.849 8.856 8.862 8.867 8.869 8.870 8.876 8.881 8.886 8.892 8.897 8.903 8.909 8.916 8.918 8.920 8.927 8.933
7.109 7.125 7.141 7.157 7.175 7.193 7.212 7.232 7.252 7.271 7.287 7.300 7.314 7.335 7.360 7.388 7.427 7.475 7.531 7.596 7.669 7.745 7.818 7.869 7.927 8.005 8.080 8.149 8.211 8.267 8.317 8.361 8.399 8.421 8.442 8.477 8.510 8.541 8.568 8.594 8.617 8.638 8.657 8.668 8.678 8.695 8.713 8.730 8.745 8.759 8.773 8.786 8.797 8.803 8.808 8.819 8.828 8.837 8.845 8.852 8.858 8.864 8.870 8.871 8.873 8.878 8.884 8.889 8.894 8.900 8.906 8.912 8.918 8.920 8.922 8.928 8.934
7.125 7.141 7.157 7.174 7.192 7.211 7.231 7.252 7.273 7.293 7.310 7.323 7.339 7.362 7.389 7.418 7.458 7.506 7.562 7.625 7.696 7.770 7.843 7.894 7.951 8.028 8.101 8.169 8.230 8.284 8.334 8.378 8.416 8.437 8.459 8.493 8.526 8.556 8.583 8.607 8.630 8.651 8.670 8.680 8.690 8.708 8.725 8.741 8.756 8.770 8.783 8.795 8.806 8.811 8.816 8.825 8.834 8.842 8.849 8.855 8.861 8.867 8.873 8.874 8.876 8.881 8.887 8.892 8.898 8.903 8.909 8.914 8.920 8.922 8.924 8.930 8.936
7.141 7.157 7.174 7.191 7.210 7.230 7.250 7.271 7.293 7.314 7.332 7.347 7.364 7.389 7.417 7.448 7.488 7.537 7.591 7.652 7.722 7.795 7.868 7.919 7.975 8.051 8.123 8.189 8.248 8.302 8.352 8.395 8.433 8.453 8.475 8.509 8.541 8.570 8.596 8.621 8.643 8.664 8.683 8.693 8.702 8.720 8.737 8.753 8.767 8.781 8.793 8.804 8.814 8.818 8.822 8.831 8.839 8.846 8.853 8.859 8.865 8.870 8.876 8.877 8.879 8.884 8.890 8.895 8.901 8.906 8.912 8.917 8.923 8.924 8.926 8.932 8.938
7.159 7.175 7.192 7.210 7.228 7.248 7.270 7.292 7.314 7.336 7.355 7.371 7.389 7.416 7.446 7.478 7.518 7.566 7.619 7.679 7.747 7.819 7.892 7.943 7.999 8.073 8.144 8.209 8.266 8.320 8.368 8.411 8.449 8.469 8.490 8.524 8.555 8.584 8.610 8.634 8.656 8.676 8.696 8.705 8.715 8.732 8.748 8.764 8.778 8.791 8.803 8.813 8.822 8.825 8.829 8.836 8.844 8.851 8.857 8.862 8.868 8.873 8.879 8.880 8.882 8.888 8.893 8.899 8.904 8.909 8.915 8.920 8.926 8.927 8.929 8.934 8.940
7.177 7.194 7.210 7.228 7.248 7.268 7.290 7.312 7.335 7.357 7.377 7.395 7.414 7.442 7.473 7.506 7.547 7.594 7.646 7.705 7.770 7.843 7.917 7.968 8.022 8.096 8.164 8.228 8.285 8.338 8.386 8.428 8.465 8.486 8.506 8.539 8.570 8.599 8.624 8.648 8.670 8.690 8.709 8.719 8.728 8.745 8.761 8.775 8.789 8.801 8.813 8.822 8.830 8.833 8.835 8.842 8.849 8.855 8.861 8.866 8.872 8.877 8.883 8.884 8.886 8.891 8.897 8.902 8.908 8.913 8.918 8.923 8.929 8.930 8.932 8.937 8.942
7.197 7.213 7.230 7.248 7.267 7.288 7.310 7.333 7.356 7.379 7.399 7.417 7.437 7.467 7.499 7.533 7.574 7.621 7.673 7.730 7.794 7.870 7.945 7.994 8.046 8.118 8.186 8.247 8.304 8.356 8.403 8.445 8.482 8.501 8.521 8.554 8.585 8.614 8.639 8.662 8.684 8.704 8.724 8.732 8.741 8.757 8.773 8.787 8.800 8.812 8.823 8.831 8.837 8.839 8.842 8.848 8.854 8.860 8.865 8.871 8.876 8.881 8.887 8.888 8.890 8.895 8.901 8.906 8.912 8.917 8.922 8.927 8.932 8.934 8.935 8.940 8.945
7.218 7.234 7.251 7.269 7.288 7.309 7.331 7.354 7.377 7.399 7.419 7.438 7.461 7.493 7.526 7.561 7.602 7.649 7.700 7.758 7.824 7.899 7.971 8.019 8.071 8.141 8.207 8.268 8.323 8.374 8.421 8.462 8.498 8.517 8.537 8.569 8.600 8.629 8.654 8.677 8.699 8.719 8.738 8.746 8.754 8.770 8.785 8.798 8.810 8.821 8.831 8.838 8.844 8.846 8.848 8.853 8.859 8.865 8.870 8.875 8.880 8.885 8.891 8.892 8.894 8.899 8.905 8.910 8.916 8.921 8.926 8.931 8.936 8.937 8.938 8.943 8.947
7.240 7.256 7.273 7.290 7.309 7.330 7.352 7.375 7.398 7.419 7.439 7.460 7.485 7.519 7.553 7.589 7.632 7.679 7.730 7.788 7.855 7.927 7.997 8.044 8.095 8.163 8.228 8.288 8.342 8.393 8.438 8.479 8.515 8.534 8.552 8.585 8.616 8.644 8.669 8.693 8.714 8.734 8.752 8.760 8.767 8.782 8.796 8.809 8.820 8.830 8.838 8.845 8.851 8.852 8.854 8.859 8.864 8.870 8.875 8.880 8.885 8.890 8.895 8.896 8.898 8.903 8.909 8.914 8.920 8.925 8.930 8.935 8.940 8.940 8.941 8.946 8.950
7.264 7.279 7.296 7.313 7.331 7.352 7.373 7.396 7.417 7.438 7.459 7.483 7.510 7.545 7.581 7.619 7.662 7.709 7.761 7.820 7.886 7.955 8.023 8.069 8.119 8.187 8.251 8.310 8.363 8.412 8.456 8.496 8.532 8.550 8.568 8.601 8.632 8.660 8.685 8.709 8.730 8.749 8.766 8.773 8.780 8.794 8.808 8.819 8.829 8.838 8.845 8.852 8.857 8.858 8.860 8.865 8.870 8.875 8.880 8.884 8.889 8.894 8.899 8.900 8.902 8.907 8.913 8.919 8.924 8.929 8.934 8.939 8.943 8.944 8.944 8.948 8.952
7.288 7.304 7.319 7.336 7.354 7.374 7.394 7.415 7.437 7.458 7.481 7.506 7.536 7.573 7.611 7.650 7.694 7.743 7.795 7.852 7.915 7.983 8.049 8.096 8.145 8.212 8.275 8.333 8.385 8.432 8.474 8.514 8.549 8.567 8.585 8.618 8.649 8.677 8.702 8.725 8.746 8.764 8.780 8.786 8.793 8.806 8.818 8.829 8.838 8.846 8.852 8.858 8.863 8.865 8.866 8.871 8.875 8.880 8.885 8.889 8.894 8.899 8.904 8.905 8.906 8.912 8.917 8.923 8.929 8.934 8.938 8.943 8.947 8.947 8.948 8.951 8.955
7.314 7.329 7.344 7.360 7.377 7.395 7.414 7.435 7.456 7.478 7.503 7.531 7.564 7.602 7.642 7.682 7.728 7.777 7.828 7.883 7.944 8.011 8.077 8.124 8.173 8.239 8.302 8.358 8.407 8.452 8.493 8.532 8.568 8.585 8.602 8.635 8.666 8.694 8.718 8.741 8.761 8.779 8.794 8.799 8.805 8.817 8.828 8.838 8.846 8.853 8.859 8.865 8.870 8.871 8.872 8.876 8.881 8.886 8.890 8.894 8.899 8.903 8.908 8.909 8.910 8.916 8.922 8.928 8.933 8.938 8.943 8.947 8.950 8.951 8.951 8.954 8.957
7.341 7.355 7.369 7.384 7.400 7.416 7.434 7.455 7.476 7.499 7.526 7.558 7.592 7.632 7.673 7.715 7.763 7.811 7.861 7.915 7.974 8.040 8.108 8.155 8.203 8.269 8.331 8.384 8.431 8.474 8.513 8.551 8.586 8.603 8.620 8.653 8.684 8.711 8.735 8.757 8.776 8.793 8.807 8.812 8.816 8.827 8.838 8.847 8.854 8.860 8.866 8.871 8.876 8.877 8.877 8.882 8.887 8.891 8.895 8.899 8.903 8.908 8.913 8.914 8.915 8.921 8.927 8.932 8.938 8.942 8.947 8.951 8.954 8.954 8.954 8.956 8.959
7.367 7.381 7.394 7.408 7.422 7.437 7.455 7.475 7.497 7.522 7.552 7.585 7.622 7.662 7.704 7.749 7.797 7.846 7.895 7.947 8.006 8.072 8.142 8.189 8.236 8.302 8.361 8.412 8.456 8.496 8.534 8.570 8.606 8.622 8.638 8.671 8.701 8.728 8.751 8.772 8.791 8.806 8.819 8.823 8.827 8.837 8.846 8.854 8.861 8.867 8.872 8.877 8.882 8.882 8.883 8.887 8.892 8.896 8.900 8.904 8.908 8.912 8.918 8.919 8.920 8.925 8.931 8.937 8.942 8.947 8.951 8.954 8.957 8.957 8.956 8.959 8.961
7.395 7.407 7.419 7.431 7.445 7.459 7.475 7.495 7.517 7.545 7.577 7.613 7.651 7.692 7.735 7.782 7.832 7.882 7.931 7.984 8.041 8.106 8.178 8.226 8.272 8.336 8.393 8.441 8.483 8.521 8.556 8.591 8.626 8.642 8.658 8.690 8.719 8.744 8.767 8.787 8.805 8.819 8.831 8.834 8.837 8.846 8.854 8.862 8.868 8.873 8.878 8.883 8.888 8.888 8.889 8.893 8.897 8.901 8.905 8.909 8.912 8.917 8.922 8.923 8.924 8.930 8.936 8.941 8.946 8.951 8.955 8.958 8.960 8.960 8.959 8.961 8.963
7.422 7.433 7.443 7.454 7.467 7.480 7.496 7.515 7.539 7.569 7.604 7.641 7.681 7.724 7.767 7.815 7.868 7.919 7.969 8.022 8.078 8.144 8.220 8.268 8.313 8.374 8.428 8.473 8.511 8.547 8.579 8.612 8.648 8.663 8.678 8.709 8.737 8.762 8.783 8.803 8.819 8.833 8.843 8.845 8.847 8.855 8.863 8.869 8.875 8.880 8.885 8.889 8.894 8.894 8.894 8.898 8.903 8.907 8.910 8.914 8.917 8.922 8.928 8.929 8.930 8.935 8.941 8.946 8.950 8.955 8.959 8.962 8.964 8.963 8.962 8.963 8.965
7.448 7.458 7.467 7.478 7.489 7.502 7.518 7.538 7.564 7.596 7.631 7.670 7.712 7.756 7.800 7.851 7.905 7.958 8.011 8.065 8.120 8.194 8.273 8.316 8.356 8.414 8.463 8.505 8.541 8.573 8.603 8.637 8.673 8.686 8.700 8.730 8.756 8.779 8.799 8.818 8.833 8.845 8.853 8.855 8.857 8.864 8.871 8.877 8.882 8.887 8.891 8.895 8.899 8.899 8.899 8.904 8.908 8.912 8.915 8.919 8.922 8.927 8.933 8.934 8.935 8.940 8.945 8.950 8.955 8.959 8.962 8.965 8.966 8.965 8.964 8.966 8.967
7.473 7.482 7.490 7.501 7.513 7.525 7.541 7.563 7.590 7.622 7.659 7.700 7.745 7.790 7.835 7.889 7.946 8.002 8.058 8.115 8.178 8.254 8.324 8.363 8.402 8.454 8.500 8.539 8.572 8.602 8.632 8.666 8.698 8.710 8.722 8.750 8.775 8.796 8.815 8.832 8.846 8.856 8.864 8.865 8.866 8.872 8.878 8.884 8.889 8.893 8.897 8.901 8.905 8.905 8.905 8.909 8.913 8.917 8.921 8.924 8.928 8.933 8.939 8.939 8.940 8.945 8.950 8.954 8.959 8.962 8.966 8.967 8.969 8.968 8.966 8.968 8.969
7.497 7.506 7.514 7.525 7.537 7.549 7.566 7.589 7.616 7.648 7.687 7.732 7.781 7.827 7.872 7.930 7.992 8.052 8.112 8.175 8.241 8.312 8.375 8.412 8.447 8.495 8.538 8.573 8.605 8.634 8.664 8.694 8.723 8.733 8.745 8.770 8.793 8.813 8.830 8.846 8.858 8.867 8.874 8.875 8.875 8.881 8.886 8.891 8.895 8.899 8.903 8.907 8.910 8.910 8.910 8.914 8.918 8.923 8.926 8.930 8.934 8.939 8.944 8.945 8.945 8.950 8.954 8.959 8.962 8.966 8.968 8.970 8.971 8.970 8.969 8.970 8.971
7.520 7.530 7.538 7.549 7.561 7.574 7.592 7.615 7.642 7.675 7.717 7.766 7.819 7.866 7.914 7.977 8.042 8.106 8.172 8.238 8.305 8.370 8.427 8.460 8.493 8.537 8.576 8.609 8.639 8.668 8.695 8.723 8.748 8.757 8.767 8.791 8.812 8.830 8.845 8.859 8.870 8.878 8.884 8.884 8.884 8.889 8.894 8.899 8.902 8.906 8.909 8.912 8.916 8.915 8.915 8.919 8.924 8.928 8.932 8.936 8.941 8.945 8.950 8.950 8.950 8.954 8.958 8.962 8.965 8.968 8.971 8.972 8.973 8.972 8.971 8.972 8.973
7.543 7.552 7.561 7.573 7.586 7.600 7.618 7.642 7.669 7.704 7.748 7.802 7.860 7.909 7.960 8.027 8.096 8.166 8.234 8.302 8.367 8.427 8.479 8.510 8.539 8.579 8.615 8.647 8.675 8.701 8.727 8.752 8.774 8.782 8.790 8.811 8.830 8.847 8.860 8.872 8.882 8.889 8.895 8.894 8.894 8.898 8.902 8.906 8.909 8.912 8.915 8.918 8.921 8.921 8.921 8.925 8.929 8.934 8.938 8.942 8.947 8.951 8.955 8.955 8.955 8.959 8.962 8.966 8.968 8.971 8.973 8.974 8.975 8.974 8.973 8.973 8.974
7.563 7.574 7.583 7.595 7.609 7.624 7.644 7.668 7.697 7.733 7.781 7.839 7.904 7.955 8.008 8.081 8.155 8.228 8.297 8.365 8.428 8.484 8.532 8.560 8.586 8.622 8.655 8.685 8.711 8.736 8.759 8.781 8.801 8.807 8.814 8.832 8.849 8.863 8.876 8.886 8.894 8.901 8.906 8.905 8.903 8.907 8.911 8.914 8.916 8.918 8.921 8.924 8.927 8.926 8.926 8.930 8.935 8.940 8.944 8.948 8.952 8.956 8.960 8.959 8.959 8.963 8.966 8.969 8.971 8.973 8.975 8.976 8.977 8.976 8.974 8.975 8.976
7.583 7.593 7.603 7.617 7.632 7.647 7.668 7.694 7.724 7.763 7.815 7.880 7.950 8.004 8.059 8.138 8.215 8.289 8.360 8.426 8.487 8.540 8.583 8.609 8.632 8.666 8.696 8.723 8.748 8.770 8.791 8.811 8.828 8.833 8.838 8.854 8.868 8.881 8.892 8.901 8.908 8.913 8.917 8.915 8.913 8.916 8.919 8.921 8.923 8.925 8.927 8.929 8.933 8.932 8.932 8.936 8.941 8.945 8.950 8.954 8.958 8.962 8.965 8.964 8.964 8.966 8.969 8.971 8.973 8.975 8.977 8.978 8.979 8.977 8.976 8.977 8.977
7.600 7.611 7.622 7.636 7.653 7.669 7.692 7.720 7.752 7.795 7.852 7.923 7.999 8.054 8.113 8.195 8.273 8.348 8.418 8.483 8.542 8.591 8.631 8.655 8.677 8.707 8.735 8.761 8.783 8.803 8.823 8.840 8.855 8.858 8.862 8.876 8.888 8.899 8.908 8.916 8.922 8.926 8.929 8.926 8.924 8.926 8.927 8.929 8.930 8.931 8.933 8.936 8.939 8.938 8.937 8.942 8.946 8.951 8.955 8.959 8.963 8.966 8.969 8.968 8.967 8.969 8.972 8.974 8.975 8.977 8.978 8.979 8.980 8.979 8.977 8.978 8.978
