TsunamiDB/out54047.asc
ncols          264
nrows          230
xllcorner      497853.4375
yllcorner      4229146.0000
cellsize         5.
NODATA_value   -99
[rows 165 to 197 of 230, columns 73 to 145 of 264]
4.052 4.142 4.220 4.291 4.355 4.416 4.472 4.524 4.574 4.621 4.666 4.708 4.749 4.789 4.828 4.865 4.902 4.938 4.974 5.009 5.044 5.079 5.114 5.148 5.182 5.216 5.248 5.280 5.312 5.344 5.374 5.404 5.433 5.461 5.488 5.514 5.538 5.561 5.582 5.603 5.622 5.642 5.661 5.680 5.701 5.722 5.745 5.770 5.796 5.823 5.850 5.880 5.910 5.940 5.970 5.999 6.028 6.055 6.081 6.106 6.129 6.150 6.169 6.186 6.202 6.216 6.230 6.243 6.257 6.271 6.286 6.303 6.321
4.087 4.172 4.249 4.317 4.381 4.440 4.496 4.548 4.597 4.644 4.688 4.731 4.771 4.811 4.849 4.886 4.922 4.958 4.993 5.028 5.063 5.097 5.131 5.165 5.199 5.232 5.264 5.296 5.328 5.360 5.391 5.421 5.451 5.479 5.507 5.533 5.558 5.581 5.603 5.624 5.643 5.662 5.680 5.698 5.716 5.736 5.756 5.779 5.803 5.827 5.853 5.882 5.911 5.940 5.970 6.000 6.029 6.057 6.084 6.110 6.134 6.156 6.177 6.196 6.214 6.230 6.246 6.261 6.275 6.291 6.307 6.324 6.342
4.119 4.201 4.275 4.343 4.405 4.464 4.519 4.571 4.620 4.667 4.711 4.753 4.793 4.832 4.870 4.906 4.942 4.977 5.012 5.047 5.081 5.115 5.148 5.182 5.215 5.248 5.280 5.312 5.344 5.376 5.407 5.437 5.467 5.496 5.524 5.551 5.577 5.601 5.624 5.645 5.665 5.683 5.701 5.718 5.735 5.752 5.770 5.790 5.812 5.834 5.858 5.885 5.913 5.942 5.971 6.000 6.030 6.058 6.086 6.113 6.138 6.162 6.184 6.205 6.224 6.243 6.260 6.276 6.293 6.309 6.326 6.344 6.362
4.149 4.228 4.301 4.367 4.428 4.487 4.542 4.593 4.642 4.688 4.732 4.774 4.814 4.853 4.890 4.926 4.962 4.997 5.031 5.065 5.099 5.132 5.165 5.198 5.231 5.264 5.296 5.327 5.359 5.391 5.422 5.453 5.483 5.513 5.541 5.569 5.595 5.620 5.644 5.666 5.686 5.705 5.723 5.739 5.755 5.771 5.788 5.805 5.824 5.844 5.866 5.890 5.917 5.944 5.972 6.001 6.030 6.059 6.087 6.115 6.141 6.166 6.190 6.212 6.233 6.253 6.272 6.291 6.309 6.327 6.345 6.364 6.383
4.178 4.254 4.325 4.389 4.450 4.508 4.563 4.615 4.663 4.709 4.753 4.795 4.835 4.873 4.910 4.946 4.982 5.016 5.050 5.084 5.117 5.150 5.182 5.215 5.247 5.279 5.311 5.342 5.373 5.405 5.436 5.467 5.498 5.528 5.557 5.585 5.613 5.639 5.663 5.686 5.708 5.727 5.746 5.762 5.778 5.793 5.808 5.823 5.840 5.857 5.877 5.899 5.923 5.948 5.975 6.003 6.032 6.061 6.089 6.117 6.144 6.170 6.195 6.219 6.242 6.263 6.284 6.304 6.323 6.343 6.362 6.382 6.402
4.204 4.278 4.347 4.411 4.471 4.529 4.583 4.635 4.683 4.730 4.774 4.815 4.855 4.894 4.931 4.966 5.001 5.035 5.069 5.102 5.135 5.167 5.199 5.231 5.263 5.295 5.325 5.356 5.388 5.419 5.450 5.481 5.512 5.542 5.572 5.601 5.629 5.656 5.681 5.706 5.728 5.749 5.768 5.786 5.802 5.816 5.830 5.844 5.859 5.874 5.891 5.910 5.932 5.955 5.981 6.007 6.035 6.063 6.091 6.120 6.147 6.174 6.200 6.225 6.249 6.272 6.294 6.316 6.337 6.358 6.379 6.400 6.420
4.229 4.301 4.368 4.431 4.491 4.548 4.602 4.654 4.703 4.749 4.793 4.835 4.875 4.913 4.950 4.986 5.021 5.055 5.088 5.121 5.153 5.185 5.216 5.247 5.278 5.310 5.340 5.370 5.402 5.433 5.464 5.495 5.526 5.556 5.586 5.615 5.644 5.672 5.698 5.724 5.748 5.770 5.790 5.809 5.826 5.841 5.855 5.868 5.881 5.894 5.909 5.926 5.945 5.966 5.989 6.014 6.040 6.067 6.095 6.123 6.151 6.178 6.205 6.231 6.256 6.280 6.304 6.327 6.349 6.372 6.394 6.416 6.438
4.253 4.323 4.388 4.450 4.509 4.566 4.620 4.672 4.721 4.767 4.812 4.854 4.894 4.933 4.970 5.006 5.041 5.074 5.107 5.139 5.171 5.202 5.233 5.264 5.294 5.325 5.355 5.385 5.415 5.446 5.477 5.508 5.539 5.569 5.599 5.629 5.658 5.687 5.714 5.741 5.766 5.789 5.811 5.831 5.849 5.865 5.880 5.893 5.906 5.918 5.930 5.945 5.961 5.979 6.000 6.023 6.047 6.073 6.100 6.127 6.155 6.183 6.210 6.237 6.263 6.288 6.313 6.337 6.361 6.385 6.408 6.432 6.454
4.275 4.343 4.407 4.468 4.527 4.583 4.637 4.689 4.738 4.785 4.829 4.872 4.913 4.952 4.989 5.025 5.060 5.094 5.127 5.158 5.189 5.220 5.250 5.280 5.310 5.340 5.369 5.399 5.429 5.459 5.490 5.520 5.551 5.582 5.612 5.642 5.671 5.701 5.729 5.756 5.782 5.807 5.831 5.852 5.872 5.889 5.905 5.919 5.932 5.943 5.954 5.967 5.981 5.997 6.015 6.035 6.058 6.082 6.107 6.134 6.161 6.188 6.216 6.243 6.270 6.296 6.322 6.348 6.373 6.398 6.422 6.446 6.469
4.297 4.363 4.425 4.485 4.543 4.599 4.653 4.704 4.754 4.801 4.846 4.889 4.931 4.970 5.008 5.045 5.080 5.113 5.146 5.177 5.208 5.238 5.268 5.297 5.326 5.355 5.384 5.413 5.443 5.472 5.503 5.533 5.563 5.594 5.624 5.654 5.684 5.713 5.742 5.771 5.798 5.824 5.849 5.872 5.893 5.912 5.930 5.945 5.958 5.969 5.981 5.992 6.005 6.018 6.034 6.052 6.071 6.093 6.117 6.142 6.169 6.196 6.223 6.251 6.278 6.305 6.332 6.358 6.384 6.410 6.435 6.460 6.484
4.317 4.381 4.442 4.500 4.558 4.613 4.667 4.719 4.768 4.816 4.862 4.906 4.948 4.988 5.027 5.064 5.099 5.133 5.165 5.196 5.227 5.256 5.286 5.314 5.343 5.371 5.398 5.427 5.456 5.486 5.515 5.545 5.575 5.605 5.635 5.666 5.696 5.726 5.755 5.784 5.812 5.839 5.865 5.890 5.912 5.934 5.953 5.970 5.984 5.996 6.008 6.020 6.031 6.043 6.056 6.072 6.089 6.109 6.130 6.154 6.179 6.205 6.232 6.259 6.287 6.314 6.342 6.369 6.395 6.422 6.448 6.474 6.499
4.337 4.399 4.458 4.515 4.572 4.627 4.680 4.732 4.782 4.830 4.876 4.921 4.964 5.005 5.044 5.082 5.117 5.151 5.184 5.215 5.245 5.275 5.304 5.332 5.360 5.387 5.414 5.442 5.470 5.499 5.528 5.557 5.587 5.617 5.647 5.677 5.707 5.737 5.767 5.796 5.825 5.853 5.880 5.906 5.930 5.953 5.974 5.993 6.009 6.023 6.036 6.048 6.059 6.070 6.082 6.095 6.111 6.128 6.147 6.169 6.192 6.217 6.243 6.270 6.297 6.325 6.352 6.380 6.407 6.434 6.461 6.488 6.514
4.355 4.415 4.473 4.529 4.585 4.639 4.692 4.744 4.794 4.843 4.890 4.935 4.979 5.021 5.061 5.099 5.135 5.170 5.203 5.234 5.264 5.293 5.322 5.350 5.377 5.403 5.429 5.457 5.484 5.512 5.540 5.569 5.598 5.628 5.657 5.687 5.717 5.748 5.778 5.807 5.837 5.865 5.893 5.920 5.946 5.971 5.993 6.014 6.032 6.048 6.062 6.075 6.087 6.099 6.110 6.122 6.135 6.150 6.168 6.187 6.208 6.232 6.256 6.282 6.309 6.336 6.364 6.392 6.419 6.447 6.475 6.502 6.528
4.373 4.431 4.487 4.542 4.597 4.650 4.703 4.754 4.805 4.854 4.902 4.949 4.993 5.036 5.077 5.115 5.152 5.187 5.221 5.252 5.283 5.312 5.340 5.368 5.394 5.420 5.446 5.472 5.499 5.526 5.553 5.581 5.610 5.639 5.668 5.698 5.728 5.758 5.788 5.818 5.848 5.877 5.906 5.934 5.961 5.987 6.011 6.034 6.053 6.071 6.087 6.102 6.115 6.127 6.139 6.150 6.163 6.176 6.191 6.209 6.228 6.249 6.272 6.297 6.323 6.350 6.377 6.405 6.433 6.461 6.489 6.516 6.543
4.390 4.447 4.501 4.555 4.608 4.661 4.713 4.765 4.815 4.865 4.913 4.960 5.006 5.049 5.091 5.130 5.168 5.204 5.238 5.270 5.301 5.330 5.359 5.386 5.412 5.438 5.462 5.488 5.514 5.540 5.566 5.593 5.621 5.649 5.678 5.708 5.737 5.767 5.797 5.828 5.858 5.887 5.917 5.946 5.974 6.001 6.027 6.051 6.073 6.092 6.111 6.127 6.142 6.156 6.168 6.180 6.191 6.204 6.218 6.233 6.251 6.270 6.292 6.315 6.339 6.365 6.392 6.420 6.448 6.476 6.504 6.532 6.559
4.407 4.462 4.515 4.567 4.620 4.672 4.723 4.774 4.825 4.875 4.923 4.971 5.017 5.061 5.103 5.144 5.182 5.219 5.254 5.287 5.318 5.348 5.377 5.404 5.431 5.455 5.480 5.505 5.529 5.555 5.580 5.606 5.633 5.660 5.689 5.717 5.747 5.776 5.806 5.837 5.867 5.897 5.927 5.957 5.986 6.014 6.041 6.067 6.090 6.112 6.132 6.151 6.167 6.183 6.196 6.209 6.221 6.233 6.246 6.260 6.276 6.294 6.313 6.335 6.358 6.383 6.409 6.436 6.464 6.492 6.521 6.548 6.576
4.423 4.477 4.528 4.580 4.631 4.682 4.733 4.784 4.834 4.884 4.932 4.980 5.026 5.071 5.114 5.155 5.195 5.233 5.269 5.303 5.335 5.366 5.395 5.423 5.449 5.474 5.497 5.522 5.546 5.570 5.594 5.619 5.645 5.672 5.699 5.727 5.756 5.785 5.815 5.845 5.876 5.906 5.936 5.966 5.996 6.025 6.054 6.081 6.106 6.129 6.151 6.172 6.191 6.208 6.223 6.237 6.250 6.262 6.275 6.289 6.303 6.320 6.338 6.358 6.380 6.404 6.429 6.455 6.482 6.510 6.538 6.566 6.593
4.440 4.492 4.542 4.592 4.643 4.693 4.743 4.793 4.843 4.892 4.940 4.988 5.034 5.079 5.123 5.165 5.206 5.244 5.282 5.317 5.350 5.382 5.412 5.440 5.467 5.492 5.515 5.539 5.563 5.586 5.609 5.633 5.658 5.683 5.709 5.737 5.765 5.794 5.823 5.853 5.883 5.914 5.945 5.975 6.006 6.036 6.065 6.093 6.120 6.145 6.169 6.191 6.212 6.231 6.248 6.263 6.277 6.291 6.304 6.317 6.332 6.347 6.364 6.383 6.404 6.426 6.450 6.476 6.502 6.529 6.557 6.585 6.612
4.456 4.507 4.556 4.605 4.655 4.705 4.754 4.803 4.852 4.900 4.947 4.994 5.041 5.086 5.130 5.173 5.214 5.254 5.293 5.329 5.364 5.396 5.427 5.457 5.484 5.510 5.533 5.557 5.580 5.603 5.625 5.648 5.671 5.696 5.721 5.747 5.774 5.802 5.831 5.861 5.891 5.922 5.953 5.984 6.014 6.045 6.075 6.105 6.132 6.158 6.184 6.208 6.231 6.252 6.270 6.288 6.303 6.318 6.332 6.346 6.360 6.375 6.391 6.409 6.429 6.450 6.473 6.498 6.524 6.550 6.578 6.605 6.631
4.472 4.522 4.571 4.619 4.668 4.717 4.765 4.813 4.860 4.907 4.954 5.001 5.046 5.091 5.136 5.179 5.221 5.262 5.301 5.339 5.375 5.409 5.441 5.472 5.501 5.527 5.551 5.575 5.598 5.620 5.642 5.664 5.686 5.709 5.732 5.757 5.783 5.810 5.839 5.868 5.898 5.929 5.960 5.991 6.022 6.053 6.084 6.115 6.143 6.171 6.198 6.224 6.248 6.270 6.291 6.310 6.327 6.343 6.358 6.373 6.388 6.403 6.419 6.436 6.455 6.475 6.497 6.521 6.546 6.573 6.600 6.626 6.652
4.489 4.539 4.586 4.634 4.682 4.729 4.776 4.823 4.869 4.915 4.961 5.006 5.051 5.096 5.140 5.184 5.226 5.268 5.308 5.347 5.384 5.419 5.453 5.485 5.515 5.542 5.567 5.592 5.615 5.638 5.659 5.680 5.701 5.723 5.745 5.769 5.793 5.819 5.847 5.875 5.905 5.935 5.966 5.998 6.029 6.061 6.092 6.124 6.153 6.182 6.210 6.237 6.263 6.287 6.309 6.330 6.349 6.366 6.383 6.398 6.413 6.429 6.445 6.462 6.481 6.501 6.522 6.546 6.570 6.596 6.622 6.648 6.674
4.507 4.556 4.602 4.649 4.696 4.742 4.788 4.833 4.878 4.923 4.967 5.012 5.056 5.100 5.144 5.187 5.230 5.272 5.313 5.352 5.391 5.427 5.462 5.496 5.527 5.556 5.582 5.608 5.632 5.655 5.676 5.697 5.717 5.738 5.759 5.781 5.804 5.829 5.855 5.882 5.911 5.941 5.972 6.004 6.036 6.068 6.100 6.132 6.162 6.192 6.221 6.249 6.276 6.302 6.325 6.347 6.368 6.387 6.404 6.421 6.437 6.453 6.470 6.487 6.506 6.526 6.547 6.570 6.594 6.620 6.646 6.672 6.698
4.526 4.573 4.619 4.665 4.710 4.755 4.800 4.844 4.887 4.931 4.974 5.018 5.061 5.104 5.147 5.190 5.232 5.274 5.315 5.356 5.395 5.433 5.469 5.504 5.537 5.567 5.595 5.622 5.647 5.671 5.693 5.714 5.734 5.753 5.773 5.794 5.816 5.839 5.864 5.890 5.918 5.947 5.978 6.009 6.041 6.074 6.106 6.138 6.170 6.200 6.230 6.260 6.288 6.314 6.339 6.363 6.385 6.405 6.424 6.442 6.459 6.476 6.493 6.511 6.529 6.549 6.571 6.594 6.618 6.643 6.670 6.695 6.721
4.545 4.592 4.637 4.681 4.726 4.769 4.812 4.855 4.897 4.940 4.982 5.024 5.066 5.108 5.150 5.192 5.234 5.276 5.317 5.357 5.397 5.436 5.473 5.509 5.543 5.575 5.605 5.634 5.661 5.685 5.708 5.730 5.750 5.769 5.789 5.808 5.829 5.850 5.874 5.899 5.925 5.954 5.984 6.015 6.046 6.079 6.112 6.144 6.176 6.207 6.238 6.269 6.298 6.325 6.351 6.376 6.399 6.420 6.441 6.460 6.478 6.496 6.514 6.532 6.551 6.572 6.593 6.616 6.641 6.667 6.693 6.719 6.745
4.565 4.611 4.654 4.698 4.741 4.783 4.825 4.867 4.908 4.949 4.990 5.031 5.072 5.113 5.154 5.195 5.235 5.276 5.317 5.357 5.397 5.436 5.475 5.512 5.547 5.581 5.612 5.643 5.671 5.698 5.722 5.744 5.765 5.785 5.804 5.823 5.842 5.863 5.884 5.908 5.933 5.960 5.989 6.020 6.051 6.084 6.116 6.149 6.181 6.213 6.245 6.276 6.306 6.334 6.361 6.387 6.411 6.434 6.455 6.475 6.494 6.513 6.532 6.551 6.571 6.592 6.614 6.638 6.663 6.689 6.715 6.742 6.768
4.585 4.630 4.672 4.715 4.757 4.798 4.839 4.880 4.920 4.960 4.999 5.039 5.078 5.118 5.157 5.197 5.237 5.277 5.317 5.357 5.396 5.436 5.474 5.512 5.548 5.583 5.616 5.648 5.679 5.707 5.733 5.757 5.779 5.800 5.819 5.838 5.856 5.876 5.896 5.918 5.942 5.968 5.995 6.025 6.056 6.088 6.120 6.153 6.185 6.218 6.250 6.282 6.312 6.341 6.369 6.396 6.421 6.445 6.467 6.488 6.508 6.528 6.548 6.568 6.588 6.610 6.633 6.657 6.682 6.709 6.736 6.763 6.791
4.606 4.649 4.691 4.732 4.773 4.814 4.854 4.893 4.932 4.971 5.009 5.047 5.085 5.124 5.162 5.200 5.239 5.278 5.317 5.356 5.395 5.434 5.472 5.510 5.547 5.582 5.617 5.651 5.683 5.713 5.741 5.767 5.791 5.813 5.833 5.852 5.871 5.889 5.909 5.929 5.951 5.976 6.002 6.030 6.060 6.092 6.124 6.156 6.188 6.221 6.254 6.286 6.317 6.347 6.375 6.403 6.429 6.453 6.477 6.499 6.520 6.541 6.562 6.582 6.604 6.626 6.649 6.674 6.700 6.728 6.756 6.783 6.812
4.627 4.669 4.709 4.751 4.791 4.830 4.869 4.907 4.945 4.983 5.020 5.057 5.094 5.130 5.167 5.204 5.242 5.279 5.317 5.355 5.393 5.431 5.469 5.507 5.544 5.580 5.616 5.650 5.684 5.716 5.746 5.774 5.799 5.823 5.845 5.865 5.884 5.903 5.921 5.941 5.962 5.984 6.009 6.036 6.065 6.095 6.127 6.158 6.190 6.223 6.256 6.288 6.319 6.350 6.379 6.407 6.434 6.460 6.484 6.507 6.530 6.551 6.573 6.595 6.617 6.640 6.664 6.689 6.716 6.744 6.773 6.801 6.831
4.648 4.689 4.729 4.769 4.808 4.847 4.885 4.922 4.959 4.995 5.031 5.067 5.103 5.138 5.174 5.209 5.245 5.281 5.318 5.354 5.391 5.429 5.466 5.503 5.540 5.576 5.612 5.647 5.682 5.715 5.747 5.777 5.805 5.830 5.854 5.876 5.896 5.915 5.934 5.953 5.973 5.994 6.017 6.042 6.069 6.098 6.129 6.159 6.191 6.223 6.256 6.288 6.320 6.351 6.381 6.410 6.437 6.464 6.489 6.513 6.537 6.560 6.582 6.605 6.628 6.652 6.677 6.702 6.730 6.759 6.788 6.817 6.848
4.670 4.709 4.749 4.788 4.826 4.864 4.901 4.938 4.974 5.009 5.044 5.078 5.113 5.147 5.181 5.215 5.250 5.284 5.319 5.355 5.390 5.426 5.463 5.499 5.535 5.570 5.607 5.643 5.678 5.712 5.745 5.776 5.806 5.834 5.860 5.884 5.906 5.926 5.945 5.964 5.983 6.003 6.025 6.048 6.074 6.101 6.130 6.160 6.190 6.222 6.255 6.287 6.319 6.350 6.381 6.410 6.438 6.466 6.492 6.517 6.542 6.566 6.590 6.613 6.637 6.662 6.687 6.713 6.741 6.770 6.800 6.831 6.862
4.691 4.731 4.769 4.808 4.845 4.882 4.918 4.954 4.989 5.023 5.057 5.091 5.124 5.157 5.190 5.223 5.256 5.289 5.322 5.356 5.390 5.425 5.460 5.495 5.530 5.565 5.601 5.637 5.672 5.707 5.740 5.773 5.805 5.834 5.862 5.888 5.912 5.934 5.954 5.974 5.993 6.012 6.033 6.054 6.078 6.104 6.131 6.159 6.189 6.220 6.252 6.283 6.315 6.347 6.377 6.408 6.437 6.465 6.493 6.519 6.545 6.570 6.595 6.620 6.644 6.669 6.695 6.722 6.750 6.780 6.810 6.841 6.874
4.714 4.752 4.790 4.827 4.864 4.901 4.936 4.971 5.005 5.039 5.072 5.104 5.136 5.168 5.200 5.231 5.263 5.295 5.326 5.359 5.391 5.425 5.458 5.492 5.526 5.560 5.595 5.630 5.665 5.700 5.734 5.768 5.800 5.831 5.861 5.889 5.914 5.938 5.960 5.981 6.000 6.020 6.039 6.060 6.082 6.106 6.131 6.158 6.186 6.216 6.246 6.278 6.309 6.341 6.372 6.402 6.432 6.462 6.490 6.518 6.545 6.572 6.598 6.623 6.649 6.675 6.701 6.728 6.756 6.786 6.817 6.848 6.881
4.736 4.773 4.810 4.848 4.884 4.920 4.954 4.989 5.022 5.055 5.087 5.119 5.150 5.181 5.211 5.241 5.271 5.302 5.332 5.363 5.394 5.426 5.458 5.490 5.523 5.555 5.589 5.624 5.658 5.693 5.727 5.761 5.794 5.826 5.857 5.886 5.914 5.939 5.963 5.985 6.005 6.025 6.044 6.064 6.085 6.107 6.131 6.155 6.181 6.210 6.239 6.270 6.301 6.332 6.363 6.394 6.425 6.456 6.485 6.515 6.543 6.571 6.598 6.625 6.651 6.677 6.704 6.731 6.760 6.790 6.820 6.852 6.885
