TsunamiDB/out54136.asc
ncols          264
nrows          230
xllcorner      497853.4375
yllcorner      4229146.0000
cellsize         5.
NODATA_value   -99
[rows 68 to 101 of 230, columns 0 to 76 of 264]
5.114 5.133 5.152 5.171 5.189 5.208 5.226 5.244 5.263 5.281 5.299 5.317 5.335 5.351 5.369 5.386 5.404 5.422 5.439 5.457 5.474 5.492 5.509 5.526 5.544 5.560 5.577 5.593 5.610 5.625 5.641 5.656 5.672 5.686 5.701 5.715 5.727 5.740 5.752 5.765 5.777 5.789 5.801 5.813 5.824 5.836 5.847 5.858 5.869 5.880 5.890 5.901 5.912 5.922 5.933 5.943 5.954 5.965 5.975 5.984 5.993 6.002 6.011 6.020 6.029 6.039 6.048 6.057 6.066 6.075 6.083 6.092 6.100 6.109 6.117 6.125 6.133
5.127 5.145 5.164 5.183 5.201 5.219 5.237 5.255 5.273 5.291 5.309 5.326 5.343 5.360 5.377 5.394 5.411 5.428 5.446 5.463 5.480 5.498 5.515 5.532 5.549 5.565 5.582 5.598 5.615 5.631 5.646 5.662 5.677 5.692 5.707 5.721 5.733 5.746 5.759 5.771 5.784 5.796 5.808 5.820 5.832 5.843 5.855 5.866 5.877 5.887 5.898 5.909 5.919 5.930 5.940 5.951 5.961 5.972 5.981 5.990 5.999 6.008 6.017 6.026 6.036 6.045 6.054 6.063 6.072 6.081 6.089 6.098 6.106 6.115 6.123 6.131 6.139
5.140 5.159 5.177 5.195 5.213 5.231 5.249 5.267 5.284 5.302 5.319 5.336 5.353 5.369 5.385 5.402 5.419 5.436 5.453 5.470 5.487 5.503 5.520 5.537 5.554 5.570 5.587 5.603 5.619 5.635 5.651 5.667 5.682 5.697 5.712 5.726 5.739 5.752 5.765 5.778 5.790 5.803 5.815 5.827 5.839 5.851 5.862 5.873 5.884 5.895 5.906 5.916 5.927 5.937 5.948 5.958 5.968 5.979 5.988 5.997 6.006 6.015 6.024 6.033 6.042 6.051 6.060 6.069 6.078 6.087 6.095 6.104 6.112 6.121 6.129 6.137 6.145
5.154 5.172 5.190 5.208 5.226 5.244 5.261 5.279 5.296 5.313 5.330 5.347 5.363 5.379 5.395 5.411 5.427 5.444 5.460 5.477 5.493 5.510 5.526 5.543 5.559 5.576 5.592 5.608 5.624 5.640 5.656 5.672 5.687 5.702 5.717 5.731 5.744 5.758 5.771 5.784 5.797 5.809 5.822 5.834 5.846 5.858 5.869 5.880 5.892 5.902 5.913 5.924 5.934 5.945 5.955 5.965 5.975 5.986 5.995 6.004 6.013 6.021 6.030 6.039 6.048 6.057 6.066 6.075 6.084 6.093 6.101 6.110 6.118 6.127 6.135 6.143 6.151
5.167 5.186 5.204 5.222 5.239 5.257 5.274 5.291 5.308 5.325 5.342 5.359 5.374 5.389 5.405 5.421 5.437 5.453 5.469 5.485 5.501 5.517 5.533 5.549 5.565 5.582 5.598 5.614 5.629 5.645 5.661 5.676 5.692 5.707 5.722 5.736 5.749 5.763 5.776 5.789 5.802 5.815 5.828 5.840 5.852 5.864 5.876 5.887 5.899 5.910 5.920 5.931 5.942 5.952 5.962 5.973 5.983 5.993 6.002 6.011 6.020 6.028 6.037 6.046 6.055 6.064 6.073 6.082 6.090 6.099 6.108 6.116 6.124 6.133 6.141 6.149 6.157
5.181 5.200 5.218 5.235 5.253 5.270 5.287 5.304 5.321 5.338 5.354 5.371 5.386 5.401 5.416 5.432 5.447 5.463 5.478 5.494 5.510 5.525 5.541 5.557 5.572 5.588 5.604 5.619 5.635 5.650 5.666 5.681 5.696 5.712 5.727 5.741 5.754 5.768 5.781 5.794 5.808 5.821 5.833 5.846 5.858 5.870 5.882 5.894 5.905 5.917 5.927 5.938 5.949 5.959 5.970 5.980 5.990 6.000 6.010 6.018 6.027 6.035 6.044 6.053 6.062 6.071 6.079 6.088 6.097 6.105 6.114 6.122 6.131 6.139 6.147 6.155 6.163
5.195 5.213 5.231 5.249 5.266 5.284 5.301 5.317 5.334 5.351 5.367 5.383 5.398 5.413 5.428 5.443 5.458 5.473 5.489 5.504 5.519 5.534 5.549 5.564 5.580 5.595 5.610 5.625 5.641 5.656 5.671 5.686 5.701 5.716 5.732 5.746 5.759 5.772 5.786 5.799 5.813 5.826 5.839 5.851 5.864 5.876 5.888 5.900 5.912 5.923 5.934 5.945 5.956 5.966 5.977 5.987 5.997 6.007 6.017 6.025 6.034 6.042 6.051 6.060 6.069 6.077 6.086 6.095 6.103 6.112 6.120 6.129 6.137 6.145 6.153 6.161 6.169
5.208 5.227 5.245 5.262 5.280 5.297 5.314 5.331 5.347 5.364 5.380 5.396 5.411 5.425 5.440 5.455 5.470 5.485 5.500 5.514 5.529 5.544 5.559 5.573 5.588 5.603 5.618 5.633 5.647 5.662 5.677 5.692 5.707 5.722 5.736 5.750 5.764 5.777 5.790 5.804 5.817 5.831 5.844 5.857 5.869 5.882 5.894 5.906 5.918 5.929 5.940 5.951 5.962 5.973 5.983 5.994 6.004 6.014 6.024 6.032 6.041 6.049 6.058 6.067 6.075 6.084 6.093 6.101 6.110 6.118 6.127 6.135 6.143 6.152 6.160 6.168 6.176
5.222 5.240 5.258 5.275 5.293 5.310 5.327 5.344 5.360 5.377 5.393 5.409 5.424 5.438 5.453 5.467 5.482 5.497 5.511 5.526 5.540 5.555 5.569 5.583 5.598 5.612 5.626 5.641 5.655 5.669 5.684 5.698 5.713 5.727 5.742 5.756 5.769 5.782 5.795 5.809 5.822 5.835 5.848 5.861 5.874 5.887 5.899 5.911 5.923 5.935 5.946 5.957 5.968 5.979 5.990 6.000 6.011 6.021 6.031 6.039 6.048 6.056 6.065 6.074 6.082 6.091 6.100 6.108 6.117 6.125 6.134 6.142 6.150 6.158 6.166 6.174 6.182
5.234 5.253 5.270 5.288 5.306 5.323 5.340 5.357 5.373 5.390 5.406 5.422 5.437 5.451 5.465 5.480 5.495 5.509 5.524 5.538 5.552 5.566 5.580 5.594 5.608 5.622 5.636 5.650 5.663 5.677 5.691 5.706 5.720 5.734 5.748 5.761 5.774 5.787 5.800 5.814 5.827 5.840 5.853 5.866 5.879 5.892 5.904 5.916 5.928 5.940 5.952 5.963 5.974 5.985 5.996 6.007 6.017 6.028 6.037 6.046 6.054 6.063 6.072 6.081 6.089 6.098 6.107 6.115 6.124 6.132 6.140 6.148 6.157 6.165 6.173 6.180 6.188
5.247 5.265 5.283 5.301 5.318 5.335 5.352 5.369 5.386 5.402 5.419 5.435 5.449 5.464 5.478 5.493 5.507 5.522 5.536 5.550 5.564 5.578 5.592 5.605 5.619 5.633 5.646 5.660 5.673 5.687 5.700 5.714 5.727 5.741 5.755 5.768 5.780 5.793 5.806 5.819 5.832 5.845 5.858 5.871 5.884 5.896 5.909 5.921 5.933 5.945 5.957 5.968 5.980 5.991 6.002 6.013 6.023 6.034 6.043 6.052 6.061 6.070 6.079 6.087 6.096 6.105 6.113 6.122 6.130 6.139 6.147 6.155 6.163 6.171 6.179 6.187 6.195
5.259 5.277 5.295 5.313 5.330 5.347 5.364 5.381 5.398 5.415 5.431 5.447 5.462 5.476 5.491 5.505 5.520 5.534 5.549 5.563 5.577 5.590 5.604 5.618 5.631 5.644 5.657 5.670 5.684 5.697 5.710 5.723 5.736 5.749 5.763 5.775 5.787 5.799 5.812 5.825 5.838 5.850 5.863 5.876 5.889 5.901 5.914 5.926 5.938 5.950 5.962 5.973 5.985 5.996 6.007 6.018 6.029 6.040 6.050 6.058 6.067 6.076 6.085 6.094 6.103 6.111 6.120 6.128 6.137 6.145 6.153 6.162 6.170 6.178 6.186 6.193 6.201
5.270 5.288 5.306 5.324 5.342 5.359 5.376 5.393 5.410 5.427 5.443 5.459 5.474 5.488 5.503 5.518 5.532 5.547 5.561 5.575 5.589 5.603 5.617 5.630 5.643 5.656 5.669 5.682 5.695 5.708 5.720 5.733 5.746 5.759 5.772 5.784 5.795 5.807 5.819 5.831 5.844 5.856 5.869 5.882 5.894 5.906 5.919 5.931 5.943 5.955 5.967 5.978 5.990 6.001 6.013 6.024 6.035 6.045 6.055 6.064 6.073 6.082 6.091 6.100 6.109 6.118 6.126 6.135 6.143 6.152 6.160 6.168 6.176 6.184 6.192 6.200 6.208
5.281 5.300 5.317 5.335 5.353 5.370 5.387 5.404 5.421 5.438 5.455 5.471 5.485 5.500 5.515 5.530 5.544 5.559 5.573 5.588 5.602 5.615 5.629 5.642 5.656 5.669 5.681 5.694 5.707 5.719 5.732 5.744 5.757 5.769 5.782 5.793 5.804 5.816 5.827 5.839 5.851 5.863 5.876 5.888 5.900 5.912 5.924 5.936 5.948 5.960 5.972 5.983 5.995 6.006 6.018 6.029 6.040 6.051 6.061 6.070 6.079 6.088 6.097 6.106 6.115 6.124 6.133 6.141 6.150 6.158 6.166 6.175 6.183 6.191 6.198 6.206 6.214
5.292 5.310 5.328 5.346 5.363 5.381 5.398 5.415 5.432 5.449 5.466 5.481 5.496 5.511 5.526 5.541 5.556 5.571 5.585 5.600 5.614 5.628 5.641 5.655 5.668 5.681 5.694 5.707 5.719 5.732 5.744 5.756 5.769 5.781 5.793 5.804 5.814 5.825 5.837 5.848 5.860 5.871 5.883 5.895 5.907 5.918 5.930 5.942 5.954 5.965 5.977 5.989 6.000 6.011 6.023 6.034 6.045 6.056 6.066 6.075 6.084 6.093 6.103 6.112 6.121 6.130 6.139 6.147 6.156 6.164 6.173 6.181 6.189 6.197 6.205 6.213 6.220
5.303 5.321 5.339 5.356 5.374 5.391 5.408 5.425 5.442 5.459 5.476 5.491 5.506 5.521 5.537 5.552 5.567 5.582 5.596 5.611 5.625 5.639 5.653 5.667 5.680 5.693 5.706 5.719 5.732 5.744 5.756 5.769 5.781 5.793 5.805 5.815 5.825 5.836 5.847 5.858 5.869 5.880 5.892 5.903 5.914 5.926 5.937 5.949 5.960 5.971 5.983 5.994 6.005 6.017 6.028 6.039 6.050 6.061 6.071 6.080 6.090 6.099 6.108 6.117 6.127 6.136 6.145 6.153 6.162 6.170 6.179 6.187 6.195 6.203 6.211 6.219 6.227
5.313 5.331 5.349 5.367 5.384 5.401 5.418 5.435 5.452 5.469 5.486 5.501 5.516 5.532 5.547 5.562 5.577 5.592 5.607 5.622 5.636 5.651 5.665 5.678 5.692 5.705 5.718 5.731 5.744 5.757 5.769 5.781 5.793 5.806 5.817 5.827 5.837 5.848 5.858 5.869 5.880 5.891 5.901 5.912 5.923 5.934 5.945 5.956 5.967 5.978 5.989 6.000 6.011 6.022 6.034 6.045 6.056 6.067 6.076 6.085 6.095 6.104 6.114 6.123 6.132 6.141 6.150 6.159 6.168 6.176 6.185 6.193 6.201 6.209 6.217 6.225 6.233
5.324 5.342 5.359 5.377 5.394 5.411 5.428 5.445 5.462 5.479 5.495 5.511 5.526 5.541 5.557 5.572 5.587 5.602 5.617 5.632 5.647 5.661 5.675 5.689 5.703 5.717 5.730 5.743 5.756 5.769 5.781 5.794 5.806 5.818 5.829 5.839 5.849 5.860 5.870 5.881 5.891 5.902 5.912 5.923 5.933 5.944 5.954 5.965 5.975 5.986 5.997 6.007 6.018 6.029 6.040 6.051 6.062 6.072 6.082 6.091 6.100 6.110 6.119 6.128 6.138 6.147 6.156 6.165 6.173 6.182 6.190 6.199 6.207 6.215 6.223 6.231 6.239
5.334 5.352 5.369 5.387 5.404 5.421 5.438 5.455 5.471 5.488 5.505 5.520 5.535 5.551 5.566 5.581 5.597 5.612 5.627 5.642 5.657 5.671 5.686 5.700 5.714 5.727 5.741 5.754 5.767 5.780 5.793 5.806 5.818 5.830 5.841 5.852 5.862 5.872 5.883 5.893 5.903 5.914 5.924 5.934 5.944 5.954 5.964 5.975 5.985 5.995 6.005 6.015 6.026 6.036 6.047 6.058 6.068 6.078 6.088 6.097 6.106 6.115 6.125 6.134 6.143 6.152 6.161 6.170 6.179 6.188 6.196 6.204 6.213 6.221 6.229 6.237 6.245
5.345 5.362 5.379 5.397 5.414 5.431 5.447 5.464 5.481 5.497 5.514 5.530 5.545 5.560 5.575 5.591 5.606 5.621 5.636 5.651 5.666 5.681 5.695 5.709 5.724 5.738 5.751 5.765 5.778 5.791 5.804 5.817 5.830 5.842 5.854 5.864 5.875 5.885 5.895 5.906 5.916 5.926 5.936 5.946 5.956 5.966 5.976 5.985 5.995 6.005 6.015 6.025 6.035 6.045 6.055 6.065 6.076 6.085 6.094 6.103 6.112 6.121 6.130 6.140 6.149 6.158 6.167 6.176 6.185 6.193 6.202 6.210 6.218 6.227 6.235 6.243 6.251
5.355 5.372 5.390 5.407 5.424 5.440 5.457 5.474 5.490 5.507 5.523 5.539 5.554 5.569 5.584 5.599 5.615 5.630 5.645 5.660 5.675 5.690 5.704 5.719 5.733 5.747 5.761 5.775 5.788 5.802 5.815 5.828 5.841 5.853 5.865 5.876 5.887 5.897 5.908 5.918 5.929 5.939 5.949 5.959 5.969 5.978 5.988 5.997 6.007 6.016 6.026 6.035 6.045 6.054 6.064 6.074 6.084 6.093 6.102 6.110 6.119 6.128 6.137 6.146 6.155 6.164 6.173 6.182 6.190 6.199 6.207 6.216 6.224 6.232 6.240 6.248 6.256
5.366 5.383 5.400 5.417 5.434 5.450 5.467 5.483 5.500 5.516 5.532 5.548 5.563 5.578 5.593 5.608 5.624 5.639 5.654 5.669 5.684 5.699 5.713 5.728 5.742 5.756 5.770 5.784 5.798 5.811 5.825 5.838 5.851 5.864 5.876 5.887 5.898 5.909 5.920 5.931 5.941 5.952 5.962 5.972 5.982 5.991 6.001 6.010 6.019 6.028 6.038 6.047 6.056 6.065 6.074 6.084 6.093 6.102 6.110 6.118 6.127 6.135 6.144 6.153 6.162 6.170 6.179 6.188 6.196 6.205 6.213 6.222 6.230 6.238 6.246 6.254 6.262
5.377 5.394 5.411 5.427 5.444 5.460 5.477 5.493 5.509 5.526 5.542 5.557 5.572 5.587 5.602 5.617 5.632 5.647 5.663 5.677 5.692 5.707 5.722 5.736 5.751 5.765 5.779 5.793 5.807 5.821 5.834 5.848 5.861 5.874 5.886 5.898 5.909 5.920 5.932 5.943 5.953 5.964 5.974 5.985 5.995 6.004 6.014 6.023 6.032 6.041 6.050 6.059 6.068 6.077 6.086 6.095 6.104 6.112 6.120 6.128 6.136 6.144 6.152 6.161 6.169 6.178 6.186 6.195 6.203 6.211 6.220 6.228 6.236 6.244 6.252 6.260 6.268
5.388 5.405 5.422 5.438 5.454 5.471 5.487 5.503 5.519 5.535 5.551 5.566 5.581 5.596 5.611 5.626 5.641 5.656 5.671 5.686 5.701 5.716 5.730 5.745 5.759 5.773 5.788 5.802 5.816 5.829 5.843 5.857 5.870 5.884 5.896 5.908 5.919 5.931 5.942 5.954 5.965 5.976 5.987 5.997 6.007 6.017 6.027 6.036 6.045 6.054 6.063 6.072 6.081 6.089 6.098 6.107 6.115 6.123 6.131 6.138 6.146 6.154 6.162 6.170 6.178 6.186 6.194 6.202 6.210 6.219 6.227 6.235 6.243 6.250 6.258 6.266 6.274
5.400 5.417 5.433 5.449 5.465 5.481 5.497 5.513 5.529 5.545 5.561 5.576 5.590 5.605 5.620 5.635 5.650 5.665 5.680 5.695 5.709 5.724 5.739 5.753 5.767 5.782 5.796 5.810 5.824 5.838 5.852 5.865 5.879 5.893 5.905 5.917 5.929 5.941 5.952 5.964 5.976 5.987 5.998 6.009 6.019 6.029 6.039 6.049 6.058 6.068 6.077 6.085 6.094 6.102 6.111 6.119 6.128 6.136 6.143 6.150 6.157 6.164 6.172 6.180 6.187 6.195 6.203 6.211 6.219 6.226 6.234 6.242 6.250 6.257 6.265 6.273 6.280
5.412 5.429 5.445 5.461 5.477 5.493 5.508 5.524 5.540 5.555 5.571 5.586 5.600 5.614 5.629 5.644 5.659 5.674 5.689 5.703 5.718 5.732 5.747 5.761 5.776 5.790 5.804 5.818 5.832 5.846 5.860 5.874 5.887 5.901 5.914 5.926 5.938 5.950 5.962 5.974 5.986 5.997 6.009 6.020 6.031 6.041 6.051 6.061 6.071 6.081 6.090 6.099 6.107 6.116 6.124 6.133 6.141 6.149 6.155 6.162 6.169 6.176 6.183 6.191 6.198 6.205 6.213 6.220 6.228 6.235 6.243 6.250 6.258 6.265 6.272 6.280 6.287
5.425 5.441 5.457 5.473 5.488 5.504 5.520 5.535 5.551 5.566 5.581 5.596 5.610 5.624 5.639 5.653 5.668 5.683 5.697 5.712 5.727 5.741 5.755 5.770 5.784 5.798 5.812 5.826 5.840 5.854 5.868 5.882 5.896 5.909 5.922 5.934 5.946 5.959 5.971 5.983 5.995 6.007 6.019 6.030 6.041 6.052 6.063 6.073 6.083 6.093 6.102 6.112 6.121 6.129 6.138 6.146 6.155 6.162 6.169 6.176 6.182 6.189 6.196 6.203 6.210 6.217 6.224 6.231 6.238 6.245 6.252 6.259 6.267 6.274 6.281 6.288 6.295
5.438 5.454 5.469 5.485 5.501 5.516 5.531 5.547 5.562 5.577 5.592 5.606 5.620 5.634 5.649 5.663 5.678 5.692 5.707 5.721 5.735 5.750 5.764 5.778 5.792 5.806 5.820 5.834 5.848 5.862 5.876 5.890 5.904 5.918 5.930 5.943 5.955 5.967 5.979 5.992 6.004 6.016 6.028 6.040 6.051 6.063 6.073 6.084 6.095 6.105 6.115 6.124 6.133 6.142 6.151 6.160 6.168 6.176 6.183 6.189 6.196 6.203 6.209 6.216 6.223 6.230 6.236 6.243 6.250 6.256 6.263 6.270 6.277 6.283 6.290 6.297 6.303
5.451 5.467 5.482 5.498 5.513 5.528 5.543 5.559 5.574 5.589 5.604 5.617 5.631 5.645 5.659 5.673 5.688 5.702 5.716 5.730 5.745 5.759 5.773 5.787 5.801 5.815 5.829 5.843 5.857 5.870 5.884 5.898 5.912 5.926 5.938 5.951 5.963 5.975 5.988 6.000 6.013 6.025 6.037 6.049 6.061 6.072 6.083 6.094 6.105 6.116 6.126 6.136 6.146 6.155 6.164 6.173 6.182 6.190 6.197 6.203 6.210 6.217 6.223 6.230 6.237 6.243 6.250 6.256 6.262 6.269 6.275 6.281 6.288 6.294 6.300 6.307 6.313
5.465 5.481 5.496 5.511 5.526 5.541 5.556 5.571 5.586 5.601 5.615 5.629 5.642 5.656 5.670 5.684 5.698 5.712 5.726 5.740 5.754 5.768 5.782 5.796 5.810 5.824 5.837 5.851 5.865 5.879 5.892 5.906 5.920 5.934 5.946 5.959 5.971 5.983 5.996 6.008 6.021 6.033 6.046 6.058 6.070 6.081 6.093 6.104 6.115 6.126 6.137 6.147 6.157 6.167 6.176 6.186 6.195 6.203 6.210 6.217 6.224 6.231 6.237 6.244 6.251 6.257 6.263 6.270 6.276 6.282 6.288 6.294 6.300 6.306 6.312 6.318 6.324
5.479 5.494 5.510 5.524 5.539 5.554 5.569 5.584 5.598 5.613 5.627 5.640 5.653 5.667 5.681 5.694 5.708 5.722 5.736 5.750 5.764 5.778 5.791 5.805 5.819 5.832 5.846 5.860 5.873 5.887 5.901 5.914 5.928 5.942 5.954 5.966 5.979 5.991 6.004 6.016 6.029 6.041 6.054 6.066 6.078 6.090 6.102 6.113 6.125 6.136 6.147 6.157 6.168 6.178 6.188 6.198 6.207 6.216 6.223 6.230 6.237 6.245 6.251 6.258 6.265 6.272 6.278 6.284 6.290 6.296 6.302 6.308 6.313 6.319 6.325 6.330 6.336
5.493 5.508 5.523 5.538 5.553 5.568 5.582 5.597 5.611 5.626 5.639 5.652 5.665 5.678 5.692 5.706 5.719 5.733 5.747 5.760 5.774 5.787 5.801 5.814 5.828 5.842 5.855 5.869 5.882 5.896 5.909 5.923 5.936 5.950 5.962 5.974 5.987 5.999 6.012 6.024 6.037 6.049 6.062 6.074 6.086 6.098 6.110 6.122 6.134 6.145 6.156 6.167 6.178 6.188 6.199 6.209 6.219 6.228 6.235 6.243 6.251 6.258 6.265 6.272 6.279 6.286 6.292 6.299 6.305 6.311 6.317 6.322 6.328 6.333 6.339 6.344 6.349
5.507 5.522 5.537 5.552 5.567 5.581 5.596 5.610 5.624 5.638 5.652 5.664 5.677 5.690 5.704 5.717 5.731 5.744 5.757 5.771 5.784 5.797 5.811 5.824 5.838 5.851 5.864 5.878 5.891 5.904 5.918 5.931 5.945 5.958 5.970 5.983 5.995 6.007 6.020 6.032 6.045 6.057 6.070 6.082 6.095 6.107 6.119 6.131 6.142 6.154 6.165 6.176 6.187 6.198 6.209 6.219 6.230 6.239 6.247 6.255 6.263 6.271 6.278 6.286 6.293 6.300 6.307 6.313 6.320 6.326 6.332 6.337 6.343 6.348 6.353 6.358 6.363
5.521 5.536 5.551 5.566 5.580 5.595 5.609 5.623 5.637 5.651 5.665 5.677 5.690 5.703 5.716 5.729 5.742 5.755 5.768 5.782 5.795 5.808 5.821 5.834 5.847 5.861 5.874 5.887 5.900 5.913 5.927 5.940 5.954 5.967 5.979 5.991 6.003 6.015 6.028 6.040 6.053 6.065 6.078 6.090 6.103 6.115 6.127 6.139 6.151 6.162 6.174 6.185 6.197 6.208 6.219 6.230 6.240 6.250 6.258 6.267 6.275 6.283 6.291 6.299 6.306 6.314 6.321 6.328 6.334 6.340 6.347 6.352 6.358 6.363 6.369 6.374 6.379
