TsunamiDB/out54064.asc
ncols          264
nrows          230
xllcorner      497853.4375
yllcorner      4229146.0000
cellsize         5.
NODATA_value   -99
[rows 132 to 164 of 230, columns 150 to 224 of 264]
6.321 6.329 6.338 6.347 6.358 6.371 6.386 6.402 6.420 6.441 6.462 6.486 6.510 6.536 6.562 6.588 6.615 6.642 6.668 6.695 6.720 6.744 6.769 6.794 6.818 6.843 6.867 6.891 6.915 6.938 6.960 6.980 7.000 7.017 7.031 7.044 7.057 7.073 7.090 7.110 7.134 7.163 7.195 7.230 7.271 7.316 7.363 7.411 7.463 7.524 7.591 7.661 7.732 7.806 7.885 7.968 8.049 8.104 8.164 8.248 8.329 8.405 8.474 8.539 8.597 8.645 8.683 8.702 8.722 8.752 8.777 8.799 8.816 8.828 8.837
6.337 6.345 6.353 6.362 6.373 6.385 6.399 6.415 6.433 6.452 6.474 6.497 6.521 6.546 6.573 6.599 6.627 6.654 6.681 6.708 6.733 6.758 6.783 6.808 6.834 6.859 6.883 6.908 6.932 6.955 6.978 6.999 7.019 7.036 7.051 7.063 7.076 7.092 7.110 7.130 7.155 7.185 7.220 7.259 7.304 7.353 7.403 7.453 7.508 7.572 7.640 7.710 7.780 7.853 7.933 8.017 8.099 8.154 8.214 8.299 8.377 8.451 8.518 8.580 8.634 8.677 8.711 8.727 8.744 8.770 8.792 8.812 8.826 8.837 8.846
6.351 6.360 6.368 6.377 6.388 6.399 6.413 6.428 6.445 6.464 6.485 6.508 6.532 6.558 6.584 6.611 6.639 6.666 6.694 6.721 6.747 6.773 6.798 6.824 6.849 6.875 6.900 6.925 6.950 6.974 6.997 7.019 7.039 7.056 7.071 7.083 7.096 7.112 7.130 7.151 7.177 7.209 7.247 7.290 7.338 7.390 7.444 7.495 7.552 7.618 7.687 7.758 7.828 7.901 7.980 8.063 8.148 8.204 8.263 8.346 8.423 8.494 8.558 8.617 8.668 8.708 8.737 8.751 8.765 8.788 8.807 8.824 8.837 8.847 8.855
6.366 6.374 6.383 6.392 6.402 6.414 6.427 6.441 6.458 6.476 6.497 6.519 6.544 6.569 6.596 6.623 6.651 6.679 6.708 6.735 6.761 6.787 6.814 6.840 6.866 6.892 6.917 6.943 6.968 6.992 7.016 7.038 7.059 7.077 7.091 7.103 7.116 7.132 7.151 7.173 7.201 7.235 7.275 7.322 7.374 7.429 7.486 7.539 7.596 7.664 7.735 7.806 7.876 7.950 8.027 8.112 8.201 8.257 8.313 8.394 8.469 8.537 8.598 8.654 8.701 8.737 8.762 8.773 8.785 8.804 8.821 8.836 8.847 8.856 8.863
6.380 6.389 6.398 6.407 6.417 6.428 6.440 6.455 6.471 6.489 6.509 6.531 6.555 6.580 6.607 6.635 6.663 6.692 6.721 6.749 6.776 6.803 6.829 6.856 6.883 6.909 6.935 6.961 6.987 7.012 7.036 7.059 7.079 7.097 7.112 7.123 7.136 7.154 7.174 7.197 7.227 7.263 7.307 7.357 7.412 7.471 7.530 7.583 7.640 7.709 7.782 7.854 7.926 7.999 8.076 8.169 8.259 8.310 8.364 8.442 8.513 8.578 8.635 8.687 8.732 8.762 8.781 8.791 8.802 8.819 8.833 8.846 8.856 8.864 8.871
6.395 6.404 6.412 6.422 6.431 6.442 6.454 6.468 6.484 6.501 6.521 6.543 6.567 6.592 6.619 6.647 6.675 6.705 6.734 6.763 6.790 6.818 6.845 6.873 6.900 6.927 6.953 6.980 7.006 7.031 7.056 7.079 7.100 7.118 7.132 7.144 7.158 7.178 7.200 7.224 7.256 7.296 7.342 7.394 7.452 7.514 7.574 7.627 7.685 7.756 7.830 7.904 7.978 8.054 8.137 8.229 8.313 8.361 8.412 8.486 8.554 8.615 8.669 8.717 8.756 8.781 8.799 8.809 8.818 8.832 8.845 8.856 8.864 8.871 8.879
6.410 6.419 6.428 6.437 6.446 6.457 6.469 6.482 6.497 6.514 6.533 6.555 6.578 6.603 6.630 6.658 6.687 6.717 6.747 6.776 6.805 6.833 6.861 6.889 6.917 6.944 6.972 6.998 7.025 7.051 7.076 7.099 7.121 7.139 7.154 7.168 7.183 7.205 7.228 7.255 7.289 7.331 7.379 7.433 7.493 7.557 7.618 7.672 7.730 7.804 7.881 7.957 8.033 8.114 8.200 8.286 8.364 8.408 8.457 8.527 8.591 8.649 8.699 8.742 8.776 8.799 8.817 8.825 8.832 8.845 8.856 8.865 8.872 8.879 8.887
6.426 6.435 6.443 6.452 6.462 6.472 6.483 6.496 6.510 6.527 6.546 6.566 6.589 6.614 6.641 6.670 6.699 6.729 6.760 6.790 6.819 6.848 6.877 6.906 6.934 6.962 6.990 7.017 7.044 7.071 7.096 7.120 7.142 7.161 7.177 7.193 7.211 7.234 7.260 7.289 7.325 7.368 7.417 7.473 7.535 7.600 7.663 7.717 7.777 7.854 7.934 8.013 8.093 8.175 8.259 8.340 8.412 8.453 8.498 8.564 8.625 8.679 8.725 8.763 8.794 8.817 8.833 8.840 8.846 8.857 8.866 8.874 8.880 8.887 8.894
6.442 6.451 6.460 6.468 6.477 6.487 6.498 6.510 6.524 6.540 6.558 6.578 6.601 6.626 6.652 6.681 6.710 6.741 6.773 6.803 6.833 6.863 6.893 6.922 6.951 6.980 7.008 7.036 7.064 7.091 7.116 7.141 7.164 7.184 7.203 7.221 7.241 7.266 7.294 7.325 7.363 7.407 7.457 7.513 7.576 7.643 7.710 7.766 7.827 7.907 7.989 8.072 8.153 8.234 8.315 8.390 8.457 8.495 8.537 8.599 8.655 8.706 8.748 8.784 8.812 8.833 8.848 8.854 8.860 8.869 8.877 8.883 8.888 8.894 8.901
6.459 6.468 6.477 6.485 6.494 6.504 6.514 6.526 6.539 6.554 6.571 6.591 6.613 6.637 6.664 6.692 6.722 6.753 6.785 6.816 6.847 6.878 6.908 6.938 6.968 6.997 7.026 7.055 7.083 7.110 7.137 7.162 7.187 7.210 7.231 7.251 7.273 7.301 7.331 7.363 7.402 7.447 7.497 7.553 7.618 7.688 7.759 7.816 7.878 7.962 8.047 8.131 8.211 8.290 8.367 8.437 8.500 8.535 8.573 8.630 8.683 8.730 8.769 8.803 8.829 8.849 8.862 8.868 8.872 8.880 8.886 8.891 8.895 8.900 8.906
6.477 6.486 6.495 6.503 6.512 6.521 6.531 6.541 6.554 6.568 6.585 6.604 6.625 6.649 6.675 6.703 6.733 6.764 6.797 6.829 6.860 6.892 6.923 6.954 6.984 7.014 7.044 7.073 7.102 7.130 7.158 7.185 7.212 7.237 7.260 7.283 7.307 7.336 7.368 7.402 7.442 7.488 7.538 7.594 7.660 7.735 7.810 7.868 7.932 8.019 8.105 8.188 8.267 8.344 8.416 8.482 8.540 8.572 8.607 8.660 8.709 8.753 8.790 8.821 8.846 8.864 8.876 8.880 8.884 8.890 8.895 8.899 8.902 8.905 8.911
6.496 6.505 6.513 6.522 6.530 6.539 6.548 6.558 6.570 6.584 6.599 6.617 6.637 6.661 6.686 6.714 6.744 6.776 6.809 6.841 6.874 6.906 6.938 6.970 7.001 7.031 7.061 7.091 7.121 7.151 7.180 7.209 7.237 7.265 7.291 7.316 7.342 7.373 7.406 7.441 7.483 7.529 7.579 7.637 7.706 7.784 7.863 7.922 7.987 8.076 8.162 8.243 8.319 8.392 8.461 8.522 8.576 8.606 8.638 8.687 8.732 8.773 8.808 8.838 8.862 8.878 8.888 8.891 8.894 8.899 8.903 8.906 8.908 8.911 8.916
6.514 6.524 6.533 6.541 6.550 6.558 6.567 6.576 6.587 6.600 6.614 6.631 6.651 6.673 6.698 6.726 6.755 6.787 6.820 6.854 6.886 6.920 6.952 6.985 7.016 7.047 7.078 7.110 7.141 7.172 7.203 7.234 7.264 7.295 7.323 7.350 7.377 7.410 7.444 7.481 7.524 7.571 7.623 7.682 7.752 7.832 7.915 7.976 8.042 8.131 8.215 8.295 8.368 8.438 8.503 8.561 8.612 8.639 8.668 8.714 8.756 8.793 8.826 8.854 8.877 8.892 8.900 8.902 8.904 8.907 8.911 8.914 8.915 8.917 8.922
6.533 6.543 6.553 6.561 6.570 6.578 6.587 6.596 6.606 6.617 6.631 6.646 6.665 6.686 6.710 6.737 6.767 6.799 6.832 6.866 6.899 6.933 6.966 6.999 7.032 7.064 7.095 7.128 7.161 7.193 7.226 7.259 7.292 7.325 7.356 7.384 7.413 7.447 7.482 7.521 7.565 7.614 7.667 7.728 7.799 7.883 7.973 8.034 8.098 8.186 8.269 8.346 8.417 8.484 8.545 8.599 8.647 8.671 8.698 8.740 8.779 8.813 8.843 8.870 8.892 8.906 8.911 8.911 8.912 8.915 8.918 8.921 8.922 8.924 8.928
6.552 6.563 6.573 6.582 6.591 6.599 6.607 6.616 6.625 6.636 6.648 6.663 6.680 6.700 6.723 6.749 6.779 6.810 6.844 6.878 6.912 6.946 6.980 7.014 7.047 7.079 7.113 7.147 7.182 7.216 7.251 7.286 7.321 7.355 7.388 7.417 7.447 7.483 7.521 7.561 7.607 7.658 7.714 7.777 7.851 7.943 8.036 8.093 8.155 8.241 8.321 8.396 8.464 8.527 8.585 8.636 8.680 8.702 8.726 8.765 8.801 8.833 8.861 8.886 8.907 8.917 8.918 8.919 8.919 8.922 8.925 8.928 8.930 8.932 8.935
6.570 6.582 6.593 6.603 6.612 6.620 6.629 6.637 6.646 6.655 6.667 6.680 6.696 6.715 6.737 6.762 6.791 6.822 6.855 6.890 6.924 6.959 6.994 7.027 7.061 7.095 7.131 7.167 7.204 7.240 7.276 7.313 7.350 7.385 7.418 7.450 7.484 7.522 7.560 7.603 7.652 7.707 7.766 7.833 7.915 8.009 8.095 8.150 8.209 8.293 8.371 8.443 8.508 8.568 8.623 8.670 8.712 8.732 8.754 8.790 8.822 8.852 8.877 8.900 8.917 8.924 8.926 8.926 8.926 8.928 8.932 8.936 8.938 8.942 8.948
6.588 6.600 6.612 6.623 6.633 6.642 6.651 6.659 6.667 6.676 6.686 6.698 6.713 6.731 6.751 6.776 6.803 6.834 6.867 6.902 6.936 6.972 7.007 7.041 7.076 7.112 7.150 7.188 7.227 7.264 7.303 7.341 7.378 7.414 7.449 7.484 7.521 7.561 7.602 7.649 7.702 7.760 7.823 7.896 7.981 8.070 8.152 8.204 8.261 8.342 8.418 8.488 8.550 8.607 8.658 8.703 8.742 8.761 8.780 8.813 8.843 8.869 8.892 8.911 8.924 8.931 8.934 8.934 8.933 8.936 8.940 8.945 8.949 8.955 8.965
6.605 6.618 6.631 6.643 6.654 6.664 6.673 6.681 6.689 6.698 6.707 6.718 6.731 6.747 6.767 6.790 6.816 6.846 6.879 6.914 6.949 6.984 7.020 7.055 7.092 7.130 7.170 7.210 7.250 7.290 7.329 7.368 7.406 7.443 7.481 7.520 7.561 7.604 7.647 7.699 7.757 7.818 7.885 7.961 8.044 8.128 8.206 8.255 8.310 8.389 8.463 8.530 8.590 8.645 8.693 8.735 8.771 8.787 8.805 8.835 8.862 8.885 8.904 8.920 8.931 8.938 8.942 8.941 8.940 8.944 8.950 8.956 8.962 8.970 8.981
6.621 6.635 6.649 6.662 6.674 6.685 6.694 6.703 6.711 6.720 6.728 6.738 6.750 6.765 6.783 6.804 6.830 6.859 6.891 6.925 6.960 6.996 7.033 7.071 7.110 7.150 7.191 7.233 7.274 7.315 7.356 7.396 7.435 7.474 7.514 7.557 7.604 7.650 7.697 7.753 7.814 7.880 7.949 8.024 8.103 8.183 8.258 8.305 8.358 8.434 8.505 8.571 8.628 8.680 8.726 8.765 8.798 8.813 8.829 8.856 8.879 8.900 8.916 8.928 8.938 8.944 8.950 8.949 8.948 8.954 8.961 8.969 8.977 8.986 8.998
6.636 6.651 6.666 6.680 6.693 6.705 6.716 6.725 6.734 6.742 6.750 6.760 6.770 6.784 6.800 6.820 6.844 6.872 6.904 6.937 6.972 7.009 7.048 7.087 7.128 7.171 7.213 7.257 7.299 7.341 7.383 7.424 7.464 7.506 7.550 7.598 7.650 7.699 7.750 7.810 7.876 7.944 8.012 8.084 8.159 8.236 8.308 8.354 8.404 8.477 8.547 8.610 8.665 8.714 8.757 8.793 8.824 8.837 8.851 8.875 8.896 8.913 8.926 8.937 8.945 8.952 8.958 8.958 8.957 8.965 8.973 8.983 8.992 9.003 9.014
6.650 6.667 6.683 6.698 6.712 6.725 6.736 6.747 6.756 6.764 6.773 6.781 6.791 6.803 6.817 6.836 6.858 6.886 6.916 6.949 6.985 7.023 7.063 7.105 7.148 7.192 7.236 7.280 7.324 7.367 7.410 7.453 7.496 7.540 7.588 7.643 7.700 7.752 7.805 7.870 7.939 8.005 8.072 8.141 8.212 8.286 8.357 8.401 8.449 8.521 8.587 8.647 8.700 8.746 8.787 8.821 8.848 8.859 8.871 8.892 8.910 8.925 8.936 8.945 8.952 8.960 8.967 8.967 8.967 8.977 8.987 8.997 9.007 9.018 9.030
6.664 6.681 6.698 6.714 6.729 6.743 6.756 6.767 6.777 6.786 6.795 6.803 6.812 6.822 6.835 6.852 6.873 6.899 6.929 6.961 6.998 7.038 7.080 7.124 7.169 7.214 7.259 7.304 7.348 7.393 7.438 7.483 7.529 7.577 7.630 7.690 7.752 7.806 7.862 7.930 7.998 8.064 8.128 8.194 8.262 8.334 8.404 8.446 8.492 8.562 8.625 8.682 8.732 8.776 8.814 8.845 8.870 8.880 8.889 8.907 8.923 8.936 8.946 8.953 8.960 8.968 8.977 8.978 8.979 8.989 9.000 9.011 9.022 9.033 9.044
6.677 6.695 6.713 6.730 6.746 6.761 6.775 6.787 6.798 6.808 6.816 6.824 6.833 6.842 6.853 6.868 6.888 6.913 6.942 6.975 7.012 7.053 7.097 7.143 7.190 7.236 7.282 7.327 7.372 7.419 7.467 7.515 7.564 7.617 7.674 7.738 7.805 7.862 7.919 7.988 8.056 8.121 8.183 8.246 8.312 8.380 8.450 8.491 8.536 8.602 8.662 8.716 8.763 8.805 8.841 8.869 8.891 8.899 8.907 8.922 8.937 8.948 8.956 8.963 8.969 8.977 8.987 8.989 8.990 9.002 9.013 9.025 9.036 9.047 9.058
6.689 6.708 6.727 6.745 6.762 6.778 6.793 6.806 6.818 6.828 6.837 6.845 6.853 6.862 6.872 6.885 6.902 6.927 6.956 6.988 7.027 7.069 7.115 7.163 7.211 7.259 7.305 7.351 7.397 7.447 7.498 7.550 7.603 7.661 7.722 7.790 7.863 7.921 7.977 8.047 8.115 8.178 8.238 8.299 8.360 8.427 8.498 8.539 8.580 8.643 8.700 8.750 8.794 8.834 8.867 8.893 8.911 8.917 8.923 8.937 8.950 8.959 8.967 8.973 8.979 8.987 8.999 9.001 9.003 9.015 9.027 9.038 9.050 9.061 9.071
6.701 6.721 6.740 6.758 6.776 6.794 6.809 6.824 6.837 6.848 6.857 6.866 6.873 6.881 6.890 6.901 6.918 6.942 6.970 7.004 7.043 7.086 7.134 7.183 7.233 7.281 7.328 7.375 7.424 7.476 7.531 7.587 7.646 7.708 7.774 7.851 7.926 7.980 8.035 8.104 8.171 8.233 8.292 8.350 8.409 8.479 8.550 8.586 8.624 8.683 8.736 8.783 8.824 8.861 8.892 8.914 8.928 8.933 8.938 8.950 8.962 8.971 8.978 8.983 8.988 8.999 9.014 9.015 9.017 9.029 9.041 9.052 9.063 9.074 9.084
6.713 6.733 6.752 6.772 6.790 6.808 6.825 6.841 6.854 6.866 6.876 6.885 6.893 6.900 6.908 6.918 6.934 6.958 6.986 7.020 7.060 7.104 7.153 7.203 7.253 7.303 7.353 7.402 7.453 7.509 7.569 7.630 7.695 7.762 7.836 7.915 7.987 8.039 8.093 8.160 8.226 8.288 8.346 8.404 8.465 8.535 8.598 8.632 8.667 8.722 8.771 8.814 8.852 8.886 8.913 8.932 8.945 8.949 8.952 8.963 8.974 8.983 8.989 8.995 9.003 9.015 9.028 9.029 9.031 9.043 9.054 9.066 9.076 9.086 9.094
6.725 6.745 6.765 6.784 6.804 6.822 6.840 6.856 6.871 6.884 6.895 6.904 6.912 6.919 6.926 6.936 6.951 6.975 7.003 7.037 7.077 7.122 7.171 7.222 7.274 7.327 7.381 7.432 7.485 7.546 7.612 7.678 7.748 7.822 7.900 7.977 8.046 8.097 8.148 8.215 8.281 8.342 8.401 8.460 8.523 8.587 8.645 8.675 8.708 8.758 8.804 8.843 8.878 8.908 8.931 8.948 8.961 8.964 8.967 8.977 8.987 8.995 9.002 9.010 9.019 9.030 9.042 9.043 9.045 9.056 9.067 9.078 9.087 9.096 9.102
6.737 6.757 6.777 6.797 6.817 6.836 6.854 6.871 6.887 6.901 6.912 6.922 6.931 6.938 6.945 6.954 6.969 6.992 7.020 7.054 7.094 7.140 7.189 7.241 7.297 7.354 7.411 7.464 7.521 7.588 7.658 7.730 7.806 7.884 7.962 8.037 8.104 8.152 8.203 8.270 8.335 8.396 8.457 8.517 8.577 8.636 8.689 8.716 8.747 8.793 8.834 8.870 8.901 8.928 8.949 8.965 8.977 8.979 8.981 8.991 9.001 9.009 9.017 9.026 9.035 9.046 9.056 9.057 9.058 9.069 9.080 9.089 9.098 9.105 9.110
6.748 6.768 6.789 6.809 6.829 6.849 6.868 6.886 6.902 6.917 6.929 6.940 6.949 6.957 6.964 6.973 6.987 7.010 7.038 7.071 7.111 7.158 7.208 7.262 7.321 7.383 7.444 7.500 7.561 7.633 7.708 7.786 7.865 7.944 8.022 8.095 8.161 8.208 8.257 8.323 8.388 8.451 8.512 8.571 8.629 8.683 8.730 8.756 8.783 8.825 8.862 8.895 8.923 8.947 8.966 8.981 8.993 8.994 8.996 9.006 9.015 9.024 9.033 9.042 9.051 9.061 9.070 9.071 9.072 9.082 9.091 9.100 9.107 9.113 9.117
6.761 6.780 6.800 6.821 6.841 6.861 6.881 6.899 6.917 6.932 6.946 6.958 6.968 6.976 6.983 6.991 7.005 7.028 7.055 7.088 7.128 7.175 7.227 7.285 7.348 7.414 7.480 7.539 7.603 7.681 7.761 7.843 7.923 8.002 8.079 8.152 8.217 8.262 8.310 8.376 8.441 8.504 8.564 8.622 8.677 8.728 8.771 8.793 8.818 8.855 8.889 8.919 8.944 8.965 8.983 8.997 9.009 9.010 9.012 9.021 9.031 9.040 9.049 9.058 9.068 9.076 9.085 9.084 9.085 9.094 9.102 9.110 9.116 9.121 9.125
6.773 6.792 6.812 6.833 6.854 6.874 6.894 6.913 6.931 6.948 6.963 6.975 6.986 6.995 7.002 7.010 7.023 7.045 7.072 7.104 7.146 7.194 7.248 7.309 7.377 7.448 7.519 7.580 7.648 7.731 7.815 7.898 7.979 8.058 8.135 8.207 8.271 8.315 8.362 8.428 8.493 8.556 8.614 8.671 8.723 8.770 8.808 8.829 8.851 8.884 8.914 8.941 8.964 8.984 9.000 9.014 9.026 9.027 9.028 9.038 9.047 9.056 9.065 9.075 9.084 9.092 9.099 9.098 9.098 9.105 9.113 9.120 9.125 9.129 9.132
6.786 6.805 6.825 6.845 6.866 6.887 6.907 6.927 6.946 6.963 6.979 6.993 7.005 7.014 7.021 7.028 7.041 7.062 7.089 7.122 7.164 7.214 7.271 7.336 7.409 7.485 7.560 7.624 7.694 7.781 7.867 7.951 8.032 8.110 8.187 8.258 8.322 8.366 8.412 8.478 8.542 8.603 8.660 8.715 8.765 8.807 8.842 8.861 8.880 8.910 8.938 8.963 8.984 9.002 9.018 9.031 9.042 9.043 9.044 9.054 9.063 9.073 9.082 9.091 9.099 9.107 9.112 9.111 9.111 9.117 9.123 9.129 9.133 9.137 9.140
6.800 6.818 6.838 6.858 6.879 6.900 6.921 6.941 6.961 6.979 6.996 7.011 7.023 7.033 7.040 7.047 7.059 7.080 7.107 7.140 7.184 7.236 7.296 7.365 7.442 7.522 7.600 7.666 7.739 7.828 7.915 8.000 8.081 8.160 8.236 8.306 8.371 8.414 8.461 8.525 8.588 8.648 8.703 8.756 8.804 8.844 8.876 8.892 8.909 8.936 8.961 8.984 9.004 9.021 9.036 9.049 9.060 9.060 9.061 9.071 9.080 9.089 9.098 9.107 9.115 9.122 9.126 9.124 9.123 9.128 9.133 9.138 9.142 9.145 9.148
