TsunamiDB/out54102.asc
ncols          264
nrows          230
xllcorner      497853.4375
yllcorner      4229146.0000
cellsize         5.
NODATA_value   -99
[rows 0 to 33 of 230, columns 0 to 76 of 264]
-99.000 -99.000 -99.000 -99.000 -99.000 -99.000 -99.000 -99.000 -99.000 -99.000 -99.000 -99.000 -99.000 -99.000 -99.000 -99.000 -99.000 -99.000 -99.000 -99.000 -99.000 -99.000 -99.000 -99.000 -99.000 -99.000 -99.000 -99.000 -99.000 -99.000 1.651 1.677 1.783 1.982 2.243 2.524 2.788 3.013 3.194 3.336 3.449 3.544 3.625 3.698 3.764 3.826 3.884 3.940 3.992 4.043 4.091 4.137 4.182 4.224 4.266 4.306 4.345 4.382 4.419 4.455 4.490 4.524 4.557 4.588 4.620 4.651 4.682 4.713 4.743 4.772 4.801 4.829 4.858 4.885 4.912 4.939 4.965
-99.000 -99.000 -99.000 -99.000 -99.000 -99.000 -99.000 -99.000 -99.000 -99.000 -99.000 -99.000 -99.000 -99.000 -99.000 -99.000 -99.000 -99.000 -99.000 -99.000 -99.000 -99.000 -99.000 -99.000 -99.000 -99.000 -99.000 -99.000 -99.000 1.650 1.658 1.717 1.870 2.105 2.381 2.657 2.904 3.107 3.267 3.394 3.496 3.584 3.660 3.729 3.794 3.854 3.911 3.965 4.017 4.066 4.114 4.159 4.203 4.245 4.286 4.326 4.364 4.402 4.438 4.473 4.508 4.542 4.574 4.605 4.636 4.668 4.698 4.728 4.758 4.787 4.816 4.844 4.872 4.900 4.927 4.953 4.979
-99.000 -99.000 -99.000 -99.000 -99.000 -99.000 -99.000 -99.000 -99.000 -99.000 -99.000 -99.000 -99.000 -99.000 -99.000 -99.000 -99.000 -99.000 -99.000 -99.000 -99.000 -99.000 -99.000 -99.000 -99.000 -99.000 -99.000 -99.000 -99.000 1.651 1.676 1.780 1.978 2.238 2.519 2.783 3.008 3.189 3.332 3.445 3.539 3.620 3.693 3.760 3.822 3.881 3.936 3.989 4.040 4.089 4.136 4.180 4.224 4.266 4.306 4.345 4.383 4.420 4.456 4.491 4.525 4.558 4.590 4.621 4.652 4.683 4.713 4.743 4.773 4.802 4.830 4.858 4.886 4.913 4.940 4.967 4.993
-99.000 -99.000 -99.000 -99.000 -99.000 -99.000 -99.000 -99.000 -99.000 -99.000 -99.000 -99.000 -99.000 -99.000 -99.000 -99.000 -99.000 -99.000 -99.000 -99.000 -99.000 -99.000 -99.000 -99.000 -99.000 -99.000 -99.000 -99.000 1.650 1.657 1.715 1.867 2.100 2.375 2.652 2.898 3.102 3.263 3.390 3.492 3.578 3.655 3.724 3.789 3.849 3.906 3.961 4.013 4.063 4.111 4.157 4.201 4.244 4.285 4.325 4.364 4.401 4.438 4.473 4.508 4.542 4.575 4.606 4.637 4.668 4.698 4.728 4.758 4.787 4.815 4.844 4.872 4.899 4.926 4.953 4.980 5.006
-99.000 -99.000 -99.000 -99.000 -99.000 -99.000 -99.000 -99.000 -99.000 -99.000 -99.000 -99.000 -99.000 -99.000 -99.000 -99.000 -99.000 -99.000 -99.000 -99.000 -99.000 -99.000 -99.000 -99.000 -99.000 -99.000 -99.000 -99.000 1.651 1.675 1.777 1.973 2.232 2.513 2.777 3.003 3.184 3.327 3.441 3.534 3.615 3.687 3.754 3.816 3.875 3.931 3.984 4.035 4.084 4.132 4.177 4.221 4.263 4.304 4.343 4.382 4.419 4.455 4.490 4.524 4.558 4.591 4.622 4.652 4.683 4.713 4.742 4.772 4.800 4.829 4.857 4.885 4.912 4.939 4.966 4.992 5.018
-99.000 -99.000 -99.000 -99.000 -99.000 -99.000 -99.000 -99.000 -99.000 -99.000 -99.000 -99.000 -99.000 -99.000 -99.000 -99.000 -99.000 -99.000 -99.000 -99.000 -99.000 -99.000 -99.000 -99.000 -99.000 -99.000 -99.000 1.650 1.657 1.713 1.863 2.095 2.370 2.646 2.893 3.096 3.257 3.385 3.487 3.573 3.649 3.718 3.782 3.842 3.900 3.954 4.007 4.057 4.105 4.152 4.197 4.240 4.282 4.322 4.361 4.399 4.436 4.472 4.506 4.540 4.573 4.606 4.637 4.667 4.697 4.727 4.756 4.785 4.814 4.842 4.870 4.897 4.924 4.951 4.977 5.004 5.030
-99.000 -99.000 -99.000 -99.000 -99.000 -99.000 -99.000 -99.000 -99.000 -99.000 -99.000 -99.000 -99.000 -99.000 -99.000 -99.000 -99.000 -99.000 -99.000 -99.000 -99.000 -99.000 -99.000 -99.000 -99.000 -99.000 -99.000 1.651 1.674 1.774 1.968 2.226 2.507 2.771 2.998 3.179 3.322 3.436 3.530 3.609 3.681 3.747 3.809 3.868 3.923 3.977 4.028 4.078 4.125 4.171 4.215 4.258 4.300 4.340 4.378 4.416 4.452 4.488 4.522 4.556 4.589 4.621 4.651 4.681 4.711 4.740 4.769 4.798 4.826 4.854 4.882 4.909 4.936 4.962 4.989 5.015 5.041
-99.000 -99.000 -99.000 -99.000 -99.000 -99.000 -99.000 -99.000 -99.000 -99.000 -99.000 -99.000 -99.000 -99.000 -99.000 -99.000 -99.000 -99.000 -99.000 -99.000 -99.000 -99.000 -99.000 -99.000 -99.000 -99.000 1.650 1.656 1.710 1.858 2.088 2.363 2.639 2.887 3.091 3.252 3.379 3.482 3.568 3.643 3.711 3.775 3.835 3.892 3.947 3.999 4.049 4.098 4.145 4.190 4.234 4.276 4.317 4.357 4.395 4.432 4.468 4.503 4.537 4.571 4.603 4.635 4.665 4.695 4.724 4.754 4.782 4.811 4.839 4.866 4.894 4.921 4.947 4.974 5.000 5.025 5.051
-99.000 -99.000 -99.000 -99.000 -99.000 -99.000 -99.000 -99.000 -99.000 -99.000 -99.000 -99.000 -99.000 -99.000 -99.000 -99.000 -99.000 -99.000 -99.000 -99.000 -99.000 -99.000 -99.000 -99.000 -99.000 -99.000 1.651 1.672 1.770 1.962 2.219 2.499 2.764 2.991 3.174 3.317 3.430 3.524 3.605 3.675 3.740 3.802 3.860 3.916 3.969 4.020 4.069 4.117 4.163 4.208 4.251 4.293 4.334 4.373 4.411 4.448 4.484 4.518 4.552 4.585 4.618 4.649 4.679 4.708 4.738 4.767 4.795 4.823 4.851 4.878 4.905 4.932 4.958 4.984 5.010 5.036 5.061
-99.000 -99.000 -99.000 -99.000 -99.000 -99.000 -99.000 -99.000 -99.000 -99.000 -99.000 -99.000 -99.000 -99.000 -99.000 -99.000 -99.000 -99.000 -99.000 -99.000 -99.000 -99.000 -99.000 -99.000 -99.000 1.650 1.656 1.707 1.852 2.080 2.354 2.631 2.879 3.085 3.247 3.374 3.477 3.563 3.638 3.706 3.768 3.828 3.884 3.938 3.990 4.041 4.089 4.136 4.182 4.226 4.268 4.310 4.350 4.389 4.426 4.463 4.499 4.533 4.567 4.599 4.631 4.663 4.692 4.721 4.750 4.779 4.807 4.835 4.862 4.890 4.916 4.943 4.969 4.995 5.020 5.046 5.071
-99.000 -99.000 -99.000 -99.000 -99.000 -99.000 -99.000 -99.000 -99.000 -99.000 -99.000 -99.000 -99.000 -99.000 -99.000 -99.000 -99.000 -99.000 -99.000 -99.000 -99.000 -99.000 -99.000 -99.000 -99.000 1.651 1.671 1.765 1.954 2.209 2.489 2.755 2.984 3.167 3.311 3.425 3.519 3.599 3.670 3.735 3.795 3.853 3.908 3.961 4.012 4.061 4.108 4.155 4.199 4.243 4.285 4.326 4.366 4.404 4.442 4.478 4.513 4.547 4.581 4.613 4.645 4.676 4.705 4.734 4.763 4.791 4.819 4.847 4.874 4.901 4.927 4.953 4.979 5.005 5.030 5.055 5.080
-99.000 -99.000 -99.000 -99.000 -99.000 -99.000 -99.000 -99.000 -99.000 -99.000 -99.000 -99.000 -99.000 -99.000 -99.000 -99.000 -99.000 -99.000 -99.000 -99.000 -99.000 -99.000 -99.000 -99.000 1.650 1.655 1.704 1.845 2.070 2.343 2.620 2.870 3.077 3.240 3.369 3.472 3.558 3.633 3.701 3.763 3.821 3.877 3.931 3.982 4.032 4.080 4.127 4.173 4.217 4.259 4.301 4.342 4.381 4.419 4.456 4.492 4.527 4.561 4.594 4.627 4.658 4.689 4.718 4.747 4.775 4.803 4.831 4.858 4.885 4.912 4.938 4.964 4.989 5.015 5.040 5.064 5.089
-99.000 -99.000 -99.000 -99.000 -99.000 -99.000 -99.000 -99.000 -99.000 -99.000 -99.000 -99.000 -99.000 -99.000 -99.000 -99.000 -99.000 -99.000 -99.000 -99.000 -99.000 -99.000 -99.000 -99.000 1.651 1.669 1.759 1.944 2.197 2.477 2.744 2.975 3.160 3.305 3.420 3.514 3.594 3.665 3.730 3.790 3.846 3.901 3.953 4.004 4.052 4.100 4.146 4.190 4.234 4.276 4.317 4.357 4.396 4.434 4.471 4.506 4.541 4.575 4.608 4.640 4.671 4.702 4.731 4.759 4.787 4.815 4.843 4.870 4.896 4.922 4.948 4.974 4.999 5.024 5.049 5.074 5.098
-99.000 -99.000 -99.000 -99.000 -99.000 -99.000 -99.000 -99.000 -99.000 -99.000 -99.000 -99.000 -99.000 -99.000 -99.000 -99.000 -99.000 -99.000 -99.000 -99.000 -99.000 -99.000 -99.000 1.650 1.654 1.699 1.836 2.058 2.329 2.607 2.859 3.068 3.233 3.363 3.467 3.553 3.628 3.696 3.758 3.816 3.871 3.924 3.975 4.024 4.072 4.119 4.164 4.208 4.250 4.292 4.333 4.372 4.411 4.448 4.485 4.520 4.555 4.588 4.621 4.653 4.684 4.714 4.743 4.771 4.799 4.827 4.854 4.881 4.907 4.933 4.959 4.984 5.009 5.034 5.058 5.083 5.107
-99.000 -99.000 -99.000 -99.000 -99.000 -99.000 -99.000 -99.000 -99.000 -99.000 -99.000 -99.000 -99.000 -99.000 -99.000 -99.000 -99.000 -99.000 -99.000 -99.000 -99.000 -99.000 -99.000 1.651 1.667 1.751 1.932 2.183 2.462 2.731 2.964 3.152 3.299 3.415 3.509 3.590 3.661 3.726 3.786 3.841 3.895 3.947 3.997 4.045 4.092 4.137 4.182 4.225 4.267 4.308 4.348 4.387 4.425 4.462 4.498 4.534 4.568 4.601 4.634 4.666 4.696 4.726 4.755 4.783 4.811 4.838 4.865 4.892 4.918 4.943 4.969 4.994 5.019 5.043 5.067 5.091 5.115
-99.000 -99.000 -99.000 -99.000 -99.000 -99.000 -99.000 -99.000 -99.000 -99.000 -99.000 -99.000 -99.000 -99.000 -99.000 -99.000 -99.000 -99.000 -99.000 -99.000 -99.000 -99.000 1.650 1.654 1.694 1.825 2.043 2.313 2.592 2.846 3.058 3.226 3.357 3.462 3.549 3.624 3.692 3.754 3.812 3.866 3.919 3.970 4.018 4.066 4.111 4.156 4.200 4.242 4.283 4.324 4.363 4.402 4.439 4.476 4.512 4.547 4.581 4.614 4.647 4.678 4.709 4.739 4.766 4.794 4.822 4.849 4.876 4.902 4.928 4.954 4.979 5.004 5.028 5.052 5.076 5.100 5.124
-99.000 -99.000 -99.000 -99.000 -99.000 -99.000 -99.000 -99.000 -99.000 -99.000 -99.000 -99.000 -99.000 -99.000 -99.000 -99.000 -99.000 -99.000 -99.000 -99.000 -99.000 -99.000 1.650 1.664 1.743 1.918 2.165 2.444 2.715 2.951 3.142 3.291 3.409 3.505 3.586 3.657 3.722 3.783 3.838 3.891 3.943 3.992 4.040 4.086 4.131 4.175 4.217 4.259 4.300 4.339 4.378 4.416 4.454 4.490 4.526 4.560 4.594 4.627 4.659 4.691 4.721 4.750 4.778 4.806 4.834 4.861 4.887 4.913 4.939 4.964 4.989 5.013 5.038 5.062 5.085 5.109 5.132
-99.000 -99.000 -99.000 -99.000 -99.000 -99.000 -99.000 -99.000 -99.000 -99.000 -99.000 -99.000 -99.000 -99.000 -99.000 -99.000 -99.000 -99.000 -99.000 -99.000 -99.000 1.650 1.653 1.689 1.813 2.026 2.293 2.573 2.830 3.045 3.216 3.350 3.457 3.545 3.621 3.689 3.751 3.810 3.864 3.915 3.966 4.014 4.061 4.106 4.150 4.193 4.235 4.276 4.316 4.355 4.394 4.431 4.468 4.504 4.539 4.573 4.607 4.640 4.672 4.703 4.733 4.762 4.790 4.818 4.845 4.872 4.898 4.924 4.949 4.974 4.999 5.023 5.047 5.071 5.094 5.118 5.141
-99.000 -99.000 -99.000 -99.000 -99.000 -99.000 -99.000 -99.000 -99.000 -99.000 -99.000 -99.000 -99.000 -99.000 -99.000 -99.000 -99.000 -99.000 -99.000 -99.000 -99.000 1.650 1.662 1.734 1.902 2.145 2.423 2.696 2.935 3.130 3.283 3.403 3.500 3.582 3.654 3.719 3.780 3.836 3.889 3.940 3.989 4.036 4.082 4.127 4.170 4.212 4.253 4.293 4.333 4.371 4.409 4.446 4.482 4.518 4.553 4.587 4.620 4.652 4.684 4.715 4.745 4.774 4.801 4.829 4.856 4.883 4.909 4.935 4.960 4.985 5.009 5.033 5.057 5.080 5.103 5.126 5.149
-99.000 -99.000 -99.000 -99.000 -99.000 -99.000 -99.000 -99.000 -99.000 -99.000 -99.000 -99.000 -99.000 -99.000 -99.000 -99.000 -99.000 -99.000 -99.000 -99.000 1.650 1.652 1.684 1.799 2.006 2.271 2.552 2.812 3.031 3.206 3.343 3.451 3.541 3.618 3.686 3.749 3.807 3.862 3.914 3.963 4.012 4.058 4.103 4.147 4.189 4.231 4.271 4.311 4.349 4.387 4.424 4.461 4.497 4.532 4.566 4.600 4.633 4.665 4.697 4.727 4.757 4.786 4.813 4.841 4.868 4.894 4.920 4.946 4.971 4.995 5.019 5.043 5.066 5.090 5.112 5.135 5.158
-99.000 -99.000 -99.000 -99.000 -99.000 -99.000 -99.000 -99.000 -99.000 -99.000 -99.000 -99.000 -99.000 -99.000 -99.000 -99.000 -99.000 -99.000 -99.000 -99.000 1.650 1.659 1.724 1.884 2.123 2.400 2.675 2.918 3.117 3.273 3.396 3.495 3.578 3.651 3.717 3.777 3.834 3.888 3.938 3.987 4.034 4.080 4.124 4.167 4.209 4.249 4.289 4.328 4.366 4.403 4.440 4.476 4.511 4.546 4.580 4.613 4.646 4.678 4.709 4.740 4.770 4.798 4.825 4.853 4.880 4.906 4.932 4.957 4.981 5.006 5.030 5.053 5.076 5.099 5.122 5.144 5.166
-99.000 -99.000 -99.000 -99.000 -99.000 -99.000 -99.000 -99.000 -99.000 -99.000 -99.000 -99.000 -99.000 -99.000 -99.000 -99.000 -99.000 -99.000 -99.000 -99.000 1.652 1.678 1.785 1.985 2.247 2.528 2.791 3.015 3.194 3.334 3.445 3.536 3.614 3.683 3.746 3.805 3.861 3.913 3.963 4.010 4.057 4.102 4.145 4.187 4.228 4.268 4.307 4.345 4.383 4.420 4.456 4.491 4.526 4.560 4.594 4.627 4.659 4.691 4.722 4.752 4.782 4.810 4.837 4.864 4.891 4.917 4.943 4.968 4.992 5.017 5.040 5.063 5.086 5.109 5.131 5.153 5.175
-99.000 -99.000 -99.000 -99.000 -99.000 -99.000 -99.000 -99.000 -99.000 -99.000 -99.000 -99.000 -99.000 -99.000 -99.000 -99.000 -99.000 -99.000 -99.000 1.650 1.657 1.714 1.865 2.098 2.374 2.651 2.898 3.102 3.262 3.388 3.489 3.574 3.647 3.714 3.775 3.832 3.886 3.938 3.986 4.033 4.079 4.123 4.166 4.207 4.248 4.287 4.325 4.363 4.400 4.436 4.472 4.507 4.541 4.575 4.608 4.640 4.673 4.704 4.735 4.765 4.795 4.822 4.849 4.877 4.903 4.929 4.955 4.979 5.004 5.028 5.051 5.074 5.096 5.119 5.141 5.163 5.184
-99.000 -99.000 -99.000 -99.000 -99.000 -99.000 -99.000 -99.000 -99.000 -99.000 -99.000 -99.000 -99.000 -99.000 -99.000 -99.000 -99.000 -99.000 -99.000 1.651 1.673 1.770 1.962 2.220 2.501 2.768 2.996 3.180 3.324 3.438 3.531 3.610 3.680 3.743 3.803 3.858 3.911 3.962 4.010 4.056 4.101 4.144 4.186 4.227 4.267 4.306 4.343 4.381 4.417 4.453 4.488 4.522 4.556 4.589 4.622 4.654 4.686 4.717 4.748 4.778 4.807 4.835 4.862 4.889 4.915 4.941 4.967 4.991 5.015 5.039 5.062 5.085 5.107 5.129 5.151 5.172 5.193
-99.000 -99.000 -99.000 -99.000 -99.000 -99.000 -99.000 -99.000 -99.000 -99.000 -99.000 -99.000 -99.000 -99.000 -99.000 -99.000 -99.000 -99.000 1.650 1.655 1.704 1.846 2.072 2.345 2.624 2.876 3.085 3.250 3.379 3.483 3.569 3.643 3.710 3.772 3.830 3.884 3.936 3.986 4.033 4.078 4.122 4.165 4.206 4.247 4.286 4.324 4.362 4.398 4.434 4.469 4.504 4.538 4.571 4.604 4.636 4.668 4.700 4.731 4.761 4.791 4.820 4.848 4.874 4.901 4.928 4.953 4.979 5.003 5.027 5.051 5.074 5.096 5.118 5.140 5.161 5.182 5.203
-99.000 -99.000 -99.000 -99.000 -99.000 -99.000 -99.000 -99.000 -99.000 -99.000 -99.000 -99.000 -99.000 -99.000 -99.000 -99.000 -99.000 -99.000 1.651 1.668 1.755 1.938 2.191 2.472 2.742 2.976 3.165 3.313 3.430 3.525 3.605 3.676 3.740 3.800 3.856 3.909 3.960 4.009 4.055 4.099 4.143 4.185 4.226 4.266 4.305 4.343 4.379 4.415 4.451 4.486 4.520 4.553 4.586 4.619 4.651 4.682 4.713 4.744 4.774 4.804 4.833 4.860 4.887 4.914 4.940 4.966 4.991 5.015 5.039 5.063 5.085 5.108 5.129 5.151 5.172 5.193 5.213
-99.000 -99.000 -99.000 -99.000 -99.000 -99.000 -99.000 -99.000 -99.000 -99.000 -99.000 -99.000 -99.000 -99.000 -99.000 -99.000 -99.000 1.650 1.654 1.695 1.825 2.044 2.315 2.595 2.852 3.066 3.236 3.369 3.476 3.563 3.639 3.707 3.769 3.827 3.881 3.934 3.984 4.032 4.077 4.121 4.164 4.206 4.246 4.285 4.324 4.361 4.397 4.433 4.468 4.502 4.536 4.569 4.601 4.633 4.665 4.696 4.727 4.757 4.787 4.817 4.846 4.873 4.900 4.926 4.953 4.978 5.004 5.028 5.052 5.075 5.098 5.120 5.141 5.162 5.183 5.204 5.224
-99.000 -99.000 -99.000 -99.000 -99.000 -99.000 -99.000 -99.000 -99.000 -99.000 -99.000 -99.000 -99.000 -99.000 -99.000 -99.000 -99.000 1.650 1.663 1.740 1.913 2.160 2.440 2.714 2.953 3.147 3.300 3.421 3.518 3.600 3.671 3.736 3.796 3.853 3.906 3.957 4.007 4.054 4.099 4.142 4.184 4.225 4.265 4.304 4.342 4.379 4.415 4.450 4.484 4.518 4.551 4.584 4.616 4.648 4.679 4.710 4.741 4.771 4.800 4.830 4.858 4.886 4.912 4.939 4.965 4.991 5.016 5.041 5.064 5.087 5.110 5.132 5.153 5.174 5.195 5.215 5.235
-99.000 -99.000 -99.000 -99.000 -99.000 -99.000 -99.000 -99.000 -99.000 -99.000 -99.000 -99.000 -99.000 -99.000 -99.000 -99.000 1.650 1.653 1.686 1.805 2.015 2.282 2.564 2.825 3.045 3.221 3.358 3.467 3.557 3.634 3.702 3.765 3.823 3.878 3.931 3.981 4.029 4.076 4.120 4.162 4.204 4.245 4.284 4.323 4.360 4.396 4.432 4.467 4.501 4.534 4.567 4.599 4.631 4.663 4.694 4.724 4.754 4.784 4.813 4.842 4.871 4.898 4.925 4.952 4.978 5.004 5.029 5.053 5.077 5.100 5.123 5.145 5.166 5.187 5.207 5.227 5.247
-99.000 -99.000 -99.000 -99.000 -99.000 -99.000 -99.000 -99.000 -99.000 -99.000 -99.000 -99.000 -99.000 -99.000 -99.000 -99.000 1.650 1.660 1.726 1.887 2.128 2.406 2.683 2.928 3.128 3.287 3.410 3.510 3.594 3.666 3.732 3.792 3.849 3.903 3.954 4.004 4.051 4.097 4.140 4.182 4.224 4.264 4.303 4.341 4.378 4.414 4.449 4.483 4.517 4.550 4.582 4.614 4.646 4.677 4.707 4.738 4.768 4.797 4.826 4.855 4.883 4.911 4.937 4.964 4.990 5.016 5.041 5.066 5.090 5.113 5.136 5.158 5.179 5.200 5.220 5.240 5.259
-99.000 -99.000 -99.000 -99.000 -99.000 -99.000 -99.000 -99.000 -99.000 -99.000 -99.000 -99.000 -99.000 -99.000 -99.000 -99.000 1.652 1.678 1.785 1.985 2.247 2.530 2.795 3.022 3.204 3.346 3.458 3.550 3.628 3.697 3.761 3.819 3.875 3.927 3.978 4.026 4.072 4.117 4.160 4.202 4.243 4.282 4.321 4.358 4.395 4.431 4.465 4.500 4.533 4.566 4.598 4.629 4.660 4.691 4.721 4.751 4.781 4.810 4.839 4.867 4.896 4.923 4.949 4.976 5.002 5.028 5.053 5.078 5.102 5.126 5.148 5.170 5.192 5.213 5.233 5.253 5.272
-99.000 -99.000 -99.000 -99.000 -99.000 -99.000 -99.000 -99.000 -99.000 -99.000 -99.000 -99.000 -99.000 -99.000 -99.000 1.650 1.657 1.712 1.862 2.094 2.370 2.650 2.900 3.108 3.271 3.400 3.502 3.587 3.661 3.727 3.788 3.845 3.899 3.951 4.000 4.048 4.094 4.138 4.180 4.221 4.261 4.300 4.339 4.376 4.412 4.447 4.482 4.515 4.548 4.581 4.613 4.644 4.675 4.705 4.735 4.764 4.794 4.823 4.851 4.879 4.907 4.934 4.961 4.987 5.014 5.040 5.065 5.090 5.114 5.138 5.161 5.183 5.205 5.226 5.246 5.266 5.285
-99.000 -99.000 -99.000 -99.000 -99.000 -99.000 -99.000 -99.000 -99.000 -99.000 -99.000 -99.000 -99.000 -99.000 -99.000 1.651 1.671 1.765 1.955 2.211 2.494 2.764 2.997 3.185 3.332 3.449 3.543 3.623 3.693 3.756 3.815 3.871 3.924 3.974 4.023 4.070 4.115 4.158 4.199 4.240 4.280 4.318 4.356 4.393 4.429 4.464 4.498 4.531 4.564 4.596 4.627 4.658 4.688 4.718 4.748 4.777 4.806 4.835 4.863 4.891 4.919 4.945 4.972 4.998 5.025 5.051 5.076 5.101 5.126 5.150 5.173 5.196 5.217 5.239 5.259 5.279 5.298
-99.000 -99.000 -99.000 -99.000 -99.000 -99.000 -99.000 -99.000 -99.000 -99.000 -99.000 -99.000 -99.000 -99.000 1.650 1.655 1.700 1.837 2.060 2.333 2.615 2.871 3.085 3.255 3.388 3.494 3.581 3.656 3.723 3.785 3.842 3.896 3.948 3.997 4.045 4.091 4.135 4.177 4.218 4.258 4.298 4.336 4.373 4.410 4.445 4.480 4.513 4.546 4.579 4.611 4.642 4.672 4.702 4.732 4.761 4.790 4.819 4.847 4.875 4.903 4.930 4.956 4.983 5.009 5.036 5.062 5.087 5.112 5.137 5.161 5.184 5.207 5.230 5.251 5.272 5.292 5.312
