TsunamiDB/out54196.asc
ncols          264
nrows          230
xllcorner      497853.4375
yllcorner      4229146.0000
cellsize         5.
NODATA_value   -99
[rows 68 to 101 of 230, columns 154 to 230 of 264]
6.848 6.850 6.853 6.855 6.858 6.860 6.863 6.866 6.869 6.873 6.876 6.880 6.883 6.887 6.891 6.895 6.899 6.903 6.907 6.911 6.915 6.919 6.923 6.926 6.930 6.933 6.937 6.940 6.943 6.946 6.949 6.951 6.954 6.956 6.959 6.961 6.964 6.966 6.968 6.970 6.973 6.976 6.979 6.981 6.984 6.987 6.990 6.993 6.996 7.000 7.003 7.006 7.010 7.013 7.016 7.019 7.021 7.024 7.026 7.028 7.029 7.030 7.031 7.032 7.032 7.032 7.031 7.030 7.029 7.027 7.023 7.015 7.004 6.996 6.989 6.981 6.977
6.847 6.849 6.852 6.854 6.857 6.859 6.862 6.865 6.868 6.871 6.874 6.878 6.881 6.885 6.889 6.892 6.896 6.900 6.904 6.909 6.912 6.916 6.920 6.924 6.927 6.931 6.934 6.937 6.940 6.943 6.946 6.949 6.952 6.954 6.957 6.959 6.961 6.964 6.966 6.968 6.971 6.973 6.976 6.979 6.982 6.984 6.987 6.990 6.994 6.997 7.000 7.004 7.007 7.010 7.013 7.016 7.019 7.022 7.024 7.026 7.027 7.029 7.030 7.030 7.031 7.031 7.031 7.030 7.030 7.028 7.023 7.015 7.005 6.998 6.990 6.983 6.980
6.847 6.849 6.851 6.853 6.855 6.858 6.861 6.863 6.866 6.869 6.873 6.876 6.879 6.883 6.886 6.890 6.894 6.898 6.902 6.906 6.910 6.914 6.917 6.921 6.925 6.928 6.932 6.935 6.938 6.941 6.944 6.947 6.949 6.952 6.954 6.957 6.959 6.961 6.964 6.966 6.968 6.971 6.974 6.976 6.979 6.982 6.985 6.988 6.991 6.994 6.998 7.001 7.004 7.008 7.011 7.014 7.017 7.020 7.022 7.024 7.026 7.027 7.029 7.030 7.031 7.031 7.031 7.031 7.030 7.029 7.024 7.017 7.007 7.000 6.993 6.986 6.984
6.846 6.848 6.850 6.852 6.854 6.857 6.859 6.862 6.865 6.868 6.871 6.874 6.877 6.881 6.884 6.888 6.891 6.895 6.899 6.903 6.907 6.911 6.915 6.918 6.922 6.926 6.929 6.932 6.935 6.939 6.942 6.944 6.947 6.950 6.952 6.955 6.957 6.959 6.962 6.964 6.966 6.969 6.972 6.974 6.977 6.980 6.983 6.986 6.989 6.992 6.995 6.999 7.002 7.006 7.009 7.012 7.015 7.018 7.020 7.023 7.025 7.026 7.028 7.029 7.030 7.031 7.031 7.031 7.031 7.030 7.026 7.019 7.010 7.003 6.997 6.990 6.989
6.845 6.847 6.849 6.851 6.853 6.855 6.858 6.860 6.863 6.866 6.869 6.872 6.875 6.878 6.882 6.885 6.889 6.893 6.897 6.901 6.905 6.908 6.912 6.916 6.919 6.923 6.926 6.930 6.933 6.936 6.939 6.942 6.945 6.948 6.950 6.953 6.955 6.957 6.960 6.962 6.965 6.967 6.970 6.972 6.975 6.978 6.981 6.984 6.987 6.990 6.993 6.997 7.000 7.004 7.007 7.010 7.013 7.016 7.019 7.022 7.024 7.026 7.027 7.029 7.030 7.031 7.032 7.032 7.032 7.032 7.029 7.022 7.012 7.006 7.001 6.995 6.994
6.844 6.846 6.848 6.850 6.852 6.854 6.856 6.859 6.861 6.864 6.867 6.870 6.873 6.876 6.880 6.883 6.887 6.890 6.894 6.898 6.902 6.906 6.909 6.913 6.917 6.920 6.924 6.927 6.931 6.934 6.937 6.940 6.943 6.945 6.948 6.951 6.953 6.956 6.958 6.960 6.963 6.966 6.968 6.971 6.973 6.976 6.979 6.982 6.985 6.988 6.992 6.995 6.998 7.002 7.005 7.009 7.012 7.015 7.018 7.021 7.023 7.025 7.027 7.029 7.031 7.032 7.033 7.034 7.034 7.034 7.031 7.024 7.016 7.010 7.005 7.000 7.000
6.843 6.845 6.846 6.848 6.850 6.852 6.855 6.857 6.860 6.862 6.865 6.868 6.871 6.874 6.877 6.881 6.884 6.888 6.892 6.896 6.900 6.903 6.907 6.911 6.914 6.918 6.921 6.925 6.928 6.932 6.935 6.938 6.941 6.944 6.946 6.949 6.952 6.954 6.956 6.959 6.961 6.964 6.967 6.970 6.972 6.975 6.978 6.981 6.984 6.987 6.990 6.994 6.997 7.001 7.004 7.008 7.011 7.015 7.018 7.020 7.023 7.025 7.028 7.030 7.032 7.033 7.034 7.036 7.037 7.037 7.034 7.028 7.020 7.015 7.011 7.006 7.006
6.842 6.844 6.845 6.847 6.849 6.851 6.853 6.856 6.858 6.861 6.863 6.866 6.869 6.872 6.875 6.879 6.882 6.886 6.890 6.893 6.897 6.901 6.905 6.908 6.912 6.916 6.919 6.923 6.926 6.929 6.933 6.936 6.939 6.942 6.945 6.947 6.950 6.953 6.955 6.958 6.960 6.963 6.966 6.969 6.971 6.974 6.977 6.980 6.983 6.986 6.989 6.993 6.996 7.000 7.004 7.007 7.011 7.014 7.018 7.021 7.023 7.026 7.028 7.031 7.033 7.035 7.036 7.038 7.039 7.040 7.038 7.032 7.024 7.020 7.016 7.012 7.013
6.841 6.843 6.844 6.846 6.848 6.850 6.852 6.854 6.856 6.859 6.862 6.864 6.867 6.870 6.873 6.877 6.880 6.883 6.887 6.891 6.895 6.899 6.902 6.906 6.910 6.913 6.917 6.920 6.924 6.927 6.931 6.934 6.937 6.940 6.943 6.946 6.949 6.951 6.954 6.957 6.959 6.963 6.965 6.968 6.970 6.973 6.976 6.979 6.982 6.986 6.989 6.992 6.996 7.000 7.003 7.007 7.011 7.014 7.018 7.021 7.024 7.027 7.029 7.032 7.035 7.037 7.039 7.041 7.043 7.044 7.042 7.036 7.028 7.024 7.022 7.018 7.019
6.840 6.842 6.843 6.845 6.847 6.849 6.851 6.853 6.855 6.857 6.860 6.863 6.865 6.868 6.871 6.875 6.878 6.881 6.885 6.889 6.893 6.896 6.900 6.904 6.907 6.911 6.915 6.918 6.922 6.926 6.929 6.932 6.936 6.939 6.942 6.945 6.948 6.950 6.953 6.956 6.959 6.962 6.965 6.967 6.970 6.973 6.976 6.979 6.982 6.985 6.989 6.992 6.996 7.000 7.004 7.008 7.011 7.015 7.019 7.022 7.025 7.028 7.031 7.034 7.037 7.039 7.042 7.044 7.046 7.047 7.045 7.040 7.033 7.030 7.028 7.025 7.027
6.840 6.841 6.843 6.844 6.846 6.848 6.850 6.852 6.854 6.856 6.858 6.861 6.864 6.867 6.870 6.873 6.876 6.879 6.883 6.887 6.891 6.894 6.898 6.902 6.905 6.909 6.913 6.917 6.920 6.924 6.927 6.931 6.934 6.937 6.941 6.944 6.947 6.950 6.953 6.956 6.959 6.962 6.965 6.967 6.970 6.973 6.976 6.979 6.982 6.986 6.989 6.993 6.997 7.000 7.004 7.008 7.012 7.016 7.020 7.023 7.027 7.030 7.033 7.036 7.039 7.042 7.045 7.047 7.050 7.051 7.049 7.044 7.038 7.036 7.035 7.033 7.037
6.839 6.840 6.842 6.843 6.845 6.847 6.849 6.851 6.853 6.855 6.857 6.860 6.862 6.865 6.868 6.871 6.874 6.878 6.882 6.885 6.889 6.893 6.896 6.900 6.904 6.907 6.911 6.915 6.919 6.922 6.926 6.929 6.933 6.936 6.940 6.943 6.946 6.949 6.952 6.955 6.959 6.962 6.965 6.968 6.971 6.974 6.977 6.980 6.983 6.987 6.990 6.994 6.998 7.002 7.006 7.010 7.014 7.018 7.022 7.025 7.029 7.032 7.036 7.039 7.042 7.045 7.048 7.051 7.053 7.054 7.053 7.049 7.044 7.043 7.043 7.043 7.048
6.839 6.840 6.841 6.843 6.844 6.846 6.848 6.850 6.852 6.854 6.856 6.859 6.861 6.864 6.867 6.870 6.873 6.876 6.880 6.884 6.887 6.891 6.895 6.898 6.902 6.906 6.910 6.913 6.917 6.921 6.925 6.928 6.932 6.935 6.939 6.942 6.946 6.949 6.952 6.955 6.959 6.962 6.965 6.968 6.971 6.974 6.978 6.981 6.984 6.988 6.991 6.995 6.999 7.003 7.007 7.011 7.015 7.020 7.024 7.028 7.031 7.035 7.038 7.042 7.045 7.048 7.051 7.054 7.057 7.058 7.057 7.054 7.051 7.052 7.053 7.055 7.062
6.838 6.840 6.841 6.843 6.844 6.846 6.847 6.849 6.851 6.853 6.855 6.858 6.860 6.863 6.866 6.869 6.872 6.875 6.879 6.882 6.886 6.889 6.893 6.897 6.901 6.904 6.908 6.912 6.916 6.920 6.924 6.927 6.931 6.935 6.938 6.942 6.945 6.949 6.952 6.956 6.959 6.963 6.966 6.969 6.972 6.976 6.979 6.982 6.986 6.989 6.993 6.997 7.001 7.005 7.009 7.013 7.018 7.022 7.026 7.030 7.034 7.038 7.042 7.045 7.048 7.052 7.055 7.058 7.060 7.062 7.062 7.061 7.059 7.061 7.064 7.068 7.077
6.839 6.840 6.841 6.843 6.844 6.846 6.847 6.849 6.851 6.853 6.855 6.857 6.860 6.862 6.865 6.868 6.871 6.874 6.878 6.881 6.885 6.888 6.892 6.896 6.899 6.903 6.907 6.911 6.915 6.919 6.923 6.927 6.930 6.934 6.938 6.942 6.945 6.949 6.952 6.956 6.960 6.963 6.967 6.970 6.973 6.977 6.980 6.984 6.987 6.991 6.995 6.999 7.003 7.007 7.011 7.016 7.020 7.025 7.029 7.034 7.038 7.041 7.045 7.048 7.052 7.055 7.058 7.061 7.064 7.066 7.068 7.067 7.067 7.071 7.076 7.082 7.094
6.839 6.840 6.841 6.843 6.844 6.846 6.847 6.849 6.851 6.853 6.855 6.857 6.859 6.862 6.864 6.867 6.870 6.874 6.877 6.880 6.884 6.887 6.891 6.895 6.898 6.902 6.906 6.910 6.914 6.918 6.922 6.926 6.930 6.934 6.938 6.941 6.945 6.949 6.953 6.956 6.960 6.964 6.968 6.971 6.975 6.978 6.982 6.986 6.989 6.993 6.997 7.001 7.005 7.010 7.014 7.018 7.023 7.028 7.032 7.037 7.041 7.045 7.048 7.052 7.055 7.058 7.061 7.064 7.068 7.071 7.073 7.074 7.076 7.081 7.088 7.096 7.109
6.840 6.841 6.842 6.843 6.845 6.846 6.848 6.849 6.851 6.853 6.855 6.857 6.859 6.862 6.864 6.867 6.870 6.873 6.877 6.880 6.883 6.887 6.890 6.894 6.898 6.902 6.906 6.909 6.913 6.917 6.921 6.925 6.929 6.933 6.937 6.941 6.945 6.949 6.953 6.957 6.961 6.965 6.969 6.973 6.976 6.980 6.984 6.988 6.991 6.995 6.999 7.004 7.008 7.012 7.017 7.021 7.026 7.031 7.036 7.040 7.045 7.049 7.052 7.055 7.059 7.061 7.064 7.068 7.071 7.075 7.079 7.081 7.084 7.091 7.099 7.110 7.125
6.841 6.842 6.843 6.844 6.846 6.847 6.848 6.850 6.852 6.853 6.855 6.857 6.859 6.862 6.864 6.867 6.870 6.873 6.876 6.880 6.883 6.886 6.890 6.894 6.897 6.901 6.905 6.909 6.913 6.917 6.921 6.925 6.929 6.933 6.937 6.942 6.946 6.950 6.954 6.958 6.962 6.966 6.970 6.974 6.978 6.982 6.986 6.990 6.994 6.998 7.002 7.006 7.011 7.015 7.020 7.024 7.029 7.034 7.039 7.044 7.049 7.052 7.055 7.059 7.062 7.064 7.067 7.071 7.075 7.080 7.085 7.089 7.093 7.101 7.111 7.123 7.141
6.842 6.843 6.844 6.846 6.847 6.848 6.849 6.851 6.853 6.854 6.856 6.858 6.860 6.862 6.865 6.867 6.870 6.873 6.877 6.880 6.883 6.886 6.890 6.894 6.897 6.901 6.905 6.909 6.913 6.917 6.921 6.925 6.929 6.934 6.938 6.942 6.946 6.950 6.954 6.959 6.963 6.967 6.971 6.976 6.980 6.984 6.988 6.992 6.996 7.000 7.005 7.009 7.013 7.018 7.023 7.028 7.033 7.038 7.043 7.048 7.053 7.056 7.059 7.062 7.065 7.067 7.071 7.074 7.079 7.085 7.091 7.096 7.101 7.111 7.122 7.136 7.156
6.844 6.845 6.846 6.847 6.848 6.850 6.851 6.852 6.854 6.856 6.857 6.859 6.861 6.863 6.866 6.868 6.871 6.874 6.877 6.880 6.883 6.887 6.890 6.894 6.897 6.901 6.905 6.909 6.913 6.917 6.921 6.926 6.930 6.934 6.938 6.942 6.947 6.951 6.955 6.960 6.964 6.969 6.973 6.977 6.981 6.986 6.990 6.994 6.998 7.003 7.007 7.012 7.016 7.021 7.026 7.031 7.036 7.041 7.047 7.052 7.056 7.060 7.062 7.065 7.068 7.071 7.074 7.078 7.084 7.090 7.096 7.102 7.110 7.121 7.134 7.151 7.172
6.846 6.847 6.848 6.849 6.850 6.852 6.853 6.854 6.856 6.857 6.859 6.861 6.863 6.865 6.867 6.869 6.872 6.875 6.878 6.881 6.884 6.887 6.891 6.894 6.898 6.902 6.906 6.910 6.914 6.918 6.922 6.926 6.930 6.935 6.939 6.943 6.948 6.952 6.956 6.961 6.965 6.970 6.975 6.979 6.983 6.988 6.992 6.997 7.001 7.006 7.010 7.015 7.020 7.024 7.030 7.035 7.040 7.045 7.051 7.056 7.060 7.064 7.066 7.069 7.072 7.075 7.078 7.082 7.088 7.094 7.101 7.109 7.120 7.133 7.146 7.166 7.191
6.849 6.850 6.851 6.852 6.853 6.854 6.855 6.856 6.858 6.859 6.861 6.863 6.865 6.867 6.869 6.871 6.874 6.876 6.879 6.882 6.885 6.889 6.892 6.895 6.899 6.903 6.907 6.910 6.914 6.919 6.923 6.927 6.931 6.935 6.940 6.944 6.949 6.953 6.958 6.962 6.967 6.972 6.976 6.981 6.985 6.990 6.995 6.999 7.004 7.008 7.013 7.018 7.023 7.028 7.033 7.038 7.044 7.049 7.055 7.060 7.064 7.068 7.070 7.073 7.076 7.079 7.082 7.087 7.092 7.098 7.107 7.117 7.131 7.145 7.160 7.184 7.211
6.852 6.853 6.854 6.855 6.856 6.857 6.858 6.859 6.860 6.862 6.863 6.865 6.867 6.869 6.871 6.873 6.875 6.878 6.881 6.884 6.887 6.890 6.893 6.897 6.900 6.904 6.908 6.912 6.916 6.920 6.924 6.928 6.932 6.937 6.941 6.945 6.950 6.954 6.959 6.964 6.969 6.974 6.978 6.983 6.988 6.992 6.997 7.002 7.007 7.011 7.016 7.021 7.026 7.031 7.037 7.042 7.048 7.053 7.059 7.064 7.069 7.072 7.075 7.078 7.081 7.083 7.087 7.091 7.097 7.103 7.113 7.126 7.143 7.158 7.176 7.203 7.233
6.855 6.856 6.857 6.858 6.859 6.860 6.861 6.862 6.863 6.865 6.866 6.868 6.869 6.871 6.873 6.875 6.878 6.881 6.883 6.886 6.889 6.892 6.895 6.899 6.902 6.906 6.909 6.913 6.917 6.921 6.925 6.930 6.934 6.938 6.943 6.947 6.951 6.956 6.961 6.965 6.971 6.976 6.980 6.985 6.990 6.995 7.000 7.005 7.010 7.015 7.020 7.025 7.030 7.035 7.041 7.046 7.052 7.058 7.063 7.069 7.074 7.077 7.079 7.083 7.085 7.088 7.091 7.096 7.101 7.108 7.119 7.135 7.156 7.174 7.193 7.223 7.258
6.859 6.860 6.861 6.861 6.862 6.863 6.864 6.865 6.867 6.868 6.869 6.871 6.872 6.874 6.876 6.878 6.881 6.883 6.886 6.889 6.892 6.894 6.898 6.901 6.904 6.908 6.911 6.915 6.919 6.923 6.927 6.931 6.936 6.940 6.944 6.949 6.953 6.958 6.963 6.968 6.973 6.978 6.983 6.988 6.993 6.998 7.003 7.008 7.013 7.018 7.023 7.028 7.034 7.039 7.045 7.050 7.056 7.062 7.068 7.074 7.079 7.082 7.084 7.087 7.090 7.092 7.096 7.100 7.106 7.114 7.127 7.146 7.171 7.190 7.212 7.247 7.284
6.863 6.864 6.865 6.865 6.866 6.867 6.868 6.869 6.870 6.872 6.873 6.874 6.876 6.878 6.879 6.881 6.884 6.886 6.889 6.892 6.894 6.897 6.900 6.903 6.907 6.910 6.914 6.918 6.921 6.925 6.930 6.934 6.938 6.942 6.947 6.951 6.956 6.960 6.965 6.970 6.975 6.980 6.985 6.990 6.995 7.001 7.006 7.011 7.016 7.021 7.027 7.032 7.038 7.043 7.049 7.055 7.061 7.067 7.073 7.079 7.084 7.087 7.089 7.092 7.095 7.097 7.100 7.105 7.112 7.121 7.137 7.159 7.187 7.208 7.233 7.270 7.310
6.867 6.868 6.869 6.870 6.870 6.871 6.872 6.873 6.874 6.876 6.877 6.878 6.880 6.881 6.883 6.885 6.887 6.890 6.892 6.895 6.898 6.900 6.903 6.907 6.910 6.913 6.917 6.920 6.924 6.928 6.932 6.936 6.941 6.945 6.949 6.954 6.958 6.963 6.968 6.973 6.978 6.983 6.988 6.993 6.998 7.004 7.009 7.014 7.020 7.025 7.031 7.036 7.042 7.048 7.054 7.060 7.066 7.072 7.079 7.085 7.090 7.093 7.095 7.098 7.101 7.102 7.106 7.111 7.118 7.129 7.147 7.172 7.203 7.227 7.253 7.293 7.334
6.872 6.873 6.873 6.874 6.875 6.876 6.877 6.878 6.879 6.880 6.881 6.882 6.884 6.885 6.887 6.889 6.891 6.894 6.896 6.899 6.901 6.904 6.907 6.910 6.913 6.916 6.920 6.924 6.927 6.931 6.935 6.939 6.943 6.948 6.952 6.957 6.961 6.966 6.971 6.976 6.981 6.986 6.991 6.997 7.002 7.007 7.013 7.018 7.024 7.029 7.035 7.041 7.046 7.052 7.058 7.065 7.071 7.078 7.085 7.091 7.096 7.099 7.101 7.103 7.106 7.108 7.111 7.117 7.125 7.138 7.158 7.186 7.222 7.248 7.276 7.318 7.361
6.877 6.877 6.878 6.879 6.880 6.881 6.881 6.882 6.883 6.884 6.886 6.887 6.888 6.890 6.891 6.893 6.895 6.898 6.900 6.903 6.905 6.908 6.911 6.914 6.917 6.920 6.923 6.927 6.931 6.935 6.939 6.943 6.947 6.951 6.955 6.960 6.964 6.969 6.974 6.979 6.985 6.990 6.995 7.000 7.006 7.011 7.017 7.022 7.028 7.034 7.040 7.045 7.051 7.057 7.064 7.070 7.077 7.084 7.091 7.097 7.103 7.105 7.106 7.109 7.112 7.113 7.117 7.123 7.133 7.148 7.171 7.205 7.245 7.272 7.300 7.344 7.388
6.882 6.882 6.883 6.884 6.885 6.886 6.886 6.887 6.888 6.889 6.890 6.892 6.893 6.894 6.896 6.898 6.900 6.902 6.905 6.907 6.909 6.912 6.915 6.918 6.921 6.924 6.927 6.931 6.935 6.938 6.942 6.946 6.950 6.955 6.959 6.964 6.968 6.973 6.978 6.983 6.988 6.993 6.999 7.004 7.009 7.015 7.021 7.027 7.033 7.038 7.044 7.050 7.056 7.062 7.069 7.076 7.083 7.090 7.097 7.104 7.108 7.110 7.112 7.115 7.118 7.120 7.125 7.133 7.145 7.163 7.190 7.228 7.269 7.296 7.325 7.370 7.415
6.887 6.888 6.888 6.889 6.890 6.891 6.892 6.892 6.893 6.894 6.895 6.896 6.898 6.899 6.901 6.902 6.904 6.907 6.909 6.911 6.914 6.916 6.919 6.922 6.925 6.928 6.932 6.935 6.939 6.942 6.946 6.950 6.954 6.959 6.963 6.967 6.972 6.977 6.982 6.987 6.992 6.997 7.003 7.008 7.014 7.019 7.025 7.031 7.037 7.043 7.049 7.055 7.061 7.068 7.074 7.081 7.089 7.096 7.103 7.109 7.114 7.116 7.118 7.122 7.126 7.129 7.135 7.145 7.159 7.181 7.212 7.251 7.293 7.320 7.350 7.396 7.442
6.892 6.893 6.894 6.895 6.895 6.896 6.897 6.898 6.899 6.900 6.901 6.902 6.903 6.904 6.906 6.907 6.909 6.912 6.914 6.916 6.918 6.921 6.924 6.926 6.929 6.933 6.936 6.939 6.943 6.947 6.951 6.955 6.959 6.963 6.967 6.972 6.976 6.981 6.986 6.991 6.996 7.002 7.007 7.012 7.018 7.024 7.030 7.036 7.042 7.048 7.054 7.060 7.067 7.073 7.080 7.087 7.095 7.102 7.109 7.115 7.120 7.123 7.125 7.130 7.135 7.140 7.148 7.159 7.176 7.201 7.235 7.275 7.317 7.345 7.375 7.422 7.469
6.898 6.899 6.899 6.900 6.901 6.902 6.902 6.903 6.904 6.905 6.906 6.907 6.908 6.910 6.911 6.913 6.915 6.917 6.919 6.921 6.923 6.926 6.928 6.931 6.934 6.937 6.941 6.944 6.948 6.951 6.955 6.959 6.963 6.967 6.972 6.976 6.981 6.985 6.990 6.995 7.001 7.006 7.011 7.017 7.023 7.029 7.035 7.041 7.047 7.053 7.059 7.066 7.072 7.079 7.086 7.093 7.101 7.108 7.115 7.121 7.126 7.129 7.133 7.140 7.146 7.153 7.163 7.177 7.197 7.223 7.257 7.298 7.341 7.370 7.400 7.449 7.496
6.904 6.904 6.905 6.906 6.907 6.907 6.908 6.909 6.910 6.911 6.912 6.913 6.914 6.915 6.916 6.918 6.920 6.922 6.924 6.926 6.929 6.931 6.934 6.936 6.939 6.942 6.945 6.949 6.952 6.956 6.960 6.964 6.968 6.972 6.976 6.981 6.985 6.990 6.995 7.000 7.005 7.011 7.016 7.022 7.027 7.033 7.039 7.046 7.052 7.058 7.065 7.071 7.078 7.085 7.092 7.099 7.106 7.114 7.121 7.127 7.132 7.137 7.143 7.151 7.159 7.167 7.180 7.197 7.217 7.244 7.279 7.320 7.366 7.395 7.426 7.476 7.524
