TsunamiDB/out54092.asc
ncols          264
nrows          230
xllcorner      497853.4375
yllcorner      4229146.0000
cellsize         5.
NODATA_value   -99
[rows 136 to 169 of 230, columns 0 to 76 of 264]
3.995 4.051 4.104 4.155 4.204 4.251 4.297 4.341 4.383 4.424 4.465 4.504 4.542 4.579 4.616 4.651 4.685 4.719 4.751 4.783 4.814 4.844 4.873 4.902 4.930 4.957 4.984 5.010 5.035 5.060 5.084 5.107 5.129 5.152 5.174 5.196 5.218 5.239 5.260 5.281 5.302 5.322 5.342 5.362 5.381 5.401 5.420 5.439 5.457 5.476 5.494 5.512 5.530 5.547 5.564 5.579 5.595 5.611 5.626 5.642 5.657 5.672 5.686 5.700 5.714 5.728 5.742 5.755 5.769 5.782 5.796 5.810 5.824 5.838 5.852 5.867 5.882
4.022 4.077 4.129 4.179 4.227 4.274 4.319 4.363 4.404 4.444 4.484 4.523 4.561 4.598 4.634 4.669 4.703 4.737 4.769 4.800 4.831 4.861 4.890 4.919 4.946 4.973 5.000 5.025 5.051 5.075 5.099 5.122 5.144 5.166 5.188 5.210 5.231 5.252 5.273 5.294 5.314 5.334 5.354 5.373 5.393 5.412 5.431 5.450 5.468 5.487 5.505 5.523 5.541 5.558 5.575 5.591 5.606 5.622 5.638 5.653 5.668 5.683 5.698 5.712 5.726 5.739 5.753 5.766 5.779 5.793 5.806 5.819 5.833 5.846 5.860 5.874 5.888
4.049 4.102 4.153 4.203 4.250 4.296 4.341 4.384 4.425 4.464 4.504 4.543 4.580 4.617 4.652 4.687 4.721 4.754 4.786 4.818 4.848 4.878 4.907 4.935 4.963 4.990 5.016 5.042 5.067 5.091 5.115 5.137 5.159 5.181 5.202 5.224 5.245 5.266 5.286 5.306 5.326 5.346 5.366 5.385 5.404 5.423 5.442 5.461 5.479 5.497 5.516 5.534 5.551 5.569 5.586 5.601 5.617 5.633 5.649 5.665 5.680 5.695 5.709 5.723 5.737 5.751 5.764 5.778 5.791 5.803 5.816 5.829 5.842 5.855 5.869 5.882 5.896
4.075 4.127 4.177 4.226 4.273 4.318 4.362 4.404 4.445 4.484 4.523 4.562 4.599 4.635 4.671 4.705 4.739 4.772 4.804 4.835 4.866 4.895 4.924 4.952 4.980 5.006 5.033 5.058 5.083 5.107 5.131 5.153 5.174 5.196 5.217 5.238 5.259 5.280 5.300 5.319 5.339 5.358 5.378 5.397 5.416 5.434 5.453 5.471 5.490 5.508 5.526 5.544 5.562 5.579 5.596 5.611 5.627 5.644 5.660 5.675 5.691 5.706 5.720 5.735 5.749 5.762 5.776 5.789 5.802 5.815 5.827 5.840 5.853 5.865 5.878 5.891 5.904
4.100 4.152 4.201 4.249 4.295 4.339 4.383 4.425 4.465 4.504 4.543 4.580 4.617 4.653 4.688 4.723 4.756 4.789 4.821 4.852 4.883 4.912 4.941 4.969 4.997 5.023 5.049 5.075 5.099 5.123 5.147 5.169 5.190 5.211 5.233 5.253 5.274 5.294 5.314 5.333 5.352 5.371 5.390 5.409 5.427 5.446 5.464 5.482 5.500 5.518 5.536 5.554 5.572 5.589 5.605 5.621 5.637 5.654 5.670 5.686 5.701 5.716 5.731 5.746 5.760 5.774 5.787 5.801 5.814 5.826 5.839 5.851 5.864 5.876 5.889 5.901 5.914
4.125 4.175 4.224 4.271 4.316 4.360 4.403 4.445 4.484 4.523 4.561 4.599 4.635 4.671 4.706 4.740 4.774 4.806 4.838 4.869 4.900 4.929 4.958 4.986 5.013 5.040 5.066 5.091 5.116 5.140 5.163 5.185 5.206 5.228 5.249 5.269 5.289 5.309 5.328 5.348 5.366 5.385 5.403 5.422 5.440 5.458 5.476 5.493 5.511 5.529 5.546 5.564 5.581 5.599 5.615 5.631 5.647 5.663 5.679 5.695 5.711 5.726 5.742 5.756 5.771 5.785 5.799 5.812 5.825 5.838 5.851 5.863 5.875 5.887 5.900 5.912 5.924
4.149 4.199 4.246 4.293 4.337 4.381 4.423 4.464 4.503 4.541 4.579 4.617 4.653 4.688 4.723 4.757 4.790 4.823 4.855 4.886 4.916 4.946 4.975 5.003 5.030 5.057 5.083 5.108 5.133 5.157 5.180 5.202 5.223 5.244 5.265 5.285 5.305 5.325 5.344 5.363 5.381 5.399 5.417 5.435 5.453 5.470 5.488 5.505 5.522 5.539 5.557 5.574 5.591 5.608 5.624 5.640 5.656 5.672 5.689 5.705 5.721 5.736 5.751 5.766 5.781 5.795 5.809 5.823 5.836 5.850 5.862 5.875 5.887 5.899 5.911 5.923 5.935
4.172 4.221 4.268 4.314 4.358 4.401 4.442 4.483 4.522 4.559 4.597 4.634 4.670 4.705 4.740 4.774 4.807 4.839 4.871 4.902 4.932 4.962 4.991 5.019 5.047 5.073 5.099 5.125 5.150 5.174 5.197 5.219 5.240 5.261 5.282 5.302 5.322 5.341 5.360 5.379 5.397 5.414 5.432 5.449 5.466 5.483 5.500 5.517 5.534 5.551 5.568 5.584 5.601 5.618 5.634 5.649 5.665 5.681 5.698 5.714 5.730 5.745 5.761 5.776 5.791 5.805 5.820 5.834 5.847 5.861 5.874 5.886 5.899 5.911 5.923 5.934 5.946
4.195 4.243 4.290 4.334 4.378 4.420 4.461 4.501 4.540 4.577 4.614 4.651 4.687 4.722 4.756 4.789 4.822 4.855 4.886 4.917 4.948 4.977 5.006 5.035 5.062 5.089 5.116 5.141 5.166 5.190 5.214 5.236 5.257 5.278 5.299 5.319 5.339 5.358 5.377 5.395 5.413 5.430 5.447 5.464 5.481 5.498 5.514 5.530 5.547 5.563 5.579 5.595 5.612 5.628 5.644 5.659 5.674 5.690 5.706 5.722 5.738 5.754 5.770 5.785 5.800 5.815 5.829 5.844 5.858 5.871 5.884 5.897 5.910 5.922 5.934 5.946 5.958
4.217 4.264 4.310 4.354 4.397 4.439 4.480 4.519 4.557 4.594 4.631 4.667 4.703 4.737 4.771 4.805 4.838 4.870 4.901 4.932 4.963 4.992 5.021 5.050 5.078 5.105 5.131 5.157 5.182 5.206 5.230 5.253 5.274 5.295 5.316 5.337 5.356 5.375 5.394 5.412 5.430 5.447 5.464 5.480 5.497 5.513 5.529 5.544 5.560 5.576 5.591 5.607 5.623 5.639 5.654 5.668 5.684 5.699 5.715 5.731 5.747 5.763 5.778 5.794 5.809 5.824 5.839 5.853 5.867 5.881 5.895 5.908 5.921 5.933 5.946 5.958 5.969
4.238 4.285 4.330 4.374 4.416 4.457 4.498 4.537 4.574 4.611 4.647 4.683 4.718 4.753 4.786 4.820 4.852 4.884 4.916 4.947 4.977 5.007 5.036 5.064 5.092 5.120 5.146 5.172 5.197 5.222 5.246 5.269 5.290 5.312 5.333 5.354 5.374 5.393 5.412 5.430 5.447 5.464 5.481 5.497 5.513 5.529 5.544 5.559 5.575 5.590 5.605 5.620 5.635 5.650 5.664 5.679 5.694 5.709 5.724 5.740 5.755 5.771 5.786 5.802 5.817 5.832 5.847 5.862 5.877 5.891 5.905 5.918 5.931 5.944 5.957 5.969 5.981
4.259 4.305 4.350 4.393 4.435 4.475 4.515 4.553 4.590 4.627 4.663 4.698 4.733 4.767 4.801 4.834 4.866 4.898 4.929 4.960 4.991 5.020 5.049 5.078 5.106 5.134 5.160 5.187 5.212 5.237 5.261 5.284 5.306 5.328 5.350 5.370 5.391 5.410 5.429 5.447 5.465 5.482 5.499 5.515 5.530 5.546 5.561 5.576 5.590 5.605 5.619 5.633 5.648 5.662 5.676 5.690 5.704 5.719 5.734 5.749 5.764 5.779 5.795 5.810 5.825 5.841 5.856 5.870 5.885 5.900 5.914 5.928 5.941 5.954 5.967 5.979 5.992
4.279 4.324 4.368 4.411 4.452 4.493 4.532 4.570 4.606 4.642 4.678 4.713 4.748 4.781 4.815 4.847 4.880 4.911 4.943 4.973 5.003 5.033 5.062 5.091 5.119 5.147 5.174 5.200 5.226 5.251 5.276 5.299 5.321 5.344 5.365 5.387 5.407 5.427 5.446 5.465 5.483 5.500 5.517 5.533 5.548 5.564 5.578 5.593 5.607 5.621 5.635 5.649 5.662 5.676 5.689 5.702 5.716 5.730 5.744 5.759 5.773 5.788 5.803 5.818 5.834 5.849 5.864 5.879 5.893 5.908 5.922 5.937 5.950 5.964 5.977 5.990 6.002
4.299 4.343 4.387 4.429 4.470 4.510 4.548 4.585 4.621 4.657 4.693 4.727 4.762 4.795 4.828 4.860 4.892 4.924 4.955 4.985 5.016 5.045 5.074 5.103 5.131 5.159 5.186 5.213 5.239 5.264 5.289 5.313 5.335 5.358 5.380 5.402 5.423 5.443 5.463 5.482 5.500 5.518 5.535 5.551 5.567 5.582 5.597 5.611 5.625 5.638 5.652 5.665 5.678 5.691 5.704 5.716 5.728 5.742 5.755 5.769 5.783 5.798 5.812 5.827 5.842 5.857 5.872 5.887 5.901 5.916 5.931 5.945 5.959 5.973 5.986 5.999 6.012
4.317 4.362 4.404 4.446 4.486 4.526 4.564 4.600 4.636 4.672 4.707 4.741 4.775 4.808 4.841 4.873 4.905 4.936 4.967 4.997 5.027 5.057 5.086 5.114 5.143 5.170 5.198 5.224 5.251 5.276 5.302 5.325 5.348 5.372 5.394 5.416 5.438 5.458 5.479 5.498 5.517 5.535 5.552 5.569 5.585 5.600 5.615 5.629 5.643 5.657 5.670 5.683 5.695 5.708 5.719 5.731 5.743 5.755 5.768 5.781 5.795 5.808 5.822 5.836 5.851 5.865 5.880 5.895 5.909 5.924 5.939 5.953 5.967 5.981 5.995 6.008 6.021
4.336 4.379 4.422 4.463 4.503 4.541 4.579 4.615 4.651 4.686 4.721 4.755 4.788 4.821 4.853 4.885 4.916 4.947 4.978 5.008 5.038 5.067 5.096 5.125 5.153 5.181 5.208 5.235 5.262 5.288 5.313 5.337 5.360 5.384 5.407 5.430 5.451 5.473 5.493 5.513 5.532 5.551 5.569 5.586 5.602 5.618 5.633 5.648 5.662 5.676 5.689 5.701 5.713 5.725 5.736 5.747 5.759 5.770 5.782 5.795 5.807 5.820 5.833 5.847 5.860 5.874 5.889 5.903 5.917 5.932 5.946 5.961 5.975 5.989 6.003 6.017 6.030
4.354 4.397 4.438 4.479 4.518 4.557 4.594 4.630 4.665 4.700 4.734 4.768 4.801 4.833 4.865 4.897 4.928 4.959 4.989 5.019 5.048 5.077 5.106 5.135 5.163 5.191 5.218 5.245 5.272 5.298 5.323 5.347 5.371 5.395 5.419 5.442 5.464 5.486 5.507 5.527 5.547 5.566 5.585 5.602 5.619 5.636 5.651 5.666 5.681 5.694 5.708 5.720 5.732 5.744 5.755 5.765 5.776 5.787 5.798 5.810 5.821 5.833 5.846 5.858 5.871 5.884 5.898 5.912 5.926 5.940 5.954 5.969 5.983 5.997 6.011 6.025 6.038
4.371 4.414 4.455 4.495 4.534 4.572 4.609 4.644 4.679 4.713 4.747 4.780 4.813 4.845 4.877 4.908 4.939 4.969 4.999 5.029 5.058 5.087 5.116 5.144 5.172 5.200 5.227 5.254 5.281 5.307 5.332 5.356 5.381 5.405 5.429 5.452 5.475 5.497 5.519 5.540 5.560 5.580 5.599 5.617 5.635 5.652 5.668 5.684 5.699 5.713 5.727 5.740 5.752 5.764 5.774 5.784 5.795 5.805 5.816 5.826 5.837 5.848 5.860 5.871 5.883 5.896 5.909 5.922 5.935 5.949 5.963 5.977 5.991 6.005 6.019 6.033 6.046
4.388 4.430 4.471 4.511 4.549 4.587 4.623 4.658 4.692 4.727 4.760 4.793 4.825 4.857 4.888 4.919 4.950 4.980 5.009 5.039 5.068 5.096 5.125 5.153 5.181 5.208 5.236 5.263 5.289 5.316 5.340 5.365 5.390 5.414 5.438 5.462 5.485 5.508 5.530 5.551 5.572 5.593 5.612 5.631 5.650 5.667 5.684 5.700 5.716 5.731 5.745 5.759 5.771 5.783 5.794 5.804 5.814 5.824 5.835 5.845 5.855 5.865 5.876 5.886 5.897 5.909 5.921 5.933 5.946 5.959 5.972 5.985 5.999 6.013 6.027 6.040 6.054
4.405 4.447 4.487 4.526 4.564 4.601 4.638 4.672 4.706 4.740 4.773 4.805 4.837 4.869 4.900 4.930 4.960 4.990 5.019 5.048 5.077 5.105 5.133 5.161 5.189 5.216 5.243 5.270 5.297 5.323 5.348 5.372 5.397 5.422 5.446 5.470 5.494 5.517 5.539 5.561 5.583 5.604 5.624 5.644 5.663 5.681 5.699 5.716 5.732 5.748 5.763 5.777 5.791 5.803 5.813 5.824 5.834 5.845 5.855 5.864 5.874 5.884 5.893 5.903 5.913 5.924 5.935 5.946 5.958 5.970 5.982 5.995 6.008 6.021 6.035 6.049 6.062
4.422 4.463 4.503 4.541 4.579 4.616 4.652 4.686 4.719 4.753 4.785 4.818 4.849 4.880 4.911 4.941 4.971 5.000 5.029 5.058 5.086 5.114 5.142 5.169 5.197 5.224 5.251 5.277 5.304 5.330 5.355 5.379 5.404 5.429 5.454 5.478 5.502 5.525 5.548 5.570 5.592 5.614 5.634 5.655 5.674 5.693 5.712 5.730 5.747 5.763 5.779 5.794 5.808 5.821 5.832 5.843 5.855 5.865 5.875 5.885 5.894 5.903 5.913 5.922 5.931 5.940 5.950 5.961 5.971 5.982 5.994 6.006 6.018 6.031 6.044 6.057 6.070
4.439 4.479 4.518 4.557 4.594 4.630 4.666 4.700 4.733 4.766 4.798 4.830 4.861 4.892 4.922 4.952 4.981 5.010 5.039 5.067 5.095 5.123 5.150 5.177 5.204 5.231 5.258 5.284 5.311 5.337 5.362 5.386 5.411 5.436 5.460 5.485 5.508 5.532 5.555 5.578 5.600 5.622 5.643 5.664 5.685 5.704 5.723 5.742 5.760 5.777 5.794 5.810 5.825 5.838 5.850 5.862 5.874 5.885 5.896 5.906 5.915 5.924 5.933 5.942 5.950 5.959 5.968 5.977 5.987 5.997 6.007 6.018 6.030 6.042 6.054 6.067 6.079
4.455 4.495 4.534 4.572 4.609 4.645 4.680 4.713 4.746 4.779 4.811 4.842 4.873 4.904 4.933 4.963 4.992 5.020 5.049 5.076 5.104 5.131 5.159 5.185 5.212 5.239 5.265 5.291 5.317 5.343 5.368 5.392 5.417 5.442 5.466 5.490 5.515 5.538 5.562 5.585 5.607 5.630 5.651 5.673 5.693 5.714 5.734 5.753 5.771 5.789 5.807 5.823 5.839 5.854 5.867 5.880 5.893 5.905 5.916 5.926 5.936 5.946 5.954 5.963 5.971 5.979 5.988 5.996 6.005 6.014 6.023 6.033 6.043 6.054 6.066 6.077 6.089
4.472 4.511 4.550 4.587 4.624 4.659 4.694 4.727 4.760 4.792 4.824 4.855 4.885 4.915 4.945 4.974 5.002 5.031 5.059 5.086 5.113 5.140 5.167 5.194 5.220 5.246 5.272 5.298 5.323 5.349 5.374 5.398 5.422 5.447 5.472 5.496 5.520 5.544 5.567 5.590 5.613 5.636 5.658 5.680 5.701 5.722 5.742 5.762 5.781 5.800 5.818 5.836 5.853 5.868 5.882 5.896 5.910 5.923 5.935 5.946 5.957 5.967 5.976 5.984 5.993 6.001 6.009 6.016 6.024 6.032 6.041 6.049 6.059 6.069 6.079 6.090 6.100
4.489 4.528 4.566 4.603 4.639 4.674 4.709 4.741 4.773 4.805 4.837 4.868 4.898 4.927 4.957 4.985 5.013 5.041 5.069 5.096 5.123 5.149 5.176 5.202 5.228 5.253 5.279 5.305 5.330 5.355 5.379 5.403 5.428 5.452 5.477 5.501 5.525 5.549 5.572 5.596 5.619 5.641 5.664 5.686 5.708 5.729 5.750 5.770 5.790 5.809 5.828 5.847 5.864 5.881 5.896 5.911 5.925 5.939 5.952 5.964 5.976 5.987 5.997 6.006 6.014 6.023 6.030 6.038 6.045 6.053 6.060 6.068 6.076 6.085 6.094 6.104 6.113
4.505 4.544 4.581 4.618 4.654 4.689 4.723 4.756 4.787 4.819 4.850 4.881 4.911 4.940 4.969 4.997 5.025 5.052 5.079 5.106 5.133 5.159 5.185 5.210 5.236 5.261 5.286 5.312 5.337 5.361 5.385 5.409 5.433 5.457 5.481 5.506 5.529 5.553 5.577 5.600 5.623 5.646 5.669 5.691 5.713 5.735 5.756 5.777 5.797 5.817 5.837 5.856 5.874 5.891 5.907 5.923 5.939 5.954 5.968 5.981 5.994 6.005 6.016 6.026 6.036 6.044 6.052 6.060 6.067 6.074 6.081 6.088 6.096 6.103 6.112 6.120 6.128
4.522 4.560 4.598 4.634 4.669 4.704 4.738 4.770 4.801 4.833 4.864 4.894 4.924 4.953 4.981 5.009 5.037 5.064 5.091 5.117 5.143 5.169 5.194 5.220 5.245 5.270 5.294 5.319 5.343 5.368 5.391 5.415 5.438 5.462 5.486 5.510 5.534 5.558 5.581 5.604 5.627 5.650 5.673 5.696 5.718 5.740 5.762 5.783 5.804 5.824 5.844 5.864 5.883 5.901 5.917 5.934 5.951 5.966 5.982 5.996 6.010 6.022 6.034 6.045 6.056 6.065 6.074 6.082 6.090 6.097 6.104 6.110 6.117 6.124 6.131 6.139 6.146
4.539 4.577 4.614 4.650 4.685 4.719 4.753 4.785 4.816 4.847 4.878 4.908 4.937 4.966 4.994 5.022 5.049 5.076 5.102 5.128 5.154 5.179 5.204 5.229 5.254 5.278 5.303 5.327 5.351 5.375 5.398 5.421 5.444 5.468 5.491 5.515 5.538 5.562 5.585 5.608 5.631 5.654 5.677 5.700 5.722 5.744 5.766 5.788 5.809 5.830 5.850 5.871 5.890 5.909 5.926 5.944 5.961 5.978 5.994 6.009 6.024 6.037 6.050 6.063 6.074 6.085 6.094 6.103 6.111 6.119 6.126 6.133 6.139 6.146 6.152 6.159 6.165
4.557 4.594 4.630 4.666 4.701 4.735 4.768 4.800 4.831 4.862 4.892 4.922 4.951 4.979 5.007 5.035 5.062 5.088 5.114 5.140 5.165 5.190 5.215 5.239 5.264 5.288 5.312 5.335 5.359 5.382 5.405 5.427 5.450 5.474 5.497 5.520 5.543 5.566 5.589 5.612 5.635 5.658 5.681 5.703 5.726 5.748 5.770 5.792 5.813 5.835 5.856 5.876 5.896 5.915 5.933 5.952 5.970 5.987 6.004 6.020 6.036 6.051 6.065 6.078 6.091 6.102 6.113 6.123 6.132 6.140 6.148 6.155 6.162 6.168 6.175 6.181 6.186
4.574 4.611 4.647 4.682 4.717 4.750 4.783 4.815 4.846 4.876 4.907 4.936 4.965 4.993 5.021 5.048 5.075 5.101 5.127 5.152 5.177 5.202 5.226 5.250 5.274 5.298 5.321 5.344 5.367 5.391 5.413 5.434 5.457 5.480 5.503 5.525 5.548 5.571 5.593 5.616 5.639 5.662 5.684 5.707 5.729 5.751 5.774 5.796 5.817 5.839 5.860 5.881 5.902 5.921 5.940 5.958 5.977 5.995 6.013 6.030 6.046 6.062 6.077 6.092 6.105 6.118 6.130 6.141 6.151 6.161 6.169 6.177 6.184 6.191 6.197 6.204 6.209
4.592 4.628 4.664 4.699 4.733 4.767 4.799 4.830 4.861 4.892 4.922 4.951 4.980 5.008 5.035 5.062 5.089 5.115 5.140 5.165 5.190 5.214 5.238 5.262 5.286 5.309 5.332 5.354 5.377 5.399 5.421 5.442 5.464 5.487 5.509 5.531 5.554 5.576 5.598 5.621 5.643 5.665 5.688 5.710 5.732 5.755 5.777 5.799 5.821 5.842 5.864 5.885 5.906 5.926 5.945 5.964 5.983 6.002 6.020 6.038 6.055 6.072 6.088 6.103 6.118 6.132 6.145 6.157 6.168 6.179 6.189 6.197 6.206 6.213 6.220 6.226 6.232
4.609 4.646 4.681 4.716 4.750 4.783 4.815 4.845 4.876 4.907 4.937 4.966 4.994 5.022 5.050 5.077 5.103 5.129 5.154 5.179 5.203 5.228 5.251 5.275 5.298 5.320 5.343 5.365 5.387 5.409 5.430 5.451 5.473 5.494 5.516 5.538 5.560 5.582 5.603 5.625 5.647 5.669 5.691 5.714 5.736 5.758 5.780 5.802 5.824 5.846 5.867 5.889 5.910 5.930 5.949 5.969 5.988 6.008 6.026 6.045 6.063 6.080 6.097 6.113 6.129 6.144 6.158 6.171 6.184 6.195 6.206 6.216 6.225 6.234 6.241 6.249 6.254
4.627 4.663 4.698 4.732 4.766 4.799 4.830 4.861 4.892 4.922 4.952 4.981 5.009 5.037 5.065 5.091 5.118 5.143 5.168 5.193 5.217 5.241 5.265 5.288 5.311 5.333 5.355 5.377 5.399 5.420 5.441 5.461 5.482 5.503 5.524 5.546 5.567 5.588 5.609 5.631 5.652 5.674 5.696 5.717 5.739 5.761 5.783 5.805 5.827 5.849 5.870 5.892 5.913 5.933 5.953 5.973 5.993 6.012 6.032 6.051 6.069 6.087 6.105 6.122 6.138 6.154 6.169 6.183 6.197 6.210 6.222 6.233 6.243 6.253 6.261 6.269 6.276
4.646 4.681 4.715 4.749 4.782 4.815 4.846 4.877 4.907 4.938 4.967 4.996 5.025 5.052 5.080 5.106 5.132 5.158 5.183 5.208 5.232 5.255 5.279 5.302 5.324 5.346 5.368 5.390 5.411 5.432 5.452 5.472 5.492 5.513 5.533 5.554 5.575 5.595 5.616 5.637 5.658 5.679 5.700 5.722 5.743 5.765 5.786 5.808 5.830 5.851 5.873 5.894 5.916 5.936 5.956 5.976 5.996 6.016 6.036 6.056 6.075 6.093 6.111 6.129 6.146 6.162 6.178 6.194 6.208 6.222 6.235 6.248 6.259 6.270 6.280 6.289 6.296
