TsunamiDB/out54052.asc
ncols          264
nrows          230
xllcorner      497853.4375
yllcorner      4229146.0000
cellsize         5.
NODATA_value   -99
[rows 160 to 191 of 230, columns 148 to 221 of 264]
6.461 6.483 6.506 6.528 6.551 6.573 6.594 6.614 6.634 6.652 6.670 6.687 6.703 6.720 6.737 6.756 6.777 6.802 6.835 6.877 6.923 6.972 7.028 7.088 7.151 7.217 7.286 7.356 7.424 7.488 7.556 7.638 7.723 7.809 7.896 7.983 8.068 8.148 8.218 8.268 8.322 8.394 8.466 8.536 8.603 8.668 8.733 8.794 8.847 8.877 8.909 8.957 9.001 9.041 9.074 9.104 9.129 9.149 9.165 9.171 9.177 9.193 9.208 9.222 9.236 9.250 9.264 9.277 9.288 9.288 9.286 9.292 9.294 9.292
6.475 6.497 6.519 6.542 6.565 6.587 6.608 6.629 6.649 6.667 6.685 6.702 6.719 6.735 6.752 6.770 6.790 6.814 6.846 6.887 6.933 6.983 7.040 7.102 7.168 7.238 7.312 7.388 7.462 7.528 7.600 7.688 7.778 7.867 7.955 8.042 8.126 8.203 8.273 8.321 8.373 8.444 8.516 8.586 8.652 8.716 8.778 8.834 8.882 8.909 8.938 8.982 9.023 9.059 9.090 9.117 9.141 9.160 9.177 9.183 9.189 9.204 9.220 9.235 9.249 9.264 9.278 9.290 9.301 9.300 9.299 9.303 9.304 9.300
6.489 6.511 6.534 6.557 6.580 6.602 6.624 6.645 6.665 6.685 6.703 6.720 6.736 6.752 6.769 6.786 6.804 6.827 6.858 6.899 6.944 6.994 7.053 7.118 7.187 7.261 7.341 7.423 7.502 7.571 7.647 7.740 7.833 7.924 8.012 8.098 8.181 8.258 8.325 8.372 8.423 8.494 8.565 8.633 8.698 8.760 8.819 8.871 8.914 8.939 8.965 9.005 9.042 9.075 9.104 9.129 9.152 9.171 9.188 9.194 9.200 9.216 9.231 9.247 9.262 9.276 9.290 9.303 9.312 9.311 9.309 9.311 9.310 9.304
6.503 6.525 6.549 6.572 6.595 6.618 6.641 6.663 6.684 6.703 6.722 6.739 6.756 6.772 6.788 6.803 6.820 6.842 6.871 6.912 6.957 7.008 7.069 7.136 7.209 7.288 7.374 7.461 7.544 7.615 7.695 7.791 7.886 7.978 8.066 8.151 8.233 8.308 8.376 8.421 8.471 8.542 8.610 8.677 8.740 8.800 8.856 8.903 8.943 8.965 8.989 9.024 9.058 9.089 9.116 9.140 9.162 9.182 9.198 9.204 9.210 9.226 9.242 9.257 9.272 9.287 9.301 9.312 9.320 9.319 9.316 9.316 9.313 9.304
6.517 6.540 6.564 6.588 6.612 6.636 6.659 6.682 6.703 6.724 6.743 6.761 6.778 6.794 6.809 6.824 6.839 6.859 6.887 6.927 6.973 7.024 7.087 7.157 7.234 7.318 7.407 7.498 7.586 7.659 7.740 7.838 7.934 8.027 8.115 8.200 8.281 8.356 8.423 8.468 8.517 8.586 8.653 8.718 8.779 8.836 8.889 8.934 8.970 8.989 9.010 9.043 9.074 9.103 9.128 9.151 9.173 9.191 9.207 9.213 9.219 9.235 9.251 9.266 9.281 9.296 9.309 9.320 9.327 9.324 9.320 9.318 9.312 9.299
6.531 6.554 6.579 6.603 6.628 6.653 6.677 6.701 6.724 6.746 6.766 6.785 6.802 6.818 6.833 6.847 6.861 6.879 6.906 6.945 6.991 7.043 7.107 7.180 7.261 7.349 7.442 7.538 7.630 7.704 7.785 7.885 7.983 8.076 8.164 8.249 8.329 8.404 8.473 8.517 8.563 8.631 8.697 8.759 8.817 8.872 8.922 8.963 8.995 9.012 9.031 9.060 9.089 9.116 9.140 9.162 9.182 9.200 9.216 9.222 9.228 9.243 9.259 9.274 9.289 9.303 9.316 9.326 9.331 9.327 9.321 9.317 9.307 9.289
6.545 6.569 6.594 6.619 6.645 6.671 6.696 6.721 6.745 6.768 6.790 6.809 6.827 6.844 6.859 6.873 6.886 6.902 6.927 6.967 7.013 7.066 7.131 7.207 7.292 7.383 7.480 7.582 7.676 7.749 7.830 7.931 8.030 8.123 8.212 8.296 8.376 8.453 8.522 8.563 8.608 8.674 8.737 8.797 8.853 8.905 8.953 8.989 9.015 9.031 9.049 9.076 9.102 9.127 9.150 9.171 9.191 9.208 9.224 9.229 9.235 9.250 9.266 9.281 9.295 9.309 9.321 9.328 9.332 9.326 9.318 9.311 9.297 9.273
6.559 6.583 6.609 6.635 6.662 6.688 6.715 6.741 6.767 6.791 6.814 6.835 6.854 6.872 6.887 6.901 6.913 6.929 6.954 6.993 7.039 7.093 7.160 7.239 7.327 7.422 7.524 7.627 7.720 7.791 7.873 7.975 8.074 8.169 8.258 8.343 8.425 8.501 8.567 8.607 8.651 8.714 8.775 8.832 8.885 8.934 8.977 9.009 9.035 9.049 9.065 9.090 9.114 9.138 9.159 9.179 9.198 9.215 9.231 9.235 9.241 9.256 9.271 9.286 9.299 9.312 9.322 9.328 9.330 9.323 9.311 9.300 9.281 9.251
6.573 6.598 6.624 6.651 6.678 6.706 6.734 6.762 6.788 6.814 6.839 6.861 6.882 6.901 6.917 6.931 6.944 6.960 6.985 7.024 7.071 7.125 7.194 7.275 7.365 7.464 7.568 7.670 7.761 7.832 7.914 8.017 8.118 8.214 8.304 8.390 8.472 8.547 8.610 8.648 8.690 8.751 8.810 8.864 8.914 8.959 8.997 9.027 9.052 9.065 9.079 9.103 9.126 9.148 9.168 9.187 9.205 9.221 9.236 9.240 9.245 9.259 9.274 9.288 9.301 9.312 9.321 9.325 9.325 9.315 9.300 9.284 9.259 9.221
6.587 6.612 6.639 6.666 6.695 6.724 6.753 6.782 6.810 6.837 6.864 6.888 6.911 6.931 6.949 6.965 6.978 6.994 7.019 7.059 7.106 7.161 7.232 7.314 7.406 7.506 7.610 7.710 7.801 7.872 7.953 8.059 8.160 8.257 8.349 8.436 8.517 8.589 8.650 8.687 8.726 8.785 8.841 8.893 8.939 8.980 9.015 9.044 9.068 9.080 9.093 9.115 9.136 9.157 9.175 9.193 9.210 9.226 9.239 9.243 9.247 9.262 9.276 9.289 9.301 9.310 9.317 9.319 9.317 9.304 9.284 9.263 9.230 9.183
6.601 6.627 6.654 6.682 6.711 6.741 6.771 6.801 6.831 6.860 6.889 6.915 6.940 6.963 6.983 7.000 7.015 7.032 7.058 7.099 7.146 7.202 7.272 7.356 7.447 7.545 7.649 7.749 7.840 7.911 7.993 8.099 8.202 8.301 8.393 8.479 8.559 8.629 8.687 8.722 8.760 8.816 8.869 8.918 8.961 8.999 9.032 9.060 9.082 9.094 9.105 9.126 9.146 9.165 9.182 9.199 9.215 9.229 9.242 9.245 9.249 9.262 9.276 9.288 9.298 9.306 9.310 9.310 9.305 9.288 9.263 9.234 9.193 9.135
6.615 6.641 6.669 6.698 6.727 6.758 6.789 6.821 6.852 6.883 6.913 6.942 6.969 6.995 7.017 7.037 7.054 7.072 7.099 7.140 7.188 7.244 7.315 7.397 7.486 7.582 7.685 7.785 7.879 7.950 8.032 8.139 8.243 8.343 8.434 8.520 8.598 8.666 8.722 8.755 8.791 8.844 8.894 8.940 8.980 9.016 9.048 9.074 9.096 9.106 9.117 9.136 9.155 9.172 9.188 9.203 9.218 9.231 9.244 9.246 9.249 9.262 9.274 9.285 9.293 9.299 9.301 9.298 9.289 9.267 9.235 9.198 9.147 9.078
6.630 6.657 6.684 6.714 6.744 6.775 6.808 6.840 6.873 6.906 6.938 6.969 6.999 7.027 7.053 7.075 7.094 7.113 7.141 7.183 7.231 7.287 7.357 7.436 7.523 7.618 7.720 7.822 7.917 7.988 8.071 8.180 8.284 8.383 8.474 8.559 8.636 8.701 8.754 8.785 8.819 8.869 8.916 8.960 8.998 9.032 9.062 9.088 9.109 9.118 9.127 9.146 9.163 9.179 9.193 9.207 9.220 9.232 9.244 9.246 9.248 9.260 9.271 9.280 9.286 9.289 9.288 9.281 9.267 9.239 9.200 9.154 9.092 9.013
6.645 6.672 6.700 6.730 6.761 6.793 6.826 6.860 6.894 6.929 6.963 6.996 7.029 7.059 7.088 7.113 7.134 7.155 7.184 7.226 7.274 7.329 7.397 7.475 7.560 7.653 7.755 7.859 7.957 8.028 8.111 8.220 8.324 8.422 8.511 8.595 8.669 8.732 8.783 8.812 8.844 8.891 8.936 8.978 9.014 9.047 9.076 9.100 9.120 9.129 9.137 9.154 9.170 9.185 9.197 9.209 9.221 9.233 9.244 9.245 9.246 9.256 9.266 9.273 9.277 9.277 9.272 9.260 9.240 9.204 9.157 9.100 9.028 8.941
6.662 6.688 6.717 6.746 6.778 6.810 6.844 6.879 6.915 6.951 6.988 7.023 7.058 7.091 7.122 7.150 7.173 7.196 7.226 7.269 7.317 7.370 7.437 7.513 7.596 7.688 7.790 7.894 7.995 8.067 8.149 8.258 8.361 8.457 8.545 8.627 8.700 8.761 8.810 8.837 8.867 8.911 8.954 8.994 9.029 9.061 9.089 9.112 9.131 9.138 9.146 9.161 9.176 9.190 9.201 9.211 9.222 9.232 9.243 9.243 9.243 9.251 9.259 9.263 9.263 9.260 9.250 9.233 9.206 9.162 9.104 9.037 8.957 8.865
6.679 6.705 6.734 6.764 6.795 6.828 6.863 6.899 6.936 6.974 7.012 7.050 7.087 7.122 7.156 7.186 7.211 7.236 7.266 7.309 7.356 7.409 7.474 7.549 7.631 7.722 7.823 7.930 8.035 8.107 8.188 8.296 8.398 8.492 8.579 8.659 8.731 8.789 8.835 8.860 8.888 8.931 8.972 9.010 9.044 9.075 9.102 9.124 9.142 9.148 9.154 9.168 9.182 9.194 9.204 9.214 9.222 9.231 9.242 9.240 9.238 9.245 9.249 9.250 9.247 9.239 9.224 9.199 9.164 9.110 9.043 8.968 8.883 8.790
6.697 6.724 6.752 6.781 6.813 6.847 6.882 6.919 6.957 6.996 7.036 7.075 7.114 7.152 7.188 7.220 7.248 7.272 7.303 7.346 7.393 7.445 7.509 7.583 7.666 7.757 7.858 7.972 8.079 8.147 8.226 8.333 8.433 8.526 8.611 8.690 8.759 8.814 8.856 8.881 8.908 8.949 8.989 9.025 9.058 9.088 9.114 9.135 9.151 9.157 9.162 9.175 9.187 9.198 9.207 9.215 9.222 9.231 9.240 9.237 9.232 9.236 9.237 9.234 9.226 9.212 9.191 9.158 9.113 9.051 8.976 8.895 8.808 8.719
6.717 6.743 6.771 6.800 6.832 6.866 6.901 6.939 6.978 7.018 7.059 7.100 7.141 7.180 7.218 7.252 7.281 7.307 7.339 7.383 7.429 7.481 7.545 7.619 7.702 7.796 7.902 8.016 8.118 8.185 8.263 8.368 8.466 8.558 8.641 8.717 8.783 8.835 8.877 8.901 8.926 8.966 9.005 9.040 9.072 9.101 9.126 9.145 9.161 9.165 9.169 9.181 9.192 9.202 9.210 9.216 9.222 9.230 9.236 9.231 9.224 9.224 9.221 9.213 9.199 9.179 9.149 9.108 9.055 8.985 8.904 8.822 8.738 8.656
6.738 6.764 6.791 6.820 6.852 6.885 6.921 6.959 6.998 7.039 7.081 7.124 7.166 7.207 7.246 7.282 7.312 7.340 7.373 7.417 7.464 7.516 7.581 7.656 7.741 7.838 7.947 8.056 8.154 8.220 8.297 8.400 8.497 8.586 8.667 8.740 8.803 8.854 8.897 8.920 8.944 8.983 9.020 9.055 9.085 9.112 9.136 9.154 9.169 9.173 9.175 9.186 9.196 9.205 9.212 9.217 9.222 9.227 9.231 9.222 9.212 9.208 9.200 9.186 9.166 9.138 9.100 9.051 8.992 8.916 8.832 8.752 8.674 8.601
6.761 6.786 6.813 6.841 6.872 6.905 6.941 6.979 7.018 7.060 7.103 7.146 7.189 7.232 7.272 7.309 7.341 7.371 7.405 7.450 7.498 7.552 7.618 7.695 7.782 7.880 7.987 8.092 8.187 8.252 8.328 8.429 8.524 8.612 8.691 8.760 8.822 8.873 8.915 8.937 8.960 8.999 9.035 9.069 9.098 9.123 9.145 9.163 9.177 9.179 9.180 9.191 9.200 9.208 9.213 9.217 9.220 9.222 9.222 9.210 9.196 9.187 9.173 9.153 9.126 9.090 9.045 8.989 8.924 8.846 8.764 8.689 8.619 8.555
6.785 6.809 6.835 6.863 6.893 6.926 6.961 6.998 7.038 7.080 7.123 7.167 7.211 7.255 7.297 7.335 7.369 7.400 7.436 7.483 7.533 7.588 7.655 7.734 7.822 7.918 8.022 8.124 8.217 8.282 8.357 8.456 8.549 8.635 8.711 8.779 8.839 8.890 8.932 8.954 8.976 9.014 9.049 9.082 9.109 9.134 9.155 9.171 9.185 9.186 9.185 9.194 9.203 9.209 9.213 9.215 9.216 9.214 9.210 9.194 9.175 9.161 9.141 9.114 9.079 9.036 8.984 8.924 8.857 8.780 8.701 8.634 8.572 8.519
6.810 6.834 6.859 6.886 6.915 6.947 6.981 7.018 7.057 7.099 7.142 7.187 7.232 7.276 7.319 7.359 7.395 7.428 7.466 7.515 7.568 7.624 7.693 7.772 7.858 7.952 8.053 8.152 8.244 8.309 8.382 8.479 8.571 8.656 8.730 8.796 8.855 8.906 8.948 8.970 8.991 9.028 9.063 9.094 9.120 9.143 9.163 9.179 9.192 9.191 9.189 9.197 9.204 9.208 9.210 9.210 9.208 9.203 9.194 9.174 9.150 9.129 9.102 9.069 9.027 8.978 8.921 8.859 8.793 8.719 8.646 8.587 8.535 8.490
6.835 6.859 6.884 6.910 6.938 6.968 7.001 7.037 7.076 7.117 7.161 7.206 7.251 7.296 7.341 7.383 7.420 7.455 7.495 7.546 7.600 7.659 7.728 7.807 7.891 7.982 8.079 8.177 8.269 8.333 8.406 8.502 8.592 8.675 8.747 8.813 8.871 8.921 8.963 8.984 9.005 9.041 9.075 9.105 9.130 9.152 9.170 9.186 9.197 9.196 9.192 9.199 9.204 9.206 9.206 9.203 9.197 9.188 9.174 9.149 9.119 9.092 9.059 9.019 8.972 8.918 8.859 8.797 8.734 8.665 8.599 8.548 8.505 8.468
6.861 6.885 6.909 6.934 6.961 6.990 7.022 7.056 7.094 7.135 7.178 7.223 7.269 7.316 7.361 7.404 7.443 7.480 7.523 7.576 7.633 7.692 7.761 7.838 7.920 8.008 8.104 8.201 8.293 8.357 8.429 8.524 8.612 8.693 8.763 8.828 8.885 8.935 8.977 8.997 9.017 9.053 9.086 9.115 9.139 9.159 9.177 9.191 9.202 9.199 9.194 9.199 9.201 9.201 9.198 9.192 9.182 9.168 9.150 9.119 9.084 9.050 9.011 8.966 8.914 8.858 8.799 8.739 8.681 8.618 8.560 8.517 8.480 8.450
6.886 6.910 6.934 6.959 6.985 7.012 7.042 7.076 7.112 7.152 7.195 7.240 7.287 7.334 7.381 7.425 7.466 7.505 7.550 7.605 7.663 7.723 7.792 7.868 7.948 8.033 8.127 8.223 8.315 8.379 8.450 8.543 8.630 8.708 8.778 8.841 8.899 8.948 8.989 9.009 9.028 9.064 9.096 9.124 9.146 9.166 9.182 9.195 9.205 9.200 9.194 9.196 9.196 9.194 9.187 9.177 9.164 9.146 9.121 9.085 9.044 9.005 8.961 8.912 8.858 8.801 8.744 8.688 8.635 8.579 8.528 8.491 8.461 8.436
6.909 6.935 6.959 6.983 7.008 7.035 7.064 7.095 7.131 7.170 7.212 7.257 7.304 7.352 7.399 7.444 7.487 7.529 7.575 7.632 7.692 7.752 7.820 7.894 7.972 8.056 8.146 8.242 8.337 8.401 8.470 8.561 8.646 8.723 8.791 8.854 8.911 8.960 9.001 9.020 9.038 9.073 9.104 9.131 9.153 9.172 9.187 9.199 9.208 9.202 9.193 9.193 9.191 9.184 9.174 9.161 9.143 9.120 9.090 9.049 9.002 8.958 8.910 8.859 8.804 8.749 8.695 8.643 8.597 8.546 8.501 8.471 8.446 8.425
6.932 6.958 6.983 7.007 7.032 7.057 7.085 7.115 7.149 7.187 7.229 7.274 7.321 7.369 7.417 7.463 7.507 7.549 7.597 7.657 7.718 7.778 7.846 7.918 7.995 8.077 8.166 8.265 8.361 8.422 8.489 8.579 8.662 8.737 8.805 8.867 8.922 8.970 9.011 9.029 9.047 9.081 9.112 9.138 9.160 9.177 9.191 9.202 9.210 9.202 9.191 9.189 9.183 9.174 9.160 9.142 9.120 9.092 9.056 9.010 8.959 8.912 8.861 8.809 8.755 8.702 8.652 8.606 8.565 8.520 8.481 8.455 8.434 8.417
6.952 6.979 7.005 7.030 7.055 7.080 7.106 7.135 7.168 7.205 7.246 7.290 7.337 7.385 7.433 7.479 7.523 7.568 7.620 7.681 7.743 7.804 7.871 7.943 8.018 8.100 8.191 8.290 8.381 8.441 8.507 8.595 8.676 8.751 8.817 8.878 8.933 8.980 9.020 9.038 9.055 9.088 9.118 9.144 9.165 9.182 9.195 9.206 9.212 9.201 9.188 9.183 9.174 9.161 9.143 9.121 9.094 9.060 9.020 8.970 8.917 8.866 8.815 8.763 8.711 8.662 8.616 8.576 8.540 8.500 8.464 8.443 8.425 8.411
6.970 6.999 7.026 7.052 7.077 7.101 7.127 7.155 7.187 7.222 7.262 7.306 7.352 7.400 7.447 7.493 7.539 7.587 7.642 7.705 7.767 7.829 7.896 7.968 8.043 8.125 8.217 8.312 8.400 8.459 8.524 8.610 8.690 8.764 8.829 8.888 8.942 8.988 9.028 9.045 9.061 9.094 9.124 9.150 9.170 9.187 9.199 9.208 9.212 9.200 9.184 9.176 9.164 9.147 9.125 9.098 9.066 9.027 8.984 8.931 8.875 8.824 8.773 8.722 8.673 8.628 8.587 8.551 8.519 8.483 8.451 8.433 8.418 8.406
6.987 7.017 7.045 7.072 7.097 7.122 7.148 7.175 7.205 7.239 7.278 7.321 7.366 7.413 7.460 7.506 7.555 7.607 7.664 7.728 7.791 7.854 7.922 7.993 8.069 8.151 8.240 8.332 8.418 8.476 8.540 8.625 8.705 8.776 8.840 8.898 8.950 8.996 9.035 9.051 9.067 9.100 9.130 9.155 9.175 9.191 9.202 9.209 9.211 9.196 9.178 9.167 9.151 9.131 9.105 9.073 9.036 8.994 8.949 8.893 8.836 8.785 8.735 8.687 8.641 8.600 8.563 8.531 8.503 8.470 8.441 8.426 8.414 8.403
7.001 7.033 7.062 7.090 7.117 7.142 7.167 7.194 7.223 7.256 7.293 7.334 7.378 7.424 7.471 7.520 7.571 7.626 7.686 7.752 7.816 7.881 7.949 8.021 8.096 8.176 8.262 8.351 8.435 8.494 8.557 8.641 8.719 8.790 8.852 8.908 8.958 9.002 9.042 9.057 9.072 9.105 9.135 9.160 9.179 9.194 9.204 9.209 9.209 9.192 9.171 9.157 9.138 9.113 9.083 9.047 9.007 8.962 8.915 8.858 8.800 8.751 8.703 8.657 8.615 8.577 8.544 8.515 8.490 8.460 8.434 8.421 8.410 8.402
7.014 7.047 7.078 7.107 7.135 7.161 7.186 7.211 7.239 7.270 7.306 7.345 7.388 7.434 7.482 7.533 7.588 7.646 7.709 7.776 7.842 7.907 7.977 8.049 8.122 8.199 8.281 8.368 8.453 8.512 8.575 8.657 8.735 8.804 8.864 8.917 8.965 9.009 9.048 9.063 9.077 9.110 9.139 9.164 9.182 9.196 9.205 9.208 9.205 9.186 9.162 9.145 9.123 9.094 9.060 9.021 8.978 8.931 8.883 8.826 8.769 8.721 8.675 8.633 8.594 8.559 8.529 8.503 8.481 8.453 8.429 8.417 8.408 8.401
