TsunamiDB/out54190.asc
ncols          264
nrows          230
xllcorner      497853.4375
yllcorner      4229146.0000
cellsize         5.
NODATA_value   -99
[rows 34 to 67 of 230, columns 0 to 76 of 264]
5.689 5.699 5.710 5.721 5.731 5.742 5.753 5.765 5.776 5.788 5.799 5.811 5.823 5.836 5.848 5.859 5.871 5.882 5.894 5.905 5.916 5.927 5.938 5.949 5.960 5.971 5.982 5.992 6.003 6.013 6.024 6.034 6.044 6.054 6.064 6.074 6.085 6.095 6.104 6.114 6.123 6.132 6.141 6.150 6.159 6.168 6.177 6.185 6.194 6.203 6.212 6.220 6.229 6.238 6.246 6.255 6.263 6.272 6.281 6.290 6.298 6.306 6.314 6.322 6.330 6.337 6.344 6.351 6.358 6.365 6.371 6.378 6.384 6.390 6.396 6.401 6.407
5.693 5.704 5.714 5.724 5.735 5.745 5.756 5.767 5.778 5.789 5.800 5.812 5.823 5.836 5.847 5.859 5.870 5.881 5.892 5.904 5.915 5.926 5.937 5.948 5.959 5.970 5.981 5.992 6.002 6.013 6.023 6.034 6.044 6.054 6.064 6.075 6.085 6.095 6.105 6.114 6.124 6.133 6.142 6.151 6.160 6.169 6.178 6.186 6.195 6.204 6.213 6.222 6.230 6.239 6.248 6.256 6.265 6.273 6.282 6.291 6.300 6.308 6.316 6.324 6.332 6.339 6.347 6.354 6.361 6.368 6.374 6.381 6.387 6.393 6.399 6.405 6.411
5.699 5.709 5.718 5.728 5.738 5.749 5.759 5.769 5.780 5.791 5.802 5.813 5.824 5.836 5.848 5.859 5.869 5.880 5.892 5.903 5.914 5.925 5.936 5.947 5.958 5.969 5.980 5.991 6.001 6.012 6.023 6.033 6.044 6.054 6.064 6.075 6.085 6.096 6.105 6.115 6.124 6.134 6.143 6.152 6.161 6.170 6.179 6.187 6.196 6.205 6.214 6.223 6.231 6.240 6.249 6.258 6.266 6.275 6.284 6.293 6.302 6.310 6.318 6.326 6.334 6.341 6.349 6.356 6.363 6.370 6.377 6.384 6.390 6.396 6.402 6.409 6.414
5.705 5.714 5.724 5.733 5.743 5.753 5.763 5.773 5.783 5.794 5.804 5.815 5.826 5.837 5.848 5.859 5.870 5.880 5.891 5.902 5.913 5.924 5.935 5.946 5.957 5.968 5.978 5.989 6.000 6.011 6.022 6.032 6.043 6.053 6.064 6.075 6.085 6.096 6.106 6.115 6.125 6.134 6.143 6.152 6.162 6.171 6.179 6.188 6.197 6.206 6.215 6.224 6.233 6.241 6.250 6.259 6.268 6.276 6.285 6.294 6.303 6.312 6.320 6.328 6.336 6.343 6.351 6.358 6.366 6.373 6.380 6.386 6.393 6.399 6.406 6.412 6.418
5.712 5.721 5.730 5.739 5.749 5.758 5.768 5.778 5.787 5.797 5.807 5.818 5.828 5.839 5.850 5.860 5.871 5.881 5.891 5.902 5.912 5.923 5.934 5.945 5.955 5.966 5.977 5.988 5.999 6.010 6.021 6.031 6.042 6.053 6.063 6.074 6.085 6.095 6.105 6.115 6.125 6.134 6.144 6.153 6.162 6.171 6.180 6.189 6.198 6.207 6.216 6.225 6.234 6.242 6.251 6.260 6.269 6.278 6.287 6.296 6.305 6.313 6.321 6.330 6.338 6.345 6.353 6.361 6.368 6.375 6.382 6.389 6.396 6.402 6.409 6.415 6.421
5.719 5.728 5.737 5.746 5.755 5.764 5.773 5.783 5.792 5.802 5.812 5.822 5.832 5.842 5.853 5.863 5.872 5.882 5.892 5.903 5.913 5.923 5.934 5.944 5.955 5.966 5.976 5.987 5.998 6.009 6.019 6.030 6.041 6.052 6.062 6.073 6.084 6.095 6.105 6.115 6.125 6.134 6.144 6.153 6.162 6.171 6.181 6.190 6.199 6.208 6.217 6.226 6.234 6.243 6.252 6.261 6.270 6.279 6.288 6.297 6.306 6.315 6.323 6.331 6.339 6.347 6.355 6.363 6.370 6.377 6.385 6.392 6.399 6.405 6.412 6.418 6.425
5.727 5.736 5.744 5.753 5.762 5.771 5.780 5.789 5.798 5.807 5.817 5.826 5.836 5.846 5.856 5.866 5.875 5.885 5.894 5.904 5.914 5.924 5.934 5.944 5.955 5.965 5.976 5.986 5.997 6.008 6.018 6.029 6.040 6.051 6.061 6.072 6.083 6.094 6.104 6.114 6.124 6.134 6.143 6.153 6.162 6.172 6.181 6.190 6.199 6.208 6.217 6.226 6.235 6.244 6.253 6.262 6.271 6.280 6.289 6.298 6.307 6.316 6.324 6.333 6.341 6.349 6.357 6.365 6.372 6.380 6.387 6.394 6.401 6.408 6.415 6.421 6.428
5.736 5.744 5.753 5.761 5.770 5.778 5.787 5.796 5.804 5.813 5.822 5.832 5.841 5.851 5.860 5.869 5.878 5.888 5.897 5.906 5.916 5.925 5.935 5.945 5.955 5.965 5.976 5.986 5.996 6.007 6.017 6.028 6.039 6.049 6.060 6.071 6.082 6.093 6.103 6.113 6.123 6.133 6.143 6.152 6.162 6.171 6.181 6.190 6.199 6.208 6.217 6.227 6.236 6.245 6.254 6.263 6.272 6.281 6.290 6.299 6.308 6.317 6.326 6.334 6.342 6.351 6.359 6.366 6.374 6.382 6.389 6.396 6.404 6.411 6.417 6.424 6.431
5.745 5.753 5.761 5.770 5.778 5.786 5.795 5.803 5.812 5.820 5.829 5.838 5.847 5.856 5.865 5.874 5.883 5.892 5.900 5.909 5.918 5.928 5.937 5.947 5.956 5.966 5.976 5.986 5.996 6.007 6.017 6.027 6.038 6.048 6.059 6.070 6.081 6.092 6.102 6.112 6.122 6.132 6.142 6.152 6.161 6.171 6.180 6.190 6.199 6.208 6.217 6.227 6.236 6.245 6.254 6.263 6.272 6.281 6.291 6.300 6.309 6.318 6.327 6.335 6.344 6.352 6.360 6.368 6.376 6.384 6.391 6.399 6.406 6.413 6.420 6.427 6.434
5.754 5.762 5.770 5.779 5.787 5.795 5.803 5.811 5.819 5.828 5.836 5.845 5.853 5.863 5.871 5.880 5.888 5.896 5.905 5.913 5.922 5.931 5.940 5.949 5.958 5.968 5.977 5.987 5.997 6.007 6.017 6.027 6.037 6.048 6.058 6.069 6.080 6.091 6.101 6.111 6.121 6.131 6.141 6.151 6.160 6.170 6.179 6.189 6.198 6.208 6.217 6.226 6.236 6.245 6.254 6.263 6.273 6.282 6.291 6.301 6.310 6.319 6.328 6.336 6.345 6.353 6.361 6.369 6.377 6.385 6.393 6.400 6.408 6.415 6.422 6.429 6.436
5.764 5.772 5.780 5.788 5.796 5.804 5.812 5.820 5.828 5.836 5.844 5.852 5.861 5.870 5.878 5.886 5.894 5.902 5.910 5.918 5.926 5.935 5.943 5.952 5.961 5.970 5.979 5.989 5.998 6.008 6.017 6.027 6.037 6.047 6.058 6.068 6.079 6.090 6.100 6.110 6.120 6.130 6.139 6.149 6.159 6.169 6.178 6.188 6.197 6.207 6.216 6.226 6.235 6.245 6.254 6.263 6.273 6.282 6.291 6.301 6.310 6.319 6.328 6.337 6.345 6.354 6.362 6.371 6.379 6.387 6.394 6.402 6.410 6.417 6.425 6.432 6.439
5.774 5.782 5.790 5.798 5.806 5.813 5.821 5.829 5.837 5.844 5.852 5.860 5.869 5.877 5.885 5.893 5.900 5.908 5.916 5.924 5.931 5.939 5.948 5.956 5.964 5.973 5.982 5.991 6.000 6.009 6.019 6.028 6.038 6.048 6.058 6.068 6.078 6.089 6.099 6.109 6.118 6.128 6.138 6.148 6.158 6.167 6.177 6.187 6.196 6.206 6.215 6.225 6.234 6.244 6.253 6.263 6.272 6.281 6.291 6.301 6.310 6.319 6.328 6.337 6.346 6.354 6.363 6.371 6.379 6.388 6.396 6.403 6.411 6.419 6.426 6.434 6.441
5.785 5.793 5.800 5.808 5.816 5.823 5.831 5.838 5.846 5.854 5.861 5.869 5.877 5.886 5.893 5.900 5.908 5.915 5.922 5.930 5.937 5.945 5.953 5.961 5.969 5.977 5.985 5.994 6.003 6.011 6.020 6.030 6.039 6.048 6.058 6.068 6.078 6.088 6.098 6.108 6.117 6.127 6.137 6.146 6.156 6.166 6.175 6.185 6.195 6.204 6.214 6.223 6.233 6.243 6.252 6.262 6.271 6.281 6.290 6.300 6.310 6.319 6.328 6.337 6.346 6.354 6.363 6.372 6.380 6.388 6.396 6.404 6.412 6.420 6.428 6.435 6.443
5.795 5.803 5.811 5.818 5.826 5.833 5.841 5.848 5.856 5.863 5.871 5.878 5.886 5.894 5.901 5.908 5.915 5.922 5.929 5.937 5.944 5.951 5.959 5.966 5.974 5.982 5.990 5.998 6.006 6.015 6.023 6.032 6.041 6.050 6.059 6.069 6.079 6.089 6.098 6.107 6.117 6.126 6.135 6.145 6.155 6.164 6.174 6.183 6.193 6.202 6.212 6.222 6.231 6.241 6.251 6.260 6.270 6.279 6.289 6.299 6.309 6.318 6.327 6.336 6.345 6.354 6.363 6.371 6.380 6.388 6.397 6.405 6.413 6.421 6.429 6.436 6.444
5.806 5.813 5.821 5.829 5.836 5.843 5.851 5.858 5.865 5.873 5.880 5.888 5.896 5.903 5.910 5.917 5.924 5.930 5.937 5.944 5.951 5.958 5.965 5.972 5.980 5.987 5.995 6.002 6.010 6.018 6.026 6.035 6.043 6.052 6.061 6.070 6.080 6.089 6.098 6.107 6.116 6.125 6.135 6.144 6.153 6.163 6.172 6.182 6.191 6.201 6.210 6.220 6.229 6.239 6.249 6.258 6.268 6.278 6.288 6.298 6.307 6.317 6.326 6.335 6.344 6.353 6.362 6.371 6.379 6.388 6.396 6.405 6.413 6.421 6.429 6.437 6.445
5.816 5.824 5.832 5.839 5.846 5.854 5.861 5.868 5.876 5.883 5.890 5.897 5.905 5.912 5.919 5.926 5.932 5.939 5.945 5.952 5.958 5.965 5.972 5.979 5.986 5.993 6.000 6.008 6.015 6.023 6.031 6.038 6.046 6.055 6.063 6.072 6.082 6.090 6.099 6.108 6.116 6.125 6.134 6.143 6.152 6.161 6.171 6.180 6.189 6.199 6.208 6.218 6.227 6.237 6.247 6.256 6.266 6.276 6.286 6.296 6.306 6.315 6.324 6.334 6.343 6.352 6.361 6.370 6.378 6.387 6.396 6.404 6.412 6.421 6.429 6.437 6.445
5.827 5.834 5.842 5.849 5.857 5.864 5.871 5.879 5.886 5.893 5.900 5.907 5.915 5.922 5.928 5.935 5.941 5.947 5.954 5.960 5.966 5.973 5.979 5.986 5.993 5.999 6.006 6.013 6.021 6.028 6.035 6.043 6.050 6.058 6.067 6.075 6.084 6.092 6.100 6.109 6.117 6.126 6.134 6.143 6.152 6.160 6.169 6.179 6.188 6.197 6.206 6.216 6.225 6.235 6.244 6.254 6.263 6.273 6.283 6.293 6.303 6.313 6.322 6.331 6.341 6.350 6.359 6.368 6.377 6.386 6.394 6.403 6.411 6.420 6.428 6.436 6.445
5.837 5.845 5.852 5.860 5.867 5.874 5.882 5.889 5.896 5.903 5.910 5.917 5.925 5.932 5.938 5.944 5.950 5.956 5.963 5.969 5.975 5.981 5.987 5.993 6.000 6.006 6.013 6.020 6.027 6.033 6.040 6.048 6.055 6.063 6.070 6.079 6.087 6.095 6.103 6.110 6.118 6.127 6.135 6.143 6.152 6.160 6.169 6.178 6.186 6.195 6.205 6.214 6.223 6.232 6.242 6.251 6.261 6.271 6.281 6.291 6.301 6.310 6.319 6.329 6.338 6.347 6.357 6.366 6.375 6.384 6.392 6.401 6.410 6.418 6.427 6.435 6.444
5.847 5.855 5.862 5.870 5.877 5.884 5.892 5.899 5.906 5.913 5.920 5.927 5.934 5.941 5.947 5.954 5.960 5.966 5.971 5.977 5.983 5.989 5.995 6.001 6.008 6.014 6.020 6.026 6.033 6.040 6.046 6.053 6.060 6.067 6.075 6.083 6.091 6.098 6.105 6.113 6.121 6.128 6.136 6.144 6.152 6.160 6.168 6.177 6.186 6.194 6.203 6.212 6.221 6.230 6.239 6.249 6.258 6.268 6.278 6.288 6.298 6.307 6.317 6.326 6.335 6.345 6.354 6.363 6.372 6.381 6.390 6.399 6.408 6.416 6.425 6.433 6.442
5.857 5.864 5.872 5.879 5.887 5.894 5.901 5.909 5.916 5.923 5.930 5.937 5.944 5.951 5.957 5.963 5.969 5.975 5.981 5.986 5.992 5.998 6.004 6.009 6.015 6.021 6.027 6.034 6.040 6.046 6.053 6.059 6.066 6.073 6.080 6.087 6.095 6.102 6.109 6.116 6.123 6.130 6.138 6.145 6.153 6.161 6.169 6.177 6.185 6.194 6.202 6.211 6.219 6.228 6.237 6.247 6.256 6.265 6.275 6.285 6.295 6.304 6.313 6.323 6.332 6.341 6.351 6.360 6.369 6.378 6.387 6.396 6.405 6.414 6.422 6.431 6.440
5.866 5.874 5.882 5.889 5.896 5.904 5.911 5.918 5.925 5.932 5.939 5.946 5.954 5.960 5.966 5.972 5.978 5.984 5.990 5.995 6.001 6.006 6.012 6.018 6.024 6.029 6.035 6.041 6.047 6.053 6.059 6.065 6.072 6.078 6.085 6.092 6.099 6.106 6.113 6.120 6.126 6.133 6.140 6.147 6.155 6.162 6.170 6.177 6.185 6.193 6.201 6.210 6.218 6.227 6.236 6.245 6.254 6.263 6.273 6.282 6.292 6.301 6.310 6.319 6.329 6.338 6.347 6.356 6.365 6.374 6.384 6.393 6.401 6.410 6.419 6.428 6.437
5.875 5.883 5.891 5.898 5.906 5.913 5.920 5.928 5.935 5.942 5.949 5.956 5.963 5.970 5.976 5.982 5.988 5.993 5.999 6.004 6.010 6.015 6.021 6.026 6.032 6.037 6.043 6.049 6.054 6.060 6.066 6.072 6.078 6.084 6.091 6.098 6.105 6.111 6.117 6.124 6.130 6.137 6.143 6.150 6.157 6.164 6.171 6.179 6.186 6.194 6.202 6.209 6.218 6.226 6.234 6.243 6.252 6.261 6.270 6.280 6.289 6.298 6.307 6.316 6.325 6.334 6.344 6.353 6.362 6.371 6.380 6.389 6.398 6.407 6.416 6.424 6.433
5.884 5.892 5.900 5.907 5.915 5.922 5.929 5.937 5.944 5.951 5.958 5.965 5.972 5.979 5.985 5.991 5.997 6.002 6.008 6.013 6.019 6.024 6.029 6.035 6.040 6.046 6.051 6.057 6.062 6.068 6.073 6.079 6.085 6.091 6.097 6.104 6.110 6.116 6.122 6.128 6.134 6.141 6.147 6.153 6.160 6.167 6.173 6.180 6.187 6.195 6.202 6.210 6.218 6.225 6.234 6.242 6.250 6.259 6.269 6.278 6.286 6.295 6.304 6.313 6.322 6.331 6.340 6.349 6.358 6.367 6.376 6.385 6.394 6.403 6.412 6.421 6.429
5.893 5.901 5.908 5.916 5.923 5.931 5.938 5.945 5.952 5.960 5.967 5.974 5.981 5.988 5.994 6.000 6.005 6.011 6.017 6.022 6.027 6.033 6.038 6.043 6.049 6.054 6.059 6.065 6.070 6.075 6.081 6.086 6.092 6.098 6.104 6.110 6.116 6.122 6.128 6.133 6.139 6.145 6.151 6.157 6.163 6.170 6.176 6.183 6.189 6.196 6.203 6.211 6.218 6.226 6.233 6.241 6.250 6.258 6.267 6.276 6.284 6.293 6.302 6.310 6.319 6.328 6.337 6.345 6.354 6.363 6.372 6.381 6.390 6.399 6.408 6.417 6.425
5.901 5.909 5.917 5.924 5.932 5.939 5.947 5.954 5.961 5.968 5.975 5.982 5.990 5.996 6.002 6.008 6.014 6.020 6.025 6.031 6.036 6.041 6.046 6.052 6.057 6.062 6.067 6.073 6.078 6.083 6.088 6.094 6.099 6.105 6.110 6.116 6.122 6.128 6.133 6.139 6.144 6.150 6.156 6.161 6.167 6.173 6.179 6.185 6.192 6.198 6.205 6.212 6.219 6.226 6.234 6.241 6.249 6.257 6.266 6.274 6.283 6.291 6.299 6.308 6.316 6.325 6.333 6.342 6.351 6.360 6.368 6.377 6.386 6.395 6.404 6.412 6.421
5.910 5.917 5.925 5.932 5.940 5.947 5.955 5.962 5.969 5.976 5.983 5.990 5.998 6.005 6.011 6.017 6.022 6.028 6.034 6.039 6.044 6.050 6.055 6.060 6.065 6.070 6.075 6.081 6.086 6.091 6.096 6.101 6.106 6.112 6.117 6.123 6.129 6.134 6.139 6.145 6.150 6.155 6.160 6.166 6.171 6.177 6.183 6.189 6.195 6.201 6.207 6.214 6.221 6.227 6.235 6.242 6.249 6.257 6.265 6.274 6.282 6.290 6.298 6.306 6.314 6.322 6.331 6.339 6.348 6.356 6.365 6.373 6.382 6.391 6.399 6.408 6.417
5.918 5.925 5.933 5.940 5.948 5.955 5.962 5.970 5.977 5.984 5.991 5.998 6.006 6.013 6.019 6.025 6.031 6.036 6.042 6.047 6.052 6.058 6.063 6.068 6.073 6.078 6.083 6.089 6.094 6.099 6.104 6.109 6.114 6.119 6.124 6.130 6.136 6.141 6.146 6.151 6.156 6.161 6.166 6.171 6.176 6.181 6.187 6.192 6.198 6.204 6.210 6.216 6.223 6.229 6.236 6.243 6.250 6.258 6.266 6.273 6.281 6.289 6.296 6.304 6.312 6.320 6.328 6.337 6.345 6.353 6.361 6.370 6.378 6.387 6.396 6.404 6.413
5.925 5.933 5.940 5.948 5.955 5.962 5.970 5.977 5.984 5.991 5.999 6.006 6.013 6.020 6.026 6.032 6.038 6.044 6.050 6.055 6.060 6.066 6.071 6.076 6.081 6.086 6.091 6.096 6.101 6.106 6.111 6.116 6.121 6.126 6.132 6.137 6.143 6.147 6.152 6.157 6.162 6.167 6.171 6.176 6.181 6.186 6.191 6.197 6.202 6.208 6.213 6.219 6.225 6.232 6.238 6.245 6.251 6.259 6.266 6.274 6.281 6.288 6.296 6.303 6.311 6.319 6.327 6.334 6.342 6.351 6.359 6.367 6.375 6.383 6.392 6.400 6.409
5.933 5.940 5.948 5.955 5.962 5.970 5.977 5.984 5.991 5.999 6.006 6.013 6.021 6.028 6.034 6.040 6.046 6.051 6.057 6.063 6.068 6.073 6.079 6.084 6.089 6.094 6.099 6.104 6.109 6.114 6.119 6.124 6.129 6.134 6.139 6.144 6.149 6.154 6.159 6.163 6.168 6.173 6.177 6.182 6.187 6.191 6.196 6.201 6.206 6.212 6.217 6.223 6.228 6.234 6.240 6.247 6.253 6.260 6.267 6.274 6.281 6.288 6.296 6.303 6.310 6.318 6.325 6.333 6.341 6.348 6.356 6.364 6.372 6.380 6.389 6.397 6.405
5.940 5.947 5.955 5.962 5.969 5.977 5.984 5.991 5.998 6.006 6.013 6.020 6.028 6.034 6.041 6.047 6.053 6.058 6.064 6.070 6.075 6.081 6.086 6.091 6.096 6.102 6.107 6.112 6.117 6.121 6.126 6.131 6.136 6.141 6.146 6.151 6.157 6.161 6.166 6.170 6.174 6.179 6.183 6.188 6.192 6.197 6.201 6.206 6.211 6.216 6.221 6.226 6.232 6.238 6.243 6.249 6.255 6.262 6.269 6.276 6.282 6.289 6.296 6.303 6.310 6.317 6.324 6.332 6.339 6.347 6.354 6.362 6.370 6.378 6.386 6.394 6.402
5.947 5.955 5.962 5.969 5.976 5.984 5.991 5.998 6.005 6.012 6.020 6.027 6.035 6.041 6.047 6.053 6.059 6.065 6.071 6.077 6.082 6.088 6.093 6.098 6.104 6.109 6.114 6.119 6.124 6.129 6.134 6.138 6.143 6.148 6.153 6.159 6.164 6.168 6.172 6.177 6.181 6.185 6.189 6.194 6.198 6.202 6.207 6.211 6.216 6.221 6.226 6.231 6.236 6.241 6.247 6.252 6.258 6.264 6.271 6.278 6.284 6.290 6.297 6.303 6.310 6.317 6.324 6.331 6.338 6.346 6.353 6.360 6.368 6.376 6.383 6.391 6.399
5.954 5.962 5.969 5.976 5.983 5.990 5.997 6.005 6.012 6.019 6.026 6.034 6.041 6.047 6.054 6.060 6.066 6.072 6.078 6.083 6.089 6.094 6.100 6.105 6.110 6.116 6.121 6.126 6.131 6.136 6.141 6.146 6.150 6.155 6.160 6.166 6.171 6.175 6.179 6.183 6.188 6.192 6.196 6.200 6.204 6.208 6.212 6.217 6.221 6.226 6.230 6.235 6.240 6.245 6.250 6.256 6.261 6.267 6.274 6.280 6.286 6.292 6.298 6.304 6.311 6.317 6.324 6.331 6.338 6.345 6.352 6.359 6.367 6.374 6.382 6.389 6.397
5.961 5.969 5.976 5.983 5.990 5.997 6.004 6.011 6.018 6.025 6.032 6.040 6.047 6.054 6.060 6.066 6.072 6.078 6.084 6.090 6.095 6.101 6.106 6.112 6.117 6.122 6.128 6.133 6.138 6.143 6.148 6.152 6.157 6.162 6.167 6.173 6.177 6.182 6.186 6.190 6.194 6.198 6.202 6.206 6.210 6.214 6.218 6.222 6.227 6.231 6.235 6.240 6.244 6.249 6.254 6.259 6.265 6.270 6.277 6.282 6.288 6.294 6.300 6.306 6.312 6.318 6.325 6.331 6.338 6.345 6.351 6.358 6.366 6.373 6.380 6.388 6.395
5.969 5.976 5.982 5.989 5.996 6.003 6.010 6.017 6.024 6.031 6.039 6.046 6.053 6.060 6.066 6.072 6.078 6.084 6.090 6.096 6.101 6.107 6.112 6.118 6.123 6.129 6.134 6.139 6.144 6.149 6.154 6.159 6.164 6.169 6.174 6.180 6.184 6.188 6.192 6.197 6.201 6.205 6.208 6.212 6.216 6.220 6.224 6.228 6.232 6.236 6.240 6.245 6.249 6.254 6.258 6.263 6.268 6.274 6.280 6.285 6.291 6.296 6.302 6.308 6.314 6.320 6.326 6.332 6.338 6.345 6.351 6.358 6.365 6.372 6.379 6.386 6.394
