TsunamiDB/out54049.asc
ncols          264
nrows          230
xllcorner      497853.4375
yllcorner      4229146.0000
cellsize         5.
NODATA_value   -99
[rows 0 to 32 of 230, columns 146 to 218 of 264]
4.193 4.244 4.293 4.341 4.387 4.433 4.477 4.521 4.564 4.606 4.648 4.690 4.731 4.772 4.813 4.852 4.891 4.928 4.964 4.999 5.033 5.065 5.095 5.124 5.152 5.178 5.203 5.226 5.249 5.270 5.291 5.311 5.330 5.350 5.370 5.390 5.411 5.432 5.454 5.476 5.500 5.523 5.548 5.573 5.598 5.624 5.650 5.676 5.703 5.730 5.757 5.784 5.811 5.838 5.865 5.891 5.918 5.946 5.974 6.001 6.029 6.057 6.085 6.113 6.141 6.169 6.196 6.224 6.251 6.279 6.305 6.332 6.357
4.217 4.267 4.315 4.362 4.407 4.451 4.495 4.537 4.579 4.620 4.661 4.702 4.743 4.783 4.823 4.863 4.901 4.939 4.976 5.011 5.046 5.078 5.110 5.140 5.168 5.195 5.220 5.244 5.267 5.289 5.310 5.329 5.347 5.366 5.385 5.404 5.423 5.443 5.464 5.485 5.507 5.529 5.553 5.577 5.602 5.627 5.652 5.678 5.705 5.731 5.758 5.784 5.811 5.838 5.865 5.891 5.918 5.946 5.973 6.001 6.029 6.056 6.084 6.112 6.140 6.168 6.196 6.224 6.252 6.279 6.307 6.334 6.360
4.241 4.290 4.337 4.382 4.427 4.470 4.512 4.554 4.594 4.634 4.674 4.714 4.754 4.794 4.833 4.872 4.911 4.949 4.986 5.022 5.057 5.091 5.123 5.154 5.183 5.211 5.237 5.262 5.286 5.308 5.329 5.348 5.366 5.384 5.402 5.420 5.438 5.456 5.475 5.495 5.516 5.537 5.559 5.582 5.606 5.630 5.655 5.681 5.706 5.732 5.759 5.785 5.812 5.839 5.865 5.891 5.918 5.945 5.973 6.000 6.028 6.056 6.083 6.111 6.139 6.167 6.195 6.223 6.251 6.280 6.308 6.335 6.363
4.264 4.312 4.358 4.403 4.446 4.488 4.529 4.570 4.609 4.648 4.687 4.726 4.765 4.804 4.842 4.881 4.919 4.957 4.994 5.031 5.066 5.101 5.134 5.166 5.197 5.226 5.253 5.279 5.304 5.326 5.348 5.367 5.385 5.403 5.421 5.438 5.455 5.472 5.489 5.507 5.526 5.546 5.567 5.588 5.611 5.634 5.658 5.683 5.708 5.734 5.760 5.786 5.813 5.840 5.866 5.892 5.918 5.946 5.973 6.000 6.028 6.055 6.083 6.111 6.138 6.166 6.195 6.223 6.251 6.280 6.308 6.336 6.365
4.287 4.334 4.379 4.423 4.465 4.506 4.547 4.586 4.624 4.662 4.700 4.738 4.776 4.814 4.851 4.889 4.927 4.965 5.002 5.039 5.075 5.110 5.144 5.177 5.209 5.239 5.268 5.295 5.320 5.344 5.367 5.387 5.406 5.424 5.441 5.458 5.474 5.490 5.505 5.522 5.539 5.557 5.576 5.596 5.617 5.639 5.662 5.686 5.711 5.736 5.762 5.788 5.814 5.841 5.866 5.892 5.919 5.946 5.973 6.000 6.027 6.055 6.082 6.110 6.138 6.166 6.194 6.222 6.251 6.280 6.308 6.337 6.366
4.310 4.356 4.400 4.443 4.484 4.525 4.564 4.603 4.639 4.676 4.713 4.750 4.786 4.823 4.860 4.897 4.934 4.971 5.008 5.045 5.081 5.117 5.152 5.186 5.218 5.250 5.280 5.309 5.336 5.361 5.385 5.406 5.426 5.445 5.462 5.479 5.494 5.509 5.524 5.539 5.554 5.570 5.587 5.606 5.625 5.646 5.668 5.691 5.714 5.739 5.764 5.790 5.815 5.842 5.867 5.893 5.919 5.946 5.973 6.000 6.027 6.055 6.082 6.110 6.138 6.166 6.194 6.222 6.251 6.280 6.308 6.338 6.367
4.332 4.377 4.421 4.463 4.504 4.543 4.581 4.619 4.655 4.690 4.726 4.762 4.797 4.833 4.869 4.905 4.941 4.977 5.014 5.050 5.087 5.122 5.158 5.192 5.226 5.259 5.290 5.320 5.349 5.376 5.401 5.424 5.445 5.465 5.483 5.500 5.516 5.531 5.545 5.558 5.572 5.586 5.602 5.618 5.635 5.654 5.674 5.696 5.718 5.742 5.767 5.792 5.817 5.843 5.868 5.894 5.920 5.947 5.974 6.001 6.028 6.055 6.082 6.110 6.137 6.165 6.193 6.222 6.251 6.279 6.309 6.338 6.367
4.354 4.399 4.442 4.483 4.523 4.561 4.599 4.636 4.670 4.705 4.740 4.774 4.809 4.843 4.878 4.913 4.948 4.983 5.019 5.055 5.091 5.127 5.162 5.197 5.232 5.265 5.298 5.329 5.359 5.388 5.415 5.439 5.462 5.484 5.503 5.521 5.538 5.553 5.567 5.580 5.592 5.605 5.618 5.633 5.648 5.665 5.683 5.703 5.724 5.746 5.770 5.794 5.819 5.845 5.869 5.895 5.921 5.947 5.974 6.001 6.028 6.055 6.082 6.110 6.137 6.165 6.193 6.222 6.250 6.279 6.309 6.338 6.368
4.376 4.420 4.462 4.503 4.542 4.580 4.616 4.652 4.686 4.720 4.753 4.787 4.820 4.854 4.887 4.921 4.955 4.990 5.025 5.060 5.095 5.130 5.166 5.201 5.236 5.270 5.303 5.336 5.367 5.397 5.426 5.452 5.477 5.500 5.522 5.541 5.559 5.575 5.589 5.602 5.615 5.626 5.638 5.650 5.663 5.678 5.694 5.712 5.731 5.752 5.774 5.798 5.822 5.846 5.870 5.896 5.922 5.948 5.975 6.002 6.028 6.055 6.083 6.110 6.137 6.165 6.193 6.222 6.250 6.280 6.309 6.339 6.368
4.397 4.441 4.482 4.522 4.561 4.598 4.634 4.669 4.702 4.735 4.768 4.800 4.832 4.864 4.897 4.930 4.963 4.996 5.030 5.064 5.099 5.134 5.169 5.204 5.238 5.273 5.307 5.340 5.373 5.404 5.434 5.462 5.489 5.514 5.537 5.559 5.578 5.596 5.611 5.625 5.638 5.649 5.660 5.670 5.682 5.694 5.708 5.723 5.740 5.759 5.780 5.802 5.825 5.848 5.872 5.897 5.923 5.949 5.975 6.002 6.029 6.056 6.083 6.110 6.138 6.165 6.193 6.222 6.250 6.280 6.309 6.339 6.369
4.418 4.461 4.502 4.542 4.580 4.616 4.652 4.686 4.719 4.750 4.782 4.814 4.845 4.876 4.907 4.939 4.971 5.003 5.036 5.069 5.103 5.137 5.171 5.206 5.240 5.275 5.309 5.343 5.376 5.409 5.440 5.469 5.497 5.525 5.550 5.574 5.595 5.615 5.632 5.647 5.661 5.672 5.683 5.693 5.703 5.713 5.724 5.737 5.752 5.769 5.787 5.807 5.829 5.851 5.874 5.899 5.924 5.950 5.976 6.003 6.029 6.056 6.083 6.110 6.138 6.165 6.193 6.222 6.250 6.280 6.309 6.339 6.369
4.439 4.482 4.522 4.561 4.599 4.635 4.670 4.703 4.735 4.766 4.797 4.828 4.858 4.889 4.919 4.950 4.980 5.012 5.043 5.075 5.108 5.140 5.174 5.207 5.241 5.276 5.310 5.344 5.378 5.411 5.443 5.473 5.503 5.532 5.559 5.585 5.609 5.630 5.650 5.667 5.682 5.695 5.706 5.716 5.726 5.735 5.744 5.755 5.767 5.781 5.797 5.815 5.835 5.856 5.877 5.901 5.926 5.951 5.977 6.003 6.030 6.056 6.083 6.110 6.138 6.165 6.193 6.222 6.250 6.280 6.309 6.339 6.369
4.460 4.502 4.542 4.581 4.618 4.653 4.688 4.721 4.752 4.783 4.813 4.843 4.873 4.902 4.931 4.961 4.991 5.021 5.051 5.082 5.113 5.145 5.177 5.210 5.243 5.276 5.310 5.344 5.378 5.411 5.443 5.474 5.506 5.536 5.565 5.593 5.619 5.642 5.664 5.684 5.701 5.716 5.729 5.740 5.749 5.758 5.766 5.775 5.785 5.796 5.810 5.825 5.843 5.862 5.882 5.904 5.928 5.953 5.978 6.004 6.030 6.056 6.083 6.110 6.138 6.165 6.193 6.222 6.250 6.280 6.309 6.339 6.370
4.480 4.522 4.562 4.600 4.637 4.672 4.706 4.739 4.769 4.800 4.829 4.859 4.888 4.916 4.945 4.974 5.002 5.031 5.060 5.090 5.120 5.150 5.181 5.213 5.245 5.277 5.310 5.343 5.377 5.410 5.442 5.474 5.506 5.538 5.568 5.597 5.625 5.651 5.675 5.697 5.716 5.734 5.749 5.761 5.772 5.781 5.789 5.797 5.805 5.814 5.825 5.838 5.853 5.870 5.888 5.909 5.931 5.955 5.979 6.005 6.030 6.057 6.083 6.110 6.137 6.165 6.193 6.221 6.250 6.279 6.309 6.339 6.370
4.500 4.541 4.581 4.619 4.656 4.691 4.724 4.757 4.787 4.817 4.847 4.876 4.904 4.932 4.960 4.988 5.015 5.043 5.071 5.099 5.128 5.157 5.186 5.217 5.247 5.279 5.311 5.343 5.376 5.408 5.440 5.472 5.505 5.537 5.568 5.598 5.628 5.655 5.681 5.706 5.728 5.748 5.765 5.780 5.793 5.803 5.812 5.820 5.827 5.835 5.843 5.854 5.866 5.880 5.896 5.915 5.935 5.958 5.981 6.006 6.031 6.057 6.083 6.110 6.137 6.165 6.193 6.221 6.250 6.279 6.309 6.339 6.370
4.520 4.560 4.600 4.638 4.674 4.709 4.743 4.775 4.805 4.835 4.865 4.893 4.921 4.949 4.976 5.003 5.030 5.057 5.083 5.110 5.137 5.165 5.193 5.222 5.251 5.281 5.312 5.343 5.375 5.407 5.438 5.470 5.502 5.534 5.566 5.597 5.627 5.657 5.685 5.711 5.735 5.758 5.778 5.795 5.810 5.823 5.834 5.842 5.850 5.856 5.864 5.872 5.882 5.893 5.906 5.923 5.941 5.962 5.984 6.008 6.032 6.057 6.083 6.110 6.137 6.164 6.192 6.221 6.249 6.279 6.308 6.339 6.369
4.539 4.579 4.618 4.656 4.692 4.727 4.761 4.793 4.823 4.854 4.883 4.912 4.940 4.967 4.994 5.020 5.046 5.071 5.097 5.123 5.148 5.175 5.201 5.228 5.256 5.285 5.314 5.344 5.375 5.406 5.436 5.467 5.499 5.531 5.563 5.594 5.625 5.655 5.685 5.713 5.739 5.764 5.786 5.806 5.824 5.839 5.852 5.863 5.871 5.878 5.885 5.892 5.900 5.909 5.920 5.933 5.950 5.968 5.988 6.010 6.034 6.058 6.084 6.110 6.137 6.164 6.192 6.220 6.249 6.278 6.308 6.338 6.369
4.557 4.597 4.636 4.674 4.710 4.745 4.779 4.811 4.842 4.872 4.902 4.931 4.959 4.986 5.012 5.038 5.063 5.088 5.112 5.137 5.161 5.186 5.211 5.237 5.263 5.290 5.318 5.346 5.376 5.405 5.435 5.465 5.496 5.527 5.559 5.590 5.621 5.652 5.682 5.711 5.739 5.766 5.791 5.813 5.834 5.852 5.867 5.880 5.891 5.899 5.906 5.913 5.920 5.927 5.935 5.946 5.960 5.976 5.994 6.014 6.036 6.060 6.084 6.110 6.136 6.163 6.191 6.219 6.248 6.277 6.307 6.338 6.369
4.575 4.615 4.654 4.691 4.728 4.763 4.797 4.829 4.860 4.891 4.921 4.950 4.978 5.005 5.031 5.057 5.082 5.106 5.129 5.153 5.176 5.200 5.223 5.247 5.272 5.297 5.323 5.350 5.378 5.406 5.435 5.463 5.493 5.524 5.555 5.586 5.617 5.648 5.678 5.708 5.737 5.765 5.791 5.816 5.839 5.860 5.878 5.893 5.906 5.917 5.926 5.933 5.940 5.946 5.952 5.961 5.972 5.986 6.002 6.020 6.040 6.062 6.086 6.111 6.136 6.163 6.191 6.219 6.247 6.277 6.307 6.337 6.368
4.593 4.632 4.671 4.708 4.745 4.780 4.815 4.847 4.879 4.910 4.941 4.970 4.998 5.025 5.051 5.077 5.101 5.125 5.148 5.170 5.193 5.215 5.237 5.260 5.283 5.307 5.331 5.356 5.382 5.409 5.436 5.463 5.492 5.521 5.551 5.582 5.612 5.643 5.673 5.703 5.733 5.762 5.790 5.816 5.841 5.864 5.884 5.903 5.918 5.931 5.942 5.951 5.958 5.964 5.970 5.978 5.987 5.998 6.011 6.027 6.046 6.066 6.088 6.112 6.137 6.163 6.190 6.218 6.247 6.276 6.306 6.336 6.367
4.610 4.649 4.688 4.725 4.762 4.797 4.832 4.865 4.897 4.929 4.959 4.989 5.018 5.045 5.072 5.097 5.121 5.145 5.167 5.189 5.211 5.232 5.253 5.275 5.296 5.318 5.341 5.364 5.388 5.413 5.438 5.464 5.492 5.520 5.549 5.578 5.608 5.638 5.668 5.698 5.728 5.757 5.786 5.814 5.840 5.865 5.887 5.908 5.926 5.942 5.955 5.966 5.975 5.982 5.988 5.994 6.002 6.012 6.023 6.037 6.053 6.071 6.092 6.114 6.138 6.163 6.190 6.218 6.246 6.275 6.305 6.335 6.366
4.627 4.666 4.704 4.741 4.778 4.814 4.849 4.882 4.914 4.946 4.978 5.008 5.037 5.065 5.092 5.117 5.142 5.165 5.188 5.209 5.230 5.251 5.271 5.291 5.312 5.332 5.353 5.374 5.397 5.420 5.443 5.467 5.493 5.520 5.547 5.576 5.604 5.634 5.663 5.693 5.723 5.752 5.781 5.809 5.837 5.863 5.887 5.910 5.930 5.948 5.964 5.977 5.988 5.997 6.003 6.010 6.018 6.026 6.036 6.047 6.061 6.078 6.097 6.117 6.140 6.165 6.190 6.217 6.245 6.274 6.304 6.334 6.366
4.643 4.682 4.719 4.757 4.793 4.829 4.864 4.898 4.931 4.963 4.995 5.026 5.055 5.084 5.111 5.137 5.162 5.186 5.208 5.230 5.251 5.271 5.291 5.310 5.329 5.348 5.367 5.387 5.408 5.429 5.450 5.472 5.496 5.522 5.548 5.575 5.602 5.631 5.659 5.688 5.718 5.747 5.776 5.804 5.832 5.859 5.885 5.909 5.931 5.951 5.969 5.985 5.998 6.008 6.017 6.025 6.032 6.040 6.049 6.059 6.071 6.086 6.103 6.122 6.143 6.166 6.191 6.218 6.245 6.274 6.303 6.333 6.364
4.659 4.697 4.735 4.772 4.808 4.844 4.879 4.913 4.946 4.979 5.011 5.042 5.072 5.101 5.129 5.156 5.181 5.205 5.229 5.251 5.272 5.292 5.312 5.330 5.349 5.367 5.385 5.403 5.421 5.441 5.460 5.480 5.502 5.525 5.550 5.575 5.601 5.629 5.656 5.685 5.713 5.742 5.771 5.799 5.827 5.854 5.881 5.906 5.929 5.951 5.971 5.989 6.004 6.016 6.027 6.036 6.045 6.053 6.062 6.071 6.082 6.095 6.110 6.128 6.147 6.169 6.193 6.218 6.245 6.273 6.302 6.332 6.363
4.675 4.713 4.750 4.787 4.823 4.859 4.894 4.927 4.960 4.994 5.026 5.057 5.088 5.117 5.146 5.173 5.199 5.224 5.248 5.271 5.293 5.313 5.333 5.352 5.370 5.387 5.404 5.421 5.438 5.455 5.472 5.490 5.510 5.532 5.554 5.578 5.602 5.628 5.655 5.682 5.710 5.738 5.766 5.794 5.822 5.849 5.876 5.902 5.926 5.949 5.970 5.990 6.007 6.021 6.034 6.045 6.055 6.065 6.074 6.083 6.093 6.105 6.118 6.134 6.152 6.173 6.195 6.219 6.245 6.273 6.301 6.331 6.362
4.691 4.728 4.765 4.801 4.837 4.872 4.907 4.941 4.974 5.007 5.039 5.071 5.102 5.132 5.161 5.189 5.216 5.242 5.267 5.290 5.313 5.334 5.354 5.373 5.391 5.408 5.425 5.441 5.456 5.472 5.488 5.504 5.521 5.541 5.561 5.582 5.605 5.629 5.654 5.680 5.707 5.734 5.762 5.789 5.817 5.844 5.871 5.897 5.922 5.946 5.968 5.989 6.007 6.023 6.037 6.051 6.063 6.073 6.083 6.093 6.103 6.114 6.127 6.141 6.158 6.177 6.198 6.221 6.246 6.272 6.300 6.330 6.360
4.707 4.744 4.780 4.816 4.851 4.886 4.920 4.954 4.986 5.019 5.052 5.084 5.115 5.145 5.174 5.203 5.231 5.257 5.283 5.308 5.331 5.353 5.374 5.394 5.413 5.430 5.447 5.462 5.477 5.492 5.505 5.520 5.536 5.552 5.570 5.590 5.611 5.633 5.656 5.681 5.706 5.732 5.759 5.786 5.813 5.839 5.866 5.892 5.917 5.941 5.964 5.986 6.005 6.022 6.038 6.053 6.067 6.079 6.090 6.101 6.112 6.123 6.135 6.149 6.164 6.182 6.201 6.223 6.247 6.272 6.300 6.328 6.358
4.724 4.760 4.795 4.830 4.865 4.899 4.933 4.966 4.998 5.031 5.063 5.095 5.126 5.157 5.186 5.216 5.244 5.271 5.298 5.323 5.348 5.371 5.393 5.414 5.433 5.452 5.469 5.484 5.499 5.513 5.526 5.539 5.553 5.567 5.583 5.600 5.619 5.639 5.660 5.683 5.707 5.731 5.757 5.783 5.809 5.835 5.861 5.887 5.912 5.936 5.960 5.982 6.002 6.020 6.038 6.054 6.069 6.083 6.095 6.107 6.119 6.130 6.142 6.156 6.170 6.187 6.205 6.225 6.248 6.272 6.299 6.327 6.356
4.740 4.775 4.810 4.844 4.878 4.912 4.945 4.978 5.010 5.042 5.074 5.105 5.136 5.167 5.197 5.226 5.255 5.283 5.310 5.337 5.362 5.386 5.410 5.432 5.452 5.472 5.490 5.506 5.521 5.535 5.547 5.559 5.572 5.585 5.599 5.614 5.630 5.647 5.666 5.687 5.709 5.732 5.756 5.781 5.806 5.832 5.857 5.882 5.907 5.931 5.955 5.977 5.998 6.017 6.035 6.053 6.069 6.084 6.098 6.111 6.124 6.136 6.148 6.161 6.176 6.191 6.209 6.228 6.249 6.272 6.298 6.325 6.353
4.757 4.792 4.825 4.859 4.892 4.925 4.958 4.989 5.021 5.053 5.084 5.115 5.146 5.176 5.206 5.236 5.265 5.293 5.321 5.348 5.374 5.400 5.424 5.447 5.469 5.490 5.509 5.527 5.543 5.557 5.569 5.582 5.594 5.605 5.617 5.630 5.644 5.659 5.676 5.694 5.714 5.735 5.757 5.781 5.805 5.829 5.854 5.879 5.903 5.927 5.950 5.973 5.993 6.013 6.032 6.050 6.068 6.084 6.099 6.113 6.127 6.140 6.153 6.166 6.180 6.195 6.212 6.230 6.250 6.272 6.297 6.323 6.350
4.774 4.808 4.841 4.874 4.906 4.939 4.970 5.001 5.032 5.063 5.094 5.124 5.155 5.185 5.215 5.244 5.273 5.302 5.330 5.358 5.385 5.411 5.436 5.461 5.484 5.506 5.527 5.546 5.563 5.578 5.591 5.604 5.616 5.627 5.638 5.649 5.661 5.674 5.688 5.704 5.721 5.740 5.761 5.782 5.805 5.828 5.852 5.876 5.899 5.923 5.946 5.968 5.989 6.009 6.028 6.047 6.065 6.082 6.099 6.114 6.128 6.142 6.156 6.170 6.184 6.199 6.215 6.232 6.251 6.272 6.296 6.320 6.347
4.792 4.825 4.857 4.889 4.921 4.952 4.983 5.013 5.043 5.073 5.103 5.133 5.163 5.193 5.222 5.252 5.281 5.309 5.338 5.366 5.393 5.420 5.446 5.472 5.496 5.519 5.541 5.562 5.581 5.597 5.612 5.626 5.638 5.649 5.660 5.670 5.680 5.691 5.703 5.716 5.731 5.748 5.766 5.785 5.806 5.828 5.851 5.873 5.896 5.919 5.942 5.964 5.985 6.005 6.025 6.044 6.063 6.081 6.097 6.114 6.129 6.144 6.158 6.173 6.187 6.202 6.217 6.234 6.253 6.273 6.295 6.318 6.344
4.811 4.843 4.874 4.905 4.936 4.967 4.996 5.025 5.054 5.084 5.113 5.143 5.172 5.201 5.230 5.259 5.288 5.316 5.345 5.373 5.401 5.428 5.455 5.481 5.506 5.530 5.553 5.575 5.596 5.614 5.630 5.645 5.659 5.671 5.682 5.692 5.702 5.711 5.721 5.732 5.744 5.758 5.774 5.791 5.810 5.830 5.851 5.873 5.895 5.917 5.939 5.961 5.982 6.002 6.022 6.041 6.060 6.079 6.096 6.113 6.129 6.145 6.160 6.175 6.190 6.204 6.220 6.236 6.254 6.273 6.294 6.317 6.342
