TsunamiDB/out54031.asc
ncols          264
nrows          230
xllcorner      497853.4375
yllcorner      4229146.0000
cellsize         5.
NODATA_value   -99
[rows 0 to 31 of 230, columns 144 to 215 of 264]
-99.000 -99.000 -99.000 -99.000 -99.000 -99.000 -99.000 -99.000 -99.000 -99.000 -99.000 -99.000 -99.000 -99.000 -99.000 -99.000 -99.000 -99.000 -99.000 -99.000 -99.000 1.644 1.652 1.711 1.868 2.112 2.408 2.719 3.014 3.272 3.487 3.660 3.800 3.914 4.009 4.092 4.166 4.233 4.295 4.353 4.407 4.458 4.506 4.553 4.597 4.640 4.681 4.722 4.761 4.800 4.839 4.878 4.917 4.956 4.996 5.035 5.074 5.113 5.153 5.193 5.233 5.272 5.310 5.348 5.385 5.421 5.456 5.490 5.522 5.552 5.581 5.609
-99.000 -99.000 -99.000 -99.000 -99.000 -99.000 -99.000 -99.000 -99.000 -99.000 -99.000 -99.000 -99.000 -99.000 -99.000 -99.000 -99.000 -99.000 -99.000 -99.000 -99.000 1.645 1.670 1.775 1.977 2.251 2.558 2.865 3.143 3.380 3.574 3.730 3.856 3.960 4.049 4.128 4.199 4.264 4.324 4.381 4.434 4.485 4.533 4.579 4.623 4.665 4.706 4.746 4.785 4.823 4.861 4.899 4.936 4.974 5.012 5.051 5.088 5.126 5.164 5.203 5.241 5.280 5.318 5.356 5.393 5.430 5.465 5.499 5.532 5.564 5.594 5.623
-99.000 -99.000 -99.000 -99.000 -99.000 -99.000 -99.000 -99.000 -99.000 -99.000 -99.000 -99.000 -99.000 -99.000 -99.000 -99.000 -99.000 -99.000 -99.000 -99.000 1.644 1.651 1.708 1.862 2.103 2.397 2.708 3.003 3.262 3.477 3.651 3.792 3.907 4.002 4.086 4.161 4.229 4.292 4.352 4.408 4.460 4.511 4.558 4.604 4.648 4.690 4.730 4.770 4.808 4.846 4.883 4.920 4.957 4.994 5.031 5.067 5.103 5.139 5.176 5.214 5.251 5.288 5.326 5.363 5.400 5.436 5.472 5.507 5.541 5.573 5.605 5.635
-99.000 -99.000 -99.000 -99.000 -99.000 -99.000 -99.000 -99.000 -99.000 -99.000 -99.000 -99.000 -99.000 -99.000 -99.000 -99.000 -99.000 -99.000 -99.000 -99.000 1.645 1.668 1.769 1.968 2.240 2.546 2.852 3.131 3.369 3.563 3.720 3.847 3.952 4.041 4.120 4.191 4.257 4.319 4.377 4.432 4.485 4.535 4.582 4.628 4.671 4.713 4.754 4.793 4.832 4.869 4.906 4.943 4.979 5.014 5.050 5.085 5.120 5.155 5.190 5.226 5.262 5.298 5.334 5.370 5.406 5.442 5.478 5.513 5.547 5.580 5.612 5.643
-99.000 -99.000 -99.000 -99.000 -99.000 -99.000 -99.000 -99.000 -99.000 -99.000 -99.000 -99.000 -99.000 -99.000 -99.000 -99.000 -99.000 -99.000 -99.000 1.644 1.650 1.704 1.853 2.091 2.384 2.694 2.990 3.249 3.465 3.640 3.781 3.896 3.993 4.076 4.151 4.220 4.284 4.344 4.401 4.456 4.508 4.557 4.605 4.650 4.694 4.736 4.777 4.817 4.855 4.893 4.929 4.966 5.001 5.036 5.071 5.105 5.138 5.171 5.206 5.240 5.274 5.309 5.343 5.378 5.413 5.448 5.483 5.518 5.552 5.585 5.617 5.649
-99.000 -99.000 -99.000 -99.000 -99.000 -99.000 -99.000 -99.000 -99.000 -99.000 -99.000 -99.000 -99.000 -99.000 -99.000 -99.000 -99.000 -99.000 -99.000 1.645 1.666 1.762 1.957 2.225 2.531 2.837 3.117 3.356 3.551 3.708 3.835 3.940 4.030 4.108 4.179 4.246 4.308 4.367 4.423 4.477 4.529 4.578 4.626 4.672 4.716 4.758 4.800 4.839 4.878 4.916 4.953 4.989 5.024 5.058 5.092 5.125 5.158 5.190 5.223 5.256 5.289 5.322 5.355 5.388 5.422 5.456 5.489 5.523 5.556 5.589 5.621 5.653
-99.000 -99.000 -99.000 -99.000 -99.000 -99.000 -99.000 -99.000 -99.000 -99.000 -99.000 -99.000 -99.000 -99.000 -99.000 -99.000 -99.000 -99.000 1.644 1.649 1.699 1.843 2.076 2.367 2.676 2.973 3.234 3.452 3.627 3.769 3.884 3.980 4.064 4.138 4.206 4.270 4.330 4.388 4.444 4.497 4.549 4.598 4.646 4.692 4.736 4.779 4.821 4.861 4.900 4.938 4.975 5.011 5.046 5.081 5.114 5.147 5.178 5.210 5.242 5.273 5.305 5.337 5.369 5.401 5.433 5.465 5.497 5.530 5.562 5.594 5.625 5.656
-99.000 -99.000 -99.000 -99.000 -99.000 -99.000 -99.000 -99.000 -99.000 -99.000 -99.000 -99.000 -99.000 -99.000 -99.000 -99.000 -99.000 -99.000 1.645 1.663 1.753 1.942 2.206 2.510 2.817 3.099 3.340 3.537 3.695 3.822 3.927 4.016 4.095 4.165 4.230 4.292 4.351 4.408 4.463 4.516 4.567 4.616 4.664 4.711 4.756 4.799 4.841 4.882 4.922 4.960 4.998 5.034 5.069 5.103 5.136 5.169 5.199 5.231 5.262 5.293 5.324 5.354 5.385 5.416 5.446 5.477 5.508 5.539 5.569 5.600 5.630 5.660
-99.000 -99.000 -99.000 -99.000 -99.000 -99.000 -99.000 -99.000 -99.000 -99.000 -99.000 -99.000 -99.000 -99.000 -99.000 -99.000 -99.000 1.644 1.648 1.692 1.829 2.056 2.344 2.653 2.951 3.215 3.435 3.613 3.755 3.871 3.967 4.050 4.124 4.190 4.253 4.313 4.371 4.427 4.481 4.533 4.584 4.634 4.682 4.729 4.774 4.818 4.861 4.902 4.942 4.981 5.019 5.055 5.090 5.125 5.158 5.190 5.221 5.252 5.283 5.313 5.343 5.373 5.403 5.433 5.462 5.492 5.521 5.550 5.580 5.609 5.638 5.666
-99.000 -99.000 -99.000 -99.000 -99.000 -99.000 -99.000 -99.000 -99.000 -99.000 -99.000 -99.000 -99.000 -99.000 -99.000 -99.000 -99.000 1.645 1.659 1.741 1.922 2.182 2.484 2.791 3.076 3.320 3.520 3.681 3.809 3.914 4.003 4.080 4.150 4.214 4.274 4.333 4.389 4.444 4.497 4.549 4.600 4.650 4.698 4.745 4.791 4.835 4.879 4.920 4.961 5.000 5.038 5.075 5.111 5.145 5.179 5.211 5.242 5.274 5.304 5.335 5.364 5.394 5.423 5.452 5.480 5.509 5.537 5.565 5.593 5.621 5.648 5.675
-99.000 -99.000 -99.000 -99.000 -99.000 -99.000 -99.000 -99.000 -99.000 -99.000 -99.000 -99.000 -99.000 -99.000 -99.000 -99.000 1.644 1.647 1.684 1.811 2.031 2.314 2.623 2.923 3.191 3.415 3.597 3.741 3.858 3.954 4.036 4.109 4.175 4.236 4.295 4.352 4.407 4.461 4.514 4.565 4.616 4.665 4.714 4.761 4.807 4.851 4.895 4.937 4.978 5.018 5.056 5.094 5.130 5.165 5.199 5.231 5.263 5.295 5.326 5.356 5.386 5.415 5.444 5.472 5.500 5.528 5.556 5.583 5.609 5.636 5.662 5.687
-99.000 -99.000 -99.000 -99.000 -99.000 -99.000 -99.000 -99.000 -99.000 -99.000 -99.000 -99.000 -99.000 -99.000 -99.000 -99.000 1.644 1.656 1.728 1.898 2.151 2.450 2.758 3.046 3.296 3.501 3.665 3.796 3.902 3.990 4.067 4.136 4.199 4.257 4.315 4.370 4.424 4.478 4.530 4.581 4.631 4.680 4.728 4.775 4.821 4.866 4.910 4.952 4.994 5.034 5.073 5.111 5.147 5.183 5.218 5.251 5.283 5.315 5.346 5.377 5.407 5.436 5.465 5.494 5.522 5.549 5.576 5.603 5.629 5.654 5.679 5.703
-99.000 -99.000 -99.000 -99.000 -99.000 -99.000 -99.000 -99.000 -99.000 -99.000 -99.000 -99.000 -99.000 -99.000 -99.000 1.644 1.646 1.676 1.790 2.000 2.277 2.585 2.888 3.161 3.391 3.578 3.726 3.845 3.942 4.024 4.096 4.161 4.221 4.278 4.334 4.389 4.442 4.494 4.546 4.596 4.646 4.694 4.742 4.789 4.835 4.879 4.923 4.966 5.007 5.048 5.087 5.126 5.163 5.199 5.235 5.268 5.301 5.334 5.366 5.397 5.427 5.457 5.487 5.515 5.543 5.571 5.598 5.624 5.650 5.675 5.699 5.722
-99.000 -99.000 -99.000 -99.000 -99.000 -99.000 -99.000 -99.000 -99.000 -99.000 -99.000 -99.000 -99.000 -99.000 -99.000 1.644 1.652 1.713 1.870 2.113 2.408 2.718 3.010 3.266 3.477 3.647 3.781 3.889 3.979 4.056 4.124 4.186 4.244 4.299 4.354 4.408 4.460 4.511 4.562 4.611 4.660 4.708 4.755 4.801 4.847 4.891 4.935 4.978 5.020 5.060 5.100 5.139 5.177 5.214 5.250 5.284 5.317 5.351 5.383 5.415 5.446 5.477 5.507 5.536 5.565 5.593 5.620 5.647 5.672 5.697 5.721 5.744
-99.000 -99.000 -99.000 -99.000 -99.000 -99.000 -99.000 -99.000 -99.000 -99.000 -99.000 -99.000 -99.000 -99.000 -99.000 1.645 1.668 1.767 1.964 2.234 2.540 2.846 3.125 3.362 3.555 3.709 3.831 3.931 4.014 4.086 4.150 4.211 4.267 4.321 4.375 4.427 4.478 4.528 4.578 4.626 4.674 4.721 4.767 4.813 4.858 4.902 4.946 4.988 5.030 5.071 5.111 5.150 5.189 5.226 5.263 5.298 5.332 5.366 5.399 5.432 5.464 5.495 5.526 5.556 5.585 5.614 5.642 5.669 5.695 5.720 5.744 5.767
-99.000 -99.000 -99.000 -99.000 -99.000 -99.000 -99.000 -99.000 -99.000 -99.000 -99.000 -99.000 -99.000 -99.000 1.644 1.649 1.697 1.839 2.070 2.360 2.670 2.967 3.231 3.450 3.626 3.766 3.877 3.969 4.047 4.115 4.177 4.236 4.291 4.344 4.397 4.447 4.497 4.546 4.594 4.641 4.687 4.733 4.779 4.824 4.868 4.912 4.955 4.997 5.039 5.080 5.120 5.160 5.198 5.236 5.273 5.309 5.344 5.379 5.413 5.446 5.479 5.512 5.543 5.574 5.604 5.634 5.663 5.690 5.717 5.743 5.768 5.791
-99.000 -99.000 -99.000 -99.000 -99.000 -99.000 -99.000 -99.000 -99.000 -99.000 -99.000 -99.000 -99.000 -99.000 1.645 1.660 1.743 1.925 2.185 2.487 2.796 3.082 3.328 3.530 3.690 3.818 3.920 4.006 4.079 4.144 4.205 4.262 4.316 4.368 4.419 4.468 4.516 4.564 4.610 4.656 4.701 4.746 4.790 4.834 4.878 4.921 4.963 5.005 5.047 5.088 5.128 5.167 5.206 5.244 5.282 5.318 5.353 5.389 5.424 5.458 5.492 5.525 5.558 5.590 5.621 5.652 5.681 5.710 5.738 5.765 5.790 5.815
-99.000 -99.000 -99.000 -99.000 -99.000 -99.000 -99.000 -99.000 -99.000 -99.000 -99.000 -99.000 -99.000 1.644 1.647 1.682 1.806 2.023 2.305 2.614 2.917 3.189 3.418 3.603 3.749 3.866 3.961 4.041 4.111 4.174 4.233 4.289 4.342 4.392 4.442 4.489 4.536 4.582 4.627 4.671 4.715 4.759 4.802 4.845 4.887 4.929 4.971 5.012 5.053 5.094 5.134 5.173 5.212 5.251 5.289 5.325 5.361 5.397 5.433 5.468 5.503 5.537 5.570 5.603 5.636 5.667 5.698 5.728 5.757 5.784 5.811 5.837
-99.000 -99.000 -99.000 -99.000 -99.000 -99.000 -99.000 -99.000 -99.000 -99.000 -99.000 -99.000 -99.000 1.644 1.654 1.720 1.883 2.130 2.427 2.738 3.032 3.288 3.500 3.669 3.804 3.911 4.000 4.076 4.143 4.205 4.263 4.317 4.368 4.417 4.465 4.511 4.556 4.601 4.644 4.687 4.730 4.772 4.814 4.855 4.896 4.938 4.978 5.019 5.059 5.099 5.139 5.178 5.217 5.255 5.293 5.330 5.366 5.403 5.440 5.475 5.511 5.546 5.580 5.614 5.647 5.680 5.712 5.742 5.772 5.801 5.829 5.856
-99.000 -99.000 -99.000 -99.000 -99.000 -99.000 -99.000 -99.000 -99.000 -99.000 -99.000 -99.000 -99.000 1.645 1.669 1.772 1.972 2.244 2.551 2.859 3.140 3.380 3.575 3.731 3.855 3.955 4.038 4.111 4.176 4.237 4.293 4.346 4.395 4.443 4.489 4.534 4.577 4.620 4.662 4.704 4.745 4.785 4.826 4.866 4.906 4.946 4.985 5.025 5.064 5.103 5.142 5.181 5.220 5.258 5.296 5.333 5.370 5.407 5.444 5.480 5.516 5.552 5.587 5.622 5.656 5.690 5.722 5.754 5.785 5.815 5.844 5.873
-99.000 -99.000 -99.000 -99.000 -99.000 -99.000 -99.000 -99.000 -99.000 -99.000 -99.000 -99.000 1.644 1.649 1.697 1.839 2.071 2.361 2.673 2.973 3.241 3.465 3.645 3.788 3.903 3.997 4.076 4.146 4.210 4.269 4.324 4.375 4.423 4.469 4.514 4.557 4.600 4.641 4.682 4.722 4.761 4.800 4.839 4.877 4.916 4.954 4.992 5.031 5.069 5.107 5.146 5.184 5.222 5.260 5.298 5.335 5.371 5.409 5.446 5.483 5.520 5.556 5.592 5.627 5.662 5.696 5.730 5.762 5.794 5.826 5.856 5.886
-99.000 -99.000 -99.000 -99.000 -99.000 -99.000 -99.000 -99.000 -99.000 -99.000 -99.000 -99.000 1.645 1.659 1.739 1.918 2.176 2.479 2.791 3.082 3.334 3.543 3.709 3.842 3.949 4.037 4.114 4.182 4.243 4.301 4.354 4.404 4.451 4.495 4.539 4.582 4.623 4.663 4.702 4.740 4.778 4.816 4.853 4.890 4.927 4.963 5.000 5.037 5.074 5.111 5.148 5.186 5.223 5.261 5.298 5.335 5.372 5.409 5.446 5.484 5.521 5.557 5.594 5.629 5.665 5.700 5.734 5.767 5.800 5.832 5.864 5.895
-99.000 -99.000 -99.000 -99.000 -99.000 -99.000 -99.000 -99.000 -99.000 -99.000 -99.000 1.644 1.646 1.678 1.795 2.007 2.286 2.597 2.905 3.184 3.421 3.615 3.769 3.893 3.993 4.078 4.151 4.217 4.277 4.333 4.385 4.434 4.479 4.523 4.566 4.607 4.647 4.686 4.724 4.761 4.797 4.833 4.868 4.904 4.939 4.974 5.009 5.044 5.080 5.115 5.151 5.188 5.224 5.261 5.298 5.334 5.371 5.408 5.445 5.482 5.519 5.556 5.593 5.629 5.665 5.700 5.735 5.769 5.803 5.836 5.868 5.900
-99.000 -99.000 -99.000 -99.000 -99.000 -99.000 -99.000 -99.000 -99.000 -99.000 -99.000 1.644 1.652 1.709 1.862 2.103 2.398 2.712 3.013 3.279 3.502 3.682 3.825 3.941 4.036 4.117 4.188 4.252 4.311 4.365 4.416 4.464 4.508 4.551 4.593 4.633 4.672 4.710 4.747 4.782 4.817 4.852 4.886 4.919 4.952 4.986 5.019 5.052 5.086 5.120 5.155 5.190 5.225 5.261 5.297 5.333 5.369 5.406 5.443 5.480 5.517 5.554 5.590 5.627 5.663 5.698 5.733 5.768 5.802 5.836 5.869 5.902
-99.000 -99.000 -99.000 -99.000 -99.000 -99.000 -99.000 -99.000 -99.000 -99.000 -99.000 1.645 1.663 1.752 1.940 2.204 2.510 2.824 3.115 3.368 3.576 3.744 3.878 3.987 4.078 4.155 4.224 4.287 4.344 4.397 4.446 4.493 4.537 4.579 4.621 4.660 4.698 4.735 4.771 4.806 4.839 4.872 4.905 4.936 4.968 4.999 5.031 5.063 5.094 5.127 5.160 5.193 5.227 5.262 5.297 5.331 5.367 5.403 5.439 5.476 5.513 5.549 5.586 5.622 5.658 5.694 5.729 5.764 5.799 5.833 5.867 5.901
-99.000 -99.000 -99.000 -99.000 -99.000 -99.000 -99.000 -99.000 -99.000 -99.000 1.644 1.647 1.683 1.807 2.024 2.308 2.621 2.930 3.211 3.450 3.646 3.803 3.929 4.032 4.118 4.193 4.260 4.321 4.376 4.428 4.477 4.523 4.567 4.608 4.649 4.688 4.725 4.761 4.796 4.830 4.863 4.895 4.926 4.956 4.986 5.016 5.045 5.075 5.105 5.135 5.166 5.198 5.230 5.264 5.297 5.330 5.365 5.400 5.436 5.472 5.508 5.544 5.580 5.616 5.652 5.687 5.723 5.758 5.793 5.828 5.863 5.898
-99.000 -99.000 -99.000 -99.000 -99.000 -99.000 -99.000 -99.000 -99.000 -99.000 1.644 1.653 1.714 1.871 2.115 2.413 2.729 3.032 3.301 3.527 3.710 3.857 3.976 4.074 4.157 4.230 4.295 4.354 4.409 4.460 4.508 4.553 4.596 4.637 4.677 4.716 4.753 4.788 4.823 4.856 4.888 4.919 4.949 4.978 5.006 5.034 5.062 5.090 5.118 5.146 5.175 5.205 5.235 5.267 5.298 5.330 5.363 5.398 5.432 5.467 5.503 5.538 5.574 5.609 5.645 5.680 5.716 5.751 5.786 5.821 5.857 5.893
-99.000 -99.000 -99.000 -99.000 -99.000 -99.000 -99.000 -99.000 -99.000 -99.000 1.645 1.664 1.754 1.943 2.209 2.518 2.833 3.128 3.385 3.598 3.770 3.909 4.021 4.115 4.195 4.266 4.329 4.387 4.441 4.491 4.538 4.583 4.625 4.666 4.706 4.744 4.781 4.816 4.850 4.883 4.915 4.945 4.974 5.002 5.029 5.055 5.082 5.107 5.133 5.160 5.187 5.214 5.242 5.272 5.301 5.331 5.363 5.396 5.430 5.464 5.498 5.533 5.567 5.602 5.637 5.673 5.708 5.743 5.779 5.815 5.850 5.887
-99.000 -99.000 -99.000 -99.000 -99.000 -99.000 -99.000 -99.000 -99.000 1.644 1.647 1.682 1.805 2.022 2.305 2.620 2.933 3.219 3.463 3.664 3.826 3.957 4.064 4.154 4.232 4.300 4.362 4.419 4.472 4.522 4.568 4.613 4.654 4.695 4.735 4.772 4.809 4.844 4.878 4.911 4.942 4.972 5.000 5.028 5.054 5.079 5.104 5.128 5.152 5.177 5.201 5.226 5.252 5.279 5.306 5.335 5.365 5.396 5.428 5.461 5.494 5.528 5.562 5.596 5.631 5.666 5.701 5.736 5.772 5.808 5.844 5.881
-99.000 -99.000 -99.000 -99.000 -99.000 -99.000 -99.000 -99.000 -99.000 1.644 1.652 1.710 1.863 2.105 2.403 2.721 3.029 3.303 3.536 3.725 3.878 4.002 4.105 4.191 4.267 4.334 4.395 4.451 4.503 4.552 4.598 4.642 4.683 4.724 4.763 4.801 4.837 4.873 4.907 4.939 4.971 5.000 5.029 5.055 5.081 5.106 5.129 5.152 5.175 5.197 5.219 5.242 5.266 5.290 5.315 5.341 5.369 5.398 5.428 5.460 5.492 5.524 5.557 5.591 5.625 5.660 5.695 5.730 5.766 5.802 5.839 5.877
-99.000 -99.000 -99.000 -99.000 -99.000 -99.000 -99.000 -99.000 -99.000 1.645 1.661 1.746 1.929 2.192 2.500 2.819 3.119 3.383 3.603 3.782 3.927 4.045 4.143 4.227 4.300 4.366 4.426 4.481 4.533 4.581 4.627 4.670 4.711 4.752 4.791 4.829 4.866 4.901 4.935 4.968 4.999 5.029 5.058 5.085 5.110 5.134 5.157 5.179 5.200 5.221 5.241 5.262 5.283 5.305 5.327 5.350 5.376 5.403 5.431 5.460 5.491 5.522 5.555 5.588 5.621 5.655 5.690 5.725 5.762 5.798 5.836 5.874
-99.000 -99.000 -99.000 -99.000 -99.000 -99.000 -99.000 -99.000 1.645 1.646 1.677 1.791 2.002 2.282 2.598 2.914 3.205 3.457 3.665 3.834 3.971 4.084 4.179 4.260 4.332 4.397 4.456 4.511 4.562 4.610 4.656 4.698 4.739 4.780 4.819 4.857 4.894 4.929 4.964 4.997 5.029 5.059 5.087 5.115 5.140 5.164 5.187 5.208 5.229 5.248 5.267 5.285 5.304 5.323 5.342 5.363 5.386 5.410 5.436 5.464 5.493 5.523 5.554 5.586 5.619 5.653 5.688 5.723 5.759 5.796 5.834 5.873
