TsunamiDB/out54059.asc
ncols          264
nrows          230
xllcorner      497853.4375
yllcorner      4229146.0000
cellsize         5.
NODATA_value   -99
[rows 66 to 98 of 230, columns 74 to 147 of 264]
-99.000 -99.000 -99.000 -99.000 -99.000 -99.000 1.649 1.667 1.757 1.945 2.206 2.501 2.793 3.054 3.273 3.449 3.589 3.701 3.794 3.874 3.945 4.009 4.068 4.123 4.175 4.225 4.273 4.319 4.364 4.407 4.449 4.490 4.530 4.570 4.609 4.649 4.688 4.727 4.766 4.805 4.843 4.882 4.922 4.961 5.000 5.039 5.079 5.118 5.156 5.194 5.232 5.268 5.303 5.337 5.368 5.398 5.427 5.455 5.482 5.507 5.531 5.554 5.577 5.598 5.619 5.640 5.660 5.679 5.699 5.718 5.738 5.757 5.777 5.797
-99.000 -99.000 -99.000 -99.000 -99.000 1.648 1.653 1.702 1.844 2.074 2.357 2.655 2.934 3.174 3.371 3.527 3.651 3.753 3.839 3.914 3.981 4.043 4.100 4.154 4.205 4.254 4.300 4.345 4.389 4.431 4.472 4.512 4.551 4.590 4.629 4.667 4.705 4.743 4.780 4.818 4.856 4.893 4.931 4.969 5.007 5.045 5.084 5.122 5.160 5.198 5.235 5.271 5.307 5.341 5.373 5.405 5.435 5.464 5.492 5.518 5.544 5.568 5.591 5.613 5.635 5.655 5.676 5.696 5.715 5.734 5.753 5.773 5.792 5.811
-99.000 -99.000 -99.000 -99.000 -99.000 1.649 1.669 1.764 1.954 2.217 2.513 2.804 3.065 3.282 3.457 3.596 3.708 3.801 3.881 3.952 4.016 4.076 4.131 4.184 4.234 4.281 4.327 4.371 4.414 4.455 4.495 4.533 4.572 4.610 4.648 4.685 4.722 4.759 4.795 4.832 4.868 4.905 4.942 4.978 5.015 5.052 5.089 5.126 5.164 5.201 5.238 5.274 5.310 5.344 5.376 5.409 5.441 5.471 5.500 5.528 5.554 5.579 5.604 5.627 5.649 5.670 5.691 5.711 5.731 5.750 5.769 5.788 5.807 5.826
-99.000 -99.000 -99.000 -99.000 1.648 1.654 1.706 1.851 2.084 2.369 2.667 2.945 3.183 3.378 3.533 3.657 3.759 3.845 3.920 3.988 4.050 4.108 4.162 4.213 4.262 4.308 4.353 4.396 4.438 4.479 4.517 4.555 4.593 4.630 4.667 4.703 4.739 4.775 4.811 4.846 4.882 4.917 4.952 4.988 5.024 5.059 5.095 5.132 5.168 5.204 5.240 5.276 5.311 5.345 5.379 5.412 5.444 5.476 5.506 5.535 5.562 5.589 5.614 5.638 5.662 5.684 5.706 5.726 5.746 5.766 5.785 5.804 5.823 5.842
-99.000 -99.000 -99.000 -99.000 1.649 1.671 1.769 1.964 2.228 2.525 2.815 3.074 3.289 3.462 3.600 3.712 3.805 3.885 3.957 4.022 4.082 4.138 4.191 4.241 4.289 4.335 4.379 4.421 4.462 4.502 4.540 4.577 4.614 4.650 4.686 4.721 4.757 4.791 4.826 4.861 4.895 4.930 4.964 4.998 5.033 5.068 5.102 5.137 5.172 5.207 5.243 5.278 5.313 5.346 5.380 5.413 5.446 5.478 5.509 5.539 5.568 5.596 5.623 5.648 5.672 5.696 5.718 5.740 5.761 5.781 5.800 5.819 5.838 5.857
-99.000 -99.000 -99.000 1.648 1.654 1.709 1.860 2.095 2.381 2.678 2.954 3.191 3.383 3.537 3.660 3.761 3.848 3.923 3.992 4.054 4.113 4.168 4.219 4.269 4.316 4.361 4.404 4.445 4.486 4.525 4.562 4.598 4.634 4.670 4.705 4.740 4.774 4.808 4.842 4.876 4.909 4.942 4.976 5.009 5.043 5.076 5.110 5.143 5.177 5.211 5.245 5.280 5.314 5.347 5.380 5.413 5.447 5.479 5.511 5.542 5.572 5.601 5.628 5.655 5.681 5.705 5.729 5.752 5.773 5.794 5.814 5.834 5.853 5.871
-99.000 -99.000 -99.000 1.649 1.672 1.775 1.973 2.239 2.535 2.824 3.081 3.295 3.466 3.602 3.713 3.806 3.887 3.959 4.024 4.085 4.142 4.196 4.247 4.295 4.341 4.386 4.428 4.469 4.509 4.547 4.583 4.619 4.655 4.690 4.724 4.758 4.791 4.825 4.858 4.890 4.923 4.956 4.988 5.020 5.053 5.085 5.118 5.150 5.183 5.216 5.249 5.282 5.316 5.348 5.380 5.413 5.446 5.479 5.511 5.542 5.573 5.603 5.632 5.660 5.686 5.712 5.737 5.761 5.783 5.805 5.826 5.846 5.866 5.885
-99.000 -99.000 1.648 1.655 1.713 1.866 2.104 2.390 2.687 2.961 3.196 3.386 3.538 3.660 3.761 3.847 3.923 3.992 4.055 4.114 4.170 4.223 4.273 4.320 4.366 4.410 4.452 4.492 4.531 4.569 4.605 4.640 4.675 4.709 4.743 4.776 4.809 4.841 4.873 4.905 4.937 4.969 5.001 5.032 5.063 5.095 5.126 5.158 5.190 5.221 5.253 5.286 5.318 5.349 5.381 5.413 5.446 5.478 5.510 5.542 5.573 5.603 5.633 5.662 5.689 5.716 5.742 5.767 5.791 5.814 5.836 5.857 5.878 5.897
-99.000 -99.000 1.649 1.674 1.779 1.980 2.248 2.543 2.831 3.086 3.298 3.467 3.602 3.712 3.804 3.885 3.957 4.023 4.084 4.142 4.197 4.248 4.298 4.345 4.390 4.433 4.474 4.514 4.553 4.590 4.625 4.660 4.694 4.728 4.761 4.794 4.826 4.858 4.889 4.920 4.952 4.982 5.013 5.044 5.074 5.105 5.135 5.166 5.197 5.227 5.258 5.290 5.321 5.351 5.382 5.414 5.445 5.477 5.509 5.540 5.571 5.602 5.632 5.661 5.690 5.718 5.745 5.771 5.796 5.820 5.843 5.865 5.887 5.907
-99.000 1.648 1.656 1.715 1.871 2.111 2.398 2.693 2.966 3.199 3.387 3.537 3.658 3.758 3.843 3.919 3.988 4.052 4.112 4.168 4.222 4.273 4.322 4.368 4.413 4.455 4.496 4.536 4.574 4.611 4.645 4.679 4.713 4.747 4.779 4.811 4.843 4.874 4.905 4.935 4.966 4.996 5.026 5.056 5.086 5.115 5.145 5.175 5.204 5.234 5.264 5.294 5.325 5.354 5.384 5.415 5.445 5.476 5.507 5.538 5.569 5.600 5.630 5.659 5.688 5.717 5.744 5.771 5.797 5.822 5.847 5.870 5.893 5.915
-99.000 1.649 1.675 1.782 1.984 2.253 2.549 2.836 3.089 3.298 3.466 3.599 3.708 3.799 3.879 3.951 4.017 4.079 4.138 4.193 4.246 4.296 4.344 4.390 4.434 4.477 4.517 4.556 4.594 4.631 4.665 4.698 4.732 4.765 4.797 4.828 4.859 4.890 4.920 4.950 4.980 5.009 5.039 5.068 5.097 5.126 5.155 5.184 5.212 5.241 5.270 5.300 5.329 5.358 5.387 5.416 5.447 5.477 5.507 5.537 5.567 5.597 5.627 5.656 5.685 5.714 5.742 5.769 5.796 5.822 5.847 5.872 5.896 5.919
1.648 1.656 1.716 1.873 2.114 2.401 2.697 2.968 3.199 3.386 3.535 3.654 3.753 3.837 3.913 3.981 4.045 4.105 4.162 4.217 4.269 4.318 4.366 4.411 4.455 4.497 4.537 4.576 4.614 4.650 4.684 4.717 4.750 4.782 4.814 4.845 4.876 4.906 4.935 4.965 4.994 5.023 5.051 5.080 5.108 5.136 5.165 5.193 5.221 5.249 5.277 5.306 5.335 5.363 5.390 5.419 5.449 5.478 5.507 5.536 5.566 5.595 5.624 5.653 5.681 5.710 5.737 5.765 5.792 5.819 5.845 5.870 5.895 5.919
1.649 1.675 1.782 1.985 2.254 2.550 2.837 3.088 3.297 3.463 3.596 3.703 3.794 3.872 3.944 4.009 4.071 4.130 4.185 4.239 4.290 4.339 4.386 4.431 4.475 4.516 4.556 4.595 4.632 4.668 4.702 4.735 4.768 4.800 4.831 4.862 4.892 4.921 4.950 4.979 5.008 5.036 5.064 5.092 5.120 5.147 5.175 5.202 5.230 5.257 5.285 5.313 5.341 5.368 5.395 5.423 5.452 5.480 5.508 5.537 5.565 5.593 5.622 5.650 5.677 5.705 5.732 5.760 5.787 5.813 5.840 5.865 5.891 5.916
1.656 1.716 1.872 2.112 2.399 2.695 2.967 3.197 3.383 3.531 3.650 3.747 3.831 3.905 3.973 4.036 4.096 4.153 4.207 4.260 4.310 4.359 4.405 4.450 4.493 4.535 4.575 4.613 4.650 4.686 4.719 4.752 4.785 4.816 4.847 4.877 4.907 4.936 4.965 4.994 5.022 5.049 5.077 5.104 5.131 5.158 5.185 5.212 5.239 5.266 5.293 5.320 5.347 5.374 5.401 5.428 5.455 5.483 5.511 5.538 5.566 5.593 5.620 5.647 5.674 5.701 5.728 5.754 5.780 5.807 5.833 5.858 5.884 5.909
1.674 1.780 1.981 2.249 2.545 2.832 3.085 3.293 3.459 3.591 3.698 3.787 3.865 3.935 4.000 4.061 4.119 4.175 4.228 4.280 4.329 4.377 4.424 4.468 4.511 4.552 4.592 4.630 4.667 4.702 4.736 4.768 4.801 4.832 4.863 4.893 4.922 4.951 4.980 5.007 5.035 5.062 5.089 5.116 5.143 5.169 5.196 5.222 5.248 5.275 5.301 5.328 5.355 5.381 5.407 5.433 5.460 5.487 5.514 5.541 5.567 5.594 5.620 5.646 5.672 5.698 5.724 5.749 5.774 5.800 5.825 5.850 5.875 5.900
1.713 1.867 2.105 2.392 2.687 2.960 3.192 3.379 3.527 3.645 3.742 3.825 3.898 3.964 4.027 4.085 4.142 4.196 4.248 4.299 4.348 4.395 4.441 4.485 4.527 4.568 4.608 4.646 4.683 4.718 4.752 4.784 4.816 4.848 4.878 4.908 4.937 4.965 4.994 5.021 5.048 5.075 5.102 5.128 5.154 5.180 5.206 5.232 5.258 5.284 5.310 5.336 5.363 5.388 5.414 5.440 5.466 5.492 5.519 5.545 5.570 5.596 5.622 5.647 5.672 5.697 5.721 5.745 5.770 5.794 5.818 5.842 5.866 5.890
1.774 1.973 2.239 2.535 2.823 3.077 3.288 3.454 3.587 3.694 3.783 3.860 3.929 3.992 4.052 4.109 4.163 4.216 4.267 4.317 4.365 4.412 4.457 4.501 4.543 4.584 4.623 4.661 4.698 4.733 4.767 4.799 4.831 4.862 4.893 4.922 4.951 4.979 5.007 5.034 5.061 5.088 5.114 5.140 5.166 5.192 5.217 5.243 5.268 5.294 5.320 5.345 5.371 5.396 5.421 5.447 5.473 5.498 5.524 5.549 5.575 5.600 5.624 5.649 5.673 5.697 5.720 5.744 5.767 5.789 5.812 5.835 5.857 5.880
1.858 2.093 2.378 2.674 2.949 3.183 3.373 3.522 3.641 3.738 3.820 3.893 3.958 4.019 4.077 4.132 4.185 4.236 4.286 4.334 4.382 4.428 4.472 4.516 4.558 4.598 4.637 4.675 4.712 4.747 4.781 4.813 4.845 4.876 4.906 4.936 4.965 4.993 5.020 5.047 5.074 5.100 5.126 5.152 5.177 5.203 5.228 5.253 5.279 5.304 5.329 5.355 5.380 5.404 5.429 5.454 5.480 5.505 5.530 5.555 5.580 5.604 5.628 5.652 5.676 5.699 5.722 5.744 5.766 5.787 5.809 5.830 5.851 5.872
1.959 2.223 2.518 2.808 3.065 3.279 3.449 3.582 3.690 3.779 3.856 3.924 3.987 4.045 4.101 4.154 4.206 4.256 4.304 4.352 4.398 4.443 4.487 4.530 4.571 4.612 4.651 4.689 4.725 4.761 4.794 4.826 4.858 4.889 4.920 4.949 4.978 5.006 5.033 5.060 5.087 5.113 5.138 5.164 5.189 5.214 5.239 5.264 5.289 5.314 5.339 5.364 5.389 5.413 5.437 5.462 5.487 5.512 5.537 5.561 5.586 5.610 5.634 5.657 5.680 5.703 5.725 5.746 5.768 5.788 5.808 5.828 5.848 5.867
2.075 2.359 2.656 2.933 3.171 3.364 3.517 3.637 3.735 3.818 3.890 3.955 4.015 4.071 4.125 4.176 4.226 4.275 4.322 4.369 4.414 4.458 4.501 4.544 4.585 4.625 4.664 4.701 4.738 4.773 4.806 4.839 4.871 4.902 4.932 4.962 4.990 5.018 5.046 5.072 5.099 5.124 5.150 5.175 5.200 5.225 5.250 5.275 5.300 5.324 5.349 5.374 5.398 5.422 5.446 5.471 5.495 5.520 5.544 5.568 5.592 5.616 5.640 5.663 5.686 5.708 5.730 5.751 5.771 5.791 5.811 5.829 5.848 5.866
2.202 2.496 2.788 3.049 3.267 3.441 3.578 3.687 3.778 3.855 3.923 3.985 4.043 4.097 4.149 4.199 4.247 4.294 4.340 4.385 4.430 4.473 4.515 4.557 4.598 4.637 4.676 4.713 4.750 4.785 4.818 4.851 4.883 4.914 4.944 4.973 5.002 5.030 5.057 5.084 5.110 5.136 5.162 5.187 5.212 5.236 5.261 5.286 5.310 5.335 5.360 5.384 5.408 5.431 5.455 5.480 5.504 5.528 5.552 5.576 5.600 5.623 5.647 5.670 5.692 5.714 5.736 5.757 5.777 5.797 5.815 5.834 5.851 5.868
2.334 2.632 2.913 3.155 3.353 3.510 3.634 3.733 3.817 3.890 3.955 4.014 4.070 4.123 4.173 4.221 4.268 4.314 4.359 4.403 4.446 4.488 4.530 4.570 4.610 4.649 4.688 4.725 4.761 4.795 4.828 4.862 4.894 4.925 4.955 4.985 5.013 5.041 5.069 5.095 5.122 5.147 5.173 5.198 5.223 5.247 5.272 5.297 5.321 5.345 5.370 5.394 5.418 5.441 5.465 5.489 5.513 5.537 5.561 5.584 5.608 5.631 5.654 5.677 5.699 5.721 5.743 5.764 5.784 5.803 5.822 5.840 5.857 5.873
2.469 2.763 3.029 3.252 3.431 3.573 3.685 3.777 3.855 3.924 3.986 4.043 4.097 4.148 4.197 4.244 4.290 4.334 4.378 4.420 4.462 4.503 4.544 4.584 4.623 4.661 4.699 4.736 4.772 4.806 4.839 4.872 4.904 4.935 4.966 4.995 5.024 5.052 5.079 5.106 5.132 5.158 5.184 5.209 5.234 5.258 5.283 5.307 5.332 5.356 5.380 5.404 5.428 5.451 5.474 5.498 5.522 5.546 5.569 5.593 5.616 5.639 5.662 5.685 5.707 5.729 5.751 5.772 5.792 5.812 5.830 5.848 5.865 5.881
2.603 2.888 3.136 3.340 3.502 3.630 3.732 3.817 3.891 3.957 4.017 4.072 4.124 4.174 4.222 4.267 4.312 4.355 4.397 4.438 4.479 4.519 4.558 4.597 4.636 4.673 4.710 4.747 4.782 4.816 4.849 4.882 4.914 4.945 4.975 5.005 5.034 5.062 5.090 5.116 5.143 5.169 5.194 5.219 5.244 5.269 5.293 5.318 5.342 5.366 5.391 5.415 5.438 5.460 5.484 5.508 5.531 5.555 5.578 5.601 5.625 5.648 5.670 5.693 5.715 5.738 5.759 5.780 5.801 5.821 5.840 5.858 5.875 5.891
2.734 3.005 3.234 3.419 3.566 3.682 3.776 3.856 3.926 3.989 4.047 4.101 4.152 4.200 4.246 4.291 4.334 4.376 4.417 4.457 4.497 4.535 4.574 4.611 4.649 4.686 4.722 4.757 4.793 4.826 4.858 4.891 4.923 4.954 4.985 5.014 5.043 5.071 5.099 5.126 5.153 5.179 5.204 5.230 5.255 5.279 5.304 5.328 5.353 5.377 5.401 5.425 5.448 5.470 5.494 5.517 5.540 5.564 5.587 5.610 5.633 5.656 5.679 5.702 5.724 5.746 5.768 5.789 5.810 5.830 5.849 5.868 5.886 5.902
2.860 3.114 3.324 3.491 3.624 3.731 3.818 3.893 3.960 4.021 4.077 4.129 4.179 4.226 4.271 4.315 4.357 4.398 4.437 4.477 4.515 4.552 4.590 4.626 4.663 4.698 4.734 4.769 4.803 4.836 4.868 4.901 4.932 4.963 4.994 5.023 5.052 5.080 5.108 5.135 5.162 5.188 5.214 5.239 5.264 5.289 5.314 5.338 5.363 5.387 5.411 5.435 5.458 5.480 5.503 5.527 5.550 5.573 5.596 5.619 5.642 5.665 5.688 5.710 5.733 5.755 5.777 5.798 5.819 5.840 5.859 5.879 5.897 5.914
2.978 3.214 3.405 3.557 3.677 3.776 3.857 3.929 3.993 4.052 4.106 4.158 4.206 4.252 4.296 4.339 4.380 4.420 4.459 4.497 4.534 4.570 4.606 4.642 4.677 4.712 4.747 4.781 4.814 4.846 4.878 4.910 4.941 4.972 5.002 5.031 5.060 5.089 5.116 5.144 5.170 5.197 5.223 5.248 5.274 5.299 5.324 5.348 5.372 5.397 5.421 5.444 5.467 5.490 5.513 5.536 5.559 5.582 5.605 5.628 5.651 5.674 5.697 5.719 5.742 5.764 5.786 5.808 5.829 5.850 5.870 5.889 5.908 5.926
3.089 3.305 3.479 3.616 3.727 3.818 3.895 3.963 4.025 4.082 4.135 4.185 4.233 4.278 4.322 4.363 4.403 4.442 4.480 4.517 4.554 4.589 4.624 4.659 4.693 4.727 4.760 4.793 4.826 4.857 4.888 4.919 4.950 4.980 5.010 5.040 5.068 5.097 5.124 5.152 5.179 5.205 5.231 5.257 5.283 5.308 5.333 5.357 5.382 5.406 5.430 5.454 5.477 5.499 5.522 5.545 5.568 5.591 5.614 5.637 5.660 5.683 5.706 5.728 5.751 5.773 5.795 5.817 5.838 5.859 5.880 5.900 5.919 5.938
3.191 3.388 3.545 3.671 3.772 3.858 3.931 3.996 4.056 4.112 4.164 4.213 4.260 4.304 4.347 4.388 4.427 4.466 4.503 4.539 4.574 4.609 4.643 4.676 4.709 4.742 4.774 4.807 4.838 4.869 4.899 4.929 4.960 4.989 5.019 5.048 5.076 5.104 5.132 5.159 5.186 5.213 5.239 5.265 5.291 5.316 5.341 5.366 5.391 5.415 5.439 5.463 5.486 5.508 5.531 5.554 5.577 5.600 5.623 5.646 5.669 5.692 5.714 5.737 5.759 5.782 5.804 5.826 5.848 5.869 5.890 5.910 5.930 5.949
3.284 3.463 3.606 3.721 3.815 3.895 3.965 4.028 4.086 4.141 4.192 4.240 4.286 4.330 4.372 4.412 4.451 4.489 4.525 4.561 4.595 4.629 4.662 4.695 4.727 4.759 4.790 4.821 4.852 4.881 4.910 4.940 4.970 4.999 5.027 5.056 5.084 5.112 5.139 5.167 5.194 5.220 5.247 5.273 5.299 5.324 5.349 5.374 5.399 5.423 5.447 5.471 5.494 5.517 5.540 5.563 5.586 5.609 5.632 5.655 5.678 5.700 5.723 5.746 5.768 5.791 5.813 5.835 5.857 5.879 5.900 5.921 5.941 5.961
3.369 3.532 3.662 3.767 3.855 3.931 3.998 4.059 4.116 4.169 4.219 4.267 4.312 4.355 4.397 4.437 4.475 4.512 4.548 4.583 4.617 4.650 4.682 4.714 4.745 4.776 4.806 4.837 4.866 4.895 4.923 4.952 4.980 5.009 5.037 5.065 5.092 5.120 5.147 5.174 5.201 5.227 5.253 5.280 5.306 5.331 5.357 5.382 5.406 5.431 5.455 5.479 5.502 5.525 5.548 5.571 5.594 5.617 5.640 5.663 5.686 5.709 5.732 5.754 5.777 5.799 5.822 5.844 5.866 5.888 5.909 5.931 5.951 5.971
3.446 3.594 3.713 3.810 3.893 3.965 4.030 4.089 4.144 4.197 4.246 4.293 4.338 4.380 4.421 4.461 4.499 4.535 4.571 4.605 4.638 4.671 4.703 4.734 4.764 4.794 4.824 4.853 4.882 4.910 4.937 4.965 4.992 5.020 5.047 5.074 5.101 5.128 5.154 5.181 5.208 5.234 5.260 5.286 5.312 5.338 5.363 5.388 5.413 5.438 5.462 5.487 5.510 5.533 5.556 5.579 5.602 5.625 5.648 5.671 5.694 5.717 5.740 5.762 5.785 5.808 5.830 5.852 5.875 5.897 5.919 5.940 5.961 5.982
3.516 3.651 3.759 3.850 3.928 3.998 4.060 4.118 4.172 4.224 4.272 4.318 4.363 4.405 4.445 4.484 4.522 4.558 4.593 4.627 4.660 4.692 4.724 4.754 4.784 4.813 4.842 4.871 4.899 4.925 4.952 4.979 5.006 5.032 5.058 5.085 5.111 5.137 5.163 5.189 5.215 5.241 5.267 5.292 5.318 5.344 5.369 5.394 5.419 5.444 5.469 5.493 5.517 5.540 5.563 5.587 5.610 5.633 5.656 5.679 5.702 5.725 5.748 5.770 5.793 5.816 5.838 5.861 5.883 5.905 5.927 5.949 5.971 5.992
