TsunamiDB/out54144.asc
ncols          264
nrows          230
xllcorner      497853.4375
yllcorner      4229146.0000
cellsize         5.
NODATA_value   -99
[rows 68 to 101 of 230, columns 0 to 76 of 264]
5.360 5.379 5.398 5.417 5.435 5.453 5.471 5.488 5.505 5.522 5.538 5.554 5.569 5.582 5.596 5.609 5.622 5.635 5.648 5.660 5.672 5.683 5.694 5.705 5.716 5.726 5.736 5.746 5.756 5.766 5.775 5.785 5.795 5.804 5.814 5.823 5.831 5.839 5.848 5.857 5.866 5.875 5.884 5.893 5.902 5.911 5.920 5.929 5.938 5.947 5.955 5.964 5.972 5.981 5.989 5.998 6.006 6.015 6.023 6.030 6.036 6.043 6.050 6.057 6.064 6.071 6.078 6.085 6.092 6.099 6.106 6.113 6.120 6.127 6.134 6.140 6.147
5.367 5.386 5.405 5.424 5.443 5.461 5.479 5.496 5.514 5.531 5.547 5.564 5.579 5.593 5.607 5.620 5.634 5.647 5.660 5.673 5.685 5.697 5.708 5.719 5.730 5.740 5.750 5.760 5.770 5.780 5.789 5.799 5.808 5.817 5.827 5.835 5.843 5.851 5.859 5.868 5.876 5.885 5.893 5.902 5.911 5.920 5.928 5.937 5.946 5.954 5.963 5.971 5.980 5.988 5.997 6.005 6.013 6.022 6.030 6.037 6.043 6.050 6.057 6.064 6.071 6.078 6.085 6.092 6.099 6.106 6.112 6.119 6.126 6.133 6.140 6.147 6.154
5.374 5.393 5.412 5.431 5.450 5.468 5.486 5.504 5.522 5.539 5.556 5.572 5.588 5.602 5.617 5.631 5.645 5.659 5.672 5.685 5.697 5.710 5.721 5.733 5.744 5.754 5.765 5.775 5.785 5.794 5.804 5.813 5.822 5.831 5.840 5.849 5.856 5.864 5.872 5.880 5.888 5.896 5.904 5.912 5.921 5.929 5.938 5.946 5.954 5.963 5.971 5.979 5.988 5.996 6.004 6.013 6.021 6.029 6.037 6.044 6.050 6.057 6.064 6.071 6.078 6.085 6.091 6.098 6.105 6.112 6.119 6.126 6.133 6.140 6.146 6.153 6.160
5.380 5.400 5.419 5.437 5.456 5.475 5.493 5.511 5.529 5.546 5.563 5.580 5.596 5.611 5.626 5.641 5.655 5.669 5.683 5.696 5.709 5.722 5.734 5.746 5.757 5.768 5.779 5.789 5.799 5.809 5.819 5.828 5.837 5.846 5.855 5.863 5.870 5.878 5.885 5.893 5.900 5.908 5.916 5.924 5.932 5.940 5.948 5.956 5.964 5.972 5.980 5.988 5.996 6.004 6.012 6.020 6.029 6.037 6.044 6.051 6.058 6.064 6.071 6.078 6.085 6.092 6.098 6.105 6.112 6.119 6.126 6.133 6.139 6.146 6.153 6.160 6.166
5.387 5.406 5.425 5.443 5.462 5.481 5.499 5.517 5.535 5.553 5.570 5.588 5.604 5.619 5.634 5.649 5.664 5.679 5.693 5.707 5.720 5.733 5.746 5.758 5.770 5.781 5.793 5.803 5.814 5.824 5.833 5.843 5.852 5.861 5.870 5.878 5.885 5.892 5.899 5.907 5.914 5.921 5.929 5.936 5.944 5.951 5.959 5.967 5.974 5.982 5.990 5.997 6.005 6.013 6.021 6.029 6.037 6.045 6.052 6.059 6.065 6.072 6.078 6.085 6.092 6.099 6.105 6.112 6.119 6.126 6.133 6.139 6.146 6.153 6.159 6.166 6.173
5.393 5.412 5.431 5.449 5.468 5.487 5.505 5.523 5.541 5.559 5.577 5.594 5.611 5.626 5.642 5.657 5.672 5.687 5.702 5.716 5.730 5.744 5.757 5.770 5.782 5.794 5.805 5.817 5.827 5.838 5.848 5.857 5.867 5.876 5.885 5.893 5.900 5.907 5.914 5.922 5.929 5.936 5.943 5.950 5.957 5.964 5.971 5.979 5.986 5.993 6.001 6.008 6.015 6.023 6.030 6.038 6.045 6.053 6.060 6.067 6.073 6.079 6.086 6.093 6.099 6.106 6.113 6.119 6.126 6.133 6.139 6.146 6.153 6.159 6.166 6.173 6.179
5.399 5.418 5.437 5.455 5.474 5.492 5.510 5.529 5.547 5.565 5.583 5.600 5.617 5.633 5.648 5.664 5.680 5.695 5.710 5.725 5.739 5.753 5.767 5.780 5.793 5.805 5.817 5.829 5.840 5.851 5.861 5.872 5.881 5.891 5.900 5.909 5.916 5.923 5.930 5.937 5.944 5.951 5.958 5.965 5.972 5.978 5.985 5.992 5.999 6.006 6.012 6.019 6.026 6.033 6.041 6.048 6.055 6.063 6.069 6.075 6.082 6.088 6.094 6.101 6.107 6.114 6.120 6.127 6.133 6.140 6.147 6.153 6.160 6.166 6.173 6.179 6.186
5.405 5.424 5.442 5.461 5.479 5.498 5.516 5.534 5.552 5.570 5.588 5.606 5.623 5.639 5.655 5.671 5.687 5.702 5.718 5.733 5.748 5.762 5.776 5.790 5.803 5.816 5.828 5.840 5.852 5.863 5.874 5.885 5.895 5.905 5.915 5.924 5.931 5.938 5.946 5.953 5.960 5.967 5.974 5.980 5.987 5.993 6.000 6.006 6.013 6.019 6.026 6.032 6.039 6.045 6.052 6.059 6.066 6.073 6.079 6.085 6.091 6.097 6.103 6.109 6.115 6.122 6.128 6.134 6.141 6.147 6.154 6.160 6.167 6.173 6.180 6.186 6.193
5.412 5.430 5.449 5.467 5.485 5.503 5.521 5.539 5.558 5.576 5.593 5.611 5.628 5.644 5.660 5.676 5.693 5.709 5.724 5.740 5.755 5.770 5.784 5.798 5.812 5.825 5.838 5.851 5.863 5.875 5.886 5.897 5.908 5.919 5.929 5.938 5.946 5.954 5.961 5.969 5.976 5.983 5.990 5.996 6.003 6.009 6.016 6.022 6.028 6.034 6.040 6.046 6.052 6.058 6.065 6.071 6.077 6.084 6.090 6.096 6.101 6.107 6.112 6.118 6.124 6.130 6.137 6.143 6.149 6.155 6.162 6.168 6.174 6.181 6.187 6.193 6.200
5.419 5.437 5.455 5.473 5.491 5.509 5.527 5.545 5.563 5.581 5.599 5.616 5.633 5.649 5.665 5.682 5.698 5.714 5.730 5.746 5.761 5.777 5.791 5.806 5.820 5.834 5.847 5.860 5.873 5.885 5.897 5.909 5.920 5.931 5.942 5.951 5.960 5.968 5.976 5.984 5.991 5.999 6.006 6.013 6.019 6.026 6.032 6.038 6.044 6.050 6.055 6.061 6.067 6.073 6.078 6.084 6.090 6.097 6.102 6.107 6.112 6.118 6.123 6.128 6.134 6.140 6.146 6.152 6.158 6.164 6.170 6.176 6.182 6.188 6.194 6.201 6.207
5.426 5.444 5.462 5.479 5.497 5.515 5.533 5.550 5.568 5.586 5.604 5.621 5.638 5.654 5.670 5.687 5.703 5.720 5.736 5.752 5.767 5.783 5.798 5.813 5.827 5.841 5.855 5.869 5.882 5.895 5.907 5.919 5.931 5.943 5.954 5.964 5.973 5.982 5.990 5.998 6.006 6.014 6.022 6.029 6.036 6.042 6.048 6.054 6.060 6.066 6.072 6.077 6.083 6.088 6.093 6.099 6.105 6.110 6.116 6.120 6.125 6.130 6.135 6.140 6.145 6.150 6.156 6.161 6.167 6.173 6.179 6.185 6.190 6.196 6.202 6.208 6.215
5.434 5.451 5.469 5.486 5.503 5.521 5.538 5.556 5.574 5.591 5.609 5.626 5.643 5.659 5.675 5.692 5.708 5.725 5.741 5.757 5.773 5.788 5.804 5.819 5.834 5.848 5.862 5.876 5.890 5.903 5.916 5.929 5.941 5.953 5.965 5.976 5.985 5.994 6.003 6.012 6.021 6.029 6.037 6.044 6.051 6.058 6.065 6.071 6.077 6.083 6.088 6.094 6.099 6.104 6.110 6.115 6.120 6.125 6.130 6.134 6.138 6.143 6.147 6.152 6.157 6.162 6.167 6.172 6.177 6.183 6.188 6.194 6.200 6.205 6.211 6.217 6.223
5.442 5.459 5.476 5.493 5.510 5.527 5.545 5.562 5.579 5.597 5.614 5.632 5.648 5.664 5.680 5.696 5.713 5.729 5.746 5.762 5.778 5.794 5.809 5.825 5.840 5.855 5.869 5.883 5.897 5.911 5.924 5.937 5.950 5.963 5.975 5.986 5.996 6.006 6.015 6.025 6.034 6.043 6.051 6.059 6.067 6.074 6.081 6.087 6.094 6.100 6.105 6.111 6.116 6.121 6.126 6.131 6.136 6.141 6.146 6.150 6.153 6.157 6.161 6.166 6.170 6.175 6.179 6.184 6.189 6.194 6.199 6.204 6.209 6.215 6.220 6.226 6.231
5.450 5.467 5.484 5.501 5.518 5.534 5.551 5.568 5.586 5.603 5.620 5.637 5.653 5.668 5.685 5.701 5.718 5.734 5.750 5.767 5.783 5.799 5.814 5.830 5.845 5.860 5.875 5.890 5.904 5.918 5.932 5.945 5.958 5.971 5.984 5.996 6.006 6.016 6.026 6.036 6.046 6.055 6.064 6.073 6.081 6.089 6.096 6.103 6.110 6.116 6.122 6.128 6.133 6.138 6.143 6.148 6.153 6.158 6.162 6.166 6.169 6.173 6.177 6.180 6.184 6.188 6.193 6.197 6.201 6.206 6.211 6.215 6.220 6.225 6.230 6.235 6.241
5.459 5.476 5.492 5.509 5.525 5.542 5.558 5.575 5.592 5.609 5.626 5.642 5.658 5.674 5.690 5.706 5.722 5.739 5.755 5.771 5.787 5.803 5.819 5.835 5.850 5.866 5.881 5.895 5.910 5.924 5.938 5.952 5.966 5.979 5.993 6.004 6.015 6.026 6.036 6.047 6.057 6.067 6.077 6.086 6.094 6.103 6.111 6.118 6.125 6.132 6.138 6.144 6.150 6.155 6.161 6.166 6.171 6.176 6.180 6.183 6.186 6.189 6.193 6.196 6.200 6.204 6.207 6.211 6.215 6.219 6.224 6.228 6.232 6.237 6.241 6.246 6.251
5.468 5.485 5.501 5.517 5.533 5.550 5.566 5.582 5.599 5.615 5.632 5.648 5.663 5.679 5.695 5.711 5.727 5.743 5.760 5.776 5.792 5.808 5.824 5.839 5.855 5.870 5.886 5.901 5.915 5.930 5.944 5.959 5.973 5.987 6.000 6.012 6.023 6.034 6.046 6.057 6.067 6.078 6.088 6.097 6.107 6.115 6.124 6.132 6.140 6.147 6.154 6.160 6.166 6.172 6.178 6.183 6.188 6.193 6.197 6.200 6.204 6.207 6.210 6.213 6.216 6.220 6.223 6.227 6.230 6.234 6.238 6.241 6.245 6.249 6.253 6.258 6.262
5.478 5.494 5.510 5.526 5.542 5.558 5.574 5.590 5.606 5.622 5.639 5.654 5.669 5.685 5.700 5.716 5.732 5.748 5.764 5.780 5.796 5.812 5.828 5.844 5.860 5.875 5.890 5.906 5.921 5.935 5.950 5.965 5.979 5.993 6.007 6.019 6.030 6.042 6.054 6.065 6.076 6.087 6.098 6.108 6.118 6.127 6.136 6.145 6.153 6.161 6.168 6.175 6.182 6.188 6.194 6.200 6.205 6.211 6.215 6.218 6.221 6.224 6.227 6.231 6.234 6.237 6.240 6.243 6.246 6.250 6.253 6.256 6.260 6.263 6.267 6.271 6.275
5.489 5.504 5.520 5.535 5.551 5.567 5.582 5.598 5.614 5.630 5.646 5.661 5.676 5.691 5.706 5.722 5.737 5.753 5.769 5.785 5.801 5.817 5.833 5.848 5.864 5.880 5.895 5.910 5.925 5.940 5.955 5.970 5.985 5.999 6.013 6.025 6.037 6.049 6.061 6.073 6.085 6.096 6.107 6.118 6.128 6.138 6.148 6.157 6.165 6.174 6.182 6.189 6.196 6.203 6.210 6.216 6.222 6.228 6.232 6.235 6.239 6.242 6.245 6.248 6.252 6.255 6.258 6.261 6.264 6.266 6.269 6.272 6.275 6.278 6.282 6.285 6.288
5.499 5.514 5.530 5.545 5.560 5.576 5.591 5.606 5.622 5.637 5.653 5.668 5.682 5.697 5.712 5.728 5.743 5.759 5.774 5.790 5.806 5.821 5.837 5.853 5.868 5.884 5.899 5.915 5.930 5.945 5.960 5.975 5.990 6.004 6.018 6.031 6.043 6.056 6.068 6.080 6.092 6.104 6.115 6.127 6.137 6.148 6.158 6.167 6.177 6.186 6.194 6.202 6.210 6.217 6.224 6.231 6.238 6.244 6.248 6.252 6.256 6.259 6.263 6.266 6.269 6.273 6.276 6.278 6.281 6.284 6.287 6.289 6.292 6.295 6.298 6.300 6.303
5.510 5.525 5.540 5.555 5.570 5.585 5.600 5.615 5.630 5.645 5.661 5.675 5.690 5.704 5.719 5.734 5.749 5.764 5.780 5.795 5.811 5.826 5.842 5.857 5.873 5.888 5.904 5.919 5.934 5.949 5.964 5.979 5.994 6.009 6.023 6.036 6.049 6.062 6.074 6.087 6.099 6.111 6.123 6.135 6.146 6.157 6.167 6.177 6.187 6.197 6.206 6.214 6.222 6.230 6.238 6.245 6.253 6.259 6.264 6.268 6.272 6.276 6.280 6.284 6.287 6.290 6.294 6.297 6.299 6.302 6.305 6.307 6.310 6.312 6.314 6.317 6.320
5.521 5.535 5.550 5.565 5.580 5.595 5.609 5.624 5.639 5.654 5.669 5.683 5.697 5.711 5.725 5.740 5.755 5.770 5.785 5.800 5.816 5.831 5.846 5.862 5.877 5.892 5.908 5.923 5.938 5.953 5.969 5.984 5.999 6.014 6.028 6.041 6.054 6.067 6.080 6.093 6.105 6.118 6.130 6.142 6.153 6.165 6.176 6.186 6.197 6.206 6.216 6.225 6.234 6.242 6.251 6.258 6.266 6.273 6.278 6.283 6.288 6.292 6.297 6.301 6.304 6.308 6.311 6.314 6.317 6.320 6.323 6.325 6.328 6.330 6.332 6.334 6.337
5.531 5.546 5.561 5.575 5.590 5.604 5.619 5.633 5.648 5.662 5.677 5.691 5.705 5.718 5.733 5.747 5.761 5.776 5.791 5.806 5.821 5.836 5.851 5.866 5.881 5.897 5.912 5.927 5.942 5.957 5.972 5.988 6.003 6.018 6.032 6.045 6.059 6.072 6.085 6.098 6.111 6.124 6.136 6.148 6.160 6.172 6.183 6.194 6.205 6.215 6.225 6.235 6.244 6.253 6.262 6.270 6.279 6.286 6.292 6.297 6.303 6.307 6.312 6.317 6.321 6.325 6.328 6.332 6.335 6.338 6.341 6.344 6.346 6.348 6.350 6.353 6.355
5.542 5.557 5.571 5.586 5.600 5.614 5.628 5.643 5.657 5.671 5.686 5.700 5.713 5.726 5.740 5.754 5.768 5.782 5.797 5.812 5.826 5.841 5.856 5.871 5.886 5.901 5.916 5.931 5.946 5.961 5.976 5.991 6.006 6.021 6.036 6.049 6.063 6.076 6.090 6.103 6.116 6.129 6.142 6.154 6.167 6.179 6.190 6.202 6.213 6.224 6.234 6.244 6.254 6.263 6.273 6.281 6.290 6.298 6.304 6.310 6.316 6.322 6.327 6.332 6.336 6.341 6.345 6.349 6.352 6.356 6.359 6.362 6.364 6.367 6.369 6.371 6.373
5.553 5.567 5.582 5.596 5.610 5.624 5.638 5.652 5.666 5.680 5.695 5.708 5.721 5.734 5.747 5.761 5.775 5.789 5.803 5.818 5.832 5.846 5.861 5.876 5.890 5.905 5.920 5.935 5.950 5.965 5.980 5.995 6.010 6.025 6.039 6.053 6.067 6.080 6.094 6.107 6.120 6.134 6.147 6.159 6.172 6.184 6.196 6.208 6.220 6.231 6.242 6.252 6.263 6.272 6.282 6.291 6.300 6.309 6.316 6.322 6.329 6.335 6.340 6.346 6.351 6.356 6.360 6.365 6.369 6.372 6.376 6.379 6.382 6.385 6.387 6.389 6.392
5.563 5.578 5.592 5.606 5.620 5.634 5.648 5.662 5.676 5.689 5.703 5.717 5.729 5.742 5.755 5.769 5.782 5.796 5.810 5.824 5.838 5.852 5.866 5.881 5.895 5.910 5.924 5.939 5.954 5.968 5.983 5.998 6.013 6.028 6.043 6.056 6.070 6.084 6.097 6.111 6.124 6.138 6.151 6.164 6.177 6.190 6.202 6.214 6.226 6.237 6.249 6.260 6.270 6.281 6.291 6.300 6.310 6.319 6.326 6.333 6.340 6.346 6.353 6.359 6.364 6.370 6.375 6.380 6.384 6.388 6.392 6.396 6.399 6.402 6.405 6.407 6.410
5.574 5.588 5.602 5.616 5.630 5.644 5.657 5.671 5.685 5.699 5.712 5.725 5.738 5.750 5.763 5.776 5.790 5.803 5.816 5.830 5.844 5.858 5.872 5.886 5.900 5.914 5.928 5.943 5.957 5.972 5.987 6.001 6.016 6.031 6.046 6.059 6.073 6.087 6.100 6.114 6.128 6.141 6.155 6.168 6.181 6.194 6.207 6.219 6.231 6.243 6.255 6.266 6.277 6.288 6.298 6.308 6.318 6.328 6.335 6.343 6.350 6.357 6.364 6.370 6.377 6.382 6.388 6.393 6.398 6.403 6.407 6.411 6.415 6.419 6.422 6.425 6.427
5.584 5.598 5.612 5.626 5.639 5.653 5.667 5.680 5.694 5.708 5.721 5.734 5.746 5.758 5.771 5.784 5.797 5.810 5.823 5.837 5.850 5.864 5.877 5.891 5.905 5.919 5.933 5.947 5.961 5.976 5.990 6.005 6.019 6.034 6.049 6.062 6.076 6.089 6.103 6.117 6.131 6.144 6.158 6.171 6.185 6.198 6.211 6.223 6.236 6.248 6.260 6.272 6.283 6.294 6.305 6.315 6.326 6.335 6.344 6.352 6.360 6.367 6.374 6.381 6.388 6.394 6.400 6.406 6.411 6.417 6.421 6.426 6.430 6.434 6.438 6.441 6.444
5.593 5.607 5.621 5.635 5.649 5.662 5.676 5.689 5.703 5.716 5.730 5.742 5.754 5.766 5.779 5.792 5.804 5.817 5.830 5.843 5.857 5.870 5.883 5.896 5.910 5.924 5.937 5.951 5.965 5.979 5.994 6.008 6.022 6.037 6.051 6.065 6.078 6.092 6.106 6.119 6.133 6.147 6.161 6.174 6.188 6.201 6.214 6.227 6.240 6.252 6.264 6.276 6.288 6.300 6.311 6.322 6.333 6.343 6.351 6.360 6.368 6.376 6.384 6.391 6.398 6.405 6.411 6.418 6.423 6.429 6.434 6.439 6.444 6.448 6.453 6.456 6.460
5.603 5.617 5.631 5.644 5.658 5.671 5.685 5.698 5.712 5.725 5.738 5.751 5.762 5.774 5.787 5.799 5.812 5.825 5.837 5.850 5.863 5.876 5.889 5.902 5.915 5.929 5.942 5.955 5.969 5.983 5.997 6.011 6.026 6.040 6.054 6.067 6.081 6.094 6.108 6.122 6.135 6.149 6.163 6.177 6.190 6.204 6.217 6.230 6.243 6.256 6.268 6.280 6.292 6.304 6.316 6.327 6.338 6.349 6.358 6.367 6.375 6.384 6.392 6.400 6.407 6.414 6.421 6.428 6.434 6.440 6.446 6.452 6.457 6.462 6.466 6.470 6.475
5.612 5.626 5.640 5.653 5.667 5.680 5.694 5.707 5.720 5.734 5.747 5.759 5.770 5.782 5.795 5.807 5.819 5.832 5.844 5.857 5.870 5.882 5.895 5.908 5.921 5.934 5.947 5.960 5.973 5.987 6.001 6.015 6.029 6.043 6.057 6.070 6.083 6.096 6.110 6.123 6.137 6.151 6.165 6.179 6.192 6.206 6.219 6.232 6.246 6.258 6.271 6.284 6.296 6.308 6.320 6.332 6.343 6.354 6.363 6.373 6.382 6.390 6.399 6.407 6.415 6.423 6.430 6.437 6.444 6.451 6.457 6.463 6.468 6.474 6.479 6.483 6.488
5.622 5.635 5.649 5.662 5.676 5.689 5.702 5.716 5.729 5.742 5.755 5.766 5.778 5.790 5.802 5.814 5.827 5.839 5.851 5.864 5.876 5.889 5.901 5.914 5.926 5.939 5.952 5.965 5.978 5.991 6.005 6.018 6.032 6.046 6.059 6.072 6.085 6.098 6.112 6.125 6.139 6.153 6.166 6.180 6.194 6.207 6.221 6.234 6.248 6.261 6.274 6.286 6.299 6.311 6.323 6.335 6.347 6.358 6.368 6.378 6.387 6.396 6.405 6.414 6.422 6.430 6.438 6.446 6.453 6.460 6.466 6.473 6.479 6.484 6.490 6.495 6.500
5.631 5.644 5.658 5.671 5.684 5.698 5.711 5.724 5.737 5.751 5.763 5.774 5.786 5.798 5.810 5.822 5.834 5.846 5.858 5.871 5.883 5.895 5.907 5.920 5.932 5.944 5.957 5.970 5.982 5.995 6.008 6.022 6.035 6.049 6.062 6.074 6.087 6.100 6.114 6.127 6.141 6.154 6.168 6.182 6.195 6.209 6.222 6.236 6.249 6.262 6.275 6.288 6.301 6.314 6.326 6.338 6.350 6.362 6.372 6.382 6.392 6.401 6.410 6.419 6.428 6.437 6.445 6.453 6.460 6.468 6.475 6.481 6.488 6.494 6.500 6.505 6.511
5.640 5.654 5.667 5.680 5.693 5.706 5.719 5.732 5.745 5.758 5.771 5.782 5.794 5.805 5.817 5.829 5.841 5.853 5.865 5.877 5.889 5.901 5.913 5.926 5.938 5.950 5.962 5.975 5.987 6.000 6.013 6.026 6.039 6.052 6.065 6.077 6.090 6.102 6.115 6.129 6.142 6.156 6.169 6.183 6.196 6.210 6.223 6.237 6.250 6.263 6.277 6.290 6.303 6.315 6.328 6.341 6.353 6.364 6.375 6.385 6.395 6.405 6.415 6.424 6.433 6.442 6.451 6.459 6.467 6.475 6.482 6.489 6.496 6.502 6.509 6.515 6.520
5.650 5.663 5.676 5.689 5.702 5.715 5.728 5.740 5.753 5.766 5.778 5.790 5.801 5.813 5.825 5.837 5.848 5.860 5.872 5.884 5.896 5.908 5.920 5.932 5.944 5.956 5.968 5.980 5.992 6.004 6.017 6.030 6.043 6.056 6.068 6.080 6.092 6.105 6.117 6.130 6.144 6.157 6.170 6.184 6.197 6.211 6.224 6.238 6.251 6.264 6.278 6.291 6.304 6.317 6.329 6.342 6.355 6.367 6.377 6.388 6.398 6.408 6.418 6.428 6.437 6.447 6.455 6.464 6.472 6.481 6.488 6.496 6.503 6.510 6.516 6.523 6.529
