TsunamiDB/out54034.asc
ncols          264
nrows          230
xllcorner      497853.4375
yllcorner      4229146.0000
cellsize         5.
NODATA_value   -99
[rows 160 to 191 of 230, columns 72 to 143 of 264]
-99.000 -99.000 -99.000 -99.000 -99.000 -99.000 -99.000 -99.000 -99.000 -99.000 -99.000 -99.000 -99.000 -99.000 -99.000 -99.000 -99.000 -99.000 -99.000 1.647 1.659 1.731 1.903 2.160 2.469 2.794 3.105 3.382 3.618 3.811 3.969 4.097 4.204 4.296 4.375 4.446 4.509 4.568 4.622 4.673 4.721 4.766 4.809 4.850 4.890 4.928 4.964 4.999 5.032 5.065 5.095 5.124 5.153 5.182 5.210 5.238 5.267 5.296 5.326 5.358 5.391 5.426 5.462 5.499 5.538 5.576 5.615 5.654 5.692 5.728 5.763 5.796
-99.000 -99.000 -99.000 -99.000 -99.000 -99.000 -99.000 -99.000 -99.000 -99.000 -99.000 -99.000 -99.000 -99.000 -99.000 -99.000 -99.000 -99.000 1.647 1.649 1.677 1.789 1.999 2.281 2.601 2.923 3.222 3.482 3.699 3.877 4.023 4.143 4.244 4.331 4.409 4.478 4.541 4.599 4.653 4.704 4.751 4.797 4.840 4.881 4.920 4.958 4.994 5.029 5.062 5.094 5.124 5.153 5.181 5.209 5.235 5.262 5.288 5.315 5.343 5.372 5.403 5.435 5.469 5.505 5.541 5.579 5.618 5.656 5.694 5.731 5.767 5.801
-99.000 -99.000 -99.000 -99.000 -99.000 -99.000 -99.000 -99.000 -99.000 -99.000 -99.000 -99.000 -99.000 -99.000 -99.000 -99.000 -99.000 -99.000 1.647 1.654 1.710 1.863 2.107 2.408 2.733 3.048 3.332 3.574 3.774 3.937 4.072 4.184 4.280 4.365 4.440 4.508 4.571 4.629 4.682 4.733 4.781 4.826 4.869 4.911 4.950 4.988 5.024 5.059 5.093 5.125 5.155 5.183 5.211 5.238 5.263 5.288 5.313 5.338 5.363 5.390 5.417 5.447 5.478 5.512 5.547 5.583 5.620 5.658 5.696 5.734 5.770 5.806
-99.000 -99.000 -99.000 -99.000 -99.000 -99.000 -99.000 -99.000 -99.000 -99.000 -99.000 -99.000 -99.000 -99.000 -99.000 -99.000 -99.000 -99.000 1.648 1.667 1.760 1.953 2.224 2.539 2.862 3.167 3.434 3.657 3.841 3.991 4.116 4.222 4.314 4.396 4.469 4.537 4.599 4.657 4.711 4.761 4.809 4.855 4.898 4.940 4.979 5.018 5.054 5.089 5.123 5.156 5.185 5.214 5.242 5.268 5.293 5.317 5.341 5.364 5.387 5.410 5.435 5.462 5.490 5.521 5.554 5.588 5.624 5.661 5.699 5.736 5.773 5.809
-99.000 -99.000 -99.000 -99.000 -99.000 -99.000 -99.000 -99.000 -99.000 -99.000 -99.000 -99.000 -99.000 -99.000 -99.000 -99.000 -99.000 1.647 1.651 1.693 1.827 2.055 2.348 2.671 2.989 3.278 3.528 3.733 3.901 4.040 4.157 4.257 4.345 4.424 4.497 4.563 4.625 4.683 4.737 4.788 4.836 4.882 4.926 4.968 5.008 5.046 5.083 5.119 5.153 5.186 5.216 5.245 5.274 5.300 5.325 5.349 5.371 5.393 5.414 5.435 5.457 5.480 5.506 5.533 5.563 5.595 5.629 5.665 5.702 5.739 5.776 5.813
-99.000 -99.000 -99.000 -99.000 -99.000 -99.000 -99.000 -99.000 -99.000 -99.000 -99.000 -99.000 -99.000 -99.000 -99.000 -99.000 -99.000 1.647 1.660 1.735 1.911 2.170 2.479 2.802 3.110 3.383 3.614 3.802 3.957 4.085 4.194 4.289 4.374 4.451 4.522 4.588 4.650 4.707 4.762 4.813 4.862 4.908 4.952 4.995 5.035 5.074 5.111 5.148 5.182 5.216 5.247 5.277 5.306 5.333 5.358 5.382 5.404 5.425 5.444 5.463 5.483 5.503 5.525 5.549 5.576 5.605 5.637 5.671 5.706 5.743 5.779 5.816
-99.000 -99.000 -99.000 -99.000 -99.000 -99.000 -99.000 -99.000 -99.000 -99.000 -99.000 -99.000 -99.000 -99.000 -99.000 -99.000 1.647 1.649 1.680 1.796 2.010 2.293 2.612 2.932 3.226 3.481 3.693 3.865 4.007 4.126 4.228 4.318 4.400 4.476 4.546 4.611 4.673 4.730 4.785 4.837 4.886 4.932 4.977 5.020 5.061 5.100 5.138 5.175 5.210 5.245 5.276 5.307 5.337 5.365 5.391 5.416 5.438 5.459 5.478 5.495 5.513 5.530 5.549 5.570 5.593 5.619 5.648 5.679 5.713 5.748 5.784 5.821
-99.000 -99.000 -99.000 -99.000 -99.000 -99.000 -99.000 -99.000 -99.000 -99.000 -99.000 -99.000 -99.000 -99.000 -99.000 -99.000 1.647 1.655 1.716 1.875 2.122 2.425 2.747 3.058 3.336 3.572 3.765 3.922 4.052 4.163 4.259 4.346 4.425 4.499 4.568 4.633 4.694 4.752 4.806 4.858 4.908 4.955 5.000 5.043 5.085 5.125 5.163 5.201 5.237 5.272 5.305 5.336 5.367 5.397 5.424 5.449 5.473 5.494 5.513 5.530 5.546 5.562 5.578 5.595 5.615 5.637 5.662 5.690 5.721 5.755 5.790 5.826
-99.000 -99.000 -99.000 -99.000 -99.000 -99.000 -99.000 -99.000 -99.000 -99.000 -99.000 -99.000 -99.000 -99.000 -99.000 -99.000 1.648 1.670 1.771 1.971 2.246 2.561 2.882 3.180 3.439 3.655 3.831 3.975 4.094 4.198 4.289 4.372 4.449 4.521 4.589 4.653 4.714 4.771 4.826 4.878 4.928 4.976 5.021 5.065 5.107 5.147 5.187 5.225 5.262 5.298 5.331 5.364 5.396 5.427 5.456 5.482 5.507 5.529 5.549 5.567 5.583 5.597 5.611 5.625 5.641 5.659 5.681 5.706 5.734 5.765 5.798 5.834
-99.000 -99.000 -99.000 -99.000 -99.000 -99.000 -99.000 -99.000 -99.000 -99.000 -99.000 -99.000 -99.000 -99.000 -99.000 1.647 1.652 1.702 1.847 2.083 2.380 2.701 3.013 3.295 3.534 3.731 3.891 4.022 4.133 4.230 4.317 4.397 4.472 4.542 4.609 4.673 4.733 4.790 4.845 4.897 4.947 4.995 5.041 5.085 5.127 5.168 5.208 5.247 5.285 5.321 5.356 5.390 5.423 5.455 5.485 5.514 5.540 5.564 5.586 5.605 5.621 5.635 5.648 5.660 5.673 5.687 5.705 5.725 5.750 5.778 5.809 5.843
-99.000 -99.000 -99.000 -99.000 -99.000 -99.000 -99.000 -99.000 -99.000 -99.000 -99.000 -99.000 -99.000 -99.000 -99.000 1.648 1.664 1.752 1.941 2.208 2.519 2.840 3.140 3.403 3.622 3.801 3.946 4.066 4.169 4.260 4.343 4.420 4.493 4.563 4.628 4.691 4.751 4.808 4.862 4.914 4.964 5.013 5.059 5.103 5.146 5.187 5.228 5.267 5.305 5.343 5.378 5.413 5.448 5.481 5.513 5.543 5.572 5.598 5.621 5.642 5.660 5.674 5.687 5.698 5.709 5.720 5.734 5.750 5.771 5.795 5.824 5.855
-99.000 -99.000 -99.000 -99.000 -99.000 -99.000 -99.000 -99.000 -99.000 -99.000 -99.000 -99.000 -99.000 -99.000 1.647 1.651 1.691 1.824 2.051 2.343 2.662 2.976 3.260 3.503 3.702 3.864 3.997 4.107 4.203 4.289 4.368 4.443 4.514 4.582 4.647 4.708 4.767 4.824 4.879 4.931 4.981 5.029 5.075 5.120 5.163 5.205 5.246 5.285 5.324 5.362 5.399 5.435 5.470 5.505 5.538 5.570 5.601 5.629 5.655 5.677 5.697 5.714 5.727 5.739 5.748 5.758 5.768 5.781 5.797 5.818 5.842 5.871
-99.000 -99.000 -99.000 -99.000 -99.000 -99.000 -99.000 -99.000 -99.000 -99.000 -99.000 -99.000 -99.000 -99.000 1.647 1.660 1.738 1.916 2.176 2.484 2.805 3.107 3.373 3.595 3.776 3.922 4.043 4.145 4.234 4.316 4.393 4.465 4.534 4.601 4.664 4.725 4.784 4.840 4.894 4.946 4.996 5.044 5.090 5.135 5.178 5.220 5.261 5.302 5.341 5.379 5.416 5.453 5.490 5.526 5.561 5.595 5.627 5.657 5.685 5.711 5.733 5.752 5.767 5.780 5.790 5.798 5.807 5.816 5.829 5.845 5.866 5.891
-99.000 -99.000 -99.000 -99.000 -99.000 -99.000 -99.000 -99.000 -99.000 -99.000 -99.000 -99.000 -99.000 1.647 1.650 1.684 1.807 2.025 2.312 2.629 2.944 3.231 3.477 3.679 3.842 3.975 4.086 4.180 4.265 4.343 4.417 4.487 4.554 4.619 4.681 4.741 4.799 4.855 4.909 4.961 5.011 5.059 5.105 5.149 5.193 5.235 5.276 5.316 5.356 5.394 5.432 5.470 5.507 5.544 5.580 5.616 5.650 5.682 5.713 5.741 5.766 5.788 5.806 5.821 5.832 5.841 5.848 5.856 5.865 5.878 5.895 5.917
-99.000 -99.000 -99.000 -99.000 -99.000 -99.000 -99.000 -99.000 -99.000 -99.000 -99.000 -99.000 -99.000 1.647 1.657 1.727 1.896 2.150 2.455 2.775 3.079 3.347 3.572 3.755 3.903 4.024 4.125 4.213 4.294 4.369 4.440 4.508 4.573 4.637 4.698 4.757 4.814 4.870 4.923 4.975 5.025 5.072 5.118 5.163 5.206 5.248 5.289 5.329 5.369 5.407 5.445 5.484 5.522 5.560 5.597 5.634 5.670 5.704 5.737 5.767 5.795 5.820 5.841 5.859 5.873 5.884 5.892 5.899 5.906 5.916 5.929 5.947
-99.000 -99.000 -99.000 -99.000 -99.000 -99.000 -99.000 -99.000 -99.000 -99.000 -99.000 -99.000 1.647 1.649 1.678 1.792 2.004 2.285 2.601 2.917 3.206 3.454 3.658 3.823 3.957 4.068 4.162 4.245 4.322 4.394 4.463 4.529 4.592 4.654 4.714 4.772 4.829 4.884 4.937 4.988 5.038 5.085 5.131 5.176 5.218 5.260 5.301 5.341 5.380 5.418 5.457 5.496 5.534 5.573 5.611 5.649 5.686 5.723 5.757 5.790 5.821 5.849 5.874 5.895 5.912 5.925 5.935 5.943 5.950 5.957 5.968 5.982
-99.000 -99.000 -99.000 -99.000 -99.000 -99.000 -99.000 -99.000 -99.000 -99.000 -99.000 -99.000 1.647 1.655 1.717 1.878 2.127 2.429 2.748 3.054 3.325 3.552 3.736 3.885 4.006 4.108 4.196 4.275 4.349 4.419 4.485 4.549 4.611 4.671 4.730 4.787 4.843 4.897 4.950 5.001 5.050 5.098 5.143 5.188 5.230 5.271 5.312 5.351 5.391 5.428 5.466 5.505 5.544 5.583 5.623 5.661 5.700 5.738 5.775 5.810 5.843 5.874 5.902 5.926 5.947 5.964 5.977 5.987 5.994 6.002 6.010 6.021
-99.000 -99.000 -99.000 -99.000 -99.000 -99.000 -99.000 -99.000 -99.000 -99.000 -99.000 -99.000 1.648 1.673 1.779 1.984 2.261 2.576 2.892 3.183 3.433 3.639 3.806 3.940 4.051 4.146 4.229 4.304 4.376 4.443 4.508 4.570 4.630 4.688 4.746 4.802 4.857 4.910 4.962 5.013 5.062 5.109 5.155 5.199 5.241 5.282 5.322 5.361 5.400 5.437 5.475 5.514 5.553 5.592 5.631 5.671 5.711 5.750 5.788 5.826 5.861 5.895 5.926 5.954 5.979 5.999 6.015 6.028 6.038 6.047 6.055 6.064
-99.000 -99.000 -99.000 -99.000 -99.000 -99.000 -99.000 -99.000 -99.000 -99.000 -99.000 1.647 1.654 1.709 1.863 2.105 2.404 2.723 3.030 3.303 3.532 3.718 3.868 3.990 4.092 4.181 4.260 4.332 4.402 4.467 4.530 4.590 4.648 4.705 4.762 4.816 4.870 4.923 4.975 5.025 5.074 5.121 5.166 5.210 5.252 5.293 5.332 5.371 5.409 5.445 5.482 5.520 5.559 5.598 5.638 5.678 5.718 5.759 5.799 5.838 5.876 5.912 5.946 5.978 6.006 6.030 6.050 6.067 6.080 6.090 6.099 6.109
-99.000 -99.000 -99.000 -99.000 -99.000 -99.000 -99.000 -99.000 -99.000 -99.000 -99.000 1.648 1.669 1.767 1.965 2.238 2.551 2.867 3.160 3.412 3.620 3.788 3.923 4.035 4.130 4.214 4.289 4.360 4.426 4.490 4.551 4.609 4.667 4.723 4.778 4.831 4.884 4.936 4.987 5.036 5.085 5.131 5.177 5.220 5.262 5.303 5.342 5.380 5.417 5.453 5.489 5.526 5.564 5.603 5.642 5.683 5.724 5.765 5.806 5.847 5.887 5.926 5.963 5.997 6.028 6.056 6.081 6.101 6.118 6.131 6.142 6.153
-99.000 -99.000 -99.000 -99.000 -99.000 -99.000 -99.000 -99.000 -99.000 -99.000 1.647 1.652 1.702 1.847 2.083 2.379 2.697 3.005 3.280 3.512 3.699 3.851 3.974 4.076 4.166 4.246 4.318 4.386 4.450 4.512 4.571 4.629 4.685 4.740 4.793 4.846 4.898 4.949 4.999 5.048 5.095 5.142 5.187 5.230 5.272 5.312 5.351 5.388 5.425 5.460 5.495 5.531 5.568 5.606 5.645 5.685 5.726 5.768 5.810 5.853 5.895 5.935 5.975 6.012 6.047 6.078 6.106 6.130 6.151 6.168 6.182 6.194
-99.000 -99.000 -99.000 -99.000 -99.000 -99.000 -99.000 -99.000 -99.000 -99.000 1.648 1.665 1.755 1.945 2.213 2.524 2.841 3.135 3.390 3.601 3.770 3.907 4.020 4.115 4.200 4.276 4.345 4.410 4.473 4.533 4.591 4.647 4.703 4.756 4.809 4.861 4.912 4.962 5.011 5.059 5.106 5.152 5.197 5.240 5.281 5.321 5.360 5.397 5.433 5.467 5.500 5.536 5.571 5.608 5.646 5.686 5.727 5.769 5.812 5.855 5.899 5.941 5.983 6.023 6.060 6.095 6.126 6.154 6.178 6.199 6.216 6.231
-99.000 -99.000 -99.000 -99.000 -99.000 -99.000 -99.000 -99.000 -99.000 1.647 1.651 1.694 1.830 2.060 2.351 2.669 2.979 3.256 3.491 3.681 3.834 3.959 4.063 4.153 4.232 4.305 4.371 4.434 4.495 4.553 4.610 4.666 4.720 4.773 4.825 4.876 4.926 4.975 5.023 5.071 5.117 5.163 5.207 5.250 5.291 5.331 5.369 5.405 5.441 5.474 5.506 5.540 5.574 5.610 5.647 5.685 5.726 5.768 5.811 5.855 5.899 5.944 5.987 6.029 6.069 6.107 6.141 6.173 6.200 6.224 6.245 6.263
-99.000 -99.000 -99.000 -99.000 -99.000 -99.000 -99.000 -99.000 -99.000 1.647 1.661 1.742 1.924 2.186 2.494 2.811 3.109 3.367 3.581 3.754 3.893 4.007 4.104 4.188 4.263 4.332 4.396 4.456 4.516 4.573 4.629 4.683 4.736 4.789 4.840 4.890 4.939 4.988 5.036 5.082 5.128 5.173 5.217 5.260 5.301 5.340 5.378 5.414 5.449 5.481 5.513 5.546 5.578 5.612 5.647 5.684 5.724 5.765 5.808 5.852 5.897 5.942 5.987 6.031 6.074 6.114 6.151 6.185 6.216 6.244 6.268 6.289
-99.000 -99.000 -99.000 -99.000 -99.000 -99.000 -99.000 -99.000 1.647 1.650 1.686 1.811 2.033 2.320 2.637 2.948 3.230 3.469 3.664 3.820 3.947 4.053 4.143 4.222 4.293 4.359 4.420 4.479 4.536 4.592 4.647 4.700 4.752 4.804 4.854 4.904 4.952 5.000 5.047 5.094 5.139 5.184 5.227 5.269 5.310 5.350 5.387 5.423 5.458 5.490 5.521 5.552 5.583 5.615 5.648 5.683 5.721 5.761 5.803 5.847 5.892 5.938 5.984 6.029 6.073 6.116 6.155 6.192 6.226 6.257 6.284 6.309
-99.000 -99.000 -99.000 -99.000 -99.000 -99.000 -99.000 -99.000 1.647 1.658 1.729 1.899 2.154 2.459 2.778 3.078 3.342 3.561 3.739 3.882 3.999 4.096 4.180 4.254 4.322 4.384 4.443 4.500 4.556 4.611 4.664 4.717 4.768 4.818 4.868 4.917 4.965 5.012 5.059 5.105 5.150 5.194 5.237 5.279 5.320 5.359 5.397 5.433 5.468 5.499 5.530 5.560 5.590 5.620 5.651 5.684 5.719 5.757 5.797 5.840 5.885 5.931 5.977 6.023 6.069 6.113 6.154 6.194 6.230 6.264 6.294 6.323
-99.000 -99.000 -99.000 -99.000 -99.000 -99.000 -99.000 1.647 1.649 1.678 1.791 2.003 2.284 2.600 2.914 3.200 3.446 3.647 3.809 3.940 4.047 4.138 4.216 4.285 4.349 4.410 4.467 4.522 4.576 4.629 4.682 4.733 4.783 4.832 4.881 4.929 4.977 5.023 5.069 5.115 5.159 5.203 5.246 5.288 5.329 5.369 5.407 5.443 5.478 5.510 5.540 5.569 5.598 5.627 5.656 5.686 5.718 5.754 5.792 5.832 5.876 5.921 5.967 6.014 6.060 6.105 6.148 6.189 6.228 6.265 6.298 6.330
-99.000 -99.000 -99.000 -99.000 -99.000 -99.000 -99.000 1.647 1.655 1.714 1.872 2.118 2.419 2.739 3.044 3.315 3.542 3.726 3.875 3.995 4.093 4.177 4.250 4.316 4.377 4.435 4.490 4.544 4.596 4.648 4.699 4.748 4.798 4.846 4.894 4.941 4.988 5.034 5.079 5.124 5.168 5.212 5.255 5.297 5.338 5.377 5.416 5.452 5.488 5.520 5.551 5.580 5.608 5.636 5.663 5.691 5.720 5.752 5.787 5.825 5.866 5.909 5.955 6.001 6.047 6.093 6.137 6.180 6.221 6.260 6.296 6.331
-99.000 -99.000 -99.000 -99.000 -99.000 -99.000 -99.000 1.648 1.670 1.770 1.969 2.243 2.557 2.874 3.168 3.421 3.631 3.801 3.936 4.046 4.137 4.215 4.283 4.346 4.405 4.461 4.514 4.565 4.616 4.667 4.716 4.764 4.812 4.860 4.906 4.953 4.998 5.044 5.089 5.133 5.177 5.220 5.263 5.304 5.346 5.386 5.424 5.462 5.497 5.531 5.562 5.592 5.620 5.647 5.673 5.698 5.725 5.754 5.785 5.819 5.857 5.897 5.940 5.985 6.031 6.076 6.121 6.165 6.208 6.249 6.288 6.326
-99.000 -99.000 -99.000 -99.000 -99.000 -99.000 1.647 1.652 1.700 1.843 2.078 2.374 2.694 3.005 3.285 3.522 3.715 3.870 3.994 4.095 4.179 4.251 4.316 4.376 4.432 4.486 4.537 4.587 4.637 4.685 4.733 4.780 4.827 4.873 4.919 4.964 5.009 5.053 5.097 5.141 5.184 5.227 5.270 5.311 5.352 5.393 5.432 5.470 5.507 5.540 5.573 5.604 5.633 5.659 5.685 5.709 5.733 5.758 5.785 5.815 5.849 5.886 5.926 5.968 6.012 6.056 6.101 6.146 6.189 6.232 6.274 6.314
-99.000 -99.000 -99.000 -99.000 -99.000 -99.000 1.648 1.663 1.747 1.931 2.197 2.508 2.829 3.131 3.395 3.616 3.794 3.936 4.049 4.141 4.219 4.288 4.349 4.407 4.460 4.512 4.561 4.610 4.658 4.705 4.751 4.797 4.842 4.887 4.931 4.975 5.019 5.062 5.106 5.148 5.191 5.234 5.276 5.317 5.358 5.399 5.439 5.478 5.515 5.550 5.583 5.616 5.645 5.673 5.698 5.721 5.743 5.766 5.789 5.815 5.843 5.876 5.911 5.950 5.991 6.034 6.077 6.122 6.166 6.211 6.254 6.297
-99.000 -99.000 -99.000 -99.000 -99.000 1.647 1.650 1.686 1.811 2.033 2.322 2.643 2.961 3.251 3.500 3.705 3.867 3.996 4.100 4.186 4.259 4.323 4.382 4.437 4.489 4.539 4.586 4.633 4.679 4.725 4.769 4.814 4.857 4.901 4.944 4.986 5.029 5.071 5.114 5.156 5.198 5.240 5.281 5.323 5.364 5.405 5.445 5.484 5.522 5.558 5.593 5.627 5.658 5.686 5.712 5.735 5.756 5.776 5.796 5.818 5.841 5.868 5.899 5.933 5.970 6.010 6.052 6.095 6.139 6.184 6.230 6.275
