TsunamiDB/out54044.asc
ncols          264
nrows          230
xllcorner      497853.4375
yllcorner      4229146.0000
cellsize         5.
NODATA_value   -99
[rows 0 to 31 of 230, columns 146 to 218 of 264]
3.286 3.471 3.618 3.737 3.835 3.918 3.991 4.057 4.116 4.172 4.225 4.275 4.323 4.370 4.414 4.457 4.500 4.541 4.582 4.623 4.663 4.703 4.743 4.783 4.822 4.861 4.900 4.939 4.977 5.015 5.051 5.087 5.121 5.156 5.190 5.223 5.256 5.288 5.320 5.351 5.382 5.413 5.443 5.473 5.503 5.533 5.562 5.592 5.620 5.649 5.678 5.706 5.735 5.763 5.790 5.817 5.844 5.872 5.899 5.925 5.952 5.978 6.003 6.028 6.052 6.075 6.097 6.118 6.137 6.155 6.172 6.187 6.200
3.375 3.542 3.676 3.784 3.875 3.954 4.024 4.087 4.145 4.200 4.252 4.301 4.348 4.393 4.436 4.479 4.520 4.560 4.600 4.639 4.678 4.716 4.755 4.793 4.831 4.869 4.907 4.945 4.982 5.019 5.055 5.090 5.124 5.159 5.193 5.226 5.259 5.292 5.324 5.355 5.386 5.417 5.448 5.478 5.508 5.538 5.568 5.597 5.626 5.655 5.684 5.713 5.741 5.770 5.797 5.824 5.852 5.879 5.907 5.934 5.961 5.988 6.014 6.039 6.064 6.089 6.112 6.134 6.156 6.176 6.195 6.212 6.227
3.455 3.606 3.728 3.828 3.913 3.988 4.055 4.117 4.173 4.226 4.277 4.326 4.372 4.416 4.459 4.500 4.540 4.579 4.618 4.656 4.693 4.731 4.768 4.805 4.841 4.878 4.915 4.951 4.988 5.024 5.059 5.094 5.128 5.162 5.196 5.229 5.262 5.294 5.326 5.358 5.390 5.421 5.451 5.482 5.512 5.542 5.572 5.602 5.631 5.660 5.689 5.718 5.747 5.775 5.803 5.830 5.858 5.886 5.914 5.942 5.969 5.996 6.023 6.049 6.075 6.100 6.125 6.149 6.172 6.194 6.214 6.234 6.251
3.527 3.664 3.775 3.868 3.948 4.020 4.085 4.145 4.200 4.252 4.303 4.350 4.396 4.439 4.481 4.522 4.561 4.599 4.637 4.673 4.710 4.746 4.782 4.817 4.853 4.888 4.924 4.959 4.994 5.029 5.064 5.097 5.131 5.164 5.198 5.231 5.264 5.296 5.328 5.360 5.392 5.423 5.454 5.485 5.515 5.545 5.575 5.605 5.634 5.664 5.693 5.722 5.751 5.780 5.808 5.835 5.864 5.892 5.920 5.948 5.976 6.003 6.031 6.057 6.084 6.110 6.136 6.161 6.185 6.209 6.231 6.252 6.273
3.592 3.716 3.819 3.905 3.982 4.050 4.113 4.172 4.226 4.277 4.327 4.374 4.419 4.462 4.503 4.543 4.582 4.619 4.656 4.692 4.727 4.762 4.797 4.831 4.865 4.900 4.934 4.968 5.002 5.035 5.069 5.102 5.134 5.167 5.200 5.233 5.265 5.297 5.329 5.361 5.393 5.424 5.455 5.486 5.516 5.547 5.577 5.607 5.637 5.667 5.696 5.725 5.754 5.783 5.811 5.839 5.868 5.896 5.925 5.953 5.981 6.009 6.037 6.064 6.091 6.118 6.145 6.171 6.196 6.221 6.245 6.268 6.290
3.650 3.764 3.859 3.940 4.013 4.079 4.140 4.198 4.251 4.301 4.350 4.397 4.441 4.484 4.525 4.564 4.602 4.639 4.675 4.710 4.745 4.779 4.813 4.846 4.879 4.912 4.945 4.978 5.011 5.043 5.076 5.107 5.139 5.171 5.203 5.235 5.267 5.298 5.330 5.361 5.393 5.424 5.455 5.486 5.517 5.547 5.578 5.608 5.638 5.668 5.698 5.727 5.757 5.786 5.814 5.842 5.871 5.900 5.929 5.957 5.986 6.014 6.042 6.070 6.098 6.125 6.152 6.179 6.205 6.231 6.257 6.281 6.305
3.703 3.807 3.896 3.973 4.043 4.107 4.166 4.222 4.275 4.324 4.373 4.419 4.463 4.505 4.545 4.584 4.622 4.659 4.694 4.729 4.763 4.797 4.830 4.862 4.895 4.927 4.958 4.990 5.021 5.053 5.084 5.115 5.145 5.176 5.207 5.238 5.269 5.300 5.330 5.361 5.392 5.423 5.454 5.485 5.516 5.546 5.577 5.608 5.638 5.668 5.698 5.728 5.758 5.787 5.816 5.844 5.874 5.903 5.932 5.960 5.989 6.018 6.046 6.074 6.102 6.130 6.158 6.185 6.212 6.239 6.266 6.292 6.317
3.750 3.847 3.930 4.004 4.070 4.133 4.191 4.246 4.297 4.346 4.394 4.440 4.483 4.525 4.565 4.604 4.642 4.678 4.713 4.748 4.781 4.815 4.847 4.879 4.911 4.942 4.973 5.004 5.034 5.064 5.094 5.124 5.153 5.182 5.212 5.242 5.272 5.301 5.331 5.361 5.392 5.422 5.452 5.483 5.514 5.544 5.575 5.606 5.636 5.667 5.698 5.728 5.758 5.788 5.816 5.845 5.875 5.904 5.933 5.962 5.991 6.020 6.049 6.077 6.106 6.134 6.162 6.190 6.218 6.246 6.273 6.300 6.327
3.794 3.884 3.962 4.032 4.097 4.157 4.214 4.268 4.319 4.367 4.414 4.460 4.503 4.544 4.584 4.623 4.660 4.696 4.732 4.766 4.800 4.832 4.865 4.896 4.928 4.958 4.989 5.019 5.048 5.078 5.107 5.135 5.163 5.191 5.219 5.248 5.276 5.305 5.333 5.362 5.391 5.421 5.450 5.480 5.511 5.541 5.572 5.603 5.634 5.665 5.695 5.726 5.757 5.786 5.815 5.845 5.875 5.904 5.934 5.963 5.993 6.022 6.051 6.080 6.108 6.137 6.165 6.194 6.222 6.251 6.279 6.307 6.334
3.834 3.918 3.993 4.060 4.122 4.181 4.236 4.289 4.339 4.387 4.434 4.478 4.521 4.563 4.602 4.641 4.678 4.714 4.749 4.784 4.817 4.850 4.882 4.914 4.945 4.975 5.005 5.035 5.064 5.092 5.121 5.148 5.175 5.202 5.229 5.256 5.283 5.310 5.337 5.364 5.392 5.420 5.449 5.478 5.507 5.537 5.568 5.599 5.629 5.661 5.692 5.723 5.754 5.783 5.813 5.843 5.873 5.904 5.933 5.963 5.993 6.022 6.051 6.081 6.110 6.139 6.168 6.196 6.225 6.254 6.283 6.312 6.340
3.872 3.951 4.021 4.086 4.146 4.203 4.257 4.309 4.358 4.405 4.452 4.496 4.538 4.579 4.619 4.658 4.695 4.731 4.766 4.801 4.834 4.868 4.900 4.931 4.962 4.993 5.023 5.052 5.080 5.109 5.136 5.162 5.189 5.215 5.241 5.266 5.292 5.317 5.343 5.368 5.394 5.421 5.448 5.476 5.504 5.533 5.563 5.593 5.624 5.655 5.686 5.718 5.749 5.779 5.809 5.840 5.871 5.901 5.932 5.962 5.992 6.021 6.051 6.081 6.110 6.139 6.168 6.198 6.227 6.256 6.286 6.315 6.344
3.907 3.981 4.049 4.111 4.169 4.225 4.278 4.329 4.377 4.423 4.468 4.512 4.554 4.595 4.635 4.673 4.710 4.747 4.782 4.817 4.851 4.884 4.917 4.949 4.980 5.010 5.040 5.069 5.098 5.126 5.153 5.178 5.204 5.230 5.255 5.279 5.304 5.327 5.351 5.375 5.399 5.424 5.449 5.475 5.502 5.529 5.558 5.588 5.618 5.649 5.680 5.711 5.743 5.774 5.804 5.835 5.867 5.897 5.928 5.959 5.989 6.019 6.049 6.079 6.109 6.139 6.168 6.198 6.228 6.257 6.287 6.317 6.347
3.940 4.011 4.075 4.135 4.192 4.246 4.297 4.347 4.394 4.440 4.485 4.528 4.570 4.610 4.649 4.688 4.725 4.762 4.798 4.833 4.867 4.900 4.933 4.965 4.997 5.027 5.057 5.086 5.115 5.143 5.170 5.195 5.221 5.246 5.271 5.294 5.318 5.340 5.363 5.385 5.407 5.429 5.452 5.476 5.501 5.527 5.554 5.582 5.611 5.642 5.672 5.704 5.736 5.767 5.797 5.829 5.861 5.892 5.923 5.955 5.985 6.016 6.046 6.077 6.107 6.137 6.167 6.197 6.227 6.257 6.288 6.318 6.349
3.971 4.039 4.101 4.159 4.214 4.266 4.316 4.365 4.411 4.456 4.500 4.542 4.584 4.624 4.663 4.702 4.739 4.776 4.812 4.847 4.882 4.916 4.949 4.981 5.013 5.043 5.074 5.103 5.132 5.160 5.187 5.212 5.238 5.263 5.288 5.311 5.334 5.356 5.377 5.397 5.418 5.438 5.459 5.481 5.503 5.527 5.552 5.578 5.606 5.635 5.665 5.696 5.727 5.758 5.789 5.821 5.853 5.885 5.917 5.949 5.980 6.011 6.042 6.073 6.103 6.134 6.164 6.195 6.225 6.256 6.287 6.318 6.350
4.001 4.066 4.126 4.182 4.235 4.286 4.335 4.383 4.427 4.472 4.515 4.557 4.597 4.637 4.676 4.715 4.752 4.789 4.826 4.861 4.896 4.930 4.963 4.996 5.028 5.059 5.089 5.119 5.148 5.177 5.203 5.229 5.256 5.281 5.305 5.329 5.351 5.373 5.393 5.413 5.432 5.451 5.470 5.489 5.509 5.530 5.552 5.576 5.601 5.629 5.657 5.687 5.718 5.749 5.780 5.812 5.844 5.877 5.909 5.941 5.973 6.005 6.036 6.067 6.098 6.129 6.160 6.191 6.223 6.254 6.285 6.317 6.349
4.031 4.093 4.150 4.205 4.256 4.306 4.354 4.399 4.443 4.487 4.529 4.571 4.611 4.650 4.689 4.727 4.765 4.802 4.839 4.874 4.909 4.943 4.977 5.009 5.041 5.073 5.104 5.134 5.163 5.192 5.219 5.246 5.272 5.298 5.323 5.346 5.369 5.391 5.411 5.430 5.449 5.467 5.484 5.501 5.519 5.537 5.556 5.577 5.600 5.625 5.651 5.679 5.709 5.739 5.769 5.802 5.834 5.867 5.899 5.932 5.964 5.997 6.029 6.060 6.092 6.124 6.155 6.187 6.219 6.250 6.283 6.315 6.347
4.059 4.119 4.175 4.227 4.278 4.326 4.372 4.417 4.460 4.502 4.544 4.584 4.624 4.663 4.702 4.740 4.778 4.815 4.851 4.887 4.922 4.956 4.989 5.022 5.054 5.086 5.117 5.147 5.177 5.207 5.234 5.261 5.288 5.314 5.340 5.364 5.387 5.409 5.430 5.449 5.468 5.485 5.501 5.517 5.532 5.548 5.565 5.583 5.602 5.624 5.648 5.673 5.701 5.730 5.759 5.791 5.823 5.856 5.888 5.921 5.954 5.987 6.019 6.052 6.084 6.116 6.149 6.181 6.213 6.246 6.278 6.311 6.344
4.088 4.145 4.199 4.250 4.299 4.346 4.391 4.434 4.476 4.518 4.559 4.599 4.638 4.677 4.715 4.753 4.790 4.827 4.863 4.898 4.933 4.967 5.001 5.034 5.066 5.098 5.129 5.160 5.190 5.220 5.248 5.275 5.303 5.329 5.355 5.380 5.404 5.427 5.448 5.468 5.487 5.504 5.520 5.535 5.550 5.564 5.578 5.593 5.609 5.627 5.648 5.671 5.696 5.722 5.750 5.780 5.812 5.844 5.877 5.910 5.943 5.976 6.009 6.042 6.075 6.108 6.141 6.173 6.206 6.240 6.273 6.307 6.340
4.115 4.171 4.223 4.273 4.321 4.366 4.411 4.453 4.494 4.535 4.574 4.614 4.652 4.691 4.728 4.766 4.803 4.839 4.875 4.910 4.944 4.978 5.011 5.044 5.076 5.108 5.140 5.171 5.201 5.231 5.260 5.288 5.316 5.343 5.370 5.395 5.420 5.444 5.466 5.487 5.506 5.524 5.541 5.556 5.570 5.582 5.595 5.607 5.621 5.636 5.653 5.672 5.694 5.717 5.743 5.771 5.801 5.832 5.864 5.897 5.930 5.964 5.997 6.030 6.064 6.097 6.131 6.165 6.198 6.232 6.266 6.301 6.335
4.143 4.197 4.248 4.296 4.343 4.387 4.431 4.472 4.512 4.552 4.591 4.630 4.668 4.705 4.743 4.779 4.816 4.851 4.886 4.921 4.955 4.989 5.021 5.054 5.086 5.118 5.149 5.180 5.211 5.241 5.270 5.298 5.327 5.355 5.382 5.409 5.434 5.459 5.482 5.504 5.525 5.544 5.561 5.577 5.591 5.604 5.615 5.626 5.637 5.649 5.663 5.678 5.696 5.716 5.738 5.764 5.792 5.821 5.852 5.885 5.917 5.951 5.984 6.018 6.052 6.086 6.120 6.154 6.189 6.223 6.258 6.293 6.329
4.171 4.223 4.273 4.320 4.366 4.409 4.452 4.492 4.531 4.570 4.609 4.647 4.684 4.721 4.757 4.794 4.829 4.864 4.898 4.932 4.966 4.999 5.031 5.063 5.095 5.127 5.158 5.189 5.220 5.250 5.279 5.308 5.337 5.365 5.393 5.420 5.447 5.472 5.497 5.520 5.542 5.562 5.581 5.598 5.613 5.626 5.638 5.648 5.658 5.667 5.678 5.689 5.704 5.719 5.738 5.760 5.785 5.813 5.842 5.873 5.905 5.937 5.971 6.005 6.039 6.073 6.108 6.143 6.178 6.213 6.249 6.285 6.321
4.199 4.250 4.298 4.345 4.389 4.432 4.473 4.513 4.551 4.590 4.628 4.665 4.702 4.738 4.773 4.809 4.843 4.877 4.911 4.944 4.976 5.009 5.041 5.072 5.104 5.135 5.166 5.197 5.227 5.258 5.287 5.316 5.345 5.374 5.402 5.430 5.457 5.483 5.509 5.533 5.556 5.578 5.598 5.617 5.633 5.648 5.660 5.671 5.680 5.689 5.697 5.706 5.716 5.728 5.743 5.761 5.783 5.807 5.834 5.862 5.893 5.925 5.957 5.991 6.025 6.060 6.095 6.130 6.166 6.202 6.238 6.275 6.311
4.226 4.276 4.324 4.369 4.413 4.455 4.496 4.535 4.573 4.611 4.648 4.684 4.720 4.756 4.790 4.825 4.858 4.891 4.924 4.956 4.988 5.019 5.050 5.081 5.112 5.143 5.173 5.204 5.234 5.264 5.293 5.322 5.352 5.381 5.410 5.438 5.465 5.493 5.519 5.544 5.569 5.592 5.614 5.634 5.652 5.668 5.682 5.694 5.704 5.712 5.720 5.727 5.734 5.742 5.753 5.767 5.784 5.805 5.828 5.854 5.883 5.913 5.945 5.978 6.011 6.046 6.081 6.117 6.153 6.189 6.226 6.263 6.301
4.254 4.303 4.350 4.395 4.438 4.479 4.520 4.558 4.595 4.633 4.669 4.705 4.740 4.775 4.809 4.842 4.875 4.907 4.938 4.969 5.000 5.030 5.061 5.091 5.121 5.151 5.180 5.210 5.240 5.270 5.299 5.328 5.357 5.386 5.415 5.444 5.472 5.500 5.527 5.553 5.579 5.603 5.626 5.648 5.668 5.686 5.702 5.716 5.727 5.736 5.744 5.750 5.755 5.761 5.768 5.778 5.791 5.808 5.827 5.850 5.876 5.904 5.934 5.965 5.998 6.032 6.067 6.103 6.139 6.176 6.213 6.251 6.289
4.282 4.330 4.376 4.420 4.463 4.504 4.544 4.582 4.619 4.655 4.691 4.727 4.761 4.795 4.828 4.860 4.892 4.923 4.954 4.984 5.013 5.043 5.072 5.101 5.130 5.159 5.188 5.217 5.246 5.275 5.304 5.332 5.361 5.391 5.420 5.448 5.477 5.505 5.533 5.560 5.587 5.612 5.637 5.660 5.681 5.701 5.719 5.735 5.748 5.759 5.767 5.774 5.779 5.782 5.787 5.794 5.803 5.815 5.831 5.850 5.872 5.897 5.925 5.955 5.986 6.020 6.054 6.089 6.125 6.162 6.199 6.237 6.275
4.310 4.358 4.403 4.447 4.489 4.529 4.569 4.606 4.643 4.679 4.715 4.749 4.783 4.816 4.848 4.880 4.911 4.941 4.970 5.000 5.028 5.057 5.085 5.113 5.140 5.168 5.196 5.224 5.252 5.281 5.308 5.336 5.365 5.394 5.423 5.452 5.481 5.509 5.537 5.565 5.592 5.619 5.644 5.669 5.692 5.713 5.733 5.751 5.766 5.779 5.789 5.797 5.802 5.805 5.809 5.814 5.820 5.828 5.840 5.854 5.873 5.894 5.919 5.947 5.976 6.008 6.041 6.076 6.111 6.148 6.185 6.223 6.261
4.338 4.385 4.430 4.473 4.514 4.555 4.594 4.631 4.667 4.703 4.738 4.772 4.806 4.838 4.870 4.901 4.931 4.960 4.989 5.017 5.045 5.072 5.099 5.126 5.152 5.179 5.205 5.232 5.259 5.286 5.313 5.340 5.368 5.397 5.425 5.454 5.483 5.511 5.540 5.568 5.596 5.623 5.649 5.675 5.699 5.723 5.744 5.764 5.781 5.796 5.808 5.818 5.824 5.828 5.832 5.835 5.839 5.845 5.853 5.864 5.878 5.896 5.917 5.942 5.969 5.999 6.031 6.064 6.099 6.134 6.171 6.209 6.247
4.366 4.412 4.456 4.499 4.541 4.580 4.619 4.656 4.692 4.728 4.762 4.796 4.829 4.861 4.892 4.922 4.952 4.980 5.008 5.036 5.063 5.089 5.115 5.140 5.166 5.191 5.217 5.242 5.268 5.293 5.319 5.345 5.372 5.400 5.427 5.456 5.484 5.513 5.541 5.570 5.598 5.625 5.653 5.679 5.705 5.729 5.752 5.773 5.792 5.809 5.824 5.836 5.844 5.850 5.854 5.858 5.861 5.864 5.869 5.877 5.888 5.902 5.920 5.941 5.965 5.992 6.022 6.054 6.087 6.122 6.158 6.195 6.233
4.393 4.439 4.483 4.526 4.567 4.606 4.645 4.681 4.717 4.752 4.787 4.820 4.852 4.884 4.915 4.945 4.974 5.002 5.029 5.056 5.082 5.108 5.133 5.157 5.182 5.206 5.230 5.254 5.278 5.302 5.326 5.351 5.376 5.403 5.430 5.457 5.485 5.513 5.541 5.570 5.598 5.626 5.654 5.681 5.707 5.733 5.757 5.779 5.800 5.819 5.836 5.850 5.860 5.868 5.874 5.879 5.882 5.885 5.889 5.894 5.902 5.912 5.926 5.944 5.965 5.989 6.016 6.046 6.078 6.111 6.146 6.182 6.219
4.421 4.466 4.510 4.552 4.592 4.632 4.670 4.706 4.741 4.777 4.811 4.844 4.876 4.907 4.938 4.967 4.996 5.024 5.051 5.078 5.103 5.128 5.152 5.176 5.200 5.223 5.245 5.268 5.291 5.313 5.334 5.358 5.382 5.407 5.433 5.459 5.486 5.513 5.541 5.569 5.598 5.626 5.654 5.681 5.708 5.734 5.759 5.783 5.805 5.825 5.844 5.860 5.873 5.883 5.891 5.897 5.902 5.906 5.909 5.913 5.918 5.926 5.937 5.951 5.969 5.990 6.014 6.041 6.071 6.103 6.136 6.171 6.207
4.448 4.493 4.536 4.578 4.618 4.657 4.695 4.730 4.766 4.801 4.834 4.867 4.899 4.930 4.961 4.990 5.019 5.047 5.074 5.100 5.125 5.150 5.174 5.197 5.220 5.242 5.263 5.285 5.306 5.326 5.346 5.368 5.390 5.413 5.437 5.462 5.488 5.514 5.541 5.568 5.596 5.624 5.652 5.680 5.707 5.734 5.759 5.784 5.807 5.829 5.849 5.867 5.882 5.894 5.905 5.913 5.920 5.925 5.929 5.932 5.937 5.943 5.951 5.962 5.977 5.995 6.016 6.040 6.067 6.097 6.129 6.162 6.197
4.475 4.519 4.562 4.603 4.643 4.682 4.719 4.754 4.790 4.824 4.858 4.890 4.922 4.953 4.983 5.013 5.041 5.069 5.096 5.122 5.148 5.172 5.196 5.219 5.241 5.263 5.284 5.304 5.324 5.342 5.361 5.381 5.401 5.422 5.444 5.467 5.491 5.516 5.541 5.568 5.595 5.622 5.650 5.678 5.705 5.732 5.758 5.783 5.807 5.830 5.852 5.871 5.888 5.902 5.915 5.926 5.934 5.941 5.947 5.951 5.956 5.961 5.968 5.977 5.989 6.003 6.022 6.043 6.067 6.095 6.124 6.156 6.190
