TsunamiDB/out54049.asc
ncols          264
nrows          230
xllcorner      497853.4375
yllcorner      4229146.0000
cellsize         5.
NODATA_value   -99
[rows 99 to 131 of 230, columns 73 to 145 of 264]
-99.000 -99.000 -99.000 -99.000 -99.000 -99.000 -99.000 -99.000 -99.000 -99.000 -99.000 1.647 1.652 1.698 1.837 2.066 2.353 2.658 2.950 3.205 3.417 3.587 3.723 3.833 3.925 4.005 4.075 4.140 4.199 4.255 4.307 4.356 4.404 4.449 4.493 4.534 4.575 4.614 4.651 4.688 4.724 4.758 4.793 4.826 4.860 4.893 4.925 4.958 4.991 5.023 5.056 5.088 5.121 5.153 5.185 5.218 5.252 5.285 5.319 5.352 5.386 5.420 5.453 5.486 5.519 5.551 5.582 5.612 5.640 5.668 5.693 5.717 5.739
-99.000 -99.000 -99.000 -99.000 -99.000 -99.000 -99.000 -99.000 -99.000 -99.000 -99.000 1.648 1.662 1.745 1.926 2.185 2.484 2.787 3.065 3.302 3.495 3.649 3.773 3.874 3.961 4.036 4.104 4.166 4.224 4.278 4.329 4.377 4.424 4.469 4.512 4.553 4.593 4.631 4.668 4.705 4.740 4.774 4.808 4.842 4.875 4.907 4.940 4.972 5.004 5.036 5.068 5.100 5.132 5.163 5.195 5.227 5.259 5.292 5.325 5.358 5.391 5.424 5.458 5.491 5.523 5.556 5.587 5.618 5.648 5.677 5.704 5.730 5.754
-99.000 -99.000 -99.000 -99.000 -99.000 -99.000 -99.000 -99.000 -99.000 -99.000 1.647 1.650 1.686 1.811 2.029 2.310 2.615 2.910 3.172 3.390 3.565 3.705 3.819 3.913 3.994 4.066 4.132 4.192 4.248 4.301 4.351 4.398 4.444 4.488 4.531 4.571 4.610 4.648 4.685 4.721 4.756 4.790 4.824 4.857 4.890 4.922 4.954 4.986 5.018 5.050 5.081 5.112 5.144 5.174 5.205 5.236 5.268 5.300 5.332 5.364 5.396 5.429 5.462 5.494 5.527 5.559 5.591 5.623 5.653 5.683 5.712 5.739 5.765
-99.000 -99.000 -99.000 -99.000 -99.000 -99.000 -99.000 -99.000 -99.000 -99.000 1.647 1.658 1.727 1.894 2.143 2.439 2.744 3.027 3.270 3.470 3.629 3.757 3.862 3.950 4.027 4.096 4.159 4.217 4.272 4.324 4.372 4.419 4.464 4.508 4.549 4.589 4.628 4.665 4.701 4.737 4.771 4.805 4.839 4.872 4.904 4.936 4.969 5.000 5.032 5.063 5.094 5.125 5.155 5.185 5.215 5.246 5.277 5.308 5.339 5.371 5.402 5.434 5.466 5.498 5.531 5.563 5.595 5.626 5.657 5.688 5.717 5.746 5.773
-99.000 -99.000 -99.000 -99.000 -99.000 -99.000 -99.000 -99.000 -99.000 -99.000 1.649 1.676 1.786 1.991 2.265 2.569 2.868 3.135 3.360 3.542 3.687 3.805 3.902 3.985 4.058 4.124 4.185 4.242 4.296 4.346 4.393 4.440 4.484 4.527 4.567 4.607 4.645 4.682 4.717 4.752 4.786 4.820 4.853 4.886 4.918 4.951 4.982 5.014 5.045 5.076 5.107 5.137 5.167 5.196 5.226 5.256 5.286 5.317 5.347 5.378 5.409 5.440 5.471 5.503 5.534 5.566 5.598 5.629 5.660 5.691 5.721 5.751 5.779
-99.000 -99.000 -99.000 -99.000 -99.000 -99.000 -99.000 -99.000 -99.000 1.647 1.654 1.710 1.862 2.101 2.392 2.698 2.986 3.236 3.443 3.608 3.741 3.849 3.939 4.018 4.088 4.152 4.211 4.266 4.319 4.368 4.415 4.460 4.504 4.545 4.586 4.624 4.662 4.698 4.733 4.768 4.801 4.835 4.868 4.900 4.933 4.964 4.996 5.027 5.058 5.089 5.119 5.149 5.178 5.207 5.237 5.266 5.296 5.326 5.356 5.386 5.416 5.446 5.477 5.508 5.539 5.570 5.601 5.632 5.663 5.694 5.724 5.754 5.783
-99.000 -99.000 -99.000 -99.000 -99.000 -99.000 -99.000 -99.000 -99.000 1.648 1.668 1.762 1.954 2.219 2.521 2.823 3.097 3.329 3.518 3.669 3.790 3.890 3.975 4.050 4.117 4.179 4.237 4.291 4.343 4.391 4.436 4.481 4.524 4.565 4.604 4.642 4.679 4.714 4.749 4.783 4.816 4.849 4.882 4.914 4.946 4.978 5.009 5.040 5.071 5.101 5.131 5.161 5.190 5.218 5.247 5.277 5.306 5.335 5.364 5.394 5.423 5.453 5.483 5.513 5.543 5.574 5.604 5.635 5.666 5.696 5.727 5.757 5.786
-99.000 -99.000 -99.000 -99.000 -99.000 -99.000 -99.000 -99.000 1.647 1.651 1.695 1.832 2.059 2.344 2.650 2.943 3.201 3.415 3.587 3.725 3.836 3.930 4.010 4.081 4.146 4.206 4.262 4.315 4.366 4.413 4.458 4.502 4.544 4.584 4.622 4.660 4.696 4.731 4.765 4.799 4.832 4.864 4.896 4.928 4.960 4.991 5.022 5.053 5.083 5.113 5.143 5.173 5.201 5.229 5.258 5.287 5.316 5.345 5.373 5.402 5.431 5.461 5.490 5.519 5.549 5.579 5.609 5.639 5.669 5.699 5.730 5.760 5.789
-99.000 -99.000 -99.000 -99.000 -99.000 -99.000 -99.000 -99.000 1.647 1.661 1.740 1.918 2.174 2.472 2.777 3.057 3.297 3.493 3.650 3.776 3.879 3.967 4.043 4.112 4.174 4.233 4.288 4.340 4.389 4.435 4.479 4.523 4.564 4.603 4.641 4.678 4.713 4.748 4.781 4.814 4.847 4.879 4.911 4.943 4.974 5.005 5.035 5.065 5.095 5.125 5.155 5.184 5.212 5.240 5.269 5.297 5.326 5.354 5.383 5.411 5.440 5.468 5.497 5.526 5.555 5.585 5.614 5.644 5.673 5.703 5.733 5.763 5.792
-99.000 -99.000 -99.000 -99.000 -99.000 -99.000 -99.000 1.647 1.650 1.683 1.804 2.018 2.297 2.602 2.899 3.164 3.385 3.565 3.708 3.824 3.920 4.002 4.075 4.141 4.202 4.259 4.313 4.364 4.412 4.458 4.501 4.544 4.584 4.623 4.661 4.697 4.732 4.765 4.799 4.831 4.863 4.895 4.926 4.957 4.988 5.018 5.048 5.078 5.107 5.137 5.166 5.195 5.223 5.250 5.279 5.307 5.335 5.364 5.392 5.420 5.448 5.476 5.505 5.533 5.562 5.591 5.620 5.649 5.678 5.708 5.737 5.767 5.796
-99.000 -99.000 -99.000 -99.000 -99.000 -99.000 -99.000 1.647 1.656 1.721 1.884 2.130 2.424 2.730 3.016 3.263 3.467 3.630 3.761 3.868 3.958 4.036 4.106 4.170 4.229 4.285 4.338 4.388 4.436 4.480 4.523 4.565 4.605 4.644 4.680 4.716 4.750 4.784 4.816 4.848 4.880 4.911 4.942 4.972 5.002 5.032 5.061 5.090 5.119 5.148 5.177 5.205 5.233 5.260 5.289 5.317 5.345 5.373 5.401 5.429 5.457 5.485 5.513 5.541 5.569 5.597 5.626 5.655 5.684 5.713 5.742 5.771 5.800
-99.000 -99.000 -99.000 -99.000 -99.000 -99.000 -99.000 1.648 1.673 1.778 1.979 2.250 2.554 2.854 3.126 3.355 3.541 3.690 3.810 3.909 3.994 4.069 4.136 4.198 4.256 4.311 4.363 4.412 4.459 4.503 4.545 4.587 4.626 4.664 4.701 4.736 4.770 4.803 4.835 4.866 4.897 4.928 4.958 4.988 5.017 5.046 5.074 5.103 5.131 5.159 5.187 5.216 5.243 5.270 5.298 5.326 5.354 5.382 5.409 5.437 5.465 5.493 5.520 5.548 5.576 5.604 5.632 5.661 5.689 5.718 5.747 5.776 5.805
-99.000 -99.000 -99.000 -99.000 -99.000 -99.000 1.647 1.653 1.705 1.852 2.087 2.376 2.683 2.974 3.229 3.440 3.609 3.745 3.856 3.948 4.029 4.100 4.165 4.225 4.282 4.336 4.387 4.436 4.482 4.526 4.568 4.609 4.648 4.685 4.721 4.756 4.790 4.823 4.854 4.886 4.916 4.946 4.975 5.004 5.032 5.060 5.088 5.116 5.143 5.171 5.198 5.226 5.253 5.280 5.307 5.335 5.363 5.390 5.418 5.445 5.473 5.500 5.528 5.556 5.583 5.611 5.639 5.667 5.695 5.724 5.752 5.781 5.810
-99.000 -99.000 -99.000 -99.000 -99.000 -99.000 1.648 1.666 1.755 1.942 2.205 2.506 2.810 3.087 3.324 3.517 3.671 3.796 3.898 3.985 4.061 4.130 4.193 4.252 4.308 4.360 4.411 4.459 4.505 4.548 4.590 4.630 4.669 4.707 4.742 4.777 4.811 4.843 4.875 4.905 4.936 4.965 4.993 5.021 5.049 5.076 5.103 5.129 5.156 5.183 5.210 5.237 5.263 5.289 5.316 5.344 5.371 5.398 5.426 5.453 5.481 5.508 5.535 5.563 5.590 5.618 5.646 5.674 5.702 5.730 5.758 5.787 5.815
-99.000 -99.000 -99.000 -99.000 -99.000 1.648 1.651 1.692 1.823 2.046 2.330 2.636 2.932 3.193 3.411 3.587 3.728 3.842 3.938 4.020 4.093 4.159 4.220 4.278 4.332 4.384 4.434 4.482 4.527 4.570 4.611 4.652 4.690 4.728 4.764 4.798 4.832 4.864 4.896 4.926 4.956 4.985 5.013 5.040 5.067 5.093 5.118 5.144 5.170 5.195 5.221 5.247 5.273 5.299 5.325 5.352 5.379 5.406 5.434 5.461 5.488 5.515 5.542 5.570 5.597 5.625 5.652 5.680 5.708 5.736 5.764 5.792 5.821
-99.000 -99.000 -99.000 -99.000 -99.000 1.648 1.660 1.735 1.908 2.161 2.459 2.764 3.048 3.291 3.491 3.651 3.780 3.886 3.975 4.053 4.122 4.186 4.246 4.303 4.356 4.408 4.457 4.504 4.549 4.592 4.633 4.673 4.712 4.749 4.785 4.820 4.853 4.886 4.917 4.948 4.977 5.006 5.033 5.060 5.086 5.111 5.136 5.160 5.185 5.209 5.234 5.259 5.284 5.308 5.334 5.361 5.387 5.414 5.441 5.468 5.495 5.522 5.549 5.576 5.604 5.631 5.658 5.686 5.714 5.741 5.770 5.798 5.826
-99.000 -99.000 -99.000 -99.000 1.648 1.650 1.680 1.796 2.007 2.284 2.590 2.889 3.157 3.382 3.564 3.710 3.828 3.926 4.010 4.084 4.151 4.213 4.271 4.327 4.380 4.430 4.479 4.525 4.570 4.612 4.653 4.694 4.732 4.770 4.806 4.841 4.875 4.907 4.939 4.969 4.999 5.027 5.055 5.081 5.106 5.131 5.154 5.178 5.201 5.224 5.248 5.272 5.295 5.319 5.344 5.370 5.395 5.422 5.448 5.475 5.502 5.529 5.556 5.583 5.610 5.637 5.664 5.692 5.719 5.747 5.775 5.803 5.831
-99.000 -99.000 -99.000 -99.000 1.648 1.656 1.717 1.876 2.119 2.412 2.719 3.007 3.258 3.465 3.631 3.764 3.872 3.964 4.043 4.113 4.178 4.239 4.296 4.350 4.402 4.452 4.500 4.546 4.591 4.633 4.674 4.714 4.753 4.790 4.826 4.861 4.896 4.929 4.961 4.991 5.021 5.050 5.077 5.103 5.128 5.152 5.175 5.197 5.219 5.241 5.263 5.286 5.308 5.331 5.354 5.379 5.404 5.429 5.455 5.482 5.508 5.535 5.562 5.588 5.615 5.643 5.670 5.697 5.725 5.752 5.780 5.808 5.837
-99.000 -99.000 -99.000 -99.000 1.649 1.672 1.772 1.970 2.239 2.543 2.845 3.119 3.351 3.540 3.691 3.813 3.913 3.999 4.074 4.142 4.205 4.264 4.319 4.373 4.424 4.473 4.520 4.566 4.610 4.652 4.693 4.733 4.772 4.810 4.846 4.882 4.916 4.950 4.982 5.013 5.043 5.072 5.099 5.125 5.150 5.174 5.196 5.218 5.239 5.260 5.281 5.302 5.322 5.344 5.366 5.389 5.413 5.438 5.463 5.488 5.514 5.541 5.567 5.594 5.621 5.648 5.675 5.702 5.730 5.757 5.785 5.813 5.842
-99.000 -99.000 -99.000 1.648 1.653 1.703 1.845 2.078 2.366 2.673 2.966 3.224 3.437 3.609 3.747 3.859 3.952 4.032 4.104 4.170 4.230 4.288 4.342 4.395 4.445 4.493 4.540 4.586 4.629 4.671 4.712 4.752 4.791 4.829 4.865 4.901 4.936 4.970 5.003 5.034 5.065 5.094 5.122 5.148 5.173 5.197 5.219 5.240 5.261 5.281 5.300 5.320 5.339 5.358 5.379 5.401 5.423 5.447 5.471 5.495 5.521 5.547 5.573 5.599 5.626 5.653 5.680 5.707 5.735 5.762 5.790 5.818 5.846
-99.000 -99.000 -99.000 1.649 1.665 1.751 1.935 2.196 2.497 2.801 3.081 3.320 3.516 3.672 3.798 3.901 3.988 4.065 4.133 4.196 4.255 4.311 4.365 4.416 4.466 4.513 4.560 4.604 4.648 4.689 4.730 4.770 4.809 4.847 4.884 4.920 4.955 4.989 5.023 5.055 5.086 5.116 5.144 5.171 5.196 5.220 5.243 5.264 5.284 5.303 5.322 5.340 5.357 5.375 5.395 5.414 5.435 5.457 5.480 5.503 5.528 5.553 5.578 5.605 5.631 5.658 5.685 5.712 5.739 5.767 5.794 5.822 5.851
-99.000 -99.000 1.648 1.651 1.690 1.818 2.038 2.321 2.628 2.925 3.189 3.409 3.587 3.730 3.845 3.941 4.023 4.095 4.161 4.222 4.280 4.334 4.387 4.437 4.486 4.533 4.578 4.623 4.665 4.706 4.747 4.787 4.826 4.864 4.901 4.937 4.973 5.008 5.041 5.074 5.106 5.136 5.165 5.193 5.219 5.244 5.267 5.288 5.308 5.328 5.346 5.362 5.378 5.395 5.412 5.430 5.449 5.469 5.490 5.512 5.535 5.559 5.584 5.610 5.636 5.662 5.689 5.716 5.743 5.771 5.799 5.827 5.855
-99.000 -99.000 1.648 1.660 1.732 1.901 2.153 2.451 2.757 3.042 3.289 3.491 3.653 3.783 3.889 3.978 4.056 4.125 4.189 4.248 4.304 4.357 4.408 4.458 4.505 4.552 4.597 4.640 4.683 4.723 4.764 4.803 4.842 4.880 4.917 4.954 4.990 5.025 5.059 5.093 5.125 5.156 5.186 5.214 5.241 5.266 5.290 5.312 5.333 5.352 5.370 5.387 5.402 5.417 5.433 5.449 5.465 5.483 5.502 5.522 5.544 5.567 5.591 5.615 5.641 5.667 5.693 5.720 5.747 5.775 5.802 5.830 5.859
-99.000 1.648 1.650 1.680 1.793 2.001 2.276 2.582 2.883 3.153 3.381 3.566 3.713 3.832 3.930 4.014 4.088 4.154 4.216 4.273 4.328 4.380 4.430 4.478 4.525 4.570 4.615 4.658 4.699 4.739 4.780 4.819 4.858 4.896 4.933 4.970 5.006 5.041 5.076 5.110 5.142 5.174 5.205 5.234 5.262 5.288 5.313 5.336 5.358 5.378 5.396 5.412 5.426 5.441 5.456 5.470 5.485 5.500 5.517 5.535 5.554 5.575 5.598 5.621 5.646 5.671 5.697 5.724 5.751 5.778 5.806 5.834 5.862
-99.000 1.648 1.656 1.716 1.872 2.112 2.406 2.713 3.004 3.257 3.466 3.634 3.769 3.878 3.970 4.048 4.119 4.183 4.242 4.298 4.351 4.402 4.451 4.499 4.544 4.589 4.633 4.675 4.715 4.755 4.795 4.834 4.873 4.910 4.948 4.984 5.021 5.056 5.091 5.125 5.159 5.191 5.222 5.253 5.281 5.309 5.335 5.359 5.382 5.402 5.422 5.438 5.453 5.467 5.481 5.494 5.507 5.520 5.535 5.550 5.567 5.586 5.607 5.629 5.652 5.676 5.702 5.728 5.754 5.782 5.809 5.837 5.865
-99.000 1.649 1.671 1.770 1.967 2.234 2.538 2.842 3.118 3.353 3.544 3.697 3.820 3.921 4.007 4.082 4.149 4.211 4.268 4.323 4.375 4.425 4.473 4.519 4.564 4.608 4.650 4.692 4.732 4.771 4.810 4.849 4.887 4.924 4.962 4.998 5.035 5.070 5.106 5.140 5.174 5.207 5.239 5.269 5.299 5.328 5.355 5.380 5.404 5.426 5.446 5.464 5.479 5.494 5.508 5.520 5.532 5.543 5.556 5.569 5.583 5.599 5.618 5.637 5.659 5.682 5.707 5.732 5.758 5.785 5.812 5.840 5.868
1.648 1.653 1.702 1.844 2.075 2.363 2.671 2.966 3.225 3.441 3.615 3.755 3.868 3.962 4.042 4.114 4.179 4.238 4.295 4.348 4.399 4.447 4.494 4.540 4.584 4.626 4.668 4.709 4.748 4.787 4.825 4.863 4.901 4.938 4.975 5.012 5.048 5.084 5.119 5.154 5.188 5.221 5.253 5.285 5.315 5.345 5.373 5.400 5.425 5.448 5.470 5.489 5.506 5.521 5.535 5.548 5.559 5.569 5.580 5.591 5.602 5.616 5.631 5.649 5.668 5.689 5.712 5.737 5.762 5.788 5.815 5.843 5.871
1.649 1.665 1.751 1.934 2.195 2.496 2.802 3.083 3.325 3.522 3.681 3.808 3.912 4.000 4.077 4.145 4.208 4.266 4.321 4.373 4.422 4.470 4.516 4.560 4.603 4.645 4.686 4.726 4.765 4.802 4.840 4.878 4.915 4.952 4.988 5.024 5.060 5.096 5.131 5.166 5.200 5.234 5.267 5.299 5.330 5.360 5.389 5.417 5.444 5.469 5.492 5.512 5.531 5.548 5.563 5.576 5.587 5.597 5.607 5.616 5.625 5.636 5.648 5.663 5.680 5.699 5.720 5.742 5.767 5.792 5.819 5.846 5.874
1.651 1.690 1.819 2.040 2.324 2.630 2.929 3.194 3.417 3.597 3.741 3.857 3.954 4.037 4.110 4.176 4.236 4.293 4.347 4.397 4.446 4.493 4.538 4.581 4.624 4.665 4.705 4.744 4.781 4.818 4.856 4.892 4.929 4.965 5.001 5.037 5.072 5.108 5.143 5.177 5.212 5.245 5.278 5.311 5.343 5.374 5.404 5.433 5.461 5.487 5.512 5.534 5.554 5.573 5.589 5.604 5.616 5.627 5.636 5.644 5.651 5.660 5.669 5.681 5.694 5.710 5.729 5.750 5.772 5.797 5.822 5.849 5.877
1.660 1.734 1.906 2.159 2.457 2.764 3.050 3.297 3.501 3.665 3.796 3.903 3.994 4.072 4.142 4.206 4.265 4.320 4.372 4.422 4.470 4.516 4.560 4.603 4.644 4.684 4.724 4.762 4.799 4.835 4.871 4.907 4.943 4.979 5.014 5.049 5.084 5.119 5.154 5.188 5.222 5.256 5.289 5.322 5.354 5.386 5.416 5.446 5.475 5.503 5.529 5.553 5.575 5.596 5.614 5.630 5.644 5.656 5.665 5.673 5.680 5.687 5.694 5.702 5.713 5.726 5.741 5.759 5.780 5.803 5.827 5.853 5.880
1.681 1.798 2.009 2.286 2.593 2.894 3.164 3.393 3.578 3.727 3.847 3.946 4.031 4.106 4.173 4.235 4.292 4.346 4.398 4.447 4.493 4.539 4.582 4.624 4.665 4.704 4.743 4.781 4.817 4.852 4.888 4.923 4.958 4.993 5.028 5.062 5.097 5.131 5.165 5.199 5.232 5.266 5.299 5.332 5.364 5.396 5.427 5.458 5.488 5.517 5.545 5.570 5.593 5.616 5.637 5.655 5.671 5.684 5.695 5.704 5.711 5.717 5.722 5.728 5.735 5.745 5.757 5.772 5.790 5.810 5.833 5.857 5.883
1.720 1.881 2.126 2.421 2.729 3.018 3.271 3.480 3.648 3.783 3.894 3.987 4.067 4.138 4.203 4.263 4.319 4.372 4.423 4.471 4.517 4.561 4.604 4.645 4.685 4.724 4.762 4.800 4.835 4.870 4.905 4.940 4.974 5.008 5.042 5.076 5.109 5.143 5.176 5.209 5.242 5.275 5.308 5.341 5.373 5.405 5.437 5.468 5.499 5.529 5.558 5.584 5.609 5.634 5.656 5.677 5.695 5.711 5.723 5.734 5.742 5.748 5.753 5.757 5.762 5.768 5.777 5.789 5.803 5.821 5.841 5.863 5.888
1.779 1.981 2.253 2.558 2.862 3.136 3.369 3.559 3.712 3.836 3.938 4.024 4.101 4.169 4.232 4.291 4.346 4.398 4.447 4.495 4.540 4.584 4.626 4.667 4.706 4.745 4.782 4.819 4.854 4.888 4.923 4.957 4.991 5.024 5.057 5.090 5.122 5.155 5.187 5.219 5.252 5.284 5.316 5.349 5.381 5.413 5.445 5.477 5.508 5.539 5.568 5.596 5.623 5.649 5.673 5.696 5.716 5.734 5.750 5.762 5.772 5.779 5.785 5.788 5.792 5.796 5.801 5.809 5.820 5.834 5.851 5.872 5.894
