TsunamiDB/out54031.asc
ncols          264
nrows          230
xllcorner      497853.4375
yllcorner      4229146.0000
cellsize         5.
NODATA_value   -99
[rows 32 to 63 of 230, columns 144 to 215 of 264]
-99.000 -99.000 -99.000 -99.000 -99.000 -99.000 -99.000 -99.000 1.644 1.650 1.701 1.846 2.082 2.377 2.696 3.007 3.288 3.526 3.723 3.883 4.013 4.121 4.212 4.292 4.363 4.427 4.485 4.540 4.590 4.638 4.683 4.726 4.767 4.807 4.846 4.884 4.921 4.957 4.992 5.025 5.057 5.088 5.117 5.145 5.171 5.196 5.219 5.240 5.260 5.278 5.296 5.312 5.329 5.346 5.362 5.380 5.400 5.421 5.445 5.470 5.497 5.526 5.556 5.587 5.619 5.653 5.688 5.723 5.759 5.797 5.835 5.874
-99.000 -99.000 -99.000 -99.000 -99.000 -99.000 -99.000 -99.000 1.644 1.658 1.735 1.911 2.168 2.475 2.794 3.098 3.366 3.592 3.776 3.927 4.051 4.154 4.243 4.322 4.391 4.455 4.513 4.567 4.618 4.665 4.710 4.753 4.793 4.834 4.873 4.911 4.948 4.984 5.019 5.053 5.086 5.117 5.147 5.176 5.202 5.228 5.251 5.273 5.293 5.311 5.328 5.343 5.358 5.373 5.387 5.401 5.418 5.436 5.457 5.480 5.504 5.531 5.560 5.590 5.622 5.655 5.690 5.725 5.762 5.799 5.838 5.877
-99.000 -99.000 -99.000 -99.000 -99.000 -99.000 -99.000 -99.000 1.646 1.673 1.780 1.985 2.262 2.576 2.893 3.186 3.440 3.652 3.825 3.967 4.085 4.185 4.272 4.349 4.418 4.481 4.540 4.594 4.644 4.691 4.736 4.778 4.819 4.860 4.899 4.937 4.974 5.011 5.046 5.080 5.114 5.145 5.176 5.205 5.233 5.259 5.284 5.306 5.327 5.346 5.362 5.378 5.391 5.404 5.416 5.428 5.441 5.457 5.474 5.493 5.516 5.540 5.567 5.596 5.627 5.660 5.694 5.730 5.766 5.804 5.843 5.883
-99.000 -99.000 -99.000 -99.000 -99.000 -99.000 -99.000 1.645 1.649 1.697 1.838 2.070 2.363 2.680 2.991 3.271 3.510 3.708 3.870 4.004 4.116 4.213 4.298 4.374 4.443 4.506 4.564 4.618 4.669 4.716 4.761 4.803 4.844 4.885 4.924 4.962 5.000 5.037 5.072 5.107 5.140 5.173 5.204 5.234 5.263 5.291 5.316 5.340 5.362 5.381 5.399 5.414 5.428 5.440 5.450 5.459 5.470 5.482 5.496 5.512 5.531 5.553 5.578 5.605 5.635 5.667 5.701 5.736 5.773 5.811 5.851 5.891
-99.000 -99.000 -99.000 -99.000 -99.000 -99.000 -99.000 1.645 1.657 1.734 1.908 2.165 2.469 2.787 3.087 3.353 3.576 3.760 3.911 4.037 4.145 4.238 4.322 4.397 4.466 4.529 4.587 4.641 4.692 4.740 4.785 4.827 4.868 4.909 4.949 4.987 5.025 5.061 5.097 5.132 5.166 5.199 5.231 5.262 5.292 5.321 5.348 5.373 5.396 5.417 5.436 5.452 5.466 5.478 5.487 5.495 5.504 5.513 5.523 5.536 5.552 5.570 5.592 5.618 5.646 5.677 5.710 5.745 5.782 5.820 5.860 5.901
-99.000 -99.000 -99.000 -99.000 -99.000 -99.000 -99.000 1.647 1.674 1.784 1.991 2.268 2.580 2.893 3.181 3.430 3.638 3.808 3.949 4.068 4.170 4.261 4.343 4.417 4.486 4.549 4.608 4.663 4.714 4.762 4.808 4.850 4.892 4.933 4.972 5.011 5.048 5.085 5.121 5.156 5.191 5.224 5.257 5.289 5.320 5.349 5.378 5.404 5.429 5.452 5.472 5.490 5.505 5.518 5.528 5.536 5.543 5.550 5.557 5.566 5.578 5.593 5.611 5.634 5.660 5.689 5.721 5.756 5.792 5.830 5.870 5.912
-99.000 -99.000 -99.000 -99.000 -99.000 -99.000 -99.000 1.651 1.702 1.849 2.086 2.379 2.695 2.999 3.272 3.504 3.695 3.852 3.983 4.095 4.193 4.281 4.361 4.436 4.504 4.568 4.627 4.682 4.734 4.783 4.829 4.872 4.914 4.955 4.995 5.034 5.071 5.108 5.144 5.179 5.214 5.248 5.281 5.314 5.346 5.376 5.406 5.434 5.460 5.485 5.507 5.527 5.545 5.559 5.570 5.579 5.586 5.591 5.596 5.602 5.610 5.621 5.636 5.655 5.678 5.705 5.735 5.768 5.804 5.842 5.882 5.924
-99.000 -99.000 -99.000 -99.000 -99.000 -99.000 1.646 1.662 1.746 1.929 2.191 2.497 2.810 3.103 3.359 3.572 3.748 3.892 4.014 4.120 4.214 4.299 4.378 4.451 4.520 4.584 4.644 4.700 4.752 4.802 4.849 4.893 4.935 4.977 5.017 5.055 5.093 5.130 5.166 5.201 5.236 5.270 5.304 5.337 5.370 5.401 5.432 5.462 5.490 5.516 5.541 5.563 5.583 5.600 5.613 5.623 5.631 5.637 5.641 5.644 5.649 5.656 5.666 5.681 5.700 5.724 5.752 5.784 5.819 5.856 5.896 5.938
-99.000 -99.000 -99.000 -99.000 -99.000 1.645 1.648 1.683 1.806 2.023 2.306 2.618 2.925 3.203 3.441 3.637 3.797 3.930 4.043 4.143 4.233 4.315 4.393 4.465 4.534 4.598 4.658 4.715 4.769 4.819 4.867 4.912 4.955 4.997 5.037 5.076 5.114 5.151 5.187 5.222 5.257 5.291 5.325 5.359 5.392 5.425 5.456 5.487 5.517 5.545 5.572 5.597 5.619 5.638 5.654 5.667 5.677 5.684 5.688 5.691 5.693 5.697 5.703 5.713 5.728 5.748 5.773 5.802 5.835 5.872 5.911 5.953
-99.000 -99.000 -99.000 -99.000 -99.000 1.645 1.655 1.720 1.882 2.129 2.427 2.740 3.037 3.298 3.517 3.696 3.843 3.965 4.071 4.164 4.250 4.330 4.406 4.477 4.545 4.610 4.671 4.729 4.783 4.835 4.884 4.930 4.974 5.016 5.057 5.096 5.134 5.170 5.206 5.242 5.276 5.311 5.345 5.379 5.413 5.446 5.479 5.511 5.542 5.572 5.600 5.627 5.652 5.674 5.693 5.709 5.722 5.731 5.738 5.741 5.743 5.744 5.747 5.753 5.763 5.778 5.799 5.825 5.855 5.890 5.928 5.969
-99.000 -99.000 -99.000 -99.000 -99.000 1.646 1.670 1.774 1.973 2.245 2.553 2.862 3.146 3.389 3.589 3.752 3.886 3.998 4.097 4.185 4.267 4.344 4.418 4.488 4.556 4.620 4.682 4.740 4.796 4.849 4.899 4.946 4.991 5.034 5.075 5.114 5.152 5.189 5.225 5.260 5.295 5.330 5.364 5.398 5.432 5.466 5.499 5.532 5.564 5.596 5.626 5.655 5.683 5.707 5.728 5.748 5.765 5.777 5.786 5.792 5.794 5.795 5.796 5.799 5.804 5.815 5.831 5.853 5.879 5.911 5.947 5.987
-99.000 -99.000 -99.000 -99.000 1.645 1.651 1.701 1.845 2.078 2.369 2.682 2.982 3.249 3.473 3.656 3.804 3.926 4.030 4.122 4.206 4.283 4.358 4.429 4.498 4.564 4.629 4.691 4.750 4.807 4.861 4.913 4.961 5.007 5.051 5.092 5.132 5.170 5.206 5.242 5.278 5.312 5.347 5.381 5.416 5.450 5.484 5.518 5.551 5.585 5.617 5.649 5.680 5.710 5.736 5.761 5.784 5.804 5.821 5.833 5.842 5.847 5.849 5.849 5.850 5.852 5.858 5.869 5.886 5.909 5.937 5.970 6.007
-99.000 -99.000 -99.000 -99.000 1.646 1.662 1.749 1.934 2.195 2.499 2.810 3.097 3.346 3.551 3.718 3.853 3.965 4.061 4.147 4.226 4.300 4.371 4.440 4.507 4.573 4.636 4.698 4.758 4.816 4.872 4.925 4.974 5.021 5.066 5.108 5.148 5.186 5.223 5.259 5.294 5.329 5.363 5.398 5.432 5.466 5.500 5.535 5.569 5.603 5.637 5.670 5.702 5.734 5.763 5.790 5.816 5.840 5.860 5.876 5.889 5.897 5.902 5.904 5.904 5.905 5.908 5.915 5.927 5.944 5.968 5.997 6.031
-99.000 -99.000 -99.000 1.645 1.648 1.687 1.816 2.037 2.321 2.632 2.935 3.207 3.437 3.624 3.775 3.898 4.001 4.091 4.172 4.246 4.317 4.385 4.452 4.517 4.580 4.643 4.705 4.765 4.824 4.881 4.934 4.984 5.033 5.079 5.122 5.163 5.202 5.239 5.275 5.310 5.345 5.379 5.413 5.447 5.481 5.516 5.550 5.585 5.619 5.654 5.688 5.722 5.755 5.786 5.816 5.844 5.871 5.895 5.915 5.931 5.944 5.952 5.957 5.959 5.960 5.962 5.966 5.973 5.986 6.005 6.029 6.059
-99.000 -99.000 -99.000 1.645 1.657 1.730 1.901 2.154 2.453 2.764 3.056 3.310 3.521 3.691 3.828 3.941 4.036 4.120 4.196 4.267 4.335 4.400 4.464 4.526 4.588 4.650 4.711 4.771 4.830 4.887 4.941 4.993 5.044 5.091 5.135 5.177 5.216 5.254 5.290 5.325 5.360 5.394 5.427 5.461 5.495 5.529 5.564 5.599 5.634 5.669 5.704 5.739 5.774 5.806 5.838 5.869 5.898 5.925 5.949 5.969 5.986 5.999 6.008 6.013 6.016 6.018 6.021 6.026 6.034 6.048 6.068 6.093
-99.000 -99.000 1.645 1.647 1.677 1.792 2.003 2.281 2.589 2.894 3.171 3.406 3.597 3.752 3.877 3.980 4.069 4.148 4.220 4.288 4.352 4.415 4.476 4.537 4.597 4.657 4.717 4.776 4.835 4.893 4.948 5.001 5.052 5.100 5.145 5.188 5.229 5.267 5.304 5.340 5.374 5.408 5.441 5.474 5.508 5.542 5.577 5.611 5.647 5.682 5.718 5.754 5.790 5.824 5.857 5.890 5.922 5.951 5.978 6.002 6.023 6.040 6.053 6.063 6.070 6.074 6.078 6.082 6.088 6.097 6.112 6.133
-99.000 -99.000 1.645 1.653 1.715 1.874 2.118 2.415 2.725 3.020 3.279 3.494 3.667 3.807 3.921 4.017 4.100 4.175 4.244 4.309 4.371 4.431 4.490 4.548 4.607 4.665 4.723 4.782 4.840 4.897 4.952 5.006 5.058 5.107 5.154 5.198 5.240 5.280 5.317 5.353 5.387 5.421 5.454 5.487 5.520 5.554 5.588 5.623 5.658 5.694 5.730 5.767 5.803 5.839 5.873 5.908 5.942 5.974 6.003 6.031 6.055 6.076 6.094 6.108 6.119 6.127 6.133 6.138 6.144 6.151 6.162 6.178
-99.000 -99.000 1.646 1.670 1.773 1.973 2.245 2.552 2.859 3.139 3.378 3.574 3.731 3.858 3.963 4.052 4.130 4.201 4.267 4.329 4.389 4.447 4.504 4.561 4.617 4.674 4.731 4.788 4.845 4.902 4.956 5.010 5.062 5.112 5.160 5.206 5.249 5.290 5.328 5.365 5.400 5.434 5.466 5.499 5.532 5.565 5.598 5.633 5.668 5.704 5.740 5.777 5.815 5.851 5.887 5.923 5.958 5.992 6.024 6.054 6.082 6.107 6.129 6.147 6.163 6.175 6.185 6.193 6.200 6.207 6.216 6.229
-99.000 1.645 1.651 1.704 1.851 2.088 2.380 2.690 2.988 3.250 3.469 3.646 3.788 3.904 4.000 4.084 4.158 4.225 4.289 4.349 4.407 4.463 4.519 4.574 4.629 4.684 4.740 4.795 4.851 4.906 4.960 5.013 5.065 5.116 5.165 5.212 5.256 5.298 5.338 5.375 5.411 5.445 5.478 5.510 5.542 5.575 5.608 5.642 5.676 5.712 5.749 5.786 5.824 5.861 5.897 5.935 5.971 6.007 6.041 6.074 6.104 6.133 6.158 6.181 6.201 6.218 6.232 6.244 6.254 6.263 6.272 6.283
-99.000 1.646 1.665 1.757 1.948 2.214 2.519 2.826 3.110 3.353 3.552 3.712 3.841 3.946 4.035 4.113 4.184 4.248 4.310 4.368 4.424 4.479 4.534 4.588 4.641 4.695 4.749 4.803 4.857 4.911 4.964 5.016 5.068 5.118 5.168 5.215 5.261 5.304 5.345 5.384 5.421 5.455 5.488 5.521 5.552 5.584 5.616 5.649 5.683 5.719 5.755 5.792 5.830 5.868 5.905 5.944 5.982 6.019 6.055 6.089 6.123 6.154 6.182 6.209 6.233 6.254 6.273 6.289 6.303 6.315 6.326 6.337
1.645 1.649 1.694 1.831 2.060 2.348 2.659 2.958 3.224 3.447 3.627 3.771 3.888 3.985 4.068 4.141 4.208 4.270 4.329 4.386 4.441 4.495 4.548 4.601 4.654 4.707 4.760 4.812 4.865 4.917 4.968 5.019 5.070 5.120 5.170 5.218 5.264 5.308 5.351 5.391 5.428 5.464 5.497 5.530 5.561 5.592 5.624 5.656 5.689 5.723 5.759 5.796 5.834 5.872 5.910 5.949 5.988 6.027 6.065 6.101 6.136 6.170 6.202 6.232 6.259 6.285 6.308 6.329 6.347 6.363 6.377 6.390
1.646 1.660 1.743 1.924 2.184 2.487 2.796 3.082 3.329 3.532 3.694 3.825 3.931 4.020 4.098 4.167 4.231 4.291 4.348 4.404 4.457 4.510 4.563 4.615 4.667 4.719 4.770 4.822 4.873 4.924 4.973 5.023 5.073 5.122 5.171 5.219 5.266 5.311 5.354 5.395 5.434 5.470 5.505 5.537 5.569 5.600 5.630 5.661 5.693 5.726 5.761 5.797 5.835 5.873 5.912 5.952 5.992 6.031 6.071 6.109 6.146 6.182 6.217 6.249 6.280 6.309 6.337 6.362 6.384 6.404 6.422 6.439
1.648 1.685 1.812 2.032 2.316 2.626 2.928 3.198 3.425 3.609 3.755 3.873 3.971 4.054 4.126 4.192 4.253 4.311 4.367 4.420 4.473 4.525 4.577 4.628 4.679 4.730 4.781 4.831 4.881 4.930 4.979 5.027 5.076 5.125 5.173 5.220 5.267 5.312 5.356 5.398 5.437 5.475 5.510 5.544 5.575 5.606 5.636 5.666 5.696 5.728 5.762 5.797 5.834 5.872 5.910 5.951 5.992 6.032 6.073 6.113 6.152 6.190 6.227 6.262 6.296 6.329 6.359 6.388 6.415 6.440 6.462 6.482
1.657 1.729 1.900 2.153 2.453 2.764 3.054 3.305 3.512 3.678 3.811 3.918 4.008 4.085 4.154 4.216 4.275 4.331 4.384 4.437 4.488 4.539 4.590 4.640 4.691 4.741 4.790 4.840 4.889 4.937 4.984 5.032 5.080 5.127 5.175 5.221 5.267 5.313 5.357 5.399 5.440 5.478 5.514 5.549 5.581 5.611 5.640 5.669 5.699 5.729 5.761 5.795 5.830 5.867 5.906 5.946 5.988 6.030 6.071 6.113 6.153 6.193 6.232 6.270 6.307 6.342 6.377 6.409 6.440 6.468 6.495 6.519
1.677 1.793 2.004 2.282 2.592 2.896 3.171 3.403 3.591 3.741 3.861 3.959 4.042 4.115 4.180 4.240 4.296 4.350 4.402 4.453 4.503 4.553 4.603 4.652 4.702 4.751 4.799 4.848 4.896 4.943 4.990 5.036 5.083 5.130 5.176 5.223 5.268 5.313 5.357 5.400 5.441 5.480 5.517 5.552 5.585 5.616 5.645 5.673 5.701 5.730 5.760 5.791 5.825 5.861 5.899 5.939 5.980 6.023 6.066 6.108 6.151 6.192 6.233 6.274 6.313 6.351 6.388 6.424 6.458 6.491 6.521 6.549
1.715 1.875 2.120 2.417 2.728 3.023 3.280 3.492 3.662 3.798 3.907 3.998 4.075 4.143 4.205 4.262 4.317 4.369 4.419 4.469 4.518 4.567 4.615 4.664 4.712 4.760 4.808 4.855 4.902 4.948 4.994 5.040 5.086 5.132 5.178 5.224 5.269 5.313 5.357 5.400 5.441 5.481 5.519 5.555 5.589 5.620 5.649 5.677 5.704 5.731 5.759 5.788 5.820 5.853 5.890 5.929 5.970 6.013 6.056 6.100 6.143 6.187 6.230 6.272 6.314 6.355 6.395 6.433 6.471 6.507 6.540 6.572
1.773 1.973 2.246 2.554 2.861 3.141 3.379 3.572 3.726 3.850 3.950 4.034 4.106 4.171 4.230 4.285 4.337 4.388 4.437 4.485 4.533 4.581 4.628 4.675 4.722 4.769 4.815 4.861 4.907 4.953 4.998 5.043 5.088 5.134 5.179 5.224 5.269 5.313 5.357 5.399 5.441 5.482 5.520 5.557 5.592 5.624 5.654 5.682 5.708 5.734 5.760 5.787 5.815 5.846 5.880 5.918 5.957 5.999 6.043 6.087 6.132 6.177 6.221 6.266 6.310 6.353 6.396 6.437 6.478 6.517 6.554 6.589
1.849 2.085 2.377 2.689 2.988 3.251 3.470 3.646 3.785 3.898 3.990 4.068 4.137 4.198 4.255 4.308 4.358 4.407 4.455 4.502 4.549 4.595 4.641 4.687 4.732 4.777 4.822 4.867 4.912 4.957 5.000 5.044 5.089 5.134 5.179 5.223 5.267 5.311 5.355 5.398 5.440 5.481 5.520 5.558 5.594 5.627 5.658 5.687 5.713 5.738 5.763 5.788 5.813 5.840 5.871 5.906 5.944 5.984 6.027 6.071 6.116 6.162 6.208 6.254 6.300 6.346 6.391 6.435 6.479 6.521 6.561 6.599
1.941 2.206 2.512 2.822 3.108 3.353 3.553 3.712 3.839 3.943 4.028 4.102 4.167 4.225 4.280 4.331 4.380 4.427 4.474 4.519 4.565 4.610 4.654 4.699 4.742 4.786 4.829 4.873 4.916 4.960 5.003 5.046 5.089 5.133 5.177 5.221 5.265 5.308 5.352 5.395 5.437 5.478 5.519 5.558 5.595 5.629 5.662 5.692 5.719 5.744 5.768 5.791 5.813 5.837 5.865 5.896 5.931 5.969 6.010 6.053 6.098 6.144 6.191 6.239 6.286 6.334 6.382 6.429 6.474 6.519 6.563 6.604
2.047 2.334 2.646 2.949 3.220 3.446 3.629 3.774 3.890 3.985 4.065 4.134 4.196 4.252 4.305 4.354 4.402 4.448 4.493 4.538 4.582 4.625 4.668 4.711 4.753 4.795 4.837 4.879 4.921 4.963 5.004 5.046 5.089 5.132 5.175 5.218 5.261 5.304 5.347 5.390 5.432 5.474 5.515 5.555 5.593 5.629 5.664 5.695 5.724 5.750 5.774 5.796 5.817 5.838 5.862 5.889 5.920 5.954 5.992 6.033 6.077 6.123 6.170 6.219 6.268 6.318 6.367 6.416 6.465 6.512 6.559 6.603
2.164 2.467 2.779 3.070 3.323 3.531 3.698 3.830 3.936 4.025 4.100 4.166 4.225 4.279 4.330 4.378 4.425 4.470 4.513 4.557 4.599 4.641 4.683 4.724 4.764 4.805 4.845 4.885 4.926 4.966 5.006 5.047 5.088 5.130 5.172 5.214 5.256 5.299 5.341 5.384 5.426 5.468 5.509 5.550 5.589 5.627 5.663 5.696 5.727 5.754 5.779 5.802 5.822 5.841 5.862 5.885 5.912 5.942 5.976 6.014 6.056 6.100 6.147 6.196 6.246 6.297 6.348 6.400 6.451 6.501 6.550 6.597
2.289 2.600 2.907 3.184 3.419 3.609 3.761 3.882 3.980 4.063 4.134 4.197 4.254 4.307 4.356 4.403 4.448 4.492 4.535 4.577 4.618 4.658 4.698 4.738 4.777 4.815 4.854 4.893 4.931 4.970 5.008 5.048 5.088 5.128 5.168 5.209 5.251 5.292 5.334 5.376 5.418 5.460 5.501 5.542 5.582 5.621 5.659 5.694 5.726 5.756 5.783 5.807 5.827 5.846 5.865 5.885 5.907 5.933 5.963 5.997 6.035 6.077 6.123 6.171 6.221 6.273 6.325 6.378 6.432 6.484 6.536 6.586
