TsunamiDB/out54077.asc
ncols          264
nrows          230
xllcorner      497853.4375
yllcorner      4229146.0000
cellsize         5.
NODATA_value   -99
[rows 136 to 169 of 230, columns 152 to 227 of 264]
6.556 6.564 6.572 6.579 6.586 6.594 6.601 6.610 6.620 6.631 6.645 6.660 6.677 6.696 6.718 6.740 6.764 6.788 6.812 6.836 6.860 6.885 6.910 6.934 6.959 6.983 7.007 7.030 7.053 7.075 7.094 7.112 7.125 7.135 7.144 7.157 7.172 7.188 7.210 7.237 7.272 7.313 7.360 7.411 7.463 7.511 7.563 7.627 7.694 7.761 7.830 7.900 7.974 8.062 8.151 8.202 8.256 8.333 8.403 8.468 8.526 8.579 8.626 8.659 8.682 8.697 8.713 8.734 8.753 8.771 8.786 8.801 8.815 8.831 8.848 8.855
6.567 6.576 6.584 6.591 6.599 6.606 6.614 6.623 6.632 6.643 6.656 6.671 6.688 6.707 6.728 6.751 6.775 6.799 6.823 6.847 6.873 6.898 6.923 6.948 6.973 6.998 7.023 7.047 7.070 7.093 7.113 7.130 7.143 7.154 7.165 7.179 7.195 7.213 7.236 7.267 7.304 7.348 7.397 7.451 7.505 7.553 7.605 7.670 7.739 7.809 7.878 7.950 8.030 8.118 8.200 8.248 8.298 8.371 8.437 8.498 8.552 8.600 8.641 8.669 8.690 8.703 8.716 8.734 8.750 8.765 8.779 8.791 8.805 8.820 8.836 8.842
6.577 6.586 6.595 6.603 6.611 6.619 6.627 6.635 6.645 6.656 6.668 6.682 6.699 6.718 6.738 6.761 6.785 6.809 6.834 6.859 6.885 6.910 6.936 6.962 6.988 7.013 7.039 7.063 7.087 7.110 7.130 7.148 7.162 7.174 7.186 7.202 7.220 7.240 7.266 7.299 7.339 7.384 7.436 7.492 7.547 7.596 7.648 7.716 7.787 7.859 7.931 8.007 8.089 8.172 8.247 8.291 8.339 8.407 8.469 8.526 8.576 8.619 8.654 8.679 8.699 8.710 8.720 8.735 8.749 8.761 8.772 8.784 8.796 8.810 8.824 8.830
6.588 6.597 6.606 6.615 6.623 6.632 6.640 6.648 6.657 6.668 6.680 6.694 6.710 6.728 6.749 6.771 6.795 6.820 6.845 6.870 6.896 6.923 6.949 6.976 7.002 7.028 7.054 7.079 7.104 7.127 7.148 7.166 7.181 7.195 7.209 7.228 7.248 7.270 7.299 7.334 7.375 7.422 7.475 7.533 7.590 7.640 7.694 7.765 7.839 7.913 7.988 8.066 8.145 8.223 8.292 8.334 8.378 8.441 8.499 8.552 8.597 8.635 8.666 8.690 8.707 8.717 8.725 8.738 8.749 8.759 8.768 8.777 8.788 8.801 8.815 8.820
6.598 6.608 6.618 6.627 6.636 6.644 6.652 6.661 6.670 6.680 6.692 6.705 6.721 6.739 6.759 6.781 6.805 6.830 6.855 6.881 6.908 6.935 6.962 6.989 7.015 7.042 7.069 7.094 7.119 7.143 7.165 7.184 7.202 7.217 7.234 7.255 7.277 7.302 7.333 7.370 7.412 7.460 7.515 7.574 7.636 7.687 7.742 7.816 7.892 7.970 8.047 8.123 8.200 8.272 8.336 8.374 8.415 8.473 8.528 8.576 8.617 8.652 8.680 8.701 8.717 8.725 8.732 8.742 8.751 8.758 8.765 8.773 8.783 8.794 8.807 8.813
6.609 6.619 6.629 6.639 6.648 6.656 6.665 6.673 6.682 6.692 6.704 6.717 6.732 6.749 6.769 6.791 6.815 6.840 6.866 6.892 6.919 6.947 6.974 7.001 7.029 7.056 7.083 7.109 7.134 7.159 7.182 7.204 7.223 7.241 7.260 7.283 7.308 7.335 7.368 7.406 7.449 7.498 7.554 7.617 7.683 7.735 7.793 7.869 7.949 8.027 8.103 8.178 8.251 8.318 8.378 8.413 8.450 8.504 8.554 8.599 8.637 8.669 8.694 8.714 8.728 8.734 8.739 8.747 8.754 8.760 8.765 8.771 8.778 8.789 8.802 8.808
6.619 6.630 6.641 6.651 6.660 6.669 6.678 6.686 6.695 6.705 6.716 6.728 6.743 6.760 6.779 6.801 6.825 6.851 6.876 6.903 6.930 6.958 6.986 7.013 7.041 7.069 7.096 7.123 7.149 7.175 7.200 7.223 7.245 7.266 7.287 7.313 7.340 7.369 7.403 7.443 7.486 7.536 7.594 7.662 7.731 7.786 7.844 7.925 8.006 8.084 8.158 8.231 8.299 8.362 8.418 8.450 8.483 8.534 8.580 8.621 8.656 8.685 8.710 8.727 8.739 8.744 8.748 8.754 8.759 8.762 8.766 8.770 8.776 8.786 8.800 8.805
6.631 6.642 6.652 6.663 6.672 6.681 6.690 6.699 6.708 6.717 6.728 6.740 6.754 6.771 6.790 6.811 6.835 6.860 6.886 6.913 6.941 6.969 6.997 7.025 7.053 7.081 7.109 7.137 7.164 7.192 7.218 7.244 7.269 7.291 7.314 7.342 7.371 7.402 7.439 7.480 7.524 7.575 7.637 7.708 7.782 7.838 7.899 7.981 8.061 8.138 8.210 8.279 8.344 8.403 8.454 8.484 8.515 8.561 8.603 8.642 8.674 8.702 8.725 8.740 8.750 8.753 8.756 8.760 8.763 8.766 8.768 8.771 8.776 8.786 8.801 8.806
6.643 6.654 6.665 6.675 6.685 6.694 6.703 6.712 6.721 6.730 6.740 6.752 6.765 6.781 6.800 6.821 6.845 6.870 6.896 6.923 6.951 6.980 7.008 7.036 7.065 7.094 7.123 7.151 7.180 7.209 7.237 7.265 7.292 7.317 7.342 7.371 7.402 7.435 7.474 7.517 7.563 7.616 7.680 7.753 7.831 7.889 7.951 8.034 8.113 8.188 8.258 8.324 8.386 8.441 8.490 8.517 8.545 8.588 8.627 8.662 8.692 8.719 8.740 8.754 8.762 8.763 8.764 8.767 8.770 8.772 8.773 8.774 8.779 8.788 8.804 8.810
6.655 6.667 6.678 6.688 6.698 6.708 6.717 6.726 6.734 6.743 6.753 6.764 6.777 6.792 6.810 6.831 6.855 6.880 6.906 6.933 6.961 6.990 7.018 7.047 7.076 7.106 7.136 7.166 7.196 7.226 7.257 7.287 7.316 7.343 7.369 7.400 7.433 7.468 7.509 7.553 7.602 7.658 7.723 7.800 7.885 7.944 8.005 8.087 8.166 8.239 8.306 8.369 8.428 8.480 8.526 8.550 8.576 8.615 8.652 8.684 8.712 8.736 8.756 8.769 8.773 8.773 8.773 8.775 8.777 8.778 8.779 8.780 8.783 8.793 8.810 8.817
6.668 6.680 6.691 6.702 6.712 6.721 6.731 6.739 6.748 6.757 6.766 6.776 6.789 6.803 6.821 6.841 6.864 6.889 6.915 6.943 6.971 6.999 7.028 7.057 7.087 7.118 7.149 7.181 7.213 7.245 7.277 7.309 7.340 7.367 7.396 7.429 7.464 7.501 7.544 7.591 7.643 7.701 7.769 7.856 7.944 8.000 8.059 8.140 8.216 8.287 8.352 8.412 8.467 8.517 8.559 8.582 8.605 8.642 8.675 8.705 8.731 8.754 8.773 8.781 8.782 8.782 8.782 8.783 8.784 8.786 8.786 8.787 8.789 8.802 8.822 8.828
6.682 6.694 6.705 6.716 6.726 6.736 6.745 6.754 6.762 6.770 6.779 6.789 6.801 6.815 6.831 6.851 6.874 6.898 6.924 6.952 6.980 7.008 7.037 7.067 7.098 7.131 7.164 7.197 7.230 7.264 7.298 7.331 7.362 7.392 7.424 7.459 7.496 7.536 7.582 7.633 7.689 7.752 7.828 7.916 8.000 8.053 8.111 8.190 8.264 8.333 8.395 8.453 8.505 8.551 8.591 8.612 8.634 8.668 8.698 8.725 8.749 8.769 8.785 8.791 8.792 8.792 8.790 8.791 8.793 8.795 8.796 8.798 8.803 8.817 8.834 8.839
6.697 6.708 6.719 6.730 6.741 6.751 6.760 6.769 6.777 6.785 6.793 6.803 6.813 6.826 6.842 6.861 6.883 6.907 6.933 6.961 6.989 7.017 7.046 7.078 7.111 7.145 7.180 7.214 7.249 7.284 7.319 7.352 7.385 7.418 7.453 7.491 7.530 7.574 7.624 7.679 7.739 7.808 7.888 7.973 8.052 8.103 8.159 8.236 8.309 8.376 8.436 8.491 8.540 8.584 8.622 8.641 8.661 8.692 8.720 8.745 8.765 8.783 8.795 8.800 8.803 8.801 8.799 8.801 8.803 8.806 8.808 8.812 8.820 8.832 8.847 8.852
6.712 6.723 6.734 6.745 6.756 6.766 6.775 6.784 6.792 6.800 6.808 6.816 6.826 6.838 6.853 6.871 6.893 6.916 6.942 6.969 6.997 7.026 7.057 7.089 7.124 7.160 7.196 7.232 7.268 7.304 7.339 7.374 7.409 7.446 7.484 7.525 7.567 7.616 7.671 7.729 7.794 7.866 7.945 8.026 8.101 8.151 8.205 8.281 8.351 8.416 8.474 8.527 8.574 8.615 8.651 8.668 8.686 8.715 8.741 8.763 8.781 8.795 8.805 8.810 8.813 8.812 8.809 8.812 8.816 8.819 8.823 8.829 8.837 8.849 8.862 8.865
6.727 6.739 6.750 6.761 6.772 6.782 6.791 6.800 6.808 6.816 6.823 6.831 6.840 6.851 6.864 6.882 6.902 6.925 6.950 6.977 7.005 7.036 7.068 7.103 7.139 7.176 7.214 7.251 7.288 7.325 7.361 7.397 7.435 7.475 7.519 7.563 7.609 7.662 7.721 7.784 7.851 7.922 7.999 8.076 8.149 8.197 8.249 8.322 8.391 8.454 8.510 8.561 8.606 8.645 8.678 8.694 8.711 8.737 8.760 8.779 8.794 8.806 8.815 8.820 8.824 8.823 8.821 8.825 8.829 8.835 8.840 8.847 8.856 8.866 8.876 8.879
6.743 6.755 6.766 6.777 6.788 6.798 6.808 6.817 6.825 6.832 6.839 6.846 6.854 6.863 6.876 6.892 6.912 6.933 6.958 6.985 7.015 7.047 7.081 7.117 7.155 7.193 7.232 7.270 7.309 7.346 7.384 7.422 7.463 7.508 7.557 7.605 7.653 7.711 7.775 7.840 7.906 7.976 8.049 8.123 8.194 8.241 8.291 8.362 8.429 8.490 8.544 8.593 8.636 8.672 8.703 8.718 8.733 8.757 8.777 8.794 8.807 8.817 8.825 8.830 8.836 8.835 8.833 8.838 8.844 8.851 8.858 8.866 8.874 8.883 8.891 8.892
6.759 6.771 6.782 6.794 6.805 6.815 6.825 6.834 6.841 6.849 6.855 6.861 6.868 6.876 6.888 6.903 6.921 6.942 6.966 6.994 7.025 7.059 7.095 7.133 7.172 7.211 7.250 7.290 7.330 7.369 7.408 7.449 7.494 7.545 7.599 7.649 7.701 7.764 7.830 7.894 7.959 8.027 8.096 8.168 8.238 8.283 8.332 8.402 8.467 8.525 8.577 8.624 8.664 8.699 8.727 8.740 8.754 8.775 8.793 8.808 8.820 8.828 8.835 8.841 8.848 8.847 8.846 8.853 8.861 8.868 8.876 8.884 8.892 8.900 8.906 8.906
6.775 6.787 6.798 6.810 6.821 6.832 6.842 6.851 6.859 6.866 6.872 6.877 6.883 6.890 6.899 6.913 6.930 6.950 6.975 7.004 7.037 7.072 7.110 7.149 7.189 7.229 7.269 7.310 7.351 7.393 7.435 7.479 7.529 7.585 7.644 7.696 7.750 7.816 7.882 7.947 8.010 8.074 8.141 8.211 8.280 8.324 8.371 8.439 8.501 8.557 8.607 8.651 8.690 8.722 8.748 8.760 8.772 8.791 8.808 8.821 8.831 8.839 8.846 8.853 8.861 8.861 8.861 8.869 8.877 8.886 8.894 8.902 8.910 8.916 8.920 8.919
6.791 6.803 6.815 6.826 6.838 6.849 6.859 6.868 6.876 6.883 6.889 6.893 6.898 6.903 6.911 6.924 6.940 6.960 6.985 7.015 7.049 7.086 7.126 7.166 7.206 7.247 7.288 7.330 7.374 7.418 7.463 7.512 7.566 7.625 7.689 7.744 7.800 7.866 7.933 7.997 8.058 8.120 8.184 8.252 8.321 8.364 8.410 8.475 8.535 8.588 8.635 8.678 8.715 8.745 8.768 8.779 8.789 8.807 8.822 8.834 8.843 8.850 8.857 8.865 8.874 8.875 8.876 8.885 8.894 8.902 8.911 8.919 8.926 8.932 8.934 8.932
6.807 6.819 6.831 6.842 6.854 6.865 6.876 6.885 6.893 6.900 6.905 6.910 6.913 6.917 6.924 6.935 6.951 6.971 6.996 7.027 7.062 7.101 7.142 7.183 7.224 7.265 7.307 7.352 7.399 7.446 7.495 7.549 7.606 7.670 7.740 7.797 7.852 7.919 7.985 8.047 8.107 8.167 8.227 8.294 8.364 8.407 8.449 8.512 8.569 8.619 8.663 8.704 8.739 8.767 8.787 8.796 8.805 8.821 8.835 8.847 8.855 8.863 8.869 8.877 8.889 8.891 8.892 8.902 8.911 8.920 8.928 8.936 8.943 8.948 8.948 8.944
6.822 6.834 6.846 6.858 6.870 6.882 6.892 6.902 6.910 6.917 6.922 6.926 6.928 6.931 6.936 6.947 6.963 6.982 7.009 7.040 7.077 7.118 7.159 7.201 7.242 7.285 7.329 7.376 7.426 7.477 7.532 7.590 7.651 7.724 7.796 7.850 7.904 7.970 8.035 8.096 8.155 8.212 8.270 8.340 8.411 8.449 8.489 8.548 8.602 8.649 8.691 8.729 8.762 8.786 8.803 8.812 8.820 8.835 8.848 8.859 8.868 8.875 8.881 8.892 8.906 8.907 8.909 8.919 8.929 8.937 8.945 8.953 8.960 8.962 8.960 8.956
6.837 6.849 6.862 6.874 6.886 6.898 6.909 6.918 6.927 6.934 6.939 6.942 6.944 6.945 6.950 6.961 6.976 6.996 7.022 7.055 7.093 7.133 7.176 7.219 7.263 7.307 7.353 7.404 7.458 7.514 7.574 7.637 7.706 7.781 7.851 7.903 7.955 8.021 8.084 8.145 8.203 8.260 8.322 8.390 8.454 8.490 8.528 8.583 8.632 8.677 8.716 8.751 8.781 8.802 8.818 8.826 8.834 8.848 8.860 8.871 8.880 8.888 8.897 8.909 8.922 8.924 8.926 8.936 8.946 8.954 8.962 8.968 8.973 8.974 8.972 8.968
6.852 6.864 6.877 6.889 6.901 6.913 6.924 6.935 6.943 6.950 6.955 6.958 6.959 6.960 6.965 6.975 6.990 7.010 7.037 7.070 7.108 7.149 7.193 7.239 7.286 7.332 7.380 7.435 7.495 7.556 7.621 7.690 7.763 7.837 7.905 7.955 8.005 8.070 8.134 8.194 8.252 8.311 8.373 8.437 8.495 8.529 8.564 8.615 8.661 8.702 8.739 8.771 8.797 8.817 8.833 8.840 8.847 8.861 8.873 8.884 8.894 8.903 8.914 8.926 8.938 8.940 8.942 8.952 8.962 8.970 8.977 8.983 8.986 8.986 8.984 8.979
6.866 6.879 6.891 6.904 6.916 6.928 6.940 6.950 6.959 6.967 6.972 6.975 6.976 6.976 6.980 6.990 7.005 7.025 7.052 7.086 7.123 7.165 7.212 7.262 7.312 7.360 7.411 7.472 7.536 7.602 7.673 7.746 7.820 7.892 7.957 8.005 8.055 8.119 8.182 8.243 8.302 8.362 8.422 8.481 8.534 8.565 8.598 8.645 8.688 8.726 8.759 8.787 8.811 8.831 8.847 8.854 8.860 8.874 8.887 8.898 8.909 8.920 8.931 8.943 8.954 8.956 8.958 8.968 8.977 8.985 8.991 8.995 8.998 8.997 8.996 8.990
6.880 6.893 6.906 6.918 6.931 6.943 6.955 6.966 6.975 6.983 6.988 6.991 6.993 6.993 6.997 7.006 7.021 7.041 7.068 7.101 7.139 7.183 7.233 7.286 7.341 7.391 7.446 7.512 7.581 7.653 7.726 7.800 7.875 7.945 8.008 8.055 8.104 8.168 8.230 8.292 8.352 8.410 8.468 8.523 8.571 8.600 8.630 8.673 8.712 8.747 8.777 8.803 8.826 8.844 8.860 8.867 8.874 8.887 8.900 8.912 8.924 8.936 8.948 8.959 8.969 8.972 8.974 8.983 8.992 8.999 9.004 9.007 9.009 9.009 9.007 9.001
6.894 6.907 6.920 6.932 6.945 6.958 6.969 6.981 6.990 6.999 7.005 7.009 7.010 7.010 7.013 7.023 7.037 7.056 7.083 7.117 7.157 7.203 7.256 7.314 7.373 7.426 7.484 7.554 7.628 7.704 7.779 7.854 7.927 7.996 8.059 8.105 8.152 8.215 8.279 8.340 8.399 8.456 8.511 8.562 8.606 8.632 8.660 8.698 8.734 8.766 8.794 8.819 8.840 8.858 8.874 8.881 8.887 8.901 8.914 8.927 8.939 8.952 8.964 8.975 8.985 8.987 8.989 8.997 9.005 9.012 9.016 9.019 9.020 9.020 9.018 9.012
6.908 6.921 6.933 6.946 6.959 6.972 6.984 6.996 7.006 7.015 7.022 7.026 7.027 7.027 7.030 7.039 7.053 7.071 7.099 7.134 7.175 7.224 7.282 7.344 7.408 7.463 7.524 7.600 7.677 7.754 7.830 7.905 7.978 8.046 8.109 8.153 8.199 8.263 8.326 8.386 8.444 8.499 8.552 8.599 8.639 8.662 8.687 8.722 8.755 8.784 8.810 8.833 8.853 8.871 8.887 8.894 8.901 8.915 8.928 8.942 8.955 8.967 8.979 8.990 8.999 9.001 9.003 9.011 9.018 9.024 9.028 9.030 9.031 9.031 9.029 9.023
6.921 6.934 6.947 6.960 6.973 6.986 6.999 7.011 7.022 7.031 7.039 7.044 7.045 7.045 7.047 7.056 7.069 7.088 7.115 7.152 7.196 7.248 7.310 7.377 7.445 7.502 7.566 7.645 7.724 7.803 7.879 7.953 8.025 8.093 8.155 8.199 8.244 8.308 8.369 8.429 8.485 8.538 8.588 8.631 8.667 8.689 8.712 8.743 8.773 8.801 8.825 8.847 8.867 8.884 8.900 8.907 8.914 8.928 8.942 8.956 8.969 8.981 8.993 9.004 9.012 9.014 9.016 9.023 9.030 9.035 9.039 9.041 9.042 9.042 9.040 9.034
6.935 6.948 6.961 6.974 6.987 7.000 7.013 7.026 7.037 7.048 7.056 7.061 7.063 7.062 7.064 7.073 7.086 7.104 7.133 7.171 7.218 7.274 7.340 7.410 7.481 7.541 7.607 7.688 7.769 7.848 7.924 7.998 8.070 8.138 8.200 8.243 8.288 8.350 8.410 8.469 8.523 8.574 8.622 8.662 8.695 8.715 8.735 8.764 8.792 8.818 8.840 8.861 8.880 8.898 8.913 8.920 8.927 8.941 8.955 8.969 8.983 8.995 9.007 9.017 9.025 9.027 9.029 9.035 9.041 9.046 9.049 9.052 9.053 9.052 9.051 9.045
6.949 6.962 6.975 6.988 7.002 7.015 7.028 7.041 7.053 7.064 7.073 7.079 7.080 7.080 7.081 7.089 7.103 7.122 7.152 7.192 7.242 7.302 7.371 7.445 7.521 7.582 7.648 7.731 7.814 7.894 7.970 8.045 8.116 8.183 8.247 8.289 8.332 8.393 8.452 8.508 8.561 8.610 8.655 8.693 8.722 8.739 8.758 8.785 8.810 8.834 8.856 8.876 8.895 8.911 8.927 8.934 8.941 8.955 8.969 8.983 8.997 9.009 9.021 9.031 9.038 9.040 9.041 9.047 9.053 9.057 9.060 9.062 9.063 9.063 9.061 9.055
6.963 6.976 6.989 7.002 7.016 7.030 7.044 7.057 7.069 7.081 7.090 7.096 7.098 7.097 7.097 7.107 7.121 7.141 7.173 7.215 7.269 7.333 7.405 7.485 7.564 7.623 7.690 7.774 7.858 7.938 8.015 8.090 8.161 8.230 8.293 8.333 8.375 8.435 8.492 8.546 8.596 8.644 8.687 8.720 8.745 8.762 8.779 8.804 8.828 8.850 8.871 8.890 8.909 8.925 8.940 8.947 8.954 8.969 8.983 8.997 9.010 9.023 9.035 9.044 9.050 9.051 9.053 9.058 9.063 9.067 9.070 9.072 9.073 9.073 9.071 9.065
6.977 6.990 7.004 7.017 7.031 7.045 7.059 7.073 7.086 7.098 7.108 7.114 7.116 7.115 7.116 7.126 7.142 7.163 7.196 7.242 7.299 7.367 7.444 7.527 7.604 7.664 7.730 7.816 7.900 7.982 8.060 8.135 8.207 8.276 8.337 8.376 8.417 8.474 8.529 8.581 8.629 8.674 8.713 8.743 8.768 8.783 8.799 8.822 8.845 8.867 8.886 8.905 8.923 8.939 8.954 8.960 8.967 8.982 8.996 9.010 9.024 9.036 9.047 9.055 9.062 9.063 9.064 9.069 9.074 9.078 9.080 9.082 9.083 9.083 9.081 9.076
6.991 7.005 7.019 7.032 7.047 7.061 7.075 7.089 7.103 7.115 7.126 7.132 7.135 7.134 7.136 7.148 7.164 7.187 7.224 7.272 7.332 7.404 7.484 7.567 7.643 7.702 7.769 7.856 7.942 8.025 8.104 8.180 8.253 8.320 8.379 8.416 8.455 8.511 8.564 8.614 8.659 8.700 8.736 8.764 8.789 8.803 8.818 8.840 8.862 8.882 8.901 8.919 8.937 8.953 8.967 8.973 8.980 8.995 9.009 9.023 9.036 9.048 9.059 9.067 9.073 9.074 9.075 9.080 9.084 9.088 9.090 9.092 9.093 9.092 9.091 9.085
7.006 7.020 7.034 7.048 7.062 7.077 7.092 7.106 7.120 7.133 7.144 7.152 7.155 7.155 7.158 7.172 7.190 7.215 7.254 7.305 7.368 7.441 7.522 7.604 7.680 7.740 7.807 7.896 7.983 8.067 8.147 8.224 8.296 8.361 8.418 8.453 8.491 8.544 8.595 8.643 8.685 8.723 8.757 8.784 8.808 8.822 8.836 8.858 8.878 8.898 8.916 8.934 8.950 8.966 8.980 8.986 8.993 9.008 9.022 9.036 9.049 9.060 9.070 9.078 9.084 9.085 9.085 9.090 9.094 9.097 9.100 9.101 9.102 9.101 9.100 9.095
