TsunamiDB/out54106.asc
ncols          264
nrows          230
xllcorner      497853.4375
yllcorner      4229146.0000
cellsize         5.
NODATA_value   -99
[rows 34 to 67 of 230, columns 154 to 230 of 264]
6.361 6.362 6.363 6.364 6.365 6.367 6.368 6.370 6.372 6.375 6.378 6.381 6.384 6.388 6.393 6.397 6.402 6.407 6.412 6.417 6.422 6.427 6.431 6.435 6.439 6.443 6.448 6.452 6.457 6.462 6.466 6.471 6.476 6.481 6.486 6.490 6.495 6.500 6.505 6.509 6.514 6.519 6.523 6.528 6.533 6.536 6.540 6.543 6.547 6.551 6.554 6.558 6.562 6.566 6.570 6.574 6.578 6.581 6.585 6.589 6.592 6.596 6.599 6.602 6.604 6.607 6.608 6.608 6.607 6.604 6.600 6.596 6.593 6.591 6.591 6.595 6.601
6.373 6.374 6.376 6.377 6.378 6.380 6.381 6.383 6.385 6.387 6.389 6.392 6.396 6.399 6.403 6.408 6.412 6.417 6.422 6.427 6.432 6.436 6.440 6.444 6.448 6.452 6.456 6.461 6.465 6.469 6.474 6.479 6.483 6.488 6.493 6.498 6.502 6.507 6.512 6.516 6.521 6.526 6.530 6.535 6.540 6.543 6.547 6.550 6.554 6.558 6.562 6.565 6.569 6.573 6.577 6.581 6.585 6.588 6.592 6.596 6.599 6.602 6.605 6.608 6.611 6.613 6.614 6.613 6.611 6.608 6.603 6.598 6.593 6.590 6.589 6.592 6.599
6.384 6.386 6.388 6.389 6.391 6.392 6.394 6.395 6.397 6.399 6.401 6.404 6.407 6.410 6.414 6.418 6.422 6.427 6.432 6.436 6.441 6.446 6.450 6.453 6.457 6.461 6.465 6.469 6.473 6.478 6.482 6.487 6.491 6.496 6.500 6.505 6.510 6.514 6.519 6.524 6.528 6.533 6.538 6.543 6.547 6.550 6.554 6.558 6.561 6.565 6.569 6.573 6.576 6.580 6.584 6.588 6.592 6.595 6.599 6.602 6.606 6.609 6.612 6.615 6.617 6.618 6.619 6.618 6.616 6.611 6.605 6.599 6.593 6.589 6.588 6.590 6.597
6.394 6.397 6.399 6.401 6.403 6.404 6.406 6.407 6.409 6.411 6.413 6.416 6.418 6.422 6.425 6.429 6.433 6.437 6.442 6.446 6.451 6.456 6.459 6.463 6.466 6.470 6.474 6.478 6.482 6.487 6.491 6.495 6.500 6.504 6.508 6.513 6.517 6.522 6.526 6.531 6.536 6.540 6.545 6.550 6.554 6.558 6.561 6.565 6.569 6.572 6.576 6.580 6.584 6.588 6.591 6.595 6.599 6.602 6.606 6.609 6.613 6.616 6.618 6.621 6.623 6.624 6.625 6.623 6.620 6.615 6.608 6.600 6.593 6.589 6.587 6.590 6.597
6.404 6.407 6.410 6.412 6.414 6.416 6.418 6.419 6.421 6.423 6.425 6.427 6.430 6.433 6.436 6.440 6.443 6.447 6.452 6.456 6.461 6.465 6.469 6.472 6.476 6.480 6.484 6.488 6.491 6.496 6.500 6.504 6.508 6.512 6.517 6.521 6.525 6.530 6.534 6.539 6.544 6.548 6.553 6.558 6.562 6.566 6.569 6.573 6.576 6.580 6.584 6.587 6.591 6.595 6.599 6.603 6.606 6.610 6.613 6.616 6.620 6.622 6.625 6.627 6.629 6.630 6.630 6.628 6.624 6.618 6.610 6.602 6.594 6.589 6.587 6.590 6.598
6.413 6.417 6.420 6.423 6.425 6.427 6.429 6.431 6.433 6.435 6.437 6.439 6.441 6.444 6.447 6.450 6.454 6.458 6.462 6.466 6.471 6.475 6.479 6.482 6.486 6.489 6.493 6.497 6.501 6.505 6.509 6.513 6.517 6.521 6.525 6.530 6.534 6.538 6.543 6.547 6.552 6.556 6.561 6.566 6.570 6.573 6.577 6.580 6.584 6.588 6.591 6.595 6.599 6.603 6.606 6.610 6.614 6.617 6.620 6.623 6.626 6.629 6.632 6.634 6.635 6.636 6.636 6.633 6.628 6.622 6.614 6.604 6.596 6.590 6.588 6.591 6.599
6.422 6.426 6.429 6.433 6.436 6.438 6.440 6.443 6.444 6.446 6.448 6.450 6.452 6.455 6.458 6.461 6.464 6.468 6.472 6.477 6.481 6.485 6.489 6.492 6.495 6.499 6.503 6.507 6.510 6.514 6.518 6.522 6.526 6.530 6.534 6.538 6.543 6.547 6.551 6.556 6.560 6.565 6.569 6.574 6.578 6.582 6.585 6.588 6.592 6.596 6.599 6.603 6.607 6.610 6.614 6.618 6.621 6.624 6.628 6.631 6.633 6.636 6.638 6.640 6.641 6.642 6.641 6.638 6.633 6.626 6.617 6.607 6.598 6.593 6.591 6.593 6.601
6.430 6.434 6.438 6.442 6.446 6.448 6.451 6.453 6.456 6.458 6.459 6.461 6.464 6.466 6.469 6.471 6.475 6.478 6.482 6.486 6.491 6.495 6.498 6.502 6.505 6.509 6.512 6.516 6.520 6.524 6.528 6.532 6.536 6.540 6.544 6.548 6.552 6.556 6.560 6.564 6.569 6.573 6.578 6.583 6.587 6.590 6.593 6.597 6.600 6.604 6.607 6.611 6.615 6.618 6.622 6.625 6.629 6.632 6.635 6.638 6.640 6.643 6.645 6.646 6.647 6.648 6.646 6.643 6.638 6.631 6.622 6.611 6.602 6.596 6.593 6.596 6.604
6.437 6.442 6.447 6.451 6.455 6.458 6.461 6.464 6.466 6.468 6.470 6.472 6.475 6.477 6.479 6.482 6.485 6.488 6.492 6.496 6.501 6.505 6.508 6.511 6.515 6.518 6.522 6.526 6.530 6.534 6.537 6.541 6.545 6.549 6.553 6.557 6.561 6.565 6.569 6.574 6.578 6.583 6.588 6.592 6.595 6.599 6.602 6.605 6.609 6.612 6.616 6.619 6.623 6.626 6.630 6.633 6.636 6.639 6.642 6.645 6.647 6.649 6.651 6.652 6.653 6.654 6.652 6.649 6.644 6.637 6.627 6.616 6.606 6.599 6.597 6.599 6.608
6.444 6.450 6.455 6.459 6.464 6.467 6.471 6.474 6.476 6.479 6.481 6.483 6.485 6.487 6.490 6.492 6.495 6.499 6.502 6.506 6.511 6.514 6.517 6.521 6.524 6.528 6.532 6.535 6.539 6.543 6.547 6.551 6.555 6.559 6.563 6.567 6.571 6.575 6.579 6.583 6.587 6.592 6.597 6.601 6.605 6.608 6.611 6.614 6.618 6.621 6.625 6.628 6.631 6.635 6.638 6.641 6.644 6.647 6.650 6.652 6.654 6.656 6.658 6.659 6.660 6.660 6.658 6.655 6.650 6.643 6.633 6.621 6.611 6.604 6.602 6.604 6.614
6.451 6.456 6.462 6.467 6.472 6.476 6.480 6.483 6.486 6.489 6.491 6.494 6.496 6.498 6.500 6.503 6.505 6.509 6.512 6.516 6.520 6.524 6.526 6.530 6.533 6.537 6.541 6.545 6.549 6.553 6.557 6.561 6.565 6.568 6.572 6.576 6.580 6.584 6.589 6.593 6.597 6.602 6.606 6.611 6.614 6.617 6.620 6.624 6.627 6.630 6.634 6.637 6.640 6.643 6.647 6.650 6.652 6.655 6.658 6.660 6.662 6.664 6.665 6.666 6.666 6.667 6.665 6.662 6.657 6.650 6.640 6.628 6.617 6.610 6.607 6.610 6.622
6.457 6.463 6.469 6.474 6.479 6.484 6.488 6.492 6.495 6.498 6.501 6.504 6.506 6.508 6.510 6.513 6.516 6.518 6.522 6.526 6.530 6.533 6.536 6.539 6.542 6.546 6.550 6.554 6.558 6.562 6.566 6.570 6.574 6.578 6.582 6.586 6.590 6.594 6.598 6.603 6.607 6.612 6.616 6.620 6.624 6.627 6.630 6.633 6.636 6.640 6.643 6.646 6.649 6.652 6.655 6.658 6.661 6.663 6.666 6.668 6.669 6.671 6.672 6.673 6.674 6.674 6.672 6.669 6.665 6.658 6.648 6.635 6.623 6.617 6.614 6.618 6.631
6.462 6.469 6.475 6.481 6.487 6.492 6.496 6.500 6.504 6.508 6.510 6.513 6.516 6.518 6.520 6.523 6.525 6.528 6.532 6.535 6.539 6.542 6.545 6.548 6.551 6.555 6.559 6.563 6.567 6.571 6.575 6.579 6.584 6.588 6.592 6.596 6.600 6.604 6.608 6.613 6.617 6.621 6.626 6.630 6.633 6.637 6.640 6.643 6.646 6.649 6.652 6.655 6.659 6.661 6.664 6.667 6.669 6.672 6.674 6.676 6.678 6.679 6.680 6.681 6.682 6.682 6.681 6.678 6.673 6.666 6.656 6.643 6.631 6.625 6.623 6.628 6.642
6.468 6.474 6.481 6.487 6.493 6.499 6.504 6.508 6.512 6.516 6.519 6.522 6.525 6.528 6.530 6.532 6.535 6.538 6.541 6.545 6.548 6.550 6.553 6.556 6.560 6.564 6.568 6.572 6.576 6.580 6.584 6.589 6.593 6.597 6.601 6.605 6.610 6.614 6.618 6.622 6.627 6.631 6.636 6.640 6.643 6.647 6.650 6.653 6.656 6.659 6.662 6.665 6.668 6.671 6.674 6.676 6.679 6.681 6.683 6.684 6.686 6.687 6.689 6.689 6.690 6.690 6.690 6.687 6.683 6.676 6.665 6.652 6.641 6.635 6.634 6.640 6.657
6.473 6.480 6.487 6.493 6.500 6.505 6.511 6.516 6.520 6.524 6.528 6.531 6.534 6.537 6.539 6.542 6.544 6.547 6.550 6.554 6.557 6.559 6.562 6.565 6.568 6.572 6.576 6.580 6.584 6.589 6.593 6.597 6.602 6.606 6.610 6.615 6.619 6.623 6.628 6.632 6.637 6.641 6.646 6.650 6.653 6.657 6.660 6.663 6.666 6.669 6.672 6.675 6.678 6.681 6.683 6.686 6.688 6.690 6.692 6.694 6.695 6.696 6.698 6.699 6.699 6.700 6.699 6.697 6.693 6.686 6.676 6.664 6.652 6.648 6.648 6.656 6.675
6.477 6.485 6.492 6.499 6.505 6.512 6.517 6.523 6.527 6.532 6.536 6.539 6.542 6.545 6.548 6.551 6.553 6.556 6.559 6.563 6.565 6.568 6.570 6.573 6.577 6.580 6.584 6.588 6.593 6.597 6.601 6.606 6.610 6.615 6.619 6.624 6.628 6.633 6.637 6.642 6.646 6.651 6.656 6.660 6.663 6.667 6.670 6.673 6.676 6.679 6.682 6.685 6.688 6.691 6.693 6.695 6.698 6.700 6.702 6.703 6.705 6.706 6.708 6.709 6.710 6.710 6.710 6.708 6.704 6.698 6.689 6.676 6.666 6.663 6.665 6.674 6.695
6.482 6.490 6.497 6.504 6.511 6.517 6.523 6.529 6.534 6.539 6.543 6.547 6.551 6.554 6.557 6.560 6.562 6.565 6.568 6.571 6.574 6.576 6.579 6.582 6.585 6.588 6.592 6.596 6.601 6.605 6.609 6.614 6.619 6.623 6.628 6.632 6.637 6.642 6.646 6.651 6.656 6.660 6.665 6.670 6.673 6.677 6.680 6.683 6.686 6.689 6.692 6.695 6.698 6.701 6.703 6.706 6.708 6.710 6.712 6.714 6.715 6.717 6.718 6.720 6.721 6.722 6.722 6.720 6.717 6.711 6.703 6.691 6.682 6.680 6.684 6.695 6.718
6.487 6.494 6.502 6.509 6.516 6.523 6.529 6.535 6.541 6.546 6.550 6.554 6.558 6.562 6.565 6.568 6.571 6.573 6.576 6.580 6.582 6.585 6.587 6.590 6.593 6.596 6.600 6.604 6.608 6.613 6.617 6.622 6.627 6.631 6.636 6.641 6.645 6.650 6.655 6.660 6.665 6.670 6.675 6.679 6.683 6.686 6.690 6.693 6.696 6.700 6.703 6.706 6.709 6.711 6.714 6.716 6.718 6.721 6.723 6.724 6.726 6.728 6.730 6.731 6.733 6.734 6.735 6.734 6.731 6.726 6.718 6.708 6.700 6.700 6.706 6.718 6.742
6.491 6.499 6.507 6.514 6.521 6.528 6.535 6.541 6.547 6.552 6.557 6.562 6.566 6.569 6.573 6.576 6.579 6.582 6.585 6.588 6.591 6.593 6.595 6.598 6.601 6.604 6.608 6.612 6.616 6.620 6.625 6.629 6.634 6.639 6.644 6.649 6.654 6.658 6.663 6.668 6.673 6.678 6.684 6.688 6.692 6.696 6.700 6.703 6.706 6.710 6.713 6.716 6.719 6.722 6.725 6.727 6.729 6.732 6.734 6.736 6.738 6.740 6.742 6.744 6.746 6.748 6.749 6.748 6.747 6.743 6.736 6.727 6.720 6.721 6.728 6.742 6.767
6.495 6.504 6.511 6.519 6.526 6.534 6.540 6.547 6.553 6.558 6.563 6.568 6.573 6.577 6.580 6.584 6.587 6.590 6.593 6.596 6.599 6.601 6.603 6.605 6.608 6.611 6.615 6.619 6.623 6.627 6.632 6.637 6.642 6.646 6.651 6.656 6.661 6.666 6.671 6.677 6.682 6.687 6.692 6.697 6.701 6.705 6.709 6.713 6.716 6.720 6.723 6.726 6.730 6.733 6.735 6.738 6.741 6.743 6.746 6.748 6.750 6.753 6.755 6.757 6.760 6.762 6.764 6.764 6.764 6.761 6.755 6.747 6.742 6.744 6.752 6.766 6.792
6.500 6.508 6.516 6.524 6.531 6.539 6.546 6.552 6.558 6.564 6.570 6.575 6.579 6.583 6.587 6.591 6.594 6.597 6.601 6.604 6.607 6.609 6.611 6.613 6.616 6.619 6.622 6.626 6.630 6.635 6.639 6.644 6.649 6.654 6.659 6.664 6.669 6.674 6.679 6.684 6.690 6.695 6.701 6.706 6.710 6.714 6.718 6.722 6.726 6.729 6.733 6.737 6.740 6.743 6.747 6.750 6.753 6.755 6.758 6.761 6.763 6.766 6.769 6.772 6.775 6.778 6.780 6.781 6.782 6.780 6.776 6.769 6.764 6.768 6.776 6.791 6.817
6.505 6.513 6.521 6.529 6.536 6.544 6.551 6.558 6.564 6.570 6.576 6.581 6.586 6.590 6.594 6.598 6.602 6.605 6.608 6.612 6.614 6.616 6.618 6.621 6.623 6.626 6.630 6.633 6.637 6.642 6.646 6.651 6.656 6.661 6.666 6.671 6.676 6.681 6.686 6.692 6.697 6.703 6.709 6.714 6.718 6.723 6.727 6.731 6.735 6.739 6.743 6.747 6.751 6.754 6.758 6.761 6.765 6.768 6.771 6.774 6.777 6.780 6.783 6.787 6.791 6.795 6.797 6.799 6.801 6.801 6.797 6.792 6.788 6.792 6.801 6.816 6.842
6.509 6.518 6.526 6.534 6.541 6.549 6.556 6.563 6.569 6.576 6.581 6.587 6.592 6.597 6.601 6.605 6.609 6.612 6.616 6.619 6.622 6.624 6.626 6.628 6.631 6.634 6.637 6.641 6.644 6.649 6.653 6.658 6.662 6.667 6.672 6.678 6.683 6.688 6.694 6.699 6.705 6.711 6.717 6.722 6.726 6.731 6.735 6.740 6.744 6.749 6.753 6.757 6.761 6.765 6.769 6.773 6.777 6.780 6.784 6.788 6.791 6.795 6.799 6.803 6.807 6.812 6.815 6.819 6.822 6.822 6.820 6.815 6.811 6.816 6.825 6.841 6.867
6.514 6.522 6.531 6.539 6.546 6.554 6.561 6.568 6.575 6.581 6.587 6.593 6.598 6.603 6.608 6.612 6.616 6.620 6.623 6.627 6.630 6.632 6.634 6.636 6.638 6.641 6.644 6.648 6.651 6.655 6.660 6.664 6.669 6.674 6.679 6.684 6.690 6.695 6.700 6.706 6.712 6.718 6.724 6.730 6.734 6.739 6.744 6.749 6.753 6.758 6.763 6.767 6.772 6.776 6.781 6.785 6.789 6.793 6.798 6.802 6.806 6.810 6.815 6.819 6.825 6.830 6.834 6.839 6.843 6.845 6.843 6.839 6.836 6.841 6.850 6.866 6.892
6.519 6.527 6.536 6.544 6.551 6.559 6.566 6.574 6.580 6.587 6.593 6.599 6.604 6.609 6.614 6.619 6.623 6.627 6.630 6.634 6.637 6.639 6.641 6.643 6.646 6.649 6.652 6.655 6.659 6.662 6.667 6.671 6.676 6.681 6.686 6.691 6.696 6.702 6.707 6.713 6.719 6.725 6.732 6.737 6.742 6.747 6.752 6.757 6.762 6.767 6.773 6.778 6.783 6.788 6.792 6.797 6.802 6.807 6.811 6.816 6.821 6.826 6.831 6.837 6.843 6.849 6.854 6.860 6.865 6.868 6.867 6.863 6.861 6.866 6.876 6.891 6.918
6.524 6.533 6.541 6.549 6.557 6.564 6.572 6.579 6.586 6.592 6.599 6.605 6.610 6.616 6.621 6.625 6.630 6.634 6.638 6.641 6.645 6.647 6.649 6.651 6.653 6.656 6.659 6.662 6.666 6.670 6.674 6.678 6.683 6.687 6.692 6.698 6.703 6.709 6.714 6.720 6.726 6.733 6.739 6.745 6.750 6.755 6.761 6.766 6.771 6.777 6.782 6.788 6.793 6.799 6.804 6.810 6.815 6.820 6.826 6.831 6.836 6.842 6.848 6.854 6.861 6.868 6.875 6.881 6.887 6.891 6.891 6.888 6.886 6.891 6.901 6.917 6.945
6.530 6.538 6.546 6.554 6.562 6.570 6.577 6.584 6.591 6.598 6.605 6.611 6.616 6.622 6.627 6.632 6.636 6.641 6.645 6.649 6.652 6.654 6.656 6.659 6.661 6.664 6.666 6.670 6.673 6.677 6.681 6.685 6.690 6.694 6.699 6.705 6.710 6.715 6.721 6.727 6.734 6.740 6.747 6.752 6.758 6.763 6.769 6.775 6.781 6.786 6.792 6.798 6.804 6.810 6.816 6.822 6.828 6.834 6.840 6.846 6.852 6.859 6.865 6.873 6.880 6.888 6.895 6.903 6.910 6.915 6.916 6.913 6.912 6.917 6.928 6.945 6.973
6.535 6.543 6.552 6.560 6.568 6.575 6.583 6.590 6.597 6.604 6.610 6.617 6.622 6.628 6.633 6.638 6.643 6.648 6.652 6.656 6.659 6.662 6.664 6.666 6.669 6.671 6.674 6.677 6.680 6.684 6.688 6.692 6.697 6.701 6.706 6.712 6.717 6.723 6.728 6.735 6.741 6.748 6.754 6.760 6.766 6.772 6.778 6.784 6.790 6.796 6.802 6.809 6.815 6.822 6.828 6.835 6.841 6.848 6.855 6.862 6.868 6.876 6.883 6.891 6.900 6.908 6.916 6.925 6.933 6.938 6.940 6.939 6.938 6.944 6.955 6.972 7.000
6.541 6.549 6.557 6.565 6.573 6.581 6.588 6.596 6.603 6.610 6.616 6.623 6.629 6.634 6.640 6.645 6.650 6.655 6.659 6.664 6.667 6.669 6.672 6.674 6.676 6.679 6.682 6.685 6.688 6.692 6.695 6.700 6.704 6.709 6.714 6.719 6.724 6.730 6.736 6.742 6.749 6.756 6.762 6.768 6.774 6.780 6.787 6.793 6.799 6.806 6.813 6.820 6.827 6.834 6.841 6.848 6.855 6.862 6.870 6.877 6.885 6.893 6.901 6.910 6.919 6.928 6.938 6.947 6.956 6.963 6.965 6.964 6.963 6.970 6.982 6.998 7.027
6.546 6.554 6.563 6.571 6.579 6.587 6.594 6.602 6.609 6.616 6.622 6.629 6.635 6.641 6.646 6.652 6.657 6.662 6.666 6.671 6.674 6.677 6.679 6.682 6.684 6.687 6.690 6.693 6.696 6.699 6.703 6.707 6.712 6.716 6.721 6.726 6.732 6.738 6.744 6.750 6.757 6.764 6.770 6.777 6.783 6.789 6.796 6.803 6.809 6.816 6.824 6.831 6.838 6.846 6.853 6.861 6.869 6.877 6.885 6.893 6.901 6.910 6.919 6.929 6.939 6.949 6.959 6.969 6.979 6.986 6.990 6.989 6.989 6.996 7.007 7.024 7.052
6.552 6.560 6.568 6.577 6.585 6.592 6.600 6.608 6.615 6.622 6.629 6.635 6.641 6.647 6.653 6.658 6.664 6.669 6.674 6.678 6.681 6.684 6.687 6.689 6.692 6.695 6.698 6.701 6.704 6.707 6.711 6.715 6.720 6.724 6.729 6.734 6.740 6.746 6.752 6.758 6.765 6.772 6.779 6.785 6.792 6.799 6.805 6.812 6.820 6.827 6.835 6.842 6.850 6.858 6.867 6.875 6.883 6.892 6.900 6.909 6.918 6.928 6.937 6.948 6.958 6.969 6.980 6.991 7.002 7.010 7.014 7.014 7.014 7.021 7.032 7.048 7.075
6.557 6.566 6.574 6.582 6.590 6.598 6.606 6.614 6.621 6.628 6.635 6.641 6.648 6.654 6.660 6.665 6.671 6.676 6.681 6.686 6.689 6.692 6.695 6.697 6.700 6.703 6.706 6.709 6.712 6.716 6.719 6.723 6.728 6.732 6.737 6.743 6.748 6.754 6.760 6.767 6.774 6.781 6.788 6.795 6.801 6.808 6.815 6.823 6.830 6.838 6.846 6.854 6.863 6.871 6.880 6.889 6.898 6.907 6.916 6.926 6.935 6.945 6.956 6.967 6.978 6.990 7.001 7.013 7.024 7.033 7.038 7.038 7.037 7.044 7.055 7.070 7.097
6.563 6.571 6.580 6.588 6.596 6.604 6.612 6.620 6.627 6.634 6.641 6.648 6.654 6.660 6.666 6.672 6.678 6.683 6.689 6.693 6.696 6.700 6.703 6.705 6.708 6.711 6.714 6.717 6.721 6.724 6.728 6.732 6.736 6.741 6.746 6.751 6.757 6.763 6.769 6.776 6.783 6.790 6.797 6.804 6.811 6.818 6.826 6.834 6.842 6.850 6.858 6.867 6.875 6.884 6.894 6.903 6.912 6.922 6.932 6.942 6.952 6.963 6.974 6.986 6.998 7.010 7.022 7.034 7.046 7.056 7.061 7.061 7.059 7.067 7.077 7.092 7.118
6.568 6.577 6.585 6.594 6.602 6.610 6.618 6.626 6.633 6.641 6.648 6.654 6.661 6.667 6.673 6.679 6.685 6.691 6.696 6.701 6.704 6.707 6.711 6.714 6.717 6.720 6.723 6.726 6.729 6.733 6.737 6.741 6.745 6.750 6.755 6.760 6.766 6.772 6.778 6.785 6.792 6.800 6.807 6.814 6.822 6.829 6.837 6.845 6.853 6.862 6.870 6.879 6.888 6.898 6.908 6.917 6.927 6.938 6.948 6.959 6.970 6.981 6.993 7.005 7.017 7.030 7.043 7.056 7.068 7.078 7.083 7.083 7.082 7.089 7.100 7.114 7.139
