TsunamiDB/out54173.asc
ncols          264
nrows          230
xllcorner      497853.4375
yllcorner      4229146.0000
cellsize         5.
NODATA_value   -99
[rows 68 to 101 of 230, columns 154 to 230 of 264]
6.716 6.720 6.724 6.728 6.732 6.736 6.740 6.743 6.747 6.751 6.754 6.758 6.761 6.765 6.768 6.771 6.774 6.777 6.780 6.783 6.786 6.789 6.791 6.793 6.796 6.798 6.801 6.803 6.805 6.808 6.810 6.812 6.815 6.817 6.820 6.822 6.825 6.827 6.830 6.832 6.835 6.838 6.841 6.843 6.846 6.848 6.850 6.853 6.855 6.857 6.859 6.862 6.864 6.866 6.868 6.870 6.872 6.874 6.876 6.878 6.880 6.883 6.885 6.888 6.891 6.894 6.897 6.901 6.904 6.907 6.908 6.904 6.899 6.899 6.899 6.900 6.908
6.724 6.728 6.733 6.737 6.741 6.745 6.749 6.753 6.757 6.761 6.765 6.768 6.772 6.776 6.779 6.783 6.786 6.789 6.793 6.796 6.799 6.802 6.805 6.807 6.810 6.813 6.815 6.818 6.820 6.823 6.825 6.828 6.830 6.832 6.835 6.837 6.840 6.842 6.845 6.847 6.850 6.853 6.856 6.858 6.860 6.863 6.865 6.867 6.869 6.871 6.873 6.875 6.877 6.879 6.881 6.883 6.884 6.886 6.888 6.890 6.892 6.894 6.896 6.899 6.902 6.905 6.908 6.912 6.916 6.919 6.920 6.917 6.912 6.911 6.912 6.913 6.922
6.732 6.736 6.740 6.745 6.749 6.753 6.757 6.762 6.766 6.770 6.774 6.778 6.782 6.786 6.790 6.793 6.797 6.801 6.805 6.809 6.812 6.815 6.818 6.821 6.824 6.827 6.830 6.832 6.835 6.838 6.840 6.843 6.845 6.848 6.851 6.853 6.856 6.858 6.861 6.864 6.866 6.869 6.872 6.874 6.876 6.879 6.881 6.883 6.885 6.887 6.889 6.891 6.892 6.894 6.896 6.898 6.899 6.901 6.902 6.904 6.906 6.908 6.910 6.913 6.916 6.919 6.922 6.926 6.930 6.933 6.934 6.931 6.927 6.926 6.928 6.930 6.938
6.738 6.743 6.747 6.752 6.756 6.761 6.765 6.770 6.774 6.778 6.783 6.787 6.791 6.795 6.799 6.803 6.807 6.811 6.816 6.820 6.823 6.827 6.830 6.834 6.837 6.840 6.843 6.846 6.849 6.852 6.855 6.858 6.861 6.864 6.866 6.869 6.872 6.875 6.877 6.880 6.883 6.886 6.889 6.891 6.894 6.896 6.898 6.900 6.902 6.904 6.906 6.908 6.910 6.912 6.913 6.915 6.916 6.918 6.919 6.921 6.923 6.924 6.926 6.929 6.932 6.935 6.938 6.942 6.946 6.950 6.951 6.949 6.945 6.944 6.946 6.948 6.957
6.744 6.749 6.754 6.759 6.763 6.768 6.772 6.777 6.782 6.786 6.790 6.795 6.799 6.804 6.808 6.812 6.817 6.821 6.826 6.830 6.834 6.838 6.842 6.845 6.849 6.852 6.856 6.859 6.863 6.866 6.869 6.872 6.875 6.879 6.882 6.885 6.888 6.891 6.894 6.897 6.900 6.903 6.906 6.909 6.911 6.914 6.916 6.919 6.921 6.923 6.925 6.927 6.929 6.930 6.932 6.934 6.935 6.937 6.938 6.940 6.941 6.943 6.945 6.948 6.951 6.954 6.957 6.961 6.966 6.970 6.971 6.969 6.965 6.965 6.967 6.970 6.979
6.750 6.755 6.760 6.765 6.770 6.774 6.779 6.784 6.788 6.793 6.798 6.802 6.807 6.811 6.816 6.820 6.825 6.830 6.834 6.839 6.843 6.848 6.852 6.856 6.860 6.864 6.868 6.871 6.875 6.879 6.882 6.886 6.889 6.893 6.896 6.899 6.903 6.906 6.909 6.913 6.916 6.919 6.923 6.926 6.929 6.931 6.934 6.937 6.939 6.942 6.944 6.946 6.948 6.950 6.952 6.954 6.955 6.957 6.959 6.960 6.962 6.964 6.966 6.969 6.972 6.975 6.978 6.983 6.987 6.992 6.993 6.991 6.988 6.988 6.991 6.994 7.004
6.755 6.760 6.765 6.771 6.775 6.780 6.785 6.790 6.795 6.800 6.804 6.809 6.814 6.818 6.823 6.828 6.833 6.837 6.842 6.847 6.852 6.856 6.861 6.865 6.870 6.874 6.878 6.882 6.886 6.890 6.894 6.898 6.901 6.905 6.909 6.913 6.916 6.920 6.924 6.927 6.931 6.935 6.938 6.942 6.945 6.948 6.951 6.954 6.957 6.960 6.962 6.965 6.967 6.970 6.972 6.974 6.976 6.978 6.980 6.982 6.984 6.986 6.988 6.991 6.994 6.998 7.001 7.006 7.011 7.016 7.018 7.016 7.013 7.014 7.017 7.021 7.031
6.760 6.766 6.771 6.776 6.781 6.786 6.791 6.796 6.801 6.806 6.811 6.815 6.820 6.825 6.830 6.835 6.839 6.844 6.850 6.855 6.860 6.864 6.869 6.874 6.878 6.883 6.887 6.891 6.896 6.900 6.904 6.908 6.912 6.916 6.921 6.925 6.928 6.932 6.936 6.940 6.944 6.949 6.953 6.956 6.960 6.964 6.967 6.970 6.974 6.977 6.980 6.983 6.986 6.989 6.991 6.994 6.996 6.999 7.001 7.003 7.006 7.008 7.011 7.014 7.017 7.021 7.025 7.030 7.036 7.041 7.044 7.043 7.040 7.041 7.045 7.049 7.059
6.765 6.770 6.776 6.781 6.786 6.791 6.796 6.802 6.807 6.812 6.816 6.821 6.826 6.831 6.836 6.841 6.846 6.851 6.856 6.862 6.867 6.871 6.876 6.881 6.886 6.891 6.895 6.900 6.904 6.909 6.913 6.918 6.922 6.926 6.931 6.935 6.939 6.944 6.948 6.952 6.956 6.961 6.965 6.969 6.973 6.977 6.981 6.985 6.989 6.992 6.996 6.999 7.002 7.006 7.009 7.012 7.015 7.018 7.021 7.024 7.026 7.029 7.033 7.036 7.040 7.044 7.049 7.055 7.061 7.066 7.069 7.068 7.065 7.069 7.073 7.078 7.088
6.769 6.775 6.780 6.786 6.791 6.796 6.802 6.807 6.812 6.817 6.822 6.827 6.832 6.837 6.842 6.847 6.852 6.857 6.863 6.868 6.873 6.878 6.883 6.888 6.893 6.898 6.903 6.907 6.912 6.917 6.922 6.926 6.931 6.935 6.940 6.944 6.949 6.953 6.958 6.962 6.967 6.972 6.976 6.981 6.985 6.989 6.993 6.997 7.002 7.006 7.009 7.013 7.017 7.021 7.024 7.028 7.032 7.035 7.039 7.042 7.045 7.049 7.053 7.057 7.061 7.066 7.072 7.078 7.084 7.090 7.093 7.092 7.091 7.096 7.101 7.107 7.118
6.774 6.779 6.785 6.790 6.796 6.801 6.807 6.812 6.817 6.822 6.827 6.833 6.838 6.843 6.848 6.853 6.858 6.863 6.868 6.874 6.879 6.884 6.889 6.894 6.899 6.904 6.909 6.914 6.919 6.924 6.929 6.934 6.938 6.943 6.948 6.953 6.957 6.962 6.967 6.971 6.976 6.981 6.986 6.990 6.995 6.999 7.004 7.008 7.013 7.017 7.021 7.026 7.030 7.034 7.038 7.042 7.046 7.050 7.054 7.058 7.062 7.066 7.071 7.075 7.080 7.086 7.092 7.098 7.105 7.111 7.114 7.115 7.115 7.121 7.128 7.135 7.148
6.778 6.783 6.789 6.795 6.800 6.806 6.811 6.817 6.822 6.827 6.833 6.838 6.843 6.848 6.853 6.858 6.863 6.869 6.874 6.879 6.885 6.890 6.895 6.900 6.905 6.910 6.915 6.920 6.925 6.930 6.935 6.940 6.945 6.950 6.955 6.960 6.965 6.969 6.974 6.979 6.984 6.989 6.994 6.999 7.004 7.008 7.013 7.018 7.022 7.027 7.032 7.036 7.041 7.045 7.050 7.054 7.058 7.063 7.068 7.072 7.077 7.081 7.086 7.091 7.097 7.103 7.109 7.116 7.123 7.129 7.133 7.135 7.136 7.144 7.152 7.162 7.177
6.781 6.787 6.793 6.799 6.805 6.810 6.816 6.821 6.827 6.832 6.838 6.843 6.848 6.853 6.858 6.863 6.869 6.874 6.880 6.885 6.890 6.895 6.900 6.905 6.911 6.916 6.921 6.926 6.931 6.936 6.941 6.946 6.951 6.956 6.961 6.966 6.971 6.976 6.981 6.986 6.992 6.997 7.002 7.007 7.011 7.016 7.021 7.026 7.031 7.036 7.040 7.045 7.050 7.055 7.059 7.064 7.069 7.074 7.079 7.084 7.089 7.094 7.099 7.105 7.111 7.117 7.124 7.131 7.138 7.144 7.149 7.152 7.156 7.165 7.175 7.187 7.205
6.785 6.791 6.797 6.803 6.809 6.814 6.820 6.826 6.831 6.837 6.842 6.848 6.853 6.858 6.863 6.868 6.874 6.879 6.885 6.890 6.895 6.900 6.905 6.911 6.916 6.921 6.926 6.931 6.937 6.942 6.947 6.952 6.957 6.962 6.967 6.972 6.977 6.982 6.988 6.993 6.998 7.003 7.008 7.013 7.018 7.023 7.028 7.033 7.038 7.043 7.048 7.053 7.058 7.063 7.068 7.073 7.078 7.084 7.089 7.094 7.100 7.105 7.111 7.117 7.123 7.129 7.136 7.143 7.150 7.157 7.163 7.167 7.173 7.183 7.196 7.210 7.231
6.789 6.795 6.801 6.806 6.812 6.818 6.824 6.830 6.835 6.841 6.847 6.852 6.857 6.863 6.868 6.873 6.879 6.884 6.890 6.895 6.900 6.905 6.910 6.916 6.921 6.926 6.931 6.937 6.942 6.947 6.952 6.957 6.963 6.968 6.973 6.978 6.983 6.988 6.993 6.999 7.004 7.009 7.014 7.020 7.025 7.030 7.035 7.040 7.045 7.050 7.055 7.060 7.065 7.070 7.076 7.081 7.086 7.092 7.098 7.103 7.109 7.115 7.120 7.126 7.133 7.139 7.145 7.153 7.160 7.168 7.175 7.181 7.188 7.200 7.215 7.231 7.255
6.792 6.798 6.804 6.810 6.816 6.822 6.828 6.834 6.839 6.845 6.851 6.856 6.862 6.867 6.873 6.878 6.883 6.889 6.895 6.900 6.905 6.910 6.915 6.921 6.926 6.931 6.936 6.941 6.947 6.952 6.957 6.962 6.968 6.973 6.978 6.983 6.988 6.994 6.999 7.004 7.010 7.015 7.020 7.025 7.030 7.036 7.041 7.046 7.051 7.056 7.061 7.067 7.072 7.077 7.083 7.088 7.094 7.100 7.106 7.112 7.118 7.123 7.129 7.135 7.141 7.147 7.154 7.161 7.169 7.177 7.185 7.193 7.202 7.215 7.232 7.250 7.275
6.795 6.801 6.807 6.813 6.819 6.825 6.831 6.837 6.843 6.849 6.855 6.861 6.866 6.872 6.877 6.883 6.888 6.894 6.899 6.905 6.910 6.915 6.920 6.925 6.931 6.936 6.941 6.946 6.951 6.957 6.962 6.967 6.972 6.978 6.983 6.988 6.994 6.999 7.004 7.009 7.015 7.020 7.026 7.031 7.036 7.041 7.046 7.052 7.057 7.062 7.068 7.073 7.078 7.084 7.089 7.095 7.101 7.107 7.113 7.120 7.126 7.131 7.137 7.142 7.149 7.154 7.161 7.168 7.176 7.185 7.195 7.204 7.214 7.229 7.247 7.267 7.295
6.798 6.804 6.810 6.816 6.822 6.829 6.835 6.841 6.847 6.853 6.859 6.864 6.870 6.876 6.881 6.887 6.892 6.898 6.904 6.909 6.914 6.920 6.925 6.930 6.935 6.940 6.946 6.951 6.956 6.961 6.967 6.972 6.977 6.983 6.988 6.993 6.998 7.004 7.009 7.014 7.020 7.026 7.031 7.036 7.041 7.047 7.052 7.057 7.063 7.068 7.073 7.079 7.085 7.090 7.096 7.102 7.108 7.114 7.121 7.127 7.133 7.139 7.144 7.149 7.155 7.160 7.167 7.174 7.183 7.193 7.204 7.214 7.226 7.242 7.261 7.283 7.312
6.801 6.807 6.813 6.819 6.825 6.832 6.838 6.844 6.850 6.856 6.862 6.868 6.874 6.880 6.885 6.891 6.897 6.903 6.908 6.914 6.919 6.924 6.929 6.935 6.940 6.945 6.950 6.955 6.961 6.966 6.971 6.977 6.982 6.987 6.992 6.998 7.003 7.009 7.014 7.019 7.025 7.031 7.036 7.041 7.047 7.052 7.057 7.063 7.068 7.074 7.079 7.085 7.091 7.096 7.102 7.108 7.115 7.121 7.128 7.134 7.140 7.146 7.150 7.156 7.161 7.166 7.173 7.180 7.190 7.201 7.212 7.223 7.236 7.254 7.274 7.299 7.329
6.804 6.810 6.816 6.822 6.828 6.834 6.841 6.847 6.853 6.859 6.865 6.871 6.877 6.883 6.889 6.895 6.901 6.907 6.912 6.918 6.923 6.928 6.934 6.939 6.944 6.949 6.955 6.960 6.965 6.970 6.976 6.981 6.986 6.992 6.997 7.002 7.008 7.013 7.019 7.024 7.030 7.036 7.041 7.047 7.052 7.057 7.063 7.068 7.074 7.079 7.085 7.091 7.097 7.103 7.109 7.115 7.121 7.128 7.135 7.141 7.147 7.152 7.157 7.162 7.167 7.173 7.179 7.187 7.197 7.208 7.219 7.232 7.247 7.266 7.287 7.314 7.347
6.806 6.812 6.818 6.825 6.831 6.837 6.843 6.850 6.856 6.862 6.868 6.874 6.881 6.887 6.893 6.898 6.904 6.910 6.916 6.922 6.927 6.933 6.938 6.943 6.949 6.954 6.959 6.964 6.970 6.975 6.980 6.985 6.991 6.996 7.002 7.007 7.012 7.018 7.023 7.029 7.035 7.041 7.046 7.052 7.057 7.063 7.068 7.074 7.079 7.085 7.091 7.097 7.103 7.109 7.115 7.121 7.128 7.135 7.141 7.148 7.154 7.159 7.163 7.169 7.174 7.179 7.185 7.193 7.203 7.214 7.226 7.241 7.259 7.279 7.302 7.331 7.367
6.808 6.814 6.821 6.827 6.833 6.840 6.846 6.852 6.859 6.865 6.871 6.877 6.884 6.890 6.896 6.902 6.908 6.914 6.920 6.926 6.931 6.937 6.942 6.947 6.953 6.958 6.963 6.969 6.974 6.979 6.984 6.990 6.995 7.001 7.006 7.011 7.017 7.022 7.028 7.034 7.040 7.045 7.051 7.057 7.062 7.068 7.073 7.079 7.085 7.091 7.096 7.102 7.109 7.115 7.121 7.128 7.134 7.141 7.148 7.155 7.161 7.166 7.170 7.175 7.180 7.185 7.192 7.200 7.209 7.220 7.233 7.250 7.271 7.293 7.317 7.350 7.389
6.810 6.817 6.823 6.829 6.835 6.842 6.848 6.855 6.861 6.867 6.874 6.880 6.886 6.893 6.899 6.905 6.911 6.917 6.924 6.929 6.935 6.940 6.946 6.951 6.957 6.962 6.967 6.973 6.978 6.983 6.989 6.994 6.999 7.005 7.010 7.016 7.021 7.027 7.032 7.038 7.044 7.050 7.056 7.061 7.067 7.073 7.078 7.084 7.090 7.096 7.102 7.108 7.114 7.121 7.127 7.134 7.141 7.148 7.155 7.162 7.168 7.173 7.177 7.182 7.187 7.192 7.198 7.206 7.215 7.226 7.241 7.260 7.284 7.308 7.334 7.371 7.412
6.812 6.818 6.825 6.831 6.837 6.844 6.850 6.857 6.863 6.870 6.876 6.882 6.889 6.895 6.901 6.908 6.914 6.920 6.927 6.933 6.938 6.944 6.950 6.955 6.961 6.966 6.971 6.977 6.982 6.987 6.993 6.998 7.004 7.009 7.014 7.020 7.026 7.031 7.037 7.043 7.049 7.055 7.060 7.066 7.072 7.078 7.084 7.089 7.095 7.101 7.108 7.114 7.120 7.127 7.133 7.140 7.147 7.154 7.161 7.168 7.175 7.179 7.183 7.188 7.193 7.198 7.204 7.211 7.220 7.232 7.248 7.270 7.298 7.324 7.352 7.393 7.438
6.814 6.820 6.826 6.833 6.839 6.846 6.852 6.859 6.865 6.872 6.878 6.885 6.891 6.898 6.904 6.910 6.917 6.923 6.930 6.936 6.942 6.947 6.953 6.959 6.964 6.970 6.975 6.980 6.986 6.991 6.997 7.002 7.007 7.013 7.018 7.024 7.030 7.035 7.041 7.047 7.053 7.059 7.065 7.071 7.076 7.082 7.088 7.094 7.100 7.107 7.113 7.119 7.126 7.132 7.139 7.146 7.153 7.160 7.168 7.175 7.181 7.186 7.190 7.194 7.199 7.203 7.209 7.217 7.226 7.238 7.256 7.282 7.314 7.342 7.372 7.416 7.465
6.816 6.822 6.828 6.834 6.841 6.847 6.854 6.860 6.867 6.873 6.880 6.887 6.893 6.900 6.906 6.913 6.919 6.926 6.932 6.939 6.945 6.950 6.956 6.962 6.968 6.973 6.979 6.984 6.990 6.995 7.000 7.006 7.011 7.017 7.022 7.028 7.034 7.039 7.045 7.051 7.057 7.063 7.069 7.075 7.081 7.087 7.093 7.099 7.105 7.112 7.118 7.124 7.131 7.138 7.144 7.151 7.159 7.166 7.174 7.181 7.188 7.192 7.195 7.200 7.205 7.208 7.214 7.222 7.231 7.245 7.266 7.296 7.331 7.360 7.393 7.440 7.490
6.817 6.823 6.829 6.836 6.842 6.849 6.855 6.862 6.868 6.875 6.882 6.888 6.895 6.902 6.908 6.915 6.921 6.928 6.935 6.941 6.947 6.953 6.959 6.965 6.971 6.976 6.982 6.987 6.993 6.998 7.004 7.009 7.015 7.020 7.026 7.032 7.037 7.043 7.049 7.055 7.061 7.067 7.073 7.079 7.085 7.091 7.097 7.104 7.110 7.116 7.123 7.129 7.136 7.143 7.150 7.157 7.164 7.172 7.180 7.187 7.194 7.198 7.201 7.205 7.210 7.213 7.219 7.227 7.237 7.252 7.276 7.307 7.346 7.378 7.412 7.462 7.513
6.818 6.824 6.831 6.837 6.844 6.850 6.857 6.863 6.870 6.877 6.883 6.890 6.897 6.903 6.910 6.917 6.923 6.930 6.937 6.943 6.950 6.956 6.962 6.968 6.974 6.979 6.985 6.991 6.996 7.002 7.007 7.013 7.018 7.024 7.029 7.035 7.041 7.047 7.052 7.059 7.065 7.071 7.077 7.083 7.089 7.095 7.102 7.108 7.114 7.121 7.127 7.134 7.141 7.147 7.154 7.162 7.169 7.177 7.185 7.193 7.199 7.203 7.206 7.210 7.214 7.217 7.223 7.231 7.242 7.260 7.285 7.320 7.364 7.398 7.433 7.485 7.537
6.819 6.826 6.832 6.838 6.845 6.851 6.858 6.865 6.871 6.878 6.885 6.891 6.898 6.905 6.912 6.918 6.925 6.932 6.939 6.946 6.952 6.958 6.964 6.970 6.976 6.982 6.988 6.994 6.999 7.005 7.010 7.016 7.021 7.027 7.033 7.038 7.044 7.050 7.056 7.062 7.069 7.075 7.081 7.087 7.093 7.099 7.106 7.112 7.119 7.125 7.132 7.138 7.145 7.152 7.159 7.166 7.174 7.182 7.191 7.198 7.204 7.207 7.209 7.213 7.218 7.221 7.227 7.236 7.249 7.269 7.297 7.338 7.386 7.420 7.455 7.508 7.561
6.820 6.827 6.833 6.839 6.846 6.852 6.859 6.866 6.872 6.879 6.886 6.893 6.899 6.906 6.913 6.920 6.927 6.934 6.941 6.947 6.954 6.960 6.966 6.973 6.979 6.985 6.990 6.996 7.002 7.008 7.013 7.019 7.025 7.030 7.036 7.042 7.047 7.053 7.059 7.066 7.072 7.078 7.084 7.091 7.097 7.103 7.110 7.116 7.123 7.129 7.136 7.142 7.149 7.156 7.163 7.171 7.179 7.187 7.195 7.203 7.208 7.210 7.212 7.217 7.222 7.225 7.232 7.243 7.258 7.281 7.314 7.360 7.408 7.441 7.477 7.531 7.584
6.821 6.827 6.834 6.840 6.847 6.853 6.860 6.867 6.873 6.880 6.887 6.894 6.900 6.907 6.914 6.921 6.928 6.936 6.942 6.949 6.956 6.962 6.968 6.975 6.981 6.987 6.993 6.999 7.005 7.010 7.016 7.022 7.027 7.033 7.039 7.045 7.050 7.056 7.062 7.069 7.075 7.081 7.088 7.094 7.100 7.107 7.113 7.120 7.126 7.133 7.139 7.146 7.153 7.160 7.167 7.175 7.183 7.191 7.199 7.206 7.211 7.213 7.216 7.221 7.226 7.231 7.239 7.252 7.270 7.296 7.334 7.380 7.428 7.462 7.498 7.552 7.606
6.822 6.828 6.835 6.841 6.847 6.854 6.861 6.867 6.874 6.881 6.888 6.895 6.901 6.908 6.915 6.922 6.930 6.937 6.944 6.951 6.957 6.964 6.970 6.977 6.983 6.989 6.995 7.001 7.007 7.013 7.019 7.024 7.030 7.036 7.042 7.048 7.053 7.059 7.066 7.072 7.078 7.085 7.091 7.097 7.104 7.110 7.117 7.123 7.130 7.136 7.143 7.150 7.156 7.163 7.171 7.178 7.187 7.195 7.202 7.208 7.213 7.216 7.219 7.226 7.232 7.238 7.248 7.263 7.284 7.314 7.353 7.400 7.448 7.482 7.518 7.574 7.628
6.823 6.829 6.835 6.842 6.848 6.855 6.861 6.868 6.875 6.882 6.889 6.895 6.902 6.909 6.916 6.923 6.931 6.938 6.945 6.952 6.959 6.965 6.972 6.978 6.985 6.991 6.997 7.003 7.009 7.015 7.021 7.027 7.033 7.039 7.044 7.050 7.056 7.062 7.069 7.075 7.082 7.088 7.094 7.100 7.107 7.113 7.120 7.127 7.133 7.140 7.146 7.153 7.160 7.167 7.174 7.182 7.190 7.197 7.204 7.211 7.215 7.219 7.224 7.231 7.239 7.247 7.259 7.277 7.301 7.332 7.372 7.418 7.468 7.502 7.539 7.594 7.649
6.823 6.830 6.836 6.842 6.849 6.855 6.862 6.869 6.876 6.882 6.889 6.896 6.903 6.910 6.917 6.924 6.932 6.939 6.946 6.953 6.960 6.967 6.974 6.980 6.987 6.993 6.999 7.006 7.012 7.018 7.024 7.029 7.035 7.041 7.047 7.053 7.059 7.065 7.071 7.078 7.085 7.091 7.097 7.104 7.110 7.117 7.123 7.130 7.136 7.143 7.150 7.156 7.163 7.170 7.177 7.184 7.192 7.199 7.206 7.212 7.218 7.223 7.229 7.238 7.248 7.258 7.273 7.293 7.317 7.349 7.389 7.436 7.487 7.522 7.558 7.615 7.670
