TsunamiDB/out54119.asc
ncols          264
nrows          230
xllcorner      497853.4375
yllcorner      4229146.0000
cellsize         5.
NODATA_value   -99
[rows 136 to 169 of 230, columns 154 to 230 of 264]
7.080 7.088 7.095 7.103 7.109 7.116 7.122 7.128 7.133 7.138 7.143 7.147 7.152 7.157 7.162 7.168 7.173 7.179 7.186 7.193 7.201 7.211 7.220 7.231 7.243 7.255 7.268 7.280 7.293 7.305 7.314 7.321 7.326 7.332 7.338 7.343 7.349 7.359 7.372 7.388 7.409 7.434 7.461 7.485 7.513 7.551 7.593 7.637 7.683 7.732 7.784 7.850 7.918 7.955 7.994 8.053 8.107 8.157 8.201 8.241 8.276 8.299 8.315 8.324 8.333 8.347 8.359 8.371 8.381 8.390 8.400 8.410 8.422 8.426 8.431 8.443 8.455
7.079 7.088 7.096 7.103 7.110 7.117 7.124 7.129 7.135 7.140 7.145 7.150 7.154 7.159 7.164 7.170 7.175 7.181 7.187 7.195 7.203 7.212 7.222 7.233 7.245 7.257 7.270 7.283 7.295 7.307 7.316 7.322 7.327 7.333 7.339 7.344 7.352 7.363 7.378 7.396 7.420 7.448 7.478 7.504 7.533 7.574 7.619 7.667 7.715 7.767 7.825 7.892 7.956 7.992 8.029 8.086 8.138 8.185 8.226 8.263 8.294 8.314 8.329 8.337 8.345 8.357 8.368 8.378 8.386 8.395 8.404 8.415 8.426 8.430 8.435 8.448 8.461
7.078 7.087 7.095 7.103 7.111 7.118 7.124 7.131 7.136 7.142 7.147 7.151 7.156 7.161 7.166 7.171 7.176 7.182 7.189 7.196 7.204 7.213 7.223 7.234 7.246 7.259 7.272 7.285 7.297 7.308 7.317 7.323 7.328 7.335 7.341 7.347 7.356 7.368 7.385 7.406 7.433 7.463 7.496 7.524 7.555 7.599 7.648 7.699 7.751 7.807 7.868 7.933 7.992 8.026 8.062 8.116 8.166 8.210 8.249 8.283 8.310 8.329 8.343 8.350 8.356 8.367 8.376 8.385 8.392 8.400 8.409 8.419 8.431 8.435 8.440 8.453 8.466
7.077 7.086 7.094 7.102 7.110 7.118 7.125 7.131 7.137 7.142 7.148 7.152 7.157 7.162 7.167 7.172 7.177 7.183 7.190 7.197 7.205 7.214 7.224 7.235 7.247 7.260 7.273 7.286 7.298 7.309 7.318 7.324 7.330 7.337 7.344 7.351 7.362 7.376 7.394 7.417 7.447 7.480 7.515 7.545 7.579 7.628 7.680 7.734 7.790 7.849 7.910 7.971 8.027 8.059 8.093 8.144 8.191 8.233 8.270 8.300 8.324 8.342 8.355 8.362 8.367 8.376 8.385 8.392 8.398 8.405 8.414 8.424 8.435 8.439 8.444 8.458 8.472
7.075 7.084 7.093 7.101 7.109 7.117 7.124 7.131 7.137 7.143 7.148 7.153 7.158 7.162 7.168 7.173 7.178 7.184 7.190 7.197 7.205 7.215 7.225 7.236 7.248 7.260 7.273 7.287 7.299 7.310 7.319 7.326 7.333 7.341 7.349 7.357 7.369 7.385 7.405 7.430 7.461 7.498 7.537 7.569 7.606 7.658 7.714 7.772 7.830 7.889 7.950 8.007 8.060 8.090 8.122 8.170 8.214 8.254 8.287 8.316 8.338 8.355 8.367 8.373 8.378 8.386 8.393 8.399 8.405 8.411 8.419 8.428 8.439 8.444 8.449 8.463 8.477
7.073 7.082 7.091 7.099 7.108 7.116 7.123 7.130 7.137 7.142 7.148 7.153 7.158 7.162 7.168 7.173 7.178 7.183 7.190 7.197 7.205 7.214 7.225 7.236 7.248 7.260 7.274 7.287 7.300 7.311 7.321 7.329 7.336 7.345 7.355 7.364 7.378 7.396 7.417 7.444 7.477 7.517 7.561 7.596 7.635 7.691 7.750 7.811 7.870 7.929 7.987 8.042 8.091 8.119 8.149 8.194 8.236 8.272 8.304 8.331 8.352 8.368 8.379 8.384 8.389 8.396 8.401 8.406 8.411 8.416 8.423 8.432 8.444 8.449 8.454 8.469 8.483
7.071 7.080 7.089 7.097 7.106 7.114 7.122 7.129 7.136 7.142 7.147 7.152 7.157 7.162 7.167 7.172 7.177 7.183 7.189 7.197 7.205 7.214 7.224 7.235 7.247 7.260 7.273 7.287 7.300 7.312 7.323 7.332 7.340 7.350 7.361 7.373 7.388 7.407 7.430 7.458 7.495 7.539 7.588 7.625 7.666 7.727 7.789 7.849 7.909 7.967 8.022 8.074 8.120 8.146 8.174 8.216 8.255 8.290 8.320 8.345 8.365 8.380 8.390 8.395 8.399 8.404 8.409 8.413 8.417 8.421 8.427 8.436 8.449 8.454 8.460 8.475 8.490
7.068 7.077 7.086 7.095 7.104 7.112 7.120 7.127 7.134 7.140 7.146 7.151 7.156 7.161 7.166 7.171 7.176 7.182 7.188 7.196 7.204 7.213 7.223 7.234 7.246 7.259 7.273 7.287 7.301 7.314 7.326 7.335 7.345 7.356 7.369 7.382 7.399 7.421 7.445 7.475 7.515 7.564 7.617 7.656 7.700 7.764 7.826 7.887 7.945 8.001 8.055 8.104 8.147 8.172 8.197 8.237 8.273 8.306 8.334 8.358 8.378 8.391 8.400 8.404 8.407 8.412 8.416 8.420 8.422 8.426 8.432 8.441 8.454 8.460 8.467 8.482 8.497
7.066 7.075 7.084 7.093 7.101 7.110 7.118 7.125 7.132 7.139 7.145 7.150 7.155 7.160 7.165 7.170 7.175 7.181 7.187 7.194 7.202 7.211 7.221 7.233 7.245 7.258 7.272 7.287 7.301 7.316 7.329 7.340 7.350 7.363 7.378 7.393 7.412 7.435 7.462 7.494 7.537 7.588 7.646 7.688 7.734 7.799 7.862 7.923 7.980 8.034 8.086 8.132 8.173 8.196 8.220 8.257 8.290 8.321 8.347 8.371 8.390 8.402 8.410 8.413 8.415 8.419 8.423 8.426 8.429 8.432 8.437 8.447 8.461 8.467 8.474 8.489 8.504
7.065 7.073 7.082 7.091 7.099 7.108 7.116 7.123 7.131 7.137 7.143 7.148 7.153 7.158 7.163 7.168 7.173 7.179 7.185 7.193 7.201 7.209 7.219 7.231 7.244 7.257 7.272 7.287 7.303 7.318 7.333 7.345 7.357 7.371 7.387 7.404 7.426 7.451 7.480 7.515 7.560 7.616 7.680 7.724 7.770 7.836 7.899 7.959 8.014 8.067 8.116 8.160 8.199 8.220 8.242 8.276 8.308 8.336 8.361 8.383 8.402 8.414 8.419 8.421 8.423 8.426 8.430 8.433 8.436 8.438 8.443 8.452 8.469 8.476 8.482 8.498 8.512
7.064 7.072 7.081 7.089 7.098 7.106 7.114 7.122 7.129 7.135 7.141 7.146 7.151 7.156 7.161 7.166 7.171 7.177 7.183 7.190 7.198 7.207 7.217 7.229 7.243 7.257 7.272 7.288 7.305 7.322 7.338 7.350 7.363 7.380 7.397 7.416 7.440 7.469 7.501 7.539 7.586 7.651 7.720 7.762 7.807 7.873 7.936 7.994 8.048 8.098 8.145 8.187 8.224 8.243 8.263 8.295 8.325 8.351 8.374 8.395 8.413 8.422 8.425 8.427 8.429 8.433 8.436 8.440 8.443 8.445 8.449 8.461 8.479 8.485 8.492 8.506 8.520
7.064 7.072 7.080 7.088 7.096 7.104 7.112 7.120 7.127 7.133 7.139 7.145 7.149 7.154 7.159 7.164 7.169 7.175 7.181 7.188 7.195 7.204 7.215 7.227 7.242 7.257 7.273 7.290 7.308 7.326 7.342 7.356 7.372 7.390 7.409 7.431 7.459 7.491 7.527 7.569 7.624 7.692 7.758 7.799 7.844 7.909 7.970 8.028 8.080 8.128 8.173 8.212 8.247 8.265 8.284 8.313 8.341 8.365 8.387 8.406 8.421 8.428 8.432 8.434 8.435 8.439 8.443 8.447 8.450 8.454 8.460 8.473 8.489 8.495 8.501 8.515 8.527
7.065 7.072 7.080 7.088 7.096 7.104 7.111 7.119 7.126 7.132 7.138 7.143 7.148 7.152 7.157 7.162 7.167 7.172 7.178 7.185 7.192 7.201 7.213 7.226 7.241 7.257 7.275 7.293 7.311 7.330 7.347 7.364 7.382 7.403 7.424 7.450 7.481 7.517 7.557 7.606 7.665 7.731 7.795 7.835 7.879 7.943 8.004 8.060 8.110 8.157 8.199 8.236 8.269 8.286 8.303 8.331 8.356 8.378 8.398 8.414 8.427 8.434 8.439 8.440 8.441 8.445 8.450 8.455 8.459 8.465 8.473 8.486 8.500 8.505 8.511 8.523 8.535
7.067 7.074 7.081 7.089 7.096 7.104 7.111 7.118 7.125 7.131 7.137 7.142 7.146 7.151 7.155 7.160 7.165 7.170 7.175 7.181 7.189 7.199 7.211 7.226 7.242 7.259 7.278 7.297 7.316 7.335 7.354 7.374 7.395 7.418 7.442 7.473 7.508 7.547 7.593 7.646 7.706 7.770 7.831 7.870 7.914 7.976 8.035 8.090 8.139 8.184 8.224 8.259 8.290 8.306 8.322 8.347 8.370 8.390 8.407 8.422 8.432 8.440 8.445 8.446 8.447 8.453 8.458 8.464 8.470 8.477 8.486 8.498 8.510 8.515 8.520 8.532 8.542
7.070 7.077 7.083 7.091 7.098 7.105 7.112 7.119 7.126 7.132 7.137 7.141 7.145 7.149 7.154 7.158 7.162 7.167 7.172 7.178 7.186 7.197 7.211 7.227 7.244 7.262 7.282 7.302 7.321 7.342 7.363 7.386 7.411 7.438 7.465 7.500 7.540 7.584 7.632 7.686 7.745 7.807 7.867 7.905 7.947 8.008 8.066 8.119 8.167 8.210 8.248 8.282 8.310 8.325 8.339 8.362 8.383 8.401 8.416 8.428 8.438 8.445 8.451 8.453 8.455 8.461 8.468 8.475 8.482 8.490 8.500 8.510 8.521 8.525 8.530 8.539 8.549
7.074 7.081 7.087 7.094 7.101 7.108 7.114 7.121 7.127 7.133 7.138 7.142 7.145 7.149 7.152 7.156 7.159 7.163 7.169 7.176 7.185 7.197 7.211 7.228 7.247 7.266 7.287 7.308 7.329 7.351 7.374 7.401 7.432 7.461 7.492 7.531 7.576 7.623 7.672 7.725 7.783 7.843 7.902 7.939 7.980 8.039 8.096 8.148 8.194 8.235 8.271 8.303 8.329 8.343 8.356 8.377 8.396 8.411 8.424 8.435 8.444 8.451 8.458 8.460 8.462 8.469 8.478 8.486 8.494 8.503 8.512 8.522 8.531 8.535 8.538 8.547 8.555
7.080 7.086 7.092 7.098 7.105 7.111 7.118 7.124 7.130 7.136 7.140 7.143 7.146 7.149 7.152 7.154 7.157 7.161 7.166 7.174 7.184 7.198 7.213 7.231 7.251 7.271 7.293 7.316 7.338 7.362 7.388 7.420 7.456 7.489 7.523 7.567 7.615 7.663 7.712 7.764 7.819 7.878 7.936 7.973 8.012 8.071 8.126 8.175 8.220 8.259 8.294 8.323 8.348 8.359 8.371 8.390 8.407 8.421 8.432 8.442 8.450 8.458 8.466 8.468 8.470 8.479 8.488 8.497 8.506 8.515 8.525 8.534 8.542 8.544 8.547 8.554 8.561
7.086 7.092 7.098 7.104 7.111 7.117 7.123 7.129 7.135 7.140 7.143 7.146 7.148 7.150 7.151 7.152 7.155 7.159 7.165 7.173 7.185 7.200 7.216 7.235 7.256 7.278 7.301 7.325 7.350 7.377 7.407 7.444 7.484 7.519 7.557 7.604 7.654 7.703 7.751 7.801 7.855 7.913 7.970 8.006 8.044 8.101 8.154 8.202 8.244 8.282 8.314 8.342 8.364 8.375 8.385 8.402 8.417 8.430 8.440 8.448 8.456 8.465 8.474 8.477 8.479 8.489 8.499 8.509 8.518 8.527 8.537 8.544 8.551 8.553 8.555 8.561 8.566
7.094 7.100 7.106 7.112 7.118 7.124 7.130 7.135 7.141 7.145 7.148 7.150 7.151 7.151 7.152 7.152 7.154 7.157 7.164 7.174 7.187 7.203 7.221 7.241 7.262 7.285 7.311 7.337 7.365 7.395 7.429 7.470 7.514 7.553 7.593 7.643 7.693 7.743 7.790 7.839 7.891 7.947 8.004 8.040 8.076 8.131 8.182 8.227 8.267 8.303 8.335 8.360 8.380 8.389 8.398 8.414 8.427 8.439 8.448 8.456 8.464 8.472 8.482 8.486 8.489 8.499 8.509 8.519 8.529 8.538 8.547 8.555 8.560 8.561 8.562 8.567 8.572
7.102 7.108 7.114 7.120 7.126 7.132 7.137 7.143 7.148 7.152 7.154 7.155 7.155 7.154 7.153 7.152 7.154 7.157 7.165 7.176 7.190 7.208 7.226 7.247 7.270 7.295 7.323 7.352 7.383 7.417 7.455 7.500 7.551 7.592 7.633 7.684 7.735 7.784 7.831 7.879 7.928 7.982 8.041 8.076 8.110 8.163 8.211 8.253 8.291 8.326 8.355 8.379 8.396 8.403 8.411 8.425 8.438 8.448 8.457 8.464 8.471 8.480 8.492 8.496 8.499 8.510 8.521 8.531 8.540 8.550 8.558 8.565 8.569 8.569 8.570 8.574 8.578
7.110 7.116 7.122 7.128 7.134 7.140 7.146 7.152 7.156 7.160 7.162 7.161 7.159 7.158 7.156 7.154 7.155 7.159 7.167 7.180 7.195 7.213 7.233 7.255 7.279 7.308 7.339 7.371 7.406 7.445 7.487 7.540 7.595 7.635 7.675 7.726 7.778 7.826 7.873 7.919 7.966 8.023 8.082 8.113 8.145 8.195 8.240 8.279 8.315 8.347 8.375 8.395 8.409 8.416 8.423 8.436 8.448 8.458 8.466 8.473 8.480 8.490 8.504 8.507 8.511 8.522 8.532 8.542 8.551 8.560 8.569 8.574 8.576 8.576 8.576 8.580 8.583
7.119 7.125 7.131 7.138 7.144 7.150 7.156 7.161 7.166 7.169 7.170 7.169 7.166 7.163 7.160 7.158 7.158 7.163 7.171 7.184 7.201 7.220 7.242 7.266 7.292 7.324 7.358 7.396 7.436 7.479 7.529 7.586 7.639 7.679 7.718 7.770 7.821 7.870 7.916 7.962 8.012 8.068 8.122 8.150 8.180 8.226 8.268 8.305 8.338 8.367 8.392 8.410 8.423 8.430 8.436 8.447 8.458 8.468 8.476 8.484 8.492 8.503 8.515 8.519 8.522 8.533 8.543 8.553 8.562 8.570 8.578 8.581 8.584 8.583 8.583 8.586 8.589
7.127 7.133 7.140 7.147 7.153 7.159 7.165 7.171 7.175 7.178 7.179 7.177 7.173 7.170 7.166 7.163 7.163 7.168 7.177 7.190 7.207 7.229 7.254 7.280 7.308 7.344 7.384 7.426 7.471 7.521 7.576 7.633 7.686 7.724 7.763 7.815 7.866 7.915 7.962 8.010 8.060 8.112 8.161 8.187 8.215 8.257 8.296 8.330 8.360 8.386 8.408 8.424 8.438 8.443 8.448 8.459 8.470 8.479 8.488 8.496 8.505 8.516 8.528 8.531 8.534 8.544 8.554 8.564 8.572 8.579 8.585 8.589 8.591 8.590 8.590 8.592 8.595
7.134 7.141 7.148 7.155 7.162 7.169 7.175 7.181 7.185 7.188 7.188 7.186 7.181 7.177 7.173 7.169 7.169 7.174 7.182 7.196 7.216 7.241 7.269 7.297 7.329 7.369 7.414 7.461 7.513 7.568 7.625 7.682 7.733 7.771 7.810 7.862 7.913 7.962 8.010 8.059 8.107 8.156 8.200 8.224 8.249 8.288 8.323 8.354 8.381 8.404 8.424 8.439 8.452 8.457 8.461 8.472 8.483 8.492 8.501 8.510 8.520 8.530 8.540 8.543 8.546 8.556 8.565 8.574 8.581 8.588 8.593 8.596 8.598 8.597 8.597 8.599 8.601
7.141 7.149 7.156 7.163 7.171 7.177 7.184 7.190 7.195 7.197 7.198 7.194 7.189 7.185 7.180 7.176 7.176 7.180 7.189 7.204 7.226 7.255 7.287 7.318 7.353 7.399 7.449 7.502 7.558 7.615 7.674 7.731 7.783 7.820 7.858 7.910 7.961 8.012 8.060 8.108 8.155 8.199 8.239 8.261 8.284 8.318 8.350 8.378 8.402 8.423 8.441 8.455 8.467 8.472 8.476 8.486 8.496 8.506 8.515 8.525 8.534 8.544 8.553 8.555 8.558 8.567 8.576 8.584 8.591 8.596 8.600 8.603 8.606 8.605 8.604 8.606 8.608
7.147 7.155 7.163 7.171 7.178 7.185 7.192 7.198 7.203 7.206 7.207 7.203 7.198 7.193 7.188 7.183 7.183 7.187 7.197 7.213 7.238 7.271 7.308 7.342 7.381 7.432 7.487 7.545 7.604 7.664 7.723 7.780 7.833 7.869 7.907 7.959 8.011 8.062 8.110 8.157 8.201 8.242 8.278 8.298 8.318 8.349 8.377 8.402 8.424 8.443 8.459 8.473 8.484 8.488 8.492 8.502 8.512 8.521 8.531 8.540 8.549 8.558 8.566 8.568 8.571 8.579 8.587 8.594 8.600 8.604 8.608 8.611 8.613 8.612 8.611 8.613 8.615
7.153 7.161 7.169 7.177 7.185 7.193 7.200 7.206 7.211 7.215 7.215 7.211 7.206 7.200 7.195 7.190 7.189 7.194 7.205 7.224 7.252 7.289 7.331 7.369 7.412 7.468 7.528 7.589 7.651 7.712 7.773 7.830 7.883 7.919 7.957 8.010 8.062 8.112 8.159 8.205 8.247 8.285 8.317 8.335 8.353 8.380 8.405 8.428 8.447 8.464 8.479 8.492 8.503 8.506 8.509 8.519 8.529 8.538 8.547 8.556 8.565 8.573 8.580 8.582 8.584 8.591 8.598 8.604 8.609 8.613 8.616 8.619 8.621 8.620 8.618 8.620 8.622
7.158 7.166 7.175 7.183 7.191 7.199 7.206 7.213 7.219 7.222 7.222 7.219 7.213 7.207 7.202 7.197 7.196 7.202 7.214 7.236 7.269 7.310 7.356 7.397 7.444 7.505 7.568 7.633 7.696 7.758 7.819 7.878 7.931 7.968 8.006 8.059 8.110 8.160 8.206 8.250 8.291 8.326 8.355 8.371 8.387 8.411 8.433 8.454 8.471 8.487 8.501 8.513 8.523 8.526 8.528 8.538 8.547 8.556 8.565 8.573 8.582 8.589 8.595 8.596 8.597 8.603 8.609 8.614 8.618 8.622 8.625 8.627 8.629 8.627 8.626 8.627 8.629
7.162 7.171 7.180 7.188 7.197 7.205 7.212 7.219 7.225 7.229 7.229 7.225 7.219 7.214 7.208 7.203 7.203 7.210 7.224 7.249 7.285 7.331 7.381 7.426 7.476 7.540 7.606 7.673 7.737 7.801 7.864 7.922 7.977 8.015 8.053 8.106 8.157 8.206 8.252 8.294 8.334 8.367 8.393 8.407 8.421 8.443 8.463 8.482 8.498 8.512 8.525 8.536 8.545 8.547 8.549 8.558 8.567 8.575 8.583 8.591 8.599 8.605 8.611 8.611 8.611 8.616 8.621 8.625 8.629 8.632 8.634 8.636 8.637 8.636 8.634 8.635 8.637
7.166 7.175 7.185 7.193 7.202 7.210 7.218 7.225 7.231 7.235 7.235 7.231 7.225 7.219 7.214 7.209 7.209 7.218 7.235 7.263 7.303 7.353 7.409 7.456 7.508 7.575 7.644 7.713 7.779 7.845 7.908 7.968 8.025 8.063 8.101 8.153 8.204 8.252 8.297 8.339 8.377 8.408 8.431 8.444 8.457 8.476 8.495 8.512 8.526 8.539 8.551 8.561 8.570 8.572 8.573 8.581 8.589 8.597 8.604 8.612 8.618 8.624 8.628 8.627 8.626 8.630 8.634 8.637 8.640 8.642 8.644 8.646 8.647 8.645 8.643 8.644 8.645
7.170 7.180 7.189 7.198 7.207 7.215 7.223 7.230 7.236 7.241 7.241 7.237 7.229 7.224 7.219 7.214 7.216 7.227 7.247 7.279 7.323 7.379 7.439 7.486 7.539 7.610 7.681 7.751 7.820 7.886 7.950 8.013 8.071 8.108 8.146 8.198 8.248 8.296 8.339 8.380 8.417 8.445 8.466 8.478 8.490 8.509 8.526 8.542 8.556 8.568 8.579 8.589 8.597 8.598 8.599 8.606 8.613 8.620 8.627 8.633 8.639 8.643 8.645 8.644 8.642 8.645 8.648 8.650 8.652 8.654 8.655 8.656 8.657 8.654 8.652 8.653 8.654
7.174 7.184 7.193 7.202 7.211 7.220 7.228 7.235 7.242 7.246 7.246 7.242 7.235 7.230 7.225 7.222 7.225 7.239 7.263 7.299 7.348 7.408 7.468 7.516 7.570 7.643 7.715 7.788 7.858 7.926 7.993 8.056 8.113 8.150 8.188 8.240 8.289 8.336 8.378 8.417 8.451 8.477 8.498 8.511 8.523 8.541 8.557 8.573 8.586 8.598 8.609 8.618 8.626 8.626 8.626 8.633 8.639 8.646 8.652 8.657 8.662 8.664 8.665 8.663 8.660 8.661 8.663 8.664 8.665 8.666 8.667 8.667 8.667 8.664 8.662 8.662 8.663
7.178 7.188 7.198 7.207 7.216 7.225 7.233 7.241 7.247 7.252 7.252 7.247 7.241 7.237 7.233 7.231 7.237 7.253 7.281 7.321 7.374 7.435 7.496 7.544 7.600 7.674 7.749 7.823 7.895 7.965 8.033 8.096 8.152 8.189 8.226 8.277 8.326 8.371 8.412 8.449 8.481 8.507 8.528 8.541 8.553 8.571 8.587 8.603 8.616 8.628 8.639 8.648 8.655 8.656 8.655 8.662 8.668 8.674 8.678 8.683 8.685 8.687 8.687 8.683 8.679 8.680 8.680 8.680 8.680 8.680 8.680 8.679 8.679 8.676 8.672 8.672 8.673
7.182 7.192 7.202 7.211 7.221 7.230 7.238 7.246 7.253 7.258 7.258 7.254 7.247 7.244 7.242 7.242 7.251 7.270 7.302 7.345 7.400 7.461 7.522 7.572 7.628 7.705 7.781 7.857 7.931 8.003 8.071 8.133 8.188 8.224 8.261 8.311 8.359 8.403 8.442 8.477 8.508 8.534 8.555 8.568 8.581 8.599 8.616 8.631 8.645 8.657 8.668 8.677 8.685 8.685 8.685 8.692 8.698 8.703 8.707 8.710 8.711 8.712 8.711 8.706 8.701 8.700 8.699 8.698 8.696 8.695 8.694 8.693 8.692 8.688 8.684 8.684 8.684
