TsunamiDB/out54006.asc
ncols          264
nrows          230
xllcorner      497853.4375
yllcorner      4229146.0000
cellsize         5.
NODATA_value   -99
[rows 124 to 154 of 230, columns 138 to 206 of 264]
-99.000 -99.000 -99.000 -99.000 -99.000 -99.000 -99.000 -99.000 -99.000 -99.000 -99.000 -99.000 -99.000 -99.000 -99.000 -99.000 -99.000 -99.000 -99.000 -99.000 -99.000 -99.000 -99.000 -99.000 -99.000 -99.000 -99.000 -99.000 -99.000 -99.000 -99.000 -99.000 -99.000 -99.000 1.643 1.646 1.689 1.829 2.072 2.394 2.770 3.168 3.555 3.903 4.187 4.401 4.561 4.684 4.783 4.868 4.943 5.011 5.074 5.130 5.182 5.227 5.272 5.320 5.376 5.440 5.507 5.582 5.666 5.751 5.839 5.929 6.017 6.099 6.168
-99.000 -99.000 -99.000 -99.000 -99.000 -99.000 -99.000 -99.000 -99.000 -99.000 -99.000 -99.000 -99.000 -99.000 -99.000 -99.000 -99.000 -99.000 -99.000 -99.000 -99.000 -99.000 -99.000 -99.000 -99.000 -99.000 -99.000 -99.000 -99.000 -99.000 -99.000 -99.000 -99.000 -99.000 1.643 1.655 1.734 1.919 2.197 2.545 2.934 3.330 3.703 4.028 4.287 4.480 4.625 4.738 4.829 4.908 4.977 5.039 5.097 5.148 5.196 5.239 5.282 5.330 5.387 5.454 5.524 5.603 5.693 5.785 5.881 5.977 6.068 6.155 6.227
-99.000 -99.000 -99.000 -99.000 -99.000 -99.000 -99.000 -99.000 -99.000 -99.000 -99.000 -99.000 -99.000 -99.000 -99.000 -99.000 -99.000 -99.000 -99.000 -99.000 -99.000 -99.000 -99.000 -99.000 -99.000 -99.000 -99.000 -99.000 -99.000 -99.000 -99.000 -99.000 -99.000 1.643 1.645 1.676 1.798 2.025 2.335 2.704 3.099 3.487 3.841 4.143 4.377 4.553 4.686 4.790 4.876 4.950 5.014 5.072 5.124 5.170 5.215 5.256 5.298 5.345 5.404 5.474 5.547 5.630 5.724 5.823 5.928 6.029 6.125 6.218 6.285
-99.000 -99.000 -99.000 -99.000 -99.000 -99.000 -99.000 -99.000 -99.000 -99.000 -99.000 -99.000 -99.000 -99.000 -99.000 -99.000 -99.000 -99.000 -99.000 -99.000 -99.000 -99.000 -99.000 -99.000 -99.000 -99.000 -99.000 -99.000 -99.000 -99.000 -99.000 -99.000 -99.000 1.643 1.651 1.713 1.881 2.146 2.484 2.867 3.262 3.637 3.970 4.246 4.457 4.616 4.740 4.838 4.920 4.991 5.053 5.107 5.156 5.199 5.240 5.280 5.324 5.375 5.436 5.507 5.582 5.669 5.767 5.871 5.980 6.087 6.189 6.275 6.335
-99.000 -99.000 -99.000 -99.000 -99.000 -99.000 -99.000 -99.000 -99.000 -99.000 -99.000 -99.000 -99.000 -99.000 -99.000 -99.000 -99.000 -99.000 -99.000 -99.000 -99.000 -99.000 -99.000 -99.000 -99.000 -99.000 -99.000 -99.000 -99.000 -99.000 -99.000 -99.000 -99.000 1.644 1.666 1.769 1.980 2.278 2.639 3.032 3.421 3.779 4.088 4.335 4.523 4.669 4.784 4.879 4.959 5.029 5.089 5.143 5.191 5.234 5.274 5.315 5.361 5.415 5.479 5.551 5.629 5.718 5.816 5.922 6.032 6.142 6.243 6.324 6.385
-99.000 -99.000 -99.000 -99.000 -99.000 -99.000 -99.000 -99.000 -99.000 -99.000 -99.000 -99.000 -99.000 -99.000 -99.000 -99.000 -99.000 -99.000 -99.000 -99.000 -99.000 -99.000 -99.000 -99.000 -99.000 -99.000 -99.000 -99.000 -99.000 -99.000 -99.000 -99.000 1.643 1.647 1.695 1.844 2.093 2.421 2.800 3.195 3.574 3.911 4.191 4.408 4.576 4.709 4.819 4.910 4.990 5.061 5.123 5.178 5.227 5.271 5.312 5.355 5.405 5.462 5.527 5.602 5.682 5.772 5.868 5.971 6.080 6.189 6.289 6.372 6.436
-99.000 -99.000 -99.000 -99.000 -99.000 -99.000 -99.000 -99.000 -99.000 -99.000 -99.000 -99.000 -99.000 -99.000 -99.000 -99.000 -99.000 -99.000 -99.000 -99.000 -99.000 -99.000 -99.000 -99.000 -99.000 -99.000 -99.000 -99.000 -99.000 -99.000 -99.000 -99.000 1.643 1.657 1.742 1.934 2.217 2.570 2.961 3.355 3.719 4.031 4.277 4.467 4.617 4.740 4.844 4.934 5.014 5.086 5.150 5.208 5.260 5.307 5.352 5.398 5.450 5.511 5.580 5.656 5.738 5.827 5.919 6.019 6.122 6.229 6.331 6.418 6.488
-99.000 -99.000 -99.000 -99.000 -99.000 -99.000 -99.000 -99.000 -99.000 -99.000 -99.000 -99.000 -99.000 -99.000 -99.000 -99.000 -99.000 -99.000 -99.000 -99.000 -99.000 -99.000 -99.000 -99.000 -99.000 -99.000 -99.000 -99.000 -99.000 -99.000 -99.000 -99.000 1.645 1.679 1.806 2.037 2.352 2.725 3.123 3.509 3.854 4.133 4.348 4.515 4.651 4.764 4.863 4.950 5.030 5.104 5.170 5.231 5.288 5.340 5.388 5.438 5.495 5.559 5.632 5.708 5.792 5.881 5.968 6.061 6.158 6.264 6.369 6.462 6.536
-99.000 -99.000 -99.000 -99.000 -99.000 -99.000 -99.000 -99.000 -99.000 -99.000 -99.000 -99.000 -99.000 -99.000 -99.000 -99.000 -99.000 -99.000 -99.000 -99.000 -99.000 -99.000 -99.000 -99.000 -99.000 -99.000 -99.000 -99.000 -99.000 -99.000 -99.000 1.644 1.651 1.716 1.886 2.153 2.495 2.882 3.281 3.655 3.974 4.221 4.410 4.559 4.681 4.785 4.877 4.961 5.040 5.114 5.182 5.246 5.308 5.366 5.418 5.473 5.536 5.604 5.679 5.757 5.842 5.931 6.013 6.098 6.191 6.294 6.401 6.500 6.574
-99.000 -99.000 -99.000 -99.000 -99.000 -99.000 -99.000 -99.000 -99.000 -99.000 -99.000 -99.000 -99.000 -99.000 -99.000 -99.000 -99.000 -99.000 -99.000 -99.000 -99.000 -99.000 -99.000 -99.000 -99.000 -99.000 -99.000 -99.000 -99.000 -99.000 -99.000 1.645 1.666 1.770 1.981 2.280 2.644 3.041 3.435 3.793 4.082 4.302 4.470 4.602 4.712 4.807 4.892 4.970 5.046 5.120 5.188 5.255 5.322 5.384 5.444 5.506 5.572 5.644 5.721 5.800 5.886 5.974 6.051 6.132 6.219 6.319 6.426 6.525 6.600
-99.000 -99.000 -99.000 -99.000 -99.000 -99.000 -99.000 -99.000 -99.000 -99.000 -99.000 -99.000 -99.000 -99.000 -99.000 -99.000 -99.000 -99.000 -99.000 -99.000 -99.000 -99.000 -99.000 -99.000 -99.000 -99.000 -99.000 -99.000 -99.000 -99.000 1.644 1.647 1.694 1.842 2.091 2.418 2.799 3.199 3.584 3.919 4.180 4.377 4.528 4.647 4.746 4.832 4.910 4.982 5.053 5.124 5.191 5.258 5.329 5.396 5.463 5.532 5.603 5.678 5.757 5.835 5.922 6.010 6.085 6.162 6.244 6.338 6.438 6.533 6.606
-99.000 -99.000 -99.000 -99.000 -99.000 -99.000 -99.000 -99.000 -99.000 -99.000 -99.000 -99.000 -99.000 -99.000 -99.000 -99.000 -99.000 -99.000 -99.000 -99.000 -99.000 -99.000 -99.000 -99.000 -99.000 -99.000 -99.000 -99.000 -99.000 -99.000 1.644 1.657 1.740 1.931 2.213 2.565 2.957 3.355 3.725 4.034 4.271 4.448 4.584 4.692 4.782 4.861 4.931 4.997 5.063 5.131 5.195 5.262 5.336 5.409 5.484 5.561 5.637 5.715 5.795 5.872 5.960 6.049 6.121 6.193 6.269 6.355 6.447 6.541 6.613
-99.000 -99.000 -99.000 -99.000 -99.000 -99.000 -99.000 -99.000 -99.000 -99.000 -99.000 -99.000 -99.000 -99.000 -99.000 -99.000 -99.000 -99.000 -99.000 -99.000 -99.000 -99.000 -99.000 -99.000 -99.000 -99.000 -99.000 -99.000 -99.000 1.644 1.646 1.678 1.804 2.035 2.348 2.720 3.117 3.506 3.857 4.139 4.353 4.513 4.637 4.736 4.820 4.892 4.957 5.018 5.081 5.147 5.209 5.276 5.352 5.432 5.515 5.597 5.678 5.758 5.836 5.911 6.001 6.092 6.161 6.229 6.302 6.380 6.464 6.562 6.616
-99.000 -99.000 -99.000 -99.000 -99.000 -99.000 -99.000 -99.000 -99.000 -99.000 -99.000 -99.000 -99.000 -99.000 -99.000 -99.000 -99.000 -99.000 -99.000 -99.000 -99.000 -99.000 -99.000 -99.000 -99.000 -99.000 -99.000 -99.000 -99.000 1.644 1.652 1.716 1.887 2.154 2.494 2.880 3.276 3.652 3.979 4.233 4.425 4.571 4.685 4.777 4.856 4.924 4.987 5.047 5.108 5.172 5.233 5.301 5.380 5.465 5.554 5.642 5.728 5.809 5.886 5.961 6.053 6.146 6.214 6.281 6.349 6.424 6.504 6.572 6.592
-99.000 -99.000 -99.000 -99.000 -99.000 -99.000 -99.000 -99.000 -99.000 -99.000 -99.000 -99.000 -99.000 -99.000 -99.000 -99.000 -99.000 -99.000 -99.000 -99.000 -99.000 -99.000 -99.000 -99.000 -99.000 -99.000 -99.000 -99.000 -99.000 1.645 1.668 1.773 1.987 2.287 2.650 3.043 3.434 3.791 4.088 4.315 4.488 4.621 4.727 4.815 4.890 4.956 5.017 5.076 5.137 5.200 5.261 5.331 5.415 5.504 5.598 5.692 5.783 5.866 5.945 6.019 6.114 6.212 6.280 6.342 6.404 6.470 6.526 6.557 6.558
-99.000 -99.000 -99.000 -99.000 -99.000 -99.000 -99.000 -99.000 -99.000 -99.000 -99.000 -99.000 -99.000 -99.000 -99.000 -99.000 -99.000 -99.000 -99.000 -99.000 -99.000 -99.000 -99.000 -99.000 -99.000 -99.000 -99.000 -99.000 1.644 1.649 1.699 1.849 2.102 2.431 2.812 3.208 3.587 3.921 4.186 4.387 4.542 4.664 4.764 4.847 4.920 4.984 5.043 5.101 5.161 5.225 5.289 5.363 5.451 5.544 5.643 5.742 5.839 5.927 6.009 6.084 6.183 6.287 6.349 6.402 6.454 6.499 6.526 6.533 6.516
-99.000 -99.000 -99.000 -99.000 -99.000 -99.000 -99.000 -99.000 -99.000 -99.000 -99.000 -99.000 -99.000 -99.000 -99.000 -99.000 -99.000 -99.000 -99.000 -99.000 -99.000 -99.000 -99.000 -99.000 -99.000 -99.000 -99.000 -99.000 1.644 1.660 1.748 1.943 2.230 2.586 2.978 3.372 3.734 4.038 4.273 4.452 4.591 4.703 4.796 4.876 4.945 5.007 5.064 5.121 5.181 5.246 5.314 5.393 5.485 5.584 5.685 5.790 5.894 5.989 6.076 6.149 6.251 6.355 6.411 6.455 6.486 6.507 6.513 6.499 6.468
-99.000 -99.000 -99.000 -99.000 -99.000 -99.000 -99.000 -99.000 -99.000 -99.000 -99.000 -99.000 -99.000 -99.000 -99.000 -99.000 -99.000 -99.000 -99.000 -99.000 -99.000 -99.000 -99.000 -99.000 -99.000 -99.000 -99.000 1.644 1.647 1.684 1.817 2.052 2.372 2.748 3.146 3.531 3.873 4.145 4.352 4.510 4.636 4.738 4.825 4.901 4.967 5.025 5.079 5.132 5.192 5.261 5.333 5.416 5.514 5.615 5.719 5.830 5.941 6.045 6.135 6.204 6.307 6.413 6.462 6.489 6.499 6.501 6.489 6.458 6.415
-99.000 -99.000 -99.000 -99.000 -99.000 -99.000 -99.000 -99.000 -99.000 -99.000 -99.000 -99.000 -99.000 -99.000 -99.000 -99.000 -99.000 -99.000 -99.000 -99.000 -99.000 -99.000 -99.000 -99.000 -99.000 -99.000 -99.000 1.644 1.654 1.725 1.903 2.176 2.523 2.914 3.313 3.685 4.000 4.243 4.426 4.567 4.679 4.772 4.853 4.923 4.984 5.037 5.086 5.137 5.197 5.269 5.345 5.434 5.535 5.639 5.747 5.862 5.980 6.091 6.182 6.247 6.350 6.458 6.495 6.504 6.499 6.485 6.457 6.414 6.360
-99.000 -99.000 -99.000 -99.000 -99.000 -99.000 -99.000 -99.000 -99.000 -99.000 -99.000 -99.000 -99.000 -99.000 -99.000 -99.000 -99.000 -99.000 -99.000 -99.000 -99.000 -99.000 -99.000 -99.000 -99.000 -99.000 -99.000 1.645 1.672 1.786 2.007 2.313 2.683 3.083 3.476 3.831 4.118 4.335 4.498 4.624 4.724 4.808 4.881 4.944 4.998 5.046 5.090 5.138 5.198 5.274 5.355 5.447 5.551 5.658 5.768 5.887 6.011 6.124 6.217 6.275 6.377 6.481 6.506 6.504 6.484 6.456 6.417 6.363 6.303
-99.000 -99.000 -99.000 -99.000 -99.000 -99.000 -99.000 -99.000 -99.000 -99.000 -99.000 -99.000 -99.000 -99.000 -99.000 -99.000 -99.000 -99.000 -99.000 -99.000 -99.000 -99.000 -99.000 -99.000 -99.000 -99.000 1.644 1.650 1.707 1.867 2.127 2.463 2.850 3.251 3.634 3.968 4.229 4.424 4.569 4.682 4.771 4.845 4.910 4.965 5.013 5.055 5.095 5.141 5.202 5.280 5.363 5.457 5.562 5.671 5.784 5.903 6.025 6.138 6.231 6.283 6.380 6.481 6.501 6.491 6.462 6.426 6.379 6.320 6.256
-99.000 -99.000 -99.000 -99.000 -99.000 -99.000 -99.000 -99.000 -99.000 -99.000 -99.000 -99.000 -99.000 -99.000 -99.000 -99.000 -99.000 -99.000 -99.000 -99.000 -99.000 -99.000 -99.000 -99.000 -99.000 -99.000 1.645 1.663 1.761 1.967 2.262 2.623 3.021 3.418 3.786 4.096 4.332 4.507 4.638 4.739 4.819 4.885 4.942 4.990 5.032 5.070 5.107 5.152 5.213 5.291 5.374 5.467 5.573 5.683 5.797 5.916 6.037 6.154 6.247 6.287 6.380 6.483 6.501 6.485 6.450 6.409 6.355 6.292 6.224
-99.000 -99.000 -99.000 -99.000 -99.000 -99.000 -99.000 -99.000 -99.000 -99.000 -99.000 -99.000 -99.000 -99.000 -99.000 -99.000 -99.000 -99.000 -99.000 -99.000 -99.000 -99.000 -99.000 -99.000 -99.000 1.644 1.648 1.692 1.837 2.084 2.412 2.793 3.194 3.582 3.931 4.215 4.428 4.585 4.704 4.796 4.868 4.928 4.978 5.021 5.060 5.096 5.132 5.176 5.237 5.315 5.395 5.487 5.592 5.704 5.822 5.941 6.062 6.186 6.264 6.287 6.380 6.485 6.500 6.482 6.445 6.397 6.338 6.271 6.196
-99.000 -99.000 -99.000 -99.000 -99.000 -99.000 -99.000 -99.000 -99.000 -99.000 -99.000 -99.000 -99.000 -99.000 -99.000 -99.000 -99.000 -99.000 -99.000 -99.000 -99.000 -99.000 -99.000 -99.000 -99.000 1.644 1.658 1.742 1.934 2.219 2.574 2.968 3.368 3.742 4.067 4.324 4.516 4.658 4.766 4.851 4.917 4.971 5.017 5.057 5.095 5.132 5.172 5.220 5.282 5.356 5.435 5.527 5.631 5.744 5.861 5.984 6.104 6.204 6.260 6.284 6.377 6.481 6.498 6.481 6.440 6.389 6.325 6.250 6.171
-99.000 -99.000 -99.000 -99.000 -99.000 -99.000 -99.000 -99.000 -99.000 -99.000 -99.000 -99.000 -99.000 -99.000 -99.000 -99.000 -99.000 -99.000 -99.000 -99.000 -99.000 -99.000 -99.000 -99.000 1.644 1.646 1.682 1.812 2.048 2.368 2.746 3.148 3.540 3.895 4.194 4.424 4.595 4.724 4.823 4.901 4.963 5.013 5.057 5.097 5.137 5.179 5.225 5.277 5.338 5.409 5.488 5.579 5.679 5.787 5.902 6.020 6.124 6.203 6.253 6.274 6.367 6.474 6.494 6.476 6.435 6.381 6.310 6.229 6.144
-99.000 -99.000 -99.000 -99.000 -99.000 -99.000 -99.000 -99.000 -99.000 -99.000 -99.000 -99.000 -99.000 -99.000 -99.000 -99.000 -99.000 -99.000 -99.000 -99.000 -99.000 -99.000 -99.000 -99.000 1.644 1.654 1.725 1.904 2.180 2.530 2.925 3.328 3.708 4.042 4.311 4.514 4.666 4.783 4.874 4.948 5.006 5.055 5.098 5.139 5.183 5.230 5.281 5.336 5.398 5.468 5.546 5.635 5.725 5.825 5.933 6.037 6.128 6.198 6.243 6.262 6.355 6.465 6.487 6.470 6.428 6.368 6.292 6.204 6.109
-99.000 -99.000 -99.000 -99.000 -99.000 -99.000 -99.000 -99.000 -99.000 -99.000 -99.000 -99.000 -99.000 -99.000 -99.000 -99.000 -99.000 -99.000 -99.000 -99.000 -99.000 -99.000 -99.000 -99.000 1.645 1.672 1.789 2.014 2.326 2.702 3.108 3.507 3.871 4.179 4.417 4.595 4.730 4.836 4.921 4.990 5.047 5.095 5.139 5.182 5.229 5.280 5.335 5.395 5.460 5.528 5.606 5.689 5.768 5.857 5.948 6.041 6.125 6.190 6.233 6.249 6.340 6.452 6.476 6.460 6.415 6.352 6.270 6.171 6.068
-99.000 -99.000 -99.000 -99.000 -99.000 -99.000 -99.000 -99.000 -99.000 -99.000 -99.000 -99.000 -99.000 -99.000 -99.000 -99.000 -99.000 -99.000 -99.000 -99.000 -99.000 -99.000 -99.000 1.644 1.650 1.709 1.874 2.139 2.484 2.880 3.291 3.681 4.027 4.305 4.513 4.669 4.789 4.885 4.964 5.029 5.084 5.133 5.178 5.223 5.272 5.326 5.385 5.451 5.518 5.584 5.661 5.738 5.806 5.876 5.952 6.037 6.115 6.180 6.222 6.232 6.323 6.438 6.463 6.445 6.398 6.332 6.242 6.135 6.026
-99.000 -99.000 -99.000 -99.000 -99.000 -99.000 -99.000 -99.000 -99.000 -99.000 -99.000 -99.000 -99.000 -99.000 -99.000 -99.000 -99.000 -99.000 -99.000 -99.000 -99.000 -99.000 -99.000 1.645 1.665 1.766 1.977 2.280 2.652 3.062 3.471 3.851 4.175 4.422 4.603 4.740 4.846 4.932 5.003 5.064 5.117 5.167 5.214 5.260 5.310 5.366 5.430 5.502 5.571 5.635 5.710 5.786 5.837 5.889 5.954 6.029 6.104 6.170 6.211 6.217 6.308 6.426 6.447 6.425 6.377 6.306 6.211 6.099 5.986
-99.000 -99.000 -99.000 -99.000 -99.000 -99.000 -99.000 -99.000 -99.000 -99.000 -99.000 -99.000 -99.000 -99.000 -99.000 -99.000 -99.000 -99.000 -99.000 -99.000 -99.000 -99.000 1.644 1.648 1.694 1.843 2.095 2.432 2.826 3.244 3.649 4.016 4.315 4.534 4.694 4.813 4.904 4.978 5.040 5.096 5.148 5.199 5.247 5.294 5.345 5.404 5.472 5.548 5.620 5.680 5.755 5.823 5.861 5.902 5.953 6.018 6.091 6.158 6.199 6.200 6.288 6.404 6.420 6.395 6.343 6.271 6.174 6.058 5.947
-99.000 -99.000 -99.000 -99.000 -99.000 -99.000 -99.000 -99.000 -99.000 -99.000 -99.000 -99.000 -99.000 -99.000 -99.000 -99.000 -99.000 -99.000 -99.000 -99.000 -99.000 -99.000 1.644 1.658 1.743 1.938 2.228 2.593 3.003 3.424 3.822 4.173 4.448 4.645 4.786 4.889 4.967 5.029 5.082 5.133 5.183 5.233 5.282 5.329 5.381 5.441 5.509 5.588 5.663 5.720 5.793 5.858 5.890 5.920 5.960 6.017 6.081 6.145 6.188 6.183 6.267 6.378 6.392 6.363 6.310 6.239 6.143 6.031 5.927
