TsunamiDB/out54158.asc
ncols          264
nrows          230
xllcorner      497853.4375
yllcorner      4229146.0000
cellsize         5.
NODATA_value   -99
[rows 102 to 135 of 230, columns 154 to 230 of 264]
6.810 6.813 6.816 6.818 6.821 6.824 6.827 6.829 6.832 6.835 6.837 6.840 6.843 6.845 6.848 6.852 6.855 6.859 6.863 6.867 6.871 6.875 6.880 6.885 6.891 6.896 6.903 6.909 6.916 6.924 6.931 6.939 6.948 6.957 6.966 6.976 6.985 6.996 7.006 7.017 7.029 7.040 7.051 7.062 7.074 7.085 7.097 7.109 7.121 7.133 7.146 7.158 7.170 7.181 7.194 7.206 7.218 7.230 7.242 7.253 7.264 7.274 7.286 7.300 7.314 7.330 7.350 7.374 7.402 7.437 7.480 7.533 7.591 7.627 7.665 7.726 7.783
6.816 6.820 6.823 6.826 6.828 6.831 6.834 6.837 6.840 6.843 6.845 6.848 6.851 6.854 6.857 6.860 6.864 6.867 6.871 6.875 6.879 6.883 6.888 6.893 6.899 6.905 6.911 6.918 6.925 6.932 6.940 6.948 6.957 6.966 6.976 6.986 6.996 7.006 7.017 7.029 7.040 7.051 7.063 7.075 7.087 7.099 7.111 7.123 7.136 7.148 7.161 7.173 7.185 7.197 7.210 7.222 7.234 7.247 7.259 7.272 7.284 7.297 7.311 7.328 7.345 7.364 7.387 7.413 7.443 7.477 7.522 7.577 7.638 7.676 7.714 7.776 7.831
6.823 6.826 6.829 6.833 6.836 6.839 6.842 6.845 6.847 6.850 6.853 6.856 6.859 6.862 6.865 6.868 6.872 6.876 6.879 6.883 6.887 6.892 6.896 6.901 6.907 6.913 6.919 6.926 6.933 6.940 6.948 6.957 6.966 6.975 6.985 6.995 7.005 7.016 7.027 7.039 7.051 7.062 7.074 7.086 7.098 7.110 7.123 7.136 7.149 7.162 7.175 7.187 7.199 7.211 7.223 7.235 7.248 7.261 7.274 7.288 7.303 7.318 7.335 7.354 7.373 7.396 7.422 7.451 7.482 7.518 7.563 7.619 7.683 7.723 7.763 7.823 7.878
6.830 6.833 6.836 6.840 6.843 6.846 6.849 6.852 6.855 6.858 6.861 6.864 6.867 6.870 6.873 6.876 6.880 6.884 6.887 6.891 6.895 6.900 6.904 6.909 6.915 6.921 6.927 6.934 6.941 6.948 6.956 6.965 6.974 6.983 6.993 7.003 7.014 7.025 7.036 7.048 7.060 7.072 7.084 7.096 7.108 7.121 7.133 7.146 7.160 7.173 7.186 7.199 7.210 7.222 7.234 7.246 7.259 7.273 7.287 7.303 7.320 7.338 7.357 7.378 7.400 7.425 7.455 7.486 7.519 7.557 7.602 7.659 7.730 7.772 7.811 7.871 7.924
6.837 6.840 6.843 6.847 6.850 6.853 6.856 6.859 6.862 6.865 6.869 6.872 6.875 6.878 6.881 6.884 6.888 6.892 6.896 6.899 6.903 6.908 6.912 6.917 6.923 6.929 6.935 6.941 6.948 6.956 6.964 6.973 6.982 6.991 7.001 7.011 7.022 7.033 7.044 7.056 7.069 7.080 7.092 7.105 7.117 7.130 7.143 7.156 7.170 7.183 7.196 7.208 7.219 7.232 7.244 7.256 7.269 7.283 7.299 7.317 7.336 7.356 7.378 7.401 7.424 7.452 7.485 7.519 7.555 7.594 7.639 7.707 7.783 7.821 7.858 7.916 7.967
6.843 6.847 6.850 6.853 6.857 6.860 6.863 6.867 6.870 6.873 6.876 6.879 6.883 6.886 6.889 6.892 6.896 6.900 6.904 6.908 6.912 6.916 6.920 6.925 6.931 6.936 6.942 6.949 6.956 6.964 6.972 6.980 6.989 6.998 7.008 7.019 7.029 7.041 7.052 7.064 7.077 7.088 7.101 7.113 7.126 7.138 7.151 7.165 7.178 7.192 7.205 7.216 7.228 7.240 7.252 7.265 7.279 7.294 7.311 7.330 7.351 7.373 7.398 7.423 7.447 7.479 7.514 7.552 7.591 7.634 7.689 7.760 7.828 7.864 7.901 7.956 8.004
6.850 6.854 6.857 6.860 6.864 6.867 6.870 6.874 6.877 6.880 6.884 6.887 6.890 6.894 6.897 6.900 6.904 6.908 6.912 6.916 6.920 6.924 6.928 6.933 6.938 6.944 6.950 6.956 6.963 6.971 6.979 6.987 6.996 7.006 7.016 7.026 7.037 7.048 7.060 7.072 7.084 7.096 7.108 7.120 7.133 7.146 7.159 7.173 7.186 7.199 7.212 7.224 7.235 7.248 7.260 7.273 7.288 7.304 7.322 7.343 7.365 7.390 7.418 7.444 7.470 7.505 7.544 7.586 7.630 7.680 7.739 7.806 7.868 7.903 7.939 7.990 8.035
6.857 6.860 6.864 6.867 6.871 6.874 6.878 6.881 6.884 6.888 6.891 6.894 6.898 6.901 6.905 6.908 6.912 6.916 6.920 6.924 6.928 6.932 6.936 6.941 6.946 6.952 6.958 6.964 6.971 6.978 6.986 6.994 7.003 7.013 7.022 7.033 7.044 7.055 7.066 7.079 7.091 7.103 7.115 7.127 7.140 7.153 7.166 7.180 7.193 7.206 7.218 7.230 7.242 7.255 7.268 7.281 7.297 7.314 7.334 7.355 7.379 7.407 7.438 7.465 7.494 7.533 7.576 7.622 7.671 7.726 7.786 7.847 7.905 7.937 7.972 8.019 8.061
6.864 6.867 6.871 6.874 6.878 6.881 6.885 6.888 6.891 6.895 6.898 6.902 6.905 6.909 6.912 6.916 6.920 6.924 6.928 6.931 6.935 6.940 6.944 6.949 6.954 6.959 6.965 6.971 6.978 6.985 6.993 7.001 7.010 7.019 7.029 7.039 7.050 7.061 7.073 7.085 7.097 7.109 7.121 7.134 7.146 7.159 7.172 7.186 7.199 7.212 7.224 7.237 7.249 7.262 7.275 7.290 7.306 7.325 7.345 7.367 7.394 7.424 7.458 7.488 7.519 7.562 7.609 7.660 7.714 7.770 7.828 7.885 7.937 7.968 8.000 8.044 8.083
6.870 6.874 6.877 6.881 6.884 6.888 6.891 6.895 6.899 6.902 6.906 6.909 6.913 6.916 6.920 6.924 6.928 6.932 6.935 6.939 6.943 6.947 6.952 6.956 6.961 6.967 6.972 6.979 6.985 6.992 7.000 7.008 7.017 7.026 7.036 7.046 7.057 7.068 7.079 7.092 7.104 7.116 7.128 7.140 7.152 7.165 7.178 7.191 7.204 7.217 7.230 7.243 7.256 7.269 7.283 7.298 7.316 7.335 7.356 7.380 7.409 7.442 7.481 7.512 7.546 7.593 7.645 7.699 7.753 7.810 7.866 7.919 7.967 7.996 8.026 8.066 8.102
6.877 6.880 6.884 6.888 6.891 6.895 6.898 6.902 6.905 6.909 6.913 6.916 6.920 6.923 6.927 6.931 6.935 6.939 6.943 6.947 6.951 6.955 6.959 6.964 6.969 6.974 6.980 6.986 6.992 6.999 7.007 7.015 7.023 7.032 7.042 7.052 7.063 7.074 7.086 7.098 7.110 7.122 7.133 7.145 7.158 7.170 7.183 7.196 7.209 7.223 7.236 7.249 7.263 7.276 7.291 7.307 7.326 7.346 7.368 7.393 7.424 7.462 7.504 7.538 7.574 7.626 7.681 7.736 7.791 7.847 7.900 7.950 7.993 8.021 8.048 8.085 8.118
6.883 6.887 6.891 6.894 6.898 6.901 6.905 6.909 6.912 6.916 6.920 6.923 6.927 6.931 6.934 6.938 6.942 6.947 6.950 6.954 6.958 6.962 6.967 6.971 6.976 6.981 6.987 6.993 6.999 7.006 7.014 7.022 7.030 7.039 7.048 7.058 7.069 7.080 7.092 7.104 7.116 7.127 7.139 7.151 7.163 7.175 7.188 7.201 7.214 7.228 7.242 7.255 7.269 7.284 7.299 7.316 7.335 7.357 7.380 7.407 7.441 7.482 7.529 7.564 7.603 7.658 7.714 7.770 7.825 7.879 7.930 7.976 8.016 8.042 8.068 8.101 8.132
6.890 6.893 6.897 6.901 6.904 6.908 6.912 6.915 6.919 6.923 6.926 6.930 6.934 6.937 6.941 6.945 6.950 6.954 6.958 6.962 6.966 6.970 6.974 6.979 6.983 6.989 6.994 7.000 7.006 7.013 7.020 7.028 7.036 7.045 7.055 7.064 7.075 7.086 7.098 7.110 7.121 7.133 7.144 7.156 7.168 7.180 7.192 7.205 7.219 7.233 7.247 7.262 7.276 7.291 7.306 7.324 7.345 7.368 7.393 7.422 7.458 7.502 7.552 7.591 7.631 7.688 7.745 7.802 7.856 7.908 7.958 8.001 8.039 8.063 8.086 8.117 8.146
6.896 6.899 6.903 6.907 6.911 6.914 6.918 6.922 6.925 6.929 6.933 6.937 6.940 6.944 6.948 6.952 6.957 6.961 6.965 6.969 6.973 6.977 6.981 6.986 6.991 6.996 7.001 7.007 7.013 7.020 7.027 7.035 7.043 7.051 7.061 7.070 7.081 7.092 7.103 7.115 7.127 7.138 7.149 7.160 7.172 7.184 7.196 7.209 7.223 7.238 7.253 7.268 7.283 7.298 7.314 7.333 7.355 7.379 7.406 7.438 7.476 7.524 7.580 7.621 7.662 7.721 7.778 7.834 7.888 7.938 7.985 8.026 8.061 8.082 8.104 8.133 8.159
6.902 6.905 6.909 6.913 6.917 6.921 6.924 6.928 6.932 6.936 6.939 6.943 6.947 6.951 6.955 6.959 6.963 6.968 6.972 6.976 6.980 6.984 6.988 6.993 6.997 7.003 7.008 7.014 7.020 7.026 7.033 7.041 7.049 7.057 7.067 7.076 7.087 7.097 7.109 7.121 7.132 7.142 7.153 7.164 7.176 7.188 7.200 7.213 7.228 7.243 7.259 7.274 7.289 7.305 7.322 7.342 7.366 7.392 7.422 7.456 7.497 7.552 7.613 7.653 7.694 7.753 7.810 7.866 7.918 7.966 8.011 8.049 8.080 8.100 8.121 8.147 8.171
6.908 6.911 6.915 6.919 6.923 6.927 6.930 6.934 6.938 6.942 6.946 6.950 6.953 6.957 6.961 6.966 6.970 6.974 6.978 6.982 6.986 6.991 6.995 6.999 7.004 7.009 7.015 7.020 7.026 7.033 7.040 7.047 7.055 7.063 7.072 7.082 7.092 7.103 7.114 7.126 7.136 7.147 7.157 7.168 7.180 7.192 7.204 7.218 7.233 7.248 7.264 7.280 7.296 7.313 7.331 7.353 7.378 7.407 7.440 7.478 7.526 7.585 7.644 7.684 7.725 7.784 7.840 7.895 7.945 7.992 8.034 8.068 8.098 8.118 8.137 8.161 8.183
6.913 6.917 6.921 6.925 6.929 6.932 6.936 6.940 6.944 6.948 6.952 6.956 6.960 6.964 6.968 6.972 6.976 6.980 6.985 6.989 6.993 6.997 7.001 7.006 7.011 7.016 7.021 7.027 7.033 7.039 7.046 7.053 7.061 7.069 7.078 7.087 7.097 7.108 7.119 7.130 7.141 7.151 7.161 7.172 7.184 7.196 7.209 7.223 7.238 7.253 7.269 7.286 7.304 7.322 7.341 7.365 7.393 7.426 7.462 7.506 7.558 7.617 7.675 7.713 7.754 7.812 7.868 7.922 7.970 8.015 8.054 8.087 8.115 8.134 8.151 8.174 8.194
6.919 6.923 6.926 6.930 6.934 6.938 6.942 6.946 6.950 6.954 6.958 6.962 6.966 6.970 6.974 6.978 6.983 6.987 6.991 6.995 6.999 7.003 7.008 7.012 7.017 7.022 7.027 7.033 7.039 7.045 7.052 7.059 7.066 7.075 7.083 7.093 7.103 7.113 7.124 7.135 7.145 7.155 7.165 7.176 7.188 7.200 7.213 7.227 7.242 7.258 7.275 7.293 7.312 7.332 7.352 7.380 7.411 7.447 7.488 7.536 7.590 7.647 7.704 7.741 7.781 7.839 7.894 7.946 7.994 8.036 8.073 8.104 8.132 8.149 8.165 8.186 8.205
6.924 6.928 6.932 6.936 6.940 6.944 6.948 6.952 6.956 6.959 6.963 6.967 6.971 6.975 6.980 6.984 6.988 6.993 6.997 7.001 7.005 7.009 7.014 7.018 7.023 7.028 7.033 7.039 7.044 7.051 7.057 7.064 7.072 7.080 7.088 7.098 7.107 7.117 7.128 7.139 7.149 7.159 7.169 7.180 7.192 7.204 7.217 7.231 7.246 7.263 7.280 7.300 7.322 7.343 7.366 7.397 7.432 7.472 7.516 7.565 7.619 7.676 7.731 7.768 7.808 7.864 7.918 7.969 8.014 8.055 8.091 8.121 8.147 8.163 8.178 8.197 8.214
6.929 6.933 6.937 6.941 6.945 6.949 6.953 6.957 6.961 6.965 6.969 6.973 6.977 6.981 6.985 6.990 6.994 6.998 7.002 7.007 7.011 7.015 7.020 7.024 7.029 7.034 7.039 7.044 7.050 7.056 7.063 7.070 7.077 7.085 7.093 7.102 7.112 7.121 7.132 7.143 7.153 7.163 7.173 7.184 7.196 7.208 7.221 7.235 7.250 7.267 7.286 7.308 7.333 7.356 7.382 7.416 7.455 7.498 7.544 7.594 7.647 7.702 7.757 7.794 7.832 7.887 7.941 7.990 8.034 8.073 8.108 8.137 8.161 8.176 8.190 8.207 8.223
6.934 6.938 6.942 6.946 6.950 6.954 6.958 6.962 6.966 6.970 6.974 6.978 6.982 6.986 6.991 6.995 7.000 7.004 7.008 7.012 7.016 7.021 7.025 7.030 7.034 7.039 7.044 7.050 7.055 7.061 7.068 7.075 7.082 7.090 7.098 7.106 7.115 7.125 7.136 7.146 7.156 7.166 7.176 7.187 7.199 7.211 7.224 7.239 7.254 7.271 7.292 7.316 7.345 7.371 7.399 7.437 7.480 7.524 7.571 7.621 7.673 7.728 7.782 7.818 7.855 7.910 7.962 8.010 8.052 8.090 8.124 8.151 8.173 8.187 8.200 8.216 8.230
6.939 6.943 6.947 6.951 6.955 6.959 6.963 6.967 6.971 6.975 6.980 6.984 6.988 6.992 6.996 7.001 7.005 7.009 7.013 7.017 7.022 7.026 7.030 7.035 7.040 7.044 7.049 7.055 7.060 7.066 7.073 7.079 7.086 7.094 7.102 7.110 7.119 7.129 7.139 7.150 7.160 7.170 7.179 7.190 7.202 7.214 7.227 7.242 7.258 7.277 7.299 7.327 7.358 7.387 7.417 7.459 7.503 7.549 7.596 7.645 7.697 7.751 7.805 7.841 7.877 7.931 7.981 8.027 8.068 8.105 8.137 8.163 8.183 8.196 8.208 8.222 8.235
6.944 6.948 6.952 6.956 6.960 6.964 6.968 6.972 6.976 6.980 6.985 6.989 6.993 6.997 7.001 7.006 7.010 7.014 7.018 7.023 7.027 7.031 7.036 7.040 7.045 7.049 7.054 7.060 7.065 7.071 7.077 7.084 7.091 7.098 7.105 7.114 7.122 7.132 7.142 7.153 7.163 7.173 7.182 7.193 7.204 7.216 7.230 7.245 7.262 7.282 7.307 7.337 7.371 7.403 7.436 7.479 7.526 7.573 7.620 7.669 7.720 7.772 7.827 7.862 7.898 7.950 7.999 8.043 8.082 8.118 8.149 8.174 8.192 8.203 8.214 8.227 8.240
6.949 6.953 6.957 6.961 6.965 6.969 6.973 6.977 6.981 6.985 6.989 6.994 6.998 7.002 7.006 7.011 7.015 7.019 7.023 7.028 7.032 7.036 7.040 7.045 7.049 7.054 7.059 7.064 7.070 7.076 7.082 7.088 7.095 7.101 7.109 7.117 7.125 7.135 7.145 7.156 7.166 7.175 7.184 7.195 7.206 7.218 7.232 7.248 7.266 7.288 7.315 7.348 7.388 7.421 7.456 7.501 7.549 7.597 7.645 7.693 7.742 7.794 7.851 7.886 7.921 7.971 8.017 8.059 8.097 8.131 8.161 8.184 8.200 8.209 8.219 8.231 8.244
6.954 6.958 6.962 6.966 6.970 6.974 6.978 6.982 6.986 6.990 6.994 6.998 7.002 7.007 7.011 7.015 7.020 7.024 7.028 7.032 7.037 7.041 7.045 7.050 7.054 7.059 7.064 7.069 7.074 7.080 7.086 7.092 7.098 7.105 7.112 7.120 7.128 7.137 7.148 7.158 7.168 7.177 7.186 7.196 7.208 7.220 7.234 7.251 7.272 7.296 7.325 7.364 7.407 7.441 7.476 7.524 7.572 7.621 7.669 7.716 7.764 7.820 7.877 7.910 7.942 7.991 8.034 8.074 8.110 8.143 8.172 8.191 8.203 8.212 8.222 8.234 8.246
6.959 6.963 6.967 6.971 6.975 6.979 6.983 6.987 6.991 6.995 6.999 7.003 7.007 7.011 7.016 7.020 7.025 7.029 7.033 7.037 7.041 7.046 7.050 7.054 7.059 7.063 7.068 7.073 7.079 7.084 7.090 7.096 7.102 7.108 7.115 7.123 7.131 7.140 7.150 7.161 7.170 7.178 7.187 7.198 7.210 7.223 7.238 7.257 7.280 7.307 7.341 7.383 7.427 7.461 7.497 7.546 7.595 7.645 7.693 7.742 7.792 7.848 7.901 7.932 7.963 8.009 8.050 8.087 8.121 8.151 8.177 8.193 8.206 8.215 8.224 8.236 8.248
6.964 6.968 6.972 6.975 6.979 6.983 6.987 6.991 6.995 6.999 7.003 7.008 7.012 7.016 7.020 7.025 7.029 7.033 7.037 7.042 7.046 7.050 7.054 7.059 7.063 7.068 7.073 7.078 7.083 7.089 7.094 7.100 7.105 7.111 7.118 7.125 7.134 7.143 7.152 7.162 7.171 7.180 7.189 7.201 7.213 7.227 7.244 7.265 7.290 7.321 7.359 7.402 7.447 7.481 7.518 7.567 7.619 7.669 7.719 7.769 7.821 7.874 7.923 7.952 7.982 8.024 8.063 8.098 8.129 8.156 8.178 8.194 8.208 8.217 8.225 8.238 8.250
6.969 6.973 6.976 6.980 6.984 6.988 6.992 6.996 7.000 7.004 7.008 7.012 7.016 7.020 7.025 7.029 7.034 7.038 7.042 7.046 7.050 7.054 7.059 7.063 7.067 7.072 7.077 7.082 7.087 7.092 7.098 7.103 7.109 7.115 7.121 7.128 7.136 7.145 7.154 7.163 7.172 7.182 7.192 7.204 7.217 7.233 7.252 7.276 7.304 7.337 7.377 7.421 7.466 7.501 7.538 7.590 7.643 7.694 7.746 7.797 7.848 7.898 7.943 7.971 7.999 8.038 8.074 8.106 8.134 8.158 8.179 8.195 8.208 8.217 8.226 8.239 8.252
6.974 6.978 6.981 6.985 6.989 6.993 6.997 7.000 7.004 7.008 7.012 7.017 7.021 7.025 7.029 7.034 7.038 7.042 7.046 7.050 7.054 7.059 7.063 7.067 7.072 7.076 7.081 7.086 7.091 7.096 7.102 7.107 7.112 7.118 7.124 7.131 7.138 7.147 7.156 7.164 7.174 7.184 7.195 7.208 7.223 7.241 7.262 7.289 7.319 7.354 7.395 7.440 7.486 7.522 7.560 7.613 7.666 7.720 7.772 7.824 7.874 7.920 7.961 7.987 8.014 8.050 8.082 8.112 8.137 8.159 8.179 8.194 8.209 8.218 8.227 8.240 8.254
6.979 6.983 6.986 6.990 6.994 6.997 7.001 7.005 7.009 7.013 7.017 7.021 7.025 7.029 7.033 7.038 7.042 7.046 7.050 7.054 7.059 7.063 7.067 7.071 7.076 7.080 7.085 7.090 7.095 7.100 7.106 7.111 7.115 7.121 7.127 7.133 7.140 7.148 7.157 7.166 7.176 7.187 7.200 7.214 7.230 7.250 7.274 7.303 7.335 7.371 7.413 7.459 7.507 7.544 7.582 7.636 7.691 7.746 7.798 7.849 7.897 7.940 7.978 8.002 8.027 8.059 8.089 8.116 8.139 8.160 8.178 8.194 8.209 8.218 8.227 8.241 8.256
6.984 6.988 6.991 6.995 6.998 7.002 7.006 7.010 7.013 7.017 7.021 7.025 7.029 7.033 7.038 7.042 7.046 7.050 7.055 7.059 7.063 7.067 7.071 7.075 7.079 7.084 7.089 7.094 7.099 7.104 7.109 7.114 7.118 7.124 7.129 7.135 7.141 7.149 7.158 7.167 7.178 7.191 7.205 7.221 7.238 7.261 7.288 7.318 7.351 7.388 7.430 7.478 7.528 7.565 7.604 7.661 7.717 7.771 7.822 7.872 7.918 7.958 7.993 8.015 8.038 8.067 8.094 8.119 8.140 8.159 8.177 8.193 8.208 8.218 8.227 8.242 8.257
6.989 6.993 6.996 7.000 7.003 7.007 7.010 7.014 7.018 7.022 7.026 7.030 7.034 7.038 7.042 7.046 7.051 7.055 7.059 7.063 7.067 7.071 7.075 7.079 7.083 7.088 7.093 7.097 7.103 7.108 7.113 7.117 7.121 7.126 7.131 7.137 7.143 7.151 7.159 7.169 7.181 7.196 7.212 7.229 7.247 7.272 7.301 7.333 7.367 7.405 7.448 7.498 7.550 7.588 7.628 7.685 7.740 7.794 7.844 7.892 7.935 7.973 8.004 8.025 8.046 8.073 8.097 8.120 8.140 8.158 8.175 8.192 8.207 8.217 8.227 8.243 8.259
6.995 6.998 7.001 7.005 7.008 7.012 7.015 7.019 7.023 7.026 7.030 7.034 7.038 7.042 7.046 7.051 7.055 7.059 7.063 7.067 7.071 7.075 7.079 7.083 7.087 7.092 7.096 7.101 7.107 7.112 7.117 7.121 7.124 7.129 7.134 7.138 7.144 7.152 7.161 7.171 7.185 7.200 7.219 7.237 7.257 7.283 7.314 7.348 7.383 7.422 7.466 7.516 7.570 7.610 7.650 7.707 7.762 7.815 7.864 7.910 7.951 7.987 8.016 8.035 8.054 8.078 8.101 8.122 8.141 8.158 8.174 8.190 8.207 8.217 8.227 8.243 8.259
7.000 7.003 7.006 7.010 7.013 7.016 7.020 7.023 7.027 7.031 7.035 7.038 7.042 7.046 7.050 7.055 7.059 7.063 7.067 7.071 7.074 7.078 7.083 7.087 7.091 7.095 7.100 7.105 7.110 7.116 7.120 7.124 7.127 7.131 7.136 7.140 7.146 7.153 7.162 7.174 7.189 7.206 7.227 7.246 7.267 7.296 7.328 7.363 7.400 7.440 7.485 7.536 7.595 7.635 7.675 7.732 7.786 7.837 7.884 7.928 7.968 8.001 8.026 8.043 8.061 8.083 8.104 8.123 8.141 8.157 8.173 8.189 8.206 8.216 8.227 8.243 8.260
