TsunamiDB/out54025.asc
ncols          264
nrows          230
xllcorner      497853.4375
yllcorner      4229146.0000
cellsize         5.
NODATA_value   -99
[rows 192 to 223 of 230, columns 71 to 141 of 264]
-99.000 -99.000 -99.000 -99.000 -99.000 -99.000 -99.000 -99.000 -99.000 -99.000 -99.000 -99.000 -99.000 -99.000 -99.000 -99.000 -99.000 -99.000 -99.000 -99.000 -99.000 -99.000 -99.000 -99.000 -99.000 -99.000 -99.000 1.646 1.652 1.704 1.856 2.106 2.428 2.794 3.157 3.479 3.745 3.955 4.117 4.241 4.339 4.418 4.485 4.544 4.598 4.648 4.695 4.740 4.784 4.825 4.865 4.904 4.942 4.979 5.016 5.053 5.089 5.127 5.166 5.206 5.249 5.293 5.339 5.387 5.436 5.485 5.534 5.582 5.627 5.669 5.706
-99.000 -99.000 -99.000 -99.000 -99.000 -99.000 -99.000 -99.000 -99.000 -99.000 -99.000 -99.000 -99.000 -99.000 -99.000 -99.000 -99.000 -99.000 -99.000 -99.000 -99.000 -99.000 -99.000 -99.000 -99.000 -99.000 -99.000 1.647 1.663 1.754 1.949 2.232 2.577 2.950 3.304 3.607 3.852 4.043 4.189 4.302 4.392 4.465 4.528 4.585 4.636 4.684 4.730 4.774 4.816 4.856 4.895 4.934 4.971 5.007 5.042 5.077 5.112 5.147 5.184 5.222 5.262 5.305 5.349 5.395 5.442 5.490 5.539 5.586 5.631 5.673 5.712
-99.000 -99.000 -99.000 -99.000 -99.000 -99.000 -99.000 -99.000 -99.000 -99.000 -99.000 -99.000 -99.000 -99.000 -99.000 -99.000 -99.000 -99.000 -99.000 -99.000 -99.000 -99.000 -99.000 -99.000 -99.000 -99.000 1.646 1.649 1.688 1.822 2.057 2.368 2.730 3.104 3.443 3.725 3.950 4.122 4.255 4.358 4.441 4.510 4.571 4.624 4.674 4.721 4.766 4.809 4.850 4.889 4.927 4.965 5.001 5.036 5.070 5.104 5.137 5.171 5.205 5.241 5.278 5.318 5.360 5.404 5.449 5.495 5.542 5.589 5.634 5.676 5.716
-99.000 -99.000 -99.000 -99.000 -99.000 -99.000 -99.000 -99.000 -99.000 -99.000 -99.000 -99.000 -99.000 -99.000 -99.000 -99.000 -99.000 -99.000 -99.000 -99.000 -99.000 -99.000 -99.000 -99.000 -99.000 -99.000 1.646 1.657 1.730 1.908 2.176 2.512 2.885 3.252 3.572 3.833 4.038 4.194 4.315 4.411 4.488 4.554 4.611 4.664 4.712 4.758 4.802 4.844 4.884 4.923 4.960 4.997 5.033 5.068 5.101 5.134 5.165 5.197 5.229 5.263 5.297 5.334 5.372 5.413 5.456 5.500 5.545 5.591 5.635 5.678 5.718
-99.000 -99.000 -99.000 -99.000 -99.000 -99.000 -99.000 -99.000 -99.000 -99.000 -99.000 -99.000 -99.000 -99.000 -99.000 -99.000 -99.000 -99.000 -99.000 -99.000 -99.000 -99.000 -99.000 -99.000 -99.000 -99.000 1.648 1.675 1.790 2.008 2.307 2.661 3.038 3.392 3.692 3.931 4.117 4.259 4.370 4.459 4.532 4.595 4.651 4.702 4.750 4.795 4.838 4.879 4.919 4.957 4.994 5.031 5.067 5.101 5.134 5.166 5.197 5.227 5.257 5.288 5.319 5.352 5.387 5.424 5.464 5.505 5.548 5.592 5.635 5.678 5.719
-99.000 -99.000 -99.000 -99.000 -99.000 -99.000 -99.000 -99.000 -99.000 -99.000 -99.000 -99.000 -99.000 -99.000 -99.000 -99.000 -99.000 -99.000 -99.000 -99.000 -99.000 -99.000 -99.000 -99.000 -99.000 1.647 1.652 1.709 1.867 2.120 2.445 2.813 3.187 3.524 3.801 4.019 4.188 4.318 4.420 4.504 4.574 4.635 4.689 4.739 4.786 4.831 4.873 4.915 4.954 4.992 5.029 5.066 5.102 5.137 5.170 5.202 5.232 5.261 5.289 5.317 5.345 5.374 5.404 5.437 5.473 5.511 5.551 5.593 5.635 5.677 5.719
-99.000 -99.000 -99.000 -99.000 -99.000 -99.000 -99.000 -99.000 -99.000 -99.000 -99.000 -99.000 -99.000 -99.000 -99.000 -99.000 -99.000 -99.000 -99.000 -99.000 -99.000 -99.000 -99.000 -99.000 -99.000 1.648 1.665 1.759 1.959 2.243 2.589 2.965 3.330 3.644 3.899 4.097 4.251 4.370 4.466 4.545 4.612 4.672 4.726 4.776 4.822 4.866 4.909 4.950 4.990 5.028 5.065 5.102 5.138 5.173 5.207 5.239 5.269 5.298 5.324 5.350 5.375 5.399 5.426 5.454 5.485 5.519 5.556 5.595 5.635 5.677 5.719
-99.000 -99.000 -99.000 -99.000 -99.000 -99.000 -99.000 -99.000 -99.000 -99.000 -99.000 -99.000 -99.000 -99.000 -99.000 -99.000 -99.000 -99.000 -99.000 -99.000 -99.000 -99.000 -99.000 -99.000 -99.000 1.650 1.690 1.827 2.063 2.375 2.737 3.113 3.463 3.754 3.986 4.167 4.307 4.417 4.507 4.583 4.649 4.707 4.761 4.810 4.857 4.901 4.944 4.985 5.025 5.063 5.101 5.139 5.175 5.211 5.245 5.278 5.309 5.337 5.363 5.387 5.409 5.430 5.452 5.475 5.501 5.530 5.563 5.599 5.638 5.678 5.721
-99.000 -99.000 -99.000 -99.000 -99.000 -99.000 -99.000 -99.000 -99.000 -99.000 -99.000 -99.000 -99.000 -99.000 -99.000 -99.000 -99.000 -99.000 -99.000 -99.000 -99.000 -99.000 -99.000 -99.000 1.647 1.658 1.732 1.910 2.179 2.514 2.885 3.257 3.585 3.854 4.064 4.228 4.356 4.459 4.545 4.618 4.682 4.740 4.794 4.843 4.890 4.935 4.978 5.019 5.060 5.098 5.136 5.175 5.212 5.249 5.285 5.318 5.350 5.379 5.404 5.427 5.448 5.466 5.483 5.502 5.522 5.546 5.575 5.607 5.643 5.683 5.725
-99.000 -99.000 -99.000 -99.000 -99.000 -99.000 -99.000 -99.000 -99.000 -99.000 -99.000 -99.000 -99.000 -99.000 -99.000 -99.000 -99.000 -99.000 -99.000 -99.000 -99.000 -99.000 -99.000 1.647 1.649 1.676 1.789 2.006 2.304 2.657 3.033 3.392 3.698 3.942 4.134 4.283 4.401 4.497 4.579 4.650 4.713 4.771 4.825 4.875 4.922 4.967 5.010 5.052 5.093 5.132 5.171 5.211 5.249 5.287 5.324 5.359 5.391 5.421 5.448 5.471 5.490 5.506 5.521 5.534 5.550 5.569 5.592 5.620 5.653 5.691 5.733
-99.000 -99.000 -99.000 -99.000 -99.000 -99.000 -99.000 -99.000 -99.000 -99.000 -99.000 -99.000 -99.000 -99.000 -99.000 -99.000 -99.000 -99.000 -99.000 -99.000 -99.000 -99.000 -99.000 1.647 1.653 1.708 1.863 2.114 2.437 2.803 3.178 3.518 3.799 4.022 4.195 4.331 4.441 4.532 4.610 4.679 4.742 4.800 4.853 4.904 4.951 4.997 5.041 5.083 5.125 5.165 5.205 5.245 5.285 5.324 5.362 5.399 5.433 5.465 5.493 5.516 5.536 5.551 5.563 5.573 5.584 5.598 5.615 5.639 5.668 5.704 5.745
-99.000 -99.000 -99.000 -99.000 -99.000 -99.000 -99.000 -99.000 -99.000 -99.000 -99.000 -99.000 -99.000 -99.000 -99.000 -99.000 -99.000 -99.000 -99.000 -99.000 -99.000 -99.000 -99.000 1.648 1.665 1.756 1.951 2.233 2.576 2.950 3.316 3.634 3.891 4.093 4.251 4.376 4.477 4.563 4.639 4.706 4.768 4.826 4.880 4.930 4.979 5.025 5.069 5.113 5.155 5.196 5.237 5.278 5.319 5.360 5.399 5.438 5.474 5.507 5.537 5.563 5.583 5.599 5.610 5.618 5.625 5.634 5.646 5.665 5.690 5.723 5.762
-99.000 -99.000 -99.000 -99.000 -99.000 -99.000 -99.000 -99.000 -99.000 -99.000 -99.000 -99.000 -99.000 -99.000 -99.000 -99.000 -99.000 -99.000 -99.000 -99.000 -99.000 -99.000 1.647 1.650 1.688 1.821 2.052 2.361 2.720 3.096 3.446 3.740 3.975 4.158 4.301 4.416 4.511 4.593 4.665 4.731 4.793 4.850 4.904 4.955 5.004 5.051 5.096 5.140 5.183 5.225 5.267 5.309 5.351 5.393 5.434 5.475 5.513 5.549 5.581 5.609 5.631 5.648 5.660 5.666 5.671 5.676 5.684 5.698 5.719 5.748 5.784
-99.000 -99.000 -99.000 -99.000 -99.000 -99.000 -99.000 -99.000 -99.000 -99.000 -99.000 -99.000 -99.000 -99.000 -99.000 -99.000 -99.000 -99.000 -99.000 -99.000 -99.000 -99.000 1.647 1.657 1.727 1.900 2.164 2.496 2.866 3.237 3.568 3.838 4.050 4.216 4.347 4.453 4.542 4.620 4.690 4.755 4.815 4.872 4.926 4.977 5.026 5.074 5.119 5.164 5.208 5.251 5.294 5.337 5.381 5.424 5.467 5.509 5.550 5.588 5.623 5.653 5.678 5.697 5.710 5.717 5.721 5.724 5.728 5.738 5.754 5.779 5.812
-99.000 -99.000 -99.000 -99.000 -99.000 -99.000 -99.000 -99.000 -99.000 -99.000 -99.000 -99.000 -99.000 -99.000 -99.000 -99.000 -99.000 -99.000 -99.000 -99.000 -99.000 -99.000 1.648 1.673 1.782 1.993 2.286 2.637 3.013 3.373 3.680 3.926 4.119 4.269 4.389 4.488 4.572 4.647 4.714 4.777 4.836 4.893 4.946 4.997 5.047 5.094 5.141 5.186 5.231 5.274 5.318 5.363 5.408 5.452 5.497 5.541 5.584 5.624 5.661 5.695 5.723 5.744 5.760 5.769 5.773 5.775 5.777 5.784 5.796 5.817 5.846
-99.000 -99.000 -99.000 -99.000 -99.000 -99.000 -99.000 -99.000 -99.000 -99.000 -99.000 -99.000 -99.000 -99.000 -99.000 -99.000 -99.000 -99.000 -99.000 -99.000 -99.000 1.647 1.652 1.702 1.852 2.099 2.417 2.782 3.158 3.500 3.783 4.007 4.181 4.318 4.429 4.521 4.601 4.672 4.738 4.799 4.857 4.912 4.965 5.016 5.065 5.113 5.159 5.205 5.250 5.295 5.340 5.385 5.431 5.478 5.524 5.569 5.614 5.657 5.697 5.733 5.764 5.789 5.807 5.819 5.825 5.828 5.830 5.835 5.844 5.861 5.886
-99.000 -99.000 -99.000 -99.000 -99.000 -99.000 -99.000 -99.000 -99.000 -99.000 -99.000 -99.000 -99.000 -99.000 -99.000 -99.000 -99.000 -99.000 -99.000 -99.000 -99.000 1.648 1.662 1.748 1.937 2.215 2.555 2.930 3.298 3.619 3.878 4.081 4.239 4.364 4.466 4.552 4.628 4.697 4.761 4.821 4.877 4.931 4.984 5.034 5.083 5.130 5.176 5.222 5.268 5.313 5.359 5.405 5.452 5.500 5.547 5.594 5.641 5.686 5.728 5.767 5.800 5.829 5.850 5.866 5.875 5.880 5.884 5.889 5.897 5.911 5.932
-99.000 -99.000 -99.000 -99.000 -99.000 -99.000 -99.000 -99.000 -99.000 -99.000 -99.000 -99.000 -99.000 -99.000 -99.000 -99.000 -99.000 -99.000 -99.000 -99.000 1.647 1.649 1.683 1.809 2.036 2.341 2.699 3.077 3.432 3.729 3.965 4.149 4.292 4.407 4.501 4.583 4.655 4.722 4.784 4.842 4.897 4.950 5.002 5.051 5.099 5.146 5.192 5.238 5.284 5.328 5.375 5.422 5.470 5.519 5.567 5.616 5.664 5.711 5.755 5.796 5.833 5.864 5.889 5.908 5.922 5.931 5.937 5.944 5.952 5.965 5.984
-99.000 -99.000 -99.000 -99.000 -99.000 -99.000 -99.000 -99.000 -99.000 -99.000 -99.000 -99.000 -99.000 -99.000 -99.000 -99.000 -99.000 -99.000 -99.000 -99.000 1.647 1.655 1.719 1.886 2.146 2.476 2.847 3.222 3.557 3.831 4.045 4.211 4.342 4.447 4.535 4.613 4.682 4.746 4.806 4.863 4.918 4.970 5.020 5.068 5.116 5.162 5.207 5.253 5.297 5.342 5.389 5.437 5.485 5.534 5.584 5.634 5.683 5.731 5.778 5.821 5.860 5.895 5.923 5.947 5.964 5.978 5.988 5.998 6.009 6.022 6.040
-99.000 -99.000 -99.000 -99.000 -99.000 -99.000 -99.000 -99.000 -99.000 -99.000 -99.000 -99.000 -99.000 -99.000 -99.000 -99.000 -99.000 -99.000 -99.000 -99.000 1.648 1.669 1.771 1.977 2.267 2.616 2.995 3.362 3.674 3.925 4.119 4.270 4.388 4.486 4.568 4.641 4.708 4.770 4.829 4.885 4.938 4.989 5.038 5.086 5.132 5.178 5.222 5.267 5.311 5.356 5.403 5.450 5.498 5.548 5.598 5.648 5.699 5.748 5.796 5.841 5.883 5.920 5.952 5.979 6.002 6.020 6.036 6.051 6.065 6.080 6.098
-99.000 -99.000 -99.000 -99.000 -99.000 -99.000 -99.000 -99.000 -99.000 -99.000 -99.000 -99.000 -99.000 -99.000 -99.000 -99.000 -99.000 -99.000 -99.000 1.647 1.651 1.696 1.839 2.080 2.397 2.763 3.144 3.494 3.784 4.012 4.188 4.324 4.433 4.523 4.600 4.670 4.734 4.794 4.852 4.906 4.959 5.009 5.058 5.104 5.150 5.194 5.238 5.282 5.325 5.369 5.415 5.462 5.510 5.559 5.609 5.660 5.711 5.761 5.810 5.856 5.900 5.940 5.976 6.007 6.035 6.059 6.080 6.100 6.119 6.138 6.157
-99.000 -99.000 -99.000 -99.000 -99.000 -99.000 -99.000 -99.000 -99.000 -99.000 -99.000 -99.000 -99.000 -99.000 -99.000 -99.000 -99.000 -99.000 -99.000 1.647 1.660 1.739 1.923 2.196 2.536 2.912 3.288 3.618 3.885 4.092 4.251 4.375 4.475 4.558 4.632 4.698 4.760 4.819 4.874 4.928 4.980 5.030 5.077 5.124 5.169 5.212 5.255 5.298 5.340 5.383 5.428 5.474 5.521 5.569 5.619 5.669 5.720 5.770 5.820 5.868 5.913 5.956 5.995 6.030 6.062 6.092 6.119 6.145 6.169 6.193 6.215
-99.000 -99.000 -99.000 -99.000 -99.000 -99.000 -99.000 -99.000 -99.000 -99.000 -99.000 -99.000 -99.000 -99.000 -99.000 -99.000 -99.000 -99.000 1.647 1.649 1.679 1.798 2.020 2.322 2.681 3.062 3.426 3.734 3.977 4.165 4.309 4.423 4.515 4.593 4.663 4.726 4.786 4.843 4.898 4.950 5.001 5.050 5.098 5.144 5.188 5.232 5.274 5.316 5.357 5.399 5.442 5.486 5.531 5.578 5.626 5.676 5.726 5.776 5.826 5.875 5.922 5.967 6.009 6.048 6.085 6.121 6.154 6.186 6.216 6.245 6.272
-99.000 -99.000 -99.000 -99.000 -99.000 -99.000 -99.000 -99.000 -99.000 -99.000 -99.000 -99.000 -99.000 -99.000 -99.000 -99.000 -99.000 -99.000 1.647 1.654 1.713 1.874 2.130 2.458 2.830 3.210 3.556 3.840 4.062 4.232 4.363 4.468 4.554 4.628 4.694 4.755 4.813 4.868 4.921 4.973 5.023 5.072 5.119 5.165 5.209 5.252 5.294 5.335 5.375 5.415 5.456 5.498 5.542 5.587 5.633 5.681 5.730 5.779 5.829 5.879 5.927 5.974 6.019 6.062 6.104 6.145 6.184 6.223 6.259 6.293 6.325
-99.000 -99.000 -99.000 -99.000 -99.000 -99.000 -99.000 -99.000 -99.000 -99.000 -99.000 -99.000 -99.000 -99.000 -99.000 -99.000 -99.000 -99.000 1.648 1.667 1.764 1.965 2.252 2.600 2.980 3.352 3.677 3.937 4.138 4.292 4.413 4.510 4.591 4.661 4.725 4.784 4.840 4.893 4.945 4.996 5.046 5.094 5.141 5.187 5.231 5.274 5.316 5.356 5.394 5.433 5.472 5.512 5.552 5.594 5.638 5.684 5.731 5.780 5.829 5.879 5.928 5.977 6.025 6.072 6.119 6.165 6.210 6.255 6.298 6.337 6.374
-99.000 -99.000 -99.000 -99.000 -99.000 -99.000 -99.000 -99.000 -99.000 -99.000 -99.000 -99.000 -99.000 -99.000 -99.000 -99.000 -99.000 1.647 1.651 1.693 1.831 2.069 2.383 2.748 3.130 3.487 3.787 4.024 4.206 4.347 4.458 4.549 4.626 4.694 4.755 4.813 4.867 4.920 4.971 5.020 5.069 5.117 5.164 5.209 5.254 5.297 5.338 5.378 5.415 5.452 5.489 5.526 5.563 5.602 5.643 5.686 5.731 5.778 5.826 5.875 5.926 5.976 6.027 6.078 6.130 6.181 6.232 6.282 6.331 6.376 6.418
-99.000 -99.000 -99.000 -99.000 -99.000 -99.000 -99.000 -99.000 -99.000 -99.000 -99.000 -99.000 -99.000 -99.000 -99.000 -99.000 -99.000 1.647 1.659 1.734 1.914 2.185 2.522 2.898 3.275 3.613 3.887 4.102 4.267 4.396 4.499 4.585 4.659 4.725 4.785 4.842 4.895 4.947 4.997 5.046 5.094 5.141 5.188 5.233 5.278 5.320 5.362 5.401 5.438 5.473 5.507 5.541 5.575 5.610 5.647 5.687 5.729 5.774 5.821 5.870 5.920 5.972 6.026 6.081 6.137 6.193 6.250 6.305 6.359 6.411 6.458
-99.000 -99.000 -99.000 -99.000 -99.000 -99.000 -99.000 -99.000 -99.000 -99.000 -99.000 -99.000 -99.000 -99.000 -99.000 -99.000 1.647 1.649 1.677 1.793 2.011 2.311 2.667 3.048 3.414 3.727 3.977 4.171 4.321 4.440 4.537 4.619 4.691 4.755 4.815 4.870 4.923 4.974 5.024 5.072 5.120 5.166 5.213 5.258 5.302 5.345 5.386 5.426 5.461 5.495 5.527 5.558 5.588 5.620 5.652 5.688 5.727 5.769 5.814 5.862 5.913 5.967 6.023 6.081 6.141 6.203 6.264 6.325 6.384 6.441 6.494
-99.000 -99.000 -99.000 -99.000 -99.000 -99.000 -99.000 -99.000 -99.000 -99.000 -99.000 -99.000 -99.000 -99.000 -99.000 -99.000 1.647 1.653 1.710 1.868 2.121 2.446 2.815 3.195 3.544 3.830 4.057 4.232 4.369 4.480 4.571 4.650 4.720 4.783 4.842 4.898 4.951 5.001 5.051 5.099 5.146 5.193 5.239 5.284 5.328 5.371 5.413 5.451 5.487 5.519 5.549 5.577 5.604 5.631 5.659 5.690 5.725 5.764 5.807 5.854 5.906 5.961 6.019 6.080 6.144 6.210 6.276 6.342 6.406 6.469 6.528
-99.000 -99.000 -99.000 -99.000 -99.000 -99.000 -99.000 -99.000 -99.000 -99.000 -99.000 -99.000 -99.000 -99.000 -99.000 -99.000 1.648 1.666 1.759 1.957 2.241 2.587 2.965 3.337 3.662 3.923 4.128 4.287 4.413 4.515 4.602 4.678 4.747 4.810 4.869 4.924 4.977 5.028 5.077 5.125 5.173 5.219 5.265 5.311 5.355 5.398 5.440 5.479 5.514 5.546 5.574 5.600 5.623 5.646 5.669 5.696 5.726 5.761 5.802 5.848 5.899 5.955 6.015 6.079 6.146 6.216 6.287 6.357 6.427 6.494 6.560
-99.000 -99.000 -99.000 -99.000 -99.000 -99.000 -99.000 -99.000 -99.000 -99.000 -99.000 -99.000 -99.000 -99.000 -99.000 1.647 1.650 1.690 1.825 2.060 2.372 2.734 3.113 3.470 3.770 4.007 4.192 4.336 4.452 4.548 4.631 4.704 4.772 4.834 4.893 4.949 5.002 5.053 5.103 5.151 5.199 5.246 5.292 5.338 5.383 5.427 5.468 5.508 5.543 5.574 5.602 5.626 5.647 5.665 5.684 5.706 5.731 5.763 5.801 5.845 5.896 5.952 6.014 6.079 6.149 6.222 6.297 6.372 6.445 6.519 6.592
-99.000 -99.000 -99.000 -99.000 -99.000 -99.000 -99.000 -99.000 -99.000 -99.000 -99.000 -99.000 -99.000 -99.000 -99.000 1.647 1.658 1.731 1.907 2.175 2.510 2.883 3.258 3.594 3.868 4.082 4.249 4.381 4.488 4.578 4.657 4.729 4.795 4.856 4.915 4.971 5.025 5.076 5.127 5.176 5.224 5.272 5.319 5.365 5.411 5.455 5.497 5.537 5.573 5.605 5.633 5.656 5.674 5.690 5.705 5.721 5.743 5.770 5.805 5.847 5.897 5.953 6.014 6.081 6.152 6.228 6.307 6.386 6.465 6.544 6.622
