TsunamiDB/out54170.asc
ncols          264
nrows          230
xllcorner      497853.4375
yllcorner      4229146.0000
cellsize         5.
NODATA_value   -99
[rows 102 to 135 of 230, columns 77 to 153 of 264]
6.515 6.521 6.527 6.533 6.538 6.543 6.549 6.554 6.559 6.564 6.569 6.574 6.579 6.584 6.589 6.594 6.599 6.603 6.608 6.613 6.617 6.622 6.626 6.631 6.636 6.641 6.645 6.649 6.653 6.657 6.661 6.665 6.669 6.673 6.676 6.680 6.683 6.686 6.690 6.693 6.696 6.699 6.702 6.705 6.708 6.711 6.714 6.717 6.721 6.724 6.727 6.730 6.732 6.735 6.738 6.741 6.743 6.746 6.749 6.752 6.754 6.757 6.760 6.763 6.765 6.768 6.772 6.775 6.778 6.782 6.787 6.791 6.795 6.800 6.805 6.809 6.815
6.519 6.525 6.531 6.536 6.542 6.547 6.552 6.557 6.563 6.568 6.573 6.578 6.583 6.588 6.592 6.597 6.602 6.607 6.611 6.616 6.621 6.625 6.630 6.634 6.639 6.644 6.648 6.653 6.657 6.661 6.665 6.669 6.672 6.676 6.680 6.683 6.687 6.690 6.693 6.696 6.699 6.703 6.706 6.709 6.712 6.714 6.718 6.721 6.724 6.727 6.730 6.733 6.736 6.738 6.741 6.744 6.747 6.749 6.752 6.755 6.757 6.760 6.763 6.765 6.768 6.771 6.774 6.777 6.781 6.784 6.789 6.793 6.797 6.802 6.806 6.811 6.816
6.523 6.529 6.535 6.540 6.546 6.551 6.556 6.561 6.566 6.571 6.576 6.581 6.586 6.591 6.596 6.601 6.605 6.610 6.615 6.619 6.624 6.628 6.633 6.638 6.643 6.647 6.652 6.656 6.660 6.664 6.668 6.672 6.676 6.680 6.683 6.687 6.690 6.693 6.697 6.700 6.703 6.706 6.709 6.712 6.715 6.718 6.721 6.724 6.728 6.731 6.733 6.736 6.739 6.742 6.744 6.747 6.750 6.752 6.755 6.758 6.760 6.763 6.765 6.768 6.771 6.774 6.777 6.780 6.783 6.787 6.791 6.795 6.799 6.803 6.808 6.812 6.817
6.528 6.534 6.539 6.544 6.549 6.554 6.560 6.565 6.570 6.575 6.580 6.585 6.590 6.594 6.599 6.604 6.609 6.613 6.618 6.623 6.627 6.632 6.636 6.641 6.646 6.651 6.655 6.659 6.664 6.668 6.672 6.675 6.679 6.683 6.687 6.690 6.693 6.697 6.700 6.703 6.706 6.709 6.712 6.715 6.718 6.721 6.724 6.728 6.731 6.734 6.737 6.739 6.742 6.745 6.748 6.750 6.753 6.755 6.758 6.761 6.763 6.766 6.768 6.771 6.774 6.776 6.779 6.782 6.785 6.789 6.793 6.797 6.801 6.805 6.809 6.814 6.819
6.532 6.538 6.543 6.548 6.553 6.558 6.563 6.568 6.573 6.578 6.583 6.588 6.593 6.598 6.602 6.607 6.612 6.617 6.621 6.626 6.630 6.635 6.640 6.644 6.649 6.654 6.659 6.663 6.667 6.671 6.675 6.679 6.683 6.686 6.690 6.693 6.697 6.700 6.703 6.707 6.710 6.713 6.716 6.719 6.722 6.725 6.728 6.731 6.734 6.737 6.740 6.743 6.745 6.748 6.751 6.753 6.756 6.759 6.761 6.764 6.766 6.769 6.771 6.774 6.776 6.779 6.782 6.785 6.788 6.791 6.795 6.799 6.803 6.807 6.811 6.815 6.820
6.537 6.542 6.547 6.552 6.557 6.562 6.567 6.572 6.577 6.582 6.586 6.591 6.596 6.601 6.606 6.610 6.615 6.620 6.624 6.629 6.634 6.638 6.643 6.648 6.653 6.657 6.662 6.666 6.670 6.674 6.678 6.682 6.686 6.690 6.693 6.697 6.700 6.704 6.707 6.710 6.713 6.716 6.719 6.722 6.725 6.728 6.731 6.734 6.738 6.740 6.743 6.746 6.749 6.751 6.754 6.757 6.759 6.762 6.764 6.767 6.769 6.772 6.774 6.776 6.779 6.782 6.784 6.787 6.790 6.794 6.797 6.801 6.805 6.809 6.813 6.817 6.822
6.541 6.546 6.551 6.556 6.561 6.566 6.570 6.575 6.580 6.585 6.590 6.594 6.599 6.604 6.609 6.614 6.618 6.623 6.628 6.632 6.637 6.641 6.646 6.651 6.656 6.661 6.665 6.669 6.673 6.677 6.681 6.685 6.689 6.693 6.696 6.700 6.703 6.707 6.710 6.713 6.716 6.719 6.723 6.726 6.728 6.731 6.734 6.738 6.741 6.744 6.747 6.749 6.752 6.755 6.757 6.760 6.762 6.765 6.767 6.770 6.772 6.774 6.777 6.779 6.782 6.784 6.787 6.790 6.793 6.796 6.800 6.803 6.807 6.811 6.814 6.819 6.823
6.546 6.551 6.555 6.560 6.565 6.569 6.574 6.579 6.583 6.588 6.593 6.598 6.602 6.607 6.612 6.617 6.621 6.626 6.631 6.635 6.640 6.644 6.649 6.654 6.659 6.664 6.668 6.672 6.676 6.681 6.685 6.689 6.692 6.696 6.700 6.703 6.707 6.710 6.713 6.717 6.720 6.723 6.726 6.729 6.732 6.735 6.738 6.741 6.744 6.747 6.750 6.753 6.755 6.758 6.760 6.763 6.765 6.768 6.770 6.773 6.775 6.777 6.780 6.782 6.785 6.787 6.790 6.792 6.795 6.798 6.802 6.805 6.809 6.813 6.816 6.820 6.825
6.550 6.555 6.560 6.564 6.568 6.573 6.577 6.582 6.587 6.591 6.596 6.601 6.605 6.610 6.615 6.620 6.624 6.629 6.634 6.638 6.643 6.647 6.652 6.657 6.662 6.667 6.671 6.675 6.680 6.684 6.688 6.692 6.695 6.699 6.703 6.706 6.710 6.713 6.717 6.720 6.723 6.726 6.729 6.732 6.735 6.738 6.741 6.745 6.748 6.750 6.753 6.756 6.758 6.761 6.764 6.766 6.769 6.771 6.773 6.776 6.778 6.781 6.783 6.785 6.788 6.790 6.793 6.795 6.798 6.801 6.804 6.808 6.811 6.815 6.818 6.822 6.826
6.555 6.559 6.564 6.568 6.572 6.577 6.581 6.586 6.590 6.595 6.599 6.604 6.608 6.613 6.618 6.622 6.627 6.632 6.636 6.641 6.646 6.650 6.655 6.660 6.665 6.670 6.674 6.678 6.683 6.687 6.691 6.695 6.699 6.702 6.706 6.710 6.713 6.716 6.720 6.723 6.726 6.729 6.732 6.735 6.738 6.741 6.744 6.748 6.751 6.754 6.756 6.759 6.762 6.764 6.767 6.769 6.772 6.774 6.777 6.779 6.781 6.784 6.786 6.788 6.791 6.793 6.795 6.798 6.801 6.804 6.807 6.810 6.813 6.817 6.820 6.824 6.828
6.559 6.564 6.568 6.572 6.576 6.580 6.585 6.589 6.593 6.598 6.602 6.607 6.611 6.616 6.621 6.625 6.630 6.634 6.639 6.644 6.648 6.653 6.658 6.663 6.668 6.672 6.677 6.681 6.685 6.690 6.694 6.698 6.701 6.705 6.709 6.713 6.716 6.720 6.723 6.726 6.729 6.733 6.736 6.739 6.742 6.745 6.748 6.751 6.754 6.757 6.760 6.762 6.765 6.768 6.770 6.773 6.775 6.778 6.780 6.782 6.785 6.787 6.789 6.791 6.794 6.796 6.798 6.801 6.803 6.806 6.810 6.813 6.816 6.819 6.823 6.826 6.830
6.564 6.568 6.572 6.576 6.580 6.584 6.588 6.592 6.597 6.601 6.605 6.610 6.614 6.619 6.623 6.628 6.633 6.637 6.642 6.646 6.651 6.656 6.660 6.665 6.670 6.675 6.680 6.684 6.688 6.692 6.696 6.700 6.704 6.708 6.712 6.716 6.719 6.723 6.726 6.729 6.732 6.736 6.739 6.742 6.745 6.748 6.751 6.754 6.758 6.760 6.763 6.766 6.768 6.771 6.774 6.776 6.778 6.781 6.783 6.786 6.788 6.790 6.792 6.795 6.797 6.799 6.801 6.804 6.806 6.809 6.812 6.816 6.819 6.822 6.825 6.829 6.833
6.569 6.573 6.577 6.581 6.584 6.588 6.592 6.596 6.600 6.604 6.609 6.613 6.617 6.622 6.626 6.631 6.635 6.640 6.644 6.649 6.654 6.658 6.663 6.668 6.673 6.678 6.682 6.687 6.691 6.695 6.699 6.703 6.707 6.711 6.715 6.718 6.722 6.726 6.729 6.732 6.736 6.739 6.742 6.745 6.748 6.751 6.754 6.758 6.761 6.764 6.766 6.769 6.772 6.774 6.777 6.779 6.782 6.784 6.787 6.789 6.791 6.793 6.796 6.798 6.800 6.802 6.805 6.807 6.809 6.812 6.815 6.818 6.821 6.824 6.828 6.831 6.835
6.574 6.578 6.582 6.585 6.589 6.592 6.596 6.600 6.604 6.608 6.612 6.616 6.620 6.625 6.629 6.633 6.638 6.643 6.647 6.652 6.656 6.661 6.666 6.670 6.676 6.680 6.685 6.689 6.693 6.698 6.702 6.706 6.710 6.714 6.718 6.721 6.725 6.728 6.732 6.735 6.738 6.742 6.745 6.748 6.751 6.754 6.757 6.761 6.764 6.767 6.770 6.772 6.775 6.778 6.780 6.783 6.785 6.788 6.790 6.792 6.794 6.797 6.799 6.801 6.803 6.805 6.808 6.810 6.813 6.815 6.818 6.821 6.824 6.827 6.831 6.834 6.838
6.580 6.583 6.587 6.590 6.593 6.596 6.600 6.603 6.607 6.611 6.615 6.619 6.623 6.628 6.632 6.636 6.641 6.645 6.650 6.654 6.659 6.663 6.668 6.673 6.678 6.683 6.687 6.692 6.696 6.700 6.704 6.709 6.713 6.716 6.720 6.724 6.728 6.731 6.735 6.738 6.741 6.745 6.748 6.751 6.754 6.757 6.760 6.764 6.767 6.770 6.773 6.776 6.778 6.781 6.783 6.786 6.788 6.791 6.793 6.796 6.798 6.800 6.802 6.804 6.807 6.809 6.811 6.813 6.816 6.818 6.822 6.824 6.827 6.830 6.833 6.837 6.840
6.585 6.588 6.592 6.594 6.598 6.601 6.604 6.607 6.611 6.615 6.618 6.622 6.626 6.631 6.635 6.639 6.643 6.648 6.652 6.657 6.661 6.666 6.671 6.675 6.681 6.685 6.690 6.694 6.699 6.703 6.707 6.711 6.715 6.719 6.723 6.727 6.730 6.734 6.737 6.741 6.744 6.747 6.751 6.754 6.757 6.760 6.763 6.767 6.770 6.773 6.776 6.779 6.781 6.784 6.787 6.789 6.792 6.794 6.797 6.799 6.801 6.803 6.806 6.808 6.810 6.812 6.814 6.817 6.819 6.822 6.825 6.828 6.831 6.833 6.836 6.840 6.843
6.591 6.594 6.597 6.599 6.602 6.605 6.608 6.612 6.615 6.618 6.622 6.626 6.630 6.634 6.638 6.642 6.646 6.651 6.655 6.659 6.664 6.669 6.673 6.678 6.683 6.688 6.692 6.697 6.701 6.705 6.710 6.714 6.718 6.722 6.726 6.729 6.733 6.737 6.740 6.744 6.747 6.750 6.754 6.757 6.760 6.763 6.767 6.770 6.773 6.776 6.779 6.782 6.785 6.787 6.790 6.793 6.795 6.798 6.800 6.802 6.805 6.807 6.809 6.811 6.814 6.816 6.818 6.820 6.823 6.825 6.828 6.831 6.834 6.837 6.840 6.843 6.846
6.596 6.599 6.602 6.605 6.607 6.610 6.613 6.616 6.619 6.622 6.626 6.629 6.633 6.637 6.641 6.645 6.649 6.653 6.658 6.662 6.667 6.671 6.676 6.681 6.686 6.691 6.695 6.699 6.704 6.708 6.712 6.716 6.720 6.724 6.728 6.732 6.736 6.739 6.743 6.746 6.750 6.753 6.756 6.760 6.763 6.766 6.770 6.773 6.777 6.779 6.782 6.785 6.788 6.791 6.793 6.796 6.798 6.801 6.803 6.806 6.808 6.810 6.813 6.815 6.817 6.819 6.821 6.824 6.826 6.829 6.832 6.835 6.837 6.840 6.843 6.846 6.849
6.603 6.605 6.608 6.610 6.613 6.615 6.618 6.621 6.623 6.627 6.630 6.633 6.637 6.640 6.644 6.648 6.652 6.656 6.661 6.665 6.669 6.674 6.679 6.684 6.689 6.693 6.698 6.702 6.706 6.711 6.715 6.719 6.723 6.727 6.731 6.735 6.738 6.742 6.746 6.749 6.753 6.756 6.759 6.763 6.766 6.769 6.773 6.776 6.780 6.783 6.785 6.788 6.791 6.794 6.797 6.799 6.802 6.804 6.807 6.809 6.812 6.814 6.816 6.818 6.821 6.823 6.825 6.827 6.830 6.833 6.836 6.838 6.841 6.844 6.846 6.850 6.853
6.609 6.612 6.614 6.616 6.618 6.620 6.623 6.625 6.628 6.631 6.634 6.637 6.641 6.644 6.648 6.652 6.656 6.660 6.664 6.668 6.672 6.677 6.681 6.686 6.691 6.696 6.700 6.705 6.709 6.713 6.718 6.722 6.726 6.730 6.734 6.738 6.741 6.745 6.749 6.752 6.756 6.759 6.762 6.766 6.769 6.772 6.776 6.779 6.783 6.786 6.789 6.792 6.794 6.797 6.800 6.803 6.805 6.808 6.810 6.813 6.815 6.817 6.820 6.822 6.824 6.826 6.829 6.831 6.834 6.836 6.839 6.842 6.844 6.847 6.850 6.853 6.856
6.615 6.618 6.620 6.622 6.624 6.626 6.628 6.630 6.633 6.636 6.638 6.642 6.645 6.648 6.652 6.655 6.659 6.663 6.667 6.671 6.675 6.680 6.684 6.689 6.694 6.699 6.703 6.707 6.712 6.716 6.720 6.724 6.729 6.733 6.737 6.740 6.744 6.748 6.752 6.755 6.759 6.762 6.765 6.769 6.772 6.775 6.779 6.783 6.786 6.789 6.792 6.795 6.798 6.801 6.803 6.806 6.809 6.811 6.814 6.816 6.819 6.821 6.823 6.826 6.828 6.830 6.833 6.835 6.837 6.840 6.843 6.845 6.848 6.851 6.854 6.857 6.860
6.622 6.624 6.626 6.628 6.629 6.631 6.634 6.636 6.638 6.641 6.643 6.646 6.649 6.652 6.656 6.659 6.663 6.666 6.670 6.674 6.679 6.683 6.688 6.692 6.697 6.702 6.706 6.710 6.715 6.719 6.723 6.727 6.732 6.736 6.739 6.743 6.747 6.751 6.755 6.758 6.762 6.765 6.769 6.772 6.775 6.779 6.782 6.786 6.789 6.792 6.795 6.798 6.801 6.804 6.807 6.810 6.812 6.815 6.818 6.820 6.822 6.825 6.827 6.830 6.832 6.834 6.836 6.839 6.841 6.844 6.847 6.849 6.852 6.855 6.857 6.860 6.864
6.628 6.630 6.632 6.634 6.636 6.637 6.639 6.641 6.643 6.646 6.648 6.651 6.654 6.657 6.660 6.663 6.667 6.670 6.674 6.678 6.682 6.686 6.691 6.696 6.700 6.705 6.709 6.714 6.718 6.722 6.726 6.731 6.735 6.739 6.743 6.747 6.750 6.754 6.758 6.761 6.765 6.768 6.772 6.775 6.779 6.782 6.786 6.789 6.793 6.796 6.799 6.802 6.805 6.808 6.811 6.813 6.816 6.819 6.821 6.824 6.826 6.829 6.831 6.833 6.836 6.838 6.840 6.843 6.845 6.848 6.851 6.853 6.856 6.859 6.861 6.864 6.867
6.635 6.637 6.639 6.640 6.642 6.643 6.645 6.647 6.649 6.651 6.653 6.656 6.658 6.661 6.664 6.667 6.671 6.674 6.678 6.682 6.686 6.690 6.694 6.699 6.704 6.708 6.712 6.717 6.721 6.725 6.730 6.734 6.738 6.742 6.746 6.750 6.754 6.757 6.761 6.765 6.768 6.772 6.775 6.779 6.782 6.786 6.789 6.793 6.796 6.799 6.802 6.806 6.809 6.811 6.814 6.817 6.820 6.823 6.825 6.828 6.830 6.833 6.835 6.837 6.840 6.842 6.844 6.847 6.849 6.852 6.855 6.857 6.860 6.863 6.865 6.868 6.871
6.642 6.644 6.645 6.647 6.648 6.650 6.651 6.653 6.655 6.657 6.659 6.661 6.664 6.666 6.669 6.672 6.675 6.679 6.682 6.686 6.690 6.694 6.698 6.703 6.707 6.712 6.716 6.720 6.725 6.729 6.733 6.737 6.741 6.745 6.749 6.753 6.757 6.761 6.765 6.768 6.772 6.775 6.779 6.782 6.786 6.789 6.793 6.797 6.800 6.803 6.806 6.809 6.812 6.815 6.818 6.821 6.824 6.827 6.829 6.832 6.834 6.837 6.839 6.842 6.844 6.846 6.849 6.851 6.854 6.856 6.859 6.862 6.864 6.867 6.870 6.873 6.876
6.649 6.651 6.652 6.653 6.655 6.656 6.658 6.659 6.661 6.663 6.665 6.667 6.669 6.671 6.674 6.677 6.680 6.683 6.686 6.690 6.694 6.698 6.702 6.707 6.711 6.715 6.720 6.724 6.728 6.732 6.737 6.741 6.745 6.749 6.753 6.757 6.761 6.765 6.768 6.772 6.776 6.779 6.783 6.786 6.790 6.793 6.797 6.801 6.804 6.807 6.810 6.813 6.817 6.820 6.822 6.825 6.828 6.831 6.834 6.836 6.839 6.841 6.844 6.846 6.848 6.851 6.853 6.855 6.858 6.861 6.864 6.866 6.869 6.871 6.874 6.877 6.880
6.656 6.657 6.659 6.660 6.661 6.663 6.664 6.666 6.667 6.669 6.671 6.672 6.675 6.677 6.679 6.682 6.685 6.688 6.691 6.694 6.698 6.702 6.706 6.711 6.715 6.719 6.724 6.728 6.732 6.736 6.740 6.745 6.749 6.753 6.757 6.761 6.765 6.769 6.772 6.776 6.780 6.783 6.787 6.790 6.794 6.797 6.801 6.805 6.808 6.811 6.815 6.818 6.821 6.824 6.827 6.830 6.833 6.835 6.838 6.841 6.843 6.846 6.848 6.851 6.853 6.855 6.858 6.860 6.863 6.865 6.868 6.871 6.873 6.876 6.878 6.881 6.884
6.663 6.664 6.666 6.667 6.668 6.670 6.671 6.672 6.674 6.675 6.677 6.679 6.680 6.682 6.685 6.687 6.690 6.693 6.696 6.699 6.703 6.706 6.711 6.715 6.719 6.723 6.728 6.732 6.736 6.740 6.744 6.749 6.753 6.757 6.761 6.765 6.769 6.773 6.776 6.780 6.784 6.788 6.791 6.795 6.798 6.802 6.806 6.809 6.813 6.816 6.819 6.822 6.825 6.828 6.831 6.834 6.837 6.840 6.843 6.845 6.848 6.851 6.853 6.855 6.858 6.860 6.863 6.865 6.867 6.870 6.873 6.875 6.878 6.881 6.883 6.886 6.889
6.670 6.671 6.673 6.674 6.675 6.677 6.678 6.679 6.680 6.682 6.683 6.685 6.687 6.688 6.691 6.693 6.695 6.698 6.701 6.704 6.708 6.711 6.715 6.719 6.724 6.728 6.732 6.736 6.740 6.744 6.749 6.753 6.757 6.761 6.765 6.769 6.773 6.777 6.781 6.785 6.788 6.792 6.796 6.799 6.803 6.806 6.810 6.814 6.817 6.821 6.824 6.827 6.830 6.833 6.836 6.839 6.842 6.845 6.848 6.850 6.853 6.856 6.858 6.861 6.863 6.865 6.868 6.870 6.873 6.875 6.878 6.880 6.883 6.886 6.888 6.891 6.894
6.677 6.679 6.680 6.681 6.682 6.684 6.685 6.686 6.687 6.688 6.690 6.691 6.693 6.695 6.697 6.699 6.701 6.704 6.706 6.709 6.713 6.716 6.720 6.724 6.728 6.732 6.736 6.741 6.745 6.749 6.753 6.757 6.761 6.765 6.770 6.774 6.778 6.782 6.785 6.789 6.793 6.797 6.800 6.804 6.808 6.811 6.815 6.819 6.822 6.826 6.829 6.832 6.835 6.838 6.841 6.844 6.847 6.850 6.853 6.856 6.858 6.861 6.863 6.866 6.868 6.871 6.873 6.875 6.878 6.881 6.883 6.886 6.888 6.891 6.893 6.896 6.899
6.684 6.686 6.687 6.688 6.690 6.691 6.692 6.693 6.694 6.695 6.697 6.698 6.699 6.701 6.703 6.705 6.707 6.709 6.712 6.715 6.718 6.721 6.725 6.729 6.733 6.737 6.741 6.745 6.749 6.753 6.758 6.762 6.766 6.770 6.774 6.778 6.782 6.786 6.790 6.794 6.798 6.801 6.805 6.809 6.812 6.816 6.820 6.824 6.827 6.831 6.834 6.837 6.840 6.844 6.847 6.850 6.853 6.856 6.858 6.861 6.864 6.866 6.869 6.871 6.874 6.876 6.879 6.881 6.884 6.886 6.889 6.891 6.894 6.896 6.899 6.902 6.904
6.691 6.693 6.694 6.696 6.697 6.698 6.699 6.700 6.701 6.702 6.704 6.705 6.706 6.708 6.709 6.711 6.713 6.715 6.718 6.721 6.724 6.727 6.730 6.734 6.738 6.742 6.746 6.750 6.754 6.758 6.762 6.767 6.771 6.775 6.779 6.783 6.787 6.791 6.795 6.799 6.803 6.806 6.810 6.814 6.818 6.821 6.825 6.829 6.833 6.836 6.839 6.843 6.846 6.849 6.852 6.855 6.858 6.861 6.864 6.867 6.870 6.872 6.875 6.877 6.880 6.882 6.885 6.887 6.889 6.892 6.895 6.897 6.900 6.902 6.905 6.907 6.910
6.698 6.700 6.702 6.703 6.704 6.705 6.707 6.708 6.709 6.710 6.711 6.712 6.713 6.715 6.716 6.718 6.720 6.722 6.724 6.727 6.729 6.733 6.736 6.740 6.744 6.747 6.751 6.755 6.759 6.763 6.767 6.771 6.776 6.780 6.784 6.788 6.792 6.796 6.800 6.804 6.808 6.812 6.815 6.819 6.823 6.827 6.831 6.835 6.838 6.842 6.845 6.848 6.852 6.855 6.858 6.861 6.864 6.867 6.870 6.873 6.876 6.878 6.881 6.883 6.886 6.888 6.891 6.893 6.896 6.898 6.901 6.903 6.906 6.908 6.911 6.913 6.916
6.706 6.708 6.709 6.711 6.712 6.713 6.714 6.715 6.716 6.717 6.718 6.719 6.720 6.722 6.723 6.725 6.726 6.728 6.731 6.733 6.736 6.739 6.742 6.746 6.749 6.753 6.757 6.760 6.764 6.768 6.772 6.777 6.781 6.785 6.789 6.793 6.797 6.801 6.805 6.809 6.813 6.817 6.821 6.825 6.828 6.832 6.836 6.840 6.844 6.847 6.851 6.854 6.857 6.861 6.864 6.867 6.870 6.873 6.876 6.879 6.882 6.884 6.887 6.890 6.892 6.895 6.897 6.899 6.902 6.905 6.907 6.910 6.912 6.915 6.917 6.920 6.922
