TsunamiDB/out54011.asc
ncols          264
nrows          230
xllcorner      497853.4375
yllcorner      4229146.0000
cellsize         5.
NODATA_value   -99
[rows 124 to 154 of 230, columns 140 to 209 of 264]
-99.000 -99.000 -99.000 -99.000 -99.000 -99.000 -99.000 -99.000 -99.000 -99.000 -99.000 -99.000 -99.000 -99.000 -99.000 -99.000 -99.000 -99.000 -99.000 -99.000 1.644 1.650 1.706 1.865 2.120 2.448 2.822 3.207 3.569 3.873 4.110 4.291 4.429 4.539 4.629 4.708 4.778 4.845 4.908 4.970 5.031 5.089 5.146 5.200 5.252 5.301 5.346 5.387 5.424 5.458 5.492 5.528 5.567 5.608 5.655 5.709 5.774 5.849 5.929 6.017 6.115 6.215 6.317 6.421 6.523 6.618 6.703 6.766 6.845 6.931
-99.000 -99.000 -99.000 -99.000 -99.000 -99.000 -99.000 -99.000 -99.000 -99.000 -99.000 -99.000 -99.000 -99.000 -99.000 -99.000 -99.000 -99.000 -99.000 -99.000 1.645 1.663 1.758 1.958 2.246 2.596 2.979 3.359 3.701 3.978 4.191 4.354 4.480 4.581 4.665 4.739 4.807 4.871 4.933 4.993 5.052 5.109 5.165 5.219 5.271 5.320 5.366 5.408 5.446 5.482 5.518 5.554 5.594 5.636 5.683 5.737 5.800 5.875 5.955 6.043 6.142 6.244 6.350 6.457 6.561 6.660 6.747 6.806 6.885 6.977
-99.000 -99.000 -99.000 -99.000 -99.000 -99.000 -99.000 -99.000 -99.000 -99.000 -99.000 -99.000 -99.000 -99.000 -99.000 -99.000 -99.000 -99.000 -99.000 1.644 1.647 1.689 1.827 2.066 2.382 2.750 3.136 3.504 3.821 4.072 4.263 4.410 4.526 4.620 4.700 4.771 4.836 4.898 4.958 5.017 5.074 5.130 5.184 5.237 5.288 5.337 5.384 5.428 5.468 5.506 5.544 5.581 5.623 5.666 5.713 5.766 5.830 5.905 5.984 6.072 6.171 6.274 6.384 6.493 6.599 6.704 6.787 6.838 6.920 7.019
-99.000 -99.000 -99.000 -99.000 -99.000 -99.000 -99.000 -99.000 -99.000 -99.000 -99.000 -99.000 -99.000 -99.000 -99.000 -99.000 -99.000 -99.000 -99.000 1.644 1.656 1.732 1.913 2.186 2.528 2.907 3.289 3.640 3.929 4.154 4.326 4.460 4.567 4.657 4.734 4.803 4.866 4.927 4.985 5.042 5.097 5.151 5.203 5.255 5.305 5.354 5.402 5.448 5.491 5.532 5.572 5.612 5.654 5.699 5.748 5.803 5.869 5.943 6.021 6.109 6.207 6.311 6.421 6.533 6.644 6.743 6.817 6.867 6.952 7.058
-99.000 -99.000 -99.000 -99.000 -99.000 -99.000 -99.000 -99.000 -99.000 -99.000 -99.000 -99.000 -99.000 -99.000 -99.000 -99.000 -99.000 -99.000 1.644 1.646 1.675 1.793 2.015 2.318 2.679 3.064 3.438 3.764 4.024 4.225 4.381 4.503 4.604 4.690 4.765 4.833 4.896 4.956 5.013 5.068 5.122 5.174 5.224 5.274 5.323 5.372 5.421 5.469 5.515 5.560 5.604 5.647 5.692 5.740 5.792 5.851 5.917 5.990 6.068 6.154 6.250 6.352 6.461 6.574 6.681 6.773 6.844 6.894 6.983 7.098
-99.000 -99.000 -99.000 -99.000 -99.000 -99.000 -99.000 -99.000 -99.000 -99.000 -99.000 -99.000 -99.000 -99.000 -99.000 -99.000 -99.000 -99.000 1.644 1.651 1.710 1.872 2.129 2.460 2.836 3.220 3.577 3.874 4.107 4.287 4.427 4.541 4.636 4.719 4.793 4.861 4.924 4.984 5.040 5.095 5.147 5.198 5.247 5.295 5.344 5.393 5.442 5.493 5.542 5.592 5.641 5.689 5.738 5.790 5.846 5.907 5.973 6.045 6.122 6.208 6.299 6.397 6.502 6.610 6.713 6.802 6.873 6.924 7.017 7.144
-99.000 -99.000 -99.000 -99.000 -99.000 -99.000 -99.000 -99.000 -99.000 -99.000 -99.000 -99.000 -99.000 -99.000 -99.000 -99.000 -99.000 -99.000 1.645 1.664 1.763 1.967 2.257 2.610 2.994 3.372 3.705 3.972 4.179 4.340 4.468 4.573 4.664 4.744 4.818 4.886 4.949 5.009 5.066 5.120 5.172 5.221 5.270 5.317 5.365 5.415 5.466 5.519 5.573 5.627 5.682 5.736 5.791 5.847 5.907 5.970 6.038 6.109 6.185 6.268 6.353 6.445 6.541 6.643 6.744 6.833 6.908 6.959 7.056 7.191
-99.000 -99.000 -99.000 -99.000 -99.000 -99.000 -99.000 -99.000 -99.000 -99.000 -99.000 -99.000 -99.000 -99.000 -99.000 -99.000 -99.000 1.644 1.648 1.692 1.835 2.077 2.397 2.767 3.153 3.517 3.820 4.059 4.244 4.388 4.504 4.602 4.688 4.766 4.838 4.906 4.970 5.031 5.088 5.142 5.194 5.243 5.291 5.339 5.387 5.436 5.490 5.546 5.604 5.664 5.726 5.787 5.848 5.909 5.973 6.038 6.106 6.175 6.250 6.330 6.410 6.493 6.580 6.677 6.777 6.870 6.948 6.997 7.095 7.235
-99.000 -99.000 -99.000 -99.000 -99.000 -99.000 -99.000 -99.000 -99.000 -99.000 -99.000 -99.000 -99.000 -99.000 -99.000 -99.000 -99.000 1.644 1.657 1.738 1.925 2.202 2.547 2.929 3.310 3.651 3.925 4.138 4.303 4.432 4.537 4.628 4.709 4.784 4.855 4.923 4.988 5.049 5.106 5.161 5.212 5.261 5.309 5.357 5.405 5.456 5.511 5.571 5.634 5.699 5.769 5.838 5.905 5.972 6.040 6.107 6.175 6.242 6.317 6.396 6.470 6.543 6.624 6.715 6.814 6.910 6.989 7.034 7.132 7.278
-99.000 -99.000 -99.000 -99.000 -99.000 -99.000 -99.000 -99.000 -99.000 -99.000 -99.000 -99.000 -99.000 -99.000 -99.000 -99.000 1.644 1.646 1.679 1.804 2.032 2.340 2.705 3.092 3.461 3.775 4.022 4.212 4.358 4.475 4.570 4.654 4.730 4.802 4.871 4.938 5.002 5.063 5.121 5.175 5.226 5.275 5.322 5.370 5.419 5.471 5.529 5.594 5.661 5.732 5.810 5.886 5.960 6.034 6.105 6.174 6.242 6.308 6.383 6.461 6.530 6.598 6.671 6.757 6.855 6.951 7.030 7.068 7.162 7.305
-99.000 -99.000 -99.000 -99.000 -99.000 -99.000 -99.000 -99.000 -99.000 -99.000 -99.000 -99.000 -99.000 -99.000 -99.000 -99.000 1.644 1.653 1.719 1.889 2.154 2.491 2.870 3.254 3.604 3.889 4.111 4.280 4.411 4.516 4.603 4.681 4.752 4.821 4.887 4.952 5.015 5.075 5.132 5.185 5.235 5.283 5.330 5.378 5.428 5.483 5.544 5.612 5.684 5.761 5.845 5.928 6.009 6.088 6.163 6.234 6.303 6.370 6.445 6.524 6.591 6.655 6.723 6.803 6.894 6.986 7.062 7.093 7.178 7.313
-99.000 -99.000 -99.000 -99.000 -99.000 -99.000 -99.000 -99.000 -99.000 -99.000 -99.000 -99.000 -99.000 -99.000 -99.000 -99.000 1.645 1.670 1.779 1.993 2.292 2.651 3.037 3.413 3.737 3.994 4.192 4.343 4.462 4.556 4.637 4.710 4.777 4.842 4.905 4.967 5.028 5.086 5.142 5.193 5.242 5.288 5.334 5.382 5.432 5.488 5.553 5.626 5.702 5.784 5.874 5.963 6.051 6.137 6.216 6.291 6.363 6.429 6.506 6.589 6.656 6.716 6.779 6.853 6.934 7.023 7.099 7.113 7.183 7.311
-99.000 -99.000 -99.000 -99.000 -99.000 -99.000 -99.000 -99.000 -99.000 -99.000 -99.000 -99.000 -99.000 -99.000 -99.000 1.644 1.650 1.703 1.859 2.113 2.442 2.819 3.205 3.563 3.859 4.089 4.266 4.402 4.509 4.597 4.672 4.741 4.805 4.867 4.927 4.986 5.044 5.100 5.153 5.202 5.248 5.291 5.335 5.382 5.433 5.491 5.559 5.638 5.718 5.805 5.900 5.995 6.090 6.181 6.266 6.345 6.418 6.485 6.566 6.653 6.720 6.780 6.840 6.907 6.981 7.073 7.133 7.121 7.176 7.294
-99.000 -99.000 -99.000 -99.000 -99.000 -99.000 -99.000 -99.000 -99.000 -99.000 -99.000 -99.000 -99.000 -99.000 -99.000 1.645 1.663 1.758 1.959 2.249 2.604 2.990 3.370 3.703 3.970 4.175 4.333 4.456 4.554 4.636 4.708 4.773 4.835 4.894 4.952 5.009 5.064 5.117 5.167 5.213 5.256 5.297 5.338 5.383 5.435 5.496 5.569 5.651 5.735 5.826 5.925 6.026 6.125 6.222 6.313 6.396 6.470 6.539 6.625 6.719 6.789 6.850 6.908 6.973 7.047 7.115 7.142 7.112 7.155 7.260
-99.000 -99.000 -99.000 -99.000 -99.000 -99.000 -99.000 -99.000 -99.000 -99.000 -99.000 -99.000 -99.000 -99.000 1.644 1.648 1.691 1.833 2.077 2.399 2.773 3.163 3.528 3.832 4.070 4.253 4.394 4.505 4.596 4.674 4.742 4.806 4.867 4.925 4.981 5.035 5.088 5.139 5.186 5.230 5.270 5.307 5.346 5.390 5.443 5.507 5.582 5.667 5.754 5.847 5.950 6.053 6.157 6.259 6.356 6.443 6.521 6.592 6.684 6.787 6.863 6.925 6.982 7.044 7.100 7.136 7.136 7.090 7.118 7.209
-99.000 -99.000 -99.000 -99.000 -99.000 -99.000 -99.000 -99.000 -99.000 -99.000 -99.000 -99.000 -99.000 -99.000 1.644 1.658 1.740 1.929 2.210 2.560 2.947 3.333 3.675 3.949 4.161 4.323 4.449 4.551 4.636 4.709 4.776 4.839 4.898 4.956 5.011 5.064 5.115 5.164 5.209 5.251 5.288 5.324 5.361 5.405 5.458 5.522 5.599 5.686 5.774 5.870 5.974 6.080 6.187 6.294 6.397 6.489 6.573 6.647 6.745 6.858 6.938 6.999 7.054 7.101 7.133 7.141 7.117 7.055 7.069 7.146
-99.000 -99.000 -99.000 -99.000 -99.000 -99.000 -99.000 -99.000 -99.000 -99.000 -99.000 -99.000 -99.000 1.644 1.646 1.681 1.811 2.043 2.359 2.731 3.124 3.497 3.811 4.057 4.245 4.388 4.501 4.593 4.673 4.743 4.808 4.870 4.929 4.986 5.041 5.093 5.143 5.190 5.234 5.274 5.311 5.346 5.383 5.425 5.478 5.543 5.620 5.708 5.798 5.894 5.999 6.108 6.217 6.327 6.437 6.537 6.627 6.703 6.807 6.926 7.008 7.069 7.111 7.139 7.149 7.133 7.090 7.013 7.011 7.074
-99.000 -99.000 -99.000 -99.000 -99.000 -99.000 -99.000 -99.000 -99.000 -99.000 -99.000 -99.000 -99.000 1.644 1.654 1.725 1.903 2.175 2.520 2.907 3.298 3.652 3.937 4.156 4.322 4.449 4.550 4.635 4.709 4.775 4.838 4.899 4.958 5.015 5.069 5.120 5.169 5.215 5.257 5.297 5.334 5.370 5.408 5.452 5.504 5.568 5.645 5.732 5.822 5.918 6.025 6.135 6.245 6.361 6.477 6.585 6.681 6.756 6.862 6.987 7.071 7.123 7.150 7.161 7.150 7.115 7.055 6.963 6.946 6.997
-99.000 -99.000 -99.000 -99.000 -99.000 -99.000 -99.000 -99.000 -99.000 -99.000 -99.000 -99.000 1.644 1.646 1.674 1.791 2.014 2.322 2.690 3.086 3.468 3.796 4.052 4.247 4.394 4.507 4.598 4.675 4.744 4.807 4.868 4.927 4.985 5.041 5.094 5.144 5.192 5.237 5.278 5.318 5.357 5.396 5.436 5.481 5.533 5.595 5.670 5.756 5.845 5.942 6.050 6.161 6.274 6.393 6.515 6.631 6.729 6.802 6.910 7.040 7.118 7.159 7.173 7.168 7.141 7.089 7.014 6.909 6.882 6.924
-99.000 -99.000 -99.000 -99.000 -99.000 -99.000 -99.000 -99.000 -99.000 -99.000 -99.000 -99.000 1.644 1.651 1.712 1.878 2.142 2.481 2.867 3.264 3.630 3.929 4.159 4.332 4.462 4.564 4.646 4.717 4.781 4.840 4.898 4.955 5.011 5.065 5.117 5.165 5.211 5.255 5.296 5.336 5.377 5.420 5.464 5.511 5.562 5.623 5.695 5.780 5.868 5.965 6.074 6.187 6.302 6.424 6.551 6.671 6.771 6.839 6.945 7.074 7.144 7.176 7.177 7.158 7.117 7.052 6.966 6.852 6.816 6.852
-99.000 -99.000 -99.000 -99.000 -99.000 -99.000 -99.000 -99.000 -99.000 -99.000 -99.000 -99.000 1.645 1.667 1.773 1.985 2.286 2.651 3.047 3.437 3.780 4.051 4.257 4.411 4.528 4.619 4.695 4.760 4.820 4.876 4.930 4.984 5.037 5.088 5.137 5.184 5.228 5.269 5.310 5.351 5.395 5.441 5.490 5.539 5.592 5.651 5.721 5.803 5.890 5.986 6.096 6.209 6.326 6.449 6.575 6.695 6.796 6.858 6.960 7.085 7.150 7.175 7.167 7.137 7.086 7.011 6.918 6.797 6.757 6.789
-99.000 -99.000 -99.000 -99.000 -99.000 -99.000 -99.000 -99.000 -99.000 -99.000 -99.000 1.644 1.649 1.700 1.855 2.109 2.443 2.827 3.226 3.603 3.919 4.163 4.346 4.484 4.589 4.673 4.744 4.806 4.862 4.915 4.965 5.015 5.064 5.111 5.158 5.201 5.242 5.283 5.323 5.365 5.412 5.462 5.515 5.568 5.622 5.679 5.746 5.826 5.911 6.005 6.113 6.226 6.343 6.466 6.591 6.714 6.817 6.868 6.962 7.087 7.149 7.168 7.153 7.116 7.057 6.975 6.877 6.752 6.709 6.739
-99.000 -99.000 -99.000 -99.000 -99.000 -99.000 -99.000 -99.000 -99.000 -99.000 -99.000 1.645 1.661 1.754 1.956 2.248 2.608 3.005 3.401 3.759 4.045 4.264 4.427 4.551 4.648 4.726 4.793 4.853 4.907 4.956 5.004 5.049 5.094 5.137 5.180 5.220 5.260 5.300 5.339 5.382 5.431 5.484 5.540 5.596 5.651 5.707 5.773 5.852 5.933 6.025 6.130 6.242 6.361 6.483 6.609 6.739 6.832 6.865 6.956 7.080 7.139 7.154 7.135 7.092 7.027 6.941 6.838 6.712 6.668 6.694
-99.000 -99.000 -99.000 -99.000 -99.000 -99.000 -99.000 -99.000 -99.000 -99.000 1.644 1.647 1.688 1.829 2.072 2.398 2.780 3.182 3.569 3.901 4.159 4.354 4.500 4.613 4.703 4.778 4.842 4.900 4.953 5.001 5.045 5.088 5.128 5.168 5.207 5.246 5.284 5.323 5.362 5.405 5.454 5.509 5.567 5.626 5.684 5.744 5.811 5.886 5.965 6.055 6.157 6.268 6.385 6.511 6.639 6.752 6.822 6.851 6.940 7.063 7.121 7.135 7.113 7.066 6.997 6.906 6.801 6.674 6.627 6.647
-99.000 -99.000 -99.000 -99.000 -99.000 -99.000 -99.000 -99.000 -99.000 -99.000 1.644 1.656 1.735 1.921 2.203 2.557 2.953 3.355 3.726 4.029 4.261 4.434 4.566 4.670 4.755 4.827 4.891 4.948 5.000 5.047 5.090 5.130 5.167 5.204 5.241 5.279 5.316 5.354 5.393 5.436 5.485 5.540 5.600 5.663 5.727 5.792 5.860 5.933 6.010 6.098 6.195 6.300 6.414 6.537 6.652 6.744 6.803 6.828 6.916 7.039 7.099 7.111 7.088 7.039 6.965 6.871 6.763 6.633 6.581 6.594
-99.000 -99.000 -99.000 -99.000 -99.000 -99.000 -99.000 -99.000 -99.000 1.644 1.646 1.677 1.800 2.030 2.345 2.721 3.126 3.521 3.870 4.145 4.351 4.507 4.626 4.722 4.803 4.874 4.937 4.995 5.047 5.094 5.137 5.175 5.211 5.246 5.282 5.319 5.356 5.394 5.433 5.476 5.525 5.580 5.643 5.711 5.780 5.850 5.919 5.991 6.067 6.154 6.240 6.334 6.440 6.549 6.648 6.728 6.781 6.803 6.889 7.014 7.073 7.085 7.061 7.008 6.931 6.832 6.718 6.583 6.527 6.532
-99.000 -99.000 -99.000 -99.000 -99.000 -99.000 -99.000 -99.000 -99.000 1.644 1.651 1.714 1.883 2.151 2.495 2.888 3.294 3.678 4.002 4.249 4.433 4.572 4.681 4.771 4.849 4.918 4.981 5.039 5.093 5.140 5.183 5.222 5.257 5.291 5.327 5.364 5.402 5.440 5.480 5.523 5.572 5.629 5.694 5.765 5.840 5.915 5.987 6.056 6.132 6.213 6.288 6.369 6.457 6.548 6.637 6.709 6.759 6.778 6.862 6.986 7.045 7.057 7.029 6.974 6.892 6.785 6.664 6.525 6.463 6.461
-99.000 -99.000 -99.000 -99.000 -99.000 -99.000 -99.000 -99.000 -99.000 1.645 1.666 1.770 1.982 2.283 2.650 3.054 3.457 3.824 4.121 4.342 4.507 4.633 4.733 4.817 4.892 4.959 5.023 5.081 5.135 5.183 5.228 5.268 5.304 5.338 5.373 5.411 5.450 5.490 5.530 5.574 5.624 5.682 5.749 5.823 5.902 5.982 6.056 6.121 6.194 6.271 6.335 6.398 6.465 6.543 6.622 6.691 6.739 6.752 6.833 6.957 7.015 7.023 6.992 6.933 6.844 6.730 6.601 6.458 6.393 6.388
-99.000 -99.000 -99.000 -99.000 -99.000 -99.000 -99.000 -99.000 1.644 1.648 1.695 1.843 2.093 2.423 2.809 3.217 3.612 3.959 4.229 4.429 4.577 4.691 4.783 4.862 4.933 4.999 5.062 5.121 5.174 5.223 5.270 5.311 5.348 5.383 5.420 5.458 5.498 5.539 5.580 5.626 5.678 5.737 5.804 5.881 5.963 6.046 6.119 6.180 6.251 6.327 6.377 6.420 6.473 6.539 6.609 6.676 6.722 6.729 6.806 6.930 6.983 6.984 6.949 6.884 6.789 6.667 6.531 6.388 6.326 6.323
-99.000 -99.000 -99.000 -99.000 -99.000 -99.000 -99.000 -99.000 1.644 1.658 1.740 1.931 2.216 2.571 2.968 3.375 3.757 4.082 4.329 4.510 4.644 4.748 4.833 4.907 4.975 5.039 5.099 5.158 5.211 5.261 5.308 5.351 5.390 5.428 5.465 5.503 5.544 5.586 5.630 5.677 5.731 5.790 5.859 5.937 6.019 6.102 6.174 6.231 6.301 6.372 6.411 6.443 6.482 6.535 6.599 6.663 6.706 6.706 6.777 6.895 6.940 6.935 6.893 6.823 6.722 6.593 6.454 6.317 6.263 6.270
-99.000 -99.000 -99.000 -99.000 -99.000 -99.000 -99.000 1.644 1.646 1.678 1.803 2.034 2.348 2.722 3.126 3.526 3.891 4.195 4.421 4.586 4.709 4.805 4.885 4.955 5.019 5.079 5.137 5.194 5.246 5.296 5.344 5.388 5.430 5.469 5.508 5.548 5.590 5.633 5.679 5.728 5.783 5.843 5.912 5.988 6.067 6.147 6.219 6.271 6.339 6.408 6.445 6.469 6.498 6.541 6.595 6.652 6.693 6.684 6.746 6.856 6.893 6.880 6.831 6.758 6.655 6.525 6.389 6.263 6.222 6.246
