TsunamiDB/out54054.asc
ncols          264
nrows          230
xllcorner      497853.4375
yllcorner      4229146.0000
cellsize         5.
NODATA_value   -99
[rows 0 to 32 of 230, columns 148 to 221 of 264]
4.693 4.733 4.773 4.811 4.849 4.885 4.920 4.953 4.987 5.019 5.051 5.082 5.112 5.141 5.170 5.198 5.225 5.252 5.278 5.304 5.329 5.353 5.376 5.399 5.421 5.441 5.461 5.480 5.497 5.513 5.527 5.541 5.554 5.566 5.577 5.589 5.600 5.612 5.625 5.639 5.655 5.672 5.690 5.710 5.731 5.754 5.777 5.802 5.827 5.853 5.879 5.906 5.932 5.957 5.984 6.011 6.038 6.065 6.092 6.119 6.146 6.172 6.199 6.226 6.252 6.279 6.305 6.331 6.357 6.383 6.408 6.433 6.458 6.482
4.705 4.744 4.783 4.821 4.858 4.895 4.929 4.963 4.996 5.029 5.061 5.092 5.122 5.152 5.181 5.209 5.237 5.264 5.290 5.316 5.342 5.367 5.391 5.414 5.436 5.458 5.479 5.498 5.517 5.533 5.548 5.563 5.576 5.589 5.600 5.611 5.621 5.632 5.643 5.655 5.668 5.682 5.698 5.716 5.735 5.756 5.778 5.802 5.826 5.851 5.877 5.903 5.928 5.954 5.980 6.007 6.034 6.061 6.088 6.115 6.142 6.169 6.196 6.223 6.250 6.277 6.303 6.330 6.356 6.383 6.409 6.435 6.460 6.485
4.716 4.755 4.793 4.831 4.868 4.904 4.938 4.972 5.005 5.038 5.070 5.101 5.131 5.161 5.190 5.219 5.247 5.274 5.301 5.328 5.353 5.379 5.403 5.427 5.451 5.473 5.495 5.516 5.535 5.553 5.569 5.585 5.599 5.612 5.624 5.635 5.645 5.654 5.664 5.674 5.684 5.696 5.710 5.725 5.742 5.761 5.782 5.803 5.826 5.850 5.875 5.901 5.926 5.951 5.977 6.004 6.031 6.057 6.084 6.111 6.139 6.166 6.193 6.220 6.247 6.274 6.301 6.328 6.355 6.382 6.409 6.435 6.461 6.487
4.729 4.766 4.804 4.841 4.877 4.913 4.947 4.980 5.013 5.046 5.078 5.109 5.140 5.169 5.199 5.227 5.256 5.283 5.311 5.337 5.364 5.389 5.415 5.439 5.463 5.487 5.509 5.531 5.552 5.571 5.588 5.605 5.620 5.635 5.647 5.659 5.669 5.678 5.687 5.695 5.704 5.714 5.725 5.738 5.752 5.769 5.787 5.807 5.829 5.851 5.875 5.900 5.924 5.949 5.975 6.001 6.027 6.054 6.081 6.108 6.135 6.162 6.190 6.217 6.244 6.272 6.299 6.327 6.354 6.382 6.409 6.436 6.463 6.489
4.742 4.778 4.815 4.851 4.886 4.922 4.955 4.988 5.021 5.053 5.085 5.116 5.147 5.177 5.206 5.235 5.264 5.292 5.319 5.346 5.373 5.399 5.425 5.450 5.474 5.498 5.522 5.544 5.566 5.586 5.605 5.623 5.640 5.656 5.670 5.682 5.693 5.703 5.711 5.719 5.727 5.735 5.744 5.754 5.766 5.780 5.796 5.813 5.833 5.854 5.876 5.900 5.923 5.947 5.973 5.999 6.025 6.052 6.078 6.105 6.132 6.159 6.187 6.214 6.242 6.269 6.297 6.325 6.353 6.381 6.408 6.436 6.463 6.491
4.756 4.791 4.827 4.862 4.896 4.931 4.964 4.996 5.029 5.061 5.092 5.123 5.154 5.184 5.213 5.242 5.271 5.299 5.326 5.354 5.381 5.407 5.433 5.459 5.484 5.509 5.533 5.556 5.579 5.600 5.620 5.639 5.658 5.675 5.690 5.704 5.716 5.727 5.736 5.744 5.751 5.758 5.766 5.774 5.783 5.794 5.808 5.823 5.840 5.859 5.880 5.902 5.924 5.947 5.972 5.997 6.023 6.049 6.076 6.103 6.130 6.157 6.184 6.212 6.239 6.267 6.295 6.323 6.352 6.380 6.408 6.436 6.464 6.492
4.770 4.805 4.839 4.873 4.907 4.941 4.973 5.004 5.036 5.068 5.099 5.130 5.161 5.190 5.220 5.249 5.277 5.305 5.333 5.360 5.387 5.414 5.441 5.467 5.492 5.517 5.542 5.566 5.590 5.612 5.633 5.653 5.673 5.692 5.709 5.724 5.738 5.750 5.760 5.769 5.777 5.783 5.790 5.796 5.804 5.813 5.823 5.836 5.850 5.867 5.886 5.906 5.926 5.948 5.972 5.997 6.022 6.048 6.074 6.101 6.127 6.155 6.182 6.209 6.237 6.265 6.293 6.322 6.350 6.379 6.407 6.436 6.464 6.492
4.786 4.820 4.853 4.886 4.919 4.951 4.982 5.013 5.045 5.076 5.107 5.137 5.167 5.197 5.226 5.255 5.283 5.311 5.339 5.366 5.393 5.420 5.447 5.473 5.499 5.525 5.550 5.575 5.599 5.622 5.644 5.665 5.686 5.706 5.724 5.741 5.757 5.771 5.783 5.793 5.801 5.809 5.815 5.821 5.827 5.834 5.842 5.852 5.864 5.878 5.894 5.912 5.931 5.951 5.974 5.998 6.022 6.047 6.073 6.099 6.126 6.153 6.180 6.207 6.235 6.263 6.292 6.320 6.349 6.378 6.407 6.435 6.464 6.493
4.803 4.835 4.868 4.899 4.931 4.963 4.993 5.023 5.054 5.084 5.114 5.144 5.174 5.203 5.232 5.261 5.289 5.317 5.344 5.372 5.399 5.426 5.452 5.479 5.505 5.531 5.557 5.582 5.607 5.630 5.653 5.675 5.697 5.718 5.738 5.756 5.774 5.789 5.803 5.814 5.825 5.833 5.840 5.846 5.852 5.857 5.864 5.871 5.881 5.892 5.906 5.921 5.937 5.957 5.978 6.000 6.024 6.048 6.073 6.099 6.125 6.152 6.179 6.206 6.234 6.262 6.290 6.319 6.348 6.377 6.406 6.435 6.464 6.494
4.820 4.852 4.883 4.914 4.945 4.975 5.005 5.034 5.064 5.094 5.123 5.152 5.181 5.210 5.239 5.267 5.295 5.322 5.349 5.377 5.404 5.430 5.457 5.484 5.510 5.536 5.562 5.588 5.613 5.637 5.660 5.684 5.706 5.728 5.749 5.769 5.788 5.805 5.820 5.834 5.846 5.856 5.864 5.871 5.877 5.882 5.887 5.893 5.901 5.910 5.921 5.933 5.947 5.964 5.983 6.004 6.026 6.050 6.074 6.099 6.125 6.151 6.178 6.205 6.232 6.260 6.289 6.317 6.346 6.376 6.405 6.435 6.464 6.494
4.838 4.869 4.899 4.929 4.959 4.989 5.017 5.046 5.075 5.104 5.133 5.161 5.190 5.218 5.246 5.273 5.301 5.328 5.355 5.382 5.408 5.435 5.461 5.488 5.514 5.541 5.567 5.592 5.618 5.642 5.666 5.690 5.714 5.736 5.758 5.779 5.799 5.818 5.835 5.850 5.864 5.876 5.886 5.894 5.901 5.907 5.912 5.917 5.923 5.930 5.938 5.948 5.960 5.974 5.991 6.010 6.031 6.053 6.076 6.100 6.125 6.151 6.177 6.204 6.232 6.259 6.288 6.316 6.346 6.375 6.405 6.434 6.464 6.494
4.855 4.886 4.916 4.945 4.974 5.003 5.031 5.059 5.087 5.116 5.144 5.172 5.199 5.227 5.254 5.281 5.308 5.334 5.361 5.387 5.413 5.439 5.466 5.492 5.518 5.544 5.570 5.596 5.622 5.646 5.671 5.695 5.719 5.743 5.766 5.788 5.809 5.829 5.847 5.864 5.880 5.894 5.905 5.915 5.924 5.930 5.936 5.941 5.946 5.951 5.958 5.966 5.975 5.987 6.002 6.019 6.037 6.058 6.080 6.103 6.127 6.152 6.178 6.204 6.231 6.259 6.287 6.316 6.345 6.374 6.404 6.434 6.464 6.494
4.873 4.903 4.932 4.961 4.990 5.018 5.046 5.073 5.101 5.128 5.156 5.183 5.210 5.237 5.264 5.290 5.316 5.342 5.367 5.393 5.418 5.444 5.470 5.496 5.522 5.548 5.574 5.600 5.625 5.649 5.674 5.699 5.724 5.748 5.771 5.794 5.816 5.837 5.857 5.876 5.893 5.908 5.922 5.934 5.944 5.952 5.959 5.964 5.969 5.974 5.980 5.986 5.993 6.003 6.015 6.029 6.046 6.064 6.085 6.106 6.130 6.154 6.179 6.205 6.231 6.259 6.287 6.315 6.344 6.374 6.404 6.434 6.464 6.495
4.890 4.920 4.949 4.978 5.006 5.034 5.061 5.088 5.115 5.142 5.169 5.196 5.222 5.248 5.274 5.300 5.325 5.350 5.375 5.400 5.425 5.450 5.475 5.500 5.525 5.551 5.576 5.602 5.627 5.651 5.677 5.702 5.727 5.751 5.776 5.799 5.822 5.844 5.865 5.885 5.903 5.920 5.936 5.950 5.961 5.971 5.980 5.986 5.992 5.997 6.002 6.007 6.012 6.020 6.030 6.042 6.057 6.073 6.092 6.112 6.134 6.157 6.181 6.206 6.232 6.259 6.287 6.315 6.344 6.373 6.403 6.433 6.464 6.495
4.906 4.936 4.965 4.994 5.022 5.050 5.076 5.103 5.130 5.157 5.183 5.210 5.235 5.261 5.286 5.311 5.336 5.360 5.384 5.408 5.432 5.456 5.480 5.504 5.529 5.554 5.579 5.604 5.629 5.653 5.678 5.704 5.729 5.754 5.778 5.803 5.826 5.849 5.871 5.892 5.912 5.930 5.947 5.963 5.976 5.988 5.998 6.006 6.013 6.019 6.024 6.029 6.033 6.039 6.048 6.058 6.070 6.084 6.100 6.119 6.139 6.161 6.184 6.208 6.234 6.260 6.288 6.316 6.344 6.373 6.403 6.433 6.464 6.495
4.922 4.951 4.981 5.009 5.038 5.065 5.091 5.118 5.145 5.172 5.198 5.224 5.249 5.275 5.299 5.324 5.348 5.372 5.395 5.418 5.441 5.464 5.487 5.510 5.534 5.558 5.582 5.606 5.630 5.654 5.679 5.705 5.730 5.755 5.780 5.805 5.829 5.852 5.875 5.897 5.918 5.938 5.956 5.973 5.988 6.002 6.014 6.024 6.032 6.039 6.045 6.050 6.054 6.059 6.066 6.074 6.085 6.097 6.111 6.128 6.146 6.167 6.188 6.212 6.236 6.262 6.289 6.316 6.345 6.374 6.403 6.434 6.464 6.495
4.936 4.966 4.995 5.024 5.052 5.079 5.106 5.133 5.160 5.187 5.213 5.239 5.264 5.289 5.313 5.337 5.361 5.384 5.407 5.429 5.452 5.474 5.496 5.518 5.540 5.563 5.586 5.609 5.633 5.656 5.680 5.705 5.731 5.756 5.781 5.806 5.830 5.854 5.878 5.901 5.922 5.943 5.963 5.981 5.998 6.013 6.027 6.039 6.049 6.057 6.064 6.070 6.074 6.079 6.085 6.092 6.101 6.111 6.124 6.138 6.155 6.174 6.194 6.216 6.240 6.265 6.291 6.318 6.346 6.374 6.404 6.434 6.465 6.496
4.950 4.980 5.009 5.038 5.067 5.094 5.120 5.148 5.175 5.201 5.227 5.253 5.278 5.303 5.328 5.351 5.375 5.398 5.420 5.442 5.464 5.485 5.506 5.527 5.548 5.569 5.591 5.614 5.636 5.658 5.682 5.706 5.731 5.756 5.781 5.806 5.831 5.855 5.879 5.903 5.925 5.947 5.968 5.987 6.006 6.022 6.037 6.051 6.062 6.073 6.081 6.088 6.093 6.098 6.104 6.111 6.118 6.127 6.138 6.151 6.165 6.182 6.201 6.222 6.244 6.268 6.293 6.320 6.347 6.376 6.405 6.435 6.465 6.496
4.963 4.993 5.022 5.051 5.080 5.107 5.134 5.162 5.189 5.215 5.241 5.267 5.292 5.317 5.342 5.366 5.389 5.412 5.434 5.456 5.477 5.497 5.518 5.538 5.558 5.578 5.598 5.619 5.640 5.661 5.684 5.707 5.731 5.756 5.780 5.805 5.830 5.855 5.880 5.904 5.927 5.950 5.971 5.992 6.011 6.029 6.046 6.061 6.074 6.085 6.096 6.103 6.110 6.116 6.122 6.128 6.135 6.143 6.153 6.164 6.177 6.192 6.210 6.229 6.250 6.273 6.297 6.323 6.349 6.377 6.406 6.436 6.466 6.497
4.974 5.005 5.034 5.064 5.093 5.120 5.147 5.175 5.202 5.228 5.255 5.281 5.306 5.331 5.355 5.379 5.403 5.426 5.448 5.470 5.491 5.511 5.531 5.550 5.570 5.589 5.608 5.627 5.646 5.666 5.687 5.709 5.732 5.756 5.780 5.805 5.829 5.854 5.879 5.903 5.927 5.951 5.973 5.995 6.015 6.034 6.052 6.068 6.083 6.096 6.108 6.117 6.124 6.132 6.139 6.145 6.152 6.160 6.168 6.178 6.190 6.204 6.219 6.237 6.257 6.278 6.302 6.326 6.352 6.379 6.408 6.437 6.468 6.498
4.985 5.016 5.046 5.075 5.104 5.132 5.159 5.187 5.214 5.241 5.267 5.293 5.319 5.344 5.368 5.393 5.416 5.439 5.462 5.484 5.505 5.525 5.545 5.564 5.583 5.601 5.619 5.637 5.655 5.673 5.692 5.713 5.734 5.757 5.780 5.804 5.828 5.853 5.878 5.902 5.927 5.951 5.974 5.996 6.017 6.037 6.056 6.074 6.090 6.104 6.117 6.128 6.137 6.145 6.153 6.161 6.168 6.175 6.183 6.193 6.203 6.216 6.230 6.247 6.265 6.285 6.307 6.331 6.356 6.382 6.410 6.439 6.469 6.499
4.996 5.026 5.056 5.086 5.115 5.143 5.170 5.198 5.225 5.252 5.278 5.304 5.330 5.355 5.380 5.405 5.429 5.452 5.475 5.497 5.519 5.540 5.560 5.579 5.597 5.615 5.632 5.649 5.665 5.682 5.700 5.719 5.738 5.759 5.781 5.804 5.828 5.852 5.876 5.901 5.925 5.950 5.973 5.996 6.018 6.039 6.059 6.078 6.095 6.111 6.125 6.137 6.147 6.157 6.166 6.174 6.182 6.190 6.198 6.207 6.217 6.228 6.242 6.257 6.274 6.293 6.313 6.336 6.360 6.386 6.413 6.441 6.471 6.501
5.005 5.036 5.066 5.096 5.125 5.153 5.180 5.208 5.235 5.262 5.288 5.315 5.341 5.366 5.391 5.416 5.440 5.464 5.487 5.510 5.532 5.553 5.574 5.593 5.612 5.629 5.646 5.663 5.678 5.693 5.710 5.727 5.745 5.764 5.784 5.806 5.828 5.851 5.875 5.899 5.924 5.948 5.972 5.995 6.018 6.040 6.060 6.080 6.098 6.115 6.131 6.144 6.156 6.167 6.177 6.186 6.195 6.204 6.212 6.221 6.231 6.241 6.254 6.267 6.283 6.301 6.320 6.342 6.365 6.390 6.416 6.444 6.473 6.503
5.015 5.045 5.075 5.105 5.134 5.162 5.189 5.217 5.244 5.271 5.298 5.324 5.350 5.376 5.401 5.426 5.451 5.475 5.498 5.522 5.544 5.566 5.587 5.607 5.626 5.644 5.661 5.677 5.692 5.707 5.722 5.737 5.754 5.771 5.789 5.809 5.830 5.852 5.874 5.898 5.922 5.946 5.970 5.994 6.017 6.039 6.061 6.081 6.100 6.118 6.135 6.149 6.162 6.174 6.186 6.196 6.206 6.216 6.225 6.234 6.243 6.254 6.266 6.279 6.293 6.310 6.328 6.349 6.371 6.395 6.420 6.447 6.476 6.505
5.024 5.054 5.084 5.113 5.142 5.170 5.197 5.225 5.252 5.279 5.306 5.332 5.358 5.384 5.410 5.435 5.460 5.484 5.508 5.532 5.555 5.577 5.599 5.619 5.639 5.658 5.675 5.692 5.707 5.721 5.736 5.750 5.765 5.781 5.797 5.815 5.834 5.854 5.875 5.897 5.920 5.944 5.968 5.991 6.015 6.037 6.059 6.081 6.101 6.120 6.137 6.152 6.166 6.180 6.193 6.205 6.216 6.226 6.236 6.246 6.256 6.266 6.277 6.290 6.304 6.319 6.337 6.356 6.377 6.400 6.424 6.451 6.479 6.507
5.033 5.063 5.092 5.121 5.150 5.178 5.205 5.232 5.259 5.286 5.313 5.339 5.366 5.391 5.417 5.442 5.468 5.492 5.517 5.541 5.564 5.587 5.609 5.631 5.651 5.671 5.689 5.706 5.722 5.736 5.750 5.764 5.778 5.792 5.807 5.823 5.840 5.858 5.878 5.898 5.920 5.943 5.966 5.989 6.012 6.035 6.058 6.079 6.100 6.120 6.138 6.154 6.170 6.185 6.198 6.211 6.224 6.235 6.246 6.256 6.267 6.277 6.288 6.301 6.314 6.329 6.345 6.363 6.383 6.405 6.429 6.455 6.482 6.510
5.042 5.071 5.100 5.129 5.158 5.185 5.212 5.239 5.266 5.293 5.319 5.346 5.372 5.398 5.423 5.449 5.474 5.499 5.524 5.548 5.572 5.596 5.619 5.641 5.662 5.682 5.701 5.719 5.735 5.750 5.765 5.779 5.793 5.806 5.819 5.834 5.849 5.865 5.882 5.901 5.921 5.943 5.965 5.987 6.010 6.033 6.055 6.077 6.099 6.119 6.137 6.154 6.171 6.187 6.202 6.217 6.230 6.242 6.254 6.265 6.276 6.287 6.299 6.311 6.324 6.338 6.354 6.371 6.390 6.411 6.434 6.459 6.485 6.512
5.051 5.080 5.109 5.137 5.165 5.192 5.218 5.245 5.272 5.299 5.325 5.351 5.377 5.403 5.429 5.455 5.480 5.505 5.530 5.555 5.579 5.603 5.626 5.649 5.671 5.692 5.712 5.731 5.748 5.764 5.779 5.794 5.807 5.820 5.833 5.846 5.860 5.874 5.890 5.906 5.925 5.944 5.965 5.986 6.008 6.030 6.053 6.075 6.096 6.117 6.136 6.154 6.172 6.189 6.205 6.220 6.234 6.248 6.261 6.273 6.285 6.296 6.308 6.320 6.333 6.347 6.362 6.379 6.397 6.417 6.439 6.463 6.488 6.515
5.061 5.089 5.117 5.145 5.173 5.199 5.225 5.252 5.278 5.304 5.330 5.356 5.382 5.408 5.434 5.459 5.485 5.510 5.535 5.560 5.584 5.609 5.632 5.656 5.678 5.700 5.721 5.741 5.759 5.776 5.792 5.807 5.822 5.835 5.848 5.860 5.872 5.885 5.899 5.914 5.930 5.948 5.966 5.986 6.007 6.028 6.050 6.072 6.093 6.114 6.134 6.153 6.171 6.189 6.206 6.222 6.238 6.252 6.266 6.279 6.292 6.304 6.317 6.329 6.342 6.356 6.370 6.386 6.404 6.423 6.444 6.467 6.491 6.517
5.071 5.099 5.127 5.154 5.180 5.206 5.232 5.258 5.284 5.310 5.335 5.361 5.387 5.412 5.438 5.463 5.489 5.514 5.539 5.564 5.589 5.613 5.637 5.661 5.684 5.707 5.729 5.749 5.767 5.786 5.803 5.820 5.835 5.849 5.862 5.874 5.886 5.898 5.910 5.924 5.938 5.953 5.970 5.988 6.007 6.027 6.048 6.069 6.091 6.112 6.131 6.150 6.170 6.188 6.206 6.223 6.240 6.255 6.270 6.284 6.298 6.311 6.324 6.337 6.350 6.363 6.378 6.393 6.410 6.429 6.449 6.471 6.494 6.519
5.083 5.110 5.136 5.163 5.189 5.214 5.239 5.264 5.290 5.315 5.340 5.365 5.391 5.416 5.441 5.467 5.492 5.517 5.542 5.567 5.592 5.617 5.641 5.665 5.689 5.712 5.734 5.755 5.775 5.794 5.813 5.830 5.846 5.861 5.875 5.887 5.899 5.911 5.923 5.935 5.947 5.961 5.976 5.992 6.009 6.028 6.047 6.068 6.088 6.109 6.129 6.148 6.167 6.187 6.205 6.223 6.241 6.257 6.273 6.288 6.302 6.316 6.330 6.343 6.356 6.370 6.384 6.399 6.416 6.434 6.453 6.474 6.497 6.521
5.095 5.121 5.147 5.173 5.198 5.222 5.247 5.271 5.296 5.321 5.345 5.370 5.395 5.420 5.445 5.470 5.495 5.520 5.545 5.570 5.595 5.619 5.644 5.668 5.692 5.716 5.739 5.760 5.780 5.800 5.820 5.838 5.856 5.872 5.886 5.900 5.912 5.924 5.935 5.946 5.958 5.970 5.983 5.998 6.013 6.030 6.048 6.067 6.087 6.107 6.126 6.145 6.165 6.185 6.204 6.222 6.241 6.258 6.275 6.290 6.306 6.320 6.334 6.348 6.362 6.376 6.390 6.405 6.421 6.438 6.457 6.477 6.499 6.522
5.108 5.134 5.159 5.184 5.208 5.231 5.255 5.279 5.303 5.327 5.351 5.375 5.399 5.424 5.448 5.473 5.497 5.522 5.547 5.572 5.597 5.621 5.646 5.670 5.694 5.718 5.741 5.763 5.784 5.805 5.826 5.845 5.863 5.880 5.896 5.910 5.924 5.936 5.947 5.958 5.969 5.981 5.992 6.005 6.019 6.034 6.050 6.068 6.086 6.106 6.124 6.143 6.163 6.182 6.202 6.221 6.240 6.258 6.275 6.292 6.308 6.323 6.338 6.352 6.366 6.381 6.395 6.410 6.426 6.442 6.460 6.480 6.502 6.524
