TsunamiDB/out54047.asc
ncols          264
nrows          230
xllcorner      497853.4375
yllcorner      4229146.0000
cellsize         5.
NODATA_value   -99
[rows 66 to 98 of 230, columns 146 to 218 of 264]
5.124 5.162 5.201 5.240 5.279 5.317 5.356 5.396 5.434 5.473 5.511 5.548 5.584 5.620 5.655 5.688 5.721 5.753 5.784 5.814 5.844 5.873 5.902 5.931 5.959 5.986 6.014 6.039 6.064 6.089 6.113 6.136 6.157 6.178 6.197 6.215 6.232 6.247 6.262 6.276 6.290 6.303 6.318 6.333 6.349 6.367 6.386 6.406 6.428 6.450 6.473 6.495 6.519 6.544 6.569 6.594 6.620 6.645 6.671 6.698 6.725 6.752 6.781 6.810 6.841 6.873 6.907 6.942 6.978 7.015 7.053 7.092 7.130
5.123 5.161 5.199 5.237 5.274 5.311 5.350 5.388 5.427 5.465 5.502 5.540 5.576 5.612 5.647 5.682 5.715 5.748 5.780 5.811 5.841 5.871 5.901 5.930 5.959 5.987 6.016 6.042 6.068 6.094 6.120 6.145 6.168 6.191 6.212 6.231 6.250 6.267 6.283 6.298 6.312 6.326 6.340 6.355 6.370 6.386 6.404 6.423 6.443 6.465 6.487 6.509 6.533 6.557 6.582 6.608 6.634 6.660 6.686 6.712 6.739 6.767 6.795 6.825 6.856 6.888 6.921 6.957 6.993 7.031 7.070 7.109 7.148
5.123 5.160 5.196 5.233 5.270 5.306 5.343 5.381 5.419 5.456 5.493 5.530 5.567 5.603 5.638 5.673 5.707 5.740 5.773 5.804 5.836 5.866 5.896 5.926 5.956 5.985 6.014 6.042 6.069 6.097 6.124 6.150 6.175 6.199 6.222 6.244 6.264 6.283 6.301 6.317 6.332 6.347 6.361 6.375 6.390 6.406 6.422 6.440 6.459 6.480 6.501 6.523 6.546 6.570 6.595 6.621 6.647 6.673 6.699 6.726 6.753 6.781 6.809 6.838 6.869 6.901 6.935 6.970 7.007 7.045 7.084 7.124 7.165
5.124 5.159 5.195 5.230 5.266 5.301 5.338 5.374 5.411 5.448 5.484 5.521 5.557 5.593 5.628 5.663 5.697 5.731 5.764 5.796 5.827 5.858 5.889 5.920 5.950 5.980 6.010 6.039 6.067 6.095 6.124 6.151 6.178 6.204 6.229 6.252 6.275 6.295 6.315 6.333 6.350 6.365 6.380 6.395 6.409 6.424 6.440 6.457 6.476 6.495 6.516 6.536 6.559 6.583 6.608 6.633 6.659 6.685 6.712 6.739 6.766 6.793 6.822 6.851 6.881 6.913 6.947 6.982 7.019 7.058 7.098 7.138 7.179
5.125 5.159 5.194 5.228 5.262 5.297 5.332 5.368 5.403 5.439 5.475 5.511 5.547 5.582 5.617 5.652 5.686 5.720 5.753 5.785 5.817 5.848 5.880 5.910 5.941 5.972 6.002 6.032 6.061 6.090 6.120 6.149 6.177 6.205 6.231 6.257 6.281 6.304 6.325 6.345 6.363 6.380 6.396 6.412 6.427 6.442 6.457 6.474 6.491 6.510 6.530 6.550 6.572 6.596 6.620 6.646 6.671 6.698 6.724 6.751 6.778 6.805 6.834 6.863 6.893 6.925 6.958 6.993 7.030 7.069 7.109 7.151 7.192
5.127 5.160 5.194 5.227 5.260 5.293 5.327 5.362 5.396 5.431 5.466 5.501 5.536 5.571 5.606 5.640 5.674 5.707 5.740 5.773 5.805 5.836 5.868 5.899 5.929 5.960 5.991 6.021 6.051 6.082 6.112 6.142 6.172 6.201 6.230 6.257 6.283 6.308 6.331 6.353 6.373 6.392 6.409 6.426 6.442 6.457 6.473 6.489 6.506 6.525 6.544 6.563 6.585 6.608 6.633 6.658 6.683 6.709 6.736 6.762 6.789 6.817 6.845 6.874 6.904 6.935 6.968 7.003 7.040 7.079 7.119 7.161 7.203
5.131 5.162 5.194 5.227 5.258 5.290 5.323 5.357 5.390 5.424 5.458 5.492 5.526 5.560 5.594 5.628 5.661 5.694 5.727 5.759 5.791 5.822 5.854 5.885 5.915 5.946 5.978 6.008 6.038 6.069 6.100 6.132 6.163 6.193 6.223 6.252 6.280 6.306 6.332 6.356 6.378 6.399 6.418 6.436 6.453 6.470 6.486 6.503 6.520 6.538 6.557 6.576 6.597 6.620 6.644 6.669 6.695 6.720 6.747 6.773 6.800 6.828 6.855 6.884 6.913 6.944 6.977 7.011 7.048 7.087 7.127 7.170 7.212
5.135 5.165 5.196 5.227 5.258 5.288 5.320 5.352 5.385 5.417 5.450 5.483 5.517 5.550 5.583 5.616 5.649 5.681 5.713 5.745 5.776 5.807 5.838 5.869 5.899 5.930 5.961 5.991 6.021 6.053 6.085 6.117 6.149 6.180 6.211 6.242 6.272 6.300 6.327 6.353 6.378 6.400 6.422 6.442 6.461 6.479 6.496 6.514 6.531 6.550 6.568 6.588 6.609 6.631 6.655 6.680 6.705 6.731 6.757 6.784 6.811 6.838 6.865 6.893 6.922 6.953 6.985 7.019 7.055 7.093 7.134 7.176 7.219
5.141 5.170 5.199 5.229 5.258 5.287 5.318 5.349 5.380 5.412 5.444 5.476 5.508 5.540 5.572 5.604 5.636 5.668 5.699 5.730 5.761 5.792 5.822 5.852 5.882 5.912 5.942 5.972 6.002 6.033 6.065 6.097 6.130 6.162 6.195 6.227 6.258 6.288 6.317 6.345 6.372 6.397 6.420 6.442 6.463 6.483 6.502 6.521 6.539 6.559 6.578 6.597 6.619 6.641 6.665 6.690 6.715 6.741 6.767 6.794 6.820 6.847 6.874 6.902 6.930 6.960 6.991 7.025 7.060 7.098 7.139 7.181 7.224
5.148 5.176 5.204 5.232 5.260 5.288 5.317 5.347 5.377 5.408 5.438 5.469 5.500 5.531 5.562 5.594 5.625 5.655 5.686 5.716 5.746 5.776 5.805 5.835 5.864 5.893 5.922 5.951 5.980 6.011 6.042 6.074 6.106 6.139 6.172 6.205 6.238 6.270 6.301 6.331 6.359 6.387 6.412 6.437 6.460 6.482 6.503 6.523 6.543 6.564 6.584 6.604 6.626 6.649 6.673 6.698 6.724 6.750 6.776 6.802 6.829 6.855 6.882 6.909 6.937 6.966 6.997 7.029 7.064 7.101 7.141 7.184 7.227
5.157 5.183 5.210 5.237 5.263 5.290 5.318 5.347 5.376 5.405 5.434 5.464 5.494 5.524 5.554 5.584 5.614 5.644 5.674 5.703 5.732 5.761 5.789 5.818 5.846 5.873 5.901 5.929 5.957 5.986 6.017 6.048 6.079 6.112 6.145 6.178 6.212 6.245 6.277 6.309 6.340 6.369 6.397 6.424 6.449 6.474 6.497 6.520 6.542 6.564 6.585 6.607 6.630 6.654 6.679 6.704 6.730 6.756 6.783 6.809 6.836 6.862 6.889 6.915 6.943 6.971 7.000 7.032 7.065 7.102 7.142 7.184 7.228
5.167 5.192 5.217 5.243 5.268 5.294 5.321 5.348 5.376 5.404 5.432 5.461 5.489 5.518 5.547 5.576 5.606 5.634 5.663 5.692 5.720 5.748 5.775 5.802 5.829 5.855 5.882 5.908 5.934 5.962 5.990 6.020 6.050 6.082 6.114 6.147 6.180 6.214 6.247 6.280 6.312 6.343 6.374 6.403 6.431 6.458 6.484 6.509 6.534 6.557 6.580 6.604 6.628 6.654 6.679 6.706 6.733 6.759 6.786 6.813 6.840 6.867 6.893 6.919 6.946 6.973 7.002 7.032 7.065 7.101 7.140 7.182 7.226
5.179 5.203 5.227 5.251 5.275 5.299 5.325 5.351 5.377 5.404 5.431 5.459 5.487 5.514 5.543 5.571 5.599 5.627 5.654 5.682 5.709 5.736 5.763 5.789 5.814 5.839 5.864 5.889 5.913 5.939 5.965 5.993 6.021 6.050 6.081 6.112 6.145 6.178 6.211 6.244 6.277 6.310 6.342 6.373 6.403 6.433 6.461 6.489 6.516 6.542 6.567 6.593 6.620 6.647 6.674 6.702 6.730 6.758 6.786 6.813 6.841 6.867 6.894 6.920 6.946 6.973 7.001 7.030 7.062 7.097 7.135 7.177 7.221
5.192 5.215 5.238 5.261 5.284 5.307 5.331 5.356 5.381 5.407 5.433 5.459 5.486 5.513 5.540 5.567 5.594 5.621 5.648 5.675 5.701 5.727 5.753 5.778 5.802 5.827 5.850 5.873 5.895 5.919 5.943 5.968 5.994 6.021 6.049 6.078 6.108 6.140 6.172 6.204 6.237 6.270 6.303 6.335 6.367 6.398 6.429 6.459 6.489 6.517 6.545 6.573 6.602 6.631 6.660 6.690 6.719 6.749 6.778 6.807 6.835 6.863 6.890 6.917 6.943 6.969 6.996 7.025 7.056 7.089 7.127 7.168 7.212
5.208 5.229 5.251 5.273 5.294 5.316 5.339 5.363 5.387 5.411 5.436 5.461 5.487 5.513 5.539 5.565 5.591 5.618 5.644 5.670 5.696 5.721 5.746 5.770 5.794 5.817 5.840 5.861 5.882 5.904 5.926 5.948 5.971 5.996 6.021 6.047 6.075 6.103 6.133 6.164 6.195 6.227 6.259 6.292 6.324 6.356 6.388 6.420 6.452 6.482 6.512 6.543 6.574 6.605 6.636 6.668 6.699 6.731 6.762 6.793 6.823 6.852 6.880 6.907 6.934 6.960 6.987 7.015 7.045 7.078 7.114 7.155 7.198
5.225 5.246 5.266 5.287 5.307 5.328 5.349 5.371 5.394 5.417 5.441 5.465 5.490 5.515 5.540 5.566 5.591 5.617 5.642 5.668 5.693 5.718 5.742 5.766 5.789 5.812 5.833 5.853 5.873 5.894 5.914 5.934 5.955 5.976 5.999 6.022 6.046 6.072 6.099 6.127 6.156 6.186 6.216 6.247 6.279 6.311 6.343 6.375 6.408 6.439 6.471 6.503 6.536 6.569 6.602 6.636 6.669 6.703 6.736 6.769 6.801 6.831 6.861 6.890 6.917 6.944 6.971 6.999 7.028 7.060 7.096 7.136 7.179
5.245 5.264 5.283 5.303 5.322 5.341 5.361 5.382 5.404 5.426 5.448 5.471 5.495 5.519 5.543 5.568 5.593 5.618 5.643 5.668 5.692 5.717 5.741 5.764 5.787 5.810 5.830 5.849 5.869 5.888 5.907 5.926 5.945 5.964 5.984 6.004 6.025 6.048 6.071 6.096 6.122 6.150 6.178 6.207 6.237 6.267 6.298 6.330 6.362 6.394 6.425 6.458 6.491 6.525 6.560 6.595 6.630 6.665 6.700 6.735 6.769 6.802 6.833 6.863 6.892 6.920 6.948 6.976 7.004 7.035 7.069 7.109 7.152
5.266 5.284 5.302 5.321 5.338 5.356 5.376 5.395 5.415 5.436 5.457 5.479 5.502 5.525 5.548 5.572 5.596 5.621 5.645 5.670 5.694 5.718 5.742 5.765 5.788 5.810 5.831 5.850 5.869 5.888 5.906 5.924 5.941 5.958 5.976 5.994 6.012 6.032 6.053 6.075 6.098 6.122 6.147 6.174 6.202 6.230 6.259 6.289 6.320 6.350 6.381 6.413 6.446 6.479 6.514 6.549 6.585 6.621 6.657 6.693 6.729 6.763 6.797 6.828 6.859 6.888 6.916 6.943 6.971 7.001 7.035 7.074 7.117
5.288 5.306 5.323 5.340 5.357 5.374 5.392 5.410 5.429 5.449 5.469 5.489 5.511 5.533 5.555 5.578 5.602 5.626 5.650 5.674 5.698 5.722 5.745 5.769 5.791 5.814 5.834 5.853 5.873 5.891 5.909 5.926 5.942 5.958 5.974 5.991 6.007 6.024 6.043 6.062 6.082 6.104 6.127 6.151 6.176 6.202 6.229 6.257 6.286 6.314 6.343 6.373 6.405 6.437 6.471 6.505 6.540 6.576 6.612 6.649 6.685 6.720 6.754 6.787 6.818 6.848 6.876 6.903 6.931 6.959 6.993 7.032 7.076
5.312 5.329 5.346 5.361 5.377 5.393 5.410 5.427 5.445 5.463 5.482 5.501 5.521 5.542 5.564 5.586 5.609 5.632 5.656 5.679 5.703 5.727 5.751 5.774 5.797 5.819 5.840 5.859 5.878 5.897 5.915 5.932 5.948 5.963 5.978 5.993 6.008 6.024 6.040 6.057 6.075 6.094 6.115 6.137 6.160 6.184 6.209 6.234 6.261 6.288 6.314 6.343 6.372 6.403 6.434 6.467 6.501 6.535 6.571 6.606 6.642 6.677 6.711 6.744 6.775 6.805 6.833 6.860 6.886 6.914 6.946 6.985 7.031
5.336 5.353 5.369 5.384 5.399 5.414 5.430 5.446 5.463 5.480 5.497 5.515 5.534 5.554 5.574 5.596 5.618 5.640 5.663 5.686 5.710 5.734 5.757 5.781 5.804 5.826 5.847 5.867 5.886 5.905 5.923 5.940 5.956 5.972 5.986 6.000 6.014 6.029 6.043 6.059 6.075 6.093 6.112 6.131 6.152 6.175 6.198 6.222 6.246 6.271 6.296 6.322 6.350 6.378 6.407 6.438 6.470 6.503 6.536 6.571 6.605 6.639 6.673 6.705 6.736 6.765 6.792 6.818 6.842 6.868 6.900 6.940 6.986
5.362 5.378 5.393 5.408 5.422 5.437 5.452 5.467 5.482 5.498 5.514 5.531 5.549 5.567 5.586 5.607 5.628 5.649 5.672 5.695 5.718 5.741 5.765 5.788 5.812 5.834 5.855 5.876 5.896 5.915 5.933 5.951 5.967 5.982 5.997 6.011 6.024 6.038 6.052 6.066 6.081 6.097 6.115 6.133 6.153 6.173 6.195 6.217 6.241 6.264 6.287 6.311 6.337 6.363 6.391 6.419 6.449 6.480 6.512 6.545 6.578 6.611 6.643 6.674 6.704 6.732 6.758 6.783 6.806 6.830 6.861 6.902 6.948
5.387 5.403 5.419 5.433 5.446 5.461 5.475 5.490 5.504 5.518 5.533 5.549 5.565 5.582 5.600 5.619 5.639 5.660 5.682 5.704 5.727 5.750 5.774 5.797 5.820 5.843 5.865 5.885 5.906 5.926 5.944 5.962 5.979 5.994 6.009 6.023 6.036 6.050 6.063 6.077 6.091 6.106 6.123 6.140 6.159 6.178 6.198 6.220 6.242 6.264 6.286 6.309 6.333 6.357 6.383 6.410 6.438 6.467 6.497 6.528 6.560 6.592 6.623 6.654 6.683 6.710 6.735 6.758 6.780 6.804 6.835 6.875 6.920
5.413 5.429 5.444 5.458 5.472 5.486 5.499 5.513 5.527 5.540 5.554 5.569 5.584 5.600 5.616 5.634 5.653 5.673 5.693 5.715 5.737 5.760 5.783 5.807 5.830 5.853 5.875 5.896 5.916 5.937 5.956 5.974 5.991 6.007 6.022 6.036 6.050 6.063 6.076 6.090 6.104 6.119 6.134 6.151 6.169 6.188 6.207 6.228 6.249 6.270 6.291 6.313 6.335 6.359 6.383 6.408 6.435 6.462 6.491 6.521 6.552 6.583 6.614 6.644 6.672 6.699 6.724 6.747 6.768 6.791 6.820 6.859 6.903
5.439 5.455 5.470 5.484 5.497 5.511 5.524 5.538 5.551 5.564 5.577 5.590 5.604 5.619 5.634 5.650 5.668 5.687 5.706 5.727 5.749 5.771 5.794 5.817 5.840 5.863 5.885 5.906 5.927 5.948 5.968 5.986 6.004 6.020 6.036 6.051 6.065 6.078 6.091 6.105 6.119 6.133 6.149 6.165 6.182 6.200 6.220 6.239 6.260 6.280 6.300 6.322 6.343 6.366 6.389 6.413 6.438 6.465 6.492 6.522 6.552 6.582 6.613 6.643 6.672 6.699 6.724 6.747 6.768 6.790 6.817 6.855 6.897
5.465 5.480 5.495 5.509 5.522 5.536 5.550 5.563 5.575 5.588 5.600 5.613 5.626 5.639 5.653 5.668 5.685 5.702 5.720 5.740 5.761 5.782 5.805 5.827 5.850 5.874 5.896 5.917 5.938 5.959 5.980 5.999 6.017 6.034 6.050 6.065 6.079 6.093 6.107 6.121 6.135 6.149 6.165 6.181 6.198 6.216 6.235 6.254 6.274 6.294 6.314 6.334 6.356 6.377 6.400 6.423 6.447 6.472 6.499 6.528 6.558 6.588 6.619 6.649 6.679 6.706 6.732 6.756 6.777 6.797 6.824 6.859 6.899
5.490 5.506 5.521 5.535 5.548 5.561 5.575 5.588 5.600 5.613 5.625 5.637 5.649 5.661 5.674 5.688 5.703 5.719 5.736 5.755 5.774 5.795 5.816 5.839 5.861 5.884 5.906 5.928 5.949 5.971 5.991 6.011 6.029 6.047 6.064 6.079 6.094 6.109 6.123 6.137 6.152 6.166 6.182 6.198 6.215 6.233 6.252 6.271 6.291 6.310 6.330 6.350 6.371 6.392 6.414 6.436 6.460 6.485 6.511 6.539 6.568 6.599 6.630 6.661 6.692 6.720 6.748 6.771 6.792 6.812 6.836 6.870 6.908
5.515 5.531 5.546 5.560 5.573 5.586 5.600 5.613 5.625 5.637 5.649 5.661 5.673 5.685 5.697 5.709 5.723 5.737 5.753 5.770 5.789 5.808 5.829 5.851 5.873 5.895 5.917 5.938 5.960 5.982 6.002 6.023 6.042 6.060 6.077 6.093 6.109 6.124 6.139 6.154 6.169 6.184 6.200 6.216 6.233 6.251 6.270 6.290 6.310 6.329 6.348 6.369 6.389 6.410 6.431 6.453 6.476 6.500 6.526 6.554 6.583 6.614 6.645 6.677 6.709 6.739 6.767 6.791 6.811 6.830 6.854 6.886 6.923
5.540 5.555 5.571 5.584 5.597 5.611 5.624 5.637 5.650 5.662 5.674 5.686 5.697 5.708 5.720 5.732 5.744 5.757 5.772 5.788 5.805 5.823 5.843 5.863 5.884 5.906 5.928 5.949 5.971 5.993 6.014 6.034 6.054 6.072 6.090 6.107 6.124 6.140 6.155 6.171 6.186 6.202 6.218 6.235 6.252 6.271 6.290 6.309 6.329 6.349 6.368 6.389 6.409 6.430 6.451 6.473 6.495 6.518 6.544 6.571 6.600 6.631 6.664 6.696 6.729 6.759 6.788 6.813 6.833 6.852 6.875 6.907 6.944
5.563 5.579 5.595 5.608 5.621 5.635 5.648 5.661 5.674 5.686 5.698 5.710 5.721 5.732 5.743 5.754 5.766 5.778 5.792 5.806 5.822 5.839 5.857 5.876 5.897 5.918 5.939 5.960 5.982 6.003 6.024 6.045 6.065 6.084 6.103 6.121 6.138 6.155 6.171 6.187 6.203 6.220 6.236 6.254 6.272 6.290 6.310 6.330 6.350 6.369 6.389 6.410 6.431 6.452 6.473 6.494 6.516 6.539 6.563 6.590 6.619 6.651 6.683 6.716 6.750 6.781 6.811 6.836 6.857 6.876 6.898 6.931 6.968
5.586 5.603 5.618 5.632 5.645 5.658 5.671 5.684 5.697 5.709 5.721 5.733 5.745 5.756 5.767 5.778 5.789 5.800 5.812 5.826 5.840 5.855 5.872 5.891 5.910 5.930 5.950 5.971 5.992 6.014 6.035 6.056 6.076 6.096 6.115 6.134 6.152 6.169 6.187 6.204 6.220 6.238 6.255 6.273 6.291 6.310 6.330 6.351 6.371 6.390 6.411 6.432 6.453 6.474 6.495 6.516 6.538 6.560 6.585 6.611 6.640 6.671 6.704 6.737 6.771 6.804 6.833 6.859 6.881 6.898 6.922 6.958 6.997
5.608 5.625 5.641 5.655 5.668 5.681 5.694 5.707 5.719 5.732 5.744 5.756 5.767 5.779 5.790 5.800 5.811 5.822 5.834 5.846 5.859 5.873 5.889 5.906 5.924 5.943 5.962 5.982 6.003 6.024 6.045 6.066 6.087 6.107 6.127 6.147 6.165 6.184 6.202 6.220 6.237 6.255 6.273 6.292 6.311 6.330 6.350 6.371 6.392 6.412 6.433 6.455 6.476 6.498 6.519 6.540 6.561 6.583 6.606 6.632 6.661 6.692 6.724 6.758 6.792 6.825 6.855 6.881 6.903 6.923 6.951 6.990 7.031
5.628 5.646 5.662 5.677 5.691 5.704 5.717 5.729 5.742 5.754 5.766 5.777 5.789 5.800 5.812 5.823 5.833 5.844 5.855 5.866 5.878 5.891 5.906 5.921 5.938 5.956 5.973 5.993 6.013 6.034 6.055 6.077 6.098 6.118 6.139 6.159 6.178 6.198 6.217 6.235 6.254 6.272 6.291 6.310 6.330 6.350 6.371 6.392 6.413 6.434 6.455 6.477 6.499 6.521 6.543 6.564 6.585 6.606 6.629 6.654 6.682 6.712 6.745 6.779 6.813 6.846 6.876 6.903 6.927 6.952 6.984 7.027 7.071
