TsunamiDB/out54072.asc
ncols          264
nrows          230
xllcorner      497853.4375
yllcorner      4229146.0000
cellsize         5.
NODATA_value   -99
[rows 34 to 67 of 230, columns 150 to 224 of 264]
5.844 5.862 5.879 5.894 5.910 5.925 5.941 5.956 5.971 5.986 6.001 6.016 6.031 6.045 6.060 6.074 6.088 6.102 6.115 6.128 6.141 6.153 6.165 6.176 6.187 6.197 6.205 6.215 6.224 6.233 6.242 6.252 6.261 6.271 6.280 6.290 6.300 6.310 6.321 6.331 6.342 6.352 6.363 6.373 6.384 6.395 6.406 6.417 6.428 6.438 6.449 6.461 6.473 6.485 6.498 6.511 6.524 6.537 6.550 6.562 6.575 6.587 6.598 6.609 6.619 6.628 6.637 6.644 6.651 6.658 6.664 6.669 6.675 6.682 6.691
5.850 5.868 5.885 5.901 5.917 5.933 5.949 5.964 5.979 5.994 6.009 6.024 6.038 6.053 6.067 6.082 6.096 6.110 6.123 6.137 6.150 6.162 6.174 6.186 6.197 6.207 6.216 6.225 6.235 6.244 6.253 6.262 6.271 6.280 6.290 6.299 6.309 6.318 6.328 6.338 6.348 6.358 6.369 6.379 6.389 6.400 6.411 6.422 6.432 6.442 6.453 6.465 6.477 6.489 6.502 6.515 6.528 6.541 6.554 6.567 6.579 6.592 6.603 6.615 6.625 6.635 6.643 6.651 6.658 6.664 6.670 6.675 6.680 6.686 6.694
5.854 5.873 5.891 5.907 5.923 5.940 5.956 5.971 5.987 6.002 6.016 6.031 6.046 6.060 6.075 6.089 6.103 6.117 6.131 6.144 6.158 6.170 6.183 6.195 6.206 6.217 6.226 6.235 6.245 6.254 6.263 6.272 6.281 6.290 6.299 6.308 6.317 6.327 6.336 6.346 6.355 6.365 6.375 6.385 6.395 6.406 6.416 6.427 6.437 6.447 6.457 6.469 6.481 6.493 6.506 6.518 6.531 6.545 6.558 6.571 6.584 6.596 6.608 6.620 6.630 6.640 6.649 6.657 6.664 6.670 6.676 6.680 6.685 6.690 6.697
5.858 5.877 5.895 5.912 5.929 5.946 5.962 5.978 5.994 6.009 6.024 6.038 6.053 6.067 6.082 6.096 6.110 6.124 6.138 6.152 6.165 6.178 6.191 6.203 6.215 6.225 6.235 6.245 6.255 6.264 6.273 6.282 6.291 6.300 6.309 6.318 6.327 6.336 6.345 6.354 6.363 6.373 6.382 6.392 6.402 6.412 6.422 6.432 6.442 6.452 6.462 6.473 6.485 6.497 6.509 6.522 6.535 6.548 6.562 6.575 6.588 6.600 6.613 6.624 6.635 6.645 6.655 6.663 6.670 6.676 6.682 6.686 6.690 6.695 6.701
5.861 5.881 5.899 5.916 5.934 5.951 5.968 5.984 6.000 6.015 6.030 6.045 6.060 6.074 6.088 6.103 6.117 6.131 6.145 6.158 6.172 6.185 6.198 6.210 6.223 6.234 6.243 6.254 6.264 6.273 6.283 6.292 6.301 6.310 6.318 6.327 6.336 6.344 6.353 6.362 6.371 6.380 6.389 6.399 6.408 6.418 6.428 6.438 6.447 6.457 6.467 6.478 6.489 6.501 6.513 6.526 6.539 6.552 6.565 6.578 6.592 6.604 6.617 6.629 6.640 6.650 6.660 6.668 6.676 6.683 6.688 6.692 6.696 6.701 6.707
5.863 5.883 5.902 5.920 5.938 5.955 5.972 5.989 6.005 6.021 6.036 6.051 6.066 6.080 6.095 6.109 6.123 6.137 6.151 6.165 6.178 6.192 6.205 6.217 6.230 6.241 6.251 6.262 6.272 6.282 6.292 6.301 6.310 6.319 6.328 6.336 6.345 6.353 6.362 6.371 6.379 6.388 6.397 6.406 6.416 6.425 6.434 6.444 6.453 6.462 6.472 6.482 6.494 6.505 6.517 6.530 6.543 6.556 6.569 6.582 6.595 6.608 6.621 6.633 6.644 6.655 6.665 6.674 6.682 6.689 6.695 6.699 6.703 6.707 6.714
5.865 5.886 5.904 5.922 5.941 5.959 5.976 5.993 6.010 6.026 6.042 6.057 6.072 6.086 6.101 6.115 6.129 6.143 6.157 6.170 6.184 6.197 6.211 6.223 6.236 6.247 6.258 6.269 6.279 6.290 6.300 6.309 6.319 6.328 6.336 6.345 6.354 6.362 6.371 6.379 6.388 6.397 6.405 6.414 6.423 6.432 6.441 6.451 6.459 6.468 6.477 6.488 6.498 6.510 6.522 6.534 6.546 6.559 6.572 6.586 6.599 6.612 6.625 6.637 6.649 6.660 6.671 6.680 6.689 6.696 6.702 6.706 6.711 6.715 6.721
5.867 5.887 5.906 5.924 5.943 5.961 5.979 5.997 6.014 6.030 6.046 6.062 6.077 6.091 6.106 6.120 6.134 6.148 6.162 6.176 6.189 6.203 6.216 6.229 6.242 6.253 6.264 6.275 6.286 6.297 6.307 6.317 6.326 6.336 6.345 6.354 6.362 6.371 6.379 6.388 6.396 6.405 6.414 6.422 6.431 6.440 6.449 6.458 6.466 6.474 6.483 6.493 6.504 6.515 6.526 6.538 6.550 6.563 6.576 6.589 6.603 6.616 6.629 6.642 6.654 6.665 6.676 6.686 6.695 6.704 6.710 6.715 6.720 6.725 6.731
5.868 5.889 5.908 5.926 5.945 5.963 5.982 5.999 6.017 6.034 6.050 6.066 6.081 6.096 6.111 6.125 6.139 6.153 6.167 6.180 6.194 6.208 6.221 6.234 6.247 6.258 6.270 6.281 6.292 6.303 6.314 6.324 6.334 6.343 6.352 6.361 6.370 6.379 6.388 6.396 6.405 6.413 6.422 6.431 6.439 6.448 6.457 6.465 6.473 6.481 6.490 6.499 6.509 6.520 6.531 6.543 6.555 6.567 6.580 6.593 6.607 6.620 6.633 6.646 6.659 6.671 6.683 6.693 6.703 6.712 6.719 6.725 6.730 6.735 6.741
5.870 5.890 5.909 5.927 5.946 5.965 5.984 6.002 6.019 6.036 6.053 6.069 6.085 6.100 6.114 6.129 6.143 6.157 6.171 6.185 6.198 6.212 6.225 6.238 6.251 6.263 6.274 6.286 6.297 6.308 6.319 6.330 6.340 6.350 6.359 6.369 6.378 6.387 6.396 6.404 6.413 6.422 6.430 6.439 6.448 6.456 6.465 6.473 6.480 6.488 6.497 6.506 6.516 6.526 6.537 6.548 6.560 6.572 6.585 6.598 6.611 6.625 6.638 6.652 6.665 6.677 6.690 6.701 6.711 6.721 6.729 6.735 6.741 6.747 6.752
5.871 5.891 5.910 5.929 5.948 5.966 5.985 6.003 6.021 6.038 6.055 6.072 6.087 6.103 6.118 6.132 6.147 6.161 6.175 6.188 6.202 6.216 6.229 6.242 6.255 6.267 6.278 6.290 6.302 6.313 6.324 6.335 6.346 6.356 6.366 6.375 6.385 6.394 6.403 6.412 6.421 6.430 6.438 6.447 6.456 6.465 6.473 6.481 6.488 6.496 6.505 6.514 6.523 6.533 6.543 6.554 6.566 6.578 6.590 6.603 6.617 6.630 6.644 6.658 6.671 6.685 6.697 6.709 6.721 6.731 6.740 6.747 6.753 6.759 6.764
5.872 5.892 5.911 5.930 5.949 5.968 5.986 6.005 6.023 6.040 6.057 6.074 6.090 6.105 6.121 6.135 6.150 6.164 6.178 6.192 6.205 6.219 6.232 6.246 6.258 6.270 6.282 6.294 6.306 6.317 6.329 6.340 6.351 6.361 6.371 6.381 6.391 6.401 6.410 6.419 6.428 6.437 6.446 6.455 6.464 6.473 6.482 6.490 6.497 6.505 6.513 6.522 6.531 6.540 6.550 6.561 6.572 6.584 6.597 6.610 6.623 6.637 6.651 6.665 6.679 6.693 6.706 6.719 6.731 6.742 6.752 6.759 6.766 6.772 6.778
5.874 5.894 5.912 5.931 5.950 5.969 5.987 6.006 6.024 6.041 6.059 6.075 6.092 6.108 6.123 6.138 6.153 6.167 6.181 6.195 6.208 6.222 6.235 6.249 6.261 6.273 6.285 6.297 6.309 6.321 6.333 6.344 6.355 6.366 6.377 6.387 6.397 6.407 6.416 6.426 6.435 6.445 6.454 6.463 6.472 6.481 6.490 6.498 6.506 6.514 6.522 6.530 6.539 6.549 6.559 6.569 6.580 6.592 6.604 6.617 6.631 6.645 6.659 6.673 6.688 6.702 6.716 6.730 6.743 6.755 6.765 6.773 6.780 6.786 6.792
5.876 5.895 5.914 5.932 5.951 5.970 5.988 6.007 6.025 6.043 6.060 6.077 6.093 6.109 6.125 6.140 6.155 6.169 6.183 6.197 6.211 6.225 6.238 6.251 6.264 6.275 6.287 6.300 6.312 6.324 6.336 6.348 6.359 6.370 6.381 6.392 6.402 6.412 6.422 6.432 6.442 6.452 6.461 6.471 6.480 6.490 6.499 6.507 6.515 6.523 6.531 6.540 6.549 6.558 6.568 6.578 6.589 6.601 6.613 6.626 6.639 6.653 6.668 6.683 6.698 6.713 6.727 6.741 6.755 6.768 6.779 6.787 6.795 6.802 6.807
5.878 5.898 5.915 5.933 5.952 5.971 5.990 6.008 6.026 6.044 6.061 6.078 6.095 6.111 6.127 6.142 6.157 6.172 6.186 6.200 6.214 6.227 6.241 6.254 6.266 6.278 6.290 6.303 6.315 6.327 6.339 6.351 6.363 6.374 6.385 6.396 6.407 6.417 6.428 6.438 6.448 6.458 6.468 6.478 6.488 6.498 6.508 6.516 6.524 6.533 6.541 6.550 6.559 6.569 6.578 6.588 6.599 6.611 6.623 6.636 6.649 6.663 6.678 6.693 6.709 6.724 6.739 6.754 6.769 6.782 6.794 6.803 6.811 6.818 6.824
5.882 5.900 5.917 5.935 5.954 5.973 5.991 6.010 6.028 6.045 6.063 6.080 6.097 6.113 6.129 6.144 6.160 6.174 6.188 6.202 6.216 6.230 6.243 6.257 6.269 6.281 6.293 6.305 6.318 6.330 6.343 6.355 6.366 6.378 6.389 6.401 6.412 6.423 6.433 6.444 6.454 6.465 6.475 6.486 6.496 6.506 6.517 6.526 6.534 6.543 6.552 6.561 6.571 6.580 6.590 6.600 6.611 6.622 6.634 6.647 6.661 6.675 6.690 6.705 6.721 6.737 6.753 6.768 6.783 6.797 6.810 6.820 6.829 6.836 6.843
5.885 5.903 5.920 5.938 5.956 5.975 5.993 6.011 6.029 6.047 6.065 6.082 6.099 6.115 6.131 6.147 6.162 6.177 6.191 6.205 6.219 6.233 6.246 6.260 6.272 6.284 6.296 6.309 6.321 6.334 6.346 6.358 6.370 6.382 6.394 6.405 6.416 6.428 6.439 6.450 6.461 6.471 6.482 6.493 6.504 6.515 6.526 6.536 6.545 6.554 6.564 6.573 6.583 6.592 6.602 6.613 6.623 6.635 6.647 6.660 6.673 6.688 6.703 6.718 6.735 6.751 6.767 6.783 6.799 6.814 6.827 6.838 6.848 6.856 6.863
5.889 5.906 5.923 5.941 5.959 5.977 5.995 6.014 6.032 6.049 6.067 6.084 6.101 6.118 6.134 6.149 6.165 6.180 6.194 6.209 6.223 6.236 6.250 6.263 6.276 6.288 6.300 6.312 6.325 6.337 6.350 6.362 6.374 6.386 6.398 6.410 6.422 6.433 6.444 6.456 6.467 6.478 6.489 6.501 6.512 6.524 6.535 6.545 6.555 6.565 6.575 6.585 6.596 6.606 6.616 6.626 6.637 6.649 6.661 6.674 6.687 6.702 6.717 6.733 6.749 6.766 6.783 6.800 6.816 6.832 6.845 6.857 6.868 6.878 6.886
5.894 5.911 5.927 5.945 5.962 5.980 5.998 6.016 6.034 6.052 6.070 6.087 6.104 6.120 6.137 6.153 6.168 6.183 6.198 6.212 6.226 6.240 6.254 6.268 6.280 6.292 6.304 6.317 6.329 6.342 6.354 6.367 6.379 6.391 6.404 6.415 6.427 6.439 6.450 6.462 6.474 6.485 6.497 6.509 6.521 6.533 6.545 6.556 6.566 6.577 6.588 6.598 6.609 6.620 6.630 6.641 6.652 6.664 6.676 6.689 6.703 6.717 6.732 6.748 6.765 6.782 6.800 6.817 6.834 6.851 6.865 6.878 6.891 6.901 6.910
5.901 5.917 5.933 5.950 5.967 5.984 6.002 6.020 6.038 6.055 6.073 6.090 6.107 6.124 6.140 6.156 6.172 6.187 6.202 6.217 6.231 6.245 6.259 6.272 6.285 6.297 6.309 6.322 6.335 6.347 6.360 6.372 6.385 6.397 6.409 6.422 6.433 6.445 6.457 6.469 6.481 6.493 6.505 6.517 6.530 6.542 6.555 6.566 6.577 6.589 6.600 6.612 6.623 6.634 6.646 6.657 6.668 6.680 6.692 6.705 6.719 6.734 6.749 6.765 6.782 6.800 6.818 6.836 6.853 6.871 6.887 6.901 6.914 6.926 6.935
5.909 5.924 5.939 5.955 5.972 5.989 6.007 6.024 6.042 6.059 6.077 6.094 6.111 6.128 6.145 6.161 6.177 6.192 6.207 6.222 6.236 6.251 6.264 6.278 6.291 6.303 6.315 6.328 6.341 6.354 6.366 6.379 6.391 6.404 6.416 6.428 6.441 6.453 6.465 6.477 6.489 6.501 6.514 6.526 6.539 6.552 6.565 6.577 6.589 6.601 6.613 6.626 6.638 6.650 6.661 6.673 6.685 6.697 6.710 6.723 6.737 6.751 6.767 6.783 6.800 6.818 6.837 6.855 6.874 6.893 6.909 6.925 6.939 6.952 6.962
5.918 5.932 5.947 5.962 5.979 5.995 6.012 6.030 6.047 6.064 6.082 6.099 6.116 6.133 6.149 6.166 6.182 6.197 6.213 6.228 6.242 6.257 6.271 6.285 6.298 6.310 6.322 6.335 6.348 6.361 6.374 6.386 6.399 6.412 6.424 6.436 6.449 6.461 6.473 6.486 6.498 6.510 6.523 6.536 6.549 6.562 6.576 6.589 6.601 6.614 6.627 6.640 6.653 6.665 6.678 6.690 6.703 6.715 6.728 6.741 6.755 6.770 6.786 6.802 6.820 6.838 6.857 6.876 6.896 6.915 6.933 6.949 6.965 6.978 6.990
5.928 5.942 5.956 5.971 5.986 6.003 6.019 6.036 6.053 6.070 6.087 6.104 6.121 6.138 6.155 6.171 6.188 6.203 6.219 6.234 6.249 6.264 6.278 6.292 6.305 6.317 6.330 6.343 6.356 6.369 6.382 6.395 6.407 6.420 6.433 6.445 6.458 6.470 6.483 6.495 6.508 6.521 6.533 6.547 6.560 6.574 6.588 6.601 6.613 6.627 6.640 6.654 6.668 6.681 6.694 6.708 6.720 6.734 6.747 6.760 6.775 6.790 6.805 6.822 6.840 6.859 6.878 6.898 6.919 6.939 6.957 6.975 6.992 7.006 7.017
5.940 5.953 5.966 5.980 5.995 6.011 6.027 6.043 6.060 6.077 6.094 6.111 6.128 6.145 6.161 6.178 6.194 6.210 6.226 6.241 6.257 6.271 6.286 6.300 6.313 6.326 6.339 6.352 6.365 6.378 6.391 6.404 6.417 6.430 6.443 6.455 6.468 6.481 6.493 6.506 6.519 6.531 6.545 6.558 6.572 6.586 6.600 6.613 6.626 6.640 6.655 6.669 6.683 6.697 6.711 6.725 6.739 6.752 6.766 6.780 6.795 6.810 6.826 6.843 6.861 6.880 6.900 6.921 6.942 6.963 6.982 7.001 7.019 7.033 7.045
5.954 5.966 5.978 5.991 6.006 6.021 6.036 6.052 6.068 6.084 6.101 6.118 6.135 6.152 6.168 6.185 6.201 6.218 6.234 6.249 6.265 6.280 6.294 6.309 6.322 6.335 6.348 6.361 6.375 6.388 6.401 6.414 6.427 6.440 6.453 6.466 6.479 6.492 6.505 6.517 6.530 6.543 6.557 6.570 6.584 6.598 6.613 6.626 6.640 6.654 6.669 6.684 6.699 6.714 6.729 6.743 6.757 6.772 6.786 6.800 6.815 6.831 6.847 6.865 6.883 6.903 6.923 6.944 6.966 6.988 7.008 7.027 7.046 7.061 7.073
5.969 5.980 5.991 6.004 6.017 6.032 6.046 6.062 6.077 6.093 6.110 6.126 6.143 6.160 6.176 6.193 6.209 6.226 6.242 6.258 6.273 6.289 6.304 6.318 6.332 6.345 6.358 6.372 6.385 6.399 6.412 6.425 6.439 6.452 6.465 6.478 6.491 6.504 6.517 6.530 6.543 6.556 6.570 6.583 6.597 6.612 6.626 6.640 6.654 6.669 6.684 6.699 6.715 6.731 6.746 6.761 6.776 6.791 6.806 6.821 6.836 6.852 6.869 6.887 6.906 6.925 6.946 6.968 6.991 7.013 7.034 7.054 7.073 7.089 7.101
5.985 5.996 6.006 6.018 6.031 6.044 6.058 6.072 6.088 6.103 6.119 6.135 6.152 6.168 6.185 6.202 6.218 6.234 6.251 6.267 6.283 6.298 6.313 6.328 6.342 6.355 6.369 6.383 6.396 6.410 6.423 6.437 6.450 6.464 6.477 6.490 6.504 6.517 6.530 6.543 6.556 6.570 6.583 6.597 6.612 6.626 6.640 6.654 6.669 6.684 6.699 6.715 6.731 6.747 6.764 6.779 6.795 6.811 6.826 6.842 6.858 6.874 6.891 6.909 6.929 6.949 6.970 6.992 7.015 7.038 7.060 7.081 7.100 7.116 7.129
6.003 6.013 6.022 6.033 6.045 6.058 6.071 6.085 6.099 6.114 6.130 6.145 6.161 6.178 6.194 6.211 6.227 6.244 6.260 6.276 6.292 6.308 6.324 6.339 6.353 6.366 6.380 6.394 6.408 6.422 6.436 6.449 6.463 6.476 6.490 6.504 6.517 6.530 6.544 6.557 6.571 6.584 6.598 6.612 6.626 6.641 6.655 6.669 6.684 6.699 6.715 6.732 6.748 6.765 6.781 6.798 6.814 6.831 6.847 6.863 6.879 6.896 6.914 6.932 6.952 6.972 6.994 7.017 7.040 7.063 7.086 7.107 7.127 7.144 7.157
6.023 6.031 6.040 6.050 6.061 6.073 6.085 6.098 6.112 6.126 6.141 6.156 6.172 6.188 6.204 6.221 6.237 6.254 6.270 6.287 6.303 6.319 6.334 6.350 6.364 6.378 6.392 6.406 6.420 6.434 6.448 6.462 6.476 6.490 6.503 6.517 6.531 6.544 6.558 6.572 6.585 6.599 6.613 6.627 6.642 6.656 6.671 6.685 6.700 6.715 6.732 6.748 6.765 6.782 6.799 6.816 6.834 6.850 6.867 6.884 6.901 6.919 6.937 6.955 6.975 6.996 7.018 7.041 7.065 7.088 7.111 7.134 7.154 7.172 7.185
6.044 6.051 6.059 6.068 6.078 6.089 6.101 6.113 6.126 6.140 6.154 6.169 6.184 6.199 6.215 6.232 6.248 6.264 6.281 6.297 6.313 6.330 6.346 6.361 6.375 6.389 6.403 6.418 6.432 6.447 6.461 6.475 6.489 6.503 6.517 6.531 6.545 6.559 6.573 6.587 6.601 6.615 6.629 6.643 6.658 6.673 6.687 6.701 6.716 6.732 6.748 6.765 6.782 6.800 6.818 6.835 6.853 6.870 6.888 6.905 6.923 6.941 6.959 6.978 6.998 7.020 7.042 7.065 7.089 7.113 7.137 7.159 7.181 7.199 7.212
6.067 6.073 6.080 6.088 6.097 6.107 6.118 6.129 6.141 6.154 6.168 6.182 6.196 6.212 6.227 6.243 6.259 6.276 6.292 6.308 6.325 6.341 6.357 6.373 6.387 6.401 6.416 6.430 6.445 6.459 6.474 6.488 6.503 6.517 6.531 6.545 6.560 6.574 6.588 6.602 6.616 6.630 6.645 6.659 6.674 6.689 6.704 6.718 6.733 6.749 6.766 6.783 6.800 6.818 6.836 6.854 6.872 6.891 6.909 6.927 6.945 6.963 6.982 7.001 7.022 7.043 7.065 7.089 7.113 7.138 7.162 7.185 7.207 7.226 7.239
6.092 6.097 6.103 6.110 6.118 6.127 6.136 6.147 6.158 6.170 6.183 6.196 6.210 6.225 6.240 6.255 6.271 6.287 6.304 6.320 6.336 6.353 6.369 6.384 6.399 6.413 6.428 6.443 6.458 6.472 6.487 6.502 6.516 6.531 6.545 6.560 6.574 6.589 6.603 6.618 6.632 6.647 6.661 6.676 6.691 6.706 6.721 6.735 6.751 6.767 6.783 6.801 6.818 6.837 6.855 6.874 6.892 6.911 6.929 6.948 6.966 6.985 7.004 7.024 7.044 7.066 7.088 7.112 7.137 7.162 7.186 7.210 7.233 7.252 7.265
6.119 6.123 6.127 6.133 6.140 6.148 6.156 6.166 6.176 6.187 6.199 6.212 6.225 6.239 6.253 6.269 6.284 6.300 6.316 6.332 6.348 6.365 6.381 6.396 6.411 6.426 6.441 6.456 6.471 6.486 6.500 6.515 6.530 6.545 6.559 6.574 6.589 6.604 6.618 6.633 6.648 6.663 6.678 6.693 6.708 6.724 6.739 6.753 6.769 6.785 6.801 6.819 6.837 6.855 6.874 6.893 6.912 6.931 6.950 6.969 6.988 7.007 7.026 7.046 7.067 7.089 7.111 7.135 7.160 7.185 7.210 7.234 7.257 7.277 7.291
6.148 6.150 6.154 6.158 6.164 6.171 6.178 6.186 6.196 6.206 6.217 6.228 6.241 6.254 6.268 6.283 6.298 6.313 6.329 6.345 6.361 6.377 6.394 6.409 6.423 6.438 6.454 6.469 6.484 6.499 6.514 6.529 6.544 6.559 6.573 6.588 6.603 6.618 6.634 6.649 6.664 6.679 6.694 6.710 6.725 6.741 6.756 6.771 6.787 6.803 6.820 6.837 6.856 6.874 6.893 6.912 6.932 6.951 6.970 6.990 7.009 7.029 7.048 7.068 7.089 7.111 7.134 7.158 7.183 7.208 7.233 7.258 7.281 7.301 7.314
