TsunamiDB/out54144.asc
ncols          264
nrows          230
xllcorner      497853.4375
yllcorner      4229146.0000
cellsize         5.
NODATA_value   -99
[rows 136 to 169 of 230, columns 0 to 76 of 264]
5.994 6.016 6.037 6.058 6.078 6.097 6.115 6.133 6.148 6.162 6.175 6.188 6.200 6.211 6.223 6.234 6.244 6.255 6.265 6.275 6.285 6.295 6.304 6.313 6.322 6.331 6.340 6.349 6.357 6.366 6.375 6.383 6.389 6.396 6.402 6.408 6.414 6.420 6.426 6.432 6.438 6.444 6.449 6.455 6.461 6.466 6.472 6.477 6.482 6.488 6.494 6.499 6.505 6.512 6.518 6.523 6.528 6.533 6.539 6.545 6.551 6.557 6.564 6.571 6.578 6.586 6.594 6.602 6.611 6.620 6.629 6.639 6.649 6.659 6.669 6.680 6.691
5.988 6.010 6.032 6.054 6.075 6.096 6.115 6.134 6.151 6.167 6.181 6.195 6.208 6.221 6.233 6.245 6.256 6.267 6.277 6.287 6.297 6.307 6.317 6.326 6.336 6.345 6.354 6.362 6.371 6.380 6.389 6.397 6.403 6.410 6.416 6.423 6.429 6.435 6.441 6.447 6.453 6.459 6.464 6.470 6.475 6.481 6.486 6.491 6.497 6.502 6.508 6.513 6.519 6.525 6.531 6.536 6.541 6.546 6.551 6.556 6.562 6.568 6.574 6.581 6.588 6.595 6.603 6.611 6.619 6.628 6.637 6.646 6.656 6.666 6.676 6.687 6.698
5.981 6.002 6.025 6.047 6.069 6.090 6.112 6.132 6.151 6.168 6.184 6.199 6.214 6.228 6.241 6.254 6.266 6.277 6.288 6.299 6.309 6.319 6.329 6.339 6.348 6.357 6.367 6.376 6.384 6.393 6.402 6.410 6.417 6.424 6.430 6.437 6.443 6.449 6.456 6.462 6.467 6.473 6.479 6.484 6.490 6.495 6.500 6.506 6.511 6.516 6.521 6.527 6.532 6.538 6.544 6.549 6.553 6.558 6.563 6.568 6.574 6.579 6.585 6.591 6.598 6.605 6.612 6.620 6.628 6.636 6.644 6.653 6.663 6.672 6.683 6.693 6.704
5.974 5.995 6.016 6.038 6.060 6.082 6.104 6.126 6.146 6.165 6.183 6.200 6.216 6.232 6.246 6.260 6.273 6.286 6.297 6.309 6.320 6.330 6.340 6.350 6.360 6.369 6.379 6.388 6.397 6.406 6.415 6.423 6.430 6.437 6.444 6.451 6.457 6.463 6.470 6.476 6.482 6.488 6.493 6.499 6.504 6.509 6.515 6.520 6.525 6.530 6.535 6.541 6.546 6.552 6.557 6.562 6.566 6.571 6.575 6.580 6.585 6.591 6.596 6.602 6.608 6.615 6.622 6.629 6.636 6.644 6.652 6.661 6.670 6.679 6.689 6.700 6.711
5.969 5.988 6.008 6.029 6.051 6.073 6.095 6.117 6.139 6.159 6.178 6.197 6.215 6.232 6.248 6.263 6.278 6.291 6.304 6.317 6.328 6.339 6.350 6.361 6.371 6.380 6.390 6.400 6.409 6.418 6.427 6.435 6.443 6.450 6.457 6.464 6.470 6.477 6.483 6.490 6.496 6.502 6.507 6.513 6.518 6.524 6.529 6.534 6.539 6.544 6.549 6.554 6.560 6.565 6.570 6.575 6.579 6.583 6.588 6.592 6.597 6.602 6.608 6.613 6.619 6.625 6.631 6.638 6.645 6.653 6.661 6.669 6.678 6.687 6.696 6.706 6.717
5.967 5.984 6.002 6.022 6.042 6.063 6.084 6.107 6.128 6.149 6.170 6.190 6.209 6.228 6.246 6.263 6.279 6.294 6.309 6.322 6.335 6.347 6.358 6.369 6.380 6.390 6.400 6.410 6.420 6.429 6.438 6.447 6.455 6.462 6.469 6.476 6.483 6.490 6.496 6.503 6.509 6.515 6.521 6.527 6.532 6.537 6.543 6.548 6.553 6.558 6.563 6.568 6.573 6.579 6.584 6.588 6.592 6.596 6.600 6.605 6.609 6.614 6.619 6.624 6.630 6.635 6.642 6.648 6.655 6.662 6.669 6.677 6.685 6.694 6.703 6.713 6.723
5.968 5.983 5.999 6.016 6.035 6.054 6.074 6.096 6.117 6.137 6.158 6.179 6.200 6.220 6.240 6.259 6.277 6.293 6.309 6.324 6.338 6.352 6.364 6.376 6.388 6.399 6.409 6.419 6.429 6.439 6.449 6.458 6.466 6.473 6.481 6.488 6.495 6.502 6.509 6.515 6.522 6.528 6.534 6.540 6.545 6.551 6.556 6.561 6.567 6.572 6.577 6.582 6.587 6.592 6.597 6.601 6.605 6.609 6.613 6.617 6.621 6.626 6.631 6.635 6.641 6.646 6.652 6.658 6.664 6.671 6.678 6.685 6.693 6.701 6.710 6.719 6.729
5.973 5.986 5.999 6.014 6.030 6.048 6.066 6.086 6.106 6.125 6.146 6.167 6.188 6.209 6.230 6.250 6.270 6.288 6.306 6.323 6.339 6.353 6.367 6.381 6.393 6.405 6.416 6.427 6.438 6.448 6.458 6.467 6.475 6.483 6.491 6.499 6.506 6.513 6.520 6.527 6.534 6.540 6.547 6.553 6.558 6.564 6.569 6.575 6.580 6.585 6.590 6.595 6.600 6.605 6.610 6.614 6.617 6.621 6.625 6.629 6.633 6.638 6.642 6.647 6.652 6.657 6.662 6.668 6.674 6.680 6.687 6.694 6.701 6.709 6.717 6.726 6.736
5.981 5.991 6.003 6.016 6.029 6.044 6.061 6.078 6.096 6.114 6.134 6.154 6.175 6.196 6.217 6.238 6.259 6.279 6.299 6.317 6.335 6.351 6.367 6.382 6.395 6.409 6.421 6.433 6.444 6.455 6.466 6.475 6.484 6.492 6.501 6.508 6.516 6.524 6.531 6.538 6.545 6.552 6.558 6.565 6.571 6.576 6.582 6.587 6.593 6.598 6.603 6.608 6.613 6.618 6.623 6.626 6.630 6.634 6.638 6.641 6.645 6.650 6.654 6.658 6.663 6.668 6.673 6.678 6.684 6.690 6.696 6.702 6.709 6.717 6.725 6.733 6.742
5.992 6.000 6.010 6.021 6.032 6.045 6.059 6.074 6.090 6.106 6.123 6.142 6.162 6.182 6.203 6.224 6.246 6.267 6.287 6.307 6.327 6.345 6.362 6.379 6.394 6.409 6.423 6.436 6.448 6.460 6.472 6.482 6.491 6.500 6.509 6.517 6.525 6.533 6.541 6.548 6.556 6.563 6.569 6.576 6.582 6.588 6.594 6.600 6.605 6.610 6.615 6.620 6.625 6.631 6.635 6.639 6.643 6.646 6.650 6.654 6.657 6.661 6.665 6.670 6.674 6.679 6.683 6.688 6.694 6.699 6.705 6.711 6.718 6.725 6.732 6.740 6.749
6.005 6.012 6.020 6.029 6.038 6.049 6.061 6.074 6.087 6.101 6.116 6.133 6.150 6.169 6.189 6.210 6.231 6.252 6.273 6.294 6.315 6.335 6.354 6.372 6.389 6.406 6.421 6.436 6.449 6.463 6.475 6.487 6.497 6.506 6.516 6.524 6.533 6.541 6.550 6.557 6.565 6.572 6.579 6.586 6.593 6.599 6.605 6.611 6.617 6.622 6.627 6.632 6.637 6.643 6.647 6.651 6.655 6.658 6.662 6.666 6.669 6.673 6.677 6.681 6.685 6.690 6.694 6.699 6.704 6.709 6.715 6.720 6.727 6.733 6.740 6.748 6.756
6.020 6.026 6.033 6.040 6.048 6.057 6.066 6.077 6.088 6.099 6.112 6.127 6.142 6.159 6.177 6.196 6.216 6.236 6.257 6.279 6.300 6.321 6.341 6.361 6.380 6.398 6.415 6.432 6.447 6.462 6.476 6.489 6.500 6.510 6.520 6.530 6.539 6.548 6.557 6.565 6.573 6.581 6.589 6.596 6.603 6.609 6.616 6.622 6.627 6.633 6.639 6.644 6.649 6.654 6.659 6.663 6.667 6.670 6.674 6.677 6.681 6.685 6.689 6.692 6.696 6.701 6.705 6.709 6.714 6.719 6.724 6.730 6.735 6.742 6.748 6.755 6.763
6.036 6.042 6.048 6.054 6.060 6.067 6.075 6.084 6.093 6.102 6.112 6.124 6.138 6.152 6.168 6.185 6.203 6.222 6.242 6.262 6.283 6.304 6.325 6.346 6.366 6.386 6.405 6.423 6.441 6.457 6.473 6.487 6.500 6.512 6.523 6.533 6.544 6.553 6.563 6.572 6.580 6.589 6.597 6.604 6.611 6.618 6.625 6.631 6.638 6.643 6.649 6.655 6.660 6.666 6.670 6.674 6.678 6.682 6.685 6.689 6.692 6.696 6.700 6.704 6.707 6.712 6.716 6.720 6.724 6.729 6.734 6.739 6.744 6.750 6.756 6.763 6.770
6.053 6.058 6.064 6.069 6.074 6.081 6.087 6.094 6.101 6.108 6.116 6.126 6.137 6.149 6.163 6.177 6.193 6.210 6.228 6.247 6.267 6.287 6.308 6.329 6.350 6.371 6.391 6.411 6.430 6.448 6.466 6.482 6.496 6.509 6.522 6.534 6.545 6.556 6.567 6.576 6.586 6.595 6.603 6.611 6.619 6.626 6.634 6.640 6.647 6.653 6.659 6.665 6.670 6.676 6.681 6.685 6.689 6.693 6.696 6.700 6.703 6.707 6.711 6.715 6.718 6.722 6.726 6.730 6.735 6.739 6.744 6.748 6.753 6.759 6.765 6.771 6.778
6.069 6.075 6.080 6.085 6.090 6.095 6.101 6.106 6.111 6.117 6.124 6.132 6.140 6.150 6.161 6.174 6.187 6.202 6.218 6.235 6.253 6.272 6.291 6.311 6.332 6.353 6.374 6.395 6.415 6.435 6.454 6.472 6.488 6.503 6.518 6.531 6.544 6.556 6.568 6.579 6.589 6.599 6.608 6.617 6.625 6.633 6.641 6.648 6.655 6.662 6.668 6.674 6.680 6.686 6.691 6.695 6.699 6.703 6.707 6.710 6.714 6.718 6.721 6.725 6.729 6.733 6.737 6.741 6.745 6.749 6.753 6.758 6.762 6.768 6.773 6.779 6.785
6.085 6.091 6.096 6.101 6.106 6.111 6.116 6.121 6.124 6.129 6.134 6.140 6.147 6.155 6.164 6.174 6.185 6.198 6.211 6.226 6.242 6.259 6.277 6.295 6.315 6.335 6.355 6.376 6.397 6.418 6.439 6.458 6.476 6.493 6.509 6.524 6.539 6.553 6.566 6.578 6.590 6.601 6.611 6.621 6.630 6.638 6.647 6.654 6.662 6.669 6.676 6.682 6.689 6.695 6.700 6.705 6.709 6.713 6.717 6.721 6.724 6.728 6.732 6.735 6.739 6.743 6.747 6.751 6.754 6.758 6.763 6.767 6.771 6.776 6.781 6.787 6.793
6.099 6.106 6.112 6.117 6.122 6.127 6.132 6.136 6.139 6.143 6.147 6.151 6.157 6.163 6.170 6.178 6.187 6.198 6.209 6.221 6.235 6.250 6.265 6.282 6.300 6.318 6.338 6.358 6.378 6.399 6.420 6.440 6.459 6.478 6.496 6.513 6.529 6.545 6.560 6.574 6.587 6.599 6.611 6.622 6.632 6.642 6.651 6.659 6.667 6.675 6.682 6.689 6.696 6.703 6.709 6.713 6.718 6.722 6.726 6.730 6.734 6.738 6.741 6.745 6.749 6.753 6.756 6.760 6.764 6.768 6.772 6.776 6.780 6.785 6.790 6.795 6.801
6.113 6.120 6.126 6.132 6.138 6.143 6.148 6.151 6.154 6.158 6.161 6.164 6.169 6.173 6.179 6.185 6.193 6.201 6.210 6.221 6.232 6.244 6.258 6.272 6.288 6.305 6.322 6.341 6.360 6.381 6.401 6.420 6.440 6.459 6.478 6.497 6.515 6.533 6.549 6.565 6.580 6.594 6.607 6.620 6.631 6.642 6.652 6.662 6.671 6.679 6.687 6.695 6.703 6.710 6.716 6.721 6.726 6.730 6.735 6.739 6.743 6.747 6.751 6.754 6.758 6.762 6.766 6.769 6.773 6.777 6.781 6.785 6.789 6.793 6.798 6.803 6.809
6.124 6.132 6.139 6.146 6.152 6.158 6.163 6.167 6.170 6.173 6.176 6.179 6.182 6.186 6.190 6.195 6.201 6.207 6.215 6.223 6.233 6.243 6.254 6.267 6.280 6.295 6.310 6.327 6.345 6.363 6.382 6.401 6.420 6.439 6.459 6.478 6.497 6.516 6.534 6.552 6.569 6.585 6.600 6.614 6.627 6.639 6.651 6.662 6.672 6.682 6.691 6.699 6.707 6.715 6.722 6.727 6.733 6.738 6.742 6.747 6.751 6.755 6.759 6.763 6.767 6.771 6.775 6.778 6.782 6.786 6.790 6.793 6.797 6.802 6.806 6.811 6.816
6.135 6.143 6.151 6.159 6.165 6.171 6.177 6.182 6.185 6.188 6.191 6.194 6.197 6.200 6.203 6.207 6.212 6.217 6.223 6.229 6.237 6.245 6.255 6.265 6.277 6.289 6.302 6.317 6.333 6.349 6.366 6.383 6.401 6.419 6.438 6.458 6.477 6.497 6.516 6.535 6.553 6.571 6.588 6.604 6.619 6.633 6.646 6.659 6.670 6.681 6.691 6.701 6.710 6.719 6.726 6.732 6.738 6.744 6.749 6.754 6.758 6.763 6.767 6.771 6.775 6.779 6.783 6.787 6.790 6.794 6.798 6.802 6.806 6.810 6.814 6.819 6.824
6.144 6.153 6.162 6.170 6.177 6.184 6.191 6.196 6.200 6.203 6.207 6.209 6.212 6.215 6.218 6.221 6.224 6.228 6.233 6.238 6.244 6.251 6.258 6.267 6.276 6.287 6.298 6.311 6.324 6.339 6.354 6.369 6.385 6.402 6.419 6.438 6.456 6.476 6.495 6.515 6.534 6.553 6.571 6.589 6.606 6.622 6.637 6.651 6.665 6.677 6.689 6.700 6.711 6.720 6.728 6.735 6.742 6.748 6.754 6.759 6.764 6.769 6.774 6.778 6.782 6.787 6.791 6.794 6.798 6.802 6.806 6.809 6.813 6.817 6.821 6.826 6.831
6.153 6.162 6.171 6.180 6.188 6.196 6.203 6.209 6.214 6.218 6.221 6.224 6.227 6.230 6.232 6.235 6.238 6.241 6.244 6.248 6.253 6.258 6.265 6.272 6.279 6.288 6.298 6.308 6.320 6.333 6.346 6.359 6.373 6.388 6.403 6.420 6.437 6.455 6.474 6.493 6.513 6.532 6.551 6.570 6.589 6.606 6.623 6.639 6.655 6.669 6.682 6.695 6.707 6.718 6.727 6.736 6.744 6.751 6.757 6.763 6.769 6.774 6.779 6.784 6.789 6.793 6.797 6.801 6.805 6.809 6.813 6.817 6.821 6.825 6.829 6.833 6.838
6.160 6.170 6.180 6.189 6.198 6.206 6.214 6.221 6.226 6.231 6.235 6.239 6.242 6.245 6.247 6.250 6.252 6.255 6.258 6.261 6.264 6.268 6.273 6.279 6.285 6.292 6.300 6.309 6.319 6.330 6.341 6.352 6.364 6.377 6.391 6.406 6.421 6.438 6.455 6.473 6.492 6.511 6.530 6.549 6.568 6.587 6.605 6.623 6.640 6.656 6.672 6.686 6.700 6.713 6.724 6.733 6.742 6.751 6.758 6.765 6.772 6.778 6.784 6.789 6.794 6.799 6.803 6.808 6.812 6.816 6.820 6.824 6.827 6.831 6.836 6.840 6.844
6.167 6.177 6.188 6.197 6.207 6.215 6.224 6.231 6.237 6.243 6.248 6.252 6.256 6.259 6.262 6.265 6.267 6.269 6.272 6.274 6.277 6.280 6.284 6.288 6.293 6.299 6.306 6.313 6.321 6.331 6.340 6.350 6.360 6.371 6.383 6.396 6.409 6.424 6.439 6.455 6.473 6.490 6.509 6.527 6.546 6.566 6.585 6.603 6.622 6.640 6.657 6.673 6.689 6.703 6.716 6.727 6.738 6.748 6.757 6.765 6.772 6.779 6.786 6.792 6.798 6.803 6.808 6.813 6.817 6.821 6.825 6.829 6.833 6.838 6.842 6.846 6.850
6.173 6.184 6.195 6.205 6.214 6.224 6.233 6.241 6.248 6.254 6.259 6.264 6.269 6.273 6.276 6.279 6.282 6.284 6.286 6.288 6.291 6.293 6.296 6.299 6.303 6.308 6.313 6.319 6.326 6.334 6.342 6.350 6.359 6.368 6.378 6.389 6.401 6.414 6.427 6.442 6.457 6.473 6.490 6.507 6.525 6.544 6.563 6.582 6.601 6.619 6.638 6.656 6.673 6.689 6.704 6.717 6.729 6.741 6.751 6.761 6.770 6.778 6.786 6.793 6.799 6.805 6.811 6.816 6.821 6.826 6.830 6.834 6.839 6.843 6.847 6.852 6.856
6.179 6.190 6.201 6.212 6.222 6.232 6.241 6.250 6.257 6.264 6.270 6.276 6.281 6.285 6.289 6.293 6.296 6.299 6.301 6.303 6.305 6.307 6.309 6.311 6.314 6.318 6.322 6.327 6.333 6.340 6.346 6.353 6.360 6.368 6.377 6.387 6.397 6.408 6.419 6.432 6.445 6.459 6.474 6.490 6.507 6.524 6.542 6.560 6.579 6.598 6.616 6.635 6.654 6.671 6.687 6.702 6.717 6.730 6.742 6.754 6.764 6.774 6.783 6.791 6.799 6.806 6.812 6.818 6.824 6.829 6.834 6.838 6.843 6.847 6.852 6.856 6.860
6.185 6.196 6.207 6.218 6.228 6.239 6.249 6.258 6.265 6.273 6.279 6.286 6.292 6.297 6.302 6.306 6.310 6.313 6.315 6.317 6.319 6.321 6.323 6.325 6.327 6.329 6.333 6.337 6.341 6.347 6.353 6.358 6.364 6.371 6.379 6.387 6.395 6.405 6.415 6.426 6.437 6.450 6.463 6.477 6.492 6.507 6.523 6.540 6.558 6.576 6.594 6.613 6.632 6.650 6.668 6.684 6.700 6.715 6.729 6.742 6.754 6.766 6.776 6.786 6.795 6.803 6.811 6.818 6.824 6.830 6.835 6.841 6.846 6.850 6.855 6.860 6.864
6.190 6.201 6.213 6.224 6.235 6.245 6.256 6.265 6.273 6.281 6.288 6.295 6.302 6.308 6.313 6.318 6.322 6.326 6.329 6.331 6.333 6.335 6.337 6.338 6.340 6.342 6.345 6.348 6.351 6.356 6.360 6.365 6.370 6.376 6.382 6.389 6.397 6.405 6.414 6.423 6.433 6.444 6.456 6.468 6.481 6.494 6.509 6.524 6.540 6.557 6.574 6.592 6.610 6.629 6.646 6.663 6.680 6.696 6.712 6.727 6.741 6.754 6.766 6.777 6.788 6.797 6.806 6.814 6.822 6.829 6.835 6.841 6.847 6.852 6.857 6.862 6.867
6.195 6.206 6.218 6.229 6.240 6.251 6.262 6.272 6.280 6.289 6.296 6.304 6.311 6.318 6.324 6.329 6.334 6.338 6.342 6.345 6.347 6.349 6.351 6.352 6.354 6.355 6.357 6.360 6.362 6.366 6.370 6.373 6.377 6.382 6.388 6.394 6.400 6.407 6.415 6.423 6.432 6.442 6.452 6.462 6.473 6.485 6.498 6.511 6.526 6.541 6.556 6.573 6.591 6.608 6.625 6.642 6.659 6.676 6.692 6.708 6.723 6.738 6.752 6.765 6.777 6.788 6.798 6.808 6.817 6.825 6.832 6.839 6.846 6.852 6.857 6.863 6.868
6.199 6.211 6.223 6.235 6.246 6.257 6.268 6.278 6.287 6.296 6.304 6.312 6.320 6.327 6.333 6.340 6.345 6.350 6.354 6.358 6.361 6.363 6.365 6.366 6.368 6.369 6.371 6.372 6.375 6.377 6.380 6.383 6.386 6.390 6.394 6.399 6.405 6.411 6.418 6.426 6.433 6.442 6.451 6.460 6.470 6.480 6.491 6.503 6.515 6.529 6.543 6.558 6.574 6.590 6.605 6.622 6.638 6.655 6.671 6.688 6.704 6.719 6.735 6.749 6.762 6.775 6.787 6.798 6.808 6.818 6.827 6.835 6.842 6.849 6.855 6.862 6.868
6.204 6.216 6.228 6.239 6.251 6.263 6.274 6.284 6.293 6.302 6.311 6.319 6.327 6.335 6.342 6.349 6.355 6.361 6.366 6.370 6.373 6.376 6.378 6.380 6.382 6.383 6.384 6.386 6.387 6.390 6.392 6.393 6.396 6.399 6.402 6.407 6.412 6.417 6.423 6.430 6.437 6.444 6.452 6.460 6.469 6.478 6.488 6.498 6.509 6.520 6.533 6.546 6.560 6.575 6.589 6.604 6.619 6.635 6.651 6.667 6.684 6.700 6.715 6.731 6.745 6.759 6.773 6.785 6.797 6.808 6.818 6.827 6.836 6.844 6.851 6.858 6.865
6.208 6.220 6.232 6.244 6.256 6.268 6.279 6.289 6.299 6.308 6.317 6.326 6.335 6.343 6.350 6.358 6.364 6.371 6.376 6.381 6.385 6.389 6.391 6.394 6.395 6.397 6.398 6.399 6.401 6.403 6.404 6.405 6.406 6.409 6.411 6.415 6.419 6.424 6.429 6.435 6.441 6.448 6.455 6.462 6.470 6.478 6.487 6.496 6.505 6.516 6.527 6.538 6.551 6.564 6.576 6.590 6.604 6.618 6.633 6.649 6.664 6.680 6.696 6.711 6.727 6.742 6.756 6.770 6.782 6.795 6.806 6.817 6.826 6.836 6.844 6.853 6.860
6.211 6.224 6.236 6.248 6.260 6.273 6.284 6.294 6.304 6.314 6.323 6.332 6.341 6.350 6.358 6.366 6.373 6.380 6.386 6.391 6.396 6.400 6.404 6.407 6.409 6.411 6.412 6.413 6.415 6.416 6.417 6.417 6.418 6.419 6.421 6.424 6.427 6.431 6.436 6.441 6.447 6.453 6.459 6.466 6.473 6.480 6.488 6.496 6.505 6.514 6.523 6.534 6.545 6.556 6.567 6.579 6.592 6.605 6.618 6.633 6.647 6.662 6.677 6.693 6.708 6.723 6.738 6.752 6.766 6.779 6.792 6.804 6.815 6.825 6.835 6.844 6.853
6.215 6.228 6.240 6.252 6.264 6.277 6.288 6.298 6.309 6.319 6.328 6.338 6.347 6.356 6.365 6.373 6.381 6.388 6.395 6.401 6.406 6.411 6.415 6.419 6.422 6.424 6.426 6.427 6.428 6.430 6.430 6.430 6.430 6.431 6.432 6.434 6.437 6.440 6.444 6.448 6.453 6.459 6.465 6.471 6.477 6.484 6.491 6.498 6.506 6.514 6.523 6.532 6.542 6.552 6.562 6.572 6.583 6.595 6.607 6.620 6.633 6.647 6.661 6.676 6.691 6.705 6.720 6.735 6.749 6.763 6.776 6.789 6.801 6.812 6.823 6.834 6.843
