TsunamiDB/out54119.asc
ncols          264
nrows          230
xllcorner      497853.4375
yllcorner      4229146.0000
cellsize         5.
NODATA_value   -99
[rows 68 to 101 of 230, columns 154 to 230 of 264]
6.579 6.586 6.594 6.602 6.611 6.619 6.628 6.637 6.645 6.654 6.662 6.671 6.679 6.687 6.695 6.703 6.710 6.718 6.725 6.732 6.738 6.743 6.748 6.752 6.756 6.760 6.763 6.766 6.769 6.772 6.775 6.777 6.779 6.782 6.784 6.786 6.789 6.792 6.794 6.798 6.801 6.805 6.809 6.813 6.817 6.821 6.825 6.829 6.834 6.839 6.844 6.850 6.856 6.862 6.868 6.875 6.882 6.889 6.897 6.905 6.913 6.922 6.931 6.941 6.951 6.962 6.973 6.984 6.995 7.004 7.009 7.009 7.008 7.013 7.021 7.031 7.051
6.584 6.591 6.599 6.607 6.616 6.624 6.633 6.641 6.650 6.659 6.667 6.676 6.684 6.693 6.701 6.709 6.716 6.724 6.732 6.739 6.745 6.750 6.755 6.760 6.764 6.768 6.772 6.775 6.779 6.782 6.784 6.787 6.789 6.792 6.794 6.797 6.800 6.802 6.805 6.809 6.812 6.816 6.821 6.824 6.828 6.832 6.837 6.842 6.846 6.852 6.857 6.863 6.869 6.875 6.882 6.889 6.897 6.904 6.912 6.920 6.929 6.938 6.948 6.958 6.969 6.980 6.991 7.002 7.014 7.023 7.028 7.028 7.028 7.033 7.040 7.051 7.071
6.589 6.596 6.604 6.612 6.620 6.629 6.637 6.646 6.655 6.663 6.672 6.681 6.689 6.698 6.706 6.714 6.722 6.730 6.738 6.745 6.751 6.757 6.763 6.768 6.772 6.777 6.781 6.784 6.788 6.791 6.794 6.797 6.800 6.802 6.805 6.808 6.810 6.813 6.816 6.820 6.824 6.828 6.832 6.836 6.840 6.845 6.849 6.854 6.859 6.865 6.870 6.876 6.883 6.890 6.897 6.904 6.912 6.919 6.928 6.936 6.945 6.955 6.965 6.975 6.987 6.998 7.009 7.021 7.032 7.042 7.048 7.048 7.048 7.053 7.061 7.072 7.092
6.595 6.602 6.609 6.617 6.625 6.633 6.642 6.651 6.659 6.668 6.677 6.686 6.694 6.703 6.711 6.720 6.728 6.736 6.744 6.752 6.758 6.764 6.770 6.775 6.780 6.785 6.789 6.793 6.797 6.800 6.804 6.807 6.810 6.813 6.815 6.818 6.821 6.824 6.828 6.831 6.835 6.840 6.844 6.848 6.853 6.857 6.862 6.867 6.872 6.878 6.884 6.890 6.897 6.904 6.911 6.919 6.927 6.935 6.944 6.953 6.962 6.972 6.982 6.993 7.005 7.016 7.028 7.039 7.051 7.062 7.068 7.068 7.068 7.074 7.082 7.093 7.113
6.600 6.607 6.614 6.622 6.630 6.638 6.647 6.655 6.664 6.673 6.682 6.690 6.699 6.708 6.716 6.725 6.733 6.742 6.750 6.758 6.764 6.771 6.777 6.782 6.788 6.793 6.797 6.802 6.806 6.809 6.813 6.816 6.820 6.823 6.826 6.829 6.832 6.836 6.839 6.843 6.847 6.852 6.857 6.861 6.865 6.870 6.875 6.880 6.886 6.892 6.898 6.905 6.912 6.919 6.926 6.934 6.943 6.951 6.960 6.969 6.979 6.989 7.000 7.011 7.023 7.034 7.046 7.058 7.070 7.081 7.087 7.088 7.088 7.094 7.103 7.113 7.134
6.606 6.613 6.620 6.627 6.635 6.643 6.651 6.660 6.669 6.677 6.686 6.695 6.704 6.713 6.721 6.730 6.739 6.747 6.756 6.764 6.771 6.777 6.783 6.789 6.795 6.800 6.805 6.810 6.814 6.819 6.822 6.826 6.830 6.833 6.837 6.840 6.844 6.847 6.851 6.855 6.859 6.864 6.869 6.874 6.878 6.883 6.888 6.894 6.900 6.906 6.912 6.919 6.927 6.934 6.942 6.950 6.959 6.968 6.977 6.986 6.996 7.007 7.017 7.029 7.041 7.052 7.064 7.077 7.089 7.100 7.107 7.108 7.108 7.114 7.124 7.135 7.155
6.612 6.618 6.625 6.632 6.640 6.648 6.656 6.665 6.673 6.682 6.691 6.700 6.709 6.718 6.726 6.735 6.744 6.753 6.761 6.769 6.777 6.784 6.790 6.796 6.802 6.808 6.813 6.818 6.823 6.828 6.832 6.836 6.840 6.844 6.847 6.851 6.855 6.859 6.863 6.867 6.872 6.877 6.882 6.887 6.891 6.897 6.902 6.908 6.914 6.920 6.927 6.934 6.942 6.950 6.958 6.966 6.975 6.984 6.994 7.004 7.014 7.024 7.035 7.047 7.059 7.071 7.083 7.096 7.108 7.119 7.126 7.127 7.128 7.135 7.144 7.156 7.176
6.618 6.624 6.631 6.638 6.645 6.653 6.661 6.670 6.678 6.687 6.696 6.705 6.714 6.723 6.732 6.740 6.749 6.758 6.767 6.775 6.783 6.790 6.797 6.803 6.810 6.815 6.821 6.827 6.832 6.837 6.841 6.846 6.850 6.854 6.858 6.862 6.866 6.870 6.875 6.879 6.884 6.890 6.895 6.900 6.905 6.910 6.916 6.922 6.928 6.935 6.942 6.950 6.957 6.965 6.974 6.983 6.992 7.001 7.011 7.021 7.031 7.042 7.053 7.065 7.077 7.089 7.101 7.114 7.127 7.138 7.145 7.147 7.147 7.155 7.165 7.176 7.196
6.624 6.630 6.637 6.644 6.651 6.659 6.667 6.675 6.683 6.692 6.701 6.710 6.719 6.728 6.737 6.746 6.755 6.764 6.773 6.781 6.789 6.796 6.803 6.810 6.817 6.823 6.829 6.835 6.840 6.845 6.850 6.855 6.860 6.864 6.869 6.873 6.878 6.882 6.887 6.891 6.897 6.903 6.908 6.913 6.918 6.924 6.930 6.936 6.943 6.950 6.957 6.965 6.973 6.981 6.990 6.999 7.008 7.018 7.028 7.038 7.049 7.060 7.071 7.083 7.095 7.107 7.120 7.133 7.146 7.157 7.164 7.165 7.165 7.174 7.184 7.196 7.216
6.631 6.637 6.643 6.650 6.657 6.664 6.672 6.680 6.689 6.697 6.706 6.715 6.724 6.733 6.742 6.751 6.760 6.769 6.779 6.787 6.795 6.803 6.810 6.817 6.824 6.831 6.837 6.843 6.849 6.854 6.860 6.865 6.870 6.875 6.880 6.884 6.889 6.894 6.899 6.904 6.910 6.916 6.921 6.926 6.932 6.938 6.944 6.951 6.958 6.965 6.973 6.981 6.989 6.997 7.006 7.016 7.025 7.035 7.045 7.056 7.066 7.077 7.089 7.100 7.113 7.125 7.138 7.151 7.164 7.175 7.181 7.182 7.184 7.193 7.204 7.216 7.237
6.638 6.643 6.649 6.656 6.663 6.670 6.678 6.686 6.694 6.703 6.712 6.720 6.729 6.738 6.747 6.757 6.766 6.775 6.785 6.793 6.801 6.809 6.817 6.824 6.831 6.838 6.845 6.851 6.857 6.863 6.869 6.875 6.880 6.885 6.890 6.895 6.900 6.905 6.911 6.916 6.922 6.929 6.934 6.940 6.946 6.952 6.959 6.966 6.973 6.980 6.988 6.996 7.005 7.014 7.023 7.032 7.042 7.052 7.063 7.073 7.084 7.095 7.106 7.118 7.130 7.143 7.155 7.168 7.181 7.191 7.198 7.200 7.203 7.213 7.225 7.238 7.260
6.645 6.650 6.656 6.662 6.669 6.676 6.684 6.692 6.700 6.708 6.717 6.726 6.735 6.744 6.753 6.762 6.772 6.781 6.791 6.800 6.808 6.816 6.824 6.831 6.839 6.846 6.853 6.860 6.866 6.872 6.878 6.884 6.890 6.896 6.901 6.907 6.912 6.917 6.923 6.929 6.935 6.942 6.947 6.953 6.960 6.966 6.973 6.980 6.988 6.995 7.003 7.012 7.021 7.030 7.039 7.049 7.059 7.069 7.080 7.091 7.102 7.113 7.124 7.136 7.148 7.160 7.173 7.185 7.197 7.208 7.214 7.218 7.222 7.233 7.246 7.261 7.285
6.652 6.657 6.663 6.669 6.676 6.683 6.690 6.698 6.706 6.714 6.723 6.732 6.741 6.750 6.759 6.768 6.778 6.787 6.797 6.806 6.814 6.823 6.831 6.839 6.846 6.854 6.861 6.868 6.875 6.881 6.888 6.894 6.900 6.906 6.912 6.918 6.923 6.929 6.935 6.941 6.948 6.955 6.961 6.967 6.974 6.980 6.987 6.995 7.002 7.010 7.019 7.027 7.036 7.046 7.055 7.065 7.076 7.086 7.097 7.108 7.119 7.130 7.141 7.153 7.165 7.177 7.189 7.201 7.213 7.223 7.230 7.235 7.241 7.254 7.270 7.287 7.313
6.659 6.664 6.670 6.676 6.682 6.689 6.696 6.704 6.712 6.720 6.729 6.738 6.747 6.756 6.765 6.774 6.784 6.794 6.804 6.813 6.821 6.830 6.838 6.846 6.854 6.862 6.869 6.877 6.884 6.891 6.897 6.904 6.910 6.917 6.923 6.929 6.935 6.941 6.947 6.954 6.961 6.968 6.974 6.981 6.987 6.994 7.002 7.009 7.017 7.025 7.034 7.043 7.052 7.061 7.071 7.082 7.092 7.103 7.114 7.125 7.136 7.147 7.158 7.169 7.181 7.192 7.204 7.216 7.228 7.238 7.247 7.253 7.261 7.276 7.294 7.314 7.342
6.667 6.672 6.677 6.683 6.689 6.696 6.703 6.711 6.719 6.727 6.735 6.744 6.753 6.762 6.771 6.781 6.791 6.801 6.811 6.819 6.828 6.837 6.845 6.854 6.862 6.870 6.878 6.885 6.893 6.900 6.907 6.914 6.921 6.927 6.934 6.940 6.947 6.953 6.960 6.966 6.974 6.981 6.987 6.994 7.001 7.008 7.016 7.024 7.032 7.040 7.049 7.058 7.067 7.077 7.087 7.098 7.108 7.120 7.131 7.142 7.153 7.164 7.174 7.185 7.197 7.207 7.218 7.230 7.242 7.253 7.263 7.271 7.281 7.299 7.318 7.341 7.372
6.674 6.679 6.684 6.690 6.696 6.703 6.710 6.717 6.725 6.733 6.742 6.750 6.759 6.769 6.778 6.788 6.797 6.808 6.817 6.826 6.835 6.844 6.853 6.861 6.870 6.878 6.886 6.894 6.902 6.909 6.917 6.924 6.931 6.938 6.945 6.952 6.958 6.965 6.972 6.979 6.986 6.994 7.000 7.008 7.015 7.022 7.030 7.038 7.046 7.055 7.064 7.073 7.083 7.093 7.103 7.113 7.124 7.136 7.147 7.159 7.170 7.180 7.190 7.201 7.211 7.221 7.232 7.243 7.255 7.268 7.279 7.289 7.302 7.321 7.343 7.368 7.401
6.682 6.686 6.692 6.697 6.703 6.710 6.717 6.724 6.732 6.740 6.748 6.757 6.766 6.775 6.785 6.794 6.804 6.815 6.824 6.834 6.843 6.852 6.861 6.869 6.878 6.886 6.895 6.903 6.911 6.919 6.926 6.934 6.941 6.949 6.956 6.963 6.970 6.977 6.984 6.991 6.999 7.006 7.014 7.021 7.028 7.036 7.044 7.052 7.061 7.069 7.078 7.088 7.098 7.108 7.118 7.129 7.140 7.151 7.163 7.175 7.186 7.196 7.205 7.215 7.225 7.234 7.244 7.256 7.268 7.281 7.294 7.307 7.321 7.342 7.367 7.394 7.429
6.689 6.694 6.699 6.705 6.710 6.717 6.724 6.731 6.739 6.747 6.755 6.764 6.773 6.782 6.792 6.801 6.811 6.822 6.832 6.841 6.850 6.859 6.868 6.877 6.886 6.895 6.903 6.912 6.920 6.928 6.936 6.944 6.952 6.959 6.967 6.974 6.981 6.989 6.996 7.003 7.011 7.019 7.027 7.034 7.042 7.050 7.058 7.066 7.075 7.084 7.093 7.102 7.112 7.123 7.133 7.144 7.155 7.167 7.179 7.190 7.201 7.211 7.219 7.228 7.238 7.246 7.256 7.267 7.280 7.295 7.310 7.325 7.341 7.363 7.389 7.419 7.457
6.697 6.702 6.707 6.712 6.718 6.724 6.731 6.738 6.746 6.754 6.762 6.771 6.780 6.789 6.799 6.808 6.819 6.829 6.839 6.849 6.858 6.867 6.876 6.886 6.895 6.903 6.912 6.921 6.929 6.938 6.946 6.954 6.962 6.970 6.978 6.985 6.993 7.000 7.008 7.016 7.024 7.032 7.039 7.047 7.055 7.063 7.071 7.080 7.089 7.098 7.107 7.117 7.127 7.137 7.148 7.159 7.170 7.182 7.194 7.205 7.216 7.224 7.232 7.241 7.250 7.258 7.268 7.279 7.293 7.309 7.325 7.341 7.359 7.384 7.411 7.444 7.483
6.705 6.709 6.714 6.719 6.725 6.731 6.738 6.745 6.753 6.761 6.769 6.778 6.787 6.796 6.806 6.816 6.826 6.836 6.847 6.856 6.866 6.875 6.885 6.894 6.903 6.912 6.921 6.930 6.939 6.947 6.956 6.964 6.972 6.981 6.988 6.996 7.004 7.012 7.020 7.028 7.036 7.044 7.052 7.060 7.068 7.076 7.085 7.093 7.102 7.111 7.121 7.131 7.141 7.151 7.162 7.173 7.184 7.196 7.208 7.219 7.229 7.238 7.245 7.254 7.262 7.270 7.279 7.291 7.305 7.321 7.338 7.356 7.378 7.404 7.433 7.469 7.511
6.712 6.717 6.722 6.727 6.733 6.739 6.746 6.753 6.760 6.768 6.776 6.785 6.794 6.803 6.813 6.823 6.833 6.844 6.854 6.864 6.874 6.883 6.893 6.902 6.912 6.921 6.930 6.939 6.948 6.957 6.966 6.974 6.983 6.991 6.999 7.007 7.015 7.023 7.032 7.040 7.048 7.057 7.065 7.073 7.081 7.089 7.098 7.107 7.116 7.125 7.134 7.144 7.154 7.165 7.176 7.187 7.198 7.210 7.222 7.233 7.243 7.251 7.258 7.266 7.274 7.281 7.291 7.303 7.317 7.333 7.351 7.372 7.397 7.425 7.456 7.495 7.540
6.720 6.725 6.730 6.735 6.741 6.747 6.753 6.760 6.767 6.775 6.784 6.792 6.801 6.811 6.820 6.830 6.841 6.851 6.862 6.872 6.881 6.891 6.901 6.911 6.920 6.930 6.939 6.948 6.958 6.967 6.976 6.984 6.993 7.002 7.010 7.018 7.027 7.035 7.043 7.052 7.060 7.069 7.077 7.085 7.094 7.102 7.111 7.120 7.129 7.138 7.148 7.158 7.168 7.178 7.189 7.200 7.212 7.224 7.235 7.246 7.256 7.263 7.270 7.278 7.285 7.293 7.302 7.314 7.328 7.344 7.364 7.388 7.417 7.447 7.479 7.523 7.572
6.728 6.733 6.738 6.743 6.748 6.754 6.761 6.768 6.775 6.783 6.791 6.800 6.809 6.818 6.828 6.838 6.848 6.859 6.869 6.879 6.889 6.899 6.909 6.919 6.929 6.939 6.948 6.958 6.967 6.976 6.986 6.995 7.003 7.012 7.021 7.029 7.038 7.046 7.055 7.063 7.072 7.081 7.089 7.098 7.106 7.115 7.123 7.132 7.142 7.151 7.161 7.171 7.181 7.191 7.202 7.214 7.225 7.237 7.248 7.259 7.269 7.276 7.282 7.290 7.297 7.304 7.313 7.325 7.338 7.355 7.377 7.405 7.438 7.470 7.505 7.553 7.605
6.736 6.741 6.746 6.751 6.756 6.762 6.769 6.775 6.783 6.790 6.799 6.807 6.816 6.825 6.835 6.845 6.856 6.866 6.877 6.887 6.897 6.907 6.918 6.928 6.938 6.947 6.957 6.967 6.977 6.986 6.995 7.005 7.014 7.023 7.032 7.040 7.049 7.058 7.066 7.075 7.084 7.093 7.101 7.110 7.118 7.127 7.136 7.145 7.154 7.164 7.173 7.183 7.193 7.204 7.215 7.226 7.238 7.249 7.261 7.272 7.281 7.288 7.294 7.301 7.308 7.315 7.323 7.335 7.348 7.366 7.391 7.423 7.461 7.495 7.533 7.584 7.641
6.745 6.749 6.754 6.759 6.765 6.770 6.777 6.783 6.791 6.798 6.806 6.815 6.824 6.833 6.843 6.853 6.863 6.874 6.885 6.895 6.905 6.916 6.926 6.936 6.946 6.956 6.966 6.976 6.986 6.996 7.005 7.015 7.024 7.033 7.042 7.051 7.060 7.069 7.077 7.086 7.096 7.105 7.113 7.122 7.130 7.139 7.148 7.157 7.166 7.176 7.186 7.196 7.206 7.216 7.227 7.239 7.250 7.262 7.274 7.285 7.294 7.300 7.306 7.312 7.319 7.325 7.333 7.345 7.359 7.377 7.405 7.442 7.485 7.521 7.561 7.618 7.678
6.753 6.758 6.763 6.768 6.773 6.779 6.785 6.792 6.799 6.806 6.814 6.822 6.831 6.841 6.850 6.860 6.871 6.882 6.893 6.903 6.913 6.924 6.934 6.944 6.955 6.965 6.975 6.985 6.995 7.005 7.015 7.025 7.034 7.043 7.053 7.062 7.071 7.080 7.089 7.098 7.107 7.116 7.125 7.133 7.142 7.151 7.160 7.169 7.178 7.188 7.198 7.208 7.218 7.228 7.239 7.251 7.262 7.274 7.286 7.297 7.306 7.312 7.317 7.323 7.329 7.335 7.343 7.355 7.369 7.391 7.422 7.463 7.511 7.549 7.592 7.652 7.713
6.762 6.767 6.771 6.776 6.782 6.787 6.793 6.800 6.807 6.814 6.822 6.830 6.839 6.848 6.858 6.868 6.879 6.890 6.901 6.911 6.921 6.932 6.942 6.953 6.963 6.974 6.984 6.995 7.005 7.015 7.025 7.035 7.044 7.054 7.063 7.072 7.082 7.091 7.100 7.109 7.119 7.128 7.136 7.145 7.154 7.163 7.172 7.181 7.190 7.200 7.210 7.219 7.230 7.240 7.251 7.262 7.274 7.286 7.298 7.309 7.318 7.323 7.328 7.333 7.339 7.344 7.353 7.365 7.381 7.404 7.439 7.483 7.535 7.576 7.621 7.683 7.746
6.771 6.775 6.780 6.785 6.790 6.796 6.802 6.808 6.815 6.823 6.830 6.839 6.847 6.856 6.866 6.876 6.887 6.898 6.909 6.919 6.930 6.940 6.951 6.961 6.972 6.983 6.993 7.004 7.014 7.024 7.034 7.044 7.054 7.064 7.073 7.083 7.092 7.101 7.111 7.120 7.130 7.139 7.147 7.156 7.165 7.174 7.183 7.193 7.202 7.211 7.221 7.231 7.241 7.252 7.262 7.274 7.285 7.297 7.309 7.320 7.329 7.334 7.337 7.343 7.349 7.354 7.362 7.375 7.393 7.419 7.457 7.506 7.563 7.607 7.652 7.716 7.781
6.780 6.785 6.789 6.794 6.800 6.805 6.811 6.817 6.824 6.831 6.839 6.847 6.855 6.865 6.874 6.884 6.895 6.906 6.917 6.927 6.938 6.948 6.959 6.970 6.981 6.991 7.002 7.013 7.023 7.034 7.044 7.054 7.064 7.074 7.084 7.093 7.103 7.112 7.122 7.131 7.141 7.150 7.159 7.168 7.176 7.186 7.195 7.204 7.213 7.223 7.232 7.242 7.252 7.263 7.273 7.285 7.297 7.309 7.321 7.332 7.340 7.344 7.346 7.352 7.358 7.363 7.372 7.386 7.406 7.436 7.477 7.534 7.596 7.638 7.684 7.750 7.815
6.789 6.794 6.799 6.804 6.809 6.814 6.820 6.826 6.833 6.840 6.847 6.855 6.864 6.873 6.882 6.892 6.903 6.914 6.925 6.935 6.946 6.957 6.968 6.978 6.989 7.000 7.011 7.022 7.033 7.043 7.054 7.064 7.074 7.084 7.094 7.104 7.113 7.123 7.132 7.142 7.152 7.161 7.170 7.179 7.188 7.197 7.206 7.215 7.224 7.234 7.243 7.253 7.263 7.273 7.284 7.296 7.308 7.320 7.332 7.342 7.349 7.352 7.355 7.362 7.368 7.374 7.384 7.400 7.424 7.457 7.505 7.565 7.627 7.670 7.716 7.783 7.848
6.799 6.803 6.808 6.813 6.818 6.824 6.829 6.835 6.842 6.849 6.856 6.864 6.872 6.881 6.891 6.901 6.911 6.922 6.933 6.944 6.954 6.965 6.976 6.987 6.998 7.009 7.020 7.031 7.042 7.052 7.063 7.074 7.084 7.094 7.104 7.114 7.124 7.133 7.143 7.153 7.162 7.171 7.180 7.189 7.198 7.208 7.217 7.226 7.235 7.245 7.254 7.264 7.273 7.284 7.295 7.306 7.318 7.330 7.341 7.351 7.358 7.361 7.365 7.372 7.380 7.386 7.399 7.418 7.444 7.483 7.535 7.596 7.659 7.701 7.747 7.814 7.880
6.808 6.813 6.818 6.823 6.828 6.833 6.839 6.845 6.851 6.858 6.865 6.873 6.881 6.890 6.899 6.909 6.920 6.931 6.941 6.952 6.963 6.974 6.985 6.996 7.007 7.018 7.029 7.040 7.051 7.062 7.073 7.083 7.094 7.104 7.114 7.124 7.134 7.144 7.153 7.163 7.173 7.182 7.191 7.200 7.209 7.218 7.227 7.237 7.246 7.255 7.264 7.274 7.284 7.294 7.305 7.316 7.328 7.340 7.350 7.359 7.366 7.370 7.375 7.384 7.392 7.402 7.417 7.438 7.469 7.511 7.565 7.627 7.689 7.731 7.778 7.846 7.912
6.818 6.823 6.828 6.833 6.838 6.843 6.849 6.855 6.861 6.867 6.875 6.882 6.890 6.899 6.908 6.918 6.929 6.939 6.950 6.960 6.971 6.982 6.993 7.004 7.015 7.027 7.038 7.049 7.060 7.071 7.082 7.093 7.103 7.114 7.124 7.134 7.144 7.154 7.164 7.174 7.183 7.192 7.201 7.210 7.219 7.229 7.238 7.247 7.256 7.265 7.275 7.284 7.294 7.304 7.314 7.326 7.337 7.348 7.358 7.367 7.374 7.379 7.386 7.397 7.408 7.420 7.438 7.463 7.497 7.540 7.594 7.656 7.720 7.762 7.808 7.877 7.944
6.828 6.833 6.838 6.843 6.848 6.853 6.858 6.864 6.870 6.877 6.884 6.891 6.899 6.908 6.917 6.927 6.938 6.948 6.958 6.969 6.980 6.991 7.002 7.013 7.024 7.035 7.047 7.058 7.069 7.080 7.091 7.102 7.113 7.123 7.134 7.144 7.154 7.164 7.174 7.184 7.194 7.203 7.212 7.221 7.230 7.239 7.248 7.257 7.266 7.275 7.285 7.294 7.303 7.313 7.323 7.334 7.345 7.355 7.366 7.375 7.382 7.390 7.399 7.412 7.425 7.440 7.462 7.490 7.524 7.568 7.622 7.685 7.750 7.793 7.839 7.908 7.975
