TsunamiDB/out54077.asc
ncols          264
nrows          230
xllcorner      497853.4375
yllcorner      4229146.0000
cellsize         5.
NODATA_value   -99
[rows 170 to 203 of 230, columns 152 to 227 of 264]
7.022 7.036 7.050 7.064 7.079 7.094 7.109 7.123 7.138 7.151 7.163 7.172 7.176 7.178 7.183 7.198 7.218 7.246 7.286 7.340 7.404 7.477 7.558 7.640 7.717 7.777 7.845 7.935 8.023 8.109 8.189 8.266 8.337 8.400 8.454 8.488 8.524 8.575 8.624 8.669 8.709 8.745 8.777 8.803 8.827 8.840 8.854 8.875 8.895 8.914 8.931 8.948 8.964 8.979 8.993 8.999 9.006 9.020 9.035 9.049 9.061 9.072 9.081 9.088 9.095 9.095 9.096 9.100 9.104 9.107 9.109 9.110 9.111 9.110 9.110 9.104
7.037 7.052 7.066 7.081 7.096 7.111 7.126 7.141 7.156 7.171 7.184 7.194 7.199 7.203 7.210 7.227 7.249 7.278 7.320 7.375 7.438 7.511 7.592 7.674 7.753 7.813 7.882 7.973 8.063 8.149 8.230 8.305 8.375 8.436 8.489 8.521 8.555 8.604 8.650 8.692 8.730 8.765 8.795 8.822 8.845 8.858 8.871 8.891 8.911 8.929 8.946 8.962 8.977 8.991 9.006 9.012 9.018 9.033 9.047 9.061 9.072 9.083 9.092 9.099 9.105 9.105 9.106 9.110 9.113 9.116 9.117 9.118 9.119 9.119 9.119 9.114
7.053 7.068 7.083 7.098 7.113 7.128 7.144 7.160 7.176 7.191 7.205 7.217 7.224 7.229 7.238 7.257 7.281 7.311 7.355 7.409 7.472 7.543 7.624 7.708 7.789 7.850 7.919 8.012 8.102 8.189 8.269 8.343 8.412 8.471 8.520 8.551 8.583 8.630 8.673 8.714 8.751 8.784 8.813 8.839 8.862 8.875 8.888 8.907 8.926 8.944 8.960 8.975 8.990 9.004 9.018 9.024 9.031 9.045 9.060 9.073 9.084 9.094 9.103 9.109 9.115 9.115 9.115 9.119 9.122 9.124 9.126 9.126 9.127 9.127 9.128 9.123
7.070 7.085 7.100 7.115 7.131 7.147 7.163 7.180 7.196 7.213 7.228 7.241 7.250 7.257 7.268 7.288 7.314 7.345 7.389 7.443 7.504 7.575 7.656 7.742 7.826 7.887 7.957 8.051 8.141 8.226 8.305 8.378 8.445 8.502 8.549 8.578 8.609 8.653 8.695 8.734 8.769 8.801 8.831 8.856 8.878 8.891 8.903 8.922 8.941 8.958 8.973 8.988 9.002 9.016 9.031 9.037 9.044 9.058 9.071 9.084 9.095 9.105 9.113 9.119 9.124 9.124 9.124 9.127 9.130 9.132 9.133 9.134 9.135 9.136 9.137 9.132
7.086 7.102 7.117 7.133 7.149 7.165 7.182 7.200 7.218 7.235 7.252 7.267 7.278 7.286 7.299 7.320 7.347 7.379 7.423 7.476 7.537 7.608 7.689 7.775 7.861 7.924 7.994 8.087 8.176 8.261 8.338 8.411 8.476 8.531 8.577 8.604 8.633 8.675 8.715 8.753 8.787 8.818 8.847 8.872 8.894 8.906 8.918 8.937 8.955 8.972 8.987 9.001 9.015 9.029 9.043 9.050 9.056 9.070 9.083 9.095 9.106 9.115 9.123 9.129 9.134 9.133 9.133 9.135 9.138 9.140 9.141 9.142 9.143 9.144 9.145 9.141
7.103 7.119 7.135 7.151 7.168 7.185 7.203 7.221 7.240 7.259 7.278 7.294 7.307 7.317 7.330 7.353 7.380 7.412 7.456 7.508 7.569 7.639 7.720 7.808 7.899 7.961 8.030 8.123 8.212 8.295 8.371 8.443 8.507 8.560 8.603 8.628 8.656 8.696 8.735 8.772 8.805 8.836 8.864 8.889 8.910 8.922 8.933 8.952 8.969 8.986 9.000 9.014 9.028 9.041 9.057 9.063 9.069 9.083 9.095 9.107 9.117 9.126 9.133 9.139 9.143 9.142 9.141 9.144 9.146 9.148 9.149 9.150 9.151 9.152 9.154 9.151
7.120 7.136 7.153 7.170 7.187 7.205 7.224 7.243 7.263 7.283 7.303 7.322 7.336 7.347 7.361 7.385 7.413 7.445 7.488 7.540 7.602 7.672 7.753 7.847 7.940 8.000 8.067 8.160 8.247 8.329 8.404 8.474 8.536 8.586 8.626 8.651 8.677 8.717 8.754 8.790 8.823 8.853 8.881 8.905 8.925 8.936 8.948 8.966 8.983 9.000 9.014 9.028 9.041 9.055 9.071 9.077 9.082 9.096 9.108 9.118 9.128 9.136 9.143 9.148 9.151 9.150 9.149 9.152 9.154 9.156 9.157 9.158 9.158 9.161 9.164 9.160
7.137 7.154 7.171 7.189 7.207 7.226 7.245 7.266 7.287 7.308 7.330 7.349 7.365 7.377 7.393 7.417 7.446 7.478 7.521 7.574 7.636 7.709 7.794 7.890 7.978 8.037 8.104 8.195 8.280 8.361 8.434 8.502 8.561 8.609 8.649 8.673 8.698 8.736 8.774 8.809 8.841 8.870 8.898 8.920 8.940 8.952 8.962 8.980 8.998 9.014 9.028 9.042 9.055 9.070 9.085 9.090 9.096 9.108 9.119 9.129 9.138 9.146 9.153 9.157 9.160 9.159 9.157 9.159 9.162 9.163 9.165 9.166 9.167 9.170 9.173 9.170
7.154 7.172 7.190 7.208 7.227 7.247 7.267 7.289 7.311 7.334 7.357 7.378 7.394 7.408 7.425 7.450 7.479 7.512 7.556 7.610 7.674 7.750 7.837 7.929 8.014 8.072 8.138 8.227 8.312 8.391 8.462 8.527 8.584 8.631 8.671 8.694 8.719 8.756 8.793 8.827 8.858 8.887 8.913 8.936 8.956 8.967 8.977 8.995 9.012 9.028 9.043 9.057 9.071 9.085 9.099 9.104 9.109 9.120 9.131 9.141 9.149 9.156 9.161 9.165 9.168 9.167 9.165 9.167 9.170 9.171 9.173 9.175 9.177 9.179 9.182 9.179
7.172 7.190 7.209 7.228 7.248 7.268 7.290 7.312 7.336 7.360 7.384 7.406 7.424 7.439 7.457 7.483 7.513 7.547 7.593 7.648 7.714 7.791 7.878 7.966 8.048 8.105 8.171 8.258 8.341 8.419 8.488 8.551 8.606 8.653 8.692 8.715 8.739 8.776 8.812 8.846 8.876 8.904 8.929 8.952 8.971 8.982 8.992 9.010 9.027 9.044 9.059 9.073 9.086 9.100 9.113 9.117 9.122 9.133 9.143 9.151 9.159 9.165 9.170 9.174 9.176 9.175 9.173 9.175 9.178 9.180 9.182 9.184 9.186 9.188 9.191 9.188
7.189 7.209 7.228 7.248 7.269 7.290 7.313 7.336 7.361 7.386 7.411 7.434 7.454 7.470 7.489 7.517 7.549 7.584 7.630 7.688 7.755 7.831 7.915 8.001 8.081 8.137 8.202 8.288 8.369 8.445 8.512 8.573 8.627 8.674 8.714 8.736 8.759 8.796 8.832 8.864 8.894 8.921 8.946 8.968 8.987 8.997 9.007 9.025 9.043 9.059 9.074 9.088 9.102 9.115 9.126 9.131 9.135 9.145 9.154 9.162 9.168 9.174 9.178 9.182 9.185 9.183 9.182 9.184 9.186 9.189 9.191 9.193 9.195 9.198 9.200 9.197
7.207 7.227 7.247 7.268 7.290 7.312 7.335 7.360 7.385 7.411 7.438 7.462 7.483 7.502 7.522 7.552 7.585 7.621 7.669 7.728 7.793 7.867 7.949 8.033 8.112 8.168 8.231 8.315 8.396 8.470 8.536 8.596 8.649 8.695 8.735 8.757 8.780 8.816 8.851 8.883 8.912 8.938 8.962 8.984 9.004 9.014 9.023 9.041 9.059 9.075 9.090 9.104 9.117 9.129 9.140 9.144 9.148 9.156 9.165 9.172 9.178 9.183 9.187 9.190 9.193 9.192 9.190 9.193 9.195 9.198 9.200 9.202 9.205 9.207 9.209 9.206
7.225 7.246 7.267 7.288 7.311 7.334 7.358 7.383 7.410 7.437 7.464 7.490 7.513 7.532 7.554 7.585 7.620 7.658 7.707 7.765 7.829 7.901 7.981 8.064 8.142 8.198 8.260 8.344 8.422 8.495 8.559 8.618 8.670 8.716 8.756 8.778 8.800 8.836 8.871 8.902 8.930 8.956 8.979 9.001 9.021 9.030 9.040 9.058 9.075 9.092 9.106 9.120 9.133 9.144 9.154 9.157 9.160 9.168 9.175 9.182 9.187 9.192 9.196 9.199 9.202 9.200 9.199 9.202 9.204 9.207 9.209 9.212 9.214 9.216 9.218 9.215
7.243 7.264 7.286 7.308 7.331 7.355 7.380 7.407 7.434 7.462 7.490 7.517 7.541 7.562 7.586 7.619 7.655 7.695 7.744 7.801 7.864 7.934 8.012 8.094 8.173 8.228 8.289 8.371 8.448 8.520 8.583 8.640 8.692 8.738 8.777 8.799 8.821 8.856 8.890 8.921 8.948 8.973 8.997 9.018 9.038 9.047 9.056 9.074 9.091 9.107 9.122 9.135 9.147 9.158 9.166 9.169 9.172 9.179 9.185 9.191 9.196 9.200 9.204 9.208 9.211 9.209 9.208 9.211 9.214 9.216 9.219 9.221 9.223 9.225 9.227 9.225
7.260 7.283 7.305 7.328 7.352 7.377 7.402 7.429 7.458 7.487 7.516 7.544 7.569 7.591 7.617 7.652 7.690 7.730 7.780 7.837 7.898 7.966 8.043 8.123 8.202 8.257 8.318 8.398 8.474 8.543 8.605 8.662 8.714 8.759 8.798 8.819 8.841 8.876 8.909 8.940 8.966 8.991 9.014 9.035 9.055 9.064 9.073 9.091 9.108 9.123 9.137 9.150 9.162 9.172 9.179 9.181 9.183 9.190 9.196 9.201 9.206 9.209 9.213 9.216 9.220 9.218 9.217 9.220 9.223 9.226 9.228 9.230 9.233 9.235 9.237 9.234
7.278 7.301 7.325 7.348 7.372 7.397 7.424 7.452 7.481 7.510 7.540 7.569 7.595 7.619 7.646 7.683 7.722 7.764 7.814 7.870 7.930 7.997 8.071 8.151 8.232 8.287 8.346 8.425 8.499 8.567 8.628 8.684 8.735 8.780 8.819 8.840 8.861 8.896 8.929 8.959 8.985 9.010 9.032 9.053 9.073 9.082 9.091 9.108 9.124 9.139 9.153 9.165 9.176 9.185 9.192 9.193 9.195 9.200 9.206 9.211 9.215 9.219 9.222 9.226 9.229 9.228 9.227 9.230 9.233 9.236 9.238 9.240 9.243 9.245 9.247 9.244
7.296 7.320 7.343 7.367 7.392 7.418 7.444 7.473 7.503 7.533 7.564 7.593 7.620 7.645 7.673 7.712 7.753 7.796 7.846 7.901 7.961 8.027 8.099 8.182 8.264 8.317 8.375 8.453 8.525 8.591 8.651 8.707 8.757 8.802 8.840 8.860 8.881 8.916 8.948 8.978 9.004 9.029 9.051 9.072 9.092 9.101 9.109 9.126 9.141 9.156 9.168 9.180 9.191 9.198 9.204 9.205 9.206 9.211 9.216 9.221 9.225 9.228 9.232 9.235 9.239 9.238 9.236 9.240 9.243 9.246 9.248 9.251 9.253 9.255 9.257 9.254
7.313 7.338 7.362 7.386 7.411 7.437 7.464 7.493 7.524 7.554 7.585 7.614 7.642 7.668 7.700 7.741 7.783 7.827 7.877 7.933 7.992 8.058 8.133 8.216 8.294 8.346 8.403 8.479 8.550 8.616 8.675 8.729 8.779 8.823 8.861 8.881 8.901 8.935 8.968 8.997 9.024 9.048 9.071 9.092 9.111 9.119 9.127 9.143 9.158 9.171 9.183 9.194 9.204 9.210 9.215 9.216 9.217 9.222 9.226 9.231 9.235 9.238 9.242 9.245 9.249 9.248 9.246 9.250 9.253 9.256 9.259 9.261 9.263 9.265 9.267 9.264
7.330 7.355 7.380 7.405 7.430 7.456 7.483 7.512 7.543 7.574 7.605 7.634 7.662 7.691 7.726 7.769 7.813 7.858 7.909 7.965 8.024 8.091 8.167 8.247 8.323 8.374 8.430 8.505 8.575 8.640 8.698 8.752 8.800 8.843 8.882 8.901 8.920 8.955 8.988 9.017 9.044 9.068 9.091 9.111 9.130 9.137 9.144 9.160 9.174 9.187 9.198 9.208 9.216 9.222 9.227 9.227 9.228 9.232 9.237 9.241 9.245 9.248 9.252 9.255 9.259 9.258 9.256 9.260 9.263 9.267 9.269 9.272 9.274 9.276 9.277 9.274
7.347 7.373 7.397 7.422 7.447 7.473 7.501 7.530 7.561 7.592 7.622 7.651 7.681 7.714 7.751 7.796 7.842 7.889 7.941 7.997 8.058 8.125 8.199 8.277 8.351 8.402 8.457 8.532 8.601 8.664 8.722 8.774 8.821 8.864 8.902 8.921 8.940 8.975 9.008 9.038 9.064 9.089 9.111 9.131 9.149 9.155 9.162 9.176 9.190 9.202 9.212 9.220 9.227 9.233 9.238 9.238 9.239 9.243 9.247 9.251 9.255 9.258 9.262 9.265 9.269 9.268 9.266 9.270 9.274 9.277 9.280 9.283 9.285 9.287 9.288 9.285
7.364 7.389 7.415 7.439 7.464 7.490 7.517 7.546 7.576 7.607 7.637 7.668 7.700 7.736 7.776 7.823 7.871 7.920 7.974 8.031 8.092 8.158 8.230 8.305 8.379 8.430 8.485 8.558 8.627 8.690 8.746 8.796 8.843 8.885 8.923 8.941 8.960 8.995 9.028 9.058 9.085 9.109 9.131 9.150 9.167 9.173 9.178 9.192 9.205 9.216 9.225 9.232 9.239 9.244 9.249 9.249 9.249 9.254 9.258 9.262 9.265 9.268 9.272 9.275 9.279 9.278 9.277 9.281 9.285 9.288 9.291 9.294 9.296 9.298 9.299 9.295
7.379 7.406 7.431 7.456 7.480 7.505 7.532 7.560 7.589 7.620 7.651 7.683 7.718 7.758 7.801 7.850 7.900 7.951 8.006 8.065 8.124 8.189 8.258 8.333 8.407 8.459 8.514 8.586 8.655 8.716 8.770 8.819 8.864 8.905 8.944 8.962 8.980 9.016 9.049 9.079 9.105 9.129 9.150 9.169 9.184 9.190 9.195 9.208 9.219 9.229 9.237 9.244 9.250 9.255 9.260 9.260 9.260 9.264 9.268 9.272 9.275 9.279 9.282 9.285 9.289 9.288 9.287 9.291 9.295 9.299 9.302 9.305 9.307 9.308 9.309 9.306
7.395 7.421 7.447 7.471 7.494 7.519 7.545 7.572 7.600 7.631 7.664 7.698 7.737 7.780 7.826 7.877 7.928 7.981 8.039 8.097 8.156 8.218 8.286 8.361 8.436 8.489 8.543 8.616 8.685 8.743 8.795 8.842 8.884 8.926 8.964 8.982 9.001 9.036 9.070 9.099 9.125 9.149 9.169 9.187 9.201 9.206 9.210 9.222 9.232 9.242 9.249 9.255 9.261 9.266 9.271 9.271 9.271 9.275 9.279 9.282 9.286 9.289 9.292 9.296 9.300 9.299 9.298 9.302 9.306 9.310 9.313 9.316 9.318 9.319 9.320 9.316
7.409 7.436 7.461 7.484 7.507 7.531 7.556 7.581 7.610 7.642 7.676 7.714 7.756 7.801 7.850 7.902 7.955 8.010 8.069 8.128 8.186 8.247 8.315 8.390 8.468 8.521 8.575 8.648 8.714 8.770 8.819 8.864 8.905 8.946 8.985 9.003 9.021 9.057 9.090 9.119 9.144 9.167 9.187 9.203 9.217 9.221 9.224 9.235 9.245 9.253 9.260 9.266 9.271 9.276 9.281 9.281 9.281 9.285 9.289 9.293 9.296 9.299 9.302 9.306 9.310 9.309 9.308 9.313 9.317 9.321 9.324 9.327 9.329 9.330 9.330 9.326
7.423 7.449 7.474 7.497 7.518 7.541 7.565 7.590 7.619 7.651 7.687 7.728 7.773 7.822 7.872 7.926 7.981 8.038 8.099 8.158 8.217 8.279 8.345 8.420 8.500 8.555 8.608 8.679 8.743 8.798 8.844 8.887 8.926 8.966 9.005 9.023 9.041 9.077 9.109 9.137 9.162 9.184 9.203 9.219 9.232 9.235 9.238 9.248 9.256 9.264 9.271 9.276 9.281 9.286 9.291 9.291 9.291 9.295 9.299 9.303 9.306 9.309 9.312 9.316 9.320 9.320 9.319 9.324 9.328 9.332 9.335 9.338 9.340 9.340 9.340 9.336
7.435 7.462 7.486 7.507 7.527 7.549 7.573 7.597 7.626 7.659 7.697 7.742 7.790 7.842 7.895 7.949 8.005 8.065 8.128 8.189 8.249 8.311 8.376 8.453 8.538 8.593 8.644 8.713 8.774 8.825 8.870 8.910 8.947 8.986 9.026 9.044 9.062 9.097 9.128 9.155 9.179 9.201 9.220 9.235 9.246 9.248 9.251 9.260 9.268 9.275 9.281 9.286 9.291 9.296 9.300 9.300 9.300 9.304 9.309 9.312 9.316 9.319 9.322 9.326 9.331 9.330 9.330 9.334 9.339 9.342 9.345 9.348 9.350 9.351 9.350 9.346
7.446 7.473 7.496 7.516 7.534 7.556 7.579 7.604 7.634 7.668 7.709 7.756 7.808 7.861 7.916 7.972 8.029 8.092 8.157 8.220 8.284 8.347 8.411 8.496 8.584 8.633 8.681 8.747 8.804 8.852 8.895 8.933 8.968 9.008 9.049 9.065 9.082 9.116 9.147 9.173 9.196 9.217 9.235 9.249 9.258 9.260 9.263 9.271 9.278 9.285 9.291 9.296 9.301 9.305 9.310 9.310 9.310 9.314 9.318 9.322 9.326 9.329 9.332 9.336 9.342 9.341 9.341 9.345 9.349 9.353 9.356 9.358 9.360 9.360 9.359 9.355
7.456 7.482 7.504 7.522 7.541 7.563 7.586 7.611 7.642 7.678 7.722 7.770 7.823 7.879 7.938 7.996 8.054 8.120 8.189 8.256 8.322 8.388 8.461 8.546 8.626 8.673 8.718 8.780 8.834 8.880 8.920 8.957 8.992 9.032 9.070 9.086 9.102 9.135 9.164 9.190 9.212 9.232 9.248 9.260 9.270 9.272 9.274 9.281 9.289 9.295 9.300 9.305 9.310 9.315 9.319 9.319 9.319 9.323 9.328 9.332 9.335 9.339 9.343 9.347 9.352 9.352 9.352 9.356 9.360 9.363 9.366 9.368 9.369 9.369 9.368 9.364
7.464 7.489 7.511 7.529 7.547 7.570 7.593 7.619 7.651 7.689 7.733 7.783 7.838 7.899 7.962 8.021 8.080 8.151 8.224 8.295 8.365 8.438 8.515 8.595 8.667 8.711 8.754 8.811 8.862 8.906 8.944 8.981 9.017 9.055 9.090 9.105 9.121 9.152 9.180 9.205 9.226 9.245 9.260 9.271 9.281 9.283 9.284 9.291 9.298 9.305 9.310 9.315 9.319 9.323 9.328 9.328 9.328 9.332 9.337 9.341 9.345 9.349 9.353 9.358 9.363 9.362 9.362 9.366 9.370 9.373 9.375 9.377 9.378 9.378 9.377 9.373
7.471 7.496 7.517 7.535 7.554 7.576 7.601 7.628 7.661 7.700 7.744 7.795 7.854 7.920 7.988 8.048 8.109 8.185 8.263 8.338 8.414 8.491 8.567 8.642 8.708 8.748 8.788 8.842 8.890 8.932 8.970 9.006 9.041 9.076 9.109 9.123 9.138 9.168 9.195 9.218 9.239 9.256 9.270 9.282 9.291 9.293 9.294 9.301 9.308 9.314 9.319 9.323 9.327 9.332 9.336 9.336 9.336 9.341 9.346 9.351 9.355 9.360 9.364 9.369 9.373 9.373 9.372 9.376 9.379 9.382 9.384 9.386 9.386 9.386 9.385 9.381
7.476 7.501 7.522 7.541 7.560 7.584 7.609 7.637 7.671 7.711 7.756 7.808 7.871 7.942 8.015 8.077 8.141 8.223 8.304 8.386 8.465 8.542 8.617 8.687 8.747 8.785 8.822 8.872 8.917 8.958 8.995 9.030 9.063 9.096 9.127 9.140 9.155 9.183 9.208 9.231 9.250 9.266 9.280 9.291 9.300 9.302 9.304 9.311 9.317 9.322 9.327 9.331 9.336 9.340 9.344 9.345 9.345 9.350 9.355 9.361 9.365 9.370 9.375 9.379 9.383 9.382 9.382 9.385 9.388 9.391 9.392 9.394 9.394 9.394 9.393 9.389
7.481 7.506 7.528 7.547 7.567 7.591 7.618 7.646 7.681 7.722 7.768 7.823 7.889 7.966 8.046 8.110 8.176 8.263 8.350 8.434 8.515 8.593 8.665 8.730 8.786 8.821 8.855 8.901 8.944 8.983 9.018 9.052 9.084 9.115 9.143 9.156 9.170 9.196 9.221 9.242 9.260 9.276 9.290 9.301 9.309 9.311 9.313 9.319 9.326 9.331 9.335 9.339 9.343 9.348 9.353 9.353 9.353 9.359 9.364 9.370 9.375 9.380 9.385 9.389 9.393 9.392 9.391 9.394 9.397 9.399 9.400 9.401 9.402 9.401 9.400 9.396
7.485 7.511 7.533 7.553 7.573 7.598 7.626 7.656 7.692 7.734 7.782 7.838 7.909 7.993 8.080 8.145 8.214 8.307 8.397 8.483 8.564 8.641 8.711 8.772 8.824 8.856 8.887 8.930 8.970 9.007 9.041 9.073 9.104 9.133 9.159 9.171 9.185 9.209 9.232 9.252 9.270 9.286 9.299 9.309 9.318 9.320 9.321 9.328 9.334 9.339 9.343 9.347 9.351 9.356 9.361 9.361 9.362 9.368 9.374 9.379 9.385 9.390 9.395 9.399 9.402 9.401 9.400 9.403 9.405 9.407 9.408 9.408 9.409 9.408 9.407 9.403
7.489 7.515 7.538 7.558 7.579 7.606 7.635 7.665 7.703 7.747 7.797 7.858 7.934 8.024 8.116 8.183 8.255 8.351 8.442 8.529 8.609 8.684 8.752 8.810 8.858 8.887 8.916 8.956 8.994 9.030 9.062 9.092 9.121 9.149 9.174 9.185 9.198 9.221 9.242 9.262 9.279 9.294 9.307 9.317 9.326 9.327 9.329 9.335 9.341 9.346 9.350 9.354 9.358 9.363 9.369 9.369 9.370 9.376 9.382 9.388 9.394 9.399 9.404 9.407 9.410 9.409 9.408 9.410 9.412 9.414 9.415 9.415 9.415 9.415 9.413 9.410
