TsunamiDB/out54115.asc
ncols          264
nrows          230
xllcorner      497853.4375
yllcorner      4229146.0000
cellsize         5.
NODATA_value   -99
[rows 136 to 169 of 230, columns 154 to 230 of 264]
7.045 7.055 7.064 7.074 7.083 7.092 7.102 7.110 7.119 7.127 7.136 7.144 7.151 7.160 7.168 7.177 7.186 7.195 7.204 7.214 7.225 7.237 7.250 7.263 7.276 7.290 7.305 7.319 7.333 7.346 7.356 7.363 7.369 7.375 7.382 7.387 7.395 7.405 7.420 7.438 7.460 7.487 7.516 7.543 7.573 7.614 7.658 7.705 7.753 7.804 7.859 7.927 7.997 8.036 8.076 8.137 8.193 8.244 8.289 8.331 8.366 8.391 8.407 8.416 8.425 8.439 8.452 8.463 8.473 8.483 8.492 8.502 8.514 8.518 8.522 8.534 8.546
7.043 7.052 7.061 7.071 7.080 7.089 7.098 7.107 7.116 7.125 7.133 7.141 7.149 7.158 7.167 7.175 7.184 7.193 7.203 7.213 7.224 7.236 7.249 7.262 7.276 7.291 7.305 7.320 7.334 7.346 7.356 7.363 7.369 7.376 7.382 7.388 7.397 7.409 7.426 7.446 7.472 7.502 7.534 7.563 7.595 7.638 7.686 7.736 7.787 7.840 7.901 7.971 8.036 8.074 8.113 8.171 8.225 8.273 8.316 8.354 8.386 8.407 8.422 8.430 8.438 8.450 8.461 8.472 8.480 8.489 8.498 8.509 8.520 8.524 8.528 8.540 8.553
7.040 7.049 7.058 7.067 7.076 7.086 7.095 7.104 7.113 7.121 7.130 7.138 7.146 7.155 7.164 7.173 7.182 7.191 7.201 7.211 7.223 7.235 7.248 7.261 7.276 7.290 7.305 7.320 7.334 7.346 7.356 7.363 7.369 7.377 7.384 7.391 7.401 7.415 7.433 7.457 7.486 7.519 7.554 7.584 7.618 7.665 7.716 7.769 7.823 7.882 7.946 8.012 8.074 8.109 8.147 8.202 8.254 8.300 8.340 8.375 8.402 8.422 8.437 8.444 8.451 8.461 8.471 8.480 8.487 8.495 8.504 8.514 8.525 8.529 8.534 8.547 8.560
7.036 7.045 7.054 7.063 7.072 7.082 7.091 7.100 7.109 7.117 7.126 7.134 7.143 7.151 7.160 7.169 7.178 7.188 7.198 7.209 7.221 7.233 7.246 7.260 7.274 7.289 7.305 7.320 7.334 7.346 7.356 7.363 7.370 7.378 7.386 7.395 7.407 7.423 7.443 7.469 7.500 7.537 7.575 7.607 7.643 7.694 7.749 7.805 7.863 7.925 7.988 8.052 8.109 8.143 8.178 8.231 8.280 8.324 8.361 8.392 8.418 8.436 8.450 8.457 8.463 8.472 8.480 8.488 8.494 8.502 8.510 8.520 8.531 8.535 8.540 8.553 8.567
7.032 7.041 7.050 7.059 7.068 7.077 7.086 7.095 7.104 7.113 7.121 7.130 7.138 7.147 7.156 7.165 7.174 7.184 7.194 7.206 7.218 7.230 7.244 7.258 7.273 7.288 7.303 7.318 7.333 7.345 7.356 7.364 7.372 7.381 7.391 7.401 7.414 7.432 7.455 7.482 7.516 7.556 7.597 7.632 7.671 7.726 7.784 7.844 7.905 7.967 8.029 8.089 8.143 8.175 8.208 8.258 8.304 8.345 8.379 8.409 8.432 8.450 8.463 8.469 8.474 8.483 8.490 8.496 8.502 8.508 8.516 8.525 8.536 8.541 8.546 8.560 8.574
7.029 7.037 7.046 7.055 7.064 7.072 7.081 7.090 7.099 7.108 7.116 7.124 7.133 7.142 7.151 7.160 7.170 7.180 7.190 7.202 7.214 7.227 7.241 7.255 7.270 7.286 7.302 7.317 7.332 7.345 7.356 7.366 7.374 7.385 7.397 7.408 7.424 7.444 7.467 7.497 7.533 7.576 7.623 7.660 7.701 7.760 7.822 7.885 7.946 8.007 8.068 8.124 8.175 8.204 8.235 8.282 8.326 8.364 8.397 8.424 8.446 8.463 8.475 8.481 8.485 8.493 8.499 8.504 8.508 8.514 8.521 8.530 8.542 8.547 8.552 8.566 8.581
7.024 7.033 7.041 7.050 7.059 7.067 7.076 7.085 7.094 7.102 7.110 7.119 7.127 7.136 7.145 7.155 7.164 7.174 7.185 7.197 7.210 7.223 7.237 7.252 7.267 7.283 7.299 7.315 7.331 7.345 7.358 7.368 7.378 7.390 7.403 7.417 7.434 7.456 7.482 7.512 7.552 7.599 7.651 7.690 7.733 7.797 7.861 7.925 7.986 8.046 8.104 8.157 8.205 8.232 8.261 8.305 8.345 8.382 8.413 8.439 8.460 8.476 8.487 8.492 8.496 8.502 8.507 8.511 8.515 8.519 8.526 8.535 8.548 8.553 8.559 8.574 8.589
7.020 7.028 7.036 7.045 7.054 7.062 7.071 7.079 7.088 7.096 7.104 7.113 7.121 7.129 7.139 7.148 7.158 7.168 7.180 7.192 7.205 7.218 7.233 7.248 7.264 7.280 7.297 7.314 7.330 7.346 7.359 7.371 7.383 7.396 7.411 7.427 7.446 7.470 7.497 7.530 7.573 7.625 7.681 7.722 7.769 7.835 7.900 7.963 8.023 8.081 8.137 8.187 8.233 8.258 8.285 8.326 8.364 8.398 8.427 8.452 8.473 8.487 8.497 8.501 8.505 8.510 8.514 8.518 8.521 8.525 8.531 8.541 8.554 8.560 8.566 8.582 8.596
7.015 7.023 7.032 7.040 7.048 7.057 7.065 7.074 7.082 7.090 7.098 7.106 7.114 7.123 7.132 7.141 7.151 7.162 7.173 7.186 7.199 7.213 7.228 7.243 7.260 7.277 7.294 7.312 7.329 7.346 7.362 7.375 7.388 7.404 7.420 7.438 7.460 7.486 7.515 7.551 7.596 7.651 7.711 7.756 7.804 7.871 7.937 8.000 8.059 8.115 8.168 8.216 8.259 8.283 8.308 8.346 8.381 8.413 8.441 8.465 8.485 8.499 8.507 8.510 8.513 8.518 8.522 8.526 8.528 8.532 8.537 8.547 8.561 8.568 8.574 8.590 8.604
7.011 7.019 7.027 7.035 7.043 7.052 7.060 7.068 7.076 7.084 7.092 7.099 7.107 7.115 7.125 7.134 7.144 7.155 7.166 7.179 7.193 7.207 7.222 7.238 7.256 7.273 7.292 7.310 7.329 7.348 7.365 7.380 7.394 7.411 7.430 7.450 7.474 7.502 7.534 7.573 7.620 7.679 7.746 7.793 7.841 7.909 7.975 8.037 8.094 8.149 8.199 8.245 8.285 8.307 8.330 8.366 8.399 8.428 8.455 8.478 8.497 8.510 8.516 8.518 8.521 8.525 8.529 8.533 8.535 8.539 8.543 8.553 8.570 8.577 8.584 8.599 8.613
7.006 7.014 7.022 7.030 7.038 7.046 7.054 7.062 7.070 7.078 7.085 7.093 7.100 7.108 7.117 7.127 7.136 7.147 7.159 7.172 7.185 7.200 7.215 7.233 7.251 7.270 7.290 7.310 7.330 7.351 7.369 7.385 7.401 7.420 7.441 7.463 7.490 7.521 7.557 7.598 7.648 7.716 7.787 7.832 7.879 7.947 8.012 8.072 8.128 8.181 8.229 8.272 8.310 8.330 8.352 8.385 8.416 8.443 8.468 8.490 8.509 8.519 8.523 8.525 8.528 8.532 8.536 8.540 8.543 8.546 8.550 8.563 8.581 8.587 8.593 8.608 8.622
7.002 7.009 7.017 7.025 7.033 7.041 7.049 7.057 7.065 7.072 7.079 7.086 7.093 7.101 7.109 7.119 7.128 7.139 7.151 7.164 7.177 7.192 7.209 7.227 7.247 7.267 7.288 7.310 7.332 7.353 7.373 7.391 7.409 7.431 7.453 7.478 7.509 7.544 7.583 7.629 7.687 7.757 7.826 7.870 7.917 7.984 8.047 8.107 8.161 8.211 8.257 8.298 8.334 8.353 8.372 8.404 8.432 8.458 8.480 8.501 8.517 8.525 8.529 8.532 8.534 8.538 8.543 8.547 8.551 8.555 8.562 8.575 8.592 8.598 8.604 8.618 8.630
6.997 7.005 7.013 7.021 7.029 7.036 7.044 7.052 7.059 7.066 7.073 7.080 7.087 7.094 7.102 7.111 7.120 7.131 7.142 7.155 7.168 7.184 7.202 7.222 7.243 7.265 7.287 7.310 7.333 7.356 7.377 7.398 7.419 7.443 7.468 7.497 7.532 7.571 7.614 7.666 7.728 7.798 7.864 7.906 7.953 8.019 8.081 8.139 8.192 8.240 8.284 8.322 8.356 8.374 8.392 8.421 8.447 8.471 8.492 8.509 8.523 8.531 8.536 8.539 8.540 8.545 8.551 8.556 8.561 8.567 8.575 8.588 8.603 8.608 8.614 8.627 8.638
6.994 7.001 7.009 7.017 7.024 7.032 7.040 7.047 7.055 7.061 7.068 7.074 7.080 7.087 7.095 7.103 7.112 7.122 7.133 7.145 7.159 7.176 7.195 7.217 7.239 7.263 7.287 7.311 7.336 7.359 7.382 7.406 7.432 7.458 7.486 7.520 7.559 7.602 7.650 7.706 7.769 7.837 7.901 7.942 7.987 8.052 8.114 8.170 8.221 8.268 8.309 8.346 8.378 8.394 8.411 8.438 8.462 8.483 8.502 8.517 8.529 8.537 8.543 8.545 8.547 8.553 8.559 8.566 8.572 8.580 8.589 8.601 8.614 8.619 8.624 8.636 8.646
6.991 6.998 7.006 7.014 7.021 7.029 7.036 7.044 7.051 7.057 7.063 7.069 7.074 7.080 7.087 7.095 7.103 7.113 7.124 7.136 7.151 7.169 7.189 7.212 7.237 7.262 7.287 7.313 7.338 7.364 7.389 7.417 7.447 7.477 7.509 7.547 7.590 7.638 7.690 7.747 7.809 7.874 7.936 7.977 8.021 8.084 8.144 8.200 8.249 8.294 8.334 8.368 8.398 8.414 8.429 8.454 8.476 8.495 8.510 8.524 8.534 8.543 8.550 8.552 8.554 8.561 8.569 8.577 8.585 8.594 8.603 8.615 8.626 8.630 8.634 8.644 8.654
6.989 6.996 7.004 7.011 7.019 7.026 7.034 7.041 7.047 7.054 7.059 7.064 7.069 7.075 7.081 7.087 7.094 7.103 7.114 7.127 7.143 7.162 7.184 7.209 7.234 7.261 7.288 7.315 7.342 7.370 7.398 7.430 7.466 7.500 7.535 7.578 7.626 7.677 7.729 7.786 7.847 7.910 7.971 8.011 8.053 8.115 8.174 8.228 8.276 8.319 8.357 8.390 8.418 8.432 8.446 8.468 8.488 8.505 8.519 8.531 8.540 8.549 8.557 8.560 8.562 8.571 8.580 8.589 8.598 8.607 8.617 8.627 8.637 8.641 8.644 8.653 8.661
6.988 6.995 7.003 7.010 7.017 7.025 7.032 7.039 7.045 7.051 7.057 7.061 7.065 7.069 7.074 7.079 7.086 7.094 7.105 7.119 7.136 7.156 7.180 7.205 7.232 7.260 7.289 7.318 7.347 7.377 7.410 7.447 7.488 7.525 7.564 7.612 7.664 7.716 7.768 7.824 7.883 7.945 8.005 8.044 8.085 8.147 8.204 8.256 8.302 8.343 8.379 8.410 8.436 8.449 8.462 8.482 8.500 8.515 8.527 8.538 8.547 8.556 8.565 8.568 8.571 8.581 8.591 8.601 8.611 8.621 8.631 8.640 8.648 8.651 8.654 8.661 8.668
6.989 6.996 7.003 7.010 7.018 7.025 7.032 7.038 7.045 7.050 7.055 7.058 7.061 7.065 7.068 7.072 7.078 7.086 7.097 7.112 7.130 7.152 7.176 7.203 7.231 7.260 7.291 7.323 7.354 7.387 7.424 7.467 7.513 7.553 7.595 7.648 7.701 7.754 7.806 7.860 7.917 7.978 8.038 8.076 8.117 8.176 8.232 8.282 8.326 8.365 8.400 8.429 8.452 8.464 8.476 8.494 8.510 8.524 8.535 8.545 8.554 8.563 8.574 8.577 8.581 8.592 8.603 8.613 8.623 8.634 8.644 8.652 8.659 8.661 8.663 8.669 8.675
6.991 6.998 7.005 7.012 7.019 7.026 7.033 7.039 7.045 7.051 7.054 7.057 7.058 7.061 7.063 7.065 7.070 7.078 7.090 7.105 7.125 7.148 7.173 7.200 7.229 7.261 7.294 7.328 7.362 7.400 7.441 7.488 7.539 7.583 7.628 7.683 7.738 7.791 7.843 7.896 7.951 8.010 8.071 8.108 8.148 8.205 8.259 8.306 8.348 8.387 8.420 8.447 8.468 8.479 8.489 8.506 8.521 8.534 8.544 8.553 8.561 8.571 8.582 8.587 8.591 8.603 8.614 8.625 8.635 8.646 8.656 8.663 8.669 8.670 8.672 8.677 8.682
6.995 7.002 7.009 7.016 7.023 7.029 7.036 7.042 7.048 7.052 7.055 7.056 7.057 7.057 7.058 7.060 7.064 7.072 7.084 7.100 7.121 7.145 7.170 7.199 7.229 7.262 7.298 7.335 7.374 7.416 7.461 7.513 7.571 7.618 7.663 7.720 7.776 7.830 7.881 7.932 7.985 8.043 8.105 8.142 8.180 8.235 8.286 8.331 8.371 8.408 8.439 8.465 8.483 8.492 8.501 8.517 8.531 8.543 8.552 8.561 8.569 8.580 8.593 8.598 8.602 8.614 8.626 8.637 8.648 8.658 8.668 8.675 8.679 8.679 8.680 8.684 8.689
7.000 7.007 7.014 7.021 7.028 7.034 7.040 7.046 7.051 7.055 7.057 7.057 7.056 7.055 7.055 7.056 7.059 7.067 7.080 7.097 7.119 7.143 7.169 7.198 7.230 7.266 7.305 7.345 7.389 7.435 7.485 7.546 7.608 7.654 7.700 7.757 7.814 7.867 7.918 7.968 8.019 8.080 8.143 8.177 8.211 8.265 8.312 8.355 8.393 8.427 8.457 8.480 8.496 8.504 8.513 8.527 8.541 8.552 8.562 8.570 8.578 8.590 8.605 8.609 8.614 8.626 8.638 8.649 8.659 8.670 8.679 8.685 8.688 8.688 8.688 8.692 8.696
7.008 7.014 7.021 7.028 7.034 7.041 7.047 7.052 7.057 7.060 7.061 7.060 7.057 7.055 7.054 7.053 7.057 7.065 7.078 7.095 7.117 7.142 7.170 7.201 7.234 7.273 7.316 7.361 7.409 7.461 7.519 7.583 7.644 7.690 7.736 7.794 7.851 7.905 7.956 8.006 8.060 8.120 8.177 8.209 8.243 8.292 8.337 8.377 8.413 8.445 8.472 8.492 8.508 8.516 8.524 8.537 8.550 8.561 8.571 8.580 8.590 8.603 8.616 8.621 8.626 8.638 8.650 8.661 8.671 8.680 8.689 8.693 8.696 8.696 8.696 8.699 8.702
7.017 7.024 7.030 7.037 7.043 7.049 7.055 7.060 7.064 7.067 7.066 7.064 7.060 7.057 7.055 7.053 7.056 7.064 7.077 7.094 7.117 7.144 7.175 7.207 7.241 7.284 7.331 7.381 7.435 7.493 7.556 7.621 7.681 7.727 7.773 7.831 7.888 7.942 7.994 8.047 8.101 8.158 8.211 8.241 8.272 8.318 8.360 8.398 8.431 8.461 8.485 8.504 8.520 8.527 8.534 8.547 8.560 8.571 8.581 8.592 8.603 8.615 8.628 8.633 8.637 8.649 8.661 8.671 8.681 8.690 8.697 8.701 8.704 8.704 8.704 8.707 8.709
7.027 7.034 7.041 7.047 7.054 7.059 7.065 7.070 7.073 7.075 7.074 7.070 7.065 7.061 7.058 7.056 7.058 7.065 7.078 7.095 7.119 7.149 7.182 7.216 7.253 7.300 7.352 7.407 7.466 7.529 7.594 7.659 7.718 7.763 7.809 7.868 7.925 7.981 8.034 8.088 8.141 8.194 8.243 8.270 8.300 8.343 8.382 8.417 8.447 8.474 8.497 8.515 8.530 8.538 8.545 8.558 8.571 8.582 8.593 8.604 8.615 8.628 8.640 8.644 8.649 8.660 8.671 8.682 8.691 8.698 8.704 8.709 8.712 8.712 8.711 8.714 8.717
7.039 7.046 7.053 7.059 7.065 7.071 7.076 7.081 7.084 7.085 7.083 7.078 7.072 7.067 7.063 7.060 7.062 7.068 7.081 7.099 7.125 7.157 7.194 7.230 7.270 7.322 7.378 7.438 7.501 7.566 7.632 7.696 7.756 7.800 7.846 7.905 7.963 8.020 8.074 8.127 8.179 8.229 8.273 8.299 8.326 8.366 8.402 8.434 8.462 8.487 8.508 8.526 8.541 8.548 8.555 8.569 8.581 8.593 8.605 8.616 8.628 8.640 8.651 8.655 8.660 8.671 8.681 8.691 8.699 8.706 8.712 8.716 8.719 8.719 8.719 8.721 8.724
7.052 7.059 7.066 7.072 7.078 7.084 7.089 7.093 7.096 7.097 7.094 7.089 7.082 7.076 7.070 7.066 7.067 7.074 7.086 7.106 7.134 7.170 7.210 7.248 7.291 7.348 7.408 7.472 7.537 7.604 7.670 7.734 7.794 7.837 7.882 7.942 8.001 8.058 8.112 8.165 8.215 8.261 8.302 8.326 8.351 8.387 8.420 8.450 8.476 8.499 8.520 8.537 8.552 8.559 8.566 8.579 8.592 8.605 8.617 8.629 8.641 8.652 8.662 8.666 8.671 8.681 8.691 8.700 8.707 8.714 8.719 8.723 8.726 8.726 8.726 8.728 8.731
7.065 7.073 7.080 7.086 7.092 7.098 7.103 7.107 7.110 7.110 7.107 7.101 7.093 7.086 7.080 7.075 7.075 7.081 7.094 7.116 7.147 7.187 7.231 7.272 7.317 7.378 7.443 7.509 7.575 7.642 7.709 7.773 7.832 7.875 7.919 7.980 8.039 8.096 8.150 8.201 8.249 8.293 8.330 8.352 8.375 8.408 8.438 8.466 8.490 8.512 8.531 8.548 8.563 8.570 8.577 8.591 8.604 8.617 8.629 8.641 8.653 8.664 8.673 8.677 8.681 8.690 8.699 8.708 8.715 8.721 8.726 8.730 8.733 8.733 8.733 8.736 8.738
7.079 7.086 7.093 7.100 7.107 7.112 7.118 7.122 7.125 7.125 7.122 7.115 7.105 7.098 7.091 7.085 7.085 7.092 7.106 7.130 7.165 7.209 7.257 7.299 7.348 7.412 7.478 7.546 7.613 7.680 7.747 7.811 7.870 7.912 7.957 8.016 8.075 8.131 8.184 8.234 8.281 8.321 8.355 8.376 8.397 8.427 8.454 8.481 8.503 8.524 8.543 8.560 8.575 8.582 8.588 8.602 8.615 8.628 8.641 8.653 8.664 8.675 8.684 8.687 8.691 8.699 8.708 8.716 8.722 8.728 8.733 8.737 8.740 8.740 8.740 8.742 8.745
7.091 7.099 7.107 7.114 7.121 7.127 7.132 7.137 7.140 7.140 7.137 7.130 7.120 7.112 7.104 7.097 7.097 7.105 7.121 7.147 7.185 7.232 7.284 7.329 7.380 7.446 7.515 7.584 7.651 7.718 7.785 7.848 7.907 7.950 7.994 8.053 8.110 8.166 8.217 8.266 8.311 8.349 8.381 8.400 8.419 8.446 8.472 8.496 8.518 8.537 8.555 8.572 8.586 8.593 8.600 8.614 8.627 8.640 8.652 8.664 8.676 8.686 8.694 8.697 8.701 8.709 8.716 8.724 8.730 8.735 8.740 8.744 8.747 8.747 8.747 8.749 8.752
7.103 7.112 7.120 7.128 7.135 7.141 7.147 7.152 7.155 7.156 7.153 7.145 7.135 7.126 7.118 7.112 7.112 7.120 7.139 7.168 7.210 7.261 7.317 7.364 7.415 7.484 7.554 7.623 7.691 7.759 7.825 7.888 7.949 7.990 8.033 8.091 8.148 8.201 8.252 8.299 8.342 8.378 8.407 8.424 8.441 8.466 8.490 8.513 8.533 8.552 8.569 8.585 8.599 8.606 8.613 8.626 8.639 8.652 8.665 8.677 8.688 8.697 8.705 8.707 8.710 8.718 8.725 8.731 8.737 8.742 8.747 8.751 8.754 8.754 8.754 8.756 8.759
7.114 7.123 7.132 7.140 7.148 7.155 7.161 7.167 7.171 7.172 7.169 7.161 7.150 7.142 7.134 7.127 7.129 7.139 7.160 7.194 7.238 7.295 7.355 7.401 7.453 7.523 7.594 7.665 7.734 7.801 7.867 7.931 7.992 8.032 8.073 8.130 8.185 8.237 8.285 8.331 8.373 8.405 8.430 8.447 8.463 8.487 8.509 8.530 8.549 8.567 8.583 8.599 8.613 8.619 8.626 8.639 8.652 8.665 8.677 8.689 8.700 8.708 8.715 8.717 8.720 8.727 8.733 8.739 8.745 8.750 8.754 8.758 8.761 8.761 8.760 8.763 8.766
7.124 7.134 7.143 7.152 7.160 7.168 7.175 7.181 7.185 7.187 7.184 7.176 7.166 7.158 7.151 7.146 7.149 7.162 7.187 7.223 7.273 7.333 7.393 7.439 7.492 7.564 7.636 7.707 7.777 7.845 7.912 7.976 8.035 8.073 8.113 8.168 8.221 8.272 8.318 8.362 8.400 8.430 8.454 8.470 8.486 8.507 8.528 8.548 8.566 8.583 8.599 8.614 8.627 8.633 8.639 8.652 8.665 8.678 8.690 8.701 8.711 8.719 8.726 8.728 8.730 8.736 8.742 8.747 8.753 8.757 8.761 8.765 8.768 8.768 8.767 8.770 8.773
7.132 7.143 7.153 7.162 7.171 7.179 7.187 7.194 7.199 7.201 7.199 7.192 7.182 7.176 7.170 7.166 7.171 7.188 7.216 7.257 7.311 7.371 7.431 7.478 7.532 7.604 7.678 7.751 7.821 7.890 7.958 8.021 8.077 8.114 8.153 8.206 8.257 8.306 8.350 8.390 8.426 8.455 8.479 8.494 8.508 8.529 8.549 8.568 8.585 8.601 8.616 8.630 8.643 8.648 8.654 8.666 8.679 8.692 8.703 8.714 8.723 8.730 8.736 8.738 8.740 8.745 8.751 8.756 8.761 8.765 8.769 8.772 8.775 8.775 8.774 8.777 8.780
7.140 7.151 7.161 7.171 7.181 7.190 7.198 7.205 7.212 7.215 7.214 7.207 7.199 7.194 7.189 7.188 7.197 7.216 7.248 7.292 7.348 7.408 7.469 7.516 7.571 7.645 7.720 7.794 7.866 7.936 8.003 8.064 8.119 8.154 8.192 8.243 8.292 8.338 8.380 8.418 8.451 8.480 8.503 8.518 8.532 8.552 8.571 8.589 8.605 8.620 8.634 8.647 8.659 8.664 8.669 8.682 8.694 8.706 8.717 8.726 8.735 8.742 8.748 8.749 8.750 8.755 8.760 8.765 8.769 8.773 8.776 8.779 8.782 8.782 8.782 8.785 8.788
