TsunamiDB/out54031.asc
ncols          264
nrows          230
xllcorner      497853.4375
yllcorner      4229146.0000
cellsize         5.
NODATA_value   -99
[rows 160 to 191 of 230, columns 72 to 143 of 264]
-99.000 -99.000 -99.000 -99.000 -99.000 -99.000 -99.000 -99.000 -99.000 -99.000 -99.000 -99.000 -99.000 -99.000 -99.000 -99.000 -99.000 -99.000 -99.000 -99.000 -99.000 -99.000 -99.000 -99.000 -99.000 -99.000 1.647 1.660 1.739 1.919 2.183 2.501 2.836 3.156 3.440 3.679 3.874 4.032 4.160 4.267 4.356 4.434 4.503 4.565 4.622 4.674 4.722 4.767 4.810 4.850 4.888 4.925 4.961 4.997 5.032 5.067 5.103 5.138 5.174 5.211 5.248 5.285 5.323 5.361 5.400 5.438 5.476 5.513 5.549 5.584 5.616 5.646
-99.000 -99.000 -99.000 -99.000 -99.000 -99.000 -99.000 -99.000 -99.000 -99.000 -99.000 -99.000 -99.000 -99.000 -99.000 -99.000 -99.000 -99.000 -99.000 -99.000 -99.000 -99.000 -99.000 -99.000 -99.000 1.647 1.649 1.681 1.802 2.021 2.311 2.639 2.969 3.275 3.540 3.761 3.940 4.086 4.206 4.307 4.393 4.469 4.537 4.599 4.655 4.707 4.755 4.800 4.842 4.882 4.919 4.955 4.990 5.024 5.058 5.092 5.125 5.159 5.193 5.228 5.264 5.300 5.337 5.375 5.412 5.450 5.488 5.526 5.563 5.598 5.632 5.664
-99.000 -99.000 -99.000 -99.000 -99.000 -99.000 -99.000 -99.000 -99.000 -99.000 -99.000 -99.000 -99.000 -99.000 -99.000 -99.000 -99.000 -99.000 -99.000 -99.000 -99.000 -99.000 -99.000 -99.000 -99.000 1.647 1.656 1.720 1.884 2.136 2.445 2.776 3.097 3.385 3.631 3.834 3.999 4.135 4.247 4.344 4.427 4.502 4.569 4.631 4.687 4.739 4.788 4.833 4.875 4.914 4.951 4.986 5.021 5.054 5.086 5.118 5.150 5.182 5.214 5.247 5.281 5.316 5.352 5.388 5.425 5.463 5.500 5.538 5.575 5.611 5.646 5.679
-99.000 -99.000 -99.000 -99.000 -99.000 -99.000 -99.000 -99.000 -99.000 -99.000 -99.000 -99.000 -99.000 -99.000 -99.000 -99.000 -99.000 -99.000 -99.000 -99.000 -99.000 -99.000 -99.000 -99.000 -99.000 1.648 1.673 1.777 1.981 2.261 2.581 2.909 3.217 3.487 3.714 3.900 4.052 4.178 4.285 4.377 4.459 4.532 4.599 4.661 4.718 4.770 4.819 4.865 4.907 4.947 4.984 5.018 5.052 5.085 5.116 5.146 5.176 5.207 5.237 5.268 5.300 5.333 5.367 5.402 5.438 5.475 5.512 5.550 5.587 5.624 5.660 5.694
-99.000 -99.000 -99.000 -99.000 -99.000 -99.000 -99.000 -99.000 -99.000 -99.000 -99.000 -99.000 -99.000 -99.000 -99.000 -99.000 -99.000 -99.000 -99.000 -99.000 -99.000 -99.000 -99.000 -99.000 1.647 1.653 1.704 1.851 2.091 2.392 2.718 3.038 3.329 3.580 3.788 3.959 4.100 4.218 4.319 4.408 4.488 4.561 4.627 4.689 4.746 4.800 4.849 4.896 4.939 4.979 5.016 5.051 5.085 5.117 5.147 5.177 5.206 5.234 5.262 5.291 5.321 5.352 5.384 5.417 5.452 5.488 5.524 5.561 5.599 5.636 5.672 5.707
-99.000 -99.000 -99.000 -99.000 -99.000 -99.000 -99.000 -99.000 -99.000 -99.000 -99.000 -99.000 -99.000 -99.000 -99.000 -99.000 -99.000 -99.000 -99.000 -99.000 -99.000 -99.000 -99.000 -99.000 1.648 1.665 1.754 1.942 2.212 2.526 2.852 3.161 3.433 3.665 3.856 4.013 4.143 4.254 4.350 4.436 4.514 4.586 4.653 4.715 4.773 4.827 4.878 4.925 4.969 5.011 5.049 5.084 5.118 5.150 5.180 5.209 5.237 5.264 5.290 5.317 5.345 5.373 5.403 5.434 5.467 5.502 5.537 5.573 5.610 5.648 5.684 5.720
-99.000 -99.000 -99.000 -99.000 -99.000 -99.000 -99.000 -99.000 -99.000 -99.000 -99.000 -99.000 -99.000 -99.000 -99.000 -99.000 -99.000 -99.000 -99.000 -99.000 -99.000 -99.000 -99.000 1.647 1.650 1.690 1.822 2.047 2.340 2.663 2.983 3.276 3.530 3.742 3.916 4.061 4.182 4.287 4.379 4.462 4.538 4.610 4.676 4.738 4.797 4.852 4.904 4.952 4.998 5.041 5.080 5.116 5.151 5.183 5.214 5.243 5.270 5.296 5.321 5.346 5.371 5.397 5.425 5.454 5.484 5.517 5.551 5.586 5.622 5.659 5.696 5.733
-99.000 -99.000 -99.000 -99.000 -99.000 -99.000 -99.000 -99.000 -99.000 -99.000 -99.000 -99.000 -99.000 -99.000 -99.000 -99.000 -99.000 -99.000 -99.000 -99.000 -99.000 -99.000 -99.000 1.647 1.659 1.733 1.907 2.164 2.473 2.798 3.108 3.384 3.618 3.812 3.971 4.104 4.217 4.316 4.405 4.485 4.560 4.631 4.697 4.760 4.819 4.875 4.927 4.977 5.024 5.068 5.109 5.147 5.183 5.216 5.248 5.277 5.304 5.329 5.354 5.377 5.401 5.424 5.449 5.475 5.503 5.534 5.566 5.600 5.635 5.671 5.708 5.745
-99.000 -99.000 -99.000 -99.000 -99.000 -99.000 -99.000 -99.000 -99.000 -99.000 -99.000 -99.000 -99.000 -99.000 -99.000 -99.000 -99.000 -99.000 -99.000 -99.000 -99.000 -99.000 1.647 1.649 1.679 1.795 2.008 2.291 2.611 2.931 3.227 3.484 3.699 3.875 4.021 4.144 4.250 4.344 4.428 4.507 4.580 4.650 4.716 4.779 4.838 4.895 4.949 5.000 5.048 5.093 5.135 5.175 5.213 5.248 5.280 5.310 5.338 5.364 5.388 5.411 5.433 5.454 5.477 5.500 5.525 5.553 5.583 5.615 5.649 5.684 5.721 5.758
-99.000 -99.000 -99.000 -99.000 -99.000 -99.000 -99.000 -99.000 -99.000 -99.000 -99.000 -99.000 -99.000 -99.000 -99.000 -99.000 -99.000 -99.000 -99.000 -99.000 -99.000 -99.000 1.647 1.655 1.716 1.875 2.123 2.425 2.749 3.060 3.339 3.576 3.772 3.933 4.066 4.180 4.280 4.369 4.450 4.527 4.599 4.667 4.733 4.795 4.855 4.912 4.967 5.019 5.069 5.116 5.159 5.201 5.240 5.277 5.311 5.343 5.372 5.399 5.423 5.446 5.467 5.487 5.507 5.528 5.550 5.575 5.602 5.631 5.663 5.698 5.733 5.770
-99.000 -99.000 -99.000 -99.000 -99.000 -99.000 -99.000 -99.000 -99.000 -99.000 -99.000 -99.000 -99.000 -99.000 -99.000 -99.000 -99.000 -99.000 -99.000 -99.000 -99.000 -99.000 1.648 1.671 1.772 1.973 2.249 2.564 2.885 3.184 3.444 3.661 3.839 3.985 4.108 4.214 4.307 4.392 4.471 4.545 4.616 4.683 4.748 4.810 4.870 4.928 4.983 5.036 5.087 5.135 5.180 5.223 5.265 5.304 5.340 5.374 5.405 5.433 5.459 5.482 5.503 5.522 5.541 5.559 5.579 5.600 5.624 5.650 5.680 5.712 5.747 5.783
-99.000 -99.000 -99.000 -99.000 -99.000 -99.000 -99.000 -99.000 -99.000 -99.000 -99.000 -99.000 -99.000 -99.000 -99.000 -99.000 -99.000 -99.000 -99.000 -99.000 -99.000 1.647 1.652 1.702 1.849 2.086 2.384 2.705 3.019 3.301 3.541 3.739 3.900 4.033 4.147 4.245 4.333 4.414 4.490 4.562 4.631 4.697 4.762 4.823 4.883 4.941 4.997 5.050 5.102 5.151 5.198 5.243 5.286 5.327 5.365 5.401 5.435 5.465 5.493 5.517 5.539 5.559 5.576 5.593 5.610 5.629 5.649 5.672 5.699 5.729 5.761 5.796
-99.000 -99.000 -99.000 -99.000 -99.000 -99.000 -99.000 -99.000 -99.000 -99.000 -99.000 -99.000 -99.000 -99.000 -99.000 -99.000 -99.000 -99.000 -99.000 -99.000 -99.000 1.648 1.665 1.754 1.944 2.212 2.525 2.846 3.147 3.410 3.630 3.810 3.956 4.078 4.183 4.275 4.359 4.436 4.509 4.578 4.646 4.711 4.774 4.835 4.895 4.952 5.008 5.062 5.115 5.165 5.213 5.259 5.304 5.347 5.388 5.426 5.462 5.494 5.524 5.551 5.575 5.595 5.613 5.630 5.645 5.661 5.678 5.697 5.721 5.747 5.778 5.811
-99.000 -99.000 -99.000 -99.000 -99.000 -99.000 -99.000 -99.000 -99.000 -99.000 -99.000 -99.000 -99.000 -99.000 -99.000 -99.000 -99.000 -99.000 -99.000 -99.000 1.647 1.651 1.692 1.827 2.055 2.348 2.669 2.983 3.268 3.512 3.712 3.875 4.009 4.121 4.218 4.304 4.383 4.457 4.527 4.594 4.659 4.723 4.785 4.845 4.904 4.962 5.018 5.072 5.125 5.176 5.225 5.273 5.319 5.364 5.406 5.447 5.485 5.520 5.553 5.582 5.608 5.631 5.650 5.667 5.682 5.696 5.710 5.726 5.746 5.769 5.797 5.828
-99.000 -99.000 -99.000 -99.000 -99.000 -99.000 -99.000 -99.000 -99.000 -99.000 -99.000 -99.000 -99.000 -99.000 -99.000 -99.000 -99.000 -99.000 -99.000 -99.000 1.647 1.661 1.740 1.919 2.181 2.490 2.812 3.115 3.382 3.606 3.787 3.935 4.057 4.161 4.251 4.333 4.407 4.478 4.545 4.610 4.673 4.735 4.795 4.855 4.913 4.970 5.025 5.080 5.133 5.184 5.233 5.283 5.330 5.377 5.421 5.464 5.504 5.542 5.578 5.610 5.639 5.665 5.686 5.704 5.720 5.733 5.746 5.759 5.775 5.795 5.818 5.847
-99.000 -99.000 -99.000 -99.000 -99.000 -99.000 -99.000 -99.000 -99.000 -99.000 -99.000 -99.000 -99.000 -99.000 -99.000 -99.000 -99.000 -99.000 -99.000 1.647 1.650 1.684 1.809 2.029 2.317 2.636 2.952 3.241 3.488 3.691 3.856 3.991 4.103 4.199 4.284 4.361 4.432 4.499 4.564 4.626 4.687 4.747 4.806 4.864 4.921 4.977 5.032 5.086 5.139 5.190 5.240 5.290 5.339 5.386 5.432 5.477 5.520 5.560 5.599 5.634 5.666 5.695 5.720 5.740 5.757 5.771 5.783 5.795 5.808 5.824 5.844 5.869
-99.000 -99.000 -99.000 -99.000 -99.000 -99.000 -99.000 -99.000 -99.000 -99.000 -99.000 -99.000 -99.000 -99.000 -99.000 -99.000 -99.000 -99.000 -99.000 1.647 1.658 1.728 1.898 2.154 2.461 2.782 3.088 3.358 3.585 3.770 3.919 4.042 4.146 4.236 4.316 4.389 4.456 4.521 4.583 4.643 4.702 4.760 4.816 4.872 4.928 4.982 5.036 5.090 5.142 5.193 5.244 5.294 5.344 5.392 5.440 5.486 5.531 5.574 5.615 5.653 5.689 5.721 5.749 5.773 5.793 5.809 5.822 5.833 5.845 5.858 5.874 5.895
-99.000 -99.000 -99.000 -99.000 -99.000 -99.000 -99.000 -99.000 -99.000 -99.000 -99.000 -99.000 -99.000 -99.000 -99.000 -99.000 -99.000 -99.000 1.647 1.649 1.678 1.794 2.007 2.290 2.608 2.926 3.217 3.467 3.674 3.841 3.977 4.090 4.186 4.271 4.347 4.416 4.481 4.543 4.603 4.661 4.718 4.773 4.828 4.882 4.935 4.988 5.041 5.093 5.145 5.195 5.245 5.296 5.346 5.395 5.444 5.491 5.538 5.583 5.627 5.668 5.707 5.742 5.774 5.802 5.826 5.845 5.860 5.872 5.883 5.894 5.908 5.925
-99.000 -99.000 -99.000 -99.000 -99.000 -99.000 -99.000 -99.000 -99.000 -99.000 -99.000 -99.000 -99.000 -99.000 -99.000 -99.000 -99.000 -99.000 1.647 1.655 1.718 1.881 2.130 2.434 2.756 3.064 3.337 3.567 3.754 3.906 4.031 4.135 4.225 4.305 4.377 4.444 4.507 4.567 4.624 4.680 4.735 4.788 4.841 4.893 4.944 4.995 5.046 5.096 5.146 5.196 5.245 5.295 5.345 5.395 5.444 5.493 5.541 5.588 5.634 5.678 5.720 5.759 5.795 5.827 5.854 5.877 5.896 5.910 5.922 5.933 5.944 5.959
-99.000 -99.000 -99.000 -99.000 -99.000 -99.000 -99.000 -99.000 -99.000 -99.000 -99.000 -99.000 -99.000 -99.000 -99.000 -99.000 -99.000 -99.000 1.648 1.673 1.780 1.987 2.266 2.582 2.901 3.195 3.448 3.658 3.828 3.966 4.080 4.177 4.262 4.337 4.406 4.471 4.532 4.590 4.646 4.701 4.753 4.805 4.855 4.905 4.954 5.003 5.051 5.100 5.148 5.196 5.244 5.293 5.342 5.392 5.441 5.491 5.540 5.589 5.636 5.683 5.728 5.770 5.810 5.846 5.878 5.905 5.928 5.946 5.960 5.971 5.982 5.994
-99.000 -99.000 -99.000 -99.000 -99.000 -99.000 -99.000 -99.000 -99.000 -99.000 -99.000 -99.000 -99.000 -99.000 -99.000 -99.000 -99.000 1.647 1.654 1.710 1.864 2.108 2.409 2.730 3.041 3.317 3.550 3.741 3.895 4.022 4.127 4.217 4.297 4.369 4.435 4.498 4.557 4.614 4.669 4.722 4.773 4.823 4.871 4.919 4.966 5.012 5.059 5.105 5.151 5.197 5.243 5.290 5.338 5.387 5.436 5.486 5.536 5.585 5.635 5.683 5.730 5.776 5.819 5.859 5.895 5.927 5.954 5.976 5.994 6.008 6.020 6.031
-99.000 -99.000 -99.000 -99.000 -99.000 -99.000 -99.000 -99.000 -99.000 -99.000 -99.000 -99.000 -99.000 -99.000 -99.000 -99.000 -99.000 1.648 1.669 1.768 1.966 2.241 2.556 2.876 3.173 3.431 3.643 3.817 3.958 4.073 4.171 4.255 4.330 4.399 4.463 4.524 4.582 4.638 4.692 4.743 4.794 4.842 4.889 4.935 4.980 5.024 5.068 5.112 5.156 5.199 5.243 5.288 5.334 5.381 5.430 5.479 5.529 5.579 5.629 5.679 5.729 5.777 5.823 5.867 5.907 5.943 5.975 6.002 6.023 6.040 6.054 6.066
-99.000 -99.000 -99.000 -99.000 -99.000 -99.000 -99.000 -99.000 -99.000 -99.000 -99.000 -99.000 -99.000 -99.000 -99.000 -99.000 1.647 1.652 1.701 1.846 2.084 2.382 2.703 3.016 3.296 3.535 3.729 3.887 4.015 4.121 4.211 4.290 4.361 4.428 4.490 4.550 4.607 4.661 4.714 4.765 4.815 4.862 4.908 4.953 4.996 5.039 5.080 5.122 5.163 5.203 5.244 5.287 5.331 5.376 5.423 5.471 5.520 5.570 5.621 5.672 5.723 5.773 5.822 5.869 5.913 5.953 5.989 6.020 6.046 6.067 6.084 6.098
-99.000 -99.000 -99.000 -99.000 -99.000 -99.000 -99.000 -99.000 -99.000 -99.000 -99.000 -99.000 -99.000 -99.000 -99.000 -99.000 1.648 1.665 1.754 1.944 2.213 2.526 2.848 3.148 3.411 3.630 3.807 3.951 4.068 4.165 4.249 4.323 4.392 4.456 4.516 4.575 4.631 4.685 4.737 4.787 4.836 4.883 4.928 4.972 5.014 5.055 5.095 5.134 5.173 5.211 5.249 5.289 5.330 5.372 5.417 5.463 5.510 5.560 5.611 5.662 5.714 5.766 5.817 5.866 5.913 5.957 5.997 6.032 6.062 6.087 6.108 6.125
-99.000 -99.000 -99.000 -99.000 -99.000 -99.000 -99.000 -99.000 -99.000 -99.000 -99.000 -99.000 -99.000 -99.000 -99.000 1.647 1.651 1.692 1.827 2.056 2.350 2.671 2.987 3.273 3.518 3.719 3.880 4.010 4.116 4.206 4.285 4.355 4.421 4.483 4.542 4.599 4.654 4.707 4.759 4.809 4.857 4.903 4.948 4.991 5.033 5.073 5.111 5.149 5.185 5.221 5.256 5.293 5.331 5.371 5.412 5.456 5.502 5.550 5.599 5.651 5.703 5.755 5.807 5.859 5.908 5.955 5.998 6.037 6.071 6.100 6.125 6.146
-99.000 -99.000 -99.000 -99.000 -99.000 -99.000 -99.000 -99.000 -99.000 -99.000 -99.000 -99.000 -99.000 -99.000 -99.000 1.647 1.660 1.739 1.918 2.181 2.491 2.815 3.121 3.390 3.616 3.800 3.946 4.063 4.161 4.245 4.319 4.386 4.449 4.509 4.567 4.622 4.676 4.729 4.780 4.829 4.877 4.924 4.968 5.011 5.052 5.091 5.129 5.165 5.201 5.234 5.267 5.301 5.336 5.373 5.411 5.452 5.495 5.540 5.588 5.639 5.690 5.743 5.795 5.848 5.899 5.948 5.993 6.035 6.073 6.106 6.135 6.159
-99.000 -99.000 -99.000 -99.000 -99.000 -99.000 -99.000 -99.000 -99.000 -99.000 -99.000 -99.000 -99.000 -99.000 1.647 1.649 1.683 1.805 2.024 2.313 2.634 2.954 3.247 3.499 3.707 3.874 4.006 4.113 4.203 4.281 4.351 4.416 4.476 4.535 4.591 4.645 4.698 4.750 4.800 4.850 4.897 4.943 4.988 5.030 5.071 5.110 5.148 5.183 5.217 5.250 5.281 5.313 5.345 5.378 5.413 5.450 5.490 5.533 5.579 5.627 5.677 5.729 5.782 5.834 5.886 5.936 5.984 6.028 6.068 6.105 6.137 6.165
-99.000 -99.000 -99.000 -99.000 -99.000 -99.000 -99.000 -99.000 -99.000 -99.000 -99.000 -99.000 -99.000 -99.000 1.647 1.656 1.722 1.888 2.142 2.450 2.776 3.088 3.367 3.601 3.791 3.941 4.061 4.159 4.243 4.316 4.382 4.444 4.503 4.559 4.614 4.667 4.720 4.771 4.820 4.869 4.916 4.962 5.007 5.049 5.090 5.129 5.167 5.202 5.236 5.267 5.297 5.327 5.357 5.387 5.419 5.453 5.489 5.529 5.571 5.617 5.665 5.715 5.767 5.819 5.870 5.921 5.969 6.015 6.058 6.097 6.132 6.164
-99.000 -99.000 -99.000 -99.000 -99.000 -99.000 -99.000 -99.000 -99.000 -99.000 -99.000 -99.000 -99.000 -99.000 1.648 1.673 1.780 1.987 2.269 2.590 2.915 3.217 3.479 3.695 3.867 4.004 4.112 4.203 4.281 4.350 4.413 4.472 4.529 4.584 4.637 4.689 4.740 4.790 4.840 4.888 4.935 4.980 5.025 5.067 5.109 5.148 5.186 5.221 5.255 5.286 5.315 5.344 5.372 5.400 5.429 5.460 5.492 5.528 5.567 5.609 5.654 5.702 5.751 5.802 5.853 5.903 5.952 5.998 6.042 6.083 6.121 6.155
-99.000 -99.000 -99.000 -99.000 -99.000 -99.000 -99.000 -99.000 -99.000 -99.000 -99.000 -99.000 -99.000 1.647 1.653 1.705 1.855 2.098 2.401 2.730 3.051 3.340 3.583 3.781 3.937 4.061 4.160 4.244 4.317 4.382 4.442 4.499 4.554 4.608 4.659 4.710 4.760 4.810 4.858 4.906 4.952 4.998 5.042 5.085 5.126 5.166 5.204 5.240 5.274 5.305 5.335 5.363 5.390 5.417 5.443 5.470 5.499 5.531 5.566 5.604 5.645 5.690 5.737 5.785 5.834 5.883 5.931 5.978 6.022 6.064 6.104 6.140
-99.000 -99.000 -99.000 -99.000 -99.000 -99.000 -99.000 -99.000 -99.000 -99.000 -99.000 -99.000 -99.000 1.648 1.665 1.754 1.945 2.218 2.538 2.870 3.182 3.455 3.680 3.860 4.002 4.114 4.206 4.283 4.352 4.414 4.471 4.526 4.579 4.631 4.682 4.731 4.780 4.828 4.876 4.923 4.969 5.014 5.058 5.101 5.143 5.183 5.222 5.258 5.293 5.325 5.355 5.384 5.410 5.436 5.461 5.485 5.511 5.539 5.569 5.603 5.640 5.680 5.723 5.768 5.815 5.862 5.909 5.954 5.999 6.041 6.082 6.121
-99.000 -99.000 -99.000 -99.000 -99.000 -99.000 -99.000 -99.000 -99.000 -99.000 -99.000 -99.000 1.647 1.650 1.689 1.819 2.048 2.346 2.678 3.007 3.307 3.562 3.769 3.933 4.062 4.165 4.249 4.321 4.386 4.445 4.500 4.553 4.604 4.654 4.703 4.752 4.800 4.847 4.893 4.940 4.985 5.030 5.074 5.117 5.159 5.199 5.239 5.276 5.311 5.344 5.376 5.405 5.432 5.458 5.481 5.504 5.527 5.551 5.577 5.605 5.637 5.673 5.712 5.753 5.797 5.841 5.886 5.930 5.974 6.017 6.058 6.099
