TsunamiDB/out54193.asc
ncols          264
nrows          230
xllcorner      497853.4375
yllcorner      4229146.0000
cellsize         5.
NODATA_value   -99
[rows 34 to 67 of 230, columns 0 to 76 of 264]
5.735 5.746 5.758 5.769 5.780 5.792 5.803 5.815 5.826 5.838 5.849 5.861 5.873 5.884 5.896 5.906 5.917 5.927 5.937 5.946 5.956 5.966 5.975 5.984 5.993 6.002 6.011 6.020 6.029 6.038 6.047 6.055 6.064 6.073 6.082 6.091 6.101 6.110 6.119 6.127 6.136 6.145 6.153 6.162 6.170 6.179 6.188 6.196 6.205 6.213 6.222 6.230 6.238 6.247 6.255 6.264 6.272 6.280 6.288 6.297 6.306 6.313 6.321 6.328 6.336 6.343 6.350 6.356 6.363 6.369 6.376 6.382 6.388 6.394 6.399 6.405 6.410
5.740 5.750 5.761 5.772 5.783 5.794 5.805 5.816 5.828 5.839 5.851 5.862 5.874 5.886 5.897 5.908 5.918 5.928 5.938 5.948 5.958 5.968 5.977 5.986 5.996 6.005 6.014 6.023 6.032 6.041 6.050 6.058 6.067 6.076 6.085 6.094 6.104 6.113 6.122 6.130 6.139 6.147 6.156 6.164 6.173 6.181 6.190 6.198 6.207 6.215 6.224 6.232 6.241 6.249 6.258 6.266 6.274 6.283 6.291 6.300 6.308 6.316 6.324 6.331 6.339 6.346 6.353 6.360 6.367 6.373 6.379 6.386 6.392 6.398 6.404 6.409 6.415
5.745 5.755 5.765 5.776 5.786 5.797 5.808 5.819 5.830 5.841 5.852 5.864 5.875 5.887 5.898 5.909 5.919 5.930 5.940 5.950 5.960 5.969 5.979 5.988 5.998 6.007 6.016 6.025 6.035 6.043 6.052 6.061 6.070 6.079 6.088 6.097 6.107 6.116 6.124 6.133 6.142 6.150 6.159 6.167 6.176 6.184 6.192 6.201 6.209 6.218 6.226 6.235 6.243 6.252 6.260 6.268 6.277 6.285 6.294 6.302 6.311 6.319 6.327 6.334 6.342 6.349 6.356 6.363 6.370 6.377 6.383 6.390 6.396 6.402 6.408 6.414 6.419
5.751 5.761 5.770 5.781 5.791 5.801 5.812 5.822 5.833 5.844 5.855 5.866 5.877 5.888 5.900 5.910 5.921 5.931 5.941 5.951 5.961 5.971 5.981 5.990 6.000 6.009 6.019 6.028 6.037 6.046 6.055 6.064 6.073 6.082 6.091 6.100 6.109 6.119 6.127 6.136 6.144 6.153 6.161 6.170 6.178 6.187 6.195 6.203 6.212 6.220 6.229 6.237 6.246 6.254 6.263 6.271 6.279 6.288 6.296 6.305 6.314 6.322 6.330 6.337 6.345 6.352 6.359 6.367 6.374 6.380 6.387 6.393 6.400 6.406 6.412 6.418 6.424
5.758 5.767 5.776 5.786 5.796 5.806 5.816 5.826 5.836 5.847 5.857 5.868 5.879 5.890 5.901 5.912 5.922 5.932 5.943 5.953 5.963 5.972 5.982 5.992 6.002 6.011 6.021 6.030 6.039 6.048 6.057 6.067 6.076 6.085 6.094 6.103 6.112 6.121 6.130 6.139 6.147 6.156 6.164 6.172 6.181 6.189 6.198 6.206 6.214 6.223 6.231 6.240 6.248 6.257 6.265 6.273 6.282 6.290 6.299 6.308 6.316 6.324 6.332 6.340 6.348 6.355 6.363 6.370 6.377 6.384 6.391 6.397 6.404 6.410 6.416 6.422 6.428
5.765 5.774 5.783 5.793 5.802 5.811 5.821 5.831 5.841 5.851 5.861 5.871 5.882 5.893 5.904 5.914 5.924 5.934 5.944 5.954 5.964 5.974 5.984 5.993 6.003 6.013 6.022 6.032 6.041 6.050 6.060 6.069 6.078 6.087 6.096 6.105 6.115 6.124 6.133 6.141 6.150 6.158 6.167 6.175 6.183 6.192 6.200 6.208 6.217 6.225 6.234 6.242 6.250 6.259 6.267 6.276 6.284 6.293 6.302 6.310 6.319 6.327 6.335 6.343 6.351 6.358 6.366 6.373 6.380 6.387 6.394 6.401 6.407 6.414 6.420 6.426 6.432
5.773 5.782 5.791 5.800 5.809 5.818 5.827 5.836 5.846 5.855 5.865 5.875 5.885 5.896 5.906 5.916 5.926 5.936 5.946 5.956 5.965 5.975 5.985 5.995 6.004 6.014 6.024 6.033 6.043 6.052 6.061 6.071 6.080 6.089 6.098 6.107 6.117 6.126 6.135 6.144 6.152 6.161 6.169 6.177 6.186 6.194 6.202 6.211 6.219 6.227 6.236 6.244 6.253 6.261 6.270 6.278 6.287 6.295 6.304 6.313 6.322 6.330 6.338 6.346 6.354 6.361 6.369 6.376 6.383 6.391 6.397 6.404 6.411 6.417 6.424 6.430 6.436
5.782 5.790 5.799 5.807 5.816 5.825 5.834 5.843 5.852 5.861 5.870 5.880 5.890 5.900 5.910 5.919 5.929 5.938 5.948 5.958 5.967 5.977 5.986 5.996 6.006 6.015 6.025 6.034 6.044 6.053 6.063 6.072 6.081 6.091 6.100 6.109 6.119 6.128 6.137 6.146 6.154 6.163 6.171 6.180 6.188 6.196 6.205 6.213 6.221 6.230 6.238 6.246 6.255 6.263 6.272 6.280 6.289 6.298 6.306 6.315 6.324 6.332 6.340 6.348 6.356 6.364 6.372 6.379 6.386 6.394 6.401 6.408 6.414 6.421 6.428 6.434 6.440
5.791 5.799 5.807 5.816 5.824 5.832 5.841 5.849 5.858 5.867 5.876 5.885 5.895 5.904 5.914 5.923 5.932 5.941 5.951 5.960 5.969 5.979 5.988 5.997 6.007 6.016 6.026 6.036 6.045 6.055 6.064 6.073 6.083 6.092 6.101 6.111 6.120 6.130 6.139 6.147 6.156 6.165 6.173 6.181 6.190 6.198 6.206 6.215 6.223 6.232 6.240 6.248 6.257 6.265 6.274 6.282 6.291 6.300 6.308 6.317 6.326 6.334 6.343 6.351 6.359 6.367 6.374 6.382 6.389 6.397 6.404 6.411 6.418 6.424 6.431 6.438 6.444
5.800 5.808 5.816 5.824 5.832 5.840 5.849 5.857 5.865 5.874 5.882 5.891 5.900 5.910 5.919 5.928 5.936 5.945 5.954 5.963 5.972 5.981 5.990 5.999 6.008 6.018 6.027 6.037 6.046 6.056 6.065 6.074 6.084 6.093 6.102 6.112 6.122 6.131 6.140 6.149 6.157 6.166 6.174 6.183 6.191 6.200 6.208 6.216 6.225 6.233 6.242 6.250 6.259 6.267 6.276 6.284 6.293 6.301 6.310 6.319 6.328 6.336 6.345 6.353 6.361 6.369 6.377 6.384 6.392 6.399 6.407 6.414 6.421 6.428 6.434 6.441 6.448
5.809 5.817 5.825 5.833 5.841 5.849 5.857 5.865 5.873 5.881 5.889 5.898 5.907 5.916 5.924 5.933 5.941 5.949 5.958 5.966 5.975 5.984 5.992 6.001 6.010 6.019 6.029 6.038 6.047 6.056 6.066 6.075 6.084 6.094 6.103 6.113 6.122 6.132 6.141 6.150 6.158 6.167 6.176 6.184 6.193 6.201 6.209 6.218 6.226 6.235 6.243 6.251 6.260 6.268 6.277 6.286 6.294 6.303 6.312 6.321 6.330 6.338 6.346 6.355 6.363 6.371 6.379 6.387 6.394 6.402 6.409 6.416 6.423 6.431 6.437 6.444 6.451
5.819 5.827 5.834 5.842 5.850 5.858 5.865 5.873 5.881 5.889 5.897 5.905 5.913 5.922 5.931 5.938 5.946 5.954 5.962 5.970 5.978 5.987 5.995 6.004 6.013 6.021 6.030 6.039 6.048 6.058 6.067 6.076 6.085 6.094 6.104 6.113 6.123 6.132 6.141 6.150 6.159 6.168 6.176 6.185 6.193 6.202 6.210 6.219 6.227 6.235 6.244 6.252 6.261 6.269 6.278 6.287 6.295 6.304 6.313 6.322 6.331 6.339 6.348 6.356 6.364 6.372 6.380 6.388 6.396 6.404 6.411 6.419 6.426 6.433 6.440 6.447 6.454
5.828 5.836 5.844 5.851 5.859 5.867 5.874 5.882 5.889 5.897 5.905 5.913 5.921 5.929 5.937 5.945 5.952 5.960 5.967 5.975 5.983 5.991 5.999 6.007 6.015 6.024 6.032 6.041 6.050 6.059 6.068 6.077 6.086 6.095 6.104 6.114 6.123 6.133 6.142 6.150 6.159 6.168 6.176 6.185 6.194 6.202 6.211 6.219 6.227 6.236 6.244 6.253 6.262 6.270 6.279 6.287 6.296 6.305 6.314 6.323 6.332 6.340 6.349 6.357 6.366 6.374 6.382 6.390 6.398 6.405 6.413 6.421 6.428 6.435 6.442 6.449 6.456
5.838 5.845 5.853 5.860 5.868 5.875 5.883 5.890 5.898 5.905 5.913 5.921 5.929 5.937 5.944 5.951 5.958 5.966 5.973 5.980 5.988 5.995 6.003 6.011 6.019 6.027 6.035 6.043 6.052 6.060 6.069 6.078 6.087 6.096 6.105 6.114 6.124 6.133 6.142 6.150 6.159 6.168 6.176 6.185 6.193 6.202 6.210 6.219 6.227 6.236 6.244 6.253 6.262 6.270 6.279 6.288 6.296 6.305 6.314 6.323 6.332 6.341 6.349 6.358 6.366 6.375 6.383 6.391 6.399 6.407 6.414 6.422 6.429 6.437 6.444 6.451 6.458
5.847 5.854 5.862 5.869 5.877 5.884 5.892 5.899 5.906 5.914 5.921 5.929 5.937 5.944 5.951 5.958 5.965 5.972 5.979 5.986 5.993 6.000 6.008 6.015 6.023 6.030 6.038 6.046 6.054 6.062 6.071 6.079 6.088 6.096 6.105 6.114 6.124 6.133 6.142 6.150 6.159 6.167 6.176 6.184 6.193 6.201 6.210 6.218 6.227 6.236 6.244 6.253 6.261 6.270 6.279 6.287 6.296 6.305 6.314 6.323 6.332 6.341 6.350 6.358 6.366 6.375 6.383 6.391 6.399 6.407 6.415 6.423 6.431 6.438 6.446 6.453 6.460
5.856 5.863 5.871 5.878 5.886 5.893 5.900 5.908 5.915 5.922 5.929 5.937 5.945 5.952 5.959 5.966 5.972 5.979 5.986 5.992 5.999 6.006 6.013 6.020 6.027 6.034 6.042 6.049 6.057 6.065 6.073 6.081 6.089 6.098 6.106 6.115 6.125 6.133 6.142 6.150 6.158 6.167 6.175 6.184 6.192 6.201 6.209 6.218 6.226 6.235 6.243 6.252 6.260 6.269 6.278 6.287 6.295 6.304 6.313 6.323 6.332 6.340 6.349 6.358 6.366 6.375 6.383 6.391 6.400 6.408 6.416 6.423 6.431 6.439 6.446 6.454 6.461
5.865 5.872 5.880 5.887 5.894 5.902 5.909 5.916 5.923 5.931 5.938 5.945 5.953 5.960 5.967 5.973 5.980 5.986 5.992 5.999 6.005 6.012 6.019 6.025 6.032 6.039 6.046 6.053 6.061 6.068 6.076 6.083 6.091 6.099 6.108 6.117 6.125 6.133 6.142 6.150 6.158 6.166 6.175 6.183 6.191 6.200 6.208 6.217 6.225 6.233 6.242 6.251 6.259 6.268 6.277 6.285 6.294 6.303 6.312 6.322 6.331 6.340 6.348 6.357 6.365 6.374 6.382 6.391 6.399 6.407 6.415 6.423 6.431 6.439 6.447 6.454 6.462
5.873 5.881 5.888 5.896 5.903 5.910 5.917 5.925 5.932 5.939 5.946 5.953 5.961 5.968 5.974 5.981 5.987 5.993 6.000 6.006 6.012 6.018 6.025 6.031 6.038 6.044 6.051 6.058 6.065 6.072 6.079 6.086 6.094 6.102 6.110 6.118 6.126 6.134 6.142 6.150 6.158 6.166 6.174 6.182 6.191 6.199 6.207 6.215 6.224 6.232 6.240 6.249 6.258 6.266 6.275 6.284 6.292 6.301 6.311 6.320 6.329 6.338 6.347 6.355 6.364 6.373 6.381 6.390 6.398 6.406 6.415 6.423 6.431 6.439 6.447 6.454 6.462
5.882 5.889 5.897 5.904 5.911 5.918 5.926 5.933 5.940 5.947 5.954 5.961 5.969 5.976 5.982 5.988 5.995 6.001 6.007 6.013 6.019 6.025 6.031 6.037 6.043 6.050 6.056 6.063 6.069 6.076 6.083 6.090 6.097 6.104 6.112 6.120 6.128 6.136 6.143 6.151 6.159 6.166 6.174 6.182 6.190 6.198 6.206 6.214 6.222 6.230 6.239 6.247 6.256 6.264 6.273 6.282 6.290 6.299 6.309 6.318 6.327 6.336 6.345 6.354 6.362 6.371 6.380 6.388 6.397 6.405 6.413 6.422 6.430 6.438 6.446 6.454 6.461
5.890 5.897 5.905 5.912 5.919 5.926 5.934 5.941 5.948 5.955 5.962 5.969 5.976 5.983 5.990 5.996 6.002 6.008 6.014 6.020 6.026 6.032 6.038 6.043 6.049 6.056 6.062 6.068 6.074 6.081 6.087 6.094 6.101 6.108 6.115 6.123 6.130 6.137 6.145 6.152 6.159 6.167 6.174 6.182 6.189 6.197 6.205 6.213 6.221 6.229 6.237 6.245 6.254 6.262 6.271 6.279 6.288 6.297 6.307 6.316 6.325 6.334 6.342 6.351 6.360 6.369 6.377 6.386 6.395 6.403 6.412 6.420 6.428 6.436 6.444 6.452 6.460
5.898 5.905 5.912 5.920 5.927 5.934 5.941 5.948 5.955 5.963 5.970 5.977 5.984 5.991 5.997 6.003 6.009 6.015 6.021 6.027 6.033 6.039 6.044 6.050 6.056 6.062 6.068 6.074 6.080 6.086 6.092 6.098 6.105 6.112 6.118 6.126 6.133 6.140 6.147 6.154 6.161 6.168 6.175 6.182 6.189 6.197 6.204 6.212 6.220 6.228 6.235 6.244 6.252 6.260 6.268 6.277 6.286 6.295 6.304 6.313 6.322 6.331 6.340 6.348 6.357 6.366 6.375 6.383 6.392 6.401 6.409 6.418 6.426 6.434 6.442 6.451 6.459
5.905 5.913 5.920 5.927 5.934 5.942 5.949 5.956 5.963 5.970 5.977 5.984 5.991 5.998 6.005 6.011 6.017 6.023 6.028 6.034 6.040 6.045 6.051 6.057 6.062 6.068 6.074 6.080 6.085 6.091 6.097 6.103 6.110 6.116 6.122 6.129 6.136 6.143 6.149 6.156 6.163 6.169 6.176 6.183 6.190 6.197 6.204 6.211 6.219 6.226 6.234 6.242 6.250 6.258 6.266 6.275 6.283 6.292 6.301 6.310 6.319 6.328 6.336 6.345 6.354 6.363 6.372 6.380 6.389 6.398 6.406 6.415 6.423 6.432 6.440 6.448 6.456
5.913 5.920 5.927 5.934 5.942 5.949 5.956 5.963 5.970 5.977 5.984 5.991 5.998 6.005 6.012 6.018 6.024 6.030 6.035 6.041 6.047 6.052 6.058 6.063 6.069 6.075 6.080 6.086 6.091 6.097 6.103 6.109 6.115 6.121 6.127 6.134 6.140 6.146 6.152 6.159 6.165 6.171 6.178 6.184 6.191 6.198 6.204 6.211 6.219 6.226 6.233 6.241 6.248 6.256 6.264 6.272 6.281 6.289 6.298 6.307 6.316 6.325 6.333 6.342 6.351 6.359 6.368 6.377 6.386 6.394 6.403 6.411 6.420 6.429 6.437 6.445 6.454
5.920 5.927 5.934 5.942 5.949 5.956 5.963 5.970 5.977 5.984 5.991 5.998 6.005 6.012 6.019 6.025 6.031 6.037 6.042 6.048 6.054 6.059 6.065 6.070 6.076 6.081 6.086 6.092 6.097 6.103 6.109 6.114 6.120 6.126 6.132 6.138 6.144 6.150 6.156 6.162 6.168 6.174 6.180 6.186 6.192 6.199 6.205 6.212 6.219 6.226 6.233 6.240 6.247 6.255 6.263 6.270 6.279 6.287 6.296 6.304 6.313 6.321 6.330 6.338 6.347 6.356 6.364 6.373 6.382 6.390 6.399 6.408 6.416 6.425 6.433 6.442 6.450
5.927 5.934 5.941 5.948 5.956 5.963 5.970 5.977 5.984 5.991 5.998 6.005 6.012 6.019 6.025 6.031 6.037 6.043 6.049 6.055 6.060 6.066 6.071 6.077 6.082 6.087 6.093 6.098 6.104 6.109 6.114 6.120 6.125 6.131 6.137 6.143 6.149 6.155 6.160 6.166 6.172 6.177 6.183 6.189 6.195 6.201 6.207 6.213 6.219 6.226 6.233 6.240 6.247 6.254 6.261 6.269 6.277 6.285 6.293 6.302 6.310 6.318 6.327 6.335 6.344 6.352 6.361 6.369 6.378 6.387 6.395 6.404 6.412 6.421 6.430 6.438 6.447
5.934 5.941 5.948 5.955 5.962 5.969 5.976 5.983 5.990 5.997 6.004 6.011 6.018 6.025 6.032 6.038 6.044 6.050 6.055 6.061 6.067 6.072 6.078 6.083 6.088 6.094 6.099 6.104 6.110 6.115 6.120 6.126 6.131 6.137 6.142 6.148 6.154 6.159 6.165 6.170 6.175 6.181 6.186 6.192 6.197 6.203 6.209 6.215 6.221 6.227 6.233 6.240 6.247 6.253 6.260 6.268 6.275 6.283 6.291 6.299 6.307 6.315 6.324 6.332 6.340 6.348 6.357 6.365 6.374 6.382 6.391 6.400 6.408 6.417 6.425 6.434 6.443
5.941 5.948 5.955 5.962 5.969 5.976 5.983 5.989 5.996 6.003 6.010 6.017 6.025 6.032 6.038 6.044 6.050 6.056 6.062 6.067 6.073 6.078 6.084 6.089 6.095 6.100 6.105 6.111 6.116 6.121 6.126 6.132 6.137 6.142 6.148 6.154 6.159 6.164 6.170 6.175 6.180 6.185 6.190 6.195 6.201 6.206 6.211 6.217 6.223 6.229 6.235 6.241 6.247 6.254 6.260 6.267 6.274 6.282 6.290 6.298 6.305 6.313 6.321 6.329 6.337 6.345 6.353 6.362 6.370 6.378 6.387 6.395 6.404 6.412 6.421 6.430 6.438
5.948 5.955 5.961 5.968 5.975 5.982 5.989 5.996 6.003 6.009 6.016 6.023 6.031 6.038 6.044 6.050 6.056 6.062 6.067 6.073 6.079 6.084 6.090 6.095 6.101 6.106 6.111 6.117 6.122 6.127 6.132 6.138 6.143 6.148 6.153 6.159 6.165 6.170 6.175 6.180 6.184 6.189 6.194 6.199 6.204 6.209 6.214 6.220 6.225 6.231 6.236 6.242 6.248 6.254 6.261 6.267 6.274 6.281 6.289 6.296 6.304 6.311 6.319 6.326 6.334 6.342 6.350 6.358 6.366 6.375 6.383 6.391 6.400 6.408 6.417 6.425 6.434
5.954 5.961 5.968 5.975 5.982 5.988 5.995 6.002 6.009 6.015 6.022 6.029 6.037 6.043 6.050 6.056 6.062 6.067 6.073 6.079 6.085 6.090 6.096 6.101 6.107 6.112 6.117 6.123 6.128 6.133 6.138 6.143 6.149 6.154 6.159 6.165 6.170 6.175 6.180 6.185 6.189 6.194 6.199 6.203 6.208 6.213 6.218 6.223 6.228 6.233 6.239 6.244 6.250 6.256 6.262 6.268 6.274 6.281 6.288 6.295 6.302 6.310 6.317 6.324 6.332 6.339 6.347 6.355 6.363 6.371 6.379 6.387 6.395 6.404 6.412 6.421 6.429
5.961 5.968 5.975 5.981 5.988 5.995 6.001 6.008 6.015 6.021 6.028 6.036 6.043 6.049 6.055 6.061 6.067 6.073 6.079 6.085 6.090 6.096 6.101 6.107 6.112 6.118 6.123 6.128 6.134 6.139 6.144 6.149 6.154 6.159 6.165 6.170 6.176 6.180 6.185 6.190 6.194 6.199 6.203 6.208 6.213 6.217 6.222 6.227 6.231 6.236 6.241 6.247 6.252 6.257 6.263 6.269 6.275 6.281 6.288 6.295 6.302 6.309 6.315 6.323 6.330 6.337 6.345 6.352 6.360 6.368 6.375 6.383 6.392 6.400 6.408 6.416 6.425
5.968 5.975 5.981 5.988 5.994 6.001 6.008 6.014 6.021 6.027 6.034 6.042 6.048 6.055 6.061 6.067 6.073 6.079 6.084 6.090 6.096 6.101 6.107 6.112 6.118 6.123 6.129 6.134 6.139 6.144 6.150 6.155 6.160 6.165 6.170 6.176 6.181 6.186 6.191 6.195 6.200 6.204 6.208 6.213 6.217 6.222 6.226 6.230 6.235 6.240 6.245 6.249 6.254 6.260 6.265 6.271 6.276 6.282 6.289 6.296 6.302 6.308 6.315 6.321 6.328 6.335 6.342 6.350 6.357 6.365 6.372 6.380 6.388 6.396 6.404 6.412 6.421
5.975 5.981 5.988 5.994 6.001 6.007 6.014 6.020 6.027 6.033 6.040 6.047 6.054 6.060 6.066 6.072 6.078 6.084 6.090 6.095 6.101 6.107 6.112 6.118 6.123 6.129 6.134 6.139 6.145 6.150 6.155 6.160 6.165 6.171 6.176 6.182 6.187 6.191 6.196 6.200 6.205 6.209 6.213 6.218 6.222 6.226 6.230 6.235 6.239 6.244 6.248 6.253 6.258 6.262 6.268 6.273 6.278 6.284 6.290 6.296 6.302 6.308 6.315 6.321 6.328 6.334 6.341 6.348 6.355 6.362 6.370 6.377 6.385 6.393 6.401 6.409 6.417
5.982 5.988 5.994 6.001 6.007 6.014 6.020 6.026 6.033 6.039 6.046 6.053 6.060 6.066 6.072 6.078 6.084 6.089 6.095 6.101 6.106 6.112 6.117 6.123 6.128 6.134 6.139 6.145 6.150 6.155 6.160 6.166 6.171 6.176 6.181 6.187 6.192 6.197 6.201 6.206 6.210 6.214 6.218 6.223 6.227 6.231 6.235 6.239 6.243 6.248 6.252 6.256 6.261 6.266 6.270 6.275 6.281 6.286 6.292 6.298 6.303 6.309 6.315 6.321 6.327 6.334 6.340 6.347 6.354 6.360 6.368 6.375 6.382 6.390 6.397 6.405 6.413
5.989 5.995 6.001 6.008 6.014 6.020 6.026 6.033 6.039 6.045 6.052 6.059 6.066 6.072 6.077 6.083 6.089 6.095 6.100 6.106 6.111 6.117 6.122 6.128 6.133 6.139 6.144 6.150 6.155 6.160 6.166 6.171 6.176 6.181 6.187 6.193 6.197 6.202 6.207 6.211 6.215 6.220 6.224 6.228 6.232 6.236 6.240 6.244 6.248 6.252 6.256 6.260 6.265 6.269 6.274 6.278 6.283 6.289 6.294 6.300 6.305 6.310 6.316 6.322 6.328 6.334 6.340 6.346 6.352 6.359 6.366 6.373 6.380 6.387 6.395 6.402 6.410
