TsunamiDB/out54136.asc
ncols          264
nrows          230
xllcorner      497853.4375
yllcorner      4229146.0000
cellsize         5.
NODATA_value   -99
[rows 170 to 203 of 230, columns 154 to 230 of 264]
7.320 7.324 7.327 7.331 7.334 7.337 7.340 7.342 7.344 7.344 7.340 7.332 7.321 7.313 7.304 7.296 7.294 7.301 7.317 7.342 7.379 7.421 7.466 7.500 7.541 7.601 7.662 7.724 7.784 7.841 7.897 7.946 7.989 8.017 8.046 8.086 8.125 8.161 8.193 8.222 8.248 8.270 8.290 8.302 8.315 8.332 8.350 8.366 8.382 8.397 8.411 8.425 8.438 8.446 8.453 8.467 8.481 8.494 8.506 8.517 8.527 8.536 8.544 8.549 8.553 8.560 8.567 8.573 8.580 8.585 8.591 8.596 8.602 8.605 8.608 8.614 8.620
7.322 7.326 7.330 7.333 7.337 7.340 7.343 7.345 7.347 7.347 7.344 7.336 7.326 7.318 7.311 7.305 7.305 7.314 7.331 7.359 7.396 7.440 7.488 7.523 7.565 7.627 7.690 7.753 7.813 7.871 7.925 7.974 8.015 8.041 8.068 8.107 8.144 8.178 8.208 8.236 8.261 8.282 8.302 8.314 8.325 8.343 8.359 8.375 8.390 8.404 8.418 8.431 8.444 8.452 8.460 8.473 8.486 8.499 8.511 8.522 8.532 8.540 8.548 8.552 8.556 8.563 8.570 8.576 8.582 8.587 8.593 8.598 8.604 8.607 8.610 8.616 8.623
7.324 7.328 7.332 7.336 7.339 7.343 7.346 7.349 7.351 7.351 7.348 7.341 7.331 7.325 7.319 7.315 7.317 7.328 7.347 7.375 7.414 7.460 7.510 7.546 7.590 7.654 7.719 7.782 7.843 7.900 7.953 8.000 8.039 8.064 8.090 8.126 8.161 8.193 8.223 8.249 8.273 8.294 8.313 8.325 8.336 8.353 8.369 8.384 8.398 8.412 8.425 8.438 8.451 8.458 8.466 8.479 8.492 8.505 8.516 8.526 8.536 8.544 8.552 8.555 8.559 8.566 8.572 8.578 8.584 8.589 8.594 8.600 8.606 8.609 8.612 8.619 8.626
7.326 7.330 7.335 7.339 7.343 7.346 7.350 7.353 7.355 7.356 7.353 7.346 7.338 7.333 7.329 7.326 7.331 7.343 7.362 7.392 7.432 7.481 7.533 7.571 7.616 7.682 7.747 7.810 7.870 7.926 7.979 8.023 8.061 8.084 8.109 8.143 8.176 8.208 8.235 8.261 8.285 8.305 8.324 8.335 8.346 8.362 8.377 8.392 8.406 8.419 8.431 8.444 8.457 8.464 8.472 8.485 8.498 8.510 8.521 8.531 8.540 8.548 8.555 8.558 8.562 8.568 8.574 8.580 8.585 8.590 8.596 8.601 8.608 8.611 8.614 8.621 8.628
7.329 7.333 7.338 7.342 7.346 7.350 7.354 7.357 7.360 7.362 7.360 7.354 7.346 7.343 7.340 7.339 7.345 7.358 7.379 7.409 7.451 7.501 7.556 7.596 7.642 7.708 7.773 7.836 7.895 7.951 8.002 8.045 8.082 8.104 8.126 8.159 8.191 8.221 8.248 8.273 8.296 8.317 8.334 8.345 8.355 8.371 8.386 8.400 8.413 8.426 8.438 8.451 8.464 8.471 8.478 8.491 8.503 8.515 8.525 8.535 8.543 8.551 8.558 8.561 8.564 8.570 8.575 8.581 8.586 8.591 8.596 8.602 8.609 8.612 8.616 8.623 8.630
7.332 7.337 7.341 7.346 7.350 7.355 7.359 7.362 7.366 7.368 7.367 7.362 7.355 7.353 7.351 7.351 7.359 7.373 7.395 7.427 7.469 7.521 7.581 7.623 7.668 7.735 7.800 7.862 7.920 7.976 8.026 8.068 8.102 8.122 8.144 8.175 8.206 8.235 8.261 8.286 8.308 8.328 8.345 8.355 8.365 8.380 8.395 8.409 8.422 8.434 8.445 8.457 8.471 8.478 8.485 8.497 8.509 8.520 8.530 8.539 8.547 8.554 8.560 8.563 8.566 8.571 8.577 8.582 8.587 8.592 8.597 8.603 8.610 8.614 8.618 8.625 8.632
7.335 7.340 7.345 7.350 7.355 7.360 7.364 7.368 7.372 7.375 7.375 7.370 7.365 7.363 7.363 7.365 7.373 7.389 7.413 7.445 7.489 7.548 7.611 7.650 7.695 7.762 7.827 7.888 7.945 7.999 8.048 8.088 8.119 8.139 8.160 8.191 8.220 8.248 8.274 8.298 8.320 8.339 8.356 8.365 8.375 8.390 8.404 8.417 8.430 8.442 8.453 8.465 8.479 8.485 8.492 8.504 8.515 8.525 8.534 8.543 8.551 8.557 8.563 8.565 8.568 8.573 8.578 8.583 8.588 8.593 8.598 8.605 8.612 8.616 8.619 8.626 8.634
7.339 7.344 7.350 7.355 7.360 7.365 7.370 7.375 7.380 7.383 7.383 7.380 7.376 7.376 7.377 7.380 7.389 7.407 7.432 7.468 7.516 7.577 7.638 7.677 7.722 7.788 7.852 7.912 7.969 8.021 8.068 8.105 8.136 8.156 8.175 8.205 8.234 8.262 8.287 8.311 8.332 8.350 8.366 8.376 8.385 8.399 8.413 8.426 8.439 8.450 8.462 8.474 8.487 8.493 8.499 8.510 8.520 8.530 8.539 8.547 8.554 8.560 8.565 8.567 8.569 8.574 8.579 8.584 8.589 8.594 8.600 8.606 8.613 8.617 8.621 8.628 8.635
7.342 7.348 7.354 7.360 7.365 7.371 7.377 7.382 7.388 7.392 7.393 7.391 7.388 7.389 7.391 7.396 7.407 7.427 7.455 7.494 7.545 7.605 7.664 7.702 7.748 7.813 7.876 7.935 7.990 8.040 8.085 8.121 8.153 8.172 8.191 8.220 8.249 8.276 8.300 8.323 8.343 8.361 8.377 8.386 8.394 8.408 8.423 8.436 8.448 8.460 8.471 8.483 8.495 8.500 8.506 8.516 8.526 8.535 8.543 8.550 8.557 8.562 8.567 8.569 8.571 8.576 8.581 8.586 8.591 8.596 8.602 8.608 8.615 8.618 8.622 8.629 8.636
7.347 7.353 7.359 7.365 7.371 7.378 7.384 7.390 7.396 7.401 7.404 7.402 7.400 7.403 7.407 7.413 7.427 7.449 7.479 7.521 7.573 7.631 7.688 7.727 7.772 7.836 7.898 7.957 8.010 8.058 8.101 8.138 8.169 8.188 8.206 8.235 8.263 8.289 8.313 8.335 8.355 8.372 8.388 8.396 8.404 8.419 8.433 8.446 8.458 8.470 8.481 8.492 8.503 8.508 8.513 8.522 8.531 8.540 8.547 8.554 8.559 8.564 8.569 8.571 8.572 8.577 8.582 8.587 8.592 8.598 8.603 8.610 8.616 8.619 8.623 8.630 8.637
7.351 7.358 7.364 7.371 7.378 7.385 7.391 7.398 7.405 7.411 7.415 7.415 7.414 7.419 7.425 7.433 7.448 7.473 7.505 7.547 7.599 7.656 7.712 7.750 7.795 7.858 7.919 7.977 8.028 8.075 8.117 8.154 8.185 8.203 8.221 8.250 8.278 8.303 8.326 8.347 8.366 8.383 8.399 8.407 8.415 8.429 8.443 8.456 8.468 8.480 8.491 8.501 8.511 8.516 8.520 8.529 8.537 8.544 8.551 8.557 8.562 8.567 8.571 8.573 8.574 8.579 8.584 8.589 8.594 8.599 8.605 8.611 8.617 8.620 8.624 8.630 8.637
7.355 7.363 7.370 7.377 7.385 7.392 7.399 7.407 7.415 7.422 7.427 7.428 7.429 7.435 7.443 7.453 7.470 7.497 7.530 7.572 7.623 7.678 7.734 7.772 7.817 7.879 7.939 7.995 8.046 8.092 8.134 8.170 8.202 8.219 8.237 8.265 8.292 8.317 8.339 8.360 8.379 8.395 8.411 8.419 8.426 8.440 8.454 8.467 8.479 8.490 8.501 8.510 8.519 8.523 8.527 8.535 8.542 8.549 8.554 8.560 8.565 8.569 8.573 8.575 8.576 8.581 8.586 8.591 8.596 8.601 8.607 8.612 8.618 8.621 8.624 8.631 8.637
7.360 7.368 7.376 7.384 7.391 7.400 7.408 7.416 7.425 7.433 7.439 7.442 7.444 7.452 7.462 7.473 7.493 7.520 7.554 7.595 7.645 7.700 7.755 7.794 7.838 7.900 7.959 8.014 8.064 8.109 8.150 8.186 8.218 8.235 8.252 8.280 8.307 8.331 8.353 8.373 8.391 8.408 8.423 8.431 8.438 8.452 8.466 8.478 8.490 8.501 8.511 8.520 8.527 8.531 8.534 8.541 8.547 8.553 8.558 8.563 8.567 8.572 8.576 8.577 8.579 8.583 8.588 8.593 8.598 8.603 8.608 8.614 8.619 8.622 8.625 8.631 8.637
7.364 7.373 7.381 7.390 7.399 7.407 7.417 7.426 7.436 7.445 7.452 7.456 7.460 7.469 7.481 7.494 7.515 7.543 7.577 7.618 7.667 7.722 7.777 7.816 7.860 7.921 7.979 8.033 8.082 8.126 8.167 8.203 8.234 8.251 8.268 8.296 8.322 8.346 8.367 8.386 8.404 8.420 8.436 8.443 8.450 8.464 8.477 8.489 8.500 8.511 8.520 8.528 8.535 8.538 8.540 8.546 8.552 8.557 8.562 8.566 8.570 8.574 8.578 8.579 8.581 8.585 8.590 8.595 8.600 8.605 8.610 8.615 8.620 8.623 8.626 8.631 8.637
7.369 7.378 7.387 7.396 7.406 7.415 7.426 7.436 7.447 7.457 7.465 7.470 7.475 7.486 7.500 7.515 7.537 7.566 7.599 7.640 7.688 7.742 7.799 7.838 7.881 7.941 7.998 8.052 8.099 8.143 8.184 8.219 8.250 8.267 8.283 8.311 8.336 8.360 8.381 8.400 8.417 8.433 8.448 8.456 8.462 8.476 8.489 8.500 8.511 8.521 8.529 8.537 8.543 8.545 8.547 8.552 8.557 8.561 8.565 8.569 8.573 8.577 8.581 8.582 8.583 8.588 8.592 8.597 8.601 8.606 8.611 8.616 8.621 8.624 8.626 8.632 8.637
7.373 7.383 7.393 7.403 7.413 7.424 7.435 7.446 7.458 7.468 7.477 7.484 7.490 7.503 7.518 7.535 7.558 7.587 7.620 7.660 7.708 7.762 7.821 7.860 7.902 7.962 8.018 8.070 8.117 8.161 8.201 8.236 8.267 8.283 8.299 8.326 8.352 8.375 8.395 8.414 8.431 8.447 8.462 8.469 8.476 8.489 8.501 8.512 8.522 8.531 8.539 8.546 8.551 8.552 8.553 8.558 8.562 8.566 8.570 8.573 8.577 8.580 8.584 8.585 8.586 8.590 8.595 8.599 8.604 8.608 8.613 8.618 8.623 8.625 8.627 8.632 8.637
7.377 7.388 7.399 7.409 7.420 7.432 7.444 7.456 7.468 7.480 7.489 7.496 7.504 7.519 7.535 7.553 7.577 7.607 7.641 7.681 7.727 7.785 7.845 7.883 7.924 7.983 8.038 8.089 8.135 8.179 8.218 8.253 8.283 8.299 8.315 8.342 8.367 8.390 8.410 8.428 8.445 8.462 8.477 8.483 8.489 8.502 8.513 8.524 8.533 8.542 8.549 8.555 8.558 8.559 8.560 8.564 8.567 8.571 8.574 8.577 8.581 8.584 8.588 8.588 8.589 8.593 8.598 8.602 8.606 8.610 8.615 8.619 8.624 8.626 8.628 8.633 8.638
7.381 7.393 7.404 7.416 7.427 7.440 7.452 7.465 7.478 7.490 7.500 7.508 7.518 7.534 7.553 7.572 7.597 7.627 7.662 7.703 7.752 7.810 7.868 7.905 7.946 8.003 8.058 8.108 8.154 8.196 8.235 8.269 8.300 8.315 8.331 8.357 8.382 8.405 8.425 8.444 8.461 8.477 8.492 8.498 8.503 8.515 8.526 8.536 8.544 8.552 8.558 8.563 8.566 8.566 8.567 8.570 8.573 8.576 8.579 8.582 8.585 8.588 8.592 8.592 8.593 8.596 8.601 8.605 8.609 8.613 8.617 8.621 8.626 8.627 8.629 8.633 8.638
7.386 7.398 7.410 7.422 7.434 7.447 7.461 7.474 7.488 7.499 7.509 7.519 7.532 7.550 7.570 7.591 7.618 7.649 7.684 7.727 7.777 7.833 7.889 7.927 7.968 8.024 8.077 8.127 8.172 8.214 8.252 8.286 8.317 8.332 8.346 8.373 8.398 8.421 8.441 8.460 8.477 8.492 8.507 8.512 8.517 8.528 8.538 8.547 8.555 8.562 8.567 8.571 8.574 8.574 8.573 8.576 8.579 8.582 8.584 8.587 8.590 8.593 8.596 8.596 8.596 8.600 8.604 8.608 8.612 8.616 8.620 8.624 8.628 8.629 8.630 8.634 8.638
7.390 7.402 7.415 7.428 7.441 7.455 7.469 7.483 7.496 7.508 7.519 7.531 7.545 7.565 7.587 7.610 7.639 7.671 7.708 7.751 7.801 7.856 7.911 7.948 7.989 8.045 8.098 8.147 8.192 8.233 8.270 8.303 8.333 8.348 8.363 8.390 8.415 8.437 8.458 8.476 8.493 8.508 8.521 8.526 8.531 8.541 8.551 8.559 8.566 8.571 8.576 8.579 8.582 8.581 8.581 8.583 8.586 8.588 8.590 8.592 8.595 8.598 8.600 8.600 8.600 8.604 8.608 8.611 8.615 8.619 8.623 8.626 8.630 8.630 8.631 8.635 8.638
7.394 7.407 7.420 7.433 7.447 7.461 7.475 7.489 7.503 7.515 7.528 7.542 7.559 7.581 7.605 7.630 7.660 7.694 7.732 7.775 7.824 7.878 7.932 7.970 8.011 8.066 8.119 8.168 8.212 8.251 8.287 8.320 8.350 8.365 8.379 8.406 8.432 8.454 8.475 8.493 8.509 8.524 8.536 8.540 8.544 8.554 8.563 8.570 8.576 8.580 8.584 8.587 8.590 8.589 8.588 8.590 8.592 8.595 8.596 8.598 8.601 8.603 8.605 8.605 8.605 8.608 8.612 8.615 8.619 8.622 8.626 8.629 8.632 8.632 8.633 8.636 8.639
7.398 7.412 7.425 7.439 7.453 7.467 7.481 7.495 7.509 7.523 7.537 7.554 7.573 7.597 7.623 7.650 7.682 7.718 7.755 7.798 7.846 7.899 7.954 7.993 8.033 8.088 8.142 8.190 8.232 8.270 8.305 8.337 8.368 8.382 8.396 8.423 8.449 8.472 8.492 8.510 8.525 8.539 8.551 8.554 8.557 8.566 8.574 8.581 8.586 8.590 8.593 8.595 8.598 8.597 8.596 8.598 8.600 8.601 8.603 8.605 8.606 8.608 8.611 8.610 8.610 8.613 8.616 8.620 8.623 8.626 8.629 8.632 8.634 8.634 8.635 8.637 8.640
7.403 7.416 7.430 7.443 7.457 7.471 7.485 7.500 7.514 7.529 7.546 7.565 7.587 7.613 7.641 7.670 7.704 7.740 7.778 7.820 7.866 7.920 7.977 8.017 8.057 8.113 8.166 8.212 8.253 8.290 8.323 8.355 8.386 8.400 8.414 8.441 8.467 8.489 8.509 8.526 8.541 8.554 8.565 8.568 8.570 8.578 8.585 8.591 8.595 8.599 8.601 8.604 8.606 8.605 8.604 8.605 8.607 8.608 8.610 8.611 8.612 8.614 8.617 8.616 8.615 8.618 8.621 8.624 8.627 8.630 8.633 8.635 8.637 8.637 8.636 8.638 8.640
7.407 7.421 7.434 7.447 7.461 7.474 7.489 7.504 7.519 7.536 7.555 7.577 7.601 7.629 7.658 7.689 7.725 7.762 7.800 7.841 7.889 7.943 8.002 8.043 8.083 8.140 8.191 8.235 8.274 8.309 8.342 8.373 8.404 8.418 8.432 8.459 8.484 8.506 8.525 8.542 8.556 8.568 8.578 8.580 8.582 8.589 8.595 8.601 8.604 8.607 8.610 8.612 8.614 8.613 8.611 8.613 8.614 8.616 8.617 8.618 8.619 8.621 8.623 8.622 8.621 8.624 8.627 8.629 8.632 8.634 8.637 8.639 8.640 8.639 8.638 8.640 8.641
7.412 7.425 7.438 7.451 7.464 7.477 7.492 7.507 7.523 7.542 7.564 7.588 7.614 7.643 7.674 7.707 7.745 7.784 7.823 7.865 7.912 7.967 8.028 8.070 8.111 8.166 8.216 8.259 8.296 8.330 8.361 8.391 8.421 8.436 8.450 8.476 8.501 8.522 8.540 8.557 8.571 8.582 8.591 8.592 8.594 8.600 8.605 8.610 8.613 8.616 8.619 8.620 8.622 8.621 8.619 8.621 8.622 8.623 8.624 8.625 8.626 8.627 8.629 8.628 8.627 8.630 8.632 8.635 8.637 8.639 8.641 8.642 8.643 8.642 8.641 8.642 8.643
7.416 7.429 7.441 7.453 7.466 7.479 7.493 7.509 7.527 7.548 7.572 7.599 7.627 7.658 7.689 7.725 7.766 7.806 7.847 7.890 7.937 7.993 8.059 8.102 8.141 8.195 8.243 8.284 8.319 8.351 8.380 8.409 8.441 8.455 8.468 8.495 8.518 8.538 8.556 8.572 8.585 8.596 8.603 8.604 8.605 8.611 8.616 8.620 8.622 8.625 8.627 8.629 8.631 8.629 8.627 8.629 8.630 8.631 8.632 8.632 8.633 8.634 8.637 8.635 8.634 8.636 8.639 8.641 8.642 8.644 8.646 8.647 8.647 8.645 8.643 8.644 8.644
7.420 7.432 7.443 7.455 7.468 7.481 7.495 7.511 7.531 7.555 7.581 7.609 7.639 7.672 7.705 7.744 7.786 7.829 7.873 7.918 7.964 8.029 8.098 8.137 8.174 8.226 8.271 8.309 8.342 8.372 8.399 8.430 8.462 8.475 8.487 8.513 8.535 8.555 8.572 8.587 8.599 8.608 8.615 8.615 8.616 8.621 8.625 8.629 8.632 8.634 8.636 8.637 8.639 8.637 8.635 8.637 8.638 8.639 8.639 8.640 8.640 8.642 8.645 8.643 8.642 8.644 8.645 8.647 8.648 8.650 8.651 8.651 8.650 8.648 8.646 8.646 8.647
7.424 7.435 7.445 7.458 7.470 7.483 7.498 7.515 7.536 7.561 7.588 7.618 7.652 7.687 7.721 7.764 7.809 7.856 7.903 7.951 8.005 8.072 8.134 8.172 8.207 8.256 8.298 8.334 8.366 8.394 8.422 8.453 8.482 8.494 8.507 8.531 8.552 8.571 8.586 8.601 8.612 8.620 8.626 8.626 8.626 8.631 8.635 8.638 8.640 8.643 8.644 8.646 8.647 8.645 8.643 8.644 8.646 8.647 8.648 8.648 8.649 8.651 8.653 8.651 8.649 8.651 8.652 8.654 8.654 8.655 8.656 8.655 8.655 8.652 8.650 8.649 8.649
7.428 7.439 7.449 7.460 7.473 7.485 7.501 7.519 7.541 7.566 7.595 7.629 7.667 7.703 7.739 7.785 7.836 7.886 7.937 7.992 8.050 8.113 8.171 8.206 8.240 8.285 8.325 8.359 8.389 8.418 8.446 8.475 8.502 8.513 8.525 8.548 8.568 8.585 8.600 8.613 8.623 8.631 8.637 8.637 8.637 8.641 8.644 8.647 8.649 8.651 8.653 8.654 8.655 8.653 8.651 8.652 8.654 8.655 8.656 8.657 8.658 8.659 8.661 8.659 8.657 8.658 8.659 8.660 8.661 8.661 8.661 8.660 8.659 8.656 8.654 8.653 8.652
7.432 7.442 7.452 7.464 7.476 7.489 7.505 7.524 7.545 7.571 7.602 7.640 7.682 7.720 7.759 7.811 7.865 7.920 7.977 8.035 8.094 8.154 8.206 8.239 8.271 8.313 8.351 8.384 8.414 8.442 8.469 8.496 8.521 8.531 8.543 8.564 8.583 8.600 8.614 8.625 8.635 8.642 8.647 8.647 8.647 8.650 8.654 8.656 8.658 8.660 8.661 8.662 8.663 8.661 8.659 8.661 8.662 8.664 8.665 8.666 8.667 8.668 8.669 8.667 8.665 8.666 8.667 8.667 8.667 8.667 8.666 8.665 8.664 8.661 8.658 8.657 8.656
7.437 7.446 7.456 7.468 7.480 7.493 7.509 7.528 7.550 7.577 7.611 7.653 7.700 7.740 7.782 7.839 7.898 7.958 8.018 8.078 8.137 8.193 8.241 8.273 8.303 8.342 8.377 8.409 8.438 8.465 8.491 8.516 8.539 8.549 8.560 8.580 8.598 8.613 8.626 8.637 8.646 8.652 8.658 8.657 8.657 8.660 8.663 8.665 8.667 8.668 8.669 8.670 8.671 8.670 8.668 8.669 8.671 8.672 8.674 8.675 8.676 8.677 8.678 8.675 8.673 8.674 8.674 8.674 8.673 8.673 8.672 8.670 8.669 8.665 8.662 8.661 8.660
7.441 7.451 7.460 7.472 7.484 7.497 7.513 7.533 7.555 7.583 7.620 7.666 7.719 7.763 7.807 7.869 7.933 7.998 8.060 8.120 8.178 8.230 8.276 8.305 8.333 8.369 8.403 8.434 8.462 8.488 8.512 8.536 8.557 8.566 8.576 8.595 8.612 8.626 8.638 8.649 8.657 8.663 8.668 8.668 8.667 8.670 8.673 8.675 8.676 8.677 8.678 8.679 8.680 8.678 8.676 8.677 8.679 8.681 8.682 8.684 8.685 8.686 8.686 8.684 8.681 8.681 8.681 8.681 8.680 8.679 8.677 8.676 8.674 8.671 8.667 8.666 8.664
7.446 7.456 7.465 7.476 7.489 7.501 7.518 7.538 7.561 7.591 7.631 7.683 7.742 7.788 7.835 7.903 7.971 8.037 8.101 8.161 8.217 8.267 8.309 8.336 8.362 8.397 8.429 8.458 8.484 8.509 8.532 8.554 8.574 8.583 8.592 8.609 8.625 8.639 8.650 8.660 8.668 8.674 8.678 8.678 8.677 8.680 8.682 8.684 8.685 8.685 8.686 8.687 8.688 8.686 8.684 8.686 8.688 8.690 8.691 8.693 8.694 8.694 8.694 8.692 8.689 8.689 8.688 8.687 8.686 8.685 8.683 8.681 8.680 8.676 8.673 8.671 8.669
7.452 7.461 7.469 7.481 7.493 7.506 7.523 7.544 7.569 7.601 7.645 7.703 7.767 7.815 7.866 7.938 8.007 8.075 8.138 8.198 8.253 8.300 8.339 8.365 8.389 8.421 8.451 8.479 8.505 8.528 8.551 8.571 8.590 8.598 8.607 8.623 8.637 8.651 8.661 8.671 8.678 8.684 8.688 8.688 8.687 8.689 8.691 8.693 8.693 8.694 8.695 8.696 8.697 8.695 8.693 8.695 8.697 8.699 8.700 8.701 8.702 8.703 8.702 8.699 8.697 8.696 8.695 8.694 8.693 8.691 8.689 8.687 8.685 8.682 8.678 8.676 8.674
