TsunamiDB/out54047.asc
ncols          264
nrows          230
xllcorner      497853.4375
yllcorner      4229146.0000
cellsize         5.
NODATA_value   -99
[rows 132 to 164 of 230, columns 146 to 218 of 264]
5.895 5.923 5.951 5.981 6.011 6.042 6.073 6.105 6.136 6.168 6.200 6.232 6.264 6.296 6.328 6.361 6.393 6.425 6.457 6.488 6.520 6.551 6.581 6.612 6.640 6.669 6.697 6.725 6.753 6.779 6.804 6.827 6.849 6.868 6.886 6.901 6.914 6.926 6.936 6.948 6.964 6.985 7.012 7.041 7.078 7.119 7.163 7.210 7.260 7.313 7.366 7.418 7.476 7.544 7.617 7.691 7.766 7.846 7.930 8.019 8.101 8.155 8.216 8.307 8.393 8.473 8.546 8.613 8.673 8.720 8.756 8.769 8.785
5.899 5.926 5.954 5.983 6.013 6.044 6.075 6.107 6.138 6.170 6.202 6.235 6.267 6.300 6.333 6.366 6.399 6.432 6.464 6.497 6.530 6.562 6.594 6.625 6.655 6.684 6.714 6.744 6.772 6.800 6.827 6.852 6.876 6.897 6.917 6.934 6.948 6.961 6.971 6.983 6.998 7.020 7.046 7.076 7.114 7.158 7.206 7.257 7.313 7.370 7.427 7.481 7.541 7.611 7.684 7.758 7.831 7.908 7.992 8.080 8.164 8.216 8.276 8.366 8.449 8.526 8.596 8.659 8.714 8.756 8.786 8.797 8.808
5.905 5.930 5.957 5.986 6.015 6.046 6.077 6.108 6.140 6.172 6.205 6.237 6.270 6.303 6.337 6.370 6.404 6.438 6.472 6.506 6.539 6.573 6.606 6.638 6.668 6.700 6.731 6.761 6.792 6.821 6.850 6.877 6.902 6.926 6.947 6.966 6.982 6.995 7.007 7.018 7.033 7.055 7.082 7.113 7.152 7.198 7.249 7.306 7.365 7.426 7.486 7.542 7.604 7.675 7.750 7.823 7.896 7.971 8.053 8.140 8.226 8.278 8.336 8.423 8.504 8.577 8.643 8.703 8.753 8.791 8.816 8.823 8.830
5.912 5.935 5.961 5.988 6.017 6.048 6.078 6.110 6.142 6.174 6.206 6.239 6.273 6.307 6.341 6.375 6.410 6.444 6.479 6.514 6.549 6.583 6.618 6.650 6.682 6.715 6.747 6.779 6.811 6.842 6.872 6.900 6.928 6.953 6.976 6.997 7.015 7.029 7.041 7.053 7.068 7.091 7.118 7.150 7.191 7.240 7.294 7.355 7.418 7.483 7.546 7.603 7.665 7.739 7.814 7.888 7.961 8.036 8.115 8.203 8.294 8.344 8.399 8.483 8.559 8.629 8.690 8.746 8.792 8.825 8.844 8.847 8.852
5.923 5.943 5.966 5.992 6.020 6.049 6.080 6.111 6.143 6.175 6.208 6.241 6.275 6.309 6.344 6.379 6.415 6.450 6.486 6.522 6.558 6.594 6.629 6.663 6.696 6.729 6.763 6.796 6.829 6.861 6.893 6.923 6.952 6.980 7.005 7.027 7.046 7.063 7.076 7.088 7.104 7.128 7.157 7.190 7.233 7.283 7.341 7.405 7.471 7.540 7.605 7.663 7.725 7.801 7.877 7.952 8.027 8.102 8.180 8.275 8.366 8.411 8.461 8.542 8.614 8.678 8.736 8.787 8.829 8.855 8.867 8.869 8.872
5.936 5.952 5.973 5.997 6.023 6.052 6.081 6.112 6.144 6.176 6.209 6.243 6.277 6.312 6.347 6.383 6.420 6.456 6.493 6.530 6.567 6.604 6.640 6.675 6.710 6.744 6.779 6.813 6.847 6.881 6.914 6.946 6.976 7.005 7.032 7.057 7.078 7.095 7.109 7.123 7.142 7.168 7.198 7.233 7.277 7.330 7.390 7.455 7.525 7.596 7.663 7.721 7.784 7.862 7.941 8.019 8.094 8.172 8.258 8.352 8.434 8.476 8.522 8.598 8.665 8.725 8.778 8.824 8.859 8.880 8.891 8.891 8.892
5.953 5.966 5.983 6.004 6.028 6.055 6.083 6.113 6.145 6.177 6.210 6.244 6.279 6.314 6.350 6.387 6.424 6.462 6.499 6.538 6.576 6.613 6.651 6.687 6.723 6.758 6.794 6.830 6.865 6.899 6.934 6.967 6.999 7.030 7.059 7.085 7.108 7.127 7.144 7.161 7.181 7.210 7.241 7.278 7.324 7.378 7.439 7.506 7.578 7.651 7.720 7.779 7.842 7.923 8.005 8.086 8.165 8.248 8.336 8.423 8.499 8.537 8.580 8.650 8.713 8.769 8.817 8.857 8.886 8.904 8.914 8.913 8.911
5.974 5.983 5.997 6.014 6.035 6.059 6.086 6.115 6.146 6.178 6.211 6.245 6.280 6.316 6.353 6.390 6.428 6.467 6.505 6.545 6.584 6.623 6.662 6.699 6.736 6.773 6.809 6.846 6.882 6.918 6.953 6.988 7.022 7.054 7.085 7.113 7.138 7.160 7.180 7.200 7.223 7.253 7.287 7.325 7.372 7.427 7.489 7.557 7.630 7.705 7.776 7.835 7.901 7.986 8.072 8.155 8.239 8.324 8.409 8.491 8.561 8.595 8.634 8.699 8.758 8.809 8.852 8.887 8.912 8.928 8.936 8.933 8.930
5.999 6.004 6.014 6.027 6.045 6.066 6.091 6.118 6.147 6.179 6.212 6.246 6.281 6.317 6.355 6.393 6.432 6.471 6.511 6.551 6.592 6.632 6.672 6.711 6.748 6.786 6.824 6.861 6.899 6.936 6.972 7.009 7.044 7.078 7.110 7.141 7.169 7.194 7.217 7.240 7.266 7.298 7.334 7.374 7.421 7.477 7.538 7.606 7.681 7.758 7.833 7.894 7.961 8.050 8.138 8.226 8.312 8.396 8.478 8.554 8.618 8.650 8.686 8.745 8.799 8.846 8.884 8.915 8.937 8.951 8.957 8.954 8.949
6.026 6.028 6.034 6.044 6.058 6.076 6.097 6.122 6.150 6.180 6.213 6.247 6.282 6.319 6.356 6.395 6.435 6.475 6.516 6.557 6.599 6.640 6.682 6.722 6.760 6.799 6.838 6.877 6.915 6.953 6.991 7.029 7.066 7.101 7.136 7.169 7.200 7.229 7.255 7.281 7.310 7.344 7.382 7.422 7.471 7.526 7.587 7.654 7.730 7.811 7.891 7.953 8.022 8.115 8.207 8.297 8.381 8.464 8.542 8.613 8.673 8.701 8.733 8.788 8.838 8.880 8.915 8.943 8.962 8.974 8.979 8.974 8.968
6.053 6.054 6.058 6.064 6.074 6.089 6.107 6.129 6.154 6.183 6.214 6.248 6.283 6.320 6.358 6.397 6.437 6.478 6.520 6.563 6.605 6.648 6.691 6.732 6.772 6.812 6.852 6.892 6.931 6.970 7.009 7.048 7.087 7.124 7.161 7.197 7.231 7.264 7.294 7.323 7.354 7.390 7.429 7.471 7.520 7.575 7.635 7.703 7.780 7.866 7.950 8.014 8.084 8.181 8.275 8.364 8.448 8.528 8.602 8.668 8.724 8.750 8.779 8.829 8.874 8.913 8.944 8.969 8.987 8.997 8.999 8.993 8.986
6.080 6.081 6.083 6.087 6.094 6.105 6.120 6.138 6.161 6.187 6.217 6.249 6.284 6.321 6.359 6.398 6.439 6.481 6.524 6.567 6.611 6.655 6.699 6.742 6.783 6.824 6.865 6.906 6.946 6.987 7.027 7.068 7.108 7.147 7.187 7.225 7.263 7.299 7.333 7.364 7.397 7.435 7.476 7.519 7.568 7.624 7.684 7.752 7.833 7.922 8.011 8.075 8.148 8.247 8.340 8.428 8.509 8.586 8.656 8.719 8.770 8.794 8.820 8.866 8.907 8.943 8.972 8.995 9.011 9.019 9.018 9.011 9.002
6.106 6.108 6.110 6.113 6.117 6.125 6.136 6.151 6.171 6.194 6.222 6.252 6.286 6.322 6.360 6.400 6.441 6.483 6.527 6.571 6.616 6.662 6.707 6.751 6.794 6.836 6.878 6.920 6.961 7.003 7.045 7.087 7.129 7.171 7.213 7.254 7.295 7.334 7.370 7.404 7.439 7.479 7.521 7.565 7.616 7.673 7.734 7.804 7.886 7.977 8.070 8.137 8.210 8.308 8.401 8.487 8.566 8.640 8.707 8.766 8.815 8.837 8.860 8.902 8.940 8.972 8.998 9.019 9.034 9.040 9.037 9.028 9.018
6.128 6.132 6.135 6.138 6.142 6.147 6.155 6.167 6.183 6.204 6.228 6.257 6.289 6.324 6.361 6.401 6.442 6.485 6.530 6.575 6.621 6.667 6.714 6.759 6.803 6.847 6.890 6.933 6.976 7.018 7.062 7.106 7.151 7.194 7.238 7.282 7.326 7.368 7.407 7.443 7.479 7.521 7.565 7.611 7.664 7.721 7.784 7.856 7.939 8.034 8.134 8.201 8.273 8.370 8.461 8.545 8.622 8.692 8.756 8.812 8.858 8.878 8.899 8.938 8.972 9.001 9.024 9.044 9.058 9.062 9.055 9.044 9.033
6.148 6.154 6.159 6.163 6.167 6.171 6.177 6.187 6.200 6.217 6.238 6.264 6.294 6.327 6.364 6.403 6.444 6.487 6.532 6.578 6.624 6.672 6.720 6.767 6.812 6.857 6.902 6.945 6.989 7.033 7.078 7.125 7.172 7.218 7.264 7.310 7.356 7.401 7.442 7.479 7.518 7.562 7.607 7.656 7.711 7.771 7.837 7.911 7.996 8.101 8.203 8.265 8.334 8.430 8.519 8.601 8.674 8.742 8.803 8.855 8.899 8.917 8.936 8.972 9.003 9.029 9.050 9.068 9.080 9.080 9.069 9.058 9.046
6.164 6.173 6.180 6.186 6.191 6.196 6.201 6.209 6.219 6.233 6.251 6.274 6.301 6.332 6.367 6.405 6.446 6.488 6.533 6.580 6.627 6.676 6.725 6.773 6.820 6.866 6.912 6.957 7.002 7.047 7.095 7.144 7.193 7.241 7.290 7.338 7.385 7.431 7.474 7.514 7.557 7.603 7.650 7.702 7.760 7.825 7.894 7.972 8.065 8.171 8.267 8.326 8.393 8.487 8.573 8.653 8.724 8.788 8.846 8.896 8.937 8.954 8.972 9.005 9.033 9.056 9.075 9.089 9.097 9.094 9.084 9.072 9.059
6.177 6.188 6.199 6.207 6.214 6.220 6.226 6.232 6.241 6.252 6.267 6.287 6.311 6.340 6.372 6.408 6.448 6.490 6.535 6.581 6.630 6.679 6.729 6.778 6.826 6.874 6.921 6.967 7.014 7.062 7.112 7.163 7.214 7.264 7.314 7.364 7.412 7.459 7.504 7.549 7.596 7.645 7.695 7.751 7.814 7.882 7.955 8.040 8.136 8.237 8.327 8.384 8.448 8.539 8.624 8.701 8.770 8.832 8.887 8.934 8.974 8.989 9.005 9.035 9.061 9.082 9.097 9.108 9.112 9.108 9.099 9.086 9.072
6.187 6.201 6.214 6.225 6.234 6.242 6.249 6.256 6.264 6.274 6.286 6.303 6.324 6.349 6.379 6.414 6.451 6.493 6.536 6.583 6.631 6.681 6.732 6.782 6.832 6.881 6.929 6.977 7.026 7.077 7.129 7.182 7.234 7.286 7.338 7.388 7.437 7.486 7.535 7.585 7.636 7.688 7.742 7.804 7.872 7.943 8.022 8.109 8.203 8.298 8.384 8.438 8.501 8.589 8.672 8.747 8.814 8.873 8.926 8.971 9.008 9.022 9.037 9.065 9.088 9.105 9.118 9.124 9.126 9.121 9.113 9.099 9.084
6.196 6.212 6.227 6.241 6.253 6.263 6.272 6.279 6.287 6.296 6.307 6.322 6.340 6.362 6.389 6.421 6.456 6.496 6.539 6.584 6.633 6.683 6.734 6.785 6.836 6.886 6.937 6.987 7.039 7.091 7.145 7.199 7.253 7.307 7.360 7.411 7.462 7.514 7.566 7.622 7.679 7.735 7.793 7.860 7.932 8.009 8.089 8.175 8.265 8.355 8.438 8.491 8.550 8.636 8.717 8.790 8.854 8.912 8.962 9.005 9.039 9.053 9.067 9.092 9.112 9.127 9.136 9.140 9.140 9.135 9.127 9.113 9.098
6.203 6.221 6.238 6.254 6.268 6.281 6.292 6.302 6.311 6.320 6.330 6.342 6.358 6.377 6.401 6.430 6.463 6.501 6.542 6.586 6.634 6.684 6.736 6.787 6.839 6.892 6.945 6.997 7.051 7.106 7.161 7.216 7.271 7.326 7.381 7.434 7.488 7.542 7.599 7.661 7.725 7.785 7.847 7.919 7.996 8.074 8.153 8.236 8.322 8.408 8.489 8.540 8.597 8.680 8.759 8.830 8.892 8.948 8.996 9.036 9.069 9.082 9.094 9.117 9.135 9.147 9.153 9.155 9.153 9.148 9.142 9.127 9.112
6.208 6.228 6.248 6.266 6.282 6.297 6.310 6.322 6.333 6.343 6.353 6.364 6.378 6.395 6.416 6.442 6.472 6.507 6.546 6.589 6.636 6.686 6.737 6.789 6.842 6.897 6.952 7.008 7.064 7.120 7.176 7.232 7.288 7.345 7.402 7.458 7.514 7.572 7.635 7.704 7.774 7.837 7.902 7.979 8.059 8.137 8.213 8.293 8.374 8.458 8.538 8.587 8.642 8.724 8.800 8.868 8.928 8.981 9.027 9.066 9.096 9.107 9.119 9.139 9.155 9.165 9.170 9.170 9.166 9.162 9.157 9.141 9.125
6.213 6.235 6.256 6.276 6.294 6.311 6.327 6.340 6.353 6.364 6.375 6.387 6.399 6.415 6.433 6.456 6.483 6.515 6.552 6.592 6.638 6.687 6.739 6.791 6.846 6.903 6.961 7.019 7.076 7.133 7.190 7.247 7.304 7.363 7.423 7.482 7.542 7.605 7.674 7.749 7.824 7.890 7.958 8.039 8.118 8.195 8.269 8.344 8.423 8.505 8.583 8.631 8.684 8.764 8.837 8.902 8.960 9.011 9.055 9.091 9.119 9.130 9.140 9.158 9.172 9.181 9.184 9.183 9.179 9.175 9.171 9.155 9.139
6.218 6.241 6.263 6.284 6.305 6.324 6.341 6.357 6.372 6.385 6.397 6.409 6.421 6.435 6.452 6.472 6.496 6.525 6.559 6.598 6.642 6.690 6.742 6.795 6.851 6.910 6.969 7.029 7.088 7.146 7.203 7.261 7.320 7.381 7.444 7.508 7.572 7.641 7.715 7.794 7.874 7.943 8.012 8.094 8.174 8.250 8.321 8.394 8.469 8.548 8.626 8.674 8.725 8.802 8.871 8.934 8.989 9.038 9.081 9.115 9.140 9.150 9.159 9.175 9.188 9.196 9.198 9.196 9.192 9.188 9.184 9.169 9.152
6.223 6.247 6.270 6.293 6.314 6.335 6.354 6.372 6.388 6.403 6.417 6.430 6.442 6.456 6.471 6.489 6.511 6.538 6.569 6.605 6.647 6.695 6.746 6.799 6.857 6.917 6.978 7.040 7.100 7.159 7.216 7.275 7.336 7.401 7.469 7.536 7.606 7.680 7.758 7.843 7.929 7.998 8.067 8.149 8.228 8.302 8.372 8.442 8.513 8.591 8.671 8.717 8.765 8.839 8.905 8.964 9.016 9.064 9.104 9.136 9.159 9.167 9.175 9.190 9.202 9.209 9.211 9.209 9.204 9.200 9.198 9.181 9.163
6.228 6.253 6.277 6.301 6.324 6.346 6.366 6.386 6.404 6.420 6.435 6.449 6.463 6.476 6.491 6.508 6.528 6.552 6.580 6.614 6.654 6.702 6.753 6.807 6.865 6.926 6.989 7.052 7.113 7.172 7.231 7.292 7.355 7.424 7.496 7.569 7.645 7.724 7.806 7.899 7.988 8.053 8.119 8.201 8.279 8.351 8.420 8.488 8.556 8.637 8.718 8.759 8.804 8.874 8.936 8.991 9.041 9.086 9.125 9.153 9.172 9.180 9.187 9.202 9.213 9.220 9.222 9.220 9.214 9.212 9.211 9.193 9.172
6.234 6.259 6.284 6.309 6.333 6.356 6.378 6.399 6.418 6.436 6.453 6.468 6.482 6.496 6.511 6.527 6.545 6.567 6.594 6.626 6.665 6.712 6.762 6.816 6.875 6.937 7.001 7.064 7.127 7.188 7.250 7.312 7.378 7.452 7.529 7.608 7.689 7.774 7.864 7.959 8.043 8.105 8.170 8.250 8.327 8.399 8.467 8.534 8.606 8.686 8.759 8.798 8.840 8.905 8.963 9.015 9.062 9.104 9.139 9.164 9.183 9.190 9.197 9.211 9.222 9.229 9.231 9.230 9.226 9.225 9.222 9.201 9.177
6.241 6.266 6.292 6.317 6.342 6.366 6.389 6.411 6.432 6.451 6.469 6.486 6.501 6.516 6.531 6.546 6.564 6.585 6.609 6.640 6.678 6.725 6.775 6.828 6.888 6.950 7.014 7.078 7.143 7.209 7.274 7.338 7.406 7.485 7.568 7.652 7.739 7.830 7.924 8.015 8.096 8.155 8.218 8.296 8.373 8.445 8.514 8.583 8.655 8.729 8.796 8.832 8.872 8.932 8.987 9.035 9.078 9.117 9.148 9.172 9.191 9.198 9.204 9.218 9.229 9.236 9.239 9.239 9.237 9.235 9.229 9.206 9.179
6.250 6.275 6.300 6.326 6.351 6.376 6.400 6.423 6.445 6.466 6.485 6.503 6.519 6.535 6.551 6.567 6.584 6.604 6.627 6.657 6.694 6.740 6.789 6.843 6.902 6.965 7.029 7.096 7.165 7.234 7.303 7.368 7.440 7.525 7.613 7.702 7.794 7.888 7.981 8.069 8.147 8.203 8.263 8.342 8.418 8.490 8.561 8.631 8.701 8.770 8.830 8.864 8.901 8.956 9.006 9.052 9.091 9.125 9.154 9.178 9.196 9.203 9.209 9.223 9.234 9.242 9.246 9.247 9.246 9.241 9.232 9.206 9.175
6.260 6.285 6.310 6.336 6.362 6.387 6.412 6.436 6.458 6.480 6.500 6.520 6.537 6.554 6.571 6.587 6.605 6.624 6.647 6.675 6.711 6.756 6.805 6.859 6.918 6.982 7.048 7.118 7.191 7.265 7.337 7.405 7.481 7.570 7.663 7.757 7.851 7.945 8.036 8.121 8.196 8.250 8.309 8.386 8.462 8.535 8.606 8.675 8.743 8.806 8.861 8.892 8.926 8.976 9.022 9.064 9.100 9.131 9.158 9.181 9.199 9.205 9.211 9.225 9.237 9.245 9.250 9.252 9.250 9.244 9.231 9.202 9.165
6.272 6.296 6.321 6.347 6.373 6.399 6.424 6.449 6.472 6.495 6.517 6.537 6.556 6.574 6.591 6.609 6.627 6.646 6.668 6.695 6.730 6.775 6.823 6.876 6.937 7.002 7.071 7.144 7.222 7.301 7.377 7.447 7.525 7.620 7.716 7.812 7.906 7.999 8.088 8.171 8.244 8.296 8.352 8.429 8.505 8.578 8.648 8.716 8.780 8.839 8.889 8.917 8.947 8.993 9.035 9.073 9.106 9.135 9.160 9.182 9.200 9.206 9.212 9.226 9.238 9.247 9.252 9.254 9.251 9.243 9.226 9.192 9.148
6.286 6.310 6.335 6.360 6.386 6.412 6.438 6.463 6.487 6.511 6.533 6.555 6.575 6.594 6.613 6.631 6.649 6.668 6.689 6.715 6.750 6.794 6.843 6.896 6.958 7.026 7.098 7.175 7.257 7.341 7.422 7.493 7.574 7.672 7.771 7.867 7.961 8.052 8.139 8.220 8.291 8.341 8.396 8.472 8.547 8.619 8.687 8.753 8.814 8.868 8.913 8.939 8.966 9.007 9.045 9.080 9.110 9.137 9.161 9.182 9.199 9.205 9.211 9.225 9.237 9.246 9.251 9.253 9.248 9.237 9.215 9.175 9.124
6.303 6.325 6.350 6.375 6.401 6.427 6.453 6.479 6.504 6.528 6.551 6.574 6.595 6.615 6.634 6.653 6.672 6.691 6.711 6.737 6.771 6.815 6.864 6.918 6.982 7.053 7.128 7.210 7.298 7.386 7.470 7.542 7.624 7.725 7.824 7.920 8.012 8.101 8.187 8.266 8.337 8.384 8.437 8.512 8.585 8.656 8.722 8.785 8.843 8.893 8.934 8.956 8.981 9.017 9.052 9.084 9.112 9.137 9.160 9.180 9.197 9.203 9.208 9.222 9.234 9.243 9.247 9.247 9.241 9.225 9.198 9.151 9.089
6.321 6.343 6.367 6.392 6.417 6.444 6.470 6.496 6.522 6.547 6.571 6.594 6.616 6.637 6.657 6.677 6.696 6.715 6.735 6.759 6.793 6.837 6.887 6.942 7.009 7.082 7.162 7.248 7.339 7.430 7.518 7.591 7.674 7.775 7.875 7.970 8.061 8.148 8.232 8.310 8.380 8.427 8.478 8.551 8.622 8.690 8.754 8.814 8.870 8.916 8.953 8.973 8.994 9.027 9.058 9.088 9.113 9.136 9.158 9.177 9.194 9.199 9.204 9.217 9.228 9.236 9.240 9.238 9.228 9.208 9.174 9.118 9.045
