TsunamiDB/out54165.asc
ncols          264
nrows          230
xllcorner      497853.4375
yllcorner      4229146.0000
cellsize         5.
NODATA_value   -99
[rows 170 to 203 of 230, columns 0 to 76 of 264]
6.333 6.356 6.379 6.402 6.425 6.447 6.468 6.488 6.506 6.524 6.541 6.557 6.573 6.588 6.602 6.615 6.628 6.641 6.653 6.665 6.676 6.688 6.699 6.710 6.721 6.731 6.742 6.753 6.764 6.775 6.785 6.795 6.805 6.815 6.824 6.834 6.843 6.853 6.862 6.871 6.880 6.889 6.898 6.906 6.915 6.923 6.931 6.938 6.945 6.952 6.958 6.964 6.970 6.975 6.978 6.982 6.985 6.987 6.989 6.991 6.993 6.994 6.996 6.998 7.000 7.002 7.004 7.007 7.010 7.012 7.015 7.018 7.021 7.024 7.027 7.031 7.034
6.310 6.333 6.356 6.379 6.403 6.426 6.448 6.469 6.490 6.509 6.528 6.545 6.562 6.579 6.594 6.609 6.623 6.636 6.649 6.662 6.674 6.686 6.698 6.709 6.720 6.731 6.742 6.753 6.764 6.775 6.786 6.796 6.806 6.816 6.825 6.835 6.844 6.854 6.863 6.873 6.882 6.891 6.900 6.908 6.917 6.925 6.933 6.941 6.949 6.956 6.962 6.969 6.975 6.980 6.985 6.989 6.992 6.995 6.997 6.999 7.001 7.003 7.005 7.006 7.008 7.010 7.013 7.015 7.018 7.020 7.023 7.026 7.029 7.032 7.036 7.039 7.043
6.290 6.311 6.334 6.357 6.380 6.403 6.426 6.448 6.470 6.490 6.511 6.530 6.549 6.566 6.583 6.599 6.615 6.629 6.644 6.657 6.670 6.683 6.695 6.707 6.719 6.730 6.741 6.753 6.764 6.775 6.786 6.796 6.806 6.816 6.826 6.835 6.845 6.855 6.864 6.873 6.883 6.892 6.901 6.910 6.919 6.927 6.935 6.943 6.951 6.959 6.966 6.973 6.980 6.985 6.990 6.994 6.998 7.001 7.004 7.007 7.009 7.011 7.012 7.014 7.016 7.018 7.020 7.023 7.025 7.028 7.031 7.034 7.037 7.040 7.043 7.047 7.051
6.271 6.292 6.313 6.334 6.357 6.380 6.403 6.425 6.447 6.469 6.490 6.511 6.531 6.550 6.569 6.587 6.604 6.620 6.635 6.650 6.664 6.678 6.691 6.703 6.716 6.728 6.739 6.751 6.763 6.774 6.785 6.795 6.806 6.816 6.826 6.835 6.845 6.855 6.864 6.874 6.883 6.892 6.902 6.911 6.920 6.928 6.937 6.945 6.953 6.961 6.969 6.976 6.983 6.989 6.995 6.999 7.004 7.007 7.010 7.013 7.016 7.018 7.020 7.022 7.024 7.026 7.028 7.030 7.033 7.035 7.038 7.041 7.044 7.047 7.051 7.054 7.058
6.256 6.274 6.294 6.315 6.336 6.358 6.380 6.402 6.424 6.446 6.468 6.489 6.510 6.531 6.551 6.570 6.589 6.607 6.624 6.640 6.655 6.670 6.684 6.698 6.711 6.724 6.736 6.748 6.761 6.772 6.783 6.794 6.804 6.815 6.825 6.835 6.845 6.854 6.864 6.874 6.883 6.893 6.902 6.911 6.920 6.929 6.938 6.946 6.955 6.963 6.971 6.979 6.986 6.992 6.998 7.003 7.008 7.012 7.016 7.019 7.022 7.024 7.026 7.028 7.030 7.032 7.035 7.037 7.039 7.042 7.045 7.048 7.051 7.054 7.058 7.061 7.065
6.243 6.260 6.278 6.297 6.317 6.338 6.359 6.380 6.401 6.422 6.444 6.466 6.488 6.509 6.530 6.551 6.571 6.590 6.609 6.626 6.643 6.659 6.675 6.690 6.704 6.718 6.731 6.744 6.757 6.769 6.780 6.792 6.802 6.813 6.823 6.834 6.844 6.854 6.863 6.873 6.883 6.892 6.902 6.911 6.920 6.929 6.938 6.947 6.955 6.964 6.972 6.980 6.988 6.995 7.001 7.007 7.012 7.016 7.020 7.024 7.027 7.030 7.032 7.034 7.037 7.039 7.041 7.043 7.046 7.048 7.051 7.054 7.057 7.060 7.064 7.068 7.071
6.233 6.249 6.266 6.283 6.302 6.321 6.340 6.360 6.380 6.400 6.421 6.443 6.464 6.486 6.508 6.529 6.550 6.570 6.590 6.610 6.628 6.646 6.663 6.679 6.694 6.709 6.723 6.737 6.751 6.764 6.776 6.788 6.799 6.810 6.821 6.832 6.842 6.852 6.862 6.872 6.882 6.891 6.901 6.910 6.920 6.929 6.938 6.947 6.956 6.964 6.973 6.981 6.989 6.996 7.003 7.009 7.015 7.020 7.024 7.028 7.032 7.035 7.037 7.040 7.042 7.044 7.047 7.049 7.051 7.054 7.057 7.059 7.063 7.066 7.070 7.073 7.077
6.226 6.241 6.256 6.272 6.289 6.307 6.325 6.343 6.361 6.381 6.400 6.421 6.442 6.463 6.484 6.506 6.527 6.548 6.569 6.590 6.609 6.629 6.647 6.665 6.682 6.698 6.713 6.729 6.743 6.757 6.770 6.783 6.795 6.806 6.817 6.828 6.839 6.849 6.860 6.870 6.880 6.890 6.899 6.909 6.919 6.928 6.937 6.946 6.955 6.964 6.973 6.982 6.990 6.997 7.004 7.011 7.017 7.022 7.027 7.031 7.035 7.039 7.042 7.044 7.047 7.049 7.052 7.054 7.056 7.059 7.062 7.065 7.068 7.071 7.075 7.079 7.082
6.220 6.234 6.249 6.264 6.279 6.296 6.312 6.329 6.346 6.364 6.382 6.401 6.421 6.441 6.462 6.483 6.504 6.525 6.547 6.568 6.588 6.609 6.628 6.647 6.666 6.683 6.700 6.717 6.733 6.748 6.762 6.775 6.788 6.800 6.812 6.824 6.835 6.846 6.857 6.867 6.877 6.887 6.897 6.907 6.917 6.926 6.936 6.945 6.954 6.963 6.972 6.981 6.990 6.998 7.005 7.012 7.018 7.024 7.029 7.034 7.038 7.042 7.045 7.048 7.051 7.054 7.056 7.059 7.061 7.064 7.066 7.069 7.072 7.076 7.080 7.083 7.087
6.216 6.229 6.243 6.257 6.272 6.287 6.302 6.318 6.333 6.350 6.367 6.384 6.403 6.421 6.441 6.461 6.482 6.503 6.524 6.545 6.566 6.587 6.607 6.628 6.647 6.666 6.684 6.702 6.720 6.736 6.751 6.766 6.779 6.793 6.805 6.818 6.829 6.841 6.852 6.863 6.874 6.884 6.894 6.905 6.914 6.924 6.934 6.943 6.953 6.962 6.971 6.980 6.989 6.997 7.005 7.012 7.019 7.025 7.031 7.036 7.040 7.045 7.048 7.052 7.055 7.057 7.060 7.063 7.065 7.068 7.071 7.073 7.077 7.080 7.084 7.087 7.091
6.213 6.226 6.239 6.252 6.266 6.281 6.295 6.309 6.324 6.339 6.354 6.371 6.387 6.405 6.423 6.442 6.461 6.481 6.502 6.522 6.543 6.564 6.585 6.606 6.626 6.646 6.666 6.685 6.703 6.721 6.737 6.753 6.768 6.783 6.796 6.809 6.822 6.834 6.846 6.858 6.869 6.880 6.890 6.901 6.911 6.921 6.931 6.941 6.951 6.960 6.970 6.979 6.988 6.996 7.004 7.012 7.019 7.025 7.031 7.037 7.042 7.046 7.050 7.054 7.057 7.060 7.063 7.066 7.069 7.071 7.074 7.077 7.080 7.084 7.087 7.091 7.094
6.211 6.224 6.236 6.249 6.262 6.276 6.290 6.303 6.316 6.330 6.345 6.360 6.375 6.391 6.408 6.426 6.444 6.463 6.482 6.502 6.522 6.542 6.563 6.584 6.604 6.625 6.645 6.665 6.685 6.704 6.721 6.738 6.754 6.770 6.785 6.799 6.813 6.826 6.838 6.851 6.862 6.874 6.885 6.896 6.907 6.917 6.928 6.938 6.948 6.957 6.967 6.977 6.986 6.995 7.003 7.011 7.018 7.025 7.031 7.037 7.043 7.047 7.052 7.056 7.060 7.063 7.066 7.069 7.072 7.074 7.077 7.080 7.083 7.087 7.090 7.094 7.098
6.210 6.222 6.234 6.247 6.260 6.273 6.286 6.298 6.311 6.324 6.337 6.351 6.366 6.381 6.396 6.413 6.429 6.447 6.465 6.483 6.502 6.522 6.542 6.562 6.582 6.603 6.623 6.644 6.664 6.684 6.703 6.721 6.738 6.755 6.771 6.786 6.801 6.815 6.829 6.842 6.854 6.867 6.878 6.890 6.901 6.912 6.923 6.933 6.944 6.954 6.964 6.974 6.983 6.992 7.001 7.009 7.016 7.024 7.030 7.037 7.043 7.048 7.053 7.057 7.061 7.064 7.068 7.071 7.074 7.077 7.080 7.083 7.086 7.089 7.093 7.097 7.100
6.209 6.221 6.233 6.245 6.258 6.271 6.283 6.295 6.307 6.319 6.332 6.345 6.359 6.373 6.387 6.402 6.418 6.434 6.451 6.468 6.486 6.504 6.523 6.542 6.562 6.582 6.602 6.623 6.643 6.663 6.683 6.701 6.720 6.737 6.754 6.771 6.787 6.802 6.817 6.831 6.844 6.857 6.870 6.882 6.894 6.906 6.917 6.928 6.938 6.949 6.959 6.970 6.980 6.989 6.998 7.006 7.014 7.022 7.029 7.035 7.042 7.047 7.053 7.057 7.062 7.065 7.069 7.072 7.076 7.079 7.082 7.085 7.088 7.091 7.095 7.099 7.102
6.209 6.221 6.232 6.244 6.257 6.269 6.281 6.292 6.304 6.316 6.328 6.341 6.353 6.367 6.380 6.394 6.409 6.424 6.439 6.455 6.472 6.489 6.507 6.525 6.544 6.563 6.582 6.602 6.623 6.643 6.662 6.681 6.700 6.718 6.736 6.754 6.771 6.787 6.802 6.817 6.832 6.846 6.859 6.873 6.885 6.897 6.909 6.921 6.932 6.943 6.954 6.965 6.975 6.985 6.994 7.002 7.011 7.019 7.026 7.033 7.040 7.046 7.052 7.057 7.061 7.066 7.069 7.073 7.076 7.080 7.083 7.086 7.089 7.093 7.097 7.101 7.104
6.209 6.220 6.232 6.244 6.256 6.268 6.279 6.291 6.302 6.314 6.325 6.337 6.349 6.362 6.375 6.388 6.402 6.416 6.430 6.445 6.461 6.477 6.493 6.510 6.528 6.546 6.565 6.584 6.604 6.623 6.642 6.661 6.680 6.699 6.717 6.735 6.753 6.770 6.786 6.802 6.818 6.833 6.847 6.861 6.875 6.888 6.900 6.912 6.924 6.936 6.947 6.958 6.969 6.979 6.989 6.998 7.007 7.015 7.023 7.030 7.037 7.044 7.050 7.055 7.060 7.065 7.069 7.073 7.077 7.080 7.084 7.087 7.090 7.094 7.098 7.102 7.105
6.209 6.220 6.232 6.244 6.256 6.268 6.279 6.290 6.301 6.312 6.323 6.335 6.347 6.359 6.371 6.384 6.396 6.410 6.423 6.437 6.452 6.467 6.482 6.498 6.515 6.532 6.549 6.568 6.587 6.605 6.624 6.642 6.661 6.680 6.698 6.716 6.734 6.752 6.769 6.786 6.802 6.818 6.833 6.848 6.862 6.876 6.889 6.902 6.915 6.927 6.939 6.951 6.962 6.973 6.983 6.992 7.002 7.010 7.019 7.027 7.034 7.041 7.047 7.053 7.059 7.064 7.068 7.072 7.076 7.080 7.083 7.087 7.090 7.094 7.098 7.102 7.106
6.209 6.220 6.232 6.244 6.256 6.267 6.278 6.289 6.300 6.311 6.322 6.333 6.345 6.356 6.368 6.380 6.393 6.405 6.418 6.432 6.445 6.459 6.474 6.489 6.504 6.520 6.537 6.554 6.572 6.590 6.607 6.625 6.643 6.662 6.680 6.698 6.716 6.734 6.752 6.769 6.786 6.802 6.818 6.834 6.849 6.863 6.877 6.891 6.904 6.917 6.930 6.942 6.954 6.965 6.975 6.986 6.995 7.005 7.013 7.022 7.029 7.037 7.044 7.050 7.056 7.061 7.066 7.071 7.075 7.079 7.083 7.086 7.090 7.094 7.098 7.102 7.106
6.209 6.221 6.232 6.244 6.256 6.267 6.278 6.289 6.299 6.310 6.321 6.332 6.343 6.355 6.366 6.378 6.390 6.402 6.415 6.427 6.440 6.454 6.467 6.481 6.496 6.511 6.527 6.543 6.560 6.577 6.593 6.610 6.628 6.645 6.663 6.681 6.699 6.716 6.734 6.751 6.769 6.786 6.802 6.818 6.834 6.849 6.864 6.878 6.892 6.906 6.919 6.932 6.944 6.956 6.967 6.978 6.988 6.998 7.007 7.016 7.024 7.032 7.039 7.046 7.052 7.058 7.063 7.068 7.073 7.077 7.081 7.085 7.089 7.093 7.097 7.101 7.105
6.210 6.221 6.232 6.244 6.256 6.267 6.278 6.288 6.299 6.310 6.321 6.332 6.343 6.354 6.365 6.376 6.388 6.400 6.412 6.424 6.437 6.449 6.462 6.476 6.490 6.504 6.519 6.534 6.550 6.566 6.582 6.598 6.614 6.631 6.648 6.665 6.683 6.700 6.717 6.735 6.752 6.769 6.786 6.802 6.818 6.834 6.850 6.864 6.879 6.893 6.907 6.921 6.934 6.946 6.958 6.969 6.980 6.990 7.000 7.009 7.018 7.026 7.034 7.041 7.048 7.054 7.060 7.065 7.070 7.075 7.079 7.083 7.087 7.091 7.095 7.100 7.103
6.210 6.221 6.232 6.244 6.256 6.267 6.278 6.288 6.299 6.310 6.320 6.331 6.342 6.353 6.364 6.375 6.387 6.398 6.410 6.422 6.434 6.446 6.459 6.472 6.485 6.498 6.513 6.527 6.542 6.557 6.572 6.587 6.603 6.619 6.635 6.652 6.668 6.685 6.702 6.719 6.736 6.753 6.770 6.787 6.803 6.819 6.835 6.850 6.865 6.880 6.895 6.909 6.922 6.935 6.947 6.959 6.970 6.981 6.991 7.001 7.010 7.019 7.027 7.035 7.042 7.049 7.055 7.061 7.066 7.071 7.076 7.080 7.084 7.089 7.093 7.098 7.101
6.210 6.221 6.233 6.244 6.256 6.267 6.278 6.288 6.299 6.310 6.320 6.331 6.342 6.353 6.364 6.375 6.386 6.397 6.408 6.420 6.432 6.444 6.456 6.468 6.481 6.494 6.508 6.522 6.536 6.550 6.564 6.579 6.594 6.609 6.624 6.640 6.656 6.673 6.689 6.706 6.722 6.739 6.756 6.772 6.789 6.805 6.821 6.836 6.852 6.867 6.882 6.897 6.910 6.924 6.936 6.949 6.960 6.972 6.982 6.993 7.002 7.012 7.020 7.029 7.036 7.043 7.050 7.056 7.062 7.067 7.072 7.077 7.081 7.086 7.091 7.095 7.099
6.210 6.221 6.233 6.244 6.256 6.267 6.278 6.288 6.299 6.310 6.320 6.331 6.342 6.352 6.363 6.374 6.385 6.396 6.408 6.419 6.430 6.442 6.454 6.466 6.478 6.491 6.504 6.518 6.531 6.545 6.558 6.572 6.586 6.601 6.616 6.631 6.646 6.662 6.677 6.693 6.710 6.726 6.742 6.759 6.775 6.791 6.807 6.823 6.838 6.854 6.869 6.884 6.898 6.912 6.925 6.938 6.950 6.962 6.973 6.984 6.994 7.003 7.013 7.021 7.029 7.037 7.044 7.051 7.057 7.062 7.068 7.073 7.077 7.082 7.087 7.092 7.096
6.210 6.222 6.233 6.244 6.256 6.267 6.278 6.289 6.299 6.310 6.320 6.331 6.341 6.352 6.363 6.374 6.385 6.396 6.407 6.418 6.429 6.441 6.452 6.464 6.476 6.489 6.501 6.514 6.528 6.540 6.553 6.567 6.580 6.594 6.608 6.623 6.637 6.652 6.668 6.683 6.699 6.714 6.730 6.746 6.762 6.778 6.794 6.810 6.826 6.841 6.857 6.872 6.886 6.900 6.914 6.927 6.939 6.951 6.963 6.974 6.985 6.995 7.005 7.014 7.022 7.030 7.038 7.045 7.051 7.057 7.063 7.068 7.073 7.079 7.084 7.088 7.092
6.210 6.222 6.233 6.245 6.256 6.268 6.278 6.289 6.299 6.310 6.320 6.331 6.341 6.352 6.363 6.374 6.384 6.395 6.406 6.418 6.429 6.440 6.451 6.463 6.475 6.487 6.499 6.512 6.525 6.537 6.550 6.562 6.575 6.589 6.602 6.616 6.630 6.645 6.659 6.674 6.689 6.705 6.720 6.736 6.751 6.767 6.783 6.798 6.814 6.829 6.845 6.860 6.875 6.889 6.903 6.916 6.929 6.941 6.953 6.965 6.976 6.986 6.996 7.006 7.015 7.023 7.031 7.038 7.045 7.052 7.058 7.063 7.069 7.074 7.079 7.084 7.088
6.210 6.222 6.233 6.245 6.256 6.268 6.278 6.289 6.299 6.310 6.320 6.331 6.341 6.352 6.363 6.373 6.384 6.395 6.406 6.417 6.428 6.439 6.451 6.462 6.474 6.485 6.497 6.510 6.522 6.535 6.547 6.559 6.572 6.584 6.598 6.611 6.624 6.638 6.652 6.667 6.681 6.696 6.711 6.726 6.742 6.757 6.772 6.788 6.803 6.819 6.834 6.849 6.864 6.878 6.892 6.905 6.919 6.931 6.944 6.955 6.967 6.978 6.988 6.998 7.007 7.016 7.024 7.032 7.039 7.046 7.052 7.058 7.064 7.070 7.075 7.080 7.084
6.210 6.222 6.233 6.245 6.256 6.268 6.278 6.289 6.299 6.310 6.320 6.331 6.341 6.352 6.363 6.373 6.384 6.395 6.406 6.417 6.428 6.439 6.450 6.461 6.473 6.484 6.496 6.509 6.521 6.532 6.544 6.556 6.569 6.581 6.594 6.607 6.620 6.633 6.647 6.660 6.675 6.689 6.703 6.718 6.733 6.748 6.763 6.778 6.794 6.809 6.824 6.839 6.854 6.868 6.882 6.896 6.909 6.922 6.934 6.946 6.958 6.969 6.980 6.990 7.000 7.009 7.017 7.025 7.033 7.040 7.047 7.053 7.059 7.065 7.070 7.075 7.080
6.210 6.222 6.233 6.244 6.256 6.267 6.278 6.288 6.299 6.309 6.320 6.331 6.341 6.352 6.362 6.373 6.384 6.395 6.406 6.417 6.428 6.439 6.450 6.461 6.472 6.484 6.495 6.507 6.519 6.531 6.543 6.554 6.566 6.578 6.590 6.603 6.616 6.629 6.642 6.655 6.669 6.683 6.697 6.711 6.726 6.740 6.755 6.770 6.785 6.800 6.815 6.830 6.845 6.859 6.873 6.887 6.900 6.913 6.926 6.938 6.950 6.961 6.972 6.982 6.992 7.002 7.011 7.019 7.027 7.034 7.041 7.048 7.054 7.060 7.066 7.071 7.076
6.210 6.221 6.233 6.244 6.256 6.267 6.278 6.288 6.299 6.309 6.320 6.330 6.341 6.352 6.362 6.373 6.384 6.395 6.405 6.416 6.427 6.438 6.449 6.460 6.471 6.483 6.494 6.506 6.518 6.530 6.541 6.553 6.564 6.576 6.588 6.600 6.612 6.625 6.638 6.651 6.664 6.678 6.691 6.705 6.719 6.734 6.748 6.763 6.777 6.792 6.807 6.822 6.837 6.851 6.865 6.878 6.892 6.905 6.918 6.930 6.942 6.953 6.964 6.975 6.985 6.995 7.004 7.013 7.021 7.029 7.036 7.043 7.049 7.056 7.062 7.067 7.072
6.210 6.221 6.232 6.244 6.256 6.267 6.277 6.288 6.298 6.309 6.319 6.330 6.341 6.351 6.362 6.373 6.384 6.394 6.405 6.416 6.427 6.438 6.449 6.460 6.471 6.482 6.494 6.506 6.517 6.528 6.540 6.551 6.562 6.574 6.586 6.598 6.610 6.622 6.634 6.647 6.660 6.673 6.686 6.700 6.714 6.728 6.742 6.756 6.771 6.785 6.800 6.815 6.829 6.843 6.857 6.871 6.884 6.897 6.910 6.923 6.935 6.946 6.958 6.968 6.979 6.989 6.998 7.007 7.016 7.024 7.031 7.038 7.045 7.052 7.058 7.063 7.068
6.209 6.221 6.232 6.244 6.255 6.267 6.277 6.287 6.298 6.308 6.319 6.330 6.340 6.351 6.362 6.372 6.383 6.394 6.405 6.416 6.427 6.437 6.448 6.459 6.470 6.482 6.493 6.505 6.517 6.528 6.539 6.550 6.561 6.572 6.584 6.595 6.607 6.619 6.631 6.644 6.656 6.669 6.682 6.696 6.709 6.723 6.736 6.750 6.765 6.779 6.794 6.808 6.822 6.836 6.850 6.864 6.877 6.890 6.903 6.916 6.928 6.940 6.951 6.962 6.973 6.983 6.993 7.002 7.011 7.019 7.027 7.034 7.041 7.048 7.054 7.059 7.065
6.209 6.220 6.232 6.243 6.255 6.266 6.276 6.287 6.297 6.308 6.318 6.329 6.340 6.350 6.361 6.372 6.383 6.394 6.404 6.415 6.426 6.437 6.448 6.459 6.470 6.481 6.493 6.504 6.516 6.527 6.538 6.549 6.560 6.571 6.582 6.594 6.605 6.617 6.629 6.641 6.653 6.666 6.679 6.692 6.705 6.718 6.732 6.745 6.759 6.773 6.788 6.802 6.816 6.830 6.844 6.857 6.871 6.884 6.897 6.909 6.922 6.934 6.945 6.956 6.967 6.978 6.987 6.997 7.006 7.014 7.022 7.030 7.037 7.044 7.051 7.056 7.062
6.208 6.219 6.231 6.243 6.255 6.265 6.276 6.286 6.297 6.307 6.318 6.328 6.339 6.350 6.361 6.371 6.382 6.393 6.404 6.415 6.426 6.436 6.447 6.458 6.469 6.481 6.492 6.504 6.515 6.526 6.537 6.548 6.559 6.570 6.581 6.592 6.603 6.615 6.627 6.639 6.651 6.663 6.675 6.688 6.701 6.714 6.727 6.741 6.754 6.768 6.783 6.797 6.811 6.824 6.838 6.851 6.865 6.878 6.891 6.904 6.916 6.928 6.940 6.951 6.962 6.973 6.983 6.992 7.001 7.010 7.018 7.026 7.034 7.041 7.047 7.053 7.059
6.207 6.219 6.230 6.242 6.254 6.264 6.275 6.285 6.296 6.306 6.317 6.328 6.338 6.349 6.360 6.371 6.382 6.392 6.403 6.414 6.425 6.436 6.447 6.458 6.469 6.480 6.491 6.503 6.514 6.525 6.536 6.547 6.557 6.568 6.579 6.591 6.602 6.613 6.625 6.636 6.648 6.660 6.672 6.685 6.697 6.710 6.723 6.736 6.750 6.764 6.778 6.792 6.805 6.819 6.832 6.846 6.859 6.872 6.885 6.898 6.911 6.923 6.935 6.946 6.957 6.968 6.978 6.988 6.997 7.006 7.015 7.023 7.030 7.038 7.045 7.051 7.056
