TsunamiDB/out54044.asc
ncols          264
nrows          230
xllcorner      497853.4375
yllcorner      4229146.0000
cellsize         5.
NODATA_value   -99
[rows 96 to 127 of 230, columns 146 to 218 of 264]
5.399 5.423 5.446 5.469 5.490 5.512 5.533 5.553 5.573 5.591 5.609 5.626 5.643 5.659 5.674 5.690 5.707 5.724 5.742 5.761 5.781 5.802 5.825 5.848 5.871 5.895 5.919 5.942 5.965 5.988 6.011 6.032 6.052 6.072 6.090 6.107 6.124 6.139 6.154 6.169 6.184 6.199 6.215 6.232 6.249 6.268 6.287 6.307 6.327 6.347 6.369 6.391 6.412 6.434 6.456 6.479 6.502 6.525 6.551 6.579 6.609 6.640 6.673 6.707 6.740 6.770 6.798 6.822 6.842 6.858 6.881 6.918 6.958
5.414 5.438 5.460 5.482 5.503 5.525 5.546 5.567 5.587 5.606 5.625 5.642 5.659 5.675 5.691 5.707 5.722 5.739 5.756 5.774 5.793 5.813 5.834 5.857 5.880 5.904 5.927 5.950 5.974 5.997 6.020 6.042 6.063 6.083 6.102 6.121 6.138 6.155 6.171 6.187 6.203 6.219 6.236 6.253 6.271 6.290 6.310 6.330 6.351 6.371 6.393 6.415 6.437 6.459 6.482 6.504 6.526 6.550 6.575 6.602 6.632 6.664 6.698 6.732 6.765 6.797 6.826 6.850 6.869 6.889 6.916 6.956 6.997
5.431 5.453 5.475 5.496 5.517 5.538 5.559 5.580 5.600 5.620 5.639 5.657 5.674 5.691 5.707 5.722 5.738 5.753 5.770 5.787 5.805 5.824 5.844 5.866 5.888 5.911 5.934 5.957 5.981 6.004 6.027 6.050 6.072 6.093 6.113 6.132 6.151 6.169 6.187 6.204 6.221 6.238 6.255 6.273 6.292 6.311 6.332 6.353 6.373 6.394 6.417 6.439 6.462 6.484 6.507 6.529 6.551 6.574 6.599 6.626 6.655 6.687 6.721 6.755 6.789 6.821 6.851 6.876 6.899 6.923 6.955 6.998 7.042
5.449 5.470 5.491 5.511 5.531 5.551 5.572 5.592 5.612 5.632 5.651 5.669 5.687 5.705 5.721 5.737 5.752 5.768 5.783 5.800 5.817 5.835 5.854 5.875 5.896 5.918 5.940 5.963 5.987 6.011 6.034 6.057 6.080 6.101 6.123 6.143 6.163 6.182 6.201 6.219 6.237 6.255 6.274 6.293 6.312 6.332 6.353 6.374 6.396 6.417 6.440 6.463 6.486 6.509 6.531 6.553 6.575 6.598 6.622 6.649 6.678 6.709 6.742 6.777 6.812 6.845 6.875 6.904 6.932 6.961 6.998 7.045 7.093
5.469 5.489 5.509 5.527 5.546 5.566 5.585 5.604 5.624 5.643 5.662 5.681 5.699 5.717 5.734 5.750 5.766 5.781 5.797 5.812 5.829 5.846 5.864 5.883 5.904 5.924 5.946 5.969 5.992 6.016 6.039 6.063 6.086 6.109 6.131 6.152 6.173 6.194 6.214 6.233 6.252 6.272 6.291 6.311 6.331 6.351 6.373 6.395 6.417 6.439 6.462 6.485 6.509 6.532 6.555 6.577 6.599 6.622 6.646 6.671 6.699 6.730 6.763 6.798 6.833 6.867 6.901 6.934 6.967 7.003 7.046 7.097 7.150
5.491 5.511 5.529 5.546 5.564 5.582 5.600 5.618 5.637 5.655 5.674 5.692 5.710 5.728 5.745 5.762 5.778 5.794 5.809 5.825 5.840 5.856 5.874 5.892 5.911 5.931 5.951 5.973 5.997 6.020 6.044 6.068 6.091 6.115 6.138 6.160 6.182 6.204 6.225 6.246 6.266 6.287 6.307 6.327 6.348 6.369 6.391 6.414 6.436 6.459 6.483 6.507 6.531 6.555 6.578 6.601 6.623 6.645 6.668 6.693 6.720 6.751 6.783 6.818 6.854 6.891 6.929 6.968 7.007 7.050 7.098 7.154 7.211
5.515 5.534 5.551 5.567 5.584 5.601 5.617 5.634 5.651 5.668 5.686 5.704 5.721 5.739 5.756 5.773 5.790 5.806 5.821 5.836 5.851 5.867 5.883 5.900 5.919 5.937 5.957 5.978 6.000 6.024 6.047 6.071 6.095 6.119 6.143 6.167 6.190 6.213 6.235 6.257 6.279 6.300 6.321 6.343 6.364 6.386 6.409 6.432 6.455 6.478 6.502 6.527 6.552 6.576 6.600 6.623 6.646 6.668 6.691 6.714 6.741 6.770 6.803 6.838 6.876 6.917 6.960 7.004 7.051 7.100 7.153 7.212 7.272
5.540 5.559 5.575 5.591 5.607 5.623 5.638 5.653 5.668 5.684 5.700 5.717 5.733 5.750 5.767 5.784 5.801 5.817 5.832 5.847 5.862 5.877 5.893 5.909 5.926 5.944 5.962 5.982 6.004 6.027 6.050 6.074 6.099 6.123 6.148 6.172 6.197 6.220 6.244 6.267 6.290 6.312 6.335 6.357 6.379 6.402 6.425 6.449 6.472 6.496 6.520 6.546 6.572 6.597 6.622 6.646 6.669 6.691 6.713 6.735 6.761 6.790 6.824 6.860 6.901 6.946 6.994 7.045 7.098 7.152 7.209 7.270 7.332
5.565 5.584 5.601 5.617 5.632 5.647 5.661 5.675 5.689 5.703 5.717 5.732 5.748 5.763 5.780 5.796 5.812 5.828 5.843 5.859 5.873 5.888 5.903 5.918 5.934 5.950 5.968 5.987 6.008 6.030 6.053 6.077 6.101 6.126 6.151 6.177 6.202 6.227 6.252 6.276 6.300 6.323 6.347 6.370 6.393 6.416 6.440 6.464 6.488 6.512 6.538 6.564 6.590 6.616 6.642 6.667 6.690 6.713 6.734 6.757 6.782 6.812 6.846 6.885 6.929 6.977 7.030 7.086 7.145 7.204 7.264 7.327 7.391
5.591 5.611 5.628 5.643 5.659 5.674 5.687 5.700 5.713 5.725 5.738 5.751 5.765 5.779 5.794 5.809 5.825 5.840 5.855 5.870 5.885 5.899 5.913 5.928 5.943 5.958 5.974 5.992 6.012 6.033 6.055 6.079 6.103 6.129 6.155 6.181 6.207 6.233 6.259 6.284 6.309 6.334 6.358 6.382 6.405 6.429 6.454 6.478 6.503 6.528 6.554 6.581 6.608 6.635 6.662 6.688 6.712 6.735 6.757 6.779 6.803 6.835 6.871 6.911 6.959 7.011 7.068 7.130 7.193 7.256 7.320 7.384 7.447
5.616 5.636 5.654 5.671 5.687 5.702 5.715 5.728 5.740 5.751 5.762 5.774 5.786 5.798 5.811 5.825 5.839 5.854 5.868 5.883 5.897 5.911 5.925 5.939 5.953 5.967 5.982 5.999 6.017 6.037 6.059 6.082 6.106 6.131 6.157 6.184 6.211 6.238 6.265 6.291 6.317 6.343 6.368 6.393 6.417 6.442 6.467 6.492 6.517 6.542 6.569 6.597 6.626 6.654 6.682 6.709 6.734 6.758 6.780 6.801 6.827 6.861 6.899 6.942 6.993 7.048 7.110 7.176 7.242 7.309 7.375 7.438 7.502
5.640 5.661 5.680 5.698 5.715 5.730 5.744 5.757 5.769 5.779 5.790 5.800 5.810 5.821 5.832 5.844 5.857 5.870 5.883 5.897 5.911 5.924 5.938 5.951 5.964 5.977 5.991 6.007 6.024 6.043 6.063 6.086 6.109 6.135 6.161 6.188 6.215 6.243 6.271 6.298 6.325 6.352 6.378 6.404 6.429 6.454 6.480 6.505 6.531 6.557 6.584 6.613 6.643 6.672 6.701 6.730 6.756 6.781 6.803 6.827 6.856 6.891 6.931 6.977 7.030 7.090 7.154 7.222 7.291 7.361 7.430 7.492 7.556
5.662 5.685 5.705 5.724 5.742 5.758 5.773 5.787 5.799 5.810 5.820 5.829 5.838 5.847 5.856 5.867 5.877 5.889 5.901 5.914 5.926 5.939 5.952 5.964 5.977 5.989 6.002 6.016 6.032 6.050 6.070 6.091 6.114 6.139 6.165 6.192 6.220 6.248 6.277 6.305 6.333 6.361 6.388 6.414 6.440 6.466 6.492 6.518 6.544 6.571 6.599 6.629 6.660 6.691 6.721 6.751 6.779 6.805 6.830 6.857 6.888 6.926 6.968 7.016 7.072 7.133 7.199 7.268 7.340 7.413 7.484 7.546 7.610
5.683 5.707 5.728 5.748 5.768 5.786 5.802 5.817 5.830 5.841 5.851 5.860 5.869 5.876 5.884 5.893 5.902 5.911 5.922 5.933 5.944 5.956 5.968 5.980 5.992 6.003 6.015 6.028 6.043 6.059 6.078 6.098 6.120 6.145 6.170 6.197 6.226 6.254 6.284 6.313 6.342 6.370 6.398 6.425 6.452 6.479 6.505 6.532 6.559 6.586 6.615 6.646 6.678 6.710 6.742 6.773 6.803 6.832 6.860 6.890 6.923 6.963 7.007 7.058 7.115 7.177 7.243 7.314 7.389 7.466 7.539 7.601 7.666
5.702 5.727 5.749 5.771 5.792 5.811 5.829 5.845 5.860 5.872 5.883 5.893 5.901 5.909 5.915 5.922 5.929 5.937 5.946 5.955 5.965 5.975 5.986 5.997 6.008 6.019 6.029 6.042 6.056 6.071 6.088 6.107 6.129 6.152 6.177 6.204 6.232 6.262 6.291 6.321 6.351 6.380 6.409 6.437 6.465 6.492 6.519 6.546 6.573 6.601 6.631 6.663 6.696 6.729 6.763 6.797 6.830 6.862 6.894 6.926 6.962 7.003 7.049 7.101 7.159 7.222 7.288 7.360 7.438 7.518 7.596 7.659 7.727
5.719 5.745 5.769 5.791 5.814 5.835 5.854 5.872 5.888 5.903 5.915 5.926 5.934 5.942 5.949 5.955 5.960 5.966 5.973 5.980 5.988 5.997 6.006 6.016 6.026 6.036 6.046 6.058 6.071 6.085 6.101 6.119 6.139 6.162 6.186 6.213 6.241 6.270 6.300 6.330 6.361 6.391 6.420 6.449 6.478 6.506 6.534 6.562 6.589 6.617 6.648 6.681 6.715 6.750 6.786 6.822 6.858 6.894 6.929 6.965 7.003 7.045 7.092 7.145 7.204 7.268 7.334 7.406 7.487 7.572 7.655 7.720 7.790
5.734 5.761 5.786 5.810 5.834 5.856 5.877 5.897 5.915 5.931 5.945 5.957 5.968 5.976 5.983 5.989 5.994 5.998 6.003 6.008 6.014 6.021 6.029 6.037 6.046 6.055 6.064 6.075 6.087 6.101 6.116 6.133 6.152 6.174 6.198 6.223 6.251 6.280 6.310 6.341 6.372 6.403 6.433 6.463 6.492 6.521 6.549 6.578 6.605 6.634 6.665 6.700 6.735 6.772 6.810 6.850 6.889 6.928 6.967 7.005 7.045 7.088 7.136 7.190 7.250 7.314 7.380 7.454 7.538 7.629 7.717 7.782 7.854
5.747 5.775 5.801 5.826 5.851 5.875 5.898 5.920 5.939 5.957 5.974 5.988 5.999 6.009 6.017 6.023 6.028 6.032 6.036 6.040 6.044 6.049 6.055 6.061 6.069 6.076 6.085 6.095 6.106 6.119 6.133 6.149 6.168 6.188 6.211 6.236 6.263 6.292 6.322 6.353 6.384 6.416 6.447 6.477 6.507 6.537 6.566 6.595 6.622 6.652 6.684 6.719 6.757 6.795 6.836 6.878 6.921 6.964 7.006 7.046 7.087 7.131 7.180 7.235 7.296 7.360 7.428 7.504 7.592 7.688 7.781 7.846 7.921
5.759 5.787 5.814 5.841 5.867 5.892 5.917 5.940 5.961 5.981 5.999 6.015 6.029 6.041 6.050 6.058 6.063 6.067 6.070 6.073 6.076 6.079 6.083 6.088 6.094 6.100 6.108 6.117 6.127 6.139 6.153 6.168 6.185 6.204 6.226 6.251 6.277 6.305 6.335 6.366 6.398 6.430 6.462 6.493 6.524 6.554 6.584 6.612 6.641 6.671 6.704 6.741 6.779 6.820 6.863 6.908 6.954 7.000 7.044 7.086 7.129 7.174 7.223 7.279 7.341 7.407 7.477 7.556 7.647 7.745 7.842 7.910 7.984
5.770 5.799 5.826 5.853 5.881 5.907 5.933 5.957 5.981 6.002 6.023 6.041 6.057 6.070 6.082 6.091 6.098 6.102 6.106 6.108 6.110 6.112 6.114 6.118 6.122 6.126 6.133 6.141 6.151 6.162 6.174 6.188 6.205 6.223 6.244 6.267 6.293 6.320 6.350 6.381 6.413 6.445 6.478 6.510 6.541 6.572 6.602 6.631 6.660 6.691 6.724 6.763 6.803 6.845 6.891 6.938 6.987 7.035 7.082 7.126 7.170 7.216 7.266 7.324 7.388 7.456 7.528 7.610 7.703 7.806 7.910 7.977 8.049
5.779 5.808 5.837 5.864 5.893 5.920 5.947 5.973 5.998 6.021 6.043 6.063 6.081 6.097 6.111 6.122 6.130 6.137 6.141 6.144 6.145 6.146 6.148 6.150 6.152 6.155 6.160 6.167 6.176 6.186 6.198 6.211 6.226 6.244 6.264 6.286 6.311 6.337 6.367 6.397 6.429 6.462 6.495 6.528 6.560 6.591 6.622 6.651 6.680 6.711 6.746 6.786 6.828 6.872 6.919 6.969 7.020 7.071 7.120 7.166 7.211 7.258 7.310 7.370 7.436 7.507 7.584 7.669 7.764 7.877 7.983 8.044 8.112
5.787 5.817 5.846 5.874 5.903 5.931 5.959 5.986 6.012 6.037 6.061 6.083 6.103 6.121 6.137 6.150 6.161 6.169 6.175 6.178 6.181 6.182 6.183 6.184 6.185 6.187 6.191 6.197 6.204 6.213 6.224 6.236 6.250 6.267 6.285 6.307 6.330 6.356 6.385 6.415 6.447 6.480 6.513 6.546 6.579 6.611 6.642 6.672 6.701 6.733 6.769 6.810 6.854 6.899 6.948 7.000 7.053 7.105 7.156 7.205 7.253 7.302 7.356 7.419 7.489 7.564 7.644 7.735 7.838 7.951 8.050 8.108 8.173
5.795 5.825 5.853 5.883 5.912 5.941 5.970 5.998 6.025 6.052 6.077 6.100 6.122 6.142 6.160 6.176 6.188 6.199 6.206 6.212 6.216 6.218 6.219 6.220 6.220 6.221 6.224 6.228 6.235 6.243 6.252 6.263 6.277 6.292 6.309 6.329 6.352 6.377 6.404 6.434 6.466 6.498 6.532 6.566 6.599 6.632 6.663 6.694 6.724 6.757 6.794 6.836 6.881 6.927 6.978 7.031 7.084 7.138 7.192 7.245 7.297 7.348 7.404 7.472 7.546 7.626 7.711 7.808 7.914 8.021 8.114 8.167 8.230
5.801 5.831 5.860 5.890 5.920 5.950 5.980 6.009 6.037 6.064 6.091 6.116 6.139 6.161 6.181 6.198 6.213 6.226 6.236 6.243 6.249 6.253 6.255 6.256 6.257 6.257 6.259 6.263 6.268 6.275 6.283 6.293 6.305 6.319 6.335 6.354 6.375 6.399 6.426 6.455 6.486 6.518 6.552 6.586 6.620 6.653 6.686 6.717 6.748 6.782 6.820 6.863 6.908 6.956 7.008 7.061 7.116 7.172 7.229 7.286 7.342 7.397 7.457 7.530 7.609 7.692 7.783 7.882 7.985 8.086 8.173 8.223 8.282
5.807 5.837 5.866 5.897 5.928 5.958 5.988 6.018 6.047 6.075 6.102 6.129 6.154 6.177 6.199 6.218 6.235 6.250 6.262 6.272 6.280 6.286 6.290 6.292 6.294 6.294 6.296 6.299 6.303 6.309 6.316 6.325 6.336 6.349 6.364 6.381 6.401 6.423 6.449 6.477 6.507 6.540 6.573 6.607 6.642 6.676 6.709 6.742 6.774 6.808 6.846 6.890 6.936 6.985 7.037 7.091 7.147 7.206 7.267 7.329 7.391 7.450 7.514 7.593 7.676 7.764 7.856 7.952 8.051 8.146 8.230 8.277 8.332
5.812 5.842 5.872 5.903 5.934 5.965 5.995 6.026 6.055 6.085 6.113 6.140 6.166 6.191 6.214 6.235 6.255 6.271 6.286 6.298 6.308 6.316 6.323 6.327 6.330 6.332 6.334 6.337 6.341 6.346 6.352 6.360 6.369 6.381 6.394 6.410 6.429 6.450 6.474 6.501 6.530 6.562 6.596 6.630 6.665 6.700 6.735 6.768 6.801 6.835 6.874 6.918 6.965 7.013 7.066 7.122 7.180 7.241 7.307 7.376 7.444 7.506 7.574 7.658 7.746 7.836 7.925 8.018 8.111 8.202 8.283 8.327 8.379
5.817 5.847 5.877 5.908 5.940 5.971 6.002 6.033 6.063 6.093 6.122 6.150 6.178 6.204 6.228 6.251 6.272 6.290 6.307 6.322 6.334 6.345 6.353 6.361 6.365 6.369 6.372 6.376 6.380 6.384 6.390 6.397 6.405 6.415 6.427 6.442 6.459 6.478 6.501 6.526 6.555 6.586 6.619 6.654 6.690 6.726 6.761 6.796 6.829 6.864 6.902 6.946 6.993 7.042 7.096 7.154 7.214 7.279 7.350 7.426 7.500 7.565 7.636 7.726 7.816 7.904 7.991 8.079 8.167 8.255 8.334 8.376 8.424
5.821 5.852 5.882 5.913 5.945 5.976 6.008 6.039 6.070 6.100 6.130 6.159 6.187 6.214 6.240 6.264 6.287 6.307 6.326 6.343 6.358 6.371 6.382 6.392 6.399 6.404 6.409 6.414 6.419 6.424 6.429 6.435 6.443 6.452 6.462 6.475 6.491 6.509 6.529 6.554 6.581 6.612 6.645 6.680 6.716 6.753 6.790 6.825 6.858 6.893 6.931 6.975 7.022 7.072 7.127 7.187 7.251 7.321 7.398 7.479 7.559 7.626 7.700 7.792 7.882 7.969 8.053 8.135 8.220 8.305 8.383 8.422 8.469
5.825 5.856 5.886 5.918 5.949 5.981 6.013 6.045 6.076 6.107 6.137 6.167 6.196 6.224 6.251 6.276 6.300 6.322 6.343 6.361 6.379 6.394 6.408 6.420 6.430 6.438 6.445 6.452 6.458 6.463 6.469 6.475 6.482 6.490 6.500 6.511 6.525 6.541 6.561 6.583 6.610 6.640 6.672 6.707 6.744 6.781 6.819 6.855 6.888 6.923 6.960 7.004 7.052 7.103 7.161 7.223 7.290 7.365 7.446 7.532 7.617 7.687 7.762 7.854 7.945 8.031 8.111 8.191 8.271 8.352 8.429 8.468 8.511
5.829 5.859 5.890 5.922 5.954 5.986 6.018 6.050 6.081 6.113 6.144 6.174 6.204 6.233 6.260 6.287 6.312 6.335 6.358 6.378 6.397 6.415 6.431 6.446 6.459 6.469 6.479 6.488 6.496 6.503 6.509 6.516 6.522 6.530 6.538 6.549 6.561 6.576 6.594 6.615 6.640 6.669 6.702 6.737 6.774 6.811 6.849 6.886 6.920 6.954 6.991 7.035 7.084 7.137 7.197 7.262 7.333 7.412 7.497 7.588 7.679 7.749 7.823 7.916 8.006 8.091 8.169 8.245 8.320 8.399 8.478 8.515 8.555
5.832 5.863 5.893 5.925 5.957 5.990 6.022 6.054 6.086 6.118 6.150 6.181 6.211 6.240 6.269 6.296 6.323 6.348 6.371 6.394 6.415 6.434 6.453 6.470 6.485 6.499 6.511 6.522 6.532 6.541 6.549 6.556 6.563 6.570 6.579 6.588 6.599 6.613 6.629 6.648 6.672 6.701 6.733 6.768 6.805 6.843 6.882 6.918 6.952 6.985 7.023 7.069 7.119 7.174 7.237 7.305 7.381 7.464 7.552 7.651 7.744 7.811 7.883 7.976 8.065 8.148 8.225 8.298 8.369 8.452 8.531 8.562 8.597
5.835 5.866 5.897 5.929 5.961 5.993 6.026 6.058 6.091 6.123 6.155 6.186 6.217 6.247 6.277 6.305 6.332 6.359 6.384 6.408 6.430 6.452 6.473 6.492 6.510 6.526 6.541 6.554 6.567 6.578 6.587 6.596 6.604 6.612 6.620 6.628 6.639 6.651 6.666 6.684 6.707 6.735 6.767 6.801 6.838 6.877 6.915 6.951 6.985 7.020 7.060 7.108 7.159 7.216 7.282 7.355 7.434 7.521 7.616 7.716 7.806 7.870 7.941 8.033 8.122 8.204 8.280 8.353 8.428 8.508 8.578 8.606 8.639
