TsunamiDB/out54044.asc
ncols          264
nrows          230
xllcorner      497853.4375
yllcorner      4229146.0000
cellsize         5.
NODATA_value   -99
[rows 64 to 95 of 230, columns 146 to 218 of 264]
4.897 4.934 4.970 5.007 5.045 5.081 5.119 5.157 5.195 5.234 5.274 5.313 5.353 5.393 5.433 5.474 5.514 5.555 5.594 5.634 5.672 5.710 5.746 5.781 5.815 5.847 5.877 5.905 5.930 5.954 5.977 5.998 6.017 6.036 6.053 6.071 6.088 6.106 6.125 6.145 6.167 6.190 6.214 6.239 6.265 6.292 6.319 6.346 6.373 6.400 6.426 6.451 6.476 6.501 6.526 6.550 6.575 6.599 6.624 6.649 6.675 6.702 6.729 6.758 6.789 6.821 6.854 6.888 6.923 6.959 6.995 7.030 7.065
4.905 4.941 4.977 5.013 5.049 5.084 5.120 5.157 5.194 5.231 5.268 5.306 5.345 5.383 5.422 5.462 5.501 5.541 5.581 5.620 5.659 5.698 5.736 5.773 5.808 5.843 5.876 5.906 5.934 5.961 5.986 6.009 6.031 6.051 6.070 6.088 6.106 6.123 6.142 6.161 6.181 6.202 6.225 6.249 6.274 6.300 6.327 6.354 6.381 6.408 6.435 6.460 6.486 6.512 6.537 6.563 6.588 6.613 6.639 6.665 6.691 6.718 6.746 6.776 6.806 6.839 6.872 6.907 6.943 6.979 7.016 7.053 7.089
4.915 4.949 4.984 5.019 5.054 5.088 5.123 5.158 5.194 5.229 5.265 5.301 5.338 5.375 5.412 5.450 5.488 5.527 5.566 5.605 5.644 5.683 5.722 5.760 5.797 5.833 5.868 5.901 5.931 5.961 5.989 6.016 6.040 6.062 6.083 6.103 6.121 6.139 6.157 6.176 6.195 6.215 6.237 6.260 6.284 6.309 6.334 6.361 6.388 6.415 6.442 6.468 6.494 6.521 6.547 6.573 6.600 6.626 6.652 6.679 6.705 6.733 6.762 6.791 6.822 6.854 6.888 6.924 6.960 6.997 7.035 7.073 7.111
4.925 4.959 4.993 5.027 5.060 5.093 5.127 5.161 5.195 5.229 5.263 5.298 5.333 5.368 5.404 5.440 5.476 5.513 5.551 5.589 5.628 5.666 5.705 5.743 5.781 5.819 5.856 5.890 5.923 5.956 5.987 6.016 6.043 6.068 6.092 6.113 6.134 6.153 6.171 6.190 6.208 6.228 6.248 6.270 6.292 6.316 6.341 6.367 6.394 6.421 6.448 6.474 6.501 6.528 6.555 6.582 6.609 6.636 6.663 6.690 6.718 6.746 6.775 6.805 6.836 6.869 6.903 6.938 6.975 7.014 7.052 7.092 7.130
4.936 4.969 5.002 5.035 5.067 5.099 5.132 5.165 5.198 5.231 5.263 5.297 5.330 5.363 5.397 5.431 5.466 5.501 5.537 5.574 5.611 5.648 5.686 5.725 5.763 5.801 5.839 5.875 5.910 5.945 5.978 6.010 6.040 6.068 6.094 6.119 6.141 6.162 6.182 6.201 6.220 6.239 6.259 6.279 6.301 6.324 6.348 6.373 6.399 6.426 6.452 6.479 6.506 6.534 6.562 6.590 6.617 6.645 6.673 6.701 6.729 6.757 6.786 6.817 6.848 6.881 6.915 6.951 6.989 7.028 7.067 7.108 7.148
4.947 4.979 5.012 5.044 5.075 5.106 5.138 5.170 5.202 5.234 5.265 5.297 5.328 5.360 5.392 5.425 5.458 5.491 5.525 5.560 5.595 5.631 5.668 5.705 5.743 5.781 5.819 5.856 5.892 5.928 5.964 5.998 6.031 6.061 6.091 6.118 6.143 6.166 6.188 6.209 6.229 6.248 6.268 6.288 6.308 6.330 6.353 6.377 6.403 6.429 6.456 6.482 6.510 6.538 6.567 6.595 6.624 6.652 6.681 6.709 6.738 6.767 6.796 6.827 6.858 6.891 6.926 6.962 7.000 7.040 7.080 7.121 7.162
4.959 4.991 5.022 5.054 5.084 5.115 5.146 5.177 5.207 5.238 5.268 5.299 5.329 5.359 5.390 5.421 5.452 5.483 5.515 5.547 5.581 5.615 5.650 5.686 5.722 5.759 5.797 5.834 5.870 5.908 5.944 5.980 6.015 6.049 6.080 6.110 6.138 6.165 6.189 6.212 6.233 6.254 6.274 6.294 6.314 6.335 6.357 6.381 6.405 6.431 6.457 6.484 6.512 6.541 6.570 6.599 6.628 6.657 6.687 6.716 6.745 6.774 6.804 6.835 6.867 6.900 6.935 6.971 7.010 7.049 7.091 7.133 7.175
4.972 5.003 5.034 5.065 5.094 5.124 5.154 5.184 5.214 5.243 5.273 5.302 5.331 5.360 5.389 5.418 5.448 5.477 5.507 5.538 5.569 5.601 5.633 5.667 5.702 5.738 5.774 5.810 5.846 5.884 5.921 5.958 5.994 6.030 6.064 6.096 6.127 6.156 6.183 6.208 6.232 6.254 6.275 6.296 6.317 6.338 6.359 6.382 6.406 6.432 6.458 6.484 6.512 6.541 6.571 6.601 6.631 6.661 6.691 6.721 6.750 6.780 6.811 6.842 6.874 6.907 6.942 6.978 7.017 7.057 7.099 7.141 7.184
4.986 5.016 5.046 5.076 5.105 5.134 5.163 5.192 5.221 5.250 5.279 5.307 5.335 5.363 5.391 5.419 5.446 5.474 5.502 5.530 5.559 5.589 5.619 5.651 5.683 5.717 5.751 5.786 5.821 5.858 5.895 5.932 5.969 6.006 6.041 6.076 6.109 6.140 6.170 6.198 6.224 6.248 6.271 6.293 6.315 6.336 6.358 6.381 6.405 6.430 6.456 6.482 6.511 6.540 6.570 6.601 6.632 6.662 6.693 6.723 6.754 6.784 6.815 6.846 6.878 6.912 6.946 6.983 7.021 7.062 7.104 7.147 7.191
4.999 5.029 5.058 5.088 5.116 5.144 5.173 5.201 5.230 5.258 5.286 5.313 5.341 5.368 5.394 5.421 5.447 5.473 5.500 5.526 5.553 5.580 5.608 5.637 5.667 5.698 5.730 5.763 5.796 5.831 5.867 5.904 5.941 5.977 6.014 6.050 6.084 6.118 6.150 6.180 6.208 6.235 6.260 6.284 6.307 6.330 6.353 6.376 6.400 6.425 6.451 6.478 6.506 6.536 6.567 6.598 6.630 6.661 6.692 6.724 6.755 6.786 6.817 6.848 6.881 6.914 6.949 6.985 7.023 7.064 7.106 7.150 7.194
5.014 5.043 5.072 5.100 5.128 5.155 5.183 5.211 5.239 5.266 5.294 5.321 5.347 5.373 5.399 5.425 5.450 5.475 5.500 5.525 5.550 5.575 5.600 5.627 5.654 5.682 5.712 5.742 5.772 5.805 5.840 5.875 5.911 5.947 5.983 6.019 6.054 6.089 6.122 6.155 6.185 6.214 6.242 6.268 6.293 6.317 6.341 6.365 6.390 6.415 6.441 6.469 6.498 6.528 6.560 6.592 6.624 6.656 6.689 6.721 6.753 6.784 6.816 6.848 6.880 6.913 6.948 6.984 7.022 7.063 7.105 7.150 7.194
5.029 5.057 5.085 5.113 5.140 5.167 5.194 5.221 5.249 5.276 5.302 5.329 5.355 5.381 5.406 5.431 5.455 5.479 5.503 5.526 5.549 5.573 5.596 5.620 5.645 5.670 5.697 5.724 5.752 5.782 5.814 5.847 5.881 5.915 5.951 5.986 6.021 6.056 6.090 6.123 6.155 6.186 6.215 6.243 6.270 6.296 6.321 6.347 6.373 6.399 6.426 6.454 6.484 6.515 6.547 6.580 6.613 6.647 6.680 6.713 6.746 6.778 6.810 6.843 6.875 6.908 6.943 6.979 7.017 7.058 7.100 7.145 7.191
5.044 5.072 5.099 5.126 5.153 5.179 5.206 5.232 5.259 5.286 5.312 5.338 5.364 5.389 5.414 5.438 5.462 5.485 5.508 5.530 5.552 5.574 5.596 5.618 5.640 5.663 5.686 5.710 5.736 5.763 5.792 5.822 5.853 5.886 5.919 5.953 5.987 6.021 6.055 6.088 6.120 6.152 6.182 6.211 6.239 6.267 6.294 6.321 6.348 6.375 6.403 6.432 6.462 6.495 6.528 6.562 6.596 6.631 6.665 6.699 6.733 6.766 6.799 6.832 6.865 6.899 6.933 6.969 7.007 7.048 7.091 7.136 7.183
5.060 5.087 5.113 5.140 5.166 5.191 5.218 5.244 5.270 5.296 5.322 5.348 5.373 5.398 5.423 5.447 5.470 5.493 5.515 5.537 5.558 5.579 5.599 5.619 5.639 5.660 5.681 5.702 5.724 5.749 5.774 5.802 5.830 5.860 5.891 5.922 5.954 5.987 6.019 6.051 6.083 6.114 6.145 6.174 6.203 6.231 6.259 6.287 6.315 6.343 6.371 6.401 6.433 6.466 6.500 6.535 6.570 6.606 6.642 6.677 6.712 6.747 6.781 6.815 6.848 6.882 6.917 6.953 6.991 7.032 7.075 7.122 7.169
5.076 5.102 5.128 5.154 5.179 5.204 5.230 5.256 5.282 5.307 5.333 5.358 5.383 5.408 5.432 5.456 5.479 5.502 5.524 5.545 5.566 5.586 5.605 5.624 5.643 5.662 5.681 5.699 5.719 5.740 5.763 5.787 5.812 5.839 5.867 5.896 5.926 5.956 5.986 6.017 6.047 6.077 6.107 6.136 6.165 6.193 6.221 6.249 6.277 6.305 6.333 6.364 6.396 6.429 6.464 6.500 6.536 6.573 6.610 6.646 6.683 6.718 6.754 6.788 6.823 6.857 6.893 6.929 6.968 7.009 7.053 7.100 7.149
5.093 5.118 5.144 5.169 5.194 5.218 5.243 5.269 5.294 5.319 5.344 5.369 5.394 5.418 5.443 5.466 5.489 5.512 5.534 5.555 5.576 5.596 5.614 5.633 5.651 5.668 5.685 5.702 5.719 5.738 5.758 5.779 5.801 5.825 5.850 5.876 5.903 5.931 5.959 5.988 6.016 6.044 6.073 6.100 6.128 6.155 6.182 6.210 6.238 6.265 6.293 6.323 6.354 6.387 6.422 6.458 6.494 6.531 6.569 6.607 6.644 6.681 6.717 6.753 6.788 6.824 6.860 6.897 6.936 6.977 7.022 7.070 7.120
5.110 5.135 5.160 5.184 5.208 5.232 5.257 5.282 5.306 5.331 5.356 5.380 5.405 5.429 5.453 5.477 5.500 5.523 5.545 5.566 5.587 5.607 5.626 5.644 5.661 5.678 5.694 5.709 5.725 5.742 5.759 5.778 5.797 5.818 5.840 5.863 5.888 5.913 5.939 5.965 5.991 6.018 6.044 6.070 6.096 6.122 6.148 6.174 6.201 6.227 6.254 6.283 6.313 6.345 6.379 6.413 6.449 6.486 6.524 6.561 6.599 6.636 6.673 6.709 6.746 6.782 6.818 6.856 6.895 6.937 6.982 7.030 7.081
5.128 5.152 5.176 5.200 5.224 5.247 5.271 5.295 5.319 5.344 5.368 5.392 5.417 5.441 5.465 5.488 5.512 5.535 5.557 5.578 5.599 5.619 5.639 5.657 5.674 5.691 5.706 5.720 5.735 5.750 5.766 5.782 5.800 5.818 5.837 5.858 5.880 5.902 5.926 5.949 5.974 5.998 6.023 6.047 6.072 6.096 6.121 6.146 6.171 6.196 6.221 6.248 6.277 6.307 6.339 6.372 6.407 6.442 6.479 6.515 6.552 6.589 6.626 6.662 6.698 6.734 6.770 6.807 6.846 6.887 6.932 6.981 7.032
5.146 5.170 5.193 5.217 5.239 5.262 5.286 5.309 5.333 5.357 5.381 5.405 5.429 5.452 5.476 5.500 5.523 5.546 5.569 5.591 5.612 5.633 5.652 5.671 5.689 5.706 5.721 5.735 5.749 5.763 5.778 5.792 5.808 5.824 5.841 5.859 5.878 5.899 5.920 5.942 5.964 5.987 6.009 6.033 6.056 6.079 6.102 6.126 6.150 6.173 6.197 6.222 6.249 6.278 6.307 6.338 6.371 6.405 6.439 6.474 6.510 6.545 6.581 6.616 6.651 6.685 6.720 6.756 6.793 6.833 6.877 6.925 6.977
5.165 5.188 5.211 5.234 5.256 5.278 5.301 5.324 5.347 5.370 5.394 5.417 5.441 5.465 5.488 5.512 5.535 5.559 5.581 5.604 5.625 5.646 5.667 5.686 5.704 5.722 5.737 5.751 5.766 5.780 5.793 5.807 5.821 5.835 5.850 5.866 5.883 5.902 5.921 5.940 5.961 5.982 6.003 6.025 6.047 6.069 6.091 6.114 6.137 6.159 6.182 6.206 6.231 6.257 6.285 6.314 6.345 6.376 6.409 6.442 6.475 6.509 6.543 6.576 6.609 6.641 6.674 6.707 6.742 6.779 6.821 6.868 6.920
5.184 5.207 5.229 5.252 5.273 5.294 5.317 5.339 5.361 5.384 5.407 5.430 5.453 5.477 5.500 5.524 5.547 5.571 5.594 5.616 5.639 5.660 5.681 5.701 5.720 5.738 5.755 5.769 5.784 5.798 5.812 5.825 5.838 5.851 5.864 5.879 5.894 5.910 5.927 5.945 5.964 5.983 6.003 6.024 6.045 6.066 6.088 6.110 6.132 6.153 6.175 6.198 6.222 6.246 6.273 6.300 6.328 6.358 6.389 6.420 6.451 6.483 6.514 6.545 6.576 6.606 6.636 6.666 6.698 6.732 6.771 6.817 6.868
5.203 5.226 5.249 5.270 5.290 5.312 5.333 5.355 5.377 5.399 5.421 5.443 5.466 5.489 5.513 5.536 5.559 5.583 5.606 5.629 5.652 5.674 5.696 5.716 5.736 5.755 5.772 5.788 5.803 5.818 5.831 5.844 5.857 5.869 5.882 5.895 5.908 5.923 5.938 5.955 5.972 5.990 6.009 6.028 6.049 6.069 6.090 6.111 6.133 6.154 6.175 6.197 6.220 6.244 6.268 6.294 6.321 6.349 6.378 6.408 6.438 6.467 6.497 6.526 6.554 6.582 6.609 6.636 6.665 6.695 6.732 6.777 6.827
5.223 5.246 5.268 5.288 5.308 5.329 5.350 5.371 5.392 5.414 5.435 5.457 5.479 5.502 5.525 5.548 5.571 5.595 5.618 5.642 5.665 5.687 5.710 5.731 5.752 5.772 5.790 5.806 5.823 5.838 5.852 5.865 5.878 5.890 5.902 5.914 5.926 5.939 5.953 5.968 5.984 6.001 6.019 6.037 6.057 6.077 6.097 6.118 6.139 6.160 6.180 6.202 6.224 6.247 6.271 6.296 6.321 6.348 6.376 6.404 6.433 6.461 6.489 6.517 6.543 6.569 6.594 6.619 6.644 6.671 6.706 6.750 6.799
5.243 5.266 5.287 5.308 5.327 5.348 5.368 5.388 5.409 5.429 5.450 5.471 5.493 5.515 5.538 5.560 5.584 5.607 5.630 5.654 5.677 5.700 5.723 5.746 5.767 5.788 5.807 5.824 5.842 5.858 5.873 5.887 5.900 5.912 5.923 5.935 5.946 5.958 5.971 5.985 5.999 6.015 6.032 6.050 6.068 6.088 6.108 6.128 6.149 6.170 6.190 6.211 6.233 6.255 6.278 6.302 6.328 6.354 6.380 6.408 6.436 6.463 6.491 6.517 6.542 6.567 6.590 6.612 6.635 6.661 6.694 6.737 6.785
5.263 5.286 5.307 5.327 5.347 5.367 5.387 5.406 5.426 5.446 5.466 5.486 5.507 5.529 5.550 5.573 5.596 5.619 5.642 5.666 5.690 5.713 5.736 5.759 5.782 5.803 5.823 5.842 5.860 5.877 5.893 5.908 5.921 5.933 5.945 5.956 5.968 5.979 5.991 6.003 6.017 6.032 6.048 6.065 6.083 6.102 6.121 6.142 6.162 6.183 6.203 6.224 6.245 6.267 6.290 6.313 6.338 6.364 6.390 6.417 6.444 6.472 6.499 6.525 6.549 6.573 6.595 6.616 6.638 6.662 6.694 6.736 6.783
5.283 5.306 5.327 5.347 5.367 5.387 5.406 5.425 5.444 5.463 5.482 5.502 5.522 5.543 5.564 5.586 5.608 5.631 5.654 5.678 5.701 5.725 5.749 5.772 5.795 5.818 5.838 5.858 5.877 5.895 5.912 5.928 5.942 5.955 5.967 5.978 5.989 6.000 6.012 6.024 6.037 6.051 6.066 6.082 6.100 6.118 6.137 6.158 6.178 6.198 6.218 6.239 6.260 6.282 6.305 6.328 6.352 6.377 6.403 6.430 6.458 6.485 6.512 6.538 6.563 6.587 6.609 6.630 6.650 6.673 6.703 6.744 6.789
5.302 5.325 5.347 5.367 5.387 5.406 5.426 5.444 5.463 5.481 5.500 5.518 5.537 5.557 5.578 5.599 5.620 5.643 5.666 5.689 5.713 5.737 5.761 5.785 5.808 5.831 5.853 5.873 5.893 5.912 5.930 5.947 5.962 5.976 5.988 6.000 6.011 6.022 6.033 6.045 6.057 6.071 6.085 6.101 6.118 6.137 6.156 6.175 6.196 6.216 6.236 6.257 6.278 6.300 6.322 6.345 6.369 6.394 6.420 6.447 6.474 6.502 6.530 6.556 6.582 6.606 6.629 6.650 6.669 6.691 6.720 6.759 6.803
5.320 5.344 5.366 5.387 5.406 5.426 5.445 5.464 5.482 5.500 5.518 5.536 5.554 5.573 5.592 5.612 5.633 5.655 5.678 5.701 5.724 5.748 5.772 5.797 5.821 5.844 5.866 5.887 5.908 5.928 5.947 5.964 5.980 5.995 6.009 6.021 6.033 6.044 6.055 6.067 6.079 6.092 6.106 6.122 6.139 6.156 6.175 6.195 6.215 6.235 6.255 6.276 6.297 6.319 6.341 6.364 6.387 6.412 6.438 6.465 6.493 6.522 6.550 6.578 6.605 6.630 6.653 6.675 6.694 6.715 6.742 6.779 6.820
5.337 5.361 5.384 5.405 5.425 5.446 5.465 5.483 5.501 5.519 5.536 5.554 5.571 5.589 5.607 5.627 5.647 5.668 5.690 5.712 5.736 5.759 5.784 5.808 5.832 5.856 5.879 5.900 5.922 5.943 5.962 5.981 5.998 6.013 6.028 6.041 6.053 6.065 6.077 6.088 6.101 6.114 6.128 6.143 6.160 6.178 6.196 6.216 6.236 6.256 6.276 6.297 6.318 6.340 6.362 6.384 6.408 6.433 6.459 6.486 6.515 6.544 6.573 6.602 6.630 6.657 6.681 6.703 6.722 6.741 6.766 6.801 6.841
5.354 5.378 5.401 5.423 5.443 5.464 5.484 5.503 5.521 5.538 5.555 5.572 5.589 5.606 5.623 5.642 5.661 5.681 5.702 5.724 5.747 5.770 5.794 5.818 5.843 5.867 5.890 5.912 5.934 5.956 5.976 5.995 6.013 6.030 6.045 6.059 6.073 6.085 6.097 6.110 6.122 6.136 6.150 6.165 6.182 6.200 6.218 6.238 6.258 6.278 6.298 6.319 6.340 6.362 6.384 6.406 6.430 6.454 6.481 6.508 6.537 6.567 6.598 6.628 6.657 6.685 6.711 6.732 6.751 6.769 6.793 6.827 6.866
5.369 5.394 5.417 5.439 5.460 5.481 5.501 5.521 5.539 5.557 5.574 5.591 5.607 5.623 5.640 5.658 5.676 5.695 5.715 5.736 5.758 5.781 5.805 5.829 5.853 5.877 5.900 5.923 5.946 5.968 5.989 6.009 6.028 6.045 6.062 6.077 6.091 6.104 6.117 6.130 6.144 6.158 6.172 6.188 6.204 6.222 6.241 6.261 6.281 6.301 6.321 6.342 6.364 6.385 6.407 6.430 6.453 6.477 6.504 6.531 6.561 6.592 6.623 6.655 6.685 6.714 6.740 6.763 6.781 6.799 6.822 6.856 6.894
5.384 5.408 5.432 5.454 5.476 5.497 5.518 5.538 5.557 5.575 5.592 5.609 5.625 5.641 5.657 5.674 5.691 5.709 5.728 5.748 5.769 5.792 5.815 5.838 5.862 5.887 5.910 5.933 5.956 5.979 6.000 6.021 6.041 6.059 6.076 6.093 6.108 6.122 6.136 6.150 6.164 6.179 6.194 6.210 6.227 6.245 6.264 6.284 6.304 6.324 6.345 6.366 6.388 6.410 6.432 6.454 6.477 6.501 6.527 6.555 6.585 6.616 6.649 6.681 6.713 6.743 6.770 6.793 6.812 6.829 6.851 6.886 6.924
