TsunamiDB/out54027.asc
ncols          264
nrows          230
xllcorner      497853.4375
yllcorner      4229146.0000
cellsize         5.
NODATA_value   -99
[rows 64 to 95 of 230, columns 142 to 212 of 264]
-99.000 -99.000 -99.000 -99.000 -99.000 -99.000 1.646 1.662 1.748 1.933 2.197 2.505 2.821 3.114 3.369 3.578 3.747 3.882 3.990 4.081 4.158 4.226 4.288 4.345 4.399 4.451 4.500 4.548 4.594 4.638 4.681 4.723 4.763 4.804 4.845 4.885 4.924 4.963 5.002 5.040 5.077 5.114 5.151 5.186 5.220 5.253 5.285 5.314 5.342 5.367 5.390 5.411 5.430 5.449 5.466 5.485 5.508 5.533 5.563 5.597 5.636 5.677 5.722 5.770 5.819 5.870 5.923 5.976 6.031 6.086 6.141
-99.000 -99.000 -99.000 -99.000 -99.000 1.645 1.648 1.686 1.815 2.036 2.324 2.639 2.948 3.227 3.463 3.655 3.809 3.932 4.033 4.118 4.191 4.257 4.317 4.373 4.426 4.476 4.525 4.571 4.616 4.659 4.701 4.742 4.782 4.822 4.861 4.900 4.939 4.977 5.015 5.052 5.090 5.126 5.163 5.198 5.233 5.266 5.298 5.329 5.357 5.383 5.407 5.428 5.447 5.463 5.478 5.493 5.511 5.531 5.554 5.583 5.615 5.652 5.693 5.737 5.784 5.834 5.885 5.939 5.993 6.048 6.104
-99.000 -99.000 -99.000 -99.000 -99.000 1.645 1.656 1.728 1.899 2.152 2.455 2.772 3.070 3.332 3.549 3.724 3.865 3.979 4.073 4.153 4.223 4.287 4.345 4.400 4.452 4.502 4.550 4.595 4.639 4.681 4.722 4.761 4.800 4.839 4.877 4.915 4.953 4.991 5.028 5.065 5.102 5.138 5.174 5.209 5.244 5.278 5.311 5.342 5.371 5.399 5.423 5.445 5.464 5.481 5.494 5.506 5.519 5.534 5.552 5.574 5.600 5.632 5.668 5.708 5.752 5.799 5.849 5.900 5.954 6.009 6.064
-99.000 -99.000 -99.000 -99.000 1.645 1.647 1.676 1.789 1.998 2.277 2.590 2.902 3.186 3.429 3.627 3.787 3.916 4.021 4.109 4.186 4.254 4.316 4.373 4.427 4.479 4.528 4.574 4.619 4.662 4.703 4.743 4.781 4.819 4.857 4.894 4.931 4.968 5.004 5.041 5.077 5.113 5.149 5.185 5.220 5.255 5.289 5.322 5.354 5.384 5.413 5.439 5.462 5.482 5.499 5.512 5.523 5.533 5.544 5.556 5.572 5.592 5.617 5.647 5.683 5.722 5.766 5.813 5.863 5.915 5.969 6.024
-99.000 -99.000 -99.000 -99.000 1.645 1.653 1.712 1.868 2.111 2.409 2.725 3.027 3.294 3.517 3.699 3.844 3.962 4.060 4.143 4.216 4.283 4.343 4.400 4.454 4.505 4.553 4.599 4.643 4.685 4.725 4.764 4.801 4.838 4.875 4.911 4.947 4.983 5.019 5.054 5.090 5.125 5.160 5.195 5.230 5.265 5.299 5.332 5.365 5.396 5.426 5.453 5.478 5.500 5.518 5.532 5.543 5.552 5.559 5.568 5.578 5.591 5.610 5.634 5.664 5.699 5.738 5.782 5.829 5.879 5.931 5.985
-99.000 -99.000 -99.000 -99.000 1.646 1.668 1.767 1.965 2.236 2.546 2.859 3.147 3.395 3.598 3.763 3.895 4.004 4.095 4.175 4.245 4.310 4.370 4.427 4.480 4.531 4.579 4.624 4.667 4.708 4.748 4.786 4.823 4.858 4.894 4.929 4.964 4.999 5.033 5.068 5.102 5.137 5.171 5.206 5.240 5.275 5.309 5.342 5.375 5.407 5.437 5.466 5.493 5.516 5.537 5.552 5.564 5.573 5.579 5.585 5.591 5.599 5.612 5.630 5.653 5.682 5.717 5.757 5.801 5.848 5.898 5.950
-99.000 -99.000 -99.000 1.645 1.650 1.699 1.843 2.078 2.370 2.685 2.988 3.259 3.487 3.672 3.821 3.941 4.042 4.128 4.204 4.272 4.336 4.396 4.453 4.506 4.557 4.604 4.649 4.692 4.732 4.771 4.809 4.844 4.879 4.914 4.948 4.982 5.016 5.049 5.082 5.116 5.150 5.183 5.217 5.251 5.285 5.318 5.352 5.385 5.417 5.449 5.479 5.506 5.532 5.554 5.572 5.585 5.596 5.603 5.607 5.611 5.616 5.624 5.636 5.653 5.676 5.706 5.741 5.781 5.825 5.872 5.922
-99.000 -99.000 -99.000 1.646 1.663 1.751 1.938 2.203 2.509 2.822 3.112 3.364 3.571 3.738 3.873 3.983 4.076 4.158 4.231 4.298 4.361 4.421 4.477 4.531 4.581 4.629 4.673 4.716 4.756 4.795 4.832 4.867 4.901 4.935 4.968 5.001 5.033 5.066 5.098 5.130 5.163 5.196 5.229 5.262 5.295 5.329 5.362 5.395 5.428 5.460 5.491 5.520 5.547 5.571 5.591 5.607 5.619 5.628 5.634 5.637 5.640 5.644 5.652 5.664 5.682 5.705 5.735 5.771 5.811 5.856 5.904
-99.000 -99.000 1.645 1.649 1.690 1.823 2.049 2.338 2.650 2.955 3.229 3.460 3.647 3.798 3.920 4.021 4.108 4.185 4.256 4.322 4.385 4.444 4.501 4.555 4.605 4.653 4.697 4.740 4.780 4.819 4.855 4.890 4.923 4.956 4.988 5.020 5.052 5.083 5.114 5.146 5.177 5.209 5.242 5.274 5.307 5.340 5.373 5.406 5.439 5.472 5.503 5.533 5.562 5.588 5.610 5.628 5.643 5.655 5.662 5.667 5.670 5.673 5.678 5.686 5.699 5.717 5.742 5.773 5.809 5.850 5.896
-99.000 -99.000 1.645 1.659 1.738 1.916 2.174 2.478 2.790 3.083 3.337 3.547 3.716 3.852 3.963 4.056 4.138 4.212 4.280 4.345 4.408 4.467 4.524 4.577 4.628 4.675 4.720 4.763 4.804 4.842 4.879 4.913 4.946 4.978 5.010 5.041 5.071 5.102 5.132 5.162 5.193 5.224 5.255 5.287 5.319 5.352 5.385 5.418 5.451 5.484 5.516 5.547 5.577 5.604 5.628 5.649 5.667 5.681 5.692 5.699 5.703 5.707 5.711 5.717 5.726 5.741 5.760 5.786 5.818 5.856 5.898
-99.000 1.645 1.648 1.683 1.807 2.025 2.309 2.621 2.927 3.203 3.436 3.626 3.778 3.901 4.002 4.089 4.166 4.237 4.304 4.368 4.429 4.488 4.545 4.598 4.649 4.697 4.743 4.786 4.827 4.866 4.902 4.936 4.969 5.001 5.032 5.062 5.092 5.121 5.150 5.180 5.209 5.239 5.270 5.301 5.333 5.365 5.397 5.430 5.464 5.497 5.529 5.561 5.592 5.621 5.647 5.670 5.691 5.708 5.721 5.731 5.739 5.744 5.749 5.755 5.763 5.774 5.790 5.811 5.838 5.872 5.911
-99.000 1.645 1.656 1.726 1.896 2.148 2.449 2.763 3.057 3.314 3.527 3.698 3.835 3.946 4.039 4.120 4.193 4.262 4.327 4.390 4.450 4.508 4.564 4.617 4.668 4.717 4.763 4.807 4.849 4.888 4.925 4.960 4.992 5.024 5.055 5.084 5.113 5.142 5.170 5.198 5.227 5.256 5.286 5.316 5.347 5.378 5.411 5.444 5.477 5.510 5.543 5.576 5.607 5.638 5.665 5.690 5.713 5.733 5.750 5.763 5.774 5.782 5.789 5.796 5.804 5.814 5.827 5.845 5.868 5.897 5.933
1.645 1.647 1.677 1.791 2.002 2.281 2.593 2.901 3.180 3.417 3.609 3.763 3.887 3.988 4.074 4.150 4.220 4.286 4.350 4.411 4.470 4.527 4.582 4.635 4.687 4.736 4.783 4.827 4.870 4.910 4.948 4.982 5.015 5.048 5.078 5.107 5.136 5.163 5.191 5.218 5.246 5.274 5.302 5.331 5.362 5.393 5.425 5.457 5.490 5.524 5.557 5.591 5.623 5.654 5.682 5.710 5.735 5.757 5.777 5.793 5.807 5.819 5.829 5.839 5.848 5.858 5.870 5.886 5.905 5.931 5.962
1.645 1.653 1.716 1.876 2.122 2.421 2.735 3.033 3.293 3.510 3.684 3.823 3.934 4.027 4.108 4.180 4.247 4.311 4.372 4.432 4.489 4.545 4.599 4.652 4.704 4.753 4.801 4.846 4.889 4.930 4.969 5.004 5.038 5.070 5.101 5.130 5.158 5.186 5.212 5.239 5.265 5.292 5.320 5.348 5.377 5.408 5.439 5.471 5.504 5.538 5.572 5.605 5.638 5.670 5.699 5.728 5.755 5.780 5.802 5.821 5.839 5.854 5.867 5.880 5.891 5.903 5.915 5.930 5.948 5.970 5.997
1.646 1.671 1.776 1.978 2.253 2.563 2.874 3.157 3.398 3.595 3.752 3.877 3.979 4.065 4.141 4.210 4.275 4.336 4.395 4.452 4.508 4.563 4.616 4.668 4.719 4.769 4.817 4.863 4.907 4.949 4.988 5.025 5.059 5.093 5.124 5.153 5.181 5.208 5.234 5.260 5.286 5.312 5.338 5.365 5.394 5.423 5.454 5.486 5.518 5.552 5.585 5.619 5.653 5.685 5.715 5.745 5.774 5.800 5.824 5.847 5.867 5.885 5.902 5.918 5.933 5.947 5.961 5.976 5.993 6.013 6.037
1.651 1.705 1.856 2.095 2.390 2.705 3.006 3.273 3.494 3.672 3.814 3.928 4.022 4.102 4.174 4.240 4.302 4.361 4.418 4.473 4.527 4.580 4.632 4.684 4.734 4.783 4.831 4.878 4.922 4.965 5.006 5.044 5.079 5.114 5.146 5.176 5.204 5.231 5.257 5.282 5.307 5.332 5.358 5.384 5.411 5.439 5.469 5.500 5.532 5.565 5.599 5.633 5.666 5.699 5.730 5.761 5.790 5.818 5.845 5.869 5.892 5.914 5.934 5.953 5.971 5.988 6.004 6.021 6.038 6.057 6.079
1.665 1.760 1.953 2.222 2.531 2.843 3.132 3.379 3.581 3.743 3.871 3.976 4.063 4.139 4.208 4.271 4.330 4.387 4.441 4.494 4.546 4.597 4.648 4.699 4.748 4.797 4.845 4.891 4.937 4.980 5.022 5.060 5.098 5.133 5.166 5.197 5.227 5.254 5.280 5.305 5.330 5.354 5.378 5.403 5.429 5.456 5.485 5.515 5.546 5.578 5.612 5.645 5.679 5.712 5.743 5.775 5.805 5.835 5.862 5.889 5.914 5.939 5.962 5.985 6.006 6.026 6.045 6.064 6.082 6.101 6.123
1.695 1.834 2.064 2.356 2.671 2.976 3.249 3.477 3.661 3.807 3.925 4.022 4.104 4.176 4.241 4.302 4.358 4.412 4.464 4.515 4.566 4.615 4.665 4.714 4.762 4.810 4.857 4.904 4.949 4.993 5.035 5.074 5.114 5.150 5.185 5.217 5.248 5.276 5.303 5.328 5.353 5.376 5.400 5.424 5.449 5.474 5.501 5.530 5.560 5.592 5.624 5.657 5.691 5.723 5.755 5.787 5.818 5.849 5.878 5.906 5.934 5.961 5.987 6.013 6.037 6.060 6.083 6.104 6.124 6.144 6.166
1.743 1.925 2.187 2.493 2.808 3.102 3.357 3.567 3.734 3.867 3.976 4.066 4.144 4.212 4.275 4.332 4.386 4.438 4.488 4.538 4.586 4.634 4.682 4.729 4.776 4.823 4.869 4.915 4.960 5.004 5.046 5.087 5.127 5.165 5.201 5.235 5.267 5.297 5.325 5.351 5.376 5.400 5.423 5.446 5.469 5.494 5.519 5.546 5.575 5.605 5.636 5.668 5.701 5.733 5.765 5.797 5.829 5.861 5.891 5.922 5.951 5.981 6.010 6.038 6.065 6.092 6.117 6.140 6.163 6.185 6.208
1.810 2.031 2.317 2.632 2.941 3.220 3.457 3.649 3.801 3.924 4.024 4.109 4.183 4.248 4.308 4.363 4.415 4.465 4.513 4.561 4.607 4.653 4.699 4.745 4.790 4.835 4.881 4.925 4.970 5.014 5.056 5.097 5.138 5.178 5.215 5.251 5.285 5.316 5.346 5.373 5.399 5.423 5.446 5.469 5.491 5.514 5.538 5.563 5.590 5.618 5.648 5.679 5.711 5.742 5.774 5.806 5.838 5.871 5.903 5.935 5.966 5.998 6.030 6.061 6.091 6.120 6.148 6.174 6.199 6.224 6.248
1.895 2.148 2.451 2.768 3.068 3.331 3.549 3.724 3.864 3.977 4.071 4.151 4.221 4.283 4.340 4.393 4.443 4.492 4.539 4.584 4.629 4.674 4.718 4.761 4.805 4.849 4.892 4.936 4.979 5.023 5.065 5.106 5.147 5.188 5.226 5.264 5.299 5.333 5.364 5.393 5.420 5.446 5.470 5.492 5.514 5.536 5.559 5.582 5.606 5.633 5.660 5.689 5.720 5.750 5.781 5.813 5.846 5.879 5.912 5.946 5.980 6.014 6.048 6.081 6.114 6.146 6.176 6.205 6.233 6.259 6.285
1.995 2.274 2.588 2.901 3.188 3.433 3.633 3.793 3.922 4.028 4.116 4.192 4.258 4.318 4.373 4.424 4.473 4.520 4.565 4.609 4.652 4.695 4.737 4.779 4.821 4.863 4.905 4.947 4.989 5.031 5.072 5.113 5.155 5.195 5.235 5.274 5.311 5.346 5.379 5.411 5.440 5.467 5.492 5.515 5.538 5.559 5.580 5.602 5.624 5.648 5.673 5.700 5.729 5.757 5.787 5.819 5.852 5.886 5.920 5.955 5.991 6.028 6.064 6.100 6.135 6.170 6.202 6.234 6.264 6.293 6.321
2.107 2.405 2.723 3.028 3.299 3.526 3.711 3.857 3.977 4.075 4.159 4.231 4.294 4.352 4.405 4.455 4.502 4.548 4.592 4.635 4.676 4.717 4.758 4.798 4.838 4.878 4.918 4.959 4.999 5.040 5.080 5.120 5.161 5.201 5.241 5.281 5.319 5.356 5.391 5.425 5.456 5.485 5.512 5.537 5.560 5.582 5.602 5.622 5.642 5.664 5.686 5.711 5.737 5.764 5.793 5.824 5.857 5.891 5.927 5.964 6.002 6.040 6.079 6.117 6.155 6.191 6.226 6.260 6.292 6.323 6.354
2.228 2.540 2.856 3.149 3.403 3.613 3.782 3.917 4.028 4.121 4.199 4.268 4.329 4.385 4.437 4.486 4.532 4.577 4.620 4.661 4.702 4.741 4.780 4.819 4.857 4.895 4.933 4.972 5.011 5.050 5.088 5.127 5.167 5.206 5.246 5.286 5.325 5.363 5.400 5.435 5.469 5.500 5.529 5.556 5.581 5.603 5.623 5.643 5.661 5.681 5.701 5.723 5.746 5.771 5.798 5.829 5.861 5.896 5.932 5.971 6.010 6.051 6.091 6.132 6.172 6.211 6.248 6.284 6.319 6.352 6.384
2.357 2.675 2.984 3.263 3.499 3.692 3.847 3.972 4.076 4.163 4.238 4.304 4.363 4.418 4.469 4.517 4.563 4.606 4.648 4.688 4.728 4.766 4.804 4.841 4.877 4.914 4.950 4.987 5.023 5.060 5.097 5.134 5.172 5.211 5.250 5.289 5.328 5.367 5.405 5.442 5.477 5.511 5.542 5.571 5.598 5.621 5.643 5.662 5.680 5.698 5.716 5.735 5.756 5.779 5.804 5.833 5.865 5.900 5.937 5.976 6.017 6.059 6.102 6.145 6.187 6.228 6.268 6.306 6.343 6.378 6.411
2.489 2.808 3.107 3.369 3.587 3.764 3.907 4.023 4.120 4.203 4.274 4.338 4.397 4.450 4.500 4.548 4.593 4.636 4.677 4.716 4.755 4.792 4.828 4.864 4.899 4.934 4.969 5.003 5.038 5.073 5.108 5.143 5.179 5.216 5.254 5.292 5.330 5.369 5.407 5.445 5.482 5.517 5.550 5.582 5.610 5.636 5.659 5.679 5.697 5.714 5.730 5.748 5.766 5.787 5.810 5.837 5.868 5.903 5.940 5.980 6.022 6.066 6.111 6.155 6.200 6.243 6.285 6.325 6.364 6.401 6.437
2.623 2.937 3.223 3.467 3.668 3.831 3.963 4.071 4.162 4.240 4.309 4.372 4.429 4.482 4.531 4.578 4.623 4.665 4.706 4.745 4.782 4.819 4.854 4.889 4.923 4.956 4.989 5.022 5.055 5.088 5.121 5.154 5.188 5.223 5.259 5.296 5.333 5.370 5.408 5.446 5.483 5.520 5.554 5.587 5.618 5.646 5.671 5.692 5.712 5.729 5.744 5.760 5.777 5.795 5.816 5.842 5.872 5.905 5.942 5.983 6.026 6.071 6.117 6.163 6.209 6.255 6.299 6.342 6.382 6.422 6.459
2.757 3.061 3.331 3.557 3.742 3.892 4.014 4.115 4.201 4.276 4.342 4.403 4.460 4.512 4.561 4.608 4.652 4.694 4.735 4.773 4.810 4.846 4.881 4.915 4.948 4.980 5.012 5.043 5.074 5.106 5.136 5.167 5.200 5.233 5.266 5.301 5.336 5.373 5.409 5.446 5.483 5.520 5.556 5.590 5.622 5.651 5.678 5.702 5.723 5.741 5.757 5.772 5.788 5.805 5.824 5.848 5.875 5.908 5.944 5.984 6.027 6.073 6.120 6.168 6.216 6.264 6.310 6.355 6.398 6.439 6.479
2.888 3.179 3.431 3.640 3.810 3.947 4.061 4.156 4.237 4.309 4.374 4.434 4.489 4.541 4.590 4.637 4.681 4.723 4.763 4.802 4.839 4.874 4.909 4.942 4.974 5.005 5.036 5.066 5.096 5.126 5.154 5.183 5.214 5.245 5.276 5.309 5.342 5.377 5.412 5.448 5.484 5.520 5.556 5.590 5.623 5.654 5.682 5.708 5.730 5.750 5.768 5.783 5.799 5.815 5.833 5.854 5.880 5.911 5.946 5.985 6.028 6.073 6.121 6.171 6.220 6.270 6.318 6.365 6.410 6.454 6.495
3.014 3.290 3.524 3.716 3.872 3.999 4.105 4.193 4.271 4.341 4.404 4.463 4.518 4.570 4.618 4.665 4.709 4.751 4.792 4.830 4.867 4.903 4.937 4.969 5.001 5.032 5.062 5.091 5.120 5.148 5.175 5.203 5.231 5.260 5.290 5.320 5.352 5.384 5.417 5.451 5.486 5.521 5.556 5.590 5.624 5.655 5.685 5.712 5.736 5.758 5.777 5.794 5.810 5.826 5.843 5.863 5.887 5.915 5.948 5.986 6.027 6.073 6.121 6.171 6.222 6.273 6.324 6.373 6.420 6.465 6.508
3.134 3.394 3.610 3.786 3.929 4.046 4.145 4.229 4.303 4.371 4.433 4.491 4.545 4.596 4.645 4.692 4.736 4.778 4.819 4.858 4.895 4.930 4.965 4.997 5.029 5.059 5.089 5.117 5.145 5.173 5.199 5.225 5.252 5.279 5.306 5.335 5.364 5.394 5.426 5.458 5.491 5.525 5.559 5.592 5.625 5.657 5.687 5.715 5.741 5.764 5.785 5.805 5.822 5.838 5.855 5.875 5.897 5.923 5.953 5.989 6.028 6.073 6.120 6.170 6.222 6.275 6.327 6.378 6.427 6.474 6.518
3.248 3.489 3.688 3.849 3.981 4.090 4.183 4.262 4.334 4.399 4.460 4.517 4.571 4.622 4.671 4.718 4.762 4.805 4.845 4.884 4.922 4.958 4.992 5.025 5.057 5.087 5.117 5.145 5.172 5.199 5.224 5.249 5.275 5.300 5.326 5.353 5.380 5.408 5.438 5.468 5.499 5.531 5.564 5.597 5.629 5.660 5.691 5.720 5.747 5.772 5.795 5.816 5.835 5.852 5.870 5.890 5.911 5.935 5.963 5.995 6.032 6.074 6.121 6.170 6.222 6.275 6.329 6.381 6.433 6.481 6.528
