TsunamiDB/out54048.asc
ncols          264
nrows          230
xllcorner      497853.4375
yllcorner      4229146.0000
cellsize         5.
NODATA_value   -99
[rows 33 to 65 of 230, columns 146 to 218 of 264]
4.778 4.811 4.844 4.875 4.907 4.937 4.967 4.996 5.026 5.055 5.085 5.114 5.143 5.172 5.200 5.229 5.258 5.286 5.314 5.342 5.370 5.398 5.425 5.451 5.476 5.501 5.525 5.547 5.568 5.586 5.603 5.619 5.633 5.646 5.657 5.667 5.677 5.687 5.697 5.709 5.721 5.736 5.752 5.769 5.788 5.809 5.830 5.852 5.874 5.896 5.918 5.940 5.961 5.980 6.000 6.019 6.037 6.055 6.072 6.088 6.103 6.118 6.132 6.146 6.159 6.173 6.188 6.203 6.220 6.239 6.260 6.283 6.308
4.799 4.831 4.863 4.894 4.924 4.954 4.983 5.011 5.040 5.069 5.097 5.126 5.154 5.182 5.210 5.238 5.266 5.295 5.323 5.351 5.378 5.406 5.433 5.460 5.486 5.511 5.536 5.559 5.581 5.601 5.619 5.637 5.652 5.666 5.678 5.689 5.699 5.708 5.717 5.727 5.737 5.749 5.762 5.777 5.794 5.813 5.832 5.853 5.874 5.895 5.917 5.939 5.959 5.979 5.999 6.019 6.037 6.056 6.073 6.090 6.106 6.122 6.137 6.151 6.165 6.179 6.194 6.209 6.226 6.243 6.263 6.285 6.309
4.820 4.852 4.882 4.913 4.942 4.971 4.999 5.027 5.055 5.083 5.110 5.138 5.165 5.193 5.220 5.248 5.276 5.303 5.331 5.359 5.386 5.414 5.441 5.468 5.494 5.520 5.545 5.570 5.593 5.614 5.633 5.652 5.670 5.685 5.699 5.711 5.721 5.730 5.739 5.747 5.756 5.765 5.776 5.789 5.803 5.819 5.837 5.856 5.876 5.896 5.917 5.939 5.959 5.979 5.999 6.019 6.038 6.057 6.075 6.093 6.110 6.126 6.142 6.157 6.172 6.187 6.201 6.216 6.232 6.250 6.269 6.289 6.312
4.842 4.873 4.903 4.932 4.961 4.990 5.017 5.043 5.070 5.097 5.124 5.151 5.178 5.204 5.231 5.258 5.285 5.312 5.339 5.367 5.394 5.421 5.449 5.476 5.502 5.528 5.554 5.579 5.603 5.625 5.646 5.666 5.685 5.702 5.717 5.731 5.742 5.752 5.761 5.769 5.777 5.785 5.794 5.804 5.816 5.829 5.845 5.862 5.880 5.899 5.920 5.940 5.960 5.980 6.000 6.021 6.040 6.060 6.079 6.097 6.115 6.132 6.148 6.164 6.180 6.195 6.210 6.225 6.241 6.258 6.276 6.296 6.318
4.864 4.894 4.924 4.953 4.981 5.008 5.035 5.060 5.087 5.113 5.139 5.165 5.191 5.217 5.243 5.269 5.295 5.322 5.348 5.375 5.402 5.429 5.456 5.483 5.509 5.536 5.561 5.587 5.611 5.634 5.656 5.678 5.698 5.717 5.734 5.749 5.762 5.773 5.783 5.791 5.799 5.806 5.814 5.822 5.832 5.843 5.856 5.871 5.888 5.905 5.924 5.944 5.963 5.983 6.003 6.024 6.044 6.064 6.083 6.102 6.121 6.138 6.156 6.173 6.189 6.205 6.220 6.236 6.252 6.269 6.287 6.306 6.328
4.887 4.917 4.945 4.974 5.001 5.028 5.054 5.079 5.104 5.129 5.155 5.180 5.205 5.230 5.255 5.280 5.306 5.332 5.358 5.384 5.411 5.437 5.464 5.490 5.517 5.543 5.569 5.594 5.619 5.643 5.666 5.688 5.709 5.729 5.748 5.765 5.780 5.793 5.804 5.814 5.822 5.829 5.836 5.843 5.851 5.861 5.871 5.884 5.899 5.915 5.932 5.951 5.969 5.988 6.008 6.029 6.049 6.069 6.089 6.109 6.128 6.147 6.165 6.182 6.199 6.216 6.232 6.248 6.265 6.282 6.300 6.319 6.340
4.910 4.939 4.968 4.995 5.022 5.049 5.073 5.098 5.122 5.147 5.171 5.195 5.220 5.244 5.268 5.293 5.318 5.343 5.368 5.394 5.420 5.446 5.472 5.498 5.524 5.550 5.576 5.601 5.627 5.651 5.674 5.697 5.720 5.741 5.761 5.779 5.796 5.811 5.824 5.835 5.844 5.852 5.860 5.866 5.873 5.881 5.890 5.901 5.914 5.928 5.943 5.960 5.978 5.996 6.016 6.036 6.057 6.077 6.097 6.117 6.137 6.157 6.175 6.194 6.212 6.229 6.246 6.263 6.280 6.297 6.315 6.334 6.355
4.934 4.963 4.991 5.018 5.044 5.070 5.094 5.118 5.142 5.166 5.189 5.213 5.236 5.259 5.283 5.307 5.331 5.355 5.379 5.404 5.430 5.455 5.480 5.506 5.532 5.558 5.583 5.609 5.634 5.658 5.682 5.706 5.729 5.751 5.772 5.792 5.810 5.827 5.842 5.854 5.866 5.875 5.883 5.891 5.897 5.905 5.912 5.922 5.932 5.944 5.958 5.974 5.990 6.007 6.026 6.046 6.066 6.087 6.108 6.128 6.148 6.168 6.188 6.207 6.226 6.244 6.262 6.279 6.296 6.314 6.332 6.351 6.372
4.958 4.986 5.014 5.041 5.067 5.092 5.116 5.139 5.162 5.186 5.208 5.231 5.254 5.276 5.299 5.322 5.345 5.368 5.392 5.416 5.440 5.465 5.490 5.515 5.540 5.566 5.591 5.616 5.641 5.666 5.690 5.714 5.737 5.760 5.782 5.803 5.823 5.841 5.858 5.873 5.886 5.897 5.906 5.915 5.922 5.929 5.937 5.945 5.954 5.965 5.977 5.991 6.005 6.022 6.040 6.059 6.079 6.099 6.120 6.141 6.162 6.182 6.202 6.222 6.242 6.261 6.279 6.297 6.315 6.333 6.352 6.371 6.391
4.982 5.010 5.038 5.064 5.090 5.115 5.138 5.161 5.184 5.207 5.229 5.251 5.273 5.294 5.316 5.338 5.361 5.383 5.406 5.429 5.452 5.476 5.500 5.525 5.549 5.574 5.599 5.624 5.649 5.673 5.697 5.722 5.746 5.769 5.792 5.814 5.835 5.854 5.873 5.889 5.904 5.917 5.928 5.938 5.947 5.955 5.962 5.970 5.979 5.988 5.999 6.011 6.024 6.039 6.057 6.075 6.094 6.115 6.135 6.156 6.177 6.198 6.219 6.239 6.259 6.279 6.298 6.317 6.336 6.354 6.373 6.392 6.413
5.006 5.034 5.061 5.088 5.113 5.138 5.161 5.184 5.206 5.229 5.250 5.272 5.293 5.314 5.335 5.357 5.378 5.399 5.421 5.443 5.466 5.489 5.512 5.535 5.559 5.584 5.608 5.633 5.657 5.681 5.705 5.730 5.754 5.778 5.802 5.824 5.846 5.867 5.886 5.904 5.921 5.936 5.949 5.961 5.971 5.980 5.988 5.997 6.005 6.014 6.024 6.034 6.046 6.060 6.076 6.094 6.113 6.132 6.153 6.174 6.195 6.216 6.238 6.259 6.279 6.300 6.319 6.339 6.358 6.377 6.396 6.416 6.436
5.030 5.058 5.085 5.111 5.137 5.162 5.185 5.207 5.230 5.252 5.273 5.294 5.315 5.336 5.356 5.377 5.397 5.418 5.438 5.459 5.481 5.503 5.525 5.547 5.571 5.594 5.618 5.642 5.666 5.690 5.714 5.738 5.763 5.787 5.811 5.834 5.857 5.878 5.899 5.918 5.937 5.953 5.968 5.982 5.994 6.004 6.014 6.023 6.032 6.041 6.050 6.060 6.071 6.084 6.099 6.115 6.133 6.153 6.173 6.194 6.215 6.237 6.258 6.280 6.301 6.322 6.342 6.362 6.382 6.402 6.421 6.441 6.461
5.053 5.081 5.108 5.135 5.160 5.185 5.208 5.230 5.253 5.275 5.296 5.317 5.338 5.358 5.378 5.398 5.418 5.438 5.457 5.477 5.498 5.518 5.539 5.561 5.583 5.606 5.629 5.653 5.676 5.699 5.723 5.747 5.772 5.796 5.820 5.844 5.867 5.889 5.911 5.932 5.951 5.969 5.986 6.001 6.015 6.027 6.039 6.049 6.058 6.068 6.077 6.087 6.097 6.109 6.124 6.139 6.157 6.175 6.195 6.216 6.237 6.259 6.281 6.303 6.324 6.346 6.367 6.387 6.408 6.428 6.448 6.468 6.488
5.075 5.103 5.131 5.157 5.183 5.208 5.231 5.254 5.277 5.299 5.320 5.341 5.362 5.382 5.402 5.421 5.440 5.459 5.478 5.497 5.516 5.536 5.556 5.576 5.597 5.619 5.641 5.664 5.686 5.709 5.733 5.757 5.781 5.805 5.830 5.854 5.877 5.900 5.923 5.945 5.965 5.985 6.003 6.020 6.035 6.049 6.062 6.073 6.084 6.095 6.105 6.114 6.125 6.137 6.150 6.165 6.182 6.200 6.219 6.239 6.261 6.283 6.305 6.327 6.349 6.371 6.393 6.414 6.435 6.455 6.475 6.496 6.516
5.096 5.125 5.153 5.180 5.205 5.230 5.254 5.277 5.300 5.323 5.344 5.366 5.386 5.407 5.426 5.445 5.464 5.483 5.501 5.519 5.537 5.555 5.574 5.593 5.613 5.634 5.655 5.677 5.698 5.720 5.743 5.767 5.791 5.815 5.840 5.864 5.888 5.911 5.934 5.957 5.978 5.999 6.019 6.037 6.054 6.069 6.084 6.097 6.109 6.121 6.132 6.142 6.152 6.164 6.178 6.192 6.208 6.226 6.245 6.265 6.286 6.308 6.330 6.353 6.376 6.398 6.420 6.442 6.463 6.484 6.505 6.525 6.546
5.116 5.146 5.174 5.201 5.227 5.252 5.276 5.300 5.323 5.346 5.368 5.390 5.411 5.431 5.451 5.471 5.489 5.507 5.525 5.542 5.560 5.577 5.595 5.613 5.631 5.650 5.670 5.691 5.711 5.732 5.755 5.778 5.802 5.826 5.850 5.874 5.898 5.922 5.946 5.969 5.991 6.013 6.034 6.053 6.071 6.088 6.104 6.119 6.133 6.145 6.158 6.169 6.180 6.192 6.206 6.220 6.236 6.253 6.272 6.292 6.313 6.335 6.357 6.380 6.403 6.426 6.449 6.471 6.493 6.515 6.535 6.556 6.577
5.136 5.165 5.194 5.221 5.248 5.273 5.297 5.321 5.345 5.369 5.391 5.414 5.435 5.456 5.476 5.496 5.515 5.533 5.550 5.567 5.584 5.601 5.617 5.634 5.651 5.669 5.688 5.707 5.726 5.746 5.768 5.790 5.813 5.837 5.861 5.885 5.909 5.933 5.957 5.981 6.004 6.026 6.048 6.068 6.088 6.106 6.124 6.140 6.155 6.169 6.183 6.195 6.207 6.220 6.233 6.248 6.264 6.281 6.300 6.319 6.340 6.362 6.385 6.408 6.432 6.455 6.479 6.502 6.524 6.546 6.567 6.588 6.609
5.153 5.184 5.213 5.240 5.268 5.293 5.317 5.342 5.367 5.391 5.414 5.437 5.459 5.480 5.501 5.521 5.540 5.559 5.576 5.593 5.610 5.626 5.642 5.658 5.674 5.690 5.708 5.726 5.744 5.762 5.783 5.804 5.826 5.849 5.873 5.896 5.921 5.945 5.969 5.993 6.016 6.039 6.062 6.083 6.104 6.123 6.142 6.159 6.176 6.191 6.206 6.220 6.232 6.246 6.260 6.276 6.292 6.309 6.327 6.347 6.368 6.390 6.413 6.437 6.461 6.485 6.509 6.532 6.556 6.578 6.600 6.622 6.643
5.170 5.201 5.230 5.258 5.286 5.312 5.337 5.362 5.387 5.412 5.436 5.459 5.482 5.504 5.525 5.546 5.565 5.584 5.602 5.620 5.636 5.652 5.668 5.683 5.698 5.714 5.730 5.746 5.763 5.780 5.799 5.819 5.840 5.862 5.885 5.909 5.933 5.957 5.981 6.005 6.029 6.052 6.075 6.098 6.119 6.140 6.159 6.178 6.196 6.212 6.228 6.243 6.257 6.272 6.287 6.302 6.319 6.336 6.355 6.375 6.396 6.419 6.442 6.466 6.490 6.515 6.539 6.564 6.588 6.611 6.634 6.656 6.677
5.185 5.216 5.246 5.275 5.303 5.330 5.355 5.381 5.407 5.432 5.456 5.480 5.503 5.526 5.548 5.569 5.590 5.609 5.628 5.646 5.663 5.679 5.694 5.710 5.724 5.739 5.754 5.770 5.785 5.800 5.818 5.837 5.856 5.877 5.899 5.922 5.945 5.969 5.993 6.017 6.041 6.065 6.089 6.112 6.134 6.155 6.176 6.196 6.214 6.232 6.250 6.265 6.280 6.296 6.312 6.328 6.345 6.363 6.382 6.403 6.424 6.447 6.470 6.495 6.519 6.545 6.570 6.595 6.620 6.644 6.668 6.691 6.713
5.198 5.230 5.261 5.291 5.320 5.347 5.373 5.399 5.425 5.450 5.475 5.500 5.524 5.547 5.570 5.592 5.613 5.633 5.653 5.671 5.689 5.706 5.722 5.737 5.752 5.766 5.780 5.795 5.809 5.823 5.839 5.856 5.875 5.894 5.915 5.936 5.959 5.982 6.006 6.030 6.054 6.078 6.102 6.126 6.148 6.171 6.192 6.213 6.232 6.251 6.270 6.287 6.303 6.319 6.336 6.353 6.371 6.389 6.409 6.430 6.451 6.474 6.498 6.523 6.548 6.574 6.601 6.627 6.652 6.678 6.702 6.726 6.750
5.209 5.243 5.275 5.305 5.335 5.362 5.389 5.416 5.442 5.468 5.494 5.519 5.543 5.567 5.590 5.613 5.635 5.656 5.676 5.696 5.714 5.732 5.749 5.764 5.779 5.794 5.808 5.822 5.835 5.848 5.862 5.878 5.895 5.913 5.932 5.953 5.974 5.997 6.020 6.043 6.067 6.091 6.115 6.139 6.163 6.185 6.208 6.229 6.250 6.270 6.289 6.307 6.324 6.341 6.359 6.377 6.396 6.415 6.435 6.456 6.478 6.501 6.525 6.551 6.577 6.604 6.631 6.658 6.685 6.711 6.737 6.762 6.787
5.218 5.253 5.287 5.318 5.349 5.377 5.404 5.432 5.459 5.485 5.511 5.536 5.561 5.585 5.609 5.632 5.655 5.677 5.698 5.719 5.738 5.757 5.775 5.791 5.807 5.822 5.836 5.850 5.862 5.874 5.888 5.902 5.918 5.934 5.952 5.971 5.991 6.012 6.034 6.057 6.081 6.105 6.129 6.153 6.177 6.200 6.223 6.245 6.266 6.287 6.307 6.326 6.344 6.362 6.381 6.400 6.419 6.439 6.459 6.481 6.504 6.527 6.552 6.578 6.605 6.632 6.660 6.688 6.716 6.744 6.771 6.798 6.823
5.226 5.262 5.296 5.329 5.361 5.390 5.418 5.447 5.474 5.501 5.527 5.553 5.578 5.603 5.627 5.651 5.674 5.697 5.719 5.740 5.761 5.780 5.799 5.817 5.833 5.849 5.864 5.878 5.890 5.902 5.915 5.929 5.943 5.958 5.974 5.991 6.010 6.029 6.051 6.073 6.096 6.119 6.143 6.167 6.191 6.214 6.237 6.260 6.282 6.304 6.325 6.344 6.363 6.383 6.402 6.422 6.442 6.462 6.483 6.505 6.528 6.553 6.578 6.604 6.632 6.660 6.689 6.718 6.747 6.776 6.805 6.832 6.859
5.230 5.268 5.304 5.338 5.371 5.402 5.431 5.460 5.488 5.516 5.542 5.568 5.594 5.619 5.643 5.668 5.691 5.715 5.738 5.760 5.781 5.802 5.822 5.841 5.858 5.875 5.891 5.906 5.919 5.931 5.944 5.956 5.969 5.983 5.998 6.013 6.030 6.049 6.068 6.089 6.111 6.134 6.157 6.181 6.205 6.228 6.252 6.275 6.298 6.320 6.342 6.362 6.382 6.402 6.422 6.443 6.463 6.484 6.506 6.529 6.552 6.577 6.603 6.630 6.658 6.687 6.717 6.747 6.777 6.807 6.837 6.866 6.894
5.232 5.272 5.309 5.345 5.380 5.412 5.442 5.472 5.501 5.529 5.556 5.583 5.609 5.634 5.659 5.683 5.708 5.731 5.755 5.778 5.800 5.822 5.843 5.863 5.882 5.900 5.917 5.932 5.946 5.959 5.972 5.985 5.997 6.010 6.024 6.038 6.053 6.070 6.088 6.108 6.128 6.150 6.173 6.196 6.219 6.243 6.267 6.290 6.313 6.336 6.358 6.379 6.399 6.420 6.442 6.463 6.484 6.506 6.528 6.552 6.576 6.601 6.627 6.655 6.683 6.713 6.744 6.775 6.806 6.837 6.868 6.898 6.928
5.232 5.273 5.312 5.350 5.386 5.419 5.451 5.482 5.512 5.541 5.569 5.596 5.622 5.648 5.673 5.698 5.723 5.747 5.771 5.794 5.817 5.840 5.862 5.883 5.903 5.922 5.940 5.957 5.973 5.986 6.000 6.013 6.026 6.038 6.051 6.064 6.078 6.093 6.110 6.128 6.147 6.167 6.189 6.211 6.234 6.258 6.281 6.305 6.328 6.352 6.374 6.395 6.417 6.438 6.460 6.482 6.504 6.527 6.550 6.573 6.598 6.624 6.650 6.678 6.708 6.738 6.769 6.801 6.833 6.866 6.898 6.929 6.960
5.230 5.272 5.312 5.351 5.389 5.424 5.457 5.490 5.522 5.552 5.580 5.608 5.635 5.661 5.687 5.712 5.737 5.761 5.785 5.809 5.833 5.856 5.879 5.901 5.922 5.943 5.962 5.980 5.997 6.012 6.027 6.041 6.054 6.067 6.079 6.092 6.105 6.119 6.134 6.150 6.168 6.187 6.207 6.228 6.250 6.273 6.296 6.320 6.344 6.367 6.389 6.411 6.433 6.456 6.478 6.501 6.523 6.546 6.570 6.594 6.619 6.645 6.673 6.701 6.731 6.762 6.793 6.826 6.859 6.892 6.925 6.958 6.990
5.226 5.268 5.310 5.350 5.389 5.426 5.461 5.496 5.528 5.560 5.590 5.618 5.646 5.673 5.699 5.724 5.749 5.774 5.799 5.823 5.847 5.871 5.894 5.917 5.939 5.961 5.981 6.001 6.019 6.035 6.052 6.067 6.081 6.094 6.107 6.119 6.132 6.145 6.159 6.174 6.190 6.207 6.226 6.246 6.267 6.289 6.312 6.335 6.359 6.382 6.405 6.427 6.450 6.472 6.496 6.519 6.542 6.566 6.590 6.614 6.640 6.666 6.694 6.723 6.753 6.784 6.816 6.849 6.883 6.917 6.951 6.985 7.018
5.221 5.264 5.306 5.347 5.387 5.425 5.462 5.498 5.532 5.565 5.596 5.626 5.655 5.683 5.709 5.735 5.761 5.786 5.811 5.835 5.860 5.884 5.908 5.931 5.954 5.977 5.998 6.019 6.038 6.056 6.074 6.091 6.106 6.121 6.134 6.147 6.160 6.172 6.185 6.199 6.214 6.230 6.247 6.266 6.286 6.306 6.328 6.351 6.374 6.397 6.420 6.442 6.465 6.489 6.512 6.536 6.560 6.584 6.608 6.634 6.659 6.686 6.714 6.743 6.773 6.805 6.838 6.871 6.906 6.941 6.976 7.010 7.044
5.215 5.258 5.300 5.342 5.383 5.422 5.460 5.497 5.533 5.568 5.601 5.632 5.662 5.690 5.718 5.745 5.771 5.796 5.821 5.846 5.871 5.895 5.919 5.944 5.967 5.991 6.013 6.035 6.055 6.075 6.094 6.112 6.129 6.145 6.160 6.173 6.187 6.199 6.212 6.225 6.239 6.254 6.269 6.287 6.305 6.325 6.346 6.367 6.390 6.413 6.435 6.458 6.481 6.505 6.529 6.553 6.577 6.602 6.627 6.652 6.678 6.705 6.733 6.762 6.793 6.825 6.858 6.892 6.927 6.962 6.998 7.034 7.069
5.209 5.251 5.293 5.335 5.377 5.416 5.455 5.494 5.531 5.567 5.602 5.634 5.666 5.696 5.724 5.752 5.779 5.805 5.831 5.856 5.881 5.905 5.930 5.954 5.979 6.003 6.026 6.049 6.070 6.091 6.111 6.131 6.149 6.167 6.183 6.198 6.212 6.225 6.238 6.251 6.265 6.278 6.293 6.309 6.326 6.344 6.364 6.385 6.406 6.429 6.451 6.473 6.497 6.521 6.545 6.569 6.594 6.619 6.644 6.670 6.696 6.723 6.751 6.781 6.811 6.843 6.876 6.911 6.946 6.982 7.019 7.055 7.092
5.204 5.245 5.286 5.328 5.369 5.409 5.448 5.488 5.526 5.563 5.599 5.634 5.667 5.698 5.728 5.757 5.785 5.812 5.838 5.864 5.889 5.914 5.939 5.963 5.988 6.013 6.037 6.060 6.082 6.104 6.126 6.147 6.167 6.186 6.204 6.220 6.236 6.250 6.264 6.277 6.290 6.303 6.317 6.332 6.348 6.365 6.383 6.403 6.423 6.445 6.467 6.489 6.512 6.536 6.560 6.585 6.610 6.635 6.661 6.687 6.713 6.740 6.769 6.798 6.828 6.860 6.894 6.928 6.964 7.001 7.038 7.076 7.113
