TsunamiDB/out54105.asc
ncols          264
nrows          230
xllcorner      497853.4375
yllcorner      4229146.0000
cellsize         5.
NODATA_value   -99
[rows 34 to 67 of 230, columns 77 to 153 of 264]
5.440 5.456 5.473 5.488 5.503 5.518 5.532 5.544 5.556 5.569 5.581 5.594 5.606 5.618 5.630 5.642 5.655 5.667 5.680 5.693 5.707 5.721 5.735 5.750 5.764 5.779 5.795 5.810 5.826 5.841 5.855 5.870 5.885 5.900 5.915 5.930 5.945 5.960 5.975 5.989 6.004 6.018 6.032 6.046 6.060 6.073 6.087 6.100 6.113 6.126 6.139 6.152 6.164 6.175 6.186 6.197 6.208 6.219 6.230 6.241 6.251 6.261 6.270 6.279 6.288 6.297 6.304 6.312 6.319 6.325 6.330 6.335 6.340 6.344 6.347 6.350 6.350
5.452 5.469 5.486 5.502 5.518 5.533 5.547 5.559 5.571 5.584 5.596 5.609 5.620 5.632 5.644 5.655 5.667 5.679 5.691 5.703 5.716 5.729 5.742 5.756 5.770 5.785 5.800 5.815 5.830 5.844 5.858 5.873 5.888 5.903 5.918 5.933 5.948 5.962 5.977 5.992 6.006 6.020 6.034 6.048 6.062 6.076 6.089 6.103 6.116 6.129 6.142 6.156 6.168 6.179 6.190 6.201 6.212 6.223 6.234 6.245 6.255 6.266 6.275 6.285 6.294 6.303 6.311 6.319 6.326 6.333 6.339 6.345 6.350 6.355 6.359 6.362 6.363
5.464 5.481 5.498 5.515 5.531 5.547 5.561 5.573 5.586 5.599 5.612 5.624 5.636 5.647 5.658 5.670 5.681 5.692 5.703 5.715 5.727 5.739 5.751 5.764 5.777 5.791 5.805 5.819 5.834 5.848 5.862 5.876 5.890 5.905 5.920 5.935 5.950 5.965 5.979 5.994 6.008 6.023 6.037 6.051 6.065 6.078 6.092 6.106 6.119 6.132 6.145 6.158 6.171 6.182 6.193 6.204 6.216 6.227 6.238 6.249 6.260 6.270 6.280 6.290 6.300 6.309 6.318 6.326 6.334 6.341 6.348 6.354 6.360 6.365 6.369 6.373 6.375
5.474 5.492 5.510 5.527 5.543 5.559 5.574 5.587 5.601 5.614 5.627 5.639 5.651 5.662 5.674 5.685 5.695 5.706 5.717 5.727 5.738 5.750 5.761 5.773 5.786 5.798 5.812 5.825 5.839 5.853 5.866 5.879 5.894 5.908 5.923 5.938 5.952 5.967 5.982 5.996 6.011 6.025 6.039 6.053 6.067 6.081 6.095 6.108 6.122 6.135 6.148 6.161 6.173 6.185 6.196 6.208 6.219 6.231 6.242 6.253 6.264 6.275 6.285 6.295 6.305 6.314 6.323 6.332 6.340 6.348 6.355 6.362 6.368 6.374 6.379 6.383 6.386
5.484 5.502 5.520 5.538 5.555 5.571 5.586 5.600 5.614 5.628 5.641 5.654 5.666 5.678 5.689 5.700 5.710 5.721 5.731 5.741 5.752 5.762 5.773 5.784 5.795 5.807 5.819 5.832 5.845 5.858 5.871 5.884 5.898 5.912 5.926 5.941 5.955 5.970 5.984 5.999 6.013 6.027 6.042 6.056 6.070 6.083 6.097 6.111 6.124 6.137 6.151 6.164 6.176 6.188 6.199 6.211 6.223 6.234 6.246 6.257 6.268 6.279 6.289 6.300 6.310 6.320 6.329 6.338 6.347 6.355 6.363 6.370 6.376 6.383 6.389 6.393 6.396
5.492 5.511 5.530 5.547 5.565 5.582 5.597 5.612 5.626 5.641 5.654 5.668 5.680 5.692 5.704 5.715 5.726 5.736 5.746 5.756 5.766 5.776 5.786 5.796 5.806 5.817 5.829 5.840 5.853 5.865 5.876 5.889 5.902 5.916 5.930 5.944 5.958 5.973 5.987 6.001 6.016 6.030 6.044 6.058 6.072 6.086 6.100 6.113 6.127 6.140 6.153 6.167 6.179 6.191 6.202 6.214 6.226 6.237 6.249 6.260 6.272 6.283 6.293 6.304 6.314 6.324 6.334 6.343 6.352 6.361 6.369 6.377 6.384 6.391 6.397 6.402 6.406
5.500 5.519 5.538 5.556 5.574 5.592 5.608 5.623 5.638 5.652 5.667 5.680 5.694 5.706 5.718 5.730 5.741 5.751 5.762 5.771 5.781 5.790 5.800 5.809 5.819 5.829 5.839 5.850 5.862 5.873 5.883 5.895 5.908 5.921 5.934 5.948 5.962 5.976 5.990 6.004 6.018 6.032 6.047 6.061 6.075 6.088 6.102 6.116 6.129 6.143 6.156 6.169 6.182 6.193 6.205 6.217 6.229 6.241 6.252 6.264 6.275 6.286 6.297 6.308 6.319 6.329 6.339 6.349 6.358 6.367 6.375 6.383 6.391 6.398 6.405 6.411 6.415
5.507 5.527 5.546 5.564 5.583 5.600 5.617 5.632 5.648 5.663 5.678 5.692 5.706 5.719 5.732 5.744 5.755 5.766 5.777 5.787 5.796 5.806 5.815 5.824 5.833 5.842 5.851 5.861 5.872 5.882 5.892 5.903 5.914 5.927 5.939 5.953 5.966 5.980 5.993 6.007 6.021 6.035 6.049 6.063 6.077 6.091 6.105 6.118 6.132 6.145 6.159 6.172 6.185 6.196 6.208 6.220 6.232 6.244 6.255 6.267 6.279 6.290 6.301 6.312 6.323 6.333 6.343 6.353 6.363 6.372 6.381 6.389 6.398 6.405 6.413 6.419 6.423
5.514 5.534 5.553 5.572 5.590 5.608 5.625 5.641 5.657 5.673 5.688 5.703 5.717 5.731 5.744 5.757 5.769 5.781 5.791 5.802 5.811 5.821 5.830 5.839 5.847 5.856 5.865 5.874 5.884 5.893 5.902 5.912 5.922 5.934 5.946 5.958 5.971 5.984 5.998 6.011 6.025 6.039 6.052 6.066 6.080 6.094 6.107 6.121 6.135 6.148 6.161 6.175 6.187 6.199 6.211 6.223 6.235 6.247 6.259 6.270 6.282 6.293 6.305 6.316 6.327 6.337 6.348 6.358 6.368 6.377 6.386 6.395 6.404 6.412 6.419 6.426 6.431
5.521 5.540 5.560 5.579 5.597 5.616 5.633 5.649 5.665 5.681 5.697 5.713 5.728 5.742 5.756 5.769 5.782 5.794 5.805 5.816 5.826 5.836 5.845 5.854 5.863 5.871 5.879 5.888 5.897 5.905 5.913 5.922 5.932 5.942 5.953 5.965 5.977 5.989 6.002 6.015 6.029 6.042 6.056 6.069 6.083 6.097 6.110 6.124 6.137 6.151 6.164 6.178 6.190 6.202 6.214 6.226 6.238 6.250 6.262 6.273 6.285 6.297 6.308 6.319 6.330 6.341 6.352 6.362 6.372 6.382 6.391 6.401 6.409 6.418 6.426 6.433 6.439
5.527 5.547 5.566 5.585 5.604 5.622 5.640 5.656 5.673 5.689 5.706 5.721 5.737 5.752 5.766 5.780 5.793 5.806 5.818 5.829 5.840 5.850 5.860 5.869 5.878 5.886 5.895 5.903 5.911 5.918 5.926 5.934 5.942 5.952 5.962 5.973 5.984 5.996 6.008 6.020 6.033 6.046 6.060 6.073 6.086 6.100 6.113 6.127 6.140 6.154 6.167 6.180 6.193 6.205 6.216 6.228 6.241 6.253 6.265 6.277 6.288 6.300 6.312 6.323 6.334 6.345 6.356 6.366 6.376 6.386 6.396 6.406 6.415 6.424 6.432 6.439 6.445
5.534 5.553 5.573 5.592 5.610 5.629 5.646 5.663 5.680 5.696 5.713 5.729 5.745 5.760 5.775 5.790 5.804 5.817 5.830 5.842 5.853 5.864 5.874 5.884 5.893 5.902 5.910 5.918 5.926 5.933 5.939 5.947 5.955 5.963 5.972 5.982 5.992 6.003 6.015 6.026 6.039 6.051 6.064 6.077 6.090 6.103 6.117 6.130 6.143 6.157 6.170 6.183 6.196 6.207 6.219 6.231 6.244 6.256 6.268 6.280 6.291 6.303 6.315 6.326 6.337 6.349 6.359 6.370 6.380 6.391 6.401 6.410 6.420 6.429 6.438 6.445 6.452
5.541 5.560 5.579 5.598 5.617 5.635 5.653 5.669 5.686 5.703 5.720 5.736 5.752 5.768 5.784 5.798 5.813 5.827 5.840 5.853 5.865 5.876 5.887 5.898 5.907 5.916 5.925 5.933 5.941 5.948 5.954 5.961 5.968 5.976 5.984 5.993 6.002 6.012 6.022 6.033 6.045 6.057 6.069 6.082 6.094 6.107 6.120 6.134 6.147 6.160 6.173 6.186 6.199 6.210 6.222 6.234 6.247 6.259 6.271 6.283 6.295 6.306 6.318 6.330 6.341 6.352 6.363 6.374 6.384 6.395 6.405 6.415 6.424 6.434 6.443 6.451 6.458
5.548 5.567 5.586 5.605 5.623 5.642 5.659 5.675 5.692 5.709 5.726 5.743 5.759 5.775 5.791 5.806 5.821 5.835 5.849 5.863 5.875 5.888 5.899 5.910 5.921 5.930 5.939 5.948 5.956 5.963 5.969 5.975 5.982 5.989 5.997 6.005 6.013 6.022 6.032 6.042 6.052 6.063 6.075 6.087 6.099 6.112 6.125 6.137 6.150 6.164 6.177 6.190 6.202 6.214 6.225 6.237 6.250 6.262 6.274 6.286 6.298 6.310 6.321 6.333 6.344 6.356 6.367 6.377 6.388 6.399 6.409 6.419 6.429 6.439 6.448 6.456 6.463
5.556 5.575 5.593 5.612 5.630 5.648 5.665 5.682 5.699 5.716 5.733 5.749 5.766 5.782 5.798 5.813 5.828 5.843 5.858 5.872 5.885 5.898 5.910 5.922 5.933 5.943 5.953 5.962 5.971 5.978 5.984 5.990 5.997 6.004 6.011 6.018 6.025 6.033 6.042 6.051 6.061 6.071 6.082 6.093 6.105 6.117 6.129 6.142 6.155 6.168 6.180 6.193 6.205 6.217 6.229 6.241 6.253 6.265 6.277 6.289 6.301 6.313 6.325 6.336 6.348 6.359 6.370 6.381 6.392 6.403 6.413 6.423 6.433 6.443 6.453 6.461 6.468
5.564 5.583 5.601 5.619 5.637 5.655 5.672 5.688 5.705 5.722 5.739 5.755 5.772 5.788 5.804 5.820 5.835 5.850 5.865 5.879 5.893 5.907 5.920 5.932 5.944 5.955 5.965 5.975 5.984 5.992 5.998 6.005 6.012 6.018 6.025 6.032 6.039 6.046 6.054 6.062 6.071 6.080 6.090 6.101 6.112 6.123 6.135 6.147 6.159 6.172 6.185 6.197 6.209 6.220 6.232 6.244 6.256 6.268 6.280 6.292 6.304 6.316 6.328 6.340 6.351 6.362 6.374 6.385 6.396 6.406 6.417 6.427 6.438 6.448 6.457 6.465 6.473
5.573 5.591 5.609 5.627 5.645 5.662 5.679 5.695 5.712 5.728 5.745 5.762 5.778 5.794 5.810 5.826 5.842 5.857 5.872 5.887 5.901 5.915 5.928 5.941 5.953 5.965 5.977 5.987 5.997 6.005 6.012 6.019 6.026 6.033 6.040 6.046 6.053 6.059 6.066 6.074 6.082 6.090 6.099 6.109 6.119 6.130 6.141 6.153 6.164 6.177 6.189 6.202 6.213 6.224 6.236 6.248 6.260 6.272 6.284 6.296 6.308 6.320 6.331 6.343 6.355 6.366 6.377 6.388 6.399 6.410 6.421 6.431 6.442 6.452 6.462 6.470 6.478
5.582 5.600 5.618 5.635 5.653 5.670 5.686 5.702 5.719 5.735 5.752 5.768 5.784 5.800 5.816 5.832 5.848 5.863 5.878 5.893 5.908 5.922 5.936 5.949 5.962 5.975 5.987 5.998 6.008 6.017 6.025 6.033 6.040 6.047 6.054 6.061 6.067 6.073 6.080 6.086 6.094 6.101 6.110 6.118 6.128 6.138 6.148 6.159 6.170 6.182 6.195 6.206 6.217 6.228 6.240 6.252 6.264 6.276 6.288 6.300 6.312 6.323 6.335 6.347 6.358 6.370 6.381 6.392 6.403 6.414 6.425 6.435 6.446 6.456 6.466 6.474 6.482
5.591 5.609 5.627 5.644 5.662 5.678 5.694 5.710 5.726 5.742 5.758 5.775 5.791 5.807 5.822 5.838 5.854 5.869 5.884 5.899 5.914 5.929 5.943 5.956 5.970 5.983 5.995 6.008 6.018 6.027 6.036 6.045 6.053 6.061 6.068 6.075 6.081 6.087 6.094 6.100 6.106 6.113 6.121 6.129 6.137 6.146 6.156 6.166 6.177 6.189 6.200 6.212 6.222 6.233 6.244 6.256 6.268 6.280 6.292 6.304 6.315 6.327 6.339 6.351 6.362 6.373 6.385 6.396 6.407 6.418 6.429 6.439 6.450 6.460 6.470 6.478 6.486
5.600 5.618 5.636 5.653 5.670 5.687 5.702 5.718 5.734 5.750 5.766 5.782 5.797 5.813 5.829 5.844 5.860 5.875 5.890 5.905 5.920 5.935 5.949 5.963 5.977 5.990 6.003 6.016 6.027 6.037 6.047 6.056 6.065 6.073 6.081 6.088 6.095 6.101 6.107 6.114 6.120 6.126 6.133 6.140 6.148 6.156 6.165 6.175 6.185 6.195 6.207 6.217 6.227 6.238 6.249 6.261 6.272 6.284 6.296 6.308 6.319 6.331 6.343 6.354 6.366 6.377 6.389 6.400 6.411 6.422 6.433 6.443 6.454 6.464 6.474 6.482 6.491
5.609 5.627 5.645 5.662 5.679 5.695 5.710 5.726 5.742 5.758 5.773 5.789 5.805 5.820 5.836 5.851 5.866 5.881 5.896 5.911 5.926 5.941 5.955 5.969 5.983 5.997 6.010 6.023 6.035 6.045 6.056 6.066 6.075 6.084 6.093 6.100 6.108 6.115 6.121 6.127 6.133 6.139 6.146 6.152 6.159 6.167 6.175 6.184 6.193 6.203 6.214 6.224 6.233 6.244 6.255 6.266 6.277 6.289 6.300 6.312 6.324 6.335 6.347 6.359 6.370 6.381 6.393 6.404 6.415 6.426 6.437 6.447 6.458 6.468 6.478 6.487 6.495
5.618 5.636 5.653 5.670 5.688 5.704 5.719 5.734 5.750 5.766 5.781 5.797 5.812 5.827 5.843 5.858 5.873 5.888 5.902 5.917 5.932 5.946 5.961 5.975 5.989 6.003 6.017 6.030 6.042 6.053 6.064 6.075 6.085 6.094 6.103 6.112 6.120 6.127 6.134 6.140 6.146 6.152 6.159 6.165 6.171 6.178 6.186 6.194 6.202 6.212 6.221 6.231 6.240 6.250 6.260 6.271 6.282 6.294 6.305 6.317 6.328 6.340 6.352 6.363 6.374 6.386 6.397 6.408 6.419 6.430 6.441 6.451 6.462 6.473 6.482 6.491 6.499
5.626 5.644 5.661 5.679 5.696 5.712 5.727 5.743 5.758 5.774 5.790 5.805 5.820 5.835 5.850 5.865 5.879 5.894 5.909 5.923 5.938 5.952 5.967 5.981 5.995 6.009 6.023 6.036 6.049 6.060 6.071 6.082 6.093 6.103 6.113 6.122 6.131 6.138 6.146 6.153 6.159 6.165 6.171 6.177 6.184 6.190 6.197 6.204 6.212 6.221 6.230 6.239 6.247 6.257 6.267 6.277 6.288 6.299 6.310 6.322 6.333 6.345 6.356 6.368 6.379 6.390 6.401 6.413 6.424 6.434 6.445 6.456 6.466 6.477 6.486 6.495 6.504
5.634 5.652 5.669 5.687 5.704 5.720 5.735 5.751 5.767 5.782 5.798 5.813 5.828 5.843 5.858 5.872 5.887 5.901 5.915 5.930 5.944 5.958 5.973 5.987 6.001 6.015 6.028 6.042 6.055 6.066 6.078 6.089 6.101 6.111 6.122 6.131 6.140 6.149 6.157 6.164 6.171 6.178 6.184 6.190 6.196 6.202 6.209 6.215 6.223 6.231 6.239 6.247 6.255 6.264 6.274 6.284 6.294 6.305 6.316 6.327 6.338 6.350 6.361 6.372 6.384 6.395 6.406 6.417 6.428 6.439 6.450 6.460 6.471 6.481 6.491 6.500 6.508
5.641 5.659 5.676 5.694 5.711 5.727 5.743 5.759 5.774 5.790 5.806 5.821 5.836 5.851 5.865 5.880 5.894 5.908 5.922 5.937 5.951 5.965 5.979 5.992 6.006 6.020 6.034 6.048 6.060 6.072 6.084 6.096 6.107 6.118 6.129 6.140 6.149 6.158 6.167 6.175 6.182 6.189 6.196 6.202 6.208 6.214 6.220 6.227 6.234 6.241 6.249 6.256 6.264 6.272 6.281 6.291 6.301 6.311 6.322 6.333 6.344 6.355 6.366 6.378 6.389 6.400 6.411 6.422 6.433 6.444 6.454 6.465 6.475 6.486 6.496 6.504 6.513
5.648 5.665 5.683 5.701 5.718 5.734 5.750 5.766 5.782 5.798 5.813 5.828 5.843 5.858 5.873 5.887 5.902 5.916 5.930 5.943 5.957 5.971 5.985 5.998 6.012 6.026 6.039 6.053 6.066 6.078 6.090 6.102 6.113 6.125 6.136 6.147 6.157 6.167 6.176 6.184 6.192 6.200 6.207 6.213 6.220 6.226 6.232 6.238 6.245 6.251 6.259 6.266 6.273 6.281 6.289 6.298 6.308 6.318 6.328 6.339 6.350 6.361 6.372 6.383 6.394 6.405 6.416 6.427 6.438 6.448 6.459 6.470 6.480 6.491 6.500 6.509 6.518
5.654 5.672 5.689 5.707 5.724 5.741 5.756 5.772 5.789 5.804 5.820 5.836 5.851 5.866 5.880 5.895 5.909 5.923 5.937 5.950 5.964 5.978 5.991 6.005 6.018 6.032 6.045 6.059 6.071 6.083 6.095 6.107 6.119 6.131 6.142 6.153 6.164 6.174 6.184 6.193 6.201 6.209 6.217 6.224 6.230 6.237 6.243 6.249 6.256 6.262 6.269 6.276 6.282 6.289 6.297 6.306 6.315 6.325 6.335 6.345 6.356 6.366 6.377 6.388 6.399 6.410 6.421 6.432 6.443 6.453 6.464 6.475 6.485 6.496 6.505 6.514 6.523
5.660 5.678 5.695 5.713 5.730 5.747 5.762 5.779 5.795 5.811 5.827 5.842 5.858 5.873 5.887 5.902 5.916 5.930 5.944 5.958 5.971 5.984 5.998 6.011 6.024 6.038 6.051 6.064 6.077 6.088 6.100 6.112 6.124 6.136 6.148 6.160 6.171 6.181 6.191 6.201 6.210 6.218 6.226 6.233 6.241 6.247 6.254 6.260 6.266 6.273 6.280 6.286 6.292 6.299 6.306 6.314 6.323 6.332 6.342 6.352 6.362 6.372 6.383 6.394 6.405 6.415 6.426 6.437 6.448 6.459 6.469 6.480 6.490 6.501 6.510 6.519 6.528
5.666 5.684 5.701 5.718 5.736 5.752 5.768 5.784 5.800 5.817 5.833 5.848 5.864 5.879 5.894 5.909 5.923 5.937 5.951 5.964 5.978 5.991 6.004 6.018 6.031 6.044 6.057 6.070 6.082 6.094 6.106 6.118 6.130 6.142 6.154 6.165 6.176 6.187 6.198 6.208 6.217 6.226 6.234 6.242 6.250 6.257 6.264 6.270 6.277 6.283 6.290 6.296 6.301 6.308 6.315 6.323 6.331 6.340 6.349 6.358 6.368 6.379 6.389 6.399 6.410 6.421 6.432 6.442 6.453 6.464 6.474 6.485 6.495 6.506 6.515 6.524 6.533
5.672 5.689 5.707 5.724 5.741 5.757 5.773 5.789 5.806 5.822 5.838 5.854 5.869 5.885 5.900 5.915 5.929 5.943 5.957 5.971 5.985 5.998 6.011 6.024 6.037 6.050 6.063 6.076 6.088 6.099 6.111 6.123 6.135 6.147 6.159 6.170 6.182 6.193 6.204 6.214 6.224 6.233 6.242 6.250 6.258 6.266 6.273 6.280 6.287 6.293 6.300 6.306 6.311 6.317 6.324 6.331 6.339 6.347 6.356 6.365 6.375 6.385 6.395 6.405 6.416 6.426 6.437 6.448 6.458 6.469 6.480 6.490 6.501 6.511 6.521 6.529 6.538
5.679 5.696 5.712 5.729 5.746 5.763 5.778 5.794 5.810 5.827 5.843 5.859 5.875 5.890 5.905 5.920 5.935 5.949 5.963 5.977 5.991 6.004 6.017 6.030 6.043 6.056 6.069 6.081 6.093 6.105 6.116 6.128 6.140 6.152 6.164 6.176 6.187 6.198 6.209 6.220 6.230 6.240 6.249 6.258 6.266 6.274 6.282 6.289 6.296 6.303 6.309 6.315 6.320 6.326 6.333 6.340 6.347 6.355 6.364 6.372 6.382 6.391 6.401 6.411 6.421 6.432 6.442 6.453 6.464 6.474 6.485 6.496 6.506 6.516 6.526 6.535 6.543
5.685 5.702 5.719 5.735 5.752 5.768 5.783 5.799 5.815 5.831 5.847 5.863 5.879 5.895 5.910 5.925 5.940 5.955 5.969 5.983 5.997 6.010 6.023 6.036 6.049 6.062 6.075 6.087 6.099 6.110 6.121 6.133 6.145 6.157 6.169 6.181 6.192 6.203 6.215 6.225 6.236 6.246 6.255 6.265 6.273 6.282 6.290 6.297 6.304 6.311 6.318 6.324 6.329 6.335 6.341 6.348 6.355 6.363 6.371 6.379 6.388 6.398 6.407 6.417 6.427 6.437 6.448 6.458 6.469 6.479 6.490 6.501 6.511 6.522 6.531 6.540 6.548
5.693 5.709 5.725 5.741 5.758 5.773 5.788 5.804 5.820 5.836 5.852 5.868 5.884 5.899 5.915 5.930 5.945 5.960 5.974 5.988 6.002 6.016 6.029 6.042 6.055 6.068 6.081 6.093 6.104 6.115 6.127 6.138 6.150 6.162 6.174 6.185 6.197 6.208 6.220 6.230 6.241 6.251 6.261 6.271 6.280 6.289 6.297 6.305 6.312 6.320 6.327 6.333 6.338 6.344 6.350 6.356 6.363 6.371 6.378 6.387 6.395 6.404 6.413 6.423 6.433 6.443 6.453 6.464 6.474 6.485 6.495 6.506 6.517 6.527 6.536 6.545 6.554
5.701 5.717 5.733 5.748 5.764 5.779 5.794 5.809 5.825 5.841 5.856 5.872 5.888 5.903 5.919 5.934 5.949 5.964 5.979 5.993 6.007 6.021 6.034 6.047 6.061 6.073 6.086 6.099 6.110 6.121 6.132 6.144 6.155 6.167 6.179 6.190 6.202 6.213 6.224 6.235 6.246 6.257 6.267 6.277 6.286 6.295 6.304 6.312 6.320 6.328 6.335 6.341 6.346 6.352 6.358 6.365 6.371 6.378 6.386 6.394 6.402 6.411 6.420 6.429 6.439 6.448 6.459 6.469 6.479 6.490 6.500 6.511 6.522 6.532 6.541 6.550 6.559
