TsunamiDB/out54064.asc
ncols          264
nrows          230
xllcorner      497853.4375
yllcorner      4229146.0000
cellsize         5.
NODATA_value   -99
[rows 66 to 98 of 230, columns 75 to 149 of 264]
2.532 2.817 3.068 3.275 3.440 3.571 3.676 3.763 3.839 3.907 3.969 4.027 4.082 4.133 4.183 4.231 4.278 4.324 4.368 4.412 4.455 4.498 4.541 4.584 4.627 4.669 4.713 4.756 4.800 4.844 4.888 4.932 4.978 5.023 5.068 5.113 5.157 5.200 5.242 5.282 5.321 5.357 5.392 5.425 5.457 5.486 5.513 5.539 5.563 5.585 5.606 5.626 5.644 5.660 5.676 5.691 5.705 5.718 5.731 5.744 5.756 5.769 5.781 5.793 5.805 5.817 5.829 5.841 5.853 5.866 5.878 5.891 5.904 5.917 5.931
2.680 2.950 3.180 3.364 3.510 3.627 3.723 3.803 3.875 3.940 3.999 4.055 4.108 4.159 4.207 4.254 4.299 4.344 4.387 4.430 4.472 4.513 4.555 4.596 4.637 4.679 4.721 4.763 4.805 4.848 4.890 4.933 4.977 5.022 5.066 5.111 5.155 5.198 5.241 5.283 5.323 5.361 5.398 5.433 5.466 5.497 5.527 5.554 5.580 5.604 5.627 5.648 5.667 5.684 5.701 5.716 5.731 5.745 5.759 5.771 5.784 5.796 5.807 5.819 5.830 5.842 5.854 5.865 5.877 5.889 5.901 5.913 5.926 5.938 5.951
2.822 3.072 3.278 3.442 3.573 3.678 3.766 3.841 3.909 3.971 4.029 4.083 4.134 4.184 4.231 4.276 4.321 4.364 4.406 4.447 4.488 4.528 4.569 4.609 4.649 4.689 4.729 4.770 4.811 4.852 4.892 4.934 4.977 5.020 5.064 5.108 5.152 5.195 5.238 5.281 5.322 5.362 5.400 5.437 5.472 5.506 5.537 5.567 5.594 5.620 5.645 5.668 5.688 5.706 5.724 5.741 5.757 5.772 5.786 5.799 5.811 5.823 5.834 5.846 5.857 5.868 5.879 5.890 5.902 5.913 5.925 5.936 5.948 5.960 5.973
2.953 3.181 3.366 3.511 3.628 3.724 3.805 3.876 3.941 4.001 4.057 4.110 4.160 4.208 4.254 4.298 4.341 4.383 4.424 4.465 4.504 4.544 4.583 4.621 4.660 4.699 4.738 4.777 4.817 4.856 4.895 4.936 4.977 5.019 5.061 5.104 5.147 5.190 5.233 5.276 5.318 5.359 5.399 5.438 5.474 5.510 5.543 5.575 5.605 5.633 5.660 5.684 5.706 5.726 5.746 5.764 5.781 5.797 5.812 5.826 5.839 5.851 5.862 5.873 5.884 5.895 5.906 5.916 5.927 5.938 5.949 5.960 5.971 5.983 5.995
3.073 3.278 3.442 3.572 3.678 3.766 3.842 3.910 3.972 4.030 4.084 4.136 4.185 4.232 4.277 4.320 4.362 4.403 4.443 4.482 4.521 4.559 4.597 4.634 4.672 4.709 4.747 4.785 4.823 4.860 4.898 4.937 4.977 5.018 5.059 5.100 5.142 5.185 5.227 5.270 5.312 5.354 5.395 5.434 5.473 5.510 5.546 5.579 5.612 5.642 5.670 5.697 5.721 5.744 5.765 5.785 5.804 5.821 5.837 5.852 5.866 5.878 5.890 5.901 5.912 5.923 5.933 5.943 5.953 5.963 5.974 5.984 5.995 6.006 6.017
3.180 3.364 3.510 3.627 3.723 3.805 3.877 3.941 4.002 4.058 4.111 4.161 4.209 4.255 4.299 4.341 4.382 4.422 4.461 4.500 4.537 4.574 4.611 4.647 4.684 4.720 4.756 4.793 4.829 4.866 4.902 4.940 4.978 5.017 5.057 5.097 5.138 5.179 5.220 5.262 5.304 5.346 5.387 5.428 5.468 5.507 5.544 5.580 5.614 5.647 5.677 5.707 5.733 5.757 5.781 5.803 5.824 5.843 5.861 5.877 5.892 5.905 5.918 5.929 5.940 5.951 5.961 5.970 5.980 5.990 5.999 6.009 6.019 6.030 6.041
3.276 3.440 3.570 3.676 3.764 3.842 3.910 3.972 4.030 4.085 4.137 4.186 4.233 4.278 4.321 4.362 4.403 4.442 4.480 4.517 4.553 4.590 4.625 4.661 4.696 4.731 4.766 4.801 4.837 4.872 4.907 4.943 4.980 5.017 5.055 5.094 5.133 5.173 5.213 5.254 5.295 5.337 5.378 5.419 5.460 5.499 5.538 5.576 5.612 5.647 5.680 5.712 5.740 5.767 5.793 5.818 5.841 5.862 5.881 5.899 5.916 5.931 5.944 5.957 5.968 5.979 5.989 5.999 6.008 6.017 6.026 6.035 6.045 6.054 6.064
3.361 3.507 3.624 3.720 3.803 3.876 3.941 4.001 4.058 4.112 4.162 4.210 4.256 4.300 4.342 4.383 4.423 4.461 4.498 4.534 4.570 4.605 4.640 4.674 4.708 4.742 4.776 4.810 4.845 4.878 4.912 4.947 4.982 5.018 5.055 5.092 5.129 5.168 5.207 5.246 5.286 5.327 5.368 5.408 5.449 5.489 5.529 5.568 5.606 5.643 5.678 5.712 5.743 5.773 5.801 5.828 5.853 5.877 5.899 5.919 5.937 5.954 5.969 5.983 5.996 6.007 6.017 6.027 6.036 6.045 6.053 6.062 6.071 6.080 6.089
3.436 3.566 3.672 3.761 3.839 3.908 3.971 4.029 4.085 4.137 4.187 4.234 4.279 4.322 4.364 4.404 4.442 4.480 4.516 4.552 4.586 4.621 4.654 4.688 4.721 4.754 4.787 4.820 4.853 4.885 4.918 4.951 4.985 5.020 5.055 5.090 5.126 5.163 5.200 5.238 5.277 5.316 5.356 5.396 5.437 5.477 5.517 5.557 5.596 5.635 5.672 5.708 5.742 5.773 5.804 5.834 5.862 5.888 5.912 5.935 5.955 5.974 5.991 6.007 6.021 6.034 6.045 6.055 6.064 6.073 6.081 6.090 6.098 6.106 6.115
3.502 3.619 3.716 3.799 3.872 3.939 4.000 4.056 4.111 4.162 4.211 4.257 4.302 4.344 4.385 4.424 4.462 4.499 4.534 4.569 4.603 4.636 4.669 4.702 4.734 4.766 4.798 4.830 4.862 4.893 4.924 4.956 4.989 5.022 5.056 5.090 5.124 5.159 5.195 5.232 5.269 5.307 5.345 5.384 5.424 5.463 5.503 5.544 5.583 5.623 5.661 5.699 5.735 5.769 5.803 5.835 5.865 5.894 5.921 5.946 5.969 5.991 6.010 6.028 6.044 6.058 6.071 6.082 6.092 6.101 6.110 6.118 6.125 6.133 6.141
3.561 3.667 3.757 3.834 3.904 3.968 4.027 4.083 4.136 4.186 4.234 4.280 4.324 4.366 4.406 4.444 4.482 4.518 4.552 4.586 4.620 4.652 4.684 4.716 4.747 4.778 4.809 4.840 4.871 4.901 4.931 4.962 4.994 5.026 5.058 5.090 5.123 5.157 5.191 5.226 5.261 5.297 5.334 5.372 5.410 5.449 5.489 5.528 5.568 5.608 5.648 5.687 5.724 5.760 5.796 5.831 5.864 5.895 5.925 5.953 5.978 6.003 6.025 6.045 6.063 6.080 6.094 6.107 6.119 6.129 6.138 6.146 6.154 6.161 6.168
3.614 3.711 3.794 3.868 3.935 3.997 4.054 4.108 4.161 4.210 4.258 4.303 4.346 4.387 4.426 4.464 4.501 4.536 4.571 4.604 4.636 4.668 4.699 4.730 4.761 4.791 4.821 4.851 4.881 4.910 4.939 4.969 4.999 5.030 5.061 5.092 5.123 5.155 5.188 5.221 5.255 5.290 5.325 5.361 5.398 5.435 5.473 5.512 5.552 5.591 5.631 5.671 5.710 5.747 5.785 5.821 5.857 5.891 5.923 5.954 5.982 6.009 6.034 6.057 6.078 6.097 6.114 6.129 6.143 6.154 6.165 6.174 6.182 6.189 6.196
3.662 3.752 3.829 3.899 3.964 4.024 4.080 4.133 4.185 4.233 4.280 4.325 4.367 4.408 4.447 4.484 4.520 4.555 4.589 4.622 4.653 4.684 4.715 4.745 4.775 4.804 4.833 4.862 4.891 4.919 4.947 4.976 5.005 5.035 5.064 5.094 5.125 5.155 5.186 5.218 5.250 5.283 5.317 5.351 5.386 5.422 5.459 5.496 5.535 5.574 5.613 5.653 5.692 5.730 5.769 5.807 5.845 5.881 5.916 5.949 5.981 6.010 6.038 6.064 6.088 6.110 6.130 6.147 6.163 6.177 6.189 6.199 6.209 6.217 6.224
3.706 3.789 3.863 3.930 3.992 4.051 4.105 4.157 4.208 4.256 4.302 4.346 4.388 4.429 4.467 4.504 4.540 4.574 4.607 4.639 4.670 4.701 4.731 4.760 4.789 4.817 4.846 4.874 4.902 4.929 4.956 4.984 5.012 5.041 5.069 5.098 5.127 5.156 5.186 5.216 5.247 5.278 5.310 5.343 5.376 5.410 5.446 5.482 5.519 5.556 5.595 5.634 5.672 5.711 5.750 5.790 5.828 5.866 5.903 5.939 5.973 6.006 6.036 6.065 6.092 6.117 6.140 6.160 6.179 6.195 6.210 6.222 6.233 6.242 6.251
3.747 3.825 3.895 3.959 4.019 4.077 4.130 4.181 4.231 4.278 4.324 4.368 4.409 4.449 4.487 4.524 4.559 4.593 4.626 4.657 4.688 4.718 4.747 4.775 4.803 4.831 4.858 4.886 4.913 4.939 4.965 4.993 5.020 5.047 5.075 5.102 5.130 5.158 5.187 5.216 5.245 5.275 5.305 5.336 5.368 5.401 5.434 5.468 5.504 5.540 5.577 5.615 5.652 5.690 5.730 5.769 5.808 5.847 5.886 5.923 5.960 5.995 6.028 6.060 6.090 6.118 6.144 6.168 6.190 6.209 6.226 6.241 6.255 6.266 6.275
3.785 3.859 3.925 3.988 4.046 4.102 4.154 4.204 4.253 4.300 4.345 4.389 4.430 4.469 4.507 4.544 4.579 4.612 4.644 4.675 4.705 4.735 4.763 4.791 4.818 4.845 4.872 4.898 4.925 4.950 4.975 5.002 5.028 5.054 5.081 5.107 5.134 5.161 5.189 5.216 5.244 5.273 5.302 5.331 5.362 5.393 5.424 5.457 5.491 5.525 5.560 5.597 5.633 5.670 5.708 5.747 5.786 5.825 5.864 5.903 5.941 5.978 6.014 6.048 6.081 6.112 6.142 6.169 6.194 6.217 6.237 6.255 6.271 6.285 6.297
3.822 3.891 3.955 4.015 4.072 4.126 4.178 4.227 4.275 4.322 4.366 4.409 4.450 4.490 4.527 4.563 4.598 4.631 4.663 4.694 4.723 4.752 4.780 4.807 4.834 4.860 4.886 4.911 4.937 4.962 4.986 5.011 5.037 5.062 5.088 5.113 5.139 5.165 5.192 5.218 5.245 5.272 5.300 5.328 5.357 5.387 5.417 5.448 5.480 5.513 5.546 5.580 5.615 5.650 5.687 5.724 5.763 5.801 5.840 5.879 5.918 5.956 5.994 6.031 6.066 6.100 6.132 6.163 6.191 6.217 6.241 6.263 6.282 6.299 6.314
3.856 3.923 3.984 4.042 4.097 4.150 4.201 4.249 4.297 4.343 4.387 4.429 4.470 4.509 4.547 4.583 4.617 4.650 4.682 4.712 4.741 4.770 4.797 4.824 4.850 4.875 4.900 4.925 4.950 4.974 4.997 5.022 5.046 5.071 5.095 5.120 5.145 5.170 5.196 5.221 5.247 5.273 5.300 5.327 5.355 5.383 5.412 5.441 5.471 5.502 5.534 5.567 5.599 5.632 5.667 5.703 5.740 5.777 5.815 5.854 5.892 5.931 5.969 6.007 6.045 6.081 6.116 6.149 6.181 6.210 6.238 6.263 6.286 6.307 6.324
3.889 3.953 4.012 4.069 4.122 4.174 4.223 4.271 4.318 4.363 4.407 4.449 4.490 4.529 4.566 4.602 4.637 4.669 4.701 4.731 4.760 4.788 4.815 4.841 4.866 4.891 4.916 4.940 4.963 4.986 5.009 5.033 5.056 5.080 5.104 5.128 5.152 5.176 5.201 5.225 5.250 5.276 5.301 5.327 5.354 5.381 5.408 5.437 5.465 5.495 5.525 5.555 5.586 5.617 5.650 5.684 5.719 5.755 5.791 5.828 5.866 5.904 5.942 5.981 6.019 6.056 6.093 6.129 6.163 6.196 6.226 6.255 6.282 6.306 6.328
3.921 3.982 4.040 4.095 4.147 4.198 4.246 4.293 4.339 4.384 4.427 4.469 4.509 4.548 4.586 4.621 4.656 4.689 4.720 4.750 4.779 4.806 4.833 4.859 4.884 4.908 4.932 4.955 4.978 5.000 5.022 5.045 5.067 5.090 5.113 5.136 5.160 5.183 5.207 5.231 5.255 5.279 5.304 5.329 5.355 5.381 5.407 5.434 5.462 5.490 5.518 5.547 5.575 5.605 5.636 5.668 5.701 5.735 5.769 5.804 5.840 5.877 5.914 5.952 5.990 6.028 6.065 6.102 6.138 6.173 6.207 6.239 6.270 6.298 6.323
3.952 4.011 4.067 4.120 4.171 4.221 4.267 4.314 4.359 4.403 4.446 4.488 4.528 4.567 4.604 4.640 4.675 4.708 4.739 4.769 4.798 4.825 4.852 4.877 4.902 4.925 4.948 4.971 4.993 5.014 5.035 5.057 5.079 5.101 5.123 5.146 5.168 5.191 5.214 5.237 5.260 5.284 5.308 5.332 5.357 5.382 5.407 5.433 5.460 5.486 5.514 5.540 5.567 5.596 5.625 5.655 5.686 5.718 5.750 5.783 5.817 5.852 5.887 5.924 5.960 5.997 6.035 6.072 6.109 6.145 6.181 6.216 6.249 6.280 6.308
3.982 4.039 4.093 4.145 4.195 4.243 4.289 4.335 4.379 4.423 4.465 4.507 4.547 4.585 4.623 4.659 4.693 4.726 4.758 4.788 4.817 4.844 4.871 4.896 4.920 4.943 4.966 4.988 5.009 5.029 5.050 5.071 5.092 5.113 5.134 5.156 5.177 5.199 5.221 5.244 5.266 5.289 5.313 5.336 5.360 5.385 5.409 5.434 5.459 5.485 5.511 5.537 5.562 5.589 5.617 5.645 5.674 5.704 5.734 5.765 5.797 5.830 5.863 5.898 5.933 5.968 6.004 6.041 6.077 6.114 6.150 6.186 6.220 6.254 6.285
4.012 4.067 4.119 4.170 4.219 4.265 4.310 4.355 4.399 4.442 4.484 4.525 4.564 4.603 4.640 4.677 4.711 4.745 4.776 4.807 4.836 4.864 4.890 4.915 4.939 4.962 4.985 5.006 5.026 5.046 5.066 5.086 5.106 5.126 5.146 5.167 5.188 5.209 5.230 5.252 5.274 5.296 5.319 5.341 5.365 5.388 5.412 5.436 5.461 5.486 5.511 5.535 5.560 5.585 5.612 5.638 5.666 5.694 5.722 5.752 5.781 5.812 5.843 5.875 5.908 5.942 5.976 6.010 6.046 6.081 6.117 6.152 6.188 6.222 6.255
4.040 4.094 4.145 4.194 4.242 4.287 4.331 4.375 4.418 4.461 4.502 4.542 4.582 4.620 4.658 4.694 4.729 4.762 4.795 4.825 4.855 4.883 4.909 4.934 4.959 4.982 5.004 5.025 5.044 5.063 5.083 5.102 5.121 5.140 5.160 5.179 5.199 5.219 5.240 5.261 5.282 5.303 5.325 5.348 5.370 5.393 5.416 5.440 5.463 5.487 5.512 5.535 5.559 5.583 5.609 5.634 5.660 5.687 5.714 5.741 5.769 5.798 5.827 5.857 5.888 5.919 5.951 5.984 6.017 6.050 6.084 6.119 6.153 6.188 6.221
4.068 4.120 4.170 4.218 4.265 4.309 4.352 4.395 4.438 4.479 4.520 4.560 4.599 4.637 4.674 4.711 4.746 4.780 4.812 4.843 4.873 4.901 4.928 4.954 4.978 5.001 5.023 5.044 5.064 5.082 5.101 5.119 5.138 5.156 5.174 5.193 5.212 5.231 5.251 5.270 5.291 5.312 5.333 5.355 5.377 5.399 5.421 5.444 5.467 5.491 5.514 5.537 5.560 5.584 5.608 5.632 5.657 5.683 5.708 5.734 5.761 5.788 5.815 5.843 5.872 5.901 5.931 5.961 5.992 6.024 6.056 6.088 6.121 6.154 6.187
4.096 4.147 4.195 4.242 4.287 4.331 4.373 4.415 4.456 4.497 4.537 4.576 4.615 4.653 4.690 4.726 4.762 4.796 4.829 4.860 4.891 4.919 4.947 4.973 4.998 5.021 5.043 5.064 5.083 5.102 5.120 5.138 5.156 5.173 5.191 5.208 5.226 5.244 5.263 5.282 5.301 5.321 5.342 5.363 5.384 5.405 5.427 5.450 5.472 5.495 5.518 5.540 5.562 5.585 5.609 5.632 5.656 5.681 5.705 5.730 5.756 5.781 5.807 5.834 5.861 5.888 5.916 5.944 5.973 6.002 6.032 6.062 6.093 6.124 6.155
4.123 4.172 4.220 4.266 4.310 4.352 4.393 4.435 4.475 4.515 4.554 4.593 4.631 4.669 4.705 4.742 4.777 4.811 4.844 4.876 4.907 4.937 4.965 4.991 5.017 5.040 5.063 5.084 5.104 5.122 5.140 5.158 5.175 5.192 5.208 5.225 5.242 5.259 5.276 5.294 5.313 5.332 5.351 5.371 5.392 5.413 5.434 5.456 5.478 5.500 5.522 5.544 5.565 5.588 5.611 5.634 5.657 5.681 5.705 5.729 5.753 5.777 5.802 5.827 5.853 5.879 5.905 5.932 5.959 5.986 6.014 6.042 6.071 6.100 6.128
4.149 4.198 4.244 4.289 4.332 4.374 4.414 4.454 4.494 4.533 4.571 4.609 4.647 4.684 4.720 4.756 4.791 4.826 4.859 4.892 4.923 4.953 4.982 5.009 5.035 5.059 5.083 5.105 5.124 5.143 5.161 5.178 5.195 5.212 5.227 5.243 5.259 5.275 5.292 5.308 5.326 5.344 5.362 5.381 5.401 5.421 5.442 5.463 5.484 5.506 5.528 5.549 5.570 5.592 5.614 5.637 5.660 5.682 5.706 5.729 5.752 5.776 5.800 5.824 5.849 5.873 5.898 5.924 5.949 5.975 6.001 6.028 6.054 6.081 6.108
4.176 4.223 4.268 4.312 4.355 4.395 4.434 4.474 4.512 4.550 4.588 4.625 4.662 4.698 4.734 4.770 4.805 4.839 4.873 4.906 4.937 4.968 4.997 5.025 5.052 5.077 5.101 5.124 5.144 5.163 5.182 5.200 5.216 5.232 5.248 5.263 5.278 5.293 5.309 5.324 5.340 5.357 5.375 5.393 5.411 5.431 5.450 5.471 5.491 5.512 5.534 5.554 5.575 5.597 5.619 5.641 5.663 5.685 5.708 5.731 5.753 5.777 5.800 5.823 5.847 5.871 5.895 5.919 5.943 5.968 5.993 6.018 6.043 6.068 6.093
4.202 4.248 4.292 4.335 4.377 4.416 4.455 4.493 4.531 4.568 4.605 4.641 4.677 4.713 4.748 4.783 4.818 4.852 4.886 4.919 4.951 4.982 5.012 5.040 5.068 5.094 5.119 5.142 5.164 5.183 5.203 5.221 5.238 5.254 5.270 5.284 5.299 5.313 5.328 5.342 5.357 5.372 5.389 5.405 5.423 5.441 5.460 5.479 5.499 5.519 5.540 5.561 5.581 5.602 5.624 5.645 5.667 5.689 5.711 5.734 5.756 5.779 5.801 5.824 5.847 5.870 5.893 5.917 5.941 5.964 5.988 6.012 6.036 6.060 6.084
4.227 4.273 4.316 4.358 4.399 4.438 4.475 4.513 4.550 4.586 4.622 4.657 4.692 4.727 4.762 4.796 4.831 4.864 4.898 4.931 4.963 4.994 5.025 5.054 5.082 5.109 5.135 5.160 5.182 5.202 5.223 5.242 5.259 5.276 5.292 5.307 5.321 5.335 5.348 5.362 5.375 5.390 5.404 5.420 5.436 5.453 5.470 5.489 5.508 5.527 5.548 5.567 5.587 5.608 5.629 5.651 5.672 5.694 5.716 5.738 5.760 5.782 5.804 5.826 5.849 5.871 5.894 5.917 5.940 5.963 5.986 6.010 6.033 6.056 6.078
4.253 4.298 4.340 4.382 4.421 4.459 4.496 4.533 4.569 4.604 4.639 4.673 4.708 4.742 4.776 4.809 4.843 4.876 4.909 4.942 4.974 5.006 5.036 5.066 5.095 5.123 5.150 5.175 5.198 5.220 5.241 5.261 5.280 5.298 5.314 5.329 5.343 5.357 5.370 5.383 5.396 5.409 5.422 5.436 5.451 5.466 5.482 5.500 5.517 5.536 5.556 5.575 5.594 5.614 5.635 5.656 5.677 5.699 5.720 5.742 5.764 5.786 5.808 5.830 5.852 5.874 5.896 5.919 5.941 5.964 5.987 6.009 6.032 6.055 6.076
4.278 4.322 4.364 4.405 4.444 4.481 4.517 4.553 4.588 4.622 4.656 4.690 4.723 4.756 4.789 4.822 4.855 4.888 4.920 4.952 4.984 5.016 5.047 5.077 5.106 5.135 5.162 5.189 5.213 5.236 5.259 5.280 5.300 5.318 5.335 5.352 5.366 5.380 5.393 5.406 5.418 5.430 5.442 5.454 5.468 5.482 5.496 5.512 5.529 5.546 5.564 5.583 5.601 5.621 5.642 5.662 5.683 5.704 5.726 5.747 5.769 5.790 5.812 5.834 5.856 5.878 5.900 5.922 5.944 5.966 5.989 6.011 6.033 6.055 6.077
