TsunamiDB/out54111.asc
ncols          264
nrows          230
xllcorner      497853.4375
yllcorner      4229146.0000
cellsize         5.
NODATA_value   -99
[rows 102 to 135 of 230, columns 0 to 76 of 264]
4.583 4.612 4.640 4.668 4.694 4.720 4.746 4.770 4.795 4.818 4.841 4.862 4.884 4.907 4.928 4.950 4.972 4.993 5.015 5.036 5.058 5.080 5.103 5.125 5.149 5.172 5.197 5.222 5.248 5.275 5.302 5.331 5.360 5.389 5.417 5.447 5.476 5.506 5.534 5.562 5.589 5.615 5.640 5.663 5.685 5.706 5.726 5.745 5.763 5.781 5.797 5.813 5.829 5.844 5.859 5.873 5.887 5.900 5.913 5.926 5.939 5.953 5.966 5.979 5.993 6.006 6.019 6.032 6.045 6.058 6.071 6.084 6.096 6.108 6.120 6.132 6.144
4.601 4.630 4.658 4.685 4.711 4.737 4.762 4.787 4.811 4.834 4.856 4.878 4.899 4.921 4.942 4.964 4.985 5.006 5.027 5.048 5.069 5.090 5.111 5.133 5.155 5.177 5.201 5.224 5.249 5.274 5.300 5.327 5.355 5.383 5.411 5.440 5.469 5.498 5.528 5.557 5.585 5.612 5.638 5.663 5.687 5.709 5.730 5.750 5.769 5.788 5.805 5.821 5.837 5.853 5.868 5.883 5.897 5.909 5.922 5.935 5.948 5.962 5.975 5.988 6.001 6.014 6.027 6.041 6.053 6.066 6.079 6.092 6.104 6.116 6.129 6.141 6.152
4.618 4.647 4.675 4.702 4.728 4.754 4.779 4.803 4.827 4.850 4.872 4.893 4.915 4.936 4.957 4.978 4.998 5.019 5.039 5.059 5.080 5.100 5.121 5.141 5.162 5.184 5.206 5.228 5.251 5.275 5.300 5.325 5.352 5.378 5.404 5.432 5.461 5.490 5.520 5.549 5.578 5.606 5.633 5.660 5.685 5.709 5.732 5.753 5.774 5.793 5.811 5.829 5.845 5.861 5.877 5.892 5.906 5.919 5.932 5.945 5.958 5.971 5.984 5.997 6.010 6.023 6.036 6.049 6.062 6.074 6.087 6.100 6.112 6.124 6.137 6.149 6.161
4.636 4.664 4.692 4.719 4.746 4.771 4.796 4.820 4.844 4.867 4.888 4.909 4.930 4.951 4.972 4.992 5.013 5.033 5.052 5.072 5.092 5.111 5.131 5.151 5.171 5.192 5.212 5.234 5.255 5.278 5.301 5.325 5.349 5.374 5.399 5.426 5.453 5.482 5.511 5.540 5.569 5.598 5.626 5.654 5.680 5.706 5.730 5.753 5.775 5.796 5.816 5.834 5.852 5.869 5.885 5.901 5.915 5.928 5.941 5.954 5.967 5.980 5.993 6.006 6.019 6.032 6.045 6.057 6.070 6.083 6.095 6.108 6.120 6.132 6.145 6.157 6.169
4.653 4.682 4.709 4.736 4.763 4.788 4.813 4.837 4.860 4.883 4.905 4.925 4.946 4.967 4.988 5.008 5.027 5.047 5.066 5.085 5.104 5.124 5.143 5.162 5.181 5.200 5.220 5.240 5.261 5.282 5.303 5.326 5.349 5.372 5.395 5.421 5.447 5.474 5.502 5.530 5.559 5.588 5.617 5.645 5.673 5.700 5.726 5.751 5.774 5.797 5.818 5.838 5.857 5.875 5.892 5.908 5.923 5.936 5.950 5.963 5.976 5.990 6.002 6.015 6.028 6.041 6.053 6.066 6.078 6.091 6.103 6.116 6.128 6.140 6.153 6.165 6.177
4.670 4.699 4.727 4.754 4.780 4.805 4.830 4.854 4.877 4.900 4.922 4.942 4.963 4.983 5.003 5.023 5.043 5.062 5.081 5.099 5.118 5.136 5.155 5.173 5.192 5.211 5.229 5.248 5.268 5.288 5.308 5.329 5.350 5.372 5.394 5.417 5.442 5.467 5.494 5.521 5.549 5.577 5.606 5.634 5.663 5.691 5.718 5.745 5.770 5.794 5.817 5.838 5.859 5.878 5.896 5.914 5.929 5.944 5.958 5.972 5.985 5.999 6.012 6.024 6.037 6.050 6.062 6.075 6.087 6.099 6.112 6.124 6.136 6.148 6.161 6.173 6.185
4.687 4.716 4.743 4.770 4.797 4.822 4.847 4.871 4.894 4.917 4.938 4.959 4.980 5.000 5.020 5.039 5.059 5.077 5.096 5.114 5.132 5.150 5.168 5.186 5.204 5.222 5.240 5.258 5.276 5.295 5.314 5.334 5.354 5.374 5.394 5.416 5.438 5.462 5.487 5.513 5.539 5.566 5.594 5.623 5.651 5.680 5.708 5.735 5.762 5.788 5.813 5.836 5.858 5.879 5.899 5.917 5.934 5.950 5.965 5.979 5.993 6.007 6.020 6.033 6.046 6.059 6.071 6.084 6.096 6.108 6.120 6.132 6.144 6.156 6.169 6.181 6.192
4.704 4.732 4.760 4.787 4.813 4.839 4.864 4.888 4.911 4.934 4.955 4.976 4.996 5.017 5.037 5.056 5.075 5.093 5.112 5.130 5.147 5.165 5.182 5.200 5.217 5.234 5.251 5.269 5.286 5.304 5.322 5.340 5.359 5.378 5.396 5.416 5.438 5.460 5.482 5.506 5.531 5.557 5.584 5.611 5.639 5.667 5.695 5.723 5.751 5.778 5.805 5.830 5.854 5.876 5.898 5.918 5.937 5.953 5.970 5.985 6.000 6.015 6.028 6.042 6.055 6.068 6.080 6.092 6.105 6.117 6.129 6.141 6.153 6.165 6.177 6.189 6.200
4.720 4.748 4.776 4.803 4.830 4.855 4.880 4.905 4.928 4.951 4.972 4.993 5.013 5.034 5.053 5.073 5.092 5.110 5.128 5.146 5.163 5.180 5.197 5.214 5.231 5.247 5.264 5.281 5.297 5.314 5.331 5.349 5.366 5.384 5.401 5.419 5.439 5.459 5.480 5.502 5.525 5.549 5.574 5.600 5.627 5.654 5.682 5.710 5.738 5.766 5.793 5.820 5.846 5.870 5.894 5.916 5.936 5.954 5.972 5.989 6.005 6.020 6.035 6.049 6.063 6.076 6.089 6.101 6.113 6.125 6.137 6.149 6.161 6.173 6.185 6.197 6.208
4.736 4.764 4.792 4.819 4.846 4.872 4.897 4.921 4.944 4.967 4.989 5.010 5.030 5.051 5.070 5.090 5.108 5.127 5.145 5.162 5.180 5.196 5.213 5.229 5.246 5.262 5.278 5.294 5.310 5.326 5.342 5.359 5.375 5.391 5.407 5.425 5.443 5.461 5.481 5.501 5.522 5.544 5.567 5.591 5.616 5.642 5.668 5.696 5.723 5.751 5.779 5.807 5.834 5.860 5.885 5.910 5.932 5.952 5.971 5.990 6.008 6.024 6.040 6.055 6.069 6.083 6.096 6.109 6.122 6.134 6.146 6.158 6.170 6.181 6.193 6.205 6.217
4.751 4.779 4.807 4.835 4.861 4.887 4.912 4.937 4.961 4.984 5.005 5.026 5.047 5.067 5.087 5.107 5.125 5.144 5.162 5.179 5.196 5.213 5.229 5.246 5.261 5.277 5.293 5.308 5.324 5.339 5.355 5.370 5.386 5.401 5.416 5.432 5.448 5.466 5.484 5.502 5.521 5.541 5.563 5.584 5.607 5.631 5.656 5.682 5.709 5.736 5.764 5.792 5.819 5.847 5.873 5.899 5.923 5.945 5.967 5.987 6.007 6.025 6.043 6.059 6.074 6.089 6.103 6.116 6.129 6.142 6.154 6.166 6.178 6.190 6.201 6.213 6.225
4.766 4.794 4.822 4.849 4.876 4.902 4.927 4.952 4.976 4.999 5.021 5.042 5.063 5.084 5.104 5.123 5.142 5.161 5.179 5.196 5.213 5.230 5.246 5.262 5.278 5.293 5.309 5.324 5.339 5.353 5.368 5.383 5.398 5.412 5.426 5.441 5.456 5.472 5.489 5.506 5.523 5.542 5.561 5.581 5.602 5.624 5.647 5.671 5.696 5.721 5.748 5.775 5.803 5.830 5.858 5.885 5.911 5.935 5.958 5.981 6.002 6.023 6.042 6.060 6.076 6.092 6.107 6.122 6.135 6.148 6.161 6.174 6.186 6.198 6.209 6.221 6.233
4.780 4.808 4.836 4.864 4.890 4.916 4.942 4.967 4.991 5.014 5.036 5.058 5.079 5.100 5.120 5.140 5.159 5.177 5.196 5.213 5.230 5.247 5.263 5.279 5.295 5.310 5.325 5.340 5.354 5.369 5.383 5.397 5.411 5.425 5.438 5.452 5.466 5.481 5.496 5.512 5.528 5.545 5.562 5.580 5.599 5.619 5.640 5.662 5.685 5.709 5.734 5.760 5.786 5.813 5.841 5.868 5.894 5.920 5.945 5.969 5.993 6.015 6.037 6.057 6.075 6.093 6.109 6.125 6.140 6.154 6.167 6.180 6.193 6.205 6.217 6.229 6.241
4.794 4.822 4.850 4.877 4.904 4.930 4.956 4.981 5.005 5.029 5.051 5.072 5.094 5.115 5.136 5.156 5.175 5.194 5.212 5.230 5.247 5.264 5.280 5.296 5.312 5.327 5.342 5.357 5.371 5.385 5.399 5.413 5.426 5.439 5.451 5.464 5.478 5.492 5.506 5.520 5.535 5.550 5.566 5.583 5.600 5.618 5.637 5.656 5.677 5.699 5.722 5.746 5.771 5.796 5.823 5.850 5.876 5.902 5.928 5.954 5.979 6.004 6.027 6.049 6.070 6.089 6.108 6.125 6.141 6.157 6.171 6.185 6.198 6.211 6.224 6.236 6.248
4.807 4.835 4.863 4.890 4.917 4.943 4.969 4.994 5.019 5.042 5.064 5.086 5.108 5.130 5.151 5.171 5.190 5.209 5.228 5.246 5.264 5.281 5.297 5.313 5.329 5.344 5.359 5.374 5.388 5.402 5.416 5.429 5.442 5.454 5.466 5.479 5.491 5.504 5.518 5.531 5.544 5.558 5.573 5.588 5.603 5.619 5.636 5.654 5.673 5.692 5.713 5.735 5.758 5.781 5.806 5.832 5.857 5.883 5.909 5.935 5.962 5.988 6.013 6.037 6.060 6.081 6.102 6.121 6.139 6.156 6.172 6.188 6.202 6.216 6.229 6.242 6.254
4.820 4.848 4.875 4.903 4.929 4.955 4.981 5.007 5.031 5.055 5.077 5.100 5.122 5.143 5.165 5.185 5.205 5.224 5.243 5.262 5.279 5.297 5.313 5.330 5.346 5.361 5.376 5.391 5.405 5.419 5.433 5.446 5.459 5.470 5.482 5.494 5.506 5.519 5.531 5.543 5.556 5.569 5.582 5.596 5.610 5.624 5.639 5.655 5.672 5.689 5.708 5.727 5.748 5.770 5.792 5.816 5.840 5.864 5.889 5.915 5.942 5.968 5.994 6.020 6.045 6.068 6.091 6.113 6.133 6.152 6.170 6.187 6.203 6.218 6.232 6.246 6.259
4.832 4.860 4.887 4.914 4.941 4.967 4.993 5.018 5.043 5.067 5.089 5.112 5.134 5.156 5.178 5.199 5.219 5.239 5.258 5.276 5.294 5.312 5.329 5.346 5.362 5.378 5.393 5.408 5.422 5.436 5.450 5.464 5.476 5.487 5.499 5.511 5.522 5.534 5.546 5.558 5.569 5.581 5.593 5.606 5.618 5.632 5.645 5.659 5.674 5.690 5.706 5.724 5.742 5.762 5.782 5.803 5.825 5.847 5.870 5.895 5.921 5.947 5.973 5.999 6.025 6.051 6.075 6.099 6.122 6.143 6.163 6.182 6.200 6.217 6.233 6.248 6.262
4.845 4.872 4.899 4.926 4.952 4.978 5.004 5.029 5.054 5.078 5.100 5.123 5.146 5.168 5.190 5.211 5.232 5.252 5.271 5.290 5.309 5.327 5.344 5.361 5.378 5.394 5.409 5.424 5.439 5.453 5.467 5.481 5.493 5.504 5.516 5.528 5.539 5.551 5.562 5.573 5.584 5.596 5.607 5.618 5.630 5.642 5.654 5.667 5.680 5.694 5.709 5.724 5.740 5.758 5.776 5.794 5.813 5.833 5.855 5.878 5.901 5.926 5.952 5.977 6.003 6.030 6.055 6.080 6.105 6.128 6.151 6.172 6.192 6.211 6.229 6.246 6.262
4.856 4.883 4.910 4.937 4.963 4.989 5.014 5.040 5.065 5.088 5.111 5.134 5.157 5.179 5.201 5.223 5.244 5.264 5.284 5.303 5.322 5.340 5.358 5.375 5.392 5.409 5.425 5.440 5.455 5.470 5.484 5.498 5.510 5.522 5.533 5.545 5.557 5.568 5.579 5.590 5.601 5.611 5.622 5.633 5.643 5.654 5.665 5.677 5.689 5.701 5.714 5.728 5.742 5.757 5.773 5.789 5.806 5.824 5.843 5.863 5.885 5.908 5.931 5.956 5.981 6.007 6.032 6.058 6.084 6.109 6.133 6.156 6.179 6.200 6.220 6.239 6.257
4.868 4.895 4.921 4.947 4.973 4.999 5.025 5.050 5.075 5.098 5.121 5.144 5.167 5.190 5.212 5.233 5.255 5.275 5.295 5.315 5.334 5.353 5.371 5.389 5.406 5.423 5.439 5.455 5.470 5.485 5.500 5.514 5.527 5.539 5.551 5.563 5.574 5.586 5.597 5.608 5.618 5.628 5.638 5.648 5.659 5.669 5.679 5.689 5.700 5.711 5.722 5.735 5.747 5.761 5.775 5.789 5.803 5.818 5.835 5.853 5.873 5.893 5.914 5.937 5.960 5.984 6.009 6.034 6.060 6.086 6.111 6.136 6.160 6.184 6.206 6.227 6.248
4.879 4.906 4.932 4.958 4.984 5.009 5.034 5.059 5.084 5.108 5.130 5.154 5.177 5.199 5.222 5.243 5.265 5.286 5.306 5.326 5.346 5.365 5.383 5.401 5.419 5.436 5.452 5.469 5.484 5.500 5.515 5.529 5.543 5.555 5.567 5.580 5.591 5.603 5.614 5.625 5.636 5.646 5.656 5.666 5.675 5.685 5.694 5.704 5.713 5.723 5.734 5.744 5.755 5.767 5.780 5.792 5.804 5.817 5.832 5.848 5.865 5.883 5.902 5.922 5.943 5.965 5.988 6.012 6.036 6.061 6.086 6.112 6.137 6.162 6.186 6.210 6.233
4.891 4.917 4.943 4.968 4.994 5.019 5.044 5.069 5.093 5.117 5.139 5.162 5.186 5.208 5.231 5.253 5.274 5.295 5.316 5.336 5.356 5.375 5.394 5.412 5.430 5.448 5.465 5.481 5.498 5.513 5.529 5.544 5.558 5.570 5.583 5.596 5.608 5.620 5.632 5.643 5.653 5.664 5.674 5.683 5.693 5.702 5.711 5.720 5.729 5.738 5.747 5.757 5.767 5.777 5.788 5.798 5.809 5.820 5.833 5.847 5.861 5.877 5.894 5.911 5.930 5.949 5.970 5.992 6.014 6.038 6.062 6.087 6.112 6.137 6.162 6.187 6.212
4.903 4.928 4.954 4.979 5.004 5.029 5.053 5.078 5.102 5.125 5.148 5.171 5.194 5.217 5.239 5.261 5.283 5.304 5.325 5.345 5.365 5.385 5.404 5.423 5.441 5.459 5.476 5.493 5.510 5.526 5.542 5.557 5.571 5.585 5.598 5.611 5.624 5.636 5.648 5.660 5.671 5.681 5.692 5.701 5.711 5.720 5.729 5.737 5.746 5.754 5.763 5.771 5.780 5.789 5.799 5.808 5.817 5.827 5.838 5.850 5.862 5.876 5.890 5.905 5.922 5.939 5.957 5.976 5.996 6.018 6.040 6.063 6.087 6.111 6.136 6.161 6.186
4.914 4.939 4.965 4.989 5.014 5.038 5.063 5.087 5.111 5.134 5.156 5.179 5.202 5.225 5.247 5.269 5.291 5.312 5.333 5.354 5.374 5.394 5.413 5.432 5.451 5.469 5.487 5.504 5.521 5.538 5.554 5.570 5.584 5.598 5.612 5.625 5.639 5.651 5.664 5.676 5.687 5.698 5.709 5.719 5.729 5.738 5.747 5.756 5.764 5.772 5.780 5.788 5.796 5.804 5.813 5.820 5.828 5.837 5.846 5.856 5.867 5.879 5.891 5.904 5.918 5.933 5.949 5.965 5.983 6.002 6.022 6.043 6.064 6.087 6.111 6.135 6.159
4.926 4.951 4.976 5.000 5.024 5.048 5.072 5.096 5.120 5.143 5.165 5.187 5.210 5.233 5.255 5.277 5.299 5.320 5.341 5.362 5.382 5.402 5.422 5.441 5.460 5.478 5.496 5.514 5.531 5.548 5.565 5.581 5.596 5.610 5.624 5.638 5.652 5.666 5.679 5.691 5.703 5.715 5.726 5.736 5.746 5.756 5.765 5.774 5.782 5.790 5.798 5.806 5.813 5.821 5.828 5.835 5.842 5.849 5.857 5.866 5.875 5.885 5.896 5.907 5.919 5.932 5.945 5.960 5.975 5.992 6.009 6.027 6.046 6.067 6.088 6.110 6.134
4.938 4.963 4.987 5.011 5.035 5.059 5.082 5.106 5.129 5.151 5.173 5.196 5.218 5.240 5.263 5.284 5.306 5.327 5.349 5.369 5.390 5.410 5.430 5.449 5.468 5.487 5.505 5.523 5.541 5.558 5.575 5.591 5.607 5.621 5.636 5.650 5.665 5.679 5.692 5.705 5.718 5.730 5.741 5.752 5.763 5.773 5.783 5.792 5.801 5.809 5.817 5.824 5.832 5.839 5.846 5.852 5.858 5.864 5.871 5.879 5.887 5.895 5.904 5.914 5.924 5.935 5.947 5.959 5.972 5.986 6.001 6.017 6.034 6.052 6.070 6.090 6.111
4.951 4.975 4.999 5.023 5.046 5.069 5.092 5.115 5.138 5.160 5.182 5.204 5.226 5.248 5.270 5.292 5.313 5.335 5.356 5.376 5.397 5.417 5.437 5.456 5.476 5.495 5.513 5.531 5.549 5.567 5.584 5.601 5.617 5.631 5.646 5.661 5.676 5.690 5.704 5.718 5.731 5.744 5.756 5.767 5.779 5.789 5.799 5.809 5.818 5.827 5.835 5.843 5.850 5.857 5.864 5.870 5.876 5.881 5.887 5.894 5.901 5.908 5.916 5.924 5.933 5.942 5.952 5.962 5.974 5.986 5.998 6.012 6.027 6.042 6.058 6.076 6.094
4.964 4.988 5.011 5.034 5.058 5.080 5.103 5.126 5.148 5.170 5.191 5.213 5.234 5.256 5.278 5.299 5.321 5.342 5.363 5.383 5.404 5.424 5.444 5.463 5.483 5.502 5.521 5.539 5.557 5.575 5.592 5.609 5.625 5.641 5.656 5.671 5.686 5.701 5.716 5.730 5.743 5.756 5.769 5.781 5.793 5.804 5.815 5.825 5.835 5.844 5.853 5.861 5.869 5.876 5.883 5.889 5.894 5.900 5.905 5.911 5.917 5.923 5.930 5.937 5.944 5.952 5.960 5.969 5.979 5.989 6.000 6.012 6.024 6.037 6.052 6.067 6.082
4.978 5.001 5.024 5.047 5.070 5.092 5.114 5.136 5.158 5.179 5.200 5.222 5.243 5.265 5.286 5.307 5.328 5.349 5.370 5.390 5.411 5.431 5.451 5.470 5.490 5.509 5.528 5.546 5.564 5.582 5.600 5.617 5.634 5.649 5.665 5.680 5.696 5.711 5.726 5.740 5.754 5.768 5.781 5.794 5.806 5.818 5.829 5.840 5.851 5.861 5.870 5.879 5.887 5.895 5.902 5.908 5.913 5.919 5.924 5.930 5.935 5.941 5.946 5.952 5.959 5.965 5.972 5.980 5.988 5.997 6.006 6.016 6.027 6.038 6.050 6.063 6.076
4.992 5.015 5.037 5.060 5.082 5.104 5.126 5.148 5.169 5.190 5.210 5.231 5.252 5.273 5.294 5.315 5.336 5.356 5.377 5.397 5.417 5.437 5.457 5.477 5.496 5.515 5.534 5.553 5.571 5.589 5.607 5.625 5.641 5.657 5.673 5.689 5.704 5.720 5.735 5.750 5.764 5.778 5.792 5.805 5.818 5.831 5.843 5.854 5.865 5.876 5.886 5.895 5.904 5.912 5.920 5.927 5.932 5.938 5.943 5.949 5.954 5.959 5.965 5.970 5.975 5.981 5.987 5.993 6.000 6.007 6.015 6.024 6.033 6.042 6.053 6.064 6.075
5.006 5.029 5.051 5.073 5.095 5.117 5.139 5.160 5.181 5.201 5.221 5.242 5.262 5.283 5.303 5.324 5.344 5.364 5.384 5.405 5.424 5.444 5.464 5.483 5.503 5.522 5.541 5.559 5.578 5.596 5.614 5.631 5.648 5.664 5.680 5.696 5.712 5.728 5.743 5.759 5.773 5.788 5.802 5.816 5.829 5.842 5.855 5.867 5.878 5.889 5.900 5.910 5.920 5.929 5.937 5.945 5.951 5.957 5.962 5.968 5.974 5.979 5.984 5.989 5.994 5.999 6.004 6.009 6.015 6.021 6.028 6.035 6.042 6.051 6.059 6.069 6.079
5.022 5.044 5.066 5.088 5.109 5.131 5.152 5.173 5.193 5.212 5.232 5.252 5.273 5.293 5.313 5.333 5.353 5.373 5.393 5.412 5.432 5.451 5.471 5.490 5.509 5.528 5.547 5.566 5.584 5.602 5.620 5.638 5.655 5.671 5.687 5.703 5.720 5.736 5.751 5.767 5.782 5.797 5.811 5.825 5.839 5.852 5.865 5.878 5.890 5.902 5.913 5.924 5.934 5.944 5.953 5.961 5.968 5.974 5.981 5.987 5.993 5.998 6.003 6.008 6.013 6.017 6.022 6.027 6.032 6.037 6.043 6.049 6.055 6.062 6.069 6.077 6.086
5.037 5.059 5.081 5.102 5.124 5.145 5.166 5.186 5.206 5.225 5.244 5.264 5.284 5.304 5.323 5.343 5.362 5.382 5.401 5.420 5.440 5.459 5.478 5.497 5.516 5.535 5.553 5.572 5.590 5.609 5.627 5.644 5.661 5.677 5.693 5.710 5.726 5.743 5.759 5.774 5.790 5.805 5.819 5.834 5.848 5.862 5.875 5.888 5.901 5.913 5.925 5.937 5.948 5.958 5.968 5.976 5.984 5.991 5.998 6.005 6.011 6.017 6.023 6.028 6.032 6.037 6.042 6.046 6.051 6.055 6.060 6.065 6.071 6.076 6.083 6.089 6.097
5.053 5.075 5.096 5.118 5.139 5.159 5.180 5.200 5.219 5.238 5.257 5.277 5.296 5.315 5.334 5.354 5.373 5.392 5.411 5.429 5.448 5.467 5.486 5.504 5.523 5.542 5.560 5.578 5.597 5.615 5.633 5.651 5.667 5.683 5.700 5.716 5.733 5.749 5.765 5.781 5.797 5.812 5.827 5.842 5.856 5.870 5.884 5.898 5.911 5.924 5.936 5.948 5.960 5.971 5.981 5.990 5.998 6.006 6.014 6.022 6.029 6.035 6.041 6.047 6.052 6.057 6.061 6.066 6.070 6.074 6.079 6.083 6.088 6.093 6.098 6.104 6.110
