TsunamiDB/out54072.asc
ncols          264
nrows          230
xllcorner      497853.4375
yllcorner      4229146.0000
cellsize         5.
NODATA_value   -99
[rows 136 to 169 of 230, columns 75 to 149 of 264]
5.378 5.400 5.422 5.443 5.464 5.486 5.508 5.530 5.552 5.575 5.597 5.619 5.641 5.664 5.686 5.708 5.730 5.751 5.772 5.793 5.814 5.834 5.854 5.873 5.891 5.908 5.924 5.938 5.953 5.967 5.979 5.991 6.002 6.013 6.023 6.033 6.042 6.052 6.062 6.073 6.084 6.096 6.108 6.121 6.134 6.148 6.162 6.176 6.190 6.203 6.215 6.228 6.241 6.253 6.266 6.278 6.290 6.301 6.313 6.324 6.336 6.347 6.359 6.371 6.383 6.395 6.407 6.419 6.431 6.443 6.454 6.465 6.474 6.482 6.490
5.390 5.412 5.433 5.453 5.474 5.495 5.517 5.539 5.560 5.582 5.604 5.626 5.648 5.671 5.693 5.715 5.737 5.758 5.780 5.801 5.822 5.842 5.863 5.882 5.901 5.919 5.936 5.951 5.967 5.982 5.995 6.008 6.020 6.031 6.042 6.052 6.062 6.071 6.081 6.091 6.101 6.112 6.124 6.136 6.148 6.161 6.174 6.188 6.201 6.213 6.225 6.238 6.251 6.263 6.275 6.287 6.299 6.310 6.322 6.333 6.345 6.356 6.368 6.379 6.391 6.404 6.416 6.428 6.440 6.453 6.465 6.476 6.485 6.494 6.503
5.403 5.424 5.444 5.464 5.484 5.505 5.526 5.548 5.569 5.590 5.612 5.634 5.656 5.677 5.699 5.721 5.743 5.765 5.786 5.808 5.829 5.850 5.871 5.891 5.910 5.929 5.946 5.963 5.979 5.995 6.010 6.024 6.037 6.049 6.060 6.071 6.081 6.090 6.100 6.110 6.120 6.130 6.140 6.151 6.163 6.175 6.188 6.201 6.213 6.225 6.237 6.249 6.261 6.273 6.285 6.297 6.309 6.320 6.331 6.342 6.354 6.365 6.376 6.388 6.400 6.412 6.424 6.437 6.449 6.462 6.475 6.486 6.496 6.506 6.516
5.416 5.437 5.456 5.476 5.496 5.516 5.537 5.557 5.578 5.599 5.620 5.641 5.663 5.684 5.706 5.728 5.750 5.771 5.793 5.814 5.836 5.857 5.878 5.898 5.919 5.937 5.955 5.973 5.990 6.007 6.022 6.037 6.051 6.064 6.077 6.088 6.099 6.109 6.119 6.128 6.138 6.148 6.158 6.168 6.179 6.191 6.203 6.215 6.227 6.237 6.249 6.261 6.273 6.285 6.296 6.308 6.319 6.330 6.341 6.352 6.363 6.374 6.385 6.397 6.409 6.421 6.433 6.446 6.458 6.471 6.484 6.496 6.507 6.518 6.528
5.429 5.450 5.469 5.488 5.508 5.528 5.548 5.568 5.588 5.608 5.629 5.650 5.671 5.692 5.713 5.734 5.756 5.777 5.799 5.820 5.842 5.863 5.884 5.905 5.926 5.945 5.963 5.981 5.999 6.017 6.034 6.049 6.064 6.078 6.092 6.104 6.116 6.126 6.137 6.147 6.156 6.166 6.176 6.186 6.196 6.207 6.218 6.230 6.241 6.251 6.262 6.274 6.285 6.297 6.308 6.319 6.330 6.341 6.352 6.362 6.373 6.384 6.395 6.406 6.417 6.429 6.442 6.454 6.467 6.480 6.493 6.505 6.517 6.528 6.540
5.443 5.464 5.483 5.502 5.521 5.541 5.560 5.580 5.599 5.619 5.639 5.659 5.679 5.700 5.720 5.741 5.762 5.784 5.805 5.826 5.848 5.869 5.890 5.911 5.932 5.951 5.970 5.989 6.008 6.026 6.043 6.060 6.076 6.091 6.105 6.118 6.131 6.143 6.154 6.164 6.174 6.184 6.194 6.204 6.214 6.224 6.235 6.246 6.256 6.266 6.277 6.288 6.299 6.310 6.321 6.332 6.342 6.353 6.363 6.373 6.383 6.394 6.404 6.415 6.427 6.438 6.450 6.463 6.476 6.489 6.502 6.515 6.526 6.539 6.551
5.458 5.478 5.498 5.516 5.536 5.555 5.574 5.592 5.611 5.630 5.649 5.669 5.688 5.708 5.728 5.749 5.769 5.790 5.811 5.832 5.854 5.875 5.896 5.917 5.938 5.958 5.977 5.996 6.015 6.034 6.052 6.069 6.086 6.102 6.117 6.131 6.145 6.157 6.169 6.180 6.191 6.201 6.211 6.221 6.231 6.241 6.252 6.262 6.272 6.282 6.292 6.303 6.313 6.324 6.335 6.345 6.355 6.365 6.375 6.385 6.395 6.405 6.415 6.425 6.436 6.448 6.459 6.472 6.484 6.497 6.511 6.524 6.536 6.549 6.561
5.472 5.493 5.513 5.531 5.550 5.569 5.588 5.606 5.624 5.643 5.661 5.680 5.698 5.718 5.737 5.757 5.777 5.797 5.818 5.839 5.859 5.880 5.902 5.923 5.944 5.963 5.983 6.002 6.022 6.041 6.060 6.078 6.095 6.112 6.128 6.143 6.157 6.171 6.183 6.195 6.207 6.217 6.228 6.238 6.248 6.258 6.269 6.279 6.289 6.298 6.308 6.318 6.329 6.339 6.349 6.359 6.369 6.379 6.388 6.398 6.407 6.416 6.426 6.436 6.447 6.458 6.469 6.481 6.493 6.506 6.520 6.533 6.545 6.558 6.571
5.486 5.508 5.527 5.546 5.565 5.584 5.603 5.621 5.639 5.656 5.674 5.692 5.710 5.728 5.747 5.766 5.785 5.805 5.825 5.845 5.866 5.886 5.907 5.928 5.949 5.969 5.988 6.008 6.028 6.048 6.067 6.085 6.103 6.120 6.137 6.153 6.168 6.182 6.196 6.209 6.221 6.232 6.244 6.254 6.265 6.275 6.285 6.296 6.305 6.314 6.324 6.334 6.344 6.355 6.365 6.374 6.384 6.393 6.402 6.411 6.420 6.429 6.438 6.448 6.458 6.468 6.479 6.491 6.503 6.516 6.529 6.542 6.555 6.568 6.581
5.500 5.522 5.542 5.561 5.581 5.600 5.618 5.636 5.654 5.671 5.688 5.705 5.722 5.740 5.758 5.776 5.794 5.813 5.833 5.852 5.872 5.893 5.913 5.934 5.955 5.975 5.994 6.014 6.034 6.054 6.073 6.092 6.110 6.128 6.146 6.162 6.178 6.193 6.207 6.221 6.234 6.246 6.258 6.269 6.280 6.291 6.301 6.312 6.322 6.331 6.341 6.351 6.361 6.371 6.380 6.390 6.399 6.408 6.417 6.426 6.434 6.443 6.451 6.460 6.470 6.480 6.490 6.501 6.513 6.526 6.539 6.552 6.564 6.578 6.592
5.513 5.536 5.556 5.576 5.596 5.615 5.634 5.652 5.669 5.686 5.703 5.720 5.736 5.753 5.770 5.787 5.805 5.823 5.841 5.860 5.880 5.900 5.920 5.940 5.961 5.980 5.999 6.019 6.040 6.059 6.079 6.098 6.117 6.135 6.153 6.170 6.187 6.203 6.218 6.232 6.246 6.259 6.271 6.283 6.295 6.306 6.317 6.328 6.338 6.347 6.357 6.367 6.377 6.387 6.396 6.406 6.415 6.424 6.433 6.441 6.449 6.457 6.466 6.474 6.483 6.492 6.502 6.513 6.524 6.536 6.549 6.562 6.575 6.588 6.602
5.526 5.548 5.570 5.590 5.610 5.630 5.649 5.667 5.685 5.702 5.719 5.735 5.751 5.767 5.784 5.800 5.817 5.834 5.851 5.870 5.888 5.907 5.927 5.947 5.967 5.986 6.005 6.025 6.045 6.065 6.085 6.104 6.123 6.142 6.160 6.178 6.195 6.211 6.227 6.242 6.257 6.270 6.283 6.296 6.308 6.320 6.331 6.342 6.353 6.362 6.372 6.382 6.393 6.403 6.412 6.422 6.431 6.440 6.449 6.457 6.465 6.473 6.481 6.489 6.497 6.506 6.515 6.526 6.536 6.548 6.561 6.573 6.585 6.598 6.612
5.537 5.560 5.582 5.603 5.624 5.644 5.664 5.683 5.701 5.718 5.735 5.751 5.767 5.783 5.798 5.814 5.830 5.846 5.863 5.880 5.898 5.916 5.935 5.954 5.973 5.992 6.011 6.031 6.051 6.071 6.091 6.110 6.130 6.148 6.167 6.185 6.203 6.219 6.236 6.251 6.266 6.281 6.295 6.308 6.320 6.333 6.345 6.356 6.367 6.377 6.387 6.397 6.408 6.418 6.428 6.438 6.447 6.456 6.465 6.473 6.481 6.489 6.497 6.505 6.513 6.521 6.530 6.539 6.550 6.561 6.573 6.585 6.597 6.610 6.623
5.547 5.571 5.593 5.615 5.636 5.657 5.678 5.697 5.716 5.734 5.751 5.767 5.783 5.799 5.814 5.829 5.844 5.860 5.875 5.892 5.908 5.926 5.944 5.962 5.981 5.999 6.018 6.037 6.057 6.077 6.096 6.116 6.136 6.155 6.173 6.192 6.210 6.227 6.244 6.260 6.276 6.291 6.305 6.319 6.332 6.345 6.357 6.369 6.380 6.390 6.401 6.412 6.423 6.433 6.443 6.453 6.463 6.472 6.481 6.490 6.498 6.506 6.513 6.521 6.529 6.537 6.545 6.554 6.564 6.574 6.586 6.597 6.609 6.622 6.635
5.556 5.581 5.603 5.625 5.648 5.669 5.690 5.710 5.730 5.748 5.766 5.783 5.799 5.815 5.830 5.845 5.860 5.875 5.890 5.905 5.921 5.937 5.954 5.971 5.989 6.007 6.025 6.044 6.063 6.083 6.103 6.122 6.142 6.161 6.180 6.198 6.216 6.234 6.251 6.268 6.284 6.300 6.314 6.329 6.343 6.356 6.369 6.381 6.393 6.403 6.414 6.425 6.436 6.447 6.458 6.468 6.478 6.488 6.497 6.506 6.515 6.523 6.530 6.538 6.546 6.553 6.561 6.570 6.579 6.589 6.600 6.611 6.622 6.634 6.648
5.565 5.589 5.612 5.635 5.658 5.680 5.702 5.723 5.743 5.762 5.781 5.798 5.815 5.831 5.847 5.861 5.876 5.890 5.905 5.919 5.934 5.950 5.965 5.982 5.999 6.016 6.033 6.052 6.070 6.090 6.109 6.128 6.148 6.167 6.186 6.205 6.223 6.241 6.259 6.276 6.292 6.308 6.323 6.338 6.353 6.366 6.380 6.393 6.404 6.415 6.427 6.438 6.449 6.461 6.472 6.482 6.493 6.503 6.513 6.522 6.531 6.539 6.548 6.555 6.563 6.571 6.579 6.587 6.596 6.605 6.616 6.626 6.636 6.648 6.661
5.573 5.597 5.620 5.643 5.666 5.689 5.712 5.733 5.754 5.774 5.794 5.812 5.830 5.847 5.862 5.878 5.892 5.907 5.921 5.935 5.949 5.963 5.978 5.994 6.010 6.026 6.042 6.060 6.078 6.097 6.116 6.135 6.154 6.173 6.192 6.211 6.230 6.248 6.266 6.283 6.300 6.316 6.332 6.347 6.362 6.376 6.390 6.403 6.415 6.427 6.438 6.450 6.462 6.473 6.485 6.496 6.507 6.517 6.528 6.537 6.547 6.556 6.564 6.573 6.581 6.588 6.596 6.605 6.613 6.622 6.632 6.642 6.652 6.663 6.676
5.580 5.604 5.627 5.651 5.674 5.697 5.720 5.743 5.764 5.785 5.805 5.825 5.843 5.861 5.877 5.893 5.908 5.923 5.937 5.951 5.964 5.978 5.992 6.007 6.022 6.037 6.053 6.069 6.087 6.105 6.124 6.142 6.161 6.180 6.199 6.218 6.237 6.255 6.273 6.290 6.308 6.324 6.340 6.356 6.371 6.386 6.400 6.413 6.426 6.437 6.449 6.461 6.473 6.485 6.497 6.508 6.520 6.531 6.542 6.552 6.562 6.572 6.581 6.590 6.598 6.606 6.614 6.623 6.631 6.640 6.650 6.659 6.668 6.679 6.691
5.587 5.611 5.634 5.657 5.681 5.705 5.728 5.751 5.773 5.795 5.816 5.836 5.855 5.874 5.891 5.908 5.924 5.938 5.953 5.967 5.980 5.994 6.007 6.021 6.035 6.049 6.064 6.080 6.097 6.114 6.132 6.150 6.169 6.188 6.206 6.225 6.244 6.262 6.280 6.298 6.315 6.332 6.348 6.364 6.380 6.395 6.409 6.423 6.436 6.448 6.460 6.472 6.484 6.496 6.508 6.520 6.532 6.543 6.555 6.566 6.576 6.587 6.597 6.606 6.615 6.624 6.633 6.641 6.650 6.659 6.668 6.676 6.686 6.696 6.708
5.593 5.617 5.640 5.663 5.687 5.711 5.734 5.757 5.780 5.802 5.824 5.845 5.865 5.885 5.903 5.921 5.937 5.953 5.968 5.982 5.996 6.010 6.023 6.036 6.050 6.063 6.076 6.091 6.107 6.124 6.141 6.159 6.177 6.195 6.214 6.232 6.251 6.269 6.287 6.305 6.323 6.340 6.356 6.373 6.388 6.404 6.418 6.432 6.445 6.457 6.470 6.482 6.495 6.507 6.519 6.531 6.543 6.555 6.567 6.579 6.590 6.601 6.612 6.622 6.632 6.641 6.650 6.659 6.669 6.678 6.686 6.695 6.704 6.714 6.725
5.600 5.623 5.645 5.669 5.693 5.716 5.740 5.763 5.786 5.809 5.831 5.853 5.874 5.894 5.914 5.932 5.950 5.966 5.982 5.997 6.011 6.025 6.038 6.052 6.064 6.076 6.090 6.104 6.119 6.135 6.151 6.168 6.186 6.204 6.222 6.240 6.259 6.277 6.295 6.313 6.330 6.348 6.364 6.381 6.397 6.412 6.427 6.442 6.454 6.467 6.479 6.492 6.505 6.517 6.530 6.542 6.554 6.567 6.579 6.591 6.603 6.615 6.626 6.637 6.648 6.658 6.668 6.677 6.687 6.696 6.705 6.713 6.723 6.733 6.744
5.607 5.629 5.651 5.674 5.698 5.721 5.745 5.768 5.791 5.814 5.837 5.859 5.881 5.902 5.922 5.942 5.960 5.978 5.994 6.010 6.025 6.040 6.053 6.067 6.079 6.091 6.104 6.117 6.132 6.147 6.162 6.179 6.195 6.213 6.230 6.248 6.267 6.285 6.303 6.321 6.338 6.356 6.373 6.389 6.405 6.421 6.436 6.450 6.463 6.476 6.489 6.502 6.514 6.527 6.540 6.552 6.565 6.577 6.590 6.602 6.615 6.627 6.639 6.651 6.663 6.674 6.684 6.695 6.705 6.715 6.724 6.732 6.742 6.752 6.762
5.614 5.635 5.657 5.680 5.703 5.726 5.750 5.773 5.796 5.819 5.842 5.864 5.887 5.908 5.929 5.949 5.969 5.987 6.005 6.022 6.038 6.053 6.067 6.081 6.093 6.105 6.118 6.131 6.145 6.159 6.174 6.190 6.206 6.222 6.240 6.257 6.275 6.293 6.311 6.329 6.346 6.364 6.381 6.397 6.414 6.430 6.445 6.459 6.472 6.485 6.498 6.511 6.524 6.536 6.549 6.562 6.575 6.588 6.600 6.613 6.626 6.639 6.652 6.665 6.677 6.689 6.700 6.711 6.722 6.733 6.742 6.751 6.761 6.771 6.781
5.621 5.642 5.664 5.686 5.708 5.731 5.754 5.777 5.800 5.823 5.846 5.869 5.891 5.913 5.935 5.956 5.976 5.995 6.014 6.032 6.048 6.064 6.080 6.094 6.107 6.119 6.132 6.145 6.158 6.172 6.186 6.201 6.217 6.233 6.249 6.266 6.284 6.302 6.319 6.337 6.355 6.372 6.389 6.406 6.422 6.438 6.454 6.468 6.481 6.494 6.507 6.520 6.533 6.546 6.559 6.571 6.584 6.597 6.611 6.624 6.637 6.651 6.664 6.677 6.690 6.703 6.715 6.727 6.739 6.750 6.760 6.770 6.779 6.790 6.800
5.629 5.650 5.670 5.692 5.714 5.736 5.759 5.781 5.804 5.827 5.850 5.872 5.895 5.917 5.939 5.960 5.981 6.002 6.021 6.040 6.057 6.074 6.090 6.105 6.119 6.132 6.145 6.158 6.171 6.185 6.198 6.213 6.228 6.243 6.259 6.276 6.293 6.310 6.328 6.346 6.363 6.380 6.398 6.414 6.431 6.447 6.462 6.476 6.490 6.503 6.516 6.529 6.542 6.555 6.568 6.581 6.594 6.607 6.620 6.634 6.648 6.662 6.676 6.689 6.703 6.717 6.730 6.742 6.755 6.767 6.778 6.788 6.798 6.808 6.819
5.638 5.658 5.678 5.699 5.720 5.742 5.764 5.786 5.808 5.831 5.853 5.876 5.898 5.920 5.943 5.964 5.986 6.006 6.026 6.046 6.064 6.082 6.099 6.115 6.130 6.143 6.157 6.170 6.183 6.197 6.211 6.225 6.239 6.254 6.270 6.286 6.303 6.320 6.337 6.354 6.372 6.389 6.406 6.423 6.439 6.455 6.471 6.485 6.498 6.512 6.525 6.538 6.551 6.564 6.577 6.590 6.603 6.616 6.630 6.644 6.658 6.672 6.686 6.701 6.715 6.729 6.743 6.757 6.770 6.783 6.794 6.805 6.816 6.827 6.838
5.648 5.667 5.686 5.706 5.727 5.748 5.769 5.791 5.813 5.835 5.857 5.879 5.901 5.923 5.945 5.967 5.989 6.010 6.031 6.051 6.070 6.089 6.106 6.123 6.139 6.153 6.167 6.181 6.195 6.208 6.222 6.236 6.250 6.265 6.280 6.296 6.312 6.329 6.346 6.363 6.380 6.397 6.414 6.431 6.448 6.464 6.480 6.494 6.507 6.521 6.534 6.547 6.560 6.573 6.586 6.599 6.612 6.626 6.639 6.653 6.668 6.682 6.697 6.712 6.727 6.741 6.756 6.770 6.784 6.798 6.810 6.821 6.833 6.844 6.856
5.658 5.677 5.695 5.715 5.735 5.755 5.776 5.796 5.818 5.839 5.860 5.882 5.904 5.926 5.948 5.970 5.992 6.013 6.034 6.054 6.074 6.093 6.112 6.130 6.146 6.161 6.176 6.191 6.205 6.219 6.233 6.247 6.261 6.275 6.290 6.306 6.322 6.338 6.355 6.372 6.389 6.406 6.423 6.440 6.456 6.472 6.488 6.503 6.516 6.530 6.543 6.557 6.570 6.583 6.595 6.608 6.622 6.635 6.649 6.663 6.677 6.692 6.707 6.722 6.738 6.753 6.768 6.783 6.798 6.812 6.825 6.837 6.849 6.861 6.873
5.669 5.687 5.705 5.724 5.743 5.763 5.783 5.803 5.823 5.844 5.865 5.886 5.907 5.929 5.951 5.972 5.994 6.015 6.036 6.057 6.077 6.097 6.116 6.135 6.152 6.168 6.183 6.199 6.214 6.228 6.242 6.257 6.271 6.285 6.300 6.315 6.331 6.347 6.363 6.380 6.397 6.414 6.431 6.448 6.465 6.481 6.497 6.512 6.525 6.539 6.553 6.566 6.579 6.592 6.605 6.618 6.631 6.644 6.658 6.672 6.687 6.702 6.717 6.732 6.748 6.764 6.780 6.795 6.811 6.826 6.839 6.852 6.865 6.877 6.890
5.680 5.698 5.716 5.734 5.753 5.772 5.791 5.810 5.829 5.849 5.870 5.890 5.911 5.932 5.953 5.975 5.996 6.017 6.039 6.059 6.080 6.100 6.120 6.139 6.156 6.173 6.189 6.205 6.221 6.236 6.251 6.265 6.280 6.294 6.309 6.324 6.339 6.355 6.371 6.388 6.405 6.422 6.439 6.456 6.473 6.489 6.505 6.520 6.534 6.548 6.562 6.575 6.588 6.601 6.614 6.627 6.640 6.654 6.667 6.681 6.696 6.711 6.727 6.742 6.758 6.775 6.791 6.807 6.823 6.839 6.853 6.866 6.879 6.893 6.906
5.692 5.710 5.727 5.745 5.763 5.781 5.799 5.818 5.837 5.856 5.875 5.895 5.915 5.936 5.956 5.977 5.998 6.020 6.041 6.061 6.082 6.102 6.122 6.142 6.160 6.177 6.194 6.210 6.227 6.242 6.258 6.272 6.287 6.302 6.317 6.332 6.347 6.363 6.379 6.395 6.412 6.429 6.446 6.463 6.480 6.497 6.513 6.528 6.542 6.557 6.571 6.584 6.598 6.611 6.624 6.637 6.650 6.663 6.677 6.691 6.706 6.721 6.736 6.752 6.768 6.785 6.802 6.818 6.835 6.851 6.866 6.880 6.894 6.907 6.921
5.704 5.722 5.739 5.756 5.774 5.792 5.809 5.827 5.845 5.863 5.882 5.901 5.920 5.940 5.960 5.981 6.001 6.022 6.043 6.063 6.084 6.104 6.124 6.144 6.162 6.180 6.197 6.215 6.231 6.248 6.263 6.279 6.294 6.309 6.324 6.339 6.354 6.370 6.386 6.402 6.419 6.436 6.453 6.470 6.487 6.504 6.521 6.536 6.550 6.565 6.579 6.593 6.607 6.620 6.634 6.647 6.660 6.673 6.687 6.701 6.715 6.730 6.746 6.762 6.778 6.795 6.812 6.829 6.846 6.863 6.878 6.893 6.907 6.922 6.936
5.716 5.734 5.751 5.768 5.786 5.803 5.820 5.837 5.854 5.872 5.890 5.908 5.927 5.946 5.965 5.985 6.005 6.025 6.045 6.066 6.086 6.106 6.126 6.146 6.165 6.182 6.200 6.218 6.235 6.252 6.268 6.284 6.299 6.314 6.330 6.345 6.360 6.376 6.392 6.408 6.425 6.442 6.459 6.476 6.493 6.510 6.527 6.543 6.558 6.573 6.588 6.602 6.616 6.630 6.643 6.656 6.669 6.683 6.696 6.710 6.725 6.740 6.755 6.771 6.788 6.805 6.822 6.840 6.857 6.874 6.890 6.905 6.920 6.935 6.950
5.728 5.746 5.763 5.780 5.798 5.815 5.831 5.848 5.865 5.882 5.899 5.916 5.934 5.952 5.970 5.989 6.009 6.028 6.048 6.068 6.088 6.108 6.128 6.148 6.167 6.184 6.203 6.220 6.238 6.255 6.272 6.288 6.304 6.319 6.335 6.350 6.365 6.381 6.397 6.413 6.430 6.447 6.464 6.481 6.499 6.516 6.533 6.549 6.565 6.580 6.595 6.610 6.625 6.639 6.652 6.666 6.679 6.693 6.706 6.720 6.735 6.749 6.765 6.781 6.798 6.815 6.832 6.850 6.868 6.885 6.902 6.917 6.933 6.949 6.964
