TsunamiDB/out54066.asc
ncols          264
nrows          230
xllcorner      497853.4375
yllcorner      4229146.0000
cellsize         5.
NODATA_value   -99
[rows 33 to 65 of 230, columns 150 to 224 of 264]
5.612 5.632 5.651 5.671 5.691 5.712 5.733 5.754 5.775 5.795 5.816 5.836 5.855 5.874 5.892 5.910 5.927 5.943 5.958 5.973 5.987 6.002 6.016 6.030 6.044 6.057 6.071 6.085 6.100 6.116 6.131 6.147 6.163 6.179 6.194 6.209 6.224 6.239 6.253 6.267 6.281 6.294 6.307 6.320 6.333 6.346 6.358 6.372 6.384 6.396 6.410 6.423 6.438 6.452 6.467 6.482 6.497 6.511 6.526 6.540 6.553 6.565 6.577 6.588 6.598 6.607 6.616 6.625 6.633 6.642 6.651 6.661 6.672 6.685 6.700
5.620 5.639 5.657 5.676 5.695 5.715 5.736 5.756 5.777 5.797 5.818 5.838 5.858 5.877 5.896 5.914 5.932 5.948 5.964 5.980 5.995 6.009 6.023 6.037 6.051 6.064 6.077 6.091 6.105 6.120 6.135 6.150 6.166 6.181 6.197 6.212 6.227 6.241 6.256 6.270 6.283 6.297 6.310 6.323 6.336 6.349 6.362 6.375 6.388 6.400 6.413 6.427 6.442 6.456 6.471 6.486 6.502 6.517 6.531 6.546 6.559 6.572 6.584 6.596 6.606 6.616 6.625 6.633 6.642 6.650 6.659 6.668 6.677 6.689 6.704
5.628 5.647 5.664 5.682 5.700 5.720 5.740 5.759 5.780 5.800 5.820 5.840 5.860 5.880 5.899 5.918 5.936 5.953 5.969 5.985 6.001 6.015 6.030 6.044 6.058 6.070 6.083 6.096 6.110 6.125 6.139 6.154 6.169 6.184 6.199 6.214 6.229 6.243 6.258 6.272 6.286 6.299 6.312 6.326 6.339 6.352 6.365 6.378 6.391 6.403 6.416 6.430 6.445 6.460 6.475 6.490 6.506 6.521 6.536 6.551 6.565 6.579 6.591 6.603 6.614 6.624 6.633 6.642 6.650 6.658 6.666 6.674 6.683 6.694 6.708
5.638 5.655 5.672 5.689 5.707 5.725 5.744 5.764 5.783 5.803 5.823 5.842 5.862 5.882 5.901 5.920 5.938 5.956 5.973 5.990 6.006 6.021 6.036 6.050 6.064 6.077 6.089 6.102 6.116 6.129 6.143 6.158 6.172 6.187 6.202 6.216 6.231 6.245 6.260 6.274 6.288 6.301 6.315 6.328 6.341 6.354 6.367 6.381 6.393 6.406 6.419 6.433 6.448 6.463 6.478 6.494 6.509 6.525 6.540 6.556 6.570 6.584 6.598 6.610 6.621 6.632 6.641 6.650 6.658 6.666 6.674 6.681 6.690 6.700 6.712
5.649 5.665 5.682 5.697 5.715 5.732 5.750 5.769 5.787 5.806 5.826 5.845 5.864 5.884 5.903 5.922 5.941 5.959 5.976 5.993 6.010 6.026 6.041 6.055 6.069 6.082 6.095 6.107 6.121 6.134 6.148 6.161 6.175 6.190 6.204 6.218 6.233 6.247 6.261 6.275 6.289 6.303 6.316 6.330 6.343 6.356 6.369 6.383 6.396 6.408 6.422 6.436 6.451 6.466 6.481 6.497 6.513 6.528 6.544 6.560 6.575 6.589 6.603 6.616 6.628 6.639 6.649 6.658 6.667 6.675 6.682 6.689 6.697 6.706 6.718
5.660 5.676 5.692 5.707 5.723 5.740 5.757 5.775 5.793 5.811 5.829 5.848 5.867 5.886 5.905 5.924 5.943 5.961 5.979 5.996 6.013 6.029 6.045 6.060 6.074 6.087 6.100 6.113 6.126 6.139 6.152 6.165 6.179 6.193 6.207 6.221 6.235 6.249 6.263 6.277 6.291 6.304 6.318 6.331 6.345 6.358 6.371 6.385 6.398 6.410 6.424 6.438 6.453 6.468 6.483 6.499 6.515 6.531 6.547 6.563 6.579 6.594 6.608 6.622 6.634 6.646 6.657 6.666 6.675 6.683 6.691 6.698 6.705 6.714 6.726
5.672 5.688 5.703 5.717 5.733 5.749 5.765 5.782 5.799 5.816 5.834 5.852 5.870 5.889 5.907 5.926 5.944 5.963 5.981 5.998 6.015 6.032 6.048 6.063 6.078 6.091 6.104 6.117 6.130 6.143 6.156 6.169 6.182 6.196 6.209 6.223 6.237 6.251 6.264 6.278 6.292 6.306 6.319 6.333 6.346 6.360 6.373 6.386 6.399 6.412 6.425 6.440 6.454 6.470 6.485 6.501 6.517 6.534 6.550 6.566 6.582 6.598 6.613 6.627 6.640 6.653 6.664 6.674 6.684 6.693 6.700 6.707 6.714 6.723 6.735
5.684 5.700 5.714 5.729 5.744 5.759 5.775 5.791 5.807 5.823 5.840 5.857 5.874 5.892 5.910 5.928 5.946 5.964 5.982 6.000 6.017 6.034 6.050 6.066 6.081 6.095 6.108 6.121 6.134 6.147 6.160 6.173 6.186 6.199 6.212 6.225 6.239 6.252 6.266 6.280 6.293 6.307 6.320 6.334 6.347 6.361 6.374 6.388 6.400 6.413 6.427 6.441 6.456 6.471 6.487 6.503 6.519 6.536 6.553 6.569 6.586 6.602 6.617 6.632 6.646 6.659 6.672 6.683 6.693 6.703 6.710 6.717 6.725 6.734 6.745
5.696 5.712 5.726 5.740 5.755 5.770 5.785 5.800 5.815 5.831 5.847 5.863 5.880 5.897 5.914 5.931 5.949 5.967 5.984 6.002 6.019 6.036 6.052 6.068 6.083 6.097 6.111 6.124 6.137 6.150 6.163 6.176 6.189 6.202 6.214 6.228 6.241 6.254 6.267 6.281 6.294 6.308 6.321 6.335 6.348 6.362 6.376 6.389 6.401 6.414 6.428 6.442 6.457 6.473 6.488 6.505 6.521 6.538 6.555 6.572 6.589 6.605 6.622 6.637 6.652 6.666 6.679 6.692 6.703 6.713 6.721 6.729 6.737 6.746 6.757
5.707 5.723 5.738 5.752 5.767 5.781 5.796 5.810 5.825 5.840 5.855 5.870 5.886 5.902 5.919 5.935 5.952 5.969 5.987 6.004 6.021 6.038 6.054 6.070 6.086 6.100 6.113 6.127 6.140 6.154 6.167 6.179 6.192 6.205 6.217 6.230 6.243 6.256 6.269 6.282 6.296 6.309 6.323 6.336 6.350 6.363 6.377 6.390 6.402 6.415 6.429 6.444 6.459 6.474 6.490 6.506 6.523 6.540 6.557 6.575 6.592 6.609 6.626 6.643 6.658 6.673 6.688 6.701 6.713 6.724 6.734 6.742 6.751 6.760 6.770
5.718 5.734 5.750 5.764 5.779 5.793 5.807 5.822 5.836 5.850 5.864 5.879 5.894 5.909 5.924 5.940 5.957 5.973 5.990 6.006 6.023 6.040 6.056 6.072 6.088 6.102 6.116 6.129 6.143 6.157 6.170 6.182 6.195 6.208 6.220 6.233 6.245 6.258 6.271 6.284 6.298 6.311 6.324 6.338 6.351 6.365 6.378 6.391 6.403 6.417 6.431 6.445 6.460 6.476 6.492 6.508 6.525 6.542 6.560 6.578 6.596 6.613 6.631 6.648 6.665 6.681 6.696 6.710 6.724 6.736 6.746 6.756 6.765 6.774 6.784
5.728 5.745 5.761 5.775 5.790 5.805 5.819 5.833 5.847 5.861 5.874 5.888 5.902 5.917 5.931 5.947 5.962 5.978 5.994 6.010 6.026 6.042 6.059 6.075 6.090 6.104 6.118 6.132 6.146 6.160 6.173 6.186 6.198 6.211 6.223 6.236 6.248 6.261 6.274 6.287 6.300 6.313 6.326 6.339 6.353 6.366 6.380 6.393 6.405 6.419 6.433 6.447 6.462 6.478 6.494 6.510 6.527 6.545 6.563 6.581 6.600 6.618 6.636 6.655 6.672 6.689 6.705 6.721 6.735 6.749 6.760 6.770 6.780 6.789 6.799
5.738 5.755 5.771 5.786 5.801 5.816 5.831 5.845 5.858 5.872 5.885 5.899 5.912 5.926 5.940 5.954 5.969 5.983 5.999 6.014 6.030 6.046 6.062 6.078 6.093 6.106 6.121 6.135 6.149 6.163 6.176 6.189 6.202 6.215 6.227 6.239 6.252 6.264 6.277 6.290 6.303 6.316 6.329 6.342 6.355 6.369 6.382 6.395 6.408 6.421 6.435 6.450 6.465 6.480 6.496 6.513 6.530 6.548 6.567 6.585 6.604 6.623 6.642 6.661 6.680 6.698 6.715 6.732 6.747 6.762 6.774 6.785 6.795 6.805 6.815
5.747 5.764 5.781 5.796 5.812 5.827 5.842 5.856 5.870 5.884 5.897 5.910 5.923 5.936 5.949 5.963 5.976 5.991 6.005 6.020 6.035 6.050 6.066 6.081 6.096 6.110 6.124 6.138 6.152 6.166 6.180 6.193 6.206 6.219 6.231 6.244 6.256 6.269 6.281 6.294 6.307 6.319 6.332 6.346 6.359 6.372 6.386 6.399 6.411 6.424 6.438 6.453 6.468 6.484 6.500 6.517 6.534 6.552 6.571 6.590 6.610 6.629 6.649 6.669 6.688 6.707 6.726 6.743 6.760 6.775 6.789 6.801 6.812 6.822 6.831
5.755 5.773 5.790 5.806 5.822 5.838 5.853 5.868 5.882 5.896 5.909 5.922 5.934 5.947 5.960 5.972 5.986 5.999 6.013 6.027 6.041 6.056 6.071 6.086 6.100 6.114 6.128 6.143 6.157 6.171 6.184 6.198 6.211 6.224 6.236 6.249 6.261 6.274 6.286 6.299 6.312 6.324 6.337 6.350 6.364 6.377 6.390 6.403 6.416 6.429 6.443 6.458 6.473 6.488 6.505 6.522 6.539 6.558 6.577 6.596 6.616 6.636 6.657 6.677 6.697 6.717 6.737 6.755 6.773 6.790 6.804 6.817 6.828 6.839 6.849
5.763 5.782 5.798 5.815 5.832 5.848 5.864 5.879 5.894 5.907 5.921 5.934 5.946 5.959 5.971 5.984 5.996 6.009 6.022 6.035 6.049 6.063 6.078 6.092 6.106 6.119 6.133 6.148 6.162 6.176 6.190 6.203 6.216 6.229 6.242 6.255 6.267 6.280 6.292 6.305 6.318 6.331 6.343 6.356 6.370 6.383 6.397 6.409 6.422 6.435 6.449 6.464 6.479 6.494 6.511 6.528 6.545 6.564 6.583 6.603 6.623 6.644 6.665 6.686 6.707 6.728 6.748 6.768 6.787 6.804 6.820 6.833 6.846 6.857 6.867
5.771 5.789 5.806 5.824 5.841 5.858 5.874 5.890 5.905 5.919 5.933 5.946 5.959 5.971 5.983 5.995 6.008 6.020 6.032 6.045 6.058 6.072 6.086 6.100 6.113 6.126 6.140 6.154 6.168 6.182 6.196 6.210 6.223 6.236 6.249 6.262 6.275 6.287 6.300 6.312 6.325 6.338 6.351 6.364 6.377 6.391 6.404 6.417 6.429 6.443 6.457 6.471 6.486 6.502 6.518 6.535 6.553 6.572 6.591 6.611 6.632 6.653 6.674 6.696 6.718 6.740 6.761 6.781 6.801 6.820 6.836 6.851 6.864 6.876 6.888
5.778 5.797 5.814 5.832 5.850 5.868 5.884 5.900 5.916 5.931 5.945 5.958 5.971 5.984 5.996 6.008 6.020 6.032 6.044 6.056 6.069 6.082 6.095 6.109 6.122 6.134 6.148 6.162 6.176 6.190 6.204 6.217 6.231 6.244 6.257 6.270 6.283 6.296 6.308 6.321 6.334 6.347 6.360 6.373 6.386 6.400 6.413 6.426 6.439 6.452 6.466 6.481 6.495 6.511 6.527 6.544 6.562 6.581 6.600 6.620 6.641 6.663 6.685 6.707 6.729 6.752 6.774 6.795 6.816 6.836 6.854 6.869 6.884 6.897 6.909
5.786 5.804 5.822 5.841 5.859 5.877 5.894 5.911 5.927 5.942 5.957 5.971 5.984 5.997 6.009 6.021 6.033 6.045 6.057 6.069 6.081 6.093 6.106 6.119 6.132 6.144 6.157 6.171 6.185 6.199 6.212 6.226 6.240 6.253 6.266 6.279 6.292 6.305 6.318 6.331 6.344 6.357 6.370 6.384 6.397 6.411 6.424 6.437 6.450 6.463 6.477 6.492 6.506 6.522 6.538 6.555 6.572 6.591 6.610 6.631 6.652 6.673 6.696 6.719 6.742 6.765 6.788 6.810 6.832 6.853 6.872 6.888 6.904 6.919 6.932
5.793 5.812 5.830 5.849 5.868 5.886 5.903 5.921 5.937 5.953 5.968 5.983 5.997 6.010 6.023 6.035 6.047 6.059 6.071 6.082 6.094 6.106 6.119 6.131 6.143 6.155 6.168 6.181 6.195 6.209 6.223 6.236 6.250 6.263 6.277 6.290 6.303 6.316 6.329 6.342 6.355 6.369 6.382 6.395 6.409 6.423 6.437 6.450 6.463 6.476 6.490 6.504 6.519 6.535 6.550 6.567 6.585 6.603 6.622 6.642 6.664 6.686 6.708 6.731 6.755 6.778 6.802 6.826 6.848 6.870 6.890 6.909 6.926 6.942 6.956
5.802 5.820 5.839 5.857 5.876 5.895 5.913 5.930 5.947 5.964 5.979 5.995 6.009 6.023 6.036 6.049 6.061 6.073 6.085 6.097 6.108 6.120 6.132 6.145 6.156 6.168 6.180 6.193 6.207 6.220 6.234 6.247 6.261 6.275 6.288 6.301 6.315 6.328 6.341 6.354 6.368 6.381 6.395 6.408 6.422 6.436 6.450 6.464 6.477 6.490 6.504 6.519 6.534 6.549 6.565 6.581 6.598 6.616 6.636 6.656 6.677 6.699 6.722 6.745 6.769 6.793 6.818 6.842 6.866 6.889 6.910 6.930 6.949 6.966 6.981
5.810 5.829 5.847 5.866 5.885 5.904 5.922 5.940 5.957 5.974 5.991 6.006 6.021 6.036 6.050 6.063 6.076 6.088 6.100 6.112 6.123 6.135 6.147 6.159 6.171 6.182 6.194 6.207 6.220 6.233 6.246 6.260 6.273 6.287 6.300 6.314 6.327 6.341 6.354 6.367 6.381 6.395 6.409 6.423 6.437 6.451 6.465 6.479 6.492 6.506 6.520 6.535 6.549 6.565 6.580 6.597 6.614 6.631 6.650 6.670 6.691 6.713 6.736 6.760 6.784 6.809 6.834 6.859 6.884 6.909 6.931 6.952 6.972 6.990 7.006
5.819 5.838 5.856 5.875 5.894 5.913 5.931 5.950 5.967 5.985 6.002 6.018 6.034 6.049 6.063 6.077 6.090 6.103 6.115 6.127 6.139 6.151 6.163 6.175 6.186 6.197 6.209 6.221 6.234 6.247 6.260 6.274 6.287 6.300 6.314 6.327 6.341 6.354 6.368 6.382 6.395 6.409 6.423 6.437 6.452 6.466 6.481 6.495 6.509 6.523 6.537 6.552 6.567 6.582 6.597 6.614 6.630 6.648 6.667 6.686 6.707 6.729 6.752 6.776 6.800 6.826 6.851 6.878 6.904 6.929 6.952 6.975 6.996 7.015 7.032
5.829 5.847 5.865 5.884 5.903 5.922 5.941 5.959 5.978 5.995 6.013 6.029 6.046 6.061 6.076 6.091 6.104 6.118 6.131 6.143 6.155 6.167 6.179 6.191 6.202 6.213 6.224 6.237 6.249 6.262 6.275 6.288 6.302 6.315 6.328 6.342 6.355 6.369 6.383 6.396 6.410 6.424 6.439 6.453 6.468 6.483 6.498 6.512 6.526 6.540 6.555 6.570 6.585 6.600 6.616 6.632 6.649 6.666 6.684 6.704 6.724 6.746 6.769 6.793 6.818 6.844 6.870 6.897 6.924 6.950 6.974 6.998 7.020 7.040 7.057
5.839 5.857 5.875 5.894 5.913 5.932 5.951 5.969 5.988 6.006 6.024 6.041 6.058 6.074 6.089 6.104 6.119 6.133 6.146 6.159 6.171 6.183 6.195 6.207 6.219 6.229 6.241 6.253 6.265 6.278 6.291 6.304 6.317 6.330 6.344 6.357 6.371 6.384 6.398 6.412 6.426 6.440 6.455 6.469 6.484 6.500 6.515 6.529 6.544 6.559 6.574 6.589 6.605 6.620 6.636 6.652 6.668 6.685 6.703 6.722 6.743 6.764 6.787 6.811 6.836 6.862 6.889 6.917 6.944 6.971 6.996 7.021 7.044 7.065 7.082
5.851 5.868 5.886 5.904 5.923 5.942 5.961 5.980 5.998 6.017 6.035 6.052 6.069 6.086 6.102 6.118 6.133 6.147 6.161 6.175 6.187 6.200 6.212 6.224 6.236 6.246 6.258 6.270 6.282 6.295 6.308 6.320 6.334 6.347 6.360 6.374 6.387 6.401 6.414 6.428 6.442 6.457 6.471 6.486 6.502 6.517 6.533 6.547 6.562 6.577 6.593 6.609 6.625 6.640 6.656 6.672 6.689 6.706 6.724 6.742 6.762 6.784 6.806 6.831 6.856 6.882 6.909 6.937 6.966 6.993 7.019 7.045 7.068 7.089 7.106
5.863 5.880 5.897 5.915 5.934 5.952 5.971 5.990 6.009 6.027 6.046 6.064 6.081 6.098 6.115 6.131 6.147 6.162 6.176 6.190 6.204 6.217 6.229 6.242 6.253 6.264 6.276 6.288 6.300 6.312 6.325 6.338 6.351 6.364 6.377 6.390 6.404 6.417 6.431 6.445 6.459 6.474 6.488 6.504 6.519 6.535 6.551 6.565 6.581 6.597 6.613 6.629 6.645 6.661 6.677 6.694 6.710 6.727 6.745 6.764 6.783 6.804 6.827 6.851 6.876 6.903 6.930 6.959 6.987 7.015 7.042 7.068 7.092 7.114 7.131
5.877 5.893 5.909 5.927 5.945 5.964 5.982 6.001 6.020 6.038 6.057 6.075 6.093 6.111 6.128 6.144 6.160 6.176 6.191 6.205 6.219 6.233 6.246 6.259 6.271 6.282 6.294 6.306 6.318 6.330 6.343 6.356 6.368 6.381 6.395 6.408 6.421 6.435 6.449 6.463 6.477 6.491 6.506 6.521 6.537 6.553 6.569 6.584 6.600 6.616 6.633 6.649 6.666 6.683 6.699 6.716 6.732 6.750 6.767 6.786 6.805 6.826 6.848 6.872 6.897 6.924 6.952 6.980 7.009 7.038 7.065 7.092 7.116 7.138 7.155
5.891 5.907 5.923 5.940 5.957 5.975 5.994 6.012 6.031 6.050 6.068 6.087 6.105 6.123 6.140 6.157 6.174 6.190 6.206 6.221 6.235 6.249 6.263 6.276 6.288 6.300 6.312 6.324 6.336 6.349 6.361 6.374 6.387 6.400 6.413 6.426 6.439 6.453 6.467 6.480 6.495 6.509 6.524 6.539 6.555 6.571 6.587 6.602 6.619 6.635 6.653 6.670 6.687 6.704 6.721 6.738 6.755 6.772 6.790 6.809 6.828 6.849 6.871 6.894 6.919 6.946 6.973 7.002 7.031 7.060 7.088 7.115 7.140 7.162 7.180
5.907 5.922 5.937 5.953 5.970 5.988 6.006 6.024 6.043 6.061 6.080 6.098 6.117 6.135 6.153 6.170 6.187 6.204 6.220 6.236 6.251 6.265 6.279 6.293 6.305 6.317 6.330 6.342 6.355 6.367 6.380 6.392 6.405 6.418 6.431 6.444 6.458 6.471 6.485 6.499 6.513 6.527 6.542 6.557 6.573 6.589 6.605 6.621 6.638 6.655 6.672 6.690 6.708 6.726 6.743 6.761 6.778 6.796 6.814 6.832 6.851 6.872 6.893 6.917 6.941 6.968 6.995 7.024 7.054 7.083 7.111 7.138 7.164 7.187 7.204
5.924 5.938 5.953 5.968 5.984 6.001 6.019 6.037 6.055 6.073 6.092 6.110 6.129 6.147 6.165 6.183 6.200 6.218 6.234 6.250 6.266 6.281 6.296 6.310 6.322 6.335 6.347 6.360 6.373 6.386 6.398 6.411 6.424 6.437 6.450 6.463 6.477 6.490 6.504 6.517 6.531 6.546 6.561 6.576 6.592 6.608 6.624 6.640 6.657 6.674 6.692 6.710 6.729 6.747 6.765 6.783 6.801 6.819 6.837 6.856 6.875 6.895 6.917 6.940 6.964 6.990 7.017 7.046 7.076 7.105 7.133 7.161 7.188 7.210 7.228
5.943 5.956 5.969 5.984 6.000 6.016 6.033 6.050 6.068 6.086 6.104 6.123 6.141 6.160 6.178 6.196 6.214 6.231 6.248 6.265 6.281 6.297 6.312 6.326 6.339 6.352 6.365 6.378 6.391 6.404 6.417 6.430 6.443 6.456 6.469 6.482 6.496 6.509 6.523 6.536 6.550 6.565 6.579 6.595 6.610 6.627 6.643 6.659 6.676 6.693 6.712 6.730 6.749 6.768 6.787 6.805 6.824 6.842 6.861 6.879 6.899 6.919 6.940 6.963 6.987 7.012 7.040 7.068 7.098 7.127 7.156 7.184 7.211 7.234 7.252
5.962 5.974 5.987 6.001 6.016 6.031 6.047 6.064 6.081 6.099 6.117 6.135 6.154 6.172 6.191 6.209 6.227 6.245 6.262 6.279 6.296 6.312 6.328 6.342 6.355 6.369 6.383 6.396 6.409 6.423 6.436 6.449 6.462 6.475 6.488 6.501 6.515 6.528 6.542 6.556 6.570 6.584 6.599 6.614 6.629 6.646 6.662 6.678 6.695 6.713 6.731 6.750 6.770 6.789 6.808 6.827 6.846 6.865 6.884 6.903 6.922 6.942 6.963 6.985 7.009 7.035 7.061 7.090 7.119 7.149 7.178 7.206 7.234 7.257 7.275
