TsunamiDB/out54179.asc
ncols          264
nrows          230
xllcorner      497853.4375
yllcorner      4229146.0000
cellsize         5.
NODATA_value   -99
[rows 102 to 135 of 230, columns 154 to 230 of 264]
6.847 6.853 6.860 6.866 6.873 6.879 6.886 6.892 6.899 6.905 6.912 6.918 6.924 6.930 6.936 6.941 6.947 6.953 6.958 6.962 6.967 6.971 6.975 6.979 6.982 6.986 6.989 6.992 6.994 6.997 6.999 7.002 7.004 7.006 7.008 7.011 7.013 7.015 7.018 7.021 7.024 7.027 7.031 7.034 7.038 7.042 7.046 7.051 7.056 7.061 7.066 7.072 7.077 7.083 7.089 7.095 7.102 7.109 7.116 7.122 7.129 7.136 7.144 7.155 7.166 7.180 7.198 7.219 7.245 7.277 7.316 7.365 7.419 7.454 7.491 7.549 7.603
6.849 6.855 6.861 6.868 6.874 6.881 6.887 6.894 6.900 6.907 6.913 6.920 6.926 6.932 6.938 6.943 6.949 6.955 6.960 6.965 6.969 6.974 6.978 6.982 6.985 6.989 6.992 6.995 6.997 7.000 7.003 7.005 7.007 7.009 7.012 7.014 7.016 7.019 7.021 7.024 7.028 7.031 7.034 7.037 7.041 7.045 7.049 7.054 7.059 7.064 7.069 7.074 7.079 7.085 7.091 7.097 7.103 7.110 7.117 7.124 7.132 7.140 7.150 7.162 7.176 7.191 7.211 7.234 7.260 7.292 7.332 7.382 7.439 7.474 7.512 7.570 7.623
6.850 6.856 6.863 6.869 6.876 6.882 6.889 6.895 6.902 6.909 6.915 6.921 6.928 6.934 6.940 6.946 6.952 6.957 6.962 6.967 6.972 6.976 6.981 6.985 6.988 6.992 6.995 6.998 7.001 7.003 7.006 7.008 7.011 7.013 7.015 7.018 7.020 7.022 7.025 7.028 7.031 7.034 7.037 7.041 7.044 7.048 7.053 7.057 7.062 7.067 7.072 7.077 7.082 7.087 7.092 7.098 7.104 7.111 7.118 7.126 7.135 7.145 7.157 7.171 7.185 7.203 7.225 7.250 7.277 7.309 7.349 7.399 7.458 7.495 7.533 7.590 7.642
6.852 6.858 6.864 6.871 6.877 6.884 6.891 6.897 6.904 6.910 6.917 6.923 6.930 6.936 6.942 6.948 6.954 6.960 6.965 6.970 6.975 6.979 6.984 6.988 6.991 6.995 6.998 7.001 7.004 7.007 7.010 7.012 7.015 7.017 7.019 7.021 7.024 7.026 7.029 7.032 7.035 7.038 7.041 7.044 7.048 7.052 7.056 7.061 7.066 7.071 7.076 7.081 7.085 7.089 7.094 7.099 7.105 7.112 7.120 7.129 7.140 7.151 7.165 7.180 7.196 7.216 7.240 7.266 7.294 7.327 7.366 7.418 7.482 7.521 7.557 7.613 7.663
6.853 6.860 6.866 6.872 6.879 6.886 6.892 6.899 6.906 6.912 6.919 6.925 6.932 6.938 6.944 6.950 6.956 6.962 6.968 6.973 6.978 6.982 6.987 6.991 6.995 6.998 7.002 7.005 7.008 7.011 7.014 7.016 7.019 7.021 7.023 7.026 7.028 7.031 7.033 7.036 7.039 7.042 7.045 7.048 7.052 7.056 7.060 7.064 7.069 7.075 7.080 7.084 7.087 7.091 7.096 7.101 7.107 7.114 7.123 7.134 7.146 7.159 7.174 7.191 7.208 7.230 7.256 7.283 7.314 7.347 7.386 7.447 7.515 7.549 7.583 7.637 7.684
6.855 6.861 6.868 6.874 6.881 6.887 6.894 6.901 6.907 6.914 6.921 6.927 6.934 6.940 6.947 6.953 6.959 6.965 6.970 6.976 6.981 6.985 6.990 6.994 6.998 7.002 7.006 7.009 7.012 7.015 7.018 7.020 7.023 7.025 7.028 7.030 7.033 7.035 7.038 7.041 7.044 7.047 7.050 7.053 7.056 7.060 7.064 7.069 7.074 7.079 7.083 7.087 7.090 7.094 7.099 7.104 7.110 7.118 7.128 7.139 7.153 7.168 7.186 7.203 7.221 7.245 7.273 7.304 7.337 7.373 7.420 7.483 7.544 7.576 7.609 7.659 7.703
6.857 6.863 6.869 6.876 6.883 6.889 6.896 6.903 6.909 6.916 6.923 6.930 6.936 6.943 6.949 6.955 6.962 6.968 6.973 6.979 6.984 6.989 6.993 6.998 7.002 7.006 7.010 7.013 7.016 7.019 7.022 7.025 7.027 7.030 7.032 7.035 7.037 7.040 7.043 7.046 7.049 7.052 7.054 7.058 7.061 7.065 7.069 7.073 7.078 7.083 7.087 7.090 7.094 7.098 7.103 7.108 7.115 7.123 7.134 7.146 7.161 7.179 7.198 7.217 7.236 7.263 7.294 7.328 7.364 7.407 7.458 7.516 7.572 7.602 7.634 7.680 7.721
6.858 6.865 6.871 6.878 6.884 6.891 6.898 6.905 6.911 6.918 6.925 6.932 6.938 6.945 6.951 6.958 6.964 6.971 6.976 6.982 6.987 6.992 6.997 7.001 7.006 7.010 7.014 7.017 7.020 7.024 7.027 7.029 7.032 7.035 7.037 7.040 7.042 7.045 7.048 7.051 7.054 7.057 7.059 7.063 7.066 7.070 7.074 7.078 7.083 7.087 7.091 7.094 7.098 7.103 7.107 7.113 7.121 7.130 7.141 7.155 7.171 7.191 7.213 7.232 7.253 7.284 7.318 7.356 7.397 7.443 7.494 7.548 7.598 7.626 7.656 7.698 7.736
6.860 6.867 6.873 6.880 6.886 6.893 6.900 6.907 6.913 6.920 6.927 6.934 6.941 6.947 6.954 6.960 6.967 6.973 6.979 6.985 6.990 6.995 7.000 7.005 7.009 7.014 7.018 7.021 7.025 7.028 7.031 7.034 7.037 7.040 7.042 7.045 7.048 7.050 7.053 7.056 7.059 7.062 7.065 7.068 7.071 7.075 7.079 7.083 7.087 7.091 7.096 7.099 7.103 7.108 7.113 7.120 7.128 7.138 7.150 7.164 7.182 7.204 7.229 7.250 7.273 7.307 7.345 7.387 7.432 7.479 7.529 7.578 7.623 7.649 7.677 7.715 7.750
6.862 6.868 6.875 6.881 6.888 6.895 6.902 6.909 6.916 6.922 6.929 6.936 6.943 6.950 6.957 6.963 6.970 6.976 6.982 6.988 6.994 6.999 7.004 7.009 7.013 7.018 7.022 7.026 7.029 7.033 7.036 7.039 7.042 7.045 7.048 7.050 7.053 7.056 7.059 7.062 7.065 7.068 7.070 7.073 7.076 7.080 7.084 7.088 7.092 7.096 7.101 7.105 7.109 7.114 7.120 7.127 7.136 7.147 7.159 7.175 7.194 7.219 7.248 7.271 7.295 7.333 7.375 7.420 7.465 7.513 7.560 7.606 7.647 7.671 7.696 7.731 7.763
6.864 6.870 6.877 6.883 6.890 6.897 6.904 6.911 6.918 6.925 6.932 6.939 6.946 6.952 6.959 6.966 6.973 6.979 6.985 6.991 6.997 7.002 7.008 7.013 7.017 7.022 7.026 7.030 7.034 7.038 7.041 7.044 7.047 7.050 7.053 7.056 7.059 7.061 7.065 7.068 7.071 7.073 7.076 7.079 7.082 7.085 7.089 7.093 7.097 7.102 7.106 7.111 7.116 7.121 7.127 7.135 7.145 7.157 7.170 7.186 7.208 7.236 7.269 7.293 7.320 7.362 7.407 7.453 7.499 7.545 7.590 7.632 7.669 7.691 7.714 7.746 7.774
6.866 6.872 6.879 6.886 6.892 6.899 6.906 6.913 6.920 6.927 6.934 6.941 6.948 6.955 6.962 6.969 6.976 6.983 6.989 6.995 7.001 7.006 7.012 7.017 7.022 7.026 7.031 7.035 7.039 7.043 7.046 7.049 7.053 7.056 7.059 7.061 7.064 7.067 7.071 7.074 7.077 7.079 7.082 7.084 7.087 7.090 7.094 7.098 7.102 7.107 7.112 7.117 7.123 7.129 7.135 7.144 7.154 7.167 7.182 7.199 7.224 7.255 7.291 7.317 7.346 7.391 7.437 7.483 7.529 7.574 7.616 7.655 7.689 7.709 7.730 7.758 7.784
6.868 6.874 6.881 6.888 6.895 6.901 6.908 6.915 6.922 6.930 6.937 6.944 6.951 6.958 6.965 6.972 6.979 6.986 6.992 6.998 7.004 7.010 7.016 7.021 7.026 7.031 7.035 7.040 7.044 7.048 7.051 7.055 7.058 7.061 7.064 7.067 7.070 7.073 7.077 7.080 7.083 7.085 7.088 7.090 7.093 7.096 7.099 7.103 7.108 7.113 7.119 7.124 7.130 7.136 7.143 7.153 7.164 7.178 7.194 7.214 7.240 7.273 7.313 7.342 7.373 7.419 7.466 7.512 7.557 7.600 7.641 7.677 7.708 7.727 7.746 7.772 7.795
6.870 6.877 6.883 6.890 6.897 6.904 6.911 6.918 6.925 6.932 6.939 6.946 6.954 6.961 6.968 6.975 6.982 6.989 6.996 7.002 7.008 7.014 7.020 7.025 7.030 7.035 7.040 7.044 7.049 7.053 7.056 7.060 7.063 7.067 7.070 7.073 7.076 7.079 7.083 7.086 7.089 7.091 7.093 7.096 7.098 7.101 7.105 7.109 7.114 7.119 7.126 7.132 7.138 7.144 7.152 7.162 7.175 7.190 7.207 7.229 7.257 7.294 7.339 7.370 7.402 7.449 7.496 7.542 7.586 7.628 7.666 7.700 7.728 7.745 7.762 7.785 7.807
6.873 6.879 6.886 6.893 6.899 6.906 6.913 6.921 6.928 6.935 6.942 6.949 6.957 6.964 6.971 6.978 6.986 6.993 6.999 7.006 7.012 7.018 7.024 7.029 7.035 7.040 7.045 7.049 7.054 7.058 7.062 7.066 7.069 7.073 7.076 7.079 7.082 7.086 7.089 7.093 7.095 7.097 7.099 7.101 7.104 7.107 7.110 7.114 7.120 7.126 7.133 7.139 7.146 7.153 7.161 7.172 7.186 7.203 7.223 7.247 7.277 7.321 7.370 7.400 7.431 7.479 7.526 7.571 7.614 7.654 7.690 7.721 7.746 7.761 7.777 7.798 7.817
6.875 6.882 6.888 6.895 6.902 6.909 6.916 6.923 6.931 6.938 6.945 6.953 6.960 6.967 6.974 6.982 6.989 6.996 7.003 7.010 7.016 7.022 7.028 7.034 7.040 7.045 7.050 7.055 7.059 7.063 7.067 7.071 7.075 7.078 7.082 7.085 7.089 7.092 7.096 7.099 7.101 7.103 7.105 7.107 7.110 7.112 7.116 7.121 7.126 7.133 7.140 7.147 7.154 7.162 7.171 7.183 7.199 7.219 7.241 7.269 7.306 7.353 7.400 7.430 7.461 7.509 7.555 7.599 7.640 7.678 7.711 7.739 7.763 7.777 7.791 7.810 7.828
6.878 6.885 6.891 6.898 6.905 6.912 6.919 6.927 6.934 6.941 6.949 6.956 6.963 6.971 6.978 6.986 6.993 7.000 7.007 7.014 7.020 7.027 7.033 7.039 7.044 7.050 7.055 7.060 7.065 7.069 7.073 7.077 7.081 7.085 7.088 7.091 7.095 7.098 7.102 7.105 7.107 7.109 7.111 7.113 7.116 7.119 7.123 7.127 7.133 7.140 7.147 7.155 7.164 7.173 7.182 7.197 7.215 7.237 7.263 7.296 7.337 7.383 7.430 7.458 7.489 7.536 7.582 7.625 7.664 7.700 7.731 7.757 7.779 7.792 7.805 7.822 7.838
6.881 6.888 6.894 6.901 6.908 6.915 6.923 6.930 6.937 6.945 6.952 6.959 6.967 6.974 6.982 6.990 6.997 7.004 7.011 7.018 7.025 7.031 7.038 7.044 7.050 7.055 7.060 7.066 7.070 7.075 7.079 7.083 7.087 7.091 7.094 7.098 7.101 7.105 7.108 7.111 7.114 7.115 7.117 7.120 7.122 7.125 7.129 7.134 7.140 7.147 7.155 7.164 7.174 7.184 7.195 7.213 7.234 7.259 7.289 7.325 7.367 7.413 7.458 7.486 7.516 7.563 7.607 7.649 7.687 7.720 7.749 7.774 7.795 7.807 7.818 7.834 7.848
6.885 6.891 6.898 6.905 6.912 6.919 6.926 6.933 6.941 6.948 6.956 6.963 6.971 6.978 6.986 6.994 7.002 7.009 7.016 7.023 7.030 7.036 7.043 7.049 7.055 7.061 7.066 7.071 7.076 7.081 7.085 7.090 7.094 7.097 7.101 7.104 7.108 7.111 7.115 7.118 7.120 7.122 7.124 7.126 7.129 7.132 7.136 7.142 7.148 7.155 7.163 7.173 7.186 7.198 7.211 7.231 7.255 7.284 7.317 7.355 7.397 7.442 7.486 7.513 7.542 7.587 7.631 7.672 7.707 7.739 7.767 7.790 7.810 7.821 7.831 7.845 7.858
6.888 6.895 6.901 6.908 6.915 6.923 6.930 6.937 6.945 6.952 6.960 6.967 6.975 6.983 6.990 6.998 7.006 7.013 7.021 7.028 7.035 7.042 7.048 7.054 7.061 7.066 7.072 7.077 7.083 7.087 7.092 7.096 7.100 7.104 7.108 7.111 7.115 7.118 7.121 7.125 7.127 7.129 7.131 7.133 7.136 7.140 7.144 7.149 7.155 7.163 7.172 7.184 7.199 7.213 7.229 7.252 7.280 7.311 7.345 7.384 7.425 7.469 7.513 7.539 7.567 7.611 7.654 7.693 7.727 7.758 7.785 7.806 7.824 7.834 7.843 7.856 7.867
6.892 6.898 6.905 6.912 6.919 6.926 6.934 6.941 6.949 6.956 6.964 6.972 6.979 6.987 6.995 7.003 7.011 7.018 7.026 7.033 7.040 7.047 7.054 7.060 7.066 7.072 7.078 7.084 7.089 7.094 7.099 7.103 7.107 7.111 7.114 7.118 7.121 7.125 7.128 7.132 7.134 7.136 7.138 7.141 7.144 7.147 7.151 7.157 7.163 7.171 7.182 7.197 7.215 7.231 7.248 7.275 7.306 7.339 7.374 7.412 7.453 7.496 7.539 7.564 7.592 7.635 7.676 7.714 7.747 7.776 7.802 7.822 7.838 7.846 7.854 7.865 7.875
6.896 6.902 6.909 6.916 6.923 6.931 6.938 6.945 6.953 6.961 6.968 6.976 6.984 6.992 7.000 7.008 7.016 7.023 7.031 7.038 7.046 7.053 7.059 7.066 7.073 7.079 7.085 7.090 7.096 7.101 7.106 7.110 7.114 7.118 7.121 7.125 7.128 7.132 7.135 7.139 7.142 7.144 7.145 7.148 7.151 7.154 7.159 7.165 7.171 7.181 7.194 7.211 7.232 7.250 7.270 7.300 7.332 7.367 7.402 7.439 7.479 7.521 7.564 7.590 7.616 7.658 7.698 7.734 7.765 7.793 7.817 7.836 7.850 7.857 7.864 7.873 7.882
6.900 6.907 6.913 6.920 6.928 6.935 6.942 6.950 6.957 6.965 6.973 6.981 6.989 6.997 7.005 7.013 7.021 7.029 7.036 7.044 7.051 7.058 7.065 7.072 7.079 7.085 7.091 7.097 7.103 7.108 7.113 7.117 7.121 7.125 7.129 7.132 7.135 7.139 7.143 7.146 7.149 7.151 7.153 7.156 7.159 7.162 7.167 7.173 7.181 7.191 7.206 7.225 7.249 7.270 7.292 7.324 7.358 7.394 7.429 7.466 7.505 7.546 7.589 7.615 7.640 7.681 7.719 7.753 7.783 7.809 7.832 7.850 7.861 7.867 7.873 7.881 7.889
6.904 6.911 6.918 6.925 6.932 6.939 6.947 6.954 6.962 6.970 6.978 6.986 6.994 7.002 7.010 7.018 7.026 7.034 7.042 7.050 7.057 7.064 7.072 7.079 7.085 7.092 7.098 7.104 7.110 7.115 7.120 7.125 7.128 7.132 7.136 7.139 7.143 7.146 7.150 7.154 7.157 7.159 7.161 7.163 7.166 7.169 7.175 7.182 7.190 7.203 7.220 7.242 7.271 7.293 7.316 7.350 7.386 7.423 7.458 7.495 7.532 7.572 7.617 7.642 7.666 7.705 7.741 7.773 7.801 7.826 7.848 7.864 7.873 7.877 7.882 7.889 7.896
6.909 6.916 6.923 6.930 6.937 6.944 6.952 6.959 6.967 6.975 6.983 6.991 6.999 7.007 7.015 7.024 7.032 7.040 7.048 7.055 7.063 7.071 7.078 7.085 7.092 7.099 7.105 7.111 7.117 7.123 7.128 7.132 7.136 7.140 7.143 7.147 7.150 7.154 7.158 7.162 7.165 7.167 7.168 7.171 7.174 7.178 7.184 7.191 7.202 7.217 7.236 7.263 7.295 7.318 7.342 7.378 7.414 7.451 7.487 7.523 7.559 7.603 7.648 7.670 7.693 7.730 7.763 7.792 7.819 7.842 7.863 7.875 7.881 7.885 7.889 7.896 7.903
6.914 6.920 6.927 6.934 6.942 6.949 6.956 6.964 6.972 6.980 6.988 6.996 7.004 7.012 7.021 7.029 7.038 7.046 7.054 7.062 7.069 7.077 7.084 7.092 7.099 7.106 7.112 7.118 7.124 7.130 7.135 7.140 7.144 7.147 7.151 7.154 7.158 7.162 7.166 7.170 7.173 7.174 7.176 7.179 7.182 7.187 7.194 7.204 7.217 7.234 7.257 7.288 7.321 7.344 7.369 7.405 7.443 7.481 7.517 7.554 7.593 7.636 7.678 7.698 7.720 7.754 7.784 7.811 7.835 7.857 7.874 7.883 7.890 7.893 7.897 7.903 7.910
6.919 6.925 6.932 6.939 6.947 6.954 6.962 6.969 6.977 6.985 6.993 7.001 7.010 7.018 7.026 7.035 7.043 7.052 7.060 7.068 7.076 7.083 7.091 7.098 7.106 7.113 7.119 7.126 7.132 7.138 7.143 7.148 7.152 7.155 7.159 7.162 7.166 7.170 7.174 7.178 7.180 7.182 7.184 7.188 7.192 7.198 7.207 7.218 7.234 7.254 7.281 7.313 7.347 7.371 7.396 7.434 7.473 7.512 7.549 7.588 7.628 7.669 7.706 7.725 7.745 7.776 7.804 7.829 7.850 7.869 7.883 7.892 7.898 7.901 7.904 7.911 7.918
6.924 6.930 6.937 6.944 6.952 6.959 6.967 6.974 6.982 6.990 6.999 7.007 7.015 7.023 7.032 7.041 7.049 7.058 7.066 7.074 7.082 7.090 7.098 7.105 7.113 7.120 7.127 7.133 7.140 7.146 7.151 7.156 7.160 7.163 7.167 7.170 7.174 7.178 7.182 7.185 7.188 7.191 7.194 7.198 7.203 7.211 7.221 7.235 7.254 7.277 7.306 7.339 7.373 7.398 7.424 7.463 7.504 7.543 7.583 7.622 7.662 7.700 7.733 7.751 7.769 7.797 7.822 7.845 7.863 7.879 7.891 7.900 7.907 7.910 7.912 7.919 7.926
6.929 6.936 6.943 6.950 6.957 6.964 6.972 6.980 6.988 6.996 7.004 7.012 7.021 7.029 7.038 7.047 7.055 7.064 7.072 7.080 7.088 7.096 7.104 7.112 7.120 7.127 7.134 7.141 7.148 7.154 7.159 7.164 7.168 7.172 7.175 7.179 7.182 7.186 7.190 7.193 7.196 7.200 7.204 7.210 7.216 7.225 7.238 7.255 7.276 7.301 7.331 7.365 7.400 7.426 7.453 7.493 7.535 7.577 7.617 7.656 7.694 7.729 7.760 7.776 7.792 7.817 7.840 7.859 7.875 7.889 7.900 7.908 7.915 7.918 7.921 7.928 7.936
6.935 6.941 6.948 6.955 6.962 6.970 6.977 6.985 6.993 7.001 7.010 7.018 7.026 7.035 7.044 7.053 7.061 7.070 7.078 7.087 7.095 7.103 7.111 7.119 7.127 7.134 7.142 7.149 7.155 7.162 7.167 7.172 7.176 7.180 7.183 7.187 7.190 7.194 7.197 7.201 7.205 7.209 7.215 7.222 7.230 7.242 7.257 7.276 7.298 7.325 7.356 7.391 7.429 7.455 7.482 7.524 7.568 7.610 7.650 7.689 7.726 7.758 7.785 7.799 7.814 7.836 7.856 7.873 7.887 7.898 7.908 7.916 7.924 7.927 7.930 7.937 7.945
6.940 6.947 6.953 6.960 6.968 6.975 6.983 6.991 6.999 7.007 7.015 7.024 7.032 7.041 7.050 7.059 7.067 7.076 7.085 7.093 7.101 7.110 7.118 7.126 7.134 7.142 7.149 7.156 7.163 7.170 7.176 7.180 7.184 7.188 7.191 7.194 7.197 7.201 7.205 7.209 7.214 7.220 7.228 7.236 7.245 7.259 7.277 7.298 7.322 7.349 7.381 7.418 7.458 7.484 7.512 7.557 7.601 7.643 7.683 7.721 7.755 7.785 7.809 7.821 7.834 7.853 7.870 7.885 7.898 7.908 7.917 7.925 7.933 7.936 7.939 7.947 7.956
6.946 6.952 6.959 6.966 6.973 6.981 6.988 6.996 7.004 7.013 7.021 7.029 7.038 7.047 7.056 7.065 7.074 7.082 7.091 7.099 7.108 7.116 7.125 7.133 7.141 7.149 7.156 7.164 7.171 7.178 7.184 7.188 7.192 7.196 7.199 7.202 7.205 7.209 7.213 7.217 7.224 7.232 7.241 7.250 7.261 7.278 7.297 7.320 7.345 7.373 7.406 7.445 7.487 7.515 7.544 7.589 7.633 7.675 7.713 7.749 7.782 7.809 7.830 7.841 7.852 7.869 7.883 7.897 7.908 7.917 7.926 7.934 7.942 7.945 7.948 7.957 7.966
6.952 6.958 6.965 6.972 6.979 6.986 6.994 7.002 7.010 7.018 7.027 7.035 7.044 7.053 7.062 7.071 7.080 7.088 7.097 7.106 7.114 7.123 7.131 7.140 7.148 7.156 7.164 7.172 7.179 7.186 7.192 7.197 7.200 7.204 7.207 7.210 7.213 7.216 7.221 7.226 7.234 7.243 7.254 7.265 7.278 7.296 7.318 7.342 7.368 7.398 7.432 7.472 7.516 7.545 7.575 7.620 7.664 7.705 7.742 7.777 7.807 7.832 7.851 7.861 7.870 7.884 7.897 7.909 7.918 7.927 7.935 7.943 7.951 7.954 7.958 7.967 7.976
6.957 6.964 6.970 6.977 6.985 6.992 7.000 7.008 7.016 7.024 7.032 7.041 7.050 7.059 7.068 7.077 7.086 7.095 7.104 7.112 7.121 7.130 7.138 7.147 7.155 7.163 7.171 7.179 7.187 7.194 7.200 7.205 7.208 7.211 7.214 7.217 7.220 7.224 7.229 7.235 7.244 7.255 7.269 7.281 7.295 7.315 7.339 7.365 7.393 7.424 7.459 7.500 7.548 7.579 7.608 7.653 7.696 7.735 7.771 7.805 7.833 7.856 7.872 7.879 7.887 7.899 7.911 7.921 7.929 7.937 7.944 7.952 7.961 7.964 7.968 7.977 7.986
