TsunamiDB/out54115.asc
ncols          264
nrows          230
xllcorner      497853.4375
yllcorner      4229146.0000
cellsize         5.
NODATA_value   -99
[rows 68 to 101 of 230, columns 0 to 76 of 264]
4.289 4.333 4.374 4.414 4.453 4.489 4.524 4.558 4.590 4.622 4.652 4.681 4.709 4.735 4.762 4.788 4.814 4.839 4.864 4.888 4.911 4.935 4.957 4.980 5.002 5.024 5.045 5.067 5.087 5.108 5.128 5.148 5.168 5.188 5.207 5.226 5.243 5.261 5.279 5.297 5.315 5.333 5.351 5.368 5.386 5.403 5.420 5.437 5.455 5.472 5.489 5.506 5.523 5.540 5.557 5.575 5.592 5.610 5.627 5.642 5.659 5.676 5.693 5.711 5.728 5.746 5.763 5.781 5.798 5.816 5.833 5.851 5.868 5.885 5.902 5.918 5.935
4.306 4.350 4.392 4.432 4.470 4.507 4.542 4.576 4.608 4.640 4.670 4.699 4.727 4.753 4.780 4.806 4.831 4.856 4.881 4.904 4.928 4.951 4.974 4.996 5.018 5.040 5.061 5.082 5.103 5.123 5.143 5.163 5.183 5.203 5.222 5.240 5.257 5.275 5.293 5.311 5.328 5.346 5.363 5.381 5.398 5.415 5.431 5.448 5.465 5.481 5.498 5.515 5.531 5.548 5.565 5.582 5.599 5.616 5.632 5.647 5.664 5.680 5.697 5.714 5.732 5.749 5.766 5.783 5.801 5.818 5.835 5.853 5.870 5.887 5.904 5.920 5.937
4.323 4.366 4.409 4.449 4.487 4.524 4.559 4.593 4.626 4.657 4.687 4.717 4.744 4.770 4.797 4.823 4.848 4.873 4.897 4.921 4.944 4.967 4.990 5.012 5.034 5.056 5.077 5.098 5.118 5.139 5.159 5.178 5.198 5.217 5.236 5.254 5.271 5.289 5.307 5.325 5.342 5.359 5.376 5.393 5.410 5.427 5.443 5.460 5.476 5.492 5.508 5.524 5.541 5.557 5.573 5.589 5.606 5.622 5.638 5.653 5.669 5.685 5.702 5.719 5.735 5.752 5.769 5.786 5.803 5.820 5.837 5.855 5.872 5.889 5.905 5.922 5.939
4.338 4.382 4.424 4.465 4.504 4.541 4.576 4.610 4.643 4.674 4.704 4.734 4.761 4.787 4.814 4.840 4.865 4.890 4.914 4.937 4.961 4.983 5.006 5.028 5.050 5.071 5.092 5.113 5.133 5.154 5.174 5.193 5.213 5.232 5.251 5.269 5.286 5.303 5.321 5.338 5.356 5.373 5.390 5.406 5.423 5.439 5.455 5.472 5.488 5.503 5.519 5.535 5.551 5.566 5.582 5.598 5.614 5.630 5.645 5.660 5.675 5.691 5.707 5.723 5.740 5.756 5.773 5.789 5.806 5.823 5.840 5.857 5.873 5.890 5.907 5.924 5.940
4.353 4.397 4.439 4.480 4.519 4.556 4.592 4.626 4.659 4.690 4.721 4.750 4.778 4.804 4.830 4.856 4.881 4.906 4.930 4.953 4.976 4.999 5.021 5.043 5.065 5.086 5.107 5.128 5.148 5.168 5.188 5.208 5.227 5.246 5.265 5.283 5.300 5.318 5.335 5.352 5.370 5.387 5.403 5.420 5.436 5.452 5.468 5.484 5.500 5.515 5.531 5.546 5.561 5.577 5.592 5.607 5.623 5.638 5.653 5.667 5.682 5.697 5.713 5.729 5.745 5.761 5.777 5.793 5.809 5.826 5.842 5.859 5.876 5.892 5.909 5.925 5.942
4.367 4.411 4.454 4.494 4.534 4.571 4.607 4.642 4.675 4.706 4.737 4.766 4.794 4.820 4.846 4.872 4.897 4.922 4.946 4.969 4.992 5.015 5.037 5.059 5.080 5.101 5.122 5.143 5.163 5.183 5.203 5.222 5.241 5.261 5.279 5.297 5.314 5.332 5.349 5.366 5.384 5.400 5.417 5.434 5.450 5.466 5.482 5.497 5.513 5.528 5.543 5.558 5.573 5.588 5.603 5.618 5.632 5.648 5.662 5.675 5.690 5.705 5.720 5.735 5.750 5.766 5.781 5.797 5.813 5.829 5.845 5.862 5.878 5.894 5.911 5.927 5.943
4.381 4.425 4.467 4.508 4.548 4.585 4.622 4.656 4.690 4.722 4.752 4.782 4.809 4.836 4.862 4.888 4.913 4.937 4.961 4.985 5.007 5.030 5.052 5.074 5.095 5.116 5.137 5.157 5.177 5.197 5.217 5.236 5.256 5.275 5.293 5.311 5.328 5.345 5.363 5.380 5.397 5.414 5.431 5.447 5.463 5.479 5.495 5.510 5.526 5.541 5.556 5.570 5.585 5.600 5.614 5.629 5.643 5.658 5.671 5.685 5.698 5.713 5.727 5.742 5.757 5.772 5.787 5.802 5.818 5.833 5.849 5.865 5.881 5.897 5.913 5.929 5.945
4.393 4.437 4.480 4.521 4.561 4.599 4.635 4.671 4.704 4.736 4.767 4.797 4.825 4.851 4.878 4.903 4.928 4.953 4.976 5.000 5.023 5.045 5.067 5.088 5.110 5.131 5.151 5.171 5.192 5.211 5.231 5.250 5.269 5.288 5.307 5.325 5.342 5.359 5.376 5.394 5.411 5.428 5.444 5.461 5.477 5.493 5.508 5.524 5.539 5.554 5.569 5.583 5.598 5.612 5.626 5.640 5.654 5.669 5.682 5.695 5.708 5.722 5.736 5.750 5.764 5.778 5.793 5.808 5.823 5.838 5.853 5.869 5.884 5.900 5.916 5.931 5.947
4.406 4.449 4.492 4.533 4.573 4.611 4.648 4.684 4.718 4.750 4.781 4.811 4.839 4.866 4.893 4.918 4.943 4.968 4.991 5.015 5.037 5.060 5.081 5.103 5.124 5.145 5.165 5.185 5.205 5.225 5.245 5.264 5.283 5.302 5.320 5.338 5.355 5.372 5.389 5.407 5.424 5.441 5.457 5.474 5.490 5.506 5.521 5.537 5.552 5.567 5.582 5.596 5.610 5.625 5.639 5.652 5.666 5.680 5.693 5.705 5.718 5.731 5.745 5.758 5.772 5.786 5.800 5.814 5.829 5.843 5.858 5.873 5.888 5.903 5.919 5.934 5.950
4.417 4.460 4.503 4.544 4.584 4.623 4.660 4.696 4.731 4.764 4.795 4.825 4.853 4.880 4.907 4.933 4.958 4.982 5.006 5.029 5.052 5.074 5.096 5.117 5.138 5.159 5.179 5.199 5.219 5.239 5.258 5.277 5.296 5.315 5.333 5.351 5.368 5.385 5.402 5.419 5.437 5.453 5.470 5.486 5.503 5.519 5.534 5.550 5.565 5.580 5.595 5.609 5.623 5.637 5.651 5.665 5.679 5.692 5.705 5.717 5.729 5.742 5.755 5.768 5.781 5.795 5.808 5.822 5.836 5.850 5.864 5.878 5.893 5.908 5.923 5.938 5.953
4.428 4.471 4.513 4.555 4.595 4.634 4.672 4.708 4.743 4.776 4.808 4.839 4.867 4.894 4.921 4.947 4.972 4.997 5.021 5.044 5.066 5.088 5.110 5.131 5.152 5.173 5.193 5.213 5.232 5.252 5.271 5.290 5.309 5.327 5.346 5.363 5.380 5.397 5.415 5.432 5.449 5.466 5.482 5.499 5.515 5.531 5.547 5.562 5.577 5.593 5.607 5.622 5.636 5.650 5.664 5.678 5.691 5.705 5.717 5.729 5.741 5.753 5.766 5.779 5.791 5.804 5.817 5.830 5.844 5.857 5.871 5.885 5.899 5.913 5.927 5.942 5.957
4.439 4.482 4.524 4.565 4.605 4.644 4.682 4.719 4.754 4.788 4.820 4.851 4.880 4.908 4.935 4.961 4.987 5.011 5.035 5.058 5.081 5.103 5.124 5.145 5.166 5.186 5.206 5.226 5.246 5.265 5.284 5.303 5.322 5.340 5.358 5.375 5.392 5.409 5.427 5.444 5.461 5.478 5.494 5.511 5.527 5.543 5.559 5.574 5.590 5.605 5.620 5.634 5.649 5.663 5.677 5.690 5.704 5.717 5.729 5.741 5.753 5.765 5.777 5.790 5.802 5.814 5.827 5.840 5.852 5.865 5.878 5.892 5.905 5.919 5.933 5.947 5.961
4.450 4.492 4.533 4.574 4.614 4.654 4.692 4.729 4.765 4.799 4.832 4.863 4.892 4.920 4.948 4.975 5.000 5.025 5.049 5.072 5.094 5.116 5.138 5.159 5.180 5.200 5.220 5.239 5.259 5.278 5.297 5.316 5.334 5.352 5.370 5.387 5.404 5.421 5.438 5.455 5.472 5.489 5.506 5.522 5.538 5.555 5.570 5.586 5.601 5.617 5.632 5.646 5.661 5.675 5.689 5.703 5.716 5.730 5.742 5.753 5.765 5.777 5.789 5.801 5.813 5.825 5.837 5.849 5.862 5.874 5.887 5.899 5.912 5.925 5.939 5.952 5.966
4.461 4.502 4.542 4.583 4.623 4.662 4.701 4.738 4.774 4.809 4.843 4.874 4.903 4.933 4.961 4.987 5.013 5.038 5.062 5.086 5.108 5.130 5.152 5.173 5.193 5.213 5.233 5.253 5.272 5.291 5.310 5.328 5.347 5.365 5.383 5.399 5.416 5.433 5.450 5.467 5.484 5.500 5.517 5.533 5.550 5.566 5.581 5.597 5.613 5.628 5.643 5.658 5.672 5.687 5.701 5.715 5.728 5.742 5.754 5.765 5.777 5.789 5.801 5.813 5.825 5.837 5.848 5.860 5.872 5.884 5.896 5.908 5.921 5.933 5.946 5.959 5.972
4.471 4.511 4.552 4.592 4.631 4.670 4.709 4.747 4.783 4.819 4.853 4.884 4.914 4.944 4.972 5.000 5.026 5.051 5.075 5.099 5.122 5.144 5.165 5.186 5.207 5.227 5.247 5.266 5.285 5.304 5.322 5.341 5.359 5.377 5.395 5.411 5.427 5.444 5.461 5.478 5.495 5.511 5.528 5.544 5.560 5.576 5.592 5.608 5.623 5.639 5.654 5.669 5.684 5.698 5.712 5.726 5.740 5.753 5.766 5.777 5.789 5.801 5.813 5.825 5.837 5.848 5.860 5.871 5.883 5.894 5.906 5.918 5.929 5.942 5.954 5.966 5.979
4.482 4.521 4.560 4.600 4.639 4.678 4.716 4.754 4.791 4.827 4.861 4.894 4.924 4.954 4.983 5.011 5.038 5.064 5.088 5.112 5.135 5.157 5.179 5.200 5.220 5.240 5.260 5.279 5.298 5.317 5.335 5.354 5.372 5.390 5.407 5.422 5.439 5.456 5.473 5.489 5.506 5.522 5.539 5.555 5.571 5.587 5.603 5.618 5.634 5.649 5.664 5.679 5.694 5.709 5.723 5.737 5.751 5.765 5.777 5.789 5.801 5.813 5.825 5.837 5.848 5.860 5.871 5.883 5.894 5.905 5.916 5.928 5.939 5.951 5.963 5.975 5.987
4.493 4.531 4.569 4.608 4.646 4.685 4.723 4.761 4.798 4.834 4.869 4.902 4.933 4.964 4.994 5.022 5.049 5.075 5.100 5.124 5.148 5.170 5.192 5.213 5.233 5.253 5.273 5.292 5.311 5.330 5.348 5.366 5.384 5.402 5.418 5.434 5.451 5.467 5.484 5.500 5.517 5.533 5.549 5.565 5.581 5.597 5.613 5.628 5.644 5.659 5.674 5.689 5.704 5.719 5.733 5.748 5.762 5.776 5.788 5.800 5.812 5.824 5.836 5.848 5.860 5.872 5.883 5.894 5.905 5.916 5.927 5.938 5.949 5.961 5.972 5.983 5.995
4.504 4.541 4.578 4.616 4.654 4.692 4.729 4.767 4.804 4.840 4.876 4.909 4.941 4.973 5.003 5.032 5.060 5.086 5.112 5.136 5.160 5.183 5.205 5.226 5.246 5.267 5.286 5.305 5.324 5.343 5.361 5.379 5.397 5.414 5.431 5.446 5.463 5.479 5.495 5.512 5.528 5.544 5.560 5.576 5.592 5.607 5.623 5.638 5.654 5.669 5.684 5.699 5.714 5.729 5.743 5.758 5.772 5.786 5.798 5.810 5.823 5.835 5.847 5.860 5.871 5.883 5.894 5.906 5.917 5.928 5.938 5.949 5.960 5.971 5.982 5.993 6.004
4.515 4.551 4.587 4.624 4.661 4.698 4.735 4.772 4.809 4.846 4.882 4.915 4.948 4.980 5.011 5.041 5.069 5.097 5.123 5.148 5.172 5.195 5.217 5.238 5.259 5.279 5.299 5.318 5.337 5.356 5.374 5.392 5.409 5.427 5.443 5.458 5.474 5.491 5.507 5.523 5.539 5.555 5.571 5.586 5.602 5.617 5.633 5.648 5.663 5.679 5.694 5.709 5.723 5.738 5.753 5.768 5.782 5.795 5.808 5.820 5.833 5.845 5.858 5.870 5.882 5.894 5.905 5.917 5.928 5.939 5.949 5.960 5.971 5.981 5.992 6.003 6.014
4.527 4.562 4.597 4.632 4.668 4.705 4.741 4.778 4.814 4.851 4.887 4.921 4.954 4.986 5.018 5.049 5.078 5.106 5.133 5.158 5.183 5.206 5.229 5.251 5.272 5.292 5.312 5.331 5.350 5.368 5.387 5.404 5.422 5.439 5.455 5.471 5.487 5.503 5.519 5.534 5.550 5.566 5.581 5.597 5.612 5.628 5.643 5.658 5.673 5.688 5.703 5.718 5.733 5.748 5.762 5.777 5.791 5.804 5.817 5.830 5.842 5.855 5.868 5.880 5.893 5.904 5.916 5.928 5.939 5.950 5.960 5.971 5.982 5.992 6.003 6.013 6.024
4.539 4.573 4.607 4.641 4.676 4.711 4.747 4.783 4.819 4.855 4.891 4.925 4.958 4.992 5.024 5.055 5.085 5.114 5.141 5.168 5.193 5.217 5.240 5.262 5.284 5.304 5.324 5.344 5.363 5.381 5.399 5.417 5.435 5.452 5.468 5.483 5.499 5.515 5.530 5.546 5.562 5.577 5.592 5.608 5.623 5.638 5.653 5.668 5.683 5.698 5.713 5.727 5.742 5.757 5.771 5.786 5.800 5.813 5.826 5.839 5.852 5.865 5.877 5.890 5.902 5.914 5.926 5.938 5.949 5.960 5.971 5.982 5.992 6.003 6.013 6.024 6.034
4.552 4.584 4.617 4.650 4.684 4.718 4.753 4.788 4.823 4.859 4.894 4.929 4.962 4.996 5.029 5.061 5.091 5.121 5.149 5.176 5.202 5.227 5.250 5.273 5.295 5.316 5.336 5.356 5.375 5.394 5.412 5.430 5.447 5.464 5.480 5.496 5.511 5.527 5.543 5.558 5.573 5.589 5.604 5.619 5.634 5.649 5.663 5.678 5.693 5.707 5.722 5.737 5.751 5.766 5.780 5.794 5.809 5.822 5.835 5.847 5.861 5.874 5.886 5.899 5.912 5.924 5.936 5.948 5.959 5.971 5.982 5.992 6.003 6.013 6.024 6.034 6.044
4.565 4.596 4.628 4.660 4.692 4.725 4.759 4.793 4.828 4.862 4.897 4.931 4.965 4.999 5.032 5.065 5.096 5.127 5.156 5.183 5.210 5.236 5.260 5.283 5.306 5.327 5.348 5.368 5.387 5.406 5.424 5.442 5.460 5.477 5.493 5.508 5.524 5.539 5.555 5.570 5.585 5.600 5.615 5.630 5.645 5.659 5.674 5.688 5.703 5.717 5.732 5.746 5.760 5.775 5.789 5.803 5.817 5.831 5.843 5.856 5.869 5.882 5.895 5.908 5.921 5.933 5.945 5.957 5.969 5.980 5.991 6.002 6.013 6.024 6.034 6.045 6.055
4.578 4.609 4.639 4.670 4.702 4.733 4.766 4.799 4.832 4.866 4.900 4.934 4.967 5.001 5.035 5.068 5.100 5.131 5.161 5.189 5.217 5.243 5.268 5.292 5.315 5.337 5.359 5.379 5.399 5.418 5.436 5.454 5.472 5.489 5.505 5.521 5.536 5.552 5.567 5.582 5.598 5.612 5.627 5.642 5.656 5.671 5.685 5.699 5.713 5.728 5.742 5.756 5.770 5.784 5.798 5.812 5.826 5.839 5.852 5.864 5.878 5.891 5.904 5.916 5.929 5.942 5.954 5.966 5.978 5.990 6.001 6.012 6.023 6.034 6.044 6.055 6.065
4.592 4.622 4.651 4.681 4.712 4.742 4.773 4.805 4.837 4.870 4.903 4.936 4.969 5.003 5.036 5.069 5.102 5.134 5.164 5.194 5.222 5.249 5.275 5.300 5.324 5.347 5.368 5.389 5.410 5.429 5.448 5.466 5.484 5.502 5.518 5.533 5.549 5.564 5.580 5.595 5.610 5.625 5.639 5.654 5.668 5.682 5.696 5.710 5.724 5.738 5.752 5.766 5.780 5.793 5.807 5.821 5.835 5.848 5.860 5.873 5.886 5.899 5.912 5.925 5.938 5.950 5.963 5.975 5.987 5.999 6.010 6.021 6.032 6.043 6.054 6.064 6.075
4.607 4.636 4.664 4.693 4.722 4.752 4.782 4.812 4.843 4.875 4.907 4.939 4.971 5.004 5.037 5.070 5.103 5.135 5.167 5.197 5.226 5.254 5.281 5.307 5.332 5.355 5.377 5.399 5.420 5.440 5.459 5.478 5.496 5.513 5.530 5.545 5.561 5.577 5.592 5.607 5.622 5.637 5.651 5.666 5.680 5.694 5.708 5.722 5.735 5.749 5.763 5.776 5.790 5.803 5.817 5.830 5.844 5.857 5.869 5.882 5.894 5.907 5.920 5.933 5.946 5.958 5.971 5.983 5.995 6.007 6.019 6.030 6.041 6.052 6.063 6.074 6.084
4.622 4.650 4.678 4.706 4.734 4.762 4.791 4.820 4.850 4.880 4.911 4.942 4.973 5.005 5.038 5.071 5.104 5.136 5.168 5.199 5.229 5.258 5.286 5.312 5.338 5.362 5.385 5.408 5.429 5.449 5.469 5.488 5.507 5.525 5.541 5.557 5.573 5.589 5.604 5.620 5.635 5.649 5.664 5.678 5.692 5.706 5.720 5.733 5.747 5.760 5.774 5.787 5.800 5.814 5.827 5.840 5.854 5.866 5.878 5.890 5.903 5.916 5.929 5.941 5.954 5.967 5.979 5.991 6.003 6.015 6.027 6.039 6.050 6.061 6.072 6.083 6.093
4.638 4.665 4.692 4.719 4.746 4.773 4.801 4.829 4.857 4.886 4.916 4.946 4.976 5.007 5.039 5.071 5.103 5.136 5.168 5.199 5.230 5.260 5.288 5.316 5.342 5.368 5.392 5.415 5.437 5.458 5.479 5.498 5.517 5.535 5.552 5.568 5.585 5.601 5.616 5.632 5.647 5.662 5.676 5.690 5.704 5.718 5.732 5.745 5.759 5.772 5.785 5.798 5.811 5.824 5.837 5.850 5.863 5.876 5.887 5.899 5.912 5.924 5.937 5.950 5.962 5.975 5.987 5.999 6.012 6.024 6.035 6.047 6.058 6.070 6.081 6.092 6.102
4.654 4.681 4.707 4.733 4.759 4.785 4.812 4.839 4.866 4.894 4.922 4.950 4.979 5.009 5.040 5.071 5.103 5.135 5.167 5.199 5.230 5.260 5.290 5.318 5.346 5.372 5.397 5.421 5.444 5.466 5.487 5.507 5.527 5.545 5.563 5.579 5.596 5.612 5.628 5.643 5.659 5.674 5.688 5.702 5.717 5.730 5.744 5.757 5.771 5.784 5.797 5.810 5.822 5.835 5.848 5.861 5.874 5.886 5.897 5.909 5.921 5.933 5.946 5.958 5.971 5.983 5.995 6.008 6.020 6.032 6.043 6.055 6.067 6.078 6.089 6.100 6.111
4.671 4.697 4.722 4.748 4.773 4.798 4.824 4.850 4.876 4.903 4.930 4.956 4.984 5.012 5.042 5.072 5.103 5.134 5.166 5.197 5.229 5.259 5.290 5.319 5.347 5.374 5.401 5.426 5.449 5.472 5.494 5.515 5.535 5.555 5.572 5.589 5.606 5.623 5.639 5.655 5.670 5.685 5.700 5.714 5.729 5.743 5.756 5.770 5.783 5.796 5.809 5.821 5.834 5.847 5.859 5.872 5.884 5.896 5.907 5.919 5.931 5.943 5.955 5.967 5.979 5.992 6.004 6.016 6.028 6.040 6.051 6.063 6.075 6.086 6.097 6.108 6.119
4.688 4.713 4.738 4.763 4.788 4.812 4.837 4.862 4.887 4.913 4.938 4.963 4.989 5.017 5.045 5.074 5.104 5.134 5.165 5.196 5.227 5.258 5.288 5.318 5.347 5.375 5.402 5.428 5.453 5.477 5.500 5.522 5.543 5.563 5.581 5.598 5.616 5.633 5.649 5.665 5.681 5.697 5.712 5.726 5.740 5.754 5.768 5.782 5.795 5.808 5.821 5.833 5.846 5.859 5.871 5.883 5.895 5.907 5.918 5.929 5.941 5.953 5.964 5.976 5.988 6.000 6.012 6.024 6.036 6.048 6.060 6.071 6.083 6.094 6.105 6.116 6.127
4.705 4.730 4.755 4.779 4.803 4.827 4.851 4.875 4.899 4.924 4.947 4.971 4.997 5.023 5.050 5.077 5.106 5.135 5.164 5.194 5.225 5.255 5.286 5.316 5.346 5.375 5.403 5.430 5.456 5.480 5.504 5.527 5.549 5.570 5.588 5.606 5.624 5.642 5.659 5.675 5.692 5.707 5.722 5.737 5.752 5.766 5.780 5.794 5.807 5.820 5.833 5.846 5.858 5.870 5.883 5.895 5.907 5.918 5.929 5.940 5.951 5.963 5.974 5.986 5.998 6.010 6.021 6.033 6.045 6.056 6.068 6.079 6.091 6.102 6.113 6.125 6.136
4.723 4.747 4.771 4.795 4.819 4.842 4.866 4.889 4.912 4.936 4.959 4.981 5.005 5.030 5.056 5.082 5.109 5.136 5.165 5.194 5.223 5.253 5.283 5.313 5.343 5.373 5.401 5.429 5.456 5.482 5.507 5.531 5.554 5.575 5.594 5.613 5.632 5.650 5.668 5.685 5.701 5.717 5.733 5.748 5.763 5.777 5.791 5.805 5.819 5.832 5.845 5.858 5.870 5.882 5.895 5.907 5.919 5.930 5.940 5.951 5.962 5.973 5.985 5.996 6.008 6.019 6.031 6.042 6.053 6.065 6.076 6.088 6.099 6.110 6.122 6.133 6.144
4.740 4.765 4.789 4.812 4.835 4.858 4.881 4.903 4.926 4.949 4.971 4.993 5.015 5.039 5.063 5.088 5.113 5.139 5.166 5.194 5.222 5.251 5.281 5.310 5.340 5.370 5.399 5.427 5.455 5.482 5.508 5.533 5.557 5.579 5.599 5.619 5.638 5.657 5.675 5.693 5.710 5.726 5.742 5.758 5.773 5.788 5.802 5.816 5.830 5.843 5.856 5.869 5.882 5.894 5.907 5.919 5.931 5.941 5.952 5.962 5.973 5.984 5.996 6.007 6.018 6.029 6.040 6.051 6.063 6.074 6.085 6.096 6.108 6.119 6.130 6.141 6.152
