TsunamiDB/out54139.asc
ncols          264
nrows          230
xllcorner      497853.4375
yllcorner      4229146.0000
cellsize         5.
NODATA_value   -99
[rows 136 to 169 of 230, columns 77 to 153 of 264]
6.664 6.675 6.685 6.696 6.706 6.717 6.728 6.739 6.750 6.761 6.772 6.783 6.794 6.805 6.816 6.827 6.837 6.848 6.858 6.868 6.878 6.887 6.897 6.907 6.915 6.923 6.931 6.938 6.945 6.951 6.958 6.964 6.969 6.975 6.980 6.985 6.990 6.995 7.000 7.004 7.008 7.012 7.016 7.020 7.024 7.028 7.032 7.036 7.039 7.041 7.044 7.046 7.049 7.051 7.053 7.055 7.057 7.060 7.062 7.064 7.067 7.070 7.072 7.076 7.079 7.082 7.086 7.089 7.093 7.098 7.102 7.105 7.109 7.113 7.116 7.120 7.123
6.670 6.680 6.691 6.701 6.712 6.722 6.733 6.744 6.755 6.766 6.777 6.788 6.799 6.810 6.821 6.832 6.843 6.853 6.864 6.874 6.884 6.894 6.904 6.913 6.922 6.931 6.938 6.946 6.953 6.960 6.966 6.972 6.978 6.984 6.989 6.995 7.000 7.005 7.009 7.014 7.018 7.022 7.026 7.030 7.034 7.038 7.043 7.046 7.049 7.052 7.054 7.057 7.059 7.061 7.064 7.066 7.068 7.070 7.072 7.074 7.077 7.079 7.082 7.085 7.088 7.091 7.095 7.098 7.103 7.107 7.111 7.114 7.118 7.121 7.125 7.128 7.132
6.676 6.686 6.696 6.707 6.717 6.728 6.738 6.749 6.760 6.771 6.782 6.793 6.804 6.815 6.826 6.837 6.848 6.859 6.869 6.880 6.890 6.900 6.910 6.920 6.929 6.938 6.946 6.953 6.961 6.968 6.974 6.981 6.987 6.993 6.998 7.004 7.009 7.014 7.019 7.024 7.028 7.032 7.036 7.041 7.045 7.049 7.053 7.057 7.059 7.062 7.065 7.067 7.070 7.072 7.074 7.076 7.078 7.080 7.082 7.085 7.087 7.089 7.092 7.095 7.098 7.101 7.104 7.108 7.112 7.116 7.119 7.123 7.127 7.130 7.134 7.137 7.141
6.683 6.693 6.703 6.713 6.723 6.733 6.744 6.755 6.765 6.776 6.787 6.798 6.809 6.820 6.831 6.842 6.853 6.864 6.875 6.885 6.896 6.906 6.917 6.927 6.936 6.945 6.953 6.961 6.969 6.976 6.983 6.989 6.996 7.002 7.008 7.013 7.019 7.024 7.029 7.033 7.038 7.042 7.047 7.051 7.055 7.059 7.064 7.067 7.070 7.073 7.075 7.078 7.080 7.083 7.085 7.087 7.089 7.091 7.093 7.095 7.097 7.099 7.102 7.105 7.107 7.110 7.114 7.117 7.121 7.125 7.129 7.132 7.136 7.139 7.142 7.146 7.149
6.690 6.699 6.709 6.719 6.729 6.739 6.750 6.760 6.771 6.782 6.793 6.803 6.815 6.826 6.837 6.848 6.859 6.870 6.880 6.891 6.902 6.913 6.923 6.934 6.943 6.952 6.960 6.969 6.976 6.984 6.991 6.998 7.004 7.011 7.017 7.022 7.028 7.033 7.038 7.043 7.048 7.052 7.057 7.061 7.065 7.070 7.074 7.077 7.081 7.083 7.086 7.089 7.091 7.093 7.095 7.097 7.099 7.101 7.103 7.105 7.107 7.110 7.112 7.115 7.117 7.120 7.123 7.127 7.131 7.134 7.138 7.141 7.145 7.148 7.151 7.155 7.158
6.697 6.706 6.716 6.726 6.736 6.746 6.756 6.766 6.777 6.787 6.798 6.809 6.820 6.831 6.842 6.853 6.864 6.875 6.886 6.897 6.908 6.918 6.929 6.940 6.949 6.959 6.967 6.976 6.984 6.992 6.999 7.006 7.013 7.019 7.026 7.032 7.037 7.043 7.048 7.053 7.058 7.063 7.067 7.071 7.076 7.080 7.084 7.088 7.091 7.094 7.097 7.099 7.102 7.104 7.106 7.108 7.110 7.112 7.114 7.116 7.118 7.120 7.122 7.125 7.127 7.130 7.133 7.136 7.140 7.144 7.147 7.150 7.154 7.157 7.160 7.164 7.167
6.704 6.714 6.723 6.732 6.742 6.752 6.762 6.772 6.782 6.793 6.804 6.814 6.825 6.836 6.847 6.858 6.869 6.880 6.891 6.902 6.913 6.924 6.935 6.946 6.956 6.965 6.974 6.983 6.991 6.999 7.007 7.014 7.021 7.028 7.034 7.041 7.046 7.052 7.058 7.063 7.068 7.072 7.077 7.082 7.086 7.091 7.095 7.098 7.102 7.105 7.107 7.110 7.112 7.115 7.117 7.119 7.121 7.123 7.124 7.126 7.128 7.130 7.132 7.135 7.137 7.140 7.143 7.146 7.150 7.153 7.156 7.160 7.163 7.166 7.169 7.173 7.176
6.712 6.721 6.730 6.739 6.749 6.758 6.768 6.778 6.788 6.799 6.809 6.820 6.830 6.841 6.852 6.863 6.874 6.885 6.896 6.907 6.918 6.929 6.941 6.951 6.961 6.971 6.980 6.989 6.998 7.006 7.014 7.022 7.029 7.036 7.043 7.049 7.055 7.061 7.067 7.072 7.077 7.082 7.087 7.092 7.096 7.101 7.105 7.109 7.112 7.115 7.118 7.121 7.123 7.125 7.127 7.129 7.131 7.133 7.135 7.137 7.139 7.141 7.143 7.145 7.147 7.150 7.153 7.156 7.159 7.163 7.166 7.169 7.172 7.175 7.179 7.182 7.185
6.719 6.728 6.737 6.746 6.755 6.765 6.774 6.784 6.794 6.804 6.815 6.825 6.836 6.846 6.857 6.868 6.879 6.890 6.901 6.912 6.923 6.934 6.946 6.957 6.967 6.977 6.986 6.995 7.004 7.013 7.021 7.029 7.037 7.044 7.051 7.057 7.064 7.070 7.076 7.081 7.087 7.092 7.097 7.101 7.106 7.111 7.115 7.119 7.122 7.125 7.128 7.131 7.133 7.136 7.138 7.140 7.142 7.144 7.145 7.147 7.149 7.151 7.153 7.155 7.157 7.160 7.162 7.165 7.169 7.172 7.175 7.178 7.181 7.184 7.188 7.191 7.194
6.727 6.736 6.744 6.753 6.762 6.771 6.781 6.790 6.800 6.810 6.820 6.830 6.841 6.851 6.862 6.873 6.884 6.895 6.906 6.917 6.928 6.939 6.950 6.961 6.972 6.982 6.991 7.001 7.010 7.019 7.027 7.036 7.043 7.051 7.058 7.065 7.072 7.078 7.084 7.090 7.096 7.101 7.106 7.111 7.116 7.120 7.125 7.129 7.132 7.135 7.138 7.141 7.143 7.146 7.148 7.150 7.152 7.154 7.155 7.157 7.159 7.161 7.163 7.165 7.167 7.169 7.172 7.175 7.178 7.181 7.184 7.187 7.190 7.193 7.196 7.200 7.203
6.735 6.743 6.751 6.760 6.769 6.778 6.787 6.796 6.806 6.815 6.825 6.836 6.846 6.856 6.867 6.877 6.888 6.899 6.910 6.921 6.932 6.943 6.955 6.966 6.976 6.986 6.996 7.006 7.015 7.024 7.033 7.042 7.050 7.058 7.065 7.072 7.079 7.086 7.092 7.098 7.104 7.109 7.115 7.120 7.125 7.130 7.134 7.138 7.141 7.145 7.148 7.151 7.153 7.155 7.158 7.160 7.162 7.163 7.165 7.167 7.169 7.171 7.173 7.175 7.177 7.179 7.181 7.184 7.187 7.190 7.193 7.196 7.199 7.202 7.205 7.208 7.211
6.742 6.750 6.758 6.767 6.775 6.784 6.793 6.802 6.811 6.821 6.831 6.841 6.851 6.861 6.871 6.882 6.892 6.903 6.914 6.925 6.936 6.947 6.959 6.970 6.980 6.990 7.000 7.010 7.020 7.029 7.038 7.047 7.055 7.063 7.071 7.079 7.086 7.093 7.099 7.106 7.112 7.117 7.123 7.128 7.133 7.138 7.143 7.147 7.150 7.154 7.157 7.160 7.162 7.165 7.167 7.169 7.171 7.173 7.175 7.176 7.178 7.180 7.182 7.184 7.186 7.188 7.190 7.193 7.196 7.199 7.202 7.205 7.208 7.211 7.214 7.217 7.219
6.750 6.758 6.765 6.773 6.782 6.790 6.799 6.808 6.817 6.826 6.836 6.845 6.855 6.865 6.876 6.886 6.896 6.907 6.918 6.928 6.939 6.951 6.962 6.973 6.983 6.994 7.004 7.014 7.024 7.033 7.042 7.051 7.060 7.069 7.077 7.085 7.092 7.099 7.106 7.113 7.119 7.125 7.130 7.136 7.141 7.146 7.151 7.155 7.159 7.162 7.165 7.168 7.171 7.174 7.176 7.178 7.180 7.182 7.184 7.185 7.187 7.189 7.191 7.193 7.195 7.197 7.199 7.202 7.205 7.208 7.210 7.213 7.216 7.219 7.222 7.225 7.227
6.757 6.765 6.772 6.780 6.788 6.796 6.805 6.813 6.822 6.831 6.841 6.850 6.860 6.870 6.880 6.890 6.900 6.911 6.921 6.932 6.943 6.954 6.965 6.976 6.986 6.997 7.007 7.017 7.027 7.036 7.046 7.055 7.064 7.073 7.081 7.089 7.097 7.105 7.112 7.119 7.125 7.131 7.137 7.143 7.148 7.154 7.159 7.163 7.167 7.170 7.173 7.176 7.179 7.182 7.184 7.186 7.188 7.190 7.192 7.194 7.196 7.197 7.199 7.201 7.203 7.205 7.207 7.210 7.213 7.216 7.218 7.221 7.224 7.226 7.229 7.232 7.235
6.765 6.772 6.779 6.787 6.794 6.802 6.810 6.819 6.827 6.836 6.845 6.855 6.864 6.874 6.884 6.894 6.904 6.914 6.924 6.935 6.945 6.956 6.968 6.979 6.989 6.999 7.009 7.019 7.029 7.039 7.049 7.058 7.067 7.076 7.085 7.094 7.102 7.109 7.117 7.124 7.131 7.137 7.143 7.149 7.155 7.160 7.165 7.170 7.174 7.177 7.181 7.184 7.187 7.189 7.192 7.194 7.196 7.198 7.200 7.202 7.203 7.205 7.207 7.209 7.211 7.213 7.215 7.217 7.220 7.223 7.226 7.228 7.231 7.234 7.236 7.239 7.242
6.772 6.779 6.786 6.793 6.800 6.808 6.816 6.824 6.832 6.841 6.850 6.859 6.868 6.878 6.887 6.897 6.907 6.917 6.927 6.938 6.948 6.959 6.970 6.981 6.991 7.001 7.011 7.021 7.031 7.041 7.051 7.061 7.070 7.079 7.088 7.097 7.105 7.113 7.121 7.128 7.135 7.142 7.149 7.155 7.161 7.166 7.172 7.176 7.180 7.184 7.187 7.191 7.194 7.196 7.199 7.201 7.203 7.205 7.207 7.209 7.211 7.212 7.214 7.216 7.218 7.220 7.222 7.224 7.227 7.230 7.233 7.235 7.238 7.240 7.243 7.246 7.248
6.779 6.786 6.792 6.799 6.806 6.814 6.821 6.829 6.837 6.846 6.854 6.863 6.872 6.882 6.891 6.901 6.910 6.920 6.930 6.940 6.950 6.961 6.972 6.983 6.993 7.003 7.013 7.023 7.033 7.043 7.053 7.062 7.072 7.081 7.090 7.099 7.108 7.116 7.124 7.132 7.139 7.146 7.153 7.159 7.166 7.172 7.177 7.182 7.186 7.190 7.193 7.197 7.200 7.202 7.205 7.207 7.210 7.212 7.213 7.215 7.217 7.219 7.221 7.223 7.224 7.226 7.229 7.231 7.234 7.237 7.239 7.241 7.244 7.246 7.249 7.252 7.254
6.786 6.792 6.799 6.805 6.812 6.819 6.826 6.834 6.842 6.850 6.859 6.867 6.876 6.885 6.894 6.904 6.913 6.923 6.933 6.942 6.953 6.963 6.974 6.984 6.994 7.004 7.014 7.024 7.034 7.044 7.054 7.064 7.073 7.083 7.092 7.101 7.110 7.119 7.127 7.135 7.143 7.150 7.157 7.163 7.170 7.176 7.182 7.187 7.191 7.195 7.199 7.202 7.205 7.208 7.211 7.213 7.215 7.217 7.219 7.221 7.223 7.225 7.227 7.229 7.230 7.232 7.235 7.237 7.240 7.242 7.245 7.247 7.250 7.252 7.255 7.257 7.260
6.793 6.799 6.805 6.811 6.817 6.824 6.831 6.839 6.846 6.854 6.863 6.871 6.880 6.888 6.897 6.907 6.916 6.925 6.935 6.945 6.955 6.965 6.975 6.986 6.995 7.005 7.015 7.025 7.035 7.045 7.054 7.064 7.074 7.083 7.093 7.102 7.111 7.120 7.129 7.137 7.145 7.152 7.160 7.167 7.173 7.180 7.186 7.191 7.195 7.200 7.204 7.207 7.210 7.213 7.216 7.218 7.221 7.223 7.225 7.227 7.229 7.230 7.232 7.234 7.236 7.238 7.240 7.243 7.245 7.248 7.250 7.252 7.255 7.257 7.260 7.262 7.265
6.799 6.804 6.810 6.816 6.822 6.829 6.836 6.843 6.851 6.858 6.866 6.874 6.883 6.892 6.900 6.909 6.918 6.927 6.937 6.946 6.956 6.966 6.977 6.987 6.996 7.006 7.016 7.025 7.035 7.045 7.054 7.064 7.074 7.084 7.093 7.103 7.112 7.121 7.130 7.138 7.146 7.154 7.162 7.169 7.176 7.183 7.189 7.194 7.199 7.204 7.208 7.211 7.215 7.218 7.220 7.223 7.225 7.227 7.230 7.232 7.233 7.235 7.237 7.239 7.241 7.243 7.245 7.248 7.250 7.252 7.255 7.257 7.259 7.262 7.264 7.267 7.269
6.804 6.809 6.815 6.821 6.827 6.833 6.840 6.847 6.854 6.862 6.869 6.878 6.886 6.894 6.903 6.912 6.920 6.929 6.939 6.948 6.958 6.968 6.978 6.988 6.997 7.006 7.016 7.025 7.035 7.045 7.054 7.064 7.074 7.083 7.093 7.102 7.112 7.121 7.130 7.139 7.147 7.155 7.163 7.171 7.178 7.185 7.192 7.197 7.202 7.207 7.211 7.215 7.218 7.221 7.224 7.227 7.229 7.232 7.234 7.236 7.238 7.240 7.242 7.243 7.245 7.247 7.249 7.252 7.255 7.257 7.259 7.261 7.264 7.266 7.268 7.271 7.273
6.807 6.813 6.819 6.825 6.831 6.837 6.843 6.850 6.857 6.865 6.872 6.880 6.888 6.896 6.905 6.913 6.922 6.931 6.940 6.949 6.959 6.969 6.979 6.988 6.997 7.007 7.016 7.025 7.035 7.044 7.054 7.063 7.073 7.083 7.092 7.102 7.111 7.121 7.130 7.139 7.147 7.156 7.164 7.172 7.180 7.187 7.193 7.199 7.204 7.209 7.214 7.218 7.221 7.225 7.228 7.230 7.233 7.235 7.238 7.240 7.242 7.244 7.245 7.247 7.249 7.251 7.253 7.256 7.259 7.261 7.263 7.265 7.267 7.270 7.272 7.275 7.277
6.809 6.815 6.821 6.827 6.833 6.839 6.846 6.853 6.860 6.867 6.874 6.882 6.890 6.898 6.906 6.915 6.923 6.932 6.941 6.950 6.960 6.970 6.979 6.988 6.997 7.007 7.016 7.025 7.034 7.043 7.053 7.062 7.072 7.081 7.091 7.100 7.110 7.119 7.129 7.138 7.147 7.155 7.164 7.172 7.180 7.188 7.194 7.200 7.206 7.211 7.216 7.220 7.224 7.227 7.230 7.233 7.236 7.238 7.241 7.243 7.245 7.247 7.249 7.251 7.253 7.255 7.257 7.260 7.262 7.264 7.266 7.269 7.271 7.273 7.275 7.278 7.280
6.809 6.816 6.822 6.828 6.834 6.841 6.847 6.854 6.861 6.868 6.875 6.883 6.891 6.899 6.907 6.915 6.924 6.933 6.942 6.951 6.960 6.970 6.979 6.988 6.997 7.006 7.015 7.024 7.033 7.042 7.051 7.061 7.070 7.080 7.089 7.099 7.108 7.118 7.127 7.136 7.145 7.154 7.163 7.171 7.180 7.188 7.194 7.201 7.207 7.212 7.217 7.221 7.226 7.229 7.233 7.236 7.238 7.241 7.243 7.246 7.248 7.250 7.252 7.254 7.256 7.258 7.260 7.263 7.265 7.267 7.269 7.272 7.274 7.276 7.278 7.281 7.283
6.806 6.813 6.820 6.827 6.834 6.840 6.847 6.854 6.861 6.868 6.875 6.883 6.891 6.899 6.907 6.915 6.924 6.932 6.941 6.950 6.960 6.969 6.979 6.987 6.996 7.005 7.014 7.023 7.032 7.041 7.050 7.059 7.068 7.078 7.087 7.096 7.106 7.115 7.125 7.134 7.143 7.152 7.161 7.170 7.179 7.187 7.194 7.201 7.207 7.212 7.218 7.222 7.227 7.231 7.234 7.237 7.240 7.243 7.246 7.248 7.250 7.252 7.254 7.256 7.259 7.261 7.263 7.266 7.268 7.270 7.272 7.274 7.277 7.279 7.281 7.283 7.286
6.800 6.808 6.816 6.823 6.831 6.838 6.845 6.852 6.859 6.867 6.874 6.882 6.890 6.898 6.906 6.914 6.923 6.931 6.940 6.949 6.958 6.968 6.977 6.986 6.995 7.003 7.012 7.021 7.030 7.039 7.048 7.057 7.066 7.075 7.084 7.094 7.103 7.113 7.122 7.131 7.141 7.150 7.159 7.168 7.177 7.185 7.193 7.200 7.206 7.212 7.218 7.223 7.227 7.231 7.235 7.239 7.242 7.245 7.247 7.250 7.252 7.254 7.257 7.259 7.261 7.263 7.265 7.268 7.270 7.272 7.275 7.277 7.279 7.281 7.283 7.286 7.288
6.790 6.800 6.809 6.817 6.825 6.833 6.840 6.848 6.856 6.863 6.871 6.879 6.887 6.895 6.904 6.912 6.921 6.929 6.938 6.947 6.956 6.966 6.975 6.984 6.992 7.001 7.010 7.018 7.027 7.036 7.045 7.054 7.063 7.072 7.081 7.090 7.100 7.109 7.119 7.128 7.137 7.147 7.156 7.165 7.174 7.183 7.191 7.198 7.205 7.211 7.217 7.222 7.227 7.232 7.236 7.239 7.243 7.246 7.249 7.251 7.254 7.256 7.258 7.261 7.263 7.265 7.267 7.270 7.272 7.275 7.277 7.279 7.281 7.283 7.285 7.288 7.290
6.778 6.788 6.798 6.808 6.816 6.825 6.834 6.842 6.850 6.858 6.866 6.875 6.883 6.891 6.900 6.908 6.917 6.926 6.935 6.944 6.953 6.963 6.972 6.981 6.989 6.998 7.007 7.015 7.024 7.033 7.041 7.050 7.059 7.068 7.077 7.087 7.096 7.105 7.115 7.124 7.133 7.143 7.152 7.161 7.171 7.180 7.188 7.195 7.203 7.209 7.215 7.221 7.226 7.231 7.235 7.239 7.243 7.246 7.249 7.252 7.255 7.257 7.260 7.262 7.264 7.267 7.269 7.272 7.274 7.276 7.278 7.281 7.283 7.285 7.287 7.290 7.292
6.763 6.774 6.785 6.795 6.805 6.815 6.824 6.833 6.842 6.851 6.859 6.868 6.877 6.886 6.894 6.903 6.912 6.921 6.930 6.939 6.949 6.958 6.968 6.976 6.985 6.994 7.003 7.011 7.020 7.029 7.037 7.046 7.055 7.064 7.073 7.082 7.091 7.101 7.110 7.119 7.129 7.138 7.148 7.157 7.167 7.176 7.184 7.192 7.200 7.207 7.213 7.219 7.225 7.230 7.235 7.239 7.243 7.246 7.250 7.253 7.255 7.258 7.261 7.263 7.265 7.268 7.270 7.273 7.276 7.278 7.280 7.282 7.284 7.287 7.289 7.291 7.293
6.747 6.759 6.770 6.781 6.792 6.802 6.812 6.822 6.832 6.841 6.850 6.860 6.869 6.878 6.887 6.896 6.905 6.915 6.924 6.933 6.943 6.953 6.962 6.971 6.980 6.989 6.998 7.006 7.015 7.024 7.032 7.041 7.050 7.059 7.068 7.077 7.086 7.095 7.105 7.114 7.124 7.133 7.143 7.152 7.162 7.171 7.180 7.188 7.196 7.203 7.210 7.217 7.223 7.228 7.233 7.238 7.242 7.246 7.249 7.253 7.256 7.259 7.261 7.264 7.266 7.269 7.271 7.274 7.277 7.279 7.281 7.284 7.286 7.288 7.290 7.293 7.295
6.731 6.743 6.755 6.766 6.777 6.788 6.799 6.810 6.820 6.830 6.840 6.849 6.859 6.869 6.878 6.888 6.897 6.907 6.916 6.926 6.936 6.946 6.956 6.965 6.974 6.983 6.992 7.000 7.009 7.018 7.027 7.036 7.044 7.053 7.062 7.071 7.080 7.090 7.099 7.108 7.118 7.127 7.137 7.146 7.156 7.166 7.175 7.183 7.191 7.199 7.206 7.213 7.220 7.225 7.231 7.236 7.241 7.245 7.249 7.252 7.255 7.259 7.261 7.264 7.267 7.270 7.272 7.275 7.278 7.280 7.283 7.285 7.287 7.290 7.292 7.294 7.297
6.716 6.728 6.740 6.751 6.763 6.774 6.785 6.796 6.806 6.817 6.827 6.838 6.848 6.858 6.868 6.878 6.888 6.898 6.908 6.918 6.928 6.938 6.948 6.957 6.966 6.976 6.985 6.994 7.003 7.011 7.020 7.029 7.038 7.047 7.056 7.065 7.074 7.083 7.093 7.102 7.111 7.121 7.130 7.140 7.150 7.160 7.169 7.178 7.186 7.194 7.202 7.209 7.216 7.222 7.228 7.234 7.239 7.243 7.247 7.251 7.255 7.258 7.261 7.264 7.267 7.270 7.273 7.276 7.279 7.281 7.284 7.286 7.289 7.291 7.293 7.296 7.298
6.703 6.714 6.726 6.737 6.748 6.759 6.771 6.782 6.793 6.804 6.814 6.825 6.836 6.846 6.857 6.867 6.877 6.887 6.898 6.908 6.918 6.929 6.939 6.949 6.958 6.968 6.977 6.986 6.995 7.004 7.013 7.022 7.031 7.040 7.049 7.058 7.067 7.076 7.086 7.095 7.104 7.114 7.124 7.133 7.143 7.153 7.162 7.171 7.180 7.188 7.197 7.204 7.211 7.218 7.225 7.230 7.236 7.241 7.246 7.250 7.254 7.257 7.261 7.264 7.267 7.270 7.273 7.277 7.280 7.282 7.285 7.287 7.290 7.292 7.295 7.297 7.300
6.693 6.703 6.714 6.725 6.735 6.746 6.757 6.768 6.779 6.790 6.801 6.812 6.823 6.834 6.844 6.855 6.866 6.876 6.887 6.897 6.908 6.919 6.930 6.939 6.949 6.959 6.968 6.977 6.987 6.996 7.005 7.014 7.023 7.032 7.041 7.051 7.060 7.069 7.078 7.088 7.097 7.107 7.116 7.126 7.136 7.146 7.155 7.165 7.174 7.182 7.191 7.199 7.206 7.214 7.220 7.227 7.233 7.238 7.243 7.248 7.252 7.256 7.260 7.264 7.267 7.270 7.274 7.277 7.280 7.283 7.286 7.288 7.291 7.294 7.296 7.299 7.301
