TsunamiDB/out54056.asc
ncols          264
nrows          230
xllcorner      497853.4375
yllcorner      4229146.0000
cellsize         5.
NODATA_value   -99
[rows 0 to 32 of 230, columns 148 to 221 of 264]
4.833 4.868 4.901 4.934 4.965 4.996 5.025 5.053 5.081 5.108 5.136 5.162 5.189 5.215 5.241 5.267 5.293 5.318 5.343 5.368 5.393 5.417 5.440 5.464 5.486 5.508 5.530 5.550 5.570 5.587 5.603 5.619 5.633 5.646 5.658 5.669 5.680 5.690 5.699 5.709 5.721 5.733 5.747 5.762 5.779 5.798 5.819 5.841 5.863 5.887 5.912 5.937 5.962 5.986 6.011 6.037 6.063 6.088 6.114 6.139 6.165 6.190 6.215 6.240 6.265 6.290 6.315 6.340 6.365 6.389 6.414 6.438 6.462 6.485
4.846 4.880 4.914 4.946 4.978 5.008 5.037 5.064 5.092 5.120 5.147 5.173 5.200 5.226 5.251 5.277 5.302 5.328 5.353 5.378 5.402 5.427 5.451 5.474 5.497 5.520 5.542 5.563 5.584 5.602 5.620 5.636 5.652 5.666 5.679 5.691 5.701 5.711 5.720 5.729 5.738 5.749 5.760 5.773 5.788 5.805 5.823 5.843 5.864 5.887 5.911 5.935 5.959 5.983 6.008 6.034 6.060 6.085 6.111 6.136 6.162 6.188 6.213 6.238 6.264 6.289 6.314 6.340 6.365 6.390 6.415 6.439 6.464 6.488
4.859 4.893 4.927 4.959 4.990 5.021 5.049 5.076 5.104 5.131 5.158 5.184 5.210 5.236 5.261 5.286 5.312 5.337 5.362 5.386 5.411 5.435 5.460 5.484 5.507 5.530 5.553 5.575 5.596 5.616 5.634 5.652 5.669 5.685 5.699 5.712 5.723 5.733 5.742 5.750 5.759 5.767 5.777 5.787 5.800 5.814 5.830 5.848 5.867 5.888 5.911 5.934 5.957 5.981 6.006 6.031 6.057 6.082 6.108 6.134 6.159 6.185 6.211 6.237 6.262 6.288 6.314 6.339 6.365 6.390 6.416 6.441 6.466 6.491
4.872 4.906 4.939 4.972 5.003 5.033 5.061 5.088 5.116 5.143 5.169 5.195 5.221 5.246 5.271 5.296 5.321 5.345 5.370 5.395 5.419 5.444 5.468 5.492 5.516 5.539 5.563 5.585 5.607 5.628 5.647 5.666 5.684 5.701 5.717 5.731 5.743 5.754 5.764 5.772 5.780 5.788 5.796 5.805 5.815 5.826 5.840 5.855 5.873 5.892 5.913 5.935 5.957 5.980 6.004 6.029 6.054 6.080 6.105 6.131 6.157 6.183 6.209 6.235 6.261 6.287 6.313 6.339 6.365 6.391 6.417 6.442 6.468 6.493
4.885 4.919 4.952 4.984 5.015 5.046 5.074 5.101 5.128 5.155 5.181 5.206 5.231 5.256 5.281 5.305 5.330 5.354 5.379 5.403 5.427 5.452 5.476 5.500 5.524 5.548 5.571 5.594 5.617 5.638 5.658 5.678 5.698 5.716 5.733 5.748 5.762 5.774 5.785 5.794 5.803 5.810 5.817 5.825 5.833 5.842 5.853 5.866 5.881 5.898 5.917 5.937 5.958 5.980 6.003 6.028 6.052 6.078 6.103 6.129 6.155 6.181 6.207 6.233 6.259 6.285 6.312 6.338 6.364 6.391 6.417 6.443 6.470 6.496
4.898 4.932 4.965 4.997 5.028 5.058 5.086 5.113 5.141 5.167 5.193 5.218 5.243 5.267 5.291 5.315 5.339 5.363 5.387 5.411 5.435 5.459 5.483 5.507 5.531 5.555 5.579 5.602 5.625 5.647 5.668 5.689 5.709 5.728 5.747 5.763 5.779 5.793 5.805 5.815 5.824 5.832 5.839 5.846 5.853 5.861 5.870 5.880 5.893 5.907 5.924 5.942 5.961 5.982 6.004 6.027 6.052 6.076 6.101 6.127 6.153 6.179 6.205 6.231 6.257 6.284 6.310 6.337 6.364 6.391 6.418 6.444 6.471 6.497
4.912 4.945 4.978 5.010 5.041 5.071 5.099 5.126 5.153 5.180 5.205 5.230 5.255 5.279 5.302 5.326 5.349 5.372 5.396 5.419 5.443 5.467 5.490 5.514 5.538 5.562 5.586 5.609 5.633 5.655 5.676 5.698 5.719 5.739 5.758 5.777 5.793 5.809 5.822 5.834 5.845 5.854 5.862 5.868 5.875 5.881 5.889 5.897 5.907 5.920 5.934 5.950 5.967 5.985 6.006 6.029 6.052 6.076 6.101 6.126 6.151 6.177 6.203 6.229 6.256 6.283 6.309 6.336 6.364 6.391 6.418 6.445 6.472 6.499
4.925 4.958 4.991 5.022 5.053 5.084 5.112 5.139 5.166 5.193 5.218 5.243 5.267 5.291 5.314 5.337 5.360 5.383 5.405 5.428 5.451 5.474 5.498 5.521 5.545 5.569 5.592 5.616 5.639 5.662 5.683 5.706 5.727 5.748 5.769 5.788 5.806 5.822 5.838 5.851 5.863 5.874 5.883 5.890 5.897 5.903 5.909 5.917 5.925 5.935 5.946 5.960 5.974 5.991 6.011 6.031 6.053 6.077 6.101 6.125 6.150 6.176 6.202 6.228 6.255 6.282 6.309 6.336 6.363 6.391 6.418 6.446 6.473 6.501
4.938 4.971 5.003 5.035 5.066 5.096 5.124 5.152 5.179 5.206 5.231 5.256 5.280 5.304 5.327 5.349 5.371 5.393 5.415 5.438 5.460 5.482 5.505 5.528 5.552 5.575 5.598 5.622 5.645 5.668 5.690 5.712 5.735 5.756 5.777 5.797 5.816 5.834 5.851 5.866 5.880 5.892 5.902 5.911 5.918 5.925 5.931 5.937 5.944 5.952 5.962 5.973 5.985 6.000 6.017 6.036 6.057 6.079 6.102 6.126 6.150 6.176 6.201 6.227 6.254 6.281 6.308 6.335 6.363 6.391 6.418 6.446 6.474 6.502
4.951 4.984 5.016 5.047 5.078 5.108 5.137 5.164 5.192 5.219 5.245 5.270 5.294 5.317 5.340 5.362 5.384 5.405 5.427 5.448 5.470 5.491 5.513 5.536 5.559 5.581 5.605 5.628 5.651 5.673 5.696 5.718 5.741 5.763 5.784 5.805 5.825 5.844 5.862 5.879 5.894 5.907 5.919 5.930 5.938 5.946 5.952 5.959 5.965 5.972 5.980 5.988 5.998 6.011 6.026 6.043 6.062 6.083 6.104 6.127 6.151 6.176 6.201 6.227 6.253 6.280 6.307 6.335 6.363 6.391 6.419 6.447 6.475 6.503
4.964 4.996 5.027 5.059 5.089 5.120 5.148 5.176 5.204 5.232 5.258 5.283 5.308 5.331 5.354 5.376 5.397 5.418 5.439 5.460 5.480 5.501 5.523 5.544 5.566 5.588 5.611 5.634 5.657 5.679 5.701 5.724 5.746 5.769 5.791 5.812 5.833 5.853 5.872 5.889 5.906 5.921 5.934 5.946 5.957 5.965 5.973 5.979 5.986 5.992 5.999 6.006 6.014 6.024 6.037 6.052 6.069 6.088 6.109 6.130 6.153 6.177 6.202 6.227 6.254 6.280 6.307 6.335 6.363 6.391 6.419 6.447 6.476 6.505
4.976 5.008 5.039 5.070 5.100 5.131 5.159 5.188 5.216 5.244 5.271 5.297 5.322 5.346 5.368 5.390 5.412 5.432 5.453 5.473 5.493 5.513 5.533 5.553 5.575 5.596 5.618 5.640 5.662 5.684 5.706 5.729 5.751 5.774 5.796 5.818 5.839 5.860 5.880 5.898 5.916 5.932 5.947 5.961 5.973 5.983 5.992 5.999 6.006 6.012 6.018 6.024 6.031 6.040 6.051 6.064 6.079 6.096 6.115 6.135 6.157 6.180 6.204 6.229 6.254 6.281 6.308 6.335 6.363 6.391 6.419 6.448 6.477 6.506
4.988 5.019 5.050 5.081 5.111 5.141 5.170 5.199 5.227 5.256 5.283 5.309 5.335 5.359 5.383 5.405 5.427 5.447 5.467 5.487 5.506 5.525 5.545 5.564 5.584 5.605 5.626 5.647 5.668 5.689 5.711 5.734 5.756 5.779 5.801 5.823 5.845 5.866 5.886 5.906 5.925 5.942 5.958 5.973 5.986 5.998 6.008 6.017 6.025 6.032 6.038 6.044 6.049 6.057 6.066 6.077 6.090 6.105 6.122 6.141 6.161 6.183 6.206 6.231 6.256 6.282 6.308 6.335 6.363 6.391 6.420 6.449 6.478 6.507
4.999 5.030 5.060 5.091 5.121 5.151 5.180 5.208 5.238 5.266 5.294 5.321 5.347 5.372 5.396 5.419 5.441 5.462 5.482 5.502 5.521 5.539 5.558 5.576 5.595 5.615 5.634 5.655 5.675 5.695 5.716 5.739 5.761 5.783 5.806 5.828 5.850 5.871 5.892 5.912 5.932 5.950 5.968 5.984 5.998 6.011 6.023 6.033 6.042 6.050 6.057 6.062 6.068 6.075 6.083 6.092 6.104 6.117 6.132 6.149 6.168 6.188 6.210 6.234 6.258 6.283 6.309 6.336 6.364 6.392 6.421 6.450 6.479 6.508
5.010 5.041 5.071 5.101 5.130 5.160 5.189 5.218 5.247 5.276 5.304 5.332 5.359 5.384 5.409 5.433 5.456 5.477 5.498 5.517 5.536 5.554 5.572 5.590 5.608 5.626 5.645 5.664 5.683 5.702 5.723 5.744 5.766 5.788 5.810 5.832 5.854 5.876 5.897 5.918 5.938 5.957 5.975 5.992 6.008 6.023 6.036 6.047 6.057 6.066 6.074 6.080 6.086 6.092 6.100 6.108 6.118 6.130 6.143 6.158 6.176 6.195 6.215 6.238 6.261 6.286 6.311 6.338 6.365 6.393 6.422 6.451 6.480 6.510
5.021 5.051 5.081 5.110 5.140 5.169 5.197 5.226 5.255 5.284 5.313 5.341 5.368 5.395 5.421 5.445 5.469 5.491 5.512 5.533 5.552 5.570 5.588 5.605 5.622 5.639 5.656 5.674 5.692 5.710 5.730 5.750 5.771 5.793 5.814 5.836 5.858 5.880 5.902 5.923 5.943 5.963 5.982 6.000 6.017 6.032 6.047 6.059 6.071 6.081 6.090 6.097 6.103 6.110 6.117 6.125 6.133 6.144 6.155 6.169 6.185 6.202 6.222 6.243 6.265 6.289 6.314 6.340 6.367 6.394 6.423 6.452 6.481 6.511
5.031 5.061 5.090 5.119 5.149 5.177 5.205 5.234 5.263 5.292 5.321 5.349 5.377 5.404 5.431 5.456 5.480 5.504 5.526 5.547 5.567 5.586 5.603 5.620 5.637 5.653 5.670 5.686 5.703 5.720 5.738 5.757 5.777 5.798 5.819 5.841 5.862 5.884 5.906 5.927 5.948 5.968 5.988 6.006 6.024 6.041 6.056 6.070 6.082 6.094 6.104 6.112 6.119 6.126 6.133 6.141 6.149 6.158 6.169 6.181 6.195 6.211 6.229 6.249 6.270 6.293 6.317 6.342 6.369 6.396 6.424 6.453 6.482 6.512
5.041 5.070 5.099 5.128 5.157 5.185 5.213 5.242 5.271 5.299 5.328 5.356 5.384 5.412 5.439 5.465 5.490 5.515 5.538 5.560 5.581 5.600 5.619 5.636 5.653 5.669 5.684 5.700 5.715 5.731 5.748 5.766 5.785 5.804 5.824 5.845 5.867 5.888 5.910 5.931 5.952 5.973 5.993 6.012 6.030 6.048 6.064 6.079 6.092 6.105 6.116 6.125 6.133 6.141 6.148 6.156 6.164 6.173 6.183 6.194 6.207 6.221 6.238 6.256 6.276 6.298 6.321 6.346 6.371 6.398 6.426 6.455 6.484 6.514
5.051 5.080 5.108 5.137 5.165 5.193 5.220 5.249 5.277 5.306 5.334 5.363 5.391 5.418 5.446 5.472 5.499 5.524 5.548 5.571 5.593 5.614 5.633 5.651 5.668 5.684 5.700 5.715 5.729 5.744 5.759 5.776 5.793 5.812 5.831 5.851 5.871 5.892 5.914 5.935 5.956 5.977 5.997 6.017 6.036 6.054 6.071 6.086 6.101 6.114 6.127 6.137 6.146 6.154 6.163 6.171 6.179 6.187 6.197 6.207 6.219 6.232 6.247 6.264 6.283 6.304 6.326 6.350 6.375 6.401 6.428 6.456 6.486 6.515
5.060 5.089 5.117 5.145 5.174 5.201 5.228 5.256 5.284 5.312 5.340 5.368 5.396 5.424 5.451 5.478 5.505 5.531 5.556 5.580 5.604 5.625 5.646 5.665 5.683 5.700 5.716 5.731 5.744 5.758 5.772 5.788 5.804 5.821 5.838 5.857 5.877 5.897 5.918 5.939 5.960 5.981 6.001 6.021 6.040 6.059 6.076 6.093 6.108 6.123 6.136 6.147 6.157 6.166 6.175 6.184 6.193 6.201 6.210 6.220 6.231 6.244 6.258 6.274 6.291 6.310 6.332 6.354 6.378 6.404 6.431 6.459 6.488 6.517
5.070 5.098 5.126 5.154 5.182 5.209 5.235 5.263 5.290 5.318 5.346 5.373 5.401 5.428 5.456 5.483 5.510 5.537 5.562 5.588 5.612 5.635 5.657 5.677 5.696 5.714 5.730 5.746 5.760 5.773 5.787 5.801 5.816 5.831 5.848 5.865 5.884 5.903 5.923 5.943 5.964 5.984 6.005 6.025 6.045 6.063 6.082 6.099 6.115 6.130 6.144 6.156 6.167 6.177 6.187 6.196 6.205 6.214 6.223 6.233 6.243 6.255 6.268 6.283 6.300 6.318 6.338 6.360 6.383 6.408 6.434 6.461 6.490 6.519
5.079 5.107 5.135 5.162 5.190 5.216 5.242 5.269 5.297 5.324 5.351 5.378 5.405 5.433 5.460 5.487 5.514 5.541 5.567 5.593 5.618 5.642 5.665 5.687 5.707 5.726 5.744 5.760 5.775 5.788 5.801 5.815 5.829 5.843 5.858 5.874 5.891 5.910 5.928 5.948 5.968 5.988 6.009 6.029 6.048 6.068 6.086 6.104 6.120 6.136 6.151 6.164 6.175 6.186 6.197 6.207 6.217 6.226 6.236 6.245 6.256 6.267 6.279 6.293 6.309 6.326 6.345 6.366 6.388 6.412 6.437 6.464 6.493 6.521
5.089 5.116 5.144 5.171 5.198 5.224 5.249 5.276 5.303 5.329 5.356 5.383 5.410 5.437 5.464 5.491 5.517 5.544 5.571 5.597 5.622 5.647 5.671 5.694 5.716 5.736 5.755 5.773 5.788 5.802 5.816 5.830 5.843 5.856 5.870 5.885 5.901 5.918 5.935 5.954 5.973 5.993 6.013 6.032 6.052 6.071 6.090 6.108 6.125 6.142 6.157 6.170 6.183 6.195 6.206 6.217 6.227 6.237 6.247 6.257 6.267 6.278 6.290 6.304 6.318 6.334 6.352 6.372 6.394 6.417 6.441 6.468 6.495 6.523
5.098 5.125 5.152 5.179 5.206 5.231 5.257 5.283 5.309 5.335 5.361 5.387 5.414 5.440 5.467 5.494 5.520 5.547 5.573 5.600 5.625 5.651 5.676 5.699 5.722 5.744 5.764 5.783 5.800 5.815 5.830 5.844 5.857 5.870 5.883 5.897 5.912 5.927 5.943 5.961 5.979 5.998 6.017 6.036 6.056 6.075 6.094 6.112 6.130 6.147 6.162 6.176 6.189 6.202 6.214 6.226 6.237 6.248 6.258 6.268 6.279 6.290 6.301 6.314 6.328 6.343 6.360 6.379 6.400 6.422 6.446 6.471 6.498 6.526
5.108 5.135 5.161 5.188 5.214 5.239 5.264 5.289 5.315 5.341 5.366 5.392 5.418 5.444 5.470 5.496 5.523 5.549 5.576 5.602 5.628 5.653 5.679 5.703 5.727 5.749 5.771 5.791 5.809 5.826 5.841 5.856 5.870 5.884 5.897 5.910 5.923 5.938 5.953 5.969 5.986 6.003 6.022 6.041 6.060 6.079 6.098 6.116 6.134 6.151 6.167 6.181 6.195 6.209 6.222 6.234 6.246 6.257 6.268 6.279 6.289 6.300 6.312 6.324 6.338 6.352 6.369 6.386 6.406 6.427 6.450 6.475 6.502 6.529
5.118 5.145 5.171 5.196 5.222 5.247 5.271 5.296 5.321 5.346 5.372 5.397 5.422 5.448 5.474 5.499 5.525 5.551 5.577 5.603 5.629 5.655 5.680 5.705 5.730 5.753 5.776 5.797 5.816 5.834 5.851 5.867 5.882 5.896 5.910 5.922 5.935 5.949 5.963 5.978 5.994 6.010 6.028 6.046 6.064 6.083 6.101 6.120 6.138 6.155 6.171 6.186 6.200 6.215 6.228 6.241 6.254 6.266 6.277 6.288 6.299 6.310 6.322 6.334 6.347 6.361 6.377 6.394 6.413 6.433 6.455 6.480 6.505 6.532
5.129 5.155 5.180 5.206 5.231 5.255 5.279 5.303 5.328 5.352 5.377 5.402 5.427 5.452 5.477 5.502 5.528 5.553 5.579 5.605 5.631 5.656 5.682 5.707 5.731 5.755 5.779 5.801 5.821 5.840 5.859 5.876 5.892 5.907 5.921 5.935 5.948 5.960 5.974 5.988 6.002 6.018 6.034 6.051 6.069 6.087 6.105 6.123 6.141 6.159 6.175 6.190 6.205 6.220 6.234 6.248 6.261 6.274 6.286 6.297 6.309 6.320 6.332 6.344 6.357 6.371 6.386 6.402 6.420 6.439 6.461 6.484 6.509 6.535
5.140 5.165 5.190 5.215 5.240 5.263 5.286 5.310 5.334 5.358 5.382 5.407 5.431 5.456 5.480 5.505 5.530 5.555 5.581 5.606 5.632 5.657 5.682 5.708 5.732 5.757 5.780 5.803 5.824 5.845 5.864 5.883 5.900 5.916 5.931 5.945 5.959 5.972 5.985 5.998 6.012 6.026 6.041 6.057 6.074 6.091 6.109 6.127 6.145 6.162 6.179 6.194 6.210 6.225 6.240 6.254 6.268 6.281 6.294 6.306 6.318 6.330 6.341 6.353 6.366 6.380 6.394 6.410 6.427 6.446 6.466 6.489 6.513 6.538
5.151 5.176 5.201 5.225 5.249 5.272 5.295 5.318 5.341 5.365 5.388 5.412 5.436 5.460 5.484 5.508 5.533 5.558 5.583 5.608 5.633 5.658 5.683 5.708 5.733 5.757 5.782 5.805 5.826 5.847 5.868 5.888 5.906 5.924 5.940 5.955 5.969 5.982 5.995 6.008 6.021 6.035 6.049 6.064 6.080 6.096 6.113 6.131 6.148 6.166 6.182 6.198 6.214 6.230 6.245 6.260 6.274 6.288 6.301 6.314 6.326 6.338 6.350 6.363 6.375 6.388 6.402 6.417 6.434 6.452 6.472 6.493 6.516 6.541
5.163 5.188 5.212 5.236 5.259 5.281 5.304 5.326 5.349 5.372 5.395 5.418 5.441 5.464 5.488 5.512 5.536 5.560 5.585 5.609 5.634 5.659 5.684 5.708 5.733 5.758 5.782 5.805 5.827 5.849 5.870 5.891 5.910 5.929 5.946 5.962 5.977 5.991 6.004 6.017 6.030 6.043 6.057 6.071 6.086 6.101 6.118 6.135 6.152 6.169 6.185 6.201 6.218 6.234 6.250 6.265 6.280 6.294 6.308 6.321 6.334 6.347 6.359 6.371 6.384 6.397 6.410 6.425 6.441 6.458 6.477 6.498 6.520 6.544
5.176 5.200 5.224 5.247 5.270 5.292 5.313 5.335 5.357 5.380 5.402 5.424 5.446 5.469 5.492 5.515 5.539 5.563 5.587 5.611 5.635 5.660 5.684 5.709 5.733 5.758 5.782 5.805 5.827 5.849 5.871 5.893 5.913 5.932 5.950 5.967 5.983 5.998 6.012 6.025 6.038 6.051 6.064 6.078 6.092 6.107 6.122 6.138 6.155 6.172 6.189 6.204 6.221 6.238 6.254 6.270 6.285 6.300 6.314 6.328 6.342 6.354 6.367 6.379 6.392 6.405 6.418 6.433 6.448 6.464 6.483 6.502 6.524 6.546
5.189 5.213 5.236 5.259 5.282 5.302 5.324 5.345 5.367 5.388 5.409 5.431 5.453 5.475 5.497 5.519 5.542 5.565 5.589 5.613 5.636 5.660 5.685 5.709 5.733 5.757 5.782 5.804 5.827 5.849 5.872 5.893 5.914 5.934 5.953 5.971 5.988 6.003 6.018 6.032 6.045 6.058 6.071 6.084 6.098 6.112 6.127 6.142 6.159 6.175 6.191 6.207 6.224 6.241 6.258 6.274 6.290 6.305 6.320 6.335 6.348 6.362 6.375 6.387 6.400 6.413 6.426 6.440 6.455 6.471 6.488 6.507 6.527 6.549
5.202 5.226 5.249 5.272 5.293 5.314 5.335 5.356 5.377 5.397 5.418 5.439 5.460 5.481 5.502 5.524 5.546 5.569 5.592 5.615 5.638 5.662 5.685 5.709 5.733 5.757 5.781 5.804 5.826 5.849 5.871 5.893 5.914 5.935 5.954 5.973 5.990 6.007 6.022 6.037 6.051 6.064 6.077 6.090 6.103 6.117 6.131 6.146 6.162 6.178 6.194 6.210 6.227 6.244 6.261 6.278 6.294 6.310 6.325 6.340 6.355 6.368 6.382 6.395 6.407 6.420 6.433 6.447 6.461 6.476 6.493 6.511 6.531 6.552
