TsunamiDB/out54156.asc
ncols          264
nrows          230
xllcorner      497853.4375
yllcorner      4229146.0000
cellsize         5.
NODATA_value   -99
[rows 68 to 101 of 230, columns 77 to 153 of 264]
6.226 6.230 6.234 6.238 6.242 6.246 6.249 6.252 6.256 6.259 6.263 6.266 6.270 6.273 6.277 6.281 6.285 6.289 6.293 6.296 6.300 6.304 6.308 6.313 6.317 6.321 6.326 6.331 6.336 6.340 6.344 6.348 6.353 6.357 6.361 6.366 6.370 6.375 6.380 6.384 6.389 6.394 6.399 6.403 6.408 6.413 6.418 6.422 6.427 6.433 6.438 6.442 6.446 6.451 6.455 6.459 6.463 6.467 6.471 6.474 6.478 6.482 6.486 6.489 6.493 6.497 6.501 6.504 6.508 6.512 6.516 6.520 6.524 6.529 6.532 6.536 6.540
6.241 6.244 6.248 6.252 6.255 6.258 6.261 6.264 6.267 6.270 6.273 6.277 6.280 6.283 6.287 6.290 6.294 6.297 6.301 6.305 6.308 6.312 6.316 6.320 6.324 6.328 6.333 6.337 6.341 6.345 6.349 6.353 6.357 6.362 6.366 6.370 6.374 6.379 6.383 6.388 6.393 6.397 6.402 6.406 6.411 6.416 6.421 6.425 6.430 6.436 6.441 6.445 6.449 6.453 6.457 6.461 6.465 6.469 6.473 6.477 6.480 6.484 6.488 6.492 6.495 6.499 6.503 6.506 6.510 6.514 6.518 6.522 6.526 6.530 6.534 6.538 6.542
6.257 6.260 6.263 6.266 6.270 6.272 6.275 6.277 6.280 6.282 6.285 6.288 6.291 6.294 6.297 6.300 6.304 6.307 6.310 6.313 6.317 6.320 6.324 6.328 6.331 6.335 6.340 6.344 6.348 6.351 6.355 6.359 6.363 6.367 6.371 6.375 6.379 6.383 6.387 6.392 6.396 6.401 6.405 6.410 6.415 6.419 6.424 6.428 6.433 6.439 6.443 6.448 6.452 6.456 6.460 6.464 6.468 6.472 6.475 6.479 6.483 6.487 6.490 6.494 6.498 6.501 6.505 6.509 6.512 6.516 6.520 6.524 6.528 6.532 6.536 6.540 6.543
6.274 6.276 6.279 6.282 6.285 6.287 6.289 6.291 6.294 6.296 6.298 6.301 6.303 6.306 6.309 6.311 6.314 6.317 6.320 6.323 6.327 6.330 6.333 6.336 6.340 6.344 6.348 6.352 6.355 6.358 6.362 6.365 6.369 6.372 6.376 6.380 6.384 6.388 6.392 6.396 6.401 6.405 6.409 6.414 6.418 6.423 6.427 6.432 6.437 6.442 6.447 6.451 6.455 6.459 6.463 6.467 6.471 6.475 6.478 6.482 6.486 6.489 6.493 6.496 6.500 6.504 6.507 6.511 6.515 6.518 6.522 6.526 6.530 6.535 6.538 6.542 6.545
6.291 6.293 6.296 6.299 6.301 6.303 6.305 6.307 6.309 6.310 6.312 6.314 6.317 6.319 6.321 6.324 6.326 6.329 6.332 6.334 6.337 6.340 6.343 6.346 6.349 6.353 6.357 6.360 6.363 6.366 6.369 6.373 6.376 6.379 6.383 6.386 6.390 6.394 6.397 6.401 6.405 6.410 6.414 6.418 6.422 6.427 6.431 6.436 6.441 6.446 6.450 6.454 6.458 6.462 6.466 6.470 6.474 6.478 6.481 6.485 6.488 6.492 6.496 6.499 6.503 6.506 6.510 6.513 6.517 6.521 6.525 6.528 6.533 6.537 6.540 6.544 6.547
6.308 6.311 6.313 6.316 6.318 6.320 6.321 6.323 6.324 6.326 6.328 6.329 6.331 6.333 6.335 6.337 6.339 6.342 6.344 6.346 6.349 6.352 6.354 6.357 6.360 6.363 6.366 6.370 6.372 6.375 6.378 6.381 6.384 6.387 6.390 6.393 6.396 6.400 6.403 6.407 6.411 6.415 6.419 6.423 6.427 6.431 6.436 6.440 6.445 6.450 6.454 6.458 6.462 6.466 6.470 6.474 6.477 6.481 6.484 6.488 6.492 6.495 6.499 6.502 6.506 6.509 6.513 6.516 6.520 6.523 6.527 6.531 6.535 6.539 6.543 6.546 6.550
6.325 6.328 6.330 6.333 6.335 6.337 6.338 6.340 6.341 6.342 6.344 6.345 6.346 6.348 6.350 6.352 6.353 6.355 6.357 6.360 6.362 6.364 6.366 6.369 6.371 6.374 6.377 6.380 6.382 6.385 6.387 6.390 6.392 6.395 6.398 6.401 6.404 6.407 6.410 6.414 6.417 6.421 6.425 6.429 6.433 6.437 6.441 6.445 6.449 6.454 6.459 6.463 6.466 6.470 6.474 6.478 6.481 6.485 6.488 6.492 6.495 6.498 6.502 6.505 6.509 6.512 6.516 6.519 6.523 6.526 6.530 6.534 6.538 6.542 6.545 6.549 6.552
6.342 6.344 6.347 6.350 6.352 6.354 6.355 6.357 6.358 6.359 6.360 6.361 6.363 6.364 6.365 6.367 6.369 6.370 6.372 6.374 6.376 6.378 6.380 6.382 6.384 6.386 6.389 6.392 6.394 6.396 6.398 6.400 6.402 6.404 6.407 6.409 6.412 6.415 6.418 6.421 6.425 6.428 6.432 6.435 6.439 6.443 6.447 6.451 6.455 6.459 6.464 6.468 6.471 6.475 6.478 6.482 6.485 6.489 6.492 6.495 6.499 6.502 6.505 6.509 6.512 6.515 6.519 6.522 6.526 6.529 6.533 6.537 6.541 6.545 6.548 6.551 6.555
6.357 6.360 6.363 6.366 6.369 6.371 6.372 6.374 6.375 6.376 6.377 6.378 6.379 6.380 6.382 6.383 6.384 6.386 6.387 6.389 6.390 6.392 6.394 6.396 6.397 6.400 6.402 6.404 6.406 6.408 6.409 6.411 6.413 6.415 6.417 6.419 6.422 6.424 6.427 6.430 6.433 6.436 6.439 6.443 6.446 6.450 6.453 6.457 6.461 6.465 6.470 6.473 6.477 6.480 6.484 6.487 6.490 6.493 6.497 6.500 6.503 6.506 6.509 6.513 6.516 6.519 6.522 6.526 6.529 6.533 6.536 6.540 6.544 6.548 6.551 6.554 6.558
6.372 6.375 6.379 6.382 6.385 6.387 6.389 6.390 6.391 6.393 6.394 6.395 6.396 6.397 6.398 6.399 6.401 6.402 6.403 6.404 6.406 6.407 6.409 6.410 6.412 6.414 6.416 6.418 6.419 6.421 6.422 6.424 6.425 6.427 6.428 6.430 6.432 6.434 6.437 6.439 6.442 6.445 6.448 6.451 6.454 6.457 6.461 6.464 6.468 6.472 6.476 6.480 6.483 6.486 6.489 6.493 6.496 6.499 6.502 6.505 6.508 6.511 6.514 6.517 6.520 6.523 6.527 6.530 6.533 6.536 6.540 6.543 6.547 6.551 6.554 6.558 6.561
6.385 6.389 6.393 6.397 6.400 6.402 6.404 6.406 6.408 6.409 6.410 6.411 6.413 6.414 6.415 6.416 6.417 6.418 6.419 6.421 6.422 6.423 6.424 6.426 6.427 6.429 6.431 6.432 6.434 6.435 6.436 6.437 6.438 6.439 6.441 6.442 6.444 6.446 6.448 6.450 6.452 6.455 6.457 6.460 6.463 6.466 6.469 6.473 6.476 6.480 6.484 6.487 6.490 6.493 6.496 6.499 6.502 6.505 6.508 6.511 6.513 6.516 6.519 6.522 6.525 6.528 6.531 6.534 6.537 6.541 6.544 6.547 6.551 6.555 6.558 6.561 6.564
6.398 6.402 6.406 6.410 6.414 6.416 6.419 6.421 6.423 6.424 6.426 6.427 6.429 6.430 6.431 6.432 6.433 6.435 6.436 6.437 6.438 6.439 6.440 6.442 6.443 6.444 6.446 6.448 6.448 6.449 6.450 6.451 6.452 6.453 6.454 6.455 6.457 6.458 6.460 6.462 6.464 6.466 6.468 6.471 6.473 6.476 6.479 6.482 6.485 6.489 6.492 6.495 6.498 6.501 6.504 6.506 6.509 6.512 6.514 6.517 6.520 6.522 6.525 6.528 6.531 6.533 6.536 6.539 6.542 6.545 6.548 6.552 6.556 6.559 6.562 6.565 6.568
6.409 6.413 6.418 6.422 6.426 6.429 6.432 6.435 6.437 6.439 6.441 6.442 6.444 6.446 6.447 6.448 6.449 6.451 6.452 6.453 6.454 6.455 6.456 6.458 6.459 6.460 6.462 6.463 6.464 6.465 6.465 6.466 6.467 6.467 6.468 6.469 6.470 6.472 6.473 6.474 6.476 6.478 6.480 6.482 6.485 6.487 6.490 6.492 6.495 6.499 6.502 6.504 6.507 6.510 6.512 6.515 6.517 6.519 6.522 6.524 6.527 6.529 6.532 6.534 6.537 6.539 6.542 6.545 6.548 6.551 6.554 6.557 6.560 6.564 6.567 6.570 6.573
6.418 6.423 6.428 6.433 6.438 6.441 6.444 6.447 6.450 6.452 6.454 6.457 6.458 6.460 6.462 6.463 6.465 6.466 6.467 6.469 6.470 6.471 6.472 6.473 6.475 6.476 6.478 6.479 6.480 6.480 6.481 6.481 6.482 6.482 6.483 6.484 6.485 6.486 6.487 6.488 6.490 6.491 6.493 6.495 6.497 6.499 6.501 6.504 6.506 6.510 6.512 6.515 6.517 6.519 6.522 6.524 6.526 6.528 6.530 6.533 6.535 6.537 6.539 6.542 6.544 6.546 6.549 6.551 6.554 6.557 6.560 6.563 6.566 6.569 6.572 6.575 6.577
6.427 6.433 6.438 6.443 6.448 6.452 6.455 6.459 6.462 6.464 6.467 6.469 6.472 6.474 6.476 6.477 6.479 6.481 6.482 6.484 6.485 6.486 6.488 6.489 6.490 6.492 6.493 6.495 6.495 6.496 6.496 6.497 6.497 6.498 6.498 6.499 6.499 6.500 6.501 6.502 6.504 6.505 6.506 6.508 6.510 6.512 6.514 6.516 6.519 6.522 6.524 6.526 6.528 6.530 6.532 6.534 6.536 6.538 6.540 6.542 6.544 6.546 6.548 6.550 6.552 6.554 6.556 6.559 6.561 6.564 6.566 6.569 6.572 6.575 6.578 6.580 6.583
6.435 6.441 6.446 6.452 6.457 6.461 6.465 6.469 6.472 6.475 6.478 6.481 6.484 6.486 6.488 6.491 6.493 6.494 6.496 6.498 6.499 6.501 6.502 6.504 6.505 6.507 6.509 6.510 6.511 6.511 6.512 6.512 6.513 6.513 6.513 6.514 6.515 6.515 6.516 6.517 6.518 6.519 6.521 6.522 6.524 6.525 6.527 6.529 6.532 6.534 6.537 6.539 6.540 6.542 6.544 6.546 6.548 6.549 6.551 6.553 6.554 6.556 6.558 6.559 6.561 6.563 6.565 6.567 6.569 6.571 6.574 6.577 6.580 6.582 6.585 6.587 6.589
6.443 6.448 6.454 6.460 6.465 6.470 6.474 6.478 6.482 6.485 6.488 6.492 6.495 6.497 6.500 6.502 6.505 6.507 6.509 6.511 6.513 6.515 6.516 6.518 6.519 6.521 6.523 6.525 6.525 6.526 6.527 6.527 6.528 6.528 6.529 6.529 6.530 6.530 6.531 6.532 6.533 6.534 6.535 6.536 6.538 6.540 6.541 6.543 6.545 6.548 6.550 6.552 6.554 6.555 6.557 6.558 6.560 6.561 6.563 6.564 6.566 6.567 6.568 6.570 6.572 6.573 6.575 6.577 6.578 6.580 6.583 6.585 6.588 6.590 6.592 6.595 6.597
6.449 6.455 6.461 6.467 6.473 6.477 6.482 6.486 6.490 6.494 6.498 6.501 6.504 6.507 6.510 6.513 6.516 6.518 6.521 6.523 6.525 6.527 6.529 6.531 6.533 6.535 6.537 6.539 6.540 6.540 6.541 6.542 6.542 6.543 6.543 6.544 6.544 6.545 6.546 6.547 6.548 6.549 6.550 6.551 6.552 6.554 6.556 6.557 6.560 6.562 6.564 6.566 6.567 6.569 6.570 6.572 6.573 6.574 6.575 6.577 6.578 6.579 6.580 6.582 6.583 6.584 6.586 6.587 6.589 6.590 6.592 6.595 6.597 6.599 6.601 6.603 6.605
6.455 6.461 6.467 6.474 6.479 6.484 6.489 6.493 6.498 6.502 6.506 6.510 6.513 6.517 6.520 6.523 6.526 6.529 6.532 6.534 6.536 6.539 6.541 6.543 6.545 6.547 6.550 6.552 6.553 6.554 6.555 6.555 6.556 6.557 6.557 6.558 6.559 6.559 6.560 6.561 6.562 6.563 6.564 6.565 6.567 6.568 6.570 6.572 6.574 6.576 6.578 6.580 6.581 6.583 6.584 6.585 6.587 6.588 6.589 6.590 6.591 6.592 6.593 6.594 6.595 6.596 6.598 6.599 6.600 6.602 6.603 6.605 6.608 6.609 6.611 6.613 6.614
6.460 6.467 6.473 6.480 6.485 6.490 6.495 6.500 6.504 6.509 6.513 6.517 6.521 6.525 6.528 6.532 6.535 6.538 6.541 6.544 6.547 6.549 6.552 6.554 6.557 6.559 6.562 6.564 6.565 6.566 6.567 6.568 6.569 6.570 6.571 6.572 6.572 6.573 6.574 6.575 6.576 6.577 6.578 6.579 6.581 6.582 6.584 6.586 6.588 6.591 6.592 6.594 6.595 6.597 6.598 6.600 6.601 6.602 6.603 6.604 6.605 6.606 6.607 6.608 6.609 6.610 6.611 6.612 6.613 6.614 6.615 6.617 6.619 6.620 6.622 6.623 6.625
6.465 6.472 6.479 6.485 6.491 6.496 6.501 6.506 6.511 6.515 6.520 6.524 6.528 6.532 6.536 6.540 6.543 6.547 6.550 6.553 6.556 6.559 6.562 6.564 6.567 6.570 6.573 6.575 6.576 6.578 6.579 6.580 6.581 6.582 6.583 6.584 6.585 6.586 6.587 6.588 6.589 6.590 6.591 6.593 6.594 6.596 6.598 6.600 6.602 6.604 6.606 6.608 6.609 6.611 6.612 6.614 6.615 6.616 6.617 6.618 6.619 6.620 6.621 6.622 6.623 6.623 6.624 6.625 6.626 6.627 6.628 6.630 6.632 6.633 6.634 6.635 6.636
6.470 6.477 6.484 6.490 6.496 6.501 6.506 6.511 6.516 6.521 6.526 6.530 6.534 6.539 6.543 6.547 6.551 6.554 6.558 6.561 6.564 6.567 6.570 6.573 6.576 6.580 6.583 6.585 6.587 6.588 6.590 6.591 6.593 6.594 6.595 6.596 6.597 6.598 6.599 6.600 6.601 6.603 6.604 6.605 6.607 6.609 6.611 6.613 6.615 6.617 6.619 6.621 6.623 6.624 6.626 6.628 6.629 6.630 6.631 6.633 6.634 6.635 6.635 6.636 6.637 6.638 6.639 6.639 6.640 6.641 6.642 6.644 6.645 6.646 6.647 6.648 6.649
6.474 6.481 6.488 6.495 6.500 6.506 6.511 6.517 6.522 6.526 6.531 6.536 6.540 6.545 6.549 6.553 6.557 6.561 6.565 6.568 6.572 6.575 6.579 6.582 6.585 6.589 6.592 6.594 6.596 6.598 6.600 6.601 6.603 6.604 6.605 6.607 6.608 6.609 6.610 6.612 6.613 6.614 6.616 6.617 6.619 6.621 6.623 6.625 6.627 6.630 6.632 6.634 6.636 6.637 6.639 6.641 6.642 6.644 6.645 6.646 6.648 6.649 6.650 6.651 6.651 6.652 6.653 6.654 6.655 6.655 6.656 6.658 6.659 6.660 6.661 6.662 6.662
6.479 6.485 6.492 6.499 6.505 6.511 6.516 6.521 6.526 6.531 6.536 6.541 6.546 6.550 6.555 6.559 6.563 6.567 6.571 6.575 6.579 6.583 6.586 6.590 6.593 6.597 6.600 6.602 6.605 6.607 6.609 6.611 6.612 6.614 6.615 6.617 6.618 6.619 6.621 6.622 6.624 6.625 6.627 6.628 6.630 6.632 6.634 6.636 6.639 6.641 6.643 6.645 6.648 6.649 6.651 6.653 6.655 6.657 6.658 6.660 6.661 6.662 6.663 6.665 6.666 6.666 6.667 6.668 6.669 6.670 6.671 6.672 6.674 6.674 6.675 6.676 6.676
6.483 6.490 6.497 6.503 6.509 6.515 6.520 6.526 6.531 6.536 6.541 6.546 6.551 6.556 6.560 6.565 6.569 6.573 6.577 6.581 6.585 6.589 6.593 6.597 6.600 6.604 6.607 6.610 6.613 6.615 6.617 6.619 6.621 6.623 6.624 6.626 6.628 6.629 6.630 6.632 6.633 6.635 6.637 6.638 6.640 6.642 6.644 6.647 6.649 6.652 6.654 6.656 6.659 6.661 6.663 6.665 6.667 6.669 6.670 6.672 6.674 6.675 6.676 6.678 6.679 6.680 6.681 6.682 6.683 6.684 6.685 6.687 6.688 6.689 6.690 6.690 6.691
6.487 6.493 6.501 6.507 6.513 6.519 6.525 6.530 6.536 6.541 6.546 6.551 6.556 6.560 6.565 6.570 6.574 6.579 6.583 6.587 6.591 6.595 6.599 6.603 6.607 6.611 6.615 6.617 6.620 6.623 6.625 6.627 6.629 6.631 6.633 6.635 6.636 6.638 6.639 6.641 6.643 6.644 6.646 6.648 6.650 6.652 6.654 6.656 6.659 6.662 6.664 6.666 6.669 6.671 6.673 6.675 6.677 6.679 6.681 6.683 6.685 6.687 6.689 6.690 6.692 6.693 6.694 6.696 6.697 6.698 6.699 6.701 6.702 6.703 6.704 6.705 6.705
6.490 6.497 6.505 6.511 6.517 6.523 6.529 6.535 6.540 6.545 6.550 6.555 6.560 6.565 6.570 6.575 6.579 6.584 6.588 6.593 6.597 6.601 6.605 6.609 6.613 6.617 6.621 6.624 6.627 6.630 6.632 6.635 6.637 6.639 6.641 6.643 6.644 6.646 6.648 6.649 6.651 6.653 6.655 6.657 6.659 6.661 6.663 6.665 6.668 6.671 6.673 6.675 6.678 6.680 6.683 6.685 6.687 6.689 6.692 6.694 6.696 6.698 6.700 6.701 6.703 6.705 6.706 6.708 6.709 6.711 6.712 6.714 6.716 6.717 6.718 6.719 6.719
6.494 6.501 6.509 6.515 6.521 6.527 6.533 6.539 6.544 6.549 6.555 6.560 6.565 6.570 6.575 6.579 6.584 6.589 6.593 6.598 6.602 6.607 6.611 6.615 6.619 6.623 6.627 6.631 6.634 6.636 6.639 6.642 6.644 6.646 6.648 6.650 6.652 6.654 6.656 6.657 6.659 6.661 6.663 6.665 6.667 6.669 6.671 6.673 6.676 6.679 6.681 6.684 6.686 6.689 6.691 6.694 6.696 6.698 6.701 6.703 6.705 6.708 6.710 6.712 6.714 6.716 6.718 6.719 6.721 6.723 6.725 6.727 6.728 6.730 6.731 6.732 6.733
6.498 6.505 6.513 6.519 6.526 6.532 6.537 6.543 6.548 6.554 6.559 6.564 6.569 6.574 6.579 6.584 6.589 6.594 6.598 6.603 6.607 6.612 6.616 6.620 6.625 6.629 6.633 6.637 6.640 6.643 6.645 6.648 6.651 6.653 6.655 6.657 6.659 6.661 6.663 6.665 6.667 6.669 6.671 6.672 6.674 6.677 6.679 6.681 6.684 6.687 6.689 6.692 6.694 6.697 6.699 6.702 6.704 6.707 6.709 6.712 6.714 6.716 6.719 6.721 6.723 6.726 6.728 6.730 6.732 6.734 6.736 6.738 6.740 6.742 6.743 6.744 6.746
6.502 6.509 6.517 6.523 6.530 6.536 6.541 6.547 6.553 6.558 6.563 6.569 6.574 6.579 6.584 6.589 6.594 6.598 6.603 6.608 6.612 6.617 6.621 6.626 6.630 6.635 6.639 6.642 6.646 6.649 6.652 6.654 6.657 6.659 6.662 6.664 6.666 6.668 6.670 6.672 6.674 6.676 6.678 6.680 6.682 6.684 6.686 6.689 6.691 6.694 6.697 6.699 6.701 6.704 6.706 6.709 6.711 6.714 6.717 6.719 6.722 6.724 6.727 6.729 6.732 6.734 6.737 6.739 6.741 6.744 6.746 6.749 6.751 6.753 6.754 6.756 6.757
6.506 6.513 6.521 6.528 6.534 6.540 6.546 6.551 6.557 6.562 6.568 6.573 6.578 6.583 6.588 6.593 6.598 6.603 6.608 6.613 6.617 6.622 6.626 6.631 6.635 6.640 6.644 6.648 6.651 6.655 6.658 6.660 6.663 6.666 6.668 6.670 6.673 6.675 6.677 6.679 6.681 6.683 6.685 6.687 6.689 6.691 6.693 6.696 6.699 6.701 6.704 6.706 6.708 6.711 6.713 6.716 6.718 6.721 6.724 6.726 6.729 6.732 6.734 6.737 6.740 6.742 6.745 6.747 6.750 6.753 6.755 6.758 6.761 6.763 6.765 6.766 6.768
6.510 6.517 6.525 6.532 6.538 6.544 6.550 6.556 6.561 6.567 6.572 6.577 6.583 6.588 6.593 6.598 6.603 6.608 6.613 6.617 6.622 6.627 6.631 6.636 6.640 6.645 6.650 6.653 6.657 6.660 6.663 6.666 6.669 6.672 6.674 6.677 6.679 6.681 6.683 6.685 6.688 6.690 6.692 6.694 6.696 6.698 6.700 6.703 6.705 6.708 6.710 6.713 6.715 6.717 6.720 6.722 6.725 6.728 6.730 6.733 6.736 6.739 6.741 6.744 6.747 6.750 6.752 6.755 6.758 6.761 6.764 6.767 6.769 6.772 6.774 6.776 6.778
6.514 6.522 6.529 6.536 6.542 6.548 6.554 6.560 6.566 6.571 6.577 6.582 6.587 6.592 6.597 6.603 6.608 6.612 6.617 6.622 6.627 6.632 6.636 6.641 6.646 6.650 6.655 6.659 6.662 6.666 6.669 6.672 6.675 6.678 6.680 6.683 6.685 6.688 6.690 6.692 6.694 6.696 6.698 6.700 6.702 6.705 6.707 6.709 6.712 6.715 6.717 6.719 6.722 6.724 6.726 6.729 6.731 6.734 6.737 6.739 6.742 6.745 6.748 6.751 6.754 6.757 6.759 6.762 6.765 6.768 6.771 6.775 6.778 6.780 6.782 6.785 6.787
6.519 6.526 6.534 6.541 6.547 6.553 6.559 6.565 6.570 6.576 6.581 6.587 6.592 6.597 6.602 6.607 6.612 6.617 6.622 6.627 6.632 6.636 6.641 6.646 6.651 6.656 6.660 6.664 6.668 6.671 6.675 6.678 6.681 6.684 6.686 6.689 6.691 6.694 6.696 6.698 6.701 6.703 6.705 6.707 6.709 6.711 6.714 6.716 6.719 6.721 6.724 6.726 6.728 6.730 6.733 6.735 6.738 6.740 6.743 6.746 6.748 6.751 6.754 6.757 6.760 6.763 6.766 6.769 6.772 6.775 6.779 6.782 6.785 6.788 6.790 6.793 6.795
