TsunamiDB/out54109.asc
ncols          264
nrows          230
xllcorner      497853.4375
yllcorner      4229146.0000
cellsize         5.
NODATA_value   -99
[rows 68 to 101 of 230, columns 77 to 153 of 264]
5.808 5.821 5.834 5.848 5.861 5.873 5.886 5.899 5.913 5.927 5.941 5.955 5.970 5.985 6.000 6.015 6.030 6.044 6.059 6.074 6.088 6.102 6.116 6.130 6.144 6.157 6.169 6.182 6.193 6.203 6.213 6.224 6.234 6.244 6.254 6.264 6.274 6.283 6.293 6.302 6.312 6.321 6.330 6.338 6.347 6.355 6.363 6.371 6.378 6.385 6.392 6.396 6.401 6.406 6.410 6.415 6.420 6.425 6.429 6.435 6.440 6.446 6.452 6.458 6.465 6.472 6.479 6.487 6.496 6.504 6.513 6.522 6.532 6.541 6.549 6.557 6.566
5.818 5.832 5.845 5.858 5.871 5.882 5.894 5.907 5.920 5.933 5.947 5.961 5.975 5.989 6.003 6.018 6.032 6.047 6.061 6.076 6.090 6.104 6.118 6.132 6.146 6.159 6.173 6.185 6.196 6.206 6.217 6.228 6.238 6.249 6.259 6.269 6.279 6.289 6.299 6.308 6.318 6.327 6.336 6.345 6.354 6.362 6.371 6.378 6.386 6.394 6.400 6.405 6.410 6.415 6.420 6.424 6.429 6.434 6.439 6.444 6.449 6.454 6.460 6.466 6.472 6.479 6.487 6.494 6.502 6.511 6.519 6.529 6.538 6.547 6.555 6.563 6.572
5.829 5.842 5.855 5.868 5.880 5.892 5.903 5.915 5.928 5.941 5.953 5.967 5.980 5.994 6.007 6.021 6.036 6.050 6.064 6.078 6.092 6.106 6.120 6.134 6.148 6.162 6.175 6.187 6.198 6.209 6.220 6.231 6.242 6.253 6.264 6.274 6.284 6.294 6.304 6.314 6.323 6.333 6.342 6.351 6.360 6.369 6.378 6.386 6.394 6.402 6.408 6.414 6.419 6.424 6.429 6.434 6.438 6.443 6.448 6.453 6.458 6.463 6.468 6.474 6.480 6.487 6.494 6.501 6.509 6.517 6.526 6.535 6.544 6.553 6.561 6.569 6.577
5.840 5.853 5.866 5.879 5.891 5.902 5.913 5.925 5.937 5.949 5.961 5.974 5.987 6.000 6.013 6.026 6.040 6.053 6.067 6.081 6.095 6.109 6.123 6.136 6.150 6.164 6.177 6.189 6.201 6.212 6.223 6.234 6.246 6.256 6.267 6.278 6.288 6.298 6.309 6.319 6.328 6.338 6.348 6.357 6.366 6.375 6.384 6.393 6.401 6.409 6.416 6.421 6.427 6.432 6.437 6.442 6.447 6.452 6.457 6.462 6.467 6.472 6.477 6.482 6.488 6.495 6.501 6.508 6.516 6.524 6.532 6.541 6.550 6.559 6.567 6.575 6.583
5.850 5.863 5.876 5.889 5.901 5.912 5.923 5.935 5.946 5.958 5.970 5.982 5.994 6.006 6.019 6.032 6.045 6.058 6.071 6.085 6.098 6.112 6.125 6.139 6.152 6.166 6.179 6.191 6.203 6.214 6.226 6.237 6.248 6.259 6.270 6.281 6.292 6.302 6.313 6.323 6.333 6.343 6.352 6.362 6.371 6.381 6.390 6.399 6.407 6.415 6.423 6.429 6.435 6.440 6.446 6.451 6.456 6.461 6.466 6.471 6.475 6.480 6.485 6.491 6.496 6.502 6.509 6.516 6.523 6.531 6.539 6.547 6.556 6.565 6.573 6.581 6.589
5.859 5.873 5.886 5.899 5.911 5.922 5.933 5.945 5.956 5.967 5.979 5.991 6.002 6.014 6.026 6.038 6.051 6.063 6.076 6.089 6.102 6.115 6.128 6.142 6.155 6.168 6.181 6.194 6.205 6.216 6.228 6.239 6.251 6.262 6.273 6.284 6.295 6.305 6.316 6.326 6.337 6.347 6.357 6.366 6.376 6.386 6.395 6.404 6.413 6.421 6.429 6.435 6.442 6.448 6.453 6.459 6.464 6.469 6.474 6.479 6.484 6.489 6.494 6.499 6.505 6.510 6.517 6.523 6.530 6.537 6.545 6.554 6.562 6.571 6.579 6.587 6.595
5.868 5.882 5.895 5.909 5.921 5.932 5.943 5.955 5.966 5.977 5.989 6.000 6.011 6.023 6.034 6.046 6.058 6.070 6.082 6.094 6.107 6.119 6.132 6.145 6.158 6.171 6.184 6.196 6.207 6.219 6.230 6.242 6.253 6.265 6.276 6.287 6.298 6.308 6.319 6.329 6.340 6.350 6.360 6.370 6.380 6.390 6.399 6.409 6.418 6.427 6.435 6.442 6.448 6.454 6.461 6.467 6.472 6.478 6.483 6.488 6.493 6.497 6.502 6.507 6.513 6.518 6.524 6.531 6.537 6.544 6.552 6.560 6.569 6.577 6.585 6.593 6.601
5.876 5.890 5.904 5.918 5.930 5.941 5.953 5.964 5.976 5.987 5.998 6.010 6.021 6.032 6.043 6.054 6.065 6.077 6.089 6.100 6.112 6.125 6.137 6.149 6.162 6.174 6.187 6.199 6.210 6.221 6.233 6.244 6.256 6.267 6.278 6.289 6.300 6.311 6.322 6.332 6.343 6.353 6.363 6.374 6.384 6.393 6.403 6.413 6.422 6.432 6.440 6.447 6.454 6.461 6.467 6.473 6.479 6.485 6.491 6.496 6.501 6.506 6.511 6.516 6.521 6.526 6.532 6.538 6.545 6.552 6.559 6.567 6.575 6.583 6.591 6.599 6.607
5.884 5.898 5.912 5.926 5.939 5.951 5.962 5.974 5.985 5.997 6.008 6.019 6.030 6.041 6.052 6.063 6.074 6.085 6.096 6.107 6.119 6.131 6.142 6.154 6.166 6.179 6.191 6.203 6.214 6.225 6.236 6.247 6.258 6.270 6.281 6.292 6.303 6.314 6.325 6.335 6.346 6.356 6.366 6.377 6.387 6.397 6.407 6.417 6.426 6.436 6.444 6.452 6.459 6.466 6.473 6.480 6.486 6.492 6.498 6.503 6.509 6.514 6.519 6.524 6.529 6.534 6.540 6.546 6.552 6.559 6.566 6.574 6.582 6.590 6.597 6.605 6.613
5.892 5.906 5.920 5.934 5.947 5.959 5.971 5.983 5.995 6.006 6.018 6.029 6.040 6.051 6.061 6.072 6.083 6.093 6.104 6.115 6.126 6.137 6.149 6.160 6.172 6.184 6.196 6.207 6.218 6.228 6.239 6.251 6.262 6.273 6.284 6.295 6.306 6.317 6.327 6.338 6.348 6.359 6.369 6.380 6.390 6.400 6.410 6.420 6.430 6.440 6.448 6.456 6.464 6.471 6.479 6.486 6.492 6.499 6.505 6.511 6.516 6.521 6.527 6.532 6.537 6.542 6.548 6.553 6.559 6.566 6.573 6.581 6.589 6.596 6.604 6.612 6.620
5.898 5.913 5.928 5.942 5.955 5.967 5.979 5.991 6.003 6.015 6.027 6.038 6.049 6.060 6.071 6.081 6.092 6.102 6.113 6.124 6.134 6.145 6.156 6.167 6.178 6.190 6.201 6.212 6.222 6.233 6.244 6.255 6.266 6.277 6.288 6.298 6.309 6.320 6.331 6.341 6.352 6.362 6.372 6.383 6.393 6.403 6.413 6.423 6.433 6.443 6.452 6.460 6.468 6.476 6.484 6.491 6.498 6.505 6.511 6.518 6.523 6.529 6.534 6.539 6.545 6.550 6.555 6.561 6.567 6.573 6.580 6.588 6.595 6.603 6.610 6.618 6.626
5.905 5.920 5.934 5.949 5.962 5.975 5.987 5.999 6.012 6.024 6.036 6.047 6.058 6.069 6.080 6.091 6.101 6.112 6.122 6.132 6.143 6.153 6.164 6.175 6.186 6.197 6.208 6.218 6.228 6.238 6.249 6.260 6.270 6.281 6.292 6.302 6.313 6.324 6.334 6.345 6.355 6.365 6.375 6.386 6.396 6.406 6.416 6.427 6.437 6.447 6.456 6.464 6.472 6.480 6.488 6.496 6.504 6.511 6.518 6.524 6.530 6.536 6.542 6.547 6.552 6.558 6.563 6.569 6.575 6.581 6.588 6.595 6.603 6.610 6.617 6.625 6.633
5.912 5.927 5.941 5.956 5.969 5.982 5.994 6.007 6.020 6.032 6.044 6.056 6.067 6.078 6.089 6.100 6.111 6.121 6.131 6.141 6.152 6.162 6.172 6.183 6.193 6.204 6.215 6.225 6.235 6.245 6.255 6.265 6.276 6.286 6.297 6.307 6.318 6.328 6.338 6.349 6.359 6.369 6.379 6.389 6.399 6.410 6.420 6.430 6.440 6.450 6.460 6.468 6.476 6.485 6.493 6.501 6.509 6.516 6.523 6.530 6.537 6.543 6.549 6.555 6.560 6.565 6.571 6.577 6.582 6.589 6.595 6.602 6.610 6.617 6.624 6.632 6.639
5.918 5.933 5.948 5.962 5.976 5.989 6.001 6.014 6.027 6.040 6.052 6.064 6.076 6.087 6.098 6.109 6.120 6.130 6.140 6.151 6.161 6.171 6.181 6.191 6.202 6.212 6.223 6.233 6.242 6.252 6.261 6.272 6.282 6.292 6.302 6.313 6.323 6.333 6.343 6.353 6.363 6.373 6.383 6.393 6.404 6.414 6.424 6.434 6.444 6.454 6.463 6.472 6.480 6.489 6.497 6.506 6.514 6.522 6.529 6.536 6.543 6.550 6.556 6.562 6.568 6.573 6.579 6.584 6.590 6.596 6.603 6.610 6.617 6.624 6.631 6.638 6.646
5.925 5.940 5.955 5.969 5.983 5.995 6.008 6.021 6.034 6.047 6.059 6.072 6.084 6.095 6.107 6.118 6.128 6.139 6.149 6.160 6.170 6.180 6.190 6.200 6.211 6.221 6.231 6.241 6.250 6.259 6.269 6.279 6.289 6.299 6.309 6.319 6.329 6.339 6.349 6.359 6.369 6.379 6.388 6.398 6.408 6.418 6.428 6.438 6.448 6.458 6.468 6.476 6.485 6.493 6.502 6.510 6.519 6.527 6.535 6.542 6.549 6.556 6.563 6.569 6.575 6.581 6.587 6.592 6.598 6.604 6.611 6.618 6.625 6.632 6.638 6.646 6.653
5.932 5.947 5.961 5.976 5.989 6.002 6.015 6.028 6.041 6.054 6.067 6.079 6.091 6.103 6.115 6.126 6.137 6.148 6.158 6.169 6.179 6.189 6.199 6.209 6.220 6.230 6.240 6.249 6.258 6.267 6.277 6.287 6.296 6.306 6.316 6.326 6.336 6.346 6.356 6.365 6.375 6.385 6.394 6.404 6.414 6.423 6.433 6.443 6.453 6.463 6.472 6.481 6.489 6.498 6.507 6.515 6.524 6.532 6.540 6.548 6.556 6.563 6.570 6.576 6.583 6.589 6.595 6.600 6.606 6.613 6.619 6.626 6.633 6.640 6.646 6.653 6.661
5.939 5.954 5.968 5.983 5.996 6.009 6.022 6.035 6.048 6.061 6.074 6.086 6.099 6.111 6.122 6.134 6.145 6.156 6.167 6.177 6.188 6.198 6.208 6.218 6.229 6.239 6.249 6.258 6.267 6.276 6.285 6.295 6.305 6.314 6.324 6.334 6.344 6.353 6.363 6.373 6.382 6.392 6.401 6.410 6.420 6.429 6.439 6.449 6.459 6.469 6.477 6.486 6.494 6.503 6.512 6.521 6.529 6.538 6.546 6.554 6.562 6.570 6.577 6.583 6.590 6.596 6.603 6.609 6.615 6.621 6.627 6.634 6.641 6.648 6.654 6.661 6.668
5.947 5.961 5.975 5.990 6.003 6.016 6.029 6.042 6.055 6.068 6.081 6.094 6.106 6.118 6.130 6.142 6.153 6.164 6.175 6.186 6.196 6.207 6.217 6.227 6.238 6.248 6.258 6.267 6.276 6.285 6.294 6.304 6.313 6.323 6.333 6.342 6.352 6.362 6.371 6.380 6.390 6.399 6.408 6.418 6.427 6.436 6.446 6.455 6.465 6.475 6.483 6.491 6.500 6.509 6.518 6.526 6.535 6.544 6.552 6.561 6.569 6.576 6.584 6.591 6.598 6.604 6.611 6.617 6.623 6.630 6.636 6.643 6.650 6.656 6.662 6.669 6.676
5.955 5.969 5.983 5.997 6.010 6.022 6.036 6.049 6.062 6.075 6.088 6.101 6.113 6.125 6.137 6.149 6.161 6.172 6.183 6.194 6.205 6.215 6.226 6.236 6.247 6.257 6.267 6.276 6.285 6.294 6.303 6.313 6.322 6.332 6.341 6.351 6.361 6.370 6.380 6.389 6.398 6.407 6.417 6.426 6.435 6.444 6.453 6.463 6.473 6.482 6.490 6.498 6.506 6.515 6.524 6.533 6.541 6.550 6.559 6.567 6.575 6.583 6.591 6.598 6.606 6.612 6.619 6.626 6.632 6.638 6.645 6.652 6.659 6.665 6.671 6.677 6.685
5.963 5.977 5.991 6.005 6.017 6.030 6.043 6.056 6.069 6.082 6.095 6.108 6.120 6.133 6.145 6.157 6.168 6.180 6.191 6.202 6.213 6.224 6.234 6.245 6.255 6.266 6.276 6.285 6.293 6.303 6.312 6.322 6.331 6.341 6.350 6.360 6.370 6.379 6.389 6.398 6.407 6.416 6.425 6.435 6.444 6.453 6.462 6.471 6.480 6.489 6.497 6.505 6.514 6.522 6.531 6.539 6.548 6.557 6.566 6.574 6.583 6.591 6.599 6.606 6.614 6.621 6.628 6.634 6.641 6.648 6.654 6.661 6.668 6.674 6.680 6.686 6.694
5.973 5.986 6.000 6.013 6.025 6.037 6.050 6.063 6.076 6.089 6.102 6.115 6.127 6.140 6.152 6.164 6.176 6.188 6.199 6.210 6.221 6.232 6.243 6.253 6.264 6.275 6.285 6.293 6.302 6.312 6.321 6.331 6.340 6.350 6.360 6.369 6.379 6.389 6.398 6.407 6.417 6.426 6.435 6.444 6.453 6.462 6.471 6.480 6.489 6.498 6.505 6.513 6.521 6.530 6.538 6.547 6.556 6.565 6.573 6.582 6.590 6.599 6.607 6.615 6.622 6.629 6.637 6.644 6.650 6.657 6.664 6.671 6.677 6.683 6.689 6.696 6.703
5.982 5.996 6.009 6.021 6.033 6.046 6.058 6.071 6.084 6.097 6.110 6.122 6.135 6.147 6.159 6.172 6.183 6.195 6.207 6.218 6.229 6.240 6.251 6.262 6.273 6.283 6.293 6.302 6.311 6.320 6.330 6.340 6.349 6.359 6.369 6.379 6.388 6.398 6.407 6.417 6.426 6.435 6.445 6.454 6.463 6.471 6.480 6.489 6.498 6.507 6.514 6.522 6.530 6.538 6.547 6.555 6.564 6.573 6.581 6.590 6.598 6.607 6.615 6.623 6.631 6.638 6.646 6.653 6.660 6.667 6.674 6.681 6.687 6.693 6.699 6.705 6.712
5.993 6.006 6.019 6.031 6.042 6.054 6.067 6.079 6.092 6.105 6.117 6.130 6.142 6.155 6.167 6.179 6.191 6.203 6.214 6.226 6.237 6.248 6.259 6.270 6.281 6.292 6.301 6.311 6.320 6.329 6.339 6.349 6.358 6.368 6.378 6.388 6.398 6.407 6.417 6.426 6.436 6.445 6.454 6.463 6.472 6.481 6.490 6.499 6.508 6.516 6.524 6.531 6.539 6.547 6.556 6.564 6.573 6.581 6.590 6.599 6.607 6.616 6.624 6.632 6.640 6.648 6.655 6.663 6.670 6.677 6.684 6.691 6.697 6.703 6.709 6.716 6.722
6.004 6.016 6.029 6.041 6.052 6.064 6.076 6.088 6.100 6.113 6.125 6.138 6.150 6.162 6.175 6.187 6.199 6.210 6.222 6.234 6.245 6.256 6.267 6.278 6.289 6.300 6.310 6.319 6.328 6.338 6.348 6.357 6.367 6.377 6.387 6.397 6.407 6.416 6.426 6.436 6.445 6.455 6.464 6.473 6.483 6.491 6.500 6.509 6.518 6.526 6.534 6.541 6.549 6.557 6.565 6.574 6.582 6.590 6.599 6.608 6.616 6.625 6.633 6.641 6.649 6.657 6.665 6.673 6.680 6.687 6.694 6.701 6.708 6.714 6.720 6.726 6.733
6.016 6.028 6.040 6.051 6.062 6.073 6.085 6.097 6.109 6.121 6.134 6.146 6.158 6.171 6.183 6.195 6.207 6.218 6.230 6.241 6.253 6.264 6.275 6.286 6.297 6.308 6.318 6.327 6.337 6.346 6.356 6.366 6.376 6.386 6.396 6.406 6.416 6.426 6.435 6.445 6.455 6.465 6.474 6.483 6.493 6.502 6.511 6.520 6.529 6.537 6.544 6.552 6.559 6.567 6.575 6.583 6.592 6.600 6.609 6.617 6.626 6.634 6.643 6.651 6.659 6.667 6.675 6.683 6.690 6.698 6.705 6.712 6.719 6.725 6.731 6.737 6.744
6.029 6.040 6.052 6.062 6.073 6.084 6.095 6.107 6.119 6.131 6.143 6.155 6.167 6.179 6.191 6.203 6.215 6.226 6.238 6.250 6.261 6.272 6.283 6.294 6.305 6.316 6.326 6.336 6.345 6.355 6.365 6.374 6.384 6.394 6.404 6.414 6.424 6.434 6.444 6.454 6.464 6.474 6.483 6.493 6.502 6.512 6.521 6.530 6.539 6.547 6.555 6.562 6.570 6.578 6.586 6.594 6.602 6.610 6.619 6.627 6.636 6.644 6.653 6.661 6.669 6.678 6.686 6.693 6.701 6.709 6.716 6.723 6.730 6.736 6.742 6.748 6.755
6.042 6.053 6.064 6.074 6.084 6.095 6.106 6.117 6.128 6.140 6.152 6.164 6.176 6.188 6.199 6.211 6.223 6.235 6.246 6.258 6.269 6.280 6.291 6.303 6.314 6.325 6.335 6.344 6.354 6.363 6.373 6.383 6.393 6.403 6.413 6.423 6.433 6.443 6.453 6.463 6.473 6.483 6.493 6.502 6.512 6.521 6.531 6.540 6.549 6.558 6.565 6.573 6.581 6.588 6.596 6.604 6.612 6.621 6.629 6.638 6.646 6.655 6.663 6.671 6.680 6.688 6.696 6.704 6.712 6.720 6.727 6.735 6.742 6.748 6.754 6.760 6.767
6.055 6.066 6.076 6.087 6.096 6.106 6.117 6.128 6.139 6.150 6.162 6.173 6.185 6.197 6.208 6.220 6.232 6.243 6.255 6.266 6.277 6.289 6.300 6.311 6.322 6.333 6.343 6.352 6.362 6.372 6.381 6.391 6.401 6.411 6.421 6.431 6.441 6.451 6.462 6.472 6.482 6.492 6.502 6.511 6.521 6.531 6.540 6.550 6.559 6.568 6.576 6.583 6.591 6.599 6.607 6.615 6.623 6.631 6.640 6.648 6.656 6.665 6.674 6.682 6.690 6.699 6.707 6.715 6.723 6.731 6.739 6.746 6.753 6.759 6.766 6.772 6.778
6.069 6.079 6.089 6.099 6.108 6.118 6.128 6.139 6.150 6.161 6.172 6.183 6.195 6.206 6.217 6.229 6.240 6.252 6.263 6.275 6.286 6.297 6.308 6.319 6.330 6.341 6.352 6.361 6.370 6.380 6.390 6.400 6.410 6.420 6.430 6.440 6.450 6.460 6.470 6.480 6.490 6.500 6.510 6.520 6.530 6.540 6.550 6.559 6.569 6.578 6.586 6.594 6.601 6.609 6.617 6.625 6.634 6.642 6.650 6.659 6.667 6.676 6.684 6.693 6.701 6.709 6.718 6.726 6.734 6.742 6.750 6.758 6.765 6.771 6.777 6.784 6.790
6.082 6.092 6.102 6.112 6.121 6.130 6.140 6.150 6.161 6.172 6.182 6.193 6.205 6.216 6.227 6.238 6.250 6.261 6.272 6.284 6.295 6.306 6.317 6.328 6.339 6.350 6.360 6.370 6.379 6.389 6.398 6.408 6.418 6.428 6.438 6.448 6.458 6.468 6.478 6.488 6.498 6.508 6.519 6.529 6.539 6.549 6.559 6.568 6.578 6.587 6.595 6.603 6.611 6.620 6.628 6.636 6.644 6.652 6.661 6.669 6.678 6.686 6.695 6.703 6.712 6.720 6.729 6.737 6.745 6.753 6.762 6.770 6.777 6.783 6.789 6.796 6.802
6.095 6.105 6.115 6.125 6.134 6.143 6.152 6.162 6.172 6.183 6.193 6.204 6.215 6.226 6.237 6.248 6.259 6.270 6.282 6.293 6.304 6.315 6.326 6.337 6.348 6.359 6.369 6.378 6.388 6.397 6.407 6.417 6.427 6.436 6.446 6.456 6.466 6.476 6.486 6.496 6.506 6.517 6.527 6.537 6.547 6.557 6.567 6.577 6.587 6.596 6.605 6.613 6.621 6.629 6.638 6.646 6.654 6.663 6.671 6.679 6.688 6.696 6.705 6.714 6.722 6.731 6.739 6.748 6.756 6.765 6.773 6.781 6.789 6.795 6.801 6.808 6.814
6.108 6.118 6.128 6.137 6.146 6.155 6.165 6.174 6.184 6.194 6.205 6.215 6.225 6.236 6.247 6.258 6.269 6.280 6.291 6.302 6.313 6.324 6.335 6.346 6.357 6.368 6.378 6.387 6.397 6.406 6.416 6.426 6.435 6.445 6.455 6.465 6.475 6.484 6.494 6.504 6.514 6.524 6.535 6.545 6.555 6.565 6.575 6.586 6.596 6.605 6.613 6.622 6.630 6.639 6.647 6.656 6.664 6.672 6.681 6.689 6.698 6.707 6.715 6.724 6.733 6.741 6.750 6.759 6.767 6.776 6.784 6.793 6.800 6.807 6.813 6.820 6.826
6.120 6.130 6.141 6.150 6.158 6.167 6.177 6.186 6.196 6.206 6.216 6.226 6.236 6.247 6.257 6.268 6.279 6.290 6.301 6.312 6.323 6.334 6.345 6.356 6.367 6.377 6.387 6.396 6.406 6.415 6.425 6.434 6.444 6.454 6.463 6.473 6.483 6.493 6.503 6.512 6.522 6.532 6.542 6.553 6.563 6.573 6.583 6.594 6.604 6.613 6.622 6.630 6.639 6.648 6.656 6.665 6.673 6.682 6.691 6.699 6.708 6.717 6.725 6.734 6.743 6.752 6.760 6.769 6.778 6.787 6.795 6.804 6.811 6.818 6.825 6.832 6.838
6.131 6.142 6.152 6.162 6.170 6.179 6.189 6.198 6.208 6.217 6.227 6.237 6.247 6.258 6.268 6.278 6.289 6.300 6.311 6.321 6.332 6.343 6.354 6.365 6.376 6.387 6.397 6.406 6.415 6.424 6.434 6.444 6.453 6.463 6.472 6.482 6.491 6.501 6.511 6.521 6.530 6.540 6.550 6.560 6.571 6.581 6.591 6.601 6.612 6.621 6.630 6.639 6.647 6.656 6.665 6.674 6.682 6.691 6.700 6.709 6.717 6.726 6.735 6.744 6.753 6.761 6.770 6.779 6.788 6.797 6.806 6.815 6.822 6.829 6.836 6.843 6.850
