TsunamiDB/out54111.asc
ncols          264
nrows          230
xllcorner      497853.4375
yllcorner      4229146.0000
cellsize         5.
NODATA_value   -99
[rows 102 to 135 of 230, columns 77 to 153 of 264]
6.155 6.166 6.177 6.187 6.196 6.205 6.214 6.223 6.233 6.242 6.251 6.261 6.270 6.280 6.289 6.299 6.309 6.319 6.329 6.339 6.350 6.360 6.371 6.381 6.392 6.403 6.412 6.421 6.431 6.440 6.450 6.459 6.469 6.478 6.488 6.497 6.507 6.516 6.526 6.536 6.545 6.555 6.565 6.575 6.585 6.596 6.606 6.617 6.628 6.638 6.647 6.656 6.665 6.675 6.684 6.693 6.703 6.712 6.721 6.729 6.738 6.747 6.755 6.764 6.772 6.781 6.789 6.798 6.806 6.815 6.823 6.831 6.838 6.844 6.851 6.857 6.863
6.164 6.176 6.186 6.196 6.205 6.214 6.224 6.233 6.243 6.252 6.262 6.271 6.280 6.290 6.299 6.309 6.319 6.328 6.338 6.349 6.359 6.369 6.380 6.391 6.401 6.412 6.421 6.430 6.440 6.449 6.458 6.468 6.477 6.487 6.496 6.506 6.515 6.525 6.534 6.544 6.553 6.563 6.573 6.583 6.593 6.603 6.614 6.624 6.635 6.644 6.654 6.663 6.672 6.682 6.691 6.701 6.710 6.719 6.728 6.737 6.746 6.755 6.764 6.773 6.781 6.790 6.798 6.807 6.816 6.824 6.833 6.841 6.848 6.855 6.861 6.868 6.874
6.173 6.184 6.195 6.204 6.214 6.224 6.233 6.243 6.253 6.262 6.271 6.281 6.290 6.300 6.309 6.319 6.328 6.338 6.348 6.358 6.368 6.379 6.389 6.400 6.410 6.421 6.430 6.439 6.449 6.458 6.467 6.477 6.486 6.496 6.505 6.515 6.524 6.533 6.543 6.552 6.561 6.571 6.581 6.590 6.600 6.610 6.621 6.632 6.642 6.651 6.660 6.670 6.679 6.689 6.698 6.708 6.717 6.727 6.736 6.745 6.754 6.763 6.772 6.781 6.790 6.798 6.807 6.816 6.825 6.833 6.842 6.850 6.858 6.865 6.871 6.878 6.884
6.181 6.193 6.203 6.213 6.223 6.233 6.243 6.252 6.262 6.272 6.281 6.290 6.300 6.309 6.319 6.328 6.338 6.347 6.357 6.367 6.377 6.388 6.398 6.409 6.419 6.430 6.439 6.448 6.457 6.467 6.476 6.486 6.495 6.505 6.514 6.524 6.533 6.542 6.551 6.560 6.570 6.579 6.589 6.598 6.608 6.618 6.628 6.639 6.649 6.658 6.667 6.677 6.686 6.696 6.705 6.715 6.724 6.734 6.743 6.752 6.762 6.771 6.780 6.789 6.798 6.807 6.816 6.825 6.833 6.842 6.851 6.860 6.867 6.874 6.881 6.888 6.895
6.189 6.201 6.211 6.221 6.231 6.241 6.251 6.261 6.271 6.281 6.290 6.300 6.309 6.319 6.328 6.338 6.347 6.357 6.367 6.376 6.386 6.397 6.407 6.418 6.428 6.438 6.447 6.457 6.466 6.476 6.485 6.495 6.504 6.514 6.523 6.532 6.542 6.551 6.560 6.569 6.578 6.588 6.597 6.606 6.616 6.626 6.636 6.646 6.656 6.665 6.674 6.683 6.693 6.702 6.712 6.722 6.731 6.741 6.750 6.760 6.769 6.778 6.787 6.797 6.806 6.815 6.824 6.833 6.842 6.851 6.860 6.869 6.876 6.884 6.891 6.898 6.905
6.197 6.208 6.219 6.229 6.239 6.250 6.260 6.270 6.280 6.290 6.299 6.309 6.318 6.328 6.337 6.347 6.356 6.366 6.376 6.386 6.395 6.406 6.416 6.426 6.437 6.447 6.456 6.465 6.475 6.484 6.494 6.504 6.513 6.523 6.532 6.541 6.551 6.560 6.569 6.578 6.587 6.596 6.605 6.615 6.624 6.634 6.643 6.654 6.663 6.672 6.681 6.690 6.700 6.709 6.719 6.728 6.738 6.748 6.757 6.767 6.776 6.786 6.795 6.804 6.813 6.823 6.832 6.841 6.850 6.859 6.869 6.877 6.885 6.893 6.900 6.907 6.914
6.204 6.216 6.227 6.237 6.248 6.258 6.268 6.278 6.288 6.298 6.308 6.318 6.327 6.337 6.346 6.356 6.365 6.375 6.385 6.394 6.404 6.414 6.425 6.435 6.445 6.455 6.464 6.474 6.483 6.493 6.503 6.512 6.522 6.531 6.541 6.550 6.559 6.569 6.578 6.587 6.596 6.605 6.614 6.623 6.632 6.642 6.651 6.661 6.671 6.679 6.688 6.697 6.707 6.716 6.726 6.735 6.745 6.754 6.764 6.774 6.783 6.793 6.802 6.812 6.821 6.830 6.840 6.849 6.858 6.867 6.877 6.886 6.894 6.901 6.909 6.916 6.924
6.212 6.224 6.235 6.245 6.255 6.266 6.276 6.286 6.297 6.307 6.317 6.326 6.336 6.346 6.355 6.365 6.374 6.384 6.393 6.403 6.413 6.423 6.433 6.443 6.454 6.464 6.473 6.482 6.492 6.501 6.511 6.521 6.530 6.540 6.550 6.559 6.568 6.577 6.587 6.596 6.605 6.614 6.622 6.632 6.641 6.650 6.659 6.669 6.678 6.687 6.696 6.705 6.714 6.723 6.732 6.742 6.752 6.761 6.771 6.781 6.790 6.800 6.809 6.819 6.828 6.838 6.847 6.856 6.866 6.875 6.885 6.894 6.902 6.910 6.918 6.925 6.932
6.220 6.232 6.243 6.253 6.263 6.274 6.284 6.295 6.305 6.315 6.325 6.335 6.345 6.354 6.364 6.373 6.383 6.393 6.402 6.412 6.422 6.431 6.441 6.452 6.462 6.472 6.481 6.490 6.500 6.509 6.519 6.529 6.539 6.548 6.558 6.567 6.577 6.586 6.595 6.604 6.613 6.622 6.631 6.640 6.649 6.658 6.667 6.677 6.686 6.694 6.703 6.712 6.721 6.730 6.739 6.749 6.758 6.768 6.778 6.787 6.797 6.807 6.816 6.826 6.835 6.845 6.854 6.864 6.873 6.883 6.893 6.902 6.910 6.918 6.926 6.934 6.941
6.228 6.240 6.251 6.261 6.271 6.282 6.292 6.303 6.313 6.323 6.333 6.343 6.353 6.363 6.372 6.382 6.392 6.401 6.411 6.420 6.430 6.440 6.450 6.460 6.470 6.480 6.489 6.498 6.508 6.517 6.527 6.537 6.547 6.556 6.566 6.576 6.585 6.595 6.604 6.613 6.622 6.631 6.640 6.649 6.657 6.666 6.676 6.685 6.694 6.702 6.711 6.719 6.728 6.737 6.746 6.756 6.765 6.775 6.784 6.794 6.804 6.813 6.823 6.833 6.842 6.852 6.861 6.871 6.880 6.890 6.900 6.909 6.918 6.926 6.934 6.942 6.949
6.236 6.248 6.259 6.269 6.279 6.290 6.300 6.311 6.321 6.331 6.342 6.352 6.361 6.371 6.381 6.391 6.400 6.410 6.419 6.429 6.438 6.448 6.458 6.468 6.478 6.488 6.497 6.506 6.515 6.525 6.535 6.545 6.554 6.564 6.574 6.584 6.593 6.603 6.612 6.621 6.630 6.639 6.648 6.657 6.666 6.675 6.684 6.693 6.702 6.710 6.718 6.727 6.735 6.744 6.753 6.763 6.772 6.781 6.791 6.801 6.810 6.820 6.830 6.839 6.849 6.859 6.868 6.878 6.887 6.897 6.907 6.916 6.925 6.933 6.941 6.950 6.957
6.244 6.256 6.267 6.277 6.287 6.298 6.308 6.319 6.329 6.340 6.350 6.360 6.370 6.380 6.389 6.399 6.408 6.418 6.427 6.437 6.446 6.456 6.466 6.476 6.486 6.495 6.504 6.513 6.523 6.532 6.542 6.552 6.562 6.572 6.582 6.592 6.601 6.611 6.620 6.629 6.638 6.647 6.656 6.665 6.674 6.683 6.692 6.701 6.710 6.718 6.726 6.734 6.743 6.751 6.760 6.769 6.779 6.788 6.798 6.807 6.817 6.826 6.836 6.846 6.855 6.865 6.875 6.884 6.894 6.904 6.914 6.923 6.932 6.940 6.949 6.957 6.965
6.252 6.264 6.275 6.285 6.295 6.306 6.316 6.327 6.337 6.348 6.358 6.368 6.378 6.388 6.398 6.407 6.417 6.426 6.436 6.445 6.455 6.464 6.474 6.484 6.494 6.503 6.512 6.521 6.530 6.540 6.550 6.559 6.569 6.579 6.589 6.599 6.609 6.618 6.628 6.637 6.646 6.655 6.664 6.673 6.682 6.691 6.700 6.709 6.718 6.725 6.733 6.741 6.750 6.758 6.767 6.776 6.785 6.795 6.804 6.814 6.823 6.833 6.842 6.852 6.862 6.871 6.881 6.891 6.901 6.910 6.921 6.930 6.939 6.947 6.956 6.964 6.972
6.260 6.272 6.283 6.293 6.303 6.314 6.324 6.335 6.345 6.356 6.366 6.376 6.386 6.396 6.406 6.415 6.425 6.434 6.444 6.453 6.463 6.472 6.482 6.491 6.501 6.511 6.519 6.528 6.538 6.547 6.557 6.567 6.576 6.586 6.596 6.606 6.616 6.626 6.635 6.645 6.654 6.663 6.672 6.681 6.690 6.699 6.708 6.717 6.725 6.733 6.741 6.749 6.757 6.765 6.774 6.783 6.792 6.801 6.810 6.820 6.829 6.839 6.848 6.858 6.868 6.877 6.887 6.897 6.907 6.917 6.927 6.936 6.945 6.954 6.962 6.971 6.979
6.267 6.279 6.290 6.300 6.311 6.321 6.332 6.342 6.353 6.364 6.374 6.384 6.394 6.404 6.414 6.423 6.433 6.442 6.452 6.461 6.471 6.480 6.490 6.499 6.509 6.518 6.527 6.536 6.545 6.554 6.564 6.573 6.583 6.593 6.603 6.613 6.623 6.633 6.642 6.652 6.661 6.670 6.680 6.689 6.697 6.706 6.715 6.724 6.733 6.740 6.748 6.756 6.764 6.772 6.781 6.790 6.798 6.807 6.817 6.826 6.835 6.845 6.854 6.864 6.873 6.883 6.893 6.903 6.912 6.922 6.933 6.942 6.951 6.960 6.968 6.977 6.985
6.272 6.285 6.296 6.307 6.318 6.328 6.339 6.350 6.361 6.371 6.382 6.392 6.402 6.412 6.422 6.432 6.441 6.451 6.460 6.469 6.479 6.488 6.497 6.507 6.517 6.526 6.534 6.543 6.552 6.561 6.571 6.580 6.590 6.600 6.610 6.620 6.630 6.639 6.649 6.659 6.668 6.677 6.687 6.696 6.705 6.714 6.723 6.732 6.740 6.748 6.755 6.763 6.771 6.779 6.787 6.796 6.805 6.814 6.823 6.832 6.841 6.850 6.860 6.869 6.879 6.888 6.898 6.908 6.918 6.928 6.938 6.948 6.956 6.965 6.974 6.983 6.991
6.276 6.289 6.301 6.313 6.324 6.335 6.346 6.357 6.368 6.379 6.389 6.400 6.410 6.420 6.430 6.439 6.449 6.458 6.468 6.477 6.486 6.496 6.505 6.515 6.524 6.533 6.541 6.550 6.559 6.568 6.577 6.587 6.597 6.606 6.616 6.626 6.636 6.646 6.656 6.665 6.675 6.684 6.693 6.703 6.712 6.721 6.730 6.739 6.747 6.754 6.762 6.770 6.778 6.786 6.794 6.802 6.811 6.820 6.829 6.838 6.847 6.856 6.865 6.875 6.884 6.894 6.903 6.913 6.923 6.933 6.943 6.952 6.961 6.970 6.979 6.988 6.996
6.277 6.292 6.305 6.316 6.328 6.340 6.352 6.363 6.374 6.385 6.396 6.407 6.417 6.427 6.437 6.447 6.457 6.466 6.476 6.485 6.494 6.504 6.513 6.522 6.532 6.540 6.548 6.557 6.566 6.575 6.584 6.593 6.603 6.613 6.623 6.632 6.642 6.652 6.662 6.671 6.681 6.690 6.700 6.709 6.718 6.727 6.737 6.746 6.754 6.761 6.769 6.776 6.784 6.792 6.800 6.808 6.817 6.825 6.834 6.843 6.852 6.861 6.870 6.880 6.889 6.898 6.908 6.918 6.927 6.938 6.948 6.957 6.966 6.975 6.983 6.992 7.001
6.275 6.291 6.305 6.318 6.331 6.344 6.356 6.368 6.380 6.391 6.402 6.413 6.424 6.434 6.445 6.454 6.464 6.474 6.483 6.493 6.502 6.511 6.521 6.530 6.539 6.547 6.555 6.564 6.572 6.581 6.591 6.600 6.609 6.619 6.629 6.639 6.648 6.658 6.668 6.677 6.687 6.697 6.706 6.715 6.725 6.734 6.743 6.752 6.760 6.767 6.775 6.783 6.790 6.798 6.806 6.814 6.823 6.831 6.840 6.848 6.857 6.866 6.875 6.884 6.893 6.903 6.912 6.922 6.932 6.942 6.952 6.961 6.970 6.978 6.987 6.996 7.005
6.267 6.285 6.301 6.316 6.330 6.344 6.358 6.371 6.383 6.396 6.407 6.419 6.430 6.441 6.451 6.461 6.471 6.481 6.491 6.500 6.509 6.519 6.528 6.537 6.546 6.555 6.562 6.571 6.579 6.588 6.597 6.606 6.616 6.625 6.635 6.644 6.654 6.664 6.674 6.683 6.693 6.702 6.712 6.721 6.730 6.740 6.749 6.758 6.766 6.773 6.781 6.789 6.796 6.804 6.812 6.820 6.828 6.836 6.845 6.853 6.862 6.871 6.880 6.889 6.898 6.907 6.916 6.926 6.936 6.946 6.955 6.964 6.973 6.982 6.991 7.000 7.009
6.254 6.274 6.292 6.309 6.326 6.342 6.357 6.371 6.385 6.398 6.410 6.423 6.434 6.446 6.457 6.467 6.478 6.488 6.497 6.507 6.516 6.526 6.535 6.545 6.554 6.561 6.569 6.577 6.586 6.594 6.603 6.612 6.622 6.631 6.641 6.650 6.660 6.669 6.679 6.689 6.698 6.708 6.717 6.727 6.736 6.745 6.755 6.764 6.772 6.779 6.787 6.794 6.802 6.809 6.817 6.825 6.833 6.841 6.850 6.858 6.867 6.875 6.884 6.893 6.902 6.911 6.920 6.929 6.939 6.949 6.958 6.967 6.976 6.985 6.993 7.002 7.011
6.235 6.257 6.278 6.297 6.316 6.334 6.351 6.367 6.382 6.397 6.411 6.424 6.437 6.449 6.461 6.472 6.483 6.493 6.503 6.513 6.523 6.532 6.542 6.552 6.560 6.568 6.576 6.584 6.592 6.601 6.610 6.618 6.628 6.637 6.646 6.656 6.665 6.675 6.684 6.694 6.704 6.713 6.723 6.732 6.741 6.751 6.760 6.769 6.777 6.784 6.792 6.800 6.807 6.815 6.822 6.830 6.838 6.846 6.854 6.863 6.871 6.879 6.888 6.897 6.905 6.914 6.923 6.932 6.942 6.952 6.961 6.970 6.978 6.987 6.996 7.005 7.014
6.211 6.235 6.257 6.279 6.300 6.320 6.340 6.358 6.375 6.392 6.408 6.422 6.436 6.450 6.462 6.475 6.486 6.497 6.508 6.518 6.528 6.538 6.548 6.558 6.566 6.574 6.582 6.590 6.598 6.607 6.616 6.624 6.633 6.642 6.652 6.661 6.670 6.680 6.689 6.699 6.709 6.718 6.728 6.737 6.746 6.756 6.765 6.774 6.782 6.789 6.797 6.805 6.812 6.820 6.827 6.835 6.843 6.851 6.859 6.867 6.875 6.883 6.892 6.900 6.909 6.917 6.926 6.935 6.945 6.954 6.963 6.972 6.980 6.989 6.997 7.006 7.015
6.184 6.209 6.232 6.255 6.278 6.301 6.322 6.343 6.363 6.382 6.399 6.416 6.432 6.447 6.461 6.474 6.487 6.499 6.511 6.522 6.533 6.543 6.553 6.563 6.572 6.580 6.588 6.596 6.604 6.613 6.621 6.630 6.639 6.648 6.657 6.666 6.676 6.685 6.694 6.704 6.713 6.723 6.732 6.742 6.751 6.761 6.770 6.779 6.786 6.794 6.802 6.809 6.817 6.824 6.832 6.839 6.847 6.855 6.863 6.871 6.879 6.887 6.895 6.903 6.912 6.920 6.929 6.938 6.947 6.956 6.965 6.973 6.982 6.990 6.999 7.007 7.016
6.157 6.181 6.204 6.228 6.252 6.276 6.299 6.322 6.344 6.365 6.385 6.404 6.422 6.439 6.455 6.470 6.485 6.498 6.511 6.523 6.535 6.546 6.557 6.567 6.576 6.585 6.593 6.601 6.610 6.618 6.627 6.635 6.644 6.653 6.662 6.671 6.680 6.690 6.699 6.708 6.718 6.727 6.737 6.746 6.755 6.765 6.774 6.783 6.791 6.798 6.806 6.814 6.821 6.828 6.836 6.844 6.851 6.859 6.866 6.874 6.882 6.890 6.898 6.906 6.915 6.923 6.931 6.940 6.949 6.958 6.967 6.975 6.983 6.991 7.000 7.008 7.017
6.133 6.155 6.177 6.200 6.224 6.248 6.272 6.296 6.319 6.342 6.364 6.386 6.406 6.426 6.444 6.461 6.478 6.493 6.507 6.521 6.534 6.546 6.558 6.569 6.579 6.588 6.597 6.605 6.614 6.623 6.631 6.640 6.649 6.658 6.667 6.676 6.685 6.694 6.703 6.713 6.722 6.731 6.741 6.750 6.759 6.769 6.778 6.787 6.795 6.802 6.810 6.817 6.825 6.832 6.840 6.847 6.855 6.862 6.870 6.878 6.885 6.893 6.901 6.909 6.917 6.925 6.933 6.942 6.951 6.960 6.968 6.976 6.984 6.992 7.000 7.009 7.017
6.114 6.133 6.153 6.174 6.196 6.219 6.243 6.267 6.291 6.315 6.338 6.361 6.384 6.405 6.426 6.446 6.465 6.482 6.499 6.514 6.529 6.543 6.556 6.568 6.579 6.589 6.599 6.608 6.617 6.626 6.635 6.644 6.653 6.662 6.671 6.680 6.689 6.698 6.707 6.716 6.726 6.735 6.744 6.754 6.763 6.772 6.782 6.791 6.798 6.806 6.814 6.821 6.829 6.836 6.843 6.851 6.858 6.866 6.873 6.881 6.888 6.896 6.903 6.911 6.919 6.927 6.935 6.944 6.952 6.961 6.969 6.977 6.985 6.993 7.001 7.009 7.017
6.099 6.117 6.134 6.153 6.173 6.194 6.215 6.238 6.261 6.285 6.309 6.333 6.356 6.380 6.402 6.424 6.445 6.465 6.484 6.502 6.519 6.534 6.549 6.564 6.576 6.587 6.598 6.608 6.618 6.627 6.637 6.646 6.655 6.665 6.674 6.683 6.692 6.701 6.710 6.720 6.729 6.738 6.748 6.757 6.766 6.776 6.785 6.794 6.802 6.809 6.817 6.824 6.832 6.839 6.846 6.854 6.861 6.869 6.876 6.883 6.891 6.898 6.906 6.913 6.921 6.929 6.937 6.945 6.953 6.962 6.970 6.977 6.985 6.993 7.000 7.008 7.017
6.091 6.106 6.121 6.137 6.154 6.173 6.192 6.213 6.234 6.257 6.279 6.303 6.326 6.350 6.374 6.397 6.419 6.441 6.463 6.483 6.502 6.520 6.537 6.554 6.568 6.581 6.593 6.605 6.616 6.626 6.637 6.647 6.657 6.666 6.676 6.685 6.694 6.704 6.713 6.722 6.732 6.741 6.750 6.760 6.769 6.778 6.788 6.796 6.804 6.812 6.819 6.827 6.834 6.842 6.849 6.856 6.864 6.871 6.878 6.886 6.893 6.900 6.908 6.915 6.923 6.930 6.938 6.946 6.954 6.962 6.970 6.978 6.985 6.993 7.000 7.008 7.016
6.088 6.100 6.113 6.127 6.142 6.158 6.175 6.193 6.212 6.232 6.253 6.274 6.297 6.320 6.343 6.366 6.390 6.413 6.436 6.458 6.479 6.499 6.519 6.538 6.554 6.569 6.584 6.597 6.610 6.622 6.633 6.644 6.655 6.665 6.675 6.685 6.695 6.705 6.714 6.724 6.733 6.743 6.752 6.761 6.771 6.780 6.790 6.798 6.806 6.814 6.822 6.829 6.837 6.844 6.851 6.859 6.866 6.873 6.880 6.887 6.895 6.902 6.909 6.916 6.924 6.931 6.939 6.947 6.955 6.963 6.971 6.978 6.985 6.992 7.000 7.007 7.015
6.089 6.100 6.110 6.122 6.135 6.148 6.163 6.178 6.195 6.213 6.231 6.250 6.271 6.292 6.314 6.336 6.359 6.382 6.405 6.428 6.451 6.473 6.494 6.515 6.534 6.552 6.568 6.584 6.598 6.612 6.626 6.638 6.650 6.662 6.673 6.683 6.694 6.704 6.714 6.724 6.733 6.743 6.753 6.762 6.772 6.781 6.791 6.800 6.808 6.815 6.823 6.831 6.838 6.846 6.853 6.860 6.867 6.875 6.882 6.889 6.896 6.903 6.910 6.917 6.925 6.932 6.939 6.947 6.955 6.963 6.971 6.978 6.985 6.992 6.999 7.006 7.014
6.095 6.104 6.113 6.122 6.133 6.145 6.157 6.170 6.184 6.199 6.215 6.232 6.250 6.269 6.288 6.309 6.330 6.352 6.374 6.397 6.420 6.443 6.465 6.487 6.508 6.527 6.546 6.564 6.581 6.597 6.612 6.627 6.641 6.654 6.666 6.678 6.689 6.700 6.711 6.721 6.732 6.742 6.752 6.762 6.771 6.781 6.791 6.800 6.808 6.816 6.824 6.831 6.839 6.846 6.854 6.861 6.868 6.875 6.883 6.890 6.897 6.904 6.911 6.918 6.925 6.932 6.940 6.947 6.955 6.963 6.970 6.977 6.984 6.991 6.998 7.005 7.013
6.104 6.112 6.119 6.127 6.136 6.146 6.156 6.167 6.179 6.192 6.206 6.220 6.235 6.252 6.269 6.287 6.306 6.326 6.346 6.368 6.389 6.412 6.434 6.457 6.478 6.499 6.519 6.538 6.557 6.576 6.593 6.610 6.625 6.640 6.654 6.668 6.681 6.693 6.705 6.716 6.727 6.738 6.749 6.759 6.769 6.780 6.790 6.799 6.807 6.815 6.823 6.831 6.839 6.846 6.854 6.861 6.868 6.876 6.883 6.890 6.897 6.904 6.911 6.918 6.925 6.932 6.939 6.947 6.954 6.962 6.970 6.976 6.983 6.990 6.997 7.004 7.011
6.116 6.122 6.128 6.135 6.143 6.151 6.160 6.169 6.179 6.190 6.201 6.214 6.227 6.241 6.255 6.271 6.288 6.305 6.323 6.342 6.362 6.383 6.404 6.426 6.447 6.468 6.488 6.509 6.529 6.549 6.568 6.587 6.605 6.621 6.638 6.653 6.667 6.681 6.694 6.707 6.719 6.731 6.743 6.754 6.765 6.776 6.786 6.796 6.805 6.813 6.821 6.829 6.837 6.845 6.853 6.860 6.868 6.875 6.882 6.889 6.896 6.903 6.910 6.917 6.924 6.931 6.938 6.946 6.953 6.961 6.969 6.975 6.982 6.988 6.995 7.002 7.009
