TsunamiDB/out54066.asc
ncols          264
nrows          230
xllcorner      497853.4375
yllcorner      4229146.0000
cellsize         5.
NODATA_value   -99
[rows 165 to 197 of 230, columns 75 to 149 of 264]
5.469 5.493 5.517 5.542 5.567 5.592 5.617 5.642 5.666 5.690 5.714 5.737 5.760 5.783 5.804 5.825 5.845 5.864 5.882 5.899 5.915 5.930 5.944 5.958 5.970 5.981 5.994 6.007 6.021 6.036 6.051 6.068 6.087 6.106 6.126 6.147 6.169 6.191 6.214 6.237 6.260 6.283 6.305 6.328 6.350 6.371 6.392 6.411 6.429 6.447 6.465 6.482 6.499 6.516 6.532 6.548 6.565 6.581 6.598 6.614 6.631 6.648 6.664 6.681 6.698 6.714 6.729 6.744 6.759 6.773 6.785 6.797 6.810 6.823 6.837
5.477 5.501 5.525 5.550 5.575 5.599 5.624 5.649 5.673 5.697 5.721 5.745 5.768 5.791 5.814 5.835 5.856 5.876 5.895 5.913 5.930 5.946 5.961 5.975 5.987 5.999 6.011 6.023 6.036 6.050 6.064 6.080 6.096 6.114 6.133 6.153 6.173 6.195 6.217 6.239 6.261 6.284 6.306 6.328 6.350 6.372 6.392 6.412 6.430 6.449 6.467 6.484 6.502 6.519 6.535 6.552 6.569 6.586 6.603 6.620 6.637 6.655 6.672 6.690 6.707 6.724 6.741 6.757 6.773 6.788 6.802 6.814 6.827 6.841 6.854
5.486 5.510 5.533 5.557 5.582 5.606 5.631 5.655 5.679 5.704 5.728 5.752 5.775 5.799 5.822 5.844 5.865 5.886 5.906 5.925 5.943 5.960 5.976 5.991 6.004 6.016 6.028 6.040 6.053 6.065 6.079 6.093 6.108 6.124 6.141 6.160 6.179 6.200 6.221 6.242 6.264 6.286 6.308 6.330 6.351 6.373 6.393 6.413 6.431 6.450 6.468 6.486 6.504 6.521 6.538 6.555 6.572 6.589 6.607 6.624 6.642 6.661 6.679 6.697 6.716 6.734 6.752 6.769 6.786 6.802 6.817 6.830 6.844 6.858 6.872
5.495 5.518 5.541 5.565 5.589 5.613 5.637 5.661 5.686 5.710 5.734 5.758 5.782 5.805 5.828 5.851 5.873 5.895 5.916 5.936 5.955 5.973 5.989 6.005 6.019 6.032 6.045 6.057 6.069 6.081 6.094 6.107 6.121 6.136 6.152 6.169 6.187 6.206 6.226 6.247 6.268 6.289 6.310 6.332 6.353 6.374 6.395 6.414 6.433 6.452 6.470 6.488 6.506 6.523 6.541 6.558 6.575 6.593 6.610 6.629 6.647 6.666 6.685 6.704 6.723 6.742 6.761 6.779 6.797 6.815 6.830 6.845 6.859 6.874 6.889
5.504 5.527 5.550 5.573 5.597 5.620 5.644 5.668 5.691 5.715 5.739 5.763 5.787 5.810 5.834 5.857 5.880 5.902 5.924 5.944 5.964 5.983 6.001 6.018 6.033 6.047 6.060 6.073 6.086 6.098 6.110 6.122 6.135 6.149 6.164 6.180 6.196 6.214 6.233 6.253 6.273 6.293 6.314 6.335 6.356 6.377 6.397 6.417 6.435 6.454 6.472 6.490 6.508 6.526 6.543 6.561 6.578 6.596 6.614 6.632 6.651 6.670 6.690 6.709 6.729 6.749 6.769 6.789 6.808 6.826 6.843 6.859 6.874 6.890 6.905
5.514 5.536 5.559 5.582 5.605 5.628 5.651 5.674 5.697 5.721 5.744 5.768 5.792 5.815 5.839 5.862 5.885 5.908 5.930 5.952 5.972 5.992 6.011 6.029 6.045 6.060 6.074 6.088 6.101 6.113 6.126 6.138 6.150 6.163 6.177 6.192 6.207 6.224 6.242 6.260 6.279 6.299 6.319 6.340 6.360 6.380 6.401 6.420 6.438 6.457 6.475 6.493 6.511 6.529 6.546 6.564 6.581 6.599 6.617 6.636 6.655 6.674 6.694 6.715 6.735 6.756 6.776 6.797 6.817 6.836 6.854 6.871 6.888 6.905 6.921
5.524 5.546 5.568 5.590 5.613 5.635 5.658 5.681 5.703 5.726 5.749 5.773 5.796 5.820 5.843 5.866 5.890 5.913 5.935 5.957 5.979 5.999 6.019 6.038 6.055 6.071 6.087 6.101 6.115 6.128 6.141 6.153 6.165 6.178 6.191 6.205 6.219 6.235 6.251 6.269 6.287 6.306 6.325 6.345 6.365 6.385 6.405 6.424 6.442 6.460 6.479 6.497 6.515 6.533 6.550 6.567 6.585 6.603 6.621 6.640 6.659 6.678 6.699 6.719 6.740 6.762 6.783 6.804 6.825 6.846 6.865 6.883 6.901 6.919 6.936
5.535 5.557 5.578 5.600 5.622 5.644 5.666 5.688 5.710 5.732 5.755 5.778 5.801 5.824 5.847 5.870 5.893 5.916 5.939 5.962 5.984 6.005 6.026 6.046 6.064 6.080 6.097 6.113 6.127 6.141 6.155 6.167 6.180 6.192 6.205 6.218 6.232 6.246 6.262 6.278 6.296 6.314 6.332 6.352 6.371 6.391 6.410 6.429 6.447 6.465 6.484 6.502 6.519 6.537 6.555 6.572 6.589 6.607 6.625 6.644 6.663 6.683 6.703 6.724 6.746 6.767 6.789 6.811 6.833 6.855 6.875 6.894 6.913 6.932 6.950
5.546 5.567 5.589 5.610 5.632 5.653 5.674 5.696 5.717 5.739 5.761 5.783 5.805 5.828 5.851 5.874 5.897 5.920 5.943 5.965 5.988 6.010 6.031 6.051 6.070 6.088 6.106 6.122 6.138 6.153 6.167 6.180 6.193 6.206 6.218 6.231 6.245 6.259 6.273 6.289 6.305 6.323 6.341 6.359 6.378 6.397 6.417 6.434 6.452 6.471 6.489 6.507 6.525 6.543 6.560 6.577 6.595 6.612 6.630 6.649 6.668 6.688 6.708 6.729 6.751 6.773 6.796 6.819 6.842 6.864 6.884 6.904 6.925 6.945 6.964
5.558 5.579 5.600 5.621 5.642 5.663 5.683 5.704 5.725 5.746 5.767 5.788 5.810 5.832 5.855 5.877 5.900 5.923 5.946 5.968 5.991 6.013 6.035 6.056 6.075 6.094 6.113 6.130 6.147 6.163 6.178 6.192 6.205 6.218 6.231 6.244 6.257 6.271 6.285 6.300 6.316 6.332 6.350 6.368 6.386 6.405 6.424 6.441 6.459 6.478 6.496 6.514 6.532 6.549 6.567 6.584 6.601 6.619 6.637 6.655 6.674 6.694 6.714 6.735 6.757 6.779 6.802 6.826 6.849 6.872 6.893 6.915 6.936 6.957 6.978
5.570 5.590 5.611 5.632 5.653 5.673 5.693 5.714 5.734 5.754 5.774 5.795 5.816 5.837 5.859 5.881 5.903 5.926 5.948 5.971 5.994 6.016 6.038 6.059 6.079 6.099 6.118 6.137 6.154 6.171 6.187 6.202 6.216 6.230 6.243 6.256 6.269 6.283 6.297 6.311 6.327 6.343 6.359 6.377 6.395 6.414 6.431 6.449 6.467 6.485 6.503 6.522 6.539 6.557 6.574 6.592 6.609 6.626 6.644 6.662 6.681 6.700 6.721 6.742 6.764 6.786 6.810 6.833 6.857 6.880 6.903 6.925 6.947 6.969 6.991
5.581 5.602 5.623 5.644 5.664 5.684 5.704 5.724 5.743 5.763 5.783 5.802 5.823 5.843 5.864 5.885 5.907 5.929 5.951 5.974 5.996 6.019 6.041 6.062 6.082 6.102 6.122 6.141 6.160 6.178 6.194 6.210 6.225 6.240 6.254 6.267 6.281 6.294 6.308 6.322 6.337 6.353 6.369 6.386 6.404 6.422 6.440 6.457 6.475 6.494 6.512 6.530 6.548 6.566 6.583 6.601 6.618 6.635 6.653 6.671 6.689 6.708 6.729 6.749 6.771 6.794 6.817 6.841 6.866 6.889 6.912 6.936 6.959 6.982 7.004
5.593 5.614 5.635 5.656 5.676 5.696 5.716 5.735 5.754 5.773 5.792 5.811 5.830 5.850 5.870 5.890 5.911 5.933 5.954 5.976 5.998 6.021 6.043 6.064 6.084 6.105 6.125 6.145 6.164 6.183 6.200 6.217 6.233 6.248 6.263 6.277 6.291 6.305 6.319 6.333 6.348 6.363 6.379 6.396 6.413 6.431 6.449 6.466 6.484 6.503 6.521 6.539 6.558 6.576 6.593 6.611 6.628 6.645 6.663 6.680 6.699 6.718 6.738 6.758 6.780 6.803 6.826 6.850 6.875 6.899 6.923 6.947 6.970 6.994 7.018
5.605 5.626 5.647 5.668 5.688 5.708 5.728 5.747 5.765 5.784 5.802 5.820 5.839 5.858 5.877 5.896 5.917 5.937 5.958 5.979 6.001 6.023 6.045 6.066 6.086 6.107 6.128 6.148 6.168 6.187 6.205 6.223 6.240 6.256 6.271 6.286 6.300 6.315 6.329 6.343 6.358 6.374 6.389 6.406 6.423 6.441 6.458 6.475 6.494 6.512 6.531 6.549 6.568 6.586 6.604 6.621 6.639 6.656 6.674 6.691 6.709 6.728 6.748 6.768 6.790 6.812 6.836 6.860 6.885 6.909 6.933 6.958 6.983 7.007 7.032
5.617 5.638 5.659 5.680 5.701 5.720 5.740 5.759 5.777 5.795 5.813 5.831 5.849 5.867 5.885 5.904 5.923 5.942 5.963 5.983 6.004 6.025 6.047 6.068 6.088 6.109 6.130 6.151 6.171 6.191 6.210 6.228 6.245 6.262 6.278 6.294 6.309 6.324 6.338 6.353 6.368 6.383 6.399 6.416 6.433 6.450 6.468 6.485 6.503 6.522 6.541 6.560 6.578 6.597 6.615 6.633 6.651 6.668 6.686 6.704 6.722 6.740 6.759 6.780 6.801 6.823 6.846 6.871 6.896 6.921 6.945 6.970 6.996 7.021 7.046
5.628 5.649 5.671 5.692 5.713 5.733 5.752 5.771 5.790 5.808 5.825 5.843 5.860 5.877 5.895 5.912 5.931 5.949 5.968 5.988 6.008 6.029 6.050 6.070 6.090 6.111 6.132 6.153 6.174 6.194 6.213 6.232 6.250 6.267 6.284 6.301 6.316 6.332 6.347 6.362 6.377 6.393 6.409 6.425 6.442 6.460 6.477 6.494 6.513 6.532 6.551 6.570 6.589 6.608 6.627 6.645 6.663 6.681 6.699 6.717 6.735 6.753 6.772 6.792 6.813 6.835 6.858 6.882 6.908 6.933 6.958 6.983 7.009 7.035 7.061
5.639 5.661 5.682 5.704 5.724 5.745 5.765 5.784 5.802 5.820 5.838 5.855 5.872 5.889 5.905 5.922 5.940 5.957 5.975 5.994 6.013 6.033 6.054 6.073 6.093 6.114 6.135 6.155 6.176 6.196 6.216 6.235 6.254 6.272 6.290 6.307 6.323 6.339 6.355 6.370 6.386 6.401 6.417 6.434 6.451 6.469 6.486 6.504 6.522 6.541 6.561 6.580 6.600 6.619 6.639 6.658 6.676 6.695 6.713 6.731 6.749 6.767 6.786 6.806 6.827 6.848 6.871 6.895 6.921 6.946 6.971 6.997 7.024 7.050 7.077
5.650 5.672 5.693 5.715 5.736 5.757 5.777 5.796 5.815 5.833 5.851 5.868 5.884 5.901 5.917 5.934 5.950 5.967 5.984 6.002 6.020 6.039 6.059 6.078 6.097 6.117 6.137 6.158 6.179 6.199 6.219 6.239 6.258 6.277 6.295 6.312 6.329 6.346 6.362 6.378 6.394 6.410 6.426 6.443 6.460 6.478 6.495 6.513 6.531 6.551 6.570 6.590 6.611 6.631 6.650 6.670 6.689 6.708 6.727 6.745 6.763 6.782 6.801 6.821 6.841 6.863 6.886 6.910 6.935 6.960 6.985 7.012 7.039 7.066 7.093
5.661 5.682 5.704 5.726 5.747 5.768 5.788 5.808 5.827 5.846 5.863 5.881 5.897 5.914 5.930 5.946 5.962 5.978 5.994 6.011 6.028 6.046 6.065 6.083 6.101 6.121 6.141 6.161 6.182 6.202 6.222 6.242 6.262 6.281 6.299 6.317 6.335 6.352 6.368 6.385 6.401 6.418 6.434 6.451 6.468 6.486 6.504 6.521 6.540 6.560 6.580 6.600 6.621 6.641 6.662 6.682 6.702 6.722 6.741 6.760 6.779 6.797 6.817 6.836 6.857 6.878 6.901 6.925 6.950 6.975 7.001 7.027 7.054 7.082 7.110
5.671 5.693 5.715 5.736 5.758 5.779 5.800 5.820 5.839 5.858 5.876 5.894 5.911 5.927 5.943 5.959 5.974 5.990 6.005 6.021 6.038 6.055 6.072 6.090 6.107 6.126 6.146 6.165 6.186 6.206 6.226 6.246 6.265 6.285 6.304 6.322 6.340 6.358 6.375 6.392 6.408 6.425 6.442 6.459 6.476 6.494 6.512 6.530 6.549 6.568 6.589 6.610 6.631 6.652 6.673 6.694 6.715 6.735 6.755 6.775 6.794 6.813 6.833 6.852 6.873 6.894 6.917 6.940 6.965 6.991 7.016 7.043 7.071 7.099 7.127
5.682 5.703 5.725 5.747 5.768 5.790 5.810 5.831 5.851 5.870 5.888 5.906 5.924 5.940 5.956 5.972 5.987 6.003 6.018 6.033 6.049 6.065 6.081 6.098 6.114 6.132 6.151 6.171 6.190 6.210 6.230 6.250 6.270 6.289 6.308 6.327 6.345 6.363 6.381 6.398 6.415 6.432 6.449 6.467 6.484 6.502 6.520 6.538 6.557 6.577 6.597 6.619 6.640 6.662 6.683 6.705 6.727 6.748 6.769 6.789 6.809 6.829 6.849 6.869 6.890 6.911 6.933 6.957 6.982 7.007 7.033 7.060 7.088 7.116 7.145
5.692 5.713 5.735 5.757 5.778 5.800 5.821 5.841 5.862 5.881 5.900 5.919 5.936 5.953 5.970 5.986 6.001 6.016 6.031 6.046 6.061 6.076 6.092 6.107 6.123 6.140 6.158 6.177 6.196 6.215 6.235 6.255 6.274 6.294 6.313 6.332 6.351 6.369 6.387 6.405 6.422 6.439 6.457 6.474 6.492 6.510 6.527 6.545 6.564 6.585 6.605 6.627 6.649 6.671 6.693 6.716 6.738 6.760 6.782 6.803 6.824 6.844 6.865 6.885 6.906 6.928 6.950 6.974 6.999 7.024 7.049 7.077 7.105 7.134 7.163
5.703 5.723 5.745 5.766 5.788 5.810 5.831 5.852 5.872 5.892 5.912 5.930 5.949 5.966 5.983 5.999 6.015 6.030 6.045 6.059 6.074 6.088 6.103 6.118 6.133 6.149 6.167 6.184 6.203 6.222 6.241 6.260 6.280 6.299 6.319 6.338 6.356 6.375 6.393 6.411 6.429 6.446 6.464 6.481 6.499 6.517 6.535 6.553 6.572 6.592 6.613 6.635 6.657 6.680 6.703 6.726 6.749 6.772 6.794 6.816 6.838 6.859 6.881 6.902 6.923 6.945 6.967 6.991 7.015 7.041 7.066 7.093 7.122 7.151 7.180
5.714 5.734 5.755 5.776 5.798 5.819 5.840 5.861 5.882 5.902 5.922 5.941 5.960 5.978 5.995 6.012 6.028 6.044 6.058 6.073 6.087 6.102 6.116 6.130 6.145 6.160 6.176 6.193 6.211 6.229 6.248 6.267 6.286 6.305 6.325 6.344 6.363 6.381 6.399 6.418 6.435 6.453 6.471 6.488 6.506 6.524 6.542 6.560 6.579 6.599 6.620 6.642 6.665 6.688 6.711 6.735 6.759 6.782 6.806 6.829 6.851 6.874 6.896 6.917 6.939 6.961 6.984 7.008 7.032 7.057 7.083 7.110 7.139 7.168 7.198
5.725 5.745 5.765 5.786 5.807 5.829 5.850 5.871 5.892 5.912 5.932 5.952 5.971 5.989 6.007 6.024 6.041 6.057 6.072 6.087 6.101 6.116 6.130 6.143 6.157 6.172 6.188 6.204 6.221 6.238 6.256 6.275 6.294 6.312 6.331 6.350 6.369 6.388 6.406 6.424 6.442 6.460 6.478 6.495 6.513 6.531 6.549 6.566 6.586 6.606 6.627 6.649 6.672 6.695 6.719 6.743 6.768 6.792 6.816 6.840 6.864 6.887 6.910 6.932 6.955 6.977 7.000 7.024 7.049 7.073 7.099 7.126 7.155 7.185 7.215
5.737 5.756 5.776 5.797 5.817 5.838 5.859 5.880 5.901 5.921 5.942 5.962 5.981 6.000 6.018 6.036 6.053 6.070 6.085 6.101 6.115 6.130 6.144 6.157 6.170 6.185 6.200 6.215 6.232 6.248 6.266 6.284 6.302 6.321 6.339 6.358 6.377 6.395 6.414 6.432 6.450 6.467 6.485 6.503 6.520 6.538 6.555 6.573 6.592 6.612 6.633 6.655 6.678 6.702 6.726 6.751 6.776 6.801 6.826 6.851 6.875 6.899 6.923 6.946 6.969 6.992 7.016 7.040 7.064 7.089 7.115 7.142 7.171 7.200 7.231
5.751 5.769 5.788 5.808 5.828 5.848 5.868 5.889 5.910 5.930 5.951 5.971 5.991 6.010 6.029 6.047 6.065 6.082 6.098 6.114 6.129 6.144 6.158 6.171 6.184 6.198 6.213 6.228 6.244 6.260 6.277 6.294 6.312 6.330 6.348 6.366 6.385 6.403 6.422 6.440 6.457 6.475 6.493 6.510 6.528 6.545 6.562 6.579 6.598 6.618 6.639 6.661 6.684 6.708 6.733 6.758 6.783 6.809 6.835 6.861 6.886 6.911 6.935 6.959 6.983 7.006 7.030 7.055 7.079 7.104 7.129 7.157 7.186 7.215 7.246
5.765 5.783 5.801 5.819 5.839 5.858 5.878 5.898 5.919 5.939 5.960 5.980 6.000 6.019 6.039 6.057 6.075 6.093 6.110 6.126 6.142 6.157 6.171 6.184 6.198 6.212 6.226 6.241 6.256 6.272 6.288 6.305 6.322 6.340 6.358 6.376 6.394 6.412 6.430 6.448 6.466 6.483 6.501 6.518 6.535 6.552 6.568 6.586 6.605 6.625 6.645 6.667 6.690 6.714 6.739 6.764 6.790 6.816 6.843 6.869 6.895 6.921 6.946 6.971 6.995 7.019 7.044 7.068 7.093 7.117 7.143 7.171 7.200 7.229 7.260
5.782 5.798 5.815 5.833 5.851 5.869 5.889 5.908 5.928 5.948 5.968 5.989 6.009 6.028 6.048 6.067 6.085 6.104 6.121 6.138 6.154 6.170 6.184 6.198 6.212 6.226 6.240 6.255 6.270 6.285 6.301 6.317 6.334 6.351 6.368 6.386 6.404 6.422 6.440 6.457 6.475 6.492 6.509 6.526 6.543 6.559 6.576 6.593 6.611 6.631 6.651 6.673 6.695 6.719 6.744 6.769 6.796 6.823 6.850 6.877 6.903 6.930 6.956 6.981 7.006 7.031 7.056 7.081 7.105 7.130 7.156 7.183 7.212 7.242 7.273
5.800 5.815 5.831 5.847 5.864 5.882 5.900 5.919 5.938 5.957 5.977 5.997 6.017 6.037 6.057 6.076 6.095 6.113 6.131 6.149 6.166 6.182 6.197 6.211 6.225 6.240 6.254 6.269 6.284 6.299 6.314 6.330 6.346 6.363 6.380 6.397 6.415 6.432 6.450 6.467 6.484 6.501 6.518 6.535 6.551 6.567 6.583 6.600 6.618 6.637 6.657 6.678 6.700 6.724 6.749 6.774 6.801 6.828 6.856 6.883 6.911 6.938 6.965 6.991 7.016 7.042 7.067 7.092 7.116 7.141 7.167 7.195 7.224 7.254 7.285
5.821 5.835 5.849 5.864 5.879 5.896 5.912 5.930 5.948 5.967 5.986 6.006 6.026 6.045 6.065 6.084 6.104 6.123 6.141 6.159 6.176 6.193 6.209 6.223 6.238 6.253 6.268 6.282 6.297 6.312 6.327 6.343 6.359 6.375 6.392 6.409 6.426 6.443 6.460 6.477 6.494 6.511 6.527 6.544 6.560 6.575 6.591 6.607 6.624 6.643 6.662 6.683 6.705 6.728 6.753 6.779 6.805 6.833 6.861 6.889 6.917 6.944 6.972 6.999 7.025 7.051 7.076 7.101 7.126 7.151 7.177 7.205 7.234 7.264 7.295
5.843 5.856 5.869 5.882 5.896 5.911 5.927 5.943 5.960 5.978 5.996 6.015 6.034 6.054 6.073 6.093 6.112 6.131 6.150 6.168 6.186 6.204 6.220 6.235 6.250 6.266 6.281 6.296 6.311 6.326 6.341 6.356 6.372 6.388 6.404 6.421 6.438 6.454 6.471 6.488 6.504 6.521 6.537 6.553 6.569 6.584 6.599 6.615 6.631 6.649 6.668 6.688 6.710 6.733 6.757 6.783 6.809 6.837 6.865 6.893 6.922 6.950 6.978 7.005 7.032 7.058 7.084 7.110 7.135 7.160 7.186 7.213 7.242 7.273 7.304
5.867 5.879 5.891 5.903 5.916 5.929 5.943 5.958 5.974 5.990 6.007 6.025 6.044 6.063 6.082 6.101 6.120 6.139 6.158 6.177 6.195 6.213 6.230 6.246 6.262 6.277 6.293 6.308 6.324 6.339 6.354 6.369 6.385 6.401 6.417 6.433 6.449 6.466 6.482 6.499 6.515 6.531 6.547 6.563 6.579 6.593 6.608 6.623 6.639 6.656 6.674 6.694 6.715 6.737 6.761 6.786 6.813 6.840 6.868 6.897 6.926 6.955 6.983 7.011 7.038 7.065 7.091 7.117 7.143 7.167 7.193 7.221 7.249 7.280 7.311
