TsunamiDB/out54102.asc
ncols          264
nrows          230
xllcorner      497853.4375
yllcorner      4229146.0000
cellsize         5.
NODATA_value   -99
[rows 34 to 67 of 230, columns 154 to 230 of 264]
6.313 6.313 6.313 6.314 6.315 6.317 6.320 6.323 6.326 6.330 6.334 6.339 6.344 6.349 6.355 6.360 6.366 6.372 6.378 6.384 6.390 6.396 6.401 6.406 6.411 6.417 6.422 6.428 6.434 6.440 6.446 6.452 6.458 6.464 6.469 6.475 6.480 6.486 6.491 6.497 6.502 6.507 6.512 6.518 6.523 6.527 6.531 6.535 6.539 6.543 6.547 6.551 6.556 6.560 6.564 6.568 6.572 6.576 6.580 6.584 6.588 6.592 6.595 6.599 6.602 6.604 6.606 6.606 6.605 6.603 6.600 6.597 6.595 6.595 6.598 6.604 6.612
6.330 6.329 6.329 6.330 6.331 6.332 6.334 6.337 6.340 6.343 6.347 6.351 6.356 6.360 6.365 6.371 6.376 6.381 6.387 6.393 6.399 6.404 6.409 6.414 6.419 6.424 6.430 6.435 6.441 6.447 6.453 6.458 6.464 6.470 6.476 6.481 6.487 6.492 6.498 6.503 6.509 6.514 6.519 6.525 6.530 6.534 6.538 6.542 6.546 6.550 6.555 6.559 6.563 6.567 6.571 6.575 6.579 6.583 6.587 6.591 6.595 6.599 6.602 6.605 6.608 6.610 6.612 6.612 6.610 6.607 6.603 6.598 6.595 6.594 6.596 6.601 6.611
6.346 6.345 6.345 6.346 6.346 6.347 6.349 6.351 6.353 6.356 6.360 6.363 6.368 6.372 6.377 6.381 6.387 6.392 6.397 6.403 6.408 6.413 6.418 6.422 6.427 6.432 6.437 6.443 6.448 6.454 6.460 6.465 6.471 6.477 6.482 6.488 6.494 6.499 6.504 6.510 6.515 6.521 6.526 6.532 6.537 6.541 6.545 6.549 6.553 6.558 6.562 6.566 6.571 6.575 6.579 6.583 6.587 6.591 6.595 6.599 6.602 6.606 6.609 6.612 6.615 6.617 6.618 6.617 6.614 6.610 6.605 6.600 6.595 6.593 6.595 6.600 6.610
6.361 6.361 6.361 6.361 6.362 6.362 6.364 6.365 6.367 6.370 6.373 6.376 6.380 6.384 6.388 6.393 6.398 6.402 6.407 6.413 6.418 6.423 6.427 6.431 6.436 6.441 6.446 6.451 6.456 6.461 6.467 6.472 6.478 6.484 6.489 6.495 6.500 6.506 6.511 6.517 6.522 6.528 6.533 6.539 6.544 6.548 6.552 6.557 6.561 6.565 6.570 6.574 6.578 6.583 6.587 6.591 6.595 6.599 6.603 6.606 6.610 6.613 6.616 6.619 6.621 6.623 6.624 6.622 6.619 6.614 6.608 6.601 6.596 6.594 6.595 6.600 6.610
6.376 6.376 6.376 6.377 6.377 6.378 6.378 6.380 6.381 6.384 6.386 6.389 6.393 6.396 6.400 6.404 6.409 6.414 6.418 6.423 6.428 6.433 6.437 6.441 6.445 6.450 6.454 6.459 6.464 6.469 6.475 6.480 6.485 6.491 6.496 6.502 6.507 6.513 6.519 6.524 6.530 6.535 6.541 6.546 6.551 6.556 6.560 6.564 6.568 6.573 6.577 6.582 6.586 6.590 6.595 6.599 6.603 6.607 6.610 6.614 6.617 6.620 6.623 6.626 6.628 6.629 6.629 6.627 6.623 6.618 6.611 6.603 6.597 6.595 6.596 6.601 6.612
6.390 6.390 6.391 6.391 6.392 6.392 6.393 6.394 6.396 6.397 6.400 6.402 6.405 6.409 6.412 6.416 6.420 6.425 6.429 6.434 6.439 6.443 6.447 6.451 6.455 6.459 6.463 6.468 6.473 6.478 6.483 6.488 6.493 6.499 6.504 6.509 6.515 6.520 6.526 6.531 6.537 6.543 6.548 6.554 6.559 6.563 6.567 6.572 6.576 6.581 6.585 6.590 6.594 6.598 6.602 6.607 6.611 6.614 6.618 6.621 6.625 6.628 6.630 6.633 6.634 6.636 6.635 6.633 6.628 6.622 6.614 6.606 6.600 6.597 6.598 6.603 6.615
6.403 6.404 6.405 6.406 6.406 6.407 6.408 6.409 6.410 6.411 6.413 6.415 6.418 6.421 6.425 6.428 6.432 6.436 6.441 6.445 6.450 6.454 6.457 6.461 6.465 6.469 6.473 6.477 6.482 6.487 6.491 6.496 6.501 6.507 6.512 6.517 6.522 6.528 6.533 6.539 6.544 6.550 6.556 6.562 6.567 6.571 6.575 6.579 6.584 6.588 6.593 6.597 6.602 6.606 6.610 6.614 6.618 6.622 6.626 6.629 6.632 6.635 6.637 6.639 6.641 6.642 6.641 6.638 6.633 6.627 6.619 6.610 6.603 6.600 6.601 6.606 6.618
6.415 6.417 6.418 6.419 6.420 6.421 6.422 6.423 6.424 6.425 6.427 6.429 6.431 6.434 6.437 6.440 6.444 6.448 6.452 6.457 6.461 6.465 6.468 6.472 6.475 6.479 6.483 6.487 6.491 6.496 6.500 6.505 6.510 6.515 6.520 6.525 6.530 6.536 6.541 6.547 6.552 6.558 6.564 6.570 6.574 6.578 6.583 6.587 6.592 6.596 6.601 6.605 6.610 6.614 6.618 6.622 6.626 6.630 6.633 6.636 6.639 6.642 6.644 6.646 6.648 6.648 6.647 6.644 6.639 6.633 6.624 6.615 6.607 6.604 6.605 6.610 6.622
6.426 6.429 6.431 6.432 6.434 6.435 6.436 6.437 6.438 6.439 6.440 6.442 6.444 6.446 6.449 6.452 6.456 6.460 6.464 6.468 6.473 6.476 6.479 6.482 6.486 6.489 6.493 6.497 6.501 6.505 6.510 6.514 6.519 6.524 6.529 6.534 6.539 6.544 6.549 6.555 6.560 6.566 6.572 6.578 6.582 6.586 6.591 6.595 6.600 6.604 6.609 6.613 6.618 6.622 6.626 6.630 6.634 6.638 6.641 6.644 6.647 6.649 6.651 6.653 6.654 6.655 6.654 6.650 6.646 6.639 6.630 6.621 6.612 6.608 6.609 6.615 6.627
6.437 6.440 6.442 6.445 6.446 6.448 6.449 6.450 6.451 6.452 6.453 6.455 6.457 6.459 6.462 6.465 6.468 6.472 6.475 6.480 6.484 6.487 6.490 6.493 6.496 6.500 6.504 6.507 6.511 6.515 6.519 6.524 6.528 6.533 6.537 6.542 6.547 6.552 6.558 6.563 6.568 6.574 6.580 6.585 6.590 6.594 6.599 6.603 6.608 6.612 6.617 6.621 6.626 6.630 6.634 6.638 6.642 6.645 6.648 6.651 6.654 6.656 6.658 6.660 6.661 6.662 6.660 6.657 6.653 6.646 6.637 6.627 6.618 6.614 6.614 6.620 6.634
6.447 6.450 6.454 6.456 6.458 6.460 6.462 6.463 6.464 6.465 6.466 6.468 6.470 6.472 6.474 6.477 6.480 6.483 6.487 6.491 6.495 6.498 6.501 6.504 6.507 6.511 6.514 6.518 6.522 6.525 6.529 6.533 6.538 6.542 6.547 6.551 6.556 6.561 6.566 6.571 6.577 6.582 6.588 6.594 6.598 6.602 6.607 6.611 6.616 6.620 6.625 6.629 6.633 6.638 6.642 6.646 6.649 6.653 6.656 6.659 6.661 6.664 6.666 6.667 6.668 6.669 6.668 6.665 6.660 6.654 6.645 6.634 6.625 6.621 6.621 6.627 6.642
6.456 6.460 6.464 6.467 6.470 6.472 6.474 6.475 6.477 6.478 6.479 6.481 6.482 6.484 6.486 6.489 6.491 6.495 6.498 6.503 6.506 6.509 6.512 6.515 6.518 6.521 6.525 6.528 6.532 6.536 6.540 6.544 6.548 6.552 6.556 6.561 6.565 6.570 6.575 6.580 6.586 6.591 6.597 6.602 6.606 6.610 6.615 6.619 6.624 6.628 6.633 6.637 6.641 6.646 6.650 6.653 6.657 6.660 6.664 6.666 6.669 6.671 6.673 6.675 6.676 6.677 6.676 6.673 6.669 6.662 6.653 6.642 6.632 6.628 6.629 6.636 6.652
6.465 6.469 6.474 6.477 6.481 6.483 6.486 6.487 6.489 6.490 6.492 6.493 6.495 6.496 6.498 6.500 6.503 6.506 6.510 6.514 6.517 6.520 6.523 6.526 6.529 6.532 6.536 6.539 6.543 6.546 6.550 6.554 6.558 6.562 6.566 6.570 6.575 6.580 6.584 6.589 6.595 6.600 6.605 6.610 6.615 6.619 6.623 6.628 6.632 6.636 6.641 6.645 6.649 6.654 6.658 6.661 6.665 6.668 6.671 6.674 6.677 6.679 6.681 6.682 6.684 6.685 6.684 6.682 6.678 6.672 6.663 6.651 6.641 6.637 6.639 6.647 6.665
6.473 6.478 6.483 6.487 6.491 6.494 6.497 6.499 6.501 6.502 6.504 6.505 6.507 6.508 6.510 6.512 6.515 6.518 6.521 6.525 6.528 6.531 6.533 6.536 6.540 6.543 6.546 6.550 6.553 6.557 6.561 6.564 6.568 6.572 6.576 6.580 6.585 6.589 6.594 6.599 6.604 6.609 6.614 6.619 6.623 6.628 6.632 6.636 6.640 6.645 6.649 6.653 6.658 6.662 6.666 6.669 6.673 6.676 6.679 6.682 6.685 6.687 6.689 6.691 6.692 6.694 6.694 6.692 6.688 6.682 6.672 6.661 6.651 6.648 6.651 6.660 6.680
6.480 6.486 6.491 6.496 6.500 6.504 6.507 6.510 6.512 6.514 6.516 6.517 6.519 6.520 6.522 6.524 6.526 6.529 6.532 6.535 6.539 6.541 6.544 6.547 6.550 6.553 6.557 6.560 6.564 6.568 6.571 6.575 6.579 6.583 6.587 6.591 6.595 6.599 6.604 6.608 6.613 6.618 6.624 6.629 6.633 6.637 6.641 6.645 6.649 6.653 6.658 6.662 6.666 6.670 6.674 6.678 6.681 6.684 6.687 6.690 6.693 6.695 6.698 6.700 6.702 6.703 6.704 6.702 6.699 6.693 6.684 6.673 6.664 6.661 6.665 6.676 6.699
6.487 6.493 6.499 6.504 6.509 6.513 6.517 6.520 6.523 6.525 6.527 6.528 6.530 6.532 6.533 6.535 6.537 6.540 6.543 6.546 6.549 6.552 6.554 6.557 6.560 6.564 6.567 6.571 6.574 6.578 6.582 6.585 6.589 6.593 6.597 6.601 6.605 6.609 6.614 6.618 6.623 6.628 6.633 6.638 6.642 6.646 6.650 6.654 6.658 6.662 6.666 6.671 6.675 6.679 6.682 6.686 6.690 6.693 6.696 6.699 6.702 6.705 6.707 6.710 6.712 6.714 6.714 6.713 6.711 6.705 6.697 6.686 6.678 6.677 6.682 6.695 6.720
6.493 6.500 6.506 6.512 6.517 6.522 6.526 6.529 6.533 6.535 6.537 6.539 6.541 6.543 6.545 6.546 6.548 6.551 6.553 6.557 6.559 6.562 6.564 6.567 6.570 6.574 6.577 6.581 6.585 6.588 6.592 6.596 6.600 6.604 6.607 6.611 6.615 6.620 6.624 6.629 6.633 6.638 6.643 6.648 6.652 6.655 6.659 6.663 6.667 6.671 6.676 6.680 6.684 6.688 6.691 6.695 6.699 6.702 6.705 6.708 6.712 6.714 6.717 6.720 6.723 6.725 6.726 6.726 6.724 6.719 6.711 6.701 6.694 6.695 6.702 6.717 6.743
6.499 6.506 6.513 6.519 6.525 6.530 6.534 6.538 6.542 6.545 6.548 6.550 6.552 6.554 6.555 6.557 6.559 6.561 6.564 6.567 6.570 6.572 6.574 6.577 6.580 6.584 6.587 6.591 6.595 6.599 6.602 6.606 6.610 6.614 6.618 6.622 6.626 6.630 6.634 6.639 6.643 6.648 6.653 6.658 6.661 6.665 6.669 6.673 6.677 6.681 6.685 6.689 6.693 6.697 6.701 6.705 6.708 6.712 6.715 6.719 6.722 6.725 6.728 6.731 6.734 6.737 6.739 6.739 6.738 6.734 6.727 6.719 6.713 6.715 6.724 6.740 6.767
6.504 6.512 6.519 6.525 6.531 6.537 6.542 6.547 6.551 6.554 6.557 6.560 6.562 6.564 6.566 6.568 6.570 6.572 6.574 6.577 6.580 6.582 6.584 6.587 6.590 6.593 6.597 6.601 6.605 6.608 6.612 6.616 6.620 6.624 6.628 6.632 6.636 6.640 6.645 6.649 6.654 6.659 6.664 6.668 6.672 6.675 6.679 6.683 6.687 6.691 6.695 6.699 6.703 6.707 6.711 6.715 6.719 6.722 6.726 6.729 6.733 6.737 6.740 6.744 6.747 6.751 6.753 6.754 6.753 6.751 6.745 6.738 6.733 6.737 6.747 6.764 6.792
6.509 6.517 6.524 6.531 6.538 6.544 6.549 6.554 6.559 6.563 6.566 6.569 6.572 6.574 6.576 6.578 6.580 6.582 6.584 6.587 6.590 6.592 6.594 6.596 6.599 6.603 6.606 6.610 6.614 6.618 6.622 6.626 6.630 6.634 6.638 6.642 6.647 6.651 6.655 6.660 6.664 6.669 6.674 6.678 6.682 6.686 6.690 6.693 6.697 6.701 6.705 6.710 6.714 6.718 6.722 6.726 6.730 6.734 6.737 6.741 6.745 6.749 6.753 6.757 6.761 6.765 6.768 6.770 6.770 6.769 6.765 6.758 6.755 6.760 6.771 6.788 6.817
6.514 6.522 6.530 6.537 6.544 6.550 6.556 6.561 6.566 6.571 6.574 6.578 6.581 6.583 6.586 6.588 6.590 6.592 6.594 6.597 6.599 6.601 6.603 6.606 6.609 6.612 6.616 6.619 6.623 6.627 6.632 6.636 6.640 6.644 6.648 6.652 6.657 6.661 6.665 6.670 6.675 6.679 6.684 6.689 6.693 6.696 6.700 6.704 6.708 6.712 6.716 6.721 6.725 6.729 6.733 6.737 6.741 6.746 6.750 6.754 6.758 6.762 6.767 6.771 6.776 6.781 6.784 6.787 6.789 6.789 6.785 6.780 6.778 6.783 6.795 6.813 6.842
6.518 6.526 6.534 6.542 6.549 6.556 6.562 6.568 6.573 6.578 6.582 6.586 6.589 6.592 6.595 6.597 6.599 6.602 6.604 6.607 6.609 6.610 6.612 6.615 6.618 6.621 6.624 6.628 6.632 6.636 6.641 6.645 6.649 6.653 6.658 6.662 6.666 6.671 6.675 6.680 6.685 6.690 6.695 6.700 6.703 6.707 6.711 6.715 6.719 6.724 6.728 6.732 6.737 6.741 6.745 6.750 6.754 6.758 6.763 6.767 6.772 6.777 6.781 6.787 6.792 6.797 6.802 6.805 6.808 6.809 6.807 6.803 6.801 6.807 6.820 6.838 6.867
6.522 6.531 6.539 6.547 6.554 6.561 6.568 6.574 6.580 6.585 6.590 6.594 6.597 6.600 6.603 6.606 6.608 6.611 6.613 6.616 6.618 6.620 6.622 6.624 6.627 6.630 6.633 6.637 6.641 6.645 6.649 6.654 6.658 6.663 6.667 6.672 6.676 6.681 6.685 6.690 6.695 6.700 6.706 6.710 6.714 6.718 6.722 6.727 6.731 6.735 6.740 6.744 6.749 6.753 6.758 6.763 6.767 6.772 6.777 6.782 6.787 6.792 6.797 6.803 6.809 6.815 6.820 6.825 6.829 6.831 6.830 6.827 6.825 6.832 6.844 6.862 6.891
6.526 6.535 6.543 6.551 6.559 6.567 6.573 6.580 6.586 6.591 6.596 6.601 6.605 6.608 6.612 6.614 6.617 6.620 6.622 6.625 6.627 6.629 6.630 6.633 6.635 6.638 6.642 6.645 6.649 6.654 6.658 6.662 6.667 6.671 6.676 6.681 6.685 6.690 6.695 6.700 6.705 6.711 6.716 6.721 6.725 6.729 6.734 6.738 6.743 6.747 6.752 6.757 6.762 6.767 6.772 6.777 6.782 6.787 6.792 6.797 6.803 6.808 6.814 6.821 6.827 6.834 6.840 6.846 6.851 6.854 6.854 6.851 6.850 6.857 6.869 6.887 6.916
6.530 6.539 6.547 6.556 6.564 6.571 6.578 6.585 6.592 6.597 6.603 6.607 6.612 6.616 6.619 6.622 6.625 6.628 6.631 6.634 6.636 6.637 6.639 6.641 6.644 6.647 6.650 6.654 6.658 6.662 6.666 6.671 6.675 6.680 6.685 6.689 6.694 6.699 6.704 6.710 6.715 6.721 6.727 6.731 6.736 6.740 6.745 6.750 6.755 6.760 6.765 6.770 6.775 6.780 6.786 6.791 6.796 6.802 6.808 6.813 6.819 6.825 6.832 6.839 6.847 6.854 6.861 6.868 6.874 6.878 6.878 6.876 6.875 6.882 6.894 6.912 6.942
6.534 6.543 6.551 6.560 6.568 6.576 6.583 6.590 6.597 6.603 6.609 6.614 6.619 6.623 6.627 6.630 6.633 6.636 6.639 6.642 6.644 6.646 6.648 6.650 6.652 6.655 6.658 6.662 6.666 6.670 6.674 6.679 6.683 6.688 6.693 6.698 6.703 6.708 6.714 6.719 6.725 6.731 6.737 6.742 6.746 6.751 6.756 6.761 6.767 6.772 6.777 6.783 6.789 6.794 6.800 6.806 6.812 6.818 6.824 6.830 6.837 6.843 6.851 6.858 6.866 6.875 6.882 6.890 6.897 6.902 6.903 6.901 6.900 6.908 6.920 6.939 6.969
6.538 6.547 6.555 6.564 6.572 6.580 6.588 6.595 6.602 6.608 6.614 6.620 6.625 6.629 6.634 6.637 6.641 6.644 6.647 6.650 6.653 6.654 6.656 6.658 6.660 6.663 6.666 6.670 6.674 6.678 6.682 6.687 6.691 6.696 6.701 6.706 6.712 6.717 6.723 6.728 6.734 6.741 6.747 6.752 6.757 6.762 6.768 6.773 6.779 6.785 6.790 6.796 6.802 6.809 6.815 6.821 6.828 6.834 6.841 6.848 6.855 6.862 6.870 6.878 6.887 6.896 6.905 6.913 6.921 6.927 6.929 6.927 6.927 6.934 6.947 6.966 6.997
6.541 6.550 6.559 6.568 6.576 6.585 6.592 6.600 6.607 6.614 6.620 6.626 6.631 6.636 6.640 6.644 6.648 6.652 6.655 6.658 6.661 6.662 6.664 6.666 6.668 6.671 6.674 6.678 6.681 6.686 6.690 6.695 6.699 6.704 6.709 6.715 6.720 6.726 6.732 6.738 6.744 6.750 6.757 6.762 6.768 6.773 6.779 6.785 6.791 6.797 6.803 6.810 6.817 6.823 6.830 6.837 6.844 6.851 6.858 6.865 6.873 6.881 6.890 6.899 6.908 6.918 6.927 6.937 6.945 6.952 6.955 6.954 6.954 6.961 6.975 6.994 7.025
6.545 6.554 6.563 6.572 6.581 6.589 6.597 6.605 6.612 6.619 6.625 6.631 6.637 6.642 6.647 6.651 6.655 6.659 6.663 6.666 6.669 6.670 6.672 6.674 6.676 6.679 6.682 6.686 6.689 6.693 6.698 6.702 6.707 6.712 6.718 6.723 6.729 6.734 6.740 6.747 6.753 6.760 6.766 6.772 6.778 6.784 6.790 6.797 6.803 6.810 6.817 6.824 6.831 6.838 6.845 6.853 6.860 6.868 6.876 6.884 6.892 6.901 6.910 6.919 6.930 6.940 6.950 6.960 6.970 6.978 6.981 6.980 6.980 6.988 7.002 7.020 7.051
6.549 6.558 6.567 6.576 6.585 6.593 6.601 6.609 6.617 6.624 6.630 6.637 6.642 6.648 6.653 6.658 6.662 6.666 6.670 6.674 6.676 6.678 6.680 6.682 6.685 6.687 6.690 6.694 6.697 6.701 6.706 6.710 6.715 6.720 6.726 6.731 6.737 6.743 6.749 6.756 6.762 6.770 6.776 6.782 6.789 6.795 6.802 6.809 6.815 6.823 6.830 6.837 6.845 6.853 6.861 6.869 6.877 6.885 6.893 6.902 6.911 6.920 6.930 6.941 6.952 6.963 6.974 6.984 6.995 7.003 7.007 7.006 7.007 7.015 7.028 7.046 7.077
6.553 6.562 6.571 6.580 6.589 6.598 6.606 6.614 6.621 6.629 6.635 6.642 6.648 6.654 6.659 6.664 6.669 6.673 6.678 6.682 6.684 6.686 6.688 6.690 6.693 6.695 6.698 6.702 6.705 6.709 6.714 6.718 6.723 6.729 6.734 6.740 6.746 6.752 6.758 6.765 6.772 6.779 6.786 6.793 6.799 6.806 6.813 6.820 6.828 6.835 6.843 6.851 6.859 6.868 6.876 6.885 6.893 6.902 6.911 6.921 6.930 6.940 6.951 6.962 6.973 6.985 6.997 7.008 7.020 7.029 7.033 7.033 7.033 7.041 7.054 7.072 7.101
6.557 6.566 6.576 6.585 6.593 6.602 6.610 6.618 6.626 6.634 6.641 6.647 6.654 6.660 6.665 6.671 6.676 6.680 6.685 6.689 6.691 6.694 6.696 6.698 6.701 6.704 6.707 6.710 6.714 6.718 6.722 6.727 6.732 6.737 6.742 6.748 6.754 6.761 6.767 6.774 6.782 6.789 6.797 6.803 6.810 6.817 6.825 6.832 6.840 6.848 6.857 6.865 6.874 6.882 6.892 6.901 6.910 6.920 6.929 6.939 6.950 6.960 6.971 6.983 6.995 7.007 7.020 7.032 7.044 7.053 7.058 7.058 7.058 7.066 7.078 7.095 7.124
6.561 6.571 6.580 6.589 6.598 6.607 6.615 6.623 6.631 6.639 6.646 6.653 6.659 6.666 6.672 6.677 6.682 6.687 6.692 6.696 6.699 6.702 6.704 6.707 6.709 6.712 6.715 6.718 6.722 6.726 6.731 6.735 6.740 6.746 6.751 6.757 6.763 6.770 6.777 6.784 6.791 6.799 6.807 6.814 6.821 6.829 6.837 6.845 6.853 6.861 6.870 6.879 6.888 6.897 6.907 6.917 6.927 6.937 6.947 6.958 6.969 6.980 6.991 7.004 7.017 7.030 7.042 7.055 7.068 7.078 7.083 7.083 7.082 7.090 7.102 7.118 7.146
6.565 6.575 6.584 6.594 6.603 6.611 6.620 6.628 6.636 6.644 6.651 6.659 6.665 6.672 6.678 6.684 6.689 6.695 6.700 6.704 6.707 6.710 6.712 6.715 6.718 6.721 6.724 6.727 6.731 6.735 6.739 6.744 6.749 6.755 6.760 6.766 6.773 6.780 6.787 6.794 6.802 6.810 6.818 6.825 6.833 6.840 6.849 6.857 6.866 6.874 6.884 6.893 6.903 6.913 6.923 6.933 6.943 6.954 6.965 6.976 6.988 6.999 7.012 7.024 7.038 7.051 7.065 7.078 7.091 7.101 7.107 7.106 7.106 7.114 7.125 7.141 7.167
