TsunamiDB/out54198.asc
ncols          264
nrows          230
xllcorner      497853.4375
yllcorner      4229146.0000
cellsize         5.
NODATA_value   -99
[rows 170 to 203 of 230, columns 154 to 230 of 264]
7.167 7.171 7.174 7.178 7.181 7.183 7.185 7.187 7.188 7.189 7.188 7.184 7.179 7.175 7.170 7.164 7.160 7.160 7.163 7.171 7.184 7.202 7.222 7.236 7.253 7.284 7.318 7.353 7.389 7.425 7.459 7.491 7.520 7.537 7.555 7.582 7.608 7.633 7.655 7.676 7.694 7.709 7.723 7.731 7.740 7.752 7.765 7.777 7.788 7.799 7.809 7.819 7.828 7.833 7.839 7.849 7.858 7.868 7.877 7.885 7.893 7.900 7.906 7.910 7.914 7.921 7.927 7.934 7.940 7.946 7.953 7.959 7.966 7.971 7.975 7.983 7.990
7.166 7.170 7.174 7.177 7.180 7.183 7.185 7.187 7.189 7.189 7.188 7.185 7.180 7.176 7.171 7.166 7.163 7.163 7.167 7.175 7.189 7.208 7.230 7.244 7.262 7.295 7.330 7.367 7.404 7.439 7.474 7.505 7.533 7.549 7.565 7.591 7.616 7.640 7.661 7.680 7.697 7.712 7.726 7.734 7.741 7.754 7.766 7.777 7.788 7.798 7.808 7.817 7.827 7.832 7.837 7.847 7.857 7.866 7.875 7.883 7.890 7.896 7.903 7.906 7.910 7.916 7.922 7.928 7.934 7.940 7.947 7.953 7.960 7.964 7.969 7.976 7.984
7.165 7.170 7.173 7.177 7.180 7.183 7.185 7.187 7.189 7.190 7.189 7.185 7.180 7.177 7.172 7.167 7.165 7.166 7.170 7.178 7.193 7.213 7.237 7.252 7.271 7.306 7.343 7.381 7.418 7.454 7.488 7.518 7.544 7.559 7.575 7.600 7.623 7.645 7.665 7.683 7.700 7.715 7.728 7.735 7.743 7.755 7.766 7.777 7.787 7.797 7.807 7.816 7.825 7.830 7.836 7.845 7.855 7.864 7.872 7.880 7.887 7.893 7.899 7.902 7.906 7.911 7.917 7.923 7.929 7.934 7.940 7.947 7.954 7.958 7.963 7.971 7.979
7.165 7.169 7.173 7.177 7.180 7.183 7.185 7.188 7.190 7.191 7.190 7.186 7.181 7.178 7.174 7.169 7.168 7.169 7.173 7.182 7.198 7.219 7.245 7.261 7.282 7.318 7.356 7.394 7.431 7.466 7.500 7.529 7.554 7.568 7.583 7.606 7.628 7.649 7.668 7.686 7.702 7.717 7.729 7.737 7.744 7.756 7.767 7.777 7.787 7.796 7.805 7.815 7.824 7.829 7.834 7.844 7.853 7.862 7.870 7.877 7.884 7.890 7.895 7.898 7.901 7.907 7.912 7.918 7.923 7.929 7.935 7.941 7.948 7.953 7.958 7.966 7.974
7.164 7.168 7.172 7.176 7.180 7.183 7.185 7.188 7.190 7.191 7.191 7.187 7.183 7.179 7.176 7.172 7.170 7.172 7.177 7.186 7.202 7.225 7.252 7.270 7.292 7.329 7.367 7.406 7.442 7.477 7.510 7.539 7.563 7.576 7.590 7.612 7.633 7.653 7.672 7.689 7.705 7.719 7.731 7.738 7.745 7.756 7.767 7.777 7.787 7.796 7.805 7.814 7.823 7.828 7.833 7.843 7.852 7.860 7.868 7.875 7.881 7.887 7.892 7.895 7.897 7.902 7.908 7.913 7.918 7.924 7.929 7.936 7.943 7.948 7.953 7.961 7.969
7.163 7.168 7.172 7.176 7.179 7.182 7.185 7.188 7.190 7.192 7.192 7.189 7.184 7.181 7.178 7.174 7.173 7.175 7.180 7.190 7.206 7.230 7.261 7.281 7.303 7.341 7.379 7.417 7.454 7.489 7.522 7.549 7.571 7.583 7.596 7.617 7.638 7.658 7.675 7.692 7.708 7.722 7.734 7.740 7.747 7.758 7.768 7.778 7.787 7.796 7.805 7.813 7.823 7.828 7.833 7.842 7.851 7.859 7.866 7.873 7.879 7.885 7.889 7.892 7.894 7.899 7.904 7.909 7.914 7.919 7.925 7.931 7.938 7.943 7.948 7.956 7.964
7.162 7.167 7.171 7.175 7.179 7.182 7.186 7.188 7.191 7.193 7.193 7.190 7.185 7.182 7.180 7.176 7.175 7.177 7.183 7.194 7.211 7.240 7.274 7.292 7.314 7.353 7.392 7.429 7.466 7.500 7.532 7.558 7.578 7.590 7.602 7.623 7.643 7.662 7.679 7.696 7.711 7.724 7.736 7.742 7.749 7.759 7.769 7.779 7.788 7.797 7.805 7.814 7.824 7.829 7.834 7.842 7.851 7.858 7.865 7.872 7.878 7.882 7.886 7.888 7.891 7.895 7.900 7.905 7.910 7.915 7.920 7.927 7.935 7.939 7.944 7.952 7.960
7.161 7.166 7.171 7.175 7.179 7.182 7.186 7.189 7.192 7.194 7.194 7.191 7.187 7.185 7.182 7.179 7.178 7.181 7.188 7.200 7.221 7.252 7.285 7.303 7.326 7.365 7.403 7.441 7.476 7.510 7.540 7.564 7.585 7.596 7.608 7.628 7.647 7.666 7.683 7.700 7.714 7.727 7.738 7.744 7.750 7.761 7.771 7.781 7.790 7.798 7.807 7.816 7.826 7.830 7.834 7.843 7.850 7.858 7.864 7.870 7.876 7.880 7.884 7.886 7.888 7.892 7.896 7.901 7.906 7.911 7.917 7.924 7.931 7.936 7.941 7.948 7.956
7.161 7.166 7.170 7.174 7.179 7.182 7.186 7.189 7.192 7.195 7.195 7.193 7.189 7.187 7.185 7.182 7.183 7.187 7.195 7.210 7.233 7.263 7.295 7.314 7.337 7.375 7.414 7.451 7.486 7.518 7.547 7.571 7.591 7.603 7.614 7.633 7.653 7.671 7.688 7.703 7.717 7.730 7.741 7.747 7.753 7.763 7.773 7.783 7.792 7.800 7.809 7.818 7.827 7.831 7.835 7.843 7.851 7.857 7.863 7.869 7.874 7.878 7.882 7.883 7.885 7.889 7.894 7.898 7.903 7.908 7.914 7.921 7.928 7.932 7.937 7.945 7.953
7.160 7.165 7.170 7.174 7.179 7.183 7.186 7.190 7.194 7.196 7.197 7.195 7.191 7.190 7.188 7.186 7.188 7.193 7.203 7.220 7.244 7.274 7.305 7.324 7.347 7.385 7.423 7.460 7.494 7.525 7.553 7.577 7.598 7.608 7.619 7.639 7.658 7.676 7.692 7.707 7.721 7.733 7.744 7.750 7.755 7.766 7.776 7.786 7.795 7.803 7.812 7.821 7.829 7.833 7.837 7.844 7.851 7.857 7.863 7.868 7.872 7.876 7.879 7.881 7.883 7.887 7.891 7.896 7.900 7.906 7.912 7.918 7.925 7.929 7.934 7.941 7.949
7.159 7.165 7.169 7.174 7.179 7.183 7.187 7.191 7.195 7.198 7.199 7.197 7.194 7.194 7.193 7.192 7.194 7.201 7.213 7.230 7.255 7.284 7.314 7.334 7.357 7.395 7.432 7.469 7.502 7.532 7.559 7.583 7.604 7.615 7.625 7.645 7.663 7.681 7.697 7.711 7.725 7.736 7.748 7.753 7.759 7.769 7.779 7.789 7.798 7.807 7.815 7.823 7.831 7.834 7.838 7.845 7.851 7.857 7.862 7.866 7.870 7.874 7.878 7.879 7.881 7.885 7.889 7.894 7.898 7.904 7.909 7.915 7.922 7.926 7.931 7.938 7.946
7.159 7.164 7.169 7.174 7.179 7.183 7.188 7.192 7.196 7.200 7.201 7.200 7.198 7.198 7.198 7.198 7.201 7.209 7.221 7.239 7.263 7.292 7.323 7.342 7.365 7.403 7.440 7.476 7.509 7.539 7.566 7.589 7.610 7.621 7.632 7.651 7.669 7.686 7.701 7.716 7.729 7.741 7.752 7.757 7.762 7.773 7.783 7.793 7.802 7.810 7.818 7.826 7.833 7.836 7.839 7.845 7.851 7.856 7.861 7.865 7.869 7.873 7.876 7.878 7.879 7.883 7.887 7.892 7.897 7.902 7.907 7.913 7.920 7.924 7.928 7.935 7.942
7.158 7.164 7.169 7.174 7.179 7.184 7.189 7.193 7.198 7.202 7.204 7.203 7.201 7.202 7.203 7.204 7.208 7.217 7.230 7.247 7.271 7.300 7.331 7.351 7.374 7.412 7.449 7.484 7.516 7.545 7.572 7.596 7.617 7.627 7.638 7.657 7.675 7.692 7.707 7.721 7.733 7.745 7.756 7.762 7.767 7.777 7.787 7.797 7.806 7.814 7.822 7.829 7.835 7.838 7.841 7.846 7.851 7.856 7.861 7.864 7.868 7.871 7.875 7.876 7.878 7.882 7.886 7.890 7.895 7.900 7.906 7.911 7.917 7.921 7.925 7.932 7.939
7.158 7.164 7.169 7.174 7.180 7.185 7.190 7.194 7.199 7.204 7.206 7.206 7.205 7.206 7.208 7.210 7.215 7.225 7.238 7.255 7.279 7.308 7.340 7.360 7.383 7.421 7.457 7.492 7.523 7.553 7.579 7.603 7.624 7.634 7.644 7.663 7.681 7.697 7.712 7.725 7.738 7.750 7.761 7.766 7.771 7.781 7.791 7.801 7.809 7.817 7.825 7.831 7.837 7.840 7.842 7.847 7.851 7.856 7.860 7.863 7.867 7.870 7.874 7.875 7.877 7.881 7.885 7.889 7.894 7.899 7.904 7.909 7.915 7.919 7.923 7.930 7.937
7.158 7.164 7.169 7.175 7.180 7.185 7.191 7.196 7.201 7.206 7.209 7.209 7.209 7.211 7.214 7.216 7.223 7.233 7.246 7.264 7.287 7.316 7.349 7.369 7.393 7.430 7.466 7.500 7.531 7.560 7.586 7.610 7.631 7.641 7.651 7.669 7.687 7.703 7.717 7.731 7.743 7.755 7.766 7.771 7.776 7.786 7.796 7.805 7.813 7.821 7.828 7.834 7.839 7.841 7.843 7.848 7.852 7.856 7.860 7.863 7.866 7.870 7.873 7.874 7.876 7.880 7.884 7.888 7.893 7.898 7.903 7.908 7.914 7.917 7.921 7.927 7.934
7.158 7.164 7.169 7.175 7.181 7.186 7.192 7.197 7.203 7.208 7.211 7.213 7.212 7.215 7.219 7.222 7.229 7.240 7.253 7.271 7.294 7.323 7.358 7.379 7.402 7.439 7.474 7.508 7.538 7.567 7.594 7.617 7.638 7.648 7.657 7.676 7.693 7.709 7.723 7.737 7.749 7.760 7.771 7.777 7.781 7.791 7.801 7.809 7.817 7.825 7.832 7.837 7.842 7.843 7.845 7.849 7.853 7.856 7.860 7.863 7.866 7.869 7.873 7.874 7.876 7.879 7.884 7.888 7.892 7.897 7.902 7.907 7.912 7.916 7.919 7.926 7.932
7.157 7.164 7.169 7.175 7.181 7.187 7.193 7.199 7.205 7.210 7.214 7.215 7.215 7.219 7.224 7.228 7.236 7.246 7.260 7.278 7.301 7.333 7.369 7.389 7.412 7.448 7.483 7.516 7.547 7.575 7.601 7.624 7.645 7.655 7.664 7.683 7.700 7.716 7.730 7.743 7.755 7.767 7.778 7.783 7.787 7.797 7.806 7.814 7.822 7.829 7.835 7.840 7.843 7.845 7.846 7.850 7.853 7.857 7.860 7.863 7.866 7.870 7.873 7.874 7.876 7.879 7.883 7.888 7.892 7.896 7.901 7.906 7.912 7.915 7.918 7.924 7.930
7.157 7.164 7.170 7.176 7.182 7.188 7.194 7.200 7.206 7.212 7.215 7.216 7.218 7.223 7.228 7.234 7.242 7.254 7.268 7.287 7.312 7.345 7.379 7.399 7.422 7.458 7.493 7.525 7.555 7.584 7.609 7.632 7.653 7.662 7.671 7.689 7.707 7.723 7.737 7.750 7.762 7.774 7.785 7.789 7.793 7.802 7.811 7.819 7.826 7.832 7.838 7.842 7.845 7.847 7.848 7.851 7.854 7.858 7.861 7.864 7.867 7.870 7.874 7.875 7.876 7.880 7.884 7.888 7.892 7.896 7.901 7.906 7.911 7.914 7.917 7.923 7.929
7.157 7.164 7.170 7.176 7.182 7.188 7.195 7.201 7.207 7.212 7.216 7.218 7.221 7.227 7.233 7.239 7.249 7.262 7.277 7.297 7.324 7.356 7.389 7.409 7.432 7.468 7.502 7.535 7.564 7.592 7.617 7.640 7.661 7.670 7.678 7.697 7.714 7.730 7.744 7.757 7.770 7.781 7.791 7.795 7.799 7.808 7.816 7.823 7.830 7.836 7.840 7.844 7.848 7.848 7.849 7.852 7.856 7.859 7.862 7.865 7.868 7.871 7.874 7.875 7.876 7.880 7.884 7.888 7.893 7.897 7.901 7.906 7.911 7.913 7.916 7.922 7.927
7.157 7.164 7.170 7.176 7.182 7.189 7.195 7.202 7.207 7.212 7.216 7.219 7.223 7.230 7.238 7.246 7.256 7.270 7.286 7.308 7.335 7.366 7.399 7.420 7.442 7.478 7.513 7.545 7.574 7.601 7.626 7.648 7.669 7.678 7.686 7.705 7.722 7.738 7.752 7.765 7.777 7.788 7.798 7.802 7.805 7.813 7.821 7.828 7.834 7.839 7.843 7.847 7.850 7.850 7.851 7.854 7.857 7.860 7.863 7.866 7.869 7.872 7.875 7.876 7.877 7.881 7.885 7.889 7.893 7.898 7.902 7.906 7.911 7.913 7.916 7.921 7.926
7.157 7.163 7.170 7.176 7.182 7.189 7.195 7.201 7.207 7.212 7.216 7.220 7.226 7.234 7.243 7.252 7.264 7.279 7.297 7.318 7.345 7.376 7.409 7.430 7.453 7.489 7.523 7.556 7.584 7.611 7.635 7.657 7.677 7.686 7.695 7.713 7.731 7.747 7.761 7.774 7.786 7.796 7.805 7.808 7.811 7.819 7.826 7.832 7.837 7.842 7.846 7.849 7.852 7.853 7.853 7.856 7.859 7.862 7.865 7.867 7.870 7.873 7.876 7.877 7.878 7.882 7.886 7.890 7.894 7.898 7.902 7.907 7.911 7.913 7.916 7.920 7.925
7.157 7.163 7.170 7.176 7.182 7.188 7.194 7.200 7.206 7.211 7.216 7.221 7.228 7.238 7.248 7.259 7.273 7.289 7.307 7.328 7.355 7.385 7.419 7.441 7.465 7.501 7.536 7.568 7.595 7.621 7.644 7.666 7.686 7.695 7.703 7.722 7.740 7.756 7.770 7.782 7.794 7.803 7.812 7.815 7.817 7.824 7.831 7.836 7.841 7.845 7.848 7.851 7.854 7.855 7.855 7.858 7.861 7.864 7.866 7.869 7.872 7.875 7.878 7.879 7.880 7.883 7.887 7.891 7.895 7.899 7.903 7.907 7.911 7.913 7.915 7.919 7.924
7.156 7.163 7.169 7.175 7.181 7.187 7.193 7.199 7.204 7.210 7.216 7.223 7.231 7.242 7.253 7.265 7.281 7.298 7.316 7.338 7.363 7.395 7.430 7.454 7.477 7.514 7.550 7.580 7.607 7.632 7.654 7.675 7.696 7.704 7.713 7.732 7.749 7.765 7.779 7.791 7.802 7.811 7.819 7.821 7.823 7.829 7.835 7.840 7.844 7.847 7.851 7.854 7.856 7.857 7.857 7.860 7.863 7.865 7.868 7.870 7.873 7.876 7.879 7.880 7.881 7.884 7.888 7.892 7.896 7.900 7.903 7.907 7.910 7.912 7.914 7.918 7.922
7.155 7.162 7.168 7.174 7.180 7.185 7.191 7.196 7.202 7.208 7.215 7.224 7.233 7.245 7.257 7.271 7.288 7.306 7.325 7.347 7.373 7.406 7.443 7.468 7.492 7.529 7.564 7.593 7.619 7.642 7.664 7.685 7.706 7.714 7.722 7.741 7.758 7.774 7.787 7.799 7.809 7.818 7.825 7.826 7.828 7.833 7.838 7.843 7.847 7.850 7.853 7.856 7.858 7.859 7.859 7.862 7.864 7.867 7.869 7.871 7.874 7.877 7.880 7.881 7.882 7.885 7.889 7.893 7.896 7.900 7.903 7.906 7.909 7.911 7.912 7.916 7.919
7.154 7.161 7.167 7.172 7.178 7.183 7.188 7.194 7.199 7.206 7.215 7.224 7.235 7.248 7.261 7.276 7.295 7.314 7.334 7.357 7.384 7.417 7.457 7.483 7.508 7.545 7.578 7.607 7.631 7.654 7.674 7.694 7.715 7.724 7.732 7.750 7.767 7.782 7.795 7.806 7.816 7.824 7.830 7.832 7.833 7.837 7.842 7.846 7.849 7.852 7.855 7.857 7.860 7.860 7.860 7.863 7.865 7.868 7.870 7.872 7.874 7.877 7.880 7.881 7.882 7.885 7.889 7.892 7.895 7.899 7.902 7.904 7.907 7.908 7.909 7.912 7.915
7.153 7.160 7.165 7.170 7.175 7.180 7.185 7.190 7.196 7.204 7.214 7.225 7.236 7.250 7.264 7.281 7.302 7.323 7.344 7.368 7.395 7.430 7.474 7.501 7.526 7.562 7.594 7.621 7.644 7.666 7.684 7.704 7.726 7.734 7.742 7.760 7.777 7.791 7.803 7.814 7.823 7.830 7.836 7.836 7.837 7.841 7.845 7.848 7.851 7.854 7.856 7.858 7.861 7.861 7.861 7.863 7.866 7.868 7.870 7.872 7.874 7.876 7.880 7.880 7.881 7.884 7.887 7.890 7.893 7.896 7.899 7.901 7.903 7.904 7.905 7.907 7.910
7.151 7.157 7.162 7.167 7.172 7.176 7.181 7.187 7.194 7.203 7.213 7.225 7.237 7.252 7.267 7.286 7.309 7.331 7.356 7.381 7.408 7.450 7.497 7.522 7.545 7.580 7.611 7.636 7.658 7.677 7.695 7.716 7.738 7.745 7.753 7.770 7.785 7.799 7.810 7.820 7.829 7.835 7.839 7.839 7.840 7.843 7.847 7.849 7.852 7.854 7.856 7.859 7.861 7.860 7.860 7.862 7.865 7.867 7.869 7.870 7.872 7.875 7.878 7.878 7.879 7.882 7.885 7.887 7.890 7.892 7.895 7.896 7.898 7.898 7.899 7.901 7.903
7.149 7.155 7.159 7.164 7.169 7.173 7.178 7.184 7.192 7.201 7.212 7.224 7.239 7.255 7.271 7.292 7.317 7.343 7.370 7.398 7.432 7.476 7.519 7.543 7.565 7.598 7.626 7.650 7.671 7.690 7.708 7.728 7.749 7.755 7.762 7.779 7.793 7.806 7.816 7.826 7.833 7.838 7.842 7.842 7.841 7.844 7.847 7.850 7.852 7.854 7.856 7.857 7.859 7.859 7.858 7.860 7.862 7.864 7.866 7.868 7.870 7.872 7.875 7.875 7.875 7.878 7.880 7.882 7.884 7.887 7.888 7.890 7.891 7.891 7.891 7.892 7.894
7.146 7.152 7.156 7.162 7.166 7.170 7.175 7.181 7.189 7.198 7.210 7.224 7.242 7.259 7.275 7.300 7.328 7.357 7.388 7.421 7.459 7.501 7.540 7.562 7.584 7.614 7.641 7.664 7.683 7.702 7.720 7.740 7.758 7.764 7.770 7.786 7.799 7.811 7.820 7.829 7.835 7.840 7.843 7.842 7.842 7.844 7.847 7.849 7.850 7.852 7.853 7.855 7.856 7.855 7.855 7.856 7.858 7.860 7.862 7.864 7.865 7.868 7.870 7.870 7.870 7.872 7.874 7.876 7.878 7.879 7.880 7.881 7.882 7.882 7.882 7.883 7.885
7.143 7.149 7.153 7.158 7.163 7.167 7.172 7.179 7.186 7.196 7.208 7.225 7.246 7.263 7.282 7.310 7.342 7.374 7.409 7.446 7.485 7.524 7.561 7.581 7.601 7.630 7.655 7.676 7.696 7.714 7.732 7.749 7.766 7.771 7.777 7.791 7.803 7.814 7.823 7.830 7.836 7.840 7.843 7.841 7.840 7.842 7.844 7.846 7.847 7.848 7.849 7.850 7.851 7.850 7.849 7.851 7.853 7.855 7.857 7.858 7.860 7.862 7.864 7.863 7.863 7.865 7.867 7.868 7.870 7.871 7.872 7.872 7.873 7.873 7.872 7.874 7.875
7.140 7.145 7.150 7.155 7.160 7.164 7.170 7.176 7.184 7.193 7.207 7.227 7.250 7.270 7.290 7.322 7.357 7.394 7.432 7.471 7.509 7.547 7.580 7.599 7.618 7.644 7.667 7.688 7.707 7.724 7.741 7.757 7.771 7.776 7.781 7.794 7.805 7.815 7.823 7.829 7.834 7.838 7.840 7.839 7.837 7.839 7.841 7.842 7.842 7.843 7.844 7.844 7.846 7.844 7.843 7.845 7.847 7.849 7.850 7.852 7.854 7.855 7.857 7.856 7.856 7.857 7.859 7.860 7.861 7.862 7.863 7.863 7.864 7.864 7.863 7.864 7.866
7.136 7.142 7.147 7.152 7.157 7.161 7.166 7.173 7.181 7.191 7.207 7.229 7.257 7.278 7.300 7.336 7.375 7.415 7.454 7.494 7.532 7.567 7.598 7.616 7.633 7.656 7.679 7.698 7.716 7.732 7.748 7.762 7.775 7.780 7.784 7.795 7.806 7.814 7.821 7.827 7.831 7.834 7.837 7.835 7.833 7.834 7.835 7.836 7.836 7.837 7.837 7.838 7.839 7.838 7.836 7.838 7.840 7.842 7.844 7.846 7.847 7.849 7.850 7.849 7.849 7.850 7.851 7.852 7.853 7.854 7.855 7.855 7.856 7.856 7.855 7.856 7.858
7.132 7.138 7.143 7.148 7.153 7.157 7.163 7.170 7.178 7.189 7.206 7.232 7.264 7.287 7.311 7.352 7.394 7.436 7.476 7.516 7.553 7.586 7.614 7.630 7.645 7.668 7.688 7.707 7.723 7.738 7.752 7.766 7.777 7.781 7.785 7.795 7.804 7.812 7.818 7.823 7.827 7.830 7.832 7.830 7.828 7.829 7.830 7.830 7.830 7.830 7.830 7.831 7.832 7.831 7.830 7.832 7.834 7.836 7.838 7.840 7.842 7.843 7.844 7.843 7.843 7.844 7.845 7.846 7.847 7.848 7.848 7.849 7.850 7.849 7.849 7.850 7.852
7.128 7.134 7.138 7.144 7.149 7.153 7.159 7.166 7.175 7.187 7.208 7.237 7.273 7.298 7.324 7.368 7.411 7.454 7.495 7.534 7.570 7.601 7.627 7.641 7.655 7.676 7.694 7.712 7.727 7.741 7.755 7.767 7.777 7.780 7.784 7.793 7.801 7.808 7.814 7.819 7.823 7.825 7.826 7.824 7.822 7.823 7.824 7.824 7.824 7.824 7.824 7.825 7.826 7.825 7.824 7.827 7.829 7.831 7.833 7.835 7.837 7.839 7.840 7.839 7.838 7.839 7.840 7.842 7.842 7.843 7.844 7.845 7.846 7.846 7.846 7.847 7.848
