TsunamiDB/out54011.asc
ncols          264
nrows          230
xllcorner      497853.4375
yllcorner      4229146.0000
cellsize         5.
NODATA_value   -99
[rows 93 to 123 of 230, columns 140 to 209 of 264]
-99.000 -99.000 -99.000 -99.000 -99.000 -99.000 -99.000 -99.000 -99.000 -99.000 -99.000 -99.000 -99.000 -99.000 -99.000 -99.000 -99.000 -99.000 -99.000 -99.000 -99.000 -99.000 -99.000 -99.000 -99.000 -99.000 -99.000 -99.000 -99.000 -99.000 -99.000 -99.000 -99.000 1.644 1.669 1.778 1.991 2.286 2.638 3.014 3.375 3.684 3.932 4.126 4.278 4.398 4.498 4.582 4.657 4.726 4.790 4.851 4.909 4.965 5.020 5.073 5.126 5.178 5.230 5.280 5.328 5.374 5.417 5.456 5.489 5.516 5.536 5.550 5.560 5.568
-99.000 -99.000 -99.000 -99.000 -99.000 -99.000 -99.000 -99.000 -99.000 -99.000 -99.000 -99.000 -99.000 -99.000 -99.000 -99.000 -99.000 -99.000 -99.000 -99.000 -99.000 -99.000 -99.000 -99.000 -99.000 -99.000 -99.000 -99.000 -99.000 -99.000 -99.000 -99.000 1.643 1.648 1.700 1.852 2.100 2.422 2.788 3.163 3.507 3.791 4.016 4.191 4.328 4.438 4.530 4.610 4.682 4.748 4.811 4.871 4.929 4.986 5.041 5.095 5.149 5.203 5.255 5.307 5.357 5.404 5.449 5.491 5.528 5.559 5.586 5.607 5.624 5.638
-99.000 -99.000 -99.000 -99.000 -99.000 -99.000 -99.000 -99.000 -99.000 -99.000 -99.000 -99.000 -99.000 -99.000 -99.000 -99.000 -99.000 -99.000 -99.000 -99.000 -99.000 -99.000 -99.000 -99.000 -99.000 -99.000 -99.000 -99.000 -99.000 -99.000 -99.000 -99.000 1.644 1.659 1.747 1.940 2.220 2.564 2.939 3.308 3.629 3.889 4.092 4.250 4.374 4.476 4.562 4.637 4.706 4.770 4.831 4.890 4.948 5.004 5.059 5.113 5.169 5.223 5.276 5.329 5.379 5.428 5.475 5.519 5.559 5.596 5.628 5.656 5.681 5.703
-99.000 -99.000 -99.000 -99.000 -99.000 -99.000 -99.000 -99.000 -99.000 -99.000 -99.000 -99.000 -99.000 -99.000 -99.000 -99.000 -99.000 -99.000 -99.000 -99.000 -99.000 -99.000 -99.000 -99.000 -99.000 -99.000 -99.000 -99.000 -99.000 -99.000 -99.000 1.644 1.646 1.682 1.811 2.041 2.350 2.710 3.089 3.444 3.741 3.977 4.161 4.304 4.418 4.512 4.592 4.664 4.730 4.791 4.851 4.908 4.965 5.020 5.075 5.129 5.184 5.239 5.292 5.345 5.397 5.446 5.494 5.540 5.584 5.625 5.663 5.698 5.731 5.762
-99.000 -99.000 -99.000 -99.000 -99.000 -99.000 -99.000 -99.000 -99.000 -99.000 -99.000 -99.000 -99.000 -99.000 -99.000 -99.000 -99.000 -99.000 -99.000 -99.000 -99.000 -99.000 -99.000 -99.000 -99.000 -99.000 -99.000 -99.000 -99.000 -99.000 -99.000 1.644 1.652 1.719 1.890 2.154 2.487 2.860 3.235 3.570 3.844 4.058 4.224 4.353 4.458 4.546 4.622 4.690 4.754 4.814 4.871 4.927 4.982 5.037 5.090 5.144 5.198 5.251 5.305 5.357 5.409 5.459 5.508 5.556 5.602 5.647 5.691 5.733 5.773 5.811
-99.000 -99.000 -99.000 -99.000 -99.000 -99.000 -99.000 -99.000 -99.000 -99.000 -99.000 -99.000 -99.000 -99.000 -99.000 -99.000 -99.000 -99.000 -99.000 -99.000 -99.000 -99.000 -99.000 -99.000 -99.000 -99.000 -99.000 -99.000 -99.000 -99.000 -99.000 1.645 1.668 1.774 1.984 2.277 2.630 3.010 3.376 3.688 3.937 4.130 4.281 4.399 4.496 4.579 4.651 4.717 4.778 4.837 4.893 4.947 5.001 5.054 5.106 5.158 5.211 5.263 5.315 5.367 5.418 5.468 5.518 5.567 5.616 5.665 5.713 5.761 5.808 5.854
-99.000 -99.000 -99.000 -99.000 -99.000 -99.000 -99.000 -99.000 -99.000 -99.000 -99.000 -99.000 -99.000 -99.000 -99.000 -99.000 -99.000 -99.000 -99.000 -99.000 -99.000 -99.000 -99.000 -99.000 -99.000 -99.000 -99.000 -99.000 -99.000 -99.000 1.644 1.648 1.696 1.844 2.090 2.410 2.779 3.159 3.508 3.796 4.022 4.197 4.333 4.442 4.532 4.610 4.680 4.744 4.803 4.860 4.915 4.969 5.021 5.073 5.123 5.173 5.224 5.275 5.325 5.376 5.426 5.476 5.525 5.576 5.627 5.679 5.731 5.785 5.839 5.893
-99.000 -99.000 -99.000 -99.000 -99.000 -99.000 -99.000 -99.000 -99.000 -99.000 -99.000 -99.000 -99.000 -99.000 -99.000 -99.000 -99.000 -99.000 -99.000 -99.000 -99.000 -99.000 -99.000 -99.000 -99.000 -99.000 -99.000 -99.000 -99.000 -99.000 1.644 1.658 1.741 1.930 2.207 2.551 2.930 3.305 3.632 3.895 4.099 4.257 4.381 4.481 4.566 4.640 4.707 4.770 4.829 4.885 4.939 4.992 5.043 5.093 5.142 5.191 5.240 5.288 5.336 5.384 5.433 5.482 5.532 5.584 5.637 5.691 5.748 5.807 5.867 5.929
-99.000 -99.000 -99.000 -99.000 -99.000 -99.000 -99.000 -99.000 -99.000 -99.000 -99.000 -99.000 -99.000 -99.000 -99.000 -99.000 -99.000 -99.000 -99.000 -99.000 -99.000 -99.000 -99.000 -99.000 -99.000 -99.000 -99.000 -99.000 -99.000 -99.000 1.646 1.678 1.803 2.029 2.336 2.698 3.082 3.444 3.747 3.986 4.171 4.313 4.426 4.519 4.598 4.669 4.734 4.795 4.853 4.909 4.963 5.015 5.066 5.115 5.163 5.209 5.256 5.302 5.348 5.394 5.441 5.489 5.539 5.591 5.646 5.703 5.764 5.828 5.894 5.963
-99.000 -99.000 -99.000 -99.000 -99.000 -99.000 -99.000 -99.000 -99.000 -99.000 -99.000 -99.000 -99.000 -99.000 -99.000 -99.000 -99.000 -99.000 -99.000 -99.000 -99.000 -99.000 -99.000 -99.000 -99.000 -99.000 -99.000 -99.000 -99.000 1.644 1.652 1.714 1.881 2.142 2.474 2.850 3.232 3.575 3.854 4.071 4.237 4.366 4.469 4.555 4.629 4.697 4.761 4.821 4.878 4.934 4.987 5.039 5.089 5.138 5.184 5.229 5.274 5.317 5.360 5.403 5.448 5.495 5.545 5.598 5.654 5.714 5.779 5.848 5.920 5.994
-99.000 -99.000 -99.000 -99.000 -99.000 -99.000 -99.000 -99.000 -99.000 -99.000 -99.000 -99.000 -99.000 -99.000 -99.000 -99.000 -99.000 -99.000 -99.000 -99.000 -99.000 -99.000 -99.000 -99.000 -99.000 -99.000 -99.000 -99.000 -99.000 1.645 1.666 1.767 1.974 2.265 2.619 3.003 3.377 3.698 3.953 4.149 4.299 4.416 4.510 4.590 4.661 4.726 4.787 4.846 4.903 4.958 5.011 5.063 5.113 5.161 5.205 5.249 5.291 5.332 5.372 5.413 5.455 5.500 5.550 5.603 5.660 5.723 5.792 5.866 5.943 6.024
-99.000 -99.000 -99.000 -99.000 -99.000 -99.000 -99.000 -99.000 -99.000 -99.000 -99.000 -99.000 -99.000 -99.000 -99.000 -99.000 -99.000 -99.000 -99.000 -99.000 -99.000 -99.000 -99.000 -99.000 -99.000 -99.000 -99.000 -99.000 1.644 1.648 1.694 1.837 2.080 2.400 2.770 3.156 3.516 3.813 4.045 4.222 4.357 4.463 4.550 4.625 4.692 4.754 4.814 4.872 4.928 4.982 5.036 5.087 5.136 5.183 5.227 5.268 5.309 5.347 5.384 5.421 5.461 5.504 5.553 5.606 5.666 5.731 5.803 5.882 5.964 6.050
-99.000 -99.000 -99.000 -99.000 -99.000 -99.000 -99.000 -99.000 -99.000 -99.000 -99.000 -99.000 -99.000 -99.000 -99.000 -99.000 -99.000 -99.000 -99.000 -99.000 -99.000 -99.000 -99.000 -99.000 -99.000 -99.000 -99.000 -99.000 1.644 1.657 1.738 1.923 2.199 2.543 2.925 3.307 3.646 3.918 4.128 4.288 4.411 4.509 4.590 4.660 4.724 4.784 4.842 4.899 4.954 5.008 5.060 5.111 5.159 5.205 5.247 5.287 5.325 5.361 5.395 5.429 5.466 5.508 5.555 5.609 5.670 5.737 5.812 5.896 5.982 6.072
-99.000 -99.000 -99.000 -99.000 -99.000 -99.000 -99.000 -99.000 -99.000 -99.000 -99.000 -99.000 -99.000 -99.000 -99.000 -99.000 -99.000 -99.000 -99.000 -99.000 -99.000 -99.000 -99.000 -99.000 -99.000 -99.000 -99.000 1.644 1.646 1.678 1.799 2.023 2.329 2.692 3.079 3.451 3.766 4.015 4.204 4.349 4.462 4.552 4.629 4.696 4.758 4.816 4.872 4.927 4.981 5.035 5.086 5.136 5.183 5.228 5.269 5.306 5.342 5.376 5.407 5.439 5.473 5.512 5.558 5.612 5.674 5.742 5.821 5.909 5.998 6.092
-99.000 -99.000 -99.000 -99.000 -99.000 -99.000 -99.000 -99.000 -99.000 -99.000 -99.000 -99.000 -99.000 -99.000 -99.000 -99.000 -99.000 -99.000 -99.000 -99.000 -99.000 -99.000 -99.000 -99.000 -99.000 -99.000 -99.000 1.644 1.652 1.713 1.878 2.137 2.469 2.847 3.233 3.587 3.876 4.101 4.273 4.404 4.508 4.593 4.666 4.731 4.792 4.849 4.904 4.958 5.011 5.063 5.114 5.163 5.209 5.252 5.292 5.328 5.361 5.392 5.421 5.451 5.483 5.520 5.565 5.618 5.680 5.752 5.834 5.924 6.016 6.114
-99.000 -99.000 -99.000 -99.000 -99.000 -99.000 -99.000 -99.000 -99.000 -99.000 -99.000 -99.000 -99.000 -99.000 -99.000 -99.000 -99.000 -99.000 -99.000 -99.000 -99.000 -99.000 -99.000 -99.000 -99.000 -99.000 -99.000 1.645 1.666 1.766 1.972 2.263 2.617 3.003 3.382 3.713 3.976 4.179 4.334 4.454 4.551 4.632 4.702 4.766 4.825 4.882 4.937 4.990 5.043 5.094 5.144 5.192 5.237 5.279 5.317 5.352 5.384 5.413 5.440 5.468 5.499 5.535 5.579 5.631 5.694 5.767 5.850 5.941 6.036 6.136
-99.000 -99.000 -99.000 -99.000 -99.000 -99.000 -99.000 -99.000 -99.000 -99.000 -99.000 -99.000 -99.000 -99.000 -99.000 -99.000 -99.000 -99.000 -99.000 -99.000 -99.000 -99.000 -99.000 -99.000 -99.000 -99.000 1.644 1.648 1.693 1.837 2.081 2.400 2.771 3.159 3.523 3.827 4.065 4.247 4.388 4.498 4.589 4.667 4.736 4.799 4.858 4.915 4.969 5.023 5.075 5.126 5.176 5.223 5.267 5.309 5.346 5.379 5.411 5.439 5.466 5.493 5.524 5.559 5.602 5.654 5.716 5.788 5.870 5.961 6.057 6.159
-99.000 -99.000 -99.000 -99.000 -99.000 -99.000 -99.000 -99.000 -99.000 -99.000 -99.000 -99.000 -99.000 -99.000 -99.000 -99.000 -99.000 -99.000 -99.000 -99.000 -99.000 -99.000 -99.000 -99.000 -99.000 -99.000 1.644 1.657 1.738 1.925 2.202 2.546 2.929 3.312 3.655 3.931 4.145 4.309 4.436 4.538 4.624 4.699 4.766 4.829 4.889 4.946 5.001 5.055 5.108 5.159 5.208 5.255 5.299 5.340 5.377 5.411 5.442 5.471 5.498 5.527 5.558 5.594 5.636 5.687 5.746 5.815 5.896 5.985 6.082 6.185
-99.000 -99.000 -99.000 -99.000 -99.000 -99.000 -99.000 -99.000 -99.000 -99.000 -99.000 -99.000 -99.000 -99.000 -99.000 -99.000 -99.000 -99.000 -99.000 -99.000 -99.000 -99.000 -99.000 -99.000 -99.000 1.644 1.646 1.678 1.802 2.028 2.336 2.699 3.087 3.459 3.776 4.026 4.217 4.364 4.480 4.574 4.655 4.728 4.794 4.857 4.917 4.975 5.031 5.086 5.139 5.190 5.239 5.286 5.331 5.372 5.409 5.444 5.476 5.507 5.536 5.567 5.601 5.638 5.681 5.729 5.785 5.851 5.927 6.014 6.110 6.213
-99.000 -99.000 -99.000 -99.000 -99.000 -99.000 -99.000 -99.000 -99.000 -99.000 -99.000 -99.000 -99.000 -99.000 -99.000 -99.000 -99.000 -99.000 -99.000 -99.000 -99.000 -99.000 -99.000 -99.000 -99.000 1.644 1.652 1.716 1.883 2.145 2.480 2.857 3.244 3.598 3.887 4.112 4.283 4.415 4.520 4.608 4.684 4.754 4.819 4.882 4.942 5.001 5.058 5.113 5.167 5.218 5.268 5.315 5.360 5.402 5.440 5.476 5.511 5.545 5.578 5.612 5.650 5.690 5.733 5.780 5.833 5.894 5.965 6.049 6.141 6.245
-99.000 -99.000 -99.000 -99.000 -99.000 -99.000 -99.000 -99.000 -99.000 -99.000 -99.000 -99.000 -99.000 -99.000 -99.000 -99.000 -99.000 -99.000 -99.000 -99.000 -99.000 -99.000 -99.000 -99.000 -99.000 1.645 1.667 1.771 1.981 2.275 2.632 3.017 3.396 3.727 3.989 4.191 4.344 4.463 4.559 4.640 4.713 4.779 4.843 4.905 4.965 5.024 5.082 5.138 5.192 5.243 5.293 5.340 5.385 5.427 5.467 5.506 5.544 5.583 5.621 5.660 5.703 5.746 5.791 5.838 5.888 5.944 6.010 6.089 6.178 6.279
-99.000 -99.000 -99.000 -99.000 -99.000 -99.000 -99.000 -99.000 -99.000 -99.000 -99.000 -99.000 -99.000 -99.000 -99.000 -99.000 -99.000 -99.000 -99.000 -99.000 -99.000 -99.000 -99.000 -99.000 1.644 1.649 1.697 1.845 2.092 2.416 2.789 3.176 3.541 3.845 4.083 4.263 4.401 4.509 4.597 4.673 4.741 4.805 4.866 4.927 4.986 5.045 5.102 5.158 5.212 5.264 5.313 5.360 5.405 5.448 5.490 5.532 5.575 5.619 5.662 5.708 5.756 5.804 5.852 5.900 5.948 6.000 6.061 6.134 6.218 6.316
-99.000 -99.000 -99.000 -99.000 -99.000 -99.000 -99.000 -99.000 -99.000 -99.000 -99.000 -99.000 -99.000 -99.000 -99.000 -99.000 -99.000 -99.000 -99.000 -99.000 -99.000 -99.000 -99.000 -99.000 1.644 1.659 1.745 1.936 2.217 2.565 2.948 3.331 3.676 3.954 4.167 4.330 4.454 4.553 4.634 4.706 4.770 4.832 4.891 4.949 5.007 5.065 5.121 5.176 5.229 5.279 5.327 5.374 5.419 5.462 5.506 5.552 5.599 5.650 5.700 5.751 5.805 5.858 5.911 5.962 6.011 6.060 6.117 6.184 6.263 6.355
-99.000 -99.000 -99.000 -99.000 -99.000 -99.000 -99.000 -99.000 -99.000 -99.000 -99.000 -99.000 -99.000 -99.000 -99.000 -99.000 -99.000 -99.000 -99.000 -99.000 -99.000 -99.000 -99.000 1.644 1.646 1.682 1.811 2.042 2.353 2.720 3.108 3.480 3.800 4.052 4.244 4.390 4.504 4.595 4.672 4.739 4.801 4.860 4.918 4.974 5.030 5.085 5.140 5.193 5.244 5.292 5.339 5.383 5.427 5.471 5.517 5.566 5.619 5.676 5.732 5.790 5.851 5.910 5.968 6.023 6.073 6.122 6.175 6.238 6.312 6.399
-99.000 -99.000 -99.000 -99.000 -99.000 -99.000 -99.000 -99.000 -99.000 -99.000 -99.000 -99.000 -99.000 -99.000 -99.000 -99.000 -99.000 -99.000 -99.000 -99.000 -99.000 -99.000 -99.000 1.644 1.653 1.721 1.894 2.161 2.498 2.878 3.264 3.620 3.913 4.140 4.312 4.445 4.550 4.635 4.708 4.774 4.834 4.891 4.947 5.001 5.055 5.108 5.159 5.210 5.258 5.304 5.348 5.391 5.434 5.477 5.525 5.577 5.635 5.698 5.760 5.824 5.891 5.956 6.019 6.078 6.133 6.185 6.240 6.299 6.368 6.450
-99.000 -99.000 -99.000 -99.000 -99.000 -99.000 -99.000 -99.000 -99.000 -99.000 -99.000 -99.000 -99.000 -99.000 -99.000 -99.000 -99.000 -99.000 -99.000 -99.000 -99.000 -99.000 -99.000 1.645 1.670 1.779 1.993 2.292 2.650 3.037 3.415 3.748 4.013 4.217 4.373 4.494 4.591 4.673 4.744 4.808 4.867 4.923 4.978 5.031 5.082 5.133 5.182 5.229 5.275 5.318 5.359 5.400 5.441 5.485 5.533 5.589 5.650 5.717 5.784 5.854 5.926 5.997 6.065 6.131 6.193 6.250 6.307 6.365 6.433 6.513
-99.000 -99.000 -99.000 -99.000 -99.000 -99.000 -99.000 -99.000 -99.000 -99.000 -99.000 -99.000 -99.000 -99.000 -99.000 -99.000 -99.000 -99.000 -99.000 -99.000 -99.000 -99.000 1.644 1.649 1.702 1.855 2.106 2.433 2.807 3.195 3.558 3.864 4.103 4.286 4.427 4.538 4.629 4.708 4.777 4.840 4.899 4.956 5.010 5.062 5.112 5.161 5.208 5.253 5.295 5.335 5.374 5.412 5.452 5.495 5.544 5.601 5.665 5.735 5.806 5.881 5.959 6.034 6.109 6.182 6.252 6.316 6.377 6.437 6.506 6.586
-99.000 -99.000 -99.000 -99.000 -99.000 -99.000 -99.000 -99.000 -99.000 -99.000 -99.000 -99.000 -99.000 -99.000 -99.000 -99.000 -99.000 -99.000 -99.000 -99.000 -99.000 -99.000 1.645 1.661 1.751 1.947 2.232 2.581 2.965 3.348 3.691 3.968 4.182 4.346 4.474 4.577 4.664 4.739 4.808 4.871 4.930 4.987 5.042 5.094 5.144 5.191 5.237 5.279 5.319 5.357 5.393 5.430 5.469 5.511 5.560 5.617 5.682 5.755 5.829 5.908 5.990 6.072 6.153 6.233 6.311 6.384 6.452 6.515 6.586 6.665
-99.000 -99.000 -99.000 -99.000 -99.000 -99.000 -99.000 -99.000 -99.000 -99.000 -99.000 -99.000 -99.000 -99.000 -99.000 -99.000 -99.000 -99.000 -99.000 -99.000 -99.000 1.644 1.647 1.685 1.819 2.054 2.368 2.736 3.123 3.494 3.811 4.061 4.253 4.400 4.517 4.612 4.695 4.768 4.835 4.899 4.959 5.017 5.072 5.125 5.175 5.222 5.266 5.307 5.345 5.381 5.416 5.451 5.490 5.531 5.580 5.637 5.702 5.776 5.853 5.934 6.021 6.109 6.196 6.283 6.370 6.451 6.526 6.590 6.664 6.744
-99.000 -99.000 -99.000 -99.000 -99.000 -99.000 -99.000 -99.000 -99.000 -99.000 -99.000 -99.000 -99.000 -99.000 -99.000 -99.000 -99.000 -99.000 -99.000 -99.000 -99.000 1.644 1.655 1.727 1.905 2.175 2.514 2.893 3.278 3.631 3.920 4.145 4.317 4.450 4.556 4.645 4.723 4.794 4.861 4.924 4.985 5.043 5.100 5.153 5.204 5.251 5.295 5.336 5.373 5.407 5.441 5.476 5.514 5.555 5.603 5.659 5.724 5.799 5.877 5.961 6.053 6.146 6.239 6.333 6.427 6.516 6.594 6.659 6.736 6.819
-99.000 -99.000 -99.000 -99.000 -99.000 -99.000 -99.000 -99.000 -99.000 -99.000 -99.000 -99.000 -99.000 -99.000 -99.000 -99.000 -99.000 -99.000 -99.000 -99.000 1.644 1.646 1.673 1.787 2.005 2.306 2.666 3.051 3.427 3.758 4.020 4.221 4.375 4.496 4.593 4.676 4.751 4.820 4.885 4.948 5.009 5.067 5.124 5.178 5.230 5.278 5.322 5.363 5.399 5.433 5.467 5.502 5.540 5.581 5.628 5.683 5.748 5.823 5.903 5.989 6.085 6.182 6.280 6.381 6.480 6.573 6.655 6.719 6.798 6.882
