TsunamiDB/out54056.asc
ncols          264
nrows          230
xllcorner      497853.4375
yllcorner      4229146.0000
cellsize         5.
NODATA_value   -99
[rows 132 to 164 of 230, columns 148 to 221 of 264]
6.111 6.120 6.133 6.149 6.167 6.188 6.211 6.236 6.262 6.290 6.318 6.348 6.378 6.408 6.439 6.470 6.501 6.532 6.564 6.594 6.625 6.655 6.685 6.713 6.742 6.771 6.800 6.828 6.856 6.883 6.910 6.935 6.959 6.981 7.000 7.017 7.032 7.044 7.058 7.076 7.096 7.119 7.147 7.181 7.218 7.259 7.305 7.354 7.406 7.458 7.514 7.580 7.651 7.723 7.797 7.873 7.954 8.039 8.119 8.172 8.230 8.314 8.394 8.467 8.534 8.596 8.650 8.693 8.726 8.738 8.751 8.776 8.797 8.815
6.134 6.141 6.151 6.164 6.180 6.199 6.220 6.243 6.269 6.295 6.324 6.353 6.383 6.413 6.444 6.476 6.508 6.539 6.571 6.603 6.634 6.665 6.695 6.724 6.754 6.783 6.813 6.842 6.871 6.899 6.926 6.953 6.978 7.001 7.022 7.040 7.055 7.068 7.082 7.100 7.120 7.144 7.173 7.209 7.249 7.294 7.344 7.398 7.453 7.507 7.565 7.634 7.706 7.779 7.851 7.927 8.008 8.094 8.176 8.230 8.288 8.372 8.449 8.521 8.586 8.644 8.694 8.732 8.760 8.769 8.779 8.798 8.815 8.829
6.160 6.165 6.172 6.183 6.196 6.212 6.231 6.253 6.277 6.302 6.330 6.359 6.388 6.419 6.451 6.482 6.515 6.547 6.579 6.612 6.644 6.675 6.705 6.735 6.765 6.796 6.826 6.856 6.885 6.915 6.943 6.971 6.997 7.021 7.043 7.062 7.078 7.091 7.106 7.124 7.145 7.170 7.201 7.239 7.282 7.331 7.385 7.441 7.499 7.555 7.615 7.685 7.759 7.833 7.905 7.981 8.061 8.147 8.232 8.286 8.344 8.426 8.503 8.572 8.633 8.689 8.736 8.770 8.793 8.799 8.805 8.820 8.834 8.844
6.186 6.190 6.196 6.204 6.214 6.228 6.245 6.264 6.287 6.311 6.338 6.366 6.395 6.426 6.457 6.489 6.522 6.555 6.588 6.621 6.654 6.685 6.716 6.747 6.778 6.809 6.839 6.870 6.900 6.930 6.960 6.988 7.015 7.041 7.064 7.083 7.100 7.114 7.129 7.148 7.171 7.197 7.230 7.270 7.316 7.369 7.427 7.487 7.548 7.604 7.665 7.737 7.812 7.886 7.959 8.035 8.114 8.201 8.292 8.346 8.401 8.482 8.556 8.622 8.681 8.733 8.777 8.807 8.825 8.827 8.831 8.842 8.852 8.859
6.213 6.216 6.220 6.227 6.235 6.247 6.261 6.279 6.299 6.322 6.347 6.374 6.403 6.434 6.465 6.497 6.530 6.564 6.597 6.630 6.664 6.696 6.727 6.759 6.790 6.822 6.853 6.884 6.915 6.946 6.976 7.006 7.034 7.060 7.084 7.105 7.122 7.136 7.152 7.174 7.199 7.226 7.261 7.304 7.354 7.410 7.470 7.534 7.596 7.653 7.714 7.788 7.864 7.939 8.014 8.090 8.169 8.264 8.356 8.406 8.458 8.537 8.607 8.670 8.726 8.774 8.815 8.839 8.851 8.853 8.855 8.863 8.869 8.873
6.238 6.242 6.246 6.251 6.258 6.268 6.280 6.295 6.313 6.335 6.358 6.385 6.413 6.443 6.474 6.506 6.539 6.573 6.607 6.641 6.674 6.707 6.739 6.771 6.803 6.835 6.867 6.899 6.931 6.962 6.993 7.023 7.052 7.079 7.104 7.125 7.143 7.159 7.177 7.202 7.228 7.258 7.296 7.341 7.393 7.451 7.515 7.581 7.645 7.702 7.763 7.839 7.917 7.994 8.071 8.150 8.236 8.330 8.416 8.462 8.513 8.588 8.655 8.715 8.766 8.811 8.846 8.866 8.877 8.878 8.878 8.883 8.886 8.888
6.263 6.267 6.271 6.276 6.282 6.290 6.301 6.314 6.330 6.349 6.372 6.396 6.424 6.453 6.484 6.516 6.549 6.583 6.617 6.651 6.686 6.719 6.751 6.784 6.817 6.849 6.882 6.914 6.946 6.978 7.010 7.041 7.070 7.098 7.124 7.146 7.165 7.184 7.205 7.231 7.260 7.292 7.332 7.380 7.434 7.494 7.560 7.628 7.694 7.750 7.812 7.890 7.971 8.052 8.131 8.215 8.303 8.392 8.471 8.515 8.563 8.634 8.698 8.755 8.803 8.843 8.873 8.891 8.902 8.902 8.900 8.903 8.904 8.903
6.285 6.291 6.296 6.301 6.307 6.314 6.323 6.334 6.349 6.366 6.387 6.410 6.436 6.465 6.495 6.527 6.560 6.594 6.628 6.663 6.698 6.732 6.765 6.798 6.831 6.864 6.897 6.929 6.962 6.994 7.027 7.058 7.089 7.117 7.144 7.168 7.189 7.210 7.233 7.263 7.294 7.329 7.371 7.420 7.475 7.537 7.604 7.674 7.742 7.799 7.862 7.945 8.028 8.111 8.194 8.280 8.367 8.450 8.524 8.564 8.610 8.677 8.737 8.791 8.835 8.871 8.898 8.916 8.925 8.924 8.922 8.923 8.922 8.918
6.306 6.313 6.319 6.325 6.331 6.338 6.346 6.356 6.369 6.385 6.404 6.426 6.451 6.478 6.507 6.539 6.571 6.605 6.640 6.675 6.711 6.745 6.778 6.812 6.845 6.879 6.912 6.945 6.978 7.011 7.044 7.076 7.107 7.137 7.165 7.191 7.215 7.239 7.265 7.296 7.331 7.367 7.411 7.462 7.517 7.579 7.648 7.720 7.791 7.850 7.915 8.000 8.086 8.173 8.258 8.342 8.426 8.504 8.572 8.611 8.653 8.715 8.772 8.823 8.864 8.897 8.922 8.938 8.947 8.946 8.943 8.942 8.939 8.934
6.325 6.333 6.341 6.347 6.354 6.361 6.369 6.379 6.391 6.405 6.423 6.443 6.466 6.492 6.521 6.552 6.584 6.618 6.653 6.688 6.724 6.759 6.793 6.827 6.861 6.895 6.928 6.962 6.995 7.028 7.062 7.094 7.126 7.158 7.188 7.216 7.243 7.269 7.298 7.332 7.368 7.406 7.452 7.503 7.559 7.621 7.691 7.766 7.842 7.902 7.969 8.057 8.147 8.235 8.319 8.401 8.481 8.554 8.618 8.653 8.692 8.751 8.804 8.851 8.890 8.921 8.945 8.960 8.968 8.967 8.963 8.961 8.957 8.950
6.342 6.352 6.361 6.369 6.376 6.384 6.392 6.402 6.413 6.426 6.442 6.461 6.483 6.508 6.536 6.566 6.598 6.632 6.667 6.702 6.738 6.774 6.808 6.843 6.877 6.911 6.945 6.979 7.012 7.046 7.080 7.114 7.147 7.180 7.212 7.243 7.273 7.301 7.332 7.368 7.406 7.446 7.492 7.544 7.600 7.662 7.734 7.814 7.894 7.956 8.024 8.116 8.207 8.294 8.377 8.456 8.532 8.600 8.660 8.693 8.728 8.783 8.833 8.877 8.914 8.944 8.966 8.981 8.988 8.986 8.982 8.979 8.973 8.965
6.358 6.369 6.379 6.388 6.397 6.406 6.414 6.424 6.435 6.447 6.463 6.481 6.501 6.525 6.552 6.581 6.613 6.646 6.681 6.717 6.754 6.789 6.824 6.859 6.894 6.928 6.962 6.996 7.031 7.065 7.100 7.134 7.169 7.204 7.238 7.272 7.304 7.334 7.366 7.404 7.443 7.485 7.533 7.585 7.641 7.705 7.780 7.864 7.948 8.011 8.081 8.175 8.265 8.350 8.430 8.506 8.578 8.642 8.698 8.728 8.761 8.812 8.859 8.900 8.935 8.964 8.986 9.000 9.005 9.003 8.998 8.994 8.988 8.980
6.373 6.385 6.397 6.407 6.417 6.426 6.436 6.446 6.456 6.469 6.483 6.500 6.520 6.543 6.569 6.597 6.628 6.661 6.696 6.732 6.769 6.805 6.841 6.876 6.912 6.946 6.981 7.015 7.050 7.085 7.121 7.156 7.193 7.229 7.265 7.301 7.335 7.368 7.402 7.440 7.481 7.524 7.573 7.627 7.684 7.750 7.826 7.912 8.001 8.066 8.136 8.229 8.319 8.402 8.480 8.553 8.621 8.681 8.734 8.762 8.792 8.840 8.883 8.922 8.955 8.983 9.005 9.017 9.021 9.018 9.013 9.009 9.002 8.994
6.387 6.401 6.413 6.424 6.435 6.446 6.456 6.466 6.478 6.490 6.504 6.520 6.539 6.561 6.586 6.613 6.644 6.677 6.712 6.748 6.785 6.822 6.858 6.894 6.930 6.965 7.000 7.034 7.070 7.106 7.143 7.180 7.218 7.256 7.294 7.332 7.368 7.402 7.437 7.477 7.519 7.563 7.614 7.669 7.728 7.795 7.873 7.963 8.058 8.123 8.192 8.285 8.373 8.454 8.528 8.598 8.662 8.720 8.769 8.795 8.822 8.867 8.907 8.943 8.974 9.001 9.023 9.034 9.036 9.032 9.027 9.022 9.016 9.008
6.401 6.415 6.428 6.441 6.453 6.464 6.475 6.486 6.498 6.510 6.524 6.540 6.558 6.579 6.603 6.630 6.660 6.692 6.727 6.764 6.801 6.839 6.876 6.912 6.948 6.984 7.019 7.054 7.091 7.129 7.168 7.206 7.245 7.284 7.324 7.364 7.401 7.436 7.471 7.513 7.556 7.602 7.655 7.712 7.774 7.844 7.924 8.023 8.121 8.182 8.248 8.339 8.424 8.503 8.575 8.641 8.702 8.756 8.802 8.825 8.851 8.892 8.930 8.963 8.992 9.018 9.039 9.047 9.046 9.043 9.038 9.034 9.029 9.021
6.415 6.430 6.444 6.457 6.470 6.482 6.494 6.506 6.518 6.530 6.544 6.559 6.577 6.597 6.620 6.647 6.676 6.708 6.743 6.779 6.817 6.856 6.893 6.931 6.967 7.003 7.039 7.075 7.114 7.154 7.193 7.233 7.274 7.314 7.355 7.395 7.433 7.469 7.508 7.551 7.596 7.644 7.700 7.760 7.826 7.899 7.987 8.088 8.179 8.237 8.301 8.390 8.473 8.549 8.618 8.681 8.739 8.789 8.833 8.854 8.878 8.916 8.951 8.982 9.009 9.032 9.050 9.056 9.056 9.053 9.048 9.045 9.041 9.035
6.429 6.444 6.459 6.473 6.486 6.499 6.512 6.524 6.537 6.549 6.563 6.578 6.596 6.615 6.638 6.663 6.692 6.723 6.758 6.795 6.833 6.872 6.910 6.948 6.986 7.022 7.059 7.098 7.138 7.179 7.221 7.262 7.303 7.345 7.386 7.426 7.465 7.505 7.547 7.592 7.638 7.690 7.749 7.813 7.882 7.962 8.053 8.148 8.235 8.290 8.352 8.438 8.519 8.593 8.659 8.720 8.774 8.821 8.862 8.882 8.903 8.938 8.970 8.999 9.023 9.043 9.057 9.064 9.065 9.063 9.058 9.056 9.054 9.050
6.443 6.459 6.474 6.489 6.503 6.516 6.530 6.542 6.555 6.568 6.582 6.597 6.614 6.633 6.654 6.679 6.707 6.738 6.773 6.809 6.848 6.887 6.926 6.966 7.004 7.042 7.081 7.122 7.164 7.207 7.249 7.291 7.334 7.376 7.417 7.458 7.500 7.543 7.588 7.635 7.684 7.741 7.804 7.871 7.945 8.027 8.115 8.206 8.288 8.341 8.400 8.484 8.563 8.634 8.698 8.756 8.807 8.852 8.890 8.908 8.927 8.959 8.988 9.014 9.035 9.052 9.064 9.071 9.074 9.071 9.067 9.068 9.068 9.066
6.458 6.474 6.490 6.505 6.519 6.533 6.547 6.560 6.573 6.586 6.600 6.615 6.631 6.650 6.671 6.695 6.722 6.753 6.786 6.823 6.862 6.902 6.942 6.982 7.022 7.063 7.104 7.147 7.190 7.234 7.278 7.322 7.365 7.407 7.449 7.492 7.536 7.583 7.633 7.683 7.735 7.796 7.863 7.934 8.009 8.089 8.174 8.260 8.339 8.390 8.447 8.528 8.604 8.674 8.735 8.790 8.839 8.880 8.916 8.932 8.949 8.979 9.005 9.027 9.045 9.060 9.070 9.077 9.082 9.081 9.077 9.080 9.082 9.084
6.473 6.489 6.505 6.521 6.536 6.551 6.565 6.578 6.591 6.605 6.618 6.633 6.649 6.666 6.687 6.710 6.736 6.766 6.799 6.836 6.875 6.915 6.956 6.998 7.041 7.084 7.128 7.172 7.217 7.263 7.307 7.352 7.396 7.440 7.483 7.528 7.575 7.627 7.683 7.735 7.790 7.855 7.926 7.998 8.071 8.149 8.230 8.312 8.389 8.437 8.491 8.570 8.644 8.711 8.770 8.823 8.869 8.908 8.940 8.955 8.970 8.996 9.020 9.039 9.054 9.067 9.077 9.084 9.091 9.090 9.088 9.093 9.098 9.102
6.488 6.505 6.522 6.538 6.553 6.568 6.582 6.596 6.609 6.623 6.636 6.650 6.666 6.683 6.702 6.724 6.750 6.778 6.811 6.848 6.887 6.927 6.970 7.014 7.059 7.105 7.151 7.198 7.244 7.290 7.336 7.382 7.428 7.473 7.518 7.566 7.617 7.676 7.736 7.791 7.848 7.918 7.991 8.061 8.132 8.206 8.283 8.362 8.437 8.484 8.535 8.612 8.684 8.748 8.804 8.854 8.898 8.934 8.963 8.976 8.990 9.013 9.033 9.050 9.064 9.074 9.083 9.092 9.101 9.101 9.099 9.107 9.114 9.120
6.503 6.521 6.538 6.554 6.570 6.586 6.600 6.614 6.628 6.641 6.654 6.668 6.683 6.699 6.717 6.738 6.762 6.790 6.822 6.859 6.898 6.939 6.984 7.030 7.078 7.126 7.175 7.223 7.270 7.317 7.364 7.411 7.459 7.507 7.555 7.607 7.664 7.727 7.792 7.849 7.908 7.981 8.053 8.122 8.190 8.260 8.333 8.410 8.484 8.529 8.579 8.653 8.721 8.782 8.836 8.883 8.925 8.958 8.984 8.995 9.007 9.027 9.045 9.061 9.072 9.082 9.091 9.100 9.111 9.112 9.112 9.122 9.130 9.138
6.518 6.536 6.554 6.571 6.588 6.603 6.618 6.633 6.646 6.660 6.673 6.686 6.700 6.715 6.732 6.752 6.775 6.801 6.833 6.869 6.909 6.951 6.997 7.045 7.095 7.146 7.197 7.247 7.295 7.342 7.391 7.440 7.492 7.543 7.595 7.651 7.712 7.780 7.849 7.908 7.969 8.041 8.113 8.181 8.247 8.314 8.383 8.456 8.530 8.574 8.622 8.693 8.758 8.815 8.866 8.911 8.950 8.981 9.005 9.014 9.023 9.041 9.058 9.071 9.082 9.090 9.099 9.109 9.121 9.123 9.125 9.136 9.146 9.155
6.532 6.551 6.570 6.587 6.605 6.621 6.637 6.651 6.665 6.678 6.691 6.704 6.717 6.731 6.747 6.766 6.787 6.812 6.843 6.879 6.919 6.962 7.009 7.060 7.112 7.166 7.219 7.270 7.318 7.367 7.417 7.470 7.525 7.580 7.637 7.699 7.764 7.836 7.912 7.971 8.030 8.103 8.174 8.240 8.303 8.367 8.432 8.504 8.579 8.621 8.665 8.733 8.795 8.849 8.896 8.939 8.976 9.004 9.024 9.031 9.039 9.055 9.070 9.082 9.092 9.100 9.108 9.119 9.134 9.137 9.139 9.152 9.163 9.172
6.546 6.565 6.584 6.603 6.621 6.639 6.655 6.670 6.684 6.697 6.710 6.722 6.735 6.748 6.763 6.779 6.799 6.823 6.852 6.889 6.929 6.973 7.022 7.074 7.129 7.185 7.239 7.291 7.342 7.393 7.445 7.502 7.561 7.621 7.684 7.750 7.819 7.900 7.978 8.034 8.091 8.163 8.232 8.297 8.359 8.420 8.482 8.556 8.631 8.669 8.709 8.773 8.831 8.881 8.926 8.966 9.000 9.025 9.041 9.047 9.054 9.068 9.082 9.093 9.103 9.111 9.118 9.132 9.149 9.152 9.154 9.168 9.179 9.189
6.557 6.578 6.598 6.618 6.637 6.655 6.672 6.688 6.703 6.716 6.729 6.741 6.753 6.765 6.778 6.794 6.812 6.834 6.863 6.900 6.940 6.985 7.035 7.089 7.145 7.202 7.258 7.312 7.366 7.420 7.475 7.536 7.600 7.666 7.735 7.807 7.884 7.967 8.041 8.095 8.151 8.221 8.289 8.354 8.414 8.475 8.539 8.612 8.679 8.714 8.752 8.812 8.865 8.912 8.953 8.990 9.020 9.042 9.057 9.062 9.068 9.081 9.094 9.105 9.114 9.123 9.133 9.148 9.164 9.167 9.170 9.183 9.195 9.206
6.568 6.589 6.611 6.631 6.652 6.671 6.689 6.706 6.721 6.735 6.748 6.760 6.771 6.783 6.795 6.809 6.825 6.847 6.875 6.911 6.952 6.997 7.048 7.103 7.160 7.218 7.276 7.335 7.393 7.449 7.507 7.574 7.644 7.716 7.790 7.869 7.951 8.031 8.103 8.154 8.208 8.278 8.346 8.410 8.471 8.533 8.598 8.665 8.726 8.758 8.793 8.847 8.897 8.940 8.978 9.011 9.038 9.058 9.073 9.077 9.082 9.095 9.107 9.118 9.128 9.138 9.150 9.164 9.179 9.182 9.186 9.199 9.211 9.221
6.577 6.599 6.622 6.643 6.665 6.685 6.704 6.722 6.739 6.754 6.767 6.779 6.790 6.801 6.813 6.825 6.841 6.860 6.888 6.923 6.964 7.009 7.061 7.116 7.174 7.234 7.296 7.360 7.422 7.480 7.542 7.616 7.692 7.769 7.850 7.932 8.015 8.093 8.162 8.212 8.264 8.333 8.401 8.465 8.528 8.590 8.653 8.715 8.770 8.799 8.831 8.881 8.926 8.966 9.001 9.030 9.054 9.073 9.088 9.092 9.096 9.109 9.121 9.132 9.143 9.155 9.167 9.181 9.194 9.197 9.201 9.214 9.226 9.236
6.585 6.608 6.631 6.654 6.676 6.698 6.718 6.738 6.755 6.771 6.786 6.798 6.810 6.821 6.832 6.843 6.857 6.876 6.902 6.937 6.977 7.022 7.073 7.130 7.189 7.252 7.319 7.387 7.454 7.516 7.582 7.661 7.742 7.826 7.910 7.993 8.076 8.152 8.220 8.268 8.319 8.388 8.455 8.521 8.583 8.645 8.705 8.762 8.812 8.838 8.868 8.912 8.953 8.990 9.021 9.048 9.071 9.089 9.103 9.107 9.111 9.124 9.136 9.148 9.159 9.172 9.185 9.198 9.210 9.213 9.216 9.229 9.240 9.250
6.592 6.616 6.639 6.663 6.687 6.710 6.731 6.752 6.771 6.788 6.804 6.818 6.830 6.841 6.852 6.863 6.876 6.893 6.917 6.951 6.990 7.035 7.086 7.144 7.206 7.272 7.344 7.417 7.489 7.554 7.624 7.709 7.796 7.883 7.968 8.052 8.133 8.209 8.276 8.323 8.372 8.441 8.509 8.574 8.636 8.697 8.754 8.806 8.851 8.875 8.901 8.942 8.979 9.012 9.041 9.065 9.086 9.104 9.118 9.122 9.126 9.139 9.152 9.164 9.176 9.189 9.202 9.214 9.226 9.228 9.231 9.243 9.253 9.262
6.598 6.622 6.647 6.671 6.696 6.720 6.743 6.765 6.786 6.805 6.822 6.837 6.850 6.862 6.873 6.884 6.895 6.910 6.933 6.966 7.005 7.048 7.101 7.161 7.225 7.295 7.372 7.451 7.528 7.595 7.669 7.759 7.849 7.938 8.024 8.108 8.189 8.264 8.330 8.375 8.424 8.493 8.561 8.625 8.687 8.745 8.800 8.848 8.888 8.909 8.933 8.969 9.003 9.033 9.059 9.082 9.102 9.119 9.134 9.137 9.141 9.155 9.168 9.181 9.193 9.206 9.219 9.231 9.241 9.243 9.246 9.256 9.266 9.274
6.604 6.628 6.654 6.679 6.704 6.729 6.754 6.777 6.800 6.820 6.839 6.856 6.871 6.884 6.895 6.906 6.916 6.929 6.950 6.983 7.021 7.064 7.118 7.180 7.247 7.322 7.404 7.488 7.569 7.638 7.715 7.809 7.901 7.991 8.077 8.160 8.241 8.315 8.381 8.426 8.474 8.543 8.609 8.673 8.732 8.789 8.841 8.885 8.921 8.940 8.961 8.994 9.024 9.052 9.077 9.098 9.118 9.134 9.149 9.152 9.157 9.170 9.183 9.197 9.209 9.222 9.235 9.246 9.255 9.257 9.260 9.269 9.278 9.285
6.610 6.634 6.660 6.686 6.712 6.738 6.764 6.789 6.813 6.835 6.856 6.874 6.891 6.905 6.917 6.928 6.938 6.950 6.970 7.001 7.039 7.083 7.138 7.202 7.273 7.352 7.437 7.525 7.610 7.681 7.760 7.856 7.950 8.040 8.126 8.210 8.289 8.363 8.430 8.474 8.522 8.589 8.655 8.717 8.775 8.829 8.879 8.920 8.953 8.970 8.988 9.018 9.045 9.072 9.094 9.114 9.133 9.150 9.164 9.168 9.172 9.185 9.199 9.212 9.225 9.238 9.251 9.261 9.270 9.271 9.273 9.281 9.289 9.296
