TsunamiDB/out54025.asc
ncols          264
nrows          230
xllcorner      497853.4375
yllcorner      4229146.0000
cellsize         5.
NODATA_value   -99
[rows 32 to 63 of 230, columns 142 to 212 of 264]
-99.000 -99.000 -99.000 -99.000 -99.000 -99.000 -99.000 -99.000 -99.000 -99.000 -99.000 -99.000 -99.000 -99.000 -99.000 -99.000 -99.000 -99.000 -99.000 -99.000 -99.000 -99.000 -99.000 1.644 1.652 1.711 1.867 2.112 2.414 2.738 3.053 3.338 3.581 3.782 3.947 4.083 4.196 4.292 4.375 4.449 4.514 4.574 4.629 4.680 4.728 4.772 4.814 4.854 4.892 4.928 4.963 4.998 5.032 5.066 5.099 5.132 5.165 5.197 5.231 5.265 5.298 5.333 5.367 5.401 5.436 5.471 5.505 5.540 5.575 5.611 5.646
-99.000 -99.000 -99.000 -99.000 -99.000 -99.000 -99.000 -99.000 -99.000 -99.000 -99.000 -99.000 -99.000 -99.000 -99.000 -99.000 -99.000 -99.000 -99.000 -99.000 -99.000 -99.000 -99.000 1.645 1.662 1.750 1.938 2.205 2.517 2.841 3.148 3.419 3.649 3.837 3.992 4.121 4.230 4.323 4.405 4.478 4.544 4.604 4.660 4.711 4.759 4.804 4.846 4.885 4.922 4.958 4.992 5.026 5.059 5.091 5.123 5.155 5.186 5.218 5.250 5.283 5.316 5.350 5.383 5.418 5.452 5.486 5.521 5.556 5.591 5.627 5.663
-99.000 -99.000 -99.000 -99.000 -99.000 -99.000 -99.000 -99.000 -99.000 -99.000 -99.000 -99.000 -99.000 -99.000 -99.000 -99.000 -99.000 -99.000 -99.000 -99.000 -99.000 -99.000 1.644 1.647 1.681 1.802 2.019 2.304 2.624 2.944 3.239 3.496 3.711 3.887 4.032 4.155 4.259 4.351 4.432 4.505 4.572 4.633 4.689 4.742 4.790 4.835 4.877 4.916 4.954 4.989 5.022 5.055 5.087 5.118 5.149 5.179 5.209 5.239 5.271 5.302 5.334 5.367 5.400 5.434 5.468 5.502 5.537 5.572 5.607 5.644 5.680
-99.000 -99.000 -99.000 -99.000 -99.000 -99.000 -99.000 -99.000 -99.000 -99.000 -99.000 -99.000 -99.000 -99.000 -99.000 -99.000 -99.000 -99.000 -99.000 -99.000 -99.000 -99.000 1.644 1.652 1.710 1.866 2.110 2.410 2.732 3.045 3.326 3.567 3.767 3.931 4.068 4.184 4.285 4.375 4.456 4.529 4.597 4.659 4.717 4.770 4.820 4.866 4.908 4.948 4.985 5.020 5.053 5.085 5.116 5.146 5.176 5.205 5.233 5.262 5.292 5.322 5.353 5.385 5.417 5.450 5.483 5.517 5.552 5.587 5.623 5.660 5.697
-99.000 -99.000 -99.000 -99.000 -99.000 -99.000 -99.000 -99.000 -99.000 -99.000 -99.000 -99.000 -99.000 -99.000 -99.000 -99.000 -99.000 -99.000 -99.000 -99.000 -99.000 -99.000 1.645 1.663 1.753 1.943 2.210 2.522 2.842 3.144 3.409 3.633 3.818 3.971 4.099 4.210 4.307 4.395 4.476 4.550 4.618 4.682 4.742 4.797 4.848 4.895 4.939 4.979 5.017 5.052 5.085 5.116 5.146 5.175 5.204 5.232 5.259 5.286 5.314 5.343 5.372 5.403 5.434 5.466 5.499 5.533 5.567 5.603 5.639 5.676 5.714
-99.000 -99.000 -99.000 -99.000 -99.000 -99.000 -99.000 -99.000 -99.000 -99.000 -99.000 -99.000 -99.000 -99.000 -99.000 -99.000 -99.000 -99.000 -99.000 -99.000 -99.000 1.644 1.647 1.685 1.811 2.032 2.319 2.637 2.952 3.239 3.487 3.694 3.864 4.005 4.126 4.231 4.326 4.412 4.492 4.567 4.637 4.703 4.764 4.821 4.874 4.922 4.967 5.009 5.047 5.083 5.117 5.148 5.178 5.206 5.233 5.260 5.286 5.311 5.338 5.365 5.393 5.422 5.452 5.483 5.515 5.548 5.583 5.618 5.655 5.692 5.731
-99.000 -99.000 -99.000 -99.000 -99.000 -99.000 -99.000 -99.000 -99.000 -99.000 -99.000 -99.000 -99.000 -99.000 -99.000 -99.000 -99.000 -99.000 -99.000 -99.000 -99.000 1.644 1.654 1.720 1.884 2.133 2.435 2.754 3.059 3.330 3.560 3.749 3.906 4.036 4.149 4.249 4.341 4.426 4.505 4.581 4.652 4.719 4.783 4.842 4.897 4.947 4.994 5.037 5.077 5.114 5.148 5.180 5.210 5.238 5.265 5.290 5.314 5.338 5.363 5.388 5.415 5.442 5.471 5.500 5.532 5.564 5.598 5.633 5.670 5.708 5.747
-99.000 -99.000 -99.000 -99.000 -99.000 -99.000 -99.000 -99.000 -99.000 -99.000 -99.000 -99.000 -99.000 -99.000 -99.000 -99.000 -99.000 -99.000 -99.000 -99.000 -99.000 1.645 1.668 1.770 1.970 2.243 2.554 2.870 3.162 3.415 3.626 3.800 3.943 4.064 4.169 4.265 4.353 4.436 4.516 4.591 4.664 4.733 4.798 4.859 4.916 4.969 5.017 5.063 5.104 5.143 5.179 5.212 5.242 5.270 5.297 5.322 5.345 5.367 5.391 5.414 5.438 5.464 5.491 5.519 5.549 5.581 5.614 5.649 5.685 5.723 5.762
-99.000 -99.000 -99.000 -99.000 -99.000 -99.000 -99.000 -99.000 -99.000 -99.000 -99.000 -99.000 -99.000 -99.000 -99.000 -99.000 -99.000 -99.000 -99.000 -99.000 1.644 1.649 1.696 1.836 2.068 2.360 2.676 2.983 3.259 3.494 3.688 3.846 3.977 4.089 4.187 4.278 4.363 4.445 4.523 4.599 4.672 4.743 4.809 4.872 4.931 4.986 5.038 5.085 5.129 5.170 5.207 5.242 5.274 5.303 5.330 5.354 5.377 5.399 5.420 5.442 5.464 5.488 5.512 5.539 5.567 5.597 5.630 5.664 5.700 5.738 5.778
-99.000 -99.000 -99.000 -99.000 -99.000 -99.000 -99.000 -99.000 -99.000 -99.000 -99.000 -99.000 -99.000 -99.000 -99.000 -99.000 -99.000 -99.000 -99.000 -99.000 1.644 1.658 1.738 1.916 2.175 2.481 2.796 3.092 3.351 3.567 3.744 3.888 4.008 4.111 4.204 4.290 4.372 4.451 4.529 4.604 4.678 4.749 4.817 4.882 4.943 5.000 5.054 5.104 5.151 5.194 5.234 5.270 5.304 5.335 5.362 5.388 5.410 5.432 5.453 5.473 5.493 5.514 5.537 5.561 5.587 5.615 5.646 5.679 5.715 5.753 5.792
-99.000 -99.000 -99.000 -99.000 -99.000 -99.000 -99.000 -99.000 -99.000 -99.000 -99.000 -99.000 -99.000 -99.000 -99.000 -99.000 -99.000 -99.000 -99.000 1.644 1.646 1.678 1.796 2.010 2.291 2.604 2.914 3.196 3.437 3.635 3.796 3.927 4.038 4.133 4.220 4.302 4.380 4.457 4.533 4.608 4.681 4.752 4.821 4.887 4.950 5.009 5.066 5.119 5.168 5.214 5.257 5.296 5.332 5.365 5.395 5.421 5.444 5.466 5.487 5.506 5.525 5.544 5.564 5.585 5.609 5.635 5.664 5.696 5.730 5.767 5.806
-99.000 -99.000 -99.000 -99.000 -99.000 -99.000 -99.000 -99.000 -99.000 -99.000 -99.000 -99.000 -99.000 -99.000 -99.000 -99.000 -99.000 -99.000 -99.000 1.644 1.652 1.712 1.869 2.114 2.412 2.727 3.028 3.293 3.516 3.697 3.843 3.964 4.066 4.154 4.236 4.314 4.389 4.463 4.537 4.610 4.682 4.753 4.822 4.889 4.953 5.015 5.073 5.129 5.181 5.230 5.276 5.318 5.357 5.392 5.425 5.453 5.478 5.501 5.522 5.541 5.559 5.576 5.594 5.613 5.633 5.657 5.683 5.713 5.745 5.781 5.820
-99.000 -99.000 -99.000 -99.000 -99.000 -99.000 -99.000 -99.000 -99.000 -99.000 -99.000 -99.000 -99.000 -99.000 -99.000 -99.000 -99.000 -99.000 -99.000 1.645 1.666 1.762 1.957 2.227 2.535 2.848 3.136 3.385 3.589 3.754 3.888 3.998 4.093 4.175 4.253 4.326 4.398 4.470 4.541 4.612 4.682 4.752 4.820 4.887 4.952 5.015 5.076 5.134 5.189 5.241 5.290 5.335 5.377 5.416 5.451 5.482 5.510 5.536 5.558 5.578 5.596 5.612 5.628 5.644 5.661 5.681 5.704 5.731 5.762 5.796 5.834
-99.000 -99.000 -99.000 -99.000 -99.000 -99.000 -99.000 -99.000 -99.000 -99.000 -99.000 -99.000 -99.000 -99.000 -99.000 -99.000 -99.000 -99.000 1.644 1.648 1.692 1.828 2.057 2.346 2.660 2.965 3.239 3.469 3.657 3.807 3.930 4.032 4.119 4.196 4.270 4.340 4.409 4.477 4.545 4.614 4.682 4.749 4.816 4.883 4.948 5.012 5.074 5.134 5.192 5.247 5.298 5.347 5.393 5.435 5.474 5.509 5.540 5.568 5.593 5.615 5.634 5.650 5.664 5.678 5.693 5.709 5.729 5.752 5.780 5.812 5.848
-99.000 -99.000 -99.000 -99.000 -99.000 -99.000 -99.000 -99.000 -99.000 -99.000 -99.000 -99.000 -99.000 -99.000 -99.000 -99.000 -99.000 -99.000 1.644 1.657 1.734 1.910 2.167 2.470 2.784 3.079 3.335 3.547 3.719 3.856 3.969 4.063 4.144 4.218 4.288 4.355 4.421 4.486 4.552 4.617 4.682 4.747 4.812 4.877 4.942 5.006 5.069 5.130 5.189 5.247 5.301 5.353 5.403 5.449 5.492 5.530 5.565 5.597 5.625 5.650 5.671 5.688 5.703 5.716 5.728 5.741 5.757 5.776 5.800 5.829 5.863
-99.000 -99.000 -99.000 -99.000 -99.000 -99.000 -99.000 -99.000 -99.000 -99.000 -99.000 -99.000 -99.000 -99.000 -99.000 -99.000 -99.000 1.644 1.646 1.677 1.793 2.006 2.286 2.597 2.906 3.186 3.425 3.620 3.776 3.902 4.005 4.093 4.170 4.240 4.307 4.372 4.435 4.498 4.560 4.622 4.684 4.746 4.809 4.872 4.935 4.998 5.060 5.122 5.183 5.242 5.299 5.354 5.406 5.456 5.502 5.545 5.584 5.620 5.653 5.681 5.705 5.725 5.741 5.754 5.766 5.776 5.789 5.804 5.824 5.849 5.879
-99.000 -99.000 -99.000 -99.000 -99.000 -99.000 -99.000 -99.000 -99.000 -99.000 -99.000 -99.000 -99.000 -99.000 -99.000 -99.000 -99.000 1.644 1.652 1.712 1.870 2.114 2.411 2.725 3.025 3.289 3.509 3.687 3.829 3.944 4.040 4.123 4.195 4.263 4.327 4.389 4.450 4.511 4.570 4.629 4.688 4.747 4.807 4.867 4.928 4.989 5.051 5.112 5.172 5.232 5.291 5.348 5.403 5.456 5.506 5.553 5.596 5.637 5.674 5.707 5.735 5.759 5.778 5.793 5.804 5.814 5.824 5.835 5.851 5.871 5.898
-99.000 -99.000 -99.000 -99.000 -99.000 -99.000 -99.000 -99.000 -99.000 -99.000 -99.000 -99.000 -99.000 -99.000 -99.000 -99.000 -99.000 1.645 1.667 1.765 1.961 2.232 2.540 2.852 3.138 3.384 3.586 3.748 3.878 3.984 4.073 4.151 4.220 4.285 4.348 4.408 4.467 4.525 4.582 4.638 4.694 4.750 4.807 4.864 4.922 4.981 5.040 5.100 5.160 5.219 5.279 5.337 5.394 5.449 5.503 5.553 5.600 5.645 5.687 5.725 5.758 5.786 5.810 5.828 5.842 5.852 5.861 5.870 5.881 5.898 5.920
-99.000 -99.000 -99.000 -99.000 -99.000 -99.000 -99.000 -99.000 -99.000 -99.000 -99.000 -99.000 -99.000 -99.000 -99.000 -99.000 1.644 1.649 1.696 1.836 2.067 2.358 2.672 2.976 3.247 3.474 3.658 3.805 3.924 4.022 4.105 4.179 4.245 4.308 4.369 4.427 4.485 4.540 4.595 4.649 4.702 4.756 4.810 4.864 4.919 4.975 5.032 5.089 5.147 5.205 5.264 5.322 5.380 5.437 5.492 5.545 5.596 5.645 5.691 5.734 5.772 5.806 5.834 5.857 5.875 5.888 5.897 5.906 5.915 5.927 5.945
-99.000 -99.000 -99.000 -99.000 -99.000 -99.000 -99.000 -99.000 -99.000 -99.000 -99.000 -99.000 -99.000 -99.000 -99.000 -99.000 1.645 1.660 1.742 1.924 2.185 2.490 2.803 3.095 3.348 3.557 3.725 3.859 3.967 4.058 4.136 4.206 4.270 4.331 4.390 4.447 4.503 4.557 4.609 4.661 4.712 4.763 4.814 4.866 4.918 4.971 5.025 5.080 5.135 5.192 5.248 5.306 5.363 5.420 5.477 5.532 5.585 5.637 5.687 5.734 5.777 5.816 5.850 5.878 5.901 5.918 5.931 5.941 5.949 5.959 5.973
-99.000 -99.000 -99.000 -99.000 -99.000 -99.000 -99.000 -99.000 -99.000 -99.000 -99.000 -99.000 -99.000 -99.000 -99.000 1.644 1.647 1.683 1.808 2.028 2.312 2.625 2.932 3.209 3.444 3.634 3.786 3.908 4.008 4.092 4.166 4.233 4.295 4.354 4.412 4.468 4.522 4.574 4.624 4.674 4.723 4.772 4.821 4.870 4.920 4.970 5.021 5.073 5.125 5.179 5.234 5.289 5.345 5.402 5.459 5.514 5.569 5.623 5.675 5.725 5.773 5.816 5.855 5.890 5.918 5.941 5.959 5.972 5.982 5.992 6.004
-99.000 -99.000 -99.000 -99.000 -99.000 -99.000 -99.000 -99.000 -99.000 -99.000 -99.000 -99.000 -99.000 -99.000 -99.000 1.644 1.655 1.724 1.893 2.144 2.446 2.760 3.057 3.317 3.532 3.705 3.843 3.955 4.047 4.126 4.196 4.261 4.321 4.378 4.434 4.488 4.541 4.591 4.640 4.688 4.736 4.783 4.830 4.877 4.924 4.971 5.019 5.068 5.118 5.169 5.221 5.274 5.328 5.383 5.439 5.494 5.549 5.604 5.658 5.711 5.761 5.809 5.852 5.892 5.926 5.955 5.979 5.997 6.011 6.023 6.034
-99.000 -99.000 -99.000 -99.000 -99.000 -99.000 -99.000 -99.000 -99.000 -99.000 -99.000 -99.000 -99.000 -99.000 1.644 1.646 1.674 1.785 1.993 2.271 2.583 2.893 3.176 3.417 3.614 3.771 3.897 3.999 4.084 4.159 4.226 4.288 4.346 4.402 4.457 4.509 4.560 4.609 4.657 4.703 4.749 4.795 4.840 4.884 4.929 4.974 5.020 5.066 5.113 5.161 5.211 5.261 5.313 5.366 5.420 5.474 5.528 5.583 5.638 5.692 5.744 5.795 5.842 5.886 5.926 5.960 5.990 6.014 6.033 6.049 6.063
-99.000 -99.000 -99.000 -99.000 -99.000 -99.000 -99.000 -99.000 -99.000 -99.000 -99.000 -99.000 -99.000 -99.000 1.644 1.651 1.710 1.865 2.108 2.405 2.721 3.022 3.288 3.510 3.689 3.832 3.946 4.040 4.121 4.191 4.256 4.316 4.373 4.427 4.480 4.531 4.580 4.627 4.674 4.719 4.764 4.807 4.850 4.893 4.936 4.979 5.022 5.065 5.110 5.155 5.202 5.250 5.299 5.350 5.402 5.454 5.507 5.562 5.617 5.671 5.725 5.777 5.827 5.874 5.918 5.958 5.992 6.022 6.048 6.068 6.086
-99.000 -99.000 -99.000 -99.000 -99.000 -99.000 -99.000 -99.000 -99.000 -99.000 -99.000 -99.000 -99.000 -99.000 1.645 1.667 1.765 1.962 2.234 2.543 2.856 3.145 3.393 3.596 3.758 3.888 3.993 4.080 4.156 4.224 4.286 4.345 4.400 4.452 4.504 4.553 4.600 4.646 4.692 4.736 4.779 4.821 4.862 4.903 4.944 4.985 5.025 5.066 5.108 5.151 5.195 5.241 5.288 5.336 5.386 5.436 5.488 5.541 5.595 5.650 5.704 5.757 5.808 5.858 5.905 5.948 5.988 6.023 6.054 6.080 6.103
-99.000 -99.000 -99.000 -99.000 -99.000 -99.000 -99.000 -99.000 -99.000 -99.000 -99.000 -99.000 -99.000 1.644 1.649 1.697 1.840 2.074 2.367 2.682 2.988 3.260 3.489 3.674 3.822 3.940 4.036 4.118 4.190 4.256 4.316 4.374 4.427 4.478 4.528 4.575 4.622 4.667 4.710 4.753 4.795 4.836 4.876 4.915 4.954 4.992 5.030 5.069 5.108 5.149 5.190 5.233 5.277 5.323 5.371 5.419 5.469 5.522 5.575 5.628 5.682 5.736 5.788 5.839 5.888 5.934 5.978 6.017 6.053 6.085 6.113
-99.000 -99.000 -99.000 -99.000 -99.000 -99.000 -99.000 -99.000 -99.000 -99.000 -99.000 -99.000 -99.000 1.645 1.661 1.747 1.933 2.197 2.504 2.820 3.113 3.368 3.578 3.746 3.880 3.988 4.078 4.155 4.224 4.287 4.346 4.402 4.454 4.504 4.552 4.599 4.644 4.688 4.730 4.772 4.812 4.852 4.890 4.928 4.965 5.001 5.037 5.074 5.110 5.148 5.186 5.226 5.268 5.311 5.357 5.403 5.451 5.502 5.554 5.607 5.660 5.714 5.766 5.818 5.869 5.917 5.963 6.005 6.045 6.082 6.115
-99.000 -99.000 -99.000 -99.000 -99.000 -99.000 -99.000 -99.000 -99.000 -99.000 -99.000 -99.000 1.644 1.647 1.686 1.816 2.040 2.328 2.643 2.953 3.231 3.467 3.658 3.811 3.933 4.033 4.117 4.191 4.257 4.319 4.376 4.431 4.481 4.530 4.577 4.622 4.667 4.709 4.751 4.792 4.831 4.869 4.906 4.943 4.978 5.013 5.047 5.081 5.115 5.149 5.185 5.222 5.261 5.301 5.343 5.387 5.434 5.483 5.533 5.585 5.638 5.691 5.743 5.795 5.846 5.896 5.944 5.989 6.032 6.073 6.111
-99.000 -99.000 -99.000 -99.000 -99.000 -99.000 -99.000 -99.000 -99.000 -99.000 -99.000 -99.000 1.644 1.656 1.730 1.903 2.159 2.463 2.780 3.079 3.341 3.558 3.732 3.871 3.983 4.075 4.155 4.225 4.290 4.349 4.405 4.458 4.508 4.555 4.602 4.646 4.690 4.732 4.773 4.812 4.851 4.888 4.924 4.960 4.994 5.027 5.059 5.091 5.122 5.154 5.186 5.220 5.255 5.293 5.331 5.373 5.417 5.464 5.513 5.563 5.614 5.666 5.719 5.771 5.822 5.872 5.921 5.968 6.014 6.058 6.100
-99.000 -99.000 -99.000 -99.000 -99.000 -99.000 -99.000 -99.000 -99.000 -99.000 -99.000 1.644 1.646 1.676 1.792 2.004 2.286 2.601 2.913 3.198 3.442 3.640 3.799 3.926 4.029 4.116 4.191 4.259 4.321 4.380 4.434 4.486 4.534 4.581 4.626 4.670 4.713 4.755 4.795 4.834 4.872 4.909 4.944 4.978 5.011 5.043 5.074 5.103 5.133 5.162 5.191 5.222 5.253 5.287 5.322 5.360 5.402 5.446 5.492 5.541 5.590 5.641 5.693 5.744 5.795 5.846 5.895 5.944 5.992 6.038 6.083
-99.000 -99.000 -99.000 -99.000 -99.000 -99.000 -99.000 -99.000 -99.000 -99.000 -99.000 1.644 1.652 1.713 1.872 2.118 2.418 2.737 3.041 3.309 3.534 3.715 3.860 3.976 4.072 4.154 4.226 4.292 4.352 4.409 4.462 4.513 4.560 4.606 4.651 4.694 4.737 4.777 4.817 4.856 4.893 4.930 4.965 4.998 5.031 5.061 5.091 5.119 5.147 5.174 5.200 5.227 5.256 5.285 5.317 5.351 5.388 5.429 5.472 5.518 5.566 5.615 5.665 5.716 5.767 5.817 5.867 5.917 5.966 6.014 6.062
-99.000 -99.000 -99.000 -99.000 -99.000 -99.000 -99.000 -99.000 -99.000 -99.000 -99.000 1.645 1.668 1.768 1.967 2.241 2.553 2.869 3.160 3.411 3.618 3.783 3.915 4.023 4.113 4.191 4.260 4.324 4.383 4.438 4.490 4.539 4.585 4.631 4.675 4.718 4.760 4.800 4.840 4.878 4.915 4.951 4.986 5.019 5.051 5.082 5.111 5.138 5.164 5.189 5.214 5.238 5.262 5.288 5.315 5.345 5.378 5.415 5.455 5.497 5.542 5.589 5.637 5.687 5.737 5.787 5.837 5.887 5.937 5.987 6.036
