TsunamiDB/out54083.asc
ncols          264
nrows          230
xllcorner      497853.4375
yllcorner      4229146.0000
cellsize         5.
NODATA_value   -99
[rows 34 to 67 of 230, columns 77 to 153 of 264]
4.539 4.575 4.611 4.647 4.682 4.716 4.749 4.781 4.812 4.844 4.875 4.905 4.935 4.964 4.993 5.021 5.049 5.076 5.102 5.128 5.154 5.179 5.203 5.228 5.251 5.275 5.298 5.321 5.344 5.365 5.385 5.406 5.427 5.447 5.468 5.487 5.507 5.526 5.544 5.562 5.580 5.597 5.613 5.629 5.645 5.660 5.676 5.690 5.705 5.719 5.733 5.747 5.760 5.772 5.785 5.798 5.811 5.824 5.838 5.851 5.865 5.879 5.893 5.907 5.921 5.936 5.951 5.966 5.981 5.997 6.012 6.028 6.044 6.059 6.075 6.089 6.103
4.554 4.591 4.626 4.661 4.696 4.730 4.762 4.793 4.825 4.857 4.888 4.918 4.948 4.977 5.006 5.034 5.061 5.088 5.115 5.141 5.167 5.192 5.217 5.241 5.265 5.288 5.312 5.335 5.357 5.378 5.399 5.420 5.441 5.461 5.482 5.502 5.521 5.540 5.559 5.577 5.594 5.611 5.628 5.644 5.660 5.675 5.690 5.705 5.719 5.733 5.747 5.760 5.773 5.785 5.797 5.810 5.823 5.836 5.849 5.862 5.875 5.888 5.902 5.916 5.930 5.944 5.958 5.973 5.988 6.003 6.018 6.034 6.049 6.065 6.080 6.095 6.109
4.570 4.605 4.641 4.675 4.709 4.743 4.774 4.806 4.837 4.869 4.899 4.930 4.959 4.989 5.017 5.046 5.073 5.100 5.127 5.153 5.179 5.204 5.229 5.253 5.278 5.301 5.325 5.348 5.370 5.391 5.412 5.433 5.454 5.475 5.495 5.515 5.535 5.554 5.573 5.591 5.609 5.626 5.643 5.659 5.675 5.690 5.705 5.719 5.733 5.747 5.761 5.774 5.786 5.798 5.810 5.823 5.835 5.848 5.860 5.873 5.885 5.898 5.911 5.925 5.938 5.952 5.966 5.980 5.995 6.010 6.025 6.040 6.055 6.070 6.086 6.100 6.114
4.585 4.620 4.655 4.689 4.722 4.755 4.787 4.818 4.849 4.880 4.911 4.941 4.971 5.000 5.028 5.057 5.084 5.111 5.138 5.165 5.190 5.216 5.241 5.265 5.289 5.313 5.337 5.360 5.382 5.404 5.425 5.446 5.467 5.488 5.509 5.529 5.549 5.568 5.587 5.605 5.623 5.641 5.658 5.674 5.690 5.705 5.720 5.734 5.748 5.762 5.775 5.788 5.800 5.812 5.824 5.836 5.848 5.860 5.872 5.884 5.896 5.909 5.921 5.934 5.947 5.960 5.974 5.988 6.002 6.016 6.031 6.046 6.061 6.076 6.091 6.106 6.119
4.600 4.634 4.669 4.702 4.735 4.768 4.799 4.830 4.861 4.892 4.922 4.952 4.981 5.010 5.039 5.067 5.095 5.122 5.149 5.175 5.201 5.226 5.251 5.276 5.300 5.324 5.348 5.371 5.394 5.416 5.437 5.458 5.479 5.500 5.521 5.542 5.562 5.581 5.600 5.619 5.637 5.655 5.672 5.689 5.705 5.720 5.735 5.750 5.764 5.777 5.790 5.803 5.815 5.826 5.837 5.849 5.861 5.872 5.884 5.896 5.908 5.920 5.932 5.944 5.957 5.969 5.982 5.996 6.009 6.023 6.038 6.052 6.067 6.082 6.097 6.111 6.125
4.615 4.649 4.682 4.715 4.748 4.780 4.811 4.841 4.872 4.902 4.933 4.962 4.991 5.020 5.049 5.077 5.104 5.132 5.158 5.185 5.211 5.236 5.261 5.286 5.311 5.335 5.358 5.382 5.405 5.427 5.448 5.469 5.491 5.512 5.533 5.554 5.574 5.594 5.613 5.632 5.651 5.669 5.686 5.703 5.719 5.735 5.750 5.765 5.779 5.792 5.806 5.818 5.830 5.840 5.852 5.863 5.874 5.886 5.897 5.908 5.919 5.931 5.943 5.954 5.966 5.979 5.991 6.004 6.017 6.031 6.045 6.059 6.073 6.088 6.102 6.116 6.130
4.630 4.663 4.696 4.729 4.761 4.793 4.823 4.853 4.883 4.913 4.943 4.972 5.001 5.030 5.058 5.086 5.114 5.141 5.168 5.194 5.220 5.246 5.271 5.296 5.320 5.344 5.368 5.392 5.415 5.437 5.458 5.480 5.502 5.523 5.544 5.565 5.585 5.605 5.625 5.644 5.663 5.682 5.700 5.717 5.734 5.750 5.765 5.780 5.794 5.808 5.821 5.834 5.845 5.856 5.866 5.877 5.888 5.899 5.910 5.921 5.932 5.943 5.954 5.965 5.977 5.988 6.001 6.013 6.026 6.039 6.052 6.066 6.079 6.094 6.108 6.122 6.135
4.645 4.677 4.710 4.742 4.774 4.805 4.835 4.864 4.894 4.924 4.953 4.982 5.011 5.039 5.067 5.095 5.122 5.149 5.176 5.203 5.229 5.254 5.279 5.304 5.329 5.353 5.377 5.401 5.424 5.446 5.468 5.490 5.511 5.533 5.554 5.575 5.596 5.616 5.636 5.656 5.675 5.694 5.712 5.730 5.747 5.764 5.779 5.795 5.809 5.823 5.837 5.849 5.861 5.871 5.882 5.892 5.903 5.913 5.924 5.934 5.945 5.955 5.966 5.976 5.987 5.999 6.010 6.022 6.034 6.047 6.060 6.073 6.086 6.100 6.114 6.128 6.141
4.660 4.692 4.724 4.755 4.786 4.817 4.847 4.875 4.905 4.934 4.963 4.992 5.020 5.048 5.076 5.104 5.131 5.158 5.184 5.211 5.237 5.262 5.288 5.312 5.337 5.361 5.385 5.409 5.433 5.455 5.476 5.498 5.520 5.542 5.564 5.585 5.606 5.626 5.647 5.667 5.686 5.705 5.724 5.742 5.760 5.777 5.793 5.809 5.824 5.838 5.852 5.865 5.876 5.887 5.898 5.908 5.918 5.928 5.938 5.948 5.958 5.968 5.978 5.988 5.999 6.009 6.020 6.032 6.043 6.055 6.068 6.080 6.093 6.107 6.120 6.133 6.146
4.675 4.707 4.738 4.769 4.799 4.830 4.858 4.887 4.916 4.945 4.973 5.002 5.030 5.057 5.085 5.112 5.139 5.166 5.192 5.218 5.244 5.270 5.295 5.320 5.345 5.369 5.393 5.417 5.440 5.463 5.484 5.507 5.529 5.551 5.572 5.594 5.615 5.636 5.656 5.676 5.696 5.715 5.734 5.753 5.771 5.789 5.806 5.822 5.838 5.852 5.867 5.880 5.892 5.903 5.913 5.924 5.934 5.944 5.953 5.963 5.972 5.981 5.991 6.001 6.010 6.021 6.031 6.042 6.053 6.064 6.076 6.088 6.101 6.114 6.127 6.139 6.152
4.690 4.721 4.752 4.782 4.812 4.842 4.870 4.898 4.927 4.955 4.983 5.011 5.039 5.066 5.094 5.121 5.147 5.174 5.200 5.226 5.252 5.277 5.302 5.327 5.352 5.376 5.400 5.424 5.448 5.470 5.492 5.514 5.536 5.558 5.580 5.602 5.623 5.644 5.664 5.685 5.705 5.725 5.744 5.763 5.782 5.800 5.817 5.834 5.850 5.866 5.880 5.894 5.907 5.918 5.929 5.940 5.950 5.960 5.969 5.978 5.987 5.996 6.005 6.014 6.023 6.032 6.042 6.052 6.063 6.074 6.085 6.096 6.108 6.121 6.133 6.146 6.158
4.706 4.736 4.766 4.796 4.826 4.855 4.883 4.910 4.938 4.966 4.994 5.021 5.048 5.075 5.102 5.129 5.155 5.181 5.207 5.233 5.259 5.284 5.309 5.334 5.358 5.383 5.407 5.431 5.454 5.477 5.498 5.521 5.543 5.565 5.587 5.609 5.630 5.651 5.672 5.693 5.713 5.733 5.753 5.772 5.791 5.809 5.827 5.845 5.862 5.878 5.893 5.908 5.921 5.933 5.944 5.955 5.966 5.976 5.985 5.994 6.003 6.011 6.019 6.028 6.036 6.045 6.054 6.064 6.073 6.084 6.094 6.105 6.117 6.128 6.141 6.152 6.164
4.722 4.752 4.781 4.810 4.839 4.868 4.895 4.922 4.950 4.977 5.004 5.031 5.058 5.085 5.111 5.137 5.163 5.189 5.215 5.240 5.266 5.291 5.316 5.340 5.365 5.389 5.413 5.437 5.460 5.483 5.505 5.527 5.549 5.571 5.593 5.615 5.637 5.658 5.679 5.700 5.720 5.740 5.760 5.780 5.799 5.818 5.836 5.854 5.872 5.889 5.905 5.920 5.934 5.946 5.958 5.970 5.981 5.992 6.001 6.010 6.019 6.027 6.035 6.043 6.051 6.059 6.067 6.076 6.085 6.094 6.104 6.115 6.125 6.136 6.148 6.159 6.170
4.738 4.767 4.796 4.825 4.853 4.881 4.908 4.934 4.961 4.988 5.015 5.041 5.068 5.094 5.120 5.146 5.171 5.197 5.222 5.248 5.273 5.297 5.322 5.347 5.371 5.395 5.419 5.443 5.466 5.488 5.510 5.533 5.555 5.577 5.599 5.621 5.643 5.664 5.685 5.706 5.727 5.747 5.767 5.787 5.806 5.826 5.844 5.863 5.881 5.898 5.915 5.931 5.945 5.959 5.972 5.984 5.996 6.007 6.017 6.026 6.035 6.043 6.051 6.058 6.066 6.073 6.081 6.089 6.097 6.106 6.115 6.125 6.135 6.145 6.156 6.166 6.177
4.754 4.783 4.812 4.840 4.867 4.895 4.921 4.947 4.973 5.000 5.026 5.052 5.078 5.103 5.129 5.154 5.180 5.205 5.230 5.255 5.279 5.304 5.329 5.353 5.377 5.401 5.425 5.448 5.471 5.494 5.516 5.538 5.560 5.582 5.604 5.626 5.648 5.669 5.690 5.711 5.732 5.753 5.773 5.793 5.813 5.832 5.851 5.870 5.889 5.906 5.924 5.940 5.955 5.969 5.983 5.997 6.009 6.021 6.032 6.042 6.051 6.059 6.067 6.075 6.082 6.089 6.096 6.103 6.110 6.118 6.127 6.135 6.145 6.154 6.164 6.174 6.183
4.772 4.800 4.828 4.855 4.882 4.909 4.934 4.960 4.986 5.011 5.037 5.062 5.088 5.113 5.138 5.163 5.188 5.213 5.237 5.262 5.286 5.311 5.335 5.359 5.383 5.407 5.430 5.454 5.477 5.499 5.521 5.543 5.565 5.587 5.609 5.631 5.653 5.674 5.695 5.716 5.737 5.758 5.778 5.798 5.818 5.838 5.857 5.876 5.895 5.914 5.931 5.949 5.964 5.979 5.994 6.008 6.021 6.034 6.045 6.056 6.066 6.075 6.083 6.091 6.098 6.105 6.111 6.118 6.125 6.132 6.139 6.147 6.155 6.165 6.173 6.182 6.191
4.789 4.817 4.844 4.871 4.897 4.923 4.948 4.973 4.998 5.024 5.049 5.074 5.098 5.123 5.148 5.172 5.197 5.221 5.245 5.269 5.293 5.317 5.341 5.365 5.389 5.412 5.436 5.459 5.482 5.504 5.525 5.548 5.570 5.592 5.614 5.636 5.657 5.679 5.700 5.721 5.742 5.762 5.783 5.803 5.823 5.843 5.863 5.882 5.901 5.920 5.938 5.956 5.971 5.987 6.002 6.017 6.032 6.045 6.058 6.069 6.080 6.090 6.099 6.107 6.114 6.121 6.128 6.134 6.140 6.146 6.153 6.160 6.167 6.175 6.183 6.190 6.199
4.807 4.834 4.861 4.887 4.913 4.939 4.962 4.987 5.012 5.036 5.061 5.085 5.109 5.134 5.158 5.182 5.206 5.230 5.253 5.277 5.301 5.324 5.348 5.371 5.395 5.418 5.441 5.464 5.487 5.508 5.530 5.552 5.574 5.596 5.618 5.640 5.661 5.683 5.704 5.725 5.746 5.766 5.787 5.807 5.827 5.847 5.867 5.887 5.906 5.925 5.944 5.961 5.977 5.994 6.010 6.026 6.041 6.055 6.069 6.081 6.093 6.104 6.113 6.122 6.130 6.137 6.144 6.150 6.156 6.162 6.168 6.174 6.180 6.187 6.194 6.200 6.208
4.826 4.853 4.879 4.905 4.930 4.954 4.977 5.002 5.026 5.050 5.074 5.097 5.121 5.144 5.168 5.192 5.215 5.238 5.262 5.285 5.308 5.332 5.355 5.378 5.401 5.424 5.447 5.470 5.492 5.513 5.535 5.557 5.579 5.601 5.622 5.644 5.665 5.687 5.708 5.729 5.749 5.770 5.791 5.811 5.831 5.851 5.871 5.891 5.910 5.929 5.948 5.966 5.983 6.000 6.016 6.033 6.048 6.064 6.078 6.091 6.104 6.116 6.127 6.136 6.145 6.153 6.160 6.166 6.172 6.178 6.183 6.189 6.194 6.200 6.206 6.211 6.218
4.845 4.871 4.897 4.922 4.947 4.970 4.993 5.017 5.040 5.064 5.087 5.110 5.133 5.156 5.179 5.202 5.225 5.248 5.271 5.293 5.316 5.339 5.362 5.385 5.407 5.430 5.453 5.475 5.497 5.518 5.539 5.561 5.583 5.605 5.626 5.648 5.669 5.690 5.711 5.732 5.753 5.774 5.794 5.814 5.835 5.855 5.874 5.894 5.914 5.933 5.952 5.970 5.987 6.004 6.022 6.038 6.055 6.071 6.086 6.100 6.114 6.127 6.138 6.149 6.159 6.167 6.175 6.182 6.188 6.194 6.199 6.204 6.209 6.214 6.219 6.224 6.229
4.865 4.891 4.916 4.941 4.965 4.988 5.010 5.033 5.056 5.078 5.101 5.123 5.146 5.168 5.190 5.213 5.235 5.257 5.280 5.302 5.324 5.347 5.369 5.392 5.414 5.436 5.459 5.481 5.502 5.523 5.544 5.566 5.587 5.609 5.630 5.652 5.673 5.694 5.715 5.736 5.756 5.777 5.797 5.818 5.838 5.858 5.878 5.897 5.917 5.936 5.956 5.974 5.991 6.009 6.026 6.043 6.060 6.077 6.093 6.108 6.122 6.136 6.148 6.160 6.171 6.181 6.189 6.197 6.204 6.210 6.215 6.220 6.225 6.230 6.234 6.237 6.242
4.885 4.911 4.935 4.960 4.983 5.006 5.027 5.050 5.072 5.094 5.116 5.138 5.159 5.181 5.203 5.224 5.246 5.268 5.289 5.311 5.333 5.355 5.377 5.399 5.421 5.443 5.465 5.487 5.508 5.528 5.549 5.571 5.592 5.613 5.635 5.656 5.677 5.698 5.718 5.739 5.760 5.780 5.800 5.821 5.841 5.861 5.881 5.900 5.920 5.939 5.959 5.977 5.994 6.012 6.030 6.048 6.065 6.082 6.098 6.114 6.129 6.144 6.157 6.170 6.182 6.193 6.202 6.211 6.219 6.225 6.231 6.236 6.241 6.245 6.249 6.252 6.256
4.906 4.931 4.955 4.979 5.003 5.024 5.046 5.068 5.089 5.111 5.132 5.153 5.174 5.195 5.216 5.237 5.258 5.279 5.300 5.321 5.342 5.364 5.385 5.406 5.428 5.449 5.471 5.493 5.513 5.534 5.555 5.576 5.597 5.618 5.639 5.660 5.681 5.701 5.722 5.742 5.763 5.783 5.803 5.824 5.844 5.863 5.883 5.903 5.923 5.942 5.961 5.980 5.997 6.015 6.033 6.051 6.069 6.086 6.103 6.119 6.135 6.150 6.165 6.178 6.191 6.203 6.214 6.223 6.232 6.239 6.246 6.252 6.257 6.261 6.265 6.267 6.270
4.927 4.952 4.976 5.000 5.023 5.044 5.065 5.086 5.107 5.128 5.149 5.169 5.189 5.210 5.230 5.250 5.270 5.291 5.311 5.332 5.352 5.373 5.394 5.415 5.436 5.457 5.478 5.499 5.519 5.539 5.560 5.581 5.602 5.623 5.643 5.664 5.685 5.705 5.726 5.746 5.766 5.786 5.807 5.827 5.846 5.866 5.886 5.906 5.925 5.945 5.964 5.982 6.000 6.018 6.036 6.054 6.072 6.090 6.107 6.124 6.140 6.156 6.171 6.185 6.199 6.212 6.224 6.234 6.244 6.253 6.260 6.267 6.272 6.277 6.281 6.283 6.286
4.948 4.973 4.997 5.020 5.043 5.064 5.085 5.106 5.126 5.147 5.167 5.186 5.206 5.226 5.245 5.264 5.284 5.303 5.323 5.343 5.363 5.383 5.403 5.423 5.444 5.464 5.485 5.506 5.526 5.545 5.566 5.586 5.607 5.628 5.648 5.669 5.689 5.709 5.730 5.750 5.770 5.790 5.810 5.830 5.849 5.869 5.889 5.908 5.928 5.947 5.967 5.985 6.003 6.021 6.039 6.057 6.075 6.093 6.111 6.128 6.145 6.161 6.177 6.192 6.206 6.220 6.232 6.244 6.255 6.264 6.273 6.281 6.287 6.293 6.297 6.299 6.302
4.969 4.993 5.017 5.041 5.064 5.085 5.105 5.126 5.146 5.166 5.185 5.205 5.224 5.243 5.261 5.280 5.299 5.317 5.336 5.355 5.374 5.394 5.413 5.433 5.453 5.473 5.493 5.513 5.533 5.552 5.572 5.592 5.612 5.633 5.653 5.673 5.693 5.714 5.734 5.754 5.774 5.793 5.813 5.833 5.853 5.872 5.892 5.911 5.931 5.950 5.969 5.988 6.006 6.024 6.042 6.060 6.079 6.097 6.114 6.132 6.149 6.165 6.181 6.197 6.212 6.226 6.240 6.253 6.264 6.275 6.285 6.293 6.301 6.307 6.312 6.315 6.319
4.989 5.014 5.038 5.062 5.084 5.105 5.126 5.146 5.166 5.186 5.205 5.224 5.242 5.261 5.279 5.297 5.315 5.332 5.350 5.369 5.387 5.405 5.424 5.443 5.462 5.481 5.501 5.521 5.540 5.559 5.578 5.598 5.618 5.638 5.658 5.678 5.698 5.718 5.738 5.758 5.778 5.797 5.817 5.837 5.856 5.876 5.895 5.914 5.934 5.953 5.972 5.991 6.008 6.027 6.045 6.063 6.082 6.100 6.118 6.135 6.153 6.169 6.186 6.202 6.218 6.233 6.247 6.260 6.273 6.284 6.295 6.305 6.313 6.321 6.327 6.331 6.335
5.009 5.034 5.059 5.082 5.105 5.126 5.147 5.167 5.187 5.207 5.225 5.244 5.262 5.280 5.297 5.315 5.332 5.349 5.366 5.383 5.401 5.418 5.436 5.454 5.473 5.491 5.510 5.529 5.548 5.566 5.585 5.605 5.624 5.644 5.664 5.683 5.703 5.723 5.743 5.762 5.782 5.801 5.821 5.840 5.860 5.879 5.898 5.918 5.937 5.956 5.975 5.994 6.011 6.030 6.048 6.066 6.085 6.103 6.121 6.139 6.156 6.173 6.190 6.207 6.223 6.238 6.253 6.267 6.280 6.293 6.305 6.315 6.325 6.334 6.340 6.345 6.350
5.028 5.054 5.078 5.102 5.125 5.147 5.167 5.188 5.208 5.227 5.246 5.265 5.282 5.300 5.317 5.334 5.350 5.367 5.383 5.399 5.416 5.433 5.450 5.467 5.484 5.502 5.520 5.538 5.556 5.574 5.593 5.612 5.631 5.650 5.670 5.689 5.708 5.728 5.747 5.767 5.786 5.806 5.825 5.844 5.864 5.883 5.902 5.921 5.941 5.960 5.979 5.997 6.015 6.033 6.051 6.070 6.088 6.106 6.124 6.142 6.160 6.177 6.194 6.211 6.228 6.243 6.259 6.273 6.287 6.301 6.313 6.325 6.336 6.345 6.353 6.359 6.365
5.047 5.072 5.097 5.122 5.145 5.167 5.187 5.208 5.228 5.248 5.267 5.285 5.303 5.320 5.337 5.354 5.370 5.386 5.401 5.417 5.433 5.448 5.464 5.481 5.497 5.514 5.531 5.549 5.566 5.583 5.601 5.619 5.638 5.657 5.676 5.695 5.714 5.733 5.753 5.772 5.791 5.810 5.829 5.849 5.868 5.887 5.906 5.925 5.944 5.963 5.982 6.001 6.018 6.036 6.055 6.073 6.092 6.110 6.128 6.146 6.164 6.181 6.199 6.216 6.232 6.248 6.264 6.279 6.294 6.308 6.321 6.334 6.345 6.356 6.365 6.372 6.378
5.064 5.090 5.116 5.140 5.164 5.186 5.207 5.228 5.249 5.269 5.288 5.306 5.324 5.341 5.358 5.374 5.390 5.406 5.421 5.436 5.451 5.466 5.481 5.496 5.512 5.527 5.543 5.560 5.576 5.592 5.610 5.627 5.645 5.664 5.682 5.701 5.720 5.739 5.758 5.777 5.796 5.815 5.834 5.853 5.872 5.891 5.910 5.929 5.948 5.967 5.986 6.004 6.022 6.040 6.059 6.077 6.095 6.114 6.132 6.150 6.168 6.186 6.203 6.220 6.237 6.254 6.270 6.285 6.300 6.315 6.329 6.342 6.354 6.366 6.375 6.384 6.391
5.080 5.107 5.133 5.158 5.182 5.204 5.226 5.247 5.268 5.288 5.308 5.327 5.345 5.362 5.379 5.396 5.411 5.426 5.441 5.456 5.470 5.484 5.499 5.513 5.528 5.542 5.557 5.573 5.588 5.603 5.619 5.636 5.654 5.672 5.690 5.708 5.726 5.745 5.764 5.782 5.801 5.820 5.839 5.858 5.877 5.896 5.915 5.934 5.953 5.972 5.991 6.008 6.026 6.044 6.063 6.081 6.100 6.118 6.136 6.154 6.172 6.190 6.208 6.225 6.242 6.259 6.275 6.291 6.307 6.322 6.336 6.350 6.363 6.375 6.386 6.395 6.403
5.095 5.123 5.149 5.174 5.199 5.221 5.244 5.266 5.287 5.308 5.327 5.347 5.365 5.383 5.400 5.417 5.432 5.448 5.462 5.477 5.491 5.504 5.518 5.532 5.545 5.559 5.573 5.587 5.601 5.615 5.631 5.647 5.663 5.680 5.698 5.715 5.733 5.751 5.770 5.788 5.807 5.826 5.844 5.863 5.882 5.901 5.920 5.939 5.958 5.976 5.995 6.013 6.030 6.049 6.067 6.086 6.104 6.122 6.141 6.159 6.177 6.195 6.212 6.230 6.247 6.264 6.281 6.297 6.313 6.328 6.343 6.358 6.371 6.384 6.395 6.405 6.415
5.109 5.137 5.164 5.190 5.215 5.238 5.260 5.283 5.305 5.326 5.346 5.366 5.385 5.403 5.421 5.437 5.454 5.469 5.484 5.498 5.512 5.525 5.539 5.552 5.564 5.577 5.590 5.603 5.616 5.629 5.643 5.658 5.674 5.690 5.706 5.723 5.741 5.758 5.776 5.795 5.813 5.831 5.850 5.868 5.887 5.906 5.925 5.944 5.962 5.981 6.000 6.017 6.035 6.053 6.072 6.090 6.109 6.127 6.145 6.164 6.182 6.200 6.217 6.235 6.252 6.269 6.286 6.303 6.319 6.335 6.350 6.365 6.380 6.393 6.404 6.415 6.426
