TsunamiDB/out54089.asc
ncols          264
nrows          230
xllcorner      497853.4375
yllcorner      4229146.0000
cellsize         5.
NODATA_value   -99
[rows 0 to 33 of 230, columns 77 to 153 of 264]
4.287 4.328 4.367 4.404 4.441 4.476 4.511 4.544 4.576 4.606 4.637 4.667 4.697 4.726 4.754 4.782 4.810 4.838 4.865 4.891 4.918 4.944 4.970 4.995 5.021 5.046 5.071 5.096 5.120 5.144 5.168 5.192 5.214 5.236 5.258 5.280 5.302 5.324 5.345 5.365 5.385 5.405 5.425 5.443 5.462 5.480 5.497 5.514 5.531 5.547 5.562 5.578 5.593 5.607 5.620 5.632 5.645 5.657 5.670 5.682 5.694 5.706 5.718 5.730 5.741 5.753 5.764 5.776 5.787 5.799 5.810 5.821 5.832 5.843 5.853 5.864 5.874
4.307 4.348 4.386 4.424 4.460 4.495 4.529 4.562 4.593 4.623 4.653 4.683 4.712 4.741 4.769 4.796 4.824 4.851 4.877 4.904 4.930 4.955 4.981 5.006 5.031 5.056 5.081 5.105 5.129 5.154 5.178 5.200 5.222 5.244 5.267 5.289 5.311 5.332 5.354 5.374 5.395 5.415 5.434 5.453 5.472 5.490 5.508 5.525 5.542 5.558 5.574 5.590 5.605 5.619 5.632 5.645 5.657 5.670 5.682 5.694 5.706 5.718 5.730 5.741 5.753 5.764 5.775 5.786 5.798 5.809 5.820 5.831 5.842 5.852 5.863 5.873 5.883
4.328 4.367 4.406 4.443 4.479 4.513 4.547 4.579 4.610 4.640 4.670 4.699 4.728 4.756 4.784 4.811 4.838 4.864 4.890 4.916 4.942 4.967 4.992 5.017 5.042 5.066 5.091 5.115 5.139 5.163 5.186 5.209 5.230 5.253 5.275 5.297 5.319 5.341 5.362 5.383 5.403 5.424 5.443 5.463 5.482 5.500 5.518 5.536 5.553 5.569 5.586 5.601 5.616 5.631 5.645 5.657 5.670 5.682 5.695 5.707 5.719 5.730 5.742 5.753 5.764 5.775 5.786 5.797 5.808 5.819 5.830 5.841 5.851 5.862 5.872 5.883 5.893
4.348 4.387 4.425 4.462 4.497 4.532 4.565 4.597 4.628 4.657 4.687 4.716 4.744 4.772 4.799 4.826 4.852 4.878 4.904 4.929 4.954 4.979 5.004 5.028 5.052 5.077 5.100 5.124 5.148 5.171 5.195 5.217 5.239 5.261 5.283 5.305 5.327 5.349 5.370 5.391 5.412 5.432 5.452 5.471 5.491 5.509 5.528 5.545 5.563 5.580 5.596 5.612 5.628 5.643 5.656 5.669 5.682 5.695 5.707 5.719 5.731 5.743 5.754 5.765 5.776 5.787 5.798 5.808 5.819 5.830 5.840 5.851 5.861 5.872 5.882 5.892 5.903
4.368 4.407 4.445 4.481 4.516 4.550 4.583 4.615 4.645 4.675 4.704 4.732 4.760 4.788 4.814 4.841 4.867 4.892 4.917 4.942 4.967 4.991 5.016 5.040 5.063 5.087 5.111 5.134 5.157 5.180 5.203 5.225 5.247 5.269 5.291 5.313 5.335 5.356 5.377 5.398 5.419 5.439 5.460 5.479 5.499 5.518 5.536 5.554 5.572 5.589 5.606 5.622 5.638 5.654 5.668 5.681 5.694 5.707 5.719 5.732 5.744 5.755 5.766 5.778 5.788 5.799 5.809 5.820 5.830 5.840 5.851 5.861 5.871 5.882 5.892 5.902 5.912
4.388 4.427 4.464 4.501 4.536 4.569 4.602 4.634 4.664 4.692 4.721 4.750 4.777 4.804 4.830 4.856 4.882 4.907 4.932 4.956 4.980 5.004 5.028 5.051 5.075 5.098 5.121 5.144 5.167 5.189 5.212 5.234 5.255 5.277 5.298 5.320 5.342 5.363 5.384 5.405 5.426 5.447 5.467 5.487 5.506 5.525 5.544 5.563 5.580 5.598 5.615 5.632 5.648 5.664 5.678 5.691 5.705 5.718 5.731 5.744 5.756 5.767 5.779 5.790 5.801 5.811 5.821 5.832 5.842 5.852 5.862 5.872 5.882 5.892 5.902 5.912 5.922
4.408 4.447 4.484 4.520 4.555 4.589 4.621 4.653 4.682 4.711 4.739 4.767 4.794 4.821 4.847 4.872 4.898 4.922 4.946 4.970 4.994 5.018 5.041 5.064 5.087 5.109 5.132 5.154 5.177 5.199 5.221 5.242 5.263 5.285 5.306 5.328 5.349 5.370 5.391 5.412 5.433 5.453 5.474 5.493 5.513 5.532 5.551 5.570 5.588 5.606 5.623 5.640 5.657 5.673 5.688 5.701 5.715 5.729 5.742 5.755 5.767 5.779 5.791 5.802 5.813 5.823 5.834 5.844 5.854 5.863 5.873 5.883 5.893 5.902 5.912 5.922 5.932
4.429 4.467 4.504 4.540 4.574 4.608 4.640 4.672 4.701 4.729 4.758 4.785 4.812 4.838 4.864 4.889 4.914 4.938 4.962 4.985 5.008 5.031 5.054 5.077 5.099 5.121 5.143 5.165 5.187 5.209 5.231 5.251 5.272 5.293 5.314 5.335 5.356 5.377 5.398 5.419 5.439 5.460 5.480 5.500 5.519 5.539 5.558 5.577 5.595 5.613 5.631 5.648 5.665 5.682 5.697 5.711 5.725 5.739 5.753 5.766 5.779 5.791 5.803 5.814 5.825 5.835 5.846 5.856 5.866 5.875 5.885 5.894 5.904 5.913 5.923 5.932 5.942
4.449 4.487 4.524 4.559 4.594 4.627 4.660 4.691 4.720 4.748 4.776 4.804 4.830 4.856 4.882 4.906 4.931 4.954 4.978 5.001 5.024 5.046 5.068 5.090 5.112 5.134 5.155 5.177 5.198 5.219 5.241 5.261 5.281 5.301 5.322 5.343 5.364 5.384 5.405 5.425 5.446 5.466 5.486 5.506 5.526 5.545 5.564 5.583 5.602 5.620 5.638 5.655 5.672 5.689 5.705 5.719 5.734 5.748 5.762 5.776 5.789 5.801 5.814 5.825 5.836 5.847 5.858 5.868 5.878 5.887 5.897 5.906 5.915 5.925 5.934 5.943 5.953
4.469 4.507 4.544 4.579 4.614 4.647 4.679 4.710 4.739 4.767 4.795 4.823 4.849 4.875 4.900 4.924 4.948 4.972 4.995 5.017 5.039 5.061 5.083 5.105 5.126 5.147 5.168 5.189 5.210 5.230 5.251 5.271 5.290 5.310 5.331 5.351 5.371 5.392 5.412 5.432 5.452 5.472 5.492 5.512 5.531 5.551 5.570 5.589 5.608 5.626 5.644 5.662 5.679 5.696 5.712 5.727 5.742 5.757 5.771 5.785 5.799 5.812 5.824 5.836 5.847 5.859 5.869 5.880 5.890 5.899 5.909 5.918 5.927 5.936 5.945 5.954 5.963
4.489 4.527 4.563 4.599 4.633 4.666 4.698 4.730 4.759 4.787 4.815 4.842 4.868 4.894 4.919 4.943 4.966 4.989 5.012 5.034 5.056 5.077 5.099 5.120 5.140 5.161 5.182 5.202 5.222 5.242 5.262 5.282 5.301 5.320 5.340 5.360 5.380 5.400 5.419 5.439 5.459 5.479 5.498 5.518 5.537 5.556 5.575 5.594 5.613 5.632 5.650 5.668 5.685 5.703 5.719 5.734 5.749 5.764 5.779 5.793 5.807 5.821 5.834 5.846 5.858 5.869 5.880 5.891 5.901 5.911 5.920 5.930 5.939 5.948 5.957 5.966 5.975
4.509 4.547 4.583 4.618 4.653 4.686 4.718 4.749 4.778 4.806 4.834 4.861 4.887 4.913 4.938 4.962 4.985 5.008 5.030 5.052 5.073 5.094 5.115 5.136 5.156 5.176 5.196 5.216 5.235 5.255 5.275 5.293 5.312 5.331 5.350 5.369 5.389 5.408 5.427 5.447 5.466 5.485 5.505 5.524 5.543 5.562 5.581 5.600 5.618 5.637 5.655 5.673 5.691 5.708 5.725 5.740 5.756 5.771 5.786 5.801 5.815 5.829 5.842 5.855 5.868 5.879 5.891 5.902 5.912 5.922 5.932 5.941 5.951 5.960 5.968 5.977 5.986
4.529 4.566 4.602 4.637 4.672 4.705 4.737 4.768 4.798 4.826 4.854 4.881 4.907 4.932 4.957 4.981 5.004 5.027 5.049 5.070 5.091 5.112 5.132 5.152 5.172 5.192 5.211 5.230 5.250 5.269 5.287 5.306 5.323 5.342 5.361 5.379 5.398 5.417 5.436 5.455 5.473 5.492 5.511 5.530 5.549 5.568 5.586 5.605 5.624 5.642 5.660 5.678 5.696 5.714 5.730 5.746 5.761 5.777 5.793 5.808 5.823 5.837 5.851 5.864 5.877 5.889 5.901 5.912 5.923 5.933 5.943 5.953 5.962 5.971 5.980 5.989 5.997
4.548 4.585 4.621 4.656 4.690 4.724 4.756 4.787 4.817 4.845 4.873 4.900 4.927 4.952 4.977 5.000 5.024 5.046 5.068 5.089 5.110 5.130 5.150 5.170 5.189 5.209 5.227 5.246 5.265 5.283 5.301 5.319 5.336 5.354 5.372 5.390 5.408 5.427 5.445 5.463 5.482 5.500 5.518 5.537 5.555 5.574 5.592 5.611 5.629 5.647 5.665 5.683 5.701 5.718 5.735 5.751 5.767 5.783 5.799 5.814 5.829 5.844 5.858 5.872 5.885 5.897 5.910 5.921 5.933 5.943 5.954 5.964 5.973 5.982 5.991 6.000 6.009
4.567 4.604 4.639 4.675 4.709 4.742 4.774 4.806 4.835 4.864 4.892 4.919 4.946 4.972 4.996 5.020 5.043 5.066 5.087 5.109 5.129 5.149 5.169 5.188 5.207 5.226 5.244 5.263 5.281 5.299 5.316 5.333 5.350 5.367 5.385 5.402 5.420 5.437 5.455 5.473 5.490 5.508 5.526 5.544 5.562 5.580 5.598 5.616 5.634 5.652 5.670 5.688 5.706 5.723 5.740 5.755 5.772 5.788 5.804 5.820 5.835 5.850 5.864 5.879 5.892 5.905 5.918 5.930 5.942 5.953 5.964 5.974 5.984 5.993 6.002 6.011 6.020
4.585 4.622 4.657 4.692 4.727 4.760 4.792 4.824 4.853 4.882 4.911 4.938 4.965 4.991 5.016 5.040 5.063 5.085 5.107 5.128 5.149 5.169 5.188 5.207 5.226 5.244 5.262 5.280 5.298 5.315 5.332 5.348 5.364 5.381 5.398 5.415 5.432 5.449 5.466 5.483 5.500 5.517 5.535 5.552 5.570 5.587 5.605 5.622 5.640 5.658 5.675 5.693 5.711 5.728 5.744 5.760 5.776 5.793 5.809 5.825 5.840 5.856 5.870 5.885 5.899 5.912 5.925 5.938 5.950 5.962 5.973 5.983 5.994 6.004 6.013 6.023 6.031
4.603 4.639 4.675 4.710 4.744 4.777 4.810 4.841 4.871 4.900 4.929 4.957 4.984 5.010 5.035 5.059 5.083 5.105 5.127 5.148 5.169 5.189 5.208 5.227 5.245 5.263 5.281 5.298 5.316 5.333 5.349 5.364 5.380 5.396 5.412 5.429 5.445 5.461 5.478 5.494 5.511 5.527 5.544 5.561 5.578 5.595 5.612 5.629 5.646 5.663 5.681 5.698 5.716 5.733 5.748 5.764 5.781 5.797 5.813 5.829 5.845 5.861 5.876 5.891 5.905 5.919 5.932 5.945 5.958 5.970 5.981 5.992 6.003 6.013 6.023 6.033 6.041
4.620 4.656 4.691 4.726 4.760 4.794 4.826 4.858 4.887 4.917 4.946 4.974 5.002 5.028 5.053 5.078 5.102 5.125 5.147 5.168 5.189 5.209 5.228 5.247 5.265 5.283 5.300 5.317 5.334 5.351 5.367 5.381 5.397 5.412 5.428 5.444 5.459 5.475 5.491 5.506 5.522 5.538 5.554 5.570 5.587 5.603 5.620 5.636 5.653 5.670 5.687 5.704 5.721 5.737 5.753 5.769 5.785 5.802 5.818 5.834 5.850 5.865 5.881 5.896 5.910 5.925 5.939 5.952 5.965 5.977 5.989 6.001 6.012 6.022 6.033 6.043 6.051
4.637 4.672 4.707 4.742 4.776 4.809 4.842 4.873 4.903 4.933 4.962 4.991 5.019 5.046 5.071 5.096 5.120 5.144 5.166 5.188 5.208 5.229 5.248 5.267 5.285 5.303 5.320 5.337 5.354 5.370 5.385 5.399 5.414 5.429 5.444 5.459 5.475 5.490 5.505 5.520 5.535 5.550 5.566 5.581 5.597 5.612 5.628 5.644 5.661 5.677 5.693 5.710 5.727 5.742 5.758 5.774 5.790 5.806 5.822 5.838 5.854 5.870 5.885 5.901 5.916 5.930 5.944 5.958 5.971 5.984 5.997 6.008 6.020 6.031 6.041 6.052 6.060
4.653 4.688 4.723 4.757 4.791 4.824 4.857 4.888 4.918 4.948 4.978 5.007 5.035 5.062 5.088 5.114 5.138 5.162 5.185 5.207 5.228 5.248 5.268 5.287 5.305 5.323 5.340 5.357 5.373 5.389 5.404 5.418 5.433 5.447 5.462 5.476 5.491 5.505 5.520 5.534 5.549 5.563 5.578 5.593 5.608 5.623 5.638 5.653 5.669 5.685 5.701 5.717 5.733 5.748 5.763 5.779 5.795 5.811 5.827 5.843 5.859 5.874 5.890 5.905 5.920 5.935 5.949 5.964 5.977 5.990 6.003 6.015 6.027 6.039 6.050 6.060 6.069
4.669 4.703 4.738 4.772 4.805 4.838 4.871 4.902 4.932 4.962 4.992 5.022 5.050 5.078 5.104 5.130 5.155 5.179 5.203 5.225 5.247 5.267 5.287 5.307 5.325 5.343 5.360 5.377 5.394 5.409 5.424 5.438 5.452 5.466 5.480 5.494 5.508 5.522 5.536 5.550 5.563 5.577 5.591 5.605 5.620 5.634 5.649 5.663 5.678 5.693 5.709 5.724 5.740 5.755 5.769 5.784 5.800 5.816 5.831 5.847 5.863 5.879 5.894 5.910 5.925 5.940 5.954 5.969 5.983 5.996 6.009 6.022 6.034 6.046 6.057 6.068 6.078
4.684 4.718 4.752 4.785 4.818 4.851 4.884 4.915 4.945 4.976 5.006 5.035 5.064 5.092 5.119 5.146 5.171 5.196 5.219 5.242 5.264 5.286 5.306 5.326 5.345 5.363 5.380 5.397 5.414 5.430 5.444 5.458 5.472 5.486 5.500 5.513 5.526 5.540 5.553 5.566 5.579 5.592 5.606 5.619 5.633 5.646 5.660 5.674 5.688 5.703 5.717 5.732 5.747 5.762 5.776 5.790 5.806 5.821 5.837 5.852 5.868 5.883 5.899 5.914 5.929 5.944 5.959 5.973 5.988 6.001 6.015 6.028 6.040 6.052 6.064 6.076 6.086
4.698 4.732 4.765 4.799 4.831 4.864 4.896 4.927 4.957 4.988 5.018 5.048 5.077 5.105 5.133 5.160 5.186 5.211 5.235 5.259 5.281 5.303 5.324 5.344 5.363 5.382 5.400 5.417 5.434 5.450 5.465 5.478 5.492 5.506 5.519 5.533 5.546 5.558 5.571 5.584 5.596 5.609 5.621 5.634 5.647 5.660 5.673 5.686 5.700 5.713 5.727 5.741 5.756 5.770 5.783 5.797 5.812 5.827 5.842 5.857 5.873 5.888 5.903 5.919 5.934 5.949 5.964 5.978 5.992 6.006 6.020 6.033 6.046 6.059 6.071 6.082 6.093
4.712 4.745 4.778 4.811 4.844 4.876 4.908 4.938 4.969 4.999 5.029 5.059 5.088 5.117 5.145 5.172 5.199 5.225 5.249 5.274 5.297 5.319 5.341 5.361 5.381 5.400 5.419 5.437 5.454 5.470 5.485 5.499 5.513 5.526 5.540 5.553 5.565 5.578 5.590 5.602 5.614 5.626 5.638 5.650 5.662 5.674 5.687 5.699 5.712 5.725 5.738 5.752 5.765 5.779 5.791 5.805 5.819 5.834 5.848 5.863 5.878 5.893 5.908 5.923 5.938 5.953 5.968 5.983 5.997 6.011 6.025 6.039 6.052 6.064 6.077 6.089 6.100
4.726 4.759 4.791 4.823 4.855 4.887 4.919 4.949 4.979 5.010 5.040 5.070 5.099 5.128 5.156 5.184 5.211 5.237 5.262 5.287 5.311 5.334 5.356 5.378 5.398 5.418 5.437 5.455 5.472 5.489 5.505 5.519 5.533 5.547 5.560 5.573 5.586 5.598 5.610 5.622 5.633 5.644 5.656 5.667 5.678 5.690 5.702 5.713 5.726 5.738 5.750 5.763 5.776 5.788 5.801 5.814 5.827 5.841 5.855 5.870 5.884 5.899 5.914 5.928 5.943 5.958 5.973 5.987 6.002 6.016 6.030 6.044 6.057 6.070 6.083 6.095 6.106
4.739 4.771 4.803 4.835 4.867 4.898 4.929 4.959 4.989 5.019 5.049 5.079 5.109 5.138 5.166 5.194 5.221 5.248 5.274 5.299 5.324 5.347 5.370 5.392 5.414 5.434 5.454 5.472 5.490 5.508 5.524 5.538 5.553 5.567 5.581 5.594 5.606 5.619 5.630 5.642 5.653 5.664 5.675 5.685 5.696 5.707 5.718 5.729 5.740 5.752 5.763 5.775 5.788 5.799 5.811 5.823 5.836 5.849 5.863 5.877 5.891 5.905 5.919 5.934 5.948 5.963 5.977 5.992 6.006 6.021 6.035 6.048 6.062 6.075 6.088 6.101 6.112
4.751 4.783 4.815 4.846 4.878 4.908 4.939 4.969 4.998 5.028 5.058 5.088 5.117 5.146 5.175 5.203 5.231 5.258 5.284 5.310 5.335 5.359 5.383 5.406 5.428 5.449 5.469 5.488 5.507 5.525 5.542 5.557 5.572 5.587 5.601 5.614 5.627 5.639 5.651 5.662 5.673 5.684 5.694 5.705 5.715 5.725 5.735 5.746 5.756 5.767 5.778 5.789 5.800 5.811 5.822 5.834 5.846 5.859 5.872 5.885 5.898 5.912 5.926 5.940 5.954 5.968 5.983 5.997 6.011 6.025 6.039 6.053 6.067 6.080 6.093 6.106 6.118
4.763 4.795 4.826 4.857 4.888 4.919 4.949 4.978 5.007 5.037 5.066 5.096 5.125 5.154 5.183 5.211 5.239 5.266 5.293 5.319 5.345 5.370 5.394 5.417 5.440 5.462 5.483 5.503 5.522 5.541 5.558 5.574 5.590 5.605 5.620 5.634 5.647 5.660 5.672 5.683 5.694 5.705 5.715 5.725 5.734 5.744 5.754 5.763 5.773 5.783 5.793 5.804 5.814 5.825 5.835 5.845 5.857 5.869 5.881 5.894 5.907 5.920 5.933 5.946 5.960 5.974 5.988 6.002 6.016 6.030 6.044 6.058 6.072 6.085 6.099 6.112 6.123
4.775 4.806 4.837 4.868 4.898 4.928 4.958 4.987 5.016 5.045 5.074 5.103 5.132 5.161 5.190 5.218 5.246 5.273 5.301 5.327 5.353 5.379 5.403 5.427 5.451 5.473 5.495 5.516 5.536 5.556 5.574 5.590 5.607 5.623 5.638 5.653 5.666 5.680 5.692 5.704 5.715 5.726 5.736 5.746 5.755 5.764 5.773 5.783 5.792 5.801 5.810 5.820 5.830 5.839 5.848 5.858 5.869 5.880 5.892 5.903 5.916 5.928 5.941 5.954 5.967 5.980 5.994 6.008 6.022 6.035 6.049 6.063 6.077 6.090 6.104 6.117 6.129
4.786 4.817 4.848 4.878 4.908 4.938 4.967 4.996 5.024 5.053 5.082 5.110 5.139 5.168 5.196 5.224 5.252 5.280 5.307 5.334 5.360 5.386 5.411 5.436 5.460 5.483 5.506 5.527 5.548 5.569 5.587 5.605 5.622 5.639 5.655 5.670 5.685 5.698 5.712 5.724 5.735 5.746 5.757 5.767 5.776 5.785 5.794 5.803 5.811 5.820 5.829 5.837 5.846 5.855 5.863 5.872 5.882 5.893 5.903 5.914 5.926 5.937 5.950 5.962 5.975 5.987 6.001 6.014 6.027 6.041 6.055 6.068 6.082 6.095 6.109 6.122 6.134
4.797 4.828 4.858 4.888 4.917 4.947 4.976 5.004 5.032 5.060 5.089 5.117 5.145 5.174 5.202 5.230 5.258 5.285 5.313 5.339 5.366 5.392 5.418 5.443 5.468 5.491 5.515 5.537 5.559 5.580 5.599 5.617 5.636 5.653 5.670 5.686 5.702 5.716 5.730 5.743 5.755 5.767 5.778 5.788 5.797 5.807 5.815 5.824 5.832 5.840 5.848 5.856 5.864 5.872 5.879 5.888 5.897 5.906 5.916 5.926 5.937 5.948 5.959 5.971 5.983 5.995 6.008 6.021 6.034 6.047 6.060 6.074 6.087 6.101 6.114 6.127 6.139
4.808 4.838 4.868 4.897 4.927 4.956 4.984 5.012 5.039 5.067 5.095 5.123 5.151 5.179 5.207 5.235 5.262 5.290 5.317 5.344 5.371 5.397 5.423 5.449 5.474 5.498 5.522 5.545 5.568 5.589 5.609 5.628 5.647 5.666 5.684 5.701 5.717 5.732 5.747 5.761 5.774 5.786 5.798 5.808 5.818 5.828 5.837 5.845 5.853 5.861 5.869 5.876 5.884 5.890 5.897 5.904 5.913 5.921 5.930 5.939 5.949 5.959 5.970 5.981 5.992 6.004 6.016 6.028 6.041 6.053 6.066 6.079 6.093 6.106 6.119 6.133 6.144
4.818 4.848 4.878 4.907 4.936 4.964 4.993 5.020 5.047 5.075 5.102 5.130 5.157 5.185 5.212 5.240 5.267 5.294 5.321 5.348 5.375 5.401 5.428 5.453 5.479 5.504 5.528 5.552 5.575 5.597 5.618 5.638 5.658 5.677 5.696 5.714 5.731 5.747 5.763 5.777 5.791 5.804 5.817 5.828 5.839 5.849 5.858 5.867 5.875 5.883 5.890 5.898 5.905 5.910 5.916 5.923 5.930 5.938 5.946 5.954 5.963 5.972 5.982 5.992 6.002 6.013 6.025 6.036 6.048 6.060 6.073 6.086 6.099 6.112 6.125 6.138 6.149
4.828 4.857 4.887 4.916 4.945 4.973 5.001 5.027 5.054 5.082 5.109 5.136 5.163 5.190 5.217 5.244 5.271 5.298 5.325 5.352 5.378 5.405 5.431 5.457 5.483 5.508 5.533 5.557 5.581 5.604 5.625 5.645 5.666 5.686 5.706 5.725 5.743 5.760 5.776 5.792 5.807 5.821 5.834 5.847 5.858 5.869 5.879 5.888 5.897 5.905 5.912 5.920 5.926 5.931 5.936 5.942 5.949 5.955 5.962 5.970 5.978 5.986 5.995 6.004 6.014 6.024 6.034 6.045 6.057 6.068 6.080 6.093 6.105 6.118 6.131 6.143 6.155
