TsunamiDB/out54054.asc
ncols          264
nrows          230
xllcorner      497853.4375
yllcorner      4229146.0000
cellsize         5.
NODATA_value   -99
[rows 132 to 164 of 230, columns 74 to 147 of 264]
4.069 4.138 4.201 4.259 4.313 4.365 4.415 4.462 4.508 4.552 4.595 4.636 4.676 4.716 4.754 4.792 4.830 4.866 4.902 4.938 4.973 5.008 5.042 5.076 5.110 5.143 5.175 5.206 5.236 5.266 5.295 5.323 5.350 5.375 5.400 5.424 5.446 5.468 5.489 5.509 5.530 5.550 5.571 5.591 5.613 5.635 5.658 5.681 5.706 5.730 5.755 5.779 5.803 5.828 5.852 5.876 5.899 5.920 5.940 5.959 5.975 5.990 6.001 6.011 6.018 6.022 6.024 6.025 6.025 6.025 6.027 6.030 6.036 6.045
4.103 4.169 4.229 4.287 4.340 4.390 4.439 4.485 4.530 4.574 4.615 4.656 4.696 4.734 4.772 4.809 4.846 4.882 4.918 4.953 4.988 5.022 5.057 5.091 5.124 5.157 5.190 5.221 5.252 5.282 5.312 5.340 5.368 5.394 5.419 5.443 5.466 5.488 5.509 5.529 5.549 5.569 5.588 5.608 5.628 5.648 5.670 5.692 5.715 5.739 5.762 5.786 5.811 5.836 5.860 5.884 5.908 5.930 5.952 5.972 5.990 6.007 6.021 6.032 6.042 6.048 6.053 6.055 6.056 6.056 6.056 6.058 6.061 6.067
4.135 4.198 4.258 4.314 4.365 4.415 4.463 4.509 4.553 4.595 4.636 4.676 4.715 4.752 4.789 4.826 4.862 4.897 4.932 4.967 5.002 5.036 5.070 5.104 5.138 5.171 5.204 5.235 5.266 5.297 5.327 5.357 5.385 5.412 5.438 5.463 5.486 5.509 5.530 5.550 5.570 5.589 5.607 5.626 5.645 5.664 5.684 5.704 5.726 5.749 5.771 5.794 5.818 5.843 5.868 5.892 5.916 5.940 5.962 5.983 6.003 6.021 6.037 6.051 6.063 6.072 6.079 6.083 6.086 6.087 6.087 6.087 6.089 6.092
4.166 4.228 4.285 4.340 4.391 4.440 4.487 4.532 4.575 4.616 4.657 4.696 4.734 4.771 4.807 4.843 4.878 4.913 4.947 4.982 5.016 5.050 5.084 5.117 5.151 5.184 5.217 5.248 5.279 5.311 5.341 5.371 5.400 5.428 5.455 5.481 5.505 5.528 5.550 5.571 5.591 5.610 5.628 5.646 5.663 5.681 5.699 5.719 5.739 5.760 5.781 5.803 5.826 5.851 5.875 5.900 5.924 5.948 5.971 5.993 6.014 6.034 6.052 6.068 6.081 6.093 6.102 6.109 6.113 6.116 6.117 6.118 6.118 6.119
4.196 4.256 4.312 4.366 4.416 4.464 4.510 4.554 4.597 4.638 4.677 4.716 4.753 4.789 4.825 4.860 4.894 4.928 4.962 4.996 5.030 5.063 5.097 5.130 5.163 5.196 5.229 5.260 5.292 5.323 5.354 5.384 5.414 5.443 5.471 5.497 5.523 5.547 5.570 5.592 5.612 5.631 5.649 5.667 5.684 5.700 5.717 5.735 5.753 5.773 5.792 5.813 5.835 5.859 5.883 5.907 5.931 5.955 5.979 6.002 6.024 6.045 6.064 6.082 6.098 6.111 6.122 6.132 6.138 6.143 6.146 6.147 6.148 6.148
4.225 4.283 4.339 4.391 4.440 4.488 4.533 4.577 4.619 4.659 4.698 4.736 4.772 4.808 4.843 4.877 4.911 4.944 4.978 5.011 5.044 5.077 5.110 5.143 5.176 5.208 5.240 5.272 5.303 5.334 5.366 5.396 5.426 5.456 5.484 5.512 5.539 5.564 5.588 5.611 5.632 5.652 5.671 5.688 5.705 5.721 5.737 5.753 5.770 5.788 5.805 5.825 5.846 5.868 5.891 5.914 5.938 5.963 5.987 6.010 6.033 6.055 6.075 6.094 6.111 6.127 6.140 6.152 6.161 6.168 6.172 6.176 6.177 6.177
4.253 4.310 4.365 4.416 4.464 4.511 4.556 4.599 4.641 4.680 4.718 4.755 4.791 4.826 4.861 4.895 4.928 4.961 4.994 5.026 5.059 5.091 5.124 5.156 5.188 5.220 5.252 5.282 5.313 5.345 5.376 5.407 5.437 5.467 5.497 5.525 5.552 5.579 5.604 5.628 5.651 5.672 5.691 5.709 5.727 5.743 5.758 5.774 5.789 5.805 5.821 5.838 5.858 5.878 5.900 5.923 5.946 5.970 5.994 6.018 6.041 6.063 6.085 6.105 6.124 6.141 6.156 6.169 6.180 6.189 6.197 6.202 6.204 6.205
4.279 4.336 4.389 4.439 4.487 4.534 4.578 4.621 4.662 4.701 4.739 4.775 4.811 4.846 4.879 4.913 4.946 4.978 5.010 5.042 5.074 5.106 5.137 5.169 5.200 5.232 5.262 5.292 5.324 5.355 5.386 5.417 5.447 5.477 5.507 5.536 5.565 5.592 5.618 5.643 5.667 5.690 5.710 5.730 5.748 5.764 5.780 5.795 5.810 5.824 5.838 5.854 5.872 5.891 5.911 5.932 5.955 5.978 6.001 6.025 6.048 6.071 6.093 6.114 6.134 6.153 6.170 6.184 6.198 6.209 6.218 6.225 6.229 6.232
4.305 4.360 4.413 4.462 4.510 4.556 4.600 4.642 4.683 4.722 4.759 4.795 4.831 4.865 4.899 4.932 4.964 4.996 5.028 5.059 5.090 5.121 5.152 5.183 5.213 5.244 5.273 5.303 5.333 5.364 5.395 5.425 5.456 5.486 5.516 5.546 5.575 5.603 5.630 5.657 5.682 5.705 5.728 5.748 5.768 5.785 5.802 5.817 5.831 5.844 5.858 5.872 5.888 5.905 5.924 5.943 5.964 5.986 6.009 6.032 6.056 6.079 6.101 6.123 6.144 6.163 6.181 6.198 6.212 6.225 6.237 6.246 6.252 6.257
4.330 4.384 4.436 4.485 4.531 4.577 4.621 4.663 4.703 4.742 4.779 4.815 4.850 4.885 4.918 4.951 4.983 5.015 5.046 5.077 5.107 5.137 5.167 5.197 5.226 5.256 5.285 5.313 5.343 5.373 5.404 5.434 5.464 5.494 5.524 5.554 5.584 5.612 5.641 5.668 5.694 5.719 5.743 5.765 5.786 5.805 5.822 5.838 5.853 5.866 5.878 5.892 5.906 5.922 5.938 5.956 5.976 5.996 6.018 6.041 6.063 6.086 6.109 6.131 6.152 6.173 6.192 6.209 6.225 6.240 6.253 6.264 6.273 6.279
4.354 4.407 4.458 4.506 4.552 4.598 4.641 4.683 4.723 4.761 4.799 4.835 4.870 4.904 4.938 4.971 5.003 5.034 5.065 5.095 5.125 5.154 5.183 5.212 5.240 5.269 5.297 5.325 5.354 5.383 5.412 5.442 5.472 5.502 5.532 5.561 5.591 5.620 5.649 5.677 5.704 5.730 5.755 5.779 5.801 5.822 5.841 5.858 5.874 5.887 5.900 5.913 5.926 5.940 5.955 5.971 5.989 6.008 6.028 6.049 6.072 6.094 6.116 6.139 6.160 6.181 6.201 6.220 6.237 6.253 6.267 6.280 6.291 6.299
4.376 4.429 4.479 4.526 4.572 4.617 4.660 4.702 4.742 4.780 4.818 4.854 4.890 4.924 4.958 4.991 5.023 5.054 5.084 5.114 5.143 5.172 5.200 5.228 5.255 5.283 5.310 5.337 5.365 5.393 5.421 5.450 5.479 5.509 5.538 5.568 5.597 5.627 5.656 5.685 5.712 5.740 5.766 5.791 5.814 5.836 5.857 5.876 5.893 5.907 5.921 5.934 5.947 5.960 5.973 5.988 6.004 6.021 6.040 6.060 6.081 6.102 6.124 6.146 6.168 6.189 6.209 6.229 6.247 6.264 6.280 6.294 6.306 6.317
4.398 4.449 4.499 4.546 4.591 4.636 4.679 4.720 4.760 4.799 4.837 4.873 4.909 4.944 4.978 5.011 5.043 5.074 5.104 5.134 5.162 5.190 5.218 5.245 5.272 5.298 5.324 5.350 5.377 5.404 5.431 5.459 5.487 5.516 5.545 5.574 5.603 5.633 5.662 5.691 5.719 5.747 5.774 5.800 5.825 5.849 5.871 5.891 5.910 5.926 5.940 5.954 5.967 5.980 5.993 6.006 6.020 6.036 6.053 6.071 6.091 6.111 6.133 6.154 6.175 6.197 6.217 6.237 6.256 6.274 6.291 6.307 6.320 6.332
4.418 4.469 4.518 4.564 4.609 4.654 4.696 4.738 4.778 4.817 4.855 4.892 4.928 4.963 4.997 5.030 5.063 5.094 5.124 5.153 5.182 5.209 5.236 5.263 5.289 5.315 5.339 5.364 5.390 5.416 5.442 5.469 5.496 5.524 5.552 5.580 5.609 5.638 5.667 5.696 5.725 5.753 5.781 5.808 5.834 5.858 5.882 5.904 5.924 5.942 5.958 5.973 5.987 6.000 6.013 6.025 6.039 6.053 6.068 6.085 6.103 6.122 6.142 6.162 6.183 6.204 6.225 6.245 6.265 6.283 6.301 6.318 6.333 6.346
4.438 4.488 4.536 4.582 4.627 4.671 4.713 4.755 4.795 4.834 4.872 4.909 4.946 4.981 5.016 5.050 5.082 5.113 5.144 5.173 5.201 5.229 5.256 5.282 5.307 5.332 5.356 5.380 5.404 5.429 5.454 5.479 5.505 5.532 5.559 5.586 5.614 5.643 5.671 5.700 5.729 5.758 5.786 5.813 5.840 5.866 5.891 5.914 5.936 5.956 5.973 5.990 6.005 6.019 6.032 6.045 6.057 6.070 6.084 6.100 6.116 6.133 6.152 6.172 6.192 6.212 6.233 6.253 6.273 6.292 6.310 6.328 6.344 6.358
4.457 4.506 4.554 4.599 4.643 4.687 4.729 4.771 4.811 4.850 4.889 4.927 4.963 4.999 5.034 5.068 5.101 5.133 5.163 5.193 5.221 5.249 5.275 5.301 5.326 5.351 5.374 5.397 5.420 5.444 5.467 5.491 5.516 5.541 5.567 5.593 5.620 5.648 5.676 5.704 5.733 5.761 5.790 5.818 5.845 5.872 5.898 5.923 5.946 5.967 5.986 6.004 6.021 6.036 6.050 6.064 6.076 6.089 6.102 6.116 6.130 6.147 6.164 6.182 6.201 6.221 6.241 6.261 6.280 6.300 6.319 6.337 6.354 6.370
4.476 4.524 4.571 4.615 4.659 4.703 4.745 4.786 4.827 4.866 4.905 4.943 4.980 5.016 5.051 5.086 5.119 5.151 5.182 5.212 5.240 5.268 5.295 5.321 5.346 5.370 5.393 5.415 5.438 5.460 5.482 5.505 5.528 5.552 5.576 5.602 5.627 5.654 5.681 5.709 5.737 5.765 5.793 5.821 5.849 5.876 5.903 5.929 5.954 5.976 5.997 6.016 6.035 6.052 6.067 6.081 6.094 6.107 6.119 6.132 6.146 6.161 6.177 6.194 6.211 6.230 6.249 6.269 6.288 6.308 6.327 6.346 6.364 6.381
4.494 4.541 4.587 4.631 4.675 4.718 4.760 4.801 4.842 4.881 4.920 4.959 4.996 5.032 5.068 5.102 5.136 5.168 5.199 5.230 5.259 5.287 5.315 5.341 5.366 5.390 5.413 5.434 5.456 5.478 5.499 5.521 5.542 5.565 5.588 5.611 5.635 5.661 5.687 5.713 5.741 5.768 5.796 5.824 5.852 5.880 5.907 5.934 5.959 5.983 6.005 6.026 6.046 6.064 6.081 6.097 6.111 6.124 6.137 6.149 6.162 6.176 6.190 6.206 6.223 6.240 6.259 6.278 6.297 6.316 6.336 6.355 6.373 6.391
4.511 4.558 4.603 4.647 4.690 4.732 4.774 4.816 4.856 4.896 4.935 4.973 5.011 5.047 5.083 5.118 5.151 5.184 5.216 5.247 5.277 5.306 5.333 5.360 5.386 5.410 5.433 5.454 5.476 5.497 5.518 5.538 5.558 5.579 5.600 5.622 5.645 5.669 5.693 5.719 5.745 5.772 5.800 5.827 5.855 5.883 5.910 5.937 5.964 5.988 6.011 6.034 6.055 6.075 6.093 6.110 6.125 6.139 6.153 6.165 6.178 6.191 6.205 6.219 6.235 6.251 6.269 6.287 6.306 6.325 6.344 6.364 6.383 6.400
4.529 4.574 4.619 4.662 4.704 4.747 4.788 4.829 4.870 4.909 4.948 4.987 5.024 5.061 5.097 5.132 5.166 5.199 5.232 5.263 5.294 5.323 5.351 5.378 5.405 5.430 5.453 5.474 5.496 5.517 5.537 5.557 5.576 5.596 5.616 5.636 5.657 5.679 5.702 5.726 5.751 5.777 5.803 5.830 5.858 5.885 5.913 5.940 5.967 5.992 6.016 6.040 6.062 6.084 6.103 6.121 6.138 6.153 6.167 6.181 6.193 6.206 6.219 6.233 6.248 6.263 6.280 6.297 6.315 6.334 6.354 6.373 6.392 6.410
4.546 4.591 4.635 4.677 4.719 4.761 4.802 4.843 4.883 4.923 4.961 5.000 5.037 5.074 5.110 5.145 5.179 5.213 5.246 5.278 5.309 5.339 5.368 5.396 5.423 5.448 5.472 5.494 5.516 5.537 5.557 5.577 5.596 5.614 5.633 5.651 5.671 5.691 5.712 5.735 5.758 5.782 5.808 5.834 5.861 5.888 5.915 5.943 5.970 5.995 6.020 6.044 6.068 6.090 6.111 6.131 6.149 6.165 6.180 6.194 6.208 6.221 6.233 6.247 6.261 6.275 6.291 6.308 6.326 6.344 6.363 6.383 6.401 6.420
4.564 4.608 4.651 4.692 4.734 4.775 4.816 4.856 4.896 4.935 4.974 5.011 5.049 5.085 5.121 5.157 5.191 5.225 5.259 5.291 5.323 5.354 5.383 5.412 5.440 5.466 5.490 5.513 5.536 5.558 5.578 5.597 5.616 5.634 5.651 5.669 5.687 5.705 5.725 5.745 5.767 5.790 5.814 5.839 5.865 5.891 5.918 5.945 5.972 5.998 6.023 6.048 6.072 6.096 6.118 6.138 6.157 6.175 6.191 6.206 6.220 6.234 6.247 6.260 6.273 6.288 6.303 6.319 6.336 6.355 6.373 6.393 6.411 6.431
4.582 4.625 4.667 4.708 4.748 4.789 4.829 4.869 4.908 4.947 4.985 5.023 5.060 5.096 5.132 5.168 5.203 5.237 5.270 5.303 5.335 5.367 5.397 5.427 5.455 5.482 5.507 5.531 5.555 5.577 5.598 5.618 5.637 5.655 5.672 5.689 5.705 5.722 5.740 5.758 5.778 5.799 5.821 5.845 5.870 5.895 5.921 5.948 5.974 6.000 6.025 6.051 6.076 6.100 6.123 6.144 6.164 6.183 6.200 6.216 6.231 6.245 6.259 6.272 6.286 6.300 6.315 6.331 6.347 6.365 6.384 6.403 6.421 6.441
4.601 4.643 4.684 4.723 4.763 4.803 4.843 4.882 4.920 4.958 4.996 5.033 5.070 5.107 5.142 5.178 5.213 5.247 5.281 5.314 5.347 5.379 5.410 5.440 5.469 5.497 5.523 5.548 5.573 5.596 5.618 5.638 5.658 5.676 5.693 5.709 5.725 5.741 5.757 5.774 5.792 5.811 5.831 5.853 5.876 5.900 5.925 5.951 5.977 6.003 6.028 6.054 6.079 6.103 6.127 6.149 6.170 6.190 6.208 6.225 6.241 6.255 6.270 6.283 6.297 6.311 6.326 6.342 6.359 6.376 6.395 6.413 6.432 6.452
4.620 4.661 4.700 4.739 4.779 4.818 4.856 4.894 4.932 4.970 5.007 5.044 5.080 5.116 5.152 5.187 5.222 5.256 5.290 5.324 5.357 5.389 5.420 5.451 5.481 5.509 5.536 5.563 5.588 5.613 5.636 5.658 5.678 5.697 5.714 5.731 5.746 5.762 5.777 5.792 5.808 5.825 5.843 5.863 5.885 5.907 5.931 5.956 5.981 6.005 6.031 6.056 6.082 6.106 6.130 6.153 6.175 6.195 6.214 6.232 6.249 6.264 6.279 6.294 6.308 6.322 6.337 6.353 6.369 6.387 6.405 6.424 6.443 6.463
4.639 4.679 4.718 4.756 4.794 4.832 4.870 4.907 4.944 4.981 5.018 5.054 5.090 5.125 5.161 5.196 5.230 5.265 5.299 5.332 5.365 5.398 5.430 5.461 5.492 5.520 5.548 5.576 5.603 5.628 5.652 5.675 5.697 5.716 5.735 5.752 5.768 5.783 5.798 5.812 5.827 5.842 5.858 5.876 5.895 5.916 5.938 5.962 5.985 6.009 6.034 6.059 6.084 6.109 6.133 6.156 6.179 6.200 6.219 6.238 6.255 6.272 6.287 6.302 6.317 6.332 6.347 6.363 6.380 6.397 6.416 6.435 6.454 6.474
4.659 4.699 4.736 4.773 4.811 4.848 4.884 4.921 4.957 4.993 5.028 5.064 5.099 5.134 5.169 5.204 5.238 5.272 5.306 5.340 5.373 5.406 5.438 5.470 5.501 5.530 5.559 5.587 5.615 5.641 5.667 5.691 5.714 5.735 5.754 5.773 5.789 5.805 5.819 5.833 5.847 5.861 5.876 5.892 5.909 5.928 5.948 5.969 5.991 6.014 6.038 6.063 6.087 6.112 6.136 6.159 6.182 6.203 6.224 6.243 6.261 6.278 6.295 6.310 6.326 6.341 6.356 6.373 6.389 6.407 6.426 6.445 6.464 6.485
4.680 4.718 4.755 4.791 4.827 4.863 4.899 4.934 4.970 5.005 5.039 5.074 5.109 5.143 5.177 5.212 5.246 5.279 5.313 5.347 5.380 5.413 5.445 5.477 5.508 5.538 5.567 5.597 5.625 5.653 5.679 5.705 5.729 5.751 5.772 5.792 5.810 5.826 5.841 5.855 5.869 5.882 5.895 5.910 5.925 5.941 5.959 5.979 5.999 6.020 6.043 6.067 6.091 6.115 6.139 6.163 6.185 6.207 6.228 6.247 6.266 6.284 6.301 6.317 6.333 6.349 6.365 6.382 6.399 6.417 6.436 6.455 6.474 6.495
4.701 4.739 4.774 4.809 4.845 4.880 4.915 4.949 4.983 5.017 5.051 5.085 5.118 5.152 5.186 5.219 5.253 5.286 5.320 5.353 5.386 5.418 5.451 5.483 5.515 5.545 5.575 5.604 5.634 5.662 5.690 5.716 5.741 5.765 5.788 5.809 5.828 5.846 5.862 5.877 5.891 5.904 5.917 5.930 5.943 5.958 5.974 5.991 6.009 6.029 6.050 6.073 6.096 6.119 6.143 6.166 6.188 6.210 6.231 6.251 6.271 6.289 6.306 6.323 6.340 6.356 6.373 6.390 6.407 6.426 6.445 6.464 6.484 6.505
4.723 4.760 4.794 4.829 4.863 4.897 4.931 4.964 4.997 5.030 5.063 5.096 5.129 5.161 5.194 5.227 5.260 5.293 5.326 5.358 5.391 5.424 5.456 5.488 5.520 5.550 5.580 5.611 5.641 5.670 5.698 5.726 5.752 5.778 5.802 5.824 5.845 5.864 5.882 5.898 5.913 5.926 5.939 5.951 5.963 5.976 5.991 6.006 6.022 6.040 6.059 6.080 6.102 6.124 6.147 6.170 6.192 6.214 6.235 6.255 6.275 6.294 6.312 6.329 6.346 6.363 6.380 6.398 6.416 6.434 6.454 6.473 6.493 6.515
4.745 4.781 4.815 4.848 4.882 4.915 4.948 4.980 5.012 5.044 5.076 5.108 5.140 5.171 5.203 5.235 5.267 5.299 5.332 5.364 5.396 5.428 5.460 5.493 5.524 5.555 5.585 5.616 5.646 5.676 5.705 5.734 5.761 5.787 5.813 5.837 5.859 5.880 5.899 5.917 5.933 5.947 5.961 5.973 5.985 5.997 6.010 6.023 6.037 6.053 6.070 6.089 6.110 6.131 6.152 6.174 6.196 6.218 6.239 6.259 6.279 6.298 6.317 6.335 6.353 6.370 6.388 6.405 6.423 6.442 6.462 6.482 6.502 6.524
4.768 4.803 4.836 4.869 4.902 4.934 4.966 4.997 5.028 5.059 5.090 5.121 5.151 5.182 5.213 5.244 5.275 5.306 5.338 5.369 5.401 5.433 5.465 5.496 5.528 5.559 5.589 5.620 5.650 5.681 5.710 5.739 5.768 5.795 5.822 5.847 5.871 5.894 5.915 5.934 5.951 5.967 5.981 5.994 6.007 6.018 6.030 6.043 6.055 6.068 6.084 6.101 6.119 6.139 6.159 6.180 6.202 6.223 6.244 6.264 6.284 6.303 6.322 6.341 6.359 6.377 6.395 6.413 6.431 6.451 6.471 6.490 6.511 6.533
4.791 4.825 4.858 4.890 4.922 4.953 4.984 5.015 5.045 5.075 5.105 5.135 5.165 5.194 5.224 5.254 5.284 5.314 5.345 5.375 5.406 5.437 5.468 5.500 5.531 5.561 5.592 5.623 5.654 5.684 5.714 5.744 5.773 5.801 5.829 5.855 5.881 5.905 5.927 5.948 5.967 5.985 6.001 6.015 6.028 6.040 6.051 6.063 6.074 6.086 6.099 6.115 6.131 6.149 6.168 6.188 6.208 6.229 6.249 6.269 6.289 6.309 6.328 6.347 6.365 6.384 6.402 6.420 6.439 6.459 6.479 6.499 6.520 6.542
