TsunamiDB/out54059.asc
ncols          264
nrows          230
xllcorner      497853.4375
yllcorner      4229146.0000
cellsize         5.
NODATA_value   -99
[rows 0 to 32 of 230, columns 74 to 147 of 264]
-99.000 -99.000 -99.000 -99.000 -99.000 -99.000 -99.000 -99.000 -99.000 -99.000 -99.000 -99.000 -99.000 -99.000 -99.000 -99.000 -99.000 -99.000 -99.000 -99.000 -99.000 -99.000 -99.000 -99.000 -99.000 -99.000 -99.000 -99.000 -99.000 -99.000 -99.000 -99.000 -99.000 -99.000 1.647 1.651 1.699 1.839 2.067 2.347 2.641 2.915 3.151 3.342 3.494 3.615 3.715 3.800 3.874 3.941 4.004 4.063 4.118 4.172 4.224 4.274 4.323 4.369 4.415 4.461 4.506 4.550 4.593 4.634 4.675 4.715 4.753 4.790 4.825 4.859 4.892 4.923 4.953 4.981
-99.000 -99.000 -99.000 -99.000 -99.000 -99.000 -99.000 -99.000 -99.000 -99.000 -99.000 -99.000 -99.000 -99.000 -99.000 -99.000 -99.000 -99.000 -99.000 -99.000 -99.000 -99.000 -99.000 -99.000 -99.000 -99.000 -99.000 -99.000 -99.000 -99.000 -99.000 -99.000 -99.000 -99.000 1.647 1.663 1.749 1.932 2.188 2.479 2.768 3.026 3.242 3.415 3.553 3.664 3.756 3.836 3.907 3.972 4.032 4.089 4.144 4.196 4.246 4.295 4.343 4.389 4.434 4.479 4.523 4.566 4.609 4.650 4.691 4.730 4.769 4.806 4.841 4.876 4.909 4.940 4.970 4.999
-99.000 -99.000 -99.000 -99.000 -99.000 -99.000 -99.000 -99.000 -99.000 -99.000 -99.000 -99.000 -99.000 -99.000 -99.000 -99.000 -99.000 -99.000 -99.000 -99.000 -99.000 -99.000 -99.000 -99.000 -99.000 -99.000 -99.000 -99.000 -99.000 -99.000 -99.000 -99.000 -99.000 1.647 1.650 1.690 1.819 2.039 2.316 2.610 2.888 3.129 3.325 3.482 3.607 3.709 3.795 3.871 3.939 4.001 4.060 4.116 4.169 4.220 4.269 4.317 4.364 4.408 4.452 4.497 4.540 4.582 4.624 4.666 4.706 4.745 4.784 4.821 4.857 4.892 4.925 4.957 4.988 5.017
-99.000 -99.000 -99.000 -99.000 -99.000 -99.000 -99.000 -99.000 -99.000 -99.000 -99.000 -99.000 -99.000 -99.000 -99.000 -99.000 -99.000 -99.000 -99.000 -99.000 -99.000 -99.000 -99.000 -99.000 -99.000 -99.000 -99.000 -99.000 -99.000 -99.000 -99.000 -99.000 -99.000 1.647 1.659 1.735 1.908 2.158 2.447 2.738 3.001 3.222 3.400 3.542 3.656 3.751 3.832 3.904 3.969 4.030 4.087 4.141 4.193 4.243 4.291 4.338 4.384 4.427 4.470 4.514 4.556 4.598 4.639 4.680 4.720 4.759 4.798 4.835 4.871 4.907 4.940 4.973 5.004 5.034
-99.000 -99.000 -99.000 -99.000 -99.000 -99.000 -99.000 -99.000 -99.000 -99.000 -99.000 -99.000 -99.000 -99.000 -99.000 -99.000 -99.000 -99.000 -99.000 -99.000 -99.000 -99.000 -99.000 -99.000 -99.000 -99.000 -99.000 -99.000 -99.000 -99.000 -99.000 -99.000 1.647 1.649 1.682 1.800 2.011 2.284 2.578 2.860 3.105 3.307 3.468 3.597 3.701 3.789 3.866 3.935 3.998 4.057 4.113 4.166 4.217 4.265 4.313 4.359 4.403 4.446 4.488 4.530 4.572 4.613 4.654 4.694 4.734 4.773 4.811 4.848 4.885 4.920 4.955 4.988 5.019 5.050
-99.000 -99.000 -99.000 -99.000 -99.000 -99.000 -99.000 -99.000 -99.000 -99.000 -99.000 -99.000 -99.000 -99.000 -99.000 -99.000 -99.000 -99.000 -99.000 -99.000 -99.000 -99.000 -99.000 -99.000 -99.000 -99.000 -99.000 -99.000 -99.000 -99.000 -99.000 -99.000 1.647 1.657 1.722 1.884 2.127 2.414 2.706 2.974 3.200 3.384 3.529 3.646 3.743 3.826 3.899 3.965 4.027 4.084 4.138 4.190 4.240 4.288 4.334 4.379 4.422 4.464 4.505 4.547 4.588 4.628 4.668 4.707 4.746 4.785 4.823 4.860 4.897 4.933 4.967 5.001 5.033 5.064
-99.000 -99.000 -99.000 -99.000 -99.000 -99.000 -99.000 -99.000 -99.000 -99.000 -99.000 -99.000 -99.000 -99.000 -99.000 -99.000 -99.000 -99.000 -99.000 -99.000 -99.000 -99.000 -99.000 -99.000 -99.000 -99.000 -99.000 -99.000 -99.000 -99.000 -99.000 -99.000 1.649 1.675 1.782 1.984 2.251 2.545 2.829 3.080 3.287 3.453 3.585 3.692 3.782 3.860 3.930 3.994 4.054 4.110 4.163 4.214 4.262 4.309 4.355 4.399 4.441 4.482 4.523 4.563 4.603 4.642 4.681 4.720 4.759 4.797 4.834 4.871 4.908 4.944 4.979 5.013 5.046 5.077
-99.000 -99.000 -99.000 -99.000 -99.000 -99.000 -99.000 -99.000 -99.000 -99.000 -99.000 -99.000 -99.000 -99.000 -99.000 -99.000 -99.000 -99.000 -99.000 -99.000 -99.000 -99.000 -99.000 -99.000 -99.000 -99.000 -99.000 -99.000 -99.000 -99.000 -99.000 1.647 1.654 1.710 1.860 2.096 2.379 2.673 2.945 3.177 3.365 3.515 3.635 3.734 3.819 3.893 3.960 4.022 4.080 4.135 4.187 4.236 4.284 4.330 4.375 4.418 4.460 4.500 4.539 4.579 4.618 4.656 4.695 4.733 4.770 4.808 4.845 4.881 4.918 4.954 4.989 5.023 5.056 5.089
-99.000 -99.000 -99.000 -99.000 -99.000 -99.000 -99.000 -99.000 -99.000 -99.000 -99.000 -99.000 -99.000 -99.000 -99.000 -99.000 -99.000 -99.000 -99.000 -99.000 -99.000 -99.000 -99.000 -99.000 -99.000 -99.000 -99.000 -99.000 -99.000 -99.000 -99.000 1.648 1.669 1.765 1.955 2.217 2.509 2.797 3.052 3.265 3.435 3.571 3.681 3.773 3.853 3.924 3.988 4.049 4.105 4.159 4.210 4.259 4.305 4.351 4.394 4.437 4.478 4.517 4.556 4.594 4.633 4.670 4.708 4.745 4.781 4.818 4.855 4.891 4.927 4.962 4.997 5.032 5.065 5.098
-99.000 -99.000 -99.000 -99.000 -99.000 -99.000 -99.000 -99.000 -99.000 -99.000 -99.000 -99.000 -99.000 -99.000 -99.000 -99.000 -99.000 -99.000 -99.000 -99.000 -99.000 -99.000 -99.000 -99.000 -99.000 -99.000 -99.000 -99.000 -99.000 -99.000 1.647 1.652 1.699 1.838 2.064 2.343 2.638 2.913 3.151 3.345 3.499 3.622 3.724 3.810 3.885 3.953 4.016 4.074 4.129 4.182 4.232 4.280 4.326 4.371 4.414 4.455 4.496 4.534 4.572 4.610 4.647 4.684 4.720 4.756 4.792 4.828 4.864 4.899 4.935 4.970 5.005 5.039 5.073 5.106
-99.000 -99.000 -99.000 -99.000 -99.000 -99.000 -99.000 -99.000 -99.000 -99.000 -99.000 -99.000 -99.000 -99.000 -99.000 -99.000 -99.000 -99.000 -99.000 -99.000 -99.000 -99.000 -99.000 -99.000 -99.000 -99.000 -99.000 -99.000 -99.000 -99.000 1.648 1.663 1.747 1.928 2.181 2.472 2.762 3.022 3.241 3.417 3.556 3.669 3.763 3.844 3.916 3.981 4.042 4.099 4.153 4.204 4.254 4.301 4.346 4.390 4.432 4.473 4.513 4.551 4.588 4.625 4.661 4.697 4.733 4.768 4.803 4.838 4.873 4.908 4.942 4.977 5.011 5.045 5.079 5.112
-99.000 -99.000 -99.000 -99.000 -99.000 -99.000 -99.000 -99.000 -99.000 -99.000 -99.000 -99.000 -99.000 -99.000 -99.000 -99.000 -99.000 -99.000 -99.000 -99.000 -99.000 -99.000 -99.000 -99.000 -99.000 -99.000 -99.000 -99.000 -99.000 1.647 1.650 1.688 1.815 2.031 2.306 2.600 2.880 3.123 3.322 3.481 3.609 3.712 3.800 3.876 3.945 4.008 4.067 4.123 4.176 4.226 4.275 4.321 4.366 4.409 4.450 4.491 4.530 4.567 4.604 4.640 4.676 4.711 4.745 4.780 4.814 4.848 4.882 4.916 4.950 4.983 5.017 5.050 5.084 5.117
-99.000 -99.000 -99.000 -99.000 -99.000 -99.000 -99.000 -99.000 -99.000 -99.000 -99.000 -99.000 -99.000 -99.000 -99.000 -99.000 -99.000 -99.000 -99.000 -99.000 -99.000 -99.000 -99.000 -99.000 -99.000 -99.000 -99.000 -99.000 -99.000 1.647 1.659 1.731 1.899 2.145 2.433 2.724 2.990 3.215 3.396 3.540 3.656 3.752 3.834 3.907 3.973 4.034 4.091 4.146 4.198 4.247 4.295 4.341 4.385 4.427 4.468 4.508 4.547 4.583 4.619 4.655 4.690 4.724 4.758 4.792 4.825 4.858 4.891 4.924 4.957 4.989 5.022 5.055 5.088 5.121
-99.000 -99.000 -99.000 -99.000 -99.000 -99.000 -99.000 -99.000 -99.000 -99.000 -99.000 -99.000 -99.000 -99.000 -99.000 -99.000 -99.000 -99.000 -99.000 -99.000 -99.000 -99.000 -99.000 -99.000 -99.000 -99.000 -99.000 -99.000 1.647 1.649 1.679 1.791 1.997 2.267 2.560 2.843 3.092 3.298 3.463 3.594 3.700 3.789 3.867 3.936 4.000 4.059 4.115 4.168 4.219 4.268 4.315 4.360 4.403 4.445 4.486 4.525 4.563 4.599 4.634 4.670 4.704 4.738 4.771 4.803 4.836 4.868 4.900 4.932 4.964 4.996 5.028 5.060 5.092 5.124
-99.000 -99.000 -99.000 -99.000 -99.000 -99.000 -99.000 -99.000 -99.000 -99.000 -99.000 -99.000 -99.000 -99.000 -99.000 -99.000 -99.000 -99.000 -99.000 -99.000 -99.000 -99.000 -99.000 -99.000 -99.000 -99.000 -99.000 -99.000 1.647 1.655 1.715 1.869 2.106 2.391 2.684 2.955 3.186 3.374 3.523 3.643 3.741 3.824 3.898 3.964 4.026 4.083 4.138 4.190 4.240 4.288 4.334 4.379 4.422 4.463 4.503 4.542 4.579 4.615 4.650 4.684 4.718 4.751 4.783 4.815 4.847 4.878 4.909 4.940 4.971 5.002 5.033 5.064 5.095 5.127
-99.000 -99.000 -99.000 -99.000 -99.000 -99.000 -99.000 -99.000 -99.000 -99.000 -99.000 -99.000 -99.000 -99.000 -99.000 -99.000 -99.000 -99.000 -99.000 -99.000 -99.000 -99.000 -99.000 -99.000 -99.000 -99.000 -99.000 -99.000 1.648 1.670 1.768 1.961 2.224 2.517 2.803 3.059 3.272 3.443 3.578 3.688 3.779 3.858 3.927 3.991 4.051 4.107 4.160 4.211 4.260 4.308 4.353 4.397 4.439 4.480 4.520 4.558 4.595 4.630 4.665 4.699 4.732 4.764 4.796 4.827 4.858 4.889 4.919 4.949 4.979 5.009 5.039 5.069 5.100 5.130
-99.000 -99.000 -99.000 -99.000 -99.000 -99.000 -99.000 -99.000 -99.000 -99.000 -99.000 -99.000 -99.000 -99.000 -99.000 -99.000 -99.000 -99.000 -99.000 -99.000 -99.000 -99.000 -99.000 -99.000 -99.000 -99.000 -99.000 1.647 1.652 1.699 1.839 2.065 2.345 2.640 2.916 3.155 3.350 3.505 3.629 3.730 3.815 3.889 3.956 4.018 4.075 4.130 4.182 4.232 4.280 4.327 4.372 4.415 4.457 4.497 4.537 4.575 4.611 4.645 4.680 4.713 4.746 4.778 4.809 4.840 4.870 4.900 4.929 4.958 4.987 5.016 5.045 5.075 5.104 5.134
-99.000 -99.000 -99.000 -99.000 -99.000 -99.000 -99.000 -99.000 -99.000 -99.000 -99.000 -99.000 -99.000 -99.000 -99.000 -99.000 -99.000 -99.000 -99.000 -99.000 -99.000 -99.000 -99.000 -99.000 -99.000 -99.000 -99.000 1.648 1.663 1.745 1.924 2.178 2.469 2.759 3.021 3.243 3.420 3.562 3.675 3.769 3.849 3.920 3.984 4.043 4.099 4.153 4.204 4.253 4.300 4.346 4.390 4.433 4.474 4.514 4.553 4.591 4.626 4.660 4.695 4.728 4.760 4.792 4.822 4.853 4.882 4.911 4.940 4.968 4.996 5.025 5.053 5.081 5.109 5.138
-99.000 -99.000 -99.000 -99.000 -99.000 -99.000 -99.000 -99.000 -99.000 -99.000 -99.000 -99.000 -99.000 -99.000 -99.000 -99.000 -99.000 -99.000 -99.000 -99.000 -99.000 -99.000 -99.000 -99.000 -99.000 -99.000 1.647 1.650 1.686 1.808 2.021 2.295 2.591 2.872 3.119 3.323 3.485 3.614 3.719 3.806 3.881 3.949 4.011 4.068 4.123 4.175 4.225 4.273 4.319 4.364 4.408 4.450 4.491 4.531 4.569 4.606 4.641 4.676 4.710 4.742 4.774 4.806 4.836 4.865 4.894 4.923 4.951 4.979 5.006 5.033 5.061 5.088 5.116 5.143
-99.000 -99.000 -99.000 -99.000 -99.000 -99.000 -99.000 -99.000 -99.000 -99.000 -99.000 -99.000 -99.000 -99.000 -99.000 -99.000 -99.000 -99.000 -99.000 -99.000 -99.000 -99.000 -99.000 -99.000 -99.000 -99.000 1.647 1.657 1.723 1.885 2.128 2.416 2.710 2.979 3.209 3.396 3.544 3.662 3.759 3.841 3.913 3.977 4.037 4.093 4.146 4.197 4.246 4.293 4.339 4.383 4.426 4.467 4.508 4.547 4.585 4.622 4.657 4.691 4.724 4.757 4.789 4.819 4.849 4.879 4.907 4.935 4.963 4.990 5.017 5.043 5.070 5.096 5.123 5.150
-99.000 -99.000 -99.000 -99.000 -99.000 -99.000 -99.000 -99.000 -99.000 -99.000 -99.000 -99.000 -99.000 -99.000 -99.000 -99.000 -99.000 -99.000 -99.000 -99.000 -99.000 -99.000 -99.000 -99.000 -99.000 -99.000 1.648 1.673 1.777 1.975 2.241 2.536 2.824 3.079 3.292 3.463 3.598 3.707 3.797 3.874 3.943 4.005 4.063 4.117 4.169 4.219 4.267 4.313 4.358 4.401 4.443 4.484 4.524 4.563 4.601 4.637 4.672 4.705 4.739 4.771 4.803 4.833 4.863 4.892 4.920 4.948 4.975 5.002 5.028 5.054 5.080 5.106 5.131 5.157
-99.000 -99.000 -99.000 -99.000 -99.000 -99.000 -99.000 -99.000 -99.000 -99.000 -99.000 -99.000 -99.000 -99.000 -99.000 -99.000 -99.000 -99.000 -99.000 -99.000 -99.000 -99.000 -99.000 -99.000 -99.000 1.647 1.653 1.703 1.846 2.075 2.357 2.654 2.932 3.171 3.367 3.524 3.648 3.749 3.833 3.906 3.972 4.032 4.088 4.141 4.192 4.240 4.287 4.332 4.376 4.419 4.461 4.501 4.541 4.579 4.616 4.653 4.687 4.720 4.754 4.786 4.817 4.848 4.877 4.906 4.934 4.961 4.988 5.014 5.040 5.066 5.091 5.116 5.141 5.166
-99.000 -99.000 -99.000 -99.000 -99.000 -99.000 -99.000 -99.000 -99.000 -99.000 -99.000 -99.000 -99.000 -99.000 -99.000 -99.000 -99.000 -99.000 -99.000 -99.000 -99.000 -99.000 -99.000 -99.000 -99.000 1.648 1.664 1.747 1.927 2.182 2.475 2.768 3.033 3.256 3.437 3.580 3.694 3.788 3.867 3.937 4.000 4.058 4.113 4.165 4.214 4.262 4.307 4.352 4.395 4.437 4.478 4.518 4.557 4.595 4.632 4.668 4.702 4.735 4.768 4.800 4.831 4.862 4.891 4.920 4.948 4.975 5.002 5.028 5.053 5.078 5.103 5.127 5.152 5.176
-99.000 -99.000 -99.000 -99.000 -99.000 -99.000 -99.000 -99.000 -99.000 -99.000 -99.000 -99.000 -99.000 -99.000 -99.000 -99.000 -99.000 -99.000 -99.000 -99.000 -99.000 -99.000 -99.000 -99.000 1.647 1.650 1.685 1.806 2.019 2.294 2.591 2.877 3.128 3.334 3.500 3.631 3.737 3.825 3.900 3.967 4.028 4.084 4.137 4.188 4.236 4.283 4.328 4.371 4.414 4.455 4.495 4.535 4.573 4.610 4.647 4.683 4.716 4.749 4.782 4.814 4.846 4.876 4.905 4.934 4.962 4.989 5.015 5.041 5.067 5.091 5.116 5.140 5.164 5.187
-99.000 -99.000 -99.000 -99.000 -99.000 -99.000 -99.000 -99.000 -99.000 -99.000 -99.000 -99.000 -99.000 -99.000 -99.000 -99.000 -99.000 -99.000 -99.000 -99.000 -99.000 -99.000 -99.000 -99.000 1.647 1.656 1.720 1.878 2.119 2.407 2.705 2.980 3.215 3.406 3.558 3.679 3.778 3.860 3.932 3.996 4.055 4.110 4.162 4.211 4.258 4.304 4.348 4.391 4.433 4.473 4.513 4.551 4.589 4.626 4.662 4.698 4.731 4.764 4.797 4.829 4.860 4.890 4.919 4.948 4.976 5.003 5.030 5.055 5.081 5.105 5.129 5.153 5.177 5.200
-99.000 -99.000 -99.000 -99.000 -99.000 -99.000 -99.000 -99.000 -99.000 -99.000 -99.000 -99.000 -99.000 -99.000 -99.000 -99.000 -99.000 -99.000 -99.000 -99.000 -99.000 -99.000 -99.000 -99.000 1.648 1.670 1.768 1.961 2.225 2.521 2.814 3.076 3.296 3.472 3.612 3.724 3.816 3.894 3.963 4.025 4.082 4.135 4.186 4.234 4.280 4.325 4.369 4.411 4.451 4.491 4.530 4.568 4.605 4.642 4.678 4.712 4.746 4.778 4.811 4.843 4.874 4.904 4.933 4.962 4.990 5.017 5.044 5.070 5.095 5.120 5.144 5.167 5.190 5.213
-99.000 -99.000 -99.000 -99.000 -99.000 -99.000 -99.000 -99.000 -99.000 -99.000 -99.000 -99.000 -99.000 -99.000 -99.000 -99.000 -99.000 -99.000 -99.000 -99.000 -99.000 -99.000 -99.000 1.647 1.651 1.695 1.830 2.054 2.334 2.634 2.918 3.166 3.371 3.533 3.662 3.766 3.852 3.927 3.993 4.053 4.108 4.160 4.210 4.257 4.303 4.346 4.389 4.430 4.470 4.510 4.548 4.585 4.622 4.658 4.693 4.727 4.760 4.792 4.825 4.857 4.888 4.918 4.947 4.976 5.004 5.032 5.058 5.084 5.109 5.134 5.158 5.182 5.205 5.227
-99.000 -99.000 -99.000 -99.000 -99.000 -99.000 -99.000 -99.000 -99.000 -99.000 -99.000 -99.000 -99.000 -99.000 -99.000 -99.000 -99.000 -99.000 -99.000 -99.000 -99.000 -99.000 -99.000 1.647 1.660 1.733 1.903 2.153 2.445 2.743 3.017 3.250 3.439 3.589 3.708 3.805 3.887 3.958 4.022 4.080 4.134 4.185 4.234 4.280 4.325 4.368 4.410 4.450 4.490 4.528 4.566 4.602 4.638 4.674 4.708 4.742 4.775 4.807 4.839 4.870 4.901 4.931 4.961 4.990 5.018 5.045 5.072 5.098 5.124 5.149 5.173 5.196 5.219 5.241
-99.000 -99.000 -99.000 -99.000 -99.000 -99.000 -99.000 -99.000 -99.000 -99.000 -99.000 -99.000 -99.000 -99.000 -99.000 -99.000 -99.000 -99.000 -99.000 -99.000 -99.000 -99.000 1.647 1.649 1.676 1.784 1.987 2.257 2.556 2.849 3.110 3.328 3.503 3.641 3.751 3.843 3.921 3.989 4.050 4.107 4.160 4.210 4.257 4.303 4.347 4.389 4.430 4.470 4.509 4.547 4.584 4.620 4.655 4.690 4.724 4.758 4.790 4.821 4.853 4.884 4.915 4.945 4.974 5.003 5.031 5.059 5.086 5.112 5.138 5.163 5.187 5.211 5.233 5.256
-99.000 -99.000 -99.000 -99.000 -99.000 -99.000 -99.000 -99.000 -99.000 -99.000 -99.000 -99.000 -99.000 -99.000 -99.000 -99.000 -99.000 -99.000 -99.000 -99.000 -99.000 -99.000 1.647 1.653 1.704 1.848 2.079 2.364 2.665 2.949 3.196 3.399 3.561 3.689 3.792 3.879 3.953 4.019 4.078 4.134 4.185 4.234 4.281 4.326 4.369 4.411 4.451 4.490 4.528 4.566 4.602 4.637 4.672 4.706 4.740 4.773 4.805 4.836 4.867 4.898 4.928 4.958 4.988 5.016 5.045 5.072 5.099 5.126 5.151 5.176 5.201 5.225 5.248 5.270
-99.000 -99.000 -99.000 -99.000 -99.000 -99.000 -99.000 -99.000 -99.000 -99.000 -99.000 -99.000 -99.000 -99.000 -99.000 -99.000 -99.000 -99.000 -99.000 -99.000 -99.000 -99.000 1.648 1.663 1.744 1.922 2.177 2.473 2.772 3.045 3.277 3.466 3.615 3.734 3.831 3.913 3.984 4.048 4.106 4.160 4.211 4.259 4.305 4.349 4.392 4.433 4.472 4.511 4.548 4.585 4.621 4.656 4.690 4.723 4.756 4.789 4.820 4.851 4.882 4.912 4.942 4.972 5.001 5.029 5.057 5.085 5.112 5.138 5.164 5.190 5.214 5.238 5.261 5.284
-99.000 -99.000 -99.000 -99.000 -99.000 -99.000 -99.000 -99.000 -99.000 -99.000 -99.000 -99.000 -99.000 -99.000 -99.000 -99.000 -99.000 -99.000 -99.000 -99.000 -99.000 1.647 1.649 1.681 1.797 2.006 2.280 2.582 2.875 3.135 3.353 3.527 3.666 3.776 3.868 3.946 4.015 4.076 4.133 4.186 4.236 4.284 4.329 4.373 4.414 4.455 4.494 4.532 4.569 4.605 4.640 4.674 4.708 4.741 4.773 4.805 4.835 4.866 4.896 4.926 4.956 4.985 5.014 5.042 5.070 5.097 5.124 5.151 5.177 5.202 5.227 5.251 5.274 5.297
-99.000 -99.000 -99.000 -99.000 -99.000 -99.000 -99.000 -99.000 -99.000 -99.000 -99.000 -99.000 -99.000 -99.000 -99.000 -99.000 -99.000 -99.000 -99.000 -99.000 -99.000 1.647 1.654 1.710 1.861 2.098 2.387 2.690 2.974 3.220 3.423 3.584 3.713 3.816 3.903 3.978 4.044 4.105 4.161 4.213 4.262 4.309 4.353 4.396 4.437 4.477 4.516 4.553 4.589 4.625 4.659 4.693 4.726 4.759 4.790 4.822 4.851 4.881 4.911 4.941 4.970 4.999 5.027 5.055 5.083 5.110 5.137 5.163 5.189 5.214 5.239 5.263 5.287 5.310
