TsunamiDB/out54064.asc
ncols          264
nrows          230
xllcorner      497853.4375
yllcorner      4229146.0000
cellsize         5.
NODATA_value   -99
[rows 165 to 197 of 230, columns 150 to 224 of 264]
6.814 6.832 6.852 6.872 6.892 6.913 6.934 6.955 6.976 6.995 7.013 7.028 7.042 7.052 7.059 7.066 7.077 7.098 7.126 7.159 7.204 7.259 7.323 7.396 7.476 7.560 7.644 7.711 7.784 7.875 7.964 8.050 8.131 8.210 8.285 8.356 8.422 8.465 8.509 8.573 8.634 8.692 8.746 8.797 8.843 8.880 8.908 8.922 8.937 8.962 8.985 9.006 9.024 9.041 9.055 9.067 9.078 9.078 9.079 9.088 9.098 9.107 9.115 9.124 9.132 9.137 9.141 9.138 9.136 9.140 9.144 9.148 9.151 9.154 9.156
6.830 6.847 6.866 6.886 6.906 6.928 6.949 6.970 6.991 7.011 7.030 7.046 7.060 7.071 7.078 7.084 7.096 7.118 7.146 7.180 7.227 7.285 7.353 7.430 7.513 7.604 7.689 7.755 7.829 7.921 8.011 8.097 8.180 8.259 8.334 8.406 8.472 8.513 8.556 8.619 8.678 8.734 8.786 8.835 8.879 8.912 8.936 8.949 8.964 8.987 9.008 9.028 9.045 9.060 9.074 9.087 9.097 9.097 9.098 9.107 9.116 9.125 9.133 9.141 9.148 9.153 9.155 9.152 9.149 9.152 9.155 9.158 9.161 9.163 9.165
6.846 6.863 6.881 6.901 6.921 6.943 6.964 6.986 7.007 7.028 7.047 7.065 7.080 7.091 7.098 7.105 7.117 7.140 7.169 7.205 7.254 7.315 7.386 7.467 7.556 7.648 7.733 7.799 7.872 7.966 8.057 8.145 8.228 8.307 8.384 8.456 8.520 8.559 8.601 8.662 8.719 8.774 8.823 8.869 8.909 8.939 8.963 8.976 8.989 9.010 9.030 9.049 9.066 9.081 9.094 9.106 9.116 9.116 9.116 9.125 9.134 9.143 9.151 9.158 9.164 9.168 9.169 9.166 9.162 9.164 9.166 9.169 9.171 9.172 9.174
6.862 6.879 6.897 6.917 6.937 6.958 6.980 7.002 7.024 7.045 7.065 7.084 7.099 7.112 7.120 7.127 7.140 7.164 7.195 7.232 7.284 7.348 7.422 7.507 7.599 7.691 7.775 7.840 7.914 8.009 8.102 8.191 8.275 8.356 8.433 8.504 8.565 8.603 8.643 8.702 8.758 8.810 8.857 8.900 8.936 8.965 8.988 9.001 9.013 9.033 9.053 9.071 9.086 9.101 9.114 9.125 9.135 9.135 9.135 9.144 9.153 9.161 9.169 9.175 9.180 9.183 9.184 9.180 9.176 9.177 9.178 9.180 9.181 9.182 9.183
6.879 6.896 6.914 6.933 6.954 6.975 6.997 7.020 7.042 7.064 7.085 7.104 7.121 7.134 7.143 7.152 7.166 7.192 7.224 7.264 7.318 7.384 7.461 7.547 7.640 7.731 7.815 7.880 7.955 8.052 8.146 8.236 8.322 8.403 8.480 8.548 8.607 8.643 8.683 8.739 8.793 8.843 8.887 8.927 8.961 8.989 9.012 9.024 9.036 9.056 9.075 9.092 9.107 9.121 9.134 9.145 9.154 9.154 9.154 9.163 9.172 9.180 9.187 9.192 9.196 9.198 9.199 9.194 9.189 9.190 9.191 9.191 9.192 9.192 9.192
6.896 6.913 6.932 6.951 6.971 6.993 7.015 7.038 7.061 7.083 7.105 7.125 7.143 7.158 7.169 7.179 7.195 7.223 7.257 7.298 7.354 7.422 7.500 7.586 7.678 7.769 7.854 7.920 7.995 8.093 8.189 8.281 8.367 8.448 8.524 8.590 8.647 8.682 8.720 8.774 8.825 8.873 8.914 8.952 8.985 9.012 9.035 9.047 9.059 9.078 9.097 9.113 9.128 9.141 9.153 9.164 9.173 9.173 9.173 9.182 9.191 9.199 9.205 9.210 9.213 9.214 9.215 9.209 9.204 9.203 9.203 9.203 9.203 9.202 9.202
6.913 6.931 6.949 6.969 6.989 7.011 7.034 7.057 7.080 7.104 7.126 7.148 7.168 7.185 7.197 7.209 7.227 7.257 7.292 7.335 7.392 7.461 7.537 7.622 7.714 7.806 7.893 7.959 8.035 8.134 8.231 8.324 8.410 8.491 8.565 8.630 8.684 8.718 8.753 8.805 8.854 8.899 8.939 8.976 9.007 9.034 9.057 9.069 9.081 9.100 9.118 9.134 9.148 9.161 9.173 9.183 9.192 9.193 9.193 9.201 9.210 9.217 9.223 9.227 9.230 9.231 9.230 9.224 9.218 9.217 9.216 9.215 9.214 9.213 9.212
6.931 6.949 6.968 6.987 7.008 7.030 7.053 7.077 7.101 7.125 7.150 7.173 7.195 7.213 7.228 7.242 7.261 7.292 7.329 7.373 7.430 7.498 7.573 7.657 7.749 7.843 7.932 7.999 8.075 8.176 8.274 8.367 8.452 8.532 8.605 8.667 8.719 8.751 8.785 8.834 8.881 8.924 8.963 8.998 9.029 9.056 9.078 9.090 9.102 9.121 9.138 9.154 9.168 9.180 9.191 9.202 9.212 9.212 9.212 9.221 9.229 9.236 9.241 9.245 9.247 9.247 9.246 9.239 9.233 9.231 9.229 9.228 9.226 9.224 9.223
6.948 6.967 6.986 7.006 7.027 7.050 7.073 7.098 7.123 7.148 7.174 7.199 7.223 7.244 7.260 7.276 7.297 7.329 7.367 7.411 7.468 7.535 7.609 7.692 7.784 7.880 7.972 8.039 8.116 8.218 8.315 8.407 8.492 8.570 8.642 8.702 8.751 8.782 8.814 8.861 8.905 8.948 8.985 9.019 9.050 9.076 9.098 9.110 9.122 9.140 9.158 9.173 9.187 9.199 9.210 9.221 9.231 9.232 9.232 9.241 9.249 9.255 9.260 9.263 9.264 9.264 9.262 9.254 9.247 9.244 9.242 9.240 9.237 9.235 9.234
6.965 6.984 7.005 7.025 7.047 7.070 7.094 7.120 7.146 7.173 7.200 7.227 7.253 7.275 7.294 7.311 7.334 7.367 7.406 7.450 7.506 7.572 7.645 7.727 7.819 7.916 8.010 8.078 8.156 8.257 8.354 8.445 8.528 8.606 8.676 8.734 8.782 8.810 8.841 8.886 8.929 8.970 9.006 9.039 9.070 9.096 9.118 9.130 9.141 9.160 9.177 9.193 9.206 9.218 9.229 9.239 9.250 9.251 9.252 9.260 9.268 9.274 9.278 9.280 9.281 9.280 9.278 9.269 9.261 9.258 9.255 9.252 9.249 9.247 9.245
6.981 7.002 7.023 7.045 7.067 7.091 7.116 7.142 7.170 7.198 7.227 7.255 7.283 7.308 7.329 7.348 7.371 7.405 7.444 7.487 7.543 7.608 7.680 7.762 7.853 7.952 8.051 8.120 8.195 8.297 8.393 8.482 8.564 8.641 8.710 8.766 8.811 8.838 8.867 8.910 8.952 8.991 9.027 9.060 9.090 9.116 9.138 9.149 9.160 9.179 9.196 9.212 9.225 9.237 9.247 9.258 9.270 9.271 9.272 9.280 9.287 9.293 9.296 9.298 9.299 9.297 9.293 9.285 9.276 9.272 9.269 9.265 9.262 9.258 9.256
6.998 7.020 7.042 7.065 7.088 7.112 7.138 7.166 7.194 7.224 7.254 7.284 7.314 7.341 7.363 7.383 7.407 7.442 7.481 7.524 7.579 7.643 7.716 7.798 7.889 7.995 8.095 8.161 8.235 8.336 8.431 8.519 8.600 8.675 8.742 8.795 8.837 8.864 8.892 8.934 8.975 9.013 9.048 9.081 9.111 9.136 9.156 9.168 9.179 9.197 9.215 9.230 9.244 9.255 9.266 9.278 9.290 9.291 9.292 9.300 9.307 9.311 9.314 9.316 9.316 9.313 9.309 9.299 9.290 9.286 9.282 9.278 9.274 9.270 9.267
7.015 7.038 7.061 7.084 7.109 7.134 7.161 7.189 7.219 7.250 7.281 7.313 7.345 7.373 7.397 7.418 7.443 7.479 7.518 7.561 7.616 7.680 7.754 7.838 7.935 8.040 8.136 8.201 8.275 8.374 8.467 8.554 8.633 8.706 8.770 8.821 8.863 8.889 8.916 8.957 8.997 9.035 9.069 9.101 9.130 9.154 9.175 9.186 9.197 9.215 9.233 9.249 9.262 9.275 9.286 9.298 9.310 9.311 9.312 9.320 9.325 9.330 9.332 9.333 9.332 9.329 9.324 9.314 9.305 9.299 9.295 9.290 9.286 9.282 9.280
7.032 7.056 7.080 7.105 7.130 7.156 7.184 7.213 7.244 7.276 7.309 7.342 7.375 7.405 7.430 7.453 7.479 7.515 7.555 7.598 7.654 7.720 7.795 7.882 7.981 8.082 8.175 8.239 8.312 8.409 8.501 8.587 8.664 8.734 8.795 8.846 8.889 8.914 8.939 8.980 9.019 9.056 9.090 9.121 9.149 9.173 9.194 9.205 9.215 9.234 9.252 9.268 9.282 9.295 9.307 9.319 9.330 9.331 9.331 9.338 9.344 9.347 9.349 9.350 9.348 9.344 9.339 9.329 9.318 9.313 9.308 9.303 9.298 9.294 9.292
7.049 7.074 7.099 7.125 7.151 7.178 7.207 7.237 7.268 7.302 7.336 7.370 7.404 7.436 7.463 7.487 7.514 7.551 7.592 7.637 7.693 7.760 7.838 7.926 8.024 8.122 8.212 8.275 8.347 8.443 8.533 8.617 8.693 8.760 8.820 8.870 8.913 8.937 8.963 9.003 9.042 9.078 9.111 9.141 9.168 9.192 9.213 9.223 9.234 9.252 9.270 9.287 9.301 9.315 9.327 9.339 9.349 9.350 9.350 9.357 9.362 9.365 9.366 9.365 9.363 9.359 9.353 9.343 9.332 9.326 9.321 9.315 9.310 9.306 9.303
7.067 7.093 7.119 7.145 7.172 7.200 7.229 7.260 7.293 7.327 7.362 7.397 7.433 7.465 7.494 7.519 7.549 7.587 7.630 7.676 7.734 7.803 7.881 7.968 8.063 8.159 8.247 8.309 8.380 8.474 8.563 8.646 8.719 8.785 8.844 8.894 8.937 8.961 8.986 9.026 9.064 9.100 9.131 9.161 9.187 9.211 9.232 9.242 9.252 9.271 9.289 9.306 9.321 9.334 9.347 9.358 9.367 9.368 9.368 9.374 9.378 9.381 9.381 9.380 9.377 9.373 9.367 9.356 9.345 9.339 9.333 9.328 9.322 9.317 9.313
7.084 7.111 7.138 7.165 7.192 7.221 7.251 7.283 7.316 7.351 7.387 7.423 7.460 7.494 7.524 7.552 7.582 7.623 7.667 7.715 7.774 7.844 7.921 8.006 8.099 8.192 8.279 8.342 8.412 8.504 8.592 8.673 8.745 8.810 8.867 8.917 8.961 8.985 9.009 9.049 9.086 9.121 9.152 9.180 9.206 9.230 9.251 9.261 9.271 9.290 9.308 9.325 9.340 9.354 9.366 9.377 9.385 9.386 9.386 9.391 9.395 9.396 9.396 9.395 9.391 9.387 9.381 9.370 9.358 9.352 9.345 9.339 9.333 9.327 9.322
7.102 7.129 7.157 7.185 7.213 7.242 7.273 7.305 7.339 7.374 7.411 7.448 7.486 7.521 7.553 7.582 7.615 7.657 7.703 7.753 7.813 7.883 7.958 8.041 8.131 8.223 8.310 8.373 8.442 8.533 8.620 8.699 8.770 8.833 8.891 8.941 8.984 9.008 9.032 9.071 9.108 9.142 9.173 9.200 9.226 9.249 9.270 9.280 9.290 9.309 9.327 9.344 9.359 9.373 9.385 9.395 9.403 9.403 9.402 9.407 9.410 9.411 9.411 9.408 9.405 9.400 9.394 9.383 9.371 9.364 9.357 9.350 9.343 9.336 9.329
7.120 7.148 7.176 7.204 7.233 7.263 7.294 7.326 7.360 7.396 7.434 7.472 7.511 7.547 7.580 7.611 7.646 7.691 7.739 7.790 7.850 7.919 7.993 8.074 8.162 8.254 8.341 8.403 8.471 8.562 8.646 8.724 8.793 8.856 8.914 8.964 9.007 9.030 9.054 9.093 9.129 9.163 9.193 9.220 9.245 9.268 9.289 9.299 9.309 9.328 9.346 9.362 9.377 9.390 9.402 9.411 9.419 9.418 9.418 9.421 9.424 9.425 9.424 9.421 9.417 9.412 9.406 9.395 9.382 9.375 9.367 9.359 9.351 9.342 9.334
7.137 7.166 7.195 7.224 7.253 7.282 7.314 7.346 7.381 7.418 7.456 7.495 7.534 7.572 7.606 7.639 7.676 7.722 7.772 7.825 7.886 7.954 8.026 8.105 8.192 8.282 8.370 8.432 8.500 8.589 8.672 8.748 8.816 8.879 8.935 8.985 9.028 9.051 9.075 9.114 9.150 9.183 9.212 9.239 9.264 9.287 9.308 9.318 9.327 9.346 9.364 9.380 9.394 9.407 9.419 9.427 9.434 9.433 9.432 9.435 9.437 9.438 9.436 9.433 9.429 9.424 9.418 9.406 9.393 9.385 9.376 9.367 9.358 9.347 9.337
7.155 7.184 7.213 7.242 7.272 7.302 7.333 7.366 7.401 7.438 7.476 7.516 7.556 7.595 7.631 7.665 7.703 7.752 7.804 7.857 7.918 7.985 8.056 8.134 8.218 8.308 8.398 8.461 8.527 8.614 8.696 8.771 8.838 8.900 8.957 9.006 9.049 9.072 9.095 9.134 9.170 9.203 9.232 9.259 9.283 9.306 9.327 9.337 9.346 9.364 9.382 9.397 9.411 9.424 9.435 9.443 9.448 9.447 9.445 9.448 9.449 9.450 9.448 9.445 9.440 9.435 9.429 9.416 9.403 9.394 9.384 9.374 9.363 9.350 9.337
7.173 7.202 7.232 7.261 7.290 7.320 7.351 7.384 7.419 7.457 7.496 7.536 7.576 7.616 7.653 7.688 7.728 7.779 7.833 7.887 7.948 8.014 8.085 8.161 8.244 8.337 8.428 8.489 8.553 8.640 8.720 8.793 8.860 8.921 8.977 9.027 9.069 9.092 9.115 9.154 9.189 9.222 9.251 9.278 9.302 9.325 9.347 9.356 9.364 9.382 9.399 9.414 9.427 9.439 9.450 9.457 9.461 9.459 9.458 9.460 9.461 9.460 9.459 9.455 9.451 9.445 9.439 9.425 9.411 9.401 9.390 9.379 9.365 9.351 9.335
7.190 7.220 7.250 7.279 7.308 7.338 7.369 7.401 7.437 7.474 7.514 7.554 7.595 7.634 7.672 7.709 7.752 7.806 7.860 7.916 7.977 8.043 8.114 8.190 8.275 8.368 8.456 8.515 8.579 8.664 8.742 8.815 8.881 8.942 8.997 9.046 9.088 9.111 9.134 9.172 9.208 9.241 9.270 9.296 9.321 9.344 9.365 9.374 9.382 9.399 9.415 9.429 9.442 9.453 9.462 9.468 9.472 9.471 9.469 9.470 9.471 9.471 9.468 9.465 9.460 9.454 9.447 9.433 9.418 9.407 9.395 9.381 9.366 9.349 9.329
7.207 7.237 7.267 7.296 7.325 7.355 7.385 7.418 7.453 7.490 7.530 7.570 7.611 7.650 7.688 7.729 7.776 7.831 7.887 7.943 8.006 8.072 8.143 8.220 8.306 8.396 8.481 8.540 8.603 8.686 8.764 8.836 8.901 8.961 9.015 9.064 9.107 9.129 9.151 9.190 9.226 9.259 9.288 9.315 9.340 9.362 9.383 9.391 9.398 9.415 9.430 9.444 9.455 9.465 9.473 9.479 9.483 9.481 9.478 9.480 9.480 9.480 9.477 9.473 9.469 9.462 9.454 9.440 9.423 9.411 9.397 9.382 9.364 9.343 9.320
7.224 7.254 7.284 7.313 7.342 7.371 7.401 7.433 7.467 7.505 7.544 7.584 7.624 7.663 7.704 7.749 7.798 7.855 7.913 7.971 8.035 8.101 8.173 8.250 8.334 8.422 8.505 8.563 8.626 8.709 8.786 8.857 8.921 8.979 9.033 9.081 9.124 9.146 9.168 9.207 9.244 9.277 9.306 9.333 9.358 9.380 9.399 9.406 9.413 9.429 9.444 9.457 9.467 9.476 9.483 9.488 9.492 9.490 9.487 9.488 9.488 9.487 9.485 9.481 9.475 9.469 9.460 9.444 9.427 9.413 9.397 9.379 9.358 9.334 9.306
7.240 7.270 7.300 7.330 7.358 7.387 7.416 7.447 7.481 7.517 7.555 7.595 7.635 7.676 7.720 7.767 7.820 7.879 7.939 7.999 8.064 8.132 8.203 8.279 8.361 8.446 8.528 8.587 8.650 8.731 8.808 8.878 8.940 8.997 9.050 9.097 9.140 9.162 9.184 9.224 9.261 9.294 9.324 9.351 9.375 9.396 9.414 9.421 9.427 9.442 9.456 9.468 9.477 9.485 9.491 9.496 9.499 9.497 9.494 9.495 9.495 9.494 9.491 9.487 9.481 9.473 9.464 9.447 9.428 9.412 9.394 9.374 9.349 9.321 9.288
7.255 7.286 7.316 7.345 7.373 7.401 7.429 7.459 7.492 7.527 7.564 7.603 7.645 7.688 7.735 7.786 7.842 7.903 7.965 8.027 8.093 8.162 8.231 8.306 8.385 8.469 8.552 8.611 8.673 8.754 8.831 8.900 8.960 9.015 9.066 9.113 9.156 9.178 9.200 9.240 9.277 9.310 9.340 9.367 9.390 9.411 9.429 9.435 9.440 9.454 9.466 9.477 9.485 9.492 9.498 9.502 9.506 9.503 9.500 9.501 9.501 9.499 9.496 9.491 9.484 9.476 9.466 9.448 9.427 9.409 9.389 9.364 9.336 9.303 9.264
7.269 7.300 7.331 7.360 7.388 7.414 7.441 7.470 7.501 7.534 7.571 7.611 7.653 7.699 7.750 7.805 7.864 7.926 7.989 8.053 8.121 8.189 8.258 8.330 8.408 8.492 8.576 8.637 8.698 8.780 8.856 8.921 8.980 9.033 9.081 9.128 9.172 9.194 9.215 9.256 9.293 9.326 9.355 9.382 9.405 9.425 9.441 9.446 9.451 9.464 9.475 9.485 9.492 9.498 9.503 9.507 9.511 9.508 9.505 9.506 9.505 9.503 9.499 9.493 9.486 9.477 9.465 9.446 9.423 9.403 9.379 9.351 9.318 9.280 9.236
7.283 7.314 7.345 7.374 7.400 7.425 7.451 7.478 7.508 7.540 7.577 7.617 7.662 7.711 7.765 7.823 7.884 7.948 8.012 8.078 8.147 8.216 8.284 8.355 8.431 8.516 8.603 8.664 8.725 8.806 8.879 8.943 8.999 9.049 9.097 9.143 9.187 9.209 9.230 9.271 9.308 9.340 9.369 9.395 9.417 9.436 9.451 9.456 9.460 9.471 9.482 9.491 9.497 9.503 9.508 9.511 9.514 9.512 9.508 9.508 9.508 9.505 9.500 9.494 9.485 9.475 9.462 9.441 9.416 9.392 9.365 9.333 9.295 9.251 9.203
7.295 7.326 7.357 7.386 7.412 7.435 7.459 7.485 7.514 7.545 7.582 7.623 7.669 7.722 7.780 7.840 7.903 7.968 8.033 8.101 8.172 8.242 8.310 8.381 8.457 8.541 8.630 8.692 8.753 8.832 8.904 8.965 9.018 9.067 9.112 9.157 9.201 9.223 9.245 9.285 9.321 9.353 9.381 9.407 9.428 9.446 9.460 9.464 9.468 9.478 9.487 9.495 9.501 9.506 9.511 9.514 9.516 9.513 9.510 9.509 9.508 9.505 9.499 9.492 9.482 9.470 9.456 9.432 9.404 9.378 9.346 9.309 9.266 9.218 9.166
7.306 7.337 7.368 7.396 7.421 7.443 7.465 7.490 7.518 7.549 7.586 7.628 7.677 7.734 7.794 7.857 7.922 7.987 8.053 8.123 8.197 8.268 8.337 8.408 8.482 8.568 8.663 8.725 8.784 8.861 8.929 8.987 9.037 9.084 9.126 9.170 9.216 9.238 9.259 9.299 9.334 9.365 9.393 9.417 9.439 9.456 9.468 9.471 9.474 9.483 9.492 9.499 9.504 9.509 9.512 9.515 9.517 9.514 9.509 9.509 9.507 9.503 9.496 9.488 9.476 9.463 9.447 9.421 9.389 9.359 9.323 9.281 9.234 9.182 9.126
7.315 7.346 7.376 7.404 7.428 7.448 7.468 7.494 7.522 7.553 7.591 7.634 7.687 7.745 7.808 7.873 7.939 8.006 8.072 8.146 8.221 8.294 8.366 8.438 8.512 8.607 8.704 8.761 8.816 8.889 8.954 9.008 9.057 9.101 9.141 9.186 9.233 9.253 9.273 9.312 9.346 9.376 9.403 9.427 9.447 9.462 9.473 9.476 9.478 9.487 9.495 9.501 9.506 9.510 9.513 9.515 9.517 9.512 9.507 9.506 9.503 9.498 9.491 9.481 9.467 9.452 9.434 9.404 9.369 9.335 9.294 9.249 9.198 9.143 9.086
7.322 7.353 7.383 7.410 7.432 7.452 7.472 7.498 7.527 7.558 7.597 7.643 7.697 7.756 7.821 7.888 7.958 8.026 8.093 8.169 8.248 8.324 8.400 8.476 8.558 8.654 8.742 8.796 8.848 8.917 8.977 9.030 9.075 9.118 9.159 9.204 9.247 9.266 9.287 9.323 9.357 9.386 9.411 9.434 9.453 9.467 9.477 9.480 9.481 9.489 9.496 9.502 9.506 9.509 9.512 9.514 9.514 9.509 9.503 9.501 9.497 9.491 9.482 9.471 9.456 9.438 9.417 9.384 9.345 9.306 9.262 9.213 9.160 9.103 9.046
