TsunamiDB/out54054.asc
ncols          264
nrows          230
xllcorner      497853.4375
yllcorner      4229146.0000
cellsize         5.
NODATA_value   -99
[rows 165 to 197 of 230, columns 74 to 147 of 264]
4.813 4.847 4.879 4.911 4.942 4.973 5.004 5.034 5.063 5.092 5.121 5.150 5.179 5.208 5.236 5.265 5.294 5.323 5.352 5.382 5.412 5.442 5.472 5.503 5.534 5.564 5.594 5.625 5.656 5.686 5.717 5.747 5.777 5.806 5.834 5.861 5.888 5.913 5.937 5.960 5.981 6.000 6.017 6.033 6.047 6.060 6.072 6.084 6.094 6.105 6.117 6.131 6.145 6.162 6.179 6.197 6.216 6.236 6.256 6.276 6.295 6.315 6.334 6.353 6.372 6.391 6.410 6.428 6.447 6.467 6.488 6.508 6.529 6.551
4.836 4.870 4.901 4.932 4.963 4.994 5.024 5.053 5.082 5.110 5.139 5.167 5.194 5.222 5.250 5.277 5.305 5.333 5.361 5.390 5.418 5.447 5.477 5.507 5.537 5.566 5.596 5.627 5.657 5.688 5.719 5.749 5.779 5.808 5.837 5.866 5.893 5.920 5.945 5.969 5.992 6.013 6.032 6.049 6.065 6.079 6.092 6.104 6.115 6.125 6.136 6.148 6.162 6.176 6.192 6.209 6.226 6.245 6.264 6.283 6.303 6.322 6.342 6.361 6.380 6.399 6.418 6.437 6.456 6.476 6.497 6.517 6.538 6.561
4.859 4.892 4.923 4.954 4.985 5.015 5.044 5.073 5.101 5.129 5.157 5.184 5.211 5.238 5.265 5.291 5.318 5.345 5.372 5.399 5.426 5.454 5.482 5.511 5.540 5.569 5.598 5.628 5.659 5.689 5.720 5.750 5.780 5.810 5.840 5.868 5.897 5.924 5.951 5.976 6.000 6.023 6.044 6.063 6.080 6.096 6.110 6.123 6.135 6.145 6.156 6.167 6.179 6.192 6.207 6.222 6.238 6.256 6.274 6.293 6.312 6.331 6.350 6.369 6.389 6.408 6.427 6.446 6.466 6.486 6.507 6.527 6.548 6.571
4.881 4.914 4.945 4.975 5.006 5.036 5.065 5.093 5.121 5.149 5.176 5.203 5.229 5.255 5.281 5.307 5.332 5.358 5.384 5.409 5.435 5.462 5.489 5.516 5.545 5.572 5.600 5.630 5.660 5.690 5.720 5.750 5.781 5.811 5.841 5.870 5.899 5.927 5.954 5.981 6.006 6.030 6.053 6.074 6.093 6.110 6.126 6.141 6.153 6.164 6.175 6.186 6.198 6.210 6.223 6.237 6.253 6.269 6.286 6.304 6.322 6.341 6.360 6.379 6.399 6.418 6.437 6.457 6.477 6.497 6.517 6.538 6.559 6.582
4.903 4.936 4.967 4.997 5.027 5.057 5.086 5.114 5.142 5.169 5.196 5.222 5.248 5.274 5.299 5.324 5.348 5.373 5.397 5.422 5.446 5.471 5.497 5.523 5.550 5.576 5.604 5.632 5.661 5.691 5.721 5.751 5.781 5.811 5.841 5.871 5.900 5.929 5.957 5.984 6.011 6.036 6.060 6.082 6.103 6.122 6.140 6.156 6.170 6.182 6.194 6.205 6.217 6.229 6.241 6.254 6.268 6.284 6.300 6.317 6.335 6.353 6.372 6.391 6.410 6.430 6.449 6.469 6.489 6.509 6.529 6.550 6.571 6.594
4.924 4.957 4.988 5.018 5.048 5.077 5.106 5.135 5.162 5.190 5.216 5.242 5.268 5.293 5.318 5.342 5.366 5.389 5.413 5.436 5.459 5.483 5.507 5.532 5.557 5.582 5.608 5.635 5.663 5.692 5.721 5.751 5.781 5.811 5.841 5.870 5.900 5.929 5.958 5.986 6.013 6.040 6.065 6.089 6.111 6.132 6.151 6.169 6.184 6.198 6.211 6.223 6.235 6.247 6.259 6.272 6.286 6.300 6.316 6.332 6.349 6.367 6.386 6.404 6.424 6.443 6.463 6.482 6.502 6.522 6.543 6.563 6.584 6.607
4.945 4.978 5.008 5.038 5.069 5.098 5.127 5.155 5.183 5.210 5.237 5.263 5.288 5.313 5.338 5.361 5.385 5.407 5.430 5.452 5.474 5.497 5.519 5.542 5.566 5.589 5.614 5.640 5.667 5.694 5.722 5.751 5.781 5.810 5.840 5.870 5.900 5.929 5.958 5.987 6.015 6.042 6.068 6.093 6.117 6.140 6.160 6.180 6.196 6.212 6.226 6.240 6.253 6.265 6.278 6.291 6.304 6.318 6.333 6.349 6.365 6.383 6.401 6.420 6.439 6.458 6.478 6.497 6.517 6.537 6.558 6.578 6.598 6.621
4.965 4.998 5.028 5.059 5.089 5.118 5.147 5.176 5.204 5.231 5.258 5.284 5.309 5.334 5.358 5.381 5.404 5.427 5.448 5.470 5.491 5.512 5.533 5.555 5.577 5.599 5.622 5.646 5.671 5.698 5.725 5.753 5.781 5.810 5.840 5.869 5.899 5.929 5.958 5.987 6.016 6.043 6.071 6.097 6.122 6.145 6.168 6.188 6.207 6.224 6.240 6.255 6.269 6.283 6.296 6.309 6.322 6.336 6.351 6.366 6.383 6.400 6.418 6.436 6.455 6.475 6.494 6.514 6.534 6.554 6.574 6.594 6.614 6.637
4.985 5.017 5.048 5.078 5.109 5.138 5.167 5.196 5.224 5.251 5.278 5.304 5.330 5.355 5.379 5.402 5.425 5.447 5.468 5.489 5.510 5.530 5.550 5.570 5.590 5.611 5.632 5.654 5.678 5.703 5.728 5.755 5.783 5.811 5.840 5.869 5.899 5.928 5.958 5.987 6.016 6.044 6.072 6.099 6.125 6.150 6.173 6.196 6.215 6.234 6.251 6.268 6.284 6.298 6.312 6.326 6.340 6.354 6.369 6.385 6.401 6.418 6.436 6.455 6.474 6.493 6.513 6.532 6.553 6.573 6.592 6.611 6.632 6.654
5.003 5.036 5.067 5.097 5.128 5.158 5.187 5.216 5.244 5.271 5.298 5.325 5.350 5.375 5.400 5.423 5.446 5.468 5.489 5.510 5.530 5.549 5.569 5.588 5.606 5.625 5.644 5.665 5.687 5.710 5.734 5.759 5.785 5.813 5.841 5.869 5.898 5.928 5.957 5.986 6.016 6.044 6.073 6.100 6.127 6.153 6.178 6.201 6.222 6.242 6.261 6.279 6.296 6.313 6.328 6.343 6.357 6.372 6.387 6.403 6.420 6.437 6.455 6.474 6.493 6.513 6.532 6.552 6.573 6.593 6.612 6.631 6.651 6.673
5.021 5.054 5.084 5.116 5.146 5.176 5.206 5.235 5.263 5.291 5.318 5.345 5.370 5.396 5.420 5.444 5.467 5.489 5.511 5.531 5.551 5.570 5.589 5.607 5.624 5.641 5.659 5.679 5.699 5.720 5.742 5.765 5.790 5.816 5.843 5.870 5.899 5.928 5.957 5.986 6.015 6.044 6.073 6.101 6.129 6.156 6.182 6.205 6.227 6.249 6.270 6.289 6.308 6.325 6.342 6.358 6.373 6.389 6.405 6.421 6.438 6.456 6.474 6.493 6.513 6.533 6.553 6.573 6.594 6.614 6.634 6.653 6.673 6.694
5.038 5.071 5.102 5.134 5.165 5.195 5.224 5.253 5.282 5.310 5.337 5.364 5.390 5.416 5.440 5.464 5.488 5.510 5.532 5.553 5.573 5.592 5.610 5.628 5.644 5.660 5.677 5.695 5.713 5.732 5.752 5.774 5.797 5.821 5.846 5.873 5.900 5.928 5.957 5.986 6.015 6.045 6.074 6.102 6.130 6.158 6.184 6.209 6.232 6.255 6.277 6.298 6.318 6.336 6.354 6.372 6.388 6.405 6.422 6.439 6.456 6.474 6.493 6.513 6.533 6.553 6.574 6.595 6.616 6.637 6.656 6.676 6.696 6.716
5.055 5.087 5.119 5.151 5.182 5.213 5.242 5.272 5.300 5.328 5.356 5.383 5.409 5.435 5.460 5.484 5.508 5.531 5.553 5.575 5.595 5.614 5.633 5.650 5.666 5.682 5.697 5.714 5.730 5.747 5.765 5.785 5.806 5.828 5.852 5.877 5.903 5.930 5.959 5.987 6.016 6.045 6.074 6.103 6.132 6.159 6.187 6.212 6.236 6.260 6.284 6.306 6.327 6.347 6.366 6.384 6.402 6.419 6.437 6.455 6.473 6.492 6.512 6.532 6.553 6.574 6.595 6.617 6.638 6.660 6.680 6.700 6.720 6.741
5.070 5.103 5.135 5.168 5.199 5.230 5.260 5.289 5.318 5.346 5.373 5.401 5.427 5.453 5.479 5.504 5.528 5.551 5.574 5.596 5.617 5.637 5.655 5.673 5.689 5.704 5.720 5.735 5.750 5.765 5.782 5.799 5.818 5.838 5.860 5.883 5.908 5.934 5.961 5.989 6.017 6.046 6.075 6.104 6.133 6.161 6.189 6.215 6.240 6.265 6.289 6.312 6.335 6.356 6.376 6.395 6.414 6.433 6.451 6.470 6.489 6.509 6.529 6.550 6.572 6.594 6.616 6.638 6.661 6.683 6.705 6.725 6.745 6.766
5.085 5.118 5.151 5.184 5.215 5.246 5.276 5.306 5.335 5.363 5.391 5.418 5.445 5.471 5.497 5.522 5.547 5.571 5.594 5.616 5.638 5.658 5.678 5.696 5.713 5.728 5.743 5.758 5.772 5.786 5.801 5.816 5.833 5.851 5.871 5.892 5.915 5.940 5.965 5.992 6.020 6.048 6.077 6.106 6.135 6.163 6.192 6.218 6.244 6.270 6.295 6.319 6.342 6.364 6.385 6.406 6.426 6.445 6.464 6.484 6.504 6.524 6.545 6.567 6.589 6.612 6.636 6.659 6.683 6.707 6.729 6.750 6.771 6.793
5.099 5.133 5.166 5.199 5.231 5.262 5.292 5.322 5.351 5.379 5.407 5.434 5.461 5.488 5.514 5.539 5.565 5.589 5.613 5.636 5.658 5.679 5.700 5.719 5.736 5.752 5.767 5.782 5.795 5.809 5.822 5.836 5.851 5.867 5.885 5.904 5.925 5.947 5.972 5.997 6.024 6.051 6.080 6.108 6.137 6.166 6.194 6.222 6.248 6.274 6.300 6.325 6.349 6.372 6.394 6.415 6.436 6.456 6.477 6.497 6.517 6.539 6.560 6.583 6.606 6.630 6.654 6.679 6.704 6.729 6.752 6.775 6.797 6.819
5.112 5.147 5.180 5.213 5.246 5.277 5.307 5.337 5.366 5.394 5.422 5.450 5.477 5.504 5.530 5.556 5.581 5.606 5.631 5.654 5.677 5.699 5.721 5.741 5.758 5.775 5.791 5.806 5.820 5.833 5.846 5.859 5.872 5.886 5.902 5.919 5.937 5.958 5.980 6.004 6.030 6.056 6.084 6.112 6.140 6.169 6.198 6.225 6.252 6.279 6.305 6.330 6.355 6.379 6.402 6.424 6.446 6.467 6.488 6.509 6.530 6.552 6.574 6.598 6.622 6.646 6.672 6.698 6.724 6.750 6.775 6.799 6.822 6.846
5.124 5.159 5.193 5.227 5.260 5.291 5.322 5.352 5.381 5.409 5.437 5.465 5.492 5.519 5.545 5.572 5.597 5.623 5.647 5.672 5.695 5.718 5.740 5.761 5.780 5.798 5.815 5.830 5.845 5.858 5.871 5.883 5.895 5.908 5.922 5.937 5.953 5.971 5.992 6.014 6.038 6.063 6.090 6.117 6.145 6.173 6.202 6.229 6.256 6.283 6.310 6.336 6.362 6.386 6.410 6.433 6.455 6.477 6.499 6.520 6.542 6.564 6.587 6.611 6.636 6.661 6.688 6.715 6.742 6.770 6.796 6.821 6.846 6.871
5.135 5.171 5.206 5.240 5.273 5.305 5.335 5.365 5.395 5.423 5.451 5.479 5.506 5.533 5.560 5.586 5.612 5.638 5.663 5.688 5.712 5.736 5.758 5.780 5.800 5.819 5.837 5.854 5.869 5.883 5.897 5.909 5.920 5.932 5.944 5.957 5.972 5.988 6.006 6.026 6.048 6.072 6.097 6.124 6.151 6.179 6.207 6.234 6.261 6.289 6.316 6.342 6.368 6.393 6.418 6.441 6.464 6.487 6.509 6.531 6.553 6.576 6.599 6.624 6.649 6.675 6.702 6.730 6.759 6.788 6.815 6.842 6.869 6.895
5.145 5.182 5.217 5.252 5.285 5.317 5.348 5.379 5.408 5.437 5.465 5.493 5.520 5.547 5.574 5.600 5.626 5.652 5.678 5.703 5.728 5.752 5.775 5.798 5.819 5.839 5.858 5.876 5.893 5.908 5.922 5.934 5.946 5.958 5.969 5.981 5.994 6.008 6.024 6.042 6.062 6.084 6.107 6.132 6.159 6.186 6.213 6.241 6.267 6.295 6.322 6.349 6.375 6.401 6.425 6.450 6.473 6.496 6.519 6.541 6.564 6.587 6.611 6.636 6.661 6.688 6.716 6.745 6.774 6.804 6.833 6.861 6.889 6.917
5.154 5.191 5.227 5.262 5.296 5.329 5.360 5.391 5.421 5.449 5.478 5.506 5.533 5.560 5.587 5.613 5.639 5.665 5.691 5.717 5.742 5.766 5.791 5.814 5.836 5.857 5.877 5.896 5.914 5.931 5.946 5.960 5.972 5.984 5.995 6.006 6.018 6.030 6.045 6.060 6.078 6.098 6.120 6.144 6.168 6.194 6.221 6.248 6.274 6.302 6.329 6.356 6.383 6.408 6.433 6.458 6.482 6.505 6.528 6.551 6.574 6.598 6.622 6.647 6.673 6.700 6.728 6.758 6.788 6.818 6.849 6.878 6.908 6.937
5.162 5.200 5.236 5.271 5.306 5.339 5.371 5.402 5.432 5.461 5.490 5.518 5.545 5.572 5.599 5.625 5.652 5.678 5.704 5.729 5.755 5.780 5.805 5.829 5.851 5.873 5.895 5.915 5.934 5.952 5.969 5.984 5.997 6.010 6.021 6.032 6.043 6.055 6.068 6.082 6.098 6.116 6.136 6.157 6.181 6.205 6.231 6.257 6.283 6.310 6.337 6.364 6.390 6.416 6.442 6.467 6.491 6.514 6.538 6.561 6.584 6.608 6.632 6.657 6.684 6.711 6.740 6.769 6.800 6.831 6.862 6.893 6.924 6.954
5.169 5.207 5.243 5.280 5.315 5.348 5.381 5.412 5.443 5.472 5.501 5.529 5.556 5.584 5.610 5.637 5.663 5.689 5.715 5.741 5.767 5.792 5.817 5.842 5.865 5.888 5.910 5.932 5.952 5.972 5.990 6.006 6.021 6.035 6.047 6.058 6.070 6.081 6.093 6.105 6.120 6.136 6.154 6.173 6.195 6.218 6.243 6.267 6.293 6.319 6.346 6.372 6.399 6.425 6.450 6.475 6.500 6.524 6.548 6.571 6.594 6.618 6.643 6.668 6.694 6.721 6.750 6.780 6.811 6.843 6.875 6.906 6.938 6.970
5.175 5.213 5.250 5.286 5.322 5.356 5.389 5.421 5.452 5.482 5.511 5.539 5.567 5.594 5.621 5.647 5.674 5.700 5.726 5.752 5.777 5.803 5.828 5.854 5.878 5.901 5.924 5.947 5.969 5.989 6.008 6.026 6.043 6.058 6.072 6.084 6.096 6.107 6.119 6.131 6.144 6.158 6.174 6.192 6.212 6.234 6.256 6.280 6.304 6.330 6.356 6.382 6.408 6.434 6.460 6.485 6.509 6.533 6.557 6.581 6.604 6.628 6.653 6.678 6.704 6.731 6.760 6.790 6.821 6.853 6.885 6.918 6.951 6.983
5.180 5.217 5.255 5.292 5.328 5.363 5.397 5.429 5.461 5.491 5.520 5.549 5.577 5.604 5.631 5.657 5.683 5.709 5.735 5.761 5.787 5.813 5.838 5.864 5.888 5.912 5.936 5.960 5.983 6.004 6.025 6.045 6.063 6.079 6.094 6.108 6.121 6.133 6.145 6.156 6.169 6.182 6.197 6.213 6.231 6.251 6.272 6.294 6.317 6.341 6.367 6.392 6.418 6.444 6.469 6.494 6.519 6.543 6.567 6.591 6.615 6.638 6.663 6.688 6.714 6.741 6.769 6.799 6.831 6.862 6.895 6.928 6.961 6.995
5.184 5.222 5.259 5.296 5.333 5.368 5.402 5.436 5.468 5.499 5.528 5.557 5.585 5.613 5.640 5.666 5.692 5.718 5.744 5.770 5.796 5.822 5.847 5.873 5.897 5.922 5.947 5.971 5.995 6.018 6.040 6.060 6.080 6.098 6.115 6.131 6.145 6.158 6.170 6.182 6.194 6.207 6.221 6.236 6.252 6.270 6.290 6.310 6.331 6.355 6.379 6.404 6.429 6.454 6.480 6.505 6.529 6.554 6.578 6.601 6.625 6.649 6.673 6.698 6.723 6.750 6.778 6.808 6.839 6.871 6.903 6.937 6.971 7.006
5.188 5.225 5.263 5.300 5.336 5.372 5.407 5.440 5.473 5.505 5.535 5.564 5.593 5.621 5.648 5.674 5.700 5.726 5.752 5.778 5.803 5.829 5.855 5.881 5.905 5.930 5.956 5.981 6.005 6.029 6.052 6.074 6.095 6.115 6.134 6.151 6.166 6.181 6.194 6.207 6.220 6.232 6.245 6.259 6.275 6.292 6.309 6.327 6.348 6.370 6.393 6.417 6.441 6.466 6.491 6.515 6.540 6.564 6.588 6.612 6.636 6.659 6.683 6.708 6.733 6.759 6.787 6.816 6.847 6.879 6.911 6.945 6.979 7.015
5.192 5.228 5.266 5.303 5.339 5.375 5.410 5.444 5.477 5.509 5.540 5.570 5.599 5.627 5.654 5.681 5.707 5.733 5.759 5.784 5.810 5.836 5.862 5.887 5.912 5.937 5.963 5.989 6.014 6.039 6.063 6.086 6.108 6.130 6.150 6.168 6.186 6.202 6.216 6.230 6.244 6.256 6.270 6.283 6.297 6.313 6.329 6.346 6.365 6.385 6.407 6.430 6.454 6.478 6.502 6.527 6.551 6.575 6.599 6.623 6.647 6.670 6.694 6.718 6.743 6.769 6.796 6.825 6.855 6.886 6.918 6.952 6.987 7.023
5.196 5.232 5.269 5.305 5.341 5.377 5.412 5.446 5.480 5.512 5.544 5.574 5.604 5.632 5.660 5.687 5.713 5.739 5.765 5.790 5.816 5.841 5.867 5.892 5.917 5.943 5.969 5.995 6.021 6.046 6.071 6.096 6.119 6.142 6.163 6.183 6.202 6.220 6.236 6.252 6.266 6.279 6.293 6.306 6.320 6.335 6.349 6.365 6.383 6.402 6.422 6.444 6.467 6.490 6.514 6.538 6.563 6.587 6.611 6.635 6.658 6.682 6.705 6.729 6.754 6.779 6.805 6.833 6.863 6.894 6.926 6.959 6.994 7.030
5.200 5.235 5.271 5.307 5.343 5.378 5.413 5.448 5.481 5.514 5.546 5.577 5.607 5.636 5.664 5.691 5.718 5.744 5.770 5.795 5.820 5.846 5.871 5.896 5.921 5.947 5.973 6.000 6.026 6.052 6.078 6.103 6.128 6.152 6.175 6.196 6.217 6.236 6.254 6.270 6.286 6.300 6.314 6.328 6.341 6.355 6.369 6.384 6.400 6.419 6.438 6.459 6.480 6.503 6.527 6.550 6.575 6.599 6.623 6.647 6.671 6.694 6.717 6.741 6.765 6.789 6.815 6.842 6.871 6.901 6.933 6.966 7.001 7.037
5.205 5.239 5.275 5.310 5.345 5.379 5.414 5.448 5.482 5.515 5.547 5.578 5.609 5.638 5.667 5.694 5.721 5.747 5.773 5.799 5.824 5.849 5.875 5.899 5.924 5.950 5.976 6.003 6.030 6.056 6.083 6.109 6.134 6.159 6.183 6.207 6.228 6.249 6.268 6.286 6.303 6.318 6.333 6.347 6.361 6.375 6.389 6.402 6.418 6.435 6.453 6.473 6.494 6.516 6.539 6.563 6.587 6.611 6.635 6.659 6.683 6.707 6.730 6.753 6.777 6.801 6.826 6.852 6.880 6.909 6.940 6.972 7.007 7.043
5.210 5.244 5.278 5.312 5.347 5.381 5.415 5.448 5.482 5.514 5.547 5.578 5.609 5.639 5.668 5.696 5.723 5.749 5.775 5.801 5.826 5.851 5.877 5.901 5.926 5.952 5.978 6.005 6.032 6.059 6.086 6.113 6.139 6.165 6.190 6.214 6.238 6.259 6.280 6.299 6.317 6.334 6.350 6.364 6.379 6.393 6.406 6.419 6.434 6.451 6.468 6.487 6.507 6.529 6.551 6.575 6.599 6.623 6.648 6.672 6.696 6.720 6.743 6.766 6.789 6.812 6.837 6.862 6.889 6.917 6.947 6.979 7.013 7.048
5.216 5.249 5.282 5.315 5.349 5.382 5.415 5.448 5.481 5.514 5.546 5.577 5.608 5.638 5.667 5.696 5.723 5.750 5.776 5.802 5.827 5.852 5.877 5.902 5.926 5.952 5.978 6.005 6.032 6.059 6.087 6.114 6.141 6.168 6.194 6.220 6.244 6.267 6.289 6.310 6.329 6.346 6.363 6.379 6.394 6.408 6.421 6.435 6.449 6.465 6.482 6.500 6.520 6.541 6.563 6.586 6.610 6.635 6.660 6.684 6.709 6.733 6.756 6.779 6.802 6.825 6.848 6.872 6.898 6.925 6.954 6.985 7.018 7.053
