TsunamiDB/out54049.asc
ncols          264
nrows          230
xllcorner      497853.4375
yllcorner      4229146.0000
cellsize         5.
NODATA_value   -99
[rows 66 to 98 of 230, columns 73 to 145 of 264]
-99.000 -99.000 -99.000 -99.000 -99.000 -99.000 -99.000 -99.000 -99.000 -99.000 -99.000 -99.000 -99.000 -99.000 -99.000 -99.000 -99.000 -99.000 -99.000 -99.000 -99.000 -99.000 -99.000 -99.000 -99.000 -99.000 -99.000 1.647 1.651 1.696 1.832 2.059 2.341 2.643 2.929 3.179 3.384 3.548 3.679 3.784 3.872 3.948 4.015 4.075 4.131 4.183 4.232 4.278 4.323 4.365 4.406 4.446 4.485 4.523 4.560 4.596 4.632 4.668 4.704 4.740 4.776 4.812 4.849 4.885 4.922 4.959 4.997 5.035 5.073 5.113 5.153 5.193 5.234
-99.000 -99.000 -99.000 -99.000 -99.000 -99.000 -99.000 -99.000 -99.000 -99.000 -99.000 -99.000 -99.000 -99.000 -99.000 -99.000 -99.000 -99.000 -99.000 -99.000 -99.000 -99.000 -99.000 -99.000 -99.000 -99.000 -99.000 1.648 1.663 1.748 1.930 2.188 2.484 2.782 3.053 3.282 3.468 3.615 3.734 3.831 3.913 3.984 4.049 4.107 4.161 4.212 4.259 4.305 4.348 4.389 4.429 4.468 4.505 4.542 4.578 4.612 4.647 4.682 4.717 4.751 4.786 4.820 4.855 4.890 4.925 4.961 4.997 5.034 5.071 5.109 5.147 5.186 5.226
-99.000 -99.000 -99.000 -99.000 -99.000 -99.000 -99.000 -99.000 -99.000 -99.000 -99.000 -99.000 -99.000 -99.000 -99.000 -99.000 -99.000 -99.000 -99.000 -99.000 -99.000 -99.000 -99.000 -99.000 -99.000 -99.000 1.647 1.651 1.691 1.823 2.045 2.326 2.627 2.915 3.168 3.377 3.544 3.677 3.785 3.875 3.952 4.020 4.082 4.139 4.191 4.240 4.287 4.331 4.373 4.414 4.452 4.490 4.526 4.562 4.596 4.629 4.663 4.696 4.730 4.763 4.796 4.829 4.862 4.896 4.929 4.964 4.998 5.033 5.069 5.105 5.142 5.180 5.219
-99.000 -99.000 -99.000 -99.000 -99.000 -99.000 -99.000 -99.000 -99.000 -99.000 -99.000 -99.000 -99.000 -99.000 -99.000 -99.000 -99.000 -99.000 -99.000 -99.000 -99.000 -99.000 -99.000 -99.000 -99.000 -99.000 1.647 1.662 1.742 1.920 2.175 2.470 2.769 3.042 3.274 3.463 3.613 3.733 3.832 3.916 3.990 4.055 4.115 4.170 4.221 4.270 4.315 4.358 4.399 4.439 4.476 4.513 4.548 4.582 4.615 4.647 4.680 4.712 4.744 4.775 4.807 4.839 4.870 4.903 4.935 4.968 5.001 5.034 5.069 5.103 5.139 5.175 5.212
-99.000 -99.000 -99.000 -99.000 -99.000 -99.000 -99.000 -99.000 -99.000 -99.000 -99.000 -99.000 -99.000 -99.000 -99.000 -99.000 -99.000 -99.000 -99.000 -99.000 -99.000 -99.000 -99.000 -99.000 -99.000 1.647 1.650 1.689 1.817 2.037 2.316 2.617 2.906 3.161 3.372 3.541 3.676 3.786 3.877 3.956 4.026 4.090 4.148 4.201 4.252 4.299 4.343 4.385 4.426 4.464 4.501 4.536 4.571 4.604 4.635 4.666 4.698 4.728 4.759 4.789 4.819 4.850 4.880 4.911 4.941 4.973 5.004 5.037 5.069 5.103 5.137 5.171 5.207
-99.000 -99.000 -99.000 -99.000 -99.000 -99.000 -99.000 -99.000 -99.000 -99.000 -99.000 -99.000 -99.000 -99.000 -99.000 -99.000 -99.000 -99.000 -99.000 -99.000 -99.000 -99.000 -99.000 -99.000 -99.000 1.647 1.661 1.739 1.915 2.169 2.464 2.762 3.037 3.270 3.460 3.612 3.734 3.834 3.920 3.995 4.062 4.123 4.180 4.232 4.282 4.328 4.372 4.413 4.452 4.490 4.526 4.560 4.594 4.626 4.656 4.686 4.716 4.746 4.775 4.804 4.833 4.862 4.891 4.920 4.950 4.979 5.010 5.040 5.071 5.103 5.136 5.169 5.202
-99.000 -99.000 -99.000 -99.000 -99.000 -99.000 -99.000 -99.000 -99.000 -99.000 -99.000 -99.000 -99.000 -99.000 -99.000 -99.000 -99.000 -99.000 -99.000 -99.000 -99.000 -99.000 -99.000 -99.000 1.647 1.650 1.688 1.815 2.034 2.313 2.614 2.903 3.158 3.370 3.540 3.676 3.787 3.880 3.960 4.032 4.096 4.156 4.211 4.263 4.312 4.357 4.400 4.441 4.480 4.517 4.552 4.585 4.618 4.649 4.679 4.707 4.736 4.765 4.793 4.820 4.848 4.876 4.903 4.931 4.959 4.988 5.016 5.046 5.075 5.106 5.136 5.168 5.200
-99.000 -99.000 -99.000 -99.000 -99.000 -99.000 -99.000 -99.000 -99.000 -99.000 -99.000 -99.000 -99.000 -99.000 -99.000 -99.000 -99.000 -99.000 -99.000 -99.000 -99.000 -99.000 -99.000 -99.000 1.647 1.661 1.739 1.915 2.169 2.464 2.763 3.036 3.270 3.460 3.612 3.735 3.836 3.923 3.999 4.067 4.130 4.188 4.242 4.293 4.341 4.386 4.429 4.469 4.507 4.543 4.578 4.611 4.643 4.673 4.702 4.729 4.757 4.785 4.811 4.838 4.865 4.891 4.917 4.944 4.971 4.998 5.025 5.053 5.081 5.110 5.139 5.169 5.199
-99.000 -99.000 -99.000 -99.000 -99.000 -99.000 -99.000 -99.000 -99.000 -99.000 -99.000 -99.000 -99.000 -99.000 -99.000 -99.000 -99.000 -99.000 -99.000 -99.000 -99.000 -99.000 -99.000 1.647 1.650 1.689 1.816 2.036 2.315 2.617 2.907 3.161 3.372 3.542 3.678 3.789 3.882 3.963 4.035 4.101 4.162 4.219 4.273 4.323 4.370 4.415 4.457 4.497 4.535 4.571 4.605 4.637 4.668 4.698 4.725 4.752 4.779 4.806 4.832 4.857 4.882 4.908 4.933 4.958 4.984 5.010 5.036 5.062 5.089 5.116 5.144 5.172 5.201
-99.000 -99.000 -99.000 -99.000 -99.000 -99.000 -99.000 -99.000 -99.000 -99.000 -99.000 -99.000 -99.000 -99.000 -99.000 -99.000 -99.000 -99.000 -99.000 -99.000 -99.000 -99.000 -99.000 1.647 1.661 1.741 1.919 2.174 2.469 2.768 3.042 3.275 3.464 3.615 3.738 3.839 3.925 4.001 4.070 4.134 4.194 4.250 4.302 4.352 4.399 4.443 4.485 4.525 4.562 4.598 4.631 4.663 4.694 4.723 4.750 4.776 4.802 4.828 4.853 4.877 4.902 4.926 4.950 4.975 4.999 5.024 5.049 5.074 5.099 5.125 5.151 5.177 5.204
-99.000 -99.000 -99.000 -99.000 -99.000 -99.000 -99.000 -99.000 -99.000 -99.000 -99.000 -99.000 -99.000 -99.000 -99.000 -99.000 -99.000 -99.000 -99.000 -99.000 -99.000 -99.000 1.647 1.650 1.691 1.821 2.043 2.323 2.625 2.914 3.168 3.378 3.547 3.682 3.792 3.885 3.965 4.038 4.104 4.166 4.224 4.279 4.331 4.380 4.427 4.471 4.513 4.552 4.590 4.625 4.658 4.690 4.720 4.749 4.775 4.801 4.827 4.851 4.875 4.899 4.923 4.946 4.969 4.993 5.016 5.040 5.063 5.087 5.111 5.135 5.160 5.185 5.210
-99.000 -99.000 -99.000 -99.000 -99.000 -99.000 -99.000 -99.000 -99.000 -99.000 -99.000 -99.000 -99.000 -99.000 -99.000 -99.000 -99.000 -99.000 -99.000 -99.000 -99.000 -99.000 1.648 1.662 1.745 1.926 2.183 2.479 2.778 3.051 3.283 3.471 3.621 3.742 3.842 3.928 4.004 4.072 4.136 4.196 4.253 4.307 4.359 4.407 4.454 4.498 4.540 4.579 4.617 4.652 4.685 4.717 4.747 4.775 4.801 4.826 4.851 4.876 4.899 4.922 4.945 4.968 4.990 5.013 5.035 5.058 5.080 5.103 5.125 5.148 5.171 5.195 5.218
-99.000 -99.000 -99.000 -99.000 -99.000 -99.000 -99.000 -99.000 -99.000 -99.000 -99.000 -99.000 -99.000 -99.000 -99.000 -99.000 -99.000 -99.000 -99.000 -99.000 -99.000 1.647 1.651 1.693 1.827 2.052 2.334 2.636 2.925 3.178 3.387 3.554 3.688 3.797 3.888 3.968 4.040 4.105 4.167 4.225 4.281 4.334 4.385 4.434 4.480 4.524 4.566 4.606 4.643 4.678 4.712 4.743 4.773 4.802 4.828 4.852 4.877 4.901 4.924 4.947 4.969 4.991 5.013 5.034 5.056 5.078 5.099 5.120 5.142 5.163 5.185 5.207 5.229
-99.000 -99.000 -99.000 -99.000 -99.000 -99.000 -99.000 -99.000 -99.000 -99.000 -99.000 -99.000 -99.000 -99.000 -99.000 -99.000 -99.000 -99.000 -99.000 -99.000 -99.000 1.648 1.664 1.750 1.934 2.193 2.491 2.790 3.062 3.293 3.480 3.629 3.748 3.847 3.931 4.006 4.074 4.137 4.197 4.253 4.308 4.360 4.410 4.459 4.505 4.549 4.591 4.631 4.669 4.704 4.738 4.769 4.799 4.828 4.854 4.879 4.903 4.927 4.950 4.972 4.994 5.015 5.037 5.058 5.078 5.099 5.120 5.140 5.160 5.181 5.201 5.222 5.242
-99.000 -99.000 -99.000 -99.000 -99.000 -99.000 -99.000 -99.000 -99.000 -99.000 -99.000 -99.000 -99.000 -99.000 -99.000 -99.000 -99.000 -99.000 -99.000 -99.000 1.647 1.651 1.696 1.834 2.061 2.345 2.648 2.936 3.189 3.397 3.564 3.695 3.803 3.893 3.972 4.042 4.107 4.167 4.225 4.280 4.334 4.385 4.435 4.483 4.529 4.573 4.615 4.655 4.693 4.729 4.763 4.795 4.825 4.854 4.880 4.905 4.930 4.953 4.976 4.998 5.020 5.041 5.062 5.082 5.102 5.122 5.142 5.161 5.181 5.200 5.219 5.239 5.258
-99.000 -99.000 -99.000 -99.000 -99.000 -99.000 -99.000 -99.000 -99.000 -99.000 -99.000 -99.000 -99.000 -99.000 -99.000 -99.000 -99.000 -99.000 -99.000 -99.000 1.648 1.665 1.755 1.942 2.203 2.502 2.801 3.073 3.303 3.489 3.638 3.756 3.853 3.936 4.010 4.076 4.138 4.197 4.253 4.306 4.358 4.409 4.458 4.505 4.551 4.595 4.638 4.678 4.716 4.753 4.787 4.820 4.851 4.880 4.906 4.932 4.956 4.980 5.003 5.025 5.047 5.068 5.088 5.108 5.128 5.147 5.166 5.184 5.203 5.221 5.239 5.258 5.276
-99.000 -99.000 -99.000 -99.000 -99.000 -99.000 -99.000 -99.000 -99.000 -99.000 -99.000 -99.000 -99.000 -99.000 -99.000 -99.000 -99.000 -99.000 -99.000 1.647 1.652 1.699 1.839 2.069 2.354 2.658 2.946 3.198 3.406 3.572 3.704 3.810 3.899 3.977 4.046 4.109 4.168 4.225 4.279 4.331 4.382 4.432 4.480 4.527 4.573 4.617 4.659 4.700 4.739 4.776 4.811 4.844 4.875 4.905 4.932 4.958 4.983 5.007 5.031 5.053 5.074 5.095 5.116 5.135 5.154 5.173 5.191 5.209 5.226 5.244 5.261 5.279 5.296
-99.000 -99.000 -99.000 -99.000 -99.000 -99.000 -99.000 -99.000 -99.000 -99.000 -99.000 -99.000 -99.000 -99.000 -99.000 -99.000 -99.000 -99.000 -99.000 1.648 1.666 1.757 1.947 2.210 2.509 2.809 3.081 3.311 3.497 3.645 3.764 3.860 3.942 4.015 4.080 4.141 4.198 4.252 4.305 4.356 4.406 4.454 4.501 4.548 4.593 4.637 4.679 4.720 4.759 4.797 4.833 4.866 4.899 4.929 4.957 4.984 5.010 5.034 5.058 5.081 5.103 5.123 5.143 5.163 5.181 5.199 5.217 5.234 5.251 5.268 5.285 5.301 5.318
-99.000 -99.000 -99.000 -99.000 -99.000 -99.000 -99.000 -99.000 -99.000 -99.000 -99.000 -99.000 -99.000 -99.000 -99.000 -99.000 -99.000 -99.000 1.647 1.652 1.700 1.841 2.072 2.359 2.663 2.952 3.205 3.413 3.579 3.711 3.818 3.906 3.982 4.051 4.113 4.171 4.226 4.279 4.330 4.380 4.428 4.476 4.522 4.568 4.612 4.656 4.698 4.739 4.779 4.817 4.853 4.888 4.921 4.952 4.981 5.009 5.035 5.061 5.085 5.109 5.131 5.152 5.172 5.191 5.209 5.227 5.244 5.261 5.277 5.294 5.310 5.326 5.341
-99.000 -99.000 -99.000 -99.000 -99.000 -99.000 -99.000 -99.000 -99.000 -99.000 -99.000 -99.000 -99.000 -99.000 -99.000 -99.000 -99.000 -99.000 1.648 1.666 1.758 1.948 2.211 2.512 2.813 3.085 3.316 3.503 3.651 3.770 3.867 3.949 4.020 4.085 4.145 4.201 4.254 4.305 4.355 4.403 4.450 4.496 4.542 4.587 4.631 4.674 4.716 4.757 4.797 4.835 4.873 4.908 4.942 4.974 5.003 5.033 5.061 5.087 5.112 5.136 5.159 5.180 5.200 5.219 5.238 5.255 5.272 5.288 5.304 5.320 5.336 5.351 5.366
-99.000 -99.000 -99.000 -99.000 -99.000 -99.000 -99.000 -99.000 -99.000 -99.000 -99.000 -99.000 -99.000 -99.000 -99.000 -99.000 -99.000 1.647 1.652 1.699 1.841 2.071 2.358 2.663 2.953 3.207 3.416 3.583 3.716 3.823 3.912 3.988 4.056 4.118 4.175 4.229 4.281 4.331 4.379 4.426 4.472 4.517 4.561 4.605 4.649 4.691 4.733 4.774 4.814 4.853 4.890 4.927 4.961 4.994 5.025 5.055 5.084 5.112 5.138 5.163 5.186 5.208 5.229 5.248 5.266 5.284 5.300 5.317 5.332 5.348 5.363 5.377 5.392
-99.000 -99.000 -99.000 -99.000 -99.000 -99.000 -99.000 -99.000 -99.000 -99.000 -99.000 -99.000 -99.000 -99.000 -99.000 -99.000 -99.000 1.648 1.666 1.756 1.944 2.207 2.508 2.810 3.084 3.316 3.504 3.654 3.774 3.872 3.954 4.025 4.090 4.149 4.205 4.257 4.307 4.355 4.402 4.448 4.493 4.537 4.580 4.623 4.666 4.708 4.749 4.790 4.830 4.869 4.907 4.944 4.979 5.013 5.045 5.077 5.107 5.136 5.163 5.189 5.213 5.235 5.256 5.276 5.295 5.313 5.329 5.345 5.361 5.376 5.390 5.404 5.419
-99.000 -99.000 -99.000 -99.000 -99.000 -99.000 -99.000 -99.000 -99.000 -99.000 -99.000 -99.000 -99.000 -99.000 -99.000 -99.000 1.647 1.651 1.697 1.836 2.065 2.351 2.657 2.948 3.203 3.414 3.583 3.717 3.826 3.916 3.992 4.060 4.122 4.179 4.233 4.284 4.333 4.380 4.426 4.470 4.514 4.557 4.599 4.641 4.683 4.724 4.764 4.805 4.844 4.883 4.922 4.959 4.996 5.030 5.063 5.096 5.128 5.158 5.186 5.213 5.238 5.262 5.284 5.304 5.323 5.341 5.358 5.374 5.390 5.404 5.418 5.432 5.446
-99.000 -99.000 -99.000 -99.000 -99.000 -99.000 -99.000 -99.000 -99.000 -99.000 -99.000 -99.000 -99.000 -99.000 -99.000 -99.000 1.648 1.664 1.751 1.936 2.197 2.498 2.800 3.076 3.311 3.501 3.653 3.774 3.873 3.957 4.029 4.093 4.153 4.209 4.261 4.310 4.358 4.404 4.449 4.492 4.535 4.576 4.618 4.659 4.699 4.739 4.779 4.819 4.858 4.897 4.936 4.973 5.011 5.046 5.080 5.114 5.147 5.178 5.208 5.236 5.262 5.287 5.310 5.331 5.351 5.370 5.387 5.403 5.419 5.433 5.447 5.461 5.474
-99.000 -99.000 -99.000 -99.000 -99.000 -99.000 -99.000 -99.000 -99.000 -99.000 -99.000 -99.000 -99.000 -99.000 -99.000 1.647 1.651 1.693 1.827 2.052 2.337 2.643 2.936 3.194 3.407 3.578 3.715 3.825 3.917 3.995 4.063 4.125 4.183 4.237 4.288 4.336 4.383 4.428 4.471 4.513 4.555 4.596 4.636 4.676 4.716 4.755 4.794 4.833 4.872 4.910 4.949 4.987 5.024 5.060 5.095 5.130 5.164 5.196 5.227 5.257 5.284 5.310 5.334 5.357 5.378 5.397 5.415 5.432 5.448 5.463 5.476 5.490 5.502
-99.000 -99.000 -99.000 -99.000 -99.000 -99.000 -99.000 -99.000 -99.000 -99.000 -99.000 -99.000 -99.000 -99.000 -99.000 1.647 1.662 1.743 1.923 2.181 2.480 2.784 3.062 3.300 3.493 3.647 3.771 3.871 3.956 4.030 4.096 4.155 4.211 4.264 4.314 4.361 4.407 4.451 4.493 4.535 4.575 4.615 4.654 4.693 4.732 4.770 4.809 4.847 4.885 4.923 4.961 4.999 5.036 5.073 5.108 5.144 5.179 5.212 5.245 5.275 5.304 5.331 5.357 5.381 5.403 5.424 5.443 5.461 5.477 5.492 5.506 5.519 5.532
-99.000 -99.000 -99.000 -99.000 -99.000 -99.000 -99.000 -99.000 -99.000 -99.000 -99.000 -99.000 -99.000 -99.000 1.647 1.650 1.688 1.815 2.035 2.317 2.623 2.918 3.178 3.395 3.569 3.708 3.821 3.914 3.993 4.064 4.126 4.184 4.239 4.290 4.339 4.385 4.430 4.473 4.515 4.556 4.595 4.634 4.673 4.711 4.748 4.786 4.823 4.860 4.898 4.935 4.973 5.010 5.048 5.084 5.120 5.156 5.192 5.226 5.260 5.291 5.322 5.350 5.378 5.403 5.427 5.449 5.469 5.488 5.505 5.521 5.535 5.549 5.561
-99.000 -99.000 -99.000 -99.000 -99.000 -99.000 -99.000 -99.000 -99.000 -99.000 -99.000 -99.000 -99.000 -99.000 1.647 1.659 1.733 1.906 2.159 2.457 2.761 3.042 3.283 3.480 3.637 3.763 3.866 3.953 4.028 4.095 4.155 4.212 4.265 4.315 4.363 4.409 4.453 4.495 4.536 4.576 4.615 4.653 4.691 4.728 4.764 4.801 4.837 4.874 4.910 4.947 4.984 5.021 5.058 5.095 5.131 5.167 5.203 5.238 5.272 5.305 5.337 5.367 5.396 5.423 5.448 5.472 5.493 5.513 5.532 5.549 5.564 5.578 5.591
-99.000 -99.000 -99.000 -99.000 -99.000 -99.000 -99.000 -99.000 -99.000 -99.000 -99.000 -99.000 -99.000 1.647 1.649 1.681 1.800 2.013 2.291 2.596 2.893 3.157 3.378 3.556 3.698 3.812 3.907 3.989 4.060 4.125 4.183 4.238 4.290 4.340 4.387 4.432 4.475 4.516 4.557 4.596 4.634 4.672 4.708 4.745 4.781 4.816 4.852 4.888 4.923 4.959 4.995 5.032 5.069 5.105 5.140 5.177 5.213 5.248 5.283 5.317 5.350 5.381 5.411 5.440 5.467 5.492 5.515 5.537 5.557 5.575 5.592 5.606 5.620
-99.000 -99.000 -99.000 -99.000 -99.000 -99.000 -99.000 -99.000 -99.000 -99.000 -99.000 -99.000 -99.000 1.647 1.656 1.722 1.885 2.132 2.427 2.732 3.017 3.262 3.463 3.624 3.752 3.857 3.946 4.022 4.091 4.153 4.210 4.263 4.315 4.363 4.409 4.454 4.496 4.537 4.577 4.615 4.653 4.690 4.726 4.762 4.797 4.832 4.867 4.901 4.936 4.971 5.007 5.043 5.079 5.114 5.149 5.186 5.221 5.257 5.292 5.326 5.360 5.392 5.424 5.454 5.482 5.509 5.535 5.558 5.580 5.599 5.617 5.634 5.648
-99.000 -99.000 -99.000 -99.000 -99.000 -99.000 -99.000 -99.000 -99.000 -99.000 -99.000 -99.000 -99.000 1.649 1.675 1.782 1.987 2.260 2.564 2.863 3.131 3.356 3.539 3.684 3.801 3.898 3.981 4.054 4.120 4.180 4.235 4.288 4.338 4.386 4.431 4.475 4.517 4.557 4.596 4.634 4.671 4.708 4.743 4.778 4.813 4.847 4.881 4.915 4.950 4.984 5.019 5.054 5.089 5.123 5.158 5.194 5.229 5.265 5.300 5.334 5.368 5.402 5.434 5.465 5.495 5.524 5.551 5.576 5.600 5.621 5.641 5.659 5.675
-99.000 -99.000 -99.000 -99.000 -99.000 -99.000 -99.000 -99.000 -99.000 -99.000 -99.000 -99.000 1.647 1.654 1.710 1.862 2.101 2.392 2.698 2.986 3.236 3.442 3.606 3.738 3.846 3.936 4.014 4.084 4.147 4.206 4.260 4.311 4.361 4.407 4.452 4.495 4.537 4.577 4.615 4.653 4.689 4.725 4.760 4.795 4.829 4.862 4.896 4.929 4.963 4.997 5.031 5.065 5.099 5.133 5.167 5.202 5.237 5.272 5.306 5.341 5.375 5.409 5.442 5.474 5.505 5.535 5.564 5.591 5.617 5.640 5.662 5.682 5.699
-99.000 -99.000 -99.000 -99.000 -99.000 -99.000 -99.000 -99.000 -99.000 -99.000 -99.000 -99.000 1.648 1.668 1.764 1.957 2.224 2.526 2.827 3.100 3.331 3.518 3.667 3.788 3.887 3.971 4.045 4.112 4.174 4.231 4.284 4.334 4.382 4.429 4.473 4.515 4.556 4.595 4.634 4.671 4.707 4.742 4.777 4.811 4.844 4.878 4.911 4.944 4.977 5.010 5.043 5.076 5.110 5.143 5.176 5.210 5.244 5.278 5.313 5.347 5.381 5.415 5.448 5.481 5.513 5.544 5.574 5.603 5.630 5.656 5.679 5.701 5.721
