TsunamiDB/out54036.asc
ncols          264
nrows          230
xllcorner      497853.4375
yllcorner      4229146.0000
cellsize         5.
NODATA_value   -99
[rows 128 to 159 of 230, columns 72 to 143 of 264]
-99.000 -99.000 -99.000 -99.000 -99.000 -99.000 -99.000 -99.000 -99.000 -99.000 -99.000 -99.000 -99.000 -99.000 -99.000 -99.000 -99.000 -99.000 -99.000 -99.000 -99.000 -99.000 -99.000 -99.000 -99.000 -99.000 -99.000 -99.000 1.648 1.663 1.750 1.936 2.200 2.507 2.822 3.115 3.369 3.579 3.749 3.884 3.995 4.087 4.167 4.237 4.301 4.361 4.417 4.470 4.522 4.572 4.620 4.666 4.709 4.751 4.794 4.836 4.877 4.917 4.958 4.998 5.038 5.078 5.119 5.159 5.199 5.239 5.279 5.318 5.358 5.398 5.437 5.477
-99.000 -99.000 -99.000 -99.000 -99.000 -99.000 -99.000 -99.000 -99.000 -99.000 -99.000 -99.000 -99.000 -99.000 -99.000 -99.000 -99.000 -99.000 -99.000 -99.000 -99.000 -99.000 -99.000 -99.000 -99.000 -99.000 -99.000 1.647 1.650 1.687 1.813 2.035 2.320 2.635 2.944 3.223 3.459 3.653 3.808 3.933 4.036 4.123 4.199 4.267 4.329 4.387 4.442 4.495 4.546 4.595 4.641 4.686 4.728 4.769 4.811 4.851 4.891 4.930 4.970 5.009 5.048 5.087 5.126 5.165 5.204 5.244 5.283 5.322 5.361 5.400 5.440 5.479
-99.000 -99.000 -99.000 -99.000 -99.000 -99.000 -99.000 -99.000 -99.000 -99.000 -99.000 -99.000 -99.000 -99.000 -99.000 -99.000 -99.000 -99.000 -99.000 -99.000 -99.000 -99.000 -99.000 -99.000 -99.000 -99.000 -99.000 1.647 1.658 1.726 1.893 2.144 2.446 2.762 3.061 3.324 3.543 3.721 3.863 3.979 4.075 4.157 4.230 4.296 4.357 4.414 4.468 4.521 4.570 4.618 4.664 4.707 4.748 4.788 4.828 4.867 4.906 4.944 4.982 5.020 5.058 5.095 5.133 5.172 5.210 5.248 5.287 5.325 5.364 5.403 5.442 5.480
-99.000 -99.000 -99.000 -99.000 -99.000 -99.000 -99.000 -99.000 -99.000 -99.000 -99.000 -99.000 -99.000 -99.000 -99.000 -99.000 -99.000 -99.000 -99.000 -99.000 -99.000 -99.000 -99.000 -99.000 -99.000 -99.000 1.647 1.649 1.675 1.782 1.987 2.264 2.575 2.888 3.174 3.419 3.621 3.783 3.914 4.021 4.111 4.190 4.260 4.324 4.384 4.441 4.495 4.546 4.596 4.642 4.687 4.730 4.769 4.808 4.847 4.885 4.922 4.959 4.995 5.031 5.068 5.105 5.141 5.178 5.216 5.253 5.291 5.329 5.367 5.405 5.443 5.482
-99.000 -99.000 -99.000 -99.000 -99.000 -99.000 -99.000 -99.000 -99.000 -99.000 -99.000 -99.000 -99.000 -99.000 -99.000 -99.000 -99.000 -99.000 -99.000 -99.000 -99.000 -99.000 -99.000 -99.000 -99.000 -99.000 1.647 1.653 1.707 1.856 2.094 2.390 2.705 3.010 3.280 3.507 3.692 3.841 3.961 4.061 4.146 4.221 4.289 4.352 4.411 4.467 4.521 4.572 4.621 4.667 4.711 4.753 4.792 4.830 4.867 4.904 4.939 4.975 5.009 5.044 5.079 5.114 5.150 5.186 5.222 5.258 5.295 5.332 5.369 5.407 5.445 5.482
-99.000 -99.000 -99.000 -99.000 -99.000 -99.000 -99.000 -99.000 -99.000 -99.000 -99.000 -99.000 -99.000 -99.000 -99.000 -99.000 -99.000 -99.000 -99.000 -99.000 -99.000 -99.000 -99.000 -99.000 -99.000 -99.000 1.648 1.666 1.757 1.945 2.212 2.520 2.834 3.127 3.380 3.589 3.758 3.893 4.004 4.098 4.178 4.251 4.317 4.379 4.438 4.494 4.547 4.598 4.646 4.692 4.735 4.777 4.815 4.852 4.889 4.924 4.958 4.992 5.025 5.059 5.092 5.125 5.159 5.194 5.228 5.264 5.299 5.336 5.372 5.409 5.446 5.483
-99.000 -99.000 -99.000 -99.000 -99.000 -99.000 -99.000 -99.000 -99.000 -99.000 -99.000 -99.000 -99.000 -99.000 -99.000 -99.000 -99.000 -99.000 -99.000 -99.000 -99.000 -99.000 -99.000 -99.000 -99.000 1.647 1.651 1.692 1.824 2.049 2.337 2.652 2.960 3.237 3.472 3.663 3.817 3.942 4.045 4.132 4.209 4.279 4.344 4.406 4.464 4.520 4.573 4.624 4.672 4.717 4.760 4.801 4.839 4.876 4.911 4.946 4.979 5.011 5.043 5.074 5.106 5.138 5.170 5.202 5.236 5.270 5.304 5.339 5.375 5.411 5.447 5.484
-99.000 -99.000 -99.000 -99.000 -99.000 -99.000 -99.000 -99.000 -99.000 -99.000 -99.000 -99.000 -99.000 -99.000 -99.000 -99.000 -99.000 -99.000 -99.000 -99.000 -99.000 -99.000 -99.000 -99.000 -99.000 1.647 1.660 1.735 1.909 2.164 2.468 2.784 3.081 3.341 3.557 3.731 3.872 3.986 4.082 4.165 4.239 4.307 4.371 4.432 4.490 4.545 4.599 4.649 4.697 4.742 4.785 4.826 4.864 4.900 4.935 4.969 5.001 5.032 5.062 5.092 5.122 5.152 5.182 5.213 5.244 5.276 5.310 5.343 5.378 5.413 5.448 5.484
-99.000 -99.000 -99.000 -99.000 -99.000 -99.000 -99.000 -99.000 -99.000 -99.000 -99.000 -99.000 -99.000 -99.000 -99.000 -99.000 -99.000 -99.000 -99.000 -99.000 -99.000 -99.000 -99.000 -99.000 1.647 1.649 1.680 1.796 2.009 2.289 2.601 2.912 3.195 3.437 3.634 3.793 3.922 4.027 4.117 4.196 4.267 4.334 4.397 4.457 4.515 4.570 4.623 4.673 4.721 4.766 4.809 4.851 4.889 4.925 4.960 4.993 5.025 5.055 5.084 5.112 5.140 5.168 5.196 5.225 5.254 5.285 5.316 5.348 5.381 5.415 5.450 5.485
-99.000 -99.000 -99.000 -99.000 -99.000 -99.000 -99.000 -99.000 -99.000 -99.000 -99.000 -99.000 -99.000 -99.000 -99.000 -99.000 -99.000 -99.000 -99.000 -99.000 -99.000 -99.000 -99.000 -99.000 1.647 1.655 1.717 1.876 2.121 2.419 2.735 3.036 3.302 3.525 3.705 3.849 3.967 4.065 4.149 4.225 4.294 4.360 4.422 4.482 4.539 4.594 4.646 4.696 4.744 4.790 4.833 4.875 4.913 4.950 4.985 5.018 5.049 5.079 5.107 5.134 5.161 5.187 5.213 5.240 5.267 5.295 5.324 5.354 5.386 5.418 5.452 5.486
-99.000 -99.000 -99.000 -99.000 -99.000 -99.000 -99.000 -99.000 -99.000 -99.000 -99.000 -99.000 -99.000 -99.000 -99.000 -99.000 -99.000 -99.000 -99.000 -99.000 -99.000 -99.000 -99.000 -99.000 1.648 1.671 1.772 1.971 2.244 2.553 2.866 3.154 3.401 3.605 3.768 3.900 4.008 4.100 4.180 4.253 4.321 4.385 4.446 4.505 4.562 4.616 4.668 4.718 4.766 4.813 4.857 4.898 4.937 4.974 5.010 5.043 5.075 5.104 5.132 5.158 5.184 5.208 5.232 5.257 5.282 5.307 5.334 5.362 5.392 5.423 5.455 5.488
-99.000 -99.000 -99.000 -99.000 -99.000 -99.000 -99.000 -99.000 -99.000 -99.000 -99.000 -99.000 -99.000 -99.000 -99.000 -99.000 -99.000 -99.000 -99.000 -99.000 -99.000 -99.000 -99.000 1.647 1.652 1.702 1.846 2.080 2.372 2.687 2.992 3.264 3.492 3.677 3.826 3.946 4.047 4.133 4.210 4.280 4.347 4.410 4.470 4.528 4.584 4.638 4.689 4.739 4.788 4.834 4.879 4.920 4.960 4.998 5.034 5.068 5.100 5.130 5.158 5.184 5.209 5.232 5.255 5.277 5.299 5.323 5.347 5.372 5.399 5.428 5.458 5.490
-99.000 -99.000 -99.000 -99.000 -99.000 -99.000 -99.000 -99.000 -99.000 -99.000 -99.000 -99.000 -99.000 -99.000 -99.000 -99.000 -99.000 -99.000 -99.000 -99.000 -99.000 -99.000 -99.000 1.648 1.664 1.751 1.936 2.200 2.506 2.820 3.112 3.366 3.575 3.743 3.879 3.989 4.083 4.164 4.239 4.307 4.372 4.434 4.493 4.550 4.605 4.658 4.709 4.759 4.808 4.854 4.899 4.941 4.982 5.021 5.058 5.093 5.125 5.156 5.184 5.210 5.235 5.258 5.279 5.300 5.320 5.341 5.363 5.385 5.410 5.436 5.464 5.494
-99.000 -99.000 -99.000 -99.000 -99.000 -99.000 -99.000 -99.000 -99.000 -99.000 -99.000 -99.000 -99.000 -99.000 -99.000 -99.000 -99.000 -99.000 -99.000 -99.000 -99.000 -99.000 1.647 1.650 1.689 1.818 2.041 2.328 2.641 2.948 3.225 3.460 3.650 3.803 3.927 4.029 4.117 4.195 4.267 4.334 4.397 4.457 4.515 4.570 4.625 4.677 4.728 4.778 4.826 4.873 4.918 4.961 5.002 5.042 5.080 5.116 5.149 5.181 5.210 5.237 5.262 5.285 5.306 5.325 5.344 5.363 5.382 5.402 5.423 5.446 5.472 5.499
-99.000 -99.000 -99.000 -99.000 -99.000 -99.000 -99.000 -99.000 -99.000 -99.000 -99.000 -99.000 -99.000 -99.000 -99.000 -99.000 -99.000 -99.000 -99.000 -99.000 -99.000 -99.000 1.647 1.659 1.732 1.903 2.157 2.460 2.774 3.071 3.331 3.546 3.719 3.859 3.972 4.068 4.151 4.226 4.295 4.359 4.420 4.479 4.535 4.590 4.644 4.696 4.746 4.796 4.844 4.891 4.936 4.979 5.021 5.061 5.100 5.137 5.172 5.205 5.235 5.263 5.289 5.312 5.333 5.353 5.371 5.388 5.404 5.422 5.440 5.460 5.483 5.507
-99.000 -99.000 -99.000 -99.000 -99.000 -99.000 -99.000 -99.000 -99.000 -99.000 -99.000 -99.000 -99.000 -99.000 -99.000 -99.000 -99.000 -99.000 -99.000 -99.000 -99.000 1.647 1.649 1.679 1.793 2.003 2.283 2.595 2.905 3.187 3.428 3.625 3.783 3.910 4.016 4.105 4.184 4.256 4.322 4.384 4.443 4.500 4.556 4.610 4.662 4.714 4.764 4.813 4.861 4.907 4.953 4.996 5.038 5.079 5.119 5.157 5.193 5.227 5.258 5.288 5.315 5.339 5.361 5.381 5.399 5.415 5.430 5.446 5.461 5.478 5.497 5.518
-99.000 -99.000 -99.000 -99.000 -99.000 -99.000 -99.000 -99.000 -99.000 -99.000 -99.000 -99.000 -99.000 -99.000 -99.000 -99.000 -99.000 -99.000 -99.000 -99.000 -99.000 1.647 1.655 1.715 1.872 2.116 2.414 2.730 3.030 3.296 3.518 3.698 3.842 3.959 4.057 4.142 4.217 4.286 4.349 4.409 4.466 4.522 4.576 4.629 4.680 4.731 4.780 4.829 4.876 4.923 4.968 5.011 5.053 5.095 5.136 5.174 5.212 5.247 5.280 5.311 5.339 5.366 5.389 5.410 5.428 5.444 5.459 5.473 5.486 5.500 5.515 5.533
-99.000 -99.000 -99.000 -99.000 -99.000 -99.000 -99.000 -99.000 -99.000 -99.000 -99.000 -99.000 -99.000 -99.000 -99.000 -99.000 -99.000 -99.000 -99.000 -99.000 -99.000 1.648 1.670 1.770 1.967 2.239 2.549 2.862 3.150 3.397 3.601 3.765 3.898 4.006 4.098 4.178 4.249 4.315 4.375 4.433 4.489 4.543 4.596 4.647 4.698 4.747 4.796 4.844 4.891 4.937 4.982 5.025 5.068 5.110 5.151 5.190 5.228 5.265 5.299 5.332 5.362 5.390 5.415 5.438 5.457 5.475 5.489 5.502 5.514 5.526 5.538 5.552
-99.000 -99.000 -99.000 -99.000 -99.000 -99.000 -99.000 -99.000 -99.000 -99.000 -99.000 -99.000 -99.000 -99.000 -99.000 -99.000 -99.000 -99.000 -99.000 -99.000 1.647 1.652 1.700 1.843 2.076 2.369 2.685 2.990 3.262 3.492 3.679 3.829 3.951 4.052 4.138 4.213 4.281 4.343 4.402 4.458 4.512 4.564 4.615 4.666 4.715 4.764 4.811 4.859 4.905 4.951 4.995 5.038 5.081 5.123 5.164 5.204 5.243 5.281 5.316 5.350 5.382 5.412 5.439 5.464 5.485 5.504 5.520 5.534 5.545 5.555 5.565 5.576
-99.000 -99.000 -99.000 -99.000 -99.000 -99.000 -99.000 -99.000 -99.000 -99.000 -99.000 -99.000 -99.000 -99.000 -99.000 -99.000 -99.000 -99.000 -99.000 -99.000 1.648 1.663 1.749 1.933 2.196 2.503 2.818 3.113 3.368 3.579 3.751 3.889 4.001 4.096 4.177 4.248 4.312 4.372 4.428 4.483 4.535 4.586 4.636 4.684 4.733 4.780 4.827 4.873 4.918 4.963 5.008 5.050 5.093 5.135 5.176 5.217 5.256 5.294 5.331 5.367 5.400 5.432 5.461 5.488 5.512 5.533 5.550 5.565 5.577 5.587 5.595 5.603
-99.000 -99.000 -99.000 -99.000 -99.000 -99.000 -99.000 -99.000 -99.000 -99.000 -99.000 -99.000 -99.000 -99.000 -99.000 -99.000 -99.000 -99.000 -99.000 1.647 1.650 1.688 1.816 2.037 2.324 2.639 2.949 3.229 3.466 3.661 3.818 3.945 4.050 4.138 4.214 4.282 4.343 4.401 4.456 4.508 4.559 4.608 4.656 4.704 4.750 4.796 4.842 4.887 4.932 4.976 5.019 5.062 5.104 5.146 5.187 5.228 5.268 5.307 5.344 5.381 5.416 5.449 5.480 5.509 5.535 5.559 5.579 5.596 5.610 5.620 5.628 5.634
-99.000 -99.000 -99.000 -99.000 -99.000 -99.000 -99.000 -99.000 -99.000 -99.000 -99.000 -99.000 -99.000 -99.000 -99.000 -99.000 -99.000 -99.000 -99.000 1.647 1.658 1.730 1.900 2.154 2.457 2.774 3.074 3.338 3.558 3.737 3.881 3.999 4.096 4.179 4.251 4.315 4.375 4.430 4.483 4.534 4.583 4.631 4.678 4.723 4.769 4.813 4.857 4.901 4.945 4.988 5.031 5.072 5.114 5.155 5.197 5.237 5.277 5.317 5.355 5.393 5.429 5.463 5.496 5.527 5.556 5.582 5.605 5.625 5.641 5.653 5.662 5.668
-99.000 -99.000 -99.000 -99.000 -99.000 -99.000 -99.000 -99.000 -99.000 -99.000 -99.000 -99.000 -99.000 -99.000 -99.000 -99.000 -99.000 -99.000 1.647 1.649 1.677 1.790 1.999 2.279 2.593 2.906 3.194 3.441 3.644 3.808 3.941 4.050 4.141 4.218 4.287 4.349 4.406 4.460 4.511 4.561 4.608 4.655 4.700 4.744 4.788 4.831 4.874 4.916 4.958 5.000 5.042 5.082 5.123 5.164 5.205 5.246 5.286 5.325 5.364 5.403 5.440 5.476 5.510 5.543 5.574 5.602 5.628 5.651 5.669 5.684 5.695 5.702
-99.000 -99.000 -99.000 -99.000 -99.000 -99.000 -99.000 -99.000 -99.000 -99.000 -99.000 -99.000 -99.000 -99.000 -99.000 -99.000 -99.000 -99.000 1.647 1.654 1.713 1.868 2.111 2.410 2.728 3.034 3.306 3.536 3.723 3.875 3.998 4.098 4.183 4.256 4.322 4.382 4.438 4.490 4.540 4.588 4.634 4.679 4.723 4.766 4.808 4.850 4.891 4.932 4.972 5.013 5.053 5.093 5.132 5.173 5.213 5.253 5.293 5.333 5.372 5.411 5.449 5.486 5.522 5.556 5.589 5.620 5.648 5.673 5.695 5.713 5.726 5.735
-99.000 -99.000 -99.000 -99.000 -99.000 -99.000 -99.000 -99.000 -99.000 -99.000 -99.000 -99.000 -99.000 -99.000 -99.000 -99.000 -99.000 -99.000 1.648 1.669 1.766 1.961 2.233 2.544 2.861 3.156 3.412 3.625 3.797 3.937 4.050 4.144 4.224 4.294 4.357 4.415 4.469 4.520 4.569 4.616 4.661 4.705 4.747 4.789 4.830 4.870 4.909 4.949 4.988 5.026 5.065 5.103 5.142 5.181 5.220 5.260 5.299 5.339 5.378 5.417 5.456 5.493 5.531 5.566 5.601 5.634 5.664 5.692 5.717 5.738 5.754 5.766
-99.000 -99.000 -99.000 -99.000 -99.000 -99.000 -99.000 -99.000 -99.000 -99.000 -99.000 -99.000 -99.000 -99.000 -99.000 -99.000 -99.000 1.647 1.652 1.697 1.837 2.068 2.361 2.679 2.991 3.272 3.511 3.708 3.866 3.995 4.100 4.187 4.263 4.330 4.391 4.447 4.500 4.550 4.598 4.644 4.688 4.731 4.773 4.813 4.853 4.891 4.929 4.967 5.004 5.041 5.079 5.115 5.152 5.190 5.228 5.266 5.305 5.344 5.383 5.422 5.461 5.499 5.537 5.574 5.610 5.645 5.677 5.708 5.735 5.759 5.778 5.793
-99.000 -99.000 -99.000 -99.000 -99.000 -99.000 -99.000 -99.000 -99.000 -99.000 -99.000 -99.000 -99.000 -99.000 -99.000 -99.000 -99.000 1.647 1.662 1.743 1.924 2.185 2.494 2.813 3.115 3.380 3.603 3.784 3.930 4.048 4.146 4.229 4.301 4.366 4.425 4.480 4.531 4.580 4.627 4.672 4.716 4.758 4.799 4.838 4.877 4.914 4.951 4.987 5.023 5.058 5.094 5.128 5.163 5.199 5.236 5.273 5.310 5.348 5.387 5.426 5.465 5.504 5.542 5.580 5.617 5.653 5.687 5.719 5.749 5.776 5.798 5.817
-99.000 -99.000 -99.000 -99.000 -99.000 -99.000 -99.000 -99.000 -99.000 -99.000 -99.000 -99.000 -99.000 -99.000 -99.000 -99.000 1.647 1.650 1.684 1.806 2.024 2.310 2.628 2.944 3.233 3.482 3.688 3.855 3.988 4.098 4.190 4.268 4.338 4.400 4.458 4.511 4.562 4.610 4.657 4.701 4.744 4.785 4.825 4.864 4.902 4.938 4.974 5.009 5.043 5.077 5.111 5.143 5.177 5.211 5.245 5.281 5.317 5.353 5.391 5.429 5.468 5.506 5.545 5.584 5.621 5.658 5.694 5.728 5.760 5.789 5.814 5.836
-99.000 -99.000 -99.000 -99.000 -99.000 -99.000 -99.000 -99.000 -99.000 -99.000 -99.000 -99.000 -99.000 -99.000 -99.000 -99.000 1.647 1.656 1.722 1.886 2.136 2.440 2.761 3.069 3.344 3.576 3.766 3.918 4.042 4.145 4.231 4.306 4.373 4.434 4.490 4.543 4.593 4.640 4.686 4.729 4.772 4.813 4.852 4.890 4.928 4.964 4.999 5.033 5.066 5.098 5.130 5.161 5.192 5.224 5.257 5.290 5.324 5.359 5.395 5.432 5.470 5.508 5.547 5.586 5.624 5.662 5.698 5.734 5.767 5.798 5.826 5.851
-99.000 -99.000 -99.000 -99.000 -99.000 -99.000 -99.000 -99.000 -99.000 -99.000 -99.000 -99.000 -99.000 -99.000 -99.000 -99.000 1.648 1.673 1.777 1.979 2.256 2.572 2.892 3.189 3.447 3.662 3.837 3.977 4.092 4.189 4.271 4.343 4.408 4.467 4.522 4.574 4.623 4.669 4.714 4.758 4.800 4.840 4.879 4.917 4.954 4.989 5.024 5.057 5.090 5.121 5.151 5.180 5.211 5.241 5.271 5.302 5.334 5.367 5.401 5.436 5.472 5.510 5.548 5.586 5.625 5.663 5.701 5.737 5.772 5.804 5.835 5.862
-99.000 -99.000 -99.000 -99.000 -99.000 -99.000 -99.000 -99.000 -99.000 -99.000 -99.000 -99.000 -99.000 -99.000 -99.000 1.647 1.652 1.702 1.848 2.085 2.382 2.704 3.018 3.301 3.542 3.741 3.902 4.032 4.139 4.230 4.308 4.378 4.441 4.499 4.553 4.604 4.652 4.698 4.743 4.786 4.827 4.867 4.906 4.944 4.980 5.016 5.050 5.083 5.115 5.146 5.175 5.203 5.232 5.260 5.288 5.317 5.346 5.376 5.408 5.441 5.476 5.512 5.549 5.586 5.625 5.663 5.701 5.738 5.774 5.808 5.840 5.869
-99.000 -99.000 -99.000 -99.000 -99.000 -99.000 -99.000 -99.000 -99.000 -99.000 -99.000 -99.000 -99.000 -99.000 -99.000 1.648 1.663 1.749 1.934 2.199 2.511 2.833 3.138 3.405 3.630 3.813 3.961 4.082 4.182 4.269 4.344 4.412 4.474 4.531 4.584 4.634 4.681 4.727 4.771 4.813 4.854 4.894 4.933 4.970 5.007 5.042 5.076 5.109 5.141 5.171 5.200 5.227 5.255 5.282 5.308 5.335 5.362 5.389 5.418 5.449 5.481 5.515 5.550 5.587 5.624 5.662 5.700 5.738 5.774 5.809 5.843 5.874
