TsunamiDB/out54193.asc
ncols          264
nrows          230
xllcorner      497853.4375
yllcorner      4229146.0000
cellsize         5.
NODATA_value   -99
[rows 34 to 67 of 230, columns 154 to 230 of 264]
6.727 6.731 6.735 6.739 6.743 6.748 6.752 6.756 6.760 6.764 6.769 6.772 6.776 6.780 6.783 6.787 6.790 6.792 6.795 6.797 6.800 6.802 6.804 6.806 6.808 6.809 6.811 6.812 6.813 6.815 6.816 6.818 6.820 6.822 6.824 6.826 6.828 6.831 6.833 6.836 6.839 6.842 6.845 6.849 6.853 6.856 6.859 6.862 6.866 6.869 6.872 6.874 6.877 6.879 6.881 6.882 6.883 6.884 6.885 6.885 6.885 6.884 6.883 6.882 6.880 6.878 6.876 6.874 6.871 6.867 6.864 6.860 6.855 6.850 6.845 6.840 6.834
6.738 6.742 6.746 6.750 6.755 6.759 6.763 6.768 6.772 6.777 6.781 6.785 6.789 6.793 6.797 6.800 6.804 6.807 6.810 6.813 6.815 6.818 6.820 6.822 6.824 6.825 6.827 6.829 6.830 6.832 6.833 6.835 6.837 6.838 6.840 6.843 6.845 6.847 6.850 6.852 6.855 6.858 6.861 6.865 6.868 6.871 6.875 6.878 6.881 6.883 6.886 6.889 6.891 6.893 6.895 6.896 6.897 6.898 6.898 6.898 6.898 6.897 6.896 6.894 6.893 6.890 6.888 6.886 6.883 6.879 6.875 6.871 6.866 6.860 6.855 6.849 6.844
6.748 6.752 6.756 6.761 6.765 6.769 6.774 6.779 6.783 6.788 6.792 6.797 6.801 6.805 6.809 6.813 6.817 6.820 6.824 6.827 6.830 6.833 6.835 6.837 6.839 6.841 6.843 6.845 6.847 6.848 6.850 6.852 6.854 6.855 6.858 6.860 6.862 6.864 6.867 6.869 6.872 6.875 6.878 6.882 6.885 6.888 6.891 6.894 6.897 6.900 6.903 6.905 6.907 6.909 6.911 6.912 6.913 6.914 6.914 6.914 6.913 6.912 6.911 6.909 6.907 6.905 6.903 6.900 6.896 6.893 6.889 6.884 6.878 6.873 6.867 6.861 6.855
6.757 6.761 6.765 6.770 6.774 6.779 6.784 6.788 6.793 6.798 6.803 6.807 6.812 6.816 6.821 6.825 6.829 6.833 6.836 6.840 6.843 6.846 6.849 6.852 6.854 6.856 6.858 6.860 6.862 6.864 6.866 6.868 6.870 6.872 6.874 6.876 6.879 6.881 6.884 6.887 6.890 6.893 6.896 6.899 6.903 6.906 6.909 6.912 6.915 6.918 6.920 6.923 6.925 6.927 6.928 6.930 6.930 6.931 6.931 6.931 6.930 6.929 6.928 6.926 6.924 6.922 6.919 6.916 6.912 6.908 6.904 6.899 6.893 6.887 6.881 6.874 6.868
6.765 6.770 6.774 6.778 6.783 6.787 6.792 6.797 6.802 6.807 6.812 6.816 6.821 6.826 6.831 6.835 6.839 6.843 6.847 6.851 6.855 6.859 6.862 6.864 6.867 6.870 6.872 6.874 6.877 6.879 6.881 6.883 6.885 6.888 6.890 6.892 6.895 6.898 6.900 6.903 6.906 6.909 6.913 6.916 6.920 6.923 6.926 6.930 6.933 6.935 6.938 6.941 6.943 6.945 6.947 6.948 6.949 6.950 6.950 6.950 6.949 6.948 6.946 6.945 6.942 6.940 6.937 6.934 6.930 6.926 6.921 6.916 6.910 6.903 6.897 6.890 6.883
6.773 6.777 6.782 6.786 6.791 6.795 6.800 6.805 6.810 6.815 6.820 6.825 6.830 6.835 6.839 6.844 6.849 6.853 6.857 6.861 6.865 6.869 6.873 6.876 6.879 6.882 6.884 6.887 6.890 6.892 6.894 6.897 6.899 6.902 6.904 6.907 6.910 6.913 6.916 6.919 6.922 6.925 6.929 6.933 6.936 6.940 6.943 6.947 6.950 6.953 6.956 6.959 6.961 6.963 6.965 6.967 6.968 6.969 6.969 6.969 6.968 6.967 6.966 6.964 6.962 6.960 6.957 6.953 6.950 6.945 6.940 6.934 6.928 6.921 6.914 6.906 6.899
6.781 6.785 6.789 6.793 6.798 6.802 6.807 6.812 6.817 6.822 6.827 6.832 6.837 6.842 6.847 6.852 6.857 6.861 6.866 6.870 6.874 6.879 6.882 6.886 6.889 6.892 6.895 6.898 6.901 6.904 6.906 6.909 6.912 6.914 6.917 6.920 6.923 6.926 6.929 6.933 6.936 6.940 6.943 6.947 6.951 6.955 6.959 6.962 6.966 6.969 6.973 6.976 6.978 6.981 6.983 6.985 6.986 6.987 6.988 6.988 6.988 6.987 6.985 6.984 6.982 6.979 6.977 6.973 6.969 6.965 6.960 6.953 6.946 6.939 6.932 6.924 6.916
6.787 6.792 6.796 6.800 6.805 6.809 6.814 6.819 6.823 6.828 6.833 6.838 6.844 6.849 6.854 6.859 6.863 6.868 6.873 6.877 6.882 6.887 6.891 6.894 6.898 6.901 6.904 6.908 6.911 6.914 6.917 6.919 6.922 6.925 6.928 6.931 6.934 6.938 6.941 6.945 6.948 6.952 6.956 6.960 6.965 6.968 6.972 6.976 6.980 6.984 6.988 6.991 6.994 6.997 6.999 7.001 7.003 7.005 7.005 7.006 7.006 7.005 7.004 7.003 7.001 6.999 6.996 6.993 6.989 6.984 6.979 6.973 6.965 6.958 6.950 6.941 6.933
6.794 6.798 6.802 6.806 6.811 6.815 6.820 6.825 6.829 6.834 6.839 6.844 6.849 6.854 6.860 6.865 6.869 6.874 6.879 6.884 6.889 6.893 6.898 6.901 6.905 6.909 6.912 6.916 6.919 6.922 6.925 6.928 6.931 6.934 6.938 6.941 6.944 6.948 6.951 6.955 6.959 6.963 6.967 6.971 6.976 6.980 6.984 6.988 6.992 6.996 7.000 7.004 7.008 7.011 7.014 7.016 7.018 7.020 7.021 7.022 7.022 7.022 7.021 7.020 7.018 7.016 7.014 7.011 7.007 7.003 6.997 6.991 6.983 6.975 6.966 6.957 6.948
6.800 6.804 6.808 6.812 6.817 6.821 6.826 6.830 6.835 6.840 6.845 6.850 6.855 6.860 6.865 6.870 6.875 6.880 6.885 6.890 6.895 6.899 6.903 6.908 6.912 6.915 6.919 6.923 6.926 6.929 6.933 6.936 6.939 6.942 6.946 6.949 6.952 6.956 6.960 6.963 6.967 6.971 6.976 6.980 6.985 6.989 6.994 6.998 7.002 7.007 7.011 7.015 7.019 7.022 7.025 7.028 7.031 7.033 7.034 7.035 7.036 7.036 7.035 7.035 7.033 7.032 7.029 7.026 7.023 7.019 7.014 7.007 6.999 6.990 6.981 6.971 6.962
6.806 6.810 6.814 6.818 6.822 6.827 6.831 6.836 6.840 6.845 6.850 6.855 6.860 6.865 6.870 6.875 6.880 6.885 6.889 6.894 6.900 6.904 6.909 6.913 6.917 6.921 6.925 6.928 6.932 6.935 6.939 6.942 6.946 6.949 6.952 6.956 6.959 6.963 6.967 6.970 6.974 6.979 6.983 6.988 6.992 6.997 7.001 7.006 7.011 7.015 7.019 7.024 7.028 7.031 7.035 7.038 7.041 7.043 7.045 7.046 7.047 7.048 7.047 7.047 7.046 7.044 7.042 7.040 7.037 7.033 7.027 7.021 7.012 7.004 6.994 6.983 6.973
6.811 6.815 6.819 6.823 6.828 6.832 6.836 6.841 6.845 6.850 6.854 6.859 6.864 6.869 6.874 6.879 6.884 6.889 6.894 6.899 6.904 6.909 6.913 6.917 6.922 6.926 6.930 6.933 6.937 6.941 6.944 6.948 6.951 6.955 6.958 6.962 6.965 6.969 6.973 6.976 6.980 6.985 6.989 6.994 6.998 7.003 7.008 7.012 7.017 7.022 7.026 7.031 7.035 7.039 7.042 7.046 7.049 7.051 7.053 7.055 7.056 7.057 7.057 7.057 7.056 7.055 7.053 7.050 7.047 7.044 7.039 7.032 7.023 7.014 7.004 6.993 6.982
6.817 6.821 6.824 6.828 6.833 6.837 6.841 6.845 6.850 6.854 6.859 6.864 6.868 6.873 6.878 6.883 6.888 6.893 6.898 6.903 6.908 6.913 6.917 6.921 6.926 6.930 6.934 6.938 6.942 6.945 6.949 6.952 6.956 6.960 6.963 6.967 6.970 6.974 6.978 6.981 6.986 6.990 6.994 6.999 7.004 7.008 7.013 7.018 7.022 7.027 7.032 7.036 7.040 7.044 7.048 7.052 7.055 7.058 7.060 7.062 7.063 7.064 7.064 7.064 7.064 7.063 7.061 7.059 7.056 7.052 7.047 7.040 7.031 7.022 7.012 7.000 6.989
6.822 6.825 6.829 6.833 6.837 6.841 6.846 6.850 6.854 6.859 6.863 6.868 6.872 6.877 6.882 6.887 6.892 6.896 6.901 6.906 6.911 6.916 6.921 6.925 6.929 6.934 6.938 6.942 6.946 6.949 6.953 6.957 6.960 6.964 6.967 6.971 6.975 6.978 6.982 6.986 6.990 6.994 6.999 7.003 7.008 7.012 7.017 7.022 7.026 7.031 7.036 7.040 7.045 7.049 7.053 7.056 7.060 7.062 7.065 7.067 7.068 7.069 7.070 7.070 7.070 7.069 7.067 7.065 7.063 7.059 7.054 7.047 7.038 7.028 7.018 7.006 6.994
6.826 6.830 6.834 6.838 6.842 6.846 6.850 6.854 6.858 6.863 6.867 6.872 6.876 6.881 6.886 6.890 6.895 6.900 6.905 6.910 6.915 6.919 6.924 6.928 6.933 6.937 6.941 6.945 6.949 6.953 6.957 6.960 6.964 6.968 6.971 6.975 6.978 6.982 6.986 6.990 6.994 6.998 7.002 7.007 7.011 7.016 7.020 7.025 7.030 7.034 7.039 7.044 7.048 7.052 7.056 7.060 7.063 7.066 7.069 7.071 7.073 7.074 7.074 7.075 7.074 7.074 7.072 7.070 7.068 7.064 7.059 7.052 7.043 7.033 7.022 7.010 6.999
6.831 6.834 6.838 6.842 6.846 6.850 6.854 6.858 6.862 6.867 6.871 6.875 6.880 6.884 6.889 6.894 6.898 6.903 6.908 6.913 6.918 6.922 6.927 6.931 6.936 6.940 6.944 6.948 6.952 6.956 6.960 6.964 6.967 6.971 6.975 6.978 6.982 6.985 6.989 6.993 6.997 7.001 7.006 7.010 7.014 7.019 7.023 7.028 7.033 7.037 7.042 7.046 7.051 7.055 7.059 7.063 7.066 7.069 7.072 7.074 7.076 7.077 7.078 7.078 7.078 7.077 7.076 7.074 7.072 7.068 7.063 7.056 7.046 7.037 7.026 7.014 7.003
6.835 6.839 6.842 6.846 6.850 6.854 6.858 6.862 6.866 6.870 6.874 6.879 6.883 6.888 6.892 6.897 6.901 6.906 6.910 6.915 6.920 6.925 6.929 6.934 6.938 6.942 6.947 6.951 6.955 6.959 6.963 6.966 6.970 6.974 6.978 6.981 6.985 6.989 6.992 6.996 7.000 7.004 7.008 7.013 7.017 7.021 7.026 7.030 7.035 7.039 7.044 7.048 7.053 7.057 7.061 7.065 7.068 7.071 7.074 7.076 7.078 7.080 7.081 7.081 7.081 7.080 7.079 7.077 7.075 7.072 7.066 7.059 7.049 7.040 7.029 7.017 7.006
6.839 6.842 6.846 6.850 6.854 6.857 6.861 6.865 6.869 6.873 6.878 6.882 6.886 6.891 6.895 6.899 6.904 6.908 6.913 6.918 6.923 6.927 6.932 6.936 6.941 6.945 6.949 6.953 6.957 6.961 6.965 6.969 6.973 6.976 6.980 6.984 6.987 6.991 6.995 6.999 7.002 7.006 7.011 7.015 7.019 7.024 7.028 7.032 7.037 7.041 7.046 7.050 7.055 7.059 7.063 7.067 7.070 7.073 7.076 7.078 7.080 7.082 7.083 7.083 7.083 7.083 7.082 7.080 7.078 7.074 7.069 7.061 7.052 7.042 7.032 7.020 7.010
6.842 6.846 6.850 6.853 6.857 6.861 6.865 6.868 6.872 6.877 6.881 6.885 6.889 6.893 6.898 6.902 6.906 6.911 6.915 6.920 6.925 6.929 6.934 6.938 6.943 6.947 6.951 6.955 6.959 6.963 6.967 6.971 6.975 6.979 6.982 6.986 6.990 6.993 6.997 7.001 7.005 7.009 7.013 7.017 7.021 7.025 7.030 7.034 7.038 7.043 7.047 7.052 7.056 7.060 7.064 7.068 7.071 7.075 7.077 7.080 7.082 7.083 7.084 7.085 7.085 7.085 7.084 7.082 7.080 7.076 7.071 7.063 7.054 7.044 7.034 7.023 7.012
6.846 6.849 6.853 6.856 6.860 6.864 6.868 6.871 6.875 6.879 6.883 6.887 6.892 6.896 6.900 6.904 6.909 6.913 6.918 6.922 6.927 6.931 6.936 6.940 6.944 6.949 6.953 6.957 6.961 6.965 6.969 6.973 6.977 6.980 6.984 6.988 6.992 6.995 6.999 7.003 7.006 7.010 7.014 7.019 7.023 7.027 7.031 7.035 7.040 7.044 7.048 7.053 7.057 7.061 7.065 7.069 7.072 7.076 7.078 7.081 7.083 7.085 7.086 7.086 7.086 7.086 7.085 7.084 7.081 7.078 7.073 7.065 7.055 7.046 7.036 7.025 7.015
6.849 6.852 6.856 6.859 6.863 6.866 6.870 6.874 6.878 6.882 6.886 6.890 6.894 6.898 6.902 6.906 6.911 6.915 6.919 6.924 6.929 6.933 6.937 6.942 6.946 6.950 6.954 6.958 6.962 6.966 6.970 6.974 6.978 6.982 6.986 6.989 6.993 6.997 7.000 7.004 7.008 7.012 7.016 7.020 7.024 7.028 7.032 7.036 7.040 7.045 7.049 7.053 7.057 7.062 7.066 7.069 7.073 7.076 7.079 7.082 7.084 7.085 7.086 7.087 7.087 7.087 7.087 7.085 7.083 7.080 7.074 7.066 7.057 7.047 7.038 7.026 7.017
6.851 6.855 6.858 6.862 6.865 6.869 6.872 6.876 6.880 6.884 6.888 6.892 6.896 6.900 6.904 6.908 6.912 6.916 6.921 6.925 6.930 6.934 6.938 6.943 6.947 6.951 6.955 6.959 6.963 6.967 6.971 6.975 6.979 6.983 6.987 6.990 6.994 6.998 7.001 7.005 7.009 7.012 7.016 7.021 7.024 7.028 7.032 7.037 7.041 7.045 7.049 7.053 7.058 7.062 7.066 7.069 7.073 7.076 7.079 7.082 7.084 7.086 7.087 7.088 7.088 7.088 7.087 7.086 7.084 7.080 7.075 7.068 7.058 7.048 7.039 7.028 7.018
6.854 6.857 6.860 6.864 6.867 6.871 6.874 6.878 6.882 6.885 6.889 6.893 6.897 6.901 6.905 6.909 6.913 6.917 6.922 6.926 6.931 6.935 6.939 6.943 6.948 6.952 6.956 6.960 6.964 6.968 6.972 6.976 6.980 6.983 6.987 6.991 6.994 6.998 7.002 7.005 7.009 7.013 7.017 7.021 7.025 7.029 7.033 7.037 7.041 7.045 7.049 7.053 7.057 7.061 7.065 7.069 7.073 7.076 7.079 7.082 7.084 7.086 7.087 7.088 7.088 7.088 7.088 7.086 7.084 7.081 7.076 7.068 7.058 7.049 7.039 7.028 7.019
6.856 6.859 6.862 6.866 6.869 6.872 6.876 6.879 6.883 6.887 6.890 6.894 6.898 6.902 6.906 6.910 6.914 6.918 6.922 6.927 6.931 6.936 6.940 6.944 6.948 6.952 6.956 6.960 6.964 6.968 6.972 6.976 6.980 6.984 6.987 6.991 6.995 6.998 7.002 7.005 7.009 7.013 7.017 7.021 7.024 7.028 7.032 7.036 7.040 7.044 7.048 7.053 7.057 7.061 7.065 7.068 7.072 7.075 7.078 7.081 7.083 7.085 7.087 7.088 7.088 7.088 7.088 7.086 7.084 7.081 7.076 7.068 7.058 7.049 7.039 7.029 7.020
6.857 6.861 6.864 6.867 6.870 6.874 6.877 6.881 6.884 6.888 6.891 6.895 6.899 6.903 6.907 6.911 6.915 6.919 6.923 6.927 6.932 6.936 6.940 6.944 6.948 6.952 6.956 6.960 6.964 6.968 6.972 6.976 6.980 6.983 6.987 6.991 6.994 6.998 7.001 7.005 7.008 7.012 7.016 7.020 7.024 7.028 7.031 7.035 7.039 7.043 7.047 7.051 7.056 7.060 7.064 7.067 7.071 7.074 7.077 7.080 7.083 7.084 7.086 7.087 7.088 7.088 7.087 7.086 7.084 7.082 7.076 7.069 7.059 7.049 7.040 7.030 7.022
6.859 6.862 6.865 6.868 6.871 6.875 6.878 6.881 6.885 6.888 6.892 6.895 6.899 6.903 6.907 6.911 6.915 6.919 6.923 6.927 6.931 6.935 6.939 6.944 6.948 6.952 6.956 6.960 6.963 6.967 6.971 6.975 6.979 6.982 6.986 6.990 6.993 6.997 7.000 7.004 7.008 7.011 7.015 7.019 7.023 7.026 7.030 7.034 7.038 7.042 7.046 7.050 7.054 7.058 7.062 7.066 7.069 7.073 7.076 7.079 7.081 7.083 7.085 7.086 7.087 7.087 7.087 7.086 7.084 7.081 7.077 7.069 7.058 7.050 7.040 7.031 7.024
6.860 6.863 6.866 6.869 6.872 6.875 6.878 6.882 6.885 6.888 6.892 6.895 6.899 6.903 6.907 6.910 6.914 6.918 6.922 6.927 6.931 6.935 6.939 6.943 6.947 6.951 6.955 6.959 6.962 6.966 6.970 6.974 6.978 6.981 6.985 6.989 6.992 6.996 6.999 7.003 7.006 7.010 7.014 7.018 7.021 7.025 7.029 7.032 7.036 7.040 7.044 7.048 7.052 7.056 7.060 7.064 7.068 7.071 7.074 7.077 7.080 7.082 7.084 7.085 7.086 7.086 7.086 7.085 7.084 7.081 7.076 7.068 7.059 7.050 7.041 7.032 7.026
6.861 6.863 6.866 6.869 6.872 6.875 6.879 6.882 6.885 6.888 6.892 6.895 6.899 6.902 6.906 6.910 6.913 6.917 6.921 6.926 6.930 6.934 6.938 6.942 6.946 6.949 6.953 6.957 6.961 6.965 6.969 6.972 6.976 6.980 6.983 6.987 6.991 6.994 6.998 7.001 7.005 7.008 7.012 7.016 7.019 7.023 7.027 7.030 7.034 7.038 7.042 7.046 7.050 7.054 7.058 7.062 7.065 7.069 7.072 7.075 7.078 7.080 7.082 7.083 7.084 7.085 7.085 7.084 7.083 7.081 7.076 7.069 7.059 7.051 7.043 7.034 7.029
6.861 6.864 6.867 6.869 6.872 6.875 6.878 6.881 6.885 6.888 6.891 6.895 6.898 6.901 6.905 6.909 6.912 6.916 6.920 6.924 6.928 6.932 6.936 6.940 6.944 6.948 6.952 6.955 6.959 6.963 6.967 6.971 6.974 6.978 6.981 6.985 6.989 6.992 6.995 6.999 7.003 7.006 7.010 7.014 7.017 7.021 7.024 7.028 7.032 7.035 7.039 7.043 7.047 7.051 7.055 7.059 7.063 7.066 7.070 7.073 7.075 7.078 7.080 7.081 7.083 7.084 7.084 7.083 7.082 7.080 7.076 7.068 7.059 7.051 7.043 7.035 7.030
6.861 6.864 6.866 6.869 6.872 6.875 6.878 6.881 6.884 6.887 6.890 6.894 6.897 6.900 6.904 6.907 6.911 6.915 6.919 6.923 6.927 6.930 6.934 6.938 6.942 6.946 6.950 6.953 6.957 6.961 6.965 6.968 6.972 6.976 6.979 6.983 6.986 6.990 6.993 6.997 7.000 7.004 7.008 7.011 7.015 7.018 7.022 7.025 7.029 7.033 7.037 7.040 7.044 7.048 7.052 7.056 7.060 7.063 7.067 7.070 7.073 7.075 7.078 7.079 7.081 7.082 7.082 7.082 7.081 7.079 7.075 7.068 7.059 7.051 7.044 7.036 7.032
6.861 6.863 6.866 6.869 6.871 6.874 6.877 6.880 6.883 6.886 6.889 6.892 6.896 6.899 6.902 6.906 6.909 6.913 6.917 6.921 6.925 6.928 6.932 6.936 6.940 6.943 6.947 6.951 6.955 6.958 6.962 6.966 6.969 6.973 6.977 6.980 6.984 6.987 6.991 6.994 6.997 7.001 7.005 7.008 7.012 7.015 7.019 7.022 7.026 7.030 7.034 7.037 7.041 7.045 7.049 7.053 7.057 7.060 7.064 7.067 7.070 7.073 7.075 7.077 7.079 7.080 7.080 7.080 7.080 7.079 7.075 7.068 7.058 7.051 7.044 7.036 7.033
6.860 6.863 6.865 6.868 6.871 6.873 6.876 6.879 6.882 6.885 6.888 6.891 6.894 6.897 6.900 6.904 6.907 6.911 6.915 6.919 6.922 6.926 6.930 6.933 6.937 6.941 6.945 6.948 6.952 6.956 6.959 6.963 6.967 6.970 6.974 6.977 6.981 6.984 6.988 6.991 6.995 6.998 7.002 7.005 7.009 7.012 7.016 7.019 7.023 7.027 7.030 7.034 7.038 7.042 7.046 7.050 7.053 7.057 7.061 7.064 7.067 7.070 7.072 7.075 7.077 7.078 7.079 7.079 7.079 7.078 7.074 7.067 7.058 7.050 7.043 7.036 7.033
6.859 6.862 6.864 6.867 6.869 6.872 6.875 6.877 6.880 6.883 6.886 6.889 6.892 6.895 6.898 6.902 6.905 6.908 6.912 6.916 6.920 6.923 6.927 6.931 6.934 6.938 6.942 6.945 6.949 6.953 6.956 6.960 6.964 6.967 6.971 6.974 6.978 6.981 6.985 6.988 6.991 6.995 6.999 7.002 7.006 7.009 7.013 7.016 7.020 7.023 7.027 7.031 7.035 7.038 7.042 7.046 7.050 7.054 7.057 7.061 7.064 7.067 7.070 7.072 7.074 7.076 7.077 7.077 7.077 7.077 7.073 7.066 7.056 7.049 7.042 7.035 7.032
6.858 6.860 6.863 6.865 6.868 6.870 6.873 6.876 6.878 6.881 6.884 6.887 6.890 6.893 6.896 6.899 6.902 6.906 6.910 6.913 6.917 6.920 6.924 6.928 6.931 6.935 6.938 6.942 6.946 6.949 6.953 6.957 6.960 6.964 6.967 6.971 6.974 6.978 6.981 6.985 6.988 6.992 6.996 6.999 7.002 7.006 7.009 7.013 7.016 7.020 7.024 7.027 7.031 7.035 7.039 7.043 7.047 7.050 7.054 7.058 7.061 7.064 7.067 7.069 7.072 7.074 7.075 7.076 7.076 7.076 7.072 7.065 7.056 7.049 7.042 7.035 7.032
