TsunamiDB/out54141.asc
ncols          264
nrows          230
xllcorner      497853.4375
yllcorner      4229146.0000
cellsize         5.
NODATA_value   -99
[rows 170 to 203 of 230, columns 77 to 153 of 264]
6.746 6.757 6.767 6.778 6.788 6.798 6.807 6.816 6.825 6.834 6.842 6.851 6.859 6.867 6.875 6.883 6.891 6.900 6.908 6.917 6.926 6.935 6.944 6.953 6.962 6.971 6.979 6.988 6.998 7.007 7.016 7.025 7.035 7.045 7.054 7.064 7.074 7.084 7.094 7.104 7.114 7.124 7.134 7.144 7.154 7.164 7.173 7.182 7.190 7.197 7.204 7.211 7.217 7.223 7.228 7.233 7.237 7.242 7.245 7.249 7.252 7.255 7.258 7.261 7.264 7.266 7.269 7.272 7.275 7.277 7.279 7.281 7.284 7.286 7.288 7.290 7.292
6.734 6.745 6.755 6.765 6.776 6.786 6.795 6.805 6.814 6.823 6.832 6.840 6.849 6.857 6.866 6.874 6.882 6.891 6.899 6.908 6.917 6.927 6.936 6.945 6.953 6.962 6.971 6.980 6.989 6.999 7.008 7.017 7.027 7.036 7.046 7.056 7.066 7.076 7.086 7.096 7.106 7.116 7.126 7.136 7.147 7.157 7.166 7.175 7.183 7.191 7.199 7.206 7.213 7.219 7.225 7.230 7.235 7.239 7.243 7.247 7.251 7.254 7.257 7.260 7.263 7.266 7.269 7.273 7.275 7.278 7.280 7.283 7.285 7.287 7.290 7.292 7.294
6.724 6.735 6.745 6.755 6.765 6.774 6.784 6.794 6.803 6.812 6.821 6.830 6.839 6.847 6.856 6.864 6.873 6.882 6.890 6.899 6.908 6.918 6.927 6.936 6.945 6.954 6.963 6.972 6.981 6.990 7.000 7.009 7.018 7.028 7.038 7.047 7.057 7.067 7.077 7.087 7.097 7.108 7.118 7.128 7.139 7.149 7.159 7.168 7.177 7.185 7.193 7.201 7.208 7.215 7.221 7.226 7.232 7.237 7.241 7.245 7.249 7.253 7.256 7.260 7.263 7.266 7.269 7.273 7.276 7.279 7.281 7.284 7.286 7.289 7.291 7.294 7.296
6.717 6.727 6.736 6.746 6.755 6.765 6.774 6.784 6.793 6.802 6.811 6.820 6.829 6.838 6.847 6.855 6.864 6.873 6.881 6.890 6.900 6.909 6.919 6.928 6.936 6.945 6.954 6.964 6.973 6.982 6.991 7.001 7.010 7.020 7.029 7.039 7.049 7.059 7.069 7.079 7.089 7.099 7.110 7.120 7.131 7.141 7.151 7.160 7.170 7.178 7.187 7.195 7.203 7.210 7.216 7.223 7.228 7.234 7.239 7.243 7.248 7.252 7.255 7.259 7.262 7.266 7.270 7.273 7.276 7.279 7.282 7.285 7.288 7.290 7.293 7.296 7.298
6.712 6.721 6.730 6.739 6.748 6.757 6.766 6.775 6.784 6.793 6.803 6.811 6.820 6.829 6.838 6.847 6.855 6.864 6.873 6.882 6.891 6.901 6.910 6.919 6.928 6.937 6.946 6.955 6.965 6.974 6.983 6.993 7.002 7.012 7.021 7.031 7.041 7.051 7.061 7.071 7.081 7.091 7.101 7.112 7.123 7.133 7.143 7.153 7.162 7.172 7.180 7.189 7.197 7.205 7.212 7.218 7.225 7.231 7.236 7.241 7.246 7.250 7.254 7.258 7.262 7.266 7.270 7.274 7.277 7.280 7.283 7.286 7.289 7.292 7.295 7.297 7.300
6.709 6.717 6.725 6.734 6.742 6.751 6.760 6.768 6.777 6.786 6.795 6.804 6.812 6.821 6.830 6.839 6.847 6.856 6.865 6.874 6.884 6.894 6.902 6.911 6.920 6.929 6.938 6.947 6.957 6.966 6.975 6.985 6.994 7.004 7.013 7.023 7.033 7.043 7.053 7.063 7.073 7.083 7.094 7.104 7.115 7.125 7.136 7.145 7.155 7.165 7.174 7.183 7.191 7.199 7.207 7.214 7.221 7.227 7.233 7.239 7.244 7.248 7.253 7.257 7.261 7.265 7.270 7.274 7.277 7.281 7.284 7.287 7.290 7.293 7.297 7.300 7.303
6.707 6.715 6.723 6.730 6.738 6.746 6.755 6.763 6.772 6.780 6.789 6.797 6.806 6.814 6.823 6.832 6.840 6.849 6.858 6.867 6.877 6.886 6.895 6.904 6.913 6.922 6.931 6.940 6.949 6.959 6.968 6.977 6.987 6.996 7.006 7.016 7.025 7.035 7.045 7.055 7.065 7.076 7.086 7.097 7.108 7.118 7.128 7.138 7.148 7.158 7.168 7.177 7.186 7.194 7.202 7.210 7.217 7.224 7.230 7.236 7.242 7.247 7.252 7.256 7.261 7.265 7.270 7.274 7.278 7.282 7.285 7.289 7.292 7.295 7.299 7.302 7.305
6.707 6.714 6.721 6.729 6.736 6.744 6.751 6.759 6.767 6.776 6.784 6.792 6.801 6.809 6.817 6.826 6.834 6.843 6.852 6.861 6.871 6.880 6.889 6.898 6.906 6.915 6.924 6.933 6.943 6.952 6.961 6.971 6.980 6.990 6.999 7.009 7.019 7.028 7.038 7.048 7.058 7.069 7.079 7.090 7.101 7.111 7.121 7.131 7.142 7.152 7.161 7.171 7.180 7.189 7.198 7.206 7.213 7.221 7.228 7.234 7.240 7.246 7.251 7.256 7.261 7.265 7.270 7.275 7.279 7.283 7.286 7.290 7.294 7.297 7.301 7.304 7.308
6.708 6.715 6.721 6.728 6.735 6.742 6.749 6.757 6.765 6.772 6.780 6.788 6.796 6.805 6.813 6.821 6.830 6.838 6.847 6.856 6.865 6.874 6.883 6.892 6.901 6.910 6.918 6.928 6.937 6.946 6.955 6.965 6.974 6.984 6.993 7.003 7.013 7.022 7.032 7.042 7.052 7.062 7.073 7.084 7.094 7.105 7.115 7.125 7.135 7.146 7.156 7.165 7.175 7.184 7.193 7.202 7.210 7.218 7.225 7.232 7.238 7.244 7.250 7.256 7.261 7.266 7.271 7.276 7.280 7.284 7.288 7.292 7.296 7.300 7.303 7.307 7.311
6.710 6.716 6.722 6.729 6.735 6.742 6.749 6.756 6.763 6.770 6.778 6.786 6.793 6.801 6.809 6.818 6.826 6.834 6.843 6.852 6.861 6.870 6.878 6.887 6.896 6.905 6.913 6.922 6.931 6.941 6.950 6.959 6.969 6.978 6.988 6.997 7.007 7.017 7.027 7.037 7.047 7.057 7.067 7.078 7.089 7.099 7.109 7.120 7.130 7.140 7.150 7.160 7.170 7.180 7.189 7.198 7.207 7.215 7.223 7.230 7.237 7.244 7.250 7.256 7.261 7.267 7.272 7.277 7.282 7.286 7.290 7.294 7.298 7.302 7.306 7.310 7.314
6.713 6.718 6.724 6.730 6.736 6.742 6.749 6.756 6.762 6.769 6.777 6.784 6.792 6.799 6.807 6.815 6.823 6.831 6.840 6.848 6.857 6.866 6.875 6.883 6.892 6.900 6.909 6.918 6.927 6.936 6.945 6.955 6.964 6.974 6.983 6.993 7.002 7.012 7.022 7.032 7.042 7.052 7.063 7.073 7.084 7.094 7.104 7.115 7.125 7.135 7.146 7.156 7.166 7.176 7.185 7.195 7.204 7.212 7.221 7.229 7.236 7.243 7.250 7.256 7.262 7.268 7.273 7.279 7.284 7.288 7.293 7.297 7.301 7.306 7.310 7.314 7.318
6.716 6.721 6.727 6.732 6.738 6.744 6.750 6.756 6.763 6.769 6.776 6.783 6.791 6.798 6.805 6.813 6.821 6.829 6.837 6.846 6.855 6.863 6.872 6.880 6.888 6.897 6.906 6.915 6.923 6.933 6.942 6.951 6.960 6.970 6.979 6.989 6.999 7.008 7.018 7.028 7.038 7.048 7.059 7.069 7.080 7.090 7.100 7.111 7.121 7.131 7.142 7.152 7.162 7.172 7.182 7.192 7.201 7.210 7.219 7.227 7.235 7.243 7.250 7.257 7.263 7.269 7.275 7.281 7.286 7.291 7.296 7.300 7.305 7.309 7.314 7.318 7.322
6.720 6.725 6.730 6.735 6.741 6.746 6.752 6.758 6.764 6.770 6.777 6.784 6.791 6.798 6.805 6.812 6.820 6.828 6.836 6.844 6.853 6.861 6.869 6.878 6.886 6.894 6.903 6.912 6.921 6.930 6.939 6.948 6.957 6.967 6.976 6.986 6.995 7.005 7.015 7.025 7.035 7.045 7.055 7.066 7.077 7.087 7.097 7.107 7.118 7.128 7.138 7.149 7.159 7.169 7.179 7.189 7.199 7.209 7.218 7.226 7.235 7.243 7.250 7.257 7.264 7.271 7.277 7.283 7.289 7.294 7.299 7.304 7.309 7.313 7.318 7.322 7.327
6.724 6.729 6.734 6.739 6.744 6.749 6.755 6.760 6.766 6.772 6.778 6.785 6.791 6.798 6.805 6.812 6.819 6.827 6.835 6.843 6.851 6.860 6.868 6.876 6.884 6.893 6.901 6.910 6.918 6.927 6.936 6.945 6.955 6.964 6.974 6.983 6.993 7.003 7.012 7.022 7.032 7.042 7.053 7.063 7.074 7.084 7.094 7.104 7.115 7.125 7.136 7.146 7.156 7.167 7.177 7.187 7.197 7.207 7.217 7.226 7.235 7.243 7.251 7.259 7.266 7.273 7.280 7.286 7.292 7.298 7.303 7.308 7.313 7.318 7.323 7.328 7.332
6.729 6.734 6.738 6.743 6.748 6.753 6.758 6.764 6.769 6.775 6.780 6.786 6.793 6.799 6.806 6.813 6.820 6.827 6.835 6.842 6.851 6.859 6.867 6.875 6.883 6.891 6.900 6.908 6.917 6.926 6.935 6.944 6.953 6.962 6.972 6.981 6.991 7.001 7.010 7.020 7.030 7.040 7.051 7.061 7.072 7.082 7.092 7.102 7.113 7.123 7.133 7.144 7.154 7.165 7.175 7.186 7.196 7.206 7.216 7.226 7.235 7.244 7.252 7.260 7.268 7.275 7.283 7.290 7.296 7.302 7.307 7.312 7.318 7.323 7.328 7.333 7.338
6.734 6.738 6.743 6.748 6.752 6.757 6.762 6.767 6.772 6.778 6.783 6.789 6.795 6.801 6.807 6.814 6.821 6.828 6.835 6.843 6.851 6.859 6.867 6.874 6.882 6.890 6.899 6.907 6.916 6.924 6.933 6.942 6.952 6.961 6.970 6.980 6.990 6.999 7.009 7.019 7.029 7.039 7.049 7.060 7.071 7.081 7.091 7.101 7.111 7.122 7.132 7.142 7.153 7.163 7.174 7.185 7.195 7.205 7.216 7.226 7.235 7.244 7.253 7.262 7.270 7.278 7.286 7.293 7.300 7.306 7.312 7.317 7.323 7.329 7.334 7.339 7.345
6.739 6.744 6.748 6.753 6.757 6.762 6.766 6.771 6.776 6.781 6.787 6.792 6.798 6.803 6.809 6.816 6.822 6.829 6.836 6.844 6.851 6.859 6.867 6.874 6.882 6.890 6.898 6.907 6.915 6.924 6.933 6.942 6.951 6.960 6.970 6.979 6.989 6.999 7.008 7.018 7.028 7.038 7.049 7.059 7.070 7.080 7.090 7.100 7.110 7.121 7.131 7.141 7.152 7.163 7.173 7.184 7.194 7.205 7.215 7.226 7.236 7.245 7.255 7.264 7.273 7.281 7.289 7.297 7.304 7.310 7.317 7.323 7.329 7.335 7.340 7.346 7.352
6.745 6.749 6.754 6.758 6.762 6.767 6.771 6.776 6.781 6.785 6.790 6.796 6.801 6.806 6.812 6.818 6.824 6.831 6.838 6.845 6.853 6.860 6.868 6.875 6.883 6.890 6.898 6.907 6.915 6.924 6.932 6.941 6.950 6.960 6.969 6.979 6.988 6.998 7.008 7.018 7.028 7.038 7.048 7.059 7.069 7.080 7.090 7.100 7.110 7.120 7.131 7.141 7.152 7.162 7.173 7.184 7.194 7.205 7.216 7.226 7.236 7.247 7.256 7.266 7.275 7.284 7.293 7.301 7.308 7.315 7.322 7.328 7.335 7.341 7.347 7.353 7.359
6.751 6.755 6.759 6.764 6.768 6.772 6.776 6.781 6.785 6.790 6.795 6.800 6.805 6.810 6.816 6.821 6.827 6.833 6.840 6.847 6.854 6.862 6.869 6.876 6.883 6.891 6.899 6.907 6.915 6.924 6.932 6.941 6.950 6.960 6.969 6.979 6.988 6.998 7.008 7.018 7.028 7.038 7.048 7.059 7.070 7.080 7.090 7.100 7.110 7.120 7.131 7.141 7.152 7.162 7.173 7.184 7.194 7.205 7.216 7.227 7.237 7.248 7.258 7.268 7.277 7.287 7.296 7.305 7.313 7.320 7.327 7.334 7.341 7.348 7.354 7.361 7.367
6.757 6.761 6.765 6.769 6.773 6.778 6.782 6.786 6.790 6.795 6.799 6.804 6.809 6.814 6.819 6.825 6.830 6.836 6.843 6.849 6.856 6.864 6.870 6.877 6.885 6.892 6.900 6.908 6.916 6.924 6.933 6.942 6.951 6.960 6.970 6.979 6.989 6.998 7.008 7.018 7.028 7.039 7.049 7.060 7.070 7.080 7.090 7.100 7.111 7.121 7.131 7.142 7.152 7.163 7.173 7.184 7.195 7.206 7.217 7.227 7.238 7.249 7.260 7.270 7.280 7.290 7.300 7.309 7.317 7.325 7.333 7.340 7.348 7.355 7.362 7.368 7.375
6.763 6.767 6.771 6.775 6.779 6.783 6.787 6.792 6.796 6.800 6.805 6.809 6.814 6.819 6.823 6.829 6.834 6.840 6.846 6.852 6.859 6.866 6.872 6.879 6.886 6.893 6.901 6.909 6.917 6.925 6.934 6.942 6.951 6.961 6.970 6.980 6.989 6.999 7.009 7.019 7.029 7.039 7.050 7.061 7.071 7.081 7.091 7.101 7.112 7.122 7.132 7.142 7.153 7.163 7.174 7.185 7.196 7.206 7.217 7.228 7.239 7.250 7.261 7.272 7.282 7.293 7.303 7.313 7.322 7.330 7.339 7.347 7.354 7.362 7.369 7.377 7.384
6.769 6.773 6.777 6.781 6.785 6.789 6.793 6.797 6.802 6.806 6.810 6.814 6.819 6.823 6.828 6.833 6.838 6.844 6.849 6.856 6.862 6.869 6.875 6.881 6.888 6.895 6.902 6.910 6.918 6.926 6.935 6.943 6.952 6.962 6.971 6.981 6.990 7.000 7.010 7.020 7.030 7.041 7.051 7.062 7.072 7.082 7.093 7.103 7.113 7.123 7.133 7.144 7.154 7.165 7.175 7.186 7.197 7.208 7.219 7.230 7.241 7.252 7.263 7.274 7.285 7.296 7.307 7.317 7.326 7.335 7.344 7.353 7.361 7.369 7.377 7.385 7.393
6.775 6.779 6.784 6.788 6.791 6.795 6.799 6.803 6.807 6.811 6.816 6.820 6.824 6.828 6.833 6.838 6.843 6.848 6.853 6.860 6.866 6.872 6.878 6.884 6.890 6.897 6.904 6.912 6.919 6.928 6.936 6.945 6.954 6.963 6.972 6.982 6.991 7.001 7.011 7.021 7.032 7.042 7.053 7.064 7.074 7.084 7.094 7.104 7.115 7.125 7.135 7.145 7.156 7.166 7.177 7.187 7.198 7.209 7.220 7.231 7.242 7.254 7.265 7.276 7.287 7.299 7.310 7.320 7.330 7.340 7.350 7.359 7.368 7.376 7.385 7.393 7.402
6.782 6.786 6.790 6.794 6.798 6.802 6.806 6.809 6.813 6.817 6.821 6.825 6.830 6.834 6.838 6.843 6.847 6.852 6.858 6.864 6.870 6.875 6.881 6.887 6.893 6.900 6.907 6.914 6.921 6.929 6.937 6.946 6.955 6.964 6.973 6.983 6.993 7.003 7.013 7.023 7.033 7.044 7.055 7.065 7.076 7.086 7.096 7.106 7.117 7.127 7.137 7.147 7.158 7.168 7.179 7.189 7.200 7.211 7.222 7.233 7.244 7.256 7.267 7.278 7.290 7.302 7.313 7.324 7.335 7.345 7.355 7.365 7.374 7.383 7.393 7.402 7.411
6.788 6.792 6.796 6.800 6.804 6.808 6.812 6.816 6.820 6.823 6.827 6.831 6.835 6.840 6.844 6.848 6.853 6.857 6.863 6.868 6.874 6.879 6.885 6.890 6.896 6.903 6.909 6.916 6.923 6.931 6.939 6.948 6.956 6.965 6.975 6.984 6.994 7.004 7.014 7.024 7.035 7.045 7.056 7.067 7.078 7.088 7.098 7.108 7.119 7.129 7.139 7.150 7.160 7.171 7.181 7.192 7.202 7.213 7.224 7.235 7.246 7.258 7.269 7.281 7.292 7.305 7.316 7.328 7.339 7.350 7.360 7.370 7.381 7.391 7.400 7.410 7.420
6.795 6.799 6.803 6.807 6.811 6.814 6.818 6.822 6.826 6.830 6.834 6.837 6.841 6.845 6.849 6.854 6.858 6.863 6.868 6.873 6.878 6.883 6.889 6.894 6.900 6.906 6.912 6.919 6.926 6.933 6.941 6.949 6.958 6.967 6.976 6.986 6.996 7.006 7.016 7.026 7.037 7.047 7.058 7.069 7.080 7.090 7.101 7.111 7.121 7.132 7.142 7.152 7.163 7.173 7.184 7.194 7.205 7.216 7.227 7.238 7.249 7.260 7.272 7.283 7.295 7.307 7.320 7.331 7.343 7.354 7.365 7.376 7.387 7.398 7.408 7.419 7.428
6.801 6.805 6.809 6.813 6.817 6.821 6.825 6.828 6.832 6.836 6.840 6.844 6.847 6.851 6.855 6.860 6.864 6.868 6.873 6.878 6.883 6.888 6.893 6.898 6.903 6.909 6.915 6.922 6.928 6.936 6.943 6.951 6.960 6.969 6.978 6.987 6.997 7.007 7.017 7.028 7.038 7.049 7.060 7.071 7.082 7.092 7.103 7.113 7.124 7.134 7.145 7.155 7.166 7.176 7.187 7.197 7.208 7.219 7.229 7.240 7.252 7.263 7.274 7.286 7.298 7.311 7.323 7.335 7.347 7.358 7.370 7.382 7.393 7.404 7.415 7.427 7.437
6.808 6.812 6.816 6.820 6.824 6.827 6.831 6.835 6.839 6.842 6.846 6.850 6.854 6.858 6.862 6.866 6.870 6.874 6.879 6.884 6.888 6.893 6.898 6.902 6.908 6.913 6.919 6.925 6.931 6.938 6.946 6.953 6.962 6.970 6.980 6.989 6.999 7.009 7.019 7.030 7.040 7.051 7.063 7.074 7.084 7.095 7.106 7.116 7.127 7.137 7.148 7.158 7.169 7.179 7.190 7.200 7.211 7.222 7.233 7.244 7.255 7.266 7.278 7.289 7.301 7.314 7.326 7.338 7.350 7.363 7.375 7.387 7.399 7.411 7.423 7.434 7.445
6.815 6.819 6.823 6.826 6.830 6.834 6.838 6.841 6.845 6.849 6.853 6.856 6.860 6.864 6.868 6.872 6.876 6.880 6.884 6.889 6.894 6.898 6.903 6.907 6.912 6.917 6.923 6.928 6.935 6.941 6.948 6.956 6.964 6.972 6.981 6.991 7.000 7.010 7.021 7.031 7.042 7.053 7.065 7.076 7.087 7.097 7.108 7.119 7.130 7.140 7.151 7.161 7.172 7.183 7.193 7.204 7.214 7.225 7.236 7.247 7.258 7.269 7.281 7.293 7.305 7.317 7.330 7.342 7.354 7.367 7.379 7.392 7.404 7.417 7.429 7.441 7.452
6.822 6.826 6.829 6.833 6.837 6.841 6.844 6.848 6.852 6.856 6.859 6.863 6.867 6.871 6.874 6.878 6.882 6.886 6.890 6.895 6.900 6.904 6.908 6.912 6.917 6.922 6.927 6.932 6.938 6.944 6.951 6.958 6.966 6.975 6.983 6.993 7.002 7.012 7.022 7.033 7.044 7.055 7.067 7.078 7.089 7.100 7.111 7.122 7.133 7.143 7.154 7.165 7.175 7.186 7.197 7.207 7.218 7.229 7.240 7.251 7.262 7.273 7.285 7.296 7.308 7.321 7.334 7.346 7.358 7.371 7.384 7.397 7.409 7.422 7.435 7.447 7.459
6.829 6.833 6.836 6.840 6.844 6.848 6.851 6.855 6.859 6.862 6.866 6.870 6.873 6.877 6.881 6.885 6.889 6.893 6.897 6.901 6.906 6.909 6.914 6.918 6.922 6.927 6.931 6.936 6.942 6.948 6.954 6.961 6.969 6.977 6.985 6.994 7.004 7.014 7.024 7.035 7.046 7.057 7.068 7.080 7.091 7.102 7.113 7.124 7.135 7.146 7.157 7.168 7.179 7.190 7.200 7.211 7.222 7.233 7.244 7.255 7.266 7.277 7.289 7.300 7.312 7.325 7.338 7.350 7.362 7.375 7.388 7.401 7.414 7.428 7.441 7.453 7.465
6.836 6.840 6.844 6.847 6.851 6.855 6.858 6.862 6.866 6.869 6.873 6.877 6.880 6.884 6.888 6.891 6.895 6.899 6.903 6.908 6.912 6.916 6.919 6.923 6.927 6.932 6.936 6.941 6.946 6.952 6.958 6.965 6.972 6.980 6.988 6.997 7.006 7.016 7.026 7.036 7.047 7.059 7.070 7.082 7.093 7.105 7.116 7.127 7.138 7.150 7.161 7.172 7.183 7.193 7.204 7.215 7.226 7.237 7.248 7.259 7.270 7.281 7.293 7.305 7.317 7.329 7.342 7.354 7.367 7.379 7.392 7.405 7.419 7.432 7.445 7.459 7.471
6.843 6.847 6.851 6.854 6.858 6.862 6.865 6.869 6.873 6.876 6.880 6.884 6.887 6.891 6.895 6.898 6.902 6.906 6.910 6.914 6.918 6.922 6.926 6.929 6.933 6.937 6.942 6.946 6.951 6.956 6.962 6.968 6.975 6.983 6.990 6.999 7.008 7.018 7.028 7.038 7.049 7.060 7.072 7.084 7.095 7.107 7.118 7.130 7.141 7.153 7.164 7.175 7.186 7.197 7.208 7.219 7.230 7.241 7.252 7.264 7.275 7.286 7.297 7.309 7.321 7.334 7.346 7.359 7.371 7.384 7.396 7.410 7.423 7.436 7.450 7.463 7.476
6.851 6.855 6.858 6.862 6.866 6.869 6.873 6.876 6.880 6.884 6.887 6.891 6.895 6.898 6.902 6.906 6.909 6.913 6.917 6.921 6.925 6.929 6.932 6.936 6.940 6.943 6.947 6.952 6.956 6.961 6.967 6.973 6.979 6.986 6.994 7.002 7.010 7.020 7.030 7.040 7.051 7.062 7.074 7.086 7.097 7.109 7.121 7.132 7.144 7.156 7.167 7.179 7.190 7.201 7.212 7.224 7.235 7.246 7.257 7.268 7.279 7.291 7.302 7.314 7.326 7.338 7.351 7.363 7.375 7.388 7.400 7.413 7.427 7.440 7.454 7.468 7.481
