TsunamiDB/out54036.asc
ncols          264
nrows          230
xllcorner      497853.4375
yllcorner      4229146.0000
cellsize         5.
NODATA_value   -99
[rows 192 to 223 of 230, columns 72 to 143 of 264]
1.648 1.651 1.685 1.809 2.029 2.316 2.634 2.949 3.236 3.482 3.684 3.846 3.975 4.080 4.166 4.239 4.304 4.363 4.417 4.469 4.518 4.566 4.612 4.657 4.700 4.742 4.782 4.823 4.863 4.902 4.940 4.978 5.016 5.053 5.090 5.128 5.165 5.203 5.241 5.279 5.319 5.358 5.399 5.440 5.481 5.524 5.566 5.608 5.649 5.690 5.731 5.770 5.807 5.842 5.874 5.902 5.927 5.949 5.968 5.985 6.002 6.019 6.039 6.061 6.087 6.116 6.150 6.186 6.226 6.268 6.312 6.356
1.648 1.658 1.723 1.889 2.140 2.445 2.767 3.075 3.348 3.578 3.765 3.914 4.032 4.129 4.209 4.279 4.340 4.397 4.450 4.500 4.548 4.594 4.639 4.682 4.725 4.765 4.805 4.844 4.883 4.920 4.957 4.994 5.030 5.066 5.101 5.137 5.173 5.209 5.245 5.282 5.320 5.359 5.398 5.438 5.479 5.521 5.562 5.605 5.646 5.687 5.728 5.768 5.806 5.842 5.875 5.905 5.931 5.954 5.973 5.990 6.005 6.020 6.036 6.055 6.076 6.102 6.132 6.166 6.204 6.246 6.289 6.334
1.649 1.674 1.778 1.982 2.260 2.576 2.897 3.195 3.454 3.668 3.840 3.976 4.085 4.175 4.251 4.317 4.376 4.431 4.482 4.531 4.578 4.623 4.666 4.709 4.750 4.789 4.828 4.866 4.904 4.940 4.976 5.011 5.046 5.080 5.114 5.147 5.181 5.216 5.251 5.286 5.323 5.360 5.398 5.437 5.477 5.518 5.560 5.601 5.643 5.684 5.725 5.765 5.804 5.841 5.875 5.906 5.933 5.956 5.976 5.993 6.007 6.021 6.035 6.050 6.068 6.090 6.117 6.148 6.183 6.223 6.266 6.310
1.653 1.704 1.849 2.086 2.385 2.708 3.024 3.310 3.553 3.751 3.909 4.034 4.135 4.219 4.291 4.355 4.412 4.465 4.515 4.562 4.608 4.652 4.694 4.736 4.776 4.814 4.852 4.890 4.926 4.961 4.996 5.030 5.063 5.095 5.128 5.160 5.192 5.225 5.258 5.292 5.326 5.362 5.399 5.437 5.476 5.516 5.557 5.599 5.640 5.680 5.722 5.762 5.801 5.839 5.873 5.905 5.933 5.958 5.978 5.996 6.010 6.023 6.035 6.048 6.063 6.082 6.105 6.133 6.165 6.202 6.243 6.286
1.664 1.749 1.934 2.200 2.514 2.839 3.148 3.419 3.645 3.828 3.972 4.088 4.182 4.262 4.330 4.391 4.447 4.498 4.547 4.594 4.638 4.681 4.723 4.763 4.803 4.840 4.877 4.914 4.949 4.983 5.017 5.050 5.082 5.113 5.144 5.174 5.205 5.235 5.267 5.299 5.332 5.366 5.402 5.438 5.476 5.516 5.556 5.597 5.637 5.678 5.719 5.759 5.799 5.836 5.871 5.904 5.933 5.958 5.980 5.998 6.013 6.026 6.038 6.049 6.063 6.079 6.099 6.123 6.152 6.186 6.224 6.265
1.686 1.811 2.031 2.321 2.644 2.968 3.265 3.520 3.730 3.897 4.031 4.138 4.227 4.302 4.368 4.427 4.481 4.531 4.579 4.625 4.669 4.711 4.752 4.791 4.830 4.867 4.903 4.938 4.973 5.007 5.039 5.071 5.102 5.132 5.161 5.190 5.219 5.248 5.278 5.308 5.339 5.371 5.405 5.441 5.478 5.516 5.555 5.595 5.635 5.675 5.716 5.757 5.796 5.834 5.869 5.902 5.932 5.958 5.981 6.000 6.016 6.030 6.042 6.054 6.067 6.082 6.099 6.121 6.146 6.177 6.212 6.250
1.723 1.888 2.140 2.447 2.776 3.093 3.376 3.614 3.807 3.961 4.085 4.185 4.268 4.340 4.404 4.461 4.514 4.564 4.611 4.656 4.699 4.740 4.781 4.820 4.858 4.894 4.929 4.964 4.998 5.031 5.063 5.094 5.124 5.153 5.181 5.209 5.236 5.263 5.291 5.319 5.348 5.379 5.411 5.445 5.480 5.517 5.555 5.595 5.634 5.674 5.714 5.754 5.793 5.831 5.867 5.900 5.931 5.958 5.982 6.003 6.020 6.036 6.049 6.062 6.075 6.089 6.106 6.125 6.148 6.175 6.207 6.242
1.776 1.979 2.256 2.577 2.905 3.212 3.479 3.700 3.878 4.020 4.134 4.228 4.308 4.377 4.439 4.495 4.547 4.596 4.642 4.687 4.729 4.770 4.809 4.848 4.885 4.921 4.955 4.990 5.024 5.056 5.087 5.118 5.147 5.175 5.203 5.229 5.255 5.281 5.307 5.333 5.360 5.389 5.419 5.451 5.484 5.520 5.557 5.595 5.633 5.672 5.712 5.752 5.791 5.829 5.865 5.898 5.930 5.958 5.983 6.006 6.025 6.042 6.058 6.072 6.086 6.101 6.117 6.135 6.157 6.181 6.210 6.242
1.844 2.081 2.380 2.708 3.031 3.324 3.574 3.779 3.942 4.074 4.180 4.269 4.345 4.412 4.472 4.528 4.579 4.627 4.673 4.717 4.759 4.799 4.838 4.876 4.913 4.948 4.982 5.017 5.050 5.082 5.113 5.143 5.172 5.200 5.226 5.252 5.277 5.301 5.325 5.349 5.375 5.401 5.429 5.458 5.490 5.524 5.559 5.596 5.633 5.672 5.711 5.750 5.789 5.827 5.863 5.897 5.929 5.958 5.985 6.009 6.030 6.050 6.068 6.084 6.100 6.116 6.133 6.151 6.171 6.194 6.221 6.250
1.928 2.193 2.508 2.838 3.152 3.430 3.662 3.851 4.001 4.123 4.223 4.307 4.380 4.446 4.505 4.559 4.610 4.658 4.704 4.747 4.788 4.828 4.867 4.904 4.941 4.976 5.009 5.043 5.076 5.108 5.139 5.169 5.197 5.225 5.251 5.276 5.300 5.323 5.346 5.369 5.392 5.416 5.441 5.469 5.498 5.530 5.563 5.599 5.635 5.672 5.710 5.749 5.787 5.825 5.861 5.895 5.928 5.958 5.987 6.012 6.036 6.058 6.078 6.098 6.116 6.134 6.152 6.171 6.191 6.213 6.238 6.265
2.024 2.313 2.638 2.965 3.267 3.528 3.743 3.916 4.055 4.168 4.262 4.343 4.414 4.478 4.536 4.590 4.640 4.688 4.733 4.776 4.817 4.857 4.895 4.932 4.969 5.003 5.037 5.070 5.103 5.135 5.165 5.195 5.224 5.251 5.277 5.302 5.326 5.348 5.370 5.391 5.412 5.434 5.457 5.482 5.509 5.538 5.569 5.603 5.637 5.673 5.710 5.748 5.786 5.823 5.859 5.894 5.928 5.959 5.989 6.016 6.042 6.067 6.090 6.112 6.132 6.153 6.173 6.193 6.213 6.235 6.260 6.286
2.131 2.439 2.769 3.089 3.376 3.619 3.817 3.976 4.105 4.210 4.300 4.377 4.446 4.508 4.566 4.619 4.670 4.717 4.762 4.805 4.846 4.885 4.923 4.960 4.996 5.030 5.063 5.097 5.129 5.161 5.192 5.222 5.250 5.278 5.304 5.329 5.353 5.375 5.396 5.416 5.436 5.456 5.477 5.499 5.523 5.549 5.578 5.609 5.641 5.675 5.711 5.748 5.785 5.822 5.859 5.894 5.928 5.960 5.991 6.021 6.049 6.076 6.102 6.126 6.150 6.172 6.194 6.216 6.238 6.261 6.286 6.311
2.248 2.569 2.898 3.207 3.477 3.702 3.884 4.031 4.150 4.250 4.335 4.409 4.476 4.538 4.595 4.648 4.698 4.745 4.790 4.833 4.873 4.913 4.951 4.987 5.023 5.057 5.090 5.123 5.156 5.188 5.218 5.248 5.277 5.305 5.332 5.357 5.381 5.403 5.424 5.444 5.463 5.481 5.500 5.519 5.541 5.564 5.589 5.618 5.647 5.679 5.714 5.750 5.786 5.822 5.858 5.894 5.929 5.962 5.995 6.026 6.056 6.086 6.114 6.141 6.168 6.193 6.217 6.241 6.265 6.289 6.314 6.340
2.371 2.699 3.023 3.319 3.571 3.779 3.947 4.082 4.193 4.286 4.368 4.440 4.506 4.566 4.622 4.675 4.725 4.772 4.817 4.860 4.900 4.940 4.977 5.014 5.050 5.083 5.116 5.150 5.182 5.214 5.245 5.275 5.304 5.333 5.360 5.386 5.410 5.433 5.454 5.474 5.492 5.510 5.527 5.544 5.562 5.582 5.605 5.630 5.657 5.686 5.719 5.753 5.788 5.824 5.860 5.895 5.930 5.965 5.999 6.032 6.064 6.096 6.127 6.157 6.186 6.214 6.240 6.266 6.292 6.317 6.344 6.370
2.499 2.830 3.144 3.424 3.659 3.850 4.004 4.129 4.232 4.321 4.399 4.469 4.533 4.593 4.649 4.702 4.751 4.798 4.843 4.886 4.927 4.966 5.003 5.040 5.075 5.109 5.142 5.175 5.208 5.239 5.271 5.301 5.331 5.360 5.387 5.414 5.439 5.463 5.485 5.505 5.524 5.541 5.557 5.573 5.589 5.606 5.625 5.646 5.670 5.697 5.727 5.759 5.792 5.827 5.862 5.898 5.933 5.969 6.004 6.039 6.073 6.107 6.141 6.173 6.205 6.235 6.264 6.292 6.320 6.347 6.374 6.402
2.630 2.958 3.260 3.522 3.739 3.915 4.056 4.172 4.270 4.354 4.429 4.497 4.560 4.619 4.675 4.727 4.777 4.824 4.868 4.911 4.952 4.991 5.029 5.065 5.100 5.134 5.167 5.200 5.232 5.264 5.296 5.327 5.357 5.386 5.415 5.442 5.468 5.493 5.516 5.537 5.557 5.574 5.590 5.605 5.619 5.633 5.649 5.667 5.688 5.711 5.738 5.767 5.799 5.832 5.867 5.902 5.938 5.974 6.010 6.047 6.083 6.119 6.155 6.190 6.224 6.257 6.288 6.319 6.348 6.377 6.405 6.434
2.761 3.082 3.370 3.614 3.814 3.975 4.105 4.213 4.305 4.386 4.458 4.525 4.586 4.645 4.699 4.752 4.801 4.848 4.893 4.936 4.976 5.015 5.053 5.089 5.125 5.158 5.191 5.224 5.257 5.289 5.320 5.351 5.382 5.412 5.441 5.469 5.497 5.523 5.547 5.570 5.590 5.609 5.625 5.639 5.652 5.665 5.678 5.693 5.709 5.729 5.753 5.779 5.808 5.840 5.873 5.908 5.944 5.980 6.018 6.055 6.094 6.132 6.170 6.207 6.244 6.279 6.313 6.345 6.376 6.407 6.437 6.466
2.892 3.201 3.473 3.699 3.882 4.030 4.151 4.252 4.339 4.416 4.486 4.551 4.612 4.669 4.724 4.775 4.825 4.872 4.916 4.959 5.000 5.039 5.077 5.113 5.148 5.182 5.215 5.247 5.280 5.312 5.343 5.375 5.406 5.436 5.466 5.496 5.524 5.552 5.577 5.602 5.624 5.643 5.661 5.676 5.689 5.700 5.712 5.723 5.736 5.752 5.772 5.795 5.821 5.850 5.882 5.916 5.951 5.988 6.026 6.065 6.105 6.145 6.186 6.225 6.264 6.302 6.338 6.372 6.405 6.438 6.469 6.499
3.019 3.315 3.569 3.778 3.946 4.082 4.193 4.288 4.371 4.445 4.513 4.576 4.636 4.693 4.747 4.798 4.847 4.894 4.939 4.982 5.023 5.062 5.100 5.136 5.171 5.204 5.237 5.270 5.302 5.334 5.366 5.397 5.429 5.460 5.491 5.521 5.551 5.579 5.607 5.633 5.656 5.678 5.697 5.713 5.727 5.738 5.748 5.757 5.767 5.780 5.796 5.815 5.838 5.864 5.894 5.926 5.961 5.998 6.036 6.076 6.118 6.159 6.202 6.243 6.285 6.324 6.363 6.399 6.434 6.468 6.500 6.532
3.142 3.423 3.659 3.850 4.004 4.130 4.234 4.323 4.401 4.473 4.539 4.601 4.660 4.716 4.770 4.821 4.870 4.916 4.961 5.004 5.045 5.084 5.122 5.158 5.192 5.225 5.259 5.291 5.324 5.356 5.387 5.419 5.451 5.482 5.514 5.545 5.575 5.605 5.634 5.662 5.688 5.711 5.732 5.750 5.765 5.777 5.787 5.794 5.802 5.812 5.824 5.839 5.859 5.882 5.909 5.939 5.973 6.009 6.048 6.088 6.131 6.174 6.218 6.262 6.305 6.347 6.388 6.427 6.464 6.499 6.532 6.565
3.260 3.524 3.741 3.917 4.059 4.174 4.272 4.356 4.431 4.500 4.565 4.626 4.684 4.739 4.792 4.843 4.891 4.938 4.983 5.025 5.066 5.105 5.143 5.179 5.213 5.246 5.280 5.312 5.344 5.376 5.408 5.439 5.471 5.503 5.535 5.567 5.599 5.630 5.661 5.690 5.718 5.743 5.766 5.786 5.803 5.816 5.826 5.834 5.840 5.847 5.856 5.868 5.884 5.903 5.927 5.955 5.987 6.022 6.061 6.102 6.145 6.190 6.235 6.281 6.326 6.370 6.413 6.454 6.493 6.530 6.564 6.597
3.372 3.617 3.818 3.979 4.109 4.217 4.308 4.388 4.460 4.527 4.590 4.649 4.706 4.761 4.813 4.864 4.912 4.959 5.003 5.046 5.087 5.126 5.164 5.200 5.234 5.267 5.300 5.332 5.364 5.396 5.427 5.459 5.491 5.523 5.555 5.588 5.621 5.653 5.685 5.716 5.745 5.773 5.798 5.820 5.839 5.854 5.866 5.873 5.879 5.885 5.892 5.901 5.913 5.929 5.950 5.975 6.005 6.038 6.076 6.117 6.160 6.206 6.252 6.300 6.347 6.393 6.438 6.481 6.521 6.560 6.596 6.629
3.477 3.704 3.888 4.036 4.156 4.256 4.342 4.419 4.488 4.553 4.614 4.673 4.729 4.783 4.835 4.885 4.933 4.979 5.023 5.066 5.107 5.146 5.184 5.220 5.254 5.287 5.319 5.352 5.383 5.415 5.446 5.477 5.509 5.542 5.574 5.607 5.641 5.674 5.707 5.739 5.770 5.800 5.827 5.851 5.872 5.890 5.903 5.913 5.919 5.924 5.930 5.936 5.946 5.959 5.976 5.998 6.025 6.057 6.093 6.133 6.177 6.223 6.270 6.319 6.368 6.416 6.463 6.508 6.550 6.590 6.627 6.661
3.574 3.784 3.953 4.089 4.201 4.294 4.376 4.449 4.516 4.579 4.639 4.696 4.751 4.804 4.855 4.905 4.953 4.999 5.043 5.086 5.127 5.166 5.203 5.239 5.273 5.306 5.339 5.371 5.402 5.433 5.464 5.495 5.527 5.559 5.592 5.626 5.659 5.693 5.727 5.761 5.793 5.824 5.853 5.880 5.903 5.923 5.939 5.950 5.957 5.964 5.969 5.974 5.981 5.992 6.006 6.026 6.050 6.079 6.114 6.152 6.195 6.241 6.289 6.338 6.388 6.438 6.487 6.534 6.579 6.620 6.658 6.694
3.665 3.858 4.013 4.138 4.242 4.330 4.408 4.478 4.543 4.604 4.663 4.719 4.773 4.825 4.876 4.925 4.972 5.018 5.062 5.105 5.146 5.185 5.223 5.259 5.292 5.325 5.358 5.389 5.420 5.451 5.482 5.513 5.544 5.576 5.609 5.643 5.677 5.711 5.746 5.780 5.814 5.846 5.877 5.905 5.931 5.953 5.971 5.984 5.994 6.001 6.007 6.013 6.019 6.028 6.040 6.057 6.079 6.105 6.137 6.174 6.215 6.260 6.308 6.358 6.410 6.461 6.511 6.560 6.607 6.650 6.690 6.726
3.747 3.925 4.067 4.184 4.281 4.365 4.439 4.507 4.570 4.630 4.687 4.741 4.794 4.846 4.896 4.944 4.991 5.037 5.081 5.123 5.164 5.204 5.241 5.278 5.311 5.344 5.376 5.408 5.439 5.469 5.499 5.530 5.561 5.593 5.625 5.659 5.693 5.728 5.763 5.798 5.832 5.866 5.898 5.928 5.955 5.979 6.000 6.015 6.027 6.037 6.045 6.051 6.058 6.066 6.077 6.092 6.111 6.135 6.164 6.199 6.238 6.282 6.329 6.379 6.431 6.484 6.536 6.587 6.635 6.680 6.721 6.758
3.823 3.986 4.118 4.226 4.318 4.398 4.469 4.535 4.596 4.655 4.710 4.764 4.816 4.867 4.916 4.964 5.010 5.056 5.099 5.142 5.183 5.222 5.260 5.296 5.330 5.363 5.395 5.426 5.457 5.487 5.517 5.547 5.578 5.609 5.641 5.674 5.708 5.743 5.778 5.813 5.848 5.883 5.916 5.947 5.976 6.002 6.025 6.043 6.057 6.070 6.079 6.088 6.096 6.105 6.115 6.129 6.146 6.168 6.195 6.227 6.264 6.306 6.352 6.402 6.453 6.507 6.560 6.613 6.663 6.710 6.753 6.792
3.892 4.042 4.164 4.266 4.353 4.429 4.499 4.563 4.622 4.679 4.734 4.787 4.838 4.887 4.936 4.983 5.029 5.074 5.117 5.160 5.200 5.240 5.278 5.314 5.348 5.381 5.414 5.445 5.475 5.505 5.535 5.564 5.594 5.625 5.656 5.689 5.722 5.756 5.792 5.827 5.862 5.897 5.931 5.964 5.994 6.021 6.046 6.066 6.083 6.099 6.111 6.122 6.133 6.143 6.154 6.168 6.184 6.204 6.229 6.259 6.293 6.333 6.377 6.425 6.477 6.531 6.585 6.639 6.692 6.742 6.787 6.830
3.956 4.094 4.207 4.303 4.386 4.460 4.527 4.589 4.648 4.704 4.758 4.809 4.859 4.908 4.956 5.002 5.048 5.092 5.135 5.177 5.218 5.257 5.295 5.332 5.367 5.400 5.432 5.464 5.494 5.524 5.553 5.582 5.611 5.641 5.672 5.703 5.736 5.770 5.804 5.839 5.875 5.910 5.944 5.977 6.008 6.037 6.064 6.086 6.106 6.124 6.140 6.154 6.167 6.180 6.193 6.207 6.224 6.243 6.266 6.293 6.325 6.362 6.404 6.451 6.502 6.556 6.611 6.667 6.722 6.774 6.824 6.871
4.014 4.141 4.247 4.338 4.417 4.489 4.555 4.616 4.673 4.728 4.781 4.832 4.881 4.929 4.976 5.022 5.066 5.110 5.153 5.194 5.235 5.274 5.313 5.350 5.384 5.418 5.451 5.482 5.513 5.542 5.571 5.600 5.628 5.657 5.687 5.717 5.749 5.782 5.816 5.850 5.885 5.920 5.955 5.988 6.020 6.050 6.078 6.103 6.125 6.146 6.165 6.182 6.199 6.214 6.230 6.246 6.263 6.282 6.304 6.330 6.360 6.395 6.435 6.480 6.529 6.583 6.639 6.696 6.753 6.809 6.864 6.915
4.067 4.185 4.285 4.371 4.448 4.517 4.581 4.641 4.698 4.752 4.804 4.854 4.903 4.950 4.996 5.041 5.085 5.128 5.170 5.211 5.252 5.291 5.329 5.367 5.401 5.435 5.468 5.500 5.531 5.561 5.590 5.618 5.646 5.674 5.703 5.732 5.762 5.794 5.826 5.860 5.894 5.929 5.963 5.997 6.029 6.060 6.090 6.116 6.141 6.164 6.186 6.207 6.227 6.246 6.265 6.283 6.302 6.322 6.344 6.369 6.397 6.430 6.467 6.510 6.559 6.612 6.669 6.727 6.787 6.847 6.906 6.961
4.116 4.226 4.320 4.402 4.476 4.544 4.607 4.666 4.722 4.776 4.827 4.877 4.925 4.971 5.016 5.061 5.104 5.146 5.188 5.229 5.269 5.308 5.346 5.383 5.418 5.452 5.486 5.518 5.549 5.579 5.608 5.636 5.664 5.691 5.719 5.747 5.776 5.806 5.837 5.869 5.902 5.936 5.970 6.003 6.036 6.068 6.098 6.126 6.153 6.179 6.205 6.229 6.253 6.275 6.297 6.318 6.339 6.361 6.383 6.408 6.435 6.466 6.501 6.542 6.590 6.643 6.701 6.760 6.823 6.887 6.949 7.010
