TsunamiDB/out54196.asc
ncols          264
nrows          230
xllcorner      497853.4375
yllcorner      4229146.0000
cellsize         5.
NODATA_value   -99
[rows 34 to 67 of 230, columns 154 to 230 of 264]
6.773 6.779 6.784 6.789 6.794 6.799 6.804 6.809 6.814 6.819 6.823 6.827 6.832 6.835 6.839 6.843 6.846 6.849 6.852 6.855 6.858 6.860 6.863 6.865 6.867 6.869 6.872 6.874 6.876 6.879 6.882 6.884 6.887 6.890 6.894 6.897 6.901 6.905 6.908 6.912 6.916 6.920 6.924 6.928 6.931 6.935 6.938 6.940 6.943 6.945 6.946 6.948 6.948 6.949 6.949 6.949 6.948 6.947 6.945 6.944 6.941 6.939 6.936 6.933 6.929 6.926 6.922 6.918 6.914 6.909 6.904 6.899 6.894 6.888 6.883 6.877 6.872
6.780 6.785 6.790 6.795 6.801 6.806 6.811 6.816 6.821 6.826 6.830 6.835 6.839 6.843 6.847 6.851 6.854 6.857 6.861 6.864 6.867 6.870 6.872 6.875 6.877 6.880 6.882 6.885 6.887 6.890 6.893 6.896 6.899 6.902 6.906 6.909 6.913 6.917 6.921 6.925 6.929 6.933 6.938 6.942 6.946 6.949 6.953 6.956 6.958 6.961 6.963 6.964 6.966 6.966 6.967 6.967 6.966 6.966 6.964 6.963 6.961 6.958 6.956 6.953 6.949 6.946 6.942 6.938 6.933 6.929 6.924 6.918 6.912 6.906 6.901 6.895 6.889
6.785 6.791 6.796 6.801 6.806 6.811 6.817 6.822 6.827 6.832 6.836 6.841 6.845 6.850 6.854 6.858 6.861 6.865 6.868 6.871 6.875 6.878 6.881 6.884 6.886 6.889 6.891 6.894 6.897 6.900 6.903 6.906 6.909 6.913 6.916 6.920 6.924 6.928 6.932 6.936 6.941 6.945 6.950 6.954 6.958 6.962 6.966 6.969 6.972 6.975 6.978 6.979 6.981 6.982 6.983 6.983 6.983 6.983 6.982 6.980 6.979 6.977 6.974 6.971 6.968 6.964 6.961 6.957 6.952 6.948 6.942 6.937 6.930 6.924 6.918 6.911 6.905
6.791 6.796 6.801 6.806 6.812 6.817 6.822 6.827 6.832 6.837 6.842 6.847 6.851 6.856 6.860 6.864 6.868 6.871 6.875 6.878 6.882 6.885 6.888 6.891 6.894 6.897 6.899 6.902 6.905 6.908 6.911 6.914 6.918 6.921 6.925 6.929 6.933 6.937 6.942 6.946 6.950 6.955 6.960 6.964 6.969 6.973 6.977 6.981 6.984 6.987 6.990 6.992 6.994 6.996 6.997 6.998 6.998 6.998 6.997 6.996 6.995 6.993 6.990 6.988 6.985 6.982 6.978 6.974 6.970 6.965 6.960 6.954 6.947 6.941 6.934 6.927 6.920
6.795 6.801 6.806 6.811 6.816 6.822 6.827 6.832 6.837 6.842 6.847 6.852 6.856 6.861 6.865 6.869 6.873 6.877 6.881 6.884 6.888 6.891 6.894 6.897 6.900 6.903 6.906 6.909 6.912 6.915 6.918 6.922 6.925 6.929 6.932 6.936 6.941 6.945 6.949 6.954 6.958 6.963 6.968 6.973 6.978 6.982 6.986 6.990 6.994 6.997 7.000 7.003 7.005 7.007 7.008 7.009 7.010 7.010 7.010 7.009 7.008 7.006 7.005 7.002 6.999 6.996 6.993 6.990 6.985 6.980 6.975 6.969 6.962 6.955 6.948 6.941 6.934
6.800 6.805 6.810 6.816 6.821 6.826 6.831 6.836 6.842 6.847 6.851 6.856 6.861 6.865 6.870 6.874 6.878 6.882 6.886 6.889 6.893 6.897 6.900 6.903 6.906 6.909 6.912 6.915 6.918 6.921 6.924 6.928 6.931 6.935 6.939 6.943 6.947 6.951 6.956 6.960 6.965 6.970 6.975 6.980 6.985 6.989 6.993 6.998 7.001 7.005 7.008 7.011 7.014 7.016 7.018 7.019 7.020 7.020 7.020 7.020 7.019 7.018 7.016 7.014 7.011 7.009 7.006 7.002 6.998 6.993 6.988 6.982 6.975 6.968 6.960 6.952 6.945
6.804 6.810 6.815 6.820 6.825 6.830 6.836 6.841 6.846 6.851 6.856 6.860 6.865 6.870 6.874 6.878 6.883 6.886 6.890 6.894 6.898 6.902 6.905 6.908 6.911 6.914 6.917 6.920 6.923 6.927 6.930 6.933 6.937 6.940 6.944 6.948 6.952 6.957 6.961 6.966 6.970 6.975 6.980 6.985 6.990 6.995 6.999 7.004 7.008 7.011 7.015 7.018 7.021 7.023 7.025 7.026 7.028 7.028 7.029 7.028 7.028 7.027 7.025 7.023 7.021 7.019 7.016 7.012 7.008 7.004 6.998 6.992 6.985 6.978 6.970 6.962 6.954
6.808 6.814 6.819 6.824 6.829 6.834 6.839 6.845 6.850 6.855 6.860 6.864 6.869 6.874 6.878 6.882 6.887 6.891 6.895 6.898 6.902 6.906 6.909 6.913 6.916 6.919 6.922 6.925 6.928 6.931 6.935 6.938 6.941 6.945 6.949 6.953 6.957 6.961 6.966 6.970 6.975 6.980 6.985 6.990 6.995 6.999 7.004 7.008 7.012 7.016 7.020 7.023 7.026 7.028 7.031 7.032 7.034 7.034 7.035 7.035 7.034 7.034 7.032 7.031 7.028 7.026 7.023 7.020 7.016 7.012 7.007 7.000 6.993 6.986 6.978 6.969 6.960
6.812 6.817 6.823 6.828 6.833 6.838 6.843 6.848 6.853 6.858 6.863 6.868 6.873 6.877 6.882 6.886 6.890 6.894 6.898 6.902 6.906 6.910 6.913 6.917 6.920 6.923 6.926 6.929 6.932 6.936 6.939 6.942 6.946 6.949 6.953 6.957 6.961 6.965 6.970 6.974 6.979 6.984 6.989 6.994 6.999 7.003 7.008 7.012 7.016 7.020 7.024 7.027 7.030 7.033 7.035 7.037 7.038 7.039 7.040 7.040 7.040 7.039 7.038 7.036 7.034 7.032 7.029 7.026 7.022 7.018 7.013 7.007 6.999 6.991 6.983 6.974 6.965
6.816 6.821 6.826 6.831 6.836 6.841 6.847 6.852 6.857 6.862 6.867 6.872 6.876 6.881 6.885 6.890 6.894 6.898 6.902 6.906 6.910 6.914 6.917 6.920 6.924 6.927 6.930 6.933 6.936 6.939 6.943 6.946 6.950 6.953 6.957 6.961 6.965 6.969 6.973 6.978 6.982 6.987 6.992 6.997 7.002 7.006 7.011 7.015 7.019 7.023 7.027 7.030 7.033 7.036 7.038 7.040 7.042 7.043 7.043 7.044 7.044 7.043 7.042 7.040 7.039 7.037 7.034 7.031 7.027 7.023 7.018 7.011 7.004 6.996 6.987 6.977 6.968
6.819 6.824 6.829 6.834 6.840 6.845 6.850 6.855 6.860 6.865 6.870 6.875 6.880 6.884 6.889 6.893 6.897 6.901 6.905 6.909 6.914 6.917 6.921 6.924 6.927 6.930 6.934 6.937 6.940 6.943 6.946 6.950 6.953 6.957 6.960 6.964 6.968 6.972 6.976 6.981 6.985 6.990 6.995 7.000 7.004 7.009 7.013 7.018 7.022 7.026 7.029 7.033 7.036 7.039 7.041 7.043 7.044 7.046 7.046 7.047 7.047 7.046 7.045 7.044 7.042 7.040 7.038 7.035 7.031 7.027 7.022 7.015 7.007 6.999 6.990 6.980 6.970
6.823 6.827 6.832 6.837 6.843 6.848 6.853 6.858 6.863 6.868 6.873 6.878 6.883 6.887 6.892 6.896 6.900 6.905 6.909 6.913 6.917 6.920 6.924 6.927 6.931 6.934 6.937 6.940 6.943 6.946 6.950 6.953 6.956 6.960 6.963 6.967 6.971 6.975 6.979 6.984 6.988 6.993 6.997 7.002 7.007 7.011 7.016 7.020 7.024 7.028 7.032 7.035 7.038 7.041 7.043 7.045 7.047 7.048 7.049 7.049 7.049 7.049 7.048 7.047 7.045 7.043 7.041 7.037 7.034 7.030 7.024 7.018 7.009 7.000 6.991 6.981 6.970
6.826 6.830 6.835 6.840 6.845 6.850 6.855 6.861 6.866 6.871 6.876 6.880 6.885 6.890 6.895 6.899 6.903 6.907 6.912 6.916 6.920 6.923 6.927 6.930 6.934 6.937 6.940 6.943 6.946 6.950 6.953 6.956 6.959 6.963 6.966 6.970 6.974 6.978 6.982 6.986 6.990 6.995 7.000 7.004 7.009 7.013 7.018 7.022 7.026 7.030 7.033 7.037 7.040 7.043 7.045 7.047 7.049 7.050 7.051 7.051 7.051 7.051 7.050 7.049 7.047 7.045 7.043 7.040 7.036 7.032 7.026 7.019 7.010 7.001 6.992 6.981 6.970
6.828 6.833 6.838 6.843 6.848 6.853 6.858 6.863 6.868 6.873 6.878 6.883 6.888 6.892 6.897 6.902 6.906 6.910 6.914 6.919 6.923 6.926 6.930 6.933 6.936 6.940 6.943 6.946 6.949 6.952 6.956 6.959 6.962 6.965 6.969 6.973 6.976 6.980 6.984 6.988 6.993 6.997 7.002 7.006 7.011 7.015 7.019 7.024 7.028 7.031 7.035 7.038 7.041 7.044 7.046 7.048 7.050 7.051 7.052 7.053 7.053 7.052 7.051 7.050 7.049 7.047 7.044 7.041 7.038 7.034 7.028 7.020 7.011 7.002 6.992 6.981 6.970
6.831 6.836 6.840 6.845 6.850 6.855 6.860 6.865 6.870 6.875 6.880 6.885 6.890 6.895 6.899 6.904 6.908 6.912 6.917 6.921 6.925 6.929 6.932 6.936 6.939 6.942 6.946 6.949 6.952 6.955 6.958 6.961 6.965 6.968 6.971 6.975 6.978 6.982 6.986 6.990 6.994 6.999 7.003 7.008 7.012 7.016 7.021 7.025 7.029 7.033 7.036 7.039 7.042 7.045 7.048 7.050 7.051 7.052 7.053 7.054 7.054 7.053 7.053 7.051 7.050 7.048 7.046 7.043 7.039 7.035 7.029 7.021 7.012 7.002 6.992 6.980 6.969
6.833 6.838 6.843 6.847 6.852 6.857 6.862 6.867 6.872 6.877 6.882 6.887 6.892 6.897 6.901 6.906 6.910 6.915 6.919 6.923 6.927 6.931 6.935 6.938 6.941 6.945 6.948 6.951 6.954 6.957 6.960 6.963 6.967 6.970 6.973 6.977 6.980 6.984 6.988 6.992 6.996 7.000 7.005 7.009 7.013 7.018 7.022 7.026 7.030 7.034 7.037 7.040 7.043 7.046 7.048 7.050 7.052 7.053 7.054 7.055 7.055 7.054 7.054 7.052 7.051 7.049 7.047 7.044 7.040 7.036 7.030 7.022 7.012 7.002 6.992 6.980 6.970
6.836 6.840 6.845 6.849 6.854 6.859 6.864 6.869 6.874 6.879 6.884 6.889 6.894 6.898 6.903 6.908 6.912 6.916 6.921 6.925 6.929 6.933 6.937 6.940 6.943 6.947 6.950 6.953 6.956 6.959 6.962 6.965 6.968 6.972 6.975 6.978 6.982 6.986 6.989 6.993 6.997 7.001 7.006 7.010 7.014 7.018 7.023 7.027 7.030 7.034 7.038 7.041 7.044 7.047 7.049 7.051 7.053 7.054 7.055 7.055 7.055 7.055 7.054 7.053 7.051 7.050 7.047 7.044 7.041 7.036 7.030 7.022 7.012 7.002 6.992 6.980 6.970
6.838 6.842 6.847 6.851 6.856 6.861 6.865 6.870 6.875 6.880 6.885 6.890 6.895 6.900 6.904 6.909 6.914 6.918 6.922 6.927 6.931 6.935 6.938 6.942 6.945 6.948 6.951 6.955 6.958 6.961 6.964 6.967 6.970 6.973 6.976 6.980 6.983 6.987 6.990 6.994 6.998 7.002 7.006 7.011 7.015 7.019 7.023 7.027 7.031 7.034 7.038 7.041 7.044 7.047 7.049 7.051 7.053 7.054 7.055 7.055 7.055 7.055 7.054 7.053 7.052 7.050 7.048 7.045 7.041 7.037 7.031 7.022 7.012 7.002 6.992 6.981 6.970
6.839 6.844 6.848 6.853 6.857 6.862 6.867 6.872 6.876 6.881 6.886 6.891 6.896 6.901 6.905 6.910 6.915 6.919 6.923 6.928 6.932 6.936 6.939 6.943 6.946 6.950 6.953 6.956 6.959 6.962 6.965 6.968 6.971 6.974 6.977 6.981 6.984 6.987 6.991 6.995 6.998 7.002 7.007 7.011 7.015 7.019 7.023 7.027 7.031 7.034 7.038 7.041 7.044 7.047 7.049 7.051 7.053 7.054 7.055 7.055 7.055 7.055 7.054 7.053 7.052 7.050 7.048 7.045 7.041 7.037 7.031 7.022 7.012 7.002 6.992 6.981 6.971
6.841 6.845 6.850 6.854 6.859 6.863 6.868 6.873 6.877 6.882 6.887 6.892 6.897 6.902 6.906 6.911 6.915 6.920 6.924 6.929 6.933 6.937 6.940 6.944 6.947 6.951 6.954 6.957 6.960 6.963 6.966 6.969 6.972 6.975 6.978 6.981 6.984 6.988 6.991 6.995 6.999 7.003 7.007 7.011 7.015 7.019 7.023 7.027 7.030 7.034 7.038 7.041 7.044 7.046 7.049 7.051 7.052 7.054 7.054 7.055 7.055 7.055 7.054 7.053 7.051 7.050 7.047 7.045 7.041 7.037 7.031 7.022 7.012 7.002 6.992 6.981 6.971
6.843 6.847 6.851 6.855 6.860 6.864 6.869 6.873 6.878 6.883 6.888 6.892 6.897 6.902 6.907 6.911 6.916 6.920 6.925 6.929 6.934 6.937 6.941 6.945 6.948 6.951 6.955 6.958 6.961 6.964 6.967 6.969 6.972 6.975 6.978 6.981 6.985 6.988 6.991 6.995 6.998 7.002 7.006 7.011 7.014 7.018 7.022 7.026 7.030 7.033 7.037 7.040 7.043 7.046 7.048 7.050 7.052 7.053 7.054 7.054 7.054 7.054 7.053 7.052 7.051 7.049 7.047 7.044 7.041 7.036 7.030 7.022 7.012 7.002 6.992 6.981 6.971
6.844 6.848 6.852 6.856 6.860 6.865 6.869 6.874 6.879 6.883 6.888 6.893 6.898 6.902 6.907 6.912 6.916 6.921 6.925 6.930 6.934 6.938 6.941 6.945 6.948 6.952 6.955 6.958 6.961 6.964 6.967 6.970 6.973 6.975 6.978 6.981 6.985 6.988 6.991 6.994 6.998 7.002 7.006 7.010 7.014 7.017 7.021 7.025 7.029 7.032 7.036 7.039 7.042 7.045 7.047 7.049 7.051 7.052 7.053 7.053 7.054 7.053 7.053 7.052 7.050 7.049 7.046 7.044 7.040 7.036 7.030 7.021 7.011 7.001 6.991 6.980 6.971
6.845 6.849 6.853 6.857 6.861 6.865 6.870 6.874 6.879 6.883 6.888 6.893 6.898 6.902 6.907 6.911 6.916 6.921 6.925 6.929 6.934 6.938 6.941 6.945 6.948 6.952 6.955 6.958 6.961 6.964 6.967 6.970 6.972 6.975 6.978 6.981 6.984 6.987 6.990 6.994 6.997 7.001 7.005 7.009 7.013 7.016 7.020 7.024 7.028 7.031 7.034 7.038 7.041 7.043 7.046 7.048 7.049 7.051 7.052 7.052 7.052 7.052 7.052 7.051 7.050 7.048 7.046 7.043 7.040 7.035 7.029 7.021 7.010 7.000 6.990 6.979 6.970
6.846 6.850 6.854 6.858 6.862 6.866 6.870 6.874 6.879 6.883 6.888 6.893 6.897 6.902 6.907 6.911 6.916 6.920 6.925 6.929 6.933 6.937 6.941 6.945 6.948 6.951 6.955 6.958 6.961 6.964 6.966 6.969 6.972 6.975 6.978 6.980 6.983 6.986 6.989 6.993 6.996 7.000 7.004 7.007 7.011 7.015 7.019 7.022 7.026 7.029 7.033 7.036 7.039 7.042 7.044 7.046 7.048 7.049 7.050 7.051 7.051 7.051 7.050 7.049 7.048 7.047 7.045 7.042 7.039 7.035 7.029 7.020 7.009 6.999 6.989 6.979 6.970
6.847 6.851 6.854 6.858 6.862 6.866 6.870 6.874 6.879 6.883 6.888 6.892 6.897 6.901 6.906 6.911 6.915 6.920 6.924 6.928 6.933 6.937 6.940 6.944 6.948 6.951 6.954 6.957 6.960 6.963 6.966 6.969 6.971 6.974 6.977 6.980 6.982 6.985 6.988 6.991 6.995 6.998 7.002 7.006 7.009 7.013 7.017 7.020 7.024 7.028 7.031 7.034 7.037 7.040 7.042 7.044 7.046 7.048 7.049 7.049 7.050 7.049 7.049 7.048 7.047 7.046 7.043 7.041 7.038 7.034 7.028 7.019 7.008 6.999 6.989 6.978 6.970
6.848 6.851 6.855 6.858 6.862 6.866 6.870 6.874 6.878 6.883 6.887 6.892 6.896 6.901 6.905 6.910 6.914 6.919 6.923 6.928 6.932 6.936 6.940 6.943 6.947 6.950 6.953 6.956 6.959 6.962 6.965 6.968 6.970 6.973 6.976 6.978 6.981 6.984 6.987 6.990 6.993 6.997 7.000 7.004 7.007 7.011 7.015 7.018 7.022 7.025 7.029 7.032 7.035 7.038 7.040 7.042 7.044 7.046 7.047 7.048 7.048 7.048 7.047 7.047 7.046 7.044 7.042 7.040 7.037 7.033 7.027 7.018 7.007 6.998 6.988 6.978 6.971
6.848 6.852 6.855 6.859 6.862 6.866 6.870 6.874 6.878 6.882 6.887 6.891 6.895 6.900 6.904 6.909 6.913 6.918 6.922 6.926 6.931 6.935 6.939 6.942 6.946 6.949 6.952 6.955 6.958 6.961 6.964 6.967 6.969 6.972 6.974 6.977 6.980 6.982 6.985 6.988 6.991 6.995 6.998 7.002 7.005 7.009 7.012 7.016 7.020 7.023 7.026 7.030 7.033 7.035 7.038 7.040 7.042 7.044 7.045 7.046 7.046 7.046 7.046 7.045 7.044 7.043 7.041 7.039 7.036 7.032 7.026 7.017 7.007 6.997 6.988 6.979 6.972
6.849 6.852 6.855 6.859 6.862 6.866 6.870 6.873 6.877 6.882 6.886 6.890 6.894 6.899 6.903 6.907 6.912 6.916 6.921 6.925 6.929 6.933 6.937 6.941 6.944 6.948 6.951 6.954 6.957 6.960 6.962 6.965 6.968 6.970 6.973 6.975 6.978 6.981 6.983 6.986 6.989 6.993 6.996 7.000 7.003 7.006 7.010 7.013 7.017 7.020 7.024 7.027 7.030 7.033 7.036 7.038 7.040 7.041 7.043 7.044 7.044 7.044 7.044 7.043 7.043 7.041 7.040 7.037 7.035 7.031 7.025 7.017 7.006 6.997 6.988 6.979 6.973
6.849 6.852 6.855 6.858 6.862 6.865 6.869 6.873 6.877 6.881 6.885 6.889 6.893 6.897 6.902 6.906 6.910 6.915 6.919 6.924 6.928 6.932 6.936 6.939 6.943 6.946 6.949 6.952 6.955 6.958 6.961 6.964 6.966 6.969 6.971 6.974 6.976 6.979 6.982 6.984 6.987 6.991 6.994 6.997 7.000 7.004 7.007 7.011 7.014 7.018 7.021 7.024 7.027 7.030 7.033 7.035 7.037 7.039 7.040 7.041 7.042 7.042 7.042 7.042 7.041 7.040 7.038 7.036 7.034 7.030 7.025 7.016 7.006 6.997 6.988 6.979 6.974
6.849 6.852 6.855 6.858 6.861 6.865 6.868 6.872 6.876 6.880 6.884 6.888 6.892 6.896 6.900 6.905 6.909 6.913 6.917 6.922 6.926 6.930 6.934 6.937 6.941 6.944 6.948 6.951 6.954 6.957 6.959 6.962 6.964 6.967 6.969 6.972 6.974 6.977 6.979 6.982 6.985 6.988 6.991 6.995 6.998 7.001 7.004 7.008 7.011 7.015 7.018 7.021 7.025 7.027 7.030 7.033 7.035 7.036 7.038 7.039 7.040 7.040 7.040 7.040 7.039 7.038 7.037 7.035 7.033 7.030 7.024 7.016 7.005 6.997 6.988 6.980 6.975
6.849 6.852 6.855 6.858 6.861 6.864 6.868 6.871 6.875 6.879 6.882 6.886 6.890 6.894 6.899 6.903 6.907 6.911 6.916 6.920 6.924 6.928 6.932 6.936 6.939 6.942 6.946 6.949 6.952 6.955 6.957 6.960 6.963 6.965 6.967 6.970 6.972 6.975 6.977 6.980 6.983 6.986 6.989 6.992 6.995 6.998 7.002 7.005 7.008 7.012 7.015 7.018 7.022 7.025 7.027 7.030 7.032 7.034 7.035 7.037 7.037 7.038 7.038 7.038 7.038 7.037 7.035 7.034 7.032 7.029 7.024 7.015 7.005 6.997 6.988 6.980 6.975
6.849 6.852 6.854 6.857 6.860 6.863 6.867 6.870 6.874 6.877 6.881 6.885 6.889 6.893 6.897 6.901 6.905 6.909 6.914 6.918 6.922 6.926 6.930 6.933 6.937 6.940 6.944 6.947 6.950 6.953 6.955 6.958 6.961 6.963 6.965 6.968 6.970 6.973 6.975 6.978 6.980 6.983 6.986 6.989 6.992 6.995 6.999 7.002 7.005 7.009 7.012 7.015 7.019 7.022 7.024 7.027 7.029 7.031 7.033 7.034 7.035 7.036 7.036 7.036 7.036 7.035 7.034 7.033 7.031 7.028 7.023 7.015 7.005 6.996 6.988 6.979 6.975
6.849 6.851 6.854 6.857 6.860 6.863 6.866 6.869 6.872 6.876 6.879 6.883 6.887 6.891 6.895 6.899 6.903 6.907 6.912 6.916 6.920 6.924 6.927 6.931 6.935 6.938 6.941 6.945 6.948 6.950 6.953 6.956 6.958 6.961 6.963 6.966 6.968 6.970 6.973 6.975 6.978 6.981 6.984 6.987 6.989 6.993 6.996 6.999 7.002 7.006 7.009 7.012 7.016 7.019 7.022 7.024 7.027 7.029 7.031 7.032 7.033 7.034 7.034 7.034 7.034 7.034 7.033 7.032 7.030 7.028 7.023 7.015 7.004 6.995 6.987 6.979 6.975
6.848 6.851 6.853 6.856 6.859 6.862 6.865 6.868 6.871 6.874 6.878 6.881 6.885 6.889 6.893 6.897 6.901 6.905 6.909 6.914 6.917 6.921 6.925 6.929 6.932 6.936 6.939 6.942 6.945 6.948 6.951 6.954 6.956 6.959 6.961 6.963 6.966 6.968 6.970 6.973 6.975 6.978 6.981 6.984 6.987 6.990 6.993 6.996 6.999 7.003 7.006 7.009 7.013 7.016 7.019 7.021 7.024 7.026 7.028 7.030 7.031 7.032 7.033 7.033 7.033 7.033 7.032 7.031 7.030 7.027 7.023 7.014 7.004 6.996 6.988 6.980 6.975
