TsunamiDB/out54042.asc
ncols          264
nrows          230
xllcorner      497853.4375
yllcorner      4229146.0000
cellsize         5.
NODATA_value   -99
[rows 64 to 95 of 230, columns 73 to 145 of 264]
-99.000 -99.000 -99.000 -99.000 -99.000 -99.000 -99.000 -99.000 -99.000 -99.000 -99.000 -99.000 -99.000 -99.000 -99.000 -99.000 -99.000 -99.000 -99.000 -99.000 -99.000 -99.000 -99.000 -99.000 -99.000 -99.000 -99.000 -99.000 -99.000 -99.000 -99.000 -99.000 -99.000 -99.000 -99.000 -99.000 -99.000 -99.000 -99.000 -99.000 -99.000 -99.000 -99.000 1.647 1.669 1.769 1.966 2.235 2.537 2.838 3.110 3.339 3.524 3.672 3.791 3.887 3.968 4.040 4.103 4.162 4.216 4.266 4.314 4.360 4.404 4.447 4.488 4.528 4.568 4.606 4.644 4.681 4.718
-99.000 -99.000 -99.000 -99.000 -99.000 -99.000 -99.000 -99.000 -99.000 -99.000 -99.000 -99.000 -99.000 -99.000 -99.000 -99.000 -99.000 -99.000 -99.000 -99.000 -99.000 -99.000 -99.000 -99.000 -99.000 -99.000 -99.000 -99.000 -99.000 -99.000 -99.000 -99.000 -99.000 -99.000 -99.000 -99.000 -99.000 -99.000 -99.000 -99.000 -99.000 -99.000 1.646 1.652 1.702 1.847 2.081 2.370 2.675 2.966 3.219 3.429 3.597 3.731 3.839 3.928 4.005 4.073 4.134 4.191 4.243 4.293 4.340 4.385 4.428 4.469 4.509 4.549 4.587 4.624 4.661 4.697 4.733
-99.000 -99.000 -99.000 -99.000 -99.000 -99.000 -99.000 -99.000 -99.000 -99.000 -99.000 -99.000 -99.000 -99.000 -99.000 -99.000 -99.000 -99.000 -99.000 -99.000 -99.000 -99.000 -99.000 -99.000 -99.000 -99.000 -99.000 -99.000 -99.000 -99.000 -99.000 -99.000 -99.000 -99.000 -99.000 -99.000 -99.000 -99.000 -99.000 -99.000 -99.000 -99.000 1.647 1.665 1.755 1.944 2.207 2.508 2.811 3.086 3.320 3.510 3.662 3.784 3.884 3.967 4.040 4.105 4.165 4.219 4.271 4.319 4.365 4.409 4.451 4.492 4.531 4.569 4.606 4.643 4.678 4.714 4.748
-99.000 -99.000 -99.000 -99.000 -99.000 -99.000 -99.000 -99.000 -99.000 -99.000 -99.000 -99.000 -99.000 -99.000 -99.000 -99.000 -99.000 -99.000 -99.000 -99.000 -99.000 -99.000 -99.000 -99.000 -99.000 -99.000 -99.000 -99.000 -99.000 -99.000 -99.000 -99.000 -99.000 -99.000 -99.000 -99.000 -99.000 -99.000 -99.000 -99.000 -99.000 1.646 1.650 1.694 1.830 2.057 2.342 2.648 2.940 3.198 3.412 3.584 3.721 3.833 3.925 4.003 4.073 4.136 4.194 4.248 4.298 4.345 4.390 4.433 4.474 4.514 4.553 4.590 4.626 4.662 4.696 4.731 4.764
-99.000 -99.000 -99.000 -99.000 -99.000 -99.000 -99.000 -99.000 -99.000 -99.000 -99.000 -99.000 -99.000 -99.000 -99.000 -99.000 -99.000 -99.000 -99.000 -99.000 -99.000 -99.000 -99.000 -99.000 -99.000 -99.000 -99.000 -99.000 -99.000 -99.000 -99.000 -99.000 -99.000 -99.000 -99.000 -99.000 -99.000 -99.000 -99.000 -99.000 -99.000 1.647 1.661 1.744 1.924 2.182 2.481 2.785 3.063 3.301 3.495 3.650 3.775 3.878 3.963 4.038 4.105 4.166 4.223 4.275 4.324 4.371 4.415 4.457 4.498 4.537 4.574 4.611 4.646 4.681 4.715 4.748 4.781
-99.000 -99.000 -99.000 -99.000 -99.000 -99.000 -99.000 -99.000 -99.000 -99.000 -99.000 -99.000 -99.000 -99.000 -99.000 -99.000 -99.000 -99.000 -99.000 -99.000 -99.000 -99.000 -99.000 -99.000 -99.000 -99.000 -99.000 -99.000 -99.000 -99.000 -99.000 -99.000 -99.000 -99.000 -99.000 -99.000 -99.000 -99.000 -99.000 -99.000 1.646 1.649 1.687 1.815 2.036 2.317 2.622 2.917 3.177 3.394 3.570 3.710 3.824 3.919 3.999 4.071 4.136 4.195 4.250 4.302 4.350 4.396 4.440 4.481 4.521 4.559 4.596 4.632 4.667 4.701 4.734 4.767 4.799
-99.000 -99.000 -99.000 -99.000 -99.000 -99.000 -99.000 -99.000 -99.000 -99.000 -99.000 -99.000 -99.000 -99.000 -99.000 -99.000 -99.000 -99.000 -99.000 -99.000 -99.000 -99.000 -99.000 -99.000 -99.000 -99.000 -99.000 -99.000 -99.000 -99.000 -99.000 -99.000 -99.000 -99.000 -99.000 -99.000 -99.000 -99.000 -99.000 -99.000 1.646 1.659 1.734 1.908 2.161 2.458 2.761 3.042 3.282 3.479 3.637 3.764 3.869 3.957 4.033 4.102 4.165 4.223 4.277 4.328 4.375 4.421 4.464 4.505 4.544 4.581 4.618 4.653 4.687 4.720 4.753 4.785 4.817
-99.000 -99.000 -99.000 -99.000 -99.000 -99.000 -99.000 -99.000 -99.000 -99.000 -99.000 -99.000 -99.000 -99.000 -99.000 -99.000 -99.000 -99.000 -99.000 -99.000 -99.000 -99.000 -99.000 -99.000 -99.000 -99.000 -99.000 -99.000 -99.000 -99.000 -99.000 -99.000 -99.000 -99.000 -99.000 -99.000 -99.000 -99.000 -99.000 1.646 1.648 1.682 1.803 2.018 2.296 2.600 2.896 3.158 3.378 3.555 3.697 3.813 3.910 3.993 4.065 4.131 4.193 4.249 4.303 4.353 4.400 4.445 4.487 4.527 4.566 4.603 4.639 4.674 4.707 4.740 4.772 4.804 4.835
-99.000 -99.000 -99.000 -99.000 -99.000 -99.000 -99.000 -99.000 -99.000 -99.000 -99.000 -99.000 -99.000 -99.000 -99.000 -99.000 -99.000 -99.000 -99.000 -99.000 -99.000 -99.000 -99.000 -99.000 -99.000 -99.000 -99.000 -99.000 -99.000 -99.000 -99.000 -99.000 -99.000 -99.000 -99.000 -99.000 -99.000 -99.000 -99.000 1.646 1.657 1.726 1.894 2.143 2.438 2.741 3.023 3.266 3.464 3.624 3.752 3.858 3.947 4.026 4.095 4.159 4.219 4.275 4.327 4.377 4.423 4.468 4.510 4.550 4.588 4.625 4.660 4.694 4.728 4.760 4.792 4.823 4.854
-99.000 -99.000 -99.000 -99.000 -99.000 -99.000 -99.000 -99.000 -99.000 -99.000 -99.000 -99.000 -99.000 -99.000 -99.000 -99.000 -99.000 -99.000 -99.000 -99.000 -99.000 -99.000 -99.000 -99.000 -99.000 -99.000 -99.000 -99.000 -99.000 -99.000 -99.000 -99.000 -99.000 -99.000 -99.000 -99.000 -99.000 -99.000 1.646 1.648 1.678 1.793 2.003 2.279 2.582 2.878 3.142 3.363 3.542 3.685 3.801 3.899 3.982 4.057 4.123 4.185 4.244 4.299 4.350 4.399 4.446 4.490 4.531 4.571 4.609 4.646 4.681 4.715 4.748 4.780 4.812 4.843 4.873
-99.000 -99.000 -99.000 -99.000 -99.000 -99.000 -99.000 -99.000 -99.000 -99.000 -99.000 -99.000 -99.000 -99.000 -99.000 -99.000 -99.000 -99.000 -99.000 -99.000 -99.000 -99.000 -99.000 -99.000 -99.000 -99.000 -99.000 -99.000 -99.000 -99.000 -99.000 -99.000 -99.000 -99.000 -99.000 -99.000 -99.000 -99.000 1.646 1.655 1.720 1.882 2.128 2.421 2.724 3.007 3.251 3.451 3.612 3.741 3.847 3.936 4.015 4.086 4.150 4.210 4.267 4.321 4.373 4.421 4.467 4.511 4.552 4.592 4.630 4.666 4.701 4.735 4.768 4.800 4.831 4.862 4.893
-99.000 -99.000 -99.000 -99.000 -99.000 -99.000 -99.000 -99.000 -99.000 -99.000 -99.000 -99.000 -99.000 -99.000 -99.000 -99.000 -99.000 -99.000 -99.000 -99.000 -99.000 -99.000 -99.000 -99.000 -99.000 -99.000 -99.000 -99.000 -99.000 -99.000 -99.000 -99.000 -99.000 -99.000 -99.000 -99.000 -99.000 -99.000 1.648 1.675 1.785 1.991 2.263 2.566 2.863 3.128 3.351 3.531 3.675 3.791 3.888 3.971 4.046 4.113 4.175 4.234 4.290 4.343 4.394 4.442 4.487 4.531 4.572 4.612 4.650 4.686 4.721 4.755 4.787 4.820 4.851 4.882 4.912
-99.000 -99.000 -99.000 -99.000 -99.000 -99.000 -99.000 -99.000 -99.000 -99.000 -99.000 -99.000 -99.000 -99.000 -99.000 -99.000 -99.000 -99.000 -99.000 -99.000 -99.000 -99.000 -99.000 -99.000 -99.000 -99.000 -99.000 -99.000 -99.000 -99.000 -99.000 -99.000 -99.000 -99.000 -99.000 -99.000 -99.000 1.646 1.654 1.715 1.872 2.114 2.406 2.710 2.994 3.240 3.442 3.603 3.732 3.838 3.927 4.005 4.075 4.140 4.199 4.256 4.311 4.363 4.413 4.461 4.506 4.550 4.591 4.631 4.668 4.705 4.740 4.774 4.807 4.839 4.871 4.902 4.932
-99.000 -99.000 -99.000 -99.000 -99.000 -99.000 -99.000 -99.000 -99.000 -99.000 -99.000 -99.000 -99.000 -99.000 -99.000 -99.000 -99.000 -99.000 -99.000 -99.000 -99.000 -99.000 -99.000 -99.000 -99.000 -99.000 -99.000 -99.000 -99.000 -99.000 -99.000 -99.000 -99.000 -99.000 -99.000 -99.000 -99.000 1.647 1.672 1.778 1.979 2.250 2.552 2.849 3.117 3.342 3.523 3.668 3.784 3.881 3.963 4.036 4.103 4.165 4.223 4.278 4.332 4.383 4.432 4.479 4.524 4.567 4.609 4.648 4.686 4.723 4.758 4.793 4.826 4.858 4.890 4.921 4.951
-99.000 -99.000 -99.000 -99.000 -99.000 -99.000 -99.000 -99.000 -99.000 -99.000 -99.000 -99.000 -99.000 -99.000 -99.000 -99.000 -99.000 -99.000 -99.000 -99.000 -99.000 -99.000 -99.000 -99.000 -99.000 -99.000 -99.000 -99.000 -99.000 -99.000 -99.000 -99.000 -99.000 -99.000 -99.000 -99.000 1.646 1.653 1.710 1.863 2.102 2.392 2.696 2.983 3.231 3.435 3.598 3.727 3.833 3.921 3.998 4.067 4.130 4.190 4.245 4.299 4.351 4.401 4.450 4.496 4.541 4.584 4.626 4.665 4.704 4.741 4.776 4.811 4.845 4.877 4.909 4.940 4.970
-99.000 -99.000 -99.000 -99.000 -99.000 -99.000 -99.000 -99.000 -99.000 -99.000 -99.000 -99.000 -99.000 -99.000 -99.000 -99.000 -99.000 -99.000 -99.000 -99.000 -99.000 -99.000 -99.000 -99.000 -99.000 -99.000 -99.000 -99.000 -99.000 -99.000 -99.000 -99.000 -99.000 -99.000 -99.000 -99.000 1.647 1.670 1.771 1.968 2.236 2.538 2.838 3.108 3.335 3.519 3.665 3.782 3.878 3.959 4.031 4.096 4.157 4.214 4.268 4.319 4.370 4.419 4.467 4.513 4.557 4.600 4.642 4.682 4.720 4.758 4.794 4.829 4.863 4.896 4.928 4.959 4.989
-99.000 -99.000 -99.000 -99.000 -99.000 -99.000 -99.000 -99.000 -99.000 -99.000 -99.000 -99.000 -99.000 -99.000 -99.000 -99.000 -99.000 -99.000 -99.000 -99.000 -99.000 -99.000 -99.000 -99.000 -99.000 -99.000 -99.000 -99.000 -99.000 -99.000 -99.000 -99.000 -99.000 -99.000 -99.000 1.646 1.652 1.705 1.854 2.089 2.379 2.684 2.972 3.224 3.431 3.596 3.727 3.833 3.921 3.996 4.064 4.125 4.183 4.238 4.290 4.340 4.389 4.437 4.484 4.529 4.573 4.616 4.657 4.697 4.736 4.774 4.811 4.846 4.881 4.914 4.946 4.977 5.007
-99.000 -99.000 -99.000 -99.000 -99.000 -99.000 -99.000 -99.000 -99.000 -99.000 -99.000 -99.000 -99.000 -99.000 -99.000 -99.000 -99.000 -99.000 -99.000 -99.000 -99.000 -99.000 -99.000 -99.000 -99.000 -99.000 -99.000 -99.000 -99.000 -99.000 -99.000 -99.000 -99.000 -99.000 -99.000 1.647 1.668 1.764 1.957 2.223 2.525 2.826 3.100 3.331 3.518 3.666 3.784 3.880 3.962 4.032 4.096 4.155 4.210 4.262 4.312 4.361 4.408 4.455 4.500 4.545 4.588 4.630 4.672 4.712 4.752 4.790 4.827 4.863 4.898 4.931 4.963 4.994 5.024
-99.000 -99.000 -99.000 -99.000 -99.000 -99.000 -99.000 -99.000 -99.000 -99.000 -99.000 -99.000 -99.000 -99.000 -99.000 -99.000 -99.000 -99.000 -99.000 -99.000 -99.000 -99.000 -99.000 -99.000 -99.000 -99.000 -99.000 -99.000 -99.000 -99.000 -99.000 -99.000 -99.000 -99.000 1.646 1.651 1.701 1.845 2.077 2.365 2.672 2.963 3.218 3.429 3.597 3.730 3.837 3.926 4.001 4.068 4.128 4.184 4.237 4.287 4.335 4.382 4.428 4.473 4.517 4.561 4.603 4.645 4.687 4.727 4.767 4.805 4.843 4.879 4.914 4.947 4.980 5.011 5.041
-99.000 -99.000 -99.000 -99.000 -99.000 -99.000 -99.000 -99.000 -99.000 -99.000 -99.000 -99.000 -99.000 -99.000 -99.000 -99.000 -99.000 -99.000 -99.000 -99.000 -99.000 -99.000 -99.000 -99.000 -99.000 -99.000 -99.000 -99.000 -99.000 -99.000 -99.000 -99.000 -99.000 -99.000 1.647 1.665 1.757 1.946 2.210 2.512 2.815 3.092 3.328 3.518 3.670 3.790 3.888 3.969 4.040 4.103 4.160 4.213 4.264 4.312 4.358 4.404 4.448 4.492 4.535 4.577 4.619 4.660 4.701 4.742 4.781 4.820 4.858 4.894 4.929 4.963 4.996 5.027 5.057
-99.000 -99.000 -99.000 -99.000 -99.000 -99.000 -99.000 -99.000 -99.000 -99.000 -99.000 -99.000 -99.000 -99.000 -99.000 -99.000 -99.000 -99.000 -99.000 -99.000 -99.000 -99.000 -99.000 -99.000 -99.000 -99.000 -99.000 -99.000 -99.000 -99.000 -99.000 -99.000 -99.000 1.646 1.651 1.697 1.836 2.065 2.352 2.660 2.954 3.213 3.428 3.600 3.736 3.846 3.935 4.011 4.077 4.137 4.192 4.244 4.292 4.339 4.383 4.426 4.469 4.511 4.553 4.594 4.635 4.676 4.716 4.756 4.796 4.835 4.872 4.909 4.944 4.978 5.011 5.042 5.073
-99.000 -99.000 -99.000 -99.000 -99.000 -99.000 -99.000 -99.000 -99.000 -99.000 -99.000 -99.000 -99.000 -99.000 -99.000 -99.000 -99.000 -99.000 -99.000 -99.000 -99.000 -99.000 -99.000 -99.000 -99.000 -99.000 -99.000 -99.000 -99.000 -99.000 -99.000 -99.000 -99.000 1.647 1.663 1.751 1.936 2.198 2.500 2.805 3.086 3.325 3.520 3.675 3.798 3.898 3.981 4.052 4.115 4.172 4.225 4.274 4.321 4.365 4.408 4.450 4.491 4.532 4.572 4.612 4.652 4.692 4.732 4.772 4.811 4.849 4.887 4.923 4.958 4.992 5.025 5.057 5.088
-99.000 -99.000 -99.000 -99.000 -99.000 -99.000 -99.000 -99.000 -99.000 -99.000 -99.000 -99.000 -99.000 -99.000 -99.000 -99.000 -99.000 -99.000 -99.000 -99.000 -99.000 -99.000 -99.000 -99.000 -99.000 -99.000 -99.000 -99.000 -99.000 -99.000 -99.000 -99.000 1.646 1.650 1.693 1.828 2.054 2.340 2.648 2.945 3.209 3.428 3.604 3.744 3.855 3.947 4.024 4.091 4.151 4.206 4.257 4.305 4.350 4.393 4.434 4.475 4.515 4.554 4.593 4.632 4.671 4.709 4.748 4.787 4.826 4.864 4.901 4.937 4.972 5.006 5.039 5.071 5.102
-99.000 -99.000 -99.000 -99.000 -99.000 -99.000 -99.000 -99.000 -99.000 -99.000 -99.000 -99.000 -99.000 -99.000 -99.000 -99.000 -99.000 -99.000 -99.000 -99.000 -99.000 -99.000 -99.000 -99.000 -99.000 -99.000 -99.000 -99.000 -99.000 -99.000 -99.000 -99.000 1.647 1.662 1.745 1.927 2.186 2.488 2.795 3.079 3.323 3.522 3.680 3.807 3.909 3.994 4.066 4.130 4.188 4.241 4.290 4.336 4.380 4.421 4.461 4.501 4.539 4.577 4.615 4.652 4.690 4.728 4.766 4.804 4.841 4.878 4.915 4.951 4.986 5.020 5.053 5.085 5.116
-99.000 -99.000 -99.000 -99.000 -99.000 -99.000 -99.000 -99.000 -99.000 -99.000 -99.000 -99.000 -99.000 -99.000 -99.000 -99.000 -99.000 -99.000 -99.000 -99.000 -99.000 -99.000 -99.000 -99.000 -99.000 -99.000 -99.000 -99.000 -99.000 -99.000 -99.000 1.646 1.649 1.690 1.821 2.044 2.329 2.638 2.937 3.204 3.427 3.607 3.750 3.865 3.959 4.038 4.107 4.168 4.223 4.275 4.323 4.368 4.411 4.450 4.489 4.528 4.565 4.602 4.638 4.675 4.711 4.748 4.784 4.821 4.858 4.894 4.929 4.965 4.999 5.033 5.066 5.098 5.129
-99.000 -99.000 -99.000 -99.000 -99.000 -99.000 -99.000 -99.000 -99.000 -99.000 -99.000 -99.000 -99.000 -99.000 -99.000 -99.000 -99.000 -99.000 -99.000 -99.000 -99.000 -99.000 -99.000 -99.000 -99.000 -99.000 -99.000 -99.000 -99.000 -99.000 -99.000 1.646 1.660 1.740 1.918 2.176 2.477 2.786 3.072 3.320 3.522 3.685 3.814 3.919 4.006 4.080 4.146 4.205 4.259 4.309 4.355 4.399 4.441 4.480 4.518 4.555 4.592 4.627 4.663 4.698 4.733 4.769 4.804 4.840 4.875 4.910 4.945 4.979 5.013 5.046 5.079 5.111 5.142
-99.000 -99.000 -99.000 -99.000 -99.000 -99.000 -99.000 -99.000 -99.000 -99.000 -99.000 -99.000 -99.000 -99.000 -99.000 -99.000 -99.000 -99.000 -99.000 -99.000 -99.000 -99.000 -99.000 -99.000 -99.000 -99.000 -99.000 -99.000 -99.000 -99.000 1.646 1.649 1.687 1.814 2.034 2.318 2.627 2.929 3.199 3.425 3.609 3.755 3.872 3.969 4.050 4.121 4.184 4.241 4.293 4.342 4.388 4.431 4.472 4.510 4.547 4.584 4.619 4.654 4.689 4.723 4.757 4.791 4.826 4.860 4.893 4.927 4.961 4.994 5.027 5.059 5.092 5.123 5.155
-99.000 -99.000 -99.000 -99.000 -99.000 -99.000 -99.000 -99.000 -99.000 -99.000 -99.000 -99.000 -99.000 -99.000 -99.000 -99.000 -99.000 -99.000 -99.000 -99.000 -99.000 -99.000 -99.000 -99.000 -99.000 -99.000 -99.000 -99.000 -99.000 -99.000 1.646 1.659 1.735 1.910 2.166 2.467 2.776 3.065 3.316 3.522 3.687 3.819 3.926 4.015 4.092 4.159 4.220 4.276 4.327 4.375 4.420 4.463 4.503 4.541 4.577 4.613 4.648 4.682 4.716 4.749 4.782 4.815 4.848 4.881 4.913 4.946 4.978 5.010 5.042 5.074 5.105 5.136 5.167
-99.000 -99.000 -99.000 -99.000 -99.000 -99.000 -99.000 -99.000 -99.000 -99.000 -99.000 -99.000 -99.000 -99.000 -99.000 -99.000 -99.000 -99.000 -99.000 -99.000 -99.000 -99.000 -99.000 -99.000 -99.000 -99.000 -99.000 -99.000 -99.000 1.647 1.649 1.684 1.808 2.025 2.308 2.617 2.921 3.193 3.422 3.608 3.757 3.877 3.976 4.059 4.132 4.196 4.255 4.309 4.360 4.407 4.452 4.494 4.534 4.571 4.607 4.642 4.677 4.711 4.744 4.776 4.809 4.841 4.872 4.904 4.935 4.966 4.997 5.027 5.058 5.089 5.119 5.149 5.180
-99.000 -99.000 -99.000 -99.000 -99.000 -99.000 -99.000 -99.000 -99.000 -99.000 -99.000 -99.000 -99.000 -99.000 -99.000 -99.000 -99.000 -99.000 -99.000 -99.000 -99.000 -99.000 -99.000 -99.000 -99.000 -99.000 -99.000 -99.000 -99.000 1.647 1.658 1.731 1.902 2.156 2.456 2.767 3.058 3.310 3.519 3.686 3.821 3.930 4.021 4.100 4.169 4.232 4.289 4.342 4.392 4.438 4.483 4.524 4.564 4.601 4.637 4.672 4.706 4.740 4.772 4.805 4.836 4.867 4.898 4.928 4.958 4.987 5.017 5.046 5.076 5.105 5.134 5.164 5.193
-99.000 -99.000 -99.000 -99.000 -99.000 -99.000 -99.000 -99.000 -99.000 -99.000 -99.000 -99.000 -99.000 -99.000 -99.000 -99.000 -99.000 -99.000 -99.000 -99.000 -99.000 -99.000 -99.000 -99.000 -99.000 -99.000 -99.000 -99.000 1.647 1.649 1.681 1.801 2.016 2.297 2.606 2.911 3.185 3.417 3.605 3.756 3.878 3.978 4.064 4.138 4.204 4.265 4.321 4.373 4.423 4.469 4.513 4.554 4.594 4.631 4.666 4.702 4.736 4.769 4.802 4.833 4.864 4.895 4.925 4.954 4.982 5.011 5.039 5.067 5.095 5.123 5.151 5.179 5.207
-99.000 -99.000 -99.000 -99.000 -99.000 -99.000 -99.000 -99.000 -99.000 -99.000 -99.000 -99.000 -99.000 -99.000 -99.000 -99.000 -99.000 -99.000 -99.000 -99.000 -99.000 -99.000 -99.000 -99.000 -99.000 -99.000 -99.000 -99.000 1.647 1.657 1.726 1.894 2.145 2.444 2.755 3.048 3.302 3.513 3.683 3.819 3.930 4.023 4.103 4.174 4.238 4.297 4.352 4.404 4.452 4.498 4.542 4.583 4.623 4.660 4.696 4.731 4.765 4.798 4.831 4.862 4.893 4.923 4.952 4.980 5.008 5.035 5.062 5.089 5.116 5.142 5.169 5.196 5.222
