TsunamiDB/out54034.asc
ncols          264
nrows          230
xllcorner      497853.4375
yllcorner      4229146.0000
cellsize         5.
NODATA_value   -99
[rows 96 to 127 of 230, columns 144 to 215 of 264]
4.727 4.763 4.798 4.832 4.864 4.896 4.926 4.957 4.987 5.017 5.046 5.076 5.105 5.135 5.165 5.195 5.226 5.257 5.288 5.320 5.353 5.386 5.420 5.453 5.487 5.521 5.554 5.587 5.618 5.648 5.677 5.705 5.731 5.755 5.777 5.798 5.818 5.836 5.854 5.873 5.891 5.911 5.932 5.955 5.979 6.004 6.030 6.057 6.084 6.112 6.139 6.165 6.192 6.217 6.242 6.266 6.290 6.313 6.337 6.363 6.390 6.419 6.451 6.485 6.520 6.556 6.593 6.628 6.661 6.692 6.722 6.752
4.753 4.789 4.823 4.856 4.889 4.919 4.949 4.979 5.008 5.037 5.066 5.095 5.123 5.151 5.180 5.209 5.238 5.268 5.298 5.329 5.361 5.393 5.425 5.458 5.491 5.524 5.557 5.590 5.621 5.652 5.682 5.711 5.737 5.762 5.786 5.807 5.826 5.845 5.863 5.880 5.898 5.917 5.937 5.959 5.982 6.007 6.034 6.062 6.090 6.119 6.148 6.176 6.204 6.232 6.259 6.285 6.310 6.335 6.360 6.385 6.413 6.442 6.474 6.508 6.544 6.580 6.616 6.651 6.685 6.715 6.744 6.777
4.779 4.815 4.849 4.881 4.913 4.943 4.973 5.002 5.031 5.059 5.087 5.114 5.142 5.169 5.196 5.224 5.252 5.281 5.310 5.339 5.370 5.401 5.432 5.464 5.497 5.529 5.562 5.595 5.626 5.657 5.687 5.716 5.744 5.770 5.794 5.815 5.835 5.854 5.872 5.889 5.906 5.924 5.943 5.964 5.987 6.011 6.038 6.066 6.095 6.125 6.155 6.185 6.215 6.244 6.273 6.301 6.328 6.354 6.380 6.406 6.434 6.464 6.496 6.531 6.566 6.603 6.639 6.675 6.708 6.739 6.771 6.808
4.805 4.841 4.874 4.907 4.938 4.968 4.997 5.025 5.053 5.081 5.108 5.135 5.161 5.188 5.214 5.241 5.267 5.295 5.323 5.351 5.380 5.410 5.441 5.472 5.504 5.536 5.569 5.600 5.631 5.663 5.693 5.723 5.751 5.778 5.802 5.825 5.845 5.864 5.882 5.899 5.915 5.933 5.951 5.971 5.993 6.017 6.043 6.071 6.100 6.131 6.162 6.192 6.224 6.255 6.285 6.315 6.343 6.371 6.398 6.425 6.454 6.485 6.517 6.552 6.588 6.625 6.662 6.698 6.733 6.767 6.803 6.844
4.832 4.867 4.900 4.932 4.963 4.992 5.021 5.049 5.077 5.104 5.130 5.156 5.182 5.207 5.233 5.258 5.284 5.310 5.337 5.364 5.392 5.421 5.451 5.481 5.512 5.544 5.576 5.607 5.638 5.670 5.701 5.731 5.759 5.786 5.812 5.835 5.856 5.876 5.894 5.911 5.927 5.944 5.961 5.980 6.001 6.024 6.049 6.077 6.106 6.137 6.168 6.200 6.232 6.265 6.297 6.327 6.357 6.386 6.414 6.443 6.473 6.504 6.537 6.572 6.609 6.647 6.685 6.723 6.762 6.800 6.840 6.886
4.859 4.893 4.927 4.959 4.988 5.017 5.046 5.074 5.101 5.127 5.153 5.178 5.203 5.228 5.252 5.277 5.301 5.326 5.352 5.378 5.405 5.433 5.462 5.492 5.522 5.553 5.585 5.616 5.646 5.678 5.709 5.739 5.768 5.796 5.822 5.846 5.868 5.888 5.907 5.924 5.941 5.957 5.974 5.992 6.012 6.034 6.059 6.086 6.115 6.145 6.177 6.208 6.242 6.275 6.308 6.340 6.371 6.401 6.431 6.461 6.491 6.523 6.556 6.593 6.630 6.670 6.710 6.752 6.795 6.838 6.884 6.934
4.886 4.920 4.953 4.984 5.014 5.042 5.071 5.098 5.125 5.151 5.176 5.201 5.225 5.249 5.273 5.296 5.320 5.344 5.368 5.393 5.419 5.446 5.474 5.503 5.532 5.563 5.594 5.625 5.656 5.687 5.718 5.749 5.778 5.807 5.833 5.858 5.881 5.902 5.921 5.939 5.956 5.973 5.990 6.007 6.027 6.048 6.071 6.097 6.126 6.156 6.187 6.219 6.252 6.286 6.320 6.353 6.385 6.417 6.448 6.478 6.509 6.541 6.576 6.613 6.653 6.694 6.738 6.784 6.831 6.881 6.932 6.987
4.913 4.947 4.979 5.011 5.040 5.068 5.096 5.123 5.150 5.175 5.200 5.224 5.248 5.271 5.294 5.317 5.340 5.363 5.386 5.410 5.434 5.460 5.487 5.515 5.544 5.574 5.604 5.635 5.665 5.697 5.728 5.759 5.789 5.817 5.845 5.870 5.894 5.916 5.937 5.956 5.973 5.991 6.008 6.025 6.044 6.065 6.088 6.113 6.140 6.169 6.200 6.231 6.265 6.299 6.334 6.368 6.401 6.434 6.466 6.497 6.528 6.561 6.596 6.635 6.677 6.721 6.769 6.820 6.873 6.928 6.985 7.043
4.941 4.974 5.006 5.037 5.066 5.094 5.122 5.149 5.175 5.200 5.225 5.249 5.272 5.294 5.317 5.339 5.360 5.382 5.404 5.427 5.451 5.475 5.501 5.528 5.556 5.585 5.615 5.645 5.675 5.706 5.738 5.769 5.799 5.828 5.856 5.883 5.908 5.931 5.952 5.973 5.991 6.010 6.027 6.046 6.065 6.085 6.107 6.131 6.157 6.186 6.216 6.247 6.280 6.315 6.350 6.384 6.419 6.452 6.485 6.517 6.549 6.582 6.619 6.660 6.704 6.751 6.803 6.858 6.916 6.976 7.037 7.099
4.968 5.002 5.034 5.064 5.093 5.121 5.148 5.175 5.200 5.225 5.250 5.273 5.296 5.318 5.340 5.361 5.382 5.403 5.424 5.446 5.468 5.491 5.516 5.541 5.568 5.596 5.626 5.655 5.685 5.716 5.747 5.778 5.809 5.839 5.867 5.895 5.921 5.945 5.968 5.989 6.010 6.029 6.048 6.067 6.087 6.107 6.129 6.153 6.178 6.206 6.235 6.265 6.298 6.333 6.368 6.403 6.438 6.473 6.506 6.539 6.572 6.605 6.643 6.686 6.734 6.784 6.839 6.898 6.961 7.027 7.091 7.155
4.996 5.029 5.061 5.092 5.120 5.147 5.175 5.201 5.226 5.251 5.275 5.298 5.321 5.343 5.364 5.385 5.405 5.425 5.446 5.466 5.487 5.509 5.532 5.556 5.582 5.609 5.637 5.665 5.695 5.726 5.757 5.788 5.818 5.848 5.878 5.906 5.933 5.958 5.983 6.006 6.028 6.049 6.069 6.089 6.110 6.131 6.153 6.176 6.201 6.229 6.257 6.287 6.319 6.354 6.389 6.425 6.461 6.496 6.530 6.563 6.596 6.630 6.670 6.716 6.766 6.820 6.879 6.941 7.009 7.078 7.145 7.212
5.024 5.057 5.089 5.119 5.147 5.174 5.201 5.227 5.253 5.277 5.301 5.324 5.346 5.368 5.389 5.409 5.429 5.449 5.468 5.488 5.508 5.528 5.549 5.572 5.596 5.622 5.649 5.676 5.705 5.735 5.766 5.796 5.827 5.857 5.887 5.916 5.944 5.971 5.997 6.021 6.045 6.068 6.090 6.112 6.134 6.155 6.178 6.202 6.227 6.253 6.281 6.311 6.343 6.377 6.413 6.449 6.485 6.521 6.556 6.590 6.623 6.659 6.701 6.750 6.803 6.859 6.921 6.987 7.057 7.128 7.199 7.267
5.052 5.085 5.117 5.147 5.175 5.202 5.229 5.254 5.279 5.303 5.327 5.349 5.371 5.393 5.414 5.434 5.454 5.473 5.492 5.511 5.530 5.549 5.569 5.590 5.612 5.636 5.661 5.687 5.715 5.744 5.774 5.805 5.835 5.866 5.896 5.925 5.954 5.982 6.010 6.036 6.062 6.086 6.110 6.134 6.157 6.180 6.204 6.228 6.253 6.280 6.307 6.337 6.369 6.403 6.439 6.475 6.512 6.549 6.584 6.619 6.654 6.693 6.737 6.788 6.842 6.901 6.966 7.034 7.105 7.177 7.251 7.323
5.080 5.113 5.145 5.175 5.203 5.229 5.256 5.281 5.306 5.330 5.353 5.375 5.397 5.419 5.439 5.460 5.479 5.498 5.517 5.535 5.553 5.571 5.590 5.609 5.630 5.652 5.675 5.700 5.725 5.754 5.783 5.813 5.843 5.873 5.904 5.934 5.964 5.993 6.022 6.050 6.077 6.104 6.130 6.155 6.180 6.205 6.230 6.255 6.281 6.308 6.335 6.365 6.397 6.431 6.467 6.504 6.542 6.579 6.615 6.652 6.689 6.730 6.776 6.828 6.884 6.945 7.011 7.080 7.152 7.226 7.302 7.379
5.107 5.140 5.172 5.203 5.231 5.257 5.284 5.309 5.333 5.357 5.379 5.402 5.423 5.445 5.465 5.485 5.505 5.524 5.542 5.560 5.578 5.595 5.613 5.630 5.649 5.669 5.691 5.713 5.737 5.764 5.791 5.820 5.850 5.881 5.911 5.942 5.972 6.003 6.033 6.063 6.092 6.121 6.149 6.176 6.203 6.229 6.256 6.282 6.308 6.336 6.364 6.393 6.426 6.461 6.497 6.534 6.573 6.611 6.650 6.688 6.728 6.770 6.817 6.870 6.927 6.990 7.057 7.127 7.198 7.274 7.354 7.435
5.134 5.167 5.200 5.230 5.258 5.285 5.311 5.337 5.361 5.384 5.406 5.428 5.450 5.471 5.491 5.511 5.531 5.550 5.569 5.586 5.604 5.620 5.637 5.653 5.671 5.689 5.708 5.728 5.750 5.775 5.801 5.829 5.858 5.888 5.918 5.949 5.981 6.012 6.044 6.075 6.106 6.137 6.167 6.196 6.225 6.253 6.281 6.308 6.336 6.364 6.393 6.423 6.456 6.491 6.528 6.566 6.606 6.646 6.687 6.728 6.769 6.812 6.860 6.913 6.971 7.034 7.103 7.173 7.246 7.323 7.407 7.493
5.160 5.194 5.227 5.258 5.286 5.313 5.340 5.365 5.388 5.411 5.434 5.455 5.476 5.497 5.517 5.537 5.557 5.576 5.595 5.613 5.630 5.647 5.663 5.678 5.694 5.710 5.727 5.745 5.765 5.787 5.812 5.838 5.866 5.895 5.925 5.957 5.989 6.021 6.054 6.087 6.120 6.152 6.184 6.216 6.246 6.276 6.306 6.335 6.364 6.393 6.422 6.452 6.486 6.522 6.560 6.599 6.641 6.683 6.726 6.769 6.812 6.856 6.904 6.956 7.015 7.079 7.149 7.220 7.294 7.373 7.462 7.556
5.185 5.220 5.253 5.285 5.314 5.341 5.368 5.393 5.417 5.439 5.461 5.482 5.503 5.523 5.544 5.563 5.583 5.602 5.621 5.639 5.657 5.673 5.689 5.704 5.719 5.734 5.749 5.765 5.782 5.802 5.824 5.849 5.875 5.903 5.933 5.964 5.997 6.030 6.064 6.099 6.133 6.168 6.201 6.235 6.267 6.299 6.330 6.360 6.391 6.421 6.450 6.482 6.516 6.554 6.593 6.634 6.677 6.722 6.767 6.812 6.856 6.901 6.948 7.001 7.059 7.125 7.195 7.268 7.343 7.427 7.522 7.621
5.210 5.245 5.279 5.311 5.340 5.368 5.395 5.421 5.445 5.468 5.489 5.510 5.531 5.550 5.570 5.590 5.609 5.628 5.647 5.666 5.683 5.700 5.716 5.731 5.745 5.759 5.773 5.786 5.801 5.819 5.839 5.861 5.886 5.913 5.942 5.973 6.006 6.040 6.075 6.110 6.146 6.182 6.218 6.253 6.287 6.321 6.353 6.385 6.417 6.448 6.478 6.511 6.547 6.586 6.627 6.669 6.714 6.761 6.808 6.855 6.901 6.946 6.993 7.045 7.104 7.170 7.242 7.317 7.396 7.483 7.581 7.684
5.234 5.270 5.304 5.337 5.367 5.395 5.423 5.449 5.473 5.496 5.518 5.539 5.559 5.578 5.597 5.616 5.635 5.654 5.673 5.692 5.710 5.727 5.743 5.758 5.772 5.785 5.798 5.810 5.823 5.839 5.856 5.876 5.899 5.924 5.952 5.983 6.015 6.050 6.085 6.122 6.159 6.197 6.234 6.271 6.307 6.342 6.377 6.410 6.443 6.475 6.507 6.541 6.578 6.619 6.661 6.705 6.752 6.800 6.849 6.898 6.945 6.991 7.038 7.090 7.149 7.217 7.291 7.369 7.451 7.542 7.642 7.751
5.257 5.293 5.328 5.362 5.393 5.422 5.450 5.477 5.502 5.525 5.547 5.568 5.587 5.606 5.625 5.644 5.662 5.681 5.699 5.717 5.735 5.753 5.769 5.785 5.799 5.812 5.824 5.835 5.847 5.860 5.876 5.894 5.914 5.938 5.965 5.994 6.026 6.061 6.097 6.134 6.173 6.212 6.250 6.289 6.327 6.364 6.399 6.434 6.468 6.501 6.534 6.569 6.608 6.651 6.695 6.741 6.789 6.839 6.891 6.942 6.990 7.037 7.084 7.137 7.197 7.267 7.343 7.424 7.511 7.606 7.710 7.829
5.279 5.316 5.352 5.386 5.417 5.448 5.477 5.504 5.530 5.554 5.576 5.597 5.617 5.636 5.654 5.672 5.690 5.707 5.725 5.743 5.761 5.778 5.795 5.811 5.825 5.839 5.851 5.861 5.872 5.884 5.898 5.914 5.932 5.954 5.979 6.008 6.039 6.073 6.109 6.147 6.186 6.226 6.267 6.307 6.346 6.384 6.422 6.458 6.494 6.528 6.562 6.598 6.639 6.684 6.730 6.777 6.828 6.880 6.932 6.984 7.035 7.084 7.134 7.187 7.248 7.321 7.401 7.487 7.578 7.678 7.791 7.911
5.300 5.338 5.374 5.409 5.441 5.473 5.503 5.531 5.558 5.583 5.606 5.627 5.647 5.666 5.684 5.701 5.718 5.735 5.752 5.769 5.787 5.804 5.820 5.836 5.851 5.865 5.877 5.887 5.899 5.910 5.922 5.937 5.953 5.973 5.997 6.024 6.054 6.087 6.123 6.161 6.201 6.242 6.283 6.324 6.365 6.405 6.444 6.482 6.519 6.554 6.590 6.628 6.671 6.717 6.765 6.814 6.866 6.920 6.973 7.027 7.081 7.133 7.187 7.241 7.304 7.381 7.466 7.555 7.651 7.758 7.873 7.986
5.319 5.358 5.395 5.430 5.463 5.496 5.528 5.557 5.585 5.611 5.635 5.657 5.678 5.697 5.715 5.732 5.748 5.764 5.780 5.797 5.813 5.829 5.846 5.862 5.877 5.891 5.903 5.914 5.926 5.937 5.949 5.962 5.977 5.995 6.017 6.042 6.071 6.103 6.138 6.176 6.216 6.258 6.300 6.342 6.385 6.426 6.467 6.506 6.544 6.581 6.618 6.659 6.703 6.751 6.800 6.851 6.905 6.959 7.015 7.071 7.128 7.186 7.243 7.300 7.365 7.448 7.536 7.629 7.730 7.838 7.949 8.055
5.337 5.376 5.414 5.450 5.484 5.518 5.551 5.582 5.611 5.638 5.664 5.687 5.709 5.728 5.747 5.764 5.779 5.795 5.810 5.825 5.840 5.856 5.871 5.887 5.902 5.916 5.929 5.941 5.952 5.964 5.976 5.989 6.003 6.020 6.040 6.063 6.090 6.121 6.156 6.193 6.233 6.274 6.317 6.361 6.404 6.447 6.489 6.530 6.571 6.609 6.648 6.690 6.735 6.785 6.836 6.888 6.943 6.999 7.057 7.117 7.179 7.241 7.304 7.364 7.433 7.520 7.612 7.709 7.809 7.914 8.020 8.119
5.353 5.393 5.431 5.468 5.504 5.539 5.573 5.605 5.636 5.665 5.691 5.716 5.739 5.760 5.779 5.796 5.812 5.827 5.841 5.855 5.869 5.883 5.898 5.912 5.927 5.941 5.954 5.966 5.979 5.992 6.004 6.017 6.031 6.047 6.065 6.087 6.113 6.142 6.175 6.211 6.251 6.292 6.335 6.380 6.425 6.469 6.513 6.556 6.598 6.639 6.679 6.722 6.768 6.819 6.871 6.925 6.981 7.040 7.101 7.165 7.232 7.301 7.370 7.433 7.505 7.595 7.691 7.788 7.885 7.984 8.084 8.179
5.367 5.407 5.447 5.484 5.521 5.557 5.593 5.626 5.658 5.689 5.718 5.744 5.769 5.791 5.811 5.829 5.846 5.861 5.874 5.887 5.900 5.912 5.925 5.939 5.952 5.966 5.979 5.992 6.006 6.019 6.032 6.045 6.059 6.075 6.093 6.113 6.137 6.165 6.197 6.232 6.270 6.311 6.355 6.400 6.446 6.491 6.537 6.582 6.626 6.669 6.710 6.754 6.801 6.853 6.907 6.962 7.021 7.083 7.147 7.215 7.289 7.366 7.440 7.505 7.579 7.674 7.771 7.864 7.957 8.050 8.144 8.235
5.379 5.420 5.460 5.499 5.536 5.574 5.610 5.645 5.679 5.711 5.742 5.770 5.797 5.821 5.843 5.862 5.880 5.895 5.909 5.921 5.932 5.944 5.955 5.967 5.979 5.992 6.005 6.018 6.032 6.046 6.060 6.074 6.089 6.105 6.122 6.142 6.165 6.191 6.221 6.254 6.291 6.332 6.375 6.421 6.468 6.515 6.562 6.609 6.655 6.699 6.742 6.786 6.833 6.887 6.942 7.000 7.062 7.128 7.196 7.270 7.350 7.433 7.512 7.579 7.654 7.751 7.845 7.937 8.024 8.111 8.200 8.289
5.390 5.431 5.472 5.511 5.549 5.588 5.625 5.662 5.697 5.731 5.763 5.794 5.823 5.849 5.873 5.894 5.913 5.929 5.944 5.956 5.967 5.977 5.987 5.997 6.008 6.019 6.031 6.044 6.058 6.073 6.088 6.103 6.119 6.135 6.153 6.172 6.194 6.218 6.247 6.279 6.314 6.354 6.397 6.443 6.491 6.539 6.588 6.637 6.684 6.730 6.774 6.818 6.867 6.922 6.979 7.040 7.105 7.175 7.248 7.327 7.412 7.499 7.584 7.651 7.727 7.823 7.916 8.005 8.088 8.171 8.255 8.339
5.399 5.440 5.481 5.521 5.560 5.599 5.638 5.676 5.713 5.748 5.782 5.815 5.846 5.874 5.900 5.924 5.945 5.963 5.978 5.991 6.002 6.012 6.020 6.029 6.038 6.049 6.059 6.071 6.085 6.100 6.116 6.132 6.149 6.166 6.184 6.203 6.224 6.248 6.275 6.305 6.340 6.378 6.420 6.466 6.515 6.564 6.615 6.664 6.714 6.761 6.806 6.851 6.901 6.958 7.018 7.081 7.151 7.224 7.302 7.387 7.476 7.568 7.658 7.725 7.799 7.894 7.986 8.072 8.152 8.230 8.308 8.390
5.406 5.448 5.489 5.529 5.569 5.609 5.648 5.687 5.725 5.762 5.798 5.833 5.866 5.897 5.925 5.951 5.974 5.995 6.012 6.026 6.038 6.047 6.056 6.063 6.071 6.080 6.089 6.100 6.113 6.128 6.144 6.162 6.179 6.197 6.216 6.235 6.256 6.279 6.305 6.334 6.367 6.403 6.445 6.491 6.540 6.590 6.642 6.693 6.744 6.792 6.838 6.884 6.935 6.995 7.058 7.125 7.199 7.276 7.360 7.449 7.542 7.643 7.735 7.797 7.868 7.963 8.053 8.136 8.214 8.288 8.361 8.447
5.412 5.454 5.495 5.535 5.575 5.616 5.656 5.696 5.735 5.774 5.811 5.848 5.883 5.916 5.947 5.975 6.001 6.024 6.043 6.059 6.073 6.083 6.092 6.099 6.106 6.113 6.121 6.130 6.143 6.157 6.174 6.191 6.210 6.229 6.248 6.268 6.289 6.311 6.336 6.364 6.395 6.431 6.472 6.518 6.566 6.617 6.670 6.722 6.774 6.823 6.871 6.919 6.974 7.037 7.102 7.173 7.251 7.334 7.422 7.516 7.616 7.718 7.806 7.866 7.935 8.028 8.116 8.199 8.275 8.348 8.425 8.507
