TsunamiDB/out54189.asc
ncols          264
nrows          230
xllcorner      497853.4375
yllcorner      4229146.0000
cellsize         5.
NODATA_value   -99
[rows 136 to 169 of 230, columns 0 to 76 of 264]
6.344 6.353 6.361 6.370 6.379 6.388 6.397 6.406 6.415 6.423 6.432 6.440 6.448 6.456 6.464 6.472 6.479 6.487 6.495 6.503 6.510 6.518 6.525 6.533 6.540 6.547 6.555 6.562 6.570 6.577 6.585 6.593 6.600 6.607 6.613 6.620 6.627 6.633 6.639 6.646 6.651 6.657 6.663 6.668 6.673 6.677 6.681 6.685 6.689 6.692 6.695 6.697 6.699 6.701 6.703 6.704 6.704 6.704 6.704 6.704 6.704 6.704 6.703 6.703 6.703 6.703 6.704 6.704 6.705 6.706 6.708 6.709 6.711 6.713 6.715 6.718 6.720
6.345 6.354 6.362 6.371 6.380 6.389 6.398 6.407 6.416 6.424 6.433 6.441 6.449 6.457 6.465 6.473 6.481 6.488 6.496 6.504 6.511 6.519 6.526 6.534 6.541 6.549 6.556 6.564 6.571 6.578 6.586 6.594 6.601 6.608 6.615 6.622 6.628 6.635 6.641 6.647 6.653 6.659 6.665 6.670 6.675 6.680 6.684 6.689 6.692 6.696 6.699 6.702 6.704 6.706 6.708 6.710 6.710 6.711 6.711 6.711 6.711 6.711 6.710 6.710 6.710 6.710 6.710 6.710 6.711 6.712 6.713 6.714 6.716 6.718 6.720 6.722 6.725
6.346 6.355 6.364 6.372 6.381 6.390 6.399 6.408 6.417 6.426 6.434 6.442 6.450 6.458 6.466 6.474 6.482 6.490 6.497 6.505 6.513 6.520 6.528 6.535 6.543 6.550 6.558 6.565 6.572 6.580 6.588 6.595 6.603 6.610 6.617 6.623 6.630 6.637 6.643 6.649 6.655 6.661 6.667 6.673 6.678 6.683 6.687 6.692 6.696 6.700 6.703 6.706 6.709 6.711 6.714 6.715 6.716 6.717 6.717 6.718 6.717 6.717 6.717 6.717 6.716 6.716 6.716 6.716 6.717 6.718 6.718 6.720 6.721 6.723 6.725 6.727 6.729
6.347 6.356 6.365 6.374 6.382 6.391 6.400 6.410 6.419 6.427 6.435 6.444 6.452 6.460 6.468 6.476 6.483 6.491 6.499 6.507 6.514 6.522 6.529 6.537 6.544 6.552 6.559 6.567 6.574 6.582 6.589 6.597 6.604 6.611 6.618 6.625 6.632 6.638 6.645 6.651 6.657 6.663 6.669 6.675 6.680 6.685 6.690 6.695 6.699 6.703 6.707 6.710 6.713 6.716 6.719 6.721 6.722 6.723 6.724 6.724 6.724 6.724 6.724 6.723 6.723 6.723 6.723 6.723 6.723 6.723 6.724 6.725 6.726 6.728 6.729 6.731 6.734
6.348 6.357 6.366 6.375 6.384 6.393 6.402 6.411 6.420 6.428 6.437 6.445 6.453 6.461 6.469 6.477 6.485 6.493 6.500 6.508 6.516 6.523 6.531 6.538 6.546 6.553 6.561 6.568 6.576 6.583 6.591 6.599 6.606 6.613 6.620 6.627 6.633 6.640 6.647 6.653 6.659 6.665 6.671 6.677 6.683 6.688 6.693 6.698 6.702 6.706 6.710 6.714 6.717 6.721 6.724 6.726 6.727 6.729 6.729 6.730 6.730 6.730 6.730 6.730 6.730 6.729 6.729 6.729 6.729 6.729 6.730 6.730 6.731 6.733 6.734 6.736 6.739
6.349 6.358 6.367 6.376 6.385 6.394 6.403 6.412 6.421 6.430 6.438 6.446 6.454 6.462 6.470 6.478 6.486 6.494 6.502 6.509 6.517 6.525 6.532 6.540 6.547 6.555 6.562 6.570 6.577 6.585 6.593 6.600 6.607 6.614 6.621 6.628 6.635 6.642 6.648 6.655 6.661 6.667 6.673 6.679 6.685 6.690 6.695 6.700 6.705 6.710 6.714 6.718 6.721 6.725 6.728 6.730 6.732 6.734 6.735 6.736 6.736 6.737 6.737 6.736 6.736 6.736 6.735 6.735 6.735 6.735 6.735 6.736 6.737 6.738 6.739 6.741 6.743
6.350 6.360 6.369 6.378 6.386 6.395 6.404 6.414 6.423 6.431 6.440 6.448 6.456 6.464 6.472 6.480 6.488 6.496 6.503 6.511 6.519 6.526 6.534 6.541 6.549 6.556 6.564 6.571 6.579 6.586 6.594 6.602 6.609 6.616 6.623 6.630 6.637 6.644 6.650 6.657 6.663 6.669 6.676 6.681 6.687 6.693 6.698 6.703 6.708 6.713 6.717 6.721 6.725 6.729 6.732 6.735 6.737 6.739 6.741 6.742 6.742 6.743 6.743 6.743 6.743 6.742 6.742 6.742 6.741 6.741 6.741 6.742 6.742 6.743 6.744 6.746 6.748
6.352 6.361 6.370 6.379 6.388 6.397 6.406 6.415 6.424 6.433 6.441 6.449 6.458 6.466 6.474 6.482 6.489 6.497 6.505 6.513 6.520 6.528 6.536 6.543 6.551 6.558 6.566 6.573 6.581 6.588 6.596 6.604 6.611 6.618 6.625 6.632 6.639 6.646 6.652 6.659 6.665 6.672 6.678 6.684 6.689 6.695 6.701 6.706 6.711 6.716 6.720 6.725 6.729 6.733 6.736 6.739 6.742 6.744 6.746 6.747 6.748 6.749 6.749 6.749 6.749 6.749 6.748 6.748 6.748 6.747 6.747 6.747 6.748 6.749 6.750 6.751 6.753
6.353 6.362 6.371 6.380 6.389 6.398 6.408 6.417 6.426 6.434 6.443 6.451 6.459 6.467 6.475 6.483 6.491 6.499 6.507 6.514 6.522 6.530 6.537 6.545 6.552 6.560 6.567 6.575 6.582 6.590 6.598 6.606 6.613 6.620 6.627 6.634 6.641 6.648 6.654 6.661 6.667 6.674 6.680 6.686 6.692 6.698 6.703 6.708 6.714 6.719 6.723 6.728 6.732 6.737 6.740 6.744 6.746 6.749 6.751 6.753 6.754 6.755 6.755 6.756 6.756 6.755 6.755 6.755 6.754 6.754 6.754 6.754 6.754 6.754 6.755 6.756 6.758
6.355 6.364 6.373 6.382 6.391 6.400 6.409 6.419 6.428 6.436 6.444 6.453 6.461 6.469 6.477 6.485 6.493 6.501 6.508 6.516 6.524 6.532 6.539 6.547 6.554 6.562 6.569 6.577 6.584 6.592 6.600 6.608 6.615 6.622 6.629 6.636 6.643 6.650 6.656 6.663 6.669 6.676 6.682 6.688 6.694 6.700 6.706 6.711 6.716 6.721 6.726 6.731 6.736 6.740 6.744 6.748 6.751 6.754 6.756 6.758 6.759 6.761 6.761 6.762 6.762 6.762 6.761 6.761 6.761 6.760 6.760 6.760 6.760 6.760 6.761 6.761 6.763
6.356 6.365 6.375 6.384 6.393 6.402 6.411 6.420 6.429 6.438 6.446 6.454 6.463 6.471 6.479 6.487 6.495 6.503 6.510 6.518 6.526 6.533 6.541 6.549 6.556 6.564 6.571 6.579 6.586 6.594 6.602 6.610 6.617 6.624 6.631 6.638 6.645 6.652 6.658 6.665 6.672 6.678 6.684 6.690 6.696 6.702 6.708 6.714 6.719 6.724 6.729 6.734 6.739 6.744 6.748 6.752 6.755 6.758 6.761 6.763 6.765 6.766 6.767 6.768 6.768 6.768 6.768 6.768 6.767 6.767 6.766 6.766 6.766 6.766 6.766 6.767 6.768
6.358 6.367 6.376 6.385 6.394 6.404 6.413 6.422 6.431 6.440 6.448 6.456 6.464 6.473 6.481 6.489 6.497 6.504 6.512 6.520 6.528 6.535 6.543 6.551 6.558 6.566 6.573 6.581 6.588 6.596 6.604 6.612 6.619 6.626 6.633 6.640 6.647 6.654 6.661 6.667 6.674 6.680 6.687 6.693 6.699 6.705 6.711 6.716 6.722 6.727 6.732 6.737 6.742 6.747 6.752 6.755 6.759 6.762 6.765 6.768 6.770 6.771 6.773 6.774 6.774 6.774 6.774 6.774 6.774 6.773 6.773 6.772 6.772 6.772 6.772 6.773 6.774
6.360 6.369 6.378 6.387 6.396 6.405 6.415 6.424 6.433 6.442 6.450 6.458 6.466 6.475 6.483 6.491 6.498 6.506 6.514 6.522 6.530 6.537 6.545 6.553 6.560 6.568 6.575 6.583 6.590 6.598 6.606 6.614 6.621 6.628 6.635 6.642 6.649 6.656 6.663 6.670 6.676 6.683 6.689 6.695 6.701 6.707 6.713 6.719 6.724 6.730 6.735 6.740 6.745 6.750 6.755 6.759 6.763 6.766 6.770 6.772 6.775 6.777 6.778 6.779 6.780 6.781 6.781 6.781 6.780 6.780 6.779 6.779 6.778 6.778 6.778 6.779 6.779
6.361 6.371 6.380 6.389 6.398 6.407 6.417 6.426 6.435 6.443 6.452 6.460 6.468 6.476 6.485 6.493 6.500 6.508 6.516 6.524 6.532 6.539 6.547 6.555 6.562 6.570 6.577 6.585 6.593 6.600 6.608 6.616 6.623 6.630 6.637 6.645 6.651 6.658 6.665 6.672 6.678 6.685 6.691 6.698 6.704 6.710 6.716 6.721 6.727 6.733 6.738 6.743 6.748 6.754 6.759 6.763 6.767 6.770 6.774 6.777 6.779 6.782 6.783 6.785 6.786 6.787 6.787 6.787 6.787 6.786 6.786 6.785 6.785 6.784 6.784 6.785 6.785
6.363 6.372 6.382 6.391 6.400 6.409 6.419 6.428 6.437 6.445 6.454 6.462 6.470 6.479 6.487 6.495 6.503 6.510 6.518 6.526 6.534 6.542 6.549 6.557 6.564 6.572 6.580 6.587 6.595 6.603 6.611 6.618 6.625 6.633 6.640 6.647 6.654 6.661 6.667 6.674 6.681 6.687 6.694 6.700 6.706 6.712 6.718 6.724 6.730 6.735 6.741 6.746 6.751 6.757 6.762 6.766 6.770 6.774 6.778 6.781 6.784 6.786 6.789 6.790 6.792 6.792 6.793 6.793 6.793 6.793 6.792 6.792 6.791 6.791 6.791 6.791 6.791
6.365 6.374 6.383 6.393 6.402 6.411 6.421 6.430 6.439 6.447 6.456 6.464 6.472 6.481 6.489 6.497 6.505 6.513 6.520 6.528 6.536 6.544 6.551 6.559 6.567 6.574 6.582 6.589 6.597 6.605 6.613 6.621 6.628 6.635 6.642 6.649 6.656 6.663 6.670 6.677 6.683 6.690 6.696 6.702 6.709 6.715 6.721 6.727 6.732 6.738 6.744 6.749 6.755 6.760 6.765 6.770 6.774 6.778 6.782 6.785 6.788 6.791 6.793 6.795 6.797 6.798 6.799 6.799 6.799 6.799 6.799 6.798 6.798 6.797 6.797 6.797 6.797
6.367 6.376 6.385 6.395 6.404 6.413 6.423 6.432 6.441 6.449 6.458 6.466 6.474 6.483 6.491 6.499 6.507 6.515 6.523 6.530 6.538 6.546 6.553 6.561 6.569 6.576 6.584 6.592 6.599 6.607 6.615 6.623 6.630 6.637 6.644 6.651 6.658 6.665 6.672 6.679 6.686 6.692 6.699 6.705 6.711 6.717 6.723 6.729 6.735 6.741 6.746 6.752 6.758 6.763 6.768 6.773 6.778 6.782 6.786 6.789 6.793 6.796 6.798 6.800 6.802 6.804 6.805 6.805 6.806 6.806 6.805 6.805 6.804 6.804 6.803 6.803 6.803
6.369 6.378 6.387 6.397 6.406 6.415 6.425 6.434 6.443 6.451 6.460 6.468 6.477 6.485 6.493 6.501 6.509 6.517 6.525 6.532 6.540 6.548 6.556 6.563 6.571 6.579 6.586 6.594 6.601 6.610 6.618 6.625 6.632 6.639 6.647 6.654 6.661 6.668 6.674 6.681 6.688 6.694 6.701 6.707 6.714 6.720 6.726 6.732 6.738 6.744 6.749 6.755 6.760 6.766 6.772 6.776 6.781 6.785 6.789 6.793 6.797 6.800 6.803 6.805 6.807 6.809 6.810 6.811 6.812 6.812 6.812 6.811 6.811 6.810 6.810 6.810 6.810
6.370 6.380 6.389 6.399 6.408 6.417 6.427 6.436 6.445 6.453 6.462 6.470 6.479 6.487 6.495 6.503 6.511 6.519 6.527 6.535 6.542 6.550 6.558 6.566 6.573 6.581 6.588 6.596 6.604 6.612 6.620 6.627 6.635 6.642 6.649 6.656 6.663 6.670 6.677 6.684 6.690 6.697 6.703 6.710 6.716 6.722 6.728 6.734 6.740 6.746 6.752 6.758 6.763 6.769 6.775 6.780 6.784 6.789 6.793 6.797 6.801 6.804 6.807 6.810 6.812 6.814 6.816 6.817 6.818 6.818 6.818 6.818 6.817 6.817 6.816 6.816 6.816
6.372 6.382 6.391 6.400 6.410 6.419 6.429 6.438 6.447 6.456 6.464 6.472 6.481 6.489 6.497 6.505 6.513 6.521 6.529 6.537 6.545 6.552 6.560 6.568 6.575 6.583 6.591 6.598 6.606 6.614 6.622 6.629 6.637 6.644 6.651 6.658 6.665 6.672 6.679 6.686 6.693 6.699 6.706 6.712 6.719 6.725 6.731 6.737 6.743 6.749 6.755 6.760 6.766 6.772 6.778 6.783 6.787 6.792 6.797 6.801 6.805 6.808 6.812 6.814 6.817 6.819 6.821 6.822 6.823 6.824 6.824 6.824 6.824 6.823 6.823 6.823 6.823
6.374 6.383 6.393 6.402 6.412 6.421 6.431 6.440 6.449 6.458 6.466 6.474 6.483 6.491 6.499 6.507 6.515 6.523 6.531 6.539 6.547 6.554 6.562 6.570 6.578 6.585 6.593 6.601 6.608 6.616 6.624 6.632 6.639 6.646 6.653 6.661 6.668 6.675 6.681 6.688 6.695 6.702 6.708 6.715 6.721 6.727 6.733 6.740 6.746 6.751 6.757 6.763 6.769 6.775 6.780 6.786 6.791 6.795 6.800 6.804 6.808 6.812 6.816 6.819 6.822 6.824 6.826 6.828 6.829 6.830 6.830 6.830 6.830 6.830 6.829 6.829 6.829
6.375 6.385 6.394 6.404 6.413 6.423 6.433 6.442 6.451 6.459 6.468 6.476 6.485 6.493 6.501 6.509 6.517 6.525 6.533 6.541 6.549 6.557 6.564 6.572 6.580 6.587 6.595 6.603 6.611 6.619 6.627 6.634 6.641 6.649 6.656 6.663 6.670 6.677 6.684 6.691 6.697 6.704 6.711 6.717 6.723 6.730 6.736 6.742 6.748 6.754 6.760 6.766 6.772 6.778 6.783 6.789 6.794 6.799 6.803 6.808 6.812 6.816 6.820 6.823 6.826 6.829 6.831 6.833 6.834 6.835 6.836 6.836 6.836 6.836 6.836 6.836 6.836
6.377 6.386 6.396 6.406 6.415 6.425 6.434 6.444 6.453 6.461 6.470 6.478 6.487 6.495 6.503 6.511 6.519 6.527 6.535 6.543 6.551 6.559 6.566 6.574 6.582 6.589 6.597 6.605 6.613 6.621 6.629 6.636 6.643 6.651 6.658 6.665 6.672 6.679 6.686 6.693 6.700 6.706 6.713 6.719 6.726 6.732 6.738 6.744 6.750 6.756 6.762 6.768 6.775 6.781 6.786 6.791 6.797 6.802 6.806 6.811 6.815 6.820 6.823 6.827 6.830 6.833 6.836 6.838 6.839 6.841 6.842 6.842 6.842 6.842 6.842 6.842 6.842
6.378 6.388 6.397 6.407 6.417 6.426 6.436 6.446 6.454 6.463 6.472 6.480 6.489 6.497 6.505 6.513 6.521 6.529 6.537 6.545 6.553 6.561 6.568 6.576 6.584 6.592 6.599 6.607 6.615 6.623 6.631 6.638 6.646 6.653 6.660 6.667 6.674 6.681 6.688 6.695 6.702 6.708 6.715 6.722 6.728 6.734 6.741 6.747 6.753 6.759 6.765 6.771 6.777 6.783 6.789 6.794 6.799 6.804 6.809 6.814 6.819 6.823 6.827 6.831 6.834 6.837 6.840 6.842 6.844 6.846 6.847 6.848 6.848 6.848 6.849 6.849 6.849
6.379 6.389 6.399 6.408 6.418 6.428 6.438 6.447 6.456 6.465 6.474 6.482 6.490 6.499 6.507 6.515 6.523 6.531 6.539 6.547 6.555 6.563 6.570 6.578 6.586 6.594 6.601 6.609 6.617 6.625 6.633 6.640 6.648 6.655 6.662 6.669 6.676 6.683 6.690 6.697 6.704 6.711 6.717 6.724 6.730 6.737 6.743 6.749 6.755 6.761 6.767 6.773 6.780 6.786 6.791 6.797 6.802 6.807 6.812 6.817 6.822 6.826 6.830 6.834 6.838 6.841 6.844 6.847 6.849 6.851 6.852 6.853 6.854 6.854 6.855 6.855 6.855
6.380 6.390 6.400 6.410 6.419 6.429 6.439 6.449 6.458 6.467 6.475 6.484 6.492 6.500 6.509 6.517 6.525 6.533 6.541 6.549 6.557 6.564 6.572 6.580 6.588 6.595 6.603 6.611 6.619 6.627 6.635 6.642 6.650 6.657 6.664 6.671 6.678 6.685 6.692 6.699 6.706 6.713 6.719 6.726 6.732 6.739 6.745 6.751 6.757 6.764 6.770 6.776 6.782 6.788 6.794 6.799 6.805 6.810 6.815 6.820 6.825 6.829 6.834 6.838 6.842 6.845 6.848 6.851 6.854 6.856 6.857 6.859 6.859 6.860 6.861 6.861 6.861
6.381 6.391 6.401 6.411 6.421 6.431 6.441 6.450 6.459 6.468 6.477 6.485 6.494 6.502 6.510 6.519 6.527 6.535 6.543 6.551 6.558 6.566 6.574 6.582 6.590 6.597 6.605 6.613 6.621 6.629 6.637 6.644 6.651 6.659 6.666 6.673 6.680 6.687 6.694 6.701 6.708 6.715 6.721 6.728 6.734 6.741 6.747 6.753 6.760 6.766 6.772 6.778 6.784 6.790 6.796 6.802 6.807 6.813 6.818 6.823 6.828 6.832 6.837 6.841 6.845 6.849 6.852 6.855 6.858 6.860 6.862 6.864 6.865 6.866 6.866 6.867 6.867
6.382 6.392 6.402 6.412 6.422 6.432 6.442 6.451 6.460 6.469 6.478 6.487 6.495 6.504 6.512 6.520 6.528 6.536 6.544 6.552 6.560 6.568 6.576 6.583 6.591 6.599 6.607 6.614 6.622 6.631 6.638 6.646 6.653 6.661 6.668 6.675 6.682 6.689 6.696 6.703 6.710 6.717 6.723 6.730 6.736 6.743 6.749 6.755 6.762 6.768 6.774 6.780 6.786 6.793 6.798 6.804 6.810 6.815 6.820 6.825 6.830 6.835 6.840 6.844 6.848 6.852 6.856 6.859 6.862 6.864 6.867 6.868 6.870 6.871 6.872 6.873 6.873
6.382 6.392 6.402 6.412 6.422 6.433 6.443 6.453 6.462 6.471 6.479 6.488 6.497 6.505 6.513 6.522 6.530 6.538 6.546 6.554 6.562 6.569 6.577 6.585 6.593 6.601 6.608 6.616 6.624 6.632 6.640 6.648 6.655 6.662 6.670 6.677 6.684 6.691 6.698 6.705 6.712 6.718 6.725 6.732 6.738 6.745 6.751 6.757 6.764 6.770 6.776 6.782 6.789 6.795 6.801 6.806 6.812 6.817 6.823 6.828 6.833 6.838 6.843 6.847 6.852 6.856 6.859 6.863 6.866 6.869 6.871 6.873 6.875 6.876 6.877 6.878 6.879
6.382 6.393 6.403 6.413 6.423 6.433 6.444 6.454 6.463 6.472 6.480 6.489 6.498 6.506 6.515 6.523 6.531 6.539 6.547 6.555 6.563 6.571 6.579 6.587 6.594 6.602 6.610 6.618 6.626 6.634 6.642 6.649 6.657 6.664 6.671 6.678 6.685 6.693 6.700 6.706 6.713 6.720 6.727 6.733 6.740 6.746 6.753 6.759 6.765 6.772 6.778 6.784 6.791 6.797 6.803 6.808 6.814 6.820 6.825 6.830 6.836 6.841 6.845 6.850 6.854 6.859 6.863 6.866 6.869 6.872 6.875 6.877 6.879 6.881 6.882 6.883 6.884
6.382 6.393 6.403 6.413 6.424 6.434 6.445 6.454 6.463 6.473 6.481 6.490 6.499 6.507 6.516 6.524 6.532 6.540 6.548 6.556 6.564 6.572 6.580 6.588 6.596 6.604 6.611 6.619 6.627 6.635 6.643 6.651 6.658 6.665 6.673 6.680 6.687 6.694 6.701 6.708 6.715 6.722 6.728 6.735 6.741 6.748 6.754 6.761 6.767 6.773 6.780 6.786 6.792 6.799 6.805 6.810 6.816 6.822 6.827 6.833 6.838 6.843 6.848 6.853 6.857 6.862 6.866 6.869 6.873 6.876 6.879 6.881 6.884 6.885 6.887 6.888 6.890
6.382 6.392 6.403 6.413 6.424 6.435 6.445 6.455 6.464 6.473 6.482 6.491 6.500 6.508 6.517 6.525 6.533 6.542 6.550 6.558 6.566 6.574 6.581 6.589 6.597 6.605 6.613 6.621 6.628 6.637 6.645 6.652 6.659 6.667 6.674 6.681 6.688 6.696 6.703 6.709 6.716 6.723 6.730 6.736 6.743 6.750 6.756 6.762 6.769 6.775 6.781 6.788 6.794 6.800 6.806 6.812 6.818 6.824 6.829 6.835 6.840 6.845 6.850 6.855 6.860 6.864 6.868 6.872 6.876 6.879 6.882 6.885 6.888 6.890 6.891 6.893 6.895
6.381 6.392 6.403 6.413 6.424 6.435 6.445 6.455 6.465 6.474 6.483 6.492 6.501 6.509 6.518 6.526 6.534 6.543 6.551 6.559 6.567 6.575 6.583 6.591 6.598 6.606 6.614 6.622 6.630 6.638 6.646 6.653 6.661 6.668 6.675 6.683 6.690 6.697 6.704 6.711 6.718 6.725 6.731 6.738 6.745 6.751 6.757 6.764 6.770 6.777 6.783 6.789 6.796 6.802 6.808 6.814 6.820 6.825 6.831 6.837 6.842 6.847 6.852 6.857 6.862 6.867 6.871 6.875 6.879 6.883 6.886 6.889 6.891 6.894 6.896 6.898 6.899
6.381 6.392 6.402 6.413 6.424 6.435 6.445 6.455 6.465 6.474 6.483 6.492 6.501 6.510 6.519 6.527 6.535 6.544 6.552 6.560 6.568 6.576 6.584 6.592 6.599 6.607 6.615 6.623 6.631 6.639 6.647 6.655 6.662 6.669 6.677 6.684 6.691 6.698 6.705 6.712 6.719 6.726 6.733 6.739 6.746 6.752 6.759 6.765 6.772 6.778 6.784 6.791 6.797 6.804 6.810 6.816 6.821 6.827 6.833 6.838 6.844 6.849 6.854 6.860 6.864 6.869 6.874 6.878 6.882 6.886 6.889 6.892 6.895 6.897 6.900 6.902 6.904
