TsunamiDB/out54105.asc
ncols          264
nrows          230
xllcorner      497853.4375
yllcorner      4229146.0000
cellsize         5.
NODATA_value   -99
[rows 102 to 135 of 230, columns 154 to 230 of 264]
6.847 6.856 6.866 6.876 6.887 6.898 6.910 6.922 6.935 6.948 6.961 6.975 6.989 7.003 7.017 7.031 7.046 7.060 7.074 7.087 7.100 7.112 7.125 7.137 7.149 7.160 7.172 7.183 7.193 7.204 7.214 7.223 7.233 7.242 7.251 7.259 7.268 7.276 7.285 7.294 7.303 7.311 7.320 7.328 7.337 7.346 7.355 7.365 7.375 7.385 7.395 7.405 7.415 7.425 7.436 7.447 7.458 7.470 7.481 7.491 7.502 7.513 7.525 7.543 7.561 7.582 7.611 7.644 7.684 7.733 7.793 7.864 7.939 7.985 8.035 8.112 8.184
6.857 6.866 6.876 6.886 6.897 6.908 6.919 6.931 6.944 6.957 6.970 6.984 6.998 7.012 7.027 7.041 7.056 7.070 7.084 7.097 7.110 7.123 7.136 7.148 7.160 7.172 7.183 7.195 7.205 7.216 7.226 7.236 7.246 7.255 7.264 7.273 7.281 7.290 7.299 7.308 7.317 7.325 7.333 7.341 7.350 7.359 7.368 7.378 7.388 7.398 7.408 7.417 7.427 7.437 7.447 7.457 7.468 7.479 7.491 7.503 7.516 7.529 7.545 7.565 7.586 7.612 7.643 7.679 7.719 7.767 7.827 7.900 7.977 8.024 8.073 8.150 8.219
6.867 6.876 6.886 6.896 6.906 6.917 6.929 6.941 6.953 6.966 6.979 6.993 7.007 7.021 7.036 7.051 7.066 7.080 7.094 7.107 7.120 7.133 7.146 7.159 7.171 7.183 7.195 7.206 7.217 7.228 7.239 7.249 7.258 7.268 7.277 7.286 7.294 7.303 7.312 7.321 7.330 7.338 7.346 7.354 7.363 7.371 7.381 7.390 7.400 7.410 7.420 7.429 7.438 7.447 7.457 7.466 7.477 7.488 7.501 7.515 7.530 7.547 7.566 7.589 7.613 7.641 7.676 7.714 7.755 7.803 7.863 7.935 8.015 8.063 8.112 8.187 8.254
6.876 6.885 6.895 6.905 6.915 6.926 6.938 6.950 6.962 6.975 6.988 7.002 7.016 7.030 7.045 7.060 7.075 7.090 7.103 7.117 7.131 7.144 7.157 7.170 7.182 7.194 7.206 7.218 7.229 7.240 7.251 7.261 7.271 7.280 7.289 7.298 7.307 7.316 7.325 7.334 7.342 7.350 7.358 7.366 7.375 7.383 7.393 7.402 7.412 7.422 7.432 7.441 7.448 7.457 7.466 7.475 7.485 7.497 7.511 7.528 7.546 7.566 7.589 7.614 7.640 7.672 7.710 7.750 7.792 7.841 7.898 7.972 8.058 8.106 8.154 8.226 8.290
6.885 6.895 6.904 6.914 6.924 6.935 6.947 6.958 6.971 6.984 6.997 7.011 7.025 7.039 7.054 7.069 7.084 7.099 7.113 7.127 7.141 7.154 7.167 7.180 7.193 7.206 7.218 7.230 7.241 7.252 7.263 7.273 7.283 7.293 7.302 7.311 7.320 7.329 7.337 7.346 7.355 7.363 7.370 7.378 7.386 7.395 7.404 7.414 7.424 7.434 7.443 7.450 7.457 7.465 7.474 7.483 7.494 7.507 7.523 7.542 7.563 7.586 7.612 7.639 7.667 7.703 7.744 7.786 7.831 7.880 7.936 8.020 8.110 8.153 8.196 8.266 8.325
6.894 6.903 6.913 6.923 6.933 6.944 6.955 6.967 6.979 6.992 7.005 7.019 7.033 7.047 7.062 7.077 7.093 7.108 7.122 7.136 7.150 7.164 7.177 7.191 7.204 7.216 7.229 7.241 7.252 7.264 7.274 7.285 7.295 7.305 7.314 7.323 7.332 7.341 7.350 7.359 7.367 7.375 7.382 7.390 7.398 7.406 7.415 7.425 7.435 7.444 7.453 7.460 7.466 7.475 7.483 7.492 7.504 7.519 7.537 7.558 7.581 7.608 7.637 7.666 7.696 7.735 7.779 7.825 7.873 7.926 7.992 8.076 8.157 8.196 8.238 8.303 8.358
6.903 6.912 6.921 6.931 6.941 6.952 6.963 6.974 6.987 6.999 7.013 7.026 7.041 7.055 7.070 7.086 7.101 7.116 7.131 7.145 7.160 7.174 7.187 7.201 7.214 7.227 7.240 7.252 7.264 7.275 7.286 7.297 7.307 7.317 7.326 7.335 7.344 7.353 7.362 7.371 7.379 7.386 7.394 7.401 7.409 7.417 7.426 7.435 7.445 7.454 7.462 7.469 7.476 7.484 7.492 7.502 7.515 7.532 7.551 7.574 7.601 7.631 7.664 7.694 7.726 7.769 7.818 7.868 7.920 7.980 8.051 8.129 8.201 8.238 8.277 8.337 8.389
6.911 6.920 6.929 6.939 6.949 6.959 6.970 6.982 6.994 7.007 7.020 7.034 7.048 7.063 7.078 7.093 7.109 7.125 7.139 7.154 7.168 7.183 7.197 7.211 7.224 7.237 7.250 7.262 7.275 7.286 7.297 7.308 7.318 7.328 7.338 7.347 7.356 7.365 7.374 7.382 7.390 7.398 7.405 7.412 7.420 7.428 7.436 7.445 7.454 7.463 7.471 7.478 7.485 7.493 7.503 7.514 7.528 7.546 7.567 7.592 7.621 7.656 7.692 7.724 7.758 7.807 7.859 7.914 7.973 8.037 8.106 8.178 8.243 8.277 8.314 8.368 8.416
6.918 6.927 6.936 6.946 6.956 6.966 6.977 6.988 7.000 7.013 7.026 7.040 7.054 7.069 7.085 7.100 7.116 7.132 7.147 7.162 7.177 7.191 7.206 7.220 7.234 7.247 7.260 7.273 7.285 7.297 7.308 7.319 7.329 7.339 7.349 7.358 7.367 7.376 7.385 7.394 7.402 7.409 7.415 7.422 7.430 7.438 7.446 7.455 7.463 7.472 7.480 7.487 7.495 7.504 7.514 7.526 7.542 7.561 7.584 7.610 7.643 7.681 7.722 7.757 7.794 7.847 7.904 7.964 8.026 8.092 8.159 8.224 8.282 8.314 8.348 8.397 8.440
6.925 6.934 6.943 6.952 6.962 6.972 6.983 6.994 7.006 7.019 7.032 7.046 7.060 7.075 7.091 7.107 7.123 7.139 7.154 7.169 7.184 7.199 7.214 7.228 7.243 7.256 7.270 7.283 7.295 7.307 7.319 7.330 7.340 7.350 7.360 7.369 7.378 7.387 7.396 7.405 7.412 7.419 7.426 7.432 7.439 7.447 7.455 7.463 7.472 7.480 7.489 7.497 7.505 7.515 7.526 7.540 7.557 7.578 7.602 7.631 7.666 7.708 7.755 7.792 7.831 7.889 7.951 8.015 8.078 8.143 8.207 8.266 8.319 8.348 8.379 8.423 8.463
6.931 6.940 6.949 6.958 6.968 6.978 6.989 7.000 7.012 7.024 7.037 7.051 7.065 7.080 7.096 7.112 7.129 7.145 7.160 7.176 7.191 7.207 7.222 7.236 7.251 7.265 7.279 7.292 7.305 7.317 7.329 7.340 7.351 7.361 7.370 7.380 7.389 7.398 7.407 7.415 7.423 7.429 7.435 7.442 7.448 7.455 7.463 7.471 7.480 7.488 7.498 7.507 7.516 7.526 7.538 7.554 7.573 7.596 7.621 7.652 7.691 7.738 7.790 7.829 7.871 7.934 7.999 8.064 8.128 8.191 8.251 8.306 8.353 8.380 8.408 8.448 8.483
6.937 6.946 6.955 6.964 6.973 6.983 6.994 7.005 7.016 7.029 7.042 7.055 7.070 7.085 7.101 7.117 7.134 7.150 7.166 7.182 7.198 7.213 7.229 7.244 7.259 7.273 7.287 7.301 7.314 7.326 7.338 7.350 7.360 7.371 7.380 7.390 7.399 7.408 7.417 7.426 7.433 7.439 7.444 7.450 7.457 7.463 7.470 7.478 7.487 7.497 7.507 7.517 7.527 7.538 7.552 7.569 7.590 7.614 7.642 7.675 7.718 7.770 7.827 7.867 7.913 7.979 8.045 8.110 8.173 8.234 8.291 8.341 8.384 8.408 8.433 8.469 8.501
6.942 6.951 6.960 6.969 6.978 6.988 6.998 7.009 7.020 7.033 7.045 7.059 7.074 7.089 7.104 7.121 7.138 7.155 7.171 7.187 7.203 7.219 7.235 7.250 7.266 7.281 7.295 7.309 7.322 7.335 7.347 7.359 7.370 7.380 7.390 7.399 7.409 7.418 7.427 7.435 7.442 7.448 7.453 7.458 7.464 7.470 7.477 7.486 7.495 7.505 7.516 7.527 7.538 7.551 7.565 7.584 7.607 7.634 7.663 7.700 7.746 7.802 7.863 7.906 7.954 8.022 8.089 8.154 8.215 8.273 8.327 8.374 8.414 8.436 8.458 8.490 8.520
6.947 6.956 6.964 6.973 6.982 6.992 7.002 7.013 7.024 7.036 7.049 7.062 7.076 7.092 7.108 7.124 7.141 7.158 7.175 7.191 7.208 7.224 7.240 7.256 7.272 7.287 7.302 7.316 7.330 7.343 7.355 7.367 7.378 7.389 7.399 7.408 7.418 7.427 7.436 7.444 7.450 7.456 7.460 7.466 7.471 7.477 7.484 7.492 7.502 7.514 7.526 7.538 7.550 7.564 7.580 7.600 7.625 7.654 7.687 7.727 7.776 7.836 7.904 7.949 7.997 8.066 8.133 8.197 8.256 8.313 8.364 8.407 8.443 8.462 8.482 8.511 8.538
6.952 6.960 6.969 6.977 6.986 6.996 7.005 7.016 7.027 7.039 7.051 7.065 7.079 7.094 7.110 7.127 7.144 7.161 7.178 7.194 7.211 7.228 7.245 7.261 7.277 7.293 7.308 7.323 7.337 7.350 7.363 7.375 7.386 7.397 7.407 7.417 7.426 7.435 7.444 7.452 7.458 7.463 7.467 7.472 7.478 7.483 7.490 7.499 7.510 7.523 7.536 7.549 7.562 7.577 7.595 7.617 7.644 7.676 7.713 7.756 7.809 7.877 7.950 7.993 8.040 8.110 8.176 8.238 8.296 8.350 8.398 8.437 8.468 8.486 8.504 8.531 8.554
6.956 6.964 6.973 6.981 6.990 6.999 7.008 7.019 7.029 7.041 7.053 7.066 7.081 7.096 7.112 7.129 7.146 7.163 7.180 7.197 7.214 7.231 7.248 7.265 7.282 7.298 7.314 7.329 7.343 7.357 7.370 7.382 7.393 7.404 7.415 7.424 7.434 7.443 7.452 7.459 7.465 7.469 7.473 7.478 7.484 7.489 7.497 7.506 7.518 7.531 7.545 7.560 7.575 7.592 7.611 7.636 7.667 7.702 7.743 7.792 7.852 7.924 7.994 8.036 8.083 8.151 8.216 8.277 8.333 8.384 8.428 8.463 8.493 8.510 8.526 8.549 8.570
6.960 6.968 6.976 6.985 6.993 7.002 7.011 7.021 7.031 7.043 7.055 7.068 7.082 7.097 7.113 7.130 7.147 7.164 7.181 7.198 7.216 7.234 7.251 7.268 7.285 7.302 7.318 7.334 7.348 7.362 7.376 7.388 7.400 7.411 7.421 7.431 7.441 7.450 7.458 7.466 7.471 7.475 7.479 7.484 7.489 7.495 7.504 7.514 7.526 7.540 7.555 7.572 7.590 7.608 7.629 7.658 7.693 7.733 7.778 7.833 7.898 7.969 8.036 8.077 8.123 8.190 8.254 8.314 8.367 8.415 8.455 8.489 8.517 8.532 8.546 8.567 8.586
6.964 6.972 6.980 6.988 6.996 7.005 7.014 7.023 7.033 7.044 7.056 7.069 7.082 7.097 7.113 7.130 7.147 7.164 7.182 7.199 7.217 7.235 7.253 7.271 7.288 7.305 7.322 7.338 7.353 7.367 7.381 7.394 7.406 7.417 7.427 7.437 7.447 7.456 7.464 7.471 7.476 7.480 7.484 7.489 7.495 7.502 7.510 7.521 7.534 7.549 7.566 7.585 7.606 7.627 7.651 7.684 7.723 7.767 7.818 7.877 7.943 8.012 8.077 8.117 8.161 8.227 8.290 8.348 8.399 8.443 8.481 8.513 8.539 8.552 8.565 8.584 8.601
6.968 6.976 6.983 6.991 6.999 7.007 7.016 7.025 7.035 7.046 7.057 7.069 7.083 7.097 7.113 7.130 7.147 7.164 7.181 7.199 7.218 7.236 7.254 7.272 7.290 7.307 7.324 7.341 7.357 7.371 7.385 7.398 7.410 7.422 7.432 7.442 7.452 7.460 7.469 7.476 7.481 7.485 7.489 7.495 7.501 7.508 7.517 7.529 7.542 7.558 7.577 7.599 7.624 7.648 7.676 7.713 7.757 7.806 7.861 7.921 7.986 8.053 8.116 8.155 8.198 8.262 8.323 8.379 8.428 8.470 8.507 8.536 8.560 8.572 8.584 8.600 8.615
6.972 6.979 6.987 6.994 7.002 7.010 7.018 7.027 7.037 7.047 7.058 7.070 7.083 7.097 7.113 7.129 7.146 7.163 7.181 7.199 7.217 7.236 7.254 7.273 7.291 7.309 7.326 7.343 7.359 7.375 7.389 7.402 7.414 7.426 7.436 7.446 7.456 7.464 7.473 7.480 7.485 7.490 7.494 7.500 7.507 7.514 7.524 7.536 7.551 7.568 7.589 7.615 7.645 7.673 7.704 7.746 7.795 7.848 7.903 7.963 8.027 8.092 8.155 8.192 8.233 8.295 8.355 8.409 8.456 8.497 8.531 8.559 8.581 8.591 8.601 8.616 8.629
6.976 6.983 6.990 6.997 7.005 7.012 7.020 7.029 7.038 7.048 7.059 7.070 7.083 7.097 7.112 7.128 7.145 7.162 7.180 7.198 7.216 7.235 7.254 7.272 7.291 7.309 7.327 7.345 7.361 7.377 7.392 7.405 7.417 7.429 7.439 7.449 7.458 7.467 7.476 7.483 7.489 7.494 7.499 7.505 7.512 7.520 7.530 7.544 7.559 7.579 7.603 7.634 7.669 7.700 7.734 7.783 7.835 7.889 7.945 8.005 8.066 8.130 8.191 8.228 8.267 8.328 8.386 8.437 8.483 8.522 8.555 8.581 8.600 8.609 8.617 8.630 8.641
6.979 6.986 6.993 7.000 7.007 7.015 7.023 7.031 7.040 7.049 7.059 7.071 7.083 7.096 7.111 7.127 7.144 7.160 7.178 7.196 7.214 7.233 7.252 7.271 7.290 7.309 7.328 7.345 7.362 7.378 7.393 7.407 7.419 7.431 7.442 7.451 7.461 7.470 7.478 7.486 7.493 7.498 7.502 7.509 7.517 7.525 7.537 7.552 7.569 7.591 7.620 7.656 7.696 7.730 7.768 7.820 7.875 7.931 7.986 8.044 8.104 8.167 8.228 8.263 8.301 8.360 8.415 8.464 8.507 8.545 8.577 8.600 8.617 8.624 8.631 8.642 8.652
6.983 6.989 6.996 7.003 7.010 7.017 7.025 7.033 7.041 7.050 7.060 7.071 7.083 7.096 7.110 7.126 7.142 7.158 7.176 7.194 7.212 7.231 7.250 7.270 7.289 7.308 7.327 7.345 7.363 7.379 7.394 7.408 7.421 7.432 7.443 7.453 7.462 7.471 7.480 7.489 7.496 7.501 7.506 7.513 7.521 7.531 7.544 7.561 7.580 7.606 7.639 7.678 7.723 7.761 7.803 7.857 7.914 7.971 8.026 8.083 8.141 8.202 8.263 8.297 8.334 8.391 8.443 8.490 8.531 8.567 8.597 8.619 8.633 8.639 8.644 8.654 8.662
6.986 6.992 6.999 7.006 7.012 7.019 7.027 7.034 7.042 7.051 7.060 7.071 7.082 7.095 7.109 7.124 7.140 7.156 7.173 7.191 7.210 7.229 7.248 7.268 7.287 7.307 7.326 7.344 7.362 7.379 7.394 7.408 7.421 7.432 7.443 7.453 7.462 7.472 7.482 7.491 7.498 7.504 7.509 7.517 7.526 7.537 7.552 7.570 7.593 7.623 7.659 7.704 7.755 7.796 7.839 7.896 7.955 8.012 8.067 8.122 8.178 8.238 8.300 8.334 8.368 8.423 8.472 8.516 8.554 8.589 8.618 8.638 8.648 8.652 8.657 8.665 8.673
6.989 6.995 7.002 7.008 7.015 7.021 7.028 7.036 7.043 7.052 7.061 7.071 7.082 7.094 7.107 7.122 7.138 7.154 7.171 7.188 7.207 7.226 7.245 7.265 7.284 7.304 7.324 7.343 7.361 7.378 7.394 7.408 7.420 7.432 7.442 7.452 7.462 7.472 7.482 7.492 7.500 7.506 7.511 7.520 7.531 7.543 7.560 7.582 7.609 7.643 7.683 7.736 7.791 7.832 7.876 7.935 7.995 8.052 8.108 8.162 8.215 8.278 8.341 8.371 8.403 8.454 8.500 8.541 8.577 8.609 8.637 8.653 8.659 8.663 8.667 8.675 8.683
6.992 6.998 7.004 7.010 7.017 7.023 7.030 7.037 7.044 7.052 7.061 7.071 7.081 7.093 7.106 7.120 7.136 7.151 7.168 7.185 7.203 7.222 7.242 7.261 7.281 7.301 7.321 7.340 7.359 7.376 7.392 7.406 7.418 7.430 7.441 7.451 7.462 7.472 7.483 7.493 7.501 7.507 7.514 7.525 7.537 7.552 7.572 7.597 7.629 7.667 7.715 7.771 7.828 7.869 7.914 7.974 8.035 8.093 8.148 8.203 8.259 8.321 8.378 8.406 8.436 8.484 8.526 8.564 8.597 8.627 8.650 8.663 8.671 8.674 8.678 8.685 8.693
6.994 7.000 7.006 7.012 7.018 7.025 7.031 7.038 7.045 7.053 7.061 7.070 7.080 7.092 7.104 7.118 7.133 7.148 7.165 7.182 7.200 7.219 7.238 7.258 7.278 7.298 7.318 7.337 7.356 7.374 7.390 7.404 7.416 7.428 7.439 7.450 7.460 7.471 7.482 7.492 7.501 7.509 7.518 7.531 7.545 7.563 7.587 7.617 7.652 7.696 7.749 7.807 7.864 7.906 7.951 8.013 8.075 8.134 8.190 8.247 8.305 8.362 8.414 8.440 8.468 8.512 8.551 8.585 8.615 8.641 8.661 8.673 8.681 8.684 8.687 8.695 8.703
6.995 7.001 7.007 7.013 7.020 7.026 7.032 7.039 7.046 7.053 7.061 7.070 7.079 7.090 7.103 7.116 7.130 7.145 7.161 7.178 7.196 7.214 7.234 7.253 7.274 7.294 7.314 7.333 7.353 7.370 7.387 7.401 7.414 7.426 7.437 7.448 7.459 7.470 7.481 7.491 7.501 7.512 7.524 7.538 7.555 7.577 7.606 7.639 7.680 7.728 7.783 7.843 7.901 7.943 7.988 8.052 8.115 8.176 8.234 8.292 8.348 8.401 8.448 8.472 8.498 8.537 8.573 8.604 8.631 8.653 8.670 8.682 8.691 8.694 8.697 8.705 8.714
6.996 7.002 7.008 7.014 7.020 7.026 7.033 7.039 7.046 7.053 7.060 7.069 7.078 7.089 7.100 7.114 7.128 7.142 7.158 7.174 7.192 7.210 7.229 7.249 7.269 7.289 7.309 7.329 7.349 7.367 7.383 7.397 7.410 7.422 7.434 7.445 7.456 7.468 7.480 7.491 7.503 7.516 7.531 7.548 7.569 7.595 7.628 7.666 7.711 7.761 7.818 7.878 7.938 7.981 8.027 8.092 8.156 8.219 8.278 8.335 8.389 8.438 8.480 8.502 8.525 8.561 8.593 8.621 8.644 8.663 8.679 8.691 8.701 8.704 8.707 8.716 8.726
6.996 7.002 7.008 7.014 7.020 7.026 7.032 7.039 7.045 7.052 7.059 7.067 7.076 7.087 7.098 7.111 7.124 7.139 7.154 7.170 7.187 7.206 7.225 7.244 7.264 7.284 7.305 7.325 7.344 7.363 7.379 7.394 7.406 7.419 7.431 7.442 7.453 7.465 7.478 7.490 7.505 7.521 7.540 7.561 7.585 7.616 7.653 7.696 7.742 7.794 7.852 7.914 7.975 8.019 8.065 8.132 8.198 8.261 8.320 8.376 8.428 8.473 8.511 8.530 8.551 8.582 8.611 8.635 8.656 8.673 8.688 8.699 8.710 8.713 8.717 8.727 8.737
6.995 7.001 7.007 7.013 7.020 7.026 7.032 7.038 7.044 7.051 7.058 7.066 7.074 7.084 7.095 7.108 7.121 7.135 7.150 7.166 7.183 7.201 7.220 7.239 7.259 7.279 7.300 7.320 7.340 7.358 7.375 7.389 7.402 7.415 7.427 7.438 7.449 7.463 7.476 7.491 7.508 7.529 7.552 7.576 7.604 7.639 7.681 7.726 7.774 7.827 7.886 7.950 8.014 8.058 8.105 8.173 8.240 8.302 8.360 8.415 8.464 8.505 8.539 8.556 8.575 8.602 8.627 8.649 8.667 8.683 8.696 8.708 8.719 8.723 8.727 8.738 8.748
6.993 6.999 7.006 7.012 7.018 7.024 7.030 7.036 7.042 7.049 7.056 7.063 7.072 7.081 7.092 7.104 7.117 7.130 7.145 7.161 7.178 7.196 7.214 7.234 7.254 7.274 7.295 7.315 7.335 7.354 7.370 7.385 7.397 7.410 7.422 7.433 7.446 7.460 7.475 7.493 7.514 7.539 7.566 7.593 7.624 7.664 7.709 7.756 7.806 7.860 7.920 7.986 8.053 8.097 8.145 8.214 8.280 8.341 8.398 8.450 8.496 8.534 8.564 8.579 8.596 8.619 8.641 8.661 8.677 8.691 8.704 8.717 8.728 8.732 8.736 8.748 8.760
6.990 6.997 7.003 7.009 7.015 7.022 7.028 7.034 7.040 7.046 7.053 7.060 7.069 7.078 7.089 7.101 7.113 7.126 7.140 7.156 7.173 7.190 7.209 7.228 7.248 7.269 7.289 7.310 7.330 7.349 7.366 7.380 7.392 7.405 7.417 7.429 7.442 7.458 7.475 7.496 7.521 7.549 7.581 7.611 7.646 7.689 7.737 7.787 7.838 7.894 7.955 8.021 8.090 8.136 8.185 8.253 8.318 8.378 8.433 8.483 8.527 8.561 8.588 8.602 8.615 8.636 8.656 8.673 8.688 8.701 8.713 8.725 8.737 8.741 8.746 8.758 8.771
6.986 6.993 6.999 7.006 7.012 7.018 7.024 7.031 7.037 7.043 7.050 7.057 7.065 7.074 7.085 7.096 7.108 7.121 7.135 7.151 7.167 7.185 7.203 7.223 7.243 7.263 7.284 7.305 7.325 7.344 7.361 7.375 7.387 7.399 7.412 7.424 7.439 7.456 7.476 7.501 7.530 7.562 7.598 7.631 7.668 7.715 7.766 7.818 7.872 7.928 7.990 8.058 8.132 8.179 8.226 8.294 8.357 8.415 8.467 8.515 8.556 8.588 8.611 8.622 8.634 8.653 8.670 8.685 8.698 8.710 8.722 8.734 8.746 8.751 8.756 8.769 8.782
