TsunamiDB/out54066.asc
ncols          264
nrows          230
xllcorner      497853.4375
yllcorner      4229146.0000
cellsize         5.
NODATA_value   -99
[rows 33 to 65 of 230, columns 75 to 149 of 264]
-99.000 -99.000 -99.000 -99.000 -99.000 -99.000 1.648 1.654 1.703 1.844 2.074 2.358 2.657 2.939 3.182 3.381 3.539 3.664 3.766 3.852 3.925 3.991 4.051 4.106 4.158 4.207 4.254 4.299 4.342 4.383 4.423 4.462 4.498 4.535 4.571 4.606 4.641 4.675 4.708 4.741 4.773 4.805 4.837 4.868 4.898 4.928 4.958 4.987 5.016 5.044 5.072 5.100 5.126 5.153 5.178 5.201 5.226 5.250 5.273 5.296 5.318 5.339 5.360 5.381 5.401 5.421 5.440 5.460 5.479 5.497 5.516 5.535 5.554 5.573 5.593
-99.000 -99.000 -99.000 -99.000 -99.000 -99.000 1.649 1.663 1.744 1.921 2.175 2.469 2.766 3.035 3.262 3.446 3.592 3.709 3.804 3.885 3.956 4.020 4.078 4.132 4.183 4.231 4.277 4.321 4.364 4.404 4.444 4.481 4.517 4.554 4.589 4.624 4.658 4.691 4.724 4.756 4.788 4.819 4.850 4.881 4.911 4.941 4.970 4.999 5.028 5.056 5.084 5.111 5.138 5.164 5.189 5.213 5.238 5.262 5.285 5.308 5.330 5.352 5.373 5.394 5.414 5.434 5.453 5.472 5.491 5.509 5.528 5.546 5.564 5.582 5.601
-99.000 -99.000 -99.000 -99.000 -99.000 1.648 1.650 1.682 1.798 2.008 2.282 2.581 2.871 3.126 3.338 3.507 3.642 3.750 3.840 3.918 3.986 4.048 4.105 4.158 4.208 4.256 4.301 4.344 4.386 4.426 4.465 4.501 4.537 4.573 4.607 4.641 4.675 4.708 4.740 4.771 4.803 4.833 4.864 4.894 4.924 4.953 4.982 5.011 5.039 5.067 5.095 5.122 5.149 5.175 5.200 5.224 5.249 5.273 5.297 5.320 5.342 5.364 5.386 5.407 5.427 5.447 5.466 5.485 5.503 5.522 5.539 5.557 5.575 5.592 5.610
-99.000 -99.000 -99.000 -99.000 -99.000 1.648 1.656 1.714 1.866 2.105 2.393 2.693 2.972 3.212 3.408 3.564 3.688 3.790 3.876 3.950 4.016 4.077 4.132 4.185 4.234 4.280 4.325 4.368 4.408 4.448 4.486 4.522 4.557 4.592 4.626 4.660 4.692 4.724 4.756 4.787 4.818 4.848 4.878 4.907 4.937 4.965 4.994 5.022 5.050 5.078 5.105 5.132 5.159 5.185 5.210 5.235 5.259 5.284 5.308 5.331 5.354 5.376 5.398 5.419 5.439 5.459 5.479 5.498 5.516 5.534 5.552 5.569 5.586 5.603 5.621
-99.000 -99.000 -99.000 -99.000 -99.000 1.649 1.668 1.760 1.948 2.210 2.507 2.803 3.069 3.292 3.473 3.617 3.732 3.828 3.910 3.981 4.046 4.105 4.160 4.211 4.259 4.305 4.349 4.391 4.431 4.470 4.508 4.543 4.577 4.612 4.645 4.678 4.710 4.742 4.773 4.803 4.833 4.863 4.892 4.921 4.950 4.978 5.006 5.034 5.062 5.089 5.116 5.143 5.169 5.195 5.220 5.245 5.269 5.294 5.318 5.341 5.364 5.387 5.409 5.430 5.451 5.471 5.491 5.510 5.528 5.547 5.564 5.581 5.598 5.615 5.632
-99.000 -99.000 -99.000 -99.000 1.648 1.652 1.692 1.822 2.042 2.322 2.623 2.910 3.161 3.368 3.534 3.666 3.774 3.865 3.943 4.013 4.076 4.134 4.187 4.238 4.286 4.331 4.374 4.415 4.455 4.493 4.530 4.564 4.598 4.632 4.665 4.697 4.728 4.759 4.790 4.819 4.849 4.878 4.907 4.935 4.963 4.991 5.019 5.046 5.073 5.100 5.127 5.153 5.179 5.205 5.230 5.254 5.279 5.303 5.327 5.351 5.374 5.397 5.419 5.441 5.462 5.482 5.502 5.522 5.540 5.559 5.576 5.594 5.611 5.627 5.644
-99.000 -99.000 -99.000 -99.000 1.648 1.659 1.730 1.898 2.146 2.439 2.738 3.013 3.247 3.438 3.590 3.713 3.814 3.901 3.976 4.044 4.105 4.162 4.215 4.265 4.312 4.357 4.399 4.440 4.479 4.516 4.552 4.586 4.620 4.653 4.685 4.716 4.747 4.777 4.807 4.836 4.865 4.894 4.922 4.949 4.977 5.004 5.031 5.058 5.085 5.111 5.137 5.163 5.189 5.215 5.239 5.263 5.288 5.312 5.336 5.360 5.383 5.406 5.429 5.450 5.472 5.493 5.513 5.533 5.552 5.570 5.588 5.606 5.623 5.639 5.656
-99.000 -99.000 -99.000 -99.000 1.650 1.677 1.785 1.989 2.259 2.559 2.851 3.111 3.328 3.503 3.643 3.757 3.853 3.936 4.009 4.075 4.135 4.191 4.243 4.293 4.339 4.383 4.425 4.465 4.503 4.540 4.576 4.609 4.642 4.674 4.706 4.736 4.767 4.796 4.825 4.854 4.882 4.910 4.937 4.964 4.991 5.018 5.044 5.071 5.097 5.122 5.148 5.174 5.199 5.224 5.249 5.272 5.297 5.321 5.345 5.369 5.392 5.415 5.437 5.459 5.481 5.502 5.523 5.543 5.562 5.581 5.599 5.617 5.634 5.651 5.668
-99.000 -99.000 -99.000 1.648 1.655 1.709 1.858 2.093 2.379 2.680 2.961 3.204 3.403 3.563 3.692 3.799 3.890 3.970 4.041 4.105 4.165 4.220 4.272 4.320 4.366 4.409 4.451 4.490 4.528 4.564 4.599 4.632 4.664 4.696 4.727 4.757 4.787 4.816 4.844 4.872 4.900 4.927 4.954 4.980 5.006 5.032 5.058 5.084 5.109 5.134 5.159 5.184 5.209 5.234 5.258 5.281 5.305 5.329 5.353 5.377 5.400 5.423 5.445 5.468 5.489 5.511 5.531 5.552 5.572 5.591 5.610 5.628 5.646 5.663 5.679
-99.000 -99.000 -99.000 1.649 1.667 1.759 1.947 2.209 2.505 2.800 3.066 3.290 3.472 3.619 3.739 3.839 3.926 4.003 4.072 4.136 4.195 4.249 4.300 4.348 4.394 4.436 4.477 4.516 4.553 4.589 4.624 4.656 4.687 4.719 4.749 4.779 4.808 4.836 4.864 4.891 4.918 4.944 4.970 4.996 5.022 5.047 5.072 5.097 5.122 5.147 5.171 5.196 5.220 5.244 5.268 5.290 5.314 5.338 5.361 5.385 5.408 5.430 5.453 5.475 5.497 5.519 5.540 5.560 5.580 5.600 5.619 5.638 5.656 5.674 5.691
-99.000 -99.000 1.648 1.652 1.694 1.828 2.052 2.333 2.632 2.917 3.165 3.370 3.536 3.670 3.782 3.877 3.960 4.035 4.103 4.166 4.224 4.278 4.329 4.377 4.421 4.464 4.504 4.543 4.579 4.615 4.649 4.680 4.711 4.742 4.772 4.801 4.829 4.857 4.884 4.911 4.937 4.963 4.988 5.013 5.038 5.063 5.087 5.112 5.136 5.160 5.184 5.207 5.231 5.255 5.278 5.300 5.323 5.346 5.369 5.392 5.415 5.438 5.460 5.482 5.504 5.526 5.547 5.568 5.588 5.608 5.628 5.647 5.666 5.684 5.701
-99.000 -99.000 1.648 1.662 1.741 1.917 2.171 2.465 2.760 3.029 3.258 3.444 3.595 3.718 3.822 3.913 3.993 4.066 4.134 4.196 4.253 4.307 4.357 4.405 4.449 4.491 4.531 4.569 4.606 4.641 4.674 4.705 4.736 4.766 4.795 4.824 4.851 4.879 4.905 4.931 4.957 4.982 5.007 5.031 5.055 5.079 5.103 5.127 5.150 5.174 5.197 5.220 5.243 5.266 5.288 5.310 5.333 5.355 5.378 5.400 5.423 5.445 5.467 5.489 5.511 5.533 5.554 5.575 5.596 5.616 5.636 5.655 5.674 5.693 5.711
-99.000 1.648 1.651 1.686 1.809 2.024 2.301 2.599 2.884 3.135 3.343 3.511 3.648 3.762 3.860 3.947 4.025 4.097 4.163 4.224 4.282 4.335 4.386 4.433 4.477 4.519 4.559 4.597 4.633 4.667 4.700 4.731 4.761 4.791 4.819 4.847 4.874 4.901 4.927 4.952 4.977 5.002 5.026 5.050 5.074 5.097 5.120 5.143 5.166 5.188 5.211 5.233 5.255 5.278 5.299 5.320 5.343 5.365 5.387 5.409 5.431 5.453 5.475 5.496 5.518 5.540 5.561 5.582 5.603 5.623 5.643 5.663 5.683 5.702 5.720
-99.000 1.648 1.659 1.730 1.899 2.147 2.438 2.733 3.003 3.232 3.420 3.572 3.697 3.803 3.896 3.979 4.055 4.126 4.191 4.253 4.310 4.363 4.413 4.461 4.505 4.547 4.586 4.624 4.660 4.694 4.727 4.757 4.787 4.816 4.844 4.872 4.898 4.924 4.950 4.975 4.999 5.023 5.046 5.070 5.093 5.115 5.138 5.160 5.182 5.204 5.226 5.247 5.269 5.290 5.311 5.332 5.353 5.375 5.396 5.418 5.439 5.461 5.482 5.504 5.525 5.546 5.567 5.588 5.609 5.630 5.650 5.670 5.690 5.709 5.728
1.648 1.650 1.682 1.799 2.009 2.282 2.579 2.864 3.114 3.322 3.490 3.628 3.742 3.841 3.930 4.010 4.084 4.154 4.219 4.280 4.337 4.390 4.441 4.488 4.532 4.574 4.614 4.651 4.687 4.721 4.753 4.784 4.813 4.842 4.870 4.897 4.923 4.948 4.973 4.998 5.021 5.045 5.068 5.090 5.113 5.134 5.156 5.178 5.199 5.220 5.241 5.262 5.283 5.304 5.324 5.344 5.365 5.386 5.406 5.427 5.448 5.469 5.490 5.511 5.532 5.553 5.574 5.595 5.616 5.636 5.657 5.677 5.697 5.717 5.736
1.648 1.658 1.726 1.891 2.136 2.425 2.719 2.988 3.216 3.403 3.554 3.678 3.784 3.877 3.961 4.039 4.112 4.180 4.245 4.305 4.363 4.416 4.467 4.514 4.559 4.601 4.641 4.678 4.714 4.748 4.780 4.810 4.839 4.868 4.896 4.922 4.948 4.973 4.998 5.022 5.045 5.068 5.090 5.112 5.134 5.155 5.176 5.197 5.217 5.238 5.258 5.279 5.299 5.319 5.338 5.357 5.377 5.397 5.418 5.438 5.458 5.479 5.499 5.520 5.540 5.561 5.581 5.602 5.623 5.643 5.664 5.684 5.704 5.724 5.744
1.650 1.681 1.796 2.005 2.276 2.571 2.855 3.104 3.309 3.475 3.611 3.724 3.822 3.910 3.991 4.066 4.138 4.205 4.269 4.330 4.387 4.441 4.492 4.540 4.585 4.627 4.667 4.705 4.741 4.775 4.807 4.837 4.866 4.895 4.922 4.948 4.974 4.999 5.023 5.046 5.069 5.091 5.113 5.134 5.155 5.176 5.197 5.217 5.237 5.257 5.276 5.296 5.315 5.335 5.353 5.372 5.391 5.410 5.430 5.449 5.469 5.489 5.508 5.528 5.549 5.569 5.589 5.609 5.630 5.650 5.671 5.691 5.711 5.731 5.751
1.658 1.726 1.891 2.136 2.424 2.716 2.983 3.209 3.392 3.540 3.662 3.766 3.857 3.941 4.019 4.092 4.162 4.229 4.292 4.353 4.410 4.465 4.516 4.564 4.610 4.653 4.693 4.731 4.767 4.801 4.834 4.864 4.893 4.921 4.948 4.975 5.000 5.025 5.048 5.071 5.094 5.116 5.137 5.158 5.178 5.199 5.218 5.238 5.257 5.277 5.296 5.315 5.333 5.352 5.369 5.387 5.406 5.424 5.443 5.462 5.481 5.500 5.519 5.538 5.558 5.577 5.597 5.617 5.637 5.658 5.678 5.698 5.718 5.739 5.759
1.682 1.799 2.009 2.280 2.574 2.856 3.102 3.305 3.467 3.599 3.709 3.805 3.891 3.970 4.045 4.117 4.185 4.251 4.314 4.374 4.432 4.486 4.538 4.587 4.633 4.677 4.718 4.756 4.793 4.827 4.860 4.890 4.919 4.948 4.975 5.001 5.027 5.051 5.074 5.097 5.119 5.141 5.162 5.182 5.202 5.222 5.241 5.260 5.279 5.298 5.316 5.334 5.353 5.370 5.386 5.404 5.422 5.440 5.458 5.476 5.494 5.512 5.531 5.549 5.568 5.587 5.606 5.626 5.646 5.665 5.686 5.706 5.726 5.746 5.766
1.730 1.897 2.144 2.432 2.723 2.987 3.210 3.389 3.533 3.652 3.752 3.841 3.922 3.998 4.070 4.139 4.207 4.271 4.334 4.394 4.451 4.506 4.559 4.608 4.655 4.699 4.741 4.780 4.818 4.853 4.885 4.916 4.946 4.974 5.002 5.028 5.053 5.077 5.101 5.123 5.145 5.167 5.187 5.207 5.227 5.246 5.265 5.283 5.302 5.320 5.337 5.355 5.373 5.389 5.405 5.422 5.439 5.456 5.473 5.491 5.508 5.526 5.543 5.561 5.579 5.598 5.617 5.636 5.655 5.674 5.694 5.714 5.734 5.754 5.774
1.805 2.018 2.291 2.585 2.864 3.107 3.306 3.464 3.593 3.699 3.792 3.874 3.951 4.024 4.094 4.161 4.227 4.290 4.352 4.412 4.470 4.525 4.578 4.628 4.675 4.720 4.763 4.803 4.841 4.877 4.910 4.941 4.971 5.000 5.028 5.054 5.080 5.104 5.127 5.150 5.172 5.193 5.213 5.233 5.252 5.271 5.289 5.307 5.325 5.342 5.360 5.377 5.394 5.409 5.425 5.441 5.458 5.474 5.490 5.507 5.524 5.540 5.557 5.575 5.592 5.610 5.628 5.646 5.665 5.684 5.703 5.722 5.742 5.762 5.782
1.908 2.157 2.446 2.735 2.996 3.215 3.391 3.531 3.646 3.743 3.828 3.906 3.979 4.049 4.116 4.182 4.246 4.308 4.369 4.428 4.486 4.541 4.594 4.645 4.694 4.740 4.783 4.824 4.863 4.900 4.933 4.965 4.996 5.025 5.053 5.080 5.106 5.130 5.154 5.176 5.198 5.219 5.239 5.259 5.278 5.297 5.315 5.332 5.349 5.366 5.383 5.399 5.416 5.431 5.446 5.462 5.477 5.493 5.509 5.525 5.541 5.557 5.573 5.589 5.606 5.623 5.640 5.658 5.676 5.694 5.713 5.732 5.751 5.771 5.790
2.032 2.307 2.600 2.877 3.116 3.311 3.467 3.591 3.694 3.783 3.863 3.936 4.006 4.073 4.138 4.201 4.264 4.325 4.385 4.443 4.500 4.556 4.609 4.661 4.710 4.757 4.801 4.843 4.883 4.921 4.955 4.988 5.020 5.050 5.078 5.105 5.131 5.156 5.180 5.203 5.225 5.246 5.266 5.286 5.304 5.323 5.340 5.358 5.374 5.391 5.407 5.423 5.439 5.454 5.468 5.483 5.498 5.513 5.528 5.544 5.559 5.574 5.590 5.605 5.621 5.637 5.654 5.671 5.688 5.706 5.724 5.742 5.761 5.780 5.800
2.173 2.462 2.750 3.008 3.224 3.396 3.534 3.645 3.738 3.821 3.895 3.965 4.032 4.096 4.159 4.220 4.281 4.340 4.399 4.457 4.513 4.569 4.623 4.674 4.724 4.772 4.817 4.861 4.902 4.940 4.976 5.009 5.042 5.073 5.102 5.130 5.156 5.182 5.206 5.229 5.251 5.272 5.293 5.312 5.331 5.349 5.367 5.384 5.400 5.416 5.432 5.448 5.463 5.477 5.491 5.505 5.520 5.535 5.549 5.564 5.578 5.593 5.608 5.623 5.638 5.653 5.669 5.685 5.702 5.719 5.736 5.754 5.772 5.791 5.810
2.324 2.617 2.891 3.127 3.319 3.471 3.593 3.693 3.779 3.855 3.926 3.993 4.056 4.118 4.179 4.238 4.297 4.355 4.412 4.469 4.525 4.580 4.634 4.686 4.736 4.785 4.831 4.876 4.918 4.958 4.994 5.029 5.062 5.094 5.124 5.153 5.180 5.206 5.231 5.254 5.277 5.298 5.319 5.339 5.358 5.376 5.393 5.410 5.427 5.442 5.458 5.473 5.488 5.502 5.515 5.529 5.543 5.557 5.571 5.585 5.599 5.613 5.627 5.641 5.656 5.671 5.686 5.701 5.717 5.733 5.750 5.767 5.784 5.802 5.821
2.479 2.766 3.021 3.234 3.403 3.538 3.647 3.737 3.816 3.888 3.955 4.019 4.080 4.140 4.198 4.256 4.312 4.369 4.425 4.481 4.536 4.590 4.643 4.696 4.747 4.796 4.843 4.888 4.932 4.973 5.011 5.046 5.081 5.114 5.145 5.175 5.203 5.229 5.255 5.279 5.302 5.324 5.345 5.365 5.384 5.403 5.420 5.437 5.453 5.469 5.484 5.499 5.514 5.527 5.540 5.553 5.567 5.580 5.594 5.607 5.620 5.634 5.647 5.661 5.675 5.689 5.703 5.718 5.733 5.749 5.765 5.781 5.798 5.815 5.833
2.633 2.906 3.139 3.327 3.477 3.596 3.695 3.778 3.851 3.920 3.984 4.045 4.103 4.161 4.217 4.273 4.328 4.382 4.437 4.491 4.545 4.599 4.652 4.704 4.755 4.804 4.853 4.899 4.943 4.986 5.025 5.062 5.098 5.132 5.164 5.195 5.224 5.251 5.277 5.302 5.326 5.349 5.370 5.391 5.410 5.429 5.447 5.464 5.480 5.496 5.511 5.526 5.540 5.553 5.565 5.578 5.591 5.604 5.617 5.630 5.643 5.656 5.669 5.682 5.695 5.709 5.723 5.737 5.751 5.766 5.781 5.796 5.812 5.829 5.846
2.780 3.033 3.243 3.410 3.542 3.649 3.738 3.815 3.885 3.950 4.011 4.069 4.126 4.181 4.236 4.289 4.343 4.396 4.449 4.501 4.554 4.607 4.659 4.710 4.761 4.811 4.860 4.907 4.952 4.996 5.036 5.075 5.112 5.148 5.181 5.213 5.243 5.271 5.299 5.324 5.349 5.372 5.394 5.416 5.436 5.455 5.473 5.491 5.507 5.523 5.538 5.553 5.567 5.580 5.592 5.604 5.617 5.629 5.642 5.654 5.667 5.679 5.692 5.704 5.717 5.730 5.743 5.756 5.770 5.784 5.798 5.813 5.828 5.844 5.860
2.918 3.149 3.335 3.482 3.600 3.696 3.779 3.850 3.916 3.978 4.037 4.093 4.148 4.202 4.254 4.306 4.357 4.409 4.460 4.511 4.562 4.614 4.665 4.716 4.766 4.816 4.865 4.913 4.959 5.004 5.046 5.085 5.124 5.161 5.196 5.229 5.260 5.290 5.318 5.345 5.370 5.394 5.417 5.439 5.460 5.480 5.499 5.517 5.534 5.550 5.565 5.580 5.594 5.607 5.619 5.631 5.643 5.655 5.667 5.679 5.691 5.703 5.715 5.727 5.739 5.752 5.764 5.777 5.790 5.803 5.817 5.831 5.845 5.860 5.875
3.043 3.251 3.416 3.546 3.651 3.740 3.816 3.884 3.946 4.006 4.062 4.117 4.170 4.221 4.272 4.322 4.372 4.422 4.471 4.521 4.570 4.620 4.670 4.720 4.770 4.820 4.869 4.917 4.963 5.009 5.052 5.093 5.133 5.172 5.208 5.242 5.275 5.306 5.335 5.363 5.390 5.415 5.439 5.462 5.484 5.504 5.524 5.542 5.560 5.577 5.592 5.607 5.622 5.634 5.646 5.659 5.671 5.682 5.694 5.705 5.717 5.728 5.740 5.751 5.763 5.775 5.787 5.799 5.811 5.824 5.837 5.850 5.864 5.878 5.892
3.156 3.341 3.487 3.603 3.698 3.780 3.851 3.916 3.975 4.033 4.087 4.140 4.191 4.241 4.290 4.338 4.387 4.434 4.482 4.530 4.578 4.627 4.676 4.724 4.773 4.822 4.871 4.919 4.966 5.012 5.056 5.098 5.140 5.179 5.217 5.253 5.287 5.320 5.351 5.380 5.408 5.434 5.459 5.483 5.505 5.527 5.547 5.567 5.585 5.602 5.619 5.634 5.649 5.662 5.674 5.686 5.698 5.710 5.721 5.732 5.743 5.754 5.765 5.776 5.787 5.799 5.810 5.822 5.833 5.846 5.858 5.870 5.883 5.897 5.910
3.256 3.420 3.550 3.654 3.741 3.817 3.885 3.946 4.004 4.059 4.111 4.162 4.212 4.260 4.308 4.355 4.401 4.447 4.494 4.540 4.587 4.633 4.681 4.728 4.776 4.824 4.872 4.919 4.966 5.013 5.058 5.101 5.143 5.185 5.224 5.261 5.297 5.331 5.363 5.394 5.423 5.450 5.477 5.502 5.525 5.548 5.569 5.590 5.609 5.627 5.644 5.661 5.676 5.689 5.702 5.715 5.727 5.738 5.749 5.760 5.771 5.781 5.791 5.802 5.813 5.823 5.834 5.845 5.857 5.868 5.880 5.892 5.904 5.916 5.929
3.345 3.490 3.605 3.700 3.781 3.852 3.916 3.975 4.031 4.084 4.135 4.185 4.233 4.279 4.325 4.371 4.416 4.460 4.505 4.550 4.595 4.640 4.686 4.732 4.778 4.825 4.872 4.919 4.965 5.012 5.057 5.101 5.145 5.187 5.227 5.266 5.304 5.339 5.373 5.405 5.436 5.465 5.492 5.518 5.543 5.567 5.590 5.611 5.631 5.651 5.669 5.686 5.702 5.716 5.729 5.742 5.755 5.767 5.778 5.789 5.799 5.809 5.819 5.829 5.839 5.849 5.859 5.870 5.880 5.891 5.903 5.914 5.926 5.937 5.950
