TsunamiDB/out54064.asc
ncols          264
nrows          230
xllcorner      497853.4375
yllcorner      4229146.0000
cellsize         5.
NODATA_value   -99
[rows 132 to 164 of 230, columns 75 to 149 of 264]
4.980 5.014 5.046 5.077 5.108 5.138 5.167 5.196 5.224 5.250 5.277 5.302 5.326 5.350 5.373 5.395 5.416 5.437 5.458 5.478 5.497 5.517 5.536 5.555 5.575 5.595 5.614 5.634 5.655 5.676 5.697 5.719 5.741 5.763 5.784 5.806 5.827 5.848 5.868 5.887 5.906 5.923 5.940 5.955 5.969 5.982 5.994 6.005 6.015 6.024 6.032 6.042 6.051 6.062 6.073 6.085 6.098 6.111 6.125 6.140 6.155 6.170 6.184 6.199 6.213 6.227 6.240 6.252 6.263 6.274 6.284 6.293 6.300 6.307 6.314
4.994 5.027 5.060 5.091 5.122 5.152 5.182 5.211 5.239 5.266 5.293 5.319 5.344 5.368 5.391 5.413 5.435 5.456 5.476 5.496 5.515 5.534 5.553 5.572 5.590 5.609 5.628 5.646 5.666 5.686 5.707 5.728 5.750 5.771 5.793 5.814 5.836 5.857 5.877 5.897 5.917 5.935 5.953 5.969 5.985 5.999 6.012 6.024 6.035 6.044 6.053 6.062 6.072 6.081 6.092 6.103 6.114 6.127 6.140 6.154 6.168 6.182 6.196 6.211 6.225 6.238 6.251 6.264 6.275 6.286 6.297 6.306 6.314 6.321 6.329
5.007 5.040 5.073 5.104 5.135 5.165 5.195 5.224 5.253 5.281 5.308 5.334 5.360 5.385 5.409 5.432 5.454 5.475 5.496 5.515 5.534 5.553 5.571 5.589 5.607 5.625 5.642 5.660 5.678 5.698 5.718 5.738 5.759 5.780 5.801 5.823 5.844 5.865 5.886 5.907 5.927 5.946 5.964 5.982 5.998 6.014 6.028 6.041 6.053 6.063 6.073 6.082 6.092 6.101 6.111 6.121 6.132 6.144 6.156 6.169 6.182 6.196 6.209 6.223 6.237 6.250 6.263 6.276 6.288 6.299 6.310 6.319 6.328 6.335 6.343
5.019 5.052 5.085 5.116 5.146 5.177 5.207 5.237 5.266 5.294 5.322 5.349 5.375 5.401 5.425 5.449 5.472 5.494 5.515 5.535 5.554 5.572 5.590 5.608 5.625 5.642 5.658 5.675 5.692 5.711 5.729 5.749 5.769 5.789 5.810 5.831 5.852 5.873 5.894 5.915 5.935 5.955 5.974 5.993 6.010 6.027 6.042 6.056 6.069 6.081 6.091 6.101 6.111 6.121 6.130 6.140 6.151 6.161 6.173 6.185 6.197 6.210 6.223 6.237 6.250 6.263 6.276 6.288 6.300 6.312 6.323 6.333 6.341 6.349 6.358
5.031 5.064 5.096 5.127 5.157 5.188 5.219 5.248 5.278 5.307 5.335 5.363 5.390 5.416 5.441 5.466 5.489 5.512 5.533 5.554 5.573 5.592 5.610 5.627 5.644 5.660 5.676 5.691 5.708 5.725 5.743 5.761 5.780 5.799 5.819 5.839 5.860 5.881 5.902 5.923 5.944 5.964 5.984 6.003 6.021 6.038 6.055 6.070 6.084 6.096 6.108 6.119 6.129 6.139 6.149 6.159 6.169 6.180 6.190 6.202 6.214 6.226 6.238 6.251 6.264 6.277 6.289 6.302 6.314 6.325 6.336 6.347 6.355 6.363 6.372
5.042 5.074 5.106 5.136 5.167 5.198 5.229 5.259 5.289 5.318 5.347 5.375 5.402 5.429 5.455 5.481 5.505 5.528 5.551 5.572 5.592 5.612 5.630 5.647 5.664 5.680 5.695 5.710 5.725 5.741 5.757 5.774 5.792 5.810 5.829 5.849 5.869 5.889 5.910 5.931 5.951 5.972 5.992 6.011 6.030 6.049 6.066 6.082 6.097 6.111 6.123 6.135 6.146 6.157 6.167 6.177 6.188 6.198 6.208 6.219 6.230 6.242 6.254 6.266 6.279 6.291 6.304 6.316 6.328 6.339 6.351 6.361 6.369 6.378 6.386
5.052 5.085 5.115 5.146 5.177 5.207 5.238 5.268 5.298 5.328 5.357 5.386 5.414 5.442 5.468 5.495 5.520 5.544 5.567 5.589 5.611 5.631 5.650 5.668 5.685 5.700 5.715 5.729 5.744 5.759 5.774 5.790 5.806 5.823 5.841 5.859 5.878 5.898 5.918 5.939 5.959 5.979 6.000 6.020 6.039 6.058 6.076 6.093 6.109 6.123 6.136 6.149 6.162 6.173 6.184 6.195 6.205 6.215 6.226 6.236 6.247 6.259 6.270 6.282 6.294 6.306 6.319 6.331 6.342 6.354 6.365 6.375 6.384 6.393 6.402
5.063 5.094 5.124 5.155 5.185 5.216 5.247 5.277 5.307 5.337 5.366 5.396 5.424 5.452 5.480 5.507 5.533 5.558 5.582 5.605 5.627 5.648 5.668 5.687 5.705 5.721 5.735 5.750 5.764 5.778 5.793 5.807 5.822 5.838 5.854 5.871 5.889 5.908 5.927 5.947 5.967 5.987 6.007 6.027 6.047 6.066 6.085 6.103 6.120 6.134 6.149 6.163 6.176 6.188 6.200 6.211 6.222 6.232 6.243 6.254 6.264 6.275 6.287 6.298 6.310 6.322 6.334 6.346 6.358 6.369 6.380 6.390 6.399 6.408 6.417
5.072 5.104 5.133 5.163 5.194 5.224 5.254 5.285 5.315 5.345 5.375 5.404 5.433 5.462 5.490 5.517 5.544 5.570 5.595 5.620 5.643 5.665 5.686 5.706 5.724 5.740 5.755 5.770 5.785 5.799 5.812 5.826 5.840 5.854 5.869 5.885 5.902 5.919 5.937 5.956 5.976 5.995 6.015 6.035 6.055 6.075 6.094 6.112 6.129 6.144 6.160 6.175 6.189 6.202 6.214 6.226 6.238 6.248 6.259 6.270 6.281 6.292 6.303 6.314 6.326 6.338 6.350 6.362 6.373 6.385 6.396 6.406 6.415 6.424 6.433
5.082 5.113 5.142 5.172 5.202 5.232 5.262 5.292 5.322 5.352 5.382 5.412 5.441 5.470 5.499 5.527 5.554 5.581 5.607 5.632 5.656 5.679 5.701 5.722 5.742 5.759 5.775 5.791 5.806 5.820 5.833 5.846 5.859 5.873 5.886 5.901 5.916 5.932 5.949 5.967 5.985 6.004 6.024 6.043 6.063 6.083 6.102 6.120 6.138 6.154 6.170 6.185 6.200 6.214 6.228 6.240 6.252 6.263 6.275 6.286 6.297 6.308 6.319 6.330 6.342 6.354 6.365 6.377 6.389 6.401 6.412 6.422 6.432 6.441 6.450
5.092 5.122 5.151 5.180 5.210 5.240 5.269 5.299 5.329 5.359 5.389 5.418 5.448 5.477 5.506 5.534 5.562 5.590 5.616 5.642 5.668 5.692 5.715 5.737 5.758 5.777 5.794 5.810 5.826 5.841 5.855 5.868 5.880 5.893 5.905 5.919 5.932 5.947 5.963 5.979 5.996 6.014 6.033 6.052 6.071 6.091 6.110 6.129 6.146 6.163 6.179 6.196 6.211 6.226 6.240 6.253 6.265 6.277 6.289 6.300 6.312 6.323 6.334 6.346 6.357 6.369 6.381 6.393 6.405 6.417 6.429 6.439 6.449 6.458 6.468
5.103 5.132 5.161 5.189 5.218 5.247 5.277 5.306 5.336 5.365 5.395 5.424 5.454 5.483 5.512 5.541 5.569 5.597 5.624 5.651 5.677 5.702 5.727 5.750 5.772 5.792 5.811 5.829 5.845 5.861 5.875 5.889 5.902 5.914 5.926 5.938 5.951 5.964 5.978 5.993 6.009 6.026 6.044 6.062 6.080 6.099 6.118 6.137 6.155 6.171 6.188 6.205 6.221 6.236 6.251 6.265 6.278 6.290 6.302 6.314 6.326 6.337 6.349 6.360 6.372 6.384 6.396 6.408 6.420 6.433 6.445 6.456 6.466 6.476 6.486
5.114 5.143 5.170 5.198 5.227 5.255 5.284 5.313 5.342 5.372 5.401 5.430 5.459 5.488 5.517 5.546 5.575 5.603 5.631 5.658 5.685 5.711 5.736 5.761 5.784 5.805 5.825 5.845 5.863 5.880 5.895 5.909 5.923 5.935 5.947 5.959 5.971 5.983 5.996 6.009 6.024 6.039 6.056 6.073 6.090 6.109 6.127 6.146 6.163 6.180 6.197 6.214 6.231 6.246 6.261 6.276 6.289 6.302 6.315 6.327 6.339 6.351 6.362 6.374 6.386 6.398 6.411 6.423 6.436 6.448 6.461 6.472 6.483 6.494 6.504
5.125 5.153 5.181 5.208 5.236 5.264 5.292 5.320 5.349 5.378 5.406 5.435 5.464 5.493 5.522 5.551 5.580 5.608 5.636 5.664 5.691 5.718 5.744 5.769 5.794 5.817 5.838 5.858 5.878 5.896 5.913 5.929 5.943 5.956 5.968 5.980 5.991 6.003 6.015 6.027 6.040 6.054 6.069 6.085 6.102 6.119 6.137 6.155 6.173 6.189 6.206 6.223 6.240 6.256 6.272 6.286 6.300 6.314 6.327 6.339 6.351 6.363 6.375 6.387 6.399 6.412 6.424 6.437 6.450 6.463 6.476 6.489 6.500 6.511 6.522
5.137 5.165 5.192 5.218 5.245 5.273 5.300 5.328 5.356 5.384 5.412 5.441 5.469 5.498 5.526 5.555 5.583 5.612 5.640 5.668 5.696 5.723 5.750 5.776 5.802 5.825 5.848 5.870 5.891 5.911 5.929 5.946 5.962 5.976 5.989 6.001 6.013 6.024 6.035 6.046 6.058 6.071 6.085 6.100 6.115 6.131 6.148 6.166 6.182 6.199 6.216 6.233 6.250 6.266 6.281 6.296 6.311 6.325 6.338 6.351 6.363 6.375 6.387 6.400 6.412 6.425 6.438 6.451 6.464 6.478 6.491 6.504 6.516 6.528 6.540
5.150 5.177 5.203 5.229 5.256 5.283 5.309 5.336 5.363 5.391 5.418 5.446 5.474 5.502 5.530 5.558 5.587 5.615 5.643 5.672 5.700 5.727 5.754 5.781 5.808 5.832 5.856 5.879 5.901 5.923 5.942 5.961 5.978 5.994 6.008 6.021 6.033 6.045 6.056 6.067 6.078 6.090 6.102 6.116 6.130 6.145 6.161 6.177 6.193 6.209 6.226 6.243 6.259 6.276 6.291 6.306 6.321 6.335 6.348 6.361 6.374 6.387 6.399 6.412 6.424 6.437 6.450 6.464 6.477 6.491 6.506 6.519 6.532 6.545 6.558
5.164 5.191 5.216 5.241 5.267 5.293 5.319 5.345 5.372 5.398 5.425 5.452 5.479 5.506 5.534 5.562 5.590 5.618 5.646 5.674 5.702 5.730 5.758 5.785 5.812 5.837 5.862 5.886 5.910 5.932 5.953 5.973 5.992 6.009 6.025 6.039 6.053 6.065 6.076 6.087 6.098 6.109 6.121 6.133 6.146 6.160 6.175 6.190 6.206 6.221 6.237 6.253 6.270 6.286 6.301 6.316 6.331 6.345 6.359 6.372 6.385 6.398 6.410 6.423 6.436 6.449 6.462 6.476 6.490 6.505 6.519 6.533 6.547 6.561 6.574
5.178 5.204 5.229 5.254 5.279 5.305 5.330 5.355 5.381 5.406 5.432 5.458 5.484 5.511 5.538 5.565 5.593 5.620 5.648 5.676 5.704 5.732 5.760 5.787 5.815 5.841 5.866 5.891 5.915 5.939 5.962 5.983 6.003 6.022 6.040 6.056 6.070 6.084 6.096 6.107 6.119 6.129 6.141 6.152 6.164 6.177 6.191 6.205 6.219 6.234 6.249 6.265 6.281 6.296 6.312 6.327 6.341 6.356 6.369 6.383 6.396 6.408 6.421 6.434 6.447 6.460 6.474 6.488 6.502 6.517 6.532 6.547 6.561 6.576 6.590
5.193 5.219 5.244 5.268 5.292 5.317 5.342 5.366 5.390 5.415 5.440 5.465 5.491 5.516 5.543 5.569 5.596 5.623 5.651 5.678 5.706 5.733 5.761 5.789 5.816 5.843 5.868 5.894 5.920 5.944 5.968 5.991 6.012 6.033 6.052 6.069 6.085 6.100 6.114 6.126 6.138 6.149 6.160 6.171 6.183 6.195 6.207 6.221 6.234 6.247 6.262 6.277 6.293 6.308 6.323 6.338 6.352 6.366 6.380 6.393 6.406 6.419 6.432 6.444 6.457 6.471 6.485 6.499 6.514 6.529 6.545 6.560 6.574 6.590 6.605
5.209 5.234 5.259 5.282 5.307 5.330 5.354 5.378 5.402 5.425 5.449 5.473 5.498 5.523 5.548 5.574 5.600 5.626 5.653 5.680 5.707 5.735 5.762 5.790 5.817 5.844 5.870 5.896 5.922 5.947 5.972 5.996 6.019 6.041 6.061 6.080 6.098 6.114 6.129 6.143 6.156 6.168 6.179 6.191 6.202 6.213 6.225 6.238 6.250 6.263 6.276 6.291 6.305 6.320 6.335 6.349 6.364 6.377 6.391 6.404 6.417 6.430 6.442 6.455 6.468 6.482 6.496 6.510 6.525 6.540 6.556 6.572 6.587 6.603 6.620
5.225 5.250 5.274 5.297 5.321 5.345 5.368 5.391 5.414 5.437 5.460 5.483 5.506 5.530 5.554 5.579 5.604 5.630 5.656 5.682 5.709 5.736 5.763 5.790 5.817 5.844 5.870 5.897 5.923 5.949 5.975 5.999 6.023 6.046 6.068 6.089 6.108 6.126 6.142 6.158 6.172 6.185 6.197 6.209 6.220 6.232 6.243 6.255 6.267 6.279 6.292 6.305 6.319 6.333 6.348 6.362 6.375 6.389 6.402 6.415 6.428 6.441 6.453 6.466 6.479 6.492 6.506 6.521 6.536 6.552 6.568 6.584 6.599 6.616 6.633
5.240 5.266 5.290 5.313 5.337 5.360 5.383 5.405 5.427 5.449 5.471 5.493 5.516 5.539 5.562 5.585 5.609 5.634 5.659 5.685 5.711 5.737 5.764 5.791 5.817 5.844 5.870 5.897 5.923 5.950 5.976 6.001 6.026 6.050 6.073 6.094 6.115 6.135 6.153 6.170 6.185 6.200 6.213 6.226 6.238 6.250 6.261 6.273 6.284 6.295 6.308 6.321 6.334 6.348 6.361 6.375 6.388 6.401 6.414 6.427 6.440 6.452 6.465 6.477 6.490 6.503 6.517 6.532 6.547 6.563 6.579 6.595 6.611 6.628 6.646
5.256 5.282 5.305 5.329 5.353 5.375 5.398 5.420 5.442 5.463 5.484 5.506 5.527 5.549 5.571 5.593 5.616 5.640 5.664 5.688 5.713 5.739 5.765 5.791 5.818 5.843 5.869 5.896 5.923 5.949 5.976 6.002 6.027 6.052 6.075 6.098 6.120 6.141 6.161 6.179 6.196 6.212 6.227 6.241 6.254 6.266 6.278 6.290 6.301 6.312 6.324 6.337 6.349 6.362 6.376 6.389 6.402 6.415 6.427 6.440 6.452 6.464 6.477 6.489 6.502 6.515 6.528 6.543 6.558 6.574 6.590 6.606 6.623 6.640 6.659
5.272 5.297 5.321 5.345 5.368 5.391 5.414 5.436 5.457 5.478 5.499 5.519 5.540 5.560 5.581 5.602 5.624 5.646 5.669 5.693 5.717 5.742 5.767 5.792 5.818 5.843 5.869 5.896 5.922 5.949 5.975 6.001 6.027 6.052 6.077 6.101 6.124 6.146 6.166 6.186 6.205 6.222 6.238 6.254 6.268 6.281 6.294 6.306 6.317 6.328 6.340 6.352 6.365 6.378 6.390 6.403 6.416 6.428 6.441 6.453 6.465 6.477 6.489 6.501 6.514 6.527 6.540 6.554 6.570 6.585 6.601 6.617 6.634 6.652 6.671
5.287 5.312 5.336 5.360 5.384 5.407 5.430 5.452 5.473 5.494 5.514 5.534 5.554 5.573 5.593 5.613 5.634 5.655 5.677 5.699 5.722 5.745 5.770 5.794 5.819 5.843 5.869 5.895 5.921 5.948 5.974 6.000 6.026 6.052 6.077 6.101 6.125 6.148 6.170 6.191 6.211 6.230 6.247 6.264 6.279 6.294 6.308 6.321 6.332 6.343 6.356 6.368 6.380 6.393 6.405 6.418 6.430 6.443 6.455 6.467 6.479 6.491 6.502 6.514 6.527 6.539 6.553 6.567 6.581 6.597 6.612 6.628 6.645 6.663 6.682
5.301 5.326 5.351 5.376 5.400 5.423 5.446 5.468 5.489 5.510 5.530 5.550 5.569 5.588 5.607 5.626 5.645 5.665 5.685 5.706 5.728 5.750 5.773 5.797 5.821 5.844 5.869 5.895 5.921 5.947 5.973 5.999 6.025 6.051 6.076 6.101 6.126 6.149 6.172 6.194 6.215 6.235 6.254 6.272 6.289 6.304 6.320 6.333 6.345 6.357 6.370 6.382 6.395 6.407 6.420 6.432 6.445 6.457 6.469 6.481 6.493 6.505 6.517 6.528 6.540 6.553 6.566 6.579 6.594 6.609 6.624 6.640 6.657 6.675 6.694
5.314 5.340 5.365 5.390 5.415 5.438 5.461 5.484 5.505 5.526 5.546 5.566 5.585 5.604 5.622 5.640 5.659 5.677 5.696 5.716 5.736 5.757 5.779 5.801 5.824 5.846 5.870 5.895 5.921 5.946 5.972 5.998 6.024 6.050 6.075 6.101 6.125 6.150 6.173 6.196 6.218 6.239 6.259 6.278 6.296 6.313 6.329 6.343 6.356 6.369 6.382 6.395 6.408 6.421 6.434 6.446 6.459 6.471 6.484 6.496 6.508 6.519 6.531 6.543 6.555 6.567 6.579 6.593 6.607 6.622 6.637 6.652 6.669 6.687 6.705
5.327 5.353 5.378 5.404 5.429 5.453 5.476 5.499 5.521 5.542 5.563 5.583 5.602 5.620 5.638 5.656 5.674 5.691 5.709 5.727 5.746 5.765 5.786 5.807 5.828 5.850 5.873 5.897 5.921 5.946 5.972 5.997 6.023 6.049 6.074 6.100 6.125 6.149 6.173 6.197 6.219 6.241 6.262 6.282 6.301 6.319 6.336 6.351 6.365 6.379 6.393 6.407 6.420 6.433 6.446 6.459 6.472 6.485 6.498 6.510 6.522 6.534 6.546 6.558 6.570 6.582 6.594 6.607 6.621 6.635 6.650 6.664 6.681 6.699 6.717
5.338 5.365 5.390 5.416 5.442 5.466 5.490 5.514 5.536 5.558 5.579 5.599 5.619 5.637 5.655 5.673 5.690 5.706 5.723 5.740 5.758 5.776 5.795 5.815 5.834 5.854 5.876 5.899 5.923 5.947 5.972 5.997 6.023 6.048 6.073 6.099 6.124 6.148 6.173 6.197 6.220 6.242 6.264 6.285 6.304 6.323 6.341 6.358 6.373 6.388 6.402 6.416 6.430 6.444 6.458 6.471 6.485 6.498 6.511 6.524 6.536 6.549 6.561 6.573 6.585 6.597 6.609 6.622 6.635 6.649 6.663 6.678 6.694 6.711 6.729
5.349 5.376 5.402 5.428 5.454 5.479 5.504 5.527 5.551 5.573 5.595 5.615 5.635 5.654 5.672 5.690 5.707 5.723 5.739 5.755 5.772 5.788 5.806 5.824 5.842 5.861 5.882 5.904 5.926 5.949 5.973 5.998 6.023 6.048 6.073 6.098 6.123 6.148 6.172 6.196 6.220 6.243 6.265 6.286 6.307 6.326 6.345 6.362 6.378 6.394 6.409 6.424 6.439 6.453 6.468 6.482 6.496 6.509 6.523 6.537 6.550 6.563 6.576 6.588 6.601 6.613 6.625 6.638 6.651 6.664 6.678 6.692 6.707 6.724 6.742
5.359 5.386 5.412 5.439 5.465 5.491 5.516 5.540 5.564 5.587 5.609 5.630 5.651 5.671 5.689 5.707 5.724 5.740 5.756 5.772 5.787 5.803 5.819 5.836 5.853 5.870 5.889 5.909 5.931 5.953 5.976 5.999 6.024 6.048 6.073 6.098 6.122 6.147 6.172 6.196 6.219 6.243 6.265 6.287 6.308 6.328 6.348 6.366 6.382 6.399 6.415 6.431 6.446 6.461 6.476 6.490 6.505 6.520 6.534 6.548 6.562 6.576 6.590 6.603 6.616 6.628 6.641 6.654 6.667 6.680 6.693 6.706 6.721 6.737 6.755
5.369 5.396 5.422 5.449 5.475 5.501 5.527 5.552 5.576 5.600 5.622 5.645 5.666 5.686 5.705 5.724 5.741 5.758 5.774 5.789 5.804 5.819 5.834 5.850 5.865 5.881 5.898 5.917 5.937 5.958 5.980 6.002 6.026 6.049 6.073 6.098 6.122 6.147 6.171 6.195 6.219 6.242 6.265 6.287 6.309 6.330 6.350 6.368 6.385 6.402 6.419 6.435 6.451 6.467 6.482 6.498 6.513 6.528 6.543 6.558 6.573 6.588 6.602 6.617 6.630 6.644 6.657 6.670 6.683 6.696 6.709 6.722 6.736 6.751 6.768
5.378 5.405 5.431 5.458 5.485 5.511 5.537 5.562 5.587 5.611 5.635 5.657 5.679 5.700 5.721 5.740 5.758 5.775 5.791 5.807 5.822 5.836 5.851 5.865 5.879 5.894 5.910 5.927 5.945 5.965 5.985 6.007 6.029 6.052 6.075 6.099 6.123 6.147 6.171 6.195 6.219 6.242 6.265 6.288 6.309 6.330 6.351 6.370 6.387 6.405 6.422 6.439 6.456 6.472 6.488 6.504 6.520 6.535 6.551 6.567 6.583 6.599 6.614 6.629 6.644 6.658 6.672 6.685 6.699 6.712 6.725 6.737 6.751 6.766 6.783
