TsunamiDB/out54066.asc
ncols          264
nrows          230
xllcorner      497853.4375
yllcorner      4229146.0000
cellsize         5.
NODATA_value   -99
[rows 132 to 164 of 230, columns 75 to 149 of 264]
5.092 5.123 5.154 5.183 5.211 5.240 5.267 5.294 5.321 5.347 5.371 5.396 5.419 5.441 5.463 5.484 5.503 5.523 5.541 5.558 5.575 5.592 5.608 5.624 5.640 5.656 5.671 5.687 5.704 5.722 5.741 5.760 5.779 5.799 5.820 5.840 5.861 5.881 5.901 5.921 5.941 5.959 5.977 5.994 6.011 6.026 6.040 6.053 6.065 6.076 6.085 6.095 6.105 6.114 6.124 6.134 6.145 6.156 6.168 6.180 6.193 6.205 6.218 6.231 6.244 6.256 6.268 6.280 6.291 6.302 6.312 6.321 6.329 6.337 6.344
5.103 5.135 5.165 5.194 5.223 5.252 5.280 5.307 5.334 5.360 5.386 5.411 5.435 5.458 5.480 5.502 5.522 5.542 5.561 5.578 5.596 5.612 5.628 5.643 5.658 5.674 5.688 5.703 5.719 5.736 5.753 5.771 5.789 5.809 5.828 5.848 5.869 5.889 5.909 5.929 5.949 5.968 5.987 6.005 6.022 6.038 6.053 6.067 6.080 6.092 6.102 6.112 6.122 6.132 6.142 6.152 6.162 6.173 6.184 6.196 6.207 6.220 6.232 6.244 6.257 6.269 6.281 6.292 6.303 6.314 6.324 6.334 6.342 6.349 6.357
5.114 5.145 5.176 5.205 5.234 5.263 5.291 5.319 5.347 5.373 5.399 5.425 5.450 5.473 5.497 5.519 5.540 5.560 5.580 5.598 5.616 5.632 5.648 5.664 5.678 5.693 5.707 5.720 5.735 5.750 5.767 5.783 5.801 5.819 5.838 5.857 5.877 5.897 5.917 5.937 5.957 5.976 5.995 6.014 6.032 6.049 6.065 6.080 6.094 6.106 6.117 6.128 6.139 6.149 6.159 6.169 6.180 6.190 6.201 6.212 6.223 6.235 6.246 6.258 6.270 6.282 6.294 6.305 6.317 6.327 6.337 6.347 6.355 6.363 6.371
5.124 5.155 5.186 5.215 5.244 5.273 5.302 5.330 5.358 5.385 5.411 5.438 5.463 5.488 5.512 5.535 5.557 5.578 5.598 5.617 5.636 5.653 5.669 5.684 5.699 5.713 5.726 5.739 5.753 5.767 5.782 5.797 5.814 5.831 5.848 5.867 5.885 5.905 5.925 5.944 5.964 5.984 6.003 6.022 6.040 6.058 6.075 6.091 6.106 6.119 6.131 6.143 6.154 6.165 6.176 6.186 6.196 6.207 6.217 6.228 6.239 6.250 6.261 6.273 6.285 6.296 6.308 6.319 6.330 6.341 6.351 6.361 6.369 6.377 6.385
5.134 5.165 5.195 5.224 5.253 5.282 5.311 5.339 5.367 5.395 5.422 5.449 5.475 5.501 5.525 5.549 5.572 5.594 5.615 5.635 5.654 5.672 5.689 5.705 5.720 5.734 5.747 5.760 5.773 5.786 5.799 5.814 5.828 5.844 5.860 5.877 5.895 5.914 5.933 5.952 5.972 5.991 6.011 6.030 6.049 6.067 6.084 6.101 6.117 6.131 6.143 6.156 6.169 6.180 6.191 6.202 6.212 6.223 6.233 6.244 6.255 6.266 6.277 6.288 6.300 6.311 6.323 6.334 6.345 6.355 6.366 6.375 6.383 6.391 6.399
5.143 5.173 5.203 5.232 5.261 5.290 5.319 5.348 5.376 5.404 5.432 5.459 5.486 5.512 5.537 5.562 5.586 5.609 5.631 5.652 5.672 5.691 5.709 5.726 5.741 5.756 5.768 5.781 5.793 5.806 5.819 5.832 5.845 5.859 5.874 5.890 5.907 5.924 5.942 5.961 5.980 5.999 6.018 6.037 6.056 6.075 6.093 6.110 6.126 6.141 6.155 6.168 6.181 6.194 6.206 6.217 6.228 6.238 6.249 6.259 6.270 6.281 6.292 6.303 6.315 6.326 6.337 6.349 6.360 6.371 6.381 6.390 6.398 6.406 6.414
5.152 5.182 5.211 5.239 5.269 5.298 5.327 5.356 5.384 5.413 5.441 5.468 5.495 5.522 5.548 5.574 5.598 5.622 5.645 5.667 5.688 5.708 5.727 5.745 5.761 5.777 5.790 5.802 5.815 5.827 5.839 5.851 5.864 5.877 5.890 5.904 5.920 5.936 5.953 5.971 5.989 6.007 6.026 6.045 6.064 6.083 6.101 6.119 6.136 6.150 6.165 6.179 6.193 6.206 6.219 6.230 6.242 6.253 6.264 6.274 6.285 6.296 6.307 6.318 6.330 6.341 6.352 6.364 6.375 6.386 6.396 6.406 6.414 6.422 6.430
5.161 5.190 5.219 5.247 5.276 5.305 5.334 5.363 5.392 5.420 5.448 5.476 5.504 5.531 5.558 5.584 5.609 5.634 5.658 5.681 5.703 5.724 5.744 5.763 5.780 5.796 5.810 5.824 5.837 5.849 5.861 5.872 5.884 5.896 5.908 5.921 5.935 5.950 5.965 5.982 5.999 6.017 6.035 6.054 6.072 6.091 6.109 6.127 6.144 6.159 6.174 6.190 6.204 6.218 6.231 6.243 6.255 6.266 6.278 6.289 6.300 6.311 6.322 6.333 6.344 6.356 6.367 6.379 6.390 6.401 6.412 6.421 6.430 6.438 6.447
5.169 5.198 5.226 5.254 5.283 5.312 5.341 5.369 5.398 5.427 5.455 5.483 5.511 5.539 5.566 5.592 5.618 5.644 5.668 5.692 5.715 5.737 5.759 5.779 5.798 5.814 5.829 5.844 5.858 5.871 5.883 5.894 5.905 5.917 5.928 5.940 5.952 5.965 5.980 5.995 6.011 6.027 6.045 6.063 6.081 6.099 6.117 6.135 6.152 6.168 6.184 6.199 6.214 6.228 6.242 6.255 6.267 6.279 6.291 6.302 6.313 6.325 6.336 6.347 6.359 6.370 6.382 6.394 6.405 6.416 6.428 6.437 6.446 6.455 6.464
5.178 5.207 5.234 5.262 5.290 5.319 5.347 5.376 5.404 5.433 5.461 5.489 5.517 5.545 5.573 5.600 5.626 5.652 5.678 5.702 5.726 5.749 5.772 5.793 5.813 5.831 5.847 5.863 5.878 5.892 5.905 5.916 5.928 5.938 5.949 5.960 5.971 5.983 5.996 6.010 6.024 6.040 6.056 6.073 6.090 6.108 6.126 6.144 6.161 6.176 6.193 6.208 6.224 6.238 6.252 6.266 6.279 6.291 6.303 6.315 6.326 6.338 6.349 6.361 6.372 6.384 6.396 6.408 6.420 6.431 6.443 6.453 6.463 6.472 6.481
5.188 5.216 5.243 5.270 5.297 5.325 5.354 5.382 5.410 5.438 5.467 5.495 5.523 5.551 5.578 5.606 5.633 5.659 5.685 5.711 5.735 5.759 5.783 5.805 5.826 5.845 5.863 5.880 5.896 5.911 5.925 5.938 5.950 5.961 5.971 5.981 5.992 6.003 6.014 6.027 6.040 6.054 6.069 6.085 6.101 6.118 6.136 6.153 6.169 6.185 6.202 6.218 6.233 6.248 6.263 6.276 6.290 6.302 6.315 6.327 6.339 6.350 6.362 6.374 6.385 6.397 6.409 6.422 6.434 6.446 6.458 6.469 6.479 6.489 6.498
5.198 5.225 5.252 5.278 5.305 5.333 5.360 5.388 5.416 5.444 5.472 5.500 5.528 5.556 5.583 5.611 5.638 5.665 5.691 5.717 5.743 5.768 5.792 5.815 5.837 5.858 5.877 5.895 5.913 5.929 5.944 5.958 5.971 5.982 5.993 6.003 6.014 6.024 6.034 6.045 6.057 6.070 6.084 6.098 6.114 6.130 6.146 6.163 6.179 6.195 6.211 6.227 6.243 6.258 6.273 6.287 6.300 6.313 6.326 6.338 6.350 6.362 6.374 6.386 6.398 6.410 6.422 6.435 6.447 6.460 6.473 6.484 6.495 6.505 6.516
5.209 5.235 5.261 5.287 5.313 5.340 5.367 5.394 5.422 5.449 5.477 5.504 5.532 5.560 5.587 5.615 5.642 5.670 5.696 5.723 5.749 5.774 5.799 5.823 5.847 5.868 5.889 5.908 5.927 5.945 5.962 5.977 5.990 6.003 6.015 6.025 6.036 6.046 6.055 6.066 6.076 6.088 6.100 6.114 6.128 6.143 6.158 6.174 6.190 6.205 6.221 6.237 6.252 6.268 6.282 6.297 6.311 6.324 6.337 6.349 6.361 6.373 6.385 6.397 6.410 6.422 6.435 6.447 6.460 6.473 6.486 6.499 6.510 6.521 6.532
5.220 5.246 5.271 5.296 5.322 5.348 5.375 5.401 5.428 5.455 5.482 5.509 5.536 5.563 5.591 5.618 5.646 5.673 5.700 5.727 5.754 5.780 5.805 5.830 5.854 5.877 5.898 5.919 5.940 5.959 5.977 5.993 6.008 6.022 6.035 6.047 6.057 6.067 6.077 6.087 6.097 6.108 6.119 6.131 6.144 6.157 6.172 6.187 6.202 6.216 6.232 6.247 6.263 6.278 6.293 6.307 6.321 6.334 6.347 6.360 6.372 6.384 6.396 6.409 6.421 6.433 6.446 6.459 6.473 6.486 6.500 6.512 6.524 6.537 6.549
5.233 5.258 5.283 5.307 5.332 5.358 5.383 5.409 5.435 5.461 5.487 5.513 5.540 5.567 5.594 5.622 5.649 5.676 5.703 5.730 5.757 5.783 5.810 5.835 5.860 5.884 5.906 5.928 5.950 5.970 5.989 6.007 6.024 6.039 6.053 6.066 6.078 6.089 6.099 6.109 6.118 6.128 6.139 6.150 6.161 6.174 6.187 6.201 6.215 6.229 6.244 6.259 6.274 6.289 6.303 6.318 6.331 6.345 6.358 6.370 6.383 6.395 6.407 6.419 6.432 6.445 6.458 6.471 6.484 6.498 6.512 6.526 6.538 6.551 6.564
5.246 5.271 5.295 5.319 5.343 5.368 5.393 5.417 5.442 5.467 5.493 5.519 5.545 5.571 5.598 5.624 5.651 5.678 5.706 5.733 5.760 5.786 5.813 5.839 5.865 5.889 5.912 5.935 5.958 5.979 6.000 6.019 6.037 6.054 6.070 6.084 6.097 6.108 6.119 6.130 6.140 6.149 6.159 6.169 6.180 6.192 6.204 6.217 6.230 6.243 6.257 6.271 6.286 6.300 6.315 6.329 6.342 6.356 6.369 6.381 6.393 6.406 6.418 6.430 6.443 6.455 6.469 6.482 6.496 6.510 6.525 6.538 6.552 6.565 6.579
5.260 5.285 5.308 5.331 5.355 5.379 5.403 5.427 5.451 5.475 5.500 5.524 5.550 5.575 5.601 5.627 5.654 5.681 5.707 5.734 5.761 5.788 5.815 5.841 5.867 5.892 5.916 5.940 5.964 5.986 6.008 6.029 6.048 6.066 6.083 6.099 6.113 6.127 6.139 6.150 6.160 6.170 6.180 6.190 6.200 6.211 6.222 6.235 6.246 6.258 6.272 6.285 6.299 6.313 6.327 6.341 6.354 6.367 6.380 6.392 6.404 6.417 6.429 6.441 6.453 6.466 6.479 6.493 6.507 6.522 6.536 6.551 6.564 6.579 6.593
5.275 5.299 5.322 5.345 5.368 5.392 5.415 5.438 5.461 5.484 5.508 5.531 5.556 5.580 5.605 5.631 5.656 5.683 5.709 5.736 5.763 5.789 5.816 5.843 5.869 5.894 5.919 5.944 5.968 5.992 6.014 6.036 6.057 6.077 6.095 6.112 6.128 6.142 6.156 6.168 6.179 6.190 6.200 6.210 6.220 6.231 6.241 6.253 6.264 6.275 6.287 6.300 6.314 6.327 6.340 6.353 6.366 6.379 6.392 6.404 6.416 6.428 6.440 6.452 6.464 6.477 6.490 6.504 6.518 6.533 6.548 6.562 6.577 6.592 6.607
5.290 5.314 5.337 5.360 5.382 5.405 5.427 5.450 5.472 5.494 5.517 5.539 5.563 5.586 5.610 5.635 5.660 5.685 5.711 5.737 5.764 5.790 5.817 5.843 5.870 5.896 5.921 5.946 5.971 5.995 6.019 6.042 6.064 6.084 6.104 6.123 6.140 6.156 6.171 6.184 6.197 6.209 6.220 6.230 6.240 6.250 6.261 6.272 6.282 6.293 6.304 6.316 6.329 6.342 6.355 6.367 6.380 6.392 6.404 6.416 6.428 6.440 6.451 6.463 6.476 6.488 6.501 6.515 6.529 6.544 6.559 6.574 6.589 6.604 6.620
5.305 5.330 5.352 5.374 5.397 5.419 5.441 5.463 5.484 5.506 5.527 5.549 5.571 5.594 5.616 5.640 5.664 5.688 5.713 5.739 5.765 5.791 5.817 5.844 5.870 5.896 5.921 5.947 5.972 5.997 6.022 6.045 6.068 6.090 6.111 6.131 6.150 6.167 6.183 6.198 6.212 6.225 6.237 6.248 6.259 6.270 6.280 6.291 6.301 6.311 6.322 6.333 6.345 6.357 6.370 6.382 6.394 6.406 6.418 6.429 6.441 6.452 6.464 6.475 6.487 6.500 6.513 6.526 6.540 6.555 6.570 6.585 6.600 6.616 6.633
5.321 5.345 5.368 5.390 5.412 5.434 5.456 5.477 5.498 5.519 5.539 5.560 5.581 5.602 5.624 5.646 5.669 5.692 5.716 5.741 5.766 5.792 5.817 5.844 5.870 5.895 5.921 5.947 5.973 5.998 6.023 6.047 6.071 6.094 6.116 6.137 6.157 6.176 6.194 6.210 6.225 6.239 6.253 6.265 6.277 6.288 6.298 6.309 6.319 6.329 6.340 6.351 6.362 6.374 6.386 6.398 6.409 6.421 6.432 6.443 6.455 6.466 6.477 6.488 6.500 6.512 6.525 6.538 6.552 6.567 6.582 6.597 6.612 6.628 6.645
5.336 5.360 5.383 5.405 5.428 5.450 5.471 5.492 5.512 5.533 5.553 5.573 5.593 5.613 5.633 5.654 5.676 5.698 5.721 5.744 5.768 5.793 5.818 5.844 5.870 5.895 5.920 5.946 5.972 5.998 6.023 6.048 6.073 6.096 6.119 6.142 6.163 6.183 6.202 6.219 6.236 6.252 6.266 6.280 6.292 6.304 6.316 6.327 6.337 6.347 6.357 6.368 6.379 6.391 6.402 6.414 6.425 6.436 6.447 6.458 6.469 6.480 6.491 6.502 6.513 6.525 6.537 6.550 6.564 6.579 6.594 6.608 6.624 6.640 6.657
5.350 5.375 5.398 5.420 5.443 5.465 5.486 5.507 5.528 5.548 5.567 5.586 5.606 5.625 5.644 5.664 5.684 5.705 5.727 5.749 5.772 5.795 5.820 5.844 5.870 5.894 5.919 5.945 5.971 5.997 6.023 6.048 6.073 6.097 6.121 6.144 6.166 6.187 6.208 6.227 6.245 6.261 6.277 6.292 6.306 6.319 6.331 6.343 6.353 6.364 6.374 6.385 6.396 6.408 6.419 6.430 6.441 6.452 6.463 6.474 6.485 6.495 6.506 6.516 6.527 6.539 6.551 6.563 6.577 6.592 6.606 6.620 6.636 6.652 6.670
5.365 5.389 5.412 5.435 5.458 5.480 5.502 5.523 5.543 5.563 5.583 5.601 5.620 5.639 5.657 5.676 5.695 5.714 5.734 5.755 5.777 5.799 5.822 5.846 5.870 5.894 5.918 5.944 5.970 5.996 6.022 6.047 6.072 6.097 6.122 6.145 6.168 6.191 6.212 6.232 6.251 6.269 6.286 6.302 6.317 6.331 6.345 6.357 6.368 6.379 6.390 6.401 6.413 6.424 6.435 6.447 6.458 6.469 6.480 6.490 6.501 6.511 6.521 6.532 6.543 6.554 6.565 6.578 6.591 6.605 6.619 6.633 6.648 6.665 6.682
5.378 5.403 5.426 5.450 5.473 5.495 5.517 5.539 5.559 5.579 5.599 5.617 5.636 5.654 5.671 5.689 5.707 5.725 5.744 5.763 5.783 5.804 5.826 5.849 5.872 5.894 5.918 5.943 5.969 5.994 6.020 6.046 6.071 6.096 6.121 6.146 6.169 6.192 6.214 6.236 6.256 6.275 6.293 6.310 6.327 6.342 6.356 6.370 6.382 6.393 6.405 6.416 6.428 6.440 6.451 6.462 6.474 6.485 6.496 6.507 6.517 6.528 6.538 6.548 6.559 6.569 6.581 6.593 6.605 6.619 6.632 6.646 6.661 6.678 6.695
5.391 5.415 5.439 5.463 5.487 5.510 5.532 5.554 5.575 5.595 5.615 5.634 5.652 5.670 5.687 5.704 5.721 5.738 5.756 5.774 5.792 5.812 5.832 5.853 5.874 5.896 5.919 5.943 5.968 5.993 6.019 6.044 6.070 6.095 6.120 6.145 6.169 6.193 6.216 6.238 6.259 6.279 6.298 6.317 6.334 6.351 6.366 6.380 6.393 6.405 6.418 6.430 6.442 6.454 6.466 6.477 6.489 6.500 6.512 6.523 6.534 6.544 6.555 6.565 6.576 6.586 6.597 6.609 6.621 6.634 6.647 6.660 6.675 6.691 6.708
5.402 5.427 5.451 5.476 5.500 5.523 5.546 5.568 5.590 5.610 5.630 5.650 5.668 5.686 5.703 5.720 5.736 5.753 5.769 5.786 5.803 5.821 5.840 5.860 5.879 5.900 5.922 5.945 5.969 5.993 6.018 6.043 6.068 6.093 6.119 6.144 6.168 6.192 6.216 6.239 6.261 6.282 6.302 6.321 6.340 6.357 6.374 6.389 6.402 6.415 6.429 6.442 6.454 6.467 6.479 6.491 6.503 6.515 6.527 6.538 6.550 6.561 6.572 6.582 6.593 6.603 6.614 6.626 6.637 6.650 6.662 6.675 6.690 6.705 6.722
5.413 5.438 5.463 5.487 5.512 5.536 5.559 5.582 5.604 5.625 5.646 5.665 5.684 5.703 5.720 5.737 5.753 5.769 5.784 5.800 5.816 5.833 5.850 5.868 5.886 5.905 5.926 5.947 5.970 5.994 6.018 6.042 6.067 6.092 6.117 6.142 6.167 6.191 6.215 6.239 6.261 6.283 6.304 6.325 6.344 6.362 6.380 6.395 6.410 6.424 6.438 6.452 6.465 6.478 6.491 6.504 6.516 6.529 6.541 6.553 6.565 6.577 6.588 6.599 6.610 6.621 6.632 6.643 6.655 6.667 6.679 6.691 6.705 6.720 6.736
5.424 5.449 5.473 5.498 5.523 5.547 5.571 5.594 5.617 5.639 5.660 5.680 5.700 5.719 5.737 5.754 5.770 5.786 5.801 5.816 5.831 5.846 5.862 5.879 5.895 5.912 5.932 5.952 5.973 5.996 6.019 6.042 6.067 6.091 6.116 6.141 6.166 6.190 6.214 6.238 6.261 6.284 6.305 6.326 6.346 6.366 6.384 6.401 6.416 6.431 6.446 6.460 6.474 6.488 6.501 6.515 6.528 6.541 6.554 6.567 6.579 6.592 6.604 6.616 6.627 6.639 6.650 6.661 6.673 6.684 6.696 6.708 6.721 6.736 6.751
5.433 5.458 5.483 5.508 5.533 5.558 5.582 5.606 5.629 5.651 5.673 5.694 5.715 5.734 5.753 5.770 5.787 5.803 5.818 5.833 5.847 5.862 5.876 5.892 5.907 5.922 5.940 5.959 5.978 5.999 6.021 6.044 6.067 6.091 6.116 6.140 6.165 6.189 6.213 6.237 6.261 6.284 6.306 6.327 6.348 6.368 6.387 6.404 6.420 6.436 6.452 6.467 6.482 6.496 6.510 6.524 6.538 6.552 6.566 6.579 6.593 6.606 6.619 6.632 6.644 6.656 6.667 6.679 6.691 6.703 6.714 6.725 6.738 6.752 6.767
5.443 5.468 5.492 5.518 5.543 5.568 5.592 5.616 5.640 5.663 5.685 5.707 5.728 5.748 5.767 5.786 5.803 5.820 5.835 5.850 5.864 5.878 5.892 5.907 5.920 5.934 5.950 5.967 5.986 6.005 6.026 6.047 6.069 6.092 6.116 6.140 6.164 6.188 6.212 6.236 6.260 6.283 6.306 6.328 6.349 6.369 6.389 6.407 6.424 6.440 6.457 6.472 6.488 6.503 6.518 6.532 6.547 6.561 6.576 6.590 6.604 6.618 6.632 6.646 6.659 6.672 6.685 6.697 6.709 6.721 6.732 6.744 6.756 6.769 6.784
5.452 5.476 5.501 5.526 5.551 5.576 5.601 5.625 5.649 5.673 5.696 5.718 5.740 5.761 5.781 5.800 5.818 5.836 5.852 5.867 5.882 5.896 5.909 5.923 5.936 5.949 5.963 5.979 5.995 6.013 6.032 6.052 6.073 6.095 6.118 6.141 6.164 6.188 6.212 6.236 6.259 6.283 6.305 6.328 6.349 6.370 6.390 6.409 6.426 6.443 6.460 6.477 6.493 6.508 6.524 6.539 6.554 6.569 6.584 6.599 6.615 6.630 6.645 6.659 6.673 6.687 6.701 6.714 6.726 6.739 6.751 6.762 6.774 6.787 6.801
5.460 5.485 5.509 5.534 5.560 5.584 5.609 5.634 5.658 5.682 5.706 5.728 5.751 5.773 5.793 5.813 5.833 5.851 5.868 5.884 5.899 5.913 5.927 5.940 5.953 5.965 5.978 5.992 6.007 6.023 6.041 6.059 6.079 6.099 6.121 6.143 6.166 6.189 6.212 6.236 6.259 6.282 6.305 6.328 6.349 6.371 6.391 6.410 6.428 6.446 6.463 6.480 6.496 6.512 6.528 6.544 6.560 6.576 6.591 6.607 6.623 6.639 6.655 6.671 6.686 6.701 6.716 6.730 6.743 6.756 6.768 6.780 6.792 6.805 6.819
