TsunamiDB/out54112.asc
ncols          264
nrows          230
xllcorner      497853.4375
yllcorner      4229146.0000
cellsize         5.
NODATA_value   -99
[rows 34 to 67 of 230, columns 0 to 76 of 264]
2.050 2.320 2.599 2.852 3.062 3.228 3.358 3.461 3.547 3.622 3.688 3.750 3.807 3.862 3.913 3.961 4.009 4.055 4.100 4.142 4.184 4.225 4.264 4.302 4.340 4.376 4.412 4.446 4.480 4.514 4.546 4.579 4.610 4.642 4.673 4.703 4.733 4.762 4.790 4.819 4.848 4.876 4.904 4.932 4.959 4.986 5.012 5.038 5.063 5.087 5.111 5.135 5.157 5.180 5.201 5.222 5.243 5.263 5.282 5.301 5.319 5.335 5.352 5.369 5.386 5.403 5.419 5.435 5.451 5.467 5.483 5.499 5.514 5.530 5.546 5.561 5.577
2.169 2.449 2.719 2.954 3.144 3.292 3.409 3.504 3.584 3.655 3.719 3.778 3.834 3.887 3.937 3.985 4.032 4.077 4.121 4.163 4.204 4.244 4.283 4.321 4.358 4.394 4.429 4.463 4.497 4.530 4.562 4.594 4.625 4.656 4.686 4.716 4.746 4.775 4.803 4.831 4.859 4.888 4.915 4.943 4.970 4.997 5.023 5.049 5.074 5.099 5.123 5.146 5.169 5.192 5.214 5.235 5.256 5.276 5.296 5.315 5.332 5.349 5.366 5.383 5.400 5.416 5.432 5.448 5.464 5.480 5.495 5.510 5.526 5.541 5.556 5.572 5.587
2.295 2.575 2.832 3.047 3.217 3.350 3.456 3.544 3.619 3.687 3.748 3.806 3.860 3.912 3.961 4.008 4.054 4.099 4.142 4.183 4.224 4.263 4.301 4.339 4.375 4.411 4.446 4.480 4.513 4.545 4.577 4.609 4.639 4.670 4.700 4.730 4.759 4.787 4.815 4.843 4.871 4.899 4.926 4.953 4.980 5.007 5.033 5.059 5.084 5.109 5.134 5.158 5.181 5.203 5.226 5.247 5.268 5.288 5.308 5.328 5.345 5.362 5.380 5.397 5.413 5.430 5.446 5.462 5.477 5.493 5.508 5.523 5.538 5.553 5.568 5.582 5.597
2.424 2.697 2.936 3.131 3.283 3.403 3.500 3.581 3.653 3.717 3.777 3.833 3.886 3.937 3.985 4.031 4.076 4.120 4.162 4.203 4.243 4.282 4.320 4.357 4.393 4.428 4.462 4.496 4.529 4.561 4.592 4.623 4.654 4.684 4.714 4.743 4.772 4.800 4.827 4.854 4.882 4.910 4.937 4.964 4.991 5.017 5.043 5.069 5.094 5.119 5.144 5.168 5.191 5.214 5.237 5.258 5.280 5.300 5.320 5.340 5.358 5.375 5.393 5.410 5.427 5.443 5.459 5.475 5.491 5.506 5.521 5.536 5.550 5.565 5.579 5.594 5.608
2.551 2.812 3.032 3.206 3.343 3.452 3.541 3.617 3.685 3.747 3.805 3.860 3.912 3.962 4.008 4.054 4.098 4.141 4.183 4.223 4.263 4.301 4.338 4.375 4.410 4.445 4.479 4.512 4.545 4.576 4.608 4.638 4.668 4.698 4.727 4.756 4.785 4.812 4.839 4.866 4.893 4.920 4.947 4.974 5.001 5.027 5.053 5.078 5.104 5.129 5.153 5.177 5.201 5.224 5.247 5.269 5.290 5.311 5.332 5.352 5.370 5.388 5.405 5.423 5.440 5.456 5.473 5.489 5.504 5.519 5.534 5.549 5.563 5.578 5.592 5.606 5.620
2.675 2.918 3.118 3.274 3.397 3.496 3.579 3.651 3.716 3.776 3.833 3.886 3.937 3.986 4.032 4.076 4.120 4.162 4.203 4.243 4.282 4.320 4.356 4.392 4.428 4.462 4.495 4.528 4.560 4.592 4.623 4.653 4.683 4.712 4.741 4.769 4.798 4.824 4.851 4.878 4.905 4.931 4.958 4.984 5.010 5.036 5.062 5.087 5.113 5.138 5.162 5.186 5.210 5.233 5.256 5.279 5.300 5.322 5.342 5.363 5.382 5.399 5.417 5.435 5.452 5.469 5.486 5.502 5.517 5.533 5.547 5.562 5.576 5.591 5.605 5.618 5.632
2.792 3.016 3.195 3.336 3.447 3.538 3.615 3.684 3.747 3.805 3.860 3.912 3.962 4.010 4.055 4.098 4.141 4.183 4.223 4.263 4.301 4.338 4.374 4.410 4.445 4.479 4.512 4.544 4.576 4.607 4.638 4.668 4.697 4.726 4.755 4.783 4.811 4.837 4.863 4.889 4.916 4.942 4.968 4.994 5.020 5.046 5.071 5.096 5.121 5.146 5.170 5.195 5.218 5.242 5.265 5.287 5.309 5.331 5.352 5.373 5.392 5.410 5.428 5.447 5.464 5.481 5.498 5.514 5.530 5.546 5.561 5.575 5.590 5.604 5.618 5.631 5.645
2.900 3.105 3.265 3.391 3.492 3.577 3.650 3.716 3.776 3.833 3.887 3.937 3.986 4.033 4.078 4.120 4.163 4.204 4.243 4.282 4.320 4.357 4.392 4.428 4.462 4.495 4.528 4.560 4.592 4.623 4.653 4.683 4.712 4.740 4.768 4.796 4.824 4.850 4.875 4.901 4.927 4.953 4.979 5.004 5.030 5.055 5.080 5.105 5.130 5.154 5.178 5.203 5.226 5.250 5.273 5.296 5.318 5.340 5.361 5.382 5.402 5.420 5.439 5.457 5.475 5.493 5.510 5.526 5.542 5.558 5.573 5.588 5.603 5.617 5.631 5.644 5.658
3.000 3.184 3.328 3.442 3.535 3.614 3.683 3.747 3.805 3.861 3.913 3.963 4.011 4.057 4.100 4.142 4.184 4.224 4.263 4.301 4.339 4.375 4.410 4.445 4.479 4.512 4.545 4.577 4.608 4.638 4.668 4.698 4.726 4.755 4.782 4.810 4.837 4.863 4.888 4.913 4.939 4.964 4.990 5.015 5.040 5.064 5.089 5.114 5.138 5.162 5.186 5.210 5.234 5.257 5.280 5.303 5.325 5.347 5.369 5.390 5.410 5.429 5.448 5.467 5.485 5.503 5.520 5.537 5.554 5.570 5.585 5.600 5.615 5.629 5.643 5.657 5.670
3.091 3.256 3.385 3.488 3.574 3.649 3.716 3.777 3.834 3.888 3.939 3.988 4.035 4.080 4.123 4.164 4.205 4.245 4.283 4.321 4.357 4.393 4.428 4.463 4.496 4.529 4.561 4.593 4.623 4.654 4.683 4.712 4.741 4.769 4.796 4.823 4.850 4.876 4.900 4.926 4.951 4.976 5.001 5.025 5.050 5.074 5.098 5.122 5.146 5.170 5.194 5.218 5.241 5.264 5.287 5.310 5.333 5.355 5.376 5.398 5.418 5.437 5.456 5.475 5.494 5.512 5.530 5.548 5.564 5.581 5.597 5.612 5.627 5.642 5.656 5.670 5.683
3.173 3.320 3.437 3.532 3.612 3.683 3.747 3.806 3.862 3.915 3.965 4.013 4.058 4.103 4.145 4.186 4.226 4.265 4.303 4.340 4.376 4.412 4.446 4.480 4.513 4.546 4.577 4.608 4.639 4.669 4.698 4.727 4.756 4.783 4.810 4.837 4.864 4.889 4.913 4.938 4.963 4.988 5.012 5.036 5.060 5.084 5.108 5.132 5.155 5.179 5.202 5.225 5.248 5.271 5.294 5.317 5.339 5.361 5.383 5.405 5.425 5.444 5.464 5.483 5.502 5.521 5.539 5.557 5.574 5.591 5.607 5.623 5.638 5.653 5.667 5.682 5.695
3.246 3.379 3.484 3.572 3.648 3.716 3.777 3.835 3.889 3.941 3.990 4.037 4.082 4.126 4.167 4.207 4.247 4.285 4.322 4.359 4.395 4.430 4.464 4.497 4.530 4.562 4.593 4.624 4.655 4.684 4.713 4.742 4.770 4.798 4.825 4.851 4.877 4.902 4.926 4.951 4.976 5.000 5.024 5.048 5.071 5.095 5.118 5.141 5.164 5.187 5.210 5.233 5.256 5.279 5.301 5.324 5.346 5.368 5.390 5.411 5.431 5.451 5.471 5.490 5.510 5.529 5.547 5.565 5.583 5.600 5.616 5.632 5.648 5.663 5.678 5.693 5.707
3.312 3.431 3.528 3.610 3.682 3.747 3.807 3.864 3.917 3.967 4.015 4.061 4.106 4.148 4.188 4.228 4.267 4.305 4.342 4.378 4.413 4.448 4.481 4.514 4.547 4.578 4.610 4.640 4.670 4.699 4.728 4.757 4.785 4.812 4.839 4.865 4.891 4.915 4.939 4.964 4.988 5.012 5.036 5.059 5.082 5.105 5.128 5.151 5.174 5.196 5.219 5.241 5.264 5.286 5.308 5.330 5.352 5.374 5.396 5.417 5.437 5.457 5.477 5.497 5.516 5.535 5.554 5.572 5.590 5.608 5.625 5.641 5.657 5.673 5.688 5.703 5.717
3.372 3.480 3.569 3.647 3.715 3.778 3.837 3.891 3.943 3.993 4.040 4.085 4.129 4.170 4.210 4.249 4.288 4.325 4.361 4.397 4.431 4.465 4.499 4.531 4.563 4.595 4.625 4.656 4.685 4.715 4.743 4.771 4.799 4.826 4.853 4.879 4.905 4.929 4.953 4.977 5.001 5.025 5.048 5.071 5.094 5.117 5.139 5.161 5.184 5.206 5.228 5.250 5.272 5.294 5.316 5.337 5.359 5.381 5.402 5.423 5.443 5.463 5.483 5.503 5.522 5.542 5.561 5.579 5.597 5.615 5.632 5.649 5.666 5.682 5.697 5.713 5.727
3.426 3.525 3.608 3.681 3.748 3.808 3.865 3.919 3.970 4.018 4.065 4.109 4.152 4.192 4.231 4.270 4.308 4.345 4.380 4.415 4.450 4.483 4.516 4.548 4.580 4.611 4.641 4.671 4.701 4.729 4.758 4.786 4.813 4.840 4.867 4.893 4.918 4.942 4.966 4.990 5.014 5.037 5.060 5.083 5.106 5.128 5.150 5.172 5.194 5.216 5.237 5.259 5.280 5.302 5.323 5.345 5.366 5.387 5.408 5.429 5.449 5.469 5.488 5.508 5.528 5.547 5.566 5.585 5.604 5.622 5.639 5.656 5.673 5.690 5.706 5.721 5.736
3.475 3.566 3.645 3.715 3.779 3.838 3.893 3.946 3.996 4.043 4.089 4.132 4.174 4.214 4.253 4.291 4.328 4.364 4.399 4.434 4.468 4.501 4.533 4.565 4.596 4.627 4.657 4.686 4.716 4.744 4.772 4.800 4.827 4.854 4.881 4.907 4.931 4.955 4.979 5.003 5.027 5.050 5.073 5.096 5.118 5.140 5.162 5.184 5.205 5.226 5.248 5.269 5.290 5.311 5.332 5.353 5.373 5.394 5.415 5.436 5.455 5.474 5.494 5.514 5.533 5.553 5.572 5.591 5.609 5.627 5.645 5.663 5.680 5.697 5.713 5.729 5.744
3.520 3.605 3.680 3.747 3.809 3.867 3.921 3.972 4.021 4.068 4.113 4.156 4.197 4.236 4.274 4.311 4.348 4.384 4.418 4.452 4.485 4.518 4.550 4.581 4.612 4.642 4.672 4.702 4.730 4.759 4.787 4.814 4.841 4.868 4.894 4.920 4.944 4.968 4.992 5.016 5.039 5.063 5.085 5.108 5.130 5.152 5.174 5.195 5.216 5.237 5.258 5.279 5.299 5.320 5.341 5.361 5.382 5.402 5.422 5.442 5.462 5.481 5.500 5.520 5.539 5.558 5.577 5.596 5.615 5.633 5.651 5.669 5.686 5.703 5.719 5.736 5.751
3.562 3.642 3.714 3.779 3.839 3.895 3.948 3.999 4.047 4.092 4.136 4.178 4.219 4.258 4.295 4.332 4.368 4.403 4.437 4.470 4.503 4.535 4.567 4.598 4.628 4.658 4.687 4.716 4.745 4.773 4.801 4.828 4.855 4.881 4.907 4.933 4.957 4.981 5.005 5.029 5.052 5.075 5.098 5.120 5.142 5.164 5.185 5.207 5.228 5.248 5.269 5.289 5.310 5.330 5.350 5.370 5.390 5.410 5.430 5.450 5.468 5.487 5.506 5.526 5.545 5.564 5.583 5.601 5.620 5.638 5.656 5.674 5.691 5.709 5.725 5.742 5.758
3.601 3.677 3.746 3.809 3.868 3.923 3.975 4.024 4.072 4.116 4.160 4.201 4.241 4.279 4.316 4.352 4.387 4.422 4.456 4.488 4.521 4.552 4.583 4.614 4.644 4.673 4.703 4.731 4.759 4.787 4.814 4.841 4.868 4.894 4.920 4.946 4.970 4.993 5.017 5.041 5.064 5.087 5.110 5.132 5.154 5.176 5.197 5.218 5.239 5.260 5.280 5.300 5.320 5.340 5.360 5.380 5.399 5.419 5.439 5.458 5.476 5.494 5.513 5.532 5.551 5.570 5.588 5.607 5.625 5.643 5.661 5.679 5.697 5.714 5.731 5.747 5.764
3.638 3.711 3.777 3.839 3.896 3.950 4.001 4.050 4.096 4.140 4.183 4.224 4.263 4.300 4.336 4.372 4.407 4.441 4.474 4.506 4.538 4.569 4.600 4.630 4.660 4.689 4.717 4.746 4.773 4.801 4.828 4.855 4.881 4.907 4.933 4.958 4.982 5.005 5.029 5.053 5.076 5.099 5.122 5.144 5.166 5.188 5.209 5.230 5.251 5.271 5.291 5.311 5.331 5.351 5.370 5.390 5.409 5.429 5.448 5.466 5.484 5.502 5.520 5.539 5.557 5.576 5.594 5.613 5.631 5.649 5.667 5.684 5.702 5.719 5.736 5.753 5.769
3.673 3.743 3.808 3.868 3.924 3.977 4.027 4.075 4.120 4.164 4.206 4.246 4.285 4.321 4.357 4.392 4.426 4.460 4.492 4.524 4.556 4.586 4.616 4.646 4.675 4.704 4.732 4.760 4.787 4.815 4.841 4.868 4.894 4.920 4.945 4.970 4.994 5.017 5.041 5.065 5.088 5.111 5.133 5.156 5.177 5.199 5.220 5.241 5.262 5.282 5.303 5.322 5.342 5.362 5.381 5.400 5.419 5.438 5.457 5.475 5.492 5.510 5.528 5.547 5.565 5.583 5.601 5.619 5.637 5.655 5.672 5.690 5.707 5.724 5.741 5.758 5.775
3.706 3.774 3.837 3.896 3.951 4.003 4.053 4.100 4.144 4.187 4.228 4.268 4.306 4.342 4.377 4.412 4.445 4.478 4.511 4.542 4.573 4.603 4.633 4.662 4.691 4.719 4.747 4.774 4.801 4.828 4.854 4.881 4.906 4.932 4.957 4.982 5.006 5.029 5.052 5.076 5.099 5.122 5.144 5.167 5.189 5.210 5.231 5.252 5.273 5.293 5.314 5.333 5.353 5.372 5.392 5.411 5.429 5.448 5.467 5.485 5.502 5.519 5.537 5.555 5.573 5.590 5.608 5.626 5.643 5.661 5.678 5.695 5.712 5.729 5.746 5.763 5.780
3.738 3.804 3.866 3.923 3.978 4.029 4.078 4.124 4.168 4.210 4.251 4.290 4.327 4.363 4.397 4.431 4.465 4.497 4.529 4.560 4.590 4.620 4.649 4.678 4.706 4.734 4.761 4.788 4.815 4.842 4.868 4.893 4.919 4.944 4.969 4.994 5.017 5.040 5.063 5.087 5.110 5.133 5.155 5.177 5.199 5.221 5.242 5.263 5.284 5.304 5.324 5.344 5.364 5.383 5.402 5.421 5.440 5.458 5.477 5.494 5.511 5.528 5.546 5.563 5.581 5.598 5.616 5.633 5.650 5.667 5.684 5.701 5.718 5.735 5.752 5.768 5.785
3.769 3.833 3.893 3.950 4.003 4.054 4.102 4.148 4.191 4.233 4.273 4.311 4.349 4.384 4.417 4.451 4.484 4.516 4.547 4.577 4.607 4.637 4.665 4.694 4.721 4.749 4.776 4.803 4.829 4.855 4.881 4.906 4.931 4.956 4.981 5.005 5.028 5.051 5.074 5.097 5.120 5.143 5.165 5.188 5.209 5.231 5.252 5.273 5.294 5.314 5.334 5.354 5.374 5.393 5.412 5.431 5.450 5.468 5.487 5.504 5.521 5.538 5.555 5.573 5.590 5.607 5.624 5.641 5.658 5.675 5.691 5.708 5.725 5.741 5.758 5.774 5.790
3.798 3.861 3.920 3.976 4.029 4.079 4.126 4.171 4.214 4.255 4.295 4.333 4.369 4.404 4.437 4.471 4.503 4.534 4.565 4.595 4.625 4.653 4.682 4.710 4.737 4.764 4.791 4.817 4.843 4.868 4.894 4.919 4.944 4.968 4.992 5.017 5.040 5.062 5.085 5.108 5.131 5.153 5.175 5.197 5.219 5.241 5.262 5.283 5.304 5.324 5.344 5.364 5.384 5.403 5.422 5.441 5.460 5.478 5.497 5.514 5.531 5.548 5.565 5.582 5.599 5.616 5.633 5.649 5.666 5.682 5.699 5.715 5.731 5.748 5.764 5.780 5.796
3.826 3.888 3.946 4.001 4.053 4.103 4.150 4.194 4.237 4.278 4.317 4.354 4.390 4.424 4.457 4.490 4.522 4.553 4.583 4.613 4.642 4.670 4.698 4.726 4.753 4.779 4.805 4.831 4.857 4.882 4.907 4.932 4.956 4.980 5.004 5.028 5.051 5.073 5.095 5.118 5.141 5.163 5.185 5.207 5.229 5.250 5.271 5.292 5.313 5.333 5.353 5.373 5.393 5.412 5.432 5.451 5.469 5.488 5.506 5.524 5.540 5.557 5.574 5.591 5.608 5.625 5.642 5.658 5.674 5.691 5.707 5.723 5.739 5.755 5.770 5.786 5.802
3.853 3.914 3.971 4.025 4.077 4.126 4.172 4.217 4.259 4.299 4.338 4.375 4.411 4.445 4.477 4.510 4.541 4.572 4.601 4.631 4.659 4.687 4.715 4.742 4.768 4.794 4.820 4.846 4.871 4.896 4.920 4.944 4.968 4.992 5.016 5.039 5.062 5.083 5.106 5.128 5.151 5.173 5.195 5.216 5.238 5.259 5.280 5.301 5.322 5.342 5.362 5.382 5.402 5.421 5.441 5.460 5.478 5.497 5.515 5.533 5.549 5.566 5.584 5.601 5.617 5.634 5.651 5.667 5.683 5.699 5.715 5.731 5.747 5.762 5.778 5.793 5.809
3.879 3.938 3.995 4.049 4.100 4.149 4.195 4.239 4.281 4.321 4.359 4.396 4.431 4.465 4.497 4.529 4.560 4.590 4.620 4.649 4.677 4.704 4.731 4.758 4.784 4.810 4.835 4.860 4.885 4.909 4.934 4.957 4.981 5.004 5.028 5.051 5.073 5.094 5.116 5.138 5.160 5.182 5.204 5.225 5.247 5.268 5.289 5.309 5.330 5.350 5.370 5.390 5.410 5.430 5.449 5.468 5.487 5.506 5.524 5.541 5.558 5.575 5.592 5.609 5.626 5.643 5.660 5.676 5.692 5.708 5.724 5.739 5.755 5.770 5.785 5.801 5.816
3.904 3.962 4.018 4.072 4.122 4.171 4.217 4.260 4.302 4.342 4.380 4.417 4.452 4.484 4.517 4.548 4.579 4.609 4.638 4.667 4.694 4.722 4.748 4.774 4.800 4.826 4.851 4.875 4.899 4.923 4.947 4.971 4.994 5.017 5.040 5.062 5.084 5.105 5.127 5.149 5.170 5.192 5.213 5.234 5.256 5.276 5.297 5.318 5.338 5.358 5.378 5.398 5.418 5.438 5.457 5.476 5.495 5.514 5.532 5.550 5.566 5.584 5.601 5.618 5.635 5.652 5.668 5.685 5.701 5.717 5.732 5.748 5.763 5.778 5.794 5.809 5.823
3.928 3.985 4.041 4.094 4.144 4.192 4.238 4.281 4.323 4.363 4.401 4.437 4.472 4.504 4.536 4.568 4.598 4.628 4.656 4.685 4.712 4.739 4.765 4.791 4.817 4.841 4.866 4.890 4.914 4.938 4.961 4.984 5.007 5.030 5.052 5.074 5.095 5.116 5.138 5.159 5.180 5.202 5.223 5.244 5.264 5.285 5.306 5.326 5.346 5.366 5.386 5.406 5.426 5.445 5.464 5.483 5.502 5.521 5.540 5.557 5.574 5.591 5.609 5.626 5.643 5.660 5.676 5.693 5.709 5.725 5.741 5.756 5.772 5.787 5.802 5.817 5.831
3.950 4.008 4.062 4.115 4.165 4.213 4.258 4.302 4.343 4.383 4.421 4.457 4.491 4.523 4.556 4.587 4.617 4.646 4.675 4.703 4.730 4.756 4.782 4.808 4.833 4.858 4.882 4.906 4.929 4.952 4.975 4.998 5.021 5.043 5.065 5.086 5.107 5.128 5.149 5.170 5.191 5.212 5.232 5.253 5.273 5.294 5.314 5.334 5.354 5.374 5.394 5.413 5.433 5.452 5.472 5.491 5.510 5.528 5.547 5.564 5.581 5.599 5.616 5.633 5.650 5.667 5.684 5.701 5.717 5.733 5.749 5.764 5.780 5.795 5.810 5.825 5.839
3.972 4.029 4.083 4.135 4.185 4.232 4.278 4.321 4.363 4.403 4.440 4.477 4.511 4.543 4.575 4.606 4.636 4.665 4.693 4.721 4.748 4.774 4.800 4.825 4.850 4.874 4.898 4.921 4.945 4.967 4.990 5.012 5.034 5.056 5.078 5.099 5.119 5.139 5.160 5.181 5.201 5.222 5.242 5.262 5.282 5.303 5.322 5.342 5.362 5.382 5.401 5.421 5.440 5.459 5.478 5.497 5.516 5.535 5.553 5.571 5.588 5.605 5.623 5.640 5.657 5.674 5.691 5.708 5.724 5.741 5.756 5.772 5.788 5.803 5.818 5.833 5.847
3.994 4.049 4.103 4.154 4.204 4.252 4.297 4.340 4.382 4.422 4.460 4.496 4.530 4.562 4.594 4.625 4.655 4.684 4.712 4.739 4.766 4.792 4.817 4.842 4.867 4.891 4.914 4.937 4.960 4.983 5.005 5.027 5.049 5.070 5.092 5.112 5.132 5.152 5.172 5.192 5.212 5.232 5.252 5.272 5.292 5.312 5.331 5.351 5.370 5.390 5.409 5.428 5.447 5.466 5.485 5.504 5.523 5.541 5.560 5.577 5.594 5.612 5.629 5.647 5.664 5.681 5.698 5.715 5.731 5.747 5.764 5.779 5.795 5.810 5.826 5.840 5.855
4.014 4.069 4.122 4.173 4.222 4.270 4.315 4.359 4.400 4.440 4.478 4.514 4.548 4.581 4.613 4.643 4.673 4.702 4.730 4.757 4.784 4.810 4.835 4.860 4.884 4.907 4.931 4.954 4.976 4.998 5.020 5.042 5.063 5.085 5.106 5.126 5.145 5.164 5.184 5.204 5.224 5.244 5.263 5.283 5.302 5.321 5.340 5.360 5.379 5.398 5.417 5.436 5.454 5.473 5.492 5.511 5.529 5.548 5.566 5.583 5.600 5.617 5.635 5.652 5.670 5.687 5.704 5.721 5.737 5.754 5.770 5.786 5.802 5.817 5.833 5.848 5.862
