TsunamiDB/out54045.asc
ncols          264
nrows          230
xllcorner      497853.4375
yllcorner      4229146.0000
cellsize         5.
NODATA_value   -99
[rows 96 to 127 of 230, columns 73 to 145 of 264]
-99.000 -99.000 -99.000 -99.000 -99.000 -99.000 -99.000 -99.000 -99.000 -99.000 -99.000 -99.000 -99.000 -99.000 -99.000 -99.000 -99.000 -99.000 -99.000 -99.000 -99.000 1.647 1.657 1.724 1.889 2.138 2.435 2.744 3.034 3.285 3.491 3.657 3.790 3.899 3.991 4.070 4.141 4.205 4.265 4.321 4.373 4.423 4.471 4.516 4.559 4.601 4.641 4.680 4.717 4.754 4.789 4.824 4.858 4.891 4.923 4.956 4.989 5.021 5.053 5.084 5.115 5.145 5.175 5.205 5.234 5.262 5.290 5.318 5.344 5.370 5.395 5.419 5.442
-99.000 -99.000 -99.000 -99.000 -99.000 -99.000 -99.000 -99.000 -99.000 -99.000 -99.000 -99.000 -99.000 -99.000 -99.000 -99.000 -99.000 -99.000 -99.000 -99.000 -99.000 1.649 1.677 1.788 1.995 2.271 2.578 2.881 3.155 3.385 3.572 3.721 3.843 3.943 4.028 4.103 4.171 4.234 4.292 4.346 4.398 4.447 4.494 4.539 4.582 4.624 4.664 4.703 4.740 4.776 4.812 4.847 4.881 4.914 4.946 4.979 5.011 5.043 5.074 5.105 5.136 5.165 5.195 5.224 5.253 5.281 5.308 5.335 5.362 5.387 5.412 5.436 5.459
-99.000 -99.000 -99.000 -99.000 -99.000 -99.000 -99.000 -99.000 -99.000 -99.000 -99.000 -99.000 -99.000 -99.000 -99.000 -99.000 -99.000 -99.000 -99.000 -99.000 1.647 1.655 1.715 1.872 2.115 2.410 2.719 3.011 3.265 3.475 3.644 3.779 3.890 3.982 4.063 4.134 4.200 4.260 4.317 4.371 4.422 4.470 4.517 4.561 4.604 4.646 4.686 4.724 4.762 4.798 4.834 4.869 4.903 4.936 4.968 5.001 5.033 5.065 5.096 5.126 5.156 5.186 5.215 5.244 5.272 5.300 5.327 5.354 5.380 5.405 5.429 5.453 5.476
-99.000 -99.000 -99.000 -99.000 -99.000 -99.000 -99.000 -99.000 -99.000 -99.000 -99.000 -99.000 -99.000 -99.000 -99.000 -99.000 -99.000 -99.000 -99.000 -99.000 1.648 1.671 1.773 1.973 2.244 2.550 2.855 3.131 3.365 3.556 3.708 3.830 3.932 4.019 4.095 4.164 4.227 4.286 4.341 4.394 4.444 4.492 4.538 4.583 4.625 4.666 4.706 4.745 4.783 4.819 4.855 4.890 4.925 4.958 4.990 5.023 5.055 5.086 5.117 5.147 5.177 5.207 5.236 5.264 5.292 5.320 5.347 5.373 5.399 5.424 5.448 5.471 5.494
-99.000 -99.000 -99.000 -99.000 -99.000 -99.000 -99.000 -99.000 -99.000 -99.000 -99.000 -99.000 -99.000 -99.000 -99.000 -99.000 -99.000 -99.000 -99.000 1.647 1.653 1.705 1.852 2.088 2.379 2.688 2.983 3.241 3.455 3.627 3.765 3.877 3.971 4.052 4.125 4.191 4.252 4.310 4.364 4.416 4.465 4.513 4.558 4.602 4.645 4.686 4.726 4.765 4.802 4.839 4.875 4.911 4.945 4.978 5.011 5.044 5.076 5.107 5.138 5.168 5.198 5.227 5.256 5.285 5.312 5.340 5.367 5.393 5.418 5.443 5.467 5.490 5.512
-99.000 -99.000 -99.000 -99.000 -99.000 -99.000 -99.000 -99.000 -99.000 -99.000 -99.000 -99.000 -99.000 -99.000 -99.000 -99.000 -99.000 -99.000 -99.000 1.648 1.666 1.757 1.947 2.212 2.516 2.822 3.102 3.340 3.535 3.691 3.816 3.919 4.007 4.084 4.153 4.217 4.276 4.333 4.386 4.437 4.485 4.532 4.578 4.621 4.663 4.705 4.744 4.783 4.821 4.858 4.895 4.930 4.965 4.998 5.031 5.064 5.096 5.127 5.158 5.188 5.218 5.247 5.276 5.305 5.333 5.360 5.387 5.413 5.438 5.463 5.487 5.510 5.532
-99.000 -99.000 -99.000 -99.000 -99.000 -99.000 -99.000 -99.000 -99.000 -99.000 -99.000 -99.000 -99.000 -99.000 -99.000 -99.000 -99.000 -99.000 1.647 1.651 1.694 1.829 2.057 2.343 2.652 2.949 3.211 3.430 3.607 3.748 3.862 3.958 4.040 4.113 4.180 4.242 4.300 4.354 4.407 4.457 4.505 4.551 4.596 4.639 4.681 4.722 4.762 4.801 4.839 4.877 4.913 4.949 4.984 5.017 5.050 5.083 5.115 5.146 5.177 5.208 5.238 5.267 5.296 5.324 5.352 5.380 5.407 5.433 5.458 5.483 5.507 5.530 5.552
-99.000 -99.000 -99.000 -99.000 -99.000 -99.000 -99.000 -99.000 -99.000 -99.000 -99.000 -99.000 -99.000 -99.000 -99.000 -99.000 -99.000 -99.000 1.647 1.661 1.740 1.918 2.176 2.477 2.784 3.068 3.311 3.511 3.671 3.799 3.904 3.993 4.071 4.141 4.205 4.265 4.322 4.375 4.426 4.476 4.523 4.569 4.613 4.656 4.698 4.739 4.779 4.818 4.856 4.894 4.931 4.967 5.001 5.034 5.068 5.101 5.133 5.165 5.196 5.226 5.256 5.286 5.315 5.344 5.372 5.399 5.426 5.453 5.479 5.504 5.528 5.551 5.573
-99.000 -99.000 -99.000 -99.000 -99.000 -99.000 -99.000 -99.000 -99.000 -99.000 -99.000 -99.000 -99.000 -99.000 -99.000 -99.000 -99.000 1.647 1.650 1.684 1.805 2.022 2.302 2.610 2.910 3.178 3.402 3.584 3.729 3.846 3.943 4.027 4.101 4.168 4.230 4.288 4.343 4.395 4.446 4.494 4.540 4.586 4.629 4.672 4.714 4.755 4.795 4.834 4.873 4.910 4.947 4.983 5.017 5.051 5.085 5.118 5.150 5.182 5.213 5.244 5.274 5.304 5.333 5.362 5.390 5.418 5.445 5.472 5.498 5.524 5.548 5.572 5.595
-99.000 -99.000 -99.000 -99.000 -99.000 -99.000 -99.000 -99.000 -99.000 -99.000 -99.000 -99.000 -99.000 -99.000 -99.000 -99.000 -99.000 1.647 1.657 1.723 1.888 2.136 2.433 2.741 3.029 3.279 3.484 3.649 3.782 3.889 3.979 4.058 4.129 4.193 4.253 4.310 4.363 4.415 4.464 4.511 4.557 4.602 4.645 4.688 4.729 4.770 4.810 4.849 4.888 4.926 4.963 4.999 5.033 5.067 5.100 5.133 5.166 5.198 5.229 5.260 5.291 5.320 5.350 5.379 5.408 5.436 5.463 5.491 5.517 5.543 5.568 5.592 5.616
-99.000 -99.000 -99.000 -99.000 -99.000 -99.000 -99.000 -99.000 -99.000 -99.000 -99.000 -99.000 -99.000 -99.000 -99.000 -99.000 -99.000 1.648 1.674 1.781 1.985 2.258 2.564 2.866 3.140 3.371 3.558 3.708 3.829 3.928 4.013 4.088 4.155 4.218 4.276 4.331 4.383 4.434 4.482 4.528 4.574 4.617 4.660 4.702 4.744 4.784 4.824 4.864 4.902 4.940 4.977 5.013 5.048 5.081 5.115 5.148 5.181 5.213 5.244 5.275 5.306 5.336 5.366 5.395 5.424 5.453 5.481 5.508 5.535 5.561 5.587 5.612 5.636
-99.000 -99.000 -99.000 -99.000 -99.000 -99.000 -99.000 -99.000 -99.000 -99.000 -99.000 -99.000 -99.000 -99.000 -99.000 -99.000 1.647 1.653 1.707 1.856 2.093 2.385 2.693 2.986 3.242 3.454 3.625 3.762 3.873 3.965 4.045 4.116 4.181 4.242 4.298 4.352 4.403 4.452 4.499 4.545 4.589 4.633 4.675 4.717 4.758 4.799 4.839 4.878 4.916 4.954 4.991 5.027 5.061 5.095 5.129 5.162 5.195 5.227 5.259 5.290 5.321 5.351 5.381 5.410 5.440 5.468 5.497 5.525 5.552 5.579 5.605 5.631 5.655
-99.000 -99.000 -99.000 -99.000 -99.000 -99.000 -99.000 -99.000 -99.000 -99.000 -99.000 -99.000 -99.000 -99.000 -99.000 -99.000 1.648 1.666 1.757 1.947 2.211 2.514 2.819 3.098 3.336 3.531 3.686 3.811 3.914 4.000 4.076 4.144 4.207 4.265 4.320 4.372 4.422 4.470 4.517 4.562 4.605 4.648 4.690 4.731 4.772 4.812 4.852 4.891 4.929 4.967 5.004 5.039 5.074 5.107 5.141 5.175 5.208 5.240 5.272 5.303 5.334 5.364 5.395 5.424 5.454 5.483 5.512 5.540 5.568 5.595 5.622 5.648 5.674
-99.000 -99.000 -99.000 -99.000 -99.000 -99.000 -99.000 -99.000 -99.000 -99.000 -99.000 -99.000 -99.000 -99.000 -99.000 1.647 1.651 1.692 1.825 2.050 2.335 2.643 2.940 3.203 3.423 3.600 3.742 3.857 3.952 4.033 4.105 4.171 4.231 4.288 4.342 4.393 4.442 4.489 4.534 4.578 4.621 4.663 4.704 4.745 4.786 4.826 4.865 4.904 4.942 4.979 5.016 5.051 5.085 5.119 5.153 5.187 5.219 5.252 5.284 5.315 5.346 5.377 5.407 5.437 5.467 5.496 5.525 5.554 5.582 5.610 5.637 5.664 5.690
-99.000 -99.000 -99.000 -99.000 -99.000 -99.000 -99.000 -99.000 -99.000 -99.000 -99.000 -99.000 -99.000 -99.000 -99.000 1.647 1.660 1.735 1.909 2.163 2.463 2.770 3.055 3.300 3.502 3.664 3.793 3.899 3.989 4.065 4.134 4.197 4.256 4.311 4.363 4.413 4.461 4.507 4.551 4.594 4.637 4.678 4.719 4.760 4.800 4.839 4.878 4.916 4.954 4.991 5.027 5.063 5.097 5.130 5.164 5.198 5.231 5.263 5.295 5.327 5.358 5.388 5.419 5.449 5.479 5.508 5.538 5.567 5.595 5.623 5.651 5.679 5.706
-99.000 -99.000 -99.000 -99.000 -99.000 -99.000 -99.000 -99.000 -99.000 -99.000 -99.000 -99.000 -99.000 -99.000 1.647 1.649 1.680 1.796 2.007 2.284 2.591 2.892 3.162 3.390 3.574 3.722 3.841 3.939 4.023 4.096 4.162 4.223 4.280 4.334 4.385 4.434 4.480 4.525 4.569 4.611 4.653 4.694 4.734 4.774 4.814 4.853 4.891 4.929 4.966 5.002 5.038 5.073 5.107 5.141 5.175 5.208 5.241 5.273 5.305 5.337 5.368 5.399 5.430 5.460 5.490 5.520 5.549 5.578 5.607 5.636 5.664 5.692 5.720
-99.000 -99.000 -99.000 -99.000 -99.000 -99.000 -99.000 -99.000 -99.000 -99.000 -99.000 -99.000 -99.000 -99.000 1.647 1.655 1.716 1.873 2.116 2.410 2.718 3.009 3.263 3.472 3.640 3.775 3.885 3.977 4.056 4.126 4.189 4.249 4.304 4.357 4.407 4.455 4.500 4.544 4.587 4.629 4.670 4.710 4.749 4.789 4.828 4.866 4.904 4.941 4.977 5.013 5.048 5.084 5.117 5.151 5.184 5.218 5.250 5.283 5.315 5.346 5.378 5.409 5.439 5.470 5.500 5.530 5.559 5.589 5.618 5.647 5.676 5.704 5.732
-99.000 -99.000 -99.000 -99.000 -99.000 -99.000 -99.000 -99.000 -99.000 -99.000 -99.000 -99.000 -99.000 -99.000 1.648 1.670 1.769 1.965 2.234 2.538 2.843 3.120 3.356 3.548 3.701 3.825 3.927 4.013 4.088 4.155 4.216 4.274 4.329 4.380 4.429 4.476 4.521 4.564 4.606 4.647 4.687 4.726 4.765 4.804 4.842 4.879 4.916 4.953 4.988 5.024 5.059 5.094 5.127 5.160 5.194 5.227 5.259 5.292 5.324 5.355 5.387 5.418 5.448 5.479 5.509 5.539 5.569 5.598 5.628 5.657 5.686 5.715 5.743
-99.000 -99.000 -99.000 -99.000 -99.000 -99.000 -99.000 -99.000 -99.000 -99.000 -99.000 -99.000 -99.000 1.647 1.652 1.699 1.839 2.070 2.358 2.667 2.963 3.224 3.441 3.617 3.757 3.871 3.966 4.047 4.119 4.184 4.243 4.300 4.353 4.403 4.451 4.497 4.541 4.584 4.625 4.666 4.705 4.744 4.782 4.820 4.857 4.893 4.929 4.965 5.000 5.035 5.069 5.103 5.136 5.169 5.202 5.235 5.268 5.300 5.332 5.364 5.395 5.426 5.457 5.487 5.517 5.547 5.577 5.607 5.637 5.666 5.695 5.724 5.753
-99.000 -99.000 -99.000 -99.000 -99.000 -99.000 -99.000 -99.000 -99.000 -99.000 -99.000 -99.000 -99.000 1.648 1.663 1.745 1.926 2.185 2.486 2.793 3.077 3.320 3.520 3.681 3.809 3.915 4.003 4.080 4.149 4.212 4.270 4.325 4.377 4.427 4.474 4.519 4.563 4.605 4.645 4.685 4.724 4.762 4.799 4.836 4.872 4.908 4.943 4.978 5.012 5.046 5.079 5.113 5.146 5.178 5.211 5.243 5.276 5.308 5.340 5.371 5.402 5.433 5.464 5.495 5.525 5.555 5.585 5.615 5.645 5.674 5.704 5.733 5.762
-99.000 -99.000 -99.000 -99.000 -99.000 -99.000 -99.000 -99.000 -99.000 -99.000 -99.000 -99.000 1.647 1.650 1.685 1.808 2.026 2.307 2.615 2.915 3.184 3.410 3.593 3.739 3.857 3.955 4.039 4.112 4.179 4.239 4.296 4.350 4.401 4.450 4.497 4.541 4.584 4.626 4.666 4.705 4.743 4.781 4.817 4.853 4.889 4.923 4.958 4.991 5.024 5.057 5.090 5.123 5.155 5.187 5.219 5.251 5.283 5.315 5.347 5.378 5.410 5.440 5.471 5.502 5.532 5.562 5.592 5.622 5.652 5.681 5.711 5.741 5.770
-99.000 -99.000 -99.000 -99.000 -99.000 -99.000 -99.000 -99.000 -99.000 -99.000 -99.000 -99.000 1.647 1.657 1.724 1.889 2.137 2.434 2.742 3.032 3.284 3.492 3.659 3.793 3.902 3.994 4.073 4.143 4.207 4.266 4.321 4.375 4.425 4.473 4.519 4.564 4.606 4.647 4.687 4.726 4.764 4.801 4.837 4.872 4.906 4.940 4.973 5.006 5.038 5.070 5.102 5.133 5.164 5.195 5.227 5.259 5.291 5.322 5.354 5.385 5.416 5.447 5.478 5.508 5.538 5.569 5.599 5.628 5.658 5.688 5.718 5.748 5.777
-99.000 -99.000 -99.000 -99.000 -99.000 -99.000 -99.000 -99.000 -99.000 -99.000 -99.000 -99.000 1.649 1.674 1.780 1.983 2.256 2.563 2.867 3.143 3.377 3.568 3.720 3.843 3.944 4.030 4.105 4.173 4.235 4.292 4.347 4.399 4.449 4.496 4.542 4.586 4.628 4.669 4.709 4.747 4.785 4.821 4.857 4.891 4.925 4.958 4.990 5.021 5.052 5.083 5.114 5.145 5.174 5.205 5.236 5.267 5.298 5.329 5.360 5.391 5.422 5.453 5.484 5.514 5.544 5.574 5.604 5.634 5.664 5.694 5.724 5.754 5.784
-99.000 -99.000 -99.000 -99.000 -99.000 -99.000 -99.000 -99.000 -99.000 -99.000 -99.000 1.647 1.653 1.706 1.854 2.091 2.382 2.692 2.987 3.247 3.463 3.637 3.777 3.890 3.984 4.065 4.137 4.202 4.262 4.318 4.372 4.423 4.472 4.519 4.564 4.608 4.650 4.691 4.731 4.769 4.806 4.842 4.877 4.911 4.944 4.976 5.008 5.038 5.068 5.098 5.127 5.157 5.185 5.215 5.245 5.275 5.305 5.336 5.367 5.397 5.428 5.459 5.489 5.520 5.550 5.580 5.610 5.640 5.670 5.700 5.730 5.760 5.790
-99.000 -99.000 -99.000 -99.000 -99.000 -99.000 -99.000 -99.000 -99.000 -99.000 -99.000 1.648 1.666 1.756 1.944 2.207 2.511 2.818 3.101 3.343 3.541 3.700 3.828 3.933 4.021 4.098 4.167 4.230 4.288 4.343 4.396 4.446 4.495 4.541 4.586 4.630 4.672 4.713 4.752 4.791 4.828 4.864 4.899 4.932 4.965 4.996 5.027 5.057 5.085 5.114 5.142 5.170 5.197 5.226 5.255 5.284 5.313 5.343 5.373 5.403 5.434 5.464 5.494 5.525 5.555 5.585 5.615 5.645 5.675 5.705 5.735 5.765 5.795
-99.000 -99.000 -99.000 -99.000 -99.000 -99.000 -99.000 -99.000 -99.000 -99.000 1.647 1.651 1.691 1.823 2.046 2.331 2.641 2.941 3.208 3.432 3.613 3.758 3.876 3.973 4.056 4.129 4.196 4.257 4.314 4.368 4.419 4.469 4.517 4.563 4.608 4.651 4.693 4.734 4.774 4.812 4.849 4.886 4.920 4.954 4.986 5.017 5.047 5.076 5.104 5.132 5.159 5.185 5.211 5.238 5.266 5.294 5.322 5.351 5.380 5.409 5.439 5.469 5.499 5.529 5.559 5.590 5.620 5.649 5.679 5.709 5.739 5.769 5.800
-99.000 -99.000 -99.000 -99.000 -99.000 -99.000 -99.000 -99.000 -99.000 -99.000 1.647 1.659 1.734 1.906 2.160 2.459 2.769 3.057 3.307 3.513 3.679 3.812 3.920 4.011 4.090 4.160 4.224 4.284 4.339 4.391 4.442 4.491 4.539 4.585 4.629 4.672 4.714 4.755 4.794 4.833 4.871 4.907 4.942 4.976 5.008 5.039 5.069 5.097 5.125 5.151 5.177 5.202 5.227 5.252 5.278 5.305 5.332 5.359 5.387 5.416 5.445 5.474 5.504 5.534 5.564 5.594 5.624 5.654 5.684 5.714 5.744 5.774 5.804
-99.000 -99.000 -99.000 -99.000 -99.000 -99.000 -99.000 -99.000 -99.000 1.647 1.649 1.679 1.794 2.004 2.281 2.589 2.893 3.167 3.399 3.588 3.739 3.861 3.961 4.047 4.121 4.189 4.251 4.309 4.363 4.414 4.465 4.513 4.560 4.605 4.649 4.692 4.734 4.775 4.815 4.854 4.891 4.928 4.963 4.997 5.030 5.061 5.091 5.119 5.146 5.172 5.197 5.221 5.244 5.269 5.293 5.318 5.343 5.369 5.396 5.423 5.451 5.480 5.509 5.538 5.568 5.598 5.628 5.657 5.687 5.717 5.747 5.778 5.808
-99.000 -99.000 -99.000 -99.000 -99.000 -99.000 -99.000 -99.000 -99.000 1.647 1.655 1.715 1.871 2.114 2.409 2.719 3.013 3.270 3.484 3.656 3.794 3.906 4.000 4.080 4.152 4.217 4.277 4.333 4.386 4.437 4.486 4.534 4.580 4.625 4.669 4.711 4.753 4.794 4.834 4.873 4.911 4.948 4.984 5.019 5.052 5.083 5.113 5.141 5.168 5.194 5.219 5.242 5.264 5.287 5.310 5.333 5.356 5.380 5.405 5.431 5.458 5.486 5.514 5.543 5.572 5.601 5.631 5.661 5.691 5.721 5.751 5.781 5.812
-99.000 -99.000 -99.000 -99.000 -99.000 -99.000 -99.000 -99.000 -99.000 1.648 1.670 1.768 1.964 2.233 2.539 2.846 3.126 3.366 3.561 3.718 3.845 3.948 4.036 4.113 4.181 4.244 4.302 4.358 4.409 4.459 4.508 4.554 4.600 4.644 4.688 4.730 4.772 4.812 4.853 4.892 4.930 4.968 5.004 5.039 5.072 5.104 5.135 5.164 5.191 5.217 5.242 5.264 5.286 5.307 5.329 5.350 5.372 5.394 5.417 5.441 5.466 5.493 5.520 5.548 5.576 5.605 5.635 5.664 5.694 5.724 5.754 5.785 5.815
-99.000 -99.000 -99.000 -99.000 -99.000 -99.000 -99.000 -99.000 1.647 1.652 1.699 1.840 2.071 2.360 2.670 2.968 3.233 3.454 3.632 3.776 3.892 3.988 4.071 4.143 4.209 4.270 4.327 4.381 4.432 4.480 4.528 4.574 4.619 4.663 4.706 4.748 4.789 4.830 4.870 4.910 4.948 4.986 5.023 5.058 5.092 5.125 5.156 5.186 5.214 5.240 5.265 5.287 5.309 5.330 5.350 5.370 5.390 5.410 5.431 5.453 5.477 5.501 5.527 5.553 5.581 5.609 5.638 5.667 5.697 5.727 5.757 5.788 5.818
-99.000 -99.000 -99.000 -99.000 -99.000 -99.000 -99.000 -99.000 1.648 1.663 1.746 1.928 2.188 2.490 2.799 3.085 3.332 3.534 3.697 3.828 3.935 4.025 4.103 4.173 4.237 4.296 4.351 4.404 4.454 4.501 4.548 4.594 4.638 4.681 4.723 4.765 4.806 4.847 4.887 4.927 4.965 5.003 5.040 5.076 5.111 5.144 5.176 5.206 5.235 5.263 5.288 5.311 5.332 5.353 5.373 5.392 5.411 5.429 5.448 5.468 5.489 5.511 5.535 5.560 5.586 5.614 5.642 5.671 5.700 5.730 5.760 5.790 5.821
