TsunamiDB/out54031.asc
ncols          264
nrows          230
xllcorner      497853.4375
yllcorner      4229146.0000
cellsize         5.
NODATA_value   -99
[rows 64 to 95 of 230, columns 144 to 215 of 264]
2.420 2.733 3.030 3.291 3.507 3.680 3.819 3.930 4.021 4.099 4.167 4.228 4.283 4.334 4.382 4.428 4.472 4.515 4.557 4.597 4.637 4.677 4.715 4.753 4.790 4.827 4.864 4.901 4.939 4.975 5.011 5.049 5.088 5.126 5.165 5.205 5.245 5.286 5.327 5.368 5.409 5.451 5.492 5.533 5.573 5.613 5.651 5.688 5.722 5.754 5.783 5.809 5.830 5.849 5.868 5.886 5.905 5.927 5.952 5.982 6.016 6.055 6.098 6.144 6.194 6.246 6.299 6.353 6.408 6.463 6.517 6.570
2.554 2.864 3.147 3.389 3.587 3.745 3.872 3.974 4.060 4.134 4.199 4.258 4.312 4.362 4.409 4.454 4.497 4.539 4.580 4.619 4.658 4.696 4.733 4.769 4.805 4.841 4.876 4.911 4.947 4.981 5.016 5.052 5.089 5.126 5.163 5.201 5.240 5.279 5.319 5.359 5.400 5.440 5.481 5.522 5.563 5.602 5.641 5.679 5.715 5.748 5.779 5.807 5.830 5.851 5.869 5.887 5.904 5.923 5.945 5.970 6.000 6.035 6.074 6.118 6.166 6.217 6.270 6.325 6.381 6.437 6.493 6.548
2.689 2.990 3.257 3.480 3.660 3.805 3.921 4.016 4.097 4.168 4.231 4.288 4.340 4.389 4.436 4.480 4.522 4.564 4.603 4.642 4.680 4.717 4.753 4.787 4.822 4.856 4.889 4.923 4.956 4.989 5.022 5.057 5.091 5.126 5.162 5.199 5.236 5.273 5.312 5.351 5.390 5.430 5.470 5.510 5.550 5.590 5.629 5.668 5.704 5.739 5.772 5.801 5.826 5.848 5.868 5.886 5.903 5.920 5.939 5.961 5.986 6.017 6.052 6.093 6.138 6.187 6.239 6.293 6.349 6.406 6.463 6.520
2.822 3.110 3.359 3.563 3.727 3.859 3.966 4.055 4.132 4.200 4.261 4.317 4.369 4.417 4.463 4.506 4.548 4.589 4.628 4.666 4.703 4.739 4.773 4.807 4.840 4.872 4.905 4.936 4.968 4.999 5.030 5.063 5.095 5.129 5.163 5.197 5.233 5.269 5.305 5.343 5.381 5.420 5.459 5.498 5.538 5.577 5.616 5.654 5.691 5.727 5.760 5.791 5.818 5.842 5.864 5.883 5.900 5.916 5.934 5.953 5.975 6.001 6.032 6.069 6.110 6.156 6.206 6.259 6.314 6.370 6.428 6.485
2.952 3.224 3.452 3.638 3.788 3.908 4.007 4.091 4.165 4.231 4.290 4.345 4.396 4.444 4.490 4.533 4.575 4.615 4.654 4.692 4.728 4.762 4.796 4.828 4.860 4.891 4.922 4.952 4.982 5.011 5.041 5.071 5.102 5.133 5.165 5.198 5.231 5.265 5.300 5.336 5.373 5.410 5.448 5.486 5.525 5.564 5.602 5.640 5.677 5.713 5.747 5.779 5.807 5.833 5.856 5.876 5.894 5.911 5.927 5.945 5.964 5.987 6.015 6.047 6.084 6.125 6.172 6.222 6.275 6.330 6.387 6.444
3.076 3.329 3.538 3.707 3.842 3.953 4.045 4.125 4.196 4.260 4.318 4.372 4.423 4.471 4.516 4.560 4.602 4.642 4.681 4.717 4.753 4.787 4.819 4.851 4.882 4.912 4.941 4.970 4.999 5.026 5.054 5.082 5.111 5.140 5.170 5.200 5.232 5.264 5.297 5.331 5.366 5.402 5.438 5.475 5.513 5.551 5.588 5.626 5.662 5.698 5.732 5.765 5.794 5.820 5.845 5.867 5.886 5.904 5.920 5.937 5.955 5.975 5.999 6.027 6.059 6.097 6.139 6.185 6.235 6.288 6.343 6.398
3.194 3.426 3.616 3.768 3.892 3.994 4.081 4.156 4.225 4.287 4.345 4.398 4.449 4.497 4.543 4.587 4.629 4.669 4.707 4.744 4.779 4.812 4.844 4.875 4.905 4.934 4.963 4.990 5.018 5.044 5.069 5.096 5.123 5.150 5.177 5.206 5.235 5.265 5.296 5.328 5.361 5.395 5.430 5.466 5.502 5.539 5.576 5.612 5.649 5.684 5.718 5.750 5.780 5.807 5.833 5.856 5.876 5.895 5.913 5.930 5.947 5.965 5.986 6.011 6.039 6.072 6.109 6.151 6.197 6.246 6.298 6.352
3.303 3.515 3.686 3.824 3.937 4.032 4.113 4.185 4.251 4.312 4.370 4.423 4.474 4.523 4.569 4.613 4.656 4.696 4.734 4.771 4.805 4.838 4.870 4.901 4.930 4.959 4.986 5.013 5.039 5.064 5.088 5.113 5.138 5.163 5.188 5.214 5.241 5.269 5.298 5.328 5.359 5.391 5.425 5.459 5.494 5.529 5.565 5.601 5.636 5.671 5.705 5.737 5.767 5.794 5.821 5.845 5.867 5.887 5.905 5.923 5.940 5.958 5.977 5.999 6.024 6.052 6.085 6.123 6.165 6.210 6.259 6.310
3.403 3.595 3.749 3.874 3.977 4.066 4.142 4.212 4.276 4.336 4.393 4.447 4.498 4.547 4.594 4.639 4.682 4.722 4.761 4.797 4.832 4.865 4.897 4.927 4.956 4.984 5.012 5.038 5.063 5.086 5.109 5.133 5.156 5.179 5.202 5.226 5.251 5.276 5.303 5.331 5.360 5.390 5.422 5.455 5.488 5.522 5.557 5.592 5.626 5.661 5.694 5.726 5.756 5.784 5.810 5.835 5.858 5.880 5.900 5.918 5.937 5.955 5.973 5.993 6.016 6.041 6.070 6.104 6.141 6.183 6.229 6.277
3.495 3.668 3.806 3.920 4.015 4.097 4.170 4.236 4.299 4.358 4.415 4.469 4.521 4.571 4.618 4.664 4.707 4.748 4.787 4.823 4.858 4.892 4.924 4.954 4.983 5.011 5.038 5.064 5.089 5.111 5.133 5.156 5.177 5.199 5.220 5.242 5.265 5.288 5.312 5.338 5.364 5.393 5.422 5.453 5.485 5.518 5.552 5.586 5.620 5.653 5.686 5.718 5.747 5.776 5.803 5.829 5.853 5.876 5.897 5.917 5.937 5.956 5.975 5.994 6.015 6.039 6.065 6.095 6.129 6.168 6.210 6.256
3.578 3.733 3.858 3.961 4.049 4.126 4.195 4.259 4.321 4.379 4.436 4.490 4.543 4.593 4.641 4.687 4.731 4.772 4.812 4.849 4.884 4.918 4.950 4.981 5.010 5.039 5.065 5.091 5.116 5.138 5.160 5.181 5.202 5.222 5.242 5.262 5.282 5.303 5.325 5.348 5.373 5.399 5.427 5.456 5.486 5.518 5.550 5.583 5.616 5.649 5.681 5.713 5.743 5.771 5.799 5.826 5.851 5.875 5.898 5.920 5.940 5.961 5.981 6.001 6.022 6.044 6.069 6.097 6.128 6.164 6.203 6.247
3.653 3.792 3.905 3.999 4.080 4.153 4.219 4.281 4.341 4.399 4.455 4.510 4.563 4.614 4.663 4.709 4.753 4.795 4.835 4.873 4.909 4.943 4.976 5.008 5.037 5.066 5.093 5.119 5.144 5.166 5.188 5.209 5.229 5.248 5.267 5.286 5.304 5.323 5.343 5.364 5.386 5.410 5.435 5.462 5.491 5.521 5.552 5.583 5.616 5.648 5.680 5.711 5.741 5.770 5.799 5.826 5.852 5.878 5.902 5.925 5.948 5.970 5.992 6.013 6.034 6.057 6.081 6.107 6.137 6.170 6.207 6.249
3.720 3.845 3.948 4.034 4.110 4.179 4.242 4.302 4.361 4.418 4.474 4.529 4.582 4.633 4.682 4.729 4.774 4.816 4.857 4.896 4.932 4.968 5.001 5.033 5.064 5.093 5.120 5.147 5.172 5.195 5.216 5.238 5.258 5.277 5.295 5.312 5.330 5.347 5.365 5.383 5.403 5.424 5.448 5.472 5.499 5.527 5.557 5.587 5.619 5.650 5.682 5.713 5.742 5.772 5.801 5.829 5.857 5.883 5.909 5.934 5.959 5.983 6.006 6.029 6.051 6.074 6.098 6.124 6.152 6.184 6.220 6.259
3.781 3.894 3.988 4.068 4.139 4.204 4.264 4.323 4.381 4.437 4.493 4.547 4.600 4.651 4.700 4.747 4.793 4.836 4.877 4.917 4.954 4.990 5.024 5.057 5.088 5.118 5.147 5.174 5.200 5.223 5.246 5.267 5.288 5.307 5.325 5.342 5.358 5.375 5.391 5.407 5.425 5.444 5.465 5.487 5.511 5.537 5.565 5.594 5.625 5.655 5.687 5.717 5.746 5.776 5.806 5.835 5.863 5.891 5.919 5.945 5.972 5.997 6.022 6.047 6.071 6.095 6.119 6.145 6.173 6.203 6.238 6.275
3.837 3.939 4.025 4.099 4.166 4.229 4.287 4.344 4.401 4.456 4.511 4.565 4.617 4.667 4.716 4.764 4.809 4.853 4.895 4.936 4.974 5.011 5.046 5.080 5.112 5.142 5.172 5.199 5.226 5.251 5.274 5.297 5.318 5.337 5.356 5.373 5.389 5.405 5.420 5.435 5.451 5.468 5.486 5.506 5.528 5.552 5.577 5.605 5.633 5.663 5.693 5.723 5.752 5.783 5.813 5.842 5.872 5.901 5.930 5.958 5.986 6.013 6.040 6.066 6.092 6.117 6.142 6.169 6.196 6.226 6.259 6.296
3.887 3.981 4.060 4.130 4.193 4.253 4.310 4.366 4.421 4.476 4.529 4.581 4.633 4.683 4.731 4.779 4.825 4.869 4.912 4.953 4.992 5.029 5.065 5.100 5.133 5.164 5.195 5.224 5.251 5.277 5.301 5.325 5.347 5.368 5.387 5.405 5.422 5.437 5.452 5.467 5.481 5.496 5.512 5.529 5.548 5.570 5.593 5.618 5.645 5.673 5.702 5.731 5.760 5.790 5.821 5.851 5.882 5.912 5.942 5.972 6.001 6.030 6.059 6.086 6.113 6.140 6.166 6.193 6.221 6.250 6.283 6.318
3.934 4.020 4.094 4.160 4.221 4.279 4.334 4.388 4.442 4.495 4.547 4.598 4.648 4.697 4.745 4.792 4.838 4.883 4.926 4.968 5.008 5.046 5.083 5.118 5.152 5.185 5.216 5.246 5.274 5.300 5.326 5.351 5.375 5.397 5.417 5.437 5.454 5.471 5.486 5.500 5.514 5.527 5.541 5.556 5.573 5.591 5.612 5.634 5.659 5.685 5.713 5.741 5.769 5.799 5.830 5.861 5.892 5.923 5.955 5.986 6.017 6.048 6.077 6.107 6.135 6.163 6.190 6.217 6.246 6.275 6.307 6.342
3.978 4.057 4.127 4.190 4.249 4.305 4.358 4.411 4.463 4.514 4.565 4.614 4.663 4.711 4.759 4.805 4.851 4.896 4.939 4.981 5.021 5.060 5.098 5.134 5.169 5.202 5.234 5.265 5.294 5.322 5.349 5.375 5.400 5.424 5.446 5.467 5.486 5.504 5.520 5.534 5.548 5.561 5.574 5.587 5.601 5.617 5.635 5.654 5.676 5.700 5.726 5.752 5.779 5.809 5.839 5.871 5.902 5.935 5.967 6.000 6.033 6.065 6.096 6.127 6.156 6.185 6.214 6.242 6.271 6.300 6.332 6.367
4.019 4.093 4.159 4.220 4.277 4.332 4.384 4.435 4.485 4.534 4.583 4.631 4.678 4.725 4.772 4.818 4.863 4.907 4.951 4.993 5.033 5.073 5.111 5.148 5.183 5.218 5.251 5.282 5.312 5.341 5.370 5.397 5.423 5.449 5.472 5.495 5.516 5.535 5.553 5.569 5.583 5.596 5.609 5.621 5.633 5.646 5.661 5.678 5.696 5.717 5.741 5.765 5.791 5.819 5.850 5.881 5.913 5.947 5.980 6.014 6.048 6.082 6.114 6.146 6.177 6.207 6.237 6.266 6.295 6.325 6.357 6.391
4.058 4.129 4.192 4.250 4.306 4.359 4.409 4.459 4.507 4.555 4.602 4.648 4.694 4.740 4.785 4.830 4.875 4.918 4.961 5.003 5.044 5.084 5.122 5.160 5.196 5.231 5.264 5.297 5.328 5.357 5.387 5.416 5.444 5.470 5.496 5.520 5.543 5.564 5.584 5.602 5.618 5.632 5.645 5.656 5.667 5.679 5.691 5.704 5.720 5.738 5.758 5.780 5.804 5.831 5.861 5.892 5.925 5.959 5.993 6.028 6.064 6.098 6.132 6.166 6.198 6.229 6.260 6.290 6.320 6.350 6.382 6.416
4.096 4.163 4.224 4.281 4.335 4.387 4.435 4.483 4.530 4.576 4.621 4.666 4.711 4.755 4.799 4.843 4.886 4.929 4.971 5.013 5.054 5.093 5.132 5.170 5.206 5.242 5.276 5.309 5.341 5.372 5.402 5.432 5.461 5.489 5.517 5.543 5.567 5.591 5.612 5.632 5.650 5.666 5.680 5.692 5.703 5.713 5.723 5.734 5.746 5.761 5.778 5.797 5.819 5.845 5.873 5.904 5.937 5.971 6.006 6.043 6.079 6.115 6.150 6.185 6.218 6.251 6.283 6.314 6.344 6.375 6.407 6.442
4.133 4.197 4.256 4.312 4.365 4.414 4.461 4.508 4.553 4.598 4.642 4.685 4.728 4.771 4.814 4.856 4.898 4.940 4.981 5.022 5.062 5.102 5.140 5.178 5.215 5.251 5.286 5.320 5.352 5.383 5.415 5.446 5.476 5.505 5.534 5.562 5.588 5.614 5.638 5.660 5.680 5.697 5.713 5.726 5.738 5.748 5.757 5.766 5.776 5.787 5.802 5.818 5.837 5.860 5.887 5.917 5.949 5.984 6.020 6.057 6.094 6.131 6.168 6.204 6.239 6.273 6.305 6.337 6.369 6.400 6.433 6.468
4.168 4.231 4.288 4.343 4.394 4.442 4.488 4.533 4.577 4.620 4.663 4.705 4.747 4.788 4.829 4.870 4.911 4.952 4.992 5.032 5.071 5.110 5.148 5.186 5.223 5.258 5.294 5.328 5.360 5.392 5.425 5.456 5.488 5.518 5.548 5.578 5.606 5.633 5.659 5.683 5.706 5.726 5.743 5.759 5.771 5.782 5.791 5.799 5.807 5.817 5.828 5.841 5.857 5.878 5.903 5.932 5.963 5.998 6.034 6.071 6.110 6.148 6.186 6.223 6.259 6.294 6.328 6.361 6.393 6.426 6.458 6.494
4.203 4.263 4.320 4.373 4.423 4.470 4.515 4.559 4.602 4.644 4.685 4.726 4.766 4.806 4.846 4.886 4.925 4.964 5.003 5.042 5.081 5.119 5.156 5.193 5.230 5.265 5.300 5.335 5.368 5.400 5.433 5.465 5.497 5.528 5.559 5.590 5.620 5.649 5.677 5.703 5.727 5.750 5.770 5.787 5.802 5.814 5.824 5.832 5.840 5.848 5.857 5.867 5.881 5.900 5.922 5.949 5.979 6.013 6.049 6.087 6.125 6.165 6.204 6.242 6.279 6.315 6.350 6.384 6.418 6.451 6.484 6.520
4.236 4.296 4.351 4.403 4.452 4.498 4.541 4.585 4.627 4.668 4.708 4.747 4.787 4.825 4.864 4.902 4.940 4.978 5.016 5.054 5.091 5.128 5.164 5.201 5.236 5.272 5.306 5.340 5.373 5.406 5.438 5.471 5.503 5.536 5.568 5.599 5.630 5.661 5.690 5.718 5.745 5.769 5.792 5.811 5.828 5.843 5.854 5.864 5.872 5.879 5.887 5.896 5.908 5.924 5.944 5.969 5.997 6.030 6.065 6.103 6.142 6.181 6.221 6.261 6.299 6.337 6.373 6.408 6.442 6.476 6.510 6.548
4.269 4.327 4.382 4.433 4.481 4.525 4.568 4.611 4.652 4.692 4.731 4.770 4.808 4.846 4.883 4.920 4.957 4.994 5.030 5.066 5.102 5.138 5.174 5.209 5.244 5.278 5.312 5.346 5.378 5.410 5.443 5.475 5.508 5.540 5.573 5.605 5.637 5.669 5.699 5.729 5.758 5.784 5.809 5.831 5.850 5.867 5.881 5.892 5.902 5.910 5.918 5.927 5.937 5.951 5.969 5.991 6.018 6.049 6.083 6.120 6.158 6.198 6.239 6.279 6.319 6.358 6.395 6.432 6.467 6.502 6.537 6.575
4.301 4.358 4.412 4.462 4.509 4.553 4.595 4.637 4.677 4.717 4.755 4.793 4.830 4.867 4.903 4.939 4.975 5.010 5.045 5.081 5.115 5.150 5.184 5.218 5.252 5.285 5.318 5.351 5.383 5.414 5.446 5.478 5.511 5.543 5.576 5.608 5.641 5.673 5.705 5.736 5.766 5.794 5.821 5.845 5.867 5.886 5.903 5.917 5.929 5.939 5.948 5.957 5.967 5.980 5.996 6.017 6.041 6.070 6.102 6.138 6.176 6.216 6.257 6.298 6.339 6.379 6.417 6.455 6.491 6.527 6.563 6.601
4.332 4.388 4.440 4.490 4.536 4.580 4.622 4.663 4.703 4.742 4.779 4.816 4.853 4.889 4.924 4.959 4.994 5.028 5.062 5.096 5.130 5.163 5.196 5.229 5.262 5.294 5.326 5.358 5.388 5.418 5.450 5.481 5.512 5.544 5.576 5.609 5.641 5.674 5.706 5.738 5.769 5.799 5.827 5.854 5.878 5.900 5.919 5.936 5.951 5.964 5.976 5.986 5.997 6.010 6.025 6.044 6.066 6.092 6.123 6.157 6.194 6.234 6.275 6.316 6.358 6.399 6.439 6.477 6.515 6.551 6.587 6.625
4.362 4.417 4.469 4.517 4.563 4.606 4.648 4.689 4.728 4.766 4.804 4.840 4.876 4.911 4.946 4.980 5.014 5.047 5.081 5.113 5.146 5.179 5.211 5.242 5.274 5.305 5.335 5.366 5.395 5.424 5.454 5.484 5.514 5.545 5.576 5.608 5.640 5.672 5.704 5.737 5.768 5.799 5.829 5.857 5.884 5.908 5.931 5.951 5.969 5.985 6.000 6.013 6.025 6.039 6.054 6.072 6.092 6.117 6.145 6.178 6.213 6.252 6.293 6.335 6.377 6.418 6.459 6.499 6.537 6.574 6.609 6.647
4.391 4.445 4.496 4.544 4.589 4.632 4.674 4.714 4.753 4.791 4.828 4.864 4.899 4.933 4.968 5.001 5.034 5.067 5.100 5.132 5.164 5.195 5.226 5.257 5.288 5.318 5.347 5.377 5.405 5.432 5.461 5.489 5.518 5.547 5.576 5.606 5.637 5.669 5.700 5.732 5.764 5.796 5.827 5.856 5.885 5.911 5.937 5.960 5.981 6.001 6.019 6.035 6.050 6.066 6.082 6.099 6.119 6.142 6.168 6.199 6.233 6.271 6.311 6.352 6.395 6.437 6.478 6.519 6.558 6.594 6.629 6.666
4.419 4.472 4.522 4.570 4.615 4.658 4.699 4.739 4.778 4.815 4.852 4.887 4.922 4.956 4.990 5.023 5.055 5.088 5.120 5.151 5.183 5.213 5.244 5.274 5.304 5.333 5.362 5.390 5.417 5.443 5.470 5.497 5.524 5.551 5.579 5.607 5.636 5.665 5.696 5.727 5.758 5.790 5.821 5.852 5.882 5.910 5.938 5.964 5.989 6.012 6.034 6.053 6.071 6.089 6.107 6.125 6.145 6.167 6.192 6.221 6.253 6.289 6.328 6.370 6.412 6.455 6.497 6.537 6.576 6.613 6.649 6.686
4.446 4.498 4.548 4.595 4.640 4.682 4.723 4.763 4.801 4.839 4.875 4.910 4.945 4.978 5.012 5.044 5.077 5.108 5.140 5.171 5.202 5.232 5.263 5.292 5.321 5.350 5.378 5.406 5.432 5.457 5.483 5.509 5.534 5.559 5.584 5.610 5.637 5.664 5.693 5.722 5.752 5.783 5.814 5.845 5.876 5.906 5.935 5.964 5.992 6.019 6.043 6.066 6.088 6.109 6.129 6.149 6.169 6.191 6.215 6.243 6.274 6.308 6.346 6.387 6.429 6.471 6.514 6.555 6.594 6.631 6.667 6.704
