TsunamiDB/out54144.asc
ncols          264
nrows          230
xllcorner      497853.4375
yllcorner      4229146.0000
cellsize         5.
NODATA_value   -99
[rows 170 to 203 of 230, columns 77 to 153 of 264]
6.841 6.849 6.857 6.864 6.871 6.877 6.883 6.888 6.893 6.898 6.903 6.908 6.913 6.918 6.923 6.929 6.934 6.940 6.947 6.954 6.961 6.969 6.977 6.985 6.993 7.002 7.011 7.020 7.029 7.039 7.049 7.059 7.069 7.079 7.089 7.099 7.109 7.118 7.128 7.137 7.146 7.154 7.162 7.170 7.178 7.185 7.191 7.197 7.202 7.207 7.211 7.215 7.219 7.222 7.226 7.229 7.231 7.234 7.237 7.239 7.241 7.243 7.246 7.248 7.250 7.252 7.254 7.256 7.258 7.260 7.262 7.263 7.265 7.266 7.268 7.270 7.271
6.829 6.838 6.847 6.855 6.862 6.869 6.875 6.882 6.887 6.893 6.898 6.903 6.909 6.914 6.919 6.925 6.930 6.936 6.943 6.949 6.957 6.964 6.972 6.980 6.988 6.996 7.005 7.014 7.023 7.033 7.042 7.052 7.062 7.072 7.082 7.092 7.102 7.112 7.122 7.131 7.141 7.149 7.158 7.166 7.174 7.182 7.188 7.194 7.199 7.205 7.209 7.214 7.218 7.221 7.225 7.228 7.231 7.234 7.236 7.239 7.241 7.244 7.246 7.248 7.250 7.252 7.255 7.257 7.259 7.261 7.263 7.265 7.266 7.268 7.270 7.271 7.273
6.816 6.826 6.836 6.844 6.852 6.860 6.867 6.874 6.880 6.886 6.892 6.898 6.903 6.909 6.914 6.920 6.926 6.932 6.938 6.945 6.952 6.959 6.967 6.975 6.983 6.991 6.999 7.008 7.017 7.026 7.036 7.045 7.055 7.065 7.075 7.086 7.096 7.106 7.116 7.125 7.135 7.144 7.153 7.161 7.170 7.178 7.184 7.191 7.197 7.202 7.207 7.212 7.216 7.220 7.224 7.227 7.230 7.233 7.236 7.239 7.241 7.244 7.246 7.248 7.251 7.253 7.255 7.258 7.260 7.262 7.264 7.266 7.268 7.270 7.271 7.273 7.275
6.804 6.814 6.824 6.833 6.842 6.850 6.858 6.865 6.872 6.879 6.885 6.891 6.897 6.903 6.909 6.914 6.920 6.926 6.933 6.939 6.946 6.954 6.962 6.969 6.977 6.985 6.993 7.001 7.010 7.019 7.029 7.038 7.048 7.058 7.068 7.078 7.089 7.099 7.109 7.119 7.128 7.138 7.147 7.156 7.165 7.173 7.180 7.187 7.193 7.199 7.205 7.210 7.214 7.218 7.222 7.226 7.229 7.232 7.236 7.238 7.241 7.244 7.246 7.249 7.251 7.254 7.256 7.259 7.261 7.263 7.265 7.267 7.269 7.271 7.273 7.275 7.277
6.792 6.803 6.813 6.822 6.831 6.840 6.848 6.856 6.864 6.871 6.877 6.884 6.890 6.896 6.903 6.909 6.915 6.921 6.927 6.934 6.941 6.949 6.956 6.963 6.971 6.978 6.987 6.995 7.004 7.013 7.022 7.031 7.041 7.051 7.061 7.071 7.081 7.092 7.102 7.112 7.122 7.132 7.141 7.151 7.160 7.168 7.176 7.183 7.190 7.196 7.202 7.207 7.212 7.217 7.221 7.225 7.228 7.232 7.235 7.238 7.241 7.244 7.246 7.249 7.252 7.254 7.257 7.260 7.262 7.265 7.267 7.269 7.271 7.273 7.275 7.277 7.279
6.782 6.792 6.802 6.812 6.821 6.830 6.839 6.847 6.855 6.862 6.870 6.877 6.883 6.890 6.896 6.902 6.908 6.915 6.921 6.928 6.935 6.943 6.950 6.957 6.965 6.972 6.980 6.988 6.997 7.006 7.015 7.024 7.034 7.044 7.054 7.064 7.074 7.084 7.095 7.105 7.115 7.125 7.135 7.145 7.155 7.163 7.171 7.179 7.186 7.193 7.199 7.205 7.210 7.215 7.219 7.223 7.227 7.231 7.235 7.238 7.241 7.244 7.247 7.250 7.252 7.255 7.258 7.261 7.264 7.266 7.268 7.271 7.273 7.275 7.277 7.280 7.282
6.773 6.783 6.793 6.803 6.812 6.821 6.830 6.838 6.847 6.854 6.862 6.869 6.876 6.883 6.889 6.896 6.902 6.909 6.915 6.922 6.930 6.937 6.944 6.951 6.959 6.966 6.974 6.982 6.990 6.999 7.008 7.017 7.027 7.037 7.046 7.057 7.067 7.077 7.087 7.098 7.108 7.118 7.129 7.139 7.149 7.158 7.166 7.174 7.182 7.189 7.196 7.202 7.208 7.213 7.218 7.222 7.226 7.230 7.234 7.238 7.241 7.244 7.247 7.250 7.253 7.256 7.260 7.263 7.265 7.268 7.270 7.273 7.275 7.278 7.280 7.282 7.285
6.765 6.775 6.785 6.795 6.804 6.813 6.822 6.830 6.839 6.847 6.855 6.862 6.869 6.876 6.883 6.890 6.896 6.903 6.910 6.917 6.924 6.932 6.938 6.945 6.953 6.960 6.968 6.976 6.984 6.993 7.001 7.011 7.020 7.030 7.039 7.049 7.060 7.070 7.080 7.091 7.101 7.112 7.122 7.133 7.143 7.152 7.161 7.170 7.178 7.185 7.192 7.199 7.205 7.211 7.216 7.221 7.226 7.230 7.234 7.238 7.241 7.245 7.248 7.251 7.255 7.258 7.261 7.265 7.267 7.270 7.273 7.275 7.278 7.280 7.283 7.285 7.288
6.760 6.769 6.779 6.788 6.797 6.806 6.815 6.824 6.832 6.840 6.848 6.856 6.863 6.870 6.877 6.884 6.891 6.898 6.904 6.912 6.919 6.926 6.933 6.940 6.947 6.955 6.962 6.970 6.978 6.987 6.995 7.004 7.013 7.023 7.033 7.043 7.053 7.063 7.074 7.084 7.095 7.105 7.116 7.127 7.137 7.147 7.156 7.165 7.174 7.182 7.189 7.196 7.203 7.209 7.215 7.220 7.225 7.230 7.234 7.238 7.242 7.246 7.249 7.253 7.256 7.260 7.263 7.267 7.270 7.273 7.275 7.278 7.281 7.284 7.286 7.289 7.291
6.756 6.765 6.774 6.783 6.792 6.800 6.809 6.818 6.826 6.834 6.842 6.850 6.858 6.865 6.872 6.879 6.886 6.893 6.900 6.907 6.914 6.921 6.928 6.935 6.942 6.949 6.957 6.965 6.973 6.981 6.989 6.998 7.007 7.017 7.026 7.036 7.046 7.057 7.067 7.078 7.088 7.099 7.110 7.121 7.132 7.142 7.151 7.161 7.169 7.178 7.186 7.194 7.201 7.207 7.213 7.219 7.224 7.229 7.234 7.239 7.243 7.247 7.251 7.254 7.258 7.262 7.266 7.269 7.272 7.275 7.278 7.281 7.284 7.287 7.290 7.293 7.296
6.753 6.762 6.770 6.779 6.788 6.796 6.805 6.813 6.821 6.829 6.837 6.845 6.853 6.860 6.868 6.875 6.882 6.889 6.896 6.903 6.910 6.917 6.924 6.931 6.938 6.945 6.952 6.960 6.968 6.976 6.984 6.993 7.002 7.011 7.021 7.030 7.040 7.051 7.061 7.072 7.082 7.093 7.104 7.115 7.126 7.136 7.146 7.156 7.165 7.174 7.183 7.191 7.198 7.205 7.212 7.218 7.224 7.229 7.235 7.239 7.244 7.248 7.252 7.256 7.260 7.264 7.268 7.272 7.275 7.279 7.282 7.285 7.288 7.291 7.294 7.297 7.300
6.752 6.760 6.768 6.776 6.785 6.793 6.801 6.809 6.818 6.826 6.834 6.841 6.849 6.857 6.864 6.871 6.878 6.885 6.892 6.899 6.907 6.914 6.920 6.927 6.934 6.941 6.948 6.956 6.963 6.971 6.980 6.988 6.997 7.006 7.016 7.025 7.035 7.045 7.056 7.066 7.077 7.087 7.098 7.110 7.121 7.131 7.142 7.152 7.161 7.171 7.180 7.188 7.196 7.204 7.211 7.218 7.224 7.230 7.235 7.240 7.245 7.250 7.254 7.259 7.263 7.267 7.271 7.275 7.279 7.282 7.286 7.289 7.292 7.296 7.299 7.302 7.305
6.751 6.759 6.767 6.775 6.783 6.791 6.799 6.807 6.815 6.823 6.831 6.838 6.846 6.854 6.861 6.868 6.875 6.882 6.889 6.896 6.904 6.911 6.918 6.924 6.931 6.938 6.945 6.952 6.960 6.968 6.976 6.984 6.993 7.002 7.011 7.021 7.031 7.041 7.051 7.061 7.072 7.083 7.094 7.105 7.116 7.127 7.137 7.148 7.158 7.167 7.177 7.186 7.194 7.202 7.210 7.217 7.224 7.230 7.236 7.242 7.247 7.252 7.257 7.261 7.266 7.270 7.275 7.279 7.283 7.286 7.290 7.294 7.297 7.301 7.304 7.308 7.311
6.752 6.759 6.767 6.774 6.782 6.790 6.797 6.805 6.813 6.821 6.829 6.836 6.844 6.851 6.859 6.866 6.873 6.880 6.887 6.894 6.902 6.909 6.916 6.922 6.929 6.936 6.943 6.950 6.957 6.965 6.973 6.981 6.990 6.998 7.008 7.017 7.027 7.036 7.047 7.057 7.067 7.078 7.089 7.101 7.112 7.123 7.133 7.144 7.154 7.164 7.174 7.183 7.192 7.201 7.209 7.217 7.224 7.231 7.237 7.243 7.249 7.254 7.259 7.264 7.269 7.273 7.278 7.283 7.287 7.291 7.295 7.298 7.302 7.306 7.310 7.313 7.317
6.753 6.760 6.767 6.775 6.782 6.789 6.797 6.804 6.812 6.820 6.827 6.835 6.842 6.850 6.857 6.865 6.872 6.879 6.886 6.893 6.901 6.908 6.914 6.921 6.927 6.934 6.941 6.948 6.955 6.963 6.971 6.979 6.987 6.996 7.005 7.014 7.023 7.033 7.043 7.053 7.064 7.075 7.085 7.097 7.108 7.119 7.130 7.141 7.151 7.162 7.172 7.181 7.191 7.200 7.208 7.217 7.224 7.232 7.238 7.245 7.251 7.256 7.262 7.267 7.272 7.277 7.282 7.287 7.291 7.296 7.300 7.304 7.308 7.312 7.316 7.320 7.324
6.755 6.762 6.769 6.776 6.783 6.790 6.797 6.804 6.812 6.819 6.827 6.834 6.842 6.849 6.856 6.864 6.871 6.878 6.885 6.892 6.900 6.907 6.913 6.920 6.927 6.933 6.940 6.947 6.954 6.961 6.969 6.977 6.985 6.994 7.002 7.012 7.021 7.031 7.040 7.051 7.061 7.072 7.082 7.094 7.105 7.116 7.127 7.138 7.149 7.159 7.170 7.180 7.190 7.199 7.208 7.217 7.225 7.233 7.240 7.247 7.253 7.259 7.265 7.271 7.276 7.281 7.287 7.292 7.296 7.301 7.305 7.309 7.313 7.318 7.322 7.326 7.330
6.758 6.764 6.771 6.777 6.784 6.791 6.798 6.805 6.812 6.819 6.827 6.834 6.841 6.849 6.856 6.863 6.870 6.878 6.885 6.892 6.900 6.907 6.913 6.920 6.926 6.933 6.940 6.946 6.953 6.961 6.968 6.976 6.984 6.992 7.001 7.010 7.019 7.029 7.038 7.048 7.059 7.069 7.080 7.091 7.103 7.114 7.124 7.135 7.146 7.157 7.168 7.178 7.188 7.198 7.208 7.217 7.225 7.234 7.241 7.249 7.256 7.262 7.268 7.274 7.280 7.286 7.291 7.297 7.301 7.306 7.311 7.315 7.320 7.324 7.329 7.333 7.338
6.761 6.767 6.773 6.780 6.786 6.793 6.799 6.806 6.813 6.820 6.827 6.834 6.842 6.849 6.856 6.863 6.871 6.878 6.885 6.892 6.900 6.907 6.913 6.920 6.927 6.933 6.940 6.946 6.953 6.960 6.968 6.976 6.983 6.992 7.000 7.009 7.018 7.027 7.037 7.047 7.057 7.068 7.078 7.090 7.101 7.112 7.123 7.134 7.145 7.156 7.166 7.177 7.188 7.198 7.208 7.217 7.226 7.235 7.243 7.251 7.258 7.265 7.272 7.278 7.284 7.290 7.296 7.302 7.307 7.312 7.317 7.321 7.326 7.331 7.336 7.340 7.345
6.765 6.771 6.776 6.782 6.789 6.795 6.801 6.808 6.814 6.821 6.828 6.835 6.842 6.849 6.857 6.864 6.871 6.878 6.885 6.893 6.900 6.908 6.914 6.921 6.927 6.934 6.940 6.947 6.954 6.961 6.968 6.976 6.983 6.992 7.000 7.009 7.018 7.027 7.036 7.046 7.056 7.066 7.077 7.088 7.100 7.110 7.121 7.132 7.143 7.154 7.165 7.176 7.187 7.198 7.208 7.218 7.227 7.236 7.245 7.253 7.261 7.269 7.276 7.282 7.289 7.295 7.302 7.307 7.313 7.318 7.323 7.328 7.333 7.338 7.343 7.348 7.353
6.769 6.774 6.780 6.786 6.792 6.798 6.804 6.810 6.816 6.823 6.830 6.837 6.843 6.850 6.858 6.865 6.872 6.879 6.886 6.894 6.901 6.908 6.915 6.922 6.928 6.935 6.941 6.948 6.955 6.962 6.969 6.976 6.984 6.992 7.000 7.009 7.018 7.027 7.036 7.046 7.056 7.066 7.077 7.088 7.099 7.110 7.120 7.131 7.142 7.154 7.165 7.176 7.187 7.197 7.208 7.218 7.228 7.238 7.247 7.256 7.264 7.272 7.280 7.287 7.294 7.300 7.307 7.313 7.319 7.324 7.329 7.335 7.340 7.345 7.351 7.356 7.362
6.773 6.779 6.784 6.789 6.795 6.801 6.807 6.813 6.819 6.825 6.832 6.838 6.845 6.852 6.859 6.866 6.873 6.880 6.887 6.895 6.902 6.910 6.916 6.923 6.929 6.936 6.943 6.949 6.956 6.963 6.970 6.977 6.985 6.993 7.001 7.009 7.018 7.027 7.036 7.046 7.056 7.066 7.077 7.088 7.099 7.109 7.120 7.131 7.142 7.153 7.164 7.176 7.187 7.198 7.209 7.219 7.230 7.240 7.249 7.259 7.267 7.276 7.284 7.291 7.298 7.306 7.313 7.319 7.325 7.331 7.336 7.342 7.348 7.353 7.359 7.365 7.370
6.778 6.783 6.788 6.793 6.799 6.804 6.810 6.816 6.822 6.828 6.834 6.841 6.847 6.854 6.860 6.867 6.874 6.881 6.889 6.896 6.904 6.911 6.918 6.924 6.931 6.937 6.944 6.951 6.957 6.964 6.971 6.979 6.986 6.994 7.002 7.010 7.019 7.028 7.037 7.047 7.056 7.067 7.077 7.088 7.099 7.109 7.120 7.131 7.142 7.153 7.164 7.176 7.187 7.198 7.209 7.220 7.231 7.241 7.251 7.261 7.270 7.279 7.288 7.296 7.303 7.311 7.319 7.325 7.331 7.338 7.343 7.349 7.355 7.361 7.367 7.373 7.380
6.783 6.788 6.793 6.798 6.803 6.808 6.814 6.819 6.825 6.831 6.837 6.843 6.850 6.856 6.863 6.869 6.876 6.883 6.890 6.898 6.906 6.912 6.919 6.926 6.932 6.939 6.946 6.952 6.959 6.966 6.973 6.980 6.988 6.996 7.004 7.012 7.020 7.029 7.038 7.048 7.057 7.068 7.078 7.089 7.099 7.110 7.121 7.131 7.142 7.154 7.165 7.176 7.187 7.199 7.210 7.221 7.232 7.243 7.253 7.264 7.273 7.283 7.292 7.300 7.309 7.317 7.324 7.331 7.338 7.345 7.351 7.357 7.363 7.370 7.376 7.383 7.389
6.788 6.793 6.798 6.803 6.808 6.813 6.818 6.823 6.829 6.835 6.840 6.846 6.852 6.859 6.865 6.872 6.878 6.885 6.892 6.900 6.907 6.914 6.921 6.927 6.934 6.941 6.947 6.954 6.961 6.968 6.975 6.982 6.990 6.997 7.005 7.014 7.022 7.031 7.040 7.049 7.059 7.069 7.079 7.090 7.100 7.111 7.121 7.132 7.143 7.154 7.165 7.177 7.188 7.200 7.211 7.222 7.234 7.245 7.256 7.266 7.276 7.286 7.296 7.305 7.314 7.322 7.330 7.338 7.345 7.352 7.358 7.365 7.372 7.378 7.385 7.392 7.399
6.794 6.799 6.803 6.808 6.813 6.818 6.823 6.828 6.833 6.839 6.844 6.850 6.856 6.862 6.868 6.874 6.881 6.888 6.895 6.902 6.909 6.916 6.923 6.929 6.936 6.943 6.949 6.956 6.963 6.970 6.977 6.984 6.992 6.999 7.007 7.015 7.024 7.033 7.042 7.051 7.060 7.070 7.081 7.091 7.102 7.112 7.123 7.133 7.144 7.155 7.166 7.178 7.189 7.201 7.212 7.224 7.235 7.246 7.258 7.268 7.279 7.290 7.300 7.309 7.318 7.328 7.336 7.344 7.352 7.359 7.366 7.373 7.380 7.387 7.394 7.402 7.409
6.800 6.805 6.809 6.814 6.818 6.823 6.828 6.833 6.838 6.843 6.848 6.854 6.859 6.865 6.871 6.877 6.884 6.890 6.897 6.904 6.912 6.918 6.925 6.932 6.938 6.945 6.952 6.958 6.965 6.972 6.979 6.986 6.994 7.001 7.009 7.017 7.026 7.035 7.044 7.053 7.062 7.072 7.083 7.093 7.103 7.114 7.124 7.135 7.146 7.157 7.168 7.179 7.190 7.202 7.213 7.225 7.237 7.248 7.260 7.271 7.282 7.293 7.303 7.313 7.323 7.333 7.342 7.351 7.359 7.366 7.374 7.381 7.389 7.396 7.404 7.411 7.419
6.807 6.811 6.815 6.820 6.824 6.829 6.833 6.838 6.843 6.848 6.853 6.858 6.864 6.869 6.875 6.881 6.887 6.894 6.900 6.907 6.914 6.921 6.927 6.934 6.941 6.947 6.954 6.961 6.967 6.974 6.981 6.989 6.996 7.004 7.012 7.020 7.028 7.037 7.046 7.055 7.064 7.074 7.085 7.095 7.105 7.116 7.126 7.137 7.147 7.158 7.169 7.181 7.192 7.203 7.215 7.226 7.238 7.250 7.262 7.273 7.285 7.296 7.307 7.317 7.328 7.338 7.348 7.357 7.365 7.374 7.382 7.389 7.397 7.405 7.413 7.421 7.429
6.813 6.818 6.822 6.826 6.830 6.835 6.839 6.844 6.848 6.853 6.858 6.863 6.868 6.874 6.879 6.885 6.891 6.897 6.904 6.910 6.917 6.924 6.930 6.937 6.943 6.950 6.956 6.963 6.970 6.977 6.984 6.991 6.999 7.006 7.014 7.022 7.031 7.039 7.048 7.057 7.067 7.077 7.087 7.097 7.107 7.118 7.128 7.139 7.149 7.160 7.171 7.182 7.194 7.205 7.217 7.228 7.240 7.252 7.264 7.275 7.287 7.299 7.310 7.321 7.332 7.343 7.353 7.363 7.372 7.381 7.389 7.398 7.406 7.414 7.422 7.431 7.438
6.821 6.824 6.828 6.833 6.837 6.841 6.845 6.850 6.854 6.859 6.864 6.868 6.873 6.879 6.884 6.890 6.895 6.901 6.907 6.914 6.921 6.927 6.933 6.940 6.946 6.952 6.959 6.966 6.973 6.979 6.987 6.994 7.001 7.009 7.017 7.025 7.033 7.042 7.051 7.060 7.069 7.079 7.090 7.100 7.110 7.120 7.131 7.141 7.152 7.163 7.173 7.185 7.196 7.207 7.219 7.230 7.242 7.254 7.266 7.278 7.290 7.302 7.313 7.325 7.336 7.348 7.358 7.369 7.378 7.388 7.397 7.405 7.414 7.423 7.431 7.440 7.448
6.828 6.832 6.836 6.840 6.844 6.848 6.852 6.856 6.860 6.865 6.869 6.874 6.879 6.884 6.889 6.895 6.900 6.906 6.912 6.918 6.925 6.931 6.937 6.943 6.949 6.956 6.962 6.969 6.975 6.982 6.989 6.997 7.004 7.012 7.020 7.028 7.036 7.045 7.054 7.063 7.072 7.082 7.092 7.103 7.113 7.123 7.133 7.144 7.154 7.165 7.176 7.187 7.198 7.209 7.221 7.233 7.244 7.256 7.268 7.280 7.292 7.304 7.316 7.328 7.340 7.352 7.363 7.374 7.384 7.394 7.404 7.413 7.422 7.431 7.440 7.449 7.457
6.836 6.839 6.843 6.847 6.851 6.855 6.859 6.863 6.867 6.871 6.876 6.880 6.885 6.890 6.895 6.900 6.905 6.911 6.917 6.923 6.929 6.935 6.941 6.947 6.953 6.959 6.965 6.972 6.979 6.985 6.992 7.000 7.007 7.015 7.023 7.031 7.039 7.048 7.057 7.066 7.075 7.085 7.095 7.106 7.116 7.126 7.136 7.147 7.157 7.168 7.179 7.190 7.201 7.212 7.224 7.235 7.247 7.259 7.271 7.283 7.295 7.307 7.320 7.332 7.344 7.356 7.368 7.379 7.390 7.401 7.411 7.421 7.430 7.440 7.449 7.458 7.466
6.844 6.847 6.851 6.854 6.858 6.862 6.866 6.870 6.874 6.878 6.883 6.887 6.891 6.896 6.901 6.906 6.911 6.916 6.922 6.928 6.934 6.939 6.945 6.951 6.957 6.963 6.969 6.975 6.982 6.989 6.996 7.003 7.010 7.018 7.026 7.034 7.042 7.051 7.060 7.069 7.078 7.088 7.099 7.109 7.119 7.129 7.140 7.150 7.161 7.171 7.182 7.193 7.204 7.215 7.227 7.238 7.250 7.262 7.274 7.286 7.298 7.310 7.323 7.335 7.348 7.360 7.373 7.384 7.396 7.407 7.417 7.427 7.438 7.447 7.457 7.466 7.474
6.852 6.855 6.859 6.862 6.866 6.870 6.873 6.877 6.881 6.885 6.890 6.894 6.898 6.903 6.907 6.912 6.917 6.922 6.928 6.933 6.939 6.945 6.950 6.956 6.961 6.967 6.973 6.979 6.986 6.992 6.999 7.006 7.013 7.021 7.029 7.037 7.046 7.054 7.063 7.072 7.082 7.092 7.102 7.113 7.123 7.133 7.143 7.154 7.164 7.175 7.186 7.197 7.208 7.219 7.230 7.242 7.253 7.265 7.277 7.289 7.301 7.314 7.326 7.339 7.352 7.365 7.377 7.389 7.401 7.412 7.423 7.434 7.444 7.455 7.464 7.474 7.483
6.860 6.864 6.867 6.870 6.874 6.878 6.881 6.885 6.889 6.893 6.897 6.901 6.905 6.910 6.914 6.919 6.924 6.929 6.934 6.939 6.945 6.950 6.955 6.961 6.966 6.972 6.978 6.984 6.990 6.996 7.003 7.010 7.017 7.025 7.032 7.041 7.049 7.058 7.067 7.076 7.086 7.096 7.106 7.116 7.127 7.137 7.147 7.158 7.168 7.179 7.190 7.201 7.212 7.223 7.234 7.245 7.257 7.269 7.281 7.293 7.305 7.317 7.330 7.343 7.356 7.369 7.382 7.394 7.406 7.418 7.429 7.440 7.451 7.461 7.472 7.482 7.491
