TsunamiDB/out54072.asc
ncols          264
nrows          230
xllcorner      497853.4375
yllcorner      4229146.0000
cellsize         5.
NODATA_value   -99
[rows 170 to 203 of 230, columns 0 to 74 of 264]
-99.000 -99.000 -99.000 -99.000 -99.000 -99.000 -99.000 1.651 1.671 1.765 1.956 2.219 2.516 2.811 3.076 3.298 3.479 3.624 3.742 3.841 3.927 4.004 4.073 4.137 4.197 4.253 4.306 4.356 4.403 4.447 4.489 4.530 4.570 4.608 4.644 4.680 4.714 4.748 4.781 4.813 4.844 4.875 4.905 4.935 4.965 4.994 5.022 5.051 5.079 5.107 5.135 5.162 5.189 5.216 5.242 5.268 5.295 5.321 5.347 5.373 5.398 5.423 5.448 5.473 5.497 5.522 5.545 5.569 5.592 5.614 5.636 5.658 5.679 5.700 5.720
-99.000 -99.000 -99.000 -99.000 -99.000 -99.000 1.650 1.655 1.701 1.841 2.069 2.352 2.652 2.935 3.181 3.384 3.546 3.678 3.787 3.880 3.962 4.036 4.103 4.166 4.225 4.281 4.333 4.382 4.429 4.472 4.514 4.555 4.594 4.632 4.668 4.703 4.737 4.770 4.802 4.834 4.865 4.895 4.924 4.954 4.982 5.011 5.039 5.067 5.094 5.121 5.148 5.175 5.201 5.227 5.252 5.278 5.304 5.330 5.355 5.381 5.406 5.431 5.456 5.480 5.505 5.529 5.553 5.576 5.600 5.622 5.645 5.667 5.689 5.710 5.730
-99.000 -99.000 -99.000 -99.000 -99.000 -99.000 1.651 1.667 1.753 1.936 2.195 2.490 2.785 3.052 3.278 3.460 3.608 3.728 3.829 3.917 3.995 4.066 4.133 4.194 4.252 4.307 4.359 4.408 4.454 4.498 4.539 4.580 4.618 4.655 4.691 4.726 4.760 4.792 4.824 4.855 4.886 4.915 4.944 4.973 5.001 5.029 5.056 5.083 5.110 5.136 5.162 5.188 5.214 5.238 5.263 5.289 5.314 5.339 5.364 5.389 5.414 5.439 5.463 5.487 5.512 5.536 5.560 5.583 5.607 5.630 5.653 5.675 5.697 5.718 5.739
-99.000 -99.000 -99.000 -99.000 -99.000 1.651 1.654 1.695 1.827 2.050 2.330 2.629 2.913 3.161 3.365 3.530 3.663 3.773 3.867 3.951 4.026 4.096 4.161 4.221 4.279 4.333 4.384 4.433 4.479 4.522 4.563 4.604 4.642 4.679 4.715 4.749 4.783 4.815 4.846 4.877 4.907 4.936 4.965 4.993 5.020 5.047 5.074 5.100 5.126 5.152 5.178 5.203 5.227 5.251 5.275 5.300 5.324 5.349 5.373 5.398 5.422 5.446 5.470 5.494 5.518 5.542 5.566 5.590 5.613 5.636 5.659 5.682 5.705 5.726 5.748
-99.000 -99.000 -99.000 -99.000 -99.000 1.651 1.664 1.744 1.922 2.176 2.470 2.765 3.033 3.259 3.443 3.592 3.713 3.815 3.903 3.983 4.056 4.124 4.187 4.247 4.304 4.358 4.409 4.457 4.503 4.546 4.587 4.627 4.665 4.702 4.738 4.772 4.805 4.837 4.868 4.899 4.928 4.957 4.985 5.013 5.040 5.066 5.093 5.118 5.144 5.169 5.194 5.218 5.241 5.264 5.288 5.312 5.336 5.359 5.383 5.407 5.430 5.454 5.478 5.501 5.525 5.549 5.572 5.596 5.619 5.643 5.666 5.689 5.711 5.733 5.755
-99.000 -99.000 -99.000 -99.000 1.651 1.654 1.690 1.817 2.035 2.313 2.611 2.895 3.143 3.348 3.514 3.647 3.758 3.853 3.937 4.013 4.084 4.150 4.213 4.272 4.328 4.381 4.432 4.480 4.526 4.569 4.610 4.650 4.688 4.725 4.760 4.795 4.828 4.859 4.890 4.921 4.950 4.978 5.006 5.033 5.060 5.086 5.112 5.137 5.162 5.186 5.210 5.234 5.257 5.279 5.302 5.325 5.348 5.371 5.394 5.417 5.440 5.463 5.486 5.509 5.532 5.555 5.579 5.602 5.625 5.648 5.671 5.694 5.717 5.740 5.762
-99.000 -99.000 -99.000 -99.000 1.651 1.664 1.738 1.911 2.162 2.454 2.749 3.017 3.244 3.428 3.576 3.697 3.799 3.888 3.968 4.042 4.110 4.175 4.237 4.295 4.351 4.404 4.454 4.502 4.548 4.591 4.632 4.672 4.710 4.747 4.782 4.817 4.849 4.881 4.912 4.942 4.971 5.000 5.027 5.054 5.081 5.106 5.132 5.156 5.181 5.205 5.228 5.252 5.274 5.295 5.317 5.340 5.362 5.384 5.406 5.428 5.450 5.472 5.495 5.517 5.540 5.562 5.585 5.608 5.631 5.654 5.677 5.700 5.723 5.745 5.768
-99.000 -99.000 -99.000 1.651 1.654 1.688 1.809 2.024 2.299 2.596 2.880 3.129 3.334 3.499 3.633 3.743 3.837 3.921 3.998 4.069 4.136 4.199 4.260 4.317 4.372 4.425 4.475 4.523 4.569 4.612 4.653 4.693 4.732 4.768 4.804 4.838 4.871 4.903 4.933 4.963 4.992 5.021 5.048 5.075 5.101 5.127 5.152 5.176 5.200 5.224 5.247 5.270 5.291 5.312 5.334 5.355 5.377 5.398 5.419 5.441 5.462 5.483 5.505 5.526 5.548 5.570 5.592 5.615 5.637 5.660 5.682 5.705 5.728 5.750 5.773
-99.000 -99.000 -99.000 1.651 1.662 1.734 1.902 2.151 2.441 2.735 3.004 3.231 3.415 3.563 3.683 3.784 3.872 3.952 4.025 4.094 4.159 4.221 4.281 4.338 4.393 4.445 4.495 4.543 4.589 4.632 4.673 4.713 4.752 4.789 4.824 4.858 4.891 4.923 4.954 4.984 5.013 5.041 5.069 5.095 5.121 5.147 5.172 5.196 5.220 5.243 5.266 5.288 5.310 5.330 5.351 5.372 5.393 5.414 5.434 5.454 5.475 5.495 5.516 5.537 5.558 5.579 5.600 5.622 5.644 5.666 5.688 5.710 5.732 5.755 5.777
-99.000 -99.000 1.651 1.653 1.686 1.804 2.014 2.288 2.584 2.868 3.117 3.322 3.487 3.619 3.729 3.822 3.905 3.981 4.051 4.118 4.182 4.243 4.301 4.358 4.412 4.464 4.514 4.562 4.608 4.651 4.692 4.732 4.771 4.808 4.844 4.878 4.911 4.943 4.974 5.004 5.033 5.061 5.089 5.115 5.141 5.167 5.192 5.216 5.239 5.263 5.285 5.308 5.329 5.349 5.370 5.390 5.410 5.431 5.450 5.470 5.490 5.509 5.529 5.549 5.569 5.589 5.609 5.630 5.651 5.672 5.694 5.716 5.737 5.760 5.782
-99.000 -99.000 1.651 1.661 1.730 1.896 2.141 2.430 2.724 2.992 3.219 3.403 3.551 3.670 3.770 3.857 3.935 4.008 4.076 4.141 4.203 4.263 4.320 4.376 4.430 4.481 4.531 4.579 4.625 4.668 4.709 4.750 4.789 4.826 4.862 4.896 4.930 4.962 4.993 5.023 5.052 5.080 5.108 5.135 5.161 5.186 5.211 5.235 5.259 5.282 5.305 5.327 5.348 5.368 5.389 5.409 5.429 5.449 5.468 5.487 5.506 5.525 5.544 5.563 5.582 5.601 5.620 5.640 5.660 5.680 5.701 5.722 5.743 5.765 5.786
-99.000 1.651 1.653 1.683 1.798 2.006 2.277 2.573 2.857 3.106 3.311 3.476 3.608 3.716 3.808 3.890 3.964 4.034 4.099 4.162 4.223 4.282 4.338 4.393 4.446 4.498 4.547 4.595 4.641 4.684 4.726 4.766 4.806 4.843 4.879 4.914 4.947 4.980 5.011 5.041 5.070 5.099 5.127 5.153 5.180 5.205 5.230 5.254 5.278 5.301 5.324 5.346 5.367 5.387 5.408 5.428 5.448 5.468 5.487 5.505 5.524 5.542 5.560 5.578 5.596 5.614 5.633 5.651 5.670 5.689 5.709 5.729 5.750 5.770 5.792
-99.000 1.651 1.660 1.726 1.888 2.131 2.418 2.712 2.981 3.209 3.393 3.540 3.659 3.758 3.844 3.920 3.991 4.058 4.122 4.183 4.242 4.299 4.355 4.409 4.462 4.513 4.562 4.610 4.656 4.699 4.741 4.782 4.821 4.859 4.895 4.930 4.964 4.996 5.028 5.058 5.088 5.116 5.144 5.171 5.197 5.223 5.248 5.273 5.296 5.320 5.343 5.365 5.386 5.407 5.428 5.448 5.468 5.487 5.506 5.525 5.543 5.561 5.578 5.596 5.613 5.630 5.647 5.665 5.683 5.701 5.719 5.738 5.757 5.777 5.797
1.651 1.653 1.681 1.791 1.996 2.266 2.560 2.845 3.094 3.301 3.466 3.597 3.705 3.796 3.877 3.949 4.017 4.081 4.143 4.203 4.260 4.316 4.371 4.424 4.476 4.527 4.575 4.623 4.669 4.712 4.754 4.795 4.835 4.873 4.910 4.945 4.979 5.012 5.043 5.074 5.104 5.133 5.161 5.188 5.214 5.240 5.265 5.290 5.314 5.338 5.361 5.384 5.405 5.426 5.447 5.467 5.488 5.507 5.526 5.545 5.563 5.581 5.598 5.615 5.631 5.648 5.664 5.681 5.697 5.714 5.731 5.749 5.767 5.785 5.805
1.651 1.659 1.721 1.879 2.119 2.405 2.698 2.968 3.197 3.383 3.530 3.649 3.747 3.832 3.908 3.977 4.042 4.104 4.164 4.221 4.278 4.333 4.386 4.439 4.490 4.539 4.588 4.635 4.681 4.724 4.766 4.808 4.848 4.886 4.923 4.959 4.993 5.026 5.058 5.089 5.119 5.148 5.176 5.203 5.230 5.256 5.282 5.306 5.331 5.355 5.378 5.401 5.423 5.444 5.465 5.486 5.507 5.527 5.546 5.565 5.583 5.601 5.618 5.635 5.651 5.667 5.683 5.698 5.714 5.730 5.745 5.762 5.778 5.796 5.814
1.652 1.678 1.783 1.984 2.251 2.545 2.830 3.082 3.290 3.456 3.588 3.696 3.786 3.865 3.937 4.003 4.066 4.126 4.184 4.240 4.295 4.348 4.401 4.452 4.502 4.551 4.599 4.646 4.692 4.735 4.777 4.819 4.859 4.898 4.935 4.971 5.005 5.039 5.071 5.102 5.132 5.162 5.190 5.218 5.245 5.271 5.297 5.322 5.346 5.371 5.394 5.418 5.440 5.461 5.483 5.505 5.526 5.546 5.566 5.585 5.604 5.622 5.639 5.656 5.672 5.688 5.703 5.718 5.733 5.747 5.762 5.777 5.792 5.808 5.825
1.658 1.715 1.867 2.104 2.389 2.682 2.954 3.185 3.372 3.521 3.640 3.739 3.823 3.897 3.965 4.029 4.089 4.147 4.203 4.258 4.311 4.363 4.415 4.465 4.514 4.563 4.610 4.656 4.702 4.745 4.787 4.829 4.869 4.908 4.945 4.982 5.017 5.050 5.083 5.114 5.145 5.174 5.203 5.231 5.258 5.285 5.311 5.336 5.361 5.386 5.410 5.433 5.456 5.478 5.500 5.522 5.544 5.565 5.585 5.605 5.624 5.642 5.660 5.677 5.694 5.709 5.724 5.739 5.753 5.767 5.781 5.795 5.809 5.823 5.838
1.674 1.774 1.969 2.233 2.527 2.813 3.067 3.278 3.446 3.580 3.688 3.778 3.857 3.927 3.992 4.053 4.112 4.168 4.222 4.275 4.327 4.378 4.428 4.477 4.526 4.573 4.620 4.666 4.711 4.753 4.796 4.837 4.878 4.917 4.955 4.991 5.027 5.061 5.094 5.125 5.156 5.186 5.215 5.243 5.270 5.297 5.324 5.349 5.375 5.399 5.424 5.448 5.471 5.493 5.516 5.539 5.561 5.582 5.603 5.623 5.643 5.662 5.681 5.698 5.715 5.731 5.746 5.761 5.775 5.789 5.802 5.815 5.828 5.841 5.855
1.708 1.854 2.085 2.368 2.663 2.936 3.171 3.361 3.512 3.632 3.731 3.815 3.889 3.956 4.019 4.078 4.134 4.188 4.241 4.293 4.343 4.393 4.442 4.490 4.537 4.584 4.630 4.675 4.718 4.761 4.803 4.845 4.885 4.925 4.963 5.000 5.035 5.070 5.103 5.135 5.166 5.196 5.225 5.254 5.282 5.309 5.335 5.361 5.387 5.412 5.437 5.462 5.485 5.508 5.531 5.554 5.577 5.599 5.620 5.641 5.661 5.681 5.700 5.718 5.736 5.752 5.768 5.783 5.798 5.811 5.824 5.837 5.849 5.861 5.874
1.763 1.951 2.211 2.504 2.793 3.050 3.264 3.435 3.571 3.681 3.771 3.850 3.920 3.984 4.044 4.101 4.156 4.209 4.260 4.310 4.359 4.407 4.455 4.502 4.548 4.594 4.639 4.683 4.726 4.768 4.810 4.852 4.892 4.931 4.969 5.006 5.042 5.077 5.111 5.143 5.175 5.205 5.235 5.264 5.292 5.319 5.346 5.373 5.399 5.424 5.450 5.474 5.498 5.521 5.545 5.568 5.591 5.614 5.636 5.657 5.678 5.699 5.718 5.737 5.755 5.773 5.789 5.805 5.820 5.834 5.847 5.860 5.872 5.883 5.895
1.837 2.063 2.343 2.638 2.916 3.153 3.348 3.502 3.625 3.725 3.809 3.883 3.950 4.011 4.069 4.124 4.177 4.229 4.279 4.327 4.375 4.422 4.468 4.514 4.559 4.603 4.647 4.691 4.733 4.775 4.816 4.857 4.898 4.937 4.975 5.012 5.048 5.083 5.117 5.150 5.182 5.213 5.243 5.272 5.301 5.329 5.356 5.383 5.409 5.435 5.461 5.486 5.509 5.534 5.558 5.582 5.605 5.628 5.650 5.672 5.694 5.715 5.735 5.755 5.774 5.792 5.809 5.826 5.842 5.856 5.870 5.883 5.895 5.907 5.918
1.930 2.185 2.476 2.767 3.029 3.247 3.423 3.562 3.674 3.766 3.845 3.915 3.978 4.038 4.094 4.147 4.199 4.249 4.297 4.345 4.391 4.437 4.482 4.526 4.570 4.613 4.656 4.699 4.740 4.781 4.822 4.863 4.902 4.942 4.980 5.017 5.053 5.089 5.123 5.156 5.188 5.220 5.250 5.280 5.309 5.337 5.365 5.392 5.419 5.445 5.472 5.496 5.520 5.545 5.570 5.594 5.617 5.641 5.664 5.686 5.708 5.730 5.751 5.771 5.791 5.810 5.828 5.846 5.862 5.878 5.893 5.906 5.919 5.931 5.942
2.036 2.313 2.608 2.889 3.134 3.332 3.491 3.617 3.719 3.804 3.878 3.945 4.006 4.064 4.118 4.170 4.220 4.269 4.316 4.362 4.408 4.452 4.496 4.539 4.582 4.624 4.666 4.707 4.747 4.787 4.828 4.868 4.907 4.946 4.984 5.021 5.057 5.093 5.127 5.161 5.193 5.225 5.256 5.286 5.315 5.344 5.373 5.400 5.428 5.454 5.481 5.506 5.530 5.556 5.580 5.605 5.629 5.652 5.676 5.699 5.721 5.743 5.765 5.786 5.806 5.826 5.845 5.864 5.881 5.898 5.914 5.928 5.942 5.955 5.966
2.153 2.443 2.737 3.003 3.229 3.409 3.552 3.667 3.761 3.841 3.911 3.975 4.034 4.089 4.142 4.193 4.242 4.289 4.335 4.380 4.424 4.467 4.510 4.552 4.594 4.635 4.675 4.716 4.755 4.794 4.834 4.873 4.911 4.950 4.987 5.024 5.061 5.096 5.131 5.165 5.198 5.230 5.261 5.292 5.321 5.351 5.379 5.408 5.435 5.463 5.489 5.515 5.540 5.565 5.590 5.615 5.639 5.663 5.687 5.710 5.733 5.756 5.778 5.799 5.820 5.841 5.861 5.880 5.899 5.916 5.933 5.949 5.964 5.978 5.989
2.278 2.574 2.859 3.109 3.315 3.478 3.608 3.713 3.800 3.875 3.942 4.004 4.061 4.115 4.166 4.215 4.263 4.309 4.354 4.398 4.441 4.483 4.525 4.566 4.606 4.646 4.686 4.725 4.763 4.801 4.840 4.878 4.916 4.953 4.991 5.027 5.063 5.099 5.134 5.168 5.201 5.233 5.265 5.296 5.326 5.356 5.385 5.414 5.442 5.470 5.497 5.523 5.548 5.574 5.599 5.624 5.649 5.673 5.697 5.720 5.744 5.767 5.789 5.811 5.833 5.854 5.875 5.895 5.915 5.933 5.951 5.968 5.984 5.999 6.011
2.405 2.701 2.973 3.205 3.393 3.541 3.659 3.756 3.837 3.909 3.973 4.032 4.087 4.140 4.190 4.238 4.285 4.330 4.374 4.417 4.459 4.500 4.540 4.580 4.619 4.658 4.697 4.735 4.772 4.809 4.846 4.884 4.921 4.957 4.994 5.030 5.066 5.101 5.136 5.170 5.203 5.236 5.268 5.300 5.330 5.361 5.390 5.419 5.448 5.476 5.504 5.530 5.555 5.581 5.607 5.632 5.657 5.682 5.706 5.730 5.754 5.777 5.800 5.822 5.845 5.866 5.888 5.908 5.929 5.948 5.967 5.985 6.002 6.018 6.032
2.534 2.823 3.080 3.293 3.464 3.599 3.707 3.796 3.873 3.941 4.003 4.060 4.114 4.165 4.214 4.261 4.306 4.351 4.394 4.436 4.477 4.517 4.556 4.595 4.633 4.671 4.708 4.746 4.782 4.817 4.854 4.890 4.926 4.962 4.998 5.033 5.068 5.103 5.138 5.172 5.205 5.238 5.271 5.302 5.334 5.364 5.395 5.424 5.453 5.482 5.510 5.536 5.562 5.588 5.614 5.640 5.665 5.690 5.714 5.738 5.762 5.786 5.809 5.832 5.855 5.877 5.899 5.920 5.941 5.961 5.981 6.000 6.018 6.035 6.051
2.660 2.938 3.178 3.374 3.529 3.651 3.751 3.835 3.908 3.973 4.032 4.088 4.140 4.190 4.238 4.284 4.328 4.372 4.414 4.455 4.495 4.534 4.573 4.610 4.648 4.685 4.721 4.757 4.792 4.827 4.862 4.897 4.932 4.967 5.002 5.037 5.071 5.106 5.140 5.174 5.207 5.240 5.273 5.305 5.336 5.367 5.398 5.428 5.457 5.486 5.515 5.541 5.568 5.594 5.620 5.646 5.672 5.697 5.722 5.746 5.770 5.794 5.818 5.841 5.864 5.887 5.909 5.931 5.952 5.973 5.994 6.013 6.032 6.051 6.067
2.782 3.046 3.268 3.447 3.588 3.700 3.793 3.872 3.941 4.003 4.061 4.115 4.166 4.215 4.262 4.307 4.350 4.393 4.434 4.474 4.513 4.552 4.590 4.627 4.663 4.699 4.734 4.770 4.804 4.837 4.872 4.906 4.940 4.974 5.008 5.041 5.075 5.109 5.142 5.176 5.209 5.242 5.274 5.307 5.338 5.370 5.400 5.431 5.461 5.490 5.519 5.546 5.572 5.599 5.626 5.652 5.678 5.703 5.728 5.753 5.777 5.801 5.825 5.849 5.872 5.895 5.918 5.940 5.962 5.984 6.005 6.025 6.045 6.064 6.082
2.899 3.147 3.351 3.514 3.643 3.746 3.832 3.907 3.973 4.034 4.090 4.142 4.192 4.240 4.286 4.330 4.373 4.414 4.455 4.494 4.533 4.570 4.607 4.643 4.679 4.714 4.749 4.783 4.816 4.849 4.882 4.915 4.948 4.981 5.014 5.047 5.080 5.113 5.145 5.178 5.211 5.244 5.276 5.308 5.340 5.371 5.402 5.433 5.463 5.493 5.522 5.549 5.576 5.603 5.630 5.656 5.682 5.708 5.734 5.759 5.783 5.808 5.832 5.856 5.880 5.903 5.926 5.949 5.971 5.993 6.015 6.036 6.056 6.076 6.095
3.009 3.240 3.427 3.575 3.693 3.789 3.870 3.941 4.005 4.064 4.118 4.169 4.218 4.265 4.310 4.353 4.395 4.436 4.476 4.514 4.552 4.589 4.625 4.661 4.696 4.730 4.764 4.797 4.829 4.861 4.894 4.926 4.958 4.990 5.022 5.054 5.086 5.118 5.150 5.182 5.214 5.246 5.278 5.310 5.341 5.373 5.404 5.435 5.465 5.494 5.524 5.552 5.579 5.606 5.633 5.660 5.687 5.713 5.738 5.764 5.789 5.813 5.838 5.862 5.886 5.910 5.933 5.956 5.979 6.001 6.023 6.045 6.066 6.087 6.106
3.112 3.325 3.496 3.632 3.741 3.830 3.907 3.975 4.036 4.093 4.146 4.196 4.244 4.290 4.334 4.377 4.418 4.458 4.497 4.535 4.572 4.608 4.644 4.679 4.713 4.746 4.779 4.812 4.844 4.875 4.906 4.938 4.969 5.000 5.031 5.062 5.093 5.124 5.155 5.186 5.217 5.249 5.280 5.312 5.343 5.374 5.405 5.436 5.466 5.496 5.525 5.553 5.581 5.608 5.636 5.663 5.690 5.716 5.742 5.768 5.793 5.818 5.843 5.868 5.892 5.916 5.939 5.963 5.986 6.009 6.031 6.053 6.075 6.096 6.116
3.208 3.404 3.560 3.685 3.785 3.869 3.942 4.007 4.067 4.122 4.174 4.224 4.270 4.315 4.359 4.400 4.441 4.480 4.519 4.556 4.592 4.628 4.663 4.697 4.731 4.764 4.796 4.828 4.859 4.889 4.920 4.951 4.981 5.011 5.041 5.071 5.101 5.131 5.161 5.192 5.222 5.253 5.284 5.315 5.345 5.376 5.407 5.437 5.467 5.497 5.526 5.554 5.582 5.610 5.637 5.665 5.692 5.719 5.745 5.771 5.797 5.822 5.847 5.872 5.896 5.921 5.945 5.969 5.992 6.015 6.038 6.060 6.083 6.104 6.125
3.297 3.476 3.619 3.734 3.827 3.906 3.977 4.040 4.098 4.151 4.202 4.251 4.297 4.341 4.383 4.424 4.464 4.503 4.540 4.577 4.613 4.648 4.682 4.716 4.749 4.781 4.813 4.844 4.874 4.904 4.934 4.964 4.994 5.023 5.052 5.082 5.111 5.140 5.169 5.199 5.229 5.258 5.288 5.318 5.349 5.379 5.409 5.438 5.468 5.497 5.527 5.555 5.582 5.610 5.638 5.666 5.693 5.720 5.747 5.773 5.799 5.825 5.850 5.875 5.900 5.925 5.949 5.973 5.997 6.021 6.044 6.067 6.089 6.111 6.132
