TsunamiDB/out54179.asc
ncols          264
nrows          230
xllcorner      497853.4375
yllcorner      4229146.0000
cellsize         5.
NODATA_value   -99
[rows 170 to 203 of 230, columns 154 to 230 of 264]
7.167 7.172 7.176 7.181 7.186 7.190 7.195 7.200 7.205 7.209 7.212 7.212 7.212 7.212 7.213 7.213 7.215 7.221 7.232 7.248 7.271 7.300 7.331 7.356 7.385 7.430 7.478 7.528 7.578 7.628 7.677 7.722 7.762 7.789 7.817 7.855 7.891 7.925 7.956 7.983 8.009 8.030 8.049 8.062 8.074 8.091 8.107 8.123 8.137 8.150 8.163 8.175 8.185 8.191 8.196 8.206 8.216 8.226 8.234 8.241 8.247 8.251 8.255 8.255 8.256 8.259 8.261 8.264 8.266 8.267 8.269 8.270 8.272 8.271 8.271 8.273 8.276
7.168 7.173 7.178 7.182 7.187 7.191 7.196 7.201 7.206 7.210 7.213 7.213 7.213 7.213 7.214 7.214 7.217 7.224 7.235 7.252 7.276 7.305 7.338 7.364 7.394 7.441 7.491 7.543 7.594 7.644 7.693 7.737 7.776 7.803 7.829 7.866 7.901 7.933 7.962 7.989 8.013 8.034 8.053 8.066 8.077 8.094 8.110 8.125 8.139 8.152 8.164 8.175 8.186 8.192 8.197 8.207 8.217 8.226 8.234 8.241 8.246 8.251 8.254 8.255 8.255 8.257 8.260 8.262 8.263 8.265 8.266 8.268 8.269 8.269 8.268 8.270 8.273
7.170 7.174 7.179 7.183 7.188 7.193 7.197 7.202 7.207 7.211 7.214 7.214 7.214 7.214 7.215 7.216 7.219 7.227 7.238 7.255 7.280 7.310 7.345 7.372 7.404 7.453 7.505 7.557 7.609 7.659 7.707 7.751 7.789 7.814 7.840 7.875 7.909 7.940 7.968 7.994 8.017 8.038 8.057 8.069 8.081 8.097 8.112 8.127 8.140 8.153 8.165 8.176 8.187 8.193 8.198 8.208 8.218 8.227 8.235 8.241 8.246 8.251 8.254 8.254 8.254 8.256 8.258 8.260 8.261 8.262 8.263 8.265 8.267 8.266 8.266 8.268 8.271
7.171 7.176 7.180 7.185 7.189 7.194 7.199 7.204 7.208 7.213 7.215 7.216 7.215 7.216 7.217 7.218 7.222 7.230 7.242 7.259 7.284 7.316 7.354 7.381 7.414 7.465 7.518 7.571 7.622 7.672 7.720 7.762 7.799 7.824 7.849 7.883 7.915 7.945 7.973 7.998 8.021 8.042 8.060 8.072 8.083 8.099 8.114 8.128 8.141 8.153 8.165 8.177 8.188 8.194 8.199 8.209 8.219 8.228 8.235 8.241 8.246 8.250 8.253 8.253 8.253 8.255 8.256 8.258 8.259 8.260 8.261 8.262 8.264 8.264 8.263 8.266 8.269
7.173 7.177 7.182 7.186 7.191 7.196 7.200 7.205 7.210 7.214 7.217 7.218 7.217 7.218 7.220 7.221 7.225 7.233 7.245 7.263 7.289 7.322 7.361 7.390 7.425 7.476 7.529 7.583 7.634 7.684 7.731 7.773 7.809 7.833 7.857 7.889 7.921 7.951 7.977 8.002 8.025 8.045 8.063 8.075 8.086 8.101 8.116 8.130 8.143 8.155 8.166 8.177 8.189 8.195 8.200 8.210 8.220 8.228 8.235 8.241 8.246 8.250 8.253 8.252 8.252 8.253 8.255 8.256 8.257 8.258 8.259 8.260 8.262 8.262 8.261 8.264 8.267
7.174 7.179 7.183 7.188 7.192 7.197 7.202 7.207 7.212 7.216 7.219 7.220 7.219 7.220 7.222 7.223 7.228 7.236 7.248 7.267 7.292 7.327 7.370 7.401 7.436 7.488 7.542 7.595 7.646 7.696 7.743 7.784 7.818 7.841 7.864 7.896 7.927 7.956 7.982 8.007 8.030 8.050 8.067 8.078 8.089 8.104 8.119 8.133 8.145 8.157 8.168 8.179 8.191 8.197 8.202 8.212 8.221 8.229 8.236 8.242 8.247 8.250 8.253 8.252 8.251 8.252 8.253 8.254 8.255 8.256 8.257 8.258 8.261 8.260 8.260 8.263 8.266
7.176 7.180 7.185 7.190 7.194 7.199 7.204 7.209 7.214 7.219 7.222 7.222 7.221 7.223 7.224 7.226 7.230 7.239 7.252 7.271 7.297 7.337 7.383 7.413 7.448 7.501 7.554 7.607 7.658 7.707 7.754 7.792 7.825 7.848 7.871 7.902 7.932 7.961 7.987 8.012 8.034 8.054 8.071 8.082 8.092 8.107 8.122 8.135 8.147 8.159 8.170 8.181 8.194 8.199 8.205 8.214 8.223 8.231 8.237 8.243 8.248 8.251 8.252 8.251 8.250 8.251 8.252 8.253 8.254 8.255 8.255 8.257 8.260 8.260 8.259 8.262 8.265
7.178 7.182 7.187 7.192 7.196 7.201 7.206 7.211 7.216 7.221 7.224 7.224 7.224 7.226 7.227 7.229 7.234 7.244 7.258 7.278 7.309 7.351 7.396 7.426 7.461 7.514 7.566 7.619 7.669 7.717 7.762 7.799 7.832 7.854 7.877 7.908 7.938 7.966 7.992 8.017 8.039 8.058 8.075 8.086 8.096 8.111 8.125 8.138 8.151 8.162 8.173 8.185 8.197 8.202 8.208 8.217 8.225 8.232 8.239 8.244 8.248 8.251 8.252 8.251 8.250 8.251 8.252 8.253 8.253 8.254 8.255 8.257 8.260 8.259 8.259 8.261 8.264
7.180 7.184 7.189 7.194 7.198 7.203 7.208 7.213 7.219 7.224 7.227 7.228 7.227 7.229 7.231 7.233 7.239 7.250 7.265 7.289 7.322 7.364 7.407 7.437 7.472 7.525 7.577 7.629 7.679 7.725 7.768 7.805 7.838 7.861 7.883 7.914 7.944 7.972 7.998 8.022 8.043 8.062 8.079 8.090 8.100 8.114 8.129 8.142 8.155 8.166 8.178 8.189 8.201 8.206 8.211 8.219 8.227 8.234 8.240 8.245 8.249 8.251 8.253 8.251 8.250 8.251 8.252 8.253 8.254 8.255 8.256 8.258 8.260 8.259 8.259 8.261 8.264
7.182 7.187 7.191 7.196 7.201 7.206 7.211 7.216 7.222 7.227 7.230 7.231 7.231 7.234 7.236 7.239 7.246 7.257 7.275 7.300 7.335 7.375 7.418 7.448 7.483 7.535 7.587 7.638 7.687 7.732 7.774 7.811 7.844 7.867 7.889 7.920 7.950 7.978 8.004 8.027 8.048 8.067 8.084 8.095 8.104 8.119 8.134 8.147 8.160 8.172 8.183 8.194 8.205 8.209 8.214 8.222 8.230 8.236 8.242 8.246 8.249 8.252 8.253 8.252 8.251 8.252 8.253 8.254 8.254 8.256 8.257 8.259 8.261 8.260 8.259 8.261 8.264
7.184 7.189 7.194 7.199 7.204 7.209 7.214 7.219 7.225 7.230 7.234 7.235 7.236 7.239 7.242 7.246 7.254 7.267 7.286 7.312 7.347 7.386 7.428 7.458 7.493 7.545 7.596 7.647 7.694 7.738 7.780 7.817 7.851 7.873 7.895 7.926 7.956 7.984 8.009 8.033 8.054 8.073 8.090 8.100 8.110 8.125 8.139 8.153 8.166 8.177 8.189 8.199 8.209 8.214 8.218 8.226 8.233 8.239 8.243 8.247 8.250 8.253 8.254 8.253 8.252 8.253 8.254 8.255 8.256 8.257 8.258 8.260 8.262 8.261 8.260 8.262 8.264
7.187 7.192 7.197 7.201 7.207 7.212 7.217 7.223 7.229 7.234 7.238 7.240 7.241 7.244 7.249 7.253 7.262 7.277 7.297 7.323 7.357 7.396 7.438 7.468 7.503 7.554 7.605 7.655 7.701 7.745 7.786 7.823 7.857 7.880 7.902 7.933 7.963 7.991 8.016 8.039 8.060 8.079 8.096 8.107 8.116 8.131 8.146 8.160 8.172 8.184 8.195 8.205 8.214 8.218 8.222 8.229 8.236 8.241 8.246 8.249 8.252 8.254 8.256 8.255 8.254 8.255 8.256 8.257 8.258 8.259 8.260 8.262 8.263 8.262 8.261 8.263 8.265
7.190 7.195 7.199 7.205 7.210 7.215 7.221 7.227 7.233 7.239 7.243 7.245 7.246 7.250 7.256 7.261 7.271 7.287 7.307 7.333 7.366 7.405 7.447 7.478 7.512 7.563 7.614 7.663 7.709 7.752 7.793 7.830 7.864 7.887 7.909 7.940 7.970 7.998 8.023 8.046 8.067 8.086 8.103 8.114 8.124 8.139 8.153 8.167 8.179 8.191 8.201 8.211 8.219 8.223 8.227 8.233 8.239 8.244 8.248 8.251 8.254 8.256 8.258 8.257 8.256 8.257 8.259 8.260 8.261 8.262 8.263 8.264 8.266 8.264 8.263 8.265 8.266
7.193 7.198 7.203 7.208 7.213 7.219 7.224 7.230 7.237 7.243 7.248 7.250 7.252 7.257 7.263 7.269 7.280 7.296 7.317 7.342 7.376 7.415 7.457 7.488 7.523 7.574 7.623 7.672 7.717 7.760 7.800 7.838 7.872 7.894 7.916 7.948 7.978 8.005 8.030 8.053 8.074 8.093 8.111 8.122 8.131 8.147 8.161 8.174 8.187 8.198 8.208 8.217 8.225 8.228 8.231 8.237 8.242 8.247 8.251 8.254 8.257 8.259 8.261 8.260 8.259 8.260 8.262 8.263 8.264 8.265 8.266 8.267 8.268 8.267 8.265 8.267 8.268
7.196 7.201 7.206 7.211 7.217 7.222 7.228 7.235 7.241 7.248 7.253 7.256 7.258 7.264 7.271 7.278 7.290 7.306 7.327 7.353 7.386 7.424 7.467 7.499 7.534 7.584 7.633 7.681 7.725 7.768 7.808 7.845 7.879 7.902 7.924 7.955 7.985 8.013 8.037 8.060 8.082 8.101 8.119 8.130 8.140 8.155 8.169 8.182 8.194 8.205 8.215 8.224 8.231 8.234 8.236 8.242 8.246 8.251 8.254 8.257 8.260 8.262 8.264 8.263 8.262 8.264 8.265 8.267 8.268 8.269 8.270 8.271 8.272 8.270 8.268 8.270 8.271
7.199 7.204 7.209 7.214 7.220 7.226 7.232 7.239 7.246 7.252 7.258 7.261 7.264 7.270 7.278 7.286 7.298 7.315 7.336 7.362 7.394 7.433 7.478 7.510 7.545 7.594 7.643 7.690 7.734 7.776 7.816 7.853 7.888 7.910 7.932 7.963 7.993 8.021 8.046 8.069 8.090 8.110 8.129 8.140 8.149 8.165 8.179 8.192 8.203 8.214 8.223 8.231 8.237 8.240 8.242 8.247 8.251 8.255 8.259 8.262 8.264 8.266 8.269 8.268 8.267 8.269 8.270 8.271 8.272 8.273 8.274 8.275 8.276 8.274 8.272 8.273 8.274
7.202 7.207 7.213 7.218 7.224 7.230 7.236 7.243 7.250 7.257 7.263 7.266 7.268 7.276 7.284 7.293 7.307 7.324 7.345 7.371 7.403 7.445 7.492 7.523 7.557 7.607 7.654 7.700 7.744 7.786 7.826 7.863 7.897 7.919 7.941 7.972 8.002 8.030 8.055 8.078 8.100 8.120 8.139 8.150 8.160 8.175 8.189 8.201 8.212 8.223 8.232 8.239 8.244 8.246 8.248 8.253 8.257 8.261 8.264 8.267 8.269 8.272 8.274 8.273 8.272 8.274 8.276 8.277 8.278 8.279 8.280 8.280 8.281 8.279 8.277 8.278 8.278
7.205 7.211 7.216 7.221 7.227 7.234 7.240 7.247 7.254 7.261 7.266 7.269 7.273 7.282 7.291 7.302 7.316 7.334 7.356 7.382 7.417 7.460 7.506 7.536 7.571 7.619 7.666 7.712 7.755 7.797 7.836 7.872 7.906 7.928 7.950 7.981 8.011 8.039 8.065 8.089 8.111 8.131 8.150 8.161 8.171 8.185 8.199 8.211 8.222 8.232 8.240 8.246 8.251 8.253 8.255 8.259 8.263 8.267 8.270 8.272 8.275 8.278 8.280 8.279 8.278 8.280 8.282 8.283 8.284 8.285 8.286 8.287 8.287 8.285 8.283 8.283 8.283
7.209 7.214 7.219 7.225 7.231 7.237 7.244 7.251 7.258 7.264 7.269 7.273 7.279 7.288 7.299 7.310 7.325 7.344 7.367 7.396 7.432 7.474 7.518 7.549 7.583 7.631 7.678 7.724 7.767 7.808 7.846 7.882 7.916 7.938 7.959 7.991 8.021 8.050 8.076 8.100 8.122 8.143 8.162 8.172 8.182 8.196 8.210 8.222 8.232 8.241 8.248 8.254 8.259 8.261 8.262 8.266 8.270 8.274 8.276 8.279 8.282 8.284 8.287 8.286 8.285 8.287 8.289 8.290 8.291 8.292 8.293 8.294 8.294 8.292 8.289 8.289 8.289
7.212 7.217 7.222 7.228 7.234 7.240 7.247 7.254 7.261 7.266 7.271 7.277 7.283 7.294 7.306 7.319 7.335 7.356 7.380 7.410 7.446 7.488 7.531 7.563 7.597 7.645 7.692 7.737 7.779 7.820 7.857 7.893 7.927 7.949 7.970 8.002 8.033 8.061 8.087 8.112 8.134 8.155 8.173 8.184 8.193 8.208 8.221 8.232 8.241 8.250 8.256 8.262 8.267 8.269 8.270 8.274 8.278 8.281 8.284 8.287 8.289 8.292 8.294 8.293 8.293 8.295 8.296 8.298 8.299 8.300 8.301 8.301 8.302 8.299 8.297 8.296 8.296
7.215 7.220 7.226 7.231 7.237 7.243 7.250 7.256 7.262 7.268 7.274 7.280 7.288 7.300 7.314 7.328 7.346 7.368 7.394 7.424 7.460 7.501 7.544 7.577 7.611 7.659 7.706 7.751 7.793 7.832 7.869 7.905 7.938 7.960 7.981 8.013 8.044 8.073 8.100 8.124 8.147 8.167 8.185 8.195 8.205 8.219 8.231 8.242 8.251 8.259 8.265 8.271 8.276 8.277 8.279 8.283 8.286 8.289 8.292 8.295 8.297 8.300 8.302 8.302 8.301 8.303 8.305 8.307 8.308 8.309 8.310 8.310 8.310 8.307 8.305 8.304 8.303
7.218 7.223 7.228 7.234 7.239 7.245 7.251 7.257 7.264 7.270 7.276 7.284 7.293 7.307 7.321 7.337 7.358 7.381 7.407 7.437 7.473 7.513 7.558 7.591 7.626 7.674 7.722 7.767 7.807 7.846 7.882 7.916 7.951 7.972 7.993 8.025 8.057 8.085 8.112 8.137 8.159 8.179 8.197 8.207 8.216 8.230 8.242 8.252 8.261 8.268 8.274 8.279 8.284 8.286 8.288 8.291 8.295 8.298 8.301 8.303 8.306 8.308 8.311 8.310 8.310 8.312 8.314 8.316 8.317 8.318 8.319 8.319 8.319 8.316 8.313 8.312 8.311
7.220 7.225 7.230 7.235 7.241 7.246 7.252 7.258 7.264 7.270 7.278 7.287 7.298 7.313 7.329 7.347 7.369 7.393 7.419 7.450 7.485 7.526 7.572 7.607 7.642 7.691 7.739 7.783 7.822 7.860 7.895 7.929 7.963 7.984 8.005 8.038 8.069 8.098 8.124 8.149 8.171 8.190 8.208 8.218 8.227 8.240 8.251 8.261 8.270 8.277 8.283 8.288 8.293 8.295 8.296 8.300 8.304 8.307 8.310 8.312 8.315 8.317 8.320 8.319 8.319 8.321 8.324 8.326 8.327 8.328 8.329 8.329 8.328 8.325 8.322 8.321 8.320
7.222 7.227 7.232 7.237 7.242 7.246 7.252 7.258 7.264 7.271 7.280 7.290 7.303 7.318 7.335 7.355 7.378 7.404 7.431 7.461 7.497 7.540 7.589 7.624 7.660 7.710 7.757 7.799 7.837 7.873 7.907 7.941 7.976 7.997 8.018 8.050 8.081 8.110 8.136 8.160 8.181 8.201 8.217 8.227 8.236 8.249 8.260 8.270 8.278 8.285 8.291 8.297 8.302 8.304 8.305 8.309 8.313 8.316 8.319 8.321 8.324 8.326 8.329 8.329 8.328 8.331 8.333 8.335 8.337 8.338 8.338 8.338 8.337 8.334 8.331 8.330 8.328
7.224 7.229 7.233 7.237 7.242 7.246 7.251 7.256 7.263 7.271 7.280 7.292 7.306 7.323 7.341 7.362 7.387 7.414 7.443 7.474 7.511 7.554 7.605 7.642 7.679 7.728 7.775 7.816 7.853 7.887 7.920 7.953 7.987 8.009 8.030 8.062 8.092 8.120 8.146 8.170 8.191 8.210 8.226 8.236 8.245 8.257 8.268 8.277 8.285 8.293 8.299 8.304 8.310 8.312 8.313 8.317 8.321 8.324 8.327 8.330 8.332 8.335 8.338 8.338 8.338 8.340 8.343 8.345 8.346 8.347 8.348 8.348 8.347 8.344 8.341 8.339 8.337
7.225 7.230 7.233 7.237 7.241 7.244 7.249 7.254 7.261 7.270 7.281 7.295 7.310 7.327 7.346 7.369 7.396 7.424 7.454 7.488 7.524 7.569 7.625 7.664 7.701 7.749 7.794 7.833 7.868 7.902 7.933 7.965 8.000 8.022 8.042 8.074 8.104 8.131 8.156 8.179 8.201 8.219 8.234 8.243 8.252 8.264 8.275 8.284 8.292 8.300 8.306 8.312 8.317 8.319 8.321 8.325 8.329 8.332 8.335 8.338 8.341 8.343 8.347 8.347 8.347 8.350 8.352 8.354 8.356 8.357 8.357 8.357 8.356 8.353 8.350 8.348 8.346
7.226 7.229 7.232 7.236 7.239 7.243 7.247 7.252 7.260 7.270 7.282 7.296 7.312 7.331 7.351 7.376 7.405 7.435 7.468 7.503 7.540 7.594 7.653 7.689 7.724 7.771 7.813 7.850 7.884 7.916 7.945 7.979 8.015 8.034 8.054 8.086 8.114 8.141 8.165 8.188 8.208 8.226 8.240 8.249 8.258 8.270 8.280 8.290 8.298 8.305 8.312 8.318 8.323 8.326 8.327 8.332 8.336 8.339 8.343 8.345 8.348 8.351 8.355 8.356 8.356 8.359 8.361 8.363 8.364 8.365 8.366 8.365 8.364 8.361 8.358 8.356 8.354
7.225 7.228 7.231 7.234 7.238 7.241 7.245 7.251 7.259 7.270 7.282 7.298 7.316 7.336 7.357 7.384 7.416 7.450 7.486 7.524 7.568 7.625 7.679 7.714 7.747 7.792 7.832 7.867 7.899 7.930 7.960 7.994 8.027 8.046 8.066 8.096 8.123 8.149 8.172 8.194 8.214 8.230 8.245 8.254 8.262 8.274 8.285 8.294 8.303 8.310 8.317 8.323 8.328 8.331 8.333 8.337 8.342 8.346 8.349 8.352 8.355 8.359 8.363 8.363 8.363 8.366 8.369 8.370 8.372 8.373 8.373 8.373 8.371 8.368 8.365 8.364 8.362
7.224 7.227 7.230 7.233 7.236 7.239 7.244 7.250 7.258 7.269 7.282 7.299 7.321 7.342 7.364 7.395 7.430 7.468 7.507 7.551 7.600 7.654 7.704 7.737 7.769 7.811 7.849 7.883 7.914 7.945 7.975 8.007 8.038 8.056 8.075 8.104 8.131 8.155 8.178 8.199 8.217 8.233 8.248 8.257 8.265 8.277 8.288 8.297 8.306 8.313 8.320 8.326 8.332 8.335 8.337 8.342 8.346 8.351 8.354 8.358 8.362 8.365 8.369 8.370 8.370 8.372 8.375 8.377 8.378 8.379 8.379 8.378 8.377 8.375 8.372 8.370 8.368
7.223 7.226 7.228 7.231 7.234 7.238 7.242 7.249 7.257 7.268 7.282 7.302 7.327 7.350 7.373 7.409 7.448 7.489 7.533 7.581 7.630 7.681 7.728 7.759 7.790 7.829 7.865 7.898 7.929 7.959 7.988 8.018 8.047 8.065 8.083 8.110 8.136 8.160 8.181 8.201 8.219 8.235 8.249 8.258 8.267 8.279 8.289 8.299 8.307 8.315 8.322 8.328 8.334 8.337 8.340 8.345 8.350 8.354 8.359 8.363 8.367 8.370 8.374 8.374 8.375 8.377 8.380 8.381 8.383 8.383 8.383 8.383 8.382 8.379 8.376 8.375 8.373
7.221 7.224 7.226 7.230 7.233 7.236 7.241 7.248 7.256 7.267 7.283 7.306 7.334 7.359 7.386 7.425 7.468 7.514 7.561 7.610 7.660 7.707 7.751 7.780 7.810 7.846 7.881 7.913 7.942 7.971 8.000 8.028 8.055 8.072 8.090 8.115 8.140 8.162 8.183 8.202 8.220 8.235 8.249 8.259 8.267 8.279 8.290 8.299 8.308 8.315 8.323 8.329 8.335 8.338 8.341 8.347 8.352 8.357 8.362 8.366 8.370 8.374 8.377 8.378 8.378 8.381 8.383 8.384 8.386 8.386 8.386 8.386 8.385 8.382 8.380 8.379 8.377
7.220 7.223 7.224 7.228 7.231 7.234 7.239 7.246 7.255 7.267 7.285 7.311 7.344 7.371 7.400 7.443 7.491 7.540 7.589 7.639 7.687 7.732 7.773 7.801 7.828 7.862 7.895 7.926 7.954 7.982 8.009 8.036 8.061 8.077 8.094 8.119 8.142 8.164 8.184 8.202 8.219 8.234 8.248 8.258 8.266 8.278 8.289 8.298 8.307 8.315 8.322 8.329 8.335 8.339 8.342 8.347 8.353 8.359 8.363 8.368 8.372 8.376 8.379 8.380 8.380 8.382 8.384 8.386 8.387 8.387 8.388 8.387 8.387 8.384 8.382 8.381 8.379
7.218 7.220 7.222 7.226 7.229 7.232 7.237 7.245 7.254 7.267 7.288 7.318 7.356 7.385 7.416 7.465 7.515 7.566 7.617 7.666 7.713 7.756 7.794 7.819 7.845 7.877 7.908 7.938 7.965 7.992 8.017 8.042 8.066 8.082 8.098 8.121 8.143 8.164 8.183 8.201 8.217 8.233 8.246 8.256 8.264 8.276 8.287 8.296 8.305 8.313 8.320 8.327 8.334 8.338 8.341 8.347 8.353 8.359 8.364 8.369 8.373 8.377 8.380 8.380 8.381 8.383 8.384 8.386 8.387 8.387 8.387 8.387 8.387 8.385 8.382 8.381 8.380
7.215 7.218 7.220 7.223 7.227 7.230 7.236 7.244 7.254 7.269 7.293 7.328 7.370 7.401 7.435 7.487 7.539 7.591 7.641 7.689 7.735 7.775 7.810 7.835 7.859 7.889 7.918 7.947 7.973 7.998 8.023 8.047 8.069 8.084 8.099 8.121 8.142 8.162 8.181 8.198 8.215 8.229 8.243 8.252 8.261 8.272 8.283 8.293 8.301 8.309 8.317 8.324 8.332 8.336 8.339 8.346 8.352 8.358 8.363 8.368 8.373 8.376 8.379 8.379 8.380 8.382 8.383 8.385 8.385 8.386 8.386 8.386 8.385 8.383 8.381 8.380 8.379
