TsunamiDB/out54017.asc
ncols          264
nrows          230
xllcorner      497853.4375
yllcorner      4229146.0000
cellsize         5.
NODATA_value   -99
[rows 62 to 92 of 230, columns 140 to 209 of 264]
-99.000 -99.000 -99.000 -99.000 -99.000 -99.000 -99.000 -99.000 -99.000 -99.000 -99.000 -99.000 -99.000 -99.000 -99.000 -99.000 -99.000 -99.000 -99.000 -99.000 -99.000 -99.000 -99.000 -99.000 -99.000 -99.000 -99.000 -99.000 -99.000 -99.000 -99.000 1.644 1.649 1.695 1.835 2.070 2.367 2.692 3.012 3.303 3.551 3.754 3.916 4.045 4.150 4.238 4.313 4.379 4.440 4.496 4.548 4.599 4.647 4.694 4.740 4.786 4.830 4.874 4.918 4.963 5.007 5.052 5.096 5.140 5.184 5.226 5.266 5.304 5.338 5.367
-99.000 -99.000 -99.000 -99.000 -99.000 -99.000 -99.000 -99.000 -99.000 -99.000 -99.000 -99.000 -99.000 -99.000 -99.000 -99.000 -99.000 -99.000 -99.000 -99.000 -99.000 -99.000 -99.000 -99.000 -99.000 -99.000 -99.000 -99.000 -99.000 -99.000 -99.000 1.644 1.658 1.739 1.919 2.183 2.497 2.824 3.136 3.412 3.642 3.828 3.977 4.096 4.194 4.276 4.347 4.411 4.468 4.522 4.573 4.622 4.668 4.714 4.758 4.802 4.845 4.887 4.931 4.974 5.018 5.062 5.106 5.150 5.194 5.236 5.278 5.316 5.352 5.384
-99.000 -99.000 -99.000 -99.000 -99.000 -99.000 -99.000 -99.000 -99.000 -99.000 -99.000 -99.000 -99.000 -99.000 -99.000 -99.000 -99.000 -99.000 -99.000 -99.000 -99.000 -99.000 -99.000 -99.000 -99.000 -99.000 -99.000 -99.000 -99.000 -99.000 1.644 1.646 1.679 1.799 2.017 2.306 2.629 2.955 3.255 3.514 3.727 3.898 4.034 4.145 4.236 4.314 4.382 4.442 4.498 4.550 4.599 4.646 4.691 4.735 4.778 4.820 4.861 4.902 4.944 4.986 5.029 5.072 5.115 5.159 5.203 5.245 5.287 5.327 5.364 5.397
-99.000 -99.000 -99.000 -99.000 -99.000 -99.000 -99.000 -99.000 -99.000 -99.000 -99.000 -99.000 -99.000 -99.000 -99.000 -99.000 -99.000 -99.000 -99.000 -99.000 -99.000 -99.000 -99.000 -99.000 -99.000 -99.000 -99.000 -99.000 -99.000 -99.000 1.644 1.653 1.715 1.877 2.127 2.435 2.764 3.082 3.367 3.608 3.805 3.962 4.088 4.191 4.277 4.351 4.416 4.475 4.529 4.579 4.627 4.672 4.715 4.757 4.799 4.839 4.878 4.918 4.958 4.999 5.040 5.082 5.125 5.168 5.211 5.254 5.295 5.336 5.374 5.409
-99.000 -99.000 -99.000 -99.000 -99.000 -99.000 -99.000 -99.000 -99.000 -99.000 -99.000 -99.000 -99.000 -99.000 -99.000 -99.000 -99.000 -99.000 -99.000 -99.000 -99.000 -99.000 -99.000 -99.000 -99.000 -99.000 -99.000 -99.000 -99.000 -99.000 1.645 1.668 1.769 1.970 2.248 2.568 2.897 3.204 3.473 3.696 3.877 4.021 4.138 4.235 4.317 4.388 4.451 4.509 4.561 4.610 4.656 4.700 4.742 4.782 4.822 4.860 4.898 4.935 4.974 5.013 5.053 5.093 5.135 5.177 5.219 5.262 5.304 5.344 5.383 5.419
-99.000 -99.000 -99.000 -99.000 -99.000 -99.000 -99.000 -99.000 -99.000 -99.000 -99.000 -99.000 -99.000 -99.000 -99.000 -99.000 -99.000 -99.000 -99.000 -99.000 -99.000 -99.000 -99.000 -99.000 -99.000 -99.000 -99.000 -99.000 -99.000 1.644 1.649 1.697 1.841 2.077 2.377 2.705 3.027 3.321 3.571 3.777 3.943 4.076 4.185 4.277 4.356 4.425 4.486 4.543 4.594 4.643 4.688 4.730 4.771 4.809 4.847 4.884 4.919 4.955 4.992 5.029 5.067 5.106 5.146 5.187 5.229 5.271 5.313 5.354 5.393 5.430
-99.000 -99.000 -99.000 -99.000 -99.000 -99.000 -99.000 -99.000 -99.000 -99.000 -99.000 -99.000 -99.000 -99.000 -99.000 -99.000 -99.000 -99.000 -99.000 -99.000 -99.000 -99.000 -99.000 -99.000 -99.000 -99.000 -99.000 -99.000 -99.000 1.645 1.660 1.745 1.930 2.197 2.512 2.841 3.154 3.430 3.662 3.850 4.003 4.126 4.229 4.316 4.392 4.460 4.521 4.577 4.628 4.676 4.720 4.762 4.801 4.839 4.875 4.910 4.944 4.978 5.012 5.048 5.084 5.121 5.160 5.200 5.241 5.282 5.323 5.365 5.405 5.443
-99.000 -99.000 -99.000 -99.000 -99.000 -99.000 -99.000 -99.000 -99.000 -99.000 -99.000 -99.000 -99.000 -99.000 -99.000 -99.000 -99.000 -99.000 -99.000 -99.000 -99.000 -99.000 -99.000 -99.000 -99.000 -99.000 -99.000 -99.000 1.644 1.647 1.684 1.811 2.035 2.326 2.650 2.975 3.274 3.532 3.745 3.918 4.058 4.173 4.269 4.353 4.427 4.493 4.554 4.610 4.661 4.709 4.753 4.795 4.834 4.870 4.905 4.939 4.971 5.003 5.036 5.069 5.103 5.139 5.176 5.214 5.254 5.295 5.336 5.377 5.418 5.457
-99.000 -99.000 -99.000 -99.000 -99.000 -99.000 -99.000 -99.000 -99.000 -99.000 -99.000 -99.000 -99.000 -99.000 -99.000 -99.000 -99.000 -99.000 -99.000 -99.000 -99.000 -99.000 -99.000 -99.000 -99.000 -99.000 -99.000 -99.000 1.644 1.655 1.725 1.896 2.153 2.462 2.790 3.106 3.388 3.627 3.821 3.979 4.108 4.215 4.306 4.387 4.459 4.525 4.586 4.642 4.694 4.742 4.787 4.828 4.867 4.903 4.937 4.970 5.001 5.031 5.062 5.093 5.126 5.159 5.195 5.231 5.270 5.310 5.351 5.392 5.433 5.474
-99.000 -99.000 -99.000 -99.000 -99.000 -99.000 -99.000 -99.000 -99.000 -99.000 -99.000 -99.000 -99.000 -99.000 -99.000 -99.000 -99.000 -99.000 -99.000 -99.000 -99.000 -99.000 -99.000 -99.000 -99.000 -99.000 -99.000 1.644 1.646 1.674 1.786 1.998 2.282 2.603 2.929 3.232 3.495 3.714 3.891 4.035 4.153 4.253 4.340 4.418 4.488 4.554 4.615 4.672 4.724 4.774 4.819 4.862 4.901 4.937 4.971 5.003 5.033 5.061 5.091 5.120 5.150 5.182 5.215 5.250 5.288 5.326 5.367 5.408 5.449 5.491
-99.000 -99.000 -99.000 -99.000 -99.000 -99.000 -99.000 -99.000 -99.000 -99.000 -99.000 -99.000 -99.000 -99.000 -99.000 -99.000 -99.000 -99.000 -99.000 -99.000 -99.000 -99.000 -99.000 -99.000 -99.000 -99.000 -99.000 1.644 1.651 1.709 1.867 2.114 2.419 2.745 3.064 3.351 3.595 3.794 3.955 4.086 4.195 4.288 4.371 4.446 4.515 4.580 4.641 4.699 4.753 4.803 4.850 4.894 4.934 4.971 5.005 5.037 5.066 5.094 5.122 5.149 5.178 5.207 5.238 5.271 5.307 5.344 5.383 5.424 5.467 5.510
-99.000 -99.000 -99.000 -99.000 -99.000 -99.000 -99.000 -99.000 -99.000 -99.000 -99.000 -99.000 -99.000 -99.000 -99.000 -99.000 -99.000 -99.000 -99.000 -99.000 -99.000 -99.000 -99.000 -99.000 -99.000 -99.000 -99.000 1.645 1.666 1.765 1.964 2.241 2.560 2.887 3.195 3.463 3.687 3.868 4.013 4.133 4.233 4.320 4.399 4.471 4.539 4.604 4.665 4.723 4.778 4.830 4.878 4.924 4.965 5.004 5.039 5.072 5.101 5.128 5.155 5.181 5.207 5.234 5.263 5.294 5.327 5.363 5.401 5.441 5.484 5.527
-99.000 -99.000 -99.000 -99.000 -99.000 -99.000 -99.000 -99.000 -99.000 -99.000 -99.000 -99.000 -99.000 -99.000 -99.000 -99.000 -99.000 -99.000 -99.000 -99.000 -99.000 -99.000 -99.000 -99.000 -99.000 -99.000 1.644 1.649 1.696 1.840 2.077 2.377 2.705 3.026 3.319 3.568 3.771 3.935 4.067 4.176 4.268 4.350 4.425 4.495 4.561 4.625 4.686 4.744 4.800 4.853 4.903 4.950 4.994 5.034 5.071 5.105 5.135 5.163 5.189 5.214 5.238 5.263 5.289 5.317 5.348 5.382 5.418 5.458 5.500 5.544
-99.000 -99.000 -99.000 -99.000 -99.000 -99.000 -99.000 -99.000 -99.000 -99.000 -99.000 -99.000 -99.000 -99.000 -99.000 -99.000 -99.000 -99.000 -99.000 -99.000 -99.000 -99.000 -99.000 -99.000 -99.000 -99.000 1.645 1.660 1.746 1.933 2.203 2.519 2.849 3.161 3.435 3.664 3.849 3.997 4.116 4.216 4.302 4.379 4.450 4.517 4.582 4.644 4.704 4.763 4.819 4.873 4.925 4.974 5.020 5.062 5.102 5.137 5.169 5.198 5.224 5.248 5.271 5.294 5.317 5.342 5.370 5.401 5.436 5.474 5.515 5.559
-99.000 -99.000 -99.000 -99.000 -99.000 -99.000 -99.000 -99.000 -99.000 -99.000 -99.000 -99.000 -99.000 -99.000 -99.000 -99.000 -99.000 -99.000 -99.000 -99.000 -99.000 -99.000 -99.000 -99.000 -99.000 1.644 1.647 1.685 1.815 2.042 2.337 2.665 2.991 3.289 3.544 3.753 3.920 4.053 4.162 4.253 4.334 4.406 4.474 4.538 4.601 4.662 4.721 4.779 4.836 4.890 4.943 4.994 5.042 5.087 5.129 5.167 5.200 5.231 5.259 5.284 5.306 5.327 5.348 5.369 5.394 5.421 5.453 5.489 5.529 5.572
-99.000 -99.000 -99.000 -99.000 -99.000 -99.000 -99.000 -99.000 -99.000 -99.000 -99.000 -99.000 -99.000 -99.000 -99.000 -99.000 -99.000 -99.000 -99.000 -99.000 -99.000 -99.000 -99.000 -99.000 -99.000 1.644 1.655 1.728 1.903 2.164 2.478 2.810 3.128 3.409 3.644 3.834 3.984 4.105 4.205 4.289 4.364 4.433 4.497 4.559 4.619 4.678 4.737 4.794 4.850 4.905 4.959 5.010 5.060 5.108 5.152 5.192 5.229 5.263 5.293 5.319 5.341 5.361 5.380 5.399 5.419 5.443 5.471 5.504 5.541 5.584
-99.000 -99.000 -99.000 -99.000 -99.000 -99.000 -99.000 -99.000 -99.000 -99.000 -99.000 -99.000 -99.000 -99.000 -99.000 -99.000 -99.000 -99.000 -99.000 -99.000 -99.000 -99.000 -99.000 -99.000 1.644 1.646 1.675 1.790 2.006 2.295 2.623 2.954 3.259 3.521 3.736 3.908 4.044 4.154 4.245 4.323 4.394 4.459 4.520 4.580 4.638 4.695 4.751 4.807 4.863 4.918 4.971 5.024 5.075 5.125 5.172 5.215 5.255 5.292 5.325 5.353 5.377 5.397 5.414 5.430 5.447 5.466 5.490 5.519 5.553 5.594
-99.000 -99.000 -99.000 -99.000 -99.000 -99.000 -99.000 -99.000 -99.000 -99.000 -99.000 -99.000 -99.000 -99.000 -99.000 -99.000 -99.000 -99.000 -99.000 -99.000 -99.000 -99.000 -99.000 -99.000 1.644 1.651 1.711 1.871 2.122 2.434 2.769 3.093 3.383 3.625 3.821 3.976 4.099 4.199 4.283 4.356 4.423 4.484 4.543 4.600 4.656 4.711 4.766 4.821 4.875 4.929 4.983 5.036 5.088 5.139 5.188 5.234 5.277 5.318 5.354 5.385 5.411 5.433 5.449 5.464 5.477 5.492 5.511 5.535 5.566 5.603
-99.000 -99.000 -99.000 -99.000 -99.000 -99.000 -99.000 -99.000 -99.000 -99.000 -99.000 -99.000 -99.000 -99.000 -99.000 -99.000 -99.000 -99.000 -99.000 -99.000 -99.000 -99.000 -99.000 -99.000 1.645 1.666 1.766 1.968 2.249 2.577 2.913 3.227 3.498 3.721 3.898 4.038 4.150 4.242 4.320 4.388 4.451 4.510 4.566 4.621 4.675 4.728 4.781 4.834 4.887 4.940 4.993 5.046 5.098 5.150 5.201 5.250 5.296 5.340 5.380 5.414 5.444 5.467 5.485 5.498 5.509 5.520 5.535 5.554 5.580 5.613
-99.000 -99.000 -99.000 -99.000 -99.000 -99.000 -99.000 -99.000 -99.000 -99.000 -99.000 -99.000 -99.000 -99.000 -99.000 -99.000 -99.000 -99.000 -99.000 -99.000 -99.000 -99.000 -99.000 1.644 1.649 1.695 1.839 2.078 2.384 2.722 3.054 3.353 3.605 3.808 3.969 4.096 4.198 4.283 4.355 4.420 4.479 4.535 4.589 4.642 4.693 4.745 4.796 4.847 4.899 4.950 5.003 5.055 5.108 5.160 5.212 5.262 5.311 5.358 5.401 5.440 5.473 5.499 5.519 5.533 5.543 5.551 5.561 5.575 5.597 5.626
-99.000 -99.000 -99.000 -99.000 -99.000 -99.000 -99.000 -99.000 -99.000 -99.000 -99.000 -99.000 -99.000 -99.000 -99.000 -99.000 -99.000 -99.000 -99.000 -99.000 -99.000 -99.000 -99.000 1.644 1.659 1.742 1.928 2.199 2.525 2.867 3.190 3.472 3.704 3.889 4.035 4.150 4.244 4.322 4.390 4.451 4.508 4.561 4.613 4.663 4.713 4.762 4.811 4.861 4.911 4.961 5.012 5.064 5.116 5.168 5.221 5.272 5.322 5.372 5.418 5.460 5.497 5.527 5.549 5.565 5.575 5.582 5.589 5.600 5.617 5.642
-99.000 -99.000 -99.000 -99.000 -99.000 -99.000 -99.000 -99.000 -99.000 -99.000 -99.000 -99.000 -99.000 -99.000 -99.000 -99.000 -99.000 -99.000 -99.000 -99.000 -99.000 -99.000 1.644 1.647 1.681 1.806 2.031 2.329 2.669 3.009 3.318 3.582 3.795 3.963 4.096 4.201 4.287 4.360 4.424 4.482 4.536 4.587 4.637 4.685 4.733 4.780 4.827 4.875 4.923 4.972 5.022 5.072 5.123 5.175 5.228 5.280 5.331 5.382 5.430 5.475 5.514 5.548 5.574 5.593 5.605 5.613 5.619 5.627 5.641 5.662
-99.000 -99.000 -99.000 -99.000 -99.000 -99.000 -99.000 -99.000 -99.000 -99.000 -99.000 -99.000 -99.000 -99.000 -99.000 -99.000 -99.000 -99.000 -99.000 -99.000 -99.000 -99.000 1.644 1.653 1.720 1.887 2.146 2.467 2.813 3.146 3.439 3.684 3.878 4.031 4.152 4.249 4.329 4.398 4.458 4.514 4.565 4.615 4.662 4.708 4.754 4.799 4.844 4.890 4.936 4.983 5.031 5.081 5.131 5.182 5.234 5.285 5.336 5.387 5.437 5.483 5.526 5.562 5.592 5.614 5.629 5.639 5.647 5.655 5.667 5.685
-99.000 -99.000 -99.000 -99.000 -99.000 -99.000 -99.000 -99.000 -99.000 -99.000 -99.000 -99.000 -99.000 -99.000 -99.000 -99.000 -99.000 -99.000 -99.000 -99.000 -99.000 -99.000 1.645 1.669 1.776 1.983 2.271 2.609 2.956 3.276 3.552 3.777 3.955 4.094 4.205 4.294 4.370 4.435 4.493 4.546 4.595 4.642 4.688 4.732 4.776 4.819 4.863 4.906 4.951 4.996 5.042 5.090 5.138 5.188 5.239 5.289 5.339 5.390 5.440 5.487 5.531 5.569 5.602 5.628 5.647 5.661 5.671 5.682 5.694 5.711
-99.000 -99.000 -99.000 -99.000 -99.000 -99.000 -99.000 -99.000 -99.000 -99.000 -99.000 -99.000 -99.000 -99.000 -99.000 -99.000 -99.000 -99.000 -99.000 -99.000 -99.000 1.644 1.649 1.700 1.849 2.092 2.404 2.752 3.094 3.400 3.656 3.863 4.024 4.152 4.254 4.338 4.409 4.471 4.527 4.578 4.626 4.671 4.715 4.758 4.800 4.841 4.883 4.924 4.967 5.010 5.054 5.100 5.147 5.195 5.244 5.292 5.342 5.391 5.440 5.487 5.531 5.571 5.605 5.634 5.658 5.676 5.691 5.705 5.720 5.737
-99.000 -99.000 -99.000 -99.000 -99.000 -99.000 -99.000 -99.000 -99.000 -99.000 -99.000 -99.000 -99.000 -99.000 -99.000 -99.000 -99.000 -99.000 -99.000 -99.000 -99.000 1.645 1.660 1.747 1.937 2.211 2.544 2.896 3.227 3.514 3.752 3.940 4.088 4.205 4.300 4.379 4.447 4.507 4.561 4.611 4.657 4.701 4.744 4.785 4.825 4.865 4.904 4.944 4.985 5.026 5.068 5.112 5.157 5.203 5.250 5.297 5.344 5.392 5.440 5.486 5.529 5.569 5.605 5.637 5.664 5.687 5.707 5.726 5.744 5.763
-99.000 -99.000 -99.000 -99.000 -99.000 -99.000 -99.000 -99.000 -99.000 -99.000 -99.000 -99.000 -99.000 -99.000 -99.000 -99.000 -99.000 -99.000 -99.000 -99.000 1.644 1.647 1.684 1.812 2.039 2.340 2.687 3.035 3.352 3.621 3.839 4.011 4.146 4.254 4.344 4.419 4.484 4.542 4.595 4.644 4.689 4.732 4.773 4.813 4.852 4.890 4.928 4.966 5.005 5.044 5.084 5.126 5.169 5.213 5.258 5.303 5.348 5.395 5.440 5.485 5.528 5.568 5.605 5.638 5.669 5.696 5.721 5.745 5.767 5.789
-99.000 -99.000 -99.000 -99.000 -99.000 -99.000 -99.000 -99.000 -99.000 -99.000 -99.000 -99.000 -99.000 -99.000 -99.000 -99.000 -99.000 -99.000 -99.000 -99.000 1.644 1.654 1.722 1.893 2.153 2.477 2.831 3.170 3.470 3.718 3.918 4.075 4.199 4.300 4.384 4.457 4.520 4.577 4.629 4.677 4.721 4.764 4.804 4.842 4.880 4.917 4.953 4.990 5.027 5.064 5.103 5.142 5.183 5.225 5.268 5.311 5.355 5.399 5.443 5.487 5.528 5.568 5.606 5.641 5.675 5.706 5.736 5.765 5.792 5.817
-99.000 -99.000 -99.000 -99.000 -99.000 -99.000 -99.000 -99.000 -99.000 -99.000 -99.000 -99.000 -99.000 -99.000 -99.000 -99.000 -99.000 -99.000 -99.000 -99.000 1.645 1.671 1.778 1.988 2.277 2.619 2.972 3.299 3.579 3.808 3.990 4.134 4.248 4.343 4.423 4.492 4.554 4.610 4.662 4.709 4.754 4.795 4.835 4.873 4.910 4.945 4.980 5.016 5.051 5.087 5.123 5.161 5.200 5.240 5.281 5.322 5.364 5.407 5.449 5.491 5.533 5.572 5.611 5.648 5.684 5.719 5.754 5.787 5.818 5.848
-99.000 -99.000 -99.000 -99.000 -99.000 -99.000 -99.000 -99.000 -99.000 -99.000 -99.000 -99.000 -99.000 -99.000 -99.000 -99.000 -99.000 -99.000 -99.000 1.644 1.650 1.701 1.851 2.096 2.410 2.763 3.110 3.420 3.680 3.889 4.055 4.187 4.293 4.382 4.459 4.526 4.587 4.642 4.693 4.741 4.785 4.827 4.866 4.904 4.940 4.975 5.009 5.043 5.077 5.111 5.146 5.182 5.219 5.257 5.296 5.335 5.376 5.417 5.458 5.500 5.540 5.580 5.620 5.659 5.698 5.736 5.774 5.812 5.848 5.882
-99.000 -99.000 -99.000 -99.000 -99.000 -99.000 -99.000 -99.000 -99.000 -99.000 -99.000 -99.000 -99.000 -99.000 -99.000 -99.000 -99.000 -99.000 -99.000 1.645 1.661 1.749 1.939 2.215 2.550 2.906 3.242 3.533 3.772 3.964 4.115 4.236 4.335 4.419 4.492 4.558 4.618 4.673 4.724 4.772 4.816 4.858 4.898 4.935 4.971 5.005 5.039 5.072 5.105 5.138 5.171 5.205 5.240 5.276 5.313 5.351 5.390 5.430 5.470 5.510 5.551 5.591 5.632 5.673 5.714 5.756 5.798 5.840 5.880 5.919
