TsunamiDB/out54042.asc
ncols          264
nrows          230
xllcorner      497853.4375
yllcorner      4229146.0000
cellsize         5.
NODATA_value   -99
[rows 32 to 63 of 230, columns 146 to 218 of 264]
4.318 4.374 4.426 4.475 4.521 4.565 4.607 4.646 4.686 4.723 4.760 4.795 4.829 4.862 4.893 4.924 4.953 4.982 5.009 5.035 5.061 5.086 5.110 5.133 5.156 5.178 5.200 5.222 5.243 5.264 5.285 5.307 5.330 5.354 5.378 5.404 5.430 5.457 5.485 5.513 5.542 5.571 5.600 5.629 5.658 5.686 5.713 5.739 5.764 5.787 5.808 5.828 5.843 5.856 5.868 5.876 5.882 5.886 5.889 5.892 5.894 5.899 5.905 5.915 5.928 5.944 5.964 5.988 6.014 6.043 6.074 6.107 6.142
4.348 4.403 4.455 4.503 4.549 4.593 4.634 4.674 4.713 4.750 4.787 4.822 4.855 4.888 4.920 4.950 4.980 5.008 5.035 5.062 5.087 5.112 5.136 5.159 5.182 5.203 5.224 5.245 5.265 5.284 5.303 5.324 5.344 5.366 5.388 5.411 5.436 5.461 5.487 5.515 5.542 5.571 5.599 5.628 5.656 5.684 5.712 5.739 5.764 5.789 5.812 5.833 5.851 5.866 5.880 5.891 5.900 5.906 5.911 5.915 5.918 5.922 5.927 5.934 5.945 5.958 5.975 5.996 6.020 6.047 6.076 6.108 6.141
4.377 4.432 4.483 4.531 4.577 4.621 4.661 4.701 4.739 4.777 4.813 4.848 4.881 4.914 4.945 4.976 5.006 5.034 5.062 5.088 5.114 5.139 5.163 5.186 5.209 5.230 5.251 5.271 5.290 5.308 5.325 5.344 5.362 5.381 5.401 5.422 5.445 5.468 5.492 5.518 5.544 5.572 5.599 5.627 5.656 5.684 5.711 5.738 5.765 5.790 5.814 5.836 5.856 5.873 5.889 5.903 5.915 5.924 5.932 5.937 5.942 5.946 5.951 5.957 5.966 5.977 5.991 6.009 6.030 6.055 6.082 6.113 6.145
4.405 4.460 4.510 4.558 4.604 4.647 4.688 4.727 4.765 4.802 4.838 4.873 4.906 4.939 4.970 5.001 5.031 5.060 5.087 5.114 5.141 5.166 5.191 5.214 5.237 5.258 5.279 5.299 5.317 5.334 5.350 5.367 5.384 5.401 5.419 5.437 5.457 5.478 5.500 5.524 5.548 5.574 5.601 5.628 5.656 5.683 5.711 5.738 5.765 5.791 5.815 5.839 5.860 5.879 5.898 5.914 5.928 5.940 5.950 5.958 5.965 5.971 5.976 5.982 5.990 5.999 6.011 6.027 6.045 6.068 6.093 6.121 6.152
4.432 4.486 4.537 4.585 4.630 4.673 4.713 4.752 4.790 4.827 4.862 4.897 4.930 4.963 4.994 5.025 5.055 5.084 5.112 5.140 5.167 5.192 5.217 5.242 5.265 5.287 5.308 5.328 5.346 5.363 5.378 5.394 5.410 5.425 5.441 5.457 5.474 5.492 5.512 5.533 5.555 5.579 5.604 5.631 5.657 5.684 5.712 5.739 5.766 5.792 5.817 5.842 5.864 5.885 5.905 5.923 5.940 5.954 5.967 5.977 5.987 5.994 6.002 6.008 6.016 6.024 6.035 6.049 6.065 6.085 6.108 6.135 6.164
4.458 4.512 4.562 4.610 4.655 4.698 4.738 4.776 4.814 4.851 4.886 4.920 4.954 4.986 5.018 5.048 5.078 5.108 5.136 5.164 5.191 5.218 5.244 5.269 5.292 5.315 5.337 5.357 5.376 5.393 5.409 5.424 5.439 5.453 5.466 5.480 5.495 5.511 5.528 5.546 5.566 5.588 5.611 5.635 5.661 5.687 5.714 5.741 5.768 5.794 5.820 5.845 5.869 5.891 5.912 5.932 5.951 5.967 5.982 5.996 6.007 6.017 6.027 6.035 6.043 6.052 6.062 6.074 6.089 6.107 6.128 6.152 6.180
4.482 4.536 4.587 4.634 4.679 4.722 4.762 4.800 4.838 4.874 4.909 4.943 4.976 5.008 5.040 5.070 5.101 5.130 5.159 5.187 5.215 5.242 5.269 5.294 5.319 5.343 5.365 5.386 5.406 5.424 5.440 5.455 5.470 5.483 5.496 5.508 5.521 5.534 5.548 5.564 5.581 5.600 5.621 5.643 5.667 5.692 5.718 5.745 5.771 5.798 5.824 5.850 5.874 5.897 5.920 5.941 5.961 5.980 5.997 6.013 6.027 6.039 6.051 6.061 6.071 6.081 6.091 6.102 6.116 6.132 6.151 6.174 6.200
4.505 4.559 4.610 4.657 4.702 4.745 4.784 4.822 4.860 4.896 4.931 4.964 4.997 5.029 5.061 5.092 5.122 5.151 5.181 5.209 5.238 5.265 5.293 5.319 5.344 5.369 5.392 5.415 5.435 5.454 5.471 5.487 5.502 5.516 5.528 5.540 5.551 5.562 5.574 5.586 5.601 5.617 5.635 5.655 5.677 5.700 5.725 5.751 5.777 5.803 5.830 5.856 5.880 5.904 5.928 5.951 5.972 5.993 6.012 6.029 6.046 6.061 6.074 6.087 6.098 6.110 6.121 6.132 6.146 6.161 6.179 6.199 6.224
4.526 4.580 4.631 4.679 4.724 4.767 4.806 4.844 4.881 4.917 4.952 4.985 5.018 5.050 5.081 5.112 5.142 5.172 5.201 5.230 5.259 5.287 5.315 5.342 5.368 5.394 5.418 5.441 5.463 5.483 5.501 5.519 5.535 5.549 5.562 5.573 5.584 5.594 5.604 5.614 5.626 5.639 5.654 5.671 5.690 5.712 5.735 5.759 5.785 5.811 5.837 5.863 5.888 5.912 5.937 5.961 5.984 6.005 6.026 6.046 6.064 6.081 6.097 6.112 6.125 6.138 6.151 6.163 6.177 6.192 6.209 6.228 6.251
4.545 4.600 4.651 4.699 4.744 4.787 4.827 4.865 4.902 4.938 4.972 5.005 5.038 5.069 5.101 5.131 5.161 5.191 5.221 5.250 5.279 5.308 5.336 5.364 5.391 5.417 5.442 5.466 5.489 5.511 5.530 5.549 5.567 5.582 5.596 5.608 5.619 5.629 5.637 5.646 5.655 5.666 5.678 5.692 5.709 5.727 5.748 5.771 5.795 5.820 5.846 5.872 5.897 5.922 5.947 5.972 5.996 6.019 6.041 6.062 6.082 6.101 6.119 6.136 6.152 6.167 6.181 6.195 6.209 6.224 6.240 6.259 6.281
4.562 4.617 4.669 4.718 4.763 4.807 4.847 4.885 4.922 4.957 4.991 5.024 5.057 5.088 5.119 5.150 5.180 5.210 5.239 5.269 5.298 5.327 5.356 5.384 5.411 5.438 5.464 5.489 5.514 5.536 5.557 5.578 5.597 5.614 5.630 5.643 5.655 5.665 5.674 5.682 5.689 5.698 5.707 5.718 5.732 5.748 5.766 5.786 5.809 5.833 5.858 5.882 5.907 5.933 5.958 5.984 6.008 6.033 6.056 6.079 6.100 6.121 6.141 6.160 6.178 6.194 6.210 6.226 6.241 6.257 6.273 6.292 6.312
4.577 4.633 4.685 4.735 4.781 4.825 4.865 4.903 4.940 4.976 5.010 5.043 5.075 5.106 5.137 5.168 5.198 5.228 5.257 5.287 5.316 5.345 5.374 5.403 5.431 5.458 5.485 5.511 5.536 5.559 5.582 5.604 5.625 5.644 5.661 5.677 5.690 5.701 5.711 5.719 5.727 5.734 5.741 5.750 5.760 5.773 5.788 5.806 5.826 5.848 5.872 5.895 5.919 5.945 5.971 5.997 6.022 6.047 6.072 6.096 6.119 6.141 6.163 6.183 6.203 6.221 6.239 6.256 6.273 6.289 6.307 6.325 6.345
4.590 4.647 4.700 4.750 4.797 4.841 4.882 4.921 4.958 4.994 5.028 5.061 5.093 5.124 5.155 5.185 5.215 5.245 5.275 5.304 5.333 5.363 5.392 5.420 5.448 5.476 5.504 5.530 5.556 5.581 5.605 5.628 5.650 5.671 5.691 5.708 5.723 5.737 5.748 5.757 5.765 5.772 5.778 5.785 5.793 5.803 5.815 5.830 5.847 5.867 5.889 5.911 5.934 5.959 5.985 6.011 6.037 6.063 6.088 6.113 6.137 6.161 6.184 6.206 6.228 6.248 6.267 6.286 6.304 6.322 6.340 6.359 6.379
4.602 4.659 4.713 4.763 4.811 4.856 4.898 4.937 4.975 5.011 5.045 5.078 5.110 5.141 5.172 5.202 5.232 5.262 5.291 5.321 5.350 5.379 5.408 5.437 5.465 5.493 5.521 5.549 5.575 5.600 5.625 5.650 5.674 5.696 5.717 5.737 5.754 5.770 5.783 5.795 5.804 5.811 5.818 5.824 5.830 5.838 5.847 5.859 5.873 5.890 5.909 5.930 5.952 5.976 6.001 6.027 6.053 6.079 6.105 6.131 6.157 6.181 6.206 6.229 6.252 6.274 6.295 6.315 6.335 6.354 6.373 6.393 6.413
4.611 4.668 4.723 4.775 4.824 4.870 4.912 4.952 4.991 5.027 5.062 5.095 5.127 5.158 5.189 5.219 5.249 5.278 5.308 5.337 5.366 5.395 5.424 5.453 5.481 5.509 5.538 5.565 5.592 5.618 5.644 5.670 5.695 5.718 5.741 5.762 5.782 5.800 5.816 5.829 5.841 5.850 5.858 5.864 5.870 5.876 5.883 5.892 5.904 5.918 5.934 5.953 5.973 5.995 6.020 6.045 6.071 6.097 6.123 6.150 6.176 6.202 6.228 6.252 6.277 6.300 6.323 6.344 6.365 6.386 6.406 6.426 6.447
4.619 4.676 4.732 4.784 4.834 4.881 4.924 4.966 5.005 5.042 5.077 5.111 5.143 5.175 5.205 5.235 5.265 5.294 5.324 5.353 5.382 5.410 5.439 5.468 5.496 5.524 5.553 5.581 5.607 5.634 5.661 5.687 5.713 5.738 5.763 5.786 5.807 5.827 5.845 5.862 5.875 5.887 5.897 5.904 5.911 5.917 5.923 5.930 5.939 5.950 5.964 5.979 5.997 6.018 6.040 6.065 6.090 6.116 6.143 6.170 6.196 6.223 6.250 6.276 6.301 6.326 6.350 6.373 6.395 6.417 6.438 6.459 6.480
4.625 4.683 4.739 4.792 4.843 4.891 4.935 4.977 5.018 5.056 5.092 5.126 5.159 5.191 5.222 5.252 5.281 5.311 5.340 5.368 5.397 5.425 5.454 5.482 5.510 5.539 5.567 5.595 5.622 5.649 5.677 5.704 5.730 5.757 5.782 5.806 5.830 5.852 5.872 5.890 5.907 5.921 5.933 5.943 5.951 5.957 5.963 5.970 5.977 5.986 5.997 6.010 6.025 6.043 6.064 6.087 6.111 6.137 6.163 6.190 6.218 6.245 6.272 6.299 6.326 6.351 6.377 6.401 6.424 6.447 6.470 6.492 6.514
4.631 4.688 4.744 4.798 4.849 4.898 4.943 4.987 5.029 5.068 5.105 5.140 5.174 5.206 5.238 5.268 5.298 5.327 5.356 5.384 5.412 5.440 5.468 5.496 5.524 5.553 5.581 5.609 5.636 5.663 5.691 5.719 5.746 5.773 5.799 5.825 5.850 5.873 5.895 5.916 5.935 5.952 5.966 5.979 5.989 5.997 6.004 6.010 6.017 6.024 6.034 6.044 6.056 6.072 6.091 6.112 6.135 6.160 6.186 6.213 6.240 6.268 6.295 6.323 6.350 6.377 6.403 6.429 6.454 6.478 6.501 6.524 6.547
4.636 4.692 4.748 4.801 4.854 4.903 4.949 4.995 5.038 5.078 5.117 5.153 5.188 5.221 5.253 5.284 5.314 5.343 5.372 5.400 5.428 5.455 5.483 5.510 5.538 5.566 5.594 5.622 5.649 5.676 5.704 5.732 5.760 5.788 5.815 5.842 5.867 5.892 5.916 5.939 5.960 5.979 5.996 6.011 6.024 6.034 6.043 6.051 6.057 6.064 6.072 6.081 6.091 6.105 6.121 6.140 6.162 6.185 6.210 6.236 6.263 6.291 6.319 6.348 6.376 6.403 6.431 6.457 6.483 6.508 6.532 6.556 6.580
4.641 4.696 4.750 4.804 4.856 4.906 4.954 5.000 5.045 5.087 5.127 5.165 5.201 5.235 5.268 5.299 5.330 5.359 5.388 5.416 5.443 5.470 5.497 5.525 5.552 5.579 5.607 5.635 5.662 5.689 5.717 5.745 5.773 5.801 5.829 5.857 5.883 5.909 5.935 5.959 5.982 6.003 6.022 6.040 6.055 6.068 6.079 6.089 6.097 6.104 6.112 6.119 6.128 6.140 6.154 6.171 6.191 6.212 6.236 6.262 6.288 6.316 6.344 6.373 6.402 6.430 6.458 6.485 6.512 6.538 6.564 6.589 6.613
4.646 4.699 4.753 4.806 4.858 4.908 4.956 5.004 5.049 5.093 5.135 5.174 5.212 5.248 5.282 5.314 5.345 5.375 5.404 5.432 5.459 5.486 5.512 5.539 5.566 5.593 5.620 5.647 5.674 5.701 5.729 5.757 5.786 5.814 5.842 5.870 5.898 5.925 5.951 5.977 6.001 6.024 6.046 6.065 6.083 6.099 6.112 6.124 6.134 6.143 6.151 6.158 6.167 6.177 6.190 6.205 6.222 6.242 6.265 6.289 6.315 6.342 6.371 6.399 6.428 6.457 6.486 6.514 6.542 6.569 6.595 6.621 6.647
4.651 4.703 4.755 4.807 4.858 4.908 4.957 5.005 5.052 5.097 5.140 5.181 5.221 5.258 5.294 5.328 5.360 5.390 5.419 5.447 5.475 5.501 5.528 5.554 5.580 5.606 5.633 5.660 5.686 5.713 5.741 5.769 5.797 5.826 5.854 5.883 5.911 5.939 5.966 5.993 6.018 6.043 6.066 6.088 6.108 6.126 6.142 6.156 6.168 6.179 6.188 6.197 6.205 6.215 6.226 6.240 6.256 6.274 6.295 6.318 6.343 6.370 6.398 6.427 6.456 6.485 6.515 6.544 6.572 6.600 6.627 6.654 6.681
4.657 4.708 4.758 4.809 4.859 4.908 4.956 5.005 5.052 5.098 5.143 5.186 5.227 5.267 5.304 5.339 5.373 5.404 5.434 5.463 5.490 5.517 5.543 5.569 5.595 5.621 5.647 5.673 5.699 5.725 5.752 5.780 5.808 5.837 5.865 5.894 5.923 5.951 5.979 6.007 6.033 6.059 6.084 6.108 6.129 6.150 6.168 6.184 6.199 6.211 6.223 6.233 6.242 6.252 6.263 6.276 6.291 6.308 6.327 6.349 6.373 6.399 6.427 6.455 6.485 6.514 6.544 6.574 6.603 6.632 6.660 6.688 6.715
4.664 4.713 4.762 4.811 4.859 4.907 4.955 5.003 5.051 5.098 5.144 5.188 5.231 5.272 5.311 5.348 5.383 5.416 5.448 5.477 5.505 5.533 5.559 5.584 5.610 5.635 5.660 5.686 5.711 5.737 5.764 5.791 5.819 5.847 5.876 5.905 5.934 5.962 5.991 6.019 6.047 6.074 6.100 6.125 6.148 6.170 6.191 6.209 6.226 6.241 6.254 6.266 6.276 6.287 6.299 6.312 6.326 6.342 6.361 6.381 6.404 6.430 6.456 6.485 6.514 6.544 6.574 6.604 6.634 6.664 6.693 6.721 6.750
4.672 4.719 4.766 4.813 4.861 4.907 4.954 5.001 5.049 5.096 5.142 5.188 5.232 5.275 5.315 5.354 5.391 5.426 5.459 5.490 5.519 5.547 5.574 5.600 5.625 5.650 5.675 5.700 5.724 5.749 5.775 5.802 5.829 5.857 5.886 5.915 5.944 5.973 6.002 6.031 6.059 6.087 6.114 6.140 6.165 6.189 6.211 6.231 6.250 6.267 6.283 6.296 6.308 6.321 6.333 6.346 6.361 6.376 6.394 6.414 6.436 6.461 6.487 6.515 6.544 6.574 6.605 6.636 6.666 6.696 6.726 6.755 6.784
4.680 4.725 4.771 4.817 4.862 4.907 4.953 4.999 5.046 5.093 5.139 5.185 5.230 5.274 5.317 5.357 5.396 5.433 5.467 5.500 5.531 5.560 5.588 5.614 5.640 5.665 5.689 5.714 5.738 5.762 5.787 5.813 5.840 5.867 5.895 5.924 5.953 5.982 6.011 6.041 6.070 6.098 6.126 6.153 6.180 6.205 6.229 6.251 6.272 6.291 6.308 6.323 6.337 6.351 6.365 6.379 6.394 6.410 6.427 6.447 6.469 6.492 6.518 6.546 6.575 6.605 6.636 6.667 6.698 6.729 6.759 6.789 6.818
4.689 4.733 4.777 4.821 4.865 4.908 4.952 4.998 5.043 5.089 5.135 5.181 5.226 5.271 5.315 5.357 5.397 5.436 5.472 5.507 5.540 5.571 5.600 5.628 5.654 5.679 5.704 5.728 5.751 5.774 5.799 5.824 5.850 5.877 5.904 5.933 5.961 5.990 6.020 6.049 6.079 6.108 6.137 6.165 6.192 6.219 6.244 6.268 6.290 6.311 6.330 6.347 6.363 6.379 6.394 6.410 6.425 6.442 6.460 6.479 6.500 6.524 6.549 6.577 6.606 6.636 6.667 6.698 6.730 6.761 6.792 6.823 6.852
4.698 4.741 4.783 4.826 4.868 4.911 4.953 4.997 5.041 5.086 5.131 5.176 5.221 5.266 5.310 5.353 5.395 5.435 5.474 5.510 5.545 5.578 5.609 5.638 5.666 5.692 5.717 5.742 5.765 5.787 5.811 5.836 5.861 5.887 5.913 5.941 5.969 5.998 6.027 6.057 6.087 6.117 6.146 6.175 6.203 6.231 6.257 6.282 6.306 6.329 6.349 6.368 6.386 6.403 6.420 6.437 6.454 6.471 6.490 6.510 6.531 6.554 6.580 6.607 6.636 6.666 6.697 6.729 6.761 6.793 6.825 6.856 6.886
4.708 4.749 4.790 4.831 4.873 4.913 4.955 4.997 5.040 5.083 5.127 5.171 5.216 5.260 5.304 5.347 5.390 5.431 5.471 5.510 5.547 5.582 5.615 5.646 5.675 5.703 5.729 5.754 5.777 5.800 5.823 5.847 5.871 5.896 5.922 5.949 5.977 6.005 6.034 6.064 6.094 6.124 6.154 6.183 6.213 6.241 6.268 6.295 6.320 6.344 6.366 6.386 6.406 6.425 6.444 6.462 6.480 6.499 6.518 6.538 6.560 6.584 6.609 6.636 6.665 6.695 6.727 6.759 6.792 6.824 6.856 6.888 6.918
4.718 4.758 4.798 4.838 4.878 4.917 4.957 4.998 5.039 5.081 5.124 5.167 5.210 5.253 5.296 5.339 5.382 5.424 5.465 5.505 5.544 5.581 5.616 5.649 5.681 5.710 5.738 5.764 5.788 5.811 5.835 5.858 5.882 5.906 5.931 5.957 5.984 6.012 6.040 6.070 6.100 6.130 6.160 6.190 6.220 6.249 6.278 6.305 6.332 6.357 6.380 6.402 6.423 6.444 6.464 6.484 6.504 6.523 6.544 6.565 6.587 6.611 6.637 6.664 6.693 6.723 6.755 6.788 6.821 6.854 6.887 6.919 6.950
4.730 4.768 4.807 4.845 4.884 4.922 4.960 5.000 5.040 5.080 5.121 5.163 5.204 5.246 5.289 5.331 5.373 5.415 5.457 5.497 5.537 5.576 5.613 5.648 5.682 5.714 5.743 5.771 5.797 5.821 5.845 5.869 5.892 5.916 5.940 5.965 5.991 6.018 6.046 6.075 6.104 6.135 6.165 6.196 6.226 6.256 6.285 6.313 6.341 6.368 6.392 6.415 6.438 6.460 6.482 6.503 6.524 6.545 6.566 6.589 6.612 6.636 6.662 6.689 6.719 6.749 6.781 6.814 6.848 6.882 6.916 6.948 6.980
4.742 4.779 4.816 4.853 4.891 4.927 4.965 5.003 5.041 5.080 5.120 5.160 5.200 5.240 5.281 5.322 5.364 5.405 5.447 5.488 5.528 5.568 5.606 5.643 5.679 5.713 5.745 5.774 5.801 5.827 5.853 5.877 5.901 5.924 5.948 5.972 5.997 6.023 6.051 6.079 6.108 6.138 6.169 6.199 6.230 6.260 6.290 6.320 6.348 6.376 6.401 6.426 6.450 6.474 6.497 6.519 6.542 6.564 6.587 6.610 6.634 6.659 6.685 6.713 6.742 6.773 6.806 6.839 6.873 6.908 6.942 6.976 7.009
