TsunamiDB/out54095.asc
ncols          264
nrows          230
xllcorner      497853.4375
yllcorner      4229146.0000
cellsize         5.
NODATA_value   -99
[rows 136 to 169 of 230, columns 0 to 76 of 264]
4.265 4.311 4.354 4.397 4.438 4.479 4.518 4.556 4.592 4.627 4.662 4.697 4.730 4.762 4.794 4.824 4.854 4.883 4.912 4.939 4.966 4.992 5.017 5.042 5.066 5.089 5.112 5.134 5.156 5.177 5.198 5.218 5.236 5.255 5.274 5.293 5.312 5.330 5.348 5.366 5.384 5.402 5.419 5.437 5.454 5.472 5.489 5.507 5.524 5.541 5.559 5.576 5.593 5.611 5.627 5.642 5.658 5.674 5.690 5.706 5.721 5.736 5.751 5.766 5.780 5.794 5.808 5.821 5.834 5.847 5.860 5.872 5.885 5.897 5.910 5.922 5.935
4.287 4.331 4.375 4.417 4.458 4.498 4.536 4.574 4.610 4.645 4.680 4.714 4.747 4.780 4.811 4.842 4.872 4.901 4.929 4.957 4.983 5.009 5.035 5.059 5.083 5.107 5.130 5.152 5.174 5.195 5.215 5.234 5.253 5.272 5.291 5.309 5.327 5.345 5.363 5.380 5.398 5.415 5.432 5.449 5.466 5.483 5.500 5.517 5.534 5.551 5.568 5.585 5.602 5.619 5.635 5.651 5.666 5.682 5.698 5.714 5.730 5.745 5.760 5.774 5.789 5.803 5.817 5.830 5.843 5.856 5.869 5.881 5.894 5.906 5.918 5.930 5.943
4.307 4.351 4.394 4.436 4.476 4.516 4.554 4.592 4.628 4.662 4.697 4.731 4.764 4.797 4.828 4.859 4.889 4.918 4.946 4.974 5.000 5.027 5.052 5.077 5.101 5.124 5.147 5.169 5.191 5.212 5.233 5.252 5.270 5.289 5.307 5.326 5.343 5.361 5.378 5.395 5.412 5.429 5.446 5.462 5.479 5.495 5.512 5.528 5.545 5.562 5.578 5.595 5.611 5.628 5.644 5.659 5.675 5.690 5.706 5.722 5.738 5.753 5.768 5.783 5.797 5.811 5.825 5.839 5.852 5.865 5.878 5.890 5.903 5.915 5.927 5.939 5.952
4.328 4.371 4.413 4.454 4.494 4.534 4.572 4.609 4.645 4.679 4.714 4.748 4.781 4.813 4.844 4.875 4.905 4.934 4.963 4.990 5.017 5.043 5.069 5.094 5.118 5.142 5.165 5.187 5.209 5.230 5.250 5.269 5.288 5.306 5.325 5.343 5.360 5.378 5.395 5.411 5.428 5.444 5.460 5.476 5.492 5.508 5.524 5.540 5.556 5.572 5.588 5.605 5.621 5.637 5.653 5.667 5.683 5.699 5.714 5.730 5.745 5.761 5.776 5.791 5.805 5.820 5.834 5.847 5.861 5.874 5.887 5.900 5.912 5.924 5.936 5.948 5.960
4.347 4.390 4.432 4.472 4.512 4.551 4.589 4.626 4.661 4.695 4.730 4.763 4.796 4.829 4.860 4.891 4.921 4.950 4.978 5.006 5.033 5.060 5.085 5.110 5.135 5.159 5.182 5.204 5.226 5.247 5.268 5.287 5.305 5.324 5.342 5.360 5.378 5.395 5.412 5.428 5.444 5.460 5.476 5.491 5.507 5.522 5.538 5.553 5.568 5.584 5.600 5.615 5.631 5.647 5.662 5.676 5.691 5.707 5.722 5.738 5.753 5.768 5.783 5.798 5.813 5.828 5.842 5.856 5.869 5.883 5.896 5.909 5.921 5.933 5.946 5.958 5.969
4.366 4.409 4.450 4.490 4.529 4.567 4.605 4.642 4.677 4.711 4.745 4.779 4.812 4.844 4.875 4.906 4.936 4.965 4.994 5.022 5.049 5.075 5.101 5.126 5.151 5.175 5.198 5.221 5.243 5.264 5.285 5.305 5.323 5.342 5.360 5.378 5.396 5.413 5.429 5.446 5.462 5.477 5.492 5.508 5.523 5.537 5.552 5.567 5.582 5.597 5.611 5.626 5.642 5.657 5.671 5.685 5.700 5.715 5.730 5.746 5.761 5.776 5.791 5.806 5.821 5.835 5.850 5.864 5.877 5.891 5.904 5.917 5.930 5.942 5.955 5.967 5.979
4.385 4.427 4.467 4.507 4.546 4.583 4.621 4.657 4.692 4.726 4.760 4.793 4.826 4.858 4.889 4.920 4.950 4.979 5.008 5.036 5.064 5.090 5.116 5.142 5.166 5.191 5.214 5.237 5.259 5.281 5.302 5.322 5.341 5.359 5.378 5.396 5.414 5.431 5.447 5.464 5.479 5.495 5.510 5.525 5.539 5.554 5.568 5.582 5.596 5.610 5.624 5.639 5.653 5.668 5.682 5.695 5.709 5.724 5.739 5.754 5.769 5.784 5.799 5.813 5.828 5.843 5.857 5.871 5.885 5.899 5.913 5.926 5.939 5.951 5.964 5.976 5.988
4.403 4.444 4.484 4.523 4.562 4.599 4.636 4.672 4.706 4.740 4.774 4.807 4.840 4.872 4.903 4.934 4.964 4.993 5.022 5.050 5.077 5.104 5.131 5.156 5.181 5.206 5.229 5.252 5.275 5.297 5.318 5.338 5.357 5.377 5.395 5.414 5.432 5.449 5.466 5.482 5.498 5.513 5.528 5.542 5.557 5.571 5.584 5.598 5.612 5.625 5.639 5.652 5.666 5.680 5.693 5.706 5.720 5.734 5.748 5.762 5.777 5.792 5.806 5.821 5.836 5.850 5.865 5.879 5.893 5.907 5.920 5.934 5.947 5.960 5.972 5.984 5.997
4.421 4.461 4.501 4.539 4.577 4.614 4.651 4.686 4.720 4.754 4.787 4.821 4.853 4.885 4.916 4.947 4.977 5.006 5.035 5.063 5.091 5.118 5.144 5.170 5.195 5.220 5.244 5.267 5.290 5.312 5.334 5.354 5.374 5.393 5.412 5.431 5.449 5.466 5.483 5.500 5.516 5.531 5.546 5.561 5.575 5.589 5.602 5.615 5.628 5.641 5.654 5.667 5.680 5.693 5.706 5.718 5.731 5.744 5.758 5.772 5.786 5.800 5.814 5.829 5.843 5.858 5.872 5.886 5.900 5.914 5.928 5.941 5.955 5.968 5.980 5.993 6.005
4.438 4.478 4.517 4.555 4.593 4.629 4.665 4.700 4.734 4.767 4.800 4.833 4.865 4.897 4.928 4.959 4.989 5.018 5.047 5.075 5.103 5.130 5.157 5.183 5.208 5.233 5.257 5.281 5.304 5.326 5.349 5.369 5.389 5.409 5.428 5.447 5.466 5.484 5.501 5.518 5.534 5.549 5.565 5.579 5.593 5.607 5.620 5.634 5.646 5.659 5.671 5.683 5.696 5.708 5.720 5.731 5.743 5.756 5.769 5.782 5.795 5.809 5.823 5.837 5.851 5.865 5.879 5.893 5.908 5.921 5.935 5.949 5.962 5.976 5.988 6.001 6.014
4.455 4.494 4.533 4.571 4.607 4.644 4.679 4.714 4.747 4.780 4.813 4.846 4.878 4.909 4.940 4.970 5.000 5.030 5.058 5.087 5.114 5.142 5.168 5.194 5.220 5.245 5.270 5.294 5.317 5.340 5.362 5.383 5.403 5.423 5.443 5.463 5.482 5.500 5.518 5.535 5.551 5.567 5.583 5.598 5.612 5.626 5.639 5.652 5.665 5.677 5.689 5.701 5.713 5.724 5.735 5.746 5.757 5.769 5.781 5.794 5.806 5.819 5.832 5.846 5.859 5.873 5.887 5.901 5.915 5.929 5.943 5.956 5.970 5.983 5.996 6.009 6.022
4.471 4.510 4.548 4.586 4.622 4.658 4.693 4.727 4.760 4.792 4.825 4.857 4.889 4.920 4.951 4.981 5.011 5.040 5.069 5.098 5.125 5.153 5.179 5.206 5.231 5.257 5.281 5.305 5.329 5.352 5.375 5.396 5.416 5.437 5.457 5.477 5.496 5.515 5.533 5.551 5.568 5.584 5.600 5.615 5.630 5.644 5.658 5.671 5.684 5.696 5.708 5.719 5.731 5.742 5.752 5.762 5.773 5.784 5.795 5.807 5.818 5.831 5.843 5.856 5.869 5.882 5.895 5.909 5.922 5.936 5.950 5.963 5.977 5.990 6.003 6.016 6.029
4.488 4.526 4.564 4.600 4.636 4.672 4.706 4.740 4.772 4.805 4.837 4.869 4.900 4.931 4.962 4.992 5.022 5.051 5.079 5.108 5.135 5.163 5.190 5.216 5.242 5.267 5.292 5.316 5.340 5.363 5.386 5.408 5.429 5.450 5.470 5.491 5.510 5.529 5.548 5.566 5.583 5.600 5.617 5.632 5.648 5.662 5.676 5.690 5.703 5.715 5.727 5.739 5.750 5.761 5.771 5.780 5.790 5.800 5.810 5.821 5.832 5.843 5.855 5.867 5.879 5.892 5.904 5.917 5.931 5.944 5.957 5.971 5.984 5.998 6.011 6.024 6.037
4.504 4.542 4.579 4.615 4.651 4.685 4.720 4.753 4.784 4.817 4.849 4.880 4.911 4.942 4.972 5.002 5.032 5.061 5.089 5.117 5.145 5.172 5.199 5.225 5.251 5.277 5.302 5.326 5.351 5.374 5.397 5.419 5.440 5.461 5.482 5.503 5.523 5.542 5.561 5.580 5.598 5.615 5.632 5.648 5.664 5.679 5.694 5.708 5.721 5.734 5.746 5.758 5.769 5.780 5.790 5.799 5.808 5.818 5.828 5.838 5.848 5.858 5.869 5.880 5.891 5.903 5.915 5.927 5.940 5.952 5.965 5.979 5.992 6.005 6.018 6.031 6.044
4.520 4.557 4.594 4.630 4.665 4.699 4.733 4.765 4.796 4.829 4.860 4.891 4.922 4.952 4.982 5.012 5.041 5.070 5.098 5.126 5.154 5.181 5.208 5.234 5.260 5.286 5.311 5.336 5.360 5.384 5.407 5.429 5.450 5.472 5.493 5.514 5.534 5.554 5.574 5.593 5.611 5.629 5.646 5.663 5.680 5.695 5.710 5.725 5.739 5.752 5.765 5.777 5.789 5.800 5.809 5.818 5.828 5.837 5.846 5.856 5.865 5.874 5.884 5.894 5.905 5.915 5.926 5.938 5.950 5.962 5.974 5.987 6.000 6.013 6.026 6.038 6.051
4.536 4.573 4.609 4.644 4.679 4.712 4.746 4.778 4.809 4.840 4.872 4.902 4.933 4.963 4.992 5.022 5.051 5.079 5.107 5.135 5.163 5.190 5.217 5.243 5.269 5.294 5.320 5.344 5.369 5.393 5.416 5.438 5.460 5.482 5.503 5.524 5.545 5.565 5.585 5.604 5.623 5.642 5.660 5.677 5.694 5.710 5.726 5.741 5.756 5.770 5.783 5.796 5.808 5.819 5.829 5.838 5.848 5.857 5.866 5.875 5.884 5.893 5.901 5.911 5.920 5.930 5.940 5.951 5.961 5.973 5.984 5.996 6.009 6.021 6.034 6.046 6.059
4.552 4.588 4.624 4.658 4.693 4.726 4.759 4.790 4.821 4.852 4.883 4.913 4.943 4.973 5.002 5.031 5.060 5.088 5.116 5.144 5.171 5.198 5.225 5.251 5.277 5.302 5.328 5.353 5.377 5.401 5.424 5.446 5.468 5.490 5.512 5.534 5.555 5.575 5.595 5.615 5.634 5.653 5.671 5.689 5.707 5.724 5.740 5.756 5.771 5.786 5.800 5.813 5.826 5.838 5.848 5.858 5.868 5.877 5.886 5.895 5.904 5.912 5.920 5.929 5.937 5.946 5.955 5.965 5.975 5.985 5.996 6.007 6.019 6.031 6.042 6.055 6.067
4.568 4.604 4.639 4.673 4.707 4.740 4.772 4.803 4.833 4.864 4.895 4.925 4.954 4.983 5.012 5.041 5.069 5.097 5.125 5.152 5.179 5.206 5.232 5.259 5.284 5.310 5.335 5.360 5.385 5.409 5.432 5.454 5.476 5.499 5.521 5.542 5.563 5.584 5.605 5.625 5.644 5.663 5.682 5.700 5.718 5.736 5.753 5.769 5.785 5.800 5.815 5.829 5.843 5.855 5.866 5.877 5.887 5.897 5.907 5.916 5.924 5.933 5.941 5.949 5.957 5.965 5.973 5.981 5.990 6.000 6.009 6.020 6.030 6.041 6.053 6.064 6.076
4.584 4.619 4.654 4.688 4.721 4.754 4.786 4.816 4.846 4.876 4.906 4.936 4.965 4.994 5.022 5.051 5.079 5.106 5.134 5.161 5.187 5.214 5.240 5.266 5.292 5.317 5.342 5.367 5.392 5.416 5.439 5.461 5.484 5.506 5.528 5.550 5.571 5.592 5.613 5.633 5.653 5.673 5.692 5.711 5.729 5.747 5.764 5.781 5.798 5.814 5.829 5.844 5.858 5.872 5.883 5.895 5.906 5.916 5.927 5.936 5.945 5.954 5.962 5.969 5.977 5.984 5.992 6.000 6.008 6.016 6.025 6.034 6.044 6.054 6.064 6.075 6.086
4.600 4.635 4.669 4.703 4.736 4.768 4.799 4.830 4.859 4.889 4.918 4.948 4.976 5.005 5.033 5.061 5.088 5.115 5.142 5.169 5.196 5.222 5.248 5.274 5.299 5.324 5.349 5.374 5.398 5.423 5.445 5.468 5.490 5.513 5.535 5.557 5.579 5.600 5.621 5.641 5.661 5.681 5.701 5.720 5.738 5.757 5.774 5.792 5.809 5.826 5.842 5.857 5.873 5.886 5.899 5.911 5.923 5.935 5.946 5.956 5.965 5.974 5.983 5.991 5.998 6.006 6.013 6.020 6.027 6.034 6.042 6.050 6.059 6.068 6.077 6.087 6.097
4.616 4.651 4.685 4.718 4.750 4.782 4.813 4.843 4.872 4.902 4.931 4.960 4.988 5.016 5.044 5.071 5.098 5.125 5.152 5.178 5.204 5.230 5.256 5.281 5.306 5.331 5.356 5.381 5.405 5.429 5.452 5.474 5.497 5.519 5.542 5.564 5.586 5.607 5.628 5.649 5.669 5.689 5.709 5.728 5.747 5.766 5.784 5.802 5.819 5.836 5.853 5.869 5.885 5.900 5.913 5.926 5.939 5.951 5.963 5.974 5.985 5.994 6.003 6.012 6.020 6.027 6.034 6.041 6.048 6.055 6.061 6.069 6.076 6.084 6.093 6.102 6.110
4.632 4.667 4.700 4.733 4.765 4.797 4.828 4.857 4.886 4.915 4.944 4.972 5.000 5.028 5.055 5.082 5.108 5.135 5.161 5.187 5.213 5.238 5.264 5.289 5.314 5.338 5.363 5.387 5.411 5.435 5.458 5.480 5.503 5.526 5.548 5.570 5.592 5.613 5.635 5.655 5.676 5.696 5.716 5.736 5.755 5.774 5.792 5.811 5.829 5.846 5.863 5.880 5.897 5.911 5.925 5.939 5.953 5.967 5.979 5.991 6.003 6.013 6.023 6.032 6.041 6.049 6.056 6.063 6.070 6.076 6.082 6.089 6.096 6.103 6.110 6.118 6.126
4.649 4.683 4.716 4.749 4.781 4.812 4.842 4.872 4.900 4.929 4.957 4.985 5.013 5.040 5.067 5.093 5.119 5.145 5.171 5.197 5.222 5.247 5.272 5.297 5.321 5.346 5.370 5.394 5.418 5.442 5.464 5.486 5.509 5.532 5.554 5.576 5.598 5.619 5.641 5.662 5.682 5.703 5.723 5.743 5.762 5.781 5.800 5.819 5.837 5.855 5.873 5.890 5.907 5.922 5.937 5.952 5.966 5.980 5.994 6.007 6.019 6.031 6.041 6.051 6.061 6.069 6.077 6.085 6.092 6.098 6.104 6.110 6.117 6.123 6.130 6.136 6.143
4.665 4.699 4.732 4.764 4.796 4.827 4.857 4.886 4.914 4.943 4.971 4.999 5.026 5.052 5.079 5.105 5.131 5.156 5.182 5.207 5.232 5.256 5.281 5.305 5.329 5.353 5.377 5.401 5.425 5.448 5.471 5.493 5.515 5.537 5.560 5.582 5.604 5.625 5.647 5.668 5.688 5.709 5.729 5.749 5.769 5.788 5.807 5.826 5.845 5.863 5.881 5.898 5.916 5.932 5.947 5.962 5.978 5.993 6.007 6.021 6.034 6.046 6.058 6.069 6.079 6.089 6.098 6.106 6.113 6.120 6.127 6.133 6.139 6.145 6.151 6.157 6.162
4.682 4.715 4.748 4.780 4.812 4.842 4.873 4.901 4.929 4.957 4.985 5.012 5.039 5.066 5.092 5.118 5.143 5.168 5.193 5.218 5.242 5.266 5.290 5.314 5.338 5.362 5.385 5.409 5.432 5.455 5.477 5.499 5.521 5.543 5.566 5.588 5.609 5.631 5.652 5.673 5.694 5.715 5.735 5.755 5.775 5.795 5.814 5.833 5.852 5.870 5.889 5.906 5.924 5.941 5.956 5.972 5.988 6.003 6.019 6.033 6.047 6.060 6.073 6.085 6.096 6.107 6.117 6.126 6.134 6.141 6.148 6.155 6.161 6.167 6.173 6.178 6.183
4.698 4.732 4.765 4.796 4.828 4.858 4.888 4.917 4.944 4.972 5.000 5.027 5.053 5.080 5.105 5.131 5.156 5.180 5.205 5.229 5.253 5.277 5.301 5.324 5.347 5.371 5.394 5.417 5.439 5.462 5.484 5.505 5.527 5.550 5.572 5.593 5.615 5.637 5.658 5.679 5.700 5.720 5.741 5.761 5.781 5.801 5.820 5.839 5.858 5.877 5.896 5.914 5.932 5.949 5.965 5.981 5.997 6.013 6.029 6.044 6.059 6.073 6.086 6.099 6.112 6.123 6.134 6.144 6.153 6.162 6.169 6.177 6.183 6.189 6.195 6.201 6.205
4.715 4.748 4.781 4.813 4.844 4.874 4.904 4.932 4.959 4.987 5.015 5.041 5.068 5.094 5.119 5.144 5.169 5.194 5.218 5.242 5.265 5.289 5.312 5.335 5.358 5.380 5.403 5.425 5.448 5.470 5.492 5.513 5.534 5.556 5.578 5.599 5.621 5.642 5.663 5.684 5.705 5.726 5.746 5.767 5.787 5.807 5.826 5.846 5.865 5.884 5.902 5.921 5.939 5.956 5.973 5.989 6.006 6.022 6.038 6.054 6.069 6.084 6.098 6.112 6.125 6.138 6.149 6.160 6.171 6.180 6.189 6.197 6.204 6.211 6.217 6.223 6.228
4.732 4.765 4.797 4.829 4.860 4.890 4.919 4.947 4.975 5.003 5.030 5.056 5.083 5.108 5.134 5.158 5.183 5.207 5.231 5.254 5.278 5.301 5.324 5.346 5.369 5.391 5.413 5.435 5.457 5.479 5.500 5.520 5.542 5.563 5.584 5.606 5.627 5.648 5.669 5.690 5.711 5.731 5.752 5.772 5.792 5.812 5.832 5.851 5.871 5.890 5.909 5.927 5.946 5.963 5.980 5.997 6.014 6.031 6.047 6.063 6.079 6.094 6.109 6.124 6.138 6.151 6.163 6.175 6.187 6.197 6.207 6.216 6.224 6.232 6.239 6.245 6.250
4.748 4.781 4.813 4.845 4.876 4.906 4.935 4.963 4.990 5.018 5.045 5.072 5.098 5.123 5.148 5.173 5.197 5.221 5.245 5.268 5.291 5.314 5.336 5.358 5.380 5.402 5.424 5.446 5.467 5.488 5.509 5.529 5.550 5.571 5.592 5.613 5.634 5.654 5.675 5.696 5.717 5.737 5.757 5.778 5.798 5.818 5.837 5.857 5.877 5.896 5.915 5.934 5.952 5.970 5.987 6.004 6.021 6.038 6.055 6.072 6.088 6.104 6.119 6.134 6.149 6.163 6.176 6.189 6.201 6.212 6.223 6.233 6.242 6.251 6.259 6.266 6.272
4.765 4.798 4.830 4.861 4.892 4.921 4.951 4.978 5.006 5.033 5.060 5.087 5.113 5.138 5.163 5.188 5.212 5.236 5.259 5.282 5.305 5.327 5.349 5.371 5.393 5.414 5.436 5.457 5.478 5.499 5.519 5.538 5.559 5.579 5.600 5.620 5.641 5.661 5.682 5.702 5.723 5.743 5.763 5.783 5.803 5.823 5.843 5.863 5.882 5.901 5.921 5.940 5.958 5.976 5.993 6.011 6.028 6.045 6.063 6.079 6.096 6.112 6.128 6.143 6.159 6.173 6.187 6.201 6.214 6.226 6.238 6.249 6.259 6.268 6.277 6.286 6.292
4.781 4.814 4.846 4.877 4.907 4.937 4.966 4.993 5.021 5.048 5.075 5.102 5.128 5.153 5.178 5.202 5.226 5.250 5.273 5.296 5.319 5.341 5.363 5.385 5.406 5.427 5.448 5.469 5.490 5.510 5.530 5.549 5.569 5.589 5.609 5.629 5.649 5.669 5.689 5.709 5.729 5.749 5.769 5.789 5.809 5.829 5.849 5.868 5.888 5.907 5.926 5.945 5.964 5.982 5.999 6.017 6.035 6.052 6.070 6.087 6.104 6.120 6.136 6.152 6.168 6.183 6.197 6.212 6.225 6.238 6.251 6.263 6.274 6.284 6.294 6.303 6.311
4.798 4.830 4.862 4.893 4.923 4.953 4.981 5.008 5.036 5.063 5.090 5.116 5.142 5.168 5.193 5.217 5.241 5.265 5.288 5.311 5.333 5.355 5.377 5.399 5.420 5.441 5.461 5.482 5.502 5.522 5.541 5.560 5.579 5.599 5.619 5.638 5.658 5.677 5.697 5.717 5.736 5.756 5.776 5.795 5.815 5.835 5.854 5.874 5.893 5.913 5.932 5.951 5.970 5.988 6.005 6.023 6.041 6.059 6.076 6.094 6.111 6.128 6.144 6.160 6.176 6.192 6.207 6.222 6.236 6.250 6.263 6.275 6.287 6.299 6.309 6.320 6.328
4.814 4.846 4.877 4.908 4.938 4.968 4.996 5.023 5.051 5.078 5.105 5.131 5.157 5.182 5.207 5.231 5.255 5.279 5.302 5.325 5.347 5.369 5.391 5.413 5.434 5.454 5.475 5.495 5.515 5.535 5.553 5.572 5.591 5.610 5.629 5.648 5.667 5.687 5.706 5.725 5.744 5.763 5.783 5.802 5.821 5.841 5.860 5.880 5.899 5.918 5.938 5.957 5.976 5.994 6.011 6.029 6.047 6.065 6.083 6.100 6.118 6.135 6.152 6.168 6.184 6.200 6.216 6.231 6.246 6.260 6.274 6.287 6.300 6.312 6.323 6.334 6.344
4.830 4.862 4.893 4.924 4.954 4.983 5.011 5.038 5.065 5.093 5.119 5.145 5.171 5.196 5.221 5.246 5.269 5.293 5.316 5.339 5.361 5.383 5.405 5.426 5.448 5.468 5.489 5.509 5.529 5.548 5.566 5.585 5.603 5.622 5.641 5.659 5.678 5.697 5.715 5.734 5.753 5.771 5.790 5.809 5.828 5.847 5.867 5.886 5.905 5.924 5.943 5.962 5.981 5.999 6.017 6.035 6.053 6.071 6.089 6.107 6.124 6.142 6.159 6.175 6.192 6.208 6.224 6.240 6.255 6.269 6.284 6.298 6.311 6.324 6.336 6.348 6.358
