TsunamiDB/out54184.asc
ncols          264
nrows          230
xllcorner      497853.4375
yllcorner      4229146.0000
cellsize         5.
NODATA_value   -99
[rows 68 to 101 of 230, columns 154 to 230 of 264]
6.850 6.855 6.859 6.863 6.868 6.872 6.875 6.879 6.883 6.886 6.889 6.892 6.895 6.897 6.900 6.902 6.904 6.907 6.909 6.911 6.913 6.915 6.917 6.919 6.921 6.923 6.925 6.927 6.930 6.932 6.935 6.938 6.941 6.944 6.948 6.952 6.956 6.960 6.965 6.969 6.974 6.980 6.986 6.991 6.997 7.003 7.009 7.016 7.022 7.028 7.035 7.041 7.048 7.054 7.060 7.066 7.072 7.078 7.083 7.089 7.094 7.098 7.103 7.107 7.112 7.116 7.119 7.122 7.126 7.128 7.128 7.124 7.118 7.116 7.114 7.112 7.116
6.850 6.854 6.859 6.863 6.868 6.872 6.876 6.879 6.883 6.886 6.889 6.892 6.895 6.898 6.900 6.903 6.905 6.907 6.910 6.912 6.914 6.916 6.917 6.919 6.921 6.923 6.925 6.928 6.930 6.932 6.935 6.938 6.941 6.944 6.948 6.951 6.955 6.960 6.964 6.969 6.974 6.979 6.985 6.991 6.997 7.003 7.009 7.015 7.021 7.028 7.034 7.041 7.047 7.054 7.060 7.066 7.072 7.078 7.084 7.089 7.095 7.100 7.105 7.109 7.114 7.118 7.122 7.126 7.129 7.132 7.132 7.129 7.124 7.122 7.120 7.119 7.124
6.849 6.854 6.859 6.863 6.867 6.872 6.875 6.879 6.883 6.886 6.890 6.893 6.896 6.898 6.901 6.903 6.906 6.908 6.910 6.912 6.914 6.916 6.918 6.920 6.922 6.924 6.926 6.928 6.930 6.933 6.935 6.938 6.941 6.944 6.947 6.951 6.955 6.959 6.964 6.968 6.973 6.979 6.984 6.990 6.996 7.002 7.008 7.014 7.021 7.027 7.034 7.040 7.047 7.053 7.060 7.066 7.072 7.078 7.084 7.090 7.096 7.101 7.106 7.111 7.116 7.121 7.125 7.129 7.133 7.136 7.137 7.134 7.129 7.128 7.127 7.127 7.132
6.849 6.854 6.858 6.863 6.867 6.871 6.875 6.879 6.883 6.886 6.890 6.893 6.896 6.899 6.901 6.904 6.906 6.908 6.911 6.913 6.915 6.917 6.918 6.920 6.922 6.924 6.926 6.928 6.930 6.933 6.935 6.938 6.941 6.944 6.947 6.951 6.954 6.959 6.963 6.968 6.972 6.978 6.984 6.989 6.995 7.001 7.007 7.013 7.020 7.026 7.033 7.039 7.046 7.053 7.059 7.066 7.072 7.078 7.085 7.090 7.096 7.102 7.107 7.112 7.118 7.123 7.127 7.132 7.136 7.140 7.141 7.139 7.135 7.134 7.134 7.134 7.140
6.848 6.853 6.858 6.862 6.867 6.871 6.875 6.879 6.883 6.886 6.890 6.893 6.896 6.899 6.901 6.904 6.906 6.909 6.911 6.913 6.915 6.917 6.919 6.921 6.922 6.924 6.926 6.928 6.930 6.933 6.935 6.938 6.940 6.943 6.947 6.950 6.954 6.958 6.962 6.967 6.972 6.977 6.983 6.988 6.994 7.000 7.006 7.012 7.019 7.025 7.032 7.039 7.045 7.052 7.059 7.065 7.072 7.078 7.084 7.091 7.097 7.102 7.108 7.114 7.120 7.125 7.130 7.135 7.140 7.144 7.146 7.144 7.140 7.139 7.140 7.141 7.148
6.848 6.853 6.858 6.862 6.867 6.871 6.875 6.879 6.883 6.886 6.890 6.893 6.896 6.899 6.902 6.904 6.907 6.909 6.911 6.914 6.916 6.917 6.919 6.921 6.923 6.925 6.926 6.928 6.930 6.933 6.935 6.937 6.940 6.943 6.946 6.950 6.953 6.957 6.961 6.966 6.971 6.976 6.982 6.987 6.993 6.999 7.005 7.011 7.017 7.024 7.031 7.037 7.044 7.051 7.058 7.064 7.071 7.078 7.084 7.090 7.097 7.103 7.109 7.115 7.121 7.126 7.132 7.137 7.143 7.148 7.150 7.148 7.145 7.145 7.147 7.148 7.156
6.848 6.852 6.857 6.862 6.866 6.871 6.875 6.879 6.883 6.886 6.890 6.893 6.896 6.899 6.902 6.904 6.907 6.909 6.912 6.914 6.916 6.918 6.919 6.921 6.923 6.925 6.926 6.928 6.930 6.932 6.935 6.937 6.940 6.943 6.946 6.949 6.952 6.956 6.960 6.965 6.970 6.975 6.980 6.986 6.991 6.997 7.003 7.010 7.016 7.023 7.029 7.036 7.043 7.050 7.056 7.063 7.070 7.077 7.083 7.090 7.096 7.103 7.109 7.115 7.122 7.128 7.134 7.140 7.146 7.151 7.154 7.153 7.150 7.151 7.153 7.155 7.163
6.847 6.852 6.857 6.861 6.866 6.870 6.875 6.879 6.882 6.886 6.890 6.893 6.896 6.899 6.902 6.904 6.907 6.909 6.912 6.914 6.916 6.918 6.920 6.921 6.923 6.925 6.927 6.928 6.930 6.932 6.934 6.937 6.939 6.942 6.945 6.948 6.952 6.955 6.959 6.964 6.968 6.974 6.979 6.984 6.990 6.996 7.002 7.008 7.014 7.021 7.028 7.034 7.041 7.048 7.055 7.062 7.069 7.076 7.083 7.089 7.096 7.102 7.109 7.116 7.122 7.129 7.135 7.142 7.148 7.154 7.157 7.157 7.154 7.155 7.158 7.161 7.169
6.847 6.852 6.857 6.861 6.866 6.870 6.874 6.878 6.882 6.886 6.889 6.893 6.896 6.899 6.902 6.904 6.907 6.909 6.912 6.914 6.916 6.918 6.920 6.921 6.923 6.925 6.927 6.928 6.930 6.932 6.934 6.936 6.939 6.942 6.944 6.948 6.951 6.954 6.958 6.963 6.967 6.972 6.978 6.983 6.988 6.994 7.000 7.006 7.013 7.019 7.026 7.033 7.040 7.046 7.053 7.060 7.067 7.074 7.081 7.088 7.095 7.102 7.109 7.116 7.123 7.130 7.136 7.143 7.150 7.157 7.160 7.159 7.157 7.159 7.163 7.166 7.175
6.847 6.851 6.856 6.861 6.865 6.870 6.874 6.878 6.882 6.886 6.889 6.893 6.896 6.899 6.902 6.904 6.907 6.909 6.912 6.914 6.916 6.918 6.920 6.921 6.923 6.925 6.926 6.928 6.930 6.932 6.934 6.936 6.938 6.941 6.944 6.947 6.950 6.953 6.957 6.961 6.966 6.971 6.976 6.981 6.987 6.992 6.998 7.004 7.011 7.017 7.024 7.031 7.038 7.045 7.052 7.059 7.066 7.073 7.080 7.087 7.094 7.101 7.108 7.116 7.123 7.130 7.137 7.145 7.152 7.158 7.162 7.161 7.160 7.163 7.167 7.171 7.181
6.846 6.851 6.856 6.861 6.865 6.870 6.874 6.878 6.882 6.886 6.889 6.893 6.896 6.899 6.902 6.904 6.907 6.909 6.912 6.914 6.916 6.918 6.920 6.921 6.923 6.925 6.926 6.928 6.930 6.932 6.934 6.936 6.938 6.940 6.943 6.946 6.949 6.952 6.956 6.960 6.965 6.970 6.974 6.980 6.985 6.991 6.996 7.003 7.009 7.015 7.022 7.029 7.036 7.043 7.050 7.057 7.064 7.071 7.079 7.086 7.093 7.100 7.107 7.115 7.122 7.130 7.138 7.145 7.153 7.159 7.163 7.163 7.163 7.167 7.172 7.177 7.188
6.846 6.851 6.856 6.861 6.865 6.870 6.874 6.878 6.882 6.886 6.889 6.892 6.896 6.899 6.902 6.904 6.907 6.909 6.912 6.914 6.916 6.918 6.920 6.921 6.923 6.925 6.926 6.928 6.930 6.931 6.933 6.935 6.937 6.940 6.942 6.945 6.948 6.951 6.955 6.959 6.963 6.968 6.973 6.978 6.983 6.989 6.994 7.001 7.007 7.013 7.020 7.027 7.034 7.041 7.048 7.055 7.062 7.070 7.077 7.084 7.092 7.099 7.106 7.114 7.122 7.130 7.138 7.146 7.153 7.160 7.164 7.165 7.165 7.171 7.177 7.184 7.197
6.846 6.851 6.856 6.861 6.865 6.869 6.874 6.878 6.882 6.886 6.889 6.892 6.896 6.899 6.901 6.904 6.907 6.909 6.912 6.914 6.916 6.918 6.920 6.921 6.923 6.925 6.926 6.928 6.929 6.931 6.933 6.935 6.937 6.939 6.942 6.944 6.947 6.950 6.954 6.958 6.962 6.967 6.971 6.976 6.981 6.987 6.993 6.999 7.005 7.011 7.018 7.024 7.031 7.038 7.046 7.053 7.060 7.068 7.075 7.083 7.090 7.098 7.105 7.113 7.121 7.129 7.137 7.145 7.153 7.159 7.164 7.166 7.168 7.175 7.184 7.193 7.207
6.846 6.851 6.856 6.860 6.865 6.869 6.874 6.878 6.882 6.886 6.889 6.892 6.896 6.899 6.902 6.904 6.907 6.910 6.912 6.914 6.916 6.918 6.920 6.921 6.923 6.925 6.926 6.928 6.929 6.931 6.933 6.935 6.937 6.939 6.941 6.944 6.947 6.950 6.953 6.957 6.961 6.965 6.970 6.975 6.980 6.985 6.991 6.997 7.003 7.009 7.016 7.022 7.029 7.036 7.043 7.051 7.058 7.066 7.073 7.081 7.089 7.096 7.104 7.112 7.120 7.128 7.136 7.144 7.152 7.159 7.164 7.168 7.172 7.180 7.191 7.201 7.218
6.846 6.851 6.856 6.861 6.865 6.870 6.874 6.878 6.882 6.886 6.889 6.893 6.896 6.899 6.902 6.904 6.907 6.910 6.912 6.914 6.916 6.918 6.920 6.922 6.923 6.925 6.926 6.928 6.929 6.931 6.933 6.934 6.936 6.938 6.941 6.943 6.946 6.949 6.952 6.956 6.960 6.964 6.968 6.973 6.978 6.983 6.989 6.995 7.001 7.007 7.013 7.020 7.027 7.034 7.041 7.049 7.056 7.064 7.072 7.079 7.087 7.095 7.102 7.110 7.118 7.126 7.134 7.142 7.150 7.157 7.164 7.170 7.175 7.185 7.197 7.210 7.230
6.846 6.851 6.856 6.861 6.865 6.870 6.874 6.878 6.882 6.886 6.889 6.893 6.896 6.899 6.902 6.905 6.907 6.910 6.913 6.915 6.917 6.918 6.920 6.922 6.923 6.925 6.926 6.928 6.929 6.931 6.932 6.934 6.936 6.938 6.940 6.943 6.945 6.948 6.951 6.955 6.959 6.963 6.967 6.972 6.976 6.982 6.987 6.993 6.999 7.005 7.011 7.018 7.025 7.032 7.039 7.047 7.054 7.062 7.070 7.078 7.085 7.093 7.100 7.108 7.116 7.123 7.131 7.139 7.148 7.157 7.164 7.171 7.178 7.190 7.204 7.219 7.240
6.847 6.852 6.856 6.861 6.866 6.870 6.874 6.878 6.882 6.886 6.890 6.893 6.896 6.899 6.902 6.905 6.908 6.910 6.913 6.915 6.917 6.919 6.920 6.922 6.923 6.925 6.926 6.928 6.929 6.931 6.932 6.934 6.936 6.938 6.940 6.942 6.945 6.947 6.950 6.954 6.958 6.962 6.966 6.970 6.975 6.980 6.985 6.991 6.997 7.003 7.009 7.016 7.023 7.030 7.037 7.045 7.052 7.060 7.068 7.076 7.084 7.091 7.098 7.106 7.113 7.121 7.128 7.137 7.146 7.155 7.164 7.173 7.181 7.195 7.210 7.227 7.251
6.847 6.852 6.857 6.861 6.866 6.870 6.875 6.879 6.883 6.886 6.890 6.893 6.897 6.900 6.903 6.905 6.908 6.911 6.913 6.915 6.917 6.919 6.921 6.922 6.924 6.925 6.927 6.928 6.930 6.931 6.933 6.934 6.936 6.938 6.940 6.942 6.944 6.947 6.950 6.953 6.957 6.961 6.965 6.969 6.974 6.979 6.984 6.989 6.995 7.001 7.008 7.014 7.021 7.028 7.035 7.043 7.050 7.058 7.066 7.074 7.082 7.089 7.096 7.103 7.111 7.118 7.125 7.134 7.143 7.154 7.164 7.174 7.184 7.199 7.216 7.235 7.260
6.848 6.853 6.857 6.862 6.866 6.871 6.875 6.879 6.883 6.887 6.890 6.894 6.897 6.900 6.903 6.906 6.908 6.911 6.914 6.916 6.918 6.919 6.921 6.923 6.924 6.926 6.927 6.929 6.930 6.931 6.933 6.934 6.936 6.938 6.940 6.942 6.944 6.947 6.949 6.952 6.956 6.960 6.964 6.968 6.973 6.977 6.983 6.988 6.994 7.000 7.006 7.013 7.019 7.026 7.034 7.041 7.049 7.057 7.065 7.073 7.081 7.087 7.094 7.101 7.108 7.115 7.122 7.131 7.141 7.153 7.164 7.175 7.187 7.203 7.221 7.242 7.270
6.848 6.853 6.858 6.863 6.867 6.871 6.876 6.880 6.884 6.888 6.891 6.895 6.898 6.901 6.904 6.906 6.909 6.912 6.914 6.916 6.918 6.920 6.922 6.923 6.925 6.926 6.928 6.929 6.930 6.932 6.933 6.935 6.936 6.938 6.940 6.942 6.944 6.946 6.949 6.952 6.956 6.959 6.963 6.967 6.972 6.976 6.981 6.987 6.992 6.998 7.005 7.011 7.018 7.025 7.032 7.040 7.047 7.055 7.063 7.071 7.079 7.085 7.091 7.098 7.105 7.112 7.120 7.129 7.140 7.151 7.163 7.175 7.190 7.208 7.227 7.251 7.280
6.849 6.854 6.859 6.863 6.868 6.872 6.876 6.881 6.885 6.888 6.892 6.895 6.899 6.902 6.905 6.907 6.910 6.913 6.915 6.917 6.919 6.921 6.923 6.924 6.926 6.927 6.928 6.930 6.931 6.932 6.934 6.935 6.937 6.938 6.940 6.942 6.944 6.946 6.949 6.952 6.955 6.959 6.963 6.967 6.971 6.976 6.981 6.986 6.991 6.997 7.003 7.010 7.017 7.024 7.031 7.038 7.046 7.054 7.062 7.070 7.078 7.084 7.090 7.097 7.103 7.110 7.118 7.127 7.138 7.150 7.162 7.177 7.194 7.213 7.233 7.260 7.293
6.850 6.855 6.860 6.864 6.869 6.873 6.877 6.881 6.885 6.889 6.893 6.896 6.899 6.903 6.905 6.908 6.911 6.914 6.916 6.918 6.920 6.922 6.924 6.925 6.927 6.928 6.929 6.931 6.932 6.933 6.935 6.936 6.937 6.939 6.941 6.942 6.944 6.947 6.949 6.952 6.955 6.959 6.962 6.966 6.970 6.975 6.980 6.985 6.990 6.996 7.002 7.009 7.016 7.022 7.030 7.037 7.045 7.053 7.061 7.069 7.076 7.083 7.088 7.095 7.102 7.108 7.116 7.126 7.136 7.148 7.162 7.178 7.199 7.219 7.241 7.272 7.308
6.851 6.856 6.861 6.865 6.870 6.874 6.878 6.883 6.887 6.890 6.894 6.897 6.901 6.904 6.907 6.909 6.912 6.915 6.917 6.919 6.921 6.923 6.925 6.926 6.928 6.929 6.930 6.932 6.933 6.934 6.936 6.937 6.938 6.940 6.941 6.943 6.945 6.947 6.950 6.952 6.956 6.959 6.962 6.966 6.970 6.975 6.979 6.985 6.990 6.996 7.002 7.008 7.015 7.022 7.029 7.037 7.044 7.052 7.060 7.068 7.076 7.082 7.087 7.094 7.101 7.107 7.115 7.124 7.134 7.146 7.162 7.181 7.205 7.227 7.252 7.286 7.325
6.853 6.857 6.862 6.867 6.871 6.875 6.880 6.884 6.888 6.892 6.895 6.899 6.902 6.905 6.908 6.911 6.913 6.916 6.919 6.921 6.923 6.924 6.926 6.928 6.929 6.930 6.932 6.933 6.934 6.935 6.937 6.938 6.939 6.941 6.942 6.944 6.946 6.948 6.950 6.953 6.956 6.959 6.963 6.966 6.970 6.975 6.979 6.984 6.990 6.995 7.001 7.008 7.014 7.021 7.029 7.036 7.044 7.052 7.060 7.068 7.076 7.082 7.087 7.093 7.100 7.106 7.114 7.123 7.133 7.146 7.163 7.185 7.212 7.237 7.264 7.302 7.344
6.854 6.859 6.864 6.868 6.873 6.877 6.881 6.885 6.889 6.893 6.897 6.900 6.903 6.906 6.909 6.912 6.915 6.918 6.920 6.922 6.924 6.926 6.928 6.929 6.931 6.932 6.933 6.934 6.936 6.937 6.938 6.939 6.941 6.942 6.943 6.945 6.947 6.949 6.951 6.954 6.957 6.960 6.963 6.967 6.971 6.975 6.980 6.984 6.990 6.995 7.001 7.008 7.014 7.021 7.028 7.036 7.044 7.052 7.060 7.069 7.076 7.082 7.087 7.093 7.099 7.105 7.112 7.122 7.132 7.145 7.165 7.190 7.222 7.248 7.277 7.320 7.365
6.856 6.860 6.865 6.870 6.874 6.878 6.883 6.887 6.891 6.895 6.898 6.902 6.905 6.908 6.911 6.914 6.917 6.919 6.922 6.924 6.926 6.928 6.929 6.931 6.932 6.934 6.935 6.936 6.937 6.939 6.940 6.941 6.942 6.944 6.945 6.946 6.948 6.950 6.952 6.955 6.958 6.961 6.964 6.968 6.971 6.976 6.980 6.985 6.990 6.996 7.002 7.008 7.014 7.021 7.029 7.036 7.044 7.052 7.061 7.069 7.076 7.082 7.087 7.093 7.099 7.104 7.112 7.121 7.132 7.147 7.169 7.198 7.233 7.261 7.293 7.338 7.386
6.857 6.862 6.867 6.871 6.876 6.880 6.884 6.889 6.893 6.896 6.900 6.903 6.907 6.910 6.913 6.916 6.918 6.921 6.924 6.926 6.928 6.930 6.931 6.933 6.934 6.936 6.937 6.938 6.939 6.940 6.942 6.943 6.944 6.945 6.947 6.948 6.950 6.952 6.954 6.956 6.959 6.962 6.965 6.969 6.972 6.977 6.981 6.986 6.991 6.997 7.002 7.009 7.015 7.022 7.029 7.037 7.045 7.053 7.062 7.070 7.078 7.083 7.088 7.093 7.099 7.104 7.111 7.121 7.133 7.149 7.173 7.205 7.243 7.274 7.308 7.356 7.405
6.859 6.864 6.869 6.873 6.878 6.882 6.886 6.890 6.894 6.898 6.902 6.905 6.909 6.912 6.915 6.918 6.921 6.923 6.926 6.928 6.930 6.932 6.934 6.935 6.937 6.938 6.939 6.940 6.942 6.943 6.944 6.945 6.946 6.947 6.949 6.950 6.952 6.954 6.956 6.958 6.961 6.964 6.967 6.970 6.974 6.978 6.982 6.987 6.992 6.998 7.003 7.010 7.016 7.023 7.030 7.038 7.046 7.054 7.063 7.072 7.079 7.084 7.088 7.093 7.099 7.104 7.111 7.121 7.134 7.152 7.178 7.214 7.257 7.290 7.325 7.375 7.426
6.861 6.866 6.871 6.875 6.880 6.884 6.888 6.893 6.896 6.900 6.904 6.908 6.911 6.914 6.917 6.920 6.923 6.926 6.928 6.930 6.932 6.934 6.936 6.937 6.939 6.940 6.942 6.943 6.944 6.945 6.946 6.947 6.949 6.950 6.951 6.952 6.954 6.956 6.958 6.960 6.963 6.966 6.969 6.972 6.976 6.980 6.984 6.989 6.994 6.999 7.005 7.011 7.017 7.024 7.031 7.039 7.047 7.056 7.065 7.074 7.081 7.085 7.088 7.094 7.100 7.104 7.112 7.122 7.137 7.158 7.186 7.227 7.275 7.308 7.344 7.396 7.447
6.863 6.868 6.873 6.877 6.882 6.886 6.891 6.895 6.899 6.903 6.906 6.910 6.913 6.916 6.919 6.922 6.925 6.928 6.931 6.933 6.935 6.937 6.938 6.940 6.942 6.943 6.944 6.945 6.947 6.948 6.949 6.950 6.951 6.952 6.954 6.955 6.957 6.958 6.960 6.963 6.966 6.968 6.971 6.974 6.978 6.982 6.986 6.991 6.996 7.001 7.007 7.013 7.019 7.026 7.033 7.041 7.049 7.058 7.067 7.075 7.082 7.086 7.089 7.095 7.101 7.106 7.114 7.126 7.143 7.166 7.200 7.245 7.293 7.327 7.363 7.416 7.469
6.865 6.870 6.875 6.880 6.884 6.889 6.893 6.897 6.901 6.905 6.909 6.912 6.916 6.919 6.922 6.925 6.928 6.931 6.933 6.936 6.938 6.939 6.941 6.943 6.944 6.946 6.947 6.948 6.950 6.951 6.952 6.953 6.954 6.955 6.957 6.958 6.959 6.961 6.963 6.966 6.968 6.971 6.974 6.977 6.981 6.984 6.989 6.993 6.998 7.004 7.009 7.015 7.021 7.028 7.035 7.043 7.052 7.060 7.069 7.077 7.083 7.087 7.091 7.097 7.104 7.110 7.119 7.133 7.152 7.179 7.217 7.263 7.312 7.345 7.382 7.436 7.490
6.867 6.872 6.877 6.882 6.886 6.891 6.895 6.900 6.904 6.907 6.911 6.915 6.918 6.921 6.925 6.928 6.931 6.934 6.936 6.938 6.940 6.942 6.944 6.946 6.947 6.949 6.950 6.951 6.953 6.954 6.955 6.956 6.957 6.959 6.960 6.961 6.963 6.964 6.966 6.969 6.971 6.974 6.977 6.980 6.984 6.987 6.992 6.996 7.001 7.006 7.012 7.018 7.024 7.031 7.038 7.046 7.054 7.063 7.071 7.078 7.084 7.089 7.093 7.101 7.108 7.116 7.127 7.142 7.165 7.195 7.235 7.281 7.330 7.364 7.401 7.457 7.511
6.870 6.875 6.880 6.884 6.889 6.893 6.898 6.902 6.906 6.910 6.914 6.918 6.921 6.924 6.927 6.930 6.934 6.937 6.939 6.941 6.943 6.945 6.947 6.949 6.951 6.952 6.953 6.955 6.956 6.957 6.958 6.960 6.961 6.962 6.963 6.965 6.966 6.968 6.970 6.972 6.975 6.977 6.980 6.983 6.987 6.991 6.995 6.999 7.004 7.009 7.015 7.021 7.027 7.034 7.041 7.049 7.057 7.065 7.073 7.080 7.086 7.092 7.097 7.106 7.115 7.124 7.137 7.156 7.180 7.212 7.252 7.299 7.349 7.384 7.421 7.477 7.532
6.872 6.877 6.882 6.887 6.892 6.896 6.901 6.905 6.909 6.913 6.917 6.920 6.924 6.927 6.930 6.933 6.937 6.940 6.942 6.945 6.947 6.949 6.951 6.952 6.954 6.955 6.957 6.958 6.960 6.961 6.962 6.963 6.964 6.966 6.967 6.968 6.970 6.972 6.974 6.976 6.979 6.981 6.984 6.987 6.990 6.994 6.998 7.003 7.008 7.013 7.019 7.024 7.030 7.037 7.044 7.052 7.059 7.067 7.075 7.083 7.089 7.095 7.103 7.113 7.124 7.135 7.151 7.172 7.196 7.229 7.269 7.317 7.369 7.404 7.441 7.498 7.554
