TsunamiDB/out54079.asc
ncols          264
nrows          230
xllcorner      497853.4375
yllcorner      4229146.0000
cellsize         5.
NODATA_value   -99
[rows 0 to 33 of 230, columns 76 to 151 of 264]
2.471 2.748 2.991 3.191 3.349 3.475 3.578 3.665 3.741 3.810 3.874 3.934 3.992 4.048 4.101 4.152 4.202 4.249 4.295 4.340 4.383 4.424 4.464 4.502 4.539 4.575 4.610 4.644 4.676 4.708 4.739 4.769 4.798 4.825 4.852 4.879 4.906 4.932 4.958 4.984 5.009 5.033 5.058 5.082 5.106 5.129 5.153 5.176 5.198 5.221 5.244 5.266 5.288 5.309 5.331 5.351 5.370 5.390 5.410 5.429 5.448 5.466 5.484 5.502 5.519 5.536 5.552 5.568 5.583 5.598 5.613 5.628 5.643 5.657 5.672 5.686
2.599 2.863 3.087 3.267 3.410 3.524 3.618 3.700 3.773 3.838 3.900 3.959 4.015 4.070 4.122 4.173 4.221 4.268 4.314 4.358 4.401 4.442 4.482 4.520 4.557 4.593 4.627 4.661 4.693 4.725 4.756 4.786 4.814 4.841 4.868 4.895 4.922 4.947 4.973 4.998 5.023 5.047 5.071 5.095 5.118 5.142 5.165 5.187 5.210 5.232 5.254 5.276 5.298 5.320 5.341 5.361 5.380 5.400 5.420 5.439 5.459 5.477 5.495 5.513 5.530 5.547 5.564 5.579 5.595 5.610 5.625 5.639 5.654 5.668 5.682 5.696
2.722 2.970 3.174 3.336 3.464 3.568 3.656 3.733 3.802 3.866 3.925 3.983 4.038 4.091 4.143 4.192 4.241 4.287 4.332 4.376 4.418 4.459 4.499 4.537 4.574 4.610 4.644 4.678 4.710 4.742 4.772 4.802 4.830 4.857 4.884 4.911 4.937 4.963 4.988 5.013 5.037 5.061 5.085 5.108 5.131 5.154 5.177 5.199 5.221 5.244 5.265 5.287 5.308 5.330 5.351 5.371 5.390 5.410 5.430 5.449 5.469 5.487 5.506 5.524 5.541 5.558 5.575 5.591 5.607 5.622 5.637 5.651 5.665 5.679 5.693 5.707
2.839 3.068 3.252 3.398 3.514 3.610 3.692 3.765 3.831 3.892 3.950 4.007 4.061 4.113 4.163 4.212 4.259 4.305 4.350 4.393 4.435 4.476 4.516 4.554 4.591 4.626 4.661 4.694 4.727 4.758 4.788 4.818 4.846 4.873 4.900 4.927 4.953 4.978 5.003 5.027 5.052 5.075 5.099 5.122 5.145 5.167 5.189 5.211 5.233 5.255 5.276 5.298 5.319 5.340 5.361 5.381 5.400 5.420 5.439 5.459 5.478 5.497 5.516 5.534 5.552 5.569 5.586 5.602 5.618 5.633 5.648 5.663 5.677 5.691 5.704 5.718
2.947 3.156 3.322 3.454 3.560 3.648 3.726 3.795 3.859 3.918 3.975 4.030 4.082 4.133 4.183 4.231 4.277 4.323 4.367 4.410 4.452 4.492 4.532 4.570 4.607 4.642 4.677 4.710 4.743 4.774 4.804 4.834 4.862 4.889 4.916 4.942 4.968 4.993 5.018 5.042 5.066 5.090 5.113 5.135 5.158 5.180 5.202 5.224 5.245 5.266 5.287 5.308 5.329 5.350 5.371 5.390 5.409 5.429 5.449 5.468 5.487 5.506 5.525 5.543 5.561 5.579 5.596 5.612 5.628 5.644 5.659 5.674 5.688 5.702 5.716 5.729
3.047 3.236 3.386 3.505 3.602 3.685 3.758 3.825 3.887 3.944 3.999 4.052 4.104 4.154 4.202 4.249 4.295 4.340 4.384 4.426 4.468 4.508 4.547 4.585 4.622 4.658 4.692 4.726 4.758 4.790 4.820 4.850 4.877 4.904 4.931 4.958 4.983 5.009 5.033 5.057 5.081 5.104 5.127 5.149 5.172 5.193 5.215 5.236 5.257 5.278 5.299 5.320 5.340 5.360 5.381 5.400 5.419 5.438 5.458 5.477 5.496 5.515 5.534 5.552 5.570 5.588 5.605 5.622 5.638 5.654 5.670 5.685 5.700 5.714 5.727 5.741
3.137 3.308 3.443 3.551 3.641 3.719 3.789 3.853 3.913 3.969 4.022 4.075 4.125 4.174 4.221 4.268 4.313 4.357 4.400 4.442 4.483 4.523 4.562 4.600 4.637 4.673 4.707 4.741 4.773 4.805 4.835 4.865 4.893 4.920 4.947 4.973 4.999 5.024 5.048 5.072 5.096 5.119 5.141 5.164 5.186 5.207 5.228 5.249 5.270 5.291 5.311 5.331 5.351 5.371 5.391 5.410 5.428 5.447 5.467 5.486 5.505 5.523 5.542 5.560 5.579 5.596 5.614 5.631 5.648 5.664 5.680 5.695 5.710 5.725 5.739 5.752
3.219 3.373 3.495 3.594 3.678 3.752 3.819 3.881 3.939 3.993 4.045 4.096 4.146 4.193 4.240 4.285 4.330 4.373 4.416 4.457 4.498 4.538 4.577 4.614 4.651 4.687 4.721 4.755 4.788 4.819 4.850 4.880 4.908 4.935 4.962 4.988 5.014 5.039 5.063 5.087 5.111 5.133 5.156 5.178 5.200 5.221 5.242 5.263 5.283 5.303 5.323 5.343 5.363 5.382 5.402 5.420 5.438 5.457 5.476 5.495 5.513 5.532 5.550 5.569 5.587 5.605 5.622 5.640 5.657 5.673 5.689 5.705 5.720 5.735 5.749 5.763
3.293 3.431 3.542 3.634 3.713 3.784 3.848 3.908 3.964 4.017 4.068 4.118 4.166 4.213 4.258 4.303 4.347 4.389 4.431 4.472 4.512 4.552 4.590 4.628 4.665 4.700 4.735 4.769 4.801 4.833 4.864 4.894 4.922 4.949 4.976 5.003 5.028 5.053 5.078 5.102 5.125 5.148 5.170 5.192 5.214 5.235 5.256 5.276 5.297 5.316 5.336 5.356 5.375 5.394 5.413 5.431 5.449 5.467 5.485 5.504 5.522 5.540 5.559 5.577 5.595 5.612 5.630 5.648 5.665 5.682 5.698 5.714 5.730 5.745 5.760 5.774
3.359 3.484 3.586 3.672 3.747 3.814 3.876 3.934 3.989 4.041 4.090 4.139 4.186 4.232 4.277 4.320 4.363 4.405 4.446 4.487 4.526 4.565 4.604 4.641 4.678 4.713 4.748 4.782 4.814 4.846 4.877 4.907 4.936 4.963 4.990 5.017 5.043 5.068 5.092 5.116 5.140 5.163 5.185 5.207 5.228 5.249 5.270 5.290 5.310 5.330 5.349 5.368 5.387 5.406 5.425 5.443 5.460 5.478 5.495 5.513 5.531 5.549 5.567 5.585 5.603 5.620 5.638 5.655 5.672 5.689 5.706 5.722 5.738 5.754 5.769 5.784
3.419 3.533 3.627 3.707 3.778 3.843 3.903 3.960 4.014 4.064 4.112 4.160 4.206 4.251 4.295 4.338 4.379 4.421 4.461 4.501 4.540 4.579 4.616 4.653 4.690 4.725 4.760 4.794 4.827 4.859 4.890 4.920 4.949 4.976 5.003 5.030 5.056 5.082 5.106 5.130 5.154 5.177 5.199 5.221 5.242 5.263 5.284 5.304 5.324 5.344 5.363 5.382 5.400 5.419 5.437 5.454 5.471 5.489 5.506 5.524 5.541 5.559 5.576 5.593 5.611 5.628 5.646 5.663 5.680 5.697 5.714 5.730 5.747 5.763 5.778 5.793
3.474 3.578 3.665 3.741 3.809 3.872 3.930 3.985 4.038 4.087 4.134 4.181 4.226 4.270 4.313 4.355 4.396 4.436 4.476 4.515 4.553 4.591 4.629 4.666 4.702 4.737 4.772 4.805 4.838 4.870 4.902 4.932 4.961 4.988 5.016 5.043 5.069 5.095 5.120 5.144 5.167 5.190 5.213 5.235 5.256 5.277 5.298 5.318 5.338 5.357 5.377 5.395 5.414 5.432 5.450 5.467 5.483 5.500 5.517 5.534 5.552 5.569 5.586 5.603 5.620 5.637 5.654 5.671 5.688 5.704 5.721 5.738 5.754 5.770 5.786 5.802
3.523 3.620 3.701 3.773 3.839 3.899 3.956 4.010 4.061 4.109 4.156 4.202 4.246 4.289 4.331 4.372 4.412 4.452 4.490 4.529 4.567 4.604 4.641 4.677 4.713 4.748 4.783 4.816 4.849 4.881 4.913 4.943 4.972 5.000 5.028 5.055 5.082 5.107 5.132 5.157 5.180 5.204 5.226 5.248 5.270 5.291 5.312 5.332 5.352 5.371 5.390 5.409 5.427 5.445 5.463 5.480 5.496 5.513 5.529 5.546 5.563 5.579 5.596 5.612 5.629 5.645 5.662 5.679 5.695 5.712 5.729 5.745 5.762 5.778 5.794 5.810
3.569 3.658 3.736 3.805 3.868 3.926 3.982 4.034 4.084 4.132 4.177 4.222 4.265 4.308 4.349 4.389 4.428 4.467 4.505 4.543 4.580 4.617 4.653 4.689 4.724 4.759 4.793 4.827 4.859 4.892 4.923 4.954 4.983 5.011 5.039 5.066 5.093 5.119 5.144 5.169 5.193 5.216 5.239 5.261 5.283 5.304 5.325 5.345 5.365 5.385 5.404 5.422 5.441 5.459 5.476 5.493 5.509 5.525 5.542 5.558 5.574 5.590 5.607 5.623 5.639 5.655 5.671 5.687 5.704 5.720 5.736 5.753 5.769 5.785 5.801 5.817
3.612 3.695 3.768 3.835 3.896 3.953 4.007 4.058 4.107 4.154 4.198 4.242 4.285 4.326 4.367 4.406 4.445 4.482 4.520 4.557 4.593 4.629 4.665 4.700 4.735 4.769 4.803 4.836 4.869 4.901 4.933 4.963 4.993 5.021 5.049 5.077 5.104 5.130 5.156 5.180 5.205 5.228 5.251 5.274 5.295 5.317 5.338 5.358 5.378 5.398 5.417 5.436 5.454 5.472 5.490 5.506 5.522 5.538 5.554 5.571 5.587 5.602 5.618 5.634 5.649 5.665 5.681 5.697 5.713 5.729 5.745 5.761 5.777 5.793 5.809 5.825
3.652 3.730 3.800 3.864 3.923 3.979 4.032 4.082 4.130 4.176 4.220 4.263 4.305 4.345 4.385 4.423 4.461 4.498 4.535 4.571 4.606 4.642 4.677 4.711 4.745 4.779 4.813 4.846 4.878 4.910 4.942 4.972 5.002 5.030 5.059 5.087 5.114 5.140 5.166 5.191 5.215 5.239 5.262 5.285 5.307 5.329 5.350 5.370 5.391 5.410 5.430 5.449 5.467 5.485 5.503 5.519 5.535 5.551 5.568 5.583 5.599 5.615 5.630 5.646 5.661 5.676 5.691 5.707 5.722 5.738 5.753 5.769 5.785 5.801 5.817 5.832
3.689 3.764 3.831 3.892 3.950 4.004 4.056 4.105 4.153 4.197 4.241 4.283 4.324 4.364 4.403 4.441 4.478 4.514 4.550 4.585 4.620 4.654 4.689 4.722 4.756 4.789 4.822 4.855 4.887 4.919 4.950 4.981 5.010 5.039 5.067 5.096 5.123 5.150 5.176 5.201 5.226 5.250 5.273 5.296 5.318 5.340 5.361 5.382 5.403 5.422 5.442 5.461 5.480 5.498 5.516 5.532 5.548 5.564 5.581 5.597 5.612 5.628 5.643 5.658 5.673 5.688 5.703 5.718 5.733 5.748 5.763 5.778 5.793 5.809 5.825 5.840
3.725 3.796 3.861 3.920 3.977 4.030 4.080 4.129 4.175 4.219 4.262 4.303 4.344 4.383 4.421 4.458 4.495 4.530 4.565 4.600 4.634 4.668 4.701 4.734 4.767 4.800 4.832 4.864 4.896 4.928 4.959 4.989 5.017 5.047 5.075 5.104 5.131 5.158 5.184 5.210 5.235 5.259 5.283 5.306 5.328 5.351 5.372 5.393 5.414 5.434 5.454 5.473 5.492 5.511 5.528 5.544 5.561 5.577 5.593 5.609 5.625 5.641 5.656 5.671 5.685 5.700 5.715 5.729 5.744 5.758 5.773 5.788 5.803 5.818 5.833 5.848
3.760 3.827 3.890 3.948 4.003 4.055 4.105 4.152 4.197 4.240 4.283 4.324 4.364 4.402 4.440 4.476 4.512 4.547 4.581 4.615 4.648 4.681 4.714 4.746 4.778 4.810 4.842 4.874 4.905 4.936 4.967 4.996 5.025 5.054 5.083 5.111 5.139 5.166 5.192 5.218 5.243 5.268 5.292 5.315 5.338 5.360 5.382 5.403 5.424 5.444 5.464 5.484 5.503 5.522 5.539 5.556 5.573 5.590 5.606 5.622 5.638 5.654 5.669 5.684 5.698 5.713 5.727 5.741 5.756 5.770 5.784 5.798 5.813 5.827 5.842 5.857
3.793 3.858 3.918 3.975 4.029 4.080 4.129 4.175 4.219 4.262 4.304 4.344 4.384 4.422 4.458 4.494 4.529 4.564 4.597 4.630 4.663 4.695 4.727 4.758 4.790 4.821 4.852 4.883 4.914 4.944 4.975 5.004 5.032 5.061 5.090 5.118 5.146 5.173 5.200 5.225 5.251 5.276 5.300 5.323 5.347 5.369 5.391 5.413 5.434 5.454 5.475 5.494 5.514 5.533 5.550 5.567 5.584 5.601 5.618 5.635 5.651 5.666 5.682 5.697 5.711 5.726 5.740 5.754 5.768 5.782 5.796 5.810 5.824 5.838 5.852 5.866
3.825 3.888 3.947 4.002 4.054 4.104 4.152 4.198 4.242 4.284 4.325 4.365 4.404 4.441 4.477 4.513 4.547 4.581 4.614 4.646 4.678 4.710 4.741 4.771 4.802 4.832 4.863 4.893 4.923 4.953 4.983 5.011 5.039 5.068 5.097 5.125 5.152 5.180 5.206 5.232 5.258 5.283 5.307 5.331 5.354 5.377 5.399 5.421 5.442 5.463 5.484 5.504 5.523 5.543 5.561 5.578 5.595 5.613 5.630 5.646 5.663 5.679 5.694 5.709 5.724 5.739 5.753 5.767 5.781 5.795 5.808 5.822 5.835 5.849 5.863 5.876
3.857 3.917 3.974 4.028 4.080 4.129 4.176 4.222 4.264 4.306 4.347 4.386 4.424 4.461 4.497 4.532 4.565 4.599 4.631 4.663 4.694 4.725 4.755 4.785 4.815 4.844 4.874 4.903 4.933 4.962 4.991 5.019 5.047 5.075 5.103 5.131 5.159 5.186 5.212 5.238 5.264 5.289 5.314 5.338 5.361 5.384 5.407 5.429 5.450 5.471 5.492 5.512 5.532 5.552 5.570 5.588 5.605 5.623 5.640 5.657 5.674 5.690 5.706 5.722 5.737 5.751 5.766 5.780 5.794 5.807 5.821 5.834 5.847 5.861 5.874 5.887
3.888 3.946 4.002 4.055 4.105 4.153 4.200 4.245 4.287 4.328 4.368 4.407 4.444 4.481 4.516 4.551 4.584 4.617 4.649 4.680 4.710 4.741 4.770 4.799 4.828 4.857 4.886 4.914 4.943 4.971 5.000 5.027 5.054 5.082 5.110 5.137 5.165 5.191 5.218 5.244 5.270 5.295 5.320 5.344 5.368 5.391 5.414 5.436 5.458 5.479 5.500 5.520 5.541 5.560 5.579 5.597 5.615 5.633 5.650 5.668 5.685 5.701 5.718 5.733 5.749 5.764 5.778 5.793 5.807 5.820 5.834 5.847 5.860 5.873 5.886 5.899
3.918 3.975 4.029 4.081 4.130 4.178 4.224 4.268 4.309 4.350 4.389 4.428 4.465 4.501 4.536 4.570 4.603 4.635 4.667 4.697 4.727 4.757 4.786 4.815 4.843 4.871 4.899 4.926 4.954 4.982 5.009 5.036 5.062 5.090 5.117 5.144 5.171 5.197 5.224 5.250 5.275 5.300 5.325 5.350 5.373 5.397 5.420 5.442 5.464 5.486 5.507 5.528 5.548 5.568 5.587 5.605 5.623 5.642 5.660 5.677 5.695 5.712 5.728 5.744 5.760 5.775 5.790 5.805 5.819 5.833 5.846 5.860 5.873 5.885 5.898 5.911
3.948 4.003 4.056 4.107 4.156 4.202 4.247 4.291 4.332 4.371 4.411 4.449 4.486 4.521 4.556 4.590 4.622 4.654 4.685 4.715 4.745 4.774 4.802 4.830 4.858 4.885 4.912 4.939 4.966 4.993 5.020 5.046 5.071 5.098 5.124 5.151 5.177 5.203 5.229 5.255 5.280 5.306 5.330 5.355 5.379 5.402 5.425 5.448 5.470 5.492 5.513 5.534 5.555 5.575 5.594 5.613 5.631 5.650 5.668 5.686 5.704 5.721 5.738 5.755 5.771 5.787 5.802 5.817 5.831 5.845 5.859 5.872 5.885 5.898 5.911 5.923
3.977 4.031 4.083 4.133 4.180 4.226 4.271 4.314 4.354 4.393 4.432 4.470 4.506 4.542 4.576 4.609 4.642 4.673 4.704 4.734 4.763 4.792 4.820 4.847 4.874 4.901 4.927 4.953 4.979 5.005 5.031 5.056 5.081 5.107 5.133 5.158 5.184 5.210 5.235 5.261 5.286 5.311 5.335 5.360 5.383 5.407 5.430 5.453 5.475 5.497 5.519 5.540 5.561 5.582 5.601 5.619 5.639 5.657 5.676 5.694 5.712 5.730 5.747 5.764 5.781 5.797 5.812 5.828 5.842 5.857 5.871 5.885 5.898 5.911 5.923 5.936
4.006 4.059 4.110 4.158 4.205 4.250 4.294 4.336 4.376 4.415 4.454 4.491 4.527 4.562 4.596 4.629 4.662 4.693 4.723 4.753 4.782 4.810 4.837 4.864 4.891 4.917 4.943 4.968 4.993 5.019 5.044 5.068 5.092 5.117 5.142 5.167 5.192 5.217 5.242 5.266 5.291 5.316 5.340 5.364 5.388 5.412 5.435 5.458 5.480 5.502 5.524 5.545 5.567 5.587 5.607 5.626 5.645 5.664 5.683 5.702 5.720 5.738 5.756 5.773 5.790 5.806 5.822 5.838 5.853 5.868 5.882 5.896 5.910 5.923 5.936 5.948
4.034 4.086 4.136 4.184 4.230 4.274 4.317 4.359 4.399 4.437 4.475 4.512 4.548 4.583 4.617 4.649 4.681 4.712 4.743 4.772 4.800 4.828 4.856 4.882 4.908 4.934 4.959 4.984 5.008 5.033 5.057 5.081 5.104 5.128 5.152 5.176 5.200 5.225 5.249 5.273 5.297 5.321 5.345 5.369 5.393 5.416 5.439 5.462 5.485 5.507 5.529 5.550 5.572 5.593 5.612 5.631 5.651 5.670 5.690 5.709 5.727 5.745 5.763 5.781 5.798 5.815 5.831 5.847 5.863 5.878 5.893 5.907 5.921 5.935 5.948 5.961
4.063 4.113 4.162 4.209 4.254 4.298 4.340 4.382 4.421 4.459 4.496 4.533 4.569 4.603 4.637 4.669 4.701 4.732 4.762 4.791 4.820 4.847 4.874 4.900 4.926 4.951 4.976 5.000 5.024 5.048 5.072 5.094 5.117 5.140 5.163 5.187 5.210 5.233 5.257 5.280 5.304 5.328 5.351 5.375 5.398 5.421 5.444 5.467 5.489 5.511 5.533 5.555 5.576 5.597 5.617 5.637 5.656 5.676 5.696 5.715 5.734 5.752 5.770 5.788 5.806 5.823 5.840 5.856 5.872 5.888 5.903 5.918 5.932 5.946 5.959 5.972
4.090 4.140 4.188 4.234 4.278 4.321 4.363 4.404 4.442 4.480 4.517 4.554 4.589 4.623 4.657 4.689 4.721 4.752 4.782 4.811 4.839 4.866 4.893 4.919 4.945 4.970 4.994 5.018 5.041 5.064 5.087 5.109 5.131 5.153 5.176 5.198 5.221 5.243 5.266 5.289 5.312 5.335 5.357 5.380 5.403 5.426 5.449 5.471 5.494 5.516 5.538 5.559 5.581 5.602 5.622 5.641 5.661 5.681 5.701 5.720 5.739 5.758 5.777 5.795 5.813 5.830 5.847 5.864 5.880 5.896 5.912 5.927 5.942 5.956 5.970 5.983
4.117 4.166 4.213 4.258 4.302 4.344 4.386 4.426 4.464 4.501 4.538 4.574 4.609 4.643 4.677 4.709 4.741 4.771 4.801 4.830 4.858 4.886 4.912 4.938 4.963 4.988 5.012 5.036 5.059 5.081 5.104 5.125 5.146 5.168 5.190 5.211 5.233 5.255 5.276 5.298 5.320 5.343 5.365 5.387 5.409 5.432 5.454 5.476 5.498 5.520 5.542 5.564 5.585 5.606 5.626 5.646 5.666 5.686 5.706 5.725 5.744 5.763 5.782 5.801 5.819 5.836 5.854 5.871 5.888 5.904 5.920 5.936 5.951 5.966 5.980 5.994
4.144 4.192 4.238 4.282 4.325 4.367 4.408 4.447 4.485 4.522 4.559 4.594 4.629 4.663 4.696 4.728 4.760 4.790 4.820 4.849 4.877 4.905 4.931 4.957 4.982 5.007 5.031 5.054 5.077 5.099 5.121 5.142 5.162 5.183 5.204 5.225 5.246 5.267 5.288 5.309 5.330 5.352 5.373 5.395 5.416 5.438 5.460 5.482 5.503 5.525 5.547 5.568 5.589 5.610 5.630 5.650 5.670 5.690 5.710 5.730 5.749 5.768 5.787 5.806 5.824 5.842 5.860 5.877 5.894 5.911 5.927 5.943 5.959 5.974 5.989 6.003
4.170 4.217 4.262 4.306 4.349 4.390 4.430 4.469 4.506 4.542 4.579 4.614 4.649 4.682 4.715 4.747 4.779 4.809 4.839 4.868 4.896 4.924 4.950 4.976 5.001 5.026 5.050 5.073 5.096 5.118 5.139 5.159 5.180 5.200 5.220 5.241 5.261 5.281 5.301 5.321 5.342 5.362 5.383 5.404 5.425 5.446 5.467 5.488 5.509 5.530 5.552 5.573 5.594 5.615 5.634 5.654 5.674 5.694 5.714 5.734 5.753 5.773 5.792 5.810 5.829 5.847 5.865 5.883 5.900 5.917 5.934 5.951 5.967 5.982 5.997 6.012
4.195 4.241 4.286 4.329 4.371 4.412 4.451 4.490 4.526 4.563 4.598 4.634 4.668 4.701 4.734 4.766 4.797 4.828 4.858 4.887 4.915 4.942 4.969 4.995 5.020 5.045 5.069 5.092 5.115 5.137 5.158 5.178 5.197 5.218 5.237 5.257 5.277 5.296 5.316 5.335 5.355 5.374 5.394 5.414 5.434 5.454 5.474 5.495 5.516 5.536 5.557 5.578 5.599 5.619 5.638 5.658 5.678 5.698 5.718 5.738 5.757 5.777 5.796 5.815 5.833 5.852 5.870 5.888 5.906 5.923 5.940 5.957 5.973 5.989 6.005 6.020
