TsunamiDB/out54023.asc
ncols          264
nrows          230
xllcorner      497853.4375
yllcorner      4229146.0000
cellsize         5.
NODATA_value   -99
[rows 155 to 185 of 230, columns 142 to 212 of 264]
4.925 4.960 4.995 5.029 5.064 5.101 5.137 5.175 5.213 5.252 5.291 5.330 5.370 5.411 5.452 5.495 5.541 5.588 5.639 5.692 5.748 5.807 5.868 5.932 5.999 6.069 6.138 6.208 6.281 6.352 6.422 6.492 6.557 6.620 6.682 6.744 6.805 6.865 6.921 6.971 7.021 7.073 7.128 7.191 7.255 7.299 7.360 7.447 7.522 7.579 7.625 7.667 7.708 7.755 7.794 7.776 7.779 7.840 7.888 7.918 7.929 7.920 7.878 7.794 7.660 7.478 7.307 7.187 7.093 7.016 6.956
4.955 4.989 5.022 5.054 5.087 5.120 5.155 5.190 5.225 5.262 5.298 5.336 5.374 5.413 5.453 5.495 5.539 5.586 5.636 5.689 5.746 5.804 5.866 5.931 6.000 6.073 6.145 6.218 6.294 6.368 6.443 6.516 6.586 6.653 6.719 6.787 6.855 6.923 6.986 7.042 7.097 7.151 7.205 7.270 7.324 7.352 7.404 7.486 7.557 7.612 7.657 7.695 7.731 7.782 7.816 7.782 7.773 7.822 7.859 7.879 7.881 7.862 7.809 7.707 7.558 7.372 7.205 7.097 7.019 6.963 6.928
4.989 5.021 5.052 5.082 5.112 5.143 5.174 5.206 5.239 5.273 5.307 5.342 5.378 5.415 5.454 5.495 5.539 5.586 5.636 5.689 5.745 5.804 5.866 5.933 6.004 6.078 6.153 6.229 6.307 6.386 6.463 6.539 6.613 6.685 6.758 6.830 6.904 6.981 7.052 7.115 7.175 7.233 7.290 7.346 7.383 7.400 7.444 7.523 7.592 7.648 7.692 7.732 7.774 7.817 7.832 7.787 7.766 7.800 7.824 7.834 7.825 7.792 7.723 7.606 7.452 7.269 7.112 7.022 6.967 6.935 6.921
5.026 5.057 5.086 5.113 5.141 5.169 5.197 5.226 5.255 5.286 5.317 5.350 5.383 5.419 5.457 5.497 5.541 5.587 5.637 5.690 5.747 5.806 5.870 5.937 6.009 6.086 6.162 6.240 6.321 6.402 6.482 6.562 6.641 6.720 6.797 6.873 6.954 7.040 7.119 7.189 7.253 7.315 7.369 7.411 7.437 7.445 7.483 7.559 7.629 7.687 7.735 7.779 7.820 7.848 7.845 7.788 7.753 7.772 7.783 7.780 7.758 7.709 7.624 7.501 7.350 7.176 7.037 6.971 6.940 6.930 6.938
5.066 5.095 5.123 5.148 5.173 5.198 5.223 5.248 5.274 5.301 5.330 5.359 5.391 5.425 5.461 5.501 5.544 5.591 5.641 5.694 5.751 5.811 5.875 5.943 6.016 6.094 6.172 6.252 6.336 6.419 6.503 6.587 6.672 6.756 6.838 6.918 7.004 7.100 7.185 7.260 7.329 7.388 7.436 7.470 7.487 7.489 7.522 7.598 7.669 7.730 7.784 7.828 7.861 7.875 7.855 7.784 7.735 7.736 7.732 7.716 7.679 7.615 7.521 7.399 7.257 7.101 6.987 6.947 6.936 6.945 6.972
5.107 5.137 5.163 5.187 5.210 5.233 5.254 5.276 5.298 5.321 5.346 5.372 5.401 5.433 5.468 5.507 5.550 5.597 5.647 5.701 5.758 5.819 5.883 5.951 6.025 6.104 6.184 6.266 6.352 6.439 6.526 6.615 6.706 6.795 6.881 6.963 7.055 7.158 7.248 7.328 7.396 7.452 7.496 7.524 7.537 7.536 7.565 7.640 7.712 7.778 7.832 7.873 7.898 7.896 7.860 7.776 7.710 7.692 7.672 7.642 7.590 7.517 7.422 7.307 7.184 7.051 6.962 6.943 6.950 6.976 7.015
5.150 5.180 5.206 5.230 5.251 5.271 5.290 5.309 5.327 5.346 5.366 5.389 5.414 5.444 5.477 5.516 5.558 5.605 5.656 5.710 5.768 5.829 5.893 5.961 6.036 6.117 6.198 6.281 6.371 6.461 6.552 6.646 6.741 6.835 6.925 7.008 7.104 7.212 7.308 7.389 7.455 7.509 7.550 7.576 7.589 7.583 7.610 7.684 7.758 7.824 7.876 7.913 7.928 7.912 7.860 7.760 7.677 7.640 7.604 7.560 7.500 7.424 7.334 7.235 7.135 7.024 6.957 6.956 6.978 7.013 7.059
5.193 5.223 5.251 5.274 5.295 5.314 5.331 5.346 5.361 5.376 5.392 5.410 5.432 5.459 5.490 5.527 5.569 5.616 5.667 5.722 5.780 5.841 5.905 5.974 6.049 6.132 6.214 6.299 6.392 6.486 6.581 6.678 6.778 6.876 6.969 7.052 7.150 7.264 7.361 7.442 7.508 7.561 7.602 7.628 7.640 7.632 7.655 7.730 7.802 7.866 7.914 7.945 7.951 7.921 7.853 7.737 7.637 7.582 7.531 7.478 7.415 7.342 7.265 7.186 7.107 7.017 6.968 6.981 7.011 7.054 7.103
5.234 5.266 5.295 5.320 5.341 5.360 5.376 5.389 5.401 5.412 5.424 5.438 5.455 5.478 5.507 5.542 5.583 5.630 5.681 5.736 5.794 5.855 5.919 5.989 6.065 6.149 6.233 6.320 6.416 6.513 6.612 6.713 6.817 6.917 7.010 7.093 7.192 7.308 7.406 7.488 7.553 7.607 7.649 7.676 7.689 7.678 7.699 7.770 7.838 7.898 7.941 7.965 7.962 7.919 7.834 7.704 7.586 7.515 7.454 7.398 7.337 7.274 7.214 7.154 7.094 7.023 6.987 7.010 7.046 7.092 7.142
5.273 5.308 5.339 5.365 5.388 5.408 5.424 5.436 5.446 5.453 5.461 5.471 5.484 5.503 5.528 5.561 5.601 5.646 5.697 5.752 5.811 5.872 5.936 6.006 6.083 6.168 6.253 6.342 6.440 6.540 6.642 6.747 6.851 6.952 7.047 7.128 7.227 7.344 7.443 7.527 7.593 7.649 7.692 7.720 7.735 7.722 7.739 7.804 7.867 7.922 7.960 7.977 7.964 7.910 7.811 7.665 7.534 7.452 7.387 7.332 7.277 7.228 7.183 7.140 7.097 7.039 7.013 7.041 7.081 7.129 7.178
5.308 5.345 5.379 5.408 5.433 5.455 5.472 5.485 5.494 5.500 5.504 5.510 5.519 5.533 5.555 5.584 5.621 5.666 5.716 5.770 5.829 5.890 5.955 6.024 6.102 6.188 6.274 6.364 6.464 6.567 6.672 6.779 6.886 6.989 7.085 7.163 7.261 7.380 7.482 7.567 7.636 7.694 7.739 7.769 7.786 7.769 7.778 7.837 7.896 7.944 7.975 7.985 7.964 7.898 7.783 7.625 7.486 7.398 7.333 7.282 7.238 7.202 7.172 7.143 7.113 7.064 7.046 7.077 7.119 7.166 7.214
5.339 5.379 5.416 5.448 5.476 5.501 5.520 5.534 5.544 5.549 5.552 5.554 5.559 5.569 5.587 5.612 5.646 5.688 5.736 5.790 5.848 5.909 5.973 6.043 6.121 6.209 6.296 6.388 6.490 6.595 6.704 6.814 6.922 7.030 7.124 7.196 7.293 7.416 7.519 7.607 7.680 7.740 7.786 7.821 7.835 7.811 7.814 7.866 7.917 7.958 7.983 7.985 7.956 7.875 7.747 7.585 7.443 7.356 7.293 7.250 7.216 7.191 7.173 7.156 7.135 7.094 7.080 7.113 7.154 7.201 7.248
5.365 5.408 5.448 5.483 5.515 5.543 5.565 5.582 5.594 5.600 5.603 5.603 5.605 5.612 5.625 5.646 5.676 5.714 5.760 5.812 5.869 5.929 5.993 6.063 6.143 6.232 6.321 6.414 6.519 6.628 6.739 6.852 6.964 7.069 7.157 7.227 7.326 7.450 7.557 7.648 7.724 7.786 7.837 7.870 7.878 7.848 7.843 7.888 7.930 7.965 7.982 7.976 7.933 7.842 7.713 7.552 7.411 7.326 7.269 7.234 7.209 7.194 7.185 7.176 7.161 7.125 7.113 7.147 7.188 7.234 7.277
5.386 5.431 5.474 5.513 5.548 5.580 5.606 5.627 5.642 5.651 5.655 5.656 5.656 5.660 5.669 5.686 5.711 5.745 5.787 5.836 5.892 5.951 6.015 6.086 6.167 6.257 6.347 6.443 6.550 6.661 6.774 6.889 7.001 7.102 7.187 7.257 7.356 7.484 7.595 7.689 7.768 7.834 7.884 7.912 7.914 7.877 7.865 7.901 7.936 7.963 7.972 7.955 7.903 7.810 7.684 7.526 7.389 7.311 7.261 7.232 7.214 7.206 7.203 7.199 7.189 7.156 7.146 7.179 7.220 7.263 7.302
5.402 5.450 5.496 5.538 5.576 5.612 5.643 5.668 5.687 5.699 5.707 5.710 5.711 5.713 5.720 5.732 5.753 5.782 5.819 5.865 5.917 5.976 6.039 6.110 6.192 6.284 6.375 6.472 6.581 6.693 6.807 6.922 7.032 7.131 7.216 7.286 7.387 7.519 7.633 7.730 7.812 7.878 7.926 7.948 7.942 7.899 7.878 7.906 7.933 7.952 7.952 7.926 7.871 7.780 7.659 7.509 7.381 7.310 7.266 7.241 7.228 7.224 7.225 7.224 7.217 7.187 7.177 7.210 7.249 7.288 7.324
5.414 5.464 5.512 5.557 5.599 5.638 5.673 5.703 5.727 5.745 5.756 5.763 5.767 5.771 5.776 5.785 5.801 5.825 5.857 5.898 5.947 6.002 6.064 6.135 6.218 6.311 6.403 6.501 6.609 6.722 6.835 6.948 7.059 7.159 7.247 7.317 7.419 7.553 7.670 7.770 7.852 7.916 7.960 7.976 7.964 7.914 7.885 7.903 7.922 7.933 7.925 7.896 7.840 7.754 7.643 7.503 7.385 7.320 7.281 7.259 7.248 7.246 7.249 7.250 7.246 7.218 7.208 7.239 7.275 7.310 7.340
5.422 5.474 5.524 5.571 5.616 5.659 5.698 5.732 5.762 5.785 5.803 5.815 5.824 5.830 5.835 5.844 5.856 5.875 5.901 5.936 5.980 6.031 6.091 6.160 6.242 6.335 6.428 6.526 6.635 6.746 6.857 6.970 7.082 7.185 7.277 7.347 7.449 7.586 7.705 7.806 7.886 7.948 7.987 7.997 7.978 7.920 7.882 7.892 7.903 7.907 7.895 7.866 7.813 7.735 7.635 7.506 7.397 7.339 7.303 7.282 7.271 7.269 7.272 7.276 7.275 7.248 7.237 7.266 7.298 7.328 7.353
5.426 5.479 5.531 5.581 5.629 5.675 5.718 5.757 5.791 5.821 5.845 5.863 5.877 5.888 5.897 5.905 5.916 5.930 5.951 5.979 6.017 6.063 6.117 6.183 6.264 6.356 6.449 6.546 6.655 6.765 6.875 6.989 7.104 7.212 7.306 7.376 7.479 7.619 7.738 7.837 7.914 7.972 8.007 8.011 7.984 7.918 7.873 7.874 7.878 7.878 7.866 7.837 7.791 7.724 7.635 7.517 7.416 7.363 7.328 7.308 7.297 7.293 7.296 7.302 7.302 7.276 7.264 7.291 7.318 7.343 7.362
5.428 5.482 5.534 5.586 5.637 5.686 5.732 5.776 5.815 5.851 5.881 5.907 5.927 5.943 5.956 5.967 5.977 5.989 6.005 6.027 6.058 6.096 6.144 6.206 6.284 6.375 6.466 6.563 6.671 6.782 6.893 7.008 7.127 7.238 7.336 7.405 7.508 7.648 7.764 7.861 7.934 7.988 8.018 8.014 7.980 7.907 7.854 7.848 7.848 7.847 7.836 7.812 7.775 7.717 7.638 7.530 7.437 7.387 7.353 7.333 7.321 7.317 7.320 7.326 7.329 7.302 7.289 7.311 7.333 7.352 7.365
5.425 5.480 5.534 5.587 5.640 5.692 5.742 5.789 5.834 5.875 5.911 5.943 5.971 5.993 6.011 6.025 6.038 6.049 6.062 6.079 6.102 6.133 6.174 6.229 6.303 6.391 6.480 6.577 6.685 6.797 6.910 7.027 7.147 7.261 7.362 7.429 7.530 7.668 7.782 7.876 7.945 7.996 8.020 8.011 7.969 7.889 7.829 7.819 7.819 7.818 7.809 7.793 7.764 7.715 7.646 7.547 7.460 7.412 7.380 7.359 7.346 7.341 7.343 7.349 7.353 7.327 7.311 7.328 7.345 7.357 7.363
5.420 5.475 5.529 5.584 5.639 5.693 5.746 5.798 5.847 5.893 5.935 5.973 6.007 6.035 6.059 6.078 6.094 6.107 6.119 6.133 6.150 6.173 6.206 6.254 6.320 6.405 6.492 6.587 6.697 6.809 6.924 7.043 7.164 7.282 7.387 7.451 7.548 7.684 7.797 7.886 7.952 7.999 8.018 8.002 7.952 7.866 7.803 7.792 7.792 7.793 7.790 7.781 7.760 7.720 7.659 7.567 7.484 7.439 7.408 7.386 7.372 7.366 7.367 7.373 7.379 7.352 7.331 7.344 7.353 7.357 7.357
5.412 5.467 5.521 5.577 5.634 5.690 5.746 5.801 5.853 5.904 5.951 5.995 6.034 6.069 6.099 6.124 6.144 6.160 6.174 6.186 6.200 6.217 6.242 6.280 6.339 6.420 6.503 6.597 6.707 6.821 6.938 7.059 7.182 7.310 7.413 7.468 7.561 7.697 7.806 7.891 7.954 7.995 8.008 7.983 7.925 7.838 7.775 7.765 7.768 7.774 7.778 7.775 7.760 7.726 7.671 7.586 7.508 7.465 7.433 7.412 7.398 7.390 7.389 7.399 7.405 7.374 7.349 7.355 7.357 7.353 7.345
5.403 5.456 5.511 5.567 5.624 5.682 5.741 5.798 5.854 5.908 5.960 6.009 6.053 6.094 6.129 6.160 6.186 6.207 6.224 6.238 6.250 6.263 6.281 6.312 6.365 6.438 6.518 6.609 6.719 6.836 6.956 7.081 7.211 7.334 7.425 7.477 7.569 7.701 7.807 7.889 7.947 7.981 7.986 7.954 7.898 7.810 7.748 7.742 7.749 7.761 7.769 7.771 7.761 7.732 7.684 7.604 7.529 7.488 7.458 7.437 7.422 7.415 7.417 7.426 7.427 7.392 7.362 7.360 7.354 7.343 7.328
5.393 5.445 5.498 5.554 5.612 5.671 5.731 5.790 5.849 5.906 5.962 6.014 6.064 6.109 6.150 6.187 6.219 6.246 6.268 6.286 6.300 6.312 6.326 6.352 6.397 6.463 6.537 6.626 6.735 6.853 6.975 7.104 7.232 7.343 7.428 7.478 7.567 7.697 7.800 7.879 7.930 7.957 7.955 7.924 7.870 7.784 7.724 7.723 7.736 7.752 7.764 7.769 7.762 7.739 7.697 7.621 7.549 7.511 7.483 7.462 7.448 7.442 7.444 7.448 7.444 7.404 7.369 7.360 7.346 7.327 7.303
5.386 5.435 5.486 5.540 5.597 5.657 5.717 5.778 5.838 5.898 5.956 6.012 6.066 6.116 6.163 6.205 6.243 6.277 6.305 6.328 6.347 6.361 6.375 6.396 6.435 6.495 6.563 6.648 6.754 6.870 6.993 7.118 7.239 7.343 7.422 7.470 7.558 7.685 7.785 7.859 7.905 7.926 7.922 7.893 7.842 7.759 7.704 7.710 7.727 7.746 7.761 7.768 7.764 7.746 7.708 7.636 7.567 7.533 7.507 7.487 7.474 7.468 7.467 7.467 7.456 7.412 7.371 7.354 7.332 7.304 7.272
5.383 5.428 5.476 5.527 5.583 5.641 5.701 5.762 5.823 5.885 5.945 6.004 6.061 6.116 6.168 6.216 6.260 6.300 6.335 6.365 6.390 6.409 6.425 6.445 6.480 6.534 6.596 6.673 6.773 6.886 7.002 7.120 7.234 7.332 7.410 7.456 7.541 7.665 7.762 7.833 7.874 7.892 7.889 7.863 7.817 7.739 7.689 7.699 7.721 7.743 7.758 7.768 7.767 7.752 7.719 7.651 7.586 7.554 7.530 7.511 7.498 7.491 7.487 7.480 7.463 7.414 7.367 7.341 7.311 7.276 7.235
5.386 5.426 5.469 5.517 5.569 5.625 5.683 5.744 5.806 5.868 5.930 5.991 6.051 6.110 6.166 6.220 6.270 6.316 6.358 6.395 6.427 6.452 6.473 6.495 6.528 6.577 6.631 6.698 6.790 6.893 6.999 7.110 7.219 7.314 7.391 7.435 7.517 7.639 7.733 7.800 7.839 7.858 7.857 7.836 7.796 7.722 7.676 7.692 7.716 7.739 7.756 7.767 7.769 7.757 7.729 7.665 7.602 7.574 7.552 7.534 7.519 7.510 7.501 7.489 7.465 7.411 7.357 7.323 7.285 7.242 7.194
5.394 5.430 5.468 5.510 5.558 5.610 5.666 5.725 5.786 5.848 5.911 5.974 6.037 6.099 6.159 6.217 6.273 6.325 6.373 6.417 6.456 6.488 6.514 6.539 6.572 6.617 6.664 6.721 6.801 6.892 6.989 7.092 7.197 7.291 7.367 7.410 7.489 7.610 7.702 7.767 7.805 7.824 7.827 7.813 7.778 7.708 7.666 7.686 7.712 7.736 7.755 7.766 7.770 7.762 7.739 7.678 7.619 7.594 7.572 7.553 7.537 7.524 7.511 7.493 7.462 7.402 7.341 7.299 7.253 7.204 7.151
5.408 5.439 5.472 5.508 5.551 5.598 5.650 5.707 5.766 5.827 5.890 5.954 6.019 6.083 6.147 6.210 6.270 6.327 6.381 6.430 6.475 6.513 6.545 6.574 6.609 6.653 6.693 6.740 6.808 6.888 6.975 7.072 7.173 7.267 7.343 7.384 7.461 7.580 7.670 7.734 7.772 7.794 7.802 7.792 7.762 7.695 7.656 7.678 7.706 7.732 7.751 7.764 7.770 7.766 7.746 7.689 7.633 7.610 7.589 7.569 7.549 7.532 7.515 7.489 7.451 7.385 7.318 7.268 7.215 7.161 7.105
5.428 5.454 5.481 5.511 5.548 5.589 5.637 5.689 5.745 5.805 5.868 5.932 5.998 6.064 6.130 6.196 6.261 6.322 6.380 6.434 6.483 6.526 6.564 6.598 6.636 6.680 6.717 6.757 6.814 6.884 6.963 7.053 7.150 7.242 7.318 7.356 7.431 7.549 7.638 7.701 7.741 7.766 7.778 7.772 7.746 7.682 7.645 7.669 7.698 7.725 7.745 7.761 7.769 7.767 7.752 7.698 7.646 7.624 7.602 7.580 7.557 7.535 7.513 7.481 7.436 7.363 7.289 7.233 7.175 7.118 7.061
5.451 5.474 5.495 5.519 5.549 5.584 5.625 5.672 5.725 5.782 5.843 5.907 5.973 6.041 6.109 6.178 6.245 6.310 6.371 6.428 6.481 6.528 6.571 6.610 6.652 6.698 6.735 6.770 6.821 6.882 6.952 7.036 7.127 7.219 7.296 7.330 7.402 7.519 7.608 7.671 7.712 7.742 7.756 7.754 7.731 7.669 7.633 7.660 7.691 7.719 7.741 7.759 7.769 7.771 7.761 7.710 7.659 7.639 7.616 7.590 7.563 7.537 7.509 7.471 7.416 7.336 7.257 7.196 7.135 7.076 7.019
