TsunamiDB/out54199.asc
ncols          264
nrows          230
xllcorner      497853.4375
yllcorner      4229146.0000
cellsize         5.
NODATA_value   -99
[rows 102 to 135 of 230, columns 0 to 76 of 264]
6.236 6.244 6.252 6.260 6.268 6.276 6.284 6.292 6.301 6.309 6.317 6.325 6.332 6.340 6.347 6.354 6.361 6.368 6.374 6.381 6.387 6.393 6.399 6.405 6.410 6.416 6.421 6.426 6.430 6.434 6.438 6.442 6.446 6.449 6.451 6.454 6.455 6.457 6.458 6.459 6.460 6.460 6.461 6.461 6.461 6.462 6.463 6.464 6.465 6.466 6.468 6.469 6.472 6.474 6.477 6.480 6.483 6.486 6.490 6.493 6.496 6.500 6.503 6.507 6.510 6.514 6.517 6.521 6.525 6.528 6.532 6.536 6.539 6.543 6.547 6.551 6.554
6.238 6.246 6.254 6.263 6.271 6.279 6.287 6.295 6.303 6.311 6.319 6.327 6.335 6.342 6.350 6.357 6.364 6.371 6.378 6.384 6.391 6.397 6.403 6.409 6.415 6.420 6.426 6.431 6.435 6.440 6.444 6.448 6.453 6.456 6.459 6.462 6.464 6.466 6.467 6.468 6.469 6.470 6.470 6.471 6.471 6.471 6.472 6.472 6.473 6.474 6.476 6.477 6.479 6.481 6.484 6.487 6.490 6.493 6.496 6.499 6.502 6.506 6.509 6.513 6.516 6.520 6.523 6.527 6.531 6.534 6.538 6.541 6.545 6.549 6.553 6.556 6.560
6.240 6.248 6.256 6.265 6.273 6.281 6.289 6.297 6.305 6.314 6.322 6.329 6.337 6.345 6.352 6.359 6.366 6.373 6.380 6.387 6.394 6.400 6.406 6.413 6.419 6.424 6.430 6.435 6.440 6.445 6.450 6.454 6.459 6.463 6.466 6.469 6.472 6.474 6.476 6.477 6.478 6.479 6.480 6.480 6.480 6.481 6.481 6.481 6.482 6.483 6.484 6.485 6.487 6.489 6.491 6.494 6.497 6.500 6.502 6.505 6.509 6.512 6.515 6.519 6.522 6.526 6.529 6.533 6.536 6.540 6.544 6.547 6.551 6.555 6.558 6.562 6.566
6.242 6.250 6.258 6.266 6.275 6.283 6.291 6.299 6.307 6.316 6.324 6.331 6.339 6.347 6.354 6.362 6.369 6.376 6.383 6.390 6.396 6.403 6.410 6.416 6.422 6.428 6.434 6.439 6.445 6.450 6.455 6.460 6.464 6.469 6.473 6.476 6.479 6.481 6.484 6.485 6.487 6.488 6.489 6.489 6.490 6.490 6.490 6.491 6.491 6.492 6.492 6.493 6.495 6.496 6.498 6.501 6.504 6.506 6.509 6.512 6.515 6.518 6.521 6.525 6.528 6.532 6.535 6.539 6.542 6.546 6.549 6.553 6.556 6.560 6.564 6.567 6.571
6.244 6.252 6.260 6.268 6.276 6.284 6.292 6.301 6.309 6.317 6.326 6.333 6.341 6.349 6.356 6.364 6.371 6.378 6.385 6.392 6.399 6.406 6.412 6.419 6.425 6.431 6.437 6.443 6.448 6.454 6.459 6.464 6.470 6.474 6.478 6.482 6.485 6.488 6.491 6.493 6.495 6.496 6.497 6.498 6.499 6.499 6.499 6.499 6.500 6.500 6.501 6.502 6.503 6.504 6.506 6.508 6.511 6.513 6.516 6.518 6.521 6.524 6.527 6.531 6.534 6.537 6.541 6.544 6.548 6.551 6.555 6.558 6.562 6.566 6.569 6.573 6.577
6.245 6.254 6.262 6.270 6.278 6.286 6.294 6.302 6.310 6.319 6.327 6.335 6.343 6.350 6.358 6.365 6.373 6.380 6.387 6.394 6.401 6.408 6.415 6.421 6.428 6.434 6.440 6.446 6.452 6.458 6.463 6.469 6.474 6.479 6.483 6.488 6.491 6.495 6.498 6.500 6.502 6.504 6.505 6.506 6.507 6.508 6.508 6.508 6.509 6.509 6.509 6.510 6.511 6.512 6.513 6.516 6.518 6.520 6.522 6.525 6.527 6.530 6.533 6.537 6.540 6.543 6.546 6.550 6.553 6.557 6.560 6.564 6.567 6.571 6.575 6.578 6.582
6.247 6.255 6.263 6.271 6.279 6.287 6.296 6.304 6.312 6.321 6.329 6.337 6.344 6.352 6.360 6.367 6.375 6.382 6.389 6.396 6.403 6.410 6.417 6.423 6.430 6.436 6.443 6.449 6.455 6.461 6.467 6.472 6.478 6.483 6.488 6.493 6.497 6.500 6.504 6.507 6.509 6.511 6.513 6.514 6.515 6.516 6.517 6.517 6.517 6.517 6.518 6.518 6.519 6.520 6.521 6.523 6.525 6.527 6.529 6.531 6.534 6.536 6.539 6.542 6.545 6.549 6.552 6.555 6.559 6.562 6.566 6.569 6.573 6.576 6.580 6.584 6.587
6.248 6.256 6.265 6.273 6.281 6.289 6.297 6.305 6.313 6.322 6.330 6.338 6.346 6.354 6.361 6.369 6.376 6.383 6.391 6.398 6.405 6.412 6.419 6.425 6.432 6.439 6.445 6.451 6.458 6.464 6.470 6.475 6.481 6.487 6.492 6.497 6.501 6.505 6.509 6.512 6.515 6.518 6.520 6.522 6.523 6.524 6.525 6.525 6.526 6.526 6.526 6.526 6.527 6.528 6.529 6.530 6.532 6.534 6.536 6.538 6.540 6.543 6.545 6.548 6.551 6.554 6.557 6.561 6.564 6.567 6.571 6.574 6.578 6.582 6.585 6.589 6.593
6.250 6.258 6.266 6.274 6.282 6.290 6.298 6.306 6.315 6.323 6.332 6.339 6.347 6.355 6.363 6.370 6.378 6.385 6.392 6.399 6.406 6.413 6.420 6.427 6.434 6.441 6.447 6.454 6.460 6.466 6.472 6.478 6.485 6.491 6.496 6.501 6.506 6.510 6.514 6.518 6.521 6.524 6.526 6.528 6.530 6.531 6.532 6.533 6.534 6.534 6.534 6.535 6.535 6.536 6.536 6.538 6.539 6.541 6.542 6.544 6.546 6.549 6.551 6.554 6.557 6.560 6.563 6.566 6.569 6.573 6.576 6.579 6.583 6.586 6.590 6.594 6.597
6.251 6.259 6.267 6.275 6.283 6.291 6.300 6.308 6.316 6.325 6.333 6.341 6.349 6.356 6.364 6.371 6.379 6.386 6.394 6.401 6.408 6.415 6.422 6.429 6.436 6.442 6.449 6.456 6.462 6.468 6.475 6.481 6.487 6.494 6.499 6.504 6.509 6.514 6.518 6.522 6.526 6.529 6.532 6.535 6.537 6.538 6.540 6.541 6.541 6.542 6.542 6.542 6.543 6.543 6.544 6.545 6.546 6.548 6.549 6.551 6.553 6.555 6.557 6.560 6.562 6.565 6.568 6.571 6.574 6.578 6.581 6.584 6.588 6.591 6.595 6.598 6.602
6.252 6.260 6.269 6.277 6.285 6.293 6.301 6.309 6.317 6.326 6.334 6.342 6.350 6.358 6.365 6.373 6.380 6.388 6.395 6.402 6.409 6.417 6.424 6.430 6.437 6.444 6.451 6.458 6.464 6.471 6.477 6.483 6.490 6.496 6.502 6.507 6.513 6.518 6.522 6.527 6.531 6.534 6.538 6.540 6.543 6.545 6.546 6.548 6.549 6.549 6.550 6.550 6.551 6.551 6.552 6.553 6.554 6.555 6.556 6.557 6.559 6.561 6.563 6.565 6.568 6.570 6.573 6.576 6.579 6.582 6.586 6.589 6.592 6.596 6.599 6.603 6.607
6.254 6.262 6.270 6.278 6.286 6.294 6.302 6.310 6.319 6.327 6.336 6.343 6.351 6.359 6.366 6.374 6.382 6.389 6.396 6.404 6.411 6.418 6.425 6.432 6.439 6.446 6.453 6.459 6.466 6.472 6.479 6.486 6.492 6.499 6.505 6.510 6.516 6.521 6.526 6.531 6.535 6.539 6.542 6.546 6.548 6.551 6.553 6.554 6.555 6.556 6.557 6.558 6.558 6.558 6.559 6.560 6.561 6.562 6.563 6.564 6.565 6.567 6.569 6.571 6.573 6.576 6.578 6.581 6.584 6.587 6.590 6.594 6.597 6.600 6.604 6.608 6.611
6.255 6.263 6.271 6.279 6.287 6.295 6.303 6.312 6.320 6.329 6.337 6.345 6.352 6.360 6.368 6.375 6.383 6.390 6.398 6.405 6.412 6.419 6.426 6.433 6.440 6.447 6.454 6.461 6.468 6.474 6.481 6.488 6.494 6.501 6.507 6.513 6.519 6.524 6.529 6.534 6.539 6.543 6.547 6.550 6.553 6.556 6.558 6.560 6.562 6.563 6.564 6.565 6.565 6.566 6.566 6.567 6.568 6.569 6.569 6.570 6.572 6.573 6.575 6.577 6.579 6.581 6.584 6.586 6.589 6.592 6.595 6.598 6.602 6.605 6.608 6.612 6.615
6.257 6.265 6.273 6.281 6.289 6.297 6.305 6.313 6.321 6.330 6.338 6.346 6.354 6.361 6.369 6.377 6.384 6.392 6.399 6.406 6.414 6.421 6.428 6.435 6.442 6.449 6.456 6.462 6.469 6.476 6.483 6.489 6.496 6.503 6.509 6.515 6.521 6.527 6.532 6.537 6.542 6.547 6.551 6.555 6.558 6.561 6.564 6.566 6.568 6.569 6.571 6.572 6.572 6.573 6.574 6.574 6.575 6.576 6.576 6.577 6.578 6.579 6.581 6.582 6.584 6.586 6.589 6.591 6.594 6.597 6.600 6.603 6.606 6.609 6.613 6.616 6.620
6.258 6.266 6.274 6.282 6.290 6.298 6.306 6.314 6.323 6.332 6.339 6.347 6.355 6.363 6.370 6.378 6.385 6.393 6.400 6.408 6.415 6.422 6.429 6.436 6.443 6.450 6.457 6.464 6.471 6.478 6.484 6.491 6.499 6.505 6.511 6.518 6.523 6.529 6.535 6.540 6.545 6.550 6.555 6.559 6.562 6.566 6.569 6.571 6.574 6.575 6.577 6.578 6.579 6.580 6.581 6.582 6.582 6.583 6.583 6.584 6.585 6.586 6.587 6.588 6.590 6.592 6.594 6.596 6.599 6.601 6.604 6.607 6.610 6.613 6.617 6.620 6.624
6.260 6.268 6.276 6.284 6.292 6.300 6.308 6.316 6.325 6.333 6.341 6.349 6.356 6.364 6.372 6.379 6.387 6.394 6.402 6.409 6.416 6.424 6.431 6.438 6.445 6.452 6.459 6.466 6.473 6.479 6.486 6.493 6.501 6.507 6.513 6.520 6.526 6.532 6.537 6.543 6.548 6.553 6.558 6.562 6.566 6.570 6.573 6.576 6.579 6.581 6.583 6.584 6.585 6.586 6.587 6.589 6.589 6.590 6.590 6.591 6.591 6.592 6.593 6.594 6.596 6.597 6.599 6.601 6.604 6.606 6.609 6.612 6.615 6.618 6.621 6.624 6.628
6.261 6.269 6.277 6.285 6.293 6.301 6.309 6.318 6.326 6.334 6.342 6.350 6.358 6.366 6.373 6.381 6.388 6.396 6.403 6.411 6.418 6.425 6.432 6.439 6.446 6.453 6.460 6.467 6.474 6.481 6.488 6.495 6.502 6.509 6.515 6.522 6.528 6.534 6.540 6.546 6.551 6.556 6.561 6.566 6.570 6.574 6.578 6.581 6.584 6.586 6.588 6.590 6.592 6.593 6.594 6.595 6.596 6.597 6.597 6.597 6.598 6.599 6.599 6.600 6.602 6.603 6.605 6.607 6.609 6.611 6.614 6.616 6.619 6.622 6.625 6.628 6.632
6.263 6.271 6.279 6.287 6.295 6.303 6.311 6.319 6.328 6.336 6.344 6.352 6.359 6.367 6.375 6.382 6.390 6.397 6.405 6.412 6.419 6.427 6.434 6.441 6.448 6.455 6.462 6.469 6.476 6.483 6.490 6.497 6.504 6.511 6.517 6.524 6.530 6.536 6.542 6.548 6.554 6.559 6.564 6.569 6.574 6.578 6.582 6.585 6.588 6.591 6.594 6.596 6.598 6.599 6.601 6.602 6.603 6.603 6.604 6.604 6.605 6.605 6.606 6.607 6.608 6.609 6.610 6.612 6.614 6.616 6.618 6.621 6.623 6.626 6.629 6.632 6.635
6.265 6.273 6.281 6.289 6.297 6.305 6.313 6.321 6.329 6.338 6.346 6.353 6.361 6.369 6.376 6.384 6.391 6.399 6.406 6.414 6.421 6.428 6.435 6.443 6.450 6.457 6.464 6.471 6.478 6.485 6.492 6.499 6.506 6.513 6.519 6.526 6.532 6.539 6.545 6.551 6.556 6.562 6.567 6.572 6.577 6.581 6.586 6.589 6.593 6.596 6.599 6.601 6.603 6.605 6.607 6.608 6.609 6.610 6.610 6.611 6.611 6.612 6.612 6.613 6.614 6.615 6.616 6.617 6.619 6.621 6.623 6.625 6.628 6.630 6.633 6.636 6.639
6.267 6.275 6.282 6.290 6.298 6.306 6.314 6.323 6.331 6.339 6.347 6.355 6.363 6.370 6.378 6.386 6.393 6.401 6.408 6.415 6.423 6.430 6.437 6.444 6.451 6.458 6.465 6.472 6.479 6.486 6.494 6.501 6.508 6.515 6.521 6.528 6.534 6.541 6.547 6.553 6.559 6.565 6.570 6.575 6.580 6.585 6.589 6.593 6.597 6.600 6.603 6.606 6.608 6.611 6.613 6.614 6.615 6.616 6.617 6.617 6.618 6.618 6.619 6.619 6.620 6.621 6.622 6.623 6.624 6.626 6.628 6.630 6.632 6.635 6.637 6.640 6.643
6.269 6.276 6.284 6.292 6.300 6.308 6.316 6.325 6.333 6.341 6.349 6.357 6.365 6.372 6.380 6.387 6.395 6.402 6.410 6.417 6.424 6.432 6.439 6.446 6.453 6.460 6.467 6.474 6.481 6.488 6.496 6.503 6.510 6.517 6.523 6.530 6.537 6.543 6.549 6.555 6.561 6.567 6.573 6.578 6.583 6.588 6.593 6.597 6.601 6.605 6.608 6.611 6.614 6.616 6.618 6.620 6.622 6.623 6.623 6.624 6.625 6.625 6.625 6.626 6.626 6.627 6.628 6.629 6.630 6.631 6.633 6.635 6.637 6.639 6.642 6.644 6.647
6.271 6.278 6.286 6.294 6.302 6.310 6.318 6.326 6.335 6.343 6.351 6.359 6.366 6.374 6.382 6.389 6.397 6.404 6.412 6.419 6.426 6.433 6.441 6.448 6.455 6.462 6.469 6.476 6.483 6.490 6.497 6.505 6.512 6.519 6.526 6.532 6.539 6.545 6.552 6.558 6.564 6.570 6.575 6.581 6.586 6.591 6.596 6.601 6.605 6.609 6.612 6.615 6.618 6.621 6.624 6.626 6.627 6.629 6.630 6.630 6.631 6.631 6.632 6.632 6.633 6.633 6.634 6.635 6.636 6.637 6.638 6.640 6.642 6.644 6.646 6.649 6.652
6.273 6.281 6.288 6.296 6.304 6.312 6.320 6.328 6.337 6.345 6.353 6.361 6.368 6.376 6.384 6.391 6.399 6.406 6.413 6.421 6.428 6.435 6.443 6.450 6.457 6.464 6.471 6.478 6.485 6.492 6.499 6.507 6.514 6.521 6.528 6.534 6.541 6.547 6.554 6.560 6.566 6.572 6.578 6.584 6.589 6.594 6.599 6.604 6.608 6.613 6.616 6.620 6.623 6.626 6.629 6.631 6.633 6.635 6.636 6.637 6.637 6.638 6.638 6.639 6.639 6.640 6.640 6.641 6.641 6.642 6.644 6.645 6.647 6.649 6.651 6.653 6.656
6.275 6.283 6.291 6.298 6.306 6.314 6.322 6.330 6.339 6.347 6.355 6.363 6.370 6.378 6.386 6.393 6.401 6.408 6.415 6.423 6.430 6.437 6.445 6.452 6.459 6.466 6.473 6.480 6.487 6.494 6.502 6.509 6.516 6.523 6.530 6.537 6.543 6.550 6.556 6.563 6.569 6.575 6.581 6.586 6.592 6.597 6.602 6.607 6.612 6.616 6.620 6.624 6.627 6.631 6.634 6.637 6.639 6.640 6.642 6.643 6.644 6.644 6.645 6.645 6.646 6.646 6.646 6.647 6.647 6.648 6.649 6.650 6.652 6.653 6.655 6.657 6.660
6.277 6.285 6.293 6.301 6.308 6.316 6.324 6.333 6.341 6.349 6.357 6.365 6.372 6.380 6.388 6.395 6.403 6.410 6.417 6.425 6.432 6.439 6.447 6.454 6.461 6.468 6.475 6.482 6.489 6.496 6.504 6.511 6.518 6.525 6.532 6.539 6.545 6.552 6.559 6.565 6.571 6.577 6.583 6.589 6.595 6.600 6.605 6.610 6.615 6.620 6.624 6.628 6.632 6.635 6.639 6.642 6.644 6.646 6.647 6.649 6.650 6.651 6.651 6.652 6.652 6.652 6.653 6.653 6.653 6.654 6.655 6.656 6.657 6.658 6.660 6.662 6.664
6.279 6.287 6.295 6.303 6.311 6.319 6.327 6.335 6.343 6.351 6.359 6.367 6.374 6.382 6.390 6.397 6.405 6.412 6.419 6.427 6.434 6.441 6.449 6.456 6.463 6.470 6.477 6.484 6.491 6.499 6.506 6.513 6.521 6.527 6.534 6.541 6.548 6.554 6.561 6.567 6.574 6.580 6.586 6.592 6.597 6.603 6.608 6.614 6.619 6.623 6.628 6.632 6.636 6.639 6.643 6.646 6.649 6.651 6.653 6.655 6.656 6.657 6.658 6.658 6.658 6.659 6.659 6.659 6.659 6.660 6.660 6.661 6.662 6.663 6.665 6.667 6.669
6.281 6.289 6.297 6.305 6.313 6.321 6.329 6.337 6.345 6.353 6.361 6.369 6.377 6.384 6.392 6.399 6.407 6.414 6.422 6.429 6.436 6.443 6.451 6.458 6.465 6.472 6.479 6.486 6.494 6.501 6.508 6.515 6.523 6.530 6.536 6.543 6.550 6.557 6.563 6.570 6.576 6.582 6.588 6.594 6.600 6.606 6.611 6.617 6.622 6.627 6.631 6.635 6.640 6.644 6.647 6.651 6.654 6.656 6.658 6.660 6.662 6.663 6.664 6.664 6.665 6.665 6.665 6.665 6.666 6.666 6.666 6.667 6.668 6.669 6.670 6.671 6.673
6.283 6.291 6.299 6.307 6.315 6.323 6.331 6.339 6.347 6.356 6.363 6.371 6.379 6.386 6.394 6.401 6.409 6.416 6.424 6.431 6.438 6.445 6.453 6.460 6.467 6.474 6.481 6.489 6.496 6.503 6.510 6.518 6.525 6.532 6.539 6.545 6.552 6.559 6.565 6.572 6.578 6.585 6.591 6.597 6.603 6.609 6.614 6.619 6.625 6.630 6.634 6.639 6.643 6.647 6.652 6.655 6.658 6.661 6.663 6.665 6.667 6.668 6.669 6.670 6.671 6.671 6.671 6.672 6.672 6.672 6.672 6.673 6.673 6.674 6.675 6.676 6.678
6.285 6.293 6.301 6.309 6.317 6.325 6.333 6.341 6.350 6.358 6.365 6.373 6.381 6.388 6.396 6.403 6.411 6.418 6.426 6.433 6.440 6.447 6.455 6.462 6.469 6.476 6.483 6.491 6.498 6.505 6.512 6.520 6.527 6.534 6.541 6.548 6.554 6.561 6.568 6.574 6.581 6.587 6.593 6.599 6.605 6.611 6.617 6.622 6.628 6.633 6.638 6.642 6.647 6.651 6.655 6.659 6.663 6.666 6.668 6.670 6.672 6.674 6.675 6.676 6.677 6.677 6.678 6.678 6.678 6.678 6.678 6.678 6.679 6.679 6.680 6.681 6.683
6.288 6.295 6.303 6.311 6.319 6.327 6.335 6.343 6.352 6.360 6.368 6.375 6.383 6.390 6.398 6.405 6.413 6.420 6.428 6.435 6.442 6.449 6.457 6.464 6.471 6.478 6.485 6.493 6.500 6.507 6.514 6.522 6.529 6.536 6.543 6.550 6.557 6.563 6.570 6.576 6.583 6.589 6.596 6.602 6.608 6.614 6.619 6.625 6.630 6.636 6.641 6.645 6.650 6.655 6.659 6.663 6.667 6.670 6.673 6.675 6.677 6.679 6.681 6.682 6.683 6.683 6.684 6.684 6.684 6.684 6.684 6.684 6.684 6.685 6.685 6.686 6.687
6.290 6.297 6.305 6.313 6.321 6.329 6.337 6.345 6.354 6.362 6.369 6.377 6.385 6.392 6.400 6.407 6.415 6.422 6.430 6.437 6.444 6.451 6.459 6.466 6.473 6.480 6.487 6.495 6.502 6.509 6.516 6.524 6.531 6.538 6.545 6.552 6.559 6.565 6.572 6.579 6.585 6.592 6.598 6.604 6.610 6.616 6.622 6.628 6.633 6.638 6.644 6.649 6.653 6.658 6.663 6.667 6.671 6.674 6.677 6.680 6.682 6.684 6.686 6.687 6.688 6.689 6.690 6.690 6.690 6.690 6.690 6.690 6.690 6.690 6.691 6.691 6.692
6.292 6.299 6.307 6.315 6.323 6.331 6.339 6.347 6.356 6.364 6.371 6.379 6.387 6.394 6.402 6.409 6.417 6.424 6.431 6.439 6.446 6.453 6.461 6.468 6.475 6.482 6.489 6.496 6.504 6.511 6.518 6.526 6.533 6.540 6.547 6.554 6.561 6.567 6.574 6.581 6.587 6.594 6.600 6.606 6.612 6.618 6.624 6.630 6.636 6.641 6.646 6.651 6.656 6.661 6.666 6.670 6.674 6.678 6.681 6.684 6.687 6.689 6.691 6.692 6.694 6.695 6.695 6.696 6.696 6.696 6.696 6.696 6.696 6.696 6.696 6.696 6.697
6.293 6.301 6.309 6.317 6.325 6.333 6.341 6.349 6.358 6.366 6.373 6.381 6.388 6.396 6.404 6.411 6.418 6.426 6.433 6.441 6.448 6.455 6.462 6.470 6.477 6.484 6.491 6.498 6.505 6.513 6.520 6.528 6.535 6.542 6.549 6.556 6.563 6.569 6.576 6.583 6.589 6.596 6.602 6.608 6.615 6.621 6.627 6.632 6.638 6.644 6.649 6.654 6.659 6.664 6.669 6.674 6.678 6.681 6.685 6.688 6.691 6.693 6.696 6.697 6.699 6.700 6.701 6.701 6.702 6.702 6.702 6.702 6.701 6.701 6.701 6.702 6.702
6.295 6.303 6.311 6.319 6.327 6.335 6.343 6.351 6.360 6.367 6.375 6.383 6.390 6.398 6.405 6.413 6.420 6.428 6.435 6.442 6.449 6.457 6.464 6.471 6.478 6.486 6.493 6.500 6.507 6.514 6.522 6.529 6.537 6.544 6.551 6.557 6.564 6.571 6.578 6.585 6.591 6.598 6.604 6.610 6.617 6.623 6.629 6.635 6.640 6.646 6.651 6.657 6.662 6.667 6.672 6.677 6.681 6.685 6.689 6.692 6.695 6.698 6.700 6.702 6.704 6.705 6.706 6.707 6.707 6.707 6.707 6.707 6.707 6.707 6.707 6.707 6.707
