TsunamiDB/out54077.asc
ncols          264
nrows          230
xllcorner      497853.4375
yllcorner      4229146.0000
cellsize         5.
NODATA_value   -99
[rows 170 to 203 of 230, columns 76 to 151 of 264]
5.896 5.914 5.932 5.950 5.968 5.985 6.002 6.018 6.034 6.049 6.065 6.080 6.094 6.109 6.124 6.139 6.155 6.170 6.186 6.202 6.219 6.235 6.252 6.268 6.284 6.300 6.317 6.333 6.349 6.364 6.380 6.395 6.409 6.423 6.437 6.451 6.465 6.479 6.493 6.507 6.521 6.536 6.551 6.566 6.582 6.597 6.612 6.627 6.642 6.657 6.672 6.687 6.701 6.715 6.729 6.742 6.755 6.767 6.779 6.791 6.803 6.815 6.828 6.841 6.854 6.868 6.882 6.896 6.911 6.925 6.939 6.952 6.966 6.980 6.994 7.008
5.902 5.920 5.939 5.957 5.975 5.993 6.010 6.026 6.042 6.058 6.073 6.088 6.103 6.118 6.132 6.147 6.162 6.177 6.193 6.208 6.224 6.240 6.257 6.272 6.288 6.304 6.320 6.336 6.352 6.368 6.383 6.398 6.413 6.427 6.441 6.455 6.469 6.483 6.497 6.511 6.526 6.540 6.555 6.571 6.586 6.602 6.617 6.631 6.647 6.662 6.678 6.693 6.708 6.723 6.737 6.751 6.765 6.778 6.790 6.803 6.815 6.828 6.841 6.854 6.867 6.881 6.895 6.910 6.925 6.939 6.953 6.967 6.981 6.995 7.009 7.023
5.908 5.926 5.945 5.963 5.982 6.000 6.017 6.034 6.050 6.066 6.082 6.097 6.112 6.127 6.141 6.155 6.170 6.185 6.200 6.215 6.230 6.246 6.262 6.277 6.292 6.308 6.324 6.340 6.356 6.371 6.387 6.402 6.417 6.431 6.445 6.459 6.473 6.487 6.501 6.515 6.530 6.544 6.559 6.574 6.590 6.606 6.621 6.636 6.651 6.667 6.683 6.699 6.715 6.730 6.745 6.760 6.774 6.787 6.801 6.814 6.827 6.840 6.853 6.866 6.880 6.894 6.908 6.923 6.939 6.953 6.967 6.981 6.995 7.010 7.024 7.039
5.913 5.931 5.950 5.969 5.988 6.006 6.023 6.041 6.058 6.074 6.090 6.105 6.120 6.135 6.150 6.164 6.178 6.193 6.207 6.222 6.237 6.252 6.267 6.282 6.297 6.312 6.328 6.344 6.359 6.375 6.390 6.405 6.420 6.435 6.449 6.463 6.477 6.491 6.505 6.519 6.533 6.548 6.562 6.578 6.593 6.609 6.624 6.639 6.655 6.671 6.688 6.704 6.720 6.736 6.752 6.767 6.782 6.796 6.810 6.824 6.838 6.851 6.865 6.878 6.892 6.907 6.921 6.937 6.952 6.966 6.980 6.995 7.010 7.025 7.040 7.055
5.918 5.936 5.955 5.974 5.993 6.011 6.029 6.047 6.064 6.081 6.097 6.113 6.128 6.143 6.158 6.172 6.186 6.201 6.215 6.229 6.244 6.259 6.274 6.288 6.302 6.317 6.332 6.348 6.363 6.379 6.394 6.409 6.424 6.438 6.453 6.467 6.481 6.495 6.508 6.522 6.536 6.551 6.566 6.581 6.597 6.612 6.627 6.642 6.658 6.675 6.692 6.709 6.725 6.742 6.758 6.774 6.790 6.805 6.819 6.834 6.848 6.862 6.876 6.890 6.904 6.919 6.934 6.950 6.965 6.980 6.994 7.010 7.025 7.040 7.056 7.071
5.923 5.941 5.960 5.979 5.998 6.016 6.035 6.053 6.070 6.087 6.104 6.120 6.135 6.151 6.166 6.180 6.194 6.209 6.223 6.237 6.252 6.266 6.280 6.293 6.308 6.322 6.337 6.353 6.368 6.383 6.398 6.413 6.428 6.442 6.457 6.471 6.484 6.498 6.512 6.526 6.540 6.554 6.569 6.584 6.600 6.615 6.629 6.645 6.661 6.678 6.695 6.712 6.730 6.747 6.764 6.780 6.796 6.812 6.828 6.843 6.858 6.872 6.887 6.901 6.916 6.931 6.947 6.963 6.978 6.993 7.008 7.024 7.040 7.056 7.071 7.087
5.928 5.946 5.965 5.984 6.003 6.021 6.039 6.058 6.075 6.093 6.110 6.126 6.142 6.158 6.173 6.188 6.202 6.216 6.231 6.245 6.259 6.273 6.287 6.300 6.314 6.328 6.343 6.358 6.373 6.388 6.403 6.417 6.432 6.446 6.461 6.475 6.488 6.502 6.516 6.529 6.543 6.557 6.572 6.587 6.602 6.617 6.632 6.648 6.664 6.681 6.698 6.716 6.734 6.751 6.769 6.786 6.803 6.819 6.835 6.851 6.867 6.882 6.897 6.912 6.927 6.943 6.959 6.975 6.991 7.006 7.022 7.038 7.055 7.071 7.087 7.104
5.934 5.952 5.970 5.989 6.007 6.026 6.044 6.062 6.080 6.098 6.115 6.132 6.148 6.164 6.179 6.195 6.209 6.224 6.238 6.252 6.266 6.280 6.294 6.307 6.320 6.334 6.349 6.363 6.378 6.393 6.408 6.422 6.437 6.451 6.465 6.479 6.493 6.506 6.520 6.533 6.547 6.561 6.575 6.590 6.605 6.620 6.634 6.650 6.667 6.684 6.701 6.719 6.737 6.755 6.773 6.791 6.808 6.826 6.842 6.859 6.875 6.891 6.907 6.923 6.938 6.954 6.971 6.987 7.004 7.019 7.036 7.052 7.069 7.086 7.103 7.120
5.941 5.958 5.976 5.994 6.012 6.030 6.048 6.067 6.084 6.102 6.120 6.137 6.153 6.170 6.185 6.201 6.216 6.231 6.245 6.259 6.273 6.287 6.301 6.313 6.327 6.341 6.355 6.369 6.384 6.398 6.413 6.427 6.442 6.456 6.470 6.484 6.497 6.511 6.524 6.538 6.551 6.565 6.579 6.593 6.608 6.623 6.637 6.653 6.669 6.686 6.704 6.722 6.740 6.759 6.777 6.795 6.814 6.831 6.849 6.866 6.883 6.900 6.916 6.932 6.949 6.965 6.982 6.999 7.016 7.032 7.049 7.066 7.084 7.102 7.119 7.137
5.950 5.966 5.983 6.000 6.017 6.035 6.053 6.071 6.089 6.106 6.124 6.141 6.158 6.175 6.191 6.206 6.222 6.237 6.251 6.266 6.280 6.294 6.307 6.320 6.333 6.347 6.361 6.375 6.390 6.404 6.419 6.433 6.447 6.461 6.475 6.489 6.503 6.516 6.529 6.543 6.556 6.569 6.583 6.597 6.612 6.626 6.640 6.656 6.672 6.689 6.707 6.725 6.743 6.762 6.781 6.800 6.818 6.837 6.855 6.873 6.891 6.908 6.925 6.942 6.959 6.976 6.993 7.011 7.028 7.045 7.063 7.080 7.099 7.117 7.135 7.153
5.960 5.975 5.991 6.007 6.024 6.041 6.058 6.075 6.093 6.111 6.128 6.145 6.162 6.179 6.196 6.211 6.227 6.242 6.257 6.272 6.286 6.300 6.314 6.326 6.340 6.354 6.367 6.382 6.396 6.410 6.425 6.439 6.453 6.467 6.481 6.495 6.508 6.522 6.535 6.548 6.561 6.574 6.587 6.601 6.616 6.630 6.644 6.659 6.675 6.692 6.710 6.728 6.746 6.765 6.785 6.804 6.823 6.842 6.861 6.880 6.898 6.916 6.934 6.951 6.969 6.986 7.004 7.023 7.040 7.058 7.076 7.094 7.113 7.132 7.151 7.170
5.973 5.986 6.001 6.016 6.031 6.047 6.064 6.081 6.098 6.115 6.132 6.150 6.167 6.183 6.200 6.216 6.232 6.247 6.262 6.277 6.292 6.306 6.320 6.333 6.346 6.360 6.374 6.388 6.402 6.416 6.431 6.445 6.459 6.473 6.487 6.501 6.515 6.528 6.541 6.554 6.567 6.580 6.593 6.606 6.620 6.634 6.648 6.663 6.678 6.695 6.713 6.731 6.750 6.769 6.788 6.808 6.828 6.847 6.867 6.886 6.905 6.924 6.942 6.960 6.978 6.997 7.015 7.034 7.052 7.071 7.089 7.108 7.128 7.147 7.167 7.187
5.988 6.000 6.013 6.026 6.041 6.056 6.071 6.087 6.104 6.120 6.137 6.154 6.171 6.187 6.204 6.220 6.236 6.252 6.267 6.282 6.297 6.312 6.325 6.338 6.352 6.366 6.380 6.394 6.408 6.422 6.436 6.451 6.465 6.479 6.493 6.507 6.521 6.534 6.548 6.560 6.573 6.586 6.599 6.612 6.626 6.639 6.652 6.667 6.683 6.699 6.717 6.735 6.753 6.773 6.792 6.812 6.833 6.853 6.873 6.892 6.912 6.931 6.950 6.969 6.988 7.007 7.026 7.045 7.064 7.083 7.102 7.122 7.142 7.163 7.183 7.204
6.005 6.016 6.027 6.039 6.052 6.066 6.080 6.095 6.110 6.126 6.142 6.159 6.175 6.192 6.208 6.224 6.240 6.256 6.272 6.287 6.302 6.317 6.331 6.344 6.357 6.371 6.385 6.399 6.414 6.428 6.442 6.457 6.471 6.486 6.500 6.514 6.528 6.541 6.555 6.568 6.580 6.593 6.606 6.619 6.632 6.645 6.658 6.672 6.687 6.704 6.721 6.739 6.758 6.777 6.797 6.817 6.837 6.858 6.878 6.899 6.919 6.939 6.958 6.978 6.997 7.017 7.037 7.057 7.076 7.096 7.116 7.136 7.157 7.178 7.200 7.221
6.024 6.034 6.044 6.055 6.066 6.078 6.091 6.105 6.119 6.134 6.149 6.165 6.181 6.197 6.213 6.229 6.245 6.261 6.276 6.291 6.307 6.322 6.335 6.349 6.362 6.376 6.391 6.405 6.419 6.434 6.448 6.463 6.477 6.492 6.506 6.520 6.535 6.548 6.562 6.575 6.588 6.601 6.613 6.626 6.639 6.652 6.665 6.678 6.693 6.709 6.726 6.744 6.762 6.782 6.802 6.822 6.843 6.864 6.884 6.905 6.926 6.946 6.967 6.987 7.007 7.027 7.047 7.068 7.088 7.108 7.129 7.150 7.172 7.194 7.216 7.238
6.044 6.053 6.063 6.072 6.083 6.093 6.105 6.117 6.130 6.143 6.157 6.172 6.187 6.203 6.218 6.234 6.250 6.265 6.281 6.296 6.311 6.326 6.340 6.354 6.367 6.382 6.396 6.410 6.425 6.439 6.454 6.468 6.483 6.498 6.512 6.527 6.541 6.555 6.569 6.583 6.596 6.609 6.622 6.634 6.647 6.660 6.672 6.685 6.700 6.715 6.732 6.749 6.768 6.787 6.807 6.827 6.848 6.869 6.891 6.912 6.933 6.954 6.975 6.996 7.017 7.037 7.058 7.080 7.100 7.121 7.142 7.164 7.186 7.209 7.232 7.255
6.065 6.074 6.083 6.092 6.101 6.111 6.121 6.131 6.143 6.155 6.168 6.181 6.195 6.210 6.225 6.240 6.255 6.270 6.286 6.301 6.316 6.331 6.345 6.358 6.372 6.387 6.401 6.415 6.430 6.444 6.459 6.474 6.489 6.504 6.519 6.533 6.548 6.562 6.577 6.590 6.604 6.617 6.630 6.643 6.656 6.668 6.680 6.693 6.707 6.722 6.738 6.756 6.774 6.793 6.813 6.833 6.854 6.876 6.897 6.919 6.941 6.962 6.984 7.005 7.027 7.048 7.069 7.091 7.113 7.134 7.155 7.178 7.201 7.224 7.248 7.272
6.085 6.095 6.104 6.113 6.122 6.130 6.139 6.149 6.159 6.169 6.181 6.193 6.206 6.219 6.233 6.247 6.262 6.276 6.291 6.306 6.321 6.336 6.350 6.363 6.377 6.392 6.406 6.420 6.435 6.450 6.465 6.479 6.494 6.510 6.525 6.540 6.555 6.569 6.584 6.598 6.612 6.626 6.639 6.652 6.665 6.677 6.689 6.702 6.715 6.730 6.746 6.763 6.781 6.800 6.819 6.840 6.861 6.883 6.905 6.927 6.949 6.971 6.993 7.015 7.037 7.059 7.081 7.103 7.125 7.146 7.169 7.192 7.216 7.240 7.264 7.289
6.104 6.115 6.125 6.134 6.143 6.151 6.159 6.168 6.177 6.186 6.196 6.207 6.218 6.230 6.243 6.256 6.270 6.284 6.298 6.313 6.327 6.342 6.355 6.369 6.383 6.397 6.411 6.426 6.440 6.455 6.470 6.485 6.500 6.515 6.531 6.546 6.561 6.576 6.591 6.606 6.620 6.634 6.648 6.661 6.674 6.686 6.698 6.711 6.724 6.739 6.754 6.771 6.788 6.807 6.826 6.847 6.868 6.890 6.912 6.935 6.957 6.980 7.002 7.025 7.047 7.069 7.092 7.115 7.137 7.159 7.182 7.206 7.230 7.255 7.280 7.305
6.122 6.134 6.145 6.155 6.164 6.173 6.181 6.189 6.197 6.205 6.214 6.224 6.234 6.244 6.256 6.268 6.280 6.293 6.307 6.321 6.335 6.348 6.362 6.375 6.388 6.402 6.417 6.431 6.446 6.460 6.475 6.490 6.506 6.521 6.536 6.552 6.567 6.583 6.598 6.613 6.628 6.642 6.656 6.670 6.683 6.696 6.708 6.720 6.734 6.748 6.763 6.779 6.796 6.815 6.834 6.855 6.876 6.898 6.920 6.943 6.966 6.989 7.012 7.035 7.057 7.080 7.104 7.127 7.149 7.172 7.195 7.219 7.244 7.270 7.296 7.321
6.138 6.151 6.163 6.174 6.184 6.194 6.202 6.210 6.218 6.226 6.234 6.243 6.251 6.261 6.271 6.282 6.293 6.305 6.318 6.330 6.344 6.357 6.369 6.382 6.395 6.409 6.423 6.437 6.452 6.466 6.481 6.496 6.511 6.527 6.542 6.558 6.573 6.589 6.605 6.620 6.635 6.650 6.665 6.679 6.693 6.705 6.717 6.730 6.744 6.758 6.773 6.788 6.805 6.823 6.843 6.863 6.884 6.906 6.929 6.952 6.975 6.998 7.021 7.045 7.068 7.092 7.115 7.139 7.161 7.184 7.208 7.233 7.258 7.284 7.311 7.337
6.152 6.166 6.180 6.192 6.203 6.214 6.223 6.232 6.240 6.248 6.256 6.263 6.271 6.280 6.289 6.298 6.308 6.319 6.331 6.343 6.355 6.367 6.379 6.391 6.403 6.417 6.430 6.444 6.458 6.473 6.487 6.502 6.517 6.532 6.548 6.564 6.580 6.595 6.611 6.627 6.643 6.658 6.673 6.688 6.702 6.714 6.727 6.740 6.754 6.768 6.782 6.798 6.815 6.833 6.852 6.872 6.893 6.915 6.937 6.961 6.984 7.008 7.031 7.055 7.079 7.103 7.127 7.150 7.173 7.197 7.221 7.246 7.272 7.299 7.326 7.353
6.164 6.180 6.194 6.208 6.221 6.232 6.243 6.252 6.261 6.270 6.277 6.285 6.293 6.300 6.309 6.317 6.326 6.336 6.346 6.357 6.369 6.380 6.390 6.401 6.413 6.426 6.439 6.452 6.466 6.480 6.494 6.509 6.523 6.539 6.554 6.570 6.586 6.602 6.618 6.634 6.650 6.666 6.681 6.697 6.711 6.724 6.737 6.750 6.764 6.778 6.793 6.808 6.825 6.842 6.861 6.881 6.902 6.924 6.947 6.970 6.994 7.018 7.042 7.066 7.090 7.114 7.138 7.162 7.185 7.209 7.234 7.259 7.285 7.312 7.340 7.367
6.174 6.191 6.207 6.222 6.236 6.249 6.261 6.271 6.281 6.290 6.299 6.307 6.315 6.322 6.330 6.338 6.346 6.355 6.364 6.374 6.385 6.394 6.404 6.414 6.425 6.437 6.449 6.462 6.475 6.488 6.502 6.516 6.531 6.546 6.561 6.576 6.592 6.608 6.624 6.641 6.657 6.673 6.689 6.705 6.719 6.733 6.746 6.760 6.774 6.788 6.803 6.818 6.835 6.852 6.871 6.890 6.911 6.933 6.956 6.979 7.003 7.028 7.052 7.076 7.101 7.125 7.150 7.174 7.197 7.221 7.246 7.272 7.298 7.326 7.353 7.381
6.183 6.201 6.218 6.234 6.249 6.263 6.276 6.288 6.300 6.310 6.319 6.328 6.336 6.344 6.352 6.360 6.368 6.376 6.385 6.394 6.403 6.412 6.420 6.430 6.440 6.451 6.462 6.474 6.486 6.498 6.511 6.525 6.539 6.553 6.568 6.583 6.599 6.615 6.631 6.647 6.664 6.680 6.696 6.713 6.727 6.741 6.755 6.770 6.784 6.798 6.813 6.829 6.845 6.862 6.881 6.900 6.921 6.943 6.965 6.989 7.013 7.037 7.062 7.087 7.111 7.136 7.161 7.185 7.209 7.233 7.258 7.284 7.311 7.338 7.366 7.395
6.191 6.209 6.227 6.244 6.261 6.276 6.290 6.304 6.316 6.327 6.338 6.348 6.357 6.366 6.374 6.382 6.390 6.398 6.406 6.415 6.423 6.431 6.439 6.448 6.457 6.467 6.477 6.488 6.499 6.510 6.523 6.535 6.548 6.562 6.576 6.591 6.606 6.622 6.638 6.654 6.671 6.687 6.704 6.720 6.736 6.750 6.764 6.779 6.794 6.808 6.823 6.839 6.855 6.872 6.891 6.910 6.931 6.952 6.975 6.998 7.023 7.047 7.072 7.097 7.122 7.147 7.172 7.196 7.220 7.244 7.269 7.295 7.322 7.350 7.378 7.407
6.198 6.217 6.235 6.253 6.270 6.287 6.302 6.317 6.330 6.343 6.355 6.366 6.376 6.386 6.395 6.404 6.412 6.420 6.428 6.437 6.445 6.453 6.460 6.468 6.476 6.485 6.495 6.504 6.514 6.525 6.536 6.548 6.560 6.573 6.586 6.600 6.615 6.630 6.646 6.662 6.678 6.695 6.711 6.728 6.743 6.758 6.773 6.788 6.803 6.818 6.834 6.849 6.865 6.883 6.901 6.920 6.940 6.962 6.984 7.008 7.032 7.057 7.082 7.107 7.132 7.157 7.182 7.207 7.231 7.255 7.280 7.306 7.333 7.361 7.390 7.418
6.205 6.224 6.243 6.261 6.279 6.296 6.313 6.328 6.343 6.357 6.370 6.382 6.394 6.404 6.414 6.424 6.433 6.442 6.450 6.459 6.468 6.475 6.482 6.490 6.498 6.506 6.515 6.523 6.532 6.542 6.552 6.562 6.573 6.585 6.597 6.611 6.624 6.639 6.654 6.670 6.686 6.702 6.719 6.736 6.751 6.767 6.782 6.797 6.812 6.828 6.843 6.859 6.875 6.892 6.910 6.929 6.950 6.971 6.994 7.017 7.042 7.066 7.092 7.117 7.142 7.168 7.193 7.217 7.241 7.265 7.290 7.316 7.343 7.371 7.400 7.428
6.211 6.230 6.250 6.269 6.287 6.305 6.322 6.338 6.354 6.369 6.383 6.396 6.409 6.421 6.432 6.443 6.453 6.462 6.472 6.481 6.490 6.498 6.505 6.513 6.521 6.529 6.537 6.545 6.553 6.561 6.570 6.579 6.589 6.599 6.611 6.623 6.636 6.649 6.664 6.679 6.694 6.710 6.727 6.744 6.760 6.775 6.790 6.806 6.822 6.837 6.853 6.869 6.885 6.902 6.920 6.939 6.959 6.980 7.003 7.026 7.051 7.075 7.101 7.126 7.152 7.177 7.203 7.227 7.251 7.275 7.300 7.326 7.352 7.380 7.408 7.437
6.217 6.237 6.256 6.276 6.294 6.313 6.330 6.348 6.364 6.380 6.395 6.409 6.423 6.435 6.448 6.459 6.470 6.481 6.491 6.501 6.511 6.520 6.528 6.536 6.544 6.552 6.560 6.567 6.575 6.583 6.591 6.599 6.607 6.616 6.626 6.637 6.649 6.661 6.675 6.689 6.704 6.720 6.736 6.752 6.768 6.783 6.799 6.815 6.831 6.847 6.862 6.879 6.895 6.912 6.930 6.948 6.968 6.989 7.011 7.035 7.059 7.084 7.110 7.135 7.161 7.186 7.212 7.236 7.260 7.284 7.308 7.334 7.360 7.388 7.416 7.444
6.223 6.243 6.263 6.282 6.301 6.320 6.338 6.356 6.373 6.389 6.405 6.420 6.435 6.449 6.462 6.474 6.487 6.498 6.510 6.520 6.531 6.541 6.549 6.558 6.566 6.575 6.583 6.591 6.598 6.606 6.613 6.620 6.628 6.636 6.644 6.654 6.664 6.675 6.688 6.701 6.715 6.730 6.745 6.762 6.777 6.792 6.808 6.824 6.840 6.856 6.872 6.888 6.904 6.921 6.939 6.957 6.977 6.998 7.020 7.043 7.067 7.092 7.118 7.144 7.169 7.195 7.220 7.245 7.268 7.292 7.316 7.341 7.367 7.395 7.422 7.450
6.229 6.249 6.269 6.289 6.308 6.327 6.346 6.364 6.381 6.398 6.415 6.431 6.446 6.460 6.474 6.488 6.501 6.514 6.526 6.538 6.549 6.560 6.569 6.579 6.588 6.597 6.606 6.614 6.622 6.629 6.636 6.643 6.650 6.657 6.665 6.673 6.682 6.692 6.703 6.715 6.728 6.742 6.756 6.772 6.787 6.802 6.818 6.833 6.849 6.865 6.881 6.897 6.914 6.931 6.948 6.966 6.986 7.006 7.028 7.051 7.075 7.100 7.125 7.151 7.177 7.203 7.228 7.253 7.276 7.299 7.323 7.348 7.373 7.400 7.427 7.454
6.236 6.256 6.276 6.296 6.315 6.334 6.353 6.371 6.389 6.407 6.424 6.440 6.456 6.471 6.486 6.500 6.514 6.528 6.541 6.553 6.566 6.577 6.587 6.598 6.608 6.618 6.628 6.637 6.645 6.653 6.660 6.667 6.674 6.680 6.687 6.694 6.701 6.710 6.720 6.730 6.742 6.755 6.769 6.784 6.798 6.813 6.828 6.844 6.859 6.875 6.891 6.907 6.923 6.940 6.957 6.975 6.994 7.014 7.036 7.058 7.082 7.107 7.133 7.158 7.184 7.210 7.236 7.260 7.283 7.305 7.329 7.353 7.378 7.404 7.431 7.458
6.242 6.262 6.283 6.302 6.322 6.341 6.360 6.379 6.397 6.415 6.432 6.449 6.465 6.481 6.497 6.512 6.526 6.540 6.554 6.567 6.580 6.592 6.603 6.615 6.626 6.637 6.647 6.657 6.667 6.675 6.683 6.690 6.697 6.703 6.710 6.716 6.723 6.730 6.739 6.748 6.759 6.770 6.783 6.797 6.811 6.825 6.839 6.855 6.870 6.886 6.901 6.917 6.933 6.949 6.966 6.984 7.002 7.022 7.043 7.065 7.089 7.114 7.139 7.165 7.191 7.217 7.242 7.266 7.288 7.311 7.333 7.356 7.381 7.406 7.433 7.461
