TsunamiDB/out54013.asc
ncols          264
nrows          230
xllcorner      497853.4375
yllcorner      4229146.0000
cellsize         5.
NODATA_value   -99
[rows 186 to 216 of 230, columns 140 to 209 of 264]
4.133 4.287 4.408 4.506 4.588 4.662 4.731 4.797 4.863 4.927 4.993 5.058 5.123 5.188 5.250 5.310 5.366 5.415 5.457 5.491 5.517 5.538 5.557 5.578 5.600 5.625 5.664 5.716 5.766 5.833 5.924 6.024 6.131 6.241 6.349 6.456 6.529 6.557 6.654 6.781 6.846 6.884 6.908 6.925 6.931 6.921 6.893 6.836 6.853 6.947 7.013 7.052 7.064 7.053 7.023 6.977 6.908 6.793 6.723 6.730 6.739 6.740 6.726 6.696 6.646 6.564 6.460 6.346 6.270 6.252
4.210 4.348 4.456 4.545 4.621 4.690 4.756 4.820 4.883 4.946 5.010 5.075 5.139 5.202 5.265 5.325 5.381 5.432 5.477 5.516 5.547 5.572 5.596 5.621 5.648 5.679 5.719 5.764 5.807 5.865 5.948 6.044 6.150 6.263 6.376 6.474 6.536 6.568 6.665 6.790 6.856 6.894 6.916 6.933 6.940 6.932 6.909 6.854 6.870 6.967 7.039 7.084 7.100 7.095 7.071 7.025 6.951 6.829 6.749 6.745 6.746 6.739 6.716 6.677 6.615 6.526 6.426 6.315 6.243 6.229
4.283 4.405 4.502 4.583 4.653 4.718 4.781 4.843 4.904 4.966 5.029 5.092 5.154 5.216 5.278 5.337 5.394 5.447 5.495 5.539 5.576 5.609 5.640 5.672 5.707 5.745 5.786 5.827 5.864 5.913 5.987 6.075 6.176 6.288 6.396 6.484 6.546 6.580 6.677 6.802 6.870 6.906 6.926 6.943 6.951 6.947 6.929 6.874 6.891 6.993 7.071 7.119 7.140 7.141 7.118 7.069 6.989 6.860 6.769 6.755 6.746 6.730 6.698 6.648 6.577 6.489 6.395 6.289 6.222 6.215
4.351 4.460 4.547 4.620 4.686 4.748 4.808 4.867 4.927 4.987 5.048 5.109 5.169 5.229 5.289 5.347 5.405 5.459 5.512 5.561 5.607 5.648 5.688 5.729 5.772 5.816 5.858 5.899 5.932 5.974 6.035 6.111 6.204 6.308 6.410 6.497 6.560 6.596 6.694 6.821 6.888 6.921 6.941 6.956 6.965 6.967 6.952 6.898 6.918 7.024 7.105 7.156 7.181 7.184 7.160 7.107 7.020 6.883 6.782 6.757 6.738 6.712 6.670 6.612 6.538 6.455 6.368 6.269 6.209 6.210
4.417 4.514 4.592 4.660 4.721 4.779 4.836 4.893 4.951 5.009 5.067 5.125 5.183 5.240 5.298 5.355 5.413 5.470 5.526 5.582 5.636 5.688 5.739 5.789 5.839 5.888 5.934 5.977 6.009 6.043 6.091 6.154 6.233 6.327 6.426 6.514 6.582 6.619 6.716 6.842 6.909 6.942 6.957 6.970 6.982 6.987 6.979 6.929 6.949 7.057 7.140 7.194 7.220 7.222 7.196 7.138 7.044 6.899 6.788 6.751 6.721 6.686 6.635 6.574 6.502 6.425 6.347 6.257 6.205 6.211
4.482 4.568 4.639 4.701 4.757 4.813 4.867 4.922 4.976 5.031 5.085 5.140 5.194 5.249 5.304 5.360 5.418 5.478 5.539 5.601 5.665 5.727 5.788 5.846 5.902 5.957 6.008 6.053 6.086 6.115 6.154 6.201 6.264 6.349 6.445 6.538 6.610 6.645 6.739 6.867 6.936 6.965 6.975 6.988 7.000 7.012 7.011 6.962 6.982 7.091 7.176 7.229 7.255 7.256 7.225 7.161 7.059 6.905 6.783 6.735 6.695 6.652 6.598 6.536 6.469 6.401 6.334 6.252 6.208 6.219
4.545 4.623 4.688 4.745 4.798 4.851 4.902 4.953 5.004 5.054 5.103 5.153 5.203 5.253 5.305 5.361 5.420 5.483 5.549 5.618 5.691 5.764 5.832 5.898 5.961 6.020 6.074 6.124 6.160 6.191 6.222 6.254 6.306 6.381 6.473 6.571 6.645 6.677 6.768 6.901 6.966 6.987 6.996 7.007 7.020 7.040 7.044 6.995 7.016 7.127 7.209 7.260 7.284 7.281 7.246 7.175 7.064 6.900 6.769 6.709 6.661 6.613 6.559 6.500 6.440 6.384 6.326 6.253 6.215 6.231
4.609 4.680 4.741 4.794 4.844 4.893 4.941 4.988 5.034 5.078 5.121 5.164 5.209 5.255 5.305 5.359 5.420 5.488 5.559 5.636 5.717 5.796 5.874 5.947 6.014 6.076 6.134 6.189 6.233 6.268 6.296 6.322 6.362 6.427 6.516 6.614 6.689 6.715 6.802 6.931 6.990 7.009 7.014 7.025 7.043 7.067 7.077 7.029 7.048 7.156 7.234 7.282 7.302 7.295 7.255 7.175 7.054 6.882 6.741 6.672 6.619 6.571 6.518 6.466 6.417 6.370 6.321 6.256 6.223 6.242
4.673 4.740 4.797 4.848 4.896 4.942 4.987 5.028 5.068 5.105 5.141 5.177 5.215 5.257 5.304 5.358 5.422 5.494 5.571 5.653 5.740 5.825 5.909 5.989 6.061 6.128 6.191 6.253 6.306 6.351 6.384 6.407 6.440 6.494 6.570 6.661 6.736 6.753 6.832 6.955 7.013 7.031 7.037 7.049 7.067 7.093 7.108 7.061 7.075 7.178 7.252 7.296 7.310 7.299 7.253 7.166 7.035 6.853 6.704 6.631 6.577 6.530 6.482 6.439 6.399 6.361 6.321 6.262 6.234 6.255
4.738 4.802 4.858 4.907 4.953 4.997 5.038 5.074 5.107 5.137 5.164 5.192 5.223 5.260 5.304 5.359 5.425 5.503 5.584 5.671 5.764 5.855 5.946 6.034 6.112 6.184 6.252 6.320 6.383 6.442 6.482 6.506 6.533 6.575 6.636 6.723 6.798 6.798 6.864 6.984 7.039 7.055 7.061 7.074 7.091 7.122 7.144 7.094 7.101 7.198 7.267 7.304 7.314 7.298 7.245 7.149 7.006 6.817 6.664 6.589 6.537 6.493 6.453 6.420 6.389 6.359 6.325 6.272 6.246 6.270
4.803 4.866 4.921 4.971 5.016 5.058 5.095 5.127 5.153 5.175 5.194 5.213 5.237 5.268 5.311 5.365 5.436 5.519 5.605 5.697 5.795 5.891 5.989 6.081 6.166 6.243 6.317 6.392 6.467 6.541 6.589 6.618 6.646 6.679 6.727 6.819 6.871 6.841 6.896 7.009 7.061 7.077 7.087 7.099 7.118 7.162 7.183 7.121 7.121 7.212 7.273 7.305 7.310 7.286 7.226 7.116 6.963 6.772 6.621 6.548 6.499 6.462 6.430 6.404 6.381 6.359 6.330 6.281 6.259 6.285
4.866 4.930 4.986 5.036 5.081 5.121 5.156 5.185 5.206 5.222 5.233 5.244 5.260 5.287 5.327 5.384 5.458 5.546 5.635 5.731 5.833 5.934 6.035 6.132 6.225 6.312 6.396 6.475 6.560 6.651 6.712 6.751 6.782 6.815 6.861 6.914 6.919 6.878 6.924 7.029 7.079 7.100 7.113 7.132 7.162 7.200 7.206 7.139 7.133 7.214 7.268 7.296 7.293 7.262 7.189 7.070 6.915 6.726 6.577 6.509 6.466 6.437 6.412 6.392 6.376 6.359 6.336 6.291 6.271 6.298
4.927 4.992 5.050 5.101 5.146 5.187 5.221 5.247 5.266 5.277 5.282 5.286 5.296 5.317 5.356 5.414 5.489 5.579 5.672 5.770 5.876 5.981 6.085 6.190 6.294 6.392 6.483 6.564 6.661 6.771 6.847 6.895 6.931 6.962 6.983 6.987 6.963 6.910 6.946 7.044 7.097 7.123 7.143 7.170 7.200 7.224 7.217 7.145 7.133 7.204 7.253 7.274 7.264 7.223 7.140 7.017 6.865 6.679 6.536 6.475 6.440 6.416 6.397 6.383 6.371 6.359 6.342 6.301 6.283 6.312
4.982 5.049 5.109 5.162 5.210 5.252 5.286 5.313 5.330 5.338 5.340 5.339 5.343 5.360 5.396 5.452 5.527 5.618 5.713 5.815 5.924 6.032 6.142 6.255 6.371 6.479 6.576 6.660 6.769 6.896 6.982 7.039 7.076 7.093 7.085 7.055 7.005 6.941 6.966 7.059 7.115 7.146 7.174 7.201 7.223 7.235 7.217 7.140 7.122 7.185 7.226 7.240 7.223 7.172 7.084 6.962 6.813 6.634 6.500 6.447 6.417 6.398 6.383 6.373 6.366 6.360 6.347 6.310 6.295 6.328
5.030 5.100 5.162 5.218 5.268 5.313 5.350 5.378 5.396 5.404 5.403 5.400 5.401 5.414 5.446 5.499 5.573 5.663 5.759 5.863 5.975 6.089 6.205 6.327 6.452 6.569 6.673 6.759 6.876 7.015 7.110 7.173 7.204 7.204 7.175 7.119 7.050 6.975 6.989 7.073 7.130 7.170 7.197 7.219 7.234 7.234 7.206 7.125 7.100 7.153 7.187 7.195 7.170 7.114 7.026 6.906 6.764 6.593 6.469 6.423 6.398 6.383 6.371 6.364 6.362 6.359 6.352 6.320 6.309 6.345
5.070 5.142 5.208 5.267 5.320 5.368 5.409 5.440 5.460 5.469 5.470 5.467 5.468 5.479 5.507 5.555 5.625 5.713 5.809 5.914 6.031 6.150 6.271 6.400 6.533 6.660 6.770 6.854 6.975 7.125 7.227 7.289 7.312 7.303 7.258 7.183 7.097 7.008 7.009 7.087 7.145 7.185 7.209 7.226 7.231 7.220 7.184 7.099 7.067 7.110 7.138 7.139 7.110 7.054 6.966 6.853 6.718 6.557 6.441 6.401 6.380 6.367 6.359 6.355 6.356 6.360 6.360 6.331 6.323 6.363
5.102 5.176 5.244 5.307 5.364 5.416 5.461 5.496 5.520 5.533 5.537 5.537 5.540 5.551 5.576 5.618 5.682 5.767 5.860 5.966 6.087 6.210 6.336 6.472 6.614 6.749 6.862 6.942 7.066 7.226 7.329 7.387 7.406 7.389 7.334 7.245 7.141 7.039 7.029 7.099 7.154 7.190 7.210 7.218 7.215 7.196 7.152 7.062 7.024 7.060 7.080 7.078 7.048 6.991 6.909 6.803 6.676 6.523 6.415 6.379 6.360 6.351 6.346 6.345 6.351 6.361 6.367 6.344 6.339 6.382
5.127 5.202 5.272 5.338 5.399 5.455 5.505 5.545 5.574 5.591 5.601 5.606 5.614 5.628 5.651 5.689 5.747 5.827 5.916 6.021 6.144 6.272 6.403 6.545 6.694 6.832 6.946 7.021 7.146 7.307 7.408 7.465 7.480 7.458 7.395 7.293 7.176 7.062 7.039 7.099 7.148 7.182 7.195 7.195 7.185 7.157 7.106 7.013 6.969 6.996 7.012 7.009 6.980 6.927 6.853 6.753 6.632 6.488 6.386 6.352 6.338 6.333 6.331 6.335 6.346 6.363 6.375 6.356 6.356 6.400
5.147 5.221 5.293 5.360 5.425 5.485 5.539 5.584 5.619 5.643 5.660 5.673 5.688 5.707 5.731 5.766 5.819 5.893 5.976 6.077 6.200 6.330 6.465 6.611 6.759 6.899 7.014 7.084 7.205 7.365 7.467 7.523 7.536 7.511 7.445 7.335 7.207 7.080 7.044 7.095 7.139 7.166 7.171 7.165 7.147 7.110 7.053 6.956 6.907 6.931 6.945 6.942 6.914 6.868 6.800 6.707 6.592 6.454 6.357 6.328 6.317 6.316 6.318 6.327 6.344 6.365 6.384 6.370 6.372 6.416
5.163 5.236 5.307 5.375 5.441 5.504 5.562 5.613 5.655 5.687 5.712 5.734 5.758 5.783 5.811 5.845 5.894 5.964 6.040 6.135 6.255 6.385 6.523 6.671 6.820 6.965 7.085 7.143 7.256 7.419 7.522 7.578 7.591 7.565 7.495 7.379 7.238 7.098 7.049 7.090 7.126 7.145 7.144 7.130 7.103 7.060 6.997 6.896 6.845 6.867 6.881 6.878 6.855 6.815 6.753 6.666 6.554 6.421 6.330 6.305 6.299 6.303 6.310 6.325 6.345 6.373 6.400 6.389 6.391 6.435
5.180 5.250 5.319 5.385 5.451 5.516 5.577 5.634 5.682 5.723 5.759 5.790 5.822 5.854 5.886 5.922 5.973 6.041 6.111 6.198 6.313 6.442 6.584 6.734 6.886 7.042 7.152 7.190 7.300 7.465 7.568 7.625 7.638 7.609 7.535 7.408 7.256 7.108 7.048 7.078 7.104 7.116 7.108 7.086 7.052 7.002 6.933 6.832 6.783 6.804 6.817 6.817 6.799 6.764 6.708 6.621 6.512 6.388 6.304 6.283 6.282 6.291 6.305 6.325 6.351 6.388 6.420 6.409 6.411 6.453
5.197 5.264 5.329 5.393 5.458 5.523 5.586 5.647 5.703 5.753 5.798 5.839 5.878 5.917 5.958 6.005 6.063 6.129 6.195 6.276 6.385 6.512 6.653 6.808 6.968 7.108 7.195 7.226 7.334 7.499 7.604 7.662 7.672 7.639 7.557 7.422 7.270 7.113 7.038 7.057 7.077 7.082 7.065 7.035 6.994 6.937 6.867 6.769 6.721 6.741 6.757 6.761 6.745 6.712 6.657 6.573 6.473 6.356 6.278 6.263 6.269 6.285 6.305 6.332 6.368 6.409 6.439 6.428 6.430 6.468
5.217 5.280 5.342 5.402 5.464 5.528 5.593 5.657 5.719 5.779 5.834 5.883 5.931 5.980 6.033 6.092 6.157 6.226 6.292 6.369 6.471 6.590 6.728 6.882 7.031 7.149 7.225 7.252 7.356 7.521 7.629 7.686 7.693 7.655 7.565 7.431 7.277 7.109 7.021 7.032 7.043 7.039 7.015 6.978 6.930 6.871 6.802 6.706 6.660 6.681 6.700 6.705 6.691 6.659 6.604 6.527 6.436 6.327 6.256 6.249 6.263 6.286 6.313 6.348 6.389 6.429 6.457 6.446 6.446 6.480
5.238 5.299 5.357 5.413 5.472 5.534 5.599 5.667 5.735 5.802 5.867 5.927 5.984 6.045 6.110 6.180 6.254 6.330 6.399 6.476 6.566 6.671 6.800 6.940 7.073 7.179 7.248 7.270 7.371 7.538 7.645 7.699 7.703 7.659 7.568 7.434 7.274 7.096 6.998 6.999 7.001 6.991 6.959 6.915 6.865 6.806 6.738 6.646 6.603 6.626 6.645 6.650 6.636 6.604 6.553 6.484 6.402 6.303 6.241 6.244 6.264 6.293 6.328 6.368 6.410 6.449 6.473 6.461 6.459 6.489
5.260 5.318 5.372 5.425 5.481 5.540 5.606 5.676 5.749 5.825 5.899 5.970 6.039 6.111 6.188 6.268 6.352 6.435 6.510 6.585 6.665 6.757 6.863 6.982 7.102 7.201 7.270 7.287 7.382 7.547 7.652 7.704 7.703 7.657 7.564 7.428 7.263 7.075 6.967 6.960 6.954 6.936 6.899 6.853 6.802 6.744 6.677 6.590 6.550 6.572 6.590 6.596 6.581 6.550 6.505 6.444 6.375 6.287 6.235 6.246 6.272 6.308 6.347 6.389 6.432 6.467 6.488 6.474 6.469 6.493
5.282 5.336 5.387 5.436 5.488 5.546 5.611 5.684 5.762 5.844 5.929 6.012 6.094 6.176 6.263 6.352 6.444 6.531 6.613 6.690 6.762 6.835 6.915 7.016 7.124 7.222 7.290 7.300 7.387 7.550 7.655 7.702 7.697 7.649 7.554 7.414 7.243 7.046 6.929 6.913 6.901 6.877 6.839 6.793 6.741 6.685 6.622 6.538 6.499 6.520 6.537 6.541 6.528 6.501 6.461 6.412 6.356 6.279 6.235 6.254 6.287 6.326 6.367 6.410 6.450 6.483 6.501 6.485 6.475 6.492
5.301 5.352 5.398 5.443 5.492 5.547 5.613 5.688 5.770 5.859 5.955 6.051 6.143 6.236 6.332 6.428 6.523 6.614 6.702 6.786 6.851 6.905 6.967 7.050 7.147 7.246 7.313 7.314 7.393 7.557 7.656 7.695 7.686 7.635 7.537 7.392 7.210 7.005 6.882 6.858 6.840 6.817 6.779 6.732 6.685 6.632 6.570 6.488 6.449 6.469 6.484 6.489 6.478 6.455 6.425 6.388 6.344 6.277 6.243 6.269 6.305 6.346 6.388 6.429 6.467 6.496 6.510 6.491 6.477 6.487
5.319 5.364 5.405 5.446 5.491 5.545 5.611 5.690 5.776 5.872 5.979 6.084 6.188 6.292 6.393 6.491 6.588 6.681 6.776 6.866 6.929 6.976 7.023 7.089 7.179 7.275 7.342 7.332 7.401 7.558 7.647 7.679 7.664 7.609 7.507 7.352 7.160 6.948 6.819 6.791 6.774 6.753 6.716 6.675 6.631 6.579 6.518 6.437 6.398 6.415 6.431 6.438 6.430 6.415 6.395 6.371 6.339 6.282 6.255 6.284 6.322 6.364 6.404 6.444 6.480 6.505 6.514 6.492 6.472 6.474
5.336 5.375 5.410 5.446 5.488 5.540 5.607 5.689 5.779 5.880 5.994 6.109 6.223 6.334 6.439 6.540 6.638 6.734 6.836 6.934 7.005 7.052 7.091 7.146 7.221 7.308 7.373 7.352 7.407 7.552 7.631 7.655 7.633 7.572 7.463 7.300 7.098 6.881 6.751 6.724 6.711 6.692 6.659 6.622 6.581 6.531 6.470 6.389 6.349 6.367 6.384 6.394 6.391 6.385 6.375 6.360 6.339 6.291 6.270 6.301 6.339 6.380 6.419 6.457 6.489 6.510 6.516 6.488 6.462 6.457
5.355 5.386 5.414 5.444 5.483 5.533 5.601 5.687 5.780 5.886 6.007 6.129 6.253 6.373 6.484 6.588 6.688 6.783 6.891 7.004 7.084 7.134 7.172 7.216 7.275 7.357 7.424 7.382 7.415 7.547 7.615 7.628 7.597 7.529 7.411 7.238 7.025 6.806 6.682 6.661 6.653 6.638 6.611 6.578 6.539 6.488 6.427 6.346 6.307 6.325 6.345 6.358 6.363 6.365 6.364 6.360 6.350 6.308 6.289 6.322 6.359 6.398 6.434 6.469 6.498 6.515 6.514 6.481 6.448 6.435
5.379 5.402 5.422 5.446 5.481 5.530 5.601 5.693 5.789 5.899 6.025 6.154 6.287 6.413 6.529 6.637 6.737 6.832 6.947 7.075 7.165 7.223 7.267 7.305 7.353 7.446 7.493 7.412 7.423 7.538 7.591 7.592 7.551 7.471 7.344 7.153 6.932 6.725 6.613 6.601 6.599 6.589 6.568 6.538 6.499 6.447 6.385 6.306 6.270 6.290 6.311 6.330 6.344 6.353 6.361 6.368 6.366 6.327 6.310 6.342 6.377 6.413 6.447 6.478 6.503 6.513 6.506 6.467 6.428 6.406
