TsunamiDB/out54040.asc
ncols          264
nrows          230
xllcorner      497853.4375
yllcorner      4229146.0000
cellsize         5.
NODATA_value   -99
[rows 64 to 95 of 230, columns 144 to 215 of 264]
4.536 4.574 4.612 4.650 4.687 4.723 4.759 4.794 4.830 4.866 4.903 4.940 4.977 5.014 5.051 5.089 5.126 5.164 5.202 5.239 5.277 5.315 5.353 5.390 5.428 5.465 5.501 5.537 5.572 5.605 5.637 5.670 5.702 5.734 5.766 5.798 5.831 5.864 5.898 5.932 5.967 6.003 6.040 6.076 6.113 6.149 6.185 6.220 6.254 6.288 6.320 6.350 6.378 6.405 6.431 6.456 6.479 6.502 6.525 6.547 6.569 6.592 6.615 6.640 6.666 6.693 6.723 6.754 6.787 6.822 6.857 6.892
4.556 4.594 4.631 4.667 4.703 4.738 4.773 4.807 4.842 4.877 4.912 4.948 4.983 5.019 5.055 5.091 5.128 5.164 5.201 5.238 5.274 5.311 5.348 5.385 5.422 5.458 5.494 5.530 5.565 5.597 5.630 5.662 5.694 5.726 5.757 5.788 5.820 5.853 5.886 5.920 5.955 5.990 6.027 6.064 6.101 6.138 6.175 6.211 6.247 6.282 6.315 6.347 6.377 6.405 6.433 6.460 6.486 6.511 6.535 6.559 6.583 6.607 6.632 6.657 6.684 6.712 6.742 6.774 6.807 6.842 6.878 6.914
4.577 4.614 4.650 4.685 4.720 4.754 4.788 4.821 4.854 4.888 4.923 4.957 4.991 5.026 5.060 5.095 5.130 5.165 5.200 5.236 5.272 5.308 5.344 5.380 5.416 5.452 5.487 5.523 5.557 5.590 5.622 5.654 5.686 5.717 5.748 5.778 5.809 5.841 5.873 5.906 5.940 5.976 6.012 6.049 6.086 6.124 6.161 6.199 6.235 6.271 6.306 6.340 6.372 6.402 6.432 6.460 6.488 6.515 6.542 6.567 6.593 6.619 6.645 6.671 6.699 6.728 6.758 6.791 6.824 6.860 6.896 6.934
4.599 4.635 4.670 4.704 4.738 4.771 4.804 4.835 4.868 4.901 4.934 4.967 5.000 5.033 5.066 5.100 5.133 5.167 5.201 5.235 5.270 5.304 5.339 5.375 5.410 5.445 5.480 5.515 5.549 5.582 5.614 5.646 5.677 5.708 5.738 5.769 5.799 5.829 5.860 5.892 5.925 5.959 5.994 6.031 6.068 6.106 6.144 6.182 6.220 6.257 6.293 6.329 6.362 6.394 6.426 6.456 6.486 6.515 6.544 6.571 6.599 6.626 6.654 6.682 6.710 6.740 6.772 6.804 6.839 6.875 6.912 6.951
4.621 4.656 4.690 4.724 4.757 4.789 4.820 4.852 4.884 4.915 4.947 4.979 5.010 5.042 5.074 5.105 5.137 5.169 5.202 5.235 5.268 5.302 5.335 5.369 5.404 5.438 5.472 5.507 5.541 5.573 5.605 5.637 5.668 5.699 5.729 5.758 5.788 5.817 5.847 5.877 5.909 5.942 5.976 6.011 6.048 6.085 6.123 6.161 6.200 6.238 6.275 6.312 6.347 6.381 6.415 6.448 6.480 6.511 6.541 6.571 6.600 6.630 6.659 6.688 6.718 6.749 6.781 6.815 6.850 6.887 6.926 6.965
4.643 4.677 4.711 4.744 4.776 4.808 4.838 4.869 4.900 4.931 4.961 4.992 5.022 5.052 5.082 5.113 5.143 5.174 5.205 5.236 5.268 5.300 5.332 5.365 5.398 5.431 5.465 5.498 5.532 5.564 5.595 5.627 5.658 5.689 5.719 5.748 5.777 5.805 5.834 5.863 5.893 5.924 5.956 5.990 6.025 6.062 6.099 6.137 6.176 6.214 6.253 6.291 6.328 6.363 6.399 6.434 6.468 6.501 6.534 6.566 6.597 6.629 6.660 6.691 6.722 6.754 6.787 6.822 6.858 6.896 6.935 6.976
4.665 4.699 4.732 4.764 4.796 4.828 4.858 4.887 4.918 4.948 4.977 5.006 5.035 5.064 5.093 5.122 5.151 5.180 5.209 5.239 5.269 5.299 5.330 5.361 5.393 5.425 5.458 5.490 5.523 5.554 5.585 5.617 5.648 5.678 5.708 5.737 5.765 5.793 5.821 5.848 5.877 5.906 5.936 5.968 6.001 6.036 6.072 6.110 6.148 6.187 6.226 6.265 6.303 6.340 6.377 6.414 6.451 6.486 6.521 6.556 6.589 6.623 6.655 6.688 6.721 6.755 6.789 6.825 6.862 6.900 6.941 6.982
4.687 4.721 4.754 4.786 4.817 4.848 4.878 4.907 4.937 4.966 4.994 5.022 5.050 5.078 5.105 5.133 5.160 5.188 5.215 5.243 5.272 5.301 5.330 5.359 5.390 5.420 5.451 5.483 5.514 5.545 5.575 5.606 5.637 5.667 5.696 5.725 5.753 5.781 5.807 5.834 5.861 5.888 5.916 5.946 5.977 6.009 6.044 6.079 6.116 6.155 6.194 6.233 6.272 6.311 6.350 6.389 6.427 6.465 6.502 6.539 6.575 6.610 6.645 6.680 6.715 6.750 6.785 6.822 6.860 6.899 6.941 6.983
4.709 4.743 4.776 4.808 4.839 4.870 4.899 4.927 4.956 4.985 5.013 5.040 5.067 5.093 5.120 5.146 5.172 5.198 5.224 5.250 5.277 5.304 5.332 5.359 5.388 5.417 5.446 5.476 5.507 5.536 5.566 5.596 5.626 5.656 5.685 5.713 5.741 5.768 5.794 5.820 5.845 5.871 5.897 5.924 5.952 5.982 6.014 6.047 6.083 6.119 6.158 6.197 6.236 6.275 6.316 6.356 6.397 6.437 6.476 6.515 6.553 6.591 6.628 6.665 6.701 6.737 6.774 6.812 6.851 6.892 6.934 6.977
4.731 4.765 4.798 4.830 4.861 4.891 4.920 4.949 4.977 5.005 5.032 5.059 5.085 5.111 5.136 5.161 5.186 5.210 5.235 5.260 5.285 5.310 5.336 5.362 5.388 5.416 5.443 5.472 5.501 5.529 5.557 5.586 5.616 5.645 5.673 5.701 5.729 5.755 5.781 5.806 5.830 5.854 5.879 5.903 5.929 5.956 5.984 6.015 6.048 6.082 6.118 6.157 6.195 6.234 6.275 6.317 6.359 6.400 6.442 6.483 6.523 6.563 6.602 6.640 6.678 6.717 6.755 6.794 6.834 6.876 6.919 6.964
4.753 4.787 4.820 4.852 4.883 4.914 4.942 4.970 4.999 5.026 5.053 5.079 5.104 5.129 5.154 5.178 5.202 5.225 5.249 5.272 5.295 5.319 5.343 5.367 5.392 5.417 5.443 5.470 5.497 5.524 5.551 5.579 5.607 5.635 5.663 5.691 5.718 5.744 5.769 5.793 5.817 5.840 5.862 5.885 5.908 5.932 5.957 5.984 6.014 6.045 6.079 6.114 6.151 6.190 6.230 6.272 6.314 6.357 6.399 6.441 6.483 6.525 6.566 6.606 6.646 6.685 6.725 6.766 6.807 6.850 6.894 6.940
4.774 4.808 4.842 4.874 4.905 4.936 4.964 4.992 5.020 5.048 5.074 5.100 5.125 5.149 5.173 5.197 5.220 5.242 5.265 5.287 5.309 5.331 5.353 5.375 5.398 5.422 5.446 5.470 5.496 5.521 5.547 5.573 5.600 5.628 5.655 5.682 5.708 5.734 5.758 5.782 5.805 5.827 5.849 5.869 5.890 5.911 5.934 5.957 5.983 6.011 6.041 6.074 6.108 6.144 6.183 6.224 6.265 6.308 6.350 6.393 6.436 6.478 6.520 6.562 6.603 6.644 6.685 6.727 6.769 6.813 6.858 6.906
4.795 4.830 4.863 4.896 4.927 4.958 4.986 5.014 5.042 5.069 5.096 5.121 5.146 5.171 5.194 5.217 5.240 5.261 5.283 5.304 5.324 5.345 5.366 5.387 5.408 5.429 5.452 5.474 5.498 5.521 5.545 5.571 5.597 5.623 5.649 5.675 5.701 5.726 5.750 5.774 5.796 5.818 5.838 5.858 5.877 5.896 5.915 5.936 5.958 5.982 6.008 6.037 6.068 6.101 6.138 6.176 6.216 6.257 6.299 6.342 6.384 6.427 6.469 6.511 6.552 6.594 6.636 6.678 6.721 6.766 6.812 6.861
4.815 4.850 4.884 4.917 4.949 4.979 5.008 5.036 5.064 5.091 5.118 5.143 5.168 5.192 5.216 5.239 5.261 5.282 5.303 5.323 5.343 5.363 5.382 5.401 5.421 5.441 5.461 5.482 5.504 5.525 5.548 5.572 5.596 5.621 5.646 5.671 5.697 5.721 5.745 5.769 5.791 5.812 5.832 5.851 5.869 5.886 5.903 5.921 5.940 5.961 5.984 6.008 6.035 6.065 6.098 6.134 6.171 6.211 6.251 6.292 6.333 6.375 6.416 6.458 6.499 6.540 6.582 6.624 6.667 6.712 6.759 6.808
4.834 4.870 4.904 4.937 4.969 5.000 5.029 5.057 5.085 5.113 5.139 5.165 5.190 5.214 5.238 5.261 5.283 5.304 5.325 5.344 5.364 5.382 5.401 5.419 5.437 5.455 5.474 5.493 5.513 5.533 5.554 5.576 5.599 5.623 5.647 5.671 5.695 5.720 5.743 5.766 5.789 5.810 5.829 5.848 5.865 5.882 5.898 5.914 5.930 5.948 5.967 5.988 6.011 6.038 6.068 6.100 6.135 6.171 6.209 6.248 6.288 6.328 6.368 6.408 6.448 6.488 6.529 6.570 6.612 6.656 6.702 6.751
4.852 4.888 4.923 4.956 4.989 5.020 5.049 5.078 5.106 5.134 5.160 5.186 5.212 5.236 5.260 5.283 5.305 5.327 5.347 5.367 5.386 5.404 5.422 5.439 5.456 5.474 5.491 5.508 5.526 5.544 5.563 5.584 5.605 5.628 5.651 5.674 5.698 5.721 5.745 5.768 5.790 5.811 5.830 5.849 5.866 5.882 5.898 5.913 5.927 5.943 5.960 5.978 5.998 6.022 6.048 6.077 6.109 6.143 6.178 6.215 6.252 6.290 6.328 6.366 6.405 6.443 6.482 6.521 6.562 6.604 6.648 6.696
4.869 4.905 4.940 4.974 5.007 5.038 5.068 5.097 5.126 5.154 5.181 5.207 5.233 5.258 5.282 5.305 5.328 5.350 5.370 5.390 5.409 5.428 5.445 5.462 5.478 5.494 5.511 5.527 5.543 5.559 5.577 5.596 5.616 5.636 5.658 5.681 5.703 5.726 5.749 5.772 5.794 5.815 5.835 5.854 5.871 5.887 5.903 5.917 5.931 5.946 5.961 5.977 5.994 6.015 6.039 6.065 6.094 6.125 6.158 6.192 6.227 6.263 6.299 6.335 6.372 6.408 6.445 6.482 6.520 6.560 6.601 6.646
4.884 4.921 4.957 4.991 5.024 5.056 5.086 5.115 5.144 5.173 5.200 5.227 5.253 5.279 5.303 5.327 5.350 5.372 5.394 5.414 5.433 5.452 5.469 5.486 5.502 5.518 5.533 5.549 5.563 5.577 5.594 5.611 5.630 5.649 5.669 5.690 5.712 5.734 5.757 5.779 5.801 5.822 5.842 5.861 5.879 5.896 5.911 5.926 5.940 5.954 5.968 5.983 5.999 6.017 6.039 6.063 6.089 6.117 6.148 6.180 6.213 6.247 6.281 6.315 6.349 6.384 6.418 6.453 6.489 6.526 6.565 6.606
4.898 4.935 4.971 5.006 5.039 5.072 5.102 5.132 5.162 5.191 5.219 5.246 5.273 5.299 5.324 5.348 5.372 5.394 5.416 5.437 5.457 5.476 5.494 5.511 5.528 5.543 5.558 5.572 5.586 5.599 5.614 5.630 5.647 5.665 5.683 5.703 5.724 5.745 5.767 5.788 5.810 5.831 5.851 5.871 5.889 5.906 5.923 5.938 5.952 5.966 5.981 5.995 6.009 6.027 6.046 6.068 6.092 6.119 6.147 6.177 6.208 6.240 6.272 6.305 6.337 6.370 6.402 6.435 6.468 6.502 6.538 6.577
4.910 4.948 4.984 5.020 5.054 5.087 5.118 5.148 5.178 5.207 5.236 5.264 5.291 5.317 5.343 5.368 5.392 5.415 5.438 5.460 5.480 5.500 5.519 5.537 5.553 5.569 5.584 5.598 5.611 5.624 5.638 5.652 5.667 5.684 5.701 5.719 5.738 5.759 5.779 5.800 5.821 5.842 5.863 5.882 5.901 5.919 5.936 5.952 5.967 5.982 5.996 6.010 6.025 6.041 6.059 6.080 6.102 6.127 6.153 6.182 6.211 6.241 6.272 6.303 6.334 6.365 6.395 6.426 6.457 6.489 6.522 6.558
4.921 4.959 4.996 5.032 5.066 5.100 5.131 5.162 5.193 5.222 5.251 5.280 5.307 5.334 5.360 5.386 5.411 5.435 5.459 5.481 5.503 5.523 5.543 5.561 5.579 5.595 5.611 5.625 5.638 5.650 5.663 5.677 5.691 5.706 5.721 5.738 5.756 5.775 5.794 5.814 5.835 5.855 5.875 5.895 5.914 5.933 5.950 5.967 5.983 5.998 6.014 6.028 6.043 6.059 6.077 6.096 6.117 6.141 6.166 6.192 6.220 6.249 6.279 6.308 6.338 6.367 6.396 6.425 6.454 6.484 6.514 6.548
4.932 4.970 5.007 5.043 5.078 5.111 5.143 5.175 5.206 5.236 5.265 5.294 5.322 5.350 5.377 5.403 5.428 5.453 5.477 5.501 5.523 5.545 5.566 5.585 5.604 5.621 5.637 5.652 5.666 5.678 5.691 5.704 5.717 5.730 5.744 5.760 5.776 5.793 5.811 5.830 5.850 5.869 5.889 5.909 5.928 5.947 5.965 5.983 6.000 6.016 6.032 6.048 6.063 6.079 6.097 6.116 6.136 6.158 6.182 6.208 6.234 6.262 6.290 6.319 6.347 6.376 6.403 6.431 6.458 6.486 6.515 6.547
4.941 4.979 5.016 5.053 5.088 5.121 5.153 5.186 5.217 5.248 5.278 5.307 5.336 5.364 5.391 5.418 5.444 5.470 5.495 5.519 5.543 5.565 5.587 5.608 5.627 5.646 5.663 5.679 5.693 5.706 5.719 5.732 5.744 5.757 5.770 5.783 5.798 5.814 5.830 5.848 5.866 5.885 5.904 5.924 5.943 5.962 5.981 5.999 6.017 6.035 6.052 6.068 6.084 6.101 6.118 6.137 6.157 6.179 6.202 6.226 6.252 6.279 6.307 6.334 6.362 6.389 6.416 6.443 6.469 6.495 6.522 6.552
4.951 4.988 5.025 5.061 5.096 5.130 5.163 5.196 5.227 5.258 5.289 5.318 5.347 5.376 5.404 5.431 5.458 5.485 5.510 5.535 5.560 5.584 5.606 5.628 5.649 5.669 5.688 5.705 5.720 5.734 5.747 5.760 5.772 5.784 5.797 5.809 5.822 5.836 5.851 5.867 5.884 5.902 5.921 5.939 5.959 5.978 5.997 6.016 6.035 6.053 6.071 6.089 6.105 6.123 6.141 6.160 6.180 6.201 6.224 6.248 6.273 6.299 6.326 6.353 6.381 6.407 6.433 6.459 6.484 6.509 6.535 6.564
4.960 4.997 5.033 5.069 5.104 5.138 5.171 5.204 5.236 5.267 5.298 5.328 5.358 5.387 5.415 5.443 5.470 5.497 5.524 5.550 5.575 5.600 5.624 5.647 5.669 5.690 5.710 5.729 5.746 5.760 5.775 5.788 5.801 5.813 5.824 5.836 5.848 5.861 5.874 5.889 5.904 5.921 5.938 5.956 5.975 5.994 6.013 6.033 6.052 6.072 6.091 6.109 6.127 6.145 6.164 6.184 6.204 6.225 6.248 6.271 6.296 6.322 6.349 6.376 6.403 6.429 6.455 6.480 6.505 6.529 6.554 6.583
4.970 5.006 5.042 5.077 5.112 5.145 5.178 5.211 5.243 5.275 5.306 5.336 5.366 5.395 5.424 5.453 5.481 5.508 5.536 5.562 5.589 5.614 5.639 5.664 5.687 5.710 5.731 5.751 5.769 5.785 5.801 5.816 5.829 5.841 5.853 5.864 5.875 5.886 5.898 5.911 5.925 5.941 5.957 5.974 5.992 6.011 6.031 6.050 6.071 6.091 6.111 6.130 6.149 6.168 6.188 6.208 6.228 6.250 6.272 6.296 6.321 6.347 6.374 6.401 6.428 6.454 6.480 6.505 6.530 6.553 6.578 6.606
4.981 5.016 5.051 5.085 5.119 5.152 5.184 5.217 5.250 5.281 5.312 5.343 5.373 5.403 5.432 5.461 5.489 5.518 5.546 5.573 5.600 5.627 5.653 5.678 5.703 5.727 5.749 5.771 5.790 5.808 5.825 5.841 5.855 5.868 5.880 5.891 5.902 5.913 5.924 5.935 5.948 5.962 5.977 5.993 6.011 6.029 6.048 6.069 6.089 6.110 6.131 6.151 6.171 6.191 6.211 6.232 6.253 6.275 6.298 6.322 6.347 6.373 6.400 6.427 6.455 6.482 6.508 6.533 6.558 6.582 6.606 6.632
4.994 5.027 5.060 5.094 5.127 5.159 5.191 5.223 5.255 5.287 5.318 5.348 5.379 5.409 5.438 5.467 5.496 5.525 5.553 5.582 5.609 5.637 5.664 5.690 5.716 5.741 5.765 5.788 5.809 5.829 5.847 5.865 5.880 5.894 5.907 5.918 5.929 5.939 5.949 5.960 5.971 5.984 5.998 6.013 6.030 6.048 6.067 6.087 6.108 6.130 6.151 6.172 6.193 6.214 6.235 6.256 6.278 6.300 6.323 6.348 6.373 6.400 6.427 6.455 6.483 6.511 6.538 6.564 6.589 6.613 6.636 6.661
5.009 5.040 5.072 5.104 5.136 5.167 5.198 5.229 5.261 5.292 5.322 5.353 5.383 5.413 5.442 5.472 5.501 5.530 5.559 5.588 5.616 5.645 5.673 5.700 5.727 5.753 5.779 5.803 5.826 5.847 5.867 5.885 5.902 5.918 5.931 5.944 5.955 5.965 5.975 5.985 5.996 6.007 6.020 6.034 6.050 6.068 6.087 6.107 6.128 6.150 6.172 6.193 6.215 6.237 6.259 6.281 6.303 6.326 6.349 6.374 6.400 6.427 6.455 6.484 6.513 6.542 6.570 6.596 6.622 6.645 6.667 6.691
5.025 5.055 5.085 5.116 5.146 5.176 5.205 5.236 5.266 5.297 5.327 5.357 5.387 5.416 5.446 5.475 5.504 5.534 5.563 5.592 5.621 5.650 5.679 5.708 5.736 5.763 5.790 5.815 5.839 5.862 5.883 5.903 5.922 5.939 5.954 5.967 5.979 5.990 6.000 6.010 6.020 6.031 6.043 6.057 6.072 6.089 6.107 6.127 6.148 6.170 6.193 6.215 6.237 6.259 6.282 6.305 6.328 6.351 6.375 6.400 6.427 6.455 6.484 6.513 6.543 6.573 6.602 6.629 6.655 6.678 6.699 6.721
5.044 5.073 5.101 5.129 5.158 5.186 5.215 5.244 5.273 5.302 5.332 5.361 5.390 5.419 5.448 5.477 5.506 5.535 5.565 5.594 5.624 5.654 5.683 5.712 5.741 5.770 5.798 5.825 5.850 5.874 5.897 5.919 5.939 5.957 5.973 5.988 6.001 6.013 6.023 6.034 6.044 6.055 6.066 6.079 6.094 6.110 6.129 6.148 6.169 6.192 6.214 6.236 6.259 6.282 6.306 6.329 6.352 6.376 6.401 6.426 6.453 6.482 6.511 6.542 6.573 6.604 6.634 6.662 6.688 6.711 6.731 6.752
5.066 5.092 5.119 5.146 5.173 5.199 5.226 5.254 5.281 5.309 5.337 5.365 5.393 5.422 5.450 5.478 5.507 5.536 5.565 5.595 5.625 5.655 5.685 5.715 5.744 5.774 5.803 5.831 5.857 5.882 5.907 5.930 5.952 5.972 5.990 6.006 6.020 6.033 6.045 6.056 6.067 6.078 6.089 6.102 6.117 6.133 6.151 6.170 6.191 6.213 6.236 6.258 6.281 6.305 6.329 6.353 6.377 6.401 6.426 6.452 6.479 6.508 6.538 6.570 6.602 6.634 6.665 6.694 6.721 6.744 6.764 6.784
