TsunamiDB/out54027.asc
ncols          264
nrows          230
xllcorner      497853.4375
yllcorner      4229146.0000
cellsize         5.
NODATA_value   -99
[rows 128 to 159 of 230, columns 142 to 212 of 264]
4.833 4.885 4.935 4.984 5.031 5.077 5.121 5.165 5.208 5.249 5.289 5.327 5.364 5.399 5.433 5.465 5.495 5.524 5.551 5.577 5.602 5.627 5.651 5.675 5.699 5.722 5.746 5.769 5.791 5.813 5.834 5.855 5.876 5.896 5.916 5.936 5.959 5.984 6.013 6.046 6.085 6.129 6.177 6.231 6.290 6.352 6.417 6.483 6.549 6.614 6.676 6.736 6.796 6.858 6.925 6.998 7.072 7.152 7.237 7.325 7.416 7.513 7.613 7.706 7.784 7.833 7.897 7.995 8.089 8.176 8.255
4.855 4.907 4.956 5.005 5.053 5.098 5.142 5.187 5.230 5.272 5.312 5.351 5.389 5.425 5.459 5.492 5.523 5.552 5.580 5.606 5.631 5.654 5.677 5.700 5.722 5.744 5.766 5.788 5.809 5.831 5.853 5.874 5.896 5.917 5.939 5.960 5.983 6.008 6.035 6.067 6.103 6.145 6.192 6.244 6.302 6.365 6.430 6.497 6.566 6.633 6.699 6.763 6.828 6.896 6.967 7.043 7.122 7.209 7.298 7.389 7.484 7.581 7.679 7.770 7.844 7.889 7.951 8.048 8.141 8.228 8.310
4.877 4.928 4.977 5.026 5.073 5.118 5.163 5.207 5.251 5.293 5.334 5.374 5.413 5.450 5.485 5.519 5.551 5.581 5.609 5.635 5.660 5.683 5.705 5.726 5.746 5.767 5.787 5.807 5.828 5.848 5.870 5.893 5.916 5.939 5.962 5.985 6.008 6.033 6.060 6.090 6.125 6.164 6.208 6.258 6.315 6.377 6.443 6.511 6.582 6.652 6.722 6.791 6.862 6.934 7.010 7.089 7.173 7.265 7.358 7.452 7.546 7.642 7.737 7.826 7.900 7.943 8.002 8.098 8.191 8.279 8.360
4.897 4.948 4.997 5.045 5.092 5.138 5.182 5.227 5.270 5.313 5.355 5.395 5.435 5.473 5.510 5.545 5.578 5.609 5.638 5.665 5.690 5.713 5.734 5.754 5.773 5.791 5.810 5.828 5.847 5.867 5.888 5.911 5.935 5.959 5.984 6.009 6.034 6.060 6.087 6.116 6.148 6.185 6.227 6.274 6.329 6.391 6.456 6.525 6.598 6.672 6.747 6.820 6.896 6.973 7.053 7.134 7.222 7.318 7.414 7.510 7.602 7.694 7.788 7.876 7.952 7.994 8.050 8.146 8.239 8.326 8.405
4.916 4.967 5.016 5.064 5.111 5.156 5.201 5.245 5.289 5.332 5.374 5.415 5.456 5.495 5.533 5.569 5.604 5.636 5.667 5.695 5.720 5.743 5.764 5.784 5.801 5.818 5.834 5.851 5.868 5.886 5.907 5.930 5.954 5.980 6.006 6.033 6.060 6.087 6.114 6.143 6.175 6.209 6.248 6.293 6.346 6.406 6.471 6.540 6.615 6.693 6.771 6.850 6.931 7.012 7.094 7.177 7.267 7.367 7.466 7.560 7.650 7.740 7.833 7.923 8.001 8.042 8.096 8.193 8.284 8.368 8.444
4.934 4.984 5.033 5.081 5.128 5.173 5.218 5.262 5.306 5.350 5.392 5.434 5.475 5.515 5.554 5.592 5.628 5.662 5.694 5.723 5.750 5.774 5.795 5.814 5.831 5.847 5.862 5.877 5.891 5.908 5.928 5.950 5.974 6.001 6.029 6.057 6.086 6.115 6.143 6.172 6.202 6.235 6.272 6.314 6.365 6.424 6.488 6.557 6.634 6.715 6.797 6.881 6.966 7.050 7.133 7.216 7.308 7.410 7.510 7.603 7.692 7.781 7.874 7.967 8.048 8.088 8.141 8.236 8.324 8.404 8.476
4.949 5.000 5.049 5.097 5.144 5.190 5.234 5.279 5.323 5.366 5.409 5.451 5.493 5.534 5.574 5.613 5.651 5.686 5.720 5.751 5.779 5.805 5.827 5.846 5.863 5.878 5.892 5.904 5.917 5.933 5.951 5.972 5.996 6.023 6.051 6.082 6.112 6.142 6.172 6.202 6.232 6.264 6.299 6.340 6.388 6.446 6.509 6.577 6.655 6.738 6.823 6.911 6.998 7.084 7.168 7.251 7.343 7.446 7.547 7.641 7.729 7.819 7.912 8.006 8.091 8.131 8.183 8.274 8.358 8.433 8.500
4.964 5.015 5.064 5.112 5.159 5.204 5.249 5.294 5.338 5.382 5.425 5.468 5.510 5.552 5.593 5.633 5.672 5.709 5.744 5.777 5.807 5.834 5.858 5.878 5.896 5.910 5.924 5.935 5.947 5.961 5.977 5.997 6.020 6.047 6.076 6.107 6.138 6.170 6.202 6.232 6.263 6.295 6.329 6.368 6.414 6.471 6.532 6.600 6.678 6.762 6.850 6.940 7.029 7.117 7.202 7.283 7.374 7.479 7.581 7.676 7.766 7.856 7.948 8.046 8.138 8.177 8.224 8.312 8.390 8.460 8.521
4.976 5.027 5.077 5.125 5.172 5.217 5.263 5.308 5.352 5.396 5.439 5.483 5.526 5.568 5.610 5.651 5.692 5.730 5.767 5.802 5.834 5.863 5.888 5.910 5.929 5.944 5.957 5.968 5.979 5.992 6.008 6.026 6.048 6.073 6.102 6.133 6.165 6.199 6.232 6.263 6.295 6.327 6.360 6.398 6.443 6.500 6.560 6.626 6.704 6.788 6.878 6.969 7.060 7.150 7.234 7.312 7.402 7.509 7.613 7.711 7.804 7.895 7.989 8.097 8.191 8.223 8.264 8.347 8.420 8.483 8.538
4.987 5.038 5.088 5.137 5.183 5.229 5.275 5.320 5.364 5.408 5.452 5.496 5.540 5.583 5.626 5.668 5.710 5.750 5.788 5.825 5.859 5.890 5.917 5.941 5.961 5.978 5.993 6.004 6.015 6.027 6.042 6.059 6.079 6.103 6.130 6.161 6.194 6.228 6.262 6.295 6.327 6.360 6.393 6.431 6.477 6.533 6.592 6.657 6.733 6.818 6.907 7.000 7.093 7.182 7.266 7.341 7.431 7.541 7.648 7.749 7.846 7.942 8.045 8.152 8.237 8.264 8.302 8.377 8.444 8.501 8.550
4.997 5.048 5.097 5.146 5.192 5.238 5.285 5.330 5.375 5.419 5.464 5.508 5.552 5.596 5.640 5.683 5.726 5.767 5.808 5.846 5.882 5.915 5.944 5.971 5.993 6.012 6.028 6.041 6.053 6.065 6.079 6.095 6.114 6.136 6.162 6.192 6.224 6.258 6.293 6.327 6.361 6.394 6.429 6.468 6.515 6.570 6.628 6.691 6.767 6.850 6.938 7.031 7.125 7.215 7.298 7.372 7.462 7.575 7.687 7.793 7.894 7.998 8.104 8.203 8.279 8.302 8.334 8.403 8.463 8.513 8.554
5.006 5.056 5.105 5.154 5.200 5.247 5.293 5.338 5.384 5.429 5.473 5.518 5.563 5.607 5.652 5.696 5.740 5.783 5.824 5.864 5.902 5.937 5.969 5.998 6.023 6.045 6.063 6.078 6.092 6.106 6.120 6.135 6.153 6.174 6.198 6.225 6.256 6.290 6.325 6.360 6.395 6.430 6.467 6.507 6.555 6.610 6.667 6.730 6.803 6.884 6.971 7.062 7.157 7.249 7.333 7.406 7.497 7.617 7.732 7.842 7.950 8.056 8.159 8.250 8.317 8.336 8.363 8.424 8.476 8.520 8.552
5.014 5.063 5.112 5.160 5.207 5.253 5.300 5.345 5.391 5.436 5.481 5.526 5.571 5.617 5.662 5.707 5.752 5.796 5.838 5.880 5.919 5.957 5.991 6.022 6.051 6.076 6.097 6.115 6.131 6.147 6.162 6.179 6.196 6.215 6.238 6.263 6.292 6.325 6.360 6.396 6.432 6.469 6.507 6.549 6.597 6.653 6.710 6.771 6.842 6.921 7.005 7.096 7.192 7.286 7.374 7.447 7.540 7.663 7.782 7.898 8.007 8.111 8.209 8.292 8.352 8.367 8.387 8.439 8.484 8.519 8.542
5.022 5.070 5.119 5.166 5.213 5.258 5.305 5.351 5.396 5.442 5.487 5.533 5.578 5.624 5.670 5.716 5.761 5.806 5.850 5.893 5.934 5.973 6.010 6.044 6.076 6.104 6.129 6.151 6.170 6.188 6.206 6.224 6.242 6.260 6.281 6.305 6.333 6.363 6.397 6.434 6.472 6.510 6.550 6.592 6.641 6.697 6.754 6.814 6.884 6.961 7.042 7.132 7.229 7.328 7.420 7.494 7.587 7.714 7.837 7.954 8.061 8.162 8.254 8.329 8.384 8.394 8.407 8.450 8.485 8.511 8.526
5.029 5.077 5.125 5.172 5.217 5.263 5.309 5.355 5.401 5.446 5.492 5.537 5.583 5.629 5.675 5.722 5.768 5.814 5.859 5.903 5.946 5.987 6.026 6.063 6.097 6.129 6.159 6.184 6.207 6.229 6.250 6.270 6.289 6.308 6.329 6.352 6.377 6.406 6.439 6.475 6.514 6.553 6.594 6.636 6.685 6.742 6.799 6.859 6.928 7.002 7.082 7.172 7.272 7.376 7.472 7.545 7.639 7.770 7.894 8.008 8.112 8.208 8.294 8.363 8.411 8.415 8.422 8.456 8.481 8.498 8.503
5.037 5.084 5.130 5.177 5.222 5.267 5.313 5.359 5.404 5.449 5.495 5.541 5.587 5.633 5.679 5.726 5.773 5.819 5.865 5.910 5.954 5.997 6.039 6.078 6.116 6.152 6.185 6.215 6.242 6.268 6.292 6.315 6.337 6.358 6.379 6.401 6.426 6.453 6.485 6.520 6.559 6.598 6.639 6.682 6.730 6.788 6.846 6.906 6.974 7.048 7.127 7.218 7.321 7.430 7.530 7.601 7.695 7.826 7.946 8.057 8.157 8.248 8.327 8.390 8.433 8.432 8.431 8.454 8.469 8.475 8.469
5.044 5.090 5.136 5.182 5.226 5.271 5.317 5.362 5.407 5.452 5.497 5.543 5.589 5.635 5.681 5.728 5.775 5.822 5.869 5.915 5.960 6.005 6.049 6.091 6.132 6.171 6.209 6.243 6.274 6.304 6.332 6.359 6.384 6.408 6.431 6.454 6.478 6.504 6.534 6.568 6.605 6.645 6.685 6.728 6.777 6.834 6.893 6.955 7.024 7.098 7.178 7.270 7.374 7.484 7.587 7.658 7.748 7.876 7.994 8.101 8.196 8.282 8.356 8.413 8.450 8.443 8.434 8.446 8.449 8.442 8.422
5.051 5.096 5.141 5.186 5.230 5.275 5.320 5.365 5.409 5.454 5.499 5.544 5.590 5.636 5.682 5.729 5.776 5.823 5.870 5.917 5.964 6.011 6.056 6.101 6.145 6.188 6.229 6.267 6.303 6.337 6.370 6.400 6.429 6.456 6.482 6.508 6.532 6.558 6.586 6.618 6.655 6.694 6.734 6.776 6.824 6.882 6.942 7.006 7.077 7.153 7.234 7.326 7.430 7.543 7.652 7.718 7.802 7.926 8.040 8.142 8.233 8.314 8.381 8.433 8.463 8.449 8.431 8.432 8.421 8.399 8.364
5.058 5.102 5.146 5.191 5.234 5.278 5.322 5.367 5.411 5.456 5.501 5.545 5.590 5.636 5.682 5.728 5.775 5.822 5.870 5.918 5.966 6.014 6.062 6.109 6.156 6.202 6.247 6.289 6.329 6.367 6.403 6.438 6.471 6.502 6.532 6.561 6.588 6.613 6.641 6.672 6.707 6.744 6.784 6.824 6.872 6.932 6.994 7.060 7.134 7.211 7.295 7.388 7.492 7.615 7.722 7.777 7.853 7.973 8.082 8.179 8.265 8.339 8.401 8.447 8.470 8.449 8.420 8.408 8.383 8.344 8.292
5.066 5.108 5.151 5.195 5.237 5.281 5.325 5.369 5.413 5.457 5.501 5.545 5.590 5.635 5.680 5.726 5.773 5.821 5.869 5.917 5.966 6.015 6.065 6.114 6.164 6.213 6.261 6.307 6.351 6.393 6.433 6.471 6.509 6.545 6.580 6.613 6.643 6.670 6.698 6.728 6.761 6.796 6.834 6.876 6.927 6.987 7.050 7.120 7.198 7.279 7.365 7.461 7.572 7.690 7.783 7.830 7.901 8.014 8.117 8.210 8.290 8.359 8.415 8.453 8.469 8.440 8.400 8.374 8.332 8.276 8.204
5.074 5.115 5.156 5.199 5.240 5.283 5.326 5.370 5.413 5.457 5.501 5.544 5.588 5.633 5.678 5.723 5.770 5.817 5.866 5.915 5.964 6.015 6.066 6.118 6.170 6.221 6.273 6.322 6.369 6.415 6.459 6.502 6.544 6.585 6.626 6.663 6.696 6.726 6.756 6.785 6.816 6.850 6.889 6.934 6.987 7.046 7.112 7.188 7.270 7.354 7.442 7.543 7.652 7.756 7.839 7.878 7.942 8.048 8.147 8.235 8.309 8.373 8.422 8.453 8.461 8.422 8.369 8.327 8.268 8.193 8.102
5.083 5.122 5.162 5.202 5.243 5.284 5.327 5.370 5.413 5.456 5.499 5.542 5.585 5.629 5.674 5.719 5.765 5.813 5.861 5.911 5.962 6.013 6.066 6.120 6.174 6.228 6.282 6.334 6.385 6.435 6.482 6.529 6.576 6.623 6.668 6.710 6.747 6.781 6.813 6.842 6.874 6.909 6.950 6.998 7.052 7.113 7.181 7.263 7.348 7.434 7.525 7.623 7.723 7.816 7.889 7.921 7.977 8.078 8.171 8.253 8.322 8.379 8.421 8.444 8.443 8.392 8.326 8.267 8.190 8.097 7.987
5.095 5.131 5.169 5.207 5.246 5.286 5.327 5.369 5.411 5.453 5.495 5.538 5.581 5.624 5.668 5.714 5.760 5.807 5.856 5.906 5.958 6.011 6.065 6.120 6.176 6.233 6.289 6.344 6.398 6.452 6.504 6.555 6.606 6.657 6.706 6.753 6.796 6.834 6.869 6.902 6.935 6.973 7.017 7.068 7.125 7.186 7.257 7.342 7.430 7.519 7.606 7.696 7.786 7.869 7.934 7.960 8.008 8.101 8.188 8.264 8.327 8.378 8.412 8.427 8.414 8.352 8.271 8.195 8.100 7.990 7.863
5.110 5.143 5.178 5.214 5.250 5.288 5.327 5.367 5.408 5.449 5.490 5.532 5.575 5.618 5.662 5.707 5.753 5.801 5.850 5.901 5.953 6.007 6.062 6.119 6.177 6.236 6.295 6.352 6.410 6.467 6.524 6.579 6.634 6.689 6.743 6.794 6.842 6.885 6.926 6.963 7.000 7.041 7.089 7.144 7.204 7.264 7.335 7.424 7.514 7.600 7.680 7.761 7.841 7.916 7.975 7.994 8.034 8.119 8.200 8.269 8.325 8.369 8.395 8.399 8.375 8.300 8.204 8.111 8.001 7.875 7.739
5.129 5.159 5.191 5.223 5.256 5.291 5.328 5.366 5.405 5.444 5.485 5.526 5.567 5.610 5.654 5.699 5.745 5.793 5.843 5.895 5.948 6.003 6.059 6.117 6.177 6.238 6.299 6.359 6.421 6.482 6.542 6.602 6.661 6.719 6.776 6.832 6.885 6.935 6.982 7.025 7.067 7.112 7.164 7.224 7.286 7.344 7.414 7.505 7.595 7.674 7.747 7.819 7.890 7.958 8.012 8.025 8.056 8.134 8.206 8.267 8.316 8.351 8.369 8.363 8.326 8.237 8.127 8.018 7.893 7.758 7.618
5.152 5.179 5.207 5.236 5.266 5.297 5.331 5.366 5.402 5.440 5.478 5.518 5.559 5.601 5.645 5.690 5.737 5.785 5.836 5.888 5.942 5.998 6.055 6.115 6.176 6.240 6.303 6.366 6.431 6.496 6.560 6.624 6.686 6.747 6.807 6.867 6.926 6.983 7.037 7.086 7.135 7.186 7.243 7.306 7.368 7.423 7.490 7.580 7.664 7.739 7.805 7.869 7.933 7.995 8.045 8.051 8.074 8.143 8.205 8.258 8.298 8.325 8.334 8.317 8.266 8.163 8.038 7.915 7.781 7.641 7.501
5.179 5.204 5.229 5.254 5.279 5.307 5.337 5.368 5.401 5.436 5.472 5.511 5.551 5.592 5.636 5.681 5.728 5.777 5.828 5.881 5.936 5.993 6.051 6.112 6.176 6.241 6.307 6.373 6.441 6.509 6.577 6.644 6.709 6.773 6.836 6.901 6.965 7.029 7.091 7.147 7.203 7.260 7.319 7.383 7.446 7.497 7.560 7.644 7.725 7.796 7.856 7.914 7.971 8.028 8.075 8.075 8.088 8.147 8.199 8.242 8.272 8.291 8.291 8.262 8.198 8.081 7.942 7.808 7.668 7.529 7.398
5.209 5.232 5.255 5.276 5.298 5.322 5.347 5.374 5.403 5.434 5.468 5.504 5.543 5.584 5.627 5.672 5.720 5.769 5.821 5.874 5.930 5.988 6.047 6.109 6.175 6.243 6.311 6.379 6.451 6.522 6.593 6.664 6.732 6.799 6.865 6.934 7.003 7.075 7.144 7.208 7.270 7.332 7.394 7.461 7.525 7.569 7.623 7.704 7.780 7.846 7.903 7.957 8.007 8.061 8.108 8.101 8.103 8.150 8.191 8.222 8.243 8.253 8.243 8.203 8.123 7.991 7.840 7.698 7.558 7.426 7.310
5.242 5.264 5.285 5.303 5.322 5.341 5.362 5.384 5.409 5.436 5.466 5.500 5.537 5.576 5.619 5.664 5.712 5.762 5.814 5.868 5.925 5.983 6.044 6.107 6.174 6.245 6.315 6.387 6.461 6.535 6.610 6.683 6.755 6.824 6.894 6.967 7.042 7.121 7.197 7.268 7.337 7.404 7.470 7.542 7.602 7.634 7.680 7.756 7.828 7.890 7.946 7.996 8.042 8.101 8.145 8.126 8.116 8.151 8.179 8.198 8.209 8.209 8.189 8.133 8.036 7.893 7.733 7.588 7.452 7.335 7.241
5.277 5.299 5.318 5.335 5.350 5.366 5.382 5.399 5.419 5.442 5.468 5.498 5.533 5.571 5.613 5.658 5.706 5.756 5.809 5.863 5.920 5.980 6.041 6.106 6.175 6.248 6.321 6.395 6.472 6.549 6.626 6.702 6.777 6.850 6.925 7.002 7.081 7.168 7.251 7.330 7.405 7.478 7.551 7.619 7.668 7.691 7.730 7.800 7.869 7.932 7.986 8.038 8.091 8.145 8.176 8.148 8.128 8.148 8.163 8.171 8.170 8.157 8.122 8.051 7.944 7.790 7.623 7.481 7.360 7.263 7.194
5.312 5.335 5.354 5.370 5.383 5.396 5.408 5.420 5.435 5.452 5.474 5.501 5.532 5.568 5.609 5.654 5.701 5.752 5.805 5.860 5.918 5.978 6.040 6.107 6.177 6.252 6.327 6.403 6.483 6.563 6.642 6.721 6.800 6.880 6.959 7.038 7.123 7.217 7.308 7.393 7.474 7.553 7.625 7.685 7.725 7.741 7.774 7.840 7.908 7.971 8.028 8.085 8.139 8.184 8.203 8.167 8.136 8.142 8.142 8.137 8.123 8.096 8.045 7.962 7.845 7.683 7.516 7.387 7.287 7.214 7.172
5.348 5.371 5.391 5.407 5.419 5.430 5.439 5.448 5.457 5.469 5.486 5.508 5.536 5.569 5.608 5.652 5.699 5.750 5.803 5.859 5.917 5.978 6.041 6.108 6.180 6.257 6.333 6.411 6.494 6.576 6.658 6.742 6.827 6.911 6.994 7.076 7.166 7.268 7.364 7.455 7.541 7.620 7.688 7.741 7.775 7.785 7.814 7.879 7.946 8.010 8.072 8.131 8.182 8.219 8.227 8.183 8.141 8.131 8.116 8.097 8.068 8.024 7.960 7.867 7.742 7.578 7.420 7.312 7.236 7.189 7.172
