TsunamiDB/out54083.asc
ncols          264
nrows          230
xllcorner      497853.4375
yllcorner      4229146.0000
cellsize         5.
NODATA_value   -99
[rows 68 to 101 of 230, columns 0 to 76 of 264]
-99.000 -99.000 -99.000 -99.000 -99.000 -99.000 -99.000 -99.000 -99.000 -99.000 -99.000 -99.000 -99.000 -99.000 -99.000 -99.000 -99.000 -99.000 -99.000 -99.000 -99.000 -99.000 -99.000 -99.000 -99.000 -99.000 -99.000 -99.000 -99.000 -99.000 -99.000 -99.000 1.650 1.652 1.686 1.804 2.016 2.285 2.570 2.837 3.064 3.245 3.388 3.501 3.593 3.672 3.741 3.805 3.863 3.919 3.972 4.023 4.072 4.120 4.168 4.214 4.260 4.306 4.350 4.395 4.440 4.486 4.532 4.578 4.623 4.669 4.713 4.757 4.800 4.842 4.882 4.921 4.958 4.994 5.028 5.061 5.092
-99.000 -99.000 -99.000 -99.000 -99.000 -99.000 -99.000 -99.000 -99.000 -99.000 -99.000 -99.000 -99.000 -99.000 -99.000 -99.000 -99.000 -99.000 -99.000 -99.000 -99.000 -99.000 -99.000 -99.000 -99.000 -99.000 -99.000 -99.000 -99.000 -99.000 -99.000 -99.000 1.650 1.661 1.732 1.899 2.143 2.426 2.706 2.955 3.160 3.322 3.449 3.551 3.636 3.710 3.776 3.837 3.894 3.947 3.999 4.048 4.096 4.143 4.189 4.234 4.278 4.322 4.365 4.408 4.452 4.497 4.541 4.586 4.630 4.675 4.719 4.763 4.806 4.848 4.889 4.928 4.966 5.002 5.037 5.071 5.103
-99.000 -99.000 -99.000 -99.000 -99.000 -99.000 -99.000 -99.000 -99.000 -99.000 -99.000 -99.000 -99.000 -99.000 -99.000 -99.000 -99.000 -99.000 -99.000 -99.000 -99.000 -99.000 -99.000 -99.000 -99.000 -99.000 -99.000 -99.000 -99.000 -99.000 -99.000 1.650 1.652 1.685 1.803 2.012 2.280 2.567 2.834 3.063 3.246 3.390 3.504 3.597 3.676 3.746 3.810 3.868 3.923 3.975 4.025 4.074 4.120 4.166 4.210 4.254 4.297 4.339 4.381 4.422 4.465 4.508 4.551 4.594 4.638 4.681 4.725 4.768 4.811 4.853 4.894 4.934 4.972 5.010 5.045 5.079 5.112
-99.000 -99.000 -99.000 -99.000 -99.000 -99.000 -99.000 -99.000 -99.000 -99.000 -99.000 -99.000 -99.000 -99.000 -99.000 -99.000 -99.000 -99.000 -99.000 -99.000 -99.000 -99.000 -99.000 -99.000 -99.000 -99.000 -99.000 -99.000 -99.000 -99.000 -99.000 1.650 1.661 1.730 1.896 2.139 2.422 2.703 2.953 3.159 3.323 3.451 3.554 3.640 3.715 3.781 3.842 3.899 3.952 4.003 4.052 4.099 4.144 4.188 4.232 4.274 4.316 4.357 4.397 4.437 4.479 4.520 4.561 4.603 4.645 4.688 4.730 4.773 4.815 4.857 4.898 4.939 4.978 5.015 5.052 5.087 5.120
-99.000 -99.000 -99.000 -99.000 -99.000 -99.000 -99.000 -99.000 -99.000 -99.000 -99.000 -99.000 -99.000 -99.000 -99.000 -99.000 -99.000 -99.000 -99.000 -99.000 -99.000 -99.000 -99.000 -99.000 -99.000 -99.000 -99.000 -99.000 -99.000 -99.000 1.650 1.652 1.684 1.800 2.009 2.276 2.563 2.832 3.061 3.246 3.392 3.507 3.601 3.681 3.752 3.815 3.874 3.929 3.981 4.031 4.079 4.124 4.169 4.212 4.254 4.295 4.335 4.375 4.414 4.453 4.493 4.533 4.573 4.613 4.654 4.695 4.736 4.778 4.820 4.861 4.902 4.942 4.982 5.020 5.057 5.093 5.127
-99.000 -99.000 -99.000 -99.000 -99.000 -99.000 -99.000 -99.000 -99.000 -99.000 -99.000 -99.000 -99.000 -99.000 -99.000 -99.000 -99.000 -99.000 -99.000 -99.000 -99.000 -99.000 -99.000 -99.000 -99.000 -99.000 -99.000 -99.000 -99.000 -99.000 1.650 1.660 1.728 1.893 2.136 2.417 2.699 2.951 3.159 3.324 3.454 3.558 3.645 3.720 3.787 3.849 3.906 3.959 4.010 4.059 4.105 4.150 4.193 4.235 4.276 4.316 4.355 4.394 4.432 4.469 4.508 4.546 4.585 4.624 4.663 4.703 4.743 4.783 4.824 4.865 4.906 4.946 4.985 5.024 5.061 5.098 5.133
-99.000 -99.000 -99.000 -99.000 -99.000 -99.000 -99.000 -99.000 -99.000 -99.000 -99.000 -99.000 -99.000 -99.000 -99.000 -99.000 -99.000 -99.000 -99.000 -99.000 -99.000 -99.000 -99.000 -99.000 -99.000 -99.000 -99.000 -99.000 -99.000 1.650 1.652 1.683 1.798 2.005 2.273 2.559 2.829 3.060 3.246 3.393 3.510 3.605 3.686 3.757 3.821 3.881 3.936 3.989 4.038 4.086 4.131 4.175 4.217 4.258 4.298 4.337 4.376 4.414 4.450 4.486 4.523 4.560 4.598 4.635 4.673 4.711 4.750 4.790 4.829 4.869 4.909 4.949 4.988 5.027 5.065 5.102 5.137
-99.000 -99.000 -99.000 -99.000 -99.000 -99.000 -99.000 -99.000 -99.000 -99.000 -99.000 -99.000 -99.000 -99.000 -99.000 -99.000 -99.000 -99.000 -99.000 -99.000 -99.000 -99.000 -99.000 -99.000 -99.000 -99.000 -99.000 -99.000 -99.000 1.650 1.660 1.727 1.890 2.132 2.414 2.696 2.949 3.158 3.324 3.455 3.561 3.649 3.725 3.793 3.855 3.912 3.966 4.018 4.066 4.113 4.157 4.200 4.241 4.282 4.321 4.359 4.396 4.433 4.469 4.504 4.540 4.576 4.611 4.648 4.684 4.721 4.758 4.796 4.835 4.873 4.912 4.952 4.991 5.029 5.067 5.105 5.141
-99.000 -99.000 -99.000 -99.000 -99.000 -99.000 -99.000 -99.000 -99.000 -99.000 -99.000 -99.000 -99.000 -99.000 -99.000 -99.000 -99.000 -99.000 -99.000 -99.000 -99.000 -99.000 -99.000 -99.000 -99.000 -99.000 -99.000 -99.000 1.650 1.652 1.682 1.795 2.002 2.269 2.556 2.826 3.058 3.246 3.394 3.511 3.608 3.690 3.762 3.827 3.887 3.943 3.996 4.046 4.094 4.139 4.183 4.225 4.266 4.305 4.343 4.381 4.417 4.453 4.488 4.522 4.557 4.591 4.626 4.661 4.696 4.732 4.768 4.804 4.841 4.879 4.916 4.955 4.993 5.031 5.069 5.107 5.143
-99.000 -99.000 -99.000 -99.000 -99.000 -99.000 -99.000 -99.000 -99.000 -99.000 -99.000 -99.000 -99.000 -99.000 -99.000 -99.000 -99.000 -99.000 -99.000 -99.000 -99.000 -99.000 -99.000 -99.000 -99.000 -99.000 -99.000 -99.000 1.650 1.660 1.725 1.888 2.129 2.411 2.694 2.947 3.157 3.324 3.456 3.563 3.651 3.728 3.797 3.860 3.918 3.973 4.025 4.074 4.121 4.165 4.208 4.250 4.290 4.328 4.366 4.402 4.438 4.473 4.507 4.540 4.574 4.608 4.641 4.675 4.709 4.743 4.778 4.813 4.848 4.884 4.921 4.958 4.996 5.033 5.071 5.108 5.145
-99.000 -99.000 -99.000 -99.000 -99.000 -99.000 -99.000 -99.000 -99.000 -99.000 -99.000 -99.000 -99.000 -99.000 -99.000 -99.000 -99.000 -99.000 -99.000 -99.000 -99.000 -99.000 -99.000 -99.000 -99.000 -99.000 -99.000 1.650 1.652 1.681 1.794 2.000 2.266 2.554 2.825 3.057 3.245 3.394 3.513 3.610 3.692 3.765 3.831 3.892 3.949 4.002 4.053 4.101 4.147 4.191 4.234 4.274 4.313 4.351 4.388 4.424 4.459 4.493 4.526 4.559 4.592 4.624 4.657 4.690 4.722 4.755 4.789 4.822 4.857 4.891 4.927 4.962 4.999 5.036 5.072 5.109 5.146
-99.000 -99.000 -99.000 -99.000 -99.000 -99.000 -99.000 -99.000 -99.000 -99.000 -99.000 -99.000 -99.000 -99.000 -99.000 -99.000 -99.000 -99.000 -99.000 -99.000 -99.000 -99.000 -99.000 -99.000 -99.000 -99.000 -99.000 1.650 1.659 1.725 1.886 2.127 2.409 2.692 2.946 3.157 3.324 3.457 3.564 3.653 3.731 3.800 3.864 3.923 3.978 4.031 4.081 4.128 4.173 4.217 4.258 4.298 4.337 4.374 4.410 4.446 4.480 4.514 4.546 4.577 4.610 4.641 4.673 4.705 4.736 4.768 4.800 4.833 4.866 4.899 4.933 4.968 5.003 5.038 5.074 5.110 5.147
-99.000 -99.000 -99.000 -99.000 -99.000 -99.000 -99.000 -99.000 -99.000 -99.000 -99.000 -99.000 -99.000 -99.000 -99.000 -99.000 -99.000 -99.000 -99.000 -99.000 -99.000 -99.000 -99.000 -99.000 -99.000 -99.000 1.650 1.652 1.681 1.793 1.998 2.265 2.552 2.824 3.057 3.246 3.395 3.514 3.611 3.694 3.767 3.834 3.895 3.953 4.007 4.059 4.108 4.154 4.199 4.242 4.283 4.322 4.360 4.397 4.432 4.467 4.501 4.534 4.565 4.596 4.628 4.659 4.690 4.720 4.751 4.782 4.813 4.844 4.876 4.908 4.940 4.974 5.007 5.042 5.076 5.112 5.147
-99.000 -99.000 -99.000 -99.000 -99.000 -99.000 -99.000 -99.000 -99.000 -99.000 -99.000 -99.000 -99.000 -99.000 -99.000 -99.000 -99.000 -99.000 -99.000 -99.000 -99.000 -99.000 -99.000 -99.000 -99.000 -99.000 1.650 1.659 1.724 1.885 2.126 2.408 2.691 2.946 3.157 3.325 3.458 3.565 3.655 3.732 3.802 3.866 3.926 3.982 4.035 4.086 4.134 4.180 4.224 4.266 4.307 4.346 4.383 4.419 4.454 4.488 4.522 4.554 4.585 4.615 4.646 4.676 4.706 4.736 4.766 4.796 4.826 4.856 4.887 4.917 4.949 4.980 5.013 5.046 5.079 5.114 5.148
-99.000 -99.000 -99.000 -99.000 -99.000 -99.000 -99.000 -99.000 -99.000 -99.000 -99.000 -99.000 -99.000 -99.000 -99.000 -99.000 -99.000 -99.000 -99.000 -99.000 -99.000 -99.000 -99.000 -99.000 -99.000 1.650 1.652 1.681 1.793 1.998 2.264 2.551 2.823 3.057 3.247 3.395 3.514 3.612 3.695 3.769 3.836 3.897 3.956 4.010 4.063 4.112 4.160 4.205 4.249 4.290 4.330 4.369 4.406 4.442 4.476 4.510 4.542 4.574 4.604 4.634 4.664 4.694 4.723 4.752 4.781 4.810 4.839 4.869 4.898 4.928 4.958 4.988 5.019 5.051 5.083 5.116 5.149
-99.000 -99.000 -99.000 -99.000 -99.000 -99.000 -99.000 -99.000 -99.000 -99.000 -99.000 -99.000 -99.000 -99.000 -99.000 -99.000 -99.000 -99.000 -99.000 -99.000 -99.000 -99.000 -99.000 -99.000 -99.000 1.650 1.659 1.724 1.885 2.126 2.408 2.691 2.946 3.158 3.326 3.459 3.566 3.656 3.734 3.803 3.868 3.928 3.984 4.038 4.089 4.138 4.185 4.230 4.273 4.314 4.354 4.392 4.428 4.464 4.498 4.531 4.563 4.594 4.624 4.653 4.683 4.712 4.740 4.769 4.797 4.825 4.853 4.882 4.910 4.939 4.968 4.997 5.027 5.057 5.088 5.119 5.151
-99.000 -99.000 -99.000 -99.000 -99.000 -99.000 -99.000 -99.000 -99.000 -99.000 -99.000 -99.000 -99.000 -99.000 -99.000 -99.000 -99.000 -99.000 -99.000 -99.000 -99.000 -99.000 -99.000 -99.000 1.650 1.652 1.681 1.792 1.997 2.264 2.552 2.824 3.058 3.248 3.397 3.516 3.613 3.696 3.770 3.837 3.899 3.957 4.012 4.065 4.115 4.164 4.210 4.254 4.297 4.337 4.376 4.414 4.450 4.485 4.519 4.552 4.584 4.614 4.643 4.672 4.701 4.730 4.758 4.785 4.813 4.840 4.868 4.895 4.923 4.950 4.978 5.006 5.035 5.064 5.093 5.123 5.154
-99.000 -99.000 -99.000 -99.000 -99.000 -99.000 -99.000 -99.000 -99.000 -99.000 -99.000 -99.000 -99.000 -99.000 -99.000 -99.000 -99.000 -99.000 -99.000 -99.000 -99.000 -99.000 -99.000 -99.000 1.650 1.659 1.724 1.885 2.126 2.408 2.692 2.947 3.159 3.328 3.461 3.567 3.657 3.735 3.805 3.869 3.929 3.986 4.040 4.091 4.141 4.188 4.234 4.278 4.320 4.360 4.399 4.436 4.472 4.507 4.541 4.573 4.604 4.634 4.662 4.691 4.720 4.748 4.775 4.802 4.829 4.856 4.882 4.909 4.936 4.962 4.989 5.016 5.044 5.071 5.100 5.129 5.158
-99.000 -99.000 -99.000 -99.000 -99.000 -99.000 -99.000 -99.000 -99.000 -99.000 -99.000 -99.000 -99.000 -99.000 -99.000 -99.000 -99.000 -99.000 -99.000 -99.000 -99.000 -99.000 -99.000 1.650 1.652 1.681 1.793 1.998 2.264 2.552 2.824 3.059 3.249 3.400 3.518 3.615 3.698 3.771 3.838 3.900 3.958 4.013 4.066 4.117 4.166 4.213 4.258 4.301 4.343 4.383 4.421 4.458 4.494 4.528 4.562 4.594 4.625 4.654 4.682 4.711 4.738 4.766 4.793 4.819 4.846 4.872 4.897 4.923 4.949 4.975 5.001 5.027 5.053 5.080 5.107 5.135 5.163
-99.000 -99.000 -99.000 -99.000 -99.000 -99.000 -99.000 -99.000 -99.000 -99.000 -99.000 -99.000 -99.000 -99.000 -99.000 -99.000 -99.000 -99.000 -99.000 -99.000 -99.000 -99.000 -99.000 1.650 1.659 1.724 1.885 2.126 2.408 2.692 2.948 3.161 3.330 3.464 3.570 3.659 3.737 3.806 3.870 3.930 3.986 4.040 4.092 4.142 4.190 4.236 4.281 4.324 4.365 4.405 4.443 4.480 4.515 4.549 4.582 4.614 4.645 4.674 4.702 4.730 4.757 4.784 4.811 4.837 4.862 4.888 4.913 4.938 4.963 4.988 5.013 5.038 5.064 5.089 5.115 5.142 5.168
-99.000 -99.000 -99.000 -99.000 -99.000 -99.000 -99.000 -99.000 -99.000 -99.000 -99.000 -99.000 -99.000 -99.000 -99.000 -99.000 -99.000 -99.000 -99.000 -99.000 -99.000 -99.000 1.650 1.652 1.681 1.792 1.997 2.264 2.552 2.825 3.061 3.251 3.402 3.521 3.618 3.700 3.773 3.839 3.901 3.959 4.014 4.067 4.118 4.167 4.214 4.259 4.303 4.346 4.387 4.426 4.464 4.501 4.536 4.570 4.603 4.635 4.665 4.694 4.721 4.749 4.776 4.803 4.829 4.854 4.879 4.904 4.928 4.953 4.977 5.001 5.026 5.050 5.075 5.099 5.124 5.149 5.175
-99.000 -99.000 -99.000 -99.000 -99.000 -99.000 -99.000 -99.000 -99.000 -99.000 -99.000 -99.000 -99.000 -99.000 -99.000 -99.000 -99.000 -99.000 -99.000 -99.000 -99.000 -99.000 1.650 1.659 1.724 1.884 2.125 2.408 2.692 2.949 3.162 3.332 3.466 3.574 3.662 3.739 3.808 3.871 3.931 3.987 4.041 4.093 4.142 4.191 4.237 4.282 4.326 4.368 4.408 4.447 4.485 4.522 4.557 4.591 4.623 4.655 4.685 4.714 4.741 4.769 4.795 4.821 4.847 4.872 4.896 4.921 4.945 4.968 4.992 5.016 5.039 5.063 5.086 5.110 5.134 5.158 5.183
-99.000 -99.000 -99.000 -99.000 -99.000 -99.000 -99.000 -99.000 -99.000 -99.000 -99.000 -99.000 -99.000 -99.000 -99.000 -99.000 -99.000 -99.000 -99.000 -99.000 -99.000 1.650 1.652 1.680 1.791 1.996 2.263 2.551 2.825 3.061 3.253 3.404 3.524 3.622 3.703 3.775 3.841 3.902 3.960 4.015 4.067 4.118 4.167 4.214 4.260 4.304 4.347 4.389 4.429 4.468 4.506 4.542 4.577 4.611 4.643 4.675 4.705 4.733 4.761 4.788 4.814 4.840 4.865 4.890 4.914 4.938 4.961 4.984 5.007 5.030 5.053 5.076 5.098 5.121 5.144 5.168 5.191
-99.000 -99.000 -99.000 -99.000 -99.000 -99.000 -99.000 -99.000 -99.000 -99.000 -99.000 -99.000 -99.000 -99.000 -99.000 -99.000 -99.000 -99.000 -99.000 -99.000 -99.000 1.650 1.659 1.723 1.883 2.123 2.406 2.691 2.949 3.163 3.334 3.469 3.577 3.666 3.742 3.810 3.874 3.933 3.988 4.042 4.093 4.142 4.190 4.237 4.282 4.326 4.368 4.409 4.449 4.488 4.526 4.562 4.597 4.631 4.663 4.695 4.725 4.753 4.780 4.807 4.834 4.859 4.884 4.908 4.932 4.955 4.978 5.001 5.023 5.045 5.067 5.089 5.111 5.133 5.156 5.178 5.200
-99.000 -99.000 -99.000 -99.000 -99.000 -99.000 -99.000 -99.000 -99.000 -99.000 -99.000 -99.000 -99.000 -99.000 -99.000 -99.000 -99.000 -99.000 -99.000 -99.000 1.650 1.652 1.680 1.790 1.994 2.260 2.549 2.824 3.061 3.254 3.406 3.527 3.625 3.707 3.779 3.844 3.905 3.962 4.016 4.068 4.118 4.166 4.213 4.259 4.303 4.347 4.389 4.429 4.469 4.508 4.545 4.581 4.616 4.650 4.682 4.714 4.744 4.773 4.800 4.827 4.853 4.878 4.903 4.927 4.950 4.973 4.996 5.018 5.040 5.061 5.083 5.104 5.125 5.146 5.168 5.189 5.211
-99.000 -99.000 -99.000 -99.000 -99.000 -99.000 -99.000 -99.000 -99.000 -99.000 -99.000 -99.000 -99.000 -99.000 -99.000 -99.000 -99.000 -99.000 -99.000 -99.000 1.650 1.659 1.721 1.880 2.120 2.402 2.688 2.947 3.163 3.335 3.471 3.579 3.669 3.746 3.814 3.876 3.935 3.990 4.043 4.094 4.143 4.190 4.236 4.281 4.324 4.367 4.408 4.449 4.488 4.527 4.564 4.600 4.635 4.669 4.701 4.733 4.763 4.792 4.819 4.846 4.872 4.897 4.922 4.946 4.969 4.991 5.014 5.035 5.057 5.078 5.098 5.119 5.140 5.160 5.181 5.201 5.222
-99.000 -99.000 -99.000 -99.000 -99.000 -99.000 -99.000 -99.000 -99.000 -99.000 -99.000 -99.000 -99.000 -99.000 -99.000 -99.000 -99.000 -99.000 -99.000 -99.000 1.652 1.679 1.787 1.989 2.256 2.545 2.821 3.060 3.254 3.407 3.529 3.627 3.710 3.783 3.848 3.907 3.964 4.018 4.069 4.119 4.167 4.213 4.258 4.302 4.345 4.387 4.428 4.468 4.507 4.545 4.582 4.618 4.653 4.687 4.719 4.751 4.782 4.810 4.837 4.865 4.891 4.916 4.941 4.965 4.988 5.010 5.032 5.053 5.074 5.095 5.115 5.135 5.155 5.175 5.194 5.214 5.234
-99.000 -99.000 -99.000 -99.000 -99.000 -99.000 -99.000 -99.000 -99.000 -99.000 -99.000 -99.000 -99.000 -99.000 -99.000 -99.000 -99.000 -99.000 -99.000 1.650 1.658 1.719 1.875 2.114 2.397 2.684 2.944 3.161 3.335 3.472 3.581 3.672 3.749 3.818 3.880 3.938 3.993 4.045 4.095 4.143 4.190 4.236 4.280 4.323 4.365 4.406 4.447 4.486 4.525 4.563 4.600 4.635 4.670 4.704 4.737 4.769 4.799 4.828 4.856 4.883 4.909 4.935 4.960 4.983 5.006 5.029 5.050 5.071 5.092 5.112 5.132 5.152 5.171 5.190 5.209 5.228 5.247
-99.000 -99.000 -99.000 -99.000 -99.000 -99.000 -99.000 -99.000 -99.000 -99.000 -99.000 -99.000 -99.000 -99.000 -99.000 -99.000 -99.000 -99.000 -99.000 1.651 1.677 1.783 1.983 2.249 2.538 2.815 3.056 3.252 3.407 3.530 3.629 3.713 3.786 3.851 3.911 3.967 4.020 4.071 4.120 4.168 4.213 4.258 4.301 4.343 4.385 4.425 4.465 4.504 4.542 4.580 4.616 4.652 4.687 4.721 4.754 4.786 4.817 4.846 4.873 4.901 4.928 4.953 4.978 5.002 5.025 5.047 5.069 5.090 5.110 5.130 5.150 5.169 5.188 5.206 5.225 5.243 5.261
-99.000 -99.000 -99.000 -99.000 -99.000 -99.000 -99.000 -99.000 -99.000 -99.000 -99.000 -99.000 -99.000 -99.000 -99.000 -99.000 -99.000 -99.000 1.650 1.657 1.716 1.869 2.106 2.388 2.676 2.938 3.158 3.333 3.472 3.582 3.673 3.751 3.821 3.884 3.941 3.995 4.047 4.097 4.145 4.191 4.236 4.279 4.322 4.363 4.404 4.444 4.483 4.521 4.559 4.596 4.633 4.668 4.703 4.737 4.770 4.802 4.833 4.862 4.890 4.918 4.945 4.971 4.996 5.020 5.043 5.066 5.087 5.108 5.129 5.149 5.168 5.187 5.205 5.223 5.241 5.259 5.277
-99.000 -99.000 -99.000 -99.000 -99.000 -99.000 -99.000 -99.000 -99.000 -99.000 -99.000 -99.000 -99.000 -99.000 -99.000 -99.000 -99.000 -99.000 1.651 1.675 1.778 1.975 2.239 2.529 2.807 3.050 3.249 3.405 3.530 3.630 3.714 3.788 3.854 3.915 3.970 4.023 4.074 4.123 4.169 4.214 4.258 4.301 4.342 4.383 4.423 4.462 4.500 4.538 4.576 4.612 4.648 4.684 4.718 4.752 4.785 4.817 4.848 4.878 4.906 4.934 4.962 4.988 5.013 5.038 5.061 5.084 5.106 5.127 5.147 5.167 5.186 5.205 5.223 5.241 5.259 5.276 5.293
-99.000 -99.000 -99.000 -99.000 -99.000 -99.000 -99.000 -99.000 -99.000 -99.000 -99.000 -99.000 -99.000 -99.000 -99.000 -99.000 -99.000 1.650 1.657 1.712 1.862 2.096 2.378 2.666 2.930 3.152 3.330 3.470 3.582 3.674 3.753 3.823 3.886 3.945 3.998 4.050 4.100 4.147 4.193 4.237 4.280 4.322 4.363 4.402 4.442 4.480 4.518 4.555 4.592 4.628 4.663 4.698 4.733 4.767 4.799 4.832 4.863 4.893 4.921 4.950 4.977 5.004 5.030 5.054 5.078 5.101 5.123 5.145 5.165 5.185 5.205 5.223 5.242 5.259 5.277 5.293 5.310
-99.000 -99.000 -99.000 -99.000 -99.000 -99.000 -99.000 -99.000 -99.000 -99.000 -99.000 -99.000 -99.000 -99.000 -99.000 -99.000 -99.000 1.651 1.673 1.771 1.965 2.227 2.517 2.797 3.042 3.243 3.402 3.528 3.630 3.715 3.789 3.856 3.917 3.973 4.026 4.077 4.125 4.172 4.216 4.260 4.302 4.343 4.383 4.422 4.460 4.498 4.535 4.571 4.607 4.643 4.678 4.713 4.747 4.780 4.813 4.845 4.877 4.906 4.935 4.964 4.992 5.019 5.045 5.070 5.095 5.118 5.141 5.162 5.183 5.203 5.223 5.242 5.260 5.278 5.295 5.312 5.328
-99.000 -99.000 -99.000 -99.000 -99.000 -99.000 -99.000 -99.000 -99.000 -99.000 -99.000 -99.000 -99.000 -99.000 -99.000 -99.000 1.650 1.656 1.707 1.853 2.084 2.364 2.653 2.919 3.144 3.324 3.467 3.580 3.674 3.753 3.824 3.888 3.947 4.002 4.053 4.102 4.150 4.196 4.240 4.282 4.323 4.363 4.402 4.441 4.478 4.515 4.551 4.587 4.623 4.658 4.692 4.727 4.760 4.794 4.826 4.858 4.890 4.919 4.949 4.978 5.006 5.033 5.060 5.085 5.110 5.134 5.157 5.179 5.200 5.221 5.241 5.260 5.278 5.296 5.313 5.330 5.346
