TsunamiDB/out54089.asc
ncols          264
nrows          230
xllcorner      497853.4375
yllcorner      4229146.0000
cellsize         5.
NODATA_value   -99
[rows 102 to 135 of 230, columns 77 to 153 of 264]
5.541 5.559 5.577 5.594 5.611 5.629 5.646 5.664 5.682 5.701 5.720 5.739 5.758 5.779 5.800 5.822 5.846 5.870 5.895 5.921 5.948 5.976 6.004 6.032 6.060 6.088 6.114 6.139 6.165 6.189 6.213 6.235 6.257 6.277 6.297 6.315 6.333 6.349 6.365 6.380 6.394 6.408 6.421 6.434 6.447 6.459 6.471 6.483 6.495 6.505 6.515 6.526 6.536 6.547 6.557 6.567 6.577 6.586 6.595 6.604 6.612 6.619 6.627 6.634 6.641 6.648 6.654 6.662 6.669 6.677 6.686 6.695 6.704 6.713 6.724 6.735 6.748
5.549 5.567 5.584 5.600 5.617 5.635 5.652 5.669 5.686 5.704 5.721 5.739 5.757 5.776 5.795 5.815 5.836 5.857 5.880 5.904 5.929 5.956 5.983 6.010 6.039 6.067 6.094 6.121 6.147 6.174 6.199 6.224 6.248 6.270 6.292 6.312 6.331 6.349 6.366 6.382 6.398 6.413 6.427 6.441 6.454 6.467 6.479 6.492 6.504 6.514 6.525 6.536 6.547 6.557 6.568 6.579 6.589 6.598 6.608 6.617 6.625 6.633 6.640 6.648 6.655 6.662 6.668 6.675 6.683 6.690 6.699 6.707 6.715 6.724 6.734 6.745 6.757
5.557 5.575 5.591 5.608 5.624 5.641 5.658 5.675 5.692 5.708 5.725 5.742 5.758 5.776 5.793 5.811 5.830 5.849 5.870 5.891 5.914 5.938 5.963 5.989 6.016 6.044 6.070 6.098 6.126 6.153 6.181 6.207 6.233 6.258 6.281 6.303 6.325 6.345 6.364 6.382 6.399 6.415 6.430 6.445 6.459 6.473 6.486 6.499 6.511 6.522 6.533 6.544 6.556 6.567 6.578 6.589 6.599 6.610 6.619 6.629 6.637 6.646 6.654 6.661 6.668 6.675 6.682 6.689 6.696 6.703 6.711 6.719 6.727 6.735 6.745 6.755 6.767
5.564 5.582 5.599 5.615 5.631 5.648 5.665 5.681 5.698 5.714 5.730 5.746 5.762 5.778 5.794 5.811 5.828 5.845 5.864 5.883 5.903 5.924 5.947 5.970 5.996 6.021 6.046 6.073 6.101 6.129 6.157 6.185 6.212 6.239 6.265 6.289 6.313 6.335 6.356 6.376 6.395 6.413 6.430 6.446 6.461 6.476 6.490 6.504 6.517 6.528 6.540 6.552 6.563 6.575 6.587 6.598 6.609 6.619 6.630 6.639 6.649 6.658 6.666 6.674 6.681 6.688 6.695 6.702 6.709 6.716 6.724 6.731 6.738 6.746 6.755 6.765 6.776
5.572 5.590 5.606 5.622 5.639 5.655 5.672 5.688 5.704 5.720 5.736 5.752 5.767 5.783 5.798 5.814 5.829 5.845 5.862 5.879 5.897 5.915 5.935 5.956 5.978 6.001 6.024 6.049 6.076 6.103 6.131 6.159 6.187 6.215 6.242 6.269 6.295 6.319 6.343 6.365 6.386 6.406 6.425 6.443 6.459 6.476 6.491 6.506 6.520 6.532 6.544 6.557 6.569 6.582 6.594 6.605 6.617 6.628 6.639 6.649 6.659 6.668 6.677 6.685 6.693 6.701 6.708 6.715 6.722 6.729 6.736 6.743 6.750 6.757 6.766 6.775 6.785
5.580 5.597 5.614 5.629 5.646 5.663 5.679 5.695 5.711 5.727 5.743 5.758 5.774 5.789 5.804 5.819 5.833 5.848 5.863 5.879 5.895 5.911 5.929 5.947 5.966 5.986 6.007 6.029 6.053 6.078 6.104 6.131 6.159 6.187 6.215 6.243 6.271 6.297 6.323 6.347 6.371 6.393 6.414 6.434 6.453 6.471 6.488 6.504 6.519 6.533 6.546 6.560 6.573 6.586 6.598 6.611 6.623 6.635 6.646 6.657 6.668 6.677 6.687 6.696 6.704 6.712 6.720 6.727 6.734 6.741 6.748 6.754 6.761 6.768 6.776 6.785 6.795
5.587 5.605 5.621 5.637 5.653 5.670 5.686 5.702 5.718 5.734 5.750 5.765 5.781 5.796 5.810 5.825 5.839 5.853 5.868 5.882 5.896 5.911 5.927 5.943 5.960 5.977 5.994 6.014 6.035 6.057 6.081 6.106 6.132 6.159 6.186 6.214 6.242 6.269 6.296 6.323 6.349 6.373 6.397 6.419 6.440 6.460 6.479 6.498 6.514 6.529 6.544 6.559 6.573 6.587 6.601 6.614 6.627 6.639 6.651 6.663 6.674 6.685 6.695 6.705 6.714 6.722 6.730 6.738 6.745 6.752 6.759 6.766 6.772 6.778 6.786 6.794 6.803
5.595 5.612 5.628 5.644 5.660 5.677 5.693 5.709 5.726 5.741 5.757 5.773 5.788 5.803 5.817 5.832 5.846 5.860 5.874 5.887 5.901 5.915 5.929 5.943 5.958 5.973 5.988 6.004 6.022 6.042 6.062 6.085 6.108 6.132 6.158 6.184 6.211 6.239 6.266 6.293 6.320 6.347 6.372 6.397 6.420 6.443 6.464 6.485 6.504 6.521 6.537 6.554 6.569 6.585 6.599 6.614 6.628 6.641 6.654 6.667 6.679 6.690 6.701 6.712 6.721 6.730 6.739 6.747 6.755 6.762 6.769 6.776 6.782 6.788 6.795 6.803 6.812
5.603 5.620 5.636 5.651 5.667 5.684 5.700 5.716 5.733 5.748 5.764 5.780 5.795 5.810 5.825 5.839 5.853 5.867 5.881 5.894 5.907 5.920 5.933 5.947 5.960 5.973 5.986 6.001 6.016 6.033 6.050 6.069 6.090 6.111 6.134 6.158 6.183 6.208 6.235 6.261 6.288 6.315 6.342 6.368 6.393 6.418 6.442 6.465 6.486 6.505 6.524 6.542 6.560 6.577 6.594 6.609 6.625 6.639 6.654 6.667 6.680 6.693 6.705 6.716 6.727 6.737 6.746 6.755 6.763 6.771 6.778 6.785 6.791 6.797 6.804 6.812 6.820
5.611 5.628 5.643 5.659 5.675 5.691 5.707 5.723 5.740 5.755 5.771 5.787 5.802 5.817 5.832 5.847 5.861 5.875 5.888 5.902 5.915 5.927 5.940 5.953 5.965 5.977 5.989 6.001 6.015 6.029 6.044 6.061 6.078 6.096 6.116 6.137 6.159 6.182 6.206 6.231 6.257 6.283 6.309 6.335 6.361 6.387 6.413 6.438 6.461 6.482 6.504 6.524 6.544 6.563 6.582 6.599 6.616 6.633 6.649 6.664 6.678 6.692 6.705 6.717 6.729 6.740 6.750 6.760 6.769 6.777 6.785 6.792 6.799 6.805 6.812 6.819 6.827
5.619 5.636 5.651 5.666 5.682 5.698 5.714 5.730 5.746 5.762 5.778 5.794 5.809 5.825 5.839 5.854 5.869 5.883 5.896 5.910 5.923 5.936 5.948 5.960 5.972 5.984 5.994 6.006 6.018 6.030 6.044 6.058 6.073 6.088 6.105 6.123 6.142 6.162 6.183 6.205 6.229 6.252 6.277 6.302 6.328 6.353 6.379 6.405 6.429 6.453 6.476 6.498 6.520 6.542 6.563 6.583 6.602 6.620 6.638 6.655 6.671 6.686 6.701 6.715 6.728 6.740 6.751 6.762 6.772 6.782 6.790 6.798 6.804 6.811 6.818 6.825 6.833
5.628 5.644 5.659 5.674 5.690 5.705 5.721 5.737 5.753 5.769 5.785 5.801 5.816 5.832 5.847 5.862 5.876 5.890 5.904 5.918 5.931 5.944 5.956 5.969 5.981 5.991 6.002 6.012 6.024 6.035 6.047 6.059 6.072 6.086 6.100 6.116 6.132 6.149 6.167 6.187 6.207 6.228 6.250 6.273 6.296 6.320 6.345 6.370 6.395 6.418 6.442 6.466 6.490 6.513 6.536 6.558 6.580 6.600 6.620 6.639 6.657 6.675 6.691 6.707 6.722 6.736 6.749 6.761 6.772 6.782 6.792 6.801 6.808 6.815 6.822 6.830 6.838
5.637 5.653 5.668 5.682 5.697 5.713 5.729 5.745 5.761 5.776 5.792 5.808 5.823 5.839 5.854 5.869 5.884 5.898 5.912 5.926 5.939 5.952 5.965 5.977 5.989 6.000 6.010 6.021 6.031 6.042 6.053 6.064 6.076 6.088 6.101 6.114 6.128 6.143 6.158 6.175 6.192 6.210 6.230 6.250 6.270 6.292 6.315 6.338 6.361 6.383 6.407 6.431 6.455 6.479 6.503 6.527 6.550 6.573 6.595 6.616 6.636 6.656 6.675 6.693 6.710 6.725 6.740 6.754 6.767 6.779 6.790 6.800 6.808 6.816 6.824 6.832 6.840
5.647 5.662 5.677 5.691 5.706 5.721 5.737 5.752 5.768 5.784 5.799 5.815 5.830 5.846 5.861 5.876 5.891 5.906 5.920 5.934 5.948 5.961 5.974 5.986 5.998 6.009 6.019 6.030 6.040 6.051 6.061 6.072 6.082 6.093 6.105 6.116 6.129 6.142 6.155 6.169 6.184 6.200 6.216 6.234 6.252 6.271 6.290 6.311 6.331 6.352 6.373 6.396 6.419 6.443 6.466 6.491 6.515 6.539 6.562 6.585 6.608 6.630 6.651 6.671 6.690 6.708 6.726 6.742 6.757 6.771 6.783 6.795 6.804 6.813 6.822 6.831 6.839
5.658 5.673 5.686 5.700 5.715 5.729 5.745 5.760 5.775 5.791 5.806 5.822 5.837 5.853 5.868 5.883 5.898 5.913 5.928 5.942 5.956 5.969 5.982 5.995 6.007 6.018 6.029 6.039 6.049 6.060 6.070 6.080 6.091 6.101 6.111 6.122 6.133 6.145 6.157 6.169 6.182 6.196 6.210 6.225 6.241 6.257 6.274 6.291 6.309 6.327 6.346 6.366 6.387 6.409 6.431 6.454 6.478 6.501 6.525 6.549 6.573 6.597 6.620 6.642 6.663 6.684 6.703 6.722 6.739 6.755 6.770 6.783 6.795 6.805 6.816 6.826 6.835
5.670 5.684 5.697 5.710 5.724 5.738 5.753 5.768 5.783 5.799 5.814 5.829 5.845 5.860 5.875 5.890 5.906 5.920 5.935 5.949 5.963 5.977 5.991 6.004 6.016 6.027 6.038 6.048 6.059 6.070 6.080 6.090 6.100 6.110 6.120 6.130 6.140 6.151 6.162 6.173 6.184 6.197 6.209 6.222 6.236 6.250 6.264 6.279 6.294 6.309 6.325 6.343 6.361 6.380 6.400 6.421 6.443 6.466 6.489 6.512 6.536 6.560 6.583 6.607 6.630 6.652 6.674 6.695 6.714 6.733 6.750 6.766 6.779 6.792 6.804 6.815 6.826
5.682 5.695 5.708 5.721 5.734 5.748 5.762 5.777 5.792 5.807 5.822 5.837 5.852 5.867 5.883 5.898 5.913 5.928 5.942 5.957 5.971 5.985 5.999 6.012 6.025 6.036 6.047 6.058 6.069 6.079 6.090 6.100 6.110 6.119 6.129 6.139 6.149 6.159 6.169 6.179 6.190 6.201 6.212 6.224 6.236 6.248 6.261 6.274 6.287 6.299 6.313 6.328 6.343 6.360 6.377 6.395 6.414 6.434 6.455 6.477 6.499 6.522 6.546 6.569 6.593 6.616 6.639 6.661 6.683 6.704 6.724 6.741 6.756 6.771 6.786 6.799 6.812
5.695 5.708 5.720 5.732 5.745 5.759 5.772 5.786 5.801 5.815 5.830 5.845 5.860 5.875 5.890 5.905 5.920 5.935 5.950 5.964 5.979 5.993 6.007 6.020 6.033 6.044 6.055 6.067 6.078 6.089 6.099 6.110 6.120 6.129 6.139 6.149 6.158 6.168 6.178 6.188 6.198 6.208 6.218 6.229 6.240 6.251 6.262 6.274 6.284 6.295 6.307 6.319 6.333 6.347 6.361 6.377 6.393 6.411 6.429 6.448 6.468 6.489 6.511 6.533 6.556 6.579 6.602 6.625 6.648 6.670 6.691 6.710 6.728 6.745 6.761 6.777 6.792
5.709 5.721 5.733 5.744 5.757 5.770 5.783 5.796 5.810 5.824 5.839 5.853 5.868 5.883 5.898 5.912 5.927 5.942 5.957 5.972 5.986 6.000 6.014 6.028 6.041 6.052 6.064 6.076 6.087 6.098 6.109 6.119 6.130 6.139 6.149 6.159 6.168 6.178 6.187 6.197 6.206 6.216 6.226 6.236 6.246 6.257 6.267 6.277 6.287 6.296 6.306 6.317 6.329 6.340 6.353 6.366 6.380 6.394 6.410 6.427 6.444 6.463 6.482 6.502 6.523 6.545 6.567 6.589 6.611 6.634 6.655 6.675 6.694 6.713 6.731 6.749 6.766
5.723 5.735 5.746 5.757 5.769 5.782 5.794 5.807 5.821 5.834 5.848 5.862 5.876 5.891 5.905 5.920 5.935 5.950 5.964 5.979 5.993 6.008 6.022 6.036 6.049 6.061 6.072 6.084 6.096 6.107 6.118 6.129 6.139 6.149 6.159 6.169 6.178 6.188 6.197 6.207 6.216 6.225 6.235 6.245 6.254 6.264 6.274 6.284 6.292 6.301 6.310 6.320 6.329 6.340 6.350 6.361 6.373 6.386 6.399 6.413 6.428 6.444 6.460 6.478 6.497 6.516 6.536 6.557 6.578 6.600 6.620 6.640 6.660 6.679 6.698 6.717 6.735
5.737 5.749 5.759 5.771 5.782 5.794 5.807 5.819 5.832 5.845 5.858 5.871 5.885 5.899 5.914 5.928 5.943 5.957 5.972 5.986 6.001 6.015 6.029 6.043 6.057 6.068 6.080 6.092 6.104 6.116 6.127 6.138 6.149 6.159 6.169 6.179 6.188 6.198 6.207 6.217 6.226 6.235 6.245 6.254 6.263 6.273 6.283 6.292 6.300 6.308 6.316 6.325 6.334 6.343 6.352 6.362 6.372 6.383 6.394 6.406 6.418 6.432 6.446 6.462 6.478 6.495 6.513 6.531 6.551 6.570 6.590 6.608 6.627 6.646 6.666 6.685 6.703
5.751 5.762 5.773 5.784 5.796 5.808 5.819 5.831 5.843 5.856 5.869 5.882 5.895 5.909 5.923 5.937 5.951 5.965 5.980 5.994 6.008 6.023 6.037 6.051 6.064 6.076 6.088 6.100 6.112 6.124 6.136 6.147 6.158 6.168 6.178 6.188 6.198 6.208 6.217 6.227 6.236 6.245 6.254 6.264 6.273 6.283 6.292 6.301 6.308 6.316 6.324 6.333 6.341 6.349 6.358 6.366 6.375 6.384 6.394 6.404 6.415 6.427 6.439 6.452 6.466 6.481 6.496 6.513 6.530 6.548 6.565 6.582 6.600 6.618 6.636 6.654 6.673
5.764 5.775 5.787 5.798 5.809 5.821 5.832 5.844 5.856 5.868 5.880 5.892 5.905 5.918 5.932 5.945 5.959 5.973 5.988 6.002 6.016 6.030 6.044 6.058 6.071 6.083 6.096 6.108 6.120 6.132 6.144 6.155 6.166 6.177 6.188 6.198 6.208 6.217 6.227 6.236 6.246 6.255 6.264 6.274 6.283 6.292 6.302 6.310 6.318 6.325 6.333 6.342 6.350 6.357 6.365 6.373 6.381 6.390 6.398 6.407 6.416 6.426 6.437 6.448 6.460 6.473 6.487 6.501 6.516 6.532 6.547 6.562 6.578 6.595 6.611 6.629 6.646
5.776 5.788 5.800 5.811 5.823 5.834 5.846 5.857 5.869 5.880 5.892 5.904 5.916 5.929 5.942 5.955 5.968 5.982 5.996 6.010 6.024 6.038 6.052 6.066 6.079 6.091 6.103 6.116 6.128 6.140 6.152 6.164 6.175 6.186 6.196 6.207 6.217 6.227 6.236 6.246 6.255 6.265 6.274 6.283 6.292 6.302 6.311 6.320 6.327 6.335 6.343 6.351 6.359 6.367 6.374 6.382 6.390 6.397 6.405 6.413 6.421 6.430 6.439 6.449 6.459 6.470 6.482 6.495 6.508 6.522 6.536 6.549 6.563 6.578 6.593 6.609 6.625
5.787 5.800 5.812 5.824 5.836 5.847 5.859 5.870 5.881 5.893 5.904 5.916 5.927 5.939 5.952 5.965 5.978 5.991 6.004 6.018 6.032 6.046 6.060 6.073 6.086 6.099 6.111 6.124 6.136 6.148 6.160 6.172 6.183 6.194 6.205 6.215 6.226 6.236 6.245 6.255 6.264 6.274 6.283 6.293 6.302 6.311 6.321 6.329 6.337 6.345 6.353 6.361 6.369 6.377 6.384 6.392 6.399 6.406 6.413 6.421 6.428 6.436 6.444 6.453 6.462 6.472 6.482 6.493 6.505 6.517 6.530 6.541 6.554 6.567 6.581 6.595 6.609
5.797 5.810 5.823 5.835 5.848 5.860 5.872 5.883 5.894 5.905 5.916 5.928 5.939 5.951 5.963 5.975 5.987 6.000 6.013 6.027 6.040 6.054 6.067 6.081 6.094 6.106 6.119 6.131 6.144 6.156 6.168 6.180 6.191 6.202 6.213 6.224 6.234 6.244 6.254 6.264 6.273 6.283 6.292 6.302 6.311 6.320 6.330 6.339 6.346 6.354 6.363 6.371 6.379 6.387 6.394 6.402 6.409 6.416 6.423 6.430 6.437 6.444 6.451 6.459 6.468 6.476 6.486 6.496 6.506 6.517 6.528 6.539 6.550 6.561 6.574 6.586 6.599
5.805 5.819 5.833 5.846 5.859 5.871 5.883 5.895 5.907 5.918 5.929 5.940 5.951 5.962 5.974 5.985 5.997 6.010 6.022 6.035 6.048 6.062 6.075 6.089 6.102 6.114 6.126 6.139 6.151 6.164 6.176 6.188 6.199 6.211 6.221 6.232 6.243 6.253 6.263 6.272 6.282 6.292 6.301 6.310 6.320 6.329 6.339 6.348 6.355 6.364 6.372 6.380 6.388 6.396 6.404 6.412 6.419 6.426 6.433 6.440 6.446 6.453 6.460 6.467 6.475 6.483 6.492 6.501 6.510 6.520 6.530 6.539 6.549 6.560 6.571 6.582 6.594
5.813 5.828 5.841 5.855 5.869 5.882 5.894 5.907 5.918 5.930 5.941 5.952 5.963 5.974 5.985 5.996 6.008 6.020 6.032 6.044 6.057 6.070 6.083 6.097 6.109 6.121 6.134 6.146 6.159 6.171 6.183 6.195 6.207 6.218 6.229 6.240 6.251 6.261 6.271 6.281 6.291 6.300 6.310 6.319 6.328 6.338 6.347 6.356 6.364 6.372 6.381 6.389 6.398 6.406 6.414 6.422 6.429 6.436 6.443 6.450 6.456 6.463 6.470 6.477 6.484 6.491 6.499 6.507 6.516 6.525 6.534 6.543 6.552 6.562 6.572 6.582 6.593
5.820 5.835 5.849 5.863 5.877 5.891 5.904 5.917 5.929 5.941 5.952 5.963 5.974 5.985 5.996 6.007 6.018 6.030 6.042 6.054 6.066 6.079 6.092 6.105 6.117 6.129 6.141 6.154 6.166 6.179 6.191 6.203 6.215 6.226 6.237 6.248 6.259 6.269 6.279 6.289 6.299 6.308 6.318 6.327 6.337 6.346 6.356 6.364 6.373 6.381 6.389 6.398 6.407 6.415 6.423 6.431 6.439 6.446 6.453 6.460 6.467 6.473 6.480 6.486 6.493 6.500 6.508 6.515 6.524 6.532 6.541 6.549 6.557 6.566 6.575 6.585 6.595
5.825 5.841 5.856 5.870 5.885 5.899 5.913 5.926 5.939 5.951 5.963 5.974 5.985 5.996 6.007 6.018 6.029 6.040 6.052 6.063 6.075 6.088 6.100 6.113 6.125 6.137 6.149 6.161 6.174 6.186 6.198 6.210 6.222 6.234 6.245 6.256 6.267 6.277 6.287 6.297 6.307 6.316 6.326 6.335 6.345 6.354 6.364 6.373 6.381 6.389 6.398 6.406 6.415 6.423 6.432 6.440 6.448 6.455 6.463 6.470 6.477 6.483 6.490 6.496 6.503 6.510 6.517 6.524 6.532 6.541 6.548 6.556 6.564 6.572 6.581 6.590 6.599
5.831 5.847 5.862 5.877 5.892 5.907 5.921 5.935 5.948 5.960 5.973 5.984 5.996 6.007 6.018 6.029 6.040 6.051 6.062 6.073 6.085 6.097 6.109 6.121 6.133 6.144 6.156 6.169 6.181 6.193 6.206 6.218 6.230 6.241 6.253 6.264 6.274 6.285 6.295 6.305 6.315 6.324 6.334 6.343 6.353 6.362 6.372 6.380 6.388 6.397 6.405 6.414 6.423 6.432 6.440 6.448 6.457 6.464 6.472 6.479 6.486 6.493 6.500 6.506 6.513 6.520 6.527 6.534 6.541 6.549 6.557 6.564 6.571 6.580 6.588 6.597 6.605
5.836 5.852 5.867 5.882 5.898 5.913 5.928 5.942 5.956 5.969 5.981 5.994 6.005 6.017 6.028 6.039 6.050 6.061 6.072 6.083 6.094 6.106 6.117 6.130 6.141 6.152 6.164 6.176 6.189 6.201 6.213 6.225 6.237 6.249 6.260 6.271 6.282 6.292 6.303 6.313 6.323 6.332 6.342 6.351 6.361 6.370 6.379 6.388 6.396 6.404 6.413 6.422 6.430 6.439 6.448 6.456 6.465 6.473 6.481 6.488 6.495 6.502 6.509 6.516 6.522 6.529 6.536 6.543 6.551 6.558 6.566 6.573 6.580 6.588 6.596 6.604 6.613
5.841 5.857 5.872 5.888 5.903 5.919 5.934 5.948 5.962 5.976 5.989 6.002 6.014 6.026 6.037 6.048 6.059 6.070 6.081 6.092 6.103 6.115 6.126 6.138 6.149 6.160 6.172 6.184 6.196 6.208 6.220 6.232 6.244 6.256 6.268 6.279 6.290 6.300 6.310 6.321 6.330 6.340 6.350 6.359 6.368 6.378 6.387 6.395 6.403 6.411 6.420 6.429 6.438 6.447 6.455 6.464 6.472 6.481 6.489 6.496 6.504 6.511 6.518 6.525 6.532 6.539 6.546 6.553 6.560 6.568 6.575 6.581 6.589 6.596 6.604 6.613 6.621
5.846 5.862 5.877 5.893 5.908 5.924 5.939 5.954 5.969 5.983 5.996 6.009 6.022 6.034 6.046 6.057 6.068 6.079 6.090 6.101 6.112 6.124 6.135 6.146 6.157 6.168 6.179 6.191 6.203 6.215 6.228 6.240 6.252 6.263 6.275 6.286 6.297 6.308 6.318 6.328 6.338 6.348 6.357 6.367 6.376 6.385 6.394 6.403 6.410 6.419 6.427 6.436 6.445 6.454 6.462 6.471 6.480 6.488 6.496 6.504 6.512 6.519 6.527 6.534 6.541 6.548 6.555 6.562 6.569 6.577 6.584 6.590 6.598 6.605 6.613 6.621 6.630
