TsunamiDB/out54052.asc
ncols          264
nrows          230
xllcorner      497853.4375
yllcorner      4229146.0000
cellsize         5.
NODATA_value   -99
[rows 32 to 63 of 230, columns 148 to 221 of 264]
5.015 5.043 5.070 5.097 5.124 5.149 5.176 5.203 5.229 5.256 5.283 5.309 5.336 5.363 5.390 5.417 5.444 5.470 5.497 5.523 5.549 5.575 5.600 5.625 5.649 5.673 5.695 5.716 5.736 5.754 5.772 5.788 5.803 5.816 5.828 5.838 5.848 5.857 5.866 5.875 5.885 5.896 5.909 5.923 5.939 5.957 5.976 5.995 6.016 6.037 6.058 6.078 6.099 6.120 6.141 6.161 6.181 6.200 6.219 6.236 6.254 6.270 6.286 6.302 6.317 6.333 6.348 6.365 6.383 6.402 6.422 6.444 6.468 6.492
5.030 5.057 5.083 5.109 5.134 5.159 5.185 5.211 5.236 5.262 5.288 5.314 5.340 5.366 5.393 5.419 5.446 5.472 5.499 5.525 5.551 5.577 5.603 5.628 5.653 5.677 5.700 5.722 5.742 5.763 5.782 5.800 5.816 5.830 5.843 5.855 5.865 5.875 5.883 5.892 5.901 5.910 5.921 5.933 5.947 5.962 5.979 5.996 6.016 6.035 6.055 6.075 6.095 6.116 6.137 6.157 6.177 6.197 6.216 6.234 6.252 6.269 6.286 6.302 6.318 6.334 6.350 6.367 6.384 6.403 6.423 6.444 6.468 6.492
5.046 5.072 5.098 5.123 5.147 5.171 5.196 5.220 5.245 5.270 5.295 5.320 5.345 5.370 5.396 5.422 5.448 5.474 5.500 5.526 5.553 5.578 5.604 5.630 5.655 5.679 5.703 5.726 5.747 5.768 5.789 5.808 5.826 5.842 5.856 5.869 5.881 5.891 5.900 5.909 5.917 5.925 5.935 5.945 5.957 5.970 5.984 6.000 6.018 6.036 6.054 6.073 6.093 6.113 6.134 6.154 6.174 6.194 6.213 6.232 6.251 6.268 6.285 6.302 6.319 6.335 6.351 6.368 6.386 6.404 6.424 6.445 6.468 6.492
5.064 5.089 5.114 5.138 5.161 5.184 5.208 5.232 5.255 5.279 5.303 5.327 5.351 5.375 5.400 5.425 5.451 5.476 5.502 5.528 5.554 5.579 5.605 5.630 5.656 5.681 5.705 5.728 5.750 5.772 5.794 5.814 5.833 5.850 5.866 5.881 5.894 5.905 5.915 5.924 5.933 5.941 5.950 5.959 5.969 5.980 5.993 6.007 6.022 6.039 6.056 6.074 6.093 6.112 6.132 6.152 6.173 6.192 6.212 6.231 6.250 6.268 6.285 6.303 6.320 6.336 6.353 6.370 6.388 6.406 6.426 6.447 6.469 6.492
5.083 5.107 5.131 5.155 5.177 5.199 5.222 5.244 5.267 5.290 5.312 5.335 5.358 5.382 5.406 5.430 5.454 5.479 5.504 5.529 5.555 5.580 5.606 5.631 5.656 5.681 5.706 5.729 5.752 5.775 5.797 5.818 5.838 5.857 5.874 5.890 5.904 5.917 5.929 5.939 5.948 5.956 5.965 5.973 5.982 5.992 6.003 6.016 6.030 6.045 6.061 6.077 6.095 6.114 6.133 6.153 6.173 6.192 6.212 6.231 6.250 6.269 6.287 6.304 6.321 6.338 6.355 6.373 6.390 6.409 6.428 6.449 6.471 6.494
5.102 5.126 5.150 5.173 5.194 5.216 5.237 5.259 5.281 5.302 5.324 5.346 5.368 5.390 5.413 5.436 5.459 5.483 5.507 5.532 5.557 5.581 5.606 5.631 5.656 5.681 5.706 5.730 5.753 5.776 5.798 5.820 5.841 5.861 5.880 5.897 5.913 5.927 5.940 5.951 5.962 5.971 5.979 5.988 5.996 6.006 6.016 6.027 6.039 6.053 6.067 6.083 6.100 6.118 6.136 6.156 6.175 6.195 6.214 6.233 6.252 6.271 6.289 6.307 6.325 6.342 6.359 6.377 6.395 6.413 6.433 6.453 6.475 6.498
5.123 5.146 5.169 5.192 5.213 5.233 5.255 5.275 5.296 5.317 5.338 5.358 5.379 5.400 5.422 5.444 5.466 5.489 5.512 5.536 5.559 5.584 5.608 5.632 5.657 5.682 5.706 5.730 5.753 5.776 5.799 5.822 5.844 5.864 5.884 5.902 5.919 5.935 5.949 5.962 5.974 5.984 5.993 6.002 6.011 6.020 6.029 6.040 6.051 6.064 6.077 6.091 6.107 6.124 6.142 6.161 6.180 6.199 6.219 6.238 6.257 6.276 6.294 6.313 6.330 6.348 6.365 6.383 6.401 6.419 6.439 6.460 6.482 6.504
5.143 5.166 5.189 5.211 5.232 5.252 5.273 5.293 5.314 5.333 5.353 5.373 5.393 5.413 5.433 5.454 5.475 5.497 5.518 5.541 5.564 5.587 5.610 5.634 5.658 5.683 5.707 5.730 5.753 5.777 5.800 5.823 5.845 5.867 5.887 5.906 5.925 5.941 5.957 5.971 5.984 5.996 6.006 6.016 6.025 6.034 6.044 6.054 6.064 6.076 6.088 6.101 6.117 6.133 6.150 6.169 6.187 6.206 6.226 6.245 6.264 6.283 6.302 6.320 6.338 6.356 6.374 6.392 6.410 6.428 6.448 6.469 6.490 6.512
5.164 5.187 5.210 5.232 5.252 5.272 5.293 5.313 5.332 5.352 5.371 5.390 5.409 5.428 5.447 5.467 5.486 5.506 5.527 5.548 5.570 5.592 5.614 5.637 5.661 5.684 5.708 5.731 5.754 5.778 5.801 5.824 5.847 5.868 5.890 5.910 5.929 5.947 5.964 5.979 5.993 6.006 6.018 6.029 6.039 6.049 6.059 6.069 6.079 6.090 6.102 6.114 6.129 6.144 6.161 6.179 6.197 6.216 6.236 6.255 6.274 6.293 6.312 6.331 6.349 6.367 6.385 6.403 6.421 6.440 6.460 6.480 6.501 6.523
5.185 5.208 5.230 5.252 5.273 5.293 5.313 5.333 5.352 5.371 5.390 5.409 5.427 5.445 5.463 5.482 5.500 5.519 5.538 5.558 5.578 5.599 5.620 5.642 5.665 5.687 5.711 5.733 5.756 5.779 5.802 5.826 5.848 5.870 5.892 5.913 5.933 5.952 5.970 5.986 6.002 6.016 6.029 6.041 6.053 6.063 6.074 6.084 6.095 6.106 6.116 6.129 6.143 6.158 6.174 6.192 6.210 6.229 6.248 6.267 6.287 6.306 6.325 6.344 6.363 6.381 6.399 6.417 6.436 6.454 6.474 6.494 6.515 6.537
5.206 5.229 5.251 5.273 5.293 5.313 5.334 5.354 5.373 5.392 5.410 5.429 5.447 5.464 5.482 5.499 5.516 5.534 5.552 5.570 5.589 5.608 5.628 5.649 5.671 5.692 5.715 5.736 5.759 5.782 5.805 5.828 5.851 5.873 5.895 5.916 5.937 5.957 5.975 5.993 6.010 6.025 6.040 6.053 6.065 6.077 6.089 6.100 6.111 6.122 6.132 6.145 6.158 6.173 6.189 6.206 6.224 6.243 6.262 6.282 6.302 6.321 6.341 6.360 6.379 6.398 6.416 6.434 6.453 6.472 6.491 6.511 6.532 6.554
5.226 5.249 5.271 5.293 5.314 5.334 5.354 5.374 5.394 5.413 5.432 5.450 5.467 5.485 5.502 5.518 5.535 5.551 5.568 5.585 5.602 5.620 5.639 5.659 5.679 5.699 5.720 5.741 5.763 5.785 5.808 5.831 5.854 5.876 5.898 5.920 5.941 5.962 5.981 6.000 6.018 6.034 6.050 6.064 6.078 6.091 6.103 6.115 6.127 6.138 6.149 6.162 6.175 6.190 6.206 6.223 6.241 6.260 6.279 6.299 6.319 6.339 6.359 6.378 6.398 6.417 6.436 6.454 6.473 6.491 6.511 6.531 6.551 6.573
5.246 5.269 5.291 5.313 5.334 5.354 5.375 5.395 5.415 5.434 5.453 5.472 5.489 5.506 5.523 5.539 5.555 5.571 5.587 5.603 5.619 5.635 5.653 5.671 5.689 5.709 5.729 5.748 5.769 5.791 5.813 5.835 5.858 5.880 5.903 5.925 5.946 5.967 5.988 6.007 6.026 6.043 6.060 6.076 6.090 6.104 6.118 6.130 6.143 6.155 6.166 6.179 6.193 6.208 6.224 6.241 6.259 6.278 6.297 6.317 6.337 6.358 6.378 6.399 6.418 6.438 6.457 6.476 6.495 6.514 6.533 6.553 6.573 6.594
5.266 5.289 5.311 5.333 5.354 5.374 5.395 5.416 5.436 5.456 5.475 5.493 5.511 5.529 5.546 5.562 5.577 5.593 5.608 5.623 5.638 5.653 5.669 5.685 5.703 5.721 5.739 5.757 5.777 5.798 5.819 5.841 5.864 5.886 5.908 5.930 5.952 5.974 5.994 6.015 6.034 6.052 6.070 6.087 6.103 6.118 6.132 6.146 6.159 6.172 6.184 6.197 6.212 6.227 6.243 6.260 6.278 6.297 6.317 6.337 6.358 6.379 6.400 6.420 6.441 6.461 6.481 6.500 6.519 6.538 6.557 6.577 6.597 6.617
5.286 5.308 5.331 5.352 5.373 5.394 5.415 5.436 5.456 5.477 5.496 5.515 5.534 5.551 5.568 5.585 5.600 5.615 5.630 5.644 5.659 5.673 5.688 5.703 5.719 5.735 5.752 5.769 5.787 5.807 5.828 5.849 5.871 5.893 5.915 5.937 5.959 5.981 6.002 6.023 6.043 6.062 6.080 6.098 6.115 6.131 6.146 6.161 6.175 6.189 6.202 6.216 6.230 6.246 6.262 6.280 6.298 6.317 6.337 6.358 6.379 6.400 6.422 6.443 6.465 6.485 6.506 6.526 6.545 6.564 6.583 6.603 6.622 6.642
5.305 5.328 5.350 5.372 5.392 5.413 5.435 5.456 5.476 5.497 5.517 5.536 5.555 5.573 5.591 5.608 5.624 5.639 5.654 5.668 5.682 5.695 5.709 5.723 5.738 5.753 5.767 5.783 5.800 5.819 5.838 5.859 5.880 5.901 5.923 5.945 5.967 5.989 6.010 6.031 6.052 6.072 6.091 6.109 6.127 6.144 6.160 6.176 6.191 6.206 6.219 6.234 6.249 6.265 6.282 6.300 6.318 6.338 6.358 6.379 6.401 6.423 6.445 6.467 6.489 6.511 6.532 6.552 6.572 6.592 6.611 6.630 6.649 6.669
5.325 5.347 5.369 5.391 5.411 5.432 5.454 5.475 5.496 5.516 5.537 5.557 5.576 5.595 5.613 5.630 5.647 5.663 5.678 5.692 5.706 5.719 5.732 5.745 5.759 5.773 5.786 5.800 5.816 5.833 5.851 5.871 5.891 5.911 5.932 5.954 5.976 5.998 6.019 6.041 6.062 6.082 6.102 6.121 6.140 6.157 6.175 6.191 6.208 6.223 6.237 6.252 6.268 6.285 6.302 6.320 6.339 6.359 6.380 6.401 6.423 6.446 6.469 6.492 6.515 6.537 6.559 6.580 6.600 6.620 6.640 6.660 6.678 6.697
5.345 5.367 5.389 5.410 5.430 5.451 5.472 5.494 5.515 5.536 5.556 5.576 5.596 5.616 5.634 5.652 5.669 5.686 5.701 5.716 5.730 5.744 5.757 5.770 5.782 5.795 5.807 5.820 5.835 5.850 5.867 5.885 5.904 5.923 5.944 5.965 5.986 6.008 6.029 6.051 6.072 6.093 6.114 6.133 6.152 6.171 6.189 6.206 6.224 6.239 6.255 6.271 6.287 6.304 6.322 6.341 6.360 6.380 6.402 6.423 6.446 6.469 6.493 6.516 6.540 6.563 6.586 6.608 6.629 6.650 6.670 6.690 6.709 6.727
5.365 5.387 5.408 5.429 5.449 5.470 5.491 5.512 5.534 5.554 5.575 5.596 5.616 5.635 5.655 5.673 5.691 5.708 5.725 5.740 5.755 5.769 5.782 5.795 5.807 5.820 5.831 5.843 5.856 5.870 5.885 5.901 5.919 5.937 5.957 5.977 5.998 6.019 6.041 6.062 6.084 6.105 6.125 6.146 6.166 6.185 6.203 6.222 6.239 6.256 6.272 6.289 6.306 6.324 6.342 6.361 6.381 6.402 6.423 6.446 6.469 6.493 6.517 6.541 6.565 6.590 6.613 6.636 6.659 6.680 6.701 6.721 6.740 6.759
5.385 5.407 5.428 5.448 5.468 5.489 5.510 5.531 5.552 5.573 5.594 5.614 5.635 5.655 5.674 5.693 5.712 5.730 5.747 5.763 5.779 5.793 5.807 5.820 5.833 5.845 5.856 5.867 5.879 5.892 5.906 5.921 5.937 5.954 5.972 5.991 6.011 6.032 6.053 6.074 6.096 6.117 6.138 6.159 6.179 6.199 6.218 6.237 6.255 6.273 6.290 6.307 6.325 6.343 6.362 6.381 6.402 6.423 6.445 6.468 6.491 6.516 6.540 6.566 6.591 6.616 6.640 6.665 6.688 6.711 6.732 6.753 6.773 6.792
5.406 5.427 5.448 5.469 5.488 5.509 5.530 5.550 5.571 5.592 5.612 5.633 5.653 5.673 5.693 5.712 5.732 5.750 5.768 5.785 5.802 5.817 5.832 5.846 5.859 5.871 5.882 5.893 5.904 5.916 5.929 5.943 5.957 5.973 5.990 6.008 6.026 6.046 6.067 6.088 6.109 6.130 6.151 6.172 6.193 6.213 6.233 6.252 6.271 6.289 6.307 6.325 6.343 6.362 6.382 6.402 6.422 6.444 6.466 6.489 6.514 6.538 6.564 6.590 6.616 6.642 6.667 6.693 6.717 6.741 6.764 6.786 6.807 6.827
5.427 5.448 5.469 5.489 5.509 5.529 5.550 5.570 5.590 5.610 5.631 5.651 5.671 5.691 5.711 5.731 5.751 5.770 5.788 5.806 5.824 5.840 5.856 5.870 5.884 5.897 5.909 5.920 5.931 5.942 5.954 5.966 5.980 5.994 6.009 6.026 6.044 6.062 6.082 6.102 6.123 6.144 6.165 6.186 6.207 6.228 6.248 6.268 6.287 6.306 6.324 6.343 6.362 6.381 6.401 6.421 6.443 6.464 6.487 6.511 6.536 6.561 6.587 6.614 6.640 6.667 6.694 6.721 6.746 6.772 6.796 6.819 6.840 6.861
5.448 5.469 5.490 5.510 5.530 5.550 5.570 5.590 5.610 5.630 5.650 5.669 5.689 5.709 5.729 5.749 5.769 5.788 5.807 5.826 5.844 5.862 5.878 5.894 5.909 5.923 5.935 5.946 5.958 5.969 5.980 5.992 6.004 6.017 6.031 6.047 6.063 6.080 6.099 6.118 6.138 6.159 6.180 6.201 6.222 6.243 6.263 6.283 6.304 6.323 6.341 6.360 6.380 6.400 6.420 6.441 6.463 6.485 6.508 6.532 6.557 6.583 6.610 6.637 6.665 6.693 6.720 6.748 6.775 6.802 6.827 6.852 6.874 6.896
5.468 5.490 5.512 5.532 5.551 5.571 5.591 5.611 5.630 5.650 5.669 5.688 5.708 5.728 5.747 5.767 5.787 5.806 5.826 5.845 5.864 5.882 5.899 5.916 5.932 5.947 5.960 5.972 5.984 5.996 6.007 6.019 6.030 6.043 6.055 6.069 6.084 6.100 6.118 6.136 6.155 6.175 6.195 6.216 6.237 6.258 6.279 6.299 6.320 6.339 6.358 6.378 6.398 6.419 6.439 6.461 6.483 6.505 6.529 6.553 6.579 6.605 6.632 6.660 6.689 6.717 6.746 6.775 6.804 6.832 6.859 6.884 6.908 6.930
5.489 5.511 5.533 5.553 5.573 5.593 5.613 5.632 5.651 5.670 5.689 5.708 5.727 5.746 5.766 5.785 5.805 5.824 5.844 5.863 5.882 5.901 5.919 5.937 5.954 5.970 5.984 5.997 6.010 6.023 6.035 6.046 6.057 6.069 6.081 6.094 6.108 6.122 6.138 6.156 6.174 6.193 6.212 6.233 6.253 6.274 6.295 6.316 6.336 6.356 6.376 6.396 6.416 6.437 6.458 6.480 6.502 6.525 6.549 6.574 6.600 6.627 6.654 6.683 6.712 6.742 6.772 6.802 6.832 6.861 6.889 6.916 6.941 6.964
5.509 5.532 5.554 5.575 5.595 5.615 5.635 5.654 5.673 5.692 5.710 5.729 5.747 5.766 5.785 5.804 5.823 5.842 5.862 5.881 5.901 5.920 5.939 5.957 5.975 5.992 6.007 6.021 6.035 6.048 6.061 6.073 6.085 6.096 6.108 6.120 6.133 6.146 6.161 6.177 6.194 6.212 6.231 6.250 6.270 6.291 6.312 6.332 6.353 6.373 6.393 6.414 6.434 6.456 6.477 6.499 6.522 6.545 6.569 6.595 6.621 6.648 6.676 6.705 6.735 6.766 6.797 6.828 6.859 6.889 6.919 6.947 6.973 6.997
5.527 5.551 5.574 5.596 5.616 5.637 5.657 5.676 5.695 5.714 5.732 5.750 5.768 5.786 5.804 5.823 5.841 5.860 5.880 5.899 5.918 5.938 5.957 5.976 5.994 6.012 6.028 6.043 6.059 6.073 6.087 6.099 6.112 6.123 6.135 6.147 6.159 6.172 6.185 6.200 6.216 6.232 6.250 6.269 6.288 6.308 6.329 6.350 6.371 6.390 6.410 6.431 6.453 6.474 6.496 6.518 6.541 6.565 6.589 6.615 6.641 6.669 6.698 6.727 6.758 6.789 6.821 6.853 6.885 6.917 6.948 6.977 7.003 7.029
5.544 5.569 5.593 5.616 5.637 5.658 5.679 5.698 5.717 5.736 5.754 5.772 5.789 5.807 5.825 5.843 5.861 5.879 5.898 5.917 5.936 5.955 5.975 5.994 6.013 6.031 6.048 6.065 6.081 6.096 6.111 6.125 6.138 6.150 6.162 6.174 6.186 6.198 6.211 6.224 6.239 6.255 6.271 6.289 6.308 6.327 6.347 6.368 6.388 6.408 6.428 6.449 6.471 6.493 6.515 6.538 6.561 6.585 6.609 6.635 6.662 6.690 6.719 6.749 6.780 6.812 6.844 6.877 6.910 6.943 6.975 7.005 7.033 7.059
5.559 5.585 5.611 5.634 5.656 5.678 5.700 5.720 5.740 5.758 5.777 5.794 5.812 5.829 5.846 5.863 5.881 5.899 5.917 5.935 5.954 5.973 5.992 6.012 6.031 6.050 6.067 6.084 6.101 6.118 6.134 6.149 6.163 6.176 6.189 6.201 6.213 6.225 6.237 6.250 6.264 6.278 6.294 6.311 6.328 6.347 6.367 6.387 6.407 6.426 6.447 6.468 6.490 6.512 6.534 6.557 6.580 6.604 6.629 6.655 6.682 6.710 6.739 6.770 6.801 6.834 6.867 6.901 6.934 6.968 7.001 7.032 7.061 7.089
5.571 5.599 5.626 5.651 5.674 5.697 5.719 5.741 5.761 5.780 5.799 5.817 5.834 5.851 5.868 5.885 5.902 5.919 5.937 5.955 5.973 5.991 6.010 6.029 6.049 6.068 6.086 6.103 6.121 6.139 6.155 6.171 6.186 6.201 6.214 6.227 6.239 6.251 6.264 6.276 6.289 6.303 6.318 6.333 6.350 6.368 6.387 6.406 6.426 6.445 6.466 6.487 6.509 6.531 6.553 6.576 6.600 6.624 6.649 6.675 6.702 6.730 6.760 6.790 6.822 6.855 6.889 6.923 6.957 6.992 7.026 7.058 7.088 7.116
5.580 5.610 5.638 5.665 5.690 5.714 5.737 5.760 5.781 5.801 5.821 5.839 5.857 5.874 5.891 5.907 5.924 5.940 5.957 5.974 5.992 6.010 6.029 6.047 6.066 6.085 6.103 6.121 6.140 6.158 6.175 6.192 6.208 6.224 6.238 6.252 6.265 6.278 6.290 6.302 6.315 6.328 6.342 6.357 6.373 6.390 6.408 6.427 6.446 6.465 6.485 6.506 6.528 6.550 6.573 6.596 6.619 6.644 6.669 6.695 6.722 6.750 6.780 6.810 6.842 6.875 6.909 6.944 6.979 7.014 7.049 7.082 7.114 7.143
5.586 5.618 5.648 5.676 5.702 5.728 5.753 5.777 5.799 5.821 5.841 5.860 5.879 5.896 5.913 5.930 5.946 5.962 5.979 5.995 6.012 6.029 6.047 6.066 6.084 6.103 6.121 6.139 6.158 6.176 6.195 6.212 6.229 6.246 6.261 6.276 6.290 6.303 6.316 6.328 6.341 6.354 6.368 6.382 6.397 6.413 6.430 6.449 6.467 6.485 6.505 6.526 6.548 6.570 6.592 6.615 6.639 6.663 6.688 6.714 6.741 6.769 6.799 6.830 6.862 6.895 6.929 6.964 7.000 7.036 7.072 7.106 7.138 7.169
