TsunamiDB/out54014.asc
ncols          264
nrows          230
xllcorner      497853.4375
yllcorner      4229146.0000
cellsize         5.
NODATA_value   -99
[rows 62 to 92 of 230, columns 140 to 209 of 264]
-99.000 -99.000 -99.000 -99.000 -99.000 -99.000 -99.000 -99.000 -99.000 -99.000 -99.000 -99.000 -99.000 -99.000 -99.000 -99.000 -99.000 -99.000 -99.000 -99.000 -99.000 -99.000 -99.000 -99.000 -99.000 -99.000 -99.000 -99.000 -99.000 -99.000 -99.000 -99.000 -99.000 -99.000 -99.000 -99.000 -99.000 -99.000 1.643 1.648 1.699 1.847 2.089 2.397 2.737 3.070 3.371 3.625 3.830 3.994 4.124 4.230 4.318 4.394 4.462 4.524 4.581 4.635 4.687 4.737 4.785 4.832 4.877 4.921 4.963 5.003 5.041 5.076 5.109 5.138
-99.000 -99.000 -99.000 -99.000 -99.000 -99.000 -99.000 -99.000 -99.000 -99.000 -99.000 -99.000 -99.000 -99.000 -99.000 -99.000 -99.000 -99.000 -99.000 -99.000 -99.000 -99.000 -99.000 -99.000 -99.000 -99.000 -99.000 -99.000 -99.000 -99.000 -99.000 -99.000 -99.000 -99.000 -99.000 -99.000 -99.000 -99.000 1.644 1.659 1.745 1.932 2.204 2.530 2.872 3.194 3.478 3.713 3.901 4.051 4.171 4.270 4.353 4.425 4.491 4.551 4.606 4.659 4.710 4.760 4.808 4.854 4.899 4.943 4.986 5.026 5.065 5.102 5.135 5.165
-99.000 -99.000 -99.000 -99.000 -99.000 -99.000 -99.000 -99.000 -99.000 -99.000 -99.000 -99.000 -99.000 -99.000 -99.000 -99.000 -99.000 -99.000 -99.000 -99.000 -99.000 -99.000 -99.000 -99.000 -99.000 -99.000 -99.000 -99.000 -99.000 -99.000 -99.000 -99.000 -99.000 -99.000 -99.000 -99.000 -99.000 1.643 1.646 1.681 1.807 2.031 2.327 2.665 3.003 3.312 3.577 3.793 3.966 4.104 4.215 4.307 4.386 4.456 4.519 4.577 4.631 4.683 4.734 4.783 4.830 4.876 4.922 4.966 5.008 5.050 5.089 5.127 5.161 5.192
-99.000 -99.000 -99.000 -99.000 -99.000 -99.000 -99.000 -99.000 -99.000 -99.000 -99.000 -99.000 -99.000 -99.000 -99.000 -99.000 -99.000 -99.000 -99.000 -99.000 -99.000 -99.000 -99.000 -99.000 -99.000 -99.000 -99.000 -99.000 -99.000 -99.000 -99.000 -99.000 -99.000 -99.000 -99.000 -99.000 -99.000 1.643 1.652 1.718 1.885 2.141 2.458 2.800 3.129 3.421 3.667 3.866 4.025 4.152 4.256 4.343 4.418 4.486 4.547 4.604 4.657 4.708 4.758 4.806 4.853 4.899 4.944 4.988 5.031 5.073 5.113 5.152 5.187 5.219
-99.000 -99.000 -99.000 -99.000 -99.000 -99.000 -99.000 -99.000 -99.000 -99.000 -99.000 -99.000 -99.000 -99.000 -99.000 -99.000 -99.000 -99.000 -99.000 -99.000 -99.000 -99.000 -99.000 -99.000 -99.000 -99.000 -99.000 -99.000 -99.000 -99.000 -99.000 -99.000 -99.000 -99.000 -99.000 -99.000 -99.000 1.644 1.668 1.772 1.977 2.260 2.592 2.932 3.248 3.523 3.750 3.933 4.079 4.197 4.294 4.377 4.450 4.515 4.575 4.631 4.683 4.733 4.782 4.830 4.876 4.922 4.967 5.011 5.055 5.097 5.138 5.177 5.214 5.248
-99.000 -99.000 -99.000 -99.000 -99.000 -99.000 -99.000 -99.000 -99.000 -99.000 -99.000 -99.000 -99.000 -99.000 -99.000 -99.000 -99.000 -99.000 -99.000 -99.000 -99.000 -99.000 -99.000 -99.000 -99.000 -99.000 -99.000 -99.000 -99.000 -99.000 -99.000 -99.000 -99.000 -99.000 -99.000 -99.000 1.643 1.648 1.697 1.842 2.082 2.388 2.728 3.061 3.361 3.617 3.825 3.993 4.128 4.238 4.330 4.410 4.480 4.544 4.603 4.658 4.710 4.759 4.808 4.854 4.901 4.946 4.991 5.035 5.078 5.121 5.163 5.204 5.242 5.277
-99.000 -99.000 -99.000 -99.000 -99.000 -99.000 -99.000 -99.000 -99.000 -99.000 -99.000 -99.000 -99.000 -99.000 -99.000 -99.000 -99.000 -99.000 -99.000 -99.000 -99.000 -99.000 -99.000 -99.000 -99.000 -99.000 -99.000 -99.000 -99.000 -99.000 -99.000 -99.000 -99.000 -99.000 -99.000 -99.000 1.644 1.659 1.743 1.928 2.198 2.523 2.863 3.184 3.467 3.703 3.894 4.048 4.173 4.276 4.364 4.440 4.509 4.572 4.631 4.685 4.736 4.785 4.833 4.879 4.925 4.970 5.015 5.059 5.103 5.147 5.189 5.231 5.271 5.308
-99.000 -99.000 -99.000 -99.000 -99.000 -99.000 -99.000 -99.000 -99.000 -99.000 -99.000 -99.000 -99.000 -99.000 -99.000 -99.000 -99.000 -99.000 -99.000 -99.000 -99.000 -99.000 -99.000 -99.000 -99.000 -99.000 -99.000 -99.000 -99.000 -99.000 -99.000 -99.000 -99.000 -99.000 -99.000 1.643 1.646 1.681 1.806 2.029 2.325 2.660 2.995 3.302 3.565 3.782 3.957 4.098 4.214 4.311 4.395 4.469 4.537 4.599 4.657 4.711 4.762 4.810 4.858 4.904 4.950 4.995 5.039 5.084 5.128 5.172 5.216 5.259 5.300 5.339
-99.000 -99.000 -99.000 -99.000 -99.000 -99.000 -99.000 -99.000 -99.000 -99.000 -99.000 -99.000 -99.000 -99.000 -99.000 -99.000 -99.000 -99.000 -99.000 -99.000 -99.000 -99.000 -99.000 -99.000 -99.000 -99.000 -99.000 -99.000 -99.000 -99.000 -99.000 -99.000 -99.000 -99.000 -99.000 1.643 1.652 1.719 1.886 2.143 2.460 2.799 3.124 3.414 3.658 3.856 4.016 4.145 4.252 4.344 4.424 4.496 4.563 4.624 4.682 4.736 4.787 4.835 4.883 4.929 4.974 5.019 5.063 5.108 5.152 5.197 5.242 5.286 5.329 5.370
-99.000 -99.000 -99.000 -99.000 -99.000 -99.000 -99.000 -99.000 -99.000 -99.000 -99.000 -99.000 -99.000 -99.000 -99.000 -99.000 -99.000 -99.000 -99.000 -99.000 -99.000 -99.000 -99.000 -99.000 -99.000 -99.000 -99.000 -99.000 -99.000 -99.000 -99.000 -99.000 -99.000 -99.000 -99.000 1.644 1.669 1.775 1.983 2.268 2.600 2.937 3.250 3.520 3.744 3.925 4.070 4.188 4.288 4.374 4.451 4.522 4.587 4.647 4.705 4.759 4.810 4.858 4.906 4.952 4.997 5.042 5.086 5.131 5.176 5.221 5.266 5.312 5.356 5.399
-99.000 -99.000 -99.000 -99.000 -99.000 -99.000 -99.000 -99.000 -99.000 -99.000 -99.000 -99.000 -99.000 -99.000 -99.000 -99.000 -99.000 -99.000 -99.000 -99.000 -99.000 -99.000 -99.000 -99.000 -99.000 -99.000 -99.000 -99.000 -99.000 -99.000 -99.000 -99.000 -99.000 -99.000 1.643 1.649 1.700 1.850 2.093 2.403 2.742 3.073 3.370 3.621 3.825 3.989 4.121 4.229 4.322 4.403 4.477 4.545 4.609 4.669 4.726 4.780 4.830 4.879 4.927 4.973 5.018 5.062 5.107 5.152 5.197 5.242 5.288 5.335 5.381 5.426
-99.000 -99.000 -99.000 -99.000 -99.000 -99.000 -99.000 -99.000 -99.000 -99.000 -99.000 -99.000 -99.000 -99.000 -99.000 -99.000 -99.000 -99.000 -99.000 -99.000 -99.000 -99.000 -99.000 -99.000 -99.000 -99.000 -99.000 -99.000 -99.000 -99.000 -99.000 -99.000 -99.000 -99.000 1.644 1.660 1.750 1.942 2.217 2.546 2.886 3.206 3.485 3.715 3.901 4.049 4.169 4.269 4.355 4.431 4.502 4.567 4.630 4.689 4.745 4.799 4.849 4.898 4.945 4.992 5.037 5.081 5.125 5.170 5.215 5.261 5.307 5.354 5.402 5.448
-99.000 -99.000 -99.000 -99.000 -99.000 -99.000 -99.000 -99.000 -99.000 -99.000 -99.000 -99.000 -99.000 -99.000 -99.000 -99.000 -99.000 -99.000 -99.000 -99.000 -99.000 -99.000 -99.000 -99.000 -99.000 -99.000 -99.000 -99.000 -99.000 -99.000 -99.000 -99.000 -99.000 1.643 1.646 1.686 1.818 2.049 2.352 2.692 3.029 3.334 3.593 3.804 3.972 4.106 4.215 4.306 4.386 4.459 4.526 4.589 4.650 4.707 4.762 4.816 4.866 4.914 4.962 5.008 5.053 5.097 5.141 5.185 5.230 5.276 5.323 5.370 5.418 5.467
-99.000 -99.000 -99.000 -99.000 -99.000 -99.000 -99.000 -99.000 -99.000 -99.000 -99.000 -99.000 -99.000 -99.000 -99.000 -99.000 -99.000 -99.000 -99.000 -99.000 -99.000 -99.000 -99.000 -99.000 -99.000 -99.000 -99.000 -99.000 -99.000 -99.000 -99.000 -99.000 -99.000 1.643 1.655 1.729 1.905 2.170 2.496 2.840 3.168 3.456 3.695 3.887 4.038 4.159 4.258 4.343 4.418 4.486 4.550 4.611 4.669 4.725 4.779 4.832 4.881 4.929 4.976 5.022 5.066 5.110 5.154 5.197 5.242 5.287 5.334 5.382 5.431 5.480
-99.000 -99.000 -99.000 -99.000 -99.000 -99.000 -99.000 -99.000 -99.000 -99.000 -99.000 -99.000 -99.000 -99.000 -99.000 -99.000 -99.000 -99.000 -99.000 -99.000 -99.000 -99.000 -99.000 -99.000 -99.000 -99.000 -99.000 -99.000 -99.000 -99.000 -99.000 -99.000 -99.000 1.645 1.674 1.791 2.008 2.304 2.645 2.988 3.303 3.571 3.790 3.963 4.100 4.209 4.300 4.379 4.449 4.514 4.575 4.633 4.689 4.744 4.797 4.848 4.896 4.944 4.990 5.035 5.079 5.122 5.164 5.207 5.251 5.296 5.342 5.389 5.439 5.489
-99.000 -99.000 -99.000 -99.000 -99.000 -99.000 -99.000 -99.000 -99.000 -99.000 -99.000 -99.000 -99.000 -99.000 -99.000 -99.000 -99.000 -99.000 -99.000 -99.000 -99.000 -99.000 -99.000 -99.000 -99.000 -99.000 -99.000 -99.000 -99.000 -99.000 -99.000 -99.000 1.644 1.651 1.711 1.872 2.126 2.447 2.796 3.132 3.431 3.679 3.878 4.034 4.157 4.257 4.341 4.414 4.480 4.542 4.600 4.656 4.711 4.763 4.815 4.864 4.911 4.959 5.004 5.048 5.091 5.133 5.174 5.216 5.258 5.301 5.346 5.393 5.442 5.493
-99.000 -99.000 -99.000 -99.000 -99.000 -99.000 -99.000 -99.000 -99.000 -99.000 -99.000 -99.000 -99.000 -99.000 -99.000 -99.000 -99.000 -99.000 -99.000 -99.000 -99.000 -99.000 -99.000 -99.000 -99.000 -99.000 -99.000 -99.000 -99.000 -99.000 -99.000 -99.000 1.645 1.666 1.767 1.971 2.257 2.597 2.947 3.272 3.551 3.778 3.958 4.099 4.211 4.302 4.380 4.449 4.511 4.570 4.626 4.680 4.733 4.784 4.834 4.882 4.929 4.975 5.019 5.063 5.104 5.145 5.185 5.224 5.264 5.306 5.349 5.394 5.442 5.492
-99.000 -99.000 -99.000 -99.000 -99.000 -99.000 -99.000 -99.000 -99.000 -99.000 -99.000 -99.000 -99.000 -99.000 -99.000 -99.000 -99.000 -99.000 -99.000 -99.000 -99.000 -99.000 -99.000 -99.000 -99.000 -99.000 -99.000 -99.000 -99.000 -99.000 -99.000 1.644 1.649 1.696 1.842 2.085 2.399 2.751 3.096 3.404 3.663 3.870 4.032 4.159 4.261 4.345 4.418 4.482 4.542 4.599 4.653 4.705 4.756 4.806 4.855 4.902 4.948 4.993 5.037 5.079 5.120 5.159 5.197 5.234 5.271 5.310 5.350 5.392 5.438 5.488
-99.000 -99.000 -99.000 -99.000 -99.000 -99.000 -99.000 -99.000 -99.000 -99.000 -99.000 -99.000 -99.000 -99.000 -99.000 -99.000 -99.000 -99.000 -99.000 -99.000 -99.000 -99.000 -99.000 -99.000 -99.000 -99.000 -99.000 -99.000 -99.000 -99.000 -99.000 1.645 1.660 1.745 1.935 2.212 2.548 2.904 3.239 3.529 3.766 3.954 4.100 4.215 4.308 4.386 4.454 4.516 4.573 4.627 4.680 4.731 4.780 4.829 4.877 4.923 4.969 5.014 5.057 5.099 5.139 5.176 5.212 5.246 5.280 5.315 5.351 5.390 5.432 5.479
-99.000 -99.000 -99.000 -99.000 -99.000 -99.000 -99.000 -99.000 -99.000 -99.000 -99.000 -99.000 -99.000 -99.000 -99.000 -99.000 -99.000 -99.000 -99.000 -99.000 -99.000 -99.000 -99.000 -99.000 -99.000 -99.000 -99.000 -99.000 -99.000 -99.000 1.644 1.647 1.683 1.813 2.043 2.349 2.702 3.055 3.375 3.644 3.861 4.030 4.162 4.267 4.352 4.425 4.489 4.548 4.603 4.656 4.707 4.757 4.805 4.853 4.901 4.947 4.992 5.037 5.080 5.121 5.160 5.196 5.230 5.262 5.292 5.321 5.352 5.386 5.425 5.469
-99.000 -99.000 -99.000 -99.000 -99.000 -99.000 -99.000 -99.000 -99.000 -99.000 -99.000 -99.000 -99.000 -99.000 -99.000 -99.000 -99.000 -99.000 -99.000 -99.000 -99.000 -99.000 -99.000 -99.000 -99.000 -99.000 -99.000 -99.000 -99.000 -99.000 1.644 1.655 1.725 1.900 2.165 2.495 2.856 3.200 3.502 3.751 3.947 4.100 4.220 4.315 4.395 4.463 4.524 4.580 4.633 4.684 4.734 4.783 4.831 4.878 4.925 4.970 5.016 5.060 5.104 5.145 5.184 5.219 5.251 5.279 5.305 5.330 5.355 5.384 5.417 5.457
-99.000 -99.000 -99.000 -99.000 -99.000 -99.000 -99.000 -99.000 -99.000 -99.000 -99.000 -99.000 -99.000 -99.000 -99.000 -99.000 -99.000 -99.000 -99.000 -99.000 -99.000 -99.000 -99.000 -99.000 -99.000 -99.000 -99.000 -99.000 -99.000 1.644 1.646 1.673 1.786 2.002 2.297 2.646 3.007 3.338 3.620 3.848 4.026 4.164 4.273 4.361 4.435 4.500 4.558 4.612 4.664 4.713 4.762 4.809 4.857 4.903 4.950 4.995 5.040 5.085 5.128 5.170 5.208 5.243 5.273 5.299 5.322 5.341 5.361 5.383 5.410 5.445
-99.000 -99.000 -99.000 -99.000 -99.000 -99.000 -99.000 -99.000 -99.000 -99.000 -99.000 -99.000 -99.000 -99.000 -99.000 -99.000 -99.000 -99.000 -99.000 -99.000 -99.000 -99.000 -99.000 -99.000 -99.000 -99.000 -99.000 -99.000 -99.000 1.644 1.651 1.708 1.865 2.117 2.438 2.799 3.154 3.468 3.729 3.936 4.097 4.223 4.323 4.405 4.474 4.536 4.592 4.644 4.694 4.742 4.790 4.837 4.883 4.929 4.975 5.020 5.065 5.110 5.153 5.195 5.233 5.268 5.297 5.321 5.340 5.355 5.369 5.385 5.406 5.435
-99.000 -99.000 -99.000 -99.000 -99.000 -99.000 -99.000 -99.000 -99.000 -99.000 -99.000 -99.000 -99.000 -99.000 -99.000 -99.000 -99.000 -99.000 -99.000 -99.000 -99.000 -99.000 -99.000 -99.000 -99.000 -99.000 -99.000 -99.000 -99.000 1.645 1.664 1.760 1.959 2.243 2.585 2.950 3.293 3.588 3.827 4.016 4.162 4.277 4.369 4.446 4.512 4.571 4.625 4.676 4.725 4.772 4.818 4.864 4.910 4.956 5.001 5.046 5.090 5.135 5.179 5.220 5.259 5.293 5.322 5.345 5.361 5.373 5.382 5.392 5.406 5.429
-99.000 -99.000 -99.000 -99.000 -99.000 -99.000 -99.000 -99.000 -99.000 -99.000 -99.000 -99.000 -99.000 -99.000 -99.000 -99.000 -99.000 -99.000 -99.000 -99.000 -99.000 -99.000 -99.000 -99.000 -99.000 -99.000 -99.000 -99.000 1.644 1.648 1.691 1.831 2.068 2.379 2.736 3.098 3.424 3.698 3.916 4.087 4.221 4.326 4.412 4.485 4.548 4.605 4.658 4.708 4.755 4.802 4.847 4.893 4.938 4.983 5.028 5.072 5.117 5.161 5.205 5.246 5.285 5.319 5.348 5.370 5.386 5.395 5.401 5.406 5.416 5.433
-99.000 -99.000 -99.000 -99.000 -99.000 -99.000 -99.000 -99.000 -99.000 -99.000 -99.000 -99.000 -99.000 -99.000 -99.000 -99.000 -99.000 -99.000 -99.000 -99.000 -99.000 -99.000 -99.000 -99.000 -99.000 -99.000 -99.000 -99.000 1.644 1.657 1.736 1.918 2.188 2.521 2.886 3.239 3.545 3.797 3.997 4.152 4.274 4.372 4.453 4.522 4.583 4.639 4.691 4.739 4.786 4.832 4.877 4.921 4.966 5.011 5.055 5.099 5.143 5.188 5.231 5.273 5.311 5.346 5.375 5.398 5.414 5.423 5.428 5.431 5.437 5.449
-99.000 -99.000 -99.000 -99.000 -99.000 -99.000 -99.000 -99.000 -99.000 -99.000 -99.000 -99.000 -99.000 -99.000 -99.000 -99.000 -99.000 -99.000 -99.000 -99.000 -99.000 -99.000 -99.000 -99.000 -99.000 -99.000 -99.000 1.644 1.646 1.677 1.798 2.020 2.318 2.669 3.034 3.371 3.657 3.887 4.068 4.210 4.322 4.414 4.491 4.558 4.617 4.672 4.723 4.771 4.817 4.862 4.907 4.951 4.995 5.039 5.083 5.127 5.171 5.215 5.258 5.300 5.339 5.375 5.405 5.429 5.446 5.457 5.463 5.466 5.471 5.480
-99.000 -99.000 -99.000 -99.000 -99.000 -99.000 -99.000 -99.000 -99.000 -99.000 -99.000 -99.000 -99.000 -99.000 -99.000 -99.000 -99.000 -99.000 -99.000 -99.000 -99.000 -99.000 -99.000 -99.000 -99.000 -99.000 -99.000 1.644 1.652 1.714 1.877 2.133 2.456 2.818 3.177 3.495 3.758 3.968 4.132 4.262 4.366 4.453 4.526 4.591 4.650 4.704 4.754 4.801 4.847 4.892 4.936 4.980 5.023 5.067 5.112 5.155 5.199 5.243 5.286 5.328 5.368 5.404 5.436 5.462 5.482 5.496 5.505 5.511 5.517 5.525
-99.000 -99.000 -99.000 -99.000 -99.000 -99.000 -99.000 -99.000 -99.000 -99.000 -99.000 -99.000 -99.000 -99.000 -99.000 -99.000 -99.000 -99.000 -99.000 -99.000 -99.000 -99.000 -99.000 -99.000 -99.000 -99.000 -99.000 1.645 1.666 1.767 1.971 2.257 2.600 2.966 3.312 3.609 3.850 4.041 4.190 4.309 4.407 4.489 4.560 4.623 4.680 4.734 4.784 4.831 4.877 4.921 4.965 5.009 5.052 5.096 5.140 5.183 5.227 5.271 5.315 5.357 5.397 5.434 5.468 5.497 5.520 5.538 5.552 5.562 5.572 5.582
-99.000 -99.000 -99.000 -99.000 -99.000 -99.000 -99.000 -99.000 -99.000 -99.000 -99.000 -99.000 -99.000 -99.000 -99.000 -99.000 -99.000 -99.000 -99.000 -99.000 -99.000 -99.000 -99.000 -99.000 -99.000 -99.000 1.644 1.648 1.694 1.837 2.078 2.390 2.747 3.111 3.439 3.714 3.933 4.106 4.243 4.353 4.444 4.522 4.590 4.652 4.709 4.762 4.812 4.859 4.905 4.949 4.993 5.036 5.080 5.123 5.167 5.210 5.254 5.299 5.342 5.385 5.426 5.464 5.500 5.531 5.559 5.581 5.601 5.617 5.632 5.646
-99.000 -99.000 -99.000 -99.000 -99.000 -99.000 -99.000 -99.000 -99.000 -99.000 -99.000 -99.000 -99.000 -99.000 -99.000 -99.000 -99.000 -99.000 -99.000 -99.000 -99.000 -99.000 -99.000 -99.000 -99.000 -99.000 1.644 1.658 1.738 1.923 2.195 2.530 2.896 3.250 3.558 3.810 4.009 4.166 4.291 4.393 4.478 4.553 4.619 4.680 4.736 4.789 4.839 4.886 4.932 4.976 5.020 5.063 5.106 5.149 5.193 5.236 5.280 5.325 5.369 5.412 5.453 5.493 5.530 5.565 5.596 5.624 5.649 5.672 5.693 5.713
