TsunamiDB/out54040.asc
ncols          264
nrows          230
xllcorner      497853.4375
yllcorner      4229146.0000
cellsize         5.
NODATA_value   -99
[rows 128 to 159 of 230, columns 72 to 143 of 264]
-99.000 -99.000 -99.000 -99.000 -99.000 -99.000 -99.000 -99.000 -99.000 -99.000 -99.000 -99.000 -99.000 -99.000 -99.000 -99.000 -99.000 -99.000 -99.000 1.647 1.654 1.712 1.866 2.108 2.404 2.718 3.017 3.282 3.504 3.682 3.826 3.943 4.040 4.123 4.196 4.262 4.323 4.380 4.433 4.483 4.532 4.579 4.624 4.668 4.711 4.752 4.792 4.830 4.867 4.902 4.936 4.970 5.001 5.032 5.064 5.095 5.126 5.157 5.189 5.221 5.254 5.287 5.321 5.355 5.389 5.424 5.459 5.494 5.529 5.565 5.600 5.635
-99.000 -99.000 -99.000 -99.000 -99.000 -99.000 -99.000 -99.000 -99.000 -99.000 -99.000 -99.000 -99.000 -99.000 -99.000 -99.000 -99.000 -99.000 -99.000 1.648 1.668 1.764 1.958 2.226 2.534 2.845 3.132 3.380 3.583 3.746 3.878 3.986 4.077 4.156 4.227 4.291 4.350 4.405 4.458 4.508 4.556 4.603 4.648 4.692 4.735 4.776 4.815 4.853 4.890 4.924 4.958 4.991 5.021 5.051 5.081 5.111 5.140 5.170 5.200 5.230 5.261 5.293 5.325 5.358 5.392 5.426 5.461 5.495 5.530 5.566 5.601 5.636
-99.000 -99.000 -99.000 -99.000 -99.000 -99.000 -99.000 -99.000 -99.000 -99.000 -99.000 -99.000 -99.000 -99.000 -99.000 -99.000 -99.000 -99.000 1.647 1.651 1.696 1.834 2.063 2.352 2.665 2.969 3.241 3.469 3.656 3.804 3.925 4.026 4.112 4.187 4.255 4.317 4.375 4.430 4.482 4.532 4.580 4.627 4.672 4.716 4.759 4.800 4.839 4.877 4.913 4.948 4.981 5.013 5.043 5.072 5.101 5.129 5.157 5.185 5.213 5.241 5.271 5.300 5.331 5.363 5.395 5.428 5.462 5.496 5.531 5.566 5.601 5.636
-99.000 -99.000 -99.000 -99.000 -99.000 -99.000 -99.000 -99.000 -99.000 -99.000 -99.000 -99.000 -99.000 -99.000 -99.000 -99.000 -99.000 -99.000 1.647 1.662 1.742 1.920 2.179 2.483 2.796 3.088 3.342 3.552 3.722 3.857 3.969 4.063 4.144 4.216 4.282 4.343 4.400 4.454 4.506 4.555 4.604 4.650 4.696 4.740 4.782 4.823 4.862 4.900 4.936 4.971 5.004 5.036 5.066 5.094 5.122 5.149 5.176 5.202 5.228 5.255 5.282 5.309 5.338 5.368 5.399 5.430 5.463 5.496 5.531 5.565 5.600 5.635
-99.000 -99.000 -99.000 -99.000 -99.000 -99.000 -99.000 -99.000 -99.000 -99.000 -99.000 -99.000 -99.000 -99.000 -99.000 -99.000 -99.000 1.647 1.650 1.684 1.805 2.022 2.304 2.616 2.922 3.200 3.435 3.627 3.782 3.906 4.009 4.097 4.174 4.243 4.307 4.367 4.423 4.477 4.528 4.578 4.626 4.673 4.718 4.762 4.805 4.846 4.885 4.923 4.959 4.994 5.027 5.060 5.089 5.117 5.145 5.171 5.197 5.222 5.246 5.271 5.296 5.321 5.347 5.375 5.404 5.434 5.465 5.497 5.530 5.564 5.599 5.634
-99.000 -99.000 -99.000 -99.000 -99.000 -99.000 -99.000 -99.000 -99.000 -99.000 -99.000 -99.000 -99.000 -99.000 -99.000 -99.000 -99.000 1.647 1.657 1.723 1.887 2.136 2.435 2.748 3.044 3.304 3.521 3.696 3.836 3.950 4.046 4.129 4.202 4.269 4.331 4.390 4.445 4.498 4.550 4.599 4.648 4.695 4.740 4.784 4.827 4.868 4.907 4.945 4.982 5.017 5.051 5.083 5.113 5.141 5.169 5.195 5.220 5.244 5.267 5.289 5.312 5.335 5.359 5.384 5.411 5.438 5.468 5.498 5.530 5.563 5.597 5.631
-99.000 -99.000 -99.000 -99.000 -99.000 -99.000 -99.000 -99.000 -99.000 -99.000 -99.000 -99.000 -99.000 -99.000 -99.000 -99.000 -99.000 1.649 1.674 1.781 1.985 2.260 2.569 2.878 3.160 3.401 3.599 3.758 3.886 3.991 4.080 4.158 4.229 4.294 4.354 4.412 4.467 4.519 4.571 4.620 4.669 4.716 4.761 4.805 4.848 4.889 4.928 4.966 5.003 5.039 5.073 5.106 5.136 5.165 5.193 5.219 5.244 5.267 5.289 5.311 5.332 5.353 5.374 5.396 5.420 5.445 5.472 5.501 5.531 5.562 5.595 5.629
-99.000 -99.000 -99.000 -99.000 -99.000 -99.000 -99.000 -99.000 -99.000 -99.000 -99.000 -99.000 -99.000 -99.000 -99.000 -99.000 1.647 1.653 1.708 1.858 2.097 2.391 2.703 3.003 3.268 3.490 3.670 3.814 3.932 4.029 4.112 4.186 4.254 4.317 4.376 4.433 4.487 4.540 4.591 4.641 4.689 4.736 4.781 4.825 4.867 4.908 4.948 4.987 5.024 5.060 5.095 5.128 5.159 5.188 5.217 5.243 5.268 5.292 5.314 5.334 5.354 5.373 5.392 5.412 5.433 5.455 5.479 5.505 5.533 5.563 5.594 5.627
-99.000 -99.000 -99.000 -99.000 -99.000 -99.000 -99.000 -99.000 -99.000 -99.000 -99.000 -99.000 -99.000 -99.000 -99.000 -99.000 1.648 1.667 1.760 1.952 2.219 2.525 2.836 3.122 3.369 3.572 3.735 3.866 3.974 4.064 4.142 4.213 4.278 4.339 4.397 4.453 4.507 4.560 4.611 4.660 4.708 4.755 4.800 4.844 4.886 4.927 4.967 5.006 5.043 5.080 5.115 5.149 5.180 5.211 5.240 5.267 5.293 5.317 5.339 5.359 5.378 5.396 5.413 5.431 5.449 5.468 5.489 5.512 5.537 5.565 5.594 5.625
-99.000 -99.000 -99.000 -99.000 -99.000 -99.000 -99.000 -99.000 -99.000 -99.000 -99.000 -99.000 -99.000 -99.000 -99.000 1.647 1.651 1.696 1.832 2.061 2.349 2.662 2.964 3.235 3.462 3.646 3.794 3.914 4.013 4.096 4.171 4.239 4.302 4.361 4.418 4.474 4.527 4.579 4.630 4.679 4.727 4.773 4.818 4.861 4.904 4.945 4.985 5.024 5.062 5.098 5.134 5.168 5.201 5.232 5.262 5.290 5.317 5.342 5.364 5.385 5.404 5.421 5.438 5.453 5.469 5.485 5.503 5.523 5.545 5.569 5.596 5.625
-99.000 -99.000 -99.000 -99.000 -99.000 -99.000 -99.000 -99.000 -99.000 -99.000 -99.000 -99.000 -99.000 -99.000 -99.000 1.647 1.662 1.743 1.922 2.181 2.485 2.796 3.087 3.339 3.547 3.714 3.848 3.957 4.049 4.127 4.198 4.263 4.325 4.383 4.440 4.494 4.547 4.599 4.649 4.698 4.745 4.791 4.835 4.878 4.920 4.961 5.001 5.041 5.079 5.116 5.152 5.187 5.219 5.252 5.283 5.312 5.340 5.366 5.389 5.411 5.431 5.448 5.464 5.479 5.493 5.506 5.521 5.537 5.556 5.577 5.600 5.626
-99.000 -99.000 -99.000 -99.000 -99.000 -99.000 -99.000 -99.000 -99.000 -99.000 -99.000 -99.000 -99.000 -99.000 1.647 1.650 1.686 1.810 2.028 2.311 2.622 2.928 3.203 3.435 3.624 3.776 3.898 3.998 4.082 4.156 4.225 4.288 4.348 4.405 4.461 4.515 4.568 4.618 4.668 4.716 4.762 4.807 4.851 4.894 4.936 4.977 5.017 5.056 5.095 5.132 5.169 5.203 5.236 5.270 5.302 5.332 5.361 5.388 5.413 5.436 5.457 5.475 5.492 5.506 5.519 5.531 5.543 5.556 5.571 5.588 5.608 5.631
-99.000 -99.000 -99.000 -99.000 -99.000 -99.000 -99.000 -99.000 -99.000 -99.000 -99.000 -99.000 -99.000 -99.000 1.647 1.658 1.728 1.896 2.147 2.447 2.759 3.054 3.311 3.523 3.695 3.832 3.943 4.036 4.115 4.185 4.251 4.312 4.371 4.428 4.483 4.536 4.588 4.638 4.686 4.733 4.779 4.824 4.867 4.910 4.951 4.992 5.032 5.071 5.109 5.147 5.184 5.218 5.253 5.286 5.319 5.351 5.381 5.409 5.436 5.460 5.482 5.502 5.519 5.534 5.547 5.559 5.569 5.580 5.591 5.604 5.620 5.639
-99.000 -99.000 -99.000 -99.000 -99.000 -99.000 -99.000 -99.000 -99.000 -99.000 -99.000 -99.000 -99.000 1.647 1.649 1.678 1.790 1.998 2.275 2.585 2.893 3.172 3.410 3.604 3.759 3.883 3.985 4.071 4.146 4.213 4.277 4.337 4.395 4.451 4.505 4.558 4.608 4.657 4.705 4.751 4.796 4.840 4.883 4.925 4.966 5.006 5.046 5.085 5.123 5.161 5.197 5.233 5.267 5.302 5.335 5.367 5.398 5.428 5.456 5.482 5.506 5.527 5.546 5.563 5.577 5.588 5.598 5.607 5.616 5.625 5.637 5.652
-99.000 -99.000 -99.000 -99.000 -99.000 -99.000 -99.000 -99.000 -99.000 -99.000 -99.000 -99.000 -99.000 1.647 1.655 1.715 1.871 2.114 2.411 2.724 3.022 3.284 3.502 3.677 3.818 3.931 4.025 4.105 4.176 4.241 4.303 4.362 4.420 4.475 4.528 4.579 4.629 4.677 4.723 4.769 4.813 4.856 4.899 4.940 4.980 5.020 5.059 5.098 5.136 5.173 5.210 5.245 5.280 5.315 5.349 5.382 5.414 5.445 5.474 5.502 5.527 5.551 5.572 5.590 5.606 5.618 5.629 5.637 5.644 5.651 5.659 5.670
-99.000 -99.000 -99.000 -99.000 -99.000 -99.000 -99.000 -99.000 -99.000 -99.000 -99.000 -99.000 -99.000 1.648 1.671 1.772 1.970 2.241 2.550 2.859 3.143 3.386 3.585 3.744 3.871 3.975 4.062 4.138 4.206 4.269 4.330 4.388 4.444 4.499 4.551 4.601 4.650 4.697 4.743 4.787 4.831 4.873 4.914 4.955 4.995 5.034 5.072 5.110 5.148 5.185 5.222 5.257 5.292 5.327 5.361 5.395 5.428 5.460 5.490 5.519 5.547 5.572 5.595 5.615 5.633 5.648 5.659 5.668 5.675 5.681 5.686 5.693
-99.000 -99.000 -99.000 -99.000 -99.000 -99.000 -99.000 -99.000 -99.000 -99.000 -99.000 -99.000 1.647 1.653 1.703 1.848 2.083 2.376 2.689 2.990 3.257 3.481 3.661 3.805 3.921 4.016 4.098 4.170 4.236 4.298 4.357 4.414 4.470 4.522 4.573 4.623 4.670 4.717 4.762 4.806 4.849 4.890 4.931 4.970 5.009 5.048 5.085 5.123 5.160 5.196 5.233 5.268 5.302 5.338 5.372 5.407 5.440 5.473 5.504 5.535 5.563 5.591 5.616 5.639 5.659 5.676 5.690 5.700 5.708 5.713 5.717 5.721
-99.000 -99.000 -99.000 -99.000 -99.000 -99.000 -99.000 -99.000 -99.000 -99.000 -99.000 -99.000 1.648 1.665 1.755 1.943 2.208 2.514 2.826 3.114 3.363 3.567 3.731 3.861 3.967 4.056 4.133 4.202 4.266 4.326 4.385 4.441 4.494 4.546 4.596 4.645 4.692 4.738 4.782 4.825 4.867 4.908 4.948 4.986 5.024 5.062 5.099 5.135 5.171 5.207 5.243 5.278 5.312 5.347 5.382 5.417 5.450 5.484 5.516 5.548 5.578 5.607 5.634 5.659 5.681 5.701 5.718 5.731 5.740 5.746 5.750 5.753
-99.000 -99.000 -99.000 -99.000 -99.000 -99.000 -99.000 -99.000 -99.000 -99.000 -99.000 1.647 1.651 1.693 1.827 2.053 2.341 2.654 2.958 3.231 3.460 3.646 3.794 3.913 4.010 4.093 4.167 4.234 4.296 4.355 4.412 4.466 4.519 4.570 4.619 4.667 4.713 4.758 4.802 4.845 4.886 4.926 4.965 5.003 5.040 5.077 5.113 5.148 5.183 5.218 5.253 5.287 5.321 5.356 5.391 5.425 5.459 5.493 5.526 5.559 5.590 5.621 5.649 5.676 5.701 5.724 5.743 5.759 5.771 5.779 5.784 5.787
-99.000 -99.000 -99.000 -99.000 -99.000 -99.000 -99.000 -99.000 -99.000 -99.000 -99.000 1.647 1.661 1.739 1.916 2.174 2.478 2.791 3.084 3.339 3.549 3.718 3.852 3.961 4.051 4.130 4.200 4.266 4.326 4.383 4.439 4.492 4.543 4.593 4.641 4.689 4.735 4.779 4.823 4.865 4.906 4.945 4.984 5.021 5.057 5.093 5.127 5.162 5.196 5.230 5.264 5.297 5.330 5.364 5.399 5.433 5.467 5.501 5.535 5.568 5.600 5.632 5.662 5.691 5.718 5.743 5.765 5.784 5.799 5.810 5.817 5.821
-99.000 -99.000 -99.000 -99.000 -99.000 -99.000 -99.000 -99.000 -99.000 -99.000 1.647 1.650 1.684 1.805 2.022 2.304 2.617 2.925 3.203 3.439 3.630 3.783 3.905 4.006 4.091 4.165 4.234 4.297 4.355 4.411 4.465 4.517 4.567 4.616 4.664 4.711 4.756 4.800 4.843 4.885 4.925 4.965 5.003 5.039 5.075 5.109 5.143 5.177 5.209 5.242 5.275 5.307 5.339 5.372 5.406 5.440 5.474 5.508 5.542 5.576 5.609 5.641 5.673 5.703 5.732 5.759 5.784 5.805 5.824 5.838 5.848 5.854
-99.000 -99.000 -99.000 -99.000 -99.000 -99.000 -99.000 -99.000 -99.000 -99.000 1.647 1.657 1.724 1.889 2.139 2.440 2.754 3.052 3.313 3.530 3.704 3.843 3.955 4.048 4.129 4.200 4.266 4.328 4.384 4.438 4.491 4.542 4.591 4.639 4.686 4.732 4.777 4.821 4.864 4.905 4.945 4.984 5.022 5.058 5.093 5.127 5.160 5.193 5.224 5.256 5.287 5.318 5.349 5.381 5.414 5.447 5.480 5.514 5.548 5.582 5.616 5.649 5.682 5.713 5.744 5.773 5.799 5.824 5.845 5.862 5.875 5.884
-99.000 -99.000 -99.000 -99.000 -99.000 -99.000 -99.000 -99.000 -99.000 1.647 1.649 1.675 1.783 1.989 2.265 2.577 2.888 3.172 3.415 3.614 3.772 3.899 4.002 4.089 4.166 4.235 4.298 4.358 4.413 4.465 4.517 4.566 4.615 4.662 4.708 4.754 4.798 4.841 4.884 4.925 4.965 5.004 5.041 5.077 5.112 5.146 5.178 5.210 5.241 5.271 5.301 5.330 5.360 5.390 5.422 5.454 5.486 5.519 5.553 5.587 5.621 5.655 5.688 5.721 5.753 5.783 5.812 5.838 5.862 5.882 5.899 5.911
-99.000 -99.000 -99.000 -99.000 -99.000 -99.000 -99.000 -99.000 -99.000 1.647 1.654 1.709 1.861 2.101 2.397 2.713 3.016 3.285 3.509 3.690 3.835 3.951 4.047 4.129 4.202 4.268 4.330 4.387 4.441 4.492 4.542 4.591 4.638 4.684 4.730 4.775 4.818 4.861 4.903 4.944 4.984 5.023 5.061 5.097 5.132 5.165 5.197 5.228 5.258 5.287 5.316 5.344 5.372 5.401 5.431 5.461 5.493 5.525 5.558 5.591 5.625 5.659 5.693 5.727 5.760 5.792 5.822 5.850 5.876 5.899 5.918 5.934
-99.000 -99.000 -99.000 -99.000 -99.000 -99.000 -99.000 -99.000 -99.000 1.648 1.667 1.761 1.954 2.223 2.532 2.846 3.138 3.389 3.595 3.761 3.893 4.000 4.090 4.168 4.237 4.301 4.361 4.416 4.468 4.518 4.567 4.615 4.661 4.707 4.751 4.795 4.839 4.881 4.923 4.963 5.003 5.042 5.080 5.116 5.151 5.184 5.217 5.247 5.277 5.305 5.333 5.360 5.386 5.414 5.442 5.470 5.500 5.531 5.563 5.596 5.629 5.663 5.697 5.731 5.765 5.798 5.829 5.859 5.887 5.912 5.934 5.953
-99.000 -99.000 -99.000 -99.000 -99.000 -99.000 -99.000 -99.000 1.647 1.651 1.695 1.831 2.060 2.350 2.666 2.975 3.251 3.485 3.674 3.826 3.947 4.047 4.131 4.206 4.272 4.334 4.391 4.445 4.495 4.544 4.592 4.639 4.684 4.729 4.773 4.816 4.858 4.900 4.941 4.982 5.022 5.060 5.098 5.135 5.170 5.204 5.236 5.267 5.296 5.324 5.352 5.377 5.402 5.428 5.454 5.481 5.509 5.538 5.569 5.600 5.633 5.667 5.700 5.735 5.769 5.802 5.834 5.865 5.895 5.922 5.946 5.967
-99.000 -99.000 -99.000 -99.000 -99.000 -99.000 -99.000 -99.000 1.647 1.661 1.739 1.916 2.175 2.481 2.798 3.097 3.357 3.573 3.747 3.886 3.998 4.092 4.172 4.243 4.307 4.366 4.421 4.473 4.522 4.570 4.617 4.663 4.707 4.751 4.794 4.836 4.878 4.919 4.960 5.000 5.039 5.078 5.116 5.153 5.188 5.222 5.255 5.286 5.316 5.344 5.371 5.396 5.420 5.445 5.469 5.494 5.520 5.547 5.576 5.606 5.637 5.670 5.703 5.737 5.771 5.805 5.838 5.870 5.900 5.929 5.955 5.979
-99.000 -99.000 -99.000 -99.000 -99.000 -99.000 -99.000 1.647 1.649 1.682 1.800 2.015 2.298 2.613 2.926 3.212 3.455 3.655 3.815 3.943 4.047 4.135 4.211 4.279 4.340 4.398 4.451 4.502 4.549 4.596 4.642 4.687 4.730 4.773 4.815 4.856 4.897 4.938 4.978 5.018 5.057 5.095 5.133 5.170 5.206 5.240 5.274 5.306 5.336 5.364 5.391 5.416 5.440 5.463 5.486 5.510 5.534 5.559 5.585 5.613 5.642 5.673 5.706 5.739 5.772 5.806 5.840 5.872 5.904 5.933 5.961 5.987
-99.000 -99.000 -99.000 -99.000 -99.000 -99.000 -99.000 1.647 1.655 1.717 1.877 2.124 2.425 2.743 3.049 3.320 3.546 3.730 3.877 3.996 4.094 4.177 4.249 4.314 4.374 4.429 4.481 4.530 4.576 4.623 4.667 4.711 4.753 4.795 4.836 4.876 4.917 4.956 4.996 5.035 5.074 5.112 5.149 5.186 5.222 5.258 5.291 5.324 5.355 5.384 5.412 5.436 5.460 5.483 5.506 5.527 5.549 5.572 5.596 5.622 5.649 5.678 5.709 5.741 5.774 5.807 5.840 5.873 5.905 5.936 5.965 5.992
-99.000 -99.000 -99.000 -99.000 -99.000 -99.000 -99.000 1.648 1.670 1.769 1.967 2.241 2.553 2.871 3.165 3.420 3.630 3.799 3.935 4.046 4.138 4.217 4.287 4.349 4.407 4.461 4.511 4.558 4.604 4.649 4.693 4.735 4.776 4.817 4.857 4.897 4.936 4.975 5.013 5.052 5.090 5.128 5.165 5.202 5.238 5.274 5.308 5.341 5.373 5.404 5.431 5.456 5.481 5.504 5.526 5.547 5.568 5.588 5.610 5.633 5.658 5.684 5.713 5.743 5.775 5.807 5.840 5.873 5.905 5.937 5.967 5.995
-99.000 -99.000 -99.000 -99.000 -99.000 -99.000 1.647 1.652 1.698 1.837 2.069 2.363 2.682 2.994 3.275 3.513 3.707 3.864 3.990 4.093 4.180 4.256 4.323 4.384 4.440 4.492 4.542 4.588 4.632 4.676 4.718 4.760 4.800 4.839 4.878 4.917 4.955 4.993 5.031 5.069 5.106 5.144 5.181 5.217 5.254 5.289 5.324 5.358 5.390 5.421 5.450 5.477 5.502 5.526 5.548 5.569 5.588 5.607 5.627 5.647 5.669 5.693 5.719 5.747 5.777 5.808 5.840 5.872 5.904 5.936 5.967 5.996
-99.000 -99.000 -99.000 -99.000 -99.000 -99.000 1.647 1.661 1.741 1.920 2.181 2.489 2.810 3.112 3.377 3.599 3.778 3.923 4.040 4.138 4.221 4.294 4.359 4.418 4.473 4.524 4.572 4.617 4.661 4.703 4.745 4.785 4.824 4.863 4.900 4.938 4.975 5.012 5.049 5.086 5.123 5.159 5.196 5.232 5.268 5.304 5.339 5.373 5.406 5.438 5.468 5.496 5.523 5.547 5.570 5.591 5.610 5.628 5.646 5.664 5.684 5.704 5.727 5.753 5.780 5.809 5.840 5.871 5.903 5.935 5.966 5.997
