TsunamiDB/out54017.asc
ncols          264
nrows          230
xllcorner      497853.4375
yllcorner      4229146.0000
cellsize         5.
NODATA_value   -99
[rows 155 to 185 of 230, columns 140 to 209 of 264]
3.317 3.669 3.960 4.183 4.349 4.473 4.569 4.648 4.715 4.775 4.831 4.885 4.938 4.991 5.042 5.094 5.144 5.194 5.242 5.290 5.338 5.387 5.436 5.487 5.540 5.594 5.650 5.709 5.766 5.823 5.882 5.940 5.996 6.051 6.101 6.149 6.196 6.245 6.294 6.346 6.397 6.449 6.508 6.575 6.645 6.724 6.800 6.854 6.927 7.017 7.080 7.120 7.150 7.181 7.216 7.260 7.293 7.265 7.283 7.366 7.412 7.419 7.393 7.335 7.239 7.100 6.931 6.754 6.648 6.619
3.445 3.780 4.049 4.252 4.404 4.519 4.609 4.684 4.748 4.806 4.861 4.914 4.965 5.016 5.066 5.116 5.165 5.213 5.260 5.306 5.353 5.400 5.449 5.500 5.553 5.609 5.668 5.731 5.791 5.852 5.916 5.977 6.039 6.097 6.152 6.203 6.253 6.306 6.358 6.412 6.462 6.513 6.571 6.632 6.698 6.777 6.841 6.881 6.950 7.042 7.105 7.146 7.176 7.204 7.234 7.283 7.306 7.258 7.264 7.336 7.371 7.367 7.332 7.265 7.160 7.011 6.842 6.684 6.598 6.587
3.569 3.883 4.130 4.315 4.455 4.561 4.647 4.718 4.781 4.838 4.891 4.943 4.993 5.042 5.091 5.139 5.186 5.232 5.277 5.322 5.367 5.414 5.462 5.513 5.568 5.626 5.688 5.753 5.817 5.882 5.950 6.016 6.081 6.144 6.203 6.260 6.316 6.371 6.427 6.486 6.538 6.589 6.643 6.702 6.766 6.828 6.874 6.907 6.974 7.067 7.133 7.178 7.210 7.240 7.275 7.310 7.307 7.246 7.240 7.298 7.321 7.309 7.263 7.186 7.071 6.923 6.774 6.638 6.570 6.575
3.687 3.978 4.202 4.371 4.500 4.600 4.682 4.751 4.813 4.869 4.922 4.972 5.022 5.070 5.117 5.163 5.208 5.253 5.296 5.340 5.383 5.429 5.477 5.529 5.584 5.644 5.709 5.777 5.844 5.913 5.985 6.055 6.124 6.192 6.258 6.322 6.383 6.441 6.502 6.567 6.622 6.672 6.723 6.778 6.830 6.875 6.909 6.935 7.000 7.096 7.167 7.216 7.253 7.287 7.315 7.324 7.300 7.226 7.208 7.252 7.265 7.243 7.188 7.101 6.985 6.855 6.730 6.614 6.563 6.586
3.799 4.065 4.267 4.421 4.540 4.634 4.713 4.782 4.843 4.899 4.952 5.002 5.050 5.097 5.143 5.188 5.232 5.275 5.317 5.359 5.402 5.446 5.495 5.547 5.603 5.664 5.731 5.802 5.873 5.946 6.022 6.097 6.170 6.244 6.318 6.387 6.453 6.515 6.582 6.654 6.710 6.759 6.807 6.852 6.891 6.923 6.948 6.968 7.032 7.132 7.207 7.261 7.301 7.330 7.342 7.331 7.286 7.200 7.169 7.200 7.202 7.172 7.110 7.021 6.917 6.808 6.707 6.611 6.577 6.615
3.903 4.142 4.324 4.464 4.575 4.665 4.741 4.809 4.870 4.927 4.979 5.030 5.078 5.124 5.169 5.213 5.256 5.298 5.339 5.380 5.422 5.466 5.514 5.567 5.624 5.687 5.756 5.830 5.904 5.981 6.061 6.141 6.220 6.300 6.379 6.455 6.526 6.591 6.664 6.741 6.799 6.848 6.888 6.923 6.953 6.976 6.996 7.011 7.072 7.173 7.250 7.308 7.345 7.364 7.361 7.329 7.266 7.168 7.125 7.142 7.135 7.100 7.037 6.957 6.870 6.783 6.705 6.628 6.607 6.655
3.997 4.210 4.374 4.502 4.605 4.691 4.766 4.834 4.895 4.952 5.005 5.055 5.103 5.150 5.194 5.238 5.280 5.321 5.361 5.401 5.443 5.487 5.536 5.589 5.647 5.711 5.782 5.859 5.937 6.017 6.102 6.187 6.271 6.357 6.442 6.523 6.599 6.665 6.743 6.826 6.887 6.933 6.967 6.995 7.019 7.037 7.052 7.060 7.117 7.217 7.296 7.351 7.380 7.389 7.370 7.320 7.241 7.131 7.077 7.083 7.070 7.034 6.977 6.911 6.843 6.778 6.720 6.656 6.646 6.702
4.080 4.271 4.419 4.536 4.633 4.716 4.789 4.855 4.917 4.974 5.027 5.078 5.126 5.173 5.217 5.260 5.302 5.342 5.382 5.422 5.463 5.508 5.557 5.611 5.670 5.736 5.809 5.890 5.970 6.054 6.144 6.234 6.323 6.413 6.504 6.590 6.668 6.736 6.818 6.908 6.970 7.014 7.045 7.069 7.089 7.103 7.112 7.113 7.164 7.264 7.339 7.387 7.408 7.404 7.372 7.305 7.210 7.090 7.028 7.025 7.010 6.980 6.934 6.882 6.833 6.788 6.745 6.692 6.690 6.752
4.155 4.326 4.460 4.568 4.659 4.738 4.809 4.875 4.936 4.993 5.047 5.098 5.146 5.193 5.237 5.280 5.321 5.361 5.400 5.440 5.482 5.528 5.578 5.633 5.693 5.761 5.837 5.920 6.004 6.091 6.186 6.280 6.374 6.469 6.564 6.653 6.734 6.802 6.887 6.981 7.045 7.089 7.119 7.141 7.158 7.167 7.172 7.164 7.210 7.304 7.371 7.412 7.424 7.408 7.363 7.280 7.170 7.044 6.974 6.968 6.957 6.936 6.902 6.867 6.836 6.806 6.774 6.730 6.734 6.797
4.223 4.377 4.499 4.599 4.685 4.760 4.829 4.893 4.954 5.010 5.064 5.115 5.163 5.210 5.254 5.296 5.337 5.377 5.416 5.456 5.499 5.546 5.598 5.654 5.717 5.786 5.864 5.950 6.036 6.126 6.224 6.322 6.420 6.519 6.616 6.707 6.790 6.859 6.946 7.043 7.111 7.158 7.188 7.210 7.224 7.229 7.230 7.215 7.251 7.336 7.397 7.430 7.431 7.405 7.348 7.253 7.132 6.999 6.928 6.924 6.920 6.909 6.887 6.867 6.849 6.829 6.807 6.770 6.776 6.839
4.284 4.423 4.536 4.630 4.711 4.783 4.850 4.912 4.971 5.027 5.080 5.130 5.178 5.224 5.267 5.309 5.349 5.389 5.428 5.468 5.512 5.561 5.615 5.673 5.738 5.809 5.888 5.977 6.065 6.158 6.259 6.361 6.463 6.565 6.664 6.759 6.845 6.912 7.000 7.103 7.176 7.227 7.260 7.282 7.294 7.297 7.294 7.268 7.292 7.371 7.424 7.448 7.440 7.405 7.336 7.229 7.098 6.963 6.896 6.896 6.899 6.896 6.887 6.879 6.871 6.860 6.845 6.810 6.817 6.880
4.339 4.466 4.571 4.660 4.738 4.808 4.872 4.932 4.990 5.044 5.095 5.144 5.191 5.236 5.279 5.319 5.359 5.397 5.436 5.477 5.522 5.573 5.629 5.690 5.756 5.828 5.911 6.002 6.092 6.187 6.292 6.397 6.505 6.610 6.713 6.813 6.896 6.960 7.051 7.160 7.238 7.292 7.329 7.352 7.363 7.367 7.355 7.315 7.329 7.400 7.446 7.461 7.445 7.400 7.321 7.200 7.061 6.934 6.873 6.878 6.887 6.895 6.896 6.896 6.896 6.892 6.880 6.848 6.854 6.916
4.388 4.506 4.604 4.689 4.765 4.833 4.895 4.955 5.010 5.063 5.113 5.160 5.205 5.248 5.289 5.328 5.366 5.403 5.441 5.483 5.529 5.581 5.640 5.703 5.772 5.848 5.933 6.027 6.120 6.217 6.325 6.435 6.545 6.655 6.762 6.859 6.938 7.002 7.098 7.212 7.294 7.355 7.395 7.421 7.434 7.430 7.406 7.356 7.361 7.423 7.461 7.470 7.445 7.388 7.295 7.168 7.037 6.917 6.860 6.870 6.886 6.902 6.910 6.917 6.923 6.922 6.912 6.881 6.886 6.945
4.431 4.541 4.635 4.717 4.791 4.858 4.920 4.978 5.033 5.084 5.132 5.178 5.221 5.262 5.300 5.337 5.372 5.408 5.446 5.487 5.535 5.589 5.650 5.717 5.789 5.867 5.955 6.051 6.146 6.246 6.357 6.469 6.582 6.695 6.802 6.895 6.974 7.039 7.138 7.258 7.347 7.412 7.456 7.485 7.495 7.482 7.447 7.388 7.383 7.437 7.469 7.471 7.437 7.368 7.268 7.145 7.024 6.909 6.857 6.872 6.895 6.915 6.928 6.939 6.948 6.949 6.940 6.909 6.912 6.968
4.469 4.572 4.662 4.742 4.815 4.882 4.944 5.002 5.057 5.107 5.155 5.199 5.240 5.278 5.314 5.348 5.381 5.414 5.451 5.492 5.541 5.597 5.661 5.730 5.804 5.884 5.974 6.073 6.169 6.272 6.384 6.497 6.611 6.724 6.831 6.924 7.004 7.071 7.174 7.300 7.394 7.463 7.511 7.538 7.543 7.522 7.477 7.410 7.397 7.444 7.469 7.464 7.422 7.347 7.248 7.133 7.019 6.911 6.863 6.883 6.908 6.931 6.947 6.960 6.970 6.972 6.963 6.931 6.932 6.985
4.502 4.599 4.686 4.764 4.836 4.903 4.966 5.025 5.080 5.131 5.178 5.222 5.261 5.297 5.331 5.362 5.392 5.423 5.458 5.500 5.548 5.606 5.671 5.741 5.817 5.899 5.992 6.092 6.190 6.293 6.405 6.519 6.632 6.744 6.852 6.948 7.032 7.100 7.205 7.336 7.434 7.507 7.554 7.579 7.579 7.550 7.498 7.423 7.402 7.441 7.461 7.451 7.404 7.331 7.237 7.131 7.026 6.923 6.877 6.898 6.924 6.948 6.965 6.978 6.988 6.989 6.982 6.950 6.947 6.996
4.532 4.623 4.706 4.783 4.854 4.921 4.984 5.044 5.100 5.153 5.201 5.244 5.284 5.319 5.350 5.379 5.407 5.436 5.469 5.509 5.558 5.615 5.680 5.751 5.827 5.910 6.004 6.105 6.204 6.306 6.419 6.533 6.644 6.757 6.867 6.968 7.056 7.124 7.230 7.366 7.467 7.540 7.585 7.607 7.602 7.567 7.508 7.426 7.397 7.431 7.446 7.434 7.390 7.322 7.236 7.139 7.041 6.940 6.895 6.915 6.941 6.965 6.981 6.993 7.001 7.003 6.997 6.962 6.955 7.000
4.559 4.645 4.724 4.799 4.869 4.935 4.999 5.060 5.117 5.171 5.220 5.265 5.305 5.340 5.371 5.398 5.424 5.452 5.483 5.521 5.568 5.624 5.687 5.757 5.832 5.915 6.008 6.111 6.209 6.313 6.426 6.538 6.650 6.764 6.879 6.984 7.075 7.142 7.250 7.390 7.491 7.562 7.605 7.623 7.615 7.573 7.506 7.419 7.385 7.414 7.428 7.418 7.380 7.320 7.244 7.155 7.060 6.961 6.914 6.932 6.957 6.979 6.994 7.004 7.011 7.014 7.007 6.970 6.959 6.998
4.584 4.665 4.741 4.813 4.881 4.946 5.010 5.071 5.130 5.185 5.236 5.283 5.324 5.361 5.392 5.419 5.444 5.470 5.500 5.536 5.579 5.631 5.692 5.758 5.832 5.914 6.008 6.110 6.209 6.313 6.427 6.540 6.653 6.770 6.888 6.997 7.091 7.156 7.264 7.404 7.503 7.571 7.611 7.626 7.613 7.565 7.493 7.401 7.364 7.390 7.407 7.403 7.372 7.322 7.256 7.173 7.080 6.980 6.931 6.945 6.968 6.989 7.001 7.010 7.016 7.019 7.012 6.972 6.956 6.988
4.607 4.685 4.757 4.826 4.892 4.956 5.019 5.080 5.139 5.196 5.248 5.297 5.341 5.379 5.412 5.441 5.466 5.491 5.519 5.551 5.591 5.639 5.695 5.758 5.828 5.909 6.002 6.104 6.204 6.309 6.424 6.539 6.654 6.772 6.891 7.001 7.097 7.161 7.267 7.405 7.502 7.567 7.603 7.615 7.599 7.547 7.471 7.377 7.339 7.368 7.389 7.392 7.370 7.329 7.271 7.192 7.101 6.999 6.945 6.955 6.976 6.995 7.006 7.014 7.019 7.020 7.012 6.970 6.947 6.972
4.630 4.704 4.774 4.840 4.904 4.966 5.028 5.088 5.147 5.204 5.258 5.309 5.355 5.396 5.432 5.462 5.489 5.514 5.539 5.569 5.604 5.646 5.697 5.755 5.821 5.898 5.989 6.092 6.192 6.298 6.415 6.531 6.648 6.768 6.887 7.001 7.101 7.159 7.261 7.398 7.493 7.555 7.589 7.599 7.580 7.525 7.445 7.350 7.315 7.348 7.376 7.385 7.372 7.341 7.289 7.214 7.122 7.017 6.959 6.965 6.983 7.000 7.010 7.017 7.019 7.019 7.013 6.966 6.936 6.953
4.652 4.723 4.790 4.855 4.916 4.977 5.037 5.096 5.155 5.212 5.267 5.319 5.368 5.412 5.451 5.484 5.512 5.537 5.562 5.588 5.618 5.655 5.699 5.751 5.811 5.884 5.973 6.076 6.176 6.283 6.401 6.520 6.641 6.762 6.883 7.007 7.101 7.149 7.248 7.386 7.478 7.537 7.568 7.575 7.553 7.492 7.411 7.322 7.292 7.332 7.365 7.382 7.378 7.352 7.304 7.230 7.138 7.032 6.969 6.971 6.986 7.002 7.012 7.017 7.018 7.022 7.014 6.959 6.921 6.930
4.673 4.742 4.807 4.870 4.930 4.989 5.048 5.106 5.164 5.221 5.277 5.331 5.382 5.429 5.471 5.507 5.537 5.562 5.586 5.609 5.635 5.666 5.704 5.749 5.803 5.872 5.958 6.060 6.160 6.268 6.389 6.513 6.636 6.762 6.889 7.003 7.084 7.130 7.229 7.365 7.454 7.510 7.538 7.539 7.511 7.451 7.380 7.297 7.272 7.316 7.356 7.380 7.381 7.359 7.314 7.241 7.151 7.044 6.976 6.975 6.988 7.004 7.013 7.020 7.024 7.027 7.010 6.949 6.903 6.903
4.693 4.760 4.824 4.885 4.944 5.002 5.061 5.118 5.176 5.233 5.289 5.344 5.397 5.446 5.491 5.529 5.562 5.589 5.612 5.634 5.657 5.684 5.715 5.753 5.802 5.865 5.947 6.046 6.145 6.255 6.379 6.505 6.631 6.759 6.881 6.982 7.057 7.102 7.200 7.333 7.420 7.474 7.496 7.493 7.464 7.413 7.352 7.274 7.253 7.303 7.349 7.377 7.380 7.361 7.317 7.249 7.162 7.053 6.982 6.978 6.992 7.007 7.017 7.026 7.031 7.027 7.003 6.935 6.882 6.873
4.711 4.777 4.839 4.900 4.958 5.016 5.073 5.131 5.188 5.246 5.303 5.359 5.413 5.465 5.512 5.553 5.588 5.617 5.641 5.663 5.685 5.708 5.736 5.768 5.808 5.864 5.940 6.036 6.134 6.243 6.367 6.493 6.618 6.742 6.856 6.950 7.022 7.067 7.164 7.295 7.379 7.429 7.448 7.444 7.421 7.380 7.326 7.253 7.236 7.292 7.340 7.370 7.375 7.357 7.317 7.254 7.170 7.061 6.988 6.985 6.997 7.012 7.025 7.034 7.036 7.026 6.993 6.918 6.859 6.842
4.728 4.792 4.853 4.913 4.971 5.028 5.086 5.143 5.201 5.258 5.316 5.373 5.429 5.482 5.532 5.576 5.614 5.646 5.673 5.696 5.717 5.739 5.763 5.790 5.824 5.872 5.942 6.031 6.124 6.230 6.350 6.474 6.594 6.711 6.821 6.911 6.982 7.027 7.122 7.250 7.332 7.381 7.398 7.398 7.382 7.349 7.303 7.235 7.221 7.279 7.329 7.360 7.366 7.352 7.315 7.257 7.179 7.072 6.999 6.995 7.006 7.021 7.033 7.041 7.040 7.022 6.981 6.901 6.834 6.809
4.744 4.806 4.866 4.925 4.982 5.039 5.096 5.154 5.212 5.270 5.328 5.387 5.443 5.498 5.550 5.596 5.638 5.673 5.703 5.728 5.751 5.773 5.796 5.819 5.847 5.887 5.947 6.027 6.113 6.210 6.326 6.444 6.557 6.670 6.778 6.869 6.940 6.983 7.076 7.204 7.286 7.333 7.353 7.358 7.348 7.323 7.284 7.217 7.204 7.265 7.317 7.348 7.357 7.345 7.313 7.261 7.190 7.086 7.012 7.008 7.018 7.032 7.042 7.047 7.041 7.016 6.968 6.881 6.807 6.774
4.760 4.820 4.878 4.936 4.992 5.048 5.105 5.163 5.221 5.279 5.338 5.397 5.455 5.511 5.564 5.613 5.657 5.696 5.730 5.758 5.784 5.807 5.829 5.850 5.873 5.904 5.954 6.024 6.099 6.188 6.296 6.406 6.516 6.627 6.734 6.827 6.900 6.942 7.035 7.163 7.244 7.292 7.315 7.324 7.321 7.302 7.266 7.200 7.189 7.252 7.304 7.337 7.348 7.340 7.314 7.270 7.205 7.103 7.030 7.025 7.033 7.043 7.050 7.051 7.039 7.008 6.952 6.859 6.779 6.738
4.777 4.834 4.890 4.946 5.001 5.056 5.112 5.169 5.227 5.286 5.344 5.403 5.462 5.518 5.573 5.624 5.671 5.713 5.751 5.783 5.811 5.837 5.860 5.881 5.901 5.926 5.967 6.026 6.089 6.167 6.266 6.372 6.479 6.589 6.698 6.793 6.868 6.910 7.002 7.129 7.209 7.258 7.283 7.297 7.299 7.283 7.250 7.185 7.174 7.237 7.291 7.326 7.340 7.336 7.317 7.280 7.221 7.123 7.050 7.043 7.046 7.052 7.054 7.050 7.033 6.994 6.930 6.831 6.744 6.697
4.795 4.850 4.904 4.957 5.010 5.063 5.118 5.174 5.231 5.289 5.348 5.406 5.465 5.522 5.577 5.630 5.679 5.725 5.766 5.802 5.834 5.863 5.889 5.911 5.931 5.954 5.987 6.035 6.087 6.154 6.246 6.346 6.450 6.559 6.668 6.765 6.843 6.883 6.974 7.101 7.181 7.230 7.257 7.275 7.279 7.266 7.235 7.171 7.160 7.224 7.279 7.317 7.335 7.337 7.324 7.292 7.240 7.145 7.072 7.060 7.058 7.058 7.055 7.045 7.023 6.978 6.906 6.800 6.708 6.657
4.816 4.868 4.919 4.970 5.021 5.072 5.125 5.179 5.235 5.291 5.349 5.407 5.464 5.521 5.577 5.631 5.682 5.730 5.775 5.816 5.853 5.886 5.916 5.942 5.964 5.985 6.014 6.055 6.097 6.153 6.235 6.328 6.428 6.536 6.644 6.745 6.827 6.864 6.953 7.081 7.161 7.209 7.238 7.258 7.265 7.254 7.225 7.161 7.150 7.217 7.275 7.315 7.337 7.346 7.337 7.312 7.266 7.173 7.097 7.081 7.072 7.066 7.056 7.041 7.012 6.960 6.879 6.768 6.673 6.619
