TsunamiDB/out54136.asc
ncols          264
nrows          230
xllcorner      497853.4375
yllcorner      4229146.0000
cellsize         5.
NODATA_value   -99
[rows 0 to 33 of 230, columns 0 to 76 of 264]
4.238 4.272 4.306 4.339 4.371 4.402 4.433 4.463 4.492 4.520 4.548 4.575 4.601 4.627 4.653 4.678 4.701 4.723 4.746 4.769 4.791 4.813 4.834 4.855 4.875 4.895 4.915 4.934 4.954 4.972 4.991 5.009 5.027 5.044 5.062 5.079 5.096 5.113 5.129 5.144 5.159 5.174 5.189 5.204 5.218 5.233 5.247 5.261 5.275 5.289 5.303 5.316 5.329 5.343 5.355 5.368 5.381 5.394 5.406 5.419 5.431 5.444 5.456 5.467 5.478 5.490 5.501 5.513 5.525 5.537 5.550 5.562 5.574 5.586 5.598 5.611 5.623
4.256 4.290 4.324 4.356 4.388 4.419 4.449 4.479 4.508 4.536 4.563 4.590 4.616 4.642 4.667 4.692 4.715 4.738 4.760 4.783 4.804 4.826 4.847 4.868 4.888 4.908 4.928 4.947 4.966 4.984 5.003 5.021 5.039 5.056 5.073 5.090 5.107 5.124 5.140 5.156 5.170 5.185 5.200 5.215 5.230 5.244 5.259 5.273 5.287 5.301 5.314 5.328 5.341 5.354 5.367 5.380 5.392 5.405 5.417 5.430 5.442 5.455 5.467 5.477 5.488 5.500 5.511 5.523 5.535 5.546 5.558 5.570 5.582 5.594 5.606 5.618 5.630
4.274 4.308 4.341 4.373 4.405 4.435 4.465 4.495 4.523 4.551 4.579 4.605 4.631 4.657 4.682 4.706 4.730 4.752 4.774 4.796 4.818 4.839 4.860 4.881 4.901 4.921 4.940 4.959 4.978 4.997 5.015 5.033 5.050 5.068 5.085 5.102 5.118 5.135 5.151 5.167 5.181 5.196 5.211 5.226 5.241 5.255 5.270 5.284 5.298 5.312 5.325 5.339 5.352 5.365 5.378 5.391 5.404 5.416 5.429 5.441 5.453 5.466 5.477 5.488 5.499 5.510 5.521 5.533 5.544 5.556 5.567 5.579 5.591 5.602 5.614 5.626 5.637
4.293 4.326 4.359 4.390 4.421 4.452 4.482 4.511 4.539 4.567 4.594 4.620 4.646 4.672 4.696 4.721 4.744 4.766 4.788 4.810 4.832 4.853 4.874 4.894 4.914 4.934 4.953 4.972 4.990 5.009 5.027 5.045 5.062 5.079 5.096 5.113 5.130 5.146 5.162 5.177 5.192 5.207 5.222 5.236 5.251 5.266 5.280 5.294 5.308 5.322 5.336 5.349 5.363 5.376 5.389 5.402 5.415 5.427 5.440 5.452 5.464 5.477 5.488 5.498 5.509 5.520 5.532 5.543 5.554 5.565 5.577 5.588 5.599 5.611 5.622 5.634 5.645
4.311 4.343 4.376 4.407 4.438 4.468 4.498 4.526 4.555 4.582 4.609 4.635 4.661 4.686 4.711 4.735 4.758 4.780 4.802 4.824 4.845 4.866 4.887 4.907 4.927 4.946 4.966 4.984 5.003 5.021 5.039 5.056 5.074 5.091 5.108 5.124 5.141 5.157 5.173 5.188 5.203 5.217 5.232 5.247 5.261 5.276 5.290 5.305 5.319 5.333 5.346 5.360 5.373 5.386 5.399 5.412 5.425 5.438 5.450 5.463 5.475 5.487 5.499 5.509 5.520 5.531 5.542 5.553 5.564 5.575 5.586 5.597 5.609 5.620 5.631 5.642 5.653
4.328 4.361 4.393 4.424 4.454 4.484 4.513 4.542 4.570 4.597 4.624 4.650 4.676 4.701 4.725 4.750 4.772 4.794 4.816 4.838 4.859 4.880 4.900 4.920 4.940 4.959 4.978 4.997 5.015 5.033 5.051 5.068 5.085 5.102 5.119 5.135 5.152 5.168 5.184 5.199 5.213 5.228 5.242 5.257 5.272 5.286 5.300 5.315 5.329 5.342 5.356 5.370 5.383 5.396 5.409 5.422 5.435 5.448 5.460 5.473 5.485 5.498 5.509 5.520 5.530 5.541 5.552 5.563 5.574 5.585 5.596 5.607 5.618 5.629 5.640 5.651 5.662
4.346 4.378 4.410 4.440 4.471 4.500 4.529 4.558 4.585 4.613 4.639 4.665 4.691 4.716 4.740 4.764 4.786 4.808 4.830 4.851 4.873 4.893 4.914 4.934 4.953 4.972 4.991 5.010 5.028 5.046 5.063 5.080 5.097 5.114 5.130 5.147 5.163 5.179 5.195 5.209 5.224 5.238 5.253 5.267 5.282 5.296 5.310 5.324 5.338 5.352 5.366 5.379 5.393 5.406 5.419 5.432 5.445 5.458 5.470 5.483 5.495 5.508 5.519 5.530 5.541 5.551 5.562 5.573 5.584 5.595 5.606 5.617 5.628 5.639 5.649 5.660 5.671
4.363 4.395 4.426 4.457 4.487 4.516 4.545 4.573 4.600 4.627 4.654 4.680 4.705 4.730 4.754 4.778 4.800 4.822 4.844 4.865 4.886 4.907 4.927 4.947 4.967 4.986 5.004 5.022 5.040 5.058 5.075 5.093 5.109 5.126 5.142 5.158 5.174 5.190 5.206 5.220 5.234 5.248 5.263 5.277 5.292 5.306 5.320 5.334 5.348 5.362 5.375 5.389 5.402 5.415 5.428 5.441 5.454 5.467 5.480 5.492 5.505 5.517 5.529 5.539 5.550 5.561 5.572 5.583 5.594 5.605 5.616 5.627 5.638 5.648 5.659 5.669 5.680
4.380 4.411 4.442 4.473 4.502 4.531 4.560 4.588 4.615 4.642 4.668 4.694 4.719 4.744 4.768 4.792 4.814 4.836 4.857 4.879 4.900 4.921 4.941 4.960 4.980 4.999 5.017 5.035 5.053 5.071 5.088 5.105 5.122 5.138 5.154 5.170 5.186 5.201 5.217 5.231 5.245 5.259 5.273 5.287 5.302 5.316 5.330 5.343 5.357 5.371 5.384 5.398 5.411 5.424 5.437 5.450 5.463 5.476 5.489 5.501 5.514 5.526 5.538 5.549 5.560 5.571 5.582 5.593 5.604 5.615 5.626 5.637 5.647 5.658 5.668 5.679 5.689
4.397 4.428 4.458 4.488 4.518 4.547 4.575 4.603 4.630 4.656 4.683 4.708 4.733 4.758 4.782 4.806 4.828 4.849 4.871 4.892 4.913 4.934 4.954 4.974 4.993 5.012 5.030 5.048 5.066 5.084 5.101 5.118 5.134 5.150 5.166 5.182 5.198 5.213 5.228 5.242 5.256 5.270 5.284 5.298 5.312 5.326 5.340 5.353 5.367 5.380 5.394 5.407 5.420 5.433 5.446 5.459 5.472 5.485 5.498 5.510 5.523 5.535 5.547 5.558 5.569 5.580 5.591 5.602 5.614 5.624 5.635 5.646 5.657 5.667 5.678 5.688 5.698
4.413 4.444 4.474 4.504 4.533 4.561 4.589 4.617 4.644 4.671 4.697 4.722 4.747 4.772 4.796 4.819 4.841 4.863 4.884 4.906 4.927 4.947 4.967 4.987 5.006 5.025 5.043 5.061 5.079 5.097 5.114 5.130 5.147 5.163 5.179 5.194 5.210 5.225 5.240 5.254 5.267 5.281 5.295 5.309 5.322 5.336 5.350 5.363 5.376 5.390 5.403 5.416 5.429 5.442 5.455 5.468 5.481 5.493 5.506 5.519 5.531 5.544 5.556 5.566 5.578 5.589 5.600 5.611 5.622 5.634 5.645 5.655 5.666 5.677 5.687 5.697 5.708
4.429 4.460 4.489 4.519 4.548 4.576 4.604 4.631 4.658 4.684 4.710 4.736 4.761 4.785 4.809 4.832 4.854 4.876 4.897 4.919 4.940 4.960 4.980 5.000 5.019 5.038 5.056 5.074 5.092 5.109 5.126 5.143 5.159 5.175 5.191 5.207 5.222 5.237 5.252 5.266 5.279 5.292 5.306 5.320 5.333 5.347 5.360 5.373 5.386 5.399 5.412 5.425 5.438 5.451 5.464 5.477 5.489 5.502 5.515 5.527 5.540 5.552 5.564 5.575 5.586 5.597 5.608 5.620 5.631 5.642 5.653 5.664 5.675 5.686 5.696 5.706 5.717
4.445 4.475 4.505 4.534 4.562 4.590 4.618 4.645 4.672 4.698 4.723 4.749 4.774 4.798 4.822 4.845 4.866 4.888 4.910 4.932 4.952 4.973 4.993 5.013 5.032 5.051 5.069 5.087 5.105 5.122 5.139 5.156 5.172 5.188 5.204 5.219 5.234 5.249 5.264 5.278 5.291 5.304 5.317 5.331 5.344 5.358 5.371 5.384 5.397 5.409 5.422 5.435 5.448 5.460 5.473 5.485 5.498 5.510 5.523 5.535 5.548 5.560 5.572 5.583 5.594 5.605 5.617 5.628 5.639 5.651 5.662 5.673 5.683 5.694 5.705 5.715 5.726
4.460 4.490 4.519 4.548 4.576 4.604 4.632 4.658 4.685 4.711 4.736 4.762 4.786 4.811 4.835 4.857 4.879 4.901 4.922 4.944 4.965 4.985 5.005 5.025 5.044 5.063 5.082 5.100 5.117 5.135 5.152 5.168 5.185 5.201 5.216 5.232 5.247 5.262 5.276 5.290 5.303 5.316 5.329 5.343 5.356 5.369 5.382 5.394 5.407 5.420 5.432 5.445 5.457 5.470 5.482 5.494 5.507 5.519 5.531 5.544 5.556 5.568 5.580 5.591 5.602 5.613 5.624 5.636 5.647 5.658 5.670 5.681 5.692 5.702 5.713 5.724 5.734
4.476 4.505 4.534 4.562 4.590 4.618 4.645 4.672 4.698 4.724 4.749 4.774 4.799 4.823 4.847 4.869 4.891 4.913 4.934 4.956 4.977 4.997 5.018 5.037 5.057 5.075 5.094 5.112 5.130 5.147 5.164 5.181 5.197 5.213 5.229 5.244 5.259 5.274 5.289 5.302 5.315 5.328 5.341 5.354 5.367 5.380 5.393 5.406 5.418 5.431 5.443 5.455 5.467 5.479 5.492 5.504 5.516 5.528 5.540 5.552 5.564 5.577 5.588 5.598 5.609 5.621 5.632 5.643 5.655 5.666 5.677 5.688 5.699 5.710 5.721 5.732 5.742
4.491 4.520 4.548 4.576 4.604 4.631 4.658 4.685 4.711 4.736 4.761 4.786 4.811 4.835 4.858 4.881 4.902 4.924 4.946 4.967 4.988 5.009 5.029 5.049 5.068 5.087 5.106 5.124 5.142 5.159 5.176 5.193 5.209 5.225 5.241 5.256 5.272 5.287 5.301 5.314 5.327 5.340 5.353 5.366 5.379 5.392 5.405 5.417 5.429 5.442 5.454 5.466 5.478 5.490 5.501 5.513 5.525 5.537 5.549 5.561 5.573 5.585 5.596 5.606 5.617 5.628 5.640 5.651 5.662 5.673 5.685 5.696 5.707 5.718 5.729 5.739 5.750
4.505 4.534 4.562 4.590 4.618 4.645 4.671 4.697 4.723 4.748 4.773 4.798 4.822 4.846 4.870 4.892 4.914 4.935 4.957 4.978 4.999 5.020 5.040 5.060 5.079 5.098 5.117 5.135 5.153 5.171 5.188 5.205 5.221 5.237 5.253 5.269 5.284 5.299 5.313 5.326 5.339 5.352 5.365 5.378 5.391 5.404 5.417 5.429 5.441 5.453 5.465 5.477 5.488 5.500 5.512 5.523 5.535 5.547 5.558 5.570 5.582 5.594 5.604 5.614 5.625 5.636 5.647 5.658 5.670 5.681 5.692 5.703 5.714 5.725 5.736 5.747 5.757
4.520 4.548 4.576 4.604 4.631 4.658 4.684 4.710 4.735 4.760 4.785 4.810 4.834 4.857 4.881 4.903 4.925 4.946 4.968 4.989 5.010 5.031 5.051 5.071 5.090 5.109 5.128 5.146 5.164 5.182 5.199 5.216 5.232 5.249 5.265 5.280 5.296 5.311 5.325 5.338 5.351 5.364 5.377 5.391 5.403 5.416 5.428 5.441 5.453 5.465 5.476 5.488 5.500 5.511 5.523 5.534 5.545 5.557 5.568 5.580 5.591 5.602 5.612 5.622 5.633 5.644 5.655 5.666 5.677 5.688 5.699 5.710 5.721 5.732 5.743 5.754 5.764
4.534 4.563 4.590 4.617 4.644 4.670 4.696 4.722 4.747 4.772 4.797 4.821 4.845 4.868 4.892 4.914 4.935 4.957 4.978 5.000 5.021 5.041 5.061 5.081 5.101 5.120 5.138 5.157 5.175 5.192 5.210 5.227 5.243 5.260 5.276 5.291 5.307 5.322 5.336 5.349 5.363 5.376 5.389 5.402 5.415 5.428 5.440 5.453 5.465 5.476 5.488 5.500 5.511 5.522 5.534 5.545 5.556 5.567 5.578 5.589 5.601 5.611 5.621 5.631 5.642 5.652 5.663 5.674 5.685 5.696 5.706 5.717 5.728 5.739 5.750 5.761 5.771
4.549 4.577 4.604 4.631 4.657 4.683 4.709 4.734 4.759 4.784 4.808 4.832 4.856 4.879 4.902 4.924 4.946 4.967 4.989 5.010 5.031 5.051 5.071 5.091 5.111 5.130 5.148 5.167 5.185 5.203 5.220 5.237 5.254 5.270 5.286 5.302 5.318 5.333 5.347 5.360 5.374 5.387 5.401 5.414 5.427 5.440 5.452 5.464 5.476 5.488 5.500 5.511 5.523 5.534 5.545 5.556 5.567 5.578 5.589 5.600 5.611 5.621 5.631 5.640 5.650 5.661 5.671 5.682 5.693 5.703 5.714 5.725 5.735 5.746 5.757 5.768 5.778
4.563 4.591 4.618 4.644 4.670 4.696 4.721 4.746 4.771 4.796 4.820 4.843 4.867 4.890 4.913 4.935 4.956 4.977 4.998 5.020 5.040 5.061 5.081 5.101 5.120 5.139 5.158 5.177 5.195 5.212 5.230 5.247 5.264 5.280 5.296 5.312 5.328 5.343 5.358 5.371 5.385 5.398 5.412 5.425 5.438 5.451 5.463 5.476 5.488 5.500 5.511 5.523 5.534 5.545 5.556 5.567 5.578 5.589 5.600 5.610 5.621 5.631 5.640 5.650 5.660 5.670 5.680 5.690 5.701 5.711 5.722 5.732 5.743 5.753 5.764 5.775 5.785
4.577 4.605 4.631 4.658 4.683 4.709 4.734 4.759 4.783 4.807 4.831 4.854 4.878 4.901 4.923 4.945 4.966 4.987 5.008 5.029 5.050 5.070 5.090 5.110 5.129 5.149 5.167 5.186 5.204 5.222 5.239 5.256 5.273 5.290 5.306 5.322 5.338 5.353 5.368 5.381 5.395 5.409 5.422 5.436 5.449 5.462 5.475 5.487 5.499 5.511 5.523 5.534 5.546 5.557 5.568 5.579 5.589 5.600 5.611 5.621 5.632 5.642 5.651 5.660 5.670 5.679 5.689 5.699 5.709 5.720 5.730 5.740 5.750 5.761 5.771 5.782 5.792
4.592 4.619 4.645 4.671 4.697 4.722 4.747 4.771 4.795 4.819 4.842 4.866 4.889 4.911 4.934 4.955 4.976 4.997 5.018 5.039 5.059 5.080 5.100 5.119 5.139 5.158 5.176 5.195 5.213 5.231 5.248 5.265 5.282 5.299 5.315 5.331 5.347 5.363 5.377 5.391 5.405 5.419 5.432 5.446 5.459 5.472 5.485 5.498 5.510 5.522 5.534 5.546 5.557 5.568 5.579 5.590 5.601 5.611 5.622 5.632 5.643 5.652 5.661 5.670 5.680 5.689 5.699 5.709 5.718 5.728 5.738 5.748 5.758 5.769 5.779 5.789 5.799
4.606 4.633 4.659 4.685 4.710 4.735 4.759 4.783 4.807 4.831 4.854 4.877 4.900 4.922 4.944 4.965 4.986 5.007 5.028 5.048 5.069 5.089 5.109 5.128 5.147 5.166 5.185 5.204 5.222 5.239 5.257 5.274 5.291 5.308 5.324 5.340 5.356 5.372 5.386 5.400 5.414 5.428 5.442 5.456 5.469 5.482 5.495 5.508 5.520 5.533 5.545 5.556 5.568 5.579 5.590 5.601 5.612 5.623 5.633 5.643 5.654 5.663 5.672 5.681 5.690 5.700 5.709 5.718 5.728 5.738 5.747 5.757 5.767 5.777 5.787 5.797 5.807
4.621 4.647 4.673 4.698 4.723 4.748 4.772 4.796 4.819 4.843 4.866 4.888 4.911 4.933 4.955 4.976 4.996 5.017 5.037 5.058 5.078 5.098 5.118 5.137 5.156 5.175 5.194 5.212 5.230 5.248 5.265 5.283 5.300 5.316 5.333 5.349 5.365 5.380 5.395 5.409 5.423 5.437 5.451 5.465 5.478 5.492 5.505 5.518 5.530 5.543 5.555 5.567 5.578 5.590 5.601 5.612 5.623 5.634 5.644 5.655 5.665 5.674 5.683 5.692 5.701 5.710 5.719 5.729 5.738 5.747 5.757 5.766 5.776 5.785 5.795 5.805 5.814
4.635 4.661 4.687 4.712 4.737 4.761 4.785 4.809 4.832 4.855 4.878 4.900 4.922 4.944 4.966 4.986 5.006 5.027 5.047 5.067 5.087 5.107 5.127 5.146 5.165 5.184 5.202 5.221 5.239 5.256 5.274 5.291 5.308 5.324 5.341 5.357 5.373 5.389 5.403 5.417 5.431 5.445 5.460 5.473 5.487 5.501 5.514 5.527 5.540 5.552 5.564 5.576 5.588 5.600 5.611 5.622 5.633 5.644 5.655 5.665 5.676 5.685 5.694 5.703 5.712 5.721 5.730 5.739 5.748 5.757 5.766 5.776 5.785 5.794 5.804 5.813 5.822
4.650 4.676 4.701 4.726 4.750 4.774 4.798 4.821 4.844 4.867 4.890 4.912 4.934 4.955 4.977 4.997 5.017 5.037 5.057 5.077 5.097 5.117 5.136 5.155 5.174 5.193 5.211 5.229 5.247 5.265 5.282 5.299 5.316 5.332 5.349 5.365 5.381 5.397 5.411 5.425 5.439 5.454 5.468 5.482 5.495 5.509 5.522 5.535 5.548 5.561 5.573 5.586 5.598 5.609 5.621 5.632 5.643 5.654 5.665 5.676 5.686 5.696 5.705 5.714 5.723 5.732 5.741 5.750 5.759 5.768 5.777 5.786 5.795 5.804 5.813 5.822 5.831
4.664 4.690 4.715 4.740 4.764 4.788 4.811 4.835 4.857 4.880 4.902 4.924 4.946 4.967 4.988 5.008 5.027 5.047 5.067 5.087 5.107 5.126 5.145 5.164 5.183 5.201 5.220 5.238 5.255 5.273 5.290 5.307 5.324 5.341 5.357 5.373 5.389 5.405 5.419 5.433 5.447 5.462 5.476 5.490 5.503 5.517 5.531 5.544 5.557 5.569 5.582 5.594 5.607 5.618 5.630 5.642 5.653 5.664 5.675 5.686 5.697 5.706 5.715 5.724 5.733 5.742 5.751 5.760 5.769 5.778 5.787 5.796 5.804 5.813 5.822 5.831 5.840
4.679 4.704 4.729 4.754 4.778 4.802 4.825 4.848 4.870 4.893 4.915 4.936 4.958 4.979 5.000 5.019 5.038 5.058 5.078 5.097 5.117 5.136 5.155 5.174 5.192 5.210 5.229 5.246 5.264 5.281 5.298 5.315 5.332 5.349 5.365 5.381 5.397 5.412 5.427 5.441 5.455 5.469 5.483 5.497 5.511 5.525 5.538 5.552 5.565 5.578 5.590 5.603 5.615 5.627 5.639 5.651 5.662 5.673 5.685 5.695 5.706 5.716 5.725 5.734 5.743 5.753 5.762 5.771 5.780 5.788 5.797 5.806 5.815 5.823 5.832 5.841 5.849
4.693 4.719 4.744 4.768 4.792 4.815 4.838 4.861 4.884 4.906 4.927 4.949 4.970 4.991 5.011 5.030 5.050 5.069 5.089 5.108 5.127 5.146 5.165 5.183 5.202 5.220 5.238 5.255 5.273 5.290 5.307 5.324 5.340 5.357 5.373 5.389 5.405 5.420 5.435 5.448 5.462 5.477 5.491 5.505 5.519 5.532 5.546 5.559 5.572 5.585 5.598 5.610 5.623 5.635 5.647 5.659 5.671 5.682 5.693 5.705 5.716 5.726 5.735 5.744 5.753 5.763 5.772 5.781 5.790 5.799 5.808 5.816 5.825 5.833 5.842 5.850 5.859
4.708 4.733 4.758 4.782 4.806 4.829 4.852 4.875 4.897 4.919 4.940 4.962 4.983 5.004 5.023 5.042 5.061 5.081 5.100 5.119 5.138 5.157 5.175 5.193 5.212 5.229 5.247 5.265 5.282 5.299 5.316 5.332 5.349 5.365 5.381 5.397 5.412 5.428 5.442 5.456 5.470 5.484 5.498 5.512 5.526 5.540 5.553 5.566 5.580 5.593 5.605 5.618 5.630 5.643 5.655 5.667 5.679 5.690 5.702 5.713 5.724 5.734 5.744 5.753 5.763 5.772 5.781 5.791 5.800 5.809 5.818 5.826 5.835 5.843 5.852 5.860 5.869
4.722 4.747 4.772 4.796 4.820 4.843 4.866 4.888 4.910 4.932 4.953 4.974 4.995 5.016 5.035 5.054 5.073 5.092 5.111 5.130 5.149 5.167 5.186 5.204 5.222 5.239 5.257 5.274 5.291 5.308 5.325 5.341 5.357 5.373 5.389 5.405 5.421 5.436 5.450 5.464 5.478 5.492 5.506 5.520 5.533 5.547 5.560 5.574 5.587 5.600 5.613 5.625 5.638 5.650 5.662 5.674 5.686 5.698 5.710 5.721 5.733 5.743 5.752 5.762 5.771 5.781 5.791 5.800 5.809 5.818 5.827 5.836 5.845 5.853 5.862 5.870 5.878
4.736 4.761 4.786 4.810 4.833 4.857 4.879 4.902 4.923 4.945 4.966 4.987 5.008 5.028 5.048 5.066 5.085 5.104 5.123 5.142 5.160 5.179 5.197 5.214 5.232 5.250 5.267 5.284 5.301 5.318 5.334 5.350 5.366 5.382 5.398 5.414 5.429 5.444 5.458 5.471 5.485 5.499 5.513 5.527 5.541 5.554 5.568 5.581 5.594 5.607 5.620 5.632 5.645 5.657 5.669 5.682 5.694 5.705 5.717 5.729 5.740 5.751 5.760 5.770 5.780 5.790 5.799 5.809 5.818 5.828 5.837 5.846 5.854 5.863 5.872 5.880 5.888
4.750 4.775 4.799 4.823 4.847 4.870 4.893 4.915 4.937 4.958 4.979 5.000 5.021 5.041 5.060 5.078 5.097 5.116 5.135 5.153 5.172 5.190 5.208 5.225 5.243 5.260 5.277 5.294 5.311 5.327 5.344 5.360 5.376 5.391 5.407 5.423 5.438 5.453 5.466 5.479 5.493 5.507 5.521 5.535 5.548 5.562 5.575 5.588 5.601 5.614 5.627 5.639 5.652 5.664 5.676 5.689 5.701 5.713 5.724 5.736 5.748 5.758 5.768 5.778 5.788 5.798 5.808 5.817 5.827 5.836 5.846 5.855 5.864 5.872 5.881 5.890 5.898
