TsunamiDB/out54145.asc
ncols          264
nrows          230
xllcorner      497853.4375
yllcorner      4229146.0000
cellsize         5.
NODATA_value   -99
[rows 0 to 33 of 230, columns 154 to 230 of 264]
6.519 6.525 6.530 6.535 6.540 6.545 6.549 6.553 6.556 6.559 6.562 6.565 6.568 6.570 6.572 6.574 6.576 6.578 6.580 6.583 6.585 6.587 6.590 6.593 6.595 6.597 6.599 6.602 6.604 6.606 6.608 6.611 6.613 6.615 6.618 6.620 6.623 6.625 6.628 6.630 6.633 6.636 6.638 6.641 6.644 6.648 6.651 6.653 6.656 6.658 6.661 6.663 6.666 6.668 6.670 6.672 6.674 6.676 6.678 6.681 6.683 6.685 6.687 6.689 6.692 6.694 6.697 6.700 6.703 6.706 6.709 6.712 6.715 6.718 6.721 6.725 6.729
6.522 6.528 6.534 6.539 6.544 6.549 6.554 6.558 6.561 6.565 6.568 6.571 6.573 6.576 6.578 6.581 6.583 6.585 6.587 6.589 6.591 6.593 6.596 6.599 6.601 6.603 6.605 6.607 6.610 6.612 6.614 6.616 6.618 6.621 6.623 6.626 6.628 6.631 6.633 6.636 6.638 6.641 6.644 6.647 6.650 6.653 6.656 6.659 6.661 6.664 6.666 6.669 6.671 6.673 6.676 6.678 6.680 6.682 6.684 6.686 6.688 6.691 6.693 6.695 6.697 6.700 6.702 6.705 6.708 6.711 6.714 6.717 6.720 6.723 6.726 6.729 6.733
6.526 6.532 6.538 6.543 6.549 6.553 6.558 6.562 6.566 6.570 6.573 6.576 6.579 6.582 6.584 6.587 6.589 6.591 6.593 6.595 6.597 6.600 6.602 6.605 6.607 6.609 6.611 6.613 6.615 6.617 6.620 6.622 6.624 6.626 6.628 6.631 6.633 6.636 6.638 6.641 6.643 6.646 6.649 6.652 6.655 6.658 6.661 6.664 6.667 6.669 6.672 6.674 6.676 6.679 6.681 6.683 6.685 6.687 6.690 6.692 6.694 6.696 6.698 6.701 6.703 6.705 6.708 6.711 6.714 6.717 6.719 6.722 6.724 6.727 6.730 6.734 6.737
6.529 6.535 6.541 6.547 6.553 6.558 6.562 6.567 6.571 6.575 6.578 6.581 6.584 6.587 6.590 6.592 6.595 6.597 6.599 6.601 6.603 6.606 6.608 6.611 6.613 6.615 6.617 6.619 6.621 6.623 6.625 6.627 6.629 6.632 6.634 6.636 6.638 6.641 6.643 6.646 6.649 6.651 6.654 6.657 6.660 6.663 6.666 6.669 6.672 6.674 6.677 6.679 6.681 6.684 6.686 6.688 6.690 6.693 6.695 6.697 6.699 6.701 6.704 6.706 6.708 6.711 6.713 6.716 6.719 6.721 6.724 6.726 6.729 6.732 6.735 6.738 6.741
6.532 6.539 6.545 6.551 6.556 6.562 6.566 6.571 6.575 6.579 6.583 6.586 6.590 6.593 6.595 6.598 6.600 6.603 6.605 6.607 6.609 6.612 6.614 6.617 6.619 6.621 6.623 6.625 6.627 6.629 6.631 6.633 6.635 6.637 6.639 6.641 6.644 6.646 6.648 6.651 6.653 6.656 6.659 6.662 6.665 6.668 6.671 6.674 6.676 6.679 6.681 6.684 6.686 6.689 6.691 6.693 6.696 6.698 6.700 6.702 6.704 6.707 6.709 6.711 6.713 6.716 6.718 6.721 6.724 6.726 6.729 6.731 6.733 6.736 6.739 6.742 6.745
6.535 6.542 6.548 6.554 6.560 6.565 6.570 6.575 6.580 6.584 6.588 6.591 6.595 6.598 6.601 6.603 6.606 6.608 6.611 6.613 6.615 6.618 6.620 6.623 6.625 6.627 6.628 6.630 6.632 6.634 6.636 6.638 6.640 6.642 6.644 6.646 6.649 6.651 6.653 6.656 6.658 6.661 6.664 6.666 6.669 6.673 6.676 6.679 6.681 6.684 6.686 6.689 6.691 6.693 6.696 6.698 6.700 6.703 6.705 6.707 6.709 6.711 6.714 6.716 6.718 6.721 6.723 6.726 6.729 6.731 6.733 6.735 6.738 6.740 6.743 6.746 6.749
6.538 6.545 6.552 6.558 6.564 6.569 6.574 6.579 6.584 6.588 6.592 6.596 6.599 6.603 6.606 6.609 6.611 6.614 6.616 6.619 6.621 6.624 6.626 6.629 6.630 6.632 6.634 6.636 6.638 6.640 6.641 6.643 6.645 6.647 6.649 6.651 6.654 6.656 6.658 6.661 6.663 6.666 6.668 6.671 6.674 6.677 6.680 6.683 6.686 6.688 6.691 6.693 6.696 6.698 6.700 6.703 6.705 6.707 6.709 6.712 6.714 6.716 6.718 6.721 6.723 6.725 6.728 6.731 6.733 6.735 6.737 6.740 6.742 6.744 6.746 6.749 6.752
6.541 6.548 6.555 6.561 6.567 6.573 6.578 6.583 6.588 6.592 6.596 6.600 6.604 6.607 6.611 6.614 6.617 6.619 6.622 6.624 6.627 6.629 6.632 6.634 6.636 6.638 6.640 6.641 6.643 6.645 6.647 6.649 6.650 6.652 6.654 6.656 6.659 6.661 6.663 6.665 6.668 6.670 6.673 6.676 6.679 6.682 6.685 6.687 6.690 6.693 6.695 6.698 6.700 6.702 6.705 6.707 6.709 6.712 6.714 6.716 6.718 6.721 6.723 6.725 6.727 6.730 6.732 6.735 6.737 6.740 6.742 6.744 6.746 6.748 6.750 6.752 6.755
6.544 6.551 6.558 6.564 6.570 6.576 6.581 6.587 6.591 6.596 6.600 6.605 6.608 6.612 6.615 6.619 6.622 6.624 6.627 6.629 6.632 6.634 6.637 6.640 6.642 6.643 6.645 6.647 6.648 6.650 6.652 6.654 6.655 6.657 6.659 6.661 6.663 6.665 6.668 6.670 6.672 6.675 6.677 6.680 6.683 6.686 6.689 6.692 6.694 6.697 6.699 6.702 6.704 6.706 6.709 6.711 6.713 6.716 6.718 6.720 6.722 6.725 6.727 6.729 6.731 6.734 6.736 6.739 6.741 6.743 6.745 6.747 6.749 6.751 6.753 6.756 6.758
6.546 6.553 6.560 6.567 6.573 6.579 6.585 6.590 6.595 6.600 6.604 6.608 6.613 6.616 6.620 6.623 6.626 6.629 6.632 6.634 6.637 6.640 6.642 6.645 6.647 6.649 6.650 6.652 6.654 6.655 6.657 6.659 6.660 6.662 6.664 6.666 6.668 6.670 6.672 6.674 6.677 6.679 6.682 6.684 6.688 6.691 6.693 6.696 6.698 6.701 6.703 6.706 6.708 6.710 6.713 6.715 6.717 6.720 6.722 6.724 6.726 6.729 6.731 6.733 6.735 6.738 6.740 6.743 6.745 6.747 6.749 6.751 6.753 6.754 6.756 6.758 6.761
6.548 6.556 6.563 6.569 6.576 6.582 6.588 6.593 6.598 6.603 6.608 6.612 6.616 6.620 6.624 6.627 6.631 6.634 6.637 6.639 6.642 6.645 6.648 6.650 6.652 6.654 6.655 6.657 6.659 6.660 6.662 6.663 6.665 6.667 6.669 6.670 6.672 6.674 6.677 6.679 6.681 6.683 6.686 6.688 6.692 6.695 6.697 6.700 6.702 6.705 6.707 6.709 6.712 6.714 6.716 6.719 6.721 6.723 6.725 6.728 6.730 6.732 6.734 6.737 6.739 6.741 6.744 6.746 6.749 6.751 6.752 6.754 6.756 6.757 6.759 6.761 6.763
6.550 6.557 6.565 6.571 6.578 6.584 6.590 6.596 6.601 6.606 6.611 6.616 6.620 6.624 6.628 6.631 6.635 6.638 6.641 6.644 6.646 6.649 6.652 6.655 6.657 6.658 6.660 6.662 6.663 6.665 6.666 6.668 6.670 6.671 6.673 6.675 6.677 6.679 6.681 6.683 6.685 6.687 6.690 6.692 6.695 6.698 6.701 6.703 6.706 6.708 6.711 6.713 6.715 6.718 6.720 6.722 6.724 6.727 6.729 6.731 6.733 6.736 6.738 6.740 6.742 6.745 6.747 6.749 6.752 6.754 6.755 6.757 6.759 6.760 6.762 6.763 6.765
6.551 6.559 6.566 6.573 6.580 6.586 6.592 6.598 6.604 6.609 6.614 6.619 6.623 6.627 6.631 6.635 6.639 6.642 6.645 6.648 6.651 6.654 6.657 6.659 6.661 6.663 6.665 6.666 6.668 6.669 6.671 6.672 6.674 6.676 6.677 6.679 6.681 6.683 6.685 6.687 6.689 6.691 6.693 6.696 6.699 6.702 6.704 6.707 6.709 6.711 6.714 6.716 6.718 6.721 6.723 6.725 6.727 6.730 6.732 6.734 6.736 6.739 6.741 6.743 6.745 6.747 6.750 6.752 6.755 6.756 6.758 6.760 6.761 6.762 6.764 6.765 6.767
6.552 6.560 6.567 6.574 6.581 6.588 6.594 6.600 6.606 6.611 6.617 6.621 6.626 6.630 6.634 6.638 6.642 6.645 6.649 6.652 6.655 6.658 6.661 6.663 6.665 6.667 6.669 6.670 6.672 6.673 6.675 6.676 6.678 6.679 6.681 6.683 6.685 6.686 6.688 6.690 6.692 6.695 6.697 6.699 6.702 6.705 6.707 6.710 6.712 6.715 6.717 6.719 6.721 6.724 6.726 6.728 6.730 6.732 6.735 6.737 6.739 6.741 6.743 6.746 6.748 6.750 6.752 6.755 6.757 6.759 6.760 6.762 6.763 6.764 6.766 6.767 6.768
6.552 6.560 6.568 6.575 6.582 6.589 6.595 6.602 6.608 6.613 6.619 6.624 6.628 6.633 6.637 6.641 6.645 6.649 6.652 6.655 6.658 6.662 6.665 6.667 6.669 6.671 6.673 6.674 6.676 6.677 6.679 6.680 6.682 6.683 6.685 6.686 6.688 6.690 6.692 6.694 6.696 6.698 6.700 6.703 6.705 6.708 6.710 6.713 6.715 6.717 6.720 6.722 6.724 6.726 6.728 6.730 6.733 6.735 6.737 6.739 6.741 6.744 6.746 6.748 6.750 6.752 6.754 6.757 6.759 6.761 6.762 6.764 6.765 6.766 6.767 6.768 6.769
6.552 6.560 6.568 6.575 6.582 6.589 6.596 6.602 6.609 6.614 6.620 6.625 6.630 6.635 6.639 6.644 6.648 6.651 6.655 6.658 6.661 6.665 6.668 6.670 6.672 6.674 6.676 6.678 6.679 6.681 6.682 6.684 6.685 6.687 6.688 6.690 6.691 6.693 6.695 6.697 6.699 6.701 6.703 6.705 6.708 6.711 6.713 6.715 6.717 6.720 6.722 6.724 6.726 6.728 6.731 6.733 6.735 6.737 6.739 6.741 6.743 6.745 6.748 6.750 6.752 6.754 6.756 6.759 6.761 6.762 6.764 6.765 6.766 6.767 6.768 6.769 6.770
6.550 6.559 6.567 6.574 6.582 6.589 6.596 6.603 6.609 6.615 6.621 6.626 6.631 6.636 6.641 6.645 6.650 6.653 6.657 6.661 6.664 6.668 6.671 6.673 6.675 6.677 6.679 6.681 6.682 6.684 6.685 6.687 6.688 6.690 6.691 6.693 6.694 6.696 6.697 6.699 6.701 6.703 6.705 6.708 6.710 6.713 6.715 6.717 6.720 6.722 6.724 6.726 6.728 6.730 6.732 6.734 6.737 6.739 6.741 6.743 6.745 6.747 6.749 6.751 6.753 6.756 6.758 6.760 6.762 6.764 6.765 6.766 6.767 6.768 6.769 6.770 6.770
6.548 6.557 6.565 6.573 6.581 6.588 6.595 6.602 6.609 6.615 6.621 6.627 6.632 6.637 6.642 6.647 6.651 6.655 6.659 6.663 6.666 6.670 6.673 6.676 6.678 6.680 6.682 6.684 6.685 6.687 6.688 6.689 6.691 6.692 6.694 6.695 6.697 6.698 6.700 6.702 6.703 6.705 6.708 6.710 6.713 6.715 6.717 6.719 6.721 6.724 6.726 6.728 6.730 6.732 6.734 6.736 6.738 6.740 6.742 6.744 6.746 6.748 6.750 6.752 6.755 6.757 6.759 6.761 6.763 6.765 6.766 6.767 6.768 6.769 6.769 6.770 6.770
6.546 6.554 6.563 6.571 6.579 6.586 6.594 6.601 6.608 6.614 6.620 6.626 6.632 6.637 6.642 6.647 6.652 6.656 6.660 6.664 6.668 6.671 6.675 6.677 6.680 6.682 6.684 6.686 6.687 6.689 6.690 6.692 6.693 6.694 6.696 6.697 6.699 6.700 6.702 6.704 6.705 6.707 6.709 6.712 6.714 6.717 6.719 6.721 6.723 6.725 6.727 6.729 6.731 6.733 6.735 6.737 6.739 6.741 6.743 6.745 6.747 6.749 6.751 6.753 6.755 6.757 6.760 6.762 6.764 6.765 6.766 6.767 6.768 6.769 6.769 6.770 6.770
6.542 6.551 6.560 6.568 6.576 6.584 6.592 6.599 6.606 6.613 6.619 6.625 6.631 6.637 6.642 6.647 6.652 6.656 6.661 6.665 6.669 6.673 6.676 6.679 6.681 6.684 6.686 6.687 6.689 6.691 6.692 6.693 6.695 6.696 6.698 6.699 6.700 6.702 6.704 6.705 6.707 6.709 6.711 6.713 6.716 6.718 6.720 6.722 6.724 6.726 6.728 6.730 6.732 6.734 6.736 6.738 6.740 6.742 6.744 6.746 6.748 6.750 6.752 6.754 6.756 6.758 6.760 6.763 6.764 6.766 6.767 6.767 6.768 6.769 6.769 6.769 6.769
6.538 6.547 6.556 6.564 6.573 6.581 6.589 6.596 6.603 6.610 6.617 6.624 6.630 6.636 6.641 6.646 6.651 6.656 6.661 6.665 6.669 6.673 6.677 6.680 6.682 6.685 6.687 6.689 6.690 6.692 6.694 6.695 6.696 6.698 6.699 6.700 6.702 6.703 6.705 6.706 6.708 6.710 6.712 6.714 6.717 6.719 6.721 6.723 6.725 6.727 6.729 6.731 6.733 6.735 6.737 6.738 6.740 6.742 6.744 6.746 6.748 6.750 6.752 6.754 6.756 6.758 6.760 6.763 6.764 6.766 6.767 6.767 6.768 6.768 6.768 6.768 6.768
6.534 6.543 6.552 6.560 6.569 6.577 6.585 6.593 6.600 6.608 6.615 6.621 6.628 6.634 6.640 6.645 6.650 6.655 6.660 6.664 6.669 6.673 6.677 6.680 6.683 6.685 6.687 6.689 6.691 6.693 6.694 6.696 6.697 6.699 6.700 6.701 6.703 6.704 6.706 6.707 6.709 6.711 6.713 6.715 6.717 6.720 6.722 6.724 6.725 6.727 6.729 6.731 6.733 6.735 6.737 6.739 6.741 6.743 6.744 6.746 6.748 6.750 6.752 6.754 6.756 6.758 6.760 6.763 6.764 6.765 6.766 6.767 6.767 6.767 6.767 6.767 6.767
6.529 6.538 6.547 6.556 6.564 6.573 6.581 6.589 6.597 6.604 6.611 6.618 6.625 6.631 6.637 6.643 6.649 6.654 6.659 6.663 6.668 6.672 6.676 6.680 6.683 6.685 6.688 6.690 6.692 6.693 6.695 6.697 6.698 6.699 6.701 6.702 6.704 6.705 6.706 6.708 6.710 6.711 6.713 6.715 6.718 6.720 6.722 6.724 6.726 6.728 6.730 6.731 6.733 6.735 6.737 6.739 6.741 6.743 6.744 6.746 6.748 6.750 6.752 6.754 6.756 6.758 6.760 6.762 6.764 6.765 6.766 6.766 6.767 6.767 6.766 6.766 6.766
6.523 6.533 6.542 6.551 6.559 6.568 6.576 6.584 6.592 6.600 6.607 6.615 6.622 6.628 6.635 6.641 6.646 6.652 6.657 6.662 6.667 6.671 6.676 6.679 6.682 6.685 6.687 6.690 6.692 6.694 6.695 6.697 6.698 6.700 6.701 6.703 6.704 6.705 6.707 6.708 6.710 6.712 6.714 6.716 6.718 6.721 6.722 6.724 6.726 6.728 6.730 6.731 6.733 6.735 6.737 6.739 6.741 6.742 6.744 6.746 6.748 6.750 6.752 6.754 6.756 6.758 6.760 6.762 6.763 6.764 6.765 6.765 6.766 6.766 6.765 6.765 6.764
6.518 6.527 6.537 6.545 6.554 6.563 6.571 6.580 6.588 6.596 6.603 6.611 6.618 6.625 6.631 6.638 6.644 6.649 6.655 6.660 6.665 6.670 6.674 6.678 6.681 6.684 6.687 6.689 6.691 6.693 6.695 6.697 6.698 6.700 6.701 6.703 6.704 6.706 6.707 6.709 6.710 6.712 6.714 6.716 6.719 6.721 6.722 6.724 6.726 6.728 6.730 6.731 6.733 6.735 6.737 6.739 6.740 6.742 6.744 6.746 6.748 6.750 6.752 6.753 6.755 6.757 6.760 6.761 6.763 6.764 6.764 6.765 6.765 6.764 6.764 6.763 6.762
6.513 6.522 6.531 6.540 6.549 6.558 6.567 6.575 6.583 6.591 6.599 6.607 6.614 6.621 6.628 6.634 6.641 6.646 6.652 6.658 6.663 6.668 6.673 6.677 6.680 6.683 6.686 6.689 6.691 6.693 6.695 6.697 6.698 6.700 6.701 6.703 6.704 6.706 6.707 6.709 6.710 6.712 6.714 6.716 6.719 6.721 6.723 6.724 6.726 6.728 6.730 6.731 6.733 6.735 6.737 6.738 6.740 6.742 6.744 6.746 6.748 6.749 6.751 6.753 6.755 6.757 6.759 6.761 6.762 6.763 6.764 6.764 6.764 6.763 6.763 6.762 6.761
6.508 6.517 6.526 6.535 6.544 6.553 6.562 6.570 6.578 6.587 6.595 6.602 6.610 6.617 6.624 6.631 6.637 6.643 6.649 6.655 6.660 6.666 6.671 6.675 6.679 6.682 6.685 6.688 6.690 6.692 6.694 6.696 6.698 6.700 6.701 6.703 6.704 6.706 6.707 6.709 6.711 6.712 6.714 6.717 6.719 6.721 6.723 6.724 6.726 6.728 6.730 6.732 6.733 6.735 6.737 6.738 6.740 6.742 6.744 6.746 6.747 6.749 6.751 6.753 6.755 6.757 6.759 6.761 6.762 6.763 6.763 6.763 6.763 6.762 6.761 6.760 6.759
6.503 6.513 6.522 6.530 6.539 6.548 6.557 6.565 6.574 6.582 6.590 6.598 6.606 6.613 6.620 6.627 6.634 6.640 6.646 6.652 6.658 6.664 6.669 6.673 6.677 6.681 6.684 6.687 6.689 6.692 6.694 6.696 6.698 6.699 6.701 6.703 6.704 6.706 6.707 6.709 6.711 6.713 6.715 6.717 6.719 6.721 6.723 6.725 6.726 6.728 6.730 6.732 6.733 6.735 6.737 6.739 6.740 6.742 6.744 6.746 6.747 6.749 6.751 6.753 6.755 6.757 6.759 6.760 6.761 6.762 6.763 6.762 6.762 6.761 6.760 6.758 6.757
6.499 6.508 6.517 6.526 6.535 6.544 6.552 6.561 6.569 6.578 6.586 6.594 6.602 6.609 6.617 6.624 6.630 6.637 6.643 6.649 6.656 6.662 6.667 6.671 6.675 6.679 6.683 6.686 6.688 6.691 6.693 6.695 6.697 6.699 6.701 6.703 6.704 6.706 6.708 6.709 6.711 6.713 6.715 6.717 6.720 6.721 6.723 6.725 6.727 6.729 6.730 6.732 6.734 6.736 6.737 6.739 6.741 6.742 6.744 6.746 6.748 6.749 6.751 6.753 6.755 6.757 6.759 6.760 6.761 6.762 6.762 6.762 6.761 6.760 6.759 6.757 6.755
6.496 6.505 6.513 6.522 6.531 6.539 6.548 6.557 6.565 6.573 6.582 6.590 6.598 6.605 6.613 6.620 6.627 6.634 6.640 6.647 6.653 6.659 6.665 6.669 6.674 6.678 6.681 6.685 6.688 6.690 6.693 6.695 6.697 6.699 6.701 6.703 6.704 6.706 6.708 6.710 6.711 6.713 6.715 6.718 6.720 6.722 6.724 6.726 6.727 6.729 6.731 6.733 6.734 6.736 6.738 6.740 6.741 6.743 6.745 6.746 6.748 6.750 6.752 6.753 6.755 6.757 6.759 6.761 6.761 6.762 6.762 6.762 6.761 6.759 6.757 6.755 6.753
6.493 6.501 6.510 6.519 6.527 6.536 6.544 6.553 6.561 6.570 6.578 6.586 6.594 6.602 6.609 6.617 6.624 6.631 6.638 6.644 6.651 6.657 6.662 6.667 6.672 6.676 6.680 6.683 6.687 6.690 6.692 6.695 6.697 6.699 6.701 6.703 6.705 6.706 6.708 6.710 6.712 6.714 6.716 6.719 6.721 6.723 6.725 6.727 6.728 6.730 6.732 6.734 6.735 6.737 6.739 6.741 6.742 6.744 6.746 6.747 6.749 6.751 6.753 6.754 6.756 6.758 6.760 6.761 6.762 6.762 6.762 6.762 6.760 6.759 6.756 6.753 6.750
6.490 6.499 6.507 6.516 6.524 6.533 6.541 6.549 6.558 6.566 6.574 6.583 6.591 6.598 6.606 6.614 6.621 6.628 6.635 6.642 6.649 6.655 6.661 6.666 6.670 6.675 6.679 6.683 6.686 6.689 6.692 6.694 6.697 6.699 6.701 6.703 6.705 6.707 6.709 6.711 6.713 6.715 6.717 6.719 6.722 6.724 6.726 6.728 6.729 6.731 6.733 6.735 6.737 6.738 6.740 6.742 6.743 6.745 6.747 6.749 6.750 6.752 6.754 6.755 6.757 6.759 6.761 6.762 6.763 6.763 6.763 6.762 6.760 6.758 6.755 6.751 6.747
6.489 6.497 6.505 6.513 6.522 6.530 6.538 6.547 6.555 6.563 6.571 6.580 6.588 6.595 6.603 6.611 6.618 6.625 6.633 6.640 6.647 6.653 6.659 6.664 6.669 6.674 6.678 6.682 6.685 6.688 6.691 6.694 6.697 6.699 6.701 6.703 6.705 6.707 6.709 6.711 6.713 6.716 6.718 6.720 6.723 6.725 6.727 6.729 6.731 6.733 6.734 6.736 6.738 6.740 6.742 6.743 6.745 6.747 6.748 6.750 6.752 6.753 6.755 6.757 6.758 6.760 6.762 6.763 6.764 6.764 6.764 6.762 6.760 6.757 6.754 6.749 6.744
6.487 6.495 6.503 6.511 6.520 6.528 6.536 6.544 6.552 6.561 6.569 6.577 6.585 6.593 6.601 6.608 6.616 6.623 6.630 6.637 6.645 6.651 6.657 6.663 6.668 6.672 6.677 6.681 6.685 6.688 6.691 6.694 6.697 6.699 6.702 6.704 6.706 6.708 6.710 6.712 6.714 6.717 6.719 6.722 6.724 6.726 6.728 6.730 6.732 6.734 6.736 6.738 6.740 6.742 6.743 6.745 6.747 6.749 6.750 6.752 6.754 6.755 6.757 6.759 6.760 6.762 6.763 6.765 6.765 6.765 6.764 6.763 6.760 6.757 6.752 6.747 6.741
