version2/TsunamiDB/out54020.asc
ncols          264
nrows          230
xllcorner      497853.4375
yllcorner      4229146.0000
cellsize         5.
NODATA_value   -99
[rows 62 to 92 of 230, columns 142 to 212 of 264]
-99.000 -99.000 -99.000 -99.000 -99.000 -99.000 -99.000 -99.000 -99.000 -99.000 -99.000 -99.000 -99.000 -99.000 -99.000 -99.000 -99.000 -99.000 -99.000 -99.000 -99.000 -99.000 1.644 1.647 1.685 1.814 2.037 2.326 2.645 2.961 3.248 3.494 3.696 3.859 3.991 4.098 4.187 4.262 4.329 4.388 4.443 4.494 4.541 4.587 4.630 4.671 4.711 4.750 4.789 4.827 4.865 4.903 4.942 4.981 5.020 5.061 5.104 5.147 5.192 5.238 5.284 5.331 5.378 5.424 5.468 5.511 5.551 5.587 5.619 5.647 5.670
-99.000 -99.000 -99.000 -99.000 -99.000 -99.000 -99.000 -99.000 -99.000 -99.000 -99.000 -99.000 -99.000 -99.000 -99.000 -99.000 -99.000 -99.000 -99.000 -99.000 -99.000 -99.000 1.644 1.655 1.726 1.897 2.152 2.458 2.780 3.087 3.359 3.589 3.775 3.925 4.047 4.146 4.229 4.301 4.365 4.423 4.476 4.525 4.571 4.615 4.657 4.697 4.735 4.772 4.809 4.845 4.880 4.916 4.952 4.989 5.026 5.064 5.105 5.147 5.190 5.234 5.280 5.326 5.372 5.418 5.463 5.506 5.547 5.584 5.619 5.650 5.677
-99.000 -99.000 -99.000 -99.000 -99.000 -99.000 -99.000 -99.000 -99.000 -99.000 -99.000 -99.000 -99.000 -99.000 -99.000 -99.000 -99.000 -99.000 -99.000 -99.000 -99.000 1.644 1.646 1.674 1.785 1.995 2.276 2.593 2.913 3.208 3.464 3.676 3.847 3.986 4.099 4.192 4.271 4.340 4.402 4.458 4.510 4.558 4.603 4.645 4.686 4.724 4.761 4.797 4.831 4.865 4.898 4.931 4.965 4.999 5.034 5.070 5.108 5.147 5.189 5.231 5.275 5.320 5.365 5.410 5.455 5.498 5.540 5.579 5.616 5.649 5.679
-99.000 -99.000 -99.000 -99.000 -99.000 -99.000 -99.000 -99.000 -99.000 -99.000 -99.000 -99.000 -99.000 -99.000 -99.000 -99.000 -99.000 -99.000 -99.000 -99.000 -99.000 1.644 1.651 1.708 1.862 2.105 2.406 2.729 3.042 3.322 3.561 3.756 3.914 4.042 4.147 4.235 4.311 4.378 4.438 4.493 4.544 4.591 4.636 4.677 4.717 4.754 4.789 4.823 4.856 4.888 4.919 4.950 4.981 5.012 5.044 5.077 5.112 5.149 5.188 5.229 5.271 5.314 5.358 5.402 5.446 5.490 5.531 5.571 5.609 5.645 5.678
-99.000 -99.000 -99.000 -99.000 -99.000 -99.000 -99.000 -99.000 -99.000 -99.000 -99.000 -99.000 -99.000 -99.000 -99.000 -99.000 -99.000 -99.000 -99.000 -99.000 -99.000 1.645 1.665 1.760 1.955 2.227 2.541 2.863 3.165 3.429 3.650 3.829 3.975 4.094 4.192 4.276 4.350 4.415 4.474 4.529 4.579 4.626 4.670 4.711 4.749 4.786 4.820 4.853 4.884 4.914 4.943 4.972 5.000 5.029 5.057 5.087 5.119 5.153 5.189 5.227 5.267 5.309 5.351 5.394 5.438 5.480 5.522 5.563 5.602 5.640 5.675
-99.000 -99.000 -99.000 -99.000 -99.000 -99.000 -99.000 -99.000 -99.000 -99.000 -99.000 -99.000 -99.000 -99.000 -99.000 -99.000 -99.000 -99.000 -99.000 -99.000 1.644 1.648 1.693 1.831 2.063 2.357 2.678 2.994 3.281 3.527 3.730 3.895 4.030 4.141 4.234 4.315 4.386 4.450 4.509 4.563 4.613 4.660 4.704 4.745 4.784 4.820 4.854 4.885 4.915 4.944 4.971 4.997 5.023 5.049 5.074 5.101 5.130 5.161 5.194 5.229 5.266 5.305 5.346 5.388 5.430 5.472 5.514 5.555 5.595 5.634 5.672
-99.000 -99.000 -99.000 -99.000 -99.000 -99.000 -99.000 -99.000 -99.000 -99.000 -99.000 -99.000 -99.000 -99.000 -99.000 -99.000 -99.000 -99.000 -99.000 -99.000 1.644 1.658 1.739 1.920 2.182 2.492 2.815 3.120 3.390 3.617 3.803 3.954 4.079 4.183 4.272 4.350 4.420 4.484 4.543 4.597 4.647 4.695 4.739 4.780 4.819 4.855 4.889 4.920 4.950 4.977 5.003 5.028 5.051 5.075 5.097 5.120 5.146 5.173 5.202 5.234 5.268 5.305 5.344 5.384 5.425 5.466 5.508 5.549 5.591 5.631 5.672
-99.000 -99.000 -99.000 -99.000 -99.000 -99.000 -99.000 -99.000 -99.000 -99.000 -99.000 -99.000 -99.000 -99.000 -99.000 -99.000 -99.000 -99.000 -99.000 1.644 1.647 1.681 1.805 2.024 2.311 2.631 2.948 3.239 3.490 3.698 3.869 4.008 4.123 4.221 4.306 4.382 4.452 4.515 4.574 4.629 4.680 4.728 4.773 4.815 4.854 4.891 4.925 4.957 4.986 5.013 5.039 5.062 5.084 5.105 5.125 5.145 5.167 5.190 5.216 5.244 5.275 5.309 5.345 5.383 5.423 5.464 5.505 5.547 5.590 5.632 5.674
-99.000 -99.000 -99.000 -99.000 -99.000 -99.000 -99.000 -99.000 -99.000 -99.000 -99.000 -99.000 -99.000 -99.000 -99.000 -99.000 -99.000 -99.000 -99.000 1.644 1.654 1.722 1.889 2.142 2.447 2.769 3.077 3.350 3.581 3.772 3.928 4.055 4.162 4.255 4.337 4.412 4.480 4.543 4.603 4.658 4.711 4.759 4.805 4.848 4.889 4.926 4.962 4.994 5.024 5.052 5.077 5.100 5.121 5.141 5.158 5.175 5.194 5.214 5.235 5.260 5.287 5.318 5.351 5.387 5.426 5.466 5.507 5.549 5.593 5.637 5.681
-99.000 -99.000 -99.000 -99.000 -99.000 -99.000 -99.000 -99.000 -99.000 -99.000 -99.000 -99.000 -99.000 -99.000 -99.000 -99.000 -99.000 -99.000 1.644 1.646 1.672 1.782 1.991 2.271 2.587 2.905 3.199 3.453 3.665 3.838 3.981 4.098 4.198 4.286 4.365 4.438 4.505 4.569 4.629 4.685 4.738 4.789 4.836 4.880 4.922 4.961 4.998 5.031 5.063 5.091 5.117 5.141 5.162 5.181 5.197 5.212 5.228 5.244 5.262 5.282 5.305 5.332 5.362 5.396 5.432 5.471 5.513 5.556 5.600 5.646 5.692
-99.000 -99.000 -99.000 -99.000 -99.000 -99.000 -99.000 -99.000 -99.000 -99.000 -99.000 -99.000 -99.000 -99.000 -99.000 -99.000 -99.000 -99.000 1.644 1.651 1.708 1.863 2.107 2.407 2.728 3.037 3.313 3.548 3.741 3.899 4.029 4.137 4.230 4.313 4.390 4.461 4.528 4.591 4.651 4.709 4.763 4.815 4.864 4.910 4.953 4.994 5.032 5.068 5.101 5.131 5.158 5.183 5.205 5.224 5.240 5.254 5.267 5.280 5.294 5.310 5.329 5.352 5.378 5.409 5.444 5.481 5.522 5.565 5.610 5.657 5.706
-99.000 -99.000 -99.000 -99.000 -99.000 -99.000 -99.000 -99.000 -99.000 -99.000 -99.000 -99.000 -99.000 -99.000 -99.000 -99.000 -99.000 -99.000 1.645 1.666 1.763 1.961 2.234 2.547 2.866 3.162 3.420 3.635 3.811 3.954 4.073 4.172 4.259 4.338 4.412 4.481 4.547 4.610 4.671 4.729 4.785 4.838 4.888 4.936 4.981 5.024 5.064 5.102 5.137 5.169 5.199 5.225 5.249 5.269 5.286 5.300 5.312 5.323 5.334 5.346 5.360 5.378 5.400 5.427 5.459 5.495 5.534 5.577 5.623 5.671 5.721
-99.000 -99.000 -99.000 -99.000 -99.000 -99.000 -99.000 -99.000 -99.000 -99.000 -99.000 -99.000 -99.000 -99.000 -99.000 -99.000 -99.000 1.644 1.649 1.696 1.839 2.074 2.369 2.689 3.000 3.280 3.518 3.715 3.874 4.005 4.113 4.205 4.286 4.362 4.432 4.499 4.564 4.627 4.687 4.746 4.802 4.857 4.908 4.958 5.005 5.050 5.092 5.132 5.170 5.205 5.237 5.266 5.292 5.315 5.333 5.348 5.361 5.371 5.379 5.387 5.397 5.410 5.428 5.450 5.478 5.512 5.550 5.592 5.637 5.686 5.737
-99.000 -99.000 -99.000 -99.000 -99.000 -99.000 -99.000 -99.000 -99.000 -99.000 -99.000 -99.000 -99.000 -99.000 -99.000 -99.000 -99.000 1.645 1.660 1.746 1.932 2.198 2.509 2.828 3.128 3.390 3.610 3.788 3.933 4.052 4.151 4.235 4.312 4.384 4.451 4.516 4.580 4.641 4.701 4.760 4.817 4.872 4.925 4.976 5.025 5.072 5.116 5.159 5.199 5.236 5.272 5.304 5.333 5.359 5.380 5.397 5.411 5.421 5.429 5.435 5.441 5.449 5.461 5.479 5.502 5.532 5.567 5.608 5.652 5.701 5.753
-99.000 -99.000 -99.000 -99.000 -99.000 -99.000 -99.000 -99.000 -99.000 -99.000 -99.000 -99.000 -99.000 -99.000 -99.000 -99.000 1.644 1.647 1.686 1.816 2.041 2.331 2.650 2.964 3.249 3.493 3.694 3.856 3.988 4.095 4.186 4.265 4.337 4.405 4.470 4.532 4.594 4.654 4.713 4.771 4.828 4.883 4.937 4.990 5.040 5.089 5.136 5.181 5.223 5.264 5.302 5.337 5.370 5.399 5.424 5.445 5.461 5.473 5.481 5.486 5.489 5.493 5.500 5.513 5.531 5.556 5.588 5.625 5.669 5.716 5.768
-99.000 -99.000 -99.000 -99.000 -99.000 -99.000 -99.000 -99.000 -99.000 -99.000 -99.000 -99.000 -99.000 -99.000 -99.000 -99.000 1.644 1.656 1.730 1.904 2.162 2.469 2.790 3.095 3.363 3.588 3.772 3.919 4.038 4.136 4.220 4.294 4.362 4.426 4.488 4.548 4.607 4.666 4.723 4.780 4.836 4.892 4.946 4.999 5.051 5.101 5.150 5.197 5.242 5.286 5.327 5.366 5.403 5.435 5.463 5.489 5.509 5.524 5.534 5.540 5.542 5.543 5.546 5.552 5.565 5.584 5.611 5.645 5.686 5.732 5.783
-99.000 -99.000 -99.000 -99.000 -99.000 -99.000 -99.000 -99.000 -99.000 -99.000 -99.000 -99.000 -99.000 -99.000 -99.000 1.644 1.646 1.676 1.793 2.007 2.292 2.610 2.927 3.219 3.470 3.677 3.844 3.977 4.085 4.176 4.254 4.323 4.387 4.448 4.507 4.564 4.621 4.677 4.733 4.788 4.843 4.898 4.952 5.005 5.058 5.109 5.160 5.209 5.256 5.303 5.347 5.389 5.429 5.465 5.498 5.528 5.553 5.572 5.585 5.593 5.596 5.596 5.595 5.597 5.604 5.618 5.640 5.669 5.706 5.750 5.799
-99.000 -99.000 -99.000 -99.000 -99.000 -99.000 -99.000 -99.000 -99.000 -99.000 -99.000 -99.000 -99.000 -99.000 -99.000 1.644 1.652 1.714 1.874 2.123 2.427 2.749 3.060 3.336 3.570 3.760 3.911 4.032 4.130 4.214 4.286 4.351 4.412 4.470 4.526 4.581 4.635 4.689 4.742 4.796 4.849 4.903 4.956 5.009 5.062 5.114 5.165 5.216 5.265 5.314 5.361 5.406 5.450 5.490 5.527 5.561 5.590 5.614 5.632 5.643 5.648 5.649 5.648 5.647 5.649 5.658 5.673 5.697 5.730 5.770 5.817
-99.000 -99.000 -99.000 -99.000 -99.000 -99.000 -99.000 -99.000 -99.000 -99.000 -99.000 -99.000 -99.000 -99.000 -99.000 1.645 1.668 1.769 1.971 2.248 2.565 2.887 3.187 3.447 3.663 3.836 3.973 4.083 4.174 4.251 4.319 4.380 4.437 4.493 4.546 4.598 4.650 4.701 4.753 4.804 4.856 4.907 4.959 5.011 5.063 5.115 5.167 5.219 5.270 5.320 5.370 5.418 5.465 5.508 5.549 5.587 5.621 5.650 5.672 5.688 5.697 5.701 5.700 5.698 5.698 5.703 5.713 5.732 5.759 5.794 5.837
-99.000 -99.000 -99.000 -99.000 -99.000 -99.000 -99.000 -99.000 -99.000 -99.000 -99.000 -99.000 -99.000 -99.000 1.644 1.649 1.698 1.843 2.080 2.379 2.704 3.021 3.308 3.552 3.749 3.906 4.031 4.132 4.215 4.288 4.351 4.409 4.464 4.516 4.567 4.617 4.666 4.715 4.764 4.813 4.862 4.912 4.962 5.013 5.064 5.115 5.167 5.219 5.271 5.323 5.374 5.424 5.474 5.520 5.565 5.607 5.645 5.678 5.705 5.726 5.740 5.747 5.750 5.750 5.749 5.752 5.759 5.772 5.794 5.824 5.862
-99.000 -99.000 -99.000 -99.000 -99.000 -99.000 -99.000 -99.000 -99.000 -99.000 -99.000 -99.000 -99.000 -99.000 1.645 1.660 1.745 1.932 2.200 2.515 2.842 3.151 3.423 3.648 3.829 3.971 4.085 4.178 4.256 4.324 4.383 4.439 4.491 4.541 4.590 4.637 4.684 4.731 4.777 4.823 4.870 4.917 4.965 5.014 5.063 5.114 5.165 5.216 5.269 5.321 5.374 5.426 5.477 5.527 5.574 5.619 5.661 5.698 5.730 5.756 5.775 5.787 5.795 5.798 5.800 5.803 5.809 5.819 5.836 5.861 5.894
-99.000 -99.000 -99.000 -99.000 -99.000 -99.000 -99.000 -99.000 -99.000 -99.000 -99.000 -99.000 -99.000 1.644 1.647 1.683 1.810 2.034 2.327 2.653 2.978 3.276 3.530 3.737 3.902 4.032 4.137 4.223 4.296 4.360 4.416 4.469 4.520 4.567 4.614 4.659 4.703 4.747 4.791 4.835 4.880 4.924 4.970 5.016 5.064 5.112 5.162 5.213 5.264 5.317 5.370 5.423 5.476 5.527 5.576 5.624 5.669 5.710 5.746 5.776 5.801 5.819 5.832 5.841 5.848 5.853 5.860 5.870 5.884 5.903 5.931
-99.000 -99.000 -99.000 -99.000 -99.000 -99.000 -99.000 -99.000 -99.000 -99.000 -99.000 -99.000 -99.000 1.644 1.654 1.722 1.891 2.148 2.460 2.792 3.111 3.393 3.630 3.820 3.970 4.089 4.186 4.266 4.335 4.396 4.450 4.500 4.549 4.595 4.639 4.682 4.725 4.766 4.808 4.849 4.891 4.933 4.976 5.020 5.065 5.111 5.159 5.208 5.259 5.311 5.363 5.417 5.470 5.522 5.573 5.623 5.670 5.714 5.753 5.788 5.817 5.841 5.860 5.876 5.889 5.900 5.910 5.921 5.934 5.951 5.974
-99.000 -99.000 -99.000 -99.000 -99.000 -99.000 -99.000 -99.000 -99.000 -99.000 -99.000 -99.000 -99.000 1.645 1.671 1.779 1.987 2.271 2.597 2.929 3.237 3.503 3.721 3.895 4.033 4.143 4.232 4.308 4.373 4.432 4.484 4.533 4.579 4.624 4.666 4.708 4.748 4.788 4.827 4.866 4.905 4.945 4.985 5.026 5.068 5.112 5.157 5.204 5.253 5.303 5.354 5.407 5.460 5.512 5.563 5.614 5.663 5.709 5.751 5.790 5.824 5.853 5.879 5.902 5.922 5.940 5.956 5.970 5.985 6.001 6.020
-99.000 -99.000 -99.000 -99.000 -99.000 -99.000 -99.000 -99.000 -99.000 -99.000 -99.000 -99.000 1.644 1.650 1.702 1.852 2.095 2.402 2.736 3.063 3.357 3.605 3.805 3.965 4.091 4.193 4.277 4.348 4.411 4.468 4.518 4.566 4.611 4.654 4.695 4.735 4.774 4.811 4.848 4.885 4.922 4.959 4.996 5.035 5.074 5.115 5.157 5.201 5.247 5.295 5.345 5.395 5.447 5.498 5.549 5.600 5.650 5.697 5.742 5.783 5.821 5.856 5.888 5.918 5.945 5.970 5.993 6.013 6.031 6.049 6.067
-99.000 -99.000 -99.000 -99.000 -99.000 -99.000 -99.000 -99.000 -99.000 -99.000 -99.000 -99.000 1.645 1.661 1.750 1.941 2.213 2.538 2.874 3.191 3.469 3.698 3.882 4.028 4.145 4.240 4.319 4.388 4.448 4.503 4.553 4.599 4.643 4.685 4.725 4.764 4.801 4.837 4.873 4.908 4.942 4.977 5.012 5.047 5.083 5.121 5.160 5.201 5.244 5.289 5.335 5.384 5.433 5.482 5.532 5.582 5.631 5.679 5.725 5.769 5.811 5.851 5.888 5.925 5.959 5.991 6.020 6.046 6.069 6.090 6.111
-99.000 -99.000 -99.000 -99.000 -99.000 -99.000 -99.000 -99.000 -99.000 -99.000 -99.000 1.644 1.647 1.685 1.815 2.043 2.341 2.676 3.009 3.313 3.572 3.784 3.953 4.087 4.194 4.284 4.359 4.425 4.484 4.538 4.587 4.632 4.676 4.717 4.757 4.794 4.831 4.866 4.900 4.933 4.966 4.998 5.030 5.063 5.097 5.131 5.167 5.205 5.244 5.285 5.328 5.373 5.420 5.467 5.514 5.562 5.611 5.658 5.705 5.750 5.795 5.838 5.881 5.923 5.963 6.001 6.037 6.069 6.098 6.124 6.148
-99.000 -99.000 -99.000 -99.000 -99.000 -99.000 -99.000 -99.000 -99.000 -99.000 -99.000 1.644 1.655 1.725 1.897 2.157 2.475 2.815 3.140 3.428 3.668 3.862 4.017 4.140 4.241 4.325 4.397 4.462 4.520 4.573 4.621 4.666 4.709 4.750 4.789 4.826 4.862 4.896 4.929 4.961 4.992 5.023 5.053 5.084 5.115 5.146 5.179 5.213 5.248 5.286 5.325 5.366 5.410 5.453 5.498 5.544 5.590 5.637 5.683 5.729 5.776 5.822 5.869 5.915 5.960 6.004 6.045 6.084 6.119 6.150 6.178
-99.000 -99.000 -99.000 -99.000 -99.000 -99.000 -99.000 -99.000 -99.000 -99.000 1.644 1.646 1.672 1.783 1.993 2.281 2.614 2.952 3.264 3.534 3.756 3.934 4.075 4.189 4.283 4.364 4.434 4.496 4.553 4.606 4.654 4.699 4.742 4.783 4.822 4.858 4.894 4.928 4.960 4.991 5.022 5.051 5.080 5.109 5.137 5.166 5.196 5.226 5.258 5.292 5.327 5.365 5.404 5.444 5.485 5.529 5.573 5.618 5.664 5.711 5.758 5.807 5.856 5.905 5.954 6.002 6.048 6.092 6.132 6.168 6.201
-99.000 -99.000 -99.000 -99.000 -99.000 -99.000 -99.000 -99.000 -99.000 -99.000 1.644 1.650 1.704 1.857 2.102 2.413 2.753 3.085 3.382 3.633 3.836 3.999 4.129 4.235 4.323 4.400 4.468 4.529 4.586 4.638 4.686 4.731 4.774 4.815 4.854 4.891 4.926 4.960 4.992 5.024 5.053 5.082 5.110 5.137 5.164 5.191 5.218 5.246 5.274 5.304 5.335 5.369 5.404 5.440 5.478 5.519 5.561 5.605 5.650 5.696 5.744 5.794 5.845 5.897 5.949 6.000 6.050 6.097 6.142 6.183 6.221
-99.000 -99.000 -99.000 -99.000 -99.000 -99.000 -99.000 -99.000 -99.000 -99.000 1.645 1.662 1.754 1.947 2.222 2.551 2.892 3.212 3.492 3.724 3.910 4.058 4.178 4.277 4.361 4.434 4.500 4.561 4.616 4.668 4.716 4.762 4.805 4.846 4.886 4.923 4.959 4.993 5.025 5.057 5.087 5.115 5.143 5.169 5.195 5.220 5.245 5.270 5.296 5.322 5.350 5.379 5.410 5.443 5.478 5.516 5.555 5.597 5.641 5.687 5.736 5.786 5.839 5.892 5.946 6.000 6.053 6.104 6.152 6.197 6.239
