version2/TsunamiDB/out54162.asc
ncols          264
nrows          230
xllcorner      497853.4375
yllcorner      4229146.0000
cellsize         5.
NODATA_value   -99
[rows 34 to 67 of 230, columns 0 to 76 of 264]
5.358 5.369 5.380 5.391 5.401 5.412 5.422 5.433 5.443 5.453 5.463 5.473 5.483 5.494 5.503 5.512 5.521 5.530 5.539 5.549 5.558 5.568 5.578 5.587 5.597 5.607 5.617 5.627 5.636 5.646 5.656 5.666 5.676 5.686 5.696 5.706 5.716 5.726 5.735 5.743 5.752 5.761 5.769 5.778 5.787 5.796 5.804 5.813 5.822 5.830 5.839 5.847 5.856 5.864 5.873 5.881 5.890 5.898 5.907 5.916 5.924 5.932 5.939 5.946 5.954 5.961 5.969 5.976 5.984 5.991 5.999 6.007 6.014 6.022 6.030 6.038 6.046
5.371 5.382 5.393 5.404 5.415 5.425 5.436 5.446 5.456 5.466 5.476 5.486 5.496 5.506 5.515 5.524 5.532 5.541 5.550 5.559 5.568 5.578 5.587 5.597 5.606 5.616 5.625 5.635 5.644 5.654 5.664 5.673 5.683 5.693 5.703 5.713 5.723 5.732 5.741 5.749 5.758 5.767 5.775 5.784 5.793 5.802 5.810 5.819 5.827 5.836 5.845 5.853 5.861 5.870 5.878 5.886 5.895 5.903 5.912 5.921 5.929 5.936 5.944 5.951 5.958 5.965 5.973 5.980 5.987 5.995 6.002 6.010 6.017 6.025 6.033 6.040 6.048
5.385 5.396 5.407 5.418 5.428 5.439 5.449 5.459 5.469 5.479 5.489 5.499 5.509 5.519 5.528 5.536 5.544 5.553 5.562 5.570 5.579 5.588 5.597 5.607 5.616 5.625 5.634 5.643 5.653 5.662 5.671 5.681 5.690 5.700 5.710 5.719 5.729 5.739 5.747 5.756 5.764 5.773 5.782 5.790 5.799 5.807 5.816 5.825 5.833 5.842 5.850 5.859 5.867 5.875 5.884 5.892 5.900 5.908 5.917 5.926 5.934 5.941 5.948 5.955 5.963 5.970 5.977 5.984 5.991 5.999 6.006 6.013 6.021 6.028 6.036 6.043 6.050
5.398 5.409 5.420 5.431 5.442 5.453 5.463 5.473 5.483 5.493 5.503 5.513 5.522 5.532 5.541 5.549 5.557 5.566 5.574 5.583 5.591 5.600 5.609 5.617 5.626 5.635 5.644 5.653 5.662 5.671 5.680 5.689 5.698 5.708 5.717 5.727 5.736 5.746 5.754 5.762 5.771 5.779 5.788 5.796 5.805 5.814 5.822 5.831 5.839 5.848 5.856 5.864 5.873 5.881 5.889 5.897 5.905 5.914 5.922 5.931 5.939 5.946 5.953 5.960 5.967 5.974 5.981 5.988 5.996 6.003 6.010 6.017 6.024 6.032 6.039 6.046 6.053
5.411 5.422 5.434 5.445 5.456 5.466 5.477 5.487 5.497 5.507 5.517 5.526 5.536 5.546 5.555 5.563 5.571 5.579 5.587 5.595 5.604 5.612 5.621 5.629 5.637 5.646 5.655 5.663 5.672 5.681 5.689 5.698 5.707 5.716 5.725 5.735 5.744 5.753 5.761 5.769 5.778 5.786 5.794 5.803 5.811 5.820 5.828 5.837 5.845 5.853 5.862 5.870 5.878 5.886 5.895 5.903 5.911 5.919 5.927 5.936 5.944 5.951 5.958 5.965 5.972 5.979 5.986 5.993 6.000 6.007 6.014 6.021 6.028 6.035 6.042 6.050 6.057
5.423 5.435 5.446 5.458 5.469 5.479 5.490 5.500 5.511 5.521 5.531 5.540 5.550 5.560 5.569 5.577 5.584 5.593 5.601 5.609 5.617 5.625 5.633 5.642 5.650 5.658 5.666 5.674 5.683 5.691 5.700 5.708 5.717 5.725 5.734 5.743 5.752 5.761 5.769 5.777 5.785 5.793 5.801 5.809 5.818 5.826 5.835 5.843 5.851 5.859 5.868 5.876 5.884 5.892 5.900 5.908 5.916 5.924 5.933 5.941 5.949 5.956 5.963 5.970 5.977 5.984 5.990 5.997 6.004 6.011 6.018 6.025 6.032 6.039 6.046 6.053 6.060
5.435 5.447 5.459 5.470 5.481 5.492 5.503 5.514 5.524 5.534 5.544 5.554 5.564 5.574 5.583 5.591 5.599 5.607 5.615 5.623 5.631 5.639 5.647 5.655 5.663 5.671 5.679 5.687 5.695 5.703 5.711 5.719 5.727 5.735 5.744 5.752 5.761 5.770 5.777 5.785 5.793 5.801 5.809 5.817 5.825 5.833 5.841 5.849 5.858 5.866 5.874 5.882 5.890 5.898 5.906 5.914 5.922 5.930 5.938 5.946 5.954 5.961 5.968 5.975 5.982 5.988 5.995 6.002 6.009 6.016 6.023 6.030 6.037 6.043 6.050 6.057 6.064
5.447 5.459 5.470 5.482 5.493 5.505 5.516 5.526 5.537 5.547 5.558 5.568 5.578 5.588 5.597 5.605 5.613 5.621 5.629 5.637 5.645 5.653 5.661 5.669 5.677 5.684 5.692 5.700 5.707 5.715 5.723 5.730 5.738 5.746 5.754 5.763 5.771 5.779 5.786 5.794 5.801 5.809 5.816 5.824 5.832 5.840 5.848 5.856 5.864 5.872 5.880 5.888 5.896 5.904 5.912 5.920 5.928 5.936 5.944 5.952 5.960 5.966 5.973 5.980 5.987 5.993 6.000 6.007 6.014 6.021 6.027 6.034 6.041 6.048 6.055 6.061 6.068
5.458 5.470 5.482 5.493 5.505 5.516 5.528 5.539 5.549 5.560 5.570 5.581 5.591 5.601 5.610 5.618 5.627 5.635 5.643 5.651 5.659 5.667 5.675 5.683 5.691 5.698 5.706 5.713 5.721 5.728 5.736 5.743 5.751 5.758 5.766 5.774 5.782 5.789 5.796 5.803 5.811 5.818 5.825 5.833 5.840 5.848 5.856 5.864 5.872 5.879 5.887 5.895 5.903 5.911 5.918 5.926 5.934 5.942 5.950 5.958 5.965 5.972 5.979 5.985 5.992 5.999 6.005 6.012 6.019 6.025 6.032 6.039 6.046 6.052 6.059 6.066 6.072
5.468 5.480 5.492 5.504 5.516 5.528 5.539 5.550 5.561 5.572 5.583 5.593 5.604 5.614 5.623 5.632 5.640 5.649 5.657 5.665 5.674 5.682 5.690 5.698 5.705 5.713 5.720 5.728 5.735 5.742 5.749 5.757 5.764 5.771 5.778 5.786 5.794 5.801 5.807 5.814 5.821 5.828 5.835 5.842 5.849 5.857 5.864 5.872 5.879 5.887 5.895 5.902 5.910 5.917 5.925 5.933 5.940 5.948 5.956 5.964 5.971 5.978 5.984 5.991 5.997 6.004 6.010 6.017 6.024 6.030 6.037 6.044 6.050 6.057 6.063 6.070 6.077
5.478 5.490 5.503 5.515 5.527 5.538 5.550 5.561 5.572 5.584 5.594 5.605 5.616 5.626 5.636 5.645 5.653 5.662 5.671 5.679 5.688 5.696 5.704 5.712 5.720 5.727 5.735 5.742 5.750 5.757 5.764 5.771 5.778 5.785 5.792 5.799 5.807 5.813 5.820 5.826 5.832 5.839 5.845 5.852 5.859 5.866 5.873 5.881 5.888 5.895 5.903 5.910 5.917 5.925 5.932 5.939 5.947 5.954 5.962 5.970 5.977 5.984 5.990 5.997 6.003 6.009 6.016 6.022 6.029 6.035 6.042 6.049 6.055 6.062 6.068 6.075 6.081
5.488 5.500 5.513 5.525 5.537 5.549 5.560 5.572 5.583 5.594 5.606 5.617 5.628 5.638 5.648 5.657 5.666 5.675 5.684 5.692 5.701 5.710 5.718 5.726 5.734 5.742 5.750 5.757 5.764 5.771 5.779 5.785 5.792 5.799 5.806 5.813 5.820 5.827 5.833 5.839 5.845 5.851 5.857 5.863 5.870 5.877 5.884 5.890 5.897 5.904 5.911 5.918 5.925 5.933 5.940 5.947 5.954 5.961 5.969 5.976 5.984 5.990 5.996 6.003 6.009 6.015 6.022 6.028 6.034 6.041 6.047 6.054 6.060 6.067 6.073 6.079 6.086
5.497 5.510 5.522 5.534 5.547 5.558 5.570 5.582 5.593 5.605 5.616 5.627 5.639 5.650 5.659 5.668 5.678 5.687 5.696 5.705 5.714 5.723 5.731 5.740 5.748 5.756 5.764 5.772 5.779 5.786 5.793 5.800 5.807 5.814 5.821 5.828 5.835 5.841 5.847 5.852 5.858 5.864 5.870 5.876 5.882 5.888 5.895 5.901 5.908 5.914 5.921 5.928 5.934 5.941 5.948 5.955 5.962 5.969 5.976 5.984 5.991 5.997 6.003 6.009 6.015 6.021 6.027 6.034 6.040 6.046 6.053 6.059 6.065 6.072 6.078 6.084 6.091
5.506 5.519 5.531 5.544 5.556 5.568 5.580 5.592 5.603 5.615 5.626 5.638 5.649 5.660 5.670 5.679 5.689 5.698 5.708 5.717 5.726 5.735 5.744 5.753 5.761 5.770 5.778 5.786 5.793 5.801 5.808 5.815 5.822 5.829 5.836 5.843 5.850 5.856 5.861 5.867 5.872 5.878 5.883 5.889 5.895 5.901 5.907 5.913 5.919 5.925 5.932 5.938 5.944 5.951 5.957 5.964 5.971 5.977 5.984 5.991 5.998 6.004 6.010 6.016 6.022 6.028 6.034 6.040 6.046 6.052 6.058 6.065 6.071 6.077 6.083 6.090 6.096
5.515 5.528 5.540 5.553 5.565 5.577 5.589 5.601 5.613 5.625 5.636 5.648 5.659 5.670 5.680 5.690 5.699 5.709 5.719 5.728 5.738 5.747 5.756 5.765 5.774 5.783 5.791 5.799 5.807 5.815 5.822 5.830 5.837 5.844 5.851 5.858 5.865 5.871 5.876 5.882 5.887 5.892 5.898 5.903 5.909 5.915 5.920 5.926 5.932 5.938 5.943 5.949 5.955 5.962 5.968 5.974 5.980 5.987 5.993 6.000 6.006 6.012 6.018 6.023 6.029 6.035 6.041 6.046 6.052 6.058 6.064 6.071 6.077 6.083 6.089 6.095 6.101
5.524 5.537 5.549 5.562 5.574 5.586 5.598 5.610 5.622 5.634 5.646 5.657 5.669 5.680 5.690 5.700 5.710 5.719 5.729 5.739 5.749 5.758 5.768 5.777 5.786 5.795 5.804 5.812 5.820 5.828 5.836 5.844 5.851 5.859 5.866 5.874 5.880 5.886 5.892 5.897 5.902 5.908 5.913 5.918 5.924 5.929 5.934 5.940 5.945 5.951 5.956 5.962 5.968 5.973 5.979 5.985 5.991 5.997 6.003 6.010 6.016 6.021 6.026 6.032 6.037 6.042 6.048 6.054 6.059 6.065 6.071 6.077 6.083 6.089 6.095 6.101 6.107
5.533 5.546 5.558 5.571 5.583 5.595 5.607 5.619 5.631 5.643 5.655 5.666 5.678 5.689 5.699 5.709 5.719 5.729 5.739 5.749 5.759 5.769 5.779 5.788 5.797 5.806 5.815 5.824 5.833 5.841 5.849 5.857 5.865 5.873 5.880 5.888 5.895 5.901 5.907 5.912 5.917 5.923 5.928 5.933 5.939 5.944 5.949 5.954 5.960 5.965 5.970 5.975 5.981 5.986 5.991 5.997 6.003 6.008 6.014 6.020 6.026 6.031 6.036 6.041 6.046 6.051 6.056 6.062 6.067 6.073 6.078 6.084 6.089 6.095 6.101 6.107 6.112
5.542 5.554 5.567 5.579 5.592 5.604 5.616 5.628 5.640 5.652 5.663 5.675 5.687 5.698 5.708 5.718 5.728 5.739 5.749 5.759 5.769 5.779 5.789 5.798 5.808 5.817 5.827 5.836 5.844 5.853 5.862 5.870 5.878 5.886 5.894 5.902 5.909 5.915 5.921 5.927 5.933 5.938 5.944 5.949 5.954 5.959 5.965 5.970 5.975 5.980 5.985 5.990 5.995 6.000 6.005 6.010 6.015 6.021 6.026 6.032 6.037 6.042 6.046 6.051 6.055 6.060 6.065 6.070 6.075 6.081 6.086 6.091 6.097 6.102 6.108 6.113 6.119
5.551 5.563 5.576 5.588 5.600 5.613 5.625 5.637 5.649 5.660 5.672 5.684 5.696 5.707 5.717 5.727 5.737 5.748 5.758 5.768 5.778 5.788 5.798 5.808 5.818 5.828 5.837 5.846 5.855 5.864 5.873 5.882 5.890 5.899 5.907 5.915 5.923 5.929 5.935 5.941 5.947 5.953 5.959 5.964 5.970 5.975 5.980 5.985 5.990 5.995 6.000 6.005 6.010 6.015 6.019 6.024 6.029 6.034 6.040 6.045 6.049 6.053 6.058 6.062 6.066 6.071 6.075 6.080 6.085 6.090 6.095 6.100 6.105 6.110 6.115 6.121 6.126
5.559 5.572 5.584 5.597 5.609 5.621 5.633 5.645 5.657 5.669 5.681 5.692 5.704 5.715 5.726 5.736 5.746 5.756 5.767 5.777 5.787 5.797 5.808 5.818 5.828 5.837 5.847 5.856 5.866 5.875 5.884 5.893 5.902 5.910 5.919 5.927 5.935 5.942 5.949 5.955 5.961 5.967 5.973 5.979 5.985 5.990 5.995 6.001 6.006 6.011 6.016 6.020 6.025 6.030 6.034 6.039 6.044 6.049 6.054 6.059 6.063 6.066 6.070 6.074 6.078 6.082 6.086 6.091 6.095 6.100 6.104 6.109 6.114 6.119 6.123 6.128 6.134
5.568 5.581 5.593 5.605 5.618 5.630 5.642 5.654 5.665 5.677 5.689 5.701 5.713 5.724 5.734 5.744 5.754 5.765 5.775 5.786 5.796 5.806 5.816 5.827 5.837 5.847 5.856 5.866 5.876 5.885 5.894 5.903 5.912 5.921 5.930 5.939 5.947 5.954 5.961 5.968 5.974 5.981 5.987 5.993 5.999 6.005 6.010 6.016 6.021 6.026 6.031 6.036 6.041 6.046 6.050 6.055 6.059 6.064 6.069 6.073 6.077 6.081 6.084 6.088 6.091 6.095 6.099 6.103 6.107 6.111 6.115 6.119 6.124 6.128 6.133 6.137 6.142
5.577 5.590 5.602 5.614 5.626 5.638 5.650 5.662 5.674 5.686 5.697 5.709 5.721 5.732 5.742 5.752 5.763 5.773 5.783 5.794 5.804 5.815 5.825 5.835 5.845 5.855 5.865 5.875 5.885 5.894 5.904 5.913 5.922 5.932 5.941 5.950 5.958 5.966 5.973 5.980 5.987 5.994 6.000 6.007 6.013 6.019 6.025 6.031 6.036 6.041 6.047 6.052 6.057 6.061 6.066 6.071 6.075 6.080 6.084 6.089 6.092 6.095 6.099 6.102 6.105 6.109 6.112 6.115 6.119 6.123 6.127 6.131 6.135 6.139 6.143 6.147 6.152
5.586 5.598 5.611 5.623 5.635 5.647 5.659 5.670 5.682 5.694 5.706 5.717 5.729 5.740 5.750 5.760 5.771 5.781 5.792 5.802 5.812 5.823 5.833 5.843 5.854 5.864 5.874 5.884 5.894 5.903 5.913 5.922 5.932 5.941 5.950 5.960 5.969 5.976 5.984 5.991 5.998 6.006 6.012 6.019 6.026 6.032 6.039 6.045 6.050 6.056 6.062 6.067 6.072 6.077 6.082 6.086 6.091 6.096 6.100 6.104 6.108 6.111 6.114 6.117 6.120 6.123 6.126 6.130 6.133 6.136 6.140 6.143 6.147 6.150 6.154 6.158 6.162
5.595 5.607 5.619 5.631 5.643 5.655 5.667 5.679 5.690 5.702 5.714 5.725 5.737 5.748 5.758 5.768 5.779 5.789 5.799 5.810 5.820 5.831 5.841 5.851 5.862 5.872 5.882 5.892 5.902 5.912 5.921 5.931 5.941 5.950 5.960 5.969 5.978 5.986 5.994 6.002 6.009 6.017 6.024 6.031 6.038 6.045 6.051 6.058 6.064 6.070 6.076 6.081 6.087 6.092 6.097 6.102 6.107 6.111 6.116 6.120 6.124 6.127 6.130 6.133 6.136 6.139 6.142 6.145 6.147 6.150 6.154 6.157 6.160 6.163 6.167 6.170 6.174
5.604 5.616 5.628 5.640 5.652 5.664 5.675 5.687 5.699 5.710 5.722 5.733 5.745 5.756 5.766 5.776 5.786 5.797 5.807 5.817 5.828 5.838 5.849 5.859 5.869 5.880 5.890 5.900 5.910 5.920 5.930 5.939 5.949 5.959 5.968 5.978 5.987 5.996 6.004 6.012 6.019 6.027 6.034 6.042 6.049 6.056 6.063 6.070 6.077 6.083 6.089 6.095 6.101 6.106 6.112 6.117 6.122 6.127 6.132 6.136 6.140 6.143 6.146 6.149 6.152 6.155 6.157 6.160 6.163 6.166 6.168 6.171 6.174 6.177 6.180 6.183 6.187
5.613 5.625 5.637 5.649 5.660 5.672 5.684 5.695 5.707 5.718 5.730 5.741 5.753 5.764 5.774 5.784 5.794 5.804 5.815 5.825 5.835 5.846 5.856 5.867 5.877 5.887 5.897 5.907 5.917 5.927 5.937 5.947 5.957 5.967 5.977 5.986 5.996 6.004 6.012 6.021 6.029 6.036 6.044 6.052 6.060 6.067 6.074 6.081 6.088 6.095 6.102 6.108 6.114 6.120 6.125 6.131 6.136 6.142 6.147 6.151 6.155 6.159 6.162 6.165 6.168 6.171 6.174 6.176 6.179 6.182 6.184 6.187 6.189 6.192 6.195 6.198 6.200
5.622 5.634 5.645 5.657 5.669 5.680 5.692 5.703 5.715 5.726 5.738 5.749 5.761 5.771 5.781 5.791 5.801 5.811 5.822 5.832 5.843 5.853 5.863 5.874 5.884 5.894 5.904 5.914 5.925 5.935 5.945 5.954 5.964 5.974 5.984 5.994 6.004 6.012 6.021 6.029 6.037 6.045 6.053 6.061 6.069 6.077 6.084 6.092 6.099 6.106 6.113 6.120 6.126 6.132 6.138 6.144 6.150 6.155 6.161 6.166 6.170 6.174 6.177 6.181 6.184 6.187 6.190 6.192 6.195 6.198 6.200 6.203 6.205 6.208 6.210 6.213 6.215
5.630 5.642 5.654 5.666 5.677 5.689 5.700 5.711 5.723 5.734 5.745 5.757 5.768 5.779 5.788 5.798 5.808 5.819 5.829 5.839 5.850 5.860 5.870 5.881 5.891 5.901 5.911 5.921 5.931 5.941 5.951 5.961 5.971 5.981 5.991 6.002 6.011 6.020 6.028 6.037 6.045 6.053 6.062 6.070 6.078 6.086 6.094 6.102 6.109 6.116 6.124 6.131 6.137 6.144 6.150 6.156 6.163 6.169 6.174 6.180 6.184 6.188 6.192 6.196 6.199 6.202 6.205 6.208 6.211 6.214 6.217 6.219 6.222 6.224 6.226 6.229 6.231
5.639 5.651 5.662 5.674 5.685 5.697 5.708 5.719 5.731 5.742 5.753 5.765 5.776 5.786 5.796 5.806 5.816 5.826 5.836 5.846 5.856 5.867 5.877 5.887 5.897 5.908 5.918 5.928 5.938 5.948 5.958 5.968 5.978 5.988 5.998 6.008 6.018 6.027 6.035 6.044 6.053 6.061 6.069 6.078 6.086 6.094 6.102 6.110 6.118 6.126 6.133 6.140 6.148 6.154 6.161 6.168 6.174 6.181 6.187 6.193 6.197 6.202 6.206 6.210 6.214 6.217 6.221 6.224 6.227 6.230 6.233 6.235 6.238 6.240 6.243 6.245 6.247
5.647 5.659 5.671 5.682 5.694 5.705 5.716 5.727 5.738 5.750 5.761 5.772 5.783 5.793 5.803 5.813 5.823 5.833 5.843 5.853 5.863 5.873 5.883 5.894 5.904 5.914 5.924 5.934 5.944 5.954 5.964 5.974 5.984 5.994 6.005 6.015 6.024 6.033 6.042 6.051 6.059 6.068 6.077 6.085 6.094 6.102 6.110 6.118 6.126 6.134 6.142 6.150 6.157 6.164 6.171 6.178 6.185 6.192 6.198 6.204 6.209 6.214 6.219 6.223 6.227 6.231 6.235 6.238 6.242 6.245 6.248 6.251 6.254 6.256 6.259 6.261 6.263
5.655 5.667 5.679 5.690 5.702 5.713 5.724 5.735 5.746 5.757 5.768 5.780 5.790 5.800 5.810 5.820 5.829 5.839 5.849 5.859 5.870 5.880 5.890 5.900 5.910 5.920 5.930 5.940 5.950 5.960 5.970 5.980 5.990 6.000 6.011 6.021 6.031 6.039 6.048 6.057 6.066 6.074 6.083 6.092 6.100 6.109 6.117 6.126 6.134 6.142 6.150 6.158 6.165 6.173 6.180 6.187 6.195 6.202 6.209 6.215 6.220 6.226 6.231 6.235 6.240 6.244 6.248 6.252 6.256 6.259 6.263 6.266 6.269 6.272 6.274 6.277 6.279
5.663 5.675 5.687 5.698 5.709 5.721 5.732 5.743 5.754 5.765 5.776 5.787 5.798 5.807 5.817 5.826 5.836 5.846 5.856 5.866 5.876 5.886 5.896 5.906 5.916 5.926 5.936 5.946 5.956 5.966 5.976 5.986 5.996 6.006 6.016 6.027 6.036 6.045 6.054 6.063 6.072 6.080 6.089 6.098 6.107 6.115 6.124 6.132 6.141 6.149 6.157 6.165 6.173 6.181 6.188 6.196 6.203 6.211 6.218 6.225 6.230 6.236 6.241 6.246 6.251 6.256 6.260 6.265 6.269 6.273 6.277 6.280 6.283 6.287 6.290 6.292 6.295
5.671 5.683 5.694 5.706 5.717 5.728 5.739 5.750 5.761 5.772 5.783 5.794 5.805 5.814 5.824 5.833 5.843 5.852 5.862 5.872 5.882 5.892 5.902 5.912 5.922 5.932 5.942 5.952 5.961 5.971 5.981 5.991 6.001 6.011 6.022 6.032 6.042 6.050 6.059 6.068 6.077 6.086 6.095 6.104 6.112 6.121 6.130 6.139 6.147 6.155 6.164 6.172 6.180 6.188 6.196 6.203 6.211 6.219 6.227 6.233 6.239 6.245 6.251 6.256 6.261 6.267 6.271 6.276 6.281 6.285 6.289 6.293 6.297 6.300 6.304 6.307 6.310
5.679 5.690 5.702 5.713 5.725 5.736 5.747 5.758 5.769 5.779 5.790 5.801 5.811 5.821 5.830 5.840 5.849 5.859 5.869 5.878 5.888 5.898 5.908 5.918 5.927 5.937 5.947 5.957 5.967 5.977 5.987 5.996 6.006 6.017 6.027 6.037 6.046 6.055 6.064 6.073 6.082 6.091 6.100 6.109 6.118 6.127 6.135 6.144 6.153 6.161 6.170 6.178 6.186 6.194 6.202 6.210 6.218 6.226 6.234 6.241 6.248 6.254 6.260 6.265 6.271 6.276 6.281 6.286 6.291 6.296 6.301 6.305 6.309 6.313 6.317 6.320 6.323
