version2/TsunamiDB/out54019.asc
ncols          264
nrows          230
xllcorner      497853.4375
yllcorner      4229146.0000
cellsize         5.
NODATA_value   -99
[rows 62 to 92 of 230, columns 140 to 209 of 264]
-99.000 -99.000 -99.000 -99.000 -99.000 -99.000 -99.000 -99.000 -99.000 -99.000 -99.000 -99.000 -99.000 -99.000 -99.000 -99.000 -99.000 -99.000 -99.000 -99.000 -99.000 -99.000 -99.000 -99.000 -99.000 -99.000 -99.000 1.645 1.667 1.766 1.965 2.239 2.554 2.875 3.173 3.433 3.651 3.826 3.967 4.080 4.173 4.252 4.321 4.382 4.438 4.490 4.539 4.586 4.630 4.673 4.715 4.757 4.797 4.838 4.879 4.920 4.960 5.002 5.045 5.089 5.133 5.178 5.224 5.270 5.316 5.361 5.404 5.445 5.482 5.516
-99.000 -99.000 -99.000 -99.000 -99.000 -99.000 -99.000 -99.000 -99.000 -99.000 -99.000 -99.000 -99.000 -99.000 -99.000 -99.000 -99.000 -99.000 -99.000 -99.000 -99.000 -99.000 -99.000 -99.000 -99.000 -99.000 1.644 1.649 1.696 1.837 2.071 2.366 2.688 3.004 3.289 3.533 3.734 3.895 4.025 4.130 4.217 4.292 4.357 4.416 4.470 4.520 4.568 4.612 4.655 4.696 4.737 4.776 4.814 4.853 4.891 4.930 4.969 5.009 5.050 5.092 5.135 5.180 5.225 5.270 5.315 5.360 5.404 5.446 5.485 5.520
-99.000 -99.000 -99.000 -99.000 -99.000 -99.000 -99.000 -99.000 -99.000 -99.000 -99.000 -99.000 -99.000 -99.000 -99.000 -99.000 -99.000 -99.000 -99.000 -99.000 -99.000 -99.000 -99.000 -99.000 -99.000 -99.000 1.645 1.659 1.741 1.924 2.187 2.498 2.822 3.128 3.398 3.626 3.811 3.959 4.079 4.177 4.259 4.331 4.394 4.451 4.503 4.552 4.598 4.641 4.682 4.722 4.760 4.797 4.834 4.870 4.906 4.943 4.979 5.017 5.056 5.096 5.138 5.181 5.225 5.269 5.314 5.358 5.402 5.444 5.484 5.521
-99.000 -99.000 -99.000 -99.000 -99.000 -99.000 -99.000 -99.000 -99.000 -99.000 -99.000 -99.000 -99.000 -99.000 -99.000 -99.000 -99.000 -99.000 -99.000 -99.000 -99.000 -99.000 -99.000 -99.000 -99.000 1.644 1.647 1.681 1.805 2.025 2.313 2.633 2.954 3.247 3.501 3.712 3.882 4.019 4.130 4.222 4.300 4.369 4.430 4.486 4.537 4.585 4.629 4.671 4.711 4.749 4.786 4.821 4.855 4.889 4.923 4.958 4.991 5.026 5.063 5.102 5.141 5.182 5.224 5.268 5.312 5.355 5.399 5.441 5.482 5.520
-99.000 -99.000 -99.000 -99.000 -99.000 -99.000 -99.000 -99.000 -99.000 -99.000 -99.000 -99.000 -99.000 -99.000 -99.000 -99.000 -99.000 -99.000 -99.000 -99.000 -99.000 -99.000 -99.000 -99.000 -99.000 1.644 1.654 1.720 1.886 2.139 2.445 2.769 3.081 3.359 3.596 3.790 3.947 4.073 4.177 4.265 4.340 4.407 4.467 4.522 4.572 4.619 4.663 4.704 4.742 4.779 4.814 4.848 4.880 4.912 4.943 4.975 5.006 5.039 5.073 5.109 5.146 5.185 5.225 5.267 5.310 5.353 5.395 5.438 5.478 5.517
-99.000 -99.000 -99.000 -99.000 -99.000 -99.000 -99.000 -99.000 -99.000 -99.000 -99.000 -99.000 -99.000 -99.000 -99.000 -99.000 -99.000 -99.000 -99.000 -99.000 -99.000 -99.000 -99.000 -99.000 -99.000 1.645 1.671 1.778 1.984 2.263 2.581 2.903 3.203 3.464 3.683 3.861 4.005 4.123 4.221 4.305 4.378 4.443 4.503 4.557 4.607 4.654 4.697 4.738 4.776 4.812 4.845 4.877 4.908 4.938 4.967 4.996 5.025 5.054 5.086 5.119 5.153 5.190 5.228 5.268 5.309 5.351 5.393 5.435 5.476 5.515
-99.000 -99.000 -99.000 -99.000 -99.000 -99.000 -99.000 -99.000 -99.000 -99.000 -99.000 -99.000 -99.000 -99.000 -99.000 -99.000 -99.000 -99.000 -99.000 -99.000 -99.000 -99.000 -99.000 -99.000 1.644 1.650 1.704 1.854 2.095 2.395 2.719 3.034 3.319 3.561 3.762 3.926 4.058 4.168 4.261 4.342 4.414 4.478 4.537 4.592 4.642 4.689 4.733 4.773 4.811 4.846 4.879 4.910 4.940 4.968 4.995 5.022 5.048 5.074 5.103 5.133 5.164 5.198 5.234 5.272 5.311 5.352 5.393 5.434 5.475 5.516
-99.000 -99.000 -99.000 -99.000 -99.000 -99.000 -99.000 -99.000 -99.000 -99.000 -99.000 -99.000 -99.000 -99.000 -99.000 -99.000 -99.000 -99.000 -99.000 -99.000 -99.000 -99.000 -99.000 -99.000 1.645 1.663 1.756 1.948 2.219 2.533 2.855 3.159 3.426 3.650 3.834 3.983 4.106 4.209 4.298 4.376 4.447 4.511 4.570 4.625 4.676 4.724 4.768 4.809 4.847 4.882 4.915 4.946 4.974 5.001 5.027 5.052 5.075 5.099 5.124 5.151 5.180 5.211 5.244 5.279 5.317 5.356 5.396 5.437 5.478 5.519
-99.000 -99.000 -99.000 -99.000 -99.000 -99.000 -99.000 -99.000 -99.000 -99.000 -99.000 -99.000 -99.000 -99.000 -99.000 -99.000 -99.000 -99.000 -99.000 -99.000 -99.000 -99.000 -99.000 1.644 1.648 1.691 1.827 2.057 2.351 2.672 2.989 3.277 3.525 3.730 3.898 4.035 4.149 4.246 4.331 4.407 4.477 4.541 4.601 4.656 4.708 4.757 4.802 4.844 4.883 4.919 4.953 4.983 5.012 5.038 5.063 5.086 5.107 5.128 5.151 5.174 5.200 5.227 5.258 5.290 5.326 5.363 5.402 5.442 5.484 5.525
-99.000 -99.000 -99.000 -99.000 -99.000 -99.000 -99.000 -99.000 -99.000 -99.000 -99.000 -99.000 -99.000 -99.000 -99.000 -99.000 -99.000 -99.000 -99.000 -99.000 -99.000 -99.000 -99.000 1.644 1.658 1.737 1.917 2.179 2.489 2.811 3.117 3.388 3.617 3.804 3.956 4.082 4.187 4.279 4.360 4.435 4.504 4.568 4.628 4.685 4.738 4.788 4.835 4.878 4.919 4.956 4.990 5.022 5.051 5.077 5.101 5.124 5.144 5.163 5.183 5.203 5.225 5.249 5.276 5.306 5.339 5.374 5.412 5.451 5.493 5.535
-99.000 -99.000 -99.000 -99.000 -99.000 -99.000 -99.000 -99.000 -99.000 -99.000 -99.000 -99.000 -99.000 -99.000 -99.000 -99.000 -99.000 -99.000 -99.000 -99.000 -99.000 -99.000 1.644 1.647 1.681 1.804 2.023 2.311 2.630 2.948 3.239 3.491 3.700 3.870 4.009 4.124 4.222 4.309 4.387 4.459 4.527 4.592 4.652 4.710 4.765 4.816 4.865 4.910 4.952 4.991 5.027 5.060 5.091 5.118 5.143 5.165 5.184 5.202 5.219 5.237 5.256 5.276 5.299 5.326 5.355 5.388 5.424 5.463 5.504 5.547
-99.000 -99.000 -99.000 -99.000 -99.000 -99.000 -99.000 -99.000 -99.000 -99.000 -99.000 -99.000 -99.000 -99.000 -99.000 -99.000 -99.000 -99.000 -99.000 -99.000 -99.000 -99.000 1.644 1.654 1.722 1.890 2.143 2.449 2.771 3.079 3.354 3.586 3.777 3.931 4.057 4.162 4.254 4.336 4.411 4.481 4.548 4.612 4.673 4.732 4.788 4.841 4.891 4.938 4.982 5.024 5.062 5.097 5.129 5.159 5.185 5.208 5.227 5.244 5.261 5.276 5.291 5.308 5.327 5.350 5.376 5.406 5.440 5.478 5.518 5.561
-99.000 -99.000 -99.000 -99.000 -99.000 -99.000 -99.000 -99.000 -99.000 -99.000 -99.000 -99.000 -99.000 -99.000 -99.000 -99.000 -99.000 -99.000 -99.000 -99.000 -99.000 1.644 1.646 1.673 1.783 1.992 2.273 2.590 2.910 3.205 3.461 3.674 3.847 3.986 4.100 4.198 4.283 4.361 4.433 4.501 4.567 4.630 4.691 4.750 4.807 4.861 4.913 4.963 5.009 5.053 5.094 5.131 5.166 5.198 5.226 5.251 5.272 5.289 5.305 5.319 5.332 5.346 5.361 5.379 5.401 5.427 5.458 5.494 5.533 5.576
-99.000 -99.000 -99.000 -99.000 -99.000 -99.000 -99.000 -99.000 -99.000 -99.000 -99.000 -99.000 -99.000 -99.000 -99.000 -99.000 -99.000 -99.000 -99.000 -99.000 -99.000 1.644 1.651 1.708 1.864 2.109 2.410 2.732 3.044 3.323 3.560 3.755 3.911 4.037 4.141 4.231 4.311 4.384 4.453 4.519 4.583 4.646 4.706 4.765 4.823 4.878 4.932 4.983 5.031 5.078 5.121 5.162 5.199 5.234 5.265 5.293 5.316 5.335 5.352 5.366 5.377 5.388 5.399 5.412 5.430 5.452 5.479 5.512 5.550 5.592
-99.000 -99.000 -99.000 -99.000 -99.000 -99.000 -99.000 -99.000 -99.000 -99.000 -99.000 -99.000 -99.000 -99.000 -99.000 -99.000 -99.000 -99.000 -99.000 -99.000 -99.000 1.645 1.666 1.763 1.961 2.236 2.551 2.872 3.172 3.434 3.652 3.828 3.970 4.084 4.179 4.263 4.338 4.407 4.473 4.536 4.599 4.659 4.719 4.778 4.835 4.891 4.946 4.998 5.049 5.098 5.144 5.187 5.228 5.266 5.301 5.332 5.358 5.380 5.399 5.414 5.425 5.434 5.442 5.451 5.464 5.481 5.504 5.533 5.567 5.607
-99.000 -99.000 -99.000 -99.000 -99.000 -99.000 -99.000 -99.000 -99.000 -99.000 -99.000 -99.000 -99.000 -99.000 -99.000 -99.000 -99.000 -99.000 -99.000 -99.000 1.644 1.649 1.696 1.838 2.073 2.370 2.693 3.008 3.294 3.537 3.737 3.896 4.024 4.128 4.216 4.293 4.364 4.429 4.492 4.553 4.613 4.672 4.730 4.788 4.845 4.901 4.956 5.010 5.062 5.113 5.161 5.208 5.252 5.293 5.332 5.366 5.396 5.423 5.445 5.462 5.474 5.483 5.489 5.494 5.502 5.514 5.532 5.556 5.587 5.624
-99.000 -99.000 -99.000 -99.000 -99.000 -99.000 -99.000 -99.000 -99.000 -99.000 -99.000 -99.000 -99.000 -99.000 -99.000 -99.000 -99.000 -99.000 -99.000 -99.000 1.645 1.660 1.744 1.930 2.196 2.509 2.833 3.139 3.408 3.633 3.814 3.958 4.074 4.169 4.251 4.323 4.389 4.452 4.512 4.570 4.628 4.685 4.741 4.797 4.853 4.909 4.964 5.018 5.071 5.123 5.174 5.223 5.270 5.314 5.357 5.395 5.429 5.461 5.487 5.507 5.522 5.532 5.538 5.541 5.545 5.552 5.564 5.583 5.609 5.642
-99.000 -99.000 -99.000 -99.000 -99.000 -99.000 -99.000 -99.000 -99.000 -99.000 -99.000 -99.000 -99.000 -99.000 -99.000 -99.000 -99.000 -99.000 -99.000 1.644 1.647 1.684 1.811 2.036 2.327 2.650 2.971 3.264 3.516 3.722 3.886 4.016 4.122 4.209 4.285 4.353 4.415 4.474 4.532 4.587 4.642 4.697 4.752 4.806 4.860 4.915 4.969 5.023 5.077 5.130 5.182 5.233 5.282 5.330 5.376 5.418 5.457 5.493 5.524 5.549 5.568 5.580 5.587 5.590 5.592 5.594 5.601 5.614 5.635 5.664
-99.000 -99.000 -99.000 -99.000 -99.000 -99.000 -99.000 -99.000 -99.000 -99.000 -99.000 -99.000 -99.000 -99.000 -99.000 -99.000 -99.000 -99.000 -99.000 1.644 1.655 1.725 1.896 2.153 2.463 2.791 3.104 3.383 3.616 3.803 3.952 4.071 4.167 4.247 4.318 4.382 4.441 4.498 4.552 4.605 4.658 4.710 4.762 4.815 4.867 4.920 4.973 5.027 5.080 5.133 5.186 5.239 5.290 5.341 5.390 5.435 5.478 5.519 5.554 5.584 5.608 5.625 5.635 5.639 5.640 5.640 5.643 5.651 5.666 5.690
-99.000 -99.000 -99.000 -99.000 -99.000 -99.000 -99.000 -99.000 -99.000 -99.000 -99.000 -99.000 -99.000 -99.000 -99.000 -99.000 -99.000 -99.000 1.644 1.646 1.673 1.784 1.995 2.279 2.603 2.930 3.233 3.494 3.708 3.879 4.014 4.122 4.210 4.284 4.351 4.411 4.468 4.521 4.573 4.624 4.674 4.724 4.774 4.824 4.875 4.926 4.977 5.029 5.082 5.135 5.188 5.241 5.294 5.347 5.398 5.447 5.493 5.538 5.578 5.613 5.641 5.663 5.677 5.684 5.687 5.687 5.688 5.692 5.703 5.721
-99.000 -99.000 -99.000 -99.000 -99.000 -99.000 -99.000 -99.000 -99.000 -99.000 -99.000 -99.000 -99.000 -99.000 -99.000 -99.000 -99.000 -99.000 1.644 1.650 1.706 1.860 2.106 2.412 2.743 3.065 3.354 3.597 3.793 3.948 4.071 4.170 4.251 4.321 4.384 4.441 4.495 4.546 4.596 4.644 4.692 4.739 4.787 4.834 4.883 4.931 4.981 5.031 5.083 5.135 5.188 5.241 5.295 5.348 5.402 5.453 5.502 5.550 5.594 5.633 5.667 5.693 5.712 5.724 5.730 5.733 5.734 5.737 5.745 5.759
-99.000 -99.000 -99.000 -99.000 -99.000 -99.000 -99.000 -99.000 -99.000 -99.000 -99.000 -99.000 -99.000 -99.000 -99.000 -99.000 -99.000 -99.000 1.645 1.663 1.756 1.951 2.227 2.550 2.883 3.196 3.468 3.693 3.872 4.013 4.125 4.217 4.292 4.358 4.417 4.472 4.523 4.572 4.619 4.665 4.711 4.756 4.801 4.846 4.892 4.938 4.986 5.034 5.084 5.134 5.186 5.239 5.293 5.347 5.401 5.453 5.505 5.555 5.602 5.645 5.683 5.714 5.739 5.756 5.767 5.774 5.778 5.783 5.790 5.802
-99.000 -99.000 -99.000 -99.000 -99.000 -99.000 -99.000 -99.000 -99.000 -99.000 -99.000 -99.000 -99.000 -99.000 -99.000 -99.000 -99.000 1.644 1.648 1.689 1.824 2.056 2.356 2.690 3.020 3.320 3.574 3.781 3.944 4.073 4.176 4.261 4.332 4.394 4.451 4.503 4.552 4.599 4.644 4.688 4.731 4.774 4.817 4.860 4.903 4.947 4.992 5.038 5.085 5.134 5.184 5.236 5.289 5.342 5.397 5.450 5.502 5.554 5.603 5.649 5.690 5.726 5.755 5.778 5.796 5.808 5.818 5.827 5.836 5.847
-99.000 -99.000 -99.000 -99.000 -99.000 -99.000 -99.000 -99.000 -99.000 -99.000 -99.000 -99.000 -99.000 -99.000 -99.000 -99.000 -99.000 1.644 1.656 1.731 1.908 2.171 2.492 2.830 3.153 3.436 3.673 3.862 4.011 4.129 4.225 4.304 4.371 4.431 4.485 4.535 4.583 4.628 4.671 4.713 4.754 4.794 4.835 4.875 4.916 4.957 5.000 5.043 5.088 5.135 5.183 5.232 5.284 5.336 5.389 5.442 5.494 5.547 5.597 5.645 5.688 5.728 5.762 5.790 5.814 5.834 5.850 5.865 5.878 5.892
-99.000 -99.000 -99.000 -99.000 -99.000 -99.000 -99.000 -99.000 -99.000 -99.000 -99.000 -99.000 -99.000 -99.000 -99.000 -99.000 1.644 1.646 1.675 1.791 2.006 2.297 2.631 2.968 3.279 3.545 3.763 3.936 4.072 4.181 4.271 4.346 4.410 4.467 4.520 4.568 4.614 4.657 4.699 4.739 4.778 4.817 4.855 4.893 4.931 4.970 5.010 5.051 5.093 5.137 5.182 5.230 5.279 5.329 5.381 5.432 5.483 5.535 5.585 5.634 5.679 5.721 5.759 5.792 5.822 5.849 5.873 5.895 5.914 5.932
-99.000 -99.000 -99.000 -99.000 -99.000 -99.000 -99.000 -99.000 -99.000 -99.000 -99.000 -99.000 -99.000 -99.000 -99.000 -99.000 1.644 1.651 1.709 1.867 2.116 2.430 2.771 3.102 3.397 3.645 3.845 4.004 4.129 4.230 4.314 4.386 4.447 4.503 4.554 4.602 4.646 4.688 4.729 4.768 4.805 4.842 4.878 4.914 4.950 4.986 5.023 5.061 5.101 5.142 5.184 5.229 5.275 5.323 5.372 5.421 5.470 5.521 5.570 5.618 5.664 5.708 5.748 5.786 5.822 5.855 5.886 5.914 5.941 5.965
-99.000 -99.000 -99.000 -99.000 -99.000 -99.000 -99.000 -99.000 -99.000 -99.000 -99.000 -99.000 -99.000 -99.000 -99.000 -99.000 1.645 1.664 1.760 1.958 2.237 2.568 2.910 3.230 3.508 3.737 3.920 4.065 4.181 4.276 4.356 4.424 4.484 4.538 4.589 4.635 4.679 4.720 4.760 4.798 4.834 4.869 4.904 4.938 4.972 5.006 5.040 5.076 5.112 5.150 5.190 5.231 5.274 5.319 5.365 5.411 5.458 5.506 5.554 5.601 5.647 5.691 5.734 5.775 5.815 5.853 5.891 5.926 5.958 5.988
-99.000 -99.000 -99.000 -99.000 -99.000 -99.000 -99.000 -99.000 -99.000 -99.000 -99.000 -99.000 -99.000 -99.000 -99.000 1.644 1.648 1.691 1.828 2.062 2.366 2.708 3.046 3.351 3.611 3.821 3.989 4.122 4.230 4.319 4.395 4.461 4.519 4.573 4.623 4.669 4.712 4.753 4.792 4.829 4.864 4.899 4.932 4.964 4.996 5.028 5.061 5.093 5.127 5.162 5.199 5.237 5.276 5.318 5.361 5.404 5.449 5.494 5.540 5.586 5.631 5.675 5.719 5.763 5.806 5.848 5.890 5.931 5.969 6.005
-99.000 -99.000 -99.000 -99.000 -99.000 -99.000 -99.000 -99.000 -99.000 -99.000 -99.000 -99.000 -99.000 -99.000 -99.000 1.644 1.657 1.734 1.912 2.178 2.503 2.848 3.176 3.465 3.705 3.898 4.051 4.174 4.274 4.359 4.432 4.496 4.554 4.606 4.656 4.702 4.746 4.786 4.825 4.861 4.896 4.930 4.962 4.994 5.024 5.055 5.085 5.115 5.147 5.179 5.212 5.247 5.284 5.322 5.362 5.402 5.443 5.486 5.530 5.574 5.618 5.662 5.707 5.752 5.798 5.844 5.889 5.934 5.977 6.017
-99.000 -99.000 -99.000 -99.000 -99.000 -99.000 -99.000 -99.000 -99.000 -99.000 -99.000 -99.000 -99.000 -99.000 1.644 1.646 1.676 1.794 2.011 2.304 2.643 2.986 3.301 3.571 3.792 3.968 4.108 4.222 4.316 4.396 4.466 4.530 4.586 4.639 4.688 4.735 4.778 4.819 4.858 4.894 4.929 4.963 4.994 5.025 5.055 5.084 5.113 5.141 5.170 5.200 5.230 5.262 5.295 5.330 5.367 5.404 5.443 5.483 5.525 5.567 5.610 5.655 5.700 5.746 5.794 5.842 5.891 5.939 5.985 6.030
-99.000 -99.000 -99.000 -99.000 -99.000 -99.000 -99.000 -99.000 -99.000 -99.000 -99.000 -99.000 -99.000 -99.000 1.644 1.651 1.711 1.870 2.122 2.438 2.785 3.120 3.418 3.668 3.871 4.032 4.160 4.266 4.354 4.431 4.499 4.561 4.617 4.670 4.719 4.766 4.810 4.851 4.890 4.927 4.962 4.996 5.028 5.058 5.088 5.116 5.144 5.171 5.198 5.225 5.253 5.282 5.312 5.344 5.377 5.411 5.447 5.485 5.525 5.566 5.608 5.652 5.698 5.746 5.795 5.845 5.896 5.947 5.997 6.044
