version2/TsunamiDB/out54163.asc
ncols          264
nrows          230
xllcorner      497853.4375
yllcorner      4229146.0000
cellsize         5.
NODATA_value   -99
[rows 170 to 203 of 230, columns 0 to 76 of 264]
6.275 6.295 6.317 6.339 6.362 6.385 6.409 6.431 6.454 6.476 6.498 6.519 6.540 6.560 6.579 6.597 6.614 6.631 6.646 6.661 6.676 6.689 6.702 6.715 6.727 6.739 6.750 6.762 6.773 6.785 6.795 6.805 6.814 6.824 6.833 6.842 6.851 6.859 6.867 6.875 6.883 6.890 6.897 6.904 6.910 6.916 6.922 6.927 6.931 6.936 6.939 6.943 6.946 6.949 6.952 6.954 6.956 6.958 6.960 6.962 6.965 6.968 6.972 6.976 6.980 6.984 6.989 6.993 6.998 7.003 7.008 7.012 7.017 7.021 7.026 7.030 7.035
6.260 6.279 6.299 6.320 6.341 6.364 6.386 6.408 6.431 6.453 6.476 6.498 6.519 6.541 6.561 6.581 6.600 6.618 6.635 6.652 6.668 6.683 6.697 6.711 6.724 6.736 6.749 6.761 6.773 6.784 6.795 6.805 6.815 6.825 6.835 6.844 6.853 6.861 6.870 6.878 6.886 6.894 6.901 6.908 6.915 6.922 6.927 6.933 6.938 6.943 6.947 6.951 6.955 6.958 6.960 6.962 6.964 6.966 6.969 6.971 6.973 6.976 6.979 6.983 6.987 6.991 6.996 7.000 7.005 7.010 7.015 7.019 7.024 7.029 7.034 7.038 7.043
6.248 6.265 6.284 6.303 6.323 6.344 6.365 6.386 6.408 6.430 6.452 6.474 6.497 6.519 6.540 6.562 6.582 6.602 6.621 6.639 6.656 6.673 6.688 6.703 6.718 6.731 6.745 6.758 6.771 6.783 6.794 6.805 6.815 6.825 6.835 6.845 6.854 6.863 6.872 6.880 6.889 6.897 6.904 6.912 6.919 6.926 6.932 6.938 6.944 6.949 6.953 6.958 6.962 6.966 6.968 6.971 6.973 6.975 6.977 6.979 6.981 6.984 6.987 6.990 6.994 6.998 7.002 7.007 7.012 7.016 7.021 7.026 7.031 7.036 7.041 7.046 7.050
6.238 6.255 6.272 6.289 6.308 6.327 6.347 6.366 6.387 6.408 6.429 6.451 6.473 6.495 6.517 6.539 6.561 6.582 6.603 6.622 6.641 6.659 6.677 6.693 6.709 6.724 6.738 6.752 6.766 6.779 6.791 6.802 6.813 6.824 6.834 6.844 6.854 6.863 6.872 6.881 6.890 6.898 6.906 6.914 6.922 6.929 6.936 6.942 6.948 6.954 6.959 6.964 6.969 6.972 6.975 6.978 6.980 6.982 6.984 6.987 6.989 6.991 6.994 6.997 7.000 7.004 7.009 7.013 7.018 7.023 7.027 7.032 7.037 7.042 7.047 7.053 7.057
6.231 6.246 6.262 6.278 6.295 6.313 6.331 6.350 6.368 6.388 6.408 6.429 6.450 6.472 6.494 6.516 6.538 6.560 6.581 6.602 6.623 6.642 6.661 6.679 6.696 6.713 6.729 6.744 6.759 6.773 6.786 6.798 6.810 6.821 6.832 6.843 6.853 6.863 6.872 6.881 6.890 6.899 6.908 6.916 6.924 6.931 6.938 6.945 6.952 6.958 6.963 6.969 6.974 6.978 6.981 6.984 6.987 6.989 6.992 6.994 6.996 6.998 7.001 7.003 7.007 7.010 7.014 7.019 7.023 7.028 7.033 7.038 7.043 7.048 7.053 7.059 7.064
6.226 6.240 6.255 6.270 6.286 6.302 6.319 6.336 6.353 6.371 6.390 6.409 6.429 6.449 6.471 6.492 6.514 6.536 6.558 6.580 6.601 6.622 6.642 6.662 6.681 6.699 6.716 6.733 6.749 6.764 6.778 6.792 6.804 6.816 6.828 6.839 6.850 6.860 6.870 6.880 6.890 6.899 6.908 6.916 6.924 6.932 6.940 6.947 6.954 6.961 6.967 6.973 6.978 6.983 6.987 6.990 6.993 6.996 6.998 7.000 7.002 7.004 7.007 7.009 7.012 7.016 7.020 7.024 7.028 7.033 7.038 7.043 7.048 7.053 7.059 7.065 7.069
6.222 6.236 6.249 6.264 6.278 6.294 6.309 6.325 6.340 6.357 6.374 6.392 6.410 6.430 6.450 6.470 6.491 6.512 6.534 6.556 6.578 6.599 6.620 6.641 6.661 6.681 6.700 6.718 6.736 6.752 6.768 6.782 6.796 6.809 6.822 6.834 6.846 6.857 6.867 6.878 6.888 6.897 6.906 6.916 6.924 6.933 6.941 6.948 6.956 6.963 6.969 6.976 6.982 6.987 6.991 6.995 6.998 7.001 7.003 7.006 7.008 7.010 7.012 7.015 7.018 7.021 7.024 7.028 7.033 7.037 7.042 7.047 7.052 7.058 7.064 7.069 7.074
6.219 6.232 6.245 6.259 6.273 6.287 6.302 6.316 6.331 6.346 6.362 6.378 6.395 6.413 6.431 6.450 6.470 6.490 6.511 6.533 6.554 6.576 6.597 6.618 6.639 6.660 6.680 6.700 6.719 6.737 6.754 6.770 6.785 6.800 6.813 6.826 6.839 6.851 6.862 6.873 6.884 6.894 6.904 6.913 6.923 6.931 6.940 6.948 6.956 6.963 6.971 6.978 6.984 6.989 6.994 6.998 7.002 7.005 7.008 7.011 7.013 7.015 7.017 7.020 7.022 7.025 7.029 7.032 7.037 7.041 7.046 7.051 7.056 7.062 7.068 7.073 7.078
6.218 6.230 6.243 6.256 6.269 6.283 6.296 6.310 6.323 6.337 6.352 6.367 6.383 6.399 6.416 6.434 6.452 6.471 6.491 6.511 6.531 6.552 6.574 6.595 6.616 6.637 6.658 6.679 6.699 6.719 6.737 6.754 6.771 6.787 6.802 6.816 6.830 6.843 6.855 6.867 6.878 6.889 6.900 6.910 6.920 6.929 6.938 6.947 6.955 6.963 6.971 6.978 6.985 6.991 6.996 7.001 7.005 7.009 7.012 7.014 7.017 7.019 7.022 7.024 7.027 7.029 7.032 7.036 7.040 7.044 7.049 7.054 7.059 7.065 7.071 7.076 7.082
6.216 6.228 6.241 6.253 6.266 6.279 6.292 6.305 6.318 6.331 6.344 6.358 6.373 6.388 6.404 6.420 6.437 6.455 6.473 6.492 6.511 6.531 6.551 6.572 6.593 6.614 6.635 6.656 6.678 6.698 6.717 6.736 6.754 6.771 6.787 6.803 6.818 6.832 6.845 6.858 6.871 6.882 6.894 6.905 6.915 6.925 6.935 6.944 6.953 6.961 6.969 6.977 6.985 6.991 6.997 7.002 7.007 7.011 7.014 7.017 7.020 7.023 7.025 7.028 7.030 7.033 7.036 7.039 7.043 7.047 7.051 7.056 7.061 7.067 7.073 7.079 7.084
6.215 6.227 6.239 6.251 6.264 6.277 6.289 6.301 6.314 6.326 6.339 6.352 6.366 6.380 6.394 6.409 6.425 6.441 6.458 6.475 6.493 6.512 6.531 6.551 6.571 6.592 6.613 6.634 6.655 6.676 6.696 6.715 6.734 6.752 6.770 6.787 6.803 6.818 6.833 6.847 6.860 6.873 6.886 6.897 6.909 6.919 6.930 6.940 6.949 6.958 6.967 6.975 6.983 6.990 6.996 7.002 7.007 7.012 7.016 7.019 7.023 7.025 7.028 7.030 7.033 7.035 7.038 7.041 7.045 7.049 7.053 7.058 7.063 7.069 7.075 7.080 7.086
6.215 6.226 6.238 6.250 6.263 6.275 6.287 6.299 6.311 6.323 6.335 6.347 6.360 6.373 6.387 6.401 6.415 6.430 6.446 6.462 6.479 6.496 6.514 6.533 6.552 6.571 6.591 6.612 6.633 6.653 6.673 6.693 6.713 6.732 6.750 6.768 6.786 6.802 6.818 6.833 6.848 6.862 6.875 6.888 6.900 6.912 6.923 6.933 6.944 6.953 6.963 6.972 6.980 6.988 6.995 7.001 7.007 7.012 7.016 7.020 7.024 7.027 7.030 7.032 7.035 7.037 7.040 7.043 7.047 7.050 7.055 7.059 7.064 7.069 7.075 7.081 7.087
6.214 6.226 6.238 6.250 6.262 6.274 6.286 6.297 6.308 6.320 6.332 6.344 6.356 6.368 6.381 6.395 6.408 6.422 6.437 6.452 6.467 6.483 6.500 6.517 6.535 6.553 6.572 6.592 6.612 6.632 6.652 6.671 6.691 6.710 6.729 6.748 6.766 6.784 6.801 6.817 6.833 6.848 6.862 6.876 6.889 6.902 6.914 6.925 6.936 6.947 6.957 6.967 6.976 6.984 6.992 6.999 7.005 7.010 7.016 7.020 7.024 7.027 7.031 7.033 7.036 7.039 7.042 7.044 7.048 7.051 7.055 7.060 7.064 7.070 7.076 7.082 7.087
6.214 6.226 6.237 6.249 6.261 6.273 6.285 6.296 6.307 6.318 6.330 6.341 6.353 6.365 6.377 6.390 6.403 6.416 6.430 6.444 6.458 6.473 6.488 6.504 6.521 6.538 6.556 6.574 6.593 6.613 6.632 6.651 6.670 6.689 6.708 6.727 6.746 6.764 6.782 6.799 6.816 6.832 6.847 6.862 6.876 6.890 6.903 6.915 6.927 6.939 6.949 6.960 6.970 6.979 6.987 6.995 7.002 7.008 7.013 7.018 7.023 7.027 7.030 7.033 7.036 7.039 7.042 7.045 7.048 7.052 7.055 7.060 7.064 7.069 7.075 7.081 7.087
6.214 6.225 6.237 6.249 6.261 6.273 6.284 6.295 6.306 6.317 6.328 6.339 6.351 6.362 6.374 6.386 6.399 6.411 6.424 6.437 6.451 6.465 6.480 6.494 6.510 6.526 6.542 6.560 6.578 6.596 6.614 6.632 6.651 6.669 6.688 6.707 6.726 6.744 6.762 6.780 6.797 6.814 6.831 6.846 6.862 6.876 6.890 6.903 6.916 6.928 6.940 6.952 6.962 6.972 6.981 6.989 6.997 7.004 7.010 7.016 7.021 7.025 7.029 7.033 7.036 7.039 7.042 7.045 7.048 7.051 7.055 7.059 7.063 7.068 7.074 7.080 7.085
6.214 6.225 6.237 6.249 6.261 6.273 6.283 6.294 6.305 6.316 6.327 6.338 6.349 6.361 6.372 6.384 6.396 6.408 6.420 6.433 6.446 6.459 6.473 6.487 6.501 6.516 6.532 6.548 6.565 6.582 6.599 6.616 6.633 6.651 6.669 6.688 6.706 6.724 6.743 6.761 6.778 6.796 6.813 6.829 6.845 6.861 6.876 6.890 6.903 6.917 6.929 6.942 6.953 6.963 6.973 6.982 6.990 6.998 7.005 7.011 7.017 7.022 7.026 7.030 7.034 7.037 7.041 7.044 7.047 7.050 7.054 7.058 7.062 7.067 7.072 7.078 7.084
6.214 6.226 6.237 6.249 6.261 6.272 6.283 6.294 6.305 6.315 6.326 6.337 6.348 6.359 6.371 6.382 6.394 6.405 6.417 6.429 6.442 6.454 6.467 6.481 6.494 6.508 6.523 6.538 6.554 6.570 6.586 6.602 6.619 6.636 6.653 6.671 6.688 6.706 6.724 6.742 6.760 6.777 6.795 6.812 6.828 6.844 6.860 6.875 6.889 6.903 6.917 6.930 6.942 6.953 6.964 6.974 6.983 6.991 6.999 7.006 7.012 7.018 7.023 7.027 7.031 7.035 7.038 7.042 7.045 7.048 7.052 7.056 7.060 7.065 7.070 7.076 7.081
6.214 6.226 6.237 6.249 6.261 6.272 6.283 6.294 6.304 6.315 6.326 6.337 6.348 6.359 6.370 6.381 6.392 6.404 6.415 6.427 6.439 6.451 6.464 6.476 6.489 6.503 6.516 6.531 6.546 6.561 6.576 6.591 6.607 6.623 6.639 6.656 6.673 6.690 6.707 6.725 6.742 6.760 6.777 6.794 6.811 6.827 6.843 6.859 6.874 6.889 6.903 6.917 6.930 6.942 6.953 6.964 6.974 6.983 6.991 6.999 7.006 7.012 7.018 7.023 7.028 7.032 7.035 7.039 7.042 7.046 7.049 7.053 7.057 7.062 7.067 7.073 7.078
6.215 6.226 6.237 6.249 6.261 6.272 6.283 6.294 6.304 6.315 6.326 6.336 6.347 6.358 6.369 6.380 6.391 6.402 6.414 6.425 6.437 6.449 6.461 6.473 6.485 6.498 6.512 6.526 6.540 6.554 6.568 6.582 6.597 6.612 6.627 6.643 6.659 6.676 6.692 6.709 6.726 6.743 6.760 6.777 6.794 6.811 6.827 6.843 6.859 6.874 6.889 6.903 6.917 6.930 6.942 6.953 6.963 6.973 6.982 6.991 6.999 7.006 7.012 7.018 7.023 7.027 7.031 7.035 7.039 7.043 7.046 7.050 7.054 7.059 7.064 7.069 7.074
6.215 6.226 6.238 6.249 6.261 6.272 6.283 6.294 6.304 6.315 6.326 6.336 6.347 6.358 6.369 6.380 6.391 6.402 6.413 6.424 6.435 6.447 6.459 6.471 6.483 6.495 6.508 6.521 6.535 6.548 6.561 6.575 6.589 6.603 6.618 6.633 6.648 6.664 6.680 6.696 6.712 6.729 6.745 6.762 6.779 6.795 6.812 6.828 6.843 6.859 6.874 6.890 6.904 6.917 6.929 6.941 6.953 6.963 6.973 6.982 6.990 6.998 7.005 7.011 7.017 7.022 7.027 7.031 7.035 7.039 7.043 7.046 7.050 7.055 7.060 7.065 7.070
6.215 6.226 6.238 6.249 6.261 6.273 6.283 6.294 6.304 6.315 6.326 6.336 6.347 6.358 6.368 6.379 6.390 6.401 6.412 6.423 6.435 6.446 6.457 6.469 6.481 6.493 6.505 6.518 6.531 6.544 6.557 6.570 6.583 6.596 6.610 6.624 6.639 6.654 6.669 6.684 6.700 6.716 6.732 6.748 6.765 6.781 6.797 6.813 6.829 6.845 6.861 6.876 6.890 6.904 6.917 6.929 6.941 6.952 6.963 6.972 6.981 6.990 6.997 7.004 7.011 7.016 7.021 7.026 7.030 7.034 7.038 7.042 7.046 7.051 7.056 7.061 7.066
6.215 6.226 6.238 6.250 6.261 6.273 6.283 6.294 6.305 6.315 6.326 6.336 6.347 6.358 6.368 6.379 6.390 6.401 6.412 6.423 6.434 6.445 6.456 6.468 6.479 6.491 6.503 6.516 6.528 6.541 6.553 6.565 6.578 6.591 6.604 6.618 6.632 6.646 6.660 6.675 6.690 6.705 6.721 6.737 6.752 6.768 6.784 6.800 6.816 6.831 6.847 6.863 6.877 6.891 6.904 6.917 6.930 6.941 6.952 6.963 6.972 6.981 6.989 6.997 7.004 7.010 7.015 7.021 7.025 7.030 7.034 7.038 7.042 7.046 7.051 7.056 7.061
6.215 6.227 6.238 6.250 6.262 6.273 6.284 6.294 6.305 6.315 6.326 6.336 6.347 6.358 6.369 6.379 6.390 6.401 6.412 6.423 6.434 6.445 6.456 6.467 6.479 6.490 6.502 6.514 6.526 6.538 6.550 6.562 6.574 6.587 6.600 6.613 6.626 6.639 6.653 6.667 6.682 6.696 6.711 6.726 6.742 6.757 6.773 6.788 6.804 6.819 6.835 6.850 6.865 6.879 6.893 6.906 6.918 6.931 6.942 6.953 6.963 6.972 6.981 6.989 6.996 7.003 7.009 7.015 7.020 7.024 7.029 7.033 7.037 7.042 7.047 7.051 7.056
6.215 6.227 6.238 6.250 6.262 6.273 6.284 6.294 6.305 6.315 6.326 6.337 6.347 6.358 6.369 6.379 6.390 6.401 6.412 6.423 6.434 6.445 6.456 6.467 6.478 6.489 6.501 6.513 6.525 6.537 6.548 6.560 6.572 6.584 6.596 6.609 6.621 6.634 6.648 6.661 6.675 6.689 6.703 6.718 6.733 6.748 6.763 6.778 6.793 6.809 6.824 6.839 6.854 6.868 6.882 6.895 6.908 6.920 6.932 6.943 6.954 6.964 6.973 6.981 6.989 6.996 7.003 7.009 7.014 7.019 7.024 7.028 7.033 7.038 7.042 7.047 7.051
6.216 6.227 6.239 6.250 6.262 6.273 6.284 6.295 6.305 6.316 6.326 6.337 6.348 6.358 6.369 6.380 6.390 6.401 6.412 6.423 6.434 6.445 6.456 6.467 6.478 6.489 6.501 6.513 6.524 6.535 6.547 6.558 6.570 6.581 6.593 6.605 6.618 6.630 6.643 6.656 6.669 6.683 6.697 6.711 6.725 6.740 6.754 6.769 6.784 6.799 6.814 6.829 6.844 6.858 6.872 6.885 6.898 6.911 6.923 6.934 6.945 6.955 6.965 6.974 6.982 6.990 6.997 7.003 7.009 7.014 7.019 7.024 7.028 7.033 7.038 7.042 7.047
6.216 6.227 6.239 6.250 6.262 6.274 6.284 6.295 6.305 6.316 6.326 6.337 6.348 6.358 6.369 6.380 6.391 6.401 6.412 6.423 6.434 6.445 6.456 6.467 6.478 6.489 6.500 6.512 6.524 6.535 6.546 6.557 6.568 6.580 6.591 6.603 6.615 6.627 6.640 6.652 6.665 6.678 6.692 6.705 6.719 6.733 6.747 6.762 6.776 6.791 6.806 6.821 6.835 6.849 6.863 6.876 6.889 6.902 6.914 6.926 6.937 6.947 6.957 6.967 6.975 6.983 6.991 6.997 7.003 7.009 7.014 7.019 7.024 7.029 7.034 7.038 7.042
6.216 6.227 6.239 6.250 6.262 6.274 6.284 6.295 6.305 6.316 6.327 6.337 6.348 6.359 6.369 6.380 6.391 6.402 6.412 6.423 6.434 6.445 6.456 6.467 6.478 6.489 6.500 6.512 6.523 6.534 6.545 6.556 6.567 6.579 6.590 6.601 6.613 6.625 6.637 6.649 6.662 6.674 6.687 6.700 6.714 6.727 6.741 6.755 6.769 6.784 6.799 6.813 6.827 6.841 6.855 6.868 6.881 6.894 6.906 6.918 6.929 6.940 6.950 6.960 6.969 6.977 6.985 6.992 6.999 7.005 7.010 7.015 7.020 7.025 7.030 7.034 7.039
6.216 6.227 6.239 6.251 6.262 6.274 6.284 6.295 6.306 6.316 6.327 6.337 6.348 6.359 6.370 6.380 6.391 6.402 6.413 6.424 6.434 6.445 6.456 6.467 6.478 6.489 6.500 6.512 6.523 6.534 6.545 6.556 6.567 6.578 6.589 6.600 6.612 6.623 6.635 6.647 6.659 6.671 6.684 6.697 6.710 6.723 6.736 6.750 6.764 6.778 6.792 6.806 6.820 6.834 6.847 6.861 6.874 6.887 6.899 6.911 6.922 6.933 6.944 6.954 6.963 6.972 6.980 6.987 6.994 7.001 7.006 7.012 7.017 7.022 7.027 7.031 7.035
6.216 6.227 6.239 6.251 6.263 6.274 6.284 6.295 6.306 6.316 6.327 6.338 6.348 6.359 6.370 6.381 6.391 6.402 6.413 6.424 6.435 6.446 6.456 6.467 6.478 6.489 6.501 6.512 6.523 6.534 6.545 6.556 6.566 6.577 6.588 6.599 6.610 6.622 6.633 6.645 6.657 6.669 6.681 6.694 6.706 6.719 6.732 6.745 6.759 6.773 6.787 6.801 6.814 6.828 6.841 6.854 6.867 6.880 6.893 6.905 6.916 6.928 6.938 6.948 6.958 6.967 6.975 6.983 6.990 6.997 7.003 7.009 7.014 7.019 7.024 7.028 7.033
6.216 6.227 6.239 6.251 6.263 6.274 6.284 6.295 6.306 6.316 6.327 6.338 6.348 6.359 6.370 6.381 6.392 6.402 6.413 6.424 6.435 6.446 6.457 6.468 6.479 6.490 6.501 6.512 6.524 6.534 6.545 6.556 6.566 6.577 6.588 6.599 6.610 6.621 6.632 6.644 6.655 6.667 6.679 6.691 6.703 6.716 6.729 6.742 6.755 6.768 6.782 6.796 6.809 6.823 6.836 6.849 6.862 6.875 6.887 6.899 6.911 6.922 6.933 6.943 6.953 6.962 6.971 6.979 6.987 6.994 7.000 7.006 7.011 7.017 7.022 7.026 7.030
6.216 6.227 6.239 6.251 6.263 6.274 6.284 6.295 6.306 6.316 6.327 6.338 6.348 6.359 6.370 6.381 6.392 6.403 6.414 6.424 6.435 6.446 6.457 6.468 6.479 6.490 6.501 6.513 6.524 6.534 6.545 6.556 6.566 6.577 6.588 6.598 6.609 6.620 6.631 6.643 6.654 6.665 6.677 6.689 6.701 6.713 6.726 6.739 6.751 6.765 6.778 6.792 6.805 6.818 6.831 6.844 6.857 6.869 6.882 6.894 6.906 6.917 6.928 6.939 6.949 6.959 6.967 6.976 6.984 6.991 6.998 7.004 7.010 7.015 7.020 7.025 7.029
6.216 6.227 6.239 6.251 6.263 6.274 6.284 6.295 6.305 6.316 6.327 6.338 6.348 6.359 6.370 6.381 6.392 6.403 6.414 6.425 6.435 6.446 6.457 6.468 6.479 6.490 6.501 6.513 6.524 6.535 6.545 6.556 6.566 6.577 6.587 6.598 6.609 6.620 6.631 6.642 6.653 6.664 6.676 6.688 6.699 6.711 6.724 6.736 6.749 6.761 6.775 6.788 6.801 6.814 6.827 6.840 6.852 6.865 6.877 6.890 6.901 6.913 6.924 6.935 6.945 6.955 6.964 6.973 6.981 6.988 6.995 7.002 7.008 7.014 7.019 7.024 7.028
6.216 6.227 6.239 6.251 6.263 6.273 6.284 6.295 6.305 6.316 6.327 6.337 6.348 6.359 6.370 6.381 6.392 6.403 6.414 6.425 6.436 6.446 6.457 6.468 6.479 6.490 6.502 6.513 6.524 6.535 6.545 6.556 6.566 6.577 6.587 6.598 6.609 6.619 6.630 6.641 6.652 6.663 6.675 6.686 6.698 6.710 6.722 6.734 6.746 6.759 6.772 6.785 6.798 6.810 6.823 6.836 6.848 6.861 6.873 6.885 6.897 6.909 6.920 6.931 6.942 6.952 6.961 6.970 6.979 6.986 6.994 7.000 7.007 7.013 7.018 7.023 7.027
6.215 6.227 6.239 6.251 6.262 6.273 6.284 6.294 6.305 6.316 6.326 6.337 6.348 6.359 6.370 6.381 6.392 6.403 6.414 6.425 6.436 6.446 6.457 6.468 6.479 6.490 6.502 6.513 6.524 6.535 6.545 6.556 6.566 6.577 6.587 6.598 6.609 6.619 6.630 6.641 6.652 6.663 6.674 6.685 6.697 6.708 6.720 6.732 6.744 6.757 6.769 6.782 6.795 6.807 6.820 6.832 6.845 6.857 6.869 6.882 6.894 6.905 6.917 6.928 6.938 6.949 6.958 6.968 6.976 6.984 6.992 6.999 7.006 7.012 7.018 7.023 7.027
