version2/TsunamiDB/out54130.asc
ncols          264
nrows          230
xllcorner      497853.4375
yllcorner      4229146.0000
cellsize         5.
NODATA_value   -99
[rows 170 to 203 of 230, columns 77 to 153 of 264]
6.559 6.563 6.568 6.574 6.579 6.586 6.592 6.599 6.607 6.615 6.624 6.632 6.642 6.651 6.661 6.671 6.682 6.693 6.704 6.716 6.728 6.741 6.753 6.766 6.778 6.790 6.802 6.815 6.828 6.840 6.853 6.866 6.878 6.891 6.903 6.916 6.927 6.939 6.950 6.962 6.972 6.983 6.993 7.004 7.014 7.024 7.032 7.041 7.049 7.057 7.065 7.073 7.081 7.088 7.096 7.104 7.111 7.119 7.127 7.135 7.143 7.151 7.159 7.168 7.177 7.186 7.196 7.207 7.217 7.228 7.238 7.249 7.260 7.270 7.281 7.292 7.303
6.568 6.572 6.577 6.582 6.587 6.593 6.599 6.606 6.613 6.620 6.628 6.637 6.646 6.655 6.664 6.674 6.684 6.695 6.706 6.717 6.728 6.741 6.753 6.764 6.776 6.787 6.799 6.811 6.824 6.836 6.849 6.861 6.873 6.886 6.898 6.910 6.922 6.934 6.945 6.957 6.968 6.979 6.989 7.000 7.010 7.020 7.029 7.038 7.046 7.055 7.063 7.071 7.078 7.086 7.094 7.102 7.110 7.117 7.125 7.133 7.141 7.150 7.158 7.167 7.176 7.185 7.195 7.205 7.216 7.226 7.237 7.247 7.258 7.269 7.280 7.291 7.302
6.578 6.582 6.586 6.590 6.595 6.600 6.606 6.612 6.619 6.626 6.634 6.642 6.650 6.659 6.668 6.677 6.687 6.697 6.707 6.718 6.729 6.741 6.752 6.763 6.775 6.786 6.797 6.809 6.821 6.833 6.845 6.857 6.869 6.882 6.894 6.906 6.918 6.930 6.941 6.952 6.964 6.975 6.985 6.996 7.007 7.017 7.026 7.035 7.044 7.052 7.061 7.069 7.077 7.085 7.093 7.100 7.108 7.116 7.124 7.132 7.140 7.149 7.157 7.166 7.175 7.184 7.194 7.205 7.215 7.225 7.236 7.246 7.257 7.268 7.280 7.291 7.302
6.587 6.591 6.595 6.599 6.603 6.608 6.614 6.619 6.626 6.632 6.640 6.647 6.655 6.663 6.672 6.681 6.690 6.700 6.710 6.720 6.731 6.742 6.753 6.764 6.774 6.785 6.796 6.808 6.819 6.831 6.842 6.854 6.866 6.878 6.890 6.902 6.914 6.926 6.937 6.949 6.960 6.971 6.982 6.993 7.004 7.014 7.024 7.033 7.042 7.050 7.059 7.067 7.075 7.083 7.091 7.099 7.107 7.115 7.123 7.132 7.140 7.148 7.157 7.165 7.174 7.184 7.194 7.204 7.214 7.224 7.235 7.246 7.257 7.268 7.279 7.290 7.302
6.597 6.600 6.604 6.608 6.612 6.616 6.621 6.627 6.633 6.639 6.646 6.653 6.660 6.668 6.676 6.685 6.694 6.703 6.713 6.723 6.734 6.745 6.755 6.765 6.775 6.785 6.796 6.807 6.818 6.829 6.841 6.852 6.864 6.876 6.887 6.899 6.911 6.923 6.934 6.946 6.957 6.968 6.979 6.991 7.002 7.012 7.022 7.031 7.040 7.049 7.058 7.066 7.074 7.083 7.091 7.099 7.107 7.115 7.123 7.132 7.140 7.148 7.157 7.166 7.175 7.184 7.194 7.204 7.214 7.224 7.235 7.245 7.256 7.267 7.279 7.290 7.302
6.607 6.610 6.613 6.617 6.621 6.625 6.630 6.635 6.640 6.646 6.652 6.659 6.666 6.674 6.681 6.690 6.698 6.707 6.716 6.726 6.737 6.747 6.757 6.766 6.776 6.786 6.797 6.807 6.818 6.829 6.840 6.851 6.862 6.874 6.885 6.897 6.908 6.920 6.932 6.943 6.954 6.966 6.977 6.989 7.000 7.010 7.020 7.029 7.039 7.048 7.057 7.065 7.074 7.082 7.091 7.099 7.107 7.115 7.124 7.132 7.140 7.149 7.157 7.166 7.175 7.185 7.195 7.205 7.214 7.224 7.235 7.245 7.256 7.267 7.279 7.290 7.302
6.617 6.620 6.623 6.626 6.630 6.634 6.638 6.642 6.648 6.653 6.659 6.665 6.672 6.679 6.687 6.695 6.703 6.711 6.720 6.730 6.740 6.750 6.759 6.769 6.778 6.788 6.798 6.808 6.818 6.829 6.839 6.850 6.861 6.873 6.884 6.895 6.907 6.918 6.930 6.941 6.952 6.964 6.975 6.987 6.998 7.008 7.018 7.028 7.038 7.047 7.056 7.065 7.074 7.082 7.091 7.099 7.108 7.116 7.124 7.133 7.141 7.150 7.158 7.167 7.176 7.186 7.195 7.205 7.215 7.225 7.235 7.246 7.257 7.268 7.279 7.291 7.302
6.626 6.629 6.632 6.635 6.639 6.642 6.646 6.651 6.655 6.660 6.666 6.672 6.678 6.685 6.692 6.700 6.708 6.716 6.725 6.734 6.744 6.753 6.762 6.771 6.781 6.790 6.800 6.809 6.819 6.830 6.840 6.850 6.861 6.872 6.883 6.894 6.905 6.917 6.928 6.939 6.951 6.962 6.974 6.986 6.997 7.007 7.017 7.027 7.037 7.047 7.056 7.065 7.074 7.083 7.091 7.100 7.109 7.117 7.125 7.134 7.142 7.151 7.160 7.168 7.178 7.187 7.197 7.207 7.216 7.226 7.236 7.247 7.258 7.269 7.280 7.291 7.303
6.636 6.639 6.642 6.644 6.648 6.651 6.655 6.659 6.663 6.668 6.673 6.679 6.685 6.691 6.698 6.705 6.713 6.721 6.729 6.738 6.748 6.757 6.766 6.774 6.783 6.793 6.802 6.811 6.821 6.831 6.841 6.851 6.862 6.872 6.883 6.894 6.905 6.916 6.927 6.938 6.950 6.961 6.973 6.984 6.996 7.006 7.017 7.027 7.037 7.047 7.056 7.065 7.075 7.083 7.092 7.101 7.110 7.118 7.127 7.135 7.144 7.153 7.161 7.170 7.179 7.189 7.199 7.208 7.218 7.228 7.238 7.248 7.259 7.270 7.281 7.293 7.304
6.646 6.648 6.651 6.654 6.657 6.660 6.663 6.667 6.671 6.676 6.681 6.686 6.691 6.698 6.704 6.711 6.718 6.726 6.734 6.743 6.752 6.761 6.769 6.778 6.787 6.796 6.805 6.814 6.823 6.833 6.843 6.852 6.863 6.873 6.883 6.894 6.905 6.916 6.927 6.938 6.949 6.960 6.972 6.984 6.995 7.006 7.016 7.027 7.037 7.047 7.056 7.066 7.075 7.084 7.093 7.102 7.111 7.120 7.129 7.137 7.146 7.155 7.163 7.172 7.181 7.191 7.201 7.211 7.220 7.230 7.240 7.250 7.261 7.272 7.283 7.294 7.306
6.655 6.657 6.660 6.663 6.666 6.669 6.672 6.675 6.679 6.684 6.688 6.693 6.698 6.704 6.710 6.717 6.724 6.731 6.739 6.747 6.756 6.765 6.773 6.781 6.790 6.799 6.808 6.816 6.826 6.835 6.844 6.854 6.864 6.874 6.884 6.895 6.905 6.916 6.927 6.938 6.949 6.960 6.971 6.983 6.994 7.005 7.016 7.026 7.037 7.047 7.057 7.067 7.076 7.085 7.095 7.104 7.113 7.122 7.131 7.139 7.148 7.157 7.166 7.175 7.184 7.193 7.203 7.213 7.222 7.232 7.242 7.252 7.263 7.274 7.285 7.296 7.308
6.664 6.667 6.669 6.672 6.675 6.677 6.681 6.684 6.688 6.691 6.696 6.700 6.705 6.711 6.717 6.723 6.729 6.737 6.744 6.752 6.761 6.769 6.777 6.785 6.794 6.802 6.811 6.819 6.828 6.837 6.847 6.856 6.866 6.876 6.885 6.896 6.906 6.916 6.927 6.938 6.949 6.960 6.971 6.983 6.994 7.005 7.016 7.026 7.037 7.047 7.057 7.067 7.077 7.087 7.096 7.105 7.115 7.124 7.133 7.142 7.151 7.159 7.168 7.177 7.187 7.196 7.206 7.216 7.225 7.235 7.245 7.255 7.266 7.276 7.287 7.299 7.311
6.673 6.675 6.678 6.681 6.683 6.686 6.689 6.692 6.696 6.699 6.703 6.708 6.712 6.717 6.723 6.729 6.735 6.742 6.749 6.757 6.765 6.773 6.781 6.789 6.797 6.806 6.814 6.823 6.831 6.840 6.849 6.858 6.868 6.877 6.887 6.897 6.907 6.917 6.928 6.938 6.949 6.960 6.971 6.983 6.994 7.005 7.016 7.027 7.037 7.048 7.058 7.068 7.078 7.088 7.098 7.107 7.116 7.126 7.135 7.144 7.153 7.162 7.171 7.180 7.190 7.199 7.209 7.219 7.228 7.238 7.248 7.258 7.269 7.279 7.291 7.302 7.314
6.682 6.684 6.687 6.689 6.692 6.695 6.698 6.701 6.704 6.707 6.711 6.715 6.720 6.724 6.730 6.735 6.741 6.748 6.755 6.762 6.770 6.778 6.785 6.793 6.801 6.809 6.817 6.826 6.834 6.843 6.852 6.861 6.870 6.880 6.889 6.899 6.909 6.919 6.929 6.939 6.950 6.960 6.972 6.983 6.994 7.005 7.016 7.027 7.037 7.048 7.058 7.069 7.079 7.089 7.099 7.109 7.118 7.128 7.137 7.147 7.156 7.165 7.174 7.183 7.193 7.202 7.212 7.222 7.232 7.241 7.251 7.262 7.272 7.283 7.294 7.306 7.318
6.690 6.693 6.695 6.698 6.701 6.703 6.706 6.709 6.712 6.715 6.719 6.723 6.727 6.731 6.736 6.741 6.747 6.753 6.760 6.767 6.775 6.783 6.790 6.797 6.805 6.813 6.821 6.829 6.838 6.846 6.855 6.864 6.873 6.882 6.891 6.901 6.910 6.920 6.930 6.940 6.951 6.961 6.972 6.983 6.995 7.005 7.016 7.027 7.038 7.048 7.059 7.070 7.080 7.090 7.100 7.110 7.120 7.130 7.140 7.149 7.159 7.168 7.177 7.187 7.196 7.206 7.216 7.226 7.235 7.245 7.255 7.265 7.276 7.287 7.298 7.310 7.322
6.699 6.701 6.704 6.707 6.709 6.712 6.715 6.717 6.720 6.724 6.727 6.730 6.734 6.738 6.743 6.748 6.753 6.759 6.765 6.772 6.780 6.787 6.794 6.802 6.809 6.817 6.825 6.833 6.841 6.849 6.858 6.867 6.875 6.884 6.894 6.903 6.912 6.922 6.932 6.942 6.952 6.962 6.973 6.984 6.995 7.006 7.017 7.027 7.038 7.049 7.060 7.070 7.081 7.091 7.102 7.112 7.122 7.132 7.142 7.152 7.161 7.171 7.180 7.190 7.199 7.209 7.219 7.229 7.239 7.249 7.259 7.269 7.280 7.291 7.302 7.314 7.326
6.707 6.710 6.712 6.715 6.718 6.720 6.723 6.726 6.729 6.732 6.735 6.738 6.742 6.746 6.750 6.755 6.760 6.765 6.771 6.778 6.785 6.792 6.799 6.806 6.813 6.821 6.828 6.836 6.844 6.853 6.861 6.870 6.878 6.887 6.896 6.905 6.914 6.924 6.933 6.943 6.953 6.963 6.974 6.985 6.996 7.006 7.017 7.028 7.039 7.049 7.060 7.071 7.082 7.092 7.103 7.113 7.124 7.134 7.144 7.154 7.164 7.174 7.183 7.193 7.203 7.213 7.223 7.233 7.243 7.253 7.263 7.274 7.285 7.296 7.307 7.319 7.331
6.715 6.718 6.721 6.723 6.726 6.729 6.731 6.734 6.737 6.740 6.743 6.746 6.749 6.753 6.757 6.761 6.766 6.771 6.777 6.783 6.790 6.797 6.804 6.810 6.817 6.825 6.832 6.840 6.848 6.856 6.864 6.873 6.881 6.890 6.899 6.908 6.917 6.926 6.935 6.945 6.955 6.965 6.975 6.986 6.997 7.007 7.018 7.028 7.039 7.050 7.061 7.071 7.082 7.093 7.104 7.115 7.125 7.136 7.146 7.156 7.166 7.176 7.186 7.196 7.206 7.216 7.227 7.237 7.247 7.257 7.268 7.278 7.289 7.301 7.312 7.324 7.337
6.723 6.726 6.729 6.732 6.734 6.737 6.740 6.742 6.745 6.748 6.751 6.754 6.757 6.761 6.764 6.768 6.773 6.778 6.783 6.789 6.796 6.802 6.808 6.815 6.822 6.829 6.836 6.844 6.851 6.859 6.868 6.876 6.884 6.893 6.902 6.910 6.919 6.928 6.938 6.947 6.957 6.966 6.977 6.987 6.998 7.008 7.018 7.029 7.040 7.050 7.061 7.072 7.083 7.094 7.105 7.116 7.126 7.137 7.148 7.158 7.169 7.179 7.189 7.199 7.210 7.220 7.231 7.241 7.251 7.262 7.272 7.283 7.294 7.306 7.318 7.330 7.343
6.732 6.735 6.737 6.740 6.743 6.745 6.748 6.751 6.754 6.756 6.759 6.762 6.765 6.768 6.772 6.776 6.780 6.785 6.790 6.795 6.802 6.808 6.814 6.820 6.826 6.833 6.840 6.848 6.855 6.863 6.871 6.879 6.887 6.896 6.904 6.913 6.922 6.931 6.940 6.949 6.959 6.968 6.978 6.989 6.999 7.009 7.019 7.030 7.040 7.051 7.062 7.072 7.083 7.094 7.105 7.116 7.127 7.138 7.149 7.160 7.171 7.181 7.192 7.202 7.213 7.224 7.235 7.245 7.256 7.266 7.277 7.288 7.299 7.311 7.323 7.336 7.349
6.740 6.743 6.746 6.748 6.751 6.754 6.757 6.759 6.762 6.765 6.767 6.770 6.773 6.776 6.780 6.783 6.787 6.791 6.796 6.802 6.808 6.813 6.819 6.825 6.831 6.838 6.845 6.852 6.859 6.867 6.875 6.883 6.891 6.899 6.908 6.916 6.925 6.934 6.943 6.952 6.961 6.970 6.980 6.991 7.001 7.011 7.021 7.031 7.041 7.052 7.062 7.073 7.084 7.095 7.106 7.117 7.128 7.140 7.151 7.162 7.173 7.184 7.194 7.205 7.216 7.227 7.238 7.249 7.260 7.271 7.282 7.293 7.305 7.317 7.329 7.342 7.355
6.748 6.751 6.754 6.757 6.760 6.762 6.765 6.768 6.770 6.773 6.776 6.779 6.781 6.784 6.787 6.791 6.795 6.799 6.803 6.808 6.814 6.819 6.825 6.830 6.836 6.843 6.849 6.856 6.863 6.871 6.879 6.886 6.895 6.903 6.911 6.919 6.928 6.937 6.945 6.954 6.963 6.973 6.983 6.993 7.003 7.012 7.022 7.032 7.042 7.052 7.063 7.074 7.085 7.096 7.107 7.118 7.129 7.140 7.152 7.163 7.174 7.186 7.197 7.208 7.219 7.231 7.242 7.253 7.264 7.275 7.286 7.298 7.310 7.322 7.335 7.348 7.361
6.756 6.759 6.762 6.765 6.768 6.771 6.773 6.776 6.779 6.782 6.784 6.787 6.790 6.793 6.796 6.799 6.802 6.806 6.810 6.816 6.821 6.826 6.831 6.836 6.842 6.848 6.854 6.861 6.868 6.875 6.883 6.890 6.898 6.906 6.915 6.923 6.931 6.940 6.949 6.957 6.966 6.976 6.986 6.995 7.005 7.014 7.024 7.034 7.044 7.054 7.064 7.075 7.085 7.096 7.107 7.119 7.130 7.141 7.153 7.164 7.176 7.187 7.199 7.210 7.222 7.234 7.245 7.257 7.268 7.279 7.291 7.303 7.315 7.328 7.341 7.354 7.368
6.764 6.767 6.770 6.773 6.776 6.779 6.782 6.785 6.787 6.790 6.793 6.795 6.798 6.801 6.804 6.807 6.810 6.814 6.818 6.823 6.828 6.832 6.837 6.842 6.847 6.853 6.859 6.866 6.873 6.880 6.887 6.895 6.903 6.910 6.919 6.927 6.935 6.943 6.952 6.961 6.970 6.979 6.989 6.998 7.007 7.017 7.026 7.036 7.045 7.055 7.065 7.076 7.086 7.097 7.108 7.119 7.131 7.142 7.154 7.165 7.177 7.189 7.201 7.212 7.224 7.236 7.249 7.260 7.272 7.284 7.296 7.308 7.320 7.333 7.347 7.360 7.374
6.772 6.776 6.779 6.782 6.785 6.788 6.790 6.793 6.796 6.799 6.801 6.804 6.807 6.809 6.812 6.815 6.818 6.822 6.826 6.830 6.835 6.839 6.843 6.848 6.853 6.859 6.865 6.871 6.878 6.885 6.892 6.899 6.907 6.915 6.923 6.931 6.939 6.947 6.956 6.964 6.973 6.982 6.992 7.001 7.010 7.019 7.029 7.038 7.047 7.057 7.067 7.077 7.088 7.098 7.109 7.120 7.132 7.143 7.155 7.166 7.178 7.190 7.202 7.214 7.226 7.239 7.251 7.263 7.275 7.288 7.300 7.312 7.325 7.339 7.352 7.366 7.381
6.780 6.784 6.787 6.790 6.793 6.796 6.799 6.802 6.804 6.807 6.810 6.812 6.815 6.818 6.821 6.824 6.827 6.830 6.834 6.838 6.842 6.846 6.850 6.855 6.860 6.865 6.871 6.877 6.883 6.890 6.897 6.904 6.912 6.919 6.927 6.935 6.943 6.952 6.960 6.968 6.977 6.986 6.996 7.005 7.014 7.023 7.032 7.041 7.050 7.060 7.069 7.079 7.090 7.100 7.111 7.122 7.133 7.144 7.156 7.168 7.179 7.192 7.204 7.216 7.229 7.241 7.254 7.266 7.279 7.291 7.304 7.317 7.330 7.344 7.358 7.372 7.387
6.788 6.792 6.795 6.798 6.801 6.804 6.807 6.810 6.813 6.816 6.818 6.821 6.824 6.826 6.829 6.832 6.835 6.838 6.842 6.846 6.850 6.854 6.858 6.862 6.866 6.872 6.877 6.883 6.889 6.895 6.902 6.909 6.917 6.924 6.932 6.940 6.948 6.956 6.964 6.973 6.981 6.990 7.000 7.009 7.017 7.026 7.035 7.044 7.053 7.063 7.072 7.082 7.092 7.102 7.113 7.123 7.134 7.146 7.157 7.169 7.181 7.193 7.205 7.218 7.230 7.244 7.257 7.269 7.282 7.295 7.308 7.321 7.335 7.349 7.363 7.378 7.392
6.796 6.800 6.803 6.806 6.810 6.813 6.816 6.819 6.821 6.824 6.827 6.830 6.832 6.835 6.838 6.841 6.844 6.847 6.850 6.854 6.858 6.861 6.865 6.869 6.873 6.878 6.883 6.889 6.895 6.901 6.908 6.915 6.922 6.930 6.937 6.945 6.953 6.961 6.969 6.978 6.986 6.995 7.004 7.013 7.022 7.030 7.039 7.048 7.057 7.066 7.075 7.085 7.095 7.105 7.115 7.126 7.136 7.147 7.159 7.170 7.182 7.194 7.207 7.219 7.232 7.246 7.259 7.272 7.285 7.298 7.311 7.325 7.339 7.353 7.368 7.383 7.397
6.804 6.808 6.811 6.815 6.818 6.821 6.824 6.827 6.830 6.833 6.835 6.838 6.841 6.844 6.846 6.849 6.852 6.855 6.858 6.862 6.866 6.869 6.873 6.876 6.881 6.885 6.890 6.895 6.901 6.907 6.914 6.921 6.928 6.935 6.943 6.950 6.958 6.966 6.974 6.983 6.991 7.000 7.009 7.018 7.026 7.035 7.043 7.052 7.061 7.070 7.079 7.089 7.098 7.108 7.118 7.128 7.139 7.150 7.161 7.172 7.184 7.196 7.209 7.221 7.234 7.248 7.261 7.274 7.288 7.301 7.315 7.329 7.343 7.357 7.372 7.387 7.401
6.812 6.816 6.819 6.823 6.826 6.829 6.832 6.835 6.838 6.841 6.844 6.847 6.850 6.852 6.855 6.858 6.861 6.864 6.867 6.871 6.874 6.877 6.880 6.884 6.888 6.892 6.897 6.902 6.908 6.914 6.920 6.927 6.934 6.941 6.948 6.956 6.964 6.972 6.980 6.988 6.996 7.005 7.014 7.023 7.031 7.040 7.048 7.057 7.066 7.075 7.084 7.093 7.102 7.112 7.122 7.132 7.142 7.153 7.164 7.175 7.187 7.198 7.211 7.223 7.236 7.250 7.263 7.277 7.290 7.304 7.318 7.332 7.346 7.361 7.376 7.391 7.405
6.820 6.824 6.827 6.831 6.834 6.837 6.840 6.843 6.847 6.850 6.852 6.855 6.858 6.861 6.864 6.866 6.869 6.872 6.875 6.879 6.882 6.885 6.888 6.892 6.896 6.900 6.904 6.909 6.914 6.920 6.926 6.933 6.940 6.947 6.954 6.962 6.969 6.977 6.985 6.993 7.002 7.010 7.019 7.028 7.037 7.045 7.054 7.062 7.071 7.080 7.089 7.098 7.107 7.116 7.126 7.136 7.146 7.156 7.167 7.178 7.189 7.201 7.213 7.226 7.239 7.252 7.266 7.279 7.293 7.306 7.320 7.335 7.349 7.364 7.379 7.394 7.408
6.828 6.831 6.835 6.838 6.842 6.845 6.849 6.852 6.855 6.858 6.861 6.864 6.867 6.869 6.872 6.875 6.878 6.881 6.884 6.887 6.891 6.894 6.897 6.900 6.903 6.907 6.911 6.916 6.921 6.927 6.933 6.939 6.946 6.953 6.960 6.968 6.975 6.983 6.991 6.999 7.008 7.016 7.025 7.034 7.042 7.051 7.059 7.068 7.076 7.085 7.094 7.103 7.112 7.121 7.131 7.140 7.150 7.160 7.171 7.182 7.193 7.204 7.216 7.229 7.241 7.255 7.268 7.282 7.295 7.309 7.323 7.337 7.352 7.367 7.382 7.397 7.411
6.835 6.839 6.843 6.846 6.850 6.853 6.857 6.860 6.863 6.866 6.869 6.872 6.875 6.878 6.881 6.884 6.886 6.889 6.892 6.896 6.899 6.902 6.905 6.908 6.911 6.915 6.919 6.923 6.928 6.934 6.940 6.946 6.952 6.959 6.966 6.974 6.981 6.989 6.997 7.005 7.014 7.022 7.031 7.040 7.048 7.057 7.065 7.074 7.082 7.091 7.100 7.109 7.118 7.127 7.136 7.146 7.155 7.165 7.176 7.186 7.197 7.208 7.220 7.232 7.244 7.258 7.271 7.284 7.298 7.311 7.325 7.339 7.354 7.369 7.384 7.399 7.414
6.843 6.847 6.851 6.854 6.858 6.861 6.865 6.868 6.871 6.875 6.878 6.881 6.884 6.886 6.889 6.892 6.895 6.898 6.901 6.904 6.908 6.910 6.913 6.916 6.919 6.923 6.927 6.931 6.936 6.941 6.946 6.952 6.959 6.966 6.973 6.980 6.988 6.995 7.003 7.011 7.020 7.028 7.037 7.046 7.055 7.063 7.071 7.080 7.089 7.097 7.106 7.115 7.124 7.133 7.142 7.151 7.161 7.171 7.181 7.191 7.202 7.213 7.224 7.236 7.248 7.261 7.274 7.287 7.300 7.313 7.327 7.341 7.356 7.370 7.386 7.401 7.416
