version2/TsunamiDB/out54078.asc
ncols          264
nrows          230
xllcorner      497853.4375
yllcorner      4229146.0000
cellsize         5.
NODATA_value   -99
[rows 102 to 135 of 230, columns 76 to 151 of 264]
5.195 5.218 5.239 5.261 5.280 5.300 5.320 5.340 5.360 5.379 5.398 5.417 5.435 5.454 5.472 5.490 5.507 5.524 5.541 5.557 5.573 5.589 5.604 5.618 5.632 5.645 5.658 5.669 5.680 5.691 5.702 5.713 5.724 5.735 5.747 5.759 5.772 5.786 5.800 5.816 5.832 5.849 5.867 5.886 5.906 5.926 5.947 5.968 5.990 6.012 6.033 6.055 6.077 6.100 6.122 6.145 6.167 6.189 6.211 6.232 6.254 6.275 6.297 6.319 6.341 6.364 6.387 6.411 6.435 6.459 6.484 6.508 6.532 6.555 6.579 6.602
5.209 5.232 5.254 5.274 5.293 5.313 5.333 5.353 5.372 5.391 5.410 5.429 5.447 5.466 5.484 5.502 5.519 5.537 5.554 5.571 5.587 5.603 5.618 5.633 5.648 5.662 5.675 5.686 5.697 5.709 5.720 5.731 5.741 5.752 5.762 5.773 5.785 5.797 5.810 5.823 5.838 5.853 5.869 5.886 5.903 5.922 5.940 5.960 5.980 5.999 6.018 6.038 6.058 6.079 6.099 6.120 6.141 6.162 6.182 6.203 6.224 6.246 6.267 6.289 6.312 6.335 6.359 6.384 6.409 6.435 6.461 6.487 6.513 6.537 6.562 6.587
5.223 5.246 5.267 5.287 5.307 5.327 5.346 5.366 5.385 5.404 5.422 5.441 5.459 5.477 5.496 5.513 5.531 5.549 5.566 5.583 5.600 5.616 5.632 5.648 5.663 5.677 5.691 5.703 5.715 5.726 5.738 5.748 5.759 5.769 5.779 5.789 5.800 5.811 5.822 5.834 5.847 5.860 5.874 5.890 5.905 5.922 5.939 5.956 5.974 5.992 6.009 6.027 6.045 6.064 6.082 6.101 6.120 6.139 6.158 6.177 6.197 6.216 6.237 6.258 6.280 6.303 6.327 6.351 6.377 6.403 6.431 6.458 6.485 6.512 6.538 6.565
5.237 5.259 5.281 5.301 5.320 5.340 5.360 5.379 5.397 5.416 5.434 5.453 5.471 5.489 5.507 5.525 5.542 5.560 5.577 5.595 5.612 5.628 5.645 5.661 5.677 5.692 5.706 5.718 5.731 5.743 5.755 5.766 5.777 5.787 5.797 5.807 5.816 5.826 5.837 5.847 5.859 5.871 5.883 5.897 5.911 5.926 5.941 5.957 5.973 5.989 6.005 6.021 6.037 6.054 6.071 6.088 6.105 6.122 6.139 6.156 6.174 6.192 6.210 6.230 6.250 6.271 6.293 6.317 6.342 6.368 6.395 6.423 6.451 6.478 6.507 6.535
5.251 5.273 5.295 5.315 5.334 5.354 5.373 5.392 5.410 5.429 5.447 5.465 5.482 5.500 5.518 5.536 5.553 5.571 5.588 5.606 5.623 5.640 5.657 5.673 5.689 5.705 5.720 5.733 5.746 5.759 5.772 5.783 5.795 5.805 5.815 5.825 5.834 5.844 5.853 5.863 5.873 5.884 5.895 5.907 5.920 5.933 5.947 5.961 5.976 5.991 6.005 6.020 6.035 6.050 6.066 6.081 6.096 6.112 6.127 6.142 6.158 6.173 6.190 6.207 6.224 6.243 6.263 6.284 6.307 6.332 6.358 6.385 6.412 6.440 6.469 6.499
5.265 5.287 5.309 5.329 5.348 5.368 5.387 5.405 5.424 5.442 5.459 5.477 5.494 5.512 5.529 5.546 5.564 5.581 5.599 5.616 5.633 5.651 5.668 5.685 5.701 5.717 5.732 5.746 5.760 5.774 5.787 5.800 5.811 5.822 5.833 5.843 5.852 5.861 5.871 5.880 5.889 5.899 5.909 5.920 5.931 5.943 5.956 5.969 5.982 5.996 6.008 6.022 6.036 6.050 6.064 6.079 6.093 6.107 6.120 6.134 6.148 6.162 6.176 6.190 6.206 6.222 6.239 6.258 6.278 6.300 6.323 6.348 6.374 6.401 6.429 6.458
5.278 5.301 5.323 5.343 5.362 5.382 5.401 5.419 5.437 5.455 5.472 5.489 5.507 5.524 5.541 5.558 5.575 5.592 5.609 5.626 5.643 5.661 5.678 5.695 5.712 5.729 5.744 5.758 5.773 5.788 5.801 5.815 5.827 5.839 5.850 5.860 5.870 5.879 5.888 5.897 5.906 5.915 5.925 5.934 5.945 5.955 5.967 5.979 5.991 6.003 6.015 6.028 6.041 6.054 6.067 6.080 6.093 6.106 6.119 6.131 6.143 6.156 6.168 6.181 6.194 6.208 6.223 6.239 6.256 6.275 6.295 6.317 6.340 6.364 6.391 6.418
5.291 5.314 5.336 5.357 5.376 5.396 5.415 5.433 5.451 5.469 5.486 5.503 5.519 5.536 5.552 5.569 5.586 5.602 5.619 5.636 5.653 5.671 5.688 5.705 5.722 5.739 5.755 5.770 5.785 5.800 5.814 5.828 5.841 5.854 5.866 5.877 5.887 5.897 5.906 5.915 5.924 5.932 5.941 5.950 5.960 5.970 5.980 5.991 6.002 6.013 6.024 6.036 6.048 6.060 6.072 6.085 6.097 6.109 6.121 6.132 6.143 6.155 6.166 6.177 6.189 6.201 6.213 6.227 6.241 6.257 6.275 6.294 6.314 6.335 6.358 6.383
5.304 5.327 5.349 5.370 5.390 5.409 5.429 5.447 5.465 5.483 5.499 5.516 5.532 5.549 5.565 5.581 5.597 5.613 5.630 5.647 5.663 5.680 5.697 5.714 5.732 5.749 5.765 5.780 5.796 5.811 5.826 5.841 5.855 5.868 5.880 5.892 5.903 5.913 5.923 5.932 5.941 5.950 5.959 5.967 5.976 5.985 5.995 6.005 6.015 6.025 6.035 6.046 6.057 6.069 6.080 6.092 6.103 6.115 6.126 6.136 6.147 6.157 6.168 6.178 6.188 6.199 6.210 6.221 6.234 6.247 6.262 6.278 6.295 6.313 6.334 6.356
5.316 5.339 5.362 5.383 5.403 5.423 5.442 5.461 5.479 5.497 5.513 5.530 5.546 5.562 5.578 5.593 5.609 5.625 5.641 5.657 5.674 5.690 5.707 5.724 5.741 5.758 5.774 5.790 5.806 5.821 5.837 5.852 5.867 5.880 5.894 5.906 5.918 5.929 5.939 5.949 5.958 5.967 5.976 5.984 5.993 6.001 6.010 6.020 6.030 6.039 6.048 6.058 6.068 6.079 6.090 6.101 6.112 6.123 6.133 6.143 6.153 6.163 6.173 6.182 6.191 6.201 6.211 6.221 6.232 6.243 6.256 6.270 6.284 6.299 6.317 6.336
5.328 5.351 5.374 5.395 5.415 5.436 5.455 5.474 5.493 5.511 5.528 5.544 5.560 5.576 5.591 5.606 5.622 5.637 5.652 5.668 5.684 5.700 5.717 5.733 5.750 5.767 5.783 5.799 5.815 5.831 5.847 5.862 5.877 5.892 5.906 5.919 5.931 5.943 5.954 5.965 5.974 5.984 5.993 6.001 6.010 6.018 6.027 6.036 6.045 6.053 6.062 6.071 6.081 6.091 6.101 6.112 6.122 6.132 6.142 6.152 6.162 6.171 6.180 6.189 6.198 6.206 6.215 6.224 6.234 6.244 6.255 6.267 6.279 6.292 6.307 6.324
5.339 5.362 5.385 5.406 5.427 5.448 5.468 5.487 5.506 5.524 5.542 5.558 5.574 5.590 5.605 5.620 5.635 5.650 5.665 5.680 5.695 5.711 5.727 5.743 5.759 5.776 5.792 5.807 5.823 5.840 5.856 5.872 5.887 5.902 5.917 5.930 5.944 5.956 5.968 5.979 5.989 5.999 6.009 6.018 6.026 6.035 6.043 6.052 6.060 6.069 6.076 6.085 6.095 6.104 6.114 6.124 6.134 6.143 6.153 6.163 6.172 6.181 6.189 6.198 6.206 6.214 6.222 6.231 6.239 6.248 6.258 6.268 6.279 6.290 6.303 6.318
5.349 5.373 5.396 5.417 5.438 5.459 5.480 5.500 5.519 5.537 5.555 5.572 5.588 5.604 5.619 5.634 5.649 5.663 5.678 5.692 5.707 5.722 5.737 5.753 5.769 5.785 5.801 5.816 5.832 5.848 5.864 5.880 5.896 5.911 5.926 5.941 5.955 5.968 5.980 5.992 6.003 6.014 6.024 6.033 6.042 6.051 6.059 6.068 6.076 6.084 6.092 6.100 6.109 6.118 6.127 6.137 6.146 6.156 6.165 6.174 6.183 6.192 6.200 6.208 6.216 6.224 6.231 6.239 6.247 6.255 6.264 6.273 6.282 6.292 6.304 6.317
5.359 5.382 5.405 5.427 5.448 5.470 5.491 5.511 5.531 5.550 5.568 5.585 5.602 5.618 5.634 5.649 5.663 5.677 5.692 5.706 5.720 5.734 5.749 5.764 5.779 5.795 5.810 5.824 5.840 5.856 5.872 5.889 5.904 5.920 5.935 5.950 5.965 5.978 5.991 6.004 6.016 6.027 6.037 6.047 6.057 6.066 6.075 6.083 6.092 6.099 6.107 6.115 6.123 6.132 6.141 6.150 6.160 6.169 6.178 6.187 6.195 6.204 6.212 6.220 6.227 6.235 6.242 6.249 6.256 6.264 6.272 6.280 6.288 6.297 6.307 6.319
5.369 5.392 5.415 5.437 5.458 5.480 5.501 5.522 5.542 5.561 5.580 5.598 5.615 5.632 5.648 5.663 5.678 5.692 5.706 5.720 5.733 5.747 5.761 5.775 5.790 5.805 5.819 5.833 5.849 5.865 5.881 5.896 5.912 5.928 5.944 5.959 5.974 5.988 6.001 6.015 6.027 6.039 6.050 6.061 6.071 6.080 6.089 6.098 6.107 6.114 6.122 6.130 6.138 6.147 6.156 6.164 6.173 6.182 6.191 6.200 6.208 6.216 6.224 6.232 6.240 6.247 6.254 6.261 6.267 6.274 6.282 6.289 6.296 6.304 6.313 6.324
5.378 5.401 5.424 5.445 5.467 5.489 5.510 5.531 5.552 5.572 5.591 5.610 5.628 5.645 5.661 5.677 5.692 5.706 5.720 5.734 5.747 5.761 5.774 5.788 5.802 5.816 5.829 5.843 5.858 5.873 5.889 5.904 5.920 5.936 5.951 5.967 5.982 5.996 6.011 6.024 6.037 6.050 6.061 6.072 6.083 6.093 6.103 6.112 6.121 6.129 6.136 6.144 6.153 6.161 6.170 6.179 6.187 6.196 6.205 6.213 6.222 6.230 6.238 6.245 6.253 6.260 6.266 6.273 6.279 6.286 6.293 6.300 6.306 6.313 6.321 6.330
5.387 5.410 5.432 5.454 5.475 5.497 5.519 5.540 5.561 5.581 5.601 5.620 5.639 5.657 5.674 5.690 5.705 5.720 5.735 5.748 5.762 5.775 5.788 5.801 5.814 5.827 5.840 5.853 5.867 5.882 5.897 5.912 5.928 5.943 5.959 5.974 5.990 6.004 6.019 6.033 6.046 6.059 6.072 6.083 6.094 6.105 6.115 6.125 6.134 6.142 6.150 6.158 6.166 6.175 6.184 6.192 6.201 6.210 6.218 6.227 6.235 6.244 6.251 6.259 6.266 6.273 6.280 6.286 6.292 6.299 6.305 6.311 6.317 6.323 6.330 6.339
5.395 5.418 5.440 5.462 5.483 5.505 5.527 5.548 5.570 5.590 5.611 5.630 5.649 5.668 5.685 5.702 5.718 5.734 5.748 5.763 5.776 5.789 5.802 5.815 5.827 5.840 5.852 5.864 5.878 5.892 5.906 5.921 5.936 5.951 5.966 5.982 5.997 6.012 6.027 6.041 6.055 6.068 6.081 6.093 6.105 6.116 6.127 6.137 6.147 6.155 6.163 6.171 6.180 6.188 6.197 6.206 6.215 6.223 6.232 6.241 6.249 6.257 6.265 6.273 6.280 6.287 6.294 6.300 6.306 6.312 6.318 6.324 6.328 6.334 6.341 6.348
5.404 5.426 5.449 5.469 5.491 5.513 5.535 5.556 5.577 5.598 5.619 5.639 5.659 5.678 5.696 5.714 5.730 5.746 5.762 5.776 5.790 5.804 5.817 5.829 5.842 5.853 5.864 5.876 5.889 5.902 5.916 5.930 5.944 5.959 5.974 5.989 6.004 6.019 6.034 6.048 6.062 6.076 6.089 6.102 6.114 6.126 6.137 6.148 6.157 6.166 6.175 6.183 6.192 6.201 6.210 6.219 6.227 6.236 6.245 6.254 6.262 6.271 6.279 6.287 6.294 6.301 6.308 6.314 6.320 6.326 6.332 6.337 6.341 6.346 6.352 6.359
5.412 5.435 5.456 5.477 5.498 5.520 5.542 5.563 5.585 5.606 5.627 5.647 5.667 5.687 5.706 5.724 5.741 5.758 5.774 5.789 5.804 5.818 5.831 5.843 5.856 5.867 5.878 5.889 5.901 5.914 5.927 5.940 5.954 5.968 5.982 5.997 6.012 6.026 6.041 6.055 6.070 6.084 6.097 6.110 6.123 6.135 6.146 6.157 6.168 6.177 6.185 6.194 6.204 6.213 6.222 6.231 6.240 6.249 6.257 6.266 6.275 6.284 6.292 6.300 6.308 6.315 6.322 6.328 6.334 6.340 6.346 6.350 6.354 6.359 6.364 6.371
5.421 5.443 5.464 5.484 5.506 5.527 5.549 5.570 5.592 5.613 5.634 5.655 5.675 5.695 5.714 5.733 5.751 5.769 5.785 5.801 5.816 5.831 5.844 5.857 5.870 5.881 5.892 5.903 5.914 5.926 5.938 5.951 5.964 5.977 5.991 6.005 6.019 6.034 6.048 6.063 6.077 6.091 6.104 6.118 6.130 6.143 6.155 6.167 6.177 6.186 6.195 6.205 6.214 6.223 6.233 6.242 6.251 6.260 6.269 6.278 6.287 6.296 6.305 6.313 6.321 6.328 6.336 6.342 6.348 6.354 6.360 6.364 6.368 6.372 6.377 6.383
5.429 5.451 5.471 5.492 5.513 5.534 5.556 5.577 5.598 5.620 5.641 5.661 5.682 5.702 5.722 5.741 5.760 5.778 5.796 5.812 5.828 5.843 5.857 5.871 5.884 5.895 5.906 5.917 5.928 5.939 5.951 5.963 5.975 5.987 6.000 6.014 6.027 6.041 6.056 6.070 6.084 6.098 6.111 6.125 6.138 6.151 6.163 6.175 6.185 6.195 6.204 6.214 6.224 6.233 6.243 6.252 6.262 6.271 6.280 6.289 6.299 6.308 6.317 6.325 6.333 6.341 6.349 6.356 6.362 6.368 6.374 6.379 6.382 6.386 6.391 6.396
5.438 5.459 5.479 5.499 5.520 5.541 5.562 5.584 5.605 5.626 5.647 5.668 5.689 5.709 5.729 5.749 5.768 5.787 5.805 5.822 5.839 5.854 5.869 5.884 5.897 5.909 5.920 5.931 5.942 5.953 5.964 5.975 5.987 5.999 6.011 6.023 6.037 6.050 6.064 6.077 6.091 6.105 6.118 6.132 6.145 6.158 6.170 6.182 6.193 6.203 6.213 6.223 6.233 6.243 6.252 6.262 6.271 6.281 6.290 6.300 6.309 6.318 6.328 6.337 6.345 6.353 6.361 6.369 6.376 6.382 6.388 6.393 6.396 6.400 6.405 6.409
5.447 5.467 5.487 5.507 5.527 5.548 5.569 5.590 5.611 5.632 5.653 5.674 5.695 5.715 5.736 5.756 5.775 5.794 5.813 5.831 5.848 5.864 5.880 5.895 5.909 5.922 5.933 5.944 5.956 5.967 5.977 5.988 5.999 6.011 6.022 6.034 6.046 6.059 6.072 6.085 6.099 6.112 6.126 6.139 6.152 6.165 6.177 6.190 6.201 6.211 6.221 6.231 6.241 6.251 6.261 6.271 6.280 6.290 6.300 6.309 6.319 6.328 6.338 6.347 6.356 6.365 6.373 6.381 6.388 6.395 6.401 6.406 6.410 6.414 6.419 6.423
5.456 5.476 5.495 5.514 5.535 5.555 5.576 5.597 5.617 5.638 5.659 5.680 5.701 5.721 5.742 5.762 5.782 5.801 5.820 5.839 5.856 5.874 5.890 5.906 5.921 5.934 5.946 5.958 5.969 5.980 5.991 6.002 6.013 6.023 6.034 6.046 6.057 6.069 6.082 6.094 6.107 6.120 6.133 6.146 6.159 6.172 6.185 6.197 6.208 6.218 6.228 6.239 6.249 6.259 6.269 6.279 6.289 6.299 6.308 6.318 6.328 6.338 6.347 6.357 6.366 6.375 6.384 6.392 6.400 6.407 6.414 6.420 6.424 6.428 6.432 6.437
5.466 5.485 5.504 5.523 5.542 5.562 5.583 5.603 5.624 5.644 5.665 5.686 5.706 5.727 5.748 5.768 5.788 5.808 5.827 5.846 5.864 5.882 5.899 5.915 5.931 5.945 5.957 5.970 5.982 5.994 6.005 6.016 6.026 6.037 6.047 6.058 6.069 6.081 6.092 6.104 6.117 6.129 6.142 6.154 6.167 6.180 6.192 6.204 6.215 6.225 6.236 6.246 6.257 6.267 6.277 6.287 6.297 6.307 6.316 6.326 6.336 6.346 6.356 6.366 6.375 6.385 6.394 6.403 6.411 6.419 6.426 6.432 6.437 6.441 6.446 6.450
5.476 5.495 5.513 5.531 5.550 5.570 5.590 5.610 5.630 5.651 5.671 5.692 5.712 5.733 5.753 5.773 5.794 5.814 5.833 5.852 5.871 5.889 5.907 5.924 5.940 5.955 5.968 5.981 5.994 6.006 6.018 6.029 6.040 6.050 6.061 6.071 6.082 6.092 6.104 6.115 6.127 6.139 6.151 6.163 6.175 6.188 6.200 6.212 6.223 6.233 6.243 6.254 6.264 6.274 6.285 6.294 6.304 6.314 6.324 6.334 6.344 6.354 6.364 6.374 6.384 6.393 6.403 6.412 6.421 6.429 6.437 6.444 6.449 6.454 6.459 6.464
5.487 5.506 5.523 5.541 5.559 5.578 5.598 5.617 5.637 5.657 5.677 5.697 5.718 5.738 5.759 5.779 5.799 5.819 5.839 5.858 5.877 5.896 5.914 5.931 5.948 5.964 5.978 5.992 6.005 6.018 6.030 6.042 6.053 6.064 6.074 6.084 6.095 6.105 6.116 6.127 6.138 6.149 6.161 6.173 6.185 6.196 6.208 6.220 6.231 6.241 6.251 6.262 6.272 6.282 6.292 6.302 6.312 6.322 6.331 6.341 6.351 6.361 6.371 6.381 6.391 6.401 6.411 6.421 6.430 6.439 6.447 6.455 6.460 6.466 6.471 6.477
5.499 5.517 5.534 5.551 5.569 5.587 5.606 5.625 5.644 5.664 5.684 5.704 5.724 5.744 5.764 5.784 5.804 5.824 5.844 5.864 5.883 5.902 5.920 5.938 5.956 5.972 5.986 6.001 6.015 6.029 6.042 6.054 6.065 6.076 6.087 6.098 6.108 6.118 6.128 6.139 6.150 6.161 6.172 6.183 6.195 6.206 6.218 6.229 6.240 6.250 6.260 6.270 6.280 6.290 6.300 6.310 6.319 6.329 6.339 6.349 6.358 6.368 6.378 6.389 6.399 6.409 6.419 6.429 6.439 6.448 6.457 6.465 6.471 6.477 6.483 6.489
5.513 5.530 5.546 5.562 5.579 5.597 5.615 5.633 5.652 5.671 5.690 5.710 5.730 5.750 5.770 5.790 5.810 5.830 5.850 5.869 5.889 5.908 5.926 5.945 5.962 5.979 5.994 6.009 6.024 6.039 6.052 6.065 6.077 6.089 6.100 6.110 6.121 6.131 6.141 6.152 6.162 6.173 6.183 6.194 6.205 6.216 6.228 6.239 6.249 6.259 6.269 6.279 6.289 6.298 6.308 6.318 6.327 6.337 6.346 6.356 6.366 6.375 6.385 6.395 6.406 6.416 6.426 6.436 6.447 6.456 6.466 6.474 6.481 6.488 6.494 6.501
5.527 5.543 5.559 5.574 5.591 5.607 5.625 5.642 5.661 5.679 5.698 5.717 5.736 5.756 5.775 5.795 5.815 5.835 5.855 5.875 5.894 5.913 5.932 5.951 5.969 5.986 6.001 6.017 6.033 6.048 6.062 6.075 6.088 6.100 6.112 6.123 6.134 6.144 6.154 6.164 6.175 6.185 6.196 6.206 6.217 6.228 6.239 6.249 6.259 6.269 6.278 6.288 6.298 6.308 6.317 6.326 6.336 6.345 6.354 6.363 6.373 6.383 6.392 6.402 6.413 6.423 6.433 6.444 6.454 6.464 6.474 6.483 6.490 6.498 6.505 6.512
5.542 5.558 5.573 5.587 5.603 5.619 5.636 5.653 5.670 5.688 5.706 5.724 5.743 5.762 5.782 5.801 5.821 5.840 5.860 5.880 5.899 5.918 5.938 5.956 5.975 5.992 6.008 6.024 6.040 6.056 6.071 6.085 6.098 6.111 6.123 6.135 6.146 6.156 6.167 6.177 6.187 6.198 6.208 6.218 6.229 6.239 6.250 6.261 6.270 6.279 6.289 6.299 6.308 6.317 6.327 6.336 6.345 6.354 6.362 6.372 6.381 6.390 6.400 6.410 6.420 6.430 6.440 6.451 6.461 6.472 6.482 6.491 6.499 6.507 6.515 6.522
5.558 5.574 5.588 5.602 5.617 5.632 5.648 5.664 5.681 5.698 5.715 5.733 5.751 5.769 5.788 5.807 5.827 5.846 5.865 5.885 5.904 5.924 5.943 5.962 5.980 5.997 6.014 6.031 6.047 6.063 6.079 6.093 6.107 6.121 6.133 6.146 6.157 6.168 6.179 6.190 6.200 6.210 6.221 6.231 6.241 6.252 6.262 6.273 6.282 6.291 6.300 6.310 6.319 6.328 6.337 6.346 6.354 6.363 6.372 6.380 6.389 6.398 6.407 6.417 6.427 6.437 6.447 6.458 6.468 6.479 6.489 6.499 6.507 6.516 6.524 6.532
5.575 5.590 5.604 5.618 5.632 5.647 5.662 5.677 5.693 5.709 5.725 5.742 5.760 5.777 5.796 5.814 5.833 5.852 5.871 5.890 5.910 5.929 5.948 5.967 5.986 6.003 6.020 6.037 6.054 6.070 6.086 6.101 6.116 6.130 6.143 6.156 6.168 6.179 6.191 6.202 6.212 6.223 6.233 6.243 6.254 6.264 6.274 6.285 6.294 6.303 6.312 6.321 6.331 6.340 6.348 6.357 6.365 6.373 6.382 6.390 6.398 6.407 6.416 6.425 6.435 6.444 6.455 6.465 6.476 6.486 6.497 6.506 6.515 6.524 6.533 6.542
