version2/TsunamiDB/out54039.asc
ncols          264
nrows          230
xllcorner      497853.4375
yllcorner      4229146.0000
cellsize         5.
NODATA_value   -99
[rows 160 to 191 of 230, columns 144 to 215 of 264]
6.000 6.029 6.055 6.082 6.107 6.130 6.151 6.170 6.187 6.201 6.212 6.221 6.228 6.235 6.242 6.252 6.267 6.286 6.312 6.345 6.385 6.432 6.487 6.550 6.616 6.684 6.758 6.835 6.913 6.993 7.077 7.160 7.242 7.320 7.406 7.507 7.609 7.711 7.812 7.911 8.005 8.089 8.161 8.210 8.263 8.334 8.405 8.473 8.539 8.604 8.668 8.729 8.781 8.807 8.837 8.884 8.926 8.961 8.988 9.005 9.014 9.011 8.997 8.963 8.918 8.875 8.819 8.748 8.660 8.554 8.434 8.308
6.000 6.030 6.059 6.087 6.115 6.141 6.165 6.188 6.208 6.226 6.241 6.254 6.264 6.273 6.280 6.289 6.301 6.317 6.339 6.368 6.403 6.447 6.500 6.562 6.628 6.696 6.772 6.852 6.933 7.018 7.107 7.195 7.282 7.361 7.451 7.557 7.663 7.768 7.868 7.965 8.057 8.140 8.211 8.257 8.307 8.379 8.449 8.517 8.582 8.645 8.706 8.760 8.806 8.828 8.854 8.896 8.933 8.963 8.985 8.999 9.004 8.998 8.980 8.940 8.887 8.833 8.764 8.679 8.577 8.461 8.338 8.216
6.000 6.031 6.062 6.092 6.122 6.151 6.178 6.204 6.227 6.249 6.268 6.284 6.298 6.309 6.319 6.328 6.339 6.353 6.371 6.396 6.427 6.466 6.516 6.577 6.642 6.711 6.789 6.871 6.956 7.046 7.139 7.234 7.324 7.405 7.497 7.607 7.716 7.821 7.921 8.016 8.106 8.187 8.257 8.301 8.350 8.422 8.492 8.558 8.621 8.682 8.738 8.788 8.827 8.846 8.867 8.903 8.935 8.961 8.979 8.989 8.990 8.980 8.957 8.908 8.846 8.780 8.698 8.600 8.487 8.367 8.248 8.139
6.001 6.033 6.064 6.097 6.128 6.159 6.189 6.218 6.244 6.269 6.292 6.312 6.329 6.344 6.357 6.368 6.379 6.391 6.407 6.427 6.454 6.490 6.537 6.596 6.660 6.730 6.809 6.894 6.983 7.077 7.176 7.274 7.367 7.449 7.542 7.655 7.764 7.869 7.967 8.061 8.150 8.229 8.298 8.342 8.390 8.461 8.529 8.594 8.654 8.712 8.765 8.808 8.843 8.858 8.875 8.905 8.931 8.953 8.967 8.973 8.970 8.955 8.925 8.869 8.795 8.717 8.623 8.514 8.396 8.279 8.170 8.075
6.002 6.035 6.067 6.101 6.134 6.167 6.199 6.231 6.260 6.288 6.314 6.337 6.358 6.377 6.392 6.406 6.418 6.431 6.446 6.463 6.487 6.519 6.563 6.620 6.683 6.752 6.833 6.920 7.012 7.110 7.212 7.312 7.408 7.490 7.584 7.698 7.807 7.911 8.009 8.101 8.189 8.267 8.336 8.379 8.426 8.495 8.562 8.625 8.683 8.737 8.787 8.826 8.855 8.866 8.879 8.904 8.925 8.943 8.952 8.953 8.945 8.924 8.887 8.820 8.735 8.646 8.541 8.426 8.309 8.200 8.106 8.026
6.005 6.038 6.071 6.106 6.141 6.175 6.209 6.243 6.275 6.305 6.334 6.361 6.385 6.407 6.426 6.442 6.457 6.471 6.486 6.502 6.523 6.551 6.592 6.648 6.709 6.778 6.859 6.948 7.043 7.144 7.248 7.352 7.451 7.532 7.624 7.738 7.848 7.952 8.049 8.141 8.227 8.306 8.376 8.417 8.462 8.530 8.594 8.655 8.710 8.761 8.807 8.842 8.865 8.871 8.879 8.899 8.916 8.928 8.933 8.929 8.915 8.886 8.841 8.765 8.669 8.569 8.459 8.344 8.234 8.137 8.058 7.993
6.010 6.042 6.076 6.111 6.147 6.183 6.219 6.254 6.288 6.321 6.353 6.382 6.409 6.434 6.457 6.477 6.494 6.510 6.526 6.542 6.561 6.587 6.626 6.680 6.740 6.808 6.889 6.980 7.078 7.181 7.287 7.396 7.495 7.571 7.662 7.777 7.886 7.990 8.087 8.178 8.264 8.344 8.414 8.453 8.495 8.561 8.623 8.681 8.733 8.781 8.823 8.851 8.867 8.871 8.876 8.891 8.903 8.910 8.909 8.899 8.879 8.843 8.789 8.703 8.598 8.492 8.380 8.270 8.171 8.088 8.023 7.969
6.018 6.049 6.083 6.118 6.155 6.192 6.229 6.266 6.302 6.337 6.370 6.402 6.432 6.460 6.486 6.509 6.529 6.548 6.565 6.582 6.601 6.626 6.664 6.717 6.776 6.843 6.925 7.017 7.117 7.222 7.332 7.440 7.534 7.608 7.697 7.812 7.922 8.026 8.123 8.215 8.302 8.382 8.448 8.485 8.526 8.589 8.648 8.702 8.751 8.794 8.830 8.853 8.867 8.867 8.868 8.878 8.885 8.888 8.881 8.865 8.838 8.794 8.732 8.636 8.525 8.416 8.308 8.208 8.121 8.051 7.998 7.953
6.029 6.059 6.092 6.127 6.164 6.201 6.239 6.277 6.315 6.352 6.387 6.421 6.454 6.484 6.513 6.539 6.563 6.584 6.604 6.623 6.642 6.668 6.705 6.757 6.815 6.882 6.964 7.057 7.158 7.265 7.376 7.480 7.571 7.642 7.729 7.845 7.956 8.060 8.158 8.251 8.338 8.415 8.479 8.513 8.551 8.612 8.668 8.719 8.764 8.802 8.831 8.851 8.863 8.860 8.857 8.862 8.865 8.861 8.849 8.826 8.791 8.740 8.670 8.568 8.452 8.346 8.246 8.157 8.083 8.025 7.980 7.944
6.045 6.073 6.104 6.138 6.174 6.212 6.251 6.289 6.328 6.366 6.404 6.440 6.475 6.508 6.539 6.568 6.594 6.619 6.642 6.663 6.684 6.710 6.748 6.801 6.859 6.925 7.007 7.100 7.200 7.307 7.415 7.516 7.605 7.674 7.761 7.877 7.988 8.093 8.192 8.285 8.371 8.445 8.505 8.537 8.573 8.630 8.683 8.731 8.771 8.803 8.829 8.846 8.855 8.849 8.842 8.843 8.840 8.831 8.812 8.783 8.740 8.681 8.605 8.499 8.384 8.284 8.194 8.118 8.056 8.008 7.971 7.941
6.066 6.091 6.120 6.152 6.188 6.225 6.263 6.303 6.342 6.382 6.420 6.458 6.495 6.530 6.564 6.595 6.625 6.653 6.678 6.702 6.726 6.753 6.793 6.846 6.904 6.971 7.052 7.144 7.242 7.345 7.451 7.550 7.638 7.706 7.792 7.908 8.019 8.126 8.225 8.317 8.400 8.471 8.528 8.558 8.591 8.645 8.694 8.737 8.773 8.801 8.824 8.837 8.844 8.834 8.823 8.820 8.812 8.797 8.771 8.734 8.685 8.619 8.539 8.433 8.322 8.232 8.154 8.090 8.038 7.998 7.967 7.942
6.091 6.113 6.140 6.170 6.204 6.240 6.278 6.317 6.357 6.398 6.438 6.477 6.515 6.552 6.588 6.622 6.655 6.685 6.714 6.741 6.767 6.796 6.837 6.891 6.950 7.015 7.096 7.186 7.280 7.380 7.484 7.583 7.672 7.738 7.822 7.939 8.051 8.158 8.255 8.345 8.427 8.495 8.548 8.575 8.605 8.655 8.700 8.739 8.771 8.796 8.815 8.826 8.829 8.817 8.801 8.793 8.780 8.758 8.726 8.682 8.625 8.556 8.475 8.372 8.268 8.189 8.124 8.071 8.028 7.995 7.969 7.947
6.121 6.140 6.164 6.192 6.223 6.258 6.295 6.334 6.374 6.415 6.456 6.496 6.536 6.575 6.613 6.649 6.684 6.718 6.749 6.779 6.806 6.837 6.878 6.933 6.992 7.058 7.137 7.223 7.315 7.413 7.516 7.616 7.707 7.771 7.854 7.972 8.083 8.188 8.284 8.372 8.450 8.515 8.565 8.588 8.615 8.661 8.702 8.738 8.766 8.788 8.803 8.811 8.812 8.795 8.775 8.762 8.743 8.715 8.676 8.625 8.564 8.494 8.415 8.318 8.224 8.157 8.103 8.060 8.025 7.997 7.974 7.954
6.153 6.170 6.192 6.218 6.247 6.280 6.315 6.353 6.393 6.434 6.475 6.517 6.558 6.598 6.638 6.676 6.713 6.749 6.783 6.814 6.843 6.876 6.918 6.974 7.032 7.097 7.174 7.259 7.348 7.445 7.549 7.651 7.744 7.807 7.889 8.005 8.114 8.216 8.309 8.395 8.470 8.531 8.577 8.598 8.621 8.662 8.700 8.732 8.757 8.776 8.788 8.793 8.790 8.769 8.745 8.726 8.701 8.667 8.621 8.566 8.503 8.433 8.360 8.272 8.189 8.134 8.090 8.055 8.025 8.002 7.982 7.963
6.188 6.204 6.224 6.247 6.274 6.305 6.339 6.375 6.414 6.455 6.496 6.539 6.581 6.622 6.663 6.703 6.742 6.779 6.815 6.848 6.879 6.912 6.955 7.010 7.069 7.132 7.208 7.292 7.381 7.478 7.581 7.684 7.780 7.843 7.923 8.036 8.143 8.242 8.332 8.415 8.487 8.545 8.587 8.604 8.624 8.661 8.695 8.724 8.745 8.761 8.770 8.772 8.765 8.739 8.709 8.685 8.654 8.614 8.565 8.507 8.443 8.378 8.313 8.235 8.163 8.119 8.084 8.054 8.029 8.009 7.991 7.972
6.223 6.239 6.258 6.280 6.305 6.333 6.365 6.400 6.438 6.478 6.520 6.562 6.605 6.647 6.689 6.730 6.770 6.809 6.846 6.880 6.912 6.945 6.988 7.043 7.101 7.164 7.240 7.323 7.412 7.509 7.613 7.719 7.819 7.881 7.958 8.068 8.172 8.268 8.355 8.435 8.504 8.558 8.595 8.608 8.624 8.658 8.688 8.713 8.731 8.744 8.750 8.748 8.736 8.705 8.669 8.640 8.604 8.560 8.508 8.450 8.389 8.330 8.276 8.209 8.148 8.112 8.084 8.059 8.037 8.019 8.002 7.983
6.259 6.275 6.293 6.314 6.338 6.365 6.395 6.428 6.465 6.504 6.545 6.587 6.630 6.673 6.715 6.757 6.798 6.838 6.876 6.910 6.942 6.975 7.017 7.073 7.130 7.193 7.269 7.352 7.444 7.542 7.647 7.762 7.863 7.920 7.993 8.101 8.202 8.294 8.377 8.454 8.520 8.567 8.599 8.609 8.622 8.652 8.679 8.700 8.715 8.725 8.727 8.720 8.702 8.667 8.626 8.591 8.551 8.505 8.454 8.398 8.342 8.294 8.251 8.192 8.140 8.112 8.088 8.066 8.047 8.030 8.013 7.992
6.294 6.311 6.329 6.350 6.373 6.398 6.427 6.459 6.494 6.532 6.572 6.614 6.656 6.699 6.742 6.784 6.825 6.865 6.904 6.939 6.970 7.003 7.046 7.101 7.159 7.222 7.299 7.385 7.478 7.580 7.692 7.807 7.902 7.957 8.028 8.133 8.229 8.318 8.398 8.469 8.529 8.572 8.602 8.609 8.618 8.644 8.667 8.685 8.697 8.702 8.700 8.687 8.666 8.625 8.579 8.541 8.499 8.454 8.404 8.354 8.308 8.269 8.233 8.182 8.138 8.115 8.095 8.076 8.058 8.040 8.022 8.000
6.327 6.345 6.364 6.385 6.408 6.433 6.460 6.491 6.524 6.561 6.600 6.641 6.684 6.726 6.769 6.811 6.853 6.893 6.931 6.966 6.998 7.032 7.075 7.130 7.189 7.253 7.331 7.419 7.516 7.623 7.737 7.846 7.937 7.990 8.059 8.160 8.254 8.340 8.415 8.481 8.535 8.575 8.604 8.607 8.612 8.635 8.654 8.668 8.675 8.676 8.669 8.652 8.627 8.582 8.531 8.492 8.451 8.408 8.363 8.321 8.284 8.252 8.222 8.178 8.140 8.121 8.103 8.086 8.068 8.049 8.029 8.006
6.357 6.377 6.398 6.419 6.442 6.467 6.494 6.523 6.556 6.591 6.630 6.670 6.712 6.754 6.797 6.839 6.880 6.921 6.959 6.995 7.027 7.061 7.104 7.161 7.220 7.286 7.366 7.457 7.556 7.664 7.776 7.881 7.968 8.020 8.088 8.186 8.277 8.359 8.430 8.490 8.540 8.578 8.603 8.604 8.604 8.624 8.639 8.649 8.652 8.647 8.635 8.615 8.587 8.538 8.486 8.447 8.408 8.370 8.332 8.297 8.267 8.242 8.217 8.179 8.145 8.128 8.112 8.095 8.077 8.057 8.036 8.012
6.385 6.406 6.429 6.451 6.475 6.500 6.526 6.556 6.587 6.622 6.659 6.699 6.740 6.782 6.825 6.867 6.909 6.949 6.988 7.024 7.057 7.092 7.136 7.194 7.255 7.323 7.403 7.496 7.595 7.700 7.809 7.910 7.995 8.048 8.114 8.209 8.296 8.375 8.441 8.497 8.544 8.579 8.602 8.599 8.595 8.611 8.623 8.628 8.626 8.617 8.601 8.578 8.547 8.497 8.444 8.408 8.373 8.341 8.310 8.282 8.258 8.238 8.217 8.182 8.152 8.136 8.121 8.104 8.085 8.064 8.041 8.017
6.410 6.433 6.457 6.481 6.505 6.531 6.558 6.587 6.618 6.652 6.689 6.728 6.769 6.811 6.854 6.896 6.938 6.979 7.019 7.055 7.090 7.126 7.171 7.229 7.292 7.360 7.441 7.533 7.629 7.730 7.835 7.934 8.019 8.072 8.136 8.228 8.314 8.389 8.451 8.504 8.547 8.579 8.600 8.593 8.585 8.597 8.605 8.605 8.599 8.586 8.567 8.542 8.511 8.461 8.409 8.376 8.347 8.320 8.295 8.274 8.255 8.238 8.220 8.188 8.159 8.145 8.129 8.112 8.092 8.070 8.046 8.021
6.432 6.457 6.482 6.508 6.533 6.559 6.587 6.616 6.647 6.681 6.717 6.756 6.797 6.839 6.882 6.926 6.969 7.010 7.051 7.089 7.125 7.161 7.207 7.267 7.330 7.397 7.478 7.566 7.658 7.756 7.857 7.955 8.041 8.093 8.156 8.247 8.329 8.401 8.460 8.510 8.550 8.580 8.598 8.586 8.574 8.582 8.585 8.582 8.572 8.556 8.536 8.510 8.480 8.430 8.381 8.353 8.329 8.307 8.288 8.271 8.256 8.242 8.225 8.195 8.168 8.153 8.137 8.119 8.098 8.075 8.050 8.024
6.452 6.478 6.505 6.532 6.558 6.585 6.613 6.643 6.674 6.708 6.744 6.783 6.824 6.867 6.911 6.956 7.000 7.043 7.085 7.124 7.161 7.198 7.245 7.305 7.368 7.434 7.512 7.596 7.685 7.778 7.878 7.975 8.062 8.114 8.175 8.265 8.344 8.412 8.468 8.515 8.553 8.579 8.594 8.578 8.562 8.566 8.566 8.560 8.546 8.529 8.507 8.482 8.453 8.406 8.361 8.337 8.317 8.300 8.284 8.271 8.259 8.246 8.230 8.201 8.175 8.159 8.142 8.124 8.102 8.078 8.053 8.027
6.469 6.497 6.525 6.553 6.581 6.609 6.638 6.668 6.699 6.733 6.770 6.809 6.851 6.895 6.940 6.986 7.032 7.077 7.120 7.160 7.198 7.237 7.283 7.343 7.406 7.470 7.544 7.625 7.710 7.800 7.897 7.993 8.080 8.133 8.193 8.280 8.356 8.422 8.474 8.519 8.554 8.578 8.589 8.570 8.549 8.550 8.546 8.537 8.522 8.504 8.483 8.459 8.433 8.388 8.347 8.328 8.311 8.298 8.285 8.274 8.264 8.252 8.237 8.208 8.181 8.165 8.148 8.129 8.106 8.081 8.055 8.028
6.483 6.513 6.542 6.572 6.601 6.630 6.660 6.690 6.723 6.757 6.794 6.834 6.876 6.921 6.968 7.015 7.063 7.109 7.154 7.196 7.235 7.274 7.321 7.380 7.442 7.503 7.574 7.651 7.732 7.819 7.913 8.009 8.099 8.151 8.209 8.293 8.367 8.430 8.480 8.522 8.555 8.576 8.584 8.561 8.537 8.535 8.529 8.518 8.503 8.485 8.464 8.443 8.421 8.379 8.341 8.325 8.312 8.301 8.290 8.282 8.273 8.261 8.244 8.215 8.188 8.172 8.154 8.134 8.110 8.085 8.057 8.029
6.495 6.527 6.558 6.588 6.619 6.649 6.679 6.711 6.744 6.778 6.816 6.856 6.899 6.945 6.993 7.043 7.092 7.140 7.186 7.229 7.270 7.309 7.356 7.416 7.475 7.535 7.603 7.676 7.754 7.839 7.930 8.031 8.122 8.170 8.225 8.307 8.378 8.438 8.486 8.526 8.556 8.574 8.580 8.553 8.526 8.522 8.514 8.503 8.488 8.471 8.452 8.434 8.416 8.377 8.341 8.329 8.317 8.308 8.298 8.290 8.282 8.268 8.250 8.221 8.195 8.177 8.159 8.138 8.114 8.087 8.059 8.030
6.506 6.538 6.571 6.603 6.635 6.666 6.697 6.729 6.763 6.798 6.835 6.876 6.920 6.967 7.016 7.067 7.118 7.168 7.215 7.259 7.299 7.341 7.391 7.450 7.509 7.566 7.632 7.703 7.779 7.862 7.956 8.055 8.140 8.186 8.240 8.319 8.388 8.446 8.492 8.530 8.557 8.573 8.576 8.547 8.516 8.510 8.503 8.492 8.478 8.463 8.447 8.433 8.416 8.379 8.346 8.335 8.326 8.317 8.308 8.299 8.289 8.274 8.256 8.228 8.200 8.182 8.163 8.142 8.117 8.089 8.060 8.029
6.514 6.548 6.582 6.616 6.648 6.681 6.713 6.746 6.779 6.815 6.853 6.893 6.938 6.985 7.035 7.087 7.139 7.190 7.238 7.283 7.326 7.372 7.424 7.484 7.541 7.598 7.663 7.732 7.806 7.890 7.983 8.076 8.157 8.202 8.254 8.330 8.398 8.454 8.498 8.533 8.558 8.571 8.573 8.542 8.509 8.503 8.496 8.486 8.474 8.462 8.449 8.436 8.421 8.386 8.354 8.344 8.336 8.327 8.317 8.307 8.295 8.279 8.262 8.233 8.206 8.187 8.167 8.145 8.119 8.090 8.060 8.027
6.521 6.556 6.592 6.626 6.660 6.694 6.727 6.760 6.794 6.829 6.867 6.907 6.952 6.999 7.049 7.102 7.155 7.207 7.256 7.303 7.351 7.401 7.456 7.515 7.573 7.631 7.695 7.763 7.837 7.919 8.008 8.097 8.174 8.218 8.268 8.343 8.410 8.464 8.506 8.538 8.560 8.572 8.572 8.539 8.505 8.500 8.494 8.486 8.476 8.466 8.455 8.444 8.429 8.395 8.365 8.355 8.347 8.337 8.326 8.314 8.300 8.285 8.267 8.239 8.210 8.192 8.171 8.148 8.121 8.091 8.058 8.023
6.526 6.562 6.599 6.635 6.670 6.704 6.738 6.771 6.805 6.841 6.878 6.918 6.961 7.008 7.058 7.111 7.164 7.217 7.270 7.321 7.373 7.428 7.485 7.547 7.606 7.665 7.729 7.798 7.870 7.947 8.031 8.115 8.191 8.235 8.284 8.358 8.422 8.475 8.515 8.544 8.563 8.574 8.574 8.539 8.505 8.501 8.497 8.490 8.482 8.474 8.465 8.454 8.440 8.407 8.377 8.367 8.358 8.347 8.334 8.321 8.306 8.289 8.272 8.244 8.215 8.196 8.174 8.150 8.121 8.089 8.054 8.017
6.529 6.567 6.604 6.641 6.677 6.712 6.746 6.780 6.814 6.848 6.884 6.923 6.966 7.012 7.062 7.114 7.168 7.223 7.280 7.336 7.393 7.453 7.514 7.577 7.638 7.698 7.764 7.832 7.900 7.973 8.052 8.134 8.211 8.255 8.303 8.375 8.439 8.490 8.526 8.552 8.568 8.577 8.578 8.543 8.509 8.506 8.504 8.499 8.492 8.485 8.477 8.466 8.452 8.419 8.389 8.378 8.368 8.356 8.342 8.327 8.311 8.294 8.277 8.248 8.219 8.199 8.177 8.151 8.120 8.086 8.048 8.007
