version2/TsunamiDB/out54135.asc
ncols          264
nrows          230
xllcorner      497853.4375
yllcorner      4229146.0000
cellsize         5.
NODATA_value   -99
[rows 68 to 101 of 230, columns 154 to 230 of 264]
6.589 6.593 6.596 6.600 6.605 6.609 6.614 6.619 6.624 6.630 6.636 6.642 6.648 6.655 6.661 6.668 6.675 6.682 6.690 6.697 6.704 6.710 6.717 6.723 6.729 6.735 6.740 6.746 6.751 6.756 6.761 6.766 6.770 6.774 6.779 6.782 6.786 6.790 6.793 6.797 6.801 6.804 6.808 6.811 6.814 6.818 6.821 6.824 6.828 6.831 6.835 6.839 6.843 6.847 6.852 6.857 6.862 6.867 6.873 6.880 6.887 6.894 6.902 6.910 6.919 6.929 6.938 6.948 6.959 6.968 6.974 6.975 6.975 6.980 6.987 6.995 7.012
6.594 6.598 6.601 6.605 6.609 6.614 6.618 6.623 6.628 6.634 6.640 6.646 6.652 6.658 6.665 6.672 6.679 6.686 6.693 6.701 6.707 6.714 6.720 6.727 6.733 6.739 6.744 6.750 6.755 6.761 6.766 6.770 6.775 6.779 6.784 6.788 6.792 6.795 6.799 6.803 6.806 6.810 6.814 6.817 6.821 6.824 6.827 6.831 6.834 6.838 6.842 6.846 6.850 6.855 6.860 6.865 6.870 6.876 6.883 6.889 6.897 6.904 6.912 6.921 6.931 6.941 6.951 6.962 6.973 6.983 6.989 6.991 6.991 6.996 7.004 7.012 7.030
6.599 6.603 6.606 6.610 6.614 6.618 6.623 6.628 6.633 6.638 6.644 6.650 6.656 6.662 6.669 6.675 6.682 6.689 6.697 6.704 6.711 6.718 6.724 6.730 6.737 6.743 6.749 6.754 6.760 6.765 6.770 6.775 6.780 6.784 6.789 6.793 6.797 6.801 6.805 6.808 6.812 6.816 6.820 6.824 6.827 6.831 6.834 6.838 6.841 6.845 6.849 6.854 6.858 6.863 6.868 6.874 6.879 6.886 6.892 6.899 6.907 6.915 6.924 6.933 6.943 6.954 6.964 6.975 6.987 6.997 7.004 7.006 7.007 7.013 7.021 7.030 7.048
6.605 6.608 6.612 6.615 6.619 6.623 6.627 6.632 6.637 6.642 6.648 6.654 6.660 6.666 6.672 6.679 6.686 6.693 6.701 6.708 6.715 6.721 6.728 6.734 6.740 6.747 6.753 6.758 6.764 6.769 6.775 6.780 6.784 6.789 6.794 6.798 6.802 6.806 6.810 6.814 6.818 6.823 6.827 6.830 6.834 6.837 6.841 6.845 6.849 6.853 6.857 6.862 6.866 6.871 6.877 6.883 6.889 6.895 6.902 6.910 6.917 6.926 6.935 6.945 6.956 6.966 6.977 6.989 7.001 7.012 7.019 7.022 7.023 7.030 7.038 7.048 7.066
6.610 6.613 6.617 6.620 6.624 6.628 6.632 6.637 6.641 6.646 6.652 6.657 6.663 6.670 6.676 6.683 6.689 6.697 6.704 6.711 6.718 6.725 6.731 6.738 6.744 6.750 6.756 6.762 6.768 6.774 6.779 6.784 6.789 6.794 6.799 6.803 6.808 6.812 6.816 6.820 6.824 6.829 6.833 6.837 6.841 6.844 6.848 6.852 6.856 6.861 6.865 6.870 6.875 6.880 6.886 6.892 6.898 6.905 6.912 6.920 6.928 6.937 6.947 6.957 6.968 6.979 6.990 7.002 7.015 7.026 7.034 7.037 7.039 7.046 7.055 7.065 7.083
6.615 6.618 6.622 6.625 6.629 6.633 6.637 6.641 6.646 6.651 6.656 6.662 6.667 6.673 6.680 6.686 6.693 6.700 6.708 6.715 6.722 6.728 6.735 6.742 6.748 6.754 6.760 6.766 6.772 6.778 6.783 6.789 6.794 6.799 6.804 6.808 6.813 6.817 6.822 6.826 6.830 6.835 6.839 6.843 6.847 6.851 6.856 6.860 6.864 6.869 6.873 6.878 6.884 6.889 6.895 6.902 6.908 6.915 6.923 6.931 6.939 6.949 6.958 6.969 6.980 6.991 7.003 7.016 7.029 7.040 7.049 7.052 7.054 7.062 7.071 7.082 7.101
6.620 6.624 6.627 6.630 6.634 6.638 6.641 6.646 6.650 6.655 6.660 6.666 6.671 6.677 6.683 6.690 6.697 6.704 6.711 6.718 6.725 6.732 6.739 6.745 6.752 6.758 6.764 6.770 6.776 6.782 6.788 6.793 6.798 6.804 6.809 6.813 6.818 6.823 6.827 6.832 6.836 6.841 6.846 6.850 6.854 6.859 6.863 6.867 6.872 6.877 6.882 6.887 6.893 6.899 6.905 6.911 6.918 6.926 6.934 6.942 6.951 6.960 6.970 6.981 6.992 7.004 7.016 7.029 7.042 7.054 7.063 7.067 7.069 7.078 7.088 7.099 7.118
6.626 6.629 6.632 6.635 6.639 6.642 6.646 6.650 6.655 6.659 6.664 6.670 6.675 6.681 6.687 6.694 6.700 6.707 6.715 6.722 6.729 6.735 6.742 6.749 6.755 6.762 6.768 6.774 6.780 6.786 6.792 6.798 6.803 6.808 6.814 6.819 6.823 6.828 6.833 6.838 6.843 6.848 6.853 6.857 6.861 6.866 6.870 6.875 6.880 6.885 6.890 6.896 6.902 6.908 6.914 6.921 6.929 6.936 6.944 6.953 6.962 6.972 6.982 6.993 7.005 7.016 7.029 7.042 7.056 7.068 7.077 7.081 7.084 7.092 7.103 7.114 7.133
6.631 6.634 6.637 6.640 6.644 6.647 6.651 6.655 6.659 6.664 6.669 6.674 6.679 6.685 6.691 6.697 6.704 6.711 6.718 6.725 6.732 6.739 6.746 6.752 6.759 6.765 6.772 6.778 6.784 6.790 6.796 6.802 6.808 6.813 6.818 6.824 6.829 6.834 6.839 6.844 6.849 6.854 6.859 6.864 6.868 6.873 6.878 6.883 6.888 6.894 6.899 6.905 6.911 6.918 6.924 6.931 6.939 6.947 6.955 6.964 6.973 6.983 6.994 7.005 7.017 7.029 7.041 7.055 7.068 7.081 7.090 7.094 7.096 7.106 7.117 7.129 7.148
6.636 6.639 6.642 6.645 6.648 6.652 6.655 6.659 6.664 6.668 6.673 6.678 6.683 6.689 6.695 6.701 6.707 6.714 6.722 6.729 6.735 6.742 6.749 6.756 6.762 6.769 6.776 6.782 6.788 6.794 6.801 6.806 6.812 6.818 6.823 6.829 6.834 6.839 6.844 6.850 6.855 6.861 6.866 6.871 6.876 6.881 6.886 6.891 6.896 6.902 6.908 6.914 6.920 6.927 6.934 6.942 6.949 6.958 6.966 6.975 6.985 6.995 7.005 7.016 7.028 7.041 7.054 7.067 7.081 7.093 7.102 7.105 7.109 7.120 7.132 7.144 7.163
6.641 6.644 6.647 6.650 6.653 6.656 6.660 6.664 6.668 6.672 6.677 6.682 6.687 6.692 6.698 6.704 6.711 6.718 6.725 6.732 6.739 6.746 6.752 6.759 6.766 6.773 6.779 6.786 6.792 6.799 6.805 6.811 6.817 6.823 6.828 6.834 6.839 6.845 6.850 6.856 6.862 6.867 6.872 6.878 6.883 6.888 6.893 6.899 6.905 6.911 6.917 6.923 6.930 6.937 6.944 6.952 6.960 6.968 6.977 6.986 6.996 7.006 7.017 7.028 7.040 7.052 7.065 7.079 7.092 7.104 7.112 7.117 7.122 7.133 7.146 7.159 7.180
6.645 6.648 6.651 6.655 6.658 6.661 6.665 6.668 6.672 6.676 6.681 6.686 6.691 6.696 6.702 6.708 6.714 6.721 6.729 6.736 6.742 6.749 6.756 6.763 6.769 6.776 6.783 6.790 6.796 6.803 6.809 6.815 6.821 6.827 6.833 6.839 6.845 6.850 6.856 6.862 6.868 6.874 6.879 6.885 6.890 6.896 6.901 6.907 6.913 6.919 6.926 6.932 6.939 6.946 6.954 6.962 6.970 6.979 6.988 6.997 7.007 7.017 7.028 7.039 7.051 7.063 7.076 7.090 7.103 7.114 7.123 7.128 7.134 7.147 7.161 7.176 7.199
6.650 6.653 6.656 6.659 6.662 6.666 6.669 6.673 6.677 6.681 6.685 6.690 6.695 6.700 6.706 6.712 6.718 6.725 6.732 6.739 6.746 6.752 6.759 6.766 6.773 6.780 6.787 6.793 6.800 6.807 6.813 6.820 6.826 6.832 6.838 6.844 6.850 6.856 6.862 6.868 6.874 6.880 6.886 6.892 6.897 6.903 6.909 6.915 6.921 6.928 6.934 6.941 6.949 6.956 6.964 6.972 6.981 6.989 6.999 7.008 7.018 7.028 7.039 7.050 7.062 7.074 7.087 7.099 7.112 7.123 7.133 7.139 7.147 7.161 7.177 7.194 7.219
6.655 6.658 6.661 6.664 6.667 6.670 6.673 6.677 6.681 6.685 6.689 6.694 6.699 6.704 6.709 6.715 6.721 6.728 6.736 6.742 6.749 6.756 6.763 6.770 6.777 6.783 6.790 6.797 6.804 6.811 6.818 6.824 6.831 6.837 6.843 6.850 6.856 6.862 6.868 6.874 6.881 6.887 6.893 6.899 6.905 6.911 6.917 6.923 6.930 6.936 6.943 6.950 6.958 6.966 6.974 6.982 6.991 7.000 7.009 7.019 7.029 7.039 7.050 7.061 7.072 7.084 7.096 7.108 7.121 7.132 7.142 7.151 7.160 7.176 7.194 7.213 7.240
6.659 6.662 6.665 6.668 6.671 6.674 6.678 6.681 6.685 6.689 6.693 6.698 6.702 6.708 6.713 6.719 6.725 6.732 6.739 6.746 6.752 6.759 6.766 6.773 6.780 6.787 6.794 6.801 6.808 6.815 6.822 6.829 6.835 6.842 6.849 6.855 6.861 6.868 6.874 6.881 6.887 6.894 6.900 6.906 6.912 6.919 6.925 6.932 6.938 6.945 6.952 6.960 6.967 6.975 6.983 6.992 7.001 7.010 7.020 7.030 7.040 7.050 7.060 7.071 7.082 7.093 7.104 7.116 7.129 7.141 7.152 7.162 7.173 7.190 7.210 7.232 7.262
6.663 6.666 6.670 6.673 6.676 6.679 6.682 6.686 6.689 6.693 6.697 6.702 6.706 6.711 6.717 6.722 6.729 6.736 6.743 6.749 6.756 6.763 6.770 6.777 6.784 6.791 6.798 6.805 6.812 6.819 6.826 6.833 6.840 6.847 6.854 6.861 6.867 6.874 6.880 6.887 6.894 6.901 6.907 6.914 6.920 6.926 6.933 6.940 6.947 6.954 6.961 6.969 6.977 6.985 6.993 7.002 7.011 7.021 7.031 7.041 7.051 7.060 7.070 7.080 7.091 7.101 7.112 7.124 7.137 7.150 7.162 7.173 7.186 7.205 7.226 7.251 7.282
6.668 6.671 6.674 6.677 6.680 6.683 6.686 6.690 6.693 6.697 6.701 6.706 6.710 6.715 6.720 6.726 6.732 6.739 6.746 6.753 6.759 6.766 6.773 6.780 6.787 6.795 6.802 6.809 6.816 6.824 6.831 6.838 6.845 6.852 6.859 6.866 6.873 6.880 6.887 6.894 6.901 6.908 6.914 6.921 6.928 6.934 6.941 6.948 6.955 6.962 6.970 6.978 6.986 6.994 7.003 7.012 7.021 7.031 7.041 7.051 7.061 7.070 7.079 7.089 7.099 7.109 7.119 7.131 7.144 7.157 7.171 7.184 7.199 7.219 7.242 7.269 7.302
6.672 6.675 6.678 6.681 6.684 6.687 6.691 6.694 6.698 6.701 6.705 6.710 6.714 6.719 6.724 6.730 6.736 6.743 6.750 6.756 6.763 6.770 6.777 6.784 6.791 6.799 6.806 6.813 6.821 6.828 6.836 6.843 6.850 6.857 6.865 6.872 6.879 6.886 6.893 6.900 6.908 6.915 6.922 6.928 6.935 6.942 6.949 6.956 6.964 6.971 6.979 6.987 6.995 7.004 7.012 7.021 7.031 7.041 7.051 7.061 7.071 7.080 7.088 7.097 7.107 7.116 7.126 7.138 7.151 7.165 7.180 7.195 7.211 7.233 7.258 7.286 7.322
6.676 6.679 6.682 6.685 6.688 6.692 6.695 6.698 6.702 6.705 6.709 6.714 6.718 6.723 6.728 6.734 6.740 6.747 6.753 6.760 6.767 6.773 6.781 6.788 6.795 6.803 6.810 6.818 6.825 6.833 6.840 6.848 6.855 6.863 6.870 6.878 6.885 6.892 6.899 6.907 6.914 6.922 6.929 6.936 6.943 6.950 6.958 6.965 6.972 6.980 6.988 6.996 7.004 7.013 7.022 7.031 7.041 7.051 7.061 7.071 7.081 7.089 7.097 7.105 7.114 7.123 7.133 7.144 7.158 7.174 7.190 7.205 7.223 7.246 7.272 7.303 7.340
6.680 6.684 6.687 6.690 6.693 6.696 6.699 6.703 6.706 6.710 6.714 6.718 6.722 6.727 6.732 6.738 6.744 6.750 6.757 6.764 6.770 6.777 6.784 6.792 6.799 6.807 6.814 6.822 6.830 6.837 6.845 6.853 6.861 6.868 6.876 6.883 6.891 6.899 6.906 6.914 6.922 6.929 6.936 6.944 6.951 6.958 6.966 6.973 6.981 6.989 6.997 7.005 7.014 7.022 7.031 7.041 7.050 7.060 7.071 7.081 7.090 7.098 7.105 7.114 7.122 7.130 7.140 7.152 7.166 7.181 7.198 7.215 7.235 7.260 7.287 7.320 7.360
6.685 6.688 6.691 6.694 6.697 6.700 6.703 6.707 6.710 6.714 6.718 6.722 6.726 6.731 6.736 6.742 6.748 6.754 6.761 6.768 6.774 6.781 6.788 6.796 6.803 6.811 6.819 6.826 6.834 6.842 6.850 6.858 6.866 6.874 6.882 6.889 6.897 6.905 6.913 6.921 6.929 6.937 6.944 6.951 6.959 6.966 6.974 6.982 6.990 6.998 7.006 7.014 7.023 7.032 7.041 7.050 7.060 7.070 7.080 7.090 7.099 7.107 7.114 7.122 7.130 7.138 7.147 7.159 7.173 7.188 7.206 7.225 7.249 7.275 7.303 7.340 7.382
6.689 6.692 6.695 6.698 6.701 6.705 6.708 6.711 6.715 6.718 6.722 6.726 6.731 6.735 6.741 6.746 6.752 6.759 6.765 6.772 6.778 6.785 6.793 6.800 6.807 6.815 6.823 6.831 6.839 6.847 6.855 6.863 6.871 6.879 6.888 6.896 6.904 6.911 6.919 6.928 6.936 6.944 6.952 6.959 6.967 6.975 6.982 6.990 6.998 7.006 7.015 7.023 7.032 7.041 7.050 7.060 7.070 7.080 7.090 7.100 7.109 7.116 7.122 7.130 7.138 7.145 7.155 7.167 7.180 7.195 7.214 7.236 7.263 7.291 7.321 7.361 7.406
6.693 6.696 6.699 6.703 6.706 6.709 6.712 6.716 6.719 6.723 6.727 6.731 6.735 6.740 6.745 6.750 6.756 6.763 6.769 6.776 6.783 6.790 6.797 6.804 6.812 6.820 6.828 6.836 6.844 6.852 6.860 6.869 6.877 6.885 6.893 6.902 6.910 6.918 6.926 6.935 6.943 6.951 6.959 6.967 6.975 6.983 6.991 6.999 7.007 7.015 7.024 7.032 7.041 7.050 7.059 7.069 7.079 7.089 7.099 7.109 7.118 7.125 7.131 7.138 7.146 7.153 7.163 7.174 7.187 7.202 7.223 7.248 7.279 7.308 7.340 7.384 7.433
6.697 6.700 6.704 6.707 6.710 6.714 6.717 6.720 6.724 6.727 6.731 6.735 6.740 6.744 6.749 6.755 6.761 6.767 6.774 6.780 6.787 6.794 6.801 6.809 6.816 6.824 6.832 6.841 6.849 6.857 6.866 6.874 6.883 6.891 6.900 6.908 6.916 6.925 6.933 6.942 6.950 6.959 6.967 6.975 6.983 6.991 6.999 7.007 7.015 7.024 7.032 7.041 7.050 7.059 7.068 7.078 7.088 7.098 7.109 7.118 7.127 7.134 7.140 7.147 7.154 7.161 7.170 7.181 7.194 7.210 7.232 7.261 7.296 7.327 7.362 7.409 7.462
6.701 6.705 6.708 6.711 6.715 6.718 6.721 6.725 6.728 6.732 6.736 6.740 6.744 6.749 6.754 6.759 6.765 6.772 6.778 6.785 6.792 6.799 6.806 6.813 6.821 6.829 6.837 6.846 6.854 6.862 6.871 6.880 6.888 6.897 6.906 6.914 6.923 6.931 6.940 6.949 6.958 6.966 6.975 6.983 6.991 6.999 7.007 7.016 7.024 7.032 7.041 7.050 7.059 7.068 7.077 7.087 7.097 7.107 7.118 7.128 7.136 7.143 7.148 7.155 7.162 7.168 7.177 7.188 7.201 7.218 7.242 7.276 7.315 7.348 7.385 7.437 7.493
6.706 6.709 6.713 6.716 6.719 6.723 6.726 6.730 6.733 6.737 6.741 6.745 6.749 6.754 6.759 6.764 6.770 6.777 6.783 6.790 6.796 6.803 6.811 6.818 6.826 6.834 6.842 6.851 6.859 6.868 6.877 6.885 6.894 6.903 6.912 6.921 6.929 6.938 6.947 6.956 6.965 6.974 6.982 6.991 6.999 7.007 7.016 7.024 7.032 7.041 7.050 7.058 7.067 7.077 7.086 7.096 7.106 7.116 7.127 7.137 7.145 7.152 7.156 7.163 7.169 7.175 7.184 7.195 7.208 7.227 7.255 7.292 7.335 7.370 7.410 7.465 7.522
6.710 6.714 6.717 6.721 6.724 6.728 6.731 6.735 6.738 6.742 6.746 6.750 6.754 6.759 6.764 6.769 6.775 6.781 6.788 6.794 6.801 6.808 6.816 6.823 6.831 6.839 6.847 6.856 6.864 6.873 6.882 6.891 6.900 6.909 6.918 6.927 6.936 6.945 6.954 6.963 6.972 6.981 6.990 6.998 7.007 7.015 7.024 7.032 7.041 7.049 7.058 7.067 7.076 7.085 7.095 7.105 7.115 7.125 7.136 7.146 7.154 7.160 7.165 7.171 7.177 7.182 7.190 7.202 7.216 7.237 7.268 7.308 7.355 7.392 7.434 7.491 7.550
6.715 6.718 6.722 6.725 6.729 6.732 6.736 6.740 6.743 6.747 6.751 6.755 6.759 6.764 6.769 6.774 6.780 6.787 6.793 6.799 6.806 6.813 6.821 6.828 6.836 6.844 6.853 6.861 6.870 6.879 6.888 6.897 6.906 6.915 6.924 6.933 6.942 6.952 6.961 6.970 6.980 6.988 6.997 7.006 7.015 7.023 7.032 7.040 7.049 7.058 7.066 7.075 7.084 7.093 7.103 7.113 7.123 7.134 7.145 7.155 7.163 7.169 7.172 7.178 7.184 7.189 7.197 7.209 7.225 7.248 7.281 7.325 7.378 7.418 7.459 7.519 7.579
6.720 6.723 6.727 6.730 6.734 6.738 6.741 6.745 6.748 6.752 6.756 6.760 6.765 6.769 6.774 6.780 6.785 6.792 6.798 6.805 6.811 6.818 6.826 6.833 6.841 6.850 6.858 6.867 6.875 6.884 6.893 6.903 6.912 6.921 6.930 6.940 6.949 6.958 6.968 6.977 6.987 6.996 7.005 7.013 7.022 7.031 7.040 7.048 7.057 7.066 7.075 7.083 7.092 7.101 7.111 7.121 7.132 7.142 7.153 7.163 7.171 7.175 7.178 7.184 7.190 7.195 7.204 7.216 7.235 7.261 7.297 7.348 7.405 7.444 7.486 7.547 7.607
6.724 6.728 6.732 6.735 6.739 6.743 6.746 6.750 6.754 6.758 6.762 6.766 6.770 6.775 6.780 6.785 6.791 6.797 6.804 6.810 6.817 6.824 6.831 6.839 6.847 6.855 6.863 6.872 6.881 6.890 6.899 6.908 6.918 6.927 6.937 6.946 6.955 6.965 6.974 6.984 6.994 7.003 7.012 7.021 7.030 7.039 7.047 7.056 7.065 7.074 7.082 7.091 7.100 7.109 7.119 7.129 7.140 7.151 7.161 7.171 7.178 7.181 7.185 7.191 7.198 7.203 7.212 7.227 7.248 7.277 7.320 7.374 7.431 7.470 7.513 7.575 7.635
6.729 6.733 6.737 6.740 6.744 6.748 6.752 6.755 6.759 6.763 6.767 6.771 6.776 6.780 6.785 6.791 6.796 6.803 6.809 6.816 6.822 6.829 6.837 6.844 6.852 6.860 6.869 6.878 6.887 6.896 6.905 6.914 6.924 6.933 6.943 6.952 6.962 6.972 6.981 6.991 7.001 7.010 7.019 7.028 7.037 7.046 7.055 7.064 7.073 7.081 7.090 7.099 7.108 7.117 7.127 7.137 7.147 7.158 7.168 7.177 7.184 7.188 7.191 7.199 7.206 7.212 7.223 7.240 7.264 7.298 7.344 7.400 7.457 7.496 7.539 7.601 7.663
6.734 6.738 6.742 6.746 6.749 6.753 6.757 6.761 6.765 6.769 6.773 6.777 6.781 6.786 6.791 6.796 6.802 6.809 6.815 6.821 6.828 6.835 6.842 6.850 6.858 6.866 6.875 6.883 6.892 6.902 6.911 6.920 6.930 6.939 6.949 6.959 6.968 6.978 6.988 6.998 7.008 7.017 7.026 7.035 7.044 7.053 7.062 7.071 7.080 7.089 7.097 7.106 7.115 7.124 7.134 7.144 7.154 7.165 7.175 7.183 7.189 7.194 7.198 7.207 7.215 7.223 7.237 7.256 7.283 7.321 7.369 7.425 7.483 7.521 7.564 7.628 7.689
6.739 6.743 6.747 6.751 6.755 6.759 6.763 6.766 6.770 6.774 6.778 6.783 6.787 6.792 6.797 6.802 6.808 6.815 6.821 6.827 6.834 6.841 6.848 6.856 6.864 6.872 6.880 6.889 6.898 6.907 6.917 6.926 6.936 6.946 6.955 6.965 6.975 6.985 6.995 7.005 7.014 7.024 7.033 7.042 7.051 7.060 7.069 7.078 7.087 7.096 7.105 7.113 7.122 7.131 7.141 7.151 7.161 7.171 7.180 7.188 7.195 7.200 7.206 7.216 7.226 7.237 7.253 7.276 7.306 7.344 7.393 7.449 7.508 7.547 7.590 7.654 7.715
6.745 6.749 6.753 6.756 6.760 6.764 6.768 6.772 6.776 6.780 6.784 6.789 6.793 6.798 6.803 6.808 6.814 6.820 6.826 6.833 6.839 6.846 6.854 6.861 6.869 6.878 6.886 6.895 6.904 6.913 6.923 6.932 6.942 6.952 6.962 6.971 6.981 6.991 7.001 7.011 7.021 7.031 7.040 7.049 7.058 7.067 7.076 7.085 7.094 7.103 7.112 7.120 7.129 7.138 7.147 7.157 7.166 7.176 7.185 7.193 7.200 7.207 7.215 7.227 7.240 7.253 7.272 7.297 7.328 7.367 7.416 7.472 7.533 7.572 7.615 7.679 7.742
