version2/TsunamiDB/out54003.asc
ncols          264
nrows          230
xllcorner      497853.4375
yllcorner      4229146.0000
cellsize         5.
NODATA_value   -99
[rows 155 to 185 of 230, columns 138 to 206 of 264]
-99.000 -99.000 -99.000 -99.000 -99.000 -99.000 -99.000 -99.000 -99.000 -99.000 -99.000 -99.000 -99.000 -99.000 -99.000 -99.000 -99.000 -99.000 -99.000 -99.000 -99.000 -99.000 -99.000 -99.000 -99.000 -99.000 -99.000 -99.000 -99.000 1.647 1.656 1.730 1.913 2.194 2.554 2.964 3.395 3.820 4.207 4.515 4.723 4.864 4.960 5.030 5.087 5.141 5.191 5.247 5.303 5.354 5.447 5.534 5.574 5.610 5.651 5.703 5.761 5.827 5.868 5.849 5.937 6.045 6.047 6.021 5.980 5.924 5.839 5.742 5.657
-99.000 -99.000 -99.000 -99.000 -99.000 -99.000 -99.000 -99.000 -99.000 -99.000 -99.000 -99.000 -99.000 -99.000 -99.000 -99.000 -99.000 -99.000 -99.000 -99.000 -99.000 -99.000 -99.000 -99.000 -99.000 -99.000 -99.000 -99.000 1.646 1.650 1.675 1.795 2.021 2.338 2.725 3.150 3.587 4.007 4.378 4.654 4.836 4.959 5.046 5.111 5.165 5.213 5.259 5.318 5.365 5.412 5.507 5.592 5.624 5.653 5.687 5.728 5.781 5.856 5.882 5.850 5.939 6.046 6.046 6.019 5.979 5.920 5.839 5.740 5.667
-99.000 -99.000 -99.000 -99.000 -99.000 -99.000 -99.000 -99.000 -99.000 -99.000 -99.000 -99.000 -99.000 -99.000 -99.000 -99.000 -99.000 -99.000 -99.000 -99.000 -99.000 -99.000 -99.000 -99.000 -99.000 -99.000 -99.000 -99.000 -99.000 1.654 1.710 1.876 2.142 2.491 2.899 3.336 3.775 4.187 4.533 4.776 4.935 5.045 5.128 5.192 5.244 5.293 5.337 5.382 5.424 5.477 5.573 5.657 5.687 5.712 5.737 5.774 5.822 5.865 5.869 5.846 5.933 6.034 6.033 6.006 5.960 5.899 5.820 5.740 5.694
-99.000 -99.000 -99.000 -99.000 -99.000 -99.000 -99.000 -99.000 -99.000 -99.000 -99.000 -99.000 -99.000 -99.000 -99.000 -99.000 -99.000 -99.000 -99.000 -99.000 -99.000 -99.000 -99.000 -99.000 -99.000 -99.000 -99.000 -99.000 1.647 1.667 1.765 1.975 2.278 2.655 3.078 3.522 3.957 4.350 4.661 4.869 5.010 5.113 5.195 5.258 5.311 5.359 5.398 5.436 5.482 5.536 5.635 5.721 5.750 5.769 5.787 5.812 5.835 5.850 5.849 5.827 5.910 6.005 6.005 5.975 5.929 5.871 5.807 5.756 5.726
-99.000 -99.000 -99.000 -99.000 -99.000 -99.000 -99.000 -99.000 -99.000 -99.000 -99.000 -99.000 -99.000 -99.000 -99.000 -99.000 -99.000 -99.000 -99.000 -99.000 -99.000 -99.000 -99.000 -99.000 -99.000 -99.000 -99.000 -99.000 1.650 1.695 1.839 2.092 2.428 2.828 3.263 3.708 4.130 4.493 4.761 4.937 5.063 5.163 5.243 5.308 5.361 5.408 5.447 5.486 5.532 5.588 5.688 5.777 5.800 5.813 5.821 5.826 5.828 5.827 5.818 5.797 5.875 5.964 5.963 5.936 5.894 5.848 5.808 5.776 5.757
-99.000 -99.000 -99.000 -99.000 -99.000 -99.000 -99.000 -99.000 -99.000 -99.000 -99.000 -99.000 -99.000 -99.000 -99.000 -99.000 -99.000 -99.000 -99.000 -99.000 -99.000 -99.000 -99.000 -99.000 -99.000 -99.000 -99.000 1.645 1.659 1.742 1.933 2.223 2.589 3.007 3.450 3.889 4.289 4.611 4.834 4.982 5.099 5.197 5.278 5.344 5.396 5.445 5.487 5.526 5.576 5.629 5.729 5.815 5.833 5.841 5.834 5.825 5.814 5.797 5.781 5.760 5.832 5.915 5.917 5.898 5.865 5.839 5.817 5.799 5.792
-99.000 -99.000 -99.000 -99.000 -99.000 -99.000 -99.000 -99.000 -99.000 -99.000 -99.000 -99.000 -99.000 -99.000 -99.000 -99.000 -99.000 -99.000 -99.000 -99.000 -99.000 -99.000 -99.000 -99.000 -99.000 -99.000 1.644 1.646 1.680 1.810 2.044 2.369 2.761 3.193 3.636 4.062 4.428 4.697 4.881 5.007 5.118 5.218 5.298 5.364 5.418 5.471 5.515 5.558 5.607 5.655 5.753 5.839 5.851 5.849 5.835 5.818 5.794 5.766 5.744 5.720 5.787 5.869 5.876 5.865 5.849 5.837 5.829 5.825 5.829
-99.000 -99.000 -99.000 -99.000 -99.000 -99.000 -99.000 -99.000 -99.000 -99.000 -99.000 -99.000 -99.000 -99.000 -99.000 -99.000 -99.000 -99.000 -99.000 -99.000 -99.000 -99.000 -99.000 -99.000 -99.000 -99.000 1.644 1.652 1.720 1.897 2.171 2.529 2.942 3.383 3.823 4.226 4.542 4.761 4.914 5.021 5.126 5.226 5.304 5.371 5.428 5.483 5.530 5.574 5.622 5.666 5.764 5.848 5.852 5.846 5.828 5.806 5.776 5.737 5.706 5.683 5.748 5.827 5.841 5.843 5.839 5.837 5.843 5.849 5.857
-99.000 -99.000 -99.000 -99.000 -99.000 -99.000 -99.000 -99.000 -99.000 -99.000 -99.000 -99.000 -99.000 -99.000 -99.000 -99.000 -99.000 -99.000 -99.000 -99.000 -99.000 -99.000 -99.000 -99.000 -99.000 -99.000 1.645 1.668 1.780 2.003 2.313 2.699 3.129 3.577 4.007 4.374 4.634 4.814 4.942 5.028 5.124 5.221 5.296 5.363 5.419 5.475 5.524 5.568 5.616 5.655 5.751 5.832 5.831 5.824 5.805 5.782 5.747 5.699 5.664 5.643 5.705 5.785 5.807 5.820 5.824 5.835 5.851 5.861 5.872
-99.000 -99.000 -99.000 -99.000 -99.000 -99.000 -99.000 -99.000 -99.000 -99.000 -99.000 -99.000 -99.000 -99.000 -99.000 -99.000 -99.000 -99.000 -99.000 -99.000 -99.000 -99.000 -99.000 -99.000 -99.000 1.644 1.648 1.699 1.857 2.120 2.463 2.873 3.317 3.767 4.178 4.497 4.716 4.868 4.975 5.042 5.129 5.224 5.295 5.358 5.412 5.465 5.509 5.552 5.598 5.631 5.724 5.803 5.803 5.796 5.780 5.760 5.725 5.675 5.637 5.616 5.678 5.760 5.787 5.805 5.816 5.834 5.853 5.866 5.878
-99.000 -99.000 -99.000 -99.000 -99.000 -99.000 -99.000 -99.000 -99.000 -99.000 -99.000 -99.000 -99.000 -99.000 -99.000 -99.000 -99.000 -99.000 -99.000 -99.000 -99.000 -99.000 -99.000 -99.000 -99.000 1.644 1.658 1.748 1.952 2.253 2.624 3.054 3.507 3.951 4.336 4.614 4.804 4.939 5.029 5.082 5.170 5.268 5.335 5.392 5.439 5.482 5.517 5.556 5.596 5.618 5.708 5.791 5.792 5.786 5.774 5.758 5.721 5.666 5.622 5.604 5.666 5.746 5.775 5.794 5.811 5.833 5.852 5.866 5.878
-99.000 -99.000 -99.000 -99.000 -99.000 -99.000 -99.000 -99.000 -99.000 -99.000 -99.000 -99.000 -99.000 -99.000 -99.000 -99.000 -99.000 -99.000 -99.000 -99.000 -99.000 -99.000 -99.000 -99.000 1.644 1.645 1.680 1.814 2.061 2.398 2.794 3.240 3.694 4.123 4.467 4.706 4.875 5.000 5.075 5.124 5.220 5.324 5.387 5.440 5.478 5.508 5.534 5.566 5.592 5.604 5.694 5.779 5.780 5.777 5.766 5.746 5.709 5.644 5.602 5.594 5.655 5.732 5.761 5.782 5.801 5.822 5.843 5.857 5.865
-99.000 -99.000 -99.000 -99.000 -99.000 -99.000 -99.000 -99.000 -99.000 -99.000 -99.000 -99.000 -99.000 -99.000 -99.000 -99.000 -99.000 -99.000 -99.000 -99.000 -99.000 -99.000 -99.000 -99.000 1.644 1.651 1.719 1.898 2.182 2.548 2.965 3.420 3.871 4.274 4.572 4.780 4.929 5.034 5.103 5.159 5.265 5.376 5.440 5.490 5.516 5.537 5.552 5.563 5.576 5.585 5.673 5.758 5.760 5.758 5.743 5.719 5.677 5.623 5.598 5.588 5.643 5.720 5.750 5.770 5.785 5.807 5.827 5.838 5.843
-99.000 -99.000 -99.000 -99.000 -99.000 -99.000 -99.000 -99.000 -99.000 -99.000 -99.000 -99.000 -99.000 -99.000 -99.000 -99.000 -99.000 -99.000 -99.000 -99.000 -99.000 -99.000 -99.000 -99.000 1.645 1.666 1.774 1.995 2.312 2.702 3.132 3.587 4.026 4.391 4.647 4.829 4.958 5.049 5.120 5.183 5.300 5.419 5.483 5.525 5.543 5.552 5.550 5.547 5.552 5.554 5.640 5.725 5.730 5.727 5.711 5.687 5.651 5.614 5.593 5.580 5.633 5.711 5.739 5.754 5.767 5.786 5.803 5.812 5.815
-99.000 -99.000 -99.000 -99.000 -99.000 -99.000 -99.000 -99.000 -99.000 -99.000 -99.000 -99.000 -99.000 -99.000 -99.000 -99.000 -99.000 -99.000 -99.000 -99.000 -99.000 -99.000 -99.000 1.644 1.648 1.694 1.844 2.102 2.449 2.859 3.297 3.750 4.166 4.485 4.706 4.862 4.976 5.061 5.135 5.206 5.332 5.456 5.514 5.549 5.556 5.551 5.536 5.521 5.518 5.517 5.601 5.688 5.696 5.696 5.682 5.662 5.637 5.607 5.586 5.573 5.628 5.705 5.728 5.739 5.747 5.761 5.776 5.783 5.783
-99.000 -99.000 -99.000 -99.000 -99.000 -99.000 -99.000 -99.000 -99.000 -99.000 -99.000 -99.000 -99.000 -99.000 -99.000 -99.000 -99.000 -99.000 -99.000 -99.000 -99.000 -99.000 -99.000 1.644 1.656 1.737 1.930 2.222 2.593 3.016 3.458 3.902 4.286 4.560 4.748 4.883 4.986 5.072 5.154 5.229 5.360 5.485 5.536 5.561 5.556 5.540 5.517 5.493 5.486 5.482 5.564 5.653 5.666 5.671 5.661 5.649 5.627 5.599 5.582 5.570 5.623 5.698 5.719 5.724 5.726 5.736 5.747 5.753 5.754
-99.000 -99.000 -99.000 -99.000 -99.000 -99.000 -99.000 -99.000 -99.000 -99.000 -99.000 -99.000 -99.000 -99.000 -99.000 -99.000 -99.000 -99.000 -99.000 -99.000 -99.000 -99.000 -99.000 1.646 1.675 1.797 2.029 2.351 2.743 3.176 3.619 4.045 4.382 4.615 4.772 4.891 4.991 5.084 5.174 5.250 5.386 5.509 5.550 5.563 5.550 5.528 5.498 5.470 5.457 5.450 5.533 5.626 5.645 5.654 5.651 5.641 5.620 5.595 5.579 5.565 5.617 5.691 5.710 5.710 5.707 5.712 5.721 5.728 5.730
-99.000 -99.000 -99.000 -99.000 -99.000 -99.000 -99.000 -99.000 -99.000 -99.000 -99.000 -99.000 -99.000 -99.000 -99.000 -99.000 -99.000 -99.000 -99.000 -99.000 -99.000 -99.000 1.644 1.650 1.709 1.873 2.141 2.490 2.901 3.344 3.780 4.176 4.463 4.657 4.790 4.899 5.003 5.106 5.200 5.276 5.411 5.529 5.555 5.560 5.542 5.516 5.483 5.449 5.431 5.425 5.511 5.607 5.630 5.646 5.644 5.633 5.615 5.590 5.571 5.557 5.610 5.684 5.702 5.699 5.693 5.693 5.700 5.709 5.710
-99.000 -99.000 -99.000 -99.000 -99.000 -99.000 -99.000 -99.000 -99.000 -99.000 -99.000 -99.000 -99.000 -99.000 -99.000 -99.000 -99.000 -99.000 -99.000 -99.000 -99.000 -99.000 1.645 1.662 1.758 1.964 2.265 2.639 3.064 3.511 3.933 4.287 4.531 4.694 4.809 4.917 5.030 5.141 5.235 5.302 5.430 5.535 5.549 5.547 5.526 5.500 5.464 5.426 5.408 5.404 5.490 5.590 5.618 5.634 5.633 5.625 5.606 5.578 5.558 5.545 5.598 5.673 5.692 5.689 5.679 5.678 5.685 5.693 5.694
-99.000 -99.000 -99.000 -99.000 -99.000 -99.000 -99.000 -99.000 -99.000 -99.000 -99.000 -99.000 -99.000 -99.000 -99.000 -99.000 -99.000 -99.000 -99.000 -99.000 -99.000 1.644 1.647 1.685 1.824 2.067 2.397 2.791 3.224 3.664 4.061 4.373 4.582 4.723 4.833 4.948 5.068 5.178 5.267 5.321 5.438 5.533 5.540 5.535 5.514 5.490 5.455 5.417 5.397 5.395 5.484 5.586 5.614 5.627 5.625 5.618 5.597 5.569 5.548 5.535 5.588 5.666 5.689 5.688 5.678 5.675 5.679 5.684 5.684
-99.000 -99.000 -99.000 -99.000 -99.000 -99.000 -99.000 -99.000 -99.000 -99.000 -99.000 -99.000 -99.000 -99.000 -99.000 -99.000 -99.000 -99.000 -99.000 -99.000 -99.000 1.644 1.653 1.723 1.903 2.181 2.536 2.945 3.379 3.804 4.164 4.438 4.624 4.759 4.877 5.002 5.125 5.234 5.315 5.354 5.462 5.551 5.554 5.547 5.528 5.504 5.467 5.426 5.404 5.403 5.493 5.594 5.621 5.630 5.627 5.619 5.597 5.568 5.545 5.531 5.587 5.670 5.697 5.697 5.688 5.683 5.682 5.687 5.687
-99.000 -99.000 -99.000 -99.000 -99.000 -99.000 -99.000 -99.000 -99.000 -99.000 -99.000 -99.000 -99.000 -99.000 -99.000 -99.000 -99.000 -99.000 -99.000 -99.000 -99.000 1.645 1.668 1.776 1.994 2.301 2.678 3.095 3.527 3.931 4.257 4.503 4.677 4.817 4.947 5.073 5.192 5.300 5.361 5.388 5.492 5.578 5.576 5.568 5.546 5.518 5.480 5.433 5.415 5.421 5.510 5.611 5.632 5.638 5.634 5.621 5.599 5.567 5.544 5.532 5.591 5.678 5.709 5.713 5.707 5.699 5.697 5.706 5.698
-99.000 -99.000 -99.000 -99.000 -99.000 -99.000 -99.000 -99.000 -99.000 -99.000 -99.000 -99.000 -99.000 -99.000 -99.000 -99.000 -99.000 -99.000 -99.000 -99.000 1.644 1.648 1.693 1.841 2.094 2.427 2.819 3.240 3.661 4.045 4.345 4.570 4.739 4.882 5.011 5.134 5.245 5.329 5.380 5.411 5.512 5.595 5.593 5.584 5.556 5.526 5.489 5.455 5.449 5.449 5.534 5.633 5.652 5.652 5.640 5.625 5.601 5.571 5.554 5.542 5.600 5.692 5.731 5.741 5.736 5.731 5.731 5.728 5.703
-99.000 -99.000 -99.000 -99.000 -99.000 -99.000 -99.000 -99.000 -99.000 -99.000 -99.000 -99.000 -99.000 -99.000 -99.000 -99.000 -99.000 -99.000 -99.000 -99.000 1.644 1.656 1.733 1.920 2.203 2.558 2.959 3.377 3.783 4.145 4.418 4.626 4.788 4.925 5.046 5.160 5.259 5.333 5.387 5.417 5.520 5.604 5.605 5.595 5.568 5.542 5.515 5.495 5.488 5.482 5.565 5.663 5.676 5.668 5.651 5.634 5.611 5.588 5.572 5.557 5.617 5.718 5.764 5.777 5.775 5.771 5.762 5.742 5.706
-99.000 -99.000 -99.000 -99.000 -99.000 -99.000 -99.000 -99.000 -99.000 -99.000 -99.000 -99.000 -99.000 -99.000 -99.000 -99.000 -99.000 -99.000 -99.000 -99.000 1.645 1.672 1.788 2.012 2.323 2.695 3.101 3.512 3.905 4.242 4.486 4.674 4.823 4.949 5.062 5.168 5.264 5.337 5.389 5.422 5.528 5.616 5.618 5.612 5.591 5.572 5.555 5.539 5.530 5.522 5.603 5.699 5.705 5.692 5.671 5.652 5.633 5.614 5.597 5.582 5.645 5.752 5.801 5.817 5.816 5.805 5.784 5.752 5.705
-99.000 -99.000 -99.000 -99.000 -99.000 -99.000 -99.000 -99.000 -99.000 -99.000 -99.000 -99.000 -99.000 -99.000 -99.000 -99.000 -99.000 -99.000 -99.000 1.644 1.649 1.702 1.859 2.116 2.451 2.836 3.244 3.647 4.024 4.328 4.544 4.710 4.845 4.961 5.066 5.171 5.269 5.340 5.392 5.426 5.535 5.627 5.634 5.635 5.621 5.612 5.601 5.587 5.580 5.567 5.644 5.739 5.743 5.724 5.700 5.682 5.665 5.646 5.632 5.615 5.678 5.787 5.838 5.855 5.849 5.831 5.801 5.756 5.702
-99.000 -99.000 -99.000 -99.000 -99.000 -99.000 -99.000 -99.000 -99.000 -99.000 -99.000 -99.000 -99.000 -99.000 -99.000 -99.000 -99.000 -99.000 -99.000 1.644 1.659 1.748 1.945 2.234 2.591 2.986 3.391 3.782 4.132 4.399 4.587 4.733 4.856 4.965 5.068 5.175 5.271 5.342 5.394 5.429 5.543 5.641 5.656 5.663 5.659 5.658 5.651 5.640 5.632 5.614 5.689 5.785 5.788 5.766 5.741 5.722 5.704 5.687 5.673 5.651 5.711 5.821 5.872 5.885 5.873 5.849 5.809 5.756 5.695
-99.000 -99.000 -99.000 -99.000 -99.000 -99.000 -99.000 -99.000 -99.000 -99.000 -99.000 -99.000 -99.000 -99.000 -99.000 -99.000 -99.000 -99.000 1.644 1.646 1.681 1.812 2.048 2.365 2.740 3.139 3.537 3.911 4.229 4.463 4.628 4.759 4.872 4.976 5.080 5.185 5.279 5.348 5.400 5.440 5.560 5.663 5.681 5.696 5.701 5.706 5.705 5.695 5.682 5.662 5.738 5.836 5.839 5.816 5.789 5.767 5.749 5.732 5.713 5.684 5.741 5.851 5.897 5.905 5.888 5.856 5.811 5.751 5.683
-99.000 -99.000 -99.000 -99.000 -99.000 -99.000 -99.000 -99.000 -99.000 -99.000 -99.000 -99.000 -99.000 -99.000 -99.000 -99.000 -99.000 -99.000 1.644 1.652 1.719 1.893 2.164 2.507 2.894 3.293 3.681 4.035 4.319 4.526 4.672 4.790 4.897 4.999 5.100 5.200 5.290 5.358 5.414 5.456 5.579 5.684 5.706 5.728 5.741 5.754 5.756 5.744 5.731 5.710 5.785 5.885 5.890 5.867 5.837 5.813 5.792 5.770 5.747 5.712 5.763 5.867 5.908 5.911 5.887 5.851 5.800 5.732 5.659
-99.000 -99.000 -99.000 -99.000 -99.000 -99.000 -99.000 -99.000 -99.000 -99.000 -99.000 -99.000 -99.000 -99.000 -99.000 -99.000 -99.000 -99.000 1.645 1.668 1.776 1.992 2.295 2.659 3.055 3.449 3.822 4.147 4.397 4.581 4.711 4.820 4.923 5.021 5.116 5.208 5.290 5.360 5.423 5.468 5.591 5.698 5.726 5.754 5.775 5.794 5.798 5.788 5.775 5.752 5.828 5.932 5.941 5.917 5.885 5.858 5.831 5.804 5.776 5.732 5.775 5.873 5.909 5.906 5.877 5.836 5.781 5.711 5.636
-99.000 -99.000 -99.000 -99.000 -99.000 -99.000 -99.000 -99.000 -99.000 -99.000 -99.000 -99.000 -99.000 -99.000 -99.000 -99.000 -99.000 1.644 1.649 1.698 1.851 2.105 2.437 2.819 3.217 3.603 3.957 4.248 4.468 4.630 4.746 4.846 4.944 5.035 5.122 5.208 5.289 5.368 5.440 5.481 5.603 5.712 5.743 5.776 5.806 5.832 5.839 5.832 5.819 5.793 5.872 5.982 5.994 5.972 5.939 5.907 5.873 5.841 5.808 5.752 5.784 5.878 5.909 5.900 5.867 5.823 5.765 5.692 5.615
