version2/TsunamiDB/out54163.asc
ncols          264
nrows          230
xllcorner      497853.4375
yllcorner      4229146.0000
cellsize         5.
NODATA_value   -99
[rows 34 to 67 of 230, columns 0 to 76 of 264]
5.376 5.387 5.398 5.409 5.420 5.430 5.440 5.451 5.461 5.471 5.481 5.490 5.500 5.510 5.520 5.528 5.537 5.545 5.554 5.563 5.572 5.582 5.591 5.600 5.609 5.619 5.628 5.638 5.647 5.657 5.666 5.676 5.686 5.695 5.705 5.715 5.725 5.735 5.743 5.752 5.760 5.769 5.777 5.786 5.795 5.803 5.812 5.820 5.829 5.837 5.846 5.854 5.862 5.871 5.879 5.887 5.895 5.904 5.912 5.921 5.930 5.937 5.944 5.952 5.959 5.966 5.974 5.981 5.989 5.996 6.004 6.012 6.019 6.027 6.035 6.043 6.051
5.390 5.401 5.412 5.423 5.433 5.444 5.454 5.464 5.474 5.484 5.494 5.504 5.513 5.523 5.532 5.541 5.549 5.557 5.566 5.575 5.584 5.592 5.601 5.610 5.619 5.628 5.638 5.647 5.656 5.665 5.675 5.684 5.693 5.703 5.712 5.722 5.732 5.741 5.750 5.758 5.767 5.775 5.784 5.792 5.801 5.809 5.818 5.826 5.835 5.843 5.851 5.860 5.868 5.876 5.884 5.892 5.901 5.909 5.917 5.926 5.934 5.941 5.949 5.956 5.963 5.970 5.978 5.985 5.992 6.000 6.007 6.015 6.022 6.030 6.037 6.045 6.053
5.403 5.414 5.425 5.436 5.447 5.457 5.468 5.478 5.488 5.498 5.508 5.517 5.527 5.537 5.546 5.554 5.562 5.570 5.579 5.587 5.596 5.604 5.613 5.621 5.630 5.639 5.648 5.657 5.665 5.674 5.683 5.692 5.702 5.711 5.720 5.730 5.739 5.748 5.757 5.765 5.773 5.782 5.790 5.798 5.807 5.815 5.824 5.832 5.841 5.849 5.857 5.865 5.873 5.882 5.890 5.898 5.906 5.914 5.922 5.931 5.939 5.946 5.953 5.960 5.967 5.974 5.982 5.989 5.996 6.003 6.011 6.018 6.025 6.033 6.040 6.048 6.055
5.415 5.427 5.438 5.449 5.460 5.471 5.481 5.491 5.502 5.512 5.521 5.531 5.541 5.550 5.559 5.567 5.575 5.584 5.592 5.600 5.608 5.617 5.625 5.633 5.642 5.650 5.659 5.667 5.676 5.684 5.693 5.702 5.711 5.719 5.728 5.738 5.747 5.756 5.764 5.772 5.780 5.788 5.797 5.805 5.813 5.822 5.830 5.838 5.847 5.855 5.863 5.871 5.879 5.887 5.895 5.903 5.911 5.919 5.928 5.936 5.944 5.951 5.958 5.965 5.972 5.979 5.986 5.993 6.000 6.007 6.014 6.021 6.029 6.036 6.043 6.050 6.058
5.428 5.439 5.451 5.462 5.473 5.484 5.494 5.505 5.515 5.525 5.535 5.545 5.555 5.564 5.573 5.581 5.589 5.597 5.605 5.614 5.622 5.630 5.638 5.646 5.654 5.662 5.671 5.679 5.687 5.695 5.703 5.712 5.720 5.729 5.738 5.746 5.756 5.764 5.772 5.780 5.788 5.796 5.804 5.812 5.820 5.828 5.836 5.845 5.853 5.861 5.869 5.877 5.885 5.893 5.901 5.909 5.917 5.925 5.933 5.941 5.949 5.956 5.963 5.970 5.977 5.983 5.990 5.997 6.004 6.011 6.018 6.025 6.032 6.039 6.047 6.054 6.061
5.439 5.451 5.463 5.474 5.485 5.496 5.507 5.518 5.528 5.538 5.548 5.558 5.568 5.578 5.587 5.595 5.603 5.611 5.619 5.628 5.636 5.644 5.652 5.660 5.668 5.675 5.683 5.691 5.699 5.707 5.715 5.723 5.731 5.739 5.748 5.756 5.765 5.773 5.781 5.788 5.796 5.803 5.811 5.819 5.827 5.835 5.843 5.851 5.859 5.867 5.875 5.883 5.891 5.899 5.907 5.915 5.923 5.930 5.938 5.947 5.954 5.961 5.968 5.975 5.981 5.988 5.995 6.002 6.009 6.016 6.022 6.029 6.036 6.043 6.050 6.057 6.064
5.450 5.462 5.474 5.486 5.497 5.508 5.519 5.530 5.541 5.551 5.561 5.572 5.582 5.592 5.601 5.609 5.617 5.625 5.634 5.642 5.650 5.658 5.666 5.674 5.681 5.689 5.697 5.704 5.712 5.720 5.727 5.735 5.743 5.751 5.759 5.767 5.775 5.783 5.790 5.797 5.805 5.812 5.820 5.827 5.835 5.843 5.851 5.858 5.866 5.874 5.882 5.890 5.898 5.905 5.913 5.921 5.928 5.936 5.944 5.952 5.960 5.966 5.973 5.980 5.987 5.993 6.000 6.007 6.013 6.020 6.027 6.034 6.041 6.047 6.054 6.061 6.068
5.461 5.473 5.485 5.497 5.508 5.520 5.531 5.542 5.553 5.563 5.574 5.584 5.595 5.605 5.614 5.623 5.631 5.639 5.648 5.656 5.664 5.672 5.680 5.688 5.696 5.703 5.711 5.718 5.726 5.733 5.741 5.748 5.755 5.763 5.771 5.778 5.786 5.794 5.801 5.807 5.814 5.821 5.829 5.836 5.843 5.851 5.859 5.866 5.874 5.881 5.889 5.897 5.904 5.912 5.919 5.927 5.935 5.942 5.950 5.958 5.965 5.972 5.979 5.985 5.992 5.998 6.005 6.012 6.018 6.025 6.031 6.038 6.045 6.052 6.058 6.065 6.072
5.471 5.484 5.496 5.507 5.519 5.531 5.542 5.553 5.564 5.575 5.586 5.597 5.607 5.617 5.627 5.636 5.644 5.653 5.661 5.670 5.678 5.686 5.694 5.702 5.710 5.718 5.725 5.733 5.740 5.747 5.755 5.762 5.769 5.776 5.783 5.791 5.799 5.806 5.812 5.819 5.825 5.832 5.839 5.846 5.853 5.860 5.867 5.875 5.882 5.889 5.897 5.904 5.912 5.919 5.926 5.934 5.941 5.949 5.956 5.964 5.971 5.978 5.984 5.991 5.997 6.004 6.010 6.017 6.023 6.030 6.036 6.043 6.049 6.056 6.063 6.069 6.076
5.481 5.494 5.506 5.518 5.530 5.541 5.553 5.564 5.575 5.586 5.597 5.608 5.619 5.630 5.639 5.648 5.657 5.666 5.674 5.683 5.692 5.700 5.708 5.716 5.724 5.732 5.740 5.747 5.755 5.762 5.769 5.776 5.783 5.790 5.797 5.804 5.812 5.819 5.825 5.831 5.837 5.843 5.850 5.856 5.863 5.870 5.877 5.884 5.891 5.898 5.905 5.912 5.919 5.927 5.934 5.941 5.948 5.955 5.963 5.970 5.978 5.984 5.990 5.997 6.003 6.009 6.016 6.022 6.028 6.035 6.041 6.048 6.054 6.061 6.067 6.074 6.080
5.491 5.503 5.515 5.528 5.539 5.551 5.563 5.574 5.586 5.597 5.608 5.619 5.630 5.641 5.651 5.660 5.669 5.678 5.687 5.696 5.705 5.713 5.722 5.730 5.738 5.746 5.754 5.762 5.769 5.776 5.784 5.791 5.798 5.805 5.812 5.819 5.826 5.832 5.838 5.844 5.850 5.856 5.862 5.868 5.874 5.881 5.887 5.894 5.901 5.908 5.914 5.921 5.928 5.935 5.942 5.949 5.956 5.963 5.970 5.977 5.984 5.991 5.997 6.003 6.009 6.015 6.021 6.028 6.034 6.040 6.047 6.053 6.059 6.066 6.072 6.079 6.085
5.500 5.513 5.525 5.537 5.549 5.561 5.573 5.584 5.596 5.607 5.618 5.630 5.641 5.652 5.662 5.671 5.680 5.690 5.699 5.708 5.717 5.726 5.735 5.744 5.752 5.760 5.768 5.776 5.784 5.791 5.798 5.805 5.812 5.819 5.826 5.833 5.840 5.847 5.852 5.858 5.863 5.869 5.875 5.881 5.887 5.893 5.899 5.905 5.912 5.918 5.925 5.931 5.938 5.944 5.951 5.957 5.964 5.971 5.978 5.985 5.992 5.998 6.004 6.009 6.015 6.021 6.027 6.034 6.040 6.046 6.052 6.058 6.065 6.071 6.077 6.083 6.090
5.509 5.522 5.534 5.546 5.558 5.570 5.582 5.594 5.605 5.617 5.628 5.640 5.651 5.662 5.672 5.682 5.691 5.701 5.710 5.720 5.729 5.738 5.747 5.756 5.765 5.773 5.782 5.790 5.798 5.805 5.813 5.820 5.827 5.834 5.841 5.848 5.855 5.862 5.867 5.872 5.878 5.883 5.889 5.894 5.900 5.906 5.912 5.918 5.924 5.930 5.936 5.942 5.948 5.954 5.960 5.967 5.973 5.980 5.986 5.993 6.000 6.005 6.011 6.017 6.022 6.028 6.034 6.040 6.046 6.052 6.058 6.064 6.070 6.076 6.082 6.089 6.095
5.518 5.531 5.543 5.555 5.568 5.579 5.591 5.603 5.615 5.626 5.638 5.649 5.661 5.672 5.682 5.692 5.701 5.711 5.721 5.731 5.740 5.750 5.759 5.768 5.777 5.786 5.794 5.803 5.811 5.819 5.827 5.834 5.842 5.849 5.856 5.863 5.870 5.877 5.882 5.887 5.893 5.898 5.903 5.909 5.914 5.920 5.926 5.931 5.937 5.942 5.948 5.954 5.960 5.965 5.971 5.977 5.983 5.989 5.996 6.002 6.008 6.014 6.019 6.025 6.030 6.036 6.041 6.047 6.053 6.058 6.064 6.070 6.076 6.082 6.088 6.094 6.100
5.527 5.540 5.552 5.564 5.576 5.588 5.600 5.612 5.624 5.636 5.647 5.659 5.671 5.682 5.691 5.701 5.711 5.721 5.731 5.741 5.751 5.760 5.770 5.779 5.789 5.798 5.806 5.815 5.824 5.832 5.840 5.848 5.855 5.863 5.870 5.878 5.885 5.892 5.897 5.902 5.908 5.913 5.919 5.924 5.929 5.935 5.940 5.945 5.951 5.956 5.961 5.967 5.972 5.978 5.983 5.989 5.994 6.000 6.006 6.012 6.018 6.023 6.028 6.033 6.038 6.044 6.049 6.054 6.060 6.065 6.071 6.077 6.083 6.088 6.094 6.100 6.106
5.536 5.549 5.561 5.573 5.585 5.597 5.609 5.621 5.633 5.644 5.656 5.668 5.680 5.691 5.701 5.711 5.721 5.731 5.741 5.751 5.761 5.771 5.780 5.790 5.799 5.809 5.818 5.827 5.835 5.844 5.852 5.861 5.869 5.876 5.884 5.892 5.900 5.906 5.912 5.917 5.923 5.928 5.934 5.939 5.944 5.950 5.955 5.960 5.965 5.970 5.976 5.981 5.986 5.991 5.996 6.001 6.007 6.012 6.018 6.024 6.029 6.034 6.038 6.043 6.048 6.053 6.058 6.063 6.068 6.073 6.079 6.084 6.089 6.095 6.101 6.106 6.112
5.545 5.558 5.570 5.582 5.594 5.606 5.618 5.630 5.642 5.653 5.665 5.677 5.688 5.699 5.709 5.720 5.730 5.740 5.750 5.760 5.770 5.780 5.790 5.800 5.810 5.819 5.828 5.838 5.847 5.856 5.864 5.873 5.881 5.889 5.898 5.906 5.913 5.920 5.926 5.932 5.938 5.943 5.949 5.954 5.960 5.965 5.970 5.975 5.981 5.986 5.990 5.995 6.000 6.005 6.010 6.015 6.020 6.025 6.030 6.036 6.041 6.045 6.049 6.054 6.058 6.063 6.067 6.072 6.077 6.082 6.087 6.092 6.097 6.102 6.108 6.113 6.119
5.554 5.566 5.579 5.591 5.603 5.615 5.627 5.638 5.650 5.662 5.674 5.685 5.697 5.708 5.718 5.728 5.738 5.749 5.759 5.769 5.779 5.789 5.800 5.809 5.819 5.829 5.839 5.848 5.857 5.866 5.875 5.884 5.893 5.901 5.910 5.918 5.926 5.933 5.939 5.946 5.952 5.958 5.964 5.969 5.975 5.980 5.986 5.991 5.996 6.001 6.006 6.011 6.015 6.020 6.025 6.029 6.034 6.039 6.044 6.049 6.054 6.057 6.061 6.065 6.069 6.074 6.078 6.082 6.087 6.091 6.096 6.101 6.106 6.111 6.116 6.121 6.126
5.563 5.575 5.587 5.600 5.612 5.623 5.635 5.647 5.659 5.670 5.682 5.694 5.705 5.716 5.727 5.737 5.747 5.757 5.767 5.778 5.788 5.798 5.808 5.819 5.828 5.838 5.848 5.858 5.867 5.876 5.886 5.895 5.904 5.913 5.921 5.930 5.938 5.945 5.952 5.959 5.965 5.972 5.978 5.984 5.989 5.995 6.001 6.006 6.011 6.016 6.021 6.026 6.031 6.036 6.040 6.045 6.049 6.054 6.059 6.064 6.067 6.071 6.075 6.078 6.082 6.086 6.090 6.093 6.098 6.102 6.106 6.111 6.115 6.120 6.124 6.129 6.134
5.572 5.584 5.596 5.608 5.620 5.632 5.644 5.656 5.667 5.679 5.690 5.702 5.714 5.725 5.735 5.745 5.755 5.766 5.776 5.786 5.797 5.807 5.817 5.827 5.837 5.847 5.857 5.867 5.877 5.886 5.895 5.905 5.914 5.923 5.932 5.941 5.950 5.957 5.964 5.971 5.978 5.985 5.991 5.997 6.003 6.009 6.015 6.021 6.026 6.032 6.037 6.042 6.046 6.051 6.056 6.060 6.065 6.069 6.074 6.079 6.082 6.086 6.089 6.092 6.095 6.099 6.102 6.106 6.110 6.113 6.117 6.121 6.125 6.130 6.134 6.138 6.143
5.581 5.593 5.605 5.617 5.629 5.641 5.652 5.664 5.676 5.687 5.699 5.710 5.722 5.733 5.743 5.753 5.763 5.774 5.784 5.794 5.805 5.815 5.825 5.836 5.846 5.856 5.866 5.876 5.885 5.895 5.905 5.914 5.924 5.933 5.942 5.951 5.960 5.968 5.975 5.983 5.990 5.997 6.004 6.010 6.017 6.023 6.029 6.035 6.041 6.046 6.052 6.057 6.062 6.067 6.071 6.076 6.081 6.085 6.090 6.094 6.098 6.101 6.104 6.107 6.110 6.113 6.116 6.119 6.123 6.126 6.130 6.133 6.137 6.141 6.145 6.149 6.153
5.590 5.602 5.614 5.626 5.637 5.649 5.661 5.672 5.684 5.695 5.707 5.718 5.730 5.741 5.751 5.761 5.771 5.781 5.792 5.802 5.813 5.823 5.833 5.844 5.854 5.864 5.874 5.884 5.894 5.904 5.913 5.923 5.933 5.942 5.952 5.961 5.970 5.978 5.986 5.993 6.001 6.008 6.015 6.022 6.029 6.036 6.042 6.048 6.055 6.060 6.066 6.072 6.077 6.082 6.087 6.092 6.096 6.101 6.106 6.110 6.113 6.117 6.120 6.122 6.125 6.128 6.131 6.134 6.137 6.140 6.143 6.146 6.150 6.153 6.157 6.160 6.164
5.599 5.611 5.623 5.634 5.646 5.658 5.669 5.681 5.692 5.703 5.715 5.726 5.738 5.749 5.759 5.769 5.779 5.789 5.800 5.810 5.820 5.831 5.841 5.851 5.862 5.872 5.882 5.892 5.902 5.912 5.922 5.931 5.941 5.951 5.960 5.970 5.979 5.987 5.995 6.003 6.011 6.019 6.026 6.033 6.041 6.048 6.054 6.061 6.067 6.074 6.080 6.085 6.091 6.096 6.102 6.107 6.112 6.117 6.121 6.126 6.129 6.132 6.135 6.138 6.141 6.144 6.147 6.149 6.152 6.155 6.158 6.161 6.164 6.167 6.170 6.173 6.176
5.608 5.620 5.631 5.643 5.655 5.666 5.677 5.689 5.700 5.712 5.723 5.734 5.746 5.756 5.766 5.776 5.787 5.797 5.807 5.817 5.828 5.838 5.848 5.859 5.869 5.879 5.889 5.899 5.909 5.919 5.929 5.939 5.949 5.959 5.969 5.978 5.988 5.996 6.004 6.012 6.020 6.028 6.036 6.044 6.051 6.058 6.066 6.073 6.079 6.086 6.092 6.099 6.104 6.110 6.116 6.121 6.126 6.131 6.137 6.141 6.145 6.148 6.151 6.154 6.157 6.160 6.163 6.165 6.168 6.170 6.173 6.176 6.178 6.181 6.184 6.187 6.190
5.617 5.628 5.640 5.652 5.663 5.674 5.686 5.697 5.708 5.720 5.731 5.742 5.753 5.764 5.774 5.784 5.794 5.804 5.814 5.825 5.835 5.845 5.856 5.866 5.876 5.886 5.897 5.907 5.917 5.927 5.937 5.947 5.957 5.966 5.976 5.986 5.996 6.004 6.013 6.021 6.029 6.037 6.045 6.053 6.061 6.069 6.076 6.083 6.090 6.097 6.104 6.111 6.117 6.123 6.129 6.135 6.140 6.146 6.151 6.156 6.160 6.164 6.167 6.170 6.173 6.176 6.179 6.181 6.184 6.186 6.189 6.191 6.194 6.196 6.199 6.201 6.204
5.625 5.637 5.649 5.660 5.671 5.683 5.694 5.705 5.716 5.727 5.739 5.750 5.761 5.772 5.781 5.791 5.801 5.811 5.822 5.832 5.842 5.852 5.863 5.873 5.883 5.893 5.903 5.914 5.924 5.934 5.944 5.954 5.964 5.974 5.984 5.994 6.003 6.012 6.020 6.029 6.037 6.046 6.054 6.062 6.070 6.078 6.086 6.093 6.101 6.108 6.115 6.122 6.128 6.135 6.141 6.147 6.153 6.159 6.165 6.170 6.174 6.178 6.182 6.185 6.189 6.192 6.195 6.197 6.200 6.203 6.205 6.208 6.210 6.212 6.215 6.217 6.219
5.634 5.646 5.657 5.668 5.680 5.691 5.702 5.713 5.724 5.735 5.746 5.758 5.769 5.779 5.789 5.798 5.808 5.818 5.829 5.839 5.849 5.859 5.869 5.880 5.890 5.900 5.910 5.920 5.930 5.940 5.950 5.960 5.970 5.980 5.990 6.001 6.010 6.019 6.028 6.036 6.045 6.053 6.062 6.070 6.078 6.086 6.094 6.102 6.110 6.117 6.125 6.132 6.139 6.146 6.152 6.159 6.165 6.171 6.178 6.183 6.188 6.192 6.196 6.200 6.203 6.207 6.210 6.213 6.216 6.219 6.221 6.224 6.226 6.228 6.231 6.233 6.235
5.642 5.654 5.665 5.677 5.688 5.699 5.710 5.721 5.732 5.743 5.754 5.765 5.776 5.786 5.796 5.806 5.815 5.825 5.835 5.845 5.856 5.866 5.876 5.886 5.896 5.906 5.916 5.926 5.937 5.947 5.957 5.967 5.977 5.987 5.997 6.007 6.017 6.026 6.034 6.043 6.052 6.060 6.069 6.077 6.086 6.094 6.102 6.110 6.118 6.126 6.134 6.141 6.149 6.156 6.163 6.169 6.176 6.183 6.189 6.195 6.200 6.205 6.209 6.213 6.217 6.221 6.224 6.228 6.231 6.234 6.237 6.240 6.242 6.245 6.247 6.249 6.251
5.651 5.662 5.673 5.685 5.696 5.707 5.718 5.729 5.740 5.751 5.762 5.773 5.784 5.794 5.803 5.812 5.822 5.832 5.842 5.852 5.862 5.872 5.882 5.892 5.902 5.912 5.922 5.933 5.943 5.953 5.963 5.973 5.983 5.993 6.003 6.013 6.023 6.032 6.041 6.049 6.058 6.067 6.075 6.084 6.093 6.101 6.110 6.118 6.126 6.134 6.142 6.150 6.157 6.165 6.172 6.179 6.186 6.193 6.200 6.206 6.211 6.217 6.221 6.226 6.230 6.234 6.238 6.242 6.245 6.249 6.252 6.255 6.258 6.260 6.263 6.265 6.267
5.659 5.670 5.681 5.693 5.704 5.715 5.726 5.736 5.747 5.758 5.769 5.780 5.791 5.800 5.810 5.819 5.829 5.839 5.849 5.858 5.868 5.878 5.888 5.898 5.908 5.918 5.928 5.938 5.948 5.958 5.968 5.978 5.988 5.998 6.009 6.019 6.029 6.037 6.046 6.055 6.064 6.073 6.082 6.090 6.099 6.108 6.116 6.125 6.133 6.141 6.149 6.157 6.165 6.173 6.180 6.188 6.195 6.202 6.209 6.216 6.222 6.227 6.232 6.237 6.242 6.246 6.251 6.255 6.259 6.262 6.266 6.269 6.272 6.275 6.278 6.281 6.283
5.666 5.678 5.689 5.700 5.711 5.722 5.733 5.744 5.755 5.766 5.776 5.788 5.798 5.807 5.817 5.826 5.836 5.845 5.855 5.865 5.875 5.884 5.894 5.904 5.914 5.924 5.934 5.944 5.954 5.964 5.974 5.984 5.994 6.004 6.014 6.024 6.034 6.043 6.052 6.061 6.069 6.078 6.087 6.096 6.105 6.114 6.122 6.131 6.139 6.148 6.156 6.164 6.172 6.180 6.188 6.196 6.203 6.211 6.218 6.225 6.231 6.237 6.242 6.247 6.252 6.257 6.262 6.266 6.271 6.275 6.279 6.283 6.286 6.289 6.292 6.295 6.298
5.674 5.685 5.697 5.708 5.719 5.730 5.741 5.751 5.762 5.773 5.784 5.795 5.805 5.814 5.823 5.833 5.842 5.852 5.861 5.871 5.881 5.890 5.900 5.910 5.920 5.930 5.939 5.949 5.959 5.969 5.979 5.989 5.999 6.009 6.019 6.029 6.039 6.048 6.057 6.066 6.074 6.083 6.092 6.101 6.110 6.119 6.128 6.136 6.145 6.154 6.162 6.170 6.179 6.187 6.195 6.202 6.210 6.218 6.226 6.233 6.239 6.245 6.251 6.257 6.262 6.267 6.272 6.277 6.282 6.286 6.291 6.295 6.299 6.302 6.306 6.309 6.312
5.681 5.693 5.704 5.715 5.726 5.737 5.748 5.759 5.769 5.780 5.791 5.801 5.811 5.821 5.830 5.839 5.849 5.858 5.868 5.877 5.887 5.896 5.906 5.916 5.925 5.935 5.945 5.955 5.964 5.974 5.984 5.994 6.004 6.014 6.024 6.034 6.044 6.052 6.061 6.070 6.079 6.088 6.097 6.106 6.115 6.124 6.133 6.142 6.150 6.159 6.168 6.176 6.184 6.193 6.201 6.209 6.217 6.225 6.233 6.240 6.247 6.253 6.259 6.265 6.271 6.276 6.282 6.287 6.292 6.297 6.301 6.306 6.310 6.314 6.318 6.322 6.325
5.689 5.700 5.711 5.722 5.733 5.744 5.755 5.766 5.776 5.787 5.797 5.808 5.818 5.827 5.836 5.846 5.855 5.864 5.874 5.883 5.893 5.902 5.912 5.921 5.931 5.940 5.950 5.960 5.969 5.979 5.989 5.998 6.008 6.018 6.029 6.039 6.048 6.057 6.066 6.075 6.084 6.092 6.101 6.110 6.119 6.128 6.137 6.146 6.155 6.164 6.172 6.181 6.189 6.198 6.206 6.214 6.223 6.231 6.239 6.247 6.253 6.260 6.266 6.272 6.278 6.284 6.290 6.295 6.301 6.306 6.311 6.316 6.320 6.325 6.329 6.333 6.337
