version2/TsunamiDB/out54130.asc
ncols          264
nrows          230
xllcorner      497853.4375
yllcorner      4229146.0000
cellsize         5.
NODATA_value   -99
[rows 0 to 33 of 230, columns 77 to 153 of 264]
5.541 5.552 5.562 5.572 5.582 5.592 5.602 5.612 5.622 5.631 5.639 5.648 5.658 5.667 5.677 5.688 5.699 5.710 5.721 5.732 5.744 5.756 5.769 5.781 5.794 5.807 5.820 5.833 5.847 5.860 5.874 5.889 5.902 5.915 5.928 5.941 5.955 5.969 5.984 5.998 6.013 6.027 6.042 6.057 6.072 6.087 6.102 6.117 6.132 6.147 6.162 6.177 6.192 6.207 6.222 6.235 6.248 6.260 6.272 6.284 6.296 6.307 6.318 6.328 6.338 6.348 6.356 6.365 6.373 6.380 6.387 6.393 6.399 6.405 6.410 6.416 6.421
5.553 5.563 5.574 5.584 5.594 5.604 5.614 5.624 5.634 5.642 5.650 5.659 5.668 5.677 5.686 5.696 5.706 5.717 5.727 5.738 5.749 5.761 5.772 5.784 5.797 5.809 5.822 5.834 5.847 5.861 5.875 5.888 5.900 5.913 5.926 5.939 5.952 5.966 5.980 5.993 6.008 6.022 6.036 6.051 6.065 6.080 6.094 6.109 6.124 6.139 6.154 6.168 6.183 6.198 6.213 6.226 6.239 6.252 6.264 6.276 6.288 6.300 6.311 6.322 6.333 6.343 6.352 6.361 6.370 6.378 6.386 6.393 6.399 6.405 6.411 6.417 6.423
5.564 5.575 5.585 5.596 5.606 5.616 5.626 5.636 5.645 5.653 5.661 5.670 5.678 5.687 5.696 5.705 5.715 5.725 5.735 5.745 5.755 5.766 5.777 5.789 5.800 5.812 5.824 5.837 5.849 5.862 5.875 5.888 5.900 5.912 5.925 5.937 5.950 5.963 5.977 5.990 6.004 6.017 6.031 6.045 6.059 6.073 6.088 6.102 6.116 6.131 6.145 6.160 6.175 6.190 6.204 6.217 6.230 6.243 6.256 6.268 6.280 6.292 6.304 6.315 6.326 6.337 6.347 6.357 6.366 6.374 6.383 6.390 6.398 6.404 6.411 6.417 6.423
5.574 5.585 5.596 5.607 5.617 5.628 5.638 5.648 5.657 5.665 5.673 5.681 5.690 5.698 5.707 5.716 5.725 5.734 5.743 5.753 5.762 5.773 5.783 5.794 5.805 5.816 5.828 5.840 5.852 5.864 5.877 5.889 5.901 5.912 5.924 5.937 5.949 5.962 5.975 5.988 6.001 6.014 6.027 6.041 6.055 6.068 6.082 6.096 6.110 6.124 6.138 6.152 6.167 6.181 6.195 6.208 6.221 6.234 6.247 6.259 6.272 6.284 6.296 6.308 6.319 6.330 6.340 6.351 6.360 6.370 6.378 6.387 6.394 6.402 6.409 6.416 6.422
5.584 5.595 5.606 5.617 5.628 5.639 5.649 5.659 5.668 5.676 5.685 5.693 5.701 5.709 5.718 5.726 5.735 5.743 5.752 5.761 5.771 5.780 5.790 5.800 5.810 5.821 5.832 5.843 5.855 5.867 5.879 5.891 5.902 5.913 5.925 5.937 5.949 5.961 5.974 5.986 5.999 6.012 6.025 6.038 6.051 6.064 6.078 6.091 6.105 6.118 6.132 6.146 6.160 6.174 6.188 6.200 6.213 6.226 6.238 6.251 6.263 6.276 6.288 6.300 6.311 6.322 6.333 6.344 6.354 6.364 6.373 6.382 6.390 6.398 6.406 6.413 6.420
5.593 5.605 5.616 5.627 5.638 5.649 5.659 5.670 5.679 5.688 5.696 5.704 5.713 5.721 5.729 5.737 5.746 5.754 5.762 5.771 5.780 5.789 5.798 5.807 5.817 5.827 5.838 5.848 5.859 5.871 5.882 5.894 5.904 5.915 5.926 5.938 5.949 5.961 5.973 5.986 5.998 6.010 6.023 6.036 6.048 6.061 6.074 6.087 6.100 6.113 6.127 6.140 6.154 6.168 6.181 6.193 6.206 6.218 6.231 6.243 6.255 6.268 6.280 6.292 6.303 6.315 6.326 6.337 6.347 6.357 6.367 6.376 6.385 6.393 6.401 6.409 6.416
5.602 5.614 5.625 5.636 5.648 5.658 5.669 5.680 5.690 5.698 5.707 5.715 5.724 5.732 5.741 5.749 5.757 5.765 5.773 5.781 5.789 5.798 5.806 5.815 5.825 5.834 5.844 5.854 5.864 5.875 5.886 5.897 5.907 5.918 5.928 5.940 5.951 5.962 5.974 5.986 5.998 6.010 6.022 6.034 6.047 6.059 6.072 6.084 6.097 6.110 6.123 6.136 6.149 6.162 6.175 6.187 6.200 6.212 6.224 6.236 6.248 6.260 6.272 6.284 6.296 6.307 6.318 6.329 6.340 6.350 6.360 6.370 6.379 6.388 6.396 6.404 6.412
5.611 5.622 5.634 5.645 5.656 5.668 5.679 5.690 5.699 5.708 5.717 5.726 5.735 5.743 5.752 5.760 5.768 5.776 5.784 5.792 5.800 5.808 5.816 5.824 5.833 5.842 5.851 5.860 5.870 5.880 5.891 5.901 5.911 5.921 5.931 5.942 5.953 5.964 5.976 5.987 5.999 6.010 6.022 6.034 6.046 6.058 6.070 6.083 6.095 6.107 6.120 6.132 6.145 6.158 6.171 6.182 6.194 6.206 6.218 6.230 6.242 6.253 6.265 6.277 6.288 6.300 6.311 6.322 6.333 6.343 6.353 6.363 6.373 6.382 6.390 6.399 6.407
5.619 5.631 5.642 5.654 5.665 5.676 5.687 5.699 5.709 5.718 5.727 5.736 5.745 5.754 5.763 5.771 5.779 5.787 5.795 5.803 5.811 5.818 5.826 5.834 5.842 5.850 5.859 5.868 5.877 5.887 5.897 5.906 5.916 5.925 5.935 5.945 5.956 5.967 5.978 5.989 6.000 6.011 6.023 6.035 6.046 6.058 6.070 6.082 6.094 6.106 6.118 6.130 6.142 6.155 6.167 6.179 6.190 6.202 6.213 6.225 6.236 6.248 6.259 6.271 6.282 6.293 6.305 6.315 6.326 6.337 6.347 6.357 6.366 6.376 6.385 6.393 6.402
5.627 5.639 5.650 5.662 5.673 5.685 5.696 5.707 5.717 5.727 5.736 5.746 5.755 5.764 5.773 5.782 5.790 5.798 5.806 5.814 5.822 5.829 5.837 5.844 5.852 5.860 5.868 5.876 5.885 5.894 5.903 5.912 5.921 5.930 5.939 5.949 5.959 5.970 5.980 5.991 6.002 6.013 6.024 6.036 6.047 6.058 6.070 6.081 6.093 6.105 6.117 6.128 6.141 6.153 6.165 6.176 6.187 6.198 6.209 6.220 6.232 6.243 6.254 6.266 6.277 6.288 6.299 6.310 6.320 6.331 6.341 6.351 6.360 6.370 6.379 6.388 6.397
5.636 5.647 5.659 5.670 5.681 5.693 5.704 5.715 5.726 5.735 5.745 5.755 5.764 5.773 5.783 5.792 5.800 5.809 5.817 5.825 5.832 5.840 5.847 5.855 5.862 5.870 5.877 5.885 5.893 5.902 5.911 5.919 5.927 5.936 5.945 5.954 5.964 5.974 5.984 5.994 6.005 6.016 6.026 6.037 6.048 6.060 6.071 6.082 6.093 6.105 6.116 6.128 6.140 6.152 6.163 6.174 6.185 6.195 6.206 6.217 6.228 6.239 6.250 6.261 6.272 6.283 6.294 6.305 6.315 6.325 6.335 6.345 6.355 6.364 6.374 6.383 6.392
5.645 5.656 5.667 5.678 5.689 5.701 5.712 5.723 5.734 5.743 5.753 5.763 5.773 5.782 5.792 5.801 5.810 5.819 5.827 5.835 5.843 5.851 5.858 5.865 5.873 5.880 5.887 5.895 5.902 5.910 5.919 5.927 5.934 5.942 5.951 5.959 5.969 5.978 5.988 5.998 6.008 6.019 6.029 6.040 6.050 6.061 6.072 6.083 6.094 6.105 6.117 6.128 6.139 6.151 6.162 6.173 6.183 6.194 6.204 6.215 6.226 6.237 6.247 6.258 6.269 6.279 6.290 6.300 6.311 6.321 6.331 6.341 6.350 6.360 6.369 6.378 6.387
5.654 5.665 5.675 5.687 5.698 5.709 5.720 5.731 5.742 5.751 5.761 5.771 5.781 5.791 5.800 5.810 5.819 5.828 5.837 5.845 5.853 5.861 5.868 5.876 5.883 5.890 5.897 5.905 5.912 5.920 5.928 5.935 5.942 5.949 5.957 5.965 5.974 5.983 5.993 6.002 6.012 6.022 6.032 6.043 6.053 6.064 6.074 6.085 6.096 6.107 6.118 6.129 6.140 6.151 6.162 6.173 6.183 6.193 6.203 6.214 6.224 6.235 6.245 6.256 6.266 6.277 6.287 6.297 6.307 6.317 6.327 6.337 6.346 6.356 6.365 6.374 6.383
5.663 5.674 5.684 5.695 5.706 5.717 5.728 5.739 5.749 5.759 5.769 5.779 5.789 5.799 5.808 5.818 5.828 5.837 5.846 5.854 5.863 5.871 5.878 5.886 5.893 5.901 5.908 5.915 5.922 5.929 5.937 5.944 5.950 5.957 5.964 5.972 5.980 5.989 5.998 6.007 6.017 6.026 6.036 6.046 6.056 6.066 6.077 6.087 6.098 6.109 6.119 6.130 6.141 6.152 6.163 6.173 6.183 6.193 6.203 6.213 6.223 6.234 6.244 6.254 6.264 6.275 6.285 6.295 6.305 6.315 6.324 6.334 6.343 6.353 6.362 6.371 6.380
5.673 5.683 5.694 5.704 5.715 5.725 5.736 5.747 5.757 5.767 5.776 5.786 5.796 5.806 5.816 5.826 5.836 5.845 5.854 5.863 5.872 5.880 5.888 5.896 5.903 5.911 5.918 5.925 5.932 5.939 5.946 5.953 5.959 5.965 5.972 5.980 5.987 5.995 6.004 6.013 6.022 6.031 6.040 6.050 6.060 6.070 6.080 6.090 6.100 6.111 6.121 6.132 6.143 6.154 6.164 6.174 6.184 6.193 6.203 6.213 6.223 6.233 6.243 6.253 6.263 6.273 6.283 6.293 6.303 6.313 6.322 6.332 6.341 6.350 6.359 6.369 6.378
5.683 5.693 5.703 5.713 5.724 5.734 5.745 5.755 5.765 5.775 5.784 5.794 5.804 5.814 5.824 5.834 5.843 5.853 5.862 5.871 5.880 5.889 5.897 5.905 5.913 5.920 5.928 5.935 5.942 5.949 5.956 5.962 5.968 5.974 5.981 5.988 5.995 6.002 6.010 6.019 6.027 6.036 6.045 6.055 6.064 6.074 6.083 6.093 6.103 6.114 6.124 6.135 6.145 6.156 6.166 6.176 6.185 6.195 6.204 6.214 6.224 6.234 6.244 6.253 6.263 6.273 6.283 6.292 6.302 6.312 6.321 6.330 6.339 6.349 6.358 6.367 6.376
5.693 5.703 5.713 5.723 5.733 5.743 5.754 5.764 5.774 5.783 5.792 5.802 5.811 5.821 5.831 5.841 5.851 5.861 5.870 5.879 5.888 5.897 5.906 5.914 5.922 5.930 5.937 5.945 5.952 5.959 5.966 5.972 5.977 5.983 5.989 5.996 6.003 6.010 6.018 6.025 6.033 6.042 6.051 6.060 6.069 6.078 6.088 6.097 6.107 6.117 6.127 6.137 6.148 6.159 6.168 6.177 6.187 6.196 6.206 6.215 6.225 6.235 6.244 6.254 6.264 6.273 6.283 6.292 6.302 6.311 6.320 6.330 6.339 6.348 6.357 6.366 6.375
5.704 5.713 5.723 5.733 5.743 5.753 5.763 5.773 5.782 5.791 5.800 5.810 5.819 5.829 5.839 5.849 5.858 5.868 5.878 5.887 5.896 5.905 5.914 5.922 5.931 5.939 5.946 5.954 5.961 5.969 5.976 5.981 5.987 5.992 5.998 6.005 6.011 6.018 6.025 6.032 6.040 6.048 6.056 6.065 6.074 6.083 6.092 6.101 6.111 6.121 6.130 6.141 6.151 6.162 6.171 6.180 6.189 6.198 6.208 6.217 6.227 6.236 6.246 6.255 6.265 6.274 6.283 6.293 6.302 6.311 6.321 6.330 6.339 6.348 6.357 6.366 6.374
5.714 5.724 5.733 5.743 5.753 5.763 5.773 5.782 5.791 5.799 5.808 5.818 5.827 5.837 5.846 5.856 5.866 5.875 5.885 5.894 5.904 5.913 5.922 5.930 5.939 5.947 5.955 5.963 5.971 5.978 5.985 5.990 5.996 6.002 6.007 6.014 6.020 6.026 6.033 6.040 6.047 6.055 6.063 6.071 6.079 6.088 6.097 6.106 6.115 6.125 6.134 6.144 6.155 6.165 6.174 6.183 6.192 6.201 6.210 6.219 6.229 6.238 6.247 6.257 6.266 6.275 6.285 6.294 6.303 6.312 6.321 6.330 6.339 6.348 6.357 6.366 6.374
5.725 5.734 5.744 5.753 5.763 5.773 5.783 5.792 5.800 5.808 5.817 5.826 5.835 5.845 5.854 5.864 5.873 5.883 5.892 5.902 5.911 5.920 5.929 5.938 5.947 5.955 5.963 5.971 5.979 5.987 5.994 6.000 6.005 6.011 6.017 6.022 6.029 6.035 6.041 6.048 6.055 6.062 6.069 6.077 6.085 6.093 6.102 6.111 6.120 6.129 6.139 6.148 6.158 6.168 6.177 6.186 6.195 6.204 6.213 6.222 6.231 6.240 6.249 6.259 6.268 6.277 6.286 6.295 6.304 6.313 6.322 6.331 6.340 6.349 6.358 6.367 6.375
5.735 5.744 5.754 5.764 5.773 5.783 5.792 5.801 5.809 5.818 5.826 5.835 5.844 5.853 5.862 5.872 5.881 5.891 5.900 5.909 5.919 5.928 5.937 5.946 5.954 5.963 5.971 5.980 5.988 5.995 6.002 6.008 6.014 6.020 6.026 6.031 6.037 6.043 6.050 6.056 6.063 6.069 6.077 6.084 6.092 6.099 6.108 6.116 6.125 6.134 6.143 6.152 6.162 6.172 6.180 6.189 6.198 6.207 6.216 6.225 6.234 6.243 6.252 6.261 6.270 6.279 6.288 6.297 6.306 6.315 6.324 6.333 6.342 6.350 6.359 6.368 6.376
5.745 5.754 5.764 5.774 5.783 5.793 5.802 5.811 5.819 5.827 5.835 5.844 5.853 5.862 5.871 5.880 5.889 5.898 5.908 5.917 5.926 5.935 5.944 5.953 5.962 5.971 5.979 5.987 5.996 6.004 6.011 6.017 6.023 6.029 6.034 6.040 6.046 6.052 6.058 6.064 6.071 6.077 6.084 6.091 6.098 6.106 6.114 6.122 6.130 6.139 6.148 6.157 6.166 6.176 6.184 6.193 6.201 6.210 6.219 6.228 6.237 6.246 6.255 6.264 6.273 6.282 6.291 6.300 6.309 6.317 6.326 6.335 6.343 6.352 6.361 6.369 6.377
5.754 5.764 5.774 5.783 5.793 5.802 5.812 5.821 5.828 5.837 5.845 5.853 5.862 5.871 5.879 5.888 5.897 5.906 5.915 5.924 5.933 5.943 5.952 5.960 5.969 5.978 5.987 5.995 6.003 6.011 6.019 6.025 6.031 6.037 6.043 6.049 6.055 6.061 6.067 6.073 6.079 6.085 6.092 6.098 6.105 6.112 6.120 6.128 6.136 6.144 6.153 6.162 6.171 6.180 6.188 6.196 6.205 6.213 6.222 6.231 6.240 6.249 6.258 6.267 6.276 6.285 6.293 6.302 6.311 6.320 6.328 6.337 6.346 6.354 6.363 6.371 6.379
5.763 5.773 5.783 5.793 5.802 5.812 5.821 5.830 5.838 5.846 5.854 5.863 5.871 5.880 5.888 5.897 5.906 5.914 5.923 5.932 5.941 5.950 5.959 5.968 5.977 5.985 5.994 6.002 6.011 6.019 6.027 6.033 6.039 6.045 6.051 6.057 6.063 6.069 6.075 6.081 6.087 6.093 6.099 6.106 6.112 6.119 6.126 6.134 6.142 6.150 6.158 6.167 6.176 6.184 6.192 6.201 6.209 6.217 6.226 6.234 6.243 6.252 6.261 6.270 6.279 6.288 6.296 6.305 6.314 6.322 6.331 6.340 6.348 6.356 6.365 6.374 6.382
5.772 5.782 5.792 5.802 5.811 5.821 5.831 5.839 5.847 5.855 5.864 5.872 5.880 5.889 5.897 5.906 5.914 5.923 5.932 5.940 5.949 5.958 5.967 5.975 5.984 5.993 6.001 6.010 6.018 6.027 6.034 6.041 6.047 6.053 6.060 6.066 6.072 6.078 6.084 6.089 6.095 6.101 6.107 6.113 6.120 6.126 6.133 6.140 6.148 6.156 6.164 6.172 6.181 6.189 6.197 6.205 6.213 6.221 6.230 6.238 6.247 6.256 6.264 6.273 6.282 6.291 6.300 6.308 6.317 6.325 6.334 6.342 6.351 6.359 6.368 6.376 6.384
5.780 5.790 5.800 5.810 5.820 5.830 5.840 5.848 5.856 5.865 5.873 5.881 5.889 5.898 5.906 5.914 5.923 5.931 5.940 5.948 5.957 5.966 5.974 5.983 5.992 6.000 6.009 6.017 6.026 6.034 6.042 6.048 6.055 6.061 6.068 6.074 6.080 6.086 6.092 6.098 6.104 6.109 6.115 6.121 6.127 6.134 6.140 6.147 6.154 6.162 6.169 6.177 6.186 6.194 6.202 6.209 6.217 6.225 6.234 6.242 6.251 6.259 6.268 6.277 6.285 6.294 6.303 6.311 6.320 6.329 6.337 6.345 6.354 6.362 6.371 6.379 6.387
5.788 5.799 5.809 5.819 5.829 5.838 5.848 5.857 5.865 5.873 5.882 5.890 5.898 5.906 5.915 5.923 5.932 5.940 5.948 5.957 5.965 5.974 5.982 5.991 5.999 6.008 6.016 6.025 6.033 6.041 6.049 6.056 6.062 6.069 6.075 6.082 6.088 6.094 6.100 6.106 6.112 6.118 6.123 6.129 6.135 6.141 6.148 6.154 6.161 6.168 6.175 6.183 6.191 6.199 6.207 6.214 6.222 6.230 6.238 6.246 6.255 6.263 6.272 6.280 6.289 6.298 6.306 6.315 6.323 6.332 6.340 6.349 6.357 6.365 6.374 6.382 6.390
5.796 5.806 5.817 5.827 5.837 5.847 5.856 5.866 5.874 5.882 5.890 5.898 5.907 5.915 5.924 5.932 5.940 5.948 5.957 5.965 5.973 5.982 5.990 5.998 6.007 6.015 6.024 6.032 6.040 6.049 6.057 6.063 6.070 6.077 6.083 6.090 6.096 6.102 6.108 6.114 6.120 6.126 6.131 6.137 6.143 6.149 6.155 6.161 6.168 6.175 6.182 6.189 6.197 6.205 6.212 6.219 6.227 6.234 6.242 6.250 6.259 6.267 6.276 6.284 6.293 6.301 6.310 6.319 6.327 6.335 6.344 6.352 6.360 6.369 6.377 6.385 6.393
5.804 5.814 5.824 5.834 5.844 5.854 5.864 5.874 5.882 5.890 5.898 5.907 5.915 5.924 5.932 5.940 5.949 5.957 5.965 5.973 5.981 5.990 5.998 6.006 6.014 6.023 6.031 6.039 6.048 6.056 6.064 6.071 6.077 6.084 6.091 6.097 6.104 6.110 6.116 6.122 6.128 6.134 6.140 6.145 6.151 6.157 6.163 6.169 6.175 6.182 6.188 6.196 6.203 6.211 6.217 6.224 6.232 6.239 6.247 6.255 6.263 6.271 6.280 6.288 6.297 6.305 6.314 6.322 6.331 6.339 6.347 6.356 6.364 6.372 6.381 6.389 6.397
5.811 5.822 5.832 5.842 5.852 5.862 5.872 5.881 5.890 5.898 5.906 5.915 5.923 5.932 5.940 5.949 5.957 5.965 5.973 5.981 5.989 5.998 6.006 6.014 6.022 6.030 6.039 6.047 6.055 6.064 6.071 6.078 6.085 6.091 6.098 6.105 6.111 6.118 6.124 6.130 6.136 6.142 6.148 6.153 6.159 6.165 6.170 6.176 6.182 6.189 6.195 6.202 6.210 6.217 6.223 6.230 6.237 6.244 6.252 6.260 6.268 6.276 6.284 6.292 6.301 6.309 6.318 6.326 6.335 6.343 6.351 6.359 6.368 6.376 6.384 6.393 6.401
5.819 5.829 5.839 5.850 5.860 5.870 5.880 5.889 5.897 5.906 5.914 5.923 5.931 5.940 5.948 5.957 5.965 5.973 5.981 5.989 5.997 6.005 6.014 6.022 6.030 6.038 6.046 6.054 6.063 6.071 6.079 6.085 6.092 6.099 6.106 6.112 6.119 6.125 6.132 6.138 6.144 6.150 6.156 6.161 6.167 6.172 6.178 6.184 6.190 6.196 6.202 6.209 6.216 6.223 6.229 6.235 6.242 6.249 6.257 6.264 6.272 6.280 6.288 6.297 6.305 6.313 6.322 6.330 6.338 6.347 6.355 6.363 6.372 6.380 6.388 6.397 6.404
5.827 5.837 5.847 5.857 5.867 5.877 5.887 5.896 5.905 5.913 5.922 5.930 5.939 5.947 5.956 5.964 5.973 5.981 5.989 5.997 6.005 6.013 6.021 6.029 6.037 6.045 6.053 6.062 6.070 6.078 6.086 6.092 6.099 6.106 6.113 6.120 6.126 6.133 6.139 6.146 6.152 6.158 6.164 6.169 6.175 6.180 6.186 6.192 6.197 6.203 6.209 6.216 6.223 6.229 6.235 6.241 6.248 6.255 6.262 6.269 6.277 6.285 6.293 6.301 6.309 6.318 6.326 6.334 6.343 6.351 6.359 6.367 6.376 6.384 6.392 6.401 6.408
5.836 5.845 5.855 5.865 5.875 5.885 5.895 5.904 5.912 5.920 5.929 5.938 5.946 5.955 5.963 5.972 5.980 5.988 5.997 6.005 6.013 6.021 6.029 6.037 6.045 6.053 6.061 6.069 6.077 6.086 6.093 6.100 6.106 6.113 6.120 6.127 6.134 6.140 6.147 6.153 6.159 6.166 6.171 6.177 6.183 6.188 6.194 6.199 6.205 6.211 6.217 6.223 6.230 6.236 6.241 6.247 6.254 6.260 6.267 6.275 6.282 6.290 6.298 6.306 6.314 6.322 6.330 6.338 6.347 6.355 6.363 6.372 6.380 6.388 6.397 6.405 6.412
5.845 5.854 5.864 5.873 5.883 5.893 5.902 5.911 5.919 5.928 5.936 5.945 5.953 5.962 5.971 5.979 5.987 5.996 6.004 6.012 6.020 6.028 6.036 6.044 6.052 6.060 6.068 6.076 6.084 6.093 6.100 6.106 6.113 6.120 6.127 6.134 6.141 6.148 6.154 6.161 6.167 6.173 6.179 6.185 6.191 6.196 6.202 6.207 6.213 6.218 6.224 6.231 6.237 6.242 6.248 6.254 6.260 6.266 6.273 6.280 6.287 6.295 6.302 6.310 6.318 6.326 6.335 6.343 6.351 6.359 6.368 6.376 6.384 6.393 6.401 6.409 6.417
