version2/TsunamiDB/out54078.asc
ncols          264
nrows          230
xllcorner      497853.4375
yllcorner      4229146.0000
cellsize         5.
NODATA_value   -99
[rows 68 to 101 of 230, columns 76 to 151 of 264]
4.745 4.789 4.833 4.875 4.916 4.956 4.993 5.029 5.063 5.096 5.127 5.156 5.184 5.210 5.234 5.258 5.280 5.301 5.322 5.342 5.362 5.382 5.401 5.420 5.439 5.458 5.478 5.497 5.516 5.535 5.554 5.573 5.593 5.613 5.633 5.653 5.673 5.693 5.713 5.733 5.753 5.773 5.793 5.813 5.833 5.852 5.872 5.892 5.912 5.932 5.952 5.971 5.989 6.008 6.027 6.046 6.065 6.084 6.103 6.122 6.140 6.159 6.177 6.194 6.211 6.228 6.244 6.259 6.274 6.287 6.300 6.312 6.323 6.333 6.341 6.347
4.751 4.794 4.838 4.880 4.922 4.962 5.000 5.037 5.073 5.107 5.139 5.169 5.198 5.225 5.250 5.274 5.297 5.319 5.339 5.360 5.379 5.398 5.417 5.435 5.454 5.472 5.491 5.510 5.528 5.546 5.564 5.584 5.603 5.623 5.642 5.662 5.682 5.702 5.721 5.741 5.761 5.781 5.801 5.821 5.840 5.860 5.880 5.900 5.920 5.939 5.959 5.978 5.996 6.015 6.035 6.054 6.073 6.093 6.112 6.130 6.149 6.168 6.186 6.204 6.221 6.238 6.255 6.271 6.286 6.301 6.315 6.328 6.340 6.351 6.360 6.367
4.756 4.799 4.842 4.884 4.926 4.966 5.005 5.043 5.080 5.116 5.149 5.181 5.211 5.239 5.265 5.290 5.314 5.336 5.357 5.377 5.397 5.415 5.434 5.452 5.470 5.488 5.505 5.523 5.540 5.557 5.576 5.594 5.613 5.632 5.651 5.671 5.690 5.710 5.730 5.749 5.769 5.789 5.808 5.828 5.848 5.868 5.887 5.907 5.927 5.947 5.967 5.986 6.004 6.023 6.042 6.062 6.081 6.101 6.120 6.139 6.158 6.176 6.195 6.213 6.231 6.248 6.266 6.282 6.298 6.313 6.328 6.342 6.355 6.367 6.378 6.386
4.761 4.803 4.845 4.887 4.929 4.969 5.008 5.048 5.086 5.122 5.157 5.190 5.222 5.251 5.279 5.305 5.329 5.352 5.374 5.395 5.414 5.433 5.451 5.469 5.486 5.504 5.521 5.538 5.554 5.570 5.588 5.606 5.624 5.642 5.661 5.680 5.699 5.718 5.738 5.757 5.777 5.796 5.816 5.836 5.855 5.875 5.895 5.915 5.934 5.954 5.974 5.993 6.012 6.031 6.050 6.070 6.089 6.108 6.128 6.147 6.166 6.185 6.204 6.222 6.240 6.258 6.276 6.293 6.309 6.325 6.341 6.355 6.369 6.383 6.394 6.404
4.766 4.807 4.848 4.889 4.930 4.971 5.010 5.050 5.089 5.127 5.163 5.198 5.231 5.262 5.291 5.318 5.344 5.368 5.391 5.412 5.432 5.451 5.470 5.487 5.504 5.521 5.537 5.554 5.569 5.585 5.601 5.618 5.635 5.653 5.671 5.689 5.708 5.727 5.746 5.765 5.784 5.804 5.824 5.843 5.863 5.883 5.902 5.922 5.942 5.962 5.982 6.001 6.019 6.038 6.058 6.077 6.097 6.116 6.136 6.155 6.174 6.193 6.212 6.231 6.249 6.268 6.285 6.303 6.320 6.336 6.352 6.368 6.382 6.397 6.409 6.420
4.771 4.811 4.851 4.891 4.932 4.971 5.011 5.051 5.091 5.129 5.167 5.202 5.237 5.270 5.300 5.329 5.357 5.382 5.406 5.428 5.449 5.469 5.488 5.505 5.522 5.539 5.555 5.571 5.586 5.600 5.616 5.632 5.648 5.665 5.682 5.700 5.718 5.736 5.754 5.773 5.792 5.812 5.831 5.851 5.870 5.890 5.909 5.929 5.949 5.969 5.989 6.008 6.027 6.046 6.065 6.085 6.104 6.124 6.144 6.163 6.182 6.202 6.221 6.240 6.258 6.277 6.295 6.313 6.330 6.347 6.363 6.379 6.395 6.410 6.423 6.435
4.777 4.815 4.854 4.893 4.933 4.972 5.011 5.051 5.090 5.129 5.168 5.205 5.240 5.275 5.307 5.338 5.367 5.394 5.420 5.443 5.465 5.486 5.506 5.524 5.541 5.558 5.573 5.589 5.603 5.617 5.632 5.647 5.662 5.678 5.694 5.711 5.728 5.745 5.763 5.782 5.800 5.819 5.839 5.858 5.877 5.897 5.917 5.936 5.956 5.976 5.996 6.015 6.034 6.053 6.073 6.092 6.112 6.132 6.151 6.171 6.190 6.210 6.229 6.248 6.267 6.285 6.304 6.322 6.340 6.357 6.374 6.390 6.407 6.422 6.436 6.448
4.784 4.821 4.858 4.895 4.934 4.972 5.010 5.049 5.089 5.128 5.167 5.205 5.241 5.277 5.311 5.344 5.374 5.403 5.431 5.456 5.480 5.502 5.522 5.541 5.559 5.576 5.592 5.608 5.622 5.635 5.649 5.663 5.677 5.692 5.707 5.723 5.739 5.756 5.773 5.791 5.809 5.827 5.846 5.865 5.885 5.904 5.924 5.944 5.963 5.983 6.003 6.022 6.041 6.060 6.080 6.100 6.119 6.139 6.159 6.178 6.198 6.218 6.237 6.256 6.275 6.294 6.313 6.331 6.349 6.367 6.384 6.401 6.418 6.434 6.448 6.461
4.792 4.827 4.862 4.899 4.935 4.972 5.009 5.047 5.086 5.125 5.164 5.202 5.240 5.277 5.312 5.346 5.379 5.410 5.439 5.466 5.491 5.515 5.537 5.558 5.577 5.595 5.611 5.627 5.641 5.654 5.667 5.681 5.694 5.708 5.722 5.737 5.752 5.767 5.784 5.801 5.818 5.836 5.854 5.873 5.892 5.911 5.931 5.951 5.970 5.990 6.010 6.029 6.048 6.068 6.087 6.107 6.127 6.147 6.166 6.186 6.206 6.225 6.245 6.264 6.283 6.302 6.321 6.340 6.358 6.376 6.394 6.411 6.428 6.445 6.460 6.474
4.801 4.834 4.868 4.903 4.938 4.973 5.008 5.045 5.083 5.121 5.160 5.198 5.236 5.274 5.310 5.346 5.380 5.413 5.444 5.473 5.500 5.526 5.550 5.572 5.592 5.611 5.629 5.646 5.660 5.673 5.687 5.700 5.712 5.725 5.738 5.752 5.766 5.780 5.795 5.811 5.828 5.845 5.863 5.881 5.900 5.919 5.938 5.958 5.977 5.997 6.017 6.036 6.055 6.075 6.094 6.114 6.134 6.154 6.174 6.193 6.213 6.233 6.252 6.272 6.291 6.310 6.329 6.348 6.367 6.385 6.403 6.421 6.438 6.455 6.471 6.485
4.811 4.843 4.875 4.908 4.942 4.975 5.009 5.044 5.081 5.118 5.155 5.193 5.231 5.269 5.306 5.342 5.378 5.412 5.445 5.476 5.506 5.533 5.559 5.583 5.606 5.626 5.645 5.663 5.678 5.692 5.706 5.719 5.732 5.744 5.756 5.769 5.781 5.795 5.809 5.823 5.839 5.855 5.872 5.890 5.908 5.926 5.945 5.965 5.984 6.004 6.024 6.043 6.062 6.081 6.101 6.121 6.141 6.161 6.181 6.200 6.220 6.240 6.260 6.279 6.299 6.318 6.337 6.356 6.375 6.394 6.412 6.430 6.448 6.465 6.481 6.496
4.823 4.853 4.883 4.915 4.947 4.978 5.010 5.044 5.079 5.114 5.151 5.188 5.225 5.262 5.300 5.337 5.373 5.409 5.443 5.476 5.507 5.537 5.565 5.591 5.616 5.638 5.659 5.679 5.695 5.710 5.725 5.738 5.751 5.763 5.775 5.787 5.799 5.811 5.824 5.837 5.851 5.867 5.882 5.899 5.917 5.935 5.953 5.972 5.991 6.011 6.031 6.050 6.069 6.088 6.108 6.128 6.148 6.168 6.188 6.207 6.227 6.247 6.267 6.287 6.306 6.326 6.345 6.364 6.384 6.402 6.421 6.439 6.457 6.475 6.491 6.507
4.835 4.864 4.893 4.923 4.953 4.983 5.013 5.045 5.078 5.112 5.147 5.182 5.219 5.255 5.292 5.329 5.366 5.402 5.438 5.472 5.505 5.537 5.567 5.596 5.622 5.647 5.670 5.691 5.710 5.726 5.742 5.757 5.770 5.783 5.795 5.806 5.817 5.829 5.840 5.853 5.866 5.879 5.894 5.910 5.926 5.943 5.961 5.980 5.999 6.018 6.038 6.056 6.075 6.095 6.114 6.134 6.154 6.174 6.194 6.214 6.234 6.254 6.274 6.294 6.314 6.333 6.353 6.372 6.391 6.411 6.429 6.448 6.466 6.484 6.501 6.517
4.849 4.877 4.904 4.933 4.961 4.989 5.018 5.048 5.080 5.112 5.144 5.178 5.213 5.248 5.284 5.320 5.357 5.393 5.430 5.465 5.500 5.533 5.565 5.596 5.625 5.652 5.677 5.701 5.721 5.740 5.757 5.774 5.788 5.802 5.814 5.826 5.837 5.848 5.859 5.870 5.882 5.894 5.907 5.922 5.937 5.953 5.970 5.988 6.006 6.025 6.044 6.063 6.082 6.101 6.121 6.141 6.161 6.181 6.201 6.221 6.241 6.261 6.281 6.301 6.321 6.340 6.360 6.380 6.399 6.418 6.438 6.456 6.475 6.493 6.510 6.526
4.864 4.890 4.917 4.944 4.971 4.998 5.025 5.053 5.082 5.113 5.144 5.175 5.208 5.242 5.276 5.311 5.347 5.383 5.420 5.456 5.491 5.526 5.560 5.592 5.623 5.652 5.680 5.706 5.729 5.750 5.770 5.788 5.804 5.819 5.833 5.845 5.857 5.867 5.878 5.888 5.899 5.910 5.922 5.935 5.949 5.964 5.980 5.997 6.015 6.033 6.052 6.070 6.088 6.107 6.127 6.147 6.167 6.187 6.207 6.227 6.247 6.267 6.287 6.307 6.327 6.347 6.367 6.387 6.407 6.426 6.445 6.464 6.483 6.502 6.519 6.536
4.880 4.905 4.931 4.956 4.982 5.008 5.033 5.060 5.087 5.116 5.145 5.175 5.205 5.237 5.270 5.303 5.338 5.373 5.408 5.444 5.480 5.515 5.550 5.584 5.617 5.649 5.678 5.707 5.732 5.756 5.778 5.798 5.817 5.834 5.849 5.863 5.876 5.887 5.898 5.908 5.918 5.928 5.939 5.951 5.963 5.977 5.992 6.007 6.024 6.041 6.059 6.077 6.095 6.114 6.133 6.153 6.173 6.193 6.213 6.233 6.253 6.274 6.294 6.314 6.334 6.354 6.374 6.394 6.414 6.433 6.453 6.472 6.491 6.510 6.528 6.544
4.897 4.921 4.946 4.971 4.995 5.019 5.043 5.069 5.094 5.121 5.148 5.176 5.205 5.234 5.265 5.297 5.329 5.363 5.397 5.432 5.467 5.503 5.538 5.573 5.607 5.640 5.672 5.703 5.731 5.757 5.782 5.805 5.826 5.845 5.863 5.879 5.893 5.905 5.917 5.928 5.938 5.948 5.958 5.968 5.979 5.991 6.005 6.019 6.034 6.051 6.068 6.084 6.102 6.120 6.140 6.159 6.179 6.199 6.219 6.239 6.259 6.280 6.300 6.320 6.340 6.360 6.380 6.400 6.420 6.440 6.460 6.480 6.499 6.518 6.536 6.553
4.914 4.939 4.962 4.986 5.010 5.032 5.055 5.079 5.104 5.128 5.154 5.180 5.206 5.234 5.262 5.292 5.322 5.354 5.387 5.420 5.454 5.489 5.524 5.559 5.594 5.629 5.662 5.694 5.724 5.753 5.781 5.806 5.830 5.852 5.873 5.891 5.907 5.922 5.935 5.946 5.957 5.967 5.977 5.986 5.997 6.007 6.019 6.032 6.046 6.061 6.077 6.092 6.109 6.127 6.146 6.165 6.185 6.205 6.225 6.245 6.265 6.285 6.306 6.326 6.346 6.366 6.387 6.407 6.427 6.447 6.467 6.487 6.507 6.525 6.543 6.561
4.933 4.956 4.980 5.003 5.025 5.047 5.069 5.092 5.115 5.138 5.162 5.186 5.211 5.236 5.263 5.290 5.318 5.348 5.378 5.409 5.442 5.475 5.509 5.544 5.579 5.614 5.648 5.682 5.713 5.744 5.774 5.803 5.830 5.855 5.878 5.898 5.917 5.934 5.949 5.963 5.975 5.986 5.996 6.006 6.015 6.025 6.035 6.047 6.059 6.073 6.087 6.101 6.117 6.135 6.153 6.172 6.191 6.210 6.230 6.250 6.270 6.291 6.311 6.331 6.352 6.372 6.392 6.413 6.433 6.453 6.473 6.493 6.513 6.532 6.550 6.568
4.952 4.975 4.998 5.020 5.042 5.062 5.084 5.106 5.127 5.149 5.172 5.194 5.217 5.241 5.265 5.291 5.317 5.344 5.372 5.401 5.431 5.463 5.495 5.529 5.563 5.597 5.632 5.666 5.698 5.731 5.763 5.794 5.824 5.851 5.877 5.901 5.923 5.943 5.961 5.976 5.990 6.003 6.014 6.024 6.034 6.043 6.053 6.063 6.074 6.086 6.099 6.112 6.127 6.143 6.160 6.178 6.197 6.216 6.236 6.256 6.276 6.296 6.316 6.337 6.357 6.378 6.398 6.418 6.439 6.459 6.479 6.500 6.520 6.539 6.557 6.575
4.970 4.993 5.016 5.038 5.059 5.079 5.100 5.121 5.142 5.163 5.184 5.205 5.227 5.249 5.271 5.294 5.318 5.343 5.369 5.396 5.424 5.453 5.483 5.515 5.547 5.580 5.614 5.648 5.681 5.714 5.748 5.781 5.812 5.843 5.871 5.898 5.923 5.946 5.967 5.986 6.002 6.017 6.030 6.041 6.052 6.061 6.071 6.080 6.090 6.101 6.112 6.124 6.137 6.152 6.169 6.186 6.204 6.222 6.242 6.261 6.281 6.301 6.321 6.342 6.362 6.383 6.403 6.424 6.444 6.465 6.485 6.505 6.526 6.545 6.563 6.582
4.989 5.012 5.034 5.056 5.077 5.096 5.117 5.137 5.158 5.178 5.198 5.218 5.238 5.259 5.280 5.301 5.323 5.345 5.369 5.393 5.419 5.446 5.474 5.503 5.533 5.564 5.597 5.629 5.662 5.695 5.729 5.763 5.797 5.829 5.860 5.890 5.918 5.944 5.968 5.989 6.009 6.027 6.042 6.056 6.068 6.078 6.088 6.098 6.107 6.117 6.127 6.137 6.149 6.163 6.178 6.194 6.211 6.229 6.247 6.267 6.286 6.306 6.326 6.347 6.367 6.388 6.408 6.429 6.449 6.470 6.490 6.511 6.531 6.551 6.569 6.588
5.008 5.031 5.053 5.074 5.095 5.114 5.135 5.155 5.174 5.194 5.213 5.232 5.252 5.271 5.290 5.310 5.330 5.351 5.372 5.395 5.418 5.442 5.467 5.494 5.522 5.551 5.581 5.612 5.643 5.676 5.709 5.743 5.777 5.811 5.843 5.875 5.906 5.935 5.962 5.987 6.010 6.031 6.049 6.066 6.080 6.093 6.104 6.114 6.124 6.133 6.142 6.151 6.162 6.175 6.188 6.203 6.219 6.236 6.254 6.272 6.291 6.311 6.331 6.351 6.372 6.392 6.413 6.433 6.454 6.475 6.495 6.516 6.536 6.556 6.575 6.594
5.026 5.049 5.071 5.093 5.113 5.132 5.152 5.172 5.192 5.211 5.229 5.248 5.267 5.285 5.303 5.322 5.340 5.360 5.379 5.399 5.420 5.442 5.465 5.489 5.514 5.541 5.569 5.597 5.626 5.657 5.689 5.722 5.756 5.789 5.823 5.856 5.889 5.920 5.950 5.978 6.004 6.029 6.050 6.070 6.087 6.103 6.116 6.128 6.138 6.149 6.158 6.166 6.176 6.187 6.199 6.213 6.228 6.244 6.261 6.278 6.297 6.316 6.336 6.356 6.376 6.396 6.417 6.438 6.458 6.479 6.500 6.520 6.541 6.561 6.580 6.599
5.044 5.067 5.089 5.110 5.131 5.150 5.170 5.190 5.209 5.228 5.247 5.265 5.283 5.300 5.318 5.335 5.353 5.371 5.389 5.407 5.426 5.446 5.466 5.488 5.510 5.534 5.560 5.585 5.612 5.640 5.671 5.702 5.734 5.767 5.800 5.834 5.867 5.900 5.932 5.963 5.992 6.019 6.045 6.068 6.088 6.107 6.123 6.137 6.150 6.162 6.171 6.180 6.190 6.200 6.211 6.224 6.237 6.252 6.268 6.285 6.303 6.321 6.340 6.360 6.380 6.400 6.421 6.441 6.462 6.483 6.504 6.524 6.545 6.565 6.584 6.604
5.061 5.084 5.106 5.128 5.148 5.168 5.188 5.207 5.227 5.245 5.264 5.282 5.299 5.317 5.334 5.351 5.367 5.384 5.401 5.418 5.435 5.453 5.471 5.491 5.511 5.532 5.555 5.578 5.602 5.628 5.655 5.684 5.714 5.746 5.778 5.810 5.844 5.877 5.910 5.942 5.973 6.003 6.032 6.058 6.082 6.104 6.124 6.141 6.157 6.171 6.182 6.192 6.202 6.212 6.223 6.235 6.247 6.261 6.276 6.292 6.309 6.326 6.345 6.364 6.384 6.404 6.424 6.445 6.466 6.486 6.507 6.528 6.549 6.569 6.588 6.608
5.078 5.100 5.123 5.145 5.165 5.185 5.205 5.224 5.244 5.263 5.281 5.299 5.317 5.334 5.350 5.367 5.383 5.399 5.415 5.431 5.447 5.463 5.480 5.497 5.515 5.534 5.555 5.575 5.596 5.619 5.644 5.671 5.698 5.727 5.757 5.788 5.820 5.852 5.885 5.917 5.950 5.981 6.012 6.041 6.068 6.094 6.117 6.138 6.157 6.174 6.188 6.200 6.211 6.222 6.234 6.245 6.257 6.270 6.284 6.299 6.315 6.332 6.350 6.368 6.388 6.407 6.427 6.448 6.469 6.489 6.510 6.531 6.552 6.573 6.592 6.612
5.094 5.116 5.139 5.161 5.181 5.201 5.221 5.241 5.260 5.279 5.298 5.316 5.334 5.351 5.367 5.384 5.399 5.415 5.430 5.446 5.461 5.476 5.491 5.507 5.523 5.540 5.558 5.576 5.595 5.616 5.638 5.661 5.686 5.712 5.740 5.768 5.798 5.828 5.860 5.892 5.924 5.956 5.987 6.018 6.048 6.076 6.103 6.127 6.149 6.170 6.187 6.202 6.216 6.229 6.241 6.253 6.265 6.278 6.291 6.305 6.320 6.337 6.354 6.372 6.391 6.410 6.430 6.451 6.471 6.492 6.513 6.534 6.555 6.575 6.595 6.615
5.109 5.132 5.154 5.176 5.197 5.217 5.237 5.257 5.276 5.296 5.314 5.332 5.350 5.367 5.384 5.401 5.416 5.432 5.447 5.462 5.476 5.491 5.505 5.520 5.535 5.550 5.566 5.582 5.598 5.616 5.636 5.657 5.679 5.702 5.727 5.753 5.780 5.808 5.837 5.867 5.898 5.929 5.960 5.992 6.022 6.052 6.081 6.108 6.134 6.157 6.178 6.196 6.213 6.229 6.243 6.257 6.270 6.283 6.296 6.310 6.325 6.341 6.358 6.375 6.394 6.413 6.432 6.453 6.473 6.494 6.515 6.536 6.557 6.577 6.597 6.617
5.124 5.147 5.169 5.191 5.212 5.232 5.252 5.272 5.292 5.311 5.330 5.348 5.366 5.384 5.401 5.417 5.433 5.449 5.464 5.478 5.493 5.507 5.521 5.534 5.548 5.562 5.577 5.591 5.605 5.622 5.639 5.657 5.677 5.697 5.719 5.742 5.767 5.792 5.819 5.846 5.875 5.904 5.934 5.964 5.995 6.025 6.055 6.083 6.111 6.137 6.161 6.182 6.202 6.221 6.238 6.254 6.269 6.284 6.298 6.313 6.328 6.343 6.360 6.377 6.395 6.414 6.434 6.454 6.474 6.495 6.516 6.537 6.558 6.579 6.599 6.619
5.139 5.161 5.184 5.206 5.226 5.246 5.266 5.287 5.306 5.326 5.345 5.363 5.382 5.399 5.417 5.433 5.450 5.465 5.481 5.495 5.510 5.524 5.537 5.551 5.564 5.577 5.590 5.603 5.616 5.630 5.646 5.662 5.679 5.697 5.716 5.737 5.758 5.781 5.805 5.830 5.856 5.883 5.911 5.939 5.968 5.997 6.026 6.055 6.084 6.111 6.137 6.161 6.184 6.205 6.226 6.244 6.262 6.278 6.294 6.310 6.326 6.342 6.359 6.376 6.395 6.413 6.433 6.453 6.474 6.495 6.516 6.537 6.558 6.579 6.599 6.620
5.153 5.176 5.198 5.220 5.240 5.260 5.280 5.301 5.320 5.340 5.359 5.378 5.396 5.414 5.432 5.449 5.465 5.481 5.497 5.512 5.527 5.541 5.554 5.568 5.581 5.593 5.606 5.618 5.630 5.642 5.656 5.670 5.685 5.701 5.718 5.736 5.755 5.775 5.797 5.819 5.842 5.867 5.892 5.918 5.944 5.972 5.999 6.027 6.055 6.083 6.109 6.134 6.158 6.182 6.205 6.226 6.246 6.265 6.284 6.301 6.319 6.336 6.354 6.372 6.390 6.410 6.430 6.450 6.471 6.492 6.514 6.535 6.557 6.578 6.598 6.619
5.167 5.190 5.212 5.233 5.254 5.274 5.294 5.314 5.334 5.353 5.373 5.391 5.410 5.428 5.446 5.463 5.480 5.497 5.512 5.528 5.543 5.557 5.571 5.585 5.598 5.610 5.623 5.634 5.645 5.657 5.669 5.682 5.696 5.710 5.724 5.740 5.757 5.775 5.793 5.813 5.834 5.856 5.878 5.902 5.926 5.951 5.976 6.002 6.029 6.055 6.080 6.105 6.130 6.154 6.178 6.201 6.223 6.245 6.265 6.285 6.304 6.323 6.342 6.361 6.381 6.401 6.422 6.443 6.464 6.486 6.508 6.531 6.553 6.574 6.595 6.617
5.181 5.204 5.226 5.247 5.267 5.287 5.307 5.327 5.347 5.366 5.385 5.404 5.423 5.441 5.459 5.477 5.494 5.511 5.527 5.543 5.559 5.573 5.588 5.602 5.615 5.628 5.640 5.651 5.662 5.673 5.685 5.697 5.709 5.721 5.734 5.748 5.763 5.778 5.795 5.812 5.831 5.850 5.870 5.891 5.913 5.936 5.959 5.983 6.007 6.031 6.054 6.078 6.102 6.126 6.150 6.173 6.196 6.218 6.240 6.261 6.282 6.302 6.323 6.344 6.365 6.386 6.408 6.430 6.453 6.476 6.499 6.523 6.545 6.567 6.589 6.611
