version2/TsunamiDB/out54104.asc
ncols          264
nrows          230
xllcorner      497853.4375
yllcorner      4229146.0000
cellsize         5.
NODATA_value   -99
[rows 136 to 169 of 230, columns 0 to 76 of 264]
4.798 4.827 4.855 4.883 4.910 4.936 4.962 4.988 5.012 5.036 5.060 5.084 5.108 5.131 5.154 5.176 5.199 5.221 5.243 5.264 5.285 5.307 5.327 5.348 5.369 5.389 5.409 5.429 5.449 5.468 5.488 5.506 5.523 5.541 5.559 5.577 5.594 5.611 5.628 5.644 5.660 5.676 5.691 5.705 5.719 5.733 5.746 5.758 5.770 5.781 5.792 5.803 5.813 5.823 5.832 5.840 5.848 5.857 5.866 5.875 5.884 5.893 5.903 5.913 5.923 5.933 5.943 5.954 5.964 5.975 5.985 5.996 6.006 6.016 6.027 6.037 6.047
4.812 4.840 4.868 4.896 4.922 4.949 4.975 5.000 5.024 5.048 5.072 5.096 5.119 5.142 5.165 5.187 5.209 5.231 5.253 5.274 5.296 5.317 5.337 5.358 5.378 5.399 5.419 5.439 5.458 5.478 5.497 5.515 5.533 5.551 5.569 5.587 5.604 5.622 5.639 5.655 5.672 5.688 5.703 5.718 5.733 5.747 5.760 5.773 5.785 5.797 5.808 5.819 5.829 5.839 5.848 5.856 5.864 5.872 5.880 5.889 5.897 5.906 5.915 5.924 5.933 5.943 5.953 5.963 5.973 5.983 5.993 6.003 6.014 6.024 6.034 6.044 6.055
4.825 4.854 4.882 4.909 4.935 4.962 4.987 5.013 5.037 5.060 5.083 5.107 5.130 5.153 5.176 5.198 5.220 5.242 5.263 5.285 5.306 5.327 5.347 5.368 5.388 5.408 5.428 5.448 5.468 5.487 5.506 5.525 5.542 5.560 5.578 5.596 5.614 5.632 5.649 5.666 5.682 5.699 5.715 5.730 5.745 5.759 5.773 5.787 5.800 5.812 5.824 5.835 5.845 5.856 5.865 5.872 5.880 5.888 5.896 5.904 5.912 5.920 5.929 5.937 5.946 5.954 5.963 5.973 5.982 5.992 6.002 6.012 6.022 6.032 6.042 6.052 6.062
4.839 4.868 4.895 4.922 4.948 4.974 5.000 5.025 5.049 5.072 5.095 5.119 5.142 5.164 5.187 5.209 5.231 5.252 5.273 5.295 5.316 5.336 5.357 5.377 5.397 5.417 5.437 5.457 5.477 5.496 5.515 5.533 5.551 5.569 5.587 5.605 5.623 5.641 5.658 5.675 5.692 5.709 5.725 5.741 5.756 5.771 5.786 5.800 5.813 5.826 5.838 5.850 5.861 5.872 5.881 5.889 5.897 5.905 5.913 5.921 5.928 5.936 5.943 5.951 5.959 5.967 5.976 5.984 5.993 6.002 6.011 6.021 6.030 6.040 6.050 6.060 6.070
4.854 4.882 4.909 4.936 4.962 4.987 5.013 5.038 5.061 5.084 5.107 5.130 5.153 5.175 5.198 5.220 5.241 5.263 5.284 5.305 5.325 5.346 5.366 5.387 5.407 5.427 5.446 5.466 5.485 5.505 5.524 5.542 5.560 5.578 5.596 5.614 5.632 5.650 5.667 5.685 5.702 5.718 5.735 5.751 5.767 5.782 5.797 5.811 5.825 5.839 5.852 5.864 5.876 5.887 5.897 5.905 5.914 5.922 5.930 5.938 5.945 5.952 5.960 5.967 5.974 5.982 5.989 5.997 6.005 6.013 6.022 6.031 6.040 6.049 6.059 6.068 6.078
4.868 4.896 4.923 4.949 4.975 5.001 5.026 5.051 5.074 5.096 5.119 5.142 5.165 5.187 5.209 5.231 5.252 5.273 5.294 5.315 5.335 5.356 5.376 5.396 5.416 5.436 5.455 5.475 5.494 5.513 5.532 5.550 5.568 5.586 5.604 5.622 5.640 5.658 5.676 5.693 5.710 5.727 5.744 5.760 5.776 5.792 5.807 5.822 5.837 5.851 5.864 5.877 5.889 5.901 5.911 5.921 5.930 5.938 5.947 5.955 5.962 5.970 5.977 5.984 5.990 5.997 6.004 6.011 6.019 6.026 6.034 6.042 6.051 6.060 6.068 6.077 6.087
4.883 4.910 4.937 4.964 4.989 5.015 5.039 5.064 5.087 5.109 5.132 5.155 5.177 5.199 5.221 5.242 5.263 5.284 5.305 5.325 5.345 5.366 5.386 5.405 5.425 5.445 5.464 5.483 5.503 5.522 5.541 5.559 5.576 5.594 5.612 5.630 5.648 5.666 5.684 5.701 5.718 5.735 5.752 5.769 5.785 5.801 5.817 5.832 5.847 5.861 5.875 5.889 5.902 5.914 5.925 5.935 5.945 5.954 5.963 5.972 5.980 5.987 5.994 6.001 6.008 6.014 6.021 6.027 6.034 6.041 6.048 6.056 6.063 6.071 6.079 6.088 6.096
4.898 4.925 4.952 4.978 5.004 5.029 5.053 5.077 5.100 5.122 5.145 5.167 5.189 5.211 5.233 5.254 5.275 5.295 5.316 5.336 5.356 5.376 5.395 5.415 5.435 5.454 5.473 5.492 5.511 5.530 5.549 5.567 5.584 5.602 5.620 5.638 5.656 5.674 5.691 5.709 5.726 5.743 5.760 5.777 5.793 5.809 5.825 5.841 5.856 5.871 5.885 5.899 5.913 5.926 5.938 5.948 5.959 5.969 5.979 5.988 5.996 6.004 6.012 6.019 6.026 6.032 6.038 6.045 6.051 6.057 6.064 6.070 6.077 6.084 6.092 6.099 6.107
4.913 4.940 4.967 4.993 5.018 5.043 5.068 5.091 5.114 5.136 5.158 5.181 5.202 5.224 5.245 5.266 5.286 5.307 5.327 5.347 5.367 5.386 5.406 5.425 5.444 5.463 5.482 5.501 5.520 5.539 5.558 5.575 5.592 5.610 5.628 5.646 5.664 5.682 5.699 5.716 5.734 5.751 5.768 5.785 5.801 5.817 5.833 5.849 5.865 5.880 5.895 5.909 5.923 5.937 5.949 5.960 5.972 5.982 5.993 6.003 6.012 6.021 6.029 6.036 6.043 6.050 6.056 6.062 6.068 6.074 6.080 6.086 6.093 6.099 6.106 6.113 6.120
4.929 4.956 4.982 5.008 5.033 5.058 5.082 5.106 5.128 5.150 5.172 5.194 5.216 5.237 5.258 5.279 5.299 5.319 5.339 5.358 5.378 5.397 5.416 5.435 5.454 5.473 5.492 5.511 5.529 5.548 5.566 5.584 5.601 5.618 5.636 5.654 5.672 5.689 5.707 5.724 5.741 5.758 5.775 5.792 5.809 5.825 5.841 5.857 5.873 5.888 5.903 5.918 5.933 5.947 5.960 5.971 5.983 5.995 6.006 6.016 6.026 6.036 6.045 6.053 6.060 6.068 6.074 6.081 6.087 6.092 6.098 6.104 6.110 6.115 6.122 6.128 6.134
4.944 4.971 4.998 5.023 5.049 5.073 5.097 5.121 5.143 5.165 5.187 5.209 5.230 5.251 5.272 5.292 5.312 5.332 5.351 5.371 5.390 5.409 5.428 5.446 5.465 5.484 5.502 5.520 5.539 5.557 5.575 5.592 5.609 5.627 5.644 5.662 5.679 5.697 5.714 5.731 5.749 5.766 5.783 5.799 5.816 5.832 5.849 5.865 5.880 5.896 5.911 5.926 5.941 5.956 5.969 5.981 5.994 6.006 6.018 6.029 6.040 6.050 6.059 6.068 6.077 6.085 6.092 6.098 6.105 6.111 6.117 6.122 6.128 6.133 6.139 6.144 6.150
4.960 4.987 5.013 5.039 5.064 5.089 5.113 5.136 5.158 5.180 5.202 5.223 5.245 5.265 5.286 5.306 5.326 5.345 5.364 5.383 5.402 5.421 5.440 5.458 5.476 5.494 5.513 5.531 5.549 5.567 5.584 5.601 5.618 5.635 5.653 5.670 5.687 5.705 5.722 5.739 5.756 5.773 5.790 5.807 5.823 5.839 5.856 5.872 5.888 5.903 5.919 5.934 5.949 5.964 5.978 5.990 6.003 6.016 6.028 6.040 6.052 6.063 6.073 6.083 6.092 6.100 6.108 6.116 6.122 6.129 6.135 6.141 6.146 6.152 6.157 6.162 6.168
4.976 5.003 5.029 5.055 5.080 5.104 5.128 5.152 5.173 5.195 5.217 5.238 5.260 5.280 5.300 5.320 5.340 5.359 5.378 5.397 5.416 5.434 5.452 5.470 5.488 5.506 5.524 5.541 5.559 5.577 5.594 5.611 5.627 5.644 5.661 5.678 5.696 5.713 5.730 5.747 5.764 5.780 5.797 5.814 5.830 5.847 5.863 5.879 5.895 5.911 5.926 5.942 5.957 5.972 5.986 5.999 6.012 6.025 6.038 6.051 6.063 6.074 6.085 6.096 6.106 6.115 6.124 6.132 6.139 6.146 6.153 6.159 6.165 6.170 6.175 6.181 6.186
4.991 5.018 5.045 5.070 5.095 5.120 5.144 5.167 5.189 5.211 5.233 5.254 5.275 5.295 5.316 5.335 5.355 5.374 5.393 5.411 5.429 5.447 5.465 5.483 5.501 5.518 5.536 5.553 5.570 5.587 5.605 5.621 5.637 5.654 5.670 5.687 5.704 5.721 5.738 5.755 5.771 5.788 5.805 5.821 5.838 5.854 5.870 5.886 5.902 5.918 5.934 5.949 5.964 5.979 5.994 6.007 6.020 6.034 6.047 6.060 6.073 6.085 6.096 6.108 6.118 6.128 6.138 6.147 6.155 6.163 6.170 6.177 6.183 6.189 6.194 6.200 6.205
5.007 5.034 5.060 5.086 5.111 5.136 5.160 5.182 5.204 5.226 5.248 5.269 5.290 5.311 5.331 5.351 5.370 5.389 5.408 5.426 5.444 5.462 5.479 5.497 5.514 5.531 5.548 5.565 5.582 5.599 5.616 5.632 5.647 5.664 5.680 5.697 5.713 5.730 5.746 5.763 5.780 5.796 5.812 5.829 5.845 5.861 5.877 5.893 5.909 5.925 5.941 5.956 5.972 5.987 6.001 6.014 6.028 6.042 6.056 6.069 6.082 6.095 6.107 6.119 6.130 6.141 6.151 6.160 6.169 6.178 6.186 6.193 6.200 6.206 6.212 6.218 6.224
5.022 5.049 5.075 5.101 5.126 5.151 5.175 5.198 5.219 5.242 5.264 5.285 5.306 5.327 5.347 5.366 5.385 5.404 5.423 5.441 5.459 5.477 5.494 5.511 5.528 5.545 5.562 5.578 5.595 5.611 5.628 5.643 5.658 5.674 5.690 5.707 5.723 5.739 5.755 5.772 5.788 5.804 5.821 5.837 5.853 5.869 5.885 5.901 5.917 5.933 5.948 5.964 5.979 5.994 6.008 6.022 6.036 6.050 6.064 6.077 6.091 6.104 6.116 6.129 6.140 6.152 6.163 6.173 6.183 6.192 6.200 6.209 6.216 6.223 6.230 6.236 6.242
5.037 5.064 5.090 5.116 5.141 5.166 5.190 5.213 5.235 5.257 5.279 5.300 5.321 5.342 5.362 5.382 5.401 5.420 5.438 5.457 5.474 5.492 5.509 5.526 5.543 5.559 5.576 5.592 5.608 5.624 5.640 5.655 5.670 5.685 5.701 5.717 5.733 5.749 5.765 5.781 5.797 5.813 5.829 5.845 5.861 5.877 5.893 5.908 5.924 5.940 5.956 5.971 5.987 6.002 6.016 6.029 6.043 6.058 6.072 6.085 6.099 6.112 6.125 6.138 6.150 6.162 6.173 6.184 6.195 6.205 6.214 6.223 6.231 6.239 6.246 6.253 6.259
5.052 5.078 5.104 5.130 5.155 5.180 5.204 5.227 5.249 5.272 5.294 5.315 5.337 5.357 5.377 5.397 5.417 5.435 5.454 5.472 5.490 5.507 5.524 5.541 5.558 5.574 5.590 5.606 5.622 5.638 5.653 5.667 5.682 5.698 5.713 5.728 5.744 5.759 5.775 5.791 5.806 5.822 5.838 5.853 5.869 5.885 5.901 5.916 5.932 5.948 5.963 5.979 5.994 6.009 6.023 6.037 6.051 6.065 6.079 6.094 6.107 6.121 6.134 6.147 6.160 6.172 6.184 6.195 6.206 6.216 6.226 6.236 6.245 6.253 6.261 6.269 6.276
5.066 5.093 5.119 5.144 5.169 5.194 5.219 5.241 5.264 5.286 5.308 5.330 5.351 5.372 5.392 5.412 5.432 5.451 5.469 5.488 5.505 5.523 5.540 5.557 5.573 5.589 5.605 5.621 5.637 5.653 5.667 5.681 5.695 5.710 5.725 5.740 5.755 5.771 5.786 5.801 5.816 5.832 5.847 5.863 5.878 5.894 5.909 5.925 5.940 5.956 5.971 5.987 6.002 6.017 6.031 6.045 6.059 6.073 6.087 6.102 6.115 6.129 6.143 6.156 6.169 6.181 6.193 6.205 6.217 6.228 6.238 6.248 6.258 6.267 6.276 6.284 6.291
5.080 5.106 5.132 5.158 5.183 5.208 5.232 5.255 5.277 5.300 5.322 5.344 5.365 5.386 5.407 5.427 5.446 5.466 5.484 5.503 5.521 5.538 5.555 5.572 5.589 5.605 5.621 5.636 5.652 5.667 5.681 5.695 5.709 5.724 5.738 5.753 5.768 5.782 5.797 5.812 5.827 5.842 5.857 5.872 5.887 5.903 5.918 5.933 5.948 5.964 5.979 5.995 6.010 6.025 6.038 6.052 6.067 6.081 6.095 6.110 6.124 6.137 6.151 6.164 6.178 6.190 6.203 6.215 6.227 6.238 6.249 6.260 6.270 6.279 6.289 6.298 6.306
5.094 5.120 5.146 5.171 5.196 5.221 5.245 5.268 5.290 5.313 5.335 5.357 5.379 5.400 5.421 5.441 5.461 5.480 5.499 5.517 5.535 5.553 5.570 5.587 5.604 5.620 5.636 5.652 5.667 5.682 5.696 5.710 5.724 5.738 5.752 5.766 5.781 5.795 5.809 5.824 5.838 5.853 5.867 5.882 5.897 5.912 5.927 5.942 5.957 5.972 5.988 6.003 6.018 6.033 6.046 6.060 6.075 6.089 6.103 6.118 6.132 6.146 6.160 6.173 6.186 6.199 6.212 6.224 6.237 6.248 6.260 6.271 6.281 6.291 6.301 6.311 6.319
5.107 5.133 5.159 5.184 5.209 5.234 5.258 5.281 5.303 5.326 5.348 5.370 5.392 5.413 5.434 5.454 5.474 5.494 5.513 5.531 5.550 5.567 5.585 5.602 5.619 5.635 5.651 5.667 5.682 5.697 5.711 5.724 5.738 5.752 5.766 5.780 5.794 5.808 5.822 5.836 5.850 5.864 5.878 5.893 5.907 5.922 5.937 5.951 5.966 5.981 5.996 6.012 6.027 6.041 6.055 6.069 6.083 6.097 6.112 6.126 6.140 6.154 6.168 6.182 6.195 6.208 6.221 6.234 6.246 6.258 6.270 6.281 6.292 6.303 6.313 6.323 6.332
5.121 5.147 5.172 5.197 5.222 5.246 5.270 5.293 5.315 5.338 5.360 5.382 5.404 5.425 5.446 5.467 5.487 5.506 5.526 5.545 5.563 5.581 5.599 5.616 5.633 5.649 5.665 5.681 5.697 5.712 5.726 5.739 5.753 5.767 5.781 5.794 5.808 5.822 5.835 5.849 5.862 5.876 5.890 5.904 5.918 5.932 5.947 5.961 5.976 5.991 6.005 6.020 6.035 6.049 6.063 6.077 6.091 6.106 6.120 6.134 6.149 6.163 6.177 6.190 6.204 6.217 6.230 6.243 6.256 6.268 6.280 6.292 6.303 6.314 6.324 6.335 6.344
5.135 5.160 5.185 5.210 5.234 5.258 5.282 5.305 5.327 5.350 5.372 5.394 5.416 5.437 5.458 5.479 5.499 5.519 5.538 5.557 5.576 5.594 5.612 5.629 5.646 5.663 5.679 5.695 5.711 5.726 5.740 5.754 5.768 5.781 5.795 5.809 5.822 5.835 5.849 5.862 5.875 5.889 5.902 5.916 5.930 5.943 5.957 5.972 5.986 6.000 6.015 6.029 6.044 6.058 6.072 6.086 6.100 6.114 6.128 6.143 6.157 6.171 6.185 6.199 6.213 6.226 6.239 6.252 6.265 6.278 6.290 6.302 6.313 6.325 6.335 6.346 6.355
5.148 5.173 5.198 5.223 5.247 5.271 5.294 5.317 5.339 5.361 5.383 5.405 5.427 5.448 5.469 5.490 5.510 5.530 5.549 5.569 5.587 5.606 5.624 5.642 5.659 5.676 5.692 5.709 5.724 5.740 5.754 5.768 5.782 5.796 5.809 5.823 5.836 5.849 5.863 5.876 5.889 5.902 5.915 5.928 5.941 5.955 5.969 5.982 5.996 6.010 6.024 6.039 6.054 6.067 6.081 6.094 6.108 6.123 6.137 6.151 6.166 6.180 6.194 6.208 6.222 6.235 6.248 6.262 6.275 6.287 6.300 6.312 6.324 6.335 6.346 6.357 6.367
5.162 5.187 5.211 5.235 5.259 5.283 5.306 5.329 5.350 5.372 5.395 5.416 5.438 5.459 5.480 5.501 5.521 5.541 5.560 5.580 5.599 5.617 5.635 5.653 5.671 5.688 5.705 5.721 5.737 5.753 5.768 5.781 5.795 5.809 5.823 5.837 5.850 5.863 5.876 5.889 5.902 5.915 5.928 5.941 5.954 5.967 5.980 5.993 6.007 6.021 6.035 6.049 6.063 6.077 6.090 6.103 6.117 6.131 6.146 6.160 6.174 6.188 6.202 6.216 6.230 6.244 6.258 6.271 6.284 6.297 6.309 6.322 6.334 6.345 6.357 6.368 6.378
5.175 5.200 5.224 5.248 5.272 5.295 5.318 5.340 5.362 5.384 5.406 5.427 5.449 5.470 5.490 5.511 5.531 5.551 5.571 5.590 5.609 5.628 5.646 5.664 5.682 5.699 5.716 5.733 5.749 5.765 5.780 5.794 5.808 5.822 5.836 5.850 5.864 5.877 5.890 5.903 5.916 5.928 5.941 5.954 5.966 5.979 5.992 6.005 6.018 6.031 6.045 6.059 6.073 6.086 6.099 6.112 6.126 6.140 6.154 6.169 6.183 6.197 6.211 6.225 6.239 6.253 6.266 6.280 6.293 6.306 6.319 6.331 6.344 6.356 6.367 6.379 6.389
5.189 5.213 5.237 5.261 5.284 5.308 5.330 5.352 5.373 5.395 5.417 5.438 5.459 5.480 5.501 5.521 5.541 5.561 5.581 5.600 5.619 5.638 5.656 5.674 5.692 5.710 5.727 5.744 5.760 5.776 5.791 5.806 5.820 5.835 5.849 5.863 5.877 5.890 5.903 5.916 5.929 5.941 5.954 5.966 5.979 5.991 6.004 6.017 6.029 6.042 6.056 6.069 6.083 6.096 6.108 6.122 6.135 6.149 6.163 6.177 6.191 6.206 6.220 6.234 6.248 6.262 6.275 6.289 6.302 6.315 6.328 6.341 6.354 6.366 6.378 6.390 6.400
5.203 5.227 5.251 5.274 5.297 5.320 5.342 5.364 5.385 5.406 5.428 5.449 5.470 5.491 5.511 5.531 5.551 5.571 5.590 5.609 5.628 5.647 5.666 5.684 5.702 5.719 5.737 5.754 5.770 5.787 5.802 5.817 5.831 5.846 5.861 5.875 5.889 5.902 5.916 5.929 5.942 5.954 5.967 5.979 5.991 6.004 6.016 6.028 6.041 6.054 6.067 6.080 6.093 6.106 6.118 6.131 6.144 6.158 6.172 6.186 6.200 6.214 6.228 6.242 6.256 6.270 6.284 6.297 6.311 6.324 6.338 6.350 6.363 6.376 6.388 6.400 6.411
5.216 5.240 5.264 5.287 5.310 5.333 5.355 5.376 5.397 5.418 5.439 5.460 5.481 5.501 5.521 5.541 5.561 5.580 5.600 5.619 5.638 5.656 5.675 5.693 5.711 5.728 5.746 5.763 5.780 5.796 5.812 5.827 5.842 5.857 5.871 5.886 5.900 5.914 5.928 5.941 5.954 5.966 5.979 5.991 6.004 6.016 6.028 6.040 6.053 6.065 6.078 6.090 6.103 6.116 6.128 6.140 6.153 6.167 6.181 6.194 6.208 6.222 6.236 6.250 6.264 6.278 6.292 6.306 6.320 6.333 6.346 6.360 6.372 6.385 6.398 6.410 6.421
5.229 5.253 5.277 5.300 5.323 5.345 5.367 5.388 5.408 5.429 5.450 5.471 5.491 5.512 5.532 5.551 5.571 5.590 5.609 5.628 5.647 5.665 5.684 5.702 5.720 5.737 5.755 5.772 5.789 5.805 5.821 5.836 5.851 5.866 5.881 5.896 5.911 5.925 5.939 5.952 5.965 5.978 5.991 6.003 6.016 6.028 6.040 6.052 6.064 6.076 6.089 6.101 6.114 6.126 6.137 6.150 6.163 6.176 6.189 6.203 6.217 6.231 6.244 6.258 6.272 6.286 6.300 6.314 6.328 6.341 6.355 6.368 6.381 6.394 6.407 6.420 6.431
5.242 5.266 5.289 5.312 5.335 5.358 5.379 5.399 5.420 5.441 5.462 5.482 5.502 5.522 5.542 5.562 5.581 5.600 5.619 5.638 5.656 5.674 5.692 5.710 5.728 5.746 5.763 5.780 5.797 5.814 5.830 5.845 5.860 5.875 5.891 5.906 5.920 5.935 5.949 5.963 5.976 5.989 6.002 6.015 6.027 6.039 6.051 6.064 6.076 6.088 6.100 6.112 6.124 6.136 6.147 6.159 6.172 6.185 6.198 6.211 6.225 6.239 6.252 6.266 6.280 6.294 6.308 6.322 6.336 6.349 6.363 6.377 6.390 6.403 6.416 6.429 6.441
5.254 5.278 5.301 5.324 5.347 5.369 5.390 5.411 5.432 5.452 5.473 5.493 5.513 5.533 5.553 5.572 5.591 5.610 5.629 5.647 5.665 5.683 5.701 5.719 5.737 5.754 5.771 5.789 5.806 5.822 5.838 5.853 5.868 5.884 5.899 5.914 5.929 5.944 5.958 5.972 5.986 5.999 6.012 6.025 6.038 6.050 6.063 6.075 6.087 6.099 6.111 6.122 6.135 6.146 6.157 6.169 6.181 6.194 6.207 6.220 6.233 6.247 6.260 6.274 6.288 6.302 6.316 6.330 6.343 6.357 6.371 6.385 6.398 6.411 6.425 6.438 6.450
5.266 5.290 5.313 5.336 5.359 5.381 5.402 5.422 5.443 5.464 5.484 5.504 5.524 5.544 5.563 5.582 5.601 5.620 5.638 5.657 5.675 5.693 5.710 5.728 5.745 5.763 5.780 5.797 5.814 5.830 5.845 5.860 5.876 5.892 5.907 5.923 5.938 5.952 5.967 5.981 5.995 6.009 6.022 6.035 6.048 6.061 6.073 6.085 6.097 6.109 6.121 6.133 6.145 6.156 6.167 6.178 6.190 6.203 6.215 6.228 6.241 6.255 6.268 6.282 6.295 6.309 6.323 6.337 6.351 6.364 6.378 6.392 6.406 6.419 6.433 6.446 6.458
