version2/TsunamiDB/out54057.asc
ncols          264
nrows          230
xllcorner      497853.4375
yllcorner      4229146.0000
cellsize         5.
NODATA_value   -99
[rows 165 to 197 of 230, columns 148 to 221 of 264]
6.636 6.661 6.687 6.713 6.740 6.767 6.793 6.820 6.845 6.870 6.892 6.913 6.932 6.948 6.962 6.973 6.982 6.993 7.010 7.039 7.075 7.118 7.173 7.237 7.310 7.392 7.480 7.571 7.659 7.731 7.809 7.905 8.000 8.090 8.176 8.258 8.336 8.409 8.477 8.520 8.566 8.631 8.694 8.754 8.809 8.861 8.908 8.946 8.974 8.989 9.004 9.030 9.055 9.079 9.099 9.118 9.136 9.151 9.165 9.168 9.172 9.186 9.199 9.212 9.225 9.237 9.249 9.259 9.266 9.266 9.267 9.275 9.282 9.288
6.642 6.667 6.693 6.720 6.747 6.774 6.802 6.830 6.856 6.882 6.907 6.929 6.950 6.968 6.983 6.995 7.005 7.015 7.032 7.062 7.098 7.142 7.198 7.265 7.343 7.428 7.519 7.616 7.707 7.777 7.855 7.953 8.048 8.139 8.225 8.308 8.385 8.461 8.528 8.569 8.613 8.678 8.739 8.796 8.849 8.899 8.944 8.977 9.001 9.015 9.029 9.053 9.076 9.098 9.117 9.135 9.152 9.167 9.181 9.184 9.188 9.201 9.214 9.228 9.240 9.253 9.264 9.273 9.279 9.279 9.280 9.286 9.293 9.298
6.650 6.675 6.700 6.727 6.755 6.783 6.811 6.840 6.868 6.895 6.921 6.945 6.967 6.987 7.004 7.017 7.027 7.038 7.056 7.087 7.125 7.169 7.228 7.298 7.379 7.467 7.564 7.663 7.752 7.822 7.900 7.999 8.095 8.187 8.274 8.357 8.437 8.511 8.577 8.616 8.659 8.721 8.780 8.836 8.887 8.933 8.974 9.004 9.028 9.040 9.053 9.075 9.096 9.117 9.135 9.152 9.168 9.183 9.196 9.199 9.203 9.216 9.229 9.243 9.255 9.267 9.278 9.285 9.291 9.291 9.291 9.297 9.302 9.307
6.659 6.683 6.709 6.736 6.763 6.792 6.821 6.850 6.879 6.907 6.935 6.961 6.985 7.006 7.025 7.040 7.052 7.064 7.083 7.116 7.154 7.201 7.261 7.335 7.418 7.510 7.609 7.707 7.796 7.865 7.943 8.043 8.141 8.235 8.322 8.407 8.487 8.560 8.623 8.661 8.702 8.762 8.819 8.873 8.921 8.964 9.001 9.029 9.052 9.064 9.076 9.096 9.117 9.136 9.153 9.169 9.184 9.198 9.211 9.214 9.217 9.230 9.244 9.257 9.269 9.281 9.290 9.297 9.303 9.302 9.302 9.306 9.311 9.315
6.670 6.694 6.719 6.746 6.773 6.802 6.831 6.861 6.891 6.920 6.949 6.977 7.002 7.026 7.047 7.064 7.078 7.091 7.112 7.147 7.187 7.235 7.298 7.373 7.458 7.552 7.652 7.749 7.837 7.906 7.985 8.087 8.186 8.281 8.370 8.455 8.535 8.606 8.666 8.703 8.743 8.801 8.855 8.906 8.951 8.991 9.026 9.054 9.076 9.087 9.098 9.118 9.137 9.154 9.170 9.185 9.200 9.214 9.225 9.228 9.231 9.244 9.258 9.271 9.283 9.293 9.302 9.308 9.313 9.312 9.311 9.315 9.318 9.321
6.683 6.706 6.731 6.757 6.785 6.813 6.843 6.873 6.904 6.934 6.964 6.993 7.021 7.046 7.069 7.089 7.105 7.121 7.144 7.180 7.222 7.272 7.337 7.413 7.499 7.592 7.692 7.788 7.878 7.947 8.027 8.130 8.230 8.327 8.417 8.502 8.580 8.649 8.707 8.743 8.781 8.836 8.888 8.937 8.979 9.017 9.050 9.076 9.098 9.109 9.120 9.138 9.156 9.173 9.188 9.202 9.216 9.228 9.240 9.242 9.245 9.258 9.271 9.284 9.295 9.304 9.312 9.318 9.323 9.321 9.319 9.322 9.324 9.325
6.699 6.721 6.745 6.771 6.798 6.826 6.856 6.887 6.918 6.949 6.980 7.011 7.040 7.068 7.093 7.115 7.134 7.152 7.177 7.215 7.259 7.310 7.376 7.453 7.537 7.629 7.728 7.826 7.917 7.987 8.067 8.172 8.274 8.371 8.461 8.545 8.623 8.690 8.746 8.780 8.816 8.869 8.919 8.964 9.005 9.041 9.072 9.098 9.120 9.131 9.140 9.159 9.176 9.191 9.205 9.218 9.231 9.242 9.254 9.256 9.258 9.271 9.284 9.296 9.306 9.315 9.322 9.327 9.331 9.328 9.325 9.327 9.328 9.327
6.716 6.738 6.761 6.786 6.813 6.841 6.871 6.902 6.933 6.966 6.998 7.030 7.061 7.091 7.119 7.143 7.164 7.184 7.211 7.251 7.296 7.348 7.414 7.490 7.572 7.664 7.762 7.862 7.956 8.026 8.107 8.214 8.316 8.413 8.503 8.587 8.663 8.728 8.781 8.814 8.848 8.899 8.946 8.990 9.029 9.063 9.094 9.120 9.141 9.151 9.161 9.178 9.194 9.209 9.222 9.233 9.245 9.256 9.267 9.269 9.271 9.283 9.296 9.307 9.316 9.324 9.330 9.335 9.338 9.334 9.330 9.330 9.329 9.325
6.736 6.757 6.779 6.804 6.830 6.858 6.887 6.918 6.950 6.983 7.017 7.050 7.083 7.115 7.145 7.172 7.195 7.217 7.246 7.287 7.333 7.385 7.450 7.525 7.607 7.697 7.796 7.897 7.994 8.065 8.147 8.255 8.356 8.453 8.542 8.624 8.699 8.762 8.813 8.844 8.877 8.925 8.971 9.013 9.051 9.085 9.115 9.140 9.161 9.170 9.179 9.196 9.212 9.226 9.237 9.248 9.259 9.270 9.280 9.282 9.283 9.295 9.306 9.316 9.325 9.332 9.337 9.341 9.342 9.337 9.332 9.330 9.327 9.321
6.759 6.779 6.800 6.823 6.849 6.876 6.906 6.937 6.969 7.003 7.037 7.072 7.106 7.140 7.172 7.201 7.226 7.250 7.281 7.322 7.369 7.421 7.485 7.559 7.640 7.729 7.828 7.931 8.030 8.103 8.185 8.292 8.393 8.489 8.577 8.658 8.732 8.793 8.843 8.873 8.904 8.950 8.994 9.035 9.071 9.105 9.134 9.159 9.180 9.189 9.197 9.214 9.228 9.242 9.253 9.263 9.272 9.282 9.293 9.294 9.295 9.306 9.316 9.325 9.332 9.338 9.343 9.345 9.345 9.339 9.332 9.328 9.322 9.313
6.783 6.802 6.823 6.846 6.870 6.897 6.926 6.957 6.990 7.024 7.059 7.095 7.131 7.166 7.200 7.231 7.258 7.284 7.314 7.356 7.403 7.454 7.518 7.591 7.671 7.760 7.858 7.963 8.068 8.141 8.222 8.328 8.429 8.524 8.610 8.691 8.763 8.823 8.870 8.898 8.928 8.973 9.016 9.056 9.091 9.124 9.154 9.178 9.198 9.207 9.215 9.230 9.245 9.257 9.268 9.277 9.286 9.295 9.306 9.306 9.306 9.316 9.325 9.332 9.338 9.343 9.347 9.348 9.346 9.338 9.328 9.322 9.314 9.301
6.808 6.827 6.848 6.870 6.894 6.920 6.949 6.979 7.012 7.047 7.083 7.119 7.156 7.193 7.229 7.262 7.290 7.315 7.346 7.389 7.435 7.486 7.549 7.621 7.702 7.791 7.890 8.002 8.108 8.178 8.258 8.364 8.464 8.556 8.642 8.721 8.792 8.849 8.893 8.921 8.951 8.994 9.036 9.075 9.110 9.143 9.172 9.195 9.214 9.223 9.231 9.246 9.260 9.272 9.282 9.291 9.298 9.308 9.318 9.317 9.316 9.325 9.332 9.338 9.343 9.347 9.349 9.348 9.344 9.334 9.322 9.313 9.301 9.283
6.835 6.854 6.874 6.896 6.919 6.945 6.973 7.004 7.036 7.071 7.107 7.145 7.183 7.221 7.258 7.291 7.320 7.347 7.378 7.421 7.467 7.518 7.580 7.653 7.734 7.826 7.930 8.043 8.144 8.213 8.292 8.397 8.495 8.587 8.671 8.748 8.815 8.870 8.915 8.942 8.971 9.014 9.055 9.093 9.128 9.160 9.188 9.211 9.230 9.238 9.246 9.261 9.274 9.286 9.296 9.304 9.312 9.321 9.330 9.328 9.326 9.333 9.338 9.343 9.346 9.348 9.348 9.345 9.339 9.327 9.313 9.300 9.284 9.261
6.861 6.881 6.902 6.923 6.946 6.972 6.999 7.029 7.062 7.097 7.133 7.171 7.210 7.248 7.286 7.320 7.350 7.378 7.410 7.453 7.499 7.550 7.613 7.687 7.770 7.864 7.971 8.079 8.177 8.245 8.323 8.426 8.523 8.614 8.696 8.770 8.835 8.889 8.935 8.962 8.989 9.032 9.073 9.111 9.145 9.176 9.203 9.226 9.245 9.253 9.260 9.274 9.288 9.300 9.309 9.318 9.325 9.333 9.340 9.337 9.334 9.339 9.343 9.346 9.347 9.347 9.345 9.340 9.332 9.317 9.299 9.283 9.261 9.232
6.888 6.909 6.930 6.952 6.975 7.000 7.027 7.056 7.089 7.123 7.160 7.198 7.237 7.276 7.314 7.350 7.381 7.409 7.441 7.485 7.531 7.583 7.647 7.722 7.807 7.903 8.008 8.113 8.208 8.275 8.352 8.453 8.549 8.638 8.718 8.789 8.853 8.907 8.952 8.979 9.007 9.049 9.090 9.127 9.161 9.191 9.217 9.240 9.259 9.267 9.273 9.288 9.302 9.314 9.323 9.331 9.338 9.345 9.350 9.346 9.341 9.344 9.346 9.347 9.346 9.344 9.339 9.332 9.322 9.304 9.282 9.260 9.233 9.197
6.914 6.936 6.958 6.980 7.003 7.028 7.055 7.084 7.116 7.150 7.187 7.225 7.264 7.304 7.343 7.379 7.410 7.439 7.473 7.518 7.566 7.618 7.683 7.760 7.845 7.939 8.041 8.143 8.236 8.302 8.378 8.478 8.572 8.659 8.737 8.807 8.869 8.923 8.969 8.996 9.023 9.065 9.105 9.142 9.175 9.204 9.231 9.253 9.272 9.280 9.286 9.301 9.315 9.327 9.336 9.344 9.350 9.355 9.359 9.353 9.347 9.348 9.348 9.347 9.343 9.338 9.331 9.321 9.308 9.286 9.259 9.232 9.198 9.155
6.939 6.963 6.986 7.009 7.032 7.057 7.083 7.112 7.143 7.177 7.214 7.252 7.291 7.331 7.371 7.407 7.440 7.471 7.506 7.551 7.601 7.654 7.720 7.797 7.880 7.972 8.071 8.169 8.262 8.328 8.402 8.500 8.593 8.678 8.754 8.823 8.885 8.938 8.985 9.011 9.038 9.080 9.120 9.156 9.188 9.218 9.243 9.266 9.285 9.293 9.299 9.314 9.328 9.339 9.348 9.356 9.361 9.365 9.367 9.360 9.352 9.351 9.348 9.344 9.338 9.330 9.320 9.307 9.290 9.264 9.231 9.198 9.156 9.106
6.963 6.988 7.012 7.036 7.060 7.085 7.111 7.140 7.171 7.204 7.241 7.279 7.318 7.358 7.398 7.436 7.470 7.502 7.538 7.585 7.636 7.690 7.757 7.832 7.913 8.002 8.098 8.195 8.286 8.352 8.425 8.522 8.613 8.696 8.771 8.838 8.899 8.953 9.000 9.026 9.052 9.094 9.134 9.170 9.201 9.230 9.255 9.278 9.298 9.305 9.311 9.326 9.340 9.351 9.360 9.367 9.371 9.374 9.374 9.365 9.355 9.352 9.346 9.340 9.331 9.320 9.306 9.289 9.268 9.236 9.197 9.157 9.109 9.052
6.985 7.011 7.037 7.062 7.087 7.112 7.138 7.167 7.197 7.231 7.267 7.305 7.344 7.385 7.426 7.464 7.499 7.532 7.570 7.619 7.671 7.726 7.792 7.866 7.944 8.030 8.124 8.220 8.311 8.376 8.448 8.543 8.632 8.714 8.787 8.853 8.914 8.967 9.013 9.039 9.065 9.107 9.146 9.182 9.213 9.241 9.266 9.289 9.309 9.316 9.322 9.338 9.351 9.362 9.370 9.376 9.380 9.381 9.379 9.368 9.357 9.350 9.342 9.333 9.320 9.305 9.288 9.266 9.240 9.202 9.157 9.110 9.055 8.994
7.005 7.033 7.060 7.086 7.112 7.137 7.164 7.192 7.223 7.256 7.292 7.330 7.370 7.411 7.452 7.491 7.528 7.563 7.602 7.652 7.706 7.761 7.826 7.899 7.975 8.058 8.149 8.243 8.335 8.399 8.470 8.563 8.650 8.730 8.802 8.867 8.927 8.980 9.026 9.052 9.077 9.119 9.158 9.193 9.223 9.251 9.277 9.299 9.319 9.327 9.333 9.348 9.361 9.371 9.379 9.384 9.387 9.386 9.382 9.370 9.356 9.347 9.336 9.323 9.307 9.288 9.265 9.238 9.206 9.162 9.110 9.057 8.998 8.934
7.024 7.053 7.081 7.109 7.135 7.161 7.188 7.216 7.247 7.280 7.315 7.354 7.394 7.436 7.478 7.518 7.556 7.592 7.633 7.684 7.739 7.795 7.859 7.930 8.004 8.085 8.173 8.266 8.359 8.423 8.492 8.583 8.668 8.746 8.816 8.881 8.941 8.993 9.039 9.064 9.089 9.130 9.168 9.203 9.234 9.262 9.287 9.309 9.330 9.337 9.343 9.358 9.370 9.380 9.387 9.391 9.393 9.391 9.384 9.370 9.354 9.341 9.327 9.310 9.290 9.266 9.238 9.205 9.167 9.116 9.059 9.001 8.940 8.876
7.040 7.071 7.100 7.129 7.156 7.183 7.210 7.239 7.269 7.302 7.338 7.377 7.417 7.459 7.502 7.542 7.581 7.619 7.661 7.715 7.771 7.827 7.891 7.959 8.032 8.111 8.197 8.293 8.387 8.448 8.514 8.604 8.686 8.762 8.832 8.896 8.954 9.005 9.050 9.075 9.099 9.140 9.178 9.213 9.244 9.271 9.296 9.319 9.340 9.347 9.352 9.367 9.378 9.387 9.393 9.396 9.397 9.392 9.383 9.366 9.348 9.332 9.314 9.293 9.268 9.239 9.205 9.167 9.123 9.066 9.004 8.944 8.883 8.822
7.055 7.087 7.117 7.147 7.175 7.203 7.230 7.259 7.289 7.322 7.358 7.397 7.439 7.481 7.523 7.564 7.604 7.643 7.689 7.745 7.802 7.859 7.922 7.990 8.062 8.140 8.227 8.323 8.412 8.472 8.537 8.623 8.704 8.779 8.847 8.909 8.966 9.017 9.062 9.085 9.109 9.150 9.187 9.222 9.253 9.280 9.305 9.328 9.349 9.355 9.360 9.374 9.385 9.393 9.397 9.399 9.397 9.390 9.379 9.360 9.339 9.320 9.297 9.272 9.242 9.207 9.168 9.124 9.075 9.014 8.949 8.889 8.830 8.774
7.068 7.101 7.133 7.163 7.192 7.221 7.249 7.277 7.308 7.340 7.376 7.416 7.457 7.500 7.542 7.583 7.624 7.667 7.717 7.775 7.833 7.890 7.954 8.021 8.093 8.171 8.259 8.351 8.436 8.495 8.559 8.643 8.723 8.796 8.862 8.923 8.979 9.028 9.073 9.095 9.118 9.158 9.197 9.231 9.261 9.289 9.314 9.337 9.356 9.362 9.366 9.379 9.389 9.396 9.399 9.399 9.394 9.385 9.372 9.351 9.326 9.303 9.277 9.246 9.211 9.171 9.126 9.077 9.024 8.961 8.895 8.837 8.783 8.732
7.080 7.113 7.146 7.177 7.207 7.236 7.265 7.294 7.324 7.357 7.392 7.431 7.473 7.515 7.557 7.600 7.643 7.690 7.743 7.803 7.862 7.922 7.986 8.053 8.125 8.204 8.289 8.377 8.460 8.518 8.581 8.664 8.742 8.813 8.878 8.937 8.991 9.039 9.083 9.105 9.127 9.167 9.205 9.239 9.270 9.297 9.322 9.344 9.362 9.367 9.370 9.382 9.391 9.396 9.397 9.395 9.388 9.377 9.362 9.338 9.310 9.283 9.252 9.216 9.176 9.131 9.082 9.029 8.974 8.910 8.845 8.791 8.742 8.697
7.090 7.124 7.158 7.190 7.221 7.251 7.279 7.308 7.338 7.370 7.406 7.444 7.485 7.527 7.570 7.615 7.662 7.713 7.769 7.830 7.892 7.953 8.018 8.087 8.158 8.235 8.317 8.403 8.485 8.543 8.604 8.686 8.762 8.832 8.894 8.951 9.003 9.050 9.093 9.115 9.136 9.176 9.213 9.247 9.277 9.305 9.329 9.349 9.366 9.370 9.372 9.382 9.389 9.393 9.392 9.387 9.379 9.365 9.348 9.321 9.289 9.258 9.223 9.183 9.137 9.088 9.036 8.981 8.925 8.862 8.801 8.751 8.707 8.668
7.099 7.134 7.168 7.201 7.233 7.263 7.292 7.320 7.349 7.381 7.416 7.454 7.494 7.536 7.581 7.628 7.679 7.734 7.793 7.857 7.920 7.984 8.051 8.120 8.190 8.264 8.343 8.427 8.510 8.568 8.628 8.709 8.785 8.853 8.912 8.966 9.016 9.061 9.104 9.124 9.145 9.184 9.222 9.255 9.284 9.311 9.334 9.353 9.368 9.371 9.372 9.380 9.385 9.387 9.384 9.377 9.366 9.350 9.330 9.300 9.265 9.230 9.191 9.146 9.097 9.045 8.990 8.935 8.880 8.819 8.762 8.717 8.678 8.645
7.107 7.142 7.177 7.211 7.243 7.274 7.303 7.330 7.358 7.389 7.423 7.460 7.500 7.544 7.590 7.641 7.696 7.755 7.817 7.882 7.947 8.013 8.082 8.150 8.219 8.291 8.368 8.453 8.536 8.595 8.654 8.735 8.810 8.874 8.931 8.982 9.028 9.073 9.115 9.134 9.154 9.193 9.230 9.262 9.291 9.316 9.337 9.355 9.369 9.370 9.369 9.375 9.378 9.378 9.373 9.364 9.350 9.332 9.309 9.276 9.237 9.199 9.156 9.108 9.057 9.002 8.946 8.892 8.840 8.782 8.729 8.689 8.655 8.626
7.114 7.150 7.185 7.220 7.252 7.283 7.311 7.337 7.365 7.395 7.428 7.463 7.504 7.549 7.599 7.653 7.712 7.775 7.839 7.906 7.972 8.040 8.110 8.179 8.247 8.318 8.394 8.479 8.565 8.624 8.683 8.763 8.835 8.896 8.949 8.997 9.041 9.085 9.127 9.145 9.164 9.202 9.237 9.268 9.295 9.319 9.339 9.355 9.367 9.366 9.364 9.368 9.369 9.366 9.359 9.347 9.331 9.311 9.285 9.249 9.207 9.166 9.120 9.070 9.016 8.961 8.906 8.853 8.804 8.751 8.701 8.666 8.636 8.611
7.121 7.157 7.192 7.227 7.260 7.290 7.318 7.343 7.369 7.398 7.430 7.466 7.507 7.554 7.606 7.664 7.727 7.792 7.859 7.926 7.994 8.063 8.136 8.206 8.275 8.346 8.421 8.506 8.595 8.655 8.714 8.792 8.861 8.919 8.969 9.014 9.055 9.097 9.138 9.155 9.173 9.210 9.244 9.273 9.299 9.321 9.340 9.354 9.363 9.360 9.356 9.358 9.357 9.352 9.342 9.328 9.310 9.287 9.259 9.220 9.175 9.132 9.084 9.032 8.978 8.923 8.870 8.819 8.774 8.724 8.679 8.648 8.622 8.599
7.127 7.163 7.199 7.233 7.266 7.296 7.322 7.346 7.370 7.399 7.431 7.467 7.509 7.557 7.612 7.675 7.741 7.809 7.877 7.946 8.014 8.086 8.161 8.233 8.303 8.375 8.449 8.535 8.631 8.691 8.747 8.822 8.888 8.943 8.989 9.031 9.069 9.109 9.151 9.167 9.184 9.219 9.251 9.279 9.302 9.323 9.340 9.352 9.358 9.353 9.347 9.346 9.343 9.336 9.324 9.308 9.287 9.262 9.231 9.190 9.143 9.097 9.049 8.997 8.943 8.889 8.838 8.790 8.749 8.704 8.662 8.634 8.610 8.590
7.132 7.168 7.204 7.238 7.270 7.300 7.325 7.347 7.370 7.399 7.432 7.468 7.512 7.562 7.620 7.685 7.754 7.824 7.893 7.963 8.032 8.108 8.185 8.259 8.333 8.406 8.480 8.577 8.675 8.730 8.783 8.854 8.915 8.966 9.010 9.049 9.083 9.124 9.166 9.180 9.195 9.229 9.258 9.283 9.305 9.324 9.339 9.348 9.351 9.345 9.337 9.334 9.328 9.318 9.304 9.286 9.263 9.235 9.202 9.159 9.111 9.064 9.015 8.964 8.912 8.860 8.811 8.768 8.731 8.687 8.649 8.623 8.602 8.583
7.137 7.173 7.208 7.242 7.273 7.301 7.325 7.347 7.370 7.400 7.433 7.471 7.516 7.569 7.629 7.694 7.764 7.837 7.911 7.982 8.052 8.131 8.212 8.291 8.368 8.445 8.529 8.627 8.716 8.767 8.817 8.884 8.941 8.989 9.030 9.067 9.103 9.143 9.180 9.193 9.206 9.237 9.264 9.287 9.307 9.323 9.335 9.341 9.343 9.335 9.325 9.320 9.311 9.300 9.283 9.263 9.238 9.208 9.174 9.129 9.080 9.033 8.984 8.934 8.884 8.835 8.790 8.750 8.716 8.675 8.639 8.615 8.595 8.578
