version2/TsunamiDB/out54138.asc
ncols          264
nrows          230
xllcorner      497853.4375
yllcorner      4229146.0000
cellsize         5.
NODATA_value   -99
[rows 170 to 203 of 230, columns 154 to 230 of 264]
7.311 7.314 7.317 7.319 7.322 7.324 7.326 7.328 7.329 7.328 7.324 7.315 7.305 7.296 7.286 7.278 7.274 7.280 7.294 7.317 7.352 7.392 7.435 7.468 7.507 7.566 7.626 7.687 7.745 7.802 7.857 7.905 7.948 7.976 8.004 8.044 8.082 8.118 8.150 8.178 8.204 8.226 8.246 8.258 8.270 8.288 8.305 8.322 8.337 8.352 8.367 8.380 8.393 8.401 8.409 8.422 8.436 8.449 8.461 8.472 8.482 8.490 8.498 8.503 8.507 8.514 8.520 8.527 8.533 8.538 8.544 8.549 8.554 8.557 8.560 8.566 8.572
7.313 7.316 7.319 7.322 7.324 7.327 7.329 7.331 7.332 7.331 7.327 7.319 7.309 7.301 7.293 7.285 7.285 7.292 7.308 7.333 7.368 7.411 7.456 7.490 7.531 7.591 7.653 7.715 7.774 7.831 7.885 7.932 7.974 7.999 8.026 8.064 8.101 8.134 8.164 8.192 8.216 8.238 8.257 8.269 8.281 8.298 8.314 8.330 8.345 8.359 8.373 8.386 8.399 8.407 8.414 8.427 8.441 8.454 8.465 8.476 8.485 8.494 8.501 8.505 8.509 8.516 8.522 8.528 8.534 8.539 8.545 8.550 8.555 8.558 8.561 8.567 8.573
7.315 7.318 7.321 7.325 7.327 7.330 7.332 7.334 7.336 7.335 7.332 7.324 7.314 7.307 7.300 7.295 7.296 7.305 7.322 7.348 7.385 7.430 7.478 7.513 7.555 7.618 7.681 7.744 7.803 7.859 7.912 7.958 7.997 8.021 8.047 8.083 8.117 8.149 8.178 8.204 8.228 8.249 8.268 8.279 8.291 8.307 8.323 8.338 8.352 8.366 8.379 8.392 8.405 8.412 8.420 8.433 8.446 8.458 8.469 8.480 8.489 8.497 8.504 8.508 8.511 8.518 8.524 8.529 8.535 8.540 8.545 8.550 8.556 8.559 8.562 8.568 8.575
7.318 7.321 7.324 7.328 7.331 7.333 7.336 7.338 7.340 7.340 7.337 7.329 7.321 7.315 7.310 7.306 7.309 7.319 7.337 7.365 7.403 7.450 7.501 7.538 7.581 7.645 7.709 7.771 7.830 7.885 7.937 7.981 8.018 8.041 8.065 8.099 8.132 8.163 8.191 8.216 8.239 8.260 8.278 8.289 8.300 8.316 8.331 8.346 8.359 8.372 8.385 8.398 8.411 8.418 8.425 8.438 8.451 8.463 8.473 8.483 8.492 8.500 8.507 8.510 8.513 8.519 8.525 8.530 8.535 8.540 8.545 8.551 8.557 8.560 8.563 8.569 8.576
7.320 7.324 7.328 7.331 7.334 7.337 7.340 7.343 7.345 7.346 7.343 7.336 7.329 7.324 7.320 7.318 7.322 7.334 7.353 7.382 7.421 7.470 7.523 7.562 7.606 7.671 7.735 7.797 7.854 7.909 7.960 8.003 8.039 8.060 8.083 8.115 8.147 8.176 8.203 8.228 8.251 8.271 8.288 8.299 8.309 8.324 8.339 8.354 8.366 8.379 8.391 8.403 8.416 8.424 8.431 8.443 8.456 8.467 8.477 8.487 8.495 8.503 8.509 8.512 8.515 8.521 8.526 8.531 8.536 8.541 8.546 8.551 8.557 8.560 8.564 8.570 8.577
7.323 7.327 7.331 7.335 7.338 7.342 7.345 7.348 7.351 7.352 7.350 7.344 7.337 7.334 7.331 7.330 7.336 7.349 7.369 7.399 7.439 7.490 7.548 7.588 7.632 7.697 7.761 7.822 7.879 7.934 7.983 8.025 8.058 8.078 8.100 8.131 8.161 8.190 8.216 8.240 8.262 8.282 8.299 8.309 8.319 8.333 8.348 8.362 8.374 8.386 8.398 8.410 8.423 8.430 8.437 8.449 8.461 8.472 8.481 8.491 8.499 8.506 8.512 8.514 8.517 8.522 8.527 8.532 8.537 8.541 8.546 8.552 8.558 8.561 8.565 8.571 8.578
7.327 7.331 7.335 7.339 7.343 7.346 7.350 7.354 7.357 7.359 7.358 7.353 7.346 7.344 7.343 7.343 7.350 7.364 7.386 7.417 7.459 7.516 7.577 7.615 7.659 7.725 7.788 7.848 7.904 7.957 8.006 8.044 8.076 8.095 8.116 8.146 8.175 8.203 8.229 8.252 8.274 8.293 8.309 8.319 8.328 8.343 8.357 8.370 8.382 8.394 8.405 8.417 8.431 8.437 8.444 8.455 8.466 8.476 8.486 8.494 8.502 8.509 8.514 8.516 8.518 8.523 8.528 8.533 8.538 8.542 8.547 8.553 8.560 8.563 8.566 8.573 8.579
7.330 7.335 7.339 7.343 7.348 7.352 7.356 7.360 7.364 7.367 7.366 7.362 7.357 7.356 7.356 7.357 7.366 7.382 7.406 7.439 7.486 7.545 7.604 7.642 7.686 7.751 7.813 7.872 7.928 7.979 8.025 8.061 8.093 8.112 8.131 8.161 8.189 8.217 8.241 8.265 8.286 8.303 8.319 8.329 8.338 8.352 8.365 8.379 8.391 8.402 8.413 8.426 8.438 8.444 8.450 8.461 8.472 8.481 8.490 8.498 8.505 8.511 8.516 8.518 8.520 8.524 8.529 8.534 8.539 8.543 8.548 8.554 8.561 8.564 8.567 8.574 8.580
7.334 7.339 7.343 7.348 7.353 7.357 7.362 7.367 7.371 7.375 7.375 7.372 7.368 7.368 7.370 7.373 7.383 7.401 7.427 7.465 7.515 7.573 7.630 7.667 7.711 7.775 7.836 7.895 7.949 7.998 8.042 8.078 8.109 8.128 8.146 8.175 8.204 8.230 8.254 8.277 8.297 8.314 8.330 8.339 8.347 8.361 8.375 8.388 8.400 8.411 8.423 8.435 8.446 8.452 8.457 8.467 8.477 8.486 8.494 8.501 8.508 8.513 8.518 8.519 8.521 8.526 8.531 8.535 8.540 8.545 8.550 8.556 8.562 8.565 8.568 8.575 8.581
7.338 7.343 7.348 7.353 7.358 7.363 7.369 7.374 7.379 7.384 7.385 7.383 7.380 7.382 7.385 7.390 7.402 7.422 7.452 7.492 7.542 7.599 7.654 7.692 7.735 7.798 7.859 7.916 7.969 8.016 8.058 8.094 8.125 8.143 8.162 8.190 8.218 8.244 8.267 8.289 8.308 8.326 8.341 8.349 8.357 8.371 8.385 8.398 8.410 8.421 8.432 8.443 8.454 8.459 8.464 8.474 8.482 8.491 8.498 8.504 8.510 8.515 8.520 8.521 8.523 8.527 8.532 8.537 8.541 8.546 8.552 8.558 8.564 8.566 8.569 8.575 8.582
7.342 7.348 7.353 7.359 7.364 7.370 7.376 7.382 7.388 7.393 7.396 7.395 7.393 7.397 7.402 7.409 7.423 7.446 7.477 7.518 7.568 7.623 7.677 7.715 7.758 7.820 7.879 7.936 7.987 8.033 8.075 8.110 8.141 8.159 8.177 8.205 8.233 8.258 8.280 8.301 8.320 8.337 8.352 8.361 8.368 8.382 8.396 8.408 8.420 8.431 8.442 8.453 8.462 8.467 8.471 8.480 8.488 8.495 8.502 8.508 8.513 8.517 8.522 8.523 8.525 8.529 8.534 8.539 8.543 8.548 8.554 8.559 8.565 8.567 8.570 8.576 8.582
7.347 7.352 7.358 7.364 7.370 7.377 7.383 7.390 7.397 7.403 7.407 7.407 7.408 7.412 7.419 7.428 7.444 7.469 7.501 7.542 7.591 7.645 7.699 7.737 7.780 7.840 7.899 7.955 8.005 8.050 8.091 8.126 8.158 8.175 8.192 8.220 8.247 8.272 8.294 8.314 8.333 8.349 8.365 8.372 8.380 8.393 8.407 8.420 8.431 8.442 8.452 8.462 8.471 8.474 8.478 8.486 8.493 8.500 8.505 8.511 8.516 8.520 8.524 8.526 8.527 8.531 8.536 8.541 8.545 8.550 8.556 8.561 8.566 8.569 8.571 8.577 8.583
7.351 7.358 7.364 7.370 7.377 7.384 7.391 7.398 7.406 7.414 7.418 7.420 7.422 7.428 7.437 7.448 7.466 7.492 7.524 7.564 7.613 7.666 7.720 7.758 7.801 7.861 7.919 7.974 8.022 8.067 8.107 8.143 8.174 8.191 8.208 8.236 8.262 8.286 8.308 8.327 8.345 8.362 8.377 8.385 8.392 8.405 8.419 8.431 8.442 8.453 8.462 8.471 8.479 8.482 8.485 8.492 8.498 8.504 8.509 8.514 8.518 8.523 8.527 8.528 8.529 8.534 8.538 8.543 8.548 8.552 8.557 8.562 8.568 8.570 8.572 8.578 8.583
7.356 7.363 7.370 7.377 7.384 7.391 7.399 7.408 7.416 7.424 7.430 7.433 7.436 7.445 7.455 7.468 7.487 7.514 7.546 7.586 7.634 7.687 7.742 7.780 7.822 7.882 7.939 7.992 8.040 8.084 8.124 8.159 8.190 8.207 8.223 8.251 8.277 8.300 8.321 8.340 8.358 8.374 8.390 8.397 8.404 8.417 8.430 8.442 8.453 8.463 8.472 8.480 8.487 8.489 8.492 8.498 8.503 8.509 8.513 8.517 8.521 8.525 8.530 8.531 8.532 8.536 8.541 8.545 8.550 8.554 8.559 8.564 8.569 8.571 8.573 8.578 8.584
7.361 7.369 7.376 7.383 7.391 7.399 7.408 7.417 7.427 7.436 7.442 7.447 7.451 7.461 7.473 7.488 7.508 7.536 7.568 7.607 7.654 7.707 7.763 7.801 7.843 7.902 7.958 8.010 8.057 8.100 8.140 8.175 8.206 8.222 8.238 8.265 8.291 8.314 8.335 8.354 8.371 8.387 8.402 8.410 8.416 8.429 8.442 8.453 8.464 8.473 8.482 8.489 8.495 8.497 8.499 8.504 8.509 8.513 8.517 8.521 8.525 8.529 8.533 8.534 8.535 8.539 8.543 8.548 8.552 8.556 8.561 8.566 8.571 8.572 8.574 8.579 8.584
7.367 7.375 7.382 7.390 7.399 7.407 7.417 7.427 7.437 7.447 7.455 7.460 7.466 7.477 7.491 7.506 7.528 7.556 7.588 7.627 7.673 7.726 7.784 7.822 7.864 7.922 7.977 8.028 8.074 8.117 8.156 8.191 8.222 8.238 8.254 8.280 8.306 8.329 8.349 8.368 8.385 8.401 8.416 8.423 8.429 8.442 8.454 8.465 8.475 8.484 8.492 8.499 8.504 8.505 8.506 8.510 8.514 8.518 8.522 8.525 8.529 8.532 8.536 8.537 8.538 8.542 8.546 8.551 8.555 8.559 8.563 8.568 8.572 8.574 8.576 8.580 8.585
7.373 7.381 7.389 7.398 7.406 7.416 7.426 7.437 7.448 7.458 7.467 7.472 7.479 7.492 7.508 7.525 7.548 7.575 7.608 7.647 7.692 7.749 7.807 7.845 7.885 7.942 7.996 8.046 8.092 8.135 8.173 8.207 8.238 8.253 8.269 8.296 8.320 8.343 8.364 8.382 8.399 8.415 8.430 8.437 8.443 8.455 8.467 8.477 8.487 8.495 8.503 8.508 8.511 8.512 8.513 8.517 8.520 8.524 8.527 8.530 8.533 8.537 8.540 8.541 8.542 8.546 8.550 8.554 8.558 8.562 8.566 8.570 8.575 8.576 8.577 8.582 8.586
7.379 7.388 7.396 7.405 7.415 7.425 7.436 7.447 7.458 7.469 7.477 7.484 7.493 7.508 7.525 7.543 7.567 7.596 7.629 7.669 7.717 7.773 7.830 7.867 7.907 7.963 8.016 8.065 8.110 8.152 8.190 8.224 8.254 8.269 8.284 8.311 8.335 8.358 8.378 8.397 8.414 8.430 8.445 8.451 8.457 8.468 8.479 8.489 8.498 8.505 8.512 8.516 8.519 8.520 8.520 8.523 8.526 8.530 8.532 8.535 8.538 8.541 8.545 8.545 8.546 8.549 8.553 8.557 8.561 8.565 8.569 8.573 8.577 8.578 8.579 8.583 8.587
7.386 7.395 7.404 7.413 7.423 7.434 7.445 7.457 7.468 7.478 7.487 7.495 7.507 7.524 7.542 7.562 7.587 7.617 7.651 7.692 7.742 7.797 7.851 7.888 7.928 7.982 8.035 8.084 8.128 8.170 8.207 8.240 8.270 8.285 8.300 8.326 8.351 8.374 8.394 8.412 8.430 8.445 8.459 8.465 8.470 8.481 8.492 8.501 8.508 8.515 8.520 8.524 8.528 8.527 8.527 8.530 8.533 8.536 8.538 8.541 8.544 8.547 8.550 8.550 8.550 8.554 8.557 8.561 8.565 8.569 8.572 8.576 8.580 8.580 8.581 8.585 8.588
7.392 7.402 7.412 7.421 7.431 7.443 7.454 7.466 7.477 7.487 7.497 7.507 7.521 7.539 7.560 7.582 7.608 7.639 7.675 7.717 7.766 7.819 7.873 7.909 7.949 8.003 8.056 8.104 8.148 8.188 8.224 8.257 8.286 8.301 8.315 8.342 8.367 8.390 8.410 8.428 8.445 8.460 8.474 8.479 8.483 8.494 8.504 8.512 8.519 8.524 8.529 8.533 8.535 8.535 8.535 8.537 8.540 8.542 8.545 8.547 8.549 8.552 8.555 8.555 8.555 8.558 8.562 8.566 8.569 8.573 8.576 8.579 8.583 8.583 8.584 8.587 8.590
7.399 7.409 7.419 7.429 7.440 7.451 7.463 7.474 7.486 7.496 7.507 7.520 7.535 7.556 7.578 7.602 7.630 7.663 7.700 7.741 7.789 7.841 7.894 7.931 7.971 8.025 8.077 8.125 8.167 8.206 8.241 8.274 8.303 8.318 8.332 8.358 8.383 8.406 8.426 8.444 8.461 8.475 8.488 8.492 8.496 8.506 8.515 8.523 8.529 8.533 8.537 8.541 8.543 8.543 8.542 8.545 8.547 8.549 8.551 8.553 8.555 8.558 8.560 8.560 8.560 8.563 8.567 8.570 8.574 8.577 8.580 8.583 8.586 8.586 8.586 8.589 8.591
7.406 7.417 7.427 7.437 7.448 7.459 7.471 7.482 7.494 7.505 7.517 7.532 7.550 7.573 7.597 7.623 7.653 7.687 7.724 7.765 7.811 7.863 7.916 7.954 7.994 8.047 8.100 8.147 8.188 8.225 8.259 8.291 8.321 8.335 8.349 8.375 8.400 8.423 8.443 8.461 8.476 8.490 8.502 8.506 8.509 8.518 8.526 8.533 8.538 8.542 8.546 8.549 8.551 8.551 8.550 8.552 8.554 8.556 8.558 8.560 8.562 8.564 8.566 8.566 8.565 8.569 8.572 8.576 8.579 8.582 8.585 8.587 8.589 8.589 8.589 8.591 8.593
7.413 7.424 7.435 7.445 7.456 7.466 7.477 7.489 7.501 7.514 7.528 7.545 7.566 7.590 7.616 7.644 7.676 7.710 7.747 7.787 7.833 7.885 7.940 7.979 8.018 8.073 8.125 8.170 8.209 8.245 8.278 8.309 8.339 8.352 8.366 8.393 8.418 8.440 8.459 8.477 8.492 8.505 8.516 8.519 8.522 8.530 8.537 8.543 8.547 8.551 8.554 8.557 8.559 8.558 8.557 8.560 8.562 8.563 8.565 8.566 8.568 8.570 8.573 8.572 8.571 8.575 8.578 8.581 8.584 8.587 8.589 8.591 8.593 8.593 8.592 8.594 8.595
7.420 7.431 7.441 7.452 7.463 7.473 7.484 7.496 7.508 7.523 7.539 7.559 7.581 7.607 7.634 7.664 7.698 7.733 7.770 7.810 7.856 7.909 7.966 8.006 8.045 8.100 8.150 8.194 8.231 8.265 8.297 8.327 8.357 8.371 8.384 8.411 8.435 8.457 8.475 8.492 8.507 8.518 8.528 8.531 8.533 8.540 8.546 8.552 8.556 8.559 8.562 8.564 8.567 8.566 8.565 8.567 8.569 8.570 8.572 8.573 8.575 8.577 8.579 8.578 8.578 8.581 8.584 8.587 8.589 8.592 8.594 8.596 8.597 8.596 8.595 8.596 8.598
7.426 7.437 7.448 7.458 7.469 7.479 7.490 7.502 7.515 7.531 7.550 7.572 7.596 7.623 7.651 7.683 7.719 7.756 7.794 7.835 7.881 7.934 7.993 8.034 8.074 8.128 8.177 8.218 8.254 8.287 8.316 8.346 8.375 8.389 8.402 8.428 8.452 8.473 8.491 8.507 8.521 8.532 8.541 8.543 8.544 8.550 8.556 8.561 8.564 8.567 8.570 8.572 8.574 8.573 8.572 8.574 8.576 8.578 8.579 8.580 8.581 8.583 8.586 8.585 8.584 8.587 8.590 8.593 8.595 8.597 8.599 8.601 8.602 8.600 8.599 8.600 8.600
7.432 7.443 7.453 7.463 7.474 7.483 7.495 7.507 7.522 7.540 7.561 7.585 7.610 7.639 7.668 7.703 7.741 7.780 7.819 7.861 7.906 7.961 8.025 8.067 8.106 8.158 8.205 8.244 8.278 8.309 8.337 8.365 8.396 8.409 8.422 8.447 8.470 8.490 8.507 8.523 8.536 8.546 8.554 8.554 8.555 8.561 8.566 8.570 8.573 8.576 8.578 8.580 8.582 8.581 8.580 8.582 8.583 8.585 8.586 8.587 8.588 8.590 8.593 8.592 8.591 8.594 8.597 8.599 8.601 8.603 8.605 8.606 8.606 8.604 8.603 8.603 8.603
7.437 7.448 7.457 7.467 7.478 7.488 7.500 7.513 7.529 7.549 7.572 7.597 7.625 7.655 7.686 7.723 7.763 7.804 7.846 7.890 7.935 7.998 8.065 8.103 8.140 8.190 8.234 8.270 8.302 8.331 8.357 8.387 8.418 8.430 8.442 8.467 8.488 8.507 8.523 8.538 8.550 8.559 8.565 8.566 8.566 8.571 8.575 8.579 8.582 8.584 8.586 8.588 8.590 8.589 8.587 8.589 8.591 8.592 8.593 8.595 8.596 8.598 8.601 8.600 8.599 8.601 8.604 8.606 8.608 8.609 8.611 8.611 8.611 8.609 8.607 8.607 8.607
7.441 7.451 7.461 7.472 7.482 7.493 7.505 7.519 7.537 7.558 7.582 7.609 7.640 7.672 7.704 7.744 7.788 7.832 7.878 7.925 7.977 8.042 8.104 8.140 8.174 8.221 8.262 8.297 8.327 8.355 8.382 8.411 8.440 8.451 8.462 8.485 8.506 8.524 8.539 8.553 8.564 8.571 8.577 8.577 8.577 8.581 8.585 8.588 8.591 8.593 8.595 8.596 8.598 8.596 8.595 8.597 8.598 8.600 8.601 8.602 8.604 8.606 8.608 8.607 8.606 8.609 8.611 8.612 8.614 8.615 8.616 8.616 8.615 8.613 8.611 8.611 8.611
7.445 7.455 7.465 7.476 7.487 7.497 7.510 7.526 7.545 7.566 7.592 7.622 7.657 7.690 7.724 7.768 7.816 7.864 7.914 7.967 8.024 8.085 8.141 8.175 8.208 8.251 8.290 8.323 8.352 8.380 8.407 8.434 8.461 8.471 8.482 8.503 8.523 8.540 8.554 8.566 8.576 8.583 8.588 8.588 8.588 8.591 8.595 8.597 8.600 8.601 8.603 8.604 8.606 8.604 8.602 8.604 8.606 8.608 8.609 8.610 8.612 8.614 8.616 8.615 8.614 8.616 8.617 8.619 8.620 8.621 8.621 8.621 8.620 8.618 8.616 8.615 8.615
7.449 7.459 7.469 7.480 7.491 7.502 7.516 7.533 7.552 7.574 7.602 7.636 7.675 7.710 7.746 7.795 7.847 7.900 7.955 8.011 8.069 8.126 8.178 8.210 8.240 8.281 8.318 8.350 8.378 8.405 8.431 8.457 8.481 8.490 8.500 8.521 8.539 8.555 8.568 8.579 8.588 8.595 8.600 8.599 8.598 8.602 8.605 8.607 8.609 8.610 8.611 8.612 8.614 8.612 8.610 8.612 8.614 8.615 8.617 8.619 8.620 8.622 8.624 8.623 8.621 8.623 8.624 8.625 8.626 8.627 8.627 8.626 8.625 8.623 8.620 8.620 8.619
7.453 7.463 7.472 7.484 7.496 7.508 7.522 7.539 7.559 7.582 7.613 7.651 7.695 7.732 7.771 7.825 7.881 7.939 7.997 8.055 8.113 8.167 8.214 8.244 8.273 8.311 8.345 8.376 8.404 8.430 8.455 8.478 8.500 8.509 8.519 8.538 8.555 8.570 8.582 8.592 8.600 8.606 8.611 8.610 8.609 8.612 8.615 8.617 8.618 8.619 8.620 8.621 8.622 8.620 8.618 8.620 8.622 8.624 8.625 8.627 8.629 8.630 8.632 8.630 8.629 8.630 8.631 8.632 8.632 8.632 8.632 8.631 8.630 8.628 8.625 8.624 8.624
7.457 7.467 7.477 7.488 7.501 7.513 7.527 7.545 7.566 7.591 7.625 7.668 7.717 7.757 7.798 7.857 7.919 7.980 8.040 8.099 8.155 8.206 8.250 8.278 8.304 8.340 8.372 8.402 8.428 8.453 8.477 8.499 8.519 8.528 8.536 8.554 8.570 8.584 8.595 8.605 8.612 8.618 8.623 8.622 8.621 8.623 8.625 8.627 8.627 8.628 8.629 8.629 8.631 8.629 8.627 8.628 8.630 8.632 8.634 8.636 8.637 8.639 8.640 8.638 8.636 8.637 8.637 8.638 8.638 8.638 8.637 8.636 8.635 8.633 8.630 8.629 8.628
7.461 7.471 7.481 7.492 7.505 7.517 7.533 7.552 7.573 7.600 7.638 7.687 7.742 7.784 7.829 7.893 7.958 8.021 8.082 8.141 8.195 8.243 8.284 8.310 8.335 8.368 8.399 8.427 8.452 8.476 8.498 8.519 8.538 8.545 8.554 8.570 8.585 8.598 8.608 8.617 8.625 8.630 8.634 8.633 8.632 8.634 8.636 8.637 8.637 8.637 8.638 8.638 8.640 8.638 8.636 8.637 8.639 8.641 8.643 8.644 8.646 8.647 8.647 8.645 8.643 8.643 8.644 8.644 8.644 8.643 8.642 8.641 8.640 8.638 8.635 8.634 8.633
7.465 7.475 7.485 7.497 7.509 7.522 7.539 7.559 7.582 7.612 7.654 7.708 7.769 7.814 7.861 7.930 7.996 8.061 8.122 8.179 8.232 8.277 8.315 8.339 8.363 8.394 8.422 8.449 8.474 8.496 8.517 8.537 8.554 8.562 8.569 8.584 8.598 8.610 8.621 8.629 8.636 8.641 8.645 8.644 8.643 8.644 8.646 8.647 8.647 8.647 8.647 8.648 8.649 8.647 8.645 8.647 8.648 8.650 8.652 8.653 8.654 8.655 8.655 8.652 8.650 8.650 8.650 8.650 8.649 8.648 8.648 8.647 8.645 8.643 8.640 8.639 8.638
