version2/TsunamiDB/out54062.asc
ncols          264
nrows          230
xllcorner      497853.4375
yllcorner      4229146.0000
cellsize         5.
NODATA_value   -99
[rows 165 to 197 of 230, columns 0 to 74 of 264]
-99.000 -99.000 -99.000 -99.000 -99.000 -99.000 -99.000 -99.000 -99.000 -99.000 -99.000 -99.000 -99.000 -99.000 -99.000 -99.000 -99.000 -99.000 -99.000 -99.000 -99.000 -99.000 -99.000 -99.000 -99.000 -99.000 -99.000 -99.000 -99.000 1.650 1.660 1.729 1.897 2.146 2.442 2.747 3.031 3.275 3.476 3.637 3.767 3.874 3.964 4.043 4.114 4.178 4.237 4.293 4.345 4.394 4.440 4.485 4.527 4.568 4.606 4.645 4.682 4.718 4.754 4.788 4.823 4.856 4.889 4.922 4.955 4.987 5.019 5.050 5.081 5.113 5.143 5.174 5.205 5.235 5.265
-99.000 -99.000 -99.000 -99.000 -99.000 -99.000 -99.000 -99.000 -99.000 -99.000 -99.000 -99.000 -99.000 -99.000 -99.000 -99.000 -99.000 -99.000 -99.000 -99.000 -99.000 -99.000 -99.000 -99.000 -99.000 -99.000 -99.000 -99.000 -99.000 1.652 1.678 1.788 1.993 2.267 2.571 2.870 3.138 3.363 3.546 3.694 3.814 3.914 4.000 4.075 4.144 4.207 4.265 4.320 4.371 4.419 4.465 4.509 4.552 4.591 4.629 4.667 4.704 4.739 4.774 4.808 4.841 4.874 4.907 4.939 4.971 5.002 5.033 5.064 5.094 5.125 5.155 5.185 5.215 5.245 5.274
-99.000 -99.000 -99.000 -99.000 -99.000 -99.000 -99.000 -99.000 -99.000 -99.000 -99.000 -99.000 -99.000 -99.000 -99.000 -99.000 -99.000 -99.000 -99.000 -99.000 -99.000 -99.000 -99.000 -99.000 -99.000 -99.000 -99.000 -99.000 1.650 1.657 1.712 1.865 2.104 2.395 2.700 2.987 3.238 3.444 3.611 3.746 3.857 3.951 4.033 4.106 4.173 4.235 4.292 4.346 4.397 4.445 4.490 4.534 4.575 4.614 4.652 4.689 4.725 4.760 4.795 4.828 4.861 4.893 4.925 4.956 4.987 5.018 5.048 5.078 5.108 5.137 5.167 5.196 5.226 5.255 5.284
-99.000 -99.000 -99.000 -99.000 -99.000 -99.000 -99.000 -99.000 -99.000 -99.000 -99.000 -99.000 -99.000 -99.000 -99.000 -99.000 -99.000 -99.000 -99.000 -99.000 -99.000 -99.000 -99.000 -99.000 -99.000 -99.000 -99.000 -99.000 1.651 1.671 1.766 1.959 2.225 2.526 2.826 3.099 3.330 3.518 3.670 3.794 3.897 3.986 4.065 4.136 4.201 4.262 4.319 4.372 4.422 4.470 4.515 4.558 4.599 4.638 4.675 4.712 4.747 4.782 4.815 4.848 4.880 4.912 4.943 4.974 5.004 5.034 5.063 5.093 5.122 5.151 5.179 5.208 5.237 5.265 5.294
-99.000 -99.000 -99.000 -99.000 -99.000 -99.000 -99.000 -99.000 -99.000 -99.000 -99.000 -99.000 -99.000 -99.000 -99.000 -99.000 -99.000 -99.000 -99.000 -99.000 -99.000 -99.000 -99.000 -99.000 -99.000 -99.000 -99.000 1.650 1.655 1.701 1.839 2.068 2.354 2.658 2.949 3.203 3.414 3.585 3.724 3.838 3.935 4.019 4.095 4.164 4.229 4.288 4.345 4.397 4.447 4.494 4.539 4.582 4.622 4.661 4.698 4.734 4.769 4.803 4.836 4.869 4.900 4.931 4.962 4.992 5.021 5.050 5.079 5.108 5.136 5.164 5.192 5.220 5.248 5.276 5.304
-99.000 -99.000 -99.000 -99.000 -99.000 -99.000 -99.000 -99.000 -99.000 -99.000 -99.000 -99.000 -99.000 -99.000 -99.000 -99.000 -99.000 -99.000 -99.000 -99.000 -99.000 -99.000 -99.000 -99.000 -99.000 -99.000 -99.000 1.651 1.666 1.749 1.931 2.190 2.488 2.789 3.064 3.299 3.491 3.646 3.772 3.878 3.969 4.050 4.124 4.192 4.255 4.314 4.369 4.422 4.471 4.518 4.563 4.605 4.645 4.683 4.720 4.756 4.791 4.825 4.857 4.889 4.920 4.951 4.981 5.010 5.039 5.067 5.096 5.123 5.151 5.179 5.206 5.233 5.260 5.287 5.315
-99.000 -99.000 -99.000 -99.000 -99.000 -99.000 -99.000 -99.000 -99.000 -99.000 -99.000 -99.000 -99.000 -99.000 -99.000 -99.000 -99.000 -99.000 -99.000 -99.000 -99.000 -99.000 -99.000 -99.000 -99.000 -99.000 1.650 1.653 1.692 1.819 2.039 2.320 2.624 2.915 3.173 3.387 3.561 3.701 3.817 3.916 4.002 4.080 4.151 4.218 4.280 4.338 4.393 4.445 4.494 4.541 4.585 4.628 4.668 4.706 4.742 4.778 4.812 4.846 4.878 4.910 4.940 4.970 5.000 5.029 5.057 5.085 5.112 5.140 5.167 5.193 5.220 5.247 5.273 5.299 5.326
-99.000 -99.000 -99.000 -99.000 -99.000 -99.000 -99.000 -99.000 -99.000 -99.000 -99.000 -99.000 -99.000 -99.000 -99.000 -99.000 -99.000 -99.000 -99.000 -99.000 -99.000 -99.000 -99.000 -99.000 -99.000 -99.000 1.650 1.662 1.737 1.909 2.161 2.457 2.758 3.035 3.272 3.466 3.623 3.751 3.858 3.951 4.033 4.108 4.177 4.242 4.304 4.361 4.416 4.468 4.517 4.563 4.608 4.650 4.690 4.727 4.764 4.799 4.834 4.867 4.899 4.930 4.960 4.990 5.019 5.047 5.075 5.103 5.130 5.156 5.183 5.209 5.235 5.261 5.287 5.312 5.338
-99.000 -99.000 -99.000 -99.000 -99.000 -99.000 -99.000 -99.000 -99.000 -99.000 -99.000 -99.000 -99.000 -99.000 -99.000 -99.000 -99.000 -99.000 -99.000 -99.000 -99.000 -99.000 -99.000 -99.000 -99.000 1.650 1.652 1.685 1.805 2.017 2.293 2.595 2.888 3.147 3.363 3.538 3.680 3.797 3.896 3.983 4.062 4.135 4.202 4.266 4.326 4.384 4.438 4.489 4.538 4.585 4.629 4.671 4.711 4.748 4.785 4.820 4.854 4.887 4.919 4.950 4.980 5.010 5.038 5.066 5.094 5.121 5.147 5.174 5.200 5.225 5.251 5.276 5.301 5.326 5.351
-99.000 -99.000 -99.000 -99.000 -99.000 -99.000 -99.000 -99.000 -99.000 -99.000 -99.000 -99.000 -99.000 -99.000 -99.000 -99.000 -99.000 -99.000 -99.000 -99.000 -99.000 -99.000 -99.000 -99.000 -99.000 1.650 1.660 1.728 1.893 2.139 2.432 2.733 3.011 3.250 3.445 3.603 3.731 3.838 3.931 4.014 4.089 4.160 4.226 4.289 4.348 4.405 4.459 4.510 4.559 4.605 4.649 4.692 4.731 4.768 4.805 4.840 4.874 4.907 4.939 4.970 5.000 5.029 5.057 5.085 5.112 5.139 5.165 5.191 5.217 5.242 5.267 5.292 5.316 5.341 5.365
-99.000 -99.000 -99.000 -99.000 -99.000 -99.000 -99.000 -99.000 -99.000 -99.000 -99.000 -99.000 -99.000 -99.000 -99.000 -99.000 -99.000 -99.000 -99.000 -99.000 -99.000 -99.000 -99.000 -99.000 1.650 1.652 1.681 1.793 2.000 2.272 2.573 2.865 3.126 3.343 3.519 3.661 3.778 3.877 3.964 4.043 4.115 4.184 4.248 4.310 4.369 4.425 4.478 4.530 4.578 4.625 4.669 4.711 4.750 4.788 4.825 4.860 4.894 4.927 4.959 4.989 5.019 5.048 5.076 5.104 5.131 5.157 5.183 5.209 5.234 5.259 5.284 5.308 5.332 5.356 5.380
-99.000 -99.000 -99.000 -99.000 -99.000 -99.000 -99.000 -99.000 -99.000 -99.000 -99.000 -99.000 -99.000 -99.000 -99.000 -99.000 -99.000 -99.000 -99.000 -99.000 -99.000 -99.000 -99.000 -99.000 1.650 1.659 1.721 1.880 2.123 2.412 2.712 2.991 3.231 3.428 3.586 3.714 3.821 3.913 3.995 4.070 4.140 4.207 4.270 4.331 4.388 4.444 4.497 4.548 4.597 4.643 4.687 4.729 4.769 4.807 4.844 4.879 4.913 4.946 4.977 5.008 5.038 5.067 5.095 5.122 5.149 5.176 5.201 5.227 5.252 5.276 5.301 5.325 5.349 5.372 5.396
-99.000 -99.000 -99.000 -99.000 -99.000 -99.000 -99.000 -99.000 -99.000 -99.000 -99.000 -99.000 -99.000 -99.000 -99.000 -99.000 -99.000 -99.000 -99.000 -99.000 -99.000 -99.000 -99.000 -99.000 1.651 1.677 1.784 1.986 2.256 2.555 2.848 3.109 3.328 3.504 3.646 3.762 3.861 3.947 4.025 4.097 4.164 4.229 4.291 4.350 4.407 4.462 4.515 4.565 4.614 4.660 4.705 4.747 4.786 4.824 4.861 4.897 4.931 4.964 4.995 5.026 5.056 5.085 5.113 5.140 5.167 5.194 5.219 5.245 5.270 5.294 5.318 5.342 5.366 5.389 5.412
-99.000 -99.000 -99.000 -99.000 -99.000 -99.000 -99.000 -99.000 -99.000 -99.000 -99.000 -99.000 -99.000 -99.000 -99.000 -99.000 -99.000 -99.000 -99.000 -99.000 -99.000 -99.000 -99.000 1.650 1.657 1.716 1.870 2.109 2.397 2.697 2.976 3.217 3.415 3.573 3.701 3.807 3.898 3.979 4.053 4.122 4.188 4.250 4.311 4.369 4.425 4.479 4.532 4.582 4.630 4.677 4.721 4.763 4.803 4.841 4.878 4.914 4.948 4.981 5.013 5.044 5.073 5.102 5.131 5.158 5.185 5.211 5.237 5.262 5.287 5.312 5.336 5.360 5.383 5.406 5.429
-99.000 -99.000 -99.000 -99.000 -99.000 -99.000 -99.000 -99.000 -99.000 -99.000 -99.000 -99.000 -99.000 -99.000 -99.000 -99.000 -99.000 -99.000 -99.000 -99.000 -99.000 -99.000 -99.000 1.651 1.675 1.777 1.975 2.243 2.541 2.834 3.096 3.316 3.493 3.635 3.751 3.848 3.933 4.009 4.080 4.147 4.210 4.271 4.330 4.387 4.442 4.496 4.548 4.597 4.646 4.692 4.736 4.779 4.818 4.857 4.894 4.930 4.964 4.997 5.029 5.060 5.090 5.119 5.148 5.175 5.202 5.229 5.255 5.280 5.305 5.330 5.354 5.377 5.401 5.424 5.446
-99.000 -99.000 -99.000 -99.000 -99.000 -99.000 -99.000 -99.000 -99.000 -99.000 -99.000 -99.000 -99.000 -99.000 -99.000 -99.000 -99.000 -99.000 -99.000 -99.000 -99.000 -99.000 1.650 1.657 1.711 1.861 2.097 2.384 2.684 2.964 3.206 3.405 3.563 3.691 3.797 3.887 3.966 4.039 4.106 4.171 4.232 4.291 4.349 4.405 4.459 4.512 4.563 4.612 4.660 4.706 4.750 4.793 4.833 4.871 4.909 4.945 4.979 5.013 5.045 5.076 5.106 5.135 5.164 5.192 5.219 5.245 5.272 5.297 5.322 5.347 5.371 5.395 5.419 5.442 5.464
-99.000 -99.000 -99.000 -99.000 -99.000 -99.000 -99.000 -99.000 -99.000 -99.000 -99.000 -99.000 -99.000 -99.000 -99.000 -99.000 -99.000 -99.000 -99.000 -99.000 -99.000 -99.000 1.651 1.673 1.771 1.966 2.231 2.529 2.823 3.086 3.306 3.485 3.627 3.743 3.839 3.923 3.998 4.067 4.132 4.194 4.254 4.311 4.367 4.422 4.475 4.527 4.577 4.626 4.673 4.719 4.764 4.806 4.846 4.885 4.922 4.959 4.993 5.027 5.059 5.091 5.121 5.151 5.179 5.207 5.235 5.262 5.288 5.314 5.339 5.364 5.389 5.412 5.436 5.459 5.482
-99.000 -99.000 -99.000 -99.000 -99.000 -99.000 -99.000 -99.000 -99.000 -99.000 -99.000 -99.000 -99.000 -99.000 -99.000 -99.000 -99.000 -99.000 -99.000 -99.000 -99.000 1.650 1.656 1.708 1.854 2.087 2.373 2.673 2.955 3.198 3.397 3.557 3.685 3.790 3.879 3.958 4.029 4.095 4.158 4.218 4.275 4.331 4.386 4.439 4.491 4.542 4.591 4.639 4.686 4.732 4.776 4.819 4.859 4.897 4.935 4.972 5.007 5.040 5.073 5.105 5.135 5.165 5.194 5.223 5.250 5.278 5.304 5.330 5.356 5.381 5.405 5.429 5.453 5.476 5.499
-99.000 -99.000 -99.000 -99.000 -99.000 -99.000 -99.000 -99.000 -99.000 -99.000 -99.000 -99.000 -99.000 -99.000 -99.000 -99.000 -99.000 -99.000 -99.000 -99.000 -99.000 1.651 1.671 1.766 1.957 2.220 2.518 2.812 3.078 3.300 3.479 3.622 3.738 3.834 3.917 3.991 4.059 4.122 4.183 4.241 4.296 4.351 4.404 4.456 4.507 4.556 4.605 4.652 4.699 4.744 4.787 4.830 4.870 4.909 4.947 4.983 5.019 5.053 5.086 5.118 5.149 5.179 5.208 5.237 5.265 5.293 5.320 5.346 5.372 5.397 5.422 5.446 5.470 5.493 5.516
-99.000 -99.000 -99.000 -99.000 -99.000 -99.000 -99.000 -99.000 -99.000 -99.000 -99.000 -99.000 -99.000 -99.000 -99.000 -99.000 -99.000 -99.000 -99.000 -99.000 1.650 1.655 1.704 1.847 2.077 2.362 2.662 2.945 3.191 3.392 3.552 3.681 3.787 3.875 3.953 4.023 4.088 4.149 4.207 4.263 4.318 4.370 4.422 4.473 4.522 4.571 4.618 4.665 4.710 4.755 4.798 4.840 4.880 4.919 4.957 4.994 5.030 5.064 5.098 5.130 5.162 5.192 5.222 5.251 5.279 5.307 5.334 5.361 5.387 5.412 5.437 5.462 5.486 5.509 5.533
-99.000 -99.000 -99.000 -99.000 -99.000 -99.000 -99.000 -99.000 -99.000 -99.000 -99.000 -99.000 -99.000 -99.000 -99.000 -99.000 -99.000 -99.000 -99.000 -99.000 1.651 1.669 1.760 1.948 2.209 2.506 2.802 3.069 3.294 3.475 3.619 3.735 3.832 3.914 3.987 4.054 4.116 4.175 4.232 4.286 4.339 4.390 4.440 4.489 4.538 4.585 4.632 4.677 4.722 4.766 4.809 4.850 4.890 4.929 4.967 5.004 5.040 5.075 5.109 5.142 5.174 5.205 5.235 5.264 5.293 5.321 5.348 5.375 5.401 5.427 5.452 5.477 5.501 5.525 5.548
-99.000 -99.000 -99.000 -99.000 -99.000 -99.000 -99.000 -99.000 -99.000 -99.000 -99.000 -99.000 -99.000 -99.000 -99.000 -99.000 -99.000 -99.000 -99.000 1.650 1.655 1.700 1.839 2.066 2.349 2.650 2.935 3.183 3.387 3.549 3.679 3.785 3.874 3.951 4.020 4.084 4.144 4.201 4.256 4.308 4.360 4.410 4.458 4.506 4.553 4.599 4.645 4.689 4.733 4.776 4.819 4.860 4.899 4.938 4.976 5.014 5.050 5.085 5.120 5.153 5.185 5.217 5.247 5.277 5.306 5.334 5.362 5.389 5.415 5.441 5.466 5.491 5.516 5.540 5.563
-99.000 -99.000 -99.000 -99.000 -99.000 -99.000 -99.000 -99.000 -99.000 -99.000 -99.000 -99.000 -99.000 -99.000 -99.000 -99.000 -99.000 -99.000 -99.000 1.651 1.667 1.754 1.938 2.197 2.493 2.790 3.060 3.287 3.471 3.617 3.734 3.831 3.913 3.986 4.052 4.113 4.171 4.226 4.279 4.331 4.380 4.429 4.477 4.523 4.569 4.614 4.658 4.702 4.745 4.787 4.828 4.869 4.908 4.947 4.985 5.023 5.059 5.095 5.130 5.163 5.196 5.228 5.259 5.289 5.318 5.346 5.374 5.401 5.428 5.454 5.480 5.505 5.530 5.554 5.578
-99.000 -99.000 -99.000 -99.000 -99.000 -99.000 -99.000 -99.000 -99.000 -99.000 -99.000 -99.000 -99.000 -99.000 -99.000 -99.000 -99.000 -99.000 1.650 1.654 1.696 1.830 2.054 2.335 2.637 2.924 3.175 3.382 3.546 3.677 3.784 3.873 3.950 4.019 4.083 4.142 4.198 4.251 4.303 4.353 4.401 4.449 4.495 4.540 4.585 4.629 4.672 4.714 4.756 4.798 4.838 4.878 4.917 4.955 4.994 5.031 5.068 5.104 5.139 5.173 5.206 5.239 5.270 5.300 5.329 5.358 5.386 5.413 5.440 5.467 5.492 5.518 5.543 5.567 5.591
-99.000 -99.000 -99.000 -99.000 -99.000 -99.000 -99.000 -99.000 -99.000 -99.000 -99.000 -99.000 -99.000 -99.000 -99.000 -99.000 -99.000 -99.000 1.651 1.665 1.747 1.926 2.182 2.478 2.776 3.048 3.279 3.466 3.614 3.733 3.830 3.913 3.986 4.051 4.112 4.169 4.224 4.276 4.326 4.374 4.422 4.468 4.513 4.557 4.601 4.644 4.686 4.727 4.768 4.809 4.848 4.888 4.926 4.964 5.002 5.040 5.077 5.113 5.148 5.183 5.216 5.249 5.280 5.311 5.340 5.369 5.397 5.425 5.452 5.478 5.504 5.530 5.555 5.579 5.604
-99.000 -99.000 -99.000 -99.000 -99.000 -99.000 -99.000 -99.000 -99.000 -99.000 -99.000 -99.000 -99.000 -99.000 -99.000 -99.000 -99.000 1.650 1.653 1.691 1.819 2.038 2.318 2.620 2.909 3.163 3.374 3.542 3.675 3.783 3.873 3.951 4.019 4.082 4.141 4.196 4.249 4.299 4.348 4.396 4.442 4.487 4.531 4.575 4.617 4.659 4.700 4.740 4.780 4.820 4.859 4.897 4.934 4.973 5.011 5.048 5.085 5.121 5.157 5.192 5.225 5.258 5.290 5.321 5.351 5.380 5.408 5.436 5.463 5.489 5.515 5.541 5.566 5.591 5.615
-99.000 -99.000 -99.000 -99.000 -99.000 -99.000 -99.000 -99.000 -99.000 -99.000 -99.000 -99.000 -99.000 -99.000 -99.000 -99.000 -99.000 1.650 1.663 1.738 1.911 2.163 2.458 2.758 3.034 3.268 3.459 3.611 3.731 3.830 3.913 3.986 4.052 4.112 4.169 4.222 4.274 4.323 4.371 4.417 4.462 4.506 4.550 4.592 4.633 4.674 4.714 4.754 4.793 4.832 4.870 4.907 4.944 4.982 5.020 5.057 5.094 5.130 5.166 5.200 5.234 5.267 5.299 5.330 5.360 5.389 5.418 5.446 5.473 5.499 5.526 5.551 5.577 5.602 5.626
-99.000 -99.000 -99.000 -99.000 -99.000 -99.000 -99.000 -99.000 -99.000 -99.000 -99.000 -99.000 -99.000 -99.000 -99.000 -99.000 1.650 1.652 1.686 1.806 2.019 2.296 2.598 2.890 3.149 3.363 3.536 3.673 3.782 3.873 3.951 4.020 4.083 4.141 4.195 4.248 4.298 4.346 4.393 4.438 4.482 4.525 4.568 4.609 4.649 4.689 4.729 4.767 4.806 4.844 4.881 4.918 4.954 4.992 5.029 5.066 5.103 5.139 5.174 5.209 5.243 5.276 5.308 5.339 5.369 5.399 5.427 5.455 5.482 5.509 5.535 5.561 5.587 5.612 5.636
-99.000 -99.000 -99.000 -99.000 -99.000 -99.000 -99.000 -99.000 -99.000 -99.000 -99.000 -99.000 -99.000 -99.000 -99.000 -99.000 1.650 1.660 1.728 1.893 2.140 2.433 2.735 3.014 3.254 3.449 3.605 3.729 3.829 3.913 3.986 4.052 4.112 4.168 4.222 4.272 4.321 4.368 4.414 4.459 4.502 4.544 4.585 4.626 4.666 4.705 4.743 4.781 4.819 4.856 4.893 4.929 4.965 5.002 5.039 5.075 5.112 5.148 5.183 5.217 5.251 5.284 5.316 5.348 5.378 5.408 5.436 5.464 5.492 5.518 5.545 5.570 5.596 5.621 5.645
-99.000 -99.000 -99.000 -99.000 -99.000 -99.000 -99.000 -99.000 -99.000 -99.000 -99.000 -99.000 -99.000 -99.000 -99.000 1.650 1.652 1.680 1.790 1.996 2.269 2.571 2.866 3.129 3.349 3.526 3.667 3.780 3.872 3.950 4.020 4.083 4.141 4.195 4.247 4.297 4.344 4.390 4.435 4.479 4.521 4.563 4.603 4.643 4.682 4.720 4.758 4.795 4.832 4.869 4.906 4.941 4.977 5.013 5.049 5.085 5.121 5.157 5.191 5.226 5.259 5.292 5.325 5.356 5.387 5.416 5.445 5.473 5.501 5.527 5.553 5.579 5.604 5.629 5.653
-99.000 -99.000 -99.000 -99.000 -99.000 -99.000 -99.000 -99.000 -99.000 -99.000 -99.000 -99.000 -99.000 -99.000 -99.000 1.650 1.658 1.717 1.872 2.112 2.402 2.705 2.989 3.234 3.435 3.595 3.723 3.826 3.912 3.986 4.052 4.112 4.168 4.221 4.272 4.320 4.367 4.412 4.456 4.498 4.540 4.581 4.621 4.660 4.698 4.736 4.773 4.810 4.846 4.882 4.918 4.953 4.988 5.024 5.060 5.095 5.131 5.166 5.200 5.234 5.268 5.300 5.333 5.364 5.395 5.424 5.453 5.482 5.509 5.536 5.562 5.588 5.613 5.638 5.661
-99.000 -99.000 -99.000 -99.000 -99.000 -99.000 -99.000 -99.000 -99.000 -99.000 -99.000 -99.000 -99.000 -99.000 -99.000 1.651 1.673 1.773 1.969 2.236 2.537 2.835 3.104 3.330 3.513 3.658 3.774 3.870 3.949 4.019 4.083 4.141 4.195 4.247 4.296 4.343 4.389 4.433 4.476 4.518 4.559 4.599 4.638 4.676 4.714 4.751 4.788 4.824 4.860 4.896 4.931 4.966 5.000 5.036 5.071 5.106 5.141 5.175 5.209 5.243 5.276 5.308 5.340 5.372 5.402 5.432 5.461 5.490 5.517 5.544 5.570 5.596 5.621 5.645 5.669
-99.000 -99.000 -99.000 -99.000 -99.000 -99.000 -99.000 -99.000 -99.000 -99.000 -99.000 -99.000 -99.000 -99.000 1.650 1.655 1.705 1.847 2.079 2.365 2.669 2.957 3.209 3.417 3.583 3.715 3.821 3.910 3.985 4.051 4.112 4.168 4.221 4.272 4.320 4.366 4.411 4.454 4.496 4.537 4.577 4.617 4.655 4.693 4.730 4.766 4.803 4.838 4.874 4.909 4.945 4.979 5.013 5.048 5.082 5.117 5.151 5.185 5.218 5.251 5.284 5.316 5.348 5.379 5.410 5.440 5.469 5.497 5.525 5.552 5.578 5.603 5.628 5.653 5.676
