version2/TsunamiDB/out54174.asc
ncols          264
nrows          230
xllcorner      497853.4375
yllcorner      4229146.0000
cellsize         5.
NODATA_value   -99
[rows 170 to 203 of 230, columns 0 to 76 of 264]
6.416 6.427 6.437 6.448 6.459 6.471 6.482 6.492 6.503 6.513 6.524 6.534 6.545 6.555 6.566 6.576 6.587 6.598 6.610 6.621 6.632 6.644 6.655 6.667 6.679 6.691 6.703 6.716 6.729 6.742 6.754 6.766 6.778 6.790 6.802 6.813 6.825 6.836 6.846 6.857 6.867 6.877 6.887 6.896 6.905 6.914 6.922 6.930 6.937 6.945 6.952 6.958 6.965 6.971 6.976 6.981 6.985 6.988 6.991 6.994 6.996 6.997 6.998 6.998 6.997 6.997 6.996 6.994 6.993 6.991 6.989 6.988 6.987 6.986 6.985 6.985 6.986
6.417 6.428 6.439 6.450 6.461 6.473 6.484 6.494 6.504 6.515 6.525 6.536 6.546 6.556 6.567 6.578 6.589 6.599 6.610 6.622 6.633 6.644 6.656 6.668 6.679 6.691 6.704 6.716 6.729 6.742 6.754 6.766 6.778 6.790 6.802 6.814 6.825 6.837 6.848 6.858 6.869 6.879 6.889 6.898 6.908 6.917 6.925 6.933 6.941 6.949 6.956 6.963 6.970 6.976 6.982 6.986 6.991 6.995 6.998 7.001 7.003 7.005 7.006 7.007 7.007 7.006 7.005 7.004 7.003 7.001 6.999 6.998 6.996 6.995 6.995 6.994 6.994
6.418 6.429 6.441 6.452 6.463 6.474 6.485 6.496 6.506 6.516 6.527 6.537 6.547 6.558 6.568 6.579 6.590 6.601 6.611 6.623 6.634 6.645 6.657 6.668 6.680 6.692 6.704 6.716 6.729 6.742 6.754 6.766 6.778 6.791 6.802 6.814 6.826 6.837 6.849 6.860 6.870 6.881 6.891 6.901 6.910 6.919 6.928 6.937 6.945 6.953 6.960 6.968 6.975 6.981 6.987 6.992 6.997 7.001 7.005 7.008 7.011 7.013 7.014 7.015 7.016 7.015 7.015 7.014 7.012 7.011 7.009 7.008 7.006 7.005 7.004 7.004 7.003
6.419 6.430 6.442 6.453 6.464 6.476 6.487 6.497 6.508 6.518 6.528 6.539 6.549 6.559 6.570 6.580 6.591 6.602 6.613 6.623 6.635 6.646 6.657 6.669 6.680 6.692 6.704 6.717 6.729 6.742 6.754 6.766 6.779 6.791 6.803 6.815 6.826 6.838 6.849 6.861 6.872 6.882 6.893 6.903 6.913 6.922 6.931 6.940 6.948 6.956 6.964 6.972 6.980 6.986 6.992 6.998 7.003 7.008 7.012 7.015 7.018 7.021 7.022 7.024 7.024 7.024 7.024 7.023 7.022 7.021 7.019 7.018 7.016 7.015 7.014 7.013 7.013
6.419 6.431 6.442 6.454 6.465 6.477 6.488 6.498 6.509 6.519 6.530 6.540 6.550 6.561 6.571 6.582 6.592 6.603 6.614 6.624 6.635 6.647 6.658 6.669 6.681 6.693 6.705 6.717 6.730 6.742 6.754 6.766 6.779 6.791 6.803 6.815 6.827 6.838 6.850 6.861 6.873 6.884 6.894 6.905 6.915 6.924 6.934 6.943 6.952 6.960 6.968 6.976 6.984 6.991 6.997 7.003 7.009 7.014 7.018 7.022 7.025 7.028 7.030 7.032 7.033 7.033 7.033 7.033 7.032 7.031 7.029 7.027 7.026 7.024 7.023 7.023 7.022
6.418 6.430 6.442 6.454 6.466 6.477 6.489 6.499 6.510 6.520 6.531 6.541 6.552 6.562 6.572 6.583 6.593 6.604 6.615 6.625 6.636 6.647 6.659 6.670 6.681 6.693 6.705 6.717 6.730 6.742 6.754 6.766 6.778 6.791 6.803 6.815 6.827 6.839 6.850 6.862 6.873 6.885 6.895 6.906 6.916 6.926 6.936 6.946 6.955 6.963 6.972 6.980 6.988 6.995 7.002 7.008 7.014 7.019 7.024 7.028 7.032 7.035 7.038 7.040 7.041 7.042 7.042 7.042 7.041 7.040 7.039 7.037 7.036 7.034 7.033 7.032 7.031
6.416 6.429 6.441 6.453 6.465 6.477 6.489 6.500 6.511 6.521 6.532 6.542 6.553 6.563 6.573 6.584 6.594 6.605 6.616 6.626 6.637 6.648 6.659 6.671 6.682 6.693 6.705 6.717 6.730 6.742 6.754 6.766 6.778 6.790 6.803 6.815 6.827 6.839 6.851 6.862 6.874 6.885 6.896 6.907 6.918 6.928 6.938 6.948 6.957 6.966 6.975 6.984 6.992 7.000 7.007 7.013 7.019 7.025 7.030 7.034 7.038 7.042 7.045 7.047 7.049 7.050 7.051 7.051 7.050 7.050 7.048 7.047 7.045 7.044 7.043 7.042 7.040
6.412 6.425 6.438 6.451 6.464 6.477 6.489 6.500 6.511 6.521 6.532 6.543 6.553 6.564 6.574 6.585 6.595 6.606 6.616 6.627 6.638 6.649 6.660 6.671 6.682 6.694 6.705 6.717 6.730 6.742 6.754 6.766 6.778 6.790 6.802 6.814 6.826 6.839 6.850 6.862 6.874 6.886 6.897 6.908 6.919 6.930 6.940 6.950 6.960 6.969 6.978 6.987 6.996 7.003 7.011 7.018 7.024 7.030 7.035 7.040 7.045 7.048 7.052 7.054 7.056 7.058 7.059 7.059 7.059 7.059 7.058 7.057 7.055 7.054 7.053 7.051 7.050
6.405 6.420 6.434 6.448 6.461 6.474 6.487 6.499 6.510 6.521 6.532 6.543 6.553 6.564 6.575 6.585 6.596 6.606 6.617 6.628 6.639 6.649 6.660 6.671 6.683 6.694 6.706 6.718 6.730 6.742 6.754 6.766 6.778 6.790 6.802 6.814 6.826 6.838 6.850 6.862 6.874 6.886 6.897 6.909 6.920 6.931 6.941 6.952 6.962 6.971 6.981 6.990 6.999 7.007 7.015 7.022 7.029 7.035 7.040 7.046 7.050 7.055 7.058 7.061 7.064 7.066 7.067 7.068 7.068 7.068 7.067 7.066 7.065 7.063 7.062 7.061 7.059
6.396 6.412 6.427 6.442 6.456 6.471 6.484 6.496 6.508 6.520 6.531 6.542 6.553 6.564 6.574 6.585 6.596 6.607 6.617 6.628 6.639 6.650 6.661 6.672 6.683 6.694 6.706 6.718 6.730 6.742 6.754 6.765 6.777 6.789 6.801 6.813 6.825 6.838 6.850 6.862 6.874 6.886 6.897 6.909 6.920 6.931 6.942 6.953 6.963 6.973 6.983 6.993 7.002 7.010 7.018 7.026 7.033 7.039 7.045 7.051 7.056 7.060 7.064 7.068 7.071 7.073 7.074 7.076 7.076 7.076 7.076 7.075 7.074 7.073 7.071 7.070 7.068
6.384 6.401 6.418 6.434 6.449 6.465 6.479 6.492 6.505 6.517 6.529 6.540 6.551 6.563 6.574 6.585 6.595 6.606 6.617 6.628 6.639 6.650 6.661 6.672 6.683 6.694 6.706 6.717 6.729 6.741 6.753 6.765 6.777 6.789 6.801 6.813 6.825 6.837 6.849 6.861 6.873 6.885 6.897 6.909 6.920 6.932 6.943 6.954 6.964 6.975 6.985 6.995 7.004 7.013 7.021 7.029 7.036 7.043 7.050 7.056 7.061 7.066 7.070 7.074 7.077 7.080 7.082 7.083 7.084 7.084 7.084 7.084 7.083 7.082 7.081 7.079 7.078
6.369 6.387 6.405 6.423 6.440 6.456 6.472 6.486 6.499 6.512 6.525 6.537 6.549 6.560 6.572 6.583 6.594 6.605 6.616 6.627 6.638 6.649 6.660 6.671 6.682 6.694 6.705 6.717 6.729 6.741 6.752 6.764 6.776 6.788 6.800 6.812 6.824 6.836 6.848 6.860 6.872 6.884 6.896 6.908 6.920 6.931 6.943 6.954 6.965 6.976 6.986 6.996 7.006 7.015 7.024 7.032 7.040 7.047 7.054 7.060 7.066 7.071 7.075 7.080 7.083 7.086 7.088 7.090 7.091 7.092 7.092 7.092 7.091 7.090 7.090 7.088 7.087
6.350 6.370 6.390 6.409 6.427 6.445 6.461 6.477 6.491 6.505 6.519 6.532 6.544 6.557 6.569 6.580 6.592 6.603 6.615 6.626 6.637 6.648 6.659 6.670 6.682 6.693 6.704 6.716 6.728 6.740 6.752 6.763 6.775 6.787 6.798 6.810 6.822 6.834 6.846 6.859 6.871 6.883 6.895 6.907 6.919 6.931 6.942 6.954 6.965 6.976 6.987 6.997 7.008 7.017 7.026 7.034 7.042 7.050 7.057 7.064 7.070 7.075 7.080 7.085 7.089 7.092 7.095 7.097 7.098 7.099 7.100 7.100 7.099 7.099 7.098 7.097 7.095
6.330 6.351 6.371 6.391 6.411 6.430 6.448 6.465 6.481 6.496 6.510 6.525 6.538 6.551 6.564 6.576 6.588 6.600 6.612 6.624 6.635 6.646 6.658 6.669 6.680 6.692 6.703 6.715 6.727 6.739 6.750 6.762 6.773 6.785 6.797 6.809 6.821 6.833 6.845 6.857 6.869 6.881 6.893 6.906 6.918 6.930 6.942 6.953 6.965 6.976 6.987 6.998 7.008 7.018 7.027 7.036 7.045 7.053 7.060 7.067 7.073 7.079 7.085 7.089 7.094 7.097 7.100 7.103 7.105 7.106 7.107 7.107 7.107 7.107 7.106 7.105 7.104
6.309 6.330 6.351 6.372 6.393 6.413 6.432 6.450 6.467 6.483 6.499 6.515 6.529 6.543 6.557 6.570 6.583 6.596 6.608 6.620 6.632 6.643 6.655 6.667 6.678 6.690 6.701 6.713 6.725 6.737 6.749 6.760 6.772 6.783 6.795 6.807 6.819 6.831 6.843 6.855 6.867 6.879 6.892 6.904 6.916 6.928 6.940 6.952 6.964 6.975 6.987 6.998 7.009 7.019 7.028 7.038 7.046 7.055 7.062 7.070 7.076 7.083 7.088 7.093 7.098 7.102 7.106 7.108 7.111 7.112 7.114 7.114 7.115 7.114 7.114 7.113 7.112
6.288 6.309 6.330 6.351 6.372 6.393 6.413 6.432 6.450 6.468 6.485 6.502 6.518 6.533 6.548 6.562 6.576 6.589 6.602 6.615 6.627 6.639 6.651 6.663 6.675 6.687 6.699 6.711 6.723 6.735 6.746 6.758 6.769 6.781 6.793 6.805 6.816 6.828 6.840 6.852 6.865 6.877 6.889 6.901 6.914 6.926 6.938 6.950 6.962 6.974 6.986 6.997 7.008 7.019 7.029 7.038 7.047 7.056 7.064 7.072 7.079 7.085 7.091 7.097 7.102 7.106 7.110 7.113 7.116 7.118 7.120 7.121 7.121 7.121 7.121 7.121 7.120
6.268 6.288 6.309 6.330 6.351 6.372 6.392 6.412 6.431 6.450 6.468 6.486 6.503 6.520 6.536 6.551 6.566 6.580 6.594 6.608 6.621 6.633 6.646 6.658 6.671 6.683 6.695 6.707 6.720 6.732 6.743 6.755 6.767 6.778 6.790 6.802 6.814 6.825 6.837 6.850 6.862 6.874 6.886 6.899 6.911 6.923 6.936 6.948 6.960 6.972 6.984 6.996 7.007 7.018 7.028 7.038 7.048 7.057 7.065 7.073 7.081 7.088 7.094 7.100 7.105 7.110 7.114 7.118 7.121 7.123 7.125 7.127 7.127 7.128 7.128 7.128 7.127
6.251 6.270 6.289 6.309 6.330 6.351 6.371 6.391 6.411 6.430 6.449 6.468 6.486 6.504 6.521 6.538 6.554 6.569 6.584 6.598 6.612 6.626 6.639 6.652 6.665 6.677 6.690 6.703 6.715 6.728 6.739 6.751 6.763 6.775 6.786 6.798 6.810 6.822 6.834 6.846 6.858 6.871 6.883 6.895 6.908 6.920 6.933 6.945 6.957 6.969 6.982 6.994 7.006 7.017 7.027 7.037 7.047 7.057 7.065 7.074 7.082 7.089 7.096 7.102 7.108 7.113 7.118 7.122 7.125 7.128 7.130 7.132 7.133 7.134 7.134 7.134 7.134
6.235 6.253 6.271 6.291 6.310 6.330 6.350 6.370 6.389 6.409 6.429 6.448 6.467 6.486 6.504 6.521 6.538 6.555 6.571 6.586 6.601 6.616 6.630 6.644 6.657 6.670 6.683 6.697 6.710 6.722 6.734 6.746 6.758 6.770 6.782 6.794 6.806 6.818 6.830 6.842 6.854 6.867 6.879 6.891 6.904 6.916 6.929 6.941 6.954 6.966 6.979 6.991 7.003 7.014 7.025 7.036 7.046 7.056 7.065 7.074 7.082 7.090 7.097 7.104 7.110 7.115 7.120 7.125 7.128 7.132 7.134 7.136 7.138 7.139 7.140 7.140 7.140
6.223 6.239 6.256 6.274 6.293 6.312 6.330 6.349 6.369 6.388 6.408 6.427 6.446 6.466 6.484 6.503 6.521 6.539 6.556 6.572 6.588 6.604 6.619 6.633 6.647 6.661 6.675 6.689 6.703 6.715 6.728 6.740 6.752 6.765 6.777 6.789 6.801 6.813 6.825 6.837 6.849 6.862 6.874 6.887 6.899 6.912 6.924 6.937 6.950 6.962 6.975 6.988 7.000 7.011 7.023 7.034 7.044 7.054 7.064 7.073 7.082 7.090 7.097 7.104 7.111 7.117 7.122 7.127 7.131 7.135 7.138 7.140 7.142 7.144 7.145 7.146 7.145
6.212 6.227 6.243 6.260 6.278 6.295 6.313 6.331 6.349 6.368 6.387 6.406 6.426 6.445 6.464 6.483 6.502 6.520 6.538 6.555 6.572 6.589 6.605 6.620 6.636 6.650 6.665 6.680 6.694 6.707 6.720 6.733 6.745 6.758 6.770 6.782 6.795 6.807 6.819 6.832 6.844 6.856 6.869 6.881 6.894 6.907 6.919 6.932 6.945 6.957 6.970 6.983 6.996 7.007 7.019 7.030 7.041 7.052 7.062 7.071 7.080 7.089 7.097 7.104 7.111 7.118 7.123 7.129 7.133 7.137 7.141 7.143 7.146 7.148 7.149 7.150 7.150
6.203 6.218 6.233 6.248 6.265 6.281 6.298 6.315 6.332 6.350 6.368 6.386 6.405 6.424 6.443 6.462 6.481 6.500 6.519 6.537 6.555 6.572 6.589 6.605 6.621 6.637 6.653 6.668 6.683 6.697 6.710 6.724 6.737 6.750 6.762 6.775 6.787 6.800 6.812 6.825 6.837 6.850 6.862 6.875 6.888 6.900 6.913 6.926 6.939 6.952 6.965 6.978 6.991 7.003 7.015 7.026 7.037 7.048 7.059 7.069 7.078 7.087 7.096 7.103 7.111 7.117 7.124 7.129 7.134 7.139 7.142 7.146 7.148 7.151 7.153 7.154 7.154
6.196 6.210 6.224 6.238 6.254 6.269 6.285 6.301 6.317 6.334 6.351 6.368 6.386 6.405 6.423 6.442 6.461 6.480 6.499 6.517 6.536 6.554 6.571 6.589 6.605 6.622 6.638 6.655 6.670 6.685 6.699 6.713 6.726 6.740 6.753 6.766 6.779 6.792 6.804 6.817 6.830 6.842 6.855 6.868 6.881 6.893 6.906 6.919 6.932 6.945 6.959 6.972 6.985 6.997 7.009 7.021 7.033 7.044 7.055 7.065 7.075 7.084 7.093 7.102 7.109 7.116 7.123 7.129 7.134 7.139 7.144 7.147 7.150 7.153 7.156 7.157 7.158
6.190 6.203 6.216 6.230 6.245 6.259 6.274 6.289 6.304 6.320 6.336 6.352 6.370 6.387 6.405 6.423 6.442 6.460 6.479 6.498 6.516 6.534 6.553 6.570 6.588 6.605 6.622 6.639 6.655 6.671 6.686 6.700 6.715 6.728 6.742 6.756 6.769 6.782 6.795 6.808 6.821 6.834 6.847 6.860 6.873 6.886 6.899 6.912 6.925 6.938 6.952 6.965 6.978 6.990 7.003 7.015 7.027 7.039 7.050 7.060 7.071 7.081 7.090 7.099 7.107 7.114 7.122 7.128 7.134 7.139 7.144 7.148 7.151 7.155 7.158 7.159 7.160
6.185 6.197 6.210 6.223 6.237 6.251 6.265 6.278 6.293 6.308 6.323 6.338 6.355 6.371 6.388 6.406 6.424 6.442 6.460 6.478 6.497 6.515 6.533 6.551 6.569 6.587 6.605 6.622 6.639 6.655 6.671 6.686 6.701 6.716 6.730 6.744 6.758 6.771 6.785 6.798 6.811 6.824 6.837 6.850 6.864 6.877 6.890 6.903 6.916 6.930 6.944 6.957 6.970 6.983 6.996 7.008 7.020 7.032 7.044 7.055 7.066 7.076 7.086 7.095 7.103 7.112 7.119 7.126 7.132 7.138 7.143 7.148 7.152 7.155 7.159 7.161 7.162
6.181 6.192 6.205 6.217 6.231 6.244 6.257 6.270 6.283 6.297 6.312 6.326 6.342 6.357 6.374 6.390 6.407 6.424 6.442 6.460 6.478 6.496 6.514 6.533 6.551 6.569 6.587 6.605 6.622 6.639 6.655 6.671 6.686 6.701 6.716 6.730 6.745 6.759 6.773 6.786 6.800 6.813 6.827 6.840 6.853 6.867 6.880 6.893 6.907 6.921 6.934 6.948 6.961 6.974 6.987 7.000 7.012 7.025 7.037 7.048 7.059 7.070 7.080 7.090 7.099 7.108 7.116 7.123 7.130 7.136 7.141 7.146 7.151 7.155 7.159 7.161 7.163
6.177 6.188 6.200 6.212 6.225 6.238 6.250 6.263 6.275 6.289 6.302 6.316 6.331 6.345 6.361 6.376 6.393 6.409 6.426 6.443 6.461 6.478 6.496 6.514 6.532 6.550 6.568 6.586 6.604 6.621 6.638 6.654 6.670 6.686 6.701 6.716 6.731 6.745 6.759 6.773 6.787 6.801 6.815 6.829 6.842 6.856 6.869 6.883 6.897 6.910 6.924 6.938 6.952 6.965 6.978 6.991 7.004 7.016 7.028 7.040 7.052 7.063 7.074 7.084 7.093 7.102 7.111 7.119 7.126 7.133 7.139 7.144 7.149 7.154 7.158 7.161 7.163
6.173 6.184 6.196 6.208 6.220 6.233 6.244 6.256 6.269 6.281 6.294 6.307 6.321 6.335 6.350 6.365 6.380 6.396 6.412 6.428 6.445 6.462 6.480 6.497 6.515 6.532 6.550 6.569 6.586 6.603 6.620 6.637 6.653 6.669 6.685 6.700 6.716 6.730 6.745 6.760 6.774 6.788 6.802 6.816 6.830 6.844 6.858 6.871 6.885 6.899 6.913 6.927 6.941 6.954 6.968 6.981 6.994 7.007 7.019 7.032 7.044 7.055 7.066 7.077 7.087 7.096 7.105 7.114 7.121 7.129 7.135 7.141 7.147 7.152 7.156 7.159 7.162
6.170 6.181 6.192 6.204 6.216 6.228 6.239 6.251 6.263 6.275 6.287 6.300 6.313 6.326 6.340 6.354 6.369 6.384 6.399 6.415 6.431 6.448 6.464 6.481 6.498 6.516 6.533 6.551 6.569 6.586 6.603 6.620 6.636 6.653 6.669 6.684 6.700 6.715 6.730 6.745 6.760 6.774 6.789 6.803 6.817 6.831 6.845 6.859 6.873 6.887 6.902 6.916 6.929 6.943 6.957 6.970 6.983 6.996 7.009 7.022 7.034 7.046 7.058 7.069 7.079 7.089 7.099 7.107 7.116 7.123 7.131 7.137 7.143 7.149 7.153 7.157 7.160
6.166 6.177 6.189 6.200 6.212 6.223 6.235 6.246 6.257 6.269 6.281 6.293 6.306 6.318 6.332 6.345 6.359 6.374 6.388 6.403 6.419 6.434 6.451 6.467 6.484 6.500 6.518 6.535 6.553 6.570 6.586 6.603 6.620 6.636 6.652 6.668 6.684 6.699 6.715 6.730 6.745 6.760 6.774 6.789 6.803 6.817 6.832 6.846 6.860 6.874 6.889 6.903 6.917 6.931 6.945 6.958 6.972 6.985 6.998 7.011 7.024 7.036 7.048 7.059 7.070 7.081 7.091 7.100 7.109 7.117 7.125 7.132 7.138 7.144 7.150 7.154 7.158
6.163 6.174 6.185 6.197 6.208 6.219 6.230 6.241 6.252 6.264 6.275 6.287 6.299 6.311 6.324 6.337 6.351 6.364 6.379 6.393 6.408 6.423 6.438 6.454 6.470 6.487 6.503 6.521 6.538 6.554 6.571 6.587 6.604 6.620 6.636 6.652 6.668 6.684 6.699 6.715 6.730 6.745 6.760 6.774 6.789 6.803 6.818 6.832 6.847 6.861 6.876 6.890 6.904 6.918 6.932 6.946 6.960 6.973 6.987 7.000 7.013 7.025 7.038 7.049 7.061 7.072 7.082 7.092 7.101 7.110 7.118 7.126 7.133 7.139 7.145 7.150 7.154
6.160 6.171 6.182 6.193 6.205 6.216 6.226 6.237 6.248 6.259 6.270 6.282 6.293 6.305 6.318 6.330 6.343 6.356 6.370 6.384 6.398 6.413 6.427 6.443 6.458 6.474 6.490 6.507 6.524 6.540 6.556 6.572 6.589 6.605 6.621 6.637 6.653 6.668 6.684 6.700 6.715 6.730 6.745 6.760 6.775 6.789 6.804 6.818 6.833 6.848 6.862 6.877 6.891 6.905 6.919 6.933 6.947 6.961 6.974 6.988 7.001 7.014 7.026 7.039 7.050 7.062 7.073 7.083 7.093 7.102 7.111 7.119 7.126 7.134 7.140 7.145 7.150
6.157 6.168 6.179 6.190 6.202 6.212 6.222 6.233 6.243 6.254 6.265 6.277 6.288 6.300 6.312 6.324 6.336 6.349 6.362 6.376 6.389 6.403 6.418 6.432 6.447 6.463 6.479 6.495 6.511 6.527 6.543 6.559 6.575 6.591 6.606 6.622 6.638 6.654 6.669 6.685 6.700 6.715 6.731 6.746 6.760 6.775 6.790 6.805 6.819 6.834 6.849 6.864 6.878 6.892 6.906 6.920 6.934 6.948 6.962 6.975 6.989 7.002 7.015 7.027 7.039 7.051 7.063 7.073 7.084 7.093 7.103 7.111 7.119 7.127 7.134 7.140 7.145
6.154 6.165 6.176 6.187 6.198 6.208 6.219 6.229 6.239 6.250 6.261 6.272 6.283 6.295 6.306 6.318 6.330 6.343 6.355 6.368 6.382 6.395 6.409 6.423 6.438 6.453 6.468 6.484 6.500 6.515 6.530 6.546 6.562 6.577 6.593 6.609 6.624 6.640 6.655 6.671 6.686 6.701 6.717 6.732 6.747 6.761 6.776 6.791 6.806 6.820 6.835 6.850 6.864 6.879 6.893 6.907 6.921 6.935 6.949 6.962 6.976 6.989 7.002 7.015 7.028 7.040 7.052 7.063 7.074 7.084 7.094 7.103 7.111 7.120 7.127 7.133 7.139
