version2/TsunamiDB/out54058.asc
ncols          264
nrows          230
xllcorner      497853.4375
yllcorner      4229146.0000
cellsize         5.
NODATA_value   -99
[rows 99 to 131 of 230, columns 74 to 147 of 264]
3.238 3.431 3.585 3.708 3.809 3.894 3.968 4.034 4.096 4.153 4.206 4.257 4.305 4.350 4.394 4.436 4.476 4.514 4.551 4.586 4.620 4.653 4.685 4.716 4.746 4.775 4.804 4.831 4.859 4.885 4.910 4.936 4.962 4.988 5.014 5.041 5.067 5.094 5.121 5.148 5.176 5.203 5.231 5.259 5.287 5.315 5.343 5.371 5.398 5.425 5.452 5.478 5.503 5.528 5.553 5.577 5.602 5.626 5.650 5.674 5.698 5.721 5.745 5.768 5.791 5.814 5.837 5.860 5.883 5.906 5.928 5.950 5.972 5.993
3.328 3.503 3.643 3.756 3.850 3.930 4.000 4.065 4.124 4.180 4.233 4.282 4.330 4.375 4.418 4.459 4.499 4.537 4.574 4.609 4.643 4.676 4.708 4.738 4.768 4.797 4.825 4.852 4.879 4.904 4.929 4.954 4.979 5.004 5.029 5.054 5.079 5.104 5.130 5.156 5.182 5.209 5.236 5.263 5.291 5.318 5.346 5.374 5.401 5.428 5.455 5.481 5.507 5.532 5.557 5.582 5.607 5.632 5.656 5.680 5.704 5.728 5.752 5.775 5.798 5.822 5.845 5.868 5.891 5.914 5.936 5.959 5.981 6.003
3.410 3.569 3.696 3.800 3.888 3.964 4.032 4.094 4.152 4.207 4.258 4.307 4.354 4.399 4.442 4.483 4.522 4.560 4.596 4.632 4.665 4.698 4.730 4.760 4.790 4.818 4.846 4.873 4.899 4.924 4.948 4.973 4.997 5.021 5.045 5.068 5.092 5.117 5.141 5.166 5.191 5.216 5.242 5.268 5.295 5.322 5.349 5.376 5.403 5.430 5.457 5.484 5.509 5.535 5.561 5.586 5.611 5.636 5.661 5.685 5.710 5.734 5.758 5.781 5.805 5.828 5.852 5.875 5.898 5.921 5.944 5.967 5.990 6.012
3.484 3.629 3.745 3.842 3.924 3.997 4.061 4.122 4.179 4.232 4.283 4.332 4.378 4.422 4.464 4.505 4.544 4.582 4.618 4.653 4.687 4.720 4.751 4.782 4.811 4.840 4.867 4.894 4.920 4.944 4.968 4.992 5.016 5.039 5.062 5.085 5.108 5.131 5.154 5.177 5.201 5.225 5.249 5.274 5.300 5.325 5.351 5.378 5.405 5.432 5.458 5.485 5.510 5.536 5.563 5.589 5.614 5.640 5.665 5.690 5.714 5.738 5.763 5.787 5.810 5.834 5.858 5.881 5.905 5.928 5.951 5.974 5.997 6.020
3.552 3.683 3.790 3.880 3.958 4.027 4.090 4.149 4.205 4.257 4.307 4.355 4.401 4.445 4.487 4.527 4.566 4.603 4.640 4.674 4.708 4.741 4.772 4.803 4.832 4.861 4.888 4.915 4.940 4.964 4.989 5.013 5.036 5.059 5.081 5.104 5.126 5.148 5.170 5.192 5.214 5.236 5.259 5.282 5.306 5.330 5.355 5.381 5.406 5.433 5.459 5.485 5.511 5.537 5.564 5.590 5.616 5.642 5.667 5.692 5.717 5.742 5.767 5.791 5.815 5.839 5.863 5.887 5.910 5.934 5.957 5.981 6.004 6.027
3.613 3.733 3.832 3.917 3.991 4.057 4.118 4.176 4.230 4.282 4.331 4.378 4.423 4.467 4.508 4.548 4.587 4.624 4.660 4.695 4.728 4.761 4.792 4.823 4.852 4.881 4.908 4.935 4.961 4.985 5.009 5.033 5.056 5.079 5.101 5.123 5.145 5.166 5.187 5.208 5.229 5.250 5.271 5.292 5.314 5.337 5.360 5.384 5.409 5.434 5.460 5.485 5.510 5.537 5.563 5.590 5.616 5.642 5.668 5.694 5.719 5.744 5.769 5.794 5.818 5.843 5.867 5.891 5.915 5.939 5.962 5.986 6.010 6.033
3.670 3.780 3.872 3.951 4.022 4.086 4.145 4.202 4.255 4.306 4.354 4.401 4.445 4.488 4.529 4.569 4.607 4.644 4.680 4.714 4.748 4.780 4.812 4.842 4.872 4.900 4.928 4.955 4.981 5.005 5.029 5.053 5.077 5.100 5.122 5.144 5.165 5.186 5.206 5.227 5.246 5.266 5.285 5.305 5.325 5.346 5.368 5.390 5.413 5.437 5.461 5.485 5.510 5.536 5.562 5.589 5.615 5.642 5.668 5.694 5.720 5.745 5.771 5.796 5.821 5.845 5.870 5.894 5.918 5.943 5.967 5.991 6.014 6.038
3.721 3.823 3.909 3.985 4.053 4.114 4.172 4.227 4.280 4.329 4.377 4.423 4.467 4.509 4.550 4.589 4.627 4.664 4.699 4.733 4.767 4.799 4.830 4.861 4.891 4.919 4.947 4.974 5.000 5.024 5.049 5.073 5.097 5.120 5.143 5.165 5.186 5.207 5.227 5.247 5.266 5.284 5.303 5.321 5.339 5.358 5.378 5.398 5.419 5.441 5.464 5.487 5.510 5.535 5.561 5.587 5.614 5.640 5.667 5.693 5.719 5.745 5.771 5.796 5.821 5.846 5.871 5.896 5.921 5.945 5.970 5.994 6.018 6.042
3.769 3.863 3.945 4.017 4.082 4.142 4.198 4.252 4.304 4.352 4.399 4.444 4.488 4.529 4.570 4.609 4.646 4.683 4.718 4.752 4.785 4.817 4.848 4.879 4.908 4.937 4.965 4.992 5.018 5.043 5.068 5.093 5.117 5.140 5.163 5.185 5.207 5.228 5.248 5.268 5.286 5.304 5.322 5.339 5.356 5.373 5.391 5.409 5.428 5.448 5.469 5.490 5.512 5.535 5.560 5.586 5.611 5.638 5.664 5.691 5.717 5.743 5.769 5.795 5.821 5.846 5.872 5.897 5.922 5.947 5.971 5.996 6.021 6.045
3.814 3.902 3.979 4.048 4.111 4.169 4.224 4.277 4.327 4.375 4.422 4.466 4.509 4.550 4.590 4.628 4.665 4.701 4.736 4.770 4.803 4.835 4.866 4.896 4.926 4.954 4.982 5.010 5.035 5.061 5.086 5.111 5.136 5.160 5.183 5.206 5.228 5.249 5.270 5.289 5.308 5.326 5.343 5.359 5.375 5.391 5.407 5.423 5.440 5.457 5.476 5.495 5.515 5.537 5.560 5.584 5.609 5.635 5.661 5.687 5.714 5.740 5.767 5.793 5.819 5.845 5.870 5.896 5.921 5.947 5.972 5.997 6.022 6.047
3.855 3.938 4.011 4.078 4.139 4.196 4.250 4.302 4.351 4.398 4.444 4.487 4.529 4.570 4.609 4.647 4.684 4.720 4.754 4.788 4.820 4.852 4.883 4.913 4.942 4.971 4.999 5.026 5.052 5.078 5.103 5.129 5.154 5.178 5.202 5.225 5.248 5.270 5.290 5.311 5.330 5.348 5.365 5.381 5.396 5.411 5.426 5.441 5.455 5.471 5.487 5.504 5.521 5.541 5.562 5.585 5.608 5.633 5.658 5.684 5.710 5.737 5.763 5.789 5.816 5.842 5.868 5.894 5.920 5.945 5.971 5.996 6.022 6.047
3.895 3.973 4.043 4.107 4.167 4.222 4.275 4.326 4.374 4.421 4.466 4.509 4.550 4.590 4.629 4.667 4.703 4.738 4.772 4.805 4.837 4.869 4.899 4.929 4.958 4.987 5.015 5.042 5.068 5.094 5.120 5.145 5.171 5.195 5.220 5.244 5.267 5.289 5.311 5.331 5.351 5.369 5.387 5.403 5.419 5.433 5.447 5.461 5.474 5.488 5.502 5.516 5.531 5.548 5.567 5.587 5.609 5.632 5.656 5.681 5.707 5.733 5.759 5.785 5.812 5.838 5.865 5.891 5.917 5.943 5.969 5.995 6.021 6.046
3.932 4.006 4.074 4.136 4.194 4.248 4.300 4.350 4.398 4.443 4.487 4.530 4.571 4.611 4.649 4.686 4.722 4.756 4.790 4.823 4.854 4.885 4.916 4.945 4.974 5.002 5.030 5.057 5.083 5.109 5.135 5.161 5.187 5.212 5.237 5.261 5.284 5.307 5.330 5.351 5.371 5.391 5.409 5.426 5.442 5.457 5.470 5.483 5.496 5.508 5.520 5.532 5.544 5.559 5.575 5.593 5.612 5.633 5.655 5.679 5.704 5.729 5.755 5.781 5.807 5.834 5.860 5.887 5.913 5.940 5.966 5.992 6.018 6.045
3.967 4.038 4.104 4.164 4.221 4.274 4.324 4.374 4.421 4.466 4.509 4.551 4.592 4.631 4.669 4.705 4.740 4.775 4.808 4.840 4.872 4.902 4.932 4.961 4.990 5.018 5.045 5.072 5.098 5.124 5.150 5.176 5.202 5.227 5.252 5.277 5.301 5.325 5.347 5.369 5.391 5.411 5.430 5.448 5.464 5.480 5.494 5.507 5.519 5.530 5.541 5.551 5.562 5.574 5.587 5.602 5.619 5.637 5.657 5.679 5.702 5.726 5.751 5.777 5.803 5.829 5.856 5.883 5.909 5.936 5.962 5.989 6.015 6.042
4.001 4.070 4.133 4.192 4.247 4.299 4.349 4.397 4.444 4.488 4.531 4.573 4.613 4.651 4.689 4.725 4.760 4.793 4.826 4.858 4.889 4.919 4.949 4.977 5.005 5.033 5.060 5.087 5.113 5.138 5.164 5.190 5.216 5.242 5.267 5.292 5.316 5.340 5.364 5.386 5.408 5.429 5.449 5.468 5.486 5.502 5.517 5.531 5.543 5.555 5.565 5.574 5.583 5.592 5.603 5.615 5.629 5.645 5.662 5.681 5.703 5.725 5.749 5.774 5.799 5.825 5.851 5.878 5.905 5.931 5.958 5.985 6.012 6.038
4.034 4.100 4.161 4.218 4.273 4.324 4.373 4.421 4.466 4.510 4.553 4.594 4.633 4.672 4.709 4.744 4.779 4.812 4.845 4.876 4.907 4.937 4.965 4.994 5.021 5.049 5.075 5.102 5.127 5.153 5.179 5.204 5.230 5.256 5.281 5.306 5.331 5.355 5.379 5.402 5.425 5.447 5.467 5.487 5.506 5.524 5.540 5.554 5.568 5.579 5.590 5.599 5.606 5.615 5.623 5.633 5.644 5.656 5.671 5.687 5.706 5.726 5.748 5.772 5.796 5.821 5.847 5.874 5.900 5.927 5.954 5.981 6.007 6.034
4.065 4.129 4.188 4.245 4.298 4.348 4.397 4.444 4.489 4.533 4.575 4.615 4.654 4.692 4.729 4.764 4.798 4.832 4.864 4.895 4.925 4.954 4.983 5.011 5.038 5.065 5.091 5.117 5.142 5.167 5.193 5.218 5.244 5.269 5.294 5.319 5.344 5.369 5.393 5.417 5.440 5.462 5.484 5.505 5.525 5.543 5.561 5.577 5.591 5.604 5.615 5.624 5.632 5.640 5.647 5.654 5.663 5.672 5.684 5.697 5.713 5.731 5.751 5.772 5.795 5.819 5.844 5.870 5.896 5.923 5.950 5.976 6.003 6.030
4.095 4.157 4.215 4.270 4.323 4.372 4.420 4.467 4.511 4.554 4.596 4.636 4.675 4.713 4.749 4.784 4.818 4.851 4.883 4.914 4.944 4.973 5.001 5.028 5.055 5.081 5.107 5.133 5.157 5.182 5.207 5.232 5.257 5.282 5.307 5.332 5.357 5.381 5.406 5.430 5.453 5.476 5.499 5.521 5.542 5.561 5.580 5.597 5.613 5.627 5.640 5.650 5.658 5.666 5.673 5.679 5.686 5.693 5.701 5.712 5.724 5.739 5.756 5.775 5.796 5.819 5.843 5.868 5.893 5.919 5.946 5.973 5.999 6.026
4.125 4.185 4.242 4.296 4.347 4.396 4.443 4.489 4.533 4.576 4.617 4.657 4.695 4.733 4.769 4.804 4.838 4.871 4.902 4.933 4.963 4.991 5.019 5.046 5.073 5.099 5.124 5.149 5.173 5.197 5.221 5.246 5.271 5.295 5.320 5.344 5.369 5.394 5.418 5.442 5.466 5.489 5.512 5.535 5.557 5.578 5.597 5.616 5.633 5.649 5.663 5.674 5.684 5.692 5.700 5.706 5.711 5.717 5.723 5.730 5.740 5.751 5.765 5.781 5.800 5.821 5.843 5.867 5.891 5.917 5.943 5.969 5.996 6.023
4.153 4.212 4.267 4.320 4.371 4.419 4.465 4.511 4.554 4.597 4.638 4.677 4.716 4.753 4.789 4.824 4.857 4.890 4.922 4.952 4.982 5.010 5.038 5.065 5.091 5.117 5.142 5.166 5.189 5.213 5.237 5.261 5.285 5.309 5.333 5.357 5.381 5.405 5.430 5.454 5.478 5.501 5.525 5.548 5.570 5.592 5.613 5.633 5.651 5.668 5.684 5.697 5.708 5.718 5.726 5.733 5.738 5.743 5.747 5.753 5.759 5.768 5.778 5.792 5.807 5.826 5.846 5.868 5.891 5.916 5.941 5.967 5.994 6.020
4.181 4.238 4.292 4.344 4.394 4.441 4.487 4.532 4.575 4.617 4.658 4.697 4.736 4.773 4.808 4.843 4.877 4.910 4.941 4.972 5.001 5.030 5.057 5.084 5.110 5.135 5.160 5.184 5.207 5.230 5.253 5.276 5.299 5.323 5.346 5.370 5.393 5.417 5.441 5.465 5.489 5.513 5.536 5.559 5.582 5.605 5.627 5.648 5.667 5.686 5.703 5.717 5.730 5.742 5.752 5.760 5.766 5.771 5.775 5.778 5.783 5.788 5.796 5.806 5.819 5.834 5.852 5.872 5.893 5.916 5.941 5.966 5.992 6.018
4.208 4.263 4.317 4.368 4.417 4.463 4.508 4.553 4.596 4.637 4.678 4.717 4.755 4.792 4.828 4.862 4.896 4.929 4.960 4.991 5.021 5.049 5.077 5.104 5.130 5.155 5.179 5.202 5.225 5.247 5.270 5.293 5.315 5.338 5.360 5.383 5.406 5.429 5.452 5.476 5.499 5.523 5.547 5.570 5.594 5.616 5.639 5.661 5.682 5.702 5.719 5.735 5.751 5.764 5.776 5.785 5.793 5.799 5.803 5.806 5.809 5.813 5.818 5.825 5.834 5.846 5.861 5.878 5.898 5.919 5.942 5.967 5.992 6.017
4.234 4.289 4.341 4.391 4.438 4.484 4.529 4.573 4.616 4.657 4.697 4.736 4.774 4.811 4.846 4.881 4.915 4.948 4.979 5.010 5.040 5.069 5.097 5.123 5.150 5.175 5.199 5.222 5.244 5.266 5.289 5.310 5.332 5.354 5.375 5.397 5.419 5.442 5.464 5.487 5.510 5.533 5.557 5.580 5.604 5.627 5.650 5.672 5.694 5.715 5.734 5.752 5.768 5.784 5.797 5.809 5.818 5.825 5.831 5.835 5.837 5.840 5.843 5.847 5.854 5.862 5.874 5.888 5.905 5.925 5.946 5.969 5.993 6.017
4.260 4.313 4.364 4.413 4.460 4.505 4.550 4.593 4.635 4.676 4.716 4.754 4.792 4.829 4.864 4.899 4.933 4.966 4.998 5.029 5.059 5.088 5.116 5.143 5.169 5.195 5.219 5.242 5.264 5.286 5.308 5.329 5.350 5.371 5.392 5.413 5.434 5.455 5.477 5.499 5.521 5.544 5.567 5.590 5.613 5.637 5.660 5.683 5.705 5.727 5.747 5.766 5.784 5.801 5.816 5.830 5.841 5.850 5.857 5.862 5.866 5.868 5.870 5.873 5.877 5.883 5.891 5.902 5.916 5.933 5.952 5.973 5.995 6.018
4.285 4.337 4.387 4.436 4.481 4.526 4.570 4.612 4.654 4.694 4.734 4.772 4.810 4.846 4.882 4.917 4.950 4.983 5.015 5.046 5.077 5.106 5.135 5.162 5.189 5.215 5.239 5.262 5.284 5.307 5.328 5.349 5.370 5.390 5.410 5.430 5.450 5.470 5.491 5.512 5.533 5.555 5.577 5.600 5.623 5.646 5.669 5.692 5.715 5.737 5.758 5.778 5.797 5.816 5.833 5.848 5.862 5.873 5.882 5.889 5.894 5.897 5.899 5.901 5.903 5.906 5.912 5.920 5.930 5.944 5.960 5.979 6.000 6.022
4.310 4.361 4.410 4.458 4.503 4.546 4.590 4.632 4.673 4.713 4.752 4.790 4.827 4.863 4.899 4.933 4.967 5.000 5.032 5.064 5.094 5.124 5.153 5.181 5.208 5.234 5.259 5.283 5.305 5.328 5.349 5.370 5.390 5.410 5.429 5.449 5.468 5.487 5.506 5.526 5.546 5.567 5.588 5.610 5.633 5.655 5.678 5.701 5.724 5.747 5.768 5.789 5.809 5.829 5.847 5.864 5.880 5.893 5.904 5.913 5.920 5.924 5.927 5.929 5.931 5.933 5.936 5.941 5.949 5.959 5.973 5.989 6.007 6.027
4.335 4.385 4.433 4.480 4.524 4.567 4.609 4.651 4.691 4.730 4.769 4.807 4.844 4.880 4.915 4.949 4.983 5.016 5.048 5.080 5.111 5.141 5.170 5.198 5.226 5.253 5.279 5.302 5.325 5.348 5.370 5.392 5.412 5.431 5.450 5.469 5.487 5.505 5.523 5.542 5.561 5.580 5.600 5.621 5.643 5.665 5.687 5.710 5.733 5.756 5.777 5.798 5.820 5.840 5.860 5.878 5.895 5.910 5.924 5.935 5.944 5.950 5.955 5.958 5.959 5.961 5.963 5.966 5.971 5.978 5.988 6.002 6.017 6.035
4.360 4.409 4.456 4.501 4.545 4.587 4.629 4.669 4.709 4.748 4.786 4.823 4.860 4.895 4.930 4.965 4.998 5.031 5.064 5.095 5.126 5.157 5.186 5.215 5.243 5.271 5.297 5.322 5.345 5.369 5.391 5.413 5.433 5.453 5.472 5.490 5.507 5.525 5.542 5.559 5.577 5.595 5.614 5.634 5.654 5.675 5.697 5.719 5.741 5.764 5.786 5.807 5.829 5.850 5.871 5.890 5.909 5.925 5.941 5.954 5.965 5.973 5.980 5.985 5.987 5.989 5.991 5.992 5.995 6.000 6.008 6.018 6.031 6.046
4.384 4.432 4.479 4.523 4.566 4.607 4.648 4.688 4.727 4.765 4.803 4.840 4.876 4.911 4.946 4.980 5.013 5.046 5.078 5.110 5.141 5.172 5.201 5.231 5.259 5.287 5.315 5.340 5.364 5.388 5.412 5.434 5.455 5.475 5.494 5.512 5.529 5.546 5.562 5.579 5.595 5.612 5.630 5.648 5.667 5.686 5.707 5.728 5.750 5.772 5.794 5.815 5.837 5.859 5.880 5.901 5.920 5.938 5.955 5.970 5.983 5.994 6.003 6.009 6.014 6.017 6.019 6.020 6.022 6.025 6.030 6.037 6.047 6.059
4.409 4.456 4.501 4.545 4.587 4.627 4.668 4.707 4.745 4.783 4.820 4.856 4.891 4.926 4.960 4.994 5.027 5.060 5.092 5.124 5.155 5.186 5.216 5.245 5.275 5.303 5.331 5.357 5.382 5.407 5.431 5.454 5.476 5.496 5.516 5.534 5.552 5.568 5.584 5.600 5.616 5.631 5.647 5.664 5.681 5.700 5.719 5.739 5.760 5.781 5.802 5.823 5.845 5.867 5.889 5.910 5.930 5.950 5.968 5.984 5.999 6.012 6.023 6.032 6.038 6.043 6.046 6.048 6.050 6.052 6.055 6.060 6.067 6.076
4.433 4.479 4.524 4.567 4.608 4.648 4.687 4.726 4.763 4.800 4.836 4.872 4.907 4.941 4.975 5.008 5.041 5.073 5.105 5.137 5.168 5.199 5.229 5.259 5.289 5.318 5.346 5.373 5.399 5.424 5.449 5.473 5.496 5.517 5.537 5.556 5.574 5.591 5.607 5.623 5.637 5.652 5.667 5.682 5.698 5.715 5.732 5.751 5.771 5.791 5.811 5.832 5.853 5.875 5.897 5.919 5.940 5.960 5.979 5.997 6.013 6.028 6.041 6.051 6.060 6.067 6.072 6.075 6.077 6.079 6.081 6.084 6.090 6.096
4.457 4.503 4.547 4.589 4.629 4.668 4.707 4.745 4.782 4.818 4.853 4.888 4.922 4.956 4.989 5.022 5.055 5.087 5.118 5.150 5.181 5.211 5.242 5.272 5.302 5.331 5.360 5.387 5.414 5.440 5.466 5.491 5.514 5.537 5.558 5.578 5.597 5.614 5.630 5.646 5.661 5.675 5.689 5.703 5.717 5.732 5.748 5.765 5.783 5.802 5.821 5.841 5.862 5.883 5.905 5.927 5.948 5.969 5.989 6.008 6.025 6.041 6.056 6.069 6.079 6.088 6.095 6.100 6.103 6.106 6.108 6.110 6.114 6.119
4.482 4.526 4.569 4.611 4.650 4.689 4.727 4.764 4.800 4.836 4.870 4.905 4.938 4.971 5.004 5.036 5.068 5.100 5.131 5.162 5.193 5.224 5.254 5.284 5.314 5.343 5.373 5.400 5.427 5.455 5.481 5.507 5.531 5.555 5.577 5.598 5.618 5.636 5.653 5.669 5.684 5.698 5.712 5.725 5.738 5.752 5.766 5.781 5.798 5.815 5.833 5.851 5.871 5.892 5.913 5.935 5.956 5.977 5.998 6.017 6.036 6.053 6.069 6.084 6.096 6.107 6.116 6.123 6.128 6.132 6.134 6.137 6.140 6.143
