version2/TsunamiDB/out54146.asc
ncols          264
nrows          230
xllcorner      497853.4375
yllcorner      4229146.0000
cellsize         5.
NODATA_value   -99
[rows 68 to 101 of 230, columns 0 to 76 of 264]
5.412 5.431 5.449 5.467 5.485 5.502 5.519 5.536 5.552 5.568 5.584 5.600 5.614 5.627 5.641 5.654 5.667 5.680 5.692 5.704 5.716 5.728 5.739 5.750 5.760 5.770 5.780 5.790 5.799 5.809 5.817 5.826 5.835 5.843 5.852 5.860 5.867 5.873 5.880 5.887 5.895 5.902 5.909 5.917 5.924 5.932 5.940 5.947 5.955 5.963 5.970 5.978 5.986 5.993 6.001 6.009 6.017 6.025 6.032 6.039 6.045 6.051 6.058 6.065 6.071 6.078 6.085 6.091 6.098 6.105 6.112 6.118 6.125 6.132 6.138 6.145 6.152
5.418 5.437 5.455 5.474 5.492 5.509 5.527 5.544 5.560 5.577 5.593 5.608 5.623 5.637 5.650 5.664 5.677 5.690 5.703 5.716 5.728 5.740 5.752 5.763 5.774 5.784 5.795 5.805 5.814 5.824 5.833 5.842 5.850 5.859 5.867 5.875 5.881 5.888 5.895 5.902 5.908 5.915 5.922 5.929 5.937 5.944 5.951 5.958 5.965 5.973 5.980 5.987 5.995 6.002 6.010 6.017 6.025 6.033 6.040 6.046 6.052 6.059 6.065 6.072 6.078 6.085 6.091 6.098 6.105 6.111 6.118 6.125 6.131 6.138 6.145 6.151 6.158
5.424 5.443 5.462 5.480 5.498 5.516 5.533 5.550 5.567 5.584 5.600 5.616 5.631 5.645 5.659 5.673 5.687 5.701 5.714 5.727 5.739 5.752 5.764 5.775 5.787 5.798 5.808 5.819 5.829 5.838 5.848 5.857 5.866 5.874 5.883 5.890 5.897 5.903 5.910 5.916 5.923 5.930 5.936 5.943 5.950 5.956 5.963 5.970 5.977 5.984 5.991 5.998 6.005 6.012 6.019 6.026 6.034 6.041 6.048 6.054 6.060 6.067 6.073 6.079 6.086 6.092 6.099 6.105 6.112 6.118 6.125 6.131 6.138 6.145 6.151 6.158 6.164
5.430 5.449 5.467 5.486 5.504 5.522 5.539 5.557 5.574 5.591 5.607 5.624 5.639 5.653 5.668 5.682 5.696 5.710 5.724 5.737 5.750 5.763 5.775 5.787 5.799 5.810 5.821 5.832 5.842 5.852 5.862 5.871 5.881 5.889 5.898 5.906 5.913 5.919 5.926 5.932 5.939 5.945 5.951 5.958 5.964 5.970 5.977 5.983 5.990 5.996 6.003 6.009 6.016 6.022 6.029 6.036 6.043 6.051 6.057 6.063 6.069 6.075 6.081 6.087 6.093 6.100 6.106 6.112 6.119 6.125 6.132 6.138 6.145 6.151 6.158 6.164 6.171
5.435 5.454 5.473 5.491 5.509 5.527 5.545 5.563 5.580 5.597 5.614 5.631 5.646 5.661 5.675 5.690 5.704 5.718 5.732 5.746 5.760 5.773 5.785 5.798 5.810 5.822 5.833 5.844 5.855 5.866 5.876 5.885 5.895 5.904 5.913 5.921 5.928 5.935 5.942 5.948 5.955 5.961 5.967 5.973 5.980 5.986 5.992 5.998 6.004 6.010 6.016 6.022 6.028 6.034 6.041 6.047 6.054 6.061 6.067 6.072 6.078 6.084 6.090 6.095 6.101 6.108 6.114 6.120 6.126 6.133 6.139 6.145 6.152 6.158 6.165 6.171 6.177
5.441 5.460 5.478 5.497 5.515 5.533 5.551 5.568 5.586 5.603 5.620 5.637 5.653 5.667 5.682 5.697 5.712 5.726 5.741 5.755 5.768 5.782 5.795 5.808 5.820 5.832 5.844 5.856 5.867 5.878 5.889 5.899 5.909 5.918 5.928 5.936 5.943 5.950 5.957 5.964 5.971 5.977 5.983 5.990 5.996 6.001 6.007 6.013 6.019 6.024 6.030 6.036 6.042 6.047 6.053 6.059 6.066 6.072 6.078 6.083 6.088 6.093 6.099 6.105 6.110 6.116 6.122 6.128 6.134 6.140 6.147 6.153 6.159 6.165 6.172 6.178 6.184
5.447 5.465 5.484 5.502 5.520 5.538 5.556 5.574 5.591 5.609 5.626 5.643 5.659 5.674 5.689 5.704 5.719 5.734 5.748 5.762 5.776 5.790 5.804 5.817 5.830 5.842 5.855 5.867 5.878 5.889 5.900 5.911 5.922 5.932 5.942 5.950 5.958 5.966 5.973 5.980 5.987 5.993 6.000 6.006 6.012 6.018 6.024 6.029 6.035 6.040 6.045 6.051 6.056 6.062 6.067 6.073 6.078 6.084 6.090 6.095 6.099 6.104 6.109 6.115 6.120 6.126 6.131 6.137 6.143 6.149 6.155 6.161 6.167 6.173 6.179 6.185 6.191
5.453 5.471 5.490 5.508 5.526 5.544 5.561 5.579 5.597 5.614 5.631 5.648 5.664 5.680 5.695 5.710 5.725 5.740 5.755 5.770 5.784 5.798 5.812 5.825 5.838 5.851 5.864 5.876 5.888 5.900 5.912 5.923 5.933 5.944 5.954 5.964 5.972 5.980 5.987 5.995 6.002 6.009 6.016 6.022 6.029 6.035 6.040 6.046 6.051 6.057 6.062 6.067 6.072 6.077 6.082 6.087 6.093 6.098 6.103 6.107 6.112 6.116 6.121 6.126 6.131 6.136 6.141 6.147 6.152 6.158 6.164 6.169 6.175 6.181 6.187 6.193 6.199
5.459 5.477 5.495 5.513 5.531 5.549 5.567 5.585 5.602 5.619 5.637 5.654 5.670 5.685 5.701 5.716 5.731 5.747 5.762 5.776 5.791 5.805 5.819 5.833 5.847 5.860 5.873 5.885 5.898 5.910 5.922 5.933 5.945 5.956 5.966 5.976 5.985 5.993 6.001 6.009 6.017 6.024 6.032 6.038 6.045 6.051 6.057 6.063 6.068 6.073 6.079 6.084 6.088 6.093 6.098 6.103 6.108 6.113 6.118 6.121 6.125 6.129 6.134 6.138 6.143 6.147 6.152 6.157 6.163 6.168 6.173 6.179 6.184 6.190 6.195 6.201 6.207
5.466 5.484 5.502 5.519 5.537 5.555 5.572 5.590 5.607 5.625 5.642 5.659 5.675 5.691 5.706 5.722 5.737 5.753 5.768 5.783 5.798 5.812 5.826 5.840 5.854 5.868 5.881 5.894 5.906 5.919 5.931 5.943 5.955 5.966 5.977 5.988 5.997 6.006 6.014 6.023 6.031 6.039 6.046 6.054 6.061 6.067 6.074 6.079 6.085 6.091 6.096 6.101 6.105 6.110 6.115 6.119 6.124 6.129 6.133 6.137 6.140 6.144 6.148 6.152 6.156 6.160 6.165 6.169 6.174 6.179 6.184 6.189 6.194 6.199 6.204 6.210 6.215
5.473 5.491 5.508 5.526 5.543 5.561 5.578 5.595 5.613 5.630 5.647 5.664 5.681 5.696 5.711 5.727 5.743 5.758 5.774 5.789 5.804 5.818 5.833 5.847 5.861 5.875 5.888 5.902 5.915 5.927 5.940 5.952 5.964 5.976 5.988 5.998 6.008 6.017 6.026 6.035 6.044 6.052 6.060 6.068 6.076 6.083 6.089 6.096 6.102 6.107 6.113 6.118 6.123 6.128 6.132 6.137 6.141 6.146 6.150 6.153 6.156 6.159 6.163 6.166 6.170 6.174 6.178 6.182 6.186 6.191 6.195 6.200 6.205 6.209 6.214 6.219 6.225
5.481 5.498 5.515 5.532 5.550 5.567 5.584 5.601 5.618 5.636 5.653 5.670 5.686 5.701 5.717 5.732 5.748 5.764 5.779 5.794 5.810 5.824 5.839 5.853 5.868 5.882 5.895 5.909 5.922 5.935 5.948 5.961 5.973 5.985 5.997 6.008 6.018 6.028 6.037 6.047 6.056 6.065 6.074 6.082 6.090 6.097 6.104 6.111 6.117 6.124 6.129 6.135 6.140 6.145 6.150 6.154 6.159 6.163 6.167 6.170 6.173 6.176 6.179 6.182 6.186 6.189 6.193 6.196 6.200 6.204 6.208 6.212 6.217 6.221 6.225 6.230 6.235
5.489 5.506 5.523 5.539 5.556 5.573 5.590 5.607 5.624 5.641 5.658 5.675 5.691 5.706 5.722 5.737 5.753 5.769 5.784 5.800 5.815 5.830 5.845 5.859 5.874 5.888 5.902 5.916 5.929 5.942 5.956 5.968 5.981 5.994 6.006 6.017 6.027 6.038 6.048 6.057 6.067 6.077 6.086 6.094 6.103 6.111 6.118 6.126 6.133 6.139 6.145 6.151 6.157 6.162 6.167 6.172 6.176 6.181 6.185 6.188 6.190 6.193 6.196 6.199 6.202 6.205 6.208 6.212 6.215 6.219 6.222 6.226 6.230 6.234 6.238 6.242 6.246
5.497 5.514 5.530 5.547 5.564 5.580 5.597 5.614 5.630 5.647 5.664 5.681 5.696 5.711 5.727 5.743 5.758 5.774 5.790 5.805 5.820 5.836 5.850 5.865 5.880 5.894 5.908 5.922 5.936 5.949 5.963 5.976 5.989 6.002 6.014 6.026 6.036 6.047 6.057 6.067 6.077 6.087 6.097 6.106 6.115 6.123 6.132 6.139 6.147 6.154 6.160 6.167 6.173 6.178 6.184 6.189 6.194 6.198 6.202 6.205 6.208 6.211 6.214 6.217 6.220 6.222 6.225 6.228 6.231 6.234 6.238 6.241 6.244 6.248 6.251 6.255 6.259
5.506 5.522 5.539 5.555 5.571 5.587 5.604 5.620 5.637 5.653 5.670 5.686 5.701 5.717 5.732 5.748 5.763 5.779 5.795 5.810 5.826 5.841 5.856 5.871 5.885 5.900 5.914 5.928 5.942 5.956 5.969 5.983 5.996 6.009 6.022 6.034 6.044 6.055 6.066 6.077 6.087 6.097 6.107 6.117 6.126 6.135 6.144 6.152 6.160 6.167 6.174 6.181 6.188 6.194 6.200 6.205 6.210 6.216 6.220 6.223 6.226 6.229 6.232 6.235 6.237 6.240 6.243 6.246 6.248 6.251 6.254 6.257 6.260 6.263 6.266 6.269 6.272
5.515 5.531 5.547 5.563 5.579 5.595 5.611 5.627 5.643 5.660 5.676 5.692 5.707 5.722 5.737 5.753 5.768 5.784 5.800 5.815 5.831 5.846 5.861 5.876 5.891 5.905 5.920 5.934 5.948 5.962 5.975 5.989 6.003 6.016 6.029 6.041 6.052 6.063 6.074 6.085 6.096 6.106 6.117 6.127 6.136 6.146 6.155 6.164 6.172 6.180 6.188 6.195 6.202 6.208 6.215 6.221 6.227 6.232 6.237 6.240 6.243 6.247 6.250 6.253 6.255 6.258 6.261 6.264 6.266 6.269 6.271 6.274 6.276 6.279 6.282 6.284 6.287
5.524 5.540 5.556 5.571 5.587 5.603 5.619 5.634 5.650 5.666 5.683 5.698 5.713 5.728 5.743 5.758 5.774 5.789 5.805 5.820 5.835 5.851 5.866 5.881 5.896 5.910 5.925 5.939 5.953 5.967 5.981 5.995 6.009 6.023 6.036 6.047 6.059 6.070 6.082 6.093 6.104 6.115 6.126 6.136 6.146 6.156 6.165 6.175 6.183 6.192 6.200 6.208 6.215 6.222 6.229 6.236 6.242 6.248 6.253 6.256 6.260 6.264 6.267 6.270 6.273 6.276 6.279 6.282 6.284 6.287 6.289 6.292 6.294 6.296 6.299 6.301 6.304
5.534 5.549 5.565 5.580 5.595 5.611 5.626 5.642 5.657 5.673 5.689 5.704 5.719 5.733 5.748 5.763 5.779 5.794 5.809 5.825 5.840 5.855 5.870 5.885 5.900 5.915 5.930 5.944 5.959 5.973 5.987 6.001 6.015 6.029 6.042 6.054 6.065 6.077 6.089 6.100 6.112 6.123 6.134 6.145 6.155 6.165 6.175 6.185 6.194 6.203 6.211 6.219 6.227 6.235 6.242 6.249 6.256 6.263 6.268 6.272 6.276 6.280 6.284 6.287 6.291 6.294 6.297 6.300 6.303 6.305 6.308 6.310 6.312 6.314 6.316 6.319 6.321
5.543 5.559 5.574 5.589 5.604 5.619 5.634 5.650 5.665 5.680 5.696 5.711 5.725 5.739 5.754 5.769 5.784 5.799 5.814 5.830 5.845 5.860 5.875 5.890 5.905 5.920 5.934 5.949 5.963 5.978 5.992 6.006 6.020 6.034 6.047 6.060 6.072 6.084 6.095 6.107 6.119 6.130 6.142 6.153 6.163 6.174 6.184 6.194 6.203 6.213 6.222 6.230 6.239 6.247 6.255 6.262 6.270 6.276 6.282 6.287 6.291 6.296 6.300 6.304 6.308 6.311 6.314 6.318 6.321 6.323 6.326 6.328 6.331 6.333 6.335 6.337 6.339
5.553 5.568 5.583 5.598 5.613 5.627 5.642 5.657 5.672 5.687 5.703 5.717 5.731 5.745 5.760 5.775 5.789 5.804 5.819 5.834 5.849 5.864 5.879 5.894 5.909 5.924 5.939 5.953 5.968 5.982 5.997 6.011 6.025 6.039 6.053 6.065 6.077 6.089 6.101 6.113 6.125 6.137 6.149 6.160 6.171 6.182 6.192 6.202 6.212 6.222 6.231 6.241 6.249 6.258 6.266 6.274 6.282 6.289 6.295 6.300 6.305 6.310 6.315 6.319 6.324 6.327 6.331 6.335 6.338 6.341 6.344 6.346 6.349 6.351 6.353 6.355 6.357
5.562 5.577 5.592 5.606 5.621 5.636 5.651 5.665 5.680 5.695 5.710 5.724 5.738 5.752 5.766 5.780 5.795 5.810 5.824 5.839 5.854 5.869 5.884 5.899 5.913 5.928 5.943 5.957 5.972 5.986 6.001 6.015 6.029 6.044 6.057 6.070 6.082 6.095 6.107 6.119 6.131 6.143 6.155 6.167 6.178 6.189 6.200 6.210 6.221 6.231 6.240 6.250 6.259 6.268 6.277 6.285 6.293 6.301 6.307 6.313 6.319 6.324 6.329 6.334 6.338 6.343 6.347 6.351 6.355 6.358 6.361 6.364 6.367 6.369 6.372 6.374 6.376
5.571 5.586 5.601 5.615 5.630 5.644 5.659 5.673 5.688 5.702 5.717 5.731 5.744 5.758 5.772 5.786 5.800 5.815 5.829 5.844 5.859 5.873 5.888 5.903 5.917 5.932 5.947 5.961 5.976 5.990 6.005 6.019 6.033 6.048 6.061 6.074 6.087 6.099 6.112 6.124 6.137 6.149 6.161 6.173 6.184 6.196 6.207 6.218 6.228 6.238 6.249 6.258 6.268 6.277 6.286 6.295 6.304 6.312 6.318 6.325 6.331 6.336 6.342 6.347 6.352 6.357 6.362 6.366 6.370 6.374 6.378 6.381 6.384 6.387 6.389 6.392 6.394
5.580 5.595 5.609 5.624 5.638 5.652 5.667 5.681 5.695 5.710 5.724 5.738 5.751 5.764 5.778 5.792 5.806 5.820 5.835 5.849 5.863 5.878 5.892 5.907 5.921 5.936 5.950 5.965 5.979 5.994 6.008 6.023 6.037 6.052 6.065 6.078 6.091 6.104 6.116 6.129 6.141 6.154 6.166 6.178 6.190 6.201 6.213 6.224 6.235 6.246 6.256 6.266 6.276 6.286 6.295 6.304 6.313 6.321 6.329 6.335 6.342 6.348 6.354 6.360 6.365 6.371 6.376 6.380 6.385 6.389 6.393 6.397 6.400 6.404 6.407 6.409 6.412
5.589 5.604 5.618 5.632 5.646 5.660 5.675 5.689 5.703 5.717 5.731 5.745 5.758 5.771 5.784 5.798 5.812 5.826 5.840 5.854 5.868 5.882 5.897 5.911 5.925 5.940 5.954 5.968 5.983 5.997 6.012 6.026 6.040 6.055 6.069 6.082 6.094 6.107 6.120 6.133 6.145 6.158 6.170 6.183 6.195 6.207 6.218 6.230 6.241 6.252 6.263 6.273 6.283 6.293 6.303 6.312 6.322 6.330 6.338 6.345 6.352 6.359 6.365 6.371 6.377 6.383 6.388 6.394 6.399 6.403 6.408 6.412 6.416 6.419 6.423 6.426 6.429
5.598 5.612 5.626 5.640 5.654 5.668 5.682 5.696 5.710 5.724 5.738 5.752 5.764 5.777 5.791 5.804 5.818 5.831 5.845 5.859 5.873 5.887 5.901 5.915 5.929 5.943 5.957 5.972 5.986 6.000 6.015 6.029 6.043 6.058 6.072 6.085 6.097 6.110 6.123 6.136 6.149 6.162 6.174 6.187 6.199 6.211 6.223 6.235 6.246 6.257 6.268 6.279 6.290 6.300 6.310 6.320 6.330 6.339 6.346 6.354 6.361 6.368 6.375 6.382 6.388 6.394 6.400 6.406 6.411 6.416 6.421 6.426 6.430 6.434 6.438 6.441 6.445
5.606 5.620 5.634 5.648 5.662 5.676 5.690 5.704 5.718 5.732 5.745 5.759 5.771 5.784 5.797 5.810 5.823 5.837 5.850 5.864 5.878 5.891 5.905 5.919 5.933 5.947 5.961 5.975 5.989 6.003 6.017 6.032 6.046 6.060 6.074 6.087 6.100 6.113 6.126 6.139 6.152 6.165 6.178 6.190 6.203 6.215 6.227 6.239 6.251 6.262 6.274 6.285 6.295 6.306 6.316 6.326 6.337 6.346 6.354 6.362 6.370 6.377 6.384 6.391 6.398 6.404 6.411 6.417 6.422 6.428 6.433 6.438 6.443 6.448 6.452 6.456 6.460
5.615 5.628 5.642 5.656 5.670 5.684 5.697 5.711 5.725 5.739 5.752 5.765 5.777 5.790 5.803 5.816 5.829 5.842 5.856 5.869 5.882 5.896 5.909 5.923 5.937 5.950 5.964 5.978 5.992 6.006 6.020 6.034 6.048 6.063 6.077 6.089 6.102 6.115 6.128 6.142 6.155 6.168 6.181 6.193 6.206 6.218 6.231 6.243 6.255 6.266 6.278 6.289 6.300 6.311 6.322 6.332 6.343 6.352 6.361 6.369 6.377 6.385 6.392 6.400 6.407 6.414 6.420 6.427 6.433 6.439 6.444 6.450 6.455 6.460 6.465 6.469 6.473
5.623 5.637 5.650 5.664 5.678 5.691 5.705 5.718 5.732 5.746 5.759 5.772 5.784 5.796 5.809 5.822 5.835 5.848 5.861 5.874 5.887 5.901 5.914 5.927 5.941 5.954 5.968 5.981 5.995 6.009 6.023 6.037 6.051 6.065 6.079 6.092 6.104 6.117 6.130 6.144 6.157 6.170 6.183 6.196 6.209 6.221 6.234 6.246 6.258 6.270 6.282 6.293 6.304 6.315 6.326 6.337 6.348 6.358 6.367 6.375 6.383 6.392 6.399 6.407 6.414 6.422 6.429 6.436 6.442 6.448 6.454 6.460 6.466 6.471 6.476 6.481 6.486
5.631 5.645 5.658 5.672 5.685 5.699 5.712 5.725 5.739 5.752 5.766 5.778 5.790 5.802 5.815 5.828 5.840 5.853 5.866 5.879 5.892 5.905 5.918 5.931 5.945 5.958 5.971 5.985 5.998 6.012 6.025 6.039 6.053 6.067 6.081 6.093 6.106 6.119 6.132 6.145 6.158 6.172 6.185 6.198 6.211 6.223 6.236 6.248 6.261 6.273 6.285 6.296 6.308 6.319 6.330 6.341 6.352 6.362 6.372 6.380 6.389 6.397 6.406 6.414 6.421 6.429 6.436 6.443 6.450 6.457 6.463 6.469 6.475 6.481 6.487 6.492 6.497
5.639 5.653 5.666 5.679 5.693 5.706 5.719 5.733 5.746 5.759 5.773 5.785 5.796 5.809 5.821 5.833 5.846 5.859 5.872 5.884 5.897 5.910 5.923 5.936 5.949 5.962 5.975 5.988 6.001 6.014 6.028 6.042 6.055 6.069 6.082 6.095 6.108 6.121 6.134 6.147 6.160 6.173 6.186 6.199 6.212 6.225 6.238 6.250 6.263 6.275 6.287 6.299 6.311 6.322 6.333 6.345 6.356 6.366 6.376 6.385 6.394 6.403 6.411 6.419 6.427 6.435 6.443 6.450 6.458 6.465 6.471 6.478 6.484 6.490 6.496 6.501 6.507
5.648 5.661 5.674 5.687 5.700 5.714 5.727 5.740 5.753 5.767 5.779 5.791 5.803 5.815 5.827 5.839 5.852 5.864 5.877 5.889 5.902 5.915 5.927 5.940 5.953 5.965 5.978 5.991 6.004 6.017 6.031 6.044 6.058 6.071 6.084 6.097 6.109 6.122 6.135 6.148 6.161 6.174 6.187 6.200 6.213 6.226 6.239 6.252 6.264 6.277 6.289 6.301 6.313 6.324 6.336 6.348 6.359 6.370 6.379 6.389 6.398 6.407 6.416 6.424 6.433 6.441 6.449 6.456 6.464 6.471 6.478 6.485 6.492 6.498 6.504 6.510 6.516
5.657 5.670 5.683 5.696 5.708 5.721 5.734 5.747 5.760 5.773 5.786 5.797 5.809 5.821 5.833 5.845 5.857 5.870 5.882 5.895 5.907 5.919 5.932 5.944 5.957 5.969 5.982 5.995 6.007 6.020 6.033 6.047 6.060 6.074 6.086 6.098 6.111 6.123 6.136 6.149 6.162 6.175 6.188 6.201 6.214 6.227 6.240 6.253 6.265 6.278 6.290 6.302 6.314 6.326 6.338 6.350 6.361 6.372 6.382 6.392 6.401 6.410 6.419 6.428 6.437 6.445 6.454 6.462 6.469 6.477 6.484 6.491 6.498 6.505 6.511 6.518 6.524
5.666 5.679 5.691 5.704 5.717 5.729 5.742 5.755 5.767 5.780 5.792 5.804 5.815 5.827 5.839 5.851 5.863 5.875 5.887 5.900 5.912 5.924 5.936 5.949 5.961 5.973 5.986 5.998 6.011 6.024 6.036 6.049 6.063 6.076 6.088 6.100 6.112 6.125 6.137 6.150 6.163 6.176 6.189 6.202 6.215 6.228 6.240 6.253 6.266 6.278 6.291 6.303 6.315 6.328 6.340 6.351 6.363 6.374 6.384 6.394 6.404 6.413 6.423 6.432 6.441 6.449 6.458 6.466 6.474 6.482 6.490 6.497 6.504 6.511 6.518 6.524 6.531
5.675 5.688 5.700 5.713 5.725 5.737 5.750 5.762 5.775 5.787 5.799 5.810 5.822 5.833 5.845 5.857 5.869 5.881 5.893 5.905 5.917 5.929 5.941 5.953 5.965 5.978 5.990 6.002 6.014 6.027 6.040 6.052 6.065 6.078 6.090 6.102 6.114 6.126 6.139 6.151 6.164 6.177 6.189 6.202 6.215 6.228 6.241 6.254 6.266 6.279 6.291 6.304 6.316 6.328 6.341 6.353 6.365 6.376 6.386 6.396 6.406 6.416 6.425 6.434 6.444 6.453 6.461 6.470 6.478 6.486 6.494 6.502 6.509 6.516 6.523 6.530 6.537
