version2/TsunamiDB/out54039.asc
ncols          264
nrows          230
xllcorner      497853.4375
yllcorner      4229146.0000
cellsize         5.
NODATA_value   -99
[rows 192 to 223 of 230, columns 72 to 143 of 264]
2.873 3.162 3.409 3.612 3.775 3.906 4.013 4.102 4.179 4.246 4.307 4.364 4.417 4.468 4.517 4.565 4.611 4.656 4.701 4.744 4.786 4.827 4.867 4.906 4.944 4.980 5.015 5.049 5.083 5.116 5.148 5.179 5.210 5.241 5.272 5.304 5.337 5.371 5.406 5.442 5.480 5.520 5.561 5.603 5.647 5.692 5.738 5.784 5.829 5.874 5.919 5.963 6.005 6.045 6.083 6.116 6.147 6.173 6.196 6.216 6.233 6.248 6.263 6.278 6.295 6.314 6.336 6.362 6.391 6.423 6.458 6.494
2.999 3.273 3.503 3.690 3.840 3.962 4.061 4.145 4.217 4.281 4.340 4.394 4.446 4.496 4.544 4.590 4.636 4.680 4.724 4.766 4.808 4.848 4.888 4.926 4.964 4.999 5.033 5.067 5.100 5.132 5.163 5.193 5.222 5.251 5.281 5.310 5.340 5.372 5.404 5.438 5.474 5.511 5.550 5.591 5.634 5.677 5.722 5.767 5.812 5.857 5.903 5.947 5.990 6.032 6.071 6.106 6.139 6.168 6.193 6.216 6.235 6.252 6.268 6.284 6.300 6.319 6.340 6.364 6.392 6.423 6.457 6.493
3.119 3.377 3.590 3.763 3.902 4.014 4.107 4.186 4.254 4.316 4.372 4.425 4.475 4.524 4.571 4.616 4.661 4.704 4.747 4.789 4.830 4.870 4.908 4.946 4.983 5.018 5.052 5.086 5.118 5.149 5.179 5.208 5.236 5.264 5.291 5.319 5.347 5.375 5.405 5.437 5.470 5.505 5.542 5.581 5.621 5.664 5.707 5.752 5.796 5.840 5.885 5.930 5.973 6.015 6.054 6.092 6.126 6.156 6.184 6.208 6.230 6.249 6.267 6.284 6.301 6.320 6.341 6.365 6.391 6.421 6.454 6.489
3.232 3.474 3.671 3.831 3.959 4.064 4.151 4.225 4.290 4.349 4.404 4.456 4.505 4.552 4.598 4.642 4.686 4.728 4.770 4.811 4.851 4.891 4.929 4.967 5.003 5.038 5.071 5.105 5.136 5.167 5.197 5.225 5.252 5.279 5.304 5.330 5.356 5.382 5.410 5.438 5.469 5.501 5.536 5.573 5.611 5.652 5.694 5.737 5.780 5.823 5.867 5.911 5.954 5.996 6.036 6.073 6.108 6.140 6.169 6.195 6.219 6.240 6.260 6.279 6.298 6.317 6.338 6.362 6.388 6.417 6.449 6.483
3.339 3.564 3.747 3.894 4.013 4.111 4.192 4.263 4.325 4.383 4.436 4.486 4.534 4.580 4.624 4.668 4.710 4.752 4.793 4.833 4.873 4.912 4.950 4.987 5.023 5.057 5.091 5.124 5.155 5.186 5.215 5.243 5.270 5.295 5.320 5.344 5.368 5.392 5.417 5.443 5.471 5.501 5.533 5.567 5.604 5.642 5.682 5.723 5.765 5.807 5.850 5.893 5.935 5.976 6.016 6.053 6.088 6.121 6.151 6.179 6.204 6.227 6.249 6.269 6.290 6.311 6.333 6.356 6.382 6.411 6.442 6.475
3.438 3.648 3.817 3.953 4.064 4.155 4.232 4.299 4.360 4.415 4.467 4.516 4.563 4.608 4.651 4.694 4.735 4.776 4.816 4.856 4.895 4.933 4.970 5.007 5.043 5.077 5.110 5.143 5.175 5.205 5.234 5.262 5.289 5.314 5.338 5.361 5.383 5.406 5.428 5.452 5.477 5.504 5.533 5.565 5.599 5.635 5.672 5.712 5.752 5.792 5.834 5.875 5.917 5.957 5.996 6.033 6.068 6.101 6.131 6.160 6.186 6.211 6.235 6.257 6.279 6.302 6.325 6.349 6.375 6.403 6.434 6.466
3.531 3.726 3.882 4.008 4.111 4.196 4.270 4.335 4.394 4.448 4.498 4.546 4.592 4.636 4.678 4.720 4.761 4.800 4.840 4.878 4.916 4.954 4.991 5.027 5.062 5.096 5.129 5.162 5.194 5.225 5.254 5.282 5.308 5.333 5.357 5.379 5.401 5.422 5.443 5.464 5.487 5.511 5.537 5.566 5.597 5.630 5.666 5.703 5.741 5.779 5.820 5.860 5.900 5.939 5.977 6.013 6.048 6.081 6.112 6.141 6.169 6.195 6.220 6.244 6.268 6.292 6.316 6.341 6.367 6.395 6.425 6.457
3.618 3.798 3.942 4.058 4.155 4.236 4.307 4.369 4.427 4.480 4.529 4.576 4.621 4.664 4.706 4.746 4.786 4.825 4.863 4.901 4.938 4.975 5.011 5.047 5.082 5.116 5.148 5.181 5.213 5.244 5.274 5.302 5.329 5.354 5.378 5.400 5.421 5.441 5.461 5.480 5.500 5.522 5.545 5.571 5.598 5.629 5.662 5.697 5.732 5.769 5.808 5.846 5.885 5.923 5.960 5.996 6.030 6.063 6.095 6.124 6.153 6.181 6.207 6.233 6.258 6.283 6.308 6.334 6.360 6.388 6.418 6.449
3.697 3.864 3.997 4.106 4.196 4.274 4.342 4.403 4.459 4.511 4.560 4.606 4.650 4.692 4.733 4.773 4.812 4.850 4.887 4.924 4.960 4.996 5.032 5.067 5.102 5.135 5.167 5.200 5.232 5.263 5.293 5.322 5.349 5.375 5.399 5.421 5.442 5.462 5.481 5.499 5.517 5.536 5.557 5.579 5.604 5.631 5.661 5.694 5.727 5.761 5.798 5.835 5.872 5.909 5.945 5.981 6.015 6.048 6.080 6.110 6.140 6.169 6.196 6.224 6.250 6.276 6.303 6.329 6.356 6.384 6.414 6.445
3.771 3.925 4.048 4.150 4.236 4.310 4.376 4.436 4.491 4.542 4.590 4.636 4.679 4.721 4.761 4.800 4.838 4.875 4.911 4.947 4.983 5.018 5.053 5.087 5.121 5.154 5.186 5.219 5.251 5.282 5.312 5.341 5.369 5.396 5.420 5.444 5.465 5.485 5.503 5.521 5.538 5.555 5.573 5.592 5.614 5.638 5.664 5.694 5.724 5.756 5.791 5.826 5.862 5.898 5.933 5.968 6.002 6.035 6.068 6.099 6.130 6.160 6.189 6.217 6.245 6.273 6.300 6.327 6.355 6.383 6.413 6.444
3.839 3.981 4.095 4.191 4.273 4.345 4.409 4.468 4.522 4.573 4.620 4.665 4.708 4.749 4.789 4.827 4.864 4.900 4.936 4.971 5.006 5.040 5.074 5.108 5.141 5.173 5.205 5.238 5.269 5.301 5.331 5.361 5.389 5.416 5.442 5.466 5.488 5.509 5.527 5.545 5.561 5.576 5.592 5.609 5.627 5.648 5.671 5.697 5.725 5.754 5.787 5.820 5.855 5.889 5.924 5.958 5.992 6.026 6.059 6.091 6.123 6.154 6.184 6.214 6.244 6.272 6.301 6.329 6.357 6.386 6.416 6.447
3.901 4.033 4.140 4.230 4.309 4.378 4.441 4.499 4.553 4.603 4.650 4.695 4.737 4.778 4.817 4.854 4.891 4.926 4.961 4.995 5.029 5.062 5.096 5.129 5.161 5.193 5.224 5.256 5.288 5.319 5.350 5.380 5.409 5.436 5.463 5.488 5.511 5.533 5.552 5.570 5.586 5.601 5.615 5.630 5.645 5.663 5.682 5.705 5.729 5.756 5.786 5.817 5.850 5.883 5.917 5.951 5.985 6.019 6.052 6.086 6.119 6.151 6.183 6.215 6.245 6.275 6.304 6.333 6.362 6.392 6.422 6.453
3.959 4.080 4.181 4.267 4.343 4.410 4.472 4.529 4.582 4.632 4.679 4.723 4.766 4.806 4.845 4.882 4.918 4.953 4.987 5.020 5.053 5.086 5.118 5.150 5.182 5.213 5.244 5.275 5.307 5.338 5.368 5.398 5.428 5.456 5.484 5.510 5.534 5.557 5.577 5.596 5.613 5.628 5.641 5.654 5.667 5.682 5.698 5.717 5.738 5.761 5.788 5.817 5.848 5.880 5.913 5.946 5.980 6.014 6.049 6.083 6.117 6.151 6.185 6.218 6.250 6.281 6.311 6.341 6.371 6.401 6.432 6.463
4.011 4.125 4.219 4.302 4.375 4.441 4.502 4.558 4.611 4.661 4.708 4.752 4.794 4.834 4.872 4.909 4.945 4.979 5.013 5.045 5.078 5.109 5.141 5.172 5.203 5.233 5.263 5.294 5.325 5.356 5.387 5.417 5.447 5.476 5.504 5.531 5.557 5.581 5.603 5.622 5.640 5.656 5.669 5.681 5.693 5.705 5.718 5.733 5.751 5.771 5.794 5.821 5.849 5.879 5.911 5.944 5.978 6.012 6.047 6.083 6.118 6.154 6.189 6.223 6.257 6.289 6.321 6.352 6.383 6.413 6.445 6.476
4.060 4.166 4.256 4.335 4.406 4.471 4.531 4.587 4.639 4.689 4.735 4.780 4.822 4.862 4.900 4.937 4.972 5.006 5.039 5.071 5.102 5.133 5.164 5.194 5.225 5.254 5.284 5.314 5.344 5.375 5.405 5.435 5.465 5.495 5.524 5.552 5.578 5.604 5.627 5.649 5.668 5.684 5.699 5.711 5.722 5.732 5.743 5.755 5.768 5.785 5.805 5.828 5.854 5.883 5.913 5.945 5.978 6.013 6.049 6.085 6.122 6.159 6.195 6.231 6.266 6.300 6.333 6.365 6.397 6.428 6.460 6.492
4.105 4.205 4.290 4.366 4.435 4.499 4.558 4.614 4.666 4.716 4.762 4.807 4.849 4.889 4.927 4.964 4.999 5.033 5.065 5.097 5.128 5.158 5.188 5.217 5.247 5.275 5.304 5.334 5.364 5.394 5.424 5.454 5.484 5.514 5.543 5.572 5.600 5.626 5.651 5.674 5.695 5.713 5.729 5.742 5.753 5.762 5.771 5.781 5.791 5.804 5.821 5.841 5.864 5.890 5.918 5.949 5.982 6.017 6.053 6.090 6.127 6.166 6.204 6.241 6.278 6.314 6.348 6.381 6.414 6.446 6.477 6.509
4.147 4.241 4.322 4.396 4.463 4.526 4.585 4.640 4.692 4.742 4.789 4.833 4.875 4.916 4.954 4.991 5.026 5.059 5.092 5.123 5.153 5.183 5.212 5.241 5.270 5.297 5.325 5.354 5.383 5.413 5.442 5.472 5.502 5.532 5.562 5.592 5.620 5.648 5.675 5.699 5.722 5.742 5.759 5.773 5.785 5.795 5.803 5.810 5.818 5.828 5.842 5.858 5.878 5.901 5.927 5.957 5.989 6.023 6.059 6.097 6.135 6.175 6.214 6.253 6.291 6.329 6.364 6.399 6.432 6.465 6.497 6.529
4.187 4.275 4.353 4.424 4.490 4.552 4.610 4.665 4.717 4.767 4.814 4.858 4.901 4.942 4.980 5.017 5.052 5.086 5.118 5.149 5.179 5.208 5.237 5.265 5.293 5.320 5.347 5.375 5.403 5.432 5.461 5.491 5.521 5.551 5.581 5.611 5.641 5.669 5.697 5.724 5.748 5.770 5.789 5.805 5.818 5.828 5.837 5.843 5.849 5.857 5.867 5.880 5.897 5.917 5.941 5.968 5.999 6.032 6.068 6.106 6.145 6.186 6.226 6.267 6.307 6.345 6.383 6.419 6.453 6.487 6.519 6.551
4.224 4.307 4.382 4.452 4.516 4.577 4.634 4.689 4.741 4.790 4.838 4.883 4.926 4.966 5.005 5.043 5.078 5.112 5.144 5.175 5.205 5.234 5.262 5.290 5.317 5.342 5.369 5.396 5.424 5.452 5.480 5.509 5.539 5.569 5.599 5.630 5.660 5.690 5.719 5.747 5.773 5.796 5.817 5.836 5.850 5.862 5.872 5.878 5.883 5.889 5.897 5.907 5.921 5.938 5.959 5.984 6.013 6.045 6.080 6.118 6.158 6.199 6.241 6.282 6.324 6.364 6.403 6.440 6.476 6.510 6.543 6.575
4.259 4.338 4.411 4.478 4.541 4.601 4.658 4.712 4.764 4.813 4.861 4.906 4.949 4.990 5.030 5.067 5.103 5.137 5.170 5.201 5.231 5.259 5.287 5.315 5.340 5.365 5.392 5.418 5.445 5.472 5.500 5.528 5.558 5.587 5.618 5.648 5.679 5.710 5.740 5.769 5.796 5.822 5.845 5.865 5.882 5.895 5.906 5.913 5.918 5.924 5.930 5.938 5.949 5.964 5.982 6.005 6.031 6.062 6.096 6.133 6.173 6.214 6.257 6.300 6.342 6.384 6.424 6.463 6.500 6.535 6.569 6.601
4.292 4.368 4.438 4.504 4.565 4.624 4.680 4.734 4.786 4.835 4.883 4.928 4.972 5.013 5.053 5.091 5.127 5.161 5.194 5.226 5.256 5.285 5.312 5.339 5.364 5.389 5.415 5.440 5.466 5.493 5.520 5.548 5.576 5.606 5.636 5.667 5.698 5.729 5.760 5.790 5.819 5.846 5.870 5.892 5.911 5.927 5.939 5.948 5.954 5.960 5.966 5.973 5.982 5.994 6.009 6.029 6.054 6.082 6.115 6.151 6.190 6.232 6.275 6.318 6.362 6.405 6.447 6.487 6.525 6.562 6.596 6.628
4.324 4.397 4.464 4.528 4.589 4.647 4.702 4.755 4.807 4.856 4.903 4.949 4.993 5.035 5.075 5.113 5.150 5.185 5.218 5.250 5.280 5.309 5.337 5.364 5.389 5.413 5.438 5.463 5.488 5.514 5.540 5.567 5.595 5.624 5.654 5.685 5.716 5.748 5.779 5.810 5.839 5.868 5.894 5.918 5.939 5.957 5.971 5.982 5.989 5.996 6.003 6.009 6.017 6.027 6.041 6.059 6.080 6.107 6.138 6.172 6.210 6.251 6.294 6.339 6.383 6.428 6.471 6.512 6.552 6.589 6.624 6.656
4.355 4.425 4.490 4.552 4.612 4.668 4.723 4.776 4.827 4.876 4.923 4.969 5.013 5.055 5.096 5.134 5.172 5.207 5.241 5.273 5.304 5.333 5.361 5.388 5.413 5.437 5.462 5.486 5.511 5.536 5.561 5.587 5.615 5.643 5.672 5.703 5.734 5.765 5.797 5.828 5.859 5.888 5.916 5.942 5.964 5.984 6.001 6.013 6.023 6.032 6.039 6.046 6.054 6.063 6.076 6.091 6.111 6.135 6.164 6.197 6.234 6.274 6.316 6.361 6.406 6.451 6.496 6.539 6.579 6.618 6.653 6.685
4.385 4.452 4.515 4.576 4.634 4.690 4.744 4.796 4.846 4.895 4.942 4.988 5.032 5.074 5.115 5.155 5.192 5.228 5.263 5.295 5.327 5.357 5.385 5.412 5.437 5.462 5.486 5.510 5.534 5.558 5.583 5.608 5.634 5.662 5.691 5.720 5.751 5.783 5.814 5.846 5.877 5.908 5.936 5.963 5.988 6.009 6.028 6.043 6.055 6.065 6.074 6.083 6.091 6.101 6.112 6.127 6.145 6.167 6.194 6.225 6.260 6.299 6.341 6.385 6.430 6.476 6.522 6.566 6.608 6.647 6.683 6.715
4.414 4.479 4.540 4.600 4.656 4.711 4.764 4.815 4.865 4.913 4.960 5.006 5.050 5.093 5.134 5.173 5.211 5.248 5.283 5.317 5.349 5.379 5.408 5.436 5.461 5.486 5.510 5.534 5.557 5.581 5.605 5.629 5.655 5.681 5.709 5.738 5.768 5.800 5.831 5.863 5.894 5.925 5.955 5.983 6.008 6.032 6.052 6.069 6.083 6.096 6.108 6.118 6.128 6.139 6.151 6.165 6.182 6.202 6.227 6.256 6.289 6.326 6.367 6.411 6.456 6.503 6.549 6.594 6.638 6.678 6.714 6.747
4.443 4.506 4.565 4.623 4.678 4.732 4.784 4.834 4.883 4.931 4.978 5.023 5.067 5.110 5.151 5.191 5.230 5.267 5.302 5.336 5.369 5.400 5.430 5.459 5.485 5.509 5.534 5.558 5.581 5.604 5.628 5.651 5.676 5.701 5.728 5.756 5.786 5.816 5.847 5.879 5.910 5.941 5.971 6.000 6.027 6.052 6.074 6.093 6.109 6.125 6.139 6.151 6.163 6.176 6.189 6.203 6.220 6.239 6.262 6.290 6.321 6.356 6.396 6.438 6.484 6.530 6.577 6.624 6.668 6.710 6.747 6.780
4.471 4.532 4.590 4.647 4.701 4.753 4.804 4.853 4.902 4.949 4.995 5.040 5.084 5.126 5.168 5.208 5.246 5.284 5.320 5.355 5.388 5.420 5.451 5.480 5.507 5.533 5.558 5.582 5.605 5.628 5.651 5.674 5.698 5.722 5.748 5.775 5.803 5.832 5.863 5.894 5.925 5.956 5.986 6.016 6.043 6.069 6.093 6.114 6.133 6.150 6.167 6.182 6.197 6.211 6.226 6.241 6.258 6.277 6.300 6.325 6.355 6.389 6.427 6.468 6.513 6.559 6.607 6.654 6.700 6.743 6.781 6.816
4.499 4.559 4.615 4.670 4.723 4.774 4.824 4.872 4.920 4.966 5.012 5.056 5.099 5.142 5.183 5.223 5.262 5.300 5.337 5.372 5.406 5.439 5.471 5.501 5.528 5.555 5.581 5.605 5.629 5.652 5.675 5.697 5.720 5.743 5.768 5.793 5.820 5.849 5.878 5.908 5.939 5.970 6.000 6.029 6.058 6.084 6.110 6.132 6.153 6.173 6.193 6.211 6.228 6.245 6.261 6.278 6.296 6.316 6.338 6.362 6.391 6.423 6.459 6.500 6.544 6.590 6.638 6.686 6.733 6.778 6.818 6.856
4.527 4.585 4.641 4.694 4.746 4.796 4.844 4.892 4.938 4.984 5.028 5.072 5.115 5.157 5.198 5.238 5.277 5.315 5.352 5.388 5.423 5.456 5.489 5.520 5.548 5.576 5.603 5.628 5.653 5.676 5.699 5.721 5.743 5.766 5.789 5.813 5.838 5.865 5.893 5.922 5.952 5.982 6.012 6.042 6.070 6.098 6.124 6.148 6.171 6.194 6.216 6.236 6.257 6.276 6.295 6.314 6.333 6.353 6.375 6.400 6.427 6.458 6.493 6.533 6.576 6.622 6.670 6.720 6.768 6.815 6.860 6.901
4.555 4.612 4.666 4.718 4.769 4.818 4.865 4.911 4.957 5.001 5.045 5.088 5.130 5.171 5.212 5.252 5.291 5.329 5.366 5.403 5.438 5.472 5.505 5.537 5.567 5.596 5.624 5.650 5.676 5.700 5.723 5.745 5.767 5.788 5.810 5.833 5.857 5.882 5.909 5.936 5.965 5.994 6.023 6.052 6.081 6.109 6.137 6.162 6.187 6.212 6.236 6.260 6.283 6.305 6.326 6.347 6.368 6.390 6.412 6.437 6.464 6.494 6.528 6.566 6.609 6.655 6.704 6.755 6.805 6.856 6.905 6.951
4.583 4.638 4.691 4.743 4.792 4.840 4.886 4.932 4.976 5.019 5.062 5.104 5.145 5.186 5.226 5.266 5.304 5.342 5.380 5.416 5.452 5.487 5.520 5.553 5.584 5.614 5.643 5.671 5.697 5.722 5.746 5.769 5.790 5.812 5.833 5.854 5.876 5.900 5.924 5.950 5.977 6.005 6.033 6.062 6.091 6.119 6.148 6.175 6.201 6.228 6.255 6.281 6.307 6.331 6.355 6.379 6.402 6.425 6.448 6.473 6.500 6.530 6.563 6.600 6.643 6.690 6.740 6.791 6.845 6.900 6.952 7.002
4.610 4.665 4.717 4.768 4.816 4.863 4.908 4.952 4.996 5.038 5.079 5.120 5.161 5.201 5.240 5.279 5.317 5.355 5.392 5.429 5.465 5.500 5.534 5.568 5.599 5.630 5.661 5.690 5.717 5.743 5.768 5.792 5.814 5.835 5.855 5.876 5.897 5.918 5.941 5.964 5.990 6.016 6.043 6.071 6.099 6.128 6.157 6.185 6.213 6.243 6.272 6.300 6.329 6.356 6.382 6.408 6.433 6.457 6.482 6.508 6.535 6.565 6.597 6.634 6.676 6.724 6.776 6.829 6.887 6.945 7.002 7.057
