version2/TsunamiDB/out54062.asc
ncols          264
nrows          230
xllcorner      497853.4375
yllcorner      4229146.0000
cellsize         5.
NODATA_value   -99
[rows 165 to 197 of 230, columns 75 to 149 of 264]
5.295 5.323 5.351 5.380 5.408 5.435 5.462 5.489 5.515 5.540 5.564 5.588 5.610 5.632 5.653 5.672 5.691 5.709 5.726 5.742 5.759 5.775 5.791 5.807 5.824 5.840 5.859 5.879 5.899 5.921 5.943 5.967 5.991 6.015 6.039 6.064 6.089 6.113 6.138 6.162 6.186 6.209 6.231 6.253 6.274 6.294 6.314 6.331 6.348 6.365 6.381 6.397 6.412 6.428 6.443 6.459 6.474 6.490 6.506 6.522 6.538 6.554 6.570 6.586 6.601 6.616 6.631 6.646 6.661 6.676 6.691 6.706 6.722 6.739 6.758
5.304 5.332 5.360 5.389 5.417 5.445 5.472 5.499 5.525 5.551 5.576 5.600 5.624 5.646 5.667 5.688 5.707 5.725 5.743 5.760 5.775 5.791 5.807 5.822 5.837 5.853 5.870 5.888 5.907 5.927 5.949 5.971 5.994 6.017 6.042 6.066 6.090 6.115 6.139 6.163 6.187 6.210 6.233 6.255 6.276 6.297 6.317 6.335 6.352 6.369 6.386 6.402 6.418 6.434 6.450 6.465 6.481 6.497 6.514 6.530 6.547 6.564 6.580 6.597 6.613 6.629 6.645 6.660 6.675 6.690 6.705 6.719 6.735 6.752 6.770
5.313 5.341 5.369 5.397 5.426 5.453 5.481 5.508 5.535 5.561 5.587 5.611 5.635 5.659 5.681 5.702 5.722 5.741 5.759 5.777 5.793 5.808 5.823 5.838 5.852 5.867 5.882 5.899 5.917 5.936 5.956 5.977 5.998 6.021 6.044 6.068 6.092 6.116 6.141 6.165 6.188 6.212 6.235 6.257 6.279 6.299 6.320 6.338 6.356 6.373 6.390 6.407 6.423 6.440 6.456 6.472 6.488 6.504 6.521 6.538 6.555 6.573 6.590 6.607 6.624 6.641 6.657 6.673 6.689 6.704 6.719 6.733 6.749 6.765 6.783
5.322 5.350 5.377 5.406 5.434 5.462 5.489 5.517 5.544 5.570 5.596 5.621 5.646 5.670 5.693 5.715 5.736 5.756 5.775 5.793 5.810 5.825 5.841 5.855 5.869 5.882 5.897 5.912 5.928 5.946 5.964 5.984 6.004 6.026 6.048 6.071 6.095 6.119 6.142 6.166 6.190 6.213 6.236 6.259 6.281 6.302 6.322 6.341 6.359 6.377 6.395 6.412 6.428 6.445 6.461 6.477 6.494 6.511 6.528 6.545 6.563 6.581 6.599 6.617 6.635 6.653 6.670 6.687 6.703 6.719 6.734 6.748 6.763 6.780 6.797
5.332 5.359 5.386 5.414 5.442 5.469 5.497 5.524 5.551 5.578 5.604 5.630 5.655 5.680 5.704 5.727 5.749 5.770 5.789 5.808 5.826 5.842 5.858 5.873 5.886 5.899 5.913 5.927 5.942 5.958 5.975 5.993 6.012 6.032 6.053 6.075 6.098 6.121 6.145 6.168 6.192 6.215 6.238 6.261 6.283 6.304 6.325 6.344 6.363 6.381 6.399 6.416 6.433 6.450 6.466 6.483 6.500 6.517 6.534 6.552 6.570 6.589 6.608 6.626 6.645 6.664 6.682 6.700 6.717 6.734 6.749 6.764 6.779 6.795 6.812
5.342 5.368 5.395 5.422 5.450 5.477 5.504 5.531 5.558 5.585 5.612 5.638 5.663 5.688 5.713 5.737 5.759 5.781 5.802 5.822 5.841 5.858 5.874 5.890 5.903 5.916 5.929 5.943 5.957 5.971 5.987 6.003 6.021 6.040 6.060 6.081 6.103 6.125 6.148 6.171 6.194 6.218 6.241 6.263 6.286 6.307 6.328 6.348 6.366 6.385 6.403 6.420 6.438 6.455 6.472 6.488 6.505 6.523 6.541 6.559 6.577 6.596 6.616 6.635 6.655 6.675 6.694 6.713 6.731 6.748 6.765 6.780 6.796 6.812 6.829
5.352 5.378 5.404 5.431 5.458 5.485 5.512 5.538 5.565 5.592 5.618 5.645 5.670 5.696 5.721 5.745 5.769 5.792 5.813 5.834 5.854 5.872 5.890 5.906 5.920 5.933 5.947 5.960 5.973 5.987 6.001 6.016 6.032 6.049 6.068 6.088 6.108 6.130 6.152 6.175 6.198 6.221 6.244 6.266 6.288 6.310 6.331 6.351 6.370 6.389 6.407 6.425 6.443 6.460 6.477 6.494 6.511 6.529 6.547 6.565 6.584 6.604 6.624 6.644 6.664 6.685 6.705 6.725 6.744 6.763 6.780 6.796 6.813 6.829 6.847
5.364 5.389 5.414 5.440 5.466 5.493 5.519 5.545 5.572 5.598 5.625 5.651 5.677 5.702 5.728 5.753 5.777 5.800 5.823 5.845 5.866 5.885 5.904 5.921 5.936 5.950 5.964 5.977 5.990 6.003 6.016 6.030 6.045 6.061 6.078 6.096 6.116 6.136 6.157 6.179 6.202 6.224 6.247 6.270 6.292 6.314 6.335 6.355 6.374 6.393 6.412 6.430 6.448 6.465 6.483 6.500 6.518 6.535 6.553 6.572 6.591 6.611 6.632 6.652 6.674 6.695 6.716 6.737 6.758 6.777 6.795 6.812 6.830 6.847 6.865
5.376 5.400 5.425 5.450 5.476 5.501 5.527 5.553 5.579 5.605 5.631 5.657 5.683 5.708 5.734 5.759 5.784 5.808 5.831 5.854 5.876 5.896 5.916 5.934 5.950 5.965 5.980 5.994 6.007 6.020 6.032 6.045 6.059 6.074 6.090 6.107 6.125 6.144 6.164 6.185 6.207 6.229 6.251 6.274 6.296 6.318 6.339 6.359 6.378 6.398 6.417 6.436 6.454 6.471 6.489 6.507 6.524 6.542 6.560 6.579 6.599 6.619 6.640 6.661 6.683 6.705 6.727 6.749 6.771 6.791 6.810 6.829 6.847 6.866 6.884
5.389 5.412 5.436 5.461 5.486 5.510 5.535 5.560 5.586 5.611 5.637 5.662 5.688 5.714 5.739 5.764 5.789 5.814 5.838 5.861 5.884 5.906 5.926 5.946 5.962 5.979 5.994 6.009 6.023 6.036 6.049 6.062 6.075 6.088 6.103 6.118 6.135 6.153 6.172 6.192 6.213 6.235 6.257 6.279 6.301 6.323 6.344 6.363 6.383 6.403 6.423 6.442 6.460 6.478 6.496 6.514 6.532 6.550 6.568 6.587 6.607 6.627 6.648 6.670 6.692 6.715 6.738 6.761 6.783 6.805 6.825 6.845 6.864 6.884 6.903
5.403 5.425 5.449 5.473 5.497 5.521 5.545 5.569 5.594 5.618 5.643 5.668 5.694 5.719 5.744 5.769 5.794 5.819 5.844 5.868 5.891 5.914 5.935 5.955 5.973 5.991 6.008 6.023 6.038 6.052 6.065 6.078 6.090 6.104 6.117 6.132 6.147 6.164 6.182 6.201 6.221 6.242 6.263 6.285 6.307 6.329 6.349 6.369 6.389 6.409 6.429 6.448 6.467 6.486 6.504 6.522 6.540 6.558 6.576 6.595 6.615 6.636 6.657 6.679 6.701 6.725 6.748 6.772 6.796 6.818 6.840 6.861 6.882 6.902 6.922
5.418 5.440 5.463 5.486 5.509 5.532 5.555 5.578 5.602 5.626 5.650 5.675 5.699 5.724 5.749 5.774 5.799 5.824 5.849 5.873 5.897 5.920 5.942 5.963 5.982 6.001 6.019 6.036 6.052 6.066 6.080 6.093 6.106 6.119 6.132 6.146 6.161 6.177 6.193 6.211 6.230 6.250 6.271 6.292 6.313 6.335 6.356 6.376 6.396 6.417 6.436 6.456 6.475 6.494 6.512 6.530 6.548 6.567 6.585 6.604 6.624 6.645 6.666 6.688 6.711 6.735 6.759 6.784 6.808 6.832 6.854 6.876 6.899 6.920 6.941
5.434 5.455 5.478 5.500 5.522 5.544 5.567 5.589 5.612 5.635 5.658 5.682 5.706 5.730 5.754 5.779 5.804 5.828 5.853 5.878 5.902 5.925 5.948 5.970 5.990 6.010 6.029 6.047 6.064 6.080 6.094 6.108 6.122 6.135 6.148 6.161 6.175 6.190 6.206 6.223 6.241 6.260 6.280 6.300 6.321 6.343 6.363 6.383 6.404 6.424 6.445 6.464 6.484 6.503 6.521 6.540 6.558 6.576 6.595 6.614 6.634 6.655 6.676 6.699 6.722 6.746 6.770 6.795 6.821 6.845 6.868 6.892 6.915 6.938 6.961
5.450 5.472 5.493 5.515 5.536 5.558 5.579 5.601 5.623 5.645 5.667 5.690 5.713 5.736 5.760 5.784 5.808 5.833 5.857 5.882 5.906 5.930 5.953 5.975 5.996 6.017 6.037 6.056 6.074 6.091 6.107 6.122 6.136 6.149 6.163 6.176 6.190 6.204 6.219 6.235 6.253 6.271 6.290 6.310 6.330 6.351 6.372 6.392 6.412 6.433 6.454 6.474 6.493 6.512 6.531 6.550 6.568 6.587 6.606 6.625 6.645 6.665 6.687 6.709 6.733 6.757 6.782 6.807 6.833 6.858 6.883 6.908 6.932 6.956 6.980
5.468 5.488 5.510 5.531 5.552 5.572 5.593 5.614 5.635 5.656 5.677 5.699 5.721 5.744 5.767 5.790 5.814 5.837 5.862 5.886 5.910 5.934 5.958 5.980 6.001 6.023 6.044 6.064 6.083 6.101 6.118 6.134 6.149 6.163 6.177 6.191 6.204 6.219 6.233 6.249 6.265 6.283 6.301 6.320 6.340 6.361 6.381 6.401 6.422 6.443 6.463 6.484 6.504 6.523 6.542 6.561 6.580 6.598 6.617 6.636 6.656 6.677 6.698 6.721 6.744 6.768 6.793 6.819 6.846 6.872 6.897 6.923 6.949 6.974 6.999
5.485 5.506 5.527 5.548 5.568 5.588 5.608 5.628 5.648 5.668 5.689 5.710 5.731 5.752 5.774 5.797 5.819 5.843 5.866 5.890 5.914 5.938 5.962 5.984 6.006 6.028 6.050 6.071 6.091 6.110 6.127 6.144 6.161 6.176 6.190 6.204 6.219 6.233 6.247 6.262 6.278 6.295 6.313 6.332 6.351 6.372 6.392 6.411 6.432 6.453 6.474 6.494 6.515 6.535 6.554 6.573 6.592 6.611 6.630 6.649 6.669 6.689 6.710 6.733 6.756 6.780 6.806 6.832 6.859 6.886 6.912 6.939 6.965 6.991 7.017
5.503 5.523 5.544 5.565 5.585 5.605 5.624 5.644 5.663 5.682 5.702 5.722 5.742 5.762 5.783 5.804 5.826 5.849 5.872 5.895 5.918 5.942 5.965 5.988 6.010 6.032 6.055 6.076 6.097 6.117 6.136 6.154 6.171 6.187 6.202 6.217 6.232 6.246 6.261 6.276 6.292 6.308 6.326 6.344 6.363 6.383 6.403 6.422 6.443 6.464 6.485 6.506 6.526 6.547 6.566 6.586 6.605 6.624 6.643 6.662 6.682 6.702 6.723 6.746 6.769 6.793 6.819 6.845 6.873 6.900 6.927 6.954 6.982 7.009 7.036
5.520 5.541 5.562 5.582 5.602 5.622 5.641 5.660 5.679 5.698 5.716 5.735 5.754 5.773 5.793 5.814 5.834 5.856 5.878 5.900 5.923 5.946 5.970 5.992 6.014 6.037 6.059 6.081 6.102 6.123 6.143 6.162 6.180 6.197 6.213 6.229 6.244 6.259 6.274 6.289 6.305 6.321 6.338 6.356 6.375 6.395 6.414 6.434 6.454 6.475 6.496 6.518 6.539 6.559 6.579 6.599 6.619 6.638 6.657 6.676 6.696 6.716 6.737 6.759 6.782 6.807 6.832 6.859 6.887 6.914 6.942 6.970 6.998 7.026 7.054
5.537 5.558 5.579 5.600 5.620 5.640 5.659 5.677 5.696 5.714 5.732 5.750 5.768 5.786 5.805 5.824 5.844 5.864 5.885 5.907 5.929 5.951 5.974 5.996 6.018 6.041 6.063 6.085 6.107 6.128 6.149 6.168 6.187 6.205 6.223 6.239 6.255 6.271 6.286 6.302 6.318 6.334 6.351 6.368 6.387 6.406 6.426 6.445 6.466 6.487 6.508 6.530 6.551 6.572 6.593 6.613 6.633 6.652 6.672 6.691 6.711 6.731 6.752 6.774 6.797 6.821 6.846 6.873 6.901 6.929 6.957 6.985 7.014 7.043 7.072
5.554 5.575 5.596 5.617 5.638 5.657 5.676 5.695 5.713 5.731 5.748 5.766 5.783 5.801 5.818 5.837 5.855 5.874 5.894 5.915 5.936 5.957 5.979 6.001 6.022 6.045 6.067 6.090 6.112 6.133 6.154 6.174 6.194 6.213 6.231 6.248 6.265 6.282 6.298 6.314 6.330 6.346 6.363 6.381 6.399 6.418 6.437 6.456 6.477 6.498 6.520 6.542 6.563 6.585 6.606 6.627 6.647 6.667 6.687 6.707 6.726 6.746 6.767 6.789 6.812 6.836 6.861 6.888 6.916 6.944 6.972 7.001 7.031 7.060 7.090
5.570 5.592 5.613 5.634 5.655 5.675 5.694 5.713 5.731 5.749 5.766 5.783 5.800 5.816 5.833 5.850 5.868 5.886 5.905 5.924 5.944 5.964 5.986 6.007 6.027 6.049 6.072 6.094 6.116 6.138 6.159 6.180 6.200 6.220 6.239 6.257 6.274 6.291 6.308 6.325 6.341 6.358 6.375 6.392 6.411 6.430 6.448 6.468 6.488 6.510 6.531 6.553 6.575 6.597 6.619 6.641 6.662 6.682 6.702 6.722 6.742 6.763 6.783 6.805 6.827 6.851 6.876 6.903 6.931 6.959 6.987 7.017 7.047 7.077 7.107
5.586 5.607 5.629 5.651 5.672 5.692 5.711 5.730 5.749 5.767 5.784 5.801 5.817 5.833 5.849 5.866 5.882 5.899 5.917 5.935 5.954 5.973 5.993 6.013 6.033 6.055 6.077 6.099 6.121 6.143 6.164 6.185 6.206 6.226 6.246 6.265 6.283 6.300 6.318 6.335 6.352 6.369 6.386 6.403 6.422 6.440 6.459 6.478 6.499 6.520 6.542 6.565 6.587 6.610 6.632 6.654 6.676 6.697 6.718 6.738 6.759 6.779 6.800 6.821 6.844 6.867 6.892 6.918 6.946 6.974 7.002 7.032 7.063 7.093 7.124
5.600 5.622 5.644 5.666 5.688 5.708 5.728 5.748 5.766 5.784 5.802 5.819 5.835 5.851 5.867 5.882 5.898 5.914 5.930 5.947 5.965 5.983 6.002 6.021 6.041 6.061 6.082 6.104 6.126 6.148 6.169 6.191 6.212 6.232 6.252 6.272 6.291 6.309 6.327 6.344 6.362 6.379 6.396 6.414 6.432 6.451 6.470 6.489 6.509 6.531 6.553 6.575 6.598 6.621 6.644 6.667 6.689 6.711 6.733 6.754 6.775 6.796 6.817 6.838 6.860 6.884 6.908 6.934 6.961 6.989 7.018 7.047 7.078 7.109 7.140
5.614 5.636 5.659 5.681 5.703 5.724 5.744 5.764 5.783 5.802 5.820 5.837 5.853 5.869 5.885 5.900 5.915 5.930 5.946 5.962 5.978 5.995 6.013 6.031 6.049 6.069 6.089 6.110 6.132 6.153 6.175 6.196 6.217 6.238 6.259 6.278 6.298 6.317 6.335 6.353 6.371 6.388 6.406 6.424 6.442 6.461 6.479 6.498 6.519 6.540 6.562 6.585 6.608 6.632 6.656 6.679 6.702 6.725 6.747 6.769 6.791 6.812 6.833 6.855 6.877 6.900 6.924 6.950 6.977 7.004 7.033 7.063 7.093 7.125 7.156
5.627 5.649 5.672 5.695 5.717 5.739 5.760 5.780 5.800 5.819 5.837 5.854 5.871 5.887 5.903 5.918 5.933 5.948 5.962 5.977 5.993 6.009 6.025 6.042 6.059 6.078 6.097 6.118 6.139 6.160 6.181 6.202 6.223 6.244 6.265 6.285 6.305 6.324 6.343 6.361 6.379 6.397 6.415 6.433 6.451 6.470 6.488 6.507 6.528 6.549 6.571 6.594 6.618 6.642 6.666 6.690 6.714 6.738 6.761 6.784 6.806 6.828 6.850 6.871 6.894 6.917 6.941 6.966 6.992 7.019 7.047 7.077 7.108 7.140 7.171
5.638 5.661 5.685 5.708 5.730 5.752 5.774 5.795 5.815 5.834 5.853 5.871 5.889 5.905 5.921 5.936 5.951 5.966 5.980 5.994 6.009 6.024 6.039 6.054 6.071 6.088 6.107 6.126 6.146 6.167 6.188 6.209 6.230 6.251 6.272 6.292 6.312 6.332 6.351 6.369 6.388 6.406 6.424 6.442 6.460 6.479 6.497 6.515 6.536 6.557 6.579 6.602 6.626 6.650 6.675 6.700 6.725 6.749 6.774 6.797 6.820 6.843 6.865 6.887 6.910 6.933 6.956 6.981 7.007 7.034 7.062 7.092 7.122 7.154 7.186
5.649 5.672 5.696 5.719 5.742 5.765 5.787 5.808 5.829 5.849 5.869 5.887 5.905 5.922 5.939 5.954 5.970 5.984 5.998 6.012 6.026 6.040 6.055 6.069 6.084 6.101 6.118 6.137 6.156 6.176 6.196 6.216 6.237 6.258 6.279 6.299 6.319 6.339 6.358 6.377 6.396 6.414 6.432 6.450 6.469 6.487 6.504 6.523 6.543 6.564 6.587 6.610 6.634 6.658 6.683 6.709 6.734 6.760 6.785 6.809 6.833 6.857 6.880 6.902 6.925 6.948 6.972 6.997 7.022 7.048 7.076 7.105 7.136 7.168 7.200
5.659 5.683 5.707 5.730 5.753 5.776 5.799 5.820 5.842 5.863 5.883 5.902 5.921 5.939 5.956 5.972 5.987 6.002 6.017 6.030 6.044 6.058 6.071 6.084 6.099 6.114 6.131 6.148 6.167 6.185 6.205 6.225 6.245 6.266 6.286 6.307 6.327 6.347 6.366 6.385 6.404 6.422 6.440 6.459 6.477 6.494 6.512 6.530 6.550 6.571 6.593 6.616 6.640 6.665 6.690 6.716 6.742 6.768 6.794 6.820 6.845 6.869 6.893 6.916 6.939 6.962 6.986 7.011 7.036 7.062 7.089 7.118 7.149 7.181 7.213
5.668 5.692 5.716 5.740 5.763 5.786 5.809 5.832 5.853 5.875 5.896 5.916 5.935 5.954 5.971 5.988 6.005 6.020 6.035 6.049 6.063 6.076 6.089 6.101 6.115 6.130 6.145 6.162 6.179 6.197 6.216 6.235 6.255 6.275 6.295 6.315 6.335 6.355 6.374 6.393 6.412 6.430 6.448 6.466 6.484 6.502 6.519 6.537 6.557 6.577 6.599 6.622 6.646 6.670 6.696 6.722 6.749 6.776 6.803 6.829 6.855 6.880 6.905 6.929 6.952 6.976 7.000 7.024 7.049 7.074 7.101 7.130 7.161 7.193 7.225
5.677 5.701 5.725 5.748 5.772 5.796 5.819 5.841 5.864 5.886 5.907 5.928 5.948 5.967 5.986 6.004 6.021 6.037 6.052 6.067 6.081 6.094 6.107 6.119 6.132 6.146 6.161 6.176 6.193 6.210 6.227 6.246 6.265 6.284 6.304 6.324 6.344 6.363 6.382 6.401 6.420 6.438 6.456 6.474 6.492 6.509 6.525 6.544 6.563 6.583 6.604 6.627 6.650 6.675 6.701 6.727 6.755 6.782 6.809 6.837 6.863 6.890 6.915 6.940 6.964 6.988 7.012 7.036 7.061 7.086 7.113 7.142 7.172 7.204 7.236
5.684 5.709 5.732 5.756 5.780 5.804 5.827 5.850 5.873 5.895 5.917 5.939 5.959 5.979 5.999 6.017 6.035 6.052 6.068 6.083 6.098 6.112 6.125 6.137 6.150 6.164 6.178 6.192 6.208 6.224 6.241 6.258 6.277 6.295 6.314 6.334 6.353 6.372 6.391 6.410 6.428 6.446 6.464 6.481 6.499 6.516 6.532 6.550 6.568 6.588 6.609 6.631 6.655 6.679 6.705 6.732 6.759 6.787 6.815 6.843 6.870 6.898 6.924 6.949 6.974 6.999 7.023 7.047 7.072 7.097 7.123 7.152 7.182 7.214 7.246
5.692 5.716 5.740 5.763 5.787 5.811 5.834 5.857 5.881 5.903 5.926 5.948 5.969 5.990 6.010 6.030 6.048 6.066 6.083 6.099 6.115 6.129 6.143 6.155 6.168 6.181 6.195 6.209 6.224 6.239 6.255 6.272 6.289 6.307 6.326 6.344 6.363 6.382 6.400 6.419 6.437 6.454 6.472 6.489 6.506 6.522 6.538 6.556 6.574 6.593 6.613 6.635 6.658 6.683 6.708 6.735 6.762 6.791 6.819 6.848 6.876 6.904 6.931 6.957 6.983 7.008 7.032 7.057 7.082 7.106 7.133 7.161 7.191 7.222 7.255
5.699 5.723 5.746 5.770 5.793 5.817 5.840 5.864 5.887 5.910 5.933 5.955 5.977 5.999 6.020 6.040 6.060 6.078 6.096 6.113 6.130 6.145 6.159 6.172 6.186 6.199 6.213 6.227 6.241 6.255 6.271 6.287 6.303 6.320 6.338 6.356 6.374 6.392 6.410 6.428 6.446 6.463 6.480 6.497 6.513 6.529 6.545 6.561 6.579 6.598 6.618 6.639 6.662 6.686 6.711 6.738 6.765 6.794 6.822 6.851 6.880 6.909 6.937 6.964 6.990 7.015 7.040 7.065 7.090 7.115 7.141 7.169 7.198 7.230 7.262
