version2/TsunamiDB/out54194.asc
ncols          264
nrows          230
xllcorner      497853.4375
yllcorner      4229146.0000
cellsize         5.
NODATA_value   -99
[rows 136 to 169 of 230, columns 154 to 230 of 264]
7.130 7.134 7.137 7.140 7.143 7.145 7.147 7.149 7.151 7.153 7.154 7.155 7.157 7.158 7.159 7.160 7.161 7.162 7.164 7.165 7.166 7.167 7.169 7.170 7.172 7.174 7.176 7.179 7.181 7.184 7.186 7.187 7.187 7.188 7.189 7.189 7.191 7.194 7.199 7.206 7.215 7.227 7.241 7.254 7.268 7.289 7.314 7.341 7.370 7.402 7.437 7.484 7.534 7.565 7.595 7.640 7.683 7.722 7.759 7.792 7.822 7.845 7.862 7.874 7.886 7.902 7.917 7.931 7.944 7.956 7.968 7.981 7.994 8.002 8.010 8.023 8.035
7.132 7.135 7.139 7.142 7.144 7.147 7.149 7.151 7.153 7.154 7.156 7.157 7.158 7.159 7.161 7.162 7.163 7.164 7.165 7.166 7.167 7.169 7.170 7.171 7.173 7.175 7.177 7.180 7.182 7.184 7.186 7.186 7.186 7.187 7.188 7.189 7.190 7.194 7.200 7.207 7.218 7.231 7.246 7.260 7.275 7.298 7.325 7.354 7.386 7.420 7.460 7.509 7.557 7.585 7.615 7.659 7.699 7.737 7.771 7.802 7.829 7.848 7.864 7.875 7.887 7.901 7.914 7.928 7.939 7.951 7.963 7.976 7.989 7.997 8.005 8.018 8.032
7.133 7.136 7.140 7.143 7.146 7.148 7.150 7.152 7.154 7.156 7.157 7.159 7.160 7.161 7.162 7.163 7.164 7.165 7.166 7.167 7.168 7.170 7.171 7.172 7.174 7.176 7.178 7.180 7.182 7.184 7.186 7.186 7.186 7.186 7.188 7.188 7.190 7.194 7.201 7.209 7.221 7.236 7.253 7.267 7.283 7.308 7.338 7.370 7.403 7.442 7.485 7.532 7.577 7.604 7.633 7.674 7.713 7.749 7.781 7.809 7.832 7.850 7.866 7.876 7.886 7.899 7.912 7.924 7.935 7.946 7.958 7.971 7.984 7.992 8.000 8.014 8.028
7.133 7.137 7.141 7.144 7.147 7.149 7.151 7.153 7.155 7.157 7.158 7.160 7.161 7.162 7.163 7.165 7.165 7.166 7.167 7.168 7.169 7.170 7.172 7.173 7.174 7.176 7.178 7.180 7.182 7.184 7.185 7.185 7.185 7.186 7.187 7.188 7.191 7.195 7.202 7.212 7.225 7.241 7.259 7.275 7.292 7.321 7.353 7.387 7.424 7.465 7.509 7.554 7.596 7.622 7.649 7.689 7.725 7.759 7.788 7.814 7.835 7.852 7.867 7.876 7.886 7.898 7.909 7.920 7.931 7.941 7.953 7.965 7.978 7.987 7.995 8.009 8.024
7.134 7.138 7.141 7.144 7.147 7.150 7.152 7.154 7.156 7.158 7.159 7.161 7.162 7.163 7.164 7.165 7.166 7.167 7.168 7.169 7.170 7.171 7.172 7.173 7.175 7.176 7.178 7.180 7.182 7.184 7.185 7.185 7.185 7.186 7.187 7.189 7.192 7.197 7.205 7.215 7.229 7.246 7.267 7.284 7.304 7.335 7.369 7.407 7.447 7.488 7.531 7.574 7.614 7.638 7.664 7.701 7.735 7.767 7.794 7.817 7.838 7.854 7.867 7.876 7.885 7.896 7.907 7.917 7.926 7.936 7.947 7.959 7.973 7.981 7.990 8.005 8.020
7.134 7.138 7.142 7.145 7.148 7.151 7.153 7.155 7.157 7.159 7.160 7.161 7.162 7.164 7.165 7.166 7.167 7.168 7.169 7.170 7.170 7.171 7.172 7.174 7.175 7.176 7.178 7.180 7.182 7.183 7.184 7.185 7.185 7.186 7.188 7.190 7.194 7.200 7.207 7.218 7.233 7.252 7.276 7.295 7.316 7.350 7.388 7.428 7.468 7.510 7.552 7.592 7.630 7.653 7.677 7.712 7.744 7.773 7.799 7.821 7.840 7.855 7.868 7.876 7.885 7.895 7.904 7.913 7.922 7.931 7.942 7.953 7.967 7.976 7.985 8.001 8.016
7.134 7.138 7.142 7.145 7.148 7.151 7.153 7.156 7.157 7.159 7.161 7.162 7.163 7.164 7.165 7.167 7.167 7.168 7.169 7.170 7.171 7.172 7.173 7.174 7.175 7.176 7.178 7.179 7.181 7.183 7.184 7.185 7.185 7.187 7.189 7.191 7.196 7.202 7.210 7.222 7.238 7.260 7.287 7.308 7.331 7.368 7.408 7.449 7.490 7.531 7.572 7.610 7.645 7.667 7.689 7.721 7.751 7.779 7.803 7.824 7.842 7.857 7.868 7.876 7.884 7.893 7.901 7.909 7.917 7.926 7.936 7.948 7.962 7.971 7.981 7.997 8.013
7.134 7.138 7.142 7.146 7.149 7.152 7.154 7.156 7.158 7.160 7.161 7.162 7.164 7.165 7.166 7.167 7.168 7.169 7.170 7.170 7.171 7.172 7.173 7.174 7.175 7.176 7.177 7.179 7.181 7.183 7.185 7.185 7.186 7.188 7.190 7.193 7.198 7.205 7.214 7.226 7.244 7.269 7.299 7.322 7.347 7.387 7.428 7.469 7.510 7.549 7.588 7.625 7.658 7.678 7.699 7.729 7.757 7.783 7.806 7.826 7.843 7.857 7.867 7.874 7.881 7.889 7.897 7.905 7.912 7.920 7.930 7.942 7.957 7.967 7.977 7.994 8.010
7.135 7.139 7.143 7.146 7.149 7.152 7.155 7.157 7.159 7.160 7.162 7.163 7.164 7.165 7.167 7.168 7.168 7.169 7.170 7.171 7.172 7.172 7.173 7.174 7.175 7.176 7.177 7.179 7.181 7.183 7.185 7.186 7.187 7.189 7.192 7.195 7.201 7.209 7.219 7.232 7.252 7.278 7.311 7.336 7.364 7.405 7.447 7.488 7.528 7.567 7.604 7.639 7.671 7.690 7.709 7.737 7.764 7.788 7.809 7.828 7.845 7.858 7.867 7.873 7.879 7.886 7.894 7.901 7.908 7.916 7.925 7.937 7.953 7.964 7.974 7.991 8.007
7.135 7.139 7.143 7.147 7.150 7.153 7.155 7.157 7.159 7.161 7.162 7.164 7.165 7.166 7.167 7.168 7.169 7.170 7.171 7.171 7.172 7.173 7.173 7.173 7.174 7.175 7.177 7.179 7.181 7.183 7.186 7.187 7.188 7.190 7.194 7.197 7.204 7.213 7.224 7.239 7.260 7.289 7.327 7.355 7.383 7.425 7.467 7.508 7.547 7.585 7.621 7.654 7.684 7.701 7.719 7.746 7.770 7.793 7.813 7.831 7.847 7.859 7.866 7.871 7.877 7.883 7.891 7.898 7.905 7.912 7.921 7.933 7.951 7.962 7.973 7.989 8.005
7.135 7.140 7.144 7.147 7.150 7.153 7.156 7.158 7.160 7.162 7.163 7.165 7.166 7.167 7.168 7.169 7.170 7.171 7.171 7.172 7.172 7.172 7.172 7.173 7.174 7.175 7.177 7.179 7.181 7.184 7.187 7.188 7.188 7.192 7.195 7.200 7.207 7.217 7.231 7.247 7.270 7.306 7.349 7.375 7.403 7.446 7.488 7.528 7.566 7.603 7.637 7.668 7.696 7.712 7.729 7.754 7.777 7.798 7.817 7.834 7.849 7.859 7.864 7.869 7.874 7.880 7.887 7.894 7.901 7.909 7.917 7.932 7.951 7.961 7.972 7.988 8.003
7.136 7.140 7.144 7.148 7.151 7.154 7.157 7.159 7.161 7.163 7.164 7.165 7.167 7.168 7.169 7.170 7.170 7.171 7.172 7.172 7.172 7.172 7.172 7.173 7.174 7.175 7.177 7.179 7.182 7.185 7.187 7.188 7.190 7.194 7.198 7.204 7.213 7.225 7.241 7.261 7.289 7.329 7.370 7.396 7.424 7.467 7.508 7.547 7.584 7.619 7.652 7.681 7.708 7.723 7.739 7.762 7.783 7.803 7.820 7.836 7.849 7.857 7.862 7.867 7.871 7.878 7.885 7.892 7.900 7.908 7.918 7.933 7.951 7.961 7.972 7.988 8.002
7.136 7.141 7.145 7.149 7.152 7.155 7.158 7.160 7.162 7.164 7.165 7.167 7.168 7.169 7.170 7.171 7.171 7.172 7.172 7.172 7.172 7.172 7.172 7.173 7.174 7.176 7.177 7.180 7.183 7.185 7.188 7.190 7.193 7.197 7.203 7.210 7.222 7.237 7.255 7.279 7.312 7.351 7.391 7.417 7.445 7.486 7.527 7.566 7.602 7.636 7.667 7.694 7.720 7.734 7.748 7.770 7.790 7.807 7.823 7.837 7.848 7.855 7.861 7.865 7.869 7.876 7.883 7.891 7.900 7.909 7.921 7.936 7.952 7.962 7.972 7.987 8.001
7.137 7.142 7.146 7.150 7.153 7.157 7.159 7.162 7.164 7.165 7.167 7.168 7.169 7.170 7.171 7.172 7.172 7.173 7.173 7.173 7.172 7.172 7.172 7.173 7.175 7.176 7.179 7.181 7.184 7.186 7.189 7.192 7.197 7.202 7.209 7.219 7.233 7.251 7.273 7.301 7.334 7.373 7.412 7.437 7.465 7.506 7.546 7.584 7.619 7.651 7.681 7.707 7.731 7.744 7.758 7.778 7.796 7.812 7.826 7.837 7.847 7.854 7.860 7.865 7.868 7.876 7.884 7.892 7.901 7.912 7.924 7.939 7.954 7.963 7.973 7.987 8.000
7.139 7.143 7.148 7.151 7.155 7.158 7.161 7.163 7.165 7.167 7.169 7.170 7.171 7.171 7.172 7.173 7.173 7.173 7.173 7.173 7.172 7.172 7.173 7.174 7.176 7.177 7.180 7.182 7.185 7.188 7.191 7.196 7.202 7.210 7.218 7.231 7.248 7.269 7.294 7.323 7.357 7.395 7.433 7.458 7.485 7.525 7.565 7.602 7.636 7.667 7.695 7.720 7.742 7.755 7.767 7.785 7.801 7.816 7.828 7.838 7.847 7.854 7.861 7.865 7.869 7.877 7.885 7.895 7.905 7.916 7.929 7.942 7.956 7.965 7.974 7.987 7.999
7.140 7.145 7.149 7.153 7.157 7.160 7.163 7.165 7.168 7.169 7.171 7.172 7.173 7.173 7.174 7.174 7.174 7.174 7.174 7.173 7.173 7.173 7.174 7.175 7.177 7.179 7.181 7.184 7.187 7.190 7.194 7.201 7.210 7.219 7.230 7.246 7.266 7.290 7.316 7.346 7.379 7.416 7.454 7.478 7.505 7.544 7.583 7.620 7.652 7.682 7.709 7.733 7.754 7.765 7.776 7.792 7.807 7.820 7.830 7.840 7.848 7.855 7.862 7.866 7.871 7.879 7.889 7.899 7.910 7.921 7.933 7.946 7.959 7.967 7.976 7.988 7.999
7.142 7.147 7.151 7.155 7.159 7.162 7.165 7.168 7.170 7.172 7.173 7.174 7.175 7.175 7.176 7.176 7.175 7.175 7.174 7.174 7.174 7.174 7.175 7.177 7.178 7.180 7.183 7.186 7.190 7.193 7.199 7.208 7.220 7.231 7.244 7.264 7.287 7.312 7.339 7.368 7.401 7.437 7.475 7.499 7.525 7.564 7.602 7.637 7.669 7.698 7.723 7.746 7.765 7.775 7.785 7.800 7.813 7.824 7.834 7.842 7.849 7.857 7.865 7.869 7.874 7.883 7.893 7.904 7.915 7.927 7.939 7.951 7.962 7.970 7.978 7.989 7.999
7.144 7.149 7.154 7.158 7.162 7.165 7.168 7.170 7.173 7.175 7.176 7.177 7.177 7.178 7.178 7.177 7.177 7.176 7.175 7.175 7.175 7.175 7.176 7.178 7.180 7.182 7.185 7.189 7.193 7.198 7.205 7.216 7.232 7.245 7.260 7.283 7.308 7.334 7.361 7.390 7.422 7.458 7.496 7.520 7.545 7.584 7.621 7.654 7.684 7.712 7.736 7.757 7.774 7.784 7.793 7.806 7.818 7.828 7.837 7.845 7.852 7.860 7.869 7.873 7.878 7.888 7.899 7.910 7.921 7.933 7.944 7.955 7.966 7.973 7.980 7.990 8.000
7.147 7.152 7.156 7.160 7.164 7.168 7.171 7.174 7.176 7.178 7.179 7.180 7.180 7.180 7.180 7.179 7.178 7.177 7.176 7.176 7.176 7.177 7.178 7.180 7.181 7.184 7.188 7.192 7.197 7.203 7.213 7.226 7.244 7.261 7.278 7.302 7.329 7.356 7.383 7.412 7.444 7.479 7.517 7.541 7.566 7.604 7.639 7.671 7.700 7.726 7.750 7.769 7.785 7.793 7.801 7.813 7.824 7.834 7.842 7.849 7.856 7.864 7.873 7.878 7.884 7.894 7.905 7.916 7.927 7.939 7.950 7.960 7.970 7.976 7.983 7.992 8.001
7.149 7.154 7.159 7.164 7.168 7.171 7.174 7.177 7.179 7.181 7.183 7.183 7.183 7.183 7.182 7.181 7.180 7.179 7.178 7.178 7.178 7.179 7.180 7.181 7.183 7.186 7.191 7.196 7.202 7.211 7.222 7.239 7.262 7.280 7.298 7.324 7.352 7.380 7.407 7.436 7.467 7.501 7.541 7.566 7.589 7.626 7.660 7.690 7.717 7.742 7.764 7.782 7.796 7.803 7.810 7.821 7.831 7.840 7.848 7.855 7.861 7.869 7.880 7.886 7.891 7.902 7.913 7.924 7.935 7.946 7.957 7.967 7.975 7.980 7.986 7.995 8.003
7.152 7.158 7.163 7.167 7.171 7.175 7.178 7.181 7.183 7.185 7.186 7.187 7.186 7.186 7.185 7.183 7.182 7.181 7.180 7.180 7.181 7.181 7.182 7.183 7.185 7.189 7.195 7.201 7.210 7.221 7.235 7.257 7.284 7.302 7.321 7.348 7.377 7.404 7.432 7.461 7.490 7.528 7.569 7.591 7.614 7.649 7.680 7.709 7.735 7.758 7.779 7.794 7.806 7.812 7.819 7.829 7.839 7.847 7.854 7.861 7.868 7.877 7.889 7.895 7.900 7.911 7.922 7.932 7.943 7.954 7.965 7.973 7.980 7.985 7.991 7.998 8.006
7.156 7.161 7.166 7.171 7.175 7.179 7.182 7.185 7.187 7.189 7.190 7.191 7.190 7.189 7.188 7.186 7.185 7.183 7.183 7.183 7.183 7.183 7.185 7.187 7.189 7.194 7.201 7.209 7.221 7.235 7.254 7.280 7.307 7.326 7.345 7.373 7.402 7.431 7.459 7.488 7.520 7.559 7.596 7.617 7.639 7.671 7.701 7.727 7.751 7.773 7.792 7.805 7.816 7.822 7.828 7.838 7.847 7.855 7.862 7.870 7.877 7.888 7.899 7.905 7.910 7.921 7.931 7.942 7.952 7.962 7.972 7.979 7.985 7.990 7.995 8.003 8.010
7.159 7.165 7.170 7.175 7.179 7.183 7.186 7.189 7.192 7.194 7.195 7.195 7.194 7.193 7.192 7.190 7.188 7.187 7.186 7.185 7.185 7.186 7.189 7.191 7.193 7.200 7.209 7.221 7.235 7.254 7.277 7.304 7.331 7.350 7.370 7.398 7.428 7.458 7.487 7.518 7.552 7.588 7.623 7.642 7.662 7.693 7.720 7.745 7.767 7.787 7.803 7.816 7.827 7.832 7.838 7.847 7.856 7.864 7.872 7.880 7.889 7.899 7.910 7.915 7.921 7.931 7.941 7.951 7.961 7.970 7.978 7.985 7.992 7.996 8.001 8.008 8.015
7.163 7.169 7.174 7.179 7.183 7.187 7.191 7.194 7.197 7.199 7.200 7.200 7.198 7.197 7.196 7.194 7.192 7.190 7.189 7.188 7.188 7.190 7.193 7.196 7.200 7.209 7.220 7.235 7.253 7.275 7.300 7.328 7.355 7.375 7.395 7.425 7.455 7.486 7.517 7.549 7.582 7.616 7.648 7.666 7.685 7.713 7.739 7.762 7.782 7.799 7.814 7.827 7.837 7.843 7.848 7.857 7.866 7.875 7.883 7.892 7.901 7.911 7.921 7.926 7.931 7.941 7.951 7.961 7.970 7.978 7.985 7.992 7.998 8.003 8.007 8.014 8.021
7.167 7.173 7.178 7.183 7.188 7.192 7.195 7.199 7.202 7.204 7.205 7.205 7.203 7.202 7.200 7.198 7.196 7.194 7.192 7.191 7.192 7.195 7.199 7.203 7.208 7.219 7.234 7.252 7.273 7.297 7.325 7.353 7.381 7.401 7.421 7.451 7.482 7.515 7.546 7.578 7.611 7.643 7.672 7.689 7.707 7.732 7.756 7.777 7.795 7.812 7.826 7.838 7.848 7.854 7.859 7.868 7.877 7.886 7.895 7.904 7.914 7.923 7.932 7.937 7.943 7.952 7.961 7.970 7.978 7.986 7.993 7.999 8.005 8.010 8.014 8.021 8.027
7.171 7.177 7.182 7.187 7.192 7.196 7.200 7.204 7.207 7.209 7.210 7.210 7.208 7.207 7.205 7.202 7.200 7.197 7.196 7.195 7.196 7.200 7.206 7.211 7.218 7.232 7.249 7.271 7.294 7.320 7.349 7.378 7.407 7.427 7.447 7.478 7.510 7.543 7.575 7.607 7.639 7.668 7.695 7.711 7.727 7.750 7.772 7.791 7.808 7.824 7.837 7.848 7.859 7.864 7.870 7.879 7.889 7.898 7.907 7.916 7.926 7.935 7.944 7.948 7.953 7.962 7.971 7.979 7.987 7.994 8.001 8.007 8.013 8.017 8.021 8.027 8.034
7.175 7.181 7.187 7.192 7.197 7.201 7.205 7.209 7.212 7.214 7.215 7.215 7.213 7.212 7.210 7.206 7.204 7.201 7.199 7.198 7.201 7.206 7.215 7.221 7.229 7.246 7.267 7.290 7.316 7.344 7.373 7.403 7.432 7.452 7.473 7.505 7.538 7.571 7.603 7.634 7.664 7.692 7.716 7.731 7.746 7.767 7.786 7.804 7.820 7.835 7.848 7.859 7.870 7.875 7.880 7.890 7.900 7.909 7.919 7.928 7.938 7.947 7.955 7.959 7.964 7.972 7.980 7.988 7.995 8.002 8.008 8.014 8.020 8.024 8.028 8.034 8.041
7.178 7.185 7.191 7.196 7.201 7.206 7.210 7.213 7.217 7.219 7.220 7.220 7.218 7.217 7.214 7.211 7.207 7.205 7.203 7.203 7.206 7.214 7.224 7.232 7.242 7.262 7.284 7.310 7.337 7.365 7.396 7.426 7.456 7.477 7.498 7.530 7.563 7.595 7.627 7.657 7.686 7.712 7.734 7.748 7.761 7.781 7.799 7.816 7.831 7.844 7.857 7.869 7.879 7.885 7.890 7.900 7.910 7.920 7.929 7.939 7.948 7.957 7.964 7.969 7.973 7.981 7.988 7.996 8.002 8.009 8.015 8.020 8.026 8.030 8.034 8.040 8.046
7.182 7.189 7.195 7.200 7.205 7.210 7.214 7.218 7.222 7.224 7.226 7.225 7.223 7.221 7.219 7.215 7.211 7.208 7.207 7.207 7.212 7.221 7.233 7.242 7.254 7.276 7.301 7.328 7.356 7.386 7.417 7.448 7.479 7.500 7.522 7.554 7.586 7.619 7.649 7.679 7.707 7.731 7.751 7.764 7.776 7.794 7.811 7.827 7.841 7.854 7.866 7.878 7.888 7.894 7.900 7.909 7.919 7.929 7.939 7.948 7.958 7.966 7.973 7.977 7.981 7.988 7.996 8.002 8.009 8.015 8.021 8.026 8.032 8.035 8.039 8.045 8.051
7.185 7.192 7.198 7.204 7.209 7.214 7.219 7.223 7.226 7.229 7.230 7.230 7.227 7.225 7.222 7.218 7.214 7.211 7.210 7.212 7.217 7.228 7.244 7.255 7.268 7.292 7.318 7.347 7.377 7.408 7.440 7.472 7.504 7.525 7.546 7.578 7.611 7.642 7.672 7.700 7.727 7.750 7.768 7.778 7.790 7.806 7.822 7.837 7.850 7.863 7.875 7.886 7.897 7.903 7.908 7.918 7.928 7.938 7.948 7.957 7.966 7.974 7.981 7.985 7.989 7.995 8.002 8.008 8.014 8.020 8.026 8.031 8.036 8.040 8.044 8.049 8.055
7.188 7.195 7.201 7.207 7.213 7.218 7.222 7.227 7.230 7.233 7.235 7.234 7.231 7.229 7.226 7.221 7.217 7.215 7.214 7.217 7.224 7.238 7.257 7.268 7.282 7.308 7.336 7.366 7.397 7.430 7.462 7.496 7.529 7.549 7.570 7.602 7.633 7.664 7.692 7.720 7.745 7.765 7.780 7.790 7.801 7.816 7.831 7.845 7.859 7.871 7.883 7.894 7.904 7.910 7.916 7.926 7.936 7.946 7.955 7.965 7.974 7.981 7.987 7.991 7.994 8.001 8.007 8.013 8.018 8.024 8.029 8.035 8.040 8.043 8.046 8.052 8.058
7.191 7.198 7.204 7.210 7.216 7.221 7.226 7.230 7.234 7.237 7.239 7.238 7.235 7.232 7.229 7.224 7.221 7.219 7.219 7.223 7.234 7.251 7.269 7.281 7.296 7.324 7.353 7.385 7.418 7.451 7.486 7.520 7.553 7.572 7.593 7.624 7.654 7.683 7.710 7.736 7.759 7.777 7.792 7.801 7.811 7.825 7.839 7.853 7.866 7.878 7.889 7.900 7.910 7.916 7.922 7.932 7.942 7.952 7.961 7.970 7.979 7.986 7.992 7.995 7.999 8.004 8.010 8.016 8.021 8.027 8.032 8.037 8.041 8.044 8.048 8.053 8.059
7.193 7.200 7.207 7.213 7.219 7.224 7.229 7.234 7.238 7.241 7.242 7.241 7.238 7.236 7.232 7.228 7.224 7.223 7.225 7.231 7.244 7.262 7.281 7.294 7.310 7.339 7.371 7.404 7.438 7.473 7.509 7.543 7.574 7.593 7.613 7.643 7.672 7.700 7.726 7.749 7.770 7.787 7.801 7.810 7.819 7.833 7.846 7.859 7.871 7.883 7.894 7.905 7.915 7.920 7.926 7.936 7.946 7.956 7.966 7.974 7.982 7.989 7.995 7.998 8.001 8.007 8.012 8.018 8.023 8.028 8.032 8.037 8.042 8.045 8.048 8.053 8.059
7.195 7.202 7.209 7.215 7.221 7.227 7.232 7.236 7.240 7.244 7.245 7.244 7.241 7.239 7.236 7.231 7.229 7.228 7.232 7.240 7.254 7.272 7.293 7.306 7.323 7.354 7.387 7.422 7.458 7.494 7.530 7.564 7.594 7.612 7.631 7.660 7.688 7.715 7.738 7.760 7.779 7.795 7.809 7.817 7.826 7.839 7.852 7.864 7.876 7.887 7.898 7.909 7.918 7.924 7.929 7.939 7.949 7.959 7.968 7.977 7.984 7.991 7.997 8.000 8.002 8.008 8.013 8.018 8.023 8.027 8.032 8.036 8.041 8.044 8.047 8.052 8.058
