version2/TsunamiDB/out54051.asc
ncols          264
nrows          230
xllcorner      497853.4375
yllcorner      4229146.0000
cellsize         5.
NODATA_value   -99
[rows 99 to 131 of 230, columns 146 to 218 of 264]
5.843 5.861 5.877 5.890 5.901 5.911 5.919 5.926 5.931 5.935 5.938 5.942 5.945 5.948 5.952 5.957 5.962 5.968 5.974 5.981 5.989 5.997 6.005 6.015 6.025 6.036 6.047 6.060 6.075 6.091 6.108 6.126 6.144 6.164 6.184 6.204 6.224 6.244 6.264 6.284 6.304 6.324 6.344 6.364 6.385 6.406 6.428 6.450 6.472 6.494 6.517 6.540 6.564 6.587 6.610 6.632 6.653 6.674 6.695 6.719 6.744 6.772 6.802 6.834 6.867 6.900 6.931 6.960 6.990 7.021 7.058 7.106 7.156
5.860 5.880 5.897 5.912 5.926 5.938 5.948 5.956 5.962 5.967 5.971 5.974 5.977 5.980 5.982 5.986 5.990 5.994 6.000 6.006 6.012 6.019 6.027 6.036 6.045 6.054 6.064 6.076 6.090 6.105 6.121 6.139 6.157 6.176 6.196 6.216 6.237 6.258 6.278 6.299 6.319 6.339 6.360 6.380 6.401 6.423 6.444 6.467 6.489 6.511 6.535 6.559 6.583 6.606 6.630 6.652 6.673 6.694 6.715 6.738 6.762 6.788 6.817 6.849 6.881 6.913 6.946 6.979 7.012 7.048 7.091 7.144 7.197
5.872 5.894 5.914 5.931 5.947 5.961 5.974 5.984 5.992 5.998 6.003 6.007 6.010 6.012 6.014 6.016 6.019 6.022 6.026 6.031 6.036 6.043 6.049 6.057 6.065 6.073 6.082 6.093 6.106 6.120 6.136 6.152 6.170 6.189 6.209 6.229 6.250 6.271 6.292 6.313 6.334 6.355 6.376 6.397 6.418 6.439 6.461 6.484 6.506 6.529 6.553 6.577 6.601 6.626 6.649 6.672 6.694 6.715 6.736 6.757 6.780 6.806 6.834 6.864 6.896 6.930 6.965 7.002 7.040 7.083 7.131 7.187 7.244
5.881 5.905 5.926 5.946 5.964 5.981 5.996 6.008 6.019 6.027 6.033 6.038 6.042 6.044 6.046 6.047 6.049 6.051 6.054 6.057 6.062 6.066 6.072 6.079 6.086 6.093 6.101 6.111 6.123 6.136 6.150 6.166 6.184 6.203 6.222 6.243 6.264 6.285 6.306 6.328 6.349 6.370 6.392 6.413 6.434 6.456 6.478 6.501 6.523 6.546 6.570 6.595 6.620 6.645 6.669 6.693 6.715 6.736 6.757 6.777 6.799 6.823 6.851 6.880 6.913 6.950 6.988 7.029 7.074 7.122 7.175 7.234 7.294
5.886 5.912 5.936 5.957 5.978 5.997 6.014 6.029 6.042 6.052 6.061 6.067 6.072 6.075 6.077 6.079 6.080 6.081 6.083 6.085 6.088 6.091 6.096 6.101 6.107 6.113 6.120 6.129 6.140 6.152 6.166 6.181 6.198 6.216 6.236 6.256 6.277 6.299 6.320 6.342 6.364 6.386 6.407 6.429 6.450 6.472 6.494 6.517 6.540 6.563 6.587 6.612 6.638 6.663 6.688 6.713 6.736 6.757 6.777 6.797 6.818 6.842 6.869 6.899 6.934 6.973 7.016 7.063 7.113 7.165 7.222 7.283 7.345
5.889 5.916 5.941 5.965 5.987 6.009 6.028 6.045 6.061 6.074 6.085 6.093 6.100 6.105 6.108 6.110 6.111 6.112 6.112 6.113 6.115 6.117 6.120 6.124 6.129 6.134 6.140 6.148 6.158 6.169 6.182 6.196 6.212 6.230 6.249 6.270 6.291 6.312 6.334 6.357 6.379 6.401 6.423 6.444 6.466 6.488 6.510 6.533 6.556 6.579 6.603 6.629 6.655 6.681 6.707 6.732 6.756 6.777 6.798 6.817 6.837 6.861 6.889 6.921 6.958 7.000 7.047 7.098 7.153 7.210 7.269 7.332 7.396
5.889 5.918 5.944 5.969 5.994 6.017 6.038 6.058 6.076 6.091 6.105 6.116 6.125 6.132 6.136 6.139 6.141 6.142 6.142 6.142 6.143 6.144 6.146 6.148 6.152 6.156 6.161 6.168 6.176 6.186 6.198 6.212 6.227 6.244 6.263 6.283 6.304 6.326 6.348 6.371 6.393 6.415 6.438 6.460 6.482 6.504 6.526 6.549 6.571 6.594 6.619 6.645 6.671 6.698 6.725 6.751 6.775 6.797 6.818 6.837 6.857 6.882 6.911 6.945 6.985 7.030 7.081 7.138 7.197 7.257 7.320 7.383 7.446
5.888 5.918 5.945 5.971 5.997 6.022 6.045 6.067 6.087 6.105 6.121 6.135 6.146 6.155 6.162 6.167 6.170 6.171 6.172 6.172 6.172 6.172 6.172 6.174 6.176 6.179 6.182 6.188 6.195 6.204 6.215 6.228 6.243 6.259 6.277 6.297 6.318 6.340 6.362 6.385 6.407 6.430 6.452 6.475 6.497 6.519 6.541 6.564 6.586 6.609 6.634 6.660 6.687 6.715 6.742 6.769 6.794 6.817 6.838 6.857 6.878 6.906 6.937 6.973 7.016 7.064 7.120 7.180 7.242 7.306 7.370 7.433 7.496
5.886 5.916 5.944 5.971 5.998 6.025 6.050 6.073 6.095 6.115 6.134 6.150 6.164 6.175 6.184 6.191 6.196 6.199 6.200 6.201 6.200 6.200 6.200 6.200 6.201 6.203 6.205 6.209 6.215 6.223 6.233 6.245 6.259 6.275 6.292 6.311 6.332 6.353 6.376 6.398 6.421 6.444 6.467 6.489 6.511 6.534 6.556 6.578 6.601 6.624 6.649 6.675 6.703 6.731 6.759 6.787 6.813 6.837 6.858 6.879 6.903 6.933 6.967 7.006 7.052 7.104 7.162 7.224 7.289 7.355 7.422 7.484 7.546
5.884 5.914 5.943 5.971 5.999 6.026 6.052 6.077 6.101 6.123 6.143 6.161 6.178 6.192 6.203 6.212 6.219 6.224 6.227 6.228 6.229 6.228 6.227 6.227 6.227 6.227 6.229 6.232 6.237 6.244 6.252 6.263 6.276 6.291 6.307 6.326 6.346 6.367 6.389 6.412 6.435 6.458 6.481 6.504 6.526 6.548 6.570 6.593 6.615 6.638 6.663 6.690 6.718 6.747 6.776 6.805 6.832 6.856 6.880 6.904 6.931 6.964 7.000 7.042 7.091 7.146 7.205 7.269 7.336 7.406 7.474 7.535 7.598
5.883 5.913 5.942 5.970 5.998 6.026 6.053 6.079 6.104 6.128 6.150 6.170 6.189 6.205 6.219 6.230 6.239 6.246 6.251 6.254 6.255 6.255 6.255 6.254 6.254 6.253 6.253 6.255 6.259 6.265 6.273 6.282 6.294 6.308 6.323 6.341 6.360 6.381 6.403 6.426 6.449 6.472 6.495 6.518 6.541 6.563 6.585 6.608 6.630 6.653 6.678 6.705 6.733 6.763 6.793 6.822 6.851 6.878 6.905 6.932 6.963 6.998 7.037 7.081 7.133 7.188 7.249 7.314 7.384 7.457 7.528 7.589 7.653
5.882 5.912 5.941 5.969 5.998 6.026 6.054 6.081 6.107 6.132 6.155 6.177 6.197 6.215 6.231 6.245 6.257 6.266 6.273 6.277 6.280 6.282 6.282 6.281 6.281 6.280 6.279 6.280 6.283 6.288 6.294 6.302 6.313 6.326 6.340 6.357 6.376 6.396 6.418 6.440 6.463 6.487 6.510 6.533 6.555 6.578 6.600 6.622 6.644 6.667 6.692 6.720 6.749 6.779 6.810 6.841 6.872 6.902 6.933 6.963 6.997 7.034 7.076 7.123 7.175 7.233 7.293 7.359 7.432 7.508 7.583 7.646 7.712
5.882 5.912 5.941 5.969 5.998 6.026 6.055 6.082 6.109 6.135 6.159 6.182 6.204 6.224 6.242 6.258 6.271 6.282 6.292 6.298 6.303 6.306 6.308 6.308 6.308 6.307 6.306 6.306 6.308 6.312 6.317 6.324 6.334 6.345 6.359 6.375 6.393 6.412 6.433 6.455 6.478 6.502 6.525 6.548 6.571 6.593 6.616 6.638 6.660 6.682 6.707 6.735 6.765 6.796 6.828 6.862 6.895 6.929 6.963 6.997 7.033 7.072 7.116 7.164 7.219 7.277 7.338 7.406 7.481 7.562 7.642 7.705 7.773
5.883 5.913 5.941 5.969 5.998 6.027 6.056 6.083 6.111 6.137 6.163 6.187 6.210 6.231 6.250 6.268 6.283 6.297 6.308 6.317 6.324 6.329 6.332 6.334 6.334 6.334 6.333 6.333 6.335 6.337 6.342 6.348 6.356 6.366 6.379 6.394 6.411 6.429 6.450 6.472 6.494 6.518 6.541 6.564 6.587 6.610 6.633 6.655 6.676 6.698 6.723 6.752 6.782 6.814 6.848 6.884 6.921 6.958 6.995 7.032 7.070 7.111 7.156 7.207 7.262 7.322 7.384 7.453 7.531 7.618 7.703 7.767 7.837
5.885 5.914 5.943 5.971 6.000 6.028 6.057 6.085 6.113 6.140 6.166 6.191 6.215 6.237 6.258 6.277 6.294 6.309 6.322 6.333 6.342 6.349 6.354 6.358 6.360 6.360 6.360 6.361 6.362 6.364 6.368 6.373 6.380 6.389 6.401 6.414 6.430 6.448 6.468 6.489 6.512 6.535 6.558 6.582 6.605 6.628 6.651 6.672 6.693 6.715 6.741 6.769 6.801 6.834 6.870 6.908 6.948 6.988 7.028 7.068 7.108 7.150 7.197 7.249 7.306 7.367 7.430 7.501 7.584 7.676 7.765 7.830 7.901
5.888 5.917 5.945 5.973 6.002 6.030 6.059 6.088 6.115 6.143 6.169 6.195 6.220 6.243 6.265 6.285 6.303 6.320 6.335 6.348 6.359 6.368 6.375 6.380 6.384 6.386 6.387 6.388 6.390 6.392 6.395 6.400 6.406 6.414 6.424 6.437 6.451 6.469 6.488 6.508 6.531 6.554 6.577 6.601 6.624 6.647 6.670 6.691 6.712 6.734 6.759 6.789 6.821 6.855 6.893 6.934 6.976 7.019 7.062 7.104 7.145 7.189 7.237 7.290 7.349 7.411 7.477 7.551 7.637 7.730 7.824 7.891 7.964
5.891 5.919 5.947 5.975 6.004 6.033 6.062 6.090 6.118 6.146 6.173 6.199 6.224 6.248 6.271 6.292 6.312 6.330 6.346 6.361 6.374 6.385 6.394 6.402 6.407 6.410 6.413 6.416 6.418 6.421 6.424 6.428 6.433 6.440 6.449 6.461 6.475 6.491 6.509 6.529 6.551 6.574 6.598 6.621 6.645 6.668 6.691 6.712 6.732 6.754 6.780 6.810 6.843 6.879 6.919 6.961 7.006 7.052 7.097 7.140 7.183 7.228 7.276 7.332 7.392 7.457 7.526 7.603 7.691 7.789 7.890 7.957 8.027
5.894 5.923 5.950 5.978 6.007 6.036 6.065 6.093 6.122 6.150 6.177 6.203 6.229 6.254 6.277 6.299 6.320 6.339 6.357 6.373 6.387 6.400 6.412 6.421 6.429 6.434 6.439 6.443 6.446 6.449 6.453 6.457 6.462 6.468 6.476 6.487 6.500 6.515 6.532 6.552 6.574 6.596 6.620 6.644 6.667 6.691 6.713 6.734 6.755 6.776 6.802 6.833 6.868 6.905 6.946 6.990 7.037 7.085 7.131 7.176 7.220 7.266 7.316 7.374 7.437 7.504 7.578 7.658 7.749 7.857 7.960 8.022 8.088
5.898 5.926 5.954 5.982 6.010 6.039 6.068 6.097 6.125 6.153 6.181 6.208 6.234 6.259 6.283 6.306 6.327 6.348 6.367 6.384 6.400 6.415 6.428 6.440 6.449 6.456 6.463 6.469 6.474 6.478 6.482 6.486 6.491 6.497 6.505 6.514 6.526 6.541 6.557 6.576 6.597 6.620 6.644 6.668 6.692 6.715 6.738 6.759 6.779 6.801 6.827 6.860 6.895 6.932 6.975 7.021 7.069 7.117 7.165 7.212 7.259 7.307 7.358 7.419 7.485 7.557 7.634 7.720 7.819 7.928 8.025 8.083 8.147
5.901 5.930 5.957 5.985 6.014 6.043 6.072 6.100 6.129 6.157 6.185 6.212 6.239 6.264 6.289 6.312 6.335 6.356 6.376 6.395 6.412 6.428 6.443 6.457 6.468 6.477 6.486 6.494 6.500 6.506 6.511 6.516 6.521 6.527 6.534 6.543 6.554 6.568 6.584 6.602 6.623 6.645 6.669 6.693 6.717 6.741 6.764 6.785 6.806 6.828 6.856 6.888 6.924 6.962 7.006 7.052 7.100 7.150 7.200 7.250 7.300 7.349 7.403 7.467 7.539 7.615 7.696 7.789 7.891 7.994 8.086 8.140 8.202
5.905 5.933 5.960 5.988 6.017 6.046 6.075 6.104 6.133 6.161 6.189 6.217 6.244 6.270 6.295 6.319 6.342 6.364 6.385 6.405 6.423 6.441 6.457 6.473 6.486 6.497 6.508 6.518 6.526 6.533 6.540 6.546 6.551 6.558 6.565 6.573 6.583 6.596 6.611 6.629 6.649 6.672 6.695 6.720 6.744 6.769 6.792 6.814 6.835 6.859 6.886 6.919 6.955 6.994 7.037 7.084 7.132 7.183 7.236 7.289 7.342 7.395 7.451 7.521 7.597 7.676 7.763 7.858 7.958 8.056 8.142 8.194 8.253
5.908 5.936 5.963 5.992 6.020 6.049 6.079 6.108 6.136 6.165 6.193 6.221 6.248 6.275 6.300 6.325 6.349 6.372 6.393 6.414 6.434 6.453 6.471 6.488 6.503 6.516 6.529 6.540 6.551 6.560 6.568 6.575 6.582 6.588 6.595 6.603 6.613 6.625 6.640 6.657 6.677 6.699 6.723 6.748 6.773 6.798 6.822 6.845 6.867 6.891 6.919 6.952 6.988 7.027 7.070 7.117 7.166 7.218 7.273 7.331 7.389 7.445 7.505 7.580 7.659 7.744 7.832 7.924 8.020 8.113 8.196 8.245 8.300
5.911 5.939 5.966 5.995 6.024 6.053 6.082 6.111 6.140 6.169 6.197 6.225 6.253 6.280 6.306 6.331 6.356 6.379 6.402 6.424 6.445 6.465 6.484 6.503 6.519 6.534 6.549 6.562 6.575 6.585 6.595 6.604 6.611 6.618 6.626 6.634 6.643 6.655 6.669 6.685 6.704 6.726 6.751 6.776 6.802 6.828 6.854 6.878 6.902 6.926 6.954 6.986 7.022 7.061 7.104 7.151 7.201 7.254 7.313 7.376 7.440 7.499 7.562 7.641 7.725 7.811 7.897 7.987 8.078 8.166 8.247 8.293 8.345
5.914 5.941 5.969 5.997 6.026 6.056 6.085 6.114 6.143 6.172 6.201 6.229 6.257 6.284 6.311 6.337 6.362 6.386 6.410 6.433 6.455 6.476 6.497 6.517 6.535 6.552 6.568 6.583 6.597 6.610 6.621 6.631 6.640 6.648 6.656 6.664 6.674 6.684 6.698 6.713 6.732 6.754 6.779 6.805 6.832 6.860 6.887 6.913 6.937 6.962 6.989 7.022 7.057 7.095 7.139 7.186 7.238 7.294 7.357 7.426 7.495 7.556 7.622 7.706 7.792 7.877 7.960 8.046 8.132 8.217 8.295 8.339 8.388
5.917 5.944 5.972 6.000 6.029 6.058 6.088 6.117 6.146 6.175 6.204 6.233 6.261 6.289 6.316 6.343 6.368 6.394 6.418 6.442 6.465 6.487 6.509 6.530 6.550 6.568 6.586 6.603 6.619 6.634 6.647 6.658 6.668 6.678 6.686 6.695 6.704 6.714 6.727 6.742 6.760 6.782 6.807 6.834 6.862 6.891 6.921 6.948 6.973 6.998 7.025 7.058 7.093 7.131 7.176 7.225 7.278 7.338 7.406 7.480 7.553 7.616 7.684 7.771 7.856 7.940 8.020 8.100 8.182 8.265 8.342 8.384 8.431
5.919 5.947 5.974 6.002 6.031 6.061 6.090 6.120 6.149 6.178 6.208 6.237 6.265 6.293 6.321 6.348 6.375 6.400 6.426 6.450 6.474 6.498 6.521 6.544 6.565 6.584 6.604 6.622 6.640 6.656 6.671 6.684 6.696 6.706 6.716 6.725 6.734 6.744 6.756 6.770 6.788 6.810 6.835 6.863 6.892 6.923 6.954 6.983 7.009 7.035 7.062 7.095 7.130 7.169 7.215 7.266 7.322 7.385 7.457 7.534 7.612 7.677 7.746 7.832 7.918 8.000 8.077 8.154 8.232 8.311 8.387 8.427 8.472
5.922 5.949 5.976 6.005 6.034 6.063 6.092 6.122 6.151 6.181 6.210 6.240 6.269 6.297 6.326 6.353 6.380 6.407 6.433 6.459 6.484 6.509 6.533 6.556 6.579 6.600 6.621 6.641 6.660 6.678 6.694 6.709 6.722 6.734 6.745 6.754 6.764 6.774 6.785 6.799 6.816 6.838 6.863 6.891 6.922 6.954 6.986 7.017 7.045 7.071 7.098 7.132 7.169 7.209 7.257 7.309 7.369 7.436 7.511 7.593 7.676 7.740 7.808 7.895 7.980 8.060 8.135 8.208 8.281 8.358 8.435 8.474 8.514
5.924 5.951 5.978 6.007 6.036 6.065 6.094 6.124 6.154 6.183 6.213 6.243 6.272 6.301 6.330 6.358 6.386 6.414 6.441 6.467 6.493 6.519 6.544 6.569 6.592 6.615 6.637 6.658 6.679 6.699 6.717 6.733 6.748 6.761 6.773 6.783 6.793 6.803 6.814 6.827 6.844 6.866 6.891 6.920 6.951 6.985 7.018 7.050 7.079 7.106 7.134 7.170 7.209 7.251 7.301 7.357 7.421 7.492 7.570 7.659 7.744 7.805 7.871 7.957 8.040 8.118 8.191 8.262 8.331 8.411 8.487 8.520 8.556
5.927 5.953 5.980 6.009 6.037 6.067 6.096 6.126 6.156 6.186 6.215 6.245 6.275 6.305 6.334 6.363 6.392 6.420 6.448 6.475 6.502 6.529 6.555 6.581 6.606 6.629 6.653 6.676 6.698 6.719 6.738 6.757 6.773 6.788 6.800 6.812 6.822 6.832 6.843 6.856 6.872 6.894 6.919 6.948 6.980 7.014 7.049 7.082 7.111 7.140 7.173 7.211 7.252 7.298 7.351 7.412 7.479 7.554 7.638 7.728 7.810 7.868 7.932 8.017 8.099 8.177 8.248 8.318 8.390 8.467 8.535 8.565 8.598
5.930 5.956 5.983 6.011 6.039 6.068 6.098 6.127 6.157 6.187 6.218 6.248 6.278 6.308 6.338 6.367 6.397 6.426 6.455 6.483 6.511 6.539 6.566 6.593 6.619 6.643 6.668 6.692 6.716 6.738 6.759 6.779 6.797 6.813 6.828 6.840 6.851 6.862 6.872 6.885 6.901 6.922 6.947 6.976 7.008 7.043 7.078 7.112 7.144 7.177 7.214 7.255 7.298 7.348 7.406 7.470 7.541 7.620 7.707 7.795 7.874 7.930 7.992 8.076 8.158 8.235 8.307 8.378 8.450 8.521 8.581 8.607 8.636
5.935 5.959 5.985 6.013 6.041 6.070 6.099 6.129 6.159 6.189 6.219 6.250 6.280 6.311 6.341 6.372 6.402 6.432 6.461 6.491 6.520 6.548 6.577 6.605 6.631 6.657 6.683 6.708 6.733 6.757 6.780 6.801 6.821 6.838 6.854 6.868 6.880 6.891 6.902 6.914 6.930 6.950 6.975 7.003 7.036 7.071 7.106 7.142 7.178 7.216 7.257 7.301 7.348 7.403 7.465 7.533 7.607 7.688 7.774 7.860 7.937 7.991 8.052 8.136 8.218 8.295 8.368 8.439 8.508 8.571 8.624 8.647 8.673
5.941 5.964 5.989 6.015 6.043 6.072 6.101 6.131 6.161 6.191 6.221 6.252 6.283 6.314 6.345 6.376 6.407 6.437 6.468 6.498 6.528 6.558 6.587 6.616 6.644 6.671 6.697 6.724 6.750 6.775 6.800 6.822 6.844 6.863 6.880 6.896 6.909 6.921 6.932 6.944 6.959 6.978 7.002 7.030 7.062 7.098 7.135 7.174 7.214 7.257 7.302 7.350 7.402 7.461 7.527 7.598 7.674 7.754 7.839 7.922 8.000 8.053 8.112 8.196 8.278 8.356 8.428 8.498 8.562 8.619 8.666 8.685 8.707
5.949 5.970 5.993 6.019 6.046 6.074 6.103 6.132 6.162 6.192 6.223 6.254 6.285 6.317 6.348 6.380 6.411 6.443 6.474 6.506 6.537 6.567 6.598 6.627 6.656 6.684 6.712 6.740 6.767 6.793 6.819 6.843 6.866 6.887 6.906 6.923 6.938 6.950 6.962 6.973 6.988 7.007 7.030 7.057 7.089 7.126 7.166 7.207 7.253 7.301 7.351 7.402 7.457 7.521 7.590 7.664 7.738 7.817 7.900 7.984 8.062 8.115 8.172 8.257 8.339 8.416 8.487 8.554 8.614 8.665 8.705 8.721 8.738
