version2/TsunamiDB/out54033.asc
ncols          264
nrows          230
xllcorner      497853.4375
yllcorner      4229146.0000
cellsize         5.
NODATA_value   -99
[rows 192 to 223 of 230, columns 144 to 215 of 264]
6.234 6.280 6.324 6.366 6.408 6.447 6.485 6.521 6.557 6.592 6.628 6.666 6.707 6.754 6.803 6.856 6.913 6.974 7.035 7.098 7.163 7.229 7.296 7.366 7.437 7.511 7.589 7.665 7.738 7.814 7.895 7.981 8.056 8.089 8.124 8.189 8.238 8.267 8.280 8.284 8.283 8.283 8.278 8.235 8.203 8.218 8.234 8.247 8.258 8.266 8.272 8.273 8.267 8.238 8.213 8.208 8.201 8.191 8.176 8.155 8.129 8.098 8.058 7.997 7.929 7.869 7.803 7.735 7.665 7.597 7.536 7.482
6.207 6.254 6.299 6.344 6.387 6.428 6.467 6.505 6.541 6.577 6.613 6.651 6.693 6.741 6.792 6.846 6.907 6.971 7.038 7.107 7.176 7.244 7.311 7.381 7.451 7.527 7.605 7.680 7.751 7.826 7.909 7.999 8.081 8.118 8.155 8.220 8.266 8.291 8.299 8.298 8.294 8.293 8.289 8.246 8.216 8.232 8.248 8.261 8.271 8.279 8.284 8.282 8.274 8.243 8.216 8.208 8.198 8.185 8.167 8.145 8.117 8.083 8.041 7.976 7.905 7.840 7.771 7.700 7.628 7.560 7.500 7.449
6.181 6.228 6.275 6.321 6.365 6.407 6.447 6.486 6.524 6.560 6.597 6.635 6.678 6.728 6.781 6.838 6.902 6.970 7.041 7.115 7.188 7.259 7.326 7.395 7.465 7.541 7.621 7.696 7.769 7.845 7.928 8.020 8.110 8.151 8.189 8.251 8.295 8.316 8.320 8.315 8.308 8.304 8.301 8.259 8.229 8.245 8.261 8.274 8.283 8.290 8.293 8.290 8.279 8.246 8.216 8.205 8.193 8.177 8.157 8.132 8.102 8.065 8.020 7.952 7.877 7.808 7.737 7.663 7.591 7.524 7.466 7.419
6.158 6.206 6.253 6.300 6.345 6.388 6.429 6.469 6.507 6.544 6.581 6.620 6.664 6.717 6.772 6.831 6.898 6.970 7.046 7.126 7.202 7.275 7.343 7.410 7.479 7.558 7.640 7.717 7.792 7.870 7.953 8.051 8.151 8.193 8.227 8.287 8.326 8.342 8.341 8.334 8.322 8.316 8.317 8.276 8.245 8.261 8.276 8.287 8.295 8.302 8.303 8.298 8.282 8.247 8.215 8.201 8.186 8.167 8.144 8.117 8.085 8.045 7.996 7.924 7.845 7.774 7.700 7.626 7.555 7.490 7.435 7.393
6.140 6.188 6.236 6.283 6.329 6.373 6.415 6.455 6.494 6.531 6.569 6.608 6.654 6.710 6.768 6.830 6.900 6.974 7.055 7.138 7.217 7.292 7.361 7.429 7.498 7.580 7.665 7.745 7.825 7.906 7.991 8.104 8.206 8.239 8.268 8.322 8.355 8.366 8.363 8.352 8.336 8.336 8.339 8.295 8.263 8.277 8.290 8.299 8.306 8.310 8.311 8.301 8.281 8.244 8.211 8.194 8.176 8.155 8.130 8.100 8.065 8.022 7.969 7.894 7.811 7.738 7.663 7.589 7.520 7.459 7.408 7.375
6.128 6.176 6.224 6.271 6.318 6.362 6.405 6.446 6.485 6.523 6.561 6.602 6.651 6.709 6.769 6.833 6.906 6.984 7.066 7.149 7.232 7.312 7.387 7.455 7.524 7.611 7.701 7.788 7.873 7.961 8.059 8.171 8.257 8.284 8.309 8.356 8.383 8.390 8.384 8.372 8.361 8.361 8.357 8.312 8.280 8.292 8.302 8.310 8.314 8.316 8.312 8.299 8.278 8.240 8.205 8.185 8.164 8.141 8.113 8.081 8.043 7.996 7.940 7.861 7.775 7.699 7.625 7.554 7.489 7.433 7.390 7.363
6.122 6.169 6.217 6.265 6.312 6.358 6.401 6.443 6.483 6.522 6.561 6.604 6.655 6.715 6.776 6.842 6.916 6.995 7.078 7.163 7.251 7.339 7.421 7.489 7.560 7.654 7.751 7.844 7.937 8.034 8.135 8.233 8.306 8.328 8.347 8.386 8.409 8.414 8.406 8.396 8.386 8.382 8.375 8.328 8.295 8.303 8.311 8.317 8.319 8.318 8.310 8.295 8.274 8.235 8.196 8.175 8.152 8.126 8.095 8.060 8.018 7.968 7.909 7.826 7.737 7.661 7.589 7.521 7.461 7.413 7.377 7.354
6.122 6.168 6.216 6.264 6.312 6.358 6.403 6.446 6.487 6.528 6.568 6.612 6.664 6.725 6.788 6.855 6.930 7.010 7.093 7.182 7.278 7.375 7.463 7.533 7.608 7.711 7.814 7.913 8.013 8.112 8.207 8.292 8.354 8.370 8.383 8.416 8.434 8.436 8.430 8.420 8.410 8.402 8.390 8.342 8.308 8.313 8.318 8.321 8.320 8.316 8.305 8.289 8.267 8.226 8.187 8.163 8.138 8.109 8.076 8.036 7.991 7.938 7.875 7.789 7.699 7.624 7.555 7.492 7.439 7.398 7.368 7.349
6.130 6.174 6.221 6.269 6.317 6.365 6.411 6.455 6.498 6.540 6.581 6.626 6.679 6.741 6.805 6.872 6.947 7.029 7.115 7.210 7.314 7.419 7.516 7.588 7.667 7.778 7.886 7.992 8.093 8.189 8.277 8.350 8.401 8.411 8.420 8.445 8.458 8.461 8.454 8.443 8.431 8.419 8.403 8.355 8.319 8.319 8.321 8.322 8.318 8.311 8.299 8.282 8.259 8.217 8.176 8.151 8.123 8.091 8.054 8.011 7.962 7.905 7.840 7.752 7.662 7.589 7.524 7.468 7.421 7.386 7.363 7.346
6.144 6.186 6.232 6.280 6.329 6.377 6.424 6.470 6.515 6.558 6.600 6.645 6.698 6.761 6.826 6.893 6.971 7.055 7.145 7.245 7.356 7.471 7.577 7.652 7.735 7.852 7.966 8.073 8.171 8.263 8.343 8.406 8.448 8.453 8.455 8.474 8.484 8.484 8.476 8.464 8.450 8.434 8.414 8.365 8.327 8.324 8.322 8.320 8.314 8.305 8.292 8.273 8.249 8.206 8.164 8.136 8.106 8.071 8.030 7.984 7.931 7.871 7.804 7.715 7.625 7.556 7.497 7.447 7.407 7.378 7.359 7.345
6.164 6.205 6.249 6.296 6.345 6.395 6.443 6.491 6.537 6.581 6.624 6.669 6.722 6.786 6.852 6.920 7.000 7.088 7.181 7.287 7.407 7.532 7.646 7.723 7.809 7.932 8.047 8.153 8.248 8.333 8.406 8.461 8.494 8.493 8.490 8.503 8.509 8.507 8.497 8.483 8.466 8.448 8.424 8.374 8.334 8.326 8.321 8.315 8.308 8.297 8.282 8.263 8.237 8.193 8.149 8.119 8.086 8.048 8.004 7.954 7.897 7.836 7.768 7.679 7.591 7.527 7.473 7.430 7.396 7.373 7.357 7.346
6.192 6.230 6.272 6.319 6.368 6.418 6.467 6.516 6.564 6.608 6.652 6.697 6.750 6.816 6.883 6.954 7.037 7.129 7.227 7.339 7.467 7.600 7.720 7.797 7.887 8.012 8.124 8.227 8.317 8.397 8.462 8.508 8.535 8.529 8.521 8.529 8.531 8.527 8.515 8.498 8.479 8.457 8.430 8.379 8.336 8.325 8.316 8.308 8.298 8.286 8.271 8.250 8.223 8.177 8.132 8.099 8.063 8.023 7.975 7.921 7.862 7.799 7.731 7.643 7.558 7.500 7.452 7.415 7.387 7.368 7.356 7.346
6.226 6.261 6.302 6.347 6.396 6.446 6.497 6.546 6.594 6.640 6.685 6.731 6.785 6.851 6.921 6.994 7.080 7.175 7.278 7.396 7.527 7.664 7.790 7.871 7.960 8.083 8.194 8.293 8.379 8.454 8.515 8.555 8.576 8.565 8.553 8.556 8.555 8.548 8.533 8.513 8.492 8.466 8.437 8.383 8.338 8.322 8.310 8.300 8.287 8.274 8.258 8.236 8.207 8.160 8.112 8.076 8.038 7.994 7.943 7.886 7.825 7.761 7.694 7.609 7.529 7.476 7.434 7.403 7.380 7.365 7.356 7.348
6.265 6.298 6.337 6.381 6.429 6.479 6.530 6.581 6.630 6.677 6.722 6.769 6.823 6.892 6.964 7.039 7.128 7.227 7.334 7.456 7.591 7.734 7.870 7.950 8.035 8.157 8.266 8.361 8.444 8.515 8.570 8.606 8.620 8.605 8.588 8.587 8.582 8.571 8.553 8.531 8.506 8.477 8.443 8.387 8.339 8.320 8.304 8.291 8.276 8.262 8.245 8.221 8.189 8.140 8.090 8.052 8.010 7.964 7.910 7.851 7.787 7.723 7.660 7.579 7.503 7.457 7.421 7.395 7.376 7.365 7.358 7.351
6.308 6.340 6.377 6.420 6.467 6.517 6.569 6.620 6.670 6.718 6.763 6.809 6.865 6.938 7.012 7.090 7.182 7.285 7.398 7.524 7.663 7.820 7.957 8.027 8.108 8.229 8.334 8.427 8.506 8.572 8.624 8.652 8.659 8.642 8.622 8.618 8.608 8.594 8.573 8.547 8.518 8.485 8.448 8.389 8.339 8.316 8.297 8.280 8.264 8.248 8.229 8.203 8.167 8.116 8.065 8.024 7.979 7.930 7.875 7.814 7.749 7.689 7.630 7.552 7.482 7.442 7.411 7.389 7.374 7.366 7.361 7.352
6.354 6.385 6.421 6.464 6.510 6.559 6.611 6.663 6.713 6.760 6.806 6.856 6.918 6.992 7.068 7.150 7.246 7.354 7.471 7.604 7.753 7.908 8.033 8.099 8.178 8.295 8.398 8.488 8.563 8.626 8.671 8.693 8.700 8.680 8.656 8.648 8.635 8.618 8.593 8.563 8.530 8.492 8.451 8.390 8.337 8.310 8.287 8.268 8.250 8.231 8.210 8.180 8.143 8.090 8.036 7.992 7.946 7.895 7.838 7.776 7.715 7.658 7.602 7.529 7.465 7.430 7.404 7.386 7.374 7.367 7.361 7.351
6.401 6.432 6.468 6.510 6.555 6.605 6.657 6.709 6.759 6.807 6.857 6.913 6.978 7.054 7.133 7.219 7.321 7.432 7.553 7.692 7.841 7.984 8.102 8.165 8.241 8.355 8.457 8.545 8.617 8.675 8.714 8.735 8.740 8.717 8.690 8.678 8.662 8.640 8.611 8.577 8.540 8.498 8.453 8.390 8.334 8.302 8.277 8.254 8.233 8.211 8.186 8.155 8.117 8.062 8.004 7.958 7.910 7.858 7.800 7.741 7.684 7.629 7.577 7.508 7.450 7.420 7.398 7.384 7.373 7.366 7.359 7.350
6.448 6.480 6.516 6.558 6.603 6.652 6.704 6.757 6.809 6.861 6.917 6.978 7.047 7.125 7.207 7.299 7.403 7.516 7.642 7.779 7.920 8.054 8.166 8.227 8.300 8.414 8.514 8.599 8.667 8.721 8.757 8.776 8.778 8.752 8.722 8.708 8.688 8.662 8.629 8.590 8.548 8.503 8.454 8.388 8.328 8.294 8.264 8.239 8.214 8.189 8.161 8.127 8.087 8.030 7.970 7.923 7.874 7.820 7.764 7.708 7.654 7.603 7.554 7.490 7.437 7.412 7.394 7.382 7.372 7.364 7.357 7.348
6.495 6.527 6.564 6.606 6.652 6.701 6.754 6.809 6.865 6.923 6.985 7.052 7.125 7.205 7.290 7.385 7.491 7.607 7.729 7.858 7.991 8.117 8.227 8.287 8.358 8.469 8.567 8.650 8.715 8.765 8.799 8.815 8.816 8.787 8.754 8.736 8.712 8.682 8.645 8.602 8.556 8.506 8.453 8.384 8.322 8.283 8.250 8.221 8.192 8.164 8.133 8.097 8.056 7.996 7.935 7.886 7.836 7.784 7.729 7.676 7.626 7.578 7.533 7.476 7.428 7.406 7.390 7.380 7.370 7.363 7.356 7.347
6.540 6.573 6.611 6.654 6.701 6.751 6.806 6.865 6.927 6.992 7.061 7.134 7.210 7.291 7.377 7.475 7.583 7.696 7.810 7.930 8.054 8.177 8.286 8.345 8.413 8.522 8.619 8.699 8.761 8.808 8.839 8.853 8.851 8.820 8.784 8.762 8.734 8.700 8.659 8.613 8.562 8.508 8.452 8.380 8.314 8.271 8.234 8.200 8.168 8.136 8.102 8.065 8.022 7.961 7.898 7.848 7.799 7.748 7.696 7.646 7.600 7.557 7.516 7.463 7.419 7.400 7.387 7.377 7.369 7.361 7.354 7.346
6.583 6.617 6.656 6.702 6.750 6.801 6.860 6.926 6.994 7.066 7.143 7.222 7.301 7.380 7.466 7.567 7.674 7.780 7.886 7.997 8.114 8.235 8.345 8.403 8.468 8.577 8.671 8.747 8.805 8.850 8.878 8.889 8.884 8.850 8.812 8.786 8.753 8.716 8.671 8.621 8.567 8.509 8.449 8.373 8.303 8.256 8.215 8.178 8.142 8.106 8.070 8.031 7.987 7.924 7.859 7.811 7.762 7.713 7.664 7.618 7.576 7.537 7.501 7.452 7.413 7.396 7.384 7.375 7.367 7.359 7.352 7.344
6.623 6.659 6.700 6.748 6.800 6.854 6.919 6.989 7.064 7.145 7.229 7.311 7.392 7.470 7.555 7.655 7.759 7.860 7.959 8.061 8.173 8.293 8.405 8.462 8.526 8.632 8.720 8.791 8.846 8.887 8.913 8.920 8.911 8.875 8.835 8.804 8.769 8.728 8.680 8.627 8.569 8.508 8.443 8.363 8.290 8.238 8.192 8.152 8.112 8.074 8.035 7.994 7.950 7.885 7.820 7.772 7.724 7.678 7.633 7.591 7.554 7.519 7.486 7.442 7.406 7.391 7.380 7.372 7.364 7.357 7.350 7.342
6.663 6.700 6.744 6.796 6.850 6.909 6.977 7.053 7.135 7.223 7.312 7.398 7.480 7.557 7.640 7.739 7.841 7.939 8.032 8.129 8.234 8.350 8.465 8.522 8.583 8.684 8.767 8.833 8.883 8.922 8.945 8.950 8.937 8.898 8.855 8.821 8.783 8.739 8.687 8.631 8.570 8.504 8.435 8.352 8.274 8.217 8.168 8.124 8.081 8.040 7.999 7.956 7.911 7.846 7.781 7.734 7.688 7.645 7.604 7.567 7.534 7.504 7.474 7.434 7.400 7.387 7.377 7.370 7.362 7.355 7.348 7.340
6.702 6.740 6.786 6.842 6.901 6.962 7.035 7.116 7.205 7.300 7.394 7.485 7.570 7.644 7.723 7.822 7.923 8.018 8.107 8.199 8.297 8.412 8.534 8.588 8.643 8.738 8.815 8.875 8.921 8.956 8.976 8.977 8.960 8.918 8.872 8.836 8.795 8.748 8.693 8.634 8.569 8.499 8.425 8.337 8.255 8.195 8.142 8.094 8.048 8.005 7.962 7.918 7.873 7.807 7.743 7.698 7.656 7.616 7.579 7.546 7.518 7.491 7.465 7.427 7.396 7.384 7.375 7.367 7.360 7.353 7.346 7.337
6.739 6.778 6.827 6.889 6.952 7.017 7.095 7.180 7.276 7.375 7.475 7.570 7.657 7.728 7.805 7.904 8.004 8.097 8.186 8.273 8.366 8.494 8.615 8.658 8.705 8.792 8.861 8.914 8.955 8.986 9.003 8.999 8.976 8.933 8.886 8.848 8.804 8.754 8.697 8.634 8.565 8.491 8.411 8.319 8.233 8.169 8.112 8.061 8.013 7.968 7.923 7.880 7.835 7.770 7.707 7.664 7.625 7.589 7.557 7.529 7.504 7.480 7.456 7.421 7.392 7.381 7.373 7.365 7.357 7.350 7.343 7.333
6.775 6.819 6.873 6.939 7.005 7.075 7.156 7.247 7.345 7.448 7.553 7.653 7.741 7.811 7.885 7.986 8.087 8.182 8.271 8.361 8.463 8.585 8.687 8.723 8.764 8.842 8.903 8.950 8.986 9.011 9.022 9.013 8.990 8.946 8.897 8.856 8.810 8.758 8.698 8.630 8.557 8.477 8.394 8.298 8.208 8.140 8.080 8.027 7.977 7.930 7.886 7.843 7.798 7.734 7.672 7.633 7.598 7.566 7.538 7.513 7.492 7.470 7.448 7.416 7.389 7.379 7.370 7.363 7.355 7.347 7.339 7.328
6.814 6.863 6.921 6.991 7.061 7.133 7.218 7.311 7.411 7.517 7.626 7.731 7.824 7.891 7.965 8.070 8.175 8.272 8.364 8.461 8.564 8.669 8.755 8.784 8.819 8.886 8.940 8.981 9.011 9.031 9.036 9.025 9.002 8.957 8.906 8.863 8.814 8.759 8.695 8.623 8.544 8.460 8.372 8.272 8.178 8.107 8.045 7.990 7.939 7.893 7.849 7.806 7.762 7.699 7.640 7.604 7.573 7.546 7.521 7.500 7.480 7.461 7.442 7.412 7.386 7.376 7.368 7.360 7.352 7.343 7.333 7.322
6.856 6.908 6.970 7.043 7.116 7.192 7.279 7.373 7.474 7.582 7.696 7.806 7.903 7.971 8.047 8.159 8.267 8.367 8.465 8.563 8.658 8.749 8.820 8.842 8.870 8.927 8.973 9.007 9.032 9.045 9.046 9.034 9.010 8.964 8.911 8.866 8.815 8.756 8.687 8.610 8.526 8.437 8.345 8.241 8.145 8.072 8.009 7.953 7.902 7.856 7.812 7.770 7.727 7.667 7.611 7.579 7.552 7.528 7.507 7.488 7.471 7.454 7.437 7.408 7.383 7.374 7.365 7.357 7.347 7.337 7.327 7.315
6.899 6.955 7.020 7.096 7.172 7.251 7.339 7.435 7.535 7.644 7.761 7.878 7.983 8.054 8.132 8.249 8.360 8.467 8.565 8.659 8.747 8.823 8.881 8.897 8.918 8.964 9.001 9.030 9.048 9.057 9.055 9.041 9.016 8.968 8.914 8.866 8.812 8.748 8.674 8.592 8.503 8.408 8.313 8.206 8.108 8.034 7.970 7.915 7.864 7.819 7.777 7.736 7.695 7.637 7.585 7.557 7.533 7.513 7.495 7.478 7.463 7.448 7.432 7.404 7.381 7.371 7.362 7.352 7.342 7.331 7.319 7.307
6.944 7.003 7.070 7.148 7.227 7.307 7.397 7.494 7.593 7.703 7.824 7.948 8.063 8.136 8.217 8.340 8.456 8.564 8.660 8.749 8.828 8.893 8.939 8.948 8.962 8.998 9.027 9.049 9.062 9.067 9.062 9.046 9.020 8.970 8.913 8.862 8.803 8.735 8.655 8.567 8.472 8.374 8.275 8.167 8.067 7.993 7.931 7.876 7.827 7.783 7.742 7.704 7.666 7.611 7.563 7.538 7.518 7.501 7.485 7.470 7.457 7.443 7.427 7.401 7.377 7.367 7.357 7.347 7.335 7.323 7.311 7.298
6.989 7.051 7.119 7.198 7.279 7.362 7.454 7.549 7.649 7.761 7.886 8.021 8.145 8.220 8.304 8.433 8.551 8.656 8.749 8.833 8.904 8.958 8.993 8.996 9.002 9.029 9.050 9.066 9.075 9.075 9.067 9.049 9.020 8.968 8.909 8.854 8.789 8.715 8.630 8.535 8.435 8.333 8.232 8.122 8.023 7.951 7.890 7.838 7.790 7.748 7.710 7.675 7.639 7.588 7.543 7.522 7.505 7.490 7.476 7.464 7.452 7.438 7.423 7.397 7.374 7.363 7.352 7.340 7.328 7.314 7.301 7.288
7.034 7.097 7.167 7.247 7.329 7.414 7.508 7.605 7.706 7.820 7.953 8.095 8.228 8.305 8.392 8.524 8.638 8.740 8.829 8.907 8.971 9.014 9.040 9.037 9.037 9.055 9.069 9.081 9.084 9.081 9.070 9.050 9.018 8.963 8.899 8.839 8.768 8.688 8.595 8.494 8.389 8.284 8.183 8.074 7.976 7.907 7.848 7.799 7.754 7.715 7.680 7.647 7.615 7.568 7.527 7.508 7.493 7.481 7.468 7.457 7.446 7.433 7.418 7.392 7.369 7.356 7.344 7.332 7.318 7.304 7.291 7.276
