version2/TsunamiDB/out54085.asc
ncols          264
nrows          230
xllcorner      497853.4375
yllcorner      4229146.0000
cellsize         5.
NODATA_value   -99
[rows 34 to 67 of 230, columns 77 to 153 of 264]
4.651 4.685 4.719 4.752 4.784 4.816 4.847 4.877 4.907 4.936 4.965 4.994 5.022 5.050 5.077 5.104 5.131 5.157 5.183 5.209 5.234 5.260 5.285 5.310 5.335 5.359 5.384 5.408 5.432 5.455 5.477 5.499 5.521 5.543 5.564 5.585 5.604 5.623 5.641 5.659 5.675 5.691 5.705 5.719 5.732 5.745 5.757 5.768 5.779 5.790 5.801 5.811 5.821 5.830 5.839 5.850 5.860 5.871 5.882 5.893 5.904 5.916 5.928 5.940 5.953 5.966 5.980 5.994 6.008 6.022 6.037 6.051 6.066 6.081 6.097 6.111 6.124
4.663 4.697 4.731 4.763 4.796 4.828 4.858 4.887 4.917 4.947 4.976 5.004 5.033 5.060 5.088 5.114 5.141 5.167 5.193 5.219 5.244 5.269 5.294 5.319 5.344 5.368 5.393 5.417 5.441 5.464 5.486 5.508 5.531 5.553 5.575 5.596 5.616 5.636 5.655 5.673 5.690 5.706 5.722 5.736 5.750 5.763 5.775 5.787 5.798 5.809 5.819 5.829 5.838 5.847 5.856 5.865 5.875 5.885 5.895 5.906 5.917 5.928 5.939 5.951 5.963 5.975 5.988 6.002 6.015 6.029 6.043 6.058 6.072 6.087 6.102 6.116 6.129
4.676 4.709 4.742 4.775 4.807 4.838 4.868 4.897 4.927 4.957 4.986 5.014 5.042 5.070 5.097 5.124 5.150 5.176 5.202 5.228 5.253 5.278 5.303 5.328 5.352 5.377 5.401 5.425 5.449 5.472 5.494 5.517 5.540 5.562 5.584 5.606 5.627 5.647 5.667 5.686 5.704 5.721 5.737 5.753 5.767 5.781 5.793 5.805 5.817 5.827 5.838 5.848 5.856 5.864 5.873 5.882 5.891 5.901 5.910 5.920 5.930 5.940 5.951 5.962 5.973 5.985 5.998 6.010 6.023 6.036 6.050 6.064 6.078 6.093 6.107 6.121 6.135
4.688 4.721 4.754 4.786 4.817 4.848 4.878 4.907 4.937 4.966 4.995 5.023 5.051 5.079 5.106 5.133 5.159 5.185 5.211 5.237 5.262 5.287 5.311 5.336 5.360 5.385 5.409 5.433 5.457 5.479 5.502 5.525 5.547 5.570 5.593 5.615 5.636 5.657 5.677 5.697 5.716 5.734 5.751 5.768 5.783 5.797 5.811 5.823 5.835 5.846 5.857 5.867 5.875 5.883 5.891 5.900 5.908 5.917 5.926 5.935 5.944 5.954 5.964 5.974 5.985 5.996 6.007 6.019 6.032 6.044 6.058 6.071 6.085 6.099 6.113 6.127 6.140
4.700 4.733 4.765 4.796 4.828 4.858 4.888 4.917 4.946 4.975 5.004 5.032 5.060 5.088 5.115 5.141 5.168 5.194 5.219 5.245 5.270 5.295 5.319 5.344 5.368 5.392 5.416 5.440 5.464 5.487 5.509 5.532 5.555 5.577 5.600 5.622 5.644 5.666 5.687 5.707 5.727 5.746 5.764 5.781 5.797 5.813 5.827 5.840 5.853 5.865 5.875 5.886 5.894 5.902 5.910 5.918 5.926 5.934 5.942 5.951 5.959 5.968 5.977 5.987 5.997 6.007 6.018 6.029 6.041 6.053 6.066 6.078 6.092 6.105 6.119 6.133 6.146
4.712 4.744 4.776 4.807 4.838 4.868 4.898 4.926 4.955 4.984 5.013 5.041 5.068 5.096 5.123 5.149 5.176 5.202 5.227 5.252 5.277 5.302 5.327 5.351 5.375 5.399 5.423 5.447 5.471 5.493 5.515 5.538 5.561 5.584 5.607 5.629 5.651 5.673 5.695 5.716 5.736 5.756 5.775 5.793 5.810 5.827 5.842 5.856 5.870 5.882 5.894 5.904 5.913 5.921 5.929 5.937 5.945 5.952 5.960 5.967 5.975 5.983 5.992 6.001 6.010 6.019 6.029 6.040 6.051 6.062 6.074 6.086 6.099 6.112 6.126 6.139 6.151
4.724 4.756 4.787 4.818 4.848 4.878 4.907 4.935 4.964 4.993 5.021 5.049 5.076 5.104 5.130 5.157 5.183 5.209 5.234 5.260 5.285 5.309 5.334 5.358 5.382 5.406 5.430 5.453 5.477 5.500 5.522 5.544 5.567 5.590 5.613 5.635 5.658 5.680 5.701 5.723 5.744 5.764 5.784 5.803 5.821 5.839 5.855 5.870 5.885 5.898 5.911 5.922 5.932 5.940 5.948 5.956 5.964 5.971 5.978 5.985 5.992 6.000 6.007 6.015 6.024 6.032 6.042 6.051 6.062 6.072 6.083 6.095 6.107 6.120 6.133 6.145 6.157
4.737 4.768 4.798 4.829 4.859 4.888 4.917 4.944 4.973 5.001 5.029 5.057 5.084 5.111 5.138 5.164 5.190 5.216 5.241 5.267 5.292 5.316 5.341 5.365 5.389 5.412 5.436 5.460 5.483 5.506 5.527 5.550 5.573 5.596 5.618 5.641 5.663 5.685 5.707 5.729 5.750 5.771 5.792 5.811 5.830 5.849 5.866 5.883 5.898 5.913 5.926 5.939 5.949 5.958 5.967 5.975 5.983 5.990 5.997 6.004 6.010 6.017 6.024 6.031 6.038 6.046 6.055 6.064 6.073 6.083 6.093 6.104 6.116 6.128 6.140 6.152 6.164
4.750 4.780 4.810 4.840 4.869 4.898 4.926 4.954 4.982 5.010 5.037 5.065 5.092 5.119 5.145 5.171 5.197 5.223 5.248 5.273 5.298 5.323 5.347 5.371 5.395 5.419 5.442 5.465 5.489 5.511 5.533 5.555 5.578 5.601 5.623 5.646 5.668 5.690 5.712 5.734 5.756 5.777 5.798 5.818 5.838 5.857 5.876 5.893 5.910 5.926 5.940 5.954 5.965 5.975 5.985 5.994 6.002 6.009 6.016 6.023 6.029 6.035 6.041 6.048 6.054 6.061 6.069 6.077 6.086 6.095 6.104 6.114 6.125 6.136 6.148 6.160 6.171
4.763 4.792 4.822 4.851 4.880 4.908 4.936 4.963 4.991 5.018 5.045 5.072 5.099 5.126 5.152 5.178 5.204 5.229 5.255 5.280 5.304 5.329 5.353 5.377 5.401 5.424 5.448 5.471 5.494 5.517 5.538 5.561 5.583 5.605 5.628 5.650 5.673 5.695 5.717 5.739 5.760 5.782 5.803 5.824 5.844 5.864 5.883 5.902 5.920 5.936 5.952 5.967 5.980 5.991 6.001 6.011 6.020 6.028 6.035 6.042 6.048 6.054 6.060 6.066 6.072 6.078 6.084 6.091 6.099 6.107 6.116 6.125 6.135 6.146 6.157 6.167 6.178
4.776 4.805 4.834 4.863 4.891 4.919 4.946 4.972 5.000 5.027 5.054 5.080 5.107 5.133 5.159 5.185 5.210 5.236 5.261 5.286 5.310 5.335 5.359 5.383 5.406 5.430 5.453 5.476 5.500 5.522 5.543 5.565 5.588 5.610 5.632 5.655 5.677 5.699 5.721 5.743 5.764 5.786 5.807 5.829 5.849 5.870 5.890 5.909 5.927 5.945 5.962 5.978 5.992 6.004 6.016 6.027 6.037 6.046 6.054 6.061 6.068 6.073 6.079 6.084 6.090 6.095 6.101 6.107 6.114 6.121 6.129 6.137 6.146 6.156 6.166 6.176 6.186
4.790 4.819 4.847 4.875 4.902 4.930 4.956 4.982 5.009 5.036 5.062 5.088 5.114 5.140 5.166 5.191 5.217 5.242 5.267 5.291 5.316 5.340 5.364 5.388 5.412 5.435 5.458 5.481 5.504 5.526 5.548 5.570 5.592 5.614 5.636 5.659 5.681 5.703 5.724 5.746 5.768 5.790 5.811 5.832 5.853 5.874 5.894 5.914 5.933 5.952 5.970 5.987 6.002 6.016 6.029 6.041 6.052 6.062 6.071 6.079 6.086 6.093 6.098 6.104 6.109 6.113 6.119 6.124 6.130 6.136 6.143 6.150 6.158 6.167 6.176 6.185 6.194
4.805 4.833 4.860 4.887 4.914 4.941 4.967 4.993 5.019 5.045 5.071 5.096 5.122 5.148 5.173 5.198 5.223 5.248 5.273 5.297 5.322 5.346 5.370 5.393 5.417 5.440 5.463 5.486 5.509 5.531 5.552 5.574 5.596 5.618 5.640 5.662 5.684 5.706 5.728 5.749 5.771 5.793 5.814 5.835 5.856 5.877 5.898 5.918 5.938 5.957 5.976 5.994 6.010 6.025 6.039 6.053 6.065 6.077 6.087 6.096 6.104 6.111 6.117 6.123 6.128 6.132 6.137 6.142 6.147 6.152 6.158 6.164 6.172 6.179 6.187 6.196 6.204
4.820 4.847 4.874 4.901 4.927 4.953 4.978 5.003 5.029 5.054 5.080 5.105 5.130 5.155 5.180 5.205 5.230 5.254 5.279 5.303 5.327 5.351 5.375 5.398 5.422 5.445 5.468 5.491 5.513 5.535 5.556 5.578 5.600 5.622 5.644 5.666 5.688 5.709 5.731 5.752 5.774 5.795 5.817 5.838 5.859 5.880 5.901 5.921 5.941 5.961 5.980 5.999 6.016 6.032 6.047 6.062 6.076 6.089 6.101 6.111 6.120 6.128 6.135 6.141 6.147 6.152 6.156 6.160 6.165 6.169 6.174 6.180 6.186 6.193 6.200 6.207 6.214
4.836 4.863 4.889 4.915 4.940 4.966 4.990 5.015 5.040 5.064 5.089 5.114 5.139 5.163 5.188 5.212 5.236 5.261 5.285 5.309 5.332 5.356 5.380 5.403 5.426 5.450 5.472 5.495 5.518 5.539 5.560 5.582 5.604 5.626 5.648 5.669 5.691 5.712 5.734 5.755 5.776 5.798 5.819 5.840 5.861 5.882 5.903 5.924 5.944 5.964 5.984 6.003 6.021 6.037 6.054 6.070 6.085 6.099 6.112 6.124 6.134 6.144 6.152 6.159 6.165 6.170 6.175 6.179 6.183 6.187 6.192 6.196 6.201 6.207 6.213 6.219 6.225
4.853 4.879 4.904 4.930 4.955 4.979 5.003 5.027 5.051 5.075 5.099 5.123 5.148 5.172 5.196 5.219 5.243 5.267 5.291 5.314 5.338 5.361 5.385 5.408 5.431 5.454 5.477 5.499 5.522 5.543 5.564 5.586 5.608 5.629 5.651 5.672 5.694 5.715 5.736 5.758 5.779 5.800 5.821 5.842 5.863 5.884 5.905 5.925 5.946 5.966 5.986 6.006 6.024 6.041 6.058 6.075 6.091 6.107 6.121 6.134 6.146 6.157 6.166 6.175 6.182 6.188 6.193 6.198 6.202 6.206 6.210 6.214 6.218 6.223 6.228 6.232 6.238
4.871 4.896 4.921 4.945 4.970 4.994 5.016 5.040 5.063 5.087 5.110 5.134 5.157 5.180 5.204 5.227 5.251 5.274 5.297 5.321 5.344 5.367 5.390 5.413 5.436 5.459 5.481 5.504 5.526 5.547 5.568 5.589 5.611 5.633 5.654 5.675 5.697 5.718 5.739 5.760 5.781 5.802 5.823 5.844 5.865 5.885 5.906 5.927 5.947 5.968 5.988 6.008 6.026 6.044 6.062 6.079 6.096 6.113 6.128 6.142 6.156 6.168 6.179 6.188 6.197 6.204 6.211 6.216 6.221 6.225 6.228 6.232 6.236 6.240 6.243 6.246 6.251
4.889 4.914 4.938 4.962 4.986 5.009 5.031 5.053 5.076 5.099 5.122 5.145 5.167 5.190 5.213 5.236 5.258 5.281 5.304 5.327 5.350 5.372 5.395 5.418 5.440 5.463 5.485 5.508 5.530 5.550 5.571 5.593 5.614 5.636 5.657 5.678 5.700 5.721 5.742 5.762 5.783 5.804 5.825 5.845 5.866 5.887 5.907 5.928 5.948 5.969 5.989 6.009 6.027 6.045 6.064 6.082 6.100 6.117 6.133 6.148 6.163 6.176 6.189 6.200 6.210 6.219 6.226 6.232 6.238 6.242 6.246 6.250 6.253 6.257 6.259 6.262 6.266
4.908 4.932 4.956 4.980 5.003 5.025 5.046 5.068 5.090 5.112 5.134 5.156 5.178 5.200 5.223 5.245 5.267 5.289 5.311 5.334 5.356 5.378 5.401 5.423 5.445 5.468 5.490 5.512 5.534 5.554 5.575 5.596 5.618 5.639 5.660 5.681 5.702 5.723 5.744 5.765 5.785 5.806 5.826 5.847 5.868 5.888 5.908 5.929 5.949 5.970 5.990 6.009 6.027 6.046 6.065 6.084 6.102 6.119 6.137 6.153 6.168 6.183 6.197 6.209 6.221 6.231 6.240 6.247 6.254 6.259 6.264 6.267 6.271 6.274 6.276 6.278 6.281
4.928 4.951 4.975 4.998 5.020 5.042 5.062 5.084 5.105 5.127 5.148 5.169 5.191 5.212 5.233 5.255 5.276 5.298 5.319 5.341 5.363 5.385 5.407 5.428 5.450 5.472 5.494 5.516 5.537 5.557 5.578 5.600 5.621 5.642 5.663 5.684 5.705 5.726 5.746 5.767 5.787 5.808 5.828 5.849 5.869 5.889 5.909 5.930 5.950 5.970 5.990 6.009 6.028 6.047 6.066 6.084 6.103 6.121 6.139 6.156 6.172 6.188 6.203 6.216 6.229 6.240 6.251 6.260 6.267 6.274 6.279 6.284 6.288 6.291 6.294 6.295 6.297
4.948 4.971 4.994 5.017 5.039 5.060 5.080 5.101 5.122 5.142 5.163 5.183 5.204 5.224 5.245 5.265 5.286 5.307 5.328 5.349 5.370 5.391 5.413 5.434 5.456 5.477 5.499 5.521 5.541 5.561 5.582 5.603 5.624 5.645 5.666 5.687 5.707 5.728 5.748 5.769 5.789 5.810 5.830 5.850 5.870 5.890 5.910 5.931 5.951 5.971 5.991 6.010 6.028 6.047 6.066 6.085 6.104 6.122 6.140 6.158 6.175 6.191 6.207 6.222 6.235 6.248 6.260 6.270 6.279 6.287 6.294 6.299 6.304 6.308 6.310 6.312 6.314
4.968 4.991 5.014 5.036 5.058 5.078 5.098 5.119 5.139 5.159 5.179 5.198 5.218 5.238 5.258 5.277 5.297 5.317 5.338 5.358 5.378 5.399 5.420 5.441 5.462 5.483 5.504 5.525 5.545 5.565 5.586 5.607 5.627 5.648 5.669 5.689 5.710 5.730 5.751 5.771 5.791 5.811 5.832 5.852 5.872 5.892 5.911 5.931 5.951 5.971 5.991 6.010 6.028 6.047 6.066 6.085 6.104 6.123 6.141 6.159 6.176 6.193 6.210 6.225 6.240 6.254 6.267 6.278 6.289 6.298 6.306 6.313 6.318 6.323 6.326 6.328 6.330
4.989 5.012 5.034 5.056 5.078 5.098 5.117 5.137 5.157 5.177 5.196 5.215 5.234 5.253 5.272 5.291 5.310 5.329 5.348 5.368 5.387 5.407 5.427 5.448 5.468 5.489 5.509 5.530 5.550 5.570 5.590 5.610 5.631 5.651 5.672 5.692 5.713 5.733 5.753 5.773 5.793 5.813 5.833 5.853 5.873 5.893 5.912 5.932 5.952 5.972 5.991 6.010 6.029 6.047 6.066 6.085 6.104 6.123 6.141 6.160 6.177 6.195 6.212 6.228 6.243 6.258 6.272 6.285 6.296 6.307 6.316 6.324 6.331 6.337 6.341 6.343 6.346
5.009 5.033 5.055 5.077 5.098 5.118 5.137 5.157 5.176 5.195 5.214 5.232 5.251 5.269 5.287 5.305 5.323 5.342 5.360 5.379 5.398 5.417 5.436 5.455 5.475 5.495 5.515 5.536 5.555 5.574 5.594 5.614 5.635 5.655 5.675 5.695 5.715 5.736 5.756 5.776 5.795 5.815 5.835 5.855 5.874 5.894 5.914 5.933 5.953 5.972 5.992 6.011 6.029 6.048 6.066 6.085 6.104 6.123 6.142 6.160 6.178 6.196 6.213 6.230 6.246 6.261 6.276 6.289 6.302 6.314 6.324 6.334 6.342 6.349 6.354 6.357 6.360
5.030 5.053 5.075 5.097 5.119 5.139 5.158 5.177 5.196 5.215 5.233 5.251 5.269 5.286 5.304 5.321 5.338 5.356 5.373 5.391 5.409 5.427 5.446 5.464 5.483 5.502 5.522 5.542 5.561 5.579 5.599 5.619 5.639 5.659 5.679 5.699 5.718 5.738 5.758 5.778 5.798 5.817 5.837 5.857 5.876 5.896 5.915 5.934 5.954 5.973 5.993 6.011 6.029 6.048 6.067 6.086 6.104 6.123 6.142 6.160 6.178 6.196 6.214 6.231 6.247 6.263 6.279 6.293 6.307 6.319 6.331 6.342 6.351 6.359 6.365 6.370 6.374
5.050 5.073 5.096 5.118 5.139 5.159 5.178 5.197 5.216 5.235 5.253 5.270 5.288 5.305 5.322 5.338 5.355 5.371 5.388 5.405 5.422 5.439 5.456 5.474 5.492 5.511 5.529 5.548 5.567 5.585 5.604 5.623 5.643 5.663 5.682 5.702 5.722 5.741 5.761 5.781 5.800 5.820 5.839 5.858 5.878 5.897 5.917 5.936 5.955 5.974 5.994 6.012 6.030 6.049 6.067 6.086 6.105 6.123 6.142 6.160 6.179 6.197 6.214 6.232 6.249 6.265 6.281 6.296 6.310 6.324 6.336 6.348 6.359 6.368 6.375 6.381 6.386
5.069 5.093 5.115 5.137 5.159 5.179 5.198 5.218 5.237 5.255 5.273 5.291 5.308 5.324 5.341 5.357 5.373 5.388 5.404 5.420 5.436 5.452 5.469 5.486 5.503 5.520 5.538 5.556 5.574 5.591 5.610 5.629 5.648 5.667 5.686 5.706 5.725 5.745 5.764 5.783 5.803 5.822 5.841 5.861 5.880 5.899 5.918 5.937 5.957 5.976 5.995 6.013 6.031 6.049 6.068 6.087 6.105 6.124 6.143 6.161 6.179 6.197 6.215 6.233 6.250 6.266 6.283 6.298 6.313 6.328 6.341 6.353 6.365 6.375 6.384 6.391 6.397
5.088 5.112 5.135 5.157 5.179 5.199 5.218 5.238 5.257 5.275 5.293 5.311 5.328 5.344 5.360 5.376 5.392 5.407 5.422 5.437 5.452 5.467 5.483 5.499 5.515 5.531 5.548 5.565 5.582 5.599 5.616 5.635 5.653 5.672 5.691 5.710 5.729 5.748 5.767 5.787 5.806 5.825 5.844 5.863 5.882 5.901 5.920 5.939 5.958 5.977 5.997 6.015 6.032 6.051 6.069 6.088 6.106 6.125 6.143 6.162 6.180 6.198 6.216 6.234 6.251 6.268 6.284 6.300 6.316 6.331 6.345 6.358 6.370 6.382 6.391 6.399 6.407
5.106 5.130 5.153 5.175 5.197 5.218 5.237 5.257 5.277 5.295 5.314 5.331 5.348 5.365 5.381 5.396 5.412 5.426 5.441 5.455 5.470 5.484 5.499 5.513 5.528 5.544 5.559 5.575 5.591 5.607 5.624 5.642 5.659 5.678 5.696 5.715 5.733 5.752 5.771 5.790 5.809 5.828 5.847 5.866 5.885 5.904 5.923 5.942 5.961 5.979 5.998 6.017 6.034 6.052 6.071 6.089 6.108 6.126 6.145 6.163 6.181 6.199 6.217 6.235 6.252 6.269 6.286 6.302 6.318 6.334 6.348 6.362 6.375 6.388 6.398 6.407 6.415
5.124 5.148 5.171 5.193 5.215 5.236 5.256 5.276 5.296 5.315 5.333 5.351 5.369 5.385 5.401 5.417 5.432 5.447 5.461 5.475 5.489 5.502 5.516 5.530 5.544 5.558 5.572 5.587 5.602 5.617 5.633 5.649 5.667 5.684 5.702 5.720 5.738 5.757 5.775 5.794 5.813 5.831 5.850 5.869 5.888 5.907 5.925 5.944 5.963 5.982 6.001 6.019 6.036 6.054 6.072 6.091 6.109 6.128 6.146 6.164 6.183 6.201 6.219 6.236 6.254 6.271 6.288 6.305 6.321 6.336 6.351 6.366 6.380 6.393 6.404 6.414 6.423
5.140 5.164 5.188 5.210 5.233 5.254 5.274 5.294 5.314 5.334 5.352 5.371 5.388 5.405 5.422 5.437 5.453 5.467 5.481 5.495 5.509 5.522 5.535 5.548 5.561 5.574 5.587 5.601 5.615 5.628 5.643 5.659 5.675 5.692 5.709 5.726 5.744 5.762 5.780 5.798 5.817 5.835 5.854 5.872 5.891 5.910 5.928 5.947 5.966 5.985 6.003 6.021 6.038 6.056 6.075 6.093 6.112 6.130 6.148 6.166 6.185 6.203 6.221 6.238 6.256 6.273 6.290 6.307 6.323 6.339 6.355 6.370 6.384 6.398 6.410 6.420 6.430
5.156 5.181 5.204 5.227 5.249 5.270 5.291 5.311 5.332 5.351 5.371 5.389 5.407 5.425 5.441 5.458 5.473 5.488 5.502 5.516 5.529 5.542 5.555 5.567 5.579 5.592 5.604 5.617 5.629 5.641 5.655 5.670 5.685 5.700 5.716 5.733 5.750 5.767 5.785 5.803 5.821 5.839 5.858 5.876 5.895 5.913 5.932 5.950 5.969 5.988 6.006 6.024 6.041 6.059 6.077 6.096 6.114 6.132 6.151 6.169 6.187 6.205 6.223 6.241 6.258 6.276 6.293 6.310 6.326 6.342 6.358 6.374 6.389 6.403 6.415 6.426 6.437
5.172 5.196 5.220 5.243 5.265 5.286 5.307 5.328 5.348 5.368 5.388 5.407 5.425 5.443 5.460 5.477 5.493 5.508 5.523 5.537 5.550 5.563 5.576 5.588 5.599 5.611 5.623 5.634 5.645 5.657 5.669 5.682 5.696 5.711 5.726 5.741 5.757 5.774 5.791 5.809 5.826 5.844 5.862 5.880 5.899 5.917 5.936 5.954 5.973 5.991 6.010 6.027 6.044 6.062 6.080 6.099 6.117 6.135 6.153 6.172 6.190 6.208 6.226 6.243 6.261 6.279 6.296 6.313 6.330 6.346 6.362 6.378 6.393 6.408 6.420 6.432 6.444
5.187 5.211 5.235 5.258 5.280 5.301 5.322 5.343 5.364 5.384 5.404 5.424 5.442 5.461 5.478 5.496 5.512 5.528 5.543 5.557 5.571 5.584 5.597 5.609 5.620 5.632 5.643 5.653 5.663 5.674 5.685 5.697 5.709 5.723 5.736 5.751 5.766 5.782 5.798 5.815 5.832 5.849 5.867 5.885 5.903 5.921 5.940 5.958 5.977 5.995 6.013 6.031 6.048 6.066 6.084 6.102 6.120 6.139 6.157 6.175 6.193 6.211 6.229 6.247 6.264 6.282 6.299 6.316 6.333 6.350 6.366 6.382 6.398 6.413 6.426 6.438 6.451
