version2/TsunamiDB/out54082.asc
ncols          264
nrows          230
xllcorner      497853.4375
yllcorner      4229146.0000
cellsize         5.
NODATA_value   -99
[rows 68 to 101 of 230, columns 152 to 227 of 264]
6.414 6.424 6.434 6.442 6.450 6.457 6.463 6.469 6.473 6.477 6.481 6.485 6.489 6.493 6.497 6.503 6.509 6.515 6.523 6.531 6.541 6.549 6.558 6.567 6.577 6.588 6.598 6.609 6.620 6.631 6.643 6.655 6.666 6.678 6.691 6.704 6.717 6.730 6.743 6.757 6.771 6.786 6.800 6.815 6.829 6.842 6.856 6.869 6.883 6.897 6.911 6.926 6.940 6.955 6.970 6.985 7.000 7.015 7.030 7.045 7.061 7.076 7.092 7.108 7.125 7.143 7.162 7.181 7.199 7.218 7.235 7.249 7.258 7.261 7.266 7.282
6.425 6.436 6.447 6.456 6.465 6.473 6.480 6.486 6.491 6.496 6.501 6.505 6.509 6.513 6.517 6.522 6.528 6.534 6.541 6.549 6.558 6.566 6.574 6.584 6.593 6.603 6.614 6.625 6.636 6.647 6.658 6.669 6.681 6.693 6.705 6.718 6.731 6.744 6.758 6.772 6.786 6.800 6.815 6.830 6.845 6.858 6.872 6.886 6.901 6.915 6.930 6.944 6.959 6.974 6.990 7.005 7.020 7.036 7.051 7.067 7.083 7.099 7.115 7.131 7.148 7.166 7.185 7.204 7.223 7.241 7.259 7.273 7.282 7.285 7.290 7.306
6.436 6.448 6.459 6.469 6.479 6.488 6.496 6.503 6.509 6.515 6.520 6.524 6.528 6.533 6.537 6.542 6.547 6.553 6.560 6.567 6.576 6.584 6.592 6.601 6.610 6.620 6.630 6.641 6.652 6.663 6.674 6.685 6.697 6.709 6.721 6.733 6.746 6.759 6.773 6.787 6.801 6.816 6.831 6.846 6.861 6.875 6.889 6.903 6.918 6.933 6.948 6.963 6.979 6.994 7.010 7.025 7.041 7.057 7.073 7.089 7.105 7.121 7.137 7.154 7.171 7.189 7.208 7.227 7.246 7.265 7.283 7.297 7.306 7.310 7.315 7.331
6.446 6.459 6.471 6.482 6.492 6.502 6.511 6.519 6.526 6.532 6.538 6.543 6.548 6.552 6.557 6.562 6.567 6.572 6.579 6.586 6.594 6.602 6.609 6.618 6.627 6.637 6.647 6.658 6.669 6.680 6.691 6.702 6.713 6.725 6.737 6.749 6.762 6.775 6.789 6.803 6.817 6.832 6.847 6.862 6.877 6.892 6.906 6.921 6.936 6.951 6.967 6.982 6.998 7.014 7.030 7.046 7.062 7.078 7.094 7.110 7.127 7.143 7.159 7.176 7.194 7.212 7.231 7.250 7.269 7.288 7.306 7.321 7.330 7.335 7.340 7.356
6.457 6.470 6.482 6.494 6.505 6.516 6.525 6.534 6.542 6.549 6.556 6.561 6.567 6.572 6.576 6.581 6.586 6.592 6.598 6.605 6.612 6.620 6.627 6.636 6.645 6.655 6.665 6.675 6.686 6.697 6.708 6.719 6.730 6.742 6.754 6.766 6.779 6.792 6.805 6.819 6.833 6.848 6.864 6.879 6.894 6.909 6.924 6.939 6.954 6.970 6.985 7.001 7.017 7.034 7.050 7.066 7.083 7.099 7.116 7.132 7.148 7.165 7.181 7.198 7.216 7.234 7.253 7.272 7.291 7.310 7.329 7.345 7.355 7.359 7.364 7.381
6.466 6.480 6.493 6.505 6.517 6.528 6.539 6.548 6.557 6.565 6.572 6.579 6.585 6.590 6.595 6.601 6.606 6.611 6.617 6.624 6.631 6.638 6.645 6.653 6.662 6.672 6.682 6.693 6.703 6.714 6.725 6.737 6.748 6.759 6.771 6.783 6.796 6.809 6.822 6.836 6.850 6.865 6.881 6.896 6.912 6.926 6.941 6.957 6.972 6.988 7.004 7.021 7.037 7.053 7.070 7.087 7.103 7.120 7.137 7.153 7.170 7.186 7.203 7.220 7.238 7.256 7.275 7.294 7.313 7.333 7.352 7.368 7.378 7.382 7.388 7.406
6.476 6.490 6.504 6.517 6.529 6.541 6.552 6.562 6.572 6.581 6.589 6.596 6.602 6.608 6.614 6.619 6.625 6.630 6.636 6.642 6.650 6.656 6.663 6.671 6.680 6.690 6.700 6.710 6.721 6.732 6.743 6.754 6.766 6.777 6.789 6.801 6.814 6.826 6.840 6.854 6.868 6.883 6.898 6.914 6.929 6.944 6.959 6.975 6.991 7.007 7.023 7.040 7.056 7.073 7.090 7.107 7.124 7.141 7.158 7.175 7.191 7.208 7.225 7.242 7.259 7.278 7.296 7.315 7.335 7.354 7.374 7.390 7.401 7.406 7.413 7.430
6.486 6.500 6.514 6.528 6.541 6.553 6.565 6.576 6.586 6.595 6.604 6.612 6.619 6.626 6.632 6.638 6.644 6.649 6.655 6.661 6.668 6.675 6.681 6.689 6.698 6.707 6.717 6.727 6.738 6.749 6.761 6.772 6.784 6.795 6.807 6.819 6.832 6.845 6.858 6.872 6.886 6.901 6.916 6.932 6.947 6.962 6.978 6.993 7.009 7.026 7.042 7.059 7.076 7.093 7.110 7.127 7.144 7.162 7.179 7.196 7.213 7.229 7.246 7.263 7.280 7.298 7.317 7.336 7.356 7.376 7.396 7.412 7.424 7.429 7.436 7.455
6.495 6.510 6.524 6.538 6.552 6.565 6.577 6.589 6.600 6.610 6.619 6.628 6.636 6.643 6.650 6.656 6.662 6.668 6.674 6.680 6.687 6.693 6.699 6.707 6.715 6.724 6.734 6.745 6.756 6.767 6.778 6.790 6.802 6.813 6.825 6.838 6.850 6.863 6.876 6.890 6.904 6.919 6.934 6.950 6.965 6.980 6.996 7.012 7.028 7.045 7.061 7.078 7.095 7.112 7.130 7.147 7.164 7.182 7.199 7.216 7.233 7.250 7.267 7.283 7.301 7.319 7.337 7.357 7.376 7.397 7.417 7.434 7.445 7.451 7.458 7.478
6.504 6.519 6.534 6.548 6.562 6.576 6.589 6.601 6.613 6.623 6.634 6.643 6.652 6.659 6.667 6.673 6.680 6.686 6.692 6.698 6.705 6.711 6.717 6.724 6.732 6.741 6.751 6.762 6.772 6.784 6.795 6.807 6.819 6.831 6.843 6.856 6.868 6.881 6.894 6.908 6.922 6.937 6.953 6.969 6.983 6.999 7.014 7.030 7.047 7.063 7.080 7.097 7.114 7.132 7.149 7.167 7.184 7.202 7.220 7.237 7.254 7.271 7.287 7.304 7.321 7.339 7.357 7.376 7.396 7.417 7.437 7.453 7.465 7.471 7.481 7.502
6.513 6.529 6.544 6.559 6.573 6.587 6.600 6.613 6.625 6.637 6.647 6.657 6.667 6.675 6.683 6.691 6.697 6.704 6.710 6.717 6.723 6.729 6.735 6.742 6.750 6.758 6.768 6.778 6.789 6.800 6.812 6.824 6.836 6.849 6.861 6.874 6.886 6.899 6.913 6.927 6.941 6.956 6.971 6.987 7.002 7.017 7.033 7.049 7.065 7.082 7.099 7.116 7.133 7.151 7.168 7.186 7.204 7.222 7.239 7.257 7.274 7.291 7.307 7.324 7.340 7.358 7.376 7.395 7.415 7.436 7.455 7.472 7.484 7.492 7.503 7.526
6.522 6.538 6.553 6.568 6.583 6.597 6.611 6.625 6.637 6.649 6.661 6.671 6.681 6.691 6.699 6.707 6.714 6.721 6.728 6.735 6.741 6.747 6.753 6.759 6.767 6.775 6.785 6.795 6.805 6.817 6.828 6.841 6.853 6.865 6.878 6.891 6.904 6.917 6.931 6.945 6.959 6.974 6.990 7.005 7.020 7.035 7.051 7.067 7.084 7.100 7.117 7.135 7.152 7.170 7.187 7.205 7.223 7.241 7.259 7.277 7.294 7.311 7.327 7.343 7.359 7.377 7.395 7.413 7.433 7.453 7.472 7.489 7.502 7.512 7.525 7.550
6.531 6.547 6.562 6.578 6.593 6.608 6.622 6.636 6.649 6.662 6.674 6.685 6.695 6.705 6.714 6.723 6.731 6.738 6.745 6.752 6.759 6.764 6.770 6.776 6.784 6.792 6.801 6.811 6.821 6.833 6.844 6.857 6.869 6.882 6.895 6.908 6.921 6.935 6.949 6.963 6.977 6.992 7.008 7.023 7.038 7.053 7.069 7.086 7.102 7.119 7.136 7.153 7.171 7.188 7.206 7.224 7.242 7.260 7.278 7.296 7.313 7.330 7.346 7.362 7.378 7.395 7.412 7.430 7.450 7.469 7.488 7.506 7.520 7.533 7.549 7.575
6.539 6.555 6.571 6.587 6.603 6.618 6.632 6.647 6.660 6.673 6.686 6.698 6.709 6.719 6.729 6.738 6.747 6.755 6.762 6.770 6.776 6.782 6.787 6.794 6.801 6.809 6.817 6.827 6.837 6.848 6.860 6.872 6.885 6.898 6.911 6.925 6.938 6.952 6.966 6.980 6.995 7.010 7.026 7.041 7.056 7.071 7.087 7.104 7.120 7.137 7.154 7.171 7.189 7.207 7.225 7.243 7.261 7.279 7.297 7.315 7.332 7.349 7.365 7.381 7.396 7.412 7.429 7.446 7.464 7.484 7.503 7.522 7.538 7.554 7.573 7.602
6.547 6.564 6.580 6.596 6.612 6.627 6.643 6.657 6.671 6.685 6.698 6.710 6.722 6.733 6.743 6.753 6.762 6.771 6.779 6.786 6.793 6.799 6.804 6.811 6.818 6.825 6.834 6.843 6.853 6.864 6.876 6.888 6.900 6.914 6.927 6.941 6.954 6.968 6.983 6.997 7.012 7.027 7.043 7.058 7.073 7.089 7.105 7.121 7.138 7.155 7.172 7.189 7.207 7.225 7.243 7.261 7.279 7.297 7.316 7.334 7.351 7.368 7.384 7.398 7.413 7.428 7.444 7.460 7.478 7.497 7.517 7.537 7.556 7.575 7.597 7.629
6.555 6.572 6.589 6.605 6.621 6.637 6.652 6.667 6.682 6.696 6.709 6.722 6.734 6.746 6.757 6.767 6.777 6.786 6.794 6.803 6.809 6.815 6.821 6.827 6.834 6.842 6.850 6.859 6.869 6.879 6.891 6.903 6.915 6.929 6.942 6.956 6.970 6.984 6.999 7.013 7.028 7.044 7.060 7.075 7.090 7.106 7.122 7.139 7.155 7.172 7.190 7.207 7.225 7.242 7.260 7.279 7.297 7.315 7.334 7.352 7.370 7.386 7.402 7.416 7.429 7.444 7.458 7.474 7.491 7.510 7.531 7.553 7.575 7.596 7.621 7.656
6.563 6.580 6.597 6.614 6.630 6.646 6.662 6.677 6.692 6.706 6.720 6.733 6.746 6.758 6.770 6.781 6.791 6.801 6.809 6.818 6.825 6.831 6.838 6.844 6.851 6.858 6.866 6.874 6.884 6.894 6.906 6.917 6.930 6.943 6.957 6.971 6.985 6.999 7.014 7.029 7.044 7.060 7.076 7.092 7.107 7.123 7.139 7.155 7.172 7.189 7.207 7.224 7.242 7.260 7.278 7.296 7.314 7.333 7.351 7.370 7.387 7.404 7.419 7.432 7.445 7.458 7.472 7.486 7.503 7.522 7.544 7.568 7.593 7.618 7.646 7.683
6.571 6.588 6.605 6.622 6.638 6.655 6.671 6.686 6.702 6.716 6.731 6.744 6.758 6.770 6.782 6.794 6.804 6.814 6.824 6.833 6.841 6.847 6.853 6.860 6.867 6.874 6.881 6.890 6.899 6.909 6.920 6.932 6.944 6.957 6.971 6.985 6.999 7.014 7.029 7.044 7.059 7.075 7.091 7.107 7.123 7.139 7.155 7.172 7.189 7.206 7.223 7.241 7.259 7.277 7.295 7.313 7.332 7.350 7.369 7.387 7.405 7.421 7.436 7.448 7.459 7.471 7.484 7.497 7.514 7.533 7.557 7.584 7.611 7.639 7.670 7.709
6.578 6.596 6.613 6.630 6.647 6.663 6.680 6.695 6.711 6.726 6.741 6.755 6.768 6.781 6.794 6.806 6.817 6.828 6.838 6.847 6.855 6.862 6.869 6.875 6.882 6.889 6.897 6.905 6.914 6.924 6.935 6.946 6.958 6.971 6.985 6.999 7.013 7.028 7.043 7.058 7.074 7.090 7.106 7.122 7.138 7.154 7.170 7.187 7.204 7.222 7.239 7.257 7.275 7.293 7.311 7.330 7.348 7.367 7.386 7.404 7.422 7.438 7.452 7.462 7.472 7.484 7.496 7.509 7.525 7.545 7.571 7.599 7.630 7.660 7.694 7.735
6.586 6.603 6.621 6.638 6.655 6.672 6.688 6.704 6.720 6.735 6.750 6.765 6.779 6.792 6.805 6.817 6.829 6.840 6.851 6.861 6.869 6.876 6.884 6.890 6.897 6.905 6.912 6.920 6.929 6.938 6.949 6.960 6.972 6.985 6.998 7.012 7.026 7.041 7.056 7.072 7.087 7.103 7.120 7.136 7.152 7.168 7.185 7.202 7.219 7.237 7.255 7.272 7.290 7.309 7.327 7.345 7.364 7.383 7.402 7.420 7.438 7.454 7.467 7.477 7.485 7.497 7.508 7.521 7.537 7.558 7.585 7.614 7.646 7.680 7.718 7.762
6.593 6.611 6.628 6.646 6.663 6.680 6.696 6.713 6.729 6.744 6.759 6.774 6.789 6.802 6.816 6.828 6.840 6.852 6.863 6.873 6.882 6.890 6.898 6.905 6.912 6.919 6.927 6.935 6.943 6.952 6.963 6.973 6.985 6.998 7.011 7.025 7.039 7.054 7.069 7.085 7.100 7.117 7.133 7.150 7.166 7.182 7.199 7.216 7.233 7.251 7.269 7.287 7.305 7.323 7.342 7.361 7.379 7.398 7.417 7.436 7.453 7.469 7.481 7.490 7.499 7.509 7.520 7.533 7.550 7.572 7.598 7.629 7.663 7.701 7.745 7.790
6.601 6.618 6.636 6.653 6.671 6.688 6.704 6.721 6.737 6.753 6.768 6.783 6.798 6.812 6.826 6.839 6.851 6.863 6.874 6.885 6.895 6.903 6.911 6.918 6.926 6.933 6.941 6.949 6.957 6.966 6.976 6.987 6.998 7.010 7.023 7.037 7.051 7.066 7.081 7.097 7.113 7.129 7.146 7.162 7.178 7.195 7.212 7.229 7.247 7.265 7.283 7.301 7.319 7.338 7.356 7.375 7.394 7.413 7.432 7.450 7.468 7.483 7.495 7.504 7.512 7.522 7.533 7.545 7.562 7.585 7.611 7.643 7.680 7.724 7.772 7.819
6.608 6.626 6.643 6.661 6.678 6.695 6.712 6.729 6.745 6.761 6.777 6.792 6.807 6.821 6.835 6.848 6.861 6.874 6.885 6.897 6.907 6.915 6.924 6.931 6.939 6.947 6.954 6.962 6.971 6.980 6.989 7.000 7.011 7.023 7.036 7.049 7.063 7.078 7.093 7.108 7.124 7.141 7.157 7.174 7.190 7.207 7.224 7.241 7.259 7.277 7.295 7.314 7.332 7.351 7.370 7.388 7.408 7.427 7.446 7.464 7.482 7.497 7.509 7.517 7.525 7.535 7.546 7.558 7.575 7.598 7.625 7.658 7.699 7.747 7.800 7.850
6.615 6.633 6.651 6.668 6.686 6.703 6.720 6.737 6.753 6.769 6.785 6.800 6.815 6.830 6.844 6.858 6.871 6.884 6.896 6.907 6.918 6.927 6.935 6.944 6.952 6.959 6.967 6.975 6.984 6.992 7.002 7.012 7.023 7.035 7.047 7.060 7.074 7.089 7.104 7.119 7.135 7.152 7.168 7.185 7.201 7.218 7.235 7.252 7.270 7.289 7.307 7.325 7.344 7.363 7.382 7.401 7.420 7.439 7.458 7.477 7.495 7.510 7.522 7.530 7.538 7.548 7.558 7.570 7.588 7.611 7.639 7.674 7.719 7.773 7.831 7.883
6.622 6.640 6.658 6.676 6.693 6.711 6.728 6.744 6.761 6.777 6.793 6.808 6.824 6.838 6.853 6.867 6.880 6.893 6.905 6.917 6.928 6.938 6.946 6.955 6.963 6.972 6.980 6.988 6.996 7.005 7.014 7.024 7.035 7.046 7.059 7.072 7.085 7.100 7.114 7.130 7.146 7.162 7.179 7.195 7.211 7.228 7.245 7.263 7.281 7.299 7.318 7.336 7.355 7.374 7.393 7.412 7.431 7.451 7.470 7.489 7.507 7.523 7.535 7.543 7.550 7.560 7.571 7.583 7.600 7.624 7.653 7.691 7.740 7.800 7.865 7.919
6.630 6.648 6.665 6.683 6.701 6.718 6.735 6.752 6.769 6.785 6.801 6.816 6.832 6.846 6.861 6.875 6.889 6.902 6.914 6.927 6.938 6.948 6.957 6.966 6.975 6.983 6.991 7.000 7.008 7.017 7.026 7.036 7.046 7.057 7.069 7.082 7.096 7.110 7.124 7.140 7.155 7.171 7.188 7.204 7.221 7.237 7.254 7.272 7.290 7.308 7.327 7.346 7.365 7.383 7.402 7.422 7.441 7.461 7.480 7.500 7.518 7.534 7.546 7.554 7.561 7.572 7.583 7.595 7.613 7.638 7.669 7.710 7.765 7.831 7.900 7.956
6.637 6.655 6.673 6.690 6.708 6.725 6.743 6.759 6.776 6.792 6.808 6.824 6.839 6.854 6.869 6.883 6.897 6.910 6.923 6.936 6.947 6.957 6.967 6.976 6.985 6.994 7.002 7.011 7.019 7.028 7.037 7.047 7.057 7.068 7.080 7.093 7.106 7.120 7.134 7.149 7.165 7.181 7.197 7.213 7.229 7.246 7.263 7.280 7.298 7.317 7.335 7.354 7.373 7.392 7.411 7.430 7.450 7.470 7.490 7.509 7.528 7.545 7.557 7.565 7.572 7.583 7.594 7.607 7.626 7.653 7.686 7.731 7.790 7.860 7.935 7.994
6.645 6.662 6.680 6.698 6.715 6.733 6.750 6.767 6.783 6.800 6.816 6.831 6.847 6.862 6.876 6.891 6.905 6.918 6.931 6.944 6.956 6.966 6.976 6.986 6.995 7.004 7.013 7.021 7.030 7.039 7.048 7.058 7.068 7.079 7.090 7.102 7.115 7.129 7.143 7.158 7.173 7.189 7.206 7.221 7.237 7.253 7.270 7.288 7.306 7.324 7.343 7.362 7.380 7.399 7.418 7.437 7.457 7.477 7.497 7.518 7.537 7.554 7.567 7.575 7.582 7.593 7.605 7.619 7.639 7.667 7.704 7.754 7.817 7.892 7.973 8.034
6.652 6.670 6.688 6.705 6.723 6.740 6.757 6.774 6.791 6.807 6.823 6.839 6.854 6.869 6.884 6.898 6.912 6.926 6.939 6.952 6.964 6.974 6.985 6.995 7.004 7.013 7.023 7.031 7.040 7.049 7.058 7.068 7.078 7.089 7.100 7.112 7.125 7.138 7.152 7.167 7.182 7.198 7.213 7.229 7.244 7.260 7.277 7.295 7.313 7.331 7.349 7.368 7.386 7.405 7.424 7.443 7.463 7.483 7.504 7.525 7.544 7.561 7.574 7.582 7.589 7.602 7.616 7.630 7.653 7.684 7.725 7.779 7.846 7.930 8.016 8.076
6.660 6.677 6.695 6.713 6.730 6.747 6.765 6.781 6.798 6.814 6.830 6.846 6.861 6.876 6.891 6.905 6.920 6.933 6.947 6.960 6.972 6.982 6.993 7.003 7.013 7.023 7.032 7.041 7.050 7.059 7.068 7.078 7.088 7.098 7.109 7.121 7.134 7.147 7.161 7.175 7.190 7.205 7.221 7.236 7.251 7.267 7.284 7.301 7.318 7.337 7.355 7.373 7.391 7.410 7.429 7.448 7.468 7.488 7.509 7.530 7.550 7.567 7.579 7.587 7.596 7.611 7.627 7.643 7.668 7.703 7.749 7.808 7.883 7.971 8.057 8.116
6.667 6.685 6.702 6.720 6.737 6.755 6.772 6.789 6.805 6.822 6.838 6.853 6.869 6.884 6.898 6.913 6.927 6.941 6.954 6.967 6.979 6.990 7.001 7.011 7.021 7.031 7.041 7.050 7.059 7.068 7.078 7.087 7.097 7.107 7.118 7.130 7.142 7.155 7.169 7.183 7.197 7.213 7.228 7.242 7.257 7.273 7.289 7.306 7.324 7.342 7.360 7.377 7.395 7.414 7.432 7.451 7.471 7.492 7.513 7.534 7.553 7.570 7.582 7.592 7.603 7.621 7.639 7.659 7.688 7.727 7.777 7.842 7.922 8.011 8.097 8.156
6.674 6.692 6.709 6.727 6.744 6.762 6.779 6.796 6.812 6.829 6.845 6.860 6.876 6.891 6.905 6.920 6.934 6.948 6.962 6.975 6.986 6.997 7.008 7.019 7.029 7.039 7.049 7.059 7.068 7.077 7.087 7.096 7.106 7.116 7.127 7.139 7.151 7.163 7.177 7.190 7.205 7.220 7.234 7.248 7.263 7.279 7.294 7.311 7.328 7.346 7.363 7.381 7.399 7.417 7.435 7.454 7.474 7.494 7.515 7.536 7.555 7.571 7.585 7.596 7.610 7.631 7.653 7.677 7.710 7.753 7.809 7.878 7.960 8.049 8.135 8.194
6.681 6.698 6.716 6.734 6.751 6.768 6.786 6.802 6.819 6.835 6.851 6.867 6.882 6.897 6.912 6.926 6.941 6.955 6.969 6.981 6.993 7.004 7.015 7.026 7.037 7.047 7.057 7.067 7.076 7.086 7.095 7.105 7.115 7.125 7.135 7.147 7.159 7.171 7.184 7.198 7.212 7.226 7.240 7.254 7.269 7.284 7.299 7.315 7.332 7.349 7.367 7.384 7.402 7.419 7.437 7.456 7.475 7.495 7.516 7.536 7.554 7.571 7.587 7.601 7.619 7.644 7.670 7.699 7.736 7.784 7.843 7.913 7.996 8.085 8.172 8.231
6.688 6.705 6.722 6.740 6.757 6.775 6.792 6.809 6.826 6.842 6.858 6.874 6.889 6.904 6.919 6.933 6.947 6.961 6.975 6.988 7.000 7.011 7.022 7.033 7.044 7.055 7.065 7.075 7.084 7.094 7.103 7.113 7.123 7.133 7.143 7.154 7.166 7.178 7.191 7.204 7.218 7.232 7.246 7.260 7.274 7.288 7.303 7.319 7.336 7.352 7.370 7.387 7.404 7.421 7.439 7.457 7.475 7.495 7.514 7.534 7.553 7.571 7.589 7.608 7.630 7.658 7.689 7.723 7.766 7.818 7.877 7.947 8.030 8.119 8.209 8.268
