version2/TsunamiDB/out54138.asc
ncols          264
nrows          230
xllcorner      497853.4375
yllcorner      4229146.0000
cellsize         5.
NODATA_value   -99
[rows 0 to 33 of 230, columns 77 to 153 of 264]
5.665 5.677 5.690 5.702 5.715 5.727 5.740 5.753 5.765 5.777 5.788 5.799 5.811 5.823 5.834 5.846 5.858 5.869 5.881 5.892 5.904 5.915 5.926 5.938 5.949 5.960 5.972 5.984 5.995 6.007 6.020 6.032 6.044 6.055 6.066 6.077 6.089 6.100 6.112 6.124 6.135 6.147 6.158 6.170 6.181 6.192 6.204 6.215 6.226 6.237 6.247 6.258 6.269 6.281 6.291 6.301 6.311 6.321 6.330 6.340 6.349 6.359 6.368 6.377 6.387 6.396 6.405 6.414 6.423 6.432 6.440 6.449 6.457 6.465 6.473 6.481 6.489
5.672 5.684 5.696 5.708 5.720 5.732 5.744 5.757 5.769 5.780 5.791 5.802 5.814 5.825 5.837 5.848 5.859 5.871 5.882 5.893 5.904 5.915 5.927 5.938 5.949 5.960 5.971 5.982 5.994 6.006 6.018 6.030 6.041 6.052 6.063 6.075 6.086 6.098 6.110 6.121 6.133 6.145 6.157 6.168 6.180 6.191 6.202 6.214 6.225 6.236 6.247 6.258 6.269 6.280 6.291 6.301 6.311 6.320 6.330 6.340 6.349 6.359 6.368 6.377 6.387 6.396 6.405 6.414 6.423 6.432 6.441 6.449 6.458 6.466 6.474 6.482 6.491
5.679 5.690 5.702 5.714 5.725 5.737 5.749 5.762 5.773 5.784 5.795 5.806 5.817 5.828 5.839 5.850 5.862 5.873 5.884 5.895 5.906 5.917 5.927 5.938 5.949 5.960 5.971 5.982 5.993 6.005 6.016 6.028 6.039 6.049 6.061 6.072 6.083 6.095 6.107 6.118 6.130 6.142 6.154 6.166 6.177 6.189 6.201 6.212 6.223 6.235 6.246 6.257 6.268 6.280 6.290 6.300 6.310 6.320 6.330 6.339 6.349 6.358 6.368 6.377 6.386 6.396 6.405 6.414 6.423 6.432 6.441 6.450 6.458 6.467 6.475 6.483 6.492
5.686 5.698 5.709 5.720 5.732 5.743 5.755 5.767 5.778 5.788 5.799 5.810 5.821 5.831 5.842 5.853 5.864 5.875 5.886 5.897 5.908 5.918 5.929 5.939 5.950 5.960 5.971 5.981 5.992 6.003 6.015 6.026 6.036 6.047 6.058 6.069 6.080 6.091 6.103 6.115 6.127 6.139 6.151 6.163 6.174 6.186 6.198 6.209 6.221 6.232 6.244 6.255 6.267 6.278 6.289 6.299 6.309 6.319 6.329 6.338 6.348 6.358 6.367 6.377 6.386 6.395 6.405 6.414 6.423 6.432 6.441 6.450 6.458 6.467 6.475 6.484 6.492
5.694 5.705 5.716 5.727 5.738 5.750 5.761 5.772 5.783 5.793 5.804 5.814 5.825 5.835 5.846 5.857 5.868 5.878 5.889 5.899 5.910 5.920 5.931 5.941 5.951 5.961 5.971 5.982 5.992 6.003 6.014 6.025 6.034 6.045 6.055 6.066 6.077 6.088 6.099 6.111 6.123 6.135 6.147 6.159 6.171 6.183 6.194 6.206 6.218 6.230 6.241 6.253 6.264 6.276 6.287 6.297 6.307 6.317 6.327 6.337 6.347 6.356 6.366 6.375 6.385 6.394 6.404 6.413 6.422 6.431 6.440 6.449 6.458 6.467 6.475 6.484 6.492
5.703 5.713 5.724 5.735 5.746 5.756 5.767 5.779 5.789 5.799 5.809 5.819 5.830 5.840 5.850 5.861 5.871 5.882 5.892 5.903 5.913 5.923 5.933 5.943 5.953 5.963 5.973 5.983 5.993 6.003 6.014 6.024 6.033 6.043 6.053 6.063 6.074 6.085 6.096 6.107 6.119 6.131 6.142 6.154 6.166 6.178 6.190 6.202 6.214 6.226 6.238 6.249 6.261 6.273 6.284 6.295 6.305 6.315 6.325 6.335 6.345 6.355 6.364 6.374 6.384 6.393 6.403 6.412 6.421 6.430 6.439 6.448 6.457 6.466 6.475 6.483 6.492
5.711 5.722 5.732 5.743 5.753 5.764 5.775 5.785 5.796 5.805 5.815 5.825 5.835 5.845 5.855 5.865 5.876 5.886 5.896 5.906 5.916 5.926 5.936 5.946 5.956 5.965 5.975 5.985 5.994 6.004 6.014 6.024 6.033 6.042 6.051 6.061 6.071 6.082 6.092 6.103 6.115 6.126 6.138 6.150 6.162 6.174 6.186 6.198 6.210 6.221 6.233 6.245 6.257 6.269 6.281 6.291 6.302 6.312 6.322 6.332 6.342 6.352 6.362 6.372 6.382 6.391 6.401 6.410 6.420 6.429 6.438 6.447 6.456 6.465 6.474 6.482 6.491
5.720 5.730 5.741 5.751 5.761 5.771 5.782 5.793 5.803 5.812 5.821 5.831 5.841 5.851 5.860 5.870 5.880 5.891 5.900 5.910 5.920 5.930 5.940 5.949 5.959 5.968 5.978 5.987 5.996 6.006 6.016 6.025 6.033 6.042 6.051 6.060 6.070 6.080 6.090 6.100 6.111 6.122 6.134 6.145 6.157 6.169 6.181 6.193 6.204 6.216 6.228 6.240 6.252 6.265 6.276 6.287 6.298 6.308 6.319 6.329 6.339 6.349 6.359 6.369 6.379 6.389 6.398 6.408 6.417 6.427 6.436 6.445 6.454 6.463 6.472 6.481 6.490
5.728 5.739 5.749 5.759 5.769 5.779 5.790 5.800 5.810 5.819 5.828 5.838 5.847 5.857 5.866 5.876 5.886 5.896 5.905 5.915 5.925 5.934 5.944 5.953 5.963 5.972 5.981 5.990 5.999 6.008 6.018 6.027 6.035 6.043 6.051 6.060 6.069 6.078 6.088 6.098 6.108 6.119 6.130 6.141 6.152 6.164 6.176 6.187 6.199 6.211 6.223 6.235 6.247 6.260 6.271 6.282 6.293 6.304 6.314 6.325 6.335 6.345 6.355 6.366 6.376 6.385 6.395 6.405 6.415 6.424 6.433 6.443 6.452 6.461 6.470 6.479 6.488
5.737 5.747 5.757 5.767 5.777 5.788 5.798 5.808 5.818 5.826 5.835 5.844 5.854 5.863 5.873 5.882 5.892 5.901 5.911 5.920 5.930 5.939 5.948 5.958 5.967 5.976 5.985 5.994 6.003 6.012 6.021 6.029 6.037 6.045 6.053 6.061 6.069 6.078 6.087 6.097 6.106 6.116 6.127 6.137 6.148 6.160 6.171 6.182 6.194 6.206 6.218 6.230 6.242 6.254 6.266 6.277 6.288 6.299 6.309 6.320 6.330 6.341 6.351 6.361 6.372 6.382 6.392 6.401 6.411 6.421 6.430 6.439 6.449 6.458 6.467 6.476 6.485
5.745 5.755 5.765 5.776 5.786 5.796 5.806 5.816 5.825 5.834 5.843 5.852 5.861 5.870 5.879 5.888 5.898 5.907 5.917 5.926 5.935 5.944 5.954 5.963 5.972 5.980 5.989 5.998 6.007 6.016 6.024 6.033 6.040 6.047 6.055 6.063 6.071 6.079 6.087 6.096 6.105 6.115 6.125 6.135 6.145 6.156 6.167 6.178 6.189 6.201 6.212 6.224 6.236 6.248 6.260 6.271 6.282 6.293 6.304 6.314 6.325 6.336 6.346 6.357 6.367 6.377 6.387 6.397 6.407 6.417 6.426 6.436 6.445 6.454 6.464 6.473 6.482
5.753 5.763 5.773 5.784 5.794 5.804 5.814 5.824 5.833 5.842 5.850 5.859 5.868 5.877 5.886 5.895 5.904 5.914 5.923 5.932 5.941 5.950 5.959 5.968 5.977 5.986 5.994 6.003 6.011 6.020 6.029 6.037 6.044 6.051 6.058 6.065 6.073 6.081 6.089 6.097 6.106 6.115 6.124 6.133 6.143 6.153 6.163 6.174 6.185 6.196 6.207 6.219 6.231 6.243 6.255 6.266 6.276 6.287 6.298 6.309 6.320 6.330 6.341 6.351 6.362 6.372 6.382 6.392 6.402 6.412 6.422 6.431 6.441 6.450 6.460 6.469 6.478
5.760 5.771 5.781 5.791 5.801 5.811 5.822 5.832 5.841 5.849 5.858 5.867 5.875 5.884 5.893 5.902 5.911 5.920 5.929 5.938 5.947 5.956 5.965 5.974 5.982 5.991 5.999 6.008 6.016 6.025 6.033 6.041 6.048 6.055 6.062 6.069 6.076 6.084 6.091 6.099 6.107 6.115 6.124 6.133 6.142 6.151 6.161 6.171 6.182 6.192 6.203 6.215 6.226 6.238 6.249 6.260 6.271 6.282 6.292 6.303 6.314 6.324 6.335 6.346 6.356 6.367 6.377 6.387 6.397 6.407 6.417 6.427 6.436 6.446 6.455 6.465 6.474
5.768 5.778 5.788 5.799 5.809 5.819 5.829 5.839 5.849 5.857 5.866 5.874 5.883 5.892 5.900 5.909 5.918 5.927 5.936 5.945 5.953 5.962 5.971 5.980 5.988 5.997 6.005 6.014 6.022 6.030 6.039 6.046 6.053 6.060 6.066 6.073 6.080 6.087 6.094 6.102 6.109 6.117 6.125 6.133 6.142 6.151 6.160 6.170 6.180 6.190 6.200 6.211 6.222 6.234 6.245 6.255 6.266 6.276 6.287 6.297 6.308 6.319 6.329 6.340 6.351 6.361 6.371 6.382 6.392 6.402 6.412 6.422 6.431 6.441 6.450 6.460 6.470
5.775 5.785 5.796 5.806 5.816 5.826 5.837 5.847 5.856 5.865 5.873 5.882 5.890 5.899 5.908 5.916 5.925 5.934 5.943 5.951 5.960 5.969 5.977 5.986 5.994 6.003 6.011 6.019 6.028 6.036 6.044 6.052 6.058 6.065 6.072 6.078 6.085 6.092 6.098 6.105 6.113 6.120 6.127 6.135 6.143 6.152 6.160 6.169 6.178 6.188 6.198 6.208 6.219 6.230 6.241 6.251 6.261 6.271 6.282 6.292 6.303 6.313 6.324 6.334 6.345 6.355 6.366 6.376 6.386 6.396 6.406 6.416 6.426 6.436 6.445 6.455 6.465
5.781 5.792 5.802 5.813 5.823 5.834 5.844 5.854 5.863 5.872 5.880 5.889 5.898 5.906 5.915 5.924 5.932 5.941 5.950 5.958 5.967 5.975 5.984 5.992 6.001 6.009 6.017 6.026 6.034 6.042 6.050 6.058 6.064 6.071 6.077 6.083 6.090 6.097 6.103 6.110 6.117 6.124 6.131 6.138 6.145 6.153 6.161 6.170 6.178 6.188 6.197 6.207 6.217 6.228 6.238 6.247 6.257 6.267 6.277 6.288 6.298 6.308 6.319 6.329 6.340 6.350 6.361 6.371 6.381 6.391 6.401 6.411 6.421 6.431 6.440 6.450 6.460
5.788 5.799 5.809 5.820 5.830 5.840 5.851 5.861 5.870 5.879 5.887 5.896 5.905 5.913 5.922 5.931 5.939 5.948 5.957 5.965 5.974 5.982 5.990 5.999 6.007 6.015 6.024 6.032 6.040 6.048 6.057 6.064 6.070 6.076 6.083 6.089 6.096 6.102 6.108 6.115 6.121 6.128 6.135 6.142 6.149 6.156 6.164 6.171 6.180 6.188 6.197 6.206 6.216 6.226 6.236 6.245 6.255 6.264 6.274 6.284 6.294 6.304 6.314 6.325 6.335 6.345 6.356 6.366 6.376 6.386 6.396 6.406 6.416 6.426 6.435 6.446 6.455
5.794 5.805 5.816 5.826 5.836 5.847 5.857 5.868 5.877 5.885 5.894 5.903 5.912 5.920 5.929 5.938 5.946 5.955 5.964 5.972 5.980 5.989 5.997 6.005 6.014 6.022 6.030 6.038 6.046 6.055 6.063 6.070 6.076 6.083 6.089 6.095 6.102 6.108 6.114 6.120 6.127 6.133 6.139 6.146 6.153 6.160 6.167 6.174 6.182 6.190 6.198 6.207 6.217 6.226 6.235 6.244 6.253 6.262 6.271 6.281 6.291 6.301 6.311 6.321 6.331 6.341 6.351 6.361 6.371 6.381 6.391 6.401 6.411 6.421 6.431 6.441 6.450
5.801 5.811 5.822 5.832 5.843 5.853 5.864 5.874 5.883 5.892 5.901 5.910 5.918 5.927 5.936 5.945 5.953 5.962 5.970 5.979 5.987 5.995 6.004 6.012 6.020 6.028 6.037 6.045 6.053 6.061 6.069 6.076 6.082 6.089 6.095 6.101 6.108 6.114 6.120 6.126 6.132 6.139 6.145 6.151 6.157 6.164 6.171 6.178 6.185 6.192 6.200 6.209 6.218 6.227 6.235 6.243 6.252 6.261 6.270 6.279 6.289 6.298 6.308 6.318 6.328 6.338 6.348 6.358 6.368 6.377 6.387 6.397 6.407 6.417 6.426 6.436 6.446
5.808 5.818 5.828 5.839 5.849 5.860 5.871 5.881 5.889 5.898 5.907 5.916 5.925 5.934 5.942 5.951 5.960 5.968 5.977 5.985 5.994 6.002 6.010 6.019 6.027 6.035 6.043 6.051 6.059 6.068 6.075 6.082 6.089 6.095 6.101 6.108 6.114 6.120 6.126 6.132 6.138 6.144 6.151 6.157 6.163 6.169 6.175 6.182 6.189 6.196 6.203 6.211 6.220 6.228 6.236 6.244 6.252 6.261 6.269 6.278 6.287 6.297 6.306 6.316 6.325 6.335 6.345 6.355 6.364 6.374 6.384 6.394 6.403 6.413 6.423 6.433 6.442
5.815 5.825 5.835 5.845 5.856 5.866 5.877 5.887 5.896 5.904 5.913 5.922 5.931 5.940 5.949 5.958 5.966 5.975 5.983 5.992 6.000 6.009 6.017 6.025 6.033 6.041 6.049 6.058 6.066 6.074 6.082 6.088 6.095 6.101 6.108 6.114 6.120 6.127 6.133 6.139 6.145 6.151 6.157 6.162 6.168 6.174 6.180 6.187 6.193 6.200 6.207 6.215 6.223 6.230 6.238 6.245 6.253 6.261 6.270 6.278 6.287 6.296 6.305 6.314 6.324 6.333 6.343 6.352 6.362 6.372 6.381 6.391 6.400 6.410 6.420 6.429 6.439
5.822 5.832 5.842 5.852 5.862 5.873 5.883 5.893 5.902 5.911 5.919 5.928 5.937 5.946 5.955 5.964 5.973 5.981 5.990 5.998 6.007 6.015 6.023 6.031 6.040 6.048 6.056 6.064 6.072 6.080 6.088 6.095 6.101 6.108 6.114 6.120 6.127 6.133 6.139 6.145 6.151 6.157 6.163 6.169 6.174 6.180 6.186 6.192 6.198 6.205 6.212 6.219 6.226 6.234 6.241 6.248 6.255 6.263 6.271 6.279 6.287 6.296 6.305 6.314 6.323 6.332 6.342 6.351 6.360 6.370 6.379 6.389 6.398 6.408 6.417 6.427 6.436
5.829 5.839 5.849 5.859 5.869 5.879 5.889 5.899 5.908 5.917 5.926 5.934 5.943 5.952 5.961 5.970 5.979 5.987 5.996 6.004 6.013 6.021 6.029 6.038 6.046 6.054 6.062 6.070 6.078 6.086 6.094 6.101 6.107 6.114 6.120 6.127 6.133 6.139 6.146 6.152 6.158 6.163 6.169 6.175 6.181 6.186 6.192 6.198 6.204 6.210 6.216 6.223 6.230 6.237 6.244 6.251 6.258 6.265 6.272 6.280 6.288 6.297 6.305 6.314 6.323 6.332 6.341 6.350 6.360 6.369 6.378 6.388 6.397 6.406 6.416 6.425 6.434
5.837 5.847 5.856 5.866 5.876 5.886 5.896 5.906 5.914 5.923 5.932 5.941 5.950 5.958 5.967 5.976 5.985 5.993 6.002 6.011 6.019 6.027 6.036 6.044 6.052 6.060 6.068 6.076 6.084 6.092 6.100 6.107 6.113 6.120 6.126 6.133 6.139 6.146 6.152 6.158 6.164 6.170 6.176 6.181 6.187 6.193 6.198 6.204 6.210 6.216 6.222 6.228 6.235 6.242 6.248 6.254 6.261 6.268 6.275 6.282 6.290 6.298 6.307 6.315 6.324 6.333 6.341 6.350 6.360 6.369 6.378 6.387 6.396 6.405 6.415 6.424 6.433
5.845 5.855 5.864 5.874 5.883 5.893 5.903 5.912 5.921 5.929 5.938 5.947 5.956 5.965 5.973 5.982 5.991 6.000 6.008 6.017 6.025 6.033 6.042 6.050 6.058 6.066 6.074 6.082 6.090 6.098 6.106 6.113 6.119 6.126 6.132 6.139 6.145 6.152 6.158 6.164 6.170 6.176 6.182 6.188 6.193 6.199 6.205 6.210 6.216 6.221 6.227 6.234 6.240 6.246 6.252 6.258 6.265 6.271 6.278 6.285 6.293 6.300 6.308 6.317 6.325 6.334 6.342 6.351 6.360 6.369 6.378 6.387 6.396 6.405 6.414 6.424 6.433
5.854 5.863 5.872 5.882 5.891 5.900 5.910 5.919 5.928 5.936 5.945 5.953 5.962 5.971 5.980 5.988 5.997 6.006 6.014 6.023 6.031 6.039 6.047 6.056 6.064 6.072 6.080 6.088 6.096 6.104 6.112 6.118 6.125 6.132 6.138 6.145 6.151 6.158 6.164 6.170 6.177 6.183 6.188 6.194 6.200 6.205 6.211 6.216 6.222 6.227 6.233 6.239 6.246 6.252 6.257 6.263 6.269 6.275 6.282 6.288 6.296 6.303 6.311 6.319 6.327 6.335 6.344 6.352 6.361 6.370 6.379 6.388 6.397 6.406 6.415 6.424 6.433
5.863 5.872 5.881 5.890 5.899 5.908 5.918 5.927 5.935 5.943 5.952 5.960 5.969 5.977 5.986 5.995 6.003 6.012 6.020 6.029 6.037 6.045 6.053 6.062 6.070 6.078 6.086 6.094 6.102 6.110 6.117 6.124 6.131 6.137 6.144 6.151 6.157 6.164 6.170 6.176 6.183 6.189 6.195 6.200 6.206 6.212 6.217 6.223 6.228 6.234 6.239 6.245 6.251 6.257 6.262 6.268 6.273 6.279 6.286 6.292 6.299 6.306 6.314 6.321 6.329 6.337 6.346 6.354 6.363 6.371 6.380 6.389 6.398 6.407 6.416 6.425 6.434
5.872 5.881 5.890 5.898 5.907 5.916 5.926 5.934 5.942 5.950 5.959 5.967 5.975 5.984 5.992 6.001 6.010 6.018 6.026 6.035 6.043 6.051 6.059 6.067 6.075 6.083 6.091 6.099 6.107 6.116 6.123 6.130 6.136 6.143 6.150 6.156 6.163 6.169 6.176 6.182 6.188 6.195 6.201 6.207 6.212 6.218 6.223 6.229 6.234 6.240 6.245 6.251 6.257 6.263 6.268 6.273 6.278 6.284 6.290 6.296 6.303 6.310 6.317 6.324 6.332 6.340 6.348 6.356 6.365 6.373 6.382 6.390 6.399 6.408 6.417 6.426 6.435
5.881 5.890 5.898 5.907 5.916 5.925 5.934 5.942 5.950 5.958 5.966 5.974 5.982 5.991 5.999 6.008 6.016 6.024 6.033 6.041 6.049 6.057 6.065 6.073 6.081 6.089 6.097 6.105 6.113 6.121 6.129 6.135 6.142 6.149 6.155 6.162 6.168 6.175 6.181 6.188 6.194 6.200 6.207 6.213 6.218 6.224 6.230 6.235 6.240 6.246 6.251 6.257 6.263 6.268 6.273 6.278 6.283 6.289 6.294 6.300 6.307 6.313 6.320 6.327 6.335 6.343 6.350 6.358 6.367 6.375 6.383 6.392 6.401 6.409 6.418 6.428 6.436
5.891 5.899 5.908 5.916 5.925 5.933 5.942 5.951 5.958 5.966 5.974 5.982 5.990 5.998 6.006 6.015 6.023 6.031 6.039 6.048 6.056 6.064 6.072 6.080 6.087 6.095 6.103 6.111 6.119 6.127 6.134 6.141 6.148 6.154 6.161 6.167 6.174 6.180 6.187 6.193 6.200 6.206 6.212 6.218 6.224 6.230 6.236 6.241 6.247 6.252 6.257 6.263 6.269 6.274 6.279 6.284 6.289 6.294 6.299 6.305 6.311 6.317 6.324 6.331 6.338 6.346 6.353 6.361 6.369 6.377 6.386 6.394 6.403 6.411 6.420 6.429 6.438
5.900 5.908 5.917 5.925 5.934 5.942 5.951 5.959 5.967 5.974 5.982 5.990 5.997 6.005 6.014 6.022 6.030 6.038 6.046 6.054 6.062 6.070 6.078 6.086 6.094 6.101 6.109 6.117 6.125 6.133 6.140 6.147 6.153 6.160 6.166 6.173 6.179 6.186 6.192 6.199 6.205 6.212 6.218 6.224 6.230 6.236 6.241 6.247 6.253 6.258 6.264 6.269 6.275 6.280 6.285 6.289 6.294 6.299 6.304 6.310 6.315 6.321 6.328 6.335 6.342 6.349 6.356 6.364 6.372 6.380 6.388 6.396 6.405 6.413 6.422 6.431 6.440
5.909 5.917 5.925 5.934 5.942 5.951 5.960 5.968 5.975 5.982 5.990 5.998 6.005 6.013 6.021 6.029 6.037 6.045 6.053 6.061 6.069 6.077 6.085 6.092 6.100 6.108 6.116 6.123 6.131 6.139 6.146 6.152 6.159 6.165 6.172 6.178 6.185 6.191 6.198 6.204 6.211 6.217 6.223 6.230 6.236 6.242 6.247 6.253 6.258 6.264 6.270 6.275 6.281 6.286 6.290 6.295 6.299 6.304 6.309 6.315 6.320 6.326 6.332 6.339 6.345 6.352 6.360 6.367 6.375 6.383 6.391 6.399 6.407 6.416 6.425 6.434 6.442
5.917 5.926 5.934 5.943 5.951 5.960 5.968 5.976 5.983 5.991 5.998 6.006 6.013 6.021 6.029 6.037 6.045 6.053 6.060 6.068 6.076 6.084 6.092 6.099 6.107 6.114 6.122 6.130 6.137 6.145 6.152 6.158 6.165 6.171 6.177 6.184 6.190 6.197 6.203 6.210 6.216 6.223 6.229 6.235 6.241 6.247 6.253 6.259 6.264 6.270 6.275 6.281 6.287 6.292 6.296 6.301 6.305 6.310 6.315 6.320 6.325 6.331 6.336 6.343 6.349 6.356 6.363 6.370 6.378 6.385 6.393 6.401 6.410 6.418 6.427 6.436 6.444
5.925 5.934 5.943 5.951 5.960 5.968 5.977 5.985 5.992 5.999 6.006 6.014 6.021 6.029 6.037 6.045 6.052 6.060 6.068 6.076 6.083 6.091 6.099 6.106 6.114 6.121 6.129 6.136 6.144 6.152 6.158 6.165 6.171 6.177 6.183 6.190 6.196 6.202 6.209 6.215 6.222 6.228 6.234 6.241 6.247 6.253 6.259 6.264 6.270 6.276 6.281 6.287 6.293 6.298 6.302 6.306 6.311 6.315 6.320 6.325 6.330 6.335 6.341 6.347 6.353 6.360 6.367 6.374 6.381 6.388 6.396 6.404 6.412 6.421 6.430 6.438 6.446
