version2/TsunamiDB/out54041.asc
ncols          264
nrows          230
xllcorner      497853.4375
yllcorner      4229146.0000
cellsize         5.
NODATA_value   -99
[rows 128 to 159 of 230, columns 146 to 218 of 264]
5.771 5.805 5.839 5.874 5.909 5.945 5.980 6.015 6.051 6.085 6.120 6.154 6.186 6.218 6.249 6.278 6.305 6.331 6.355 6.377 6.398 6.416 6.433 6.448 6.461 6.472 6.482 6.491 6.499 6.506 6.513 6.521 6.529 6.537 6.548 6.559 6.573 6.589 6.608 6.631 6.659 6.692 6.729 6.768 6.811 6.855 6.899 6.940 6.982 7.026 7.074 7.129 7.188 7.255 7.329 7.410 7.497 7.591 7.691 7.791 7.879 7.941 8.009 8.102 8.191 8.272 8.347 8.422 8.496 8.568 8.628 8.651 8.678
5.772 5.806 5.840 5.876 5.911 5.947 5.983 6.019 6.054 6.090 6.125 6.159 6.193 6.226 6.257 6.288 6.317 6.344 6.370 6.394 6.417 6.438 6.457 6.475 6.491 6.505 6.518 6.529 6.539 6.549 6.557 6.565 6.573 6.582 6.591 6.602 6.614 6.629 6.647 6.668 6.694 6.726 6.762 6.801 6.843 6.887 6.931 6.975 7.020 7.067 7.118 7.175 7.237 7.308 7.386 7.469 7.559 7.655 7.755 7.852 7.938 7.999 8.067 8.160 8.249 8.331 8.409 8.484 8.555 8.620 8.673 8.692 8.716
5.772 5.807 5.841 5.877 5.913 5.949 5.985 6.021 6.057 6.093 6.129 6.164 6.198 6.232 6.265 6.296 6.326 6.355 6.383 6.409 6.434 6.458 6.480 6.500 6.519 6.535 6.551 6.566 6.579 6.590 6.600 6.610 6.618 6.627 6.636 6.647 6.658 6.671 6.687 6.707 6.732 6.763 6.797 6.835 6.877 6.922 6.967 7.013 7.062 7.113 7.167 7.226 7.291 7.365 7.445 7.532 7.622 7.716 7.814 7.910 7.996 8.056 8.124 8.218 8.307 8.392 8.470 8.543 8.611 8.669 8.715 8.731 8.751
5.772 5.807 5.841 5.877 5.913 5.950 5.986 6.023 6.059 6.096 6.132 6.167 6.203 6.237 6.271 6.303 6.335 6.366 6.395 6.423 6.450 6.475 6.500 6.523 6.544 6.564 6.582 6.600 6.615 6.629 6.642 6.653 6.663 6.673 6.683 6.692 6.703 6.716 6.730 6.748 6.771 6.801 6.834 6.871 6.913 6.959 7.007 7.056 7.109 7.163 7.221 7.281 7.348 7.425 7.508 7.595 7.683 7.775 7.871 7.967 8.055 8.114 8.180 8.275 8.366 8.450 8.527 8.598 8.662 8.715 8.755 8.768 8.783
5.771 5.805 5.840 5.876 5.913 5.949 5.986 6.023 6.060 6.097 6.133 6.170 6.206 6.241 6.276 6.309 6.342 6.374 6.405 6.435 6.464 6.492 6.518 6.544 6.567 6.590 6.611 6.631 6.650 6.667 6.682 6.695 6.707 6.718 6.729 6.739 6.749 6.761 6.774 6.790 6.812 6.841 6.873 6.910 6.953 7.001 7.051 7.103 7.160 7.219 7.279 7.339 7.407 7.487 7.571 7.656 7.742 7.832 7.926 8.023 8.113 8.171 8.237 8.333 8.424 8.507 8.582 8.650 8.710 8.757 8.791 8.801 8.813
5.768 5.803 5.838 5.874 5.911 5.948 5.985 6.022 6.059 6.097 6.134 6.171 6.207 6.244 6.279 6.314 6.348 6.382 6.414 6.446 6.477 6.506 6.535 6.563 6.589 6.613 6.638 6.661 6.682 6.702 6.720 6.736 6.750 6.763 6.774 6.785 6.796 6.807 6.819 6.834 6.854 6.882 6.915 6.952 6.996 7.045 7.098 7.155 7.215 7.277 7.339 7.400 7.468 7.549 7.633 7.717 7.801 7.888 7.982 8.079 8.171 8.228 8.294 8.390 8.479 8.559 8.632 8.697 8.752 8.794 8.822 8.830 8.838
5.765 5.800 5.835 5.871 5.908 5.945 5.982 6.020 6.058 6.095 6.133 6.171 6.208 6.245 6.282 6.318 6.353 6.388 6.422 6.455 6.488 6.520 6.551 6.580 6.608 6.636 6.662 6.688 6.712 6.735 6.755 6.774 6.791 6.806 6.819 6.831 6.842 6.853 6.864 6.878 6.898 6.926 6.959 6.996 7.041 7.093 7.149 7.209 7.273 7.336 7.400 7.460 7.529 7.609 7.693 7.777 7.858 7.944 8.036 8.133 8.227 8.285 8.350 8.444 8.531 8.609 8.678 8.740 8.792 8.829 8.853 8.857 8.862
5.761 5.796 5.831 5.867 5.904 5.941 5.979 6.017 6.055 6.093 6.131 6.169 6.207 6.245 6.282 6.320 6.356 6.393 6.429 6.464 6.498 6.532 6.565 6.596 6.626 6.656 6.685 6.713 6.740 6.765 6.789 6.810 6.829 6.847 6.862 6.875 6.887 6.899 6.910 6.923 6.943 6.971 7.005 7.043 7.089 7.143 7.202 7.266 7.332 7.398 7.463 7.523 7.589 7.670 7.754 7.836 7.918 8.002 8.092 8.190 8.289 8.346 8.407 8.499 8.583 8.657 8.723 8.782 8.830 8.863 8.881 8.883 8.885
5.757 5.791 5.826 5.862 5.899 5.936 5.974 6.012 6.050 6.089 6.127 6.166 6.205 6.243 6.282 6.320 6.359 6.396 6.434 6.471 6.507 6.543 6.578 6.611 6.643 6.675 6.706 6.737 6.766 6.794 6.820 6.844 6.866 6.886 6.903 6.919 6.932 6.944 6.955 6.968 6.988 7.018 7.052 7.092 7.140 7.195 7.258 7.324 7.393 7.462 7.527 7.585 7.650 7.732 7.815 7.897 7.979 8.062 8.151 8.255 8.355 8.406 8.464 8.553 8.633 8.703 8.766 8.820 8.865 8.892 8.904 8.905 8.906
5.753 5.785 5.821 5.857 5.893 5.931 5.968 6.006 6.045 6.083 6.122 6.162 6.201 6.241 6.280 6.320 6.359 6.399 6.438 6.476 6.514 6.552 6.589 6.624 6.658 6.692 6.726 6.758 6.790 6.820 6.849 6.876 6.900 6.923 6.943 6.960 6.975 6.988 7.000 7.014 7.036 7.067 7.102 7.143 7.193 7.251 7.315 7.383 7.455 7.526 7.591 7.648 7.712 7.794 7.878 7.961 8.043 8.128 8.223 8.326 8.417 8.464 8.518 8.603 8.679 8.746 8.804 8.854 8.893 8.915 8.927 8.926 8.925
5.749 5.781 5.815 5.851 5.887 5.924 5.962 6.000 6.038 6.077 6.116 6.156 6.196 6.236 6.277 6.318 6.358 6.399 6.440 6.480 6.520 6.560 6.599 6.636 6.672 6.708 6.743 6.778 6.812 6.844 6.876 6.905 6.932 6.957 6.980 7.000 7.017 7.031 7.045 7.062 7.085 7.117 7.154 7.196 7.248 7.307 7.372 7.443 7.516 7.589 7.656 7.711 7.775 7.858 7.944 8.028 8.112 8.202 8.297 8.392 8.476 8.519 8.569 8.649 8.721 8.784 8.839 8.884 8.917 8.937 8.948 8.946 8.943
5.747 5.777 5.810 5.845 5.880 5.917 5.954 5.992 6.031 6.070 6.109 6.149 6.190 6.231 6.272 6.314 6.356 6.398 6.441 6.483 6.525 6.566 6.607 6.646 6.684 6.722 6.759 6.796 6.832 6.867 6.900 6.932 6.962 6.990 7.015 7.038 7.057 7.075 7.091 7.110 7.135 7.169 7.207 7.250 7.303 7.363 7.429 7.501 7.576 7.651 7.720 7.775 7.839 7.926 8.013 8.099 8.186 8.276 8.368 8.456 8.532 8.571 8.617 8.692 8.760 8.819 8.869 8.909 8.938 8.957 8.967 8.964 8.960
5.747 5.775 5.806 5.839 5.874 5.910 5.947 5.984 6.023 6.062 6.101 6.142 6.183 6.224 6.267 6.309 6.353 6.396 6.440 6.484 6.528 6.571 6.614 6.655 6.695 6.734 6.774 6.812 6.850 6.887 6.923 6.958 6.990 7.021 7.049 7.074 7.097 7.118 7.138 7.159 7.186 7.221 7.261 7.305 7.358 7.419 7.485 7.557 7.634 7.711 7.784 7.842 7.907 7.996 8.085 8.174 8.262 8.349 8.436 8.516 8.585 8.621 8.663 8.732 8.795 8.850 8.895 8.932 8.959 8.976 8.985 8.981 8.976
5.751 5.775 5.804 5.835 5.868 5.903 5.939 5.976 6.014 6.053 6.093 6.134 6.175 6.217 6.260 6.304 6.348 6.393 6.439 6.484 6.529 6.575 6.619 6.662 6.704 6.745 6.787 6.827 6.867 6.906 6.944 6.981 7.016 7.049 7.080 7.109 7.136 7.161 7.184 7.208 7.236 7.273 7.314 7.359 7.412 7.473 7.538 7.610 7.689 7.772 7.850 7.909 7.976 8.068 8.160 8.249 8.335 8.419 8.500 8.573 8.637 8.668 8.705 8.768 8.827 8.878 8.920 8.954 8.979 8.995 9.002 8.997 8.991
5.758 5.779 5.804 5.832 5.864 5.897 5.932 5.969 6.006 6.045 6.085 6.125 6.167 6.209 6.253 6.297 6.343 6.389 6.436 6.483 6.530 6.577 6.623 6.668 6.711 6.755 6.798 6.840 6.882 6.923 6.963 7.003 7.041 7.077 7.111 7.144 7.175 7.203 7.230 7.256 7.286 7.324 7.365 7.411 7.465 7.525 7.590 7.662 7.744 7.832 7.916 7.977 8.045 8.142 8.235 8.323 8.405 8.485 8.560 8.628 8.685 8.712 8.745 8.803 8.856 8.903 8.943 8.974 8.998 9.012 9.017 9.011 9.004
5.771 5.787 5.808 5.833 5.861 5.892 5.926 5.962 5.999 6.037 6.076 6.117 6.159 6.202 6.246 6.291 6.337 6.384 6.432 6.480 6.529 6.577 6.625 6.672 6.717 6.763 6.807 6.851 6.895 6.938 6.980 7.023 7.063 7.102 7.140 7.177 7.212 7.244 7.274 7.303 7.334 7.372 7.414 7.460 7.515 7.576 7.641 7.715 7.801 7.894 7.983 8.045 8.116 8.214 8.306 8.392 8.472 8.547 8.617 8.678 8.731 8.754 8.783 8.835 8.883 8.927 8.963 8.993 9.015 9.027 9.029 9.022 9.013
5.789 5.800 5.816 5.837 5.862 5.890 5.922 5.956 5.992 6.029 6.068 6.109 6.151 6.194 6.238 6.284 6.330 6.378 6.427 6.477 6.527 6.577 6.627 6.675 6.722 6.769 6.815 6.861 6.906 6.951 6.996 7.041 7.085 7.127 7.168 7.208 7.247 7.283 7.316 7.347 7.379 7.419 7.462 7.508 7.564 7.625 7.692 7.768 7.856 7.952 8.046 8.112 8.184 8.282 8.373 8.457 8.533 8.604 8.670 8.726 8.774 8.794 8.818 8.865 8.909 8.948 8.981 9.010 9.030 9.040 9.040 9.031 9.020
5.813 5.819 5.830 5.846 5.866 5.891 5.920 5.952 5.986 6.023 6.061 6.102 6.143 6.186 6.231 6.277 6.324 6.372 6.422 6.473 6.524 6.575 6.627 6.677 6.726 6.774 6.822 6.869 6.916 6.963 7.010 7.058 7.105 7.150 7.195 7.238 7.279 7.319 7.355 7.388 7.422 7.463 7.507 7.555 7.611 7.674 7.742 7.820 7.910 8.011 8.114 8.180 8.251 8.348 8.438 8.520 8.593 8.660 8.721 8.773 8.817 8.833 8.853 8.895 8.934 8.969 8.999 9.025 9.044 9.052 9.047 9.036 9.023
5.841 5.843 5.849 5.860 5.876 5.896 5.921 5.951 5.983 6.018 6.056 6.095 6.136 6.179 6.224 6.270 6.318 6.367 6.417 6.468 6.520 6.573 6.626 6.678 6.728 6.778 6.827 6.876 6.924 6.973 7.023 7.074 7.123 7.172 7.219 7.265 7.310 7.353 7.391 7.426 7.461 7.505 7.550 7.600 7.658 7.723 7.795 7.875 7.967 8.079 8.185 8.247 8.315 8.412 8.500 8.579 8.649 8.713 8.769 8.817 8.857 8.869 8.886 8.923 8.957 8.988 9.014 9.038 9.056 9.058 9.049 9.036 9.021
5.873 5.872 5.874 5.880 5.891 5.906 5.927 5.953 5.982 6.016 6.052 6.090 6.131 6.174 6.218 6.264 6.312 6.361 6.412 6.464 6.517 6.570 6.624 6.677 6.729 6.781 6.831 6.881 6.931 6.982 7.035 7.088 7.141 7.192 7.242 7.291 7.338 7.382 7.423 7.461 7.501 7.546 7.593 7.646 7.708 7.777 7.851 7.937 8.037 8.149 8.248 8.308 8.375 8.470 8.556 8.633 8.701 8.761 8.814 8.858 8.894 8.904 8.917 8.949 8.978 9.005 9.027 9.047 9.059 9.058 9.048 9.033 9.013
5.907 5.904 5.903 5.905 5.911 5.922 5.938 5.959 5.986 6.016 6.050 6.087 6.127 6.169 6.213 6.259 6.306 6.356 6.407 6.459 6.513 6.567 6.622 6.676 6.730 6.782 6.834 6.885 6.937 6.991 7.046 7.102 7.157 7.210 7.263 7.314 7.362 7.408 7.452 7.496 7.541 7.589 7.638 7.696 7.762 7.834 7.913 8.004 8.107 8.213 8.307 8.365 8.430 8.522 8.607 8.682 8.748 8.806 8.855 8.896 8.928 8.936 8.945 8.973 8.998 9.019 9.037 9.051 9.058 9.054 9.044 9.025 9.001
5.940 5.938 5.936 5.935 5.937 5.943 5.955 5.971 5.993 6.020 6.051 6.086 6.124 6.165 6.209 6.254 6.302 6.351 6.402 6.455 6.509 6.564 6.620 6.675 6.729 6.784 6.837 6.890 6.944 7.000 7.058 7.115 7.172 7.228 7.282 7.334 7.385 7.434 7.482 7.532 7.582 7.634 7.687 7.750 7.821 7.896 7.980 8.073 8.172 8.273 8.362 8.417 8.480 8.571 8.654 8.727 8.791 8.846 8.892 8.930 8.960 8.965 8.971 8.994 9.014 9.031 9.043 9.051 9.053 9.048 9.035 9.013 8.984
5.972 5.971 5.970 5.968 5.968 5.970 5.977 5.989 6.006 6.028 6.056 6.088 6.124 6.164 6.206 6.251 6.298 6.347 6.398 6.450 6.505 6.561 6.617 6.673 6.729 6.784 6.840 6.895 6.952 7.010 7.068 7.128 7.186 7.244 7.300 7.354 7.407 7.460 7.514 7.569 7.627 7.682 7.740 7.809 7.883 7.963 8.047 8.137 8.232 8.327 8.413 8.466 8.527 8.615 8.696 8.768 8.830 8.882 8.927 8.962 8.988 8.991 8.994 9.012 9.027 9.039 9.045 9.048 9.046 9.037 9.023 8.996 8.961
6.001 6.003 6.003 6.002 6.001 6.001 6.005 6.012 6.024 6.042 6.066 6.094 6.127 6.165 6.205 6.249 6.295 6.343 6.394 6.447 6.501 6.558 6.615 6.671 6.728 6.786 6.844 6.902 6.960 7.019 7.080 7.140 7.200 7.259 7.318 7.375 7.431 7.488 7.548 7.611 7.675 7.735 7.796 7.870 7.949 8.029 8.111 8.197 8.287 8.377 8.460 8.512 8.570 8.656 8.735 8.805 8.865 8.916 8.957 8.990 9.013 9.013 9.014 9.027 9.037 9.043 9.044 9.042 9.035 9.024 9.007 8.975 8.932
6.026 6.031 6.034 6.035 6.035 6.035 6.036 6.040 6.048 6.062 6.080 6.105 6.134 6.168 6.207 6.248 6.293 6.341 6.391 6.443 6.498 6.555 6.612 6.669 6.729 6.789 6.849 6.909 6.969 7.030 7.091 7.152 7.213 7.275 7.336 7.397 7.457 7.519 7.585 7.656 7.727 7.790 7.854 7.933 8.014 8.092 8.171 8.252 8.336 8.423 8.505 8.555 8.610 8.695 8.772 8.839 8.896 8.945 8.985 9.015 9.034 9.032 9.030 9.039 9.044 9.045 9.041 9.034 9.022 9.008 8.987 8.948 8.896
6.047 6.056 6.062 6.066 6.068 6.069 6.070 6.072 6.077 6.086 6.100 6.120 6.145 6.176 6.211 6.250 6.294 6.340 6.389 6.440 6.495 6.552 6.610 6.669 6.730 6.792 6.855 6.917 6.979 7.041 7.102 7.164 7.227 7.291 7.357 7.421 7.486 7.554 7.627 7.704 7.781 7.847 7.914 7.995 8.075 8.152 8.226 8.302 8.382 8.467 8.547 8.595 8.649 8.730 8.804 8.869 8.923 8.970 9.008 9.035 9.051 9.047 9.042 9.046 9.047 9.044 9.035 9.023 9.007 8.988 8.963 8.915 8.852
6.064 6.077 6.087 6.094 6.099 6.103 6.105 6.106 6.110 6.116 6.126 6.140 6.161 6.187 6.219 6.255 6.296 6.340 6.388 6.439 6.493 6.551 6.610 6.670 6.733 6.797 6.861 6.926 6.990 7.052 7.114 7.177 7.242 7.310 7.380 7.449 7.519 7.593 7.671 7.753 7.835 7.903 7.972 8.053 8.133 8.207 8.278 8.351 8.426 8.507 8.587 8.634 8.685 8.763 8.834 8.895 8.947 8.992 9.028 9.052 9.066 9.060 9.051 9.051 9.048 9.041 9.027 9.010 8.989 8.964 8.933 8.875 8.798
6.077 6.094 6.107 6.119 6.127 6.133 6.138 6.141 6.144 6.148 6.155 6.166 6.182 6.203 6.231 6.263 6.301 6.343 6.389 6.439 6.493 6.551 6.611 6.672 6.737 6.802 6.869 6.936 7.001 7.065 7.128 7.192 7.260 7.332 7.406 7.480 7.556 7.636 7.718 7.806 7.895 7.963 8.030 8.111 8.189 8.261 8.329 8.398 8.469 8.547 8.628 8.674 8.722 8.796 8.863 8.920 8.970 9.013 9.046 9.068 9.077 9.068 9.058 9.054 9.047 9.035 9.017 8.995 8.967 8.935 8.897 8.827 8.734
6.088 6.107 6.124 6.139 6.151 6.161 6.169 6.174 6.179 6.183 6.188 6.196 6.208 6.225 6.247 6.276 6.310 6.349 6.392 6.441 6.494 6.553 6.614 6.676 6.742 6.810 6.879 6.948 7.014 7.079 7.143 7.211 7.281 7.358 7.437 7.516 7.599 7.684 7.770 7.867 7.957 8.021 8.085 8.165 8.241 8.311 8.378 8.443 8.510 8.592 8.673 8.713 8.757 8.828 8.890 8.943 8.990 9.030 9.062 9.079 9.084 9.074 9.061 9.054 9.043 9.027 9.005 8.977 8.941 8.903 8.855 8.768 8.657
6.096 6.118 6.138 6.156 6.172 6.186 6.197 6.205 6.212 6.217 6.222 6.229 6.238 6.251 6.269 6.293 6.323 6.358 6.399 6.446 6.499 6.558 6.619 6.683 6.750 6.820 6.890 6.960 7.028 7.096 7.164 7.234 7.307 7.389 7.473 7.559 7.648 7.738 7.833 7.931 8.016 8.076 8.138 8.216 8.291 8.360 8.425 8.491 8.561 8.640 8.713 8.750 8.791 8.856 8.914 8.964 9.007 9.044 9.071 9.085 9.089 9.077 9.062 9.052 9.037 9.017 8.989 8.955 8.913 8.864 8.800 8.696 8.569
6.102 6.126 6.149 6.170 6.189 6.206 6.221 6.233 6.243 6.251 6.257 6.263 6.271 6.281 6.295 6.315 6.341 6.373 6.410 6.455 6.507 6.566 6.627 6.691 6.760 6.831 6.902 6.974 7.046 7.118 7.190 7.261 7.338 7.425 7.516 7.608 7.702 7.798 7.896 7.990 8.071 8.129 8.188 8.265 8.339 8.408 8.473 8.541 8.611 8.684 8.750 8.783 8.821 8.881 8.934 8.980 9.020 9.053 9.075 9.088 9.091 9.078 9.060 9.047 9.029 9.004 8.970 8.929 8.878 8.815 8.733 8.612 8.473
6.106 6.132 6.158 6.182 6.204 6.224 6.242 6.258 6.271 6.282 6.290 6.298 6.305 6.314 6.326 6.342 6.364 6.392 6.427 6.469 6.519 6.577 6.638 6.702 6.772 6.844 6.916 6.991 7.067 7.144 7.220 7.293 7.374 7.468 7.564 7.661 7.759 7.859 7.956 8.046 8.123 8.178 8.235 8.312 8.385 8.454 8.522 8.589 8.658 8.725 8.783 8.813 8.848 8.902 8.951 8.994 9.029 9.057 9.078 9.089 9.091 9.076 9.056 9.040 9.017 8.986 8.946 8.895 8.832 8.753 8.653 8.518 8.374
