version2/TsunamiDB/out54123.asc
ncols          264
nrows          230
xllcorner      497853.4375
yllcorner      4229146.0000
cellsize         5.
NODATA_value   -99
[rows 68 to 101 of 230, columns 154 to 230 of 264]
6.582 6.588 6.595 6.603 6.610 6.618 6.626 6.635 6.643 6.651 6.660 6.668 6.677 6.685 6.693 6.701 6.709 6.717 6.725 6.732 6.738 6.744 6.749 6.755 6.759 6.764 6.768 6.772 6.776 6.779 6.782 6.785 6.788 6.790 6.793 6.796 6.798 6.801 6.804 6.806 6.810 6.813 6.817 6.820 6.823 6.827 6.830 6.834 6.838 6.842 6.846 6.850 6.855 6.860 6.865 6.871 6.876 6.882 6.889 6.895 6.903 6.910 6.918 6.927 6.936 6.946 6.956 6.966 6.976 6.985 6.989 6.989 6.988 6.992 6.999 7.008 7.027
6.587 6.594 6.601 6.608 6.615 6.623 6.631 6.639 6.648 6.656 6.664 6.673 6.681 6.690 6.698 6.706 6.714 6.722 6.730 6.737 6.744 6.750 6.756 6.761 6.766 6.771 6.775 6.779 6.783 6.787 6.790 6.793 6.796 6.799 6.802 6.805 6.808 6.810 6.813 6.816 6.820 6.824 6.827 6.831 6.834 6.838 6.841 6.845 6.849 6.854 6.858 6.863 6.868 6.873 6.879 6.885 6.891 6.897 6.904 6.911 6.919 6.927 6.935 6.944 6.954 6.964 6.974 6.985 6.995 7.004 7.009 7.009 7.008 7.012 7.019 7.028 7.047
6.593 6.600 6.606 6.613 6.621 6.628 6.636 6.644 6.652 6.661 6.669 6.678 6.686 6.694 6.703 6.711 6.719 6.727 6.735 6.743 6.750 6.756 6.762 6.767 6.773 6.778 6.782 6.787 6.791 6.795 6.798 6.802 6.805 6.808 6.811 6.814 6.817 6.820 6.823 6.826 6.830 6.834 6.838 6.841 6.845 6.849 6.853 6.857 6.861 6.866 6.871 6.876 6.881 6.887 6.893 6.899 6.906 6.912 6.920 6.927 6.935 6.943 6.952 6.962 6.972 6.982 6.993 7.004 7.014 7.024 7.029 7.029 7.028 7.033 7.040 7.050 7.069
6.600 6.606 6.612 6.619 6.626 6.633 6.641 6.649 6.657 6.666 6.674 6.682 6.691 6.699 6.708 6.716 6.724 6.732 6.741 6.748 6.755 6.762 6.768 6.774 6.779 6.784 6.789 6.794 6.798 6.802 6.806 6.810 6.813 6.817 6.820 6.823 6.826 6.829 6.833 6.836 6.840 6.844 6.848 6.852 6.856 6.860 6.865 6.869 6.874 6.879 6.884 6.889 6.895 6.901 6.907 6.914 6.921 6.928 6.936 6.943 6.952 6.960 6.970 6.980 6.990 7.001 7.012 7.023 7.034 7.043 7.049 7.050 7.049 7.054 7.062 7.072 7.091
6.606 6.612 6.618 6.624 6.631 6.639 6.646 6.654 6.662 6.670 6.679 6.687 6.696 6.704 6.713 6.721 6.729 6.738 6.746 6.754 6.761 6.768 6.774 6.780 6.786 6.791 6.796 6.801 6.806 6.810 6.814 6.818 6.822 6.825 6.829 6.832 6.836 6.839 6.843 6.846 6.850 6.855 6.859 6.863 6.867 6.872 6.876 6.881 6.886 6.891 6.897 6.903 6.909 6.915 6.922 6.929 6.936 6.944 6.952 6.960 6.969 6.978 6.987 6.998 7.009 7.019 7.030 7.042 7.053 7.064 7.070 7.070 7.070 7.075 7.083 7.093 7.113
6.612 6.618 6.624 6.630 6.637 6.644 6.652 6.659 6.667 6.675 6.684 6.692 6.701 6.709 6.718 6.726 6.734 6.743 6.751 6.759 6.767 6.773 6.780 6.786 6.792 6.798 6.803 6.808 6.813 6.818 6.822 6.826 6.830 6.834 6.838 6.841 6.845 6.849 6.852 6.856 6.861 6.865 6.870 6.874 6.879 6.883 6.888 6.893 6.899 6.904 6.910 6.916 6.923 6.930 6.937 6.944 6.952 6.960 6.968 6.977 6.986 6.995 7.005 7.016 7.027 7.038 7.049 7.061 7.073 7.083 7.089 7.090 7.090 7.096 7.105 7.115 7.134
6.619 6.624 6.630 6.636 6.643 6.650 6.657 6.665 6.672 6.680 6.689 6.697 6.706 6.714 6.723 6.731 6.740 6.748 6.757 6.765 6.772 6.779 6.786 6.792 6.799 6.804 6.810 6.815 6.820 6.825 6.830 6.834 6.838 6.843 6.847 6.850 6.854 6.858 6.862 6.867 6.871 6.876 6.881 6.886 6.890 6.895 6.900 6.906 6.911 6.917 6.924 6.930 6.937 6.944 6.952 6.959 6.967 6.976 6.984 6.993 7.003 7.012 7.023 7.034 7.045 7.056 7.068 7.080 7.092 7.103 7.109 7.111 7.111 7.118 7.127 7.137 7.156
6.625 6.630 6.636 6.642 6.648 6.655 6.662 6.670 6.678 6.686 6.694 6.702 6.711 6.719 6.728 6.736 6.745 6.753 6.762 6.770 6.778 6.785 6.792 6.799 6.805 6.811 6.817 6.822 6.828 6.833 6.838 6.842 6.847 6.851 6.856 6.860 6.864 6.868 6.872 6.877 6.882 6.887 6.892 6.897 6.902 6.907 6.913 6.918 6.924 6.930 6.937 6.944 6.951 6.959 6.966 6.975 6.983 6.992 7.001 7.010 7.020 7.030 7.040 7.051 7.063 7.074 7.086 7.099 7.111 7.122 7.129 7.131 7.131 7.138 7.147 7.158 7.177
6.632 6.637 6.642 6.648 6.654 6.661 6.668 6.675 6.683 6.691 6.699 6.707 6.716 6.724 6.733 6.741 6.750 6.759 6.768 6.776 6.784 6.791 6.798 6.805 6.811 6.818 6.824 6.830 6.835 6.841 6.846 6.851 6.855 6.860 6.865 6.869 6.873 6.878 6.882 6.887 6.892 6.898 6.903 6.908 6.913 6.919 6.925 6.931 6.937 6.944 6.950 6.958 6.965 6.973 6.981 6.990 6.998 7.008 7.017 7.027 7.036 7.047 7.057 7.069 7.080 7.092 7.104 7.117 7.129 7.140 7.147 7.149 7.149 7.157 7.167 7.178 7.197
6.638 6.643 6.648 6.654 6.660 6.666 6.673 6.680 6.688 6.696 6.704 6.712 6.721 6.729 6.738 6.746 6.755 6.764 6.773 6.782 6.789 6.797 6.804 6.811 6.818 6.825 6.831 6.837 6.843 6.848 6.854 6.859 6.864 6.869 6.874 6.878 6.883 6.888 6.893 6.898 6.903 6.909 6.914 6.920 6.925 6.931 6.937 6.943 6.950 6.957 6.964 6.971 6.979 6.987 6.996 7.005 7.014 7.023 7.033 7.043 7.053 7.063 7.074 7.086 7.097 7.109 7.122 7.134 7.147 7.158 7.164 7.166 7.167 7.176 7.187 7.198 7.218
6.644 6.649 6.654 6.660 6.666 6.672 6.679 6.686 6.693 6.701 6.709 6.717 6.726 6.734 6.743 6.751 6.760 6.769 6.779 6.787 6.795 6.803 6.810 6.817 6.824 6.831 6.838 6.844 6.850 6.856 6.862 6.867 6.873 6.878 6.883 6.888 6.893 6.898 6.903 6.908 6.914 6.920 6.925 6.931 6.937 6.943 6.949 6.956 6.962 6.970 6.977 6.985 6.993 7.002 7.010 7.019 7.029 7.039 7.049 7.059 7.069 7.080 7.091 7.102 7.114 7.126 7.138 7.151 7.164 7.174 7.180 7.183 7.185 7.195 7.207 7.219 7.240
6.651 6.655 6.660 6.665 6.671 6.677 6.684 6.691 6.698 6.706 6.714 6.722 6.731 6.739 6.748 6.757 6.766 6.775 6.784 6.793 6.801 6.809 6.816 6.824 6.831 6.838 6.845 6.851 6.858 6.864 6.870 6.876 6.881 6.887 6.892 6.897 6.903 6.908 6.913 6.919 6.925 6.931 6.937 6.942 6.948 6.955 6.961 6.968 6.975 6.983 6.990 6.998 7.007 7.016 7.025 7.034 7.044 7.054 7.064 7.074 7.085 7.096 7.106 7.118 7.130 7.142 7.154 7.167 7.179 7.189 7.196 7.199 7.203 7.214 7.227 7.242 7.265
6.657 6.661 6.666 6.671 6.677 6.683 6.689 6.696 6.704 6.711 6.719 6.727 6.736 6.744 6.753 6.762 6.771 6.780 6.790 6.798 6.807 6.815 6.823 6.830 6.838 6.845 6.852 6.859 6.866 6.872 6.878 6.884 6.890 6.896 6.901 6.907 6.913 6.918 6.924 6.930 6.936 6.942 6.948 6.954 6.960 6.967 6.973 6.980 6.988 6.995 7.003 7.012 7.020 7.029 7.039 7.048 7.058 7.068 7.079 7.090 7.100 7.111 7.122 7.133 7.145 7.157 7.169 7.181 7.193 7.203 7.210 7.215 7.221 7.234 7.249 7.266 7.291
6.663 6.667 6.672 6.677 6.683 6.689 6.695 6.702 6.709 6.716 6.724 6.732 6.741 6.749 6.758 6.767 6.776 6.786 6.795 6.804 6.812 6.821 6.829 6.837 6.844 6.852 6.859 6.866 6.873 6.880 6.886 6.893 6.899 6.905 6.911 6.917 6.922 6.928 6.934 6.940 6.947 6.953 6.959 6.965 6.972 6.979 6.986 6.993 7.000 7.008 7.016 7.025 7.034 7.043 7.052 7.062 7.072 7.083 7.094 7.105 7.115 7.126 7.137 7.148 7.159 7.171 7.182 7.194 7.206 7.216 7.225 7.231 7.239 7.254 7.272 7.290 7.318
6.669 6.673 6.678 6.683 6.688 6.694 6.700 6.707 6.714 6.721 6.729 6.737 6.746 6.754 6.763 6.772 6.781 6.791 6.801 6.810 6.818 6.827 6.835 6.843 6.851 6.859 6.866 6.874 6.881 6.888 6.895 6.901 6.908 6.914 6.920 6.926 6.933 6.939 6.945 6.951 6.958 6.964 6.971 6.977 6.984 6.991 6.998 7.005 7.013 7.021 7.029 7.038 7.047 7.056 7.066 7.076 7.086 7.097 7.108 7.119 7.130 7.141 7.151 7.162 7.173 7.184 7.195 7.206 7.218 7.229 7.239 7.247 7.257 7.274 7.293 7.315 7.346
6.675 6.680 6.684 6.689 6.694 6.700 6.706 6.712 6.719 6.727 6.734 6.742 6.751 6.759 6.768 6.777 6.787 6.797 6.806 6.815 6.824 6.833 6.841 6.850 6.858 6.866 6.874 6.881 6.889 6.896 6.903 6.910 6.917 6.923 6.930 6.936 6.943 6.949 6.955 6.962 6.969 6.976 6.982 6.989 6.995 7.002 7.010 7.017 7.025 7.033 7.042 7.051 7.060 7.069 7.079 7.090 7.100 7.111 7.122 7.133 7.144 7.154 7.164 7.175 7.185 7.195 7.206 7.217 7.229 7.241 7.253 7.263 7.275 7.294 7.315 7.339 7.372
6.682 6.686 6.690 6.695 6.700 6.706 6.712 6.718 6.725 6.732 6.740 6.748 6.756 6.765 6.773 6.783 6.792 6.802 6.812 6.821 6.830 6.839 6.847 6.856 6.865 6.873 6.881 6.889 6.897 6.904 6.912 6.919 6.926 6.933 6.940 6.946 6.953 6.959 6.966 6.973 6.980 6.987 6.993 7.000 7.007 7.014 7.022 7.030 7.038 7.046 7.054 7.063 7.073 7.082 7.092 7.103 7.114 7.125 7.136 7.147 7.158 7.168 7.177 7.187 7.197 7.206 7.217 7.228 7.240 7.253 7.266 7.278 7.292 7.313 7.336 7.363 7.397
6.688 6.692 6.696 6.701 6.706 6.711 6.717 6.724 6.730 6.737 6.745 6.753 6.761 6.770 6.779 6.788 6.798 6.808 6.817 6.827 6.836 6.845 6.854 6.863 6.871 6.880 6.888 6.897 6.905 6.912 6.920 6.928 6.935 6.942 6.949 6.956 6.963 6.970 6.977 6.984 6.991 6.998 7.005 7.012 7.019 7.026 7.034 7.042 7.050 7.058 7.067 7.076 7.085 7.095 7.105 7.116 7.127 7.138 7.149 7.161 7.171 7.181 7.189 7.199 7.208 7.217 7.227 7.237 7.250 7.265 7.279 7.293 7.309 7.331 7.356 7.385 7.422
6.694 6.698 6.703 6.707 6.712 6.718 6.723 6.729 6.736 6.743 6.751 6.758 6.767 6.775 6.784 6.794 6.803 6.813 6.823 6.832 6.842 6.851 6.860 6.869 6.878 6.887 6.896 6.904 6.913 6.921 6.929 6.937 6.944 6.952 6.959 6.966 6.973 6.980 6.987 6.995 7.002 7.009 7.016 7.024 7.031 7.038 7.046 7.054 7.062 7.071 7.079 7.089 7.098 7.108 7.118 7.129 7.140 7.151 7.162 7.174 7.184 7.193 7.200 7.209 7.218 7.226 7.236 7.247 7.261 7.276 7.292 7.307 7.325 7.349 7.375 7.407 7.445
6.701 6.705 6.709 6.714 6.718 6.724 6.729 6.736 6.742 6.749 6.756 6.764 6.772 6.781 6.790 6.799 6.809 6.819 6.829 6.838 6.848 6.857 6.867 6.876 6.885 6.894 6.903 6.912 6.921 6.929 6.937 6.945 6.953 6.961 6.969 6.976 6.984 6.991 6.998 7.006 7.013 7.021 7.028 7.035 7.043 7.050 7.058 7.066 7.074 7.083 7.092 7.101 7.111 7.121 7.131 7.141 7.152 7.164 7.175 7.186 7.196 7.204 7.212 7.220 7.228 7.236 7.246 7.257 7.271 7.287 7.303 7.321 7.342 7.367 7.395 7.429 7.470
6.707 6.711 6.716 6.720 6.725 6.730 6.736 6.742 6.748 6.755 6.762 6.770 6.778 6.787 6.796 6.805 6.815 6.825 6.835 6.844 6.854 6.864 6.873 6.883 6.892 6.901 6.911 6.920 6.929 6.937 6.946 6.954 6.962 6.971 6.978 6.986 6.994 7.001 7.009 7.017 7.024 7.032 7.040 7.047 7.054 7.062 7.070 7.078 7.087 7.095 7.104 7.113 7.123 7.133 7.143 7.154 7.165 7.176 7.188 7.199 7.208 7.216 7.223 7.231 7.239 7.247 7.256 7.268 7.282 7.297 7.314 7.335 7.359 7.386 7.415 7.453 7.497
6.714 6.718 6.723 6.727 6.732 6.737 6.742 6.748 6.755 6.761 6.769 6.776 6.784 6.793 6.802 6.811 6.821 6.831 6.841 6.851 6.860 6.870 6.880 6.890 6.899 6.909 6.918 6.927 6.937 6.946 6.954 6.963 6.972 6.980 6.988 6.996 7.004 7.012 7.020 7.027 7.036 7.044 7.051 7.059 7.066 7.074 7.082 7.090 7.099 7.107 7.116 7.126 7.135 7.145 7.156 7.166 7.177 7.189 7.200 7.211 7.220 7.228 7.234 7.242 7.249 7.257 7.266 7.278 7.291 7.307 7.326 7.349 7.377 7.406 7.437 7.479 7.527
6.721 6.725 6.730 6.734 6.739 6.744 6.749 6.755 6.761 6.768 6.775 6.783 6.791 6.799 6.808 6.817 6.827 6.837 6.847 6.857 6.867 6.877 6.887 6.896 6.906 6.916 6.926 6.935 6.945 6.954 6.963 6.972 6.981 6.989 6.998 7.006 7.014 7.022 7.030 7.038 7.047 7.055 7.063 7.070 7.078 7.086 7.094 7.102 7.111 7.120 7.129 7.138 7.148 7.158 7.168 7.179 7.190 7.201 7.212 7.223 7.232 7.239 7.245 7.253 7.260 7.267 7.276 7.288 7.301 7.317 7.338 7.365 7.397 7.428 7.462 7.508 7.558
6.729 6.733 6.737 6.741 6.746 6.751 6.756 6.762 6.768 6.775 6.782 6.789 6.797 6.806 6.814 6.824 6.833 6.844 6.854 6.864 6.873 6.883 6.893 6.903 6.913 6.923 6.933 6.943 6.953 6.962 6.972 6.981 6.990 6.999 7.007 7.016 7.024 7.033 7.041 7.049 7.058 7.066 7.074 7.082 7.090 7.098 7.106 7.114 7.123 7.132 7.141 7.150 7.160 7.170 7.180 7.191 7.202 7.213 7.224 7.235 7.244 7.251 7.257 7.264 7.271 7.277 7.286 7.297 7.310 7.327 7.351 7.382 7.418 7.451 7.487 7.538 7.592
6.736 6.740 6.744 6.749 6.754 6.759 6.764 6.769 6.776 6.782 6.789 6.796 6.804 6.812 6.821 6.830 6.840 6.850 6.860 6.870 6.880 6.890 6.900 6.911 6.921 6.931 6.941 6.951 6.961 6.971 6.980 6.990 6.999 7.008 7.017 7.026 7.035 7.043 7.052 7.060 7.069 7.077 7.085 7.093 7.101 7.109 7.118 7.126 7.135 7.144 7.153 7.162 7.172 7.182 7.192 7.203 7.214 7.225 7.236 7.247 7.256 7.263 7.268 7.275 7.281 7.287 7.295 7.307 7.320 7.338 7.365 7.400 7.442 7.477 7.515 7.570 7.628
6.744 6.748 6.752 6.757 6.761 6.766 6.771 6.777 6.783 6.789 6.796 6.803 6.811 6.819 6.828 6.837 6.847 6.857 6.867 6.877 6.887 6.897 6.908 6.918 6.928 6.938 6.949 6.959 6.969 6.979 6.989 6.998 7.008 7.017 7.027 7.036 7.045 7.053 7.062 7.071 7.080 7.088 7.096 7.104 7.113 7.121 7.129 7.138 7.146 7.155 7.164 7.174 7.183 7.193 7.204 7.214 7.225 7.237 7.248 7.259 7.268 7.274 7.279 7.285 7.291 7.297 7.305 7.316 7.331 7.351 7.381 7.421 7.466 7.503 7.545 7.603 7.662
6.752 6.756 6.760 6.765 6.769 6.774 6.779 6.785 6.791 6.797 6.804 6.811 6.819 6.827 6.835 6.844 6.854 6.864 6.874 6.884 6.894 6.904 6.915 6.925 6.936 6.946 6.956 6.967 6.977 6.987 6.997 7.007 7.017 7.027 7.036 7.045 7.054 7.063 7.072 7.081 7.091 7.099 7.107 7.116 7.124 7.132 7.141 7.149 7.158 7.167 7.176 7.185 7.195 7.205 7.215 7.226 7.237 7.248 7.260 7.271 7.279 7.285 7.289 7.295 7.301 7.306 7.315 7.326 7.342 7.364 7.397 7.440 7.490 7.530 7.574 7.634 7.695
6.760 6.764 6.768 6.773 6.777 6.782 6.787 6.793 6.799 6.805 6.811 6.819 6.826 6.834 6.843 6.852 6.861 6.871 6.882 6.891 6.902 6.912 6.922 6.933 6.943 6.954 6.964 6.975 6.985 6.996 7.006 7.016 7.026 7.036 7.045 7.055 7.064 7.073 7.082 7.092 7.101 7.110 7.118 7.127 7.135 7.143 7.152 7.161 7.169 7.178 7.187 7.196 7.206 7.216 7.226 7.237 7.248 7.260 7.271 7.282 7.291 7.296 7.299 7.305 7.311 7.316 7.324 7.336 7.353 7.379 7.415 7.462 7.518 7.560 7.604 7.666 7.729
6.768 6.772 6.776 6.781 6.786 6.791 6.796 6.801 6.807 6.813 6.819 6.826 6.834 6.842 6.850 6.859 6.869 6.879 6.889 6.899 6.909 6.919 6.930 6.940 6.951 6.961 6.972 6.983 6.993 7.004 7.014 7.025 7.035 7.045 7.055 7.064 7.074 7.083 7.093 7.102 7.111 7.120 7.129 7.137 7.146 7.154 7.163 7.172 7.180 7.189 7.198 7.207 7.217 7.227 7.237 7.248 7.259 7.271 7.282 7.293 7.301 7.305 7.308 7.314 7.320 7.325 7.333 7.347 7.367 7.395 7.434 7.489 7.550 7.591 7.635 7.699 7.762
6.776 6.780 6.785 6.789 6.794 6.799 6.804 6.809 6.815 6.821 6.828 6.834 6.842 6.850 6.858 6.867 6.876 6.886 6.896 6.906 6.916 6.927 6.937 6.948 6.958 6.969 6.980 6.991 7.001 7.012 7.023 7.033 7.043 7.054 7.064 7.074 7.083 7.093 7.102 7.112 7.122 7.130 7.139 7.148 7.156 7.165 7.174 7.182 7.191 7.200 7.209 7.218 7.227 7.237 7.247 7.258 7.270 7.281 7.293 7.303 7.310 7.314 7.317 7.323 7.330 7.335 7.345 7.361 7.383 7.416 7.461 7.520 7.581 7.622 7.667 7.731 7.795
6.785 6.789 6.793 6.798 6.803 6.807 6.813 6.818 6.823 6.829 6.836 6.843 6.850 6.857 6.866 6.875 6.884 6.894 6.904 6.914 6.924 6.934 6.945 6.955 6.966 6.977 6.988 6.998 7.009 7.020 7.031 7.042 7.052 7.062 7.073 7.083 7.093 7.102 7.112 7.122 7.131 7.140 7.149 7.158 7.166 7.175 7.184 7.193 7.201 7.210 7.219 7.228 7.237 7.247 7.257 7.268 7.280 7.291 7.302 7.312 7.318 7.322 7.326 7.333 7.340 7.347 7.359 7.377 7.403 7.440 7.491 7.550 7.611 7.652 7.697 7.762 7.827
6.793 6.798 6.802 6.807 6.811 6.816 6.821 6.826 6.832 6.838 6.844 6.851 6.858 6.865 6.874 6.882 6.892 6.902 6.912 6.921 6.931 6.942 6.952 6.963 6.974 6.984 6.995 7.006 7.017 7.028 7.039 7.050 7.061 7.071 7.081 7.092 7.102 7.111 7.121 7.131 7.141 7.150 7.159 7.168 7.176 7.185 7.194 7.203 7.211 7.220 7.229 7.238 7.247 7.257 7.267 7.278 7.289 7.300 7.311 7.319 7.326 7.330 7.335 7.344 7.352 7.362 7.376 7.397 7.427 7.467 7.520 7.580 7.640 7.681 7.726 7.793 7.858
6.802 6.806 6.811 6.815 6.820 6.825 6.830 6.835 6.840 6.846 6.852 6.859 6.866 6.874 6.882 6.890 6.900 6.910 6.919 6.929 6.939 6.949 6.960 6.970 6.981 6.992 7.003 7.014 7.025 7.036 7.047 7.058 7.069 7.079 7.090 7.100 7.110 7.120 7.130 7.141 7.150 7.159 7.168 7.177 7.186 7.195 7.203 7.212 7.221 7.230 7.238 7.247 7.256 7.266 7.276 7.287 7.297 7.308 7.318 7.327 7.333 7.339 7.345 7.356 7.367 7.379 7.396 7.420 7.453 7.495 7.548 7.608 7.670 7.711 7.756 7.823 7.888
6.810 6.815 6.819 6.824 6.829 6.833 6.838 6.844 6.849 6.855 6.861 6.867 6.874 6.882 6.890 6.898 6.908 6.918 6.927 6.937 6.947 6.957 6.967 6.978 6.989 7.000 7.011 7.022 7.033 7.044 7.055 7.066 7.077 7.088 7.098 7.109 7.119 7.129 7.139 7.150 7.159 7.168 7.177 7.186 7.195 7.204 7.213 7.221 7.230 7.239 7.248 7.257 7.265 7.275 7.284 7.294 7.305 7.315 7.325 7.333 7.341 7.348 7.357 7.370 7.383 7.397 7.418 7.446 7.479 7.522 7.574 7.635 7.699 7.740 7.785 7.853 7.918
