version2/TsunamiDB/out54162.asc
ncols          264
nrows          230
xllcorner      497853.4375
yllcorner      4229146.0000
cellsize         5.
NODATA_value   -99
[rows 102 to 135 of 230, columns 154 to 230 of 264]
6.816 6.820 6.823 6.827 6.831 6.835 6.838 6.842 6.846 6.850 6.853 6.857 6.861 6.865 6.869 6.874 6.878 6.883 6.888 6.893 6.898 6.904 6.909 6.915 6.922 6.929 6.936 6.943 6.951 6.960 6.968 6.977 6.987 6.997 7.007 7.017 7.028 7.039 7.051 7.063 7.075 7.087 7.099 7.111 7.124 7.137 7.150 7.163 7.176 7.189 7.202 7.214 7.227 7.239 7.252 7.264 7.276 7.289 7.300 7.311 7.322 7.333 7.344 7.358 7.373 7.389 7.409 7.433 7.461 7.495 7.538 7.590 7.647 7.684 7.722 7.783 7.840
6.822 6.825 6.829 6.833 6.836 6.840 6.844 6.848 6.851 6.855 6.859 6.863 6.867 6.871 6.875 6.880 6.884 6.889 6.894 6.899 6.904 6.909 6.915 6.921 6.927 6.934 6.941 6.949 6.957 6.965 6.974 6.983 6.992 7.002 7.013 7.023 7.034 7.045 7.057 7.069 7.081 7.094 7.106 7.118 7.131 7.144 7.157 7.170 7.183 7.196 7.209 7.222 7.234 7.247 7.259 7.271 7.283 7.296 7.308 7.320 7.332 7.344 7.358 7.374 7.390 7.409 7.432 7.458 7.486 7.520 7.564 7.618 7.678 7.716 7.755 7.816 7.872
6.827 6.831 6.834 6.838 6.842 6.846 6.849 6.853 6.857 6.861 6.865 6.869 6.873 6.877 6.881 6.885 6.890 6.895 6.900 6.905 6.910 6.915 6.921 6.927 6.933 6.940 6.947 6.954 6.962 6.970 6.979 6.988 6.998 7.008 7.018 7.029 7.040 7.051 7.063 7.075 7.088 7.100 7.112 7.125 7.137 7.150 7.163 7.177 7.190 7.203 7.216 7.229 7.241 7.253 7.265 7.277 7.289 7.301 7.314 7.327 7.341 7.355 7.371 7.389 7.407 7.428 7.454 7.482 7.512 7.547 7.591 7.645 7.707 7.747 7.787 7.847 7.901
6.832 6.836 6.840 6.843 6.847 6.851 6.855 6.858 6.862 6.866 6.870 6.874 6.878 6.882 6.887 6.891 6.896 6.901 6.905 6.910 6.915 6.921 6.926 6.932 6.938 6.945 6.952 6.960 6.967 6.976 6.984 6.994 7.003 7.013 7.024 7.034 7.045 7.057 7.069 7.081 7.093 7.106 7.118 7.131 7.143 7.156 7.170 7.183 7.196 7.210 7.223 7.236 7.247 7.259 7.271 7.282 7.294 7.307 7.320 7.335 7.351 7.367 7.385 7.404 7.424 7.448 7.476 7.506 7.537 7.573 7.616 7.672 7.741 7.782 7.820 7.879 7.932
6.838 6.841 6.845 6.849 6.852 6.856 6.860 6.864 6.868 6.871 6.875 6.879 6.884 6.888 6.892 6.896 6.901 6.906 6.911 6.916 6.921 6.926 6.932 6.938 6.944 6.950 6.957 6.965 6.973 6.981 6.990 6.999 7.008 7.018 7.029 7.040 7.051 7.062 7.074 7.087 7.099 7.111 7.124 7.136 7.149 7.162 7.176 7.189 7.203 7.216 7.229 7.241 7.252 7.264 7.276 7.287 7.300 7.312 7.327 7.344 7.361 7.379 7.399 7.420 7.442 7.468 7.498 7.529 7.564 7.600 7.643 7.709 7.782 7.819 7.855 7.912 7.961
6.843 6.846 6.850 6.854 6.857 6.861 6.865 6.869 6.873 6.877 6.881 6.885 6.889 6.893 6.897 6.902 6.907 6.912 6.916 6.921 6.926 6.932 6.937 6.943 6.949 6.956 6.963 6.970 6.978 6.986 6.995 7.004 7.013 7.023 7.034 7.045 7.056 7.068 7.080 7.092 7.105 7.117 7.129 7.142 7.155 7.168 7.181 7.195 7.209 7.222 7.235 7.246 7.257 7.269 7.281 7.293 7.305 7.319 7.335 7.353 7.372 7.392 7.415 7.437 7.460 7.488 7.521 7.556 7.593 7.634 7.685 7.754 7.819 7.854 7.889 7.942 7.988
6.847 6.851 6.855 6.858 6.862 6.866 6.870 6.874 6.878 6.882 6.886 6.890 6.894 6.898 6.902 6.907 6.912 6.917 6.922 6.927 6.932 6.937 6.942 6.948 6.954 6.961 6.968 6.975 6.983 6.991 7.000 7.009 7.018 7.028 7.039 7.050 7.061 7.073 7.085 7.097 7.110 7.122 7.135 7.147 7.160 7.173 7.187 7.200 7.214 7.227 7.240 7.251 7.262 7.274 7.286 7.298 7.312 7.327 7.344 7.363 7.383 7.407 7.432 7.455 7.479 7.511 7.548 7.586 7.627 7.675 7.731 7.794 7.854 7.886 7.920 7.969 8.012
6.852 6.856 6.859 6.863 6.867 6.871 6.875 6.878 6.882 6.886 6.890 6.895 6.899 6.903 6.907 6.912 6.917 6.922 6.927 6.932 6.937 6.942 6.948 6.953 6.960 6.966 6.973 6.980 6.988 6.996 7.004 7.013 7.023 7.033 7.043 7.054 7.066 7.077 7.090 7.102 7.115 7.127 7.140 7.152 7.165 7.179 7.192 7.206 7.219 7.232 7.244 7.256 7.268 7.280 7.292 7.305 7.320 7.336 7.354 7.373 7.396 7.422 7.449 7.474 7.500 7.536 7.577 7.619 7.666 7.717 7.774 7.832 7.886 7.916 7.948 7.993 8.032
6.857 6.860 6.864 6.868 6.872 6.875 6.879 6.883 6.887 6.891 6.895 6.899 6.904 6.908 6.912 6.917 6.922 6.927 6.932 6.937 6.942 6.947 6.953 6.958 6.964 6.971 6.978 6.985 6.992 7.001 7.009 7.018 7.028 7.038 7.048 7.059 7.070 7.082 7.094 7.107 7.120 7.132 7.145 7.157 7.170 7.183 7.197 7.210 7.224 7.237 7.249 7.261 7.273 7.286 7.299 7.312 7.328 7.345 7.364 7.385 7.409 7.437 7.469 7.496 7.524 7.564 7.608 7.656 7.706 7.758 7.813 7.867 7.916 7.944 7.973 8.014 8.050
6.861 6.865 6.868 6.872 6.876 6.880 6.884 6.888 6.892 6.896 6.900 6.904 6.908 6.913 6.917 6.922 6.927 6.932 6.937 6.942 6.947 6.952 6.958 6.963 6.969 6.976 6.982 6.990 6.997 7.005 7.014 7.023 7.032 7.042 7.052 7.063 7.075 7.087 7.099 7.112 7.124 7.137 7.149 7.162 7.175 7.188 7.201 7.214 7.228 7.241 7.254 7.267 7.279 7.292 7.306 7.320 7.336 7.355 7.374 7.396 7.423 7.454 7.490 7.519 7.549 7.594 7.642 7.693 7.744 7.797 7.850 7.899 7.944 7.970 7.996 8.033 8.066
6.865 6.869 6.873 6.876 6.880 6.884 6.888 6.892 6.896 6.900 6.904 6.908 6.913 6.917 6.922 6.926 6.931 6.936 6.941 6.946 6.951 6.957 6.962 6.968 6.974 6.980 6.987 6.994 7.002 7.010 7.018 7.027 7.036 7.046 7.057 7.067 7.079 7.091 7.103 7.116 7.129 7.141 7.153 7.166 7.179 7.192 7.205 7.218 7.232 7.245 7.259 7.272 7.285 7.298 7.312 7.328 7.345 7.365 7.385 7.409 7.438 7.473 7.513 7.544 7.576 7.626 7.677 7.729 7.781 7.833 7.883 7.929 7.969 7.993 8.017 8.051 8.080
6.869 6.873 6.877 6.881 6.885 6.888 6.892 6.896 6.900 6.904 6.909 6.913 6.917 6.922 6.926 6.931 6.936 6.941 6.946 6.951 6.956 6.961 6.967 6.973 6.979 6.985 6.991 6.998 7.006 7.014 7.022 7.031 7.040 7.050 7.061 7.071 7.083 7.095 7.107 7.120 7.133 7.145 7.157 7.170 7.183 7.195 7.208 7.222 7.235 7.249 7.263 7.277 7.291 7.305 7.319 7.336 7.354 7.375 7.397 7.422 7.454 7.493 7.537 7.569 7.605 7.657 7.710 7.763 7.814 7.864 7.912 7.954 7.991 8.013 8.035 8.065 8.092
6.874 6.877 6.881 6.885 6.889 6.893 6.896 6.901 6.905 6.909 6.913 6.917 6.921 6.926 6.930 6.935 6.940 6.945 6.950 6.955 6.960 6.966 6.971 6.977 6.983 6.989 6.996 7.003 7.010 7.018 7.026 7.035 7.044 7.054 7.064 7.075 7.086 7.098 7.111 7.124 7.136 7.149 7.161 7.173 7.186 7.198 7.211 7.225 7.239 7.253 7.268 7.282 7.296 7.311 7.326 7.343 7.363 7.385 7.408 7.436 7.470 7.512 7.559 7.595 7.633 7.686 7.740 7.793 7.844 7.892 7.938 7.977 8.012 8.032 8.052 8.079 8.104
6.878 6.881 6.885 6.889 6.893 6.897 6.901 6.905 6.909 6.913 6.917 6.921 6.926 6.930 6.935 6.940 6.945 6.950 6.954 6.959 6.965 6.970 6.975 6.981 6.987 6.993 7.000 7.007 7.014 7.022 7.030 7.038 7.048 7.057 7.068 7.078 7.090 7.102 7.114 7.127 7.140 7.152 7.163 7.176 7.188 7.201 7.214 7.227 7.242 7.257 7.272 7.287 7.302 7.317 7.332 7.351 7.372 7.395 7.420 7.451 7.487 7.532 7.586 7.624 7.662 7.717 7.772 7.824 7.874 7.921 7.964 8.001 8.032 8.050 8.068 8.093 8.115
6.882 6.885 6.889 6.893 6.897 6.901 6.905 6.909 6.913 6.917 6.921 6.925 6.930 6.934 6.939 6.944 6.949 6.954 6.959 6.964 6.969 6.974 6.980 6.985 6.991 6.997 7.004 7.010 7.018 7.025 7.033 7.042 7.051 7.061 7.071 7.082 7.093 7.105 7.117 7.130 7.142 7.154 7.165 7.178 7.190 7.203 7.216 7.230 7.245 7.260 7.276 7.291 7.306 7.322 7.339 7.358 7.381 7.406 7.434 7.467 7.506 7.559 7.617 7.654 7.692 7.748 7.802 7.854 7.902 7.947 7.988 8.022 8.049 8.066 8.082 8.105 8.125
6.886 6.889 6.893 6.897 6.901 6.905 6.909 6.913 6.917 6.921 6.925 6.929 6.934 6.938 6.943 6.948 6.953 6.958 6.963 6.968 6.973 6.978 6.983 6.989 6.995 7.001 7.007 7.014 7.021 7.029 7.037 7.045 7.054 7.064 7.074 7.084 7.096 7.108 7.120 7.133 7.145 7.156 7.167 7.180 7.192 7.205 7.218 7.232 7.248 7.263 7.280 7.295 7.312 7.328 7.346 7.367 7.391 7.419 7.451 7.487 7.533 7.590 7.647 7.683 7.721 7.777 7.830 7.881 7.928 7.971 8.009 8.039 8.065 8.081 8.096 8.116 8.134
6.890 6.893 6.897 6.901 6.905 6.908 6.912 6.917 6.921 6.925 6.929 6.933 6.938 6.942 6.947 6.952 6.957 6.962 6.967 6.972 6.977 6.982 6.987 6.993 6.999 7.005 7.011 7.018 7.025 7.032 7.040 7.048 7.057 7.067 7.077 7.087 7.098 7.110 7.122 7.135 7.146 7.158 7.169 7.181 7.194 7.206 7.220 7.235 7.250 7.266 7.283 7.300 7.317 7.335 7.354 7.377 7.404 7.435 7.470 7.513 7.563 7.620 7.675 7.711 7.748 7.803 7.856 7.906 7.951 7.992 8.027 8.056 8.080 8.095 8.108 8.127 8.143
6.894 6.897 6.901 6.905 6.909 6.912 6.916 6.920 6.925 6.929 6.933 6.937 6.942 6.946 6.951 6.956 6.961 6.966 6.970 6.975 6.980 6.986 6.991 6.997 7.002 7.008 7.015 7.021 7.028 7.035 7.043 7.051 7.060 7.069 7.079 7.090 7.101 7.112 7.124 7.136 7.148 7.159 7.170 7.183 7.195 7.208 7.222 7.237 7.253 7.269 7.286 7.304 7.323 7.342 7.363 7.389 7.420 7.454 7.494 7.540 7.592 7.647 7.701 7.736 7.774 7.828 7.880 7.929 7.972 8.010 8.043 8.071 8.094 8.107 8.120 8.136 8.151
6.898 6.901 6.905 6.909 6.912 6.916 6.920 6.924 6.928 6.933 6.937 6.941 6.945 6.950 6.955 6.960 6.965 6.969 6.974 6.979 6.984 6.989 6.995 7.000 7.006 7.012 7.018 7.025 7.031 7.039 7.046 7.054 7.063 7.072 7.081 7.092 7.103 7.114 7.126 7.138 7.149 7.161 7.172 7.184 7.197 7.210 7.224 7.239 7.255 7.271 7.289 7.309 7.331 7.352 7.374 7.404 7.438 7.477 7.520 7.567 7.619 7.674 7.727 7.761 7.797 7.851 7.902 7.949 7.990 8.027 8.059 8.085 8.107 8.119 8.130 8.145 8.158
6.902 6.905 6.909 6.913 6.916 6.920 6.924 6.928 6.932 6.936 6.941 6.945 6.949 6.954 6.958 6.963 6.968 6.973 6.978 6.983 6.988 6.993 6.998 7.004 7.009 7.015 7.021 7.028 7.035 7.042 7.049 7.057 7.065 7.074 7.084 7.094 7.104 7.115 7.127 7.139 7.151 7.162 7.173 7.186 7.199 7.212 7.226 7.241 7.257 7.274 7.293 7.315 7.340 7.363 7.388 7.421 7.459 7.501 7.545 7.593 7.645 7.698 7.750 7.784 7.819 7.872 7.922 7.967 8.008 8.043 8.074 8.099 8.119 8.129 8.139 8.153 8.164
6.906 6.910 6.913 6.917 6.921 6.924 6.928 6.932 6.936 6.940 6.945 6.949 6.953 6.958 6.962 6.967 6.972 6.977 6.982 6.987 6.992 6.997 7.002 7.007 7.013 7.019 7.025 7.031 7.038 7.045 7.052 7.060 7.068 7.076 7.086 7.095 7.106 7.117 7.128 7.140 7.152 7.163 7.175 7.187 7.200 7.213 7.227 7.243 7.259 7.276 7.297 7.322 7.350 7.375 7.403 7.440 7.481 7.525 7.570 7.618 7.668 7.721 7.773 7.806 7.840 7.892 7.941 7.985 8.024 8.058 8.088 8.111 8.129 8.139 8.148 8.159 8.169
6.910 6.914 6.917 6.921 6.925 6.928 6.932 6.936 6.940 6.944 6.949 6.953 6.957 6.962 6.966 6.971 6.976 6.981 6.985 6.990 6.995 7.000 7.006 7.011 7.016 7.022 7.028 7.034 7.041 7.048 7.055 7.062 7.070 7.079 7.087 7.097 7.107 7.118 7.129 7.141 7.153 7.164 7.175 7.188 7.201 7.214 7.228 7.244 7.261 7.280 7.303 7.330 7.362 7.389 7.419 7.460 7.503 7.548 7.593 7.640 7.690 7.742 7.795 7.827 7.861 7.912 7.958 8.001 8.038 8.072 8.100 8.121 8.137 8.146 8.153 8.163 8.172
6.915 6.918 6.922 6.925 6.929 6.933 6.936 6.940 6.944 6.948 6.953 6.957 6.961 6.965 6.970 6.975 6.980 6.984 6.989 6.994 6.999 7.004 7.009 7.014 7.020 7.026 7.031 7.037 7.044 7.051 7.058 7.065 7.073 7.081 7.089 7.098 7.108 7.119 7.130 7.142 7.154 7.165 7.176 7.188 7.201 7.214 7.229 7.245 7.263 7.284 7.309 7.339 7.373 7.404 7.436 7.479 7.524 7.570 7.616 7.663 7.712 7.763 7.815 7.848 7.881 7.930 7.975 8.016 8.051 8.083 8.110 8.131 8.145 8.152 8.158 8.167 8.176
6.919 6.923 6.926 6.930 6.933 6.937 6.941 6.945 6.948 6.952 6.957 6.961 6.965 6.969 6.974 6.979 6.984 6.988 6.993 6.998 7.003 7.008 7.013 7.018 7.023 7.029 7.035 7.041 7.047 7.054 7.061 7.068 7.075 7.082 7.091 7.100 7.109 7.120 7.131 7.143 7.155 7.166 7.177 7.189 7.201 7.215 7.230 7.247 7.266 7.289 7.316 7.349 7.389 7.421 7.455 7.500 7.547 7.594 7.639 7.686 7.733 7.783 7.837 7.870 7.902 7.949 7.992 8.030 8.065 8.095 8.121 8.140 8.151 8.157 8.162 8.170 8.178
6.924 6.927 6.931 6.934 6.938 6.941 6.945 6.949 6.953 6.957 6.961 6.965 6.969 6.973 6.978 6.983 6.988 6.992 6.997 7.002 7.006 7.011 7.016 7.022 7.027 7.032 7.038 7.044 7.050 7.057 7.063 7.070 7.077 7.084 7.092 7.101 7.111 7.121 7.132 7.144 7.156 7.166 7.176 7.189 7.201 7.215 7.231 7.249 7.271 7.296 7.325 7.364 7.407 7.440 7.475 7.521 7.569 7.616 7.663 7.708 7.754 7.808 7.863 7.893 7.923 7.968 8.008 8.045 8.077 8.106 8.131 8.146 8.154 8.159 8.165 8.172 8.180
6.929 6.932 6.935 6.939 6.942 6.946 6.949 6.953 6.957 6.961 6.965 6.969 6.973 6.977 6.982 6.987 6.991 6.996 7.001 7.005 7.010 7.015 7.020 7.025 7.030 7.036 7.041 7.047 7.053 7.060 7.066 7.073 7.079 7.086 7.094 7.103 7.112 7.122 7.134 7.145 7.156 7.166 7.177 7.189 7.202 7.217 7.234 7.254 7.278 7.306 7.340 7.382 7.426 7.460 7.495 7.543 7.592 7.640 7.687 7.733 7.782 7.836 7.886 7.914 7.943 7.985 8.023 8.057 8.087 8.114 8.136 8.148 8.157 8.162 8.167 8.174 8.182
6.934 6.937 6.940 6.943 6.947 6.950 6.954 6.958 6.961 6.965 6.969 6.973 6.977 6.981 6.986 6.991 6.995 7.000 7.004 7.009 7.014 7.019 7.024 7.029 7.034 7.039 7.045 7.051 7.057 7.063 7.069 7.075 7.082 7.089 7.096 7.104 7.113 7.123 7.134 7.145 7.156 7.166 7.177 7.190 7.204 7.220 7.239 7.261 7.287 7.319 7.357 7.401 7.445 7.479 7.515 7.564 7.615 7.664 7.712 7.760 7.811 7.861 7.908 7.934 7.962 8.001 8.036 8.068 8.095 8.119 8.138 8.150 8.159 8.164 8.168 8.176 8.184
6.939 6.942 6.945 6.948 6.951 6.955 6.958 6.962 6.966 6.970 6.973 6.977 6.981 6.986 6.990 6.995 6.999 7.004 7.008 7.013 7.018 7.022 7.027 7.032 7.038 7.043 7.048 7.054 7.060 7.066 7.072 7.078 7.084 7.091 7.098 7.106 7.115 7.125 7.135 7.145 7.156 7.167 7.179 7.193 7.207 7.225 7.246 7.270 7.300 7.334 7.375 7.419 7.464 7.499 7.536 7.587 7.638 7.689 7.739 7.788 7.838 7.885 7.928 7.953 7.978 8.015 8.047 8.076 8.101 8.122 8.139 8.151 8.160 8.165 8.169 8.178 8.186
6.944 6.947 6.950 6.953 6.956 6.960 6.963 6.967 6.970 6.974 6.978 6.982 6.986 6.990 6.994 6.999 7.003 7.008 7.012 7.017 7.022 7.026 7.031 7.036 7.041 7.046 7.052 7.057 7.063 7.069 7.075 7.081 7.087 7.093 7.100 7.108 7.116 7.125 7.136 7.146 7.157 7.168 7.181 7.196 7.212 7.232 7.255 7.283 7.314 7.351 7.392 7.438 7.484 7.520 7.558 7.610 7.662 7.715 7.766 7.815 7.863 7.907 7.947 7.970 7.994 8.027 8.056 8.083 8.105 8.124 8.139 8.151 8.161 8.166 8.171 8.180 8.189
6.949 6.952 6.955 6.958 6.961 6.965 6.968 6.971 6.975 6.979 6.982 6.986 6.990 6.994 6.998 7.003 7.008 7.012 7.016 7.021 7.025 7.030 7.035 7.040 7.045 7.050 7.055 7.061 7.067 7.073 7.079 7.084 7.090 7.096 7.102 7.109 7.117 7.126 7.136 7.146 7.158 7.170 7.185 7.201 7.218 7.240 7.266 7.296 7.329 7.367 7.410 7.456 7.505 7.542 7.580 7.633 7.688 7.741 7.792 7.841 7.887 7.928 7.964 7.985 8.007 8.037 8.064 8.088 8.108 8.125 8.139 8.151 8.162 8.167 8.172 8.182 8.192
6.954 6.957 6.960 6.963 6.966 6.969 6.973 6.976 6.980 6.983 6.987 6.991 6.995 6.999 7.003 7.007 7.012 7.016 7.021 7.025 7.029 7.034 7.039 7.044 7.049 7.054 7.059 7.065 7.071 7.077 7.082 7.087 7.093 7.098 7.105 7.111 7.118 7.127 7.137 7.147 7.159 7.174 7.190 7.207 7.226 7.250 7.279 7.311 7.345 7.384 7.427 7.476 7.526 7.564 7.602 7.658 7.714 7.767 7.817 7.865 7.909 7.947 7.979 7.999 8.019 8.046 8.070 8.092 8.110 8.126 8.139 8.152 8.163 8.169 8.174 8.184 8.195
6.959 6.962 6.965 6.968 6.971 6.975 6.978 6.981 6.985 6.988 6.992 6.995 6.999 7.003 7.007 7.012 7.016 7.020 7.025 7.029 7.034 7.038 7.043 7.048 7.053 7.058 7.063 7.069 7.074 7.080 7.086 7.091 7.095 7.101 7.107 7.112 7.120 7.128 7.138 7.149 7.162 7.178 7.196 7.214 7.235 7.261 7.292 7.325 7.361 7.400 7.445 7.495 7.548 7.586 7.626 7.683 7.738 7.791 7.840 7.886 7.928 7.963 7.992 8.011 8.029 8.053 8.075 8.094 8.111 8.126 8.139 8.152 8.164 8.170 8.175 8.187 8.197
6.965 6.967 6.970 6.973 6.976 6.980 6.983 6.986 6.989 6.993 6.996 7.000 7.004 7.008 7.012 7.016 7.020 7.025 7.029 7.033 7.038 7.042 7.047 7.052 7.057 7.062 7.067 7.072 7.078 7.084 7.090 7.094 7.098 7.103 7.109 7.114 7.121 7.129 7.139 7.151 7.165 7.182 7.202 7.222 7.244 7.272 7.304 7.340 7.377 7.417 7.463 7.514 7.569 7.609 7.650 7.707 7.761 7.813 7.861 7.905 7.945 7.979 8.005 8.022 8.038 8.060 8.080 8.098 8.113 8.127 8.140 8.153 8.165 8.171 8.177 8.189 8.200
6.970 6.973 6.976 6.979 6.982 6.985 6.988 6.991 6.994 6.998 7.001 7.005 7.008 7.012 7.017 7.021 7.025 7.029 7.033 7.037 7.042 7.046 7.051 7.056 7.060 7.066 7.071 7.076 7.082 7.088 7.093 7.098 7.101 7.106 7.111 7.116 7.122 7.131 7.141 7.154 7.169 7.188 7.210 7.231 7.254 7.284 7.318 7.355 7.394 7.436 7.482 7.535 7.595 7.635 7.676 7.732 7.786 7.836 7.882 7.925 7.963 7.994 8.018 8.032 8.047 8.066 8.084 8.101 8.115 8.128 8.141 8.153 8.166 8.172 8.179 8.191 8.203
