version2/TsunamiDB/out54061.asc
ncols          264
nrows          230
xllcorner      497853.4375
yllcorner      4229146.0000
cellsize         5.
NODATA_value   -99
[rows 165 to 197 of 230, columns 148 to 221 of 264]
6.718 6.739 6.760 6.783 6.806 6.830 6.854 6.879 6.903 6.926 6.949 6.970 6.989 7.007 7.021 7.033 7.042 7.050 7.065 7.089 7.121 7.158 7.207 7.266 7.333 7.410 7.493 7.579 7.665 7.733 7.808 7.900 7.991 8.078 8.160 8.240 8.315 8.386 8.451 8.493 8.537 8.601 8.662 8.720 8.773 8.824 8.869 8.906 8.933 8.947 8.962 8.987 9.010 9.032 9.051 9.068 9.083 9.097 9.108 9.110 9.112 9.123 9.135 9.146 9.157 9.167 9.177 9.185 9.190 9.189 9.188 9.194 9.200 9.206
6.729 6.749 6.770 6.792 6.815 6.839 6.864 6.889 6.914 6.938 6.962 6.984 7.004 7.023 7.039 7.051 7.061 7.069 7.083 7.109 7.141 7.180 7.231 7.292 7.364 7.445 7.531 7.624 7.712 7.780 7.855 7.949 8.040 8.128 8.212 8.291 8.366 8.439 8.505 8.544 8.587 8.649 8.708 8.764 8.815 8.863 8.907 8.939 8.962 8.975 8.989 9.011 9.033 9.053 9.070 9.086 9.101 9.114 9.125 9.127 9.129 9.140 9.151 9.162 9.172 9.183 9.192 9.199 9.203 9.201 9.201 9.206 9.211 9.216
6.740 6.760 6.780 6.802 6.825 6.849 6.874 6.899 6.925 6.950 6.974 6.998 7.019 7.039 7.056 7.070 7.079 7.089 7.104 7.131 7.164 7.204 7.258 7.323 7.399 7.483 7.575 7.671 7.758 7.825 7.900 7.996 8.088 8.178 8.262 8.342 8.419 8.492 8.555 8.594 8.635 8.695 8.752 8.806 8.855 8.900 8.939 8.968 8.991 9.003 9.015 9.036 9.055 9.074 9.091 9.106 9.120 9.132 9.143 9.144 9.145 9.156 9.167 9.178 9.188 9.198 9.206 9.212 9.216 9.214 9.213 9.217 9.221 9.226
6.753 6.772 6.792 6.814 6.837 6.860 6.885 6.911 6.937 6.962 6.988 7.012 7.035 7.056 7.074 7.088 7.099 7.110 7.127 7.155 7.190 7.232 7.288 7.357 7.435 7.524 7.619 7.714 7.800 7.867 7.943 8.040 8.135 8.226 8.311 8.393 8.471 8.542 8.603 8.640 8.680 8.739 8.794 8.845 8.892 8.933 8.969 8.996 9.018 9.029 9.041 9.060 9.079 9.096 9.111 9.126 9.139 9.151 9.161 9.161 9.163 9.173 9.184 9.195 9.204 9.213 9.220 9.226 9.229 9.227 9.225 9.228 9.232 9.236
6.768 6.786 6.806 6.827 6.849 6.873 6.898 6.923 6.949 6.976 7.002 7.027 7.051 7.073 7.093 7.109 7.121 7.133 7.151 7.182 7.219 7.263 7.322 7.392 7.474 7.564 7.660 7.755 7.841 7.908 7.985 8.084 8.180 8.273 8.360 8.443 8.520 8.589 8.648 8.684 8.723 8.779 8.832 8.881 8.925 8.963 8.997 9.024 9.045 9.056 9.066 9.085 9.102 9.118 9.133 9.146 9.159 9.170 9.179 9.179 9.180 9.190 9.201 9.211 9.220 9.228 9.235 9.239 9.242 9.240 9.237 9.240 9.243 9.246
6.784 6.802 6.821 6.842 6.864 6.887 6.912 6.937 6.963 6.990 7.017 7.043 7.068 7.091 7.113 7.131 7.145 7.159 7.179 7.212 7.250 7.297 7.357 7.430 7.512 7.602 7.698 7.792 7.880 7.948 8.026 8.127 8.224 8.318 8.406 8.489 8.566 8.633 8.690 8.725 8.763 8.816 8.867 8.914 8.955 8.992 9.024 9.050 9.071 9.081 9.091 9.109 9.126 9.141 9.155 9.167 9.179 9.189 9.198 9.198 9.199 9.208 9.219 9.228 9.237 9.244 9.249 9.253 9.256 9.253 9.249 9.252 9.254 9.256
6.802 6.820 6.838 6.858 6.880 6.903 6.927 6.953 6.979 7.006 7.033 7.060 7.087 7.112 7.135 7.155 7.171 7.187 7.209 7.243 7.284 7.331 7.393 7.467 7.547 7.637 7.732 7.828 7.918 7.987 8.065 8.167 8.267 8.362 8.450 8.533 8.609 8.674 8.730 8.763 8.799 8.851 8.900 8.944 8.984 9.019 9.050 9.075 9.096 9.107 9.116 9.134 9.150 9.164 9.177 9.188 9.199 9.209 9.218 9.217 9.217 9.227 9.237 9.246 9.253 9.259 9.264 9.267 9.269 9.266 9.262 9.263 9.265 9.267
6.821 6.839 6.857 6.877 6.898 6.920 6.944 6.970 6.996 7.024 7.052 7.080 7.107 7.134 7.159 7.181 7.200 7.217 7.241 7.277 7.318 7.367 7.429 7.501 7.581 7.669 7.765 7.863 7.955 8.024 8.104 8.208 8.309 8.404 8.492 8.574 8.649 8.713 8.766 8.798 8.832 8.882 8.929 8.972 9.010 9.044 9.074 9.100 9.121 9.131 9.140 9.158 9.173 9.187 9.199 9.209 9.219 9.229 9.237 9.237 9.237 9.246 9.255 9.263 9.270 9.275 9.279 9.282 9.283 9.278 9.274 9.275 9.276 9.276
6.840 6.858 6.877 6.897 6.917 6.940 6.964 6.989 7.016 7.044 7.072 7.101 7.130 7.158 7.185 7.209 7.229 7.248 7.274 7.311 7.353 7.402 7.464 7.535 7.614 7.701 7.797 7.897 7.992 8.062 8.142 8.248 8.348 8.443 8.530 8.611 8.685 8.747 8.798 8.829 8.862 8.910 8.955 8.997 9.034 9.068 9.098 9.123 9.144 9.154 9.164 9.180 9.196 9.209 9.220 9.230 9.240 9.249 9.258 9.257 9.257 9.265 9.274 9.281 9.286 9.291 9.294 9.296 9.296 9.291 9.286 9.286 9.286 9.286
6.860 6.879 6.898 6.918 6.938 6.961 6.984 7.010 7.037 7.065 7.095 7.125 7.155 7.185 7.213 7.239 7.261 7.282 7.308 7.346 7.389 7.437 7.498 7.569 7.646 7.733 7.829 7.929 8.027 8.099 8.179 8.285 8.384 8.479 8.565 8.645 8.718 8.778 8.828 8.858 8.889 8.935 8.979 9.020 9.057 9.090 9.120 9.145 9.166 9.176 9.186 9.202 9.218 9.231 9.242 9.251 9.260 9.269 9.278 9.277 9.277 9.285 9.292 9.298 9.303 9.307 9.309 9.310 9.310 9.303 9.298 9.297 9.296 9.295
6.880 6.900 6.920 6.940 6.961 6.983 7.007 7.032 7.060 7.089 7.119 7.150 7.181 7.212 7.243 7.270 7.294 7.316 7.342 7.380 7.423 7.471 7.531 7.600 7.677 7.763 7.859 7.962 8.064 8.136 8.215 8.320 8.420 8.513 8.598 8.678 8.749 8.808 8.856 8.884 8.914 8.959 9.002 9.042 9.079 9.112 9.142 9.167 9.188 9.198 9.207 9.224 9.239 9.253 9.263 9.273 9.281 9.290 9.299 9.298 9.297 9.305 9.311 9.316 9.320 9.323 9.325 9.324 9.322 9.315 9.309 9.307 9.305 9.303
6.901 6.921 6.942 6.962 6.984 7.006 7.031 7.056 7.084 7.114 7.144 7.176 7.209 7.242 7.273 7.302 7.327 7.349 7.376 7.415 7.457 7.504 7.563 7.632 7.709 7.795 7.891 8.000 8.104 8.173 8.251 8.356 8.454 8.545 8.630 8.708 8.778 8.834 8.879 8.907 8.937 8.981 9.024 9.063 9.099 9.133 9.163 9.187 9.208 9.218 9.228 9.244 9.260 9.273 9.284 9.294 9.301 9.311 9.321 9.319 9.318 9.324 9.330 9.334 9.336 9.338 9.339 9.338 9.334 9.327 9.319 9.316 9.314 9.311
6.921 6.942 6.964 6.985 7.007 7.031 7.055 7.081 7.110 7.140 7.171 7.204 7.238 7.271 7.305 7.335 7.360 7.383 7.411 7.450 7.492 7.538 7.597 7.665 7.743 7.831 7.932 8.041 8.141 8.209 8.286 8.389 8.485 8.576 8.659 8.735 8.802 8.856 8.901 8.929 8.958 9.002 9.044 9.083 9.119 9.152 9.181 9.206 9.227 9.237 9.247 9.264 9.279 9.293 9.305 9.314 9.323 9.333 9.342 9.340 9.338 9.343 9.348 9.351 9.352 9.353 9.353 9.350 9.346 9.337 9.329 9.325 9.321 9.317
6.940 6.963 6.986 7.008 7.031 7.055 7.080 7.107 7.136 7.166 7.199 7.232 7.267 7.302 7.336 7.367 7.394 7.418 7.446 7.485 7.527 7.573 7.632 7.701 7.780 7.871 7.974 8.079 8.175 8.242 8.318 8.419 8.514 8.604 8.684 8.758 8.822 8.876 8.922 8.949 8.978 9.021 9.063 9.102 9.137 9.170 9.198 9.223 9.244 9.255 9.265 9.282 9.298 9.313 9.325 9.335 9.345 9.354 9.362 9.360 9.357 9.362 9.365 9.367 9.367 9.367 9.365 9.361 9.356 9.347 9.337 9.332 9.328 9.323
6.960 6.984 7.008 7.032 7.055 7.080 7.106 7.133 7.162 7.194 7.226 7.261 7.296 7.332 7.367 7.399 7.427 7.452 7.481 7.520 7.563 7.610 7.669 7.740 7.821 7.912 8.013 8.115 8.207 8.273 8.348 8.448 8.541 8.629 8.708 8.778 8.841 8.895 8.941 8.968 8.996 9.039 9.081 9.119 9.154 9.186 9.215 9.240 9.261 9.272 9.282 9.300 9.317 9.331 9.344 9.355 9.365 9.374 9.381 9.379 9.375 9.379 9.381 9.382 9.381 9.379 9.376 9.371 9.366 9.355 9.344 9.338 9.333 9.326
6.979 7.004 7.029 7.054 7.079 7.104 7.131 7.159 7.189 7.220 7.254 7.289 7.325 7.361 7.398 7.431 7.460 7.486 7.516 7.557 7.601 7.649 7.709 7.781 7.862 7.952 8.050 8.148 8.238 8.303 8.377 8.474 8.566 8.652 8.728 8.798 8.859 8.913 8.959 8.986 9.014 9.057 9.098 9.136 9.170 9.201 9.230 9.255 9.277 9.288 9.298 9.316 9.334 9.349 9.363 9.374 9.384 9.392 9.399 9.396 9.393 9.395 9.396 9.396 9.394 9.390 9.386 9.380 9.374 9.362 9.350 9.343 9.336 9.328
6.998 7.024 7.051 7.076 7.102 7.128 7.156 7.184 7.214 7.246 7.280 7.316 7.353 7.390 7.427 7.462 7.492 7.520 7.552 7.594 7.639 7.688 7.749 7.822 7.901 7.988 8.083 8.178 8.268 8.332 8.404 8.499 8.590 8.674 8.748 8.816 8.877 8.930 8.976 9.003 9.030 9.073 9.114 9.151 9.185 9.216 9.244 9.269 9.292 9.303 9.313 9.332 9.350 9.366 9.380 9.392 9.402 9.410 9.415 9.412 9.408 9.410 9.410 9.408 9.405 9.400 9.395 9.388 9.381 9.368 9.355 9.346 9.338 9.328
7.016 7.044 7.071 7.098 7.125 7.152 7.179 7.208 7.239 7.272 7.306 7.342 7.380 7.418 7.456 7.492 7.524 7.553 7.586 7.630 7.677 7.728 7.790 7.861 7.938 8.022 8.114 8.208 8.297 8.360 8.431 8.525 8.613 8.695 8.768 8.834 8.894 8.947 8.993 9.020 9.047 9.089 9.129 9.166 9.200 9.230 9.258 9.283 9.306 9.317 9.327 9.347 9.365 9.382 9.396 9.408 9.418 9.425 9.430 9.427 9.422 9.423 9.422 9.419 9.415 9.409 9.402 9.394 9.386 9.372 9.357 9.347 9.337 9.324
7.034 7.063 7.091 7.119 7.146 7.174 7.202 7.231 7.262 7.295 7.330 7.367 7.405 7.444 7.483 7.521 7.554 7.585 7.620 7.666 7.715 7.767 7.829 7.898 7.973 8.055 8.145 8.238 8.326 8.389 8.458 8.550 8.637 8.717 8.788 8.853 8.912 8.964 9.010 9.036 9.062 9.104 9.144 9.180 9.213 9.243 9.271 9.296 9.319 9.330 9.341 9.361 9.379 9.396 9.409 9.422 9.432 9.439 9.443 9.439 9.434 9.434 9.432 9.428 9.423 9.416 9.408 9.399 9.390 9.374 9.358 9.346 9.333 9.318
7.051 7.081 7.110 7.139 7.167 7.195 7.224 7.253 7.285 7.318 7.353 7.390 7.429 7.469 7.509 7.547 7.583 7.616 7.653 7.701 7.752 7.804 7.866 7.935 8.008 8.088 8.175 8.266 8.355 8.417 8.485 8.575 8.660 8.738 8.807 8.871 8.930 8.981 9.026 9.052 9.077 9.119 9.158 9.194 9.226 9.255 9.283 9.308 9.331 9.343 9.353 9.373 9.391 9.408 9.422 9.434 9.444 9.450 9.454 9.450 9.444 9.443 9.440 9.436 9.429 9.421 9.412 9.402 9.392 9.374 9.356 9.342 9.326 9.307
7.068 7.098 7.128 7.158 7.186 7.215 7.244 7.274 7.305 7.339 7.374 7.412 7.452 7.492 7.533 7.573 7.609 7.645 7.684 7.733 7.786 7.840 7.901 7.969 8.041 8.118 8.203 8.293 8.384 8.446 8.512 8.601 8.683 8.759 8.827 8.890 8.947 8.998 9.043 9.067 9.092 9.133 9.172 9.207 9.239 9.268 9.295 9.320 9.344 9.355 9.365 9.385 9.403 9.419 9.433 9.445 9.454 9.461 9.463 9.458 9.453 9.450 9.447 9.442 9.434 9.425 9.415 9.404 9.391 9.372 9.352 9.334 9.315 9.291
7.084 7.115 7.146 7.176 7.205 7.234 7.263 7.293 7.324 7.358 7.394 7.432 7.472 7.514 7.555 7.595 7.634 7.670 7.711 7.763 7.818 7.872 7.934 8.001 8.072 8.148 8.231 8.325 8.416 8.475 8.540 8.626 8.707 8.780 8.847 8.909 8.966 9.016 9.060 9.083 9.107 9.148 9.185 9.220 9.252 9.280 9.307 9.332 9.356 9.367 9.377 9.396 9.414 9.429 9.443 9.454 9.463 9.469 9.470 9.465 9.459 9.456 9.452 9.446 9.438 9.427 9.416 9.403 9.389 9.367 9.344 9.323 9.299 9.271
7.100 7.131 7.162 7.193 7.223 7.252 7.281 7.311 7.342 7.376 7.412 7.450 7.491 7.533 7.574 7.615 7.654 7.692 7.737 7.792 7.848 7.904 7.966 8.033 8.103 8.179 8.265 8.358 8.445 8.504 8.567 8.652 8.730 8.803 8.868 8.929 8.984 9.033 9.076 9.099 9.122 9.162 9.199 9.234 9.265 9.293 9.320 9.345 9.368 9.378 9.388 9.406 9.423 9.438 9.451 9.462 9.470 9.474 9.475 9.470 9.464 9.460 9.455 9.448 9.439 9.428 9.415 9.400 9.384 9.359 9.332 9.307 9.278 9.245
7.115 7.147 7.178 7.209 7.239 7.269 7.298 7.327 7.359 7.392 7.428 7.466 7.507 7.549 7.591 7.631 7.671 7.714 7.762 7.819 7.877 7.934 7.997 8.064 8.135 8.212 8.298 8.388 8.473 8.531 8.594 8.676 8.754 8.825 8.889 8.949 9.002 9.051 9.093 9.115 9.138 9.177 9.214 9.248 9.279 9.307 9.334 9.358 9.380 9.389 9.398 9.416 9.432 9.446 9.458 9.467 9.474 9.478 9.479 9.474 9.467 9.463 9.457 9.449 9.438 9.426 9.411 9.394 9.375 9.347 9.315 9.286 9.252 9.213
7.129 7.161 7.193 7.224 7.255 7.284 7.313 7.343 7.373 7.406 7.442 7.480 7.521 7.562 7.604 7.645 7.688 7.734 7.786 7.845 7.904 7.963 8.028 8.095 8.167 8.245 8.329 8.417 8.500 8.557 8.619 8.701 8.778 8.848 8.911 8.969 9.021 9.068 9.111 9.132 9.153 9.192 9.229 9.263 9.293 9.322 9.347 9.370 9.391 9.399 9.407 9.424 9.440 9.453 9.463 9.471 9.477 9.480 9.481 9.475 9.468 9.463 9.457 9.448 9.436 9.422 9.405 9.385 9.362 9.330 9.294 9.259 9.220 9.175
7.142 7.175 7.207 7.239 7.269 7.299 7.328 7.357 7.387 7.419 7.454 7.491 7.531 7.572 7.614 7.657 7.703 7.753 7.808 7.869 7.931 7.992 8.058 8.127 8.199 8.275 8.358 8.443 8.525 8.584 8.645 8.726 8.802 8.871 8.933 8.989 9.040 9.086 9.128 9.149 9.169 9.208 9.245 9.279 9.308 9.336 9.361 9.383 9.402 9.409 9.416 9.432 9.446 9.458 9.467 9.474 9.479 9.481 9.482 9.476 9.468 9.462 9.455 9.444 9.431 9.414 9.395 9.372 9.346 9.309 9.268 9.228 9.183 9.133
7.155 7.187 7.220 7.252 7.283 7.313 7.342 7.370 7.399 7.430 7.464 7.500 7.539 7.580 7.623 7.669 7.718 7.772 7.830 7.893 7.956 8.020 8.087 8.157 8.228 8.303 8.383 8.467 8.550 8.610 8.671 8.751 8.828 8.896 8.955 9.009 9.058 9.103 9.145 9.166 9.186 9.224 9.261 9.294 9.323 9.350 9.374 9.395 9.413 9.419 9.425 9.439 9.452 9.462 9.470 9.476 9.479 9.481 9.482 9.475 9.466 9.459 9.451 9.439 9.423 9.404 9.381 9.355 9.324 9.283 9.236 9.191 9.142 9.089
7.167 7.200 7.232 7.265 7.296 7.326 7.354 7.381 7.409 7.438 7.471 7.506 7.544 7.586 7.631 7.679 7.732 7.790 7.851 7.916 7.980 8.046 8.116 8.185 8.255 8.328 8.406 8.491 8.576 8.636 8.697 8.779 8.854 8.919 8.977 9.028 9.075 9.120 9.163 9.182 9.202 9.241 9.278 9.310 9.338 9.364 9.387 9.406 9.423 9.428 9.432 9.445 9.456 9.465 9.471 9.476 9.479 9.480 9.479 9.472 9.462 9.454 9.444 9.430 9.412 9.390 9.364 9.333 9.298 9.252 9.201 9.151 9.098 9.043
7.178 7.211 7.244 7.276 7.308 7.337 7.365 7.390 7.416 7.445 7.476 7.510 7.549 7.591 7.638 7.690 7.747 7.807 7.870 7.936 8.002 8.070 8.141 8.211 8.280 8.352 8.430 8.516 8.603 8.664 8.725 8.807 8.880 8.943 8.997 9.047 9.092 9.137 9.179 9.199 9.219 9.258 9.293 9.324 9.352 9.377 9.398 9.416 9.431 9.435 9.438 9.449 9.458 9.466 9.471 9.475 9.477 9.477 9.475 9.467 9.455 9.446 9.434 9.418 9.397 9.371 9.341 9.307 9.268 9.217 9.161 9.109 9.054 8.998
7.188 7.221 7.254 7.287 7.318 7.348 7.374 7.398 7.423 7.450 7.480 7.513 7.552 7.596 7.645 7.700 7.760 7.823 7.888 7.955 8.022 8.092 8.164 8.236 8.305 8.377 8.454 8.540 8.630 8.693 8.754 8.833 8.905 8.965 9.018 9.065 9.109 9.152 9.195 9.215 9.234 9.272 9.307 9.337 9.364 9.388 9.409 9.425 9.438 9.441 9.443 9.452 9.460 9.466 9.470 9.472 9.473 9.472 9.469 9.459 9.446 9.435 9.421 9.402 9.378 9.349 9.315 9.276 9.233 9.179 9.120 9.066 9.010 8.956
7.197 7.230 7.264 7.296 7.328 7.356 7.382 7.404 7.427 7.453 7.483 7.516 7.555 7.599 7.651 7.710 7.773 7.839 7.905 7.973 8.040 8.112 8.187 8.260 8.330 8.403 8.479 8.566 8.662 8.725 8.784 8.862 8.930 8.988 9.037 9.083 9.124 9.167 9.211 9.231 9.250 9.287 9.321 9.350 9.375 9.398 9.418 9.433 9.444 9.445 9.446 9.453 9.460 9.465 9.467 9.468 9.468 9.465 9.461 9.449 9.434 9.421 9.404 9.382 9.355 9.322 9.284 9.242 9.197 9.140 9.079 9.024 8.970 8.917
7.206 7.239 7.272 7.304 7.335 7.363 7.387 7.408 7.429 7.456 7.485 7.518 7.558 7.605 7.660 7.721 7.786 7.853 7.921 7.990 8.058 8.133 8.210 8.284 8.358 8.431 8.507 8.604 8.703 8.760 8.816 8.890 8.954 9.009 9.056 9.099 9.138 9.183 9.228 9.246 9.264 9.301 9.333 9.361 9.385 9.407 9.425 9.438 9.447 9.447 9.447 9.453 9.458 9.461 9.463 9.462 9.460 9.456 9.450 9.436 9.419 9.403 9.383 9.359 9.329 9.293 9.251 9.206 9.159 9.101 9.040 8.986 8.933 8.883
7.213 7.245 7.278 7.310 7.341 7.368 7.391 7.411 7.432 7.459 7.489 7.523 7.564 7.613 7.669 7.731 7.798 7.867 7.939 8.009 8.077 8.155 8.235 8.313 8.390 8.467 8.551 8.649 8.739 8.793 8.846 8.916 8.977 9.029 9.074 9.116 9.156 9.200 9.242 9.259 9.277 9.312 9.343 9.370 9.393 9.413 9.429 9.441 9.448 9.448 9.446 9.451 9.454 9.456 9.456 9.454 9.450 9.444 9.436 9.420 9.400 9.382 9.360 9.332 9.299 9.260 9.217 9.171 9.122 9.064 9.003 8.951 8.901 8.854
