version2/TsunamiDB/out54130.asc
ncols          264
nrows          230
xllcorner      497853.4375
yllcorner      4229146.0000
cellsize         5.
NODATA_value   -99
[rows 170 to 203 of 230, columns 0 to 76 of 264]
6.090 6.096 6.102 6.107 6.112 6.117 6.121 6.125 6.129 6.133 6.138 6.144 6.150 6.157 6.164 6.172 6.180 6.188 6.197 6.205 6.214 6.223 6.231 6.240 6.248 6.257 6.265 6.273 6.282 6.289 6.296 6.302 6.309 6.316 6.323 6.331 6.338 6.345 6.353 6.361 6.368 6.376 6.383 6.391 6.398 6.405 6.413 6.420 6.426 6.433 6.440 6.446 6.452 6.458 6.462 6.466 6.470 6.474 6.479 6.483 6.487 6.491 6.495 6.499 6.503 6.507 6.511 6.515 6.519 6.523 6.527 6.531 6.535 6.540 6.545 6.550 6.555
6.110 6.117 6.123 6.129 6.134 6.139 6.143 6.146 6.149 6.153 6.157 6.161 6.166 6.172 6.178 6.185 6.192 6.200 6.208 6.216 6.224 6.233 6.241 6.250 6.258 6.266 6.275 6.283 6.292 6.299 6.306 6.312 6.319 6.326 6.333 6.340 6.347 6.354 6.362 6.369 6.377 6.385 6.392 6.400 6.407 6.414 6.422 6.429 6.436 6.443 6.450 6.456 6.463 6.468 6.473 6.477 6.482 6.486 6.490 6.494 6.499 6.503 6.507 6.511 6.515 6.519 6.522 6.526 6.530 6.534 6.538 6.542 6.546 6.551 6.555 6.560 6.564
6.128 6.136 6.143 6.150 6.156 6.161 6.165 6.168 6.170 6.173 6.177 6.180 6.184 6.189 6.194 6.200 6.206 6.213 6.220 6.227 6.235 6.243 6.251 6.260 6.268 6.276 6.285 6.293 6.301 6.309 6.315 6.322 6.328 6.335 6.342 6.349 6.356 6.363 6.371 6.378 6.386 6.393 6.401 6.408 6.416 6.423 6.430 6.438 6.445 6.452 6.459 6.466 6.473 6.478 6.483 6.488 6.492 6.497 6.501 6.505 6.510 6.514 6.518 6.522 6.526 6.530 6.534 6.538 6.541 6.545 6.549 6.553 6.557 6.561 6.565 6.570 6.574
6.144 6.153 6.162 6.169 6.176 6.182 6.186 6.189 6.192 6.195 6.198 6.201 6.204 6.207 6.211 6.216 6.221 6.227 6.233 6.239 6.247 6.254 6.262 6.270 6.278 6.286 6.294 6.302 6.311 6.318 6.324 6.331 6.338 6.344 6.351 6.358 6.365 6.372 6.379 6.387 6.394 6.401 6.409 6.416 6.424 6.431 6.439 6.446 6.453 6.461 6.468 6.475 6.482 6.487 6.492 6.497 6.502 6.507 6.512 6.516 6.521 6.525 6.529 6.533 6.537 6.541 6.545 6.549 6.552 6.556 6.560 6.564 6.568 6.572 6.576 6.580 6.584
6.158 6.169 6.178 6.186 6.194 6.201 6.206 6.210 6.213 6.216 6.219 6.222 6.224 6.227 6.230 6.234 6.238 6.242 6.247 6.253 6.259 6.266 6.273 6.280 6.288 6.296 6.304 6.312 6.320 6.327 6.334 6.340 6.347 6.354 6.360 6.367 6.374 6.381 6.388 6.395 6.402 6.409 6.417 6.424 6.432 6.439 6.446 6.454 6.461 6.469 6.476 6.484 6.490 6.496 6.501 6.507 6.512 6.517 6.522 6.526 6.531 6.535 6.540 6.544 6.548 6.552 6.556 6.559 6.563 6.567 6.571 6.574 6.578 6.582 6.586 6.591 6.594
6.171 6.182 6.192 6.202 6.210 6.218 6.225 6.229 6.234 6.237 6.240 6.243 6.246 6.248 6.250 6.253 6.256 6.259 6.263 6.268 6.273 6.279 6.285 6.292 6.299 6.306 6.314 6.321 6.329 6.337 6.343 6.350 6.356 6.363 6.369 6.376 6.383 6.390 6.397 6.403 6.410 6.418 6.425 6.432 6.439 6.447 6.454 6.462 6.469 6.477 6.484 6.492 6.498 6.504 6.510 6.515 6.521 6.526 6.531 6.536 6.541 6.545 6.550 6.554 6.558 6.562 6.566 6.570 6.574 6.578 6.581 6.585 6.589 6.593 6.597 6.601 6.604
6.181 6.193 6.204 6.215 6.225 6.234 6.241 6.247 6.252 6.257 6.260 6.264 6.266 6.269 6.271 6.273 6.275 6.278 6.281 6.284 6.288 6.293 6.298 6.304 6.310 6.317 6.324 6.332 6.339 6.346 6.353 6.359 6.366 6.372 6.379 6.385 6.392 6.399 6.405 6.412 6.419 6.426 6.433 6.440 6.447 6.454 6.462 6.469 6.476 6.484 6.491 6.499 6.506 6.512 6.518 6.523 6.529 6.534 6.540 6.545 6.550 6.555 6.559 6.564 6.568 6.572 6.576 6.580 6.584 6.588 6.592 6.595 6.599 6.603 6.607 6.611 6.614
6.190 6.203 6.215 6.226 6.237 6.247 6.256 6.263 6.269 6.274 6.279 6.283 6.287 6.289 6.292 6.294 6.295 6.297 6.299 6.302 6.305 6.308 6.313 6.317 6.323 6.329 6.335 6.342 6.349 6.356 6.362 6.369 6.375 6.381 6.388 6.394 6.401 6.408 6.414 6.421 6.427 6.434 6.441 6.448 6.455 6.462 6.469 6.476 6.484 6.491 6.499 6.506 6.513 6.519 6.525 6.531 6.537 6.542 6.548 6.553 6.559 6.564 6.568 6.573 6.578 6.582 6.586 6.590 6.594 6.598 6.602 6.605 6.609 6.613 6.617 6.621 6.624
6.198 6.211 6.224 6.236 6.248 6.259 6.268 6.276 6.283 6.290 6.296 6.301 6.305 6.309 6.312 6.314 6.316 6.317 6.319 6.321 6.323 6.325 6.328 6.332 6.336 6.341 6.347 6.353 6.360 6.367 6.372 6.378 6.384 6.391 6.397 6.404 6.410 6.417 6.423 6.430 6.436 6.443 6.449 6.456 6.463 6.470 6.477 6.484 6.491 6.498 6.506 6.513 6.520 6.526 6.532 6.538 6.544 6.550 6.556 6.561 6.567 6.572 6.577 6.582 6.587 6.591 6.595 6.600 6.604 6.608 6.611 6.615 6.619 6.623 6.627 6.631 6.633
6.204 6.218 6.231 6.244 6.257 6.269 6.279 6.288 6.296 6.304 6.311 6.317 6.323 6.327 6.331 6.333 6.336 6.337 6.339 6.340 6.341 6.343 6.345 6.348 6.351 6.355 6.360 6.366 6.372 6.377 6.383 6.388 6.394 6.400 6.407 6.413 6.420 6.426 6.432 6.439 6.445 6.451 6.458 6.464 6.471 6.478 6.484 6.491 6.498 6.505 6.513 6.520 6.527 6.533 6.539 6.545 6.551 6.557 6.563 6.569 6.575 6.580 6.585 6.590 6.595 6.600 6.604 6.609 6.613 6.617 6.621 6.625 6.629 6.633 6.637 6.640 6.643
6.211 6.225 6.238 6.252 6.265 6.277 6.288 6.298 6.307 6.316 6.324 6.331 6.338 6.343 6.348 6.352 6.355 6.357 6.358 6.360 6.361 6.362 6.363 6.365 6.367 6.370 6.374 6.379 6.384 6.389 6.394 6.399 6.404 6.410 6.416 6.423 6.429 6.435 6.442 6.448 6.454 6.460 6.467 6.473 6.479 6.486 6.492 6.499 6.506 6.513 6.520 6.527 6.534 6.540 6.546 6.552 6.558 6.565 6.570 6.576 6.582 6.588 6.593 6.598 6.603 6.608 6.613 6.617 6.622 6.626 6.630 6.634 6.638 6.642 6.646 6.649 6.652
6.216 6.231 6.245 6.259 6.272 6.285 6.297 6.307 6.317 6.327 6.336 6.344 6.351 6.358 6.364 6.368 6.372 6.375 6.377 6.379 6.380 6.381 6.382 6.383 6.385 6.387 6.389 6.393 6.397 6.401 6.405 6.410 6.415 6.421 6.426 6.432 6.439 6.445 6.451 6.457 6.463 6.469 6.476 6.482 6.488 6.494 6.501 6.507 6.514 6.520 6.527 6.535 6.541 6.547 6.553 6.559 6.565 6.571 6.578 6.584 6.589 6.595 6.601 6.606 6.611 6.616 6.621 6.626 6.630 6.634 6.639 6.643 6.647 6.651 6.655 6.659 6.661
6.222 6.236 6.251 6.265 6.279 6.292 6.304 6.315 6.325 6.336 6.346 6.355 6.363 6.371 6.378 6.383 6.388 6.392 6.395 6.397 6.399 6.400 6.401 6.401 6.402 6.404 6.406 6.408 6.411 6.415 6.418 6.422 6.426 6.431 6.437 6.442 6.448 6.454 6.461 6.467 6.473 6.479 6.485 6.491 6.497 6.503 6.509 6.515 6.522 6.528 6.535 6.542 6.549 6.554 6.560 6.566 6.572 6.578 6.584 6.591 6.597 6.602 6.608 6.614 6.619 6.624 6.629 6.634 6.638 6.643 6.647 6.651 6.655 6.660 6.664 6.667 6.670
6.227 6.242 6.256 6.271 6.285 6.299 6.311 6.322 6.333 6.344 6.355 6.365 6.374 6.382 6.390 6.397 6.403 6.408 6.411 6.415 6.417 6.418 6.419 6.420 6.421 6.421 6.423 6.424 6.427 6.429 6.431 6.434 6.438 6.442 6.447 6.453 6.458 6.464 6.470 6.476 6.482 6.488 6.494 6.500 6.506 6.512 6.518 6.524 6.530 6.536 6.543 6.550 6.556 6.562 6.567 6.573 6.579 6.585 6.591 6.598 6.604 6.609 6.615 6.621 6.626 6.632 6.637 6.642 6.646 6.651 6.655 6.660 6.664 6.668 6.672 6.676 6.679
6.232 6.247 6.262 6.276 6.291 6.305 6.317 6.328 6.340 6.352 6.363 6.373 6.383 6.393 6.401 6.409 6.416 6.422 6.426 6.430 6.434 6.436 6.437 6.438 6.439 6.440 6.440 6.441 6.443 6.444 6.445 6.448 6.450 6.454 6.459 6.463 6.469 6.474 6.480 6.486 6.492 6.498 6.503 6.509 6.515 6.521 6.527 6.533 6.539 6.545 6.551 6.558 6.564 6.569 6.575 6.581 6.586 6.592 6.598 6.605 6.611 6.617 6.622 6.628 6.634 6.639 6.644 6.649 6.654 6.659 6.663 6.668 6.672 6.676 6.681 6.685 6.687
6.237 6.252 6.267 6.282 6.297 6.310 6.322 6.335 6.347 6.359 6.370 6.381 6.392 6.402 6.411 6.420 6.427 6.434 6.440 6.445 6.449 6.452 6.454 6.456 6.457 6.458 6.458 6.459 6.460 6.460 6.461 6.462 6.464 6.467 6.470 6.475 6.479 6.485 6.490 6.496 6.501 6.507 6.513 6.519 6.524 6.530 6.536 6.542 6.547 6.553 6.560 6.566 6.572 6.577 6.583 6.588 6.594 6.600 6.606 6.612 6.618 6.624 6.630 6.635 6.641 6.646 6.652 6.657 6.662 6.667 6.671 6.676 6.680 6.685 6.689 6.693 6.696
6.242 6.257 6.272 6.287 6.302 6.316 6.328 6.341 6.353 6.365 6.377 6.389 6.400 6.410 6.420 6.429 6.438 6.446 6.452 6.458 6.463 6.467 6.470 6.473 6.474 6.475 6.476 6.476 6.477 6.477 6.476 6.477 6.478 6.480 6.483 6.486 6.491 6.495 6.500 6.506 6.511 6.517 6.522 6.528 6.534 6.539 6.545 6.551 6.556 6.562 6.568 6.575 6.580 6.585 6.590 6.596 6.601 6.607 6.613 6.619 6.625 6.631 6.637 6.643 6.648 6.654 6.659 6.664 6.669 6.674 6.679 6.684 6.688 6.693 6.697 6.701 6.704
6.247 6.262 6.277 6.292 6.307 6.321 6.334 6.347 6.359 6.372 6.384 6.396 6.407 6.418 6.429 6.438 6.448 6.456 6.464 6.470 6.476 6.481 6.485 6.488 6.491 6.492 6.493 6.494 6.494 6.494 6.493 6.492 6.493 6.494 6.496 6.499 6.502 6.506 6.511 6.516 6.521 6.526 6.532 6.538 6.543 6.549 6.554 6.560 6.566 6.571 6.577 6.583 6.589 6.594 6.599 6.604 6.609 6.615 6.620 6.626 6.632 6.638 6.644 6.650 6.656 6.661 6.667 6.672 6.677 6.682 6.687 6.691 6.696 6.701 6.705 6.709 6.712
6.252 6.267 6.282 6.298 6.313 6.327 6.340 6.352 6.365 6.378 6.390 6.402 6.414 6.426 6.436 6.447 6.457 6.466 6.474 6.482 6.488 6.494 6.499 6.503 6.506 6.508 6.510 6.511 6.512 6.511 6.509 6.509 6.508 6.509 6.510 6.512 6.515 6.518 6.522 6.526 6.531 6.536 6.542 6.547 6.552 6.558 6.564 6.569 6.575 6.580 6.586 6.592 6.597 6.602 6.607 6.612 6.617 6.623 6.628 6.634 6.640 6.645 6.651 6.657 6.663 6.668 6.674 6.679 6.685 6.690 6.694 6.699 6.704 6.709 6.713 6.717 6.721
6.256 6.272 6.287 6.303 6.318 6.332 6.345 6.358 6.371 6.384 6.397 6.409 6.421 6.433 6.444 6.455 6.465 6.475 6.484 6.492 6.499 6.506 6.512 6.517 6.521 6.524 6.526 6.528 6.528 6.528 6.526 6.525 6.525 6.524 6.525 6.526 6.528 6.530 6.534 6.537 6.542 6.546 6.551 6.557 6.562 6.567 6.573 6.578 6.584 6.590 6.595 6.601 6.606 6.611 6.615 6.620 6.625 6.631 6.636 6.642 6.647 6.653 6.659 6.665 6.670 6.676 6.681 6.687 6.692 6.697 6.702 6.707 6.712 6.717 6.721 6.725 6.729
6.261 6.277 6.292 6.307 6.323 6.337 6.350 6.364 6.377 6.390 6.403 6.415 6.428 6.440 6.451 6.462 6.473 6.483 6.493 6.502 6.510 6.517 6.524 6.529 6.534 6.538 6.541 6.544 6.545 6.544 6.543 6.542 6.541 6.540 6.540 6.540 6.541 6.543 6.546 6.549 6.553 6.557 6.561 6.566 6.571 6.577 6.582 6.588 6.593 6.599 6.605 6.610 6.615 6.619 6.624 6.629 6.634 6.639 6.644 6.649 6.655 6.661 6.666 6.672 6.678 6.683 6.689 6.694 6.700 6.705 6.710 6.715 6.720 6.725 6.730 6.734 6.737
6.265 6.281 6.297 6.312 6.328 6.342 6.356 6.369 6.382 6.396 6.409 6.421 6.434 6.446 6.458 6.470 6.481 6.491 6.501 6.511 6.519 6.528 6.535 6.541 6.547 6.552 6.556 6.559 6.560 6.561 6.560 6.559 6.558 6.557 6.556 6.556 6.556 6.557 6.559 6.561 6.564 6.568 6.572 6.576 6.581 6.586 6.591 6.597 6.602 6.608 6.614 6.619 6.624 6.628 6.633 6.637 6.642 6.647 6.652 6.658 6.663 6.668 6.674 6.680 6.685 6.691 6.696 6.702 6.707 6.712 6.718 6.723 6.728 6.733 6.738 6.742 6.745
6.269 6.285 6.301 6.316 6.332 6.347 6.360 6.374 6.388 6.401 6.414 6.427 6.440 6.453 6.465 6.477 6.488 6.499 6.509 6.519 6.529 6.537 6.545 6.552 6.559 6.564 6.569 6.573 6.576 6.576 6.576 6.576 6.575 6.574 6.572 6.572 6.571 6.571 6.572 6.574 6.576 6.579 6.583 6.587 6.591 6.596 6.601 6.606 6.612 6.617 6.623 6.628 6.633 6.637 6.641 6.646 6.651 6.655 6.660 6.666 6.671 6.676 6.682 6.687 6.693 6.698 6.704 6.709 6.715 6.720 6.725 6.730 6.736 6.741 6.746 6.750 6.753
6.272 6.289 6.305 6.320 6.336 6.351 6.365 6.379 6.393 6.406 6.420 6.433 6.446 6.459 6.471 6.483 6.495 6.506 6.517 6.528 6.537 6.547 6.555 6.563 6.570 6.576 6.582 6.587 6.590 6.591 6.592 6.592 6.591 6.590 6.589 6.588 6.587 6.587 6.587 6.587 6.589 6.591 6.594 6.597 6.601 6.606 6.611 6.616 6.621 6.626 6.632 6.637 6.641 6.646 6.650 6.655 6.659 6.664 6.669 6.674 6.679 6.684 6.690 6.695 6.701 6.706 6.712 6.717 6.722 6.728 6.733 6.738 6.743 6.749 6.754 6.757 6.761
6.275 6.292 6.308 6.324 6.340 6.355 6.369 6.383 6.397 6.411 6.425 6.438 6.452 6.465 6.477 6.490 6.502 6.513 6.525 6.535 6.546 6.555 6.564 6.573 6.581 6.588 6.594 6.599 6.604 6.606 6.607 6.608 6.608 6.607 6.606 6.605 6.603 6.602 6.602 6.602 6.602 6.604 6.606 6.609 6.612 6.616 6.620 6.625 6.630 6.635 6.641 6.646 6.650 6.655 6.659 6.663 6.668 6.672 6.677 6.682 6.687 6.692 6.698 6.703 6.708 6.714 6.719 6.725 6.730 6.735 6.741 6.746 6.751 6.757 6.762 6.765 6.769
6.278 6.295 6.311 6.327 6.344 6.359 6.373 6.387 6.401 6.415 6.429 6.443 6.457 6.470 6.483 6.496 6.508 6.520 6.531 6.543 6.553 6.563 6.573 6.582 6.590 6.598 6.605 6.612 6.616 6.620 6.622 6.623 6.623 6.623 6.623 6.621 6.620 6.619 6.618 6.617 6.617 6.617 6.619 6.621 6.623 6.627 6.631 6.635 6.640 6.645 6.650 6.655 6.659 6.663 6.668 6.672 6.676 6.681 6.686 6.690 6.695 6.700 6.706 6.711 6.716 6.721 6.727 6.732 6.738 6.743 6.748 6.754 6.759 6.765 6.769 6.773 6.777
6.280 6.297 6.314 6.330 6.346 6.362 6.376 6.391 6.405 6.419 6.434 6.448 6.461 6.475 6.488 6.501 6.514 6.526 6.538 6.549 6.560 6.571 6.581 6.591 6.600 6.608 6.616 6.623 6.629 6.632 6.635 6.638 6.639 6.639 6.639 6.638 6.637 6.635 6.634 6.633 6.632 6.632 6.632 6.634 6.635 6.638 6.641 6.645 6.650 6.654 6.659 6.664 6.668 6.672 6.677 6.681 6.685 6.690 6.694 6.699 6.704 6.709 6.714 6.719 6.724 6.729 6.735 6.740 6.745 6.751 6.756 6.761 6.767 6.772 6.777 6.781 6.785
6.282 6.299 6.316 6.332 6.349 6.364 6.379 6.394 6.408 6.423 6.437 6.451 6.466 6.479 6.493 6.506 6.519 6.532 6.544 6.556 6.567 6.578 6.589 6.599 6.608 6.617 6.626 6.634 6.640 6.645 6.649 6.651 6.653 6.655 6.655 6.655 6.654 6.652 6.651 6.649 6.648 6.647 6.647 6.647 6.648 6.650 6.653 6.656 6.660 6.664 6.669 6.673 6.677 6.681 6.685 6.690 6.694 6.698 6.703 6.707 6.712 6.717 6.722 6.727 6.732 6.737 6.742 6.748 6.753 6.758 6.764 6.769 6.774 6.780 6.785 6.789 6.793
6.283 6.300 6.317 6.334 6.351 6.367 6.381 6.396 6.411 6.426 6.440 6.455 6.469 6.483 6.497 6.510 6.524 6.537 6.549 6.561 6.573 6.585 6.596 6.606 6.616 6.626 6.635 6.643 6.651 6.656 6.661 6.664 6.667 6.669 6.670 6.671 6.670 6.669 6.668 6.666 6.664 6.663 6.662 6.661 6.662 6.663 6.665 6.667 6.670 6.674 6.679 6.683 6.687 6.691 6.695 6.699 6.703 6.707 6.712 6.716 6.721 6.725 6.730 6.735 6.740 6.745 6.750 6.755 6.761 6.766 6.771 6.777 6.782 6.788 6.792 6.797 6.801
6.284 6.301 6.318 6.336 6.352 6.368 6.383 6.398 6.413 6.428 6.443 6.458 6.472 6.487 6.501 6.514 6.528 6.541 6.554 6.566 6.579 6.590 6.602 6.613 6.624 6.634 6.643 6.653 6.660 6.667 6.672 6.677 6.680 6.683 6.685 6.686 6.686 6.686 6.684 6.683 6.681 6.679 6.678 6.677 6.676 6.676 6.677 6.679 6.682 6.685 6.689 6.693 6.696 6.700 6.704 6.708 6.712 6.716 6.720 6.725 6.729 6.734 6.739 6.743 6.748 6.753 6.758 6.763 6.768 6.774 6.779 6.784 6.790 6.795 6.800 6.804 6.808
6.284 6.302 6.319 6.336 6.353 6.369 6.385 6.400 6.415 6.430 6.445 6.460 6.475 6.490 6.504 6.518 6.532 6.545 6.558 6.571 6.584 6.596 6.608 6.619 6.630 6.641 6.651 6.661 6.669 6.676 6.683 6.688 6.693 6.696 6.699 6.701 6.702 6.702 6.701 6.700 6.698 6.696 6.694 6.692 6.691 6.691 6.691 6.692 6.694 6.696 6.700 6.703 6.706 6.709 6.713 6.717 6.721 6.725 6.729 6.734 6.738 6.743 6.747 6.752 6.757 6.761 6.766 6.771 6.776 6.781 6.787 6.792 6.797 6.803 6.808 6.812 6.816
6.284 6.302 6.319 6.337 6.354 6.370 6.385 6.401 6.416 6.432 6.447 6.462 6.477 6.492 6.506 6.521 6.535 6.548 6.562 6.575 6.588 6.600 6.613 6.625 6.636 6.647 6.658 6.668 6.677 6.685 6.692 6.698 6.704 6.708 6.712 6.715 6.716 6.717 6.717 6.716 6.715 6.713 6.711 6.709 6.707 6.706 6.705 6.705 6.706 6.708 6.711 6.714 6.716 6.719 6.723 6.726 6.730 6.734 6.738 6.743 6.747 6.751 6.756 6.760 6.765 6.770 6.774 6.779 6.784 6.789 6.794 6.800 6.805 6.810 6.815 6.820 6.824
6.283 6.301 6.319 6.337 6.354 6.370 6.386 6.401 6.417 6.433 6.448 6.464 6.479 6.494 6.509 6.523 6.537 6.551 6.565 6.578 6.592 6.604 6.617 6.629 6.641 6.653 6.664 6.675 6.685 6.693 6.701 6.708 6.714 6.719 6.724 6.728 6.730 6.732 6.733 6.732 6.731 6.729 6.727 6.725 6.723 6.721 6.720 6.719 6.720 6.721 6.723 6.725 6.727 6.730 6.732 6.736 6.739 6.743 6.747 6.752 6.756 6.760 6.765 6.769 6.774 6.778 6.783 6.788 6.792 6.797 6.802 6.807 6.813 6.818 6.823 6.827 6.831
6.282 6.301 6.319 6.337 6.354 6.370 6.386 6.402 6.418 6.433 6.449 6.465 6.480 6.495 6.510 6.525 6.539 6.554 6.568 6.581 6.595 6.608 6.621 6.634 6.646 6.658 6.670 6.681 6.691 6.700 6.709 6.716 6.723 6.730 6.735 6.740 6.743 6.746 6.747 6.748 6.747 6.746 6.744 6.742 6.739 6.737 6.735 6.734 6.734 6.734 6.735 6.737 6.738 6.740 6.743 6.746 6.749 6.753 6.757 6.761 6.765 6.769 6.773 6.778 6.782 6.787 6.791 6.796 6.801 6.805 6.810 6.815 6.820 6.826 6.831 6.835 6.839
