version2/TsunamiDB/out54037.asc
ncols          264
nrows          230
xllcorner      497853.4375
yllcorner      4229146.0000
cellsize         5.
NODATA_value   -99
[rows 96 to 127 of 230, columns 144 to 215 of 264]
4.915 4.943 4.970 4.997 5.024 5.049 5.075 5.101 5.128 5.155 5.182 5.210 5.238 5.267 5.297 5.327 5.358 5.391 5.424 5.458 5.493 5.528 5.564 5.599 5.635 5.670 5.705 5.738 5.770 5.800 5.829 5.856 5.881 5.903 5.923 5.941 5.956 5.970 5.983 5.995 6.007 6.019 6.033 6.048 6.065 6.084 6.104 6.127 6.151 6.176 6.201 6.226 6.252 6.277 6.303 6.328 6.353 6.378 6.403 6.429 6.457 6.486 6.517 6.550 6.583 6.617 6.649 6.681 6.710 6.736 6.759 6.783
4.943 4.970 4.996 5.022 5.048 5.072 5.096 5.122 5.147 5.172 5.197 5.223 5.249 5.276 5.303 5.332 5.361 5.391 5.423 5.455 5.488 5.522 5.557 5.593 5.628 5.664 5.699 5.734 5.766 5.798 5.829 5.858 5.885 5.910 5.932 5.952 5.969 5.985 5.999 6.011 6.024 6.036 6.050 6.065 6.081 6.100 6.120 6.143 6.167 6.192 6.217 6.243 6.269 6.296 6.323 6.349 6.374 6.400 6.426 6.452 6.480 6.510 6.542 6.575 6.609 6.643 6.677 6.709 6.738 6.764 6.787 6.812
4.972 4.998 5.024 5.049 5.073 5.097 5.120 5.144 5.168 5.191 5.215 5.239 5.263 5.288 5.314 5.340 5.367 5.395 5.424 5.454 5.486 5.519 5.552 5.587 5.622 5.657 5.693 5.727 5.761 5.794 5.826 5.857 5.885 5.912 5.936 5.958 5.978 5.996 6.011 6.025 6.039 6.052 6.066 6.081 6.097 6.116 6.136 6.158 6.182 6.207 6.233 6.259 6.286 6.313 6.341 6.368 6.394 6.420 6.447 6.473 6.502 6.532 6.564 6.598 6.633 6.668 6.702 6.735 6.765 6.791 6.817 6.847
5.001 5.027 5.052 5.076 5.100 5.123 5.145 5.168 5.191 5.213 5.236 5.258 5.281 5.304 5.327 5.351 5.376 5.402 5.429 5.457 5.486 5.517 5.549 5.582 5.617 5.651 5.687 5.721 5.754 5.788 5.821 5.853 5.883 5.912 5.938 5.962 5.984 6.003 6.021 6.037 6.052 6.066 6.081 6.096 6.113 6.131 6.151 6.173 6.197 6.222 6.248 6.274 6.302 6.330 6.358 6.385 6.413 6.439 6.466 6.493 6.522 6.552 6.585 6.619 6.655 6.691 6.726 6.760 6.792 6.822 6.852 6.887
5.031 5.056 5.081 5.105 5.128 5.150 5.172 5.194 5.216 5.237 5.258 5.280 5.301 5.322 5.344 5.366 5.389 5.412 5.437 5.463 5.490 5.519 5.549 5.581 5.614 5.647 5.681 5.715 5.748 5.783 5.816 5.849 5.880 5.910 5.937 5.963 5.987 6.008 6.028 6.046 6.062 6.078 6.094 6.110 6.127 6.146 6.166 6.188 6.211 6.237 6.262 6.289 6.317 6.345 6.374 6.402 6.430 6.457 6.484 6.512 6.541 6.572 6.604 6.639 6.675 6.712 6.749 6.786 6.821 6.856 6.892 6.931
5.061 5.086 5.111 5.135 5.157 5.178 5.200 5.221 5.242 5.263 5.283 5.303 5.323 5.343 5.363 5.384 5.405 5.426 5.449 5.473 5.498 5.524 5.553 5.582 5.613 5.645 5.679 5.711 5.744 5.778 5.812 5.845 5.876 5.907 5.936 5.963 5.988 6.011 6.033 6.053 6.071 6.089 6.106 6.123 6.141 6.160 6.181 6.203 6.226 6.251 6.277 6.304 6.332 6.361 6.390 6.418 6.447 6.475 6.502 6.530 6.559 6.590 6.623 6.658 6.695 6.734 6.773 6.813 6.853 6.894 6.936 6.981
5.091 5.117 5.141 5.164 5.186 5.207 5.228 5.249 5.269 5.289 5.309 5.328 5.348 5.367 5.386 5.405 5.424 5.444 5.464 5.486 5.509 5.533 5.559 5.587 5.616 5.647 5.678 5.710 5.742 5.775 5.809 5.841 5.873 5.904 5.934 5.962 5.989 6.013 6.037 6.058 6.079 6.098 6.117 6.136 6.155 6.174 6.195 6.217 6.241 6.266 6.292 6.318 6.347 6.376 6.405 6.435 6.464 6.492 6.520 6.549 6.578 6.608 6.641 6.677 6.716 6.756 6.798 6.843 6.889 6.935 6.984 7.035
5.121 5.147 5.171 5.194 5.215 5.236 5.257 5.277 5.297 5.317 5.336 5.355 5.374 5.392 5.410 5.428 5.446 5.464 5.483 5.503 5.524 5.546 5.570 5.595 5.622 5.651 5.681 5.712 5.743 5.775 5.808 5.840 5.872 5.903 5.933 5.962 5.990 6.016 6.040 6.064 6.086 6.107 6.127 6.148 6.168 6.188 6.210 6.232 6.256 6.281 6.307 6.334 6.362 6.392 6.422 6.451 6.481 6.510 6.539 6.567 6.596 6.626 6.660 6.697 6.737 6.780 6.827 6.876 6.927 6.981 7.036 7.092
5.151 5.176 5.201 5.224 5.245 5.265 5.286 5.306 5.326 5.345 5.364 5.382 5.400 5.418 5.436 5.453 5.470 5.487 5.505 5.523 5.541 5.562 5.583 5.607 5.632 5.658 5.687 5.716 5.745 5.777 5.809 5.840 5.872 5.903 5.934 5.963 5.991 6.018 6.044 6.069 6.093 6.116 6.138 6.159 6.181 6.203 6.225 6.248 6.272 6.298 6.323 6.350 6.378 6.408 6.439 6.469 6.499 6.529 6.558 6.587 6.616 6.646 6.680 6.719 6.761 6.807 6.857 6.911 6.968 7.028 7.088 7.147
5.181 5.206 5.231 5.254 5.275 5.295 5.315 5.335 5.355 5.373 5.392 5.410 5.428 5.445 5.462 5.479 5.496 5.512 5.528 5.545 5.562 5.581 5.600 5.621 5.644 5.669 5.695 5.722 5.750 5.781 5.811 5.843 5.874 5.905 5.935 5.965 5.994 6.022 6.049 6.075 6.101 6.125 6.149 6.172 6.195 6.217 6.241 6.264 6.289 6.315 6.340 6.367 6.396 6.426 6.457 6.488 6.519 6.549 6.579 6.608 6.638 6.668 6.702 6.743 6.788 6.836 6.891 6.949 7.011 7.076 7.141 7.204
5.210 5.236 5.260 5.283 5.304 5.325 5.345 5.364 5.383 5.402 5.420 5.438 5.456 5.473 5.490 5.506 5.522 5.538 5.554 5.570 5.586 5.602 5.620 5.639 5.660 5.682 5.706 5.731 5.758 5.787 5.816 5.846 5.877 5.908 5.938 5.968 5.998 6.027 6.055 6.082 6.109 6.135 6.160 6.185 6.209 6.233 6.257 6.281 6.307 6.333 6.359 6.386 6.415 6.446 6.477 6.509 6.541 6.572 6.602 6.632 6.661 6.691 6.727 6.771 6.818 6.870 6.928 6.989 7.057 7.126 7.194 7.260
5.239 5.265 5.290 5.313 5.334 5.354 5.374 5.394 5.412 5.431 5.448 5.466 5.483 5.500 5.517 5.534 5.550 5.565 5.581 5.596 5.611 5.626 5.642 5.659 5.678 5.698 5.720 5.743 5.767 5.794 5.823 5.852 5.882 5.912 5.942 5.973 6.003 6.032 6.062 6.090 6.118 6.146 6.172 6.198 6.224 6.249 6.274 6.299 6.325 6.352 6.378 6.406 6.436 6.467 6.499 6.532 6.564 6.596 6.627 6.657 6.687 6.719 6.757 6.803 6.852 6.907 6.968 7.033 7.103 7.174 7.246 7.315
5.267 5.294 5.319 5.343 5.364 5.384 5.404 5.423 5.442 5.459 5.477 5.494 5.511 5.528 5.545 5.561 5.577 5.593 5.608 5.623 5.637 5.652 5.667 5.682 5.699 5.716 5.736 5.757 5.779 5.804 5.831 5.859 5.888 5.917 5.948 5.978 6.008 6.039 6.069 6.099 6.128 6.157 6.185 6.212 6.239 6.266 6.292 6.318 6.345 6.372 6.399 6.427 6.458 6.490 6.523 6.556 6.589 6.622 6.654 6.685 6.716 6.751 6.791 6.838 6.890 6.947 7.011 7.078 7.149 7.222 7.296 7.370
5.294 5.322 5.348 5.372 5.394 5.414 5.434 5.453 5.471 5.489 5.506 5.522 5.539 5.556 5.572 5.588 5.604 5.620 5.635 5.650 5.665 5.679 5.693 5.707 5.722 5.737 5.755 5.773 5.793 5.816 5.841 5.867 5.895 5.924 5.954 5.984 6.015 6.046 6.077 6.108 6.139 6.169 6.198 6.227 6.256 6.283 6.311 6.338 6.365 6.393 6.421 6.450 6.481 6.514 6.547 6.582 6.616 6.650 6.684 6.716 6.750 6.787 6.829 6.877 6.930 6.990 7.055 7.123 7.194 7.269 7.347 7.425
5.321 5.349 5.376 5.401 5.423 5.444 5.464 5.483 5.501 5.518 5.535 5.551 5.567 5.583 5.599 5.615 5.631 5.647 5.663 5.678 5.692 5.706 5.720 5.733 5.746 5.760 5.776 5.792 5.809 5.830 5.853 5.877 5.904 5.932 5.961 5.991 6.022 6.054 6.086 6.118 6.150 6.181 6.212 6.243 6.272 6.301 6.330 6.358 6.386 6.415 6.444 6.473 6.505 6.539 6.573 6.609 6.645 6.681 6.716 6.752 6.788 6.826 6.869 6.918 6.973 7.033 7.099 7.168 7.240 7.316 7.397 7.479
5.347 5.376 5.403 5.429 5.452 5.473 5.494 5.513 5.531 5.548 5.565 5.580 5.596 5.611 5.627 5.643 5.658 5.674 5.690 5.705 5.719 5.733 5.747 5.759 5.772 5.785 5.798 5.812 5.828 5.846 5.866 5.889 5.914 5.941 5.969 5.999 6.031 6.063 6.095 6.128 6.162 6.194 6.227 6.258 6.289 6.320 6.349 6.379 6.408 6.438 6.467 6.497 6.530 6.565 6.600 6.637 6.675 6.713 6.751 6.789 6.828 6.868 6.912 6.961 7.016 7.077 7.143 7.213 7.285 7.363 7.448 7.535
5.371 5.401 5.430 5.456 5.480 5.503 5.524 5.544 5.562 5.579 5.595 5.611 5.626 5.640 5.655 5.670 5.685 5.701 5.716 5.731 5.746 5.760 5.774 5.786 5.799 5.810 5.823 5.835 5.848 5.864 5.882 5.903 5.926 5.952 5.979 6.009 6.040 6.072 6.106 6.140 6.174 6.208 6.241 6.275 6.307 6.339 6.370 6.400 6.431 6.461 6.490 6.521 6.555 6.591 6.628 6.666 6.706 6.747 6.788 6.829 6.870 6.911 6.955 7.004 7.059 7.121 7.188 7.258 7.331 7.411 7.500 7.595
5.394 5.425 5.455 5.483 5.508 5.531 5.553 5.574 5.593 5.610 5.626 5.642 5.656 5.670 5.684 5.699 5.713 5.728 5.743 5.757 5.772 5.786 5.800 5.813 5.825 5.837 5.848 5.859 5.870 5.884 5.900 5.919 5.940 5.964 5.991 6.019 6.050 6.083 6.117 6.151 6.186 6.222 6.257 6.291 6.325 6.358 6.390 6.422 6.453 6.484 6.514 6.546 6.581 6.618 6.657 6.697 6.739 6.783 6.827 6.870 6.913 6.955 6.999 7.048 7.103 7.165 7.233 7.305 7.379 7.462 7.556 7.656
5.416 5.448 5.478 5.507 5.534 5.558 5.582 5.604 5.623 5.642 5.658 5.673 5.688 5.701 5.715 5.728 5.742 5.755 5.769 5.784 5.798 5.812 5.826 5.839 5.851 5.863 5.874 5.883 5.894 5.906 5.921 5.937 5.957 5.979 6.004 6.032 6.062 6.094 6.128 6.164 6.200 6.236 6.272 6.308 6.343 6.377 6.411 6.444 6.476 6.507 6.538 6.571 6.607 6.647 6.687 6.729 6.773 6.819 6.865 6.911 6.955 6.998 7.043 7.092 7.147 7.210 7.279 7.352 7.428 7.514 7.612 7.715
5.436 5.469 5.500 5.531 5.558 5.584 5.609 5.632 5.653 5.672 5.690 5.706 5.720 5.734 5.746 5.759 5.771 5.784 5.797 5.811 5.824 5.838 5.852 5.865 5.877 5.889 5.899 5.908 5.919 5.930 5.943 5.958 5.975 5.996 6.019 6.046 6.075 6.107 6.141 6.177 6.213 6.251 6.288 6.325 6.361 6.397 6.432 6.466 6.499 6.531 6.563 6.597 6.634 6.675 6.717 6.761 6.807 6.855 6.903 6.952 6.998 7.042 7.087 7.136 7.191 7.255 7.326 7.401 7.481 7.570 7.669 7.778
5.454 5.488 5.520 5.552 5.581 5.608 5.635 5.659 5.682 5.703 5.721 5.738 5.753 5.767 5.779 5.791 5.803 5.814 5.826 5.838 5.851 5.864 5.877 5.890 5.902 5.914 5.924 5.934 5.944 5.954 5.966 5.980 5.996 6.015 6.037 6.062 6.091 6.122 6.155 6.191 6.228 6.266 6.304 6.342 6.380 6.417 6.453 6.488 6.522 6.555 6.588 6.622 6.661 6.704 6.748 6.793 6.842 6.891 6.942 6.993 7.040 7.086 7.131 7.181 7.237 7.303 7.375 7.453 7.538 7.630 7.732 7.852
5.470 5.505 5.539 5.571 5.602 5.631 5.659 5.685 5.709 5.731 5.752 5.770 5.786 5.800 5.813 5.825 5.836 5.846 5.857 5.868 5.879 5.891 5.903 5.915 5.927 5.939 5.949 5.959 5.969 5.980 5.991 6.004 6.019 6.036 6.057 6.081 6.108 6.138 6.171 6.206 6.243 6.282 6.321 6.360 6.399 6.437 6.474 6.510 6.545 6.579 6.612 6.649 6.689 6.734 6.779 6.826 6.877 6.929 6.981 7.033 7.082 7.130 7.179 7.229 7.286 7.354 7.430 7.512 7.600 7.698 7.810 7.929
5.485 5.521 5.555 5.589 5.620 5.651 5.680 5.708 5.734 5.758 5.780 5.800 5.818 5.833 5.847 5.859 5.870 5.880 5.889 5.899 5.909 5.919 5.930 5.941 5.952 5.964 5.974 5.984 5.994 6.005 6.017 6.029 6.043 6.060 6.079 6.101 6.127 6.156 6.188 6.223 6.260 6.298 6.338 6.378 6.418 6.457 6.495 6.533 6.569 6.603 6.638 6.676 6.718 6.764 6.811 6.860 6.912 6.965 7.019 7.072 7.125 7.177 7.228 7.280 7.339 7.412 7.492 7.578 7.670 7.774 7.887 8.000
5.498 5.535 5.571 5.604 5.637 5.669 5.700 5.730 5.758 5.784 5.807 5.829 5.849 5.866 5.881 5.894 5.905 5.915 5.924 5.932 5.940 5.949 5.958 5.968 5.978 5.989 5.999 6.009 6.020 6.031 6.043 6.055 6.069 6.084 6.103 6.124 6.148 6.176 6.207 6.241 6.277 6.316 6.356 6.396 6.437 6.477 6.517 6.556 6.593 6.629 6.665 6.704 6.747 6.795 6.844 6.894 6.947 7.002 7.057 7.113 7.169 7.226 7.281 7.336 7.398 7.476 7.560 7.649 7.746 7.851 7.960 8.066
5.510 5.547 5.584 5.618 5.652 5.685 5.718 5.749 5.778 5.806 5.832 5.856 5.878 5.897 5.914 5.928 5.941 5.951 5.959 5.967 5.974 5.981 5.988 5.996 6.005 6.015 6.024 6.034 6.045 6.057 6.069 6.082 6.096 6.111 6.128 6.148 6.171 6.197 6.227 6.260 6.296 6.334 6.374 6.415 6.457 6.498 6.539 6.579 6.618 6.656 6.693 6.734 6.778 6.826 6.877 6.928 6.983 7.039 7.096 7.155 7.216 7.278 7.339 7.397 7.463 7.545 7.633 7.726 7.823 7.924 8.028 8.127
5.521 5.558 5.595 5.630 5.665 5.700 5.733 5.766 5.797 5.827 5.855 5.881 5.905 5.926 5.945 5.962 5.975 5.987 5.996 6.003 6.010 6.015 6.021 6.027 6.035 6.043 6.051 6.061 6.072 6.084 6.096 6.109 6.123 6.138 6.155 6.174 6.196 6.221 6.249 6.281 6.316 6.353 6.393 6.435 6.477 6.520 6.562 6.603 6.644 6.684 6.723 6.764 6.808 6.858 6.909 6.962 7.018 7.076 7.136 7.199 7.265 7.334 7.402 7.463 7.532 7.618 7.710 7.803 7.896 7.993 8.090 8.184
5.530 5.568 5.605 5.641 5.676 5.712 5.747 5.781 5.813 5.845 5.875 5.903 5.929 5.953 5.974 5.993 6.009 6.022 6.032 6.040 6.047 6.052 6.056 6.061 6.066 6.073 6.080 6.089 6.099 6.111 6.124 6.137 6.151 6.166 6.183 6.202 6.223 6.246 6.273 6.304 6.337 6.374 6.413 6.455 6.498 6.542 6.585 6.629 6.671 6.712 6.752 6.794 6.839 6.890 6.942 6.996 7.054 7.115 7.178 7.246 7.318 7.394 7.468 7.532 7.603 7.695 7.787 7.877 7.967 8.057 8.149 8.239
5.538 5.576 5.614 5.651 5.686 5.723 5.759 5.794 5.828 5.861 5.893 5.923 5.951 5.977 6.001 6.022 6.040 6.056 6.068 6.077 6.084 6.089 6.093 6.097 6.101 6.106 6.112 6.119 6.128 6.140 6.152 6.166 6.180 6.196 6.212 6.230 6.250 6.273 6.299 6.328 6.360 6.396 6.435 6.477 6.520 6.565 6.610 6.655 6.699 6.741 6.782 6.824 6.870 6.922 6.975 7.031 7.092 7.157 7.224 7.297 7.376 7.458 7.537 7.603 7.676 7.770 7.861 7.949 8.033 8.117 8.204 8.291
5.545 5.584 5.622 5.658 5.695 5.732 5.769 5.805 5.840 5.875 5.908 5.940 5.970 5.999 6.025 6.049 6.069 6.087 6.101 6.113 6.121 6.127 6.132 6.135 6.138 6.142 6.146 6.151 6.160 6.170 6.182 6.196 6.210 6.226 6.242 6.260 6.280 6.302 6.326 6.354 6.385 6.419 6.458 6.500 6.543 6.589 6.635 6.681 6.727 6.771 6.813 6.855 6.901 6.954 7.010 7.068 7.132 7.200 7.272 7.350 7.434 7.521 7.605 7.673 7.747 7.840 7.931 8.017 8.097 8.177 8.258 8.341
5.551 5.589 5.628 5.665 5.702 5.740 5.777 5.814 5.850 5.886 5.921 5.955 5.987 6.017 6.046 6.072 6.095 6.116 6.133 6.147 6.157 6.165 6.170 6.174 6.177 6.180 6.183 6.187 6.194 6.203 6.215 6.228 6.242 6.257 6.274 6.291 6.310 6.331 6.355 6.381 6.411 6.444 6.482 6.524 6.568 6.614 6.661 6.708 6.755 6.801 6.843 6.886 6.933 6.987 7.045 7.106 7.174 7.246 7.323 7.406 7.494 7.587 7.677 7.745 7.818 7.911 8.001 8.084 8.161 8.236 8.312 8.392
5.555 5.594 5.633 5.670 5.707 5.746 5.784 5.821 5.859 5.896 5.932 5.967 6.001 6.033 6.064 6.092 6.118 6.141 6.161 6.178 6.191 6.201 6.208 6.213 6.217 6.220 6.222 6.225 6.231 6.239 6.249 6.262 6.275 6.290 6.307 6.324 6.342 6.363 6.385 6.410 6.439 6.471 6.508 6.549 6.593 6.640 6.688 6.736 6.785 6.831 6.874 6.918 6.966 7.023 7.083 7.147 7.219 7.295 7.378 7.466 7.558 7.659 7.751 7.815 7.886 7.979 8.067 8.148 8.224 8.295 8.366 8.449
5.559 5.597 5.636 5.674 5.711 5.750 5.789 5.827 5.865 5.903 5.940 5.977 6.012 6.047 6.079 6.110 6.138 6.163 6.186 6.205 6.221 6.234 6.244 6.251 6.256 6.260 6.263 6.266 6.271 6.278 6.287 6.298 6.311 6.325 6.341 6.358 6.376 6.396 6.417 6.441 6.468 6.499 6.535 6.576 6.620 6.667 6.716 6.765 6.814 6.861 6.905 6.951 7.003 7.062 7.124 7.193 7.268 7.350 7.437 7.530 7.629 7.731 7.821 7.883 7.952 8.044 8.131 8.212 8.286 8.357 8.431 8.510
