version2/TsunamiDB/out54162.asc
ncols          264
nrows          230
xllcorner      497853.4375
yllcorner      4229146.0000
cellsize         5.
NODATA_value   -99
[rows 102 to 135 of 230, columns 0 to 76 of 264]
5.985 5.997 6.008 6.020 6.032 6.043 6.055 6.066 6.077 6.089 6.099 6.109 6.118 6.128 6.137 6.146 6.154 6.163 6.172 6.180 6.188 6.196 6.203 6.210 6.218 6.225 6.231 6.238 6.244 6.250 6.257 6.263 6.270 6.276 6.281 6.285 6.290 6.295 6.299 6.304 6.309 6.314 6.318 6.323 6.328 6.333 6.338 6.343 6.348 6.353 6.359 6.364 6.369 6.375 6.381 6.387 6.394 6.399 6.405 6.410 6.416 6.422 6.427 6.433 6.439 6.445 6.452 6.458 6.465 6.471 6.478 6.484 6.491 6.498 6.504 6.511 6.518
5.994 6.006 6.018 6.029 6.041 6.052 6.064 6.075 6.087 6.098 6.109 6.118 6.128 6.137 6.147 6.156 6.165 6.173 6.182 6.190 6.199 6.207 6.214 6.222 6.229 6.236 6.243 6.250 6.256 6.263 6.269 6.275 6.282 6.288 6.293 6.297 6.302 6.307 6.311 6.316 6.320 6.325 6.330 6.334 6.339 6.344 6.349 6.353 6.358 6.363 6.368 6.373 6.379 6.384 6.390 6.396 6.402 6.407 6.413 6.418 6.423 6.429 6.434 6.440 6.446 6.452 6.458 6.464 6.471 6.477 6.483 6.490 6.497 6.503 6.510 6.517 6.523
6.004 6.016 6.027 6.039 6.050 6.061 6.073 6.084 6.095 6.107 6.118 6.127 6.137 6.147 6.156 6.165 6.174 6.183 6.192 6.201 6.209 6.217 6.225 6.233 6.240 6.247 6.254 6.261 6.268 6.274 6.281 6.287 6.294 6.299 6.304 6.309 6.314 6.318 6.323 6.327 6.332 6.336 6.341 6.345 6.350 6.355 6.359 6.364 6.369 6.373 6.378 6.383 6.388 6.393 6.399 6.405 6.411 6.416 6.421 6.426 6.431 6.436 6.442 6.447 6.453 6.459 6.465 6.471 6.477 6.483 6.489 6.496 6.502 6.509 6.515 6.522 6.529
6.013 6.025 6.036 6.048 6.059 6.070 6.082 6.093 6.104 6.116 6.126 6.136 6.146 6.155 6.165 6.174 6.184 6.193 6.202 6.210 6.219 6.227 6.235 6.243 6.251 6.258 6.265 6.272 6.279 6.286 6.292 6.299 6.305 6.311 6.316 6.321 6.325 6.330 6.334 6.339 6.343 6.348 6.352 6.356 6.361 6.365 6.370 6.374 6.379 6.383 6.388 6.393 6.398 6.403 6.408 6.414 6.419 6.424 6.429 6.434 6.439 6.444 6.449 6.454 6.460 6.465 6.471 6.477 6.483 6.489 6.495 6.501 6.508 6.514 6.520 6.527 6.534
6.022 6.034 6.045 6.056 6.068 6.079 6.090 6.101 6.112 6.124 6.135 6.144 6.154 6.164 6.173 6.183 6.192 6.202 6.211 6.220 6.228 6.237 6.245 6.253 6.261 6.269 6.276 6.283 6.290 6.297 6.303 6.310 6.316 6.322 6.327 6.332 6.337 6.341 6.346 6.350 6.354 6.359 6.363 6.367 6.372 6.376 6.380 6.385 6.389 6.394 6.398 6.403 6.407 6.412 6.417 6.423 6.428 6.432 6.437 6.442 6.446 6.451 6.456 6.461 6.466 6.472 6.477 6.483 6.489 6.495 6.501 6.507 6.513 6.519 6.526 6.532 6.539
6.031 6.042 6.054 6.065 6.076 6.087 6.098 6.109 6.120 6.132 6.143 6.152 6.162 6.172 6.181 6.191 6.201 6.210 6.219 6.228 6.237 6.246 6.254 6.263 6.271 6.278 6.286 6.293 6.300 6.307 6.314 6.321 6.327 6.333 6.338 6.343 6.348 6.353 6.357 6.361 6.366 6.370 6.374 6.378 6.383 6.387 6.391 6.395 6.400 6.404 6.408 6.413 6.417 6.422 6.426 6.432 6.437 6.441 6.445 6.450 6.454 6.459 6.463 6.468 6.473 6.478 6.484 6.489 6.495 6.501 6.506 6.512 6.518 6.525 6.531 6.537 6.544
6.040 6.051 6.062 6.073 6.084 6.095 6.106 6.117 6.128 6.140 6.150 6.160 6.170 6.179 6.189 6.199 6.208 6.218 6.227 6.236 6.245 6.254 6.263 6.271 6.280 6.288 6.295 6.303 6.310 6.317 6.324 6.331 6.338 6.344 6.349 6.354 6.359 6.363 6.368 6.372 6.377 6.381 6.385 6.389 6.393 6.398 6.402 6.406 6.410 6.414 6.418 6.422 6.427 6.431 6.436 6.441 6.445 6.449 6.454 6.458 6.462 6.466 6.471 6.475 6.480 6.485 6.490 6.495 6.501 6.506 6.512 6.518 6.524 6.530 6.536 6.542 6.548
6.048 6.059 6.070 6.081 6.092 6.103 6.114 6.125 6.136 6.147 6.157 6.167 6.177 6.187 6.196 6.206 6.216 6.225 6.235 6.244 6.253 6.262 6.271 6.280 6.288 6.296 6.304 6.312 6.319 6.327 6.334 6.341 6.348 6.354 6.359 6.364 6.369 6.374 6.379 6.383 6.387 6.392 6.396 6.400 6.404 6.408 6.412 6.416 6.420 6.424 6.428 6.432 6.436 6.441 6.445 6.450 6.454 6.458 6.462 6.466 6.470 6.474 6.478 6.483 6.487 6.492 6.497 6.502 6.507 6.512 6.518 6.523 6.529 6.535 6.541 6.547 6.553
6.056 6.067 6.078 6.088 6.099 6.110 6.121 6.132 6.143 6.154 6.164 6.174 6.184 6.194 6.203 6.213 6.222 6.232 6.242 6.251 6.260 6.269 6.278 6.287 6.296 6.304 6.312 6.320 6.328 6.335 6.343 6.350 6.357 6.364 6.369 6.374 6.379 6.384 6.389 6.393 6.398 6.402 6.406 6.410 6.414 6.418 6.422 6.426 6.430 6.434 6.438 6.442 6.446 6.450 6.454 6.459 6.463 6.467 6.471 6.474 6.478 6.482 6.486 6.490 6.494 6.499 6.503 6.508 6.513 6.518 6.523 6.529 6.534 6.540 6.546 6.552 6.558
6.064 6.075 6.085 6.096 6.106 6.117 6.128 6.139 6.150 6.161 6.171 6.181 6.191 6.200 6.210 6.219 6.229 6.239 6.248 6.258 6.267 6.276 6.285 6.294 6.303 6.311 6.320 6.328 6.336 6.343 6.351 6.358 6.366 6.373 6.378 6.384 6.389 6.394 6.399 6.403 6.408 6.412 6.416 6.420 6.425 6.429 6.433 6.437 6.440 6.444 6.448 6.452 6.456 6.460 6.464 6.468 6.472 6.476 6.479 6.483 6.486 6.490 6.493 6.497 6.501 6.506 6.510 6.515 6.519 6.524 6.529 6.534 6.540 6.545 6.551 6.557 6.563
6.072 6.082 6.093 6.103 6.114 6.124 6.135 6.146 6.157 6.168 6.178 6.187 6.197 6.206 6.216 6.226 6.235 6.245 6.254 6.264 6.273 6.283 6.292 6.301 6.310 6.318 6.327 6.335 6.343 6.351 6.359 6.366 6.374 6.381 6.387 6.393 6.398 6.403 6.408 6.413 6.417 6.422 6.426 6.430 6.434 6.439 6.442 6.446 6.450 6.454 6.458 6.462 6.465 6.469 6.473 6.477 6.481 6.485 6.488 6.491 6.494 6.498 6.501 6.505 6.509 6.513 6.517 6.521 6.526 6.530 6.535 6.540 6.545 6.551 6.556 6.562 6.567
6.081 6.090 6.101 6.111 6.121 6.131 6.142 6.152 6.163 6.174 6.184 6.194 6.203 6.213 6.222 6.232 6.241 6.251 6.260 6.270 6.279 6.289 6.298 6.307 6.316 6.325 6.333 6.342 6.350 6.358 6.366 6.374 6.382 6.389 6.395 6.401 6.406 6.412 6.417 6.422 6.426 6.431 6.435 6.440 6.444 6.448 6.452 6.456 6.460 6.464 6.467 6.471 6.475 6.479 6.482 6.487 6.490 6.493 6.496 6.500 6.503 6.506 6.509 6.512 6.516 6.520 6.524 6.528 6.532 6.536 6.541 6.546 6.551 6.556 6.561 6.567 6.572
6.089 6.099 6.109 6.118 6.128 6.139 6.149 6.159 6.170 6.181 6.191 6.200 6.209 6.219 6.228 6.238 6.247 6.257 6.266 6.276 6.285 6.294 6.304 6.313 6.322 6.331 6.339 6.348 6.356 6.365 6.373 6.381 6.389 6.396 6.402 6.408 6.414 6.420 6.425 6.430 6.435 6.440 6.444 6.449 6.453 6.457 6.461 6.465 6.469 6.473 6.477 6.480 6.484 6.488 6.492 6.496 6.499 6.502 6.505 6.508 6.511 6.514 6.517 6.520 6.523 6.527 6.531 6.534 6.538 6.543 6.547 6.551 6.556 6.561 6.566 6.571 6.577
6.099 6.108 6.117 6.126 6.136 6.146 6.156 6.166 6.177 6.187 6.197 6.206 6.215 6.225 6.234 6.243 6.253 6.262 6.272 6.281 6.290 6.300 6.309 6.318 6.327 6.336 6.345 6.354 6.362 6.371 6.379 6.387 6.396 6.403 6.409 6.416 6.422 6.427 6.433 6.438 6.443 6.448 6.453 6.458 6.462 6.466 6.470 6.474 6.478 6.482 6.486 6.489 6.493 6.497 6.501 6.505 6.508 6.511 6.514 6.516 6.519 6.522 6.525 6.528 6.531 6.534 6.538 6.541 6.545 6.549 6.553 6.557 6.562 6.567 6.571 6.576 6.582
6.109 6.117 6.126 6.135 6.144 6.154 6.163 6.173 6.184 6.194 6.203 6.212 6.221 6.231 6.240 6.249 6.258 6.268 6.277 6.287 6.296 6.305 6.314 6.323 6.333 6.341 6.350 6.359 6.368 6.376 6.385 6.393 6.402 6.409 6.416 6.422 6.428 6.434 6.440 6.446 6.451 6.456 6.461 6.466 6.470 6.475 6.479 6.483 6.487 6.491 6.495 6.498 6.502 6.506 6.509 6.513 6.517 6.519 6.522 6.525 6.527 6.530 6.533 6.536 6.538 6.542 6.545 6.548 6.552 6.555 6.559 6.563 6.568 6.572 6.577 6.582 6.587
6.120 6.128 6.136 6.144 6.153 6.162 6.171 6.181 6.191 6.201 6.210 6.219 6.228 6.237 6.246 6.255 6.264 6.273 6.283 6.292 6.301 6.310 6.320 6.329 6.338 6.347 6.355 6.364 6.373 6.382 6.390 6.399 6.408 6.415 6.422 6.428 6.435 6.441 6.447 6.452 6.458 6.463 6.468 6.473 6.478 6.483 6.487 6.491 6.495 6.499 6.503 6.507 6.510 6.514 6.518 6.522 6.525 6.528 6.531 6.533 6.536 6.538 6.541 6.543 6.546 6.549 6.552 6.555 6.558 6.562 6.565 6.569 6.573 6.578 6.582 6.587 6.592
6.132 6.139 6.147 6.154 6.162 6.171 6.180 6.189 6.199 6.208 6.216 6.225 6.234 6.243 6.252 6.261 6.270 6.279 6.288 6.297 6.307 6.316 6.325 6.334 6.343 6.352 6.361 6.369 6.378 6.387 6.395 6.404 6.413 6.420 6.427 6.434 6.441 6.447 6.453 6.459 6.465 6.470 6.476 6.481 6.486 6.490 6.495 6.499 6.503 6.507 6.511 6.515 6.519 6.523 6.526 6.531 6.534 6.536 6.539 6.541 6.544 6.546 6.549 6.551 6.554 6.556 6.559 6.562 6.565 6.568 6.572 6.575 6.579 6.583 6.587 6.592 6.597
6.145 6.151 6.158 6.165 6.173 6.181 6.189 6.198 6.207 6.215 6.224 6.232 6.241 6.249 6.258 6.267 6.276 6.285 6.294 6.303 6.312 6.321 6.330 6.339 6.348 6.357 6.366 6.374 6.383 6.392 6.401 6.410 6.418 6.425 6.432 6.439 6.446 6.453 6.459 6.465 6.471 6.477 6.482 6.487 6.493 6.497 6.502 6.507 6.511 6.515 6.519 6.523 6.527 6.531 6.535 6.539 6.542 6.544 6.547 6.549 6.552 6.554 6.556 6.559 6.561 6.564 6.566 6.569 6.572 6.575 6.578 6.582 6.585 6.589 6.593 6.597 6.602
6.158 6.164 6.171 6.177 6.184 6.191 6.199 6.207 6.215 6.224 6.232 6.240 6.248 6.256 6.265 6.273 6.282 6.291 6.300 6.309 6.318 6.327 6.336 6.344 6.353 6.362 6.371 6.380 6.388 6.397 6.406 6.415 6.423 6.430 6.438 6.445 6.451 6.458 6.465 6.471 6.477 6.483 6.488 6.494 6.499 6.504 6.509 6.514 6.518 6.523 6.527 6.531 6.535 6.539 6.543 6.547 6.549 6.552 6.555 6.557 6.559 6.562 6.564 6.566 6.569 6.571 6.574 6.576 6.579 6.582 6.585 6.588 6.591 6.595 6.599 6.603 6.607
6.172 6.178 6.184 6.190 6.196 6.203 6.210 6.217 6.225 6.233 6.240 6.247 6.255 6.263 6.271 6.280 6.288 6.297 6.306 6.315 6.323 6.332 6.341 6.350 6.359 6.367 6.376 6.385 6.393 6.402 6.411 6.420 6.428 6.435 6.443 6.450 6.457 6.463 6.470 6.476 6.482 6.489 6.494 6.500 6.505 6.511 6.516 6.521 6.525 6.530 6.534 6.538 6.542 6.546 6.551 6.554 6.557 6.560 6.562 6.565 6.567 6.569 6.572 6.574 6.576 6.578 6.581 6.583 6.586 6.588 6.591 6.594 6.597 6.601 6.604 6.608 6.612
6.186 6.192 6.197 6.203 6.209 6.215 6.221 6.228 6.235 6.242 6.249 6.256 6.263 6.271 6.279 6.287 6.295 6.304 6.312 6.321 6.329 6.338 6.347 6.356 6.364 6.373 6.382 6.390 6.399 6.407 6.416 6.425 6.433 6.440 6.448 6.455 6.462 6.469 6.475 6.482 6.488 6.494 6.500 6.506 6.511 6.517 6.522 6.527 6.532 6.536 6.541 6.545 6.549 6.554 6.558 6.562 6.565 6.567 6.570 6.573 6.575 6.577 6.579 6.581 6.584 6.586 6.588 6.590 6.593 6.595 6.598 6.601 6.604 6.607 6.610 6.614 6.618
6.201 6.206 6.211 6.217 6.222 6.228 6.234 6.240 6.247 6.253 6.259 6.266 6.272 6.279 6.287 6.294 6.302 6.310 6.319 6.327 6.336 6.344 6.353 6.361 6.370 6.379 6.387 6.396 6.404 6.413 6.421 6.430 6.438 6.446 6.453 6.460 6.467 6.474 6.480 6.487 6.493 6.500 6.506 6.512 6.517 6.523 6.528 6.533 6.538 6.543 6.548 6.552 6.556 6.561 6.565 6.569 6.572 6.575 6.578 6.580 6.582 6.585 6.587 6.589 6.591 6.593 6.595 6.597 6.600 6.602 6.605 6.607 6.610 6.613 6.616 6.619 6.623
6.215 6.220 6.225 6.231 6.236 6.241 6.247 6.252 6.259 6.264 6.270 6.276 6.282 6.288 6.295 6.302 6.310 6.318 6.326 6.334 6.342 6.351 6.359 6.368 6.376 6.385 6.393 6.401 6.410 6.418 6.427 6.435 6.443 6.451 6.458 6.465 6.472 6.479 6.486 6.492 6.499 6.505 6.511 6.517 6.523 6.529 6.534 6.539 6.545 6.549 6.554 6.559 6.563 6.568 6.572 6.576 6.579 6.582 6.585 6.587 6.590 6.592 6.594 6.596 6.598 6.600 6.602 6.605 6.607 6.609 6.611 6.614 6.616 6.619 6.622 6.625 6.629
6.228 6.234 6.239 6.245 6.250 6.255 6.260 6.265 6.271 6.277 6.282 6.287 6.292 6.298 6.304 6.311 6.318 6.326 6.333 6.341 6.349 6.357 6.366 6.374 6.382 6.391 6.399 6.407 6.416 6.424 6.432 6.441 6.449 6.456 6.464 6.471 6.477 6.484 6.491 6.498 6.504 6.510 6.517 6.523 6.529 6.534 6.540 6.545 6.551 6.556 6.561 6.565 6.570 6.574 6.579 6.583 6.586 6.589 6.592 6.595 6.597 6.599 6.602 6.604 6.606 6.608 6.610 6.612 6.614 6.616 6.618 6.621 6.623 6.626 6.628 6.631 6.635
6.241 6.247 6.253 6.258 6.263 6.269 6.274 6.279 6.284 6.289 6.294 6.298 6.303 6.309 6.314 6.321 6.327 6.334 6.341 6.349 6.356 6.364 6.372 6.381 6.389 6.397 6.405 6.413 6.422 6.430 6.438 6.447 6.455 6.462 6.469 6.476 6.483 6.490 6.496 6.503 6.509 6.516 6.522 6.528 6.534 6.540 6.546 6.551 6.557 6.562 6.567 6.572 6.576 6.581 6.586 6.590 6.593 6.596 6.599 6.602 6.604 6.607 6.609 6.611 6.613 6.615 6.617 6.619 6.621 6.623 6.625 6.627 6.630 6.632 6.635 6.638 6.641
6.252 6.259 6.265 6.271 6.277 6.282 6.287 6.292 6.298 6.302 6.307 6.311 6.315 6.320 6.325 6.331 6.337 6.343 6.350 6.357 6.364 6.372 6.380 6.387 6.395 6.404 6.412 6.420 6.428 6.436 6.444 6.453 6.461 6.468 6.475 6.482 6.489 6.495 6.502 6.509 6.515 6.522 6.528 6.534 6.540 6.546 6.552 6.557 6.563 6.568 6.573 6.578 6.583 6.588 6.592 6.597 6.600 6.603 6.606 6.609 6.612 6.614 6.616 6.618 6.620 6.622 6.624 6.626 6.628 6.630 6.632 6.634 6.637 6.639 6.641 6.644 6.647
6.264 6.271 6.277 6.284 6.290 6.295 6.301 6.306 6.311 6.316 6.320 6.324 6.328 6.332 6.337 6.342 6.347 6.353 6.359 6.366 6.372 6.380 6.387 6.395 6.402 6.410 6.418 6.426 6.434 6.442 6.451 6.459 6.467 6.474 6.481 6.488 6.495 6.501 6.508 6.515 6.521 6.527 6.534 6.540 6.546 6.552 6.558 6.563 6.569 6.574 6.579 6.584 6.589 6.594 6.599 6.604 6.607 6.610 6.614 6.616 6.619 6.621 6.624 6.626 6.628 6.630 6.632 6.634 6.636 6.638 6.640 6.642 6.644 6.646 6.648 6.651 6.654
6.274 6.281 6.289 6.295 6.302 6.308 6.314 6.319 6.325 6.329 6.333 6.337 6.341 6.344 6.349 6.353 6.358 6.363 6.369 6.375 6.381 6.388 6.395 6.402 6.410 6.417 6.425 6.433 6.441 6.449 6.457 6.465 6.473 6.480 6.487 6.494 6.501 6.508 6.514 6.521 6.527 6.533 6.540 6.546 6.552 6.558 6.564 6.569 6.575 6.580 6.586 6.591 6.596 6.601 6.606 6.610 6.614 6.617 6.621 6.624 6.626 6.629 6.631 6.633 6.635 6.638 6.640 6.641 6.643 6.645 6.647 6.649 6.651 6.653 6.655 6.658 6.660
6.284 6.292 6.299 6.306 6.313 6.320 6.326 6.332 6.338 6.342 6.346 6.350 6.354 6.357 6.361 6.365 6.370 6.374 6.379 6.385 6.391 6.397 6.404 6.410 6.418 6.425 6.432 6.440 6.448 6.456 6.464 6.472 6.480 6.487 6.494 6.501 6.507 6.514 6.520 6.527 6.533 6.540 6.546 6.552 6.558 6.564 6.570 6.576 6.581 6.587 6.592 6.597 6.602 6.608 6.613 6.617 6.621 6.625 6.628 6.631 6.634 6.636 6.639 6.641 6.643 6.645 6.647 6.649 6.651 6.653 6.655 6.657 6.659 6.661 6.663 6.665 6.667
6.293 6.301 6.309 6.317 6.324 6.331 6.338 6.344 6.350 6.355 6.359 6.363 6.367 6.370 6.374 6.378 6.382 6.386 6.391 6.395 6.401 6.407 6.413 6.419 6.426 6.433 6.440 6.447 6.455 6.463 6.471 6.479 6.487 6.494 6.501 6.507 6.514 6.520 6.527 6.533 6.540 6.546 6.552 6.558 6.564 6.570 6.576 6.582 6.588 6.593 6.599 6.604 6.609 6.614 6.620 6.624 6.628 6.632 6.635 6.638 6.641 6.644 6.646 6.649 6.651 6.653 6.655 6.657 6.659 6.661 6.663 6.664 6.666 6.668 6.670 6.672 6.675
6.301 6.310 6.318 6.326 6.334 6.342 6.349 6.356 6.362 6.368 6.372 6.376 6.380 6.383 6.387 6.391 6.394 6.398 6.402 6.407 6.412 6.417 6.422 6.428 6.434 6.441 6.448 6.455 6.462 6.470 6.478 6.486 6.494 6.500 6.507 6.514 6.521 6.527 6.534 6.540 6.546 6.553 6.559 6.565 6.571 6.577 6.583 6.589 6.594 6.600 6.605 6.611 6.616 6.621 6.626 6.631 6.635 6.639 6.642 6.646 6.649 6.651 6.654 6.656 6.659 6.661 6.663 6.665 6.667 6.669 6.671 6.672 6.674 6.676 6.678 6.680 6.682
6.309 6.318 6.327 6.335 6.344 6.352 6.359 6.367 6.374 6.379 6.384 6.388 6.393 6.396 6.400 6.404 6.407 6.411 6.415 6.419 6.423 6.428 6.433 6.438 6.444 6.450 6.456 6.463 6.470 6.477 6.485 6.493 6.501 6.507 6.514 6.521 6.527 6.534 6.540 6.547 6.553 6.559 6.566 6.572 6.578 6.584 6.590 6.595 6.601 6.607 6.612 6.617 6.623 6.628 6.634 6.638 6.642 6.646 6.650 6.653 6.656 6.659 6.662 6.664 6.667 6.669 6.671 6.673 6.675 6.677 6.679 6.681 6.682 6.684 6.686 6.688 6.690
6.317 6.326 6.335 6.344 6.353 6.361 6.369 6.377 6.384 6.390 6.396 6.400 6.405 6.409 6.413 6.417 6.420 6.424 6.427 6.431 6.435 6.439 6.443 6.448 6.454 6.459 6.465 6.471 6.478 6.485 6.493 6.501 6.508 6.515 6.521 6.528 6.534 6.541 6.547 6.554 6.560 6.566 6.573 6.579 6.585 6.591 6.597 6.602 6.608 6.614 6.619 6.624 6.630 6.635 6.641 6.646 6.650 6.654 6.657 6.661 6.664 6.667 6.669 6.672 6.675 6.677 6.679 6.681 6.683 6.685 6.687 6.689 6.691 6.693 6.694 6.696 6.698
6.324 6.334 6.343 6.352 6.361 6.370 6.378 6.387 6.394 6.401 6.406 6.412 6.417 6.421 6.425 6.429 6.433 6.437 6.440 6.444 6.447 6.451 6.455 6.459 6.464 6.469 6.475 6.480 6.487 6.493 6.501 6.508 6.515 6.522 6.528 6.535 6.542 6.548 6.554 6.561 6.567 6.573 6.580 6.586 6.592 6.598 6.604 6.609 6.615 6.621 6.626 6.632 6.637 6.643 6.648 6.653 6.657 6.661 6.665 6.668 6.671 6.675 6.677 6.680 6.683 6.685 6.687 6.690 6.692 6.694 6.696 6.697 6.699 6.701 6.703 6.705 6.707
