version2/TsunamiDB/out54073.asc
ncols          264
nrows          230
xllcorner      497853.4375
yllcorner      4229146.0000
cellsize         5.
NODATA_value   -99
[rows 66 to 98 of 230, columns 76 to 151 of 264]
4.307 4.351 4.395 4.438 4.482 4.526 4.569 4.613 4.657 4.702 4.747 4.791 4.836 4.879 4.922 4.963 5.004 5.043 5.080 5.116 5.151 5.185 5.217 5.248 5.278 5.307 5.335 5.362 5.388 5.414 5.438 5.463 5.488 5.512 5.535 5.559 5.582 5.605 5.627 5.650 5.672 5.693 5.715 5.736 5.758 5.779 5.799 5.820 5.840 5.861 5.880 5.900 5.918 5.936 5.954 5.972 5.989 6.006 6.022 6.037 6.051 6.065 6.077 6.088 6.099 6.107 6.115 6.122 6.127 6.132 6.136 6.139 6.142 6.145 6.148 6.151
4.325 4.368 4.410 4.452 4.494 4.536 4.577 4.619 4.662 4.706 4.749 4.793 4.836 4.879 4.922 4.964 5.004 5.044 5.082 5.119 5.155 5.189 5.222 5.253 5.284 5.313 5.342 5.370 5.397 5.422 5.447 5.472 5.497 5.521 5.545 5.568 5.592 5.614 5.637 5.659 5.682 5.703 5.725 5.747 5.768 5.789 5.810 5.831 5.852 5.872 5.892 5.912 5.930 5.949 5.968 5.986 6.004 6.022 6.039 6.055 6.070 6.085 6.098 6.111 6.123 6.133 6.142 6.150 6.156 6.162 6.166 6.170 6.174 6.177 6.179 6.180
4.344 4.385 4.425 4.466 4.506 4.547 4.586 4.627 4.668 4.710 4.752 4.795 4.837 4.880 4.922 4.963 5.004 5.044 5.083 5.120 5.157 5.192 5.225 5.258 5.289 5.319 5.348 5.377 5.404 5.429 5.455 5.480 5.505 5.530 5.554 5.577 5.601 5.624 5.646 5.669 5.691 5.713 5.735 5.756 5.778 5.799 5.820 5.841 5.862 5.883 5.904 5.923 5.942 5.961 5.980 5.999 6.018 6.036 6.054 6.071 6.087 6.103 6.118 6.132 6.145 6.156 6.167 6.176 6.184 6.191 6.196 6.201 6.205 6.208 6.210 6.210
4.363 4.403 4.442 4.481 4.520 4.558 4.596 4.636 4.676 4.716 4.756 4.797 4.839 4.880 4.921 4.962 5.003 5.043 5.082 5.120 5.157 5.193 5.227 5.261 5.293 5.324 5.353 5.383 5.410 5.435 5.462 5.487 5.513 5.537 5.562 5.586 5.609 5.632 5.655 5.678 5.700 5.722 5.744 5.766 5.787 5.809 5.830 5.851 5.872 5.893 5.914 5.934 5.953 5.972 5.992 6.011 6.031 6.049 6.068 6.086 6.103 6.120 6.136 6.151 6.165 6.178 6.190 6.201 6.210 6.218 6.225 6.231 6.236 6.239 6.241 6.242
4.383 4.421 4.459 4.497 4.535 4.571 4.608 4.646 4.684 4.723 4.762 4.801 4.841 4.881 4.921 4.962 5.002 5.042 5.081 5.119 5.156 5.193 5.228 5.262 5.295 5.327 5.357 5.387 5.414 5.441 5.468 5.494 5.519 5.545 5.569 5.593 5.617 5.640 5.663 5.686 5.708 5.731 5.753 5.775 5.796 5.818 5.839 5.860 5.882 5.903 5.924 5.944 5.963 5.983 6.003 6.023 6.042 6.062 6.081 6.099 6.117 6.135 6.152 6.168 6.183 6.197 6.211 6.223 6.234 6.244 6.252 6.259 6.265 6.270 6.273 6.274
4.403 4.441 4.478 4.514 4.550 4.586 4.621 4.657 4.694 4.731 4.768 4.806 4.844 4.883 4.922 4.961 5.001 5.040 5.079 5.117 5.155 5.191 5.227 5.262 5.296 5.328 5.359 5.390 5.418 5.445 5.473 5.499 5.525 5.551 5.576 5.600 5.624 5.648 5.671 5.694 5.716 5.739 5.761 5.783 5.805 5.826 5.848 5.869 5.891 5.912 5.933 5.953 5.973 5.993 6.013 6.033 6.053 6.073 6.093 6.112 6.131 6.149 6.166 6.183 6.200 6.215 6.230 6.243 6.256 6.267 6.277 6.285 6.293 6.299 6.303 6.305
4.424 4.460 4.496 4.532 4.567 4.601 4.635 4.670 4.705 4.741 4.776 4.812 4.849 4.886 4.924 4.962 5.000 5.038 5.077 5.115 5.152 5.189 5.225 5.260 5.295 5.328 5.360 5.391 5.420 5.448 5.476 5.504 5.530 5.556 5.581 5.606 5.630 5.654 5.678 5.701 5.724 5.746 5.769 5.791 5.813 5.835 5.856 5.878 5.899 5.921 5.942 5.962 5.982 6.003 6.023 6.044 6.064 6.084 6.104 6.124 6.143 6.162 6.180 6.198 6.215 6.231 6.247 6.262 6.275 6.288 6.299 6.310 6.318 6.326 6.331 6.335
4.445 4.480 4.515 4.550 4.584 4.617 4.650 4.684 4.718 4.751 4.786 4.820 4.855 4.891 4.927 4.963 5.000 5.037 5.075 5.112 5.149 5.186 5.222 5.258 5.293 5.326 5.359 5.391 5.421 5.450 5.478 5.506 5.534 5.560 5.586 5.611 5.636 5.660 5.684 5.707 5.730 5.753 5.776 5.798 5.820 5.842 5.864 5.886 5.907 5.929 5.951 5.971 5.991 6.012 6.032 6.053 6.074 6.094 6.114 6.134 6.154 6.173 6.192 6.211 6.229 6.246 6.263 6.278 6.293 6.307 6.320 6.332 6.342 6.351 6.358 6.363
4.465 4.500 4.535 4.568 4.602 4.634 4.666 4.698 4.731 4.764 4.797 4.830 4.863 4.897 4.932 4.966 5.002 5.038 5.074 5.110 5.146 5.183 5.219 5.254 5.289 5.324 5.357 5.390 5.420 5.450 5.479 5.508 5.536 5.563 5.589 5.615 5.640 5.665 5.689 5.713 5.736 5.759 5.782 5.805 5.827 5.849 5.871 5.893 5.915 5.937 5.959 5.979 6.000 6.020 6.041 6.062 6.083 6.104 6.124 6.145 6.165 6.184 6.204 6.223 6.241 6.259 6.277 6.293 6.309 6.324 6.338 6.351 6.363 6.374 6.383 6.389
4.486 4.521 4.554 4.587 4.620 4.651 4.682 4.714 4.745 4.777 4.809 4.840 4.873 4.905 4.938 4.971 5.005 5.039 5.074 5.109 5.144 5.180 5.215 5.250 5.285 5.320 5.354 5.387 5.418 5.448 5.478 5.508 5.536 5.564 5.591 5.618 5.643 5.669 5.693 5.718 5.741 5.765 5.788 5.811 5.833 5.856 5.878 5.900 5.922 5.944 5.966 5.987 6.008 6.029 6.050 6.071 6.092 6.113 6.134 6.154 6.175 6.195 6.215 6.234 6.253 6.272 6.290 6.307 6.324 6.340 6.355 6.369 6.383 6.395 6.405 6.413
4.507 4.541 4.574 4.606 4.638 4.669 4.699 4.730 4.760 4.791 4.821 4.852 4.883 4.914 4.946 4.977 5.010 5.042 5.075 5.109 5.143 5.177 5.212 5.246 5.281 5.315 5.349 5.382 5.414 5.445 5.476 5.506 5.535 5.564 5.592 5.619 5.645 5.671 5.696 5.721 5.745 5.769 5.793 5.816 5.839 5.862 5.884 5.907 5.929 5.951 5.973 5.995 6.015 6.036 6.058 6.079 6.100 6.121 6.142 6.163 6.184 6.204 6.224 6.244 6.264 6.283 6.302 6.320 6.337 6.354 6.370 6.386 6.400 6.414 6.425 6.435
4.528 4.561 4.593 4.625 4.656 4.686 4.716 4.746 4.776 4.806 4.835 4.865 4.895 4.925 4.955 4.985 5.016 5.047 5.079 5.111 5.143 5.176 5.209 5.243 5.276 5.310 5.344 5.377 5.409 5.440 5.471 5.502 5.532 5.562 5.590 5.618 5.645 5.672 5.698 5.723 5.748 5.772 5.796 5.820 5.844 5.867 5.890 5.913 5.935 5.958 5.980 6.001 6.022 6.044 6.065 6.087 6.108 6.130 6.151 6.172 6.193 6.213 6.234 6.254 6.274 6.293 6.313 6.331 6.350 6.367 6.384 6.400 6.416 6.430 6.443 6.454
4.548 4.581 4.613 4.644 4.675 4.704 4.733 4.762 4.792 4.821 4.849 4.878 4.907 4.936 4.965 4.994 5.024 5.053 5.083 5.114 5.145 5.176 5.208 5.240 5.273 5.306 5.338 5.371 5.403 5.434 5.466 5.497 5.528 5.558 5.587 5.615 5.643 5.671 5.697 5.723 5.749 5.774 5.799 5.823 5.847 5.871 5.894 5.918 5.941 5.963 5.986 6.008 6.029 6.050 6.072 6.094 6.116 6.137 6.158 6.180 6.201 6.222 6.242 6.263 6.283 6.303 6.323 6.342 6.361 6.379 6.397 6.414 6.430 6.446 6.460 6.472
4.569 4.601 4.632 4.663 4.693 4.722 4.750 4.779 4.808 4.836 4.864 4.892 4.920 4.948 4.976 5.004 5.032 5.061 5.090 5.119 5.148 5.178 5.209 5.239 5.270 5.302 5.334 5.366 5.397 5.428 5.459 5.490 5.521 5.552 5.582 5.611 5.640 5.668 5.695 5.722 5.748 5.774 5.800 5.825 5.850 5.874 5.898 5.922 5.945 5.968 5.991 6.013 6.034 6.056 6.078 6.100 6.122 6.144 6.166 6.187 6.208 6.230 6.251 6.271 6.292 6.312 6.332 6.352 6.371 6.390 6.408 6.426 6.443 6.460 6.474 6.488
4.589 4.620 4.651 4.681 4.711 4.739 4.767 4.796 4.824 4.851 4.879 4.906 4.934 4.961 4.988 5.015 5.042 5.070 5.097 5.125 5.153 5.182 5.211 5.240 5.269 5.299 5.330 5.361 5.391 5.421 5.452 5.483 5.514 5.544 5.575 5.604 5.634 5.663 5.691 5.719 5.746 5.773 5.799 5.825 5.850 5.875 5.900 5.924 5.948 5.972 5.995 6.018 6.039 6.062 6.084 6.106 6.128 6.150 6.172 6.194 6.215 6.237 6.258 6.279 6.300 6.321 6.341 6.361 6.381 6.400 6.419 6.437 6.455 6.472 6.488 6.502
4.608 4.639 4.670 4.700 4.729 4.757 4.784 4.812 4.840 4.867 4.894 4.921 4.947 4.974 5.000 5.027 5.053 5.079 5.106 5.133 5.160 5.187 5.214 5.242 5.270 5.299 5.328 5.357 5.386 5.415 5.445 5.475 5.506 5.536 5.566 5.596 5.626 5.655 5.685 5.713 5.741 5.769 5.796 5.823 5.849 5.875 5.901 5.926 5.950 5.974 5.998 6.021 6.043 6.066 6.089 6.111 6.134 6.156 6.178 6.200 6.222 6.243 6.265 6.286 6.307 6.328 6.349 6.369 6.389 6.409 6.428 6.447 6.466 6.484 6.500 6.515
4.628 4.659 4.689 4.718 4.747 4.774 4.801 4.828 4.855 4.882 4.909 4.935 4.961 4.987 5.013 5.038 5.064 5.090 5.116 5.141 5.167 5.193 5.219 5.246 5.273 5.300 5.327 5.355 5.382 5.410 5.438 5.468 5.497 5.527 5.557 5.587 5.617 5.646 5.676 5.705 5.734 5.763 5.791 5.819 5.846 5.873 5.899 5.925 5.951 5.975 6.000 6.023 6.046 6.069 6.092 6.115 6.138 6.161 6.183 6.205 6.227 6.249 6.271 6.293 6.314 6.335 6.356 6.377 6.397 6.417 6.437 6.457 6.476 6.494 6.511 6.527
4.647 4.677 4.707 4.736 4.764 4.791 4.818 4.845 4.871 4.897 4.923 4.949 4.975 5.000 5.025 5.051 5.076 5.101 5.126 5.151 5.176 5.201 5.226 5.251 5.277 5.302 5.328 5.355 5.380 5.406 5.434 5.461 5.490 5.518 5.547 5.577 5.606 5.636 5.665 5.695 5.725 5.754 5.783 5.812 5.840 5.868 5.896 5.922 5.949 5.975 6.000 6.024 6.047 6.071 6.095 6.118 6.142 6.164 6.187 6.210 6.232 6.254 6.276 6.298 6.320 6.341 6.363 6.384 6.405 6.425 6.445 6.465 6.485 6.503 6.521 6.537
4.666 4.696 4.726 4.754 4.782 4.809 4.835 4.861 4.887 4.913 4.938 4.964 4.989 5.013 5.038 5.063 5.087 5.112 5.136 5.160 5.185 5.209 5.233 5.258 5.282 5.307 5.331 5.356 5.380 5.405 5.430 5.457 5.483 5.511 5.538 5.566 5.595 5.624 5.654 5.683 5.713 5.743 5.773 5.802 5.832 5.861 5.889 5.917 5.945 5.972 5.998 6.022 6.047 6.071 6.096 6.120 6.144 6.167 6.190 6.213 6.236 6.259 6.281 6.303 6.325 6.347 6.369 6.390 6.411 6.432 6.452 6.473 6.493 6.512 6.530 6.547
4.685 4.715 4.744 4.772 4.800 4.826 4.851 4.877 4.903 4.928 4.953 4.978 5.002 5.027 5.051 5.075 5.099 5.123 5.147 5.171 5.194 5.218 5.241 5.265 5.289 5.312 5.336 5.359 5.382 5.405 5.430 5.454 5.479 5.505 5.531 5.557 5.585 5.613 5.641 5.670 5.700 5.730 5.760 5.790 5.820 5.850 5.880 5.909 5.938 5.966 5.993 6.018 6.044 6.070 6.095 6.120 6.144 6.168 6.192 6.216 6.239 6.262 6.284 6.307 6.329 6.352 6.373 6.395 6.417 6.438 6.459 6.480 6.500 6.520 6.537 6.555
4.704 4.734 4.762 4.790 4.817 4.843 4.868 4.894 4.919 4.944 4.968 4.992 5.016 5.040 5.064 5.087 5.111 5.134 5.158 5.181 5.204 5.227 5.250 5.273 5.296 5.319 5.342 5.364 5.386 5.408 5.431 5.454 5.477 5.501 5.525 5.550 5.576 5.602 5.629 5.657 5.686 5.715 5.745 5.775 5.806 5.836 5.867 5.897 5.927 5.957 5.985 6.011 6.038 6.065 6.092 6.117 6.143 6.168 6.192 6.216 6.240 6.264 6.287 6.310 6.333 6.355 6.377 6.400 6.421 6.443 6.464 6.486 6.506 6.526 6.544 6.563
4.723 4.752 4.781 4.809 4.835 4.860 4.885 4.910 4.935 4.959 4.983 5.007 5.030 5.054 5.077 5.100 5.123 5.146 5.169 5.191 5.214 5.237 5.259 5.282 5.304 5.326 5.349 5.370 5.390 5.412 5.434 5.456 5.478 5.500 5.522 5.546 5.569 5.593 5.619 5.645 5.672 5.700 5.729 5.759 5.789 5.820 5.851 5.882 5.913 5.944 5.973 6.001 6.030 6.058 6.085 6.112 6.139 6.165 6.190 6.215 6.240 6.264 6.288 6.311 6.335 6.358 6.380 6.403 6.425 6.447 6.469 6.490 6.512 6.532 6.551 6.569
4.741 4.771 4.799 4.827 4.852 4.877 4.903 4.927 4.951 4.975 4.999 5.022 5.045 5.068 5.090 5.113 5.135 5.158 5.180 5.202 5.224 5.246 5.268 5.290 5.312 5.334 5.356 5.376 5.396 5.417 5.438 5.459 5.480 5.501 5.522 5.544 5.566 5.588 5.611 5.635 5.660 5.686 5.713 5.741 5.771 5.801 5.832 5.863 5.895 5.927 5.957 5.987 6.017 6.046 6.075 6.104 6.132 6.159 6.186 6.212 6.237 6.262 6.287 6.311 6.335 6.359 6.382 6.405 6.428 6.450 6.472 6.494 6.516 6.536 6.556 6.575
4.760 4.789 4.818 4.845 4.870 4.895 4.920 4.944 4.968 4.991 5.014 5.037 5.059 5.082 5.104 5.126 5.148 5.169 5.191 5.213 5.235 5.256 5.278 5.299 5.321 5.342 5.363 5.384 5.403 5.424 5.444 5.465 5.485 5.505 5.525 5.545 5.565 5.585 5.606 5.628 5.651 5.674 5.699 5.725 5.752 5.781 5.811 5.842 5.873 5.906 5.937 5.968 5.999 6.030 6.061 6.091 6.121 6.149 6.178 6.205 6.232 6.258 6.283 6.309 6.333 6.358 6.382 6.405 6.429 6.452 6.474 6.497 6.519 6.540 6.560 6.580
4.778 4.808 4.836 4.863 4.889 4.913 4.938 4.962 4.985 5.008 5.031 5.053 5.075 5.096 5.118 5.139 5.160 5.182 5.203 5.224 5.245 5.266 5.287 5.309 5.330 5.351 5.372 5.391 5.411 5.431 5.451 5.471 5.491 5.510 5.529 5.548 5.567 5.586 5.605 5.625 5.645 5.666 5.688 5.711 5.736 5.762 5.790 5.819 5.850 5.882 5.913 5.945 5.977 6.010 6.042 6.074 6.105 6.135 6.165 6.194 6.223 6.250 6.277 6.304 6.329 6.355 6.380 6.404 6.428 6.452 6.475 6.498 6.521 6.542 6.563 6.583
4.796 4.826 4.854 4.882 4.907 4.932 4.956 4.980 5.003 5.025 5.047 5.069 5.090 5.111 5.132 5.153 5.174 5.194 5.215 5.236 5.256 5.277 5.297 5.318 5.339 5.359 5.380 5.400 5.419 5.439 5.458 5.478 5.497 5.517 5.535 5.554 5.572 5.590 5.608 5.625 5.644 5.662 5.681 5.702 5.723 5.746 5.771 5.798 5.826 5.857 5.887 5.918 5.951 5.984 6.017 6.051 6.084 6.116 6.148 6.179 6.209 6.238 6.267 6.295 6.322 6.349 6.375 6.400 6.425 6.450 6.474 6.497 6.521 6.543 6.564 6.585
4.814 4.844 4.873 4.900 4.926 4.950 4.974 4.998 5.021 5.043 5.065 5.086 5.107 5.127 5.148 5.168 5.188 5.208 5.228 5.248 5.268 5.288 5.308 5.328 5.348 5.368 5.389 5.408 5.427 5.447 5.466 5.486 5.505 5.524 5.543 5.561 5.578 5.596 5.613 5.629 5.646 5.662 5.679 5.697 5.715 5.735 5.757 5.780 5.805 5.832 5.861 5.890 5.922 5.955 5.988 6.023 6.057 6.091 6.124 6.157 6.189 6.221 6.251 6.281 6.310 6.338 6.366 6.393 6.419 6.445 6.470 6.494 6.519 6.542 6.563 6.585
4.832 4.862 4.891 4.918 4.944 4.969 4.993 5.017 5.039 5.061 5.083 5.104 5.124 5.144 5.164 5.183 5.203 5.222 5.241 5.261 5.280 5.299 5.319 5.338 5.358 5.378 5.398 5.417 5.435 5.455 5.474 5.494 5.513 5.532 5.550 5.568 5.586 5.603 5.620 5.636 5.651 5.666 5.682 5.697 5.713 5.729 5.747 5.767 5.788 5.812 5.837 5.863 5.893 5.924 5.957 5.990 6.025 6.060 6.095 6.129 6.163 6.197 6.229 6.261 6.292 6.323 6.352 6.381 6.409 6.436 6.462 6.488 6.514 6.538 6.561 6.583
4.849 4.879 4.908 4.936 4.962 4.987 5.011 5.035 5.058 5.080 5.101 5.122 5.142 5.161 5.181 5.200 5.218 5.237 5.256 5.274 5.293 5.311 5.330 5.349 5.368 5.388 5.407 5.426 5.444 5.463 5.483 5.502 5.521 5.540 5.559 5.577 5.594 5.612 5.628 5.644 5.659 5.673 5.687 5.701 5.715 5.729 5.744 5.760 5.778 5.797 5.818 5.841 5.867 5.895 5.925 5.957 5.991 6.025 6.060 6.095 6.131 6.166 6.201 6.235 6.268 6.301 6.332 6.363 6.393 6.422 6.451 6.478 6.505 6.530 6.554 6.578
4.865 4.896 4.925 4.954 4.980 5.005 5.030 5.054 5.077 5.099 5.120 5.140 5.160 5.180 5.198 5.217 5.235 5.253 5.271 5.289 5.307 5.325 5.343 5.361 5.379 5.398 5.417 5.435 5.453 5.472 5.492 5.511 5.530 5.549 5.567 5.586 5.603 5.620 5.637 5.653 5.668 5.682 5.696 5.709 5.721 5.734 5.746 5.759 5.774 5.789 5.806 5.825 5.846 5.870 5.897 5.926 5.957 5.989 6.023 6.058 6.094 6.129 6.165 6.201 6.236 6.271 6.305 6.338 6.371 6.402 6.433 6.462 6.491 6.518 6.544 6.570
4.881 4.912 4.942 4.970 4.997 5.022 5.048 5.072 5.095 5.117 5.139 5.159 5.179 5.198 5.217 5.235 5.253 5.270 5.287 5.304 5.322 5.339 5.356 5.374 5.391 5.410 5.428 5.446 5.463 5.482 5.501 5.520 5.539 5.557 5.576 5.594 5.612 5.630 5.647 5.663 5.678 5.692 5.706 5.719 5.731 5.742 5.753 5.764 5.776 5.788 5.801 5.816 5.833 5.852 5.875 5.900 5.927 5.956 5.987 6.020 6.054 6.090 6.126 6.162 6.198 6.234 6.270 6.306 6.340 6.374 6.407 6.439 6.470 6.500 6.528 6.555
4.896 4.927 4.957 4.986 5.013 5.039 5.065 5.090 5.113 5.136 5.158 5.178 5.198 5.217 5.236 5.254 5.271 5.288 5.305 5.321 5.338 5.354 5.371 5.387 5.404 5.422 5.439 5.456 5.474 5.492 5.510 5.529 5.548 5.566 5.585 5.603 5.621 5.639 5.656 5.673 5.688 5.703 5.717 5.730 5.742 5.753 5.764 5.774 5.783 5.793 5.803 5.814 5.827 5.843 5.860 5.881 5.903 5.929 5.956 5.986 6.017 6.050 6.085 6.120 6.156 6.193 6.229 6.266 6.302 6.338 6.374 6.408 6.442 6.474 6.504 6.534
4.910 4.941 4.972 5.001 5.029 5.055 5.081 5.107 5.131 5.154 5.176 5.197 5.217 5.237 5.255 5.273 5.290 5.307 5.323 5.339 5.355 5.371 5.387 5.403 5.419 5.435 5.452 5.468 5.485 5.502 5.520 5.539 5.557 5.576 5.594 5.612 5.631 5.648 5.666 5.682 5.699 5.714 5.728 5.742 5.754 5.766 5.776 5.786 5.795 5.803 5.811 5.819 5.829 5.840 5.854 5.870 5.888 5.909 5.932 5.958 5.986 6.015 6.047 6.080 6.114 6.149 6.186 6.222 6.259 6.296 6.333 6.369 6.405 6.439 6.472 6.504
