version2/TsunamiDB/out54050.asc
ncols          264
nrows          230
xllcorner      497853.4375
yllcorner      4229146.0000
cellsize         5.
NODATA_value   -99
[rows 165 to 197 of 230, columns 146 to 218 of 264]
6.438 6.459 6.480 6.503 6.526 6.550 6.574 6.598 6.622 6.645 6.668 6.689 6.710 6.729 6.747 6.765 6.782 6.799 6.816 6.838 6.868 6.910 6.959 7.014 7.081 7.156 7.239 7.329 7.423 7.519 7.612 7.686 7.767 7.868 7.966 8.059 8.147 8.232 8.313 8.388 8.456 8.500 8.547 8.615 8.682 8.745 8.804 8.861 8.912 8.954 8.986 9.004 9.023 9.054 9.083 9.110 9.135 9.157 9.179 9.197 9.214 9.220 9.227 9.243 9.259 9.275 9.288 9.301 9.310 9.313 9.310 9.294 9.271
6.455 6.476 6.498 6.522 6.546 6.570 6.595 6.620 6.645 6.669 6.692 6.714 6.735 6.755 6.774 6.791 6.808 6.824 6.840 6.860 6.889 6.932 6.982 7.038 7.106 7.184 7.271 7.365 7.463 7.565 7.660 7.732 7.813 7.915 8.014 8.107 8.196 8.281 8.360 8.437 8.505 8.546 8.591 8.657 8.721 8.781 8.838 8.891 8.939 8.976 9.003 9.019 9.037 9.065 9.092 9.117 9.140 9.161 9.181 9.200 9.216 9.221 9.227 9.243 9.258 9.273 9.286 9.297 9.305 9.306 9.299 9.280 9.251
6.471 6.493 6.516 6.540 6.565 6.590 6.616 6.642 6.668 6.693 6.717 6.740 6.762 6.783 6.802 6.820 6.837 6.852 6.867 6.886 6.915 6.959 7.008 7.065 7.136 7.217 7.307 7.404 7.508 7.612 7.705 7.776 7.857 7.960 8.060 8.155 8.244 8.329 8.410 8.486 8.552 8.590 8.633 8.697 8.758 8.815 8.868 8.918 8.961 8.994 9.020 9.034 9.050 9.075 9.100 9.124 9.145 9.165 9.184 9.201 9.216 9.221 9.226 9.241 9.256 9.270 9.282 9.291 9.296 9.294 9.284 9.260 9.225
6.487 6.510 6.533 6.558 6.584 6.610 6.637 6.664 6.691 6.717 6.743 6.767 6.790 6.812 6.832 6.851 6.868 6.883 6.898 6.917 6.946 6.989 7.039 7.097 7.169 7.253 7.346 7.447 7.553 7.655 7.747 7.818 7.899 8.003 8.104 8.200 8.290 8.377 8.458 8.532 8.595 8.632 8.673 8.734 8.792 8.846 8.896 8.941 8.979 9.010 9.035 9.048 9.062 9.085 9.108 9.130 9.149 9.168 9.186 9.202 9.216 9.219 9.223 9.238 9.252 9.264 9.275 9.282 9.283 9.278 9.264 9.233 9.190
6.502 6.526 6.550 6.576 6.602 6.629 6.657 6.685 6.714 6.741 6.768 6.795 6.819 6.843 6.864 6.884 6.902 6.918 6.933 6.951 6.980 7.024 7.074 7.133 7.207 7.292 7.386 7.488 7.594 7.695 7.786 7.857 7.939 8.045 8.147 8.245 8.336 8.423 8.504 8.576 8.636 8.671 8.709 8.768 8.823 8.874 8.920 8.961 8.996 9.025 9.048 9.060 9.072 9.094 9.115 9.135 9.153 9.171 9.187 9.202 9.215 9.217 9.220 9.233 9.246 9.257 9.265 9.269 9.267 9.257 9.238 9.200 9.147
6.517 6.541 6.566 6.592 6.620 6.648 6.677 6.706 6.736 6.765 6.794 6.822 6.849 6.874 6.897 6.918 6.938 6.955 6.971 6.989 7.019 7.063 7.113 7.173 7.247 7.333 7.427 7.527 7.632 7.733 7.825 7.896 7.979 8.086 8.189 8.288 8.380 8.467 8.547 8.616 8.673 8.707 8.743 8.798 8.851 8.899 8.941 8.979 9.012 9.039 9.061 9.072 9.083 9.103 9.123 9.141 9.157 9.173 9.188 9.201 9.213 9.214 9.216 9.228 9.239 9.248 9.253 9.253 9.247 9.231 9.205 9.158 9.095
6.531 6.556 6.582 6.609 6.637 6.666 6.696 6.727 6.758 6.789 6.819 6.849 6.878 6.905 6.931 6.954 6.976 6.995 7.012 7.031 7.061 7.104 7.155 7.214 7.288 7.373 7.464 7.563 7.667 7.769 7.863 7.934 8.017 8.125 8.230 8.330 8.422 8.508 8.586 8.653 8.708 8.740 8.774 8.826 8.876 8.920 8.960 8.995 9.026 9.052 9.073 9.083 9.092 9.111 9.129 9.146 9.161 9.175 9.188 9.200 9.211 9.211 9.211 9.221 9.231 9.237 9.238 9.234 9.222 9.199 9.164 9.108 9.034
6.545 6.570 6.597 6.625 6.654 6.684 6.714 6.746 6.779 6.811 6.844 6.876 6.907 6.936 6.965 6.991 7.015 7.036 7.055 7.074 7.104 7.148 7.198 7.256 7.329 7.411 7.500 7.597 7.700 7.804 7.900 7.972 8.055 8.165 8.270 8.370 8.461 8.546 8.623 8.687 8.740 8.770 8.802 8.851 8.897 8.940 8.977 9.010 9.040 9.064 9.085 9.093 9.102 9.119 9.136 9.151 9.164 9.176 9.187 9.198 9.208 9.207 9.205 9.213 9.220 9.222 9.219 9.209 9.190 9.160 9.115 9.048 8.965
6.559 6.585 6.612 6.640 6.670 6.700 6.732 6.765 6.799 6.833 6.868 6.902 6.935 6.967 6.998 7.027 7.054 7.078 7.097 7.118 7.148 7.192 7.242 7.298 7.369 7.449 7.536 7.631 7.734 7.839 7.938 8.010 8.094 8.204 8.309 8.407 8.498 8.581 8.656 8.718 8.768 8.796 8.827 8.873 8.916 8.957 8.992 9.024 9.052 9.076 9.095 9.102 9.109 9.125 9.140 9.154 9.165 9.176 9.185 9.195 9.203 9.201 9.197 9.203 9.205 9.203 9.195 9.178 9.152 9.112 9.058 8.981 8.891
6.573 6.600 6.627 6.656 6.686 6.717 6.750 6.784 6.819 6.855 6.891 6.927 6.963 6.998 7.031 7.063 7.093 7.118 7.140 7.163 7.193 7.236 7.285 7.340 7.408 7.486 7.571 7.665 7.768 7.873 7.975 8.048 8.131 8.241 8.344 8.441 8.530 8.612 8.685 8.746 8.794 8.820 8.848 8.892 8.934 8.972 9.006 9.037 9.064 9.086 9.104 9.110 9.116 9.131 9.145 9.157 9.166 9.175 9.183 9.190 9.198 9.193 9.187 9.189 9.187 9.179 9.164 9.140 9.105 9.056 8.993 8.909 8.814
6.588 6.615 6.642 6.671 6.702 6.734 6.767 6.802 6.838 6.875 6.913 6.951 6.989 7.027 7.063 7.097 7.130 7.158 7.182 7.205 7.235 7.278 7.326 7.379 7.445 7.521 7.605 7.698 7.800 7.908 8.014 8.086 8.168 8.277 8.379 8.475 8.562 8.643 8.714 8.772 8.817 8.842 8.868 8.910 8.950 8.987 9.019 9.049 9.075 9.096 9.112 9.117 9.122 9.135 9.148 9.158 9.166 9.173 9.179 9.184 9.190 9.183 9.173 9.171 9.163 9.149 9.127 9.095 9.051 8.994 8.923 8.835 8.740
6.603 6.630 6.658 6.687 6.718 6.750 6.784 6.820 6.857 6.895 6.935 6.974 7.014 7.054 7.093 7.130 7.164 7.195 7.221 7.245 7.274 7.318 7.364 7.416 7.481 7.556 7.640 7.733 7.835 7.949 8.057 8.125 8.204 8.313 8.413 8.506 8.592 8.671 8.741 8.795 8.837 8.860 8.885 8.926 8.964 9.000 9.031 9.060 9.085 9.104 9.119 9.123 9.126 9.138 9.149 9.158 9.164 9.169 9.172 9.176 9.180 9.169 9.155 9.148 9.134 9.113 9.083 9.043 8.991 8.927 8.851 8.762 8.671
6.620 6.647 6.675 6.704 6.734 6.767 6.801 6.837 6.875 6.914 6.955 6.996 7.038 7.080 7.120 7.160 7.197 7.229 7.256 7.281 7.313 7.356 7.402 7.454 7.518 7.593 7.677 7.772 7.879 7.994 8.096 8.163 8.240 8.346 8.445 8.536 8.620 8.696 8.762 8.813 8.855 8.878 8.901 8.940 8.977 9.012 9.042 9.069 9.093 9.111 9.124 9.127 9.128 9.139 9.148 9.155 9.160 9.163 9.165 9.166 9.166 9.151 9.133 9.119 9.098 9.070 9.032 8.984 8.926 8.857 8.781 8.695 8.610
6.638 6.664 6.692 6.721 6.751 6.784 6.818 6.854 6.893 6.933 6.974 7.017 7.060 7.103 7.146 7.187 7.226 7.260 7.290 7.317 7.349 7.392 7.439 7.491 7.556 7.632 7.718 7.815 7.924 8.034 8.131 8.197 8.274 8.377 8.474 8.563 8.644 8.717 8.779 8.830 8.872 8.893 8.915 8.953 8.990 9.023 9.052 9.077 9.099 9.115 9.128 9.129 9.129 9.137 9.145 9.151 9.154 9.155 9.155 9.153 9.148 9.128 9.104 9.084 9.056 9.020 8.975 8.922 8.859 8.789 8.715 8.635 8.557
6.657 6.683 6.711 6.739 6.769 6.801 6.835 6.871 6.910 6.950 6.993 7.036 7.081 7.125 7.169 7.212 7.252 7.289 7.320 7.349 7.382 7.427 7.475 7.528 7.595 7.672 7.760 7.859 7.965 8.071 8.165 8.229 8.304 8.406 8.500 8.588 8.666 8.735 8.796 8.846 8.887 8.907 8.929 8.966 9.001 9.033 9.060 9.083 9.103 9.119 9.130 9.130 9.127 9.135 9.141 9.145 9.146 9.144 9.141 9.135 9.125 9.100 9.070 9.043 9.009 8.966 8.916 8.857 8.793 8.725 8.656 8.582 8.514
6.678 6.704 6.730 6.758 6.788 6.819 6.852 6.888 6.927 6.967 7.010 7.054 7.099 7.144 7.190 7.234 7.276 7.315 7.348 7.379 7.414 7.461 7.512 7.567 7.634 7.714 7.802 7.898 8.002 8.104 8.195 8.259 8.333 8.432 8.524 8.610 8.685 8.752 8.811 8.860 8.901 8.921 8.941 8.977 9.011 9.041 9.067 9.089 9.107 9.121 9.131 9.129 9.125 9.130 9.134 9.136 9.134 9.130 9.123 9.113 9.097 9.067 9.031 8.997 8.957 8.909 8.855 8.795 8.732 8.667 8.605 8.539 8.478
6.700 6.725 6.751 6.779 6.807 6.838 6.870 6.905 6.943 6.983 7.026 7.070 7.116 7.162 7.208 7.254 7.298 7.338 7.374 7.407 7.445 7.495 7.548 7.604 7.673 7.753 7.839 7.933 8.034 8.133 8.224 8.287 8.359 8.456 8.547 8.630 8.703 8.768 8.826 8.874 8.915 8.934 8.953 8.988 9.021 9.049 9.073 9.093 9.110 9.122 9.131 9.127 9.120 9.124 9.126 9.125 9.120 9.113 9.102 9.086 9.065 9.029 8.988 8.949 8.903 8.852 8.795 8.736 8.676 8.617 8.561 8.503 8.450
6.723 6.748 6.774 6.800 6.828 6.857 6.888 6.922 6.959 6.998 7.040 7.085 7.131 7.178 7.225 7.272 7.318 7.360 7.398 7.434 7.474 7.526 7.582 7.640 7.710 7.789 7.873 7.964 8.061 8.159 8.250 8.312 8.383 8.479 8.568 8.649 8.720 8.783 8.840 8.888 8.928 8.946 8.964 8.998 9.029 9.056 9.078 9.097 9.111 9.123 9.130 9.123 9.115 9.116 9.115 9.111 9.104 9.092 9.077 9.057 9.030 8.989 8.942 8.898 8.849 8.796 8.740 8.682 8.626 8.574 8.525 8.474 8.428
6.747 6.772 6.797 6.823 6.849 6.877 6.907 6.940 6.975 7.013 7.055 7.099 7.145 7.193 7.241 7.289 7.336 7.380 7.421 7.459 7.502 7.557 7.614 7.674 7.744 7.822 7.903 7.992 8.087 8.184 8.275 8.337 8.407 8.501 8.588 8.667 8.736 8.798 8.854 8.901 8.940 8.957 8.974 9.007 9.037 9.062 9.082 9.099 9.112 9.122 9.128 9.119 9.108 9.107 9.103 9.095 9.084 9.069 9.049 9.024 8.991 8.946 8.895 8.847 8.796 8.743 8.688 8.634 8.584 8.537 8.495 8.450 8.410
6.771 6.796 6.821 6.846 6.872 6.898 6.927 6.958 6.991 7.028 7.069 7.112 7.158 7.206 7.256 7.305 7.353 7.399 7.442 7.483 7.529 7.586 7.645 7.706 7.775 7.852 7.932 8.018 8.111 8.206 8.298 8.361 8.429 8.521 8.606 8.684 8.751 8.812 8.867 8.913 8.952 8.968 8.983 9.015 9.043 9.067 9.086 9.101 9.113 9.120 9.124 9.113 9.100 9.095 9.088 9.077 9.062 9.042 9.019 8.988 8.952 8.902 8.848 8.798 8.746 8.694 8.642 8.593 8.548 8.507 8.471 8.431 8.396
6.795 6.821 6.846 6.870 6.895 6.921 6.947 6.976 7.008 7.044 7.083 7.126 7.172 7.220 7.270 7.320 7.369 7.417 7.461 7.505 7.553 7.612 7.673 7.734 7.803 7.878 7.956 8.040 8.131 8.226 8.320 8.383 8.450 8.541 8.624 8.699 8.765 8.826 8.879 8.925 8.963 8.978 8.992 9.023 9.050 9.072 9.090 9.103 9.113 9.119 9.121 9.108 9.091 9.084 9.073 9.058 9.038 9.015 8.987 8.953 8.911 8.858 8.802 8.751 8.701 8.651 8.603 8.558 8.518 8.482 8.452 8.417 8.385
6.818 6.844 6.870 6.895 6.919 6.943 6.969 6.996 7.027 7.060 7.098 7.140 7.185 7.233 7.284 7.334 7.385 7.433 7.479 7.524 7.574 7.635 7.698 7.759 7.828 7.901 7.978 8.061 8.150 8.250 8.345 8.405 8.470 8.559 8.641 8.714 8.779 8.839 8.891 8.936 8.973 8.987 9.000 9.030 9.056 9.077 9.093 9.105 9.112 9.117 9.118 9.102 9.082 9.071 9.057 9.038 9.014 8.987 8.955 8.916 8.870 8.815 8.759 8.709 8.660 8.613 8.569 8.529 8.494 8.463 8.437 8.406 8.377
6.840 6.867 6.893 6.918 6.943 6.967 6.991 7.017 7.046 7.078 7.114 7.154 7.199 7.247 7.297 7.348 7.398 7.447 7.494 7.540 7.594 7.658 7.721 7.783 7.852 7.925 8.001 8.083 8.175 8.275 8.366 8.425 8.489 8.576 8.656 8.728 8.793 8.851 8.902 8.946 8.983 8.996 9.008 9.036 9.061 9.081 9.096 9.107 9.113 9.116 9.115 9.095 9.072 9.058 9.039 9.017 8.989 8.957 8.921 8.879 8.831 8.776 8.719 8.671 8.624 8.582 8.542 8.506 8.475 8.449 8.426 8.397 8.371
6.860 6.889 6.916 6.942 6.967 6.991 7.015 7.039 7.066 7.096 7.130 7.169 7.212 7.259 7.309 7.360 7.410 7.459 7.507 7.557 7.615 7.680 7.744 7.806 7.875 7.948 8.024 8.108 8.200 8.296 8.384 8.442 8.506 8.591 8.671 8.742 8.805 8.862 8.912 8.955 8.992 9.003 9.014 9.042 9.066 9.086 9.099 9.109 9.114 9.115 9.110 9.088 9.061 9.043 9.021 8.995 8.963 8.927 8.887 8.842 8.795 8.739 8.684 8.638 8.595 8.555 8.519 8.487 8.460 8.437 8.417 8.390 8.366
6.879 6.908 6.937 6.964 6.990 7.014 7.038 7.062 7.087 7.115 7.148 7.185 7.226 7.272 7.321 7.371 7.420 7.469 7.520 7.575 7.634 7.700 7.765 7.830 7.900 7.972 8.049 8.132 8.223 8.315 8.401 8.459 8.522 8.607 8.685 8.755 8.817 8.873 8.921 8.964 8.999 9.010 9.020 9.047 9.071 9.090 9.103 9.111 9.114 9.113 9.105 9.079 9.050 9.028 9.003 8.972 8.937 8.897 8.854 8.809 8.761 8.707 8.653 8.610 8.570 8.534 8.502 8.473 8.449 8.428 8.410 8.385 8.363
6.895 6.926 6.956 6.985 7.011 7.037 7.061 7.084 7.109 7.135 7.165 7.200 7.240 7.284 7.331 7.379 7.429 7.480 7.534 7.592 7.654 7.722 7.788 7.854 7.924 7.998 8.074 8.155 8.243 8.332 8.417 8.476 8.538 8.622 8.699 8.769 8.829 8.883 8.930 8.971 9.006 9.016 9.025 9.052 9.076 9.093 9.105 9.112 9.114 9.109 9.099 9.070 9.037 9.012 8.983 8.949 8.910 8.868 8.824 8.778 8.731 8.678 8.628 8.587 8.551 8.518 8.488 8.462 8.440 8.421 8.405 8.382 8.361
6.910 6.942 6.974 7.004 7.032 7.058 7.083 7.106 7.130 7.154 7.182 7.215 7.252 7.294 7.339 7.387 7.439 7.492 7.549 7.610 7.675 7.743 7.811 7.878 7.950 8.023 8.097 8.176 8.260 8.348 8.433 8.493 8.555 8.637 8.715 8.783 8.841 8.892 8.937 8.977 9.012 9.022 9.030 9.056 9.079 9.096 9.107 9.113 9.112 9.105 9.092 9.060 9.024 8.996 8.964 8.927 8.885 8.842 8.797 8.751 8.706 8.655 8.606 8.569 8.536 8.505 8.478 8.454 8.434 8.416 8.402 8.380 8.359
6.924 6.957 6.989 7.021 7.050 7.078 7.104 7.127 7.149 7.172 7.198 7.228 7.264 7.302 7.346 7.396 7.448 7.504 7.565 7.629 7.696 7.765 7.833 7.902 7.975 8.047 8.119 8.195 8.276 8.364 8.451 8.511 8.572 8.656 8.733 8.797 8.852 8.900 8.943 8.982 9.018 9.026 9.033 9.060 9.082 9.098 9.107 9.111 9.109 9.100 9.083 9.049 9.011 8.979 8.944 8.905 8.862 8.818 8.772 8.728 8.685 8.636 8.590 8.555 8.524 8.496 8.470 8.448 8.429 8.413 8.400 8.378 8.359
6.935 6.969 7.003 7.036 7.067 7.096 7.122 7.146 7.167 7.188 7.212 7.240 7.273 7.311 7.355 7.404 7.459 7.519 7.582 7.649 7.716 7.786 7.854 7.925 7.998 8.069 8.140 8.213 8.294 8.383 8.472 8.532 8.593 8.676 8.749 8.810 8.862 8.907 8.948 8.987 9.022 9.030 9.036 9.063 9.083 9.098 9.106 9.108 9.104 9.092 9.073 9.037 8.996 8.962 8.925 8.885 8.841 8.796 8.752 8.709 8.667 8.620 8.576 8.544 8.515 8.489 8.465 8.443 8.425 8.411 8.399 8.378 8.359
6.945 6.980 7.015 7.049 7.081 7.111 7.138 7.161 7.182 7.202 7.224 7.251 7.283 7.319 7.363 7.413 7.469 7.532 7.599 7.668 7.736 7.806 7.875 7.946 8.020 8.092 8.163 8.235 8.314 8.402 8.494 8.555 8.615 8.695 8.766 8.824 8.872 8.915 8.953 8.989 9.024 9.032 9.038 9.063 9.083 9.096 9.102 9.103 9.097 9.084 9.062 9.024 8.982 8.947 8.908 8.867 8.823 8.778 8.735 8.693 8.653 8.608 8.566 8.535 8.508 8.483 8.461 8.440 8.423 8.409 8.398 8.378 8.359
6.953 6.989 7.024 7.059 7.092 7.123 7.150 7.174 7.194 7.213 7.233 7.259 7.291 7.327 7.371 7.422 7.481 7.548 7.617 7.687 7.756 7.826 7.894 7.967 8.043 8.116 8.187 8.260 8.336 8.426 8.524 8.585 8.641 8.718 8.784 8.838 8.883 8.923 8.957 8.992 9.028 9.035 9.040 9.064 9.083 9.094 9.098 9.098 9.091 9.076 9.052 9.012 8.969 8.933 8.894 8.852 8.808 8.765 8.722 8.681 8.643 8.599 8.558 8.529 8.504 8.480 8.458 8.439 8.422 8.409 8.400 8.380 8.361
6.960 6.996 7.032 7.067 7.101 7.132 7.160 7.184 7.203 7.220 7.240 7.268 7.300 7.336 7.382 7.434 7.496 7.564 7.635 7.706 7.776 7.846 7.914 7.990 8.068 8.142 8.216 8.289 8.365 8.465 8.565 8.618 8.670 8.742 8.803 8.852 8.894 8.930 8.961 8.998 9.034 9.039 9.042 9.065 9.081 9.091 9.094 9.093 9.084 9.067 9.041 9.001 8.958 8.921 8.881 8.839 8.797 8.754 8.712 8.673 8.635 8.592 8.553 8.525 8.500 8.478 8.458 8.439 8.422 8.411 8.403 8.383 8.363
6.964 7.000 7.036 7.072 7.106 7.138 7.166 7.190 7.209 7.227 7.248 7.277 7.310 7.348 7.394 7.449 7.512 7.579 7.651 7.725 7.799 7.869 7.937 8.016 8.097 8.175 8.252 8.329 8.415 8.515 8.604 8.652 8.700 8.765 8.821 8.867 8.905 8.938 8.970 9.006 9.038 9.041 9.044 9.064 9.079 9.088 9.090 9.086 9.076 9.057 9.031 8.991 8.947 8.910 8.871 8.830 8.788 8.746 8.705 8.666 8.630 8.588 8.549 8.522 8.499 8.478 8.458 8.441 8.426 8.415 8.406 8.386 8.366
