version2/TsunamiDB/out54058.asc
ncols          264
nrows          230
xllcorner      497853.4375
yllcorner      4229146.0000
cellsize         5.
NODATA_value   -99
[rows 165 to 197 of 230, columns 148 to 221 of 264]
6.657 6.681 6.706 6.732 6.758 6.785 6.811 6.837 6.863 6.887 6.910 6.931 6.950 6.967 6.981 6.992 7.001 7.011 7.028 7.056 7.090 7.131 7.185 7.248 7.319 7.399 7.486 7.576 7.664 7.734 7.811 7.907 8.000 8.089 8.174 8.255 8.333 8.405 8.472 8.514 8.560 8.624 8.687 8.746 8.801 8.852 8.899 8.936 8.964 8.978 8.993 9.019 9.044 9.066 9.086 9.105 9.122 9.137 9.150 9.153 9.157 9.170 9.183 9.196 9.208 9.220 9.231 9.240 9.247 9.247 9.248 9.255 9.263 9.269
6.663 6.687 6.712 6.738 6.765 6.792 6.819 6.846 6.873 6.899 6.923 6.946 6.967 6.985 7.001 7.013 7.023 7.032 7.049 7.078 7.113 7.155 7.210 7.276 7.351 7.435 7.525 7.621 7.712 7.781 7.858 7.955 8.049 8.139 8.225 8.306 8.383 8.457 8.524 8.564 8.608 8.672 8.732 8.789 8.841 8.891 8.935 8.968 8.992 9.005 9.019 9.042 9.065 9.086 9.105 9.122 9.138 9.153 9.166 9.169 9.172 9.185 9.198 9.211 9.223 9.235 9.246 9.255 9.260 9.260 9.261 9.267 9.273 9.279
6.671 6.694 6.719 6.745 6.772 6.800 6.828 6.856 6.883 6.910 6.936 6.961 6.983 7.003 7.020 7.034 7.044 7.055 7.072 7.102 7.138 7.182 7.239 7.308 7.387 7.475 7.570 7.668 7.757 7.826 7.904 8.002 8.097 8.188 8.274 8.356 8.435 8.509 8.574 8.613 8.655 8.716 8.775 8.830 8.880 8.926 8.966 8.995 9.018 9.031 9.043 9.065 9.086 9.105 9.123 9.139 9.155 9.169 9.182 9.184 9.188 9.200 9.213 9.226 9.239 9.250 9.260 9.267 9.273 9.273 9.273 9.278 9.284 9.289
6.680 6.703 6.728 6.754 6.781 6.808 6.837 6.865 6.894 6.922 6.949 6.975 6.999 7.021 7.040 7.055 7.067 7.079 7.098 7.129 7.167 7.212 7.272 7.344 7.425 7.517 7.615 7.713 7.801 7.869 7.947 8.047 8.143 8.236 8.323 8.407 8.487 8.559 8.621 8.659 8.699 8.759 8.815 8.868 8.915 8.958 8.994 9.022 9.045 9.056 9.067 9.087 9.107 9.125 9.142 9.157 9.172 9.185 9.197 9.200 9.203 9.215 9.228 9.241 9.253 9.264 9.273 9.280 9.285 9.284 9.284 9.289 9.294 9.298
6.692 6.714 6.738 6.764 6.791 6.818 6.847 6.876 6.905 6.934 6.963 6.990 7.016 7.039 7.060 7.077 7.091 7.105 7.125 7.159 7.198 7.245 7.307 7.381 7.466 7.559 7.658 7.754 7.842 7.911 7.989 8.091 8.189 8.283 8.372 8.456 8.535 8.606 8.666 8.702 8.741 8.798 8.852 8.903 8.947 8.986 9.020 9.047 9.069 9.080 9.091 9.110 9.128 9.145 9.161 9.175 9.189 9.202 9.213 9.215 9.218 9.230 9.243 9.256 9.267 9.277 9.285 9.292 9.297 9.295 9.294 9.299 9.303 9.306
6.706 6.727 6.751 6.776 6.802 6.830 6.859 6.888 6.918 6.948 6.977 7.006 7.033 7.059 7.082 7.101 7.117 7.132 7.155 7.191 7.232 7.281 7.345 7.421 7.506 7.598 7.697 7.793 7.882 7.952 8.031 8.134 8.233 8.329 8.419 8.503 8.581 8.650 8.708 8.743 8.780 8.835 8.887 8.935 8.976 9.013 9.046 9.072 9.093 9.104 9.114 9.132 9.149 9.166 9.180 9.193 9.206 9.218 9.229 9.231 9.233 9.245 9.258 9.270 9.280 9.290 9.297 9.303 9.308 9.306 9.304 9.307 9.311 9.313
6.722 6.743 6.765 6.790 6.816 6.843 6.872 6.901 6.932 6.962 6.993 7.023 7.052 7.079 7.104 7.126 7.144 7.162 7.187 7.224 7.268 7.318 7.383 7.459 7.543 7.634 7.732 7.830 7.921 7.991 8.071 8.175 8.277 8.374 8.463 8.547 8.624 8.691 8.747 8.781 8.817 8.869 8.919 8.964 9.004 9.039 9.070 9.096 9.117 9.127 9.137 9.154 9.171 9.186 9.199 9.211 9.223 9.234 9.245 9.246 9.248 9.260 9.272 9.284 9.293 9.302 9.309 9.314 9.318 9.315 9.313 9.315 9.317 9.318
6.740 6.760 6.782 6.806 6.831 6.858 6.887 6.916 6.947 6.978 7.010 7.041 7.072 7.101 7.129 7.153 7.174 7.193 7.220 7.259 7.303 7.355 7.420 7.495 7.577 7.668 7.766 7.865 7.959 8.029 8.110 8.217 8.319 8.416 8.505 8.589 8.665 8.730 8.783 8.816 8.850 8.900 8.947 8.991 9.029 9.063 9.094 9.119 9.140 9.150 9.159 9.176 9.191 9.206 9.218 9.229 9.240 9.250 9.261 9.262 9.263 9.275 9.286 9.297 9.306 9.313 9.319 9.324 9.327 9.323 9.320 9.321 9.322 9.321
6.761 6.780 6.802 6.824 6.849 6.875 6.904 6.933 6.964 6.996 7.029 7.061 7.093 7.125 7.155 7.181 7.203 7.225 7.253 7.294 7.339 7.391 7.455 7.530 7.611 7.700 7.799 7.900 7.997 8.068 8.150 8.257 8.359 8.455 8.544 8.626 8.701 8.764 8.816 8.847 8.880 8.928 8.973 9.016 9.053 9.086 9.116 9.141 9.162 9.171 9.180 9.196 9.211 9.225 9.236 9.246 9.256 9.266 9.276 9.277 9.278 9.289 9.299 9.309 9.317 9.324 9.329 9.332 9.334 9.330 9.325 9.325 9.325 9.322
6.783 6.803 6.823 6.845 6.869 6.895 6.923 6.952 6.984 7.016 7.049 7.083 7.117 7.150 7.182 7.210 7.234 7.258 7.287 7.328 7.374 7.426 7.490 7.563 7.643 7.732 7.830 7.933 8.032 8.105 8.187 8.294 8.395 8.491 8.578 8.660 8.734 8.795 8.845 8.875 8.907 8.953 8.997 9.038 9.075 9.108 9.137 9.162 9.182 9.192 9.200 9.216 9.231 9.244 9.254 9.264 9.273 9.282 9.292 9.292 9.293 9.303 9.312 9.320 9.327 9.333 9.338 9.340 9.341 9.335 9.329 9.328 9.325 9.321
6.807 6.826 6.846 6.868 6.891 6.916 6.944 6.974 7.005 7.038 7.072 7.107 7.142 7.176 7.210 7.240 7.266 7.291 7.321 7.362 7.408 7.459 7.522 7.594 7.673 7.762 7.860 7.965 8.069 8.142 8.223 8.330 8.431 8.525 8.611 8.692 8.765 8.825 8.873 8.901 8.932 8.976 9.020 9.060 9.096 9.129 9.158 9.183 9.203 9.212 9.220 9.235 9.250 9.262 9.272 9.281 9.289 9.298 9.308 9.308 9.307 9.316 9.324 9.331 9.337 9.342 9.345 9.346 9.345 9.339 9.331 9.328 9.323 9.316
6.833 6.852 6.871 6.893 6.915 6.940 6.967 6.997 7.028 7.061 7.096 7.132 7.168 7.203 7.238 7.270 7.298 7.323 7.353 7.395 7.440 7.490 7.553 7.624 7.704 7.793 7.891 8.003 8.109 8.179 8.258 8.365 8.464 8.557 8.643 8.722 8.793 8.850 8.895 8.924 8.954 8.998 9.040 9.080 9.115 9.148 9.178 9.202 9.221 9.230 9.238 9.253 9.267 9.279 9.289 9.298 9.305 9.314 9.324 9.323 9.321 9.329 9.336 9.341 9.346 9.349 9.351 9.351 9.348 9.340 9.331 9.326 9.318 9.309
6.858 6.878 6.898 6.919 6.941 6.966 6.993 7.022 7.053 7.086 7.122 7.158 7.195 7.232 7.268 7.300 7.329 7.354 7.385 7.427 7.472 7.522 7.584 7.656 7.737 7.827 7.931 8.043 8.144 8.213 8.292 8.397 8.495 8.587 8.671 8.748 8.816 8.871 8.916 8.945 8.974 9.017 9.059 9.098 9.134 9.166 9.195 9.218 9.238 9.247 9.255 9.270 9.284 9.296 9.306 9.314 9.322 9.331 9.339 9.337 9.335 9.341 9.346 9.350 9.353 9.355 9.355 9.353 9.349 9.339 9.328 9.320 9.310 9.297
6.884 6.904 6.925 6.946 6.968 6.993 7.019 7.048 7.079 7.113 7.148 7.185 7.222 7.260 7.297 7.330 7.360 7.386 7.418 7.460 7.505 7.554 7.617 7.690 7.772 7.866 7.971 8.079 8.177 8.245 8.323 8.426 8.522 8.613 8.695 8.770 8.835 8.889 8.936 8.963 8.992 9.035 9.077 9.116 9.151 9.182 9.210 9.234 9.254 9.263 9.270 9.286 9.300 9.312 9.322 9.331 9.338 9.346 9.353 9.350 9.347 9.351 9.355 9.357 9.359 9.359 9.357 9.353 9.348 9.336 9.323 9.312 9.299 9.281
6.909 6.930 6.952 6.974 6.996 7.021 7.047 7.076 7.107 7.140 7.176 7.213 7.251 7.289 7.326 7.361 7.391 7.418 7.450 7.492 7.538 7.589 7.652 7.725 7.810 7.905 8.009 8.112 8.207 8.274 8.351 8.452 8.548 8.637 8.717 8.788 8.852 8.907 8.953 8.980 9.009 9.052 9.093 9.132 9.166 9.197 9.225 9.248 9.268 9.277 9.285 9.301 9.315 9.328 9.338 9.347 9.354 9.361 9.366 9.362 9.358 9.361 9.363 9.363 9.363 9.361 9.357 9.352 9.344 9.330 9.314 9.300 9.283 9.261
6.933 6.956 6.979 7.001 7.024 7.049 7.075 7.104 7.134 7.168 7.203 7.240 7.279 7.317 7.355 7.391 7.422 7.450 7.483 7.526 7.573 7.625 7.688 7.764 7.848 7.941 8.042 8.143 8.235 8.302 8.377 8.477 8.570 8.658 8.735 8.805 8.868 8.922 8.969 8.996 9.024 9.067 9.108 9.146 9.180 9.210 9.238 9.261 9.282 9.291 9.298 9.315 9.329 9.342 9.353 9.361 9.369 9.374 9.378 9.373 9.367 9.368 9.368 9.367 9.365 9.361 9.355 9.347 9.338 9.321 9.302 9.285 9.263 9.234
6.957 6.981 7.005 7.028 7.052 7.077 7.103 7.132 7.162 7.195 7.231 7.268 7.307 7.346 7.384 7.420 7.453 7.482 7.516 7.561 7.609 7.661 7.726 7.802 7.884 7.975 8.073 8.170 8.262 8.328 8.401 8.499 8.591 8.677 8.753 8.821 8.883 8.937 8.984 9.011 9.039 9.081 9.122 9.160 9.193 9.223 9.250 9.274 9.295 9.303 9.311 9.328 9.343 9.356 9.366 9.375 9.382 9.386 9.389 9.382 9.375 9.375 9.373 9.370 9.365 9.358 9.351 9.341 9.329 9.309 9.286 9.264 9.237 9.202
6.979 7.005 7.030 7.055 7.079 7.104 7.131 7.159 7.190 7.223 7.258 7.295 7.334 7.373 7.413 7.450 7.483 7.514 7.549 7.595 7.645 7.699 7.764 7.838 7.918 8.006 8.100 8.197 8.287 8.352 8.425 8.521 8.612 8.695 8.770 8.837 8.898 8.952 8.998 9.025 9.052 9.095 9.135 9.172 9.205 9.234 9.261 9.285 9.306 9.315 9.323 9.340 9.355 9.368 9.379 9.387 9.393 9.397 9.398 9.390 9.382 9.379 9.375 9.370 9.363 9.354 9.344 9.331 9.317 9.293 9.265 9.238 9.204 9.163
7.000 7.027 7.054 7.079 7.105 7.130 7.157 7.185 7.216 7.249 7.284 7.322 7.361 7.401 7.441 7.479 7.513 7.546 7.583 7.630 7.681 7.736 7.800 7.873 7.951 8.035 8.128 8.223 8.313 8.378 8.449 8.544 8.632 8.713 8.786 8.852 8.913 8.966 9.012 9.039 9.065 9.108 9.147 9.184 9.216 9.245 9.272 9.296 9.317 9.326 9.334 9.351 9.366 9.379 9.389 9.397 9.403 9.405 9.405 9.396 9.387 9.382 9.376 9.368 9.359 9.347 9.334 9.319 9.300 9.272 9.239 9.206 9.166 9.117
7.020 7.048 7.076 7.102 7.129 7.155 7.182 7.210 7.241 7.274 7.309 7.347 7.387 7.427 7.468 7.507 7.543 7.577 7.615 7.665 7.717 7.772 7.836 7.907 7.983 8.065 8.155 8.248 8.338 8.403 8.472 8.565 8.651 8.731 8.802 8.867 8.927 8.979 9.025 9.051 9.077 9.119 9.159 9.194 9.226 9.255 9.282 9.305 9.327 9.336 9.344 9.361 9.376 9.389 9.398 9.406 9.411 9.413 9.411 9.401 9.390 9.383 9.374 9.364 9.352 9.338 9.321 9.302 9.279 9.246 9.207 9.167 9.120 9.066
7.037 7.067 7.096 7.124 7.151 7.178 7.205 7.234 7.264 7.297 7.333 7.371 7.411 7.452 7.493 7.533 7.571 7.607 7.647 7.698 7.752 7.807 7.870 7.940 8.013 8.093 8.180 8.272 8.365 8.428 8.496 8.586 8.671 8.748 8.817 8.882 8.941 8.993 9.039 9.064 9.089 9.131 9.170 9.205 9.236 9.265 9.291 9.315 9.337 9.346 9.354 9.371 9.385 9.398 9.407 9.414 9.418 9.419 9.415 9.403 9.391 9.381 9.371 9.358 9.343 9.325 9.304 9.280 9.253 9.214 9.169 9.122 9.070 9.011
7.054 7.085 7.115 7.143 7.172 7.199 7.227 7.255 7.286 7.319 7.355 7.393 7.434 7.475 7.517 7.558 7.597 7.633 7.675 7.729 7.784 7.840 7.903 7.970 8.043 8.121 8.205 8.301 8.394 8.454 8.520 8.608 8.691 8.766 8.834 8.898 8.955 9.007 9.052 9.076 9.101 9.142 9.180 9.215 9.246 9.275 9.301 9.325 9.347 9.356 9.363 9.380 9.394 9.405 9.414 9.420 9.424 9.422 9.416 9.404 9.389 9.378 9.364 9.349 9.330 9.308 9.283 9.254 9.221 9.176 9.124 9.073 9.016 8.955
7.069 7.100 7.131 7.161 7.190 7.218 7.246 7.275 7.306 7.339 7.375 7.413 7.454 7.496 7.539 7.579 7.619 7.658 7.703 7.759 7.816 7.872 7.935 8.002 8.073 8.151 8.237 8.332 8.421 8.480 8.544 8.630 8.710 8.784 8.851 8.913 8.970 9.020 9.064 9.088 9.112 9.152 9.190 9.225 9.256 9.285 9.311 9.335 9.357 9.365 9.371 9.387 9.401 9.412 9.419 9.424 9.426 9.423 9.416 9.402 9.386 9.372 9.355 9.336 9.313 9.287 9.257 9.223 9.184 9.133 9.076 9.020 8.961 8.901
7.082 7.114 7.146 7.177 7.207 7.236 7.264 7.293 7.323 7.356 7.392 7.431 7.472 7.515 7.557 7.598 7.638 7.681 7.731 7.788 7.846 7.903 7.967 8.034 8.105 8.183 8.270 8.361 8.447 8.505 8.568 8.652 8.731 8.803 8.868 8.929 8.984 9.033 9.077 9.100 9.123 9.163 9.201 9.236 9.266 9.295 9.321 9.344 9.365 9.372 9.379 9.394 9.406 9.416 9.423 9.426 9.426 9.421 9.413 9.398 9.379 9.362 9.343 9.320 9.293 9.262 9.227 9.187 9.142 9.086 9.024 8.966 8.908 8.850
7.094 7.127 7.160 7.191 7.222 7.251 7.280 7.309 7.339 7.372 7.408 7.446 7.488 7.530 7.572 7.614 7.657 7.704 7.756 7.816 7.875 7.935 7.999 8.066 8.138 8.216 8.301 8.389 8.472 8.530 8.592 8.674 8.752 8.823 8.887 8.945 8.998 9.047 9.090 9.112 9.134 9.174 9.212 9.246 9.277 9.305 9.330 9.353 9.373 9.379 9.384 9.398 9.410 9.419 9.423 9.425 9.423 9.417 9.408 9.390 9.369 9.350 9.326 9.299 9.268 9.232 9.191 9.146 9.096 9.036 8.972 8.914 8.858 8.804
7.104 7.138 7.172 7.204 7.235 7.265 7.294 7.323 7.353 7.385 7.420 7.459 7.499 7.541 7.584 7.628 7.675 7.725 7.781 7.843 7.904 7.966 8.031 8.100 8.171 8.248 8.330 8.415 8.497 8.555 8.616 8.698 8.774 8.844 8.905 8.962 9.013 9.060 9.103 9.124 9.145 9.185 9.222 9.257 9.287 9.315 9.339 9.361 9.379 9.384 9.389 9.401 9.412 9.419 9.422 9.421 9.418 9.410 9.399 9.379 9.356 9.333 9.306 9.275 9.238 9.197 9.152 9.102 9.049 8.986 8.922 8.866 8.813 8.765
7.114 7.148 7.182 7.215 7.247 7.278 7.307 7.335 7.364 7.396 7.431 7.468 7.508 7.550 7.594 7.641 7.691 7.746 7.805 7.869 7.932 7.996 8.063 8.132 8.202 8.277 8.356 8.440 8.523 8.581 8.642 8.722 8.798 8.866 8.925 8.979 9.028 9.073 9.116 9.136 9.156 9.196 9.233 9.267 9.296 9.323 9.347 9.367 9.384 9.388 9.391 9.402 9.411 9.416 9.417 9.415 9.410 9.400 9.387 9.365 9.338 9.312 9.282 9.246 9.205 9.159 9.109 9.056 9.002 8.939 8.875 8.823 8.775 8.731
7.122 7.157 7.192 7.226 7.258 7.289 7.317 7.345 7.373 7.404 7.438 7.474 7.513 7.557 7.603 7.653 7.707 7.766 7.828 7.894 7.958 8.024 8.093 8.162 8.231 8.304 8.381 8.465 8.550 8.608 8.668 8.749 8.824 8.888 8.945 8.996 9.042 9.087 9.129 9.148 9.168 9.207 9.244 9.276 9.305 9.331 9.353 9.372 9.387 9.390 9.392 9.401 9.407 9.411 9.410 9.406 9.398 9.387 9.372 9.347 9.317 9.288 9.254 9.214 9.169 9.119 9.066 9.011 8.956 8.894 8.834 8.785 8.742 8.704
7.130 7.165 7.200 7.235 7.267 7.298 7.326 7.352 7.379 7.409 7.442 7.477 7.517 7.562 7.611 7.665 7.723 7.785 7.849 7.916 7.982 8.050 8.121 8.190 8.259 8.329 8.406 8.492 8.578 8.638 8.697 8.778 8.850 8.911 8.964 9.012 9.057 9.101 9.142 9.161 9.180 9.218 9.254 9.285 9.312 9.337 9.358 9.375 9.388 9.389 9.389 9.396 9.401 9.402 9.400 9.394 9.384 9.371 9.353 9.326 9.293 9.260 9.222 9.179 9.130 9.078 9.023 8.968 8.914 8.855 8.797 8.753 8.714 8.681
7.137 7.173 7.208 7.242 7.275 7.305 7.333 7.358 7.384 7.412 7.445 7.479 7.520 7.566 7.617 7.675 7.737 7.802 7.868 7.936 8.004 8.073 8.146 8.217 8.286 8.357 8.433 8.518 8.607 8.668 8.728 8.806 8.875 8.934 8.985 9.030 9.072 9.114 9.155 9.173 9.191 9.229 9.263 9.292 9.318 9.341 9.361 9.376 9.387 9.387 9.385 9.390 9.392 9.392 9.387 9.379 9.367 9.352 9.331 9.301 9.265 9.229 9.189 9.143 9.092 9.038 8.983 8.928 8.877 8.820 8.767 8.727 8.692 8.662
7.144 7.180 7.215 7.249 7.282 7.311 7.338 7.361 7.385 7.414 7.445 7.480 7.522 7.569 7.624 7.685 7.751 7.818 7.886 7.955 8.023 8.095 8.170 8.242 8.313 8.385 8.460 8.546 8.642 8.703 8.760 8.836 8.903 8.958 9.005 9.048 9.087 9.127 9.169 9.187 9.203 9.239 9.272 9.300 9.324 9.346 9.363 9.377 9.385 9.382 9.379 9.382 9.382 9.379 9.372 9.362 9.348 9.330 9.307 9.274 9.236 9.197 9.154 9.106 9.054 9.000 8.945 8.893 8.845 8.791 8.742 8.705 8.674 8.647
7.150 7.185 7.220 7.254 7.287 7.316 7.341 7.362 7.385 7.414 7.446 7.482 7.524 7.574 7.632 7.696 7.764 7.833 7.902 7.972 8.041 8.117 8.194 8.268 8.342 8.415 8.490 8.587 8.685 8.741 8.795 8.867 8.929 8.981 9.025 9.065 9.101 9.143 9.185 9.200 9.216 9.250 9.280 9.306 9.328 9.348 9.364 9.375 9.380 9.376 9.371 9.371 9.369 9.364 9.355 9.343 9.327 9.307 9.281 9.246 9.205 9.164 9.119 9.071 9.019 8.965 8.912 8.863 8.818 8.768 8.722 8.689 8.660 8.636
7.156 7.190 7.225 7.259 7.290 7.318 7.342 7.363 7.386 7.415 7.448 7.484 7.529 7.581 7.640 7.705 7.774 7.846 7.920 7.991 8.060 8.139 8.220 8.299 8.376 8.453 8.537 8.635 8.725 8.777 8.828 8.895 8.954 9.003 9.045 9.083 9.120 9.161 9.200 9.213 9.227 9.259 9.287 9.311 9.332 9.349 9.363 9.370 9.374 9.369 9.362 9.360 9.356 9.348 9.337 9.323 9.304 9.282 9.254 9.216 9.173 9.132 9.086 9.038 8.986 8.935 8.884 8.838 8.797 8.749 8.706 8.676 8.649 8.627
