version2/TsunamiDB/out54085.asc
ncols          264
nrows          230
xllcorner      497853.4375
yllcorner      4229146.0000
cellsize         5.
NODATA_value   -99
[rows 170 to 203 of 230, columns 77 to 153 of 264]
6.102 6.115 6.130 6.144 6.159 6.175 6.190 6.205 6.220 6.235 6.250 6.264 6.278 6.292 6.305 6.319 6.331 6.344 6.357 6.369 6.381 6.393 6.404 6.414 6.425 6.436 6.447 6.458 6.469 6.480 6.490 6.500 6.509 6.519 6.528 6.536 6.545 6.553 6.562 6.570 6.579 6.588 6.598 6.607 6.618 6.628 6.638 6.649 6.660 6.672 6.685 6.698 6.710 6.723 6.736 6.749 6.762 6.775 6.787 6.800 6.812 6.824 6.837 6.849 6.862 6.875 6.888 6.902 6.914 6.927 6.939 6.952 6.964 6.977 6.990 7.003 7.015
6.112 6.125 6.138 6.152 6.166 6.181 6.196 6.211 6.225 6.240 6.255 6.269 6.284 6.297 6.311 6.325 6.338 6.351 6.364 6.376 6.388 6.401 6.412 6.422 6.434 6.445 6.456 6.467 6.478 6.489 6.500 6.510 6.520 6.529 6.538 6.547 6.556 6.564 6.573 6.581 6.590 6.598 6.607 6.617 6.627 6.637 6.646 6.657 6.668 6.680 6.693 6.705 6.718 6.731 6.744 6.757 6.770 6.783 6.796 6.809 6.821 6.834 6.846 6.859 6.872 6.885 6.899 6.912 6.925 6.937 6.950 6.963 6.976 6.989 7.002 7.015 7.028
6.125 6.136 6.149 6.162 6.175 6.189 6.203 6.217 6.231 6.246 6.260 6.275 6.289 6.303 6.317 6.330 6.344 6.357 6.370 6.383 6.395 6.408 6.419 6.430 6.441 6.453 6.464 6.476 6.487 6.498 6.509 6.520 6.530 6.540 6.549 6.558 6.567 6.575 6.584 6.592 6.600 6.609 6.618 6.627 6.637 6.646 6.655 6.665 6.677 6.688 6.701 6.713 6.726 6.739 6.752 6.766 6.779 6.792 6.805 6.818 6.831 6.843 6.856 6.869 6.882 6.895 6.909 6.923 6.935 6.948 6.961 6.974 6.987 7.001 7.014 7.028 7.041
6.140 6.150 6.161 6.173 6.185 6.198 6.211 6.224 6.238 6.252 6.266 6.280 6.294 6.308 6.322 6.336 6.349 6.362 6.376 6.389 6.401 6.414 6.425 6.436 6.448 6.460 6.472 6.483 6.495 6.506 6.518 6.528 6.539 6.549 6.559 6.568 6.577 6.586 6.594 6.603 6.611 6.619 6.628 6.637 6.646 6.655 6.664 6.674 6.685 6.697 6.709 6.721 6.734 6.747 6.761 6.774 6.787 6.801 6.814 6.827 6.840 6.853 6.866 6.879 6.892 6.906 6.920 6.933 6.946 6.959 6.972 6.985 6.999 7.013 7.026 7.040 7.054
6.156 6.166 6.176 6.186 6.197 6.209 6.221 6.233 6.246 6.259 6.273 6.286 6.300 6.314 6.327 6.341 6.354 6.368 6.381 6.394 6.407 6.420 6.431 6.442 6.454 6.466 6.478 6.490 6.502 6.514 6.525 6.537 6.548 6.558 6.568 6.578 6.587 6.596 6.605 6.613 6.622 6.630 6.639 6.648 6.656 6.664 6.673 6.683 6.694 6.705 6.717 6.730 6.743 6.756 6.769 6.782 6.796 6.809 6.823 6.836 6.849 6.862 6.876 6.889 6.902 6.916 6.930 6.944 6.957 6.970 6.983 6.997 7.011 7.025 7.039 7.053 7.067
6.174 6.183 6.192 6.202 6.212 6.222 6.233 6.244 6.256 6.268 6.281 6.294 6.307 6.320 6.333 6.347 6.360 6.373 6.386 6.399 6.413 6.425 6.436 6.448 6.460 6.472 6.484 6.496 6.509 6.521 6.532 6.544 6.555 6.566 6.577 6.587 6.597 6.606 6.615 6.624 6.632 6.641 6.649 6.658 6.666 6.674 6.683 6.692 6.703 6.714 6.726 6.738 6.751 6.764 6.778 6.791 6.805 6.818 6.832 6.845 6.859 6.872 6.886 6.899 6.913 6.927 6.941 6.954 6.968 6.981 6.995 7.009 7.023 7.037 7.052 7.066 7.081
6.192 6.201 6.210 6.219 6.228 6.237 6.247 6.257 6.268 6.279 6.291 6.303 6.315 6.328 6.340 6.353 6.366 6.379 6.392 6.405 6.418 6.430 6.441 6.453 6.465 6.477 6.490 6.502 6.514 6.527 6.539 6.551 6.562 6.574 6.585 6.595 6.605 6.615 6.624 6.633 6.642 6.651 6.659 6.668 6.676 6.684 6.693 6.702 6.712 6.723 6.735 6.747 6.760 6.773 6.786 6.800 6.814 6.827 6.841 6.855 6.868 6.882 6.896 6.909 6.923 6.937 6.952 6.965 6.979 6.992 7.006 7.020 7.035 7.050 7.064 7.079 7.094
6.211 6.220 6.228 6.237 6.245 6.254 6.263 6.272 6.282 6.292 6.303 6.314 6.325 6.337 6.349 6.361 6.373 6.385 6.398 6.411 6.423 6.435 6.446 6.458 6.470 6.482 6.495 6.507 6.520 6.532 6.544 6.556 6.568 6.580 6.592 6.603 6.613 6.623 6.633 6.643 6.652 6.661 6.669 6.678 6.686 6.694 6.702 6.712 6.722 6.732 6.744 6.756 6.768 6.781 6.795 6.809 6.822 6.836 6.850 6.864 6.878 6.892 6.906 6.920 6.934 6.948 6.962 6.976 6.990 7.004 7.018 7.033 7.047 7.062 7.077 7.093 7.108
6.228 6.238 6.247 6.255 6.264 6.272 6.281 6.289 6.298 6.307 6.317 6.327 6.337 6.348 6.359 6.370 6.381 6.393 6.405 6.417 6.429 6.441 6.451 6.463 6.475 6.487 6.499 6.512 6.524 6.537 6.549 6.562 6.574 6.586 6.598 6.609 6.620 6.631 6.641 6.651 6.661 6.670 6.679 6.688 6.696 6.704 6.712 6.721 6.731 6.742 6.753 6.765 6.777 6.790 6.804 6.817 6.831 6.846 6.860 6.874 6.888 6.902 6.916 6.930 6.944 6.959 6.974 6.988 7.002 7.016 7.030 7.045 7.060 7.075 7.091 7.107 7.122
6.245 6.255 6.264 6.274 6.282 6.291 6.299 6.307 6.315 6.324 6.333 6.342 6.351 6.361 6.371 6.381 6.392 6.402 6.414 6.425 6.436 6.447 6.458 6.469 6.480 6.492 6.504 6.517 6.529 6.542 6.554 6.567 6.579 6.591 6.604 6.615 6.627 6.638 6.649 6.659 6.669 6.679 6.688 6.697 6.706 6.713 6.722 6.731 6.740 6.751 6.762 6.774 6.786 6.799 6.813 6.826 6.841 6.855 6.869 6.884 6.898 6.912 6.927 6.941 6.955 6.970 6.985 6.999 7.013 7.028 7.043 7.058 7.073 7.089 7.105 7.121 7.137
6.259 6.270 6.281 6.291 6.300 6.309 6.317 6.325 6.333 6.342 6.350 6.358 6.367 6.376 6.385 6.394 6.404 6.414 6.424 6.434 6.445 6.455 6.465 6.475 6.486 6.498 6.510 6.522 6.534 6.546 6.559 6.571 6.584 6.596 6.609 6.621 6.633 6.644 6.656 6.666 6.677 6.687 6.696 6.706 6.715 6.723 6.731 6.740 6.750 6.760 6.771 6.783 6.795 6.808 6.822 6.836 6.850 6.864 6.879 6.893 6.908 6.922 6.937 6.952 6.966 6.981 6.996 7.011 7.025 7.040 7.055 7.071 7.086 7.103 7.119 7.135 7.152
6.272 6.284 6.296 6.306 6.316 6.326 6.335 6.343 6.352 6.360 6.368 6.376 6.384 6.392 6.400 6.409 6.418 6.427 6.436 6.446 6.455 6.465 6.474 6.483 6.494 6.504 6.516 6.527 6.539 6.551 6.563 6.576 6.588 6.601 6.614 6.626 6.638 6.650 6.662 6.673 6.684 6.694 6.704 6.714 6.723 6.732 6.740 6.749 6.759 6.769 6.780 6.792 6.804 6.817 6.831 6.845 6.859 6.874 6.888 6.903 6.918 6.933 6.948 6.963 6.978 6.993 7.008 7.023 7.038 7.053 7.068 7.084 7.100 7.117 7.133 7.150 7.168
6.283 6.296 6.309 6.320 6.331 6.342 6.352 6.361 6.369 6.378 6.386 6.394 6.402 6.409 6.417 6.425 6.433 6.442 6.450 6.459 6.468 6.476 6.484 6.493 6.502 6.512 6.523 6.534 6.545 6.557 6.569 6.581 6.593 6.606 6.618 6.631 6.643 6.656 6.668 6.679 6.691 6.701 6.712 6.722 6.732 6.740 6.749 6.758 6.768 6.778 6.789 6.801 6.813 6.826 6.840 6.854 6.868 6.883 6.898 6.913 6.928 6.943 6.958 6.974 6.989 7.004 7.020 7.036 7.050 7.066 7.081 7.098 7.114 7.131 7.148 7.166 7.184
6.293 6.307 6.320 6.333 6.345 6.356 6.367 6.377 6.386 6.395 6.403 6.412 6.420 6.427 6.435 6.443 6.451 6.458 6.466 6.474 6.482 6.490 6.497 6.505 6.513 6.522 6.532 6.542 6.553 6.564 6.575 6.587 6.599 6.611 6.624 6.636 6.649 6.661 6.673 6.685 6.697 6.708 6.719 6.730 6.740 6.749 6.758 6.767 6.777 6.787 6.798 6.810 6.822 6.835 6.849 6.863 6.877 6.892 6.908 6.923 6.938 6.954 6.969 6.985 7.001 7.016 7.032 7.048 7.063 7.079 7.095 7.112 7.129 7.146 7.164 7.182 7.200
6.301 6.316 6.330 6.344 6.356 6.369 6.380 6.391 6.401 6.411 6.420 6.429 6.437 6.445 6.453 6.461 6.468 6.476 6.483 6.491 6.499 6.505 6.512 6.519 6.526 6.534 6.543 6.552 6.562 6.572 6.582 6.594 6.605 6.617 6.629 6.642 6.654 6.667 6.679 6.691 6.703 6.715 6.726 6.737 6.748 6.757 6.766 6.776 6.786 6.796 6.808 6.819 6.831 6.844 6.858 6.872 6.887 6.902 6.917 6.933 6.949 6.965 6.980 6.996 7.012 7.028 7.045 7.061 7.076 7.092 7.109 7.126 7.143 7.161 7.180 7.198 7.217
6.309 6.324 6.339 6.353 6.367 6.380 6.392 6.404 6.415 6.425 6.435 6.444 6.453 6.462 6.470 6.478 6.486 6.494 6.501 6.509 6.516 6.522 6.528 6.535 6.541 6.549 6.556 6.564 6.573 6.582 6.592 6.602 6.613 6.624 6.636 6.648 6.660 6.673 6.685 6.697 6.710 6.722 6.733 6.745 6.755 6.765 6.775 6.784 6.795 6.805 6.817 6.828 6.841 6.854 6.867 6.882 6.896 6.912 6.927 6.943 6.959 6.975 6.992 7.008 7.024 7.041 7.058 7.074 7.090 7.106 7.123 7.141 7.159 7.177 7.196 7.215 7.234
6.315 6.331 6.347 6.362 6.376 6.390 6.403 6.415 6.427 6.438 6.449 6.459 6.468 6.478 6.487 6.495 6.504 6.512 6.520 6.527 6.534 6.541 6.546 6.552 6.558 6.565 6.572 6.579 6.586 6.594 6.603 6.612 6.622 6.633 6.644 6.655 6.667 6.679 6.692 6.704 6.716 6.728 6.740 6.752 6.763 6.773 6.783 6.793 6.804 6.814 6.826 6.838 6.850 6.863 6.877 6.891 6.906 6.921 6.937 6.953 6.970 6.986 7.003 7.020 7.036 7.053 7.070 7.087 7.103 7.120 7.138 7.156 7.174 7.193 7.212 7.232 7.251
6.322 6.338 6.354 6.369 6.384 6.398 6.412 6.425 6.438 6.449 6.461 6.472 6.482 6.492 6.502 6.511 6.520 6.529 6.537 6.545 6.553 6.559 6.565 6.571 6.577 6.583 6.589 6.595 6.602 6.609 6.617 6.625 6.634 6.644 6.654 6.665 6.676 6.687 6.699 6.712 6.724 6.736 6.748 6.760 6.771 6.781 6.791 6.802 6.813 6.824 6.835 6.847 6.859 6.872 6.886 6.901 6.916 6.931 6.947 6.964 6.981 6.997 7.014 7.031 7.049 7.066 7.084 7.101 7.117 7.134 7.152 7.171 7.190 7.209 7.229 7.249 7.269
6.328 6.344 6.361 6.376 6.392 6.406 6.421 6.434 6.447 6.460 6.472 6.483 6.495 6.505 6.516 6.526 6.535 6.544 6.553 6.562 6.570 6.577 6.583 6.589 6.596 6.602 6.608 6.614 6.620 6.626 6.633 6.640 6.648 6.656 6.666 6.676 6.686 6.697 6.709 6.720 6.732 6.745 6.757 6.769 6.780 6.790 6.800 6.811 6.822 6.833 6.845 6.857 6.869 6.882 6.896 6.911 6.926 6.942 6.958 6.975 6.992 7.009 7.026 7.043 7.061 7.079 7.097 7.114 7.131 7.149 7.167 7.186 7.206 7.225 7.246 7.266 7.287
6.333 6.350 6.367 6.383 6.399 6.414 6.429 6.443 6.456 6.469 6.482 6.494 6.506 6.517 6.528 6.539 6.549 6.559 6.569 6.578 6.587 6.595 6.601 6.608 6.615 6.621 6.627 6.633 6.639 6.645 6.651 6.657 6.664 6.672 6.680 6.689 6.699 6.709 6.720 6.731 6.743 6.754 6.766 6.778 6.789 6.799 6.810 6.821 6.832 6.843 6.855 6.867 6.879 6.893 6.906 6.921 6.936 6.952 6.969 6.986 7.003 7.020 7.038 7.056 7.074 7.092 7.110 7.128 7.146 7.164 7.182 7.202 7.221 7.242 7.263 7.283 7.304
6.339 6.356 6.373 6.390 6.406 6.421 6.436 6.451 6.465 6.478 6.491 6.504 6.516 6.528 6.540 6.551 6.562 6.572 6.583 6.593 6.603 6.611 6.618 6.626 6.633 6.640 6.647 6.653 6.659 6.665 6.670 6.676 6.682 6.689 6.696 6.704 6.713 6.723 6.733 6.743 6.754 6.766 6.777 6.789 6.800 6.810 6.820 6.831 6.842 6.854 6.865 6.878 6.890 6.903 6.917 6.932 6.947 6.963 6.980 6.997 7.014 7.032 7.050 7.068 7.087 7.106 7.124 7.142 7.160 7.178 7.197 7.217 7.238 7.258 7.280 7.301 7.322
6.345 6.362 6.379 6.396 6.413 6.428 6.444 6.459 6.473 6.487 6.501 6.514 6.526 6.538 6.550 6.562 6.574 6.585 6.596 6.607 6.617 6.626 6.634 6.642 6.651 6.658 6.666 6.673 6.679 6.685 6.691 6.696 6.702 6.708 6.715 6.722 6.730 6.738 6.748 6.758 6.768 6.779 6.791 6.802 6.811 6.822 6.832 6.843 6.854 6.865 6.877 6.889 6.902 6.915 6.929 6.943 6.959 6.975 6.991 7.009 7.026 7.045 7.063 7.081 7.100 7.119 7.138 7.156 7.174 7.193 7.213 7.233 7.254 7.275 7.297 7.318 7.340
6.350 6.368 6.386 6.403 6.419 6.436 6.451 6.467 6.481 6.496 6.509 6.523 6.536 6.548 6.561 6.573 6.585 6.597 6.608 6.620 6.630 6.639 6.649 6.658 6.667 6.676 6.684 6.692 6.699 6.705 6.711 6.717 6.723 6.729 6.735 6.742 6.749 6.756 6.765 6.774 6.784 6.794 6.805 6.815 6.825 6.835 6.845 6.856 6.867 6.878 6.890 6.902 6.914 6.927 6.941 6.955 6.971 6.987 7.004 7.021 7.039 7.057 7.076 7.095 7.114 7.133 7.152 7.171 7.189 7.208 7.228 7.249 7.270 7.291 7.313 7.336 7.357
6.356 6.374 6.392 6.409 6.426 6.443 6.459 6.474 6.489 6.504 6.518 6.532 6.545 6.558 6.571 6.584 6.596 6.608 6.620 6.632 6.643 6.652 6.662 6.672 6.682 6.692 6.701 6.709 6.717 6.725 6.732 6.738 6.744 6.750 6.756 6.762 6.769 6.776 6.784 6.792 6.801 6.811 6.821 6.831 6.841 6.850 6.860 6.871 6.881 6.892 6.904 6.915 6.928 6.940 6.954 6.969 6.984 7.000 7.017 7.034 7.052 7.071 7.090 7.109 7.128 7.148 7.167 7.185 7.204 7.224 7.244 7.264 7.286 7.308 7.330 7.353 7.374
6.362 6.380 6.398 6.416 6.433 6.450 6.466 6.482 6.498 6.513 6.527 6.541 6.555 6.568 6.581 6.594 6.607 6.619 6.631 6.643 6.655 6.665 6.675 6.686 6.697 6.707 6.717 6.726 6.735 6.743 6.751 6.758 6.765 6.771 6.777 6.783 6.790 6.797 6.804 6.812 6.821 6.830 6.840 6.849 6.858 6.867 6.877 6.887 6.897 6.908 6.919 6.930 6.942 6.955 6.968 6.983 6.998 7.014 7.031 7.048 7.066 7.085 7.104 7.123 7.143 7.162 7.182 7.200 7.219 7.239 7.259 7.280 7.302 7.324 7.347 7.369 7.391
6.368 6.386 6.404 6.422 6.440 6.457 6.474 6.490 6.506 6.521 6.536 6.551 6.565 6.578 6.592 6.605 6.618 6.630 6.643 6.655 6.667 6.677 6.688 6.699 6.710 6.721 6.732 6.742 6.752 6.761 6.769 6.777 6.785 6.792 6.798 6.805 6.811 6.818 6.825 6.833 6.841 6.850 6.859 6.868 6.877 6.886 6.895 6.905 6.915 6.925 6.936 6.947 6.959 6.971 6.984 6.998 7.013 7.029 7.045 7.063 7.081 7.100 7.119 7.138 7.158 7.178 7.197 7.216 7.235 7.254 7.275 7.296 7.317 7.340 7.363 7.385 7.407
6.373 6.392 6.411 6.429 6.447 6.465 6.482 6.498 6.515 6.530 6.546 6.560 6.575 6.589 6.602 6.616 6.629 6.642 6.654 6.667 6.679 6.690 6.701 6.712 6.724 6.735 6.746 6.757 6.767 6.777 6.787 6.796 6.804 6.811 6.819 6.826 6.833 6.839 6.847 6.854 6.862 6.870 6.880 6.888 6.897 6.905 6.915 6.924 6.934 6.944 6.954 6.965 6.976 6.988 7.001 7.015 7.029 7.045 7.061 7.079 7.097 7.115 7.134 7.154 7.173 7.193 7.213 7.231 7.251 7.270 7.290 7.311 7.333 7.356 7.379 7.401 7.422
6.379 6.398 6.417 6.435 6.454 6.472 6.489 6.506 6.523 6.539 6.555 6.570 6.585 6.599 6.613 6.627 6.640 6.653 6.666 6.679 6.691 6.702 6.713 6.725 6.737 6.748 6.760 6.771 6.783 6.793 6.803 6.813 6.822 6.830 6.838 6.846 6.853 6.861 6.868 6.875 6.883 6.892 6.901 6.909 6.918 6.926 6.935 6.945 6.955 6.964 6.974 6.985 6.996 7.007 7.019 7.033 7.047 7.062 7.078 7.095 7.113 7.132 7.151 7.170 7.190 7.210 7.229 7.248 7.267 7.286 7.306 7.327 7.349 7.371 7.394 7.416 7.437
6.385 6.404 6.423 6.442 6.460 6.479 6.496 6.514 6.531 6.548 6.564 6.580 6.595 6.610 6.624 6.638 6.652 6.665 6.678 6.691 6.703 6.715 6.726 6.738 6.750 6.762 6.774 6.786 6.797 6.808 6.819 6.829 6.839 6.848 6.857 6.865 6.873 6.881 6.889 6.897 6.905 6.913 6.922 6.931 6.939 6.948 6.957 6.966 6.976 6.986 6.996 7.006 7.016 7.027 7.039 7.052 7.065 7.080 7.096 7.113 7.131 7.149 7.168 7.187 7.207 7.227 7.246 7.264 7.283 7.302 7.322 7.343 7.365 7.387 7.409 7.431 7.450
6.390 6.409 6.429 6.448 6.467 6.485 6.504 6.521 6.539 6.556 6.573 6.589 6.605 6.620 6.635 6.649 6.663 6.677 6.690 6.704 6.716 6.728 6.739 6.751 6.764 6.776 6.788 6.800 6.812 6.823 6.835 6.845 6.856 6.866 6.875 6.884 6.893 6.901 6.909 6.917 6.926 6.934 6.944 6.952 6.961 6.970 6.979 6.988 6.998 7.008 7.018 7.028 7.038 7.048 7.060 7.072 7.085 7.100 7.115 7.132 7.149 7.167 7.186 7.205 7.225 7.244 7.263 7.282 7.300 7.319 7.339 7.359 7.380 7.402 7.424 7.445 7.464
6.395 6.414 6.434 6.453 6.473 6.491 6.510 6.529 6.547 6.564 6.581 6.598 6.614 6.630 6.646 6.660 6.675 6.689 6.703 6.717 6.729 6.741 6.753 6.765 6.777 6.790 6.802 6.814 6.826 6.838 6.850 6.861 6.872 6.883 6.893 6.902 6.911 6.920 6.929 6.937 6.946 6.955 6.965 6.974 6.982 6.991 7.001 7.010 7.020 7.030 7.040 7.050 7.060 7.070 7.081 7.093 7.106 7.120 7.135 7.151 7.168 7.186 7.205 7.224 7.243 7.263 7.282 7.300 7.318 7.336 7.355 7.375 7.396 7.417 7.438 7.459 7.477
6.400 6.419 6.439 6.459 6.478 6.497 6.516 6.535 6.554 6.572 6.589 6.607 6.624 6.640 6.656 6.671 6.686 6.701 6.715 6.729 6.742 6.754 6.766 6.779 6.791 6.804 6.816 6.828 6.841 6.853 6.865 6.877 6.888 6.899 6.910 6.920 6.929 6.939 6.948 6.957 6.966 6.976 6.986 6.995 7.004 7.013 7.023 7.033 7.043 7.053 7.063 7.073 7.083 7.093 7.104 7.115 7.127 7.141 7.155 7.171 7.188 7.206 7.224 7.243 7.263 7.282 7.301 7.318 7.336 7.354 7.372 7.391 7.411 7.432 7.452 7.473 7.491
6.404 6.424 6.444 6.463 6.483 6.503 6.522 6.541 6.560 6.579 6.597 6.615 6.632 6.649 6.666 6.682 6.697 6.713 6.727 6.742 6.755 6.767 6.780 6.792 6.805 6.818 6.830 6.843 6.855 6.868 6.880 6.892 6.904 6.915 6.926 6.937 6.947 6.957 6.967 6.977 6.986 6.996 7.006 7.015 7.025 7.034 7.044 7.054 7.065 7.075 7.085 7.096 7.106 7.116 7.126 7.137 7.149 7.162 7.176 7.192 7.208 7.226 7.244 7.263 7.282 7.301 7.320 7.337 7.354 7.371 7.389 7.407 7.426 7.446 7.467 7.487 7.506
6.409 6.428 6.448 6.468 6.488 6.507 6.527 6.547 6.566 6.585 6.604 6.622 6.640 6.658 6.675 6.692 6.708 6.724 6.739 6.754 6.768 6.780 6.793 6.806 6.819 6.832 6.844 6.857 6.870 6.882 6.895 6.907 6.919 6.931 6.943 6.954 6.965 6.975 6.985 6.995 7.006 7.016 7.026 7.036 7.045 7.055 7.065 7.076 7.086 7.097 7.108 7.118 7.129 7.139 7.149 7.160 7.171 7.184 7.197 7.212 7.229 7.246 7.264 7.283 7.302 7.321 7.339 7.356 7.372 7.388 7.405 7.423 7.442 7.461 7.482 7.502 7.521
