version2/TsunamiDB/out54062.asc
ncols          264
nrows          230
xllcorner      497853.4375
yllcorner      4229146.0000
cellsize         5.
NODATA_value   -99
[rows 33 to 65 of 230, columns 150 to 224 of 264]
5.490 5.511 5.529 5.548 5.567 5.585 5.604 5.621 5.639 5.656 5.673 5.689 5.706 5.722 5.738 5.754 5.771 5.787 5.805 5.823 5.842 5.861 5.882 5.903 5.924 5.946 5.967 5.989 6.012 6.034 6.056 6.078 6.099 6.120 6.139 6.158 6.176 6.193 6.210 6.225 6.240 6.253 6.267 6.280 6.292 6.304 6.317 6.329 6.341 6.353 6.366 6.379 6.393 6.407 6.422 6.436 6.450 6.464 6.478 6.491 6.504 6.516 6.528 6.539 6.549 6.560 6.570 6.581 6.593 6.605 6.619 6.634 6.649 6.667 6.688
5.500 5.520 5.539 5.557 5.576 5.595 5.614 5.632 5.650 5.667 5.684 5.701 5.717 5.732 5.748 5.764 5.779 5.795 5.811 5.828 5.845 5.863 5.882 5.902 5.922 5.943 5.963 5.985 6.007 6.029 6.051 6.073 6.094 6.115 6.135 6.155 6.173 6.191 6.208 6.224 6.240 6.254 6.268 6.282 6.295 6.308 6.321 6.334 6.346 6.358 6.371 6.385 6.399 6.413 6.428 6.443 6.457 6.472 6.486 6.500 6.513 6.525 6.537 6.548 6.559 6.569 6.580 6.590 6.601 6.613 6.626 6.639 6.654 6.671 6.691
5.508 5.529 5.548 5.566 5.585 5.604 5.623 5.642 5.660 5.677 5.695 5.711 5.728 5.743 5.759 5.774 5.789 5.804 5.819 5.835 5.851 5.867 5.885 5.903 5.922 5.941 5.960 5.981 6.002 6.024 6.045 6.067 6.088 6.109 6.130 6.150 6.169 6.188 6.205 6.222 6.238 6.253 6.268 6.282 6.296 6.310 6.323 6.336 6.349 6.362 6.375 6.389 6.403 6.418 6.433 6.448 6.463 6.478 6.493 6.507 6.520 6.533 6.546 6.557 6.568 6.579 6.589 6.599 6.610 6.621 6.633 6.645 6.659 6.675 6.694
5.517 5.537 5.556 5.574 5.594 5.613 5.632 5.651 5.669 5.687 5.704 5.722 5.738 5.754 5.769 5.785 5.799 5.814 5.828 5.843 5.858 5.873 5.889 5.906 5.924 5.941 5.959 5.978 5.998 6.019 6.040 6.061 6.083 6.104 6.124 6.144 6.164 6.183 6.201 6.219 6.235 6.251 6.267 6.282 6.296 6.310 6.324 6.338 6.351 6.364 6.378 6.392 6.407 6.422 6.437 6.453 6.468 6.483 6.498 6.513 6.527 6.541 6.554 6.566 6.577 6.588 6.598 6.608 6.618 6.629 6.640 6.652 6.665 6.680 6.698
5.526 5.545 5.564 5.582 5.602 5.621 5.640 5.659 5.677 5.696 5.714 5.731 5.748 5.764 5.780 5.795 5.810 5.824 5.838 5.852 5.866 5.881 5.895 5.911 5.927 5.943 5.959 5.977 5.996 6.016 6.036 6.056 6.077 6.098 6.118 6.138 6.158 6.177 6.196 6.214 6.231 6.248 6.264 6.280 6.295 6.309 6.324 6.338 6.352 6.365 6.379 6.394 6.409 6.425 6.440 6.456 6.472 6.488 6.503 6.519 6.533 6.548 6.561 6.573 6.585 6.596 6.607 6.617 6.627 6.637 6.648 6.659 6.671 6.686 6.704
5.534 5.554 5.572 5.590 5.609 5.628 5.648 5.666 5.685 5.704 5.722 5.739 5.757 5.773 5.789 5.805 5.820 5.834 5.848 5.862 5.876 5.889 5.903 5.917 5.932 5.946 5.961 5.978 5.995 6.014 6.033 6.052 6.072 6.092 6.112 6.132 6.152 6.171 6.190 6.209 6.226 6.244 6.260 6.277 6.292 6.308 6.323 6.337 6.352 6.365 6.380 6.395 6.410 6.426 6.442 6.459 6.475 6.491 6.507 6.523 6.539 6.553 6.568 6.581 6.593 6.605 6.616 6.626 6.637 6.647 6.658 6.668 6.680 6.694 6.711
5.544 5.563 5.581 5.598 5.617 5.636 5.655 5.674 5.692 5.711 5.729 5.747 5.765 5.782 5.798 5.814 5.829 5.844 5.858 5.872 5.886 5.899 5.912 5.925 5.939 5.952 5.965 5.980 5.996 6.013 6.031 6.049 6.068 6.087 6.107 6.126 6.146 6.165 6.184 6.203 6.221 6.239 6.256 6.273 6.289 6.305 6.320 6.336 6.350 6.364 6.380 6.395 6.411 6.427 6.444 6.460 6.477 6.494 6.511 6.527 6.543 6.559 6.574 6.588 6.601 6.613 6.625 6.636 6.647 6.658 6.668 6.678 6.689 6.703 6.720
5.554 5.572 5.590 5.607 5.625 5.644 5.662 5.681 5.700 5.718 5.736 5.754 5.772 5.789 5.806 5.823 5.838 5.853 5.868 5.882 5.895 5.908 5.921 5.934 5.946 5.959 5.971 5.985 5.999 6.015 6.031 6.048 6.066 6.084 6.103 6.122 6.141 6.160 6.179 6.197 6.216 6.233 6.251 6.268 6.285 6.301 6.317 6.333 6.348 6.363 6.378 6.394 6.411 6.427 6.444 6.462 6.479 6.496 6.514 6.531 6.548 6.564 6.580 6.595 6.609 6.622 6.635 6.646 6.658 6.669 6.679 6.689 6.701 6.714 6.731
5.565 5.582 5.600 5.616 5.634 5.652 5.670 5.688 5.707 5.725 5.743 5.761 5.779 5.796 5.814 5.830 5.846 5.862 5.877 5.891 5.905 5.918 5.931 5.943 5.955 5.967 5.978 5.991 6.004 6.018 6.033 6.049 6.065 6.082 6.100 6.118 6.137 6.155 6.174 6.192 6.210 6.228 6.246 6.264 6.281 6.298 6.314 6.331 6.346 6.361 6.377 6.393 6.410 6.427 6.445 6.462 6.480 6.498 6.516 6.534 6.552 6.569 6.586 6.602 6.617 6.631 6.645 6.657 6.669 6.681 6.692 6.702 6.714 6.727 6.743
5.576 5.594 5.610 5.627 5.644 5.661 5.679 5.697 5.714 5.732 5.750 5.768 5.786 5.803 5.820 5.837 5.854 5.870 5.885 5.900 5.914 5.927 5.940 5.953 5.965 5.976 5.987 5.998 6.011 6.024 6.037 6.052 6.067 6.083 6.099 6.116 6.134 6.152 6.170 6.188 6.206 6.224 6.242 6.259 6.277 6.294 6.311 6.328 6.343 6.359 6.375 6.392 6.410 6.427 6.445 6.463 6.482 6.500 6.519 6.538 6.556 6.574 6.592 6.609 6.625 6.641 6.655 6.669 6.682 6.694 6.706 6.716 6.728 6.742 6.757
5.589 5.606 5.622 5.638 5.655 5.672 5.688 5.706 5.723 5.740 5.758 5.775 5.793 5.810 5.827 5.844 5.861 5.877 5.893 5.908 5.923 5.936 5.950 5.962 5.974 5.985 5.996 6.007 6.019 6.031 6.044 6.057 6.071 6.085 6.101 6.117 6.133 6.150 6.168 6.185 6.203 6.221 6.239 6.256 6.274 6.291 6.309 6.325 6.341 6.357 6.374 6.391 6.409 6.427 6.446 6.464 6.483 6.502 6.522 6.541 6.561 6.580 6.598 6.616 6.634 6.651 6.666 6.681 6.695 6.709 6.721 6.732 6.744 6.757 6.772
5.603 5.620 5.635 5.651 5.667 5.683 5.699 5.716 5.732 5.749 5.766 5.783 5.800 5.817 5.834 5.851 5.868 5.884 5.900 5.916 5.931 5.945 5.959 5.972 5.984 5.995 6.006 6.017 6.028 6.040 6.051 6.064 6.077 6.090 6.104 6.119 6.135 6.151 6.168 6.185 6.202 6.219 6.237 6.254 6.272 6.289 6.307 6.323 6.339 6.356 6.374 6.391 6.409 6.428 6.447 6.466 6.485 6.505 6.525 6.545 6.566 6.586 6.605 6.625 6.643 6.661 6.678 6.694 6.709 6.724 6.737 6.749 6.761 6.774 6.788
5.618 5.634 5.649 5.665 5.680 5.696 5.712 5.727 5.743 5.759 5.775 5.792 5.808 5.825 5.842 5.858 5.875 5.891 5.908 5.923 5.939 5.954 5.968 5.982 5.994 6.005 6.016 6.027 6.038 6.050 6.061 6.072 6.085 6.097 6.110 6.124 6.139 6.154 6.170 6.186 6.203 6.220 6.237 6.254 6.271 6.289 6.306 6.323 6.339 6.356 6.374 6.392 6.411 6.429 6.449 6.468 6.488 6.509 6.529 6.550 6.571 6.592 6.613 6.633 6.653 6.672 6.691 6.708 6.724 6.740 6.753 6.766 6.779 6.791 6.805
5.633 5.649 5.664 5.679 5.695 5.710 5.725 5.740 5.755 5.771 5.786 5.802 5.818 5.834 5.850 5.866 5.883 5.899 5.915 5.931 5.947 5.962 5.977 5.991 6.003 6.015 6.027 6.038 6.050 6.061 6.072 6.083 6.094 6.106 6.119 6.132 6.145 6.160 6.174 6.190 6.206 6.222 6.239 6.256 6.273 6.290 6.308 6.324 6.341 6.358 6.376 6.394 6.413 6.432 6.452 6.472 6.492 6.513 6.535 6.556 6.578 6.600 6.622 6.643 6.664 6.684 6.704 6.722 6.740 6.756 6.771 6.784 6.797 6.810 6.823
5.648 5.665 5.680 5.695 5.710 5.725 5.740 5.755 5.769 5.784 5.799 5.813 5.829 5.844 5.860 5.875 5.891 5.907 5.924 5.939 5.955 5.971 5.986 6.000 6.013 6.025 6.037 6.049 6.061 6.072 6.084 6.095 6.106 6.117 6.129 6.141 6.154 6.167 6.182 6.196 6.211 6.227 6.243 6.260 6.277 6.294 6.311 6.328 6.344 6.361 6.379 6.398 6.417 6.436 6.456 6.477 6.497 6.519 6.541 6.563 6.586 6.608 6.631 6.653 6.675 6.697 6.717 6.737 6.756 6.773 6.789 6.803 6.817 6.830 6.843
5.664 5.680 5.695 5.711 5.726 5.741 5.756 5.770 5.784 5.798 5.812 5.827 5.841 5.856 5.871 5.886 5.901 5.917 5.933 5.948 5.964 5.980 5.995 6.010 6.023 6.036 6.049 6.061 6.073 6.085 6.096 6.107 6.118 6.129 6.141 6.153 6.165 6.178 6.191 6.205 6.219 6.235 6.250 6.266 6.282 6.299 6.316 6.333 6.349 6.366 6.384 6.403 6.422 6.442 6.462 6.483 6.504 6.526 6.548 6.571 6.594 6.618 6.641 6.664 6.687 6.710 6.732 6.753 6.772 6.791 6.808 6.823 6.837 6.850 6.864
5.679 5.696 5.711 5.727 5.743 5.758 5.772 5.787 5.801 5.814 5.828 5.842 5.855 5.869 5.884 5.898 5.913 5.928 5.943 5.959 5.974 5.989 6.005 6.020 6.034 6.047 6.060 6.073 6.086 6.098 6.109 6.121 6.132 6.143 6.154 6.166 6.177 6.190 6.202 6.216 6.230 6.244 6.259 6.275 6.291 6.307 6.324 6.340 6.356 6.374 6.391 6.410 6.429 6.449 6.469 6.490 6.512 6.534 6.557 6.580 6.604 6.628 6.652 6.676 6.700 6.724 6.746 6.769 6.790 6.809 6.827 6.843 6.858 6.873 6.887
5.694 5.711 5.727 5.743 5.759 5.775 5.789 5.804 5.818 5.831 5.845 5.858 5.871 5.884 5.898 5.912 5.926 5.940 5.955 5.970 5.985 6.000 6.016 6.031 6.045 6.058 6.072 6.085 6.098 6.111 6.123 6.135 6.146 6.158 6.169 6.180 6.192 6.204 6.216 6.229 6.242 6.256 6.271 6.286 6.301 6.317 6.334 6.350 6.365 6.382 6.400 6.419 6.438 6.457 6.478 6.499 6.521 6.543 6.566 6.590 6.614 6.639 6.664 6.688 6.713 6.738 6.762 6.785 6.807 6.828 6.847 6.864 6.881 6.896 6.911
5.708 5.726 5.742 5.759 5.776 5.791 5.807 5.821 5.835 5.849 5.862 5.875 5.888 5.901 5.914 5.927 5.941 5.954 5.968 5.983 5.998 6.012 6.028 6.043 6.057 6.070 6.084 6.098 6.112 6.125 6.137 6.150 6.162 6.173 6.185 6.196 6.207 6.219 6.231 6.244 6.256 6.270 6.284 6.298 6.314 6.329 6.345 6.361 6.377 6.393 6.411 6.429 6.448 6.468 6.488 6.509 6.531 6.553 6.577 6.601 6.625 6.650 6.676 6.702 6.727 6.753 6.778 6.802 6.825 6.848 6.868 6.887 6.904 6.921 6.937
5.722 5.740 5.757 5.775 5.792 5.808 5.824 5.839 5.853 5.867 5.880 5.893 5.906 5.919 5.931 5.944 5.957 5.970 5.983 5.997 6.011 6.026 6.041 6.056 6.070 6.083 6.097 6.112 6.125 6.139 6.152 6.165 6.177 6.189 6.201 6.212 6.224 6.236 6.248 6.260 6.272 6.286 6.299 6.313 6.328 6.343 6.359 6.374 6.390 6.406 6.423 6.441 6.460 6.480 6.500 6.521 6.542 6.565 6.588 6.613 6.638 6.663 6.689 6.715 6.742 6.768 6.794 6.819 6.844 6.868 6.890 6.910 6.929 6.947 6.963
5.736 5.754 5.772 5.789 5.807 5.824 5.840 5.856 5.871 5.885 5.899 5.912 5.925 5.937 5.950 5.962 5.975 5.987 6.000 6.013 6.027 6.041 6.055 6.070 6.084 6.097 6.111 6.126 6.140 6.154 6.167 6.180 6.193 6.206 6.218 6.230 6.241 6.253 6.265 6.277 6.290 6.303 6.316 6.330 6.344 6.359 6.374 6.389 6.405 6.421 6.438 6.455 6.474 6.493 6.513 6.534 6.555 6.578 6.601 6.625 6.651 6.676 6.703 6.730 6.757 6.784 6.811 6.837 6.863 6.889 6.912 6.933 6.954 6.973 6.990
5.749 5.767 5.785 5.804 5.822 5.839 5.856 5.873 5.888 5.903 5.917 5.931 5.944 5.957 5.969 5.981 5.993 6.006 6.018 6.031 6.044 6.057 6.071 6.085 6.099 6.112 6.126 6.141 6.155 6.169 6.183 6.196 6.210 6.223 6.235 6.247 6.259 6.271 6.283 6.296 6.308 6.321 6.334 6.348 6.362 6.376 6.392 6.406 6.421 6.437 6.454 6.471 6.489 6.508 6.527 6.548 6.569 6.592 6.615 6.639 6.664 6.690 6.717 6.745 6.772 6.800 6.828 6.856 6.883 6.910 6.934 6.957 6.979 6.999 7.017
5.761 5.780 5.799 5.818 5.836 5.854 5.872 5.889 5.905 5.921 5.935 5.950 5.963 5.976 5.989 6.001 6.013 6.025 6.037 6.049 6.062 6.075 6.088 6.102 6.115 6.128 6.142 6.156 6.171 6.185 6.199 6.213 6.227 6.240 6.253 6.265 6.278 6.290 6.302 6.315 6.327 6.340 6.353 6.367 6.381 6.395 6.410 6.424 6.439 6.455 6.471 6.488 6.506 6.524 6.543 6.564 6.585 6.607 6.630 6.654 6.679 6.705 6.732 6.760 6.788 6.817 6.846 6.875 6.904 6.931 6.957 6.981 7.004 7.025 7.044
5.774 5.793 5.812 5.831 5.850 5.869 5.887 5.904 5.921 5.937 5.953 5.968 5.982 5.995 6.008 6.021 6.033 6.045 6.057 6.069 6.081 6.094 6.107 6.120 6.133 6.145 6.159 6.173 6.187 6.202 6.216 6.230 6.244 6.257 6.271 6.284 6.297 6.309 6.322 6.334 6.347 6.360 6.373 6.387 6.401 6.415 6.430 6.444 6.458 6.474 6.490 6.507 6.524 6.542 6.561 6.581 6.601 6.623 6.646 6.670 6.695 6.721 6.748 6.776 6.805 6.835 6.864 6.894 6.924 6.953 6.979 7.005 7.029 7.051 7.070
5.786 5.805 5.824 5.844 5.863 5.882 5.901 5.919 5.937 5.954 5.970 5.985 6.000 6.014 6.028 6.041 6.053 6.066 6.078 6.090 6.102 6.114 6.126 6.139 6.151 6.164 6.177 6.191 6.205 6.219 6.233 6.248 6.262 6.276 6.289 6.302 6.316 6.329 6.341 6.354 6.367 6.380 6.394 6.407 6.421 6.436 6.450 6.464 6.479 6.494 6.510 6.526 6.543 6.561 6.580 6.599 6.619 6.640 6.663 6.687 6.712 6.738 6.765 6.793 6.823 6.853 6.883 6.914 6.945 6.974 7.002 7.028 7.054 7.076 7.095
5.798 5.817 5.837 5.856 5.876 5.896 5.915 5.933 5.951 5.969 5.986 6.002 6.018 6.033 6.047 6.061 6.074 6.086 6.098 6.110 6.122 6.134 6.146 6.159 6.171 6.183 6.196 6.209 6.223 6.237 6.252 6.266 6.280 6.294 6.308 6.321 6.335 6.348 6.361 6.374 6.388 6.401 6.414 6.428 6.443 6.457 6.472 6.486 6.500 6.515 6.531 6.547 6.564 6.582 6.600 6.618 6.638 6.659 6.681 6.705 6.729 6.755 6.783 6.811 6.841 6.871 6.902 6.934 6.965 6.995 7.024 7.052 7.077 7.100 7.120
5.810 5.830 5.849 5.869 5.889 5.908 5.928 5.947 5.966 5.984 6.001 6.018 6.035 6.050 6.065 6.080 6.093 6.106 6.119 6.131 6.143 6.155 6.167 6.180 6.191 6.203 6.215 6.229 6.242 6.256 6.270 6.285 6.299 6.313 6.327 6.341 6.354 6.368 6.381 6.395 6.408 6.422 6.436 6.450 6.464 6.479 6.494 6.507 6.522 6.537 6.553 6.569 6.586 6.603 6.621 6.639 6.659 6.679 6.701 6.724 6.748 6.774 6.801 6.829 6.859 6.890 6.921 6.953 6.985 7.016 7.046 7.074 7.101 7.124 7.144
5.822 5.842 5.861 5.881 5.901 5.921 5.941 5.960 5.979 5.998 6.016 6.034 6.051 6.067 6.083 6.098 6.112 6.126 6.139 6.152 6.164 6.177 6.189 6.201 6.212 6.224 6.236 6.249 6.262 6.276 6.290 6.304 6.318 6.332 6.346 6.360 6.374 6.388 6.402 6.415 6.429 6.443 6.457 6.471 6.486 6.501 6.515 6.529 6.544 6.560 6.576 6.592 6.609 6.626 6.643 6.661 6.680 6.700 6.721 6.744 6.767 6.793 6.820 6.848 6.878 6.909 6.940 6.973 7.005 7.037 7.067 7.096 7.123 7.147 7.167
5.835 5.854 5.873 5.893 5.913 5.933 5.953 5.973 5.992 6.012 6.030 6.049 6.066 6.083 6.100 6.115 6.131 6.145 6.159 6.172 6.185 6.198 6.210 6.222 6.233 6.245 6.257 6.270 6.283 6.296 6.310 6.324 6.338 6.352 6.366 6.380 6.394 6.408 6.422 6.436 6.450 6.464 6.478 6.493 6.508 6.523 6.538 6.552 6.567 6.583 6.599 6.616 6.632 6.649 6.667 6.684 6.703 6.722 6.743 6.765 6.788 6.813 6.839 6.868 6.897 6.928 6.960 6.992 7.025 7.057 7.088 7.118 7.145 7.170 7.190
5.848 5.867 5.886 5.905 5.925 5.945 5.965 5.985 6.005 6.025 6.044 6.063 6.081 6.099 6.116 6.132 6.148 6.163 6.178 6.192 6.205 6.218 6.231 6.243 6.255 6.266 6.278 6.291 6.304 6.317 6.330 6.344 6.358 6.372 6.386 6.400 6.414 6.428 6.442 6.456 6.471 6.485 6.499 6.514 6.529 6.545 6.560 6.575 6.590 6.606 6.623 6.639 6.656 6.673 6.691 6.708 6.727 6.746 6.766 6.787 6.810 6.834 6.860 6.887 6.917 6.947 6.979 7.012 7.045 7.077 7.108 7.139 7.167 7.192 7.212
5.862 5.880 5.898 5.918 5.938 5.958 5.978 5.998 6.018 6.038 6.057 6.076 6.095 6.113 6.131 6.148 6.165 6.181 6.196 6.211 6.225 6.238 6.252 6.264 6.276 6.287 6.299 6.312 6.325 6.338 6.351 6.365 6.378 6.392 6.406 6.421 6.435 6.449 6.463 6.477 6.491 6.506 6.521 6.536 6.551 6.567 6.582 6.597 6.613 6.630 6.646 6.663 6.681 6.698 6.715 6.733 6.751 6.770 6.789 6.810 6.832 6.855 6.881 6.908 6.936 6.967 6.998 7.031 7.064 7.097 7.128 7.159 7.188 7.214 7.234
5.876 5.894 5.912 5.931 5.950 5.970 5.990 6.010 6.030 6.050 6.070 6.090 6.109 6.128 6.146 6.164 6.181 6.197 6.213 6.229 6.244 6.258 6.272 6.285 6.296 6.308 6.320 6.333 6.346 6.359 6.372 6.386 6.399 6.413 6.427 6.441 6.455 6.469 6.484 6.498 6.512 6.527 6.542 6.557 6.573 6.589 6.604 6.620 6.636 6.653 6.670 6.687 6.705 6.723 6.740 6.758 6.776 6.794 6.814 6.834 6.855 6.878 6.902 6.929 6.957 6.987 7.018 7.050 7.083 7.116 7.148 7.179 7.209 7.235 7.255
5.892 5.909 5.926 5.944 5.963 5.983 6.003 6.023 6.043 6.063 6.083 6.102 6.122 6.141 6.160 6.178 6.196 6.213 6.230 6.246 6.262 6.277 6.291 6.304 6.316 6.329 6.341 6.354 6.367 6.380 6.393 6.407 6.420 6.434 6.448 6.462 6.476 6.490 6.504 6.519 6.533 6.548 6.563 6.578 6.594 6.610 6.626 6.642 6.659 6.676 6.693 6.711 6.729 6.747 6.765 6.783 6.801 6.820 6.838 6.858 6.879 6.901 6.924 6.950 6.977 7.006 7.037 7.069 7.103 7.135 7.168 7.199 7.229 7.255 7.276
