version2/TsunamiDB/out54163.asc
ncols          264
nrows          230
xllcorner      497853.4375
yllcorner      4229146.0000
cellsize         5.
NODATA_value   -99
[rows 68 to 101 of 230, columns 154 to 230 of 264]
6.555 6.559 6.563 6.567 6.572 6.576 6.580 6.584 6.588 6.592 6.596 6.600 6.605 6.609 6.613 6.618 6.623 6.628 6.633 6.639 6.644 6.650 6.655 6.661 6.667 6.673 6.679 6.686 6.692 6.699 6.706 6.713 6.720 6.727 6.734 6.741 6.749 6.756 6.763 6.770 6.777 6.785 6.792 6.798 6.805 6.811 6.817 6.823 6.828 6.834 6.839 6.844 6.848 6.853 6.857 6.861 6.864 6.868 6.871 6.874 6.877 6.879 6.882 6.885 6.888 6.891 6.894 6.897 6.901 6.903 6.903 6.898 6.893 6.891 6.891 6.893 6.901
6.557 6.562 6.566 6.570 6.574 6.578 6.582 6.586 6.590 6.594 6.598 6.602 6.606 6.611 6.615 6.619 6.624 6.629 6.634 6.640 6.645 6.651 6.656 6.662 6.668 6.674 6.680 6.687 6.693 6.700 6.707 6.714 6.721 6.728 6.735 6.742 6.750 6.757 6.764 6.771 6.778 6.786 6.793 6.800 6.806 6.813 6.819 6.825 6.831 6.836 6.841 6.846 6.851 6.856 6.860 6.864 6.868 6.871 6.875 6.878 6.881 6.884 6.887 6.890 6.894 6.898 6.901 6.905 6.908 6.911 6.912 6.908 6.902 6.902 6.902 6.904 6.913
6.561 6.565 6.569 6.573 6.577 6.581 6.585 6.589 6.592 6.596 6.600 6.604 6.608 6.613 6.617 6.621 6.626 6.631 6.636 6.641 6.647 6.652 6.657 6.663 6.669 6.675 6.681 6.688 6.694 6.701 6.708 6.715 6.722 6.729 6.736 6.743 6.751 6.758 6.765 6.773 6.780 6.788 6.795 6.802 6.808 6.815 6.821 6.827 6.833 6.839 6.844 6.849 6.854 6.859 6.863 6.868 6.872 6.875 6.879 6.883 6.886 6.889 6.893 6.896 6.900 6.904 6.908 6.912 6.917 6.920 6.921 6.918 6.913 6.913 6.914 6.917 6.926
6.565 6.569 6.573 6.576 6.580 6.584 6.588 6.592 6.595 6.599 6.603 6.607 6.611 6.615 6.619 6.624 6.628 6.633 6.638 6.643 6.648 6.654 6.659 6.665 6.671 6.677 6.683 6.689 6.696 6.702 6.709 6.716 6.723 6.730 6.738 6.745 6.752 6.759 6.767 6.774 6.782 6.789 6.797 6.804 6.810 6.817 6.823 6.830 6.836 6.841 6.847 6.852 6.857 6.862 6.867 6.871 6.876 6.880 6.884 6.887 6.891 6.895 6.899 6.903 6.907 6.911 6.916 6.920 6.925 6.930 6.931 6.929 6.924 6.925 6.927 6.930 6.940
6.570 6.574 6.577 6.581 6.585 6.588 6.592 6.596 6.599 6.603 6.607 6.610 6.614 6.618 6.622 6.626 6.631 6.635 6.640 6.646 6.651 6.656 6.661 6.667 6.672 6.678 6.685 6.691 6.697 6.704 6.711 6.718 6.725 6.732 6.739 6.746 6.754 6.761 6.769 6.776 6.784 6.791 6.799 6.806 6.813 6.819 6.826 6.832 6.838 6.844 6.850 6.856 6.861 6.866 6.871 6.875 6.880 6.884 6.888 6.892 6.897 6.901 6.905 6.909 6.914 6.919 6.924 6.929 6.935 6.940 6.942 6.939 6.935 6.936 6.939 6.943 6.954
6.576 6.579 6.583 6.586 6.590 6.593 6.597 6.600 6.604 6.607 6.611 6.614 6.618 6.622 6.626 6.630 6.634 6.639 6.644 6.649 6.653 6.658 6.664 6.669 6.675 6.681 6.687 6.693 6.699 6.706 6.713 6.720 6.727 6.734 6.741 6.748 6.756 6.763 6.771 6.778 6.786 6.793 6.801 6.808 6.815 6.822 6.829 6.835 6.841 6.848 6.853 6.859 6.865 6.870 6.875 6.880 6.885 6.889 6.894 6.898 6.902 6.907 6.911 6.916 6.922 6.927 6.932 6.938 6.944 6.950 6.952 6.950 6.947 6.949 6.952 6.956 6.967
6.583 6.586 6.589 6.593 6.596 6.599 6.603 6.606 6.609 6.613 6.616 6.620 6.623 6.627 6.630 6.634 6.638 6.643 6.647 6.652 6.657 6.662 6.667 6.672 6.678 6.684 6.690 6.696 6.702 6.709 6.715 6.722 6.729 6.736 6.744 6.751 6.758 6.766 6.773 6.781 6.788 6.796 6.804 6.811 6.818 6.825 6.832 6.838 6.845 6.851 6.857 6.863 6.869 6.874 6.879 6.885 6.890 6.894 6.899 6.904 6.908 6.913 6.918 6.924 6.929 6.935 6.941 6.947 6.954 6.960 6.963 6.962 6.959 6.961 6.965 6.970 6.981
6.591 6.594 6.597 6.600 6.603 6.607 6.610 6.613 6.616 6.619 6.622 6.626 6.629 6.632 6.636 6.640 6.643 6.648 6.652 6.657 6.661 6.666 6.671 6.676 6.682 6.687 6.693 6.699 6.705 6.712 6.718 6.725 6.732 6.739 6.746 6.754 6.761 6.768 6.776 6.783 6.791 6.799 6.807 6.814 6.821 6.828 6.835 6.842 6.849 6.855 6.861 6.867 6.873 6.879 6.884 6.890 6.895 6.900 6.905 6.910 6.915 6.920 6.925 6.931 6.937 6.943 6.950 6.957 6.964 6.970 6.974 6.973 6.971 6.973 6.978 6.983 6.994
6.600 6.603 6.606 6.609 6.612 6.615 6.618 6.621 6.624 6.627 6.630 6.633 6.636 6.639 6.642 6.646 6.650 6.654 6.658 6.663 6.667 6.671 6.676 6.681 6.686 6.692 6.697 6.703 6.709 6.716 6.722 6.729 6.736 6.743 6.750 6.757 6.764 6.772 6.779 6.787 6.795 6.803 6.810 6.818 6.825 6.832 6.839 6.846 6.853 6.859 6.866 6.872 6.878 6.884 6.890 6.895 6.901 6.906 6.911 6.917 6.922 6.927 6.933 6.939 6.946 6.952 6.959 6.966 6.974 6.981 6.985 6.984 6.981 6.985 6.990 6.995 7.007
6.611 6.613 6.616 6.619 6.622 6.624 6.627 6.630 6.633 6.636 6.638 6.641 6.644 6.647 6.650 6.654 6.657 6.661 6.665 6.669 6.673 6.678 6.682 6.687 6.692 6.697 6.703 6.708 6.714 6.721 6.727 6.733 6.740 6.747 6.754 6.761 6.769 6.776 6.783 6.791 6.799 6.807 6.814 6.822 6.829 6.836 6.843 6.850 6.857 6.864 6.870 6.877 6.883 6.889 6.895 6.901 6.907 6.913 6.918 6.924 6.929 6.935 6.941 6.947 6.954 6.961 6.968 6.976 6.984 6.991 6.995 6.994 6.993 6.997 7.003 7.009 7.021
6.622 6.625 6.627 6.630 6.632 6.635 6.638 6.640 6.643 6.646 6.648 6.651 6.654 6.657 6.660 6.663 6.666 6.669 6.673 6.677 6.681 6.685 6.690 6.694 6.699 6.704 6.709 6.715 6.720 6.726 6.733 6.739 6.746 6.752 6.759 6.766 6.774 6.781 6.788 6.796 6.804 6.812 6.819 6.827 6.834 6.841 6.848 6.855 6.862 6.869 6.876 6.883 6.889 6.895 6.901 6.908 6.914 6.920 6.925 6.931 6.937 6.943 6.949 6.956 6.963 6.970 6.978 6.986 6.994 7.001 7.004 7.005 7.004 7.010 7.017 7.023 7.037
6.634 6.636 6.639 6.641 6.644 6.646 6.649 6.652 6.654 6.657 6.659 6.662 6.665 6.667 6.670 6.673 6.676 6.679 6.683 6.687 6.691 6.694 6.698 6.703 6.707 6.712 6.717 6.722 6.728 6.734 6.740 6.746 6.752 6.759 6.766 6.773 6.780 6.787 6.794 6.802 6.810 6.817 6.825 6.832 6.840 6.847 6.854 6.861 6.868 6.875 6.882 6.889 6.895 6.902 6.908 6.915 6.921 6.927 6.933 6.939 6.946 6.952 6.958 6.965 6.972 6.980 6.988 6.996 7.004 7.010 7.014 7.015 7.016 7.023 7.031 7.039 7.055
6.647 6.649 6.651 6.654 6.656 6.659 6.661 6.664 6.666 6.669 6.671 6.674 6.676 6.679 6.682 6.684 6.687 6.691 6.695 6.698 6.701 6.705 6.709 6.713 6.717 6.721 6.726 6.731 6.737 6.742 6.748 6.754 6.760 6.767 6.773 6.780 6.787 6.794 6.801 6.809 6.817 6.824 6.832 6.839 6.846 6.854 6.861 6.868 6.875 6.882 6.889 6.896 6.903 6.909 6.916 6.923 6.929 6.935 6.942 6.948 6.955 6.961 6.967 6.974 6.982 6.989 6.997 7.005 7.013 7.020 7.024 7.027 7.029 7.037 7.047 7.057 7.074
6.659 6.662 6.664 6.666 6.669 6.671 6.674 6.676 6.679 6.681 6.684 6.686 6.689 6.692 6.694 6.697 6.700 6.703 6.707 6.710 6.713 6.717 6.720 6.724 6.728 6.733 6.737 6.742 6.747 6.752 6.758 6.764 6.770 6.776 6.782 6.789 6.796 6.803 6.810 6.817 6.825 6.832 6.840 6.847 6.854 6.862 6.869 6.876 6.883 6.890 6.897 6.904 6.911 6.918 6.925 6.931 6.938 6.945 6.951 6.958 6.964 6.971 6.977 6.984 6.991 6.999 7.006 7.014 7.022 7.029 7.035 7.039 7.043 7.052 7.064 7.076 7.096
6.672 6.674 6.676 6.679 6.681 6.684 6.686 6.689 6.692 6.694 6.697 6.700 6.702 6.705 6.708 6.710 6.713 6.717 6.720 6.723 6.726 6.730 6.733 6.737 6.741 6.745 6.749 6.754 6.759 6.764 6.769 6.775 6.781 6.787 6.793 6.799 6.806 6.813 6.820 6.827 6.835 6.842 6.849 6.856 6.864 6.871 6.878 6.885 6.892 6.899 6.906 6.913 6.920 6.927 6.934 6.941 6.948 6.955 6.962 6.968 6.975 6.981 6.988 6.994 7.002 7.008 7.016 7.024 7.032 7.039 7.046 7.051 7.057 7.068 7.081 7.096 7.118
6.684 6.686 6.689 6.691 6.694 6.696 6.699 6.702 6.704 6.707 6.710 6.713 6.715 6.718 6.721 6.724 6.727 6.731 6.734 6.737 6.740 6.744 6.747 6.751 6.755 6.759 6.763 6.767 6.772 6.777 6.782 6.788 6.793 6.799 6.805 6.812 6.818 6.825 6.831 6.838 6.846 6.853 6.860 6.867 6.875 6.882 6.889 6.896 6.903 6.910 6.917 6.924 6.931 6.938 6.945 6.952 6.959 6.966 6.973 6.980 6.987 6.993 6.999 7.005 7.012 7.018 7.026 7.033 7.042 7.050 7.058 7.065 7.072 7.085 7.100 7.117 7.140
6.695 6.698 6.700 6.703 6.706 6.708 6.711 6.714 6.717 6.720 6.723 6.725 6.728 6.731 6.735 6.738 6.741 6.745 6.748 6.751 6.755 6.758 6.762 6.765 6.769 6.773 6.777 6.782 6.786 6.791 6.796 6.802 6.807 6.813 6.819 6.825 6.832 6.838 6.845 6.852 6.859 6.866 6.873 6.880 6.887 6.894 6.901 6.908 6.916 6.923 6.930 6.937 6.944 6.951 6.958 6.965 6.972 6.979 6.986 6.993 6.999 7.005 7.011 7.017 7.023 7.029 7.036 7.044 7.052 7.061 7.070 7.079 7.088 7.102 7.118 7.137 7.162
6.706 6.708 6.711 6.714 6.717 6.720 6.722 6.725 6.728 6.731 6.735 6.738 6.741 6.744 6.747 6.751 6.754 6.758 6.762 6.766 6.769 6.773 6.776 6.780 6.784 6.788 6.792 6.797 6.802 6.806 6.812 6.817 6.822 6.828 6.834 6.840 6.846 6.853 6.860 6.866 6.874 6.881 6.888 6.895 6.902 6.909 6.916 6.923 6.930 6.937 6.944 6.951 6.958 6.965 6.972 6.979 6.986 6.993 7.000 7.007 7.014 7.019 7.024 7.030 7.035 7.041 7.047 7.055 7.063 7.074 7.084 7.094 7.104 7.119 7.137 7.158 7.185
6.715 6.718 6.721 6.724 6.727 6.730 6.733 6.736 6.739 6.742 6.746 6.749 6.753 6.756 6.760 6.763 6.767 6.771 6.775 6.779 6.783 6.787 6.791 6.795 6.799 6.803 6.808 6.812 6.817 6.822 6.827 6.833 6.838 6.844 6.850 6.856 6.863 6.869 6.876 6.883 6.890 6.897 6.904 6.911 6.918 6.925 6.932 6.939 6.946 6.953 6.960 6.967 6.974 6.981 6.988 6.995 7.002 7.009 7.017 7.023 7.030 7.035 7.039 7.044 7.049 7.054 7.060 7.067 7.077 7.088 7.099 7.109 7.121 7.138 7.157 7.180 7.209
6.724 6.727 6.730 6.733 6.737 6.740 6.743 6.746 6.749 6.753 6.756 6.760 6.763 6.767 6.771 6.775 6.779 6.783 6.788 6.792 6.796 6.800 6.804 6.809 6.813 6.818 6.822 6.827 6.832 6.837 6.843 6.848 6.854 6.860 6.866 6.873 6.879 6.886 6.893 6.900 6.907 6.915 6.922 6.929 6.936 6.943 6.950 6.957 6.965 6.972 6.979 6.986 6.993 7.000 7.007 7.014 7.021 7.028 7.035 7.042 7.048 7.052 7.056 7.060 7.065 7.069 7.075 7.082 7.092 7.103 7.114 7.126 7.140 7.159 7.178 7.204 7.235
6.733 6.736 6.739 6.742 6.745 6.749 6.752 6.755 6.759 6.762 6.766 6.769 6.773 6.777 6.781 6.785 6.789 6.794 6.799 6.803 6.808 6.812 6.817 6.822 6.826 6.831 6.836 6.842 6.847 6.852 6.858 6.864 6.870 6.876 6.883 6.889 6.896 6.903 6.910 6.918 6.925 6.933 6.940 6.948 6.955 6.962 6.970 6.977 6.984 6.992 6.999 7.006 7.013 7.020 7.027 7.034 7.042 7.049 7.056 7.062 7.068 7.072 7.075 7.079 7.083 7.087 7.093 7.100 7.109 7.120 7.131 7.145 7.163 7.182 7.203 7.231 7.265
6.740 6.744 6.747 6.750 6.753 6.757 6.760 6.764 6.767 6.771 6.774 6.778 6.782 6.786 6.790 6.795 6.799 6.804 6.809 6.814 6.818 6.823 6.828 6.833 6.839 6.844 6.849 6.855 6.860 6.866 6.872 6.879 6.885 6.892 6.899 6.906 6.913 6.920 6.928 6.935 6.943 6.951 6.959 6.967 6.974 6.982 6.990 6.998 7.005 7.013 7.020 7.028 7.035 7.042 7.050 7.057 7.064 7.071 7.078 7.085 7.090 7.094 7.097 7.101 7.104 7.108 7.113 7.120 7.129 7.138 7.151 7.168 7.188 7.208 7.231 7.262 7.299
6.747 6.751 6.754 6.758 6.761 6.764 6.768 6.771 6.775 6.779 6.782 6.786 6.790 6.794 6.799 6.803 6.808 6.813 6.818 6.823 6.828 6.833 6.839 6.844 6.849 6.855 6.861 6.867 6.873 6.879 6.886 6.892 6.899 6.906 6.913 6.921 6.928 6.936 6.944 6.952 6.961 6.969 6.977 6.986 6.994 7.002 7.010 7.018 7.026 7.034 7.042 7.050 7.058 7.065 7.073 7.081 7.088 7.096 7.103 7.110 7.115 7.119 7.121 7.125 7.128 7.131 7.136 7.142 7.150 7.160 7.174 7.193 7.217 7.239 7.263 7.298 7.338
6.754 6.758 6.761 6.765 6.768 6.772 6.775 6.779 6.782 6.786 6.790 6.794 6.798 6.802 6.807 6.811 6.816 6.821 6.826 6.832 6.837 6.842 6.848 6.853 6.859 6.865 6.871 6.878 6.884 6.891 6.897 6.905 6.912 6.919 6.927 6.935 6.943 6.951 6.959 6.968 6.977 6.986 6.995 7.003 7.012 7.021 7.030 7.038 7.047 7.055 7.064 7.072 7.080 7.089 7.097 7.105 7.113 7.121 7.128 7.135 7.141 7.145 7.147 7.151 7.154 7.157 7.161 7.167 7.174 7.185 7.200 7.222 7.249 7.273 7.300 7.338 7.382
6.761 6.764 6.768 6.771 6.775 6.778 6.782 6.786 6.789 6.793 6.797 6.801 6.805 6.809 6.814 6.818 6.823 6.829 6.834 6.839 6.845 6.850 6.856 6.862 6.868 6.874 6.881 6.887 6.894 6.901 6.908 6.916 6.923 6.931 6.939 6.947 6.956 6.964 6.973 6.982 6.992 7.001 7.011 7.020 7.029 7.039 7.048 7.057 7.066 7.076 7.085 7.094 7.102 7.111 7.120 7.128 7.137 7.145 7.154 7.162 7.168 7.171 7.174 7.177 7.181 7.183 7.187 7.193 7.200 7.211 7.229 7.255 7.286 7.312 7.340 7.383 7.429
6.767 6.770 6.774 6.778 6.781 6.785 6.789 6.792 6.796 6.800 6.804 6.808 6.812 6.816 6.821 6.825 6.830 6.836 6.841 6.846 6.852 6.858 6.863 6.870 6.876 6.882 6.889 6.896 6.903 6.910 6.918 6.925 6.933 6.942 6.950 6.959 6.967 6.977 6.986 6.995 7.006 7.016 7.025 7.035 7.045 7.055 7.065 7.075 7.084 7.094 7.104 7.113 7.123 7.132 7.142 7.151 7.160 7.169 7.178 7.187 7.193 7.197 7.200 7.204 7.207 7.209 7.213 7.220 7.228 7.240 7.261 7.290 7.325 7.353 7.383 7.430 7.478
6.773 6.776 6.780 6.784 6.788 6.791 6.795 6.799 6.803 6.807 6.811 6.815 6.819 6.823 6.827 6.832 6.837 6.842 6.848 6.853 6.859 6.865 6.870 6.877 6.883 6.890 6.896 6.904 6.911 6.918 6.926 6.934 6.942 6.951 6.960 6.969 6.978 6.987 6.997 7.007 7.018 7.028 7.038 7.049 7.059 7.069 7.080 7.090 7.101 7.111 7.121 7.131 7.141 7.151 7.161 7.171 7.181 7.191 7.201 7.210 7.217 7.222 7.225 7.229 7.232 7.235 7.239 7.246 7.255 7.269 7.293 7.324 7.363 7.394 7.427 7.475 7.525
6.779 6.782 6.786 6.790 6.794 6.798 6.801 6.805 6.809 6.813 6.817 6.821 6.825 6.829 6.834 6.839 6.843 6.849 6.854 6.860 6.865 6.871 6.877 6.883 6.890 6.897 6.903 6.911 6.918 6.926 6.934 6.942 6.951 6.960 6.969 6.978 6.987 6.997 7.007 7.018 7.029 7.039 7.050 7.061 7.071 7.082 7.093 7.104 7.115 7.126 7.137 7.147 7.158 7.168 7.179 7.190 7.200 7.211 7.221 7.231 7.239 7.244 7.247 7.251 7.255 7.258 7.262 7.270 7.281 7.298 7.324 7.359 7.404 7.437 7.471 7.522 7.573
6.784 6.788 6.792 6.796 6.800 6.804 6.807 6.811 6.815 6.819 6.823 6.827 6.831 6.836 6.840 6.845 6.850 6.855 6.861 6.866 6.871 6.877 6.883 6.890 6.896 6.903 6.910 6.917 6.925 6.933 6.941 6.950 6.958 6.967 6.977 6.986 6.996 7.006 7.016 7.027 7.038 7.049 7.060 7.071 7.083 7.094 7.105 7.117 7.128 7.139 7.150 7.161 7.172 7.183 7.194 7.206 7.217 7.228 7.239 7.249 7.258 7.262 7.265 7.270 7.275 7.278 7.283 7.292 7.306 7.325 7.354 7.397 7.446 7.479 7.514 7.567 7.620
6.790 6.794 6.798 6.802 6.806 6.809 6.813 6.817 6.821 6.825 6.829 6.833 6.837 6.842 6.846 6.851 6.856 6.861 6.867 6.872 6.878 6.883 6.889 6.896 6.902 6.909 6.916 6.924 6.931 6.939 6.948 6.956 6.965 6.974 6.984 6.994 7.004 7.014 7.025 7.036 7.047 7.058 7.070 7.081 7.093 7.104 7.116 7.128 7.139 7.151 7.162 7.174 7.185 7.196 7.208 7.220 7.231 7.243 7.255 7.265 7.273 7.277 7.281 7.287 7.292 7.296 7.303 7.314 7.330 7.354 7.389 7.435 7.485 7.519 7.555 7.609 7.662
6.796 6.800 6.804 6.807 6.811 6.815 6.819 6.823 6.827 6.831 6.835 6.839 6.843 6.848 6.852 6.857 6.862 6.867 6.873 6.878 6.883 6.889 6.895 6.902 6.908 6.915 6.922 6.930 6.937 6.946 6.954 6.963 6.972 6.981 6.991 7.001 7.011 7.022 7.032 7.044 7.055 7.067 7.078 7.090 7.102 7.114 7.126 7.138 7.149 7.161 7.173 7.184 7.196 7.208 7.220 7.232 7.244 7.256 7.267 7.277 7.285 7.290 7.295 7.302 7.308 7.314 7.323 7.336 7.355 7.383 7.422 7.470 7.521 7.555 7.591 7.647 7.701
6.801 6.805 6.809 6.813 6.817 6.821 6.825 6.829 6.833 6.837 6.841 6.845 6.849 6.853 6.858 6.863 6.868 6.873 6.878 6.884 6.889 6.895 6.901 6.907 6.914 6.921 6.928 6.935 6.943 6.951 6.960 6.969 6.978 6.987 6.997 7.007 7.018 7.028 7.040 7.051 7.063 7.074 7.086 7.098 7.110 7.122 7.134 7.147 7.159 7.171 7.182 7.194 7.206 7.218 7.230 7.243 7.255 7.267 7.278 7.288 7.296 7.302 7.307 7.315 7.323 7.331 7.342 7.358 7.381 7.413 7.454 7.502 7.553 7.588 7.625 7.682 7.737
6.807 6.811 6.815 6.818 6.822 6.826 6.830 6.834 6.838 6.842 6.846 6.850 6.855 6.859 6.864 6.868 6.874 6.879 6.884 6.889 6.895 6.900 6.906 6.913 6.919 6.926 6.933 6.941 6.949 6.957 6.966 6.975 6.984 6.993 7.003 7.014 7.024 7.035 7.046 7.058 7.070 7.082 7.093 7.106 7.118 7.130 7.142 7.155 7.167 7.179 7.191 7.203 7.215 7.228 7.240 7.252 7.264 7.276 7.287 7.297 7.305 7.312 7.319 7.329 7.339 7.349 7.363 7.382 7.408 7.441 7.483 7.532 7.584 7.619 7.657 7.714 7.770
6.812 6.816 6.820 6.824 6.828 6.832 6.835 6.839 6.843 6.848 6.852 6.856 6.860 6.865 6.869 6.874 6.879 6.884 6.889 6.895 6.900 6.906 6.912 6.918 6.925 6.932 6.939 6.946 6.954 6.963 6.971 6.980 6.989 6.999 7.009 7.020 7.030 7.041 7.053 7.064 7.076 7.088 7.100 7.113 7.125 7.137 7.150 7.162 7.175 7.187 7.200 7.212 7.224 7.236 7.248 7.260 7.272 7.284 7.295 7.305 7.314 7.322 7.331 7.343 7.355 7.367 7.384 7.407 7.433 7.467 7.509 7.559 7.613 7.649 7.687 7.745 7.802
