version2/TsunamiDB/out54039.asc
ncols          264
nrows          230
xllcorner      497853.4375
yllcorner      4229146.0000
cellsize         5.
NODATA_value   -99
[rows 96 to 127 of 230, columns 72 to 143 of 264]
-99.000 -99.000 -99.000 -99.000 -99.000 -99.000 -99.000 -99.000 -99.000 -99.000 -99.000 -99.000 -99.000 -99.000 -99.000 -99.000 -99.000 -99.000 -99.000 -99.000 -99.000 -99.000 -99.000 -99.000 -99.000 -99.000 -99.000 -99.000 -99.000 -99.000 -99.000 -99.000 -99.000 -99.000 -99.000 1.646 1.653 1.710 1.864 2.106 2.402 2.715 3.015 3.279 3.499 3.678 3.821 3.937 4.034 4.116 4.188 4.253 4.313 4.368 4.418 4.465 4.511 4.554 4.595 4.635 4.673 4.709 4.744 4.778 4.810 4.840 4.870 4.898 4.926 4.953 4.979 5.005
-99.000 -99.000 -99.000 -99.000 -99.000 -99.000 -99.000 -99.000 -99.000 -99.000 -99.000 -99.000 -99.000 -99.000 -99.000 -99.000 -99.000 -99.000 -99.000 -99.000 -99.000 -99.000 -99.000 -99.000 -99.000 -99.000 -99.000 -99.000 -99.000 -99.000 -99.000 -99.000 -99.000 -99.000 -99.000 1.647 1.670 1.772 1.971 2.243 2.552 2.862 3.147 3.391 3.591 3.752 3.881 3.988 4.077 4.155 4.224 4.287 4.345 4.399 4.449 4.496 4.541 4.584 4.626 4.666 4.704 4.741 4.776 4.809 4.841 4.872 4.901 4.929 4.956 4.982 5.007 5.032
-99.000 -99.000 -99.000 -99.000 -99.000 -99.000 -99.000 -99.000 -99.000 -99.000 -99.000 -99.000 -99.000 -99.000 -99.000 -99.000 -99.000 -99.000 -99.000 -99.000 -99.000 -99.000 -99.000 -99.000 -99.000 -99.000 -99.000 -99.000 -99.000 -99.000 -99.000 -99.000 -99.000 -99.000 1.646 1.652 1.706 1.856 2.094 2.389 2.702 3.003 3.270 3.493 3.673 3.818 3.936 4.034 4.118 4.191 4.258 4.319 4.376 4.429 4.478 4.525 4.571 4.614 4.656 4.696 4.735 4.772 4.807 4.841 4.873 4.903 4.932 4.960 4.986 5.012 5.037 5.062
-99.000 -99.000 -99.000 -99.000 -99.000 -99.000 -99.000 -99.000 -99.000 -99.000 -99.000 -99.000 -99.000 -99.000 -99.000 -99.000 -99.000 -99.000 -99.000 -99.000 -99.000 -99.000 -99.000 -99.000 -99.000 -99.000 -99.000 -99.000 -99.000 -99.000 -99.000 -99.000 -99.000 -99.000 1.647 1.668 1.765 1.960 2.230 2.538 2.850 3.136 3.382 3.584 3.747 3.878 3.986 4.077 4.156 4.226 4.290 4.350 4.405 4.458 4.507 4.554 4.599 4.643 4.685 4.726 4.765 4.802 4.838 4.872 4.904 4.934 4.963 4.991 5.018 5.043 5.068 5.092
-99.000 -99.000 -99.000 -99.000 -99.000 -99.000 -99.000 -99.000 -99.000 -99.000 -99.000 -99.000 -99.000 -99.000 -99.000 -99.000 -99.000 -99.000 -99.000 -99.000 -99.000 -99.000 -99.000 -99.000 -99.000 -99.000 -99.000 -99.000 -99.000 -99.000 -99.000 -99.000 -99.000 1.646 1.651 1.701 1.846 2.081 2.374 2.688 2.991 3.259 3.484 3.667 3.813 3.932 4.031 4.116 4.191 4.258 4.321 4.379 4.433 4.485 4.534 4.581 4.627 4.671 4.714 4.755 4.794 4.832 4.868 4.902 4.934 4.965 4.994 5.022 5.049 5.074 5.099 5.122
-99.000 -99.000 -99.000 -99.000 -99.000 -99.000 -99.000 -99.000 -99.000 -99.000 -99.000 -99.000 -99.000 -99.000 -99.000 -99.000 -99.000 -99.000 -99.000 -99.000 -99.000 -99.000 -99.000 -99.000 -99.000 -99.000 -99.000 -99.000 -99.000 -99.000 -99.000 -99.000 -99.000 1.647 1.665 1.757 1.948 2.215 2.523 2.835 3.123 3.371 3.576 3.740 3.873 3.981 4.073 4.153 4.224 4.289 4.350 4.407 4.461 4.512 4.560 4.608 4.654 4.698 4.741 4.783 4.822 4.860 4.896 4.931 4.964 4.995 5.025 5.053 5.080 5.106 5.130 5.153
-99.000 -99.000 -99.000 -99.000 -99.000 -99.000 -99.000 -99.000 -99.000 -99.000 -99.000 -99.000 -99.000 -99.000 -99.000 -99.000 -99.000 -99.000 -99.000 -99.000 -99.000 -99.000 -99.000 -99.000 -99.000 -99.000 -99.000 -99.000 -99.000 -99.000 -99.000 -99.000 1.646 1.650 1.696 1.835 2.066 2.357 2.671 2.975 3.245 3.473 3.657 3.806 3.926 4.026 4.111 4.187 4.255 4.318 4.378 4.433 4.487 4.538 4.586 4.634 4.680 4.725 4.768 4.809 4.849 4.888 4.924 4.959 4.992 5.024 5.054 5.083 5.111 5.137 5.161 5.185
-99.000 -99.000 -99.000 -99.000 -99.000 -99.000 -99.000 -99.000 -99.000 -99.000 -99.000 -99.000 -99.000 -99.000 -99.000 -99.000 -99.000 -99.000 -99.000 -99.000 -99.000 -99.000 -99.000 -99.000 -99.000 -99.000 -99.000 -99.000 -99.000 -99.000 -99.000 -99.000 1.647 1.663 1.748 1.933 2.197 2.503 2.816 3.106 3.357 3.564 3.730 3.864 3.974 4.067 4.147 4.219 4.285 4.346 4.404 4.459 4.512 4.562 4.610 4.658 4.705 4.750 4.793 4.835 4.875 4.914 4.951 4.986 5.020 5.053 5.083 5.113 5.141 5.167 5.192 5.216
-99.000 -99.000 -99.000 -99.000 -99.000 -99.000 -99.000 -99.000 -99.000 -99.000 -99.000 -99.000 -99.000 -99.000 -99.000 -99.000 -99.000 -99.000 -99.000 -99.000 -99.000 -99.000 -99.000 -99.000 -99.000 -99.000 -99.000 -99.000 -99.000 -99.000 -99.000 1.646 1.650 1.690 1.822 2.048 2.336 2.649 2.954 3.228 3.458 3.645 3.795 3.917 4.018 4.104 4.180 4.249 4.313 4.372 4.429 4.483 4.536 4.586 4.634 4.682 4.729 4.774 4.818 4.860 4.900 4.939 4.976 5.012 5.047 5.080 5.111 5.141 5.170 5.197 5.222 5.246
-99.000 -99.000 -99.000 -99.000 -99.000 -99.000 -99.000 -99.000 -99.000 -99.000 -99.000 -99.000 -99.000 -99.000 -99.000 -99.000 -99.000 -99.000 -99.000 -99.000 -99.000 -99.000 -99.000 -99.000 -99.000 -99.000 -99.000 -99.000 -99.000 -99.000 -99.000 1.646 1.660 1.738 1.916 2.174 2.479 2.792 3.085 3.338 3.548 3.717 3.853 3.964 4.058 4.139 4.211 4.277 4.339 4.397 4.453 4.507 4.559 4.609 4.657 4.706 4.752 4.797 4.841 4.883 4.924 4.963 5.001 5.037 5.072 5.106 5.138 5.169 5.198 5.226 5.252 5.277
-99.000 -99.000 -99.000 -99.000 -99.000 -99.000 -99.000 -99.000 -99.000 -99.000 -99.000 -99.000 -99.000 -99.000 -99.000 -99.000 -99.000 -99.000 -99.000 -99.000 -99.000 -99.000 -99.000 -99.000 -99.000 -99.000 -99.000 -99.000 -99.000 -99.000 1.646 1.649 1.683 1.807 2.025 2.309 2.622 2.929 3.205 3.439 3.629 3.782 3.905 4.007 4.094 4.171 4.240 4.304 4.364 4.421 4.476 4.529 4.581 4.631 4.680 4.728 4.774 4.819 4.863 4.905 4.946 4.985 5.024 5.061 5.097 5.131 5.164 5.195 5.225 5.254 5.281 5.306
-99.000 -99.000 -99.000 -99.000 -99.000 -99.000 -99.000 -99.000 -99.000 -99.000 -99.000 -99.000 -99.000 -99.000 -99.000 -99.000 -99.000 -99.000 -99.000 -99.000 -99.000 -99.000 -99.000 -99.000 -99.000 -99.000 -99.000 -99.000 -99.000 -99.000 1.646 1.657 1.726 1.895 2.147 2.449 2.762 3.058 3.315 3.529 3.701 3.839 3.952 4.046 4.128 4.201 4.267 4.329 4.388 4.444 4.498 4.551 4.603 4.653 4.701 4.749 4.795 4.840 4.884 4.926 4.967 5.007 5.046 5.083 5.119 5.154 5.188 5.220 5.251 5.280 5.308 5.334
-99.000 -99.000 -99.000 -99.000 -99.000 -99.000 -99.000 -99.000 -99.000 -99.000 -99.000 -99.000 -99.000 -99.000 -99.000 -99.000 -99.000 -99.000 -99.000 -99.000 -99.000 -99.000 -99.000 -99.000 -99.000 -99.000 -99.000 -99.000 -99.000 -99.000 1.648 1.676 1.789 1.999 2.278 2.589 2.897 3.177 3.415 3.609 3.765 3.890 3.994 4.082 4.159 4.229 4.293 4.353 4.411 4.466 4.520 4.573 4.624 4.673 4.721 4.769 4.815 4.860 4.903 4.946 4.987 5.027 5.066 5.104 5.141 5.177 5.211 5.244 5.275 5.306 5.334 5.362
-99.000 -99.000 -99.000 -99.000 -99.000 -99.000 -99.000 -99.000 -99.000 -99.000 -99.000 -99.000 -99.000 -99.000 -99.000 -99.000 -99.000 -99.000 -99.000 -99.000 -99.000 -99.000 -99.000 -99.000 -99.000 -99.000 -99.000 -99.000 -99.000 1.647 1.654 1.714 1.871 2.116 2.413 2.727 3.025 3.287 3.505 3.680 3.822 3.937 4.032 4.115 4.188 4.255 4.317 4.376 4.433 4.487 4.541 4.593 4.644 4.693 4.741 4.788 4.834 4.878 4.922 4.964 5.006 5.046 5.086 5.124 5.161 5.197 5.232 5.266 5.298 5.330 5.359 5.388
-99.000 -99.000 -99.000 -99.000 -99.000 -99.000 -99.000 -99.000 -99.000 -99.000 -99.000 -99.000 -99.000 -99.000 -99.000 -99.000 -99.000 -99.000 -99.000 -99.000 -99.000 -99.000 -99.000 -99.000 -99.000 -99.000 -99.000 -99.000 -99.000 1.648 1.670 1.770 1.969 2.241 2.550 2.860 3.144 3.386 3.585 3.744 3.873 3.978 4.067 4.145 4.215 4.280 4.340 4.398 4.454 4.508 4.561 4.613 4.664 4.712 4.759 4.806 4.851 4.896 4.939 4.982 5.024 5.064 5.104 5.143 5.180 5.217 5.252 5.287 5.320 5.352 5.383 5.412
-99.000 -99.000 -99.000 -99.000 -99.000 -99.000 -99.000 -99.000 -99.000 -99.000 -99.000 -99.000 -99.000 -99.000 -99.000 -99.000 -99.000 -99.000 -99.000 -99.000 -99.000 -99.000 -99.000 -99.000 -99.000 -99.000 -99.000 -99.000 1.647 1.652 1.701 1.845 2.080 2.372 2.685 2.986 3.253 3.476 3.657 3.801 3.919 4.016 4.100 4.174 4.241 4.303 4.363 4.419 4.474 4.528 4.581 4.632 4.683 4.730 4.777 4.823 4.868 4.913 4.956 4.999 5.040 5.081 5.121 5.160 5.198 5.235 5.271 5.306 5.340 5.373 5.404 5.435
-99.000 -99.000 -99.000 -99.000 -99.000 -99.000 -99.000 -99.000 -99.000 -99.000 -99.000 -99.000 -99.000 -99.000 -99.000 -99.000 -99.000 -99.000 -99.000 -99.000 -99.000 -99.000 -99.000 -99.000 -99.000 -99.000 -99.000 -99.000 1.648 1.664 1.750 1.936 2.200 2.505 2.817 3.105 3.353 3.557 3.721 3.852 3.960 4.051 4.130 4.200 4.265 4.326 4.384 4.440 4.494 4.548 4.600 4.651 4.700 4.748 4.794 4.839 4.884 4.928 4.972 5.014 5.056 5.096 5.136 5.176 5.214 5.251 5.288 5.324 5.358 5.392 5.424 5.456
-99.000 -99.000 -99.000 -99.000 -99.000 -99.000 -99.000 -99.000 -99.000 -99.000 -99.000 -99.000 -99.000 -99.000 -99.000 -99.000 -99.000 -99.000 -99.000 -99.000 -99.000 -99.000 -99.000 -99.000 -99.000 -99.000 -99.000 1.647 1.650 1.689 1.817 2.040 2.326 2.638 2.942 3.214 3.444 3.629 3.778 3.899 3.998 4.083 4.158 4.226 4.288 4.348 4.405 4.460 4.514 4.566 4.618 4.668 4.717 4.764 4.809 4.855 4.900 4.943 4.986 5.029 5.070 5.111 5.151 5.190 5.229 5.267 5.304 5.340 5.375 5.409 5.443 5.475
-99.000 -99.000 -99.000 -99.000 -99.000 -99.000 -99.000 -99.000 -99.000 -99.000 -99.000 -99.000 -99.000 -99.000 -99.000 -99.000 -99.000 -99.000 -99.000 -99.000 -99.000 -99.000 -99.000 -99.000 -99.000 -99.000 -99.000 1.647 1.659 1.731 1.901 2.154 2.456 2.768 3.061 3.315 3.526 3.695 3.830 3.941 4.033 4.113 4.184 4.250 4.311 4.369 4.425 4.479 4.532 4.585 4.636 4.685 4.734 4.780 4.825 4.870 4.914 4.958 5.000 5.042 5.084 5.124 5.165 5.204 5.243 5.281 5.318 5.355 5.390 5.425 5.459 5.492
-99.000 -99.000 -99.000 -99.000 -99.000 -99.000 -99.000 -99.000 -99.000 -99.000 -99.000 -99.000 -99.000 -99.000 -99.000 -99.000 -99.000 -99.000 -99.000 -99.000 -99.000 -99.000 -99.000 -99.000 -99.000 -99.000 1.647 1.649 1.677 1.790 1.998 2.275 2.586 2.893 3.171 3.407 3.600 3.754 3.878 3.980 4.066 4.142 4.210 4.273 4.332 4.389 4.444 4.498 4.550 4.602 4.652 4.701 4.749 4.794 4.839 4.884 4.928 4.971 5.013 5.055 5.096 5.137 5.177 5.216 5.255 5.293 5.331 5.368 5.404 5.440 5.474 5.508
-99.000 -99.000 -99.000 -99.000 -99.000 -99.000 -99.000 -99.000 -99.000 -99.000 -99.000 -99.000 -99.000 -99.000 -99.000 -99.000 -99.000 -99.000 -99.000 -99.000 -99.000 -99.000 -99.000 -99.000 -99.000 -99.000 1.647 1.654 1.711 1.865 2.105 2.401 2.714 3.012 3.273 3.491 3.667 3.808 3.921 4.016 4.097 4.169 4.235 4.295 4.353 4.409 4.463 4.516 4.568 4.619 4.668 4.716 4.764 4.809 4.853 4.897 4.941 4.984 5.026 5.067 5.108 5.149 5.189 5.228 5.267 5.305 5.343 5.380 5.416 5.452 5.488 5.522
-99.000 -99.000 -99.000 -99.000 -99.000 -99.000 -99.000 -99.000 -99.000 -99.000 -99.000 -99.000 -99.000 -99.000 -99.000 -99.000 -99.000 -99.000 -99.000 -99.000 -99.000 -99.000 -99.000 -99.000 -99.000 -99.000 1.648 1.668 1.762 1.955 2.222 2.528 2.838 3.123 3.368 3.568 3.728 3.857 3.962 4.050 4.127 4.196 4.259 4.318 4.374 4.428 4.482 4.534 4.585 4.635 4.683 4.731 4.778 4.822 4.866 4.910 4.953 4.996 5.038 5.079 5.120 5.160 5.199 5.239 5.277 5.316 5.353 5.391 5.427 5.464 5.499 5.535
-99.000 -99.000 -99.000 -99.000 -99.000 -99.000 -99.000 -99.000 -99.000 -99.000 -99.000 -99.000 -99.000 -99.000 -99.000 -99.000 -99.000 -99.000 -99.000 -99.000 -99.000 -99.000 -99.000 -99.000 -99.000 1.647 1.651 1.694 1.829 2.056 2.343 2.656 2.958 3.228 3.454 3.638 3.784 3.902 4.000 4.083 4.156 4.222 4.282 4.340 4.395 4.448 4.500 4.551 4.601 4.650 4.698 4.745 4.791 4.835 4.879 4.922 4.965 5.007 5.049 5.090 5.130 5.170 5.210 5.249 5.287 5.325 5.363 5.400 5.437 5.474 5.510 5.546
-99.000 -99.000 -99.000 -99.000 -99.000 -99.000 -99.000 -99.000 -99.000 -99.000 -99.000 -99.000 -99.000 -99.000 -99.000 -99.000 -99.000 -99.000 -99.000 -99.000 -99.000 -99.000 -99.000 -99.000 -99.000 1.647 1.660 1.736 1.911 2.167 2.468 2.780 3.072 3.325 3.534 3.702 3.836 3.945 4.036 4.114 4.184 4.247 4.306 4.362 4.415 4.467 4.518 4.568 4.618 4.666 4.713 4.759 4.804 4.847 4.891 4.934 4.976 5.018 5.059 5.100 5.140 5.180 5.219 5.258 5.296 5.334 5.372 5.409 5.446 5.483 5.519 5.555
-99.000 -99.000 -99.000 -99.000 -99.000 -99.000 -99.000 -99.000 -99.000 -99.000 -99.000 -99.000 -99.000 -99.000 -99.000 -99.000 -99.000 -99.000 -99.000 -99.000 -99.000 -99.000 -99.000 -99.000 1.647 1.649 1.679 1.795 2.006 2.284 2.594 2.901 3.179 3.415 3.607 3.761 3.884 3.985 4.071 4.145 4.211 4.273 4.330 4.384 4.436 4.487 4.537 4.586 4.634 4.681 4.727 4.773 4.816 4.859 4.902 4.945 4.987 5.028 5.069 5.109 5.149 5.189 5.228 5.266 5.305 5.343 5.380 5.417 5.454 5.491 5.528 5.564
-99.000 -99.000 -99.000 -99.000 -99.000 -99.000 -99.000 -99.000 -99.000 -99.000 -99.000 -99.000 -99.000 -99.000 -99.000 -99.000 -99.000 -99.000 -99.000 -99.000 -99.000 -99.000 -99.000 -99.000 1.647 1.655 1.713 1.869 2.111 2.408 2.720 3.018 3.280 3.499 3.675 3.816 3.929 4.024 4.104 4.175 4.239 4.298 4.353 4.406 4.457 4.507 4.556 4.604 4.650 4.696 4.741 4.786 4.829 4.871 4.913 4.955 4.996 5.037 5.078 5.118 5.158 5.197 5.236 5.274 5.312 5.350 5.388 5.425 5.462 5.499 5.535 5.571
-99.000 -99.000 -99.000 -99.000 -99.000 -99.000 -99.000 -99.000 -99.000 -99.000 -99.000 -99.000 -99.000 -99.000 -99.000 -99.000 -99.000 -99.000 -99.000 -99.000 -99.000 -99.000 -99.000 -99.000 1.648 1.668 1.763 1.957 2.226 2.532 2.843 3.129 3.374 3.576 3.737 3.867 3.972 4.061 4.137 4.205 4.266 4.324 4.378 4.429 4.479 4.528 4.575 4.622 4.667 4.712 4.756 4.799 4.841 4.882 4.924 4.965 5.006 5.046 5.086 5.126 5.165 5.204 5.243 5.281 5.319 5.357 5.394 5.431 5.468 5.505 5.542 5.578
-99.000 -99.000 -99.000 -99.000 -99.000 -99.000 -99.000 -99.000 -99.000 -99.000 -99.000 -99.000 -99.000 -99.000 -99.000 -99.000 -99.000 -99.000 -99.000 -99.000 -99.000 -99.000 -99.000 1.647 1.651 1.694 1.830 2.058 2.346 2.658 2.962 3.233 3.462 3.647 3.795 3.914 4.013 4.096 4.169 4.234 4.294 4.349 4.402 4.453 4.501 4.549 4.595 4.641 4.685 4.729 4.771 4.813 4.854 4.894 4.935 4.975 5.015 5.055 5.094 5.134 5.173 5.211 5.250 5.288 5.326 5.363 5.400 5.437 5.474 5.511 5.547 5.584
-99.000 -99.000 -99.000 -99.000 -99.000 -99.000 -99.000 -99.000 -99.000 -99.000 -99.000 -99.000 -99.000 -99.000 -99.000 -99.000 -99.000 -99.000 -99.000 -99.000 -99.000 -99.000 -99.000 1.647 1.660 1.737 1.912 2.168 2.471 2.783 3.076 3.332 3.543 3.713 3.849 3.960 4.052 4.130 4.200 4.263 4.321 4.375 4.427 4.476 4.524 4.571 4.616 4.660 4.704 4.746 4.787 4.828 4.867 4.906 4.946 4.985 5.024 5.063 5.102 5.141 5.179 5.218 5.256 5.294 5.331 5.369 5.406 5.443 5.479 5.516 5.552 5.589
-99.000 -99.000 -99.000 -99.000 -99.000 -99.000 -99.000 -99.000 -99.000 -99.000 -99.000 -99.000 -99.000 -99.000 -99.000 -99.000 -99.000 -99.000 -99.000 -99.000 -99.000 -99.000 1.647 1.649 1.680 1.795 2.007 2.287 2.598 2.906 3.185 3.424 3.618 3.774 3.899 4.002 4.089 4.164 4.231 4.292 4.348 4.401 4.452 4.501 4.547 4.593 4.638 4.681 4.723 4.764 4.804 4.843 4.881 4.919 4.957 4.995 5.033 5.071 5.109 5.147 5.185 5.223 5.261 5.299 5.336 5.373 5.410 5.447 5.484 5.520 5.557 5.593
-99.000 -99.000 -99.000 -99.000 -99.000 -99.000 -99.000 -99.000 -99.000 -99.000 -99.000 -99.000 -99.000 -99.000 -99.000 -99.000 -99.000 -99.000 -99.000 -99.000 -99.000 -99.000 1.647 1.655 1.714 1.871 2.114 2.411 2.725 3.024 3.288 3.509 3.687 3.831 3.946 4.042 4.124 4.196 4.261 4.320 4.376 4.428 4.477 4.525 4.571 4.616 4.660 4.702 4.744 4.783 4.822 4.860 4.897 4.933 4.970 5.007 5.043 5.080 5.117 5.154 5.191 5.228 5.266 5.303 5.340 5.377 5.414 5.451 5.487 5.524 5.560 5.597
-99.000 -99.000 -99.000 -99.000 -99.000 -99.000 -99.000 -99.000 -99.000 -99.000 -99.000 -99.000 -99.000 -99.000 -99.000 -99.000 -99.000 -99.000 -99.000 -99.000 -99.000 -99.000 1.648 1.669 1.766 1.961 2.231 2.539 2.851 3.137 3.384 3.588 3.751 3.883 3.990 4.081 4.159 4.228 4.290 4.348 4.402 4.454 4.503 4.550 4.596 4.640 4.683 4.725 4.765 4.804 4.842 4.878 4.913 4.948 4.984 5.019 5.054 5.089 5.125 5.161 5.197 5.233 5.270 5.307 5.343 5.380 5.417 5.453 5.490 5.526 5.563 5.599
