version2/TsunamiDB/out54016.asc
ncols          264
nrows          230
xllcorner      497853.4375
yllcorner      4229146.0000
cellsize         5.
NODATA_value   -99
[rows 186 to 216 of 230, columns 140 to 209 of 264]
4.725 4.779 4.833 4.886 4.938 4.992 5.046 5.102 5.159 5.217 5.275 5.334 5.392 5.450 5.506 5.560 5.612 5.661 5.706 5.747 5.784 5.817 5.848 5.875 5.898 5.920 5.950 5.990 6.027 6.078 6.156 6.245 6.347 6.455 6.564 6.673 6.750 6.780 6.870 6.998 7.073 7.119 7.147 7.166 7.173 7.163 7.135 7.073 7.071 7.146 7.209 7.254 7.279 7.287 7.278 7.254 7.204 7.103 7.023 7.006 6.995 6.986 6.972 6.949 6.910 6.842 6.748 6.632 6.539 6.493
4.753 4.805 4.856 4.907 4.956 5.007 5.059 5.112 5.166 5.221 5.278 5.335 5.392 5.448 5.505 5.560 5.613 5.665 5.715 5.762 5.805 5.844 5.880 5.911 5.940 5.969 6.003 6.040 6.071 6.113 6.180 6.264 6.360 6.469 6.582 6.682 6.748 6.779 6.870 6.996 7.072 7.118 7.145 7.163 7.171 7.163 7.138 7.078 7.076 7.153 7.221 7.270 7.299 7.313 7.311 7.289 7.238 7.134 7.049 7.023 7.004 6.987 6.965 6.933 6.883 6.806 6.712 6.597 6.505 6.462
4.783 4.834 4.883 4.931 4.978 5.026 5.074 5.124 5.175 5.227 5.280 5.335 5.390 5.445 5.501 5.558 5.613 5.669 5.724 5.777 5.827 5.873 5.915 5.954 5.991 6.029 6.067 6.104 6.133 6.168 6.225 6.298 6.387 6.492 6.598 6.687 6.750 6.782 6.873 6.998 7.076 7.122 7.147 7.164 7.172 7.167 7.147 7.088 7.086 7.168 7.240 7.293 7.326 7.346 7.346 7.323 7.271 7.163 7.070 7.035 7.008 6.982 6.949 6.907 6.847 6.768 6.676 6.564 6.475 6.438
4.816 4.865 4.913 4.959 5.003 5.049 5.094 5.139 5.185 5.233 5.283 5.334 5.387 5.441 5.497 5.555 5.614 5.673 5.734 5.794 5.852 5.905 5.955 6.001 6.047 6.092 6.136 6.176 6.206 6.238 6.284 6.344 6.422 6.515 6.611 6.696 6.759 6.792 6.882 7.010 7.087 7.130 7.154 7.169 7.177 7.177 7.161 7.103 7.105 7.191 7.266 7.321 7.358 7.379 7.379 7.355 7.299 7.186 7.087 7.042 7.005 6.969 6.926 6.873 6.807 6.730 6.641 6.533 6.452 6.423
4.851 4.899 4.946 4.991 5.034 5.076 5.117 5.158 5.199 5.241 5.286 5.333 5.384 5.437 5.493 5.552 5.614 5.679 5.745 5.812 5.877 5.938 5.996 6.051 6.105 6.157 6.207 6.254 6.287 6.317 6.353 6.400 6.461 6.540 6.628 6.711 6.776 6.810 6.899 7.025 7.101 7.144 7.164 7.178 7.187 7.191 7.180 7.127 7.130 7.218 7.294 7.352 7.391 7.412 7.411 7.383 7.322 7.204 7.097 7.042 6.994 6.947 6.894 6.835 6.767 6.692 6.610 6.509 6.436 6.414
4.887 4.936 4.983 5.027 5.068 5.108 5.145 5.180 5.215 5.251 5.290 5.333 5.380 5.432 5.489 5.550 5.616 5.685 5.756 5.829 5.901 5.971 6.038 6.100 6.160 6.219 6.276 6.328 6.367 6.397 6.428 6.461 6.505 6.571 6.652 6.735 6.803 6.834 6.919 7.045 7.123 7.162 7.178 7.191 7.200 7.209 7.206 7.155 7.159 7.249 7.327 7.384 7.422 7.443 7.439 7.407 7.340 7.216 7.099 7.033 6.974 6.917 6.857 6.795 6.727 6.657 6.583 6.492 6.427 6.413
4.926 4.975 5.022 5.065 5.105 5.143 5.176 5.206 5.234 5.263 5.295 5.333 5.377 5.427 5.483 5.547 5.616 5.691 5.767 5.845 5.924 6.002 6.075 6.145 6.212 6.277 6.338 6.395 6.440 6.476 6.505 6.527 6.559 6.613 6.687 6.773 6.840 6.866 6.946 7.075 7.150 7.181 7.195 7.206 7.216 7.232 7.235 7.185 7.191 7.283 7.359 7.415 7.451 7.468 7.461 7.425 7.350 7.218 7.093 7.015 6.945 6.881 6.817 6.752 6.689 6.627 6.562 6.479 6.423 6.416
4.966 5.016 5.063 5.106 5.146 5.181 5.210 5.235 5.257 5.278 5.303 5.334 5.373 5.422 5.479 5.544 5.617 5.696 5.777 5.860 5.946 6.029 6.110 6.187 6.259 6.327 6.391 6.454 6.508 6.552 6.583 6.603 6.628 6.672 6.740 6.822 6.888 6.907 6.980 7.104 7.172 7.200 7.211 7.221 7.236 7.257 7.266 7.219 7.224 7.314 7.387 7.439 7.472 7.486 7.475 7.432 7.349 7.209 7.073 6.984 6.907 6.838 6.772 6.711 6.654 6.600 6.544 6.471 6.423 6.421
5.009 5.058 5.106 5.149 5.188 5.221 5.247 5.267 5.283 5.297 5.314 5.339 5.374 5.420 5.477 5.543 5.619 5.702 5.787 5.873 5.963 6.052 6.138 6.222 6.299 6.371 6.440 6.509 6.572 6.627 6.668 6.692 6.714 6.751 6.806 6.879 6.942 6.951 7.014 7.130 7.194 7.221 7.231 7.242 7.258 7.282 7.296 7.251 7.254 7.340 7.409 7.457 7.486 7.497 7.481 7.431 7.340 7.191 7.045 6.948 6.865 6.794 6.729 6.673 6.624 6.578 6.532 6.466 6.425 6.429
5.053 5.103 5.151 5.194 5.232 5.264 5.288 5.304 5.314 5.322 5.332 5.349 5.379 5.422 5.478 5.545 5.622 5.708 5.796 5.885 5.980 6.073 6.167 6.257 6.340 6.417 6.490 6.565 6.637 6.707 6.760 6.790 6.813 6.843 6.886 6.953 7.014 7.004 7.051 7.159 7.219 7.243 7.253 7.266 7.281 7.310 7.333 7.287 7.285 7.366 7.430 7.473 7.498 7.505 7.483 7.426 7.323 7.164 7.011 6.908 6.822 6.751 6.690 6.642 6.601 6.564 6.525 6.467 6.432 6.441
5.099 5.149 5.197 5.239 5.277 5.308 5.331 5.345 5.351 5.354 5.358 5.370 5.394 5.433 5.486 5.551 5.630 5.720 5.809 5.903 6.002 6.100 6.200 6.295 6.383 6.465 6.544 6.624 6.707 6.792 6.856 6.897 6.928 6.954 6.989 7.061 7.100 7.058 7.089 7.188 7.242 7.264 7.277 7.290 7.308 7.350 7.374 7.320 7.312 7.387 7.444 7.482 7.503 7.504 7.476 7.406 7.292 7.128 6.970 6.864 6.779 6.711 6.657 6.615 6.582 6.553 6.521 6.470 6.440 6.453
5.146 5.195 5.243 5.286 5.324 5.355 5.377 5.390 5.395 5.394 5.395 5.402 5.422 5.456 5.505 5.570 5.650 5.740 5.831 5.927 6.029 6.132 6.235 6.335 6.431 6.521 6.609 6.692 6.784 6.886 6.965 7.020 7.060 7.093 7.133 7.174 7.167 7.108 7.125 7.212 7.262 7.287 7.302 7.322 7.351 7.391 7.403 7.345 7.333 7.399 7.450 7.483 7.498 7.491 7.453 7.373 7.254 7.086 6.925 6.819 6.738 6.676 6.628 6.593 6.567 6.544 6.520 6.474 6.449 6.465
5.192 5.242 5.290 5.333 5.371 5.403 5.427 5.440 5.445 5.444 5.443 5.448 5.464 5.494 5.540 5.601 5.678 5.768 5.859 5.957 6.063 6.168 6.274 6.381 6.487 6.589 6.683 6.768 6.869 6.989 7.084 7.152 7.203 7.244 7.268 7.269 7.231 7.155 7.158 7.232 7.282 7.310 7.332 7.360 7.391 7.421 7.424 7.361 7.343 7.401 7.446 7.474 7.482 7.467 7.419 7.333 7.211 7.039 6.879 6.777 6.702 6.645 6.604 6.575 6.554 6.538 6.520 6.480 6.458 6.478
5.238 5.288 5.336 5.380 5.419 5.453 5.478 5.493 5.500 5.502 5.502 5.507 5.522 5.548 5.588 5.643 5.716 5.803 5.894 5.993 6.101 6.210 6.321 6.435 6.553 6.664 6.764 6.851 6.962 7.098 7.205 7.285 7.345 7.380 7.384 7.356 7.293 7.202 7.189 7.254 7.302 7.334 7.363 7.393 7.421 7.441 7.434 7.368 7.345 7.394 7.432 7.453 7.454 7.431 7.375 7.287 7.162 6.990 6.835 6.740 6.670 6.620 6.583 6.559 6.544 6.534 6.521 6.486 6.469 6.494
5.282 5.331 5.380 5.425 5.466 5.502 5.530 5.549 5.559 5.564 5.569 5.576 5.591 5.614 5.648 5.698 5.765 5.848 5.937 6.036 6.146 6.259 6.375 6.498 6.625 6.745 6.852 6.940 7.058 7.206 7.322 7.411 7.470 7.497 7.487 7.436 7.355 7.251 7.224 7.277 7.322 7.360 7.391 7.418 7.441 7.451 7.436 7.367 7.337 7.376 7.407 7.423 7.416 7.386 7.327 7.235 7.111 6.943 6.794 6.706 6.642 6.598 6.566 6.546 6.536 6.531 6.524 6.494 6.481 6.511
5.322 5.372 5.421 5.468 5.511 5.549 5.580 5.603 5.619 5.630 5.640 5.652 5.669 5.691 5.721 5.764 5.825 5.903 5.988 6.085 6.197 6.314 6.435 6.564 6.699 6.829 6.943 7.029 7.150 7.308 7.432 7.523 7.578 7.598 7.577 7.513 7.418 7.301 7.258 7.300 7.344 7.382 7.411 7.435 7.450 7.451 7.429 7.355 7.318 7.349 7.373 7.381 7.370 7.336 7.273 7.182 7.060 6.897 6.756 6.675 6.618 6.578 6.550 6.535 6.528 6.529 6.529 6.503 6.495 6.528
5.359 5.409 5.459 5.507 5.551 5.593 5.628 5.656 5.678 5.695 5.712 5.730 5.751 5.774 5.802 5.840 5.894 5.967 6.047 6.141 6.254 6.373 6.498 6.633 6.776 6.915 7.032 7.115 7.238 7.404 7.529 7.618 7.671 7.686 7.659 7.586 7.478 7.349 7.292 7.324 7.363 7.397 7.423 7.441 7.449 7.443 7.413 7.334 7.291 7.313 7.329 7.332 7.317 7.279 7.217 7.128 7.010 6.854 6.721 6.647 6.595 6.560 6.536 6.524 6.522 6.529 6.535 6.514 6.509 6.547
5.391 5.442 5.492 5.540 5.587 5.631 5.671 5.705 5.733 5.759 5.783 5.808 5.834 5.860 5.888 5.924 5.974 6.041 6.115 6.205 6.317 6.438 6.566 6.707 6.857 6.999 7.118 7.196 7.319 7.486 7.608 7.695 7.744 7.757 7.726 7.645 7.528 7.389 7.320 7.339 7.371 7.402 7.422 7.434 7.436 7.422 7.384 7.301 7.251 7.264 7.274 7.274 7.256 7.218 7.159 7.072 6.958 6.811 6.685 6.617 6.571 6.541 6.521 6.512 6.517 6.529 6.541 6.525 6.524 6.564
5.419 5.469 5.519 5.568 5.617 5.664 5.708 5.749 5.785 5.818 5.851 5.882 5.914 5.946 5.978 6.014 6.061 6.123 6.192 6.275 6.384 6.504 6.634 6.777 6.927 7.070 7.191 7.265 7.382 7.546 7.668 7.754 7.801 7.813 7.780 7.696 7.573 7.426 7.345 7.353 7.378 7.403 7.416 7.421 7.417 7.394 7.349 7.260 7.204 7.210 7.216 7.213 7.193 7.157 7.101 7.019 6.910 6.769 6.651 6.589 6.549 6.524 6.508 6.505 6.513 6.530 6.548 6.537 6.539 6.580
5.441 5.490 5.540 5.590 5.640 5.690 5.739 5.787 5.831 5.873 5.914 5.952 5.991 6.029 6.066 6.104 6.151 6.212 6.275 6.352 6.454 6.572 6.702 6.845 6.995 7.143 7.268 7.331 7.440 7.604 7.725 7.809 7.857 7.868 7.835 7.748 7.618 7.463 7.370 7.367 7.383 7.400 7.406 7.405 7.391 7.360 7.308 7.213 7.152 7.154 7.156 7.151 7.132 7.100 7.048 6.970 6.865 6.730 6.620 6.565 6.530 6.510 6.500 6.501 6.513 6.535 6.561 6.553 6.556 6.598
5.458 5.507 5.556 5.605 5.657 5.710 5.764 5.819 5.871 5.922 5.971 6.016 6.061 6.105 6.148 6.190 6.242 6.305 6.365 6.436 6.532 6.646 6.776 6.919 7.069 7.227 7.344 7.388 7.490 7.654 7.774 7.858 7.905 7.914 7.880 7.787 7.651 7.491 7.389 7.375 7.381 7.390 7.389 7.378 7.357 7.318 7.258 7.160 7.096 7.094 7.094 7.089 7.072 7.043 6.995 6.919 6.817 6.691 6.590 6.540 6.511 6.497 6.494 6.500 6.517 6.548 6.578 6.570 6.574 6.615
5.472 5.519 5.566 5.615 5.668 5.724 5.783 5.844 5.905 5.964 6.020 6.073 6.125 6.174 6.224 6.277 6.338 6.404 6.465 6.534 6.625 6.734 6.861 7.006 7.162 7.305 7.400 7.434 7.532 7.693 7.813 7.897 7.942 7.949 7.909 7.813 7.678 7.513 7.400 7.375 7.372 7.373 7.363 7.344 7.314 7.267 7.202 7.102 7.036 7.032 7.031 7.028 7.013 6.985 6.939 6.866 6.772 6.654 6.560 6.517 6.496 6.489 6.492 6.505 6.531 6.566 6.594 6.587 6.592 6.630
5.484 5.528 5.574 5.622 5.676 5.734 5.797 5.864 5.932 5.999 6.064 6.125 6.183 6.240 6.301 6.366 6.436 6.508 6.574 6.644 6.731 6.833 6.955 7.097 7.242 7.364 7.445 7.472 7.564 7.724 7.845 7.927 7.970 7.973 7.927 7.832 7.698 7.526 7.402 7.368 7.356 7.347 7.329 7.302 7.263 7.210 7.142 7.041 6.974 6.969 6.970 6.967 6.954 6.927 6.881 6.814 6.729 6.619 6.532 6.498 6.486 6.486 6.496 6.517 6.548 6.583 6.610 6.603 6.606 6.642
5.497 5.538 5.580 5.627 5.681 5.741 5.808 5.880 5.954 6.030 6.103 6.173 6.240 6.307 6.379 6.454 6.533 6.614 6.687 6.764 6.847 6.939 7.052 7.180 7.306 7.412 7.484 7.504 7.591 7.750 7.869 7.949 7.988 7.986 7.938 7.843 7.707 7.528 7.396 7.352 7.330 7.313 7.286 7.250 7.206 7.150 7.079 6.979 6.914 6.909 6.911 6.908 6.895 6.868 6.825 6.764 6.687 6.586 6.509 6.486 6.481 6.489 6.506 6.533 6.566 6.600 6.624 6.617 6.620 6.652
5.513 5.549 5.588 5.633 5.686 5.747 5.817 5.894 5.974 6.057 6.140 6.219 6.297 6.376 6.457 6.542 6.630 6.720 6.803 6.884 6.965 7.050 7.144 7.249 7.359 7.454 7.522 7.536 7.615 7.769 7.886 7.963 7.998 7.992 7.943 7.845 7.706 7.521 7.379 7.326 7.295 7.269 7.235 7.194 7.147 7.088 7.016 6.919 6.856 6.851 6.852 6.850 6.836 6.810 6.771 6.717 6.650 6.559 6.492 6.479 6.483 6.498 6.521 6.551 6.584 6.616 6.638 6.630 6.631 6.658
5.532 5.562 5.597 5.640 5.692 5.753 5.825 5.906 5.992 6.082 6.174 6.265 6.354 6.442 6.533 6.627 6.723 6.818 6.909 6.997 7.079 7.152 7.225 7.311 7.406 7.496 7.560 7.566 7.635 7.786 7.900 7.972 8.001 7.993 7.940 7.839 7.695 7.501 7.351 7.289 7.249 7.216 7.179 7.135 7.085 7.026 6.957 6.861 6.799 6.795 6.795 6.792 6.778 6.755 6.720 6.674 6.619 6.539 6.482 6.478 6.490 6.510 6.536 6.568 6.601 6.630 6.651 6.641 6.639 6.662
5.553 5.578 5.609 5.648 5.698 5.760 5.834 5.918 6.009 6.104 6.206 6.309 6.407 6.505 6.605 6.705 6.804 6.903 7.001 7.099 7.180 7.242 7.301 7.371 7.454 7.540 7.602 7.598 7.657 7.804 7.911 7.975 7.999 7.986 7.929 7.823 7.670 7.468 7.310 7.239 7.193 7.158 7.118 7.073 7.024 6.968 6.899 6.806 6.746 6.740 6.739 6.736 6.723 6.702 6.673 6.638 6.593 6.524 6.477 6.483 6.500 6.525 6.553 6.584 6.616 6.644 6.661 6.650 6.644 6.662
5.576 5.596 5.622 5.658 5.706 5.767 5.843 5.931 6.024 6.126 6.237 6.347 6.456 6.564 6.670 6.772 6.873 6.972 7.076 7.181 7.263 7.324 7.374 7.432 7.507 7.590 7.650 7.635 7.682 7.819 7.914 7.970 7.987 7.969 7.906 7.792 7.628 7.418 7.252 7.175 7.127 7.092 7.053 7.010 6.965 6.909 6.842 6.751 6.691 6.684 6.682 6.680 6.669 6.652 6.632 6.606 6.573 6.514 6.477 6.489 6.511 6.538 6.567 6.598 6.628 6.653 6.667 6.654 6.645 6.657
5.600 5.615 5.637 5.670 5.717 5.778 5.854 5.944 6.040 6.144 6.260 6.377 6.494 6.610 6.720 6.824 6.926 7.026 7.134 7.247 7.337 7.402 7.450 7.503 7.568 7.643 7.701 7.675 7.706 7.828 7.912 7.957 7.965 7.941 7.871 7.748 7.573 7.354 7.183 7.104 7.058 7.025 6.989 6.950 6.908 6.855 6.789 6.699 6.639 6.631 6.631 6.629 6.621 6.610 6.598 6.581 6.559 6.510 6.481 6.498 6.523 6.551 6.579 6.610 6.639 6.660 6.671 6.655 6.642 6.649
5.624 5.636 5.654 5.684 5.729 5.789 5.864 5.956 6.053 6.158 6.278 6.401 6.526 6.649 6.764 6.872 6.975 7.072 7.184 7.307 7.407 7.478 7.531 7.580 7.635 7.708 7.770 7.726 7.733 7.838 7.908 7.941 7.940 7.907 7.829 7.694 7.504 7.277 7.106 7.031 6.991 6.961 6.930 6.898 6.858 6.807 6.741 6.651 6.592 6.584 6.585 6.585 6.581 6.578 6.573 6.566 6.555 6.514 6.490 6.512 6.538 6.566 6.594 6.623 6.649 6.667 6.675 6.655 6.638 6.639
5.649 5.659 5.674 5.703 5.746 5.803 5.880 5.973 6.069 6.176 6.298 6.425 6.557 6.686 6.806 6.917 7.019 7.114 7.230 7.365 7.474 7.555 7.617 7.667 7.719 7.807 7.856 7.780 7.762 7.846 7.899 7.918 7.906 7.862 7.773 7.619 7.414 7.189 7.025 6.958 6.924 6.901 6.877 6.848 6.811 6.760 6.694 6.606 6.549 6.542 6.544 6.548 6.551 6.553 6.556 6.561 6.558 6.522 6.503 6.526 6.552 6.580 6.607 6.633 6.657 6.671 6.673 6.650 6.629 6.625
