version2/TsunamiDB/out54147.asc
ncols          264
nrows          230
xllcorner      497853.4375
yllcorner      4229146.0000
cellsize         5.
NODATA_value   -99
[rows 68 to 101 of 230, columns 77 to 153 of 264]
6.161 6.167 6.174 6.181 6.188 6.194 6.200 6.205 6.211 6.217 6.222 6.228 6.234 6.240 6.246 6.252 6.258 6.264 6.271 6.277 6.284 6.290 6.297 6.304 6.311 6.318 6.325 6.332 6.339 6.345 6.351 6.357 6.363 6.369 6.375 6.381 6.386 6.392 6.398 6.403 6.409 6.414 6.419 6.424 6.430 6.435 6.440 6.445 6.450 6.456 6.461 6.466 6.470 6.474 6.478 6.482 6.487 6.490 6.494 6.498 6.502 6.506 6.510 6.513 6.517 6.520 6.524 6.528 6.531 6.535 6.538 6.542 6.546 6.550 6.553 6.557 6.560
6.167 6.174 6.180 6.188 6.194 6.200 6.206 6.211 6.217 6.222 6.228 6.234 6.239 6.245 6.251 6.257 6.263 6.269 6.275 6.282 6.288 6.294 6.301 6.308 6.314 6.321 6.329 6.336 6.342 6.348 6.354 6.360 6.366 6.372 6.378 6.384 6.390 6.395 6.401 6.406 6.412 6.417 6.423 6.428 6.433 6.438 6.443 6.448 6.453 6.459 6.464 6.469 6.473 6.477 6.482 6.486 6.490 6.494 6.498 6.501 6.505 6.509 6.513 6.516 6.520 6.524 6.527 6.531 6.534 6.538 6.541 6.545 6.549 6.553 6.556 6.560 6.563
6.173 6.180 6.187 6.194 6.200 6.206 6.212 6.217 6.222 6.228 6.234 6.239 6.245 6.250 6.256 6.262 6.268 6.274 6.280 6.286 6.292 6.299 6.305 6.312 6.318 6.325 6.333 6.340 6.346 6.352 6.358 6.364 6.370 6.376 6.381 6.387 6.393 6.399 6.404 6.410 6.415 6.421 6.426 6.431 6.436 6.441 6.446 6.452 6.457 6.462 6.468 6.472 6.476 6.481 6.485 6.489 6.493 6.497 6.501 6.505 6.508 6.512 6.516 6.520 6.523 6.527 6.530 6.534 6.537 6.541 6.545 6.548 6.552 6.556 6.559 6.563 6.566
6.180 6.186 6.193 6.200 6.206 6.212 6.218 6.223 6.228 6.234 6.239 6.245 6.250 6.256 6.262 6.267 6.273 6.279 6.285 6.291 6.297 6.303 6.309 6.316 6.322 6.329 6.336 6.343 6.349 6.355 6.361 6.367 6.373 6.379 6.385 6.391 6.396 6.402 6.408 6.413 6.419 6.424 6.429 6.435 6.440 6.445 6.450 6.455 6.460 6.466 6.471 6.475 6.480 6.484 6.488 6.492 6.496 6.500 6.504 6.508 6.512 6.515 6.519 6.523 6.526 6.530 6.534 6.537 6.541 6.544 6.548 6.552 6.556 6.559 6.563 6.566 6.569
6.187 6.193 6.200 6.207 6.213 6.218 6.224 6.229 6.234 6.240 6.245 6.251 6.256 6.262 6.267 6.273 6.278 6.284 6.290 6.296 6.302 6.308 6.314 6.320 6.327 6.333 6.340 6.347 6.353 6.359 6.365 6.371 6.377 6.382 6.388 6.394 6.400 6.405 6.411 6.417 6.422 6.428 6.433 6.438 6.443 6.448 6.454 6.459 6.464 6.469 6.475 6.479 6.483 6.487 6.492 6.496 6.500 6.503 6.507 6.511 6.515 6.519 6.522 6.526 6.530 6.533 6.537 6.540 6.544 6.548 6.551 6.555 6.559 6.563 6.566 6.569 6.572
6.194 6.200 6.206 6.213 6.219 6.225 6.230 6.235 6.241 6.246 6.251 6.257 6.262 6.267 6.273 6.278 6.284 6.289 6.295 6.301 6.307 6.313 6.319 6.325 6.331 6.338 6.344 6.351 6.357 6.363 6.368 6.374 6.380 6.386 6.392 6.397 6.403 6.409 6.414 6.420 6.426 6.431 6.436 6.442 6.447 6.452 6.457 6.462 6.468 6.473 6.478 6.482 6.487 6.491 6.495 6.499 6.503 6.507 6.511 6.514 6.518 6.522 6.526 6.529 6.533 6.537 6.540 6.544 6.547 6.551 6.555 6.558 6.562 6.566 6.569 6.572 6.575
6.201 6.207 6.214 6.220 6.226 6.231 6.237 6.242 6.247 6.252 6.258 6.263 6.268 6.273 6.279 6.284 6.290 6.295 6.301 6.306 6.312 6.318 6.323 6.329 6.336 6.342 6.349 6.355 6.361 6.367 6.372 6.378 6.384 6.389 6.395 6.401 6.407 6.412 6.418 6.424 6.429 6.435 6.440 6.445 6.450 6.456 6.461 6.466 6.471 6.477 6.482 6.486 6.490 6.495 6.499 6.503 6.506 6.510 6.514 6.518 6.522 6.525 6.529 6.533 6.536 6.540 6.544 6.547 6.551 6.554 6.558 6.562 6.566 6.569 6.572 6.575 6.578
6.209 6.215 6.221 6.227 6.233 6.238 6.244 6.249 6.254 6.259 6.264 6.269 6.274 6.280 6.285 6.290 6.295 6.301 6.306 6.312 6.317 6.323 6.328 6.334 6.340 6.347 6.353 6.359 6.365 6.371 6.376 6.382 6.387 6.393 6.399 6.404 6.410 6.416 6.421 6.427 6.433 6.438 6.443 6.449 6.454 6.459 6.464 6.470 6.475 6.480 6.485 6.490 6.494 6.498 6.502 6.506 6.510 6.514 6.518 6.521 6.525 6.529 6.532 6.536 6.540 6.543 6.547 6.551 6.554 6.558 6.561 6.565 6.569 6.573 6.576 6.579 6.582
6.218 6.223 6.229 6.235 6.241 6.246 6.251 6.256 6.261 6.266 6.271 6.276 6.281 6.286 6.291 6.296 6.301 6.307 6.312 6.317 6.323 6.328 6.334 6.339 6.345 6.351 6.358 6.364 6.369 6.375 6.380 6.386 6.391 6.397 6.402 6.408 6.414 6.419 6.425 6.431 6.436 6.442 6.447 6.452 6.458 6.463 6.468 6.473 6.479 6.484 6.489 6.493 6.498 6.502 6.506 6.510 6.514 6.517 6.521 6.525 6.529 6.532 6.536 6.540 6.543 6.547 6.550 6.554 6.557 6.561 6.565 6.568 6.572 6.576 6.579 6.582 6.585
6.227 6.232 6.238 6.244 6.249 6.254 6.259 6.263 6.268 6.273 6.278 6.283 6.288 6.293 6.298 6.303 6.308 6.313 6.318 6.323 6.328 6.334 6.339 6.345 6.350 6.356 6.362 6.368 6.374 6.379 6.384 6.390 6.395 6.401 6.406 6.412 6.417 6.423 6.429 6.434 6.440 6.445 6.451 6.456 6.461 6.467 6.472 6.477 6.482 6.488 6.493 6.497 6.501 6.505 6.509 6.513 6.517 6.521 6.525 6.528 6.532 6.536 6.539 6.543 6.547 6.550 6.554 6.557 6.561 6.564 6.568 6.572 6.576 6.579 6.583 6.586 6.589
6.237 6.242 6.248 6.253 6.258 6.263 6.267 6.272 6.276 6.281 6.285 6.290 6.295 6.300 6.305 6.309 6.314 6.319 6.324 6.329 6.334 6.340 6.345 6.350 6.356 6.361 6.367 6.373 6.378 6.384 6.389 6.394 6.399 6.405 6.410 6.416 6.421 6.427 6.432 6.438 6.443 6.449 6.454 6.460 6.465 6.470 6.475 6.481 6.486 6.491 6.496 6.501 6.505 6.509 6.513 6.517 6.521 6.525 6.528 6.532 6.536 6.539 6.543 6.546 6.550 6.554 6.557 6.561 6.564 6.568 6.572 6.575 6.579 6.583 6.586 6.589 6.592
6.249 6.253 6.258 6.263 6.268 6.272 6.276 6.280 6.285 6.289 6.293 6.298 6.303 6.307 6.312 6.317 6.321 6.326 6.331 6.336 6.341 6.346 6.351 6.356 6.361 6.367 6.373 6.378 6.383 6.388 6.393 6.398 6.404 6.409 6.414 6.420 6.425 6.431 6.436 6.442 6.447 6.453 6.458 6.463 6.469 6.474 6.479 6.484 6.490 6.495 6.500 6.504 6.509 6.513 6.517 6.521 6.524 6.528 6.532 6.535 6.539 6.543 6.546 6.550 6.554 6.557 6.561 6.564 6.568 6.571 6.575 6.579 6.583 6.586 6.589 6.592 6.595
6.261 6.265 6.270 6.274 6.279 6.282 6.286 6.290 6.294 6.298 6.302 6.306 6.311 6.315 6.320 6.324 6.329 6.334 6.338 6.343 6.348 6.352 6.357 6.362 6.367 6.373 6.378 6.384 6.388 6.393 6.398 6.403 6.408 6.413 6.418 6.424 6.429 6.434 6.440 6.445 6.451 6.456 6.462 6.467 6.472 6.478 6.483 6.488 6.493 6.499 6.504 6.508 6.512 6.516 6.520 6.524 6.528 6.532 6.535 6.539 6.543 6.546 6.550 6.553 6.557 6.561 6.564 6.568 6.571 6.575 6.578 6.582 6.586 6.590 6.593 6.596 6.599
6.275 6.279 6.283 6.287 6.291 6.294 6.297 6.301 6.304 6.308 6.312 6.316 6.320 6.324 6.328 6.333 6.337 6.341 6.346 6.350 6.355 6.359 6.364 6.369 6.374 6.379 6.384 6.389 6.394 6.399 6.403 6.408 6.413 6.418 6.423 6.428 6.433 6.439 6.444 6.449 6.455 6.460 6.465 6.471 6.476 6.481 6.487 6.492 6.497 6.503 6.508 6.512 6.516 6.520 6.524 6.528 6.532 6.535 6.539 6.543 6.546 6.550 6.553 6.557 6.561 6.564 6.568 6.571 6.575 6.578 6.582 6.586 6.590 6.593 6.596 6.599 6.602
6.290 6.293 6.297 6.300 6.304 6.307 6.309 6.312 6.316 6.319 6.322 6.326 6.330 6.334 6.337 6.342 6.346 6.350 6.354 6.358 6.363 6.367 6.371 6.376 6.381 6.386 6.391 6.396 6.400 6.404 6.409 6.413 6.418 6.423 6.428 6.433 6.438 6.443 6.448 6.453 6.459 6.464 6.469 6.475 6.480 6.485 6.490 6.496 6.501 6.506 6.511 6.516 6.520 6.524 6.528 6.532 6.535 6.539 6.543 6.546 6.550 6.553 6.557 6.561 6.564 6.568 6.571 6.575 6.578 6.582 6.585 6.589 6.593 6.597 6.600 6.603 6.606
6.307 6.309 6.312 6.315 6.318 6.320 6.323 6.325 6.328 6.331 6.334 6.337 6.340 6.344 6.348 6.351 6.355 6.359 6.363 6.367 6.371 6.375 6.379 6.384 6.388 6.393 6.398 6.402 6.407 6.411 6.415 6.419 6.424 6.428 6.433 6.438 6.443 6.448 6.453 6.458 6.463 6.468 6.473 6.479 6.484 6.489 6.494 6.499 6.505 6.510 6.515 6.520 6.524 6.528 6.532 6.535 6.539 6.543 6.546 6.550 6.554 6.557 6.561 6.564 6.568 6.571 6.575 6.578 6.582 6.585 6.589 6.593 6.597 6.600 6.603 6.606 6.609
6.324 6.326 6.329 6.332 6.334 6.336 6.337 6.339 6.342 6.344 6.347 6.349 6.352 6.355 6.359 6.362 6.366 6.369 6.373 6.376 6.380 6.384 6.388 6.392 6.396 6.401 6.406 6.410 6.414 6.417 6.421 6.425 6.430 6.434 6.438 6.443 6.448 6.453 6.457 6.462 6.468 6.473 6.478 6.483 6.488 6.493 6.498 6.503 6.509 6.514 6.519 6.523 6.528 6.532 6.535 6.539 6.543 6.547 6.550 6.554 6.557 6.561 6.564 6.568 6.571 6.575 6.578 6.582 6.585 6.589 6.592 6.596 6.600 6.604 6.607 6.610 6.613
6.342 6.344 6.346 6.349 6.351 6.352 6.353 6.355 6.357 6.358 6.361 6.363 6.365 6.368 6.371 6.374 6.377 6.380 6.383 6.387 6.390 6.394 6.397 6.401 6.405 6.409 6.414 6.418 6.421 6.425 6.429 6.432 6.436 6.440 6.444 6.449 6.453 6.458 6.463 6.468 6.472 6.477 6.482 6.487 6.492 6.497 6.503 6.508 6.513 6.519 6.523 6.527 6.531 6.535 6.539 6.543 6.547 6.550 6.554 6.557 6.561 6.564 6.568 6.571 6.575 6.578 6.582 6.585 6.589 6.592 6.596 6.600 6.604 6.607 6.610 6.613 6.616
6.360 6.362 6.365 6.367 6.368 6.369 6.370 6.371 6.373 6.374 6.376 6.378 6.380 6.382 6.384 6.387 6.389 6.392 6.395 6.398 6.401 6.404 6.408 6.411 6.415 6.419 6.423 6.427 6.430 6.433 6.436 6.440 6.444 6.447 6.451 6.455 6.460 6.464 6.468 6.473 6.478 6.483 6.487 6.492 6.497 6.502 6.507 6.512 6.518 6.523 6.527 6.532 6.536 6.540 6.543 6.547 6.551 6.554 6.558 6.561 6.565 6.568 6.572 6.575 6.578 6.582 6.585 6.589 6.592 6.596 6.599 6.604 6.607 6.611 6.614 6.617 6.620
6.379 6.381 6.383 6.386 6.386 6.387 6.388 6.389 6.390 6.391 6.392 6.394 6.395 6.397 6.399 6.401 6.403 6.406 6.408 6.411 6.413 6.416 6.419 6.422 6.426 6.430 6.433 6.436 6.439 6.442 6.445 6.448 6.452 6.455 6.459 6.463 6.466 6.471 6.475 6.479 6.484 6.488 6.493 6.498 6.502 6.507 6.512 6.517 6.523 6.528 6.532 6.536 6.540 6.544 6.548 6.551 6.555 6.558 6.562 6.565 6.569 6.572 6.575 6.579 6.582 6.586 6.589 6.592 6.596 6.599 6.603 6.607 6.611 6.614 6.617 6.620 6.623
6.397 6.400 6.402 6.404 6.405 6.406 6.406 6.407 6.408 6.408 6.409 6.410 6.412 6.413 6.414 6.416 6.418 6.420 6.422 6.424 6.427 6.429 6.432 6.435 6.438 6.441 6.444 6.447 6.450 6.452 6.455 6.458 6.461 6.464 6.467 6.471 6.474 6.478 6.482 6.486 6.490 6.495 6.499 6.504 6.508 6.513 6.518 6.522 6.528 6.533 6.537 6.541 6.545 6.548 6.552 6.556 6.559 6.563 6.566 6.569 6.573 6.576 6.579 6.583 6.586 6.589 6.593 6.596 6.600 6.603 6.607 6.611 6.615 6.618 6.621 6.624 6.627
6.415 6.418 6.420 6.422 6.423 6.424 6.425 6.425 6.426 6.427 6.427 6.428 6.429 6.430 6.431 6.432 6.434 6.435 6.437 6.439 6.441 6.443 6.445 6.448 6.451 6.454 6.457 6.459 6.461 6.463 6.466 6.468 6.471 6.473 6.476 6.479 6.483 6.486 6.490 6.494 6.498 6.502 6.506 6.510 6.514 6.519 6.523 6.528 6.533 6.538 6.542 6.546 6.550 6.553 6.557 6.561 6.564 6.567 6.571 6.574 6.577 6.580 6.584 6.587 6.590 6.593 6.597 6.600 6.604 6.607 6.611 6.615 6.618 6.622 6.625 6.628 6.631
6.432 6.435 6.438 6.440 6.441 6.442 6.443 6.444 6.445 6.445 6.446 6.446 6.447 6.448 6.449 6.450 6.451 6.452 6.453 6.455 6.456 6.458 6.460 6.462 6.465 6.467 6.470 6.472 6.473 6.475 6.477 6.479 6.482 6.484 6.487 6.489 6.492 6.495 6.499 6.502 6.506 6.510 6.513 6.517 6.522 6.526 6.530 6.535 6.539 6.544 6.548 6.552 6.555 6.559 6.562 6.566 6.569 6.572 6.575 6.579 6.582 6.585 6.588 6.591 6.595 6.598 6.601 6.604 6.608 6.611 6.615 6.619 6.622 6.625 6.628 6.631 6.634
6.448 6.451 6.454 6.457 6.459 6.460 6.461 6.462 6.463 6.463 6.464 6.465 6.465 6.466 6.466 6.467 6.468 6.469 6.470 6.471 6.473 6.474 6.476 6.477 6.479 6.482 6.484 6.485 6.487 6.488 6.490 6.492 6.494 6.496 6.498 6.500 6.503 6.506 6.508 6.512 6.515 6.518 6.522 6.526 6.529 6.533 6.537 6.542 6.546 6.551 6.554 6.558 6.561 6.565 6.568 6.571 6.575 6.578 6.581 6.584 6.587 6.590 6.593 6.596 6.599 6.602 6.605 6.609 6.612 6.615 6.619 6.623 6.626 6.629 6.632 6.635 6.638
6.462 6.466 6.470 6.473 6.475 6.477 6.478 6.479 6.480 6.481 6.482 6.483 6.483 6.484 6.485 6.485 6.486 6.487 6.488 6.489 6.490 6.491 6.492 6.494 6.495 6.497 6.499 6.500 6.501 6.503 6.504 6.505 6.507 6.508 6.510 6.512 6.514 6.517 6.519 6.522 6.525 6.528 6.531 6.535 6.538 6.542 6.546 6.550 6.554 6.558 6.562 6.565 6.568 6.572 6.575 6.578 6.581 6.584 6.587 6.590 6.592 6.595 6.598 6.601 6.604 6.607 6.610 6.613 6.617 6.620 6.623 6.627 6.631 6.634 6.637 6.640 6.643
6.476 6.480 6.484 6.488 6.490 6.492 6.494 6.496 6.497 6.498 6.499 6.500 6.501 6.502 6.502 6.503 6.504 6.505 6.505 6.506 6.507 6.508 6.509 6.510 6.512 6.514 6.515 6.516 6.517 6.518 6.519 6.520 6.521 6.522 6.524 6.525 6.527 6.529 6.531 6.534 6.536 6.539 6.542 6.545 6.548 6.551 6.555 6.559 6.563 6.567 6.570 6.573 6.576 6.579 6.582 6.585 6.588 6.590 6.593 6.596 6.599 6.601 6.604 6.607 6.610 6.613 6.616 6.619 6.622 6.625 6.628 6.632 6.635 6.638 6.641 6.644 6.647
6.488 6.493 6.497 6.501 6.504 6.507 6.509 6.511 6.513 6.514 6.516 6.517 6.518 6.519 6.520 6.521 6.521 6.522 6.523 6.524 6.525 6.525 6.526 6.527 6.529 6.530 6.532 6.532 6.533 6.534 6.534 6.535 6.536 6.537 6.538 6.539 6.541 6.542 6.544 6.546 6.548 6.551 6.553 6.556 6.559 6.562 6.565 6.569 6.572 6.576 6.579 6.582 6.585 6.587 6.590 6.593 6.595 6.598 6.600 6.603 6.606 6.608 6.611 6.613 6.616 6.619 6.621 6.624 6.627 6.630 6.634 6.637 6.641 6.643 6.646 6.649 6.652
6.499 6.504 6.509 6.513 6.517 6.520 6.522 6.525 6.527 6.529 6.531 6.532 6.534 6.535 6.536 6.537 6.538 6.539 6.540 6.541 6.542 6.543 6.544 6.545 6.546 6.547 6.549 6.549 6.550 6.550 6.550 6.551 6.552 6.552 6.553 6.554 6.555 6.557 6.558 6.560 6.562 6.564 6.566 6.568 6.571 6.574 6.576 6.580 6.583 6.586 6.589 6.592 6.594 6.597 6.599 6.602 6.604 6.606 6.609 6.611 6.613 6.616 6.618 6.620 6.623 6.625 6.628 6.631 6.633 6.636 6.639 6.643 6.646 6.649 6.652 6.654 6.657
6.509 6.514 6.519 6.524 6.528 6.531 6.534 6.537 6.540 6.542 6.545 6.547 6.549 6.550 6.552 6.553 6.554 6.556 6.557 6.558 6.559 6.560 6.561 6.562 6.563 6.564 6.565 6.566 6.566 6.567 6.567 6.567 6.568 6.568 6.569 6.570 6.571 6.572 6.573 6.574 6.576 6.578 6.579 6.582 6.584 6.586 6.589 6.592 6.595 6.598 6.600 6.602 6.605 6.607 6.609 6.611 6.613 6.616 6.618 6.620 6.622 6.624 6.626 6.628 6.631 6.633 6.635 6.638 6.640 6.643 6.646 6.649 6.652 6.655 6.658 6.660 6.663
6.518 6.523 6.529 6.534 6.538 6.542 6.545 6.549 6.552 6.555 6.557 6.560 6.562 6.564 6.566 6.568 6.569 6.571 6.572 6.574 6.575 6.576 6.577 6.578 6.579 6.581 6.582 6.583 6.583 6.583 6.583 6.584 6.584 6.584 6.585 6.586 6.586 6.587 6.588 6.589 6.591 6.592 6.594 6.596 6.598 6.600 6.602 6.605 6.607 6.610 6.612 6.614 6.616 6.618 6.620 6.622 6.624 6.626 6.628 6.630 6.632 6.634 6.635 6.637 6.639 6.641 6.644 6.646 6.648 6.651 6.653 6.657 6.659 6.662 6.664 6.667 6.669
6.525 6.531 6.537 6.543 6.547 6.551 6.555 6.559 6.562 6.565 6.568 6.571 6.574 6.577 6.579 6.581 6.583 6.585 6.587 6.588 6.590 6.591 6.592 6.594 6.595 6.597 6.598 6.599 6.599 6.599 6.600 6.600 6.600 6.601 6.601 6.602 6.602 6.603 6.604 6.605 6.606 6.607 6.609 6.610 6.612 6.614 6.616 6.618 6.621 6.623 6.625 6.627 6.629 6.631 6.633 6.634 6.636 6.638 6.639 6.641 6.642 6.644 6.646 6.647 6.649 6.651 6.653 6.655 6.657 6.659 6.662 6.665 6.667 6.670 6.672 6.674 6.676
6.532 6.538 6.545 6.550 6.555 6.559 6.564 6.568 6.571 6.575 6.579 6.582 6.585 6.588 6.591 6.593 6.596 6.598 6.600 6.602 6.604 6.605 6.607 6.608 6.610 6.612 6.613 6.614 6.615 6.615 6.615 6.616 6.616 6.617 6.617 6.617 6.618 6.619 6.620 6.620 6.621 6.623 6.624 6.625 6.627 6.629 6.630 6.633 6.635 6.637 6.639 6.641 6.642 6.644 6.646 6.647 6.649 6.650 6.652 6.653 6.654 6.656 6.657 6.659 6.660 6.662 6.663 6.665 6.667 6.669 6.671 6.674 6.676 6.678 6.680 6.682 6.685
6.538 6.545 6.551 6.557 6.562 6.567 6.571 6.576 6.580 6.584 6.587 6.591 6.595 6.598 6.601 6.604 6.607 6.609 6.612 6.614 6.616 6.618 6.620 6.622 6.624 6.626 6.628 6.629 6.629 6.630 6.630 6.631 6.631 6.632 6.632 6.633 6.634 6.634 6.635 6.636 6.637 6.638 6.639 6.640 6.642 6.643 6.645 6.647 6.650 6.652 6.654 6.655 6.657 6.658 6.660 6.661 6.662 6.664 6.665 6.666 6.667 6.669 6.670 6.671 6.672 6.674 6.675 6.676 6.678 6.680 6.682 6.685 6.687 6.688 6.690 6.692 6.694
6.544 6.550 6.557 6.563 6.568 6.573 6.578 6.583 6.587 6.591 6.595 6.599 6.603 6.607 6.610 6.614 6.617 6.620 6.622 6.625 6.628 6.630 6.632 6.634 6.637 6.639 6.641 6.642 6.643 6.644 6.645 6.645 6.646 6.647 6.647 6.648 6.648 6.649 6.650 6.651 6.652 6.653 6.654 6.655 6.657 6.658 6.660 6.662 6.665 6.667 6.668 6.670 6.671 6.673 6.674 6.675 6.677 6.678 6.679 6.680 6.681 6.682 6.683 6.684 6.686 6.687 6.688 6.689 6.690 6.692 6.694 6.696 6.698 6.699 6.701 6.702 6.704
