version2/TsunamiDB/out54026.asc
ncols          264
nrows          230
xllcorner      497853.4375
yllcorner      4229146.0000
cellsize         5.
NODATA_value   -99
[rows 128 to 159 of 230, columns 142 to 212 of 264]
4.731 4.786 4.840 4.891 4.941 4.989 5.035 5.080 5.124 5.167 5.208 5.247 5.285 5.321 5.355 5.388 5.419 5.448 5.477 5.504 5.531 5.557 5.583 5.609 5.635 5.660 5.686 5.711 5.734 5.756 5.778 5.798 5.818 5.837 5.857 5.877 5.900 5.927 5.958 5.994 6.035 6.081 6.133 6.189 6.250 6.315 6.381 6.449 6.516 6.582 6.646 6.707 6.768 6.832 6.900 6.973 7.048 7.129 7.214 7.301 7.392 7.489 7.588 7.681 7.757 7.805 7.871 7.970 8.066 8.153 8.233
4.756 4.811 4.864 4.915 4.965 5.012 5.059 5.104 5.148 5.191 5.233 5.273 5.311 5.348 5.383 5.416 5.448 5.478 5.506 5.533 5.559 5.584 5.609 5.634 5.658 5.682 5.706 5.730 5.753 5.775 5.797 5.818 5.839 5.859 5.880 5.901 5.923 5.948 5.977 6.011 6.050 6.094 6.143 6.198 6.259 6.324 6.391 6.461 6.531 6.600 6.667 6.732 6.799 6.868 6.940 7.017 7.097 7.184 7.274 7.364 7.458 7.555 7.652 7.742 7.814 7.859 7.921 8.020 8.114 8.202 8.284
4.780 4.835 4.887 4.938 4.988 5.035 5.081 5.127 5.172 5.215 5.257 5.297 5.337 5.374 5.410 5.444 5.477 5.507 5.536 5.563 5.589 5.613 5.637 5.660 5.683 5.705 5.728 5.750 5.772 5.793 5.815 5.838 5.860 5.881 5.903 5.925 5.948 5.972 6.000 6.032 6.068 6.109 6.156 6.209 6.269 6.334 6.401 6.472 6.544 6.617 6.688 6.758 6.830 6.904 6.981 7.061 7.146 7.238 7.331 7.425 7.519 7.613 7.708 7.795 7.867 7.909 7.968 8.066 8.160 8.249 8.331
4.802 4.857 4.909 4.960 5.010 5.057 5.103 5.149 5.194 5.237 5.280 5.321 5.361 5.399 5.436 5.471 5.505 5.536 5.565 5.593 5.619 5.643 5.666 5.688 5.709 5.730 5.750 5.771 5.791 5.812 5.834 5.857 5.880 5.903 5.927 5.950 5.974 5.999 6.026 6.056 6.090 6.128 6.173 6.223 6.280 6.344 6.412 6.483 6.558 6.634 6.710 6.785 6.862 6.941 7.021 7.104 7.193 7.289 7.386 7.480 7.571 7.663 7.755 7.842 7.916 7.956 8.012 8.109 8.204 8.292 8.372
4.822 4.877 4.930 4.981 5.031 5.078 5.124 5.170 5.215 5.259 5.302 5.343 5.384 5.423 5.461 5.497 5.532 5.564 5.595 5.623 5.649 5.673 5.696 5.717 5.737 5.756 5.775 5.794 5.812 5.832 5.854 5.876 5.900 5.925 5.950 5.976 6.001 6.027 6.054 6.083 6.115 6.151 6.192 6.239 6.295 6.358 6.425 6.496 6.573 6.654 6.733 6.813 6.895 6.977 7.061 7.144 7.235 7.336 7.434 7.527 7.616 7.705 7.796 7.886 7.962 8.000 8.054 8.153 8.246 8.331 8.407
4.841 4.896 4.949 5.000 5.050 5.098 5.144 5.190 5.235 5.279 5.322 5.365 5.406 5.446 5.485 5.522 5.558 5.592 5.624 5.653 5.680 5.705 5.727 5.747 5.766 5.784 5.801 5.818 5.835 5.853 5.874 5.896 5.921 5.947 5.974 6.002 6.029 6.057 6.084 6.113 6.143 6.177 6.215 6.260 6.313 6.374 6.440 6.512 6.591 6.674 6.757 6.842 6.928 7.013 7.097 7.181 7.274 7.376 7.475 7.568 7.655 7.743 7.835 7.926 8.006 8.043 8.096 8.193 8.282 8.363 8.435
4.858 4.913 4.966 5.018 5.068 5.116 5.162 5.209 5.254 5.298 5.342 5.385 5.427 5.468 5.508 5.546 5.583 5.619 5.652 5.683 5.711 5.736 5.759 5.779 5.797 5.814 5.830 5.844 5.859 5.877 5.896 5.918 5.943 5.969 5.998 6.027 6.057 6.086 6.115 6.144 6.174 6.206 6.243 6.285 6.335 6.395 6.460 6.531 6.611 6.696 6.782 6.870 6.959 7.045 7.130 7.214 7.306 7.410 7.510 7.604 7.691 7.779 7.870 7.963 8.046 8.084 8.135 8.228 8.313 8.389 8.456
4.873 4.928 4.981 5.033 5.084 5.132 5.179 5.226 5.271 5.316 5.360 5.404 5.446 5.488 5.529 5.569 5.607 5.644 5.679 5.711 5.741 5.768 5.791 5.812 5.830 5.846 5.861 5.874 5.887 5.903 5.921 5.942 5.966 5.993 6.023 6.054 6.085 6.116 6.147 6.177 6.207 6.239 6.273 6.313 6.361 6.420 6.483 6.553 6.633 6.719 6.808 6.899 6.989 7.077 7.163 7.244 7.336 7.441 7.543 7.638 7.726 7.815 7.906 8.003 8.093 8.129 8.175 8.263 8.343 8.414 8.475
4.887 4.942 4.995 5.047 5.097 5.146 5.194 5.241 5.287 5.332 5.377 5.421 5.465 5.507 5.549 5.590 5.630 5.669 5.705 5.739 5.770 5.799 5.824 5.845 5.864 5.880 5.894 5.906 5.918 5.933 5.949 5.969 5.992 6.019 6.049 6.080 6.113 6.146 6.179 6.210 6.241 6.273 6.306 6.344 6.391 6.449 6.511 6.579 6.658 6.744 6.836 6.928 7.020 7.109 7.194 7.273 7.364 7.471 7.575 7.672 7.764 7.854 7.947 8.054 8.146 8.174 8.214 8.297 8.371 8.435 8.490
4.899 4.954 5.007 5.059 5.109 5.157 5.206 5.254 5.301 5.347 5.392 5.437 5.481 5.525 5.568 5.610 5.651 5.691 5.729 5.765 5.798 5.828 5.855 5.878 5.898 5.915 5.929 5.941 5.952 5.966 5.981 5.999 6.021 6.047 6.076 6.108 6.142 6.177 6.211 6.244 6.276 6.308 6.341 6.379 6.427 6.483 6.543 6.610 6.688 6.774 6.865 6.958 7.052 7.142 7.226 7.302 7.393 7.503 7.610 7.712 7.807 7.903 8.005 8.111 8.192 8.216 8.251 8.327 8.393 8.451 8.500
4.911 4.964 5.017 5.069 5.119 5.168 5.217 5.265 5.312 5.359 5.405 5.450 5.495 5.540 5.584 5.628 5.670 5.712 5.751 5.789 5.824 5.857 5.885 5.911 5.932 5.950 5.965 5.978 5.989 6.002 6.016 6.034 6.054 6.079 6.107 6.138 6.172 6.207 6.243 6.277 6.311 6.344 6.379 6.418 6.466 6.521 6.580 6.645 6.722 6.807 6.896 6.990 7.085 7.175 7.259 7.333 7.424 7.539 7.651 7.757 7.858 7.961 8.066 8.163 8.235 8.254 8.284 8.351 8.411 8.462 8.502
4.921 4.975 5.027 5.078 5.128 5.177 5.226 5.274 5.321 5.368 5.415 5.461 5.507 5.553 5.598 5.643 5.687 5.730 5.771 5.811 5.848 5.882 5.913 5.941 5.965 5.985 6.002 6.016 6.028 6.041 6.055 6.072 6.091 6.114 6.140 6.170 6.204 6.239 6.276 6.312 6.347 6.382 6.419 6.460 6.507 6.563 6.621 6.684 6.759 6.841 6.929 7.023 7.118 7.210 7.295 7.369 7.462 7.583 7.699 7.809 7.916 8.022 8.122 8.211 8.275 8.289 8.312 8.371 8.422 8.466 8.497
4.932 4.984 5.036 5.086 5.135 5.184 5.233 5.281 5.329 5.376 5.423 5.470 5.517 5.563 5.610 5.656 5.701 5.745 5.788 5.829 5.869 5.905 5.939 5.969 5.995 6.018 6.038 6.054 6.068 6.082 6.097 6.113 6.131 6.153 6.177 6.206 6.238 6.273 6.310 6.347 6.385 6.423 6.461 6.503 6.551 6.607 6.665 6.727 6.799 6.879 6.965 7.057 7.154 7.249 7.337 7.412 7.506 7.631 7.751 7.867 7.976 8.079 8.175 8.254 8.311 8.320 8.336 8.385 8.428 8.462 8.483
4.942 4.993 5.044 5.094 5.143 5.191 5.239 5.288 5.335 5.383 5.430 5.477 5.524 5.572 5.619 5.665 5.712 5.757 5.802 5.845 5.886 5.925 5.960 5.993 6.023 6.049 6.072 6.091 6.108 6.124 6.140 6.157 6.175 6.195 6.219 6.245 6.276 6.310 6.346 6.385 6.425 6.464 6.505 6.548 6.597 6.653 6.711 6.771 6.842 6.920 7.003 7.094 7.193 7.293 7.386 7.460 7.555 7.684 7.809 7.926 8.032 8.132 8.221 8.293 8.343 8.346 8.354 8.393 8.426 8.449 8.461
4.951 5.002 5.052 5.101 5.149 5.197 5.245 5.293 5.340 5.388 5.435 5.483 5.530 5.578 5.625 5.673 5.720 5.767 5.813 5.857 5.900 5.941 5.979 6.015 6.047 6.077 6.104 6.127 6.147 6.166 6.185 6.203 6.222 6.242 6.264 6.289 6.317 6.350 6.386 6.426 6.466 6.507 6.549 6.593 6.642 6.700 6.757 6.818 6.887 6.962 7.044 7.135 7.237 7.342 7.440 7.513 7.609 7.742 7.867 7.981 8.085 8.180 8.262 8.328 8.370 8.367 8.367 8.396 8.416 8.429 8.430
4.960 5.010 5.059 5.108 5.156 5.203 5.250 5.298 5.345 5.392 5.440 5.487 5.535 5.582 5.630 5.678 5.726 5.773 5.820 5.866 5.910 5.953 5.994 6.033 6.069 6.102 6.133 6.160 6.184 6.207 6.229 6.250 6.270 6.291 6.312 6.337 6.364 6.394 6.429 6.468 6.509 6.552 6.594 6.638 6.688 6.746 6.804 6.865 6.935 7.009 7.090 7.182 7.288 7.397 7.498 7.570 7.666 7.799 7.921 8.032 8.131 8.220 8.296 8.355 8.391 8.382 8.372 8.389 8.398 8.398 8.385
4.969 5.018 5.066 5.115 5.161 5.208 5.255 5.302 5.349 5.396 5.443 5.490 5.538 5.585 5.633 5.682 5.730 5.778 5.825 5.872 5.918 5.963 6.006 6.047 6.087 6.124 6.159 6.190 6.219 6.246 6.271 6.295 6.319 6.341 6.364 6.388 6.414 6.442 6.476 6.513 6.554 6.596 6.639 6.684 6.734 6.793 6.853 6.915 6.985 7.061 7.142 7.235 7.341 7.452 7.556 7.628 7.720 7.850 7.969 8.076 8.170 8.254 8.325 8.377 8.406 8.390 8.370 8.375 8.370 8.355 8.326
4.977 5.025 5.073 5.120 5.166 5.213 5.260 5.307 5.353 5.400 5.446 5.493 5.540 5.588 5.635 5.683 5.732 5.780 5.828 5.876 5.923 5.970 6.015 6.059 6.102 6.143 6.182 6.218 6.251 6.282 6.311 6.339 6.366 6.391 6.415 6.441 6.466 6.493 6.525 6.561 6.601 6.643 6.686 6.731 6.780 6.840 6.902 6.967 7.039 7.115 7.198 7.291 7.397 7.512 7.621 7.688 7.773 7.900 8.015 8.117 8.207 8.285 8.349 8.394 8.417 8.392 8.361 8.352 8.332 8.300 8.254
4.984 5.031 5.078 5.125 5.171 5.217 5.264 5.310 5.356 5.403 5.449 5.495 5.542 5.589 5.636 5.684 5.732 5.781 5.829 5.878 5.926 5.974 6.021 6.068 6.114 6.158 6.201 6.241 6.279 6.315 6.348 6.380 6.410 6.439 6.467 6.495 6.521 6.548 6.578 6.611 6.650 6.691 6.733 6.777 6.828 6.890 6.953 7.021 7.095 7.174 7.259 7.353 7.459 7.583 7.691 7.746 7.824 7.946 8.056 8.153 8.237 8.309 8.367 8.405 8.419 8.385 8.343 8.319 8.282 8.232 8.169
4.992 5.037 5.083 5.129 5.174 5.220 5.266 5.312 5.358 5.404 5.450 5.496 5.542 5.589 5.636 5.683 5.731 5.780 5.829 5.878 5.927 5.976 6.026 6.075 6.123 6.171 6.218 6.262 6.303 6.343 6.381 6.417 6.451 6.485 6.518 6.549 6.577 6.604 6.633 6.665 6.701 6.740 6.781 6.826 6.880 6.943 7.009 7.080 7.159 7.241 7.328 7.426 7.539 7.657 7.750 7.797 7.869 7.985 8.089 8.182 8.261 8.327 8.378 8.408 8.413 8.369 8.314 8.273 8.219 8.152 8.071
5.000 5.044 5.088 5.133 5.177 5.222 5.268 5.314 5.359 5.405 5.451 5.496 5.542 5.588 5.634 5.681 5.729 5.777 5.826 5.876 5.926 5.977 6.028 6.079 6.130 6.181 6.231 6.279 6.324 6.368 6.410 6.450 6.489 6.528 6.566 6.601 6.632 6.660 6.690 6.720 6.754 6.791 6.834 6.882 6.938 7.001 7.069 7.146 7.230 7.314 7.404 7.506 7.616 7.721 7.803 7.842 7.907 8.016 8.116 8.203 8.276 8.337 8.380 8.402 8.398 8.343 8.273 8.216 8.144 8.060 7.962
5.010 5.051 5.094 5.137 5.180 5.224 5.269 5.314 5.359 5.404 5.449 5.494 5.539 5.585 5.631 5.677 5.725 5.773 5.822 5.873 5.924 5.976 6.028 6.081 6.135 6.188 6.241 6.292 6.342 6.390 6.436 6.480 6.525 6.569 6.611 6.651 6.685 6.717 6.747 6.777 6.810 6.848 6.892 6.943 7.001 7.064 7.136 7.220 7.306 7.393 7.485 7.584 7.684 7.777 7.849 7.881 7.938 8.041 8.135 8.217 8.285 8.338 8.373 8.387 8.372 8.304 8.220 8.146 8.058 7.958 7.845
5.022 5.061 5.101 5.142 5.183 5.225 5.269 5.313 5.357 5.402 5.446 5.490 5.535 5.580 5.625 5.672 5.719 5.767 5.817 5.868 5.920 5.973 6.027 6.082 6.138 6.194 6.250 6.304 6.357 6.409 6.460 6.509 6.558 6.607 6.654 6.698 6.737 6.773 6.806 6.837 6.871 6.911 6.957 7.011 7.071 7.135 7.209 7.297 7.386 7.475 7.563 7.653 7.743 7.825 7.890 7.915 7.964 8.059 8.147 8.223 8.284 8.330 8.358 8.362 8.335 8.254 8.155 8.066 7.963 7.849 7.724
5.038 5.074 5.111 5.149 5.188 5.228 5.269 5.312 5.355 5.398 5.442 5.485 5.529 5.573 5.618 5.664 5.712 5.760 5.810 5.862 5.915 5.969 6.025 6.081 6.139 6.198 6.257 6.313 6.370 6.427 6.482 6.536 6.589 6.642 6.693 6.742 6.787 6.827 6.865 6.900 6.937 6.978 7.027 7.085 7.148 7.211 7.285 7.376 7.467 7.553 7.633 7.713 7.793 7.866 7.925 7.943 7.983 8.071 8.152 8.222 8.276 8.315 8.333 8.327 8.288 8.194 8.081 7.977 7.862 7.737 7.606
5.057 5.090 5.124 5.159 5.195 5.232 5.271 5.311 5.353 5.394 5.436 5.479 5.522 5.566 5.610 5.656 5.703 5.752 5.803 5.855 5.909 5.964 6.021 6.080 6.140 6.201 6.262 6.321 6.383 6.443 6.503 6.561 6.618 6.675 6.730 6.783 6.834 6.881 6.924 6.965 7.005 7.050 7.103 7.164 7.228 7.288 7.360 7.454 7.544 7.623 7.695 7.766 7.835 7.902 7.955 7.966 7.998 8.079 8.152 8.213 8.260 8.290 8.301 8.284 8.232 8.125 7.999 7.882 7.755 7.624 7.492
5.080 5.110 5.141 5.173 5.205 5.239 5.275 5.313 5.351 5.391 5.431 5.472 5.514 5.557 5.601 5.647 5.694 5.743 5.794 5.847 5.902 5.958 6.017 6.077 6.139 6.203 6.266 6.329 6.394 6.459 6.522 6.585 6.646 6.706 6.764 6.822 6.879 6.933 6.984 7.030 7.076 7.126 7.182 7.245 7.308 7.364 7.434 7.525 7.610 7.684 7.748 7.809 7.872 7.933 7.982 7.985 8.008 8.080 8.144 8.197 8.234 8.257 8.259 8.231 8.165 8.046 7.907 7.778 7.645 7.513 7.384
5.107 5.135 5.163 5.190 5.219 5.250 5.282 5.316 5.352 5.389 5.427 5.466 5.507 5.549 5.592 5.638 5.685 5.735 5.786 5.840 5.895 5.953 6.012 6.074 6.138 6.205 6.270 6.337 6.405 6.473 6.540 6.607 6.672 6.734 6.797 6.859 6.922 6.983 7.041 7.095 7.147 7.201 7.259 7.322 7.384 7.435 7.500 7.586 7.667 7.736 7.794 7.850 7.904 7.959 8.004 8.002 8.015 8.077 8.131 8.174 8.202 8.217 8.210 8.171 8.093 7.960 7.809 7.671 7.536 7.408 7.290
5.138 5.163 5.188 5.212 5.238 5.265 5.293 5.323 5.355 5.388 5.424 5.461 5.500 5.541 5.584 5.629 5.677 5.727 5.779 5.833 5.889 5.947 6.008 6.071 6.137 6.206 6.274 6.344 6.415 6.487 6.558 6.628 6.696 6.762 6.828 6.895 6.963 7.032 7.098 7.158 7.217 7.276 7.335 7.400 7.463 7.505 7.560 7.642 7.719 7.783 7.837 7.887 7.935 7.986 8.031 8.021 8.022 8.073 8.116 8.148 8.167 8.174 8.157 8.107 8.014 7.867 7.705 7.563 7.431 7.312 7.212
5.171 5.195 5.218 5.239 5.261 5.284 5.308 5.334 5.361 5.391 5.423 5.458 5.495 5.535 5.577 5.622 5.670 5.720 5.772 5.826 5.883 5.943 6.004 6.068 6.136 6.208 6.279 6.351 6.426 6.500 6.576 6.649 6.720 6.789 6.858 6.930 7.004 7.081 7.154 7.221 7.287 7.350 7.412 7.482 7.539 7.568 7.615 7.692 7.764 7.825 7.877 7.924 7.967 8.023 8.063 8.040 8.029 8.067 8.098 8.118 8.128 8.125 8.098 8.032 7.922 7.765 7.597 7.456 7.332 7.230 7.153
5.206 5.229 5.251 5.270 5.289 5.308 5.328 5.349 5.372 5.398 5.426 5.457 5.492 5.530 5.572 5.617 5.664 5.714 5.767 5.822 5.879 5.939 6.001 6.067 6.137 6.211 6.284 6.359 6.437 6.515 6.592 6.668 6.743 6.817 6.891 6.967 7.046 7.131 7.211 7.287 7.358 7.427 7.495 7.560 7.604 7.624 7.663 7.735 7.804 7.864 7.916 7.964 8.014 8.065 8.090 8.057 8.035 8.058 8.075 8.085 8.084 8.068 8.026 7.944 7.824 7.659 7.488 7.355 7.248 7.169 7.117
5.243 5.266 5.287 5.304 5.321 5.337 5.352 5.369 5.387 5.408 5.432 5.460 5.492 5.529 5.569 5.613 5.660 5.711 5.764 5.819 5.877 5.937 6.001 6.068 6.139 6.215 6.290 6.367 6.448 6.528 6.608 6.688 6.767 6.847 6.926 7.005 7.089 7.182 7.270 7.352 7.430 7.504 7.571 7.626 7.661 7.674 7.706 7.774 7.843 7.904 7.959 8.012 8.062 8.102 8.115 8.071 8.038 8.045 8.049 8.045 8.031 8.001 7.942 7.849 7.721 7.551 7.386 7.269 7.186 7.132 7.105
5.280 5.304 5.325 5.342 5.356 5.370 5.382 5.395 5.408 5.424 5.443 5.467 5.496 5.530 5.569 5.612 5.659 5.709 5.763 5.819 5.877 5.938 6.002 6.070 6.142 6.220 6.297 6.376 6.459 6.542 6.625 6.709 6.794 6.879 6.962 7.044 7.133 7.234 7.329 7.416 7.498 7.573 7.636 7.683 7.712 7.719 7.747 7.813 7.881 7.945 8.005 8.060 8.106 8.136 8.136 8.083 8.037 8.028 8.016 7.998 7.969 7.922 7.850 7.749 7.616 7.449 7.298 7.206 7.148 7.118 7.115
