version2/TsunamiDB/out54094.asc
ncols          264
nrows          230
xllcorner      497853.4375
yllcorner      4229146.0000
cellsize         5.
NODATA_value   -99
[rows 102 to 135 of 230, columns 0 to 76 of 264]
2.356 2.641 2.899 3.115 3.287 3.422 3.530 3.619 3.696 3.764 3.825 3.882 3.936 3.988 4.037 4.084 4.129 4.173 4.216 4.257 4.297 4.337 4.375 4.413 4.450 4.486 4.522 4.557 4.592 4.626 4.659 4.691 4.723 4.753 4.782 4.811 4.839 4.867 4.893 4.919 4.944 4.969 4.992 5.015 5.037 5.059 5.080 5.100 5.120 5.139 5.159 5.177 5.196 5.214 5.232 5.249 5.267 5.282 5.299 5.316 5.333 5.351 5.368 5.386 5.404 5.423 5.442 5.461 5.482 5.502 5.524 5.546 5.570 5.594 5.619 5.646 5.673
2.491 2.767 3.007 3.202 3.356 3.477 3.576 3.659 3.731 3.796 3.855 3.911 3.964 4.014 4.062 4.108 4.153 4.196 4.238 4.278 4.318 4.356 4.394 4.431 4.468 4.504 4.539 4.573 4.607 4.641 4.674 4.706 4.738 4.767 4.796 4.826 4.854 4.882 4.908 4.934 4.960 4.984 5.008 5.031 5.053 5.075 5.096 5.116 5.136 5.156 5.175 5.193 5.212 5.229 5.247 5.265 5.281 5.296 5.313 5.329 5.346 5.362 5.379 5.396 5.413 5.430 5.448 5.466 5.485 5.504 5.524 5.545 5.566 5.588 5.611 5.636 5.661
2.623 2.884 3.104 3.280 3.418 3.528 3.618 3.696 3.765 3.828 3.885 3.939 3.991 4.040 4.087 4.132 4.176 4.218 4.259 4.299 4.338 4.376 4.413 4.450 4.485 4.521 4.555 4.589 4.623 4.656 4.689 4.721 4.752 4.782 4.811 4.840 4.868 4.896 4.923 4.949 4.975 4.999 5.023 5.046 5.069 5.091 5.112 5.132 5.153 5.172 5.191 5.210 5.228 5.246 5.263 5.280 5.296 5.311 5.327 5.343 5.359 5.375 5.391 5.407 5.423 5.439 5.456 5.473 5.490 5.508 5.527 5.546 5.565 5.586 5.607 5.629 5.652
2.749 2.993 3.192 3.349 3.473 3.574 3.658 3.731 3.797 3.858 3.914 3.966 4.017 4.065 4.111 4.156 4.199 4.240 4.281 4.320 4.358 4.395 4.432 4.468 4.503 4.537 4.572 4.605 4.638 4.671 4.703 4.735 4.766 4.796 4.824 4.854 4.882 4.910 4.937 4.963 4.989 5.014 5.038 5.061 5.084 5.106 5.127 5.148 5.168 5.188 5.207 5.226 5.244 5.262 5.279 5.296 5.312 5.327 5.342 5.358 5.373 5.389 5.404 5.419 5.435 5.450 5.466 5.482 5.498 5.515 5.532 5.549 5.567 5.586 5.605 5.626 5.647
2.868 3.092 3.271 3.412 3.524 3.616 3.695 3.765 3.829 3.887 3.942 3.993 4.043 4.090 4.136 4.179 4.222 4.262 4.302 4.340 4.378 4.415 4.450 4.486 4.520 4.554 4.588 4.621 4.653 4.686 4.717 4.749 4.780 4.809 4.838 4.867 4.895 4.923 4.950 4.977 5.003 5.028 5.052 5.076 5.099 5.121 5.142 5.163 5.184 5.204 5.223 5.242 5.260 5.278 5.295 5.312 5.328 5.343 5.358 5.374 5.389 5.404 5.419 5.433 5.448 5.463 5.477 5.492 5.508 5.523 5.539 5.555 5.572 5.589 5.607 5.625 5.645
2.977 3.181 3.341 3.468 3.570 3.656 3.731 3.798 3.859 3.916 3.969 4.020 4.068 4.115 4.159 4.202 4.244 4.284 4.323 4.361 4.398 4.434 4.469 4.504 4.538 4.571 4.604 4.637 4.669 4.700 4.732 4.763 4.793 4.822 4.851 4.880 4.908 4.936 4.963 4.990 5.016 5.041 5.065 5.089 5.112 5.135 5.157 5.178 5.199 5.219 5.238 5.257 5.276 5.294 5.311 5.328 5.344 5.359 5.374 5.390 5.405 5.419 5.434 5.448 5.462 5.476 5.490 5.505 5.519 5.533 5.548 5.563 5.579 5.595 5.611 5.628 5.646
3.077 3.260 3.405 3.519 3.613 3.694 3.765 3.829 3.888 3.944 3.996 4.045 4.093 4.139 4.183 4.225 4.266 4.306 4.344 4.381 4.418 4.453 4.488 4.522 4.555 4.588 4.620 4.652 4.684 4.715 4.746 4.776 4.807 4.836 4.864 4.892 4.921 4.948 4.976 5.002 5.028 5.054 5.078 5.102 5.126 5.148 5.171 5.192 5.213 5.233 5.253 5.272 5.291 5.309 5.327 5.344 5.360 5.375 5.390 5.406 5.421 5.435 5.450 5.464 5.477 5.491 5.505 5.518 5.532 5.545 5.559 5.573 5.588 5.602 5.618 5.633 5.649
3.167 3.332 3.462 3.566 3.654 3.729 3.797 3.859 3.917 3.972 4.023 4.071 4.118 4.163 4.206 4.248 4.288 4.327 4.365 4.402 4.437 4.472 4.506 4.540 4.573 4.605 4.637 4.668 4.699 4.730 4.760 4.790 4.820 4.848 4.876 4.905 4.933 4.960 4.988 5.014 5.040 5.066 5.090 5.115 5.138 5.161 5.184 5.205 5.227 5.247 5.267 5.286 5.305 5.324 5.342 5.359 5.375 5.391 5.406 5.422 5.437 5.451 5.466 5.480 5.493 5.507 5.520 5.533 5.546 5.559 5.572 5.585 5.599 5.612 5.626 5.641 5.656
3.249 3.396 3.514 3.610 3.691 3.763 3.828 3.889 3.945 3.999 4.048 4.096 4.142 4.187 4.229 4.270 4.310 4.348 4.386 4.422 4.457 4.491 4.525 4.558 4.590 4.622 4.653 4.684 4.715 4.745 4.774 4.804 4.833 4.861 4.889 4.917 4.945 4.972 4.999 5.026 5.052 5.077 5.102 5.126 5.150 5.173 5.196 5.218 5.239 5.260 5.280 5.300 5.319 5.338 5.356 5.374 5.390 5.406 5.422 5.437 5.453 5.467 5.482 5.496 5.509 5.523 5.536 5.548 5.561 5.574 5.586 5.599 5.611 5.624 5.637 5.650 5.664
3.321 3.454 3.561 3.650 3.727 3.796 3.859 3.917 3.973 4.025 4.074 4.121 4.166 4.210 4.252 4.292 4.331 4.369 4.406 4.442 4.476 4.510 4.544 4.576 4.608 4.639 4.670 4.700 4.730 4.760 4.789 4.818 4.847 4.874 4.901 4.929 4.957 4.984 5.010 5.037 5.063 5.088 5.113 5.138 5.161 5.185 5.207 5.230 5.251 5.272 5.293 5.313 5.332 5.351 5.370 5.388 5.405 5.420 5.437 5.452 5.468 5.483 5.498 5.512 5.525 5.539 5.552 5.564 5.577 5.589 5.601 5.613 5.625 5.637 5.649 5.662 5.674
3.387 3.507 3.605 3.688 3.761 3.827 3.888 3.945 3.999 4.051 4.099 4.145 4.190 4.233 4.274 4.314 4.353 4.390 4.426 4.462 4.496 4.529 4.562 4.594 4.625 4.656 4.686 4.716 4.746 4.775 4.803 4.832 4.860 4.887 4.914 4.941 4.968 4.995 5.022 5.048 5.074 5.099 5.124 5.148 5.172 5.196 5.218 5.241 5.263 5.284 5.305 5.325 5.345 5.364 5.383 5.401 5.418 5.434 5.451 5.467 5.483 5.498 5.513 5.527 5.541 5.555 5.568 5.581 5.593 5.605 5.617 5.628 5.640 5.652 5.663 5.675 5.687
3.446 3.555 3.646 3.724 3.794 3.858 3.917 3.973 4.026 4.076 4.123 4.169 4.213 4.255 4.296 4.336 4.374 4.411 4.447 4.481 4.515 4.548 4.581 4.612 4.643 4.673 4.703 4.732 4.761 4.790 4.818 4.846 4.874 4.900 4.927 4.953 4.980 5.007 5.033 5.059 5.084 5.109 5.134 5.158 5.182 5.206 5.229 5.251 5.273 5.295 5.316 5.336 5.356 5.376 5.395 5.413 5.431 5.447 5.464 5.480 5.497 5.512 5.527 5.542 5.556 5.570 5.584 5.596 5.609 5.621 5.633 5.644 5.656 5.667 5.678 5.689 5.700
3.499 3.599 3.684 3.758 3.825 3.887 3.945 4.000 4.051 4.101 4.147 4.192 4.236 4.278 4.318 4.357 4.395 4.431 4.467 4.501 4.534 4.567 4.599 4.630 4.661 4.690 4.720 4.749 4.777 4.805 4.833 4.860 4.888 4.914 4.939 4.966 4.992 5.018 5.044 5.069 5.095 5.120 5.144 5.168 5.192 5.216 5.239 5.261 5.283 5.305 5.326 5.347 5.367 5.387 5.406 5.425 5.442 5.459 5.476 5.493 5.510 5.526 5.541 5.556 5.571 5.585 5.599 5.612 5.625 5.637 5.649 5.660 5.672 5.683 5.694 5.704 5.715
3.548 3.640 3.720 3.791 3.856 3.916 3.972 4.026 4.077 4.125 4.171 4.215 4.258 4.299 4.339 4.378 4.415 4.451 4.486 4.520 4.554 4.586 4.617 4.648 4.678 4.708 4.737 4.765 4.793 4.821 4.848 4.875 4.902 4.927 4.953 4.978 5.004 5.030 5.055 5.080 5.105 5.130 5.154 5.178 5.202 5.225 5.248 5.271 5.293 5.315 5.336 5.357 5.377 5.397 5.416 5.435 5.453 5.470 5.488 5.505 5.522 5.538 5.554 5.569 5.584 5.599 5.613 5.626 5.640 5.652 5.664 5.676 5.688 5.699 5.709 5.720 5.730
3.593 3.679 3.754 3.822 3.885 3.944 3.999 4.051 4.102 4.149 4.193 4.238 4.280 4.321 4.360 4.398 4.435 4.471 4.506 4.540 4.572 4.604 4.635 4.666 4.696 4.725 4.753 4.782 4.809 4.837 4.863 4.890 4.916 4.941 4.966 4.991 5.017 5.042 5.067 5.091 5.116 5.140 5.164 5.188 5.211 5.235 5.257 5.280 5.302 5.324 5.345 5.366 5.387 5.407 5.426 5.445 5.463 5.481 5.498 5.516 5.533 5.549 5.566 5.581 5.597 5.612 5.626 5.640 5.654 5.667 5.679 5.691 5.703 5.714 5.725 5.736 5.746
3.634 3.715 3.787 3.853 3.913 3.971 4.025 4.076 4.126 4.172 4.216 4.260 4.302 4.342 4.381 4.419 4.455 4.491 4.525 4.559 4.591 4.623 4.653 4.684 4.713 4.742 4.770 4.798 4.825 4.852 4.879 4.905 4.930 4.954 4.979 5.004 5.029 5.054 5.078 5.103 5.127 5.151 5.174 5.198 5.221 5.244 5.267 5.289 5.311 5.332 5.354 5.375 5.395 5.416 5.435 5.455 5.472 5.490 5.508 5.526 5.543 5.560 5.576 5.592 5.608 5.623 5.638 5.653 5.667 5.680 5.693 5.706 5.718 5.729 5.741 5.751 5.762
3.673 3.750 3.818 3.882 3.941 3.997 4.050 4.101 4.149 4.195 4.239 4.282 4.323 4.363 4.401 4.439 4.475 4.510 4.544 4.577 4.609 4.641 4.671 4.701 4.730 4.759 4.787 4.814 4.842 4.868 4.894 4.920 4.945 4.969 4.993 5.018 5.042 5.066 5.090 5.114 5.138 5.161 5.185 5.208 5.231 5.253 5.276 5.298 5.320 5.341 5.362 5.383 5.404 5.424 5.444 5.463 5.481 5.499 5.517 5.535 5.552 5.569 5.586 5.603 5.619 5.634 5.650 5.664 5.679 5.693 5.706 5.719 5.732 5.744 5.755 5.766 5.777
3.710 3.783 3.849 3.910 3.968 4.023 4.075 4.125 4.172 4.217 4.261 4.303 4.344 4.383 4.421 4.458 4.494 4.529 4.563 4.596 4.628 4.659 4.689 4.719 4.747 4.776 4.804 4.831 4.857 4.884 4.910 4.935 4.959 4.983 5.007 5.031 5.055 5.079 5.103 5.126 5.149 5.172 5.195 5.218 5.240 5.263 5.285 5.307 5.328 5.350 5.371 5.391 5.412 5.432 5.452 5.471 5.489 5.507 5.525 5.543 5.561 5.578 5.595 5.612 5.628 5.644 5.660 5.675 5.690 5.704 5.718 5.731 5.744 5.757 5.769 5.781 5.792
3.744 3.814 3.878 3.938 3.995 4.048 4.099 4.148 4.195 4.239 4.282 4.324 4.364 4.403 4.441 4.478 4.513 4.548 4.581 4.614 4.645 4.676 4.706 4.736 4.764 4.792 4.820 4.847 4.873 4.899 4.925 4.950 4.974 4.997 5.021 5.045 5.069 5.092 5.115 5.138 5.161 5.184 5.206 5.228 5.251 5.272 5.294 5.316 5.337 5.358 5.379 5.400 5.420 5.440 5.460 5.479 5.496 5.515 5.533 5.551 5.569 5.586 5.603 5.620 5.637 5.653 5.669 5.684 5.699 5.714 5.728 5.742 5.756 5.769 5.781 5.794 5.805
3.778 3.845 3.907 3.965 4.020 4.073 4.123 4.171 4.218 4.261 4.303 4.345 4.385 4.423 4.461 4.497 4.532 4.566 4.599 4.632 4.663 4.694 4.723 4.753 4.781 4.809 4.836 4.863 4.889 4.915 4.940 4.965 4.989 5.012 5.036 5.059 5.082 5.105 5.128 5.151 5.173 5.195 5.217 5.239 5.261 5.283 5.304 5.325 5.346 5.367 5.387 5.408 5.428 5.448 5.468 5.486 5.504 5.522 5.540 5.558 5.576 5.594 5.611 5.628 5.645 5.661 5.677 5.693 5.708 5.723 5.738 5.752 5.766 5.780 5.793 5.806 5.818
3.809 3.874 3.934 3.991 4.046 4.097 4.147 4.194 4.240 4.283 4.324 4.365 4.405 4.443 4.480 4.516 4.550 4.584 4.617 4.649 4.680 4.711 4.740 4.769 4.797 4.825 4.852 4.879 4.905 4.930 4.955 4.980 5.003 5.026 5.050 5.073 5.096 5.119 5.141 5.163 5.185 5.207 5.229 5.250 5.272 5.293 5.314 5.335 5.355 5.376 5.396 5.416 5.436 5.456 5.475 5.493 5.511 5.529 5.547 5.565 5.583 5.601 5.618 5.635 5.652 5.668 5.685 5.700 5.716 5.732 5.747 5.761 5.776 5.790 5.803 5.816 5.829
3.840 3.903 3.962 4.017 4.070 4.121 4.170 4.217 4.262 4.304 4.345 4.385 4.424 4.462 4.499 4.534 4.569 4.602 4.635 4.666 4.697 4.727 4.757 4.786 4.814 4.841 4.868 4.894 4.920 4.945 4.970 4.995 5.018 5.041 5.064 5.087 5.110 5.132 5.154 5.176 5.198 5.219 5.241 5.262 5.283 5.304 5.324 5.345 5.365 5.385 5.405 5.425 5.444 5.464 5.483 5.501 5.518 5.536 5.554 5.572 5.590 5.607 5.625 5.642 5.658 5.675 5.691 5.707 5.723 5.739 5.754 5.769 5.784 5.798 5.812 5.826 5.839
3.870 3.931 3.988 4.043 4.095 4.145 4.193 4.239 4.283 4.325 4.365 4.405 4.444 4.481 4.517 4.553 4.587 4.620 4.652 4.684 4.714 4.744 4.773 4.802 4.830 4.857 4.883 4.909 4.935 4.960 4.985 5.009 5.032 5.055 5.078 5.101 5.123 5.145 5.167 5.189 5.210 5.232 5.253 5.274 5.294 5.315 5.335 5.355 5.375 5.395 5.414 5.434 5.453 5.472 5.491 5.509 5.526 5.544 5.561 5.579 5.597 5.614 5.631 5.648 5.665 5.681 5.698 5.714 5.730 5.746 5.761 5.776 5.791 5.806 5.820 5.834 5.848
3.899 3.958 4.014 4.068 4.119 4.168 4.215 4.260 4.304 4.346 4.386 4.425 4.463 4.500 4.536 4.571 4.605 4.637 4.669 4.701 4.731 4.761 4.790 4.818 4.845 4.872 4.899 4.925 4.950 4.975 5.000 5.024 5.047 5.069 5.092 5.114 5.137 5.159 5.180 5.202 5.223 5.244 5.265 5.285 5.306 5.326 5.346 5.366 5.385 5.405 5.424 5.443 5.462 5.481 5.499 5.517 5.534 5.551 5.569 5.586 5.603 5.621 5.637 5.654 5.671 5.687 5.704 5.720 5.736 5.752 5.767 5.783 5.798 5.813 5.827 5.842 5.856
3.927 3.985 4.040 4.092 4.143 4.191 4.237 4.282 4.325 4.366 4.406 4.445 4.482 4.519 4.554 4.589 4.622 4.655 4.687 4.717 4.748 4.777 4.806 4.834 4.861 4.888 4.914 4.940 4.965 4.990 5.014 5.038 5.061 5.083 5.105 5.128 5.150 5.172 5.193 5.214 5.236 5.256 5.277 5.297 5.317 5.337 5.357 5.377 5.396 5.415 5.434 5.453 5.471 5.490 5.508 5.525 5.542 5.559 5.576 5.593 5.610 5.627 5.644 5.661 5.677 5.693 5.709 5.726 5.741 5.757 5.773 5.788 5.804 5.819 5.834 5.848 5.863
3.955 4.011 4.065 4.117 4.166 4.214 4.259 4.303 4.346 4.386 4.425 4.464 4.501 4.538 4.573 4.607 4.640 4.672 4.704 4.734 4.764 4.793 4.822 4.849 4.877 4.903 4.929 4.955 4.979 5.004 5.028 5.052 5.075 5.096 5.119 5.141 5.163 5.185 5.206 5.227 5.248 5.269 5.289 5.309 5.329 5.349 5.368 5.388 5.407 5.426 5.444 5.463 5.481 5.499 5.517 5.534 5.550 5.567 5.584 5.601 5.618 5.634 5.651 5.667 5.683 5.699 5.715 5.731 5.747 5.763 5.778 5.794 5.809 5.824 5.839 5.854 5.869
3.982 4.037 4.090 4.141 4.189 4.236 4.281 4.325 4.367 4.407 4.445 4.483 4.520 4.556 4.591 4.625 4.658 4.690 4.721 4.751 4.781 4.809 4.838 4.865 4.892 4.918 4.944 4.969 4.994 5.018 5.042 5.066 5.088 5.110 5.132 5.154 5.176 5.197 5.219 5.240 5.260 5.281 5.301 5.321 5.341 5.360 5.380 5.399 5.418 5.436 5.455 5.473 5.491 5.509 5.527 5.544 5.560 5.576 5.593 5.609 5.626 5.642 5.658 5.674 5.690 5.705 5.721 5.737 5.752 5.768 5.783 5.799 5.814 5.829 5.844 5.859 5.874
4.008 4.063 4.114 4.164 4.212 4.258 4.303 4.346 4.387 4.427 4.465 4.503 4.539 4.575 4.609 4.643 4.675 4.707 4.738 4.768 4.797 4.826 4.854 4.881 4.908 4.934 4.959 4.984 5.009 5.033 5.056 5.080 5.102 5.123 5.145 5.167 5.189 5.210 5.231 5.252 5.272 5.293 5.313 5.333 5.352 5.372 5.391 5.410 5.429 5.447 5.466 5.484 5.502 5.519 5.537 5.553 5.569 5.585 5.602 5.618 5.634 5.650 5.665 5.681 5.697 5.712 5.727 5.743 5.758 5.773 5.789 5.804 5.819 5.834 5.849 5.864 5.879
4.034 4.088 4.139 4.188 4.235 4.280 4.324 4.367 4.408 4.447 4.485 4.522 4.558 4.594 4.628 4.661 4.693 4.725 4.755 4.785 4.814 4.842 4.870 4.897 4.923 4.949 4.974 4.999 5.023 5.047 5.070 5.094 5.115 5.137 5.159 5.180 5.202 5.223 5.243 5.264 5.284 5.305 5.325 5.344 5.364 5.383 5.402 5.421 5.440 5.458 5.476 5.494 5.512 5.530 5.547 5.563 5.579 5.595 5.611 5.627 5.643 5.658 5.674 5.689 5.704 5.719 5.734 5.749 5.764 5.779 5.794 5.809 5.824 5.839 5.854 5.869 5.884
4.060 4.112 4.163 4.211 4.257 4.302 4.346 4.388 4.428 4.467 4.504 4.541 4.577 4.612 4.646 4.679 4.711 4.742 4.773 4.802 4.831 4.859 4.886 4.913 4.939 4.965 4.990 5.014 5.038 5.062 5.085 5.107 5.129 5.150 5.172 5.193 5.214 5.235 5.256 5.276 5.296 5.316 5.336 5.356 5.375 5.394 5.413 5.432 5.451 5.469 5.487 5.505 5.523 5.540 5.557 5.573 5.589 5.605 5.621 5.636 5.652 5.667 5.682 5.697 5.712 5.727 5.741 5.756 5.771 5.785 5.800 5.815 5.829 5.844 5.859 5.874 5.889
4.085 4.137 4.186 4.234 4.280 4.324 4.367 4.408 4.448 4.486 4.524 4.561 4.596 4.631 4.665 4.697 4.729 4.760 4.790 4.819 4.848 4.876 4.903 4.929 4.955 4.980 5.005 5.029 5.053 5.076 5.099 5.122 5.143 5.164 5.185 5.206 5.227 5.248 5.268 5.288 5.308 5.328 5.348 5.367 5.386 5.405 5.424 5.443 5.461 5.480 5.498 5.515 5.533 5.550 5.567 5.583 5.599 5.615 5.630 5.646 5.661 5.676 5.691 5.706 5.721 5.735 5.749 5.764 5.778 5.792 5.806 5.821 5.835 5.849 5.864 5.879 5.893
4.110 4.161 4.209 4.256 4.302 4.345 4.388 4.429 4.468 4.506 4.543 4.580 4.615 4.649 4.683 4.715 4.747 4.778 4.808 4.837 4.865 4.893 4.920 4.946 4.971 4.996 5.021 5.045 5.068 5.091 5.114 5.136 5.157 5.177 5.198 5.219 5.240 5.260 5.280 5.300 5.320 5.340 5.359 5.378 5.397 5.416 5.435 5.453 5.472 5.490 5.508 5.526 5.543 5.561 5.578 5.594 5.609 5.625 5.640 5.656 5.671 5.686 5.701 5.715 5.730 5.744 5.758 5.772 5.786 5.799 5.813 5.827 5.841 5.855 5.870 5.884 5.898
4.135 4.184 4.232 4.278 4.323 4.366 4.408 4.449 4.488 4.525 4.562 4.599 4.634 4.668 4.701 4.734 4.765 4.796 4.825 4.854 4.882 4.910 4.937 4.963 4.988 5.013 5.037 5.061 5.084 5.107 5.129 5.151 5.171 5.191 5.212 5.233 5.253 5.273 5.293 5.312 5.332 5.351 5.370 5.389 5.408 5.427 5.445 5.464 5.482 5.500 5.518 5.536 5.553 5.571 5.588 5.603 5.619 5.635 5.650 5.666 5.681 5.696 5.711 5.725 5.739 5.753 5.767 5.780 5.794 5.808 5.821 5.835 5.848 5.862 5.876 5.890 5.904
4.159 4.208 4.255 4.300 4.344 4.387 4.429 4.469 4.507 4.544 4.581 4.617 4.652 4.686 4.720 4.752 4.783 4.813 4.843 4.872 4.900 4.927 4.954 4.980 5.005 5.030 5.054 5.077 5.100 5.123 5.145 5.166 5.186 5.206 5.226 5.247 5.266 5.286 5.306 5.325 5.344 5.363 5.382 5.401 5.419 5.438 5.456 5.474 5.492 5.510 5.528 5.546 5.563 5.581 5.598 5.613 5.629 5.644 5.660 5.676 5.691 5.706 5.721 5.735 5.749 5.763 5.776 5.790 5.803 5.816 5.829 5.843 5.856 5.869 5.883 5.896 5.910
