version2/TsunamiDB/out54088.asc
ncols          264
nrows          230
xllcorner      497853.4375
yllcorner      4229146.0000
cellsize         5.
NODATA_value   -99
[rows 68 to 101 of 230, columns 77 to 153 of 264]
5.297 5.318 5.338 5.357 5.377 5.395 5.413 5.432 5.451 5.470 5.489 5.507 5.526 5.544 5.562 5.580 5.598 5.615 5.632 5.648 5.664 5.679 5.694 5.708 5.722 5.734 5.746 5.757 5.766 5.774 5.783 5.791 5.799 5.807 5.816 5.824 5.833 5.843 5.854 5.866 5.878 5.891 5.905 5.920 5.936 5.952 5.968 5.985 6.003 6.020 6.037 6.054 6.071 6.088 6.106 6.124 6.142 6.160 6.178 6.196 6.214 6.232 6.251 6.269 6.287 6.305 6.323 6.341 6.358 6.376 6.393 6.410 6.427 6.443 6.458 6.472 6.486
5.314 5.334 5.354 5.374 5.392 5.409 5.428 5.446 5.465 5.484 5.502 5.521 5.539 5.557 5.575 5.593 5.611 5.628 5.645 5.662 5.678 5.694 5.710 5.724 5.738 5.752 5.765 5.776 5.785 5.794 5.803 5.811 5.820 5.827 5.835 5.843 5.851 5.859 5.869 5.879 5.890 5.902 5.914 5.928 5.943 5.958 5.974 5.990 6.007 6.024 6.041 6.057 6.074 6.091 6.108 6.126 6.144 6.162 6.180 6.198 6.216 6.234 6.252 6.270 6.288 6.306 6.324 6.342 6.360 6.377 6.395 6.412 6.429 6.445 6.460 6.475 6.489
5.332 5.352 5.371 5.390 5.408 5.425 5.443 5.461 5.480 5.498 5.516 5.534 5.552 5.570 5.588 5.606 5.623 5.641 5.658 5.675 5.692 5.708 5.724 5.739 5.754 5.768 5.782 5.793 5.803 5.813 5.823 5.832 5.840 5.848 5.855 5.863 5.870 5.877 5.885 5.894 5.904 5.914 5.926 5.938 5.951 5.965 5.980 5.996 6.012 6.029 6.045 6.061 6.077 6.094 6.112 6.129 6.147 6.165 6.183 6.201 6.219 6.236 6.254 6.272 6.290 6.308 6.326 6.344 6.362 6.379 6.397 6.414 6.432 6.448 6.463 6.478 6.493
5.350 5.369 5.389 5.407 5.425 5.442 5.459 5.477 5.495 5.512 5.530 5.548 5.565 5.583 5.601 5.618 5.636 5.653 5.670 5.688 5.704 5.721 5.737 5.753 5.768 5.783 5.797 5.810 5.821 5.832 5.842 5.852 5.861 5.869 5.876 5.883 5.890 5.897 5.904 5.912 5.920 5.929 5.939 5.950 5.962 5.975 5.989 6.003 6.019 6.035 6.050 6.065 6.082 6.099 6.116 6.133 6.151 6.168 6.186 6.204 6.222 6.239 6.257 6.275 6.293 6.311 6.329 6.347 6.364 6.382 6.400 6.417 6.434 6.451 6.466 6.481 6.496
5.368 5.388 5.406 5.425 5.442 5.459 5.476 5.493 5.510 5.528 5.545 5.562 5.579 5.596 5.614 5.631 5.648 5.665 5.683 5.700 5.717 5.733 5.750 5.766 5.782 5.797 5.812 5.825 5.837 5.849 5.860 5.871 5.880 5.889 5.897 5.905 5.911 5.918 5.924 5.931 5.938 5.946 5.954 5.964 5.974 5.986 5.999 6.012 6.026 6.042 6.056 6.071 6.087 6.103 6.120 6.137 6.155 6.172 6.190 6.207 6.225 6.243 6.261 6.278 6.296 6.314 6.332 6.350 6.367 6.385 6.403 6.420 6.438 6.454 6.469 6.485 6.500
5.386 5.406 5.425 5.443 5.460 5.477 5.493 5.510 5.527 5.544 5.560 5.577 5.594 5.610 5.627 5.644 5.661 5.678 5.695 5.712 5.729 5.745 5.762 5.778 5.794 5.810 5.825 5.839 5.852 5.865 5.877 5.888 5.899 5.909 5.917 5.925 5.933 5.939 5.946 5.952 5.958 5.965 5.972 5.980 5.989 5.999 6.010 6.023 6.036 6.050 6.064 6.078 6.093 6.109 6.126 6.142 6.160 6.177 6.194 6.212 6.229 6.247 6.264 6.282 6.300 6.318 6.335 6.353 6.371 6.388 6.406 6.424 6.441 6.458 6.473 6.489 6.505
5.404 5.424 5.443 5.462 5.479 5.495 5.512 5.528 5.545 5.561 5.577 5.593 5.609 5.625 5.641 5.658 5.674 5.691 5.707 5.724 5.740 5.757 5.774 5.790 5.806 5.822 5.838 5.853 5.866 5.879 5.892 5.905 5.916 5.927 5.937 5.945 5.953 5.960 5.967 5.973 5.979 5.985 5.992 5.998 6.006 6.015 6.024 6.035 6.047 6.060 6.073 6.086 6.101 6.116 6.132 6.148 6.165 6.182 6.199 6.216 6.234 6.251 6.269 6.286 6.304 6.322 6.339 6.357 6.375 6.392 6.410 6.428 6.445 6.462 6.478 6.493 6.509
5.422 5.442 5.461 5.480 5.497 5.514 5.530 5.546 5.563 5.579 5.594 5.610 5.625 5.641 5.657 5.672 5.688 5.704 5.720 5.736 5.753 5.769 5.785 5.802 5.818 5.834 5.850 5.865 5.879 5.893 5.906 5.920 5.932 5.944 5.954 5.964 5.973 5.981 5.988 5.995 6.001 6.007 6.012 6.018 6.025 6.032 6.041 6.050 6.060 6.072 6.084 6.096 6.110 6.124 6.139 6.155 6.171 6.188 6.205 6.222 6.239 6.256 6.274 6.291 6.309 6.326 6.344 6.362 6.379 6.397 6.414 6.432 6.450 6.466 6.482 6.498 6.514
5.439 5.459 5.479 5.498 5.516 5.532 5.549 5.565 5.581 5.597 5.612 5.628 5.643 5.658 5.673 5.688 5.703 5.718 5.734 5.749 5.765 5.781 5.797 5.813 5.830 5.846 5.862 5.877 5.891 5.905 5.920 5.933 5.947 5.959 5.971 5.982 5.992 6.000 6.009 6.016 6.022 6.028 6.034 6.040 6.045 6.052 6.059 6.067 6.076 6.086 6.096 6.107 6.120 6.133 6.148 6.163 6.179 6.195 6.211 6.228 6.245 6.262 6.279 6.297 6.314 6.331 6.349 6.366 6.384 6.402 6.419 6.437 6.454 6.471 6.487 6.503 6.519
5.454 5.475 5.496 5.516 5.534 5.550 5.567 5.584 5.600 5.616 5.631 5.646 5.661 5.675 5.690 5.704 5.719 5.734 5.748 5.763 5.779 5.794 5.810 5.825 5.841 5.857 5.873 5.888 5.902 5.917 5.932 5.946 5.960 5.973 5.986 5.998 6.009 6.019 6.028 6.036 6.043 6.050 6.056 6.061 6.067 6.072 6.079 6.085 6.093 6.102 6.111 6.121 6.132 6.144 6.158 6.172 6.187 6.203 6.218 6.235 6.251 6.268 6.285 6.302 6.320 6.337 6.354 6.372 6.389 6.407 6.424 6.442 6.460 6.476 6.492 6.508 6.525
5.468 5.490 5.512 5.532 5.551 5.568 5.585 5.602 5.619 5.635 5.650 5.665 5.679 5.694 5.708 5.722 5.736 5.750 5.764 5.778 5.793 5.808 5.823 5.838 5.853 5.869 5.885 5.899 5.914 5.929 5.943 5.958 5.973 5.986 6.000 6.012 6.024 6.035 6.045 6.055 6.063 6.070 6.077 6.083 6.088 6.094 6.100 6.106 6.112 6.120 6.127 6.136 6.145 6.157 6.169 6.182 6.197 6.211 6.227 6.243 6.259 6.275 6.292 6.309 6.326 6.343 6.360 6.378 6.395 6.413 6.430 6.448 6.465 6.482 6.498 6.514 6.530
5.480 5.503 5.526 5.547 5.566 5.584 5.603 5.620 5.637 5.653 5.669 5.684 5.698 5.712 5.726 5.740 5.754 5.767 5.781 5.794 5.808 5.822 5.837 5.851 5.866 5.881 5.896 5.911 5.925 5.940 5.955 5.970 5.984 5.999 6.013 6.026 6.039 6.051 6.062 6.072 6.081 6.090 6.097 6.104 6.110 6.116 6.121 6.127 6.133 6.139 6.146 6.152 6.161 6.171 6.182 6.194 6.207 6.221 6.236 6.251 6.267 6.283 6.299 6.316 6.333 6.350 6.367 6.384 6.401 6.419 6.436 6.454 6.471 6.488 6.504 6.520 6.536
5.490 5.515 5.538 5.560 5.580 5.600 5.618 5.637 5.654 5.671 5.687 5.702 5.717 5.731 5.745 5.759 5.772 5.785 5.798 5.811 5.824 5.838 5.852 5.865 5.880 5.894 5.909 5.923 5.937 5.951 5.966 5.981 5.996 6.010 6.025 6.039 6.052 6.065 6.077 6.088 6.098 6.108 6.116 6.124 6.131 6.137 6.143 6.148 6.154 6.159 6.165 6.171 6.178 6.187 6.197 6.208 6.220 6.233 6.246 6.261 6.276 6.291 6.307 6.324 6.340 6.357 6.374 6.391 6.408 6.425 6.443 6.460 6.477 6.494 6.510 6.526 6.542
5.498 5.524 5.548 5.571 5.593 5.613 5.633 5.652 5.670 5.688 5.704 5.720 5.735 5.750 5.764 5.778 5.791 5.804 5.817 5.829 5.842 5.855 5.868 5.881 5.894 5.908 5.922 5.935 5.949 5.963 5.978 5.992 6.007 6.022 6.036 6.051 6.064 6.078 6.091 6.103 6.114 6.124 6.134 6.142 6.150 6.157 6.164 6.169 6.175 6.180 6.185 6.190 6.197 6.204 6.213 6.223 6.233 6.245 6.258 6.272 6.286 6.301 6.316 6.332 6.348 6.365 6.381 6.398 6.415 6.432 6.450 6.467 6.484 6.501 6.516 6.532 6.549
5.504 5.530 5.556 5.581 5.603 5.624 5.645 5.665 5.684 5.703 5.720 5.737 5.753 5.768 5.782 5.796 5.810 5.823 5.835 5.848 5.860 5.872 5.885 5.897 5.910 5.923 5.936 5.949 5.962 5.975 5.989 6.004 6.019 6.033 6.048 6.062 6.076 6.090 6.103 6.116 6.128 6.140 6.150 6.160 6.169 6.177 6.184 6.190 6.196 6.202 6.206 6.211 6.216 6.223 6.230 6.239 6.249 6.259 6.271 6.284 6.297 6.311 6.326 6.341 6.357 6.373 6.390 6.406 6.423 6.440 6.457 6.474 6.491 6.508 6.523 6.539 6.556
5.506 5.535 5.562 5.587 5.611 5.634 5.656 5.677 5.697 5.716 5.735 5.752 5.769 5.785 5.800 5.814 5.828 5.841 5.854 5.866 5.879 5.890 5.902 5.914 5.926 5.939 5.951 5.963 5.975 5.988 6.002 6.016 6.030 6.045 6.059 6.074 6.088 6.102 6.116 6.129 6.142 6.154 6.165 6.176 6.186 6.194 6.202 6.210 6.216 6.222 6.227 6.231 6.236 6.242 6.249 6.257 6.265 6.275 6.285 6.297 6.310 6.323 6.337 6.352 6.367 6.383 6.399 6.415 6.431 6.448 6.465 6.482 6.499 6.515 6.531 6.547 6.563
5.507 5.536 5.565 5.592 5.617 5.640 5.664 5.686 5.707 5.728 5.747 5.766 5.783 5.800 5.816 5.831 5.845 5.859 5.872 5.885 5.897 5.909 5.921 5.932 5.944 5.956 5.968 5.979 5.990 6.003 6.016 6.029 6.043 6.057 6.071 6.085 6.099 6.114 6.128 6.141 6.155 6.167 6.179 6.191 6.201 6.211 6.220 6.228 6.236 6.242 6.247 6.252 6.257 6.262 6.268 6.275 6.283 6.291 6.301 6.312 6.323 6.336 6.349 6.363 6.377 6.393 6.408 6.424 6.440 6.457 6.473 6.490 6.507 6.523 6.538 6.554 6.571
5.504 5.535 5.565 5.593 5.620 5.645 5.669 5.693 5.716 5.737 5.758 5.777 5.796 5.814 5.830 5.846 5.862 5.876 5.890 5.903 5.915 5.927 5.939 5.951 5.962 5.974 5.985 5.995 6.006 6.018 6.030 6.043 6.056 6.069 6.083 6.097 6.111 6.125 6.139 6.153 6.167 6.180 6.193 6.205 6.216 6.227 6.236 6.246 6.254 6.261 6.266 6.271 6.277 6.282 6.288 6.294 6.301 6.309 6.318 6.327 6.338 6.349 6.362 6.375 6.389 6.403 6.418 6.434 6.450 6.466 6.483 6.500 6.516 6.531 6.547 6.562 6.579
5.500 5.532 5.563 5.593 5.620 5.646 5.673 5.698 5.721 5.744 5.766 5.787 5.806 5.825 5.843 5.860 5.876 5.891 5.906 5.920 5.933 5.945 5.957 5.969 5.980 5.992 6.003 6.013 6.023 6.034 6.046 6.058 6.070 6.083 6.096 6.110 6.124 6.137 6.151 6.165 6.179 6.192 6.205 6.218 6.230 6.241 6.252 6.262 6.271 6.278 6.284 6.290 6.296 6.302 6.308 6.314 6.320 6.327 6.335 6.344 6.353 6.364 6.375 6.388 6.401 6.415 6.429 6.444 6.460 6.476 6.492 6.509 6.525 6.540 6.555 6.571 6.587
5.493 5.526 5.558 5.589 5.617 5.645 5.673 5.699 5.724 5.749 5.772 5.794 5.814 5.834 5.853 5.871 5.889 5.905 5.920 5.935 5.949 5.962 5.975 5.987 5.999 6.010 6.021 6.030 6.040 6.051 6.062 6.073 6.085 6.097 6.110 6.123 6.136 6.150 6.163 6.177 6.191 6.204 6.218 6.230 6.243 6.255 6.266 6.277 6.287 6.295 6.302 6.308 6.315 6.321 6.327 6.333 6.339 6.346 6.353 6.361 6.370 6.379 6.390 6.402 6.414 6.427 6.441 6.456 6.471 6.486 6.502 6.518 6.534 6.549 6.564 6.580 6.596
5.485 5.518 5.551 5.582 5.612 5.641 5.670 5.698 5.725 5.750 5.775 5.798 5.820 5.841 5.861 5.881 5.899 5.916 5.933 5.948 5.963 5.977 5.991 6.004 6.016 6.028 6.038 6.048 6.058 6.068 6.079 6.090 6.101 6.113 6.125 6.137 6.150 6.163 6.176 6.190 6.203 6.217 6.230 6.243 6.256 6.268 6.280 6.291 6.301 6.310 6.318 6.325 6.332 6.339 6.345 6.352 6.358 6.364 6.371 6.378 6.387 6.396 6.405 6.416 6.428 6.440 6.454 6.467 6.482 6.497 6.513 6.529 6.544 6.559 6.574 6.590 6.605
5.476 5.509 5.541 5.573 5.604 5.635 5.665 5.694 5.722 5.749 5.775 5.800 5.823 5.846 5.867 5.888 5.907 5.926 5.943 5.960 5.976 5.991 6.005 6.019 6.032 6.044 6.055 6.065 6.075 6.086 6.096 6.107 6.118 6.129 6.140 6.152 6.164 6.177 6.190 6.203 6.216 6.229 6.242 6.255 6.268 6.280 6.293 6.304 6.315 6.325 6.333 6.341 6.349 6.356 6.363 6.369 6.376 6.382 6.389 6.396 6.404 6.412 6.421 6.431 6.442 6.454 6.466 6.480 6.494 6.508 6.524 6.539 6.554 6.569 6.584 6.599 6.615
5.467 5.499 5.531 5.563 5.594 5.625 5.656 5.687 5.716 5.745 5.772 5.798 5.823 5.847 5.870 5.892 5.913 5.933 5.951 5.969 5.986 6.003 6.018 6.032 6.046 6.059 6.071 6.082 6.092 6.103 6.114 6.124 6.135 6.146 6.157 6.168 6.180 6.191 6.204 6.216 6.229 6.242 6.255 6.268 6.280 6.293 6.305 6.317 6.329 6.339 6.348 6.356 6.364 6.372 6.380 6.387 6.393 6.400 6.407 6.414 6.421 6.429 6.437 6.447 6.457 6.468 6.480 6.493 6.506 6.520 6.535 6.550 6.565 6.579 6.594 6.609 6.625
5.459 5.490 5.521 5.552 5.583 5.614 5.646 5.677 5.707 5.737 5.766 5.794 5.820 5.846 5.870 5.893 5.916 5.937 5.957 5.976 5.994 6.012 6.028 6.044 6.059 6.073 6.086 6.097 6.108 6.119 6.130 6.141 6.152 6.162 6.173 6.184 6.195 6.207 6.218 6.230 6.243 6.255 6.268 6.281 6.293 6.306 6.318 6.330 6.342 6.352 6.361 6.371 6.379 6.388 6.396 6.403 6.410 6.417 6.424 6.431 6.438 6.445 6.454 6.462 6.472 6.482 6.494 6.506 6.519 6.532 6.546 6.561 6.576 6.590 6.605 6.620 6.635
5.454 5.483 5.512 5.542 5.572 5.602 5.634 5.665 5.696 5.727 5.757 5.786 5.814 5.841 5.867 5.892 5.916 5.938 5.960 5.980 6.000 6.019 6.036 6.053 6.069 6.085 6.098 6.111 6.123 6.135 6.146 6.157 6.168 6.179 6.190 6.200 6.211 6.222 6.234 6.245 6.257 6.269 6.281 6.294 6.306 6.319 6.331 6.343 6.355 6.365 6.375 6.384 6.394 6.402 6.411 6.419 6.426 6.433 6.440 6.447 6.454 6.462 6.470 6.478 6.487 6.497 6.508 6.519 6.531 6.545 6.558 6.573 6.587 6.601 6.615 6.630 6.646
5.451 5.477 5.505 5.533 5.561 5.591 5.621 5.652 5.683 5.714 5.745 5.775 5.804 5.833 5.860 5.887 5.912 5.936 5.960 5.982 6.003 6.023 6.042 6.060 6.078 6.094 6.109 6.122 6.136 6.148 6.161 6.173 6.184 6.195 6.206 6.217 6.227 6.238 6.249 6.260 6.272 6.283 6.295 6.307 6.319 6.332 6.344 6.356 6.368 6.379 6.388 6.398 6.408 6.417 6.425 6.434 6.442 6.449 6.456 6.464 6.471 6.478 6.486 6.494 6.502 6.512 6.522 6.533 6.545 6.557 6.570 6.584 6.598 6.612 6.626 6.641 6.656
5.451 5.475 5.501 5.526 5.552 5.580 5.609 5.639 5.669 5.700 5.730 5.761 5.791 5.821 5.850 5.878 5.905 5.931 5.956 5.980 6.002 6.024 6.045 6.065 6.083 6.101 6.117 6.132 6.146 6.160 6.174 6.186 6.198 6.210 6.221 6.232 6.243 6.254 6.265 6.276 6.287 6.298 6.310 6.321 6.333 6.345 6.357 6.369 6.381 6.392 6.402 6.411 6.421 6.431 6.440 6.448 6.457 6.464 6.472 6.479 6.486 6.494 6.501 6.509 6.517 6.526 6.536 6.546 6.558 6.570 6.583 6.596 6.610 6.623 6.637 6.651 6.666
5.453 5.476 5.499 5.523 5.547 5.572 5.599 5.627 5.656 5.685 5.715 5.746 5.776 5.806 5.836 5.866 5.894 5.922 5.948 5.974 5.999 6.022 6.044 6.066 6.086 6.106 6.123 6.139 6.155 6.170 6.184 6.198 6.211 6.223 6.235 6.247 6.258 6.269 6.280 6.291 6.302 6.313 6.324 6.335 6.347 6.359 6.370 6.382 6.394 6.405 6.415 6.425 6.435 6.444 6.454 6.463 6.471 6.479 6.487 6.494 6.502 6.509 6.516 6.524 6.532 6.541 6.550 6.560 6.571 6.582 6.595 6.608 6.621 6.634 6.647 6.662 6.677
5.459 5.479 5.501 5.522 5.544 5.567 5.592 5.618 5.644 5.672 5.701 5.730 5.760 5.790 5.820 5.850 5.880 5.909 5.937 5.964 5.991 6.016 6.040 6.064 6.086 6.107 6.126 6.144 6.161 6.177 6.193 6.208 6.222 6.235 6.248 6.260 6.272 6.283 6.294 6.305 6.316 6.327 6.338 6.350 6.361 6.372 6.384 6.396 6.407 6.418 6.428 6.438 6.448 6.458 6.467 6.477 6.485 6.494 6.502 6.509 6.517 6.524 6.531 6.539 6.547 6.555 6.564 6.574 6.584 6.595 6.607 6.620 6.632 6.645 6.658 6.672 6.687
5.466 5.485 5.505 5.525 5.545 5.566 5.588 5.611 5.636 5.661 5.688 5.715 5.743 5.773 5.802 5.832 5.862 5.892 5.922 5.951 5.979 6.006 6.032 6.057 6.081 6.104 6.125 6.145 6.163 6.182 6.199 6.215 6.230 6.245 6.258 6.272 6.284 6.296 6.308 6.319 6.330 6.341 6.352 6.363 6.375 6.386 6.398 6.409 6.421 6.431 6.441 6.451 6.461 6.471 6.481 6.490 6.499 6.508 6.516 6.524 6.531 6.539 6.546 6.553 6.561 6.569 6.578 6.587 6.597 6.608 6.619 6.631 6.643 6.656 6.669 6.683 6.697
5.475 5.493 5.512 5.530 5.548 5.568 5.588 5.609 5.631 5.654 5.678 5.703 5.729 5.756 5.785 5.814 5.843 5.873 5.903 5.933 5.963 5.992 6.020 6.047 6.073 6.098 6.121 6.142 6.163 6.183 6.201 6.219 6.236 6.252 6.267 6.281 6.294 6.307 6.319 6.331 6.343 6.354 6.366 6.377 6.388 6.400 6.411 6.422 6.434 6.444 6.454 6.464 6.475 6.485 6.494 6.504 6.513 6.522 6.530 6.538 6.546 6.553 6.560 6.568 6.575 6.583 6.592 6.600 6.610 6.620 6.631 6.643 6.655 6.666 6.679 6.693 6.707
5.485 5.502 5.520 5.537 5.554 5.572 5.591 5.610 5.630 5.650 5.672 5.694 5.718 5.743 5.769 5.796 5.824 5.853 5.883 5.913 5.943 5.973 6.003 6.031 6.059 6.086 6.112 6.135 6.158 6.180 6.200 6.220 6.238 6.256 6.272 6.288 6.302 6.316 6.329 6.342 6.354 6.366 6.378 6.389 6.401 6.412 6.424 6.435 6.447 6.457 6.467 6.477 6.488 6.498 6.508 6.517 6.527 6.535 6.544 6.552 6.560 6.567 6.575 6.582 6.589 6.597 6.605 6.614 6.623 6.633 6.643 6.655 6.666 6.677 6.689 6.703 6.717
5.495 5.513 5.530 5.546 5.562 5.579 5.596 5.614 5.632 5.651 5.670 5.690 5.711 5.733 5.757 5.781 5.807 5.835 5.863 5.892 5.921 5.952 5.982 6.012 6.041 6.070 6.097 6.123 6.148 6.172 6.195 6.217 6.237 6.256 6.274 6.291 6.308 6.323 6.337 6.351 6.364 6.376 6.388 6.400 6.412 6.424 6.436 6.447 6.459 6.469 6.479 6.490 6.500 6.511 6.521 6.530 6.540 6.549 6.557 6.566 6.574 6.581 6.589 6.596 6.603 6.611 6.619 6.627 6.636 6.645 6.655 6.666 6.677 6.687 6.699 6.712 6.726
5.506 5.523 5.540 5.556 5.571 5.588 5.604 5.621 5.637 5.654 5.672 5.690 5.708 5.728 5.749 5.771 5.794 5.819 5.844 5.872 5.900 5.929 5.959 5.989 6.019 6.049 6.078 6.105 6.133 6.159 6.184 6.208 6.231 6.252 6.273 6.291 6.309 6.326 6.342 6.357 6.371 6.384 6.397 6.410 6.422 6.435 6.447 6.459 6.470 6.481 6.491 6.502 6.512 6.523 6.533 6.543 6.553 6.562 6.571 6.579 6.587 6.595 6.602 6.610 6.617 6.624 6.632 6.640 6.648 6.658 6.668 6.678 6.687 6.698 6.709 6.722 6.735
