version2/TsunamiDB/out54093.asc
ncols          264
nrows          230
xllcorner      497853.4375
yllcorner      4229146.0000
cellsize         5.
NODATA_value   -99
[rows 34 to 67 of 230, columns 154 to 230 of 264]
6.199 6.207 6.216 6.225 6.235 6.244 6.253 6.263 6.272 6.281 6.290 6.299 6.308 6.316 6.325 6.333 6.341 6.348 6.356 6.363 6.371 6.377 6.383 6.388 6.394 6.400 6.405 6.411 6.416 6.421 6.426 6.431 6.436 6.441 6.445 6.450 6.455 6.460 6.464 6.469 6.475 6.480 6.485 6.491 6.496 6.500 6.504 6.509 6.514 6.519 6.523 6.528 6.534 6.539 6.544 6.550 6.556 6.562 6.568 6.574 6.580 6.586 6.592 6.597 6.602 6.606 6.610 6.612 6.613 6.613 6.613 6.614 6.617 6.623 6.631 6.642 6.657
6.208 6.216 6.224 6.233 6.242 6.251 6.260 6.269 6.279 6.288 6.297 6.306 6.314 6.323 6.331 6.339 6.347 6.355 6.363 6.370 6.378 6.384 6.390 6.396 6.402 6.407 6.413 6.419 6.424 6.429 6.435 6.440 6.445 6.449 6.454 6.459 6.463 6.468 6.473 6.478 6.483 6.488 6.494 6.499 6.504 6.508 6.513 6.517 6.522 6.527 6.532 6.537 6.542 6.547 6.553 6.558 6.564 6.569 6.575 6.581 6.587 6.593 6.599 6.604 6.608 6.612 6.616 6.617 6.617 6.616 6.615 6.615 6.616 6.621 6.629 6.641 6.656
6.218 6.225 6.233 6.241 6.250 6.259 6.268 6.277 6.286 6.295 6.303 6.312 6.321 6.329 6.338 6.346 6.354 6.362 6.370 6.377 6.385 6.392 6.397 6.403 6.409 6.415 6.421 6.426 6.432 6.438 6.443 6.448 6.453 6.458 6.463 6.467 6.472 6.477 6.482 6.487 6.492 6.497 6.502 6.508 6.513 6.517 6.521 6.526 6.531 6.536 6.541 6.546 6.551 6.556 6.561 6.566 6.572 6.577 6.583 6.589 6.594 6.600 6.605 6.610 6.615 6.618 6.621 6.622 6.621 6.619 6.617 6.616 6.616 6.621 6.628 6.640 6.656
6.229 6.236 6.243 6.251 6.259 6.267 6.276 6.284 6.293 6.302 6.310 6.319 6.328 6.336 6.345 6.353 6.361 6.369 6.377 6.384 6.392 6.399 6.404 6.410 6.416 6.422 6.428 6.434 6.440 6.445 6.451 6.456 6.461 6.466 6.471 6.476 6.481 6.485 6.490 6.495 6.500 6.505 6.511 6.516 6.521 6.525 6.530 6.534 6.539 6.544 6.549 6.554 6.559 6.564 6.569 6.575 6.580 6.585 6.591 6.596 6.602 6.607 6.612 6.617 6.621 6.624 6.626 6.627 6.625 6.622 6.619 6.617 6.617 6.621 6.629 6.641 6.658
6.242 6.247 6.254 6.261 6.268 6.276 6.284 6.293 6.301 6.309 6.318 6.326 6.335 6.343 6.351 6.360 6.368 6.376 6.383 6.391 6.399 6.405 6.411 6.417 6.423 6.429 6.435 6.441 6.447 6.453 6.459 6.464 6.469 6.474 6.479 6.484 6.489 6.494 6.499 6.504 6.509 6.514 6.519 6.525 6.530 6.534 6.538 6.543 6.548 6.553 6.558 6.563 6.568 6.573 6.578 6.583 6.588 6.593 6.599 6.604 6.609 6.614 6.619 6.623 6.627 6.630 6.632 6.631 6.629 6.626 6.622 6.619 6.618 6.622 6.630 6.643 6.661
6.255 6.260 6.266 6.272 6.279 6.286 6.294 6.301 6.309 6.318 6.326 6.334 6.342 6.350 6.359 6.367 6.375 6.382 6.390 6.398 6.405 6.412 6.418 6.424 6.430 6.436 6.442 6.449 6.455 6.460 6.466 6.472 6.477 6.482 6.487 6.492 6.497 6.502 6.507 6.512 6.517 6.522 6.528 6.533 6.538 6.542 6.547 6.551 6.556 6.561 6.566 6.571 6.576 6.581 6.586 6.591 6.596 6.601 6.606 6.611 6.616 6.621 6.626 6.630 6.633 6.636 6.637 6.636 6.634 6.630 6.626 6.622 6.621 6.625 6.633 6.646 6.664
6.270 6.274 6.279 6.284 6.290 6.297 6.304 6.311 6.319 6.326 6.334 6.342 6.350 6.358 6.366 6.374 6.382 6.390 6.397 6.405 6.412 6.419 6.425 6.431 6.437 6.443 6.449 6.456 6.462 6.468 6.473 6.479 6.484 6.490 6.495 6.500 6.505 6.510 6.515 6.520 6.525 6.531 6.536 6.542 6.546 6.550 6.555 6.560 6.565 6.569 6.574 6.579 6.584 6.589 6.594 6.599 6.604 6.609 6.614 6.619 6.623 6.628 6.632 6.636 6.640 6.642 6.643 6.642 6.639 6.635 6.631 6.626 6.625 6.628 6.637 6.650 6.669
6.287 6.290 6.293 6.298 6.303 6.309 6.315 6.322 6.329 6.336 6.343 6.351 6.359 6.366 6.374 6.382 6.389 6.397 6.404 6.412 6.419 6.426 6.432 6.438 6.444 6.450 6.456 6.462 6.469 6.475 6.480 6.486 6.492 6.497 6.503 6.508 6.513 6.518 6.523 6.529 6.534 6.539 6.545 6.550 6.555 6.559 6.563 6.568 6.573 6.578 6.583 6.588 6.593 6.598 6.602 6.607 6.612 6.617 6.621 6.626 6.630 6.635 6.639 6.643 6.646 6.648 6.649 6.648 6.645 6.641 6.636 6.632 6.630 6.633 6.641 6.655 6.674
6.304 6.306 6.309 6.313 6.317 6.322 6.327 6.333 6.340 6.346 6.353 6.360 6.368 6.375 6.382 6.390 6.397 6.405 6.412 6.419 6.427 6.433 6.439 6.445 6.451 6.457 6.463 6.469 6.475 6.482 6.488 6.493 6.499 6.505 6.510 6.516 6.521 6.526 6.531 6.537 6.542 6.547 6.553 6.558 6.563 6.567 6.571 6.576 6.581 6.586 6.591 6.596 6.601 6.606 6.610 6.615 6.620 6.624 6.629 6.633 6.638 6.642 6.646 6.649 6.653 6.655 6.656 6.655 6.652 6.648 6.643 6.638 6.636 6.639 6.647 6.660 6.680
6.323 6.324 6.326 6.329 6.332 6.336 6.341 6.346 6.352 6.358 6.364 6.371 6.377 6.384 6.391 6.398 6.406 6.413 6.420 6.427 6.434 6.440 6.446 6.452 6.458 6.464 6.470 6.476 6.482 6.488 6.495 6.500 6.506 6.512 6.518 6.523 6.529 6.534 6.539 6.545 6.550 6.556 6.561 6.566 6.571 6.575 6.579 6.584 6.589 6.594 6.599 6.604 6.609 6.614 6.618 6.623 6.628 6.632 6.636 6.641 6.645 6.649 6.653 6.656 6.660 6.662 6.663 6.662 6.660 6.656 6.651 6.645 6.642 6.645 6.653 6.667 6.689
6.342 6.342 6.344 6.346 6.348 6.351 6.355 6.359 6.364 6.370 6.375 6.382 6.388 6.394 6.401 6.408 6.415 6.421 6.428 6.436 6.442 6.448 6.453 6.459 6.465 6.471 6.477 6.483 6.489 6.496 6.502 6.508 6.513 6.519 6.525 6.531 6.536 6.542 6.547 6.553 6.558 6.564 6.569 6.574 6.579 6.583 6.588 6.592 6.597 6.602 6.607 6.612 6.617 6.622 6.626 6.631 6.635 6.640 6.644 6.648 6.652 6.656 6.660 6.664 6.667 6.670 6.671 6.671 6.669 6.665 6.660 6.654 6.650 6.653 6.661 6.676 6.699
6.361 6.361 6.362 6.363 6.365 6.367 6.370 6.374 6.378 6.383 6.388 6.393 6.399 6.405 6.411 6.418 6.424 6.431 6.438 6.445 6.451 6.456 6.461 6.467 6.473 6.479 6.485 6.491 6.497 6.503 6.509 6.515 6.521 6.526 6.532 6.538 6.544 6.549 6.555 6.560 6.566 6.572 6.577 6.582 6.587 6.591 6.596 6.600 6.605 6.610 6.615 6.620 6.625 6.630 6.634 6.639 6.643 6.648 6.652 6.656 6.660 6.664 6.668 6.672 6.676 6.679 6.680 6.680 6.679 6.675 6.669 6.663 6.659 6.662 6.671 6.686 6.710
6.380 6.380 6.381 6.381 6.382 6.384 6.386 6.389 6.393 6.397 6.401 6.406 6.411 6.417 6.422 6.428 6.434 6.441 6.447 6.454 6.460 6.464 6.470 6.475 6.481 6.486 6.492 6.498 6.504 6.510 6.516 6.522 6.528 6.534 6.540 6.545 6.551 6.557 6.563 6.568 6.574 6.580 6.585 6.590 6.595 6.599 6.604 6.609 6.613 6.618 6.623 6.628 6.633 6.638 6.643 6.647 6.651 6.656 6.660 6.664 6.668 6.673 6.677 6.681 6.685 6.688 6.690 6.690 6.689 6.686 6.680 6.673 6.669 6.672 6.682 6.698 6.724
6.399 6.399 6.399 6.399 6.400 6.401 6.403 6.405 6.408 6.411 6.415 6.419 6.424 6.429 6.434 6.440 6.445 6.451 6.457 6.464 6.469 6.474 6.478 6.484 6.489 6.495 6.500 6.506 6.512 6.518 6.524 6.529 6.535 6.541 6.547 6.553 6.559 6.565 6.570 6.576 6.582 6.587 6.593 6.598 6.603 6.607 6.612 6.617 6.622 6.627 6.632 6.637 6.641 6.646 6.651 6.655 6.660 6.664 6.669 6.673 6.677 6.682 6.686 6.690 6.695 6.698 6.701 6.702 6.701 6.697 6.691 6.684 6.681 6.685 6.695 6.713 6.741
6.416 6.417 6.417 6.417 6.418 6.419 6.420 6.421 6.423 6.426 6.429 6.433 6.437 6.442 6.446 6.451 6.457 6.462 6.468 6.474 6.479 6.483 6.488 6.493 6.498 6.503 6.509 6.514 6.520 6.526 6.531 6.537 6.543 6.549 6.555 6.561 6.567 6.572 6.578 6.584 6.590 6.595 6.601 6.607 6.611 6.616 6.620 6.625 6.630 6.635 6.640 6.645 6.650 6.655 6.659 6.664 6.669 6.673 6.678 6.682 6.687 6.691 6.696 6.701 6.705 6.710 6.713 6.714 6.713 6.710 6.705 6.698 6.695 6.700 6.712 6.731 6.762
6.433 6.434 6.434 6.435 6.435 6.436 6.437 6.438 6.439 6.442 6.444 6.447 6.451 6.455 6.459 6.464 6.469 6.474 6.479 6.485 6.489 6.494 6.498 6.503 6.507 6.512 6.518 6.523 6.528 6.534 6.540 6.545 6.551 6.557 6.563 6.569 6.574 6.580 6.586 6.592 6.598 6.604 6.610 6.615 6.619 6.624 6.629 6.633 6.638 6.643 6.648 6.654 6.659 6.664 6.668 6.673 6.678 6.683 6.687 6.692 6.697 6.702 6.707 6.712 6.717 6.722 6.725 6.727 6.727 6.724 6.719 6.713 6.711 6.717 6.731 6.752 6.785
6.448 6.450 6.451 6.452 6.452 6.453 6.453 6.454 6.456 6.457 6.459 6.462 6.465 6.468 6.472 6.477 6.481 6.486 6.491 6.496 6.501 6.504 6.508 6.513 6.517 6.522 6.527 6.532 6.537 6.543 6.548 6.554 6.559 6.565 6.571 6.577 6.582 6.588 6.594 6.600 6.606 6.612 6.618 6.623 6.628 6.632 6.637 6.642 6.647 6.652 6.657 6.663 6.668 6.673 6.678 6.683 6.688 6.693 6.698 6.703 6.708 6.713 6.719 6.724 6.730 6.735 6.739 6.741 6.742 6.740 6.736 6.731 6.729 6.737 6.752 6.775 6.809
6.462 6.464 6.466 6.467 6.468 6.469 6.470 6.470 6.471 6.473 6.474 6.477 6.479 6.482 6.486 6.490 6.494 6.498 6.503 6.508 6.512 6.516 6.519 6.523 6.528 6.532 6.537 6.542 6.547 6.552 6.557 6.563 6.568 6.574 6.579 6.585 6.591 6.597 6.602 6.608 6.614 6.620 6.626 6.632 6.636 6.641 6.646 6.651 6.656 6.661 6.667 6.672 6.677 6.683 6.688 6.693 6.698 6.704 6.709 6.714 6.720 6.725 6.731 6.737 6.743 6.749 6.753 6.756 6.758 6.757 6.754 6.750 6.750 6.759 6.776 6.799 6.835
6.474 6.478 6.480 6.482 6.483 6.485 6.485 6.486 6.487 6.488 6.489 6.491 6.493 6.496 6.499 6.503 6.507 6.511 6.515 6.520 6.524 6.527 6.531 6.535 6.539 6.543 6.547 6.552 6.557 6.562 6.567 6.572 6.577 6.582 6.588 6.594 6.599 6.605 6.611 6.617 6.623 6.629 6.635 6.641 6.645 6.650 6.655 6.660 6.665 6.671 6.676 6.682 6.687 6.693 6.698 6.704 6.709 6.715 6.721 6.726 6.732 6.738 6.745 6.751 6.758 6.764 6.769 6.773 6.776 6.776 6.774 6.771 6.772 6.783 6.800 6.825 6.861
6.486 6.490 6.493 6.496 6.498 6.499 6.500 6.501 6.502 6.503 6.504 6.506 6.508 6.510 6.513 6.516 6.519 6.523 6.527 6.532 6.536 6.539 6.542 6.546 6.550 6.554 6.558 6.563 6.567 6.572 6.577 6.581 6.587 6.592 6.597 6.603 6.608 6.614 6.620 6.626 6.632 6.638 6.644 6.650 6.654 6.659 6.664 6.670 6.675 6.681 6.686 6.692 6.698 6.704 6.709 6.715 6.721 6.727 6.733 6.739 6.746 6.752 6.759 6.766 6.773 6.780 6.786 6.791 6.795 6.797 6.795 6.793 6.795 6.807 6.825 6.850 6.887
6.495 6.500 6.504 6.508 6.510 6.513 6.514 6.515 6.516 6.517 6.519 6.520 6.522 6.524 6.526 6.529 6.532 6.536 6.540 6.544 6.548 6.551 6.554 6.558 6.562 6.565 6.569 6.574 6.578 6.582 6.587 6.592 6.596 6.601 6.607 6.612 6.618 6.623 6.629 6.635 6.641 6.647 6.653 6.659 6.664 6.669 6.674 6.680 6.685 6.691 6.697 6.703 6.709 6.715 6.721 6.727 6.734 6.740 6.746 6.753 6.760 6.767 6.774 6.782 6.790 6.797 6.804 6.810 6.815 6.818 6.818 6.817 6.820 6.832 6.851 6.876 6.913
6.504 6.510 6.515 6.519 6.522 6.525 6.527 6.529 6.530 6.531 6.532 6.534 6.535 6.537 6.539 6.542 6.545 6.548 6.552 6.556 6.560 6.563 6.566 6.570 6.573 6.577 6.581 6.585 6.589 6.593 6.598 6.602 6.607 6.612 6.617 6.622 6.627 6.633 6.639 6.645 6.651 6.657 6.663 6.669 6.674 6.679 6.685 6.690 6.696 6.702 6.708 6.714 6.721 6.727 6.734 6.740 6.747 6.754 6.760 6.767 6.775 6.782 6.790 6.798 6.807 6.816 6.823 6.830 6.836 6.841 6.842 6.842 6.845 6.857 6.876 6.901 6.938
6.512 6.518 6.524 6.529 6.533 6.536 6.539 6.541 6.543 6.544 6.546 6.547 6.549 6.550 6.552 6.555 6.558 6.561 6.564 6.568 6.572 6.575 6.578 6.581 6.585 6.589 6.593 6.597 6.601 6.605 6.609 6.613 6.618 6.622 6.627 6.632 6.637 6.643 6.649 6.655 6.661 6.667 6.674 6.679 6.684 6.690 6.695 6.701 6.707 6.713 6.720 6.726 6.733 6.740 6.747 6.754 6.761 6.768 6.775 6.783 6.790 6.798 6.807 6.816 6.826 6.835 6.843 6.851 6.859 6.864 6.866 6.866 6.869 6.882 6.901 6.926 6.963
6.518 6.525 6.532 6.538 6.543 6.547 6.550 6.553 6.555 6.557 6.558 6.560 6.561 6.563 6.565 6.567 6.570 6.573 6.576 6.580 6.584 6.587 6.590 6.593 6.597 6.601 6.604 6.608 6.612 6.616 6.620 6.624 6.629 6.633 6.638 6.643 6.648 6.654 6.659 6.665 6.671 6.678 6.684 6.690 6.695 6.701 6.707 6.713 6.719 6.726 6.732 6.739 6.746 6.753 6.760 6.768 6.775 6.783 6.791 6.799 6.807 6.815 6.825 6.834 6.845 6.855 6.864 6.873 6.882 6.888 6.891 6.891 6.894 6.907 6.926 6.951 6.988
6.523 6.531 6.539 6.545 6.551 6.556 6.560 6.563 6.566 6.569 6.570 6.572 6.574 6.575 6.577 6.579 6.582 6.585 6.588 6.592 6.595 6.598 6.601 6.605 6.608 6.612 6.616 6.620 6.624 6.628 6.632 6.636 6.640 6.645 6.649 6.654 6.659 6.665 6.670 6.676 6.683 6.689 6.696 6.702 6.707 6.713 6.719 6.725 6.732 6.738 6.745 6.752 6.760 6.767 6.775 6.783 6.790 6.798 6.807 6.815 6.824 6.833 6.843 6.853 6.864 6.875 6.885 6.896 6.905 6.912 6.916 6.916 6.920 6.933 6.951 6.976 7.013
6.528 6.537 6.545 6.552 6.558 6.564 6.569 6.573 6.577 6.579 6.582 6.584 6.586 6.587 6.589 6.591 6.594 6.597 6.600 6.604 6.607 6.609 6.613 6.616 6.620 6.624 6.628 6.632 6.636 6.640 6.644 6.648 6.652 6.657 6.661 6.666 6.671 6.677 6.682 6.688 6.695 6.701 6.708 6.713 6.719 6.725 6.731 6.738 6.745 6.752 6.759 6.766 6.774 6.782 6.790 6.798 6.806 6.815 6.823 6.832 6.842 6.852 6.862 6.873 6.885 6.896 6.908 6.919 6.929 6.937 6.941 6.942 6.945 6.958 6.977 7.002 7.040
6.532 6.541 6.550 6.558 6.565 6.571 6.577 6.582 6.586 6.589 6.592 6.595 6.597 6.599 6.601 6.603 6.606 6.608 6.612 6.615 6.618 6.621 6.624 6.627 6.631 6.635 6.639 6.644 6.648 6.652 6.656 6.660 6.665 6.669 6.674 6.679 6.684 6.689 6.695 6.701 6.707 6.714 6.720 6.726 6.732 6.738 6.745 6.751 6.758 6.766 6.773 6.781 6.789 6.797 6.805 6.814 6.823 6.832 6.841 6.850 6.860 6.871 6.882 6.893 6.906 6.918 6.930 6.942 6.953 6.962 6.966 6.968 6.971 6.984 7.003 7.029 7.067
6.534 6.544 6.554 6.563 6.571 6.578 6.584 6.590 6.595 6.599 6.602 6.605 6.608 6.610 6.612 6.615 6.617 6.620 6.623 6.626 6.629 6.632 6.635 6.639 6.643 6.647 6.651 6.655 6.660 6.664 6.669 6.673 6.677 6.682 6.687 6.691 6.697 6.702 6.708 6.714 6.720 6.727 6.734 6.739 6.745 6.752 6.759 6.765 6.773 6.780 6.788 6.796 6.804 6.813 6.822 6.831 6.840 6.849 6.859 6.869 6.879 6.890 6.902 6.914 6.927 6.940 6.953 6.965 6.977 6.987 6.992 6.994 6.998 7.011 7.030 7.056 7.094
6.537 6.547 6.557 6.567 6.575 6.583 6.591 6.597 6.602 6.607 6.611 6.615 6.618 6.621 6.623 6.626 6.628 6.631 6.634 6.638 6.640 6.643 6.646 6.650 6.654 6.658 6.663 6.667 6.672 6.676 6.681 6.686 6.690 6.695 6.700 6.705 6.710 6.716 6.721 6.728 6.734 6.741 6.748 6.754 6.760 6.766 6.773 6.780 6.788 6.796 6.804 6.812 6.821 6.830 6.839 6.848 6.857 6.867 6.877 6.888 6.899 6.910 6.922 6.935 6.949 6.962 6.976 6.989 7.002 7.012 7.018 7.020 7.023 7.037 7.056 7.081 7.119
6.538 6.549 6.560 6.570 6.579 6.588 6.596 6.603 6.610 6.615 6.620 6.624 6.628 6.631 6.634 6.637 6.639 6.642 6.646 6.649 6.652 6.654 6.657 6.661 6.665 6.670 6.674 6.679 6.684 6.689 6.694 6.698 6.703 6.708 6.713 6.719 6.724 6.730 6.736 6.742 6.749 6.756 6.762 6.768 6.775 6.782 6.789 6.796 6.804 6.812 6.820 6.829 6.838 6.847 6.856 6.866 6.876 6.886 6.896 6.907 6.919 6.931 6.943 6.957 6.971 6.985 6.999 7.013 7.026 7.037 7.043 7.045 7.049 7.062 7.081 7.106 7.144
6.539 6.551 6.562 6.573 6.583 6.592 6.601 6.609 6.616 6.622 6.628 6.633 6.637 6.641 6.644 6.647 6.650 6.654 6.657 6.660 6.662 6.665 6.668 6.672 6.676 6.681 6.686 6.691 6.696 6.701 6.706 6.711 6.717 6.722 6.727 6.733 6.738 6.744 6.750 6.757 6.764 6.771 6.778 6.784 6.791 6.798 6.805 6.813 6.820 6.829 6.837 6.846 6.855 6.865 6.874 6.884 6.895 6.905 6.916 6.927 6.939 6.952 6.964 6.978 6.993 7.007 7.022 7.036 7.050 7.062 7.068 7.070 7.074 7.087 7.106 7.130 7.166
6.539 6.552 6.564 6.575 6.586 6.596 6.605 6.614 6.622 6.629 6.635 6.641 6.646 6.650 6.654 6.658 6.661 6.665 6.668 6.671 6.674 6.676 6.680 6.684 6.688 6.692 6.697 6.703 6.708 6.714 6.719 6.725 6.730 6.736 6.741 6.747 6.753 6.759 6.766 6.772 6.779 6.787 6.794 6.800 6.807 6.814 6.822 6.830 6.838 6.846 6.855 6.864 6.874 6.883 6.893 6.904 6.914 6.925 6.936 6.948 6.960 6.973 6.986 7.000 7.015 7.030 7.045 7.060 7.074 7.086 7.093 7.095 7.098 7.111 7.129 7.151 7.187
6.539 6.552 6.565 6.577 6.588 6.599 6.609 6.618 6.627 6.635 6.642 6.648 6.654 6.659 6.664 6.668 6.672 6.676 6.679 6.683 6.685 6.688 6.691 6.695 6.699 6.704 6.709 6.715 6.720 6.726 6.732 6.738 6.744 6.750 6.756 6.762 6.768 6.774 6.781 6.788 6.795 6.803 6.810 6.817 6.824 6.832 6.839 6.847 6.856 6.865 6.874 6.883 6.893 6.903 6.913 6.923 6.934 6.945 6.957 6.969 6.981 6.994 7.008 7.022 7.037 7.053 7.068 7.083 7.098 7.110 7.117 7.119 7.121 7.133 7.150 7.172 7.207
6.540 6.553 6.566 6.578 6.590 6.601 6.612 6.622 6.632 6.640 6.648 6.655 6.662 6.668 6.673 6.678 6.682 6.686 6.690 6.694 6.696 6.699 6.703 6.707 6.711 6.716 6.721 6.727 6.733 6.739 6.745 6.751 6.757 6.764 6.770 6.777 6.783 6.790 6.797 6.804 6.812 6.820 6.827 6.835 6.842 6.850 6.858 6.866 6.875 6.883 6.893 6.902 6.912 6.922 6.933 6.944 6.955 6.966 6.978 6.990 7.003 7.016 7.030 7.045 7.060 7.076 7.091 7.107 7.122 7.134 7.141 7.142 7.144 7.156 7.172 7.194 7.227
