version2/TsunamiDB/out54088.asc
ncols          264
nrows          230
xllcorner      497853.4375
yllcorner      4229146.0000
cellsize         5.
NODATA_value   -99
[rows 34 to 67 of 230, columns 77 to 153 of 264]
4.795 4.826 4.856 4.885 4.915 4.944 4.972 4.999 5.026 5.053 5.080 5.107 5.134 5.161 5.187 5.214 5.240 5.267 5.293 5.319 5.346 5.372 5.398 5.424 5.450 5.476 5.501 5.527 5.552 5.575 5.597 5.619 5.642 5.663 5.684 5.704 5.723 5.742 5.759 5.776 5.791 5.806 5.820 5.833 5.845 5.856 5.867 5.876 5.885 5.893 5.901 5.909 5.915 5.920 5.926 5.933 5.939 5.946 5.953 5.961 5.969 5.978 5.987 5.996 6.006 6.017 6.027 6.039 6.050 6.063 6.075 6.088 6.101 6.114 6.128 6.140 6.152
4.805 4.835 4.865 4.895 4.924 4.953 4.980 5.006 5.034 5.061 5.088 5.115 5.141 5.167 5.194 5.220 5.246 5.272 5.298 5.324 5.350 5.376 5.402 5.428 5.454 5.479 5.505 5.530 5.555 5.579 5.602 5.625 5.647 5.670 5.691 5.712 5.732 5.752 5.770 5.788 5.805 5.821 5.836 5.850 5.863 5.875 5.886 5.897 5.906 5.915 5.923 5.931 5.937 5.942 5.948 5.953 5.959 5.965 5.972 5.978 5.986 5.993 6.001 6.010 6.019 6.028 6.038 6.049 6.060 6.071 6.083 6.095 6.108 6.121 6.134 6.146 6.158
4.815 4.845 4.874 4.904 4.933 4.961 4.988 5.015 5.042 5.069 5.095 5.122 5.148 5.174 5.200 5.226 5.251 5.277 5.303 5.328 5.354 5.380 5.405 5.431 5.457 5.482 5.508 5.533 5.558 5.582 5.605 5.628 5.652 5.675 5.697 5.719 5.740 5.760 5.779 5.798 5.816 5.833 5.849 5.864 5.879 5.892 5.904 5.916 5.926 5.936 5.944 5.952 5.959 5.964 5.969 5.975 5.980 5.986 5.991 5.997 6.003 6.010 6.017 6.024 6.032 6.041 6.050 6.060 6.070 6.081 6.092 6.103 6.115 6.128 6.140 6.152 6.164
4.824 4.854 4.883 4.912 4.941 4.969 4.996 5.022 5.049 5.076 5.102 5.129 5.154 5.180 5.206 5.231 5.257 5.282 5.307 5.333 5.358 5.383 5.409 5.434 5.459 5.485 5.510 5.535 5.560 5.584 5.608 5.631 5.655 5.678 5.701 5.724 5.745 5.766 5.787 5.806 5.825 5.843 5.861 5.877 5.892 5.907 5.920 5.933 5.944 5.955 5.964 5.973 5.980 5.986 5.992 5.997 6.002 6.007 6.012 6.017 6.023 6.028 6.034 6.041 6.048 6.055 6.063 6.072 6.081 6.091 6.101 6.112 6.124 6.135 6.147 6.159 6.170
4.834 4.863 4.892 4.921 4.949 4.977 5.004 5.030 5.057 5.083 5.109 5.135 5.161 5.187 5.212 5.237 5.262 5.287 5.312 5.337 5.362 5.387 5.412 5.437 5.462 5.487 5.512 5.537 5.562 5.586 5.609 5.633 5.657 5.681 5.704 5.727 5.749 5.771 5.792 5.813 5.833 5.852 5.870 5.888 5.904 5.920 5.934 5.948 5.961 5.972 5.983 5.993 6.001 6.007 6.013 6.019 6.025 6.029 6.034 6.039 6.043 6.048 6.053 6.058 6.064 6.071 6.078 6.085 6.094 6.103 6.112 6.122 6.133 6.144 6.155 6.166 6.177
4.844 4.873 4.901 4.930 4.958 4.985 5.012 5.038 5.064 5.090 5.116 5.142 5.167 5.193 5.218 5.243 5.268 5.292 5.317 5.342 5.366 5.391 5.415 5.440 5.464 5.489 5.514 5.539 5.563 5.587 5.611 5.635 5.659 5.682 5.706 5.729 5.752 5.775 5.797 5.818 5.838 5.858 5.878 5.896 5.914 5.930 5.946 5.961 5.975 5.988 6.000 6.011 6.020 6.027 6.034 6.041 6.046 6.052 6.056 6.061 6.065 6.069 6.073 6.078 6.082 6.088 6.094 6.100 6.108 6.115 6.124 6.133 6.143 6.153 6.164 6.174 6.184
4.854 4.882 4.911 4.938 4.966 4.993 5.020 5.045 5.071 5.097 5.123 5.149 5.174 5.199 5.224 5.248 5.273 5.297 5.322 5.346 5.370 5.394 5.419 5.443 5.467 5.491 5.516 5.540 5.565 5.589 5.612 5.636 5.660 5.684 5.707 5.731 5.754 5.777 5.799 5.821 5.842 5.863 5.883 5.903 5.921 5.939 5.956 5.972 5.987 6.001 6.015 6.027 6.037 6.046 6.054 6.061 6.068 6.073 6.078 6.083 6.087 6.091 6.094 6.098 6.102 6.106 6.111 6.117 6.123 6.130 6.137 6.145 6.154 6.163 6.173 6.183 6.192
4.864 4.892 4.920 4.947 4.975 5.002 5.027 5.053 5.079 5.104 5.130 5.155 5.180 5.205 5.230 5.254 5.278 5.302 5.327 5.350 5.374 5.398 5.422 5.446 5.470 5.494 5.518 5.542 5.566 5.590 5.613 5.636 5.660 5.684 5.708 5.731 5.755 5.778 5.801 5.823 5.845 5.866 5.887 5.907 5.927 5.946 5.964 5.981 5.997 6.013 6.027 6.040 6.052 6.062 6.071 6.080 6.087 6.094 6.100 6.105 6.109 6.113 6.116 6.120 6.123 6.126 6.130 6.135 6.140 6.145 6.152 6.159 6.166 6.175 6.184 6.193 6.201
4.875 4.903 4.930 4.957 4.984 5.010 5.035 5.060 5.086 5.111 5.137 5.162 5.186 5.211 5.235 5.260 5.284 5.308 5.331 5.355 5.379 5.402 5.426 5.449 5.473 5.497 5.520 5.544 5.568 5.591 5.614 5.637 5.661 5.684 5.708 5.732 5.755 5.778 5.801 5.824 5.846 5.868 5.890 5.911 5.931 5.951 5.970 5.988 6.005 6.022 6.037 6.052 6.065 6.076 6.086 6.096 6.105 6.113 6.120 6.126 6.131 6.135 6.138 6.142 6.145 6.148 6.151 6.154 6.158 6.163 6.168 6.174 6.180 6.187 6.195 6.203 6.211
4.887 4.914 4.940 4.967 4.993 5.019 5.044 5.068 5.093 5.118 5.143 5.168 5.193 5.217 5.241 5.265 5.289 5.313 5.336 5.360 5.383 5.406 5.430 5.453 5.476 5.499 5.523 5.546 5.570 5.592 5.615 5.638 5.661 5.685 5.708 5.732 5.755 5.778 5.801 5.824 5.847 5.869 5.891 5.912 5.933 5.954 5.974 5.993 6.011 6.028 6.045 6.061 6.075 6.088 6.099 6.111 6.121 6.130 6.138 6.145 6.151 6.156 6.160 6.164 6.167 6.169 6.172 6.175 6.178 6.181 6.185 6.190 6.195 6.202 6.209 6.215 6.222
4.899 4.925 4.951 4.977 5.003 5.028 5.053 5.077 5.101 5.126 5.150 5.175 5.199 5.223 5.247 5.271 5.294 5.318 5.341 5.364 5.387 5.410 5.434 5.456 5.479 5.502 5.525 5.548 5.572 5.594 5.616 5.639 5.662 5.685 5.708 5.731 5.755 5.778 5.801 5.824 5.847 5.869 5.891 5.913 5.935 5.956 5.976 5.996 6.015 6.033 6.051 6.068 6.083 6.097 6.110 6.123 6.134 6.145 6.154 6.162 6.170 6.176 6.181 6.185 6.188 6.191 6.194 6.196 6.199 6.201 6.204 6.208 6.212 6.217 6.223 6.229 6.235
4.912 4.938 4.963 4.988 5.013 5.038 5.062 5.086 5.110 5.134 5.158 5.182 5.206 5.229 5.253 5.276 5.300 5.323 5.346 5.369 5.392 5.415 5.437 5.460 5.483 5.505 5.528 5.551 5.574 5.596 5.617 5.640 5.662 5.685 5.708 5.731 5.754 5.777 5.800 5.823 5.846 5.868 5.891 5.913 5.935 5.956 5.977 5.998 6.017 6.037 6.055 6.073 6.089 6.104 6.119 6.132 6.145 6.157 6.168 6.178 6.186 6.193 6.200 6.205 6.209 6.213 6.216 6.218 6.220 6.222 6.225 6.227 6.231 6.235 6.239 6.243 6.248
4.926 4.951 4.976 5.000 5.025 5.049 5.072 5.095 5.119 5.142 5.166 5.189 5.213 5.236 5.259 5.282 5.305 5.328 5.351 5.374 5.396 5.419 5.441 5.464 5.486 5.509 5.531 5.553 5.576 5.598 5.619 5.641 5.663 5.686 5.708 5.731 5.754 5.776 5.799 5.822 5.845 5.867 5.890 5.912 5.934 5.956 5.977 5.998 6.018 6.038 6.058 6.076 6.093 6.109 6.125 6.140 6.154 6.167 6.179 6.190 6.200 6.209 6.217 6.223 6.228 6.233 6.236 6.239 6.242 6.244 6.246 6.248 6.250 6.253 6.257 6.260 6.263
4.941 4.966 4.990 5.013 5.037 5.061 5.083 5.105 5.128 5.151 5.174 5.197 5.220 5.243 5.265 5.288 5.311 5.333 5.356 5.378 5.401 5.423 5.445 5.468 5.490 5.512 5.534 5.556 5.578 5.600 5.621 5.642 5.664 5.686 5.709 5.731 5.753 5.776 5.798 5.821 5.843 5.866 5.888 5.910 5.933 5.954 5.976 5.997 6.018 6.039 6.059 6.078 6.096 6.113 6.129 6.145 6.160 6.175 6.188 6.201 6.212 6.222 6.231 6.239 6.246 6.251 6.256 6.260 6.263 6.265 6.267 6.269 6.271 6.273 6.275 6.277 6.280
4.957 4.981 5.004 5.028 5.051 5.073 5.095 5.117 5.139 5.161 5.184 5.206 5.228 5.250 5.272 5.295 5.317 5.339 5.361 5.383 5.405 5.427 5.449 5.471 5.493 5.515 5.537 5.559 5.581 5.602 5.622 5.644 5.665 5.687 5.709 5.731 5.753 5.775 5.797 5.820 5.842 5.864 5.886 5.909 5.931 5.953 5.974 5.996 6.017 6.038 6.059 6.078 6.097 6.114 6.132 6.149 6.165 6.180 6.195 6.209 6.221 6.233 6.243 6.253 6.261 6.268 6.274 6.278 6.282 6.285 6.288 6.290 6.291 6.293 6.295 6.296 6.297
4.974 4.997 5.020 5.043 5.065 5.087 5.108 5.129 5.151 5.172 5.194 5.215 5.237 5.259 5.280 5.302 5.323 5.345 5.367 5.388 5.410 5.432 5.453 5.475 5.497 5.519 5.540 5.562 5.583 5.604 5.624 5.645 5.667 5.688 5.710 5.732 5.753 5.775 5.797 5.819 5.841 5.863 5.885 5.907 5.929 5.951 5.972 5.994 6.015 6.037 6.057 6.078 6.097 6.115 6.133 6.150 6.168 6.184 6.200 6.215 6.229 6.241 6.253 6.264 6.274 6.282 6.289 6.295 6.300 6.304 6.307 6.310 6.312 6.314 6.315 6.315 6.316
4.992 5.014 5.037 5.059 5.081 5.102 5.122 5.143 5.164 5.184 5.205 5.226 5.247 5.268 5.289 5.310 5.331 5.352 5.373 5.394 5.415 5.436 5.458 5.479 5.501 5.522 5.543 5.565 5.586 5.606 5.626 5.647 5.668 5.690 5.711 5.732 5.754 5.775 5.796 5.818 5.840 5.861 5.883 5.905 5.926 5.948 5.970 5.992 6.013 6.034 6.056 6.076 6.095 6.114 6.132 6.151 6.169 6.186 6.203 6.219 6.234 6.248 6.261 6.273 6.284 6.294 6.302 6.310 6.316 6.321 6.325 6.329 6.331 6.334 6.334 6.334 6.335
5.010 5.032 5.054 5.076 5.097 5.118 5.137 5.157 5.178 5.198 5.218 5.238 5.258 5.278 5.298 5.318 5.339 5.359 5.379 5.400 5.421 5.442 5.462 5.483 5.504 5.526 5.547 5.568 5.589 5.608 5.628 5.649 5.670 5.691 5.712 5.733 5.754 5.775 5.796 5.817 5.839 5.860 5.881 5.903 5.924 5.946 5.967 5.989 6.010 6.032 6.053 6.074 6.093 6.112 6.131 6.150 6.169 6.187 6.204 6.221 6.237 6.252 6.266 6.280 6.292 6.303 6.313 6.322 6.330 6.336 6.342 6.346 6.349 6.352 6.353 6.354 6.354
5.028 5.050 5.072 5.094 5.115 5.135 5.153 5.173 5.193 5.212 5.232 5.251 5.270 5.289 5.309 5.328 5.348 5.367 5.387 5.407 5.427 5.447 5.468 5.488 5.509 5.529 5.550 5.571 5.591 5.610 5.631 5.651 5.672 5.692 5.713 5.734 5.755 5.775 5.796 5.817 5.838 5.859 5.880 5.901 5.922 5.944 5.965 5.986 6.008 6.029 6.050 6.071 6.090 6.109 6.129 6.148 6.167 6.186 6.204 6.222 6.238 6.255 6.270 6.284 6.298 6.310 6.321 6.332 6.341 6.349 6.355 6.361 6.366 6.369 6.371 6.372 6.373
5.047 5.069 5.091 5.112 5.133 5.152 5.171 5.190 5.209 5.228 5.247 5.265 5.284 5.302 5.321 5.339 5.358 5.377 5.396 5.415 5.434 5.454 5.473 5.493 5.513 5.534 5.554 5.574 5.594 5.613 5.633 5.653 5.674 5.694 5.714 5.735 5.755 5.776 5.796 5.817 5.837 5.858 5.879 5.900 5.921 5.942 5.963 5.984 6.005 6.026 6.047 6.067 6.087 6.106 6.126 6.146 6.165 6.184 6.203 6.221 6.239 6.256 6.272 6.287 6.301 6.315 6.328 6.339 6.350 6.359 6.367 6.374 6.380 6.384 6.387 6.389 6.390
5.066 5.088 5.109 5.130 5.151 5.170 5.188 5.207 5.226 5.245 5.263 5.281 5.299 5.317 5.334 5.352 5.370 5.388 5.406 5.424 5.442 5.461 5.480 5.499 5.519 5.538 5.558 5.578 5.597 5.616 5.635 5.655 5.675 5.696 5.716 5.736 5.756 5.776 5.797 5.817 5.837 5.858 5.878 5.899 5.919 5.940 5.961 5.981 6.002 6.023 6.044 6.064 6.083 6.103 6.123 6.143 6.163 6.182 6.201 6.220 6.238 6.255 6.272 6.288 6.304 6.318 6.332 6.345 6.356 6.367 6.376 6.384 6.391 6.398 6.402 6.404 6.406
5.085 5.106 5.128 5.149 5.169 5.188 5.207 5.226 5.244 5.262 5.280 5.298 5.315 5.332 5.349 5.366 5.383 5.400 5.417 5.434 5.452 5.470 5.488 5.506 5.525 5.544 5.563 5.582 5.601 5.619 5.638 5.658 5.678 5.697 5.717 5.737 5.757 5.777 5.797 5.817 5.837 5.857 5.877 5.898 5.918 5.938 5.959 5.979 6.000 6.020 6.041 6.061 6.080 6.100 6.120 6.140 6.159 6.179 6.198 6.217 6.236 6.254 6.271 6.288 6.304 6.320 6.334 6.348 6.361 6.372 6.383 6.393 6.401 6.408 6.414 6.417 6.421
5.103 5.125 5.146 5.167 5.188 5.207 5.225 5.244 5.262 5.280 5.298 5.315 5.332 5.349 5.365 5.381 5.398 5.414 5.430 5.446 5.463 5.480 5.497 5.514 5.532 5.550 5.568 5.587 5.605 5.623 5.641 5.661 5.680 5.699 5.719 5.739 5.758 5.778 5.798 5.817 5.837 5.857 5.877 5.897 5.917 5.937 5.957 5.977 5.997 6.018 6.038 6.058 6.077 6.097 6.116 6.136 6.156 6.176 6.195 6.214 6.233 6.252 6.270 6.287 6.304 6.320 6.335 6.350 6.364 6.376 6.388 6.399 6.408 6.417 6.424 6.429 6.433
5.121 5.143 5.164 5.185 5.206 5.225 5.243 5.262 5.281 5.299 5.316 5.333 5.350 5.366 5.382 5.398 5.414 5.429 5.444 5.460 5.475 5.491 5.507 5.524 5.540 5.557 5.575 5.593 5.610 5.627 5.645 5.664 5.683 5.702 5.721 5.740 5.760 5.779 5.798 5.818 5.837 5.857 5.877 5.896 5.916 5.936 5.955 5.975 5.995 6.015 6.036 6.055 6.074 6.093 6.113 6.133 6.153 6.172 6.192 6.211 6.230 6.249 6.267 6.285 6.302 6.319 6.335 6.350 6.365 6.379 6.391 6.403 6.414 6.424 6.432 6.438 6.443
5.138 5.160 5.182 5.203 5.223 5.243 5.261 5.280 5.299 5.317 5.334 5.352 5.368 5.384 5.400 5.416 5.431 5.446 5.460 5.475 5.490 5.505 5.520 5.535 5.550 5.566 5.583 5.600 5.616 5.632 5.650 5.668 5.686 5.705 5.723 5.742 5.761 5.780 5.800 5.819 5.838 5.857 5.877 5.896 5.915 5.935 5.954 5.974 5.994 6.014 6.034 6.053 6.071 6.091 6.110 6.130 6.149 6.169 6.189 6.208 6.227 6.246 6.264 6.283 6.300 6.317 6.334 6.350 6.365 6.380 6.393 6.406 6.418 6.429 6.438 6.445 6.452
5.155 5.177 5.198 5.220 5.241 5.260 5.279 5.298 5.317 5.335 5.353 5.370 5.387 5.403 5.419 5.434 5.449 5.463 5.477 5.492 5.505 5.519 5.534 5.548 5.562 5.577 5.592 5.608 5.624 5.639 5.655 5.673 5.690 5.708 5.726 5.745 5.763 5.782 5.801 5.820 5.839 5.858 5.877 5.896 5.915 5.934 5.954 5.973 5.993 6.012 6.032 6.051 6.069 6.088 6.107 6.127 6.146 6.166 6.185 6.205 6.224 6.243 6.261 6.280 6.298 6.315 6.332 6.349 6.365 6.380 6.394 6.408 6.421 6.432 6.443 6.451 6.459
5.171 5.193 5.215 5.236 5.257 5.277 5.296 5.315 5.334 5.352 5.370 5.388 5.405 5.421 5.437 5.452 5.467 5.482 5.496 5.509 5.523 5.536 5.549 5.562 5.576 5.590 5.604 5.619 5.633 5.647 5.662 5.679 5.695 5.713 5.730 5.748 5.766 5.784 5.803 5.821 5.840 5.859 5.877 5.896 5.915 5.934 5.953 5.972 5.992 6.011 6.030 6.049 6.067 6.086 6.105 6.124 6.144 6.163 6.182 6.202 6.221 6.240 6.259 6.277 6.295 6.313 6.330 6.347 6.363 6.379 6.394 6.409 6.422 6.435 6.446 6.455 6.464
5.187 5.209 5.231 5.252 5.273 5.293 5.312 5.331 5.350 5.369 5.387 5.405 5.422 5.439 5.455 5.471 5.486 5.500 5.514 5.528 5.541 5.554 5.566 5.579 5.591 5.604 5.617 5.631 5.644 5.657 5.671 5.686 5.702 5.718 5.735 5.752 5.769 5.787 5.805 5.823 5.841 5.860 5.878 5.897 5.916 5.935 5.953 5.972 5.991 6.010 6.030 6.048 6.066 6.084 6.103 6.122 6.142 6.161 6.180 6.199 6.218 6.237 6.256 6.274 6.293 6.310 6.328 6.345 6.362 6.378 6.394 6.409 6.423 6.436 6.448 6.458 6.468
5.203 5.225 5.246 5.267 5.288 5.308 5.327 5.347 5.366 5.385 5.404 5.422 5.439 5.456 5.473 5.489 5.504 5.519 5.533 5.547 5.560 5.572 5.585 5.597 5.609 5.620 5.632 5.645 5.657 5.668 5.681 5.695 5.710 5.725 5.741 5.757 5.773 5.791 5.808 5.826 5.844 5.862 5.880 5.898 5.917 5.935 5.954 5.973 5.991 6.010 6.029 6.047 6.065 6.083 6.102 6.121 6.140 6.159 6.178 6.197 6.216 6.235 6.253 6.272 6.290 6.308 6.326 6.343 6.360 6.377 6.393 6.408 6.423 6.437 6.450 6.461 6.471
5.218 5.240 5.261 5.282 5.303 5.323 5.342 5.362 5.381 5.400 5.419 5.438 5.455 5.473 5.490 5.506 5.522 5.537 5.551 5.565 5.579 5.591 5.604 5.615 5.627 5.638 5.649 5.661 5.671 5.682 5.694 5.706 5.720 5.734 5.748 5.763 5.779 5.795 5.812 5.829 5.846 5.864 5.882 5.900 5.918 5.936 5.955 5.973 5.992 6.010 6.029 6.047 6.065 6.083 6.101 6.120 6.139 6.158 6.176 6.195 6.214 6.233 6.251 6.270 6.288 6.306 6.324 6.342 6.359 6.376 6.392 6.408 6.423 6.438 6.451 6.463 6.474
5.234 5.255 5.276 5.297 5.318 5.337 5.357 5.376 5.396 5.415 5.434 5.453 5.471 5.489 5.506 5.523 5.539 5.554 5.569 5.584 5.597 5.610 5.623 5.635 5.646 5.657 5.668 5.678 5.688 5.698 5.708 5.720 5.732 5.744 5.757 5.771 5.786 5.801 5.817 5.833 5.850 5.867 5.884 5.902 5.920 5.938 5.956 5.974 5.993 6.011 6.030 6.047 6.065 6.083 6.101 6.120 6.138 6.157 6.176 6.194 6.213 6.232 6.250 6.269 6.287 6.305 6.323 6.340 6.358 6.375 6.392 6.408 6.424 6.439 6.452 6.465 6.477
5.249 5.270 5.291 5.312 5.332 5.352 5.371 5.390 5.410 5.429 5.448 5.467 5.485 5.503 5.521 5.538 5.555 5.571 5.586 5.601 5.615 5.629 5.642 5.654 5.666 5.677 5.687 5.697 5.706 5.715 5.725 5.735 5.746 5.757 5.769 5.781 5.795 5.809 5.823 5.839 5.855 5.871 5.888 5.905 5.922 5.940 5.958 5.976 5.994 6.012 6.031 6.048 6.065 6.083 6.101 6.120 6.138 6.157 6.175 6.194 6.212 6.231 6.249 6.268 6.286 6.304 6.322 6.340 6.357 6.374 6.391 6.408 6.424 6.439 6.453 6.466 6.479
5.265 5.286 5.306 5.327 5.347 5.366 5.385 5.404 5.424 5.443 5.462 5.481 5.499 5.518 5.535 5.553 5.570 5.586 5.602 5.618 5.633 5.647 5.660 5.673 5.685 5.696 5.707 5.717 5.726 5.734 5.743 5.752 5.762 5.772 5.782 5.793 5.805 5.818 5.832 5.846 5.861 5.876 5.892 5.909 5.926 5.943 5.961 5.978 5.996 6.014 6.032 6.050 6.067 6.084 6.102 6.120 6.139 6.157 6.176 6.194 6.212 6.231 6.249 6.267 6.286 6.304 6.322 6.339 6.357 6.374 6.391 6.408 6.425 6.441 6.455 6.468 6.481
5.281 5.301 5.322 5.342 5.361 5.380 5.399 5.418 5.437 5.456 5.475 5.494 5.513 5.531 5.549 5.567 5.584 5.601 5.618 5.634 5.649 5.664 5.678 5.691 5.704 5.716 5.727 5.737 5.746 5.754 5.762 5.771 5.780 5.789 5.798 5.808 5.818 5.830 5.842 5.855 5.868 5.883 5.898 5.914 5.930 5.947 5.964 5.981 5.999 6.017 6.035 6.051 6.068 6.086 6.104 6.122 6.140 6.158 6.176 6.195 6.213 6.231 6.250 6.268 6.286 6.304 6.322 6.340 6.357 6.375 6.392 6.409 6.426 6.442 6.456 6.470 6.484
