version2/TsunamiDB/out54090.asc
ncols          264
nrows          230
xllcorner      497853.4375
yllcorner      4229146.0000
cellsize         5.
NODATA_value   -99
[rows 170 to 203 of 230, columns 77 to 153 of 264]
6.264 6.270 6.276 6.282 6.287 6.293 6.300 6.306 6.313 6.320 6.327 6.335 6.343 6.351 6.360 6.368 6.377 6.386 6.396 6.405 6.415 6.424 6.433 6.442 6.451 6.460 6.470 6.480 6.490 6.500 6.509 6.519 6.528 6.538 6.547 6.555 6.563 6.572 6.579 6.587 6.595 6.602 6.610 6.618 6.626 6.633 6.641 6.649 6.658 6.668 6.678 6.689 6.701 6.712 6.724 6.736 6.748 6.759 6.771 6.783 6.795 6.807 6.818 6.830 6.842 6.854 6.866 6.879 6.890 6.901 6.913 6.924 6.936 6.948 6.960 6.972 6.984
6.285 6.291 6.298 6.304 6.310 6.315 6.321 6.327 6.333 6.339 6.346 6.353 6.360 6.367 6.375 6.383 6.391 6.399 6.408 6.417 6.425 6.435 6.443 6.451 6.460 6.469 6.479 6.488 6.498 6.508 6.518 6.527 6.537 6.546 6.555 6.564 6.573 6.581 6.589 6.597 6.604 6.612 6.619 6.627 6.635 6.643 6.650 6.658 6.667 6.676 6.687 6.697 6.709 6.720 6.732 6.744 6.756 6.768 6.780 6.792 6.804 6.816 6.827 6.839 6.851 6.864 6.876 6.888 6.900 6.911 6.923 6.935 6.946 6.959 6.971 6.983 6.995
6.304 6.312 6.319 6.325 6.331 6.337 6.343 6.349 6.355 6.360 6.366 6.372 6.379 6.385 6.392 6.399 6.406 6.414 6.422 6.430 6.438 6.446 6.454 6.462 6.470 6.479 6.488 6.497 6.507 6.516 6.526 6.536 6.545 6.555 6.564 6.573 6.581 6.590 6.598 6.606 6.614 6.621 6.629 6.637 6.645 6.652 6.659 6.667 6.676 6.685 6.695 6.706 6.717 6.728 6.740 6.752 6.764 6.776 6.788 6.800 6.813 6.825 6.837 6.849 6.861 6.873 6.886 6.899 6.910 6.921 6.933 6.945 6.957 6.969 6.982 6.994 7.007
6.321 6.330 6.338 6.346 6.352 6.359 6.365 6.371 6.377 6.382 6.388 6.393 6.399 6.405 6.411 6.417 6.424 6.430 6.437 6.444 6.452 6.459 6.466 6.473 6.481 6.489 6.498 6.507 6.516 6.525 6.535 6.544 6.554 6.563 6.572 6.581 6.590 6.599 6.607 6.615 6.623 6.631 6.639 6.647 6.655 6.661 6.668 6.676 6.685 6.694 6.704 6.714 6.725 6.736 6.748 6.760 6.772 6.785 6.797 6.809 6.822 6.834 6.846 6.858 6.871 6.883 6.896 6.909 6.920 6.932 6.944 6.956 6.968 6.981 6.993 7.006 7.019
6.336 6.346 6.355 6.364 6.372 6.379 6.386 6.392 6.398 6.404 6.410 6.415 6.421 6.426 6.432 6.437 6.443 6.449 6.455 6.461 6.468 6.475 6.480 6.486 6.493 6.501 6.509 6.517 6.526 6.535 6.544 6.553 6.563 6.572 6.581 6.590 6.599 6.608 6.616 6.625 6.633 6.641 6.649 6.657 6.664 6.671 6.678 6.685 6.694 6.703 6.713 6.723 6.734 6.745 6.757 6.769 6.781 6.793 6.806 6.818 6.831 6.843 6.856 6.868 6.881 6.893 6.907 6.919 6.931 6.942 6.955 6.967 6.979 6.992 7.005 7.018 7.031
6.349 6.360 6.371 6.380 6.389 6.398 6.405 6.413 6.419 6.425 6.431 6.437 6.443 6.448 6.453 6.458 6.464 6.469 6.474 6.480 6.486 6.491 6.496 6.501 6.507 6.514 6.521 6.529 6.537 6.545 6.554 6.563 6.572 6.581 6.590 6.599 6.608 6.617 6.626 6.634 6.642 6.650 6.658 6.667 6.674 6.680 6.687 6.695 6.703 6.712 6.722 6.732 6.742 6.754 6.765 6.777 6.790 6.802 6.815 6.827 6.840 6.853 6.865 6.878 6.891 6.904 6.917 6.929 6.941 6.953 6.966 6.978 6.991 7.004 7.017 7.030 7.044
6.360 6.372 6.384 6.395 6.405 6.414 6.423 6.431 6.439 6.446 6.452 6.458 6.464 6.470 6.475 6.480 6.485 6.490 6.495 6.500 6.506 6.510 6.514 6.518 6.524 6.529 6.536 6.542 6.550 6.557 6.565 6.574 6.582 6.591 6.600 6.609 6.618 6.627 6.635 6.644 6.652 6.660 6.668 6.676 6.684 6.690 6.697 6.705 6.713 6.722 6.731 6.741 6.751 6.763 6.774 6.786 6.799 6.811 6.824 6.837 6.849 6.862 6.875 6.888 6.901 6.914 6.927 6.940 6.952 6.965 6.977 6.990 7.003 7.016 7.030 7.043 7.057
6.369 6.382 6.395 6.407 6.418 6.429 6.439 6.448 6.456 6.464 6.471 6.478 6.485 6.491 6.497 6.502 6.507 6.512 6.517 6.522 6.527 6.530 6.534 6.537 6.542 6.546 6.552 6.558 6.564 6.571 6.578 6.586 6.594 6.602 6.611 6.619 6.628 6.636 6.645 6.654 6.662 6.670 6.678 6.686 6.694 6.700 6.707 6.715 6.723 6.731 6.740 6.750 6.761 6.772 6.783 6.795 6.808 6.820 6.833 6.846 6.859 6.872 6.885 6.898 6.911 6.925 6.938 6.951 6.964 6.976 6.989 7.002 7.015 7.029 7.043 7.057 7.071
6.377 6.391 6.405 6.418 6.430 6.441 6.452 6.462 6.472 6.480 6.489 6.497 6.504 6.511 6.517 6.523 6.529 6.534 6.539 6.544 6.548 6.552 6.555 6.558 6.562 6.566 6.570 6.575 6.580 6.586 6.593 6.599 6.607 6.614 6.622 6.630 6.639 6.647 6.656 6.664 6.672 6.680 6.688 6.697 6.704 6.710 6.717 6.725 6.733 6.741 6.750 6.760 6.770 6.781 6.793 6.804 6.817 6.829 6.842 6.855 6.869 6.882 6.895 6.908 6.922 6.935 6.949 6.962 6.975 6.988 7.001 7.014 7.028 7.042 7.056 7.070 7.085
6.383 6.398 6.413 6.426 6.440 6.452 6.464 6.475 6.485 6.495 6.504 6.513 6.521 6.529 6.536 6.543 6.549 6.555 6.561 6.566 6.570 6.574 6.577 6.580 6.583 6.586 6.590 6.594 6.598 6.603 6.609 6.615 6.621 6.628 6.635 6.643 6.651 6.659 6.667 6.675 6.683 6.691 6.699 6.707 6.715 6.721 6.728 6.735 6.743 6.751 6.760 6.770 6.780 6.791 6.802 6.814 6.826 6.839 6.852 6.865 6.878 6.892 6.905 6.919 6.932 6.946 6.960 6.974 6.987 7.000 7.013 7.027 7.041 7.055 7.069 7.084 7.099
6.389 6.405 6.420 6.434 6.448 6.461 6.474 6.486 6.497 6.508 6.518 6.527 6.537 6.545 6.553 6.561 6.568 6.575 6.581 6.586 6.592 6.596 6.599 6.602 6.605 6.608 6.611 6.615 6.618 6.622 6.627 6.632 6.638 6.644 6.650 6.657 6.664 6.672 6.679 6.687 6.695 6.703 6.711 6.719 6.726 6.732 6.739 6.746 6.754 6.762 6.771 6.780 6.790 6.801 6.812 6.824 6.836 6.849 6.862 6.875 6.888 6.902 6.916 6.929 6.943 6.957 6.971 6.985 6.998 7.012 7.026 7.040 7.054 7.068 7.083 7.098 7.114
6.394 6.410 6.426 6.441 6.455 6.469 6.483 6.495 6.507 6.519 6.530 6.540 6.550 6.560 6.568 6.577 6.585 6.592 6.599 6.606 6.612 6.617 6.620 6.624 6.627 6.630 6.633 6.636 6.640 6.643 6.647 6.651 6.656 6.661 6.666 6.673 6.679 6.686 6.693 6.701 6.708 6.716 6.723 6.731 6.738 6.744 6.751 6.758 6.765 6.773 6.782 6.791 6.801 6.811 6.822 6.834 6.846 6.859 6.872 6.885 6.898 6.912 6.926 6.940 6.954 6.968 6.983 6.997 7.010 7.024 7.038 7.052 7.067 7.082 7.097 7.113 7.129
6.399 6.415 6.431 6.447 6.462 6.476 6.490 6.504 6.517 6.529 6.540 6.551 6.562 6.572 6.582 6.591 6.600 6.608 6.616 6.624 6.631 6.636 6.641 6.645 6.649 6.652 6.656 6.659 6.662 6.665 6.668 6.671 6.675 6.680 6.684 6.690 6.696 6.702 6.708 6.715 6.722 6.729 6.737 6.744 6.751 6.757 6.763 6.770 6.777 6.785 6.793 6.802 6.812 6.822 6.833 6.844 6.856 6.869 6.882 6.895 6.909 6.923 6.937 6.951 6.965 6.980 6.994 7.009 7.022 7.037 7.051 7.066 7.081 7.096 7.112 7.128 7.144
6.403 6.420 6.436 6.452 6.468 6.483 6.497 6.511 6.525 6.537 6.550 6.561 6.573 6.584 6.594 6.604 6.613 6.623 6.631 6.640 6.648 6.654 6.659 6.664 6.669 6.673 6.677 6.681 6.684 6.687 6.690 6.693 6.696 6.700 6.704 6.709 6.714 6.719 6.725 6.731 6.738 6.745 6.751 6.759 6.765 6.771 6.777 6.783 6.790 6.798 6.806 6.814 6.824 6.834 6.844 6.855 6.867 6.880 6.893 6.906 6.920 6.934 6.948 6.962 6.977 6.991 7.006 7.021 7.035 7.049 7.064 7.079 7.094 7.110 7.126 7.143 7.160
6.408 6.425 6.441 6.458 6.474 6.489 6.504 6.518 6.532 6.545 6.558 6.571 6.582 6.594 6.605 6.615 6.626 6.635 6.645 6.654 6.663 6.670 6.676 6.682 6.688 6.693 6.698 6.702 6.706 6.709 6.712 6.715 6.718 6.721 6.725 6.729 6.733 6.738 6.743 6.749 6.755 6.761 6.768 6.774 6.780 6.786 6.791 6.798 6.804 6.811 6.819 6.827 6.836 6.846 6.856 6.867 6.879 6.891 6.904 6.917 6.931 6.945 6.959 6.974 6.988 7.003 7.018 7.033 7.048 7.062 7.077 7.093 7.109 7.125 7.141 7.158 7.175
6.412 6.429 6.446 6.463 6.479 6.495 6.510 6.525 6.539 6.553 6.566 6.579 6.591 6.603 6.615 6.626 6.636 6.647 6.657 6.667 6.676 6.685 6.692 6.698 6.705 6.711 6.717 6.722 6.726 6.730 6.734 6.737 6.740 6.743 6.746 6.750 6.754 6.758 6.763 6.768 6.773 6.779 6.785 6.791 6.797 6.802 6.807 6.813 6.819 6.826 6.833 6.841 6.850 6.859 6.869 6.880 6.891 6.903 6.916 6.929 6.943 6.957 6.971 6.986 7.001 7.016 7.031 7.046 7.061 7.075 7.091 7.107 7.123 7.140 7.157 7.174 7.192
6.416 6.434 6.451 6.468 6.484 6.501 6.516 6.531 6.546 6.560 6.574 6.587 6.600 6.612 6.624 6.635 6.647 6.657 6.668 6.678 6.689 6.697 6.705 6.713 6.720 6.728 6.734 6.740 6.745 6.750 6.754 6.758 6.761 6.765 6.768 6.771 6.775 6.779 6.783 6.788 6.793 6.798 6.804 6.810 6.815 6.820 6.824 6.830 6.836 6.842 6.849 6.856 6.865 6.873 6.883 6.893 6.905 6.916 6.929 6.942 6.956 6.969 6.984 6.998 7.013 7.029 7.044 7.059 7.074 7.089 7.105 7.121 7.138 7.155 7.172 7.190 7.208
6.421 6.438 6.456 6.473 6.490 6.506 6.522 6.537 6.552 6.567 6.581 6.594 6.607 6.620 6.632 6.644 6.656 6.667 6.678 6.689 6.700 6.709 6.718 6.726 6.734 6.742 6.750 6.757 6.763 6.769 6.774 6.778 6.782 6.786 6.789 6.793 6.796 6.800 6.804 6.809 6.814 6.819 6.824 6.829 6.834 6.838 6.843 6.848 6.854 6.859 6.866 6.873 6.881 6.889 6.898 6.908 6.919 6.931 6.943 6.956 6.969 6.983 6.997 7.012 7.027 7.042 7.058 7.073 7.088 7.103 7.119 7.136 7.153 7.170 7.188 7.206 7.224
6.425 6.443 6.460 6.478 6.495 6.511 6.528 6.543 6.559 6.574 6.588 6.602 6.615 6.628 6.641 6.653 6.665 6.677 6.688 6.700 6.711 6.720 6.729 6.738 6.747 6.756 6.764 6.772 6.779 6.786 6.792 6.797 6.802 6.806 6.810 6.814 6.818 6.822 6.826 6.830 6.835 6.840 6.845 6.850 6.855 6.858 6.863 6.868 6.873 6.878 6.884 6.891 6.898 6.906 6.915 6.924 6.935 6.946 6.958 6.970 6.984 6.997 7.012 7.026 7.041 7.057 7.072 7.088 7.103 7.118 7.134 7.151 7.168 7.186 7.204 7.223 7.241
6.429 6.447 6.465 6.483 6.500 6.517 6.533 6.549 6.565 6.580 6.595 6.609 6.623 6.636 6.649 6.662 6.674 6.686 6.698 6.710 6.721 6.731 6.740 6.750 6.759 6.769 6.778 6.786 6.794 6.802 6.809 6.815 6.820 6.825 6.830 6.834 6.839 6.843 6.847 6.851 6.856 6.861 6.866 6.871 6.876 6.879 6.884 6.888 6.893 6.898 6.904 6.910 6.917 6.924 6.932 6.941 6.951 6.962 6.974 6.986 6.999 7.013 7.027 7.042 7.057 7.072 7.088 7.103 7.118 7.134 7.150 7.167 7.184 7.203 7.221 7.240 7.259
6.434 6.452 6.469 6.487 6.505 6.522 6.539 6.555 6.571 6.587 6.602 6.616 6.630 6.644 6.657 6.670 6.683 6.695 6.707 6.719 6.731 6.741 6.751 6.761 6.771 6.781 6.790 6.800 6.808 6.817 6.824 6.831 6.838 6.844 6.849 6.854 6.859 6.863 6.868 6.873 6.877 6.882 6.888 6.893 6.897 6.901 6.905 6.910 6.914 6.919 6.925 6.930 6.937 6.944 6.951 6.960 6.970 6.980 6.991 7.004 7.016 7.030 7.044 7.058 7.073 7.089 7.104 7.119 7.135 7.150 7.167 7.184 7.201 7.220 7.238 7.257 7.276
6.438 6.456 6.474 6.492 6.509 6.527 6.544 6.561 6.577 6.593 6.608 6.623 6.638 6.652 6.665 6.679 6.692 6.704 6.717 6.729 6.741 6.752 6.762 6.772 6.782 6.793 6.803 6.812 6.822 6.831 6.839 6.847 6.854 6.861 6.867 6.873 6.878 6.883 6.888 6.893 6.898 6.904 6.910 6.915 6.919 6.923 6.927 6.932 6.936 6.941 6.946 6.952 6.958 6.964 6.972 6.980 6.989 6.999 7.010 7.022 7.035 7.048 7.062 7.076 7.091 7.107 7.122 7.137 7.152 7.168 7.184 7.201 7.219 7.238 7.256 7.276 7.295
6.442 6.460 6.478 6.496 6.514 6.531 6.549 6.566 6.582 6.599 6.614 6.630 6.645 6.659 6.673 6.687 6.700 6.713 6.726 6.739 6.751 6.761 6.772 6.783 6.793 6.804 6.815 6.825 6.835 6.844 6.853 6.862 6.870 6.877 6.884 6.891 6.897 6.903 6.908 6.914 6.919 6.925 6.931 6.936 6.940 6.945 6.950 6.954 6.959 6.964 6.969 6.974 6.980 6.986 6.993 7.001 7.010 7.020 7.030 7.042 7.054 7.067 7.081 7.095 7.110 7.126 7.141 7.155 7.171 7.186 7.203 7.220 7.238 7.256 7.275 7.295 7.314
6.445 6.464 6.482 6.500 6.518 6.536 6.553 6.571 6.588 6.604 6.620 6.636 6.652 6.666 6.681 6.695 6.709 6.722 6.736 6.749 6.761 6.771 6.782 6.793 6.804 6.816 6.826 6.837 6.848 6.858 6.867 6.877 6.885 6.893 6.901 6.908 6.915 6.921 6.927 6.934 6.940 6.946 6.952 6.958 6.962 6.967 6.972 6.977 6.982 6.987 6.992 6.998 7.003 7.009 7.016 7.024 7.032 7.041 7.052 7.063 7.075 7.088 7.102 7.116 7.130 7.146 7.161 7.175 7.190 7.206 7.222 7.240 7.257 7.276 7.295 7.314 7.333
6.449 6.467 6.485 6.504 6.522 6.540 6.558 6.575 6.592 6.609 6.626 6.642 6.658 6.673 6.688 6.703 6.717 6.731 6.745 6.758 6.770 6.781 6.793 6.804 6.815 6.827 6.838 6.849 6.860 6.871 6.881 6.891 6.900 6.909 6.917 6.925 6.933 6.940 6.946 6.953 6.960 6.966 6.973 6.979 6.984 6.989 6.994 7.000 7.005 7.011 7.016 7.022 7.027 7.033 7.040 7.047 7.055 7.064 7.074 7.085 7.097 7.110 7.123 7.137 7.152 7.167 7.182 7.196 7.211 7.227 7.243 7.260 7.278 7.297 7.316 7.335 7.354
6.452 6.471 6.489 6.507 6.525 6.543 6.561 6.579 6.597 6.614 6.631 6.648 6.664 6.680 6.695 6.710 6.725 6.739 6.753 6.767 6.780 6.791 6.803 6.815 6.826 6.838 6.850 6.861 6.872 6.884 6.894 6.905 6.915 6.924 6.933 6.942 6.950 6.958 6.965 6.972 6.979 6.986 6.993 7.000 7.005 7.011 7.017 7.023 7.029 7.034 7.040 7.046 7.052 7.058 7.064 7.071 7.079 7.088 7.098 7.108 7.120 7.133 7.146 7.160 7.174 7.190 7.204 7.219 7.233 7.249 7.265 7.282 7.300 7.318 7.337 7.356 7.374
6.456 6.474 6.492 6.510 6.529 6.547 6.565 6.583 6.601 6.618 6.636 6.653 6.669 6.686 6.702 6.717 6.732 6.747 6.762 6.776 6.789 6.801 6.813 6.825 6.837 6.849 6.861 6.873 6.885 6.896 6.907 6.918 6.929 6.939 6.949 6.958 6.967 6.975 6.983 6.991 6.999 7.006 7.014 7.021 7.027 7.033 7.039 7.046 7.052 7.058 7.064 7.070 7.076 7.082 7.089 7.096 7.104 7.112 7.122 7.132 7.144 7.156 7.170 7.184 7.198 7.213 7.228 7.242 7.257 7.272 7.288 7.304 7.322 7.340 7.359 7.378 7.395
6.459 6.477 6.495 6.513 6.531 6.550 6.568 6.586 6.604 6.622 6.640 6.657 6.674 6.691 6.708 6.724 6.739 6.754 6.769 6.784 6.798 6.810 6.823 6.835 6.847 6.860 6.872 6.884 6.896 6.908 6.920 6.931 6.943 6.953 6.964 6.974 6.983 6.992 7.001 7.009 7.018 7.026 7.034 7.041 7.048 7.055 7.062 7.069 7.075 7.082 7.089 7.095 7.101 7.108 7.114 7.121 7.129 7.137 7.147 7.157 7.169 7.181 7.194 7.208 7.222 7.237 7.252 7.266 7.280 7.295 7.311 7.328 7.345 7.363 7.382 7.400 7.417
6.462 6.479 6.497 6.516 6.534 6.552 6.571 6.589 6.608 6.626 6.644 6.661 6.679 6.696 6.713 6.729 6.745 6.761 6.777 6.792 6.806 6.819 6.832 6.845 6.857 6.870 6.883 6.895 6.908 6.920 6.932 6.944 6.956 6.967 6.978 6.989 6.999 7.009 7.018 7.027 7.036 7.045 7.054 7.062 7.069 7.076 7.084 7.091 7.099 7.106 7.113 7.120 7.127 7.133 7.140 7.147 7.155 7.163 7.172 7.182 7.194 7.206 7.219 7.233 7.247 7.262 7.277 7.291 7.305 7.320 7.335 7.351 7.368 7.386 7.404 7.422 7.438
6.464 6.482 6.500 6.518 6.536 6.555 6.573 6.592 6.610 6.629 6.647 6.665 6.683 6.700 6.718 6.735 6.751 6.767 6.783 6.799 6.814 6.827 6.840 6.854 6.867 6.880 6.893 6.906 6.919 6.932 6.944 6.956 6.969 6.980 6.992 7.003 7.014 7.025 7.035 7.045 7.054 7.064 7.073 7.082 7.090 7.098 7.106 7.114 7.122 7.130 7.137 7.145 7.152 7.159 7.166 7.173 7.181 7.189 7.198 7.208 7.219 7.232 7.245 7.258 7.273 7.288 7.302 7.316 7.330 7.345 7.360 7.376 7.392 7.410 7.427 7.444 7.460
6.467 6.484 6.502 6.520 6.539 6.557 6.576 6.594 6.613 6.631 6.650 6.668 6.686 6.704 6.722 6.739 6.756 6.773 6.789 6.806 6.821 6.835 6.848 6.862 6.876 6.889 6.903 6.916 6.929 6.942 6.955 6.968 6.981 6.993 7.005 7.017 7.028 7.040 7.051 7.061 7.071 7.082 7.092 7.101 7.110 7.118 7.127 7.136 7.144 7.153 7.161 7.169 7.177 7.184 7.192 7.199 7.207 7.215 7.224 7.234 7.245 7.257 7.270 7.284 7.298 7.313 7.328 7.342 7.356 7.370 7.384 7.400 7.416 7.433 7.450 7.467 7.482
6.470 6.487 6.505 6.523 6.541 6.559 6.578 6.596 6.615 6.634 6.652 6.671 6.689 6.708 6.726 6.743 6.761 6.778 6.795 6.812 6.827 6.842 6.856 6.870 6.884 6.898 6.912 6.925 6.939 6.952 6.966 6.979 6.992 7.005 7.017 7.030 7.042 7.054 7.065 7.077 7.088 7.099 7.110 7.120 7.129 7.138 7.148 7.157 7.166 7.175 7.184 7.193 7.202 7.210 7.217 7.225 7.233 7.242 7.251 7.261 7.272 7.284 7.296 7.310 7.324 7.339 7.354 7.367 7.381 7.395 7.409 7.424 7.440 7.456 7.473 7.489 7.504
6.472 6.489 6.507 6.525 6.543 6.561 6.580 6.598 6.617 6.636 6.655 6.673 6.692 6.711 6.729 6.747 6.765 6.783 6.800 6.817 6.833 6.848 6.863 6.877 6.892 6.906 6.920 6.934 6.948 6.962 6.975 6.989 7.002 7.016 7.029 7.042 7.054 7.067 7.079 7.091 7.103 7.115 7.126 7.137 7.147 7.157 7.167 7.177 7.187 7.197 7.207 7.216 7.225 7.234 7.243 7.251 7.259 7.268 7.277 7.287 7.298 7.310 7.322 7.336 7.351 7.365 7.380 7.393 7.407 7.420 7.434 7.448 7.463 7.479 7.496 7.512 7.527
6.475 6.492 6.509 6.527 6.545 6.563 6.581 6.600 6.619 6.638 6.657 6.675 6.694 6.713 6.732 6.750 6.769 6.787 6.804 6.822 6.838 6.854 6.869 6.884 6.899 6.913 6.928 6.942 6.956 6.970 6.984 6.998 7.012 7.026 7.039 7.053 7.066 7.079 7.092 7.105 7.117 7.129 7.142 7.153 7.164 7.175 7.186 7.196 7.207 7.218 7.228 7.238 7.248 7.258 7.267 7.275 7.284 7.293 7.302 7.312 7.323 7.335 7.348 7.362 7.376 7.391 7.406 7.419 7.432 7.445 7.458 7.472 7.487 7.502 7.518 7.535 7.550
