version2/TsunamiDB/out54026.asc
ncols          264
nrows          230
xllcorner      497853.4375
yllcorner      4229146.0000
cellsize         5.
NODATA_value   -99
[rows 192 to 223 of 230, columns 71 to 141 of 264]
-99.000 -99.000 -99.000 -99.000 -99.000 -99.000 -99.000 -99.000 -99.000 -99.000 -99.000 -99.000 -99.000 -99.000 -99.000 -99.000 -99.000 -99.000 -99.000 -99.000 -99.000 -99.000 -99.000 -99.000 -99.000 1.648 1.663 1.752 1.945 2.225 2.567 2.933 3.277 3.574 3.814 4.003 4.148 4.261 4.352 4.427 4.491 4.549 4.603 4.653 4.701 4.748 4.793 4.836 4.878 4.917 4.955 4.993 5.029 5.064 5.098 5.131 5.165 5.200 5.236 5.274 5.314 5.356 5.400 5.446 5.493 5.540 5.587 5.634 5.678 5.719 5.756
-99.000 -99.000 -99.000 -99.000 -99.000 -99.000 -99.000 -99.000 -99.000 -99.000 -99.000 -99.000 -99.000 -99.000 -99.000 -99.000 -99.000 -99.000 -99.000 -99.000 -99.000 -99.000 -99.000 -99.000 1.647 1.650 1.687 1.819 2.051 2.360 2.718 3.084 3.414 3.690 3.911 4.081 4.213 4.317 4.400 4.470 4.532 4.587 4.639 4.688 4.734 4.780 4.824 4.866 4.907 4.946 4.984 5.021 5.056 5.090 5.124 5.156 5.188 5.221 5.254 5.290 5.327 5.366 5.408 5.451 5.496 5.542 5.588 5.634 5.678 5.719 5.757
-99.000 -99.000 -99.000 -99.000 -99.000 -99.000 -99.000 -99.000 -99.000 -99.000 -99.000 -99.000 -99.000 -99.000 -99.000 -99.000 -99.000 -99.000 -99.000 -99.000 -99.000 -99.000 -99.000 -99.000 1.647 1.658 1.728 1.903 2.170 2.503 2.871 3.229 3.541 3.797 3.998 4.153 4.273 4.368 4.446 4.512 4.571 4.624 4.674 4.722 4.767 4.812 4.855 4.897 4.938 4.976 5.014 5.050 5.086 5.119 5.152 5.183 5.214 5.245 5.276 5.308 5.343 5.379 5.417 5.458 5.501 5.545 5.589 5.634 5.677 5.718 5.757
-99.000 -99.000 -99.000 -99.000 -99.000 -99.000 -99.000 -99.000 -99.000 -99.000 -99.000 -99.000 -99.000 -99.000 -99.000 -99.000 -99.000 -99.000 -99.000 -99.000 -99.000 -99.000 -99.000 -99.000 1.649 1.675 1.787 2.002 2.298 2.650 3.022 3.367 3.660 3.894 4.077 4.218 4.328 4.416 4.489 4.552 4.609 4.660 4.709 4.755 4.800 4.844 4.886 4.928 4.968 5.006 5.044 5.081 5.116 5.150 5.182 5.213 5.243 5.272 5.301 5.331 5.362 5.394 5.429 5.466 5.506 5.547 5.590 5.633 5.675 5.717 5.756
-99.000 -99.000 -99.000 -99.000 -99.000 -99.000 -99.000 -99.000 -99.000 -99.000 -99.000 -99.000 -99.000 -99.000 -99.000 -99.000 -99.000 -99.000 -99.000 -99.000 -99.000 -99.000 -99.000 1.647 1.653 1.708 1.862 2.113 2.435 2.800 3.168 3.496 3.768 3.982 4.148 4.277 4.378 4.461 4.530 4.591 4.645 4.696 4.743 4.789 4.833 4.876 4.918 4.959 4.999 5.037 5.075 5.112 5.148 5.182 5.215 5.246 5.275 5.303 5.330 5.357 5.384 5.413 5.443 5.477 5.513 5.551 5.591 5.632 5.673 5.714 5.755
-99.000 -99.000 -99.000 -99.000 -99.000 -99.000 -99.000 -99.000 -99.000 -99.000 -99.000 -99.000 -99.000 -99.000 -99.000 -99.000 -99.000 -99.000 -99.000 -99.000 -99.000 -99.000 -99.000 1.648 1.665 1.757 1.953 2.235 2.578 2.950 3.308 3.616 3.866 4.061 4.212 4.330 4.424 4.502 4.569 4.628 4.681 4.731 4.777 4.822 4.866 4.908 4.949 4.990 5.030 5.068 5.106 5.144 5.180 5.215 5.248 5.280 5.309 5.336 5.362 5.386 5.410 5.435 5.461 5.490 5.521 5.556 5.593 5.632 5.672 5.712 5.754
-99.000 -99.000 -99.000 -99.000 -99.000 -99.000 -99.000 -99.000 -99.000 -99.000 -99.000 -99.000 -99.000 -99.000 -99.000 -99.000 -99.000 -99.000 -99.000 -99.000 -99.000 -99.000 1.647 1.650 1.690 1.823 2.056 2.365 2.724 3.097 3.439 3.725 3.954 4.132 4.270 4.379 4.467 4.541 4.606 4.663 4.716 4.764 4.811 4.855 4.898 4.940 4.981 5.021 5.061 5.099 5.137 5.176 5.213 5.249 5.283 5.315 5.345 5.372 5.397 5.419 5.440 5.461 5.483 5.506 5.533 5.563 5.596 5.633 5.671 5.711 5.753
-99.000 -99.000 -99.000 -99.000 -99.000 -99.000 -99.000 -99.000 -99.000 -99.000 -99.000 -99.000 -99.000 -99.000 -99.000 -99.000 -99.000 -99.000 -99.000 -99.000 -99.000 -99.000 1.647 1.658 1.730 1.905 2.170 2.502 2.871 3.238 3.560 3.825 4.033 4.195 4.321 4.423 4.506 4.578 4.640 4.697 4.749 4.797 4.843 4.887 4.930 4.971 5.012 5.052 5.092 5.131 5.169 5.208 5.246 5.283 5.318 5.351 5.382 5.410 5.434 5.456 5.475 5.492 5.509 5.528 5.549 5.574 5.603 5.636 5.673 5.712 5.754
-99.000 -99.000 -99.000 -99.000 -99.000 -99.000 -99.000 -99.000 -99.000 -99.000 -99.000 -99.000 -99.000 -99.000 -99.000 -99.000 -99.000 -99.000 -99.000 -99.000 -99.000 -99.000 1.648 1.675 1.786 2.000 2.294 2.645 3.018 3.371 3.672 3.914 4.103 4.251 4.368 4.463 4.542 4.611 4.673 4.729 4.780 4.829 4.874 4.918 4.961 5.002 5.043 5.083 5.123 5.162 5.201 5.240 5.279 5.317 5.353 5.388 5.420 5.448 5.474 5.495 5.513 5.528 5.541 5.555 5.571 5.591 5.615 5.644 5.678 5.716 5.758
-99.000 -99.000 -99.000 -99.000 -99.000 -99.000 -99.000 -99.000 -99.000 -99.000 -99.000 -99.000 -99.000 -99.000 -99.000 -99.000 -99.000 -99.000 -99.000 -99.000 -99.000 1.647 1.653 1.706 1.859 2.107 2.426 2.790 3.161 3.496 3.774 3.994 4.166 4.301 4.410 4.499 4.576 4.643 4.704 4.759 4.810 4.859 4.905 4.948 4.991 5.032 5.073 5.113 5.153 5.192 5.232 5.272 5.311 5.350 5.388 5.424 5.458 5.488 5.514 5.536 5.554 5.567 5.578 5.588 5.600 5.614 5.633 5.658 5.689 5.725 5.766
-99.000 -99.000 -99.000 -99.000 -99.000 -99.000 -99.000 -99.000 -99.000 -99.000 -99.000 -99.000 -99.000 -99.000 -99.000 -99.000 -99.000 -99.000 -99.000 -99.000 -99.000 1.648 1.664 1.753 1.946 2.225 2.564 2.935 3.298 3.611 3.866 4.067 4.223 4.347 4.448 4.533 4.607 4.673 4.732 4.788 4.839 4.887 4.933 4.977 5.020 5.061 5.102 5.142 5.183 5.222 5.262 5.303 5.343 5.383 5.422 5.460 5.495 5.527 5.555 5.579 5.597 5.611 5.620 5.627 5.635 5.644 5.659 5.679 5.705 5.739 5.778
-99.000 -99.000 -99.000 -99.000 -99.000 -99.000 -99.000 -99.000 -99.000 -99.000 -99.000 -99.000 -99.000 -99.000 -99.000 -99.000 -99.000 -99.000 -99.000 -99.000 1.647 1.650 1.686 1.816 2.045 2.351 2.707 3.080 3.427 3.717 3.950 4.132 4.275 4.389 4.484 4.565 4.636 4.700 4.759 4.814 4.866 4.914 4.960 5.005 5.047 5.089 5.130 5.170 5.211 5.251 5.291 5.332 5.374 5.415 5.455 5.495 5.532 5.566 5.596 5.622 5.642 5.656 5.666 5.671 5.676 5.682 5.691 5.707 5.729 5.759 5.796
-99.000 -99.000 -99.000 -99.000 -99.000 -99.000 -99.000 -99.000 -99.000 -99.000 -99.000 -99.000 -99.000 -99.000 -99.000 -99.000 -99.000 -99.000 -99.000 -99.000 1.647 1.656 1.724 1.894 2.156 2.486 2.852 3.221 3.547 3.814 4.026 4.191 4.322 4.428 4.517 4.594 4.663 4.726 4.785 4.839 4.891 4.939 4.986 5.030 5.073 5.115 5.156 5.197 5.238 5.278 5.319 5.361 5.403 5.445 5.487 5.528 5.567 5.603 5.636 5.664 5.686 5.702 5.713 5.719 5.722 5.725 5.731 5.743 5.761 5.787 5.821
-99.000 -99.000 -99.000 -99.000 -99.000 -99.000 -99.000 -99.000 -99.000 -99.000 -99.000 -99.000 -99.000 -99.000 -99.000 -99.000 -99.000 -99.000 -99.000 -99.000 1.648 1.672 1.778 1.987 2.278 2.626 2.998 3.354 3.658 3.903 4.095 4.245 4.365 4.464 4.548 4.622 4.689 4.751 4.809 4.863 4.914 4.963 5.009 5.054 5.097 5.139 5.180 5.221 5.263 5.303 5.345 5.387 5.430 5.474 5.517 5.559 5.600 5.638 5.673 5.704 5.729 5.748 5.761 5.768 5.772 5.774 5.777 5.785 5.800 5.822 5.852
-99.000 -99.000 -99.000 -99.000 -99.000 -99.000 -99.000 -99.000 -99.000 -99.000 -99.000 -99.000 -99.000 -99.000 -99.000 -99.000 -99.000 -99.000 -99.000 1.647 1.652 1.700 1.847 2.091 2.408 2.771 3.142 3.480 3.761 3.984 4.158 4.295 4.406 4.498 4.578 4.650 4.715 4.775 4.832 4.886 4.937 4.985 5.032 5.076 5.119 5.161 5.203 5.244 5.286 5.327 5.369 5.412 5.456 5.500 5.544 5.588 5.631 5.671 5.708 5.742 5.770 5.792 5.807 5.817 5.822 5.825 5.828 5.834 5.845 5.864 5.890
-99.000 -99.000 -99.000 -99.000 -99.000 -99.000 -99.000 -99.000 -99.000 -99.000 -99.000 -99.000 -99.000 -99.000 -99.000 -99.000 -99.000 -99.000 -99.000 1.647 1.662 1.744 1.932 2.207 2.546 2.918 3.281 3.598 3.855 4.057 4.216 4.341 4.444 4.531 4.607 4.676 4.739 4.799 4.854 4.907 4.958 5.006 5.052 5.097 5.140 5.182 5.224 5.265 5.307 5.348 5.391 5.434 5.479 5.524 5.570 5.615 5.659 5.701 5.741 5.776 5.807 5.832 5.851 5.864 5.872 5.877 5.881 5.887 5.897 5.912 5.935
-99.000 -99.000 -99.000 -99.000 -99.000 -99.000 -99.000 -99.000 -99.000 -99.000 -99.000 -99.000 -99.000 -99.000 -99.000 -99.000 -99.000 -99.000 1.647 1.649 1.682 1.805 2.029 2.332 2.689 3.064 3.413 3.707 3.941 4.125 4.269 4.385 4.480 4.562 4.635 4.702 4.764 4.822 4.876 4.929 4.979 5.026 5.072 5.116 5.159 5.201 5.243 5.284 5.326 5.367 5.410 5.455 5.500 5.546 5.592 5.638 5.684 5.728 5.769 5.807 5.841 5.869 5.892 5.909 5.920 5.928 5.935 5.942 5.951 5.965 5.985
-99.000 -99.000 -99.000 -99.000 -99.000 -99.000 -99.000 -99.000 -99.000 -99.000 -99.000 -99.000 -99.000 -99.000 -99.000 -99.000 -99.000 -99.000 1.647 1.655 1.717 1.881 2.139 2.467 2.836 3.207 3.536 3.807 4.021 4.187 4.319 4.425 4.514 4.593 4.663 4.727 4.788 4.845 4.898 4.950 4.999 5.046 5.092 5.135 5.178 5.220 5.261 5.302 5.344 5.385 5.428 5.473 5.518 5.565 5.612 5.659 5.705 5.751 5.794 5.834 5.870 5.902 5.928 5.949 5.965 5.977 5.988 5.997 6.008 6.022 6.040
-99.000 -99.000 -99.000 -99.000 -99.000 -99.000 -99.000 -99.000 -99.000 -99.000 -99.000 -99.000 -99.000 -99.000 -99.000 -99.000 -99.000 -99.000 1.648 1.669 1.768 1.972 2.259 2.608 2.984 3.345 3.652 3.900 4.094 4.245 4.365 4.463 4.547 4.622 4.689 4.752 4.811 4.867 4.921 4.971 5.020 5.066 5.111 5.154 5.196 5.237 5.278 5.319 5.360 5.401 5.444 5.489 5.534 5.581 5.628 5.676 5.724 5.770 5.815 5.857 5.896 5.930 5.960 5.984 6.005 6.022 6.037 6.051 6.065 6.081 6.098
-99.000 -99.000 -99.000 -99.000 -99.000 -99.000 -99.000 -99.000 -99.000 -99.000 -99.000 -99.000 -99.000 -99.000 -99.000 -99.000 -99.000 1.647 1.651 1.695 1.836 2.075 2.389 2.754 3.130 3.474 3.759 3.985 4.161 4.298 4.408 4.500 4.579 4.650 4.716 4.777 4.835 4.890 4.942 4.993 5.041 5.087 5.131 5.173 5.215 5.255 5.295 5.336 5.376 5.416 5.459 5.503 5.549 5.595 5.643 5.691 5.739 5.786 5.832 5.876 5.916 5.953 5.986 6.015 6.041 6.063 6.084 6.103 6.121 6.139 6.158
-99.000 -99.000 -99.000 -99.000 -99.000 -99.000 -99.000 -99.000 -99.000 -99.000 -99.000 -99.000 -99.000 -99.000 -99.000 -99.000 -99.000 1.647 1.660 1.737 1.918 2.190 2.528 2.902 3.273 3.596 3.858 4.064 4.223 4.348 4.449 4.535 4.610 4.678 4.741 4.801 4.858 4.912 4.964 5.014 5.062 5.107 5.151 5.193 5.234 5.274 5.313 5.353 5.392 5.432 5.474 5.517 5.562 5.607 5.654 5.702 5.751 5.798 5.845 5.890 5.933 5.972 6.009 6.042 6.072 6.100 6.126 6.150 6.173 6.195 6.217
-99.000 -99.000 -99.000 -99.000 -99.000 -99.000 -99.000 -99.000 -99.000 -99.000 -99.000 -99.000 -99.000 -99.000 -99.000 -99.000 1.647 1.649 1.678 1.795 2.015 2.315 2.672 3.050 3.408 3.709 3.949 4.136 4.280 4.394 4.488 4.568 4.639 4.705 4.766 4.825 4.881 4.934 4.986 5.035 5.083 5.128 5.172 5.214 5.254 5.294 5.333 5.371 5.409 5.448 5.488 5.530 5.573 5.618 5.664 5.712 5.760 5.808 5.855 5.901 5.945 5.987 6.027 6.064 6.099 6.132 6.164 6.194 6.222 6.249 6.274
-99.000 -99.000 -99.000 -99.000 -99.000 -99.000 -99.000 -99.000 -99.000 -99.000 -99.000 -99.000 -99.000 -99.000 -99.000 -99.000 1.647 1.654 1.711 1.870 2.124 2.450 2.819 3.196 3.536 3.814 4.033 4.202 4.333 4.438 4.525 4.601 4.669 4.732 4.791 4.848 4.903 4.956 5.007 5.057 5.104 5.150 5.194 5.236 5.276 5.315 5.353 5.391 5.428 5.465 5.503 5.543 5.585 5.628 5.672 5.719 5.766 5.814 5.861 5.908 5.954 5.998 6.041 6.082 6.121 6.160 6.197 6.233 6.267 6.299 6.329
-99.000 -99.000 -99.000 -99.000 -99.000 -99.000 -99.000 -99.000 -99.000 -99.000 -99.000 -99.000 -99.000 -99.000 -99.000 -99.000 1.648 1.666 1.761 1.960 2.245 2.591 2.969 3.337 3.655 3.909 4.108 4.262 4.382 4.479 4.561 4.633 4.698 4.758 4.816 4.872 4.926 4.978 5.029 5.078 5.126 5.172 5.216 5.258 5.299 5.338 5.376 5.413 5.448 5.483 5.520 5.557 5.596 5.637 5.679 5.724 5.770 5.817 5.864 5.912 5.959 6.005 6.051 6.096 6.140 6.184 6.227 6.268 6.308 6.345 6.380
-99.000 -99.000 -99.000 -99.000 -99.000 -99.000 -99.000 -99.000 -99.000 -99.000 -99.000 -99.000 -99.000 -99.000 -99.000 1.647 1.650 1.691 1.828 2.063 2.375 2.737 3.116 3.469 3.764 3.996 4.177 4.316 4.427 4.518 4.595 4.664 4.726 4.785 4.841 4.896 4.948 5.000 5.050 5.099 5.147 5.193 5.238 5.281 5.322 5.362 5.399 5.436 5.469 5.503 5.537 5.572 5.608 5.646 5.685 5.728 5.772 5.818 5.865 5.912 5.960 6.009 6.058 6.106 6.155 6.204 6.252 6.300 6.345 6.387 6.426
-99.000 -99.000 -99.000 -99.000 -99.000 -99.000 -99.000 -99.000 -99.000 -99.000 -99.000 -99.000 -99.000 -99.000 -99.000 1.647 1.658 1.732 1.910 2.178 2.513 2.886 3.260 3.593 3.863 4.074 4.238 4.366 4.469 4.554 4.628 4.694 4.755 4.812 4.867 4.920 4.971 5.022 5.072 5.120 5.168 5.215 5.260 5.304 5.346 5.386 5.424 5.460 5.493 5.524 5.556 5.588 5.620 5.654 5.691 5.730 5.772 5.816 5.862 5.910 5.959 6.010 6.061 6.114 6.167 6.221 6.274 6.326 6.377 6.425 6.468
-99.000 -99.000 -99.000 -99.000 -99.000 -99.000 -99.000 -99.000 -99.000 -99.000 -99.000 -99.000 -99.000 -99.000 1.647 1.649 1.676 1.790 2.006 2.303 2.657 3.035 3.397 3.706 3.953 4.144 4.293 4.411 4.507 4.588 4.659 4.724 4.783 4.839 4.893 4.944 4.995 5.045 5.094 5.142 5.190 5.236 5.282 5.327 5.369 5.410 5.448 5.484 5.517 5.547 5.576 5.605 5.634 5.664 5.697 5.732 5.771 5.813 5.858 5.906 5.956 6.008 6.062 6.118 6.175 6.234 6.292 6.349 6.405 6.457 6.506
-99.000 -99.000 -99.000 -99.000 -99.000 -99.000 -99.000 -99.000 -99.000 -99.000 -99.000 -99.000 -99.000 -99.000 1.647 1.653 1.708 1.863 2.114 2.437 2.804 3.181 3.525 3.808 4.033 4.206 4.342 4.452 4.542 4.620 4.689 4.752 4.811 4.866 4.918 4.969 5.019 5.068 5.116 5.164 5.211 5.258 5.304 5.349 5.393 5.434 5.473 5.509 5.541 5.571 5.598 5.624 5.649 5.675 5.703 5.735 5.770 5.810 5.853 5.900 5.950 6.004 6.061 6.120 6.181 6.244 6.306 6.368 6.429 6.487 6.541
-99.000 -99.000 -99.000 -99.000 -99.000 -99.000 -99.000 -99.000 -99.000 -99.000 -99.000 -99.000 -99.000 -99.000 1.648 1.665 1.756 1.952 2.234 2.578 2.953 3.321 3.642 3.901 4.104 4.262 4.387 4.489 4.575 4.650 4.718 4.779 4.837 4.892 4.944 4.994 5.043 5.092 5.139 5.187 5.234 5.281 5.327 5.372 5.416 5.458 5.498 5.535 5.567 5.596 5.622 5.645 5.666 5.688 5.712 5.739 5.770 5.807 5.848 5.894 5.945 6.000 6.058 6.120 6.185 6.251 6.318 6.385 6.450 6.513 6.573
-99.000 -99.000 -99.000 -99.000 -99.000 -99.000 -99.000 -99.000 -99.000 -99.000 -99.000 -99.000 -99.000 1.647 1.650 1.689 1.822 2.054 2.363 2.723 3.100 3.453 3.749 3.984 4.168 4.312 4.427 4.523 4.605 4.678 4.744 4.805 4.863 4.917 4.969 5.019 5.068 5.116 5.163 5.210 5.257 5.303 5.350 5.395 5.440 5.482 5.523 5.560 5.593 5.622 5.647 5.668 5.687 5.704 5.723 5.746 5.773 5.806 5.845 5.890 5.941 5.996 6.056 6.120 6.188 6.257 6.329 6.399 6.469 6.537 6.604
-99.000 -99.000 -99.000 -99.000 -99.000 -99.000 -99.000 -99.000 -99.000 -99.000 -99.000 -99.000 -99.000 1.647 1.657 1.728 1.902 2.168 2.500 2.871 3.243 3.575 3.846 4.059 4.226 4.357 4.464 4.554 4.633 4.704 4.769 4.829 4.887 4.941 4.993 5.043 5.091 5.139 5.186 5.233 5.280 5.326 5.373 5.419 5.463 5.507 5.548 5.586 5.620 5.649 5.674 5.694 5.710 5.724 5.739 5.757 5.780 5.809 5.846 5.889 5.939 5.995 6.056 6.121 6.190 6.263 6.338 6.413 6.487 6.561 6.634
-99.000 -99.000 -99.000 -99.000 -99.000 -99.000 -99.000 -99.000 -99.000 -99.000 -99.000 -99.000 -99.000 1.648 1.674 1.784 1.998 2.292 2.643 3.019 3.379 3.687 3.934 4.127 4.279 4.399 4.498 4.584 4.659 4.728 4.792 4.852 4.909 4.963 5.015 5.065 5.114 5.162 5.209 5.256 5.303 5.349 5.396 5.442 5.487 5.532 5.574 5.613 5.647 5.677 5.702 5.722 5.737 5.749 5.761 5.774 5.793 5.819 5.852 5.893 5.941 5.996 6.057 6.123 6.194 6.269 6.347 6.426 6.504 6.584 6.662
