version2/TsunamiDB/out54123.asc
ncols          264
nrows          230
xllcorner      497853.4375
yllcorner      4229146.0000
cellsize         5.
NODATA_value   -99
[rows 170 to 203 of 230, columns 77 to 153 of 264]
6.492 6.500 6.508 6.516 6.525 6.534 6.543 6.552 6.562 6.571 6.581 6.591 6.601 6.610 6.620 6.630 6.640 6.649 6.659 6.668 6.678 6.688 6.697 6.705 6.713 6.722 6.730 6.738 6.746 6.754 6.762 6.770 6.778 6.786 6.795 6.804 6.812 6.821 6.830 6.839 6.849 6.859 6.869 6.879 6.890 6.900 6.910 6.920 6.931 6.941 6.951 6.961 6.971 6.981 6.991 7.001 7.010 7.020 7.029 7.039 7.048 7.057 7.066 7.075 7.085 7.094 7.104 7.115 7.125 7.134 7.144 7.154 7.164 7.174 7.184 7.195 7.205
6.501 6.508 6.516 6.524 6.532 6.541 6.550 6.559 6.569 6.578 6.588 6.598 6.607 6.617 6.627 6.636 6.646 6.656 6.665 6.675 6.685 6.695 6.704 6.712 6.720 6.728 6.736 6.744 6.752 6.760 6.768 6.776 6.784 6.792 6.800 6.809 6.817 6.826 6.835 6.843 6.853 6.862 6.872 6.882 6.892 6.902 6.912 6.922 6.932 6.942 6.952 6.962 6.972 6.982 6.992 7.002 7.012 7.022 7.032 7.041 7.051 7.060 7.070 7.079 7.088 7.098 7.108 7.119 7.129 7.139 7.148 7.158 7.168 7.179 7.189 7.199 7.209
6.510 6.517 6.524 6.532 6.540 6.549 6.558 6.567 6.576 6.585 6.595 6.604 6.614 6.624 6.634 6.643 6.653 6.663 6.672 6.682 6.692 6.702 6.711 6.719 6.727 6.735 6.743 6.751 6.759 6.767 6.775 6.783 6.791 6.798 6.807 6.815 6.823 6.831 6.840 6.848 6.857 6.866 6.876 6.885 6.896 6.905 6.915 6.924 6.934 6.944 6.954 6.964 6.974 6.984 6.994 7.004 7.015 7.025 7.034 7.044 7.054 7.064 7.073 7.083 7.093 7.103 7.113 7.124 7.134 7.143 7.153 7.163 7.173 7.184 7.194 7.204 7.214
6.520 6.526 6.533 6.541 6.549 6.557 6.565 6.574 6.583 6.593 6.602 6.612 6.621 6.631 6.640 6.650 6.660 6.670 6.679 6.689 6.699 6.709 6.718 6.726 6.734 6.742 6.750 6.758 6.766 6.774 6.782 6.790 6.797 6.805 6.813 6.821 6.829 6.837 6.846 6.854 6.862 6.871 6.880 6.890 6.900 6.909 6.918 6.928 6.937 6.947 6.957 6.967 6.977 6.987 6.997 7.007 7.017 7.028 7.038 7.048 7.058 7.068 7.077 7.087 7.097 7.107 7.118 7.129 7.139 7.149 7.159 7.169 7.179 7.189 7.199 7.210 7.220
6.529 6.536 6.542 6.550 6.557 6.565 6.574 6.582 6.591 6.600 6.609 6.619 6.628 6.638 6.648 6.657 6.667 6.677 6.686 6.696 6.706 6.716 6.725 6.733 6.741 6.749 6.757 6.765 6.773 6.781 6.789 6.797 6.805 6.812 6.820 6.828 6.836 6.844 6.852 6.860 6.868 6.877 6.886 6.895 6.905 6.914 6.923 6.932 6.941 6.950 6.960 6.970 6.980 6.990 7.000 7.010 7.020 7.031 7.041 7.051 7.061 7.072 7.082 7.092 7.102 7.112 7.123 7.134 7.144 7.154 7.164 7.175 7.185 7.195 7.206 7.216 7.226
6.539 6.545 6.552 6.559 6.566 6.574 6.582 6.590 6.599 6.608 6.617 6.626 6.636 6.645 6.655 6.664 6.674 6.684 6.693 6.703 6.713 6.723 6.732 6.740 6.748 6.757 6.765 6.773 6.781 6.789 6.796 6.804 6.812 6.820 6.827 6.835 6.843 6.851 6.859 6.867 6.875 6.883 6.892 6.901 6.910 6.919 6.928 6.936 6.945 6.955 6.964 6.974 6.983 6.993 7.003 7.014 7.024 7.034 7.045 7.055 7.066 7.076 7.086 7.097 7.107 7.118 7.129 7.139 7.150 7.160 7.170 7.181 7.191 7.201 7.212 7.222 7.233
6.550 6.555 6.561 6.568 6.575 6.582 6.590 6.598 6.607 6.615 6.624 6.633 6.643 6.652 6.662 6.671 6.681 6.691 6.700 6.710 6.721 6.730 6.739 6.747 6.756 6.764 6.772 6.780 6.788 6.796 6.804 6.812 6.819 6.827 6.835 6.842 6.850 6.858 6.866 6.873 6.882 6.890 6.898 6.907 6.916 6.925 6.933 6.942 6.950 6.959 6.968 6.978 6.987 6.997 7.007 7.017 7.028 7.038 7.049 7.059 7.070 7.080 7.091 7.101 7.112 7.123 7.134 7.145 7.155 7.166 7.176 7.187 7.197 7.208 7.219 7.229 7.240
6.561 6.566 6.571 6.578 6.584 6.591 6.599 6.607 6.615 6.623 6.632 6.641 6.650 6.659 6.669 6.678 6.688 6.698 6.707 6.717 6.728 6.737 6.746 6.754 6.763 6.771 6.779 6.787 6.795 6.803 6.811 6.819 6.827 6.834 6.842 6.850 6.857 6.865 6.873 6.881 6.888 6.897 6.905 6.914 6.922 6.931 6.939 6.947 6.956 6.964 6.973 6.982 6.992 7.001 7.011 7.021 7.032 7.042 7.052 7.063 7.074 7.084 7.095 7.106 7.117 7.128 7.139 7.150 7.161 7.172 7.182 7.193 7.204 7.215 7.225 7.236 7.247
6.572 6.576 6.582 6.588 6.594 6.600 6.608 6.615 6.623 6.631 6.640 6.648 6.657 6.667 6.676 6.685 6.695 6.705 6.714 6.724 6.734 6.744 6.753 6.761 6.770 6.778 6.786 6.794 6.802 6.810 6.818 6.826 6.834 6.842 6.849 6.857 6.865 6.872 6.880 6.888 6.895 6.903 6.912 6.920 6.929 6.937 6.945 6.953 6.961 6.970 6.978 6.987 6.996 7.006 7.016 7.025 7.036 7.046 7.056 7.067 7.078 7.089 7.099 7.110 7.121 7.133 7.144 7.156 7.166 7.177 7.188 7.199 7.210 7.221 7.232 7.243 7.255
6.583 6.587 6.592 6.598 6.603 6.610 6.616 6.624 6.631 6.639 6.647 6.656 6.665 6.674 6.683 6.692 6.702 6.711 6.721 6.731 6.741 6.751 6.759 6.768 6.776 6.785 6.793 6.801 6.809 6.817 6.825 6.833 6.841 6.849 6.856 6.864 6.872 6.879 6.887 6.895 6.902 6.910 6.918 6.927 6.935 6.943 6.951 6.959 6.967 6.975 6.984 6.992 7.001 7.011 7.020 7.030 7.040 7.050 7.060 7.071 7.082 7.093 7.104 7.115 7.126 7.137 7.149 7.161 7.172 7.183 7.194 7.205 7.216 7.228 7.239 7.251 7.262
6.594 6.599 6.603 6.608 6.613 6.619 6.626 6.632 6.640 6.647 6.655 6.664 6.672 6.681 6.690 6.699 6.709 6.718 6.728 6.737 6.748 6.757 6.766 6.774 6.783 6.791 6.800 6.808 6.816 6.824 6.832 6.840 6.848 6.856 6.863 6.871 6.879 6.886 6.894 6.902 6.909 6.917 6.925 6.934 6.942 6.949 6.957 6.965 6.973 6.981 6.989 6.998 7.006 7.015 7.025 7.034 7.044 7.054 7.064 7.075 7.086 7.096 7.107 7.119 7.130 7.142 7.154 7.165 7.177 7.188 7.199 7.211 7.222 7.234 7.246 7.258 7.269
6.606 6.610 6.614 6.619 6.624 6.629 6.635 6.642 6.648 6.656 6.663 6.671 6.680 6.688 6.697 6.706 6.715 6.725 6.734 6.744 6.754 6.763 6.772 6.781 6.789 6.798 6.806 6.814 6.823 6.831 6.839 6.847 6.855 6.863 6.870 6.878 6.886 6.893 6.901 6.908 6.916 6.924 6.932 6.940 6.948 6.956 6.964 6.971 6.979 6.987 6.995 7.003 7.012 7.021 7.030 7.039 7.048 7.058 7.068 7.079 7.089 7.100 7.111 7.122 7.134 7.146 7.158 7.170 7.181 7.193 7.205 7.216 7.228 7.240 7.252 7.264 7.277
6.618 6.622 6.625 6.630 6.634 6.639 6.645 6.651 6.657 6.664 6.671 6.679 6.687 6.695 6.704 6.713 6.722 6.731 6.741 6.750 6.760 6.770 6.779 6.787 6.796 6.804 6.813 6.821 6.829 6.837 6.845 6.853 6.861 6.869 6.877 6.885 6.892 6.900 6.908 6.915 6.923 6.931 6.939 6.947 6.955 6.962 6.970 6.977 6.985 6.993 7.001 7.009 7.017 7.026 7.035 7.044 7.053 7.063 7.073 7.083 7.093 7.104 7.115 7.126 7.138 7.149 7.162 7.174 7.186 7.197 7.209 7.222 7.234 7.246 7.258 7.271 7.284
6.630 6.633 6.637 6.641 6.645 6.650 6.655 6.660 6.666 6.673 6.680 6.687 6.695 6.703 6.711 6.720 6.729 6.738 6.747 6.757 6.767 6.776 6.785 6.793 6.802 6.810 6.819 6.827 6.836 6.844 6.852 6.860 6.868 6.876 6.884 6.891 6.899 6.907 6.914 6.922 6.930 6.937 6.945 6.953 6.961 6.969 6.976 6.984 6.991 6.999 7.007 7.015 7.023 7.031 7.040 7.049 7.058 7.067 7.077 7.087 7.097 7.108 7.118 7.130 7.141 7.153 7.165 7.178 7.190 7.202 7.214 7.226 7.239 7.252 7.265 7.278 7.291
6.642 6.645 6.648 6.652 6.656 6.660 6.665 6.670 6.676 6.682 6.689 6.695 6.703 6.711 6.719 6.727 6.736 6.745 6.754 6.763 6.773 6.782 6.791 6.800 6.808 6.817 6.825 6.834 6.842 6.850 6.858 6.866 6.874 6.882 6.890 6.898 6.906 6.913 6.921 6.929 6.936 6.944 6.952 6.960 6.968 6.975 6.983 6.990 6.997 7.005 7.013 7.020 7.028 7.037 7.045 7.054 7.063 7.072 7.081 7.091 7.101 7.111 7.122 7.133 7.145 7.156 7.169 7.181 7.193 7.206 7.218 7.231 7.244 7.257 7.270 7.284 7.297
6.654 6.657 6.660 6.663 6.667 6.671 6.675 6.680 6.686 6.691 6.697 6.704 6.711 6.718 6.726 6.734 6.743 6.752 6.761 6.770 6.780 6.789 6.797 6.806 6.814 6.823 6.831 6.840 6.848 6.856 6.865 6.873 6.881 6.889 6.897 6.905 6.912 6.920 6.928 6.935 6.943 6.951 6.959 6.967 6.975 6.982 6.989 6.996 7.004 7.011 7.019 7.026 7.034 7.042 7.050 7.059 7.068 7.077 7.086 7.095 7.105 7.115 7.126 7.137 7.148 7.160 7.172 7.185 7.197 7.210 7.222 7.235 7.249 7.262 7.276 7.290 7.304
6.667 6.669 6.672 6.675 6.678 6.682 6.686 6.691 6.695 6.701 6.706 6.713 6.719 6.726 6.734 6.742 6.750 6.758 6.767 6.777 6.786 6.795 6.804 6.812 6.821 6.829 6.838 6.846 6.854 6.863 6.871 6.879 6.887 6.895 6.903 6.911 6.919 6.927 6.934 6.942 6.950 6.957 6.965 6.973 6.981 6.988 6.996 7.003 7.010 7.018 7.025 7.033 7.040 7.048 7.056 7.065 7.073 7.082 7.091 7.100 7.110 7.120 7.130 7.141 7.152 7.164 7.176 7.188 7.201 7.213 7.226 7.240 7.253 7.267 7.281 7.296 7.310
6.679 6.681 6.684 6.687 6.690 6.693 6.697 6.701 6.705 6.710 6.716 6.722 6.728 6.735 6.742 6.749 6.757 6.765 6.774 6.783 6.793 6.802 6.810 6.818 6.827 6.835 6.844 6.852 6.861 6.869 6.877 6.886 6.894 6.902 6.910 6.918 6.925 6.933 6.941 6.949 6.956 6.964 6.972 6.980 6.988 6.995 7.002 7.010 7.017 7.024 7.031 7.039 7.047 7.054 7.062 7.070 7.079 7.087 7.096 7.105 7.115 7.124 7.134 7.145 7.156 7.167 7.180 7.192 7.204 7.217 7.230 7.244 7.258 7.272 7.287 7.301 7.317
6.691 6.693 6.696 6.698 6.701 6.704 6.708 6.712 6.716 6.720 6.725 6.731 6.737 6.743 6.750 6.757 6.765 6.773 6.781 6.790 6.799 6.808 6.816 6.825 6.833 6.842 6.850 6.859 6.867 6.875 6.884 6.892 6.900 6.908 6.916 6.924 6.932 6.940 6.948 6.955 6.963 6.971 6.979 6.987 6.995 7.002 7.009 7.016 7.024 7.031 7.038 7.046 7.053 7.061 7.069 7.077 7.085 7.093 7.102 7.111 7.120 7.129 7.139 7.149 7.160 7.172 7.184 7.196 7.208 7.221 7.234 7.248 7.262 7.277 7.292 7.307 7.323
6.703 6.705 6.707 6.710 6.712 6.715 6.719 6.722 6.726 6.730 6.735 6.740 6.745 6.751 6.758 6.765 6.772 6.780 6.788 6.797 6.806 6.815 6.823 6.831 6.839 6.848 6.856 6.865 6.873 6.882 6.890 6.898 6.907 6.915 6.923 6.931 6.939 6.947 6.954 6.962 6.970 6.978 6.986 6.994 7.002 7.009 7.016 7.023 7.030 7.038 7.045 7.052 7.060 7.067 7.075 7.083 7.091 7.099 7.108 7.116 7.125 7.135 7.144 7.154 7.165 7.176 7.188 7.200 7.212 7.225 7.238 7.252 7.266 7.281 7.297 7.312 7.328
6.714 6.716 6.719 6.721 6.724 6.727 6.730 6.733 6.736 6.740 6.744 6.749 6.754 6.760 6.766 6.773 6.780 6.787 6.795 6.804 6.813 6.821 6.829 6.837 6.846 6.854 6.863 6.871 6.880 6.888 6.896 6.905 6.913 6.921 6.930 6.938 6.946 6.953 6.961 6.969 6.977 6.985 6.993 7.001 7.009 7.016 7.023 7.030 7.038 7.045 7.052 7.059 7.067 7.074 7.082 7.090 7.098 7.106 7.114 7.123 7.131 7.140 7.150 7.160 7.170 7.181 7.193 7.205 7.217 7.230 7.243 7.256 7.271 7.286 7.301 7.317 7.334
6.725 6.728 6.730 6.732 6.735 6.737 6.740 6.743 6.747 6.750 6.754 6.759 6.763 6.769 6.774 6.781 6.787 6.795 6.802 6.811 6.820 6.828 6.836 6.844 6.852 6.860 6.869 6.877 6.886 6.894 6.903 6.911 6.920 6.928 6.936 6.944 6.952 6.960 6.968 6.976 6.984 6.992 7.000 7.009 7.016 7.023 7.030 7.038 7.045 7.052 7.059 7.067 7.074 7.081 7.089 7.097 7.105 7.113 7.121 7.129 7.138 7.147 7.156 7.166 7.176 7.187 7.199 7.210 7.222 7.234 7.247 7.261 7.275 7.291 7.306 7.323 7.340
6.736 6.739 6.741 6.743 6.746 6.748 6.751 6.754 6.757 6.760 6.764 6.768 6.772 6.777 6.783 6.789 6.795 6.802 6.810 6.818 6.826 6.834 6.842 6.850 6.858 6.866 6.875 6.883 6.892 6.900 6.909 6.917 6.926 6.934 6.943 6.951 6.959 6.967 6.975 6.983 6.991 6.999 7.008 7.016 7.023 7.030 7.038 7.045 7.052 7.059 7.067 7.074 7.081 7.089 7.096 7.104 7.112 7.120 7.128 7.136 7.145 7.153 7.163 7.172 7.182 7.193 7.204 7.215 7.227 7.239 7.252 7.266 7.280 7.295 7.311 7.328 7.345
6.747 6.749 6.752 6.754 6.756 6.759 6.761 6.764 6.767 6.770 6.774 6.777 6.782 6.786 6.791 6.797 6.803 6.810 6.817 6.825 6.833 6.840 6.848 6.856 6.864 6.872 6.881 6.889 6.898 6.906 6.915 6.924 6.932 6.941 6.949 6.957 6.965 6.974 6.982 6.990 6.998 7.006 7.015 7.023 7.030 7.038 7.045 7.052 7.060 7.067 7.074 7.081 7.089 7.096 7.104 7.111 7.119 7.127 7.135 7.143 7.152 7.161 7.170 7.179 7.189 7.200 7.210 7.221 7.233 7.245 7.258 7.271 7.285 7.300 7.316 7.333 7.350
6.757 6.760 6.762 6.764 6.767 6.769 6.772 6.774 6.777 6.780 6.783 6.787 6.791 6.795 6.800 6.805 6.811 6.817 6.824 6.832 6.839 6.847 6.854 6.862 6.870 6.878 6.886 6.895 6.904 6.912 6.921 6.930 6.938 6.947 6.955 6.964 6.972 6.980 6.988 6.997 7.005 7.013 7.022 7.030 7.038 7.045 7.052 7.060 7.067 7.074 7.082 7.089 7.097 7.104 7.112 7.119 7.127 7.135 7.143 7.151 7.159 7.168 7.177 7.186 7.196 7.206 7.217 7.228 7.239 7.251 7.264 7.277 7.291 7.306 7.322 7.338 7.355
6.767 6.770 6.772 6.774 6.777 6.779 6.782 6.784 6.787 6.790 6.793 6.796 6.800 6.804 6.808 6.813 6.819 6.825 6.831 6.839 6.846 6.853 6.860 6.868 6.876 6.884 6.892 6.901 6.909 6.918 6.927 6.935 6.944 6.953 6.961 6.970 6.978 6.987 6.995 7.003 7.012 7.020 7.029 7.037 7.045 7.052 7.060 7.067 7.075 7.082 7.089 7.097 7.104 7.112 7.119 7.127 7.135 7.143 7.151 7.159 7.167 7.176 7.185 7.194 7.203 7.214 7.224 7.235 7.246 7.258 7.270 7.283 7.297 7.312 7.327 7.344 7.360
6.777 6.780 6.782 6.784 6.787 6.789 6.792 6.794 6.797 6.800 6.802 6.806 6.809 6.813 6.817 6.821 6.827 6.832 6.839 6.846 6.853 6.859 6.866 6.874 6.882 6.889 6.898 6.906 6.915 6.923 6.932 6.941 6.950 6.958 6.967 6.976 6.984 6.993 7.001 7.010 7.018 7.027 7.036 7.044 7.052 7.060 7.067 7.075 7.082 7.090 7.097 7.105 7.112 7.120 7.127 7.135 7.143 7.151 7.159 7.167 7.175 7.184 7.193 7.202 7.211 7.221 7.232 7.242 7.253 7.264 7.277 7.289 7.303 7.318 7.333 7.349 7.365
6.787 6.789 6.792 6.794 6.796 6.799 6.801 6.804 6.807 6.809 6.812 6.815 6.818 6.822 6.825 6.830 6.834 6.840 6.846 6.852 6.859 6.866 6.872 6.880 6.887 6.895 6.903 6.912 6.920 6.929 6.937 6.946 6.955 6.964 6.973 6.981 6.990 6.999 7.007 7.016 7.025 7.033 7.042 7.051 7.059 7.067 7.074 7.082 7.090 7.097 7.105 7.112 7.120 7.128 7.135 7.143 7.151 7.159 7.167 7.175 7.184 7.192 7.201 7.210 7.219 7.230 7.240 7.250 7.261 7.272 7.284 7.296 7.310 7.324 7.339 7.355 7.370
6.796 6.799 6.801 6.804 6.806 6.809 6.811 6.814 6.816 6.819 6.821 6.824 6.827 6.830 6.834 6.838 6.843 6.848 6.853 6.859 6.866 6.872 6.879 6.886 6.893 6.901 6.909 6.917 6.925 6.934 6.943 6.952 6.960 6.969 6.978 6.987 6.996 7.005 7.013 7.022 7.031 7.040 7.049 7.057 7.065 7.073 7.081 7.089 7.097 7.105 7.112 7.120 7.128 7.136 7.143 7.151 7.159 7.167 7.175 7.184 7.192 7.200 7.209 7.218 7.228 7.238 7.248 7.258 7.269 7.280 7.291 7.303 7.317 7.330 7.345 7.360 7.375
6.805 6.808 6.810 6.813 6.815 6.818 6.820 6.823 6.825 6.828 6.831 6.833 6.836 6.839 6.843 6.847 6.851 6.855 6.861 6.867 6.873 6.879 6.885 6.891 6.899 6.906 6.914 6.922 6.930 6.939 6.948 6.957 6.966 6.974 6.983 6.992 7.001 7.010 7.019 7.028 7.037 7.046 7.055 7.064 7.072 7.080 7.088 7.096 7.104 7.112 7.120 7.128 7.135 7.143 7.151 7.159 7.167 7.175 7.184 7.192 7.200 7.209 7.218 7.227 7.236 7.246 7.256 7.266 7.277 7.287 7.299 7.311 7.324 7.337 7.351 7.366 7.380
6.814 6.817 6.820 6.822 6.825 6.827 6.830 6.832 6.835 6.837 6.840 6.843 6.845 6.848 6.852 6.855 6.859 6.863 6.868 6.874 6.880 6.885 6.891 6.898 6.904 6.912 6.919 6.927 6.936 6.944 6.953 6.962 6.971 6.980 6.989 6.998 7.007 7.016 7.025 7.033 7.042 7.052 7.061 7.070 7.078 7.087 7.095 7.103 7.111 7.119 7.127 7.135 7.143 7.151 7.159 7.167 7.175 7.184 7.192 7.200 7.209 7.217 7.226 7.235 7.245 7.255 7.265 7.275 7.285 7.296 7.307 7.318 7.331 7.344 7.357 7.371 7.385
6.823 6.826 6.829 6.831 6.834 6.837 6.839 6.842 6.844 6.847 6.849 6.852 6.855 6.857 6.860 6.864 6.867 6.871 6.876 6.881 6.887 6.892 6.898 6.904 6.910 6.917 6.925 6.933 6.941 6.949 6.958 6.967 6.975 6.985 6.994 7.003 7.012 7.021 7.030 7.039 7.048 7.057 7.067 7.076 7.084 7.093 7.101 7.110 7.118 7.126 7.134 7.142 7.150 7.159 7.167 7.175 7.183 7.192 7.200 7.208 7.217 7.226 7.235 7.244 7.253 7.263 7.273 7.283 7.293 7.304 7.314 7.326 7.338 7.350 7.363 7.377 7.390
6.832 6.835 6.838 6.841 6.843 6.846 6.849 6.851 6.854 6.856 6.859 6.861 6.864 6.867 6.869 6.873 6.876 6.880 6.884 6.889 6.894 6.899 6.904 6.910 6.916 6.923 6.930 6.938 6.946 6.954 6.963 6.972 6.980 6.989 6.999 7.008 7.017 7.026 7.035 7.044 7.054 7.063 7.073 7.082 7.090 7.099 7.108 7.116 7.124 7.133 7.141 7.149 7.158 7.166 7.174 7.183 7.191 7.200 7.208 7.217 7.225 7.234 7.243 7.252 7.262 7.272 7.282 7.292 7.301 7.312 7.322 7.333 7.345 7.357 7.370 7.383 7.396
6.841 6.844 6.847 6.850 6.853 6.855 6.858 6.860 6.863 6.866 6.868 6.871 6.873 6.876 6.879 6.882 6.885 6.888 6.892 6.897 6.902 6.906 6.911 6.917 6.923 6.929 6.936 6.944 6.951 6.959 6.968 6.977 6.985 6.994 7.004 7.013 7.022 7.031 7.040 7.050 7.059 7.068 7.078 7.088 7.096 7.105 7.114 7.122 7.131 7.139 7.148 7.156 7.165 7.173 7.182 7.190 7.199 7.207 7.216 7.225 7.233 7.242 7.251 7.261 7.270 7.280 7.290 7.300 7.309 7.319 7.329 7.340 7.351 7.363 7.376 7.389 7.402
