version2/TsunamiDB/out54037.asc
ncols          264
nrows          230
xllcorner      497853.4375
yllcorner      4229146.0000
cellsize         5.
NODATA_value   -99
[rows 160 to 191 of 230, columns 72 to 143 of 264]
-99.000 -99.000 -99.000 -99.000 -99.000 -99.000 -99.000 -99.000 -99.000 -99.000 -99.000 -99.000 1.647 1.653 1.707 1.858 2.099 2.398 2.720 3.033 3.314 3.553 3.748 3.907 4.036 4.142 4.233 4.311 4.380 4.444 4.503 4.557 4.609 4.657 4.703 4.748 4.791 4.832 4.873 4.913 4.952 4.990 5.027 5.063 5.099 5.134 5.168 5.201 5.233 5.263 5.292 5.319 5.345 5.371 5.395 5.418 5.441 5.465 5.488 5.514 5.540 5.569 5.599 5.632 5.666 5.701 5.737 5.773 5.809 5.844 5.878 5.911
-99.000 -99.000 -99.000 -99.000 -99.000 -99.000 -99.000 -99.000 -99.000 -99.000 -99.000 -99.000 1.648 1.665 1.755 1.944 2.213 2.526 2.848 3.150 3.415 3.637 3.817 3.964 4.084 4.184 4.271 4.345 4.413 4.476 4.533 4.587 4.638 4.686 4.731 4.775 4.817 4.858 4.898 4.937 4.976 5.013 5.050 5.087 5.122 5.157 5.191 5.225 5.257 5.288 5.316 5.344 5.371 5.396 5.420 5.443 5.464 5.486 5.507 5.529 5.553 5.578 5.606 5.635 5.667 5.701 5.736 5.771 5.807 5.842 5.877 5.911
-99.000 -99.000 -99.000 -99.000 -99.000 -99.000 -99.000 -99.000 -99.000 -99.000 -99.000 1.647 1.650 1.689 1.819 2.044 2.334 2.655 2.972 3.261 3.509 3.714 3.880 4.016 4.128 4.223 4.306 4.379 4.445 4.506 4.563 4.616 4.667 4.714 4.759 4.802 4.844 4.884 4.923 4.962 5.000 5.037 5.073 5.109 5.145 5.180 5.214 5.248 5.280 5.312 5.341 5.369 5.397 5.422 5.446 5.469 5.490 5.510 5.529 5.549 5.570 5.592 5.616 5.642 5.671 5.702 5.735 5.770 5.805 5.840 5.875 5.910
-99.000 -99.000 -99.000 -99.000 -99.000 -99.000 -99.000 -99.000 -99.000 -99.000 -99.000 1.647 1.658 1.729 1.899 2.155 2.461 2.784 3.092 3.365 3.596 3.784 3.938 4.064 4.169 4.260 4.340 4.410 4.475 4.536 4.592 4.645 4.695 4.742 4.786 4.829 4.870 4.910 4.948 4.986 5.023 5.060 5.096 5.132 5.167 5.202 5.236 5.270 5.303 5.335 5.365 5.394 5.422 5.449 5.473 5.496 5.517 5.537 5.555 5.573 5.591 5.610 5.630 5.653 5.679 5.707 5.737 5.770 5.804 5.839 5.874 5.909
-99.000 -99.000 -99.000 -99.000 -99.000 -99.000 -99.000 -99.000 -99.000 -99.000 1.647 1.649 1.676 1.786 1.995 2.275 2.592 2.912 3.207 3.463 3.675 3.849 3.990 4.108 4.207 4.294 4.371 4.440 4.504 4.565 4.621 4.673 4.723 4.769 4.814 4.856 4.896 4.935 4.973 5.011 5.047 5.083 5.119 5.154 5.189 5.223 5.258 5.292 5.325 5.357 5.388 5.418 5.447 5.474 5.500 5.524 5.546 5.565 5.583 5.600 5.616 5.632 5.649 5.669 5.690 5.715 5.743 5.773 5.805 5.839 5.873 5.909
-99.000 -99.000 -99.000 -99.000 -99.000 -99.000 -99.000 -99.000 -99.000 -99.000 1.647 1.654 1.709 1.861 2.103 2.403 2.725 3.036 3.316 3.553 3.749 3.908 4.038 4.148 4.242 4.326 4.401 4.469 4.532 4.592 4.648 4.701 4.750 4.797 4.841 4.882 4.923 4.961 4.999 5.035 5.071 5.106 5.141 5.176 5.210 5.245 5.279 5.313 5.346 5.379 5.410 5.440 5.471 5.499 5.526 5.551 5.574 5.595 5.613 5.629 5.644 5.659 5.673 5.689 5.707 5.728 5.752 5.779 5.809 5.841 5.875 5.909
-99.000 -99.000 -99.000 -99.000 -99.000 -99.000 -99.000 -99.000 -99.000 -99.000 1.648 1.667 1.760 1.953 2.223 2.536 2.857 3.156 3.418 3.637 3.815 3.961 4.082 4.185 4.275 4.355 4.429 4.496 4.559 4.618 4.674 4.727 4.777 4.823 4.867 4.909 4.949 4.987 5.024 5.060 5.095 5.130 5.164 5.198 5.232 5.266 5.299 5.333 5.367 5.400 5.431 5.462 5.493 5.523 5.551 5.578 5.602 5.624 5.643 5.660 5.675 5.689 5.701 5.715 5.729 5.746 5.766 5.790 5.816 5.846 5.878 5.912
-99.000 -99.000 -99.000 -99.000 -99.000 -99.000 -99.000 -99.000 -99.000 1.647 1.651 1.694 1.831 2.060 2.353 2.673 2.986 3.270 3.513 3.713 3.876 4.010 4.122 4.219 4.305 4.383 4.455 4.521 4.584 4.644 4.700 4.753 4.802 4.849 4.893 4.935 4.974 5.012 5.049 5.084 5.119 5.153 5.187 5.220 5.253 5.287 5.320 5.353 5.386 5.420 5.452 5.483 5.515 5.546 5.575 5.603 5.629 5.652 5.673 5.692 5.707 5.721 5.733 5.744 5.756 5.770 5.786 5.805 5.828 5.855 5.885 5.917
-99.000 -99.000 -99.000 -99.000 -99.000 -99.000 -99.000 -99.000 -99.000 1.647 1.661 1.740 1.920 2.181 2.489 2.809 3.111 3.377 3.600 3.782 3.930 4.054 4.159 4.250 4.333 4.409 4.480 4.545 4.608 4.667 4.724 4.777 4.827 4.874 4.919 4.960 5.000 5.038 5.074 5.109 5.143 5.177 5.210 5.242 5.275 5.307 5.340 5.373 5.406 5.439 5.471 5.503 5.535 5.567 5.597 5.627 5.654 5.679 5.702 5.723 5.740 5.754 5.767 5.777 5.787 5.798 5.811 5.826 5.846 5.869 5.895 5.926
-99.000 -99.000 -99.000 -99.000 -99.000 -99.000 -99.000 -99.000 1.647 1.650 1.684 1.807 2.026 2.312 2.629 2.943 3.230 3.476 3.679 3.844 3.980 4.094 4.192 4.279 4.359 4.433 4.503 4.568 4.630 4.690 4.747 4.800 4.851 4.898 4.943 4.985 5.025 5.063 5.099 5.134 5.168 5.200 5.233 5.264 5.296 5.328 5.360 5.392 5.425 5.458 5.490 5.522 5.555 5.587 5.618 5.649 5.678 5.705 5.730 5.752 5.771 5.788 5.801 5.812 5.822 5.831 5.841 5.853 5.869 5.888 5.911 5.938
-99.000 -99.000 -99.000 -99.000 -99.000 -99.000 -99.000 -99.000 1.647 1.657 1.725 1.893 2.146 2.450 2.769 3.073 3.341 3.567 3.751 3.901 4.025 4.130 4.223 4.306 4.383 4.455 4.524 4.588 4.651 4.711 4.768 4.822 4.873 4.921 4.967 5.009 5.050 5.088 5.124 5.159 5.192 5.224 5.256 5.287 5.318 5.349 5.380 5.412 5.444 5.476 5.508 5.540 5.573 5.606 5.638 5.670 5.700 5.729 5.756 5.780 5.802 5.820 5.836 5.848 5.858 5.867 5.875 5.885 5.897 5.912 5.932 5.956
-99.000 -99.000 -99.000 -99.000 -99.000 -99.000 -99.000 1.647 1.649 1.676 1.788 1.997 2.277 2.592 2.907 3.196 3.444 3.649 3.816 3.952 4.066 4.164 4.251 4.330 4.405 4.475 4.543 4.608 4.670 4.730 4.788 4.842 4.894 4.943 4.989 5.032 5.073 5.112 5.149 5.184 5.217 5.249 5.280 5.310 5.340 5.370 5.401 5.431 5.463 5.494 5.526 5.558 5.591 5.624 5.657 5.689 5.721 5.751 5.779 5.806 5.830 5.851 5.869 5.883 5.895 5.904 5.912 5.920 5.930 5.942 5.958 5.979
-99.000 -99.000 -99.000 -99.000 -99.000 -99.000 -99.000 1.647 1.655 1.714 1.871 2.117 2.417 2.735 3.040 3.311 3.538 3.724 3.874 3.998 4.103 4.194 4.277 4.353 4.425 4.494 4.561 4.625 4.687 4.748 4.806 4.861 4.913 4.963 5.010 5.054 5.096 5.136 5.173 5.208 5.241 5.273 5.303 5.333 5.363 5.392 5.421 5.451 5.481 5.512 5.543 5.575 5.608 5.641 5.674 5.707 5.740 5.771 5.801 5.830 5.856 5.879 5.900 5.917 5.931 5.942 5.951 5.959 5.967 5.977 5.990 6.007
-99.000 -99.000 -99.000 -99.000 -99.000 -99.000 -99.000 1.648 1.671 1.773 1.973 2.248 2.560 2.875 3.166 3.416 3.623 3.790 3.927 4.040 4.137 4.222 4.301 4.374 4.444 4.512 4.578 4.641 4.704 4.764 4.822 4.878 4.931 4.981 5.029 5.075 5.117 5.158 5.196 5.232 5.265 5.297 5.327 5.357 5.385 5.414 5.442 5.471 5.500 5.530 5.560 5.591 5.624 5.657 5.690 5.724 5.757 5.790 5.821 5.851 5.879 5.905 5.928 5.948 5.965 5.978 5.989 5.998 6.006 6.015 6.026 6.041
-99.000 -99.000 -99.000 -99.000 -99.000 -99.000 1.647 1.653 1.705 1.853 2.091 2.387 2.705 3.011 3.283 3.512 3.699 3.850 3.974 4.078 4.168 4.249 4.323 4.394 4.463 4.529 4.594 4.656 4.718 4.778 4.836 4.892 4.946 4.997 5.046 5.093 5.137 5.179 5.218 5.254 5.289 5.321 5.352 5.381 5.409 5.436 5.464 5.491 5.520 5.548 5.576 5.607 5.639 5.672 5.705 5.739 5.773 5.806 5.839 5.871 5.901 5.929 5.954 5.977 5.996 6.013 6.026 6.037 6.046 6.056 6.066 6.078
-99.000 -99.000 -99.000 -99.000 -99.000 -99.000 1.648 1.667 1.760 1.952 2.222 2.532 2.847 3.139 3.391 3.599 3.768 3.904 4.017 4.112 4.196 4.273 4.345 4.413 4.480 4.545 4.608 4.670 4.731 4.791 4.849 4.905 4.959 5.012 5.062 5.109 5.155 5.198 5.238 5.276 5.311 5.344 5.375 5.405 5.433 5.460 5.486 5.512 5.539 5.566 5.594 5.623 5.654 5.687 5.720 5.753 5.788 5.822 5.855 5.888 5.920 5.950 5.978 6.003 6.025 6.045 6.061 6.074 6.086 6.096 6.106 6.118
-99.000 -99.000 -99.000 -99.000 -99.000 1.647 1.651 1.697 1.836 2.068 2.361 2.677 2.983 3.258 3.489 3.677 3.829 3.952 4.055 4.144 4.223 4.296 4.365 4.432 4.497 4.560 4.622 4.683 4.743 4.802 4.860 4.916 4.970 5.023 5.075 5.123 5.170 5.214 5.256 5.295 5.332 5.366 5.398 5.428 5.456 5.483 5.509 5.534 5.560 5.585 5.611 5.640 5.670 5.701 5.733 5.767 5.801 5.836 5.870 5.904 5.937 5.969 5.999 6.027 6.052 6.074 6.093 6.110 6.124 6.136 6.147 6.159
-99.000 -99.000 -99.000 -99.000 -99.000 1.648 1.663 1.748 1.933 2.197 2.504 2.820 3.113 3.367 3.578 3.747 3.884 3.996 4.090 4.173 4.248 4.318 4.385 4.450 4.514 4.576 4.636 4.695 4.754 4.812 4.869 4.925 4.980 5.033 5.085 5.135 5.183 5.229 5.272 5.313 5.351 5.387 5.420 5.451 5.479 5.506 5.532 5.557 5.581 5.605 5.630 5.657 5.685 5.715 5.746 5.779 5.813 5.848 5.883 5.918 5.953 5.986 6.018 6.048 6.075 6.100 6.122 6.142 6.159 6.174 6.187 6.200
-99.000 -99.000 -99.000 -99.000 1.647 1.650 1.690 1.821 2.046 2.335 2.650 2.957 3.234 3.467 3.657 3.809 3.933 4.035 4.123 4.201 4.272 4.340 4.405 4.468 4.530 4.591 4.649 4.707 4.764 4.821 4.877 4.933 4.987 5.041 5.093 5.144 5.193 5.240 5.285 5.327 5.367 5.405 5.440 5.472 5.502 5.529 5.555 5.580 5.603 5.626 5.649 5.674 5.701 5.729 5.760 5.792 5.825 5.860 5.895 5.931 5.966 6.001 6.034 6.066 6.096 6.124 6.149 6.171 6.191 6.208 6.224 6.239
-99.000 -99.000 -99.000 -99.000 1.647 1.660 1.737 1.914 2.173 2.478 2.793 3.088 3.345 3.557 3.728 3.865 3.977 4.071 4.153 4.227 4.296 4.362 4.425 4.487 4.547 4.606 4.662 4.718 4.774 4.830 4.885 4.939 4.994 5.047 5.099 5.150 5.200 5.249 5.295 5.339 5.381 5.420 5.457 5.491 5.522 5.551 5.578 5.603 5.626 5.648 5.670 5.693 5.718 5.745 5.773 5.804 5.837 5.871 5.906 5.942 5.978 6.014 6.049 6.083 6.115 6.144 6.172 6.197 6.220 6.240 6.259 6.276
-99.000 -99.000 -99.000 1.647 1.650 1.684 1.806 2.024 2.309 2.623 2.931 3.210 3.446 3.638 3.792 3.915 4.017 4.104 4.182 4.253 4.319 4.383 4.445 4.505 4.563 4.620 4.675 4.729 4.784 4.838 4.892 4.946 4.999 5.051 5.104 5.155 5.205 5.254 5.302 5.347 5.391 5.432 5.471 5.507 5.540 5.571 5.599 5.625 5.649 5.670 5.691 5.713 5.736 5.761 5.788 5.817 5.848 5.881 5.916 5.952 5.989 6.025 6.061 6.097 6.130 6.162 6.192 6.220 6.245 6.268 6.289 6.309
-99.000 -99.000 -99.000 1.647 1.657 1.727 1.896 2.148 2.451 2.766 3.063 3.323 3.538 3.711 3.849 3.961 4.055 4.136 4.210 4.278 4.343 4.405 4.465 4.523 4.580 4.635 4.688 4.741 4.794 4.847 4.899 4.951 5.003 5.055 5.107 5.158 5.208 5.258 5.306 5.353 5.398 5.441 5.482 5.520 5.555 5.588 5.618 5.645 5.670 5.692 5.713 5.734 5.756 5.779 5.804 5.831 5.860 5.892 5.926 5.961 5.998 6.035 6.072 6.109 6.144 6.177 6.209 6.239 6.267 6.292 6.316 6.338
-99.000 -99.000 -99.000 1.649 1.678 1.791 2.002 2.282 2.594 2.905 3.186 3.426 3.620 3.776 3.901 4.003 4.090 4.167 4.237 4.303 4.366 4.427 4.485 4.541 4.596 4.650 4.701 4.753 4.804 4.856 4.906 4.957 5.008 5.059 5.109 5.159 5.209 5.259 5.308 5.355 5.401 5.446 5.488 5.529 5.567 5.602 5.634 5.664 5.690 5.714 5.735 5.756 5.777 5.798 5.821 5.846 5.873 5.903 5.936 5.970 6.006 6.044 6.081 6.118 6.155 6.190 6.223 6.255 6.285 6.313 6.339 6.363
-99.000 -99.000 1.648 1.655 1.717 1.876 2.122 2.422 2.737 3.037 3.300 3.519 3.695 3.835 3.948 4.042 4.124 4.197 4.265 4.329 4.390 4.448 4.505 4.559 4.612 4.664 4.715 4.765 4.815 4.865 4.914 4.963 5.013 5.062 5.111 5.161 5.210 5.259 5.307 5.355 5.402 5.448 5.492 5.534 5.574 5.612 5.646 5.678 5.707 5.733 5.755 5.777 5.798 5.818 5.839 5.862 5.887 5.915 5.946 5.979 6.014 6.051 6.088 6.126 6.163 6.199 6.234 6.268 6.299 6.329 6.358 6.384
-99.000 -99.000 1.649 1.672 1.776 1.978 2.253 2.564 2.876 3.161 3.405 3.604 3.762 3.889 3.993 4.080 4.157 4.228 4.293 4.355 4.414 4.470 4.524 4.577 4.629 4.680 4.729 4.777 4.826 4.874 4.922 4.970 5.018 5.065 5.113 5.162 5.210 5.258 5.306 5.354 5.401 5.447 5.492 5.536 5.578 5.617 5.655 5.689 5.721 5.749 5.774 5.797 5.818 5.839 5.859 5.880 5.903 5.928 5.957 5.988 6.021 6.057 6.094 6.132 6.169 6.206 6.242 6.277 6.310 6.342 6.372 6.401
-99.000 1.648 1.654 1.706 1.856 2.094 2.390 2.706 3.009 3.277 3.500 3.680 3.824 3.939 4.035 4.117 4.191 4.258 4.321 4.381 4.437 4.491 4.544 4.596 4.646 4.695 4.743 4.790 4.837 4.884 4.931 4.977 5.023 5.069 5.116 5.163 5.210 5.257 5.304 5.351 5.398 5.444 5.490 5.534 5.578 5.619 5.659 5.696 5.730 5.761 5.789 5.814 5.837 5.858 5.879 5.899 5.920 5.943 5.969 5.997 6.029 6.063 6.099 6.135 6.173 6.210 6.247 6.283 6.318 6.351 6.383 6.414
-99.000 1.649 1.668 1.760 1.952 2.221 2.531 2.844 3.134 3.383 3.587 3.750 3.881 3.987 4.076 4.154 4.224 4.289 4.349 4.406 4.461 4.513 4.565 4.615 4.663 4.712 4.758 4.803 4.849 4.895 4.940 4.984 5.029 5.074 5.119 5.164 5.210 5.255 5.301 5.348 5.394 5.440 5.486 5.531 5.575 5.618 5.659 5.699 5.736 5.769 5.800 5.828 5.854 5.877 5.898 5.917 5.937 5.959 5.982 6.008 6.037 6.068 6.102 6.138 6.175 6.212 6.249 6.286 6.322 6.357 6.391 6.424
1.648 1.652 1.697 1.833 2.064 2.355 2.671 2.977 3.251 3.481 3.667 3.815 3.934 4.033 4.117 4.191 4.258 4.319 4.377 4.432 4.485 4.536 4.586 4.634 4.682 4.728 4.773 4.817 4.862 4.906 4.949 4.993 5.036 5.079 5.122 5.166 5.210 5.254 5.299 5.344 5.390 5.435 5.480 5.526 5.570 5.614 5.657 5.698 5.737 5.774 5.807 5.839 5.867 5.892 5.915 5.935 5.955 5.975 5.996 6.019 6.045 6.074 6.105 6.139 6.174 6.211 6.248 6.285 6.322 6.359 6.395 6.430
1.648 1.663 1.744 1.924 2.186 2.493 2.808 3.103 3.359 3.571 3.740 3.875 3.985 4.077 4.157 4.227 4.290 4.349 4.405 4.458 4.509 4.559 4.607 4.654 4.701 4.746 4.789 4.832 4.875 4.918 4.960 5.001 5.043 5.085 5.126 5.169 5.211 5.254 5.297 5.341 5.385 5.430 5.475 5.519 5.564 5.608 5.652 5.695 5.736 5.774 5.811 5.845 5.876 5.904 5.929 5.951 5.971 5.991 6.010 6.031 6.054 6.080 6.108 6.140 6.173 6.208 6.245 6.282 6.320 6.358 6.395 6.432
1.651 1.686 1.811 2.030 2.315 2.631 2.941 3.222 3.460 3.653 3.808 3.933 4.035 4.121 4.196 4.262 4.323 4.379 4.433 4.484 4.534 4.583 4.630 4.676 4.720 4.764 4.806 4.848 4.889 4.930 4.971 5.011 5.051 5.091 5.131 5.172 5.213 5.254 5.296 5.338 5.381 5.425 5.469 5.513 5.557 5.602 5.646 5.689 5.732 5.772 5.810 5.847 5.881 5.912 5.940 5.964 5.985 6.005 6.024 6.043 6.063 6.086 6.111 6.139 6.171 6.204 6.239 6.276 6.315 6.353 6.393 6.431
1.658 1.727 1.895 2.146 2.449 2.767 3.068 3.332 3.552 3.730 3.872 3.988 4.083 4.163 4.233 4.296 4.354 4.409 4.461 4.511 4.560 4.607 4.653 4.697 4.741 4.783 4.824 4.865 4.905 4.944 4.983 5.022 5.060 5.099 5.137 5.176 5.215 5.255 5.295 5.336 5.378 5.420 5.463 5.506 5.550 5.594 5.638 5.682 5.725 5.767 5.807 5.846 5.882 5.916 5.946 5.973 5.996 6.017 6.035 6.053 6.072 6.091 6.114 6.139 6.167 6.198 6.232 6.268 6.307 6.346 6.386 6.426
1.676 1.786 1.993 2.270 2.584 2.899 3.187 3.435 3.638 3.802 3.933 4.040 4.128 4.204 4.270 4.330 4.386 4.439 4.490 4.539 4.586 4.632 4.677 4.720 4.762 4.804 4.843 4.882 4.921 4.959 4.997 5.034 5.071 5.107 5.144 5.181 5.218 5.256 5.295 5.334 5.375 5.416 5.457 5.500 5.543 5.587 5.631 5.675 5.718 5.760 5.802 5.842 5.880 5.916 5.948 5.977 6.003 6.025 6.044 6.062 6.079 6.096 6.116 6.138 6.163 6.191 6.223 6.258 6.296 6.335 6.377 6.418
