version2/TsunamiDB/out54078.asc
ncols          264
nrows          230
xllcorner      497853.4375
yllcorner      4229146.0000
cellsize         5.
NODATA_value   -99
[rows 68 to 101 of 230, columns 152 to 227 of 264]
6.352 6.356 6.360 6.363 6.365 6.366 6.368 6.369 6.371 6.374 6.377 6.381 6.387 6.393 6.401 6.409 6.419 6.429 6.441 6.453 6.465 6.478 6.490 6.502 6.516 6.529 6.543 6.557 6.571 6.585 6.600 6.614 6.629 6.643 6.658 6.673 6.689 6.704 6.720 6.736 6.752 6.768 6.784 6.801 6.816 6.831 6.846 6.862 6.878 6.894 6.910 6.927 6.944 6.961 6.978 6.995 7.012 7.030 7.047 7.064 7.081 7.098 7.116 7.134 7.153 7.173 7.193 7.214 7.234 7.255 7.274 7.290 7.299 7.304 7.311 7.329
6.374 6.380 6.384 6.388 6.391 6.393 6.395 6.397 6.398 6.400 6.403 6.406 6.410 6.416 6.422 6.429 6.438 6.447 6.458 6.469 6.481 6.493 6.504 6.516 6.529 6.542 6.556 6.570 6.584 6.598 6.612 6.626 6.641 6.655 6.670 6.685 6.701 6.717 6.732 6.749 6.765 6.781 6.798 6.815 6.831 6.847 6.862 6.878 6.895 6.911 6.928 6.945 6.962 6.980 6.997 7.015 7.033 7.050 7.068 7.086 7.103 7.121 7.139 7.157 7.176 7.196 7.217 7.238 7.258 7.279 7.298 7.314 7.324 7.329 7.336 7.354
6.394 6.401 6.407 6.412 6.416 6.419 6.422 6.424 6.425 6.427 6.429 6.432 6.435 6.440 6.445 6.451 6.459 6.467 6.477 6.487 6.498 6.509 6.520 6.532 6.544 6.557 6.570 6.583 6.597 6.611 6.625 6.639 6.653 6.668 6.683 6.698 6.713 6.729 6.745 6.762 6.778 6.795 6.812 6.829 6.846 6.862 6.878 6.894 6.911 6.928 6.945 6.963 6.980 6.998 7.016 7.035 7.053 7.071 7.089 7.107 7.125 7.143 7.161 7.179 7.199 7.219 7.240 7.261 7.281 7.302 7.322 7.338 7.349 7.354 7.361 7.379
6.413 6.421 6.428 6.435 6.440 6.444 6.447 6.450 6.452 6.454 6.456 6.458 6.461 6.465 6.469 6.474 6.481 6.488 6.497 6.507 6.517 6.527 6.537 6.549 6.560 6.573 6.585 6.598 6.612 6.625 6.639 6.653 6.667 6.681 6.696 6.711 6.726 6.742 6.758 6.775 6.792 6.809 6.826 6.844 6.861 6.877 6.894 6.910 6.928 6.945 6.963 6.980 6.998 7.017 7.035 7.054 7.072 7.091 7.109 7.128 7.146 7.164 7.182 7.201 7.221 7.241 7.262 7.283 7.304 7.325 7.345 7.362 7.373 7.379 7.386 7.404
6.430 6.439 6.448 6.455 6.462 6.467 6.472 6.475 6.478 6.480 6.483 6.485 6.487 6.490 6.494 6.499 6.504 6.511 6.518 6.527 6.537 6.546 6.556 6.566 6.578 6.590 6.602 6.614 6.627 6.640 6.654 6.667 6.681 6.695 6.710 6.725 6.740 6.756 6.772 6.789 6.806 6.823 6.840 6.858 6.876 6.892 6.909 6.926 6.944 6.962 6.980 6.998 7.016 7.035 7.054 7.073 7.092 7.111 7.129 7.148 7.166 7.185 7.203 7.222 7.242 7.262 7.283 7.304 7.325 7.347 7.368 7.385 7.397 7.402 7.410 7.429
6.446 6.456 6.466 6.475 6.482 6.489 6.495 6.499 6.503 6.506 6.509 6.511 6.513 6.516 6.519 6.523 6.528 6.534 6.541 6.549 6.558 6.566 6.575 6.585 6.596 6.607 6.619 6.631 6.644 6.656 6.669 6.683 6.696 6.710 6.724 6.739 6.754 6.770 6.786 6.803 6.820 6.837 6.855 6.873 6.890 6.907 6.925 6.942 6.960 6.978 6.996 7.015 7.034 7.053 7.072 7.091 7.110 7.130 7.149 7.168 7.186 7.205 7.224 7.243 7.262 7.283 7.304 7.325 7.347 7.368 7.390 7.408 7.419 7.426 7.434 7.453
6.461 6.472 6.483 6.493 6.502 6.509 6.516 6.522 6.526 6.530 6.534 6.536 6.539 6.542 6.545 6.548 6.553 6.558 6.564 6.571 6.579 6.587 6.596 6.605 6.615 6.626 6.637 6.649 6.661 6.673 6.686 6.699 6.712 6.726 6.740 6.754 6.769 6.785 6.801 6.817 6.834 6.852 6.870 6.888 6.905 6.923 6.940 6.958 6.976 6.994 7.013 7.032 7.051 7.070 7.090 7.109 7.129 7.148 7.168 7.187 7.206 7.225 7.243 7.263 7.282 7.303 7.324 7.345 7.367 7.389 7.411 7.429 7.442 7.449 7.458 7.478
6.474 6.487 6.498 6.509 6.519 6.528 6.536 6.543 6.548 6.553 6.557 6.561 6.564 6.567 6.570 6.573 6.577 6.582 6.588 6.594 6.601 6.609 6.616 6.625 6.635 6.645 6.656 6.668 6.679 6.691 6.704 6.716 6.729 6.742 6.756 6.770 6.785 6.800 6.816 6.832 6.849 6.867 6.885 6.903 6.920 6.938 6.955 6.974 6.992 7.010 7.029 7.048 7.068 7.087 7.107 7.127 7.147 7.166 7.186 7.206 7.225 7.244 7.263 7.282 7.301 7.322 7.343 7.364 7.387 7.409 7.431 7.450 7.463 7.471 7.480 7.501
6.487 6.500 6.513 6.525 6.536 6.546 6.554 6.562 6.569 6.575 6.580 6.584 6.588 6.591 6.595 6.598 6.602 6.606 6.611 6.617 6.624 6.631 6.638 6.646 6.655 6.665 6.676 6.687 6.698 6.710 6.722 6.734 6.747 6.759 6.773 6.787 6.801 6.816 6.831 6.848 6.864 6.882 6.900 6.918 6.936 6.953 6.971 6.989 7.008 7.026 7.045 7.065 7.084 7.104 7.124 7.144 7.164 7.184 7.204 7.224 7.243 7.262 7.281 7.300 7.320 7.340 7.361 7.383 7.406 7.428 7.451 7.470 7.484 7.492 7.501 7.524
6.500 6.513 6.527 6.539 6.551 6.562 6.572 6.581 6.588 6.595 6.601 6.607 6.611 6.615 6.619 6.622 6.626 6.630 6.635 6.640 6.646 6.653 6.659 6.667 6.676 6.685 6.696 6.706 6.717 6.729 6.740 6.752 6.765 6.777 6.790 6.804 6.818 6.832 6.848 6.864 6.880 6.897 6.916 6.934 6.951 6.968 6.986 7.005 7.023 7.042 7.061 7.081 7.101 7.120 7.140 7.161 7.181 7.201 7.222 7.241 7.261 7.280 7.299 7.318 7.338 7.358 7.379 7.401 7.424 7.447 7.469 7.489 7.502 7.511 7.523 7.547
6.511 6.526 6.539 6.553 6.565 6.577 6.588 6.598 6.607 6.614 6.621 6.628 6.633 6.637 6.642 6.646 6.649 6.654 6.658 6.663 6.669 6.675 6.681 6.688 6.696 6.706 6.715 6.726 6.737 6.748 6.760 6.771 6.783 6.796 6.808 6.821 6.835 6.849 6.864 6.880 6.896 6.913 6.931 6.949 6.966 6.984 7.002 7.020 7.039 7.058 7.077 7.097 7.116 7.136 7.157 7.177 7.198 7.218 7.239 7.259 7.278 7.298 7.317 7.335 7.355 7.375 7.396 7.418 7.440 7.464 7.486 7.505 7.520 7.531 7.545 7.570
6.522 6.537 6.552 6.566 6.579 6.591 6.603 6.614 6.624 6.632 6.640 6.647 6.653 6.659 6.664 6.668 6.672 6.676 6.681 6.686 6.691 6.696 6.702 6.709 6.717 6.726 6.735 6.746 6.756 6.767 6.779 6.790 6.802 6.814 6.827 6.840 6.853 6.867 6.881 6.897 6.913 6.930 6.947 6.965 6.982 6.999 7.017 7.036 7.054 7.073 7.093 7.112 7.132 7.152 7.173 7.193 7.214 7.235 7.255 7.275 7.295 7.315 7.333 7.352 7.371 7.391 7.412 7.433 7.456 7.479 7.501 7.521 7.537 7.550 7.566 7.594
6.533 6.548 6.563 6.578 6.592 6.605 6.617 6.629 6.639 6.649 6.658 6.666 6.673 6.679 6.685 6.690 6.694 6.699 6.703 6.708 6.713 6.718 6.723 6.730 6.737 6.746 6.755 6.765 6.775 6.786 6.798 6.809 6.821 6.833 6.845 6.858 6.871 6.885 6.899 6.914 6.930 6.946 6.963 6.980 6.997 7.015 7.033 7.051 7.070 7.089 7.108 7.128 7.148 7.168 7.188 7.209 7.230 7.250 7.271 7.292 7.312 7.331 7.350 7.368 7.387 7.406 7.427 7.448 7.470 7.493 7.515 7.536 7.553 7.569 7.588 7.618
6.543 6.559 6.574 6.589 6.604 6.618 6.631 6.643 6.654 6.665 6.675 6.684 6.691 6.698 6.705 6.710 6.715 6.720 6.725 6.730 6.735 6.739 6.744 6.750 6.757 6.765 6.774 6.784 6.794 6.805 6.816 6.828 6.840 6.852 6.864 6.876 6.889 6.903 6.917 6.931 6.947 6.963 6.980 6.996 7.013 7.030 7.048 7.066 7.085 7.104 7.123 7.143 7.163 7.183 7.203 7.224 7.245 7.266 7.287 7.307 7.328 7.347 7.366 7.384 7.402 7.421 7.440 7.461 7.483 7.505 7.528 7.550 7.570 7.589 7.611 7.644
6.552 6.569 6.585 6.600 6.615 6.630 6.643 6.656 6.669 6.680 6.691 6.700 6.709 6.717 6.724 6.730 6.736 6.741 6.746 6.751 6.756 6.760 6.764 6.770 6.777 6.785 6.793 6.803 6.813 6.824 6.835 6.846 6.858 6.870 6.882 6.895 6.907 6.921 6.934 6.949 6.964 6.979 6.996 7.012 7.029 7.046 7.063 7.081 7.100 7.119 7.138 7.157 7.177 7.197 7.218 7.239 7.260 7.281 7.302 7.323 7.343 7.363 7.381 7.398 7.416 7.434 7.453 7.472 7.493 7.516 7.540 7.564 7.587 7.609 7.635 7.671
6.561 6.578 6.595 6.611 6.626 6.641 6.655 6.669 6.682 6.694 6.705 6.716 6.725 6.734 6.742 6.749 6.755 6.761 6.766 6.772 6.776 6.780 6.784 6.790 6.796 6.804 6.812 6.821 6.831 6.842 6.853 6.864 6.876 6.888 6.900 6.913 6.925 6.939 6.952 6.966 6.981 6.996 7.012 7.029 7.045 7.061 7.079 7.097 7.115 7.134 7.153 7.172 7.192 7.212 7.232 7.253 7.274 7.295 7.316 7.337 7.358 7.377 7.395 7.412 7.428 7.446 7.464 7.482 7.503 7.526 7.551 7.578 7.603 7.629 7.658 7.697
6.570 6.587 6.604 6.621 6.637 6.652 6.667 6.681 6.695 6.707 6.720 6.731 6.741 6.750 6.759 6.767 6.774 6.780 6.786 6.791 6.796 6.800 6.804 6.809 6.815 6.822 6.830 6.839 6.849 6.859 6.870 6.882 6.893 6.906 6.918 6.930 6.943 6.956 6.970 6.983 6.998 7.013 7.029 7.045 7.061 7.077 7.094 7.112 7.130 7.148 7.167 7.186 7.206 7.226 7.246 7.267 7.288 7.309 7.330 7.351 7.372 7.391 7.409 7.425 7.440 7.456 7.473 7.491 7.512 7.535 7.562 7.591 7.620 7.649 7.681 7.723
6.578 6.596 6.613 6.630 6.646 6.662 6.678 6.693 6.707 6.720 6.733 6.745 6.756 6.766 6.775 6.784 6.791 6.798 6.804 6.810 6.815 6.819 6.823 6.828 6.834 6.841 6.848 6.857 6.866 6.876 6.887 6.899 6.910 6.923 6.935 6.948 6.960 6.973 6.987 7.000 7.015 7.030 7.045 7.061 7.076 7.092 7.109 7.127 7.144 7.163 7.181 7.200 7.220 7.239 7.260 7.280 7.301 7.322 7.344 7.365 7.385 7.404 7.421 7.436 7.450 7.466 7.482 7.499 7.520 7.544 7.572 7.603 7.636 7.669 7.704 7.748
6.586 6.604 6.622 6.639 6.656 6.672 6.688 6.703 6.718 6.732 6.745 6.758 6.770 6.780 6.790 6.800 6.808 6.815 6.822 6.829 6.834 6.838 6.842 6.847 6.853 6.859 6.866 6.874 6.883 6.893 6.904 6.915 6.927 6.939 6.951 6.964 6.977 6.990 7.003 7.017 7.031 7.046 7.061 7.077 7.092 7.108 7.124 7.141 7.159 7.177 7.195 7.214 7.233 7.253 7.273 7.293 7.314 7.335 7.356 7.377 7.398 7.416 7.433 7.446 7.459 7.474 7.489 7.506 7.527 7.552 7.582 7.616 7.652 7.687 7.726 7.773
6.594 6.612 6.630 6.647 6.664 6.681 6.698 6.713 6.729 6.743 6.757 6.770 6.783 6.794 6.805 6.815 6.824 6.832 6.839 6.846 6.852 6.856 6.860 6.865 6.871 6.877 6.884 6.891 6.900 6.910 6.920 6.931 6.943 6.955 6.967 6.980 6.993 7.006 7.020 7.033 7.047 7.062 7.077 7.092 7.107 7.123 7.139 7.156 7.173 7.191 7.209 7.228 7.246 7.266 7.286 7.306 7.326 7.347 7.368 7.389 7.409 7.428 7.443 7.456 7.467 7.482 7.497 7.513 7.535 7.561 7.593 7.628 7.666 7.705 7.749 7.798
6.600 6.619 6.637 6.655 6.673 6.690 6.707 6.723 6.738 6.754 6.768 6.782 6.795 6.807 6.818 6.829 6.838 6.847 6.855 6.863 6.869 6.873 6.878 6.883 6.888 6.894 6.901 6.908 6.916 6.926 6.936 6.947 6.958 6.970 6.983 6.996 7.009 7.022 7.035 7.049 7.063 7.077 7.093 7.108 7.122 7.138 7.154 7.170 7.187 7.205 7.223 7.241 7.259 7.278 7.298 7.318 7.338 7.359 7.380 7.400 7.420 7.438 7.453 7.464 7.476 7.489 7.504 7.521 7.543 7.570 7.602 7.639 7.679 7.723 7.772 7.823
6.607 6.626 6.644 6.663 6.680 6.698 6.715 6.732 6.748 6.763 6.778 6.792 6.806 6.819 6.831 6.842 6.852 6.862 6.870 6.878 6.885 6.890 6.895 6.900 6.905 6.911 6.917 6.925 6.932 6.941 6.951 6.962 6.973 6.985 6.998 7.010 7.024 7.037 7.050 7.064 7.078 7.093 7.108 7.122 7.137 7.152 7.168 7.184 7.201 7.218 7.236 7.254 7.272 7.291 7.310 7.330 7.350 7.370 7.391 7.411 7.430 7.448 7.462 7.473 7.483 7.497 7.511 7.528 7.551 7.579 7.611 7.649 7.693 7.742 7.796 7.849
6.613 6.632 6.651 6.669 6.688 6.705 6.723 6.740 6.756 6.772 6.788 6.802 6.816 6.830 6.842 6.854 6.865 6.875 6.884 6.893 6.900 6.906 6.911 6.916 6.922 6.928 6.934 6.941 6.948 6.957 6.966 6.977 6.988 7.000 7.012 7.025 7.038 7.051 7.065 7.079 7.093 7.107 7.122 7.137 7.151 7.166 7.182 7.198 7.215 7.232 7.249 7.267 7.285 7.303 7.322 7.341 7.361 7.381 7.401 7.421 7.440 7.457 7.470 7.481 7.491 7.505 7.519 7.536 7.558 7.587 7.620 7.659 7.707 7.762 7.821 7.877
6.618 6.638 6.657 6.676 6.694 6.712 6.730 6.747 6.764 6.780 6.796 6.811 6.826 6.840 6.853 6.865 6.877 6.887 6.897 6.907 6.914 6.920 6.926 6.932 6.938 6.943 6.950 6.956 6.964 6.972 6.981 6.991 7.002 7.014 7.026 7.039 7.052 7.065 7.079 7.093 7.107 7.121 7.136 7.151 7.165 7.180 7.196 7.212 7.228 7.245 7.262 7.279 7.297 7.315 7.333 7.352 7.371 7.391 7.411 7.430 7.449 7.466 7.479 7.489 7.499 7.512 7.527 7.543 7.566 7.594 7.629 7.670 7.722 7.783 7.849 7.907
6.623 6.643 6.662 6.681 6.700 6.719 6.737 6.754 6.771 6.788 6.804 6.820 6.835 6.849 6.863 6.875 6.888 6.899 6.909 6.919 6.927 6.934 6.941 6.947 6.953 6.958 6.965 6.971 6.979 6.987 6.996 7.005 7.016 7.027 7.040 7.052 7.065 7.079 7.093 7.107 7.121 7.135 7.150 7.164 7.179 7.193 7.209 7.225 7.241 7.258 7.274 7.291 7.309 7.326 7.344 7.363 7.382 7.401 7.420 7.440 7.458 7.475 7.488 7.497 7.507 7.520 7.534 7.550 7.573 7.603 7.638 7.682 7.739 7.806 7.877 7.938
6.628 6.648 6.667 6.686 6.705 6.724 6.743 6.760 6.778 6.795 6.811 6.827 6.843 6.857 6.871 6.885 6.897 6.909 6.920 6.931 6.940 6.947 6.954 6.960 6.967 6.973 6.979 6.986 6.993 7.001 7.010 7.019 7.030 7.041 7.053 7.065 7.078 7.092 7.106 7.120 7.134 7.148 7.163 7.177 7.191 7.206 7.221 7.237 7.253 7.270 7.286 7.303 7.320 7.337 7.355 7.373 7.391 7.410 7.429 7.449 7.467 7.484 7.496 7.505 7.514 7.527 7.541 7.557 7.581 7.612 7.649 7.697 7.759 7.832 7.908 7.970
6.632 6.652 6.671 6.691 6.710 6.729 6.748 6.766 6.784 6.801 6.818 6.834 6.850 6.865 6.879 6.893 6.906 6.919 6.930 6.941 6.951 6.959 6.966 6.973 6.980 6.986 6.993 7.000 7.007 7.015 7.023 7.032 7.043 7.054 7.065 7.078 7.091 7.104 7.118 7.132 7.146 7.161 7.176 7.190 7.204 7.218 7.233 7.249 7.265 7.282 7.298 7.315 7.331 7.348 7.365 7.382 7.401 7.419 7.438 7.457 7.476 7.492 7.505 7.514 7.522 7.534 7.549 7.565 7.589 7.621 7.661 7.713 7.779 7.856 7.938 8.003
6.635 6.655 6.675 6.695 6.714 6.733 6.752 6.771 6.789 6.806 6.823 6.840 6.856 6.871 6.886 6.900 6.914 6.927 6.939 6.951 6.961 6.969 6.977 6.985 6.992 6.999 7.006 7.013 7.020 7.028 7.036 7.045 7.055 7.066 7.078 7.090 7.103 7.116 7.130 7.144 7.158 7.173 7.187 7.201 7.215 7.230 7.245 7.260 7.276 7.293 7.309 7.325 7.342 7.358 7.375 7.392 7.410 7.428 7.447 7.466 7.484 7.501 7.513 7.521 7.529 7.542 7.557 7.574 7.598 7.632 7.675 7.731 7.801 7.883 7.972 8.038
6.638 6.658 6.678 6.698 6.718 6.737 6.756 6.775 6.793 6.811 6.828 6.845 6.861 6.877 6.892 6.907 6.921 6.934 6.947 6.959 6.970 6.979 6.987 6.995 7.003 7.010 7.018 7.025 7.032 7.040 7.048 7.057 7.067 7.078 7.089 7.101 7.114 7.127 7.141 7.155 7.169 7.184 7.198 7.212 7.226 7.241 7.256 7.271 7.287 7.303 7.319 7.335 7.351 7.367 7.384 7.400 7.418 7.436 7.455 7.474 7.492 7.509 7.521 7.528 7.535 7.549 7.565 7.583 7.609 7.645 7.692 7.752 7.826 7.917 8.009 8.075
6.639 6.660 6.680 6.701 6.720 6.740 6.759 6.778 6.797 6.815 6.832 6.849 6.866 6.882 6.898 6.913 6.927 6.941 6.954 6.967 6.977 6.987 6.996 7.005 7.013 7.021 7.029 7.036 7.044 7.052 7.060 7.069 7.078 7.089 7.100 7.112 7.125 7.138 7.152 7.165 7.180 7.194 7.209 7.222 7.236 7.251 7.266 7.281 7.297 7.313 7.329 7.345 7.360 7.376 7.392 7.409 7.426 7.444 7.463 7.482 7.500 7.516 7.527 7.534 7.542 7.558 7.576 7.595 7.623 7.663 7.714 7.779 7.860 7.954 8.046 8.111
6.640 6.661 6.682 6.702 6.722 6.742 6.762 6.781 6.799 6.818 6.836 6.853 6.870 6.886 6.902 6.917 6.932 6.946 6.960 6.973 6.984 6.994 7.004 7.013 7.022 7.031 7.039 7.046 7.054 7.062 7.071 7.080 7.089 7.099 7.111 7.122 7.135 7.148 7.161 7.175 7.189 7.204 7.218 7.231 7.245 7.260 7.275 7.290 7.306 7.322 7.338 7.353 7.369 7.384 7.400 7.416 7.433 7.452 7.470 7.489 7.507 7.521 7.532 7.540 7.551 7.569 7.589 7.610 7.642 7.685 7.740 7.811 7.897 7.991 8.082 8.145
6.640 6.661 6.682 6.703 6.723 6.743 6.763 6.782 6.801 6.820 6.838 6.855 6.873 6.889 6.905 6.921 6.936 6.951 6.965 6.978 6.990 7.000 7.011 7.021 7.030 7.039 7.048 7.056 7.064 7.072 7.081 7.089 7.099 7.109 7.120 7.132 7.144 7.157 7.170 7.184 7.198 7.213 7.227 7.240 7.254 7.268 7.283 7.298 7.314 7.330 7.345 7.361 7.376 7.391 7.407 7.423 7.440 7.458 7.477 7.495 7.512 7.526 7.538 7.548 7.562 7.583 7.605 7.631 7.667 7.713 7.772 7.846 7.933 8.027 8.117 8.180
6.638 6.660 6.681 6.702 6.723 6.743 6.763 6.783 6.802 6.821 6.839 6.857 6.874 6.891 6.908 6.924 6.939 6.954 6.969 6.982 6.994 7.006 7.017 7.027 7.037 7.046 7.055 7.064 7.073 7.081 7.090 7.098 7.108 7.118 7.129 7.140 7.153 7.165 7.179 7.192 7.206 7.220 7.234 7.247 7.261 7.275 7.290 7.305 7.321 7.336 7.352 7.368 7.383 7.398 7.413 7.429 7.446 7.464 7.482 7.499 7.516 7.531 7.544 7.557 7.575 7.599 7.626 7.656 7.695 7.746 7.808 7.882 7.968 8.061 8.152 8.214
6.634 6.656 6.678 6.699 6.721 6.742 6.762 6.782 6.802 6.821 6.839 6.858 6.875 6.892 6.909 6.925 6.941 6.957 6.972 6.985 6.998 7.010 7.021 7.032 7.043 7.053 7.062 7.071 7.080 7.089 7.098 7.107 7.116 7.126 7.137 7.148 7.160 7.173 7.186 7.199 7.213 7.227 7.241 7.254 7.267 7.281 7.296 7.311 7.326 7.342 7.358 7.374 7.389 7.404 7.419 7.434 7.451 7.468 7.485 7.502 7.519 7.536 7.552 7.569 7.591 7.620 7.650 7.685 7.729 7.783 7.844 7.917 8.002 8.095 8.187 8.249
