version2/TsunamiDB/out54104.asc
ncols          264
nrows          230
xllcorner      497853.4375
yllcorner      4229146.0000
cellsize         5.
NODATA_value   -99
[rows 34 to 67 of 230, columns 77 to 153 of 264]
5.410 5.427 5.444 5.460 5.475 5.490 5.504 5.517 5.529 5.542 5.555 5.568 5.581 5.594 5.607 5.620 5.634 5.647 5.661 5.675 5.690 5.705 5.720 5.736 5.751 5.767 5.783 5.800 5.816 5.832 5.846 5.862 5.877 5.893 5.908 5.924 5.939 5.955 5.970 5.985 6.000 6.014 6.029 6.043 6.057 6.071 6.085 6.099 6.112 6.126 6.139 6.152 6.165 6.176 6.187 6.198 6.209 6.220 6.230 6.241 6.251 6.261 6.270 6.279 6.287 6.295 6.302 6.309 6.315 6.320 6.325 6.329 6.333 6.336 6.338 6.340 6.340
5.423 5.441 5.458 5.474 5.490 5.505 5.519 5.532 5.544 5.557 5.570 5.583 5.595 5.607 5.620 5.632 5.645 5.658 5.671 5.684 5.698 5.712 5.726 5.741 5.756 5.772 5.787 5.803 5.819 5.834 5.849 5.864 5.879 5.895 5.911 5.926 5.942 5.957 5.972 5.987 6.002 6.017 6.031 6.046 6.060 6.074 6.088 6.102 6.115 6.129 6.142 6.155 6.168 6.179 6.190 6.202 6.213 6.224 6.235 6.246 6.256 6.266 6.276 6.285 6.294 6.302 6.310 6.317 6.324 6.330 6.335 6.340 6.344 6.348 6.351 6.353 6.354
5.435 5.453 5.471 5.488 5.504 5.520 5.534 5.547 5.560 5.573 5.585 5.598 5.610 5.622 5.634 5.645 5.657 5.669 5.682 5.694 5.707 5.720 5.734 5.748 5.762 5.777 5.792 5.807 5.823 5.838 5.852 5.867 5.882 5.897 5.913 5.928 5.944 5.959 5.974 5.989 6.004 6.019 6.034 6.048 6.062 6.076 6.090 6.104 6.118 6.132 6.145 6.158 6.171 6.182 6.194 6.205 6.217 6.228 6.239 6.250 6.261 6.271 6.281 6.291 6.300 6.309 6.317 6.325 6.332 6.339 6.345 6.350 6.355 6.359 6.363 6.366 6.367
5.446 5.465 5.483 5.500 5.517 5.533 5.548 5.561 5.574 5.588 5.600 5.613 5.625 5.637 5.648 5.660 5.671 5.682 5.694 5.706 5.718 5.730 5.743 5.756 5.769 5.783 5.798 5.812 5.827 5.841 5.855 5.870 5.885 5.900 5.915 5.931 5.946 5.961 5.976 5.991 6.006 6.021 6.036 6.050 6.065 6.079 6.093 6.107 6.121 6.134 6.148 6.161 6.174 6.185 6.197 6.209 6.220 6.232 6.243 6.254 6.265 6.276 6.286 6.296 6.305 6.315 6.323 6.332 6.339 6.347 6.353 6.359 6.365 6.370 6.374 6.377 6.379
5.456 5.475 5.494 5.512 5.529 5.546 5.561 5.575 5.589 5.602 5.615 5.628 5.640 5.652 5.663 5.675 5.686 5.696 5.707 5.718 5.730 5.741 5.753 5.765 5.778 5.791 5.804 5.818 5.832 5.846 5.859 5.874 5.888 5.903 5.918 5.933 5.948 5.964 5.979 5.994 6.009 6.023 6.038 6.053 6.067 6.081 6.095 6.109 6.123 6.137 6.150 6.164 6.177 6.188 6.200 6.212 6.224 6.235 6.247 6.258 6.269 6.280 6.291 6.301 6.311 6.320 6.329 6.338 6.346 6.354 6.361 6.368 6.374 6.380 6.385 6.388 6.391
5.465 5.484 5.503 5.522 5.540 5.557 5.573 5.587 5.602 5.616 5.630 5.643 5.655 5.667 5.679 5.690 5.701 5.711 5.722 5.732 5.743 5.753 5.764 5.776 5.787 5.799 5.812 5.825 5.838 5.852 5.864 5.878 5.892 5.907 5.921 5.936 5.951 5.966 5.981 5.996 6.011 6.026 6.040 6.055 6.069 6.084 6.098 6.112 6.126 6.139 6.153 6.167 6.179 6.191 6.203 6.215 6.227 6.239 6.250 6.262 6.273 6.284 6.295 6.306 6.316 6.326 6.335 6.344 6.353 6.361 6.369 6.376 6.382 6.389 6.394 6.399 6.402
5.472 5.492 5.512 5.531 5.549 5.567 5.583 5.599 5.614 5.629 5.643 5.657 5.670 5.682 5.694 5.705 5.716 5.727 5.737 5.747 5.757 5.767 5.777 5.788 5.798 5.809 5.821 5.833 5.846 5.858 5.870 5.883 5.897 5.911 5.925 5.940 5.954 5.969 5.984 5.999 6.013 6.028 6.043 6.057 6.072 6.086 6.100 6.114 6.128 6.142 6.156 6.169 6.182 6.194 6.206 6.218 6.230 6.242 6.254 6.265 6.277 6.288 6.299 6.310 6.320 6.331 6.340 6.350 6.359 6.367 6.375 6.383 6.390 6.397 6.403 6.408 6.412
5.479 5.499 5.519 5.539 5.558 5.576 5.593 5.609 5.625 5.640 5.655 5.669 5.683 5.696 5.708 5.720 5.731 5.742 5.752 5.762 5.772 5.782 5.791 5.801 5.811 5.821 5.832 5.843 5.855 5.866 5.877 5.889 5.902 5.916 5.929 5.943 5.958 5.972 5.987 6.001 6.016 6.031 6.045 6.060 6.074 6.088 6.103 6.117 6.131 6.144 6.158 6.172 6.185 6.197 6.209 6.221 6.233 6.245 6.257 6.269 6.281 6.292 6.303 6.314 6.325 6.335 6.345 6.355 6.364 6.373 6.382 6.390 6.398 6.405 6.411 6.417 6.421
5.485 5.506 5.526 5.546 5.565 5.584 5.602 5.618 5.634 5.650 5.666 5.681 5.695 5.709 5.722 5.734 5.746 5.757 5.768 5.778 5.788 5.797 5.806 5.815 5.825 5.834 5.844 5.854 5.865 5.875 5.885 5.897 5.909 5.921 5.935 5.948 5.962 5.976 5.990 6.005 6.019 6.033 6.048 6.062 6.077 6.091 6.105 6.119 6.133 6.147 6.161 6.175 6.187 6.199 6.212 6.224 6.236 6.248 6.260 6.272 6.284 6.296 6.307 6.318 6.329 6.340 6.350 6.360 6.369 6.379 6.388 6.396 6.404 6.412 6.419 6.425 6.430
5.491 5.512 5.532 5.552 5.572 5.591 5.609 5.626 5.643 5.660 5.676 5.691 5.706 5.721 5.734 5.747 5.760 5.771 5.783 5.793 5.803 5.812 5.822 5.831 5.839 5.848 5.857 5.867 5.876 5.886 5.895 5.905 5.916 5.928 5.941 5.954 5.967 5.980 5.994 6.008 6.022 6.037 6.051 6.065 6.079 6.093 6.108 6.122 6.136 6.149 6.163 6.177 6.190 6.202 6.214 6.227 6.239 6.251 6.263 6.275 6.287 6.299 6.310 6.322 6.333 6.344 6.354 6.364 6.374 6.384 6.393 6.402 6.411 6.419 6.426 6.433 6.438
5.496 5.517 5.538 5.558 5.578 5.597 5.615 5.633 5.650 5.667 5.684 5.701 5.716 5.731 5.746 5.759 5.772 5.785 5.796 5.807 5.818 5.828 5.837 5.846 5.855 5.863 5.872 5.880 5.889 5.898 5.906 5.916 5.926 5.937 5.948 5.960 5.973 5.986 5.999 6.012 6.026 6.040 6.054 6.068 6.082 6.096 6.110 6.124 6.138 6.152 6.166 6.180 6.193 6.205 6.217 6.229 6.242 6.254 6.266 6.278 6.290 6.302 6.314 6.325 6.337 6.348 6.358 6.369 6.379 6.389 6.398 6.408 6.417 6.425 6.433 6.440 6.446
5.502 5.523 5.543 5.563 5.583 5.603 5.621 5.639 5.657 5.674 5.692 5.708 5.725 5.740 5.755 5.770 5.784 5.797 5.809 5.821 5.832 5.842 5.852 5.861 5.870 5.879 5.887 5.895 5.904 5.911 5.919 5.927 5.936 5.946 5.957 5.968 5.979 5.992 6.004 6.017 6.030 6.044 6.058 6.071 6.085 6.099 6.113 6.127 6.141 6.155 6.169 6.182 6.195 6.207 6.220 6.232 6.245 6.257 6.269 6.282 6.294 6.306 6.317 6.329 6.340 6.351 6.362 6.373 6.383 6.393 6.403 6.413 6.422 6.431 6.439 6.447 6.453
5.508 5.528 5.548 5.569 5.588 5.608 5.627 5.644 5.663 5.681 5.698 5.715 5.732 5.748 5.764 5.779 5.794 5.808 5.821 5.833 5.845 5.856 5.866 5.876 5.885 5.894 5.903 5.911 5.919 5.926 5.933 5.940 5.948 5.957 5.967 5.977 5.988 5.999 6.011 6.023 6.036 6.049 6.062 6.075 6.089 6.103 6.116 6.130 6.144 6.158 6.172 6.185 6.198 6.210 6.222 6.235 6.247 6.260 6.272 6.284 6.297 6.309 6.321 6.332 6.344 6.355 6.366 6.377 6.387 6.398 6.408 6.418 6.427 6.436 6.445 6.453 6.459
5.514 5.534 5.554 5.574 5.594 5.613 5.632 5.650 5.668 5.686 5.704 5.722 5.739 5.755 5.772 5.787 5.802 5.817 5.831 5.844 5.857 5.868 5.880 5.890 5.900 5.909 5.918 5.926 5.934 5.941 5.947 5.954 5.962 5.970 5.978 5.987 5.997 6.007 6.018 6.030 6.042 6.054 6.067 6.080 6.093 6.106 6.120 6.134 6.147 6.161 6.175 6.188 6.201 6.213 6.225 6.238 6.250 6.263 6.275 6.287 6.300 6.312 6.324 6.335 6.347 6.358 6.370 6.381 6.391 6.402 6.412 6.422 6.432 6.442 6.451 6.459 6.465
5.521 5.541 5.560 5.580 5.599 5.619 5.637 5.655 5.673 5.691 5.709 5.727 5.745 5.762 5.778 5.794 5.810 5.825 5.840 5.854 5.867 5.880 5.892 5.903 5.913 5.923 5.932 5.941 5.949 5.956 5.962 5.969 5.976 5.983 5.991 5.999 6.008 6.017 6.027 6.038 6.049 6.060 6.072 6.085 6.098 6.111 6.124 6.137 6.151 6.164 6.178 6.191 6.204 6.216 6.228 6.241 6.253 6.266 6.278 6.290 6.303 6.315 6.327 6.339 6.350 6.362 6.373 6.384 6.395 6.406 6.416 6.427 6.437 6.447 6.456 6.464 6.471
5.529 5.548 5.567 5.586 5.605 5.624 5.642 5.660 5.678 5.696 5.714 5.732 5.750 5.767 5.784 5.801 5.817 5.832 5.848 5.862 5.876 5.889 5.902 5.914 5.926 5.936 5.946 5.955 5.964 5.971 5.977 5.984 5.991 5.998 6.005 6.012 6.020 6.028 6.037 6.047 6.057 6.068 6.079 6.091 6.103 6.115 6.128 6.141 6.154 6.168 6.181 6.195 6.207 6.219 6.231 6.244 6.256 6.269 6.281 6.294 6.306 6.318 6.330 6.342 6.354 6.365 6.377 6.388 6.399 6.410 6.420 6.431 6.441 6.451 6.461 6.469 6.476
5.537 5.556 5.575 5.593 5.612 5.630 5.648 5.665 5.683 5.701 5.719 5.737 5.755 5.772 5.789 5.806 5.823 5.839 5.854 5.869 5.884 5.898 5.911 5.924 5.936 5.948 5.959 5.969 5.978 5.985 5.992 5.999 6.006 6.012 6.019 6.026 6.033 6.041 6.049 6.057 6.066 6.076 6.087 6.098 6.109 6.121 6.133 6.146 6.159 6.172 6.185 6.198 6.210 6.222 6.234 6.247 6.259 6.272 6.284 6.297 6.309 6.321 6.333 6.345 6.357 6.369 6.380 6.391 6.403 6.414 6.424 6.435 6.445 6.456 6.465 6.473 6.481
5.547 5.565 5.583 5.601 5.619 5.637 5.654 5.671 5.689 5.706 5.724 5.742 5.760 5.777 5.794 5.811 5.828 5.844 5.860 5.876 5.891 5.905 5.919 5.933 5.946 5.958 5.970 5.980 5.990 5.998 6.006 6.013 6.020 6.027 6.034 6.040 6.047 6.054 6.061 6.069 6.077 6.086 6.096 6.106 6.116 6.127 6.139 6.151 6.164 6.177 6.190 6.202 6.214 6.226 6.238 6.250 6.263 6.275 6.288 6.300 6.312 6.325 6.337 6.349 6.360 6.372 6.384 6.395 6.406 6.417 6.428 6.439 6.449 6.460 6.469 6.478 6.486
5.556 5.574 5.592 5.610 5.628 5.645 5.661 5.678 5.695 5.712 5.730 5.747 5.765 5.782 5.799 5.816 5.833 5.849 5.865 5.881 5.897 5.912 5.926 5.941 5.954 5.967 5.979 5.991 6.002 6.010 6.018 6.026 6.034 6.041 6.048 6.055 6.061 6.068 6.074 6.081 6.089 6.097 6.105 6.115 6.125 6.135 6.146 6.157 6.169 6.182 6.194 6.206 6.218 6.229 6.241 6.254 6.266 6.279 6.291 6.303 6.316 6.328 6.340 6.352 6.364 6.376 6.387 6.399 6.410 6.421 6.432 6.443 6.453 6.464 6.473 6.482 6.490
5.566 5.584 5.601 5.619 5.636 5.653 5.669 5.685 5.702 5.719 5.736 5.753 5.770 5.787 5.804 5.821 5.837 5.854 5.870 5.886 5.902 5.917 5.933 5.947 5.961 5.975 5.988 6.000 6.011 6.021 6.030 6.039 6.047 6.055 6.062 6.069 6.075 6.082 6.088 6.095 6.102 6.109 6.117 6.125 6.134 6.143 6.154 6.164 6.176 6.187 6.200 6.211 6.222 6.234 6.246 6.258 6.270 6.282 6.295 6.307 6.319 6.331 6.344 6.356 6.367 6.379 6.391 6.402 6.413 6.425 6.436 6.446 6.457 6.468 6.477 6.486 6.494
5.577 5.594 5.611 5.628 5.645 5.661 5.677 5.693 5.709 5.726 5.742 5.759 5.776 5.792 5.809 5.826 5.842 5.859 5.875 5.891 5.907 5.923 5.938 5.953 5.967 5.982 5.995 6.008 6.020 6.030 6.040 6.050 6.059 6.067 6.075 6.082 6.089 6.096 6.102 6.108 6.115 6.121 6.128 6.136 6.144 6.153 6.162 6.172 6.183 6.194 6.205 6.217 6.227 6.238 6.250 6.262 6.274 6.286 6.299 6.311 6.323 6.335 6.347 6.359 6.371 6.383 6.394 6.406 6.417 6.428 6.439 6.450 6.461 6.472 6.481 6.490 6.499
5.587 5.604 5.621 5.638 5.655 5.671 5.686 5.702 5.717 5.734 5.750 5.766 5.782 5.798 5.815 5.831 5.847 5.863 5.880 5.896 5.912 5.927 5.943 5.958 5.973 5.987 6.001 6.015 6.027 6.038 6.049 6.059 6.069 6.078 6.087 6.095 6.102 6.109 6.116 6.122 6.128 6.134 6.141 6.148 6.155 6.163 6.172 6.181 6.191 6.201 6.212 6.223 6.233 6.244 6.255 6.267 6.279 6.291 6.303 6.315 6.327 6.339 6.351 6.363 6.375 6.387 6.398 6.410 6.421 6.432 6.443 6.454 6.465 6.476 6.485 6.494 6.503
5.597 5.614 5.631 5.648 5.664 5.680 5.695 5.710 5.726 5.742 5.758 5.773 5.789 5.805 5.821 5.837 5.853 5.869 5.884 5.900 5.916 5.932 5.947 5.963 5.978 5.992 6.007 6.021 6.034 6.045 6.056 6.068 6.078 6.088 6.097 6.106 6.114 6.122 6.128 6.135 6.141 6.147 6.154 6.160 6.167 6.174 6.182 6.190 6.199 6.209 6.219 6.229 6.239 6.249 6.260 6.272 6.283 6.295 6.307 6.319 6.331 6.343 6.355 6.367 6.379 6.391 6.402 6.414 6.425 6.436 6.447 6.458 6.469 6.480 6.489 6.498 6.507
5.606 5.623 5.640 5.657 5.674 5.689 5.704 5.720 5.735 5.751 5.766 5.781 5.797 5.812 5.828 5.843 5.859 5.874 5.890 5.905 5.921 5.936 5.952 5.967 5.982 5.997 6.012 6.026 6.039 6.051 6.063 6.075 6.086 6.097 6.107 6.116 6.125 6.133 6.140 6.147 6.154 6.160 6.166 6.173 6.179 6.186 6.193 6.201 6.209 6.218 6.227 6.237 6.246 6.256 6.266 6.277 6.289 6.300 6.312 6.324 6.336 6.348 6.360 6.371 6.383 6.395 6.406 6.418 6.429 6.440 6.451 6.462 6.473 6.484 6.493 6.502 6.511
5.615 5.632 5.649 5.666 5.683 5.699 5.714 5.729 5.744 5.759 5.775 5.790 5.805 5.820 5.835 5.850 5.865 5.880 5.895 5.911 5.926 5.941 5.956 5.971 5.986 6.001 6.016 6.031 6.044 6.056 6.069 6.081 6.093 6.104 6.115 6.125 6.134 6.143 6.151 6.159 6.166 6.172 6.179 6.185 6.191 6.198 6.204 6.211 6.219 6.227 6.236 6.245 6.253 6.263 6.273 6.283 6.294 6.306 6.317 6.329 6.341 6.352 6.364 6.376 6.388 6.399 6.411 6.422 6.433 6.444 6.455 6.466 6.477 6.488 6.498 6.507 6.515
5.623 5.641 5.658 5.675 5.692 5.707 5.722 5.738 5.753 5.768 5.783 5.798 5.813 5.828 5.843 5.857 5.872 5.887 5.902 5.916 5.931 5.946 5.961 5.976 5.991 6.006 6.020 6.035 6.048 6.061 6.074 6.086 6.099 6.110 6.122 6.132 6.143 6.152 6.161 6.169 6.177 6.184 6.190 6.197 6.203 6.209 6.216 6.223 6.230 6.237 6.246 6.254 6.262 6.270 6.280 6.290 6.300 6.311 6.323 6.334 6.346 6.357 6.369 6.380 6.392 6.404 6.415 6.426 6.438 6.449 6.460 6.471 6.481 6.492 6.502 6.511 6.520
5.631 5.648 5.666 5.683 5.700 5.716 5.731 5.746 5.761 5.777 5.792 5.807 5.822 5.836 5.851 5.865 5.880 5.894 5.908 5.923 5.937 5.952 5.966 5.981 5.995 6.010 6.025 6.039 6.053 6.065 6.078 6.091 6.104 6.116 6.128 6.139 6.150 6.160 6.169 6.178 6.186 6.194 6.201 6.208 6.214 6.221 6.227 6.234 6.240 6.248 6.255 6.263 6.270 6.278 6.287 6.297 6.307 6.318 6.328 6.340 6.351 6.362 6.374 6.385 6.397 6.408 6.420 6.431 6.442 6.453 6.464 6.475 6.486 6.497 6.506 6.515 6.524
5.638 5.656 5.673 5.690 5.707 5.723 5.738 5.754 5.769 5.785 5.800 5.815 5.830 5.844 5.859 5.873 5.887 5.901 5.915 5.929 5.943 5.958 5.972 5.986 6.000 6.015 6.029 6.043 6.057 6.070 6.082 6.095 6.108 6.121 6.133 6.145 6.156 6.167 6.177 6.186 6.195 6.203 6.211 6.218 6.225 6.232 6.238 6.245 6.251 6.258 6.265 6.272 6.279 6.287 6.295 6.304 6.314 6.324 6.335 6.345 6.356 6.368 6.379 6.390 6.402 6.413 6.424 6.436 6.447 6.458 6.469 6.480 6.491 6.501 6.511 6.520 6.529
5.645 5.663 5.680 5.697 5.714 5.730 5.746 5.761 5.777 5.792 5.808 5.823 5.838 5.852 5.867 5.881 5.895 5.909 5.923 5.936 5.950 5.964 5.978 5.992 6.006 6.020 6.034 6.048 6.061 6.074 6.086 6.099 6.112 6.125 6.138 6.150 6.161 6.173 6.183 6.193 6.203 6.211 6.220 6.227 6.235 6.242 6.248 6.255 6.262 6.268 6.276 6.282 6.288 6.296 6.303 6.312 6.321 6.331 6.341 6.351 6.362 6.373 6.384 6.395 6.407 6.418 6.429 6.440 6.452 6.463 6.474 6.484 6.495 6.506 6.516 6.525 6.533
5.652 5.669 5.687 5.704 5.721 5.737 5.752 5.768 5.784 5.799 5.815 5.830 5.845 5.860 5.874 5.889 5.903 5.916 5.930 5.944 5.957 5.971 5.984 5.998 6.011 6.025 6.039 6.052 6.065 6.078 6.091 6.103 6.116 6.129 6.142 6.154 6.166 6.178 6.189 6.199 6.209 6.219 6.227 6.236 6.244 6.251 6.258 6.265 6.272 6.278 6.285 6.292 6.298 6.304 6.312 6.320 6.329 6.338 6.348 6.358 6.368 6.379 6.390 6.401 6.412 6.423 6.434 6.445 6.456 6.467 6.478 6.489 6.500 6.511 6.521 6.529 6.538
5.659 5.676 5.693 5.710 5.727 5.743 5.758 5.774 5.790 5.806 5.821 5.837 5.852 5.867 5.881 5.896 5.910 5.924 5.937 5.951 5.964 5.977 5.991 6.004 6.017 6.031 6.044 6.057 6.070 6.082 6.095 6.108 6.120 6.133 6.146 6.158 6.171 6.182 6.194 6.205 6.215 6.225 6.234 6.243 6.251 6.259 6.267 6.274 6.281 6.288 6.295 6.301 6.307 6.313 6.320 6.328 6.336 6.345 6.354 6.364 6.374 6.385 6.395 6.406 6.417 6.428 6.439 6.450 6.461 6.472 6.483 6.494 6.505 6.516 6.525 6.534 6.543
5.666 5.683 5.699 5.716 5.733 5.749 5.764 5.780 5.796 5.812 5.828 5.843 5.858 5.873 5.888 5.902 5.917 5.931 5.944 5.958 5.971 5.984 5.997 6.010 6.023 6.037 6.050 6.063 6.075 6.087 6.099 6.112 6.124 6.137 6.150 6.162 6.175 6.187 6.198 6.209 6.220 6.231 6.240 6.250 6.258 6.267 6.275 6.282 6.290 6.297 6.304 6.310 6.316 6.322 6.329 6.336 6.344 6.352 6.361 6.371 6.380 6.390 6.401 6.411 6.422 6.433 6.444 6.455 6.466 6.477 6.488 6.499 6.510 6.521 6.530 6.539 6.548
5.673 5.690 5.706 5.723 5.739 5.755 5.770 5.786 5.802 5.818 5.833 5.849 5.864 5.879 5.894 5.909 5.923 5.937 5.951 5.965 5.978 5.991 6.004 6.017 6.030 6.043 6.056 6.068 6.080 6.092 6.104 6.116 6.129 6.141 6.154 6.166 6.179 6.191 6.202 6.214 6.225 6.236 6.246 6.255 6.265 6.274 6.282 6.290 6.298 6.305 6.312 6.318 6.324 6.330 6.337 6.344 6.352 6.360 6.368 6.377 6.387 6.396 6.406 6.417 6.427 6.438 6.449 6.460 6.471 6.482 6.493 6.504 6.515 6.526 6.535 6.544 6.553
5.681 5.697 5.713 5.730 5.746 5.761 5.776 5.791 5.807 5.823 5.839 5.854 5.870 5.885 5.900 5.915 5.929 5.943 5.957 5.971 5.984 5.997 6.011 6.023 6.036 6.049 6.062 6.074 6.086 6.097 6.109 6.121 6.133 6.145 6.158 6.170 6.182 6.194 6.206 6.218 6.229 6.240 6.251 6.261 6.270 6.280 6.288 6.297 6.305 6.313 6.320 6.326 6.332 6.338 6.345 6.352 6.359 6.367 6.375 6.384 6.393 6.402 6.412 6.422 6.433 6.443 6.454 6.465 6.476 6.487 6.498 6.509 6.520 6.531 6.540 6.549 6.558
