version2/TsunamiDB/out54007.asc
ncols          264
nrows          230
xllcorner      497853.4375
yllcorner      4229146.0000
cellsize         5.
NODATA_value   -99
[rows 186 to 216 of 230, columns 138 to 206 of 264]
-99.000 -99.000 -99.000 -99.000 -99.000 -99.000 -99.000 1.645 1.666 1.772 1.986 2.289 2.657 3.056 3.447 3.796 4.075 4.290 4.452 4.577 4.676 4.757 4.824 4.880 4.927 4.967 5.005 5.045 5.097 5.161 5.222 5.303 5.407 5.516 5.629 5.737 5.839 5.937 6.000 6.028 6.140 6.260 6.306 6.339 6.367 6.388 6.394 6.383 6.359 6.317 6.371 6.486 6.530 6.529 6.498 6.451 6.396 6.339 6.271 6.174 6.160 6.224 6.253 6.251 6.222 6.175 6.111 6.023 5.931
-99.000 -99.000 -99.000 -99.000 -99.000 -99.000 1.644 1.649 1.700 1.856 2.113 2.451 2.840 3.243 3.622 3.943 4.193 4.383 4.529 4.644 4.736 4.813 4.875 4.926 4.969 5.005 5.040 5.078 5.127 5.184 5.242 5.322 5.426 5.538 5.652 5.765 5.870 5.956 6.011 6.047 6.159 6.278 6.325 6.360 6.386 6.409 6.419 6.412 6.393 6.352 6.407 6.526 6.579 6.584 6.555 6.511 6.455 6.388 6.305 6.196 6.170 6.224 6.247 6.238 6.201 6.146 6.073 5.985 5.905
-99.000 -99.000 -99.000 -99.000 -99.000 -99.000 1.645 1.661 1.754 1.958 2.255 2.622 3.025 3.425 3.786 4.076 4.299 4.469 4.601 4.707 4.795 4.868 4.929 4.977 5.016 5.049 5.082 5.119 5.164 5.218 5.275 5.351 5.452 5.560 5.672 5.784 5.884 5.963 6.022 6.061 6.175 6.295 6.345 6.377 6.403 6.428 6.441 6.441 6.427 6.385 6.441 6.568 6.628 6.637 6.612 6.569 6.507 6.428 6.333 6.211 6.173 6.218 6.234 6.217 6.171 6.108 6.031 5.953 5.886
-99.000 -99.000 -99.000 -99.000 -99.000 1.644 1.647 1.688 1.829 2.076 2.407 2.796 3.206 3.599 3.936 4.197 4.396 4.549 4.669 4.768 4.852 4.923 4.981 5.028 5.064 5.095 5.127 5.162 5.205 5.259 5.316 5.388 5.479 5.578 5.685 5.793 5.892 5.974 6.036 6.078 6.194 6.318 6.366 6.395 6.421 6.446 6.463 6.470 6.460 6.420 6.478 6.612 6.676 6.688 6.666 6.620 6.549 6.460 6.351 6.218 6.169 6.205 6.212 6.187 6.134 6.066 5.995 5.930 5.872
-99.000 -99.000 -99.000 -99.000 -99.000 1.645 1.655 1.732 1.919 2.204 2.565 2.970 3.382 3.762 4.072 4.308 4.486 4.623 4.733 4.826 4.905 4.974 5.031 5.076 5.112 5.142 5.172 5.208 5.254 5.311 5.366 5.431 5.510 5.598 5.695 5.799 5.901 5.989 6.057 6.101 6.216 6.340 6.388 6.416 6.438 6.463 6.486 6.498 6.495 6.457 6.516 6.652 6.719 6.735 6.712 6.661 6.583 6.481 6.361 6.218 6.158 6.184 6.183 6.151 6.094 6.030 5.968 5.913 5.866
-99.000 -99.000 -99.000 -99.000 -99.000 1.646 1.674 1.794 2.023 2.341 2.724 3.140 3.549 3.912 4.197 4.410 4.570 4.694 4.795 4.881 4.956 5.021 5.077 5.122 5.158 5.188 5.219 5.258 5.308 5.366 5.421 5.478 5.545 5.619 5.705 5.808 5.914 6.010 6.083 6.125 6.239 6.366 6.416 6.438 6.455 6.482 6.507 6.527 6.532 6.492 6.550 6.688 6.759 6.773 6.747 6.692 6.606 6.494 6.363 6.209 6.139 6.155 6.148 6.113 6.059 6.001 5.948 5.903 5.866
-99.000 -99.000 -99.000 -99.000 1.645 1.650 1.707 1.871 2.136 2.483 2.884 3.304 3.706 4.051 4.313 4.506 4.651 4.763 4.855 4.934 5.004 5.064 5.119 5.165 5.200 5.232 5.267 5.310 5.364 5.426 5.480 5.532 5.587 5.646 5.726 5.825 5.935 6.041 6.117 6.155 6.268 6.402 6.445 6.458 6.475 6.500 6.528 6.557 6.566 6.524 6.581 6.721 6.790 6.801 6.772 6.711 6.618 6.496 6.353 6.190 6.112 6.121 6.109 6.077 6.028 5.977 5.935 5.901 5.869
-99.000 -99.000 -99.000 -99.000 1.646 1.662 1.756 1.961 2.259 2.629 3.041 3.461 3.854 4.182 4.425 4.602 4.733 4.834 4.917 4.989 5.051 5.107 5.160 5.204 5.244 5.281 5.319 5.367 5.424 5.488 5.544 5.593 5.639 5.691 5.761 5.856 5.968 6.079 6.158 6.189 6.300 6.430 6.466 6.477 6.490 6.516 6.548 6.582 6.595 6.551 6.605 6.742 6.806 6.814 6.779 6.713 6.613 6.481 6.328 6.158 6.074 6.079 6.069 6.041 5.999 5.959 5.927 5.899 5.872
-99.000 -99.000 -99.000 1.645 1.648 1.685 1.821 2.063 2.390 2.778 3.196 3.612 3.994 4.307 4.535 4.698 4.818 4.908 4.981 5.045 5.100 5.149 5.198 5.243 5.286 5.330 5.376 5.429 5.491 5.557 5.615 5.665 5.709 5.755 5.817 5.903 6.005 6.114 6.196 6.220 6.324 6.451 6.488 6.498 6.510 6.535 6.566 6.600 6.617 6.570 6.617 6.749 6.809 6.812 6.773 6.702 6.595 6.456 6.295 6.121 6.036 6.041 6.035 6.013 5.979 5.948 5.923 5.900 5.876
-99.000 -99.000 -99.000 1.645 1.654 1.723 1.901 2.176 2.528 2.929 3.348 3.756 4.126 4.426 4.641 4.793 4.902 4.982 5.046 5.102 5.150 5.194 5.242 5.289 5.341 5.395 5.448 5.506 5.568 5.636 5.698 5.753 5.795 5.834 5.888 5.961 6.052 6.164 6.248 6.256 6.351 6.478 6.513 6.520 6.531 6.554 6.581 6.620 6.642 6.587 6.625 6.751 6.806 6.804 6.760 6.685 6.572 6.426 6.257 6.084 6.002 6.010 6.009 5.992 5.967 5.944 5.924 5.904 5.882
-99.000 -99.000 -99.000 1.646 1.669 1.777 1.994 2.301 2.673 3.082 3.497 3.894 4.253 4.541 4.745 4.886 4.984 5.055 5.112 5.164 5.205 5.248 5.296 5.348 5.409 5.471 5.532 5.593 5.657 5.726 5.794 5.857 5.898 5.936 5.986 6.046 6.126 6.245 6.305 6.287 6.377 6.501 6.532 6.540 6.552 6.572 6.600 6.650 6.665 6.593 6.624 6.744 6.792 6.785 6.737 6.655 6.537 6.381 6.210 6.046 5.972 5.984 5.987 5.977 5.960 5.942 5.925 5.908 5.887
-99.000 -99.000 1.645 1.649 1.698 1.848 2.101 2.435 2.823 3.235 3.643 4.027 4.373 4.650 4.843 4.972 5.061 5.125 5.178 5.225 5.264 5.305 5.357 5.417 5.484 5.556 5.627 5.695 5.765 5.833 5.908 5.982 6.027 6.067 6.111 6.166 6.237 6.308 6.327 6.311 6.398 6.515 6.549 6.561 6.575 6.601 6.637 6.672 6.663 6.587 6.612 6.723 6.765 6.754 6.700 6.611 6.484 6.326 6.168 6.014 5.945 5.960 5.970 5.967 5.954 5.939 5.926 5.910 5.891
-99.000 -99.000 1.645 1.659 1.743 1.935 2.222 2.579 2.978 3.388 3.785 4.155 4.487 4.750 4.928 5.046 5.126 5.185 5.233 5.278 5.317 5.361 5.420 5.487 5.564 5.647 5.730 5.808 5.881 5.949 6.034 6.122 6.170 6.208 6.245 6.286 6.321 6.344 6.346 6.329 6.411 6.525 6.567 6.583 6.602 6.632 6.658 6.671 6.648 6.567 6.586 6.688 6.726 6.709 6.649 6.554 6.423 6.276 6.131 5.986 5.922 5.943 5.958 5.958 5.948 5.937 5.924 5.912 5.895
-99.000 1.645 1.647 1.679 1.806 2.038 2.355 2.733 3.138 3.542 3.925 4.279 4.595 4.837 4.997 5.103 5.175 5.229 5.275 5.322 5.364 5.415 5.481 5.559 5.646 5.740 5.835 5.922 5.998 6.067 6.163 6.263 6.310 6.343 6.369 6.383 6.383 6.377 6.363 6.344 6.421 6.536 6.581 6.603 6.625 6.646 6.658 6.654 6.619 6.535 6.549 6.643 6.674 6.652 6.587 6.489 6.365 6.232 6.097 5.960 5.904 5.929 5.946 5.949 5.942 5.932 5.922 5.914 5.899
-99.000 1.645 1.653 1.716 1.887 2.156 2.501 2.894 3.301 3.696 4.064 4.400 4.694 4.907 5.048 5.142 5.208 5.259 5.306 5.356 5.403 5.462 5.540 5.629 5.726 5.830 5.935 6.030 6.113 6.181 6.284 6.392 6.438 6.466 6.472 6.464 6.441 6.410 6.384 6.361 6.432 6.542 6.591 6.617 6.632 6.641 6.642 6.623 6.579 6.495 6.502 6.585 6.611 6.587 6.520 6.427 6.315 6.192 6.068 5.940 5.889 5.916 5.935 5.940 5.934 5.927 5.922 5.916 5.906
-99.000 1.646 1.667 1.772 1.986 2.289 2.658 3.062 3.467 3.850 4.201 4.518 4.778 4.959 5.081 5.166 5.227 5.276 5.325 5.378 5.433 5.502 5.592 5.692 5.797 5.911 6.024 6.129 6.217 6.282 6.392 6.509 6.555 6.570 6.562 6.538 6.496 6.446 6.406 6.374 6.437 6.544 6.594 6.615 6.621 6.621 6.609 6.581 6.532 6.445 6.445 6.521 6.543 6.517 6.456 6.371 6.269 6.157 6.043 5.921 5.873 5.901 5.922 5.929 5.927 5.923 5.921 5.921 5.917
1.645 1.649 1.697 1.848 2.102 2.435 2.824 3.233 3.631 4.001 4.336 4.626 4.845 4.995 5.102 5.179 5.235 5.282 5.330 5.389 5.451 5.532 5.636 5.746 5.860 5.981 6.104 6.219 6.309 6.371 6.487 6.614 6.654 6.660 6.642 6.604 6.547 6.479 6.421 6.380 6.436 6.539 6.583 6.598 6.596 6.586 6.566 6.532 6.477 6.387 6.385 6.454 6.473 6.451 6.396 6.320 6.229 6.127 6.017 5.900 5.856 5.885 5.906 5.918 5.920 5.919 5.923 5.931 5.933
1.645 1.660 1.747 1.944 2.234 2.594 2.996 3.405 3.794 4.150 4.465 4.720 4.901 5.028 5.121 5.188 5.237 5.279 5.327 5.391 5.463 5.555 5.671 5.792 5.914 6.043 6.174 6.292 6.386 6.444 6.564 6.693 6.728 6.728 6.700 6.651 6.579 6.492 6.420 6.369 6.417 6.512 6.551 6.562 6.551 6.533 6.509 6.468 6.409 6.321 6.315 6.380 6.401 6.384 6.336 6.269 6.188 6.091 5.985 5.874 5.832 5.861 5.887 5.904 5.911 5.917 5.928 5.942 5.950
1.647 1.684 1.818 2.058 2.382 2.763 3.172 3.576 3.952 4.292 4.584 4.803 4.956 5.065 5.143 5.199 5.237 5.271 5.316 5.391 5.469 5.568 5.693 5.823 5.952 6.085 6.217 6.338 6.435 6.490 6.609 6.741 6.777 6.772 6.737 6.680 6.598 6.499 6.414 6.352 6.391 6.481 6.516 6.520 6.501 6.479 6.450 6.404 6.344 6.256 6.250 6.315 6.338 6.326 6.283 6.225 6.151 6.058 5.956 5.848 5.808 5.841 5.872 5.894 5.907 5.921 5.938 5.957 5.971
1.655 1.728 1.911 2.190 2.543 2.939 3.349 3.742 4.104 4.426 4.691 4.880 5.012 5.106 5.171 5.215 5.242 5.266 5.309 5.393 5.473 5.575 5.705 5.842 5.979 6.118 6.254 6.383 6.485 6.528 6.647 6.788 6.826 6.818 6.779 6.716 6.625 6.513 6.412 6.338 6.368 6.452 6.482 6.479 6.456 6.429 6.394 6.346 6.286 6.200 6.196 6.261 6.286 6.276 6.241 6.189 6.120 6.030 5.928 5.824 5.790 5.826 5.862 5.891 5.911 5.932 5.954 5.980 6.000
1.675 1.794 2.022 2.337 2.714 3.120 3.525 3.904 4.248 4.551 4.786 4.952 5.068 5.149 5.205 5.239 5.258 5.277 5.323 5.409 5.488 5.589 5.721 5.865 6.013 6.158 6.300 6.441 6.529 6.555 6.679 6.826 6.865 6.857 6.814 6.742 6.642 6.512 6.397 6.318 6.340 6.419 6.443 6.436 6.409 6.375 6.338 6.288 6.228 6.148 6.147 6.212 6.237 6.232 6.202 6.153 6.086 5.995 5.895 5.801 5.773 5.814 5.855 5.891 5.921 5.948 5.976 6.012 6.035
1.713 1.882 2.151 2.498 2.892 3.301 3.696 4.059 4.384 4.662 4.867 5.013 5.118 5.192 5.242 5.273 5.293 5.318 5.368 5.450 5.524 5.622 5.754 5.904 6.057 6.213 6.360 6.477 6.543 6.572 6.699 6.850 6.893 6.885 6.834 6.753 6.639 6.502 6.389 6.299 6.309 6.382 6.404 6.393 6.359 6.322 6.282 6.231 6.175 6.101 6.102 6.165 6.193 6.191 6.161 6.113 6.045 5.956 5.869 5.783 5.760 5.805 5.855 5.900 5.937 5.972 6.011 6.048 6.065
1.771 1.986 2.293 2.666 3.073 3.479 3.861 4.205 4.510 4.754 4.931 5.063 5.160 5.232 5.282 5.317 5.347 5.380 5.430 5.502 5.573 5.668 5.797 5.944 6.100 6.256 6.391 6.489 6.550 6.578 6.706 6.862 6.910 6.898 6.843 6.754 6.632 6.498 6.381 6.276 6.276 6.346 6.364 6.347 6.309 6.268 6.225 6.178 6.127 6.057 6.059 6.121 6.151 6.148 6.118 6.070 6.003 5.925 5.849 5.771 5.753 5.806 5.864 5.916 5.960 6.005 6.047 6.080 6.092
1.848 2.105 2.444 2.838 3.250 3.650 4.017 4.343 4.619 4.826 4.981 5.102 5.196 5.268 5.321 5.365 5.405 5.446 5.496 5.560 5.630 5.723 5.841 5.978 6.130 6.277 6.402 6.494 6.553 6.578 6.707 6.870 6.917 6.903 6.845 6.752 6.630 6.494 6.367 6.250 6.243 6.309 6.320 6.299 6.258 6.214 6.173 6.130 6.081 6.015 6.018 6.081 6.109 6.106 6.075 6.026 5.967 5.901 5.835 5.765 5.755 5.817 5.880 5.938 5.991 6.039 6.080 6.108 6.113
1.941 2.234 2.601 3.010 3.424 3.815 4.167 4.469 4.705 4.882 5.021 5.133 5.225 5.299 5.359 5.411 5.460 5.509 5.563 5.626 5.694 5.781 5.885 6.011 6.145 6.280 6.404 6.497 6.558 6.579 6.705 6.869 6.918 6.904 6.843 6.752 6.629 6.486 6.349 6.223 6.208 6.267 6.274 6.250 6.206 6.164 6.126 6.084 6.038 5.977 5.981 6.040 6.066 6.063 6.032 5.989 5.939 5.884 5.831 5.771 5.768 5.834 5.902 5.966 6.021 6.070 6.109 6.130 6.129
2.045 2.370 2.760 3.178 3.591 3.972 4.307 4.573 4.773 4.928 5.053 5.158 5.249 5.326 5.392 5.450 5.506 5.562 5.622 5.686 5.757 5.839 5.931 6.035 6.149 6.278 6.401 6.501 6.565 6.577 6.700 6.868 6.920 6.903 6.842 6.751 6.624 6.474 6.327 6.189 6.167 6.221 6.224 6.198 6.157 6.118 6.080 6.041 5.999 5.939 5.941 5.998 6.024 6.022 5.996 5.960 5.919 5.877 5.837 5.785 5.786 5.856 5.928 5.994 6.050 6.097 6.131 6.146 6.138
2.158 2.511 2.918 3.342 3.751 4.123 4.432 4.662 4.835 4.970 5.082 5.178 5.268 5.347 5.414 5.478 5.541 5.603 5.669 5.741 5.818 5.902 5.977 6.058 6.159 6.278 6.401 6.511 6.576 6.580 6.700 6.875 6.922 6.899 6.836 6.742 6.611 6.451 6.291 6.147 6.121 6.168 6.169 6.147 6.109 6.071 6.038 6.002 5.959 5.901 5.903 5.958 5.984 5.986 5.967 5.938 5.909 5.881 5.850 5.803 5.808 5.881 5.953 6.019 6.073 6.117 6.146 6.155 6.139
2.280 2.656 3.074 3.500 3.906 4.267 4.547 4.749 4.899 5.017 5.113 5.200 5.284 5.361 5.433 5.502 5.567 5.635 5.710 5.790 5.877 5.961 6.027 6.096 6.178 6.285 6.410 6.524 6.594 6.587 6.701 6.871 6.908 6.880 6.812 6.714 6.577 6.406 6.236 6.089 6.059 6.104 6.110 6.092 6.057 6.024 5.995 5.958 5.915 5.858 5.860 5.914 5.945 5.953 5.941 5.923 5.907 5.888 5.866 5.824 5.830 5.902 5.973 6.036 6.087 6.127 6.151 6.152 6.128
2.412 2.805 3.229 3.654 4.056 4.404 4.660 4.839 4.967 5.066 5.147 5.220 5.296 5.370 5.442 5.515 5.586 5.662 5.747 5.837 5.935 6.025 6.089 6.149 6.217 6.311 6.423 6.534 6.606 6.588 6.690 6.851 6.881 6.845 6.770 6.669 6.526 6.350 6.174 6.025 5.998 6.047 6.057 6.042 6.011 5.982 5.954 5.917 5.875 5.819 5.822 5.879 5.915 5.930 5.927 5.920 5.912 5.901 5.885 5.846 5.852 5.921 5.988 6.048 6.095 6.130 6.148 6.142 6.108
2.553 2.959 3.385 3.806 4.201 4.534 4.768 4.925 5.034 5.118 5.184 5.246 5.316 5.388 5.466 5.546 5.625 5.710 5.802 5.896 6.003 6.105 6.168 6.219 6.275 6.351 6.445 6.559 6.636 6.593 6.677 6.831 6.851 6.804 6.723 6.617 6.470 6.289 6.107 5.965 5.945 5.997 6.012 5.999 5.974 5.949 5.920 5.883 5.841 5.787 5.794 5.855 5.896 5.917 5.924 5.926 5.924 5.920 5.911 5.872 5.873 5.939 6.002 6.057 6.099 6.129 6.139 6.125 6.081
2.703 3.117 3.541 3.956 4.343 4.659 4.871 5.008 5.102 5.176 5.230 5.285 5.351 5.425 5.510 5.598 5.686 5.777 5.869 5.964 6.080 6.193 6.258 6.308 6.360 6.418 6.498 6.623 6.669 6.587 6.657 6.799 6.806 6.750 6.662 6.547 6.397 6.204 6.026 5.906 5.895 5.951 5.970 5.963 5.942 5.916 5.887 5.850 5.809 5.761 5.771 5.836 5.882 5.912 5.928 5.936 5.941 5.945 5.937 5.894 5.891 5.951 6.009 6.059 6.096 6.118 6.121 6.096 6.041
