version2/TsunamiDB/out54135.asc
ncols          264
nrows          230
xllcorner      497853.4375
yllcorner      4229146.0000
cellsize         5.
NODATA_value   -99
[rows 170 to 203 of 230, columns 0 to 76 of 264]
6.176 6.188 6.199 6.210 6.221 6.230 6.239 6.245 6.251 6.257 6.261 6.266 6.269 6.272 6.275 6.277 6.279 6.281 6.283 6.286 6.289 6.292 6.296 6.301 6.306 6.312 6.318 6.324 6.331 6.338 6.343 6.349 6.354 6.360 6.366 6.372 6.378 6.384 6.390 6.397 6.403 6.409 6.416 6.422 6.429 6.436 6.443 6.450 6.457 6.464 6.471 6.478 6.486 6.492 6.498 6.504 6.509 6.515 6.520 6.525 6.531 6.536 6.541 6.545 6.550 6.555 6.559 6.564 6.568 6.573 6.577 6.582 6.586 6.591 6.596 6.602 6.607
6.183 6.195 6.207 6.219 6.230 6.240 6.249 6.257 6.264 6.270 6.276 6.281 6.285 6.289 6.292 6.294 6.296 6.298 6.300 6.302 6.304 6.307 6.310 6.314 6.318 6.323 6.328 6.334 6.341 6.347 6.352 6.357 6.363 6.369 6.374 6.380 6.386 6.392 6.398 6.404 6.411 6.417 6.423 6.429 6.436 6.443 6.449 6.456 6.463 6.470 6.477 6.485 6.492 6.498 6.504 6.510 6.516 6.521 6.527 6.532 6.538 6.543 6.548 6.553 6.558 6.562 6.567 6.571 6.576 6.580 6.584 6.589 6.593 6.598 6.603 6.608 6.613
6.189 6.202 6.214 6.226 6.238 6.249 6.259 6.267 6.275 6.282 6.289 6.295 6.300 6.304 6.308 6.311 6.313 6.315 6.317 6.319 6.320 6.322 6.325 6.328 6.331 6.335 6.340 6.345 6.351 6.356 6.361 6.366 6.371 6.377 6.383 6.389 6.395 6.400 6.406 6.412 6.418 6.424 6.431 6.437 6.443 6.450 6.456 6.463 6.470 6.477 6.484 6.491 6.498 6.505 6.510 6.516 6.522 6.528 6.533 6.539 6.544 6.550 6.555 6.560 6.565 6.570 6.574 6.579 6.583 6.588 6.592 6.596 6.600 6.605 6.610 6.615 6.619
6.195 6.208 6.221 6.233 6.245 6.257 6.267 6.276 6.285 6.293 6.300 6.307 6.313 6.318 6.323 6.327 6.330 6.332 6.334 6.336 6.337 6.339 6.340 6.342 6.345 6.348 6.352 6.356 6.361 6.366 6.370 6.375 6.380 6.386 6.391 6.397 6.403 6.409 6.415 6.420 6.426 6.432 6.438 6.444 6.451 6.457 6.463 6.470 6.476 6.483 6.490 6.498 6.505 6.511 6.516 6.522 6.528 6.534 6.540 6.545 6.551 6.556 6.562 6.567 6.572 6.577 6.581 6.586 6.590 6.595 6.599 6.603 6.608 6.612 6.617 6.621 6.626
6.201 6.214 6.227 6.239 6.252 6.264 6.275 6.284 6.294 6.302 6.311 6.318 6.325 6.331 6.337 6.341 6.345 6.348 6.350 6.352 6.354 6.355 6.356 6.358 6.360 6.362 6.365 6.368 6.373 6.377 6.381 6.385 6.390 6.395 6.400 6.406 6.411 6.417 6.423 6.429 6.434 6.440 6.446 6.452 6.458 6.464 6.470 6.477 6.483 6.490 6.497 6.504 6.511 6.517 6.523 6.528 6.534 6.540 6.546 6.552 6.557 6.563 6.568 6.574 6.579 6.584 6.588 6.593 6.598 6.602 6.606 6.611 6.615 6.619 6.624 6.629 6.632
6.206 6.219 6.232 6.245 6.258 6.270 6.282 6.292 6.301 6.311 6.320 6.328 6.336 6.343 6.349 6.354 6.359 6.363 6.366 6.368 6.370 6.371 6.373 6.374 6.375 6.377 6.379 6.381 6.385 6.388 6.391 6.395 6.399 6.404 6.409 6.414 6.420 6.425 6.431 6.437 6.443 6.448 6.454 6.460 6.466 6.472 6.478 6.484 6.490 6.497 6.504 6.511 6.517 6.523 6.529 6.535 6.540 6.546 6.552 6.558 6.564 6.569 6.575 6.580 6.585 6.590 6.595 6.600 6.605 6.609 6.613 6.618 6.622 6.626 6.631 6.636 6.639
6.211 6.225 6.238 6.251 6.264 6.276 6.288 6.298 6.309 6.319 6.328 6.337 6.345 6.353 6.360 6.367 6.372 6.377 6.380 6.383 6.386 6.387 6.389 6.390 6.391 6.392 6.393 6.395 6.398 6.401 6.403 6.406 6.410 6.414 6.418 6.423 6.428 6.434 6.440 6.445 6.451 6.457 6.462 6.468 6.474 6.480 6.486 6.492 6.498 6.504 6.511 6.517 6.524 6.529 6.535 6.541 6.547 6.552 6.558 6.564 6.570 6.576 6.581 6.587 6.592 6.597 6.602 6.607 6.612 6.616 6.620 6.625 6.629 6.634 6.638 6.642 6.646
6.217 6.230 6.243 6.257 6.269 6.282 6.294 6.305 6.315 6.326 6.336 6.345 6.354 6.363 6.370 6.377 6.384 6.389 6.394 6.398 6.400 6.403 6.404 6.406 6.407 6.407 6.409 6.410 6.412 6.414 6.415 6.417 6.420 6.424 6.428 6.433 6.437 6.443 6.448 6.454 6.459 6.465 6.470 6.476 6.482 6.488 6.493 6.499 6.505 6.511 6.518 6.524 6.530 6.536 6.542 6.547 6.553 6.559 6.564 6.570 6.576 6.582 6.588 6.593 6.598 6.604 6.609 6.614 6.618 6.623 6.628 6.632 6.636 6.641 6.645 6.649 6.653
6.222 6.235 6.249 6.262 6.275 6.288 6.300 6.311 6.322 6.332 6.343 6.353 6.362 6.371 6.380 6.387 6.395 6.401 6.406 6.411 6.414 6.417 6.420 6.421 6.422 6.423 6.424 6.425 6.426 6.428 6.428 6.430 6.432 6.435 6.438 6.442 6.447 6.452 6.457 6.462 6.468 6.473 6.479 6.484 6.490 6.496 6.501 6.507 6.513 6.519 6.525 6.531 6.537 6.543 6.548 6.554 6.559 6.565 6.571 6.577 6.582 6.588 6.594 6.599 6.605 6.610 6.615 6.620 6.625 6.630 6.635 6.639 6.643 6.648 6.652 6.656 6.660
6.227 6.241 6.254 6.267 6.281 6.294 6.306 6.317 6.328 6.339 6.349 6.360 6.370 6.379 6.388 6.397 6.404 6.411 6.418 6.423 6.427 6.431 6.434 6.436 6.438 6.439 6.440 6.440 6.441 6.442 6.442 6.443 6.444 6.446 6.449 6.452 6.456 6.461 6.466 6.471 6.476 6.481 6.487 6.492 6.498 6.504 6.509 6.515 6.521 6.526 6.532 6.539 6.545 6.550 6.555 6.561 6.566 6.572 6.577 6.583 6.589 6.595 6.600 6.606 6.611 6.617 6.622 6.627 6.632 6.637 6.642 6.646 6.651 6.655 6.660 6.664 6.667
6.232 6.246 6.259 6.273 6.286 6.299 6.312 6.323 6.334 6.345 6.356 6.367 6.377 6.387 6.396 6.405 6.414 6.421 6.428 6.434 6.439 6.444 6.448 6.450 6.452 6.454 6.455 6.456 6.457 6.457 6.457 6.457 6.457 6.459 6.461 6.463 6.467 6.471 6.475 6.480 6.485 6.490 6.495 6.501 6.506 6.512 6.517 6.523 6.528 6.534 6.540 6.546 6.552 6.557 6.562 6.567 6.573 6.578 6.584 6.590 6.595 6.601 6.607 6.612 6.618 6.623 6.629 6.634 6.639 6.644 6.649 6.653 6.658 6.662 6.667 6.671 6.674
6.237 6.251 6.265 6.278 6.292 6.305 6.317 6.329 6.340 6.351 6.362 6.373 6.384 6.394 6.404 6.413 6.422 6.430 6.438 6.445 6.451 6.456 6.460 6.464 6.467 6.469 6.470 6.471 6.472 6.472 6.471 6.471 6.471 6.472 6.473 6.475 6.478 6.481 6.485 6.489 6.494 6.499 6.504 6.509 6.514 6.520 6.525 6.531 6.536 6.542 6.548 6.554 6.559 6.564 6.569 6.575 6.580 6.585 6.591 6.596 6.602 6.608 6.613 6.619 6.625 6.630 6.635 6.641 6.646 6.651 6.656 6.660 6.665 6.669 6.674 6.678 6.681
6.242 6.256 6.270 6.284 6.297 6.310 6.323 6.334 6.346 6.357 6.368 6.380 6.390 6.401 6.411 6.421 6.430 6.439 6.447 6.454 6.461 6.467 6.472 6.477 6.480 6.483 6.485 6.486 6.487 6.488 6.487 6.486 6.485 6.485 6.486 6.487 6.489 6.492 6.495 6.499 6.503 6.507 6.512 6.517 6.523 6.528 6.533 6.539 6.544 6.550 6.556 6.562 6.567 6.572 6.577 6.582 6.587 6.592 6.598 6.603 6.609 6.614 6.620 6.626 6.631 6.637 6.642 6.647 6.653 6.658 6.663 6.667 6.672 6.676 6.681 6.685 6.689
6.247 6.261 6.275 6.289 6.302 6.316 6.328 6.340 6.351 6.363 6.374 6.386 6.397 6.408 6.418 6.428 6.438 6.447 6.456 6.464 6.471 6.478 6.483 6.488 6.493 6.496 6.499 6.501 6.502 6.503 6.502 6.501 6.500 6.500 6.500 6.500 6.501 6.503 6.506 6.509 6.513 6.517 6.521 6.526 6.531 6.536 6.541 6.547 6.552 6.558 6.563 6.569 6.575 6.580 6.584 6.589 6.594 6.599 6.605 6.610 6.615 6.621 6.627 6.632 6.638 6.643 6.649 6.654 6.660 6.665 6.670 6.674 6.679 6.684 6.688 6.693 6.696
6.252 6.266 6.280 6.294 6.308 6.321 6.333 6.345 6.357 6.368 6.380 6.392 6.403 6.414 6.425 6.435 6.445 6.455 6.464 6.472 6.480 6.487 6.494 6.500 6.505 6.509 6.512 6.515 6.517 6.518 6.517 6.516 6.515 6.514 6.514 6.514 6.514 6.515 6.517 6.520 6.523 6.526 6.530 6.535 6.540 6.545 6.550 6.555 6.560 6.566 6.571 6.577 6.583 6.587 6.592 6.597 6.601 6.606 6.612 6.617 6.622 6.628 6.633 6.639 6.645 6.650 6.656 6.661 6.666 6.671 6.677 6.681 6.686 6.691 6.696 6.700 6.703
6.256 6.271 6.285 6.299 6.313 6.326 6.338 6.350 6.362 6.374 6.386 6.397 6.409 6.420 6.431 6.442 6.452 6.462 6.472 6.481 6.489 6.497 6.504 6.510 6.516 6.521 6.525 6.529 6.531 6.532 6.532 6.532 6.531 6.530 6.529 6.528 6.528 6.528 6.529 6.531 6.534 6.537 6.540 6.544 6.548 6.553 6.558 6.563 6.568 6.574 6.579 6.585 6.590 6.595 6.599 6.604 6.609 6.614 6.619 6.624 6.629 6.635 6.640 6.646 6.651 6.657 6.663 6.668 6.673 6.678 6.683 6.688 6.693 6.698 6.703 6.707 6.711
6.261 6.275 6.289 6.303 6.317 6.330 6.343 6.355 6.367 6.379 6.391 6.403 6.414 6.426 6.437 6.448 6.459 6.469 6.479 6.488 6.497 6.505 6.513 6.520 6.527 6.532 6.537 6.541 6.545 6.547 6.547 6.547 6.546 6.545 6.544 6.543 6.542 6.542 6.542 6.543 6.545 6.547 6.550 6.554 6.558 6.562 6.567 6.571 6.577 6.582 6.587 6.593 6.598 6.603 6.607 6.612 6.616 6.621 6.626 6.631 6.637 6.642 6.647 6.653 6.658 6.664 6.669 6.675 6.680 6.685 6.690 6.695 6.700 6.705 6.710 6.715 6.718
6.265 6.279 6.293 6.307 6.322 6.335 6.347 6.359 6.372 6.384 6.396 6.408 6.420 6.432 6.443 6.454 6.465 6.476 6.486 6.496 6.505 6.514 6.522 6.530 6.537 6.543 6.549 6.554 6.558 6.560 6.561 6.561 6.561 6.560 6.559 6.558 6.557 6.557 6.556 6.557 6.557 6.559 6.561 6.564 6.567 6.571 6.575 6.580 6.585 6.590 6.596 6.601 6.606 6.611 6.615 6.619 6.624 6.629 6.634 6.639 6.644 6.649 6.654 6.660 6.665 6.671 6.676 6.682 6.687 6.692 6.697 6.702 6.708 6.713 6.718 6.722 6.726
6.269 6.283 6.297 6.311 6.326 6.339 6.351 6.364 6.376 6.388 6.401 6.413 6.425 6.437 6.448 6.460 6.471 6.482 6.492 6.502 6.512 6.521 6.530 6.538 6.546 6.553 6.559 6.565 6.570 6.573 6.574 6.575 6.576 6.575 6.575 6.574 6.572 6.571 6.571 6.570 6.570 6.571 6.573 6.575 6.578 6.581 6.585 6.589 6.594 6.599 6.604 6.609 6.614 6.619 6.623 6.627 6.632 6.636 6.641 6.646 6.651 6.656 6.662 6.667 6.672 6.678 6.683 6.688 6.694 6.699 6.704 6.709 6.715 6.720 6.725 6.730 6.733
6.272 6.287 6.301 6.315 6.329 6.343 6.355 6.368 6.380 6.393 6.405 6.417 6.430 6.442 6.453 6.465 6.476 6.487 6.498 6.509 6.519 6.528 6.538 6.546 6.555 6.562 6.569 6.576 6.581 6.585 6.587 6.589 6.590 6.590 6.590 6.589 6.588 6.587 6.586 6.585 6.584 6.584 6.585 6.586 6.588 6.591 6.594 6.598 6.603 6.607 6.613 6.618 6.622 6.627 6.631 6.635 6.640 6.644 6.649 6.654 6.659 6.664 6.669 6.674 6.679 6.685 6.690 6.695 6.701 6.706 6.711 6.716 6.722 6.727 6.732 6.737 6.741
6.276 6.290 6.304 6.319 6.333 6.347 6.359 6.372 6.384 6.397 6.409 6.422 6.434 6.446 6.458 6.470 6.481 6.493 6.504 6.515 6.525 6.535 6.545 6.554 6.563 6.571 6.579 6.586 6.592 6.596 6.599 6.602 6.604 6.604 6.605 6.604 6.603 6.602 6.601 6.600 6.599 6.598 6.598 6.599 6.600 6.602 6.605 6.608 6.612 6.616 6.622 6.627 6.631 6.635 6.639 6.643 6.648 6.652 6.657 6.661 6.666 6.671 6.676 6.681 6.687 6.692 6.697 6.702 6.708 6.713 6.718 6.723 6.729 6.734 6.740 6.744 6.748
6.279 6.293 6.308 6.322 6.337 6.350 6.363 6.375 6.388 6.401 6.413 6.426 6.438 6.450 6.463 6.475 6.486 6.498 6.509 6.520 6.531 6.541 6.551 6.561 6.570 6.579 6.587 6.595 6.601 6.606 6.611 6.614 6.616 6.618 6.619 6.619 6.618 6.617 6.616 6.615 6.614 6.612 6.612 6.612 6.612 6.614 6.616 6.618 6.622 6.626 6.631 6.635 6.639 6.643 6.647 6.651 6.656 6.660 6.665 6.669 6.674 6.679 6.684 6.689 6.694 6.699 6.704 6.709 6.715 6.720 6.725 6.730 6.736 6.741 6.747 6.751 6.755
6.282 6.296 6.311 6.325 6.340 6.353 6.366 6.379 6.392 6.404 6.417 6.430 6.442 6.454 6.467 6.479 6.491 6.502 6.514 6.525 6.536 6.547 6.557 6.567 6.577 6.586 6.595 6.603 6.610 6.616 6.621 6.625 6.628 6.631 6.632 6.633 6.633 6.633 6.632 6.630 6.629 6.627 6.626 6.626 6.626 6.626 6.627 6.629 6.632 6.636 6.640 6.644 6.648 6.651 6.655 6.659 6.664 6.668 6.673 6.677 6.682 6.686 6.691 6.696 6.701 6.706 6.711 6.717 6.722 6.727 6.732 6.738 6.743 6.749 6.754 6.758 6.762
6.285 6.299 6.314 6.328 6.343 6.357 6.369 6.382 6.395 6.408 6.420 6.433 6.446 6.458 6.471 6.483 6.495 6.507 6.518 6.530 6.541 6.552 6.563 6.573 6.583 6.593 6.602 6.611 6.619 6.625 6.631 6.636 6.640 6.643 6.645 6.647 6.647 6.647 6.647 6.646 6.644 6.643 6.641 6.640 6.639 6.639 6.640 6.641 6.643 6.646 6.650 6.653 6.657 6.660 6.664 6.668 6.672 6.676 6.681 6.685 6.690 6.694 6.699 6.704 6.709 6.714 6.719 6.724 6.729 6.734 6.739 6.745 6.750 6.756 6.761 6.766 6.770
6.287 6.302 6.317 6.331 6.346 6.360 6.372 6.385 6.398 6.411 6.424 6.437 6.449 6.462 6.474 6.487 6.499 6.511 6.523 6.534 6.546 6.557 6.568 6.578 6.589 6.599 6.608 6.618 6.626 6.633 6.639 6.645 6.650 6.654 6.657 6.659 6.661 6.661 6.661 6.661 6.659 6.658 6.656 6.655 6.654 6.653 6.653 6.653 6.655 6.657 6.660 6.663 6.666 6.669 6.673 6.676 6.680 6.685 6.689 6.693 6.698 6.702 6.707 6.712 6.717 6.721 6.726 6.731 6.736 6.742 6.747 6.752 6.757 6.763 6.768 6.773 6.777
6.290 6.305 6.319 6.334 6.349 6.362 6.375 6.388 6.401 6.414 6.427 6.440 6.453 6.465 6.478 6.490 6.502 6.515 6.526 6.538 6.550 6.561 6.572 6.583 6.594 6.604 6.614 6.624 6.633 6.641 6.647 6.654 6.659 6.664 6.668 6.671 6.673 6.675 6.675 6.675 6.674 6.673 6.671 6.670 6.668 6.667 6.666 6.666 6.667 6.668 6.671 6.673 6.676 6.679 6.682 6.685 6.689 6.693 6.697 6.701 6.706 6.710 6.715 6.720 6.724 6.729 6.734 6.739 6.744 6.749 6.754 6.759 6.765 6.770 6.776 6.780 6.784
6.292 6.307 6.322 6.337 6.351 6.365 6.378 6.391 6.404 6.417 6.430 6.443 6.456 6.469 6.481 6.494 6.506 6.518 6.530 6.542 6.554 6.565 6.577 6.588 6.599 6.609 6.620 6.630 6.639 6.647 6.655 6.662 6.668 6.673 6.678 6.682 6.685 6.687 6.689 6.689 6.689 6.688 6.687 6.685 6.683 6.681 6.680 6.680 6.680 6.680 6.682 6.684 6.686 6.688 6.691 6.694 6.698 6.701 6.705 6.710 6.714 6.718 6.723 6.728 6.732 6.737 6.742 6.747 6.752 6.757 6.762 6.767 6.772 6.778 6.783 6.787 6.791
6.295 6.310 6.325 6.339 6.354 6.368 6.381 6.394 6.407 6.420 6.433 6.446 6.459 6.472 6.484 6.497 6.509 6.522 6.534 6.546 6.558 6.569 6.581 6.592 6.603 6.614 6.625 6.635 6.645 6.653 6.661 6.669 6.676 6.682 6.687 6.692 6.696 6.699 6.701 6.702 6.703 6.702 6.701 6.700 6.698 6.696 6.695 6.693 6.693 6.693 6.694 6.695 6.696 6.698 6.701 6.703 6.707 6.710 6.714 6.718 6.722 6.727 6.731 6.736 6.740 6.745 6.750 6.754 6.759 6.764 6.769 6.774 6.779 6.785 6.790 6.794 6.799
6.297 6.312 6.327 6.342 6.357 6.371 6.384 6.397 6.410 6.423 6.436 6.449 6.462 6.475 6.488 6.500 6.513 6.525 6.537 6.549 6.561 6.573 6.585 6.596 6.607 6.619 6.630 6.640 6.650 6.659 6.668 6.676 6.683 6.690 6.696 6.701 6.706 6.710 6.713 6.715 6.716 6.716 6.716 6.715 6.713 6.711 6.709 6.708 6.706 6.706 6.706 6.707 6.707 6.709 6.710 6.713 6.716 6.719 6.723 6.726 6.731 6.735 6.739 6.744 6.748 6.753 6.757 6.762 6.767 6.772 6.777 6.782 6.787 6.792 6.797 6.802 6.806
6.299 6.314 6.330 6.345 6.359 6.373 6.386 6.399 6.413 6.426 6.439 6.452 6.465 6.478 6.491 6.504 6.516 6.529 6.541 6.553 6.565 6.577 6.589 6.600 6.612 6.623 6.634 6.645 6.655 6.665 6.673 6.682 6.690 6.697 6.704 6.710 6.715 6.720 6.724 6.727 6.728 6.729 6.729 6.729 6.727 6.726 6.724 6.722 6.720 6.719 6.719 6.719 6.719 6.719 6.721 6.723 6.725 6.728 6.731 6.735 6.739 6.743 6.747 6.752 6.756 6.761 6.765 6.770 6.775 6.779 6.784 6.789 6.794 6.800 6.805 6.809 6.813
6.301 6.317 6.332 6.347 6.362 6.376 6.389 6.402 6.416 6.429 6.442 6.455 6.468 6.481 6.494 6.507 6.520 6.532 6.544 6.557 6.569 6.581 6.592 6.604 6.616 6.627 6.639 6.650 6.660 6.670 6.679 6.688 6.696 6.704 6.711 6.718 6.724 6.729 6.734 6.737 6.740 6.742 6.743 6.742 6.742 6.740 6.738 6.736 6.735 6.733 6.732 6.732 6.731 6.731 6.731 6.733 6.735 6.737 6.740 6.744 6.747 6.751 6.755 6.760 6.764 6.769 6.773 6.778 6.782 6.787 6.792 6.797 6.802 6.807 6.812 6.817 6.821
6.303 6.319 6.334 6.350 6.365 6.378 6.392 6.405 6.418 6.432 6.445 6.458 6.472 6.485 6.498 6.510 6.523 6.536 6.548 6.560 6.572 6.584 6.596 6.608 6.620 6.631 6.643 6.655 6.665 6.675 6.684 6.693 6.702 6.710 6.718 6.725 6.732 6.738 6.743 6.747 6.751 6.753 6.755 6.755 6.755 6.754 6.753 6.751 6.749 6.747 6.746 6.745 6.743 6.743 6.742 6.743 6.744 6.747 6.749 6.752 6.756 6.760 6.764 6.768 6.772 6.776 6.781 6.786 6.790 6.795 6.800 6.804 6.809 6.815 6.820 6.824 6.828
6.305 6.321 6.336 6.352 6.367 6.381 6.394 6.408 6.421 6.435 6.448 6.461 6.475 6.488 6.501 6.514 6.526 6.539 6.552 6.564 6.576 6.588 6.600 6.612 6.624 6.636 6.647 6.659 6.670 6.680 6.689 6.698 6.707 6.716 6.724 6.732 6.739 6.746 6.752 6.757 6.761 6.764 6.767 6.768 6.768 6.768 6.767 6.765 6.763 6.762 6.760 6.758 6.756 6.755 6.754 6.754 6.755 6.756 6.758 6.761 6.764 6.768 6.772 6.776 6.780 6.784 6.789 6.793 6.798 6.802 6.807 6.812 6.817 6.822 6.827 6.831 6.835
6.307 6.323 6.339 6.354 6.369 6.383 6.396 6.410 6.424 6.437 6.451 6.465 6.478 6.491 6.504 6.517 6.530 6.543 6.555 6.568 6.580 6.592 6.604 6.616 6.628 6.640 6.652 6.664 6.675 6.684 6.694 6.704 6.713 6.722 6.731 6.739 6.746 6.754 6.760 6.766 6.771 6.775 6.778 6.780 6.781 6.781 6.781 6.779 6.778 6.776 6.774 6.772 6.770 6.768 6.766 6.765 6.766 6.766 6.768 6.770 6.773 6.776 6.780 6.784 6.788 6.792 6.796 6.801 6.805 6.810 6.815 6.819 6.824 6.830 6.834 6.839 6.843
