version2/TsunamiDB/out54138.asc
ncols          264
nrows          230
xllcorner      497853.4375
yllcorner      4229146.0000
cellsize         5.
NODATA_value   -99
[rows 68 to 101 of 230, columns 77 to 153 of 264]
6.144 6.152 6.160 6.168 6.176 6.183 6.189 6.195 6.202 6.209 6.216 6.223 6.230 6.237 6.244 6.252 6.259 6.267 6.274 6.282 6.289 6.296 6.304 6.311 6.319 6.326 6.334 6.342 6.348 6.354 6.360 6.366 6.372 6.378 6.383 6.389 6.395 6.401 6.407 6.413 6.419 6.424 6.430 6.436 6.442 6.448 6.454 6.459 6.465 6.472 6.478 6.483 6.487 6.492 6.496 6.501 6.505 6.509 6.513 6.517 6.521 6.525 6.528 6.532 6.536 6.540 6.544 6.548 6.551 6.555 6.559 6.563 6.568 6.572 6.575 6.579 6.582
6.150 6.158 6.166 6.174 6.182 6.188 6.194 6.201 6.208 6.214 6.221 6.228 6.235 6.242 6.249 6.257 6.264 6.271 6.279 6.286 6.294 6.301 6.309 6.316 6.323 6.331 6.339 6.346 6.353 6.359 6.365 6.371 6.377 6.383 6.388 6.394 6.400 6.406 6.412 6.418 6.424 6.429 6.435 6.441 6.447 6.453 6.459 6.464 6.470 6.477 6.483 6.488 6.492 6.497 6.501 6.506 6.510 6.514 6.518 6.522 6.526 6.530 6.534 6.538 6.541 6.545 6.549 6.553 6.557 6.560 6.564 6.569 6.573 6.577 6.580 6.584 6.587
6.156 6.164 6.172 6.180 6.187 6.194 6.200 6.206 6.213 6.220 6.226 6.233 6.240 6.247 6.254 6.262 6.269 6.276 6.283 6.291 6.298 6.306 6.313 6.320 6.328 6.336 6.344 6.351 6.357 6.363 6.370 6.376 6.382 6.387 6.393 6.399 6.405 6.411 6.417 6.423 6.428 6.434 6.440 6.446 6.452 6.458 6.463 6.469 6.475 6.482 6.488 6.492 6.497 6.502 6.506 6.511 6.515 6.519 6.523 6.527 6.531 6.535 6.539 6.543 6.547 6.550 6.554 6.558 6.562 6.566 6.570 6.574 6.578 6.582 6.585 6.589 6.592
6.162 6.170 6.178 6.186 6.193 6.199 6.206 6.212 6.218 6.225 6.232 6.238 6.245 6.252 6.259 6.266 6.274 6.281 6.288 6.295 6.303 6.310 6.317 6.325 6.332 6.340 6.348 6.355 6.362 6.368 6.374 6.380 6.386 6.392 6.398 6.404 6.410 6.416 6.422 6.427 6.433 6.439 6.445 6.451 6.457 6.462 6.468 6.474 6.480 6.486 6.492 6.497 6.502 6.507 6.511 6.516 6.520 6.524 6.528 6.532 6.536 6.540 6.544 6.548 6.552 6.556 6.559 6.563 6.567 6.571 6.575 6.579 6.583 6.587 6.590 6.594 6.597
6.169 6.176 6.184 6.192 6.199 6.205 6.211 6.218 6.224 6.231 6.237 6.244 6.250 6.257 6.264 6.271 6.278 6.285 6.293 6.300 6.307 6.314 6.322 6.329 6.337 6.344 6.352 6.360 6.366 6.372 6.378 6.385 6.391 6.397 6.403 6.409 6.414 6.420 6.426 6.432 6.438 6.444 6.450 6.455 6.461 6.467 6.473 6.479 6.485 6.491 6.497 6.502 6.507 6.511 6.516 6.520 6.525 6.529 6.533 6.537 6.541 6.545 6.549 6.553 6.557 6.561 6.564 6.568 6.572 6.576 6.580 6.584 6.588 6.592 6.595 6.598 6.601
6.175 6.182 6.190 6.198 6.205 6.211 6.217 6.223 6.230 6.236 6.243 6.249 6.256 6.262 6.269 6.276 6.283 6.290 6.297 6.304 6.312 6.319 6.326 6.334 6.341 6.349 6.356 6.364 6.370 6.376 6.383 6.389 6.395 6.401 6.407 6.413 6.419 6.425 6.431 6.437 6.443 6.448 6.454 6.460 6.466 6.472 6.477 6.483 6.489 6.496 6.501 6.506 6.511 6.516 6.521 6.525 6.530 6.534 6.538 6.542 6.546 6.550 6.554 6.558 6.562 6.566 6.569 6.573 6.577 6.581 6.584 6.588 6.593 6.597 6.600 6.603 6.606
6.181 6.189 6.196 6.204 6.211 6.217 6.223 6.229 6.235 6.242 6.248 6.255 6.261 6.268 6.274 6.281 6.288 6.295 6.302 6.309 6.316 6.323 6.331 6.338 6.345 6.353 6.361 6.368 6.374 6.380 6.387 6.393 6.399 6.405 6.411 6.417 6.423 6.429 6.435 6.441 6.447 6.453 6.459 6.464 6.470 6.476 6.482 6.488 6.494 6.500 6.506 6.511 6.516 6.520 6.525 6.530 6.534 6.538 6.543 6.547 6.551 6.555 6.559 6.563 6.567 6.570 6.574 6.578 6.582 6.585 6.589 6.593 6.597 6.601 6.604 6.608 6.611
6.188 6.195 6.202 6.210 6.217 6.223 6.229 6.235 6.241 6.248 6.254 6.260 6.267 6.273 6.280 6.286 6.293 6.300 6.307 6.314 6.321 6.328 6.335 6.342 6.349 6.357 6.365 6.372 6.378 6.384 6.391 6.397 6.403 6.409 6.415 6.421 6.427 6.433 6.439 6.445 6.451 6.457 6.463 6.469 6.475 6.480 6.486 6.492 6.498 6.504 6.510 6.515 6.520 6.525 6.529 6.534 6.538 6.543 6.547 6.551 6.556 6.560 6.564 6.568 6.571 6.575 6.579 6.583 6.586 6.590 6.594 6.598 6.602 6.606 6.609 6.612 6.615
6.194 6.202 6.209 6.216 6.223 6.229 6.235 6.241 6.247 6.253 6.260 6.266 6.272 6.278 6.285 6.291 6.298 6.305 6.311 6.318 6.325 6.332 6.339 6.346 6.354 6.361 6.369 6.376 6.382 6.388 6.395 6.401 6.407 6.413 6.419 6.425 6.432 6.438 6.444 6.450 6.455 6.461 6.467 6.473 6.479 6.485 6.490 6.496 6.502 6.508 6.514 6.519 6.524 6.529 6.534 6.538 6.543 6.547 6.551 6.556 6.560 6.564 6.568 6.572 6.576 6.580 6.584 6.587 6.591 6.595 6.599 6.602 6.607 6.610 6.614 6.617 6.620
6.201 6.208 6.215 6.223 6.230 6.236 6.241 6.247 6.253 6.259 6.265 6.272 6.278 6.284 6.290 6.297 6.303 6.310 6.316 6.323 6.330 6.337 6.344 6.351 6.358 6.365 6.373 6.380 6.386 6.392 6.399 6.405 6.411 6.417 6.423 6.429 6.436 6.442 6.448 6.454 6.460 6.465 6.471 6.477 6.483 6.489 6.494 6.500 6.506 6.512 6.518 6.523 6.528 6.533 6.538 6.542 6.547 6.551 6.556 6.560 6.564 6.568 6.572 6.576 6.580 6.584 6.588 6.592 6.595 6.599 6.603 6.607 6.611 6.615 6.618 6.621 6.624
6.207 6.215 6.222 6.229 6.236 6.242 6.248 6.254 6.260 6.265 6.271 6.277 6.284 6.290 6.296 6.302 6.308 6.315 6.321 6.328 6.334 6.341 6.348 6.355 6.362 6.369 6.377 6.384 6.390 6.396 6.402 6.409 6.415 6.421 6.427 6.433 6.439 6.446 6.452 6.458 6.464 6.470 6.475 6.481 6.487 6.493 6.499 6.504 6.510 6.516 6.522 6.527 6.532 6.537 6.542 6.546 6.551 6.555 6.560 6.564 6.568 6.573 6.577 6.581 6.585 6.589 6.592 6.596 6.600 6.604 6.607 6.611 6.615 6.619 6.622 6.625 6.628
6.214 6.221 6.228 6.236 6.243 6.248 6.254 6.260 6.266 6.272 6.277 6.283 6.289 6.295 6.302 6.308 6.314 6.320 6.326 6.333 6.339 6.346 6.353 6.359 6.366 6.373 6.381 6.388 6.394 6.400 6.406 6.412 6.419 6.425 6.431 6.437 6.443 6.449 6.456 6.462 6.468 6.473 6.479 6.485 6.491 6.497 6.502 6.508 6.514 6.520 6.526 6.531 6.536 6.541 6.546 6.550 6.555 6.559 6.564 6.568 6.572 6.577 6.581 6.585 6.589 6.593 6.597 6.600 6.604 6.608 6.612 6.615 6.620 6.623 6.626 6.629 6.632
6.221 6.228 6.235 6.242 6.249 6.255 6.261 6.266 6.272 6.278 6.284 6.290 6.295 6.301 6.307 6.313 6.319 6.325 6.332 6.338 6.344 6.351 6.357 6.364 6.371 6.378 6.385 6.392 6.398 6.404 6.410 6.416 6.423 6.429 6.435 6.441 6.447 6.453 6.459 6.465 6.471 6.477 6.483 6.489 6.495 6.501 6.506 6.512 6.518 6.524 6.530 6.535 6.540 6.545 6.549 6.554 6.558 6.563 6.567 6.572 6.576 6.581 6.585 6.589 6.593 6.597 6.601 6.604 6.608 6.612 6.616 6.620 6.624 6.628 6.631 6.634 6.636
6.227 6.234 6.242 6.249 6.256 6.261 6.267 6.273 6.278 6.284 6.290 6.296 6.302 6.307 6.313 6.319 6.325 6.331 6.337 6.343 6.349 6.356 6.362 6.369 6.375 6.382 6.389 6.396 6.402 6.408 6.414 6.420 6.426 6.433 6.439 6.445 6.451 6.457 6.463 6.469 6.475 6.481 6.487 6.493 6.499 6.505 6.510 6.516 6.522 6.528 6.534 6.539 6.544 6.548 6.553 6.558 6.562 6.567 6.571 6.576 6.580 6.584 6.589 6.593 6.597 6.601 6.605 6.609 6.612 6.616 6.620 6.624 6.628 6.632 6.635 6.638 6.641
6.234 6.241 6.248 6.256 6.262 6.268 6.274 6.279 6.285 6.291 6.296 6.302 6.308 6.313 6.319 6.325 6.331 6.337 6.343 6.348 6.355 6.361 6.367 6.373 6.380 6.387 6.394 6.400 6.406 6.412 6.418 6.424 6.430 6.436 6.443 6.449 6.455 6.461 6.467 6.473 6.479 6.485 6.491 6.497 6.503 6.508 6.514 6.520 6.526 6.532 6.538 6.543 6.547 6.552 6.557 6.561 6.566 6.570 6.575 6.579 6.584 6.588 6.592 6.597 6.601 6.605 6.609 6.612 6.616 6.620 6.624 6.628 6.632 6.636 6.639 6.642 6.645
6.240 6.248 6.255 6.262 6.269 6.274 6.280 6.286 6.291 6.297 6.303 6.308 6.314 6.320 6.325 6.331 6.337 6.342 6.348 6.354 6.360 6.366 6.372 6.378 6.385 6.391 6.398 6.405 6.411 6.416 6.422 6.428 6.434 6.440 6.446 6.453 6.459 6.465 6.471 6.477 6.483 6.489 6.495 6.501 6.507 6.512 6.518 6.524 6.530 6.536 6.541 6.546 6.551 6.556 6.560 6.565 6.570 6.574 6.579 6.583 6.587 6.592 6.596 6.600 6.604 6.608 6.612 6.616 6.620 6.624 6.628 6.632 6.636 6.640 6.643 6.646 6.649
6.247 6.254 6.261 6.269 6.275 6.281 6.286 6.292 6.298 6.303 6.309 6.315 6.320 6.326 6.331 6.337 6.343 6.348 6.354 6.360 6.365 6.371 6.377 6.383 6.390 6.396 6.403 6.409 6.415 6.421 6.426 6.432 6.438 6.444 6.450 6.456 6.463 6.469 6.475 6.481 6.487 6.493 6.499 6.505 6.510 6.516 6.522 6.528 6.534 6.540 6.545 6.550 6.555 6.559 6.564 6.569 6.573 6.578 6.582 6.587 6.591 6.595 6.600 6.604 6.608 6.612 6.616 6.620 6.624 6.628 6.632 6.636 6.640 6.644 6.647 6.650 6.653
6.254 6.261 6.268 6.275 6.282 6.287 6.293 6.298 6.304 6.310 6.315 6.321 6.326 6.332 6.338 6.343 6.349 6.354 6.360 6.365 6.371 6.377 6.382 6.388 6.395 6.401 6.408 6.414 6.419 6.425 6.431 6.436 6.442 6.448 6.454 6.460 6.467 6.473 6.479 6.485 6.491 6.497 6.503 6.508 6.514 6.520 6.526 6.532 6.538 6.544 6.549 6.554 6.558 6.563 6.568 6.572 6.577 6.581 6.586 6.590 6.595 6.599 6.603 6.608 6.612 6.616 6.620 6.624 6.628 6.632 6.636 6.640 6.644 6.648 6.651 6.654 6.657
6.260 6.267 6.275 6.282 6.288 6.294 6.299 6.305 6.310 6.316 6.322 6.327 6.333 6.338 6.344 6.349 6.355 6.360 6.366 6.371 6.377 6.382 6.388 6.394 6.400 6.406 6.413 6.419 6.424 6.429 6.435 6.441 6.446 6.452 6.458 6.464 6.470 6.477 6.483 6.489 6.495 6.501 6.506 6.512 6.518 6.524 6.530 6.536 6.542 6.548 6.553 6.557 6.562 6.567 6.571 6.576 6.580 6.585 6.589 6.594 6.598 6.603 6.607 6.611 6.615 6.620 6.624 6.628 6.632 6.636 6.640 6.644 6.648 6.652 6.655 6.658 6.661
6.267 6.274 6.282 6.289 6.294 6.300 6.306 6.311 6.317 6.322 6.328 6.334 6.339 6.345 6.350 6.355 6.361 6.366 6.372 6.377 6.382 6.388 6.393 6.399 6.405 6.412 6.418 6.423 6.429 6.434 6.439 6.445 6.451 6.457 6.462 6.468 6.474 6.480 6.486 6.492 6.498 6.504 6.510 6.516 6.522 6.528 6.534 6.540 6.546 6.551 6.556 6.561 6.566 6.571 6.575 6.580 6.584 6.589 6.593 6.597 6.602 6.606 6.611 6.615 6.619 6.623 6.627 6.631 6.635 6.639 6.644 6.648 6.652 6.655 6.659 6.662 6.665
6.274 6.281 6.289 6.295 6.301 6.307 6.312 6.318 6.323 6.329 6.334 6.340 6.345 6.351 6.356 6.362 6.367 6.372 6.378 6.383 6.388 6.394 6.399 6.405 6.411 6.417 6.423 6.428 6.433 6.439 6.444 6.449 6.455 6.461 6.467 6.472 6.478 6.484 6.490 6.496 6.502 6.508 6.514 6.520 6.526 6.532 6.538 6.543 6.550 6.555 6.560 6.565 6.570 6.574 6.579 6.583 6.588 6.592 6.597 6.601 6.605 6.610 6.614 6.618 6.623 6.627 6.631 6.635 6.639 6.643 6.648 6.652 6.656 6.659 6.663 6.666 6.669
6.282 6.289 6.296 6.302 6.308 6.313 6.319 6.324 6.330 6.335 6.341 6.346 6.352 6.357 6.363 6.368 6.373 6.378 6.384 6.389 6.394 6.399 6.405 6.410 6.416 6.422 6.428 6.433 6.438 6.443 6.448 6.454 6.459 6.465 6.471 6.476 6.482 6.488 6.494 6.500 6.506 6.512 6.518 6.524 6.530 6.536 6.541 6.547 6.553 6.559 6.564 6.569 6.573 6.578 6.583 6.587 6.591 6.596 6.600 6.605 6.609 6.613 6.618 6.622 6.626 6.630 6.635 6.639 6.643 6.647 6.651 6.656 6.660 6.663 6.667 6.670 6.673
6.290 6.296 6.303 6.310 6.315 6.320 6.326 6.331 6.336 6.342 6.347 6.353 6.358 6.364 6.369 6.374 6.379 6.385 6.390 6.395 6.400 6.405 6.411 6.416 6.422 6.428 6.433 6.438 6.443 6.448 6.453 6.458 6.464 6.469 6.475 6.481 6.486 6.492 6.498 6.504 6.510 6.516 6.522 6.528 6.534 6.539 6.545 6.551 6.557 6.563 6.568 6.573 6.577 6.582 6.586 6.591 6.595 6.599 6.604 6.608 6.613 6.617 6.621 6.626 6.630 6.634 6.638 6.643 6.647 6.651 6.655 6.660 6.664 6.667 6.670 6.674 6.677
6.299 6.305 6.311 6.317 6.323 6.328 6.333 6.338 6.343 6.349 6.354 6.359 6.365 6.370 6.375 6.381 6.386 6.391 6.396 6.401 6.406 6.411 6.417 6.422 6.427 6.433 6.439 6.443 6.448 6.453 6.458 6.463 6.468 6.474 6.479 6.485 6.491 6.496 6.502 6.508 6.514 6.520 6.526 6.532 6.537 6.543 6.549 6.555 6.561 6.567 6.572 6.576 6.581 6.586 6.590 6.594 6.599 6.603 6.608 6.612 6.616 6.621 6.625 6.629 6.634 6.638 6.642 6.646 6.650 6.655 6.659 6.664 6.668 6.671 6.674 6.678 6.681
6.308 6.314 6.320 6.326 6.331 6.336 6.341 6.346 6.351 6.356 6.361 6.366 6.372 6.377 6.382 6.387 6.392 6.397 6.402 6.408 6.413 6.418 6.423 6.428 6.433 6.439 6.444 6.449 6.453 6.458 6.463 6.468 6.473 6.478 6.484 6.489 6.495 6.500 6.506 6.512 6.518 6.524 6.530 6.535 6.541 6.547 6.553 6.559 6.565 6.570 6.575 6.580 6.585 6.589 6.594 6.598 6.603 6.607 6.611 6.616 6.620 6.624 6.629 6.633 6.637 6.642 6.646 6.650 6.654 6.659 6.663 6.667 6.672 6.675 6.679 6.682 6.685
6.319 6.324 6.330 6.335 6.340 6.344 6.349 6.354 6.359 6.364 6.369 6.374 6.379 6.384 6.389 6.394 6.399 6.404 6.409 6.414 6.419 6.424 6.429 6.434 6.439 6.445 6.450 6.454 6.459 6.463 6.468 6.473 6.478 6.483 6.488 6.493 6.499 6.504 6.510 6.516 6.522 6.528 6.533 6.539 6.545 6.551 6.557 6.562 6.569 6.574 6.579 6.584 6.588 6.593 6.597 6.602 6.606 6.611 6.615 6.619 6.624 6.628 6.632 6.637 6.641 6.645 6.650 6.654 6.658 6.662 6.667 6.671 6.676 6.679 6.683 6.686 6.689
6.330 6.335 6.341 6.346 6.350 6.354 6.358 6.363 6.367 6.372 6.377 6.382 6.386 6.391 6.396 6.401 6.406 6.411 6.416 6.421 6.426 6.430 6.435 6.440 6.445 6.451 6.456 6.460 6.464 6.469 6.473 6.478 6.482 6.487 6.493 6.498 6.503 6.509 6.514 6.520 6.526 6.531 6.537 6.543 6.549 6.555 6.560 6.566 6.572 6.578 6.583 6.588 6.592 6.597 6.601 6.606 6.610 6.614 6.619 6.623 6.627 6.632 6.636 6.640 6.645 6.649 6.653 6.658 6.662 6.666 6.671 6.675 6.680 6.683 6.687 6.690 6.693
6.343 6.348 6.353 6.357 6.361 6.365 6.369 6.373 6.377 6.381 6.386 6.390 6.395 6.399 6.404 6.409 6.414 6.418 6.423 6.428 6.433 6.437 6.442 6.447 6.452 6.457 6.462 6.466 6.470 6.474 6.478 6.483 6.488 6.492 6.497 6.502 6.508 6.513 6.519 6.524 6.530 6.535 6.541 6.547 6.553 6.558 6.564 6.570 6.576 6.582 6.587 6.591 6.596 6.601 6.605 6.609 6.614 6.618 6.622 6.627 6.631 6.635 6.640 6.644 6.648 6.653 6.657 6.661 6.666 6.670 6.675 6.679 6.684 6.687 6.691 6.694 6.698
6.357 6.361 6.366 6.370 6.373 6.376 6.380 6.383 6.387 6.391 6.395 6.399 6.404 6.408 6.413 6.417 6.422 6.426 6.431 6.435 6.440 6.444 6.449 6.454 6.459 6.464 6.468 6.472 6.476 6.480 6.484 6.488 6.493 6.498 6.502 6.507 6.512 6.518 6.523 6.528 6.534 6.539 6.545 6.551 6.556 6.562 6.568 6.574 6.580 6.585 6.590 6.595 6.600 6.604 6.609 6.613 6.617 6.622 6.626 6.630 6.635 6.639 6.644 6.648 6.652 6.657 6.661 6.665 6.670 6.674 6.679 6.683 6.688 6.692 6.695 6.699 6.702
6.371 6.375 6.380 6.383 6.386 6.389 6.392 6.395 6.399 6.402 6.406 6.410 6.414 6.418 6.422 6.426 6.430 6.435 6.439 6.443 6.448 6.452 6.457 6.461 6.466 6.471 6.475 6.479 6.483 6.486 6.490 6.494 6.499 6.503 6.508 6.512 6.517 6.522 6.528 6.533 6.538 6.544 6.549 6.555 6.560 6.566 6.572 6.578 6.584 6.589 6.594 6.599 6.604 6.608 6.613 6.617 6.621 6.626 6.630 6.634 6.639 6.643 6.647 6.652 6.656 6.660 6.665 6.669 6.674 6.678 6.683 6.688 6.692 6.696 6.699 6.703 6.707
6.387 6.391 6.395 6.398 6.401 6.403 6.406 6.409 6.411 6.415 6.418 6.421 6.425 6.428 6.432 6.436 6.440 6.444 6.448 6.452 6.456 6.460 6.465 6.469 6.473 6.478 6.482 6.486 6.489 6.493 6.497 6.501 6.505 6.509 6.513 6.518 6.523 6.527 6.532 6.538 6.543 6.548 6.554 6.559 6.565 6.570 6.576 6.582 6.588 6.593 6.598 6.603 6.607 6.612 6.616 6.621 6.625 6.630 6.634 6.638 6.643 6.647 6.651 6.656 6.660 6.664 6.669 6.673 6.678 6.682 6.687 6.692 6.696 6.700 6.704 6.708 6.711
6.403 6.407 6.411 6.414 6.416 6.418 6.421 6.423 6.425 6.428 6.431 6.434 6.437 6.440 6.444 6.447 6.451 6.454 6.458 6.462 6.466 6.470 6.474 6.478 6.482 6.486 6.490 6.494 6.497 6.500 6.504 6.508 6.511 6.515 6.519 6.524 6.528 6.533 6.538 6.543 6.548 6.553 6.558 6.564 6.569 6.575 6.580 6.586 6.592 6.597 6.602 6.607 6.612 6.616 6.620 6.625 6.629 6.634 6.638 6.642 6.647 6.651 6.655 6.660 6.664 6.669 6.673 6.677 6.682 6.686 6.691 6.696 6.701 6.705 6.708 6.712 6.716
6.419 6.423 6.427 6.430 6.432 6.434 6.436 6.438 6.440 6.443 6.445 6.448 6.450 6.453 6.456 6.459 6.462 6.466 6.469 6.472 6.476 6.480 6.483 6.487 6.491 6.495 6.499 6.502 6.505 6.508 6.512 6.515 6.519 6.522 6.526 6.530 6.535 6.539 6.544 6.548 6.553 6.558 6.563 6.568 6.574 6.579 6.585 6.590 6.596 6.602 6.607 6.611 6.616 6.620 6.625 6.629 6.633 6.638 6.642 6.646 6.651 6.655 6.660 6.664 6.668 6.673 6.677 6.682 6.686 6.691 6.696 6.701 6.705 6.709 6.713 6.717 6.720
6.436 6.440 6.444 6.447 6.449 6.451 6.453 6.455 6.457 6.458 6.461 6.463 6.465 6.467 6.470 6.472 6.475 6.478 6.481 6.484 6.487 6.491 6.494 6.498 6.501 6.505 6.509 6.511 6.514 6.517 6.520 6.523 6.527 6.530 6.534 6.537 6.541 6.546 6.550 6.554 6.559 6.564 6.569 6.574 6.579 6.584 6.590 6.595 6.601 6.607 6.611 6.616 6.620 6.625 6.629 6.634 6.638 6.642 6.647 6.651 6.655 6.660 6.664 6.668 6.673 6.677 6.682 6.686 6.691 6.695 6.700 6.705 6.710 6.714 6.718 6.722 6.725
