version2/TsunamiDB/out54020.asc
ncols          264
nrows          230
xllcorner      497853.4375
yllcorner      4229146.0000
cellsize         5.
NODATA_value   -99
[rows 155 to 185 of 230, columns 142 to 212 of 264]
4.676 4.728 4.776 4.822 4.868 4.914 4.959 5.005 5.051 5.096 5.142 5.187 5.231 5.274 5.317 5.360 5.404 5.449 5.496 5.545 5.597 5.652 5.710 5.770 5.833 5.899 5.965 6.031 6.099 6.166 6.232 6.295 6.355 6.412 6.466 6.521 6.575 6.628 6.678 6.725 6.776 6.832 6.894 6.964 7.034 7.085 7.153 7.244 7.315 7.365 7.403 7.438 7.475 7.518 7.553 7.528 7.537 7.608 7.658 7.680 7.674 7.641 7.569 7.451 7.287 7.094 6.945 6.869 6.818 6.776 6.746
4.710 4.759 4.805 4.849 4.893 4.937 4.981 5.025 5.069 5.113 5.157 5.201 5.243 5.286 5.327 5.369 5.411 5.455 5.501 5.550 5.602 5.657 5.715 5.776 5.842 5.911 5.979 6.049 6.120 6.191 6.262 6.329 6.393 6.454 6.513 6.574 6.634 6.693 6.747 6.796 6.848 6.902 6.959 7.029 7.088 7.122 7.184 7.273 7.342 7.391 7.429 7.461 7.494 7.543 7.570 7.528 7.524 7.585 7.623 7.635 7.620 7.575 7.492 7.357 7.184 6.998 6.865 6.807 6.773 6.754 6.746
4.745 4.793 4.837 4.879 4.920 4.962 5.004 5.046 5.088 5.131 5.173 5.215 5.256 5.297 5.337 5.378 5.419 5.462 5.507 5.556 5.608 5.663 5.722 5.785 5.853 5.924 5.995 6.068 6.143 6.217 6.291 6.362 6.431 6.497 6.563 6.628 6.693 6.760 6.820 6.873 6.925 6.979 7.036 7.093 7.132 7.157 7.213 7.301 7.371 7.422 7.461 7.496 7.534 7.573 7.578 7.524 7.508 7.554 7.580 7.582 7.555 7.497 7.398 7.254 7.090 6.919 6.804 6.766 6.754 6.755 6.767
4.782 4.828 4.871 4.911 4.951 4.990 5.030 5.070 5.109 5.150 5.190 5.230 5.269 5.309 5.347 5.387 5.427 5.469 5.514 5.563 5.615 5.671 5.731 5.796 5.865 5.939 6.012 6.087 6.165 6.243 6.319 6.395 6.470 6.543 6.614 6.682 6.754 6.831 6.896 6.953 7.007 7.061 7.109 7.149 7.176 7.191 7.243 7.331 7.404 7.458 7.501 7.541 7.575 7.594 7.581 7.513 7.484 7.514 7.528 7.518 7.479 7.407 7.297 7.159 7.011 6.861 6.767 6.751 6.759 6.777 6.806
4.820 4.865 4.907 4.946 4.984 5.021 5.058 5.096 5.133 5.171 5.209 5.246 5.284 5.321 5.359 5.397 5.437 5.479 5.524 5.573 5.626 5.682 5.743 5.808 5.879 5.955 6.031 6.108 6.190 6.270 6.350 6.431 6.512 6.591 6.667 6.739 6.818 6.903 6.974 7.034 7.089 7.137 7.175 7.203 7.220 7.229 7.277 7.367 7.442 7.501 7.548 7.586 7.609 7.609 7.576 7.494 7.451 7.466 7.466 7.444 7.393 7.311 7.204 7.080 6.953 6.826 6.755 6.759 6.781 6.815 6.860
4.858 4.903 4.945 4.983 5.019 5.055 5.090 5.124 5.159 5.194 5.230 5.265 5.301 5.336 5.372 5.410 5.449 5.491 5.536 5.585 5.638 5.696 5.757 5.824 5.896 5.974 6.051 6.132 6.216 6.300 6.385 6.471 6.557 6.641 6.722 6.797 6.882 6.974 7.049 7.113 7.165 7.206 7.238 7.258 7.271 7.274 7.318 7.407 7.484 7.548 7.594 7.624 7.635 7.616 7.564 7.469 7.410 7.408 7.396 7.364 7.304 7.223 7.126 7.021 6.919 6.815 6.764 6.783 6.818 6.864 6.917
4.895 4.941 4.983 5.021 5.056 5.090 5.123 5.156 5.188 5.221 5.253 5.286 5.319 5.353 5.388 5.424 5.462 5.504 5.550 5.600 5.654 5.712 5.774 5.841 5.915 5.995 6.074 6.157 6.245 6.333 6.422 6.512 6.604 6.693 6.778 6.855 6.943 7.041 7.122 7.185 7.234 7.272 7.300 7.317 7.326 7.324 7.363 7.452 7.530 7.592 7.634 7.656 7.652 7.616 7.546 7.435 7.362 7.345 7.322 7.283 7.223 7.150 7.068 6.986 6.907 6.823 6.786 6.817 6.862 6.916 6.973
4.931 4.978 5.021 5.059 5.094 5.128 5.159 5.190 5.220 5.249 5.279 5.309 5.340 5.371 5.404 5.440 5.478 5.520 5.566 5.617 5.672 5.730 5.793 5.861 5.936 6.017 6.099 6.184 6.276 6.368 6.460 6.555 6.651 6.745 6.832 6.909 7.001 7.106 7.188 7.251 7.299 7.336 7.362 7.378 7.384 7.376 7.411 7.499 7.574 7.632 7.667 7.679 7.663 7.610 7.521 7.396 7.309 7.279 7.248 7.209 7.156 7.093 7.031 6.971 6.912 6.843 6.819 6.859 6.909 6.966 7.025
4.964 5.013 5.057 5.096 5.132 5.166 5.196 5.225 5.253 5.280 5.307 5.335 5.363 5.392 5.423 5.457 5.495 5.537 5.584 5.635 5.691 5.750 5.813 5.882 5.959 6.043 6.126 6.214 6.309 6.404 6.501 6.600 6.699 6.795 6.884 6.960 7.055 7.162 7.246 7.311 7.358 7.395 7.422 7.437 7.441 7.428 7.458 7.540 7.610 7.663 7.690 7.691 7.662 7.592 7.486 7.349 7.250 7.211 7.179 7.144 7.100 7.054 7.011 6.968 6.925 6.869 6.854 6.899 6.952 7.011 7.070
4.994 5.045 5.091 5.132 5.169 5.203 5.234 5.262 5.288 5.313 5.338 5.362 5.387 5.413 5.442 5.475 5.512 5.554 5.602 5.654 5.711 5.772 5.836 5.906 5.984 6.069 6.154 6.243 6.341 6.440 6.539 6.641 6.742 6.839 6.929 7.005 7.100 7.209 7.296 7.363 7.413 7.451 7.479 7.493 7.496 7.478 7.501 7.576 7.640 7.685 7.704 7.696 7.655 7.572 7.451 7.301 7.195 7.154 7.124 7.097 7.064 7.034 7.006 6.978 6.947 6.901 6.892 6.938 6.993 7.052 7.110
5.021 5.074 5.122 5.166 5.205 5.240 5.271 5.299 5.325 5.348 5.369 5.391 5.412 5.436 5.463 5.493 5.530 5.572 5.620 5.674 5.732 5.794 5.859 5.929 6.008 6.094 6.181 6.272 6.372 6.473 6.576 6.681 6.784 6.883 6.975 7.049 7.143 7.256 7.347 7.417 7.470 7.511 7.538 7.553 7.557 7.531 7.544 7.612 7.670 7.707 7.718 7.702 7.650 7.553 7.417 7.259 7.151 7.111 7.087 7.067 7.047 7.030 7.015 6.998 6.977 6.937 6.931 6.979 7.034 7.092 7.147
5.044 5.099 5.150 5.196 5.237 5.275 5.308 5.336 5.361 5.383 5.403 5.421 5.440 5.460 5.484 5.513 5.548 5.590 5.639 5.693 5.752 5.815 5.881 5.951 6.031 6.120 6.207 6.300 6.402 6.507 6.615 6.722 6.827 6.931 7.020 7.089 7.184 7.302 7.396 7.470 7.527 7.570 7.598 7.616 7.615 7.579 7.583 7.644 7.694 7.724 7.728 7.702 7.640 7.527 7.379 7.223 7.118 7.081 7.062 7.052 7.044 7.037 7.031 7.024 7.009 6.973 6.969 7.017 7.070 7.127 7.180
5.065 5.122 5.175 5.223 5.267 5.307 5.342 5.372 5.397 5.419 5.437 5.453 5.469 5.486 5.507 5.534 5.567 5.609 5.657 5.712 5.772 5.835 5.902 5.974 6.056 6.147 6.236 6.330 6.435 6.544 6.654 6.765 6.874 6.975 7.059 7.127 7.224 7.346 7.444 7.522 7.582 7.628 7.661 7.675 7.664 7.621 7.616 7.668 7.710 7.734 7.730 7.694 7.618 7.496 7.352 7.199 7.097 7.064 7.052 7.051 7.049 7.051 7.053 7.051 7.040 7.007 7.004 7.050 7.102 7.157 7.206
5.084 5.142 5.196 5.247 5.293 5.335 5.373 5.406 5.433 5.455 5.473 5.487 5.500 5.515 5.532 5.556 5.588 5.628 5.676 5.731 5.792 5.856 5.924 5.998 6.082 6.174 6.265 6.361 6.469 6.580 6.692 6.805 6.915 7.011 7.094 7.161 7.261 7.387 7.490 7.572 7.636 7.685 7.716 7.724 7.705 7.653 7.640 7.683 7.719 7.736 7.724 7.678 7.593 7.472 7.333 7.186 7.088 7.060 7.055 7.058 7.063 7.070 7.077 7.078 7.070 7.039 7.034 7.079 7.130 7.181 7.226
5.100 5.159 5.215 5.267 5.316 5.361 5.402 5.437 5.466 5.490 5.508 5.523 5.534 5.546 5.562 5.583 5.612 5.651 5.697 5.752 5.812 5.877 5.946 6.021 6.106 6.201 6.293 6.392 6.501 6.613 6.726 6.839 6.947 7.043 7.125 7.194 7.296 7.427 7.533 7.619 7.686 7.735 7.763 7.763 7.736 7.677 7.655 7.690 7.718 7.729 7.709 7.655 7.570 7.455 7.323 7.183 7.092 7.069 7.066 7.073 7.081 7.091 7.100 7.104 7.098 7.067 7.062 7.105 7.153 7.200 7.240
5.114 5.174 5.231 5.285 5.336 5.384 5.427 5.466 5.498 5.524 5.544 5.559 5.571 5.582 5.595 5.614 5.641 5.676 5.721 5.773 5.833 5.897 5.966 6.043 6.130 6.225 6.320 6.419 6.528 6.641 6.753 6.865 6.974 7.071 7.156 7.226 7.329 7.464 7.573 7.663 7.729 7.776 7.799 7.792 7.758 7.692 7.661 7.688 7.709 7.713 7.688 7.635 7.553 7.446 7.325 7.193 7.106 7.086 7.085 7.093 7.102 7.113 7.123 7.127 7.123 7.094 7.087 7.127 7.171 7.212 7.246
5.124 5.185 5.244 5.300 5.353 5.403 5.450 5.491 5.527 5.556 5.580 5.597 5.610 5.621 5.633 5.650 5.674 5.706 5.747 5.796 5.853 5.916 5.985 6.062 6.149 6.246 6.341 6.440 6.550 6.662 6.772 6.884 6.995 7.096 7.186 7.255 7.359 7.497 7.609 7.699 7.763 7.807 7.825 7.812 7.771 7.696 7.658 7.677 7.693 7.692 7.667 7.617 7.543 7.446 7.336 7.211 7.127 7.108 7.108 7.115 7.124 7.134 7.144 7.149 7.147 7.117 7.108 7.144 7.183 7.219 7.246
5.131 5.193 5.253 5.310 5.365 5.418 5.467 5.512 5.552 5.586 5.613 5.634 5.650 5.663 5.675 5.691 5.712 5.740 5.776 5.821 5.874 5.934 6.000 6.075 6.163 6.260 6.356 6.456 6.566 6.676 6.787 6.900 7.014 7.120 7.212 7.281 7.386 7.527 7.639 7.727 7.789 7.829 7.842 7.823 7.773 7.691 7.646 7.659 7.670 7.669 7.647 7.603 7.539 7.454 7.353 7.234 7.153 7.133 7.131 7.137 7.145 7.154 7.163 7.170 7.168 7.137 7.125 7.157 7.190 7.219 7.240
5.133 5.196 5.256 5.315 5.373 5.428 5.480 5.528 5.572 5.611 5.643 5.669 5.689 5.705 5.719 5.734 5.753 5.777 5.808 5.847 5.895 5.949 6.012 6.086 6.173 6.270 6.365 6.465 6.576 6.687 6.799 6.915 7.032 7.142 7.238 7.305 7.410 7.551 7.660 7.745 7.803 7.839 7.847 7.820 7.763 7.676 7.625 7.633 7.643 7.645 7.628 7.593 7.541 7.466 7.373 7.259 7.179 7.157 7.153 7.158 7.163 7.171 7.179 7.187 7.186 7.154 7.138 7.164 7.190 7.212 7.224
5.132 5.195 5.255 5.315 5.375 5.432 5.487 5.539 5.587 5.630 5.668 5.700 5.725 5.746 5.763 5.779 5.796 5.816 5.842 5.875 5.916 5.965 6.023 6.093 6.178 6.274 6.370 6.470 6.583 6.696 6.809 6.927 7.046 7.158 7.256 7.322 7.425 7.563 7.671 7.752 7.806 7.838 7.841 7.809 7.746 7.653 7.598 7.606 7.618 7.624 7.613 7.589 7.546 7.481 7.395 7.285 7.205 7.180 7.174 7.177 7.181 7.187 7.195 7.201 7.201 7.167 7.147 7.166 7.185 7.198 7.203
5.129 5.191 5.251 5.312 5.372 5.431 5.489 5.544 5.596 5.644 5.687 5.725 5.756 5.782 5.803 5.821 5.838 5.856 5.878 5.905 5.939 5.981 6.033 6.098 6.179 6.275 6.370 6.471 6.585 6.700 6.815 6.935 7.055 7.171 7.273 7.334 7.432 7.570 7.676 7.753 7.803 7.831 7.830 7.792 7.723 7.626 7.571 7.581 7.597 7.608 7.606 7.590 7.557 7.499 7.418 7.311 7.230 7.204 7.196 7.196 7.198 7.203 7.208 7.215 7.216 7.179 7.153 7.165 7.175 7.179 7.176
5.125 5.185 5.245 5.305 5.366 5.426 5.486 5.544 5.599 5.652 5.700 5.743 5.780 5.812 5.838 5.859 5.878 5.895 5.914 5.936 5.964 5.999 6.044 6.101 6.178 6.272 6.366 6.468 6.584 6.701 6.821 6.942 7.064 7.189 7.288 7.339 7.435 7.572 7.674 7.747 7.794 7.817 7.811 7.765 7.690 7.596 7.545 7.558 7.580 7.597 7.603 7.595 7.568 7.515 7.438 7.334 7.254 7.225 7.214 7.212 7.214 7.217 7.221 7.231 7.231 7.188 7.155 7.159 7.159 7.155 7.145
5.122 5.180 5.239 5.298 5.359 5.419 5.480 5.540 5.598 5.654 5.707 5.755 5.797 5.834 5.865 5.891 5.913 5.932 5.950 5.969 5.992 6.020 6.056 6.108 6.181 6.271 6.364 6.466 6.583 6.705 6.827 6.954 7.083 7.201 7.288 7.336 7.430 7.564 7.663 7.733 7.776 7.792 7.778 7.728 7.659 7.569 7.520 7.539 7.566 7.590 7.601 7.598 7.575 7.527 7.456 7.355 7.273 7.243 7.230 7.228 7.228 7.232 7.239 7.247 7.241 7.192 7.152 7.147 7.139 7.127 7.109
5.122 5.177 5.234 5.291 5.351 5.412 5.473 5.534 5.594 5.653 5.708 5.760 5.808 5.850 5.886 5.917 5.942 5.965 5.984 6.003 6.023 6.046 6.076 6.121 6.188 6.273 6.364 6.466 6.585 6.709 6.834 6.964 7.090 7.197 7.276 7.323 7.416 7.547 7.643 7.710 7.746 7.756 7.738 7.692 7.630 7.543 7.499 7.524 7.557 7.585 7.600 7.600 7.579 7.536 7.471 7.372 7.290 7.259 7.247 7.244 7.244 7.249 7.256 7.259 7.246 7.192 7.144 7.130 7.113 7.093 7.069
5.124 5.177 5.231 5.287 5.346 5.405 5.466 5.527 5.588 5.649 5.707 5.762 5.813 5.859 5.900 5.936 5.967 5.994 6.017 6.037 6.057 6.077 6.103 6.140 6.199 6.280 6.367 6.467 6.586 6.710 6.836 6.962 7.081 7.180 7.256 7.301 7.393 7.522 7.615 7.678 7.709 7.714 7.697 7.658 7.602 7.521 7.482 7.513 7.550 7.580 7.597 7.598 7.581 7.543 7.482 7.386 7.305 7.276 7.263 7.259 7.260 7.265 7.269 7.267 7.246 7.186 7.132 7.109 7.084 7.056 7.025
5.130 5.180 5.232 5.285 5.342 5.400 5.460 5.521 5.583 5.643 5.703 5.760 5.814 5.864 5.910 5.951 5.987 6.019 6.046 6.071 6.093 6.112 6.134 6.166 6.219 6.292 6.373 6.469 6.583 6.705 6.826 6.945 7.059 7.154 7.228 7.273 7.362 7.489 7.579 7.638 7.666 7.672 7.659 7.627 7.578 7.502 7.468 7.503 7.542 7.574 7.591 7.594 7.581 7.547 7.491 7.399 7.320 7.292 7.279 7.275 7.275 7.278 7.279 7.270 7.242 7.177 7.115 7.083 7.050 7.016 6.979
5.139 5.186 5.235 5.286 5.340 5.397 5.456 5.516 5.577 5.637 5.697 5.756 5.812 5.866 5.915 5.961 6.002 6.040 6.073 6.102 6.127 6.149 6.170 6.198 6.243 6.308 6.380 6.466 6.573 6.688 6.801 6.916 7.026 7.120 7.194 7.238 7.325 7.450 7.539 7.596 7.623 7.632 7.625 7.599 7.558 7.486 7.454 7.493 7.534 7.566 7.584 7.590 7.578 7.549 7.500 7.411 7.335 7.308 7.296 7.290 7.289 7.289 7.285 7.269 7.235 7.164 7.095 7.054 7.014 6.974 6.933
5.150 5.194 5.240 5.288 5.340 5.395 5.452 5.510 5.570 5.631 5.691 5.750 5.808 5.864 5.917 5.967 6.013 6.056 6.094 6.128 6.159 6.184 6.205 6.229 6.267 6.323 6.383 6.458 6.556 6.661 6.768 6.878 6.987 7.082 7.158 7.200 7.286 7.411 7.499 7.555 7.584 7.596 7.595 7.576 7.540 7.470 7.442 7.482 7.524 7.557 7.577 7.583 7.575 7.552 7.508 7.423 7.350 7.326 7.312 7.304 7.300 7.295 7.287 7.265 7.224 7.146 7.071 7.023 6.976 6.932 6.888
5.163 5.204 5.247 5.292 5.341 5.393 5.447 5.504 5.563 5.622 5.682 5.742 5.801 5.858 5.914 5.968 6.019 6.066 6.109 6.148 6.183 6.211 6.234 6.257 6.291 6.338 6.387 6.450 6.536 6.632 6.733 6.840 6.949 7.046 7.123 7.165 7.250 7.374 7.461 7.517 7.548 7.565 7.569 7.555 7.522 7.455 7.428 7.470 7.512 7.546 7.566 7.575 7.572 7.553 7.515 7.435 7.365 7.341 7.325 7.314 7.305 7.297 7.283 7.254 7.206 7.122 7.041 6.985 6.934 6.887 6.842
5.179 5.217 5.256 5.297 5.342 5.391 5.442 5.497 5.553 5.612 5.671 5.730 5.790 5.849 5.907 5.964 6.018 6.070 6.117 6.161 6.199 6.231 6.258 6.283 6.314 6.355 6.395 6.446 6.521 6.608 6.703 6.807 6.914 7.011 7.090 7.131 7.215 7.339 7.426 7.483 7.516 7.537 7.544 7.534 7.504 7.439 7.412 7.455 7.499 7.534 7.556 7.568 7.569 7.555 7.522 7.447 7.379 7.355 7.336 7.321 7.307 7.294 7.275 7.240 7.184 7.095 7.008 6.947 6.893 6.845 6.800
5.198 5.233 5.268 5.305 5.346 5.390 5.437 5.488 5.542 5.599 5.657 5.716 5.775 5.836 5.896 5.955 6.013 6.068 6.120 6.167 6.209 6.246 6.276 6.304 6.335 6.374 6.408 6.449 6.513 6.591 6.679 6.779 6.883 6.982 7.065 7.103 7.184 7.309 7.396 7.453 7.489 7.513 7.523 7.516 7.489 7.423 7.398 7.443 7.488 7.525 7.550 7.566 7.570 7.561 7.536 7.464 7.397 7.371 7.349 7.329 7.309 7.291 7.265 7.224 7.159 7.064 6.973 6.909 6.853 6.805 6.763
