version2/TsunamiDB/out54051.asc
ncols          264
nrows          230
xllcorner      497853.4375
yllcorner      4229146.0000
cellsize         5.
NODATA_value   -99
[rows 0 to 32 of 230, columns 146 to 218 of 264]
4.370 4.415 4.460 4.505 4.549 4.592 4.635 4.677 4.718 4.759 4.799 4.839 4.878 4.916 4.953 4.989 5.023 5.056 5.088 5.119 5.148 5.177 5.203 5.229 5.253 5.276 5.298 5.319 5.338 5.357 5.374 5.390 5.406 5.421 5.437 5.453 5.469 5.486 5.504 5.523 5.542 5.563 5.584 5.607 5.630 5.654 5.679 5.704 5.730 5.756 5.783 5.809 5.836 5.863 5.890 5.916 5.943 5.971 5.999 6.026 6.054 6.082 6.110 6.138 6.166 6.194 6.222 6.250 6.278 6.305 6.333 6.359 6.386
4.389 4.433 4.477 4.520 4.563 4.605 4.647 4.688 4.728 4.768 4.809 4.848 4.887 4.925 4.962 4.999 5.034 5.068 5.101 5.132 5.162 5.192 5.219 5.246 5.271 5.295 5.318 5.339 5.359 5.378 5.396 5.412 5.427 5.443 5.457 5.472 5.487 5.502 5.518 5.535 5.552 5.571 5.591 5.612 5.634 5.657 5.681 5.706 5.731 5.756 5.782 5.808 5.835 5.862 5.888 5.914 5.941 5.969 5.996 6.024 6.051 6.079 6.107 6.135 6.163 6.191 6.220 6.248 6.276 6.304 6.332 6.359 6.386
4.408 4.451 4.494 4.535 4.577 4.618 4.659 4.699 4.738 4.777 4.817 4.856 4.895 4.933 4.970 5.007 5.043 5.077 5.111 5.143 5.175 5.205 5.234 5.261 5.288 5.313 5.336 5.359 5.380 5.400 5.418 5.435 5.450 5.465 5.480 5.493 5.507 5.521 5.535 5.550 5.565 5.582 5.600 5.619 5.640 5.661 5.684 5.708 5.732 5.757 5.782 5.808 5.834 5.861 5.887 5.913 5.939 5.967 5.994 6.021 6.049 6.077 6.104 6.132 6.161 6.189 6.217 6.245 6.274 6.302 6.330 6.358 6.386
4.428 4.470 4.511 4.551 4.591 4.631 4.671 4.710 4.748 4.786 4.825 4.863 4.902 4.940 4.977 5.014 5.050 5.085 5.119 5.153 5.185 5.216 5.246 5.275 5.302 5.328 5.353 5.377 5.399 5.420 5.440 5.457 5.473 5.488 5.503 5.517 5.530 5.542 5.555 5.568 5.581 5.596 5.612 5.629 5.648 5.667 5.689 5.711 5.734 5.758 5.783 5.809 5.834 5.860 5.886 5.912 5.938 5.965 5.992 6.019 6.047 6.074 6.102 6.130 6.158 6.186 6.215 6.243 6.272 6.300 6.329 6.358 6.386
4.448 4.488 4.528 4.568 4.607 4.645 4.683 4.721 4.758 4.795 4.833 4.870 4.908 4.945 4.982 5.019 5.055 5.091 5.126 5.160 5.193 5.225 5.256 5.286 5.314 5.342 5.368 5.393 5.417 5.439 5.460 5.478 5.495 5.512 5.527 5.541 5.553 5.566 5.577 5.589 5.601 5.613 5.627 5.641 5.658 5.676 5.695 5.716 5.738 5.761 5.785 5.810 5.835 5.860 5.886 5.911 5.937 5.964 5.991 6.018 6.045 6.073 6.100 6.128 6.156 6.184 6.212 6.241 6.270 6.299 6.328 6.357 6.386
4.468 4.508 4.547 4.585 4.622 4.659 4.696 4.733 4.769 4.804 4.841 4.877 4.914 4.951 4.987 5.024 5.060 5.095 5.131 5.165 5.199 5.232 5.264 5.295 5.325 5.353 5.381 5.407 5.432 5.456 5.478 5.498 5.516 5.534 5.550 5.565 5.578 5.590 5.601 5.612 5.622 5.633 5.645 5.657 5.671 5.687 5.704 5.723 5.743 5.765 5.788 5.812 5.836 5.861 5.886 5.911 5.937 5.963 5.990 6.017 6.044 6.071 6.099 6.126 6.154 6.182 6.211 6.239 6.268 6.297 6.326 6.356 6.385
4.488 4.527 4.565 4.602 4.639 4.675 4.710 4.746 4.780 4.814 4.849 4.885 4.920 4.956 4.992 5.027 5.063 5.099 5.134 5.169 5.203 5.237 5.269 5.301 5.332 5.362 5.391 5.419 5.445 5.470 5.494 5.516 5.536 5.555 5.572 5.588 5.603 5.615 5.627 5.637 5.647 5.656 5.666 5.676 5.688 5.701 5.716 5.732 5.751 5.771 5.792 5.815 5.838 5.863 5.887 5.911 5.937 5.963 5.990 6.016 6.043 6.070 6.097 6.125 6.153 6.181 6.209 6.238 6.266 6.296 6.325 6.355 6.384
4.509 4.547 4.584 4.621 4.656 4.691 4.725 4.759 4.792 4.825 4.859 4.893 4.927 4.961 4.996 5.031 5.066 5.101 5.137 5.171 5.206 5.240 5.273 5.306 5.338 5.369 5.399 5.428 5.455 5.482 5.507 5.531 5.552 5.573 5.592 5.610 5.626 5.640 5.652 5.663 5.672 5.681 5.690 5.698 5.708 5.719 5.731 5.745 5.761 5.779 5.798 5.820 5.842 5.865 5.888 5.912 5.938 5.964 5.990 6.016 6.043 6.069 6.097 6.124 6.152 6.179 6.208 6.236 6.265 6.294 6.324 6.354 6.384
4.530 4.568 4.604 4.639 4.674 4.707 4.741 4.773 4.805 4.836 4.869 4.901 4.934 4.967 5.001 5.035 5.069 5.104 5.138 5.173 5.207 5.241 5.275 5.308 5.341 5.373 5.404 5.434 5.463 5.491 5.518 5.543 5.566 5.589 5.610 5.629 5.647 5.662 5.676 5.688 5.698 5.707 5.715 5.723 5.731 5.740 5.749 5.761 5.774 5.790 5.807 5.826 5.847 5.869 5.891 5.914 5.939 5.964 5.990 6.016 6.043 6.069 6.096 6.123 6.151 6.179 6.207 6.235 6.264 6.293 6.323 6.353 6.383
4.551 4.588 4.624 4.659 4.692 4.725 4.757 4.789 4.819 4.849 4.880 4.911 4.943 4.975 5.007 5.040 5.073 5.106 5.140 5.174 5.208 5.242 5.276 5.309 5.342 5.375 5.407 5.438 5.468 5.498 5.526 5.552 5.577 5.601 5.624 5.645 5.665 5.682 5.698 5.712 5.723 5.733 5.742 5.749 5.756 5.763 5.771 5.780 5.791 5.804 5.818 5.835 5.854 5.874 5.895 5.917 5.941 5.966 5.991 6.017 6.043 6.069 6.096 6.123 6.150 6.178 6.206 6.234 6.263 6.293 6.322 6.352 6.382
4.573 4.609 4.644 4.678 4.711 4.743 4.774 4.805 4.834 4.863 4.893 4.923 4.953 4.983 5.014 5.045 5.077 5.110 5.142 5.175 5.209 5.242 5.276 5.309 5.342 5.375 5.408 5.440 5.471 5.501 5.531 5.558 5.585 5.611 5.635 5.658 5.680 5.699 5.717 5.733 5.746 5.758 5.768 5.776 5.783 5.789 5.795 5.802 5.811 5.821 5.833 5.847 5.864 5.881 5.900 5.922 5.944 5.968 5.993 6.018 6.044 6.070 6.096 6.123 6.150 6.177 6.205 6.234 6.263 6.292 6.321 6.351 6.382
4.594 4.630 4.665 4.698 4.731 4.762 4.793 4.822 4.851 4.879 4.907 4.936 4.965 4.994 5.023 5.053 5.083 5.114 5.146 5.177 5.210 5.242 5.275 5.308 5.341 5.374 5.407 5.440 5.472 5.503 5.533 5.561 5.589 5.617 5.643 5.668 5.691 5.713 5.733 5.751 5.766 5.780 5.792 5.801 5.809 5.815 5.821 5.827 5.833 5.841 5.851 5.862 5.876 5.891 5.908 5.928 5.949 5.971 5.995 6.020 6.045 6.070 6.096 6.123 6.150 6.177 6.205 6.233 6.262 6.291 6.321 6.351 6.381
4.614 4.651 4.685 4.719 4.751 4.782 4.811 4.841 4.868 4.895 4.923 4.951 4.978 5.006 5.034 5.062 5.091 5.121 5.150 5.181 5.212 5.243 5.275 5.307 5.340 5.373 5.405 5.438 5.470 5.502 5.533 5.562 5.592 5.620 5.648 5.674 5.699 5.723 5.745 5.765 5.783 5.799 5.813 5.824 5.834 5.841 5.848 5.853 5.858 5.864 5.871 5.880 5.891 5.904 5.918 5.936 5.955 5.976 5.999 6.022 6.046 6.072 6.097 6.123 6.150 6.177 6.205 6.233 6.262 6.291 6.320 6.350 6.381
4.635 4.671 4.705 4.738 4.770 4.801 4.831 4.859 4.886 4.913 4.940 4.967 4.994 5.020 5.047 5.074 5.101 5.129 5.157 5.186 5.215 5.245 5.276 5.307 5.338 5.370 5.403 5.435 5.468 5.500 5.530 5.561 5.591 5.621 5.650 5.678 5.704 5.730 5.753 5.775 5.796 5.814 5.830 5.844 5.856 5.865 5.873 5.879 5.884 5.889 5.894 5.901 5.910 5.919 5.931 5.946 5.963 5.983 6.003 6.026 6.049 6.073 6.099 6.124 6.151 6.178 6.205 6.233 6.261 6.290 6.320 6.350 6.381
4.654 4.690 4.725 4.758 4.790 4.821 4.850 4.879 4.905 4.932 4.959 4.985 5.011 5.037 5.062 5.088 5.114 5.140 5.166 5.193 5.221 5.249 5.278 5.308 5.338 5.369 5.400 5.432 5.464 5.496 5.527 5.557 5.589 5.619 5.649 5.678 5.706 5.733 5.758 5.782 5.805 5.825 5.844 5.860 5.874 5.886 5.895 5.903 5.909 5.914 5.919 5.924 5.931 5.938 5.947 5.959 5.974 5.991 6.010 6.031 6.053 6.076 6.100 6.126 6.152 6.178 6.205 6.233 6.261 6.290 6.320 6.350 6.380
4.673 4.709 4.744 4.777 4.809 4.840 4.870 4.898 4.925 4.952 4.978 5.004 5.029 5.055 5.079 5.104 5.128 5.153 5.178 5.203 5.229 5.255 5.282 5.310 5.339 5.368 5.398 5.429 5.460 5.492 5.522 5.553 5.584 5.615 5.646 5.676 5.705 5.733 5.760 5.786 5.810 5.833 5.854 5.872 5.889 5.903 5.915 5.925 5.932 5.938 5.943 5.948 5.953 5.959 5.965 5.975 5.987 6.002 6.018 6.037 6.058 6.080 6.103 6.128 6.153 6.179 6.206 6.233 6.261 6.290 6.320 6.350 6.380
4.691 4.727 4.762 4.795 4.828 4.859 4.889 4.917 4.944 4.972 4.998 5.024 5.049 5.074 5.098 5.122 5.145 5.169 5.192 5.216 5.240 5.264 5.289 5.315 5.342 5.369 5.398 5.427 5.457 5.488 5.518 5.548 5.579 5.610 5.641 5.672 5.702 5.731 5.759 5.786 5.812 5.837 5.860 5.881 5.900 5.916 5.931 5.943 5.953 5.960 5.966 5.972 5.976 5.981 5.986 5.993 6.003 6.015 6.029 6.046 6.064 6.085 6.107 6.130 6.155 6.180 6.207 6.234 6.262 6.290 6.320 6.349 6.380
4.707 4.743 4.778 4.812 4.845 4.877 4.907 4.936 4.964 4.991 5.018 5.044 5.070 5.094 5.118 5.141 5.164 5.186 5.209 5.231 5.253 5.276 5.299 5.323 5.348 5.373 5.400 5.427 5.455 5.485 5.513 5.543 5.573 5.604 5.635 5.666 5.696 5.726 5.756 5.784 5.811 5.837 5.862 5.885 5.906 5.926 5.943 5.957 5.969 5.979 5.987 5.994 5.999 6.003 6.007 6.013 6.020 6.030 6.042 6.056 6.073 6.092 6.112 6.134 6.158 6.182 6.208 6.235 6.262 6.291 6.320 6.349 6.380
4.723 4.759 4.794 4.829 4.862 4.894 4.925 4.954 4.982 5.011 5.038 5.064 5.090 5.115 5.138 5.162 5.184 5.206 5.227 5.248 5.269 5.291 5.312 5.334 5.357 5.380 5.404 5.429 5.456 5.483 5.511 5.538 5.568 5.598 5.629 5.659 5.690 5.720 5.750 5.779 5.808 5.835 5.862 5.886 5.910 5.931 5.950 5.967 5.982 5.994 6.005 6.013 6.019 6.024 6.028 6.033 6.039 6.047 6.057 6.069 6.083 6.100 6.119 6.139 6.162 6.185 6.210 6.237 6.264 6.291 6.320 6.350 6.380
4.737 4.774 4.809 4.844 4.877 4.910 4.942 4.971 5.000 5.029 5.057 5.084 5.110 5.135 5.159 5.182 5.205 5.226 5.247 5.268 5.288 5.308 5.328 5.348 5.369 5.390 5.412 5.435 5.459 5.484 5.510 5.536 5.564 5.593 5.622 5.652 5.683 5.713 5.743 5.773 5.802 5.831 5.858 5.885 5.910 5.933 5.954 5.974 5.991 6.006 6.018 6.029 6.037 6.043 6.048 6.053 6.058 6.065 6.073 6.083 6.095 6.110 6.127 6.146 6.167 6.189 6.213 6.239 6.265 6.293 6.321 6.350 6.380
4.751 4.788 4.823 4.858 4.892 4.925 4.957 4.988 5.017 5.047 5.075 5.103 5.129 5.155 5.179 5.203 5.225 5.247 5.268 5.288 5.308 5.327 5.346 5.365 5.384 5.403 5.423 5.444 5.466 5.488 5.512 5.536 5.562 5.589 5.617 5.646 5.676 5.706 5.736 5.766 5.795 5.825 5.853 5.880 5.907 5.932 5.955 5.976 5.996 6.013 6.028 6.041 6.051 6.059 6.065 6.071 6.077 6.083 6.090 6.099 6.109 6.122 6.137 6.154 6.173 6.194 6.217 6.242 6.267 6.294 6.322 6.351 6.381
4.764 4.801 4.836 4.871 4.905 4.939 4.972 5.002 5.032 5.063 5.092 5.120 5.147 5.173 5.198 5.222 5.246 5.268 5.289 5.309 5.329 5.348 5.366 5.384 5.402 5.420 5.438 5.456 5.476 5.496 5.517 5.538 5.562 5.588 5.614 5.642 5.670 5.699 5.728 5.758 5.788 5.817 5.846 5.874 5.902 5.928 5.953 5.976 5.997 6.017 6.034 6.049 6.062 6.072 6.080 6.087 6.094 6.100 6.107 6.114 6.124 6.135 6.148 6.163 6.181 6.201 6.222 6.246 6.270 6.297 6.324 6.352 6.382
4.777 4.813 4.848 4.883 4.918 4.952 4.985 5.016 5.046 5.077 5.107 5.135 5.163 5.190 5.216 5.241 5.265 5.287 5.309 5.330 5.350 5.369 5.387 5.405 5.422 5.439 5.455 5.472 5.489 5.507 5.526 5.545 5.566 5.589 5.613 5.639 5.666 5.693 5.722 5.751 5.780 5.809 5.839 5.867 5.895 5.922 5.948 5.973 5.996 6.017 6.036 6.053 6.068 6.080 6.091 6.100 6.108 6.115 6.122 6.130 6.138 6.148 6.160 6.174 6.190 6.208 6.228 6.250 6.274 6.300 6.326 6.354 6.383
4.789 4.825 4.860 4.895 4.929 4.963 4.997 5.028 5.059 5.090 5.120 5.149 5.178 5.205 5.232 5.257 5.282 5.306 5.328 5.350 5.371 5.390 5.409 5.427 5.444 5.460 5.475 5.491 5.506 5.523 5.538 5.555 5.574 5.594 5.616 5.639 5.664 5.690 5.717 5.745 5.773 5.802 5.831 5.859 5.888 5.915 5.942 5.968 5.992 6.015 6.036 6.055 6.072 6.086 6.098 6.109 6.119 6.128 6.136 6.144 6.152 6.162 6.173 6.185 6.200 6.217 6.235 6.256 6.279 6.303 6.329 6.356 6.385
4.801 4.836 4.871 4.906 4.940 4.974 5.007 5.039 5.070 5.101 5.132 5.161 5.190 5.218 5.246 5.272 5.298 5.322 5.346 5.368 5.390 5.410 5.430 5.448 5.465 5.482 5.497 5.512 5.526 5.541 5.555 5.569 5.585 5.603 5.622 5.643 5.665 5.689 5.714 5.740 5.767 5.795 5.823 5.852 5.880 5.908 5.935 5.961 5.987 6.010 6.033 6.054 6.072 6.088 6.102 6.115 6.127 6.138 6.147 6.156 6.165 6.175 6.185 6.197 6.210 6.226 6.243 6.263 6.284 6.307 6.332 6.359 6.387
4.813 4.848 4.882 4.917 4.951 4.984 5.017 5.049 5.080 5.111 5.142 5.172 5.201 5.230 5.258 5.285 5.311 5.336 5.361 5.385 5.407 5.429 5.449 5.468 5.486 5.503 5.519 5.534 5.548 5.561 5.574 5.587 5.601 5.616 5.632 5.650 5.670 5.691 5.714 5.738 5.764 5.790 5.817 5.845 5.873 5.900 5.927 5.954 5.980 6.004 6.028 6.050 6.070 6.087 6.103 6.118 6.132 6.144 6.156 6.166 6.176 6.186 6.196 6.208 6.221 6.235 6.251 6.270 6.290 6.312 6.336 6.362 6.389
4.825 4.859 4.893 4.927 4.960 4.994 5.026 5.058 5.089 5.120 5.151 5.181 5.211 5.240 5.268 5.295 5.322 5.349 5.374 5.399 5.422 5.445 5.466 5.487 5.506 5.524 5.541 5.556 5.570 5.583 5.595 5.607 5.619 5.632 5.646 5.662 5.678 5.697 5.717 5.739 5.762 5.787 5.813 5.839 5.866 5.893 5.920 5.946 5.972 5.998 6.022 6.045 6.065 6.084 6.102 6.119 6.134 6.148 6.161 6.173 6.184 6.195 6.206 6.218 6.230 6.244 6.260 6.277 6.296 6.317 6.340 6.365 6.391
4.837 4.871 4.904 4.937 4.970 5.003 5.035 5.066 5.097 5.128 5.159 5.189 5.218 5.248 5.276 5.304 5.332 5.359 5.385 5.410 5.435 5.459 5.481 5.503 5.523 5.543 5.560 5.577 5.592 5.606 5.617 5.629 5.640 5.652 5.664 5.677 5.691 5.707 5.724 5.743 5.764 5.787 5.811 5.835 5.861 5.887 5.913 5.939 5.965 5.990 6.014 6.038 6.059 6.079 6.098 6.117 6.134 6.149 6.164 6.177 6.190 6.202 6.214 6.226 6.239 6.252 6.267 6.284 6.302 6.322 6.344 6.368 6.393
4.850 4.883 4.916 4.948 4.980 5.012 5.044 5.074 5.104 5.135 5.165 5.195 5.225 5.254 5.283 5.312 5.339 5.367 5.394 5.420 5.445 5.470 5.494 5.517 5.538 5.559 5.578 5.596 5.612 5.627 5.639 5.651 5.662 5.673 5.684 5.695 5.707 5.720 5.735 5.751 5.770 5.790 5.811 5.834 5.858 5.882 5.907 5.933 5.958 5.983 6.007 6.031 6.053 6.073 6.093 6.113 6.131 6.148 6.164 6.179 6.194 6.207 6.220 6.233 6.246 6.259 6.274 6.290 6.308 6.327 6.348 6.371 6.395
4.864 4.896 4.928 4.959 4.990 5.021 5.052 5.082 5.112 5.142 5.172 5.202 5.231 5.260 5.289 5.317 5.345 5.373 5.400 5.427 5.453 5.479 5.504 5.528 5.551 5.573 5.593 5.613 5.631 5.646 5.659 5.672 5.684 5.695 5.706 5.716 5.726 5.737 5.749 5.763 5.778 5.796 5.815 5.835 5.857 5.880 5.904 5.928 5.952 5.976 6.000 6.024 6.046 6.067 6.088 6.108 6.127 6.145 6.163 6.179 6.195 6.209 6.223 6.237 6.251 6.265 6.280 6.295 6.312 6.331 6.351 6.373 6.397
4.878 4.909 4.940 4.971 5.001 5.031 5.061 5.090 5.119 5.149 5.178 5.207 5.236 5.265 5.294 5.322 5.350 5.378 5.406 5.433 5.460 5.486 5.512 5.536 5.560 5.584 5.605 5.626 5.646 5.662 5.678 5.692 5.705 5.717 5.728 5.737 5.747 5.756 5.767 5.778 5.791 5.805 5.821 5.839 5.859 5.880 5.902 5.924 5.947 5.971 5.994 6.017 6.039 6.060 6.081 6.102 6.122 6.141 6.160 6.177 6.194 6.210 6.225 6.240 6.254 6.269 6.284 6.299 6.316 6.334 6.354 6.375 6.398
4.894 4.924 4.954 4.984 5.013 5.042 5.071 5.099 5.127 5.156 5.185 5.213 5.242 5.270 5.298 5.326 5.354 5.382 5.410 5.437 5.465 5.491 5.517 5.543 5.568 5.592 5.615 5.637 5.658 5.676 5.693 5.709 5.724 5.737 5.748 5.759 5.768 5.777 5.786 5.796 5.806 5.818 5.832 5.847 5.864 5.882 5.902 5.923 5.945 5.967 5.989 6.012 6.033 6.054 6.076 6.097 6.117 6.137 6.156 6.174 6.192 6.209 6.225 6.240 6.256 6.271 6.286 6.302 6.319 6.336 6.356 6.376 6.398
4.910 4.939 4.968 4.997 5.026 5.054 5.081 5.108 5.136 5.164 5.191 5.219 5.247 5.275 5.302 5.330 5.358 5.386 5.413 5.441 5.468 5.495 5.522 5.548 5.573 5.598 5.622 5.645 5.667 5.687 5.706 5.723 5.740 5.754 5.767 5.779 5.789 5.798 5.806 5.815 5.824 5.834 5.845 5.857 5.872 5.888 5.905 5.924 5.944 5.965 5.986 6.008 6.029 6.049 6.070 6.091 6.112 6.132 6.152 6.171 6.189 6.207 6.224 6.240 6.256 6.272 6.288 6.304 6.320 6.338 6.357 6.377 6.398
