version2/TsunamiDB/out54168.asc
ncols          264
nrows          230
xllcorner      497853.4375
yllcorner      4229146.0000
cellsize         5.
NODATA_value   -99
[rows 136 to 169 of 230, columns 154 to 230 of 264]
6.937 6.940 6.943 6.946 6.949 6.952 6.955 6.958 6.962 6.966 6.970 6.974 6.978 6.983 6.988 6.993 6.998 7.003 7.009 7.015 7.021 7.027 7.034 7.041 7.048 7.056 7.064 7.073 7.082 7.090 7.099 7.106 7.112 7.120 7.128 7.135 7.144 7.155 7.169 7.184 7.203 7.225 7.249 7.271 7.295 7.327 7.362 7.399 7.438 7.479 7.524 7.580 7.640 7.675 7.711 7.763 7.811 7.855 7.895 7.931 7.963 7.985 8.000 8.008 8.017 8.028 8.039 8.048 8.056 8.062 8.068 8.076 8.084 8.085 8.086 8.094 8.102
6.944 6.946 6.949 6.952 6.955 6.958 6.961 6.964 6.968 6.971 6.975 6.979 6.983 6.988 6.993 6.998 7.003 7.008 7.013 7.019 7.025 7.031 7.038 7.045 7.052 7.060 7.068 7.076 7.085 7.094 7.101 7.108 7.114 7.122 7.130 7.138 7.147 7.159 7.173 7.190 7.211 7.234 7.260 7.283 7.309 7.343 7.380 7.420 7.461 7.506 7.556 7.614 7.671 7.705 7.740 7.790 7.837 7.879 7.917 7.951 7.979 7.999 8.013 8.021 8.029 8.039 8.048 8.056 8.063 8.069 8.075 8.083 8.090 8.092 8.094 8.102 8.110
6.950 6.952 6.955 6.958 6.961 6.964 6.967 6.970 6.973 6.977 6.980 6.984 6.988 6.993 6.998 7.003 7.008 7.013 7.018 7.024 7.029 7.036 7.042 7.049 7.056 7.064 7.072 7.080 7.088 7.097 7.104 7.111 7.117 7.125 7.133 7.141 7.151 7.163 7.178 7.197 7.219 7.245 7.272 7.297 7.323 7.360 7.400 7.443 7.488 7.536 7.589 7.646 7.700 7.733 7.767 7.815 7.860 7.901 7.937 7.968 7.993 8.012 8.026 8.033 8.040 8.049 8.058 8.065 8.070 8.076 8.083 8.090 8.097 8.099 8.101 8.109 8.118
6.957 6.959 6.962 6.964 6.967 6.970 6.973 6.976 6.979 6.983 6.986 6.990 6.994 6.998 7.003 7.008 7.013 7.018 7.023 7.028 7.034 7.040 7.046 7.053 7.060 7.067 7.075 7.084 7.092 7.100 7.107 7.114 7.120 7.128 7.136 7.145 7.155 7.169 7.185 7.204 7.228 7.256 7.285 7.311 7.339 7.380 7.423 7.469 7.517 7.568 7.622 7.677 7.728 7.759 7.792 7.839 7.882 7.921 7.954 7.983 8.006 8.024 8.037 8.044 8.051 8.059 8.067 8.073 8.078 8.083 8.089 8.096 8.104 8.106 8.108 8.117 8.127
6.963 6.966 6.968 6.971 6.974 6.976 6.979 6.982 6.985 6.989 6.992 6.996 7.000 7.004 7.008 7.013 7.018 7.023 7.028 7.033 7.039 7.045 7.051 7.057 7.064 7.072 7.079 7.087 7.095 7.103 7.110 7.117 7.124 7.132 7.141 7.150 7.161 7.175 7.192 7.213 7.238 7.267 7.300 7.328 7.358 7.401 7.448 7.497 7.548 7.600 7.654 7.706 7.754 7.785 7.816 7.860 7.901 7.938 7.969 7.996 8.019 8.036 8.048 8.055 8.061 8.069 8.076 8.081 8.086 8.090 8.096 8.103 8.110 8.113 8.116 8.125 8.135
6.970 6.973 6.975 6.978 6.980 6.983 6.986 6.989 6.992 6.995 6.998 7.002 7.006 7.010 7.014 7.019 7.023 7.028 7.033 7.038 7.044 7.050 7.055 7.062 7.069 7.076 7.083 7.091 7.099 7.107 7.114 7.121 7.128 7.136 7.146 7.155 7.168 7.183 7.201 7.222 7.248 7.280 7.316 7.346 7.378 7.425 7.475 7.527 7.579 7.631 7.683 7.733 7.779 7.808 7.838 7.880 7.919 7.953 7.984 8.009 8.031 8.047 8.059 8.066 8.072 8.079 8.085 8.089 8.093 8.097 8.102 8.109 8.117 8.120 8.123 8.133 8.143
6.977 6.980 6.982 6.985 6.987 6.990 6.993 6.995 6.998 7.002 7.005 7.008 7.012 7.016 7.020 7.024 7.029 7.033 7.038 7.044 7.049 7.054 7.060 7.066 7.073 7.080 7.087 7.095 7.103 7.111 7.118 7.125 7.133 7.142 7.152 7.162 7.175 7.191 7.209 7.231 7.259 7.294 7.334 7.366 7.401 7.451 7.504 7.557 7.609 7.661 7.712 7.759 7.803 7.831 7.859 7.898 7.935 7.968 7.997 8.022 8.042 8.058 8.070 8.076 8.081 8.088 8.093 8.097 8.100 8.104 8.108 8.115 8.124 8.127 8.131 8.142 8.152
6.985 6.987 6.989 6.992 6.994 6.997 7.000 7.002 7.005 7.008 7.011 7.015 7.018 7.022 7.026 7.030 7.035 7.039 7.044 7.049 7.054 7.059 7.065 7.071 7.077 7.084 7.091 7.098 7.107 7.115 7.123 7.130 7.138 7.147 7.158 7.169 7.183 7.199 7.219 7.242 7.272 7.310 7.354 7.388 7.425 7.479 7.532 7.586 7.638 7.688 7.738 7.783 7.825 7.851 7.878 7.915 7.950 7.982 8.009 8.033 8.053 8.068 8.079 8.085 8.090 8.095 8.100 8.104 8.107 8.110 8.114 8.122 8.132 8.135 8.140 8.151 8.161
6.992 6.994 6.997 6.999 7.002 7.004 7.007 7.009 7.012 7.015 7.018 7.021 7.025 7.028 7.032 7.036 7.041 7.045 7.050 7.054 7.059 7.065 7.070 7.075 7.082 7.088 7.095 7.102 7.111 7.119 7.128 7.136 7.143 7.153 7.164 7.176 7.191 7.209 7.229 7.254 7.286 7.327 7.374 7.411 7.450 7.505 7.560 7.614 7.665 7.715 7.762 7.806 7.846 7.871 7.896 7.932 7.965 7.995 8.021 8.044 8.064 8.079 8.088 8.093 8.098 8.103 8.108 8.111 8.114 8.117 8.121 8.128 8.139 8.144 8.149 8.160 8.171
7.000 7.002 7.004 7.006 7.009 7.011 7.014 7.017 7.019 7.022 7.025 7.028 7.031 7.035 7.039 7.043 7.047 7.051 7.055 7.060 7.065 7.069 7.074 7.080 7.086 7.092 7.099 7.107 7.115 7.124 7.133 7.141 7.149 7.159 7.171 7.183 7.199 7.218 7.241 7.267 7.301 7.345 7.398 7.437 7.477 7.533 7.589 7.642 7.693 7.741 7.787 7.829 7.868 7.891 7.915 7.949 7.980 8.008 8.033 8.056 8.075 8.089 8.097 8.101 8.105 8.110 8.115 8.119 8.122 8.125 8.128 8.136 8.149 8.154 8.159 8.170 8.181
7.007 7.009 7.012 7.014 7.016 7.019 7.021 7.024 7.026 7.029 7.032 7.035 7.038 7.041 7.045 7.049 7.053 7.057 7.061 7.065 7.070 7.074 7.079 7.084 7.090 7.096 7.103 7.111 7.120 7.129 7.138 7.146 7.154 7.165 7.177 7.191 7.208 7.229 7.254 7.283 7.319 7.370 7.428 7.466 7.506 7.563 7.618 7.670 7.720 7.767 7.811 7.852 7.889 7.911 7.934 7.966 7.995 8.022 8.046 8.067 8.086 8.098 8.103 8.108 8.112 8.117 8.122 8.126 8.130 8.133 8.136 8.146 8.161 8.166 8.170 8.181 8.191
7.015 7.017 7.019 7.022 7.024 7.026 7.029 7.031 7.034 7.036 7.039 7.042 7.045 7.048 7.051 7.055 7.059 7.063 7.067 7.071 7.075 7.078 7.083 7.088 7.094 7.100 7.107 7.115 7.124 7.134 7.143 7.151 7.160 7.172 7.185 7.200 7.220 7.243 7.270 7.303 7.346 7.400 7.456 7.494 7.535 7.591 7.646 7.698 7.746 7.792 7.835 7.874 7.909 7.930 7.952 7.982 8.009 8.035 8.057 8.078 8.094 8.104 8.110 8.115 8.119 8.124 8.129 8.134 8.139 8.142 8.148 8.160 8.173 8.177 8.182 8.192 8.201
7.022 7.025 7.027 7.029 7.031 7.034 7.036 7.039 7.041 7.043 7.046 7.049 7.051 7.054 7.058 7.061 7.065 7.069 7.072 7.076 7.079 7.083 7.087 7.092 7.098 7.105 7.112 7.120 7.129 7.138 7.147 7.157 7.167 7.180 7.194 7.212 7.234 7.260 7.291 7.329 7.376 7.430 7.484 7.522 7.562 7.618 7.673 7.724 7.771 7.816 7.857 7.894 7.928 7.949 7.969 7.997 8.024 8.047 8.068 8.086 8.101 8.110 8.118 8.122 8.126 8.132 8.138 8.144 8.149 8.155 8.162 8.173 8.185 8.189 8.194 8.203 8.211
7.030 7.032 7.035 7.037 7.039 7.041 7.044 7.046 7.048 7.051 7.053 7.056 7.058 7.061 7.064 7.068 7.071 7.074 7.077 7.080 7.083 7.087 7.091 7.097 7.103 7.109 7.117 7.125 7.134 7.143 7.152 7.163 7.175 7.190 7.205 7.226 7.252 7.281 7.316 7.357 7.405 7.459 7.512 7.549 7.589 7.645 7.698 7.749 7.796 7.839 7.879 7.915 7.947 7.966 7.986 8.013 8.037 8.059 8.078 8.094 8.107 8.117 8.125 8.130 8.133 8.140 8.147 8.154 8.161 8.168 8.177 8.187 8.198 8.202 8.206 8.214 8.221
7.038 7.040 7.042 7.044 7.047 7.049 7.051 7.053 7.056 7.058 7.061 7.063 7.065 7.068 7.071 7.074 7.077 7.079 7.082 7.084 7.087 7.091 7.095 7.101 7.107 7.114 7.122 7.130 7.139 7.148 7.158 7.170 7.185 7.202 7.220 7.244 7.272 7.306 7.343 7.386 7.435 7.487 7.539 7.576 7.616 7.670 7.723 7.773 7.819 7.861 7.900 7.934 7.965 7.984 8.002 8.027 8.050 8.070 8.087 8.102 8.114 8.124 8.132 8.138 8.142 8.150 8.158 8.166 8.174 8.183 8.192 8.202 8.211 8.214 8.218 8.225 8.231
7.046 7.048 7.050 7.052 7.054 7.057 7.059 7.061 7.063 7.066 7.068 7.070 7.072 7.074 7.077 7.080 7.082 7.084 7.086 7.089 7.091 7.095 7.100 7.105 7.111 7.118 7.126 7.135 7.144 7.153 7.165 7.179 7.197 7.216 7.236 7.264 7.296 7.333 7.371 7.415 7.463 7.514 7.566 7.602 7.641 7.695 7.748 7.797 7.841 7.883 7.920 7.953 7.982 8.000 8.017 8.041 8.062 8.080 8.096 8.109 8.121 8.131 8.141 8.146 8.151 8.160 8.170 8.179 8.188 8.197 8.207 8.216 8.224 8.227 8.230 8.236 8.241
7.054 7.056 7.058 7.060 7.062 7.064 7.066 7.069 7.071 7.073 7.075 7.077 7.079 7.081 7.083 7.085 7.087 7.089 7.091 7.093 7.095 7.099 7.104 7.110 7.116 7.123 7.131 7.139 7.149 7.159 7.172 7.190 7.211 7.232 7.255 7.287 7.322 7.360 7.400 7.443 7.489 7.540 7.592 7.628 7.666 7.720 7.772 7.820 7.863 7.903 7.939 7.971 7.998 8.015 8.032 8.054 8.073 8.090 8.105 8.117 8.128 8.139 8.150 8.156 8.161 8.171 8.182 8.192 8.202 8.212 8.221 8.230 8.237 8.240 8.242 8.247 8.251
7.061 7.063 7.066 7.068 7.070 7.072 7.074 7.076 7.078 7.080 7.082 7.084 7.086 7.087 7.089 7.090 7.092 7.093 7.095 7.097 7.100 7.103 7.108 7.113 7.119 7.127 7.135 7.144 7.154 7.166 7.182 7.202 7.227 7.251 7.276 7.311 7.348 7.387 7.427 7.469 7.515 7.565 7.617 7.653 7.691 7.744 7.794 7.841 7.883 7.922 7.957 7.987 8.013 8.029 8.044 8.065 8.083 8.099 8.113 8.125 8.136 8.147 8.159 8.166 8.172 8.183 8.195 8.205 8.216 8.226 8.235 8.243 8.249 8.251 8.253 8.257 8.261
7.069 7.071 7.073 7.075 7.078 7.080 7.082 7.084 7.086 7.088 7.090 7.091 7.092 7.094 7.095 7.095 7.096 7.097 7.098 7.100 7.103 7.107 7.112 7.117 7.123 7.130 7.139 7.149 7.160 7.174 7.192 7.215 7.243 7.270 7.298 7.334 7.373 7.413 7.453 7.495 7.540 7.589 7.641 7.678 7.715 7.767 7.816 7.861 7.902 7.940 7.973 8.002 8.027 8.042 8.057 8.076 8.093 8.109 8.122 8.133 8.144 8.156 8.169 8.176 8.183 8.195 8.207 8.218 8.229 8.239 8.249 8.256 8.262 8.263 8.264 8.268 8.271
7.077 7.079 7.081 7.083 7.085 7.087 7.089 7.091 7.093 7.095 7.097 7.098 7.099 7.099 7.100 7.100 7.100 7.101 7.102 7.104 7.107 7.111 7.115 7.120 7.126 7.134 7.143 7.155 7.168 7.184 7.204 7.230 7.264 7.293 7.322 7.360 7.401 7.441 7.481 7.522 7.566 7.614 7.669 7.705 7.741 7.791 7.839 7.882 7.921 7.958 7.990 8.018 8.041 8.055 8.068 8.087 8.103 8.118 8.131 8.142 8.153 8.165 8.180 8.188 8.195 8.208 8.220 8.231 8.242 8.253 8.262 8.269 8.274 8.275 8.276 8.279 8.281
7.085 7.087 7.089 7.091 7.093 7.095 7.097 7.099 7.101 7.103 7.104 7.105 7.105 7.105 7.105 7.105 7.105 7.105 7.106 7.108 7.111 7.114 7.118 7.123 7.129 7.138 7.149 7.161 7.177 7.196 7.219 7.252 7.290 7.319 7.348 7.388 7.428 7.468 7.509 7.550 7.592 7.644 7.699 7.733 7.767 7.816 7.861 7.902 7.940 7.975 8.006 8.032 8.052 8.066 8.079 8.097 8.113 8.127 8.140 8.152 8.162 8.176 8.192 8.200 8.207 8.220 8.233 8.245 8.255 8.266 8.275 8.281 8.284 8.285 8.286 8.289 8.291
7.093 7.095 7.097 7.099 7.101 7.103 7.105 7.107 7.109 7.110 7.111 7.111 7.111 7.111 7.111 7.110 7.109 7.109 7.110 7.112 7.114 7.117 7.122 7.127 7.133 7.143 7.156 7.171 7.190 7.213 7.242 7.278 7.316 7.345 7.375 7.415 7.456 7.497 7.537 7.579 7.624 7.676 7.727 7.760 7.793 7.839 7.882 7.921 7.957 7.990 8.019 8.042 8.062 8.076 8.089 8.106 8.122 8.137 8.149 8.162 8.174 8.189 8.204 8.212 8.220 8.233 8.245 8.257 8.268 8.278 8.286 8.292 8.295 8.296 8.297 8.299 8.301
7.100 7.103 7.105 7.107 7.109 7.111 7.112 7.114 7.116 7.118 7.118 7.118 7.118 7.117 7.116 7.115 7.114 7.114 7.114 7.115 7.117 7.121 7.126 7.132 7.138 7.150 7.165 7.184 7.206 7.234 7.267 7.305 7.343 7.372 7.402 7.443 7.484 7.526 7.567 7.611 7.657 7.706 7.754 7.785 7.817 7.860 7.901 7.938 7.972 8.003 8.030 8.053 8.073 8.086 8.099 8.116 8.132 8.146 8.160 8.173 8.187 8.202 8.217 8.224 8.232 8.245 8.258 8.269 8.279 8.289 8.296 8.301 8.305 8.306 8.307 8.309 8.311
7.108 7.110 7.113 7.115 7.116 7.118 7.120 7.122 7.124 7.125 7.126 7.125 7.124 7.123 7.122 7.120 7.119 7.118 7.118 7.118 7.121 7.125 7.131 7.137 7.145 7.159 7.178 7.199 7.226 7.258 7.294 7.333 7.370 7.399 7.430 7.471 7.513 7.556 7.599 7.643 7.689 7.735 7.779 7.809 7.839 7.880 7.918 7.953 7.985 8.014 8.040 8.062 8.082 8.096 8.108 8.125 8.142 8.157 8.171 8.185 8.200 8.214 8.228 8.236 8.244 8.257 8.269 8.280 8.290 8.299 8.305 8.311 8.315 8.316 8.316 8.319 8.321
7.116 7.118 7.121 7.122 7.124 7.126 7.128 7.130 7.131 7.133 7.133 7.132 7.131 7.130 7.128 7.126 7.124 7.123 7.122 7.122 7.124 7.129 7.137 7.145 7.154 7.171 7.193 7.219 7.249 7.283 7.321 7.360 7.398 7.427 7.458 7.500 7.542 7.586 7.630 7.674 7.719 7.762 7.803 7.831 7.860 7.898 7.934 7.967 7.997 8.024 8.049 8.071 8.091 8.105 8.118 8.135 8.152 8.168 8.183 8.198 8.212 8.227 8.240 8.248 8.256 8.268 8.280 8.291 8.300 8.308 8.314 8.320 8.324 8.325 8.326 8.328 8.331
7.124 7.127 7.129 7.131 7.132 7.134 7.136 7.138 7.139 7.140 7.141 7.140 7.138 7.136 7.134 7.131 7.129 7.127 7.126 7.126 7.129 7.135 7.145 7.154 7.165 7.185 7.210 7.240 7.273 7.309 7.348 7.387 7.427 7.456 7.486 7.528 7.572 7.616 7.660 7.704 7.747 7.788 7.826 7.852 7.879 7.915 7.948 7.979 8.008 8.034 8.058 8.080 8.100 8.114 8.127 8.145 8.162 8.179 8.194 8.210 8.224 8.238 8.252 8.259 8.267 8.279 8.290 8.300 8.309 8.317 8.323 8.328 8.333 8.334 8.335 8.338 8.340
7.133 7.135 7.137 7.139 7.141 7.142 7.144 7.146 7.147 7.149 7.149 7.147 7.145 7.143 7.140 7.137 7.134 7.131 7.129 7.130 7.133 7.142 7.154 7.164 7.178 7.202 7.230 7.262 7.298 7.335 7.375 7.415 7.455 7.484 7.514 7.558 7.602 7.646 7.689 7.732 7.773 7.812 7.847 7.872 7.897 7.930 7.961 7.991 8.018 8.043 8.067 8.089 8.109 8.123 8.137 8.155 8.173 8.190 8.206 8.221 8.236 8.250 8.263 8.270 8.278 8.289 8.300 8.309 8.318 8.325 8.332 8.337 8.341 8.343 8.344 8.347 8.350
7.141 7.143 7.145 7.147 7.149 7.151 7.153 7.154 7.156 7.157 7.157 7.155 7.152 7.150 7.147 7.142 7.139 7.136 7.134 7.135 7.140 7.151 7.165 7.177 7.192 7.219 7.250 7.285 7.321 7.360 7.401 7.442 7.482 7.511 7.542 7.585 7.629 7.673 7.715 7.756 7.797 7.833 7.866 7.889 7.913 7.943 7.973 8.001 8.027 8.052 8.075 8.097 8.118 8.132 8.146 8.165 8.183 8.200 8.216 8.232 8.247 8.261 8.273 8.281 8.288 8.299 8.309 8.318 8.326 8.333 8.340 8.345 8.350 8.352 8.353 8.356 8.359
7.150 7.152 7.154 7.156 7.158 7.159 7.161 7.163 7.164 7.165 7.165 7.163 7.160 7.157 7.153 7.148 7.144 7.141 7.139 7.140 7.147 7.159 7.176 7.190 7.207 7.237 7.270 7.307 7.345 7.385 7.426 7.467 7.508 7.538 7.569 7.612 7.656 7.699 7.740 7.780 7.819 7.853 7.884 7.906 7.928 7.956 7.984 8.011 8.037 8.061 8.084 8.106 8.126 8.141 8.155 8.174 8.192 8.210 8.227 8.243 8.258 8.272 8.284 8.291 8.298 8.308 8.318 8.327 8.335 8.342 8.348 8.354 8.358 8.360 8.361 8.365 8.368
7.158 7.161 7.163 7.165 7.166 7.168 7.170 7.172 7.173 7.174 7.174 7.171 7.167 7.164 7.159 7.154 7.149 7.145 7.144 7.147 7.155 7.169 7.190 7.206 7.225 7.256 7.292 7.330 7.370 7.411 7.453 7.495 7.538 7.568 7.598 7.641 7.684 7.726 7.766 7.805 7.842 7.875 7.903 7.923 7.943 7.970 7.997 8.022 8.047 8.070 8.093 8.115 8.136 8.150 8.165 8.184 8.203 8.221 8.238 8.254 8.269 8.283 8.294 8.301 8.308 8.318 8.327 8.336 8.344 8.351 8.357 8.362 8.367 8.369 8.370 8.374 8.377
7.167 7.170 7.172 7.174 7.175 7.177 7.179 7.181 7.182 7.183 7.183 7.180 7.175 7.171 7.166 7.160 7.155 7.151 7.151 7.155 7.165 7.183 7.207 7.223 7.243 7.278 7.315 7.355 7.396 7.439 7.481 7.526 7.569 7.598 7.628 7.670 7.712 7.753 7.792 7.829 7.865 7.894 7.919 7.938 7.958 7.983 8.009 8.033 8.057 8.080 8.103 8.124 8.145 8.160 8.175 8.194 8.213 8.231 8.249 8.265 8.280 8.293 8.304 8.312 8.318 8.328 8.337 8.345 8.353 8.359 8.366 8.371 8.376 8.377 8.379 8.383 8.386
7.176 7.179 7.181 7.183 7.185 7.187 7.188 7.190 7.192 7.192 7.192 7.188 7.183 7.179 7.174 7.167 7.162 7.159 7.160 7.166 7.179 7.201 7.225 7.242 7.263 7.299 7.339 7.381 7.423 7.467 7.512 7.557 7.599 7.628 7.657 7.698 7.739 7.778 7.816 7.851 7.884 7.911 7.935 7.953 7.972 7.997 8.021 8.045 8.068 8.090 8.113 8.134 8.155 8.170 8.185 8.204 8.223 8.242 8.260 8.276 8.291 8.304 8.315 8.322 8.329 8.338 8.346 8.355 8.362 8.369 8.375 8.380 8.384 8.386 8.388 8.392 8.395
7.186 7.188 7.190 7.192 7.194 7.196 7.198 7.200 7.201 7.202 7.201 7.198 7.192 7.188 7.182 7.175 7.171 7.169 7.171 7.179 7.195 7.218 7.243 7.261 7.284 7.322 7.363 7.407 7.451 7.497 7.543 7.588 7.629 7.657 7.685 7.725 7.765 7.803 7.838 7.871 7.901 7.927 7.951 7.969 7.986 8.010 8.033 8.057 8.079 8.101 8.123 8.144 8.165 8.180 8.195 8.214 8.234 8.253 8.270 8.287 8.301 8.314 8.325 8.332 8.339 8.348 8.357 8.364 8.371 8.378 8.384 8.389 8.394 8.396 8.397 8.401 8.405
7.195 7.197 7.199 7.202 7.204 7.206 7.208 7.209 7.211 7.212 7.211 7.207 7.201 7.197 7.192 7.185 7.181 7.180 7.184 7.194 7.212 7.236 7.262 7.281 7.305 7.345 7.389 7.434 7.481 7.527 7.574 7.618 7.658 7.684 7.712 7.751 7.789 7.825 7.859 7.890 7.918 7.943 7.966 7.984 8.001 8.024 8.046 8.069 8.091 8.112 8.134 8.155 8.175 8.190 8.205 8.225 8.245 8.264 8.281 8.297 8.312 8.325 8.336 8.343 8.350 8.359 8.367 8.374 8.381 8.388 8.393 8.398 8.403 8.405 8.407 8.411 8.415
