version2/TsunamiDB/out54050.asc
ncols          264
nrows          230
xllcorner      497853.4375
yllcorner      4229146.0000
cellsize         5.
NODATA_value   -99
[rows 165 to 197 of 230, columns 73 to 145 of 264]
4.462 4.512 4.559 4.603 4.644 4.685 4.724 4.761 4.797 4.833 4.867 4.901 4.934 4.967 5.000 5.032 5.065 5.097 5.130 5.163 5.196 5.230 5.263 5.297 5.330 5.364 5.396 5.429 5.462 5.494 5.527 5.558 5.589 5.619 5.647 5.675 5.701 5.725 5.747 5.768 5.786 5.804 5.819 5.834 5.848 5.862 5.877 5.893 5.911 5.929 5.949 5.971 5.995 6.020 6.046 6.072 6.099 6.125 6.150 6.175 6.198 6.221 6.242 6.262 6.281 6.299 6.316 6.333 6.349 6.366 6.384 6.402 6.420
4.488 4.537 4.584 4.628 4.669 4.709 4.748 4.785 4.820 4.855 4.888 4.921 4.953 4.985 5.017 5.049 5.081 5.112 5.144 5.176 5.209 5.241 5.273 5.306 5.339 5.372 5.404 5.436 5.469 5.502 5.534 5.566 5.597 5.628 5.658 5.686 5.713 5.739 5.763 5.785 5.805 5.823 5.840 5.855 5.869 5.883 5.896 5.910 5.926 5.942 5.959 5.979 6.001 6.025 6.049 6.075 6.101 6.126 6.152 6.177 6.201 6.224 6.246 6.267 6.288 6.307 6.326 6.344 6.362 6.380 6.398 6.417 6.436
4.513 4.562 4.609 4.652 4.694 4.734 4.772 4.808 4.843 4.877 4.910 4.942 4.974 5.005 5.036 5.067 5.097 5.128 5.159 5.190 5.221 5.253 5.284 5.316 5.348 5.381 5.412 5.444 5.476 5.509 5.541 5.573 5.605 5.636 5.666 5.696 5.724 5.751 5.776 5.800 5.821 5.841 5.859 5.876 5.890 5.904 5.917 5.930 5.943 5.957 5.972 5.990 6.010 6.031 6.054 6.078 6.103 6.129 6.154 6.179 6.203 6.227 6.250 6.273 6.294 6.315 6.335 6.354 6.373 6.392 6.412 6.432 6.451
4.537 4.586 4.633 4.677 4.718 4.757 4.795 4.831 4.866 4.900 4.932 4.964 4.995 5.025 5.055 5.085 5.115 5.145 5.175 5.205 5.235 5.265 5.296 5.327 5.358 5.389 5.420 5.451 5.483 5.516 5.548 5.580 5.612 5.643 5.674 5.704 5.733 5.761 5.788 5.813 5.836 5.858 5.877 5.895 5.911 5.925 5.938 5.951 5.963 5.975 5.989 6.004 6.021 6.041 6.062 6.084 6.108 6.132 6.157 6.182 6.206 6.231 6.255 6.278 6.300 6.322 6.343 6.364 6.384 6.404 6.425 6.446 6.466
4.560 4.610 4.656 4.700 4.741 4.781 4.818 4.855 4.889 4.922 4.954 4.986 5.016 5.046 5.075 5.105 5.134 5.162 5.191 5.220 5.249 5.278 5.308 5.338 5.368 5.399 5.429 5.459 5.490 5.522 5.554 5.586 5.618 5.649 5.680 5.711 5.741 5.770 5.797 5.824 5.849 5.872 5.894 5.913 5.930 5.946 5.960 5.972 5.985 5.996 6.007 6.021 6.036 6.053 6.072 6.092 6.114 6.137 6.161 6.186 6.210 6.235 6.259 6.283 6.306 6.329 6.351 6.373 6.394 6.416 6.437 6.459 6.480
4.582 4.631 4.679 4.722 4.763 4.803 4.841 4.877 4.912 4.945 4.977 5.008 5.038 5.068 5.097 5.125 5.153 5.181 5.209 5.237 5.265 5.293 5.321 5.350 5.379 5.408 5.438 5.467 5.498 5.529 5.560 5.592 5.623 5.655 5.686 5.717 5.747 5.777 5.806 5.833 5.860 5.885 5.908 5.929 5.948 5.965 5.980 5.994 6.007 6.017 6.028 6.040 6.054 6.069 6.085 6.104 6.124 6.145 6.168 6.192 6.216 6.240 6.264 6.289 6.313 6.336 6.359 6.382 6.405 6.427 6.449 6.472 6.494
4.602 4.652 4.699 4.743 4.785 4.825 4.863 4.900 4.934 4.968 5.000 5.031 5.061 5.090 5.118 5.146 5.174 5.201 5.228 5.255 5.281 5.308 5.335 5.363 5.391 5.419 5.447 5.476 5.506 5.536 5.567 5.598 5.629 5.660 5.691 5.722 5.753 5.783 5.813 5.841 5.869 5.895 5.920 5.943 5.964 5.983 6.000 6.015 6.028 6.040 6.050 6.062 6.074 6.087 6.102 6.118 6.136 6.156 6.177 6.200 6.223 6.247 6.271 6.295 6.320 6.344 6.368 6.391 6.415 6.438 6.462 6.485 6.508
4.621 4.671 4.719 4.763 4.805 4.846 4.884 4.921 4.956 4.990 5.022 5.053 5.083 5.113 5.141 5.168 5.195 5.222 5.248 5.274 5.299 5.325 5.351 5.377 5.404 5.431 5.458 5.485 5.514 5.544 5.574 5.604 5.635 5.666 5.697 5.728 5.758 5.789 5.819 5.848 5.877 5.904 5.930 5.955 5.977 5.998 6.017 6.034 6.049 6.061 6.073 6.084 6.096 6.108 6.121 6.135 6.152 6.170 6.189 6.210 6.232 6.256 6.280 6.304 6.328 6.353 6.377 6.401 6.426 6.450 6.474 6.498 6.521
4.639 4.689 4.737 4.781 4.824 4.865 4.904 4.942 4.977 5.012 5.044 5.076 5.106 5.136 5.164 5.191 5.218 5.244 5.269 5.294 5.319 5.343 5.368 5.393 5.418 5.444 5.469 5.496 5.524 5.552 5.581 5.611 5.641 5.671 5.702 5.733 5.763 5.794 5.824 5.854 5.883 5.912 5.939 5.965 5.989 6.012 6.033 6.052 6.068 6.082 6.095 6.107 6.119 6.130 6.142 6.155 6.170 6.186 6.204 6.224 6.245 6.267 6.290 6.314 6.338 6.363 6.387 6.412 6.437 6.462 6.486 6.511 6.534
4.655 4.706 4.753 4.798 4.842 4.883 4.923 4.961 4.998 5.033 5.066 5.098 5.129 5.158 5.187 5.214 5.241 5.266 5.291 5.315 5.339 5.363 5.386 5.410 5.434 5.459 5.482 5.508 5.534 5.561 5.589 5.618 5.647 5.677 5.707 5.738 5.768 5.799 5.829 5.859 5.889 5.918 5.946 5.973 5.999 6.024 6.046 6.067 6.085 6.101 6.115 6.129 6.141 6.153 6.165 6.177 6.191 6.206 6.222 6.240 6.259 6.281 6.303 6.326 6.350 6.374 6.399 6.424 6.449 6.474 6.499 6.524 6.548
4.670 4.720 4.768 4.813 4.858 4.900 4.941 4.980 5.017 5.053 5.087 5.120 5.151 5.181 5.210 5.237 5.264 5.289 5.314 5.338 5.361 5.384 5.407 5.429 5.452 5.474 5.497 5.521 5.546 5.572 5.599 5.626 5.654 5.683 5.713 5.743 5.773 5.804 5.834 5.864 5.894 5.924 5.953 5.981 6.008 6.034 6.058 6.081 6.100 6.118 6.134 6.150 6.163 6.176 6.188 6.201 6.213 6.227 6.242 6.259 6.277 6.297 6.318 6.340 6.364 6.388 6.412 6.437 6.462 6.488 6.513 6.538 6.562
4.683 4.733 4.781 4.827 4.872 4.915 4.957 4.996 5.035 5.071 5.106 5.140 5.172 5.203 5.232 5.260 5.287 5.312 5.337 5.361 5.384 5.406 5.428 5.450 5.471 5.492 5.513 5.536 5.560 5.584 5.609 5.635 5.663 5.691 5.719 5.749 5.778 5.808 5.839 5.869 5.899 5.929 5.959 5.988 6.016 6.042 6.068 6.092 6.114 6.133 6.152 6.169 6.184 6.198 6.211 6.224 6.237 6.250 6.264 6.280 6.297 6.316 6.336 6.357 6.380 6.403 6.427 6.452 6.477 6.503 6.528 6.553 6.578
4.694 4.745 4.793 4.839 4.885 4.929 4.971 5.012 5.051 5.089 5.125 5.159 5.192 5.224 5.254 5.282 5.310 5.336 5.360 5.384 5.407 5.429 5.450 5.471 5.492 5.512 5.532 5.553 5.575 5.598 5.621 5.646 5.672 5.699 5.726 5.755 5.784 5.814 5.844 5.874 5.904 5.934 5.964 5.994 6.022 6.050 6.077 6.102 6.125 6.147 6.167 6.186 6.203 6.219 6.233 6.247 6.260 6.273 6.287 6.302 6.319 6.336 6.355 6.376 6.398 6.421 6.444 6.469 6.494 6.519 6.545 6.569 6.594
4.705 4.755 4.803 4.850 4.896 4.941 4.984 5.026 5.066 5.105 5.142 5.177 5.211 5.243 5.274 5.304 5.332 5.358 5.383 5.408 5.431 5.453 5.474 5.494 5.514 5.533 5.552 5.572 5.592 5.613 5.635 5.659 5.683 5.708 5.735 5.762 5.790 5.819 5.849 5.879 5.909 5.939 5.969 5.999 6.028 6.057 6.085 6.111 6.136 6.159 6.181 6.201 6.220 6.237 6.253 6.268 6.283 6.297 6.311 6.326 6.341 6.358 6.377 6.396 6.418 6.440 6.463 6.487 6.512 6.537 6.563 6.587 6.612
4.714 4.764 4.812 4.859 4.906 4.951 4.996 5.038 5.079 5.119 5.157 5.193 5.228 5.261 5.293 5.323 5.352 5.380 5.406 5.431 5.454 5.477 5.498 5.518 5.538 5.556 5.574 5.593 5.611 5.631 5.651 5.673 5.695 5.719 5.744 5.770 5.798 5.826 5.855 5.884 5.914 5.944 5.974 6.004 6.034 6.063 6.092 6.120 6.145 6.169 6.193 6.215 6.235 6.254 6.272 6.289 6.304 6.319 6.334 6.349 6.365 6.381 6.399 6.418 6.439 6.461 6.484 6.507 6.532 6.557 6.582 6.607 6.631
4.723 4.772 4.820 4.868 4.915 4.961 5.006 5.049 5.091 5.131 5.170 5.208 5.243 5.278 5.310 5.342 5.372 5.400 5.427 5.453 5.477 5.500 5.522 5.543 5.562 5.580 5.597 5.615 5.633 5.651 5.669 5.689 5.710 5.732 5.755 5.780 5.806 5.833 5.861 5.890 5.919 5.949 5.979 6.009 6.039 6.069 6.098 6.127 6.154 6.179 6.204 6.227 6.249 6.270 6.289 6.307 6.324 6.340 6.356 6.371 6.387 6.404 6.422 6.441 6.461 6.483 6.505 6.529 6.553 6.578 6.603 6.628 6.652
4.731 4.780 4.828 4.875 4.923 4.969 5.014 5.058 5.101 5.142 5.182 5.220 5.257 5.292 5.326 5.358 5.389 5.419 5.447 5.474 5.499 5.523 5.545 5.567 5.587 5.605 5.622 5.639 5.656 5.673 5.690 5.708 5.726 5.747 5.768 5.791 5.816 5.841 5.868 5.896 5.925 5.955 5.985 6.015 6.045 6.075 6.105 6.134 6.161 6.188 6.213 6.238 6.262 6.284 6.305 6.324 6.342 6.360 6.376 6.393 6.410 6.427 6.445 6.464 6.484 6.505 6.528 6.551 6.575 6.600 6.626 6.650 6.675
4.740 4.788 4.836 4.883 4.930 4.976 5.022 5.066 5.109 5.151 5.191 5.230 5.268 5.304 5.339 5.373 5.405 5.436 5.465 5.493 5.519 5.544 5.568 5.590 5.611 5.629 5.647 5.664 5.680 5.696 5.712 5.728 5.745 5.764 5.783 5.804 5.827 5.851 5.877 5.904 5.932 5.961 5.991 6.020 6.051 6.081 6.111 6.141 6.169 6.196 6.223 6.249 6.273 6.297 6.319 6.339 6.359 6.378 6.395 6.413 6.430 6.448 6.466 6.486 6.506 6.528 6.550 6.574 6.598 6.623 6.649 6.674 6.698
4.749 4.797 4.843 4.890 4.937 4.983 5.028 5.072 5.116 5.158 5.199 5.239 5.277 5.315 5.350 5.385 5.418 5.450 5.481 5.510 5.538 5.564 5.589 5.612 5.634 5.653 5.671 5.689 5.705 5.721 5.736 5.751 5.767 5.783 5.801 5.820 5.840 5.863 5.887 5.913 5.940 5.968 5.997 6.027 6.057 6.087 6.117 6.147 6.176 6.204 6.231 6.258 6.284 6.308 6.331 6.353 6.374 6.394 6.413 6.431 6.450 6.468 6.487 6.507 6.528 6.549 6.572 6.596 6.621 6.646 6.672 6.697 6.722
4.758 4.805 4.851 4.897 4.943 4.988 5.033 5.078 5.121 5.163 5.205 5.245 5.284 5.323 5.359 5.395 5.430 5.463 5.495 5.525 5.554 5.582 5.608 5.633 5.656 5.676 5.695 5.714 5.730 5.746 5.761 5.775 5.790 5.805 5.820 5.837 5.856 5.877 5.899 5.923 5.949 5.976 6.004 6.033 6.063 6.093 6.123 6.154 6.183 6.211 6.239 6.267 6.294 6.319 6.343 6.366 6.388 6.409 6.429 6.448 6.467 6.487 6.506 6.527 6.548 6.570 6.593 6.618 6.643 6.669 6.695 6.721 6.746
4.769 4.815 4.860 4.904 4.949 4.994 5.038 5.082 5.125 5.167 5.209 5.250 5.290 5.329 5.366 5.403 5.438 5.473 5.506 5.538 5.568 5.597 5.625 5.651 5.675 5.698 5.718 5.737 5.755 5.771 5.787 5.801 5.814 5.828 5.842 5.857 5.874 5.893 5.913 5.935 5.959 5.985 6.012 6.041 6.070 6.100 6.130 6.161 6.190 6.219 6.247 6.276 6.303 6.329 6.354 6.378 6.401 6.423 6.444 6.464 6.484 6.504 6.524 6.545 6.566 6.589 6.613 6.638 6.664 6.690 6.717 6.744 6.769
4.780 4.825 4.869 4.912 4.956 5.000 5.043 5.086 5.129 5.171 5.212 5.253 5.293 5.333 5.371 5.408 5.445 5.480 5.514 5.547 5.579 5.610 5.639 5.666 5.693 5.716 5.738 5.759 5.778 5.796 5.812 5.826 5.840 5.853 5.866 5.880 5.895 5.911 5.929 5.949 5.972 5.996 6.022 6.049 6.078 6.107 6.137 6.168 6.197 6.226 6.255 6.284 6.312 6.339 6.365 6.389 6.413 6.435 6.457 6.478 6.499 6.519 6.540 6.561 6.584 6.607 6.631 6.657 6.683 6.710 6.738 6.765 6.792
4.792 4.836 4.878 4.920 4.963 5.006 5.048 5.090 5.132 5.173 5.214 5.255 5.295 5.335 5.374 5.412 5.449 5.485 5.520 5.555 5.588 5.619 5.650 5.679 5.707 5.732 5.756 5.779 5.800 5.819 5.836 5.851 5.866 5.879 5.891 5.904 5.917 5.932 5.948 5.966 5.987 6.009 6.033 6.059 6.087 6.116 6.145 6.175 6.204 6.233 6.263 6.292 6.320 6.348 6.374 6.399 6.424 6.447 6.469 6.491 6.512 6.533 6.555 6.577 6.599 6.623 6.648 6.674 6.701 6.729 6.757 6.785 6.813
4.805 4.848 4.889 4.930 4.971 5.012 5.053 5.094 5.135 5.176 5.216 5.256 5.296 5.336 5.375 5.413 5.451 5.488 5.524 5.559 5.593 5.626 5.658 5.689 5.718 5.745 5.771 5.795 5.818 5.839 5.858 5.875 5.890 5.904 5.917 5.929 5.942 5.955 5.969 5.985 6.004 6.024 6.047 6.071 6.097 6.125 6.154 6.183 6.212 6.241 6.271 6.300 6.328 6.356 6.383 6.409 6.434 6.458 6.481 6.503 6.525 6.546 6.568 6.590 6.613 6.637 6.663 6.689 6.717 6.745 6.775 6.803 6.832
4.819 4.860 4.900 4.939 4.980 5.020 5.059 5.099 5.139 5.178 5.218 5.257 5.297 5.336 5.374 5.413 5.451 5.488 5.525 5.561 5.596 5.630 5.663 5.696 5.726 5.755 5.782 5.809 5.834 5.857 5.877 5.896 5.913 5.929 5.942 5.955 5.967 5.980 5.993 6.007 6.023 6.042 6.062 6.085 6.109 6.136 6.163 6.192 6.220 6.249 6.278 6.308 6.336 6.364 6.391 6.418 6.443 6.467 6.491 6.514 6.536 6.558 6.580 6.603 6.626 6.651 6.676 6.703 6.731 6.760 6.790 6.819 6.849
4.833 4.873 4.912 4.950 4.989 5.028 5.066 5.105 5.143 5.182 5.220 5.258 5.297 5.335 5.373 5.411 5.449 5.486 5.524 5.560 5.596 5.631 5.666 5.699 5.731 5.761 5.791 5.819 5.846 5.871 5.894 5.915 5.934 5.951 5.966 5.980 5.993 6.005 6.017 6.030 6.045 6.061 6.080 6.100 6.123 6.148 6.174 6.202 6.229 6.257 6.286 6.315 6.344 6.372 6.399 6.426 6.452 6.476 6.500 6.524 6.546 6.569 6.592 6.614 6.638 6.663 6.688 6.715 6.744 6.773 6.803 6.834 6.864
4.848 4.887 4.924 4.962 5.000 5.037 5.075 5.112 5.149 5.186 5.223 5.260 5.297 5.335 5.372 5.409 5.446 5.484 5.521 5.557 5.594 5.630 5.665 5.699 5.733 5.764 5.795 5.825 5.854 5.881 5.906 5.930 5.951 5.970 5.988 6.003 6.017 6.030 6.042 6.055 6.068 6.083 6.100 6.118 6.139 6.162 6.187 6.212 6.238 6.266 6.294 6.323 6.351 6.379 6.407 6.433 6.459 6.485 6.509 6.533 6.556 6.579 6.602 6.625 6.649 6.674 6.699 6.727 6.755 6.785 6.816 6.846 6.878
4.863 4.900 4.937 4.974 5.011 5.048 5.084 5.120 5.156 5.191 5.227 5.263 5.299 5.335 5.371 5.407 5.443 5.480 5.516 5.553 5.589 5.626 5.661 5.697 5.731 5.763 5.796 5.828 5.858 5.887 5.915 5.941 5.964 5.986 6.006 6.023 6.039 6.054 6.067 6.079 6.092 6.106 6.121 6.138 6.157 6.178 6.200 6.224 6.248 6.275 6.303 6.330 6.358 6.386 6.414 6.440 6.467 6.492 6.517 6.541 6.565 6.589 6.612 6.635 6.659 6.684 6.710 6.737 6.766 6.796 6.827 6.858 6.890
4.878 4.915 4.951 4.988 5.023 5.059 5.094 5.129 5.164 5.198 5.232 5.267 5.301 5.336 5.370 5.405 5.440 5.476 5.512 5.548 5.584 5.620 5.656 5.691 5.726 5.760 5.794 5.827 5.859 5.890 5.919 5.947 5.974 5.998 6.020 6.040 6.058 6.075 6.089 6.103 6.116 6.129 6.143 6.159 6.176 6.195 6.215 6.237 6.260 6.285 6.311 6.338 6.366 6.393 6.420 6.447 6.473 6.499 6.525 6.549 6.574 6.597 6.621 6.645 6.669 6.694 6.720 6.747 6.776 6.806 6.836 6.868 6.901
4.894 4.930 4.966 5.001 5.036 5.071 5.105 5.139 5.173 5.206 5.239 5.272 5.305 5.338 5.371 5.405 5.438 5.472 5.507 5.542 5.577 5.613 5.648 5.684 5.719 5.753 5.788 5.822 5.856 5.888 5.920 5.950 5.979 6.005 6.030 6.053 6.074 6.092 6.109 6.124 6.138 6.152 6.166 6.180 6.195 6.213 6.231 6.251 6.272 6.296 6.321 6.346 6.373 6.400 6.426 6.453 6.480 6.506 6.531 6.557 6.582 6.606 6.630 6.654 6.679 6.703 6.729 6.756 6.785 6.815 6.845 6.877 6.911
4.910 4.946 4.980 5.015 5.050 5.084 5.117 5.150 5.183 5.215 5.247 5.279 5.310 5.342 5.373 5.405 5.437 5.470 5.503 5.536 5.570 5.605 5.640 5.675 5.710 5.744 5.779 5.815 5.849 5.883 5.916 5.948 5.979 6.008 6.036 6.061 6.084 6.106 6.125 6.142 6.158 6.172 6.186 6.200 6.215 6.231 6.248 6.266 6.285 6.307 6.330 6.355 6.380 6.406 6.432 6.459 6.485 6.512 6.538 6.564 6.589 6.614 6.639 6.663 6.688 6.713 6.738 6.765 6.793 6.823 6.853 6.885 6.918
4.926 4.961 4.995 5.030 5.064 5.097 5.130 5.162 5.194 5.225 5.256 5.287 5.317 5.347 5.377 5.408 5.438 5.469 5.500 5.532 5.564 5.598 5.631 5.666 5.699 5.734 5.769 5.804 5.840 5.875 5.909 5.943 5.975 6.006 6.036 6.064 6.090 6.114 6.136 6.156 6.173 6.189 6.205 6.219 6.233 6.248 6.264 6.281 6.298 6.318 6.340 6.363 6.387 6.412 6.438 6.464 6.491 6.517 6.544 6.570 6.596 6.622 6.647 6.671 6.696 6.721 6.747 6.773 6.801 6.830 6.860 6.891 6.925
4.943 4.977 5.011 5.045 5.078 5.111 5.143 5.175 5.206 5.236 5.266 5.296 5.325 5.354 5.383 5.412 5.441 5.470 5.499 5.529 5.560 5.591 5.623 5.656 5.689 5.722 5.757 5.792 5.828 5.863 5.898 5.933 5.967 6.000 6.032 6.062 6.091 6.117 6.142 6.164 6.184 6.202 6.219 6.234 6.249 6.264 6.279 6.294 6.310 6.329 6.349 6.370 6.393 6.418 6.443 6.469 6.495 6.522 6.549 6.576 6.602 6.628 6.654 6.679 6.704 6.729 6.754 6.780 6.807 6.836 6.866 6.896 6.930
