version2/TsunamiDB/out54073.asc
ncols          264
nrows          230
xllcorner      497853.4375
yllcorner      4229146.0000
cellsize         5.
NODATA_value   -99
[rows 165 to 197 of 230, columns 0 to 75 of 264]
-99.000 -99.000 -99.000 -99.000 -99.000 -99.000 -99.000 1.650 1.662 1.735 1.905 2.155 2.449 2.747 3.020 3.253 3.441 3.592 3.713 3.812 3.897 3.972 4.039 4.101 4.158 4.212 4.263 4.311 4.357 4.401 4.443 4.484 4.524 4.562 4.600 4.637 4.674 4.709 4.744 4.778 4.812 4.846 4.879 4.911 4.943 4.975 5.006 5.036 5.066 5.096 5.125 5.154 5.183 5.210 5.237 5.264 5.291 5.317 5.343 5.368 5.394 5.418 5.442 5.466 5.489 5.512 5.534 5.556 5.577 5.598 5.618 5.638 5.657 5.676 5.695 5.713
-99.000 -99.000 -99.000 -99.000 -99.000 -99.000 -99.000 1.652 1.682 1.797 2.006 2.280 2.580 2.870 3.127 3.340 3.511 3.648 3.760 3.853 3.934 4.006 4.071 4.131 4.187 4.240 4.290 4.337 4.383 4.426 4.467 4.507 4.546 4.584 4.622 4.658 4.693 4.728 4.762 4.796 4.829 4.862 4.894 4.926 4.957 4.988 5.018 5.049 5.078 5.108 5.136 5.165 5.193 5.220 5.247 5.274 5.300 5.327 5.352 5.378 5.403 5.428 5.452 5.476 5.499 5.522 5.545 5.567 5.588 5.609 5.630 5.650 5.669 5.688 5.707 5.725
-99.000 -99.000 -99.000 -99.000 -99.000 -99.000 1.650 1.658 1.720 1.878 2.120 2.410 2.710 2.987 3.225 3.420 3.575 3.700 3.804 3.892 3.969 4.038 4.102 4.160 4.216 4.268 4.317 4.363 4.408 4.451 4.491 4.531 4.569 4.607 4.643 4.679 4.714 4.748 4.781 4.814 4.846 4.878 4.910 4.941 4.972 5.002 5.032 5.061 5.091 5.119 5.148 5.176 5.204 5.230 5.257 5.283 5.310 5.336 5.361 5.387 5.412 5.437 5.461 5.485 5.508 5.531 5.554 5.577 5.598 5.620 5.641 5.661 5.681 5.700 5.719 5.737
-99.000 -99.000 -99.000 -99.000 -99.000 -99.000 1.651 1.675 1.778 1.977 2.245 2.543 2.836 3.098 3.316 3.492 3.634 3.749 3.845 3.928 4.003 4.070 4.132 4.190 4.244 4.295 4.344 4.390 4.434 4.476 4.516 4.554 4.592 4.629 4.665 4.700 4.734 4.768 4.800 4.833 4.864 4.896 4.926 4.957 4.987 5.016 5.046 5.075 5.103 5.131 5.159 5.187 5.214 5.240 5.266 5.293 5.319 5.345 5.370 5.395 5.420 5.445 5.469 5.493 5.517 5.540 5.563 5.586 5.608 5.630 5.651 5.672 5.692 5.711 5.731 5.749
-99.000 -99.000 -99.000 -99.000 -99.000 1.651 1.656 1.709 1.856 2.090 2.376 2.676 2.957 3.200 3.399 3.558 3.687 3.793 3.884 3.964 4.035 4.101 4.161 4.218 4.272 4.322 4.370 4.416 4.459 4.501 4.540 4.578 4.616 4.652 4.687 4.722 4.755 4.788 4.820 4.852 4.883 4.914 4.944 4.973 5.003 5.032 5.060 5.088 5.116 5.144 5.171 5.198 5.225 5.251 5.276 5.302 5.328 5.353 5.379 5.404 5.428 5.453 5.477 5.501 5.525 5.548 5.571 5.594 5.617 5.639 5.660 5.681 5.702 5.722 5.742 5.761
-99.000 -99.000 -99.000 -99.000 -99.000 1.652 1.670 1.763 1.953 2.215 2.512 2.806 3.071 3.293 3.474 3.618 3.736 3.835 3.921 3.997 4.067 4.131 4.190 4.246 4.299 4.349 4.396 4.442 4.485 4.525 4.564 4.602 4.639 4.675 4.710 4.744 4.777 4.809 4.841 4.872 4.902 4.932 4.962 4.991 5.019 5.048 5.075 5.103 5.130 5.157 5.184 5.210 5.236 5.261 5.286 5.312 5.337 5.362 5.387 5.412 5.436 5.461 5.485 5.509 5.532 5.556 5.579 5.602 5.625 5.647 5.669 5.690 5.711 5.732 5.752 5.771
-99.000 -99.000 -99.000 -99.000 1.651 1.655 1.700 1.838 2.066 2.348 2.648 2.931 3.176 3.379 3.541 3.673 3.781 3.874 3.956 4.029 4.097 4.159 4.218 4.273 4.326 4.375 4.422 4.467 4.510 4.550 4.588 4.626 4.663 4.698 4.732 4.766 4.798 4.830 4.861 4.892 4.922 4.951 4.980 5.009 5.037 5.064 5.092 5.118 5.145 5.171 5.197 5.223 5.248 5.273 5.297 5.322 5.347 5.371 5.396 5.420 5.444 5.468 5.492 5.516 5.539 5.563 5.586 5.609 5.632 5.654 5.677 5.698 5.720 5.741 5.761 5.781
-99.000 -99.000 -99.000 -99.000 1.652 1.667 1.751 1.934 2.191 2.486 2.781 3.048 3.273 3.455 3.602 3.722 3.823 3.910 3.988 4.060 4.126 4.187 4.245 4.300 4.352 4.401 4.447 4.492 4.534 4.574 4.612 4.650 4.686 4.721 4.755 4.788 4.820 4.852 4.882 4.913 4.942 4.971 4.999 5.027 5.055 5.082 5.108 5.135 5.161 5.186 5.212 5.237 5.261 5.285 5.308 5.333 5.357 5.381 5.405 5.428 5.452 5.476 5.499 5.523 5.546 5.569 5.592 5.616 5.638 5.661 5.684 5.706 5.728 5.749 5.770 5.790
-99.000 -99.000 -99.000 1.651 1.655 1.695 1.825 2.046 2.326 2.625 2.908 3.156 3.360 3.524 3.657 3.767 3.861 3.944 4.019 4.089 4.153 4.214 4.271 4.325 4.377 4.425 4.471 4.516 4.558 4.597 4.635 4.673 4.709 4.744 4.777 4.810 4.842 4.873 4.904 4.933 4.962 4.991 5.019 5.046 5.073 5.100 5.126 5.152 5.177 5.202 5.227 5.251 5.275 5.297 5.321 5.344 5.368 5.391 5.414 5.437 5.460 5.484 5.507 5.530 5.553 5.576 5.599 5.622 5.645 5.667 5.690 5.712 5.734 5.756 5.777 5.798
-99.000 -99.000 -99.000 1.651 1.665 1.744 1.919 2.172 2.466 2.760 3.028 3.254 3.438 3.586 3.707 3.808 3.897 3.976 4.049 4.116 4.180 4.239 4.296 4.350 4.401 4.449 4.495 4.539 4.581 4.620 4.658 4.695 4.731 4.766 4.799 4.832 4.864 4.895 4.925 4.954 4.983 5.011 5.039 5.066 5.092 5.118 5.144 5.169 5.194 5.219 5.243 5.267 5.289 5.311 5.334 5.357 5.380 5.402 5.425 5.447 5.470 5.492 5.514 5.537 5.560 5.582 5.605 5.628 5.650 5.673 5.696 5.718 5.740 5.762 5.784 5.805
-99.000 -99.000 1.651 1.654 1.690 1.815 2.031 2.308 2.606 2.890 3.138 3.343 3.508 3.641 3.752 3.846 3.930 4.006 4.077 4.143 4.205 4.264 4.320 4.373 4.424 4.472 4.518 4.561 4.603 4.643 4.680 4.717 4.753 4.788 4.821 4.853 4.885 4.916 4.946 4.975 5.003 5.031 5.059 5.085 5.112 5.137 5.163 5.188 5.212 5.236 5.260 5.283 5.305 5.327 5.349 5.371 5.393 5.415 5.436 5.458 5.480 5.501 5.523 5.545 5.567 5.589 5.611 5.634 5.656 5.679 5.701 5.723 5.746 5.768 5.790 5.811
-99.000 -99.000 1.651 1.663 1.737 1.909 2.158 2.449 2.743 3.011 3.238 3.422 3.570 3.691 3.793 3.881 3.961 4.034 4.103 4.167 4.229 4.287 4.342 4.395 4.445 4.493 4.539 4.583 4.625 4.664 4.702 4.739 4.774 4.809 4.842 4.874 4.906 4.936 4.966 4.995 5.024 5.051 5.078 5.105 5.131 5.157 5.182 5.206 5.230 5.254 5.277 5.300 5.322 5.343 5.364 5.386 5.407 5.428 5.449 5.470 5.491 5.512 5.533 5.554 5.575 5.597 5.618 5.640 5.662 5.684 5.706 5.729 5.751 5.773 5.795 5.816
-99.000 1.651 1.653 1.687 1.807 2.020 2.294 2.590 2.874 3.123 3.328 3.493 3.626 3.736 3.830 3.914 3.990 4.061 4.128 4.191 4.251 4.309 4.364 4.416 4.466 4.514 4.560 4.603 4.645 4.684 4.722 4.759 4.795 4.829 4.862 4.895 4.926 4.956 4.986 5.015 5.043 5.071 5.098 5.124 5.150 5.176 5.201 5.225 5.249 5.272 5.295 5.318 5.339 5.360 5.381 5.402 5.423 5.443 5.463 5.484 5.504 5.524 5.544 5.564 5.585 5.605 5.626 5.647 5.669 5.690 5.712 5.734 5.756 5.778 5.800 5.821
-99.000 1.651 1.662 1.732 1.899 2.146 2.435 2.729 2.997 3.224 3.408 3.556 3.676 3.777 3.865 3.944 4.017 4.086 4.151 4.213 4.272 4.329 4.384 4.436 4.486 4.533 4.579 4.623 4.665 4.704 4.742 4.779 4.814 4.849 4.882 4.914 4.945 4.976 5.006 5.034 5.063 5.090 5.117 5.144 5.169 5.195 5.219 5.244 5.267 5.291 5.314 5.336 5.357 5.378 5.398 5.419 5.439 5.459 5.479 5.499 5.518 5.537 5.557 5.576 5.596 5.615 5.635 5.656 5.676 5.697 5.718 5.739 5.761 5.782 5.804 5.825
1.651 1.653 1.684 1.800 2.010 2.282 2.577 2.861 3.110 3.315 3.479 3.612 3.721 3.814 3.897 3.973 4.043 4.110 4.173 4.234 4.292 4.348 4.402 4.454 4.504 4.551 4.597 4.641 4.683 4.722 4.760 4.797 4.833 4.867 4.901 4.933 4.964 4.995 5.024 5.053 5.081 5.109 5.136 5.162 5.188 5.213 5.238 5.262 5.286 5.309 5.332 5.354 5.375 5.396 5.416 5.437 5.457 5.477 5.496 5.515 5.534 5.552 5.571 5.590 5.608 5.627 5.646 5.665 5.685 5.705 5.725 5.745 5.766 5.787 5.809 5.829
1.651 1.661 1.727 1.891 2.135 2.423 2.716 2.984 3.211 3.395 3.543 3.662 3.762 3.849 3.927 3.999 4.067 4.132 4.194 4.254 4.311 4.367 4.420 4.471 4.521 4.568 4.614 4.658 4.700 4.739 4.777 4.814 4.850 4.885 4.918 4.951 4.982 5.012 5.042 5.071 5.099 5.127 5.154 5.180 5.206 5.231 5.256 5.280 5.304 5.327 5.350 5.372 5.394 5.414 5.435 5.455 5.475 5.495 5.514 5.533 5.551 5.569 5.587 5.605 5.623 5.640 5.658 5.676 5.695 5.714 5.733 5.752 5.772 5.793 5.814 5.834
1.653 1.682 1.794 2.000 2.270 2.565 2.848 3.097 3.303 3.467 3.599 3.708 3.800 3.881 3.956 4.025 4.090 4.153 4.214 4.272 4.329 4.384 4.436 4.487 4.537 4.584 4.630 4.674 4.716 4.755 4.793 4.831 4.867 4.901 4.935 4.967 4.999 5.029 5.059 5.088 5.116 5.144 5.171 5.197 5.223 5.248 5.273 5.297 5.321 5.344 5.368 5.390 5.411 5.432 5.453 5.474 5.494 5.513 5.532 5.551 5.569 5.587 5.604 5.622 5.639 5.656 5.673 5.690 5.707 5.725 5.743 5.761 5.780 5.799 5.819 5.839
1.660 1.723 1.882 2.123 2.410 2.704 2.972 3.200 3.384 3.531 3.650 3.749 3.835 3.912 3.982 4.049 4.113 4.174 4.233 4.290 4.346 4.400 4.452 4.502 4.551 4.599 4.644 4.688 4.730 4.770 4.808 4.846 4.882 4.917 4.951 4.983 5.015 5.045 5.075 5.104 5.132 5.160 5.187 5.213 5.239 5.264 5.289 5.314 5.338 5.361 5.384 5.407 5.429 5.450 5.471 5.492 5.512 5.532 5.551 5.570 5.588 5.606 5.623 5.640 5.656 5.673 5.689 5.705 5.721 5.738 5.754 5.772 5.789 5.808 5.826 5.845
1.679 1.786 1.989 2.257 2.551 2.836 3.085 3.291 3.456 3.588 3.696 3.787 3.867 3.940 4.008 4.072 4.134 4.193 4.251 4.307 4.362 4.415 4.466 4.516 4.565 4.612 4.657 4.701 4.744 4.784 4.822 4.860 4.896 4.931 4.965 4.998 5.030 5.060 5.090 5.119 5.147 5.175 5.202 5.229 5.254 5.280 5.305 5.329 5.353 5.377 5.401 5.424 5.445 5.467 5.488 5.509 5.530 5.550 5.570 5.589 5.607 5.625 5.643 5.659 5.676 5.691 5.707 5.722 5.738 5.753 5.769 5.784 5.801 5.818 5.835 5.852
1.717 1.872 2.110 2.395 2.689 2.958 3.187 3.373 3.521 3.640 3.738 3.823 3.898 3.968 4.033 4.095 4.155 4.212 4.268 4.323 4.377 4.429 4.480 4.529 4.578 4.624 4.670 4.713 4.756 4.796 4.835 4.873 4.909 4.945 4.979 5.011 5.043 5.074 5.104 5.133 5.162 5.189 5.216 5.243 5.269 5.294 5.319 5.344 5.368 5.392 5.416 5.439 5.461 5.483 5.505 5.526 5.548 5.568 5.588 5.608 5.627 5.645 5.662 5.679 5.696 5.711 5.726 5.741 5.756 5.770 5.785 5.800 5.815 5.830 5.846 5.862
1.778 1.976 2.241 2.535 2.820 3.071 3.280 3.446 3.579 3.686 3.777 3.856 3.928 3.994 4.057 4.117 4.175 4.231 4.285 4.339 4.391 4.442 4.493 4.541 4.589 4.636 4.681 4.725 4.767 4.807 4.846 4.884 4.921 4.957 4.991 5.024 5.056 5.087 5.117 5.146 5.175 5.203 5.230 5.256 5.282 5.308 5.333 5.358 5.382 5.406 5.430 5.454 5.476 5.498 5.520 5.543 5.564 5.585 5.606 5.626 5.645 5.664 5.682 5.699 5.716 5.732 5.747 5.762 5.776 5.790 5.803 5.817 5.831 5.845 5.860 5.874
1.860 2.094 2.377 2.671 2.943 3.174 3.362 3.511 3.631 3.729 3.813 3.888 3.956 4.020 4.080 4.138 4.194 4.249 4.302 4.354 4.405 4.456 4.505 4.553 4.600 4.646 4.691 4.735 4.777 4.817 4.856 4.895 4.932 4.968 5.002 5.035 5.068 5.099 5.129 5.158 5.187 5.215 5.242 5.269 5.295 5.320 5.346 5.371 5.395 5.420 5.444 5.467 5.490 5.512 5.535 5.558 5.580 5.601 5.623 5.643 5.663 5.682 5.701 5.719 5.736 5.752 5.768 5.783 5.797 5.810 5.824 5.836 5.849 5.862 5.876 5.888
1.960 2.222 2.515 2.802 3.057 3.267 3.436 3.570 3.678 3.769 3.847 3.918 3.983 4.044 4.103 4.159 4.213 4.266 4.318 4.369 4.419 4.468 4.517 4.564 4.610 4.656 4.701 4.744 4.786 4.826 4.865 4.904 4.941 4.977 5.012 5.046 5.078 5.110 5.140 5.169 5.198 5.226 5.253 5.280 5.306 5.332 5.358 5.383 5.408 5.432 5.456 5.480 5.503 5.526 5.549 5.572 5.594 5.616 5.638 5.659 5.680 5.700 5.719 5.737 5.755 5.772 5.788 5.804 5.818 5.832 5.845 5.858 5.870 5.882 5.894 5.906
2.074 2.355 2.650 2.924 3.160 3.350 3.502 3.623 3.722 3.806 3.880 3.947 4.009 4.069 4.125 4.180 4.233 4.284 4.335 4.384 4.433 4.481 4.528 4.575 4.620 4.665 4.709 4.753 4.794 4.834 4.874 4.912 4.950 4.986 5.021 5.055 5.088 5.119 5.150 5.180 5.208 5.237 5.264 5.291 5.317 5.343 5.369 5.394 5.419 5.444 5.468 5.492 5.516 5.539 5.562 5.585 5.608 5.630 5.652 5.674 5.695 5.716 5.736 5.755 5.773 5.791 5.808 5.824 5.839 5.853 5.867 5.880 5.892 5.903 5.915 5.925
2.199 2.491 2.780 3.038 3.253 3.425 3.561 3.671 3.762 3.841 3.911 3.975 4.035 4.092 4.147 4.200 4.252 4.302 4.351 4.399 4.447 4.493 4.540 4.585 4.630 4.674 4.718 4.760 4.801 4.841 4.881 4.920 4.957 4.994 5.029 5.063 5.096 5.128 5.159 5.189 5.218 5.246 5.274 5.301 5.327 5.353 5.379 5.405 5.430 5.455 5.480 5.504 5.527 5.550 5.574 5.597 5.621 5.643 5.666 5.688 5.709 5.731 5.751 5.771 5.790 5.809 5.827 5.843 5.859 5.874 5.889 5.902 5.914 5.926 5.937 5.947
2.329 2.624 2.902 3.142 3.337 3.492 3.615 3.715 3.800 3.874 3.941 4.002 4.061 4.116 4.169 4.221 4.271 4.319 4.367 4.414 4.460 4.506 4.551 4.596 4.640 4.683 4.726 4.768 4.808 4.848 4.888 4.926 4.964 5.000 5.036 5.070 5.103 5.136 5.167 5.197 5.226 5.255 5.283 5.310 5.337 5.363 5.389 5.415 5.440 5.465 5.491 5.514 5.537 5.561 5.585 5.609 5.632 5.655 5.678 5.701 5.723 5.744 5.765 5.786 5.806 5.825 5.844 5.862 5.878 5.894 5.909 5.924 5.937 5.949 5.960 5.969
2.462 2.753 3.016 3.236 3.413 3.552 3.664 3.756 3.836 3.906 3.970 4.029 4.085 4.139 4.191 4.241 4.290 4.337 4.384 4.430 4.475 4.519 4.563 4.606 4.649 4.692 4.734 4.775 4.815 4.854 4.894 4.932 4.970 5.006 5.042 5.076 5.110 5.142 5.174 5.204 5.234 5.263 5.291 5.318 5.345 5.372 5.398 5.424 5.450 5.475 5.500 5.524 5.548 5.572 5.596 5.620 5.643 5.667 5.690 5.712 5.735 5.757 5.778 5.800 5.820 5.840 5.860 5.878 5.896 5.913 5.929 5.944 5.958 5.971 5.983 5.993
2.594 2.876 3.121 3.322 3.481 3.607 3.709 3.795 3.870 3.937 3.998 4.056 4.110 4.162 4.213 4.262 4.309 4.355 4.401 4.445 4.489 4.532 4.575 4.617 4.659 4.701 4.742 4.782 4.822 4.860 4.899 4.937 4.975 5.011 5.047 5.082 5.115 5.148 5.180 5.211 5.241 5.270 5.298 5.326 5.353 5.380 5.407 5.433 5.459 5.484 5.510 5.534 5.557 5.582 5.606 5.630 5.653 5.677 5.700 5.723 5.746 5.768 5.790 5.812 5.833 5.854 5.874 5.893 5.912 5.930 5.947 5.963 5.979 5.993 6.005 6.015
2.722 2.990 3.216 3.399 3.543 3.658 3.752 3.832 3.903 3.967 4.026 4.082 4.135 4.185 4.235 4.282 4.328 4.374 4.418 4.461 4.504 4.546 4.588 4.629 4.670 4.710 4.750 4.790 4.828 4.866 4.905 4.943 4.980 5.016 5.052 5.087 5.120 5.153 5.185 5.216 5.247 5.276 5.305 5.333 5.361 5.388 5.414 5.441 5.467 5.493 5.518 5.542 5.566 5.591 5.615 5.639 5.663 5.687 5.710 5.733 5.756 5.779 5.801 5.823 5.845 5.866 5.887 5.907 5.927 5.945 5.964 5.981 5.997 6.012 6.025 6.037
2.845 3.096 3.303 3.469 3.600 3.704 3.791 3.867 3.934 3.996 4.053 4.107 4.159 4.209 4.256 4.303 4.348 4.392 4.435 4.478 4.519 4.560 4.601 4.641 4.681 4.720 4.759 4.798 4.836 4.873 4.911 4.948 4.985 5.021 5.056 5.091 5.125 5.158 5.190 5.221 5.252 5.282 5.311 5.339 5.367 5.395 5.422 5.448 5.475 5.501 5.526 5.551 5.575 5.599 5.624 5.648 5.672 5.696 5.719 5.742 5.766 5.788 5.811 5.833 5.856 5.877 5.898 5.919 5.940 5.959 5.978 5.996 6.014 6.030 6.044 6.057
2.960 3.193 3.382 3.532 3.651 3.748 3.829 3.901 3.965 4.025 4.080 4.133 4.183 4.232 4.278 4.324 4.368 4.411 4.453 4.495 4.535 4.575 4.615 4.654 4.692 4.731 4.769 4.807 4.843 4.880 4.917 4.953 4.989 5.025 5.060 5.095 5.129 5.162 5.194 5.226 5.257 5.287 5.316 5.345 5.374 5.401 5.429 5.456 5.482 5.508 5.534 5.559 5.583 5.607 5.632 5.656 5.680 5.704 5.728 5.751 5.774 5.798 5.820 5.843 5.865 5.887 5.909 5.930 5.951 5.971 5.991 6.010 6.029 6.046 6.062 6.076
3.067 3.282 3.454 3.590 3.699 3.789 3.865 3.934 3.996 4.053 4.107 4.158 4.207 4.255 4.301 4.345 4.388 4.430 4.471 4.512 4.551 4.591 4.629 4.667 4.705 4.742 4.779 4.816 4.852 4.887 4.923 4.959 4.995 5.030 5.065 5.099 5.133 5.166 5.198 5.230 5.261 5.292 5.321 5.351 5.379 5.407 5.435 5.462 5.489 5.515 5.541 5.566 5.590 5.615 5.640 5.664 5.688 5.712 5.736 5.759 5.783 5.806 5.829 5.852 5.874 5.897 5.919 5.940 5.962 5.983 6.003 6.023 6.042 6.060 6.077 6.092
3.167 3.363 3.519 3.643 3.744 3.828 3.900 3.965 4.025 4.081 4.134 4.184 4.232 4.278 4.323 4.366 4.409 4.450 4.490 4.530 4.568 4.607 4.644 4.681 4.718 4.754 4.790 4.826 4.861 4.895 4.931 4.966 5.001 5.035 5.069 5.103 5.137 5.170 5.202 5.234 5.265 5.296 5.326 5.356 5.385 5.413 5.441 5.468 5.495 5.522 5.548 5.573 5.597 5.622 5.647 5.671 5.695 5.719 5.743 5.767 5.790 5.814 5.837 5.860 5.883 5.905 5.928 5.950 5.971 5.992 6.013 6.034 6.054 6.073 6.091 6.107
