version2/TsunamiDB/out54019.asc
ncols          264
nrows          230
xllcorner      497853.4375
yllcorner      4229146.0000
cellsize         5.
NODATA_value   -99
[rows 186 to 216 of 230, columns 140 to 209 of 264]
5.050 5.091 5.130 5.169 5.205 5.243 5.284 5.327 5.372 5.421 5.473 5.527 5.583 5.640 5.698 5.756 5.815 5.873 5.931 5.986 6.037 6.084 6.126 6.162 6.194 6.221 6.254 6.293 6.323 6.360 6.419 6.493 6.581 6.681 6.786 6.894 6.974 7.004 7.088 7.214 7.298 7.353 7.389 7.412 7.422 7.415 7.388 7.324 7.305 7.359 7.411 7.453 7.482 7.500 7.505 7.498 7.471 7.392 7.320 7.292 7.267 7.245 7.223 7.199 7.167 7.112 7.034 6.930 6.835 6.772
5.076 5.117 5.155 5.190 5.224 5.258 5.293 5.331 5.371 5.416 5.464 5.516 5.570 5.626 5.684 5.743 5.804 5.865 5.926 5.985 6.041 6.092 6.137 6.178 6.215 6.251 6.292 6.332 6.362 6.394 6.444 6.510 6.591 6.687 6.794 6.893 6.961 6.991 7.075 7.199 7.284 7.340 7.375 7.398 7.408 7.403 7.380 7.317 7.299 7.355 7.410 7.456 7.489 7.511 7.522 7.519 7.492 7.414 7.340 7.307 7.276 7.247 7.217 7.185 7.142 7.078 6.998 6.893 6.796 6.734
5.105 5.146 5.183 5.217 5.247 5.277 5.307 5.338 5.373 5.412 5.456 5.504 5.556 5.612 5.670 5.731 5.794 5.858 5.923 5.986 6.046 6.101 6.152 6.198 6.243 6.289 6.336 6.382 6.414 6.445 6.490 6.546 6.618 6.708 6.806 6.892 6.954 6.984 7.067 7.190 7.276 7.332 7.365 7.388 7.398 7.395 7.376 7.314 7.297 7.358 7.418 7.467 7.503 7.530 7.544 7.542 7.515 7.436 7.358 7.320 7.282 7.245 7.205 7.162 7.109 7.041 6.960 6.854 6.758 6.700
5.136 5.177 5.215 5.247 5.275 5.301 5.325 5.350 5.378 5.411 5.450 5.495 5.545 5.600 5.659 5.721 5.787 5.854 5.922 5.990 6.055 6.115 6.171 6.224 6.278 6.332 6.386 6.438 6.477 6.511 6.551 6.597 6.658 6.735 6.819 6.896 6.956 6.984 7.066 7.190 7.275 7.329 7.361 7.381 7.392 7.393 7.377 7.318 7.304 7.370 7.432 7.483 7.523 7.553 7.567 7.565 7.536 7.454 7.374 7.328 7.282 7.236 7.186 7.132 7.071 7.001 6.920 6.815 6.723 6.672
5.168 5.211 5.249 5.281 5.307 5.330 5.349 5.368 5.389 5.415 5.448 5.489 5.536 5.590 5.650 5.715 5.783 5.853 5.925 5.996 6.066 6.132 6.195 6.256 6.317 6.378 6.439 6.499 6.545 6.583 6.620 6.658 6.705 6.765 6.838 6.910 6.968 6.996 7.074 7.196 7.280 7.333 7.361 7.380 7.391 7.394 7.384 7.329 7.319 7.387 7.452 7.506 7.547 7.577 7.592 7.587 7.555 7.471 7.385 7.331 7.276 7.219 7.159 7.097 7.031 6.959 6.879 6.778 6.693 6.649
5.201 5.245 5.284 5.317 5.342 5.362 5.377 5.390 5.405 5.424 5.451 5.487 5.532 5.585 5.645 5.711 5.782 5.855 5.930 6.006 6.080 6.153 6.224 6.291 6.358 6.426 6.493 6.558 6.611 6.654 6.692 6.723 6.756 6.804 6.866 6.935 6.993 7.016 7.089 7.208 7.293 7.342 7.366 7.383 7.393 7.401 7.399 7.347 7.339 7.410 7.477 7.531 7.572 7.602 7.614 7.607 7.572 7.484 7.391 7.329 7.263 7.195 7.127 7.058 6.988 6.917 6.841 6.746 6.667 6.632
5.233 5.279 5.319 5.352 5.378 5.397 5.409 5.418 5.426 5.439 5.459 5.491 5.533 5.584 5.644 5.710 5.783 5.859 5.937 6.015 6.096 6.176 6.252 6.326 6.399 6.471 6.542 6.611 6.671 6.721 6.763 6.789 6.815 6.853 6.908 6.976 7.032 7.048 7.113 7.233 7.312 7.353 7.375 7.389 7.400 7.415 7.418 7.370 7.364 7.438 7.504 7.557 7.596 7.624 7.635 7.624 7.584 7.490 7.391 7.318 7.242 7.165 7.089 7.015 6.944 6.876 6.806 6.717 6.647 6.620
5.263 5.311 5.353 5.387 5.414 5.432 5.443 5.448 5.452 5.459 5.475 5.501 5.539 5.587 5.645 5.712 5.785 5.864 5.945 6.027 6.113 6.197 6.280 6.361 6.438 6.512 6.584 6.657 6.724 6.783 6.830 6.860 6.885 6.918 6.968 7.032 7.084 7.091 7.147 7.259 7.330 7.367 7.384 7.397 7.412 7.432 7.441 7.396 7.392 7.466 7.529 7.579 7.616 7.641 7.649 7.633 7.587 7.488 7.381 7.297 7.212 7.127 7.045 6.969 6.901 6.837 6.773 6.692 6.630 6.611
5.291 5.340 5.384 5.420 5.448 5.467 5.478 5.482 5.483 5.486 5.497 5.518 5.552 5.597 5.652 5.717 5.790 5.871 5.953 6.038 6.127 6.216 6.304 6.390 6.471 6.548 6.623 6.700 6.773 6.843 6.901 6.939 6.967 7.000 7.042 7.099 7.146 7.142 7.184 7.285 7.350 7.383 7.398 7.412 7.428 7.450 7.466 7.424 7.420 7.490 7.551 7.598 7.632 7.654 7.659 7.638 7.586 7.480 7.364 7.270 7.177 7.086 7.000 6.925 6.860 6.801 6.744 6.671 6.618 6.606
5.318 5.368 5.412 5.450 5.479 5.500 5.512 5.516 5.517 5.519 5.527 5.544 5.573 5.613 5.663 5.725 5.796 5.878 5.962 6.048 6.141 6.234 6.328 6.420 6.506 6.586 6.663 6.743 6.823 6.906 6.975 7.023 7.059 7.092 7.128 7.182 7.229 7.205 7.227 7.317 7.374 7.401 7.416 7.430 7.445 7.473 7.498 7.457 7.449 7.517 7.573 7.615 7.646 7.666 7.666 7.640 7.578 7.464 7.340 7.238 7.138 7.042 6.956 6.884 6.824 6.772 6.723 6.657 6.611 6.606
5.343 5.393 5.439 5.477 5.508 5.531 5.545 5.552 5.554 5.557 5.564 5.579 5.603 5.637 5.682 5.738 5.808 5.890 5.974 6.063 6.160 6.256 6.356 6.452 6.542 6.626 6.707 6.790 6.878 6.974 7.055 7.114 7.162 7.199 7.235 7.299 7.328 7.273 7.275 7.350 7.398 7.421 7.436 7.450 7.467 7.508 7.536 7.490 7.478 7.541 7.591 7.629 7.656 7.671 7.666 7.631 7.559 7.439 7.309 7.200 7.095 6.998 6.914 6.847 6.792 6.748 6.705 6.647 6.608 6.609
5.368 5.417 5.463 5.503 5.536 5.562 5.579 5.589 5.595 5.601 5.609 5.622 5.643 5.672 5.711 5.764 5.831 5.911 5.995 6.085 6.183 6.284 6.386 6.485 6.581 6.673 6.761 6.847 6.941 7.050 7.145 7.220 7.280 7.329 7.378 7.422 7.413 7.339 7.323 7.381 7.421 7.443 7.458 7.478 7.506 7.547 7.566 7.517 7.502 7.557 7.602 7.636 7.658 7.667 7.654 7.610 7.534 7.409 7.271 7.158 7.051 6.956 6.876 6.813 6.766 6.727 6.692 6.641 6.608 6.614
5.392 5.441 5.488 5.529 5.564 5.592 5.613 5.628 5.639 5.649 5.661 5.676 5.695 5.720 5.755 5.803 5.865 5.942 6.023 6.113 6.213 6.315 6.419 6.524 6.629 6.731 6.826 6.911 7.012 7.137 7.246 7.335 7.408 7.470 7.515 7.529 7.494 7.403 7.370 7.411 7.445 7.467 7.486 7.513 7.545 7.578 7.589 7.538 7.519 7.566 7.606 7.635 7.651 7.653 7.632 7.583 7.503 7.371 7.229 7.114 7.009 6.917 6.842 6.785 6.743 6.712 6.684 6.638 6.610 6.621
5.417 5.466 5.512 5.554 5.592 5.624 5.649 5.670 5.687 5.703 5.719 5.737 5.757 5.781 5.812 5.854 5.910 5.982 6.060 6.148 6.248 6.352 6.459 6.571 6.687 6.798 6.898 6.985 7.093 7.233 7.352 7.452 7.536 7.599 7.632 7.625 7.570 7.467 7.416 7.444 7.471 7.493 7.518 7.547 7.577 7.603 7.606 7.552 7.529 7.569 7.602 7.625 7.635 7.629 7.602 7.549 7.464 7.328 7.184 7.071 6.968 6.881 6.812 6.760 6.724 6.700 6.678 6.638 6.616 6.633
5.443 5.491 5.537 5.581 5.620 5.656 5.687 5.713 5.737 5.759 5.781 5.804 5.827 5.851 5.879 5.917 5.968 6.034 6.108 6.193 6.292 6.398 6.509 6.628 6.752 6.871 6.978 7.066 7.180 7.329 7.458 7.567 7.653 7.711 7.735 7.713 7.645 7.531 7.466 7.477 7.498 7.523 7.548 7.575 7.602 7.620 7.616 7.560 7.532 7.562 7.589 7.606 7.609 7.598 7.567 7.509 7.420 7.283 7.139 7.028 6.931 6.850 6.785 6.740 6.710 6.691 6.676 6.642 6.625 6.647
5.470 5.517 5.563 5.607 5.649 5.688 5.724 5.757 5.788 5.817 5.846 5.874 5.901 5.928 5.956 5.990 6.037 6.098 6.167 6.247 6.345 6.453 6.566 6.691 6.822 6.951 7.064 7.150 7.267 7.425 7.560 7.671 7.754 7.809 7.824 7.794 7.717 7.595 7.515 7.513 7.529 7.551 7.574 7.598 7.619 7.630 7.620 7.561 7.526 7.548 7.568 7.578 7.577 7.561 7.525 7.464 7.373 7.235 7.094 6.988 6.897 6.821 6.763 6.723 6.698 6.685 6.678 6.649 6.636 6.663
5.497 5.542 5.588 5.633 5.677 5.721 5.762 5.802 5.839 5.875 5.910 5.944 5.977 6.008 6.037 6.071 6.115 6.173 6.236 6.312 6.409 6.515 6.631 6.759 6.898 7.035 7.153 7.235 7.353 7.518 7.654 7.762 7.843 7.893 7.904 7.868 7.784 7.655 7.564 7.551 7.558 7.575 7.595 7.614 7.629 7.634 7.618 7.554 7.513 7.527 7.538 7.543 7.537 7.517 7.478 7.415 7.322 7.185 7.049 6.950 6.864 6.796 6.744 6.708 6.689 6.684 6.682 6.658 6.650 6.682
5.523 5.567 5.612 5.658 5.704 5.752 5.798 5.845 5.889 5.932 5.974 6.014 6.052 6.087 6.121 6.157 6.201 6.257 6.317 6.388 6.481 6.587 6.704 6.836 6.981 7.121 7.240 7.318 7.435 7.599 7.732 7.838 7.915 7.961 7.969 7.928 7.840 7.707 7.607 7.582 7.580 7.593 7.607 7.620 7.631 7.628 7.605 7.537 7.490 7.495 7.499 7.500 7.489 7.465 7.425 7.361 7.268 7.134 7.004 6.910 6.833 6.772 6.726 6.696 6.683 6.683 6.688 6.669 6.665 6.700
5.549 5.591 5.635 5.682 5.730 5.781 5.833 5.885 5.937 5.986 6.034 6.080 6.124 6.166 6.205 6.245 6.291 6.348 6.406 6.473 6.562 6.666 6.781 6.914 7.058 7.198 7.319 7.392 7.504 7.664 7.795 7.898 7.972 8.016 8.023 7.981 7.891 7.754 7.647 7.611 7.602 7.608 7.615 7.623 7.627 7.617 7.588 7.515 7.460 7.457 7.456 7.451 7.436 7.411 7.370 7.305 7.214 7.084 6.960 6.874 6.804 6.751 6.711 6.687 6.679 6.684 6.695 6.681 6.681 6.717
5.574 5.613 5.657 5.703 5.754 5.808 5.865 5.923 5.981 6.037 6.092 6.143 6.193 6.241 6.286 6.331 6.381 6.442 6.500 6.564 6.649 6.749 6.863 6.994 7.136 7.280 7.405 7.467 7.569 7.727 7.855 7.956 8.027 8.071 8.077 8.034 7.941 7.801 7.687 7.642 7.625 7.622 7.622 7.624 7.620 7.603 7.566 7.487 7.426 7.416 7.409 7.399 7.382 7.356 7.315 7.252 7.161 7.035 6.919 6.841 6.780 6.733 6.700 6.683 6.679 6.690 6.708 6.698 6.699 6.737
5.597 5.634 5.677 5.723 5.775 5.832 5.893 5.957 6.021 6.084 6.145 6.202 6.258 6.311 6.361 6.411 6.469 6.536 6.597 6.661 6.744 6.840 6.954 7.082 7.223 7.376 7.493 7.536 7.629 7.784 7.909 8.007 8.077 8.118 8.123 8.075 7.979 7.839 7.721 7.668 7.640 7.630 7.623 7.616 7.605 7.581 7.536 7.451 7.385 7.369 7.356 7.344 7.326 7.299 7.260 7.196 7.106 6.987 6.880 6.810 6.756 6.718 6.692 6.680 6.682 6.702 6.725 6.716 6.718 6.756
5.619 5.654 5.694 5.741 5.794 5.854 5.919 5.988 6.057 6.127 6.194 6.257 6.317 6.374 6.431 6.491 6.559 6.633 6.699 6.767 6.850 6.946 7.056 7.186 7.331 7.470 7.564 7.597 7.683 7.833 7.955 8.052 8.119 8.157 8.157 8.106 8.013 7.872 7.748 7.687 7.651 7.632 7.617 7.602 7.583 7.550 7.499 7.410 7.339 7.317 7.301 7.287 7.267 7.241 7.200 7.137 7.053 6.942 6.842 6.780 6.736 6.706 6.688 6.684 6.695 6.719 6.741 6.733 6.737 6.773
5.642 5.673 5.712 5.758 5.812 5.873 5.941 6.014 6.088 6.163 6.237 6.306 6.371 6.435 6.501 6.572 6.648 6.730 6.804 6.880 6.966 7.060 7.168 7.296 7.431 7.548 7.628 7.651 7.729 7.874 7.995 8.089 8.153 8.187 8.181 8.131 8.041 7.897 7.767 7.698 7.654 7.626 7.603 7.580 7.552 7.512 7.456 7.362 7.288 7.262 7.244 7.228 7.207 7.180 7.139 7.080 7.003 6.899 6.806 6.754 6.720 6.699 6.689 6.694 6.711 6.735 6.757 6.750 6.753 6.787
5.665 5.694 5.730 5.774 5.828 5.891 5.961 6.037 6.116 6.196 6.276 6.352 6.424 6.496 6.572 6.652 6.737 6.827 6.911 6.998 7.087 7.179 7.285 7.401 7.518 7.618 7.687 7.702 7.771 7.913 8.030 8.120 8.180 8.209 8.201 8.152 8.060 7.913 7.777 7.701 7.648 7.611 7.579 7.548 7.513 7.468 7.406 7.310 7.233 7.206 7.186 7.169 7.147 7.119 7.079 7.025 6.954 6.858 6.774 6.734 6.709 6.696 6.695 6.706 6.727 6.751 6.771 6.764 6.767 6.799
5.691 5.716 5.749 5.792 5.845 5.908 5.980 6.059 6.141 6.227 6.313 6.397 6.478 6.560 6.645 6.733 6.826 6.924 7.019 7.114 7.207 7.300 7.394 7.493 7.595 7.684 7.746 7.754 7.813 7.948 8.061 8.147 8.202 8.227 8.216 8.165 8.071 7.920 7.777 7.693 7.631 7.586 7.546 7.509 7.469 7.418 7.353 7.256 7.178 7.149 7.128 7.110 7.087 7.059 7.022 6.972 6.910 6.822 6.748 6.718 6.703 6.699 6.705 6.720 6.742 6.766 6.784 6.778 6.780 6.808
5.720 5.741 5.771 5.812 5.864 5.926 5.998 6.080 6.165 6.255 6.348 6.442 6.533 6.624 6.717 6.813 6.914 7.016 7.118 7.221 7.320 7.410 7.490 7.576 7.665 7.747 7.807 7.806 7.854 7.981 8.090 8.169 8.219 8.240 8.226 8.171 8.073 7.916 7.766 7.673 7.603 7.549 7.504 7.462 7.417 7.364 7.298 7.201 7.123 7.092 7.070 7.051 7.028 7.001 6.966 6.923 6.870 6.791 6.727 6.707 6.701 6.705 6.715 6.734 6.756 6.779 6.796 6.789 6.789 6.814
5.753 5.771 5.798 5.836 5.885 5.946 6.018 6.101 6.189 6.282 6.383 6.486 6.585 6.686 6.788 6.891 6.994 7.098 7.205 7.318 7.420 7.503 7.577 7.652 7.732 7.813 7.871 7.862 7.898 8.019 8.118 8.189 8.232 8.248 8.229 8.170 8.064 7.900 7.742 7.639 7.560 7.503 7.453 7.407 7.362 7.308 7.241 7.145 7.068 7.036 7.013 6.994 6.971 6.945 6.915 6.879 6.835 6.765 6.711 6.702 6.703 6.712 6.727 6.746 6.769 6.791 6.806 6.797 6.796 6.817
5.789 5.804 5.829 5.864 5.910 5.969 6.040 6.124 6.213 6.310 6.418 6.527 6.636 6.747 6.855 6.960 7.064 7.168 7.279 7.397 7.501 7.585 7.654 7.723 7.800 7.881 7.939 7.922 7.946 8.055 8.141 8.202 8.237 8.246 8.223 8.155 8.040 7.868 7.700 7.588 7.504 7.444 7.393 7.347 7.302 7.249 7.183 7.088 7.011 6.979 6.956 6.937 6.915 6.892 6.867 6.839 6.804 6.743 6.699 6.698 6.705 6.719 6.736 6.757 6.779 6.799 6.811 6.802 6.798 6.815
5.828 5.842 5.864 5.897 5.941 5.997 6.066 6.150 6.239 6.337 6.449 6.563 6.680 6.797 6.909 7.016 7.121 7.224 7.337 7.460 7.569 7.657 7.728 7.796 7.870 7.948 8.008 7.985 7.995 8.087 8.160 8.208 8.234 8.237 8.206 8.130 8.004 7.820 7.644 7.525 7.440 7.379 7.328 7.285 7.242 7.191 7.126 7.032 6.957 6.925 6.903 6.884 6.864 6.844 6.825 6.804 6.778 6.727 6.691 6.697 6.709 6.726 6.744 6.766 6.788 6.805 6.816 6.804 6.798 6.812
5.867 5.882 5.904 5.935 5.976 6.028 6.094 6.176 6.264 6.362 6.475 6.594 6.718 6.841 6.958 7.068 7.173 7.272 7.385 7.516 7.632 7.725 7.801 7.870 7.940 8.022 8.091 8.058 8.048 8.122 8.178 8.213 8.227 8.222 8.182 8.096 7.955 7.758 7.575 7.453 7.369 7.310 7.264 7.225 7.185 7.135 7.072 6.980 6.906 6.875 6.854 6.836 6.819 6.804 6.790 6.777 6.762 6.718 6.689 6.701 6.717 6.736 6.755 6.776 6.797 6.812 6.820 6.806 6.796 6.806
5.906 5.924 5.946 5.976 6.014 6.062 6.126 6.207 6.292 6.388 6.502 6.624 6.753 6.881 7.002 7.115 7.219 7.314 7.428 7.566 7.689 7.790 7.874 7.948 8.019 8.120 8.188 8.133 8.102 8.155 8.192 8.211 8.214 8.197 8.147 8.043 7.884 7.681 7.493 7.374 7.293 7.240 7.200 7.166 7.129 7.081 7.018 6.929 6.858 6.829 6.808 6.793 6.780 6.770 6.763 6.760 6.752 6.715 6.691 6.707 6.725 6.745 6.765 6.785 6.804 6.816 6.820 6.804 6.792 6.798
