version2/TsunamiDB/out54041.asc
ncols          264
nrows          230
xllcorner      497853.4375
yllcorner      4229146.0000
cellsize         5.
NODATA_value   -99
[rows 160 to 191 of 230, columns 146 to 218 of 264]
6.109 6.137 6.165 6.191 6.216 6.239 6.261 6.280 6.296 6.310 6.322 6.332 6.341 6.349 6.360 6.374 6.393 6.417 6.448 6.487 6.535 6.591 6.652 6.716 6.786 6.859 6.934 7.012 7.093 7.175 7.255 7.331 7.415 7.514 7.615 7.716 7.817 7.916 8.011 8.098 8.173 8.225 8.281 8.357 8.430 8.501 8.568 8.635 8.700 8.761 8.814 8.841 8.872 8.920 8.964 9.003 9.034 9.060 9.078 9.087 9.088 9.072 9.049 9.029 9.001 8.963 8.913 8.851 8.773 8.678 8.563 8.422 8.281
6.112 6.141 6.171 6.199 6.226 6.252 6.277 6.299 6.319 6.337 6.352 6.364 6.375 6.385 6.396 6.409 6.425 6.446 6.473 6.509 6.554 6.609 6.668 6.732 6.803 6.878 6.956 7.038 7.123 7.210 7.295 7.372 7.459 7.563 7.668 7.772 7.872 7.970 8.062 8.147 8.221 8.271 8.325 8.400 8.473 8.544 8.611 8.676 8.738 8.794 8.841 8.864 8.891 8.935 8.974 9.009 9.037 9.059 9.075 9.083 9.083 9.064 9.037 9.013 8.978 8.931 8.870 8.794 8.702 8.592 8.469 8.328 8.199
6.114 6.145 6.176 6.206 6.236 6.264 6.291 6.316 6.339 6.360 6.379 6.395 6.409 6.421 6.433 6.445 6.460 6.479 6.503 6.535 6.577 6.630 6.688 6.751 6.823 6.901 6.982 7.067 7.158 7.249 7.337 7.416 7.506 7.614 7.721 7.825 7.924 8.020 8.111 8.194 8.266 8.314 8.367 8.442 8.515 8.585 8.650 8.713 8.771 8.822 8.864 8.884 8.908 8.946 8.980 9.011 9.036 9.056 9.069 9.076 9.073 9.051 9.020 8.990 8.946 8.889 8.815 8.725 8.620 8.502 8.378 8.245 8.130
6.117 6.149 6.182 6.213 6.245 6.275 6.304 6.332 6.358 6.382 6.404 6.423 6.440 6.455 6.469 6.482 6.497 6.514 6.535 6.564 6.604 6.655 6.712 6.775 6.848 6.928 7.012 7.102 7.197 7.292 7.383 7.462 7.553 7.663 7.770 7.874 7.971 8.065 8.155 8.236 8.308 8.355 8.406 8.481 8.552 8.620 8.684 8.744 8.799 8.845 8.881 8.899 8.919 8.952 8.982 9.010 9.032 9.049 9.060 9.064 9.059 9.033 8.996 8.958 8.904 8.835 8.748 8.646 8.532 8.412 8.293 8.174 8.075
6.122 6.154 6.187 6.221 6.254 6.286 6.317 6.347 6.375 6.402 6.427 6.449 6.469 6.487 6.503 6.518 6.534 6.550 6.570 6.597 6.634 6.685 6.741 6.803 6.877 6.959 7.046 7.139 7.236 7.334 7.427 7.506 7.597 7.708 7.815 7.918 8.014 8.107 8.195 8.275 8.346 8.393 8.443 8.515 8.585 8.652 8.713 8.770 8.822 8.864 8.897 8.911 8.927 8.956 8.982 9.006 9.025 9.039 9.047 9.048 9.039 9.007 8.963 8.915 8.851 8.769 8.671 8.560 8.445 8.330 8.222 8.117 8.034
6.128 6.161 6.194 6.229 6.263 6.296 6.329 6.361 6.392 6.421 6.448 6.473 6.496 6.517 6.536 6.553 6.570 6.587 6.606 6.631 6.667 6.717 6.772 6.835 6.910 6.993 7.082 7.178 7.278 7.378 7.474 7.552 7.641 7.752 7.860 7.961 8.057 8.149 8.235 8.315 8.387 8.432 8.480 8.550 8.618 8.682 8.740 8.795 8.844 8.882 8.909 8.919 8.932 8.956 8.979 8.999 9.014 9.025 9.030 9.027 9.013 8.974 8.921 8.864 8.788 8.696 8.589 8.477 8.365 8.260 8.165 8.074 8.005
6.136 6.169 6.203 6.237 6.272 6.307 6.342 6.375 6.408 6.439 6.469 6.496 6.522 6.545 6.567 6.586 6.605 6.623 6.642 6.667 6.702 6.752 6.807 6.869 6.945 7.030 7.123 7.221 7.323 7.428 7.523 7.597 7.684 7.795 7.902 8.003 8.099 8.189 8.274 8.356 8.427 8.469 8.514 8.583 8.648 8.709 8.765 8.816 8.862 8.894 8.915 8.923 8.933 8.954 8.972 8.989 9.000 9.007 9.008 9.000 8.979 8.933 8.871 8.803 8.717 8.618 8.509 8.399 8.297 8.203 8.120 8.043 7.985
6.148 6.179 6.213 6.248 6.283 6.319 6.355 6.390 6.424 6.457 6.488 6.518 6.546 6.572 6.596 6.618 6.639 6.659 6.678 6.703 6.740 6.790 6.845 6.908 6.985 7.072 7.167 7.268 7.374 7.478 7.569 7.639 7.725 7.836 7.942 8.044 8.139 8.230 8.316 8.396 8.464 8.503 8.546 8.612 8.674 8.732 8.785 8.832 8.872 8.899 8.918 8.924 8.931 8.947 8.962 8.975 8.982 8.985 8.981 8.966 8.939 8.884 8.813 8.735 8.643 8.540 8.433 8.331 8.239 8.157 8.087 8.022 7.972
6.162 6.193 6.226 6.260 6.296 6.332 6.368 6.404 6.440 6.474 6.507 6.539 6.569 6.598 6.624 6.649 6.672 6.693 6.715 6.741 6.778 6.830 6.886 6.949 7.028 7.117 7.213 7.316 7.423 7.524 7.612 7.680 7.764 7.874 7.981 8.083 8.179 8.270 8.356 8.433 8.498 8.534 8.575 8.638 8.697 8.751 8.800 8.842 8.876 8.901 8.918 8.921 8.924 8.937 8.949 8.957 8.960 8.957 8.947 8.927 8.892 8.828 8.748 8.663 8.568 8.466 8.366 8.274 8.193 8.123 8.065 8.009 7.965
6.180 6.209 6.241 6.275 6.310 6.346 6.383 6.420 6.456 6.492 6.526 6.560 6.592 6.623 6.651 6.678 6.704 6.728 6.752 6.779 6.818 6.871 6.928 6.993 7.073 7.162 7.260 7.363 7.469 7.567 7.653 7.719 7.802 7.913 8.020 8.122 8.218 8.309 8.393 8.467 8.528 8.561 8.600 8.659 8.715 8.766 8.810 8.847 8.877 8.899 8.914 8.915 8.915 8.925 8.932 8.936 8.934 8.925 8.909 8.881 8.838 8.767 8.679 8.591 8.496 8.400 8.309 8.228 8.158 8.100 8.051 8.001 7.962
6.202 6.229 6.259 6.292 6.326 6.362 6.399 6.436 6.473 6.510 6.546 6.581 6.615 6.648 6.679 6.708 6.736 6.762 6.788 6.817 6.858 6.912 6.971 7.037 7.117 7.208 7.305 7.406 7.510 7.607 7.693 7.758 7.840 7.951 8.058 8.161 8.256 8.346 8.428 8.498 8.555 8.586 8.621 8.677 8.729 8.776 8.815 8.849 8.876 8.895 8.908 8.906 8.903 8.909 8.912 8.911 8.903 8.888 8.865 8.830 8.780 8.702 8.609 8.521 8.430 8.343 8.262 8.192 8.134 8.085 8.043 7.999 7.963
6.227 6.252 6.281 6.312 6.345 6.381 6.417 6.455 6.492 6.530 6.567 6.603 6.639 6.673 6.706 6.738 6.768 6.796 6.824 6.856 6.898 6.953 7.013 7.080 7.160 7.250 7.344 7.443 7.546 7.644 7.732 7.796 7.877 7.988 8.096 8.198 8.292 8.380 8.459 8.526 8.580 8.607 8.639 8.691 8.739 8.782 8.817 8.848 8.872 8.889 8.899 8.894 8.888 8.890 8.888 8.882 8.868 8.847 8.816 8.774 8.718 8.635 8.541 8.456 8.373 8.296 8.226 8.167 8.118 8.076 8.040 8.000 7.966
6.255 6.278 6.305 6.335 6.367 6.402 6.438 6.475 6.513 6.551 6.589 6.626 6.663 6.699 6.734 6.768 6.800 6.831 6.860 6.892 6.935 6.992 7.052 7.119 7.199 7.287 7.379 7.477 7.580 7.680 7.770 7.834 7.914 8.027 8.133 8.234 8.326 8.411 8.488 8.551 8.601 8.625 8.654 8.701 8.745 8.784 8.817 8.844 8.865 8.880 8.887 8.879 8.870 8.867 8.861 8.849 8.829 8.801 8.763 8.715 8.655 8.570 8.477 8.399 8.325 8.258 8.200 8.150 8.109 8.073 8.041 8.003 7.971
6.284 6.307 6.332 6.361 6.392 6.425 6.460 6.497 6.535 6.574 6.613 6.651 6.689 6.726 6.763 6.798 6.832 6.864 6.894 6.927 6.971 7.028 7.089 7.155 7.234 7.320 7.411 7.509 7.613 7.716 7.809 7.873 7.953 8.065 8.169 8.268 8.358 8.440 8.513 8.573 8.618 8.640 8.664 8.707 8.748 8.784 8.813 8.837 8.856 8.868 8.872 8.861 8.847 8.841 8.829 8.812 8.785 8.750 8.707 8.654 8.591 8.507 8.419 8.349 8.285 8.229 8.180 8.139 8.104 8.073 8.043 8.007 7.975
6.315 6.337 6.361 6.389 6.418 6.451 6.486 6.522 6.560 6.599 6.638 6.677 6.716 6.754 6.792 6.828 6.864 6.896 6.927 6.961 7.004 7.061 7.121 7.187 7.265 7.351 7.441 7.539 7.644 7.749 7.846 7.911 7.989 8.099 8.202 8.298 8.385 8.465 8.536 8.592 8.634 8.652 8.673 8.712 8.748 8.781 8.807 8.829 8.845 8.854 8.855 8.840 8.822 8.810 8.794 8.770 8.738 8.697 8.648 8.592 8.530 8.450 8.369 8.308 8.255 8.208 8.167 8.133 8.103 8.075 8.047 8.012 7.980
6.346 6.368 6.392 6.418 6.447 6.479 6.513 6.549 6.587 6.626 6.665 6.705 6.744 6.783 6.822 6.859 6.895 6.928 6.960 6.993 7.035 7.091 7.151 7.215 7.292 7.378 7.468 7.567 7.673 7.781 7.884 7.949 8.025 8.134 8.235 8.328 8.412 8.490 8.558 8.610 8.647 8.661 8.679 8.714 8.747 8.776 8.800 8.819 8.832 8.838 8.836 8.816 8.793 8.777 8.755 8.726 8.688 8.642 8.590 8.533 8.476 8.401 8.328 8.277 8.233 8.194 8.161 8.132 8.106 8.080 8.053 8.017 7.986
6.376 6.398 6.422 6.448 6.477 6.508 6.542 6.577 6.615 6.654 6.694 6.734 6.774 6.813 6.852 6.890 6.926 6.959 6.990 7.022 7.063 7.119 7.177 7.241 7.318 7.403 7.496 7.596 7.703 7.821 7.926 7.986 8.060 8.168 8.266 8.357 8.439 8.513 8.577 8.624 8.656 8.668 8.683 8.715 8.745 8.771 8.791 8.808 8.818 8.820 8.813 8.789 8.761 8.739 8.712 8.678 8.636 8.587 8.533 8.481 8.429 8.361 8.296 8.255 8.219 8.187 8.158 8.134 8.110 8.085 8.057 8.022 7.991
6.405 6.428 6.452 6.479 6.507 6.538 6.571 6.606 6.644 6.683 6.723 6.763 6.803 6.843 6.882 6.920 6.956 6.989 7.019 7.051 7.092 7.146 7.204 7.267 7.344 7.431 7.526 7.629 7.744 7.862 7.961 8.021 8.094 8.199 8.295 8.383 8.462 8.532 8.591 8.634 8.665 8.674 8.685 8.714 8.741 8.764 8.781 8.794 8.800 8.798 8.787 8.759 8.725 8.699 8.667 8.629 8.584 8.535 8.484 8.436 8.390 8.329 8.273 8.239 8.210 8.183 8.159 8.137 8.114 8.089 8.062 8.027 7.995
6.432 6.456 6.482 6.508 6.537 6.568 6.600 6.636 6.673 6.712 6.752 6.793 6.833 6.873 6.913 6.950 6.987 7.019 7.049 7.081 7.121 7.175 7.232 7.295 7.373 7.462 7.559 7.667 7.784 7.897 7.992 8.051 8.124 8.226 8.320 8.406 8.482 8.548 8.602 8.642 8.672 8.679 8.686 8.712 8.736 8.755 8.769 8.778 8.779 8.773 8.758 8.725 8.687 8.656 8.621 8.581 8.536 8.489 8.443 8.400 8.359 8.305 8.257 8.229 8.205 8.182 8.161 8.140 8.117 8.093 8.067 8.032 7.999
6.458 6.483 6.509 6.537 6.565 6.596 6.629 6.664 6.702 6.741 6.781 6.822 6.863 6.903 6.943 6.981 7.017 7.050 7.080 7.111 7.151 7.205 7.263 7.327 7.406 7.496 7.596 7.705 7.819 7.927 8.020 8.078 8.150 8.250 8.342 8.426 8.498 8.559 8.610 8.650 8.677 8.681 8.686 8.709 8.729 8.745 8.755 8.759 8.756 8.746 8.727 8.689 8.646 8.613 8.576 8.535 8.492 8.449 8.409 8.371 8.336 8.288 8.247 8.223 8.203 8.183 8.163 8.143 8.120 8.096 8.071 8.035 8.002
6.482 6.508 6.535 6.563 6.592 6.623 6.656 6.692 6.729 6.768 6.809 6.850 6.892 6.933 6.973 7.011 7.048 7.082 7.112 7.143 7.184 7.238 7.297 7.362 7.441 7.533 7.632 7.738 7.849 7.953 8.044 8.102 8.173 8.271 8.361 8.442 8.510 8.569 8.618 8.655 8.682 8.683 8.684 8.704 8.721 8.733 8.738 8.738 8.731 8.716 8.694 8.652 8.606 8.571 8.534 8.495 8.456 8.418 8.383 8.350 8.320 8.278 8.241 8.221 8.203 8.185 8.166 8.145 8.123 8.100 8.074 8.039 8.005
6.504 6.531 6.559 6.587 6.617 6.648 6.682 6.717 6.755 6.794 6.835 6.877 6.919 6.962 7.003 7.042 7.080 7.115 7.147 7.179 7.220 7.275 7.335 7.400 7.479 7.569 7.665 7.767 7.873 7.975 8.065 8.123 8.192 8.288 8.377 8.455 8.521 8.577 8.624 8.660 8.685 8.683 8.681 8.698 8.711 8.719 8.719 8.715 8.704 8.686 8.661 8.616 8.567 8.532 8.497 8.462 8.426 8.394 8.364 8.336 8.310 8.272 8.239 8.221 8.204 8.187 8.168 8.148 8.126 8.102 8.078 8.042 8.008
6.524 6.552 6.581 6.610 6.640 6.672 6.705 6.740 6.778 6.818 6.860 6.903 6.946 6.989 7.032 7.073 7.113 7.150 7.183 7.216 7.258 7.314 7.373 7.438 7.516 7.602 7.694 7.791 7.894 7.995 8.084 8.142 8.210 8.305 8.391 8.467 8.531 8.584 8.629 8.663 8.686 8.682 8.676 8.690 8.699 8.703 8.700 8.690 8.676 8.655 8.629 8.582 8.532 8.499 8.467 8.435 8.404 8.376 8.351 8.328 8.304 8.269 8.239 8.222 8.206 8.189 8.171 8.150 8.128 8.105 8.081 8.045 8.010
6.543 6.572 6.601 6.631 6.661 6.693 6.726 6.762 6.800 6.840 6.882 6.926 6.971 7.016 7.061 7.104 7.146 7.184 7.219 7.254 7.297 7.354 7.413 7.476 7.551 7.634 7.721 7.814 7.914 8.014 8.104 8.161 8.227 8.320 8.404 8.477 8.538 8.590 8.633 8.666 8.686 8.679 8.670 8.680 8.686 8.685 8.678 8.665 8.648 8.626 8.598 8.550 8.502 8.471 8.442 8.414 8.388 8.364 8.343 8.322 8.300 8.268 8.239 8.223 8.207 8.191 8.172 8.152 8.130 8.107 8.083 8.046 8.011
6.560 6.590 6.620 6.650 6.681 6.713 6.746 6.782 6.820 6.861 6.904 6.949 6.995 7.042 7.089 7.135 7.178 7.219 7.256 7.293 7.337 7.394 7.453 7.514 7.586 7.665 7.748 7.837 7.934 8.031 8.121 8.179 8.243 8.334 8.415 8.486 8.544 8.594 8.636 8.666 8.685 8.674 8.662 8.668 8.670 8.666 8.656 8.640 8.621 8.598 8.570 8.524 8.477 8.449 8.424 8.400 8.377 8.357 8.339 8.321 8.300 8.269 8.241 8.225 8.209 8.193 8.174 8.154 8.132 8.109 8.084 8.048 8.012
6.576 6.607 6.637 6.668 6.699 6.731 6.765 6.800 6.839 6.880 6.923 6.970 7.018 7.067 7.116 7.163 7.209 7.252 7.291 7.330 7.375 7.432 7.491 7.550 7.618 7.693 7.772 7.858 7.951 8.048 8.140 8.196 8.258 8.346 8.425 8.493 8.549 8.598 8.637 8.666 8.682 8.668 8.652 8.656 8.655 8.648 8.635 8.618 8.598 8.574 8.549 8.504 8.460 8.435 8.413 8.393 8.373 8.356 8.340 8.323 8.302 8.272 8.244 8.228 8.212 8.196 8.177 8.156 8.134 8.111 8.086 8.049 8.012
6.592 6.623 6.654 6.685 6.716 6.748 6.782 6.818 6.856 6.897 6.942 6.989 7.038 7.089 7.140 7.190 7.238 7.282 7.324 7.363 7.409 7.468 7.526 7.584 7.650 7.721 7.797 7.880 7.970 8.070 8.163 8.214 8.273 8.359 8.434 8.500 8.555 8.601 8.638 8.665 8.678 8.662 8.643 8.644 8.640 8.631 8.617 8.599 8.578 8.557 8.534 8.491 8.449 8.428 8.408 8.390 8.373 8.358 8.344 8.326 8.304 8.274 8.248 8.231 8.215 8.198 8.179 8.159 8.136 8.113 8.088 8.049 8.011
6.606 6.638 6.669 6.701 6.732 6.765 6.798 6.834 6.872 6.913 6.958 7.006 7.056 7.109 7.161 7.213 7.262 7.308 7.350 7.393 7.443 7.503 7.560 7.617 7.681 7.750 7.824 7.905 7.997 8.096 8.183 8.232 8.289 8.371 8.444 8.507 8.560 8.604 8.639 8.662 8.674 8.655 8.633 8.631 8.626 8.617 8.602 8.585 8.566 8.547 8.525 8.483 8.444 8.425 8.408 8.392 8.376 8.362 8.347 8.327 8.307 8.278 8.251 8.235 8.218 8.202 8.182 8.161 8.139 8.115 8.089 8.049 8.009
6.620 6.653 6.685 6.716 6.748 6.781 6.814 6.849 6.887 6.928 6.973 7.021 7.072 7.125 7.179 7.231 7.282 7.329 7.374 7.422 7.475 7.535 7.593 7.650 7.713 7.781 7.854 7.935 8.027 8.120 8.201 8.249 8.303 8.382 8.454 8.515 8.565 8.607 8.639 8.660 8.671 8.649 8.624 8.621 8.616 8.606 8.592 8.577 8.559 8.541 8.521 8.481 8.443 8.426 8.411 8.396 8.381 8.366 8.349 8.330 8.311 8.282 8.255 8.239 8.222 8.205 8.185 8.164 8.141 8.117 8.089 8.048 8.005
6.634 6.667 6.699 6.732 6.763 6.796 6.829 6.864 6.901 6.941 6.985 7.033 7.084 7.137 7.191 7.245 7.296 7.346 7.396 7.448 7.504 7.566 7.625 7.683 7.747 7.814 7.887 7.967 8.054 8.142 8.220 8.266 8.319 8.396 8.466 8.524 8.572 8.610 8.639 8.659 8.668 8.644 8.617 8.615 8.610 8.600 8.587 8.573 8.557 8.540 8.521 8.482 8.447 8.431 8.416 8.402 8.386 8.370 8.352 8.334 8.315 8.287 8.260 8.243 8.227 8.209 8.189 8.167 8.143 8.118 8.088 8.045 8.001
6.648 6.681 6.714 6.746 6.778 6.810 6.843 6.876 6.913 6.952 6.995 7.042 7.092 7.145 7.199 7.253 7.307 7.361 7.415 7.472 7.532 7.595 7.656 7.716 7.781 7.849 7.920 7.997 8.079 8.163 8.240 8.286 8.337 8.412 8.479 8.536 8.580 8.615 8.642 8.659 8.667 8.642 8.614 8.612 8.607 8.599 8.587 8.574 8.560 8.543 8.524 8.487 8.453 8.437 8.423 8.408 8.391 8.374 8.357 8.338 8.320 8.291 8.265 8.248 8.231 8.213 8.192 8.169 8.145 8.117 8.086 8.041 7.994
6.661 6.694 6.727 6.760 6.792 6.823 6.855 6.888 6.922 6.960 7.001 7.047 7.096 7.148 7.202 7.258 7.316 7.373 7.433 7.494 7.557 7.623 7.686 7.748 7.815 7.883 7.952 8.024 8.103 8.184 8.262 8.307 8.357 8.430 8.496 8.550 8.591 8.623 8.645 8.661 8.669 8.642 8.614 8.613 8.610 8.602 8.592 8.580 8.566 8.550 8.531 8.494 8.460 8.445 8.430 8.414 8.397 8.379 8.361 8.342 8.324 8.296 8.269 8.253 8.236 8.217 8.195 8.171 8.144 8.115 8.083 8.035 7.986
