version2/TsunamiDB/out54061.asc
ncols          264
nrows          230
xllcorner      497853.4375
yllcorner      4229146.0000
cellsize         5.
NODATA_value   -99
[rows 33 to 65 of 230, columns 148 to 221 of 264]
5.417 5.438 5.459 5.479 5.498 5.516 5.534 5.553 5.571 5.588 5.605 5.621 5.638 5.653 5.669 5.685 5.701 5.717 5.734 5.751 5.769 5.788 5.808 5.829 5.850 5.872 5.895 5.917 5.940 5.963 5.987 6.010 6.033 6.056 6.078 6.099 6.120 6.140 6.158 6.176 6.193 6.209 6.224 6.238 6.251 6.264 6.277 6.289 6.302 6.314 6.326 6.338 6.351 6.364 6.378 6.392 6.407 6.421 6.435 6.449 6.462 6.475 6.487 6.499 6.511 6.522 6.533 6.544 6.555 6.566 6.579 6.592 6.607 6.622
5.426 5.448 5.468 5.489 5.508 5.527 5.546 5.564 5.582 5.600 5.617 5.634 5.650 5.666 5.682 5.697 5.712 5.727 5.743 5.759 5.776 5.793 5.811 5.830 5.850 5.871 5.892 5.913 5.935 5.957 5.980 6.004 6.027 6.049 6.072 6.094 6.115 6.135 6.154 6.173 6.190 6.207 6.223 6.238 6.252 6.266 6.279 6.292 6.305 6.318 6.331 6.343 6.356 6.370 6.384 6.399 6.413 6.428 6.442 6.457 6.470 6.484 6.497 6.509 6.521 6.532 6.543 6.553 6.564 6.575 6.587 6.599 6.613 6.628
5.435 5.457 5.478 5.498 5.518 5.536 5.556 5.575 5.593 5.611 5.629 5.646 5.663 5.679 5.694 5.709 5.724 5.739 5.754 5.768 5.784 5.800 5.816 5.833 5.852 5.871 5.891 5.911 5.931 5.953 5.975 5.998 6.020 6.043 6.065 6.087 6.108 6.129 6.149 6.168 6.186 6.204 6.220 6.236 6.251 6.266 6.280 6.294 6.307 6.321 6.334 6.347 6.360 6.374 6.389 6.404 6.419 6.434 6.449 6.463 6.478 6.492 6.505 6.518 6.530 6.541 6.552 6.563 6.573 6.584 6.595 6.607 6.620 6.634
5.444 5.465 5.486 5.507 5.526 5.545 5.565 5.584 5.603 5.622 5.640 5.657 5.674 5.691 5.706 5.722 5.736 5.751 5.765 5.779 5.794 5.808 5.823 5.839 5.856 5.873 5.892 5.910 5.929 5.949 5.971 5.992 6.014 6.036 6.058 6.080 6.101 6.122 6.143 6.162 6.181 6.199 6.217 6.233 6.249 6.264 6.279 6.294 6.308 6.322 6.336 6.349 6.363 6.377 6.392 6.408 6.423 6.438 6.454 6.469 6.484 6.499 6.512 6.526 6.538 6.550 6.561 6.572 6.583 6.593 6.604 6.615 6.627 6.640
5.453 5.474 5.495 5.515 5.535 5.554 5.573 5.593 5.612 5.631 5.650 5.667 5.685 5.702 5.718 5.733 5.748 5.763 5.777 5.791 5.804 5.818 5.832 5.847 5.862 5.878 5.895 5.911 5.929 5.948 5.967 5.988 6.009 6.030 6.052 6.073 6.094 6.115 6.136 6.156 6.175 6.194 6.212 6.229 6.246 6.262 6.277 6.292 6.307 6.322 6.336 6.350 6.364 6.379 6.395 6.410 6.426 6.442 6.458 6.474 6.489 6.504 6.519 6.533 6.546 6.559 6.570 6.581 6.592 6.602 6.613 6.624 6.636 6.648
5.462 5.483 5.503 5.523 5.543 5.562 5.581 5.601 5.620 5.639 5.658 5.677 5.694 5.712 5.728 5.744 5.760 5.775 5.789 5.803 5.816 5.829 5.843 5.856 5.870 5.884 5.899 5.915 5.930 5.948 5.966 5.985 6.005 6.026 6.046 6.067 6.088 6.109 6.129 6.149 6.168 6.187 6.206 6.224 6.241 6.258 6.274 6.290 6.305 6.320 6.335 6.349 6.364 6.380 6.396 6.412 6.428 6.445 6.461 6.477 6.494 6.509 6.525 6.539 6.553 6.566 6.579 6.590 6.601 6.612 6.623 6.634 6.645 6.656
5.472 5.492 5.512 5.532 5.551 5.569 5.589 5.608 5.628 5.647 5.666 5.685 5.703 5.721 5.738 5.754 5.770 5.786 5.800 5.814 5.828 5.841 5.854 5.866 5.879 5.892 5.906 5.920 5.934 5.950 5.967 5.985 6.003 6.022 6.042 6.062 6.082 6.102 6.122 6.142 6.162 6.181 6.200 6.218 6.236 6.253 6.270 6.286 6.302 6.318 6.333 6.348 6.363 6.379 6.396 6.412 6.429 6.446 6.463 6.480 6.497 6.514 6.530 6.545 6.560 6.574 6.587 6.599 6.611 6.622 6.633 6.645 6.656 6.666
5.482 5.502 5.521 5.541 5.559 5.577 5.597 5.616 5.635 5.654 5.674 5.692 5.711 5.729 5.747 5.764 5.780 5.796 5.811 5.825 5.839 5.852 5.865 5.877 5.890 5.902 5.915 5.927 5.940 5.954 5.970 5.986 6.003 6.021 6.039 6.058 6.078 6.097 6.117 6.136 6.156 6.175 6.194 6.212 6.230 6.248 6.265 6.282 6.298 6.315 6.330 6.346 6.362 6.378 6.395 6.412 6.430 6.447 6.465 6.483 6.500 6.518 6.534 6.551 6.567 6.581 6.596 6.609 6.621 6.633 6.645 6.656 6.667 6.678
5.494 5.513 5.532 5.550 5.568 5.586 5.605 5.624 5.643 5.662 5.681 5.700 5.718 5.736 5.754 5.772 5.789 5.805 5.820 5.835 5.850 5.863 5.876 5.889 5.901 5.912 5.924 5.936 5.947 5.960 5.974 5.989 6.005 6.021 6.038 6.056 6.075 6.093 6.112 6.132 6.151 6.169 6.188 6.207 6.225 6.243 6.260 6.278 6.295 6.312 6.327 6.343 6.360 6.377 6.394 6.412 6.430 6.448 6.466 6.485 6.503 6.521 6.539 6.556 6.573 6.589 6.604 6.618 6.632 6.645 6.657 6.669 6.680 6.691
5.507 5.525 5.543 5.561 5.579 5.596 5.614 5.633 5.651 5.670 5.688 5.707 5.725 5.744 5.762 5.779 5.797 5.813 5.829 5.845 5.859 5.874 5.887 5.900 5.912 5.924 5.935 5.946 5.957 5.969 5.981 5.995 6.009 6.024 6.040 6.057 6.074 6.092 6.110 6.128 6.147 6.165 6.184 6.202 6.220 6.238 6.256 6.274 6.292 6.308 6.324 6.341 6.358 6.375 6.393 6.411 6.430 6.449 6.468 6.487 6.506 6.525 6.543 6.562 6.580 6.597 6.613 6.629 6.643 6.657 6.670 6.683 6.695 6.706
5.520 5.538 5.556 5.574 5.590 5.607 5.624 5.642 5.660 5.678 5.696 5.715 5.733 5.751 5.769 5.787 5.804 5.821 5.838 5.853 5.869 5.883 5.897 5.910 5.923 5.935 5.946 5.957 5.967 5.978 5.990 6.002 6.015 6.029 6.044 6.059 6.075 6.092 6.109 6.127 6.145 6.163 6.181 6.199 6.217 6.235 6.253 6.271 6.289 6.306 6.322 6.339 6.356 6.374 6.393 6.411 6.430 6.450 6.469 6.489 6.509 6.529 6.548 6.568 6.587 6.605 6.623 6.639 6.655 6.670 6.684 6.698 6.710 6.722
5.535 5.553 5.570 5.587 5.603 5.619 5.636 5.653 5.670 5.688 5.705 5.723 5.741 5.759 5.776 5.794 5.811 5.829 5.845 5.862 5.877 5.893 5.907 5.921 5.934 5.946 5.958 5.968 5.978 5.989 6.000 6.012 6.024 6.036 6.050 6.064 6.079 6.095 6.111 6.128 6.145 6.162 6.180 6.198 6.216 6.234 6.252 6.270 6.287 6.304 6.321 6.338 6.356 6.374 6.393 6.412 6.432 6.451 6.472 6.492 6.513 6.533 6.554 6.574 6.594 6.614 6.633 6.650 6.668 6.684 6.699 6.714 6.727 6.739
5.551 5.568 5.585 5.602 5.617 5.633 5.649 5.666 5.682 5.699 5.716 5.733 5.750 5.767 5.785 5.802 5.819 5.836 5.853 5.870 5.886 5.902 5.917 5.931 5.945 5.958 5.969 5.979 5.990 6.001 6.012 6.023 6.034 6.046 6.058 6.071 6.085 6.100 6.115 6.131 6.147 6.164 6.181 6.199 6.216 6.234 6.252 6.270 6.287 6.304 6.321 6.339 6.357 6.375 6.394 6.414 6.434 6.454 6.475 6.496 6.517 6.539 6.560 6.581 6.603 6.623 6.643 6.662 6.681 6.698 6.715 6.730 6.744 6.757
5.567 5.584 5.601 5.617 5.633 5.648 5.664 5.680 5.696 5.712 5.728 5.744 5.760 5.777 5.794 5.811 5.828 5.845 5.861 5.878 5.894 5.910 5.926 5.941 5.955 5.969 5.981 5.991 6.002 6.013 6.024 6.035 6.046 6.057 6.069 6.081 6.094 6.107 6.122 6.137 6.152 6.168 6.185 6.202 6.219 6.236 6.254 6.271 6.289 6.306 6.323 6.341 6.359 6.378 6.397 6.417 6.437 6.458 6.479 6.501 6.523 6.545 6.567 6.590 6.612 6.633 6.655 6.675 6.695 6.713 6.731 6.748 6.762 6.776
5.583 5.601 5.618 5.634 5.649 5.664 5.680 5.695 5.710 5.726 5.741 5.757 5.772 5.788 5.804 5.821 5.837 5.854 5.870 5.887 5.903 5.919 5.935 5.951 5.965 5.979 5.992 6.003 6.015 6.026 6.038 6.048 6.059 6.070 6.081 6.093 6.105 6.117 6.131 6.145 6.160 6.175 6.191 6.207 6.224 6.241 6.258 6.275 6.293 6.310 6.327 6.345 6.363 6.382 6.402 6.422 6.442 6.463 6.485 6.507 6.529 6.552 6.575 6.599 6.622 6.644 6.667 6.688 6.709 6.729 6.748 6.766 6.781 6.796
5.600 5.618 5.635 5.651 5.666 5.681 5.697 5.712 5.727 5.741 5.756 5.771 5.786 5.801 5.816 5.832 5.848 5.864 5.880 5.897 5.913 5.929 5.945 5.961 5.976 5.990 6.003 6.016 6.028 6.040 6.051 6.062 6.073 6.084 6.095 6.106 6.117 6.129 6.142 6.155 6.169 6.184 6.199 6.215 6.231 6.247 6.264 6.281 6.299 6.316 6.333 6.350 6.369 6.388 6.407 6.428 6.448 6.470 6.492 6.514 6.537 6.561 6.584 6.608 6.632 6.656 6.679 6.702 6.724 6.745 6.765 6.784 6.801 6.816
5.616 5.635 5.652 5.668 5.683 5.699 5.714 5.729 5.744 5.759 5.773 5.787 5.801 5.816 5.830 5.845 5.860 5.876 5.892 5.907 5.923 5.939 5.955 5.971 5.987 6.002 6.015 6.028 6.041 6.053 6.065 6.077 6.088 6.099 6.110 6.121 6.132 6.144 6.156 6.168 6.181 6.195 6.210 6.225 6.240 6.256 6.273 6.290 6.307 6.324 6.340 6.358 6.376 6.395 6.415 6.435 6.456 6.478 6.500 6.523 6.546 6.570 6.595 6.619 6.644 6.669 6.693 6.717 6.740 6.762 6.783 6.803 6.821 6.837
5.632 5.651 5.669 5.685 5.701 5.717 5.733 5.748 5.762 5.777 5.791 5.804 5.818 5.832 5.846 5.860 5.875 5.889 5.904 5.920 5.935 5.951 5.967 5.982 5.998 6.013 6.027 6.041 6.054 6.067 6.080 6.092 6.104 6.115 6.126 6.137 6.148 6.159 6.171 6.183 6.195 6.209 6.222 6.237 6.252 6.267 6.283 6.300 6.317 6.333 6.350 6.367 6.386 6.405 6.424 6.444 6.465 6.487 6.509 6.532 6.556 6.581 6.605 6.631 6.656 6.682 6.707 6.732 6.756 6.780 6.802 6.823 6.842 6.860
5.648 5.667 5.685 5.702 5.718 5.735 5.751 5.766 5.781 5.795 5.809 5.823 5.836 5.850 5.863 5.877 5.890 5.904 5.919 5.933 5.948 5.964 5.979 5.995 6.010 6.026 6.040 6.054 6.068 6.081 6.094 6.107 6.119 6.131 6.143 6.154 6.165 6.176 6.187 6.199 6.211 6.224 6.237 6.251 6.266 6.281 6.296 6.312 6.329 6.345 6.361 6.379 6.397 6.415 6.435 6.455 6.476 6.498 6.520 6.543 6.567 6.592 6.617 6.643 6.669 6.695 6.721 6.747 6.773 6.797 6.821 6.844 6.864 6.883
5.663 5.682 5.701 5.719 5.735 5.752 5.769 5.785 5.800 5.814 5.829 5.842 5.856 5.869 5.882 5.895 5.908 5.921 5.935 5.949 5.963 5.978 5.993 6.008 6.024 6.039 6.053 6.067 6.081 6.096 6.109 6.123 6.135 6.148 6.160 6.171 6.183 6.194 6.205 6.217 6.229 6.241 6.254 6.267 6.281 6.296 6.311 6.327 6.343 6.359 6.375 6.392 6.409 6.428 6.447 6.467 6.488 6.510 6.532 6.555 6.579 6.604 6.630 6.656 6.683 6.709 6.736 6.763 6.790 6.816 6.841 6.865 6.886 6.907
5.677 5.697 5.716 5.734 5.752 5.769 5.786 5.803 5.818 5.833 5.848 5.862 5.875 5.888 5.901 5.914 5.927 5.939 5.952 5.966 5.979 5.994 6.008 6.023 6.038 6.053 6.068 6.082 6.096 6.110 6.125 6.138 6.152 6.165 6.177 6.189 6.201 6.212 6.224 6.235 6.247 6.259 6.272 6.285 6.299 6.313 6.328 6.343 6.359 6.374 6.390 6.406 6.424 6.442 6.461 6.481 6.501 6.523 6.545 6.568 6.593 6.618 6.643 6.670 6.697 6.724 6.752 6.780 6.807 6.834 6.861 6.886 6.909 6.931
5.691 5.711 5.731 5.750 5.767 5.785 5.803 5.820 5.836 5.852 5.867 5.881 5.895 5.909 5.921 5.934 5.946 5.959 5.971 5.984 5.997 6.011 6.025 6.039 6.054 6.069 6.083 6.097 6.111 6.126 6.140 6.155 6.168 6.182 6.195 6.207 6.219 6.231 6.243 6.255 6.267 6.279 6.291 6.304 6.317 6.331 6.346 6.361 6.376 6.391 6.406 6.423 6.440 6.458 6.477 6.496 6.516 6.537 6.559 6.583 6.607 6.632 6.658 6.684 6.712 6.740 6.768 6.797 6.825 6.853 6.881 6.908 6.933 6.956
5.705 5.725 5.745 5.764 5.782 5.801 5.819 5.837 5.854 5.870 5.886 5.901 5.915 5.929 5.942 5.955 5.967 5.979 5.992 6.004 6.017 6.029 6.043 6.056 6.071 6.085 6.099 6.113 6.127 6.142 6.157 6.171 6.185 6.199 6.213 6.226 6.238 6.251 6.263 6.275 6.287 6.299 6.311 6.324 6.337 6.351 6.365 6.380 6.395 6.410 6.424 6.440 6.457 6.475 6.493 6.512 6.532 6.553 6.575 6.598 6.622 6.647 6.673 6.699 6.727 6.756 6.785 6.814 6.843 6.873 6.902 6.930 6.956 6.980
5.718 5.738 5.759 5.778 5.797 5.816 5.834 5.853 5.870 5.887 5.904 5.919 5.934 5.949 5.962 5.975 5.988 6.000 6.013 6.025 6.037 6.049 6.062 6.075 6.089 6.103 6.116 6.130 6.144 6.159 6.173 6.188 6.203 6.217 6.231 6.244 6.257 6.270 6.282 6.295 6.307 6.319 6.332 6.345 6.358 6.371 6.386 6.400 6.415 6.429 6.444 6.460 6.476 6.494 6.511 6.530 6.550 6.570 6.591 6.614 6.638 6.662 6.688 6.715 6.743 6.772 6.802 6.832 6.862 6.893 6.923 6.952 6.979 7.005
5.730 5.751 5.772 5.791 5.810 5.830 5.849 5.868 5.886 5.904 5.921 5.937 5.953 5.968 5.982 5.996 6.009 6.022 6.034 6.046 6.058 6.070 6.083 6.095 6.108 6.122 6.135 6.148 6.162 6.176 6.191 6.206 6.220 6.235 6.249 6.263 6.276 6.289 6.302 6.315 6.328 6.340 6.353 6.366 6.379 6.393 6.407 6.421 6.436 6.450 6.465 6.480 6.496 6.513 6.531 6.549 6.568 6.588 6.609 6.631 6.655 6.679 6.705 6.732 6.760 6.789 6.819 6.850 6.881 6.912 6.944 6.973 7.002 7.029
5.743 5.764 5.785 5.804 5.824 5.843 5.863 5.882 5.901 5.920 5.937 5.954 5.971 5.987 6.002 6.016 6.030 6.043 6.055 6.068 6.080 6.092 6.104 6.116 6.129 6.142 6.154 6.167 6.181 6.195 6.209 6.224 6.239 6.253 6.268 6.282 6.296 6.309 6.322 6.336 6.349 6.361 6.374 6.387 6.401 6.415 6.429 6.443 6.458 6.472 6.486 6.502 6.518 6.534 6.552 6.570 6.588 6.608 6.628 6.650 6.673 6.697 6.722 6.749 6.778 6.807 6.837 6.868 6.900 6.932 6.964 6.995 7.024 7.052
5.756 5.776 5.797 5.817 5.836 5.856 5.876 5.896 5.916 5.935 5.953 5.971 5.988 6.004 6.020 6.035 6.050 6.063 6.076 6.089 6.101 6.114 6.126 6.138 6.150 6.163 6.175 6.187 6.200 6.214 6.228 6.243 6.257 6.272 6.287 6.301 6.315 6.329 6.343 6.356 6.369 6.383 6.396 6.409 6.423 6.437 6.451 6.466 6.480 6.494 6.508 6.524 6.540 6.556 6.573 6.591 6.609 6.628 6.648 6.670 6.692 6.716 6.741 6.768 6.796 6.825 6.856 6.887 6.919 6.952 6.985 7.016 7.046 7.075
5.768 5.789 5.810 5.829 5.849 5.869 5.889 5.910 5.929 5.949 5.968 5.986 6.004 6.021 6.038 6.054 6.069 6.083 6.097 6.110 6.123 6.135 6.148 6.160 6.172 6.184 6.196 6.208 6.221 6.234 6.248 6.262 6.277 6.291 6.306 6.320 6.335 6.349 6.363 6.377 6.390 6.404 6.417 6.431 6.445 6.459 6.473 6.488 6.503 6.516 6.531 6.547 6.563 6.579 6.596 6.614 6.632 6.650 6.670 6.690 6.712 6.735 6.760 6.787 6.814 6.844 6.874 6.906 6.938 6.971 7.004 7.037 7.067 7.097
5.781 5.802 5.822 5.842 5.861 5.882 5.902 5.922 5.943 5.962 5.982 6.001 6.019 6.037 6.055 6.071 6.087 6.102 6.117 6.131 6.144 6.157 6.169 6.182 6.194 6.206 6.217 6.229 6.242 6.255 6.269 6.283 6.297 6.311 6.326 6.340 6.355 6.369 6.383 6.397 6.411 6.425 6.439 6.453 6.467 6.481 6.496 6.511 6.525 6.540 6.555 6.570 6.587 6.603 6.620 6.637 6.655 6.673 6.692 6.712 6.734 6.756 6.780 6.806 6.834 6.863 6.893 6.925 6.957 6.990 7.024 7.057 7.088 7.118
5.795 5.815 5.835 5.854 5.874 5.894 5.915 5.935 5.955 5.975 5.995 6.015 6.034 6.052 6.070 6.088 6.104 6.120 6.136 6.150 6.164 6.178 6.191 6.203 6.216 6.228 6.239 6.251 6.263 6.276 6.290 6.303 6.317 6.331 6.346 6.360 6.375 6.389 6.403 6.418 6.432 6.446 6.460 6.474 6.489 6.503 6.518 6.534 6.548 6.563 6.578 6.594 6.611 6.627 6.644 6.661 6.679 6.697 6.716 6.735 6.756 6.778 6.801 6.827 6.854 6.882 6.912 6.944 6.976 7.010 7.043 7.076 7.108 7.139
5.809 5.828 5.848 5.867 5.886 5.906 5.927 5.947 5.968 5.988 6.008 6.028 6.048 6.067 6.086 6.104 6.121 6.138 6.154 6.169 6.184 6.198 6.212 6.225 6.238 6.250 6.261 6.273 6.285 6.298 6.311 6.324 6.338 6.352 6.366 6.381 6.395 6.410 6.424 6.438 6.453 6.467 6.481 6.496 6.510 6.525 6.541 6.556 6.571 6.586 6.602 6.618 6.635 6.652 6.669 6.686 6.704 6.722 6.740 6.759 6.779 6.801 6.823 6.848 6.874 6.902 6.932 6.963 6.995 7.028 7.062 7.096 7.128 7.159
5.824 5.843 5.862 5.880 5.899 5.919 5.939 5.960 5.980 6.001 6.021 6.041 6.061 6.081 6.100 6.119 6.137 6.154 6.171 6.187 6.202 6.217 6.232 6.245 6.259 6.271 6.282 6.294 6.307 6.320 6.333 6.346 6.359 6.373 6.387 6.402 6.416 6.430 6.445 6.459 6.474 6.488 6.503 6.517 6.532 6.547 6.563 6.579 6.594 6.609 6.625 6.642 6.659 6.676 6.694 6.711 6.729 6.747 6.765 6.784 6.803 6.824 6.846 6.870 6.895 6.922 6.951 6.982 7.014 7.047 7.081 7.115 7.147 7.179
5.840 5.858 5.876 5.894 5.912 5.932 5.952 5.972 5.993 6.013 6.033 6.054 6.074 6.094 6.114 6.133 6.152 6.170 6.187 6.204 6.220 6.236 6.251 6.265 6.279 6.292 6.304 6.316 6.328 6.341 6.354 6.367 6.381 6.394 6.408 6.422 6.437 6.451 6.466 6.480 6.495 6.509 6.524 6.539 6.554 6.569 6.585 6.601 6.617 6.632 6.649 6.666 6.683 6.701 6.719 6.737 6.754 6.772 6.790 6.809 6.828 6.848 6.869 6.892 6.917 6.943 6.971 7.001 7.033 7.066 7.100 7.133 7.166 7.198
