version2/TsunamiDB/out54058.asc
ncols          264
nrows          230
xllcorner      497853.4375
yllcorner      4229146.0000
cellsize         5.
NODATA_value   -99
[rows 165 to 197 of 230, columns 0 to 73 of 264]
-99.000 -99.000 -99.000 -99.000 -99.000 -99.000 -99.000 -99.000 -99.000 -99.000 -99.000 -99.000 -99.000 -99.000 -99.000 -99.000 -99.000 -99.000 -99.000 -99.000 -99.000 -99.000 -99.000 -99.000 -99.000 -99.000 -99.000 -99.000 -99.000 -99.000 -99.000 -99.000 -99.000 -99.000 -99.000 -99.000 -99.000 1.649 1.655 1.710 1.859 2.097 2.388 2.697 2.989 3.245 3.458 3.629 3.768 3.881 3.977 4.060 4.133 4.199 4.259 4.316 4.369 4.419 4.467 4.512 4.555 4.597 4.637 4.676 4.713 4.750 4.785 4.820 4.855 4.889 4.922 4.955 4.987 5.019
-99.000 -99.000 -99.000 -99.000 -99.000 -99.000 -99.000 -99.000 -99.000 -99.000 -99.000 -99.000 -99.000 -99.000 -99.000 -99.000 -99.000 -99.000 -99.000 -99.000 -99.000 -99.000 -99.000 -99.000 -99.000 -99.000 -99.000 -99.000 -99.000 -99.000 -99.000 -99.000 -99.000 -99.000 -99.000 -99.000 -99.000 1.650 1.668 1.760 1.949 2.214 2.517 2.821 3.100 3.337 3.532 3.689 3.816 3.922 4.012 4.092 4.163 4.227 4.287 4.343 4.395 4.445 4.492 4.536 4.579 4.620 4.660 4.698 4.735 4.771 4.806 4.840 4.874 4.907 4.940 4.972 5.004 5.036
-99.000 -99.000 -99.000 -99.000 -99.000 -99.000 -99.000 -99.000 -99.000 -99.000 -99.000 -99.000 -99.000 -99.000 -99.000 -99.000 -99.000 -99.000 -99.000 -99.000 -99.000 -99.000 -99.000 -99.000 -99.000 -99.000 -99.000 -99.000 -99.000 -99.000 -99.000 -99.000 -99.000 -99.000 -99.000 -99.000 1.649 1.653 1.695 1.829 2.054 2.339 2.646 2.942 3.204 3.422 3.600 3.743 3.861 3.960 4.046 4.122 4.192 4.255 4.313 4.369 4.421 4.470 4.516 4.561 4.603 4.643 4.682 4.720 4.756 4.792 4.826 4.860 4.893 4.926 4.958 4.990 5.021 5.052
-99.000 -99.000 -99.000 -99.000 -99.000 -99.000 -99.000 -99.000 -99.000 -99.000 -99.000 -99.000 -99.000 -99.000 -99.000 -99.000 -99.000 -99.000 -99.000 -99.000 -99.000 -99.000 -99.000 -99.000 -99.000 -99.000 -99.000 -99.000 -99.000 -99.000 -99.000 -99.000 -99.000 -99.000 -99.000 -99.000 1.649 1.662 1.740 1.916 2.171 2.470 2.775 3.057 3.300 3.500 3.662 3.793 3.902 3.995 4.078 4.152 4.219 4.281 4.339 4.394 4.446 4.494 4.540 4.584 4.626 4.666 4.705 4.742 4.778 4.813 4.847 4.880 4.912 4.944 4.976 5.007 5.038 5.068
-99.000 -99.000 -99.000 -99.000 -99.000 -99.000 -99.000 -99.000 -99.000 -99.000 -99.000 -99.000 -99.000 -99.000 -99.000 -99.000 -99.000 -99.000 -99.000 -99.000 -99.000 -99.000 -99.000 -99.000 -99.000 -99.000 -99.000 -99.000 -99.000 -99.000 -99.000 -99.000 -99.000 -99.000 -99.000 1.649 1.651 1.685 1.805 2.019 2.298 2.603 2.901 3.166 3.389 3.571 3.718 3.838 3.940 4.029 4.108 4.180 4.246 4.307 4.364 4.419 4.470 4.518 4.564 4.608 4.649 4.689 4.727 4.764 4.799 4.834 4.867 4.900 4.932 4.963 4.994 5.025 5.055 5.085
-99.000 -99.000 -99.000 -99.000 -99.000 -99.000 -99.000 -99.000 -99.000 -99.000 -99.000 -99.000 -99.000 -99.000 -99.000 -99.000 -99.000 -99.000 -99.000 -99.000 -99.000 -99.000 -99.000 -99.000 -99.000 -99.000 -99.000 -99.000 -99.000 -99.000 -99.000 -99.000 -99.000 -99.000 -99.000 1.649 1.659 1.725 1.889 2.136 2.431 2.736 3.021 3.267 3.471 3.635 3.769 3.880 3.976 4.060 4.136 4.206 4.271 4.332 4.388 4.442 4.493 4.541 4.587 4.630 4.672 4.711 4.749 4.785 4.820 4.854 4.887 4.920 4.951 4.982 5.012 5.042 5.072 5.101
-99.000 -99.000 -99.000 -99.000 -99.000 -99.000 -99.000 -99.000 -99.000 -99.000 -99.000 -99.000 -99.000 -99.000 -99.000 -99.000 -99.000 -99.000 -99.000 -99.000 -99.000 -99.000 -99.000 -99.000 -99.000 -99.000 -99.000 -99.000 -99.000 -99.000 -99.000 -99.000 -99.000 -99.000 -99.000 1.651 1.677 1.786 1.991 2.264 2.567 2.866 3.134 3.360 3.544 3.693 3.816 3.919 4.009 4.090 4.163 4.232 4.296 4.355 4.411 4.465 4.516 4.564 4.609 4.653 4.694 4.733 4.771 4.807 4.842 4.875 4.908 4.940 4.971 5.001 5.031 5.060 5.089 5.118
-99.000 -99.000 -99.000 -99.000 -99.000 -99.000 -99.000 -99.000 -99.000 -99.000 -99.000 -99.000 -99.000 -99.000 -99.000 -99.000 -99.000 -99.000 -99.000 -99.000 -99.000 -99.000 -99.000 -99.000 -99.000 -99.000 -99.000 -99.000 -99.000 -99.000 -99.000 -99.000 -99.000 -99.000 1.649 1.656 1.714 1.868 2.108 2.399 2.704 2.990 3.239 3.445 3.611 3.746 3.858 3.955 4.040 4.118 4.189 4.256 4.319 4.377 4.434 4.487 4.538 4.585 4.631 4.674 4.715 4.755 4.792 4.828 4.863 4.896 4.928 4.959 4.990 5.020 5.049 5.078 5.106 5.135
-99.000 -99.000 -99.000 -99.000 -99.000 -99.000 -99.000 -99.000 -99.000 -99.000 -99.000 -99.000 -99.000 -99.000 -99.000 -99.000 -99.000 -99.000 -99.000 -99.000 -99.000 -99.000 -99.000 -99.000 -99.000 -99.000 -99.000 -99.000 -99.000 -99.000 -99.000 -99.000 -99.000 -99.000 1.650 1.672 1.772 1.969 2.237 2.538 2.837 3.107 3.335 3.521 3.671 3.794 3.898 3.988 4.069 4.144 4.214 4.280 4.341 4.399 4.455 4.508 4.558 4.606 4.652 4.695 4.736 4.775 4.813 4.849 4.883 4.916 4.948 4.979 5.009 5.039 5.068 5.096 5.124 5.152
-99.000 -99.000 -99.000 -99.000 -99.000 -99.000 -99.000 -99.000 -99.000 -99.000 -99.000 -99.000 -99.000 -99.000 -99.000 -99.000 -99.000 -99.000 -99.000 -99.000 -99.000 -99.000 -99.000 -99.000 -99.000 -99.000 -99.000 -99.000 -99.000 -99.000 -99.000 -99.000 -99.000 1.649 1.655 1.706 1.852 2.086 2.374 2.678 2.965 3.215 3.422 3.590 3.725 3.838 3.934 4.019 4.097 4.169 4.237 4.301 4.361 4.419 4.475 4.528 4.578 4.626 4.671 4.715 4.756 4.795 4.833 4.869 4.903 4.936 4.968 4.999 5.029 5.058 5.086 5.114 5.142 5.169
-99.000 -99.000 -99.000 -99.000 -99.000 -99.000 -99.000 -99.000 -99.000 -99.000 -99.000 -99.000 -99.000 -99.000 -99.000 -99.000 -99.000 -99.000 -99.000 -99.000 -99.000 -99.000 -99.000 -99.000 -99.000 -99.000 -99.000 -99.000 -99.000 -99.000 -99.000 -99.000 -99.000 1.650 1.669 1.762 1.952 2.216 2.515 2.814 3.085 3.315 3.501 3.652 3.775 3.878 3.968 4.049 4.123 4.193 4.259 4.322 4.381 4.438 4.493 4.546 4.596 4.644 4.690 4.734 4.775 4.815 4.852 4.888 4.923 4.956 4.988 5.018 5.048 5.077 5.105 5.133 5.160 5.187
-99.000 -99.000 -99.000 -99.000 -99.000 -99.000 -99.000 -99.000 -99.000 -99.000 -99.000 -99.000 -99.000 -99.000 -99.000 -99.000 -99.000 -99.000 -99.000 -99.000 -99.000 -99.000 -99.000 -99.000 -99.000 -99.000 -99.000 -99.000 -99.000 -99.000 -99.000 -99.000 1.649 1.654 1.700 1.840 2.069 2.354 2.657 2.945 3.196 3.405 3.572 3.708 3.820 3.915 4.000 4.076 4.148 4.216 4.280 4.342 4.400 4.456 4.511 4.564 4.614 4.662 4.708 4.752 4.793 4.833 4.871 4.907 4.942 4.975 5.007 5.038 5.067 5.096 5.124 5.152 5.179 5.205
-99.000 -99.000 -99.000 -99.000 -99.000 -99.000 -99.000 -99.000 -99.000 -99.000 -99.000 -99.000 -99.000 -99.000 -99.000 -99.000 -99.000 -99.000 -99.000 -99.000 -99.000 -99.000 -99.000 -99.000 -99.000 -99.000 -99.000 -99.000 -99.000 -99.000 -99.000 -99.000 1.650 1.666 1.753 1.938 2.199 2.496 2.795 3.067 3.298 3.486 3.636 3.759 3.861 3.950 4.030 4.103 4.172 4.237 4.300 4.360 4.418 4.473 4.528 4.580 4.630 4.678 4.724 4.768 4.810 4.850 4.889 4.925 4.960 4.993 5.026 5.056 5.086 5.115 5.143 5.171 5.197 5.224
-99.000 -99.000 -99.000 -99.000 -99.000 -99.000 -99.000 -99.000 -99.000 -99.000 -99.000 -99.000 -99.000 -99.000 -99.000 -99.000 -99.000 -99.000 -99.000 -99.000 -99.000 -99.000 -99.000 -99.000 -99.000 -99.000 -99.000 -99.000 -99.000 -99.000 -99.000 1.649 1.653 1.696 1.830 2.054 2.337 2.639 2.928 3.181 3.390 3.558 3.694 3.805 3.900 3.983 4.058 4.128 4.195 4.258 4.319 4.378 4.435 4.489 4.543 4.595 4.645 4.693 4.739 4.783 4.826 4.866 4.905 4.942 4.977 5.011 5.043 5.075 5.105 5.134 5.162 5.189 5.216 5.243
-99.000 -99.000 -99.000 -99.000 -99.000 -99.000 -99.000 -99.000 -99.000 -99.000 -99.000 -99.000 -99.000 -99.000 -99.000 -99.000 -99.000 -99.000 -99.000 -99.000 -99.000 -99.000 -99.000 -99.000 -99.000 -99.000 -99.000 -99.000 -99.000 -99.000 -99.000 1.650 1.664 1.747 1.927 2.184 2.480 2.779 3.052 3.284 3.473 3.624 3.746 3.848 3.936 4.014 4.085 4.153 4.217 4.278 4.338 4.395 4.451 4.504 4.557 4.609 4.658 4.706 4.753 4.797 4.840 4.881 4.920 4.957 4.993 5.028 5.060 5.092 5.123 5.152 5.180 5.208 5.235 5.261
-99.000 -99.000 -99.000 -99.000 -99.000 -99.000 -99.000 -99.000 -99.000 -99.000 -99.000 -99.000 -99.000 -99.000 -99.000 -99.000 -99.000 -99.000 -99.000 -99.000 -99.000 -99.000 -99.000 -99.000 -99.000 -99.000 -99.000 -99.000 -99.000 -99.000 1.649 1.652 1.692 1.821 2.041 2.322 2.624 2.913 3.168 3.378 3.548 3.683 3.794 3.888 3.969 4.043 4.112 4.176 4.238 4.298 4.356 4.412 4.466 4.519 4.571 4.622 4.671 4.719 4.765 4.810 4.853 4.894 4.934 4.972 5.008 5.043 5.077 5.109 5.140 5.170 5.199 5.227 5.254 5.280
-99.000 -99.000 -99.000 -99.000 -99.000 -99.000 -99.000 -99.000 -99.000 -99.000 -99.000 -99.000 -99.000 -99.000 -99.000 -99.000 -99.000 -99.000 -99.000 -99.000 -99.000 -99.000 -99.000 -99.000 -99.000 -99.000 -99.000 -99.000 -99.000 -99.000 1.649 1.663 1.740 1.916 2.170 2.465 2.765 3.039 3.273 3.463 3.615 3.737 3.838 3.925 4.001 4.072 4.137 4.199 4.259 4.317 4.373 4.428 4.480 4.532 4.583 4.633 4.682 4.730 4.776 4.821 4.864 4.906 4.946 4.984 5.022 5.057 5.092 5.125 5.156 5.187 5.216 5.245 5.272 5.299
-99.000 -99.000 -99.000 -99.000 -99.000 -99.000 -99.000 -99.000 -99.000 -99.000 -99.000 -99.000 -99.000 -99.000 -99.000 -99.000 -99.000 -99.000 -99.000 -99.000 -99.000 -99.000 -99.000 -99.000 -99.000 -99.000 -99.000 -99.000 -99.000 1.649 1.652 1.688 1.812 2.029 2.307 2.609 2.900 3.156 3.368 3.539 3.675 3.786 3.879 3.960 4.032 4.099 4.162 4.222 4.279 4.335 4.390 4.443 4.495 4.545 4.595 4.644 4.693 4.740 4.786 4.830 4.874 4.916 4.956 4.996 5.034 5.070 5.105 5.139 5.172 5.203 5.233 5.262 5.290 5.318
-99.000 -99.000 -99.000 -99.000 -99.000 -99.000 -99.000 -99.000 -99.000 -99.000 -99.000 -99.000 -99.000 -99.000 -99.000 -99.000 -99.000 -99.000 -99.000 -99.000 -99.000 -99.000 -99.000 -99.000 -99.000 -99.000 -99.000 -99.000 -99.000 1.649 1.661 1.734 1.905 2.156 2.450 2.750 3.027 3.262 3.454 3.607 3.730 3.831 3.917 3.993 4.062 4.125 4.186 4.244 4.300 4.354 4.407 4.459 4.508 4.557 4.607 4.655 4.702 4.749 4.794 4.839 4.882 4.925 4.966 5.006 5.044 5.082 5.118 5.153 5.186 5.218 5.249 5.279 5.308 5.335
-99.000 -99.000 -99.000 -99.000 -99.000 -99.000 -99.000 -99.000 -99.000 -99.000 -99.000 -99.000 -99.000 -99.000 -99.000 -99.000 -99.000 -99.000 -99.000 -99.000 -99.000 -99.000 -99.000 -99.000 -99.000 -99.000 -99.000 -99.000 1.650 1.651 1.684 1.803 2.016 2.292 2.594 2.886 3.144 3.359 3.532 3.669 3.780 3.873 3.953 4.025 4.090 4.151 4.210 4.266 4.320 4.372 4.423 4.474 4.522 4.570 4.618 4.665 4.711 4.757 4.802 4.846 4.890 4.932 4.974 5.014 5.054 5.092 5.129 5.165 5.199 5.232 5.264 5.295 5.324 5.352
-99.000 -99.000 -99.000 -99.000 -99.000 -99.000 -99.000 -99.000 -99.000 -99.000 -99.000 -99.000 -99.000 -99.000 -99.000 -99.000 -99.000 -99.000 -99.000 -99.000 -99.000 -99.000 -99.000 -99.000 -99.000 -99.000 -99.000 -99.000 1.650 1.659 1.728 1.894 2.141 2.434 2.735 3.014 3.252 3.446 3.601 3.725 3.827 3.912 3.987 4.055 4.118 4.177 4.233 4.287 4.339 4.390 4.440 4.489 4.536 4.582 4.628 4.674 4.720 4.764 4.809 4.853 4.896 4.939 4.981 5.022 5.062 5.101 5.139 5.175 5.211 5.245 5.277 5.309 5.339 5.368
-99.000 -99.000 -99.000 -99.000 -99.000 -99.000 -99.000 -99.000 -99.000 -99.000 -99.000 -99.000 -99.000 -99.000 -99.000 -99.000 -99.000 -99.000 -99.000 -99.000 -99.000 -99.000 -99.000 -99.000 -99.000 -99.000 -99.000 1.650 1.652 1.681 1.794 2.002 2.276 2.577 2.871 3.132 3.350 3.525 3.664 3.777 3.870 3.950 4.020 4.085 4.145 4.202 4.256 4.308 4.359 4.408 4.456 4.504 4.549 4.594 4.639 4.684 4.728 4.772 4.816 4.859 4.902 4.945 4.987 5.028 5.069 5.109 5.147 5.185 5.221 5.256 5.289 5.321 5.352 5.382
-99.000 -99.000 -99.000 -99.000 -99.000 -99.000 -99.000 -99.000 -99.000 -99.000 -99.000 -99.000 -99.000 -99.000 -99.000 -99.000 -99.000 -99.000 -99.000 -99.000 -99.000 -99.000 -99.000 -99.000 -99.000 -99.000 -99.000 1.650 1.659 1.721 1.881 2.125 2.416 2.718 3.000 3.241 3.439 3.596 3.722 3.824 3.910 3.985 4.052 4.114 4.172 4.227 4.279 4.330 4.379 4.427 4.473 4.519 4.563 4.607 4.650 4.694 4.737 4.780 4.822 4.865 4.908 4.950 4.992 5.034 5.075 5.115 5.154 5.192 5.229 5.265 5.299 5.332 5.364 5.395
-99.000 -99.000 -99.000 -99.000 -99.000 -99.000 -99.000 -99.000 -99.000 -99.000 -99.000 -99.000 -99.000 -99.000 -99.000 -99.000 -99.000 -99.000 -99.000 -99.000 -99.000 -99.000 -99.000 -99.000 -99.000 -99.000 -99.000 1.652 1.677 1.784 1.987 2.257 2.559 2.854 3.119 3.341 3.519 3.661 3.775 3.869 3.949 4.019 4.083 4.142 4.198 4.251 4.302 4.351 4.399 4.445 4.490 4.535 4.577 4.620 4.662 4.704 4.746 4.788 4.830 4.872 4.914 4.956 4.997 5.039 5.080 5.120 5.159 5.198 5.235 5.272 5.307 5.341 5.374 5.405
-99.000 -99.000 -99.000 -99.000 -99.000 -99.000 -99.000 -99.000 -99.000 -99.000 -99.000 -99.000 -99.000 -99.000 -99.000 -99.000 -99.000 -99.000 -99.000 -99.000 -99.000 -99.000 -99.000 -99.000 -99.000 -99.000 1.650 1.657 1.714 1.867 2.106 2.396 2.699 2.983 3.229 3.431 3.592 3.720 3.824 3.910 3.985 4.052 4.113 4.170 4.224 4.275 4.325 4.373 4.419 4.464 4.508 4.551 4.592 4.633 4.674 4.715 4.756 4.797 4.837 4.879 4.920 4.961 5.002 5.043 5.084 5.124 5.164 5.202 5.240 5.277 5.313 5.348 5.382 5.414
-99.000 -99.000 -99.000 -99.000 -99.000 -99.000 -99.000 -99.000 -99.000 -99.000 -99.000 -99.000 -99.000 -99.000 -99.000 -99.000 -99.000 -99.000 -99.000 -99.000 -99.000 -99.000 -99.000 -99.000 -99.000 -99.000 1.651 1.674 1.772 1.969 2.236 2.537 2.835 3.104 3.330 3.513 3.658 3.774 3.869 3.950 4.020 4.084 4.143 4.198 4.250 4.300 4.348 4.394 4.439 4.483 4.526 4.567 4.607 4.647 4.687 4.727 4.767 4.806 4.846 4.886 4.927 4.967 5.007 5.048 5.088 5.127 5.167 5.205 5.244 5.281 5.318 5.353 5.388 5.421
-99.000 -99.000 -99.000 -99.000 -99.000 -99.000 -99.000 -99.000 -99.000 -99.000 -99.000 -99.000 -99.000 -99.000 -99.000 -99.000 -99.000 -99.000 -99.000 -99.000 -99.000 -99.000 -99.000 -99.000 -99.000 1.650 1.656 1.707 1.852 2.085 2.373 2.677 2.965 3.215 3.422 3.587 3.718 3.824 3.912 3.987 4.054 4.115 4.172 4.225 4.275 4.324 4.371 4.416 4.460 4.502 4.544 4.583 4.623 4.662 4.701 4.740 4.778 4.817 4.856 4.895 4.934 4.974 5.013 5.052 5.091 5.130 5.169 5.208 5.246 5.283 5.320 5.356 5.392 5.426
-99.000 -99.000 -99.000 -99.000 -99.000 -99.000 -99.000 -99.000 -99.000 -99.000 -99.000 -99.000 -99.000 -99.000 -99.000 -99.000 -99.000 -99.000 -99.000 -99.000 -99.000 -99.000 -99.000 -99.000 -99.000 1.651 1.669 1.761 1.949 2.212 2.512 2.812 3.086 3.318 3.505 3.654 3.773 3.870 3.952 4.023 4.087 4.146 4.200 4.252 4.301 4.348 4.394 4.438 4.480 4.522 4.563 4.601 4.639 4.678 4.716 4.754 4.791 4.829 4.867 4.905 4.943 4.981 5.019 5.057 5.095 5.133 5.171 5.209 5.247 5.284 5.321 5.358 5.394 5.429
-99.000 -99.000 -99.000 -99.000 -99.000 -99.000 -99.000 -99.000 -99.000 -99.000 -99.000 -99.000 -99.000 -99.000 -99.000 -99.000 -99.000 -99.000 -99.000 -99.000 -99.000 -99.000 -99.000 -99.000 1.650 1.654 1.699 1.835 2.061 2.345 2.650 2.942 3.198 3.411 3.581 3.716 3.824 3.914 3.991 4.058 4.119 4.175 4.228 4.278 4.326 4.372 4.417 4.460 4.502 4.542 4.582 4.620 4.657 4.695 4.732 4.769 4.806 4.842 4.879 4.916 4.953 4.990 5.027 5.063 5.100 5.137 5.174 5.211 5.248 5.285 5.322 5.358 5.394 5.429
-99.000 -99.000 -99.000 -99.000 -99.000 -99.000 -99.000 -99.000 -99.000 -99.000 -99.000 -99.000 -99.000 -99.000 -99.000 -99.000 -99.000 -99.000 -99.000 -99.000 -99.000 -99.000 -99.000 -99.000 1.651 1.665 1.747 1.927 2.184 2.482 2.785 3.064 3.302 3.495 3.649 3.772 3.872 3.955 4.027 4.092 4.150 4.205 4.256 4.305 4.352 4.397 4.440 4.482 4.523 4.563 4.602 4.639 4.675 4.712 4.749 4.785 4.821 4.857 4.893 4.929 4.964 5.000 5.035 5.070 5.106 5.141 5.177 5.213 5.249 5.285 5.321 5.357 5.393 5.429
-99.000 -99.000 -99.000 -99.000 -99.000 -99.000 -99.000 -99.000 -99.000 -99.000 -99.000 -99.000 -99.000 -99.000 -99.000 -99.000 -99.000 -99.000 -99.000 -99.000 -99.000 -99.000 -99.000 1.650 1.653 1.690 1.816 2.034 2.314 2.619 2.915 3.177 3.396 3.572 3.712 3.824 3.916 3.994 4.063 4.124 4.181 4.234 4.284 4.331 4.377 4.421 4.464 4.505 4.545 4.584 4.622 4.658 4.694 4.731 4.767 4.802 4.838 4.873 4.908 4.942 4.977 5.011 5.045 5.079 5.113 5.147 5.181 5.216 5.250 5.285 5.321 5.356 5.391 5.427
-99.000 -99.000 -99.000 -99.000 -99.000 -99.000 -99.000 -99.000 -99.000 -99.000 -99.000 -99.000 -99.000 -99.000 -99.000 -99.000 -99.000 -99.000 -99.000 -99.000 -99.000 -99.000 -99.000 1.650 1.661 1.733 1.902 2.153 2.448 2.753 3.037 3.282 3.482 3.642 3.769 3.872 3.958 4.031 4.097 4.156 4.211 4.262 4.311 4.358 4.402 4.445 4.487 4.528 4.567 4.605 4.643 4.679 4.714 4.750 4.785 4.820 4.855 4.889 4.923 4.957 4.990 5.023 5.056 5.088 5.121 5.154 5.186 5.220 5.253 5.287 5.321 5.355 5.389 5.424
-99.000 -99.000 -99.000 -99.000 -99.000 -99.000 -99.000 -99.000 -99.000 -99.000 -99.000 -99.000 -99.000 -99.000 -99.000 -99.000 -99.000 -99.000 -99.000 -99.000 -99.000 -99.000 1.650 1.652 1.682 1.795 2.004 2.279 2.583 2.883 3.151 3.377 3.560 3.705 3.821 3.916 3.997 4.067 4.129 4.187 4.240 4.290 4.338 4.384 4.427 4.470 4.511 4.550 4.589 4.627 4.664 4.699 4.734 4.770 4.805 4.839 4.873 4.907 4.940 4.973 5.005 5.037 5.068 5.100 5.131 5.162 5.193 5.225 5.257 5.289 5.322 5.354 5.388 5.421
