version2/TsunamiDB/out54016.asc
ncols          264
nrows          230
xllcorner      497853.4375
yllcorner      4229146.0000
cellsize         5.
NODATA_value   -99
[rows 155 to 185 of 230, columns 140 to 209 of 264]
2.436 2.808 3.195 3.565 3.887 4.139 4.327 4.468 4.575 4.660 4.732 4.795 4.854 4.909 4.964 5.018 5.071 5.123 5.174 5.225 5.275 5.324 5.374 5.425 5.477 5.530 5.584 5.641 5.695 5.749 5.805 5.859 5.913 5.964 6.012 6.057 6.102 6.149 6.198 6.250 6.302 6.357 6.419 6.488 6.561 6.641 6.717 6.770 6.843 6.933 6.992 7.028 7.055 7.086 7.121 7.165 7.199 7.170 7.193 7.280 7.324 7.326 7.292 7.229 7.128 6.987 6.821 6.654 6.563 6.549
2.564 2.944 3.328 3.683 3.985 4.215 4.388 4.518 4.618 4.699 4.767 4.829 4.886 4.940 4.993 5.045 5.096 5.147 5.196 5.245 5.293 5.341 5.390 5.441 5.493 5.548 5.605 5.665 5.722 5.781 5.841 5.900 5.958 6.013 6.065 6.113 6.161 6.211 6.262 6.316 6.367 6.419 6.480 6.544 6.612 6.692 6.757 6.797 6.867 6.959 7.018 7.055 7.083 7.109 7.139 7.188 7.211 7.162 7.171 7.248 7.280 7.272 7.231 7.159 7.051 6.902 6.739 6.594 6.523 6.525
2.696 3.080 3.456 3.794 4.073 4.284 4.442 4.562 4.657 4.735 4.802 4.862 4.918 4.972 5.023 5.074 5.123 5.172 5.219 5.266 5.312 5.359 5.407 5.457 5.510 5.567 5.627 5.690 5.751 5.814 5.878 5.942 6.004 6.063 6.120 6.174 6.227 6.279 6.333 6.390 6.442 6.494 6.550 6.612 6.677 6.742 6.789 6.823 6.892 6.985 7.048 7.090 7.119 7.148 7.182 7.215 7.210 7.148 7.146 7.209 7.230 7.213 7.163 7.082 6.966 6.821 6.682 6.558 6.504 6.522
2.831 3.215 3.579 3.898 4.153 4.345 4.490 4.602 4.693 4.768 4.834 4.894 4.950 5.003 5.054 5.103 5.151 5.198 5.244 5.288 5.333 5.378 5.426 5.476 5.530 5.588 5.651 5.717 5.782 5.848 5.917 5.985 6.051 6.116 6.180 6.240 6.298 6.353 6.412 6.474 6.527 6.577 6.629 6.686 6.740 6.786 6.822 6.851 6.919 7.016 7.085 7.131 7.165 7.197 7.222 7.228 7.201 7.127 7.114 7.162 7.174 7.149 7.090 7.002 6.888 6.763 6.648 6.544 6.505 6.539
2.969 3.348 3.697 3.993 4.224 4.397 4.531 4.636 4.724 4.798 4.864 4.924 4.980 5.033 5.083 5.132 5.179 5.225 5.269 5.313 5.356 5.400 5.447 5.497 5.552 5.611 5.676 5.746 5.814 5.885 5.958 6.031 6.102 6.174 6.244 6.311 6.373 6.432 6.496 6.565 6.617 6.664 6.712 6.758 6.799 6.833 6.861 6.885 6.953 7.054 7.127 7.178 7.216 7.241 7.249 7.234 7.187 7.101 7.076 7.111 7.113 7.081 7.017 6.929 6.828 6.727 6.634 6.548 6.526 6.573
3.107 3.478 3.808 4.079 4.286 4.442 4.565 4.665 4.750 4.823 4.890 4.950 5.007 5.060 5.111 5.160 5.206 5.251 5.295 5.337 5.379 5.423 5.470 5.520 5.575 5.637 5.704 5.776 5.849 5.924 6.002 6.080 6.157 6.235 6.312 6.384 6.452 6.514 6.583 6.656 6.710 6.755 6.794 6.829 6.860 6.886 6.909 6.928 6.994 7.097 7.173 7.227 7.260 7.275 7.267 7.231 7.166 7.070 7.033 7.056 7.050 7.015 6.951 6.873 6.791 6.711 6.640 6.571 6.560 6.616
3.247 3.604 3.912 4.155 4.339 4.481 4.595 4.689 4.771 4.844 4.911 4.972 5.030 5.084 5.136 5.185 5.232 5.276 5.319 5.361 5.403 5.446 5.493 5.544 5.600 5.663 5.733 5.808 5.885 5.963 6.047 6.131 6.213 6.297 6.379 6.458 6.530 6.593 6.667 6.746 6.801 6.842 6.874 6.902 6.926 6.946 6.965 6.977 7.039 7.142 7.219 7.270 7.295 7.299 7.276 7.222 7.141 7.034 6.987 7.000 6.990 6.955 6.899 6.836 6.772 6.713 6.661 6.604 6.602 6.665
3.384 3.725 4.005 4.221 4.386 4.515 4.620 4.710 4.790 4.862 4.928 4.990 5.049 5.104 5.156 5.206 5.253 5.298 5.341 5.383 5.425 5.469 5.516 5.568 5.625 5.689 5.761 5.840 5.920 6.003 6.092 6.181 6.269 6.357 6.446 6.530 6.605 6.670 6.748 6.833 6.888 6.927 6.954 6.977 6.997 7.012 7.024 7.029 7.086 7.189 7.261 7.306 7.322 7.314 7.277 7.207 7.111 6.995 6.941 6.947 6.935 6.907 6.863 6.814 6.770 6.730 6.691 6.643 6.648 6.716
3.520 3.837 4.089 4.281 4.429 4.546 4.644 4.729 4.805 4.876 4.942 5.004 5.063 5.119 5.172 5.223 5.271 5.316 5.359 5.401 5.444 5.488 5.536 5.589 5.648 5.714 5.789 5.872 5.955 6.042 6.136 6.230 6.323 6.417 6.510 6.597 6.675 6.740 6.822 6.911 6.968 7.006 7.031 7.051 7.066 7.076 7.083 7.079 7.130 7.227 7.292 7.329 7.336 7.316 7.266 7.181 7.072 6.951 6.891 6.894 6.888 6.870 6.838 6.806 6.778 6.751 6.723 6.683 6.693 6.762
3.650 3.940 4.163 4.335 4.469 4.576 4.667 4.748 4.821 4.889 4.954 5.015 5.074 5.130 5.184 5.235 5.283 5.329 5.372 5.415 5.458 5.504 5.554 5.609 5.670 5.738 5.816 5.901 5.987 6.078 6.176 6.274 6.372 6.470 6.565 6.654 6.735 6.800 6.885 6.977 7.038 7.079 7.104 7.122 7.134 7.138 7.140 7.127 7.168 7.258 7.316 7.345 7.341 7.311 7.250 7.153 7.035 6.909 6.850 6.855 6.856 6.848 6.829 6.811 6.796 6.778 6.758 6.724 6.735 6.804
3.772 4.031 4.231 4.385 4.507 4.606 4.691 4.767 4.837 4.903 4.965 5.025 5.083 5.139 5.192 5.243 5.291 5.337 5.381 5.424 5.469 5.516 5.568 5.625 5.688 5.758 5.838 5.927 6.016 6.109 6.211 6.313 6.415 6.517 6.615 6.708 6.792 6.857 6.943 7.042 7.108 7.151 7.178 7.196 7.204 7.206 7.202 7.178 7.207 7.289 7.341 7.360 7.347 7.308 7.237 7.130 7.002 6.876 6.821 6.831 6.840 6.841 6.834 6.827 6.820 6.811 6.797 6.765 6.776 6.844
3.882 4.113 4.292 4.432 4.544 4.637 4.717 4.789 4.856 4.918 4.978 5.036 5.092 5.146 5.198 5.248 5.295 5.341 5.385 5.428 5.474 5.523 5.577 5.637 5.702 5.775 5.858 5.950 6.041 6.138 6.244 6.350 6.457 6.563 6.664 6.763 6.845 6.906 6.996 7.102 7.172 7.220 7.250 7.268 7.274 7.275 7.262 7.223 7.242 7.317 7.360 7.371 7.350 7.300 7.220 7.100 6.967 6.850 6.802 6.817 6.832 6.843 6.846 6.847 6.847 6.844 6.833 6.802 6.812 6.878
3.979 4.186 4.347 4.474 4.579 4.666 4.743 4.813 4.877 4.937 4.994 5.049 5.102 5.154 5.204 5.252 5.298 5.342 5.385 5.429 5.476 5.527 5.584 5.646 5.715 5.791 5.878 5.973 6.067 6.166 6.275 6.386 6.497 6.607 6.714 6.810 6.887 6.950 7.044 7.155 7.231 7.285 7.318 7.337 7.345 7.337 7.311 7.261 7.271 7.337 7.373 7.378 7.347 7.286 7.192 7.067 6.944 6.835 6.792 6.812 6.835 6.853 6.862 6.869 6.875 6.874 6.864 6.834 6.842 6.905
4.065 4.250 4.395 4.513 4.611 4.695 4.769 4.837 4.899 4.958 5.013 5.065 5.116 5.165 5.212 5.257 5.300 5.343 5.385 5.429 5.476 5.530 5.590 5.656 5.728 5.808 5.897 5.995 6.091 6.193 6.305 6.419 6.532 6.645 6.752 6.844 6.922 6.986 7.084 7.202 7.285 7.343 7.380 7.402 7.406 7.387 7.350 7.291 7.291 7.350 7.380 7.376 7.336 7.264 7.163 7.045 6.932 6.829 6.790 6.816 6.844 6.866 6.880 6.891 6.899 6.900 6.891 6.859 6.865 6.924
4.140 4.306 4.438 4.548 4.641 4.721 4.794 4.861 4.922 4.980 5.034 5.084 5.133 5.179 5.223 5.265 5.305 5.345 5.386 5.429 5.478 5.533 5.596 5.665 5.740 5.822 5.914 6.015 6.113 6.217 6.330 6.445 6.560 6.673 6.779 6.871 6.951 7.017 7.119 7.244 7.332 7.394 7.435 7.455 7.453 7.426 7.378 7.311 7.303 7.354 7.378 7.368 7.320 7.241 7.143 7.033 6.929 6.831 6.797 6.826 6.857 6.883 6.899 6.911 6.920 6.921 6.911 6.879 6.881 6.938
4.207 4.356 4.477 4.579 4.667 4.745 4.816 4.883 4.944 5.002 5.055 5.105 5.151 5.195 5.236 5.275 5.313 5.350 5.389 5.431 5.480 5.537 5.602 5.673 5.750 5.835 5.929 6.031 6.131 6.235 6.349 6.464 6.578 6.690 6.798 6.893 6.977 7.044 7.149 7.279 7.371 7.438 7.477 7.495 7.488 7.452 7.397 7.323 7.307 7.350 7.369 7.354 7.302 7.225 7.133 7.031 6.935 6.842 6.810 6.840 6.873 6.899 6.916 6.928 6.936 6.936 6.927 6.894 6.893 6.945
4.266 4.401 4.512 4.607 4.691 4.766 4.836 4.902 4.964 5.021 5.075 5.124 5.170 5.213 5.251 5.288 5.322 5.357 5.393 5.435 5.484 5.541 5.607 5.679 5.757 5.843 5.939 6.042 6.142 6.246 6.360 6.474 6.586 6.699 6.810 6.910 6.998 7.065 7.172 7.306 7.402 7.469 7.507 7.521 7.510 7.468 7.406 7.324 7.301 7.339 7.354 7.337 7.288 7.217 7.132 7.039 6.948 6.858 6.825 6.855 6.888 6.914 6.930 6.941 6.947 6.947 6.938 6.903 6.897 6.944
4.319 4.442 4.544 4.633 4.713 4.785 4.854 4.919 4.981 5.038 5.092 5.142 5.188 5.229 5.267 5.301 5.333 5.366 5.400 5.441 5.488 5.545 5.610 5.682 5.760 5.845 5.940 6.044 6.145 6.249 6.363 6.476 6.589 6.704 6.819 6.923 7.014 7.081 7.189 7.328 7.424 7.488 7.524 7.535 7.520 7.472 7.403 7.315 7.288 7.322 7.336 7.323 7.280 7.216 7.140 7.054 6.966 6.875 6.840 6.869 6.900 6.925 6.939 6.948 6.953 6.953 6.944 6.905 6.895 6.937
4.366 4.479 4.574 4.658 4.733 4.803 4.870 4.934 4.995 5.053 5.107 5.157 5.203 5.245 5.282 5.315 5.346 5.376 5.409 5.448 5.494 5.548 5.611 5.680 5.756 5.841 5.937 6.041 6.142 6.247 6.361 6.476 6.589 6.706 6.825 6.933 7.026 7.091 7.200 7.339 7.432 7.495 7.527 7.536 7.516 7.462 7.387 7.297 7.266 7.300 7.317 7.310 7.274 7.221 7.152 7.070 6.982 6.890 6.852 6.877 6.906 6.930 6.942 6.949 6.954 6.954 6.944 6.903 6.887 6.922
4.409 4.513 4.602 4.682 4.753 4.821 4.886 4.948 5.008 5.065 5.120 5.171 5.217 5.259 5.297 5.330 5.360 5.390 5.421 5.457 5.499 5.550 5.609 5.675 5.749 5.832 5.928 6.032 6.133 6.239 6.355 6.471 6.586 6.705 6.823 6.933 7.028 7.091 7.198 7.335 7.427 7.486 7.516 7.522 7.499 7.443 7.365 7.273 7.242 7.278 7.301 7.301 7.274 7.229 7.167 7.087 6.999 6.904 6.861 6.882 6.910 6.932 6.943 6.949 6.951 6.950 6.940 6.895 6.873 6.900
4.448 4.545 4.629 4.705 4.774 4.839 4.902 4.963 5.022 5.078 5.133 5.184 5.231 5.275 5.313 5.347 5.377 5.406 5.435 5.468 5.506 5.552 5.606 5.668 5.738 5.818 5.912 6.016 6.118 6.225 6.342 6.460 6.576 6.696 6.815 6.928 7.027 7.084 7.187 7.324 7.415 7.471 7.498 7.503 7.479 7.420 7.339 7.247 7.220 7.261 7.290 7.297 7.278 7.241 7.184 7.106 7.016 6.916 6.868 6.886 6.911 6.931 6.942 6.947 6.947 6.945 6.936 6.886 6.856 6.876
4.482 4.574 4.654 4.727 4.794 4.858 4.919 4.979 5.036 5.093 5.147 5.199 5.247 5.292 5.332 5.367 5.398 5.425 5.453 5.482 5.515 5.555 5.604 5.659 5.724 5.799 5.891 5.996 6.097 6.205 6.325 6.444 6.565 6.686 6.807 6.929 7.022 7.069 7.170 7.308 7.395 7.448 7.475 7.477 7.450 7.386 7.305 7.220 7.199 7.246 7.281 7.295 7.285 7.253 7.199 7.120 7.027 6.925 6.872 6.886 6.908 6.928 6.939 6.943 6.941 6.944 6.933 6.875 6.837 6.849
4.513 4.600 4.678 4.749 4.814 4.877 4.937 4.996 5.053 5.109 5.164 5.216 5.266 5.312 5.354 5.391 5.422 5.449 5.474 5.500 5.529 5.563 5.604 5.653 5.711 5.784 5.874 5.977 6.078 6.188 6.310 6.433 6.557 6.682 6.808 6.921 7.000 7.045 7.147 7.282 7.367 7.419 7.441 7.438 7.407 7.345 7.275 7.197 7.179 7.231 7.273 7.294 7.288 7.259 7.206 7.128 7.036 6.931 6.873 6.883 6.905 6.925 6.936 6.941 6.945 6.945 6.925 6.861 6.816 6.819
4.541 4.624 4.699 4.769 4.834 4.895 4.956 5.014 5.071 5.127 5.183 5.236 5.287 5.336 5.379 5.417 5.450 5.477 5.501 5.524 5.549 5.578 5.613 5.655 5.707 5.774 5.860 5.961 6.062 6.173 6.297 6.423 6.548 6.675 6.796 6.895 6.968 7.013 7.114 7.246 7.330 7.379 7.397 7.391 7.360 7.308 7.248 7.175 7.161 7.219 7.266 7.291 7.288 7.261 7.208 7.133 7.044 6.937 6.874 6.883 6.905 6.924 6.937 6.946 6.949 6.943 6.915 6.844 6.791 6.787
4.566 4.645 4.718 4.787 4.851 4.913 4.973 5.032 5.090 5.146 5.202 5.257 5.310 5.360 5.406 5.447 5.481 5.509 5.533 5.555 5.577 5.602 5.631 5.667 5.712 5.771 5.851 5.949 6.049 6.159 6.283 6.408 6.533 6.655 6.768 6.860 6.930 6.975 7.074 7.205 7.286 7.332 7.347 7.341 7.317 7.276 7.224 7.154 7.145 7.208 7.257 7.284 7.283 7.257 7.208 7.138 7.051 6.942 6.878 6.886 6.907 6.928 6.943 6.952 6.953 6.940 6.903 6.825 6.766 6.754
4.589 4.664 4.735 4.803 4.866 4.928 4.988 5.048 5.106 5.164 5.221 5.278 5.333 5.385 5.433 5.476 5.513 5.543 5.568 5.590 5.610 5.633 5.658 5.687 5.724 5.776 5.850 5.942 6.038 6.144 6.265 6.388 6.507 6.622 6.730 6.819 6.889 6.934 7.030 7.159 7.238 7.283 7.298 7.296 7.280 7.247 7.203 7.137 7.130 7.195 7.247 7.274 7.274 7.251 7.207 7.142 7.060 6.953 6.887 6.894 6.914 6.936 6.950 6.958 6.955 6.934 6.889 6.805 6.740 6.720
4.610 4.682 4.751 4.816 4.879 4.940 5.001 5.061 5.120 5.179 5.238 5.296 5.352 5.406 5.457 5.503 5.542 5.575 5.603 5.626 5.646 5.667 5.689 5.714 5.745 5.788 5.853 5.936 6.024 6.124 6.240 6.357 6.469 6.581 6.687 6.776 6.847 6.890 6.985 7.113 7.192 7.236 7.254 7.258 7.249 7.224 7.185 7.121 7.114 7.181 7.235 7.263 7.266 7.248 7.208 7.149 7.074 6.968 6.901 6.907 6.927 6.946 6.959 6.964 6.955 6.927 6.875 6.785 6.712 6.684
4.631 4.700 4.765 4.829 4.890 4.951 5.011 5.071 5.131 5.191 5.251 5.310 5.368 5.424 5.476 5.525 5.567 5.604 5.634 5.659 5.681 5.702 5.723 5.744 5.768 5.802 5.857 5.930 6.008 6.100 6.210 6.320 6.429 6.540 6.646 6.737 6.809 6.851 6.946 7.074 7.152 7.197 7.219 7.227 7.224 7.205 7.169 7.105 7.100 7.169 7.223 7.254 7.260 7.246 7.213 7.162 7.092 6.988 6.920 6.925 6.941 6.958 6.967 6.968 6.954 6.919 6.858 6.761 6.683 6.648
4.652 4.717 4.780 4.841 4.901 4.960 5.020 5.080 5.140 5.200 5.260 5.320 5.379 5.436 5.491 5.541 5.586 5.626 5.660 5.688 5.712 5.734 5.755 5.774 5.794 5.822 5.867 5.929 5.997 6.079 6.181 6.288 6.395 6.504 6.612 6.706 6.781 6.822 6.916 7.044 7.121 7.167 7.191 7.204 7.206 7.189 7.156 7.093 7.088 7.157 7.213 7.246 7.256 7.247 7.221 7.177 7.113 7.011 6.943 6.944 6.955 6.967 6.971 6.967 6.948 6.905 6.835 6.733 6.647 6.606
4.675 4.736 4.796 4.854 4.912 4.969 5.028 5.087 5.147 5.207 5.267 5.327 5.386 5.444 5.500 5.552 5.600 5.642 5.680 5.711 5.739 5.763 5.785 5.806 5.825 5.849 5.885 5.938 5.994 6.066 6.162 6.264 6.369 6.479 6.587 6.683 6.760 6.800 6.893 7.020 7.098 7.144 7.169 7.185 7.189 7.176 7.144 7.081 7.076 7.147 7.205 7.242 7.256 7.253 7.234 7.195 7.137 7.038 6.967 6.963 6.968 6.973 6.972 6.963 6.937 6.887 6.811 6.701 6.611 6.566
4.699 4.757 4.813 4.869 4.924 4.979 5.036 5.094 5.153 5.212 5.272 5.331 5.390 5.448 5.504 5.558 5.608 5.653 5.694 5.731 5.762 5.790 5.816 5.839 5.860 5.882 5.912 5.957 6.004 6.064 6.152 6.248 6.351 6.460 6.568 6.668 6.749 6.786 6.877 7.004 7.081 7.127 7.154 7.173 7.179 7.167 7.138 7.075 7.070 7.144 7.204 7.244 7.264 7.268 7.253 7.221 7.169 7.070 6.995 6.985 6.983 6.981 6.974 6.958 6.927 6.869 6.783 6.668 6.575 6.528
