version2/TsunamiDB/out54020.asc
ncols          264
nrows          230
xllcorner      497853.4375
yllcorner      4229146.0000
cellsize         5.
NODATA_value   -99
[rows 93 to 123 of 230, columns 142 to 212 of 264]
-99.000 -99.000 -99.000 -99.000 -99.000 -99.000 -99.000 -99.000 -99.000 1.644 1.647 1.687 1.820 2.050 2.352 2.691 3.028 3.334 3.594 3.807 3.977 4.113 4.223 4.316 4.396 4.466 4.531 4.590 4.645 4.697 4.745 4.791 4.835 4.877 4.916 4.954 4.990 5.025 5.058 5.090 5.121 5.150 5.177 5.204 5.229 5.254 5.277 5.300 5.323 5.346 5.370 5.396 5.423 5.452 5.483 5.518 5.556 5.596 5.639 5.685 5.733 5.784 5.838 5.893 5.949 6.005 6.060 6.113 6.164 6.213 6.258
-99.000 -99.000 -99.000 -99.000 -99.000 -99.000 -99.000 -99.000 -99.000 1.644 1.656 1.729 1.904 2.166 2.488 2.831 3.159 3.448 3.689 3.884 4.039 4.163 4.266 4.353 4.429 4.497 4.560 4.618 4.673 4.725 4.773 4.819 4.863 4.905 4.945 4.984 5.021 5.056 5.090 5.123 5.154 5.184 5.213 5.240 5.265 5.290 5.312 5.334 5.355 5.376 5.397 5.419 5.442 5.466 5.495 5.527 5.562 5.600 5.642 5.687 5.736 5.787 5.842 5.898 5.955 6.013 6.070 6.126 6.180 6.231 6.280
-99.000 -99.000 -99.000 -99.000 -99.000 -99.000 -99.000 -99.000 1.644 1.646 1.674 1.788 2.002 2.293 2.629 2.970 3.284 3.554 3.776 3.954 4.095 4.210 4.306 4.388 4.461 4.527 4.588 4.645 4.699 4.751 4.799 4.845 4.889 4.932 4.973 5.012 5.049 5.086 5.121 5.155 5.187 5.218 5.248 5.276 5.303 5.327 5.350 5.371 5.391 5.410 5.428 5.447 5.466 5.487 5.512 5.540 5.573 5.609 5.650 5.694 5.742 5.794 5.849 5.906 5.965 6.025 6.085 6.143 6.199 6.253 6.304
-99.000 -99.000 -99.000 -99.000 -99.000 -99.000 -99.000 -99.000 1.644 1.651 1.708 1.865 2.114 2.428 2.771 3.104 3.402 3.653 3.856 4.018 4.148 4.254 4.343 4.421 4.491 4.555 4.615 4.671 4.725 4.775 4.823 4.869 4.914 4.957 4.998 5.038 5.076 5.113 5.149 5.184 5.218 5.251 5.282 5.311 5.339 5.365 5.389 5.410 5.430 5.447 5.464 5.480 5.495 5.513 5.534 5.559 5.588 5.622 5.661 5.704 5.752 5.804 5.860 5.918 5.978 6.040 6.101 6.162 6.221 6.277 6.330
-99.000 -99.000 -99.000 -99.000 -99.000 -99.000 -99.000 -99.000 1.645 1.664 1.760 1.957 2.237 2.568 2.912 3.233 3.513 3.744 3.929 4.076 4.196 4.294 4.379 4.453 4.521 4.583 4.641 4.697 4.749 4.799 4.846 4.892 4.937 4.980 5.021 5.062 5.101 5.139 5.176 5.212 5.247 5.281 5.313 5.345 5.374 5.401 5.427 5.449 5.469 5.486 5.502 5.516 5.529 5.543 5.561 5.582 5.608 5.640 5.676 5.718 5.765 5.816 5.872 5.931 5.993 6.056 6.119 6.182 6.243 6.301 6.357
-99.000 -99.000 -99.000 -99.000 -99.000 -99.000 -99.000 1.644 1.648 1.691 1.829 2.064 2.369 2.711 3.049 3.355 3.615 3.827 3.995 4.130 4.240 4.333 4.413 4.484 4.549 4.610 4.667 4.722 4.773 4.823 4.869 4.915 4.959 5.002 5.043 5.084 5.123 5.162 5.199 5.236 5.273 5.308 5.342 5.375 5.406 5.436 5.462 5.486 5.508 5.526 5.541 5.555 5.566 5.578 5.592 5.610 5.633 5.661 5.695 5.734 5.779 5.830 5.885 5.945 6.007 6.072 6.137 6.202 6.265 6.326 6.384
-99.000 -99.000 -99.000 -99.000 -99.000 -99.000 -99.000 1.644 1.657 1.735 1.916 2.183 2.508 2.854 3.182 3.470 3.710 3.903 4.056 4.180 4.282 4.369 4.445 4.514 4.577 4.637 4.693 4.746 4.797 4.845 4.891 4.937 4.981 5.023 5.065 5.105 5.144 5.183 5.221 5.259 5.296 5.332 5.368 5.402 5.435 5.466 5.495 5.521 5.544 5.564 5.580 5.594 5.605 5.615 5.628 5.643 5.662 5.686 5.717 5.754 5.797 5.846 5.900 5.960 6.023 6.088 6.154 6.221 6.287 6.351 6.413
-99.000 -99.000 -99.000 -99.000 -99.000 -99.000 -99.000 1.646 1.678 1.798 2.017 2.312 2.652 2.994 3.308 3.576 3.796 3.972 4.112 4.226 4.321 4.403 4.476 4.542 4.604 4.663 4.718 4.770 4.821 4.868 4.914 4.959 5.002 5.044 5.085 5.125 5.165 5.203 5.242 5.280 5.317 5.354 5.391 5.426 5.461 5.494 5.524 5.552 5.577 5.599 5.617 5.632 5.644 5.654 5.666 5.679 5.696 5.717 5.744 5.777 5.817 5.864 5.917 5.976 6.038 6.104 6.172 6.241 6.310 6.377 6.444
-99.000 -99.000 -99.000 -99.000 -99.000 -99.000 1.644 1.652 1.714 1.877 2.131 2.449 2.795 3.129 3.426 3.675 3.876 4.035 4.163 4.268 4.357 4.435 4.505 4.570 4.630 4.688 4.742 4.794 4.844 4.891 4.936 4.981 5.023 5.065 5.106 5.145 5.184 5.223 5.261 5.299 5.337 5.374 5.411 5.448 5.483 5.517 5.550 5.580 5.607 5.631 5.651 5.668 5.682 5.694 5.706 5.719 5.734 5.752 5.776 5.806 5.843 5.886 5.937 5.993 6.056 6.122 6.191 6.261 6.333 6.406 6.478
-99.000 -99.000 -99.000 -99.000 -99.000 -99.000 1.645 1.667 1.769 1.972 2.256 2.592 2.938 3.259 3.537 3.766 3.948 4.094 4.211 4.308 4.392 4.466 4.533 4.596 4.656 4.712 4.766 4.818 4.867 4.913 4.958 5.003 5.045 5.086 5.126 5.166 5.205 5.243 5.281 5.318 5.356 5.393 5.430 5.467 5.503 5.538 5.571 5.603 5.632 5.658 5.681 5.701 5.718 5.732 5.746 5.760 5.775 5.792 5.814 5.840 5.873 5.913 5.960 6.014 6.075 6.141 6.210 6.283 6.359 6.436 6.513
-99.000 -99.000 -99.000 -99.000 -99.000 1.645 1.649 1.697 1.841 2.081 2.390 2.736 3.076 3.381 3.640 3.849 4.015 4.147 4.255 4.346 4.425 4.495 4.561 4.622 4.680 4.736 4.789 4.840 4.890 4.936 4.981 5.025 5.067 5.108 5.148 5.187 5.225 5.263 5.300 5.338 5.375 5.412 5.448 5.485 5.521 5.556 5.590 5.623 5.654 5.682 5.708 5.731 5.751 5.768 5.786 5.803 5.819 5.837 5.857 5.881 5.910 5.945 5.988 6.038 6.097 6.162 6.232 6.307 6.386 6.467 6.549
-99.000 -99.000 -99.000 -99.000 -99.000 1.646 1.659 1.743 1.930 2.202 2.531 2.880 3.208 3.496 3.734 3.924 4.076 4.197 4.297 4.381 4.456 4.524 4.587 4.647 4.704 4.759 4.812 4.863 4.912 4.958 5.003 5.047 5.089 5.130 5.170 5.209 5.247 5.284 5.321 5.357 5.394 5.430 5.466 5.502 5.537 5.572 5.607 5.640 5.672 5.702 5.731 5.757 5.780 5.802 5.824 5.844 5.864 5.883 5.903 5.926 5.952 5.984 6.022 6.068 6.124 6.188 6.257 6.332 6.414 6.498 6.584
-99.000 -99.000 -99.000 -99.000 1.645 1.648 1.682 1.808 2.033 2.332 2.675 3.020 3.334 3.602 3.820 3.993 4.131 4.243 4.336 4.416 4.487 4.552 4.614 4.672 4.728 4.782 4.834 4.884 4.933 4.979 5.024 5.068 5.111 5.152 5.192 5.231 5.269 5.306 5.342 5.378 5.413 5.448 5.483 5.518 5.553 5.587 5.622 5.655 5.688 5.720 5.750 5.780 5.807 5.833 5.859 5.884 5.908 5.931 5.953 5.975 6.000 6.028 6.062 6.104 6.155 6.217 6.285 6.360 6.443 6.528 6.618
-99.000 -99.000 -99.000 -99.000 1.645 1.655 1.721 1.890 2.149 2.471 2.820 3.155 3.451 3.698 3.898 4.056 4.182 4.285 4.372 4.449 4.517 4.580 4.640 4.696 4.751 4.804 4.855 4.905 4.954 5.000 5.045 5.089 5.132 5.174 5.214 5.253 5.291 5.328 5.364 5.399 5.434 5.468 5.501 5.535 5.568 5.602 5.635 5.668 5.702 5.735 5.767 5.799 5.830 5.861 5.892 5.922 5.951 5.978 6.003 6.027 6.051 6.077 6.108 6.144 6.192 6.252 6.318 6.392 6.475 6.561 6.654
-99.000 -99.000 -99.000 -99.000 1.646 1.671 1.778 1.987 2.275 2.614 2.961 3.283 3.560 3.787 3.968 4.113 4.229 4.325 4.407 4.480 4.546 4.608 4.666 4.721 4.774 4.826 4.877 4.926 4.974 5.020 5.065 5.110 5.153 5.195 5.236 5.276 5.314 5.351 5.386 5.421 5.455 5.488 5.520 5.552 5.584 5.616 5.648 5.681 5.714 5.748 5.782 5.817 5.851 5.886 5.922 5.957 5.991 6.023 6.052 6.079 6.104 6.130 6.158 6.193 6.239 6.295 6.358 6.430 6.511 6.598 6.690
-99.000 -99.000 -99.000 1.645 1.651 1.703 1.853 2.098 2.411 2.758 3.098 3.403 3.659 3.867 4.032 4.164 4.272 4.362 4.440 4.510 4.575 4.634 4.691 4.745 4.798 4.849 4.899 4.947 4.995 5.041 5.086 5.131 5.174 5.217 5.258 5.298 5.337 5.374 5.409 5.444 5.476 5.508 5.539 5.569 5.599 5.629 5.660 5.692 5.725 5.759 5.795 5.832 5.870 5.908 5.948 5.989 6.028 6.064 6.099 6.129 6.158 6.185 6.214 6.249 6.292 6.345 6.404 6.473 6.552 6.637 6.727
-99.000 -99.000 -99.000 1.646 1.663 1.752 1.944 2.220 2.552 2.901 3.229 3.515 3.751 3.940 4.090 4.211 4.311 4.397 4.472 4.539 4.602 4.661 4.716 4.770 4.821 4.871 4.920 4.968 5.015 5.061 5.106 5.151 5.195 5.238 5.279 5.320 5.359 5.397 5.432 5.466 5.499 5.529 5.559 5.587 5.615 5.644 5.673 5.703 5.736 5.771 5.807 5.846 5.887 5.929 5.973 6.018 6.061 6.103 6.143 6.179 6.211 6.242 6.274 6.309 6.350 6.400 6.457 6.523 6.597 6.678 6.766
-99.000 -99.000 1.645 1.648 1.687 1.819 2.049 2.352 2.697 3.041 3.353 3.618 3.834 4.006 4.143 4.255 4.348 4.429 4.501 4.567 4.628 4.686 4.741 4.794 4.844 4.894 4.942 4.989 5.036 5.081 5.126 5.171 5.215 5.258 5.301 5.342 5.382 5.420 5.456 5.490 5.522 5.551 5.579 5.606 5.632 5.659 5.686 5.716 5.748 5.782 5.820 5.861 5.903 5.948 5.996 6.045 6.093 6.140 6.184 6.226 6.264 6.300 6.335 6.372 6.413 6.461 6.515 6.577 6.648 6.726 6.810
-99.000 -99.000 1.645 1.656 1.729 1.904 2.166 2.491 2.841 3.176 3.470 3.714 3.911 4.067 4.192 4.295 4.382 4.459 4.529 4.593 4.653 4.710 4.764 4.817 4.867 4.916 4.964 5.011 5.057 5.102 5.146 5.191 5.235 5.279 5.322 5.364 5.404 5.443 5.480 5.514 5.545 5.574 5.601 5.627 5.651 5.676 5.702 5.730 5.761 5.796 5.834 5.876 5.920 5.967 6.018 6.071 6.123 6.174 6.224 6.271 6.315 6.356 6.396 6.435 6.478 6.526 6.578 6.638 6.705 6.779 6.861
-99.000 1.645 1.647 1.675 1.788 2.003 2.294 2.635 2.984 3.304 3.578 3.802 3.981 4.122 4.237 4.332 4.415 4.488 4.555 4.617 4.676 4.733 4.787 4.839 4.889 4.937 4.985 5.031 5.077 5.122 5.167 5.211 5.256 5.300 5.343 5.386 5.427 5.466 5.504 5.538 5.570 5.599 5.625 5.649 5.673 5.696 5.720 5.747 5.777 5.811 5.850 5.892 5.937 5.986 6.040 6.095 6.151 6.206 6.261 6.314 6.364 6.411 6.455 6.498 6.543 6.591 6.644 6.703 6.768 6.839 6.918
-99.000 1.645 1.652 1.709 1.865 2.115 2.431 2.782 3.123 3.426 3.680 3.884 4.045 4.174 4.279 4.368 4.446 4.515 4.580 4.641 4.699 4.754 4.808 4.859 4.909 4.958 5.005 5.052 5.097 5.142 5.187 5.231 5.276 5.321 5.364 5.408 5.450 5.490 5.528 5.563 5.595 5.624 5.651 5.674 5.697 5.719 5.742 5.768 5.797 5.830 5.868 5.910 5.956 6.007 6.062 6.120 6.179 6.238 6.298 6.356 6.411 6.463 6.512 6.558 6.606 6.657 6.712 6.772 6.837 6.906 6.984
-99.000 1.646 1.665 1.760 1.958 2.239 2.575 2.927 3.256 3.540 3.773 3.959 4.105 4.223 4.320 4.402 4.476 4.542 4.604 4.664 4.720 4.775 4.827 4.879 4.928 4.977 5.024 5.071 5.116 5.161 5.206 5.251 5.296 5.341 5.385 5.429 5.472 5.513 5.552 5.588 5.621 5.651 5.677 5.701 5.724 5.745 5.768 5.793 5.821 5.853 5.890 5.931 5.977 6.029 6.085 6.145 6.207 6.269 6.332 6.395 6.455 6.512 6.566 6.617 6.668 6.723 6.781 6.843 6.909 6.979 7.056
1.645 1.649 1.692 1.831 2.066 2.374 2.723 3.070 3.383 3.647 3.860 4.028 4.161 4.268 4.358 4.436 4.505 4.569 4.629 4.686 4.741 4.794 4.846 4.897 4.946 4.994 5.042 5.088 5.133 5.178 5.224 5.269 5.315 5.360 5.405 5.449 5.492 5.534 5.574 5.612 5.646 5.677 5.705 5.730 5.753 5.775 5.797 5.822 5.849 5.880 5.916 5.956 6.001 6.053 6.109 6.171 6.235 6.299 6.366 6.432 6.497 6.560 6.618 6.673 6.728 6.787 6.849 6.916 6.985 7.057 7.135
1.645 1.658 1.737 1.918 2.187 2.517 2.872 3.209 3.503 3.746 3.939 4.091 4.213 4.312 4.395 4.468 4.534 4.595 4.653 4.708 4.761 4.813 4.864 4.914 4.963 5.010 5.057 5.104 5.150 5.195 5.240 5.286 5.331 5.377 5.422 5.467 5.512 5.554 5.596 5.634 5.670 5.703 5.732 5.759 5.783 5.806 5.830 5.854 5.881 5.912 5.946 5.985 6.029 6.079 6.136 6.199 6.264 6.330 6.400 6.470 6.539 6.605 6.668 6.727 6.787 6.850 6.917 6.990 7.064 7.138 7.220
1.647 1.679 1.801 2.022 2.320 2.667 3.019 3.341 3.615 3.837 4.012 4.150 4.262 4.353 4.432 4.501 4.564 4.622 4.678 4.731 4.782 4.833 4.882 4.931 4.979 5.026 5.072 5.119 5.164 5.208 5.254 5.300 5.346 5.392 5.438 5.483 5.528 5.572 5.614 5.654 5.692 5.726 5.758 5.787 5.813 5.839 5.864 5.890 5.917 5.947 5.980 6.017 6.059 6.109 6.166 6.229 6.295 6.363 6.435 6.507 6.579 6.649 6.716 6.781 6.846 6.914 6.987 7.067 7.146 7.227 7.310
1.654 1.718 1.883 2.140 2.463 2.820 3.163 3.467 3.719 3.920 4.079 4.205 4.307 4.393 4.467 4.533 4.593 4.650 4.703 4.754 4.804 4.853 4.901 4.948 4.994 5.041 5.086 5.132 5.176 5.221 5.267 5.312 5.358 5.404 5.450 5.496 5.542 5.586 5.629 5.671 5.710 5.747 5.781 5.813 5.843 5.871 5.899 5.926 5.955 5.985 6.018 6.053 6.095 6.143 6.200 6.262 6.328 6.396 6.470 6.544 6.619 6.692 6.764 6.835 6.906 6.978 7.057 7.145 7.233 7.318 7.406
1.670 1.775 1.983 2.271 2.614 2.971 3.301 3.584 3.814 3.997 4.141 4.256 4.351 4.431 4.501 4.565 4.623 4.677 4.729 4.779 4.827 4.874 4.920 4.966 5.011 5.056 5.100 5.145 5.189 5.233 5.278 5.323 5.368 5.414 5.460 5.506 5.551 5.596 5.641 5.683 5.724 5.764 5.801 5.836 5.870 5.902 5.933 5.963 5.994 6.025 6.058 6.094 6.134 6.181 6.236 6.298 6.362 6.431 6.506 6.581 6.658 6.735 6.813 6.890 6.966 7.043 7.129 7.228 7.322 7.411 7.504
1.702 1.853 2.098 2.414 2.771 3.121 3.433 3.694 3.903 4.068 4.199 4.304 4.392 4.468 4.535 4.596 4.652 4.705 4.756 4.804 4.850 4.896 4.941 4.985 5.028 5.072 5.115 5.158 5.201 5.244 5.288 5.332 5.377 5.422 5.467 5.513 5.558 5.603 5.648 5.692 5.735 5.777 5.817 5.856 5.893 5.930 5.965 5.999 6.032 6.066 6.101 6.137 6.176 6.222 6.275 6.336 6.400 6.468 6.542 6.619 6.698 6.780 6.864 6.947 7.030 7.111 7.203 7.309 7.409 7.505 7.595
1.755 1.949 2.228 2.567 2.928 3.265 3.556 3.795 3.984 4.134 4.252 4.350 4.432 4.504 4.568 4.627 4.682 4.733 4.782 4.830 4.875 4.919 4.962 5.005 5.047 5.089 5.131 5.173 5.214 5.256 5.298 5.341 5.384 5.428 5.472 5.517 5.562 5.607 5.653 5.697 5.742 5.786 5.829 5.872 5.914 5.954 5.994 6.032 6.069 6.106 6.144 6.181 6.220 6.265 6.317 6.376 6.439 6.506 6.580 6.659 6.741 6.826 6.915 7.006 7.095 7.178 7.275 7.388 7.494 7.590 7.674
1.828 2.062 2.372 2.726 3.083 3.403 3.672 3.889 4.060 4.195 4.303 4.393 4.470 4.538 4.600 4.657 4.711 4.761 4.810 4.856 4.900 4.943 4.985 5.027 5.068 5.108 5.149 5.189 5.229 5.269 5.309 5.350 5.392 5.434 5.476 5.520 5.564 5.609 5.654 5.700 5.746 5.792 5.838 5.884 5.930 5.975 6.019 6.062 6.104 6.145 6.185 6.224 6.264 6.309 6.360 6.418 6.479 6.546 6.621 6.701 6.785 6.874 6.969 7.066 7.159 7.243 7.343 7.462 7.570 7.662 7.741
1.921 2.191 2.526 2.888 3.233 3.532 3.779 3.975 4.129 4.252 4.351 4.435 4.508 4.573 4.633 4.688 4.740 4.790 4.837 4.882 4.926 4.968 5.009 5.050 5.090 5.129 5.168 5.208 5.246 5.284 5.322 5.361 5.400 5.440 5.481 5.522 5.565 5.609 5.654 5.700 5.747 5.795 5.844 5.893 5.943 5.993 6.042 6.089 6.136 6.180 6.224 6.266 6.307 6.352 6.403 6.461 6.522 6.588 6.664 6.745 6.832 6.926 7.025 7.125 7.221 7.304 7.405 7.526 7.632 7.722 7.795
