version2/TsunamiDB/out54118.asc
ncols          264
nrows          230
xllcorner      497853.4375
yllcorner      4229146.0000
cellsize         5.
NODATA_value   -99
[rows 34 to 67 of 230, columns 0 to 76 of 264]
3.694 3.753 3.809 3.862 3.913 3.962 4.009 4.054 4.098 4.140 4.181 4.222 4.261 4.299 4.335 4.370 4.405 4.440 4.474 4.507 4.540 4.572 4.604 4.635 4.666 4.696 4.726 4.756 4.785 4.814 4.842 4.870 4.897 4.924 4.950 4.976 5.001 5.024 5.047 5.069 5.092 5.114 5.136 5.157 5.178 5.198 5.218 5.237 5.257 5.276 5.294 5.313 5.331 5.349 5.367 5.385 5.403 5.420 5.438 5.455 5.472 5.487 5.503 5.519 5.535 5.550 5.566 5.581 5.596 5.611 5.625 5.639 5.653 5.667 5.680 5.693 5.705
3.723 3.781 3.835 3.887 3.937 3.984 4.031 4.075 4.118 4.160 4.201 4.240 4.279 4.317 4.352 4.387 4.422 4.456 4.490 4.523 4.555 4.587 4.618 4.649 4.680 4.710 4.739 4.769 4.798 4.826 4.854 4.882 4.909 4.936 4.962 4.987 5.012 5.036 5.059 5.081 5.104 5.126 5.147 5.169 5.189 5.209 5.229 5.249 5.268 5.287 5.305 5.324 5.342 5.360 5.377 5.395 5.413 5.430 5.447 5.465 5.481 5.496 5.512 5.528 5.544 5.560 5.575 5.591 5.606 5.621 5.635 5.650 5.664 5.677 5.691 5.704 5.716
3.751 3.807 3.860 3.911 3.960 4.007 4.052 4.096 4.139 4.180 4.220 4.259 4.297 4.334 4.370 4.404 4.438 4.472 4.505 4.538 4.570 4.601 4.632 4.663 4.693 4.723 4.752 4.781 4.810 4.838 4.866 4.894 4.921 4.947 4.973 4.999 5.024 5.048 5.070 5.093 5.116 5.138 5.159 5.180 5.201 5.221 5.241 5.260 5.279 5.298 5.316 5.334 5.352 5.370 5.388 5.405 5.422 5.440 5.457 5.474 5.490 5.505 5.521 5.537 5.553 5.569 5.584 5.600 5.615 5.630 5.645 5.659 5.673 5.687 5.701 5.714 5.727
3.779 3.833 3.885 3.935 3.983 4.029 4.073 4.116 4.158 4.199 4.239 4.277 4.315 4.352 4.387 4.421 4.455 4.488 4.521 4.553 4.585 4.616 4.647 4.677 4.707 4.736 4.765 4.794 4.822 4.851 4.878 4.906 4.932 4.959 4.985 5.010 5.036 5.059 5.082 5.105 5.127 5.149 5.171 5.192 5.213 5.233 5.252 5.272 5.290 5.309 5.327 5.345 5.363 5.381 5.398 5.415 5.432 5.449 5.466 5.483 5.499 5.514 5.530 5.546 5.562 5.577 5.593 5.609 5.624 5.639 5.654 5.668 5.683 5.697 5.711 5.724 5.737
3.805 3.858 3.909 3.958 4.005 4.050 4.094 4.136 4.178 4.218 4.257 4.295 4.332 4.369 4.403 4.437 4.470 4.504 4.536 4.568 4.599 4.630 4.660 4.690 4.720 4.749 4.778 4.806 4.835 4.862 4.890 4.917 4.944 4.970 4.996 5.022 5.047 5.071 5.093 5.116 5.139 5.161 5.183 5.204 5.224 5.244 5.264 5.283 5.302 5.320 5.339 5.356 5.374 5.391 5.408 5.425 5.442 5.459 5.476 5.492 5.508 5.523 5.539 5.554 5.570 5.586 5.602 5.617 5.632 5.647 5.662 5.677 5.692 5.706 5.720 5.733 5.747
3.831 3.883 3.933 3.980 4.026 4.071 4.114 4.156 4.197 4.236 4.275 4.312 4.349 4.385 4.419 4.453 4.486 4.519 4.551 4.582 4.613 4.644 4.674 4.704 4.733 4.762 4.790 4.819 4.847 4.874 4.901 4.928 4.955 4.981 5.007 5.033 5.058 5.082 5.104 5.127 5.150 5.172 5.194 5.215 5.236 5.256 5.276 5.295 5.314 5.332 5.350 5.368 5.385 5.402 5.419 5.436 5.453 5.469 5.486 5.502 5.517 5.532 5.547 5.563 5.579 5.594 5.610 5.625 5.640 5.656 5.671 5.685 5.700 5.714 5.728 5.742 5.756
3.857 3.907 3.956 4.003 4.048 4.092 4.134 4.175 4.215 4.254 4.292 4.329 4.366 4.401 4.435 4.468 4.501 4.533 4.565 4.597 4.627 4.658 4.687 4.717 4.746 4.774 4.803 4.831 4.858 4.886 4.913 4.939 4.966 4.992 5.018 5.043 5.069 5.092 5.115 5.138 5.161 5.184 5.206 5.227 5.248 5.268 5.288 5.307 5.326 5.344 5.362 5.379 5.397 5.414 5.430 5.447 5.463 5.479 5.496 5.512 5.527 5.541 5.556 5.572 5.587 5.603 5.618 5.633 5.648 5.663 5.678 5.693 5.708 5.722 5.736 5.750 5.764
3.881 3.931 3.978 4.024 4.069 4.112 4.153 4.194 4.233 4.272 4.309 4.346 4.382 4.417 4.450 4.483 4.516 4.548 4.579 4.610 4.641 4.671 4.700 4.729 4.758 4.786 4.814 4.842 4.870 4.897 4.924 4.950 4.977 5.003 5.028 5.054 5.079 5.103 5.126 5.149 5.172 5.194 5.216 5.238 5.259 5.279 5.299 5.318 5.337 5.356 5.374 5.391 5.408 5.425 5.442 5.458 5.474 5.490 5.506 5.522 5.537 5.551 5.566 5.581 5.596 5.611 5.626 5.641 5.656 5.671 5.686 5.701 5.715 5.730 5.744 5.758 5.772
3.906 3.954 4.001 4.046 4.089 4.131 4.173 4.212 4.251 4.289 4.326 4.362 4.398 4.432 4.466 4.498 4.530 4.562 4.593 4.624 4.654 4.684 4.713 4.742 4.770 4.798 4.826 4.854 4.881 4.908 4.934 4.961 4.987 5.013 5.038 5.064 5.089 5.113 5.136 5.159 5.182 5.205 5.227 5.249 5.270 5.290 5.310 5.330 5.349 5.367 5.385 5.403 5.420 5.437 5.453 5.470 5.486 5.501 5.517 5.533 5.547 5.561 5.576 5.590 5.605 5.620 5.635 5.649 5.664 5.679 5.694 5.708 5.723 5.737 5.751 5.766 5.779
3.930 3.977 4.023 4.067 4.110 4.151 4.191 4.231 4.269 4.306 4.343 4.379 4.413 4.448 4.480 4.512 4.544 4.576 4.607 4.637 4.667 4.697 4.725 4.754 4.782 4.810 4.837 4.865 4.891 4.918 4.945 4.971 4.997 5.022 5.048 5.073 5.098 5.122 5.145 5.168 5.192 5.215 5.237 5.259 5.280 5.301 5.321 5.341 5.360 5.379 5.397 5.415 5.432 5.449 5.465 5.481 5.497 5.513 5.528 5.544 5.558 5.572 5.586 5.600 5.615 5.629 5.644 5.658 5.673 5.687 5.701 5.716 5.730 5.744 5.759 5.773 5.787
3.953 4.000 4.044 4.088 4.130 4.170 4.210 4.249 4.287 4.323 4.359 4.395 4.429 4.463 4.495 4.526 4.558 4.589 4.620 4.650 4.680 4.709 4.738 4.766 4.794 4.821 4.848 4.875 4.902 4.928 4.955 4.981 5.006 5.032 5.057 5.082 5.107 5.131 5.154 5.177 5.201 5.224 5.246 5.268 5.290 5.311 5.332 5.352 5.371 5.390 5.408 5.426 5.444 5.461 5.477 5.493 5.509 5.525 5.540 5.555 5.569 5.583 5.596 5.610 5.625 5.639 5.653 5.667 5.681 5.695 5.710 5.724 5.738 5.752 5.766 5.780 5.794
3.976 4.022 4.066 4.108 4.150 4.190 4.229 4.267 4.304 4.340 4.376 4.410 4.444 4.478 4.509 4.541 4.572 4.603 4.633 4.663 4.692 4.721 4.749 4.777 4.805 4.832 4.859 4.886 4.912 4.938 4.964 4.990 5.015 5.041 5.066 5.091 5.116 5.139 5.162 5.186 5.209 5.232 5.255 5.277 5.299 5.321 5.341 5.362 5.382 5.401 5.419 5.438 5.455 5.472 5.489 5.505 5.521 5.537 5.552 5.567 5.581 5.594 5.608 5.621 5.635 5.649 5.663 5.677 5.690 5.704 5.718 5.732 5.746 5.760 5.773 5.787 5.801
4.000 4.044 4.087 4.129 4.170 4.209 4.247 4.285 4.321 4.357 4.392 4.426 4.460 4.492 4.523 4.554 4.585 4.616 4.646 4.675 4.704 4.733 4.761 4.789 4.816 4.843 4.870 4.896 4.922 4.948 4.974 4.999 5.024 5.050 5.074 5.099 5.124 5.147 5.170 5.194 5.217 5.240 5.263 5.286 5.308 5.329 5.350 5.371 5.391 5.411 5.430 5.448 5.466 5.484 5.501 5.517 5.533 5.549 5.564 5.579 5.593 5.606 5.619 5.633 5.646 5.660 5.673 5.687 5.700 5.714 5.727 5.740 5.754 5.768 5.781 5.795 5.808
4.023 4.066 4.109 4.150 4.189 4.228 4.266 4.303 4.339 4.374 4.408 4.442 4.475 4.507 4.537 4.568 4.599 4.629 4.659 4.688 4.717 4.745 4.773 4.800 4.827 4.854 4.880 4.906 4.932 4.958 4.983 5.008 5.033 5.058 5.083 5.107 5.131 5.155 5.178 5.201 5.224 5.248 5.271 5.293 5.315 5.337 5.359 5.380 5.400 5.420 5.439 5.458 5.476 5.494 5.512 5.528 5.545 5.560 5.576 5.591 5.605 5.618 5.631 5.645 5.658 5.671 5.684 5.697 5.710 5.724 5.737 5.750 5.763 5.776 5.789 5.802 5.816
4.046 4.089 4.130 4.170 4.209 4.247 4.284 4.321 4.356 4.391 4.425 4.458 4.490 4.521 4.552 4.582 4.612 4.642 4.671 4.700 4.729 4.757 4.784 4.811 4.838 4.864 4.890 4.916 4.942 4.967 4.992 5.017 5.042 5.066 5.091 5.115 5.139 5.162 5.185 5.208 5.231 5.254 5.277 5.300 5.322 5.344 5.366 5.387 5.408 5.428 5.448 5.467 5.486 5.504 5.522 5.539 5.556 5.572 5.587 5.603 5.617 5.630 5.643 5.656 5.670 5.683 5.696 5.709 5.721 5.734 5.747 5.760 5.772 5.785 5.798 5.811 5.824
4.068 4.111 4.151 4.191 4.229 4.267 4.303 4.339 4.373 4.407 4.441 4.474 4.506 4.536 4.566 4.596 4.626 4.655 4.684 4.713 4.741 4.768 4.795 4.822 4.849 4.875 4.901 4.926 4.951 4.976 5.001 5.026 5.050 5.074 5.099 5.123 5.146 5.168 5.191 5.215 5.238 5.261 5.284 5.306 5.329 5.351 5.373 5.394 5.415 5.436 5.456 5.476 5.495 5.513 5.531 5.549 5.566 5.582 5.598 5.614 5.628 5.641 5.655 5.668 5.682 5.695 5.708 5.720 5.733 5.745 5.758 5.770 5.782 5.795 5.807 5.820 5.832
4.091 4.133 4.173 4.212 4.249 4.286 4.322 4.357 4.391 4.424 4.457 4.489 4.521 4.551 4.581 4.610 4.640 4.669 4.697 4.725 4.753 4.780 4.807 4.833 4.860 4.885 4.911 4.936 4.961 4.986 5.010 5.034 5.059 5.083 5.106 5.130 5.153 5.175 5.198 5.221 5.244 5.267 5.290 5.312 5.335 5.357 5.379 5.400 5.422 5.442 5.463 5.483 5.502 5.521 5.540 5.558 5.575 5.592 5.609 5.625 5.639 5.653 5.666 5.680 5.694 5.707 5.720 5.732 5.745 5.757 5.769 5.781 5.793 5.805 5.817 5.829 5.842
4.114 4.155 4.194 4.232 4.269 4.306 4.341 4.375 4.409 4.442 4.474 4.506 4.537 4.566 4.595 4.625 4.654 4.682 4.710 4.738 4.765 4.792 4.819 4.845 4.870 4.896 4.921 4.946 4.971 4.995 5.019 5.043 5.067 5.091 5.114 5.138 5.160 5.182 5.204 5.227 5.250 5.273 5.295 5.318 5.340 5.362 5.384 5.406 5.427 5.448 5.469 5.489 5.509 5.528 5.547 5.566 5.584 5.601 5.618 5.635 5.649 5.663 5.677 5.691 5.705 5.718 5.731 5.744 5.756 5.769 5.781 5.793 5.804 5.816 5.828 5.840 5.851
4.137 4.177 4.216 4.253 4.290 4.325 4.360 4.394 4.427 4.459 4.491 4.522 4.553 4.582 4.610 4.639 4.668 4.696 4.724 4.751 4.778 4.804 4.830 4.856 4.882 4.907 4.932 4.956 4.980 5.004 5.028 5.052 5.075 5.099 5.122 5.145 5.167 5.189 5.211 5.233 5.256 5.278 5.300 5.323 5.345 5.367 5.389 5.411 5.432 5.453 5.474 5.495 5.515 5.535 5.554 5.573 5.591 5.609 5.627 5.643 5.658 5.673 5.688 5.702 5.716 5.730 5.743 5.756 5.768 5.781 5.793 5.804 5.816 5.828 5.839 5.850 5.862
4.160 4.199 4.237 4.274 4.310 4.345 4.379 4.412 4.445 4.477 4.508 4.539 4.569 4.598 4.626 4.654 4.682 4.710 4.737 4.764 4.790 4.817 4.842 4.868 4.893 4.918 4.942 4.966 4.990 5.014 5.038 5.061 5.084 5.107 5.130 5.153 5.174 5.196 5.217 5.239 5.262 5.284 5.306 5.328 5.350 5.372 5.393 5.415 5.436 5.458 5.479 5.499 5.520 5.540 5.560 5.579 5.598 5.616 5.634 5.651 5.666 5.682 5.697 5.712 5.726 5.740 5.754 5.767 5.780 5.792 5.804 5.816 5.828 5.839 5.851 5.862 5.873
4.183 4.221 4.259 4.295 4.331 4.365 4.398 4.431 4.463 4.495 4.525 4.556 4.585 4.614 4.641 4.669 4.697 4.724 4.751 4.777 4.804 4.829 4.855 4.880 4.905 4.929 4.953 4.977 5.001 5.024 5.047 5.070 5.093 5.115 5.138 5.160 5.182 5.203 5.224 5.246 5.268 5.289 5.311 5.333 5.354 5.376 5.398 5.419 5.441 5.462 5.483 5.504 5.524 5.545 5.564 5.584 5.603 5.622 5.641 5.658 5.673 5.689 5.705 5.721 5.735 5.750 5.764 5.778 5.791 5.803 5.816 5.828 5.839 5.851 5.862 5.873 5.884
4.205 4.244 4.280 4.316 4.351 4.385 4.418 4.450 4.482 4.513 4.543 4.573 4.602 4.630 4.657 4.685 4.712 4.739 4.765 4.791 4.817 4.842 4.867 4.892 4.916 4.941 4.964 4.988 5.011 5.034 5.057 5.080 5.102 5.124 5.146 5.168 5.189 5.210 5.231 5.252 5.274 5.295 5.317 5.338 5.359 5.381 5.402 5.423 5.444 5.466 5.487 5.507 5.528 5.548 5.569 5.588 5.608 5.627 5.646 5.663 5.680 5.696 5.712 5.728 5.744 5.759 5.773 5.787 5.801 5.814 5.827 5.839 5.851 5.862 5.874 5.885 5.896
4.228 4.266 4.302 4.337 4.372 4.405 4.438 4.469 4.500 4.531 4.561 4.590 4.619 4.646 4.673 4.700 4.727 4.754 4.780 4.805 4.831 4.856 4.880 4.905 4.929 4.953 4.976 4.999 5.022 5.045 5.067 5.089 5.111 5.133 5.155 5.177 5.198 5.218 5.238 5.259 5.280 5.301 5.322 5.343 5.364 5.385 5.406 5.427 5.448 5.469 5.490 5.511 5.531 5.552 5.572 5.592 5.612 5.631 5.650 5.668 5.685 5.702 5.718 5.735 5.751 5.766 5.781 5.796 5.810 5.823 5.837 5.849 5.862 5.873 5.885 5.896 5.907
4.251 4.288 4.324 4.358 4.392 4.425 4.457 4.489 4.519 4.549 4.579 4.607 4.636 4.663 4.689 4.716 4.743 4.769 4.794 4.820 4.845 4.869 4.894 4.918 4.941 4.965 4.988 5.011 5.033 5.056 5.078 5.100 5.121 5.143 5.164 5.186 5.206 5.226 5.246 5.267 5.287 5.308 5.328 5.349 5.370 5.390 5.411 5.431 5.452 5.473 5.493 5.514 5.534 5.555 5.575 5.595 5.615 5.634 5.654 5.672 5.689 5.706 5.724 5.740 5.757 5.773 5.789 5.804 5.818 5.832 5.846 5.859 5.872 5.884 5.896 5.907 5.919
4.273 4.310 4.345 4.379 4.413 4.445 4.477 4.508 4.538 4.568 4.597 4.625 4.653 4.680 4.706 4.732 4.758 4.784 4.809 4.834 4.859 4.883 4.907 4.931 4.954 4.978 5.000 5.023 5.045 5.067 5.089 5.111 5.132 5.153 5.174 5.195 5.215 5.234 5.254 5.274 5.295 5.315 5.335 5.355 5.375 5.395 5.416 5.436 5.456 5.476 5.497 5.517 5.537 5.558 5.578 5.598 5.618 5.637 5.657 5.675 5.693 5.710 5.728 5.745 5.762 5.779 5.795 5.810 5.825 5.840 5.854 5.868 5.881 5.893 5.906 5.918 5.929
4.295 4.331 4.366 4.400 4.433 4.465 4.497 4.527 4.557 4.586 4.615 4.643 4.670 4.697 4.722 4.749 4.774 4.800 4.825 4.849 4.874 4.898 4.921 4.945 4.968 4.991 5.013 5.035 5.057 5.079 5.101 5.122 5.143 5.164 5.184 5.205 5.225 5.243 5.263 5.283 5.302 5.322 5.342 5.362 5.381 5.401 5.421 5.441 5.461 5.480 5.500 5.520 5.540 5.560 5.580 5.600 5.620 5.640 5.659 5.678 5.696 5.713 5.731 5.749 5.766 5.783 5.800 5.816 5.831 5.846 5.861 5.875 5.889 5.902 5.915 5.927 5.939
4.317 4.353 4.387 4.421 4.453 4.485 4.516 4.546 4.576 4.605 4.633 4.661 4.688 4.714 4.739 4.765 4.790 4.815 4.840 4.864 4.889 4.912 4.936 4.959 4.982 5.004 5.026 5.048 5.070 5.091 5.113 5.134 5.154 5.175 5.195 5.215 5.235 5.253 5.272 5.292 5.311 5.330 5.350 5.369 5.388 5.407 5.427 5.446 5.465 5.485 5.504 5.524 5.544 5.563 5.583 5.603 5.622 5.642 5.662 5.680 5.698 5.716 5.734 5.752 5.770 5.787 5.804 5.820 5.836 5.852 5.867 5.882 5.896 5.910 5.923 5.936 5.948
4.339 4.374 4.408 4.441 4.474 4.505 4.535 4.565 4.594 4.623 4.651 4.678 4.705 4.731 4.756 4.781 4.806 4.831 4.856 4.880 4.904 4.927 4.950 4.973 4.995 5.018 5.040 5.061 5.083 5.104 5.125 5.146 5.166 5.186 5.206 5.226 5.245 5.263 5.282 5.301 5.320 5.339 5.358 5.377 5.395 5.414 5.433 5.452 5.471 5.490 5.509 5.528 5.547 5.567 5.586 5.605 5.625 5.644 5.664 5.682 5.700 5.718 5.736 5.754 5.772 5.790 5.807 5.824 5.840 5.856 5.872 5.887 5.902 5.916 5.930 5.943 5.956
4.360 4.395 4.429 4.462 4.494 4.524 4.555 4.584 4.613 4.641 4.669 4.696 4.723 4.748 4.773 4.798 4.823 4.847 4.871 4.895 4.919 4.942 4.965 4.987 5.010 5.032 5.053 5.075 5.096 5.117 5.138 5.158 5.178 5.198 5.218 5.238 5.256 5.274 5.293 5.311 5.330 5.348 5.367 5.385 5.404 5.422 5.440 5.459 5.477 5.496 5.514 5.533 5.552 5.570 5.589 5.609 5.628 5.647 5.666 5.684 5.702 5.720 5.738 5.756 5.774 5.792 5.810 5.827 5.844 5.860 5.876 5.892 5.907 5.922 5.936 5.950 5.963
4.381 4.416 4.449 4.482 4.513 4.544 4.574 4.603 4.632 4.660 4.687 4.714 4.740 4.764 4.789 4.814 4.839 4.863 4.887 4.911 4.934 4.957 4.979 5.002 5.024 5.046 5.067 5.088 5.109 5.130 5.151 5.171 5.191 5.211 5.230 5.249 5.268 5.285 5.304 5.322 5.340 5.358 5.376 5.394 5.412 5.430 5.448 5.466 5.484 5.502 5.520 5.538 5.556 5.575 5.593 5.612 5.631 5.650 5.668 5.686 5.704 5.722 5.740 5.758 5.776 5.794 5.812 5.829 5.846 5.863 5.879 5.895 5.911 5.926 5.941 5.955 5.969
4.402 4.436 4.469 4.501 4.533 4.563 4.593 4.622 4.650 4.678 4.705 4.731 4.757 4.781 4.806 4.831 4.855 4.879 4.903 4.926 4.949 4.972 4.994 5.016 5.038 5.060 5.081 5.102 5.123 5.143 5.164 5.184 5.204 5.223 5.243 5.262 5.280 5.297 5.315 5.333 5.351 5.369 5.387 5.404 5.422 5.439 5.457 5.474 5.492 5.509 5.527 5.544 5.562 5.580 5.598 5.616 5.634 5.653 5.671 5.689 5.706 5.724 5.742 5.760 5.778 5.796 5.814 5.831 5.848 5.865 5.882 5.898 5.914 5.930 5.945 5.960 5.974
4.422 4.456 4.489 4.521 4.552 4.582 4.611 4.640 4.668 4.695 4.722 4.749 4.773 4.798 4.822 4.847 4.871 4.895 4.918 4.941 4.964 4.986 5.009 5.031 5.052 5.074 5.095 5.116 5.136 5.157 5.177 5.197 5.217 5.236 5.255 5.274 5.292 5.309 5.327 5.345 5.362 5.380 5.397 5.415 5.432 5.449 5.466 5.483 5.500 5.517 5.534 5.551 5.568 5.586 5.603 5.621 5.639 5.657 5.675 5.692 5.709 5.726 5.744 5.762 5.780 5.797 5.815 5.833 5.850 5.867 5.884 5.901 5.917 5.933 5.949 5.964 5.979
4.441 4.475 4.508 4.540 4.571 4.601 4.630 4.658 4.686 4.713 4.740 4.766 4.790 4.814 4.839 4.863 4.887 4.910 4.933 4.956 4.979 5.001 5.023 5.045 5.066 5.088 5.109 5.129 5.150 5.170 5.190 5.210 5.229 5.249 5.268 5.287 5.304 5.321 5.339 5.357 5.374 5.392 5.409 5.426 5.443 5.459 5.476 5.493 5.509 5.526 5.542 5.559 5.576 5.592 5.609 5.626 5.644 5.661 5.679 5.695 5.712 5.729 5.746 5.764 5.781 5.799 5.817 5.834 5.852 5.869 5.886 5.903 5.919 5.935 5.951 5.967 5.982
4.460 4.494 4.527 4.559 4.589 4.619 4.648 4.676 4.703 4.730 4.757 4.783 4.807 4.831 4.855 4.879 4.902 4.926 4.949 4.971 4.994 5.016 5.037 5.059 5.080 5.101 5.122 5.143 5.163 5.183 5.203 5.223 5.242 5.262 5.281 5.299 5.316 5.333 5.351 5.369 5.386 5.403 5.420 5.437 5.454 5.470 5.487 5.503 5.519 5.535 5.551 5.567 5.584 5.600 5.616 5.633 5.650 5.667 5.683 5.699 5.715 5.732 5.749 5.766 5.783 5.801 5.818 5.836 5.853 5.870 5.887 5.904 5.921 5.937 5.953 5.969 5.985
