version2/TsunamiDB/out54137.asc
ncols          264
nrows          230
xllcorner      497853.4375
yllcorner      4229146.0000
cellsize         5.
NODATA_value   -99
[rows 136 to 169 of 230, columns 77 to 153 of 264]
6.658 6.668 6.678 6.688 6.699 6.709 6.719 6.730 6.740 6.751 6.761 6.772 6.783 6.794 6.804 6.815 6.826 6.836 6.847 6.857 6.868 6.878 6.889 6.899 6.909 6.918 6.927 6.935 6.943 6.950 6.958 6.965 6.972 6.978 6.984 6.990 6.996 7.001 7.006 7.011 7.016 7.020 7.025 7.029 7.033 7.037 7.041 7.045 7.048 7.051 7.053 7.056 7.058 7.060 7.062 7.065 7.067 7.069 7.072 7.075 7.078 7.081 7.084 7.087 7.091 7.094 7.098 7.102 7.106 7.111 7.115 7.118 7.122 7.125 7.129 7.132 7.135
6.663 6.673 6.683 6.693 6.703 6.713 6.724 6.734 6.744 6.755 6.765 6.776 6.787 6.797 6.808 6.819 6.830 6.840 6.851 6.862 6.872 6.883 6.893 6.904 6.914 6.923 6.932 6.940 6.949 6.957 6.964 6.971 6.978 6.985 6.992 6.998 7.004 7.009 7.015 7.020 7.025 7.029 7.034 7.038 7.042 7.047 7.051 7.055 7.058 7.060 7.063 7.066 7.068 7.070 7.072 7.075 7.077 7.079 7.082 7.084 7.087 7.090 7.093 7.096 7.100 7.103 7.107 7.111 7.115 7.119 7.123 7.127 7.130 7.134 7.137 7.141 7.144
6.669 6.679 6.689 6.698 6.708 6.718 6.728 6.739 6.749 6.759 6.770 6.780 6.791 6.802 6.812 6.823 6.834 6.844 6.855 6.866 6.876 6.887 6.898 6.909 6.919 6.928 6.937 6.946 6.954 6.962 6.970 6.978 6.985 6.992 6.999 7.005 7.012 7.017 7.023 7.028 7.033 7.038 7.043 7.047 7.052 7.056 7.061 7.064 7.067 7.070 7.073 7.075 7.078 7.080 7.082 7.084 7.087 7.089 7.091 7.094 7.096 7.099 7.102 7.105 7.108 7.112 7.115 7.119 7.124 7.128 7.132 7.135 7.139 7.142 7.146 7.149 7.152
6.675 6.685 6.694 6.704 6.714 6.724 6.734 6.744 6.754 6.764 6.775 6.785 6.796 6.806 6.817 6.827 6.838 6.849 6.859 6.870 6.881 6.891 6.903 6.913 6.923 6.933 6.942 6.951 6.960 6.968 6.976 6.984 6.992 6.999 7.006 7.013 7.019 7.025 7.031 7.037 7.042 7.047 7.052 7.056 7.061 7.066 7.070 7.074 7.077 7.080 7.083 7.085 7.088 7.090 7.092 7.094 7.096 7.099 7.101 7.103 7.106 7.108 7.111 7.114 7.117 7.121 7.124 7.128 7.132 7.136 7.140 7.144 7.147 7.151 7.154 7.157 7.161
6.681 6.691 6.700 6.710 6.720 6.729 6.739 6.749 6.759 6.769 6.780 6.790 6.800 6.811 6.821 6.832 6.842 6.853 6.864 6.874 6.885 6.896 6.907 6.918 6.928 6.938 6.947 6.956 6.965 6.974 6.982 6.991 6.998 7.006 7.013 7.020 7.027 7.033 7.039 7.045 7.050 7.056 7.061 7.065 7.070 7.075 7.080 7.083 7.087 7.090 7.092 7.095 7.097 7.100 7.102 7.104 7.106 7.108 7.110 7.113 7.115 7.118 7.120 7.123 7.126 7.130 7.133 7.137 7.141 7.145 7.148 7.152 7.155 7.159 7.162 7.166 7.169
6.688 6.698 6.707 6.716 6.726 6.735 6.745 6.755 6.765 6.775 6.785 6.795 6.806 6.816 6.826 6.837 6.847 6.858 6.868 6.879 6.890 6.901 6.912 6.923 6.933 6.942 6.952 6.961 6.971 6.980 6.988 6.997 7.005 7.012 7.020 7.027 7.034 7.041 7.047 7.053 7.059 7.064 7.069 7.074 7.079 7.084 7.089 7.093 7.096 7.099 7.102 7.105 7.107 7.110 7.112 7.114 7.116 7.118 7.120 7.122 7.125 7.127 7.130 7.132 7.135 7.138 7.142 7.145 7.149 7.153 7.157 7.160 7.164 7.167 7.171 7.174 7.177
6.695 6.705 6.714 6.723 6.732 6.742 6.751 6.761 6.771 6.781 6.791 6.801 6.811 6.821 6.831 6.842 6.852 6.863 6.873 6.884 6.894 6.905 6.917 6.927 6.937 6.947 6.957 6.966 6.976 6.985 6.994 7.002 7.011 7.019 7.027 7.034 7.041 7.048 7.055 7.061 7.067 7.073 7.078 7.083 7.089 7.094 7.098 7.102 7.106 7.109 7.112 7.115 7.117 7.120 7.122 7.124 7.126 7.128 7.130 7.132 7.134 7.137 7.139 7.142 7.144 7.147 7.151 7.154 7.158 7.162 7.165 7.169 7.172 7.175 7.179 7.182 7.185
6.703 6.712 6.721 6.730 6.739 6.748 6.758 6.767 6.777 6.787 6.797 6.807 6.817 6.827 6.837 6.847 6.857 6.868 6.878 6.889 6.899 6.910 6.921 6.932 6.942 6.952 6.962 6.971 6.981 6.990 6.999 7.008 7.017 7.025 7.033 7.041 7.048 7.056 7.062 7.069 7.075 7.081 7.087 7.092 7.097 7.103 7.108 7.112 7.115 7.119 7.122 7.124 7.127 7.129 7.132 7.134 7.136 7.138 7.140 7.142 7.144 7.146 7.148 7.151 7.154 7.156 7.160 7.163 7.167 7.170 7.174 7.177 7.181 7.184 7.187 7.190 7.194
6.710 6.719 6.728 6.737 6.746 6.755 6.764 6.774 6.783 6.793 6.803 6.812 6.822 6.832 6.842 6.852 6.863 6.873 6.883 6.894 6.904 6.915 6.926 6.937 6.947 6.957 6.966 6.976 6.986 6.995 7.004 7.013 7.022 7.031 7.039 7.047 7.055 7.063 7.070 7.077 7.083 7.089 7.095 7.101 7.106 7.112 7.117 7.121 7.125 7.128 7.131 7.134 7.137 7.139 7.141 7.144 7.146 7.148 7.149 7.151 7.153 7.156 7.158 7.160 7.163 7.166 7.169 7.172 7.176 7.179 7.182 7.186 7.189 7.192 7.196 7.199 7.202
6.718 6.727 6.735 6.744 6.753 6.762 6.771 6.780 6.790 6.799 6.809 6.819 6.828 6.838 6.848 6.858 6.868 6.878 6.888 6.899 6.909 6.920 6.931 6.941 6.951 6.961 6.971 6.981 6.990 7.000 7.009 7.019 7.028 7.037 7.045 7.053 7.062 7.069 7.077 7.084 7.091 7.097 7.103 7.109 7.115 7.121 7.126 7.130 7.134 7.137 7.141 7.144 7.146 7.149 7.151 7.153 7.155 7.157 7.159 7.161 7.163 7.165 7.167 7.170 7.172 7.175 7.178 7.181 7.184 7.188 7.191 7.194 7.198 7.201 7.204 7.207 7.210
6.726 6.734 6.743 6.751 6.760 6.769 6.778 6.787 6.796 6.806 6.815 6.825 6.834 6.844 6.854 6.864 6.874 6.883 6.894 6.904 6.914 6.925 6.935 6.946 6.956 6.966 6.976 6.985 6.995 7.005 7.014 7.023 7.033 7.042 7.051 7.059 7.067 7.076 7.083 7.091 7.098 7.105 7.111 7.117 7.123 7.129 7.134 7.139 7.143 7.147 7.150 7.153 7.156 7.158 7.161 7.163 7.165 7.167 7.169 7.171 7.173 7.175 7.177 7.179 7.181 7.184 7.187 7.190 7.193 7.197 7.200 7.203 7.206 7.209 7.212 7.216 7.219
6.733 6.741 6.750 6.758 6.767 6.776 6.784 6.793 6.803 6.812 6.821 6.831 6.840 6.850 6.859 6.869 6.879 6.889 6.899 6.909 6.919 6.929 6.940 6.950 6.960 6.970 6.980 6.989 6.999 7.009 7.018 7.028 7.037 7.046 7.055 7.064 7.073 7.081 7.089 7.097 7.104 7.111 7.118 7.125 7.131 7.137 7.142 7.147 7.151 7.155 7.159 7.162 7.165 7.168 7.170 7.172 7.174 7.176 7.178 7.180 7.182 7.184 7.186 7.188 7.191 7.193 7.196 7.199 7.202 7.205 7.208 7.211 7.215 7.218 7.221 7.224 7.227
6.741 6.749 6.757 6.765 6.774 6.782 6.791 6.800 6.809 6.818 6.827 6.837 6.846 6.855 6.865 6.875 6.884 6.894 6.904 6.914 6.924 6.934 6.944 6.955 6.964 6.974 6.984 6.993 7.003 7.013 7.022 7.032 7.041 7.051 7.060 7.069 7.078 7.086 7.095 7.103 7.110 7.118 7.125 7.131 7.138 7.144 7.150 7.155 7.160 7.164 7.167 7.171 7.174 7.176 7.179 7.181 7.183 7.186 7.187 7.189 7.191 7.193 7.195 7.197 7.200 7.202 7.205 7.207 7.211 7.214 7.217 7.220 7.223 7.226 7.229 7.232 7.235
6.748 6.756 6.764 6.772 6.780 6.789 6.797 6.806 6.815 6.824 6.833 6.842 6.851 6.861 6.870 6.880 6.889 6.899 6.909 6.918 6.928 6.938 6.949 6.959 6.968 6.978 6.988 6.997 7.007 7.016 7.026 7.035 7.045 7.054 7.064 7.073 7.082 7.091 7.099 7.108 7.116 7.123 7.131 7.138 7.144 7.151 7.157 7.162 7.167 7.171 7.175 7.179 7.182 7.185 7.188 7.190 7.192 7.194 7.196 7.198 7.200 7.202 7.204 7.206 7.208 7.211 7.213 7.216 7.219 7.222 7.225 7.228 7.231 7.234 7.237 7.240 7.243
6.755 6.763 6.771 6.778 6.787 6.795 6.803 6.812 6.821 6.829 6.838 6.848 6.857 6.866 6.875 6.885 6.894 6.904 6.913 6.923 6.932 6.942 6.953 6.963 6.972 6.982 6.991 7.000 7.010 7.019 7.029 7.038 7.048 7.057 7.067 7.076 7.086 7.095 7.103 7.112 7.120 7.128 7.136 7.143 7.150 7.157 7.164 7.169 7.174 7.178 7.183 7.186 7.190 7.193 7.195 7.198 7.200 7.202 7.205 7.207 7.208 7.210 7.212 7.214 7.217 7.219 7.221 7.224 7.227 7.230 7.233 7.236 7.239 7.242 7.245 7.248 7.251
6.762 6.769 6.777 6.785 6.792 6.801 6.809 6.817 6.826 6.835 6.844 6.853 6.862 6.871 6.880 6.889 6.899 6.908 6.917 6.927 6.936 6.946 6.956 6.966 6.976 6.985 6.994 7.003 7.013 7.022 7.031 7.041 7.050 7.060 7.069 7.079 7.088 7.098 7.107 7.115 7.124 7.132 7.140 7.148 7.155 7.162 7.169 7.175 7.180 7.185 7.189 7.193 7.197 7.200 7.203 7.205 7.208 7.210 7.212 7.214 7.216 7.218 7.220 7.222 7.224 7.227 7.229 7.232 7.235 7.238 7.241 7.244 7.246 7.249 7.252 7.255 7.258
6.768 6.775 6.782 6.790 6.798 6.806 6.814 6.822 6.831 6.839 6.848 6.857 6.866 6.875 6.884 6.893 6.903 6.912 6.921 6.931 6.940 6.950 6.960 6.969 6.979 6.988 6.997 7.006 7.015 7.024 7.034 7.043 7.052 7.062 7.071 7.081 7.090 7.100 7.109 7.118 7.127 7.135 7.143 7.151 7.159 7.167 7.174 7.180 7.185 7.190 7.195 7.199 7.203 7.206 7.209 7.212 7.215 7.217 7.219 7.221 7.223 7.225 7.227 7.230 7.232 7.234 7.236 7.239 7.242 7.245 7.248 7.251 7.253 7.256 7.259 7.262 7.265
6.773 6.780 6.787 6.795 6.803 6.810 6.819 6.827 6.835 6.844 6.852 6.861 6.870 6.879 6.888 6.897 6.906 6.915 6.924 6.934 6.943 6.953 6.963 6.972 6.981 6.990 6.999 7.008 7.017 7.026 7.035 7.045 7.054 7.063 7.073 7.082 7.092 7.101 7.111 7.120 7.129 7.137 7.146 7.154 7.162 7.170 7.177 7.184 7.189 7.195 7.200 7.204 7.208 7.212 7.215 7.218 7.221 7.223 7.226 7.228 7.230 7.232 7.234 7.236 7.238 7.241 7.243 7.246 7.249 7.252 7.254 7.257 7.260 7.263 7.266 7.268 7.271
6.777 6.784 6.791 6.799 6.806 6.814 6.822 6.830 6.839 6.847 6.856 6.865 6.873 6.882 6.891 6.900 6.909 6.918 6.927 6.937 6.946 6.955 6.965 6.975 6.983 6.992 7.001 7.010 7.019 7.028 7.037 7.046 7.055 7.064 7.074 7.083 7.093 7.102 7.111 7.121 7.130 7.139 7.147 7.156 7.164 7.173 7.180 7.187 7.193 7.198 7.204 7.208 7.212 7.216 7.220 7.223 7.226 7.229 7.231 7.233 7.236 7.238 7.240 7.242 7.244 7.247 7.249 7.252 7.255 7.258 7.260 7.263 7.266 7.269 7.271 7.274 7.277
6.779 6.786 6.794 6.802 6.809 6.817 6.825 6.833 6.842 6.850 6.859 6.867 6.876 6.885 6.894 6.903 6.912 6.921 6.930 6.939 6.948 6.958 6.967 6.976 6.985 6.994 7.002 7.011 7.020 7.028 7.037 7.046 7.055 7.065 7.074 7.083 7.093 7.102 7.111 7.121 7.130 7.139 7.148 7.157 7.165 7.174 7.182 7.189 7.195 7.201 7.206 7.211 7.216 7.220 7.224 7.227 7.230 7.233 7.236 7.238 7.241 7.243 7.245 7.247 7.249 7.252 7.254 7.257 7.260 7.263 7.266 7.268 7.271 7.274 7.277 7.279 7.282
6.779 6.787 6.795 6.803 6.811 6.819 6.827 6.835 6.844 6.852 6.861 6.869 6.878 6.887 6.896 6.904 6.913 6.922 6.931 6.940 6.950 6.959 6.969 6.978 6.986 6.995 7.003 7.012 7.020 7.029 7.038 7.046 7.055 7.064 7.074 7.083 7.092 7.101 7.111 7.120 7.129 7.139 7.148 7.157 7.166 7.175 7.183 7.190 7.196 7.203 7.208 7.214 7.218 7.223 7.227 7.231 7.234 7.237 7.240 7.242 7.245 7.247 7.249 7.252 7.254 7.256 7.259 7.262 7.265 7.268 7.270 7.273 7.276 7.278 7.281 7.284 7.287
6.776 6.785 6.793 6.802 6.810 6.819 6.827 6.836 6.844 6.853 6.861 6.870 6.879 6.888 6.896 6.905 6.914 6.923 6.932 6.941 6.951 6.960 6.970 6.978 6.987 6.995 7.004 7.012 7.020 7.029 7.037 7.046 7.055 7.064 7.073 7.082 7.091 7.100 7.110 7.119 7.128 7.137 7.147 7.156 7.165 7.174 7.182 7.190 7.197 7.203 7.209 7.215 7.220 7.225 7.229 7.233 7.237 7.240 7.243 7.246 7.248 7.251 7.253 7.256 7.258 7.260 7.263 7.266 7.269 7.272 7.274 7.277 7.280 7.282 7.285 7.288 7.291
6.770 6.780 6.789 6.798 6.807 6.816 6.825 6.834 6.843 6.852 6.861 6.870 6.878 6.887 6.896 6.905 6.914 6.923 6.932 6.941 6.951 6.960 6.970 6.978 6.987 6.995 7.003 7.012 7.020 7.028 7.037 7.045 7.054 7.063 7.071 7.080 7.089 7.099 7.108 7.117 7.126 7.136 7.145 7.154 7.164 7.173 7.181 7.189 7.196 7.203 7.209 7.215 7.221 7.226 7.230 7.235 7.238 7.242 7.245 7.248 7.251 7.254 7.256 7.259 7.261 7.264 7.266 7.270 7.272 7.275 7.278 7.280 7.283 7.286 7.288 7.291 7.294
6.760 6.771 6.782 6.792 6.802 6.812 6.821 6.830 6.840 6.849 6.858 6.867 6.877 6.886 6.895 6.904 6.913 6.922 6.931 6.941 6.950 6.960 6.969 6.977 6.986 6.994 7.003 7.011 7.019 7.027 7.036 7.044 7.052 7.061 7.070 7.078 7.087 7.096 7.105 7.115 7.124 7.133 7.142 7.152 7.161 7.171 7.179 7.187 7.195 7.202 7.209 7.215 7.221 7.226 7.231 7.235 7.240 7.243 7.247 7.250 7.253 7.256 7.259 7.261 7.264 7.266 7.269 7.272 7.275 7.278 7.280 7.283 7.286 7.289 7.291 7.294 7.297
6.747 6.759 6.771 6.782 6.793 6.804 6.814 6.824 6.834 6.844 6.854 6.864 6.873 6.883 6.892 6.901 6.911 6.920 6.929 6.939 6.948 6.958 6.967 6.976 6.984 6.993 7.001 7.009 7.017 7.026 7.034 7.042 7.050 7.059 7.067 7.076 7.085 7.093 7.102 7.111 7.121 7.130 7.139 7.149 7.158 7.168 7.176 7.184 7.192 7.200 7.207 7.213 7.220 7.225 7.231 7.235 7.240 7.244 7.248 7.251 7.254 7.257 7.260 7.263 7.266 7.268 7.271 7.274 7.278 7.280 7.283 7.285 7.288 7.291 7.294 7.296 7.299
6.731 6.745 6.757 6.770 6.782 6.793 6.804 6.816 6.826 6.837 6.847 6.858 6.868 6.878 6.887 6.897 6.907 6.916 6.926 6.936 6.945 6.955 6.965 6.973 6.982 6.990 6.999 7.007 7.015 7.023 7.031 7.039 7.048 7.056 7.064 7.073 7.082 7.090 7.099 7.108 7.117 7.126 7.135 7.145 7.155 7.164 7.173 7.181 7.189 7.197 7.204 7.211 7.218 7.224 7.229 7.235 7.239 7.244 7.248 7.251 7.255 7.258 7.261 7.264 7.267 7.270 7.273 7.276 7.279 7.282 7.285 7.287 7.290 7.293 7.296 7.298 7.301
6.714 6.728 6.741 6.755 6.767 6.780 6.792 6.804 6.816 6.827 6.838 6.849 6.860 6.870 6.881 6.891 6.901 6.911 6.921 6.931 6.941 6.951 6.961 6.969 6.978 6.987 6.995 7.003 7.012 7.020 7.028 7.036 7.044 7.053 7.061 7.069 7.078 7.086 7.095 7.104 7.113 7.122 7.131 7.141 7.150 7.160 7.168 7.177 7.185 7.193 7.201 7.208 7.215 7.221 7.227 7.233 7.238 7.243 7.247 7.251 7.255 7.259 7.262 7.265 7.268 7.271 7.274 7.277 7.281 7.283 7.286 7.289 7.292 7.294 7.297 7.300 7.303
6.697 6.711 6.725 6.738 6.751 6.764 6.777 6.790 6.803 6.815 6.827 6.839 6.850 6.861 6.872 6.883 6.894 6.904 6.915 6.925 6.935 6.945 6.955 6.964 6.973 6.982 6.991 6.999 7.008 7.016 7.024 7.032 7.040 7.049 7.057 7.065 7.074 7.082 7.091 7.099 7.108 7.117 7.126 7.136 7.145 7.155 7.164 7.172 7.181 7.189 7.197 7.204 7.212 7.218 7.225 7.231 7.236 7.241 7.246 7.250 7.254 7.258 7.262 7.265 7.268 7.272 7.275 7.278 7.282 7.284 7.287 7.290 7.293 7.296 7.298 7.301 7.304
6.681 6.695 6.708 6.721 6.735 6.748 6.762 6.775 6.788 6.801 6.813 6.826 6.838 6.850 6.862 6.873 6.884 6.895 6.906 6.917 6.928 6.939 6.949 6.958 6.967 6.976 6.985 6.994 7.002 7.011 7.019 7.027 7.036 7.044 7.052 7.061 7.069 7.077 7.086 7.095 7.103 7.112 7.121 7.130 7.140 7.149 7.158 7.167 7.176 7.184 7.192 7.200 7.207 7.215 7.221 7.228 7.234 7.239 7.244 7.249 7.253 7.257 7.261 7.265 7.268 7.272 7.275 7.279 7.282 7.285 7.288 7.291 7.294 7.297 7.300 7.302 7.305
6.668 6.680 6.693 6.706 6.719 6.732 6.745 6.759 6.772 6.786 6.799 6.812 6.825 6.837 6.849 6.862 6.873 6.885 6.897 6.908 6.919 6.930 6.941 6.951 6.960 6.970 6.979 6.988 6.996 7.005 7.013 7.022 7.030 7.039 7.047 7.055 7.064 7.072 7.081 7.089 7.098 7.107 7.116 7.125 7.134 7.144 7.153 7.161 7.170 7.179 7.187 7.195 7.203 7.210 7.217 7.224 7.230 7.236 7.242 7.247 7.252 7.256 7.260 7.264 7.268 7.272 7.275 7.279 7.283 7.286 7.289 7.292 7.295 7.298 7.300 7.303 7.306
6.657 6.669 6.680 6.692 6.705 6.717 6.730 6.743 6.757 6.770 6.783 6.797 6.810 6.823 6.836 6.849 6.861 6.873 6.885 6.897 6.909 6.921 6.932 6.942 6.952 6.962 6.971 6.980 6.989 6.998 7.007 7.016 7.024 7.033 7.041 7.049 7.058 7.066 7.075 7.083 7.092 7.101 7.109 7.119 7.128 7.138 7.146 7.155 7.164 7.173 7.181 7.189 7.197 7.205 7.213 7.220 7.227 7.233 7.239 7.244 7.250 7.254 7.259 7.263 7.267 7.271 7.275 7.279 7.283 7.286 7.289 7.292 7.295 7.298 7.301 7.304 7.307
6.650 6.660 6.670 6.681 6.692 6.704 6.717 6.729 6.742 6.755 6.769 6.782 6.795 6.809 6.822 6.835 6.848 6.861 6.873 6.885 6.898 6.910 6.921 6.932 6.943 6.953 6.962 6.972 6.981 6.991 6.999 7.008 7.017 7.026 7.034 7.043 7.051 7.060 7.068 7.077 7.086 7.094 7.103 7.112 7.122 7.131 7.140 7.149 7.158 7.166 7.175 7.183 7.192 7.200 7.208 7.215 7.222 7.229 7.235 7.241 7.247 7.252 7.257 7.262 7.266 7.270 7.274 7.279 7.283 7.286 7.289 7.293 7.296 7.299 7.302 7.305 7.308
6.645 6.654 6.663 6.673 6.683 6.694 6.705 6.717 6.729 6.742 6.755 6.768 6.781 6.795 6.808 6.821 6.834 6.847 6.860 6.873 6.886 6.898 6.910 6.921 6.932 6.943 6.953 6.963 6.973 6.982 6.991 7.001 7.010 7.018 7.027 7.036 7.045 7.053 7.062 7.070 7.079 7.088 7.097 7.106 7.115 7.124 7.133 7.142 7.151 7.160 7.168 7.177 7.186 7.194 7.202 7.210 7.217 7.225 7.232 7.238 7.244 7.250 7.255 7.260 7.265 7.269 7.274 7.278 7.283 7.286 7.290 7.293 7.296 7.300 7.303 7.306 7.310
6.642 6.650 6.658 6.667 6.676 6.686 6.696 6.707 6.719 6.730 6.743 6.755 6.768 6.781 6.794 6.808 6.821 6.834 6.847 6.860 6.873 6.886 6.899 6.910 6.922 6.932 6.943 6.953 6.963 6.973 6.983 6.992 7.001 7.011 7.020 7.028 7.037 7.046 7.055 7.063 7.072 7.081 7.090 7.099 7.108 7.118 7.126 7.135 7.144 7.153 7.162 7.171 7.179 7.188 7.196 7.204 7.212 7.220 7.227 7.234 7.241 7.247 7.253 7.258 7.263 7.268 7.273 7.278 7.282 7.286 7.290 7.294 7.297 7.301 7.304 7.307 7.311
