version2/TsunamiDB/out54020.asc
ncols          264
nrows          230
xllcorner      497853.4375
yllcorner      4229146.0000
cellsize         5.
NODATA_value   -99
[rows 31 to 61 of 230, columns 142 to 212 of 264]
-99.000 -99.000 -99.000 -99.000 -99.000 -99.000 -99.000 -99.000 -99.000 -99.000 -99.000 -99.000 -99.000 -99.000 -99.000 -99.000 -99.000 -99.000 -99.000 -99.000 -99.000 -99.000 -99.000 -99.000 -99.000 -99.000 -99.000 -99.000 -99.000 -99.000 -99.000 -99.000 -99.000 -99.000 1.643 1.645 1.674 1.787 1.998 2.283 2.611 2.946 3.259 3.532 3.762 3.950 4.104 4.231 4.338 4.430 4.511 4.583 4.648 4.708 4.763 4.815 4.863 4.909 4.954 4.998 5.041 5.083 5.124 5.165 5.205 5.245 5.284 5.322 5.359 5.396 5.431
-99.000 -99.000 -99.000 -99.000 -99.000 -99.000 -99.000 -99.000 -99.000 -99.000 -99.000 -99.000 -99.000 -99.000 -99.000 -99.000 -99.000 -99.000 -99.000 -99.000 -99.000 -99.000 -99.000 -99.000 -99.000 -99.000 -99.000 -99.000 -99.000 -99.000 -99.000 -99.000 -99.000 -99.000 1.643 1.649 1.703 1.854 2.097 2.400 2.730 3.055 3.351 3.606 3.820 3.995 4.140 4.262 4.366 4.457 4.537 4.609 4.675 4.735 4.791 4.844 4.892 4.939 4.984 5.028 5.071 5.113 5.154 5.195 5.235 5.275 5.314 5.352 5.390 5.427 5.463
-99.000 -99.000 -99.000 -99.000 -99.000 -99.000 -99.000 -99.000 -99.000 -99.000 -99.000 -99.000 -99.000 -99.000 -99.000 -99.000 -99.000 -99.000 -99.000 -99.000 -99.000 -99.000 -99.000 -99.000 -99.000 -99.000 -99.000 -99.000 -99.000 -99.000 -99.000 -99.000 -99.000 -99.000 1.644 1.660 1.746 1.932 2.200 2.515 2.843 3.156 3.435 3.673 3.871 4.035 4.172 4.289 4.391 4.480 4.560 4.633 4.700 4.761 4.818 4.871 4.920 4.967 5.013 5.057 5.100 5.142 5.183 5.224 5.264 5.303 5.343 5.381 5.419 5.457 5.494
-99.000 -99.000 -99.000 -99.000 -99.000 -99.000 -99.000 -99.000 -99.000 -99.000 -99.000 -99.000 -99.000 -99.000 -99.000 -99.000 -99.000 -99.000 -99.000 -99.000 -99.000 -99.000 -99.000 -99.000 -99.000 -99.000 -99.000 -99.000 -99.000 -99.000 -99.000 -99.000 -99.000 1.643 1.646 1.679 1.800 2.018 2.306 2.628 2.951 3.251 3.513 3.734 3.918 4.071 4.201 4.313 4.412 4.500 4.581 4.654 4.721 4.783 4.841 4.895 4.945 4.993 5.039 5.084 5.127 5.169 5.210 5.251 5.291 5.331 5.371 5.409 5.448 5.486 5.524
-99.000 -99.000 -99.000 -99.000 -99.000 -99.000 -99.000 -99.000 -99.000 -99.000 -99.000 -99.000 -99.000 -99.000 -99.000 -99.000 -99.000 -99.000 -99.000 -99.000 -99.000 -99.000 -99.000 -99.000 -99.000 -99.000 -99.000 -99.000 -99.000 -99.000 -99.000 -99.000 -99.000 1.643 1.651 1.710 1.867 2.113 2.416 2.740 3.056 3.341 3.586 3.790 3.960 4.103 4.225 4.333 4.429 4.517 4.597 4.671 4.740 4.803 4.862 4.917 4.968 5.017 5.064 5.109 5.152 5.195 5.236 5.277 5.317 5.357 5.397 5.436 5.475 5.514 5.553
-99.000 -99.000 -99.000 -99.000 -99.000 -99.000 -99.000 -99.000 -99.000 -99.000 -99.000 -99.000 -99.000 -99.000 -99.000 -99.000 -99.000 -99.000 -99.000 -99.000 -99.000 -99.000 -99.000 -99.000 -99.000 -99.000 -99.000 -99.000 -99.000 -99.000 -99.000 -99.000 -99.000 1.644 1.663 1.755 1.946 2.216 2.529 2.852 3.157 3.425 3.652 3.841 3.998 4.131 4.247 4.351 4.445 4.531 4.611 4.686 4.755 4.819 4.880 4.936 4.989 5.038 5.086 5.131 5.175 5.218 5.260 5.301 5.342 5.382 5.422 5.462 5.501 5.541 5.580
-99.000 -99.000 -99.000 -99.000 -99.000 -99.000 -99.000 -99.000 -99.000 -99.000 -99.000 -99.000 -99.000 -99.000 -99.000 -99.000 -99.000 -99.000 -99.000 -99.000 -99.000 -99.000 -99.000 -99.000 -99.000 -99.000 -99.000 -99.000 -99.000 -99.000 -99.000 -99.000 1.644 1.646 1.685 1.814 2.037 2.327 2.646 2.964 3.254 3.505 3.714 3.887 4.032 4.157 4.266 4.366 4.458 4.543 4.622 4.697 4.767 4.832 4.894 4.952 5.005 5.056 5.105 5.151 5.196 5.239 5.282 5.323 5.364 5.405 5.445 5.485 5.526 5.566 5.606
-99.000 -99.000 -99.000 -99.000 -99.000 -99.000 -99.000 -99.000 -99.000 -99.000 -99.000 -99.000 -99.000 -99.000 -99.000 -99.000 -99.000 -99.000 -99.000 -99.000 -99.000 -99.000 -99.000 -99.000 -99.000 -99.000 -99.000 -99.000 -99.000 -99.000 -99.000 -99.000 1.644 1.653 1.721 1.887 2.139 2.444 2.765 3.073 3.347 3.579 3.771 3.930 4.064 4.180 4.284 4.380 4.469 4.553 4.631 4.706 4.776 4.842 4.905 4.964 5.019 5.071 5.121 5.168 5.214 5.258 5.300 5.343 5.384 5.425 5.466 5.507 5.548 5.589 5.630
-99.000 -99.000 -99.000 -99.000 -99.000 -99.000 -99.000 -99.000 -99.000 -99.000 -99.000 -99.000 -99.000 -99.000 -99.000 -99.000 -99.000 -99.000 -99.000 -99.000 -99.000 -99.000 -99.000 -99.000 -99.000 -99.000 -99.000 -99.000 -99.000 -99.000 -99.000 1.644 1.645 1.669 1.773 1.975 2.251 2.565 2.884 3.179 3.435 3.649 3.824 3.970 4.094 4.203 4.302 4.393 4.480 4.561 4.638 4.712 4.783 4.850 4.913 4.973 5.029 5.082 5.133 5.182 5.228 5.273 5.317 5.359 5.402 5.443 5.485 5.526 5.568 5.610 5.652
-99.000 -99.000 -99.000 -99.000 -99.000 -99.000 -99.000 -99.000 -99.000 -99.000 -99.000 -99.000 -99.000 -99.000 -99.000 -99.000 -99.000 -99.000 -99.000 -99.000 -99.000 -99.000 -99.000 -99.000 -99.000 -99.000 -99.000 -99.000 -99.000 -99.000 -99.000 1.644 1.649 1.697 1.840 2.075 2.370 2.689 3.000 3.280 3.518 3.714 3.874 4.008 4.123 4.225 4.318 4.406 4.489 4.568 4.644 4.717 4.788 4.855 4.918 4.979 5.036 5.090 5.142 5.192 5.239 5.285 5.330 5.373 5.416 5.459 5.501 5.543 5.586 5.628 5.671
-99.000 -99.000 -99.000 -99.000 -99.000 -99.000 -99.000 -99.000 -99.000 -99.000 -99.000 -99.000 -99.000 -99.000 -99.000 -99.000 -99.000 -99.000 -99.000 -99.000 -99.000 -99.000 -99.000 -99.000 -99.000 -99.000 -99.000 -99.000 -99.000 -99.000 -99.000 1.644 1.659 1.741 1.923 2.185 2.494 2.813 3.113 3.376 3.595 3.775 3.922 4.045 4.151 4.247 4.336 4.419 4.499 4.575 4.649 4.721 4.791 4.858 4.922 4.983 5.040 5.096 5.149 5.199 5.248 5.295 5.340 5.384 5.428 5.471 5.515 5.558 5.601 5.644 5.688
-99.000 -99.000 -99.000 -99.000 -99.000 -99.000 -99.000 -99.000 -99.000 -99.000 -99.000 -99.000 -99.000 -99.000 -99.000 -99.000 -99.000 -99.000 -99.000 -99.000 -99.000 -99.000 -99.000 -99.000 -99.000 -99.000 -99.000 -99.000 -99.000 -99.000 1.644 1.647 1.680 1.801 2.018 2.303 2.619 2.934 3.220 3.465 3.668 3.832 3.967 4.080 4.180 4.270 4.353 4.432 4.508 4.582 4.654 4.725 4.793 4.859 4.924 4.984 5.042 5.098 5.152 5.204 5.253 5.301 5.347 5.392 5.437 5.481 5.525 5.569 5.613 5.657 5.702
-99.000 -99.000 -99.000 -99.000 -99.000 -99.000 -99.000 -99.000 -99.000 -99.000 -99.000 -99.000 -99.000 -99.000 -99.000 -99.000 -99.000 -99.000 -99.000 -99.000 -99.000 -99.000 -99.000 -99.000 -99.000 -99.000 -99.000 -99.000 -99.000 -99.000 1.644 1.653 1.716 1.876 2.124 2.426 2.745 3.050 3.321 3.549 3.735 3.885 4.010 4.115 4.208 4.293 4.372 4.447 4.519 4.590 4.660 4.728 4.795 4.860 4.924 4.984 5.042 5.099 5.153 5.205 5.255 5.304 5.351 5.397 5.442 5.487 5.532 5.577 5.622 5.667 5.713
-99.000 -99.000 -99.000 -99.000 -99.000 -99.000 -99.000 -99.000 -99.000 -99.000 -99.000 -99.000 -99.000 -99.000 -99.000 -99.000 -99.000 -99.000 -99.000 -99.000 -99.000 -99.000 -99.000 -99.000 -99.000 -99.000 -99.000 -99.000 -99.000 -99.000 1.645 1.667 1.767 1.965 2.238 2.551 2.868 3.162 3.416 3.626 3.797 3.935 4.051 4.149 4.237 4.317 4.392 4.463 4.532 4.600 4.667 4.732 4.797 4.861 4.923 4.983 5.041 5.097 5.152 5.204 5.255 5.304 5.352 5.398 5.444 5.490 5.535 5.581 5.626 5.672 5.719
-99.000 -99.000 -99.000 -99.000 -99.000 -99.000 -99.000 -99.000 -99.000 -99.000 -99.000 -99.000 -99.000 -99.000 -99.000 -99.000 -99.000 -99.000 -99.000 -99.000 -99.000 -99.000 -99.000 -99.000 -99.000 -99.000 -99.000 -99.000 -99.000 1.644 1.649 1.695 1.833 2.065 2.359 2.677 2.988 3.267 3.504 3.697 3.854 3.982 4.090 4.183 4.266 4.342 4.413 4.480 4.546 4.611 4.675 4.738 4.801 4.863 4.923 4.981 5.038 5.095 5.149 5.201 5.252 5.301 5.349 5.396 5.442 5.488 5.534 5.580 5.626 5.673 5.720
-99.000 -99.000 -99.000 -99.000 -99.000 -99.000 -99.000 -99.000 -99.000 -99.000 -99.000 -99.000 -99.000 -99.000 -99.000 -99.000 -99.000 -99.000 -99.000 -99.000 -99.000 -99.000 -99.000 -99.000 -99.000 -99.000 -99.000 -99.000 -99.000 1.644 1.658 1.737 1.915 2.176 2.483 2.802 3.102 3.365 3.584 3.762 3.907 4.025 4.126 4.214 4.294 4.366 4.434 4.499 4.563 4.625 4.686 4.747 4.807 4.866 4.925 4.981 5.037 5.092 5.145 5.197 5.247 5.296 5.343 5.390 5.436 5.482 5.528 5.574 5.621 5.668 5.716
-99.000 -99.000 -99.000 -99.000 -99.000 -99.000 -99.000 -99.000 -99.000 -99.000 -99.000 -99.000 -99.000 -99.000 -99.000 -99.000 -99.000 -99.000 -99.000 -99.000 -99.000 -99.000 -99.000 -99.000 -99.000 -99.000 -99.000 -99.000 1.644 1.646 1.678 1.797 2.010 2.294 2.610 2.924 3.210 3.456 3.658 3.821 3.955 4.066 4.161 4.245 4.320 4.390 4.456 4.519 4.580 4.640 4.699 4.757 4.815 4.872 4.928 4.983 5.037 5.090 5.142 5.193 5.242 5.290 5.336 5.382 5.427 5.472 5.517 5.563 5.609 5.657 5.705
-99.000 -99.000 -99.000 -99.000 -99.000 -99.000 -99.000 -99.000 -99.000 -99.000 -99.000 -99.000 -99.000 -99.000 -99.000 -99.000 -99.000 -99.000 -99.000 -99.000 -99.000 -99.000 -99.000 -99.000 -99.000 -99.000 -99.000 -99.000 1.644 1.652 1.713 1.872 2.117 2.417 2.736 3.041 3.312 3.539 3.725 3.875 3.998 4.102 4.193 4.273 4.346 4.413 4.477 4.539 4.599 4.657 4.714 4.770 4.826 4.881 4.935 4.988 5.039 5.091 5.141 5.190 5.237 5.284 5.329 5.373 5.416 5.460 5.503 5.547 5.593 5.640 5.689
-99.000 -99.000 -99.000 -99.000 -99.000 -99.000 -99.000 -99.000 -99.000 -99.000 -99.000 -99.000 -99.000 -99.000 -99.000 -99.000 -99.000 -99.000 -99.000 -99.000 -99.000 -99.000 -99.000 -99.000 -99.000 -99.000 -99.000 -99.000 1.645 1.666 1.764 1.961 2.232 2.543 2.860 3.152 3.406 3.616 3.786 3.924 4.039 4.136 4.222 4.299 4.369 4.435 4.498 4.558 4.617 4.674 4.730 4.785 4.839 4.892 4.944 4.995 5.045 5.095 5.143 5.190 5.236 5.280 5.323 5.365 5.406 5.446 5.487 5.529 5.573 5.618 5.666
-99.000 -99.000 -99.000 -99.000 -99.000 -99.000 -99.000 -99.000 -99.000 -99.000 -99.000 -99.000 -99.000 -99.000 -99.000 -99.000 -99.000 -99.000 -99.000 -99.000 -99.000 -99.000 -99.000 -99.000 -99.000 -99.000 -99.000 1.644 1.648 1.693 1.832 2.062 2.354 2.671 2.980 3.258 3.493 3.686 3.841 3.969 4.076 4.168 4.249 4.323 4.391 4.455 4.517 4.576 4.634 4.690 4.745 4.799 4.852 4.904 4.956 5.005 5.054 5.102 5.149 5.194 5.238 5.280 5.321 5.360 5.398 5.436 5.473 5.512 5.552 5.595 5.641
-99.000 -99.000 -99.000 -99.000 -99.000 -99.000 -99.000 -99.000 -99.000 -99.000 -99.000 -99.000 -99.000 -99.000 -99.000 -99.000 -99.000 -99.000 -99.000 -99.000 -99.000 -99.000 -99.000 -99.000 -99.000 -99.000 -99.000 1.644 1.658 1.736 1.915 2.174 2.480 2.797 3.095 3.356 3.574 3.750 3.893 4.011 4.110 4.197 4.274 4.345 4.411 4.474 4.534 4.593 4.650 4.706 4.760 4.813 4.866 4.917 4.968 5.017 5.064 5.112 5.157 5.202 5.244 5.285 5.324 5.361 5.396 5.430 5.464 5.498 5.534 5.573 5.616
-99.000 -99.000 -99.000 -99.000 -99.000 -99.000 -99.000 -99.000 -99.000 -99.000 -99.000 -99.000 -99.000 -99.000 -99.000 -99.000 -99.000 -99.000 -99.000 -99.000 -99.000 -99.000 -99.000 -99.000 -99.000 -99.000 1.644 1.646 1.678 1.797 2.011 2.294 2.608 2.920 3.205 3.448 3.648 3.809 3.941 4.050 4.143 4.225 4.298 4.366 4.430 4.491 4.550 4.608 4.664 4.719 4.773 4.826 4.878 4.929 4.980 5.028 5.075 5.122 5.168 5.212 5.254 5.294 5.331 5.366 5.399 5.430 5.461 5.491 5.522 5.557 5.596
-99.000 -99.000 -99.000 -99.000 -99.000 -99.000 -99.000 -99.000 -99.000 -99.000 -99.000 -99.000 -99.000 -99.000 -99.000 -99.000 -99.000 -99.000 -99.000 -99.000 -99.000 -99.000 -99.000 -99.000 -99.000 -99.000 1.644 1.652 1.714 1.873 2.119 2.419 2.736 3.039 3.308 3.533 3.716 3.864 3.985 4.087 4.174 4.251 4.321 4.385 4.447 4.507 4.564 4.621 4.676 4.731 4.784 4.837 4.889 4.940 4.990 5.038 5.086 5.133 5.178 5.222 5.265 5.304 5.342 5.376 5.408 5.438 5.465 5.491 5.518 5.548 5.581
-99.000 -99.000 -99.000 -99.000 -99.000 -99.000 -99.000 -99.000 -99.000 -99.000 -99.000 -99.000 -99.000 -99.000 -99.000 -99.000 -99.000 -99.000 -99.000 -99.000 -99.000 -99.000 -99.000 -99.000 -99.000 -99.000 1.645 1.667 1.766 1.964 2.236 2.548 2.862 3.153 3.405 3.612 3.780 3.916 4.028 4.122 4.204 4.277 4.343 4.405 4.465 4.522 4.578 4.633 4.687 4.741 4.793 4.845 4.897 4.948 4.998 5.046 5.094 5.142 5.188 5.232 5.275 5.316 5.354 5.389 5.421 5.450 5.475 5.499 5.522 5.547 5.575
-99.000 -99.000 -99.000 -99.000 -99.000 -99.000 -99.000 -99.000 -99.000 -99.000 -99.000 -99.000 -99.000 -99.000 -99.000 -99.000 -99.000 -99.000 -99.000 -99.000 -99.000 -99.000 -99.000 -99.000 -99.000 1.644 1.649 1.695 1.835 2.067 2.360 2.677 2.985 3.261 3.495 3.686 3.840 3.965 4.069 4.157 4.233 4.302 4.365 4.425 4.482 4.537 4.591 4.645 4.697 4.749 4.801 4.852 4.903 4.953 5.003 5.052 5.100 5.148 5.195 5.240 5.284 5.326 5.366 5.402 5.435 5.464 5.490 5.513 5.533 5.554 5.577
-99.000 -99.000 -99.000 -99.000 -99.000 -99.000 -99.000 -99.000 -99.000 -99.000 -99.000 -99.000 -99.000 -99.000 -99.000 -99.000 -99.000 -99.000 -99.000 -99.000 -99.000 -99.000 -99.000 -99.000 -99.000 1.644 1.659 1.740 1.920 2.182 2.489 2.806 3.103 3.363 3.579 3.755 3.896 4.012 4.108 4.190 4.262 4.327 4.388 4.445 4.500 4.553 4.605 4.656 4.707 4.758 4.808 4.858 4.908 4.957 5.007 5.055 5.103 5.152 5.199 5.246 5.291 5.334 5.375 5.414 5.449 5.480 5.506 5.529 5.548 5.566 5.585
-99.000 -99.000 -99.000 -99.000 -99.000 -99.000 -99.000 -99.000 -99.000 -99.000 -99.000 -99.000 -99.000 -99.000 -99.000 -99.000 -99.000 -99.000 -99.000 -99.000 -99.000 -99.000 -99.000 -99.000 1.644 1.647 1.680 1.802 2.019 2.304 2.620 2.933 3.216 3.459 3.658 3.819 3.949 4.056 4.146 4.223 4.291 4.353 4.411 4.466 4.518 4.569 4.620 4.669 4.718 4.766 4.815 4.863 4.912 4.960 5.009 5.056 5.104 5.153 5.201 5.248 5.294 5.339 5.382 5.423 5.460 5.493 5.522 5.546 5.565 5.582 5.598
-99.000 -99.000 -99.000 -99.000 -99.000 -99.000 -99.000 -99.000 -99.000 -99.000 -99.000 -99.000 -99.000 -99.000 -99.000 -99.000 -99.000 -99.000 -99.000 -99.000 -99.000 -99.000 -99.000 -99.000 1.644 1.653 1.718 1.881 2.130 2.432 2.751 3.055 3.324 3.549 3.733 3.880 4.001 4.100 4.183 4.255 4.320 4.379 4.435 4.487 4.538 4.587 4.635 4.682 4.729 4.776 4.822 4.869 4.916 4.963 5.010 5.056 5.104 5.152 5.200 5.248 5.295 5.341 5.386 5.428 5.468 5.503 5.535 5.561 5.582 5.599 5.613
-99.000 -99.000 -99.000 -99.000 -99.000 -99.000 -99.000 -99.000 -99.000 -99.000 -99.000 -99.000 -99.000 -99.000 -99.000 -99.000 -99.000 -99.000 -99.000 -99.000 -99.000 -99.000 -99.000 -99.000 1.645 1.669 1.773 1.975 2.251 2.564 2.881 3.173 3.425 3.634 3.803 3.939 4.050 4.142 4.220 4.288 4.350 4.407 4.460 4.510 4.559 4.606 4.652 4.697 4.742 4.786 4.831 4.875 4.920 4.966 5.011 5.056 5.104 5.151 5.199 5.246 5.294 5.341 5.387 5.431 5.472 5.510 5.544 5.573 5.596 5.615 5.630
-99.000 -99.000 -99.000 -99.000 -99.000 -99.000 -99.000 -99.000 -99.000 -99.000 -99.000 -99.000 -99.000 -99.000 -99.000 -99.000 -99.000 -99.000 -99.000 -99.000 -99.000 -99.000 -99.000 1.644 1.650 1.700 1.846 2.082 2.379 2.698 3.008 3.286 3.521 3.714 3.869 3.994 4.097 4.182 4.256 4.321 4.380 4.435 4.486 4.534 4.581 4.626 4.670 4.713 4.756 4.798 4.840 4.883 4.926 4.970 5.013 5.057 5.103 5.149 5.196 5.244 5.292 5.339 5.385 5.431 5.474 5.513 5.550 5.581 5.607 5.629 5.646
-99.000 -99.000 -99.000 -99.000 -99.000 -99.000 -99.000 -99.000 -99.000 -99.000 -99.000 -99.000 -99.000 -99.000 -99.000 -99.000 -99.000 -99.000 -99.000 -99.000 -99.000 -99.000 -99.000 1.645 1.661 1.748 1.934 2.200 2.511 2.831 3.131 3.393 3.611 3.789 3.932 4.047 4.142 4.223 4.292 4.354 4.411 4.464 4.513 4.560 4.604 4.648 4.690 4.731 4.771 4.812 4.852 4.892 4.933 4.975 5.016 5.059 5.103 5.148 5.194 5.241 5.288 5.335 5.382 5.428 5.472 5.514 5.552 5.586 5.615 5.640 5.660
