version2/TsunamiDB/out54057.asc
ncols          264
nrows          230
xllcorner      497853.4375
yllcorner      4229146.0000
cellsize         5.
NODATA_value   -99
[rows 66 to 98 of 230, columns 74 to 147 of 264]
-99.000 -99.000 -99.000 -99.000 -99.000 -99.000 -99.000 -99.000 -99.000 -99.000 1.647 1.662 1.743 1.922 2.176 2.470 2.765 3.033 3.258 3.440 3.585 3.701 3.797 3.878 3.950 4.014 4.074 4.129 4.181 4.230 4.277 4.322 4.365 4.407 4.448 4.488 4.528 4.566 4.604 4.642 4.679 4.716 4.752 4.789 4.826 4.862 4.899 4.936 4.974 5.011 5.049 5.087 5.124 5.162 5.199 5.235 5.272 5.307 5.342 5.376 5.408 5.439 5.469 5.498 5.526 5.553 5.580 5.605 5.630 5.655 5.679 5.703 5.727 5.750
-99.000 -99.000 -99.000 -99.000 -99.000 -99.000 -99.000 -99.000 -99.000 1.647 1.651 1.692 1.824 2.046 2.326 2.625 2.909 3.156 3.359 3.521 3.650 3.755 3.844 3.920 3.988 4.050 4.108 4.162 4.212 4.260 4.306 4.350 4.392 4.433 4.473 4.513 4.551 4.588 4.625 4.662 4.698 4.733 4.769 4.804 4.839 4.875 4.910 4.946 4.981 5.017 5.054 5.090 5.127 5.163 5.199 5.235 5.271 5.307 5.342 5.376 5.409 5.442 5.473 5.503 5.532 5.560 5.587 5.613 5.639 5.663 5.688 5.712 5.736 5.760
-99.000 -99.000 -99.000 -99.000 -99.000 -99.000 -99.000 -99.000 -99.000 1.648 1.663 1.747 1.929 2.187 2.481 2.776 3.043 3.267 3.449 3.593 3.709 3.805 3.887 3.960 4.025 4.085 4.141 4.193 4.243 4.290 4.335 4.377 4.419 4.459 4.499 4.537 4.574 4.611 4.647 4.682 4.717 4.752 4.786 4.820 4.854 4.888 4.922 4.956 4.991 5.025 5.060 5.095 5.130 5.165 5.199 5.234 5.270 5.305 5.340 5.375 5.409 5.442 5.474 5.505 5.535 5.564 5.592 5.620 5.646 5.671 5.696 5.721 5.745 5.769
-99.000 -99.000 -99.000 -99.000 -99.000 -99.000 -99.000 -99.000 1.647 1.651 1.695 1.831 2.056 2.338 2.637 2.920 3.165 3.367 3.528 3.657 3.763 3.851 3.928 3.997 4.060 4.119 4.173 4.224 4.273 4.320 4.363 4.404 4.446 4.485 4.524 4.561 4.598 4.633 4.669 4.703 4.737 4.771 4.804 4.837 4.870 4.903 4.936 4.968 5.001 5.034 5.067 5.101 5.134 5.167 5.200 5.235 5.269 5.304 5.339 5.373 5.407 5.441 5.474 5.506 5.537 5.567 5.596 5.624 5.651 5.678 5.703 5.728 5.753 5.777
-99.000 -99.000 -99.000 -99.000 -99.000 -99.000 -99.000 -99.000 1.648 1.665 1.753 1.939 2.199 2.494 2.788 3.053 3.276 3.456 3.599 3.715 3.811 3.894 3.967 4.033 4.094 4.151 4.204 4.255 4.302 4.348 4.390 4.431 4.472 4.511 4.549 4.585 4.621 4.656 4.691 4.724 4.758 4.791 4.823 4.855 4.887 4.919 4.950 4.982 5.013 5.045 5.076 5.108 5.140 5.171 5.203 5.236 5.269 5.303 5.337 5.371 5.404 5.438 5.471 5.504 5.536 5.567 5.597 5.627 5.655 5.682 5.708 5.734 5.759 5.784
-99.000 -99.000 -99.000 -99.000 -99.000 -99.000 -99.000 1.647 1.652 1.699 1.839 2.068 2.351 2.650 2.931 3.175 3.374 3.534 3.662 3.767 3.856 3.934 4.003 4.067 4.126 4.182 4.234 4.284 4.331 4.376 4.418 4.458 4.498 4.536 4.573 4.609 4.645 4.679 4.713 4.746 4.778 4.810 4.842 4.873 4.904 4.935 4.965 4.996 5.026 5.056 5.086 5.117 5.147 5.177 5.207 5.239 5.271 5.303 5.336 5.368 5.402 5.435 5.468 5.501 5.533 5.565 5.596 5.626 5.656 5.684 5.711 5.738 5.764 5.789
-99.000 -99.000 -99.000 -99.000 -99.000 -99.000 -99.000 1.648 1.667 1.759 1.949 2.211 2.507 2.800 3.063 3.284 3.461 3.603 3.718 3.814 3.897 3.971 4.038 4.100 4.157 4.212 4.263 4.312 4.358 4.403 4.444 4.484 4.523 4.561 4.597 4.633 4.668 4.702 4.735 4.767 4.799 4.830 4.861 4.892 4.922 4.952 4.981 5.011 5.040 5.069 5.098 5.127 5.156 5.185 5.213 5.243 5.274 5.304 5.335 5.367 5.399 5.432 5.464 5.497 5.529 5.561 5.593 5.624 5.654 5.683 5.712 5.739 5.766 5.792
-99.000 -99.000 -99.000 -99.000 -99.000 -99.000 1.648 1.652 1.703 1.848 2.080 2.364 2.663 2.942 3.183 3.380 3.538 3.665 3.769 3.857 3.935 4.006 4.070 4.130 4.187 4.240 4.291 4.339 4.385 4.429 4.470 4.509 4.548 4.585 4.621 4.656 4.690 4.724 4.756 4.788 4.820 4.850 4.881 4.911 4.940 4.969 4.998 5.026 5.055 5.083 5.111 5.139 5.167 5.194 5.221 5.249 5.278 5.307 5.337 5.367 5.398 5.429 5.460 5.492 5.524 5.556 5.588 5.619 5.650 5.680 5.709 5.738 5.766 5.793
-99.000 -99.000 -99.000 -99.000 -99.000 -99.000 1.649 1.669 1.766 1.959 2.224 2.520 2.812 3.072 3.290 3.465 3.605 3.719 3.814 3.897 3.971 4.038 4.101 4.159 4.215 4.268 4.317 4.365 4.410 4.454 4.494 4.533 4.572 4.609 4.644 4.679 4.713 4.746 4.778 4.809 4.840 4.870 4.900 4.930 4.958 4.987 5.015 5.043 5.070 5.097 5.124 5.151 5.178 5.204 5.230 5.257 5.285 5.312 5.341 5.369 5.398 5.428 5.458 5.488 5.519 5.550 5.581 5.613 5.644 5.674 5.704 5.734 5.763 5.790
-99.000 -99.000 -99.000 -99.000 -99.000 1.648 1.654 1.707 1.855 2.090 2.376 2.674 2.952 3.190 3.385 3.540 3.665 3.768 3.856 3.933 4.003 4.069 4.129 4.187 4.241 4.293 4.343 4.390 4.435 4.478 4.518 4.557 4.595 4.632 4.667 4.701 4.735 4.767 4.799 4.830 4.860 4.890 4.920 4.948 4.977 5.005 5.032 5.059 5.086 5.113 5.139 5.165 5.191 5.216 5.241 5.267 5.293 5.320 5.346 5.373 5.400 5.428 5.457 5.485 5.515 5.545 5.575 5.605 5.636 5.667 5.697 5.727 5.756 5.785
-99.000 -99.000 -99.000 -99.000 -99.000 1.649 1.672 1.771 1.968 2.234 2.531 2.821 3.080 3.295 3.468 3.605 3.717 3.811 3.893 3.967 4.034 4.097 4.157 4.213 4.267 4.318 4.367 4.413 4.458 4.501 4.541 4.579 4.617 4.654 4.689 4.723 4.756 4.788 4.820 4.850 4.880 4.910 4.939 4.967 4.995 5.022 5.049 5.076 5.102 5.128 5.154 5.179 5.205 5.229 5.253 5.278 5.303 5.329 5.354 5.379 5.405 5.431 5.458 5.485 5.512 5.540 5.569 5.598 5.628 5.658 5.688 5.718 5.747 5.777
-99.000 -99.000 -99.000 -99.000 1.648 1.655 1.711 1.861 2.098 2.385 2.682 2.958 3.195 3.387 3.540 3.663 3.765 3.851 3.928 3.998 4.063 4.124 4.182 4.237 4.290 4.341 4.389 4.436 4.480 4.523 4.562 4.601 4.638 4.675 4.710 4.744 4.776 4.808 4.840 4.870 4.900 4.929 4.957 4.985 5.013 5.040 5.067 5.093 5.119 5.144 5.169 5.194 5.219 5.243 5.267 5.291 5.315 5.339 5.364 5.388 5.412 5.437 5.461 5.486 5.512 5.538 5.565 5.592 5.620 5.649 5.678 5.707 5.736 5.766
-99.000 -99.000 -99.000 -99.000 1.649 1.673 1.775 1.973 2.240 2.537 2.827 3.084 3.297 3.468 3.604 3.715 3.807 3.888 3.960 4.027 4.090 4.149 4.206 4.260 4.312 4.362 4.410 4.456 4.501 4.543 4.583 4.621 4.659 4.695 4.730 4.764 4.796 4.828 4.859 4.889 4.919 4.947 4.976 5.003 5.031 5.057 5.084 5.109 5.135 5.160 5.185 5.210 5.234 5.258 5.281 5.305 5.328 5.352 5.375 5.398 5.421 5.444 5.468 5.491 5.515 5.539 5.563 5.589 5.614 5.641 5.668 5.696 5.725 5.753
-99.000 -99.000 -99.000 1.648 1.655 1.712 1.865 2.102 2.389 2.686 2.961 3.197 3.388 3.539 3.661 3.761 3.846 3.921 3.990 4.054 4.115 4.173 4.228 4.282 4.333 4.383 4.430 4.476 4.520 4.562 4.602 4.640 4.678 4.714 4.749 4.783 4.815 4.847 4.878 4.908 4.937 4.965 4.993 5.021 5.048 5.074 5.100 5.126 5.151 5.176 5.201 5.225 5.250 5.273 5.296 5.319 5.342 5.365 5.388 5.410 5.433 5.455 5.476 5.498 5.520 5.542 5.565 5.588 5.611 5.636 5.661 5.687 5.714 5.741
-99.000 -99.000 -99.000 1.649 1.673 1.776 1.975 2.241 2.538 2.828 3.084 3.297 3.467 3.602 3.711 3.802 3.881 3.953 4.018 4.080 4.139 4.195 4.249 4.302 4.353 4.401 4.449 4.494 4.538 4.580 4.620 4.658 4.696 4.732 4.767 4.801 4.833 4.865 4.895 4.925 4.954 4.983 5.011 5.038 5.065 5.091 5.117 5.142 5.167 5.192 5.217 5.241 5.265 5.288 5.311 5.334 5.357 5.380 5.402 5.424 5.446 5.467 5.487 5.508 5.528 5.549 5.569 5.590 5.612 5.634 5.656 5.680 5.704 5.730
-99.000 -99.000 1.648 1.655 1.711 1.863 2.101 2.387 2.684 2.959 3.195 3.386 3.537 3.658 3.756 3.841 3.915 3.982 4.045 4.104 4.161 4.216 4.269 4.321 4.371 4.419 4.466 4.511 4.555 4.597 4.637 4.675 4.713 4.749 4.784 4.818 4.850 4.882 4.913 4.942 4.971 5.000 5.027 5.054 5.081 5.107 5.133 5.158 5.183 5.208 5.232 5.257 5.281 5.304 5.327 5.350 5.373 5.395 5.417 5.439 5.460 5.480 5.500 5.520 5.539 5.558 5.577 5.596 5.616 5.635 5.656 5.677 5.698 5.721
-99.000 -99.000 1.649 1.672 1.773 1.970 2.237 2.532 2.822 3.080 3.293 3.464 3.599 3.708 3.798 3.876 3.946 4.010 4.070 4.128 4.183 4.237 4.289 4.339 4.388 4.436 4.482 4.527 4.570 4.612 4.652 4.690 4.728 4.765 4.800 4.834 4.866 4.898 4.929 4.958 4.987 5.016 5.043 5.070 5.097 5.123 5.148 5.174 5.199 5.223 5.248 5.272 5.296 5.319 5.342 5.365 5.388 5.411 5.433 5.454 5.475 5.495 5.515 5.534 5.553 5.571 5.588 5.606 5.623 5.641 5.659 5.677 5.696 5.716
-99.000 1.648 1.654 1.708 1.857 2.092 2.378 2.675 2.952 3.189 3.381 3.533 3.654 3.753 3.836 3.909 3.976 4.037 4.095 4.151 4.204 4.256 4.307 4.356 4.404 4.451 4.497 4.541 4.585 4.627 4.666 4.705 4.743 4.779 4.814 4.848 4.881 4.913 4.944 4.974 5.003 5.031 5.059 5.086 5.112 5.138 5.164 5.189 5.214 5.239 5.263 5.288 5.312 5.335 5.357 5.381 5.404 5.426 5.448 5.470 5.491 5.511 5.530 5.549 5.568 5.585 5.602 5.619 5.635 5.651 5.667 5.683 5.699 5.717
-99.000 1.649 1.670 1.766 1.960 2.224 2.521 2.811 3.071 3.286 3.459 3.595 3.704 3.795 3.872 3.941 4.004 4.063 4.119 4.173 4.225 4.275 4.324 4.373 4.420 4.466 4.511 4.555 4.598 4.640 4.679 4.718 4.756 4.792 4.828 4.862 4.895 4.927 4.958 4.988 5.017 5.046 5.073 5.100 5.127 5.153 5.178 5.204 5.229 5.254 5.278 5.303 5.327 5.349 5.373 5.396 5.419 5.442 5.464 5.485 5.506 5.527 5.546 5.565 5.584 5.601 5.618 5.634 5.649 5.664 5.678 5.693 5.707 5.722
1.648 1.653 1.703 1.846 2.077 2.362 2.660 2.938 3.178 3.373 3.528 3.650 3.750 3.833 3.906 3.971 4.032 4.088 4.142 4.194 4.245 4.294 4.342 4.389 4.435 4.480 4.524 4.568 4.610 4.652 4.691 4.730 4.768 4.805 4.840 4.875 4.908 4.940 4.971 5.002 5.031 5.059 5.087 5.114 5.141 5.167 5.192 5.218 5.243 5.268 5.293 5.318 5.341 5.364 5.387 5.411 5.434 5.457 5.479 5.501 5.522 5.543 5.563 5.582 5.600 5.618 5.635 5.650 5.666 5.680 5.693 5.707 5.720 5.732
1.649 1.667 1.757 1.944 2.205 2.501 2.794 3.056 3.275 3.451 3.590 3.701 3.792 3.870 3.939 4.001 4.059 4.113 4.166 4.216 4.265 4.312 4.359 4.405 4.450 4.494 4.537 4.580 4.622 4.663 4.702 4.741 4.779 4.816 4.851 4.886 4.920 4.952 4.984 5.014 5.043 5.072 5.100 5.127 5.154 5.180 5.206 5.232 5.257 5.282 5.307 5.332 5.355 5.378 5.402 5.425 5.449 5.472 5.494 5.516 5.538 5.558 5.579 5.598 5.617 5.635 5.652 5.668 5.683 5.698 5.711 5.724 5.735 5.747
1.652 1.696 1.831 2.057 2.339 2.638 2.919 3.163 3.363 3.521 3.646 3.747 3.832 3.905 3.970 4.030 4.085 4.138 4.189 4.237 4.285 4.331 4.376 4.420 4.464 4.507 4.550 4.592 4.633 4.673 4.712 4.751 4.789 4.826 4.861 4.896 4.930 4.963 4.995 5.025 5.055 5.084 5.112 5.140 5.167 5.193 5.219 5.245 5.270 5.296 5.321 5.345 5.369 5.392 5.416 5.440 5.463 5.486 5.509 5.531 5.553 5.574 5.594 5.615 5.634 5.652 5.670 5.687 5.702 5.717 5.730 5.743 5.754 5.765
1.663 1.745 1.924 2.180 2.475 2.770 3.036 3.261 3.441 3.584 3.697 3.790 3.869 3.938 4.000 4.058 4.112 4.163 4.212 4.259 4.305 4.350 4.393 4.436 4.479 4.521 4.562 4.603 4.644 4.683 4.721 4.760 4.798 4.835 4.871 4.906 4.940 4.973 5.005 5.036 5.066 5.095 5.124 5.151 5.179 5.205 5.232 5.257 5.283 5.308 5.334 5.358 5.382 5.405 5.429 5.453 5.477 5.500 5.523 5.545 5.567 5.589 5.610 5.630 5.650 5.669 5.687 5.705 5.721 5.736 5.750 5.763 5.775 5.785
1.688 1.814 2.032 2.311 2.610 2.896 3.144 3.349 3.512 3.640 3.744 3.831 3.905 3.970 4.030 4.086 4.138 4.188 4.235 4.281 4.325 4.369 4.411 4.453 4.494 4.535 4.575 4.615 4.654 4.693 4.730 4.769 4.806 4.843 4.879 4.914 4.948 4.981 5.014 5.045 5.076 5.105 5.134 5.162 5.190 5.217 5.243 5.269 5.295 5.321 5.346 5.371 5.395 5.418 5.442 5.466 5.490 5.513 5.536 5.559 5.581 5.603 5.624 5.645 5.666 5.685 5.704 5.722 5.739 5.755 5.770 5.784 5.796 5.807
1.732 1.902 2.151 2.444 2.741 3.013 3.243 3.428 3.575 3.693 3.788 3.869 3.939 4.002 4.060 4.114 4.164 4.212 4.259 4.303 4.346 4.388 4.429 4.470 4.509 4.549 4.588 4.627 4.665 4.702 4.739 4.777 4.814 4.850 4.886 4.921 4.955 4.989 5.021 5.053 5.084 5.114 5.144 5.172 5.200 5.227 5.254 5.281 5.307 5.333 5.358 5.383 5.407 5.431 5.455 5.479 5.502 5.526 5.549 5.572 5.594 5.617 5.638 5.660 5.681 5.701 5.720 5.739 5.757 5.774 5.790 5.804 5.817 5.829
1.795 2.005 2.278 2.578 2.867 3.122 3.332 3.500 3.634 3.741 3.829 3.905 3.972 4.033 4.089 4.141 4.191 4.237 4.282 4.326 4.368 4.408 4.448 4.487 4.526 4.564 4.602 4.639 4.676 4.712 4.748 4.785 4.821 4.857 4.893 4.928 4.962 4.996 5.028 5.060 5.092 5.122 5.152 5.181 5.209 5.237 5.264 5.291 5.318 5.344 5.369 5.395 5.419 5.442 5.467 5.491 5.514 5.538 5.561 5.584 5.607 5.630 5.652 5.673 5.695 5.716 5.736 5.755 5.774 5.792 5.808 5.824 5.838 5.851
1.877 2.120 2.410 2.709 2.985 3.222 3.413 3.565 3.687 3.786 3.869 3.941 4.005 4.063 4.118 4.169 4.217 4.263 4.307 4.349 4.390 4.429 4.468 4.506 4.543 4.580 4.616 4.652 4.688 4.723 4.758 4.794 4.829 4.864 4.899 4.934 4.968 5.001 5.034 5.067 5.098 5.129 5.159 5.189 5.218 5.246 5.274 5.301 5.328 5.354 5.380 5.405 5.430 5.453 5.478 5.502 5.526 5.549 5.573 5.596 5.619 5.642 5.664 5.686 5.708 5.729 5.750 5.770 5.790 5.808 5.826 5.843 5.858 5.872
1.975 2.243 2.542 2.835 3.096 3.313 3.487 3.625 3.736 3.828 3.906 3.975 4.036 4.093 4.146 4.196 4.243 4.288 4.331 4.372 4.412 4.451 4.488 4.525 4.561 4.596 4.631 4.666 4.701 4.734 4.768 4.803 4.837 4.871 4.905 4.939 4.973 5.006 5.039 5.072 5.104 5.135 5.165 5.195 5.225 5.254 5.282 5.309 5.337 5.363 5.389 5.415 5.440 5.464 5.488 5.513 5.537 5.560 5.584 5.607 5.631 5.654 5.676 5.699 5.721 5.743 5.764 5.785 5.805 5.824 5.843 5.860 5.877 5.892
2.086 2.372 2.673 2.954 3.198 3.397 3.554 3.679 3.782 3.867 3.942 4.007 4.067 4.123 4.175 4.224 4.270 4.314 4.356 4.396 4.435 4.473 4.509 4.545 4.580 4.614 4.648 4.681 4.715 4.747 4.779 4.812 4.846 4.879 4.912 4.945 4.978 5.011 5.044 5.076 5.108 5.140 5.171 5.201 5.231 5.260 5.289 5.317 5.345 5.372 5.398 5.424 5.449 5.473 5.498 5.522 5.547 5.571 5.595 5.618 5.641 5.665 5.688 5.710 5.733 5.755 5.776 5.798 5.819 5.839 5.858 5.877 5.894 5.911
2.207 2.504 2.800 3.067 3.291 3.472 3.615 3.730 3.825 3.905 3.976 4.040 4.098 4.152 4.203 4.251 4.296 4.340 4.381 4.421 4.459 4.496 4.531 4.566 4.600 4.633 4.665 4.698 4.730 4.761 4.791 4.823 4.855 4.887 4.919 4.951 4.984 5.016 5.048 5.080 5.112 5.144 5.175 5.206 5.236 5.266 5.295 5.323 5.351 5.379 5.406 5.432 5.457 5.482 5.507 5.532 5.556 5.580 5.604 5.628 5.652 5.675 5.698 5.721 5.744 5.766 5.788 5.810 5.831 5.852 5.872 5.892 5.911 5.928
2.334 2.635 2.921 3.171 3.376 3.541 3.671 3.776 3.865 3.941 4.009 4.071 4.128 4.181 4.231 4.278 4.323 4.365 4.406 4.445 4.483 4.519 4.554 4.588 4.620 4.653 4.684 4.715 4.746 4.775 4.805 4.835 4.866 4.896 4.927 4.958 4.989 5.021 5.052 5.084 5.116 5.147 5.178 5.209 5.240 5.270 5.300 5.329 5.357 5.385 5.412 5.439 5.465 5.490 5.515 5.540 5.565 5.589 5.613 5.637 5.661 5.685 5.708 5.731 5.754 5.777 5.799 5.822 5.843 5.865 5.886 5.906 5.925 5.944
2.464 2.763 3.035 3.267 3.454 3.603 3.722 3.820 3.903 3.976 4.041 4.101 4.157 4.209 4.258 4.304 4.349 4.391 4.431 4.470 4.507 4.542 4.577 4.610 4.642 4.673 4.704 4.734 4.763 4.792 4.820 4.849 4.878 4.907 4.936 4.966 4.996 5.026 5.057 5.088 5.119 5.150 5.181 5.212 5.243 5.273 5.303 5.333 5.362 5.390 5.418 5.445 5.471 5.496 5.522 5.547 5.572 5.597 5.622 5.646 5.670 5.694 5.717 5.741 5.764 5.787 5.810 5.832 5.854 5.876 5.898 5.919 5.939 5.958
2.595 2.886 3.142 3.354 3.524 3.660 3.769 3.860 3.939 4.009 4.072 4.130 4.185 4.236 4.285 4.331 4.375 4.416 4.456 4.494 4.531 4.566 4.600 4.633 4.664 4.695 4.725 4.754 4.782 4.810 4.837 4.864 4.892 4.919 4.947 4.976 5.004 5.033 5.063 5.093 5.123 5.153 5.184 5.215 5.245 5.276 5.306 5.336 5.365 5.394 5.422 5.450 5.476 5.502 5.528 5.554 5.579 5.604 5.629 5.653 5.678 5.702 5.725 5.749 5.773 5.796 5.819 5.842 5.864 5.887 5.909 5.930 5.951 5.971
