version2/TsunamiDB/out54039.asc
ncols          264
nrows          230
xllcorner      497853.4375
yllcorner      4229146.0000
cellsize         5.
NODATA_value   -99
[rows 64 to 95 of 230, columns 144 to 215 of 264]
4.458 4.499 4.539 4.577 4.615 4.653 4.689 4.725 4.761 4.797 4.834 4.870 4.907 4.944 4.981 5.018 5.055 5.091 5.128 5.165 5.201 5.237 5.274 5.310 5.345 5.381 5.416 5.450 5.485 5.518 5.551 5.585 5.619 5.653 5.688 5.724 5.760 5.798 5.836 5.875 5.914 5.954 5.994 6.034 6.074 6.113 6.152 6.189 6.226 6.261 6.294 6.326 6.355 6.382 6.408 6.433 6.457 6.479 6.501 6.522 6.543 6.565 6.588 6.612 6.638 6.666 6.695 6.727 6.761 6.796 6.832 6.868
4.481 4.521 4.560 4.597 4.634 4.670 4.706 4.740 4.775 4.811 4.846 4.881 4.917 4.953 4.988 5.024 5.060 5.095 5.131 5.167 5.202 5.238 5.273 5.309 5.344 5.378 5.413 5.446 5.480 5.512 5.543 5.576 5.609 5.642 5.675 5.709 5.744 5.780 5.817 5.855 5.894 5.934 5.974 6.015 6.056 6.096 6.136 6.175 6.213 6.250 6.286 6.319 6.351 6.380 6.408 6.435 6.461 6.486 6.510 6.534 6.557 6.580 6.604 6.630 6.656 6.684 6.714 6.746 6.780 6.816 6.852 6.889
4.504 4.543 4.581 4.618 4.654 4.689 4.723 4.756 4.790 4.825 4.859 4.893 4.928 4.962 4.997 5.031 5.066 5.100 5.135 5.169 5.204 5.239 5.273 5.308 5.342 5.376 5.410 5.443 5.476 5.507 5.538 5.569 5.600 5.632 5.663 5.696 5.729 5.763 5.798 5.835 5.873 5.912 5.952 5.993 6.034 6.075 6.116 6.156 6.196 6.234 6.272 6.308 6.341 6.372 6.403 6.433 6.461 6.488 6.515 6.540 6.566 6.591 6.617 6.643 6.671 6.700 6.730 6.763 6.797 6.833 6.870 6.908
4.528 4.566 4.603 4.639 4.674 4.708 4.741 4.773 4.807 4.840 4.873 4.906 4.939 4.973 5.006 5.039 5.072 5.105 5.139 5.172 5.206 5.240 5.273 5.307 5.341 5.374 5.407 5.440 5.472 5.502 5.533 5.563 5.593 5.623 5.653 5.684 5.715 5.747 5.780 5.815 5.851 5.889 5.928 5.968 6.009 6.050 6.092 6.133 6.174 6.214 6.253 6.290 6.326 6.359 6.392 6.424 6.455 6.485 6.514 6.542 6.569 6.597 6.624 6.652 6.681 6.711 6.743 6.776 6.811 6.848 6.886 6.924
4.551 4.589 4.625 4.660 4.694 4.728 4.760 4.791 4.824 4.856 4.888 4.920 4.952 4.984 5.016 5.048 5.080 5.111 5.144 5.176 5.208 5.241 5.274 5.306 5.339 5.372 5.404 5.436 5.468 5.498 5.528 5.558 5.587 5.616 5.645 5.674 5.703 5.733 5.764 5.797 5.830 5.866 5.903 5.942 5.982 6.023 6.064 6.106 6.147 6.188 6.228 6.268 6.305 6.341 6.376 6.410 6.444 6.476 6.507 6.538 6.568 6.597 6.627 6.657 6.687 6.719 6.751 6.785 6.821 6.859 6.898 6.938
4.575 4.612 4.647 4.682 4.715 4.748 4.779 4.810 4.842 4.874 4.905 4.936 4.966 4.997 5.027 5.058 5.088 5.119 5.150 5.181 5.212 5.243 5.275 5.306 5.338 5.370 5.402 5.433 5.464 5.494 5.523 5.553 5.582 5.610 5.638 5.665 5.693 5.721 5.750 5.780 5.811 5.844 5.879 5.915 5.954 5.993 6.034 6.075 6.117 6.158 6.199 6.240 6.279 6.316 6.354 6.390 6.426 6.461 6.495 6.528 6.561 6.593 6.624 6.656 6.688 6.721 6.755 6.790 6.827 6.866 6.906 6.947
4.599 4.635 4.670 4.704 4.737 4.769 4.800 4.831 4.862 4.892 4.922 4.952 4.982 5.011 5.040 5.069 5.098 5.127 5.157 5.186 5.216 5.246 5.277 5.307 5.338 5.369 5.400 5.430 5.461 5.490 5.519 5.548 5.576 5.604 5.631 5.658 5.684 5.711 5.737 5.765 5.793 5.823 5.855 5.889 5.925 5.962 6.001 6.041 6.082 6.124 6.165 6.206 6.247 6.286 6.325 6.364 6.402 6.439 6.476 6.512 6.547 6.581 6.615 6.649 6.683 6.718 6.753 6.790 6.828 6.867 6.908 6.951
4.622 4.658 4.693 4.726 4.759 4.791 4.822 4.852 4.882 4.912 4.941 4.970 4.999 5.027 5.055 5.082 5.110 5.138 5.166 5.194 5.222 5.251 5.280 5.309 5.338 5.368 5.398 5.428 5.458 5.486 5.515 5.543 5.571 5.599 5.625 5.651 5.677 5.702 5.727 5.752 5.778 5.805 5.834 5.864 5.897 5.932 5.968 6.006 6.045 6.086 6.127 6.168 6.209 6.249 6.290 6.331 6.371 6.411 6.450 6.488 6.525 6.562 6.599 6.635 6.671 6.707 6.744 6.782 6.821 6.862 6.904 6.948
4.645 4.681 4.715 4.749 4.782 4.814 4.844 4.874 4.904 4.933 4.961 4.989 5.017 5.044 5.071 5.097 5.124 5.150 5.177 5.203 5.230 5.257 5.285 5.312 5.341 5.369 5.398 5.426 5.455 5.483 5.511 5.539 5.567 5.594 5.620 5.645 5.670 5.694 5.718 5.741 5.765 5.790 5.815 5.842 5.871 5.902 5.935 5.971 6.008 6.046 6.086 6.126 6.167 6.208 6.249 6.291 6.333 6.374 6.415 6.456 6.495 6.535 6.573 6.611 6.649 6.687 6.726 6.765 6.806 6.848 6.891 6.936
4.667 4.703 4.738 4.772 4.805 4.837 4.867 4.896 4.926 4.955 4.983 5.010 5.037 5.063 5.089 5.114 5.139 5.164 5.190 5.215 5.240 5.266 5.292 5.318 5.344 5.371 5.399 5.426 5.454 5.481 5.508 5.535 5.563 5.589 5.615 5.640 5.665 5.688 5.711 5.733 5.755 5.777 5.800 5.824 5.849 5.876 5.906 5.937 5.971 6.006 6.044 6.083 6.122 6.162 6.204 6.246 6.288 6.331 6.373 6.415 6.457 6.498 6.538 6.578 6.618 6.657 6.698 6.738 6.780 6.823 6.868 6.915
4.689 4.726 4.761 4.795 4.828 4.860 4.890 4.920 4.949 4.977 5.005 5.031 5.058 5.083 5.108 5.133 5.157 5.181 5.205 5.229 5.252 5.277 5.301 5.325 5.351 5.376 5.402 5.428 5.455 5.481 5.507 5.533 5.560 5.586 5.612 5.637 5.661 5.684 5.706 5.727 5.748 5.768 5.789 5.809 5.831 5.855 5.880 5.907 5.937 5.969 6.003 6.039 6.077 6.115 6.156 6.197 6.239 6.282 6.325 6.368 6.410 6.452 6.494 6.535 6.576 6.617 6.658 6.700 6.743 6.788 6.834 6.882
4.710 4.747 4.783 4.818 4.851 4.883 4.914 4.943 4.972 5.000 5.027 5.054 5.080 5.105 5.129 5.153 5.176 5.199 5.222 5.245 5.267 5.290 5.313 5.336 5.359 5.383 5.407 5.432 5.457 5.482 5.507 5.533 5.559 5.584 5.610 5.634 5.658 5.681 5.703 5.724 5.744 5.763 5.782 5.800 5.819 5.839 5.861 5.884 5.909 5.937 5.968 6.000 6.034 6.070 6.109 6.149 6.190 6.232 6.274 6.316 6.359 6.401 6.443 6.485 6.526 6.568 6.610 6.652 6.696 6.741 6.789 6.838
4.731 4.768 4.805 4.840 4.874 4.906 4.937 4.966 4.995 5.023 5.051 5.077 5.102 5.127 5.151 5.175 5.197 5.220 5.241 5.263 5.284 5.306 5.327 5.349 5.370 5.393 5.415 5.439 5.463 5.486 5.510 5.535 5.560 5.585 5.610 5.634 5.658 5.681 5.703 5.723 5.743 5.762 5.779 5.796 5.813 5.830 5.848 5.868 5.889 5.913 5.939 5.968 5.998 6.031 6.067 6.105 6.144 6.184 6.225 6.266 6.308 6.349 6.391 6.432 6.473 6.514 6.556 6.599 6.642 6.688 6.735 6.785
4.750 4.789 4.826 4.861 4.895 4.928 4.959 4.989 5.018 5.046 5.074 5.100 5.126 5.150 5.174 5.197 5.220 5.242 5.263 5.284 5.304 5.324 5.344 5.364 5.385 5.405 5.427 5.448 5.470 5.493 5.515 5.539 5.563 5.587 5.612 5.636 5.660 5.682 5.705 5.726 5.745 5.764 5.781 5.797 5.813 5.828 5.843 5.860 5.878 5.898 5.920 5.945 5.971 6.001 6.034 6.068 6.105 6.143 6.182 6.222 6.262 6.302 6.342 6.382 6.422 6.463 6.503 6.545 6.588 6.632 6.679 6.729
4.768 4.808 4.845 4.881 4.916 4.950 4.981 5.011 5.040 5.069 5.097 5.123 5.149 5.174 5.198 5.221 5.243 5.265 5.286 5.306 5.326 5.345 5.364 5.383 5.402 5.421 5.441 5.461 5.481 5.502 5.523 5.546 5.569 5.593 5.616 5.640 5.664 5.687 5.709 5.730 5.750 5.769 5.786 5.802 5.817 5.831 5.845 5.860 5.875 5.892 5.911 5.931 5.954 5.981 6.010 6.042 6.076 6.112 6.148 6.186 6.224 6.263 6.301 6.340 6.379 6.417 6.456 6.496 6.538 6.581 6.626 6.674
4.785 4.825 4.864 4.900 4.936 4.970 5.001 5.032 5.062 5.091 5.119 5.146 5.172 5.197 5.222 5.245 5.268 5.289 5.310 5.330 5.349 5.368 5.386 5.404 5.422 5.440 5.458 5.476 5.496 5.514 5.534 5.556 5.578 5.601 5.624 5.647 5.670 5.693 5.715 5.737 5.757 5.777 5.794 5.811 5.826 5.840 5.853 5.866 5.879 5.894 5.910 5.927 5.947 5.970 5.997 6.026 6.057 6.091 6.125 6.161 6.198 6.234 6.271 6.308 6.345 6.382 6.419 6.457 6.496 6.537 6.580 6.626
4.801 4.841 4.880 4.918 4.954 4.988 5.020 5.052 5.082 5.112 5.141 5.168 5.195 5.220 5.245 5.269 5.292 5.314 5.334 5.354 5.374 5.392 5.410 5.427 5.444 5.461 5.478 5.495 5.513 5.530 5.549 5.569 5.590 5.611 5.633 5.656 5.679 5.702 5.724 5.746 5.767 5.786 5.805 5.822 5.837 5.852 5.865 5.877 5.889 5.902 5.917 5.932 5.949 5.970 5.993 6.020 6.049 6.080 6.112 6.146 6.181 6.216 6.251 6.287 6.322 6.357 6.392 6.428 6.465 6.503 6.544 6.587
4.815 4.856 4.895 4.933 4.970 5.005 5.038 5.070 5.101 5.132 5.161 5.189 5.216 5.243 5.268 5.292 5.315 5.338 5.359 5.380 5.399 5.418 5.435 5.452 5.469 5.485 5.501 5.517 5.533 5.548 5.566 5.585 5.604 5.624 5.646 5.667 5.690 5.712 5.734 5.756 5.778 5.798 5.817 5.835 5.851 5.866 5.879 5.892 5.904 5.916 5.930 5.943 5.958 5.977 5.998 6.022 6.049 6.078 6.108 6.141 6.174 6.207 6.241 6.275 6.308 6.342 6.375 6.409 6.444 6.480 6.518 6.558
4.828 4.869 4.909 4.947 4.984 5.020 5.054 5.086 5.119 5.150 5.180 5.208 5.236 5.263 5.289 5.314 5.338 5.361 5.383 5.404 5.424 5.443 5.461 5.478 5.495 5.510 5.526 5.541 5.555 5.570 5.586 5.603 5.621 5.640 5.660 5.681 5.703 5.725 5.747 5.769 5.790 5.811 5.830 5.849 5.866 5.882 5.896 5.909 5.922 5.934 5.947 5.959 5.973 5.990 6.010 6.032 6.056 6.083 6.112 6.143 6.174 6.206 6.239 6.271 6.304 6.336 6.368 6.400 6.432 6.466 6.501 6.539
4.839 4.880 4.921 4.959 4.997 5.033 5.068 5.101 5.134 5.166 5.197 5.226 5.255 5.283 5.309 5.335 5.360 5.384 5.407 5.429 5.449 5.469 5.487 5.505 5.521 5.537 5.552 5.567 5.581 5.594 5.609 5.625 5.642 5.659 5.678 5.697 5.718 5.739 5.761 5.782 5.804 5.824 5.844 5.863 5.881 5.898 5.913 5.927 5.941 5.954 5.967 5.979 5.992 6.008 6.026 6.047 6.069 6.095 6.122 6.151 6.181 6.212 6.243 6.274 6.305 6.336 6.367 6.398 6.428 6.460 6.493 6.528
4.849 4.890 4.931 4.970 5.008 5.045 5.080 5.114 5.148 5.180 5.212 5.242 5.272 5.300 5.328 5.354 5.380 5.405 5.429 5.451 5.473 5.494 5.513 5.531 5.548 5.564 5.580 5.594 5.608 5.620 5.634 5.649 5.664 5.680 5.698 5.716 5.735 5.755 5.776 5.797 5.818 5.839 5.859 5.879 5.897 5.915 5.931 5.946 5.961 5.974 5.988 6.001 6.014 6.029 6.047 6.066 6.087 6.111 6.137 6.164 6.193 6.222 6.253 6.283 6.313 6.343 6.372 6.402 6.431 6.461 6.492 6.526
4.859 4.900 4.940 4.979 5.018 5.055 5.090 5.125 5.159 5.193 5.225 5.256 5.286 5.316 5.344 5.372 5.398 5.424 5.449 5.473 5.495 5.517 5.537 5.557 5.575 5.592 5.607 5.622 5.636 5.648 5.662 5.675 5.689 5.704 5.720 5.737 5.754 5.773 5.793 5.813 5.834 5.854 5.874 5.894 5.913 5.931 5.948 5.965 5.980 5.995 6.010 6.024 6.037 6.053 6.069 6.088 6.108 6.131 6.155 6.181 6.209 6.238 6.267 6.296 6.325 6.354 6.383 6.411 6.439 6.468 6.497 6.530
4.868 4.908 4.948 4.987 5.026 5.063 5.098 5.134 5.169 5.203 5.236 5.268 5.299 5.329 5.358 5.387 5.415 5.441 5.467 5.492 5.516 5.538 5.560 5.581 5.600 5.618 5.635 5.650 5.664 5.677 5.690 5.703 5.716 5.730 5.744 5.759 5.776 5.793 5.811 5.830 5.850 5.870 5.890 5.910 5.929 5.948 5.966 5.983 6.000 6.016 6.032 6.047 6.061 6.077 6.094 6.112 6.132 6.153 6.177 6.202 6.228 6.256 6.285 6.313 6.342 6.370 6.398 6.425 6.453 6.480 6.508 6.539
4.877 4.917 4.956 4.995 5.033 5.070 5.106 5.142 5.177 5.211 5.245 5.278 5.309 5.340 5.371 5.400 5.428 5.456 5.483 5.509 5.534 5.558 5.581 5.603 5.623 5.643 5.661 5.678 5.692 5.706 5.719 5.732 5.744 5.757 5.770 5.784 5.799 5.815 5.831 5.849 5.868 5.887 5.906 5.925 5.945 5.964 5.983 6.001 6.019 6.037 6.054 6.070 6.085 6.102 6.119 6.137 6.157 6.178 6.200 6.225 6.251 6.278 6.306 6.334 6.362 6.390 6.417 6.444 6.470 6.496 6.523 6.554
4.887 4.925 4.964 5.002 5.039 5.076 5.112 5.148 5.183 5.218 5.252 5.285 5.318 5.349 5.380 5.411 5.440 5.469 5.497 5.524 5.550 5.575 5.600 5.623 5.645 5.666 5.685 5.703 5.719 5.733 5.748 5.761 5.773 5.786 5.798 5.810 5.824 5.838 5.853 5.869 5.886 5.904 5.923 5.942 5.961 5.980 6.000 6.019 6.038 6.057 6.075 6.092 6.109 6.126 6.144 6.163 6.182 6.203 6.226 6.250 6.275 6.302 6.329 6.357 6.385 6.412 6.439 6.466 6.492 6.517 6.544 6.574
4.898 4.935 4.972 5.009 5.046 5.081 5.117 5.153 5.188 5.223 5.257 5.291 5.324 5.356 5.388 5.419 5.449 5.479 5.508 5.536 5.563 5.590 5.616 5.640 5.664 5.686 5.707 5.727 5.744 5.760 5.775 5.789 5.802 5.814 5.826 5.838 5.850 5.863 5.876 5.891 5.906 5.923 5.940 5.959 5.978 5.997 6.017 6.037 6.057 6.076 6.096 6.114 6.132 6.151 6.170 6.189 6.209 6.230 6.252 6.276 6.301 6.328 6.355 6.383 6.410 6.438 6.465 6.491 6.517 6.543 6.569 6.598
4.911 4.946 4.981 5.017 5.053 5.087 5.122 5.157 5.192 5.227 5.261 5.295 5.328 5.361 5.393 5.425 5.456 5.487 5.517 5.546 5.574 5.602 5.629 5.655 5.680 5.704 5.727 5.748 5.767 5.784 5.801 5.816 5.830 5.842 5.854 5.866 5.877 5.888 5.900 5.913 5.927 5.943 5.959 5.977 5.995 6.014 6.034 6.055 6.075 6.096 6.116 6.136 6.155 6.175 6.195 6.215 6.235 6.257 6.279 6.303 6.328 6.355 6.382 6.410 6.438 6.466 6.493 6.520 6.546 6.571 6.596 6.625
4.925 4.959 4.992 5.026 5.061 5.094 5.127 5.162 5.196 5.230 5.264 5.298 5.331 5.364 5.397 5.429 5.461 5.492 5.523 5.553 5.583 5.612 5.640 5.667 5.694 5.719 5.744 5.767 5.787 5.806 5.824 5.841 5.856 5.869 5.882 5.893 5.904 5.914 5.925 5.937 5.950 5.964 5.979 5.995 6.013 6.032 6.052 6.073 6.094 6.115 6.137 6.157 6.178 6.199 6.219 6.240 6.261 6.283 6.306 6.330 6.356 6.383 6.410 6.439 6.468 6.496 6.524 6.551 6.577 6.602 6.627 6.654
4.942 4.974 5.005 5.038 5.070 5.102 5.134 5.167 5.200 5.233 5.266 5.300 5.333 5.365 5.398 5.430 5.463 5.495 5.526 5.557 5.588 5.618 5.648 5.676 5.704 5.731 5.757 5.782 5.804 5.825 5.845 5.863 5.880 5.894 5.907 5.919 5.930 5.941 5.951 5.961 5.973 5.986 6.000 6.015 6.032 6.051 6.070 6.091 6.113 6.135 6.157 6.179 6.200 6.222 6.244 6.265 6.287 6.310 6.333 6.358 6.384 6.411 6.439 6.468 6.498 6.527 6.555 6.583 6.610 6.634 6.658 6.683
4.961 4.991 5.021 5.051 5.082 5.112 5.142 5.173 5.205 5.237 5.269 5.301 5.334 5.366 5.398 5.431 5.463 5.495 5.527 5.559 5.590 5.622 5.652 5.682 5.712 5.740 5.768 5.794 5.818 5.841 5.862 5.882 5.900 5.917 5.931 5.944 5.955 5.966 5.976 5.986 5.997 6.008 6.021 6.036 6.052 6.070 6.090 6.110 6.132 6.155 6.178 6.200 6.222 6.245 6.268 6.290 6.313 6.336 6.360 6.385 6.412 6.439 6.468 6.498 6.528 6.559 6.588 6.616 6.643 6.667 6.689 6.712
4.982 5.010 5.038 5.067 5.096 5.124 5.152 5.182 5.212 5.242 5.273 5.304 5.335 5.366 5.398 5.430 5.462 5.494 5.526 5.558 5.590 5.622 5.654 5.685 5.716 5.746 5.775 5.803 5.828 5.853 5.876 5.898 5.918 5.936 5.952 5.966 5.978 5.989 6.000 6.010 6.020 6.031 6.044 6.057 6.073 6.090 6.109 6.130 6.152 6.175 6.198 6.221 6.244 6.267 6.291 6.314 6.338 6.362 6.386 6.412 6.439 6.467 6.497 6.528 6.559 6.590 6.620 6.649 6.675 6.699 6.721 6.743
5.005 5.032 5.058 5.085 5.112 5.139 5.165 5.193 5.221 5.250 5.279 5.308 5.337 5.367 5.398 5.428 5.460 5.491 5.523 5.555 5.588 5.620 5.653 5.685 5.717 5.748 5.778 5.808 5.835 5.861 5.886 5.910 5.932 5.951 5.969 5.985 5.999 6.011 6.022 6.033 6.043 6.054 6.066 6.079 6.094 6.111 6.130 6.150 6.172 6.195 6.218 6.241 6.265 6.290 6.314 6.338 6.362 6.387 6.412 6.437 6.465 6.494 6.524 6.556 6.588 6.620 6.651 6.681 6.708 6.731 6.753 6.774
