version2/TsunamiDB/out54061.asc
ncols          264
nrows          230
xllcorner      497853.4375
yllcorner      4229146.0000
cellsize         5.
NODATA_value   -99
[rows 165 to 197 of 230, columns 0 to 73 of 264]
-99.000 -99.000 -99.000 -99.000 -99.000 -99.000 -99.000 -99.000 -99.000 -99.000 -99.000 -99.000 -99.000 -99.000 -99.000 -99.000 -99.000 -99.000 -99.000 -99.000 -99.000 -99.000 -99.000 -99.000 -99.000 -99.000 -99.000 -99.000 -99.000 -99.000 -99.000 1.649 1.659 1.725 1.889 2.136 2.432 2.738 3.023 3.270 3.473 3.636 3.768 3.876 3.968 4.048 4.119 4.184 4.243 4.299 4.351 4.401 4.447 4.491 4.533 4.574 4.613 4.652 4.689 4.725 4.761 4.796 4.830 4.864 4.897 4.930 4.962 4.995 5.027 5.058 5.090 5.121 5.152 5.183
-99.000 -99.000 -99.000 -99.000 -99.000 -99.000 -99.000 -99.000 -99.000 -99.000 -99.000 -99.000 -99.000 -99.000 -99.000 -99.000 -99.000 -99.000 -99.000 -99.000 -99.000 -99.000 -99.000 -99.000 -99.000 -99.000 -99.000 -99.000 -99.000 -99.000 -99.000 1.650 1.676 1.782 1.984 2.256 2.560 2.860 3.131 3.359 3.545 3.694 3.815 3.917 4.003 4.080 4.149 4.213 4.271 4.326 4.378 4.426 4.473 4.516 4.557 4.597 4.636 4.674 4.711 4.746 4.781 4.815 4.849 4.882 4.914 4.946 4.978 5.010 5.041 5.072 5.103 5.134 5.164 5.195
-99.000 -99.000 -99.000 -99.000 -99.000 -99.000 -99.000 -99.000 -99.000 -99.000 -99.000 -99.000 -99.000 -99.000 -99.000 -99.000 -99.000 -99.000 -99.000 -99.000 -99.000 -99.000 -99.000 -99.000 -99.000 -99.000 -99.000 -99.000 -99.000 -99.000 1.649 1.655 1.709 1.857 2.093 2.383 2.689 2.979 3.232 3.441 3.610 3.747 3.859 3.954 4.037 4.111 4.178 4.241 4.298 4.353 4.403 4.452 4.497 4.540 4.581 4.621 4.659 4.696 4.732 4.767 4.802 4.835 4.868 4.900 4.932 4.963 4.994 5.025 5.056 5.086 5.116 5.146 5.176 5.206
-99.000 -99.000 -99.000 -99.000 -99.000 -99.000 -99.000 -99.000 -99.000 -99.000 -99.000 -99.000 -99.000 -99.000 -99.000 -99.000 -99.000 -99.000 -99.000 -99.000 -99.000 -99.000 -99.000 -99.000 -99.000 -99.000 -99.000 -99.000 -99.000 -99.000 1.650 1.668 1.760 1.950 2.214 2.515 2.817 3.091 3.325 3.516 3.669 3.795 3.899 3.989 4.069 4.141 4.207 4.268 4.325 4.378 4.429 4.477 4.522 4.564 4.605 4.644 4.682 4.719 4.754 4.789 4.822 4.855 4.887 4.919 4.950 4.981 5.011 5.041 5.071 5.100 5.130 5.159 5.188 5.217
-99.000 -99.000 -99.000 -99.000 -99.000 -99.000 -99.000 -99.000 -99.000 -99.000 -99.000 -99.000 -99.000 -99.000 -99.000 -99.000 -99.000 -99.000 -99.000 -99.000 -99.000 -99.000 -99.000 -99.000 -99.000 -99.000 -99.000 -99.000 -99.000 1.650 1.653 1.696 1.832 2.058 2.342 2.647 2.939 3.196 3.410 3.583 3.724 3.839 3.937 4.023 4.099 4.169 4.234 4.294 4.350 4.404 4.454 4.501 4.546 4.588 4.628 4.667 4.705 4.741 4.776 4.810 4.843 4.876 4.907 4.938 4.968 4.998 5.028 5.057 5.086 5.115 5.144 5.172 5.201 5.229
-99.000 -99.000 -99.000 -99.000 -99.000 -99.000 -99.000 -99.000 -99.000 -99.000 -99.000 -99.000 -99.000 -99.000 -99.000 -99.000 -99.000 -99.000 -99.000 -99.000 -99.000 -99.000 -99.000 -99.000 -99.000 -99.000 -99.000 -99.000 -99.000 1.649 1.664 1.744 1.922 2.179 2.476 2.779 3.056 3.294 3.488 3.645 3.773 3.880 3.972 4.054 4.128 4.196 4.260 4.319 4.375 4.428 4.478 4.525 4.569 4.611 4.651 4.690 4.728 4.763 4.798 4.832 4.864 4.896 4.927 4.957 4.987 5.017 5.045 5.074 5.102 5.130 5.158 5.186 5.214 5.241
-99.000 -99.000 -99.000 -99.000 -99.000 -99.000 -99.000 -99.000 -99.000 -99.000 -99.000 -99.000 -99.000 -99.000 -99.000 -99.000 -99.000 -99.000 -99.000 -99.000 -99.000 -99.000 -99.000 -99.000 -99.000 -99.000 -99.000 -99.000 1.650 1.652 1.688 1.812 2.029 2.309 2.612 2.906 3.165 3.382 3.558 3.701 3.818 3.918 4.005 4.083 4.155 4.222 4.285 4.344 4.399 4.451 4.501 4.548 4.592 4.634 4.674 4.713 4.750 4.785 4.820 4.853 4.885 4.917 4.947 4.977 5.006 5.035 5.063 5.091 5.119 5.146 5.173 5.200 5.227 5.254
-99.000 -99.000 -99.000 -99.000 -99.000 -99.000 -99.000 -99.000 -99.000 -99.000 -99.000 -99.000 -99.000 -99.000 -99.000 -99.000 -99.000 -99.000 -99.000 -99.000 -99.000 -99.000 -99.000 -99.000 -99.000 -99.000 -99.000 -99.000 1.650 1.660 1.731 1.901 2.150 2.445 2.747 3.026 3.266 3.463 3.622 3.751 3.859 3.953 4.036 4.111 4.181 4.247 4.309 4.367 4.422 4.474 4.523 4.570 4.615 4.656 4.696 4.734 4.771 4.807 4.841 4.874 4.906 4.937 4.967 4.997 5.026 5.054 5.082 5.109 5.136 5.163 5.189 5.216 5.242 5.268
-99.000 -99.000 -99.000 -99.000 -99.000 -99.000 -99.000 -99.000 -99.000 -99.000 -99.000 -99.000 -99.000 -99.000 -99.000 -99.000 -99.000 -99.000 -99.000 -99.000 -99.000 -99.000 -99.000 -99.000 -99.000 -99.000 -99.000 1.650 1.652 1.682 1.797 2.007 2.282 2.584 2.878 3.139 3.358 3.536 3.679 3.797 3.897 3.985 4.065 4.138 4.206 4.270 4.331 4.389 4.444 4.496 4.545 4.592 4.635 4.677 4.717 4.756 4.793 4.828 4.862 4.895 4.927 4.958 4.988 5.017 5.045 5.073 5.100 5.127 5.154 5.180 5.206 5.231 5.257 5.283
-99.000 -99.000 -99.000 -99.000 -99.000 -99.000 -99.000 -99.000 -99.000 -99.000 -99.000 -99.000 -99.000 -99.000 -99.000 -99.000 -99.000 -99.000 -99.000 -99.000 -99.000 -99.000 -99.000 -99.000 -99.000 -99.000 -99.000 1.650 1.659 1.722 1.884 2.128 2.420 2.722 3.002 3.243 3.441 3.601 3.731 3.839 3.933 4.016 4.092 4.163 4.229 4.293 4.353 4.410 4.464 4.516 4.565 4.612 4.655 4.697 4.738 4.776 4.813 4.849 4.883 4.915 4.947 4.978 5.008 5.036 5.065 5.092 5.119 5.146 5.172 5.197 5.223 5.248 5.273 5.298
-99.000 -99.000 -99.000 -99.000 -99.000 -99.000 -99.000 -99.000 -99.000 -99.000 -99.000 -99.000 -99.000 -99.000 -99.000 -99.000 -99.000 -99.000 -99.000 -99.000 -99.000 -99.000 -99.000 -99.000 -99.000 -99.000 -99.000 1.652 1.678 1.786 1.989 2.261 2.561 2.855 3.118 3.338 3.516 3.660 3.778 3.878 3.966 4.045 4.118 4.187 4.252 4.314 4.373 4.430 4.484 4.535 4.584 4.631 4.675 4.716 4.757 4.796 4.833 4.868 4.902 4.935 4.967 4.998 5.027 5.056 5.084 5.111 5.138 5.164 5.190 5.215 5.240 5.265 5.290 5.314
-99.000 -99.000 -99.000 -99.000 -99.000 -99.000 -99.000 -99.000 -99.000 -99.000 -99.000 -99.000 -99.000 -99.000 -99.000 -99.000 -99.000 -99.000 -99.000 -99.000 -99.000 -99.000 -99.000 -99.000 -99.000 -99.000 1.650 1.658 1.717 1.871 2.111 2.400 2.701 2.982 3.225 3.424 3.584 3.714 3.821 3.914 3.997 4.072 4.143 4.209 4.273 4.334 4.392 4.448 4.502 4.553 4.602 4.649 4.693 4.735 4.776 4.814 4.852 4.887 4.921 4.954 4.986 5.017 5.046 5.075 5.103 5.130 5.157 5.183 5.208 5.234 5.258 5.283 5.307 5.331
-99.000 -99.000 -99.000 -99.000 -99.000 -99.000 -99.000 -99.000 -99.000 -99.000 -99.000 -99.000 -99.000 -99.000 -99.000 -99.000 -99.000 -99.000 -99.000 -99.000 -99.000 -99.000 -99.000 -99.000 -99.000 -99.000 1.651 1.675 1.778 1.976 2.244 2.543 2.837 3.101 3.322 3.501 3.645 3.762 3.861 3.948 4.026 4.098 4.166 4.231 4.293 4.353 4.411 4.466 4.519 4.570 4.619 4.666 4.710 4.752 4.793 4.832 4.869 4.905 4.940 4.973 5.004 5.035 5.065 5.094 5.122 5.149 5.176 5.202 5.227 5.252 5.277 5.301 5.325 5.349
-99.000 -99.000 -99.000 -99.000 -99.000 -99.000 -99.000 -99.000 -99.000 -99.000 -99.000 -99.000 -99.000 -99.000 -99.000 -99.000 -99.000 -99.000 -99.000 -99.000 -99.000 -99.000 -99.000 -99.000 -99.000 1.650 1.657 1.711 1.861 2.097 2.384 2.685 2.967 3.210 3.410 3.570 3.700 3.807 3.899 3.980 4.054 4.124 4.189 4.252 4.313 4.371 4.428 4.483 4.535 4.586 4.635 4.682 4.726 4.768 4.809 4.848 4.886 4.922 4.957 4.990 5.022 5.053 5.083 5.112 5.140 5.167 5.194 5.220 5.246 5.271 5.295 5.319 5.343 5.367
-99.000 -99.000 -99.000 -99.000 -99.000 -99.000 -99.000 -99.000 -99.000 -99.000 -99.000 -99.000 -99.000 -99.000 -99.000 -99.000 -99.000 -99.000 -99.000 -99.000 -99.000 -99.000 -99.000 -99.000 -99.000 1.651 1.673 1.770 1.965 2.230 2.528 2.823 3.087 3.309 3.489 3.633 3.750 3.848 3.934 4.010 4.081 4.148 4.212 4.273 4.332 4.389 4.445 4.498 4.551 4.601 4.650 4.696 4.740 4.783 4.824 4.864 4.901 4.938 4.973 5.006 5.039 5.070 5.100 5.129 5.158 5.185 5.212 5.238 5.264 5.289 5.314 5.338 5.362 5.385
-99.000 -99.000 -99.000 -99.000 -99.000 -99.000 -99.000 -99.000 -99.000 -99.000 -99.000 -99.000 -99.000 -99.000 -99.000 -99.000 -99.000 -99.000 -99.000 -99.000 -99.000 -99.000 -99.000 -99.000 1.650 1.656 1.707 1.853 2.085 2.370 2.671 2.954 3.198 3.399 3.560 3.690 3.796 3.887 3.967 4.040 4.108 4.172 4.233 4.293 4.350 4.406 4.461 4.514 4.565 4.615 4.663 4.710 4.754 4.796 4.838 4.878 4.916 4.952 4.988 5.021 5.054 5.086 5.116 5.146 5.174 5.202 5.230 5.256 5.282 5.307 5.332 5.356 5.380 5.404
-99.000 -99.000 -99.000 -99.000 -99.000 -99.000 -99.000 -99.000 -99.000 -99.000 -99.000 -99.000 -99.000 -99.000 -99.000 -99.000 -99.000 -99.000 -99.000 -99.000 -99.000 -99.000 -99.000 -99.000 1.651 1.670 1.764 1.955 2.218 2.515 2.810 3.076 3.300 3.480 3.625 3.742 3.839 3.923 3.999 4.068 4.133 4.195 4.255 4.312 4.368 4.423 4.476 4.528 4.579 4.628 4.676 4.722 4.766 4.809 4.850 4.890 4.929 4.966 5.001 5.035 5.069 5.100 5.131 5.161 5.191 5.219 5.246 5.273 5.300 5.325 5.350 5.375 5.399 5.422
-99.000 -99.000 -99.000 -99.000 -99.000 -99.000 -99.000 -99.000 -99.000 -99.000 -99.000 -99.000 -99.000 -99.000 -99.000 -99.000 -99.000 -99.000 -99.000 -99.000 -99.000 -99.000 -99.000 1.650 1.655 1.703 1.845 2.074 2.359 2.659 2.942 3.189 3.391 3.553 3.683 3.789 3.879 3.958 4.030 4.096 4.158 4.218 4.276 4.332 4.386 4.439 4.491 4.542 4.592 4.640 4.688 4.734 4.778 4.820 4.862 4.902 4.940 4.978 5.014 5.048 5.082 5.114 5.146 5.176 5.206 5.235 5.263 5.290 5.317 5.343 5.368 5.393 5.417 5.440
-99.000 -99.000 -99.000 -99.000 -99.000 -99.000 -99.000 -99.000 -99.000 -99.000 -99.000 -99.000 -99.000 -99.000 -99.000 -99.000 -99.000 -99.000 -99.000 -99.000 -99.000 -99.000 -99.000 1.651 1.669 1.758 1.946 2.206 2.503 2.798 3.066 3.292 3.474 3.619 3.736 3.834 3.917 3.991 4.059 4.123 4.183 4.241 4.297 4.351 4.404 4.456 4.506 4.556 4.605 4.652 4.699 4.745 4.788 4.830 4.872 4.912 4.951 4.989 5.025 5.060 5.094 5.127 5.159 5.190 5.220 5.249 5.278 5.306 5.333 5.359 5.385 5.410 5.434 5.458
-99.000 -99.000 -99.000 -99.000 -99.000 -99.000 -99.000 -99.000 -99.000 -99.000 -99.000 -99.000 -99.000 -99.000 -99.000 -99.000 -99.000 -99.000 -99.000 -99.000 -99.000 -99.000 1.650 1.654 1.699 1.837 2.064 2.347 2.647 2.932 3.180 3.385 3.548 3.679 3.785 3.875 3.953 4.023 4.088 4.149 4.207 4.263 4.317 4.370 4.422 4.472 4.521 4.570 4.617 4.664 4.710 4.755 4.798 4.839 4.881 4.921 4.960 4.998 5.035 5.071 5.105 5.139 5.171 5.203 5.234 5.263 5.292 5.321 5.348 5.375 5.401 5.426 5.451 5.475
-99.000 -99.000 -99.000 -99.000 -99.000 -99.000 -99.000 -99.000 -99.000 -99.000 -99.000 -99.000 -99.000 -99.000 -99.000 -99.000 -99.000 -99.000 -99.000 -99.000 -99.000 -99.000 1.651 1.667 1.753 1.936 2.194 2.491 2.788 3.057 3.284 3.469 3.616 3.733 3.831 3.914 3.987 4.054 4.117 4.175 4.232 4.286 4.338 4.389 4.439 4.488 4.536 4.583 4.630 4.675 4.720 4.764 4.807 4.848 4.889 4.930 4.969 5.007 5.044 5.080 5.116 5.150 5.183 5.215 5.246 5.276 5.306 5.335 5.363 5.390 5.416 5.442 5.467 5.492
-99.000 -99.000 -99.000 -99.000 -99.000 -99.000 -99.000 -99.000 -99.000 -99.000 -99.000 -99.000 -99.000 -99.000 -99.000 -99.000 -99.000 -99.000 -99.000 -99.000 -99.000 1.650 1.654 1.696 1.829 2.052 2.333 2.635 2.922 3.172 3.379 3.544 3.676 3.784 3.873 3.951 4.021 4.084 4.144 4.201 4.256 4.308 4.359 4.409 4.457 4.505 4.551 4.597 4.642 4.687 4.731 4.774 4.815 4.856 4.897 4.937 4.977 5.015 5.053 5.089 5.125 5.159 5.193 5.226 5.258 5.288 5.318 5.347 5.376 5.403 5.430 5.457 5.482 5.507
-99.000 -99.000 -99.000 -99.000 -99.000 -99.000 -99.000 -99.000 -99.000 -99.000 -99.000 -99.000 -99.000 -99.000 -99.000 -99.000 -99.000 -99.000 -99.000 -99.000 -99.000 1.651 1.665 1.746 1.925 2.181 2.477 2.775 3.047 3.277 3.464 3.613 3.732 3.830 3.913 3.986 4.052 4.114 4.171 4.226 4.279 4.330 4.380 4.428 4.475 4.522 4.567 4.611 4.655 4.699 4.741 4.783 4.824 4.865 4.905 4.945 4.984 5.023 5.060 5.097 5.133 5.168 5.203 5.236 5.268 5.299 5.330 5.359 5.388 5.416 5.443 5.470 5.496 5.521
-99.000 -99.000 -99.000 -99.000 -99.000 -99.000 -99.000 -99.000 -99.000 -99.000 -99.000 -99.000 -99.000 -99.000 -99.000 -99.000 -99.000 -99.000 -99.000 -99.000 1.650 1.653 1.692 1.819 2.039 2.318 2.620 2.909 3.163 3.372 3.541 3.675 3.783 3.873 3.951 4.020 4.083 4.142 4.198 4.252 4.303 4.352 4.401 4.448 4.494 4.539 4.583 4.626 4.669 4.711 4.752 4.793 4.833 4.873 4.913 4.952 4.991 5.030 5.068 5.105 5.141 5.177 5.211 5.245 5.277 5.309 5.340 5.370 5.399 5.428 5.455 5.482 5.509 5.534
-99.000 -99.000 -99.000 -99.000 -99.000 -99.000 -99.000 -99.000 -99.000 -99.000 -99.000 -99.000 -99.000 -99.000 -99.000 -99.000 -99.000 -99.000 -99.000 -99.000 1.650 1.663 1.739 1.913 2.165 2.460 2.760 3.035 3.269 3.459 3.610 3.731 3.830 3.914 3.987 4.053 4.113 4.170 4.224 4.276 4.326 4.375 4.422 4.467 4.512 4.556 4.599 4.641 4.682 4.723 4.764 4.804 4.842 4.882 4.921 4.960 4.999 5.037 5.075 5.112 5.148 5.184 5.219 5.253 5.286 5.318 5.349 5.379 5.409 5.438 5.466 5.493 5.520 5.546
-99.000 -99.000 -99.000 -99.000 -99.000 -99.000 -99.000 -99.000 -99.000 -99.000 -99.000 -99.000 -99.000 -99.000 -99.000 -99.000 -99.000 -99.000 -99.000 1.650 1.653 1.687 1.808 2.023 2.300 2.602 2.894 3.152 3.365 3.536 3.673 3.783 3.874 3.952 4.021 4.084 4.143 4.198 4.250 4.301 4.349 4.396 4.442 4.487 4.531 4.573 4.615 4.656 4.697 4.737 4.776 4.814 4.852 4.891 4.929 4.968 5.006 5.044 5.082 5.119 5.155 5.191 5.226 5.260 5.293 5.326 5.357 5.388 5.418 5.447 5.475 5.503 5.531 5.557
-99.000 -99.000 -99.000 -99.000 -99.000 -99.000 -99.000 -99.000 -99.000 -99.000 -99.000 -99.000 -99.000 -99.000 -99.000 -99.000 -99.000 -99.000 -99.000 1.650 1.661 1.731 1.898 2.146 2.440 2.741 3.020 3.259 3.452 3.606 3.730 3.830 3.915 3.988 4.054 4.114 4.171 4.224 4.276 4.325 4.372 4.418 4.463 4.507 4.549 4.591 4.632 4.672 4.711 4.750 4.789 4.826 4.863 4.901 4.939 4.977 5.014 5.052 5.089 5.126 5.162 5.198 5.233 5.267 5.300 5.332 5.364 5.395 5.425 5.455 5.484 5.512 5.540 5.567
-99.000 -99.000 -99.000 -99.000 -99.000 -99.000 -99.000 -99.000 -99.000 -99.000 -99.000 -99.000 -99.000 -99.000 -99.000 -99.000 -99.000 -99.000 1.650 1.652 1.682 1.796 2.004 2.278 2.580 2.875 3.137 3.355 3.530 3.670 3.782 3.874 3.953 4.022 4.085 4.144 4.198 4.250 4.300 4.348 4.395 4.440 4.484 4.526 4.568 4.609 4.649 4.688 4.726 4.764 4.802 4.839 4.875 4.912 4.949 4.986 5.024 5.060 5.097 5.133 5.169 5.204 5.239 5.273 5.306 5.339 5.370 5.401 5.432 5.462 5.491 5.520 5.548 5.575
-99.000 -99.000 -99.000 -99.000 -99.000 -99.000 -99.000 -99.000 -99.000 -99.000 -99.000 -99.000 -99.000 -99.000 -99.000 -99.000 -99.000 -99.000 1.650 1.659 1.721 1.880 2.123 2.415 2.718 3.000 3.244 3.443 3.601 3.727 3.829 3.915 3.989 4.055 4.116 4.172 4.225 4.276 4.325 4.372 4.417 4.461 4.504 4.546 4.587 4.626 4.666 4.704 4.742 4.779 4.816 4.852 4.888 4.924 4.961 4.997 5.033 5.070 5.106 5.141 5.176 5.211 5.245 5.279 5.312 5.344 5.376 5.407 5.438 5.468 5.497 5.526 5.554 5.582
-99.000 -99.000 -99.000 -99.000 -99.000 -99.000 -99.000 -99.000 -99.000 -99.000 -99.000 -99.000 -99.000 -99.000 -99.000 -99.000 -99.000 -99.000 1.651 1.676 1.781 1.981 2.251 2.553 2.850 3.117 3.341 3.522 3.665 3.779 3.874 3.954 4.024 4.087 4.145 4.200 4.251 4.301 4.348 4.394 4.439 4.482 4.524 4.565 4.605 4.644 4.683 4.721 4.758 4.795 4.831 4.866 4.901 4.937 4.973 5.009 5.044 5.080 5.115 5.150 5.184 5.218 5.252 5.285 5.317 5.350 5.381 5.412 5.443 5.473 5.502 5.531 5.560 5.588
-99.000 -99.000 -99.000 -99.000 -99.000 -99.000 -99.000 -99.000 -99.000 -99.000 -99.000 -99.000 -99.000 -99.000 -99.000 -99.000 -99.000 1.650 1.656 1.711 1.860 2.096 2.385 2.689 2.975 3.224 3.429 3.593 3.722 3.827 3.915 3.990 4.057 4.117 4.174 4.227 4.277 4.325 4.372 4.417 4.460 4.503 4.544 4.584 4.624 4.662 4.700 4.737 4.774 4.810 4.846 4.881 4.915 4.951 4.986 5.021 5.056 5.090 5.125 5.159 5.192 5.226 5.259 5.291 5.323 5.355 5.386 5.417 5.448 5.477 5.507 5.536 5.564 5.592
-99.000 -99.000 -99.000 -99.000 -99.000 -99.000 -99.000 -99.000 -99.000 -99.000 -99.000 -99.000 -99.000 -99.000 -99.000 -99.000 -99.000 1.651 1.671 1.764 1.955 2.219 2.519 2.820 3.092 3.322 3.509 3.657 3.775 3.871 3.953 4.024 4.088 4.147 4.201 4.253 4.302 4.349 4.395 4.439 4.482 4.523 4.564 4.603 4.642 4.680 4.717 4.754 4.790 4.826 4.862 4.896 4.930 4.965 5.000 5.034 5.068 5.102 5.136 5.169 5.202 5.234 5.266 5.298 5.330 5.361 5.392 5.422 5.452 5.482 5.511 5.540 5.568 5.596
-99.000 -99.000 -99.000 -99.000 -99.000 -99.000 -99.000 -99.000 -99.000 -99.000 -99.000 -99.000 -99.000 -99.000 -99.000 -99.000 1.650 1.654 1.699 1.836 2.063 2.348 2.653 2.944 3.199 3.411 3.581 3.715 3.823 3.913 3.989 4.057 4.118 4.175 4.228 4.278 4.327 4.373 4.417 4.461 4.503 4.543 4.583 4.622 4.660 4.698 4.735 4.771 4.807 4.842 4.877 4.911 4.945 4.980 5.014 5.048 5.081 5.114 5.147 5.179 5.212 5.243 5.275 5.306 5.337 5.368 5.398 5.428 5.457 5.486 5.515 5.543 5.571 5.599
