version2/TsunamiDB/out54050.asc
ncols          264
nrows          230
xllcorner      497853.4375
yllcorner      4229146.0000
cellsize         5.
NODATA_value   -99
[rows 132 to 164 of 230, columns 73 to 145 of 264]
2.423 2.731 3.020 3.271 3.479 3.645 3.779 3.890 3.982 4.063 4.134 4.200 4.260 4.317 4.371 4.422 4.471 4.517 4.562 4.606 4.648 4.688 4.728 4.766 4.804 4.840 4.876 4.911 4.944 4.977 5.010 5.042 5.074 5.105 5.136 5.166 5.196 5.225 5.254 5.284 5.313 5.343 5.372 5.402 5.433 5.463 5.493 5.524 5.554 5.585 5.614 5.643 5.670 5.698 5.724 5.749 5.772 5.793 5.812 5.828 5.842 5.852 5.860 5.865 5.868 5.869 5.870 5.872 5.876 5.883 5.892 5.905 5.922
2.562 2.865 3.138 3.370 3.559 3.709 3.832 3.933 4.020 4.096 4.165 4.228 4.287 4.342 4.395 4.445 4.494 4.540 4.584 4.627 4.668 4.709 4.748 4.786 4.823 4.860 4.895 4.930 4.964 4.996 5.029 5.061 5.093 5.123 5.153 5.183 5.211 5.240 5.268 5.297 5.325 5.353 5.382 5.411 5.440 5.470 5.500 5.530 5.561 5.591 5.621 5.650 5.678 5.707 5.734 5.760 5.785 5.808 5.829 5.848 5.864 5.878 5.888 5.895 5.900 5.902 5.903 5.904 5.905 5.909 5.915 5.924 5.937
2.702 2.994 3.249 3.461 3.631 3.768 3.879 3.974 4.055 4.128 4.194 4.255 4.313 4.367 4.419 4.468 4.516 4.561 4.605 4.648 4.689 4.728 4.767 4.805 4.842 4.879 4.914 4.950 4.983 5.016 5.049 5.080 5.112 5.142 5.171 5.200 5.229 5.256 5.284 5.311 5.338 5.365 5.393 5.421 5.449 5.478 5.507 5.537 5.566 5.596 5.627 5.656 5.685 5.714 5.742 5.770 5.796 5.821 5.844 5.865 5.884 5.900 5.913 5.923 5.930 5.935 5.937 5.937 5.937 5.938 5.941 5.947 5.956
2.838 3.115 3.351 3.543 3.697 3.821 3.924 4.012 4.089 4.158 4.222 4.282 4.338 4.391 4.442 4.490 4.537 4.582 4.625 4.667 4.708 4.748 4.786 4.824 4.861 4.898 4.933 4.969 5.002 5.035 5.068 5.100 5.131 5.161 5.190 5.219 5.247 5.274 5.300 5.327 5.353 5.379 5.405 5.432 5.459 5.486 5.514 5.543 5.572 5.602 5.631 5.661 5.690 5.719 5.748 5.777 5.804 5.831 5.856 5.879 5.900 5.919 5.935 5.948 5.958 5.965 5.969 5.970 5.970 5.970 5.971 5.974 5.979
2.969 3.228 3.443 3.617 3.757 3.870 3.965 4.047 4.121 4.188 4.249 4.307 4.362 4.414 4.464 4.512 4.558 4.602 4.645 4.687 4.727 4.766 4.805 4.843 4.880 4.916 4.952 4.987 5.021 5.054 5.087 5.119 5.150 5.180 5.209 5.238 5.265 5.292 5.318 5.344 5.369 5.394 5.419 5.444 5.470 5.496 5.522 5.550 5.578 5.607 5.636 5.665 5.694 5.724 5.753 5.782 5.811 5.839 5.865 5.890 5.913 5.934 5.953 5.969 5.982 5.992 5.998 6.002 6.003 6.004 6.003 6.004 6.006
3.093 3.332 3.528 3.685 3.811 3.915 4.003 4.081 4.151 4.216 4.276 4.332 4.386 4.437 4.486 4.533 4.578 4.622 4.664 4.705 4.745 4.784 4.823 4.861 4.898 4.934 4.970 5.006 5.039 5.072 5.105 5.138 5.169 5.199 5.229 5.257 5.285 5.311 5.337 5.362 5.386 5.410 5.434 5.458 5.482 5.507 5.532 5.558 5.585 5.612 5.641 5.669 5.697 5.727 5.757 5.786 5.816 5.844 5.872 5.898 5.923 5.947 5.968 5.986 6.002 6.015 6.025 6.031 6.035 6.036 6.036 6.036 6.037
3.209 3.427 3.604 3.746 3.861 3.956 4.040 4.114 4.181 4.243 4.301 4.356 4.409 4.459 4.507 4.553 4.598 4.641 4.682 4.723 4.763 4.802 4.841 4.878 4.916 4.952 4.988 5.023 5.057 5.090 5.123 5.156 5.187 5.218 5.247 5.276 5.304 5.330 5.356 5.381 5.405 5.429 5.452 5.474 5.497 5.520 5.544 5.568 5.593 5.619 5.646 5.673 5.701 5.730 5.760 5.789 5.819 5.848 5.877 5.905 5.931 5.956 5.979 6.000 6.019 6.035 6.047 6.057 6.063 6.067 6.068 6.069 6.068
3.315 3.514 3.673 3.802 3.907 3.996 4.074 4.145 4.209 4.270 4.326 4.380 4.431 4.480 4.527 4.573 4.617 4.659 4.701 4.741 4.781 4.820 4.858 4.896 4.933 4.970 5.006 5.040 5.073 5.107 5.140 5.173 5.205 5.235 5.265 5.294 5.323 5.350 5.376 5.401 5.425 5.448 5.470 5.492 5.514 5.535 5.557 5.580 5.603 5.628 5.652 5.677 5.705 5.733 5.762 5.792 5.821 5.851 5.880 5.909 5.937 5.963 5.988 6.011 6.032 6.051 6.066 6.079 6.088 6.095 6.098 6.100 6.100
3.412 3.592 3.736 3.853 3.949 4.033 4.107 4.174 4.237 4.295 4.351 4.403 4.453 4.501 4.548 4.592 4.635 4.678 4.719 4.759 4.798 4.837 4.876 4.913 4.950 4.986 5.022 5.056 5.089 5.123 5.157 5.189 5.221 5.252 5.283 5.312 5.341 5.368 5.395 5.420 5.444 5.468 5.490 5.511 5.532 5.553 5.573 5.594 5.616 5.638 5.660 5.684 5.710 5.737 5.765 5.793 5.823 5.852 5.882 5.911 5.940 5.968 5.994 6.019 6.042 6.063 6.081 6.097 6.109 6.118 6.125 6.129 6.131
3.500 3.662 3.793 3.900 3.989 4.068 4.138 4.203 4.264 4.320 4.374 4.426 4.475 4.522 4.567 4.611 4.654 4.696 4.737 4.777 4.816 4.855 4.893 4.930 4.967 5.003 5.038 5.072 5.105 5.139 5.172 5.205 5.237 5.268 5.299 5.329 5.358 5.386 5.413 5.439 5.464 5.488 5.510 5.531 5.552 5.572 5.591 5.611 5.630 5.651 5.671 5.692 5.716 5.742 5.768 5.796 5.824 5.854 5.883 5.913 5.942 5.971 5.998 6.025 6.049 6.072 6.093 6.111 6.126 6.138 6.148 6.155 6.159
3.580 3.726 3.845 3.943 4.027 4.101 4.169 4.231 4.290 4.345 4.398 4.448 4.496 4.542 4.587 4.631 4.673 4.714 4.755 4.795 4.834 4.872 4.910 4.947 4.983 5.019 5.054 5.087 5.120 5.154 5.187 5.219 5.251 5.283 5.314 5.344 5.374 5.403 5.430 5.457 5.483 5.507 5.530 5.552 5.572 5.592 5.611 5.629 5.647 5.666 5.684 5.704 5.725 5.748 5.773 5.799 5.827 5.855 5.884 5.913 5.943 5.972 6.001 6.028 6.054 6.079 6.101 6.121 6.139 6.154 6.167 6.177 6.184
3.652 3.785 3.893 3.984 4.062 4.133 4.198 4.258 4.315 4.369 4.420 4.470 4.517 4.563 4.607 4.650 4.692 4.733 4.773 4.813 4.852 4.890 4.927 4.964 4.999 5.034 5.069 5.102 5.135 5.168 5.201 5.233 5.265 5.297 5.328 5.359 5.389 5.418 5.447 5.474 5.500 5.525 5.549 5.572 5.593 5.613 5.631 5.649 5.667 5.684 5.700 5.718 5.737 5.758 5.780 5.804 5.830 5.857 5.885 5.914 5.943 5.972 6.001 6.030 6.057 6.083 6.107 6.129 6.149 6.167 6.182 6.194 6.204
3.717 3.838 3.937 4.022 4.096 4.163 4.226 4.284 4.340 4.392 4.443 4.491 4.538 4.583 4.627 4.670 4.711 4.752 4.792 4.832 4.870 4.908 4.945 4.980 5.016 5.050 5.084 5.117 5.149 5.182 5.214 5.247 5.279 5.310 5.341 5.372 5.403 5.432 5.461 5.489 5.517 5.543 5.567 5.591 5.613 5.633 5.652 5.670 5.687 5.704 5.719 5.734 5.752 5.770 5.790 5.812 5.835 5.861 5.887 5.915 5.944 5.973 6.002 6.030 6.058 6.085 6.110 6.134 6.156 6.176 6.193 6.209 6.221
3.777 3.886 3.979 4.058 4.128 4.192 4.253 4.310 4.364 4.415 4.465 4.513 4.559 4.603 4.647 4.689 4.731 4.772 4.812 4.851 4.889 4.926 4.962 4.997 5.032 5.066 5.099 5.131 5.163 5.196 5.228 5.260 5.291 5.323 5.354 5.385 5.415 5.445 5.475 5.503 5.531 5.558 5.584 5.608 5.631 5.653 5.673 5.692 5.709 5.725 5.740 5.754 5.769 5.785 5.803 5.822 5.843 5.866 5.891 5.917 5.945 5.973 6.001 6.030 6.058 6.086 6.112 6.137 6.160 6.182 6.202 6.219 6.235
3.831 3.931 4.017 4.092 4.159 4.221 4.279 4.335 4.387 4.438 4.487 4.534 4.579 4.624 4.667 4.709 4.751 4.792 4.831 4.870 4.908 4.944 4.980 5.015 5.049 5.082 5.115 5.146 5.177 5.209 5.241 5.272 5.303 5.335 5.366 5.396 5.427 5.457 5.487 5.516 5.545 5.572 5.599 5.624 5.649 5.671 5.693 5.712 5.730 5.747 5.762 5.775 5.789 5.804 5.819 5.836 5.854 5.875 5.897 5.921 5.947 5.974 6.002 6.030 6.058 6.086 6.112 6.138 6.163 6.186 6.207 6.227 6.244
3.880 3.973 4.053 4.125 4.188 4.248 4.305 4.359 4.410 4.460 4.508 4.555 4.600 4.644 4.687 4.730 4.771 4.812 4.851 4.890 4.927 4.963 4.998 5.032 5.066 5.098 5.131 5.162 5.192 5.223 5.254 5.285 5.315 5.346 5.377 5.407 5.438 5.468 5.498 5.527 5.556 5.585 5.612 5.639 5.664 5.688 5.711 5.732 5.751 5.769 5.784 5.797 5.811 5.825 5.838 5.853 5.869 5.887 5.906 5.928 5.952 5.977 6.003 6.030 6.058 6.085 6.112 6.138 6.164 6.188 6.211 6.232 6.251
3.926 4.012 4.088 4.156 4.217 4.274 4.330 4.382 4.433 4.482 4.529 4.575 4.620 4.665 4.708 4.750 4.791 4.832 4.871 4.909 4.946 4.982 5.016 5.050 5.083 5.115 5.147 5.177 5.207 5.237 5.267 5.297 5.328 5.358 5.388 5.418 5.448 5.478 5.508 5.538 5.567 5.596 5.624 5.652 5.678 5.703 5.727 5.749 5.770 5.789 5.805 5.820 5.834 5.847 5.860 5.873 5.887 5.902 5.919 5.938 5.959 5.982 6.006 6.032 6.058 6.085 6.112 6.138 6.164 6.189 6.212 6.235 6.256
3.968 4.049 4.120 4.185 4.244 4.300 4.354 4.406 4.455 4.503 4.550 4.596 4.641 4.685 4.728 4.770 4.811 4.852 4.891 4.928 4.965 5.001 5.035 5.068 5.101 5.133 5.164 5.193 5.222 5.252 5.281 5.311 5.340 5.369 5.399 5.428 5.458 5.487 5.517 5.547 5.577 5.606 5.635 5.663 5.690 5.716 5.741 5.765 5.787 5.808 5.825 5.841 5.856 5.870 5.882 5.895 5.907 5.920 5.935 5.951 5.970 5.990 6.012 6.036 6.061 6.086 6.112 6.138 6.164 6.189 6.213 6.237 6.259
4.007 4.083 4.152 4.214 4.271 4.325 4.378 4.428 4.477 4.525 4.571 4.616 4.661 4.705 4.748 4.790 4.831 4.871 4.910 4.948 4.984 5.019 5.054 5.087 5.119 5.151 5.181 5.210 5.239 5.267 5.296 5.324 5.353 5.381 5.410 5.438 5.467 5.497 5.526 5.556 5.585 5.615 5.644 5.672 5.700 5.728 5.754 5.779 5.802 5.824 5.844 5.861 5.877 5.892 5.905 5.918 5.929 5.941 5.954 5.968 5.984 6.001 6.021 6.042 6.065 6.089 6.114 6.139 6.164 6.189 6.214 6.238 6.261
4.044 4.116 4.182 4.242 4.297 4.350 4.401 4.451 4.499 4.546 4.592 4.637 4.681 4.724 4.767 4.809 4.850 4.890 4.929 4.966 5.003 5.038 5.073 5.106 5.138 5.169 5.199 5.228 5.256 5.284 5.311 5.339 5.366 5.394 5.421 5.449 5.477 5.506 5.535 5.564 5.593 5.622 5.652 5.681 5.709 5.737 5.764 5.791 5.816 5.839 5.860 5.879 5.897 5.913 5.928 5.941 5.952 5.964 5.975 5.987 6.001 6.016 6.032 6.051 6.072 6.094 6.117 6.141 6.165 6.190 6.215 6.239 6.263
4.079 4.148 4.211 4.269 4.323 4.374 4.424 4.473 4.520 4.566 4.612 4.656 4.700 4.743 4.786 4.827 4.868 4.908 4.947 4.985 5.021 5.057 5.091 5.125 5.157 5.188 5.218 5.246 5.273 5.301 5.328 5.354 5.381 5.407 5.434 5.460 5.488 5.515 5.543 5.572 5.601 5.630 5.659 5.688 5.717 5.745 5.773 5.801 5.827 5.852 5.874 5.895 5.915 5.933 5.949 5.963 5.975 5.987 5.998 6.009 6.020 6.033 6.047 6.064 6.082 6.101 6.122 6.145 6.168 6.192 6.216 6.240 6.265
4.113 4.178 4.239 4.295 4.348 4.398 4.447 4.495 4.542 4.587 4.632 4.676 4.719 4.762 4.804 4.845 4.886 4.925 4.964 5.002 5.039 5.075 5.109 5.143 5.175 5.206 5.236 5.264 5.292 5.319 5.345 5.371 5.396 5.422 5.447 5.473 5.499 5.525 5.552 5.580 5.608 5.636 5.665 5.694 5.724 5.753 5.781 5.809 5.836 5.862 5.886 5.909 5.930 5.950 5.968 5.983 5.997 6.009 6.021 6.031 6.042 6.053 6.065 6.079 6.094 6.112 6.131 6.151 6.173 6.196 6.219 6.243 6.267
4.145 4.208 4.266 4.321 4.372 4.422 4.470 4.517 4.563 4.608 4.652 4.695 4.738 4.780 4.822 4.862 4.903 4.942 4.981 5.019 5.056 5.092 5.127 5.161 5.193 5.225 5.255 5.283 5.310 5.337 5.363 5.388 5.413 5.437 5.462 5.486 5.511 5.536 5.562 5.588 5.616 5.643 5.672 5.700 5.729 5.759 5.787 5.816 5.844 5.871 5.896 5.920 5.943 5.965 5.984 6.002 6.017 6.031 6.043 6.054 6.064 6.074 6.085 6.097 6.110 6.125 6.142 6.160 6.180 6.202 6.224 6.248 6.271
4.176 4.237 4.294 4.347 4.397 4.446 4.493 4.539 4.584 4.628 4.671 4.714 4.756 4.797 4.838 4.879 4.919 4.958 4.997 5.035 5.072 5.108 5.144 5.178 5.211 5.243 5.273 5.301 5.329 5.356 5.382 5.407 5.431 5.454 5.478 5.501 5.524 5.548 5.573 5.598 5.624 5.651 5.678 5.706 5.735 5.764 5.793 5.822 5.850 5.878 5.904 5.929 5.954 5.977 5.998 6.018 6.035 6.050 6.064 6.075 6.086 6.096 6.106 6.116 6.128 6.141 6.156 6.172 6.190 6.210 6.231 6.254 6.276
4.206 4.266 4.321 4.372 4.421 4.469 4.516 4.561 4.605 4.648 4.691 4.732 4.774 4.815 4.855 4.895 4.934 4.973 5.012 5.050 5.087 5.123 5.159 5.194 5.228 5.260 5.290 5.319 5.347 5.375 5.401 5.426 5.449 5.473 5.495 5.517 5.540 5.562 5.585 5.609 5.633 5.659 5.685 5.712 5.740 5.769 5.798 5.827 5.856 5.884 5.910 5.937 5.963 5.987 6.010 6.031 6.050 6.067 6.082 6.095 6.107 6.117 6.127 6.137 6.147 6.159 6.172 6.186 6.203 6.221 6.241 6.262 6.283
4.236 4.294 4.348 4.398 4.446 4.493 4.538 4.583 4.626 4.668 4.710 4.751 4.791 4.831 4.871 4.910 4.949 4.988 5.026 5.064 5.101 5.138 5.174 5.209 5.243 5.276 5.307 5.336 5.365 5.393 5.419 5.445 5.469 5.491 5.514 5.535 5.556 5.577 5.599 5.621 5.644 5.668 5.693 5.719 5.746 5.774 5.802 5.831 5.860 5.888 5.915 5.943 5.969 5.995 6.019 6.042 6.063 6.081 6.098 6.113 6.126 6.137 6.148 6.158 6.167 6.178 6.190 6.203 6.217 6.234 6.252 6.272 6.293
4.266 4.322 4.374 4.423 4.471 4.517 4.561 4.604 4.647 4.688 4.729 4.769 4.809 4.848 4.887 4.926 4.964 5.002 5.040 5.077 5.114 5.151 5.187 5.222 5.257 5.290 5.322 5.352 5.382 5.410 5.438 5.463 5.488 5.511 5.533 5.554 5.574 5.595 5.615 5.635 5.657 5.679 5.702 5.727 5.752 5.779 5.807 5.835 5.864 5.892 5.919 5.947 5.975 6.001 6.027 6.051 6.073 6.093 6.112 6.128 6.143 6.155 6.167 6.177 6.187 6.197 6.208 6.220 6.234 6.249 6.266 6.285 6.304
4.295 4.350 4.401 4.449 4.495 4.540 4.584 4.626 4.668 4.708 4.748 4.787 4.826 4.864 4.903 4.940 4.978 5.016 5.053 5.090 5.127 5.163 5.200 5.235 5.270 5.304 5.336 5.367 5.397 5.427 5.455 5.481 5.506 5.530 5.552 5.573 5.594 5.613 5.632 5.651 5.671 5.692 5.713 5.736 5.760 5.785 5.812 5.839 5.867 5.895 5.922 5.951 5.979 6.006 6.032 6.057 6.081 6.103 6.123 6.141 6.157 6.171 6.184 6.195 6.206 6.216 6.227 6.239 6.252 6.266 6.282 6.300 6.318
4.323 4.377 4.428 4.475 4.520 4.564 4.607 4.648 4.689 4.728 4.767 4.805 4.843 4.881 4.918 4.955 4.992 5.029 5.066 5.102 5.139 5.175 5.211 5.247 5.282 5.316 5.348 5.380 5.411 5.442 5.470 5.498 5.524 5.548 5.571 5.593 5.613 5.633 5.651 5.669 5.688 5.706 5.726 5.747 5.769 5.793 5.817 5.844 5.871 5.898 5.925 5.953 5.982 6.009 6.036 6.062 6.087 6.110 6.131 6.151 6.168 6.184 6.198 6.211 6.223 6.234 6.246 6.257 6.270 6.284 6.299 6.316 6.334
4.352 4.405 4.454 4.500 4.545 4.588 4.630 4.670 4.710 4.748 4.786 4.824 4.861 4.897 4.934 4.970 5.006 5.042 5.078 5.114 5.151 5.186 5.222 5.258 5.293 5.327 5.360 5.392 5.424 5.455 5.485 5.513 5.540 5.566 5.590 5.612 5.633 5.653 5.671 5.689 5.706 5.723 5.741 5.760 5.780 5.802 5.825 5.849 5.875 5.901 5.928 5.956 5.984 6.012 6.039 6.066 6.091 6.115 6.138 6.159 6.178 6.195 6.211 6.225 6.238 6.251 6.263 6.275 6.288 6.302 6.317 6.333 6.350
4.380 4.432 4.481 4.526 4.570 4.612 4.653 4.693 4.731 4.769 4.806 4.842 4.878 4.914 4.950 4.985 5.020 5.056 5.091 5.126 5.162 5.197 5.233 5.268 5.303 5.337 5.370 5.402 5.435 5.467 5.497 5.527 5.555 5.582 5.607 5.630 5.652 5.672 5.691 5.709 5.726 5.742 5.759 5.776 5.794 5.813 5.834 5.857 5.881 5.906 5.931 5.958 5.986 6.014 6.041 6.068 6.094 6.119 6.143 6.165 6.185 6.204 6.221 6.237 6.252 6.265 6.278 6.292 6.305 6.319 6.334 6.351 6.368
4.408 4.459 4.507 4.552 4.595 4.636 4.677 4.715 4.753 4.790 4.826 4.861 4.896 4.931 4.966 5.000 5.035 5.069 5.104 5.138 5.173 5.208 5.243 5.278 5.312 5.347 5.379 5.412 5.445 5.477 5.508 5.539 5.568 5.596 5.622 5.647 5.670 5.691 5.711 5.729 5.746 5.762 5.778 5.794 5.810 5.827 5.846 5.866 5.888 5.911 5.935 5.961 5.988 6.015 6.043 6.070 6.096 6.122 6.146 6.169 6.191 6.211 6.229 6.247 6.263 6.278 6.292 6.307 6.321 6.336 6.352 6.368 6.385
4.435 4.486 4.533 4.577 4.620 4.661 4.700 4.738 4.775 4.811 4.846 4.881 4.915 4.949 4.982 5.016 5.049 5.083 5.117 5.151 5.185 5.219 5.253 5.287 5.321 5.355 5.388 5.421 5.454 5.486 5.518 5.549 5.579 5.608 5.636 5.662 5.686 5.709 5.730 5.749 5.767 5.783 5.798 5.813 5.828 5.844 5.860 5.878 5.898 5.919 5.941 5.965 5.991 6.017 6.044 6.071 6.098 6.123 6.148 6.172 6.195 6.216 6.236 6.255 6.272 6.289 6.305 6.320 6.336 6.352 6.368 6.385 6.403
