version2/TsunamiDB/out54174.asc
ncols          264
nrows          230
xllcorner      497853.4375
yllcorner      4229146.0000
cellsize         5.
NODATA_value   -99
[rows 170 to 203 of 230, columns 77 to 153 of 264]
6.986 6.986 6.987 6.988 6.989 6.991 6.992 6.994 6.996 6.997 6.999 7.001 7.003 7.004 7.006 7.008 7.010 7.011 7.013 7.015 7.017 7.019 7.022 7.023 7.025 7.027 7.029 7.031 7.032 7.034 7.036 7.038 7.040 7.041 7.043 7.045 7.047 7.049 7.051 7.053 7.055 7.057 7.060 7.063 7.066 7.070 7.073 7.076 7.080 7.083 7.087 7.091 7.095 7.099 7.104 7.108 7.112 7.117 7.121 7.126 7.130 7.134 7.139 7.143 7.147 7.152 7.156 7.161 7.165 7.170 7.174 7.178 7.182 7.186 7.190 7.194 7.198
6.994 6.995 6.995 6.996 6.997 6.998 7.000 7.001 7.003 7.004 7.006 7.008 7.009 7.011 7.013 7.014 7.016 7.018 7.020 7.022 7.024 7.026 7.028 7.030 7.031 7.033 7.035 7.037 7.039 7.040 7.042 7.044 7.046 7.047 7.049 7.051 7.053 7.054 7.056 7.058 7.061 7.063 7.065 7.068 7.071 7.075 7.078 7.081 7.084 7.088 7.092 7.096 7.100 7.104 7.108 7.112 7.117 7.121 7.125 7.130 7.134 7.138 7.143 7.147 7.152 7.156 7.160 7.165 7.170 7.174 7.178 7.182 7.186 7.190 7.194 7.198 7.202
7.003 7.003 7.003 7.004 7.005 7.006 7.007 7.008 7.010 7.011 7.013 7.014 7.016 7.018 7.019 7.021 7.023 7.024 7.026 7.028 7.030 7.032 7.034 7.036 7.038 7.039 7.041 7.043 7.045 7.046 7.048 7.050 7.051 7.053 7.055 7.056 7.058 7.060 7.062 7.064 7.066 7.068 7.070 7.073 7.076 7.079 7.082 7.086 7.089 7.092 7.096 7.100 7.104 7.108 7.112 7.116 7.120 7.125 7.129 7.133 7.138 7.142 7.147 7.151 7.155 7.160 7.164 7.169 7.173 7.178 7.182 7.186 7.190 7.194 7.198 7.202 7.206
7.012 7.012 7.012 7.012 7.013 7.013 7.014 7.016 7.017 7.018 7.020 7.021 7.023 7.024 7.026 7.027 7.029 7.031 7.032 7.034 7.036 7.038 7.040 7.042 7.044 7.045 7.047 7.049 7.051 7.052 7.054 7.056 7.057 7.059 7.060 7.062 7.064 7.065 7.067 7.069 7.071 7.073 7.075 7.078 7.081 7.084 7.087 7.090 7.093 7.097 7.100 7.104 7.108 7.112 7.116 7.120 7.124 7.128 7.133 7.137 7.141 7.146 7.150 7.154 7.159 7.163 7.168 7.172 7.177 7.181 7.185 7.189 7.194 7.198 7.202 7.206 7.210
7.021 7.020 7.020 7.020 7.021 7.021 7.022 7.023 7.024 7.025 7.027 7.028 7.029 7.031 7.032 7.034 7.035 7.037 7.039 7.040 7.042 7.045 7.047 7.048 7.050 7.051 7.053 7.055 7.056 7.058 7.060 7.061 7.063 7.064 7.066 7.068 7.069 7.071 7.072 7.074 7.076 7.078 7.080 7.083 7.086 7.088 7.091 7.094 7.097 7.100 7.104 7.108 7.111 7.115 7.119 7.123 7.127 7.132 7.136 7.140 7.144 7.149 7.153 7.157 7.162 7.166 7.171 7.175 7.180 7.184 7.188 7.192 7.197 7.201 7.205 7.209 7.213
7.030 7.029 7.029 7.029 7.029 7.029 7.030 7.030 7.031 7.032 7.033 7.035 7.036 7.037 7.039 7.040 7.042 7.043 7.045 7.047 7.049 7.051 7.052 7.054 7.056 7.057 7.059 7.061 7.062 7.064 7.065 7.067 7.068 7.070 7.071 7.073 7.074 7.076 7.077 7.079 7.081 7.083 7.085 7.087 7.090 7.093 7.095 7.098 7.101 7.104 7.108 7.111 7.115 7.118 7.122 7.126 7.130 7.134 7.139 7.143 7.147 7.151 7.156 7.160 7.164 7.169 7.173 7.178 7.182 7.187 7.191 7.195 7.199 7.204 7.208 7.212 7.216
7.039 7.038 7.037 7.037 7.037 7.037 7.037 7.038 7.038 7.039 7.040 7.041 7.043 7.044 7.045 7.047 7.048 7.050 7.051 7.053 7.055 7.057 7.058 7.060 7.062 7.063 7.065 7.066 7.068 7.069 7.071 7.072 7.074 7.075 7.077 7.078 7.079 7.081 7.082 7.084 7.085 7.087 7.089 7.092 7.094 7.097 7.099 7.102 7.105 7.108 7.111 7.114 7.118 7.121 7.125 7.129 7.133 7.137 7.141 7.145 7.150 7.154 7.158 7.162 7.167 7.171 7.176 7.180 7.185 7.189 7.193 7.197 7.202 7.206 7.210 7.214 7.219
7.048 7.047 7.046 7.046 7.045 7.045 7.045 7.045 7.046 7.046 7.047 7.048 7.049 7.050 7.052 7.053 7.054 7.056 7.057 7.059 7.061 7.063 7.064 7.066 7.067 7.069 7.070 7.072 7.073 7.075 7.076 7.078 7.079 7.080 7.082 7.083 7.084 7.086 7.087 7.088 7.090 7.092 7.093 7.096 7.098 7.100 7.103 7.105 7.108 7.111 7.114 7.117 7.121 7.124 7.128 7.132 7.136 7.140 7.144 7.148 7.152 7.156 7.160 7.165 7.169 7.173 7.178 7.182 7.187 7.191 7.195 7.199 7.204 7.208 7.212 7.216 7.221
7.058 7.056 7.055 7.054 7.053 7.053 7.053 7.053 7.053 7.054 7.054 7.055 7.056 7.057 7.058 7.059 7.060 7.062 7.063 7.065 7.067 7.068 7.070 7.071 7.073 7.074 7.076 7.077 7.079 7.080 7.081 7.083 7.084 7.085 7.086 7.088 7.089 7.090 7.091 7.093 7.094 7.096 7.098 7.100 7.102 7.104 7.106 7.109 7.111 7.114 7.117 7.120 7.123 7.127 7.130 7.134 7.138 7.142 7.146 7.150 7.154 7.158 7.162 7.166 7.171 7.175 7.180 7.184 7.188 7.193 7.197 7.201 7.205 7.210 7.214 7.218 7.223
7.067 7.065 7.064 7.063 7.062 7.061 7.061 7.060 7.060 7.061 7.061 7.062 7.062 7.063 7.064 7.065 7.066 7.068 7.069 7.070 7.072 7.074 7.075 7.077 7.078 7.080 7.081 7.082 7.084 7.085 7.086 7.088 7.089 7.090 7.091 7.092 7.093 7.095 7.096 7.097 7.098 7.100 7.101 7.103 7.106 7.107 7.110 7.112 7.114 7.117 7.120 7.123 7.126 7.129 7.133 7.136 7.140 7.144 7.148 7.152 7.156 7.160 7.164 7.168 7.172 7.177 7.181 7.186 7.190 7.194 7.198 7.203 7.207 7.211 7.215 7.220 7.224
7.076 7.074 7.073 7.071 7.070 7.069 7.068 7.068 7.068 7.068 7.068 7.068 7.069 7.070 7.070 7.071 7.072 7.073 7.075 7.076 7.078 7.079 7.081 7.082 7.083 7.085 7.086 7.087 7.089 7.090 7.091 7.092 7.094 7.095 7.096 7.097 7.098 7.099 7.100 7.101 7.102 7.104 7.105 7.107 7.109 7.111 7.113 7.115 7.117 7.120 7.122 7.125 7.128 7.131 7.135 7.138 7.142 7.146 7.149 7.153 7.157 7.161 7.165 7.169 7.174 7.178 7.182 7.187 7.191 7.195 7.200 7.204 7.208 7.212 7.217 7.221 7.225
7.085 7.083 7.081 7.080 7.078 7.077 7.076 7.076 7.075 7.075 7.075 7.075 7.075 7.076 7.077 7.077 7.078 7.079 7.080 7.082 7.083 7.085 7.086 7.087 7.088 7.090 7.091 7.092 7.093 7.095 7.096 7.097 7.098 7.099 7.100 7.101 7.102 7.103 7.104 7.105 7.106 7.107 7.109 7.110 7.112 7.114 7.116 7.118 7.120 7.122 7.125 7.127 7.130 7.133 7.137 7.140 7.144 7.147 7.151 7.155 7.159 7.163 7.167 7.171 7.175 7.179 7.184 7.188 7.192 7.196 7.201 7.205 7.209 7.213 7.218 7.222 7.226
7.094 7.092 7.090 7.088 7.087 7.085 7.084 7.083 7.082 7.082 7.082 7.082 7.082 7.082 7.083 7.083 7.084 7.085 7.086 7.087 7.088 7.090 7.091 7.092 7.093 7.095 7.096 7.097 7.098 7.099 7.100 7.101 7.102 7.103 7.104 7.105 7.106 7.107 7.108 7.109 7.110 7.111 7.112 7.114 7.115 7.117 7.118 7.120 7.122 7.125 7.127 7.130 7.132 7.135 7.138 7.142 7.145 7.149 7.152 7.156 7.160 7.164 7.168 7.172 7.176 7.180 7.184 7.189 7.193 7.197 7.202 7.206 7.210 7.214 7.219 7.223 7.227
7.102 7.100 7.098 7.096 7.095 7.093 7.092 7.091 7.090 7.089 7.088 7.088 7.088 7.088 7.088 7.089 7.089 7.090 7.091 7.092 7.093 7.095 7.096 7.097 7.098 7.099 7.100 7.101 7.103 7.104 7.105 7.106 7.107 7.107 7.108 7.109 7.110 7.111 7.111 7.112 7.113 7.114 7.115 7.117 7.118 7.120 7.121 7.123 7.125 7.127 7.129 7.132 7.134 7.137 7.140 7.143 7.146 7.150 7.153 7.157 7.161 7.165 7.169 7.173 7.177 7.181 7.185 7.190 7.194 7.198 7.202 7.207 7.211 7.215 7.220 7.224 7.228
7.110 7.108 7.107 7.105 7.103 7.101 7.099 7.098 7.097 7.096 7.095 7.094 7.094 7.094 7.094 7.094 7.095 7.095 7.096 7.097 7.098 7.100 7.101 7.102 7.103 7.104 7.105 7.106 7.107 7.108 7.109 7.110 7.111 7.111 7.112 7.113 7.114 7.114 7.115 7.116 7.116 7.117 7.118 7.120 7.121 7.122 7.124 7.125 7.127 7.129 7.131 7.133 7.136 7.139 7.142 7.145 7.148 7.151 7.155 7.158 7.162 7.166 7.170 7.174 7.178 7.182 7.186 7.191 7.195 7.199 7.203 7.207 7.212 7.216 7.220 7.225 7.229
7.118 7.116 7.114 7.112 7.110 7.109 7.107 7.105 7.104 7.102 7.101 7.101 7.100 7.100 7.100 7.100 7.100 7.100 7.101 7.102 7.103 7.104 7.105 7.106 7.107 7.108 7.109 7.110 7.111 7.112 7.113 7.113 7.114 7.115 7.116 7.116 7.117 7.118 7.118 7.119 7.120 7.120 7.121 7.123 7.124 7.125 7.126 7.128 7.129 7.131 7.133 7.135 7.138 7.140 7.143 7.146 7.149 7.152 7.156 7.159 7.163 7.167 7.170 7.174 7.178 7.182 7.187 7.191 7.195 7.200 7.204 7.208 7.212 7.217 7.221 7.226 7.230
7.125 7.124 7.122 7.120 7.118 7.116 7.114 7.112 7.111 7.109 7.108 7.107 7.106 7.106 7.105 7.105 7.105 7.105 7.106 7.106 7.108 7.109 7.109 7.110 7.111 7.112 7.113 7.114 7.115 7.115 7.116 7.117 7.118 7.119 7.119 7.120 7.120 7.121 7.121 7.122 7.123 7.123 7.124 7.125 7.126 7.127 7.129 7.130 7.131 7.133 7.135 7.137 7.139 7.142 7.144 7.147 7.150 7.153 7.157 7.160 7.164 7.167 7.171 7.175 7.179 7.183 7.188 7.192 7.196 7.200 7.205 7.209 7.213 7.218 7.222 7.226 7.231
7.132 7.131 7.129 7.127 7.125 7.123 7.121 7.119 7.117 7.115 7.114 7.113 7.112 7.111 7.111 7.110 7.110 7.110 7.110 7.111 7.112 7.113 7.113 7.114 7.115 7.116 7.117 7.117 7.118 7.119 7.120 7.121 7.121 7.122 7.122 7.123 7.124 7.124 7.124 7.125 7.125 7.126 7.127 7.128 7.129 7.130 7.131 7.132 7.133 7.135 7.137 7.139 7.141 7.143 7.146 7.148 7.151 7.154 7.158 7.161 7.165 7.168 7.172 7.176 7.180 7.184 7.188 7.193 7.197 7.201 7.205 7.210 7.214 7.218 7.223 7.227 7.232
7.139 7.137 7.136 7.134 7.132 7.130 7.128 7.125 7.124 7.122 7.120 7.119 7.117 7.116 7.116 7.115 7.115 7.115 7.115 7.115 7.116 7.117 7.117 7.118 7.119 7.119 7.120 7.121 7.122 7.122 7.123 7.124 7.124 7.125 7.126 7.126 7.127 7.127 7.127 7.128 7.128 7.129 7.129 7.130 7.131 7.132 7.133 7.134 7.135 7.137 7.138 7.140 7.142 7.144 7.147 7.150 7.152 7.156 7.159 7.162 7.166 7.169 7.173 7.177 7.181 7.185 7.189 7.194 7.198 7.202 7.206 7.210 7.215 7.219 7.224 7.228 7.233
7.145 7.143 7.142 7.140 7.138 7.136 7.134 7.132 7.130 7.128 7.126 7.124 7.123 7.122 7.121 7.120 7.119 7.119 7.119 7.119 7.120 7.121 7.121 7.121 7.122 7.123 7.123 7.124 7.125 7.125 7.126 7.127 7.127 7.128 7.128 7.129 7.129 7.130 7.130 7.130 7.131 7.131 7.132 7.133 7.133 7.134 7.135 7.136 7.137 7.138 7.140 7.142 7.144 7.146 7.148 7.151 7.154 7.157 7.160 7.163 7.166 7.170 7.174 7.177 7.181 7.186 7.190 7.194 7.198 7.203 7.207 7.211 7.216 7.220 7.225 7.229 7.234
7.150 7.149 7.148 7.146 7.144 7.142 7.140 7.138 7.135 7.133 7.131 7.129 7.128 7.126 7.125 7.124 7.124 7.123 7.123 7.123 7.124 7.124 7.124 7.125 7.125 7.126 7.126 7.127 7.128 7.128 7.129 7.129 7.130 7.131 7.131 7.131 7.132 7.132 7.132 7.133 7.133 7.133 7.134 7.135 7.136 7.136 7.137 7.138 7.139 7.140 7.141 7.143 7.145 7.147 7.149 7.152 7.155 7.157 7.161 7.164 7.167 7.171 7.174 7.178 7.182 7.186 7.191 7.195 7.199 7.204 7.208 7.212 7.217 7.221 7.226 7.231 7.235
7.154 7.154 7.153 7.151 7.149 7.147 7.145 7.143 7.141 7.138 7.136 7.134 7.133 7.131 7.130 7.129 7.128 7.127 7.127 7.127 7.127 7.127 7.127 7.128 7.128 7.129 7.129 7.130 7.130 7.131 7.131 7.132 7.133 7.133 7.133 7.134 7.134 7.134 7.135 7.135 7.135 7.136 7.136 7.137 7.137 7.138 7.139 7.139 7.140 7.142 7.143 7.144 7.146 7.148 7.150 7.153 7.156 7.158 7.161 7.165 7.168 7.172 7.175 7.179 7.183 7.187 7.192 7.196 7.200 7.204 7.209 7.213 7.218 7.222 7.227 7.232 7.237
7.158 7.158 7.157 7.156 7.154 7.152 7.150 7.148 7.146 7.143 7.141 7.139 7.137 7.135 7.134 7.132 7.131 7.131 7.130 7.130 7.130 7.130 7.130 7.130 7.131 7.131 7.132 7.132 7.133 7.133 7.134 7.134 7.135 7.135 7.136 7.136 7.136 7.137 7.137 7.137 7.137 7.138 7.138 7.139 7.139 7.140 7.140 7.141 7.142 7.143 7.144 7.146 7.147 7.149 7.152 7.154 7.157 7.159 7.162 7.165 7.169 7.172 7.176 7.180 7.184 7.188 7.193 7.197 7.201 7.205 7.210 7.214 7.219 7.224 7.228 7.233 7.238
7.161 7.161 7.160 7.159 7.158 7.156 7.154 7.152 7.150 7.148 7.145 7.143 7.141 7.139 7.138 7.136 7.135 7.134 7.133 7.133 7.133 7.133 7.133 7.133 7.133 7.133 7.134 7.134 7.135 7.135 7.136 7.136 7.137 7.137 7.137 7.138 7.138 7.138 7.139 7.139 7.139 7.139 7.140 7.141 7.141 7.141 7.142 7.143 7.143 7.144 7.146 7.147 7.149 7.150 7.153 7.155 7.157 7.160 7.163 7.166 7.170 7.173 7.177 7.181 7.185 7.189 7.193 7.198 7.202 7.206 7.211 7.215 7.220 7.225 7.230 7.235 7.240
7.163 7.163 7.163 7.163 7.161 7.160 7.158 7.156 7.154 7.152 7.149 7.147 7.145 7.143 7.141 7.139 7.138 7.137 7.136 7.136 7.136 7.135 7.135 7.135 7.135 7.135 7.136 7.136 7.136 7.137 7.137 7.138 7.138 7.139 7.139 7.139 7.140 7.140 7.140 7.140 7.141 7.141 7.141 7.142 7.142 7.143 7.143 7.144 7.145 7.146 7.147 7.148 7.150 7.151 7.153 7.156 7.158 7.161 7.164 7.167 7.170 7.174 7.177 7.181 7.185 7.190 7.194 7.199 7.203 7.207 7.212 7.217 7.221 7.226 7.231 7.236 7.242
7.164 7.165 7.165 7.165 7.164 7.163 7.161 7.159 7.157 7.155 7.153 7.150 7.148 7.146 7.144 7.142 7.141 7.139 7.138 7.138 7.138 7.137 7.137 7.137 7.137 7.137 7.137 7.138 7.138 7.138 7.139 7.139 7.140 7.140 7.140 7.141 7.141 7.141 7.141 7.142 7.142 7.142 7.143 7.143 7.144 7.144 7.144 7.145 7.146 7.147 7.148 7.149 7.151 7.152 7.154 7.157 7.159 7.162 7.165 7.168 7.171 7.175 7.178 7.182 7.186 7.191 7.195 7.199 7.204 7.208 7.213 7.218 7.223 7.228 7.233 7.238 7.243
7.165 7.166 7.166 7.166 7.166 7.165 7.164 7.162 7.160 7.158 7.155 7.153 7.151 7.149 7.147 7.145 7.143 7.142 7.140 7.140 7.140 7.139 7.139 7.138 7.138 7.138 7.138 7.139 7.139 7.139 7.140 7.140 7.141 7.141 7.141 7.142 7.142 7.142 7.142 7.143 7.143 7.143 7.144 7.144 7.145 7.145 7.145 7.146 7.147 7.148 7.149 7.150 7.151 7.153 7.155 7.157 7.160 7.162 7.165 7.168 7.172 7.175 7.179 7.183 7.187 7.191 7.196 7.200 7.205 7.209 7.214 7.219 7.224 7.229 7.234 7.240 7.245
7.164 7.166 7.167 7.167 7.167 7.166 7.165 7.164 7.162 7.160 7.158 7.155 7.153 7.151 7.149 7.147 7.145 7.143 7.142 7.141 7.141 7.140 7.140 7.139 7.139 7.139 7.139 7.139 7.140 7.140 7.140 7.141 7.141 7.142 7.142 7.142 7.143 7.143 7.143 7.143 7.144 7.144 7.145 7.145 7.145 7.146 7.146 7.147 7.147 7.148 7.149 7.150 7.152 7.154 7.156 7.158 7.160 7.163 7.166 7.169 7.172 7.176 7.179 7.183 7.188 7.192 7.197 7.201 7.206 7.211 7.215 7.220 7.225 7.230 7.236 7.241 7.246
7.163 7.165 7.166 7.167 7.167 7.167 7.166 7.165 7.163 7.161 7.159 7.157 7.155 7.152 7.150 7.148 7.146 7.145 7.143 7.143 7.142 7.141 7.141 7.140 7.140 7.140 7.140 7.140 7.140 7.140 7.141 7.141 7.141 7.142 7.142 7.143 7.143 7.143 7.144 7.144 7.144 7.144 7.145 7.146 7.146 7.146 7.147 7.147 7.148 7.149 7.150 7.151 7.152 7.154 7.156 7.158 7.160 7.163 7.166 7.169 7.173 7.176 7.180 7.184 7.188 7.193 7.197 7.202 7.207 7.211 7.216 7.221 7.227 7.232 7.237 7.243 7.248
7.161 7.163 7.165 7.166 7.167 7.167 7.166 7.165 7.164 7.162 7.160 7.158 7.156 7.154 7.151 7.149 7.147 7.146 7.144 7.143 7.143 7.142 7.141 7.140 7.140 7.140 7.140 7.140 7.140 7.140 7.141 7.141 7.141 7.142 7.142 7.143 7.143 7.143 7.144 7.144 7.144 7.145 7.145 7.146 7.146 7.146 7.147 7.147 7.148 7.149 7.150 7.151 7.153 7.154 7.156 7.158 7.161 7.163 7.166 7.169 7.173 7.176 7.180 7.184 7.189 7.193 7.198 7.203 7.207 7.212 7.217 7.222 7.228 7.233 7.239 7.244 7.249
7.158 7.161 7.163 7.164 7.165 7.166 7.166 7.165 7.164 7.162 7.161 7.159 7.157 7.154 7.152 7.150 7.148 7.146 7.145 7.144 7.143 7.142 7.141 7.141 7.140 7.140 7.140 7.140 7.140 7.140 7.140 7.141 7.141 7.142 7.142 7.142 7.143 7.143 7.143 7.144 7.144 7.144 7.145 7.146 7.146 7.147 7.147 7.148 7.148 7.149 7.150 7.151 7.153 7.154 7.156 7.158 7.161 7.163 7.166 7.170 7.173 7.177 7.180 7.185 7.189 7.194 7.199 7.203 7.208 7.213 7.218 7.223 7.229 7.234 7.240 7.245 7.250
7.154 7.157 7.160 7.162 7.163 7.164 7.164 7.164 7.163 7.162 7.160 7.159 7.157 7.155 7.152 7.150 7.148 7.146 7.145 7.144 7.143 7.142 7.141 7.140 7.140 7.139 7.139 7.139 7.139 7.140 7.140 7.140 7.141 7.141 7.141 7.142 7.142 7.143 7.143 7.143 7.144 7.144 7.145 7.146 7.146 7.146 7.147 7.147 7.148 7.149 7.150 7.151 7.153 7.154 7.156 7.158 7.161 7.163 7.166 7.170 7.173 7.177 7.181 7.185 7.189 7.194 7.199 7.204 7.209 7.214 7.219 7.224 7.229 7.235 7.240 7.246 7.251
7.149 7.153 7.156 7.159 7.160 7.162 7.162 7.162 7.162 7.161 7.160 7.158 7.156 7.154 7.152 7.150 7.148 7.146 7.145 7.144 7.143 7.141 7.140 7.140 7.139 7.139 7.139 7.139 7.139 7.139 7.139 7.139 7.140 7.140 7.140 7.141 7.141 7.142 7.142 7.143 7.143 7.144 7.144 7.145 7.145 7.146 7.146 7.147 7.148 7.149 7.150 7.151 7.152 7.154 7.156 7.158 7.161 7.163 7.166 7.169 7.173 7.177 7.181 7.185 7.189 7.194 7.199 7.204 7.209 7.214 7.219 7.224 7.230 7.235 7.241 7.247 7.252
7.144 7.148 7.152 7.155 7.157 7.159 7.160 7.160 7.160 7.159 7.158 7.157 7.155 7.154 7.152 7.150 7.148 7.146 7.144 7.143 7.142 7.141 7.140 7.139 7.138 7.138 7.138 7.138 7.138 7.138 7.138 7.138 7.139 7.139 7.139 7.140 7.140 7.141 7.141 7.142 7.142 7.143 7.144 7.144 7.145 7.145 7.146 7.147 7.147 7.148 7.149 7.151 7.152 7.154 7.156 7.158 7.160 7.163 7.166 7.169 7.173 7.176 7.180 7.185 7.189 7.194 7.199 7.204 7.209 7.214 7.219 7.225 7.230 7.236 7.241 7.247 7.253
