version2/TsunamiDB/out54138.asc
ncols          264
nrows          230
xllcorner      497853.4375
yllcorner      4229146.0000
cellsize         5.
NODATA_value   -99
[rows 170 to 203 of 230, columns 0 to 76 of 264]
6.195 6.208 6.220 6.233 6.245 6.257 6.267 6.277 6.286 6.294 6.302 6.310 6.317 6.323 6.328 6.332 6.336 6.339 6.341 6.343 6.345 6.346 6.347 6.349 6.350 6.352 6.355 6.358 6.362 6.367 6.370 6.374 6.378 6.383 6.388 6.393 6.399 6.404 6.410 6.415 6.421 6.427 6.433 6.439 6.444 6.450 6.457 6.463 6.469 6.476 6.483 6.489 6.497 6.503 6.509 6.515 6.521 6.527 6.533 6.539 6.545 6.551 6.557 6.563 6.570 6.576 6.582 6.588 6.594 6.601 6.607 6.614 6.621 6.629 6.636 6.645 6.653
6.199 6.213 6.225 6.238 6.250 6.262 6.273 6.283 6.293 6.302 6.311 6.319 6.326 6.333 6.339 6.344 6.349 6.353 6.356 6.358 6.360 6.361 6.362 6.364 6.365 6.366 6.368 6.371 6.374 6.378 6.381 6.384 6.388 6.392 6.397 6.402 6.407 6.412 6.418 6.424 6.429 6.435 6.441 6.446 6.452 6.458 6.464 6.470 6.476 6.482 6.489 6.496 6.503 6.509 6.515 6.521 6.527 6.532 6.538 6.544 6.550 6.556 6.562 6.568 6.574 6.580 6.586 6.592 6.598 6.604 6.610 6.616 6.623 6.630 6.637 6.645 6.652
6.204 6.217 6.230 6.243 6.255 6.268 6.279 6.289 6.299 6.309 6.318 6.327 6.335 6.343 6.349 6.355 6.361 6.365 6.369 6.372 6.374 6.376 6.377 6.379 6.380 6.381 6.382 6.384 6.387 6.389 6.392 6.394 6.398 6.401 6.406 6.410 6.415 6.421 6.426 6.432 6.437 6.443 6.448 6.454 6.460 6.465 6.471 6.477 6.483 6.489 6.496 6.503 6.510 6.515 6.521 6.527 6.532 6.538 6.544 6.550 6.556 6.562 6.568 6.573 6.579 6.585 6.591 6.596 6.602 6.608 6.614 6.620 6.626 6.632 6.639 6.646 6.652
6.209 6.222 6.235 6.248 6.260 6.273 6.285 6.295 6.305 6.315 6.325 6.334 6.343 6.351 6.359 6.365 6.372 6.377 6.381 6.385 6.388 6.390 6.392 6.393 6.394 6.395 6.397 6.398 6.400 6.402 6.403 6.405 6.408 6.411 6.415 6.419 6.424 6.429 6.434 6.440 6.445 6.451 6.456 6.462 6.467 6.473 6.479 6.484 6.490 6.496 6.503 6.510 6.516 6.522 6.527 6.533 6.538 6.544 6.550 6.556 6.561 6.567 6.573 6.579 6.585 6.590 6.596 6.601 6.607 6.612 6.618 6.624 6.629 6.635 6.642 6.648 6.654
6.214 6.227 6.240 6.253 6.265 6.278 6.290 6.301 6.311 6.322 6.331 6.341 6.350 6.359 6.367 6.375 6.382 6.388 6.393 6.397 6.401 6.404 6.406 6.408 6.409 6.410 6.411 6.412 6.414 6.415 6.416 6.417 6.419 6.422 6.425 6.429 6.433 6.438 6.443 6.448 6.453 6.458 6.464 6.469 6.475 6.481 6.486 6.492 6.498 6.504 6.510 6.517 6.523 6.528 6.533 6.539 6.544 6.550 6.556 6.561 6.567 6.573 6.579 6.584 6.590 6.596 6.601 6.607 6.612 6.617 6.623 6.628 6.634 6.639 6.645 6.652 6.657
6.218 6.231 6.245 6.258 6.270 6.283 6.295 6.306 6.317 6.327 6.338 6.348 6.357 6.366 6.375 6.383 6.391 6.397 6.403 6.409 6.413 6.417 6.420 6.422 6.423 6.425 6.426 6.427 6.428 6.428 6.429 6.429 6.431 6.433 6.435 6.438 6.442 6.446 6.451 6.456 6.461 6.466 6.472 6.477 6.483 6.488 6.494 6.499 6.505 6.511 6.517 6.524 6.529 6.535 6.540 6.545 6.551 6.556 6.562 6.567 6.573 6.579 6.585 6.590 6.596 6.601 6.607 6.612 6.618 6.623 6.628 6.633 6.639 6.644 6.650 6.656 6.661
6.223 6.236 6.249 6.262 6.275 6.288 6.300 6.311 6.322 6.333 6.344 6.354 6.364 6.373 6.382 6.391 6.399 6.407 6.413 6.419 6.424 6.429 6.432 6.435 6.437 6.439 6.440 6.441 6.442 6.442 6.442 6.442 6.443 6.444 6.446 6.449 6.452 6.456 6.460 6.464 6.469 6.474 6.480 6.485 6.490 6.496 6.501 6.507 6.513 6.518 6.524 6.531 6.536 6.541 6.547 6.552 6.557 6.562 6.568 6.574 6.579 6.585 6.590 6.596 6.602 6.607 6.613 6.618 6.623 6.629 6.634 6.639 6.644 6.649 6.655 6.660 6.665
6.227 6.241 6.254 6.267 6.280 6.293 6.305 6.317 6.328 6.338 6.349 6.360 6.370 6.380 6.389 6.399 6.407 6.415 6.422 6.429 6.435 6.440 6.444 6.448 6.450 6.453 6.454 6.455 6.456 6.457 6.456 6.456 6.456 6.456 6.458 6.460 6.462 6.465 6.469 6.473 6.478 6.482 6.487 6.493 6.498 6.503 6.509 6.514 6.520 6.526 6.532 6.538 6.543 6.548 6.553 6.558 6.564 6.569 6.574 6.580 6.585 6.591 6.597 6.602 6.608 6.613 6.619 6.624 6.629 6.634 6.639 6.645 6.650 6.655 6.660 6.666 6.670
6.232 6.245 6.259 6.272 6.285 6.298 6.310 6.322 6.333 6.344 6.355 6.365 6.376 6.386 6.396 6.406 6.415 6.423 6.431 6.438 6.445 6.450 6.455 6.460 6.463 6.466 6.468 6.469 6.471 6.471 6.470 6.470 6.469 6.469 6.470 6.471 6.473 6.475 6.478 6.482 6.486 6.491 6.496 6.501 6.506 6.511 6.516 6.522 6.527 6.533 6.539 6.545 6.550 6.555 6.560 6.565 6.570 6.575 6.581 6.586 6.592 6.597 6.603 6.608 6.614 6.619 6.625 6.630 6.635 6.640 6.645 6.651 6.656 6.661 6.666 6.671 6.675
6.236 6.250 6.263 6.276 6.290 6.303 6.315 6.326 6.338 6.349 6.360 6.371 6.382 6.392 6.402 6.412 6.422 6.431 6.439 6.447 6.454 6.460 6.466 6.471 6.475 6.478 6.481 6.483 6.485 6.485 6.485 6.484 6.483 6.483 6.483 6.483 6.485 6.486 6.489 6.492 6.495 6.499 6.504 6.509 6.514 6.519 6.524 6.529 6.535 6.540 6.546 6.552 6.558 6.562 6.567 6.572 6.577 6.582 6.587 6.592 6.598 6.603 6.609 6.614 6.620 6.625 6.631 6.636 6.641 6.647 6.652 6.657 6.662 6.667 6.672 6.677 6.681
6.240 6.254 6.267 6.281 6.294 6.307 6.320 6.331 6.342 6.354 6.365 6.376 6.387 6.398 6.408 6.419 6.428 6.438 6.446 6.455 6.462 6.469 6.476 6.481 6.486 6.490 6.494 6.496 6.498 6.499 6.499 6.498 6.498 6.497 6.496 6.496 6.497 6.498 6.500 6.502 6.505 6.509 6.513 6.517 6.522 6.527 6.532 6.537 6.542 6.548 6.553 6.559 6.565 6.569 6.574 6.579 6.584 6.589 6.594 6.599 6.604 6.610 6.615 6.621 6.626 6.632 6.637 6.642 6.648 6.653 6.658 6.663 6.668 6.673 6.678 6.683 6.687
6.244 6.258 6.271 6.285 6.298 6.312 6.324 6.335 6.347 6.358 6.370 6.381 6.392 6.403 6.414 6.425 6.435 6.444 6.453 6.462 6.470 6.478 6.485 6.491 6.497 6.502 6.506 6.509 6.512 6.513 6.513 6.513 6.512 6.511 6.510 6.510 6.510 6.510 6.511 6.513 6.515 6.518 6.522 6.526 6.530 6.535 6.539 6.545 6.550 6.555 6.561 6.567 6.572 6.577 6.581 6.586 6.591 6.596 6.601 6.606 6.611 6.616 6.622 6.627 6.632 6.638 6.643 6.649 6.654 6.659 6.664 6.669 6.674 6.679 6.684 6.689 6.693
6.248 6.262 6.275 6.289 6.302 6.316 6.328 6.340 6.351 6.363 6.374 6.386 6.397 6.408 6.419 6.430 6.440 6.450 6.460 6.469 6.478 6.486 6.493 6.500 6.507 6.512 6.517 6.521 6.524 6.527 6.527 6.527 6.526 6.526 6.525 6.524 6.523 6.523 6.524 6.525 6.526 6.529 6.531 6.535 6.539 6.543 6.548 6.552 6.557 6.563 6.568 6.574 6.579 6.584 6.588 6.593 6.598 6.602 6.607 6.612 6.617 6.623 6.628 6.633 6.639 6.644 6.649 6.655 6.660 6.665 6.670 6.675 6.680 6.685 6.691 6.695 6.699
6.252 6.265 6.279 6.293 6.306 6.320 6.332 6.343 6.355 6.367 6.379 6.390 6.402 6.413 6.424 6.435 6.446 6.456 6.466 6.476 6.485 6.493 6.501 6.509 6.516 6.522 6.527 6.532 6.536 6.539 6.540 6.541 6.541 6.540 6.539 6.538 6.537 6.537 6.537 6.537 6.538 6.540 6.542 6.545 6.548 6.552 6.556 6.561 6.565 6.570 6.576 6.582 6.587 6.591 6.596 6.600 6.605 6.610 6.614 6.619 6.624 6.629 6.635 6.640 6.645 6.651 6.656 6.661 6.666 6.672 6.677 6.682 6.687 6.692 6.697 6.702 6.706
6.255 6.269 6.283 6.296 6.310 6.323 6.335 6.347 6.359 6.371 6.383 6.395 6.406 6.418 6.429 6.440 6.451 6.462 6.472 6.482 6.491 6.500 6.509 6.517 6.524 6.531 6.537 6.543 6.548 6.551 6.553 6.554 6.555 6.554 6.554 6.553 6.552 6.551 6.550 6.550 6.550 6.551 6.553 6.555 6.558 6.561 6.565 6.569 6.574 6.578 6.584 6.589 6.594 6.599 6.603 6.608 6.612 6.617 6.621 6.626 6.631 6.636 6.641 6.647 6.652 6.657 6.662 6.668 6.673 6.678 6.683 6.688 6.693 6.698 6.704 6.708 6.712
6.259 6.272 6.286 6.300 6.314 6.327 6.339 6.351 6.363 6.375 6.387 6.398 6.410 6.422 6.433 6.445 6.456 6.467 6.477 6.487 6.497 6.507 6.516 6.524 6.532 6.540 6.546 6.553 6.558 6.563 6.565 6.567 6.568 6.568 6.568 6.567 6.566 6.565 6.565 6.564 6.564 6.564 6.565 6.566 6.568 6.571 6.574 6.578 6.582 6.587 6.592 6.597 6.602 6.606 6.611 6.615 6.619 6.624 6.629 6.633 6.638 6.643 6.648 6.653 6.658 6.664 6.669 6.674 6.679 6.684 6.690 6.695 6.700 6.705 6.710 6.715 6.719
6.262 6.275 6.289 6.303 6.317 6.330 6.342 6.354 6.366 6.378 6.390 6.402 6.414 6.426 6.437 6.449 6.460 6.471 6.482 6.492 6.503 6.512 6.522 6.531 6.539 6.547 6.555 6.562 6.568 6.573 6.576 6.579 6.581 6.582 6.582 6.582 6.581 6.580 6.579 6.578 6.577 6.577 6.577 6.578 6.579 6.581 6.584 6.587 6.591 6.595 6.600 6.605 6.610 6.614 6.618 6.622 6.627 6.631 6.636 6.641 6.645 6.650 6.655 6.660 6.665 6.670 6.676 6.681 6.686 6.691 6.696 6.701 6.706 6.711 6.717 6.722 6.726
6.265 6.279 6.292 6.306 6.320 6.333 6.345 6.357 6.369 6.381 6.394 6.406 6.418 6.429 6.441 6.453 6.464 6.475 6.486 6.497 6.508 6.518 6.527 6.537 6.546 6.554 6.563 6.570 6.577 6.583 6.587 6.590 6.592 6.594 6.595 6.595 6.595 6.594 6.593 6.592 6.591 6.590 6.590 6.590 6.591 6.592 6.594 6.597 6.600 6.604 6.609 6.613 6.618 6.622 6.626 6.630 6.634 6.639 6.643 6.648 6.653 6.657 6.662 6.667 6.672 6.677 6.682 6.687 6.693 6.698 6.703 6.708 6.713 6.718 6.723 6.728 6.732
6.268 6.282 6.295 6.309 6.323 6.336 6.348 6.360 6.372 6.385 6.397 6.409 6.421 6.433 6.445 6.457 6.468 6.479 6.491 6.502 6.512 6.523 6.533 6.542 6.552 6.561 6.570 6.578 6.586 6.591 6.596 6.600 6.604 6.606 6.608 6.609 6.609 6.609 6.608 6.607 6.606 6.604 6.604 6.603 6.603 6.604 6.605 6.607 6.610 6.613 6.618 6.622 6.626 6.630 6.634 6.638 6.642 6.646 6.651 6.655 6.660 6.665 6.670 6.674 6.679 6.684 6.689 6.694 6.699 6.704 6.709 6.715 6.720 6.725 6.730 6.735 6.739
6.271 6.284 6.298 6.312 6.326 6.339 6.351 6.363 6.375 6.388 6.400 6.412 6.424 6.436 6.448 6.460 6.472 6.483 6.495 6.506 6.517 6.527 6.538 6.548 6.557 6.567 6.576 6.585 6.593 6.599 6.605 6.610 6.614 6.617 6.620 6.621 6.622 6.622 6.622 6.621 6.620 6.619 6.618 6.617 6.616 6.616 6.617 6.618 6.620 6.623 6.627 6.631 6.635 6.638 6.642 6.646 6.650 6.654 6.659 6.663 6.668 6.672 6.677 6.682 6.687 6.691 6.696 6.701 6.706 6.711 6.716 6.721 6.727 6.732 6.737 6.742 6.746
6.274 6.287 6.301 6.315 6.329 6.342 6.354 6.366 6.378 6.391 6.403 6.415 6.427 6.439 6.451 6.463 6.475 6.487 6.498 6.509 6.521 6.531 6.542 6.552 6.563 6.572 6.582 6.591 6.600 6.607 6.613 6.618 6.623 6.627 6.631 6.633 6.635 6.635 6.636 6.635 6.634 6.633 6.632 6.631 6.630 6.629 6.629 6.630 6.631 6.634 6.637 6.641 6.643 6.647 6.650 6.654 6.658 6.662 6.666 6.671 6.675 6.680 6.684 6.689 6.694 6.699 6.704 6.708 6.713 6.718 6.723 6.728 6.733 6.739 6.744 6.749 6.753
6.276 6.290 6.304 6.318 6.332 6.345 6.357 6.369 6.381 6.394 6.406 6.418 6.430 6.443 6.455 6.467 6.479 6.490 6.502 6.513 6.524 6.535 6.546 6.557 6.567 6.577 6.587 6.597 6.606 6.613 6.620 6.626 6.632 6.637 6.641 6.644 6.646 6.648 6.649 6.649 6.648 6.647 6.646 6.645 6.643 6.642 6.642 6.642 6.643 6.645 6.647 6.650 6.653 6.655 6.659 6.662 6.666 6.670 6.674 6.678 6.683 6.687 6.692 6.697 6.701 6.706 6.711 6.716 6.720 6.725 6.730 6.735 6.740 6.746 6.751 6.756 6.760
6.279 6.293 6.307 6.321 6.335 6.348 6.360 6.372 6.384 6.397 6.409 6.421 6.434 6.446 6.458 6.470 6.482 6.494 6.505 6.517 6.528 6.539 6.550 6.561 6.572 6.582 6.592 6.602 6.611 6.619 6.627 6.634 6.640 6.645 6.650 6.654 6.657 6.659 6.661 6.662 6.662 6.661 6.660 6.659 6.657 6.656 6.655 6.655 6.655 6.656 6.658 6.660 6.662 6.664 6.667 6.671 6.674 6.678 6.682 6.686 6.691 6.695 6.700 6.704 6.709 6.713 6.718 6.723 6.728 6.733 6.737 6.742 6.748 6.753 6.758 6.763 6.767
6.282 6.296 6.310 6.324 6.338 6.351 6.363 6.375 6.388 6.400 6.412 6.425 6.437 6.449 6.461 6.473 6.485 6.497 6.509 6.520 6.532 6.543 6.554 6.565 6.576 6.586 6.597 6.607 6.617 6.625 6.633 6.640 6.647 6.653 6.658 6.663 6.667 6.670 6.673 6.674 6.675 6.675 6.674 6.673 6.671 6.670 6.669 6.668 6.667 6.668 6.669 6.671 6.672 6.674 6.676 6.679 6.682 6.686 6.690 6.694 6.698 6.703 6.707 6.712 6.716 6.721 6.726 6.730 6.735 6.740 6.745 6.750 6.755 6.760 6.765 6.770 6.774
6.285 6.299 6.313 6.327 6.341 6.354 6.366 6.378 6.391 6.403 6.415 6.428 6.440 6.452 6.464 6.476 6.488 6.500 6.512 6.524 6.535 6.547 6.558 6.569 6.580 6.591 6.601 6.612 6.622 6.630 6.639 6.646 6.654 6.660 6.666 6.672 6.676 6.680 6.683 6.686 6.687 6.687 6.687 6.686 6.685 6.684 6.682 6.681 6.680 6.680 6.681 6.682 6.682 6.684 6.686 6.688 6.691 6.694 6.698 6.702 6.706 6.710 6.715 6.719 6.724 6.728 6.733 6.738 6.742 6.747 6.752 6.757 6.762 6.767 6.772 6.777 6.781
6.289 6.302 6.316 6.330 6.344 6.357 6.369 6.382 6.394 6.406 6.419 6.431 6.443 6.456 6.468 6.480 6.492 6.504 6.516 6.527 6.539 6.550 6.562 6.573 6.584 6.595 6.606 6.616 6.626 6.635 6.644 6.652 6.660 6.667 6.674 6.680 6.685 6.690 6.693 6.696 6.698 6.700 6.700 6.700 6.699 6.698 6.696 6.695 6.694 6.693 6.693 6.693 6.693 6.694 6.695 6.697 6.700 6.703 6.706 6.710 6.714 6.718 6.722 6.727 6.731 6.736 6.740 6.745 6.750 6.754 6.759 6.764 6.769 6.775 6.780 6.784 6.788
6.292 6.306 6.320 6.334 6.347 6.361 6.373 6.385 6.397 6.410 6.422 6.434 6.447 6.459 6.471 6.483 6.495 6.507 6.519 6.531 6.543 6.554 6.565 6.577 6.588 6.599 6.610 6.621 6.631 6.640 6.649 6.658 6.666 6.673 6.680 6.687 6.693 6.698 6.703 6.706 6.709 6.711 6.712 6.713 6.712 6.711 6.710 6.708 6.707 6.706 6.705 6.705 6.705 6.705 6.705 6.707 6.709 6.711 6.715 6.718 6.722 6.726 6.730 6.734 6.739 6.743 6.748 6.752 6.757 6.762 6.766 6.771 6.776 6.782 6.787 6.791 6.795
6.295 6.309 6.323 6.337 6.351 6.364 6.376 6.388 6.401 6.413 6.426 6.438 6.450 6.463 6.475 6.487 6.499 6.511 6.523 6.535 6.546 6.558 6.569 6.581 6.592 6.603 6.614 6.625 6.636 6.645 6.654 6.663 6.671 6.679 6.687 6.694 6.701 6.706 6.712 6.716 6.720 6.722 6.724 6.725 6.725 6.724 6.723 6.722 6.721 6.719 6.718 6.717 6.716 6.716 6.716 6.717 6.718 6.720 6.723 6.726 6.730 6.734 6.738 6.742 6.746 6.751 6.755 6.760 6.764 6.769 6.774 6.779 6.784 6.789 6.794 6.798 6.802
6.298 6.312 6.326 6.340 6.354 6.367 6.380 6.392 6.404 6.417 6.429 6.442 6.454 6.466 6.479 6.491 6.503 6.515 6.527 6.539 6.550 6.562 6.573 6.585 6.596 6.607 6.618 6.630 6.640 6.650 6.659 6.668 6.677 6.685 6.693 6.701 6.708 6.714 6.720 6.725 6.729 6.733 6.735 6.737 6.737 6.737 6.737 6.736 6.734 6.733 6.732 6.730 6.729 6.728 6.727 6.727 6.728 6.730 6.732 6.735 6.738 6.741 6.745 6.749 6.754 6.758 6.762 6.767 6.772 6.776 6.781 6.786 6.791 6.796 6.801 6.805 6.809
6.301 6.316 6.330 6.344 6.358 6.371 6.383 6.396 6.408 6.420 6.433 6.445 6.458 6.470 6.482 6.495 6.507 6.519 6.531 6.543 6.554 6.566 6.577 6.589 6.600 6.612 6.623 6.634 6.645 6.655 6.664 6.673 6.682 6.691 6.699 6.707 6.715 6.722 6.728 6.734 6.738 6.742 6.746 6.748 6.749 6.750 6.750 6.749 6.748 6.746 6.745 6.743 6.741 6.740 6.739 6.738 6.738 6.739 6.741 6.743 6.746 6.749 6.753 6.757 6.761 6.765 6.770 6.774 6.779 6.783 6.788 6.793 6.798 6.803 6.808 6.812 6.816
6.305 6.319 6.333 6.347 6.361 6.374 6.387 6.399 6.412 6.424 6.437 6.449 6.462 6.474 6.486 6.499 6.511 6.523 6.535 6.547 6.558 6.570 6.582 6.593 6.605 6.616 6.627 6.639 6.650 6.660 6.669 6.679 6.688 6.697 6.705 6.713 6.721 6.729 6.735 6.742 6.747 6.752 6.756 6.759 6.761 6.762 6.762 6.762 6.761 6.760 6.759 6.757 6.755 6.752 6.751 6.750 6.749 6.750 6.751 6.753 6.755 6.758 6.761 6.765 6.769 6.773 6.777 6.782 6.786 6.791 6.795 6.800 6.805 6.810 6.815 6.819 6.823
6.308 6.322 6.336 6.351 6.365 6.378 6.390 6.403 6.415 6.428 6.441 6.453 6.466 6.478 6.490 6.503 6.515 6.527 6.539 6.551 6.563 6.574 6.586 6.598 6.609 6.621 6.632 6.644 6.655 6.665 6.674 6.684 6.693 6.702 6.711 6.720 6.728 6.736 6.743 6.750 6.756 6.761 6.765 6.769 6.772 6.774 6.775 6.775 6.774 6.773 6.772 6.771 6.768 6.765 6.763 6.762 6.761 6.760 6.761 6.762 6.764 6.766 6.769 6.773 6.777 6.780 6.785 6.789 6.793 6.798 6.802 6.807 6.812 6.817 6.822 6.826 6.830
6.311 6.325 6.340 6.354 6.368 6.381 6.394 6.406 6.419 6.432 6.444 6.457 6.470 6.482 6.494 6.507 6.519 6.531 6.543 6.555 6.567 6.579 6.590 6.602 6.614 6.625 6.637 6.649 6.660 6.670 6.679 6.689 6.699 6.708 6.717 6.726 6.734 6.742 6.750 6.757 6.764 6.770 6.775 6.779 6.782 6.785 6.786 6.787 6.787 6.787 6.786 6.784 6.782 6.779 6.776 6.774 6.773 6.772 6.772 6.772 6.774 6.776 6.778 6.781 6.785 6.788 6.792 6.796 6.801 6.805 6.810 6.814 6.819 6.824 6.829 6.833 6.837
6.314 6.328 6.343 6.358 6.371 6.384 6.397 6.410 6.423 6.435 6.448 6.461 6.473 6.486 6.498 6.511 6.523 6.535 6.547 6.559 6.571 6.583 6.595 6.607 6.618 6.630 6.642 6.654 6.665 6.675 6.685 6.694 6.704 6.714 6.723 6.732 6.741 6.749 6.757 6.765 6.772 6.778 6.784 6.788 6.792 6.796 6.798 6.799 6.800 6.800 6.800 6.798 6.796 6.793 6.790 6.787 6.785 6.784 6.783 6.783 6.784 6.785 6.787 6.790 6.793 6.796 6.800 6.804 6.808 6.812 6.817 6.821 6.826 6.831 6.836 6.840 6.844
