version2/TsunamiDB/out54104.asc
ncols          264
nrows          230
xllcorner      497853.4375
yllcorner      4229146.0000
cellsize         5.
NODATA_value   -99
[rows 68 to 101 of 230, columns 77 to 153 of 264]
5.690 5.705 5.721 5.737 5.753 5.767 5.782 5.797 5.813 5.829 5.844 5.860 5.875 5.890 5.905 5.920 5.935 5.949 5.963 5.977 5.990 6.004 6.017 6.030 6.042 6.055 6.068 6.080 6.091 6.102 6.114 6.126 6.138 6.150 6.162 6.174 6.186 6.198 6.210 6.222 6.233 6.244 6.255 6.266 6.276 6.285 6.294 6.303 6.312 6.320 6.327 6.333 6.339 6.346 6.352 6.359 6.367 6.374 6.382 6.390 6.399 6.408 6.418 6.428 6.438 6.448 6.459 6.469 6.480 6.491 6.502 6.514 6.525 6.535 6.545 6.554 6.563
5.700 5.715 5.730 5.745 5.760 5.774 5.789 5.804 5.819 5.834 5.850 5.865 5.880 5.895 5.910 5.925 5.940 5.954 5.968 5.982 5.996 6.009 6.023 6.036 6.049 6.061 6.074 6.086 6.097 6.108 6.119 6.131 6.143 6.155 6.167 6.179 6.191 6.202 6.214 6.226 6.237 6.249 6.260 6.270 6.281 6.290 6.300 6.309 6.318 6.327 6.334 6.340 6.347 6.353 6.360 6.367 6.374 6.381 6.389 6.397 6.405 6.414 6.423 6.433 6.443 6.453 6.464 6.474 6.485 6.496 6.507 6.518 6.530 6.540 6.549 6.559 6.568
5.710 5.725 5.740 5.754 5.768 5.782 5.796 5.810 5.825 5.840 5.855 5.870 5.886 5.901 5.915 5.930 5.945 5.959 5.974 5.988 6.001 6.015 6.028 6.041 6.054 6.067 6.080 6.092 6.102 6.113 6.125 6.136 6.148 6.159 6.171 6.183 6.195 6.207 6.218 6.230 6.242 6.253 6.264 6.275 6.285 6.295 6.305 6.315 6.324 6.333 6.340 6.347 6.353 6.360 6.367 6.373 6.381 6.388 6.395 6.403 6.411 6.420 6.429 6.438 6.448 6.458 6.468 6.479 6.490 6.501 6.512 6.523 6.534 6.544 6.554 6.564 6.573
5.722 5.736 5.750 5.764 5.778 5.790 5.804 5.818 5.833 5.847 5.862 5.876 5.891 5.906 5.921 5.935 5.950 5.964 5.979 5.993 6.007 6.020 6.034 6.047 6.060 6.073 6.085 6.097 6.108 6.119 6.130 6.142 6.153 6.165 6.176 6.188 6.199 6.211 6.223 6.234 6.246 6.257 6.268 6.279 6.290 6.300 6.310 6.320 6.329 6.338 6.346 6.353 6.360 6.366 6.373 6.380 6.387 6.394 6.402 6.410 6.418 6.426 6.435 6.444 6.453 6.463 6.473 6.484 6.494 6.505 6.516 6.527 6.539 6.549 6.559 6.568 6.578
5.735 5.748 5.762 5.775 5.788 5.800 5.813 5.827 5.841 5.855 5.869 5.883 5.897 5.912 5.926 5.941 5.955 5.969 5.984 5.998 6.012 6.025 6.039 6.052 6.065 6.078 6.091 6.102 6.113 6.124 6.136 6.147 6.158 6.170 6.181 6.193 6.204 6.216 6.227 6.239 6.250 6.261 6.273 6.284 6.294 6.305 6.315 6.325 6.334 6.344 6.352 6.359 6.366 6.373 6.380 6.387 6.394 6.401 6.408 6.416 6.424 6.432 6.440 6.449 6.459 6.468 6.478 6.488 6.499 6.510 6.521 6.532 6.543 6.554 6.563 6.573 6.583
5.749 5.762 5.775 5.788 5.800 5.811 5.824 5.837 5.850 5.863 5.877 5.890 5.904 5.918 5.932 5.947 5.961 5.975 5.989 6.003 6.017 6.030 6.044 6.057 6.070 6.083 6.096 6.108 6.119 6.130 6.141 6.152 6.164 6.175 6.186 6.198 6.209 6.221 6.232 6.243 6.255 6.266 6.277 6.288 6.299 6.310 6.320 6.330 6.340 6.349 6.358 6.365 6.372 6.379 6.386 6.393 6.401 6.408 6.415 6.422 6.430 6.438 6.446 6.455 6.464 6.473 6.483 6.493 6.504 6.514 6.525 6.536 6.548 6.558 6.568 6.578 6.588
5.763 5.776 5.788 5.801 5.812 5.823 5.835 5.847 5.860 5.873 5.886 5.899 5.912 5.926 5.939 5.953 5.967 5.981 5.994 6.008 6.022 6.036 6.049 6.062 6.075 6.088 6.101 6.113 6.124 6.135 6.146 6.158 6.169 6.180 6.192 6.203 6.214 6.226 6.237 6.248 6.260 6.271 6.282 6.293 6.304 6.315 6.325 6.335 6.345 6.355 6.363 6.371 6.378 6.386 6.393 6.400 6.407 6.414 6.422 6.429 6.436 6.444 6.452 6.461 6.470 6.479 6.488 6.498 6.509 6.519 6.530 6.541 6.552 6.563 6.573 6.583 6.593
5.778 5.791 5.803 5.815 5.826 5.837 5.848 5.859 5.871 5.883 5.896 5.908 5.921 5.934 5.947 5.960 5.974 5.987 6.001 6.014 6.028 6.041 6.054 6.067 6.081 6.094 6.106 6.118 6.129 6.141 6.152 6.163 6.175 6.186 6.197 6.208 6.220 6.231 6.242 6.253 6.265 6.276 6.287 6.298 6.309 6.320 6.330 6.340 6.351 6.360 6.369 6.377 6.385 6.392 6.399 6.407 6.414 6.421 6.428 6.436 6.443 6.451 6.459 6.467 6.476 6.485 6.494 6.504 6.514 6.524 6.535 6.546 6.557 6.568 6.578 6.588 6.598
5.793 5.806 5.818 5.830 5.840 5.851 5.861 5.873 5.884 5.895 5.907 5.919 5.931 5.943 5.956 5.969 5.981 5.994 6.007 6.021 6.034 6.047 6.060 6.073 6.086 6.099 6.112 6.124 6.135 6.146 6.157 6.169 6.180 6.191 6.203 6.214 6.225 6.236 6.247 6.259 6.270 6.281 6.292 6.303 6.314 6.325 6.335 6.346 6.356 6.366 6.375 6.383 6.391 6.399 6.406 6.414 6.421 6.428 6.435 6.443 6.450 6.458 6.465 6.473 6.482 6.491 6.500 6.509 6.519 6.529 6.540 6.551 6.562 6.573 6.583 6.593 6.604
5.808 5.821 5.833 5.844 5.855 5.865 5.876 5.886 5.897 5.908 5.919 5.931 5.942 5.954 5.966 5.978 5.990 6.003 6.015 6.028 6.041 6.053 6.066 6.079 6.092 6.105 6.117 6.129 6.140 6.151 6.163 6.174 6.186 6.197 6.208 6.219 6.231 6.242 6.253 6.264 6.275 6.286 6.297 6.308 6.319 6.330 6.341 6.351 6.362 6.372 6.381 6.389 6.397 6.405 6.413 6.421 6.428 6.436 6.443 6.450 6.457 6.465 6.472 6.480 6.488 6.497 6.506 6.515 6.525 6.535 6.546 6.557 6.568 6.579 6.589 6.599 6.609
5.823 5.835 5.847 5.859 5.870 5.880 5.891 5.901 5.912 5.922 5.933 5.944 5.954 5.966 5.977 5.988 6.000 6.012 6.024 6.036 6.048 6.061 6.073 6.086 6.098 6.111 6.124 6.135 6.146 6.157 6.169 6.180 6.191 6.203 6.214 6.225 6.236 6.247 6.258 6.269 6.280 6.292 6.303 6.314 6.325 6.336 6.346 6.357 6.368 6.378 6.388 6.396 6.404 6.412 6.420 6.428 6.436 6.443 6.451 6.458 6.465 6.472 6.480 6.488 6.496 6.504 6.513 6.522 6.531 6.541 6.552 6.563 6.574 6.584 6.595 6.605 6.615
5.837 5.849 5.862 5.874 5.885 5.895 5.906 5.916 5.926 5.937 5.947 5.957 5.968 5.978 5.989 6.000 6.011 6.022 6.033 6.045 6.057 6.069 6.081 6.093 6.105 6.118 6.130 6.142 6.152 6.163 6.175 6.186 6.197 6.209 6.220 6.231 6.242 6.253 6.264 6.275 6.286 6.297 6.308 6.319 6.330 6.341 6.352 6.363 6.374 6.384 6.394 6.402 6.411 6.419 6.428 6.436 6.443 6.451 6.459 6.466 6.473 6.480 6.488 6.495 6.503 6.511 6.520 6.529 6.538 6.548 6.558 6.569 6.580 6.591 6.601 6.611 6.622
5.850 5.863 5.876 5.888 5.900 5.910 5.920 5.931 5.941 5.951 5.962 5.972 5.982 5.992 6.002 6.012 6.023 6.033 6.044 6.055 6.067 6.078 6.090 6.101 6.113 6.125 6.137 6.149 6.159 6.170 6.181 6.192 6.204 6.215 6.226 6.237 6.248 6.259 6.270 6.281 6.292 6.303 6.314 6.325 6.336 6.347 6.358 6.369 6.380 6.391 6.400 6.409 6.418 6.426 6.435 6.443 6.451 6.459 6.467 6.474 6.482 6.489 6.496 6.504 6.511 6.519 6.528 6.537 6.546 6.555 6.566 6.576 6.587 6.598 6.608 6.618 6.629
5.862 5.876 5.889 5.902 5.913 5.924 5.935 5.946 5.956 5.966 5.976 5.986 5.996 6.006 6.016 6.026 6.036 6.046 6.056 6.067 6.077 6.088 6.099 6.111 6.122 6.134 6.145 6.156 6.167 6.177 6.188 6.199 6.210 6.222 6.233 6.244 6.255 6.265 6.276 6.287 6.298 6.309 6.320 6.331 6.342 6.353 6.364 6.375 6.386 6.397 6.407 6.416 6.425 6.434 6.442 6.451 6.459 6.467 6.475 6.483 6.490 6.498 6.505 6.512 6.520 6.528 6.536 6.545 6.554 6.563 6.573 6.584 6.594 6.605 6.615 6.625 6.636
5.873 5.887 5.901 5.914 5.926 5.937 5.949 5.960 5.970 5.981 5.991 6.001 6.011 6.021 6.030 6.040 6.049 6.059 6.069 6.079 6.089 6.099 6.110 6.121 6.132 6.143 6.154 6.165 6.175 6.185 6.196 6.207 6.218 6.229 6.240 6.251 6.261 6.272 6.283 6.294 6.305 6.315 6.326 6.337 6.348 6.359 6.370 6.381 6.392 6.403 6.413 6.422 6.431 6.441 6.450 6.459 6.467 6.476 6.484 6.492 6.499 6.507 6.514 6.522 6.529 6.537 6.545 6.553 6.562 6.571 6.581 6.591 6.602 6.612 6.622 6.633 6.643
5.884 5.899 5.913 5.926 5.939 5.950 5.962 5.973 5.984 5.995 6.006 6.016 6.026 6.035 6.045 6.054 6.063 6.073 6.082 6.092 6.102 6.112 6.122 6.132 6.143 6.153 6.164 6.174 6.184 6.194 6.204 6.215 6.226 6.237 6.247 6.258 6.269 6.279 6.290 6.301 6.311 6.322 6.333 6.344 6.354 6.365 6.376 6.388 6.399 6.410 6.420 6.429 6.438 6.448 6.457 6.466 6.475 6.484 6.492 6.500 6.508 6.516 6.523 6.531 6.538 6.546 6.554 6.562 6.571 6.580 6.590 6.600 6.610 6.621 6.630 6.641 6.651
5.894 5.909 5.923 5.937 5.950 5.962 5.974 5.986 5.997 6.009 6.019 6.030 6.040 6.050 6.059 6.069 6.078 6.087 6.096 6.106 6.115 6.124 6.134 6.144 6.154 6.165 6.175 6.185 6.194 6.204 6.214 6.224 6.234 6.245 6.255 6.266 6.277 6.287 6.297 6.308 6.319 6.329 6.340 6.350 6.361 6.372 6.383 6.394 6.405 6.416 6.426 6.436 6.445 6.455 6.464 6.474 6.483 6.492 6.501 6.509 6.517 6.525 6.533 6.540 6.548 6.556 6.564 6.572 6.580 6.589 6.599 6.609 6.619 6.629 6.639 6.649 6.660
5.904 5.919 5.933 5.948 5.961 5.973 5.985 5.998 6.010 6.021 6.033 6.043 6.054 6.064 6.074 6.083 6.093 6.102 6.111 6.120 6.129 6.138 6.147 6.157 6.167 6.177 6.187 6.196 6.205 6.214 6.224 6.234 6.244 6.254 6.264 6.275 6.285 6.295 6.306 6.316 6.326 6.337 6.347 6.358 6.368 6.379 6.390 6.401 6.412 6.423 6.433 6.442 6.452 6.462 6.472 6.481 6.491 6.500 6.509 6.518 6.526 6.534 6.542 6.550 6.558 6.566 6.573 6.582 6.590 6.599 6.608 6.618 6.628 6.638 6.647 6.657 6.668
5.912 5.928 5.943 5.957 5.970 5.983 5.996 6.009 6.021 6.033 6.045 6.056 6.067 6.077 6.088 6.097 6.107 6.116 6.125 6.134 6.143 6.152 6.161 6.170 6.180 6.189 6.199 6.208 6.216 6.225 6.235 6.244 6.254 6.264 6.274 6.284 6.294 6.304 6.314 6.324 6.335 6.345 6.355 6.365 6.376 6.386 6.397 6.408 6.419 6.430 6.439 6.449 6.459 6.469 6.479 6.489 6.499 6.508 6.517 6.526 6.535 6.543 6.552 6.560 6.568 6.575 6.583 6.592 6.600 6.609 6.618 6.628 6.637 6.647 6.656 6.666 6.677
5.921 5.937 5.952 5.966 5.979 5.993 6.006 6.019 6.032 6.044 6.056 6.068 6.079 6.090 6.101 6.111 6.121 6.130 6.139 6.148 6.157 6.166 6.175 6.184 6.194 6.203 6.212 6.220 6.228 6.237 6.246 6.256 6.265 6.275 6.285 6.294 6.304 6.314 6.324 6.334 6.344 6.353 6.363 6.374 6.384 6.394 6.405 6.416 6.427 6.437 6.446 6.456 6.466 6.476 6.486 6.496 6.506 6.516 6.525 6.535 6.544 6.552 6.561 6.569 6.577 6.585 6.593 6.602 6.610 6.619 6.628 6.638 6.647 6.656 6.665 6.675 6.686
5.930 5.945 5.961 5.975 5.988 6.002 6.015 6.029 6.042 6.055 6.067 6.079 6.091 6.102 6.113 6.124 6.134 6.144 6.153 6.162 6.171 6.180 6.189 6.198 6.208 6.217 6.225 6.233 6.241 6.250 6.259 6.268 6.277 6.287 6.296 6.305 6.315 6.324 6.334 6.344 6.353 6.363 6.373 6.382 6.392 6.403 6.413 6.423 6.434 6.444 6.454 6.463 6.473 6.483 6.493 6.504 6.514 6.524 6.533 6.543 6.552 6.561 6.570 6.579 6.587 6.595 6.603 6.612 6.620 6.629 6.638 6.647 6.656 6.665 6.675 6.685 6.695
5.938 5.953 5.969 5.983 5.997 6.010 6.024 6.038 6.051 6.065 6.077 6.090 6.102 6.114 6.125 6.136 6.146 6.156 6.166 6.176 6.185 6.194 6.203 6.213 6.222 6.231 6.239 6.247 6.255 6.263 6.272 6.281 6.290 6.299 6.308 6.317 6.326 6.336 6.345 6.354 6.364 6.373 6.382 6.392 6.402 6.411 6.421 6.432 6.442 6.452 6.461 6.471 6.481 6.491 6.501 6.511 6.521 6.531 6.541 6.551 6.561 6.570 6.579 6.588 6.596 6.605 6.613 6.622 6.630 6.639 6.648 6.657 6.666 6.675 6.684 6.694 6.705
5.946 5.962 5.977 5.991 6.005 6.019 6.033 6.047 6.060 6.074 6.087 6.100 6.112 6.124 6.136 6.147 6.158 6.169 6.179 6.189 6.198 6.208 6.217 6.226 6.235 6.245 6.253 6.260 6.268 6.277 6.285 6.294 6.303 6.312 6.321 6.330 6.339 6.348 6.357 6.366 6.375 6.384 6.393 6.402 6.412 6.421 6.431 6.441 6.451 6.460 6.469 6.479 6.488 6.498 6.508 6.519 6.529 6.539 6.549 6.559 6.569 6.578 6.588 6.597 6.606 6.614 6.623 6.632 6.640 6.649 6.658 6.667 6.676 6.685 6.694 6.704 6.714
5.955 5.970 5.985 6.000 6.013 6.027 6.041 6.055 6.069 6.083 6.096 6.109 6.122 6.134 6.146 6.158 6.169 6.180 6.191 6.201 6.211 6.221 6.230 6.240 6.249 6.258 6.267 6.274 6.282 6.290 6.299 6.307 6.316 6.325 6.334 6.342 6.351 6.360 6.369 6.378 6.386 6.395 6.404 6.413 6.422 6.431 6.441 6.450 6.460 6.469 6.478 6.487 6.497 6.506 6.516 6.526 6.537 6.547 6.557 6.567 6.577 6.587 6.596 6.606 6.615 6.624 6.633 6.641 6.650 6.659 6.668 6.677 6.686 6.695 6.704 6.713 6.723
5.963 5.978 5.993 6.008 6.021 6.035 6.049 6.063 6.077 6.091 6.105 6.118 6.131 6.144 6.156 6.168 6.180 6.191 6.202 6.213 6.223 6.233 6.243 6.253 6.262 6.271 6.280 6.288 6.296 6.304 6.312 6.321 6.330 6.338 6.347 6.356 6.364 6.373 6.382 6.390 6.399 6.408 6.416 6.425 6.434 6.442 6.451 6.461 6.470 6.479 6.487 6.496 6.505 6.515 6.525 6.535 6.545 6.555 6.565 6.575 6.585 6.595 6.605 6.615 6.624 6.633 6.642 6.651 6.660 6.669 6.678 6.687 6.696 6.704 6.713 6.723 6.733
5.972 5.987 6.002 6.016 6.030 6.043 6.058 6.072 6.086 6.100 6.113 6.127 6.140 6.153 6.166 6.178 6.190 6.202 6.213 6.224 6.235 6.245 6.255 6.265 6.275 6.284 6.293 6.301 6.309 6.317 6.326 6.334 6.343 6.352 6.360 6.369 6.378 6.386 6.395 6.403 6.412 6.420 6.429 6.437 6.445 6.454 6.463 6.472 6.481 6.489 6.497 6.506 6.515 6.524 6.533 6.543 6.553 6.563 6.573 6.583 6.594 6.604 6.613 6.623 6.633 6.642 6.651 6.660 6.669 6.678 6.688 6.697 6.706 6.714 6.723 6.732 6.742
5.982 5.996 6.011 6.025 6.038 6.052 6.066 6.080 6.094 6.108 6.122 6.135 6.149 6.162 6.175 6.187 6.199 6.211 6.223 6.234 6.245 6.256 6.267 6.277 6.287 6.297 6.306 6.314 6.322 6.331 6.339 6.348 6.357 6.365 6.374 6.383 6.391 6.400 6.408 6.417 6.425 6.433 6.442 6.450 6.458 6.466 6.475 6.483 6.492 6.500 6.508 6.516 6.525 6.534 6.543 6.552 6.562 6.572 6.582 6.592 6.602 6.612 6.622 6.632 6.642 6.651 6.661 6.670 6.679 6.688 6.697 6.707 6.716 6.724 6.733 6.742 6.752
5.992 6.006 6.020 6.034 6.047 6.060 6.074 6.088 6.102 6.116 6.130 6.144 6.157 6.170 6.183 6.196 6.209 6.221 6.233 6.244 6.256 6.267 6.278 6.288 6.298 6.309 6.318 6.326 6.335 6.343 6.352 6.361 6.370 6.379 6.387 6.396 6.405 6.413 6.422 6.430 6.438 6.447 6.455 6.463 6.471 6.479 6.487 6.496 6.504 6.512 6.519 6.527 6.535 6.544 6.553 6.562 6.571 6.581 6.591 6.601 6.611 6.621 6.631 6.641 6.650 6.660 6.670 6.679 6.688 6.698 6.707 6.717 6.726 6.734 6.743 6.752 6.761
6.002 6.016 6.030 6.043 6.056 6.069 6.083 6.097 6.111 6.124 6.138 6.152 6.165 6.179 6.192 6.205 6.217 6.230 6.242 6.254 6.266 6.277 6.288 6.299 6.310 6.320 6.330 6.338 6.347 6.356 6.365 6.374 6.383 6.391 6.400 6.409 6.418 6.427 6.435 6.444 6.452 6.460 6.468 6.476 6.484 6.492 6.500 6.509 6.517 6.524 6.531 6.539 6.547 6.555 6.563 6.572 6.581 6.591 6.600 6.610 6.620 6.630 6.640 6.650 6.659 6.669 6.679 6.688 6.698 6.707 6.717 6.726 6.735 6.744 6.752 6.761 6.771
6.014 6.027 6.040 6.053 6.066 6.079 6.092 6.106 6.119 6.133 6.147 6.160 6.174 6.187 6.200 6.213 6.226 6.239 6.251 6.263 6.275 6.287 6.298 6.309 6.320 6.331 6.341 6.350 6.359 6.368 6.377 6.386 6.395 6.404 6.413 6.422 6.431 6.440 6.448 6.457 6.465 6.474 6.482 6.490 6.498 6.506 6.514 6.522 6.530 6.537 6.544 6.551 6.558 6.566 6.574 6.583 6.592 6.601 6.610 6.620 6.629 6.639 6.649 6.659 6.669 6.678 6.688 6.698 6.707 6.717 6.727 6.736 6.745 6.754 6.762 6.771 6.781
6.026 6.038 6.051 6.064 6.076 6.088 6.102 6.115 6.128 6.142 6.155 6.169 6.182 6.196 6.209 6.222 6.235 6.248 6.260 6.272 6.284 6.296 6.308 6.319 6.330 6.342 6.351 6.361 6.370 6.379 6.388 6.398 6.407 6.416 6.425 6.434 6.443 6.452 6.461 6.470 6.478 6.487 6.495 6.503 6.511 6.519 6.527 6.535 6.543 6.550 6.557 6.564 6.571 6.578 6.586 6.594 6.603 6.611 6.620 6.630 6.639 6.649 6.658 6.668 6.678 6.688 6.697 6.707 6.717 6.727 6.736 6.746 6.755 6.763 6.772 6.781 6.790
6.038 6.050 6.063 6.075 6.087 6.099 6.111 6.124 6.138 6.151 6.164 6.178 6.191 6.204 6.217 6.231 6.243 6.256 6.269 6.281 6.294 6.306 6.317 6.329 6.340 6.352 6.362 6.371 6.381 6.390 6.400 6.409 6.419 6.428 6.437 6.446 6.456 6.465 6.473 6.482 6.491 6.500 6.508 6.516 6.525 6.533 6.541 6.549 6.557 6.564 6.570 6.577 6.583 6.591 6.598 6.606 6.614 6.623 6.631 6.640 6.649 6.659 6.668 6.678 6.687 6.697 6.707 6.717 6.726 6.736 6.746 6.756 6.765 6.773 6.782 6.791 6.800
6.051 6.063 6.075 6.087 6.098 6.110 6.122 6.135 6.147 6.160 6.174 6.187 6.200 6.213 6.226 6.239 6.252 6.265 6.278 6.290 6.303 6.315 6.327 6.339 6.350 6.362 6.372 6.381 6.391 6.401 6.410 6.420 6.430 6.439 6.449 6.458 6.467 6.476 6.485 6.494 6.503 6.512 6.521 6.529 6.538 6.546 6.554 6.562 6.570 6.577 6.583 6.590 6.596 6.603 6.611 6.618 6.626 6.634 6.642 6.651 6.660 6.669 6.678 6.688 6.697 6.707 6.717 6.726 6.736 6.746 6.756 6.766 6.775 6.783 6.791 6.800 6.810
6.064 6.076 6.088 6.099 6.109 6.121 6.133 6.145 6.158 6.170 6.183 6.196 6.209 6.222 6.235 6.248 6.261 6.274 6.287 6.299 6.312 6.324 6.336 6.348 6.360 6.371 6.382 6.391 6.401 6.411 6.421 6.431 6.440 6.450 6.460 6.469 6.478 6.488 6.497 6.506 6.515 6.524 6.533 6.542 6.550 6.559 6.567 6.575 6.583 6.590 6.596 6.603 6.610 6.616 6.623 6.631 6.638 6.646 6.654 6.662 6.671 6.680 6.689 6.698 6.707 6.717 6.726 6.736 6.746 6.756 6.766 6.776 6.784 6.793 6.801 6.810 6.819
