version2/TsunamiDB/out54082.asc
ncols          264
nrows          230
xllcorner      497853.4375
yllcorner      4229146.0000
cellsize         5.
NODATA_value   -99
[rows 170 to 203 of 230, columns 76 to 151 of 264]
6.008 6.026 6.044 6.063 6.081 6.100 6.118 6.136 6.154 6.171 6.188 6.204 6.220 6.235 6.249 6.263 6.277 6.291 6.304 6.317 6.329 6.342 6.355 6.366 6.377 6.389 6.401 6.413 6.425 6.436 6.448 6.459 6.470 6.481 6.491 6.502 6.512 6.523 6.533 6.544 6.555 6.566 6.577 6.589 6.601 6.614 6.626 6.638 6.650 6.663 6.677 6.690 6.704 6.717 6.731 6.744 6.757 6.770 6.782 6.795 6.807 6.819 6.832 6.844 6.857 6.870 6.883 6.897 6.910 6.923 6.936 6.949 6.962 6.975 6.988 7.001
6.013 6.029 6.047 6.065 6.084 6.102 6.120 6.138 6.156 6.174 6.191 6.208 6.224 6.239 6.255 6.269 6.284 6.297 6.311 6.324 6.337 6.350 6.363 6.375 6.386 6.398 6.410 6.422 6.434 6.446 6.457 6.469 6.480 6.491 6.501 6.512 6.522 6.532 6.542 6.553 6.563 6.574 6.585 6.597 6.609 6.621 6.633 6.645 6.657 6.670 6.684 6.698 6.711 6.725 6.739 6.752 6.766 6.779 6.792 6.804 6.817 6.830 6.842 6.855 6.868 6.881 6.894 6.908 6.922 6.935 6.948 6.961 6.975 6.988 7.002 7.015
6.018 6.034 6.051 6.068 6.086 6.104 6.122 6.140 6.158 6.176 6.193 6.210 6.227 6.243 6.259 6.274 6.289 6.303 6.317 6.331 6.345 6.358 6.371 6.383 6.394 6.406 6.419 6.431 6.443 6.455 6.467 6.478 6.489 6.500 6.511 6.521 6.532 6.542 6.552 6.562 6.572 6.583 6.594 6.605 6.617 6.629 6.640 6.652 6.664 6.677 6.691 6.705 6.719 6.733 6.746 6.760 6.774 6.788 6.801 6.814 6.827 6.840 6.853 6.866 6.879 6.892 6.906 6.920 6.934 6.947 6.960 6.974 6.987 7.001 7.015 7.029
6.026 6.040 6.056 6.073 6.090 6.107 6.125 6.143 6.160 6.178 6.195 6.213 6.229 6.246 6.262 6.278 6.293 6.308 6.322 6.337 6.351 6.364 6.378 6.390 6.402 6.414 6.426 6.439 6.451 6.463 6.475 6.487 6.498 6.510 6.520 6.531 6.541 6.551 6.561 6.571 6.581 6.592 6.602 6.613 6.625 6.637 6.648 6.659 6.671 6.684 6.698 6.712 6.726 6.740 6.754 6.768 6.782 6.796 6.810 6.823 6.837 6.850 6.863 6.876 6.890 6.903 6.917 6.931 6.946 6.959 6.972 6.986 7.000 7.014 7.029 7.043
6.036 6.049 6.064 6.079 6.095 6.111 6.128 6.145 6.163 6.180 6.197 6.215 6.232 6.248 6.265 6.281 6.296 6.312 6.326 6.341 6.356 6.370 6.383 6.396 6.408 6.420 6.433 6.446 6.459 6.471 6.483 6.495 6.507 6.518 6.529 6.540 6.551 6.561 6.571 6.581 6.591 6.601 6.611 6.622 6.633 6.645 6.655 6.666 6.679 6.692 6.705 6.719 6.733 6.748 6.762 6.776 6.790 6.805 6.819 6.832 6.846 6.860 6.873 6.887 6.900 6.914 6.928 6.943 6.957 6.970 6.984 6.998 7.013 7.027 7.042 7.057
6.048 6.060 6.073 6.087 6.102 6.117 6.133 6.149 6.166 6.183 6.200 6.217 6.233 6.250 6.267 6.283 6.299 6.314 6.330 6.345 6.360 6.374 6.388 6.400 6.413 6.426 6.439 6.452 6.465 6.478 6.491 6.503 6.515 6.527 6.538 6.549 6.560 6.570 6.580 6.590 6.600 6.610 6.620 6.631 6.642 6.653 6.663 6.674 6.686 6.699 6.712 6.726 6.741 6.755 6.769 6.784 6.799 6.813 6.827 6.841 6.855 6.869 6.883 6.897 6.911 6.925 6.939 6.954 6.968 6.982 6.996 7.011 7.025 7.040 7.056 7.071
6.064 6.074 6.085 6.098 6.111 6.125 6.140 6.155 6.170 6.186 6.203 6.219 6.236 6.252 6.269 6.285 6.301 6.317 6.332 6.348 6.363 6.378 6.391 6.404 6.417 6.431 6.444 6.457 6.471 6.484 6.497 6.510 6.522 6.534 6.546 6.557 6.568 6.579 6.589 6.599 6.609 6.619 6.629 6.640 6.650 6.661 6.671 6.682 6.694 6.706 6.720 6.734 6.748 6.762 6.777 6.792 6.807 6.821 6.836 6.850 6.865 6.879 6.893 6.907 6.921 6.936 6.950 6.965 6.980 6.994 7.008 7.023 7.038 7.054 7.069 7.085
6.081 6.090 6.100 6.111 6.123 6.135 6.148 6.162 6.177 6.192 6.207 6.223 6.239 6.255 6.271 6.287 6.303 6.319 6.334 6.350 6.365 6.380 6.394 6.407 6.421 6.434 6.448 6.462 6.475 6.489 6.502 6.515 6.528 6.541 6.553 6.565 6.576 6.587 6.598 6.608 6.618 6.628 6.638 6.648 6.659 6.669 6.679 6.690 6.702 6.714 6.727 6.741 6.755 6.770 6.785 6.800 6.815 6.830 6.845 6.859 6.874 6.889 6.903 6.917 6.932 6.946 6.961 6.977 6.991 7.006 7.020 7.035 7.051 7.067 7.083 7.099
6.101 6.109 6.118 6.127 6.137 6.148 6.160 6.172 6.185 6.199 6.213 6.228 6.243 6.258 6.274 6.290 6.305 6.321 6.336 6.352 6.367 6.382 6.396 6.409 6.423 6.437 6.451 6.465 6.479 6.493 6.506 6.520 6.533 6.546 6.559 6.571 6.583 6.594 6.605 6.616 6.627 6.637 6.647 6.657 6.668 6.678 6.687 6.698 6.709 6.722 6.735 6.748 6.763 6.777 6.792 6.807 6.823 6.838 6.853 6.868 6.883 6.898 6.913 6.928 6.942 6.957 6.972 6.988 7.003 7.017 7.032 7.048 7.064 7.080 7.096 7.113
6.121 6.129 6.137 6.146 6.154 6.164 6.174 6.185 6.196 6.209 6.221 6.235 6.249 6.264 6.278 6.293 6.308 6.323 6.339 6.354 6.369 6.384 6.398 6.411 6.425 6.439 6.454 6.468 6.482 6.496 6.510 6.524 6.537 6.551 6.564 6.577 6.589 6.601 6.613 6.624 6.634 6.645 6.655 6.666 6.676 6.686 6.695 6.706 6.717 6.729 6.742 6.756 6.770 6.785 6.800 6.815 6.831 6.846 6.862 6.877 6.893 6.908 6.923 6.938 6.953 6.968 6.983 6.999 7.015 7.029 7.045 7.061 7.077 7.093 7.110 7.127
6.142 6.150 6.158 6.166 6.174 6.182 6.191 6.200 6.210 6.221 6.232 6.244 6.257 6.270 6.284 6.298 6.313 6.327 6.342 6.356 6.371 6.386 6.400 6.413 6.427 6.441 6.456 6.470 6.484 6.498 6.513 6.527 6.541 6.555 6.568 6.581 6.594 6.607 6.619 6.630 6.642 6.652 6.663 6.674 6.684 6.694 6.704 6.714 6.725 6.737 6.750 6.764 6.778 6.792 6.808 6.823 6.839 6.855 6.870 6.886 6.902 6.917 6.933 6.948 6.964 6.979 6.995 7.011 7.026 7.042 7.057 7.073 7.090 7.107 7.124 7.141
6.162 6.171 6.179 6.186 6.194 6.202 6.209 6.218 6.226 6.236 6.246 6.256 6.268 6.280 6.292 6.305 6.319 6.332 6.346 6.360 6.374 6.389 6.402 6.415 6.429 6.443 6.457 6.472 6.486 6.500 6.515 6.529 6.543 6.558 6.571 6.585 6.599 6.612 6.624 6.636 6.648 6.659 6.670 6.681 6.692 6.702 6.712 6.722 6.733 6.745 6.758 6.771 6.785 6.800 6.815 6.831 6.847 6.863 6.879 6.895 6.911 6.927 6.943 6.959 6.974 6.990 7.006 7.022 7.038 7.054 7.070 7.086 7.103 7.121 7.138 7.156
6.181 6.190 6.199 6.207 6.215 6.222 6.230 6.237 6.245 6.253 6.262 6.271 6.281 6.292 6.303 6.314 6.327 6.339 6.352 6.365 6.379 6.393 6.406 6.418 6.432 6.445 6.459 6.474 6.488 6.502 6.517 6.531 6.546 6.560 6.574 6.588 6.602 6.616 6.629 6.641 6.654 6.666 6.677 6.688 6.699 6.710 6.719 6.730 6.741 6.753 6.765 6.779 6.793 6.808 6.823 6.839 6.855 6.871 6.888 6.904 6.920 6.937 6.953 6.969 6.985 7.001 7.018 7.034 7.051 7.067 7.083 7.100 7.117 7.135 7.153 7.172
6.198 6.209 6.218 6.227 6.235 6.243 6.251 6.258 6.265 6.272 6.280 6.288 6.297 6.306 6.316 6.326 6.337 6.348 6.360 6.372 6.385 6.398 6.410 6.422 6.435 6.448 6.462 6.476 6.490 6.504 6.519 6.533 6.548 6.562 6.577 6.591 6.605 6.619 6.633 6.646 6.659 6.671 6.683 6.695 6.706 6.717 6.727 6.738 6.749 6.760 6.773 6.786 6.800 6.815 6.831 6.846 6.863 6.879 6.896 6.913 6.930 6.947 6.963 6.980 6.996 7.013 7.030 7.047 7.063 7.079 7.096 7.113 7.131 7.150 7.168 7.187
6.213 6.225 6.236 6.246 6.255 6.263 6.271 6.279 6.286 6.293 6.300 6.307 6.315 6.323 6.331 6.341 6.350 6.360 6.371 6.382 6.393 6.405 6.417 6.428 6.440 6.452 6.466 6.479 6.493 6.507 6.521 6.535 6.550 6.564 6.579 6.593 6.608 6.622 6.636 6.650 6.663 6.676 6.689 6.701 6.713 6.724 6.734 6.745 6.756 6.768 6.781 6.794 6.808 6.823 6.838 6.854 6.871 6.888 6.905 6.922 6.939 6.956 6.973 6.990 7.007 7.024 7.042 7.059 7.076 7.093 7.110 7.127 7.146 7.165 7.184 7.203
6.226 6.239 6.251 6.262 6.273 6.282 6.291 6.299 6.306 6.313 6.320 6.327 6.334 6.342 6.349 6.357 6.366 6.375 6.384 6.394 6.404 6.415 6.425 6.436 6.447 6.458 6.471 6.483 6.496 6.510 6.524 6.538 6.552 6.566 6.581 6.596 6.610 6.625 6.639 6.653 6.667 6.681 6.694 6.707 6.719 6.731 6.741 6.752 6.764 6.776 6.788 6.802 6.816 6.831 6.846 6.862 6.879 6.896 6.913 6.931 6.949 6.966 6.984 7.001 7.019 7.036 7.054 7.072 7.089 7.106 7.124 7.142 7.161 7.180 7.200 7.220
6.237 6.251 6.265 6.277 6.288 6.299 6.309 6.318 6.326 6.334 6.341 6.348 6.355 6.362 6.369 6.376 6.384 6.392 6.400 6.409 6.418 6.428 6.437 6.446 6.456 6.466 6.478 6.490 6.502 6.515 6.528 6.541 6.555 6.569 6.584 6.599 6.613 6.628 6.643 6.657 6.671 6.685 6.699 6.712 6.725 6.737 6.748 6.759 6.771 6.783 6.796 6.809 6.823 6.838 6.854 6.870 6.887 6.904 6.922 6.940 6.958 6.976 6.994 7.012 7.030 7.048 7.066 7.085 7.102 7.120 7.138 7.157 7.176 7.196 7.216 7.236
6.246 6.261 6.276 6.290 6.302 6.314 6.325 6.335 6.344 6.353 6.361 6.368 6.375 6.382 6.389 6.396 6.403 6.411 6.418 6.426 6.434 6.443 6.451 6.458 6.467 6.477 6.487 6.498 6.509 6.521 6.534 6.546 6.560 6.574 6.588 6.602 6.617 6.631 6.646 6.661 6.675 6.690 6.704 6.717 6.731 6.743 6.754 6.766 6.778 6.791 6.803 6.817 6.831 6.846 6.862 6.878 6.895 6.913 6.931 6.949 6.968 6.987 7.005 7.024 7.042 7.061 7.079 7.098 7.116 7.134 7.152 7.172 7.191 7.212 7.232 7.253
6.254 6.270 6.286 6.300 6.314 6.327 6.339 6.350 6.361 6.370 6.379 6.387 6.395 6.402 6.410 6.417 6.424 6.431 6.438 6.445 6.452 6.460 6.467 6.474 6.482 6.490 6.499 6.509 6.519 6.530 6.541 6.553 6.566 6.579 6.593 6.607 6.621 6.635 6.650 6.665 6.680 6.694 6.709 6.723 6.736 6.749 6.761 6.773 6.785 6.798 6.811 6.825 6.839 6.854 6.870 6.886 6.904 6.922 6.940 6.959 6.978 6.997 7.016 7.035 7.054 7.073 7.092 7.111 7.130 7.148 7.167 7.187 7.207 7.228 7.249 7.270
6.261 6.277 6.294 6.309 6.324 6.338 6.351 6.364 6.375 6.386 6.396 6.405 6.413 6.422 6.429 6.437 6.444 6.451 6.458 6.465 6.472 6.479 6.486 6.492 6.499 6.506 6.514 6.523 6.532 6.541 6.552 6.563 6.574 6.586 6.599 6.613 6.626 6.641 6.655 6.670 6.684 6.699 6.714 6.728 6.742 6.755 6.767 6.780 6.793 6.806 6.819 6.833 6.847 6.862 6.878 6.895 6.912 6.930 6.949 6.968 6.988 7.007 7.027 7.046 7.066 7.086 7.105 7.125 7.144 7.163 7.182 7.202 7.223 7.244 7.266 7.288
6.266 6.284 6.301 6.317 6.333 6.348 6.362 6.375 6.388 6.400 6.411 6.421 6.430 6.439 6.448 6.456 6.464 6.471 6.479 6.486 6.493 6.500 6.506 6.512 6.518 6.525 6.532 6.539 6.547 6.556 6.565 6.574 6.585 6.596 6.608 6.621 6.634 6.647 6.661 6.676 6.690 6.705 6.720 6.734 6.749 6.762 6.774 6.787 6.800 6.813 6.827 6.841 6.855 6.871 6.887 6.903 6.921 6.939 6.958 6.978 6.998 7.018 7.038 7.058 7.078 7.098 7.118 7.139 7.158 7.177 7.197 7.218 7.239 7.260 7.283 7.305
6.271 6.289 6.307 6.324 6.341 6.356 6.371 6.386 6.399 6.412 6.424 6.435 6.446 6.455 6.465 6.474 6.482 6.491 6.499 6.507 6.514 6.521 6.527 6.533 6.539 6.545 6.552 6.558 6.565 6.573 6.581 6.589 6.598 6.608 6.619 6.631 6.643 6.656 6.669 6.683 6.698 6.712 6.727 6.742 6.756 6.768 6.781 6.795 6.808 6.821 6.835 6.849 6.864 6.879 6.895 6.912 6.930 6.948 6.968 6.987 7.008 7.028 7.049 7.069 7.090 7.111 7.132 7.152 7.172 7.192 7.212 7.233 7.255 7.277 7.300 7.323
6.276 6.295 6.313 6.331 6.348 6.364 6.380 6.395 6.409 6.423 6.436 6.448 6.459 6.470 6.480 6.490 6.500 6.509 6.518 6.526 6.535 6.542 6.548 6.554 6.560 6.567 6.573 6.580 6.586 6.592 6.599 6.607 6.615 6.624 6.633 6.644 6.655 6.667 6.679 6.693 6.706 6.720 6.735 6.750 6.763 6.776 6.789 6.803 6.816 6.830 6.844 6.858 6.873 6.888 6.904 6.921 6.939 6.958 6.977 6.997 7.018 7.039 7.060 7.081 7.102 7.124 7.145 7.166 7.186 7.206 7.227 7.248 7.270 7.293 7.316 7.340
6.280 6.299 6.318 6.336 6.354 6.371 6.387 6.403 6.418 6.432 6.446 6.459 6.471 6.483 6.494 6.505 6.516 6.526 6.535 6.545 6.554 6.562 6.568 6.575 6.582 6.589 6.595 6.602 6.608 6.614 6.620 6.627 6.634 6.642 6.650 6.659 6.669 6.680 6.692 6.704 6.717 6.731 6.745 6.759 6.773 6.785 6.798 6.812 6.825 6.839 6.853 6.867 6.882 6.898 6.914 6.931 6.949 6.967 6.987 7.007 7.028 7.049 7.071 7.093 7.114 7.136 7.158 7.179 7.200 7.220 7.242 7.263 7.286 7.309 7.333 7.357
6.285 6.304 6.323 6.342 6.360 6.377 6.394 6.411 6.426 6.441 6.456 6.469 6.483 6.495 6.507 6.519 6.530 6.541 6.551 6.561 6.571 6.580 6.588 6.595 6.603 6.611 6.618 6.624 6.631 6.637 6.643 6.649 6.655 6.662 6.669 6.677 6.686 6.696 6.706 6.718 6.730 6.743 6.756 6.770 6.783 6.796 6.809 6.822 6.836 6.849 6.863 6.878 6.892 6.908 6.924 6.941 6.959 6.977 6.997 7.017 7.039 7.060 7.082 7.104 7.126 7.149 7.171 7.192 7.213 7.234 7.256 7.278 7.301 7.324 7.349 7.373
6.289 6.309 6.328 6.347 6.366 6.384 6.401 6.418 6.434 6.450 6.465 6.479 6.493 6.506 6.519 6.531 6.543 6.555 6.566 6.577 6.588 6.597 6.606 6.614 6.623 6.631 6.639 6.647 6.654 6.660 6.666 6.672 6.678 6.684 6.691 6.698 6.705 6.714 6.724 6.734 6.745 6.757 6.770 6.783 6.796 6.808 6.821 6.834 6.847 6.861 6.874 6.889 6.903 6.919 6.935 6.951 6.969 6.988 7.007 7.028 7.049 7.071 7.093 7.116 7.138 7.161 7.183 7.205 7.227 7.248 7.270 7.292 7.316 7.339 7.364 7.388
6.294 6.314 6.333 6.352 6.371 6.390 6.407 6.425 6.442 6.458 6.473 6.488 6.503 6.517 6.530 6.543 6.556 6.568 6.580 6.591 6.603 6.613 6.622 6.632 6.641 6.650 6.659 6.668 6.675 6.683 6.689 6.696 6.702 6.708 6.714 6.720 6.727 6.735 6.743 6.752 6.763 6.774 6.785 6.798 6.810 6.822 6.834 6.847 6.860 6.873 6.887 6.901 6.915 6.930 6.946 6.963 6.980 6.999 7.018 7.039 7.060 7.082 7.105 7.127 7.150 7.173 7.196 7.218 7.240 7.261 7.283 7.306 7.330 7.354 7.379 7.403
6.299 6.319 6.338 6.358 6.377 6.396 6.414 6.432 6.449 6.465 6.482 6.497 6.512 6.527 6.541 6.554 6.567 6.580 6.592 6.605 6.617 6.628 6.638 6.648 6.658 6.668 6.678 6.687 6.696 6.704 6.712 6.719 6.725 6.732 6.738 6.744 6.750 6.757 6.765 6.773 6.782 6.792 6.803 6.815 6.826 6.838 6.849 6.862 6.874 6.887 6.901 6.914 6.928 6.943 6.958 6.975 6.992 7.010 7.030 7.050 7.071 7.093 7.116 7.139 7.162 7.185 7.208 7.231 7.252 7.274 7.297 7.319 7.343 7.367 7.392 7.417
6.304 6.324 6.344 6.363 6.383 6.402 6.420 6.438 6.456 6.473 6.490 6.506 6.521 6.536 6.551 6.565 6.578 6.592 6.605 6.617 6.630 6.642 6.652 6.663 6.674 6.685 6.695 6.706 6.715 6.725 6.733 6.741 6.748 6.755 6.761 6.767 6.774 6.780 6.787 6.795 6.803 6.813 6.823 6.834 6.845 6.855 6.867 6.878 6.891 6.903 6.916 6.929 6.943 6.957 6.972 6.988 7.005 7.023 7.042 7.062 7.083 7.105 7.128 7.150 7.174 7.197 7.220 7.243 7.265 7.287 7.309 7.332 7.356 7.380 7.405 7.430
6.309 6.329 6.349 6.369 6.389 6.408 6.427 6.445 6.463 6.481 6.498 6.514 6.530 6.546 6.561 6.575 6.589 6.603 6.616 6.630 6.643 6.655 6.666 6.677 6.689 6.700 6.712 6.723 6.733 6.743 6.753 6.761 6.770 6.777 6.784 6.791 6.797 6.804 6.811 6.818 6.826 6.835 6.844 6.855 6.865 6.875 6.886 6.897 6.909 6.921 6.933 6.946 6.959 6.972 6.987 7.002 7.018 7.036 7.055 7.074 7.095 7.117 7.139 7.162 7.185 7.209 7.232 7.255 7.277 7.299 7.321 7.344 7.367 7.392 7.416 7.441
6.315 6.335 6.355 6.375 6.395 6.414 6.433 6.452 6.470 6.488 6.506 6.523 6.539 6.555 6.571 6.586 6.600 6.614 6.628 6.642 6.655 6.668 6.679 6.691 6.703 6.715 6.727 6.738 6.750 6.760 6.771 6.781 6.790 6.798 6.806 6.813 6.820 6.827 6.834 6.841 6.849 6.857 6.866 6.876 6.886 6.896 6.906 6.917 6.928 6.940 6.952 6.964 6.976 6.989 7.003 7.018 7.033 7.050 7.068 7.088 7.108 7.129 7.152 7.174 7.198 7.221 7.244 7.267 7.288 7.310 7.332 7.355 7.378 7.402 7.427 7.451
6.321 6.341 6.361 6.381 6.401 6.420 6.440 6.459 6.478 6.496 6.514 6.531 6.548 6.565 6.581 6.596 6.611 6.626 6.640 6.654 6.668 6.680 6.692 6.704 6.717 6.729 6.741 6.753 6.765 6.777 6.788 6.798 6.808 6.817 6.826 6.834 6.842 6.849 6.857 6.864 6.872 6.880 6.889 6.899 6.908 6.917 6.927 6.938 6.949 6.960 6.972 6.983 6.995 7.008 7.021 7.035 7.049 7.066 7.083 7.102 7.122 7.143 7.164 7.187 7.210 7.233 7.256 7.279 7.300 7.321 7.343 7.365 7.388 7.412 7.436 7.460
6.327 6.347 6.367 6.387 6.407 6.427 6.446 6.466 6.485 6.503 6.522 6.540 6.557 6.574 6.590 6.606 6.622 6.637 6.651 6.666 6.680 6.693 6.705 6.717 6.730 6.743 6.755 6.767 6.780 6.792 6.803 6.815 6.825 6.835 6.845 6.854 6.862 6.871 6.878 6.886 6.894 6.903 6.912 6.921 6.930 6.940 6.949 6.960 6.971 6.982 6.993 7.004 7.016 7.027 7.040 7.053 7.067 7.082 7.099 7.117 7.136 7.156 7.178 7.200 7.223 7.246 7.268 7.290 7.311 7.332 7.353 7.375 7.397 7.420 7.444 7.468
6.333 6.353 6.373 6.393 6.413 6.433 6.453 6.472 6.492 6.511 6.529 6.548 6.566 6.583 6.600 6.616 6.632 6.648 6.663 6.678 6.692 6.705 6.718 6.730 6.743 6.756 6.769 6.781 6.794 6.806 6.818 6.830 6.841 6.852 6.862 6.872 6.881 6.890 6.899 6.907 6.916 6.924 6.933 6.943 6.953 6.962 6.971 6.982 6.993 7.004 7.015 7.026 7.037 7.048 7.060 7.072 7.085 7.100 7.115 7.132 7.151 7.171 7.192 7.214 7.236 7.258 7.281 7.302 7.323 7.343 7.363 7.384 7.405 7.428 7.452 7.476
