version2/TsunamiDB/out54093.asc
ncols          264
nrows          230
xllcorner      497853.4375
yllcorner      4229146.0000
cellsize         5.
NODATA_value   -99
[rows 170 to 203 of 230, columns 0 to 76 of 264]
4.727 4.760 4.793 4.826 4.858 4.889 4.919 4.948 4.978 5.007 5.035 5.063 5.090 5.117 5.143 5.169 5.195 5.219 5.244 5.267 5.291 5.314 5.336 5.358 5.380 5.401 5.422 5.443 5.464 5.483 5.502 5.521 5.540 5.560 5.579 5.598 5.617 5.637 5.656 5.676 5.695 5.715 5.735 5.756 5.776 5.796 5.817 5.838 5.859 5.880 5.900 5.921 5.942 5.961 5.981 6.001 6.020 6.040 6.060 6.079 6.098 6.116 6.134 6.152 6.170 6.187 6.203 6.219 6.235 6.250 6.264 6.278 6.291 6.304 6.316 6.327 6.336
4.744 4.777 4.810 4.842 4.874 4.905 4.934 4.963 4.993 5.021 5.050 5.078 5.105 5.132 5.158 5.184 5.209 5.234 5.258 5.282 5.305 5.328 5.351 5.373 5.395 5.416 5.437 5.458 5.478 5.497 5.515 5.534 5.553 5.572 5.591 5.610 5.628 5.647 5.666 5.685 5.704 5.723 5.743 5.762 5.782 5.802 5.822 5.842 5.863 5.884 5.904 5.925 5.945 5.965 5.984 6.004 6.024 6.044 6.064 6.083 6.102 6.121 6.140 6.158 6.176 6.193 6.210 6.227 6.243 6.259 6.274 6.288 6.302 6.316 6.328 6.340 6.351
4.762 4.795 4.827 4.858 4.890 4.920 4.950 4.978 5.007 5.036 5.064 5.092 5.119 5.146 5.172 5.198 5.223 5.248 5.272 5.296 5.320 5.343 5.365 5.387 5.409 5.431 5.451 5.472 5.492 5.511 5.529 5.548 5.567 5.585 5.604 5.622 5.640 5.659 5.677 5.695 5.714 5.732 5.751 5.770 5.789 5.808 5.828 5.848 5.868 5.888 5.908 5.929 5.949 5.968 5.987 6.007 6.028 6.047 6.067 6.087 6.106 6.126 6.144 6.163 6.181 6.199 6.217 6.234 6.250 6.267 6.282 6.297 6.312 6.326 6.340 6.353 6.364
4.780 4.812 4.844 4.875 4.906 4.936 4.965 4.993 5.022 5.051 5.079 5.106 5.133 5.160 5.186 5.212 5.237 5.262 5.286 5.310 5.334 5.357 5.379 5.401 5.423 5.445 5.466 5.486 5.507 5.525 5.544 5.562 5.581 5.599 5.618 5.635 5.653 5.671 5.689 5.706 5.724 5.742 5.760 5.778 5.797 5.816 5.835 5.854 5.873 5.893 5.913 5.933 5.953 5.971 5.991 6.011 6.031 6.051 6.071 6.091 6.110 6.130 6.149 6.168 6.186 6.204 6.222 6.240 6.257 6.274 6.290 6.306 6.321 6.336 6.350 6.363 6.375
4.798 4.830 4.861 4.892 4.922 4.952 4.980 5.008 5.037 5.065 5.093 5.120 5.147 5.173 5.199 5.225 5.250 5.275 5.299 5.323 5.347 5.370 5.393 5.415 5.437 5.458 5.480 5.500 5.521 5.540 5.558 5.577 5.595 5.613 5.632 5.649 5.667 5.684 5.701 5.719 5.736 5.753 5.771 5.788 5.806 5.824 5.842 5.861 5.880 5.899 5.918 5.938 5.957 5.976 5.995 6.015 6.035 6.055 6.074 6.094 6.114 6.134 6.153 6.172 6.191 6.209 6.228 6.246 6.263 6.280 6.297 6.313 6.329 6.344 6.359 6.373 6.386
4.816 4.847 4.878 4.908 4.938 4.968 4.996 5.024 5.052 5.079 5.107 5.134 5.160 5.187 5.212 5.238 5.263 5.288 5.312 5.336 5.360 5.383 5.406 5.428 5.450 5.472 5.493 5.514 5.534 5.553 5.572 5.591 5.609 5.628 5.646 5.663 5.681 5.698 5.715 5.732 5.748 5.765 5.782 5.799 5.816 5.834 5.851 5.869 5.887 5.906 5.925 5.944 5.962 5.980 5.999 6.019 6.038 6.058 6.078 6.098 6.118 6.137 6.157 6.176 6.195 6.214 6.233 6.251 6.269 6.286 6.303 6.320 6.336 6.352 6.368 6.382 6.395
4.835 4.866 4.896 4.925 4.955 4.984 5.012 5.039 5.067 5.094 5.121 5.148 5.174 5.200 5.225 5.251 5.276 5.300 5.324 5.348 5.372 5.395 5.418 5.440 5.462 5.484 5.505 5.526 5.547 5.566 5.585 5.604 5.623 5.641 5.659 5.677 5.694 5.712 5.728 5.745 5.762 5.778 5.794 5.811 5.827 5.844 5.861 5.878 5.896 5.913 5.931 5.950 5.968 5.985 6.004 6.023 6.043 6.062 6.082 6.102 6.121 6.141 6.161 6.180 6.199 6.218 6.237 6.256 6.274 6.292 6.309 6.327 6.343 6.360 6.376 6.390 6.404
4.854 4.884 4.914 4.943 4.972 5.000 5.028 5.054 5.082 5.109 5.135 5.161 5.187 5.213 5.238 5.263 5.288 5.312 5.336 5.360 5.384 5.407 5.429 5.452 5.474 5.496 5.517 5.538 5.559 5.579 5.598 5.617 5.636 5.654 5.673 5.690 5.708 5.725 5.742 5.759 5.775 5.791 5.807 5.823 5.839 5.855 5.872 5.888 5.905 5.922 5.939 5.957 5.974 5.991 6.010 6.028 6.047 6.066 6.086 6.106 6.125 6.145 6.164 6.184 6.203 6.223 6.242 6.260 6.279 6.297 6.315 6.333 6.350 6.367 6.383 6.398 6.412
4.873 4.902 4.932 4.960 4.989 5.017 5.044 5.070 5.097 5.123 5.150 5.176 5.201 5.226 5.251 5.276 5.300 5.324 5.348 5.372 5.395 5.418 5.441 5.463 5.485 5.507 5.528 5.550 5.571 5.590 5.609 5.629 5.648 5.667 5.685 5.703 5.721 5.738 5.755 5.772 5.788 5.804 5.820 5.836 5.852 5.867 5.883 5.899 5.915 5.932 5.948 5.965 5.982 5.998 6.016 6.034 6.052 6.071 6.090 6.110 6.129 6.149 6.168 6.188 6.207 6.227 6.246 6.265 6.283 6.302 6.320 6.338 6.356 6.373 6.390 6.405 6.419
4.892 4.921 4.950 4.978 5.006 5.034 5.060 5.086 5.112 5.139 5.164 5.190 5.215 5.240 5.264 5.289 5.313 5.336 5.360 5.383 5.406 5.429 5.451 5.474 5.496 5.517 5.539 5.560 5.581 5.601 5.620 5.640 5.659 5.678 5.697 5.715 5.733 5.751 5.768 5.785 5.801 5.817 5.833 5.849 5.864 5.880 5.895 5.911 5.926 5.942 5.958 5.974 5.990 6.006 6.023 6.040 6.058 6.077 6.095 6.114 6.133 6.153 6.172 6.192 6.211 6.230 6.250 6.269 6.288 6.307 6.325 6.343 6.361 6.379 6.396 6.412 6.427
4.911 4.940 4.968 4.996 5.024 5.051 5.077 5.102 5.128 5.154 5.179 5.204 5.229 5.254 5.278 5.302 5.325 5.349 5.372 5.395 5.417 5.440 5.462 5.484 5.506 5.528 5.549 5.570 5.591 5.611 5.630 5.650 5.669 5.689 5.707 5.726 5.744 5.762 5.779 5.796 5.813 5.829 5.845 5.861 5.877 5.892 5.907 5.922 5.938 5.953 5.968 5.984 6.000 6.015 6.031 6.048 6.065 6.083 6.101 6.119 6.138 6.157 6.176 6.195 6.215 6.234 6.253 6.273 6.292 6.311 6.329 6.348 6.366 6.384 6.402 6.418 6.433
4.930 4.959 4.987 5.014 5.041 5.068 5.094 5.119 5.144 5.170 5.195 5.219 5.244 5.268 5.291 5.315 5.338 5.361 5.384 5.406 5.429 5.451 5.473 5.494 5.516 5.537 5.559 5.580 5.600 5.620 5.639 5.659 5.679 5.698 5.717 5.736 5.754 5.772 5.790 5.807 5.824 5.841 5.857 5.873 5.889 5.904 5.919 5.934 5.949 5.964 5.979 5.995 6.009 6.024 6.039 6.056 6.072 6.089 6.107 6.125 6.143 6.162 6.180 6.199 6.219 6.238 6.257 6.276 6.296 6.315 6.334 6.352 6.371 6.389 6.407 6.424 6.439
4.949 4.977 5.005 5.032 5.059 5.085 5.110 5.135 5.161 5.186 5.210 5.234 5.258 5.282 5.305 5.329 5.351 5.374 5.396 5.418 5.440 5.462 5.483 5.505 5.526 5.547 5.568 5.589 5.609 5.629 5.648 5.668 5.687 5.707 5.726 5.745 5.764 5.782 5.800 5.817 5.835 5.852 5.868 5.884 5.900 5.916 5.931 5.946 5.961 5.976 5.990 6.005 6.020 6.034 6.049 6.064 6.080 6.097 6.114 6.131 6.149 6.167 6.185 6.204 6.223 6.242 6.261 6.280 6.299 6.318 6.337 6.356 6.375 6.393 6.412 6.429 6.445
4.968 4.996 5.023 5.050 5.077 5.103 5.127 5.152 5.177 5.202 5.226 5.250 5.273 5.297 5.320 5.342 5.365 5.387 5.409 5.431 5.452 5.473 5.494 5.515 5.536 5.557 5.577 5.598 5.618 5.638 5.656 5.676 5.695 5.715 5.734 5.753 5.772 5.790 5.809 5.826 5.844 5.861 5.878 5.894 5.911 5.926 5.942 5.957 5.972 5.987 6.002 6.016 6.030 6.044 6.058 6.073 6.089 6.104 6.121 6.137 6.155 6.172 6.190 6.208 6.227 6.245 6.264 6.283 6.303 6.322 6.341 6.360 6.379 6.398 6.416 6.434 6.450
4.986 5.014 5.041 5.068 5.094 5.119 5.143 5.168 5.193 5.218 5.242 5.265 5.289 5.312 5.334 5.357 5.379 5.400 5.422 5.443 5.464 5.485 5.506 5.526 5.547 5.567 5.587 5.607 5.627 5.646 5.665 5.684 5.703 5.723 5.742 5.761 5.779 5.798 5.816 5.834 5.852 5.870 5.887 5.904 5.920 5.936 5.952 5.968 5.983 5.998 6.012 6.027 6.041 6.054 6.068 6.082 6.097 6.113 6.128 6.144 6.161 6.178 6.195 6.213 6.231 6.249 6.268 6.287 6.306 6.325 6.344 6.363 6.382 6.401 6.420 6.438 6.454
5.003 5.031 5.058 5.085 5.111 5.136 5.160 5.185 5.209 5.233 5.257 5.281 5.304 5.326 5.349 5.371 5.393 5.414 5.435 5.456 5.477 5.497 5.518 5.538 5.558 5.577 5.597 5.617 5.636 5.655 5.673 5.692 5.711 5.730 5.749 5.768 5.786 5.805 5.823 5.842 5.860 5.877 5.895 5.912 5.929 5.945 5.961 5.977 5.993 6.008 6.023 6.037 6.051 6.064 6.078 6.092 6.106 6.121 6.136 6.152 6.168 6.184 6.201 6.218 6.236 6.254 6.272 6.290 6.309 6.328 6.347 6.366 6.385 6.404 6.423 6.441 6.458
5.020 5.048 5.074 5.101 5.127 5.152 5.176 5.200 5.225 5.249 5.272 5.296 5.319 5.341 5.363 5.385 5.407 5.428 5.449 5.470 5.490 5.510 5.530 5.549 5.569 5.588 5.608 5.627 5.645 5.663 5.681 5.700 5.719 5.737 5.756 5.775 5.793 5.812 5.830 5.848 5.866 5.884 5.902 5.919 5.936 5.953 5.970 5.986 6.002 6.017 6.032 6.047 6.060 6.074 6.087 6.101 6.116 6.130 6.145 6.160 6.175 6.191 6.207 6.223 6.241 6.258 6.276 6.294 6.312 6.331 6.350 6.369 6.388 6.407 6.426 6.444 6.462
5.036 5.063 5.090 5.117 5.143 5.167 5.191 5.216 5.240 5.264 5.287 5.310 5.333 5.356 5.378 5.399 5.421 5.442 5.463 5.483 5.503 5.523 5.542 5.562 5.581 5.600 5.618 5.637 5.655 5.673 5.690 5.708 5.726 5.745 5.763 5.781 5.800 5.818 5.836 5.854 5.873 5.891 5.908 5.926 5.943 5.960 5.977 5.994 6.010 6.025 6.041 6.056 6.069 6.083 6.096 6.110 6.124 6.139 6.153 6.167 6.182 6.197 6.213 6.229 6.246 6.263 6.280 6.298 6.316 6.334 6.353 6.372 6.391 6.410 6.429 6.447 6.464
5.051 5.079 5.105 5.132 5.157 5.182 5.206 5.230 5.254 5.278 5.301 5.324 5.347 5.370 5.392 5.413 5.434 5.455 5.476 5.496 5.516 5.536 5.555 5.574 5.593 5.611 5.630 5.648 5.666 5.682 5.699 5.717 5.735 5.753 5.770 5.788 5.806 5.824 5.842 5.860 5.878 5.896 5.914 5.932 5.949 5.967 5.984 6.000 6.017 6.033 6.049 6.064 6.078 6.091 6.105 6.119 6.133 6.147 6.161 6.175 6.190 6.204 6.219 6.235 6.251 6.267 6.284 6.301 6.319 6.337 6.355 6.374 6.393 6.412 6.431 6.449 6.466
5.066 5.093 5.120 5.146 5.172 5.196 5.220 5.244 5.268 5.292 5.315 5.338 5.361 5.383 5.405 5.426 5.448 5.469 5.489 5.509 5.529 5.548 5.568 5.586 5.605 5.623 5.641 5.659 5.676 5.692 5.709 5.726 5.744 5.761 5.778 5.796 5.813 5.831 5.848 5.866 5.884 5.902 5.920 5.937 5.955 5.972 5.990 6.007 6.023 6.040 6.056 6.071 6.085 6.099 6.113 6.127 6.141 6.155 6.169 6.183 6.197 6.211 6.226 6.241 6.256 6.272 6.289 6.305 6.323 6.340 6.358 6.376 6.395 6.414 6.433 6.451 6.468
5.080 5.107 5.133 5.159 5.185 5.209 5.233 5.257 5.281 5.305 5.328 5.351 5.373 5.396 5.418 5.439 5.460 5.481 5.502 5.522 5.542 5.561 5.580 5.599 5.617 5.635 5.653 5.671 5.687 5.703 5.719 5.736 5.753 5.770 5.787 5.803 5.821 5.838 5.855 5.872 5.890 5.907 5.925 5.943 5.960 5.978 5.995 6.012 6.029 6.046 6.062 6.078 6.091 6.106 6.120 6.135 6.149 6.163 6.176 6.190 6.204 6.218 6.233 6.247 6.262 6.277 6.293 6.309 6.326 6.343 6.361 6.379 6.397 6.416 6.434 6.452 6.470
5.093 5.120 5.146 5.172 5.198 5.222 5.245 5.269 5.293 5.317 5.340 5.363 5.385 5.408 5.430 5.451 5.472 5.493 5.514 5.534 5.554 5.573 5.592 5.611 5.629 5.647 5.665 5.682 5.698 5.714 5.730 5.747 5.763 5.779 5.796 5.812 5.829 5.845 5.862 5.879 5.896 5.913 5.931 5.948 5.965 5.983 6.000 6.017 6.034 6.051 6.068 6.083 6.097 6.112 6.127 6.141 6.156 6.170 6.184 6.197 6.211 6.225 6.239 6.253 6.268 6.283 6.298 6.314 6.330 6.346 6.364 6.381 6.399 6.417 6.436 6.453 6.471
5.106 5.132 5.159 5.184 5.210 5.234 5.257 5.281 5.305 5.328 5.351 5.374 5.397 5.419 5.441 5.462 5.484 5.505 5.525 5.545 5.565 5.585 5.604 5.622 5.641 5.659 5.676 5.694 5.710 5.725 5.741 5.757 5.773 5.789 5.805 5.821 5.837 5.853 5.870 5.886 5.903 5.920 5.936 5.953 5.971 5.988 6.005 6.022 6.039 6.056 6.073 6.088 6.103 6.118 6.133 6.147 6.162 6.176 6.190 6.204 6.218 6.231 6.245 6.259 6.273 6.288 6.303 6.318 6.334 6.350 6.366 6.384 6.401 6.419 6.437 6.454 6.471
5.118 5.144 5.170 5.196 5.221 5.245 5.268 5.292 5.316 5.339 5.362 5.385 5.407 5.430 5.451 5.473 5.494 5.515 5.536 5.556 5.576 5.595 5.615 5.633 5.652 5.670 5.687 5.705 5.721 5.736 5.752 5.768 5.784 5.800 5.815 5.831 5.846 5.862 5.878 5.894 5.910 5.926 5.943 5.959 5.976 5.993 6.010 6.027 6.044 6.060 6.077 6.093 6.108 6.123 6.138 6.153 6.168 6.182 6.196 6.210 6.224 6.238 6.251 6.265 6.279 6.293 6.307 6.322 6.338 6.353 6.370 6.386 6.403 6.421 6.438 6.455 6.472
5.129 5.156 5.182 5.207 5.232 5.256 5.279 5.303 5.326 5.350 5.372 5.395 5.417 5.440 5.461 5.483 5.504 5.525 5.546 5.566 5.586 5.606 5.625 5.644 5.662 5.680 5.698 5.716 5.732 5.747 5.763 5.779 5.795 5.810 5.826 5.841 5.856 5.872 5.887 5.902 5.918 5.934 5.950 5.966 5.982 5.999 6.015 6.032 6.048 6.065 6.082 6.097 6.112 6.127 6.143 6.158 6.173 6.187 6.202 6.216 6.230 6.243 6.257 6.271 6.284 6.298 6.312 6.327 6.342 6.357 6.373 6.389 6.406 6.423 6.439 6.456 6.473
5.141 5.167 5.193 5.218 5.243 5.267 5.290 5.313 5.336 5.359 5.382 5.405 5.427 5.449 5.471 5.492 5.513 5.534 5.555 5.575 5.595 5.615 5.634 5.653 5.672 5.690 5.708 5.726 5.742 5.758 5.774 5.790 5.806 5.821 5.836 5.852 5.867 5.882 5.897 5.912 5.927 5.942 5.957 5.973 5.989 6.005 6.021 6.037 6.053 6.070 6.086 6.102 6.116 6.132 6.147 6.162 6.177 6.192 6.207 6.221 6.235 6.249 6.262 6.276 6.290 6.303 6.317 6.331 6.346 6.361 6.376 6.392 6.408 6.425 6.441 6.457 6.474
5.152 5.178 5.204 5.229 5.253 5.277 5.300 5.323 5.346 5.369 5.392 5.414 5.436 5.458 5.480 5.501 5.522 5.543 5.563 5.584 5.604 5.624 5.643 5.662 5.681 5.699 5.718 5.736 5.752 5.768 5.784 5.800 5.816 5.832 5.847 5.862 5.877 5.892 5.907 5.921 5.936 5.951 5.966 5.981 5.996 6.011 6.027 6.043 6.059 6.075 6.091 6.106 6.121 6.136 6.151 6.167 6.182 6.197 6.212 6.226 6.240 6.254 6.268 6.281 6.295 6.308 6.322 6.336 6.350 6.364 6.379 6.394 6.410 6.427 6.442 6.458 6.475
5.163 5.189 5.214 5.239 5.264 5.287 5.310 5.333 5.356 5.378 5.401 5.423 5.445 5.467 5.488 5.509 5.530 5.551 5.572 5.592 5.612 5.632 5.651 5.671 5.689 5.708 5.726 5.744 5.761 5.777 5.794 5.810 5.826 5.842 5.858 5.873 5.888 5.903 5.917 5.932 5.946 5.960 5.975 5.989 6.004 6.019 6.034 6.049 6.065 6.080 6.096 6.111 6.125 6.140 6.156 6.171 6.186 6.201 6.216 6.230 6.245 6.259 6.272 6.286 6.300 6.313 6.327 6.340 6.354 6.368 6.383 6.398 6.413 6.429 6.444 6.460 6.476
5.174 5.200 5.225 5.250 5.274 5.297 5.320 5.342 5.365 5.388 5.410 5.432 5.453 5.475 5.496 5.517 5.538 5.559 5.579 5.600 5.620 5.639 5.659 5.678 5.697 5.716 5.735 5.753 5.770 5.786 5.803 5.820 5.836 5.852 5.868 5.883 5.898 5.913 5.928 5.942 5.956 5.971 5.985 5.999 6.013 6.027 6.042 6.056 6.071 6.086 6.102 6.116 6.130 6.145 6.160 6.175 6.191 6.206 6.220 6.235 6.249 6.263 6.277 6.291 6.304 6.318 6.331 6.345 6.358 6.372 6.386 6.401 6.416 6.431 6.446 6.461 6.477
5.185 5.211 5.236 5.261 5.285 5.307 5.330 5.352 5.375 5.397 5.419 5.441 5.462 5.483 5.504 5.525 5.546 5.566 5.587 5.607 5.627 5.647 5.666 5.686 5.705 5.724 5.742 5.761 5.778 5.794 5.811 5.828 5.845 5.862 5.878 5.893 5.909 5.924 5.938 5.953 5.967 5.981 5.995 6.009 6.022 6.036 6.050 6.064 6.079 6.093 6.108 6.122 6.136 6.150 6.165 6.180 6.195 6.210 6.225 6.239 6.254 6.268 6.282 6.295 6.309 6.322 6.336 6.349 6.362 6.376 6.390 6.404 6.419 6.434 6.448 6.463 6.478
5.196 5.222 5.247 5.272 5.295 5.318 5.340 5.362 5.385 5.407 5.428 5.449 5.471 5.492 5.512 5.533 5.554 5.574 5.594 5.614 5.634 5.654 5.673 5.693 5.712 5.731 5.749 5.768 5.785 5.802 5.819 5.837 5.854 5.870 5.887 5.903 5.918 5.934 5.949 5.963 5.977 5.991 6.005 6.019 6.032 6.046 6.059 6.073 6.087 6.101 6.115 6.129 6.142 6.156 6.170 6.185 6.200 6.214 6.229 6.244 6.258 6.272 6.286 6.300 6.313 6.327 6.340 6.353 6.367 6.380 6.394 6.408 6.422 6.437 6.451 6.465 6.480
5.208 5.234 5.259 5.283 5.307 5.329 5.351 5.373 5.395 5.417 5.438 5.459 5.480 5.500 5.521 5.541 5.561 5.581 5.601 5.621 5.641 5.660 5.680 5.699 5.718 5.737 5.756 5.775 5.792 5.809 5.827 5.844 5.862 5.879 5.895 5.912 5.928 5.943 5.958 5.973 5.988 6.002 6.016 6.029 6.043 6.056 6.069 6.082 6.096 6.109 6.123 6.136 6.149 6.162 6.176 6.191 6.205 6.219 6.234 6.248 6.262 6.277 6.290 6.304 6.318 6.331 6.344 6.358 6.371 6.384 6.397 6.411 6.425 6.440 6.454 6.467 6.482
5.220 5.246 5.271 5.296 5.319 5.340 5.362 5.384 5.406 5.427 5.448 5.469 5.489 5.509 5.529 5.549 5.569 5.589 5.609 5.628 5.648 5.667 5.687 5.706 5.725 5.744 5.763 5.781 5.799 5.816 5.834 5.852 5.869 5.887 5.903 5.920 5.936 5.952 5.968 5.983 5.998 6.012 6.026 6.039 6.053 6.066 6.079 6.092 6.105 6.118 6.132 6.144 6.156 6.169 6.183 6.197 6.211 6.225 6.239 6.253 6.267 6.281 6.295 6.309 6.322 6.336 6.349 6.362 6.375 6.388 6.401 6.415 6.429 6.443 6.456 6.470 6.484
5.233 5.259 5.284 5.308 5.331 5.353 5.375 5.396 5.418 5.439 5.459 5.479 5.499 5.519 5.539 5.558 5.578 5.597 5.617 5.636 5.655 5.674 5.693 5.713 5.732 5.751 5.769 5.788 5.805 5.823 5.841 5.859 5.876 5.894 5.911 5.928 5.945 5.961 5.977 5.992 6.007 6.022 6.036 6.050 6.063 6.076 6.089 6.102 6.115 6.128 6.141 6.153 6.165 6.177 6.190 6.204 6.217 6.231 6.245 6.258 6.272 6.286 6.300 6.313 6.327 6.340 6.353 6.366 6.379 6.392 6.406 6.419 6.432 6.446 6.459 6.473 6.487
