version2/TsunamiDB/out54073.asc
ncols          264
nrows          230
xllcorner      497853.4375
yllcorner      4229146.0000
cellsize         5.
NODATA_value   -99
[rows 99 to 131 of 230, columns 76 to 151 of 264]
4.924 4.955 4.985 5.015 5.043 5.070 5.097 5.123 5.147 5.171 5.194 5.215 5.236 5.256 5.274 5.292 5.310 5.326 5.342 5.358 5.373 5.389 5.404 5.419 5.434 5.450 5.466 5.481 5.497 5.514 5.531 5.549 5.567 5.585 5.603 5.622 5.640 5.658 5.675 5.692 5.709 5.725 5.740 5.754 5.767 5.779 5.790 5.799 5.808 5.816 5.823 5.829 5.837 5.845 5.855 5.867 5.881 5.898 5.917 5.938 5.961 5.987 6.015 6.045 6.076 6.109 6.143 6.178 6.214 6.250 6.287 6.324 6.361 6.397 6.432 6.466
4.937 4.968 4.998 5.028 5.056 5.084 5.111 5.137 5.163 5.187 5.210 5.233 5.254 5.274 5.293 5.312 5.329 5.346 5.362 5.378 5.393 5.407 5.422 5.437 5.451 5.466 5.481 5.496 5.511 5.527 5.543 5.560 5.578 5.595 5.613 5.631 5.649 5.667 5.685 5.702 5.719 5.735 5.751 5.765 5.779 5.792 5.804 5.814 5.823 5.831 5.837 5.843 5.849 5.856 5.863 5.872 5.882 5.895 5.909 5.927 5.946 5.968 5.991 6.017 6.045 6.075 6.106 6.138 6.171 6.206 6.242 6.278 6.314 6.350 6.385 6.421
4.949 4.980 5.011 5.040 5.068 5.096 5.124 5.151 5.177 5.202 5.226 5.249 5.271 5.292 5.312 5.331 5.348 5.366 5.382 5.397 5.412 5.427 5.441 5.455 5.469 5.484 5.498 5.511 5.525 5.541 5.556 5.573 5.589 5.606 5.624 5.641 5.659 5.676 5.694 5.711 5.728 5.745 5.761 5.776 5.791 5.805 5.817 5.828 5.838 5.847 5.853 5.859 5.865 5.870 5.876 5.882 5.890 5.899 5.910 5.923 5.939 5.956 5.976 5.998 6.022 6.048 6.076 6.105 6.135 6.167 6.200 6.235 6.269 6.303 6.338 6.374
4.962 4.992 5.022 5.052 5.080 5.108 5.136 5.163 5.190 5.215 5.240 5.264 5.286 5.308 5.329 5.348 5.367 5.385 5.401 5.417 5.433 5.447 5.461 5.475 5.489 5.502 5.516 5.528 5.542 5.556 5.571 5.586 5.602 5.618 5.635 5.652 5.669 5.686 5.704 5.721 5.738 5.755 5.771 5.787 5.802 5.817 5.830 5.842 5.853 5.863 5.870 5.876 5.882 5.887 5.892 5.897 5.903 5.909 5.917 5.927 5.939 5.953 5.969 5.988 6.008 6.030 6.055 6.080 6.108 6.136 6.166 6.198 6.229 6.260 6.293 6.328
4.974 5.004 5.034 5.062 5.090 5.119 5.147 5.174 5.201 5.227 5.253 5.277 5.300 5.323 5.344 5.365 5.384 5.403 5.420 5.437 5.452 5.467 5.482 5.496 5.509 5.522 5.535 5.547 5.560 5.573 5.587 5.601 5.616 5.631 5.647 5.663 5.680 5.697 5.714 5.731 5.748 5.765 5.781 5.798 5.813 5.828 5.842 5.856 5.868 5.878 5.885 5.893 5.899 5.905 5.910 5.914 5.919 5.924 5.930 5.937 5.946 5.957 5.970 5.985 6.002 6.021 6.041 6.064 6.088 6.114 6.140 6.169 6.197 6.226 6.256 6.288
4.986 5.015 5.044 5.072 5.100 5.129 5.157 5.184 5.211 5.238 5.264 5.289 5.313 5.336 5.358 5.380 5.400 5.419 5.438 5.455 5.471 5.487 5.502 5.516 5.530 5.543 5.555 5.567 5.579 5.591 5.604 5.618 5.632 5.646 5.661 5.676 5.692 5.708 5.724 5.741 5.758 5.775 5.791 5.808 5.824 5.839 5.854 5.868 5.881 5.892 5.901 5.909 5.917 5.923 5.929 5.933 5.937 5.941 5.946 5.951 5.958 5.966 5.976 5.988 6.002 6.018 6.035 6.055 6.076 6.099 6.123 6.148 6.174 6.200 6.227 6.256
4.998 5.027 5.055 5.083 5.110 5.138 5.166 5.194 5.221 5.247 5.274 5.299 5.324 5.348 5.371 5.393 5.414 5.434 5.454 5.472 5.489 5.506 5.521 5.536 5.550 5.564 5.576 5.587 5.599 5.611 5.623 5.636 5.649 5.662 5.676 5.690 5.705 5.720 5.736 5.752 5.768 5.785 5.801 5.818 5.834 5.850 5.865 5.880 5.893 5.905 5.915 5.925 5.933 5.941 5.947 5.952 5.957 5.960 5.964 5.968 5.973 5.979 5.987 5.996 6.007 6.021 6.036 6.052 6.071 6.091 6.112 6.135 6.158 6.181 6.206 6.233
5.011 5.039 5.067 5.093 5.120 5.148 5.175 5.202 5.229 5.256 5.282 5.308 5.333 5.358 5.382 5.404 5.427 5.448 5.468 5.487 5.505 5.523 5.539 5.555 5.570 5.584 5.596 5.608 5.620 5.631 5.643 5.655 5.667 5.679 5.692 5.705 5.719 5.733 5.748 5.764 5.779 5.796 5.812 5.828 5.844 5.860 5.876 5.891 5.905 5.917 5.928 5.939 5.949 5.957 5.965 5.971 5.976 5.980 5.984 5.987 5.991 5.996 6.002 6.009 6.018 6.028 6.041 6.055 6.071 6.089 6.108 6.129 6.149 6.170 6.193 6.217
5.025 5.052 5.079 5.105 5.130 5.157 5.184 5.211 5.237 5.264 5.290 5.316 5.341 5.366 5.391 5.414 5.437 5.459 5.480 5.501 5.520 5.538 5.556 5.573 5.588 5.603 5.616 5.628 5.640 5.652 5.664 5.675 5.687 5.698 5.710 5.722 5.735 5.748 5.762 5.776 5.791 5.807 5.823 5.838 5.854 5.870 5.886 5.901 5.916 5.929 5.941 5.952 5.963 5.973 5.981 5.988 5.994 5.999 6.003 6.007 6.011 6.014 6.019 6.024 6.031 6.040 6.050 6.062 6.076 6.092 6.109 6.127 6.146 6.165 6.186 6.208
5.039 5.065 5.091 5.116 5.141 5.167 5.193 5.219 5.245 5.271 5.297 5.323 5.349 5.374 5.398 5.422 5.446 5.469 5.491 5.512 5.532 5.552 5.571 5.588 5.605 5.621 5.635 5.648 5.661 5.673 5.685 5.696 5.707 5.718 5.729 5.740 5.752 5.764 5.777 5.790 5.804 5.819 5.834 5.849 5.865 5.881 5.896 5.912 5.927 5.940 5.953 5.965 5.977 5.987 5.997 6.005 6.012 6.018 6.023 6.027 6.030 6.034 6.038 6.042 6.048 6.055 6.063 6.073 6.085 6.098 6.113 6.130 6.147 6.164 6.184 6.204
5.055 5.080 5.105 5.129 5.153 5.178 5.203 5.228 5.254 5.279 5.304 5.330 5.355 5.380 5.405 5.429 5.453 5.477 5.499 5.521 5.543 5.563 5.583 5.602 5.620 5.637 5.652 5.666 5.680 5.693 5.705 5.717 5.728 5.738 5.749 5.759 5.770 5.782 5.793 5.806 5.819 5.832 5.846 5.861 5.876 5.891 5.907 5.922 5.937 5.951 5.964 5.977 5.989 6.000 6.011 6.020 6.028 6.035 6.041 6.046 6.050 6.054 6.057 6.061 6.066 6.071 6.078 6.086 6.096 6.108 6.121 6.136 6.151 6.167 6.185 6.204
5.071 5.095 5.119 5.142 5.165 5.189 5.214 5.238 5.262 5.287 5.312 5.337 5.361 5.386 5.411 5.435 5.459 5.483 5.506 5.529 5.551 5.573 5.594 5.614 5.633 5.651 5.667 5.682 5.697 5.711 5.724 5.736 5.748 5.759 5.769 5.779 5.790 5.800 5.811 5.822 5.834 5.847 5.860 5.874 5.888 5.903 5.918 5.933 5.948 5.962 5.975 5.988 6.001 6.013 6.024 6.034 6.043 6.051 6.058 6.064 6.069 6.073 6.077 6.081 6.085 6.089 6.095 6.102 6.110 6.120 6.132 6.145 6.159 6.173 6.189 6.207
5.088 5.111 5.135 5.157 5.179 5.202 5.225 5.249 5.272 5.296 5.320 5.344 5.368 5.392 5.416 5.440 5.465 5.488 5.512 5.535 5.558 5.580 5.602 5.623 5.643 5.663 5.680 5.696 5.712 5.727 5.742 5.755 5.767 5.778 5.789 5.799 5.809 5.819 5.830 5.840 5.851 5.863 5.875 5.888 5.901 5.915 5.929 5.944 5.958 5.972 5.985 5.999 6.012 6.024 6.036 6.047 6.057 6.066 6.074 6.080 6.086 6.091 6.096 6.100 6.104 6.108 6.113 6.119 6.126 6.134 6.144 6.156 6.168 6.181 6.196 6.212
5.106 5.129 5.151 5.173 5.194 5.216 5.238 5.260 5.283 5.305 5.328 5.351 5.375 5.398 5.422 5.446 5.470 5.493 5.517 5.540 5.564 5.586 5.609 5.631 5.652 5.672 5.691 5.708 5.725 5.742 5.757 5.771 5.784 5.797 5.808 5.819 5.829 5.839 5.849 5.859 5.869 5.879 5.891 5.902 5.915 5.928 5.941 5.955 5.970 5.983 5.996 6.009 6.022 6.035 6.048 6.059 6.070 6.080 6.088 6.096 6.103 6.108 6.113 6.118 6.122 6.127 6.131 6.136 6.143 6.150 6.159 6.169 6.180 6.191 6.205 6.220
5.124 5.147 5.169 5.189 5.210 5.231 5.252 5.273 5.295 5.317 5.338 5.360 5.383 5.405 5.428 5.451 5.475 5.498 5.521 5.545 5.568 5.591 5.614 5.636 5.658 5.680 5.699 5.718 5.736 5.754 5.770 5.786 5.800 5.813 5.826 5.837 5.848 5.858 5.868 5.878 5.887 5.897 5.908 5.918 5.930 5.942 5.955 5.968 5.981 5.994 6.007 6.020 6.033 6.046 6.059 6.071 6.082 6.092 6.102 6.110 6.118 6.124 6.130 6.135 6.140 6.145 6.149 6.154 6.160 6.166 6.174 6.183 6.193 6.203 6.215 6.229
5.143 5.165 5.187 5.207 5.227 5.247 5.268 5.288 5.308 5.329 5.350 5.371 5.392 5.414 5.435 5.458 5.480 5.503 5.526 5.549 5.572 5.595 5.618 5.641 5.663 5.685 5.706 5.725 5.744 5.763 5.781 5.798 5.813 5.828 5.841 5.854 5.865 5.876 5.886 5.896 5.906 5.915 5.925 5.935 5.946 5.957 5.969 5.981 5.994 6.006 6.018 6.031 6.044 6.057 6.070 6.082 6.093 6.104 6.114 6.123 6.132 6.139 6.146 6.152 6.157 6.162 6.167 6.172 6.177 6.183 6.190 6.198 6.206 6.216 6.227 6.240
5.162 5.184 5.205 5.225 5.244 5.264 5.284 5.304 5.323 5.343 5.363 5.383 5.403 5.423 5.444 5.465 5.487 5.509 5.531 5.553 5.576 5.599 5.622 5.645 5.667 5.690 5.711 5.731 5.751 5.771 5.789 5.807 5.824 5.840 5.855 5.868 5.881 5.893 5.904 5.914 5.924 5.933 5.943 5.952 5.962 5.973 5.983 5.995 6.007 6.018 6.030 6.042 6.055 6.068 6.081 6.093 6.105 6.116 6.126 6.136 6.145 6.153 6.160 6.167 6.173 6.178 6.184 6.189 6.194 6.200 6.206 6.213 6.221 6.229 6.240 6.251
5.181 5.202 5.224 5.243 5.262 5.282 5.301 5.321 5.339 5.358 5.377 5.396 5.415 5.434 5.454 5.474 5.495 5.516 5.537 5.559 5.581 5.603 5.626 5.648 5.671 5.693 5.714 5.735 5.756 5.776 5.796 5.815 5.833 5.850 5.866 5.881 5.895 5.907 5.919 5.930 5.941 5.950 5.960 5.969 5.979 5.989 5.999 6.010 6.021 6.032 6.042 6.054 6.067 6.079 6.091 6.104 6.116 6.127 6.138 6.148 6.157 6.166 6.174 6.181 6.188 6.194 6.199 6.205 6.210 6.216 6.222 6.229 6.235 6.243 6.252 6.263
5.199 5.221 5.242 5.262 5.281 5.300 5.319 5.338 5.357 5.375 5.393 5.411 5.429 5.447 5.466 5.485 5.504 5.524 5.544 5.565 5.586 5.608 5.630 5.652 5.674 5.696 5.717 5.738 5.759 5.780 5.801 5.820 5.839 5.857 5.875 5.891 5.906 5.920 5.933 5.945 5.956 5.966 5.976 5.986 5.995 6.005 6.015 6.025 6.035 6.045 6.055 6.067 6.079 6.091 6.103 6.115 6.126 6.138 6.149 6.159 6.169 6.178 6.187 6.195 6.202 6.208 6.214 6.220 6.226 6.231 6.237 6.244 6.250 6.257 6.266 6.276
5.217 5.239 5.260 5.280 5.299 5.319 5.338 5.356 5.375 5.392 5.410 5.427 5.445 5.462 5.480 5.497 5.516 5.534 5.553 5.573 5.593 5.613 5.634 5.656 5.677 5.699 5.720 5.741 5.762 5.783 5.804 5.825 5.844 5.863 5.881 5.899 5.915 5.930 5.944 5.957 5.969 5.981 5.991 6.001 6.011 6.021 6.030 6.040 6.050 6.059 6.069 6.080 6.091 6.102 6.114 6.126 6.138 6.149 6.160 6.171 6.181 6.190 6.199 6.207 6.215 6.222 6.228 6.235 6.240 6.246 6.252 6.259 6.264 6.271 6.279 6.288
5.235 5.257 5.278 5.298 5.317 5.337 5.356 5.375 5.393 5.411 5.428 5.445 5.462 5.478 5.495 5.512 5.529 5.546 5.564 5.582 5.601 5.621 5.641 5.661 5.682 5.703 5.723 5.744 5.765 5.786 5.807 5.828 5.848 5.868 5.887 5.905 5.922 5.938 5.953 5.968 5.981 5.993 6.005 6.015 6.026 6.036 6.045 6.055 6.065 6.073 6.082 6.093 6.103 6.115 6.126 6.137 6.149 6.160 6.171 6.182 6.192 6.202 6.211 6.219 6.227 6.235 6.242 6.248 6.254 6.261 6.267 6.273 6.278 6.284 6.292 6.301
5.251 5.273 5.295 5.315 5.335 5.355 5.374 5.393 5.411 5.429 5.446 5.463 5.479 5.496 5.512 5.528 5.544 5.560 5.577 5.594 5.612 5.630 5.649 5.668 5.688 5.707 5.727 5.747 5.768 5.789 5.810 5.830 5.851 5.871 5.890 5.909 5.927 5.944 5.961 5.976 5.990 6.004 6.016 6.028 6.039 6.049 6.059 6.069 6.078 6.087 6.096 6.106 6.116 6.127 6.138 6.149 6.160 6.171 6.182 6.193 6.203 6.213 6.222 6.231 6.239 6.247 6.254 6.261 6.268 6.274 6.280 6.286 6.291 6.297 6.305 6.313
5.267 5.289 5.311 5.331 5.352 5.372 5.392 5.411 5.429 5.447 5.465 5.481 5.498 5.514 5.530 5.545 5.561 5.576 5.592 5.608 5.624 5.641 5.658 5.676 5.695 5.714 5.732 5.751 5.771 5.792 5.812 5.833 5.854 5.874 5.893 5.913 5.931 5.949 5.966 5.983 5.998 6.012 6.026 6.038 6.050 6.061 6.072 6.082 6.092 6.100 6.109 6.119 6.129 6.139 6.150 6.161 6.172 6.183 6.193 6.204 6.214 6.224 6.234 6.243 6.251 6.259 6.267 6.274 6.281 6.287 6.293 6.299 6.304 6.310 6.317 6.325
5.281 5.304 5.326 5.346 5.367 5.388 5.408 5.428 5.447 5.465 5.483 5.500 5.516 5.533 5.548 5.564 5.579 5.593 5.608 5.623 5.639 5.654 5.670 5.687 5.704 5.722 5.738 5.757 5.776 5.796 5.816 5.836 5.856 5.876 5.896 5.916 5.935 5.953 5.971 5.988 6.004 6.019 6.034 6.047 6.060 6.072 6.083 6.094 6.104 6.112 6.122 6.131 6.141 6.152 6.162 6.173 6.183 6.194 6.205 6.215 6.226 6.236 6.245 6.254 6.263 6.271 6.279 6.286 6.293 6.299 6.306 6.311 6.316 6.322 6.329 6.336
5.295 5.318 5.340 5.361 5.382 5.403 5.424 5.444 5.463 5.482 5.500 5.518 5.535 5.551 5.567 5.582 5.597 5.612 5.626 5.641 5.655 5.669 5.684 5.700 5.716 5.731 5.747 5.764 5.783 5.801 5.820 5.840 5.860 5.879 5.899 5.919 5.938 5.957 5.975 5.992 6.009 6.025 6.040 6.055 6.068 6.081 6.093 6.105 6.115 6.124 6.133 6.143 6.153 6.163 6.174 6.184 6.195 6.205 6.216 6.226 6.237 6.247 6.256 6.266 6.275 6.283 6.291 6.298 6.305 6.312 6.318 6.324 6.328 6.334 6.341 6.348
5.307 5.331 5.353 5.374 5.396 5.417 5.438 5.459 5.479 5.498 5.517 5.535 5.552 5.569 5.586 5.601 5.616 5.631 5.645 5.659 5.673 5.687 5.700 5.715 5.729 5.744 5.758 5.774 5.791 5.808 5.827 5.845 5.864 5.883 5.903 5.922 5.941 5.960 5.978 5.996 6.013 6.030 6.046 6.061 6.075 6.089 6.102 6.114 6.125 6.134 6.144 6.154 6.165 6.175 6.185 6.195 6.206 6.216 6.227 6.237 6.248 6.258 6.268 6.277 6.286 6.295 6.303 6.310 6.317 6.324 6.330 6.336 6.340 6.346 6.352 6.359
5.319 5.343 5.365 5.386 5.409 5.430 5.452 5.473 5.493 5.513 5.532 5.551 5.569 5.587 5.603 5.620 5.635 5.650 5.664 5.678 5.692 5.705 5.718 5.731 5.745 5.758 5.771 5.786 5.801 5.817 5.834 5.852 5.870 5.888 5.907 5.926 5.945 5.963 5.982 6.000 6.017 6.034 6.051 6.066 6.081 6.096 6.109 6.122 6.133 6.144 6.154 6.165 6.175 6.185 6.196 6.206 6.217 6.227 6.238 6.248 6.259 6.269 6.279 6.288 6.298 6.306 6.314 6.322 6.329 6.336 6.342 6.348 6.352 6.358 6.364 6.370
5.330 5.354 5.376 5.398 5.420 5.442 5.464 5.485 5.506 5.527 5.546 5.566 5.585 5.603 5.620 5.637 5.653 5.669 5.683 5.697 5.711 5.724 5.737 5.750 5.762 5.774 5.786 5.800 5.814 5.829 5.844 5.860 5.877 5.895 5.913 5.931 5.949 5.967 5.986 6.004 6.021 6.039 6.055 6.071 6.087 6.102 6.116 6.129 6.141 6.152 6.163 6.174 6.185 6.195 6.206 6.216 6.227 6.238 6.248 6.259 6.269 6.280 6.290 6.300 6.309 6.318 6.326 6.334 6.341 6.348 6.355 6.360 6.365 6.370 6.375 6.382
5.341 5.364 5.387 5.409 5.431 5.453 5.475 5.497 5.518 5.539 5.559 5.579 5.599 5.618 5.636 5.653 5.670 5.686 5.702 5.716 5.730 5.744 5.756 5.769 5.781 5.793 5.804 5.816 5.829 5.842 5.856 5.871 5.887 5.903 5.920 5.937 5.955 5.972 5.990 6.008 6.026 6.043 6.060 6.076 6.092 6.107 6.122 6.136 6.148 6.159 6.171 6.182 6.194 6.205 6.215 6.226 6.237 6.248 6.258 6.269 6.280 6.290 6.300 6.310 6.320 6.329 6.338 6.346 6.353 6.361 6.367 6.373 6.377 6.382 6.388 6.393
5.351 5.374 5.397 5.419 5.441 5.464 5.486 5.508 5.529 5.550 5.571 5.592 5.612 5.631 5.650 5.668 5.686 5.703 5.719 5.734 5.749 5.763 5.776 5.789 5.801 5.812 5.822 5.833 5.845 5.858 5.870 5.884 5.898 5.913 5.929 5.945 5.962 5.979 5.996 6.013 6.031 6.048 6.065 6.081 6.097 6.112 6.127 6.142 6.155 6.167 6.178 6.190 6.202 6.213 6.224 6.235 6.246 6.257 6.268 6.279 6.290 6.300 6.311 6.321 6.331 6.340 6.349 6.358 6.366 6.373 6.380 6.385 6.390 6.395 6.400 6.406
5.361 5.384 5.406 5.428 5.451 5.473 5.495 5.517 5.539 5.561 5.582 5.603 5.623 5.644 5.663 5.682 5.701 5.718 5.735 5.751 5.767 5.781 5.795 5.808 5.820 5.831 5.842 5.852 5.864 5.875 5.887 5.899 5.912 5.926 5.940 5.955 5.970 5.987 6.003 6.020 6.037 6.053 6.070 6.086 6.102 6.118 6.133 6.148 6.161 6.173 6.186 6.198 6.210 6.221 6.233 6.244 6.255 6.266 6.277 6.288 6.299 6.310 6.321 6.331 6.341 6.351 6.361 6.369 6.378 6.385 6.393 6.398 6.403 6.408 6.413 6.418
5.370 5.393 5.415 5.437 5.460 5.482 5.504 5.527 5.549 5.570 5.592 5.613 5.634 5.655 5.675 5.694 5.714 5.732 5.750 5.767 5.783 5.798 5.813 5.827 5.840 5.851 5.861 5.872 5.883 5.894 5.904 5.916 5.927 5.940 5.953 5.967 5.981 5.996 6.012 6.028 6.044 6.060 6.076 6.092 6.108 6.124 6.139 6.154 6.167 6.180 6.192 6.205 6.217 6.229 6.241 6.252 6.263 6.275 6.286 6.297 6.308 6.319 6.330 6.341 6.352 6.362 6.372 6.381 6.390 6.398 6.405 6.411 6.416 6.421 6.426 6.432
5.380 5.403 5.424 5.446 5.468 5.491 5.513 5.535 5.557 5.579 5.601 5.622 5.644 5.665 5.685 5.705 5.725 5.744 5.763 5.781 5.798 5.814 5.830 5.844 5.858 5.870 5.881 5.892 5.902 5.913 5.923 5.934 5.945 5.956 5.968 5.980 5.994 6.008 6.022 6.037 6.052 6.068 6.084 6.099 6.115 6.130 6.146 6.160 6.174 6.186 6.199 6.212 6.224 6.236 6.248 6.260 6.271 6.283 6.294 6.305 6.317 6.328 6.339 6.350 6.361 6.372 6.382 6.392 6.401 6.410 6.418 6.424 6.430 6.435 6.440 6.446
