version2/TsunamiDB/out54016.asc
ncols          264
nrows          230
xllcorner      497853.4375
yllcorner      4229146.0000
cellsize         5.
NODATA_value   -99
[rows 93 to 123 of 230, columns 140 to 209 of 264]
-99.000 -99.000 -99.000 -99.000 -99.000 -99.000 -99.000 -99.000 -99.000 -99.000 -99.000 -99.000 -99.000 -99.000 -99.000 -99.000 -99.000 -99.000 -99.000 -99.000 -99.000 1.645 1.663 1.755 1.951 2.230 2.569 2.931 3.271 3.564 3.804 3.994 4.144 4.264 4.363 4.447 4.520 4.586 4.647 4.703 4.755 4.803 4.849 4.892 4.933 4.972 5.010 5.046 5.082 5.117 5.153 5.188 5.225 5.262 5.300 5.338 5.377 5.417 5.458 5.498 5.539 5.579 5.620 5.660 5.701 5.742 5.783 5.824 5.864 5.902
-99.000 -99.000 -99.000 -99.000 -99.000 -99.000 -99.000 -99.000 -99.000 -99.000 -99.000 -99.000 -99.000 -99.000 -99.000 -99.000 -99.000 -99.000 -99.000 -99.000 1.644 1.647 1.687 1.821 2.054 2.360 2.714 3.073 3.396 3.669 3.889 4.062 4.199 4.309 4.401 4.481 4.551 4.615 4.675 4.730 4.782 4.830 4.877 4.920 4.961 5.001 5.038 5.074 5.110 5.145 5.179 5.214 5.249 5.285 5.321 5.357 5.395 5.434 5.474 5.514 5.555 5.596 5.638 5.681 5.724 5.769 5.815 5.860 5.905 5.949
-99.000 -99.000 -99.000 -99.000 -99.000 -99.000 -99.000 -99.000 -99.000 -99.000 -99.000 -99.000 -99.000 -99.000 -99.000 -99.000 -99.000 -99.000 -99.000 -99.000 1.644 1.655 1.728 1.904 2.169 2.499 2.861 3.210 3.514 3.766 3.966 4.124 4.249 4.351 4.437 4.513 4.581 4.643 4.701 4.756 4.807 4.856 4.903 4.947 4.988 5.028 5.066 5.102 5.138 5.172 5.206 5.240 5.273 5.308 5.342 5.376 5.413 5.450 5.489 5.529 5.570 5.612 5.655 5.700 5.747 5.795 5.844 5.894 5.944 5.992
-99.000 -99.000 -99.000 -99.000 -99.000 -99.000 -99.000 -99.000 -99.000 -99.000 -99.000 -99.000 -99.000 -99.000 -99.000 -99.000 -99.000 -99.000 -99.000 1.644 1.646 1.673 1.786 2.000 2.295 2.643 3.006 3.340 3.624 3.855 4.037 4.181 4.296 4.390 4.472 4.544 4.610 4.670 4.727 4.781 4.832 4.881 4.928 4.972 5.014 5.054 5.093 5.130 5.165 5.199 5.232 5.265 5.298 5.330 5.362 5.395 5.429 5.465 5.503 5.542 5.583 5.626 5.670 5.717 5.766 5.817 5.870 5.925 5.979 6.032
-99.000 -99.000 -99.000 -99.000 -99.000 -99.000 -99.000 -99.000 -99.000 -99.000 -99.000 -99.000 -99.000 -99.000 -99.000 -99.000 -99.000 -99.000 -99.000 1.644 1.650 1.705 1.861 2.110 2.430 2.790 3.147 3.463 3.726 3.936 4.102 4.233 4.339 4.428 4.505 4.574 4.638 4.697 4.753 4.806 4.857 4.906 4.952 4.997 5.040 5.080 5.119 5.157 5.192 5.226 5.259 5.291 5.322 5.353 5.382 5.413 5.445 5.479 5.515 5.553 5.594 5.637 5.682 5.731 5.782 5.837 5.893 5.951 6.010 6.067
-99.000 -99.000 -99.000 -99.000 -99.000 -99.000 -99.000 -99.000 -99.000 -99.000 -99.000 -99.000 -99.000 -99.000 -99.000 -99.000 -99.000 -99.000 -99.000 1.645 1.663 1.755 1.951 2.232 2.573 2.938 3.281 3.577 3.819 4.010 4.161 4.281 4.379 4.463 4.537 4.603 4.665 4.723 4.778 4.831 4.881 4.930 4.976 5.021 5.064 5.106 5.146 5.183 5.219 5.254 5.286 5.317 5.347 5.376 5.403 5.431 5.461 5.492 5.526 5.563 5.603 5.646 5.692 5.742 5.796 5.853 5.913 5.974 6.036 6.098
-99.000 -99.000 -99.000 -99.000 -99.000 -99.000 -99.000 -99.000 -99.000 -99.000 -99.000 -99.000 -99.000 -99.000 -99.000 -99.000 -99.000 -99.000 1.644 1.647 1.688 1.822 2.056 2.364 2.721 3.083 3.409 3.684 3.904 4.078 4.216 4.325 4.417 4.496 4.567 4.632 4.692 4.749 4.803 4.855 4.905 4.953 5.000 5.045 5.089 5.131 5.172 5.210 5.247 5.281 5.314 5.344 5.373 5.400 5.425 5.451 5.477 5.506 5.537 5.572 5.611 5.654 5.700 5.752 5.807 5.867 5.929 5.994 6.059 6.125
-99.000 -99.000 -99.000 -99.000 -99.000 -99.000 -99.000 -99.000 -99.000 -99.000 -99.000 -99.000 -99.000 -99.000 -99.000 -99.000 -99.000 -99.000 1.644 1.655 1.729 1.906 2.173 2.505 2.870 3.223 3.530 3.782 3.983 4.140 4.265 4.367 4.452 4.528 4.596 4.659 4.718 4.774 4.828 4.879 4.929 4.977 5.024 5.070 5.114 5.157 5.198 5.237 5.275 5.310 5.342 5.373 5.401 5.426 5.449 5.472 5.496 5.521 5.550 5.582 5.619 5.661 5.708 5.760 5.817 5.879 5.944 6.011 6.080 6.150
-99.000 -99.000 -99.000 -99.000 -99.000 -99.000 -99.000 -99.000 -99.000 -99.000 -99.000 -99.000 -99.000 -99.000 -99.000 -99.000 -99.000 1.644 1.646 1.674 1.788 2.005 2.301 2.652 3.019 3.356 3.642 3.873 4.055 4.197 4.312 4.405 4.486 4.558 4.624 4.685 4.743 4.799 4.852 4.903 4.953 5.001 5.048 5.094 5.139 5.182 5.224 5.265 5.303 5.339 5.372 5.402 5.430 5.454 5.476 5.496 5.517 5.540 5.565 5.595 5.630 5.671 5.717 5.770 5.828 5.890 5.957 6.028 6.100 6.173
-99.000 -99.000 -99.000 -99.000 -99.000 -99.000 -99.000 -99.000 -99.000 -99.000 -99.000 -99.000 -99.000 -99.000 -99.000 -99.000 -99.000 1.644 1.651 1.707 1.865 2.117 2.439 2.803 3.163 3.482 3.746 3.956 4.121 4.251 4.355 4.442 4.518 4.587 4.651 4.710 4.767 4.822 4.875 4.926 4.976 5.024 5.072 5.118 5.163 5.207 5.250 5.292 5.331 5.368 5.402 5.433 5.460 5.485 5.505 5.524 5.542 5.562 5.585 5.611 5.644 5.683 5.729 5.781 5.839 5.902 5.971 6.044 6.119 6.196
-99.000 -99.000 -99.000 -99.000 -99.000 -99.000 -99.000 -99.000 -99.000 -99.000 -99.000 -99.000 -99.000 -99.000 -99.000 -99.000 -99.000 1.645 1.664 1.759 1.958 2.241 2.585 2.954 3.302 3.600 3.843 4.033 4.182 4.300 4.397 4.478 4.549 4.615 4.677 4.735 4.791 4.845 4.897 4.948 4.998 5.047 5.094 5.141 5.187 5.232 5.276 5.318 5.359 5.397 5.432 5.464 5.492 5.516 5.536 5.554 5.572 5.590 5.610 5.634 5.664 5.701 5.745 5.795 5.852 5.915 5.985 6.060 6.138 6.219
-99.000 -99.000 -99.000 -99.000 -99.000 -99.000 -99.000 -99.000 -99.000 -99.000 -99.000 -99.000 -99.000 -99.000 -99.000 -99.000 1.644 1.648 1.690 1.828 2.065 2.376 2.735 3.102 3.433 3.710 3.931 4.103 4.239 4.347 4.436 4.512 4.580 4.644 4.703 4.759 4.814 4.867 4.919 4.970 5.019 5.068 5.116 5.163 5.210 5.255 5.300 5.343 5.385 5.424 5.460 5.493 5.523 5.548 5.569 5.587 5.604 5.621 5.640 5.662 5.690 5.724 5.765 5.813 5.869 5.931 6.001 6.078 6.158 6.241
-99.000 -99.000 -99.000 -99.000 -99.000 -99.000 -99.000 -99.000 -99.000 -99.000 -99.000 -99.000 -99.000 -99.000 -99.000 -99.000 1.644 1.656 1.733 1.914 2.184 2.519 2.888 3.245 3.556 3.810 4.011 4.168 4.291 4.391 4.474 4.546 4.611 4.672 4.729 4.784 4.837 4.889 4.940 4.990 5.040 5.088 5.136 5.184 5.231 5.277 5.322 5.366 5.408 5.448 5.486 5.521 5.552 5.579 5.601 5.620 5.639 5.657 5.675 5.696 5.722 5.753 5.791 5.837 5.889 5.949 6.018 6.096 6.177 6.262
-99.000 -99.000 -99.000 -99.000 -99.000 -99.000 -99.000 -99.000 -99.000 -99.000 -99.000 -99.000 -99.000 -99.000 -99.000 1.644 1.646 1.676 1.795 2.016 2.315 2.669 3.039 3.381 3.669 3.902 4.084 4.226 4.340 4.432 4.511 4.579 4.642 4.700 4.756 4.809 4.861 4.912 4.962 5.011 5.060 5.108 5.156 5.203 5.250 5.296 5.342 5.386 5.429 5.470 5.509 5.545 5.577 5.607 5.631 5.653 5.674 5.694 5.714 5.736 5.761 5.789 5.824 5.865 5.914 5.971 6.038 6.116 6.198 6.285
-99.000 -99.000 -99.000 -99.000 -99.000 -99.000 -99.000 -99.000 -99.000 -99.000 -99.000 -99.000 -99.000 -99.000 -99.000 1.644 1.652 1.712 1.875 2.131 2.456 2.821 3.185 3.507 3.773 3.984 4.150 4.280 4.384 4.471 4.546 4.612 4.672 4.729 4.783 4.835 4.886 4.935 4.984 5.032 5.080 5.128 5.175 5.222 5.268 5.314 5.359 5.403 5.446 5.488 5.527 5.565 5.599 5.631 5.658 5.683 5.708 5.732 5.755 5.779 5.804 5.832 5.863 5.900 5.945 5.999 6.065 6.142 6.223 6.311
-99.000 -99.000 -99.000 -99.000 -99.000 -99.000 -99.000 -99.000 -99.000 -99.000 -99.000 -99.000 -99.000 -99.000 -99.000 1.645 1.666 1.766 1.970 2.258 2.604 2.974 3.324 3.624 3.867 4.058 4.209 4.328 4.425 4.508 4.580 4.644 4.703 4.758 4.811 4.862 4.912 4.960 5.008 5.055 5.102 5.148 5.195 5.241 5.286 5.331 5.375 5.419 5.461 5.503 5.543 5.581 5.617 5.651 5.682 5.711 5.740 5.769 5.797 5.824 5.852 5.879 5.909 5.943 5.985 6.036 6.099 6.172 6.252 6.339
-99.000 -99.000 -99.000 -99.000 -99.000 -99.000 -99.000 -99.000 -99.000 -99.000 -99.000 -99.000 -99.000 -99.000 1.644 1.648 1.695 1.838 2.080 2.395 2.755 3.123 3.454 3.730 3.951 4.125 4.262 4.372 4.463 4.542 4.612 4.674 4.732 4.787 4.840 4.890 4.939 4.986 5.033 5.079 5.125 5.170 5.215 5.260 5.304 5.348 5.391 5.433 5.475 5.515 5.555 5.594 5.632 5.668 5.702 5.736 5.770 5.805 5.838 5.870 5.902 5.932 5.962 5.995 6.034 6.082 6.140 6.209 6.286 6.372
-99.000 -99.000 -99.000 -99.000 -99.000 -99.000 -99.000 -99.000 -99.000 -99.000 -99.000 -99.000 -99.000 -99.000 1.644 1.658 1.741 1.927 2.202 2.540 2.909 3.265 3.574 3.827 4.027 4.185 4.309 4.411 4.498 4.573 4.641 4.703 4.760 4.815 4.867 4.917 4.966 5.013 5.059 5.104 5.149 5.194 5.238 5.281 5.324 5.366 5.407 5.448 5.488 5.527 5.567 5.606 5.644 5.683 5.721 5.759 5.799 5.839 5.878 5.916 5.953 5.988 6.021 6.054 6.091 6.135 6.189 6.253 6.326 6.409
-99.000 -99.000 -99.000 -99.000 -99.000 -99.000 -99.000 -99.000 -99.000 -99.000 -99.000 -99.000 -99.000 1.644 1.646 1.680 1.805 2.031 2.335 2.690 3.060 3.399 3.685 3.915 4.096 4.239 4.353 4.448 4.529 4.602 4.668 4.729 4.786 4.841 4.894 4.944 4.993 5.040 5.086 5.131 5.176 5.219 5.262 5.304 5.345 5.386 5.425 5.464 5.502 5.540 5.578 5.617 5.656 5.697 5.738 5.781 5.826 5.872 5.917 5.961 6.004 6.045 6.082 6.118 6.155 6.196 6.246 6.305 6.374 6.452
-99.000 -99.000 -99.000 -99.000 -99.000 -99.000 -99.000 -99.000 -99.000 -99.000 -99.000 -99.000 -99.000 1.644 1.653 1.718 1.887 2.147 2.476 2.842 3.205 3.524 3.787 3.996 4.159 4.288 4.393 4.482 4.559 4.629 4.694 4.753 4.811 4.866 4.919 4.970 5.019 5.067 5.113 5.159 5.203 5.246 5.288 5.329 5.369 5.408 5.445 5.481 5.517 5.553 5.590 5.629 5.669 5.711 5.755 5.801 5.851 5.903 5.954 6.004 6.054 6.101 6.144 6.183 6.222 6.263 6.309 6.364 6.428 6.504
-99.000 -99.000 -99.000 -99.000 -99.000 -99.000 -99.000 -99.000 -99.000 -99.000 -99.000 -99.000 -99.000 1.645 1.669 1.774 1.984 2.275 2.623 2.995 3.343 3.640 3.880 4.069 4.216 4.334 4.431 4.513 4.587 4.654 4.717 4.776 4.833 4.888 4.942 4.994 5.044 5.092 5.140 5.186 5.231 5.274 5.316 5.356 5.394 5.431 5.466 5.501 5.535 5.569 5.604 5.642 5.683 5.726 5.771 5.822 5.876 5.933 5.989 6.045 6.102 6.155 6.204 6.249 6.291 6.333 6.378 6.430 6.491 6.563
-99.000 -99.000 -99.000 -99.000 -99.000 -99.000 -99.000 -99.000 -99.000 -99.000 -99.000 -99.000 1.644 1.649 1.699 1.848 2.094 2.412 2.775 3.143 3.473 3.747 3.965 4.136 4.269 4.377 4.466 4.544 4.614 4.679 4.740 4.797 4.854 4.909 4.963 5.015 5.066 5.116 5.165 5.212 5.258 5.302 5.343 5.383 5.421 5.456 5.490 5.522 5.554 5.586 5.620 5.657 5.698 5.741 5.789 5.843 5.900 5.961 6.023 6.084 6.146 6.205 6.261 6.312 6.359 6.403 6.450 6.501 6.560 6.629
-99.000 -99.000 -99.000 -99.000 -99.000 -99.000 -99.000 -99.000 -99.000 -99.000 -99.000 -99.000 1.645 1.660 1.747 1.938 2.216 2.556 2.927 3.285 3.594 3.845 4.043 4.197 4.318 4.417 4.501 4.574 4.640 4.703 4.761 4.818 4.874 4.928 4.982 5.035 5.087 5.138 5.188 5.236 5.283 5.328 5.370 5.410 5.447 5.481 5.514 5.544 5.574 5.605 5.638 5.674 5.714 5.758 5.807 5.863 5.923 5.988 6.053 6.119 6.187 6.252 6.314 6.372 6.424 6.473 6.522 6.575 6.634 6.702
-99.000 -99.000 -99.000 -99.000 -99.000 -99.000 -99.000 -99.000 -99.000 -99.000 -99.000 1.644 1.647 1.683 1.813 2.042 2.349 2.706 3.077 3.418 3.705 3.934 4.113 4.253 4.364 4.455 4.534 4.603 4.667 4.726 4.784 4.838 4.893 4.947 5.000 5.053 5.106 5.157 5.208 5.258 5.306 5.352 5.395 5.435 5.472 5.506 5.537 5.567 5.596 5.625 5.657 5.692 5.732 5.776 5.826 5.882 5.945 6.013 6.082 6.152 6.224 6.295 6.363 6.427 6.485 6.539 6.593 6.649 6.711 6.779
-99.000 -99.000 -99.000 -99.000 -99.000 -99.000 -99.000 -99.000 -99.000 -99.000 -99.000 1.644 1.654 1.723 1.895 2.159 2.490 2.858 3.222 3.543 3.806 4.014 4.176 4.304 4.406 4.492 4.566 4.632 4.694 4.752 4.806 4.859 4.913 4.965 5.018 5.071 5.123 5.175 5.227 5.277 5.326 5.373 5.417 5.458 5.495 5.529 5.560 5.589 5.617 5.646 5.677 5.712 5.751 5.795 5.845 5.902 5.967 6.038 6.109 6.183 6.259 6.335 6.408 6.477 6.542 6.602 6.663 6.724 6.790 6.862
-99.000 -99.000 -99.000 -99.000 -99.000 -99.000 -99.000 -99.000 -99.000 -99.000 -99.000 1.645 1.671 1.781 1.994 2.287 2.637 3.010 3.360 3.658 3.898 4.087 4.234 4.350 4.445 4.526 4.597 4.661 4.720 4.776 4.829 4.881 4.933 4.985 5.036 5.088 5.140 5.192 5.243 5.294 5.343 5.391 5.436 5.478 5.516 5.551 5.582 5.611 5.639 5.668 5.699 5.733 5.772 5.815 5.865 5.923 5.989 6.061 6.135 6.211 6.291 6.370 6.447 6.522 6.594 6.663 6.730 6.796 6.869 6.948
-99.000 -99.000 -99.000 -99.000 -99.000 -99.000 -99.000 -99.000 -99.000 -99.000 1.644 1.650 1.703 1.856 2.105 2.426 2.790 3.159 3.490 3.764 3.982 4.152 4.286 4.393 4.482 4.558 4.627 4.689 4.747 4.801 4.853 4.904 4.955 5.005 5.055 5.106 5.157 5.208 5.259 5.310 5.360 5.408 5.453 5.496 5.535 5.571 5.603 5.633 5.661 5.691 5.722 5.756 5.795 5.837 5.887 5.945 6.011 6.083 6.158 6.237 6.319 6.401 6.483 6.564 6.643 6.720 6.794 6.867 6.947 7.036
-99.000 -99.000 -99.000 -99.000 -99.000 -99.000 -99.000 -99.000 -99.000 -99.000 1.645 1.662 1.753 1.948 2.230 2.572 2.943 3.302 3.610 3.861 4.058 4.211 4.333 4.432 4.516 4.589 4.655 4.715 4.772 4.826 4.877 4.927 4.977 5.026 5.076 5.125 5.175 5.226 5.276 5.326 5.375 5.423 5.469 5.512 5.553 5.590 5.623 5.655 5.685 5.715 5.747 5.782 5.820 5.863 5.911 5.968 6.033 6.106 6.181 6.261 6.345 6.430 6.516 6.603 6.690 6.775 6.857 6.936 7.024 7.120
-99.000 -99.000 -99.000 -99.000 -99.000 -99.000 -99.000 -99.000 -99.000 1.644 1.647 1.687 1.821 2.055 2.365 2.724 3.096 3.437 3.722 3.949 4.127 4.266 4.377 4.469 4.548 4.618 4.682 4.741 4.797 4.850 4.900 4.950 4.999 5.048 5.096 5.145 5.194 5.243 5.293 5.342 5.390 5.438 5.484 5.528 5.569 5.608 5.644 5.677 5.709 5.741 5.775 5.811 5.850 5.891 5.938 5.993 6.057 6.128 6.204 6.284 6.370 6.459 6.549 6.641 6.735 6.828 6.918 7.000 7.093 7.197
-99.000 -99.000 -99.000 -99.000 -99.000 -99.000 -99.000 -99.000 -99.000 1.644 1.655 1.729 1.907 2.175 2.510 2.879 3.245 3.564 3.825 4.030 4.190 4.316 4.418 4.503 4.578 4.645 4.707 4.765 4.820 4.873 4.923 4.972 5.021 5.069 5.117 5.165 5.213 5.261 5.310 5.358 5.406 5.453 5.499 5.543 5.586 5.626 5.664 5.700 5.735 5.770 5.805 5.843 5.882 5.923 5.969 6.022 6.083 6.153 6.228 6.308 6.396 6.488 6.581 6.679 6.779 6.879 6.973 7.057 7.154 7.265
-99.000 -99.000 -99.000 -99.000 -99.000 -99.000 -99.000 -99.000 1.644 1.646 1.675 1.791 2.009 2.308 2.662 3.036 3.386 3.682 3.919 4.105 4.249 4.363 4.457 4.537 4.607 4.672 4.732 4.789 4.843 4.895 4.945 4.994 5.042 5.090 5.137 5.185 5.232 5.279 5.326 5.374 5.420 5.467 5.513 5.558 5.601 5.644 5.685 5.724 5.762 5.800 5.838 5.877 5.917 5.959 6.003 6.054 6.113 6.182 6.255 6.335 6.424 6.517 6.615 6.717 6.822 6.926 7.023 7.105 7.204 7.317
