version2/TsunamiDB/out54090.asc
ncols          264
nrows          230
xllcorner      497853.4375
yllcorner      4229146.0000
cellsize         5.
NODATA_value   -99
[rows 68 to 101 of 230, columns 0 to 76 of 264]
-99.000 -99.000 -99.000 -99.000 -99.000 -99.000 -99.000 -99.000 -99.000 -99.000 -99.000 -99.000 -99.000 -99.000 -99.000 -99.000 -99.000 -99.000 -99.000 -99.000 1.652 1.680 1.790 1.994 2.258 2.542 2.808 3.034 3.215 3.358 3.470 3.563 3.642 3.712 3.776 3.834 3.890 3.945 3.998 4.049 4.100 4.149 4.199 4.248 4.296 4.345 4.393 4.442 4.490 4.537 4.584 4.629 4.674 4.717 4.758 4.798 4.836 4.873 4.907 4.938 4.970 4.999 5.028 5.055 5.082 5.107 5.131 5.155 5.178 5.200 5.221 5.242 5.262 5.282 5.302 5.321 5.339
-99.000 -99.000 -99.000 -99.000 -99.000 -99.000 -99.000 -99.000 -99.000 -99.000 -99.000 -99.000 -99.000 -99.000 -99.000 -99.000 -99.000 -99.000 -99.000 1.650 1.659 1.723 1.884 2.123 2.402 2.681 2.929 3.133 3.293 3.420 3.521 3.606 3.680 3.746 3.808 3.864 3.918 3.971 4.022 4.072 4.121 4.169 4.217 4.264 4.312 4.359 4.406 4.453 4.500 4.547 4.593 4.639 4.683 4.727 4.769 4.809 4.848 4.885 4.920 4.952 4.984 5.015 5.044 5.072 5.099 5.125 5.149 5.173 5.196 5.218 5.240 5.261 5.281 5.301 5.321 5.340 5.358
-99.000 -99.000 -99.000 -99.000 -99.000 -99.000 -99.000 -99.000 -99.000 -99.000 -99.000 -99.000 -99.000 -99.000 -99.000 -99.000 -99.000 -99.000 1.650 1.652 1.681 1.793 1.997 2.262 2.546 2.812 3.039 3.221 3.363 3.476 3.568 3.647 3.716 3.780 3.839 3.894 3.946 3.997 4.047 4.095 4.142 4.189 4.235 4.281 4.327 4.373 4.419 4.465 4.511 4.557 4.602 4.647 4.692 4.735 4.778 4.819 4.858 4.896 4.931 4.965 4.998 5.029 5.059 5.088 5.115 5.141 5.166 5.191 5.214 5.237 5.259 5.280 5.300 5.320 5.340 5.359 5.377
-99.000 -99.000 -99.000 -99.000 -99.000 -99.000 -99.000 -99.000 -99.000 -99.000 -99.000 -99.000 -99.000 -99.000 -99.000 -99.000 -99.000 -99.000 1.650 1.659 1.725 1.886 2.127 2.407 2.686 2.934 3.138 3.299 3.425 3.527 3.612 3.686 3.752 3.813 3.870 3.923 3.974 4.023 4.071 4.118 4.164 4.209 4.254 4.298 4.343 4.387 4.432 4.476 4.521 4.566 4.611 4.655 4.699 4.743 4.785 4.827 4.867 4.906 4.942 4.976 5.010 5.042 5.073 5.102 5.130 5.157 5.183 5.208 5.231 5.254 5.277 5.298 5.319 5.339 5.359 5.378 5.396
-99.000 -99.000 -99.000 -99.000 -99.000 -99.000 -99.000 -99.000 -99.000 -99.000 -99.000 -99.000 -99.000 -99.000 -99.000 -99.000 -99.000 1.650 1.652 1.682 1.795 2.001 2.267 2.551 2.817 3.044 3.226 3.369 3.482 3.574 3.653 3.723 3.786 3.845 3.900 3.952 4.001 4.049 4.096 4.141 4.186 4.230 4.273 4.316 4.359 4.402 4.445 4.488 4.531 4.575 4.619 4.663 4.706 4.749 4.792 4.834 4.874 4.914 4.951 4.986 5.020 5.053 5.085 5.115 5.144 5.172 5.198 5.223 5.248 5.271 5.294 5.316 5.337 5.357 5.377 5.396 5.415
-99.000 -99.000 -99.000 -99.000 -99.000 -99.000 -99.000 -99.000 -99.000 -99.000 -99.000 -99.000 -99.000 -99.000 -99.000 -99.000 -99.000 1.650 1.660 1.726 1.889 2.131 2.411 2.690 2.939 3.143 3.304 3.431 3.533 3.618 3.692 3.759 3.820 3.876 3.930 3.980 4.028 4.075 4.121 4.165 4.208 4.251 4.292 4.334 4.375 4.417 4.458 4.500 4.542 4.585 4.627 4.670 4.713 4.756 4.798 4.840 4.881 4.920 4.958 4.994 5.029 5.063 5.096 5.127 5.156 5.185 5.212 5.238 5.263 5.287 5.310 5.332 5.354 5.375 5.395 5.415 5.434
-99.000 -99.000 -99.000 -99.000 -99.000 -99.000 -99.000 -99.000 -99.000 -99.000 -99.000 -99.000 -99.000 -99.000 -99.000 -99.000 1.650 1.652 1.682 1.797 2.004 2.271 2.556 2.822 3.049 3.231 3.374 3.488 3.581 3.660 3.730 3.793 3.852 3.907 3.960 4.008 4.055 4.101 4.145 4.188 4.230 4.272 4.312 4.353 4.393 4.433 4.473 4.513 4.554 4.595 4.636 4.678 4.719 4.761 4.803 4.845 4.886 4.926 4.964 5.001 5.037 5.072 5.105 5.137 5.167 5.197 5.224 5.251 5.277 5.301 5.325 5.348 5.370 5.391 5.412 5.432 5.451
-99.000 -99.000 -99.000 -99.000 -99.000 -99.000 -99.000 -99.000 -99.000 -99.000 -99.000 -99.000 -99.000 -99.000 -99.000 -99.000 1.650 1.660 1.728 1.893 2.135 2.416 2.695 2.944 3.148 3.309 3.437 3.539 3.625 3.699 3.766 3.827 3.884 3.938 3.989 4.036 4.082 4.127 4.170 4.212 4.253 4.293 4.333 4.372 4.410 4.449 4.488 4.527 4.566 4.605 4.645 4.686 4.726 4.767 4.808 4.849 4.890 4.930 4.969 5.006 5.043 5.078 5.113 5.145 5.177 5.207 5.235 5.263 5.289 5.315 5.339 5.362 5.385 5.407 5.428 5.448 5.468
-99.000 -99.000 -99.000 -99.000 -99.000 -99.000 -99.000 -99.000 -99.000 -99.000 -99.000 -99.000 -99.000 -99.000 -99.000 1.650 1.652 1.684 1.800 2.008 2.276 2.561 2.827 3.054 3.236 3.379 3.493 3.586 3.666 3.737 3.801 3.860 3.915 3.967 4.017 4.064 4.108 4.152 4.195 4.236 4.276 4.315 4.353 4.391 4.429 4.466 4.503 4.541 4.579 4.617 4.655 4.694 4.733 4.773 4.813 4.854 4.894 4.934 4.972 5.010 5.047 5.084 5.119 5.152 5.185 5.216 5.245 5.273 5.300 5.326 5.351 5.375 5.399 5.421 5.443 5.464 5.484
-99.000 -99.000 -99.000 -99.000 -99.000 -99.000 -99.000 -99.000 -99.000 -99.000 -99.000 -99.000 -99.000 -99.000 -99.000 1.650 1.661 1.730 1.896 2.140 2.421 2.700 2.948 3.153 3.314 3.442 3.544 3.630 3.705 3.773 3.834 3.892 3.946 3.997 4.045 4.091 4.135 4.178 4.219 4.259 4.298 4.336 4.374 4.411 4.447 4.483 4.520 4.556 4.592 4.629 4.666 4.703 4.741 4.780 4.819 4.858 4.897 4.937 4.975 5.013 5.050 5.087 5.123 5.158 5.191 5.223 5.253 5.282 5.310 5.337 5.363 5.387 5.411 5.434 5.456 5.478 5.499
-99.000 -99.000 -99.000 -99.000 -99.000 -99.000 -99.000 -99.000 -99.000 -99.000 -99.000 -99.000 -99.000 -99.000 1.650 1.652 1.685 1.803 2.013 2.281 2.566 2.832 3.059 3.241 3.384 3.498 3.592 3.672 3.743 3.807 3.867 3.923 3.975 4.025 4.073 4.118 4.161 4.203 4.244 4.283 4.321 4.358 4.395 4.431 4.466 4.501 4.536 4.571 4.606 4.642 4.677 4.713 4.750 4.787 4.825 4.863 4.901 4.940 4.978 5.015 5.053 5.090 5.126 5.162 5.196 5.228 5.260 5.290 5.318 5.346 5.372 5.398 5.422 5.446 5.469 5.491 5.512
-99.000 -99.000 -99.000 -99.000 -99.000 -99.000 -99.000 -99.000 -99.000 -99.000 -99.000 -99.000 -99.000 -99.000 1.650 1.661 1.732 1.900 2.145 2.427 2.706 2.953 3.157 3.318 3.446 3.549 3.635 3.710 3.778 3.840 3.898 3.953 4.004 4.053 4.100 4.144 4.186 4.228 4.268 4.306 4.344 4.380 4.416 4.451 4.486 4.520 4.554 4.588 4.622 4.656 4.690 4.724 4.760 4.795 4.831 4.868 4.905 4.943 4.980 5.017 5.054 5.092 5.128 5.164 5.199 5.232 5.265 5.296 5.325 5.354 5.381 5.407 5.432 5.456 5.480 5.502 5.524
-99.000 -99.000 -99.000 -99.000 -99.000 -99.000 -99.000 -99.000 -99.000 -99.000 -99.000 -99.000 -99.000 1.650 1.652 1.686 1.806 2.018 2.286 2.571 2.837 3.063 3.245 3.387 3.501 3.595 3.676 3.747 3.812 3.872 3.929 3.982 4.033 4.081 4.127 4.170 4.212 4.252 4.292 4.329 4.366 4.402 4.437 4.472 4.505 4.539 4.572 4.605 4.637 4.670 4.703 4.736 4.770 4.804 4.839 4.874 4.910 4.947 4.983 5.019 5.056 5.093 5.129 5.165 5.201 5.235 5.268 5.300 5.330 5.360 5.388 5.415 5.441 5.466 5.490 5.513 5.535
-99.000 -99.000 -99.000 -99.000 -99.000 -99.000 -99.000 -99.000 -99.000 -99.000 -99.000 -99.000 -99.000 1.650 1.662 1.735 1.904 2.150 2.432 2.711 2.958 3.161 3.322 3.449 3.552 3.638 3.714 3.782 3.845 3.903 3.958 4.011 4.060 4.108 4.153 4.195 4.236 4.276 4.315 4.352 4.389 4.424 4.458 4.492 4.525 4.558 4.590 4.622 4.654 4.685 4.717 4.749 4.782 4.814 4.848 4.882 4.916 4.951 4.986 5.021 5.057 5.093 5.130 5.166 5.201 5.236 5.270 5.303 5.334 5.364 5.393 5.421 5.448 5.474 5.498 5.522 5.545
-99.000 -99.000 -99.000 -99.000 -99.000 -99.000 -99.000 -99.000 -99.000 -99.000 -99.000 -99.000 1.650 1.653 1.688 1.810 2.023 2.292 2.577 2.842 3.067 3.248 3.390 3.504 3.598 3.678 3.750 3.815 3.876 3.933 3.987 4.038 4.087 4.134 4.178 4.220 4.260 4.300 4.338 4.375 4.411 4.445 4.479 4.512 4.545 4.577 4.608 4.639 4.670 4.701 4.732 4.763 4.794 4.826 4.858 4.890 4.923 4.956 4.990 5.024 5.059 5.094 5.130 5.166 5.201 5.236 5.270 5.304 5.336 5.367 5.397 5.426 5.454 5.480 5.506 5.530 5.554
-99.000 -99.000 -99.000 -99.000 -99.000 -99.000 -99.000 -99.000 -99.000 -99.000 -99.000 -99.000 1.650 1.662 1.737 1.909 2.155 2.438 2.716 2.963 3.165 3.325 3.451 3.554 3.640 3.716 3.784 3.847 3.906 3.962 4.014 4.065 4.113 4.159 4.202 4.243 4.284 4.323 4.361 4.397 4.432 4.467 4.500 4.533 4.565 4.596 4.627 4.657 4.687 4.717 4.747 4.777 4.807 4.838 4.868 4.899 4.931 4.963 4.995 5.027 5.061 5.096 5.130 5.165 5.201 5.235 5.270 5.304 5.337 5.369 5.400 5.429 5.458 5.485 5.511 5.537 5.561
-99.000 -99.000 -99.000 -99.000 -99.000 -99.000 -99.000 -99.000 -99.000 -99.000 -99.000 1.650 1.653 1.689 1.813 2.027 2.297 2.582 2.847 3.071 3.251 3.393 3.506 3.599 3.679 3.751 3.816 3.877 3.935 3.989 4.041 4.091 4.138 4.183 4.226 4.267 4.307 4.345 4.383 4.419 4.454 4.487 4.520 4.553 4.584 4.615 4.645 4.675 4.704 4.734 4.763 4.792 4.821 4.850 4.880 4.910 4.940 4.971 5.001 5.032 5.065 5.098 5.131 5.165 5.200 5.234 5.269 5.303 5.336 5.369 5.400 5.431 5.460 5.489 5.516 5.542 5.567
-99.000 -99.000 -99.000 -99.000 -99.000 -99.000 -99.000 -99.000 -99.000 -99.000 -99.000 1.650 1.663 1.739 1.912 2.160 2.443 2.721 2.967 3.168 3.327 3.453 3.555 3.641 3.716 3.784 3.847 3.906 3.962 4.016 4.067 4.115 4.162 4.207 4.249 4.289 4.329 4.367 4.404 4.440 4.474 4.508 4.540 4.572 4.603 4.634 4.663 4.693 4.722 4.750 4.779 4.807 4.835 4.864 4.892 4.921 4.951 4.979 5.008 5.038 5.069 5.101 5.133 5.166 5.199 5.233 5.267 5.301 5.334 5.367 5.400 5.431 5.461 5.490 5.519 5.546 5.572
-99.000 -99.000 -99.000 -99.000 -99.000 -99.000 -99.000 -99.000 -99.000 -99.000 1.651 1.653 1.690 1.816 2.031 2.302 2.587 2.851 3.074 3.254 3.394 3.507 3.600 3.680 3.751 3.816 3.877 3.934 3.989 4.041 4.091 4.139 4.185 4.229 4.271 4.311 4.350 4.388 4.425 4.460 4.494 4.528 4.560 4.591 4.622 4.652 4.681 4.710 4.739 4.767 4.795 4.823 4.850 4.878 4.905 4.933 4.961 4.989 5.016 5.045 5.075 5.105 5.136 5.168 5.200 5.232 5.265 5.299 5.332 5.365 5.398 5.429 5.461 5.491 5.520 5.548 5.575
-99.000 -99.000 -99.000 -99.000 -99.000 -99.000 -99.000 -99.000 -99.000 -99.000 1.651 1.663 1.741 1.915 2.164 2.447 2.725 2.970 3.170 3.329 3.454 3.556 3.641 3.716 3.784 3.846 3.905 3.961 4.015 4.066 4.115 4.162 4.208 4.252 4.293 4.332 4.371 4.409 4.445 4.480 4.514 4.547 4.579 4.610 4.640 4.670 4.699 4.728 4.756 4.783 4.811 4.838 4.865 4.892 4.919 4.946 4.973 4.999 5.026 5.053 5.082 5.110 5.140 5.170 5.201 5.232 5.264 5.297 5.329 5.362 5.395 5.427 5.458 5.489 5.519 5.548 5.576
-99.000 -99.000 -99.000 -99.000 -99.000 -99.000 -99.000 -99.000 -99.000 1.651 1.654 1.691 1.817 2.033 2.305 2.590 2.853 3.077 3.255 3.396 3.508 3.600 3.680 3.750 3.815 3.876 3.933 3.987 4.040 4.090 4.138 4.185 4.230 4.273 4.313 4.353 4.391 4.429 4.465 4.499 4.533 4.566 4.598 4.628 4.658 4.688 4.717 4.745 4.772 4.800 4.827 4.853 4.880 4.906 4.932 4.959 4.985 5.010 5.036 5.062 5.089 5.117 5.145 5.174 5.203 5.233 5.264 5.295 5.327 5.359 5.391 5.423 5.455 5.486 5.517 5.547 5.576
-99.000 -99.000 -99.000 -99.000 -99.000 -99.000 -99.000 -99.000 -99.000 1.651 1.665 1.742 1.916 2.165 2.448 2.726 2.971 3.172 3.331 3.455 3.556 3.641 3.716 3.783 3.845 3.904 3.959 4.013 4.064 4.113 4.161 4.206 4.251 4.293 4.334 4.373 4.411 4.448 4.484 4.518 4.552 4.584 4.616 4.646 4.676 4.705 4.734 4.762 4.789 4.816 4.842 4.869 4.895 4.920 4.946 4.972 4.997 5.022 5.047 5.072 5.098 5.125 5.152 5.179 5.207 5.236 5.265 5.295 5.325 5.356 5.388 5.419 5.451 5.482 5.513 5.544 5.573
-99.000 -99.000 -99.000 -99.000 -99.000 -99.000 -99.000 -99.000 1.651 1.654 1.692 1.817 2.034 2.305 2.590 2.854 3.078 3.257 3.397 3.509 3.601 3.680 3.750 3.814 3.874 3.931 3.985 4.037 4.087 4.136 4.182 4.227 4.271 4.313 4.353 4.392 4.430 4.467 4.502 4.536 4.570 4.602 4.633 4.664 4.693 4.722 4.750 4.778 4.805 4.832 4.858 4.884 4.909 4.934 4.960 4.985 5.010 5.034 5.058 5.083 5.108 5.133 5.159 5.185 5.212 5.239 5.267 5.295 5.325 5.354 5.385 5.415 5.446 5.477 5.509 5.539 5.569
-99.000 -99.000 -99.000 -99.000 -99.000 -99.000 -99.000 -99.000 1.651 1.665 1.742 1.916 2.164 2.448 2.726 2.972 3.173 3.331 3.456 3.557 3.642 3.716 3.782 3.844 3.902 3.957 4.010 4.061 4.110 4.157 4.203 4.248 4.291 4.333 4.372 4.410 4.448 4.485 4.520 4.554 4.587 4.619 4.650 4.680 4.710 4.739 4.767 4.794 4.821 4.847 4.873 4.898 4.924 4.949 4.973 4.998 5.023 5.046 5.069 5.093 5.118 5.142 5.167 5.192 5.218 5.244 5.270 5.297 5.325 5.353 5.382 5.412 5.442 5.472 5.503 5.534 5.564
-99.000 -99.000 -99.000 -99.000 -99.000 -99.000 -99.000 1.651 1.654 1.691 1.817 2.032 2.303 2.589 2.853 3.078 3.257 3.398 3.510 3.602 3.680 3.750 3.814 3.873 3.930 3.983 4.035 4.084 4.132 4.179 4.224 4.268 4.310 4.352 4.391 4.428 4.466 4.502 4.537 4.571 4.604 4.636 4.667 4.697 4.726 4.755 4.782 4.810 4.836 4.862 4.888 4.913 4.938 4.962 4.987 5.011 5.035 5.058 5.081 5.105 5.128 5.152 5.176 5.200 5.225 5.250 5.275 5.301 5.327 5.354 5.381 5.410 5.438 5.468 5.497 5.527 5.558
-99.000 -99.000 -99.000 -99.000 -99.000 -99.000 -99.000 1.651 1.664 1.741 1.914 2.161 2.444 2.724 2.970 3.172 3.332 3.457 3.558 3.643 3.717 3.783 3.844 3.902 3.956 4.008 4.059 4.107 4.154 4.200 4.244 4.287 4.329 4.370 4.409 4.446 4.483 4.519 4.554 4.588 4.621 4.652 4.683 4.713 4.742 4.770 4.798 4.825 4.851 4.877 4.902 4.927 4.952 4.976 5.000 5.024 5.048 5.070 5.093 5.116 5.139 5.162 5.185 5.209 5.232 5.256 5.281 5.305 5.330 5.356 5.382 5.409 5.436 5.464 5.493 5.522 5.551
-99.000 -99.000 -99.000 -99.000 -99.000 -99.000 1.651 1.654 1.690 1.814 2.028 2.298 2.584 2.850 3.076 3.256 3.398 3.511 3.603 3.682 3.751 3.815 3.874 3.929 3.982 4.033 4.082 4.130 4.176 4.221 4.264 4.307 4.348 4.388 4.426 4.463 4.500 4.536 4.571 4.604 4.637 4.668 4.699 4.729 4.758 4.786 4.813 4.840 4.866 4.892 4.917 4.942 4.966 4.990 5.013 5.037 5.060 5.083 5.104 5.127 5.150 5.172 5.195 5.218 5.241 5.264 5.287 5.311 5.335 5.359 5.384 5.409 5.435 5.461 5.489 5.516 5.545
-99.000 -99.000 -99.000 -99.000 -99.000 -99.000 1.651 1.663 1.738 1.909 2.156 2.438 2.718 2.966 3.170 3.331 3.458 3.559 3.644 3.718 3.784 3.845 3.902 3.956 4.008 4.058 4.106 4.152 4.197 4.241 4.284 4.326 4.366 4.406 4.444 4.480 4.517 4.552 4.587 4.620 4.653 4.684 4.715 4.744 4.773 4.801 4.828 4.855 4.881 4.906 4.931 4.955 4.979 5.003 5.027 5.050 5.073 5.095 5.116 5.138 5.161 5.183 5.205 5.227 5.249 5.272 5.294 5.317 5.340 5.363 5.387 5.411 5.435 5.461 5.486 5.513 5.540
-99.000 -99.000 -99.000 -99.000 -99.000 1.651 1.654 1.688 1.809 2.021 2.291 2.577 2.844 3.072 3.254 3.398 3.511 3.604 3.683 3.753 3.816 3.875 3.930 3.983 4.033 4.082 4.129 4.174 4.219 4.262 4.304 4.344 4.384 4.424 4.461 4.497 4.533 4.569 4.603 4.636 4.668 4.700 4.730 4.759 4.788 4.816 4.843 4.869 4.895 4.920 4.945 4.969 4.993 5.016 5.039 5.062 5.085 5.107 5.128 5.149 5.171 5.193 5.215 5.237 5.258 5.280 5.302 5.324 5.346 5.368 5.391 5.414 5.437 5.461 5.486 5.510 5.536
-99.000 -99.000 -99.000 -99.000 -99.000 1.651 1.662 1.734 1.901 2.147 2.430 2.710 2.960 3.166 3.329 3.457 3.560 3.646 3.720 3.786 3.847 3.904 3.958 4.009 4.058 4.106 4.152 4.196 4.240 4.282 4.323 4.363 4.403 4.441 4.478 4.514 4.550 4.584 4.618 4.651 4.684 4.715 4.745 4.774 4.803 4.831 4.858 4.884 4.909 4.934 4.959 4.983 5.006 5.030 5.052 5.075 5.097 5.118 5.139 5.161 5.182 5.204 5.225 5.246 5.267 5.289 5.310 5.331 5.353 5.374 5.396 5.418 5.441 5.463 5.486 5.510 5.534
-99.000 -99.000 -99.000 -99.000 1.651 1.653 1.685 1.802 2.012 2.280 2.566 2.835 3.066 3.251 3.396 3.511 3.605 3.685 3.755 3.819 3.877 3.933 3.985 4.035 4.083 4.130 4.174 4.218 4.261 4.302 4.342 4.382 4.421 4.458 4.495 4.530 4.566 4.600 4.634 4.667 4.699 4.730 4.760 4.789 4.818 4.845 4.872 4.898 4.924 4.948 4.973 4.996 5.020 5.043 5.065 5.087 5.109 5.130 5.151 5.172 5.193 5.214 5.235 5.256 5.277 5.297 5.318 5.339 5.360 5.381 5.402 5.423 5.445 5.467 5.489 5.511 5.534
-99.000 -99.000 -99.000 -99.000 1.651 1.661 1.728 1.892 2.135 2.418 2.699 2.952 3.160 3.326 3.456 3.560 3.647 3.722 3.789 3.850 3.907 3.961 4.012 4.061 4.108 4.153 4.197 4.240 4.281 4.322 4.362 4.401 4.439 4.476 4.511 4.547 4.582 4.616 4.649 4.682 4.714 4.745 4.775 4.804 4.832 4.860 4.886 4.912 4.938 4.962 4.986 5.010 5.033 5.056 5.078 5.100 5.122 5.142 5.162 5.183 5.204 5.225 5.245 5.266 5.286 5.306 5.327 5.347 5.368 5.388 5.409 5.429 5.450 5.471 5.492 5.513 5.535
-99.000 -99.000 -99.000 1.651 1.653 1.682 1.794 2.000 2.267 2.554 2.825 3.057 3.245 3.393 3.510 3.606 3.686 3.757 3.821 3.880 3.936 3.988 4.038 4.086 4.132 4.176 4.219 4.261 4.302 4.342 4.381 4.419 4.457 4.493 4.528 4.563 4.597 4.631 4.665 4.697 4.729 4.759 4.789 4.818 4.847 4.874 4.901 4.927 4.952 4.976 5.000 5.024 5.047 5.069 5.091 5.113 5.134 5.154 5.174 5.195 5.215 5.235 5.255 5.276 5.296 5.316 5.336 5.356 5.375 5.395 5.415 5.435 5.456 5.476 5.496 5.517 5.538
-99.000 -99.000 -99.000 1.651 1.660 1.722 1.881 2.121 2.403 2.686 2.941 3.153 3.321 3.454 3.560 3.648 3.723 3.791 3.853 3.910 3.964 4.015 4.064 4.111 4.156 4.199 4.242 4.283 4.323 4.362 4.400 4.438 4.474 4.510 4.545 4.579 4.613 4.647 4.680 4.712 4.743 4.774 4.804 4.833 4.861 4.888 4.915 4.941 4.966 4.990 5.014 5.037 5.060 5.082 5.104 5.126 5.146 5.166 5.186 5.206 5.226 5.246 5.266 5.286 5.305 5.325 5.344 5.364 5.384 5.403 5.423 5.442 5.462 5.482 5.501 5.521 5.541
