version2/TsunamiDB/out54085.asc
ncols          264
nrows          230
xllcorner      497853.4375
yllcorner      4229146.0000
cellsize         5.
NODATA_value   -99
[rows 170 to 203 of 230, columns 154 to 230 of 264]
7.028 7.040 7.053 7.066 7.078 7.090 7.102 7.113 7.123 7.129 7.131 7.129 7.130 7.140 7.154 7.175 7.208 7.255 7.313 7.380 7.456 7.533 7.607 7.665 7.730 7.817 7.902 7.986 8.064 8.139 8.209 8.271 8.325 8.359 8.395 8.446 8.494 8.538 8.578 8.614 8.646 8.673 8.697 8.711 8.726 8.747 8.768 8.788 8.806 8.823 8.840 8.856 8.871 8.878 8.885 8.900 8.915 8.929 8.942 8.953 8.963 8.971 8.978 8.979 8.981 8.986 8.991 8.995 8.999 9.002 9.005 9.008 9.011 9.010 9.008 9.011 9.015
7.041 7.054 7.067 7.080 7.093 7.106 7.118 7.130 7.141 7.148 7.152 7.152 7.155 7.166 7.182 7.205 7.240 7.289 7.346 7.412 7.488 7.566 7.642 7.700 7.766 7.854 7.941 8.025 8.103 8.177 8.246 8.306 8.358 8.391 8.425 8.473 8.518 8.561 8.599 8.633 8.663 8.690 8.714 8.728 8.742 8.762 8.783 8.802 8.819 8.836 8.852 8.867 8.882 8.889 8.897 8.912 8.926 8.940 8.952 8.963 8.973 8.980 8.987 8.988 8.990 8.995 8.999 9.003 9.006 9.009 9.012 9.015 9.017 9.016 9.015 9.019 9.022
7.054 7.068 7.081 7.095 7.108 7.122 7.135 7.148 7.160 7.169 7.173 7.175 7.180 7.193 7.211 7.236 7.273 7.321 7.377 7.443 7.519 7.599 7.676 7.735 7.802 7.892 7.979 8.063 8.141 8.214 8.281 8.340 8.389 8.420 8.452 8.498 8.541 8.582 8.618 8.651 8.680 8.707 8.730 8.743 8.757 8.777 8.797 8.815 8.832 8.848 8.863 8.878 8.893 8.900 8.908 8.923 8.938 8.951 8.963 8.973 8.983 8.990 8.996 8.997 8.998 9.003 9.007 9.011 9.013 9.016 9.019 9.021 9.025 9.024 9.023 9.027 9.031
7.068 7.082 7.096 7.110 7.124 7.138 7.152 7.166 7.179 7.189 7.196 7.199 7.206 7.221 7.241 7.267 7.305 7.352 7.408 7.474 7.550 7.631 7.712 7.771 7.838 7.929 8.016 8.099 8.176 8.248 8.314 8.369 8.417 8.446 8.476 8.520 8.561 8.600 8.635 8.667 8.697 8.722 8.745 8.758 8.771 8.791 8.810 8.828 8.844 8.859 8.874 8.889 8.904 8.912 8.919 8.934 8.948 8.961 8.973 8.983 8.992 8.999 9.005 9.006 9.007 9.011 9.014 9.018 9.020 9.023 9.025 9.028 9.032 9.031 9.030 9.035 9.039
7.081 7.096 7.110 7.125 7.140 7.155 7.170 7.185 7.199 7.211 7.219 7.225 7.233 7.250 7.271 7.298 7.336 7.384 7.439 7.504 7.580 7.662 7.745 7.805 7.873 7.963 8.050 8.132 8.208 8.279 8.343 8.397 8.443 8.470 8.499 8.541 8.581 8.618 8.652 8.684 8.712 8.738 8.759 8.772 8.785 8.804 8.823 8.840 8.856 8.871 8.886 8.900 8.915 8.923 8.930 8.945 8.959 8.972 8.983 8.993 9.001 9.008 9.013 9.014 9.014 9.018 9.022 9.025 9.027 9.030 9.032 9.035 9.039 9.039 9.038 9.042 9.047
7.095 7.110 7.125 7.140 7.156 7.171 7.188 7.204 7.220 7.233 7.243 7.251 7.260 7.278 7.301 7.328 7.366 7.413 7.468 7.534 7.609 7.693 7.780 7.841 7.908 7.998 8.083 8.164 8.239 8.309 8.372 8.425 8.467 8.493 8.521 8.561 8.600 8.636 8.669 8.700 8.728 8.753 8.774 8.787 8.799 8.818 8.836 8.853 8.868 8.883 8.897 8.911 8.927 8.935 8.942 8.956 8.970 8.982 8.992 9.002 9.011 9.017 9.022 9.022 9.022 9.026 9.029 9.032 9.035 9.037 9.039 9.042 9.047 9.047 9.046 9.051 9.055
7.109 7.125 7.140 7.156 7.172 7.189 7.206 7.223 7.241 7.256 7.268 7.276 7.286 7.306 7.329 7.356 7.394 7.441 7.498 7.563 7.639 7.730 7.819 7.877 7.942 8.032 8.116 8.196 8.269 8.338 8.399 8.449 8.488 8.514 8.541 8.580 8.617 8.653 8.685 8.716 8.744 8.768 8.788 8.800 8.812 8.831 8.849 8.865 8.881 8.895 8.908 8.924 8.940 8.947 8.954 8.968 8.980 8.992 9.002 9.011 9.019 9.025 9.029 9.030 9.030 9.033 9.036 9.039 9.042 9.044 9.046 9.050 9.055 9.055 9.054 9.059 9.064
7.124 7.139 7.156 7.172 7.189 7.207 7.225 7.244 7.262 7.279 7.292 7.301 7.313 7.334 7.358 7.385 7.424 7.472 7.529 7.597 7.678 7.769 7.854 7.911 7.976 8.064 8.147 8.225 8.297 8.364 8.422 8.469 8.509 8.534 8.559 8.598 8.634 8.669 8.701 8.731 8.758 8.782 8.802 8.814 8.825 8.844 8.861 8.878 8.893 8.907 8.922 8.937 8.952 8.959 8.966 8.979 8.991 9.002 9.011 9.020 9.027 9.033 9.037 9.037 9.037 9.040 9.043 9.046 9.049 9.051 9.054 9.059 9.063 9.063 9.063 9.067 9.072
7.138 7.155 7.172 7.189 7.207 7.225 7.245 7.264 7.284 7.302 7.316 7.327 7.341 7.362 7.387 7.415 7.454 7.504 7.563 7.633 7.717 7.805 7.887 7.943 8.007 8.093 8.175 8.252 8.322 8.386 8.442 8.488 8.528 8.553 8.577 8.615 8.651 8.686 8.717 8.746 8.772 8.795 8.815 8.827 8.838 8.856 8.874 8.891 8.906 8.921 8.935 8.950 8.964 8.971 8.977 8.989 9.001 9.011 9.020 9.028 9.035 9.040 9.044 9.044 9.043 9.047 9.050 9.053 9.056 9.059 9.063 9.067 9.071 9.071 9.071 9.075 9.079
7.154 7.171 7.188 7.206 7.225 7.244 7.265 7.285 7.306 7.326 7.341 7.353 7.367 7.390 7.416 7.446 7.486 7.537 7.599 7.671 7.753 7.838 7.917 7.972 8.036 8.121 8.201 8.277 8.345 8.406 8.460 8.507 8.547 8.570 8.595 8.632 8.668 8.702 8.732 8.760 8.786 8.809 8.829 8.840 8.851 8.869 8.887 8.904 8.919 8.934 8.949 8.963 8.976 8.982 8.988 8.999 9.010 9.020 9.028 9.035 9.042 9.046 9.050 9.050 9.050 9.054 9.057 9.060 9.064 9.067 9.071 9.075 9.079 9.079 9.078 9.082 9.087
7.169 7.187 7.205 7.224 7.243 7.264 7.285 7.307 7.329 7.349 7.366 7.379 7.395 7.419 7.447 7.478 7.520 7.573 7.635 7.706 7.786 7.868 7.946 8.001 8.063 8.146 8.225 8.299 8.365 8.425 8.479 8.525 8.565 8.588 8.612 8.649 8.684 8.717 8.747 8.774 8.799 8.822 8.842 8.853 8.864 8.882 8.900 8.917 8.933 8.948 8.962 8.975 8.988 8.993 8.998 9.009 9.019 9.028 9.036 9.042 9.048 9.053 9.057 9.057 9.057 9.060 9.064 9.068 9.071 9.075 9.078 9.082 9.086 9.086 9.086 9.090 9.094
7.185 7.203 7.222 7.242 7.262 7.283 7.305 7.328 7.351 7.373 7.391 7.406 7.423 7.449 7.478 7.510 7.553 7.607 7.669 7.738 7.816 7.896 7.973 8.027 8.088 8.170 8.248 8.321 8.385 8.444 8.496 8.542 8.582 8.605 8.628 8.665 8.700 8.733 8.762 8.789 8.813 8.835 8.856 8.866 8.877 8.895 8.913 8.930 8.946 8.961 8.974 8.987 8.999 9.004 9.008 9.018 9.027 9.036 9.043 9.049 9.054 9.059 9.063 9.063 9.063 9.067 9.071 9.075 9.078 9.082 9.086 9.090 9.094 9.093 9.093 9.097 9.101
7.202 7.220 7.240 7.260 7.281 7.303 7.326 7.350 7.374 7.397 7.416 7.432 7.451 7.478 7.509 7.543 7.587 7.640 7.700 7.768 7.844 7.923 7.999 8.052 8.113 8.194 8.270 8.341 8.405 8.462 8.514 8.560 8.600 8.622 8.645 8.681 8.716 8.748 8.776 8.802 8.827 8.849 8.869 8.880 8.890 8.909 8.927 8.944 8.959 8.973 8.987 8.999 9.009 9.014 9.018 9.027 9.035 9.043 9.049 9.055 9.060 9.065 9.069 9.069 9.069 9.073 9.077 9.081 9.085 9.089 9.093 9.097 9.101 9.100 9.099 9.103 9.107
7.219 7.238 7.258 7.278 7.300 7.323 7.347 7.371 7.396 7.420 7.441 7.458 7.478 7.507 7.540 7.575 7.619 7.672 7.731 7.797 7.871 7.949 8.025 8.079 8.138 8.218 8.292 8.362 8.424 8.480 8.532 8.577 8.617 8.639 8.661 8.697 8.731 8.763 8.790 8.816 8.840 8.862 8.883 8.893 8.903 8.922 8.940 8.956 8.971 8.985 8.998 9.009 9.019 9.023 9.026 9.034 9.042 9.049 9.055 9.061 9.066 9.070 9.075 9.075 9.075 9.080 9.084 9.088 9.092 9.096 9.100 9.103 9.107 9.106 9.106 9.109 9.113
7.236 7.256 7.276 7.297 7.320 7.343 7.368 7.393 7.419 7.443 7.465 7.484 7.506 7.536 7.570 7.606 7.651 7.704 7.761 7.825 7.898 7.974 8.050 8.104 8.162 8.241 8.314 8.382 8.442 8.498 8.549 8.594 8.633 8.655 8.677 8.713 8.746 8.777 8.804 8.830 8.854 8.875 8.896 8.906 8.916 8.935 8.952 8.968 8.983 8.997 9.009 9.020 9.028 9.032 9.035 9.042 9.049 9.056 9.061 9.066 9.071 9.076 9.080 9.081 9.081 9.086 9.090 9.094 9.098 9.102 9.106 9.110 9.113 9.113 9.112 9.116 9.119
7.254 7.274 7.294 7.316 7.339 7.363 7.388 7.415 7.441 7.466 7.489 7.509 7.532 7.564 7.599 7.637 7.682 7.733 7.790 7.852 7.922 7.999 8.077 8.130 8.187 8.264 8.336 8.402 8.461 8.516 8.567 8.611 8.650 8.671 8.693 8.728 8.762 8.792 8.819 8.844 8.867 8.889 8.910 8.920 8.930 8.948 8.965 8.981 8.995 9.008 9.020 9.030 9.038 9.040 9.043 9.049 9.056 9.062 9.067 9.072 9.077 9.082 9.086 9.087 9.087 9.092 9.096 9.101 9.105 9.109 9.112 9.116 9.120 9.119 9.118 9.122 9.125
7.271 7.292 7.313 7.335 7.358 7.383 7.409 7.436 7.462 7.488 7.512 7.532 7.557 7.591 7.628 7.666 7.711 7.762 7.818 7.879 7.948 8.027 8.106 8.157 8.212 8.287 8.358 8.422 8.481 8.535 8.585 8.629 8.667 8.688 8.709 8.744 8.777 8.807 8.834 8.859 8.882 8.904 8.925 8.934 8.944 8.961 8.978 8.993 9.007 9.019 9.031 9.039 9.046 9.048 9.050 9.056 9.062 9.068 9.073 9.078 9.083 9.087 9.092 9.093 9.093 9.098 9.103 9.107 9.111 9.115 9.119 9.122 9.126 9.125 9.124 9.128 9.130
7.289 7.310 7.331 7.353 7.377 7.402 7.429 7.456 7.483 7.508 7.532 7.554 7.581 7.617 7.655 7.695 7.740 7.791 7.847 7.908 7.979 8.058 8.133 8.183 8.237 8.311 8.380 8.443 8.501 8.554 8.603 8.646 8.684 8.704 8.725 8.759 8.792 8.822 8.849 8.874 8.897 8.919 8.939 8.949 8.957 8.974 8.990 9.005 9.018 9.030 9.040 9.047 9.053 9.055 9.057 9.063 9.069 9.074 9.079 9.084 9.088 9.093 9.098 9.099 9.099 9.104 9.109 9.113 9.117 9.121 9.125 9.129 9.132 9.131 9.130 9.133 9.136
7.307 7.328 7.349 7.372 7.395 7.421 7.448 7.475 7.502 7.527 7.551 7.576 7.606 7.644 7.683 7.724 7.770 7.821 7.877 7.939 8.011 8.087 8.160 8.209 8.262 8.334 8.402 8.465 8.521 8.573 8.621 8.663 8.701 8.721 8.741 8.775 8.808 8.838 8.865 8.890 8.913 8.935 8.954 8.963 8.971 8.987 9.003 9.016 9.028 9.039 9.048 9.055 9.061 9.063 9.064 9.070 9.075 9.080 9.085 9.090 9.094 9.099 9.104 9.104 9.105 9.110 9.115 9.119 9.124 9.128 9.132 9.135 9.138 9.137 9.136 9.139 9.141
7.325 7.346 7.367 7.390 7.413 7.439 7.465 7.492 7.518 7.544 7.569 7.597 7.630 7.670 7.711 7.753 7.801 7.852 7.909 7.972 8.042 8.115 8.186 8.235 8.288 8.359 8.426 8.487 8.542 8.593 8.639 8.681 8.719 8.738 8.757 8.792 8.825 8.855 8.882 8.907 8.929 8.950 8.969 8.976 8.984 9.000 9.014 9.027 9.038 9.048 9.056 9.062 9.068 9.070 9.071 9.076 9.082 9.087 9.091 9.096 9.100 9.105 9.110 9.110 9.111 9.116 9.121 9.126 9.130 9.134 9.138 9.141 9.144 9.143 9.142 9.144 9.146
7.343 7.364 7.385 7.407 7.430 7.455 7.481 7.508 7.534 7.560 7.588 7.619 7.654 7.696 7.739 7.783 7.832 7.885 7.942 8.003 8.071 8.143 8.213 8.262 8.314 8.384 8.450 8.511 8.565 8.614 8.659 8.700 8.737 8.756 8.774 8.809 8.842 8.872 8.899 8.923 8.946 8.965 8.983 8.990 8.997 9.012 9.025 9.037 9.047 9.056 9.063 9.070 9.075 9.077 9.078 9.083 9.088 9.093 9.097 9.102 9.106 9.111 9.116 9.116 9.116 9.121 9.127 9.132 9.136 9.141 9.144 9.147 9.150 9.149 9.148 9.149 9.151
7.361 7.381 7.402 7.423 7.446 7.470 7.495 7.521 7.548 7.576 7.606 7.640 7.679 7.722 7.767 7.813 7.864 7.918 7.973 8.034 8.099 8.170 8.240 8.290 8.341 8.411 8.477 8.536 8.587 8.635 8.678 8.718 8.756 8.774 8.792 8.827 8.860 8.890 8.916 8.940 8.962 8.980 8.997 9.003 9.010 9.023 9.036 9.047 9.056 9.064 9.071 9.077 9.082 9.084 9.085 9.090 9.095 9.099 9.104 9.108 9.112 9.117 9.121 9.122 9.122 9.127 9.133 9.138 9.143 9.147 9.151 9.153 9.156 9.154 9.153 9.154 9.156
7.378 7.398 7.418 7.439 7.461 7.483 7.507 7.534 7.562 7.591 7.624 7.662 7.703 7.748 7.795 7.843 7.896 7.949 8.004 8.063 8.126 8.197 8.269 8.319 8.370 8.440 8.506 8.562 8.611 8.657 8.697 8.737 8.775 8.792 8.810 8.845 8.878 8.907 8.933 8.957 8.977 8.995 9.011 9.016 9.022 9.034 9.045 9.056 9.064 9.071 9.077 9.083 9.089 9.090 9.091 9.096 9.101 9.106 9.110 9.114 9.118 9.122 9.127 9.128 9.128 9.134 9.139 9.144 9.149 9.153 9.157 9.159 9.161 9.160 9.158 9.159 9.160
7.395 7.414 7.433 7.453 7.473 7.495 7.519 7.546 7.574 7.607 7.643 7.683 7.727 7.774 7.822 7.872 7.926 7.980 8.034 8.092 8.155 8.227 8.301 8.351 8.402 8.471 8.534 8.588 8.635 8.678 8.717 8.756 8.794 8.811 8.829 8.864 8.896 8.924 8.950 8.972 8.992 9.009 9.023 9.028 9.033 9.044 9.054 9.064 9.071 9.078 9.084 9.090 9.096 9.097 9.098 9.102 9.107 9.112 9.116 9.119 9.124 9.128 9.133 9.134 9.134 9.140 9.145 9.150 9.155 9.159 9.162 9.165 9.167 9.165 9.163 9.164 9.164
7.411 7.429 7.447 7.465 7.485 7.506 7.529 7.556 7.587 7.622 7.661 7.704 7.749 7.798 7.847 7.899 7.955 8.011 8.066 8.123 8.185 8.257 8.333 8.384 8.435 8.503 8.564 8.615 8.660 8.700 8.738 8.776 8.813 8.831 8.848 8.882 8.913 8.941 8.965 8.987 9.007 9.023 9.035 9.039 9.043 9.053 9.063 9.072 9.079 9.085 9.091 9.096 9.102 9.103 9.104 9.109 9.113 9.118 9.122 9.125 9.129 9.134 9.139 9.140 9.141 9.146 9.151 9.156 9.161 9.165 9.168 9.170 9.172 9.170 9.168 9.168 9.169
7.427 7.444 7.459 7.477 7.496 7.515 7.539 7.566 7.599 7.637 7.679 7.725 7.772 7.821 7.871 7.926 7.985 8.041 8.097 8.155 8.217 8.289 8.370 8.422 8.471 8.536 8.594 8.643 8.685 8.724 8.759 8.795 8.834 8.851 8.868 8.901 8.932 8.958 8.981 9.003 9.021 9.036 9.047 9.050 9.053 9.063 9.072 9.079 9.086 9.092 9.098 9.103 9.108 9.109 9.110 9.115 9.119 9.124 9.128 9.132 9.135 9.140 9.146 9.146 9.147 9.152 9.158 9.162 9.167 9.170 9.174 9.176 9.177 9.174 9.172 9.173 9.173
7.441 7.456 7.470 7.488 7.506 7.525 7.549 7.577 7.612 7.653 7.697 7.744 7.793 7.844 7.895 7.953 8.014 8.072 8.132 8.191 8.251 8.332 8.416 8.463 8.508 8.570 8.625 8.671 8.711 8.747 8.779 8.817 8.857 8.872 8.888 8.920 8.949 8.974 8.997 9.017 9.035 9.048 9.058 9.060 9.063 9.071 9.079 9.087 9.093 9.099 9.104 9.109 9.114 9.115 9.116 9.121 9.125 9.130 9.134 9.138 9.141 9.146 9.153 9.153 9.154 9.159 9.164 9.168 9.172 9.176 9.179 9.181 9.181 9.179 9.177 9.177 9.177
7.454 7.468 7.482 7.499 7.517 7.536 7.560 7.590 7.626 7.668 7.714 7.764 7.816 7.868 7.921 7.982 8.045 8.108 8.170 8.232 8.301 8.382 8.458 8.502 8.545 8.604 8.655 8.698 8.736 8.770 8.804 8.841 8.878 8.892 8.907 8.938 8.966 8.990 9.011 9.030 9.047 9.058 9.068 9.070 9.072 9.080 9.087 9.094 9.100 9.105 9.111 9.115 9.120 9.121 9.122 9.126 9.131 9.136 9.140 9.144 9.148 9.154 9.159 9.160 9.160 9.165 9.170 9.174 9.178 9.181 9.184 9.185 9.185 9.183 9.181 9.181 9.181
7.467 7.480 7.493 7.510 7.528 7.548 7.573 7.604 7.641 7.682 7.730 7.784 7.841 7.894 7.947 8.012 8.081 8.147 8.213 8.282 8.354 8.431 8.500 8.541 8.581 8.635 8.683 8.724 8.761 8.795 8.829 8.864 8.898 8.911 8.926 8.955 8.981 9.005 9.025 9.042 9.057 9.068 9.077 9.079 9.080 9.088 9.095 9.101 9.107 9.112 9.117 9.121 9.126 9.127 9.127 9.132 9.137 9.142 9.146 9.151 9.156 9.161 9.166 9.166 9.167 9.171 9.176 9.180 9.183 9.186 9.188 9.189 9.190 9.187 9.185 9.185 9.185
7.480 7.493 7.506 7.522 7.540 7.560 7.586 7.618 7.655 7.697 7.748 7.807 7.868 7.922 7.977 8.048 8.120 8.190 8.262 8.334 8.406 8.477 8.540 8.578 8.615 8.666 8.711 8.750 8.786 8.820 8.853 8.886 8.916 8.929 8.943 8.971 8.996 9.018 9.037 9.053 9.066 9.077 9.086 9.087 9.089 9.096 9.102 9.108 9.113 9.118 9.123 9.127 9.132 9.132 9.133 9.138 9.143 9.148 9.153 9.158 9.163 9.168 9.173 9.173 9.173 9.177 9.181 9.185 9.188 9.190 9.192 9.193 9.194 9.191 9.189 9.189 9.189
7.493 7.506 7.519 7.535 7.554 7.575 7.601 7.633 7.670 7.714 7.768 7.831 7.897 7.953 8.010 8.086 8.162 8.238 8.312 8.385 8.456 8.522 8.579 8.615 8.649 8.696 8.738 8.776 8.811 8.843 8.875 8.906 8.934 8.946 8.959 8.985 9.009 9.030 9.048 9.063 9.076 9.086 9.094 9.096 9.097 9.104 9.110 9.115 9.120 9.124 9.128 9.133 9.138 9.138 9.139 9.144 9.149 9.155 9.160 9.165 9.170 9.175 9.179 9.179 9.179 9.183 9.187 9.190 9.193 9.195 9.196 9.197 9.198 9.195 9.193 9.193 9.193
7.507 7.520 7.533 7.550 7.569 7.590 7.616 7.649 7.686 7.732 7.789 7.857 7.930 7.987 8.047 8.127 8.208 8.287 8.362 8.435 8.504 8.565 8.618 8.650 8.682 8.725 8.765 8.802 8.835 8.866 8.896 8.924 8.951 8.962 8.975 8.999 9.021 9.041 9.058 9.072 9.084 9.094 9.102 9.104 9.105 9.111 9.117 9.122 9.126 9.130 9.134 9.138 9.143 9.144 9.144 9.150 9.156 9.161 9.167 9.172 9.177 9.181 9.185 9.185 9.185 9.189 9.192 9.195 9.197 9.199 9.200 9.201 9.201 9.199 9.197 9.197 9.197
7.522 7.534 7.547 7.565 7.584 7.605 7.633 7.666 7.704 7.752 7.813 7.888 7.966 8.025 8.086 8.172 8.256 8.336 8.412 8.484 8.550 8.607 8.655 8.685 8.714 8.754 8.791 8.826 8.857 8.887 8.915 8.942 8.967 8.977 8.989 9.012 9.032 9.051 9.067 9.081 9.093 9.102 9.110 9.111 9.112 9.118 9.123 9.128 9.132 9.136 9.140 9.144 9.149 9.150 9.150 9.156 9.162 9.168 9.174 9.179 9.184 9.188 9.191 9.191 9.191 9.194 9.197 9.199 9.201 9.203 9.204 9.205 9.205 9.203 9.201 9.201 9.201
7.537 7.550 7.563 7.581 7.601 7.623 7.651 7.686 7.725 7.776 7.843 7.923 8.006 8.065 8.130 8.219 8.303 8.384 8.458 8.528 8.591 8.645 8.689 8.716 8.743 8.780 8.815 8.848 8.878 8.906 8.933 8.958 8.981 8.991 9.002 9.023 9.042 9.060 9.076 9.089 9.101 9.110 9.117 9.118 9.119 9.125 9.130 9.134 9.138 9.141 9.145 9.150 9.155 9.156 9.157 9.163 9.169 9.175 9.180 9.185 9.190 9.194 9.197 9.197 9.196 9.199 9.201 9.203 9.205 9.207 9.208 9.208 9.209 9.207 9.205 9.205 9.205
