version2/TsunamiDB/out54019.asc
ncols          264
nrows          230
xllcorner      497853.4375
yllcorner      4229146.0000
cellsize         5.
NODATA_value   -99
[rows 31 to 61 of 230, columns 140 to 209 of 264]
-99.000 -99.000 -99.000 -99.000 -99.000 -99.000 -99.000 -99.000 -99.000 -99.000 -99.000 -99.000 -99.000 -99.000 -99.000 -99.000 -99.000 -99.000 -99.000 -99.000 -99.000 -99.000 -99.000 -99.000 -99.000 -99.000 -99.000 -99.000 -99.000 -99.000 -99.000 -99.000 -99.000 -99.000 -99.000 -99.000 -99.000 -99.000 -99.000 1.644 1.660 1.746 1.933 2.202 2.524 2.866 3.192 3.481 3.726 3.926 4.090 4.225 4.338 4.435 4.519 4.594 4.661 4.723 4.779 4.831 4.881 4.929 4.975 5.019 5.062 5.105 5.146 5.187 5.227 5.266
-99.000 -99.000 -99.000 -99.000 -99.000 -99.000 -99.000 -99.000 -99.000 -99.000 -99.000 -99.000 -99.000 -99.000 -99.000 -99.000 -99.000 -99.000 -99.000 -99.000 -99.000 -99.000 -99.000 -99.000 -99.000 -99.000 -99.000 -99.000 -99.000 -99.000 -99.000 -99.000 -99.000 -99.000 -99.000 -99.000 -99.000 -99.000 1.643 1.646 1.681 1.805 2.026 2.318 2.648 2.982 3.291 3.561 3.787 3.974 4.128 4.257 4.366 4.461 4.545 4.620 4.688 4.751 4.807 4.861 4.912 4.960 5.006 5.051 5.094 5.137 5.178 5.219 5.259 5.299
-99.000 -99.000 -99.000 -99.000 -99.000 -99.000 -99.000 -99.000 -99.000 -99.000 -99.000 -99.000 -99.000 -99.000 -99.000 -99.000 -99.000 -99.000 -99.000 -99.000 -99.000 -99.000 -99.000 -99.000 -99.000 -99.000 -99.000 -99.000 -99.000 -99.000 -99.000 -99.000 -99.000 -99.000 -99.000 -99.000 -99.000 -99.000 1.643 1.652 1.715 1.877 2.128 2.436 2.766 3.088 3.380 3.632 3.842 4.016 4.161 4.284 4.390 4.483 4.567 4.643 4.712 4.776 4.834 4.888 4.940 4.989 5.036 5.081 5.125 5.168 5.209 5.250 5.291 5.330
-99.000 -99.000 -99.000 -99.000 -99.000 -99.000 -99.000 -99.000 -99.000 -99.000 -99.000 -99.000 -99.000 -99.000 -99.000 -99.000 -99.000 -99.000 -99.000 -99.000 -99.000 -99.000 -99.000 -99.000 -99.000 -99.000 -99.000 -99.000 -99.000 -99.000 -99.000 -99.000 -99.000 -99.000 -99.000 -99.000 -99.000 -99.000 1.644 1.665 1.762 1.960 2.234 2.552 2.880 3.189 3.463 3.696 3.890 4.052 4.189 4.307 4.410 4.502 4.586 4.662 4.732 4.797 4.857 4.913 4.966 5.016 5.064 5.109 5.154 5.197 5.239 5.280 5.321 5.361
-99.000 -99.000 -99.000 -99.000 -99.000 -99.000 -99.000 -99.000 -99.000 -99.000 -99.000 -99.000 -99.000 -99.000 -99.000 -99.000 -99.000 -99.000 -99.000 -99.000 -99.000 -99.000 -99.000 -99.000 -99.000 -99.000 -99.000 -99.000 -99.000 -99.000 -99.000 -99.000 -99.000 -99.000 -99.000 -99.000 -99.000 1.643 1.647 1.689 1.822 2.051 2.344 2.667 2.988 3.283 3.539 3.755 3.934 4.085 4.214 4.326 4.427 4.518 4.601 4.678 4.749 4.816 4.876 4.934 4.988 5.040 5.088 5.135 5.180 5.224 5.267 5.308 5.350 5.390
-99.000 -99.000 -99.000 -99.000 -99.000 -99.000 -99.000 -99.000 -99.000 -99.000 -99.000 -99.000 -99.000 -99.000 -99.000 -99.000 -99.000 -99.000 -99.000 -99.000 -99.000 -99.000 -99.000 -99.000 -99.000 -99.000 -99.000 -99.000 -99.000 -99.000 -99.000 -99.000 -99.000 -99.000 -99.000 -99.000 -99.000 1.643 1.654 1.725 1.895 2.150 2.458 2.782 3.093 3.372 3.610 3.808 3.974 4.114 4.236 4.343 4.441 4.530 4.613 4.690 4.762 4.830 4.892 4.951 5.007 5.060 5.110 5.158 5.204 5.248 5.292 5.334 5.376 5.417
-99.000 -99.000 -99.000 -99.000 -99.000 -99.000 -99.000 -99.000 -99.000 -99.000 -99.000 -99.000 -99.000 -99.000 -99.000 -99.000 -99.000 -99.000 -99.000 -99.000 -99.000 -99.000 -99.000 -99.000 -99.000 -99.000 -99.000 -99.000 -99.000 -99.000 -99.000 -99.000 -99.000 -99.000 -99.000 -99.000 -99.000 1.644 1.670 1.776 1.980 2.258 2.575 2.896 3.194 3.456 3.675 3.858 4.010 4.141 4.255 4.358 4.452 4.540 4.622 4.699 4.772 4.840 4.904 4.964 5.022 5.076 5.128 5.177 5.224 5.270 5.314 5.357 5.400 5.442
-99.000 -99.000 -99.000 -99.000 -99.000 -99.000 -99.000 -99.000 -99.000 -99.000 -99.000 -99.000 -99.000 -99.000 -99.000 -99.000 -99.000 -99.000 -99.000 -99.000 -99.000 -99.000 -99.000 -99.000 -99.000 -99.000 -99.000 -99.000 -99.000 -99.000 -99.000 -99.000 -99.000 -99.000 -99.000 -99.000 1.643 1.648 1.698 1.842 2.077 2.373 2.694 3.008 3.291 3.534 3.736 3.903 4.044 4.165 4.273 4.372 4.463 4.548 4.629 4.705 4.778 4.847 4.912 4.974 5.033 5.089 5.142 5.192 5.241 5.288 5.333 5.378 5.421 5.464
-99.000 -99.000 -99.000 -99.000 -99.000 -99.000 -99.000 -99.000 -99.000 -99.000 -99.000 -99.000 -99.000 -99.000 -99.000 -99.000 -99.000 -99.000 -99.000 -99.000 -99.000 -99.000 -99.000 -99.000 -99.000 -99.000 -99.000 -99.000 -99.000 -99.000 -99.000 -99.000 -99.000 -99.000 -99.000 -99.000 1.644 1.658 1.740 1.922 2.185 2.494 2.814 3.117 3.383 3.608 3.793 3.946 4.075 4.189 4.291 4.384 4.472 4.554 4.634 4.709 4.782 4.851 4.917 4.980 5.040 5.097 5.152 5.204 5.254 5.302 5.349 5.394 5.439 5.483
-99.000 -99.000 -99.000 -99.000 -99.000 -99.000 -99.000 -99.000 -99.000 -99.000 -99.000 -99.000 -99.000 -99.000 -99.000 -99.000 -99.000 -99.000 -99.000 -99.000 -99.000 -99.000 -99.000 -99.000 -99.000 -99.000 -99.000 -99.000 -99.000 -99.000 -99.000 -99.000 -99.000 -99.000 -99.000 1.643 1.645 1.679 1.799 2.016 2.300 2.618 2.933 3.222 3.471 3.677 3.846 3.986 4.106 4.212 4.308 4.396 4.480 4.560 4.638 4.712 4.784 4.853 4.919 4.982 5.043 5.102 5.158 5.211 5.263 5.312 5.361 5.408 5.454 5.499
-99.000 -99.000 -99.000 -99.000 -99.000 -99.000 -99.000 -99.000 -99.000 -99.000 -99.000 -99.000 -99.000 -99.000 -99.000 -99.000 -99.000 -99.000 -99.000 -99.000 -99.000 -99.000 -99.000 -99.000 -99.000 -99.000 -99.000 -99.000 -99.000 -99.000 -99.000 -99.000 -99.000 -99.000 -99.000 1.643 1.651 1.713 1.873 2.120 2.422 2.742 3.049 3.322 3.552 3.742 3.897 4.026 4.137 4.235 4.325 4.409 4.489 4.566 4.641 4.714 4.785 4.853 4.918 4.982 5.044 5.103 5.160 5.215 5.268 5.319 5.369 5.417 5.465 5.512
-99.000 -99.000 -99.000 -99.000 -99.000 -99.000 -99.000 -99.000 -99.000 -99.000 -99.000 -99.000 -99.000 -99.000 -99.000 -99.000 -99.000 -99.000 -99.000 -99.000 -99.000 -99.000 -99.000 -99.000 -99.000 -99.000 -99.000 -99.000 -99.000 -99.000 -99.000 -99.000 -99.000 -99.000 -99.000 1.644 1.665 1.764 1.961 2.234 2.547 2.865 3.160 3.416 3.629 3.803 3.945 4.064 4.167 4.259 4.344 4.423 4.499 4.573 4.645 4.716 4.785 4.852 4.916 4.980 5.042 5.101 5.159 5.215 5.269 5.321 5.372 5.422 5.472 5.520
-99.000 -99.000 -99.000 -99.000 -99.000 -99.000 -99.000 -99.000 -99.000 -99.000 -99.000 -99.000 -99.000 -99.000 -99.000 -99.000 -99.000 -99.000 -99.000 -99.000 -99.000 -99.000 -99.000 -99.000 -99.000 -99.000 -99.000 -99.000 -99.000 -99.000 -99.000 -99.000 -99.000 -99.000 1.644 1.647 1.692 1.830 2.061 2.354 2.673 2.985 3.266 3.505 3.701 3.861 3.992 4.102 4.198 4.284 4.363 4.438 4.510 4.581 4.650 4.718 4.785 4.850 4.913 4.976 5.037 5.097 5.155 5.211 5.266 5.319 5.372 5.423 5.474 5.524
-99.000 -99.000 -99.000 -99.000 -99.000 -99.000 -99.000 -99.000 -99.000 -99.000 -99.000 -99.000 -99.000 -99.000 -99.000 -99.000 -99.000 -99.000 -99.000 -99.000 -99.000 -99.000 -99.000 -99.000 -99.000 -99.000 -99.000 -99.000 -99.000 -99.000 -99.000 -99.000 -99.000 -99.000 1.644 1.656 1.734 1.911 2.171 2.478 2.798 3.100 3.365 3.587 3.768 3.915 4.036 4.139 4.229 4.310 4.385 4.455 4.524 4.591 4.657 4.722 4.786 4.849 4.910 4.972 5.032 5.091 5.148 5.205 5.260 5.314 5.367 5.419 5.471 5.522
-99.000 -99.000 -99.000 -99.000 -99.000 -99.000 -99.000 -99.000 -99.000 -99.000 -99.000 -99.000 -99.000 -99.000 -99.000 -99.000 -99.000 -99.000 -99.000 -99.000 -99.000 -99.000 -99.000 -99.000 -99.000 -99.000 -99.000 -99.000 -99.000 -99.000 -99.000 -99.000 -99.000 -99.000 1.645 1.676 1.792 2.005 2.288 2.604 2.920 3.209 3.458 3.663 3.830 3.966 4.079 4.175 4.260 4.336 4.407 4.475 4.540 4.604 4.666 4.728 4.790 4.849 4.909 4.968 5.026 5.084 5.140 5.196 5.250 5.304 5.358 5.411 5.463 5.515
-99.000 -99.000 -99.000 -99.000 -99.000 -99.000 -99.000 -99.000 -99.000 -99.000 -99.000 -99.000 -99.000 -99.000 -99.000 -99.000 -99.000 -99.000 -99.000 -99.000 -99.000 -99.000 -99.000 -99.000 -99.000 -99.000 -99.000 -99.000 -99.000 -99.000 -99.000 -99.000 -99.000 1.644 1.651 1.709 1.865 2.110 2.410 2.730 3.038 3.312 3.544 3.733 3.887 4.013 4.119 4.210 4.290 4.363 4.431 4.496 4.558 4.619 4.679 4.738 4.796 4.853 4.910 4.966 5.022 5.077 5.132 5.186 5.239 5.292 5.345 5.397 5.450 5.502
-99.000 -99.000 -99.000 -99.000 -99.000 -99.000 -99.000 -99.000 -99.000 -99.000 -99.000 -99.000 -99.000 -99.000 -99.000 -99.000 -99.000 -99.000 -99.000 -99.000 -99.000 -99.000 -99.000 -99.000 -99.000 -99.000 -99.000 -99.000 -99.000 -99.000 -99.000 -99.000 -99.000 1.645 1.664 1.759 1.953 2.224 2.536 2.854 3.151 3.408 3.623 3.797 3.939 4.057 4.156 4.242 4.319 4.389 4.455 4.518 4.578 4.637 4.694 4.750 4.806 4.860 4.914 4.968 5.021 5.073 5.125 5.177 5.228 5.279 5.330 5.381 5.432 5.484
-99.000 -99.000 -99.000 -99.000 -99.000 -99.000 -99.000 -99.000 -99.000 -99.000 -99.000 -99.000 -99.000 -99.000 -99.000 -99.000 -99.000 -99.000 -99.000 -99.000 -99.000 -99.000 -99.000 -99.000 -99.000 -99.000 -99.000 -99.000 -99.000 -99.000 -99.000 -99.000 1.644 1.648 1.690 1.825 2.053 2.345 2.663 2.975 3.257 3.497 3.695 3.856 3.987 4.097 4.191 4.273 4.346 4.415 4.479 4.540 4.599 4.656 4.711 4.766 4.819 4.871 4.922 4.973 5.023 5.073 5.122 5.171 5.219 5.267 5.315 5.364 5.413 5.462
-99.000 -99.000 -99.000 -99.000 -99.000 -99.000 -99.000 -99.000 -99.000 -99.000 -99.000 -99.000 -99.000 -99.000 -99.000 -99.000 -99.000 -99.000 -99.000 -99.000 -99.000 -99.000 -99.000 -99.000 -99.000 -99.000 -99.000 -99.000 -99.000 -99.000 -99.000 -99.000 1.644 1.657 1.731 1.906 2.163 2.470 2.789 3.091 3.357 3.579 3.761 3.909 4.031 4.134 4.222 4.300 4.372 4.438 4.501 4.561 4.619 4.675 4.730 4.783 4.835 4.885 4.934 4.982 5.030 5.077 5.123 5.169 5.214 5.258 5.303 5.348 5.393 5.440
-99.000 -99.000 -99.000 -99.000 -99.000 -99.000 -99.000 -99.000 -99.000 -99.000 -99.000 -99.000 -99.000 -99.000 -99.000 -99.000 -99.000 -99.000 -99.000 -99.000 -99.000 -99.000 -99.000 -99.000 -99.000 -99.000 -99.000 -99.000 -99.000 -99.000 -99.000 1.644 1.646 1.676 1.789 2.000 2.282 2.597 2.912 3.201 3.449 3.655 3.822 3.958 4.071 4.167 4.251 4.326 4.395 4.460 4.522 4.582 4.639 4.694 4.748 4.800 4.851 4.900 4.948 4.995 5.041 5.086 5.130 5.172 5.214 5.255 5.296 5.336 5.378 5.420
-99.000 -99.000 -99.000 -99.000 -99.000 -99.000 -99.000 -99.000 -99.000 -99.000 -99.000 -99.000 -99.000 -99.000 -99.000 -99.000 -99.000 -99.000 -99.000 -99.000 -99.000 -99.000 -99.000 -99.000 -99.000 -99.000 -99.000 -99.000 -99.000 -99.000 -99.000 1.644 1.651 1.709 1.863 2.107 2.406 2.725 3.032 3.305 3.535 3.724 3.877 4.003 4.108 4.198 4.278 4.350 4.417 4.480 4.541 4.600 4.657 4.712 4.765 4.817 4.868 4.916 4.963 5.010 5.055 5.098 5.140 5.181 5.220 5.258 5.295 5.331 5.368 5.406
-99.000 -99.000 -99.000 -99.000 -99.000 -99.000 -99.000 -99.000 -99.000 -99.000 -99.000 -99.000 -99.000 -99.000 -99.000 -99.000 -99.000 -99.000 -99.000 -99.000 -99.000 -99.000 -99.000 -99.000 -99.000 -99.000 -99.000 -99.000 -99.000 -99.000 -99.000 1.645 1.664 1.759 1.952 2.222 2.533 2.850 3.145 3.402 3.615 3.788 3.929 4.045 4.143 4.227 4.302 4.372 4.437 4.499 4.559 4.616 4.673 4.727 4.781 4.833 4.883 4.932 4.979 5.025 5.070 5.113 5.154 5.193 5.230 5.266 5.300 5.333 5.366 5.399
-99.000 -99.000 -99.000 -99.000 -99.000 -99.000 -99.000 -99.000 -99.000 -99.000 -99.000 -99.000 -99.000 -99.000 -99.000 -99.000 -99.000 -99.000 -99.000 -99.000 -99.000 -99.000 -99.000 -99.000 -99.000 -99.000 -99.000 -99.000 -99.000 -99.000 1.644 1.648 1.690 1.825 2.053 2.344 2.662 2.972 3.253 3.492 3.688 3.847 3.977 4.084 4.175 4.254 4.326 4.393 4.455 4.516 4.574 4.631 4.686 4.741 4.794 4.846 4.897 4.945 4.993 5.039 5.084 5.127 5.168 5.207 5.244 5.279 5.311 5.342 5.371 5.400
-99.000 -99.000 -99.000 -99.000 -99.000 -99.000 -99.000 -99.000 -99.000 -99.000 -99.000 -99.000 -99.000 -99.000 -99.000 -99.000 -99.000 -99.000 -99.000 -99.000 -99.000 -99.000 -99.000 -99.000 -99.000 -99.000 -99.000 -99.000 -99.000 -99.000 1.644 1.657 1.732 1.907 2.164 2.470 2.789 3.090 3.354 3.575 3.756 3.902 4.021 4.121 4.206 4.281 4.349 4.413 4.473 4.532 4.589 4.644 4.699 4.752 4.805 4.857 4.907 4.956 5.004 5.051 5.097 5.140 5.182 5.222 5.259 5.293 5.325 5.354 5.381 5.407
-99.000 -99.000 -99.000 -99.000 -99.000 -99.000 -99.000 -99.000 -99.000 -99.000 -99.000 -99.000 -99.000 -99.000 -99.000 -99.000 -99.000 -99.000 -99.000 -99.000 -99.000 -99.000 -99.000 -99.000 -99.000 -99.000 -99.000 -99.000 -99.000 1.644 1.646 1.676 1.791 2.003 2.284 2.599 2.914 3.201 3.449 3.653 3.819 3.953 4.064 4.156 4.235 4.306 4.371 4.433 4.491 4.548 4.603 4.657 4.710 4.762 4.814 4.865 4.916 4.965 5.013 5.060 5.106 5.151 5.194 5.235 5.273 5.308 5.341 5.370 5.396 5.420
-99.000 -99.000 -99.000 -99.000 -99.000 -99.000 -99.000 -99.000 -99.000 -99.000 -99.000 -99.000 -99.000 -99.000 -99.000 -99.000 -99.000 -99.000 -99.000 -99.000 -99.000 -99.000 -99.000 -99.000 -99.000 -99.000 -99.000 -99.000 -99.000 1.644 1.651 1.710 1.866 2.110 2.409 2.728 3.034 3.307 3.537 3.726 3.878 4.002 4.103 4.189 4.264 4.332 4.394 4.453 4.509 4.563 4.617 4.669 4.721 4.772 4.822 4.873 4.923 4.971 5.019 5.067 5.114 5.159 5.203 5.245 5.285 5.322 5.356 5.386 5.412 5.435
-99.000 -99.000 -99.000 -99.000 -99.000 -99.000 -99.000 -99.000 -99.000 -99.000 -99.000 -99.000 -99.000 -99.000 -99.000 -99.000 -99.000 -99.000 -99.000 -99.000 -99.000 -99.000 -99.000 -99.000 -99.000 -99.000 -99.000 -99.000 -99.000 1.645 1.665 1.761 1.956 2.227 2.538 2.855 3.150 3.407 3.620 3.793 3.933 4.047 4.141 4.222 4.293 4.357 4.416 4.473 4.527 4.580 4.631 4.682 4.732 4.781 4.830 4.879 4.928 4.976 5.024 5.072 5.119 5.165 5.210 5.254 5.295 5.334 5.370 5.401 5.429 5.452
-99.000 -99.000 -99.000 -99.000 -99.000 -99.000 -99.000 -99.000 -99.000 -99.000 -99.000 -99.000 -99.000 -99.000 -99.000 -99.000 -99.000 -99.000 -99.000 -99.000 -99.000 -99.000 -99.000 -99.000 -99.000 -99.000 -99.000 -99.000 1.644 1.648 1.692 1.829 2.059 2.351 2.668 2.980 3.261 3.501 3.698 3.857 3.986 4.091 4.178 4.254 4.321 4.382 4.439 4.494 4.546 4.596 4.646 4.695 4.743 4.791 4.839 4.886 4.934 4.980 5.028 5.075 5.123 5.169 5.215 5.260 5.303 5.343 5.381 5.415 5.444 5.469
-99.000 -99.000 -99.000 -99.000 -99.000 -99.000 -99.000 -99.000 -99.000 -99.000 -99.000 -99.000 -99.000 -99.000 -99.000 -99.000 -99.000 -99.000 -99.000 -99.000 -99.000 -99.000 -99.000 -99.000 -99.000 -99.000 -99.000 -99.000 1.644 1.657 1.735 1.912 2.172 2.479 2.798 3.101 3.367 3.590 3.771 3.917 4.035 4.132 4.214 4.285 4.349 4.408 4.463 4.515 4.565 4.614 4.662 4.709 4.755 4.801 4.847 4.894 4.939 4.985 5.032 5.079 5.125 5.172 5.219 5.264 5.308 5.351 5.390 5.426 5.458 5.484
-99.000 -99.000 -99.000 -99.000 -99.000 -99.000 -99.000 -99.000 -99.000 -99.000 -99.000 -99.000 -99.000 -99.000 -99.000 -99.000 -99.000 -99.000 -99.000 -99.000 -99.000 -99.000 -99.000 -99.000 -99.000 -99.000 -99.000 1.644 1.646 1.678 1.796 2.010 2.294 2.611 2.927 3.217 3.467 3.673 3.840 3.975 4.083 4.173 4.250 4.317 4.378 4.434 4.487 4.537 4.586 4.633 4.678 4.723 4.768 4.812 4.857 4.901 4.945 4.990 5.036 5.082 5.128 5.175 5.221 5.267 5.312 5.356 5.397 5.435 5.469 5.497
-99.000 -99.000 -99.000 -99.000 -99.000 -99.000 -99.000 -99.000 -99.000 -99.000 -99.000 -99.000 -99.000 -99.000 -99.000 -99.000 -99.000 -99.000 -99.000 -99.000 -99.000 -99.000 -99.000 -99.000 -99.000 -99.000 -99.000 1.644 1.652 1.713 1.873 2.120 2.422 2.743 3.052 3.328 3.561 3.752 3.906 4.029 4.129 4.213 4.285 4.349 4.408 4.462 4.513 4.561 4.607 4.652 4.696 4.739 4.782 4.825 4.867 4.910 4.952 4.995 5.040 5.085 5.131 5.177 5.223 5.269 5.315 5.359 5.401 5.441 5.477 5.508
