version2/TsunamiDB/out54026.asc
ncols          264
nrows          230
xllcorner      497853.4375
yllcorner      4229146.0000
cellsize         5.
NODATA_value   -99
[rows 160 to 191 of 230, columns 71 to 141 of 264]
-99.000 -99.000 -99.000 -99.000 -99.000 -99.000 -99.000 -99.000 -99.000 -99.000 -99.000 -99.000 -99.000 -99.000 -99.000 -99.000 -99.000 -99.000 -99.000 -99.000 -99.000 -99.000 -99.000 -99.000 -99.000 -99.000 -99.000 -99.000 -99.000 -99.000 -99.000 -99.000 -99.000 -99.000 -99.000 -99.000 -99.000 -99.000 -99.000 1.647 1.672 1.779 1.987 2.274 2.614 2.973 3.310 3.599 3.837 4.028 4.180 4.302 4.404 4.490 4.566 4.634 4.695 4.752 4.805 4.855 4.902 4.948 4.992 5.034 5.076 5.115 5.154 5.191 5.226 5.259 5.289
-99.000 -99.000 -99.000 -99.000 -99.000 -99.000 -99.000 -99.000 -99.000 -99.000 -99.000 -99.000 -99.000 -99.000 -99.000 -99.000 -99.000 -99.000 -99.000 -99.000 -99.000 -99.000 -99.000 -99.000 -99.000 -99.000 -99.000 -99.000 -99.000 -99.000 -99.000 -99.000 -99.000 -99.000 -99.000 -99.000 -99.000 -99.000 1.646 1.652 1.704 1.855 2.099 2.412 2.763 3.114 3.429 3.696 3.912 4.086 4.226 4.341 4.437 4.521 4.595 4.662 4.723 4.780 4.833 4.883 4.931 4.977 5.021 5.064 5.106 5.146 5.185 5.222 5.258 5.293 5.325
-99.000 -99.000 -99.000 -99.000 -99.000 -99.000 -99.000 -99.000 -99.000 -99.000 -99.000 -99.000 -99.000 -99.000 -99.000 -99.000 -99.000 -99.000 -99.000 -99.000 -99.000 -99.000 -99.000 -99.000 -99.000 -99.000 -99.000 -99.000 -99.000 -99.000 -99.000 -99.000 -99.000 -99.000 -99.000 -99.000 -99.000 -99.000 1.647 1.664 1.755 1.948 2.224 2.556 2.910 3.245 3.538 3.782 3.979 4.138 4.268 4.375 4.467 4.548 4.621 4.688 4.749 4.806 4.860 4.910 4.958 5.005 5.049 5.092 5.134 5.175 5.215 5.253 5.290 5.325 5.359
-99.000 -99.000 -99.000 -99.000 -99.000 -99.000 -99.000 -99.000 -99.000 -99.000 -99.000 -99.000 -99.000 -99.000 -99.000 -99.000 -99.000 -99.000 -99.000 -99.000 -99.000 -99.000 -99.000 -99.000 -99.000 -99.000 -99.000 -99.000 -99.000 -99.000 -99.000 -99.000 -99.000 -99.000 -99.000 -99.000 -99.000 1.646 1.650 1.690 1.825 2.056 2.359 2.704 3.051 3.367 3.637 3.859 4.039 4.185 4.305 4.407 4.495 4.574 4.646 4.712 4.773 4.830 4.884 4.935 4.984 5.031 5.076 5.119 5.162 5.203 5.243 5.282 5.320 5.357 5.391
-99.000 -99.000 -99.000 -99.000 -99.000 -99.000 -99.000 -99.000 -99.000 -99.000 -99.000 -99.000 -99.000 -99.000 -99.000 -99.000 -99.000 -99.000 -99.000 -99.000 -99.000 -99.000 -99.000 -99.000 -99.000 -99.000 -99.000 -99.000 -99.000 -99.000 -99.000 -99.000 -99.000 -99.000 -99.000 -99.000 -99.000 1.646 1.658 1.735 1.913 2.177 2.501 2.850 3.183 3.478 3.726 3.929 4.093 4.227 4.340 4.436 4.521 4.598 4.669 4.734 4.795 4.853 4.907 4.958 5.007 5.055 5.100 5.144 5.187 5.229 5.270 5.310 5.349 5.386 5.422
-99.000 -99.000 -99.000 -99.000 -99.000 -99.000 -99.000 -99.000 -99.000 -99.000 -99.000 -99.000 -99.000 -99.000 -99.000 -99.000 -99.000 -99.000 -99.000 -99.000 -99.000 -99.000 -99.000 -99.000 -99.000 -99.000 -99.000 -99.000 -99.000 -99.000 -99.000 -99.000 -99.000 -99.000 -99.000 -99.000 1.646 1.648 1.679 1.799 2.017 2.310 2.648 2.991 3.307 3.580 3.807 3.991 4.142 4.266 4.372 4.463 4.545 4.621 4.690 4.755 4.816 4.873 4.928 4.979 5.029 5.076 5.122 5.167 5.210 5.253 5.295 5.335 5.375 5.414 5.451
-99.000 -99.000 -99.000 -99.000 -99.000 -99.000 -99.000 -99.000 -99.000 -99.000 -99.000 -99.000 -99.000 -99.000 -99.000 -99.000 -99.000 -99.000 -99.000 -99.000 -99.000 -99.000 -99.000 -99.000 -99.000 -99.000 -99.000 -99.000 -99.000 -99.000 -99.000 -99.000 -99.000 -99.000 -99.000 -99.000 1.646 1.654 1.718 1.881 2.135 2.451 2.793 3.125 3.422 3.673 3.880 4.049 4.187 4.303 4.402 4.490 4.569 4.642 4.710 4.774 4.835 4.892 4.947 4.999 5.048 5.096 5.143 5.188 5.232 5.275 5.317 5.358 5.399 5.439 5.478
-99.000 -99.000 -99.000 -99.000 -99.000 -99.000 -99.000 -99.000 -99.000 -99.000 -99.000 -99.000 -99.000 -99.000 -99.000 -99.000 -99.000 -99.000 -99.000 -99.000 -99.000 -99.000 -99.000 -99.000 -99.000 -99.000 -99.000 -99.000 -99.000 -99.000 -99.000 -99.000 -99.000 -99.000 -99.000 -99.000 1.647 1.671 1.776 1.981 2.265 2.596 2.934 3.251 3.527 3.758 3.947 4.101 4.228 4.337 4.431 4.515 4.591 4.663 4.730 4.793 4.853 4.910 4.964 5.016 5.066 5.114 5.161 5.206 5.250 5.294 5.336 5.379 5.420 5.461 5.501
-99.000 -99.000 -99.000 -99.000 -99.000 -99.000 -99.000 -99.000 -99.000 -99.000 -99.000 -99.000 -99.000 -99.000 -99.000 -99.000 -99.000 -99.000 -99.000 -99.000 -99.000 -99.000 -99.000 -99.000 -99.000 -99.000 -99.000 -99.000 -99.000 -99.000 -99.000 -99.000 -99.000 -99.000 -99.000 1.646 1.652 1.704 1.853 2.096 2.403 2.740 3.070 3.369 3.624 3.835 4.007 4.148 4.266 4.368 4.458 4.539 4.613 4.684 4.750 4.812 4.871 4.928 4.981 5.033 5.083 5.130 5.177 5.222 5.266 5.310 5.353 5.396 5.438 5.480 5.521
-99.000 -99.000 -99.000 -99.000 -99.000 -99.000 -99.000 -99.000 -99.000 -99.000 -99.000 -99.000 -99.000 -99.000 -99.000 -99.000 -99.000 -99.000 -99.000 -99.000 -99.000 -99.000 -99.000 -99.000 -99.000 -99.000 -99.000 -99.000 -99.000 -99.000 -99.000 -99.000 -99.000 -99.000 -99.000 1.647 1.664 1.756 1.949 2.223 2.547 2.882 3.200 3.479 3.714 3.906 4.062 4.192 4.302 4.398 4.484 4.562 4.635 4.703 4.768 4.830 4.889 4.945 4.998 5.049 5.098 5.146 5.192 5.237 5.281 5.325 5.368 5.411 5.454 5.496 5.538
-99.000 -99.000 -99.000 -99.000 -99.000 -99.000 -99.000 -99.000 -99.000 -99.000 -99.000 -99.000 -99.000 -99.000 -99.000 -99.000 -99.000 -99.000 -99.000 -99.000 -99.000 -99.000 -99.000 -99.000 -99.000 -99.000 -99.000 -99.000 -99.000 -99.000 -99.000 -99.000 -99.000 -99.000 1.646 1.650 1.692 1.828 2.060 2.360 2.691 3.021 3.322 3.581 3.795 3.970 4.113 4.232 4.335 4.426 4.508 4.584 4.655 4.722 4.787 4.848 4.906 4.961 5.014 5.065 5.114 5.161 5.206 5.250 5.294 5.337 5.380 5.423 5.466 5.509 5.552
-99.000 -99.000 -99.000 -99.000 -99.000 -99.000 -99.000 -99.000 -99.000 -99.000 -99.000 -99.000 -99.000 -99.000 -99.000 -99.000 -99.000 -99.000 -99.000 -99.000 -99.000 -99.000 -99.000 -99.000 -99.000 -99.000 -99.000 -99.000 -99.000 -99.000 -99.000 -99.000 -99.000 -99.000 1.646 1.660 1.739 1.919 2.185 2.502 2.835 3.153 3.436 3.674 3.870 4.028 4.159 4.269 4.365 4.452 4.531 4.604 4.674 4.740 4.804 4.864 4.922 4.978 5.030 5.081 5.129 5.175 5.220 5.264 5.306 5.349 5.391 5.433 5.476 5.519 5.563
-99.000 -99.000 -99.000 -99.000 -99.000 -99.000 -99.000 -99.000 -99.000 -99.000 -99.000 -99.000 -99.000 -99.000 -99.000 -99.000 -99.000 -99.000 -99.000 -99.000 -99.000 -99.000 -99.000 -99.000 -99.000 -99.000 -99.000 -99.000 -99.000 -99.000 -99.000 -99.000 -99.000 1.646 1.648 1.682 1.806 2.027 2.319 2.646 2.975 3.279 3.542 3.760 3.937 4.082 4.202 4.304 4.394 4.476 4.552 4.623 4.691 4.757 4.820 4.880 4.938 4.993 5.046 5.096 5.144 5.190 5.234 5.277 5.318 5.360 5.401 5.442 5.484 5.527 5.571
-99.000 -99.000 -99.000 -99.000 -99.000 -99.000 -99.000 -99.000 -99.000 -99.000 -99.000 -99.000 -99.000 -99.000 -99.000 -99.000 -99.000 -99.000 -99.000 -99.000 -99.000 -99.000 -99.000 -99.000 -99.000 -99.000 -99.000 -99.000 -99.000 -99.000 -99.000 -99.000 -99.000 1.646 1.656 1.724 1.892 2.148 2.459 2.791 3.111 3.397 3.640 3.838 3.999 4.131 4.241 4.336 4.421 4.499 4.572 4.641 4.708 4.772 4.834 4.895 4.952 5.008 5.061 5.111 5.159 5.205 5.248 5.290 5.331 5.371 5.411 5.451 5.492 5.534 5.577
-99.000 -99.000 -99.000 -99.000 -99.000 -99.000 -99.000 -99.000 -99.000 -99.000 -99.000 -99.000 -99.000 -99.000 -99.000 -99.000 -99.000 -99.000 -99.000 -99.000 -99.000 -99.000 -99.000 -99.000 -99.000 -99.000 -99.000 -99.000 -99.000 -99.000 -99.000 -99.000 1.646 1.648 1.674 1.785 1.996 2.280 2.604 2.933 3.240 3.507 3.729 3.909 4.055 4.176 4.278 4.367 4.447 4.522 4.591 4.658 4.723 4.787 4.848 4.908 4.965 5.021 5.074 5.125 5.173 5.219 5.263 5.304 5.344 5.383 5.421 5.459 5.498 5.539 5.581
-99.000 -99.000 -99.000 -99.000 -99.000 -99.000 -99.000 -99.000 -99.000 -99.000 -99.000 -99.000 -99.000 -99.000 -99.000 -99.000 -99.000 -99.000 -99.000 -99.000 -99.000 -99.000 -99.000 -99.000 -99.000 -99.000 -99.000 -99.000 -99.000 -99.000 -99.000 -99.000 1.646 1.653 1.710 1.867 2.114 2.420 2.749 3.071 3.361 3.607 3.810 3.973 4.106 4.217 4.312 4.396 4.472 4.544 4.611 4.675 4.739 4.800 4.860 4.919 4.977 5.032 5.086 5.137 5.186 5.233 5.276 5.318 5.357 5.395 5.431 5.468 5.505 5.544 5.585
-99.000 -99.000 -99.000 -99.000 -99.000 -99.000 -99.000 -99.000 -99.000 -99.000 -99.000 -99.000 -99.000 -99.000 -99.000 -99.000 -99.000 -99.000 -99.000 -99.000 -99.000 -99.000 -99.000 -99.000 -99.000 -99.000 -99.000 -99.000 -99.000 -99.000 -99.000 -99.000 1.647 1.668 1.767 1.967 2.244 2.564 2.893 3.202 3.473 3.699 3.883 4.032 4.153 4.255 4.344 4.424 4.497 4.565 4.630 4.692 4.754 4.814 4.873 4.930 4.987 5.042 5.096 5.148 5.197 5.244 5.289 5.331 5.370 5.407 5.443 5.478 5.513 5.550 5.588
-99.000 -99.000 -99.000 -99.000 -99.000 -99.000 -99.000 -99.000 -99.000 -99.000 -99.000 -99.000 -99.000 -99.000 -99.000 -99.000 -99.000 -99.000 -99.000 -99.000 -99.000 -99.000 -99.000 -99.000 -99.000 -99.000 -99.000 -99.000 -99.000 -99.000 -99.000 1.646 1.651 1.699 1.844 2.082 2.382 2.710 3.033 3.326 3.577 3.783 3.950 4.085 4.196 4.291 4.375 4.450 4.520 4.586 4.649 4.709 4.769 4.827 4.885 4.941 4.997 5.051 5.105 5.157 5.207 5.255 5.300 5.343 5.382 5.420 5.455 5.488 5.522 5.556 5.592
-99.000 -99.000 -99.000 -99.000 -99.000 -99.000 -99.000 -99.000 -99.000 -99.000 -99.000 -99.000 -99.000 -99.000 -99.000 -99.000 -99.000 -99.000 -99.000 -99.000 -99.000 -99.000 -99.000 -99.000 -99.000 -99.000 -99.000 -99.000 -99.000 -99.000 -99.000 1.647 1.663 1.750 1.939 2.209 2.526 2.856 3.168 3.443 3.673 3.860 4.010 4.133 4.236 4.324 4.403 4.476 4.543 4.607 4.667 4.726 4.784 4.841 4.897 4.952 5.007 5.060 5.113 5.165 5.215 5.264 5.310 5.354 5.394 5.432 5.467 5.500 5.532 5.564 5.597
-99.000 -99.000 -99.000 -99.000 -99.000 -99.000 -99.000 -99.000 -99.000 -99.000 -99.000 -99.000 -99.000 -99.000 -99.000 -99.000 -99.000 -99.000 -99.000 -99.000 -99.000 -99.000 -99.000 -99.000 -99.000 -99.000 -99.000 -99.000 -99.000 -99.000 1.646 1.649 1.689 1.822 2.051 2.346 2.673 2.998 3.296 3.551 3.761 3.930 4.066 4.178 4.273 4.356 4.431 4.500 4.565 4.627 4.686 4.743 4.800 4.855 4.910 4.963 5.017 5.069 5.122 5.173 5.223 5.272 5.319 5.364 5.405 5.444 5.479 5.512 5.543 5.573 5.604
-99.000 -99.000 -99.000 -99.000 -99.000 -99.000 -99.000 -99.000 -99.000 -99.000 -99.000 -99.000 -99.000 -99.000 -99.000 -99.000 -99.000 -99.000 -99.000 -99.000 -99.000 -99.000 -99.000 -99.000 -99.000 -99.000 -99.000 -99.000 -99.000 -99.000 1.646 1.658 1.734 1.912 2.175 2.490 2.821 3.137 3.417 3.651 3.841 3.994 4.117 4.220 4.308 4.386 4.457 4.523 4.586 4.647 4.704 4.760 4.815 4.869 4.922 4.975 5.027 5.079 5.130 5.181 5.231 5.280 5.328 5.373 5.416 5.456 5.492 5.525 5.556 5.585 5.613
-99.000 -99.000 -99.000 -99.000 -99.000 -99.000 -99.000 -99.000 -99.000 -99.000 -99.000 -99.000 -99.000 -99.000 -99.000 -99.000 -99.000 -99.000 -99.000 -99.000 -99.000 -99.000 -99.000 -99.000 -99.000 -99.000 -99.000 -99.000 -99.000 1.646 1.648 1.680 1.800 2.020 2.311 2.638 2.967 3.269 3.530 3.744 3.916 4.053 4.165 4.260 4.341 4.415 4.483 4.547 4.607 4.666 4.722 4.776 4.830 4.883 4.935 4.987 5.038 5.088 5.139 5.189 5.239 5.288 5.336 5.382 5.426 5.467 5.505 5.540 5.570 5.599 5.625
-99.000 -99.000 -99.000 -99.000 -99.000 -99.000 -99.000 -99.000 -99.000 -99.000 -99.000 -99.000 -99.000 -99.000 -99.000 -99.000 -99.000 -99.000 -99.000 -99.000 -99.000 -99.000 -99.000 -99.000 -99.000 -99.000 -99.000 -99.000 -99.000 1.646 1.655 1.720 1.886 2.141 2.454 2.788 3.109 3.395 3.635 3.830 3.984 4.109 4.211 4.298 4.374 4.443 4.508 4.569 4.628 4.685 4.739 4.792 4.845 4.896 4.947 4.998 5.048 5.098 5.148 5.197 5.247 5.296 5.344 5.391 5.437 5.479 5.519 5.554 5.586 5.615 5.640
-99.000 -99.000 -99.000 -99.000 -99.000 -99.000 -99.000 -99.000 -99.000 -99.000 -99.000 -99.000 -99.000 -99.000 -99.000 -99.000 -99.000 -99.000 -99.000 -99.000 -99.000 -99.000 -99.000 -99.000 -99.000 -99.000 -99.000 -99.000 -99.000 1.647 1.672 1.779 1.988 2.274 2.603 2.937 3.246 3.513 3.733 3.909 4.048 4.161 4.254 4.335 4.406 4.472 4.534 4.592 4.649 4.704 4.756 4.808 4.859 4.909 4.959 5.009 5.058 5.107 5.156 5.205 5.254 5.303 5.352 5.400 5.446 5.491 5.532 5.569 5.603 5.632 5.657
-99.000 -99.000 -99.000 -99.000 -99.000 -99.000 -99.000 -99.000 -99.000 -99.000 -99.000 -99.000 -99.000 -99.000 -99.000 -99.000 -99.000 -99.000 -99.000 -99.000 -99.000 -99.000 -99.000 -99.000 -99.000 -99.000 -99.000 -99.000 1.646 1.652 1.706 1.858 2.105 2.417 2.754 3.083 3.377 3.624 3.824 3.982 4.108 4.210 4.296 4.371 4.438 4.501 4.559 4.616 4.670 4.723 4.774 4.824 4.873 4.922 4.971 5.019 5.067 5.115 5.164 5.212 5.261 5.310 5.360 5.408 5.456 5.501 5.544 5.584 5.619 5.650 5.676
-99.000 -99.000 -99.000 -99.000 -99.000 -99.000 -99.000 -99.000 -99.000 -99.000 -99.000 -99.000 -99.000 -99.000 -99.000 -99.000 -99.000 -99.000 -99.000 -99.000 -99.000 -99.000 -99.000 -99.000 -99.000 -99.000 -99.000 -99.000 1.647 1.665 1.759 1.955 2.235 2.566 2.906 3.224 3.500 3.727 3.908 4.050 4.164 4.258 4.337 4.407 4.470 4.530 4.586 4.640 4.692 4.743 4.792 4.840 4.888 4.935 4.982 5.029 5.076 5.123 5.171 5.219 5.267 5.317 5.366 5.415 5.464 5.511 5.556 5.597 5.635 5.667 5.694
-99.000 -99.000 -99.000 -99.000 -99.000 -99.000 -99.000 -99.000 -99.000 -99.000 -99.000 -99.000 -99.000 -99.000 -99.000 -99.000 -99.000 -99.000 -99.000 -99.000 -99.000 -99.000 -99.000 -99.000 -99.000 -99.000 -99.000 1.646 1.650 1.693 1.831 2.068 2.375 2.718 3.055 3.359 3.616 3.823 3.986 4.114 4.217 4.303 4.377 4.442 4.503 4.559 4.613 4.665 4.715 4.764 4.811 4.857 4.903 4.949 4.994 5.039 5.085 5.131 5.177 5.225 5.273 5.322 5.371 5.421 5.471 5.519 5.565 5.608 5.648 5.682 5.711
-99.000 -99.000 -99.000 -99.000 -99.000 -99.000 -99.000 -99.000 -99.000 -99.000 -99.000 -99.000 -99.000 -99.000 -99.000 -99.000 -99.000 -99.000 -99.000 -99.000 -99.000 -99.000 -99.000 -99.000 -99.000 -99.000 -99.000 1.646 1.659 1.739 1.922 2.193 2.523 2.872 3.200 3.487 3.723 3.911 4.058 4.174 4.268 4.347 4.416 4.478 4.535 4.590 4.642 4.691 4.740 4.786 4.831 4.875 4.920 4.963 5.006 5.050 5.094 5.138 5.184 5.230 5.278 5.326 5.376 5.426 5.476 5.525 5.572 5.617 5.658 5.695 5.725
-99.000 -99.000 -99.000 -99.000 -99.000 -99.000 -99.000 -99.000 -99.000 -99.000 -99.000 -99.000 -99.000 -99.000 -99.000 -99.000 -99.000 -99.000 -99.000 -99.000 -99.000 -99.000 -99.000 -99.000 -99.000 -99.000 -99.000 1.648 1.681 1.804 2.028 2.329 2.676 3.023 3.339 3.607 3.823 3.992 4.125 4.230 4.316 4.389 4.454 4.513 4.568 4.621 4.671 4.719 4.765 4.810 4.853 4.895 4.938 4.979 5.020 5.062 5.104 5.147 5.191 5.236 5.283 5.331 5.380 5.430 5.480 5.530 5.578 5.624 5.666 5.704 5.737
-99.000 -99.000 -99.000 -99.000 -99.000 -99.000 -99.000 -99.000 -99.000 -99.000 -99.000 -99.000 -99.000 -99.000 -99.000 -99.000 -99.000 -99.000 -99.000 -99.000 -99.000 -99.000 -99.000 -99.000 -99.000 -99.000 1.647 1.655 1.720 1.887 2.147 2.475 2.830 3.171 3.471 3.719 3.915 4.068 4.187 4.283 4.362 4.431 4.492 4.549 4.602 4.652 4.700 4.747 4.792 4.835 4.876 4.917 4.957 4.997 5.036 5.075 5.115 5.156 5.199 5.243 5.288 5.335 5.384 5.433 5.483 5.533 5.582 5.628 5.672 5.711 5.745
-99.000 -99.000 -99.000 -99.000 -99.000 -99.000 -99.000 -99.000 -99.000 -99.000 -99.000 -99.000 -99.000 -99.000 -99.000 -99.000 -99.000 -99.000 -99.000 -99.000 -99.000 -99.000 -99.000 -99.000 -99.000 -99.000 1.648 1.671 1.777 1.987 2.279 2.626 2.984 3.313 3.594 3.822 3.999 4.137 4.246 4.333 4.407 4.471 4.530 4.584 4.635 4.684 4.731 4.776 4.820 4.862 4.901 4.941 4.979 5.017 5.054 5.091 5.129 5.168 5.209 5.251 5.295 5.341 5.388 5.437 5.486 5.536 5.584 5.631 5.675 5.715 5.750
-99.000 -99.000 -99.000 -99.000 -99.000 -99.000 -99.000 -99.000 -99.000 -99.000 -99.000 -99.000 -99.000 -99.000 -99.000 -99.000 -99.000 -99.000 -99.000 -99.000 -99.000 -99.000 -99.000 -99.000 -99.000 1.647 1.652 1.702 1.853 2.100 2.419 2.779 3.133 3.448 3.709 3.916 4.077 4.202 4.300 4.381 4.450 4.511 4.566 4.619 4.668 4.716 4.762 4.806 4.848 4.889 4.927 4.966 5.003 5.039 5.075 5.110 5.146 5.183 5.221 5.261 5.303 5.347 5.393 5.441 5.489 5.538 5.586 5.633 5.677 5.718 5.754
