version2/TsunamiDB/out53999.asc
ncols          264
nrows          230
xllcorner      497853.4375
yllcorner      4229146.0000
cellsize         5.
NODATA_value   -99
[rows 180 to 209 of 230, columns 138 to 206 of 264]
-99.000 -99.000 -99.000 -99.000 -99.000 -99.000 -99.000 -99.000 -99.000 -99.000 -99.000 -99.000 -99.000 -99.000 -99.000 -99.000 -99.000 -99.000 -99.000 -99.000 -99.000 -99.000 -99.000 -99.000 -99.000 -99.000 -99.000 -99.000 -99.000 1.665 1.673 1.747 1.930 2.209 2.559 2.957 3.371 3.769 4.100 4.333 4.567 4.701 4.775 4.825 4.834 4.837 4.825 4.812 4.828 4.855 4.971 5.066 5.100 5.129 5.145 5.163 5.173 5.174 5.176 5.174 5.257 5.369 5.405 5.415 5.407 5.392 5.366 5.330 5.289
-99.000 -99.000 -99.000 -99.000 -99.000 -99.000 -99.000 -99.000 -99.000 -99.000 -99.000 -99.000 -99.000 -99.000 -99.000 -99.000 -99.000 -99.000 -99.000 -99.000 -99.000 -99.000 -99.000 -99.000 -99.000 -99.000 -99.000 -99.000 1.656 1.666 1.685 1.796 2.016 2.324 2.698 3.124 3.547 3.917 4.203 4.409 4.622 4.743 4.813 4.857 4.865 4.869 4.859 4.856 4.879 4.909 5.026 5.124 5.151 5.170 5.183 5.201 5.211 5.217 5.220 5.213 5.294 5.408 5.443 5.447 5.433 5.411 5.375 5.330 5.284
-99.000 -99.000 -99.000 -99.000 -99.000 -99.000 -99.000 -99.000 -99.000 -99.000 -99.000 -99.000 -99.000 -99.000 -99.000 -99.000 -99.000 -99.000 -99.000 -99.000 -99.000 -99.000 -99.000 -99.000 -99.000 -99.000 -99.000 -99.000 -99.000 1.669 1.711 1.865 2.121 2.461 2.866 3.305 3.722 4.059 4.313 4.494 4.683 4.793 4.848 4.887 4.893 4.898 4.896 4.902 4.930 4.961 5.078 5.180 5.200 5.212 5.221 5.236 5.249 5.256 5.255 5.244 5.324 5.439 5.469 5.467 5.448 5.418 5.378 5.326 5.272
-99.000 -99.000 -99.000 -99.000 -99.000 -99.000 -99.000 -99.000 -99.000 -99.000 -99.000 -99.000 -99.000 -99.000 -99.000 -99.000 -99.000 -99.000 -99.000 -99.000 -99.000 -99.000 -99.000 -99.000 -99.000 -99.000 -99.000 -99.000 -99.000 1.677 1.751 1.946 2.236 2.605 3.034 3.488 3.894 4.198 4.426 4.580 4.740 4.834 4.879 4.912 4.918 4.928 4.931 4.943 4.978 5.006 5.121 5.226 5.241 5.248 5.253 5.268 5.280 5.283 5.281 5.265 5.341 5.452 5.477 5.470 5.445 5.412 5.366 5.308 5.251
-99.000 -99.000 -99.000 -99.000 -99.000 -99.000 -99.000 -99.000 -99.000 -99.000 -99.000 -99.000 -99.000 -99.000 -99.000 -99.000 -99.000 -99.000 -99.000 -99.000 -99.000 -99.000 -99.000 -99.000 -99.000 -99.000 -99.000 1.647 1.658 1.693 1.807 2.041 2.363 2.758 3.205 3.660 4.040 4.317 4.526 4.647 4.777 4.863 4.906 4.936 4.943 4.955 4.963 4.983 5.019 5.042 5.157 5.266 5.278 5.281 5.283 5.295 5.302 5.303 5.298 5.275 5.346 5.452 5.474 5.462 5.432 5.397 5.349 5.289 5.232
-99.000 -99.000 -99.000 -99.000 -99.000 -99.000 -99.000 -99.000 -99.000 -99.000 -99.000 -99.000 -99.000 -99.000 -99.000 -99.000 -99.000 -99.000 -99.000 -99.000 -99.000 -99.000 -99.000 -99.000 -99.000 -99.000 -99.000 -99.000 1.663 1.726 1.884 2.156 2.510 2.928 3.384 3.827 4.182 4.442 4.623 4.701 4.809 4.898 4.941 4.970 4.979 4.996 5.008 5.032 5.064 5.082 5.197 5.311 5.321 5.321 5.321 5.328 5.329 5.327 5.319 5.286 5.350 5.455 5.473 5.455 5.423 5.386 5.337 5.276 5.217
-99.000 -99.000 -99.000 -99.000 -99.000 -99.000 -99.000 -99.000 -99.000 -99.000 -99.000 -99.000 -99.000 -99.000 -99.000 -99.000 -99.000 -99.000 -99.000 -99.000 -99.000 -99.000 -99.000 -99.000 -99.000 -99.000 -99.000 1.646 1.676 1.780 1.982 2.294 2.677 3.115 3.574 4.000 4.333 4.575 4.706 4.744 4.846 4.942 4.984 5.011 5.023 5.041 5.059 5.083 5.110 5.122 5.240 5.356 5.365 5.365 5.362 5.362 5.359 5.354 5.335 5.290 5.350 5.451 5.464 5.444 5.408 5.367 5.317 5.252 5.198
-99.000 -99.000 -99.000 -99.000 -99.000 -99.000 -99.000 -99.000 -99.000 -99.000 -99.000 -99.000 -99.000 -99.000 -99.000 -99.000 -99.000 -99.000 -99.000 -99.000 -99.000 -99.000 -99.000 -99.000 -99.000 -99.000 -99.000 1.655 1.703 1.850 2.094 2.436 2.844 3.296 3.755 4.165 4.463 4.656 4.748 4.774 4.883 4.983 5.024 5.050 5.061 5.086 5.110 5.135 5.160 5.166 5.282 5.404 5.416 5.414 5.406 5.403 5.393 5.374 5.341 5.290 5.343 5.438 5.449 5.424 5.382 5.337 5.284 5.227 5.191
-99.000 -99.000 -99.000 -99.000 -99.000 -99.000 -99.000 -99.000 -99.000 -99.000 -99.000 -99.000 -99.000 -99.000 -99.000 -99.000 -99.000 -99.000 -99.000 -99.000 -99.000 -99.000 -99.000 -99.000 -99.000 -99.000 1.651 1.667 1.747 1.937 2.216 2.584 3.010 3.470 3.925 4.301 4.552 4.699 4.771 4.805 4.924 5.024 5.063 5.084 5.098 5.131 5.161 5.192 5.213 5.211 5.329 5.458 5.472 5.465 5.454 5.444 5.419 5.384 5.341 5.281 5.327 5.418 5.425 5.394 5.347 5.299 5.251 5.213 5.190
-99.000 -99.000 -99.000 -99.000 -99.000 -99.000 -99.000 -99.000 -99.000 -99.000 -99.000 -99.000 -99.000 -99.000 -99.000 -99.000 -99.000 -99.000 -99.000 -99.000 -99.000 -99.000 -99.000 -99.000 -99.000 1.648 1.655 1.687 1.808 2.041 2.352 2.745 3.184 3.650 4.090 4.415 4.620 4.737 4.805 4.852 4.971 5.071 5.100 5.117 5.136 5.176 5.215 5.249 5.266 5.261 5.381 5.516 5.526 5.514 5.498 5.474 5.436 5.389 5.333 5.265 5.304 5.390 5.390 5.356 5.309 5.264 5.230 5.206 5.189
-99.000 -99.000 -99.000 -99.000 -99.000 -99.000 -99.000 -99.000 -99.000 -99.000 -99.000 -99.000 -99.000 -99.000 -99.000 -99.000 -99.000 -99.000 -99.000 -99.000 -99.000 -99.000 -99.000 -99.000 -99.000 -99.000 1.661 1.721 1.886 2.155 2.495 2.907 3.362 3.831 4.232 4.507 4.673 4.775 4.851 4.902 5.017 5.111 5.134 5.148 5.170 5.222 5.268 5.304 5.323 5.313 5.431 5.566 5.575 5.559 5.531 5.497 5.447 5.385 5.319 5.244 5.275 5.353 5.352 5.317 5.274 5.240 5.217 5.201 5.192
-99.000 -99.000 -99.000 -99.000 -99.000 -99.000 -99.000 -99.000 -99.000 -99.000 -99.000 -99.000 -99.000 -99.000 -99.000 -99.000 -99.000 -99.000 -99.000 -99.000 -99.000 -99.000 -99.000 -99.000 -99.000 1.651 1.673 1.772 1.980 2.283 2.650 3.081 3.550 4.006 4.353 4.578 4.716 4.818 4.900 4.948 5.055 5.146 5.164 5.174 5.204 5.264 5.314 5.357 5.378 5.359 5.475 5.613 5.620 5.594 5.558 5.514 5.451 5.376 5.300 5.217 5.242 5.316 5.313 5.282 5.248 5.223 5.207 5.200 5.197
-99.000 -99.000 -99.000 -99.000 -99.000 -99.000 -99.000 -99.000 -99.000 -99.000 -99.000 -99.000 -99.000 -99.000 -99.000 -99.000 -99.000 -99.000 -99.000 -99.000 -99.000 -99.000 -99.000 -99.000 -99.000 1.653 1.697 1.842 2.091 2.426 2.821 3.276 3.746 4.167 4.459 4.641 4.766 4.874 4.957 4.990 5.087 5.181 5.187 5.197 5.238 5.299 5.355 5.406 5.425 5.401 5.515 5.655 5.653 5.620 5.576 5.521 5.447 5.362 5.274 5.186 5.207 5.277 5.276 5.253 5.226 5.207 5.200 5.200 5.199
-99.000 -99.000 -99.000 -99.000 -99.000 -99.000 -99.000 -99.000 -99.000 -99.000 -99.000 -99.000 -99.000 -99.000 -99.000 -99.000 -99.000 -99.000 -99.000 -99.000 -99.000 -99.000 -99.000 -99.000 1.651 1.663 1.741 1.931 2.217 2.583 3.006 3.477 3.938 4.310 4.549 4.704 4.825 4.938 5.013 5.019 5.105 5.196 5.199 5.216 5.259 5.325 5.387 5.441 5.463 5.434 5.542 5.677 5.669 5.629 5.576 5.513 5.430 5.332 5.237 5.147 5.166 5.235 5.240 5.223 5.202 5.193 5.193 5.195 5.195
-99.000 -99.000 -99.000 -99.000 -99.000 -99.000 -99.000 -99.000 -99.000 -99.000 -99.000 -99.000 -99.000 -99.000 -99.000 -99.000 -99.000 -99.000 -99.000 -99.000 -99.000 -99.000 -99.000 1.650 1.652 1.682 1.807 2.042 2.366 2.765 3.214 3.694 4.126 4.444 4.639 4.773 4.891 5.002 5.063 5.044 5.125 5.219 5.225 5.244 5.290 5.353 5.411 5.466 5.491 5.454 5.555 5.684 5.675 5.628 5.568 5.499 5.408 5.304 5.205 5.115 5.134 5.205 5.215 5.202 5.186 5.183 5.186 5.189 5.190
-99.000 -99.000 -99.000 -99.000 -99.000 -99.000 -99.000 -99.000 -99.000 -99.000 -99.000 -99.000 -99.000 -99.000 -99.000 -99.000 -99.000 -99.000 -99.000 -99.000 -99.000 -99.000 -99.000 1.657 1.663 1.722 1.891 2.166 2.529 2.962 3.436 3.909 4.293 4.565 4.735 4.864 4.985 5.095 5.137 5.090 5.172 5.265 5.266 5.283 5.327 5.384 5.438 5.501 5.529 5.477 5.570 5.697 5.684 5.631 5.567 5.493 5.396 5.286 5.181 5.093 5.115 5.186 5.198 5.188 5.178 5.179 5.182 5.186 5.189
-99.000 -99.000 -99.000 -99.000 -99.000 -99.000 -99.000 -99.000 -99.000 -99.000 -99.000 -99.000 -99.000 -99.000 -99.000 -99.000 -99.000 -99.000 -99.000 -99.000 -99.000 -99.000 -99.000 1.663 1.683 1.780 1.991 2.302 2.706 3.175 3.669 4.115 4.444 4.688 4.849 4.976 5.091 5.201 5.197 5.136 5.226 5.310 5.308 5.328 5.371 5.422 5.479 5.553 5.561 5.493 5.581 5.704 5.686 5.631 5.561 5.478 5.376 5.257 5.154 5.077 5.100 5.171 5.184 5.179 5.172 5.173 5.178 5.184 5.186
-99.000 -99.000 -99.000 -99.000 -99.000 -99.000 -99.000 -99.000 -99.000 -99.000 -99.000 -99.000 -99.000 -99.000 -99.000 -99.000 -99.000 -99.000 -99.000 -99.000 -99.000 -99.000 1.664 1.667 1.708 1.851 2.104 2.458 2.899 3.395 3.897 4.301 4.584 4.814 4.958 5.085 5.181 5.233 5.210 5.179 5.271 5.347 5.352 5.376 5.420 5.476 5.533 5.576 5.560 5.497 5.580 5.694 5.676 5.618 5.540 5.451 5.342 5.229 5.142 5.068 5.089 5.160 5.178 5.174 5.167 5.168 5.175 5.181 5.185
-99.000 -99.000 -99.000 -99.000 -99.000 -99.000 -99.000 -99.000 -99.000 -99.000 -99.000 -99.000 -99.000 -99.000 -99.000 -99.000 -99.000 -99.000 -99.000 -99.000 -99.000 -99.000 1.664 1.674 1.750 1.938 2.233 2.630 3.105 3.610 4.093 4.439 4.682 4.902 5.028 5.140 5.202 5.224 5.215 5.200 5.296 5.370 5.384 5.413 5.461 5.513 5.550 5.567 5.547 5.483 5.560 5.668 5.651 5.590 5.510 5.418 5.313 5.216 5.138 5.063 5.083 5.157 5.176 5.172 5.164 5.166 5.172 5.181 5.188
-99.000 -99.000 -99.000 -99.000 -99.000 -99.000 -99.000 -99.000 -99.000 -99.000 -99.000 -99.000 -99.000 -99.000 -99.000 -99.000 -99.000 -99.000 -99.000 -99.000 -99.000 1.665 1.667 1.693 1.813 2.047 2.387 2.827 3.328 3.821 4.263 4.542 4.751 4.958 5.063 5.155 5.196 5.208 5.204 5.207 5.303 5.377 5.394 5.431 5.479 5.516 5.539 5.545 5.517 5.455 5.528 5.632 5.614 5.555 5.477 5.388 5.296 5.210 5.134 5.061 5.083 5.157 5.175 5.171 5.163 5.164 5.173 5.186 5.195
-99.000 -99.000 -99.000 -99.000 -99.000 -99.000 -99.000 -99.000 -99.000 -99.000 -99.000 -99.000 -99.000 -99.000 -99.000 -99.000 -99.000 -99.000 -99.000 -99.000 -99.000 -99.000 1.672 1.729 1.894 2.172 2.556 3.036 3.550 4.004 4.396 4.616 4.803 4.990 5.072 5.152 5.182 5.185 5.189 5.204 5.295 5.363 5.389 5.434 5.471 5.500 5.516 5.510 5.480 5.421 5.487 5.586 5.572 5.519 5.446 5.369 5.287 5.205 5.132 5.064 5.085 5.158 5.177 5.174 5.165 5.168 5.180 5.196 5.209
-99.000 -99.000 -99.000 -99.000 -99.000 -99.000 -99.000 -99.000 -99.000 -99.000 -99.000 -99.000 -99.000 -99.000 -99.000 -99.000 -99.000 -99.000 -99.000 -99.000 -99.000 1.666 1.686 1.785 1.995 2.317 2.746 3.256 3.757 4.154 4.495 4.676 4.832 4.992 5.063 5.136 5.156 5.156 5.166 5.186 5.271 5.340 5.374 5.415 5.448 5.472 5.479 5.468 5.437 5.378 5.442 5.539 5.531 5.485 5.424 5.356 5.279 5.202 5.133 5.065 5.087 5.159 5.181 5.178 5.172 5.177 5.191 5.212 5.231
-99.000 -99.000 -99.000 -99.000 -99.000 -99.000 -99.000 -99.000 -99.000 -99.000 -99.000 -99.000 -99.000 -99.000 -99.000 -99.000 -99.000 -99.000 -99.000 -99.000 -99.000 1.673 1.716 1.860 2.116 2.485 2.963 3.488 3.946 4.280 4.571 4.725 4.836 4.966 5.035 5.100 5.116 5.112 5.127 5.154 5.236 5.309 5.342 5.384 5.413 5.430 5.435 5.422 5.389 5.334 5.398 5.496 5.492 5.456 5.403 5.341 5.272 5.199 5.128 5.063 5.087 5.159 5.183 5.187 5.184 5.190 5.209 5.236 5.257
-99.000 -99.000 -99.000 -99.000 -99.000 -99.000 -99.000 -99.000 -99.000 -99.000 -99.000 -99.000 -99.000 -99.000 -99.000 -99.000 -99.000 -99.000 -99.000 -99.000 -99.000 1.682 1.762 1.953 2.253 2.677 3.197 3.716 4.114 4.374 4.625 4.743 4.814 4.914 4.976 5.030 5.040 5.036 5.060 5.089 5.169 5.247 5.286 5.330 5.354 5.370 5.376 5.359 5.329 5.281 5.344 5.441 5.446 5.419 5.372 5.319 5.256 5.183 5.114 5.054 5.079 5.153 5.185 5.195 5.196 5.206 5.230 5.259 5.282
-99.000 -99.000 -99.000 -99.000 -99.000 -99.000 -99.000 -99.000 -99.000 -99.000 -99.000 -99.000 -99.000 -99.000 -99.000 -99.000 -99.000 -99.000 -99.000 -99.000 1.666 1.699 1.822 2.057 2.406 2.886 3.442 3.932 4.265 4.483 4.694 4.783 4.830 4.907 4.953 4.993 4.998 4.994 5.016 5.040 5.122 5.207 5.248 5.287 5.307 5.322 5.324 5.308 5.282 5.236 5.301 5.400 5.410 5.388 5.347 5.301 5.241 5.170 5.103 5.047 5.076 5.155 5.194 5.210 5.216 5.231 5.255 5.284 5.307
-99.000 -99.000 -99.000 -99.000 -99.000 -99.000 -99.000 -99.000 -99.000 -99.000 -99.000 -99.000 -99.000 -99.000 -99.000 -99.000 -99.000 -99.000 -99.000 1.668 1.673 1.736 1.906 2.186 2.591 3.123 3.687 4.139 4.433 4.614 4.800 4.890 4.926 4.984 5.012 5.034 5.026 5.010 5.014 5.029 5.109 5.198 5.234 5.265 5.281 5.291 5.290 5.274 5.249 5.208 5.273 5.372 5.384 5.365 5.330 5.289 5.232 5.163 5.097 5.046 5.081 5.164 5.210 5.232 5.245 5.262 5.286 5.315 5.340
-99.000 -99.000 -99.000 -99.000 -99.000 -99.000 -99.000 -99.000 -99.000 -99.000 -99.000 -99.000 -99.000 -99.000 -99.000 -99.000 -99.000 -99.000 -99.000 1.673 1.688 1.792 2.009 2.338 2.794 3.343 3.879 4.295 4.531 4.674 4.850 4.954 4.982 5.030 5.044 5.053 5.039 5.004 5.004 5.017 5.096 5.185 5.215 5.242 5.252 5.256 5.254 5.238 5.214 5.180 5.246 5.342 5.355 5.341 5.310 5.270 5.217 5.146 5.085 5.046 5.086 5.174 5.226 5.258 5.277 5.296 5.320 5.354 5.371
-99.000 -99.000 -99.000 -99.000 -99.000 -99.000 -99.000 -99.000 -99.000 -99.000 -99.000 -99.000 -99.000 -99.000 -99.000 -99.000 -99.000 -99.000 -99.000 1.678 1.714 1.862 2.123 2.500 2.997 3.553 4.040 4.377 4.589 4.702 4.872 4.984 5.007 5.044 5.047 5.050 5.030 5.002 5.008 5.007 5.080 5.169 5.196 5.216 5.218 5.219 5.216 5.200 5.182 5.152 5.215 5.307 5.325 5.313 5.281 5.242 5.190 5.128 5.083 5.051 5.093 5.187 5.249 5.289 5.313 5.337 5.365 5.390 5.391
-99.000 -99.000 -99.000 -99.000 -99.000 -99.000 -99.000 -99.000 -99.000 -99.000 -99.000 -99.000 -99.000 -99.000 -99.000 -99.000 -99.000 -99.000 1.668 1.687 1.756 1.948 2.249 2.669 3.190 3.728 4.158 4.441 4.622 4.713 4.886 5.003 5.022 5.050 5.049 5.048 5.026 5.006 5.005 4.991 5.060 5.151 5.172 5.183 5.182 5.180 5.175 5.164 5.150 5.120 5.180 5.272 5.291 5.277 5.246 5.209 5.164 5.119 5.086 5.058 5.105 5.207 5.279 5.324 5.354 5.382 5.404 5.414 5.401
-99.000 -99.000 -99.000 -99.000 -99.000 -99.000 -99.000 -99.000 -99.000 -99.000 -99.000 -99.000 -99.000 -99.000 -99.000 -99.000 -99.000 1.661 1.672 1.705 1.817 2.055 2.394 2.852 3.389 3.894 4.265 4.500 4.649 4.730 4.904 5.030 5.038 5.062 5.057 5.048 5.023 5.001 4.993 4.972 5.037 5.124 5.139 5.148 5.142 5.138 5.137 5.128 5.113 5.087 5.147 5.237 5.254 5.240 5.212 5.180 5.148 5.117 5.092 5.071 5.123 5.234 5.311 5.361 5.395 5.420 5.432 5.427 5.399
