version2/TsunamiDB/out54026.asc
ncols          264
nrows          230
xllcorner      497853.4375
yllcorner      4229146.0000
cellsize         5.
NODATA_value   -99
[rows 192 to 223 of 230, columns 142 to 212 of 264]
5.788 5.815 5.837 5.857 5.874 5.891 5.907 5.924 5.942 5.962 5.987 6.017 6.054 6.099 6.153 6.215 6.283 6.354 6.432 6.512 6.591 6.670 6.751 6.832 6.914 6.999 7.082 7.165 7.245 7.314 7.376 7.435 7.496 7.558 7.603 7.600 7.618 7.690 7.748 7.785 7.809 7.827 7.840 7.854 7.860 7.818 7.797 7.838 7.878 7.911 7.940 7.965 7.983 7.992 7.989 7.953 7.917 7.897 7.867 7.824 7.767 7.698 7.622 7.542 7.458 7.356 7.261 7.193 7.135 7.085 7.044
5.791 5.820 5.845 5.869 5.890 5.910 5.930 5.949 5.968 5.988 6.010 6.036 6.067 6.107 6.156 6.215 6.280 6.351 6.430 6.512 6.595 6.680 6.763 6.844 6.926 7.010 7.095 7.181 7.264 7.336 7.400 7.463 7.530 7.599 7.651 7.647 7.659 7.721 7.766 7.793 7.808 7.820 7.833 7.849 7.859 7.821 7.803 7.847 7.886 7.920 7.947 7.971 7.988 7.994 7.988 7.951 7.912 7.888 7.854 7.806 7.744 7.670 7.590 7.506 7.419 7.316 7.222 7.157 7.103 7.059 7.023
5.792 5.824 5.853 5.880 5.906 5.931 5.954 5.976 5.997 6.018 6.040 6.063 6.091 6.125 6.170 6.225 6.288 6.357 6.436 6.518 6.604 6.691 6.776 6.858 6.939 7.022 7.108 7.197 7.285 7.363 7.432 7.501 7.572 7.645 7.704 7.701 7.706 7.755 7.789 7.806 7.813 7.821 7.830 7.847 7.862 7.827 7.812 7.856 7.895 7.927 7.953 7.975 7.990 7.995 7.986 7.946 7.904 7.876 7.838 7.785 7.717 7.639 7.554 7.467 7.378 7.275 7.183 7.122 7.074 7.037 7.007
5.793 5.828 5.860 5.892 5.922 5.951 5.979 6.004 6.029 6.051 6.073 6.096 6.121 6.152 6.192 6.245 6.304 6.370 6.448 6.531 6.619 6.709 6.795 6.877 6.956 7.038 7.124 7.219 7.314 7.396 7.473 7.547 7.621 7.703 7.774 7.768 7.761 7.797 7.819 7.824 7.824 7.826 7.832 7.851 7.873 7.841 7.826 7.869 7.907 7.937 7.960 7.981 7.994 7.995 7.981 7.938 7.893 7.861 7.818 7.760 7.687 7.605 7.517 7.427 7.338 7.235 7.146 7.092 7.050 7.019 6.996
5.794 5.831 5.867 5.903 5.938 5.971 6.003 6.032 6.060 6.085 6.109 6.132 6.156 6.185 6.223 6.274 6.330 6.394 6.470 6.552 6.641 6.731 6.818 6.900 6.980 7.061 7.148 7.250 7.350 7.440 7.525 7.606 7.685 7.787 7.859 7.839 7.820 7.843 7.851 7.846 7.840 7.836 7.840 7.868 7.894 7.859 7.843 7.885 7.919 7.946 7.967 7.985 7.995 7.990 7.971 7.926 7.878 7.842 7.794 7.731 7.654 7.567 7.476 7.385 7.296 7.196 7.112 7.064 7.029 7.005 6.989
5.795 5.835 5.874 5.914 5.953 5.990 6.026 6.060 6.091 6.120 6.146 6.171 6.196 6.225 6.264 6.313 6.366 6.428 6.501 6.583 6.670 6.758 6.847 6.933 7.016 7.096 7.184 7.293 7.401 7.500 7.594 7.686 7.782 7.881 7.933 7.907 7.880 7.889 7.885 7.873 7.860 7.856 7.865 7.893 7.913 7.877 7.861 7.898 7.929 7.953 7.971 7.984 7.989 7.979 7.958 7.911 7.860 7.819 7.766 7.699 7.617 7.527 7.434 7.343 7.256 7.160 7.082 7.040 7.013 6.997 6.987
5.796 5.838 5.881 5.925 5.968 6.009 6.049 6.087 6.122 6.154 6.184 6.212 6.240 6.272 6.311 6.360 6.411 6.470 6.541 6.620 6.704 6.793 6.885 6.978 7.065 7.143 7.233 7.351 7.467 7.575 7.678 7.782 7.881 7.963 8.002 7.970 7.937 7.934 7.922 7.903 7.887 7.885 7.896 7.918 7.931 7.895 7.877 7.909 7.937 7.957 7.970 7.979 7.978 7.965 7.943 7.893 7.837 7.792 7.735 7.662 7.576 7.484 7.389 7.300 7.218 7.127 7.054 7.021 7.002 6.993 6.990
5.798 5.843 5.889 5.936 5.983 6.029 6.072 6.114 6.153 6.189 6.224 6.256 6.287 6.322 6.363 6.412 6.463 6.520 6.589 6.665 6.747 6.838 6.937 7.036 7.126 7.202 7.295 7.423 7.545 7.660 7.772 7.877 7.969 8.037 8.065 8.030 7.991 7.980 7.960 7.936 7.920 7.917 7.925 7.941 7.949 7.911 7.891 7.919 7.941 7.957 7.966 7.969 7.964 7.949 7.924 7.870 7.811 7.762 7.700 7.623 7.533 7.438 7.345 7.259 7.182 7.097 7.032 7.007 6.996 6.994 6.999
5.803 5.849 5.898 5.949 5.999 6.049 6.097 6.142 6.185 6.226 6.264 6.301 6.336 6.374 6.417 6.469 6.520 6.576 6.644 6.720 6.803 6.896 7.001 7.105 7.200 7.275 7.370 7.503 7.630 7.752 7.863 7.964 8.048 8.105 8.125 8.087 8.044 8.024 7.999 7.974 7.956 7.949 7.954 7.963 7.965 7.926 7.904 7.925 7.942 7.954 7.958 7.956 7.948 7.930 7.902 7.845 7.782 7.728 7.661 7.580 7.488 7.392 7.302 7.221 7.150 7.073 7.016 6.999 6.995 7.000 7.011
5.811 5.859 5.910 5.963 6.017 6.070 6.122 6.171 6.219 6.264 6.307 6.347 6.386 6.427 6.474 6.528 6.582 6.639 6.707 6.784 6.868 6.965 7.074 7.185 7.286 7.357 7.451 7.589 7.720 7.841 7.949 8.045 8.120 8.168 8.181 8.141 8.094 8.068 8.040 8.012 7.990 7.980 7.979 7.982 7.979 7.939 7.913 7.928 7.940 7.946 7.946 7.941 7.929 7.908 7.877 7.816 7.749 7.691 7.619 7.535 7.441 7.347 7.260 7.186 7.124 7.055 7.005 6.995 6.999 7.010 7.024
5.823 5.872 5.924 5.979 6.036 6.093 6.149 6.202 6.253 6.303 6.350 6.394 6.437 6.480 6.530 6.589 6.646 6.706 6.777 6.857 6.943 7.043 7.158 7.276 7.380 7.447 7.540 7.681 7.810 7.927 8.030 8.118 8.187 8.227 8.233 8.191 8.141 8.112 8.080 8.048 8.023 8.007 8.001 7.999 7.991 7.948 7.920 7.929 7.935 7.936 7.932 7.923 7.907 7.884 7.848 7.783 7.712 7.649 7.573 7.487 7.394 7.303 7.221 7.155 7.103 7.041 6.999 6.997 7.006 7.021 7.039
5.840 5.888 5.941 5.998 6.057 6.117 6.176 6.234 6.290 6.343 6.393 6.441 6.487 6.534 6.589 6.652 6.714 6.778 6.853 6.936 7.026 7.132 7.252 7.374 7.479 7.542 7.632 7.770 7.893 8.004 8.100 8.181 8.243 8.276 8.278 8.233 8.182 8.149 8.113 8.080 8.050 8.029 8.018 8.011 7.998 7.954 7.921 7.924 7.924 7.922 7.913 7.900 7.882 7.855 7.814 7.745 7.670 7.602 7.524 7.438 7.347 7.260 7.186 7.129 7.085 7.032 6.997 7.001 7.014 7.033 7.053
5.862 5.909 5.961 6.019 6.080 6.143 6.205 6.267 6.326 6.383 6.437 6.489 6.539 6.590 6.648 6.716 6.784 6.852 6.932 7.020 7.114 7.223 7.345 7.468 7.576 7.637 7.720 7.850 7.967 8.072 8.162 8.238 8.294 8.322 8.320 8.274 8.220 8.185 8.147 8.110 8.075 8.050 8.034 8.021 8.005 7.957 7.921 7.918 7.913 7.905 7.892 7.876 7.854 7.823 7.777 7.704 7.623 7.553 7.474 7.389 7.302 7.222 7.156 7.107 7.073 7.027 6.998 7.007 7.024 7.045 7.066
5.890 5.934 5.985 6.042 6.104 6.169 6.235 6.300 6.364 6.424 6.482 6.538 6.591 6.645 6.706 6.780 6.853 6.927 7.012 7.104 7.204 7.317 7.441 7.569 7.683 7.737 7.809 7.934 8.045 8.142 8.226 8.297 8.348 8.371 8.363 8.314 8.259 8.222 8.181 8.140 8.101 8.071 8.049 8.031 8.010 7.959 7.918 7.910 7.900 7.887 7.870 7.850 7.825 7.789 7.738 7.659 7.575 7.502 7.424 7.343 7.262 7.190 7.132 7.092 7.068 7.029 7.005 7.018 7.037 7.058 7.080
5.924 5.965 6.013 6.069 6.131 6.198 6.266 6.334 6.401 6.465 6.527 6.585 6.641 6.697 6.764 6.845 6.923 7.002 7.093 7.191 7.298 7.415 7.543 7.684 7.796 7.836 7.899 8.016 8.119 8.211 8.289 8.352 8.398 8.414 8.400 8.351 8.295 8.256 8.212 8.167 8.124 8.088 8.061 8.037 8.010 7.957 7.913 7.899 7.883 7.866 7.844 7.820 7.792 7.750 7.692 7.610 7.525 7.451 7.375 7.299 7.226 7.162 7.113 7.085 7.069 7.035 7.015 7.030 7.050 7.072 7.094
5.964 6.000 6.046 6.100 6.161 6.228 6.297 6.368 6.439 6.506 6.570 6.630 6.690 6.753 6.827 6.912 6.996 7.082 7.180 7.285 7.398 7.523 7.662 7.798 7.896 7.928 7.985 8.094 8.191 8.276 8.347 8.404 8.442 8.451 8.437 8.386 8.328 8.286 8.239 8.191 8.143 8.101 8.068 8.038 8.006 7.951 7.903 7.884 7.863 7.842 7.815 7.787 7.752 7.705 7.645 7.561 7.473 7.401 7.329 7.260 7.196 7.142 7.105 7.085 7.073 7.043 7.026 7.043 7.063 7.085 7.106
6.010 6.043 6.084 6.134 6.193 6.259 6.329 6.401 6.475 6.545 6.612 6.676 6.742 6.813 6.893 6.983 7.072 7.166 7.272 7.383 7.502 7.634 7.773 7.897 7.987 8.015 8.065 8.167 8.259 8.338 8.402 8.452 8.482 8.488 8.473 8.419 8.358 8.314 8.263 8.210 8.156 8.109 8.069 8.034 7.999 7.940 7.889 7.865 7.840 7.813 7.782 7.748 7.708 7.657 7.595 7.509 7.422 7.353 7.288 7.227 7.173 7.131 7.103 7.088 7.080 7.052 7.038 7.054 7.075 7.096 7.116
6.062 6.090 6.127 6.173 6.229 6.292 6.361 6.435 6.510 6.584 6.654 6.725 6.799 6.877 6.963 7.057 7.152 7.256 7.367 7.482 7.607 7.738 7.869 7.985 8.070 8.096 8.141 8.239 8.326 8.398 8.455 8.497 8.521 8.524 8.506 8.449 8.385 8.338 8.283 8.225 8.165 8.111 8.065 8.025 7.986 7.924 7.870 7.842 7.812 7.781 7.745 7.705 7.661 7.608 7.545 7.458 7.373 7.310 7.252 7.200 7.157 7.125 7.104 7.094 7.087 7.062 7.049 7.066 7.085 7.105 7.123
6.118 6.143 6.176 6.217 6.268 6.329 6.396 6.469 6.547 6.624 6.701 6.779 6.860 6.945 7.037 7.136 7.237 7.346 7.462 7.582 7.704 7.828 7.952 8.063 8.148 8.174 8.216 8.308 8.389 8.456 8.506 8.541 8.560 8.559 8.537 8.477 8.409 8.357 8.297 8.233 8.167 8.107 8.056 8.012 7.968 7.904 7.847 7.814 7.780 7.744 7.703 7.659 7.612 7.557 7.494 7.410 7.329 7.272 7.223 7.181 7.147 7.123 7.109 7.101 7.095 7.073 7.061 7.076 7.094 7.112 7.127
6.178 6.201 6.230 6.266 6.313 6.370 6.435 6.506 6.585 6.668 6.752 6.837 6.926 7.018 7.115 7.215 7.320 7.435 7.555 7.674 7.789 7.906 8.023 8.133 8.221 8.247 8.286 8.375 8.453 8.513 8.555 8.585 8.598 8.592 8.566 8.501 8.429 8.372 8.306 8.235 8.163 8.097 8.041 7.992 7.945 7.879 7.818 7.781 7.743 7.702 7.658 7.611 7.561 7.506 7.447 7.365 7.289 7.240 7.200 7.167 7.140 7.123 7.114 7.109 7.104 7.083 7.071 7.085 7.101 7.116 7.129
6.238 6.261 6.287 6.320 6.362 6.416 6.478 6.547 6.629 6.717 6.806 6.899 6.995 7.093 7.192 7.292 7.400 7.520 7.641 7.754 7.864 7.975 8.087 8.198 8.291 8.319 8.356 8.445 8.516 8.568 8.604 8.627 8.634 8.623 8.591 8.521 8.444 8.380 8.306 8.229 8.152 8.080 8.019 7.967 7.917 7.847 7.784 7.743 7.701 7.657 7.610 7.560 7.510 7.458 7.401 7.324 7.254 7.214 7.182 7.156 7.137 7.125 7.120 7.117 7.113 7.092 7.080 7.092 7.106 7.119 7.130
6.298 6.321 6.346 6.377 6.417 6.469 6.527 6.596 6.679 6.769 6.865 6.965 7.067 7.167 7.266 7.365 7.473 7.595 7.715 7.826 7.931 8.035 8.146 8.261 8.359 8.389 8.427 8.511 8.575 8.620 8.649 8.665 8.666 8.648 8.609 8.534 8.451 8.379 8.299 8.215 8.131 8.055 7.991 7.935 7.881 7.809 7.743 7.699 7.654 7.608 7.559 7.509 7.460 7.411 7.359 7.287 7.223 7.191 7.166 7.148 7.135 7.128 7.125 7.123 7.119 7.099 7.087 7.097 7.108 7.119 7.128
6.356 6.381 6.408 6.439 6.478 6.528 6.585 6.650 6.733 6.824 6.924 7.029 7.134 7.236 7.335 7.432 7.538 7.660 7.781 7.892 7.994 8.096 8.205 8.319 8.424 8.458 8.494 8.573 8.631 8.668 8.689 8.699 8.694 8.670 8.623 8.542 8.452 8.372 8.285 8.194 8.103 8.023 7.955 7.896 7.840 7.766 7.697 7.650 7.604 7.557 7.507 7.458 7.412 7.366 7.320 7.254 7.197 7.172 7.154 7.142 7.134 7.130 7.130 7.129 7.126 7.106 7.093 7.100 7.110 7.119 7.125
6.411 6.440 6.469 6.500 6.540 6.591 6.646 6.709 6.790 6.882 6.985 7.093 7.201 7.305 7.403 7.495 7.598 7.722 7.844 7.955 8.056 8.157 8.261 8.379 8.496 8.531 8.563 8.636 8.686 8.715 8.729 8.732 8.720 8.689 8.633 8.543 8.446 8.358 8.263 8.165 8.069 7.985 7.915 7.853 7.794 7.718 7.647 7.600 7.553 7.506 7.457 7.411 7.367 7.326 7.287 7.227 7.177 7.158 7.147 7.140 7.135 7.135 7.137 7.137 7.133 7.112 7.098 7.104 7.111 7.117 7.121
6.462 6.494 6.526 6.560 6.603 6.658 6.713 6.775 6.854 6.945 7.049 7.159 7.268 7.373 7.469 7.555 7.655 7.781 7.904 8.015 8.120 8.219 8.322 8.458 8.578 8.604 8.629 8.695 8.737 8.757 8.763 8.759 8.741 8.698 8.631 8.537 8.433 8.336 8.233 8.127 8.027 7.940 7.867 7.803 7.742 7.665 7.594 7.546 7.500 7.454 7.409 7.366 7.326 7.292 7.260 7.205 7.160 7.148 7.141 7.138 7.138 7.140 7.143 7.142 7.137 7.117 7.102 7.106 7.110 7.114 7.116
6.508 6.544 6.580 6.620 6.670 6.728 6.785 6.846 6.924 7.015 7.116 7.225 7.335 7.440 7.535 7.614 7.710 7.839 7.965 8.081 8.188 8.294 8.411 8.544 8.646 8.668 8.691 8.747 8.780 8.793 8.791 8.778 8.748 8.696 8.624 8.523 8.411 8.305 8.194 8.083 7.978 7.888 7.813 7.747 7.686 7.609 7.539 7.492 7.447 7.405 7.363 7.325 7.292 7.264 7.236 7.186 7.147 7.139 7.137 7.139 7.141 7.145 7.148 7.146 7.141 7.120 7.104 7.105 7.108 7.109 7.108
6.551 6.592 6.634 6.681 6.736 6.799 6.859 6.921 6.998 7.086 7.184 7.291 7.401 7.507 7.601 7.674 7.767 7.901 8.032 8.152 8.265 8.381 8.502 8.619 8.707 8.725 8.743 8.791 8.816 8.821 8.810 8.787 8.746 8.687 8.611 8.501 8.379 8.266 8.147 8.029 7.921 7.829 7.752 7.687 7.627 7.551 7.482 7.438 7.397 7.358 7.321 7.289 7.262 7.239 7.215 7.170 7.136 7.133 7.135 7.139 7.143 7.148 7.150 7.149 7.144 7.122 7.105 7.104 7.104 7.102 7.099
6.591 6.638 6.687 6.740 6.800 6.868 6.932 6.997 7.074 7.159 7.253 7.358 7.469 7.576 7.670 7.739 7.830 7.970 8.104 8.229 8.350 8.469 8.583 8.686 8.761 8.775 8.789 8.826 8.843 8.841 8.821 8.786 8.737 8.671 8.587 8.469 8.338 8.216 8.089 7.968 7.857 7.763 7.688 7.625 7.567 7.493 7.427 7.387 7.350 7.316 7.284 7.258 7.236 7.217 7.197 7.157 7.127 7.128 7.133 7.140 7.146 7.150 7.152 7.151 7.145 7.122 7.103 7.101 7.097 7.093 7.086
6.629 6.683 6.738 6.796 6.861 6.935 7.004 7.072 7.149 7.234 7.324 7.426 7.538 7.648 7.746 7.811 7.901 8.043 8.180 8.311 8.433 8.549 8.656 8.745 8.808 8.819 8.827 8.854 8.863 8.852 8.822 8.778 8.720 8.645 8.554 8.427 8.286 8.155 8.023 7.898 7.786 7.695 7.622 7.562 7.507 7.437 7.374 7.338 7.306 7.278 7.252 7.230 7.213 7.198 7.182 7.146 7.120 7.124 7.132 7.140 7.147 7.151 7.154 7.151 7.144 7.121 7.101 7.095 7.089 7.081 7.070
6.667 6.726 6.786 6.849 6.919 6.997 7.071 7.144 7.224 7.308 7.396 7.497 7.610 7.726 7.830 7.891 7.978 8.122 8.262 8.392 8.511 8.622 8.719 8.797 8.850 8.855 8.857 8.875 8.874 8.854 8.816 8.762 8.693 8.610 8.510 8.373 8.222 8.083 7.947 7.821 7.713 7.625 7.556 7.500 7.450 7.383 7.325 7.294 7.268 7.245 7.224 7.207 7.194 7.182 7.170 7.138 7.115 7.121 7.131 7.140 7.147 7.152 7.154 7.151 7.142 7.118 7.095 7.087 7.077 7.065 7.051
6.702 6.768 6.833 6.899 6.972 7.054 7.133 7.212 7.296 7.381 7.469 7.571 7.687 7.812 7.921 7.978 8.062 8.208 8.345 8.469 8.583 8.687 8.776 8.843 8.885 8.884 8.880 8.888 8.878 8.849 8.800 8.736 8.657 8.564 8.453 8.306 8.146 8.002 7.864 7.741 7.638 7.555 7.491 7.441 7.396 7.333 7.280 7.254 7.233 7.215 7.199 7.186 7.177 7.169 7.160 7.132 7.112 7.120 7.130 7.140 7.147 7.152 7.153 7.149 7.138 7.112 7.087 7.075 7.062 7.047 7.029
6.736 6.808 6.877 6.946 7.022 7.108 7.192 7.276 7.365 7.455 7.546 7.650 7.773 7.904 8.019 8.073 8.153 8.295 8.423 8.540 8.646 8.742 8.822 8.879 8.911 8.905 8.894 8.891 8.872 8.834 8.774 8.698 8.609 8.505 8.383 8.225 8.058 7.911 7.775 7.659 7.562 7.486 7.430 7.385 7.345 7.287 7.238 7.218 7.202 7.189 7.177 7.168 7.162 7.157 7.152 7.126 7.109 7.118 7.129 7.139 7.145 7.149 7.150 7.144 7.131 7.103 7.076 7.060 7.042 7.024 7.002
