version2/TsunamiDB/out54090.asc
ncols          264
nrows          230
xllcorner      497853.4375
yllcorner      4229146.0000
cellsize         5.
NODATA_value   -99
[rows 0 to 33 of 230, columns 77 to 153 of 264]
4.354 4.392 4.428 4.464 4.498 4.531 4.564 4.595 4.626 4.655 4.684 4.713 4.741 4.769 4.797 4.824 4.851 4.878 4.904 4.930 4.956 4.981 5.007 5.032 5.056 5.081 5.105 5.129 5.153 5.177 5.200 5.223 5.244 5.266 5.288 5.309 5.330 5.351 5.372 5.392 5.412 5.431 5.450 5.468 5.486 5.504 5.521 5.537 5.553 5.569 5.584 5.599 5.614 5.628 5.641 5.652 5.665 5.677 5.689 5.700 5.712 5.723 5.735 5.746 5.757 5.768 5.779 5.790 5.801 5.812 5.822 5.833 5.844 5.855 5.865 5.875 5.886
4.375 4.412 4.448 4.483 4.517 4.550 4.582 4.613 4.643 4.671 4.700 4.729 4.757 4.784 4.811 4.838 4.864 4.891 4.916 4.942 4.967 4.992 5.017 5.042 5.066 5.091 5.115 5.139 5.162 5.186 5.209 5.231 5.252 5.274 5.296 5.318 5.339 5.360 5.380 5.401 5.420 5.440 5.459 5.478 5.496 5.514 5.531 5.548 5.564 5.580 5.596 5.611 5.626 5.640 5.653 5.665 5.677 5.689 5.701 5.713 5.724 5.736 5.747 5.758 5.768 5.779 5.790 5.801 5.811 5.822 5.832 5.843 5.854 5.864 5.874 5.885 5.895
4.395 4.432 4.468 4.502 4.536 4.569 4.600 4.631 4.660 4.688 4.717 4.745 4.772 4.799 4.826 4.852 4.878 4.904 4.929 4.954 4.979 5.004 5.028 5.053 5.077 5.101 5.124 5.148 5.171 5.194 5.218 5.239 5.260 5.282 5.304 5.326 5.347 5.368 5.388 5.409 5.429 5.448 5.468 5.486 5.505 5.523 5.541 5.558 5.574 5.591 5.607 5.622 5.637 5.651 5.665 5.677 5.689 5.701 5.714 5.725 5.737 5.748 5.759 5.770 5.780 5.791 5.801 5.812 5.822 5.832 5.843 5.853 5.863 5.874 5.884 5.894 5.904
4.416 4.452 4.488 4.522 4.555 4.587 4.619 4.649 4.678 4.706 4.734 4.761 4.788 4.815 4.841 4.867 4.892 4.918 4.942 4.967 4.991 5.016 5.040 5.063 5.087 5.111 5.134 5.157 5.180 5.203 5.226 5.247 5.268 5.290 5.312 5.333 5.354 5.375 5.396 5.416 5.437 5.456 5.476 5.495 5.513 5.532 5.549 5.567 5.584 5.600 5.616 5.632 5.647 5.662 5.676 5.688 5.701 5.713 5.726 5.738 5.749 5.760 5.771 5.782 5.792 5.803 5.813 5.823 5.833 5.843 5.853 5.863 5.873 5.883 5.893 5.903 5.913
4.436 4.473 4.508 4.542 4.575 4.607 4.638 4.668 4.696 4.724 4.751 4.778 4.805 4.831 4.857 4.882 4.907 4.932 4.956 4.980 5.004 5.028 5.051 5.075 5.098 5.121 5.144 5.167 5.189 5.212 5.234 5.256 5.276 5.298 5.319 5.341 5.362 5.383 5.403 5.424 5.444 5.464 5.483 5.502 5.521 5.540 5.558 5.575 5.593 5.609 5.626 5.642 5.657 5.672 5.686 5.699 5.712 5.725 5.737 5.749 5.761 5.772 5.783 5.794 5.805 5.815 5.825 5.835 5.845 5.854 5.864 5.874 5.884 5.893 5.903 5.913 5.923
4.457 4.493 4.528 4.562 4.595 4.626 4.657 4.687 4.715 4.742 4.769 4.796 4.822 4.848 4.873 4.898 4.923 4.947 4.971 4.994 5.018 5.041 5.064 5.087 5.109 5.132 5.154 5.177 5.199 5.221 5.243 5.264 5.285 5.306 5.327 5.348 5.369 5.390 5.410 5.431 5.451 5.471 5.490 5.509 5.528 5.547 5.565 5.583 5.601 5.618 5.634 5.651 5.666 5.682 5.696 5.709 5.723 5.736 5.748 5.761 5.773 5.784 5.795 5.806 5.817 5.827 5.837 5.847 5.856 5.866 5.875 5.885 5.894 5.904 5.913 5.923 5.933
4.478 4.514 4.548 4.582 4.615 4.646 4.677 4.706 4.734 4.761 4.788 4.814 4.840 4.865 4.890 4.915 4.939 4.962 4.986 5.009 5.032 5.054 5.077 5.099 5.121 5.143 5.165 5.187 5.209 5.230 5.252 5.273 5.293 5.314 5.335 5.356 5.376 5.397 5.417 5.438 5.458 5.477 5.497 5.516 5.535 5.554 5.572 5.590 5.608 5.625 5.642 5.659 5.675 5.691 5.705 5.719 5.732 5.746 5.759 5.772 5.784 5.796 5.807 5.818 5.829 5.839 5.849 5.859 5.868 5.878 5.887 5.896 5.905 5.915 5.924 5.933 5.943
4.498 4.534 4.569 4.602 4.635 4.666 4.696 4.726 4.753 4.780 4.807 4.833 4.858 4.883 4.908 4.932 4.955 4.979 5.001 5.024 5.046 5.069 5.090 5.112 5.134 5.155 5.177 5.198 5.219 5.240 5.262 5.282 5.302 5.322 5.343 5.363 5.384 5.404 5.424 5.444 5.464 5.484 5.503 5.522 5.542 5.560 5.579 5.597 5.615 5.632 5.649 5.666 5.683 5.699 5.714 5.727 5.741 5.755 5.769 5.782 5.794 5.806 5.818 5.829 5.840 5.850 5.861 5.870 5.880 5.889 5.899 5.908 5.917 5.926 5.935 5.944 5.953
4.519 4.555 4.589 4.623 4.655 4.686 4.716 4.746 4.773 4.800 4.826 4.852 4.877 4.902 4.926 4.950 4.973 4.996 5.018 5.040 5.062 5.084 5.105 5.126 5.147 5.168 5.189 5.210 5.230 5.251 5.272 5.292 5.311 5.331 5.351 5.371 5.391 5.411 5.431 5.451 5.471 5.490 5.510 5.529 5.548 5.566 5.585 5.603 5.621 5.639 5.656 5.673 5.690 5.706 5.721 5.735 5.750 5.764 5.778 5.791 5.804 5.816 5.828 5.840 5.851 5.862 5.872 5.882 5.892 5.901 5.910 5.919 5.928 5.937 5.946 5.955 5.964
4.539 4.575 4.609 4.643 4.675 4.706 4.737 4.766 4.793 4.820 4.846 4.872 4.897 4.921 4.945 4.968 4.991 5.013 5.035 5.057 5.078 5.099 5.120 5.141 5.162 5.182 5.202 5.222 5.243 5.263 5.283 5.302 5.321 5.340 5.360 5.380 5.399 5.419 5.438 5.458 5.477 5.497 5.516 5.535 5.554 5.572 5.591 5.609 5.627 5.645 5.662 5.679 5.696 5.713 5.728 5.743 5.757 5.772 5.786 5.800 5.813 5.826 5.838 5.850 5.861 5.872 5.883 5.893 5.903 5.913 5.922 5.931 5.940 5.949 5.957 5.966 5.975
4.559 4.595 4.629 4.663 4.695 4.726 4.757 4.786 4.813 4.840 4.866 4.892 4.916 4.941 4.964 4.987 5.010 5.032 5.053 5.075 5.095 5.116 5.136 5.157 5.177 5.197 5.216 5.236 5.255 5.275 5.294 5.313 5.331 5.350 5.369 5.389 5.408 5.427 5.446 5.465 5.484 5.503 5.522 5.541 5.560 5.578 5.597 5.615 5.633 5.651 5.668 5.685 5.702 5.719 5.735 5.749 5.764 5.779 5.793 5.808 5.821 5.834 5.847 5.859 5.871 5.883 5.894 5.904 5.914 5.924 5.933 5.942 5.951 5.960 5.969 5.977 5.986
4.579 4.615 4.649 4.683 4.715 4.746 4.777 4.806 4.833 4.860 4.886 4.912 4.936 4.960 4.984 5.007 5.029 5.051 5.072 5.093 5.113 5.134 5.153 5.173 5.193 5.212 5.231 5.250 5.269 5.288 5.307 5.325 5.343 5.361 5.380 5.398 5.417 5.436 5.454 5.473 5.492 5.510 5.529 5.547 5.566 5.584 5.602 5.620 5.638 5.656 5.674 5.691 5.708 5.725 5.740 5.755 5.770 5.786 5.800 5.815 5.829 5.842 5.855 5.868 5.880 5.892 5.903 5.914 5.925 5.935 5.944 5.954 5.963 5.972 5.980 5.989 5.997
4.598 4.634 4.668 4.702 4.734 4.766 4.796 4.826 4.853 4.880 4.906 4.932 4.956 4.981 5.004 5.027 5.049 5.070 5.091 5.112 5.132 5.152 5.171 5.191 5.210 5.228 5.247 5.266 5.284 5.302 5.320 5.338 5.355 5.373 5.391 5.409 5.427 5.445 5.463 5.482 5.500 5.518 5.536 5.554 5.572 5.590 5.608 5.626 5.644 5.662 5.679 5.696 5.713 5.730 5.746 5.761 5.776 5.792 5.807 5.821 5.836 5.850 5.863 5.876 5.889 5.901 5.912 5.924 5.935 5.945 5.955 5.964 5.974 5.983 5.991 6.000 6.008
4.617 4.652 4.687 4.720 4.753 4.785 4.815 4.845 4.873 4.899 4.926 4.952 4.976 5.001 5.024 5.047 5.069 5.090 5.111 5.131 5.151 5.171 5.190 5.209 5.227 5.246 5.264 5.282 5.300 5.317 5.335 5.352 5.368 5.385 5.403 5.420 5.438 5.455 5.473 5.491 5.508 5.526 5.544 5.561 5.579 5.597 5.614 5.632 5.650 5.667 5.684 5.702 5.719 5.735 5.751 5.766 5.782 5.797 5.812 5.827 5.842 5.856 5.870 5.883 5.896 5.909 5.921 5.933 5.944 5.954 5.965 5.975 5.984 5.993 6.002 6.011 6.019
4.634 4.670 4.705 4.738 4.771 4.803 4.834 4.863 4.891 4.918 4.945 4.971 4.996 5.020 5.044 5.067 5.089 5.110 5.131 5.151 5.171 5.190 5.209 5.228 5.246 5.264 5.282 5.299 5.316 5.333 5.350 5.367 5.382 5.399 5.416 5.433 5.450 5.467 5.484 5.501 5.518 5.535 5.552 5.569 5.586 5.604 5.621 5.638 5.655 5.673 5.690 5.707 5.724 5.740 5.756 5.771 5.787 5.802 5.818 5.833 5.848 5.862 5.876 5.890 5.903 5.916 5.929 5.941 5.952 5.963 5.974 5.984 5.994 6.004 6.013 6.022 6.030
4.652 4.687 4.722 4.756 4.788 4.820 4.851 4.881 4.910 4.937 4.964 4.990 5.016 5.040 5.064 5.087 5.109 5.130 5.151 5.171 5.191 5.210 5.229 5.247 5.265 5.283 5.300 5.317 5.334 5.351 5.367 5.382 5.398 5.414 5.430 5.446 5.462 5.479 5.495 5.511 5.528 5.544 5.561 5.578 5.594 5.611 5.628 5.645 5.662 5.679 5.695 5.712 5.729 5.746 5.761 5.776 5.792 5.807 5.823 5.838 5.853 5.868 5.882 5.896 5.910 5.923 5.936 5.948 5.960 5.972 5.983 5.993 6.004 6.013 6.023 6.032 6.041
4.668 4.703 4.738 4.772 4.805 4.837 4.868 4.898 4.927 4.955 4.982 5.009 5.034 5.059 5.083 5.106 5.129 5.150 5.171 5.191 5.211 5.230 5.249 5.267 5.285 5.302 5.319 5.336 5.352 5.369 5.385 5.399 5.414 5.429 5.445 5.461 5.476 5.492 5.508 5.523 5.539 5.555 5.571 5.587 5.603 5.619 5.636 5.652 5.669 5.685 5.702 5.718 5.735 5.751 5.766 5.781 5.796 5.812 5.828 5.843 5.858 5.873 5.888 5.902 5.916 5.929 5.942 5.955 5.967 5.979 5.991 6.002 6.012 6.023 6.033 6.042 6.050
4.684 4.719 4.754 4.787 4.821 4.853 4.884 4.915 4.943 4.971 4.999 5.026 5.052 5.077 5.102 5.125 5.148 5.170 5.191 5.211 5.231 5.250 5.269 5.287 5.305 5.322 5.339 5.355 5.372 5.388 5.403 5.417 5.431 5.446 5.461 5.476 5.491 5.506 5.521 5.536 5.551 5.567 5.582 5.597 5.613 5.629 5.644 5.660 5.676 5.692 5.708 5.724 5.741 5.756 5.771 5.786 5.801 5.817 5.832 5.848 5.863 5.878 5.893 5.907 5.921 5.935 5.949 5.962 5.974 5.986 5.998 6.010 6.021 6.031 6.041 6.051 6.060
4.699 4.734 4.768 4.802 4.835 4.868 4.900 4.930 4.958 4.987 5.015 5.043 5.069 5.095 5.119 5.143 5.166 5.189 5.210 5.231 5.251 5.270 5.289 5.307 5.325 5.342 5.359 5.375 5.391 5.407 5.421 5.435 5.449 5.464 5.478 5.493 5.507 5.521 5.536 5.550 5.565 5.579 5.594 5.609 5.623 5.638 5.654 5.669 5.684 5.700 5.715 5.731 5.747 5.762 5.776 5.791 5.806 5.822 5.837 5.853 5.868 5.883 5.898 5.912 5.926 5.941 5.954 5.968 5.980 5.993 6.005 6.017 6.028 6.039 6.050 6.060 6.069
4.713 4.748 4.782 4.816 4.849 4.881 4.913 4.943 4.972 5.002 5.030 5.058 5.085 5.111 5.136 5.160 5.184 5.207 5.229 5.250 5.270 5.290 5.309 5.327 5.345 5.362 5.379 5.396 5.411 5.427 5.441 5.455 5.468 5.482 5.496 5.510 5.524 5.538 5.551 5.565 5.579 5.593 5.607 5.621 5.635 5.649 5.664 5.678 5.693 5.708 5.723 5.738 5.754 5.768 5.782 5.797 5.812 5.827 5.842 5.857 5.873 5.888 5.902 5.917 5.931 5.946 5.959 5.973 5.986 5.999 6.012 6.024 6.035 6.047 6.057 6.068 6.077
4.727 4.761 4.795 4.829 4.862 4.894 4.926 4.956 4.986 5.015 5.044 5.072 5.100 5.126 5.152 5.177 5.201 5.224 5.246 5.268 5.289 5.309 5.328 5.347 5.365 5.382 5.399 5.416 5.432 5.447 5.461 5.474 5.488 5.502 5.515 5.529 5.542 5.555 5.568 5.581 5.594 5.608 5.621 5.634 5.648 5.661 5.675 5.689 5.703 5.717 5.732 5.746 5.761 5.775 5.789 5.803 5.818 5.833 5.848 5.863 5.878 5.892 5.907 5.922 5.936 5.951 5.965 5.978 5.992 6.005 6.018 6.030 6.042 6.053 6.065 6.075 6.085
4.740 4.774 4.808 4.841 4.874 4.906 4.938 4.968 4.998 5.028 5.057 5.085 5.113 5.140 5.166 5.191 5.216 5.240 5.263 5.285 5.306 5.327 5.346 5.366 5.384 5.402 5.419 5.436 5.452 5.467 5.481 5.495 5.508 5.522 5.535 5.548 5.561 5.573 5.586 5.598 5.611 5.623 5.636 5.649 5.661 5.674 5.687 5.701 5.714 5.728 5.741 5.755 5.769 5.783 5.796 5.810 5.824 5.839 5.853 5.868 5.883 5.897 5.912 5.927 5.941 5.955 5.969 5.983 5.997 6.010 6.023 6.036 6.048 6.060 6.071 6.083 6.093
4.753 4.786 4.820 4.852 4.885 4.917 4.949 4.979 5.009 5.039 5.068 5.097 5.125 5.153 5.179 5.205 5.230 5.254 5.278 5.300 5.322 5.343 5.364 5.383 5.402 5.421 5.438 5.455 5.471 5.487 5.502 5.515 5.529 5.542 5.555 5.568 5.580 5.593 5.605 5.617 5.629 5.640 5.652 5.664 5.676 5.688 5.701 5.713 5.726 5.739 5.752 5.765 5.779 5.792 5.804 5.817 5.831 5.845 5.859 5.874 5.888 5.903 5.917 5.932 5.946 5.960 5.974 5.988 6.002 6.015 6.028 6.041 6.054 6.066 6.078 6.089 6.100
4.765 4.798 4.831 4.863 4.895 4.927 4.959 4.989 5.019 5.049 5.079 5.108 5.136 5.164 5.191 5.217 5.243 5.268 5.292 5.315 5.337 5.359 5.380 5.400 5.420 5.438 5.456 5.474 5.491 5.507 5.521 5.535 5.549 5.562 5.576 5.588 5.601 5.613 5.624 5.636 5.647 5.659 5.670 5.681 5.692 5.704 5.715 5.727 5.739 5.751 5.763 5.776 5.789 5.801 5.813 5.826 5.839 5.853 5.866 5.880 5.894 5.908 5.923 5.937 5.951 5.965 5.979 5.993 6.007 6.020 6.033 6.046 6.059 6.072 6.084 6.096 6.106
4.777 4.809 4.842 4.874 4.905 4.937 4.969 4.999 5.028 5.058 5.088 5.117 5.146 5.174 5.202 5.228 5.254 5.280 5.304 5.328 5.351 5.373 5.395 5.415 5.436 5.455 5.473 5.491 5.509 5.525 5.541 5.555 5.569 5.583 5.596 5.609 5.621 5.633 5.645 5.656 5.667 5.678 5.688 5.699 5.710 5.720 5.731 5.742 5.753 5.765 5.776 5.788 5.800 5.812 5.823 5.835 5.848 5.861 5.874 5.887 5.901 5.915 5.928 5.942 5.956 5.970 5.984 5.998 6.012 6.025 6.038 6.052 6.064 6.077 6.089 6.101 6.112
4.788 4.820 4.852 4.884 4.915 4.946 4.977 5.007 5.037 5.067 5.096 5.126 5.155 5.183 5.211 5.238 5.264 5.290 5.315 5.340 5.363 5.386 5.408 5.430 5.450 5.470 5.489 5.508 5.526 5.543 5.559 5.573 5.588 5.602 5.616 5.629 5.642 5.654 5.665 5.676 5.687 5.698 5.708 5.718 5.728 5.738 5.748 5.758 5.769 5.779 5.790 5.801 5.813 5.823 5.834 5.845 5.857 5.870 5.882 5.895 5.908 5.921 5.935 5.948 5.962 5.976 5.989 6.003 6.016 6.030 6.043 6.057 6.070 6.082 6.095 6.107 6.118
4.799 4.831 4.862 4.893 4.924 4.955 4.986 5.015 5.045 5.074 5.104 5.133 5.162 5.191 5.219 5.246 5.273 5.299 5.325 5.350 5.374 5.397 5.420 5.442 5.463 5.484 5.504 5.523 5.542 5.559 5.576 5.591 5.606 5.621 5.635 5.649 5.662 5.674 5.686 5.697 5.708 5.718 5.728 5.738 5.748 5.757 5.767 5.776 5.786 5.796 5.806 5.816 5.826 5.836 5.846 5.857 5.868 5.880 5.892 5.904 5.916 5.929 5.942 5.955 5.968 5.981 5.995 6.008 6.022 6.035 6.048 6.062 6.075 6.088 6.100 6.113 6.124
4.810 4.841 4.872 4.902 4.933 4.963 4.994 5.023 5.052 5.081 5.111 5.140 5.169 5.198 5.226 5.253 5.281 5.307 5.333 5.359 5.383 5.407 5.431 5.453 5.475 5.496 5.517 5.537 5.556 5.574 5.591 5.607 5.623 5.638 5.653 5.667 5.681 5.694 5.706 5.717 5.728 5.739 5.749 5.758 5.768 5.777 5.786 5.795 5.804 5.813 5.822 5.832 5.841 5.850 5.859 5.869 5.880 5.891 5.902 5.913 5.925 5.937 5.950 5.962 5.975 5.988 6.001 6.014 6.027 6.040 6.054 6.067 6.080 6.093 6.105 6.118 6.129
4.820 4.851 4.881 4.911 4.941 4.971 5.001 5.030 5.059 5.088 5.117 5.146 5.175 5.204 5.232 5.260 5.287 5.314 5.340 5.366 5.391 5.416 5.440 5.463 5.485 5.507 5.528 5.549 5.569 5.588 5.605 5.622 5.639 5.655 5.670 5.685 5.699 5.712 5.725 5.737 5.749 5.759 5.770 5.779 5.789 5.798 5.806 5.815 5.823 5.832 5.840 5.849 5.858 5.866 5.874 5.883 5.893 5.903 5.913 5.924 5.935 5.946 5.958 5.970 5.982 5.995 6.007 6.020 6.033 6.046 6.059 6.072 6.085 6.098 6.111 6.123 6.135
4.830 4.860 4.890 4.920 4.950 4.979 5.009 5.037 5.065 5.094 5.123 5.152 5.180 5.209 5.237 5.265 5.292 5.319 5.346 5.372 5.398 5.423 5.447 5.471 5.494 5.517 5.538 5.560 5.580 5.600 5.618 5.635 5.653 5.669 5.686 5.701 5.716 5.730 5.743 5.756 5.768 5.779 5.790 5.800 5.810 5.819 5.827 5.836 5.844 5.852 5.860 5.868 5.876 5.883 5.890 5.898 5.907 5.916 5.926 5.936 5.946 5.957 5.968 5.979 5.991 6.002 6.015 6.027 6.039 6.052 6.065 6.078 6.091 6.103 6.116 6.129 6.140
4.840 4.870 4.900 4.929 4.958 4.987 5.016 5.044 5.072 5.100 5.129 5.157 5.185 5.214 5.242 5.269 5.297 5.324 5.351 5.377 5.403 5.429 5.454 5.478 5.502 5.525 5.547 5.569 5.590 5.610 5.629 5.647 5.665 5.683 5.700 5.716 5.731 5.746 5.761 5.774 5.787 5.799 5.810 5.821 5.830 5.840 5.849 5.857 5.865 5.873 5.880 5.888 5.895 5.901 5.908 5.915 5.923 5.931 5.940 5.949 5.958 5.968 5.978 5.989 6.000 6.011 6.022 6.034 6.046 6.059 6.071 6.084 6.096 6.109 6.122 6.134 6.145
4.850 4.879 4.908 4.937 4.966 4.995 5.023 5.051 5.078 5.106 5.134 5.162 5.190 5.218 5.246 5.273 5.301 5.328 5.355 5.381 5.408 5.433 5.459 5.483 5.508 5.531 5.554 5.577 5.598 5.619 5.639 5.657 5.676 5.694 5.712 5.729 5.745 5.761 5.776 5.790 5.804 5.817 5.829 5.840 5.850 5.860 5.870 5.878 5.886 5.894 5.901 5.909 5.915 5.921 5.927 5.933 5.940 5.947 5.955 5.963 5.972 5.981 5.990 6.000 6.010 6.020 6.031 6.042 6.054 6.066 6.078 6.090 6.102 6.115 6.127 6.140 6.151
4.859 4.888 4.917 4.946 4.974 5.002 5.030 5.057 5.084 5.112 5.139 5.167 5.194 5.222 5.249 5.277 5.304 5.331 5.358 5.385 5.411 5.437 5.463 5.488 5.512 5.536 5.560 5.583 5.605 5.627 5.647 5.666 5.686 5.705 5.723 5.741 5.758 5.774 5.790 5.805 5.820 5.833 5.846 5.858 5.869 5.880 5.890 5.899 5.908 5.916 5.923 5.930 5.937 5.942 5.947 5.953 5.959 5.965 5.972 5.979 5.987 5.995 6.003 6.012 6.021 6.031 6.041 6.051 6.062 6.074 6.085 6.097 6.109 6.121 6.134 6.145 6.156
4.868 4.897 4.926 4.954 4.982 5.010 5.037 5.064 5.090 5.117 5.144 5.172 5.199 5.226 5.253 5.280 5.307 5.334 5.361 5.388 5.414 5.440 5.466 5.491 5.516 5.540 5.564 5.588 5.611 5.633 5.653 5.673 5.693 5.713 5.732 5.751 5.769 5.786 5.802 5.818 5.834 5.848 5.862 5.875 5.887 5.899 5.909 5.919 5.928 5.937 5.945 5.952 5.958 5.963 5.968 5.973 5.979 5.985 5.990 5.997 6.003 6.010 6.017 6.025 6.034 6.042 6.052 6.061 6.072 6.082 6.093 6.104 6.116 6.128 6.140 6.151 6.162
