version2/TsunamiDB/out54078.asc
ncols          264
nrows          230
xllcorner      497853.4375
yllcorner      4229146.0000
cellsize         5.
NODATA_value   -99
[rows 136 to 169 of 230, columns 76 to 151 of 264]
5.592 5.607 5.621 5.634 5.648 5.663 5.677 5.691 5.706 5.721 5.737 5.753 5.769 5.786 5.804 5.822 5.840 5.859 5.877 5.896 5.915 5.934 5.953 5.972 5.991 6.008 6.025 6.043 6.060 6.077 6.093 6.108 6.124 6.138 6.152 6.165 6.178 6.190 6.202 6.213 6.224 6.235 6.245 6.256 6.266 6.277 6.287 6.297 6.306 6.315 6.324 6.334 6.343 6.352 6.360 6.369 6.377 6.385 6.393 6.400 6.408 6.417 6.425 6.434 6.443 6.453 6.463 6.473 6.483 6.494 6.505 6.514 6.523 6.533 6.542 6.552
5.610 5.625 5.638 5.651 5.665 5.679 5.693 5.707 5.721 5.735 5.750 5.765 5.781 5.797 5.813 5.830 5.848 5.866 5.884 5.903 5.921 5.940 5.959 5.978 5.996 6.014 6.031 6.048 6.066 6.083 6.099 6.115 6.131 6.146 6.160 6.174 6.187 6.200 6.212 6.224 6.235 6.246 6.257 6.268 6.278 6.289 6.299 6.309 6.319 6.327 6.337 6.346 6.355 6.364 6.373 6.381 6.389 6.397 6.404 6.412 6.420 6.427 6.435 6.444 6.452 6.462 6.471 6.481 6.492 6.503 6.513 6.522 6.532 6.542 6.552 6.561
5.627 5.642 5.655 5.669 5.683 5.697 5.710 5.724 5.737 5.751 5.764 5.779 5.793 5.808 5.824 5.840 5.857 5.874 5.892 5.910 5.928 5.946 5.965 5.984 6.002 6.019 6.036 6.054 6.072 6.089 6.106 6.122 6.138 6.153 6.168 6.182 6.196 6.209 6.221 6.234 6.245 6.257 6.268 6.279 6.290 6.301 6.311 6.322 6.331 6.340 6.349 6.359 6.368 6.377 6.386 6.394 6.402 6.410 6.417 6.424 6.432 6.439 6.447 6.454 6.463 6.471 6.481 6.490 6.501 6.511 6.521 6.531 6.541 6.551 6.561 6.571
5.643 5.658 5.672 5.687 5.701 5.715 5.728 5.741 5.754 5.767 5.780 5.794 5.807 5.821 5.836 5.851 5.867 5.883 5.900 5.918 5.935 5.953 5.972 5.990 6.008 6.025 6.042 6.060 6.077 6.095 6.112 6.128 6.144 6.160 6.175 6.190 6.204 6.217 6.230 6.243 6.255 6.267 6.278 6.290 6.301 6.312 6.323 6.333 6.342 6.352 6.361 6.371 6.381 6.390 6.399 6.407 6.415 6.423 6.430 6.437 6.444 6.451 6.459 6.466 6.474 6.482 6.491 6.500 6.510 6.521 6.530 6.540 6.550 6.560 6.570 6.581
5.659 5.675 5.689 5.704 5.718 5.732 5.746 5.759 5.772 5.785 5.797 5.810 5.823 5.836 5.850 5.864 5.879 5.894 5.910 5.927 5.944 5.961 5.979 5.997 6.014 6.031 6.048 6.066 6.083 6.101 6.118 6.135 6.151 6.167 6.182 6.197 6.212 6.226 6.239 6.252 6.264 6.277 6.288 6.300 6.312 6.323 6.334 6.344 6.354 6.363 6.373 6.383 6.393 6.402 6.412 6.420 6.428 6.436 6.444 6.451 6.458 6.465 6.472 6.479 6.486 6.494 6.502 6.511 6.521 6.531 6.540 6.550 6.560 6.570 6.580 6.591
5.674 5.690 5.705 5.721 5.736 5.750 5.764 5.777 5.790 5.803 5.815 5.827 5.839 5.852 5.865 5.878 5.892 5.906 5.921 5.937 5.953 5.970 5.987 6.004 6.021 6.037 6.055 6.072 6.090 6.107 6.124 6.141 6.157 6.174 6.189 6.204 6.219 6.233 6.247 6.260 6.273 6.286 6.298 6.310 6.322 6.333 6.345 6.355 6.365 6.375 6.385 6.395 6.405 6.415 6.424 6.433 6.442 6.450 6.457 6.465 6.472 6.479 6.485 6.492 6.499 6.507 6.515 6.523 6.532 6.542 6.551 6.560 6.570 6.580 6.591 6.602
5.687 5.704 5.720 5.736 5.752 5.767 5.781 5.795 5.808 5.821 5.833 5.845 5.857 5.869 5.881 5.894 5.906 5.920 5.934 5.948 5.964 5.979 5.996 6.012 6.029 6.045 6.062 6.079 6.096 6.113 6.131 6.147 6.164 6.180 6.196 6.212 6.227 6.241 6.255 6.269 6.282 6.295 6.307 6.319 6.331 6.343 6.355 6.365 6.375 6.385 6.396 6.406 6.417 6.427 6.436 6.446 6.455 6.463 6.471 6.479 6.486 6.493 6.500 6.506 6.513 6.520 6.528 6.536 6.545 6.554 6.563 6.572 6.581 6.592 6.602 6.613
5.700 5.718 5.734 5.751 5.767 5.783 5.798 5.812 5.826 5.839 5.851 5.863 5.875 5.887 5.899 5.910 5.922 5.935 5.948 5.961 5.976 5.990 6.006 6.022 6.037 6.053 6.069 6.086 6.103 6.120 6.137 6.154 6.171 6.187 6.203 6.219 6.234 6.249 6.263 6.277 6.290 6.303 6.316 6.328 6.340 6.352 6.364 6.375 6.385 6.396 6.406 6.417 6.428 6.438 6.448 6.458 6.467 6.476 6.484 6.492 6.500 6.507 6.514 6.521 6.528 6.534 6.542 6.550 6.558 6.567 6.576 6.584 6.594 6.604 6.614 6.625
5.712 5.730 5.747 5.764 5.781 5.797 5.813 5.828 5.842 5.856 5.869 5.882 5.893 5.905 5.916 5.928 5.939 5.951 5.963 5.976 5.989 6.003 6.017 6.032 6.047 6.062 6.078 6.094 6.111 6.128 6.145 6.161 6.178 6.194 6.210 6.226 6.241 6.256 6.271 6.285 6.298 6.312 6.325 6.337 6.349 6.362 6.374 6.385 6.395 6.406 6.416 6.427 6.438 6.449 6.459 6.469 6.479 6.488 6.497 6.506 6.514 6.521 6.528 6.535 6.542 6.549 6.556 6.564 6.572 6.581 6.589 6.597 6.607 6.616 6.627 6.637
5.722 5.741 5.758 5.776 5.794 5.811 5.827 5.843 5.858 5.872 5.886 5.899 5.911 5.923 5.935 5.946 5.957 5.968 5.979 5.991 6.004 6.016 6.030 6.044 6.058 6.072 6.088 6.103 6.120 6.136 6.153 6.169 6.186 6.202 6.218 6.234 6.249 6.264 6.279 6.293 6.307 6.320 6.333 6.346 6.358 6.371 6.383 6.394 6.404 6.415 6.426 6.437 6.448 6.459 6.470 6.480 6.490 6.500 6.509 6.518 6.527 6.535 6.542 6.550 6.557 6.564 6.571 6.579 6.587 6.595 6.603 6.611 6.620 6.630 6.640 6.651
5.732 5.751 5.769 5.787 5.805 5.823 5.840 5.857 5.872 5.887 5.902 5.915 5.928 5.941 5.952 5.964 5.975 5.986 5.997 6.008 6.019 6.031 6.044 6.057 6.071 6.084 6.098 6.113 6.129 6.145 6.161 6.177 6.194 6.210 6.226 6.241 6.257 6.272 6.287 6.301 6.315 6.328 6.342 6.355 6.367 6.379 6.392 6.403 6.413 6.424 6.435 6.447 6.458 6.469 6.480 6.491 6.501 6.511 6.521 6.530 6.539 6.548 6.556 6.564 6.571 6.579 6.586 6.594 6.602 6.610 6.618 6.626 6.635 6.644 6.654 6.665
5.741 5.760 5.779 5.797 5.816 5.834 5.852 5.869 5.885 5.901 5.916 5.931 5.944 5.957 5.969 5.981 5.992 6.003 6.014 6.025 6.036 6.047 6.059 6.072 6.084 6.096 6.110 6.124 6.139 6.155 6.170 6.186 6.202 6.218 6.234 6.250 6.265 6.280 6.295 6.309 6.323 6.337 6.350 6.363 6.376 6.388 6.401 6.412 6.422 6.433 6.444 6.456 6.467 6.478 6.489 6.500 6.511 6.522 6.532 6.542 6.551 6.560 6.569 6.577 6.585 6.593 6.601 6.609 6.617 6.625 6.633 6.641 6.650 6.659 6.669 6.679
5.750 5.769 5.787 5.806 5.825 5.844 5.862 5.880 5.897 5.913 5.929 5.944 5.959 5.972 5.985 5.998 6.009 6.021 6.031 6.042 6.053 6.064 6.075 6.087 6.098 6.110 6.123 6.136 6.151 6.165 6.180 6.196 6.212 6.227 6.243 6.258 6.274 6.289 6.303 6.318 6.332 6.346 6.359 6.372 6.385 6.397 6.410 6.421 6.431 6.442 6.453 6.465 6.476 6.487 6.499 6.510 6.521 6.532 6.542 6.553 6.563 6.572 6.582 6.590 6.599 6.607 6.616 6.624 6.632 6.640 6.648 6.656 6.665 6.674 6.684 6.694
5.757 5.777 5.795 5.815 5.834 5.853 5.872 5.890 5.907 5.924 5.941 5.957 5.972 5.986 6.000 6.013 6.025 6.037 6.048 6.059 6.070 6.081 6.091 6.103 6.113 6.124 6.136 6.149 6.163 6.177 6.191 6.206 6.221 6.237 6.252 6.267 6.283 6.298 6.312 6.327 6.341 6.355 6.368 6.381 6.394 6.407 6.419 6.430 6.440 6.451 6.462 6.474 6.485 6.496 6.507 6.519 6.530 6.541 6.552 6.563 6.573 6.584 6.593 6.603 6.612 6.621 6.630 6.638 6.647 6.656 6.664 6.672 6.680 6.690 6.699 6.710
5.765 5.784 5.803 5.822 5.842 5.861 5.880 5.899 5.917 5.934 5.951 5.968 5.984 5.999 6.013 6.027 6.040 6.052 6.064 6.076 6.086 6.097 6.108 6.119 6.129 6.139 6.151 6.163 6.176 6.189 6.203 6.217 6.232 6.247 6.262 6.277 6.292 6.307 6.322 6.336 6.350 6.364 6.378 6.391 6.404 6.416 6.428 6.439 6.450 6.460 6.471 6.483 6.494 6.505 6.516 6.528 6.539 6.550 6.562 6.573 6.584 6.594 6.605 6.615 6.624 6.634 6.643 6.652 6.661 6.671 6.679 6.687 6.696 6.705 6.715 6.725
5.772 5.791 5.810 5.830 5.849 5.869 5.888 5.906 5.925 5.943 5.961 5.978 5.994 6.010 6.025 6.040 6.053 6.067 6.079 6.091 6.102 6.113 6.124 6.135 6.145 6.154 6.165 6.177 6.189 6.202 6.215 6.229 6.243 6.258 6.273 6.287 6.302 6.317 6.332 6.346 6.360 6.374 6.387 6.401 6.413 6.426 6.438 6.449 6.459 6.470 6.481 6.492 6.503 6.514 6.525 6.536 6.548 6.559 6.571 6.582 6.593 6.604 6.615 6.626 6.636 6.646 6.656 6.666 6.676 6.685 6.694 6.702 6.711 6.720 6.730 6.741
5.779 5.798 5.817 5.837 5.856 5.875 5.895 5.914 5.932 5.951 5.969 5.986 6.003 6.020 6.036 6.051 6.065 6.079 6.092 6.105 6.117 6.128 6.139 6.150 6.160 6.170 6.180 6.191 6.203 6.215 6.228 6.242 6.255 6.269 6.284 6.298 6.313 6.327 6.342 6.356 6.370 6.384 6.398 6.411 6.423 6.436 6.448 6.459 6.469 6.479 6.490 6.501 6.512 6.523 6.534 6.545 6.557 6.568 6.580 6.591 6.603 6.614 6.626 6.637 6.648 6.658 6.669 6.679 6.689 6.699 6.708 6.717 6.726 6.736 6.746 6.756
5.787 5.805 5.824 5.843 5.863 5.882 5.901 5.920 5.939 5.958 5.976 5.994 6.012 6.029 6.045 6.061 6.076 6.091 6.105 6.118 6.130 6.142 6.154 6.165 6.175 6.184 6.195 6.206 6.217 6.229 6.241 6.254 6.268 6.281 6.295 6.309 6.324 6.338 6.353 6.367 6.381 6.395 6.408 6.421 6.434 6.446 6.458 6.469 6.479 6.489 6.500 6.511 6.521 6.532 6.543 6.554 6.566 6.577 6.589 6.600 6.612 6.624 6.635 6.647 6.659 6.670 6.681 6.692 6.702 6.713 6.722 6.731 6.740 6.750 6.761 6.772
5.794 5.812 5.831 5.850 5.869 5.888 5.908 5.927 5.946 5.964 5.983 6.001 6.019 6.036 6.053 6.070 6.086 6.101 6.115 6.129 6.142 6.155 6.167 6.179 6.189 6.199 6.209 6.220 6.231 6.243 6.255 6.267 6.280 6.293 6.307 6.321 6.335 6.349 6.363 6.378 6.392 6.405 6.419 6.432 6.445 6.457 6.469 6.480 6.490 6.500 6.510 6.521 6.531 6.542 6.553 6.563 6.575 6.586 6.598 6.609 6.621 6.633 6.645 6.657 6.669 6.681 6.692 6.704 6.715 6.726 6.735 6.745 6.755 6.765 6.776 6.787
5.802 5.820 5.838 5.857 5.876 5.895 5.914 5.933 5.952 5.970 5.989 6.008 6.026 6.043 6.061 6.078 6.094 6.110 6.125 6.139 6.153 6.167 6.179 6.191 6.202 6.212 6.223 6.234 6.245 6.256 6.268 6.280 6.293 6.306 6.319 6.332 6.346 6.360 6.375 6.389 6.403 6.416 6.430 6.443 6.456 6.468 6.480 6.491 6.500 6.511 6.521 6.531 6.541 6.552 6.562 6.573 6.584 6.595 6.607 6.619 6.631 6.643 6.655 6.667 6.679 6.692 6.704 6.716 6.728 6.738 6.748 6.758 6.768 6.779 6.790 6.801
5.810 5.827 5.845 5.864 5.882 5.901 5.920 5.939 5.957 5.976 5.995 6.013 6.032 6.050 6.067 6.085 6.101 6.118 6.133 6.149 6.163 6.177 6.191 6.203 6.213 6.224 6.236 6.247 6.258 6.269 6.281 6.293 6.305 6.318 6.331 6.344 6.358 6.372 6.386 6.400 6.414 6.427 6.441 6.454 6.467 6.480 6.492 6.502 6.512 6.522 6.532 6.542 6.552 6.562 6.573 6.583 6.594 6.605 6.616 6.628 6.640 6.652 6.665 6.677 6.690 6.702 6.715 6.727 6.739 6.750 6.761 6.771 6.782 6.793 6.804 6.815
5.818 5.835 5.853 5.871 5.889 5.908 5.926 5.945 5.963 5.982 6.000 6.019 6.037 6.055 6.073 6.091 6.108 6.125 6.141 6.157 6.172 6.186 6.200 6.213 6.224 6.236 6.247 6.259 6.270 6.282 6.293 6.305 6.317 6.330 6.343 6.356 6.369 6.383 6.397 6.411 6.425 6.439 6.452 6.466 6.479 6.491 6.503 6.513 6.523 6.533 6.543 6.553 6.563 6.573 6.583 6.594 6.604 6.615 6.626 6.638 6.650 6.662 6.675 6.687 6.700 6.713 6.726 6.738 6.751 6.762 6.773 6.784 6.795 6.806 6.818 6.829
5.826 5.843 5.861 5.879 5.896 5.914 5.933 5.951 5.969 5.987 6.006 6.024 6.043 6.061 6.079 6.097 6.114 6.131 6.148 6.164 6.179 6.195 6.209 6.222 6.234 6.246 6.258 6.270 6.282 6.293 6.305 6.317 6.329 6.341 6.354 6.367 6.380 6.394 6.408 6.422 6.436 6.449 6.463 6.477 6.490 6.503 6.514 6.525 6.535 6.545 6.555 6.565 6.575 6.585 6.594 6.605 6.615 6.625 6.637 6.648 6.660 6.672 6.685 6.697 6.710 6.723 6.736 6.749 6.762 6.774 6.785 6.797 6.808 6.819 6.831 6.843
5.835 5.852 5.869 5.887 5.904 5.922 5.939 5.957 5.975 5.993 6.011 6.030 6.048 6.066 6.084 6.102 6.119 6.137 6.154 6.170 6.186 6.202 6.217 6.230 6.243 6.255 6.268 6.280 6.292 6.304 6.316 6.328 6.340 6.352 6.365 6.378 6.391 6.405 6.418 6.432 6.446 6.460 6.474 6.488 6.501 6.514 6.526 6.536 6.547 6.557 6.567 6.577 6.587 6.596 6.606 6.616 6.626 6.637 6.647 6.659 6.670 6.683 6.695 6.708 6.721 6.734 6.747 6.760 6.774 6.786 6.797 6.809 6.821 6.832 6.844 6.856
5.845 5.861 5.878 5.895 5.912 5.929 5.947 5.964 5.982 5.999 6.017 6.035 6.053 6.071 6.089 6.107 6.125 6.142 6.159 6.176 6.192 6.208 6.224 6.238 6.251 6.264 6.277 6.290 6.302 6.314 6.326 6.338 6.351 6.363 6.375 6.388 6.401 6.415 6.429 6.442 6.456 6.470 6.484 6.498 6.512 6.525 6.537 6.548 6.558 6.569 6.579 6.589 6.599 6.609 6.618 6.628 6.638 6.648 6.659 6.670 6.681 6.693 6.706 6.719 6.732 6.745 6.758 6.772 6.785 6.798 6.809 6.821 6.833 6.845 6.857 6.869
5.854 5.870 5.887 5.904 5.921 5.938 5.955 5.972 5.989 6.006 6.023 6.041 6.058 6.076 6.094 6.112 6.129 6.147 6.164 6.181 6.198 6.214 6.230 6.244 6.258 6.271 6.285 6.298 6.311 6.323 6.336 6.348 6.360 6.373 6.385 6.398 6.411 6.425 6.438 6.452 6.466 6.480 6.494 6.508 6.522 6.535 6.548 6.559 6.570 6.581 6.591 6.601 6.611 6.621 6.631 6.640 6.650 6.660 6.671 6.681 6.693 6.705 6.717 6.730 6.743 6.756 6.770 6.783 6.797 6.810 6.822 6.834 6.846 6.858 6.870 6.882
5.863 5.879 5.896 5.913 5.930 5.946 5.963 5.979 5.996 6.013 6.030 6.047 6.064 6.082 6.099 6.117 6.134 6.152 6.169 6.186 6.203 6.219 6.236 6.250 6.264 6.278 6.292 6.306 6.319 6.332 6.345 6.357 6.370 6.382 6.395 6.407 6.421 6.434 6.447 6.461 6.475 6.489 6.504 6.518 6.532 6.545 6.558 6.569 6.581 6.592 6.603 6.613 6.624 6.633 6.643 6.653 6.663 6.673 6.683 6.694 6.705 6.717 6.729 6.741 6.754 6.768 6.781 6.795 6.809 6.822 6.834 6.846 6.858 6.871 6.883 6.895
5.872 5.888 5.905 5.922 5.938 5.955 5.971 5.988 6.004 6.020 6.037 6.053 6.070 6.087 6.104 6.122 6.139 6.156 6.174 6.191 6.208 6.224 6.241 6.256 6.270 6.285 6.299 6.313 6.326 6.340 6.353 6.365 6.378 6.391 6.403 6.416 6.429 6.443 6.456 6.470 6.484 6.498 6.512 6.526 6.541 6.555 6.568 6.579 6.591 6.603 6.614 6.625 6.636 6.646 6.656 6.665 6.675 6.685 6.695 6.706 6.717 6.729 6.741 6.753 6.766 6.780 6.793 6.807 6.821 6.834 6.846 6.859 6.871 6.883 6.896 6.908
5.880 5.897 5.914 5.931 5.947 5.964 5.980 5.996 6.012 6.028 6.044 6.060 6.077 6.093 6.110 6.127 6.144 6.161 6.178 6.195 6.212 6.229 6.246 6.261 6.276 6.290 6.305 6.319 6.333 6.347 6.360 6.373 6.386 6.399 6.411 6.424 6.437 6.451 6.464 6.478 6.492 6.506 6.520 6.535 6.549 6.563 6.577 6.589 6.601 6.613 6.625 6.636 6.647 6.658 6.668 6.678 6.688 6.698 6.708 6.719 6.730 6.741 6.753 6.766 6.779 6.792 6.805 6.819 6.833 6.846 6.859 6.871 6.884 6.896 6.909 6.922
5.888 5.905 5.922 5.939 5.956 5.973 5.989 6.005 6.020 6.036 6.052 6.068 6.084 6.100 6.116 6.133 6.149 6.166 6.183 6.200 6.217 6.234 6.250 6.266 6.281 6.296 6.310 6.325 6.339 6.353 6.367 6.380 6.393 6.406 6.419 6.432 6.445 6.458 6.472 6.485 6.499 6.514 6.528 6.542 6.557 6.572 6.585 6.598 6.610 6.623 6.635 6.647 6.659 6.670 6.680 6.691 6.701 6.711 6.721 6.732 6.743 6.754 6.766 6.778 6.791 6.805 6.818 6.832 6.846 6.859 6.872 6.884 6.897 6.910 6.922 6.935
5.895 5.912 5.930 5.947 5.964 5.981 5.997 6.013 6.029 6.045 6.060 6.076 6.091 6.107 6.123 6.139 6.155 6.172 6.188 6.205 6.222 6.238 6.255 6.271 6.285 6.300 6.316 6.330 6.345 6.359 6.373 6.386 6.400 6.413 6.426 6.439 6.452 6.465 6.479 6.492 6.506 6.521 6.535 6.550 6.564 6.579 6.593 6.606 6.619 6.632 6.645 6.657 6.669 6.681 6.692 6.703 6.713 6.724 6.734 6.745 6.756 6.767 6.779 6.791 6.804 6.817 6.831 6.845 6.859 6.872 6.885 6.898 6.910 6.923 6.936 6.949
5.902 5.919 5.937 5.955 5.972 5.989 6.006 6.022 6.037 6.053 6.068 6.084 6.099 6.114 6.130 6.146 6.161 6.178 6.194 6.210 6.227 6.243 6.260 6.275 6.290 6.305 6.321 6.336 6.350 6.365 6.379 6.392 6.406 6.419 6.432 6.445 6.458 6.472 6.485 6.499 6.513 6.527 6.541 6.556 6.571 6.586 6.600 6.613 6.627 6.640 6.654 6.667 6.679 6.691 6.703 6.714 6.725 6.736 6.747 6.758 6.769 6.780 6.792 6.805 6.817 6.830 6.844 6.858 6.872 6.885 6.898 6.911 6.924 6.937 6.950 6.963
5.908 5.926 5.944 5.962 5.980 5.997 6.013 6.030 6.046 6.061 6.077 6.092 6.107 6.122 6.137 6.153 6.168 6.184 6.200 6.216 6.232 6.248 6.265 6.280 6.295 6.310 6.325 6.340 6.355 6.370 6.384 6.398 6.411 6.425 6.438 6.451 6.464 6.478 6.491 6.505 6.519 6.533 6.547 6.562 6.577 6.592 6.606 6.620 6.634 6.648 6.662 6.675 6.688 6.701 6.713 6.725 6.737 6.748 6.759 6.771 6.782 6.793 6.805 6.818 6.830 6.844 6.857 6.871 6.885 6.899 6.912 6.925 6.938 6.951 6.964 6.977
5.914 5.932 5.950 5.968 5.986 6.004 6.021 6.037 6.054 6.069 6.085 6.100 6.115 6.130 6.145 6.160 6.175 6.190 6.206 6.222 6.237 6.253 6.270 6.285 6.299 6.315 6.330 6.345 6.360 6.375 6.389 6.403 6.417 6.430 6.444 6.457 6.470 6.483 6.497 6.510 6.524 6.538 6.553 6.568 6.582 6.598 6.612 6.626 6.640 6.655 6.669 6.683 6.697 6.710 6.723 6.736 6.748 6.760 6.771 6.783 6.795 6.806 6.818 6.831 6.844 6.857 6.871 6.885 6.899 6.912 6.925 6.939 6.952 6.965 6.979 6.992
