version2/TsunamiDB/out54168.asc
ncols          264
nrows          230
xllcorner      497853.4375
yllcorner      4229146.0000
cellsize         5.
NODATA_value   -99
[rows 136 to 169 of 230, columns 0 to 76 of 264]
6.337 6.348 6.360 6.371 6.383 6.395 6.406 6.418 6.430 6.440 6.451 6.461 6.471 6.481 6.490 6.499 6.508 6.516 6.524 6.531 6.538 6.545 6.550 6.555 6.560 6.564 6.567 6.571 6.573 6.576 6.579 6.581 6.583 6.585 6.587 6.588 6.591 6.593 6.595 6.598 6.601 6.604 6.607 6.611 6.614 6.618 6.622 6.625 6.629 6.633 6.637 6.640 6.644 6.649 6.653 6.657 6.660 6.664 6.667 6.670 6.673 6.676 6.679 6.682 6.685 6.687 6.690 6.693 6.695 6.697 6.700 6.702 6.704 6.706 6.708 6.710 6.712
6.340 6.352 6.363 6.375 6.386 6.398 6.410 6.422 6.433 6.444 6.455 6.465 6.475 6.485 6.495 6.504 6.513 6.522 6.531 6.538 6.546 6.553 6.559 6.565 6.570 6.574 6.578 6.582 6.585 6.588 6.591 6.593 6.595 6.596 6.598 6.599 6.601 6.603 6.605 6.607 6.610 6.613 6.616 6.619 6.622 6.626 6.629 6.633 6.637 6.640 6.644 6.648 6.652 6.656 6.660 6.664 6.667 6.671 6.674 6.677 6.680 6.683 6.686 6.689 6.692 6.695 6.697 6.700 6.702 6.705 6.707 6.709 6.711 6.713 6.715 6.717 6.720
6.344 6.355 6.367 6.378 6.390 6.402 6.413 6.425 6.437 6.448 6.459 6.469 6.479 6.490 6.500 6.509 6.519 6.528 6.537 6.545 6.553 6.560 6.567 6.573 6.579 6.584 6.589 6.593 6.596 6.599 6.603 6.605 6.607 6.608 6.609 6.611 6.612 6.614 6.615 6.617 6.620 6.622 6.625 6.628 6.631 6.634 6.638 6.641 6.645 6.648 6.652 6.656 6.660 6.664 6.668 6.672 6.675 6.678 6.681 6.685 6.688 6.691 6.694 6.696 6.699 6.702 6.705 6.707 6.710 6.712 6.715 6.717 6.719 6.721 6.723 6.725 6.728
6.348 6.359 6.371 6.382 6.394 6.405 6.417 6.429 6.441 6.452 6.462 6.473 6.483 6.494 6.504 6.514 6.524 6.533 6.542 6.551 6.559 6.567 6.575 6.581 6.588 6.593 6.599 6.603 6.607 6.611 6.614 6.617 6.619 6.620 6.621 6.622 6.624 6.625 6.626 6.628 6.630 6.632 6.634 6.637 6.640 6.643 6.646 6.649 6.653 6.656 6.660 6.664 6.668 6.672 6.676 6.679 6.682 6.686 6.689 6.692 6.695 6.698 6.701 6.704 6.707 6.709 6.712 6.715 6.717 6.720 6.722 6.725 6.727 6.729 6.731 6.733 6.736
6.352 6.363 6.375 6.386 6.397 6.409 6.421 6.433 6.444 6.455 6.466 6.477 6.487 6.498 6.508 6.518 6.528 6.538 6.547 6.557 6.565 6.574 6.582 6.589 6.596 6.602 6.608 6.613 6.618 6.622 6.626 6.629 6.631 6.632 6.633 6.634 6.635 6.636 6.637 6.639 6.640 6.642 6.644 6.646 6.649 6.652 6.655 6.658 6.661 6.665 6.668 6.672 6.676 6.680 6.684 6.687 6.690 6.693 6.697 6.700 6.703 6.706 6.708 6.711 6.714 6.717 6.720 6.722 6.725 6.727 6.730 6.732 6.735 6.737 6.739 6.742 6.744
6.356 6.367 6.378 6.390 6.401 6.413 6.425 6.436 6.448 6.459 6.470 6.481 6.491 6.502 6.512 6.522 6.533 6.543 6.552 6.562 6.571 6.580 6.588 6.596 6.604 6.610 6.617 6.622 6.628 6.632 6.637 6.640 6.642 6.644 6.646 6.647 6.647 6.648 6.649 6.650 6.651 6.653 6.654 6.656 6.659 6.661 6.664 6.667 6.670 6.673 6.677 6.680 6.684 6.688 6.692 6.695 6.698 6.701 6.704 6.707 6.710 6.713 6.716 6.719 6.722 6.725 6.727 6.730 6.733 6.735 6.738 6.740 6.743 6.745 6.747 6.750 6.752
6.360 6.371 6.383 6.394 6.405 6.417 6.428 6.440 6.452 6.463 6.474 6.484 6.495 6.506 6.516 6.527 6.537 6.547 6.557 6.567 6.576 6.586 6.594 6.603 6.611 6.618 6.625 6.631 6.637 6.642 6.647 6.651 6.654 6.656 6.658 6.659 6.660 6.661 6.661 6.662 6.663 6.664 6.665 6.667 6.669 6.671 6.673 6.676 6.679 6.682 6.685 6.689 6.692 6.696 6.700 6.703 6.706 6.709 6.712 6.715 6.718 6.721 6.724 6.727 6.730 6.732 6.735 6.738 6.740 6.743 6.746 6.748 6.751 6.753 6.755 6.758 6.761
6.364 6.375 6.387 6.398 6.409 6.421 6.432 6.444 6.456 6.467 6.478 6.488 6.499 6.510 6.520 6.531 6.541 6.551 6.562 6.572 6.581 6.591 6.600 6.609 6.617 6.625 6.633 6.640 6.646 6.652 6.657 6.662 6.665 6.668 6.670 6.671 6.672 6.673 6.674 6.674 6.675 6.675 6.676 6.678 6.679 6.681 6.683 6.686 6.688 6.691 6.694 6.697 6.701 6.705 6.708 6.712 6.715 6.718 6.721 6.724 6.726 6.729 6.732 6.735 6.738 6.740 6.743 6.746 6.748 6.751 6.754 6.756 6.759 6.761 6.764 6.766 6.769
6.369 6.380 6.391 6.402 6.414 6.425 6.437 6.448 6.460 6.471 6.482 6.492 6.503 6.514 6.524 6.535 6.545 6.556 6.566 6.576 6.586 6.596 6.606 6.615 6.624 6.632 6.640 6.647 6.654 6.661 6.667 6.672 6.676 6.679 6.681 6.683 6.685 6.686 6.686 6.687 6.687 6.687 6.688 6.689 6.690 6.692 6.693 6.696 6.698 6.701 6.703 6.706 6.710 6.713 6.717 6.720 6.723 6.726 6.729 6.732 6.735 6.738 6.740 6.743 6.746 6.749 6.751 6.754 6.757 6.759 6.762 6.764 6.767 6.769 6.772 6.775 6.777
6.373 6.384 6.395 6.407 6.418 6.429 6.441 6.453 6.464 6.475 6.486 6.496 6.507 6.518 6.528 6.539 6.550 6.560 6.571 6.581 6.591 6.601 6.611 6.621 6.630 6.639 6.647 6.655 6.662 6.669 6.676 6.682 6.686 6.690 6.693 6.695 6.697 6.698 6.699 6.699 6.700 6.700 6.700 6.701 6.702 6.703 6.704 6.706 6.708 6.710 6.713 6.716 6.719 6.723 6.726 6.729 6.732 6.735 6.738 6.740 6.743 6.746 6.749 6.751 6.754 6.757 6.759 6.762 6.765 6.767 6.770 6.773 6.775 6.778 6.780 6.783 6.786
6.378 6.389 6.400 6.411 6.422 6.434 6.445 6.457 6.468 6.479 6.490 6.500 6.511 6.522 6.532 6.543 6.554 6.564 6.575 6.585 6.596 6.606 6.616 6.626 6.636 6.645 6.654 6.662 6.670 6.678 6.685 6.691 6.696 6.701 6.704 6.707 6.709 6.711 6.712 6.712 6.713 6.713 6.713 6.713 6.714 6.715 6.716 6.717 6.719 6.721 6.723 6.726 6.728 6.732 6.735 6.738 6.741 6.744 6.746 6.749 6.752 6.755 6.757 6.760 6.763 6.765 6.768 6.771 6.773 6.776 6.778 6.781 6.784 6.786 6.789 6.792 6.794
6.382 6.393 6.404 6.416 6.427 6.438 6.450 6.461 6.473 6.483 6.494 6.505 6.515 6.526 6.537 6.547 6.558 6.569 6.579 6.590 6.600 6.611 6.621 6.631 6.641 6.651 6.660 6.669 6.677 6.685 6.693 6.700 6.706 6.711 6.715 6.718 6.721 6.723 6.724 6.725 6.726 6.726 6.726 6.726 6.726 6.727 6.728 6.729 6.730 6.731 6.733 6.736 6.738 6.741 6.745 6.747 6.750 6.753 6.755 6.758 6.761 6.763 6.766 6.769 6.771 6.774 6.776 6.779 6.782 6.784 6.787 6.790 6.792 6.795 6.797 6.800 6.803
6.387 6.398 6.409 6.420 6.431 6.443 6.454 6.466 6.477 6.488 6.498 6.509 6.519 6.530 6.541 6.551 6.562 6.573 6.584 6.594 6.605 6.615 6.626 6.636 6.646 6.656 6.666 6.675 6.684 6.692 6.701 6.708 6.715 6.720 6.725 6.729 6.732 6.735 6.737 6.738 6.739 6.739 6.739 6.739 6.739 6.740 6.740 6.741 6.741 6.743 6.744 6.746 6.749 6.752 6.754 6.757 6.759 6.762 6.765 6.767 6.770 6.772 6.775 6.778 6.780 6.783 6.785 6.788 6.790 6.793 6.796 6.798 6.801 6.804 6.806 6.809 6.812
6.392 6.403 6.414 6.425 6.436 6.447 6.459 6.470 6.481 6.492 6.502 6.513 6.524 6.534 6.545 6.556 6.566 6.577 6.588 6.599 6.609 6.620 6.630 6.641 6.651 6.661 6.671 6.681 6.690 6.699 6.708 6.716 6.723 6.729 6.735 6.739 6.743 6.746 6.749 6.750 6.752 6.752 6.753 6.753 6.753 6.753 6.753 6.753 6.754 6.755 6.756 6.757 6.759 6.762 6.765 6.767 6.769 6.772 6.774 6.777 6.779 6.782 6.784 6.787 6.789 6.792 6.794 6.797 6.799 6.802 6.805 6.807 6.810 6.812 6.815 6.818 6.821
6.396 6.407 6.418 6.429 6.440 6.452 6.463 6.475 6.485 6.496 6.507 6.517 6.528 6.538 6.549 6.560 6.570 6.581 6.592 6.603 6.614 6.624 6.635 6.646 6.656 6.666 6.677 6.686 6.696 6.706 6.715 6.724 6.731 6.738 6.744 6.749 6.754 6.757 6.760 6.763 6.764 6.765 6.766 6.766 6.766 6.766 6.766 6.766 6.766 6.767 6.768 6.769 6.771 6.773 6.775 6.777 6.779 6.782 6.784 6.786 6.789 6.791 6.794 6.796 6.798 6.801 6.803 6.806 6.809 6.811 6.814 6.816 6.819 6.821 6.824 6.827 6.830
6.400 6.411 6.422 6.433 6.445 6.456 6.468 6.479 6.490 6.500 6.511 6.521 6.532 6.542 6.553 6.564 6.574 6.585 6.596 6.607 6.618 6.628 6.639 6.650 6.661 6.671 6.682 6.692 6.702 6.712 6.722 6.731 6.739 6.746 6.753 6.758 6.764 6.768 6.772 6.775 6.777 6.778 6.779 6.780 6.780 6.780 6.780 6.780 6.780 6.780 6.780 6.781 6.783 6.784 6.786 6.788 6.790 6.792 6.794 6.796 6.799 6.801 6.803 6.806 6.808 6.810 6.813 6.815 6.818 6.820 6.823 6.825 6.828 6.831 6.833 6.836 6.839
6.405 6.416 6.427 6.438 6.449 6.460 6.472 6.483 6.494 6.504 6.515 6.525 6.536 6.546 6.557 6.568 6.578 6.589 6.600 6.611 6.622 6.633 6.643 6.654 6.665 6.676 6.686 6.697 6.707 6.717 6.728 6.737 6.745 6.753 6.761 6.767 6.773 6.778 6.782 6.786 6.789 6.791 6.792 6.793 6.794 6.794 6.794 6.794 6.793 6.793 6.793 6.794 6.795 6.796 6.798 6.799 6.801 6.803 6.805 6.807 6.809 6.811 6.813 6.815 6.818 6.820 6.823 6.825 6.827 6.830 6.832 6.835 6.837 6.840 6.843 6.845 6.849
6.409 6.420 6.431 6.442 6.453 6.464 6.476 6.487 6.498 6.508 6.519 6.529 6.540 6.550 6.561 6.572 6.582 6.593 6.604 6.615 6.626 6.636 6.647 6.658 6.669 6.680 6.691 6.701 6.712 6.723 6.733 6.743 6.752 6.760 6.768 6.775 6.782 6.787 6.792 6.797 6.800 6.803 6.805 6.806 6.807 6.808 6.808 6.808 6.807 6.807 6.807 6.807 6.808 6.809 6.810 6.811 6.812 6.814 6.815 6.817 6.819 6.821 6.823 6.825 6.828 6.830 6.832 6.835 6.837 6.840 6.842 6.845 6.847 6.850 6.852 6.855 6.858
6.413 6.424 6.435 6.446 6.457 6.468 6.480 6.491 6.502 6.512 6.523 6.533 6.544 6.554 6.565 6.575 6.586 6.597 6.607 6.618 6.629 6.640 6.651 6.662 6.673 6.684 6.695 6.706 6.717 6.728 6.738 6.748 6.758 6.766 6.775 6.783 6.790 6.796 6.802 6.807 6.811 6.814 6.817 6.819 6.820 6.821 6.822 6.822 6.821 6.821 6.821 6.821 6.821 6.822 6.823 6.823 6.824 6.825 6.827 6.828 6.830 6.832 6.834 6.836 6.838 6.840 6.842 6.845 6.847 6.849 6.852 6.854 6.857 6.859 6.862 6.865 6.868
6.417 6.428 6.439 6.450 6.461 6.472 6.484 6.495 6.505 6.516 6.526 6.537 6.547 6.558 6.568 6.579 6.589 6.600 6.611 6.622 6.633 6.644 6.655 6.666 6.677 6.688 6.699 6.710 6.721 6.732 6.743 6.753 6.763 6.772 6.781 6.789 6.797 6.804 6.810 6.816 6.821 6.825 6.829 6.831 6.833 6.834 6.835 6.835 6.835 6.835 6.835 6.835 6.835 6.836 6.836 6.836 6.837 6.837 6.838 6.840 6.841 6.843 6.845 6.846 6.848 6.851 6.853 6.855 6.857 6.860 6.862 6.864 6.867 6.869 6.872 6.875 6.878
6.420 6.431 6.442 6.453 6.464 6.475 6.487 6.498 6.509 6.519 6.530 6.540 6.551 6.561 6.572 6.582 6.593 6.603 6.614 6.625 6.636 6.647 6.658 6.669 6.680 6.691 6.702 6.713 6.724 6.736 6.747 6.757 6.767 6.777 6.786 6.795 6.804 6.811 6.818 6.825 6.830 6.835 6.839 6.843 6.845 6.847 6.848 6.849 6.849 6.849 6.849 6.849 6.849 6.849 6.849 6.849 6.849 6.850 6.850 6.851 6.853 6.854 6.856 6.857 6.859 6.861 6.863 6.865 6.868 6.870 6.872 6.875 6.877 6.879 6.882 6.885 6.888
6.423 6.434 6.445 6.456 6.468 6.479 6.490 6.501 6.512 6.522 6.533 6.543 6.554 6.564 6.575 6.585 6.596 6.606 6.617 6.628 6.639 6.650 6.661 6.672 6.683 6.694 6.705 6.716 6.728 6.739 6.751 6.761 6.772 6.782 6.791 6.801 6.809 6.818 6.825 6.832 6.839 6.844 6.849 6.853 6.856 6.859 6.861 6.862 6.863 6.863 6.863 6.863 6.863 6.863 6.863 6.862 6.862 6.862 6.863 6.863 6.864 6.865 6.867 6.868 6.870 6.872 6.874 6.876 6.878 6.880 6.883 6.885 6.887 6.890 6.892 6.895 6.898
6.426 6.437 6.448 6.459 6.471 6.482 6.493 6.505 6.515 6.526 6.536 6.546 6.557 6.567 6.578 6.588 6.599 6.609 6.620 6.631 6.642 6.652 6.663 6.674 6.686 6.697 6.708 6.719 6.731 6.742 6.754 6.765 6.775 6.785 6.795 6.805 6.814 6.823 6.831 6.839 6.846 6.852 6.858 6.863 6.867 6.870 6.873 6.874 6.876 6.876 6.877 6.877 6.877 6.877 6.876 6.876 6.875 6.875 6.875 6.876 6.876 6.877 6.878 6.880 6.881 6.883 6.885 6.887 6.889 6.891 6.893 6.895 6.898 6.900 6.903 6.906 6.909
6.429 6.440 6.451 6.462 6.473 6.485 6.496 6.507 6.518 6.528 6.539 6.549 6.559 6.570 6.580 6.591 6.601 6.612 6.623 6.633 6.644 6.655 6.666 6.677 6.688 6.699 6.710 6.722 6.733 6.745 6.756 6.767 6.778 6.789 6.799 6.809 6.819 6.828 6.836 6.845 6.852 6.859 6.866 6.871 6.876 6.880 6.883 6.886 6.888 6.889 6.890 6.890 6.891 6.891 6.890 6.889 6.889 6.888 6.888 6.888 6.889 6.889 6.890 6.891 6.892 6.894 6.896 6.897 6.899 6.901 6.904 6.906 6.908 6.911 6.913 6.916 6.919
6.431 6.442 6.454 6.465 6.476 6.487 6.499 6.510 6.520 6.531 6.541 6.552 6.562 6.572 6.583 6.593 6.604 6.614 6.625 6.636 6.646 6.657 6.668 6.679 6.690 6.701 6.712 6.724 6.735 6.747 6.759 6.770 6.781 6.791 6.802 6.812 6.822 6.832 6.841 6.850 6.858 6.866 6.873 6.879 6.884 6.889 6.893 6.897 6.899 6.901 6.902 6.903 6.904 6.904 6.904 6.903 6.902 6.902 6.901 6.901 6.901 6.901 6.902 6.903 6.904 6.905 6.906 6.908 6.910 6.912 6.914 6.916 6.919 6.921 6.924 6.926 6.929
6.433 6.445 6.456 6.467 6.478 6.490 6.501 6.512 6.523 6.533 6.544 6.554 6.564 6.575 6.585 6.595 6.606 6.616 6.627 6.638 6.648 6.659 6.670 6.681 6.692 6.703 6.714 6.726 6.737 6.749 6.761 6.772 6.783 6.794 6.804 6.815 6.825 6.835 6.845 6.854 6.862 6.871 6.878 6.885 6.892 6.897 6.902 6.906 6.910 6.912 6.914 6.915 6.917 6.917 6.917 6.916 6.915 6.915 6.914 6.914 6.913 6.913 6.914 6.914 6.915 6.916 6.917 6.919 6.921 6.923 6.925 6.927 6.929 6.931 6.934 6.937 6.940
6.435 6.446 6.458 6.469 6.480 6.492 6.503 6.514 6.525 6.535 6.546 6.556 6.566 6.577 6.587 6.597 6.608 6.618 6.629 6.640 6.650 6.661 6.672 6.683 6.694 6.705 6.716 6.727 6.739 6.751 6.762 6.773 6.784 6.795 6.806 6.817 6.827 6.838 6.847 6.857 6.866 6.875 6.883 6.891 6.898 6.904 6.910 6.915 6.919 6.922 6.925 6.927 6.928 6.929 6.929 6.929 6.928 6.928 6.927 6.926 6.926 6.925 6.925 6.926 6.926 6.927 6.928 6.930 6.931 6.933 6.935 6.937 6.939 6.942 6.944 6.947 6.950
6.436 6.448 6.459 6.471 6.482 6.493 6.505 6.516 6.527 6.537 6.548 6.558 6.568 6.579 6.589 6.599 6.610 6.620 6.631 6.641 6.652 6.663 6.673 6.684 6.695 6.706 6.717 6.729 6.740 6.752 6.763 6.775 6.786 6.797 6.808 6.818 6.829 6.839 6.850 6.860 6.869 6.878 6.887 6.895 6.903 6.910 6.917 6.922 6.927 6.931 6.934 6.937 6.940 6.941 6.941 6.941 6.941 6.940 6.940 6.939 6.938 6.938 6.937 6.937 6.938 6.938 6.939 6.940 6.942 6.943 6.945 6.947 6.949 6.952 6.954 6.957 6.960
6.436 6.448 6.460 6.472 6.483 6.495 6.507 6.518 6.529 6.539 6.549 6.560 6.570 6.580 6.591 6.601 6.611 6.622 6.632 6.643 6.653 6.664 6.675 6.686 6.696 6.707 6.718 6.730 6.741 6.753 6.764 6.776 6.787 6.798 6.809 6.819 6.830 6.841 6.851 6.862 6.872 6.881 6.890 6.899 6.907 6.915 6.922 6.928 6.934 6.939 6.943 6.947 6.950 6.952 6.953 6.953 6.953 6.952 6.952 6.951 6.950 6.950 6.949 6.949 6.949 6.949 6.950 6.951 6.952 6.954 6.955 6.957 6.959 6.962 6.964 6.967 6.969
6.436 6.448 6.460 6.472 6.484 6.496 6.508 6.519 6.530 6.540 6.551 6.561 6.571 6.582 6.592 6.602 6.613 6.623 6.634 6.644 6.655 6.665 6.676 6.687 6.697 6.708 6.719 6.731 6.742 6.754 6.765 6.776 6.787 6.798 6.809 6.820 6.831 6.842 6.852 6.863 6.873 6.883 6.893 6.902 6.911 6.919 6.927 6.934 6.940 6.946 6.951 6.955 6.959 6.961 6.963 6.964 6.964 6.964 6.964 6.963 6.962 6.961 6.961 6.960 6.960 6.960 6.961 6.961 6.962 6.964 6.965 6.967 6.969 6.971 6.974 6.976 6.979
6.435 6.447 6.460 6.472 6.484 6.497 6.509 6.520 6.531 6.541 6.552 6.562 6.573 6.583 6.593 6.604 6.614 6.624 6.635 6.645 6.656 6.666 6.677 6.688 6.698 6.709 6.720 6.731 6.743 6.754 6.766 6.777 6.788 6.799 6.810 6.821 6.832 6.842 6.853 6.864 6.874 6.884 6.894 6.904 6.913 6.922 6.930 6.938 6.945 6.951 6.957 6.962 6.967 6.970 6.972 6.974 6.975 6.975 6.975 6.974 6.974 6.973 6.972 6.971 6.971 6.971 6.971 6.972 6.973 6.974 6.975 6.977 6.979 6.981 6.983 6.986 6.988
6.432 6.445 6.458 6.471 6.484 6.497 6.509 6.520 6.531 6.542 6.553 6.563 6.574 6.584 6.594 6.605 6.615 6.626 6.636 6.646 6.657 6.667 6.678 6.689 6.699 6.710 6.721 6.732 6.743 6.755 6.766 6.777 6.788 6.799 6.810 6.821 6.832 6.843 6.853 6.864 6.875 6.885 6.895 6.905 6.915 6.924 6.933 6.941 6.949 6.956 6.963 6.968 6.973 6.978 6.981 6.983 6.984 6.985 6.985 6.985 6.984 6.984 6.983 6.982 6.982 6.981 6.981 6.982 6.982 6.983 6.985 6.986 6.988 6.990 6.992 6.995 6.997
6.427 6.441 6.455 6.469 6.482 6.496 6.508 6.520 6.531 6.542 6.553 6.564 6.574 6.585 6.595 6.606 6.616 6.627 6.637 6.647 6.658 6.668 6.679 6.689 6.700 6.711 6.722 6.733 6.744 6.755 6.767 6.777 6.788 6.799 6.810 6.821 6.832 6.843 6.854 6.864 6.875 6.886 6.896 6.906 6.916 6.926 6.935 6.944 6.952 6.960 6.967 6.973 6.979 6.984 6.988 6.991 6.993 6.994 6.995 6.995 6.995 6.994 6.994 6.993 6.992 6.992 6.992 6.992 6.992 6.993 6.994 6.995 6.997 6.999 7.001 7.003 7.006
6.419 6.435 6.450 6.465 6.479 6.493 6.506 6.518 6.530 6.542 6.553 6.564 6.575 6.585 6.596 6.606 6.617 6.627 6.638 6.648 6.659 6.669 6.680 6.690 6.701 6.711 6.722 6.733 6.744 6.756 6.767 6.778 6.788 6.799 6.810 6.821 6.832 6.843 6.853 6.864 6.875 6.886 6.896 6.907 6.917 6.927 6.937 6.946 6.955 6.963 6.970 6.978 6.984 6.990 6.994 6.998 7.001 7.003 7.004 7.005 7.005 7.004 7.004 7.003 7.002 7.002 7.002 7.001 7.002 7.002 7.003 7.004 7.006 7.007 7.009 7.012 7.014
