version2/TsunamiDB/out54007.asc
ncols          264
nrows          230
xllcorner      497853.4375
yllcorner      4229146.0000
cellsize         5.
NODATA_value   -99
[rows 124 to 154 of 230, columns 138 to 206 of 264]
-99.000 -99.000 -99.000 -99.000 -99.000 -99.000 -99.000 -99.000 -99.000 -99.000 -99.000 -99.000 -99.000 -99.000 -99.000 -99.000 -99.000 -99.000 -99.000 -99.000 -99.000 -99.000 -99.000 -99.000 -99.000 -99.000 -99.000 -99.000 -99.000 -99.000 -99.000 -99.000 1.643 1.656 1.738 1.927 2.207 2.556 2.945 3.339 3.707 4.022 4.266 4.448 4.587 4.696 4.787 4.866 4.939 5.006 5.068 5.125 5.178 5.226 5.271 5.312 5.355 5.404 5.462 5.529 5.600 5.679 5.768 5.859 5.952 6.047 6.137 6.221 6.292
-99.000 -99.000 -99.000 -99.000 -99.000 -99.000 -99.000 -99.000 -99.000 -99.000 -99.000 -99.000 -99.000 -99.000 -99.000 -99.000 -99.000 -99.000 -99.000 -99.000 -99.000 -99.000 -99.000 -99.000 -99.000 -99.000 -99.000 -99.000 -99.000 -99.000 -99.000 -99.000 1.645 1.678 1.804 2.034 2.345 2.714 3.108 3.494 3.843 4.132 4.352 4.517 4.643 4.744 4.829 4.903 4.971 5.034 5.092 5.145 5.195 5.240 5.283 5.325 5.368 5.417 5.476 5.546 5.619 5.702 5.796 5.893 5.993 6.092 6.186 6.275 6.349
-99.000 -99.000 -99.000 -99.000 -99.000 -99.000 -99.000 -99.000 -99.000 -99.000 -99.000 -99.000 -99.000 -99.000 -99.000 -99.000 -99.000 -99.000 -99.000 -99.000 -99.000 -99.000 -99.000 -99.000 -99.000 -99.000 -99.000 -99.000 -99.000 -99.000 -99.000 1.644 1.651 1.717 1.888 2.155 2.493 2.876 3.270 3.642 3.968 4.231 4.429 4.580 4.697 4.791 4.871 4.941 5.005 5.065 5.120 5.170 5.216 5.258 5.299 5.340 5.384 5.433 5.494 5.567 5.643 5.729 5.827 5.929 6.036 6.139 6.238 6.334 6.403
-99.000 -99.000 -99.000 -99.000 -99.000 -99.000 -99.000 -99.000 -99.000 -99.000 -99.000 -99.000 -99.000 -99.000 -99.000 -99.000 -99.000 -99.000 -99.000 -99.000 -99.000 -99.000 -99.000 -99.000 -99.000 -99.000 -99.000 -99.000 -99.000 -99.000 -99.000 1.645 1.667 1.774 1.988 2.287 2.649 3.040 3.427 3.781 4.082 4.318 4.497 4.635 4.744 4.835 4.912 4.980 5.042 5.100 5.151 5.199 5.242 5.283 5.322 5.363 5.408 5.462 5.527 5.600 5.678 5.767 5.867 5.973 6.083 6.193 6.297 6.386 6.448
-99.000 -99.000 -99.000 -99.000 -99.000 -99.000 -99.000 -99.000 -99.000 -99.000 -99.000 -99.000 -99.000 -99.000 -99.000 -99.000 -99.000 -99.000 -99.000 -99.000 -99.000 -99.000 -99.000 -99.000 -99.000 -99.000 -99.000 -99.000 -99.000 -99.000 1.644 1.649 1.698 1.850 2.102 2.430 2.808 3.202 3.577 3.910 4.182 4.392 4.553 4.681 4.785 4.872 4.948 5.016 5.077 5.134 5.185 5.232 5.275 5.315 5.355 5.396 5.445 5.503 5.569 5.644 5.724 5.815 5.914 6.021 6.131 6.243 6.346 6.430 6.493
-99.000 -99.000 -99.000 -99.000 -99.000 -99.000 -99.000 -99.000 -99.000 -99.000 -99.000 -99.000 -99.000 -99.000 -99.000 -99.000 -99.000 -99.000 -99.000 -99.000 -99.000 -99.000 -99.000 -99.000 -99.000 -99.000 -99.000 -99.000 -99.000 -99.000 1.644 1.660 1.746 1.941 2.227 2.580 2.969 3.359 3.719 4.025 4.266 4.452 4.598 4.717 4.817 4.903 4.979 5.047 5.109 5.167 5.219 5.268 5.312 5.353 5.394 5.438 5.491 5.551 5.619 5.695 5.777 5.868 5.964 6.067 6.177 6.286 6.388 6.472 6.538
-99.000 -99.000 -99.000 -99.000 -99.000 -99.000 -99.000 -99.000 -99.000 -99.000 -99.000 -99.000 -99.000 -99.000 -99.000 -99.000 -99.000 -99.000 -99.000 -99.000 -99.000 -99.000 -99.000 -99.000 -99.000 -99.000 -99.000 -99.000 -99.000 1.644 1.647 1.682 1.812 2.046 2.362 2.735 3.129 3.511 3.850 4.125 4.336 4.501 4.634 4.746 4.842 4.927 5.002 5.071 5.136 5.196 5.250 5.301 5.349 5.394 5.438 5.485 5.541 5.604 5.676 5.752 5.835 5.924 6.015 6.115 6.217 6.324 6.427 6.515 6.586
-99.000 -99.000 -99.000 -99.000 -99.000 -99.000 -99.000 -99.000 -99.000 -99.000 -99.000 -99.000 -99.000 -99.000 -99.000 -99.000 -99.000 -99.000 -99.000 -99.000 -99.000 -99.000 -99.000 -99.000 -99.000 -99.000 -99.000 -99.000 -99.000 1.644 1.653 1.721 1.894 2.163 2.506 2.892 3.287 3.655 3.966 4.208 4.395 4.542 4.663 4.768 4.861 4.944 5.019 5.089 5.155 5.218 5.276 5.330 5.383 5.433 5.481 5.533 5.593 5.660 5.733 5.809 5.892 5.979 6.066 6.157 6.253 6.358 6.463 6.557 6.632
-99.000 -99.000 -99.000 -99.000 -99.000 -99.000 -99.000 -99.000 -99.000 -99.000 -99.000 -99.000 -99.000 -99.000 -99.000 -99.000 -99.000 -99.000 -99.000 -99.000 -99.000 -99.000 -99.000 -99.000 -99.000 -99.000 -99.000 -99.000 -99.000 1.645 1.669 1.777 1.991 2.292 2.656 3.051 3.440 3.788 4.068 4.282 4.447 4.579 4.690 4.788 4.876 4.956 5.030 5.099 5.167 5.232 5.293 5.352 5.411 5.467 5.521 5.579 5.643 5.713 5.787 5.863 5.946 6.033 6.113 6.197 6.288 6.390 6.496 6.595 6.671
-99.000 -99.000 -99.000 -99.000 -99.000 -99.000 -99.000 -99.000 -99.000 -99.000 -99.000 -99.000 -99.000 -99.000 -99.000 -99.000 -99.000 -99.000 -99.000 -99.000 -99.000 -99.000 -99.000 -99.000 -99.000 -99.000 -99.000 -99.000 1.644 1.649 1.699 1.851 2.102 2.431 2.811 3.208 3.586 3.910 4.161 4.351 4.498 4.617 4.717 4.807 4.889 4.965 5.036 5.105 5.173 5.240 5.303 5.366 5.432 5.495 5.557 5.622 5.691 5.763 5.838 5.913 5.996 6.081 6.157 6.236 6.320 6.418 6.524 6.623 6.700
-99.000 -99.000 -99.000 -99.000 -99.000 -99.000 -99.000 -99.000 -99.000 -99.000 -99.000 -99.000 -99.000 -99.000 -99.000 -99.000 -99.000 -99.000 -99.000 -99.000 -99.000 -99.000 -99.000 -99.000 -99.000 -99.000 -99.000 -99.000 1.644 1.659 1.747 1.940 2.225 2.578 2.969 3.363 3.725 4.020 4.246 4.416 4.548 4.655 4.747 4.829 4.905 4.976 5.043 5.109 5.175 5.242 5.307 5.374 5.445 5.516 5.587 5.658 5.731 5.806 5.881 5.956 6.039 6.123 6.197 6.271 6.350 6.442 6.541 6.636 6.711
-99.000 -99.000 -99.000 -99.000 -99.000 -99.000 -99.000 -99.000 -99.000 -99.000 -99.000 -99.000 -99.000 -99.000 -99.000 -99.000 -99.000 -99.000 -99.000 -99.000 -99.000 -99.000 -99.000 -99.000 -99.000 -99.000 -99.000 1.644 1.647 1.682 1.813 2.046 2.361 2.733 3.129 3.514 3.853 4.122 4.324 4.478 4.597 4.695 4.780 4.855 4.925 4.990 5.052 5.113 5.177 5.244 5.309 5.379 5.456 5.535 5.615 5.694 5.772 5.849 5.926 5.998 6.082 6.169 6.239 6.308 6.382 6.466 6.555 6.649 6.722
-99.000 -99.000 -99.000 -99.000 -99.000 -99.000 -99.000 -99.000 -99.000 -99.000 -99.000 -99.000 -99.000 -99.000 -99.000 -99.000 -99.000 -99.000 -99.000 -99.000 -99.000 -99.000 -99.000 -99.000 -99.000 -99.000 -99.000 1.644 1.653 1.722 1.897 2.166 2.508 2.893 3.288 3.658 3.971 4.213 4.396 4.535 4.645 4.736 4.814 4.885 4.949 5.009 5.066 5.124 5.186 5.252 5.317 5.390 5.473 5.559 5.648 5.733 5.816 5.896 5.971 6.042 6.128 6.216 6.283 6.349 6.419 6.494 6.577 6.673 6.728
-99.000 -99.000 -99.000 -99.000 -99.000 -99.000 -99.000 -99.000 -99.000 -99.000 -99.000 -99.000 -99.000 -99.000 -99.000 -99.000 -99.000 -99.000 -99.000 -99.000 -99.000 -99.000 -99.000 -99.000 -99.000 -99.000 -99.000 1.645 1.670 1.781 1.999 2.300 2.664 3.057 3.444 3.793 4.078 4.294 4.459 4.586 4.689 4.775 4.849 4.916 4.977 5.033 5.088 5.144 5.204 5.270 5.336 5.412 5.499 5.592 5.685 5.777 5.865 5.946 6.021 6.093 6.181 6.273 6.339 6.403 6.468 6.541 6.619 6.687 6.707
-99.000 -99.000 -99.000 -99.000 -99.000 -99.000 -99.000 -99.000 -99.000 -99.000 -99.000 -99.000 -99.000 -99.000 -99.000 -99.000 -99.000 -99.000 -99.000 -99.000 -99.000 -99.000 -99.000 -99.000 -99.000 -99.000 1.644 1.650 1.703 1.860 2.115 2.446 2.826 3.221 3.595 3.918 4.172 4.366 4.514 4.632 4.728 4.811 4.883 4.948 5.006 5.060 5.113 5.168 5.227 5.293 5.361 5.440 5.532 5.628 5.726 5.824 5.917 6.001 6.079 6.150 6.243 6.340 6.407 6.467 6.526 6.591 6.646 6.677 6.677
-99.000 -99.000 -99.000 -99.000 -99.000 -99.000 -99.000 -99.000 -99.000 -99.000 -99.000 -99.000 -99.000 -99.000 -99.000 -99.000 -99.000 -99.000 -99.000 -99.000 -99.000 -99.000 -99.000 -99.000 -99.000 -99.000 1.645 1.662 1.755 1.956 2.246 2.602 2.993 3.383 3.739 4.031 4.256 4.429 4.563 4.672 4.763 4.843 4.914 4.977 5.034 5.086 5.137 5.191 5.251 5.319 5.390 5.473 5.568 5.667 5.769 5.871 5.971 6.060 6.141 6.214 6.312 6.415 6.479 6.532 6.582 6.625 6.653 6.657 6.638
-99.000 -99.000 -99.000 -99.000 -99.000 -99.000 -99.000 -99.000 -99.000 -99.000 -99.000 -99.000 -99.000 -99.000 -99.000 -99.000 -99.000 -99.000 -99.000 -99.000 -99.000 -99.000 -99.000 -99.000 -99.000 1.644 1.647 1.688 1.826 2.067 2.389 2.765 3.161 3.541 3.872 4.133 4.332 4.485 4.607 4.708 4.795 4.872 4.940 5.002 5.058 5.108 5.157 5.210 5.272 5.343 5.419 5.505 5.603 5.706 5.810 5.917 6.024 6.121 6.207 6.280 6.381 6.487 6.546 6.590 6.621 6.641 6.646 6.629 6.595
-99.000 -99.000 -99.000 -99.000 -99.000 -99.000 -99.000 -99.000 -99.000 -99.000 -99.000 -99.000 -99.000 -99.000 -99.000 -99.000 -99.000 -99.000 -99.000 -99.000 -99.000 -99.000 -99.000 -99.000 -99.000 1.644 1.655 1.732 1.916 2.194 2.543 2.933 3.328 3.692 3.994 4.226 4.402 4.538 4.648 4.741 4.823 4.897 4.963 5.023 5.076 5.124 5.172 5.224 5.287 5.363 5.443 5.532 5.634 5.739 5.846 5.958 6.072 6.177 6.268 6.337 6.439 6.548 6.602 6.631 6.641 6.643 6.628 6.594 6.546
-99.000 -99.000 -99.000 -99.000 -99.000 -99.000 -99.000 -99.000 -99.000 -99.000 -99.000 -99.000 -99.000 -99.000 -99.000 -99.000 -99.000 -99.000 -99.000 -99.000 -99.000 -99.000 -99.000 -99.000 1.644 1.646 1.676 1.796 2.023 2.334 2.705 3.102 3.491 3.835 4.106 4.312 4.468 4.589 4.688 4.774 4.850 4.919 4.982 5.039 5.089 5.134 5.180 5.232 5.297 5.376 5.460 5.554 5.658 5.765 5.875 5.993 6.113 6.225 6.317 6.383 6.485 6.597 6.641 6.653 6.648 6.633 6.602 6.555 6.495
-99.000 -99.000 -99.000 -99.000 -99.000 -99.000 -99.000 -99.000 -99.000 -99.000 -99.000 -99.000 -99.000 -99.000 -99.000 -99.000 -99.000 -99.000 -99.000 -99.000 -99.000 -99.000 -99.000 -99.000 1.644 1.651 1.713 1.881 2.145 2.486 2.874 3.272 3.648 3.967 4.211 4.394 4.532 4.641 4.730 4.808 4.877 4.940 4.999 5.051 5.098 5.141 5.184 5.237 5.304 5.387 5.473 5.569 5.676 5.786 5.899 6.020 6.145 6.260 6.353 6.413 6.514 6.623 6.656 6.657 6.638 6.609 6.567 6.508 6.441
-99.000 -99.000 -99.000 -99.000 -99.000 -99.000 -99.000 -99.000 -99.000 -99.000 -99.000 -99.000 -99.000 -99.000 -99.000 -99.000 -99.000 -99.000 -99.000 -99.000 -99.000 -99.000 -99.000 -99.000 1.645 1.667 1.771 1.983 2.283 2.648 3.046 3.440 3.798 4.090 4.310 4.473 4.597 4.694 4.774 4.844 4.906 4.963 5.015 5.062 5.105 5.146 5.190 5.243 5.311 5.395 5.482 5.579 5.688 5.800 5.915 6.037 6.160 6.275 6.368 6.422 6.519 6.624 6.653 6.647 6.619 6.581 6.530 6.465 6.394
-99.000 -99.000 -99.000 -99.000 -99.000 -99.000 -99.000 -99.000 -99.000 -99.000 -99.000 -99.000 -99.000 -99.000 -99.000 -99.000 -99.000 -99.000 -99.000 -99.000 -99.000 -99.000 -99.000 1.644 1.649 1.699 1.851 2.104 2.435 2.819 3.220 3.603 3.940 4.204 4.402 4.548 4.660 4.747 4.820 4.883 4.939 4.988 5.034 5.077 5.118 5.158 5.202 5.254 5.322 5.405 5.491 5.587 5.697 5.810 5.927 6.048 6.170 6.288 6.383 6.424 6.516 6.624 6.650 6.639 6.606 6.562 6.505 6.436 6.361
-99.000 -99.000 -99.000 -99.000 -99.000 -99.000 -99.000 -99.000 -99.000 -99.000 -99.000 -99.000 -99.000 -99.000 -99.000 -99.000 -99.000 -99.000 -99.000 -99.000 -99.000 -99.000 -99.000 1.645 1.660 1.751 1.951 2.241 2.600 2.996 3.394 3.760 4.071 4.309 4.487 4.619 4.721 4.801 4.868 4.926 4.975 5.019 5.060 5.099 5.139 5.180 5.224 5.275 5.342 5.424 5.508 5.603 5.711 5.826 5.946 6.067 6.189 6.314 6.395 6.419 6.511 6.621 6.645 6.632 6.597 6.547 6.485 6.412 6.331
-99.000 -99.000 -99.000 -99.000 -99.000 -99.000 -99.000 -99.000 -99.000 -99.000 -99.000 -99.000 -99.000 -99.000 -99.000 -99.000 -99.000 -99.000 -99.000 -99.000 -99.000 -99.000 1.644 1.647 1.687 1.826 2.068 2.393 2.774 3.176 3.564 3.910 4.193 4.406 4.565 4.685 4.778 4.854 4.918 4.971 5.016 5.056 5.094 5.131 5.171 5.214 5.260 5.315 5.382 5.459 5.541 5.636 5.743 5.859 5.978 6.103 6.225 6.328 6.386 6.410 6.503 6.612 6.638 6.626 6.587 6.535 6.469 6.389 6.303
-99.000 -99.000 -99.000 -99.000 -99.000 -99.000 -99.000 -99.000 -99.000 -99.000 -99.000 -99.000 -99.000 -99.000 -99.000 -99.000 -99.000 -99.000 -99.000 -99.000 -99.000 -99.000 1.644 1.656 1.734 1.921 2.203 2.557 2.954 3.355 3.730 4.051 4.304 4.493 4.635 4.745 4.832 4.905 4.966 5.017 5.059 5.097 5.134 5.172 5.214 5.261 5.311 5.369 5.435 5.509 5.591 5.684 5.786 5.896 6.013 6.133 6.240 6.322 6.374 6.395 6.488 6.600 6.629 6.617 6.578 6.523 6.449 6.364 6.274
-99.000 -99.000 -99.000 -99.000 -99.000 -99.000 -99.000 -99.000 -99.000 -99.000 -99.000 -99.000 -99.000 -99.000 -99.000 -99.000 -99.000 -99.000 -99.000 -99.000 -99.000 1.644 1.646 1.678 1.803 2.035 2.352 2.731 3.136 3.532 3.888 4.181 4.404 4.572 4.699 4.800 4.883 4.953 5.011 5.061 5.103 5.141 5.178 5.218 5.263 5.314 5.369 5.429 5.495 5.568 5.648 5.739 5.830 5.930 6.040 6.147 6.240 6.312 6.359 6.378 6.471 6.586 6.617 6.605 6.566 6.505 6.427 6.335 6.236
-99.000 -99.000 -99.000 -99.000 -99.000 -99.000 -99.000 -99.000 -99.000 -99.000 -99.000 -99.000 -99.000 -99.000 -99.000 -99.000 -99.000 -99.000 -99.000 -99.000 -99.000 1.644 1.652 1.718 1.892 2.164 2.513 2.910 3.318 3.703 4.037 4.299 4.496 4.644 4.759 4.852 4.930 4.997 5.054 5.104 5.146 5.186 5.224 5.266 5.314 5.368 5.427 5.493 5.562 5.632 5.710 5.793 5.872 5.961 6.052 6.146 6.232 6.299 6.344 6.361 6.453 6.569 6.601 6.590 6.547 6.484 6.400 6.298 6.190
-99.000 -99.000 -99.000 -99.000 -99.000 -99.000 -99.000 -99.000 -99.000 -99.000 -99.000 -99.000 -99.000 -99.000 -99.000 -99.000 -99.000 -99.000 -99.000 -99.000 -99.000 1.645 1.669 1.779 1.998 2.307 2.683 3.092 3.497 3.867 4.175 4.407 4.580 4.712 4.815 4.901 4.974 5.038 5.094 5.143 5.187 5.229 5.270 5.313 5.362 5.419 5.484 5.555 5.626 5.692 5.767 5.844 5.911 5.980 6.055 6.139 6.219 6.286 6.330 6.342 6.432 6.550 6.583 6.569 6.524 6.458 6.366 6.256 6.142
-99.000 -99.000 -99.000 -99.000 -99.000 -99.000 -99.000 -99.000 -99.000 -99.000 -99.000 -99.000 -99.000 -99.000 -99.000 -99.000 -99.000 -99.000 -99.000 -99.000 1.644 1.649 1.702 1.860 2.120 2.462 2.857 3.272 3.671 4.023 4.301 4.507 4.661 4.778 4.871 4.948 5.016 5.076 5.129 5.178 5.224 5.268 5.312 5.356 5.407 5.467 5.537 5.614 5.685 5.748 5.820 5.894 5.943 5.993 6.056 6.131 6.206 6.273 6.316 6.324 6.413 6.534 6.562 6.544 6.496 6.424 6.327 6.213 6.094
-99.000 -99.000 -99.000 -99.000 -99.000 -99.000 -99.000 -99.000 -99.000 -99.000 -99.000 -99.000 -99.000 -99.000 -99.000 -99.000 -99.000 -99.000 -99.000 -99.000 1.645 1.661 1.755 1.959 2.256 2.624 3.034 3.449 3.837 4.170 4.422 4.606 4.742 4.846 4.929 4.998 5.057 5.111 5.160 5.210 5.258 5.304 5.350 5.396 5.449 5.513 5.587 5.667 5.739 5.797 5.867 5.934 5.970 6.008 6.056 6.120 6.192 6.259 6.303 6.304 6.390 6.507 6.530 6.507 6.455 6.382 6.283 6.164 6.047
-99.000 -99.000 -99.000 -99.000 -99.000 -99.000 -99.000 -99.000 -99.000 -99.000 -99.000 -99.000 -99.000 -99.000 -99.000 -99.000 -99.000 -99.000 -99.000 1.644 1.647 1.688 1.828 2.073 2.403 2.793 3.210 3.621 3.996 4.309 4.538 4.704 4.826 4.918 4.990 5.051 5.102 5.149 5.195 5.243 5.292 5.341 5.388 5.437 5.492 5.557 5.631 5.712 5.786 5.839 5.907 5.970 6.000 6.028 6.065 6.119 6.183 6.246 6.290 6.285 6.365 6.477 6.496 6.469 6.414 6.341 6.244 6.128 6.018
