version2/TsunamiDB/out54051.asc
ncols          264
nrows          230
xllcorner      497853.4375
yllcorner      4229146.0000
cellsize         5.
NODATA_value   -99
[rows 165 to 197 of 230, columns 73 to 145 of 264]
4.555 4.599 4.641 4.681 4.718 4.755 4.791 4.826 4.860 4.893 4.925 4.957 4.989 5.020 5.052 5.084 5.115 5.147 5.179 5.211 5.244 5.277 5.310 5.343 5.376 5.410 5.442 5.474 5.507 5.540 5.572 5.603 5.634 5.664 5.693 5.721 5.747 5.772 5.795 5.816 5.836 5.853 5.869 5.884 5.897 5.910 5.924 5.937 5.952 5.968 5.985 6.004 6.026 6.049 6.072 6.097 6.122 6.146 6.171 6.195 6.218 6.240 6.261 6.281 6.301 6.319 6.337 6.355 6.372 6.390 6.408 6.426 6.445
4.580 4.625 4.666 4.705 4.743 4.779 4.814 4.848 4.882 4.914 4.946 4.977 5.008 5.038 5.069 5.099 5.130 5.161 5.192 5.223 5.254 5.286 5.318 5.350 5.383 5.416 5.448 5.480 5.512 5.545 5.577 5.609 5.641 5.671 5.701 5.730 5.758 5.784 5.808 5.831 5.852 5.872 5.889 5.904 5.919 5.932 5.944 5.957 5.970 5.984 5.998 6.016 6.035 6.056 6.078 6.101 6.125 6.149 6.174 6.197 6.221 6.244 6.266 6.287 6.307 6.327 6.346 6.365 6.383 6.402 6.421 6.440 6.459
4.606 4.649 4.691 4.730 4.767 4.803 4.838 4.871 4.904 4.936 4.967 4.997 5.027 5.057 5.087 5.116 5.146 5.175 5.205 5.235 5.266 5.296 5.327 5.358 5.390 5.422 5.453 5.485 5.517 5.550 5.582 5.614 5.646 5.677 5.707 5.737 5.766 5.793 5.819 5.844 5.867 5.888 5.907 5.924 5.939 5.953 5.965 5.978 5.990 6.002 6.014 6.030 6.047 6.065 6.086 6.107 6.130 6.153 6.177 6.201 6.224 6.248 6.270 6.292 6.313 6.334 6.354 6.374 6.394 6.413 6.433 6.453 6.473
4.630 4.674 4.715 4.754 4.791 4.827 4.861 4.895 4.927 4.958 4.988 5.018 5.048 5.077 5.105 5.134 5.163 5.191 5.220 5.249 5.278 5.307 5.337 5.367 5.398 5.429 5.460 5.490 5.522 5.554 5.586 5.618 5.650 5.682 5.713 5.743 5.772 5.801 5.828 5.854 5.879 5.901 5.922 5.941 5.958 5.973 5.986 5.999 6.011 6.022 6.033 6.046 6.061 6.078 6.096 6.116 6.137 6.159 6.182 6.205 6.229 6.252 6.275 6.298 6.320 6.341 6.362 6.383 6.404 6.424 6.445 6.466 6.487
4.653 4.697 4.739 4.777 4.814 4.850 4.885 4.918 4.950 4.981 5.011 5.040 5.069 5.097 5.125 5.153 5.181 5.208 5.236 5.263 5.291 5.320 5.348 5.377 5.406 5.437 5.466 5.496 5.527 5.559 5.590 5.622 5.654 5.685 5.717 5.747 5.778 5.807 5.835 5.863 5.889 5.913 5.935 5.956 5.975 5.992 6.006 6.020 6.032 6.043 6.053 6.065 6.078 6.093 6.109 6.127 6.146 6.167 6.189 6.211 6.234 6.258 6.281 6.304 6.326 6.349 6.371 6.392 6.414 6.435 6.457 6.478 6.500
4.675 4.719 4.761 4.800 4.837 4.873 4.908 4.941 4.973 5.004 5.033 5.063 5.091 5.119 5.146 5.173 5.200 5.227 5.253 5.280 5.306 5.333 5.360 5.388 5.416 5.445 5.473 5.502 5.533 5.563 5.595 5.626 5.657 5.689 5.720 5.751 5.782 5.812 5.841 5.869 5.897 5.922 5.947 5.969 5.990 6.008 6.025 6.040 6.053 6.064 6.075 6.086 6.098 6.111 6.125 6.141 6.158 6.178 6.198 6.219 6.242 6.265 6.288 6.311 6.334 6.357 6.379 6.402 6.424 6.446 6.469 6.491 6.513
4.696 4.740 4.783 4.822 4.859 4.896 4.930 4.963 4.996 5.026 5.056 5.085 5.114 5.141 5.168 5.195 5.221 5.246 5.272 5.297 5.322 5.348 5.374 5.400 5.427 5.455 5.482 5.510 5.539 5.569 5.599 5.630 5.661 5.692 5.723 5.755 5.785 5.816 5.846 5.875 5.903 5.930 5.956 5.980 6.002 6.023 6.041 6.058 6.072 6.085 6.096 6.107 6.119 6.131 6.144 6.158 6.174 6.191 6.210 6.230 6.251 6.274 6.296 6.319 6.343 6.366 6.389 6.412 6.435 6.458 6.481 6.504 6.526
4.716 4.760 4.803 4.842 4.880 4.917 4.952 4.986 5.018 5.049 5.079 5.108 5.137 5.164 5.191 5.217 5.242 5.267 5.292 5.316 5.340 5.365 5.389 5.414 5.440 5.466 5.491 5.518 5.546 5.575 5.604 5.634 5.665 5.696 5.727 5.758 5.788 5.819 5.849 5.879 5.908 5.936 5.963 5.989 6.013 6.035 6.055 6.074 6.090 6.104 6.116 6.129 6.140 6.152 6.164 6.177 6.191 6.207 6.224 6.243 6.263 6.285 6.307 6.330 6.353 6.376 6.400 6.423 6.447 6.470 6.494 6.517 6.540
4.734 4.779 4.822 4.861 4.900 4.937 4.973 5.007 5.040 5.071 5.102 5.131 5.160 5.187 5.214 5.240 5.265 5.289 5.313 5.336 5.360 5.383 5.406 5.430 5.454 5.478 5.502 5.528 5.555 5.582 5.611 5.640 5.669 5.699 5.730 5.761 5.791 5.822 5.853 5.883 5.912 5.941 5.969 5.996 6.021 6.045 6.068 6.088 6.106 6.121 6.136 6.149 6.162 6.173 6.185 6.198 6.211 6.226 6.242 6.259 6.278 6.298 6.320 6.342 6.365 6.388 6.412 6.435 6.459 6.483 6.507 6.531 6.553
4.750 4.796 4.839 4.879 4.918 4.956 4.992 5.027 5.061 5.093 5.124 5.154 5.183 5.210 5.237 5.263 5.288 5.312 5.335 5.358 5.381 5.403 5.425 5.447 5.470 5.493 5.515 5.539 5.565 5.591 5.618 5.646 5.674 5.704 5.734 5.764 5.794 5.825 5.855 5.886 5.916 5.945 5.974 6.002 6.029 6.054 6.078 6.100 6.120 6.137 6.153 6.168 6.182 6.195 6.207 6.219 6.232 6.246 6.261 6.277 6.295 6.314 6.335 6.356 6.379 6.402 6.425 6.449 6.473 6.497 6.521 6.545 6.568
4.765 4.811 4.854 4.895 4.935 4.974 5.011 5.046 5.081 5.114 5.145 5.176 5.205 5.233 5.260 5.286 5.311 5.335 5.358 5.381 5.403 5.424 5.446 5.467 5.488 5.509 5.530 5.553 5.576 5.601 5.627 5.653 5.681 5.709 5.738 5.767 5.798 5.828 5.858 5.889 5.919 5.949 5.978 6.007 6.035 6.061 6.087 6.110 6.131 6.151 6.169 6.186 6.201 6.215 6.228 6.241 6.254 6.268 6.282 6.297 6.314 6.332 6.352 6.373 6.395 6.417 6.440 6.464 6.488 6.512 6.537 6.560 6.584
4.779 4.825 4.868 4.910 4.951 4.990 5.028 5.064 5.099 5.133 5.166 5.197 5.227 5.255 5.283 5.309 5.335 5.359 5.382 5.405 5.426 5.447 5.468 5.488 5.508 5.527 5.547 5.568 5.590 5.613 5.637 5.662 5.688 5.715 5.743 5.772 5.801 5.831 5.861 5.892 5.922 5.952 5.982 6.011 6.040 6.067 6.094 6.119 6.142 6.163 6.183 6.201 6.218 6.234 6.248 6.262 6.276 6.289 6.304 6.319 6.335 6.352 6.371 6.391 6.412 6.435 6.458 6.481 6.505 6.529 6.553 6.577 6.601
4.791 4.837 4.881 4.923 4.965 5.005 5.044 5.081 5.117 5.152 5.185 5.217 5.247 5.277 5.305 5.332 5.358 5.382 5.406 5.428 5.450 5.471 5.491 5.511 5.530 5.548 5.566 5.586 5.606 5.627 5.649 5.673 5.697 5.723 5.750 5.777 5.806 5.835 5.865 5.895 5.925 5.955 5.985 6.015 6.044 6.073 6.100 6.126 6.150 6.173 6.195 6.215 6.234 6.251 6.267 6.282 6.297 6.311 6.325 6.340 6.356 6.373 6.392 6.411 6.432 6.454 6.476 6.500 6.523 6.547 6.572 6.595 6.619
4.801 4.848 4.892 4.935 4.978 5.019 5.058 5.097 5.133 5.169 5.203 5.235 5.267 5.297 5.326 5.353 5.380 5.405 5.429 5.452 5.474 5.495 5.515 5.535 5.553 5.571 5.588 5.606 5.625 5.644 5.664 5.686 5.708 5.732 5.758 5.784 5.811 5.840 5.869 5.899 5.929 5.959 5.989 6.019 6.048 6.077 6.106 6.133 6.158 6.182 6.205 6.227 6.247 6.266 6.284 6.301 6.316 6.331 6.347 6.362 6.378 6.395 6.413 6.432 6.453 6.474 6.496 6.520 6.543 6.567 6.592 6.615 6.639
4.811 4.858 4.902 4.946 4.989 5.031 5.071 5.110 5.148 5.184 5.219 5.252 5.285 5.316 5.345 5.374 5.401 5.427 5.452 5.475 5.498 5.519 5.540 5.559 5.578 5.594 5.611 5.628 5.645 5.663 5.681 5.701 5.722 5.744 5.767 5.792 5.818 5.846 5.874 5.903 5.932 5.962 5.992 6.022 6.052 6.082 6.111 6.139 6.165 6.190 6.214 6.238 6.260 6.280 6.299 6.317 6.334 6.351 6.367 6.383 6.399 6.417 6.435 6.454 6.474 6.495 6.518 6.541 6.564 6.589 6.613 6.637 6.660
4.819 4.866 4.911 4.956 4.999 5.042 5.083 5.123 5.161 5.198 5.234 5.268 5.301 5.333 5.363 5.392 5.421 5.448 5.473 5.498 5.521 5.543 5.564 5.584 5.603 5.619 5.635 5.652 5.668 5.684 5.701 5.719 5.737 5.758 5.779 5.802 5.827 5.853 5.880 5.908 5.937 5.966 5.996 6.026 6.056 6.086 6.116 6.144 6.172 6.197 6.223 6.247 6.271 6.293 6.313 6.333 6.351 6.369 6.386 6.403 6.420 6.437 6.456 6.475 6.495 6.517 6.539 6.563 6.586 6.611 6.635 6.659 6.683
4.827 4.874 4.920 4.964 5.008 5.051 5.093 5.134 5.173 5.210 5.247 5.282 5.315 5.348 5.379 5.410 5.439 5.467 5.493 5.519 5.543 5.566 5.588 5.608 5.628 5.645 5.661 5.677 5.692 5.708 5.723 5.739 5.756 5.774 5.793 5.814 5.837 5.862 5.887 5.914 5.942 5.971 6.001 6.031 6.061 6.091 6.120 6.150 6.178 6.204 6.231 6.256 6.281 6.304 6.326 6.346 6.366 6.385 6.403 6.421 6.439 6.457 6.476 6.496 6.516 6.538 6.561 6.585 6.609 6.633 6.658 6.683 6.706
4.835 4.882 4.927 4.972 5.016 5.060 5.102 5.143 5.182 5.221 5.258 5.294 5.328 5.362 5.394 5.425 5.455 5.484 5.512 5.538 5.564 5.588 5.611 5.632 5.652 5.670 5.686 5.703 5.718 5.733 5.747 5.762 5.777 5.793 5.810 5.829 5.850 5.872 5.897 5.922 5.949 5.977 6.006 6.036 6.065 6.095 6.125 6.155 6.184 6.211 6.238 6.265 6.290 6.314 6.337 6.359 6.380 6.400 6.419 6.438 6.457 6.476 6.495 6.515 6.537 6.559 6.582 6.606 6.631 6.656 6.682 6.706 6.730
4.843 4.889 4.934 4.979 5.023 5.067 5.109 5.150 5.190 5.229 5.267 5.304 5.339 5.373 5.406 5.439 5.470 5.499 5.528 5.556 5.582 5.608 5.632 5.654 5.676 5.694 5.712 5.728 5.744 5.759 5.773 5.786 5.800 5.814 5.830 5.847 5.865 5.886 5.908 5.932 5.957 5.984 6.013 6.041 6.071 6.101 6.131 6.161 6.190 6.217 6.245 6.272 6.299 6.324 6.348 6.371 6.393 6.414 6.434 6.453 6.473 6.493 6.513 6.534 6.556 6.578 6.602 6.627 6.652 6.678 6.704 6.730 6.754
4.851 4.897 4.941 4.985 5.030 5.073 5.115 5.157 5.197 5.236 5.275 5.312 5.348 5.383 5.417 5.450 5.482 5.513 5.543 5.571 5.599 5.626 5.651 5.675 5.697 5.717 5.736 5.754 5.770 5.785 5.799 5.812 5.825 5.838 5.852 5.867 5.883 5.901 5.921 5.944 5.968 5.993 6.020 6.048 6.077 6.107 6.137 6.167 6.196 6.224 6.252 6.280 6.307 6.333 6.358 6.382 6.404 6.426 6.447 6.468 6.488 6.509 6.529 6.551 6.573 6.597 6.621 6.646 6.672 6.699 6.726 6.752 6.778
4.859 4.904 4.948 4.991 5.035 5.078 5.120 5.162 5.202 5.242 5.281 5.318 5.355 5.391 5.426 5.459 5.492 5.524 5.555 5.585 5.614 5.641 5.668 5.693 5.717 5.738 5.758 5.777 5.795 5.811 5.825 5.839 5.851 5.864 5.876 5.889 5.904 5.920 5.938 5.958 5.980 6.004 6.030 6.057 6.085 6.114 6.143 6.173 6.202 6.231 6.259 6.288 6.315 6.342 6.367 6.392 6.415 6.438 6.460 6.481 6.502 6.523 6.545 6.567 6.589 6.613 6.638 6.664 6.691 6.718 6.746 6.774 6.800
4.868 4.912 4.955 4.998 5.041 5.083 5.125 5.166 5.207 5.246 5.285 5.323 5.361 5.397 5.432 5.467 5.500 5.533 5.565 5.596 5.626 5.655 5.682 5.709 5.734 5.757 5.779 5.799 5.818 5.835 5.851 5.865 5.878 5.890 5.902 5.914 5.927 5.941 5.957 5.975 5.995 6.017 6.041 6.067 6.094 6.122 6.151 6.180 6.209 6.238 6.267 6.295 6.323 6.350 6.376 6.402 6.426 6.449 6.471 6.493 6.515 6.537 6.558 6.581 6.604 6.628 6.654 6.680 6.708 6.736 6.765 6.793 6.821
4.878 4.921 4.963 5.004 5.046 5.088 5.129 5.170 5.210 5.250 5.289 5.327 5.364 5.401 5.437 5.472 5.507 5.540 5.573 5.605 5.636 5.665 5.694 5.722 5.749 5.773 5.796 5.819 5.839 5.858 5.875 5.891 5.905 5.917 5.929 5.941 5.952 5.965 5.979 5.995 6.012 6.032 6.054 6.079 6.104 6.131 6.160 6.188 6.217 6.245 6.274 6.303 6.331 6.359 6.385 6.411 6.435 6.459 6.482 6.505 6.527 6.549 6.571 6.594 6.618 6.642 6.668 6.695 6.723 6.752 6.782 6.811 6.839
4.888 4.930 4.971 5.011 5.052 5.093 5.133 5.173 5.213 5.252 5.291 5.329 5.367 5.404 5.440 5.476 5.510 5.545 5.578 5.611 5.643 5.674 5.704 5.733 5.761 5.787 5.812 5.835 5.858 5.879 5.897 5.914 5.930 5.944 5.956 5.968 5.979 5.990 6.003 6.017 6.033 6.050 6.071 6.093 6.117 6.143 6.170 6.198 6.225 6.253 6.282 6.311 6.339 6.367 6.394 6.420 6.445 6.469 6.492 6.515 6.538 6.560 6.583 6.606 6.630 6.655 6.681 6.708 6.737 6.766 6.797 6.826 6.856
4.900 4.940 4.979 5.019 5.059 5.098 5.138 5.177 5.216 5.254 5.293 5.330 5.368 5.405 5.441 5.477 5.512 5.547 5.581 5.615 5.647 5.679 5.711 5.741 5.770 5.797 5.824 5.849 5.873 5.896 5.917 5.936 5.953 5.968 5.982 5.994 6.006 6.017 6.029 6.041 6.055 6.071 6.089 6.109 6.132 6.156 6.181 6.208 6.235 6.262 6.291 6.319 6.347 6.375 6.402 6.428 6.454 6.478 6.502 6.525 6.548 6.571 6.594 6.617 6.641 6.666 6.693 6.720 6.749 6.779 6.810 6.840 6.871
4.911 4.951 4.989 5.027 5.066 5.105 5.143 5.181 5.219 5.257 5.294 5.331 5.368 5.405 5.441 5.477 5.513 5.548 5.582 5.616 5.650 5.683 5.715 5.746 5.776 5.805 5.833 5.860 5.886 5.910 5.933 5.954 5.973 5.990 6.006 6.020 6.032 6.044 6.055 6.067 6.080 6.094 6.110 6.128 6.148 6.171 6.195 6.220 6.245 6.272 6.300 6.328 6.356 6.383 6.410 6.437 6.462 6.487 6.511 6.535 6.558 6.581 6.605 6.628 6.652 6.677 6.704 6.731 6.760 6.790 6.821 6.852 6.884
4.924 4.962 4.999 5.037 5.074 5.112 5.149 5.186 5.223 5.259 5.296 5.332 5.369 5.405 5.441 5.476 5.511 5.547 5.581 5.616 5.650 5.683 5.716 5.748 5.780 5.809 5.839 5.867 5.895 5.921 5.946 5.969 5.990 6.010 6.027 6.043 6.057 6.070 6.082 6.094 6.106 6.119 6.133 6.149 6.167 6.188 6.210 6.233 6.257 6.283 6.310 6.337 6.364 6.391 6.418 6.445 6.470 6.496 6.520 6.544 6.568 6.591 6.615 6.638 6.662 6.688 6.714 6.741 6.770 6.801 6.832 6.863 6.896
4.937 4.974 5.010 5.047 5.083 5.120 5.156 5.192 5.227 5.263 5.298 5.334 5.369 5.404 5.439 5.474 5.509 5.544 5.579 5.613 5.647 5.681 5.715 5.748 5.780 5.810 5.841 5.872 5.901 5.929 5.955 5.980 6.004 6.026 6.045 6.063 6.079 6.094 6.107 6.120 6.132 6.144 6.157 6.172 6.188 6.207 6.227 6.248 6.270 6.294 6.320 6.346 6.373 6.400 6.426 6.453 6.479 6.504 6.529 6.553 6.577 6.601 6.624 6.648 6.672 6.697 6.724 6.751 6.780 6.810 6.841 6.873 6.906
4.950 4.986 5.021 5.058 5.093 5.128 5.164 5.198 5.233 5.267 5.302 5.336 5.370 5.404 5.438 5.472 5.507 5.541 5.575 5.609 5.643 5.677 5.711 5.745 5.777 5.809 5.841 5.872 5.903 5.933 5.961 5.988 6.014 6.038 6.060 6.080 6.099 6.115 6.130 6.144 6.157 6.169 6.182 6.196 6.210 6.227 6.245 6.264 6.285 6.307 6.332 6.357 6.382 6.408 6.435 6.461 6.487 6.512 6.537 6.562 6.586 6.610 6.634 6.658 6.682 6.707 6.733 6.760 6.789 6.819 6.850 6.882 6.916
4.964 4.999 5.034 5.069 5.104 5.138 5.172 5.206 5.240 5.273 5.306 5.339 5.372 5.405 5.438 5.471 5.504 5.537 5.571 5.604 5.638 5.672 5.706 5.739 5.772 5.805 5.838 5.870 5.902 5.933 5.963 5.992 6.020 6.046 6.071 6.093 6.114 6.133 6.150 6.165 6.180 6.193 6.206 6.219 6.233 6.248 6.264 6.282 6.300 6.321 6.344 6.368 6.392 6.417 6.443 6.469 6.495 6.520 6.546 6.571 6.595 6.620 6.644 6.668 6.692 6.717 6.742 6.769 6.798 6.828 6.858 6.890 6.924
4.978 5.012 5.046 5.081 5.115 5.149 5.182 5.215 5.247 5.280 5.312 5.344 5.375 5.407 5.439 5.470 5.502 5.534 5.566 5.599 5.632 5.665 5.698 5.732 5.765 5.798 5.831 5.865 5.898 5.930 5.962 5.992 6.022 6.050 6.077 6.102 6.125 6.147 6.166 6.183 6.199 6.214 6.228 6.241 6.254 6.269 6.284 6.300 6.316 6.336 6.357 6.379 6.402 6.427 6.452 6.477 6.503 6.528 6.554 6.579 6.604 6.629 6.653 6.678 6.702 6.726 6.752 6.778 6.806 6.836 6.866 6.898 6.931
4.992 5.026 5.059 5.093 5.127 5.160 5.192 5.224 5.256 5.287 5.318 5.349 5.380 5.410 5.440 5.471 5.501 5.532 5.563 5.594 5.626 5.658 5.690 5.724 5.756 5.789 5.823 5.856 5.890 5.924 5.956 5.989 6.020 6.050 6.079 6.106 6.132 6.156 6.177 6.197 6.215 6.232 6.246 6.261 6.274 6.288 6.303 6.317 6.332 6.350 6.369 6.390 6.412 6.436 6.460 6.485 6.511 6.536 6.562 6.588 6.613 6.638 6.663 6.687 6.712 6.736 6.761 6.787 6.814 6.843 6.873 6.904 6.937
5.006 5.039 5.072 5.106 5.139 5.171 5.203 5.234 5.265 5.296 5.326 5.356 5.386 5.415 5.444 5.473 5.502 5.531 5.560 5.590 5.620 5.651 5.682 5.714 5.746 5.778 5.812 5.846 5.880 5.914 5.948 5.981 6.014 6.046 6.077 6.106 6.134 6.160 6.184 6.206 6.226 6.245 6.261 6.277 6.291 6.305 6.319 6.333 6.348 6.364 6.382 6.401 6.422 6.445 6.468 6.493 6.518 6.544 6.570 6.596 6.622 6.647 6.672 6.697 6.721 6.746 6.770 6.796 6.822 6.850 6.879 6.910 6.942
