version2/TsunamiDB/out54019.asc
ncols          264
nrows          230
xllcorner      497853.4375
yllcorner      4229146.0000
cellsize         5.
NODATA_value   -99
[rows 124 to 154 of 230, columns 140 to 209 of 264]
-99.000 1.645 1.659 1.741 1.926 2.199 2.535 2.901 3.250 3.554 3.802 3.999 4.153 4.276 4.375 4.458 4.530 4.595 4.654 4.709 4.761 4.811 4.859 4.905 4.950 4.993 5.035 5.077 5.118 5.158 5.197 5.235 5.275 5.314 5.353 5.392 5.432 5.473 5.515 5.559 5.604 5.650 5.697 5.745 5.794 5.845 5.896 5.948 5.999 6.048 6.097 6.144 6.190 6.234 6.277 6.323 6.376 6.436 6.499 6.568 6.648 6.733 6.825 6.924 7.027 7.131 7.229 7.311 7.410 7.530
1.645 1.648 1.683 1.811 2.038 2.343 2.697 3.062 3.394 3.674 3.899 4.077 4.217 4.329 4.420 4.498 4.567 4.629 4.686 4.739 4.790 4.838 4.885 4.930 4.974 5.017 5.058 5.099 5.139 5.179 5.217 5.255 5.293 5.330 5.367 5.404 5.441 5.480 5.520 5.562 5.605 5.651 5.698 5.748 5.799 5.852 5.906 5.962 6.017 6.071 6.124 6.175 6.225 6.272 6.318 6.365 6.418 6.479 6.543 6.611 6.691 6.776 6.869 6.969 7.073 7.178 7.277 7.353 7.446 7.566
1.645 1.655 1.727 1.902 2.167 2.498 2.863 3.217 3.527 3.784 3.988 4.148 4.276 4.379 4.464 4.538 4.604 4.663 4.718 4.770 4.819 4.866 4.912 4.956 4.999 5.041 5.082 5.122 5.162 5.201 5.238 5.274 5.311 5.347 5.381 5.416 5.451 5.487 5.525 5.564 5.607 5.652 5.700 5.750 5.802 5.857 5.915 5.975 6.034 6.092 6.150 6.205 6.258 6.308 6.357 6.406 6.461 6.524 6.588 6.658 6.737 6.821 6.916 7.016 7.118 7.227 7.321 7.386 7.474 7.592
1.647 1.676 1.793 2.012 2.310 2.662 3.028 3.364 3.650 3.883 4.067 4.213 4.330 4.425 4.507 4.577 4.641 4.698 4.751 4.802 4.849 4.895 4.939 4.982 5.024 5.065 5.105 5.145 5.184 5.222 5.259 5.295 5.330 5.364 5.397 5.429 5.461 5.495 5.530 5.568 5.609 5.653 5.701 5.752 5.805 5.863 5.923 5.986 6.049 6.111 6.173 6.232 6.289 6.342 6.394 6.447 6.507 6.573 6.638 6.710 6.788 6.873 6.966 7.066 7.171 7.273 7.355 7.412 7.495 7.611
1.653 1.716 1.882 2.140 2.466 2.830 3.187 3.500 3.762 3.972 4.139 4.271 4.379 4.469 4.547 4.615 4.677 4.733 4.785 4.834 4.881 4.925 4.968 5.010 5.051 5.091 5.130 5.169 5.207 5.245 5.281 5.315 5.350 5.382 5.414 5.444 5.473 5.504 5.536 5.572 5.611 5.655 5.702 5.754 5.809 5.868 5.931 5.996 6.063 6.129 6.195 6.257 6.318 6.375 6.432 6.492 6.556 6.623 6.692 6.766 6.845 6.929 7.020 7.119 7.219 7.311 7.385 7.434 7.512 7.629
1.671 1.779 1.990 2.283 2.631 2.997 3.336 3.626 3.863 4.053 4.203 4.325 4.425 4.511 4.585 4.652 4.712 4.768 4.820 4.868 4.914 4.957 4.999 5.040 5.079 5.118 5.156 5.194 5.232 5.268 5.303 5.337 5.370 5.402 5.431 5.459 5.487 5.515 5.544 5.578 5.615 5.658 5.705 5.757 5.813 5.873 5.938 6.006 6.075 6.145 6.215 6.282 6.347 6.409 6.473 6.538 6.605 6.676 6.748 6.826 6.906 6.988 7.076 7.169 7.262 7.346 7.414 7.457 7.532 7.651
1.707 1.864 2.116 2.439 2.801 3.158 3.475 3.740 3.955 4.125 4.262 4.373 4.467 4.549 4.621 4.687 4.747 4.802 4.853 4.901 4.947 4.990 5.031 5.070 5.109 5.147 5.184 5.221 5.258 5.293 5.327 5.360 5.392 5.423 5.451 5.477 5.503 5.528 5.555 5.586 5.622 5.663 5.709 5.761 5.817 5.879 5.945 6.016 6.088 6.161 6.235 6.307 6.377 6.445 6.514 6.584 6.656 6.730 6.807 6.888 6.968 7.048 7.130 7.215 7.302 7.381 7.446 7.486 7.558 7.677
1.766 1.970 2.257 2.603 2.968 3.309 3.604 3.844 4.037 4.191 4.315 4.418 4.506 4.584 4.655 4.719 4.779 4.835 4.886 4.934 4.980 5.023 5.063 5.103 5.141 5.178 5.214 5.250 5.286 5.320 5.353 5.385 5.416 5.445 5.473 5.498 5.521 5.545 5.570 5.598 5.632 5.671 5.716 5.767 5.824 5.886 5.954 6.026 6.101 6.177 6.255 6.333 6.409 6.482 6.557 6.632 6.708 6.784 6.864 6.948 7.029 7.106 7.180 7.259 7.341 7.419 7.485 7.520 7.590 7.710
1.847 2.093 2.411 2.771 3.130 3.451 3.721 3.938 4.111 4.250 4.363 4.459 4.543 4.618 4.687 4.750 4.810 4.865 4.917 4.966 5.012 5.055 5.096 5.135 5.173 5.209 5.245 5.281 5.315 5.349 5.381 5.412 5.442 5.471 5.497 5.521 5.544 5.566 5.589 5.615 5.646 5.684 5.727 5.777 5.833 5.895 5.964 6.038 6.115 6.194 6.277 6.360 6.440 6.519 6.600 6.679 6.757 6.835 6.918 7.007 7.088 7.161 7.231 7.305 7.384 7.464 7.531 7.562 7.628 7.751
1.949 2.230 2.573 2.938 3.283 3.581 3.827 4.023 4.179 4.304 4.409 4.498 4.577 4.650 4.717 4.779 4.838 4.894 4.947 4.996 5.043 5.087 5.128 5.168 5.205 5.242 5.278 5.312 5.347 5.380 5.411 5.441 5.470 5.498 5.523 5.547 5.569 5.591 5.613 5.638 5.666 5.701 5.743 5.791 5.846 5.907 5.976 6.052 6.130 6.212 6.299 6.386 6.472 6.557 6.641 6.723 6.803 6.882 6.968 7.059 7.141 7.214 7.281 7.353 7.433 7.514 7.582 7.609 7.672 7.792
2.067 2.380 2.739 3.099 3.425 3.700 3.923 4.099 4.240 4.355 4.451 4.535 4.611 4.680 4.745 4.807 4.866 4.922 4.975 5.025 5.072 5.117 5.159 5.199 5.238 5.274 5.310 5.345 5.379 5.410 5.441 5.471 5.500 5.526 5.552 5.575 5.598 5.619 5.641 5.665 5.692 5.725 5.764 5.810 5.863 5.923 5.992 6.068 6.147 6.231 6.321 6.412 6.502 6.592 6.679 6.763 6.845 6.924 7.012 7.106 7.191 7.266 7.334 7.406 7.484 7.565 7.635 7.659 7.716 7.829
2.199 2.537 2.903 3.252 3.556 3.807 4.009 4.167 4.295 4.401 4.491 4.570 4.643 4.710 4.774 4.834 4.892 4.948 5.001 5.052 5.100 5.146 5.189 5.230 5.269 5.306 5.342 5.376 5.410 5.441 5.472 5.501 5.529 5.556 5.581 5.605 5.628 5.650 5.673 5.697 5.723 5.754 5.790 5.834 5.884 5.942 6.009 6.086 6.165 6.250 6.342 6.436 6.531 6.624 6.715 6.801 6.885 6.964 7.053 7.153 7.243 7.320 7.391 7.463 7.540 7.623 7.698 7.716 7.761 7.867
2.343 2.699 3.063 3.394 3.675 3.904 4.085 4.229 4.345 4.443 4.528 4.604 4.674 4.739 4.801 4.861 4.918 4.973 5.026 5.077 5.126 5.173 5.217 5.259 5.299 5.337 5.373 5.407 5.441 5.472 5.502 5.531 5.558 5.584 5.609 5.634 5.658 5.682 5.706 5.732 5.758 5.788 5.822 5.862 5.909 5.964 6.029 6.106 6.185 6.270 6.364 6.461 6.560 6.657 6.750 6.840 6.924 7.002 7.094 7.200 7.294 7.376 7.452 7.526 7.604 7.696 7.768 7.770 7.804 7.900
2.495 2.860 3.214 3.525 3.783 3.990 4.153 4.283 4.391 4.483 4.563 4.636 4.704 4.768 4.829 4.887 4.944 4.998 5.051 5.102 5.152 5.199 5.244 5.287 5.328 5.366 5.402 5.437 5.470 5.501 5.530 5.559 5.586 5.612 5.637 5.662 5.688 5.714 5.741 5.768 5.796 5.825 5.858 5.895 5.938 5.992 6.056 6.131 6.209 6.294 6.389 6.488 6.589 6.688 6.786 6.878 6.963 7.041 7.136 7.248 7.349 7.439 7.519 7.600 7.686 7.772 7.826 7.817 7.840 7.924
2.651 3.018 3.355 3.644 3.879 4.066 4.214 4.333 4.433 4.519 4.596 4.667 4.733 4.796 4.856 4.914 4.970 5.024 5.076 5.128 5.177 5.225 5.271 5.314 5.356 5.395 5.431 5.466 5.499 5.529 5.557 5.586 5.612 5.638 5.663 5.689 5.716 5.745 5.775 5.805 5.835 5.866 5.898 5.933 5.975 6.026 6.088 6.161 6.238 6.321 6.416 6.516 6.617 6.720 6.821 6.916 7.003 7.081 7.180 7.300 7.409 7.505 7.593 7.680 7.765 7.836 7.874 7.854 7.864 7.934
2.808 3.168 3.487 3.753 3.966 4.135 4.268 4.378 4.471 4.552 4.626 4.695 4.760 4.822 4.882 4.939 4.995 5.049 5.102 5.153 5.203 5.251 5.297 5.341 5.383 5.423 5.460 5.494 5.526 5.556 5.584 5.611 5.637 5.663 5.688 5.715 5.744 5.775 5.808 5.842 5.876 5.909 5.942 5.977 6.017 6.066 6.125 6.196 6.270 6.352 6.446 6.544 6.647 6.751 6.856 6.954 7.044 7.125 7.228 7.357 7.472 7.574 7.669 7.756 7.832 7.888 7.911 7.879 7.876 7.931
2.963 3.309 3.608 3.851 4.044 4.197 4.318 4.419 4.506 4.583 4.655 4.722 4.786 4.847 4.906 4.964 5.020 5.074 5.127 5.179 5.229 5.277 5.324 5.369 5.412 5.452 5.488 5.523 5.554 5.583 5.609 5.636 5.662 5.687 5.713 5.741 5.771 5.805 5.841 5.879 5.916 5.952 5.988 6.024 6.064 6.111 6.168 6.235 6.307 6.386 6.477 6.575 6.677 6.783 6.891 6.994 7.090 7.172 7.280 7.415 7.536 7.644 7.738 7.820 7.886 7.927 7.936 7.892 7.873 7.911
3.111 3.441 3.718 3.940 4.115 4.253 4.363 4.456 4.538 4.612 4.681 4.746 4.809 4.870 4.929 4.987 5.043 5.098 5.152 5.204 5.255 5.304 5.352 5.398 5.441 5.481 5.518 5.552 5.583 5.610 5.636 5.662 5.687 5.712 5.738 5.767 5.799 5.835 5.874 5.914 5.956 5.996 6.036 6.074 6.114 6.159 6.214 6.279 6.347 6.423 6.512 6.608 6.708 6.815 6.928 7.038 7.139 7.222 7.331 7.473 7.599 7.707 7.797 7.871 7.925 7.953 7.948 7.889 7.854 7.873
3.253 3.564 3.819 4.021 4.179 4.304 4.405 4.491 4.568 4.639 4.705 4.769 4.830 4.891 4.950 5.008 5.065 5.120 5.175 5.228 5.280 5.331 5.380 5.426 5.470 5.511 5.549 5.583 5.613 5.640 5.664 5.689 5.713 5.738 5.765 5.794 5.827 5.865 5.906 5.949 5.994 6.039 6.082 6.123 6.165 6.209 6.262 6.325 6.390 6.463 6.549 6.642 6.742 6.851 6.968 7.085 7.190 7.272 7.382 7.529 7.655 7.759 7.843 7.908 7.951 7.965 7.945 7.871 7.818 7.820
3.386 3.677 3.911 4.094 4.237 4.351 4.445 4.525 4.597 4.664 4.728 4.790 4.850 4.910 4.968 5.026 5.084 5.140 5.196 5.250 5.304 5.356 5.406 5.454 5.499 5.541 5.579 5.614 5.644 5.671 5.695 5.718 5.742 5.767 5.794 5.823 5.857 5.896 5.938 5.984 6.032 6.080 6.127 6.172 6.215 6.260 6.312 6.373 6.437 6.507 6.590 6.682 6.780 6.891 7.012 7.133 7.242 7.321 7.431 7.577 7.699 7.798 7.874 7.929 7.960 7.960 7.925 7.836 7.765 7.749
3.510 3.780 3.994 4.161 4.291 4.395 4.481 4.557 4.625 4.689 4.751 4.810 4.869 4.928 4.985 5.043 5.101 5.158 5.214 5.270 5.325 5.378 5.430 5.479 5.526 5.569 5.609 5.644 5.676 5.702 5.726 5.750 5.773 5.798 5.825 5.855 5.889 5.929 5.972 6.018 6.068 6.119 6.170 6.218 6.264 6.311 6.363 6.424 6.486 6.555 6.636 6.726 6.823 6.934 7.055 7.177 7.288 7.364 7.469 7.612 7.729 7.823 7.890 7.935 7.954 7.941 7.891 7.786 7.699 7.669
3.625 3.874 4.069 4.221 4.340 4.436 4.516 4.587 4.653 4.714 4.773 4.831 4.888 4.945 5.001 5.058 5.116 5.173 5.230 5.287 5.343 5.397 5.451 5.502 5.550 5.595 5.636 5.673 5.706 5.734 5.759 5.783 5.807 5.832 5.859 5.889 5.923 5.962 6.005 6.052 6.103 6.157 6.210 6.263 6.312 6.360 6.413 6.475 6.538 6.606 6.685 6.773 6.869 6.978 7.097 7.222 7.336 7.404 7.500 7.639 7.752 7.838 7.897 7.932 7.938 7.911 7.848 7.728 7.627 7.586
3.730 3.960 4.138 4.275 4.384 4.474 4.549 4.617 4.679 4.738 4.795 4.851 4.906 4.962 5.017 5.073 5.129 5.186 5.243 5.300 5.357 5.413 5.467 5.520 5.570 5.617 5.660 5.699 5.734 5.764 5.791 5.816 5.841 5.867 5.894 5.924 5.959 5.998 6.041 6.087 6.139 6.193 6.249 6.304 6.357 6.407 6.462 6.527 6.591 6.660 6.738 6.824 6.920 7.027 7.145 7.277 7.384 7.435 7.523 7.657 7.763 7.841 7.892 7.916 7.911 7.872 7.795 7.662 7.553 7.506
3.827 4.037 4.199 4.325 4.426 4.509 4.581 4.645 4.706 4.763 4.818 4.872 4.925 4.979 5.033 5.087 5.143 5.199 5.255 5.312 5.369 5.425 5.480 5.534 5.585 5.634 5.679 5.720 5.758 5.792 5.821 5.849 5.875 5.902 5.931 5.962 5.998 6.036 6.078 6.124 6.175 6.229 6.286 6.343 6.398 6.454 6.515 6.582 6.648 6.720 6.799 6.884 6.978 7.086 7.208 7.328 7.416 7.456 7.536 7.663 7.763 7.835 7.877 7.892 7.876 7.825 7.736 7.595 7.480 7.430
3.916 4.108 4.255 4.370 4.464 4.542 4.610 4.672 4.731 4.786 4.840 4.893 4.945 4.997 5.050 5.103 5.157 5.211 5.266 5.322 5.378 5.434 5.490 5.544 5.596 5.647 5.694 5.738 5.779 5.816 5.850 5.881 5.910 5.939 5.969 6.003 6.038 6.077 6.117 6.162 6.212 6.265 6.322 6.381 6.441 6.504 6.570 6.638 6.709 6.786 6.867 6.951 7.043 7.151 7.263 7.364 7.436 7.466 7.538 7.659 7.754 7.819 7.854 7.860 7.834 7.773 7.677 7.529 7.410 7.357
3.997 4.172 4.306 4.412 4.499 4.573 4.638 4.698 4.755 4.810 4.862 4.914 4.965 5.016 5.068 5.119 5.171 5.224 5.278 5.333 5.388 5.443 5.498 5.552 5.605 5.657 5.706 5.753 5.797 5.838 5.876 5.911 5.944 5.976 6.010 6.045 6.081 6.120 6.159 6.203 6.251 6.303 6.360 6.422 6.488 6.556 6.626 6.698 6.774 6.858 6.939 7.020 7.110 7.207 7.304 7.389 7.448 7.469 7.533 7.649 7.738 7.797 7.826 7.824 7.790 7.722 7.617 7.464 7.343 7.286
4.072 4.231 4.354 4.451 4.532 4.602 4.665 4.723 4.779 4.832 4.884 4.935 4.986 5.036 5.086 5.137 5.187 5.239 5.291 5.344 5.397 5.451 5.505 5.559 5.613 5.666 5.717 5.767 5.814 5.859 5.901 5.941 5.979 6.015 6.052 6.089 6.127 6.166 6.206 6.248 6.295 6.346 6.403 6.468 6.537 6.611 6.686 6.761 6.841 6.930 7.011 7.090 7.169 7.251 7.333 7.404 7.455 7.468 7.524 7.633 7.717 7.772 7.793 7.786 7.745 7.669 7.557 7.399 7.273 7.210
4.142 4.286 4.398 4.488 4.563 4.630 4.690 4.746 4.801 4.854 4.905 4.956 5.006 5.056 5.105 5.155 5.204 5.254 5.304 5.355 5.407 5.460 5.513 5.567 5.621 5.674 5.728 5.780 5.831 5.879 5.926 5.972 6.015 6.055 6.095 6.135 6.175 6.216 6.256 6.298 6.344 6.395 6.452 6.517 6.590 6.669 6.748 6.823 6.906 6.998 7.080 7.150 7.215 7.283 7.351 7.413 7.458 7.463 7.510 7.614 7.694 7.743 7.759 7.746 7.699 7.615 7.495 7.330 7.198 7.128
4.206 4.337 4.440 4.523 4.594 4.657 4.714 4.769 4.823 4.875 4.926 4.976 5.026 5.075 5.124 5.173 5.221 5.270 5.318 5.367 5.418 5.469 5.521 5.575 5.629 5.684 5.739 5.794 5.848 5.899 5.952 6.003 6.051 6.096 6.141 6.184 6.226 6.268 6.310 6.353 6.399 6.449 6.505 6.571 6.646 6.727 6.807 6.880 6.964 7.060 7.138 7.197 7.251 7.306 7.364 7.420 7.460 7.457 7.497 7.597 7.670 7.713 7.724 7.704 7.650 7.558 7.427 7.254 7.115 7.037
4.267 4.386 4.480 4.558 4.624 4.684 4.739 4.792 4.844 4.895 4.945 4.995 5.045 5.094 5.142 5.190 5.237 5.285 5.332 5.379 5.428 5.478 5.530 5.583 5.637 5.693 5.750 5.809 5.865 5.921 5.979 6.034 6.087 6.138 6.186 6.233 6.277 6.323 6.367 6.412 6.459 6.507 6.563 6.629 6.703 6.784 6.863 6.931 7.013 7.108 7.180 7.234 7.277 7.322 7.373 7.424 7.460 7.450 7.483 7.576 7.642 7.678 7.682 7.656 7.594 7.491 7.347 7.165 7.019 6.939
4.324 4.433 4.520 4.592 4.655 4.711 4.763 4.815 4.866 4.915 4.965 5.014 5.063 5.112 5.159 5.206 5.253 5.298 5.344 5.390 5.438 5.487 5.538 5.591 5.646 5.704 5.763 5.823 5.883 5.943 6.005 6.064 6.122 6.178 6.231 6.281 6.329 6.378 6.426 6.473 6.521 6.569 6.624 6.687 6.757 6.834 6.910 6.972 7.050 7.142 7.212 7.262 7.300 7.338 7.382 7.427 7.461 7.444 7.468 7.552 7.611 7.638 7.634 7.601 7.530 7.415 7.259 7.069 6.924 6.851
