version2/TsunamiDB/out54137.asc
ncols          264
nrows          230
xllcorner      497853.4375
yllcorner      4229146.0000
cellsize         5.
NODATA_value   -99
[rows 68 to 101 of 230, columns 0 to 76 of 264]
5.145 5.164 5.183 5.201 5.219 5.238 5.256 5.274 5.292 5.310 5.328 5.345 5.363 5.379 5.396 5.413 5.430 5.447 5.465 5.482 5.499 5.516 5.532 5.549 5.565 5.581 5.597 5.613 5.629 5.644 5.659 5.673 5.688 5.702 5.717 5.730 5.742 5.754 5.766 5.778 5.790 5.802 5.814 5.825 5.836 5.848 5.859 5.869 5.880 5.890 5.901 5.911 5.921 5.932 5.942 5.952 5.962 5.972 5.982 5.990 5.999 6.008 6.016 6.025 6.034 6.043 6.052 6.061 6.069 6.078 6.086 6.095 6.103 6.111 6.119 6.127 6.135
5.158 5.177 5.195 5.213 5.231 5.249 5.267 5.285 5.302 5.320 5.338 5.355 5.372 5.388 5.404 5.421 5.438 5.455 5.472 5.488 5.505 5.522 5.538 5.555 5.571 5.587 5.603 5.619 5.634 5.649 5.664 5.679 5.694 5.708 5.723 5.736 5.748 5.760 5.773 5.785 5.797 5.809 5.821 5.833 5.844 5.855 5.866 5.877 5.888 5.898 5.909 5.919 5.929 5.939 5.949 5.959 5.969 5.980 5.989 5.997 6.006 6.014 6.023 6.032 6.040 6.049 6.058 6.067 6.075 6.084 6.092 6.101 6.109 6.117 6.125 6.133 6.141
5.171 5.190 5.208 5.226 5.244 5.262 5.279 5.297 5.314 5.331 5.348 5.365 5.382 5.397 5.413 5.430 5.446 5.463 5.479 5.496 5.512 5.528 5.545 5.561 5.577 5.593 5.608 5.624 5.640 5.655 5.670 5.685 5.699 5.714 5.728 5.742 5.754 5.766 5.779 5.791 5.804 5.816 5.828 5.840 5.851 5.862 5.874 5.884 5.895 5.906 5.916 5.927 5.937 5.947 5.957 5.967 5.977 5.987 5.996 6.004 6.013 6.021 6.030 6.038 6.047 6.056 6.064 6.073 6.082 6.090 6.098 6.107 6.115 6.123 6.131 6.139 6.147
5.185 5.203 5.221 5.239 5.257 5.274 5.292 5.309 5.326 5.343 5.360 5.376 5.392 5.408 5.423 5.439 5.455 5.471 5.488 5.504 5.520 5.536 5.552 5.567 5.583 5.599 5.614 5.630 5.645 5.660 5.675 5.690 5.705 5.719 5.734 5.747 5.760 5.772 5.785 5.797 5.810 5.822 5.834 5.846 5.858 5.869 5.881 5.892 5.902 5.913 5.924 5.934 5.944 5.954 5.964 5.974 5.984 5.994 6.003 6.011 6.020 6.028 6.037 6.045 6.054 6.062 6.071 6.080 6.088 6.096 6.105 6.113 6.121 6.129 6.137 6.145 6.153
5.198 5.216 5.234 5.252 5.270 5.287 5.304 5.321 5.338 5.355 5.371 5.388 5.404 5.419 5.434 5.450 5.465 5.481 5.497 5.512 5.528 5.544 5.559 5.575 5.590 5.605 5.621 5.636 5.651 5.666 5.681 5.696 5.710 5.725 5.739 5.753 5.765 5.778 5.791 5.803 5.816 5.828 5.840 5.852 5.864 5.876 5.887 5.898 5.909 5.920 5.931 5.941 5.952 5.962 5.972 5.982 5.992 6.001 6.010 6.019 6.027 6.035 6.044 6.052 6.061 6.069 6.078 6.086 6.095 6.103 6.111 6.119 6.127 6.135 6.143 6.151 6.159
5.211 5.229 5.247 5.265 5.282 5.300 5.317 5.334 5.351 5.367 5.384 5.400 5.415 5.430 5.445 5.461 5.476 5.491 5.507 5.522 5.537 5.552 5.568 5.583 5.598 5.613 5.628 5.643 5.658 5.672 5.687 5.701 5.716 5.730 5.745 5.758 5.771 5.783 5.796 5.809 5.821 5.834 5.846 5.858 5.870 5.882 5.894 5.905 5.916 5.927 5.938 5.948 5.959 5.969 5.979 5.989 5.999 6.009 6.018 6.026 6.034 6.042 6.051 6.059 6.068 6.076 6.085 6.093 6.101 6.109 6.118 6.126 6.134 6.142 6.150 6.158 6.165
5.224 5.242 5.260 5.278 5.295 5.313 5.330 5.347 5.363 5.380 5.396 5.412 5.428 5.442 5.457 5.472 5.487 5.502 5.517 5.532 5.547 5.562 5.577 5.592 5.606 5.621 5.636 5.650 5.665 5.679 5.693 5.708 5.722 5.736 5.750 5.764 5.776 5.789 5.801 5.814 5.827 5.839 5.852 5.864 5.876 5.888 5.900 5.911 5.922 5.933 5.944 5.955 5.966 5.976 5.986 5.996 6.006 6.016 6.025 6.033 6.041 6.050 6.058 6.066 6.075 6.083 6.091 6.100 6.108 6.116 6.124 6.132 6.140 6.148 6.156 6.164 6.172
5.236 5.255 5.272 5.290 5.308 5.325 5.342 5.359 5.376 5.392 5.409 5.425 5.440 5.454 5.469 5.484 5.499 5.514 5.529 5.543 5.558 5.572 5.587 5.601 5.616 5.630 5.644 5.658 5.672 5.687 5.701 5.715 5.729 5.743 5.757 5.770 5.782 5.794 5.807 5.820 5.832 5.845 5.857 5.870 5.882 5.894 5.905 5.917 5.928 5.940 5.951 5.961 5.972 5.982 5.993 6.003 6.013 6.023 6.032 6.040 6.048 6.057 6.065 6.073 6.082 6.090 6.098 6.107 6.115 6.123 6.131 6.139 6.147 6.155 6.163 6.170 6.178
5.248 5.267 5.285 5.302 5.320 5.337 5.354 5.371 5.388 5.405 5.421 5.437 5.452 5.466 5.481 5.496 5.511 5.526 5.540 5.555 5.569 5.584 5.598 5.612 5.626 5.640 5.654 5.667 5.681 5.695 5.709 5.722 5.736 5.750 5.763 5.776 5.788 5.801 5.813 5.826 5.838 5.851 5.863 5.875 5.887 5.899 5.911 5.923 5.934 5.946 5.957 5.968 5.978 5.989 5.999 6.009 6.020 6.030 6.039 6.047 6.055 6.064 6.072 6.080 6.089 6.097 6.105 6.114 6.122 6.130 6.138 6.146 6.154 6.161 6.169 6.177 6.184
5.260 5.278 5.296 5.314 5.332 5.349 5.366 5.383 5.400 5.417 5.433 5.449 5.464 5.479 5.493 5.508 5.523 5.538 5.552 5.567 5.581 5.595 5.609 5.623 5.637 5.650 5.664 5.677 5.691 5.704 5.718 5.731 5.744 5.758 5.771 5.783 5.795 5.807 5.819 5.832 5.844 5.856 5.869 5.881 5.893 5.905 5.917 5.928 5.940 5.951 5.962 5.973 5.984 5.995 6.005 6.016 6.026 6.036 6.045 6.054 6.062 6.071 6.079 6.087 6.096 6.104 6.112 6.121 6.129 6.137 6.145 6.153 6.160 6.168 6.176 6.183 6.191
5.271 5.289 5.307 5.325 5.343 5.360 5.377 5.395 5.411 5.428 5.445 5.461 5.476 5.490 5.505 5.520 5.535 5.550 5.564 5.579 5.593 5.607 5.621 5.634 5.648 5.662 5.675 5.688 5.701 5.714 5.727 5.740 5.753 5.766 5.779 5.792 5.803 5.815 5.827 5.839 5.851 5.863 5.875 5.887 5.899 5.911 5.922 5.934 5.946 5.957 5.968 5.979 5.990 6.001 6.011 6.022 6.032 6.042 6.052 6.060 6.069 6.077 6.086 6.094 6.103 6.111 6.119 6.127 6.136 6.144 6.151 6.159 6.167 6.175 6.182 6.190 6.198
5.282 5.300 5.318 5.336 5.354 5.371 5.388 5.405 5.422 5.439 5.456 5.472 5.487 5.502 5.517 5.532 5.547 5.561 5.576 5.590 5.605 5.619 5.633 5.646 5.660 5.673 5.686 5.699 5.712 5.725 5.738 5.751 5.764 5.776 5.789 5.801 5.812 5.823 5.835 5.846 5.858 5.870 5.882 5.893 5.905 5.917 5.928 5.940 5.951 5.963 5.974 5.985 5.996 6.007 6.017 6.028 6.038 6.049 6.058 6.067 6.075 6.084 6.092 6.101 6.109 6.118 6.126 6.134 6.142 6.150 6.158 6.166 6.174 6.182 6.189 6.197 6.204
5.293 5.311 5.329 5.346 5.364 5.381 5.399 5.416 5.433 5.450 5.466 5.483 5.498 5.512 5.527 5.543 5.558 5.573 5.587 5.602 5.616 5.630 5.644 5.658 5.672 5.685 5.698 5.711 5.724 5.737 5.749 5.762 5.774 5.787 5.799 5.810 5.821 5.832 5.843 5.855 5.866 5.878 5.889 5.901 5.912 5.924 5.935 5.946 5.957 5.969 5.980 5.991 6.002 6.012 6.023 6.034 6.044 6.054 6.064 6.073 6.081 6.090 6.098 6.107 6.116 6.124 6.132 6.141 6.149 6.157 6.165 6.173 6.180 6.188 6.196 6.203 6.211
5.303 5.321 5.339 5.357 5.374 5.392 5.409 5.426 5.443 5.460 5.477 5.493 5.508 5.523 5.538 5.553 5.568 5.583 5.598 5.613 5.627 5.642 5.656 5.670 5.683 5.697 5.710 5.723 5.736 5.749 5.761 5.774 5.786 5.798 5.810 5.821 5.832 5.842 5.853 5.864 5.876 5.887 5.898 5.909 5.920 5.931 5.942 5.953 5.964 5.975 5.986 5.997 6.008 6.018 6.029 6.040 6.050 6.060 6.070 6.079 6.087 6.096 6.105 6.113 6.122 6.130 6.139 6.147 6.155 6.163 6.171 6.179 6.187 6.195 6.202 6.210 6.217
5.313 5.331 5.349 5.366 5.384 5.401 5.419 5.436 5.453 5.470 5.487 5.502 5.517 5.532 5.548 5.563 5.578 5.594 5.609 5.623 5.638 5.652 5.667 5.681 5.694 5.708 5.721 5.735 5.748 5.760 5.773 5.785 5.798 5.810 5.822 5.833 5.843 5.853 5.864 5.875 5.886 5.896 5.907 5.918 5.929 5.939 5.950 5.961 5.972 5.982 5.993 6.004 6.014 6.025 6.035 6.046 6.056 6.067 6.076 6.085 6.093 6.102 6.111 6.119 6.128 6.137 6.145 6.154 6.162 6.170 6.178 6.186 6.194 6.201 6.209 6.216 6.224
5.323 5.341 5.359 5.376 5.394 5.411 5.428 5.445 5.462 5.479 5.496 5.512 5.527 5.542 5.557 5.573 5.588 5.603 5.618 5.633 5.648 5.663 5.677 5.691 5.705 5.719 5.733 5.746 5.759 5.772 5.785 5.797 5.810 5.822 5.834 5.844 5.855 5.865 5.876 5.886 5.897 5.907 5.918 5.928 5.939 5.949 5.959 5.970 5.980 5.990 6.001 6.011 6.021 6.032 6.042 6.052 6.063 6.073 6.082 6.091 6.099 6.108 6.117 6.126 6.134 6.143 6.151 6.160 6.168 6.176 6.184 6.192 6.200 6.208 6.215 6.223 6.230
5.333 5.351 5.368 5.386 5.403 5.420 5.437 5.454 5.471 5.488 5.505 5.521 5.536 5.551 5.566 5.582 5.597 5.613 5.628 5.643 5.658 5.672 5.687 5.701 5.715 5.729 5.743 5.757 5.770 5.783 5.796 5.809 5.822 5.834 5.846 5.856 5.867 5.877 5.888 5.898 5.909 5.919 5.929 5.939 5.949 5.959 5.969 5.979 5.989 5.999 6.009 6.019 6.029 6.039 6.049 6.060 6.070 6.080 6.089 6.097 6.106 6.114 6.123 6.132 6.141 6.149 6.158 6.166 6.174 6.182 6.190 6.198 6.206 6.214 6.221 6.229 6.237
5.343 5.361 5.378 5.395 5.413 5.430 5.447 5.463 5.480 5.497 5.514 5.529 5.544 5.560 5.575 5.591 5.606 5.621 5.637 5.652 5.667 5.682 5.696 5.711 5.725 5.739 5.753 5.767 5.780 5.794 5.807 5.820 5.833 5.846 5.857 5.868 5.879 5.889 5.900 5.910 5.921 5.931 5.941 5.951 5.961 5.971 5.980 5.990 6.000 6.009 6.019 6.028 6.038 6.048 6.058 6.068 6.078 6.087 6.096 6.104 6.112 6.121 6.130 6.138 6.147 6.155 6.164 6.172 6.181 6.189 6.197 6.205 6.212 6.220 6.228 6.235 6.243
5.353 5.371 5.388 5.405 5.422 5.439 5.456 5.472 5.489 5.506 5.522 5.538 5.553 5.568 5.584 5.599 5.615 5.630 5.645 5.660 5.675 5.690 5.705 5.720 5.734 5.748 5.763 5.777 5.790 5.804 5.817 5.831 5.844 5.857 5.869 5.879 5.890 5.901 5.912 5.923 5.933 5.943 5.953 5.963 5.973 5.983 5.992 6.002 6.011 6.020 6.030 6.039 6.048 6.058 6.067 6.077 6.086 6.095 6.103 6.112 6.120 6.128 6.137 6.145 6.154 6.162 6.170 6.179 6.187 6.195 6.203 6.211 6.219 6.226 6.234 6.242 6.249
5.364 5.381 5.398 5.415 5.432 5.448 5.465 5.482 5.498 5.515 5.531 5.547 5.561 5.577 5.592 5.607 5.623 5.638 5.653 5.669 5.684 5.699 5.713 5.728 5.743 5.757 5.771 5.786 5.799 5.813 5.827 5.840 5.854 5.867 5.879 5.890 5.902 5.913 5.924 5.935 5.945 5.956 5.966 5.976 5.986 5.995 6.005 6.014 6.023 6.032 6.041 6.050 6.059 6.068 6.077 6.087 6.096 6.104 6.112 6.120 6.128 6.136 6.144 6.153 6.161 6.169 6.177 6.186 6.194 6.202 6.210 6.217 6.225 6.233 6.240 6.248 6.255
5.374 5.391 5.408 5.425 5.441 5.458 5.474 5.491 5.507 5.524 5.540 5.555 5.570 5.585 5.600 5.616 5.631 5.646 5.662 5.677 5.692 5.707 5.722 5.736 5.751 5.765 5.780 5.794 5.808 5.822 5.836 5.850 5.863 5.877 5.889 5.901 5.912 5.924 5.935 5.946 5.957 5.968 5.978 5.988 5.998 6.008 6.018 6.027 6.036 6.045 6.054 6.062 6.071 6.080 6.089 6.097 6.106 6.115 6.122 6.130 6.137 6.145 6.153 6.161 6.169 6.177 6.185 6.193 6.201 6.209 6.216 6.224 6.232 6.239 6.247 6.254 6.262
5.385 5.402 5.418 5.435 5.451 5.468 5.484 5.500 5.517 5.533 5.549 5.564 5.579 5.594 5.609 5.624 5.639 5.655 5.670 5.685 5.700 5.715 5.729 5.744 5.759 5.773 5.788 5.802 5.816 5.830 5.844 5.858 5.872 5.886 5.898 5.910 5.922 5.934 5.945 5.957 5.968 5.979 5.990 6.001 6.011 6.021 6.030 6.040 6.049 6.058 6.067 6.075 6.084 6.092 6.101 6.109 6.118 6.126 6.133 6.140 6.147 6.155 6.162 6.170 6.178 6.185 6.193 6.201 6.209 6.216 6.224 6.231 6.239 6.246 6.254 6.261 6.268
5.396 5.413 5.429 5.446 5.462 5.478 5.494 5.510 5.526 5.542 5.558 5.573 5.588 5.602 5.617 5.633 5.648 5.663 5.678 5.693 5.708 5.723 5.737 5.752 5.767 5.781 5.796 5.810 5.824 5.838 5.852 5.866 5.880 5.894 5.907 5.919 5.931 5.943 5.955 5.967 5.979 5.990 6.001 6.012 6.023 6.033 6.043 6.052 6.062 6.071 6.080 6.089 6.097 6.105 6.114 6.122 6.130 6.138 6.145 6.152 6.159 6.166 6.173 6.180 6.188 6.195 6.202 6.210 6.217 6.224 6.232 6.239 6.246 6.254 6.261 6.268 6.275
5.408 5.424 5.441 5.457 5.473 5.489 5.504 5.520 5.536 5.552 5.568 5.582 5.597 5.611 5.626 5.641 5.656 5.671 5.686 5.701 5.716 5.730 5.745 5.760 5.774 5.789 5.803 5.817 5.832 5.846 5.860 5.874 5.888 5.902 5.915 5.927 5.940 5.952 5.964 5.976 5.988 6.000 6.012 6.023 6.034 6.044 6.055 6.065 6.074 6.084 6.093 6.102 6.110 6.119 6.127 6.135 6.144 6.151 6.158 6.164 6.171 6.178 6.184 6.191 6.198 6.205 6.212 6.220 6.227 6.234 6.241 6.248 6.255 6.262 6.269 6.276 6.283
5.420 5.436 5.452 5.468 5.484 5.500 5.515 5.531 5.546 5.562 5.577 5.592 5.606 5.621 5.635 5.650 5.665 5.680 5.694 5.709 5.724 5.738 5.753 5.768 5.782 5.796 5.811 5.825 5.839 5.853 5.867 5.882 5.896 5.910 5.923 5.935 5.948 5.960 5.973 5.985 5.997 6.009 6.021 6.033 6.044 6.055 6.066 6.076 6.086 6.096 6.105 6.115 6.123 6.132 6.141 6.149 6.157 6.164 6.171 6.177 6.184 6.190 6.197 6.204 6.210 6.217 6.224 6.230 6.237 6.244 6.250 6.257 6.264 6.270 6.277 6.284 6.291
5.433 5.449 5.464 5.480 5.495 5.511 5.526 5.542 5.557 5.572 5.588 5.602 5.616 5.630 5.645 5.659 5.674 5.688 5.703 5.718 5.732 5.747 5.761 5.775 5.790 5.804 5.818 5.833 5.847 5.861 5.875 5.889 5.903 5.917 5.930 5.943 5.955 5.968 5.981 5.993 6.006 6.018 6.030 6.042 6.054 6.065 6.076 6.087 6.097 6.108 6.117 6.127 6.136 6.145 6.154 6.162 6.171 6.178 6.185 6.191 6.197 6.204 6.210 6.217 6.223 6.230 6.236 6.242 6.249 6.255 6.261 6.268 6.274 6.280 6.287 6.293 6.299
5.446 5.462 5.477 5.492 5.508 5.523 5.538 5.553 5.568 5.583 5.598 5.612 5.626 5.640 5.654 5.669 5.683 5.698 5.712 5.726 5.741 5.755 5.769 5.784 5.798 5.812 5.826 5.840 5.854 5.868 5.882 5.896 5.910 5.924 5.938 5.950 5.963 5.975 5.988 6.001 6.014 6.026 6.038 6.051 6.063 6.074 6.086 6.097 6.108 6.118 6.129 6.139 6.148 6.157 6.166 6.175 6.184 6.192 6.198 6.205 6.211 6.218 6.224 6.230 6.237 6.243 6.249 6.255 6.261 6.267 6.273 6.279 6.285 6.291 6.297 6.303 6.309
5.459 5.475 5.490 5.505 5.520 5.535 5.550 5.565 5.580 5.595 5.609 5.623 5.637 5.650 5.664 5.678 5.693 5.707 5.721 5.735 5.749 5.764 5.778 5.792 5.806 5.820 5.834 5.848 5.862 5.876 5.890 5.904 5.918 5.932 5.945 5.957 5.970 5.983 5.996 6.008 6.021 6.034 6.046 6.059 6.071 6.083 6.095 6.106 6.117 6.128 6.139 6.149 6.159 6.169 6.179 6.188 6.197 6.205 6.212 6.219 6.225 6.232 6.238 6.245 6.251 6.257 6.263 6.269 6.275 6.281 6.286 6.292 6.297 6.303 6.309 6.314 6.320
5.473 5.488 5.503 5.518 5.533 5.548 5.562 5.577 5.592 5.606 5.621 5.634 5.647 5.661 5.675 5.689 5.703 5.717 5.731 5.745 5.759 5.773 5.786 5.800 5.814 5.828 5.842 5.856 5.870 5.884 5.897 5.911 5.925 5.939 5.952 5.965 5.977 5.990 6.003 6.016 6.029 6.041 6.054 6.067 6.079 6.091 6.103 6.115 6.126 6.138 6.149 6.159 6.170 6.180 6.190 6.200 6.209 6.217 6.225 6.232 6.239 6.246 6.252 6.259 6.265 6.271 6.277 6.283 6.289 6.295 6.300 6.305 6.311 6.316 6.321 6.327 6.332
5.487 5.502 5.517 5.531 5.546 5.561 5.575 5.590 5.604 5.619 5.633 5.646 5.659 5.672 5.686 5.699 5.713 5.727 5.741 5.754 5.768 5.782 5.795 5.809 5.823 5.837 5.850 5.864 5.878 5.891 5.905 5.919 5.933 5.947 5.960 5.972 5.985 5.997 6.010 6.023 6.036 6.049 6.061 6.074 6.087 6.099 6.111 6.123 6.135 6.146 6.158 6.169 6.180 6.190 6.200 6.211 6.220 6.229 6.237 6.245 6.252 6.259 6.266 6.273 6.279 6.286 6.292 6.298 6.304 6.309 6.315 6.320 6.325 6.330 6.335 6.340 6.345
5.501 5.516 5.530 5.545 5.560 5.574 5.588 5.603 5.617 5.631 5.645 5.657 5.670 5.683 5.697 5.710 5.724 5.737 5.751 5.764 5.778 5.791 5.805 5.818 5.832 5.845 5.859 5.872 5.886 5.900 5.913 5.927 5.941 5.954 5.967 5.979 5.992 6.004 6.017 6.030 6.043 6.056 6.069 6.081 6.094 6.106 6.119 6.131 6.143 6.155 6.166 6.178 6.189 6.200 6.210 6.221 6.231 6.240 6.249 6.256 6.264 6.272 6.279 6.286 6.293 6.300 6.306 6.313 6.318 6.324 6.330 6.335 6.340 6.345 6.350 6.354 6.359
5.515 5.530 5.544 5.559 5.573 5.587 5.602 5.616 5.630 5.644 5.657 5.670 5.682 5.695 5.708 5.722 5.735 5.748 5.761 5.775 5.788 5.801 5.814 5.828 5.841 5.854 5.868 5.881 5.894 5.908 5.921 5.935 5.949 5.962 5.975 5.987 5.999 6.012 6.025 6.037 6.050 6.063 6.076 6.089 6.101 6.114 6.126 6.138 6.150 6.162 6.174 6.186 6.197 6.209 6.220 6.230 6.241 6.251 6.259 6.268 6.276 6.284 6.292 6.299 6.307 6.314 6.320 6.327 6.333 6.339 6.345 6.350 6.355 6.360 6.365 6.369 6.374
5.528 5.543 5.558 5.572 5.587 5.601 5.615 5.629 5.643 5.657 5.670 5.682 5.694 5.707 5.720 5.733 5.746 5.759 5.772 5.785 5.798 5.811 5.824 5.837 5.850 5.864 5.877 5.890 5.903 5.916 5.930 5.943 5.957 5.970 5.982 5.994 6.007 6.019 6.032 6.045 6.057 6.070 6.083 6.096 6.108 6.121 6.133 6.146 6.158 6.170 6.182 6.194 6.205 6.217 6.228 6.240 6.251 6.260 6.269 6.278 6.287 6.295 6.303 6.311 6.319 6.327 6.334 6.341 6.347 6.353 6.359 6.365 6.370 6.375 6.380 6.385 6.389
5.542 5.557 5.571 5.586 5.600 5.614 5.628 5.642 5.656 5.670 5.682 5.694 5.707 5.719 5.732 5.745 5.758 5.770 5.783 5.796 5.809 5.822 5.834 5.847 5.860 5.873 5.886 5.899 5.912 5.925 5.938 5.951 5.965 5.978 5.990 6.002 6.014 6.027 6.039 6.052 6.065 6.077 6.090 6.103 6.115 6.128 6.140 6.153 6.165 6.177 6.190 6.201 6.213 6.225 6.237 6.248 6.259 6.270 6.279 6.288 6.297 6.306 6.314 6.323 6.331 6.339 6.347 6.354 6.361 6.367 6.374 6.380 6.385 6.391 6.396 6.401 6.405
