version2/TsunamiDB/out54041.asc
ncols          264
nrows          230
xllcorner      497853.4375
yllcorner      4229146.0000
cellsize         5.
NODATA_value   -99
[rows 192 to 223 of 230, columns 146 to 218 of 264]
6.674 6.707 6.740 6.772 6.804 6.835 6.865 6.897 6.929 6.964 7.003 7.048 7.096 7.147 7.202 7.261 7.322 7.384 7.449 7.515 7.581 7.649 7.713 7.779 7.847 7.914 7.981 8.050 8.125 8.207 8.286 8.333 8.380 8.454 8.519 8.568 8.604 8.632 8.651 8.666 8.673 8.646 8.618 8.619 8.616 8.609 8.599 8.588 8.574 8.559 8.539 8.502 8.469 8.452 8.436 8.420 8.402 8.383 8.365 8.347 8.329 8.301 8.274 8.257 8.239 8.220 8.197 8.171 8.143 8.112 8.078 8.028 7.976
6.685 6.718 6.751 6.783 6.814 6.844 6.873 6.903 6.933 6.965 7.002 7.045 7.093 7.144 7.201 7.262 7.326 7.395 7.464 7.534 7.602 7.671 7.737 7.805 7.875 7.943 8.008 8.075 8.150 8.234 8.316 8.362 8.410 8.482 8.542 8.587 8.619 8.642 8.659 8.673 8.681 8.653 8.626 8.627 8.625 8.618 8.609 8.597 8.584 8.567 8.547 8.510 8.476 8.458 8.441 8.424 8.406 8.387 8.368 8.350 8.332 8.304 8.277 8.259 8.241 8.221 8.197 8.169 8.139 8.106 8.070 8.018 7.964
6.694 6.727 6.760 6.791 6.822 6.851 6.879 6.906 6.934 6.964 6.999 7.041 7.088 7.139 7.197 7.261 7.330 7.403 7.477 7.550 7.620 7.690 7.758 7.828 7.901 7.970 8.036 8.104 8.178 8.262 8.347 8.396 8.442 8.512 8.568 8.609 8.637 8.657 8.671 8.682 8.690 8.664 8.637 8.638 8.636 8.629 8.619 8.608 8.594 8.577 8.555 8.518 8.483 8.464 8.447 8.429 8.409 8.390 8.371 8.353 8.335 8.306 8.278 8.261 8.242 8.221 8.195 8.166 8.133 8.098 8.060 8.005 7.948
6.700 6.733 6.766 6.797 6.827 6.855 6.881 6.907 6.932 6.960 6.992 7.034 7.082 7.133 7.194 7.260 7.332 7.410 7.488 7.564 7.637 7.707 7.776 7.850 7.926 7.997 8.065 8.134 8.208 8.295 8.389 8.438 8.481 8.546 8.598 8.634 8.658 8.674 8.684 8.694 8.705 8.679 8.652 8.653 8.651 8.643 8.632 8.621 8.607 8.588 8.564 8.525 8.490 8.470 8.451 8.432 8.412 8.393 8.374 8.355 8.337 8.308 8.279 8.261 8.241 8.219 8.192 8.161 8.125 8.088 8.049 7.991 7.932
6.702 6.735 6.768 6.799 6.829 6.856 6.882 6.906 6.929 6.954 6.986 7.029 7.077 7.130 7.192 7.260 7.337 7.417 7.498 7.576 7.651 7.723 7.793 7.872 7.951 8.025 8.098 8.170 8.245 8.346 8.443 8.484 8.523 8.583 8.629 8.660 8.681 8.694 8.701 8.715 8.727 8.698 8.671 8.671 8.667 8.658 8.647 8.634 8.619 8.597 8.571 8.531 8.496 8.475 8.455 8.435 8.415 8.395 8.375 8.356 8.337 8.307 8.278 8.259 8.238 8.214 8.186 8.153 8.115 8.076 8.036 7.975 7.913
6.700 6.734 6.767 6.799 6.829 6.856 6.881 6.904 6.925 6.950 6.983 7.026 7.075 7.129 7.192 7.264 7.342 7.423 7.505 7.588 7.668 7.741 7.813 7.896 7.980 8.061 8.139 8.218 8.306 8.408 8.493 8.530 8.565 8.620 8.661 8.689 8.706 8.717 8.727 8.740 8.748 8.719 8.691 8.690 8.684 8.674 8.661 8.646 8.628 8.604 8.577 8.537 8.500 8.478 8.457 8.437 8.416 8.395 8.376 8.356 8.336 8.305 8.275 8.255 8.233 8.208 8.178 8.143 8.104 8.064 8.020 7.957 7.893
6.694 6.729 6.764 6.797 6.827 6.855 6.880 6.903 6.925 6.950 6.983 7.028 7.077 7.131 7.196 7.268 7.345 7.427 7.514 7.603 7.689 7.763 7.836 7.926 8.018 8.105 8.191 8.280 8.373 8.466 8.542 8.575 8.607 8.655 8.693 8.718 8.733 8.745 8.755 8.766 8.770 8.740 8.712 8.708 8.701 8.689 8.673 8.656 8.635 8.609 8.582 8.542 8.504 8.481 8.459 8.438 8.416 8.395 8.374 8.353 8.333 8.301 8.270 8.248 8.225 8.199 8.167 8.131 8.091 8.048 8.001 7.936 7.870
6.686 6.722 6.758 6.793 6.825 6.855 6.881 6.906 6.929 6.955 6.988 7.033 7.082 7.137 7.202 7.273 7.350 7.434 7.526 7.622 7.713 7.789 7.866 7.965 8.063 8.157 8.251 8.345 8.437 8.521 8.589 8.619 8.647 8.691 8.725 8.747 8.763 8.775 8.783 8.791 8.792 8.761 8.732 8.726 8.716 8.702 8.685 8.664 8.641 8.615 8.586 8.545 8.506 8.483 8.460 8.437 8.415 8.392 8.370 8.349 8.328 8.295 8.262 8.240 8.215 8.187 8.154 8.117 8.075 8.029 7.979 7.912 7.847
6.677 6.715 6.753 6.789 6.824 6.856 6.886 6.912 6.937 6.964 6.997 7.042 7.092 7.146 7.210 7.281 7.358 7.445 7.543 7.646 7.745 7.823 7.904 8.010 8.114 8.216 8.315 8.409 8.497 8.574 8.634 8.662 8.686 8.725 8.756 8.778 8.793 8.804 8.811 8.815 8.813 8.782 8.752 8.743 8.730 8.714 8.694 8.671 8.646 8.618 8.589 8.547 8.508 8.483 8.459 8.436 8.411 8.388 8.365 8.343 8.320 8.287 8.253 8.229 8.203 8.174 8.139 8.100 8.056 8.008 7.955 7.888 7.822
6.668 6.708 6.748 6.787 6.825 6.860 6.893 6.923 6.950 6.977 7.011 7.056 7.105 7.158 7.221 7.293 7.372 7.462 7.566 7.677 7.783 7.863 7.948 8.061 8.172 8.278 8.377 8.470 8.554 8.625 8.679 8.703 8.724 8.759 8.788 8.808 8.822 8.831 8.837 8.838 8.833 8.801 8.770 8.758 8.744 8.725 8.702 8.678 8.651 8.622 8.591 8.548 8.508 8.482 8.457 8.432 8.406 8.382 8.357 8.334 8.311 8.276 8.241 8.215 8.188 8.157 8.121 8.080 8.035 7.985 7.930 7.863 7.797
6.661 6.703 6.745 6.787 6.828 6.867 6.904 6.936 6.965 6.993 7.028 7.073 7.121 7.174 7.238 7.311 7.392 7.486 7.596 7.716 7.829 7.910 7.998 8.118 8.233 8.339 8.437 8.528 8.608 8.673 8.722 8.742 8.761 8.793 8.818 8.837 8.850 8.857 8.861 8.860 8.853 8.820 8.788 8.774 8.756 8.735 8.710 8.683 8.654 8.624 8.592 8.548 8.507 8.479 8.452 8.426 8.400 8.373 8.348 8.324 8.301 8.264 8.227 8.200 8.172 8.139 8.101 8.058 8.011 7.960 7.904 7.836 7.773
6.656 6.700 6.745 6.790 6.834 6.877 6.917 6.952 6.984 7.013 7.048 7.094 7.143 7.197 7.262 7.337 7.421 7.519 7.636 7.762 7.881 7.963 8.054 8.177 8.291 8.396 8.492 8.579 8.655 8.714 8.759 8.777 8.792 8.821 8.844 8.862 8.873 8.879 8.882 8.879 8.869 8.837 8.803 8.786 8.765 8.742 8.715 8.687 8.657 8.625 8.590 8.545 8.503 8.473 8.446 8.418 8.390 8.363 8.336 8.312 8.287 8.250 8.211 8.183 8.152 8.117 8.077 8.033 7.985 7.932 7.876 7.810 7.747
6.656 6.701 6.747 6.795 6.843 6.888 6.931 6.970 7.004 7.037 7.073 7.120 7.171 7.226 7.293 7.370 7.457 7.560 7.680 7.809 7.933 8.018 8.109 8.231 8.344 8.448 8.541 8.625 8.697 8.754 8.794 8.810 8.823 8.849 8.870 8.887 8.896 8.901 8.902 8.897 8.886 8.852 8.817 8.798 8.775 8.750 8.721 8.690 8.659 8.625 8.588 8.541 8.498 8.466 8.437 8.409 8.379 8.351 8.323 8.297 8.272 8.233 8.193 8.163 8.130 8.093 8.051 8.006 7.958 7.905 7.849 7.783 7.722
6.658 6.704 6.753 6.802 6.853 6.902 6.948 6.990 7.028 7.062 7.100 7.150 7.204 7.261 7.330 7.410 7.501 7.607 7.730 7.864 7.997 8.080 8.168 8.289 8.401 8.502 8.592 8.674 8.743 8.796 8.831 8.844 8.854 8.878 8.898 8.912 8.920 8.923 8.922 8.915 8.902 8.867 8.832 8.809 8.785 8.757 8.725 8.694 8.660 8.624 8.585 8.536 8.491 8.458 8.428 8.398 8.368 8.338 8.309 8.282 8.257 8.217 8.174 8.142 8.107 8.068 8.025 7.979 7.931 7.878 7.822 7.757 7.699
6.664 6.711 6.761 6.812 6.865 6.917 6.966 7.011 7.052 7.088 7.130 7.186 7.242 7.302 7.375 7.458 7.554 7.664 7.790 7.936 8.070 8.145 8.228 8.348 8.457 8.555 8.642 8.720 8.786 8.833 8.864 8.874 8.884 8.905 8.922 8.935 8.941 8.942 8.940 8.931 8.916 8.881 8.844 8.820 8.793 8.763 8.730 8.696 8.661 8.622 8.580 8.529 8.483 8.449 8.416 8.386 8.355 8.324 8.294 8.267 8.242 8.199 8.154 8.120 8.083 8.042 7.998 7.951 7.903 7.850 7.794 7.732 7.676
6.673 6.721 6.771 6.825 6.879 6.933 6.985 7.032 7.075 7.118 7.168 7.228 7.289 7.353 7.430 7.519 7.619 7.735 7.870 8.015 8.138 8.208 8.288 8.404 8.510 8.606 8.689 8.763 8.823 8.865 8.896 8.904 8.911 8.930 8.946 8.956 8.961 8.960 8.955 8.945 8.928 8.892 8.855 8.829 8.800 8.768 8.733 8.696 8.659 8.617 8.573 8.522 8.473 8.437 8.404 8.373 8.341 8.310 8.280 8.253 8.225 8.180 8.133 8.097 8.058 8.016 7.970 7.923 7.874 7.821 7.767 7.708 7.655
6.685 6.733 6.784 6.838 6.894 6.950 7.003 7.054 7.103 7.155 7.212 7.277 7.343 7.413 7.497 7.590 7.695 7.817 7.953 8.087 8.202 8.268 8.345 8.457 8.561 8.654 8.733 8.803 8.858 8.898 8.927 8.933 8.937 8.954 8.967 8.976 8.978 8.976 8.969 8.956 8.938 8.902 8.864 8.836 8.805 8.771 8.734 8.695 8.654 8.610 8.566 8.512 8.462 8.425 8.391 8.359 8.327 8.296 8.266 8.238 8.207 8.160 8.111 8.073 8.032 7.988 7.942 7.894 7.845 7.793 7.742 7.686 7.635
6.700 6.747 6.799 6.853 6.910 6.968 7.024 7.079 7.137 7.197 7.262 7.333 7.404 7.483 7.572 7.669 7.779 7.901 8.030 8.156 8.264 8.327 8.400 8.510 8.611 8.700 8.776 8.840 8.891 8.929 8.956 8.959 8.961 8.976 8.987 8.993 8.993 8.988 8.980 8.966 8.947 8.910 8.872 8.842 8.810 8.774 8.734 8.692 8.649 8.603 8.557 8.502 8.450 8.413 8.378 8.346 8.314 8.283 8.252 8.221 8.188 8.139 8.088 8.048 8.005 7.961 7.913 7.865 7.816 7.766 7.718 7.665 7.617
6.717 6.764 6.815 6.870 6.928 6.987 7.048 7.111 7.177 7.247 7.320 7.397 7.475 7.559 7.653 7.755 7.864 7.980 8.102 8.220 8.325 8.386 8.455 8.562 8.659 8.745 8.817 8.877 8.925 8.960 8.984 8.985 8.984 8.997 9.005 9.009 9.006 9.000 8.989 8.974 8.954 8.917 8.878 8.847 8.813 8.775 8.733 8.688 8.642 8.595 8.547 8.491 8.439 8.400 8.365 8.332 8.300 8.268 8.237 8.204 8.169 8.118 8.065 8.022 7.978 7.932 7.884 7.836 7.788 7.741 7.696 7.645 7.600
6.735 6.782 6.833 6.888 6.947 7.011 7.079 7.149 7.224 7.302 7.383 7.465 7.548 7.638 7.737 7.841 7.944 8.053 8.167 8.281 8.385 8.444 8.509 8.613 8.708 8.790 8.857 8.914 8.958 8.990 9.010 9.009 9.005 9.015 9.020 9.021 9.017 9.009 8.997 8.981 8.960 8.922 8.882 8.850 8.814 8.774 8.730 8.683 8.635 8.586 8.537 8.480 8.426 8.387 8.352 8.319 8.286 8.254 8.221 8.186 8.148 8.095 8.040 7.996 7.950 7.904 7.856 7.808 7.762 7.717 7.675 7.627 7.585
6.756 6.803 6.854 6.909 6.971 7.041 7.113 7.191 7.276 7.363 7.450 7.535 7.621 7.718 7.820 7.919 8.019 8.122 8.229 8.341 8.445 8.503 8.565 8.668 8.759 8.835 8.898 8.950 8.991 9.019 9.035 9.030 9.025 9.031 9.033 9.032 9.026 9.016 9.003 8.986 8.964 8.926 8.885 8.851 8.813 8.772 8.725 8.676 8.626 8.576 8.527 8.468 8.413 8.374 8.339 8.305 8.271 8.238 8.203 8.167 8.127 8.072 8.015 7.969 7.922 7.876 7.828 7.782 7.738 7.696 7.656 7.611 7.571
6.779 6.826 6.878 6.934 7.001 7.074 7.154 7.241 7.333 7.426 7.517 7.604 7.693 7.793 7.895 7.993 8.089 8.185 8.290 8.401 8.507 8.563 8.624 8.723 8.807 8.878 8.936 8.984 9.021 9.044 9.056 9.049 9.040 9.043 9.043 9.040 9.033 9.022 9.008 8.989 8.966 8.928 8.886 8.851 8.811 8.767 8.719 8.668 8.616 8.565 8.515 8.456 8.400 8.360 8.324 8.289 8.255 8.220 8.184 8.146 8.103 8.047 7.989 7.942 7.894 7.848 7.801 7.757 7.715 7.675 7.638 7.595 7.557
6.806 6.854 6.907 6.965 7.034 7.112 7.197 7.291 7.388 7.486 7.581 7.670 7.760 7.862 7.965 8.064 8.157 8.251 8.351 8.459 8.567 8.624 8.683 8.776 8.855 8.920 8.973 9.017 9.049 9.069 9.077 9.066 9.055 9.055 9.052 9.048 9.039 9.026 9.012 8.992 8.968 8.928 8.886 8.848 8.807 8.762 8.711 8.659 8.606 8.553 8.502 8.442 8.386 8.345 8.308 8.273 8.237 8.201 8.164 8.124 8.079 8.021 7.963 7.914 7.867 7.821 7.776 7.733 7.694 7.657 7.621 7.581 7.545
6.835 6.885 6.940 6.999 7.071 7.152 7.243 7.343 7.446 7.548 7.647 7.735 7.825 7.930 8.035 8.133 8.225 8.317 8.412 8.520 8.636 8.692 8.745 8.833 8.906 8.964 9.011 9.050 9.079 9.094 9.097 9.082 9.068 9.065 9.061 9.055 9.044 9.031 9.015 8.995 8.969 8.928 8.884 8.845 8.802 8.755 8.703 8.649 8.594 8.540 8.489 8.428 8.371 8.330 8.292 8.255 8.219 8.182 8.143 8.101 8.055 7.996 7.937 7.888 7.841 7.796 7.753 7.713 7.675 7.640 7.607 7.568 7.534
6.867 6.921 6.978 7.039 7.114 7.198 7.295 7.398 7.505 7.611 7.712 7.799 7.888 7.995 8.101 8.200 8.294 8.384 8.476 8.598 8.716 8.762 8.809 8.890 8.955 9.006 9.048 9.082 9.106 9.115 9.112 9.096 9.080 9.075 9.069 9.061 9.050 9.036 9.018 8.996 8.968 8.927 8.881 8.841 8.796 8.747 8.693 8.637 8.581 8.527 8.475 8.413 8.355 8.313 8.274 8.237 8.199 8.161 8.121 8.077 8.029 7.970 7.911 7.863 7.817 7.773 7.731 7.693 7.658 7.625 7.593 7.556 7.524
6.908 6.963 7.022 7.086 7.163 7.251 7.349 7.454 7.564 7.674 7.776 7.862 7.950 8.060 8.169 8.272 8.367 8.462 8.565 8.684 8.786 8.827 8.870 8.942 9.000 9.046 9.081 9.110 9.128 9.132 9.127 9.109 9.092 9.085 9.077 9.068 9.055 9.039 9.020 8.996 8.967 8.924 8.877 8.835 8.788 8.737 8.682 8.625 8.568 8.513 8.460 8.397 8.337 8.295 8.255 8.217 8.178 8.138 8.097 8.052 8.003 7.944 7.885 7.838 7.793 7.751 7.712 7.676 7.642 7.610 7.580 7.545 7.514
6.954 7.012 7.073 7.138 7.217 7.306 7.404 7.511 7.623 7.736 7.841 7.925 8.013 8.127 8.241 8.347 8.447 8.549 8.656 8.763 8.852 8.888 8.927 8.991 9.042 9.081 9.111 9.134 9.146 9.147 9.142 9.122 9.103 9.094 9.085 9.074 9.060 9.042 9.021 8.995 8.965 8.920 8.872 8.827 8.779 8.726 8.669 8.611 8.553 8.497 8.442 8.378 8.318 8.274 8.234 8.195 8.155 8.114 8.071 8.025 7.977 7.918 7.860 7.815 7.772 7.731 7.694 7.659 7.627 7.597 7.568 7.535 7.506
7.005 7.065 7.127 7.195 7.274 7.363 7.460 7.567 7.682 7.798 7.905 7.989 8.078 8.199 8.316 8.426 8.533 8.637 8.739 8.835 8.912 8.945 8.979 9.034 9.079 9.113 9.138 9.155 9.163 9.162 9.155 9.134 9.114 9.104 9.093 9.081 9.064 9.045 9.022 8.994 8.962 8.916 8.865 8.819 8.769 8.714 8.655 8.596 8.536 8.479 8.423 8.358 8.297 8.252 8.211 8.171 8.130 8.088 8.045 7.999 7.951 7.893 7.837 7.793 7.751 7.713 7.677 7.643 7.613 7.584 7.557 7.526 7.497
7.062 7.123 7.187 7.255 7.334 7.422 7.518 7.624 7.740 7.859 7.972 8.056 8.147 8.272 8.393 8.508 8.617 8.720 8.816 8.901 8.968 8.997 9.026 9.074 9.112 9.142 9.161 9.174 9.179 9.176 9.168 9.147 9.125 9.114 9.101 9.087 9.069 9.047 9.022 8.992 8.958 8.911 8.858 8.810 8.757 8.700 8.640 8.578 8.518 8.459 8.402 8.335 8.274 8.228 8.186 8.146 8.104 8.062 8.018 7.973 7.925 7.869 7.814 7.772 7.732 7.695 7.661 7.629 7.600 7.572 7.547 7.517 7.490
7.121 7.184 7.248 7.316 7.396 7.483 7.576 7.680 7.798 7.922 8.042 8.126 8.218 8.347 8.472 8.589 8.696 8.796 8.886 8.962 9.021 9.045 9.069 9.110 9.143 9.167 9.183 9.192 9.194 9.190 9.181 9.159 9.136 9.123 9.109 9.093 9.073 9.049 9.022 8.990 8.954 8.904 8.849 8.799 8.744 8.684 8.622 8.559 8.496 8.436 8.378 8.311 8.248 8.203 8.160 8.119 8.077 8.035 7.991 7.946 7.900 7.845 7.793 7.752 7.714 7.679 7.645 7.615 7.587 7.561 7.537 7.509 7.483
7.182 7.245 7.310 7.379 7.459 7.543 7.635 7.738 7.858 7.989 8.116 8.200 8.292 8.427 8.552 8.667 8.771 8.866 8.950 9.018 9.068 9.088 9.108 9.142 9.169 9.190 9.202 9.208 9.209 9.204 9.194 9.170 9.147 9.133 9.117 9.099 9.076 9.050 9.021 8.988 8.950 8.897 8.839 8.786 8.728 8.667 8.602 8.536 8.472 8.411 8.352 8.285 8.222 8.176 8.133 8.091 8.049 8.007 7.965 7.921 7.876 7.823 7.772 7.733 7.697 7.663 7.631 7.602 7.575 7.551 7.528 7.501 7.476
7.243 7.307 7.372 7.442 7.521 7.606 7.696 7.800 7.923 8.060 8.192 8.276 8.370 8.505 8.627 8.738 8.838 8.928 9.006 9.065 9.108 9.125 9.141 9.169 9.192 9.210 9.220 9.224 9.223 9.217 9.206 9.182 9.157 9.141 9.124 9.104 9.080 9.052 9.020 8.985 8.944 8.889 8.828 8.771 8.710 8.646 8.578 8.511 8.445 8.383 8.324 8.256 8.193 8.147 8.104 8.062 8.021 7.980 7.939 7.896 7.852 7.801 7.752 7.714 7.679 7.647 7.617 7.589 7.564 7.541 7.519 7.493 7.469
