version2/TsunamiDB/out54094.asc
ncols          264
nrows          230
xllcorner      497853.4375
yllcorner      4229146.0000
cellsize         5.
NODATA_value   -99
[rows 136 to 169 of 230, columns 77 to 153 of 264]
5.930 5.942 5.954 5.967 5.981 5.994 6.008 6.021 6.035 6.048 6.061 6.074 6.086 6.099 6.111 6.122 6.134 6.145 6.155 6.166 6.176 6.186 6.196 6.206 6.215 6.223 6.232 6.242 6.251 6.261 6.271 6.282 6.292 6.302 6.313 6.323 6.333 6.343 6.353 6.363 6.373 6.382 6.391 6.400 6.409 6.417 6.426 6.433 6.440 6.447 6.454 6.462 6.470 6.478 6.486 6.494 6.502 6.511 6.520 6.528 6.537 6.546 6.555 6.564 6.573 6.582 6.591 6.601 6.610 6.620 6.629 6.638 6.648 6.659 6.670 6.681 6.693
5.937 5.948 5.960 5.973 5.986 5.999 6.013 6.026 6.039 6.052 6.065 6.078 6.091 6.103 6.115 6.127 6.139 6.150 6.161 6.172 6.182 6.192 6.202 6.212 6.221 6.230 6.239 6.248 6.258 6.268 6.278 6.288 6.298 6.309 6.319 6.329 6.340 6.350 6.360 6.370 6.380 6.389 6.399 6.408 6.417 6.425 6.434 6.441 6.448 6.455 6.462 6.469 6.477 6.485 6.492 6.500 6.509 6.517 6.525 6.534 6.542 6.551 6.560 6.569 6.577 6.586 6.595 6.604 6.614 6.623 6.631 6.640 6.649 6.659 6.669 6.680 6.692
5.945 5.955 5.967 5.980 5.992 6.005 6.018 6.031 6.044 6.057 6.070 6.083 6.095 6.108 6.120 6.132 6.144 6.155 6.166 6.177 6.188 6.198 6.208 6.218 6.227 6.236 6.245 6.254 6.264 6.274 6.284 6.294 6.304 6.315 6.325 6.336 6.346 6.356 6.367 6.377 6.387 6.396 6.406 6.415 6.424 6.433 6.442 6.449 6.455 6.462 6.469 6.477 6.484 6.492 6.499 6.507 6.515 6.523 6.532 6.540 6.548 6.557 6.565 6.574 6.582 6.591 6.600 6.609 6.618 6.627 6.635 6.643 6.652 6.661 6.671 6.681 6.692
5.953 5.963 5.975 5.987 5.999 6.012 6.024 6.037 6.050 6.062 6.075 6.088 6.100 6.113 6.125 6.137 6.148 6.160 6.171 6.182 6.193 6.204 6.214 6.224 6.232 6.241 6.250 6.260 6.270 6.280 6.290 6.300 6.310 6.320 6.331 6.341 6.352 6.362 6.373 6.383 6.393 6.403 6.413 6.422 6.432 6.441 6.449 6.456 6.463 6.470 6.477 6.484 6.492 6.499 6.507 6.514 6.522 6.530 6.538 6.546 6.554 6.563 6.571 6.580 6.588 6.597 6.605 6.614 6.623 6.632 6.640 6.648 6.656 6.665 6.674 6.684 6.694
5.962 5.972 5.983 5.995 6.007 6.019 6.031 6.043 6.056 6.068 6.080 6.093 6.105 6.117 6.130 6.142 6.153 6.165 6.176 6.187 6.198 6.209 6.220 6.229 6.238 6.247 6.256 6.265 6.275 6.285 6.295 6.305 6.315 6.326 6.336 6.347 6.357 6.368 6.378 6.389 6.399 6.409 6.419 6.429 6.438 6.448 6.456 6.463 6.470 6.477 6.485 6.492 6.499 6.506 6.514 6.521 6.529 6.537 6.545 6.553 6.561 6.569 6.577 6.586 6.594 6.603 6.611 6.620 6.629 6.637 6.645 6.653 6.661 6.670 6.679 6.688 6.698
5.971 5.982 5.992 6.004 6.015 6.027 6.038 6.050 6.062 6.074 6.086 6.099 6.111 6.123 6.135 6.147 6.158 6.170 6.181 6.192 6.203 6.214 6.225 6.234 6.243 6.252 6.261 6.271 6.280 6.290 6.300 6.310 6.320 6.331 6.341 6.352 6.362 6.373 6.384 6.394 6.405 6.415 6.425 6.435 6.445 6.454 6.463 6.470 6.477 6.485 6.492 6.499 6.507 6.514 6.521 6.529 6.536 6.544 6.552 6.559 6.568 6.576 6.584 6.592 6.601 6.609 6.618 6.627 6.635 6.644 6.651 6.659 6.667 6.675 6.684 6.693 6.703
5.981 5.991 6.002 6.013 6.024 6.035 6.047 6.058 6.070 6.081 6.093 6.105 6.117 6.129 6.141 6.152 6.164 6.175 6.187 6.198 6.209 6.219 6.230 6.239 6.248 6.257 6.267 6.276 6.286 6.295 6.305 6.315 6.325 6.336 6.346 6.357 6.367 6.378 6.389 6.399 6.410 6.420 6.431 6.441 6.451 6.460 6.469 6.477 6.484 6.492 6.499 6.507 6.514 6.521 6.528 6.536 6.543 6.551 6.559 6.566 6.574 6.583 6.591 6.599 6.608 6.616 6.625 6.633 6.642 6.650 6.658 6.666 6.674 6.682 6.691 6.700 6.709
5.991 6.002 6.012 6.023 6.034 6.045 6.056 6.067 6.078 6.089 6.101 6.112 6.124 6.135 6.147 6.158 6.170 6.181 6.192 6.203 6.214 6.225 6.235 6.245 6.254 6.263 6.272 6.281 6.291 6.301 6.310 6.320 6.330 6.340 6.351 6.361 6.372 6.383 6.393 6.404 6.415 6.425 6.436 6.446 6.456 6.466 6.475 6.483 6.491 6.498 6.506 6.513 6.521 6.528 6.536 6.543 6.550 6.558 6.566 6.573 6.581 6.590 6.598 6.606 6.615 6.623 6.632 6.641 6.649 6.658 6.665 6.673 6.681 6.689 6.698 6.707 6.716
6.001 6.012 6.022 6.033 6.043 6.054 6.065 6.076 6.087 6.098 6.109 6.120 6.131 6.142 6.154 6.165 6.176 6.187 6.198 6.209 6.220 6.230 6.241 6.250 6.259 6.268 6.277 6.287 6.296 6.306 6.315 6.325 6.335 6.345 6.356 6.366 6.376 6.387 6.398 6.409 6.419 6.430 6.441 6.451 6.461 6.472 6.481 6.489 6.497 6.505 6.513 6.520 6.528 6.535 6.543 6.550 6.558 6.565 6.573 6.581 6.589 6.597 6.605 6.613 6.622 6.630 6.639 6.648 6.657 6.665 6.673 6.681 6.689 6.697 6.705 6.714 6.723
6.011 6.021 6.032 6.043 6.053 6.064 6.075 6.085 6.096 6.107 6.117 6.128 6.139 6.150 6.161 6.172 6.183 6.194 6.205 6.216 6.226 6.237 6.247 6.256 6.265 6.274 6.283 6.292 6.302 6.311 6.321 6.330 6.340 6.350 6.360 6.371 6.381 6.392 6.402 6.413 6.424 6.435 6.445 6.456 6.466 6.477 6.486 6.494 6.503 6.511 6.519 6.527 6.534 6.542 6.550 6.557 6.565 6.572 6.580 6.588 6.596 6.604 6.612 6.621 6.629 6.638 6.647 6.656 6.665 6.673 6.681 6.689 6.697 6.705 6.714 6.722 6.731
6.021 6.031 6.042 6.053 6.063 6.074 6.084 6.095 6.105 6.116 6.127 6.137 6.148 6.158 6.169 6.180 6.191 6.201 6.212 6.222 6.233 6.243 6.254 6.263 6.271 6.280 6.289 6.298 6.308 6.317 6.326 6.336 6.346 6.355 6.365 6.375 6.386 6.396 6.407 6.418 6.428 6.439 6.450 6.460 6.471 6.482 6.491 6.500 6.508 6.517 6.525 6.533 6.541 6.549 6.556 6.564 6.572 6.579 6.587 6.595 6.603 6.611 6.619 6.628 6.637 6.646 6.654 6.664 6.673 6.681 6.689 6.697 6.706 6.714 6.722 6.731 6.740
6.030 6.040 6.051 6.062 6.073 6.084 6.094 6.105 6.115 6.126 6.136 6.146 6.157 6.167 6.178 6.188 6.199 6.209 6.220 6.230 6.240 6.250 6.261 6.270 6.278 6.287 6.296 6.305 6.314 6.323 6.332 6.342 6.351 6.361 6.370 6.380 6.391 6.401 6.411 6.422 6.433 6.444 6.454 6.465 6.476 6.486 6.496 6.505 6.514 6.522 6.531 6.539 6.547 6.555 6.563 6.571 6.578 6.586 6.594 6.602 6.610 6.618 6.627 6.635 6.644 6.653 6.662 6.672 6.681 6.690 6.698 6.706 6.714 6.723 6.731 6.740 6.749
6.038 6.049 6.060 6.071 6.082 6.093 6.104 6.114 6.125 6.135 6.145 6.156 6.166 6.176 6.186 6.197 6.207 6.217 6.228 6.238 6.248 6.258 6.268 6.277 6.285 6.294 6.303 6.312 6.321 6.330 6.339 6.348 6.357 6.366 6.376 6.386 6.396 6.406 6.416 6.427 6.437 6.448 6.459 6.470 6.480 6.491 6.501 6.510 6.519 6.528 6.536 6.545 6.553 6.561 6.569 6.577 6.585 6.593 6.601 6.609 6.617 6.626 6.634 6.643 6.652 6.661 6.670 6.680 6.689 6.698 6.706 6.715 6.723 6.732 6.741 6.749 6.758
6.046 6.057 6.069 6.080 6.091 6.102 6.113 6.124 6.134 6.145 6.155 6.165 6.175 6.185 6.195 6.206 6.216 6.226 6.236 6.246 6.256 6.266 6.276 6.285 6.293 6.302 6.310 6.319 6.328 6.336 6.345 6.354 6.363 6.372 6.382 6.391 6.401 6.411 6.421 6.432 6.442 6.453 6.463 6.474 6.485 6.496 6.506 6.515 6.524 6.533 6.542 6.550 6.559 6.567 6.576 6.584 6.592 6.600 6.608 6.616 6.624 6.633 6.641 6.650 6.659 6.669 6.678 6.688 6.698 6.707 6.715 6.724 6.732 6.741 6.750 6.759 6.768
6.054 6.065 6.077 6.088 6.100 6.111 6.122 6.133 6.143 6.154 6.164 6.174 6.184 6.194 6.204 6.215 6.225 6.235 6.245 6.255 6.265 6.274 6.284 6.293 6.301 6.309 6.318 6.327 6.335 6.344 6.352 6.361 6.370 6.379 6.388 6.397 6.407 6.416 6.426 6.437 6.447 6.458 6.468 6.479 6.490 6.501 6.511 6.520 6.529 6.538 6.547 6.556 6.565 6.573 6.582 6.590 6.598 6.607 6.615 6.623 6.631 6.640 6.649 6.658 6.667 6.676 6.686 6.696 6.706 6.715 6.724 6.732 6.741 6.750 6.759 6.768 6.778
6.062 6.073 6.085 6.096 6.108 6.119 6.130 6.141 6.152 6.163 6.173 6.183 6.193 6.203 6.213 6.223 6.233 6.243 6.253 6.263 6.273 6.283 6.293 6.301 6.309 6.318 6.326 6.335 6.343 6.352 6.360 6.369 6.377 6.386 6.395 6.404 6.413 6.422 6.432 6.442 6.452 6.463 6.473 6.484 6.495 6.505 6.515 6.525 6.534 6.543 6.552 6.561 6.570 6.579 6.588 6.596 6.605 6.613 6.622 6.630 6.638 6.647 6.656 6.665 6.675 6.684 6.694 6.704 6.714 6.724 6.732 6.741 6.750 6.759 6.769 6.778 6.787
6.069 6.080 6.092 6.104 6.116 6.127 6.139 6.150 6.161 6.171 6.182 6.192 6.202 6.212 6.222 6.232 6.242 6.252 6.262 6.272 6.282 6.292 6.301 6.310 6.318 6.326 6.335 6.343 6.351 6.360 6.368 6.376 6.385 6.393 6.402 6.410 6.419 6.429 6.438 6.448 6.458 6.468 6.478 6.489 6.500 6.510 6.520 6.529 6.539 6.548 6.558 6.567 6.576 6.585 6.594 6.603 6.611 6.620 6.628 6.637 6.645 6.654 6.663 6.673 6.682 6.692 6.702 6.712 6.722 6.732 6.741 6.750 6.759 6.768 6.778 6.787 6.797
6.077 6.088 6.100 6.112 6.123 6.135 6.146 6.158 6.169 6.179 6.190 6.200 6.211 6.221 6.231 6.241 6.251 6.261 6.271 6.281 6.291 6.300 6.310 6.319 6.327 6.335 6.343 6.352 6.360 6.368 6.376 6.385 6.393 6.401 6.409 6.418 6.426 6.435 6.444 6.454 6.464 6.474 6.484 6.494 6.505 6.515 6.525 6.534 6.544 6.553 6.563 6.572 6.582 6.591 6.600 6.609 6.618 6.626 6.635 6.644 6.652 6.661 6.671 6.680 6.690 6.699 6.710 6.720 6.731 6.740 6.749 6.758 6.768 6.778 6.787 6.797 6.807
6.085 6.096 6.108 6.119 6.131 6.143 6.154 6.165 6.176 6.187 6.198 6.208 6.219 6.229 6.239 6.249 6.259 6.269 6.279 6.289 6.299 6.309 6.319 6.327 6.335 6.343 6.352 6.360 6.369 6.377 6.385 6.393 6.401 6.409 6.417 6.425 6.434 6.442 6.451 6.460 6.470 6.480 6.490 6.500 6.510 6.521 6.530 6.540 6.549 6.559 6.568 6.578 6.587 6.597 6.606 6.615 6.624 6.633 6.642 6.650 6.659 6.669 6.678 6.687 6.697 6.707 6.718 6.728 6.739 6.748 6.757 6.767 6.777 6.786 6.796 6.806 6.816
6.094 6.105 6.116 6.127 6.139 6.150 6.162 6.173 6.184 6.195 6.206 6.216 6.227 6.237 6.247 6.257 6.268 6.278 6.288 6.298 6.308 6.318 6.327 6.335 6.344 6.352 6.361 6.369 6.377 6.386 6.394 6.402 6.410 6.418 6.425 6.433 6.442 6.450 6.458 6.467 6.476 6.486 6.496 6.506 6.516 6.526 6.536 6.545 6.554 6.564 6.574 6.583 6.593 6.602 6.612 6.621 6.630 6.639 6.648 6.657 6.666 6.676 6.685 6.695 6.705 6.715 6.725 6.736 6.747 6.756 6.766 6.775 6.785 6.795 6.805 6.815 6.825
6.104 6.114 6.125 6.136 6.147 6.158 6.170 6.181 6.192 6.203 6.213 6.224 6.235 6.245 6.255 6.265 6.275 6.286 6.296 6.306 6.316 6.326 6.335 6.343 6.352 6.360 6.369 6.378 6.386 6.395 6.403 6.411 6.418 6.426 6.434 6.442 6.450 6.458 6.466 6.474 6.483 6.493 6.502 6.512 6.522 6.532 6.541 6.550 6.560 6.569 6.579 6.589 6.599 6.608 6.618 6.627 6.636 6.646 6.655 6.664 6.673 6.683 6.692 6.702 6.712 6.722 6.733 6.744 6.754 6.764 6.774 6.784 6.794 6.804 6.814 6.824 6.835
6.115 6.125 6.135 6.146 6.156 6.167 6.178 6.189 6.200 6.211 6.221 6.232 6.242 6.253 6.263 6.273 6.283 6.293 6.303 6.314 6.324 6.334 6.343 6.351 6.360 6.369 6.377 6.386 6.395 6.403 6.411 6.419 6.427 6.435 6.443 6.450 6.458 6.466 6.474 6.482 6.491 6.500 6.509 6.518 6.529 6.538 6.547 6.556 6.565 6.575 6.585 6.595 6.604 6.614 6.624 6.633 6.643 6.652 6.662 6.671 6.680 6.690 6.700 6.710 6.720 6.730 6.741 6.752 6.762 6.772 6.782 6.792 6.802 6.813 6.823 6.833 6.844
6.129 6.138 6.147 6.157 6.167 6.177 6.188 6.198 6.209 6.219 6.229 6.240 6.250 6.260 6.271 6.281 6.291 6.301 6.311 6.321 6.331 6.341 6.351 6.359 6.368 6.377 6.386 6.395 6.403 6.412 6.420 6.428 6.436 6.444 6.452 6.459 6.467 6.474 6.482 6.490 6.498 6.507 6.516 6.525 6.535 6.544 6.553 6.562 6.571 6.581 6.591 6.600 6.610 6.620 6.630 6.640 6.649 6.659 6.668 6.678 6.688 6.697 6.707 6.717 6.727 6.738 6.749 6.760 6.770 6.780 6.790 6.800 6.811 6.821 6.832 6.842 6.853
6.145 6.152 6.161 6.170 6.179 6.188 6.198 6.208 6.218 6.228 6.238 6.248 6.258 6.268 6.278 6.288 6.298 6.309 6.319 6.329 6.339 6.349 6.358 6.367 6.375 6.384 6.394 6.403 6.411 6.420 6.429 6.437 6.445 6.453 6.460 6.468 6.475 6.483 6.490 6.498 6.506 6.515 6.523 6.532 6.542 6.551 6.559 6.568 6.577 6.587 6.596 6.606 6.616 6.626 6.636 6.646 6.656 6.666 6.675 6.685 6.695 6.705 6.715 6.725 6.735 6.745 6.756 6.768 6.778 6.788 6.798 6.809 6.819 6.830 6.840 6.851 6.861
6.163 6.169 6.176 6.184 6.193 6.201 6.210 6.219 6.229 6.238 6.248 6.258 6.267 6.277 6.287 6.297 6.306 6.316 6.326 6.336 6.346 6.356 6.365 6.374 6.383 6.392 6.401 6.410 6.419 6.428 6.437 6.445 6.454 6.461 6.469 6.477 6.484 6.492 6.499 6.507 6.514 6.522 6.531 6.540 6.549 6.557 6.565 6.574 6.583 6.593 6.603 6.613 6.623 6.633 6.643 6.653 6.663 6.672 6.682 6.692 6.702 6.712 6.722 6.732 6.743 6.753 6.764 6.775 6.786 6.796 6.807 6.817 6.828 6.838 6.849 6.860 6.870
6.182 6.188 6.194 6.201 6.209 6.216 6.224 6.233 6.241 6.250 6.259 6.268 6.277 6.286 6.296 6.305 6.315 6.324 6.334 6.344 6.354 6.364 6.373 6.381 6.390 6.399 6.409 6.418 6.427 6.436 6.445 6.454 6.462 6.470 6.478 6.485 6.493 6.500 6.508 6.515 6.523 6.531 6.539 6.547 6.556 6.564 6.572 6.581 6.590 6.599 6.609 6.619 6.629 6.639 6.649 6.659 6.669 6.679 6.689 6.699 6.709 6.720 6.730 6.740 6.751 6.761 6.772 6.784 6.794 6.805 6.815 6.825 6.836 6.847 6.857 6.868 6.879
6.204 6.209 6.214 6.220 6.227 6.233 6.240 6.248 6.255 6.263 6.271 6.280 6.288 6.297 6.306 6.315 6.324 6.333 6.342 6.352 6.362 6.371 6.380 6.389 6.398 6.407 6.416 6.425 6.435 6.444 6.453 6.462 6.470 6.478 6.486 6.494 6.502 6.509 6.516 6.524 6.531 6.539 6.547 6.555 6.563 6.571 6.579 6.588 6.596 6.606 6.615 6.625 6.635 6.646 6.656 6.666 6.676 6.686 6.697 6.707 6.717 6.727 6.737 6.748 6.758 6.769 6.780 6.792 6.803 6.813 6.823 6.834 6.845 6.855 6.866 6.877 6.888
6.226 6.231 6.236 6.241 6.246 6.252 6.258 6.265 6.272 6.279 6.286 6.293 6.301 6.309 6.317 6.326 6.334 6.343 6.352 6.361 6.370 6.380 6.388 6.397 6.405 6.414 6.423 6.433 6.442 6.451 6.460 6.469 6.478 6.486 6.495 6.503 6.510 6.518 6.525 6.532 6.540 6.547 6.555 6.563 6.571 6.579 6.586 6.595 6.603 6.613 6.622 6.632 6.642 6.652 6.663 6.673 6.683 6.694 6.704 6.714 6.725 6.735 6.745 6.756 6.767 6.777 6.789 6.800 6.811 6.821 6.832 6.842 6.853 6.864 6.875 6.886 6.896
6.249 6.254 6.258 6.263 6.268 6.273 6.278 6.284 6.290 6.296 6.302 6.309 6.316 6.323 6.330 6.338 6.346 6.354 6.362 6.371 6.379 6.388 6.397 6.405 6.413 6.422 6.431 6.440 6.450 6.459 6.468 6.477 6.486 6.495 6.503 6.511 6.519 6.526 6.534 6.541 6.548 6.556 6.563 6.571 6.579 6.587 6.594 6.602 6.610 6.619 6.629 6.639 6.649 6.659 6.670 6.680 6.690 6.701 6.711 6.722 6.732 6.743 6.753 6.764 6.775 6.786 6.797 6.808 6.820 6.830 6.840 6.851 6.862 6.873 6.884 6.894 6.905
6.272 6.276 6.281 6.286 6.291 6.295 6.300 6.305 6.310 6.315 6.321 6.327 6.333 6.339 6.345 6.352 6.359 6.366 6.374 6.382 6.390 6.398 6.406 6.414 6.422 6.430 6.439 6.448 6.457 6.467 6.476 6.485 6.494 6.502 6.511 6.519 6.527 6.535 6.542 6.550 6.557 6.564 6.571 6.579 6.587 6.595 6.602 6.609 6.618 6.627 6.636 6.646 6.656 6.666 6.677 6.687 6.698 6.708 6.719 6.730 6.740 6.751 6.762 6.772 6.783 6.794 6.806 6.817 6.828 6.839 6.849 6.860 6.871 6.882 6.893 6.903 6.914
6.293 6.299 6.304 6.309 6.313 6.318 6.323 6.327 6.332 6.337 6.341 6.346 6.352 6.357 6.362 6.368 6.374 6.381 6.387 6.395 6.402 6.410 6.417 6.424 6.431 6.440 6.448 6.457 6.466 6.475 6.484 6.493 6.502 6.510 6.519 6.527 6.535 6.543 6.551 6.558 6.565 6.573 6.580 6.587 6.595 6.603 6.610 6.617 6.625 6.634 6.643 6.653 6.663 6.673 6.684 6.694 6.705 6.716 6.727 6.737 6.748 6.759 6.770 6.781 6.792 6.803 6.814 6.826 6.837 6.848 6.858 6.869 6.880 6.891 6.902 6.913 6.924
6.313 6.320 6.325 6.331 6.336 6.341 6.346 6.350 6.355 6.359 6.363 6.368 6.372 6.377 6.382 6.387 6.392 6.397 6.403 6.409 6.416 6.423 6.429 6.435 6.442 6.450 6.458 6.466 6.475 6.483 6.492 6.501 6.510 6.519 6.527 6.535 6.544 6.552 6.559 6.567 6.574 6.581 6.589 6.596 6.604 6.611 6.618 6.625 6.633 6.642 6.651 6.660 6.670 6.681 6.691 6.702 6.713 6.724 6.734 6.745 6.756 6.767 6.778 6.789 6.800 6.812 6.823 6.835 6.846 6.857 6.867 6.878 6.889 6.900 6.911 6.922 6.933
6.332 6.339 6.346 6.352 6.358 6.363 6.368 6.373 6.377 6.382 6.386 6.390 6.394 6.398 6.403 6.407 6.411 6.416 6.421 6.426 6.432 6.438 6.443 6.448 6.454 6.461 6.469 6.476 6.484 6.493 6.501 6.510 6.519 6.527 6.536 6.544 6.552 6.560 6.568 6.575 6.583 6.590 6.597 6.605 6.612 6.619 6.626 6.633 6.641 6.649 6.658 6.668 6.678 6.688 6.699 6.709 6.720 6.731 6.742 6.753 6.765 6.776 6.787 6.798 6.809 6.821 6.832 6.844 6.855 6.866 6.877 6.887 6.898 6.909 6.921 6.932 6.943
6.349 6.357 6.364 6.371 6.378 6.384 6.390 6.395 6.400 6.405 6.409 6.413 6.417 6.421 6.425 6.429 6.432 6.436 6.441 6.445 6.449 6.454 6.459 6.463 6.469 6.474 6.481 6.488 6.495 6.503 6.511 6.520 6.528 6.536 6.545 6.553 6.561 6.569 6.577 6.584 6.592 6.599 6.606 6.614 6.621 6.628 6.634 6.642 6.649 6.658 6.666 6.676 6.686 6.696 6.706 6.717 6.728 6.739 6.750 6.762 6.773 6.784 6.795 6.807 6.818 6.830 6.841 6.853 6.864 6.875 6.886 6.897 6.908 6.919 6.931 6.942 6.953
