version2/TsunamiDB/out54050.asc
ncols          264
nrows          230
xllcorner      497853.4375
yllcorner      4229146.0000
cellsize         5.
NODATA_value   -99
[rows 0 to 32 of 230, columns 146 to 218 of 264]
4.284 4.332 4.379 4.424 4.469 4.513 4.557 4.600 4.642 4.683 4.725 4.767 4.807 4.847 4.886 4.924 4.960 4.996 5.030 5.063 5.094 5.124 5.152 5.179 5.204 5.229 5.252 5.273 5.294 5.314 5.333 5.350 5.367 5.385 5.403 5.421 5.439 5.458 5.478 5.499 5.520 5.543 5.566 5.589 5.614 5.639 5.664 5.690 5.716 5.743 5.769 5.796 5.823 5.851 5.877 5.904 5.931 5.958 5.986 6.014 6.042 6.070 6.098 6.126 6.154 6.182 6.210 6.238 6.265 6.293 6.320 6.347 6.373
4.306 4.352 4.398 4.442 4.486 4.529 4.571 4.614 4.654 4.695 4.736 4.777 4.817 4.857 4.895 4.934 4.971 5.007 5.042 5.075 5.107 5.138 5.168 5.196 5.222 5.247 5.271 5.293 5.314 5.334 5.353 5.370 5.387 5.404 5.420 5.437 5.454 5.472 5.490 5.509 5.529 5.550 5.571 5.594 5.617 5.642 5.666 5.692 5.717 5.743 5.770 5.796 5.823 5.850 5.876 5.902 5.929 5.957 5.984 6.012 6.040 6.068 6.096 6.124 6.152 6.180 6.208 6.236 6.264 6.292 6.320 6.348 6.375
4.327 4.373 4.417 4.460 4.503 4.545 4.586 4.627 4.666 4.706 4.746 4.786 4.826 4.865 4.904 4.942 4.980 5.016 5.052 5.086 5.119 5.151 5.182 5.211 5.238 5.264 5.289 5.312 5.334 5.355 5.374 5.392 5.408 5.424 5.440 5.456 5.472 5.487 5.504 5.521 5.539 5.558 5.579 5.600 5.622 5.645 5.669 5.694 5.719 5.744 5.770 5.797 5.823 5.850 5.876 5.902 5.929 5.956 5.983 6.011 6.038 6.066 6.094 6.122 6.150 6.178 6.206 6.234 6.263 6.291 6.319 6.348 6.376
4.349 4.393 4.436 4.479 4.520 4.560 4.601 4.640 4.679 4.717 4.756 4.795 4.834 4.873 4.911 4.949 4.987 5.024 5.060 5.095 5.129 5.162 5.194 5.224 5.253 5.280 5.306 5.331 5.354 5.375 5.395 5.413 5.430 5.446 5.462 5.477 5.491 5.506 5.521 5.536 5.552 5.570 5.588 5.608 5.628 5.650 5.673 5.697 5.721 5.746 5.771 5.797 5.823 5.850 5.876 5.901 5.928 5.955 5.982 6.009 6.037 6.064 6.092 6.120 6.148 6.176 6.204 6.233 6.261 6.290 6.319 6.347 6.376
4.370 4.414 4.456 4.497 4.537 4.577 4.615 4.654 4.691 4.728 4.767 4.804 4.842 4.880 4.918 4.956 4.993 5.030 5.067 5.102 5.137 5.171 5.204 5.235 5.265 5.294 5.321 5.347 5.371 5.394 5.416 5.434 5.452 5.469 5.484 5.499 5.513 5.527 5.540 5.554 5.568 5.584 5.600 5.617 5.636 5.657 5.678 5.700 5.724 5.748 5.773 5.798 5.824 5.850 5.876 5.901 5.928 5.955 5.982 6.009 6.036 6.063 6.091 6.119 6.147 6.175 6.203 6.231 6.260 6.289 6.318 6.347 6.376
4.392 4.434 4.475 4.516 4.555 4.593 4.631 4.668 4.704 4.740 4.777 4.814 4.850 4.887 4.924 4.961 4.998 5.035 5.072 5.108 5.143 5.178 5.211 5.244 5.275 5.305 5.334 5.361 5.387 5.411 5.434 5.455 5.473 5.491 5.507 5.522 5.536 5.550 5.562 5.575 5.587 5.600 5.615 5.630 5.647 5.665 5.685 5.706 5.728 5.751 5.775 5.800 5.825 5.851 5.876 5.902 5.928 5.954 5.981 6.008 6.035 6.063 6.090 6.118 6.145 6.173 6.202 6.230 6.259 6.288 6.317 6.347 6.376
4.413 4.455 4.495 4.534 4.572 4.610 4.646 4.683 4.717 4.752 4.788 4.823 4.859 4.894 4.930 4.967 5.003 5.039 5.076 5.112 5.147 5.183 5.217 5.250 5.283 5.314 5.344 5.373 5.400 5.426 5.451 5.473 5.493 5.512 5.530 5.546 5.560 5.573 5.586 5.597 5.609 5.620 5.632 5.646 5.660 5.676 5.694 5.713 5.734 5.756 5.779 5.803 5.827 5.852 5.877 5.902 5.928 5.955 5.981 6.008 6.035 6.062 6.089 6.117 6.145 6.173 6.201 6.229 6.258 6.287 6.317 6.346 6.376
4.434 4.475 4.515 4.553 4.591 4.627 4.663 4.698 4.731 4.765 4.799 4.833 4.867 4.902 4.937 4.972 5.007 5.043 5.079 5.115 5.150 5.186 5.221 5.255 5.288 5.321 5.352 5.382 5.411 5.439 5.465 5.488 5.510 5.531 5.550 5.568 5.584 5.598 5.610 5.622 5.632 5.643 5.653 5.664 5.676 5.690 5.705 5.722 5.741 5.761 5.783 5.806 5.830 5.854 5.878 5.903 5.929 5.955 5.982 6.008 6.035 6.062 6.089 6.116 6.144 6.172 6.200 6.229 6.257 6.287 6.316 6.346 6.376
4.456 4.496 4.535 4.573 4.609 4.645 4.679 4.713 4.746 4.778 4.811 4.844 4.877 4.910 4.944 4.978 5.012 5.047 5.082 5.117 5.153 5.188 5.223 5.257 5.291 5.325 5.357 5.389 5.419 5.448 5.476 5.501 5.525 5.548 5.569 5.588 5.605 5.621 5.634 5.646 5.657 5.667 5.676 5.686 5.696 5.707 5.720 5.735 5.751 5.769 5.789 5.811 5.834 5.857 5.880 5.905 5.930 5.956 5.982 6.008 6.035 6.062 6.089 6.116 6.144 6.171 6.200 6.228 6.257 6.286 6.316 6.345 6.375
4.477 4.517 4.555 4.592 4.628 4.663 4.696 4.729 4.761 4.792 4.824 4.855 4.887 4.919 4.951 4.984 5.017 5.051 5.085 5.119 5.154 5.189 5.224 5.258 5.293 5.327 5.360 5.393 5.424 5.455 5.484 5.511 5.537 5.561 5.584 5.606 5.625 5.642 5.657 5.670 5.682 5.692 5.701 5.710 5.718 5.728 5.738 5.750 5.764 5.780 5.798 5.817 5.839 5.860 5.882 5.907 5.932 5.957 5.983 6.009 6.035 6.062 6.089 6.116 6.143 6.171 6.199 6.228 6.256 6.286 6.315 6.345 6.375
4.498 4.538 4.576 4.612 4.647 4.681 4.714 4.746 4.777 4.807 4.837 4.868 4.898 4.929 4.960 4.991 5.023 5.056 5.089 5.122 5.156 5.190 5.224 5.259 5.293 5.327 5.361 5.394 5.427 5.458 5.489 5.517 5.545 5.572 5.597 5.620 5.641 5.660 5.678 5.693 5.706 5.717 5.727 5.735 5.743 5.751 5.759 5.769 5.780 5.793 5.809 5.826 5.845 5.865 5.886 5.909 5.934 5.959 5.984 6.010 6.036 6.062 6.089 6.116 6.143 6.171 6.199 6.227 6.256 6.285 6.315 6.345 6.375
4.519 4.558 4.596 4.632 4.667 4.700 4.732 4.764 4.793 4.823 4.852 4.881 4.911 4.940 4.970 5.000 5.031 5.062 5.094 5.126 5.158 5.191 5.225 5.258 5.292 5.326 5.360 5.394 5.427 5.460 5.491 5.521 5.550 5.578 5.605 5.630 5.654 5.675 5.695 5.712 5.727 5.740 5.751 5.760 5.768 5.776 5.783 5.790 5.799 5.810 5.822 5.837 5.854 5.872 5.892 5.913 5.937 5.961 5.985 6.011 6.037 6.063 6.089 6.116 6.143 6.171 6.199 6.227 6.256 6.285 6.315 6.345 6.375
4.540 4.579 4.616 4.652 4.686 4.719 4.751 4.782 4.811 4.839 4.868 4.896 4.925 4.953 4.982 5.011 5.040 5.070 5.100 5.130 5.162 5.193 5.226 5.258 5.292 5.325 5.359 5.393 5.426 5.459 5.491 5.521 5.552 5.582 5.610 5.637 5.663 5.687 5.708 5.728 5.746 5.761 5.774 5.785 5.793 5.801 5.808 5.814 5.821 5.829 5.839 5.851 5.866 5.881 5.899 5.919 5.941 5.964 5.988 6.012 6.038 6.064 6.090 6.116 6.143 6.171 6.199 6.227 6.256 6.285 6.314 6.344 6.375
4.560 4.599 4.636 4.671 4.706 4.738 4.770 4.800 4.829 4.857 4.885 4.913 4.940 4.968 4.995 5.023 5.051 5.079 5.108 5.137 5.166 5.197 5.228 5.259 5.291 5.324 5.357 5.390 5.424 5.457 5.489 5.520 5.552 5.582 5.612 5.641 5.668 5.694 5.718 5.740 5.760 5.778 5.793 5.806 5.817 5.826 5.833 5.839 5.845 5.852 5.859 5.869 5.880 5.893 5.908 5.926 5.946 5.968 5.991 6.014 6.039 6.064 6.090 6.117 6.144 6.171 6.199 6.227 6.255 6.284 6.314 6.344 6.375
4.580 4.618 4.655 4.691 4.725 4.758 4.789 4.819 4.847 4.875 4.903 4.930 4.957 4.984 5.010 5.037 5.063 5.090 5.117 5.145 5.173 5.202 5.231 5.261 5.292 5.323 5.355 5.388 5.420 5.453 5.485 5.517 5.549 5.580 5.611 5.641 5.670 5.698 5.724 5.748 5.770 5.791 5.809 5.824 5.837 5.848 5.857 5.864 5.870 5.875 5.882 5.889 5.898 5.908 5.920 5.936 5.954 5.973 5.995 6.017 6.041 6.066 6.091 6.117 6.144 6.171 6.199 6.227 6.255 6.284 6.314 6.344 6.374
4.599 4.637 4.674 4.710 4.744 4.777 4.808 4.838 4.866 4.894 4.922 4.949 4.975 5.001 5.027 5.053 5.078 5.104 5.129 5.155 5.181 5.208 5.236 5.264 5.294 5.324 5.354 5.386 5.417 5.450 5.481 5.512 5.545 5.577 5.608 5.639 5.669 5.698 5.726 5.752 5.777 5.799 5.820 5.838 5.854 5.867 5.878 5.887 5.894 5.899 5.905 5.911 5.918 5.926 5.935 5.948 5.963 5.981 6.000 6.022 6.044 6.068 6.093 6.118 6.144 6.171 6.199 6.227 6.255 6.284 6.314 6.344 6.374
4.617 4.656 4.693 4.728 4.762 4.795 4.827 4.857 4.885 4.914 4.942 4.968 4.995 5.020 5.046 5.070 5.095 5.119 5.143 5.168 5.192 5.218 5.243 5.270 5.297 5.326 5.355 5.385 5.415 5.446 5.477 5.508 5.540 5.572 5.603 5.635 5.666 5.696 5.725 5.753 5.779 5.804 5.827 5.848 5.866 5.882 5.895 5.907 5.915 5.922 5.928 5.934 5.939 5.945 5.953 5.963 5.975 5.991 6.008 6.027 6.048 6.071 6.095 6.120 6.145 6.172 6.199 6.227 6.255 6.284 6.313 6.343 6.374
4.635 4.673 4.710 4.746 4.780 4.813 4.846 4.876 4.905 4.934 4.961 4.989 5.015 5.040 5.065 5.089 5.113 5.136 5.159 5.182 5.206 5.229 5.253 5.278 5.304 5.330 5.357 5.385 5.414 5.444 5.473 5.503 5.535 5.566 5.598 5.629 5.660 5.691 5.721 5.750 5.778 5.805 5.830 5.853 5.874 5.893 5.909 5.923 5.934 5.943 5.950 5.956 5.961 5.966 5.972 5.980 5.990 6.003 6.017 6.035 6.054 6.075 6.098 6.122 6.147 6.172 6.199 6.227 6.255 6.284 6.313 6.343 6.374
4.652 4.690 4.727 4.763 4.797 4.831 4.864 4.894 4.924 4.953 4.981 5.009 5.035 5.061 5.086 5.109 5.133 5.155 5.177 5.199 5.221 5.243 5.266 5.289 5.312 5.337 5.362 5.388 5.415 5.443 5.471 5.500 5.530 5.561 5.592 5.623 5.654 5.685 5.716 5.746 5.775 5.803 5.830 5.855 5.878 5.899 5.918 5.934 5.948 5.960 5.969 5.976 5.982 5.987 5.992 5.998 6.006 6.017 6.029 6.044 6.061 6.081 6.102 6.124 6.149 6.174 6.200 6.227 6.255 6.284 6.313 6.343 6.374
4.668 4.706 4.743 4.779 4.814 4.848 4.881 4.912 4.942 4.972 5.001 5.029 5.056 5.081 5.106 5.130 5.153 5.175 5.197 5.218 5.239 5.260 5.281 5.302 5.324 5.346 5.369 5.393 5.419 5.445 5.471 5.498 5.527 5.556 5.586 5.617 5.648 5.678 5.709 5.740 5.769 5.798 5.826 5.853 5.878 5.902 5.923 5.942 5.959 5.973 5.984 5.994 6.001 6.007 6.011 6.017 6.024 6.032 6.043 6.055 6.070 6.088 6.107 6.128 6.151 6.176 6.201 6.228 6.256 6.284 6.313 6.343 6.373
4.683 4.721 4.758 4.794 4.829 4.864 4.897 4.929 4.960 4.990 5.020 5.048 5.075 5.102 5.127 5.151 5.174 5.196 5.218 5.238 5.259 5.279 5.298 5.318 5.338 5.359 5.380 5.402 5.425 5.449 5.473 5.498 5.525 5.553 5.582 5.611 5.641 5.672 5.702 5.733 5.763 5.792 5.821 5.849 5.876 5.901 5.924 5.945 5.965 5.981 5.995 6.007 6.017 6.024 6.030 6.035 6.042 6.049 6.058 6.068 6.081 6.097 6.114 6.134 6.155 6.179 6.203 6.229 6.256 6.284 6.313 6.343 6.373
4.698 4.735 4.772 4.809 4.844 4.879 4.913 4.945 4.976 5.007 5.037 5.066 5.094 5.121 5.147 5.171 5.195 5.217 5.239 5.260 5.280 5.299 5.318 5.336 5.355 5.374 5.393 5.413 5.434 5.456 5.478 5.501 5.526 5.552 5.579 5.607 5.636 5.666 5.695 5.725 5.755 5.785 5.815 5.843 5.871 5.897 5.922 5.946 5.967 5.986 6.003 6.017 6.029 6.038 6.045 6.052 6.059 6.065 6.073 6.082 6.094 6.107 6.123 6.140 6.161 6.182 6.206 6.231 6.258 6.285 6.314 6.343 6.373
4.712 4.749 4.786 4.822 4.858 4.893 4.927 4.960 4.991 5.023 5.054 5.083 5.112 5.139 5.166 5.191 5.215 5.238 5.260 5.281 5.301 5.320 5.339 5.357 5.374 5.392 5.410 5.428 5.446 5.466 5.485 5.506 5.529 5.553 5.578 5.605 5.632 5.661 5.689 5.719 5.748 5.778 5.807 5.836 5.865 5.892 5.918 5.943 5.966 5.987 6.006 6.022 6.037 6.048 6.057 6.066 6.073 6.081 6.088 6.097 6.107 6.118 6.132 6.148 6.167 6.187 6.210 6.234 6.260 6.286 6.315 6.344 6.374
4.726 4.763 4.800 4.836 4.871 4.906 4.940 4.973 5.005 5.037 5.068 5.098 5.128 5.156 5.183 5.209 5.234 5.258 5.280 5.302 5.323 5.342 5.361 5.378 5.396 5.412 5.429 5.445 5.462 5.479 5.497 5.515 5.535 5.557 5.580 5.605 5.631 5.657 5.685 5.713 5.742 5.771 5.800 5.829 5.858 5.885 5.912 5.938 5.962 5.985 6.006 6.025 6.041 6.054 6.066 6.076 6.086 6.094 6.102 6.110 6.120 6.130 6.143 6.158 6.174 6.193 6.214 6.237 6.262 6.288 6.316 6.344 6.374
4.740 4.776 4.813 4.848 4.884 4.919 4.953 4.986 5.018 5.050 5.082 5.112 5.142 5.171 5.198 5.225 5.251 5.276 5.299 5.322 5.343 5.363 5.382 5.401 5.418 5.434 5.450 5.465 5.480 5.496 5.511 5.527 5.545 5.565 5.585 5.608 5.631 5.656 5.682 5.709 5.737 5.765 5.794 5.822 5.850 5.878 5.906 5.932 5.957 5.981 6.003 6.024 6.042 6.057 6.071 6.083 6.095 6.104 6.114 6.123 6.132 6.142 6.154 6.167 6.183 6.200 6.220 6.242 6.265 6.290 6.317 6.345 6.374
4.754 4.790 4.825 4.861 4.896 4.930 4.964 4.997 5.029 5.062 5.093 5.124 5.154 5.184 5.212 5.240 5.266 5.292 5.316 5.340 5.362 5.383 5.403 5.422 5.440 5.456 5.472 5.487 5.501 5.515 5.529 5.543 5.559 5.576 5.594 5.614 5.635 5.658 5.682 5.707 5.733 5.761 5.788 5.816 5.844 5.871 5.899 5.925 5.951 5.976 5.999 6.021 6.040 6.057 6.073 6.087 6.100 6.112 6.123 6.133 6.142 6.153 6.164 6.177 6.191 6.207 6.226 6.246 6.269 6.293 6.319 6.346 6.375
4.767 4.803 4.838 4.873 4.907 4.941 4.975 5.008 5.040 5.072 5.104 5.135 5.165 5.195 5.224 5.252 5.279 5.306 5.331 5.356 5.379 5.401 5.423 5.442 5.461 5.478 5.494 5.509 5.523 5.537 5.549 5.562 5.575 5.590 5.606 5.623 5.642 5.662 5.684 5.707 5.732 5.758 5.784 5.811 5.838 5.865 5.892 5.918 5.944 5.969 5.993 6.016 6.036 6.054 6.072 6.088 6.103 6.116 6.129 6.140 6.151 6.162 6.173 6.186 6.199 6.215 6.232 6.251 6.273 6.296 6.321 6.347 6.375
4.782 4.816 4.851 4.885 4.919 4.952 4.986 5.018 5.049 5.081 5.113 5.144 5.175 5.204 5.234 5.262 5.290 5.318 5.344 5.369 5.394 5.417 5.440 5.461 5.481 5.499 5.516 5.532 5.546 5.560 5.571 5.583 5.595 5.608 5.621 5.636 5.652 5.670 5.689 5.711 5.733 5.757 5.782 5.807 5.833 5.860 5.886 5.912 5.938 5.962 5.987 6.010 6.031 6.050 6.069 6.087 6.103 6.118 6.132 6.145 6.157 6.169 6.181 6.193 6.207 6.222 6.238 6.256 6.277 6.299 6.323 6.348 6.376
4.796 4.830 4.864 4.897 4.930 4.963 4.996 5.027 5.059 5.090 5.121 5.152 5.183 5.213 5.242 5.271 5.300 5.327 5.355 5.381 5.406 5.431 5.454 5.477 5.498 5.518 5.536 5.553 5.568 5.582 5.594 5.605 5.617 5.628 5.640 5.652 5.666 5.681 5.698 5.717 5.737 5.758 5.781 5.805 5.830 5.855 5.881 5.906 5.931 5.956 5.980 6.003 6.025 6.045 6.065 6.083 6.101 6.117 6.133 6.147 6.161 6.174 6.187 6.200 6.213 6.228 6.244 6.261 6.280 6.301 6.324 6.349 6.375
4.811 4.845 4.877 4.910 4.942 4.974 5.006 5.037 5.067 5.099 5.129 5.160 5.190 5.220 5.250 5.279 5.307 5.335 5.363 5.390 5.417 5.442 5.467 5.490 5.513 5.534 5.554 5.572 5.589 5.603 5.616 5.628 5.640 5.650 5.661 5.672 5.683 5.696 5.710 5.726 5.744 5.763 5.784 5.806 5.829 5.853 5.877 5.901 5.926 5.950 5.974 5.997 6.019 6.039 6.059 6.079 6.098 6.115 6.132 6.147 6.162 6.177 6.190 6.204 6.218 6.232 6.248 6.265 6.283 6.304 6.326 6.349 6.375
4.827 4.859 4.891 4.923 4.955 4.986 5.017 5.046 5.076 5.107 5.137 5.167 5.197 5.226 5.256 5.285 5.314 5.342 5.370 5.398 5.425 5.451 5.477 5.501 5.525 5.547 5.569 5.589 5.607 5.623 5.636 5.650 5.662 5.673 5.683 5.693 5.703 5.714 5.726 5.739 5.754 5.770 5.789 5.808 5.830 5.852 5.875 5.898 5.921 5.945 5.968 5.991 6.013 6.033 6.054 6.074 6.093 6.112 6.129 6.146 6.162 6.177 6.192 6.207 6.221 6.236 6.251 6.268 6.286 6.305 6.326 6.349 6.374
4.844 4.875 4.906 4.937 4.968 4.998 5.028 5.056 5.086 5.115 5.145 5.174 5.203 5.233 5.262 5.290 5.319 5.348 5.376 5.404 5.431 5.458 5.484 5.510 5.535 5.558 5.581 5.602 5.622 5.639 5.655 5.670 5.683 5.695 5.706 5.715 5.724 5.734 5.744 5.755 5.767 5.781 5.796 5.814 5.833 5.853 5.874 5.896 5.919 5.941 5.964 5.987 6.008 6.028 6.049 6.069 6.089 6.108 6.126 6.144 6.161 6.177 6.193 6.208 6.223 6.238 6.254 6.270 6.287 6.306 6.327 6.349 6.373
4.861 4.892 4.922 4.952 4.981 5.011 5.039 5.067 5.096 5.124 5.153 5.182 5.210 5.239 5.267 5.296 5.324 5.352 5.380 5.408 5.436 5.463 5.490 5.516 5.542 5.567 5.590 5.613 5.634 5.653 5.670 5.687 5.702 5.715 5.727 5.737 5.746 5.755 5.764 5.773 5.783 5.794 5.807 5.822 5.839 5.857 5.876 5.896 5.917 5.939 5.961 5.983 6.004 6.024 6.045 6.065 6.085 6.104 6.123 6.141 6.159 6.176 6.192 6.208 6.224 6.239 6.255 6.271 6.289 6.307 6.327 6.348 6.372
