version2/TsunamiDB/out54058.asc
ncols          264
nrows          230
xllcorner      497853.4375
yllcorner      4229146.0000
cellsize         5.
NODATA_value   -99
[rows 33 to 65 of 230, columns 148 to 221 of 264]
5.304 5.326 5.348 5.369 5.389 5.408 5.427 5.446 5.464 5.482 5.499 5.516 5.534 5.551 5.569 5.587 5.605 5.624 5.643 5.663 5.684 5.705 5.727 5.749 5.772 5.796 5.820 5.843 5.866 5.889 5.913 5.937 5.960 5.983 6.005 6.027 6.047 6.067 6.086 6.103 6.120 6.136 6.151 6.165 6.179 6.192 6.206 6.219 6.233 6.247 6.260 6.274 6.288 6.303 6.318 6.333 6.348 6.363 6.378 6.392 6.405 6.418 6.431 6.443 6.455 6.466 6.478 6.490 6.503 6.517 6.531 6.547 6.564 6.583
5.316 5.338 5.360 5.382 5.402 5.421 5.440 5.459 5.477 5.495 5.512 5.530 5.546 5.563 5.580 5.597 5.614 5.632 5.650 5.669 5.688 5.708 5.729 5.750 5.772 5.795 5.818 5.840 5.862 5.885 5.909 5.932 5.955 5.978 6.000 6.022 6.043 6.063 6.082 6.101 6.118 6.135 6.150 6.165 6.180 6.194 6.208 6.222 6.236 6.250 6.264 6.278 6.292 6.308 6.323 6.339 6.354 6.369 6.384 6.399 6.413 6.427 6.440 6.452 6.464 6.476 6.487 6.499 6.511 6.524 6.538 6.553 6.570 6.587
5.327 5.350 5.372 5.394 5.414 5.433 5.453 5.472 5.491 5.509 5.526 5.543 5.560 5.576 5.592 5.608 5.625 5.641 5.658 5.676 5.694 5.713 5.732 5.752 5.773 5.794 5.817 5.838 5.860 5.882 5.905 5.928 5.950 5.973 5.995 6.017 6.038 6.058 6.078 6.097 6.115 6.132 6.148 6.164 6.179 6.194 6.209 6.223 6.237 6.252 6.266 6.280 6.295 6.311 6.327 6.343 6.359 6.375 6.390 6.406 6.420 6.434 6.448 6.461 6.473 6.485 6.496 6.508 6.520 6.532 6.546 6.560 6.576 6.592
5.338 5.361 5.383 5.405 5.425 5.445 5.465 5.485 5.503 5.522 5.540 5.557 5.573 5.589 5.605 5.621 5.636 5.652 5.668 5.684 5.701 5.719 5.737 5.756 5.775 5.795 5.816 5.837 5.858 5.879 5.902 5.924 5.946 5.968 5.990 6.012 6.033 6.053 6.073 6.092 6.111 6.128 6.145 6.162 6.177 6.193 6.208 6.223 6.238 6.253 6.267 6.282 6.297 6.313 6.329 6.346 6.363 6.379 6.395 6.411 6.426 6.441 6.455 6.469 6.481 6.494 6.505 6.517 6.529 6.541 6.554 6.567 6.582 6.598
5.348 5.371 5.393 5.415 5.436 5.456 5.476 5.496 5.516 5.534 5.552 5.570 5.587 5.603 5.619 5.634 5.649 5.664 5.679 5.694 5.710 5.726 5.743 5.761 5.779 5.798 5.818 5.837 5.857 5.878 5.899 5.921 5.943 5.964 5.986 6.007 6.028 6.048 6.068 6.087 6.106 6.124 6.141 6.158 6.175 6.190 6.206 6.221 6.237 6.252 6.267 6.282 6.298 6.314 6.331 6.348 6.365 6.382 6.399 6.416 6.432 6.447 6.462 6.476 6.490 6.502 6.514 6.526 6.538 6.550 6.563 6.576 6.590 6.606
5.359 5.381 5.404 5.426 5.446 5.466 5.487 5.507 5.527 5.546 5.565 5.583 5.600 5.616 5.632 5.648 5.663 5.677 5.692 5.706 5.721 5.736 5.751 5.767 5.784 5.802 5.820 5.838 5.857 5.877 5.898 5.918 5.940 5.961 5.982 6.003 6.023 6.044 6.064 6.083 6.102 6.120 6.138 6.155 6.171 6.188 6.204 6.219 6.235 6.251 6.266 6.281 6.297 6.314 6.331 6.349 6.367 6.384 6.402 6.419 6.436 6.453 6.468 6.483 6.498 6.511 6.524 6.536 6.548 6.560 6.573 6.586 6.600 6.614
5.370 5.392 5.414 5.436 5.456 5.476 5.497 5.518 5.538 5.557 5.576 5.595 5.612 5.629 5.646 5.661 5.676 5.691 5.705 5.719 5.733 5.747 5.761 5.776 5.791 5.807 5.824 5.841 5.859 5.878 5.897 5.917 5.938 5.958 5.979 5.999 6.020 6.040 6.060 6.079 6.098 6.116 6.134 6.151 6.168 6.185 6.201 6.217 6.233 6.249 6.264 6.280 6.297 6.314 6.331 6.349 6.368 6.386 6.404 6.423 6.440 6.458 6.474 6.490 6.505 6.520 6.533 6.546 6.559 6.571 6.584 6.597 6.611 6.625
5.381 5.403 5.424 5.446 5.466 5.486 5.507 5.527 5.548 5.568 5.587 5.606 5.624 5.642 5.658 5.674 5.690 5.704 5.718 5.732 5.745 5.759 5.772 5.786 5.800 5.815 5.831 5.846 5.862 5.880 5.898 5.917 5.937 5.957 5.977 5.997 6.017 6.037 6.056 6.076 6.094 6.113 6.131 6.148 6.165 6.182 6.199 6.215 6.231 6.248 6.263 6.279 6.296 6.313 6.331 6.350 6.369 6.388 6.407 6.426 6.444 6.463 6.480 6.497 6.513 6.529 6.543 6.557 6.570 6.583 6.596 6.610 6.623 6.637
5.393 5.414 5.435 5.456 5.476 5.496 5.517 5.537 5.558 5.578 5.597 5.617 5.635 5.653 5.671 5.687 5.703 5.718 5.732 5.746 5.759 5.772 5.785 5.798 5.811 5.824 5.839 5.853 5.868 5.884 5.901 5.919 5.938 5.957 5.976 5.996 6.015 6.035 6.054 6.073 6.092 6.110 6.128 6.146 6.163 6.180 6.197 6.214 6.230 6.247 6.262 6.278 6.296 6.313 6.332 6.351 6.370 6.389 6.409 6.429 6.448 6.468 6.486 6.504 6.522 6.538 6.554 6.569 6.583 6.596 6.610 6.624 6.637 6.651
5.407 5.427 5.447 5.468 5.487 5.507 5.527 5.547 5.568 5.588 5.607 5.627 5.646 5.664 5.682 5.699 5.715 5.731 5.746 5.760 5.773 5.786 5.799 5.811 5.823 5.836 5.849 5.862 5.875 5.890 5.906 5.923 5.940 5.958 5.977 5.996 6.015 6.034 6.053 6.072 6.091 6.109 6.127 6.145 6.162 6.180 6.197 6.214 6.231 6.247 6.262 6.279 6.296 6.314 6.333 6.352 6.372 6.392 6.412 6.432 6.453 6.473 6.493 6.512 6.531 6.548 6.565 6.581 6.596 6.611 6.625 6.639 6.653 6.667
5.421 5.440 5.460 5.480 5.499 5.518 5.538 5.558 5.578 5.598 5.617 5.637 5.656 5.675 5.693 5.711 5.728 5.744 5.759 5.773 5.787 5.800 5.813 5.825 5.837 5.849 5.861 5.872 5.885 5.898 5.913 5.928 5.945 5.962 5.979 5.998 6.016 6.035 6.054 6.072 6.091 6.109 6.127 6.145 6.163 6.180 6.197 6.215 6.232 6.248 6.264 6.280 6.298 6.316 6.335 6.354 6.374 6.395 6.416 6.437 6.458 6.479 6.500 6.520 6.540 6.559 6.577 6.594 6.611 6.626 6.641 6.656 6.670 6.684
5.436 5.455 5.474 5.494 5.512 5.530 5.550 5.569 5.589 5.608 5.628 5.647 5.667 5.685 5.704 5.722 5.739 5.756 5.772 5.787 5.801 5.815 5.828 5.840 5.852 5.863 5.875 5.885 5.896 5.909 5.922 5.937 5.952 5.968 5.984 6.002 6.019 6.037 6.056 6.074 6.093 6.111 6.129 6.147 6.165 6.182 6.199 6.217 6.234 6.250 6.266 6.283 6.301 6.320 6.339 6.358 6.378 6.399 6.421 6.442 6.464 6.486 6.508 6.529 6.550 6.570 6.590 6.608 6.626 6.643 6.659 6.674 6.689 6.703
5.453 5.472 5.490 5.508 5.526 5.544 5.563 5.581 5.601 5.620 5.639 5.658 5.677 5.696 5.715 5.733 5.751 5.768 5.784 5.800 5.815 5.829 5.842 5.855 5.867 5.879 5.890 5.899 5.910 5.922 5.934 5.947 5.961 5.976 5.991 6.008 6.025 6.042 6.060 6.078 6.096 6.114 6.132 6.150 6.168 6.185 6.203 6.220 6.238 6.254 6.271 6.288 6.306 6.324 6.344 6.363 6.384 6.405 6.427 6.449 6.471 6.494 6.517 6.539 6.561 6.583 6.603 6.623 6.642 6.660 6.677 6.693 6.708 6.723
5.471 5.489 5.507 5.525 5.542 5.559 5.577 5.595 5.614 5.632 5.651 5.670 5.688 5.707 5.726 5.744 5.762 5.779 5.796 5.813 5.828 5.843 5.857 5.870 5.883 5.895 5.905 5.915 5.926 5.937 5.948 5.960 5.973 5.987 6.001 6.016 6.032 6.049 6.066 6.084 6.101 6.119 6.137 6.155 6.173 6.190 6.208 6.225 6.243 6.260 6.276 6.294 6.312 6.331 6.350 6.370 6.391 6.412 6.434 6.457 6.480 6.503 6.527 6.550 6.573 6.596 6.618 6.639 6.659 6.678 6.696 6.713 6.729 6.744
5.490 5.508 5.525 5.543 5.559 5.575 5.593 5.610 5.628 5.646 5.664 5.682 5.700 5.719 5.737 5.755 5.773 5.791 5.808 5.825 5.841 5.857 5.872 5.886 5.899 5.911 5.922 5.932 5.942 5.953 5.964 5.975 5.987 6.000 6.013 6.027 6.042 6.058 6.074 6.091 6.109 6.126 6.144 6.161 6.179 6.197 6.215 6.232 6.250 6.267 6.284 6.301 6.319 6.338 6.358 6.378 6.399 6.421 6.443 6.466 6.490 6.514 6.538 6.562 6.586 6.610 6.633 6.655 6.676 6.697 6.716 6.734 6.750 6.766
5.510 5.528 5.545 5.562 5.577 5.593 5.610 5.627 5.644 5.661 5.678 5.696 5.714 5.731 5.749 5.767 5.785 5.803 5.821 5.838 5.854 5.870 5.886 5.900 5.914 5.927 5.939 5.949 5.960 5.971 5.982 5.992 6.004 6.015 6.028 6.041 6.055 6.070 6.085 6.101 6.118 6.135 6.152 6.170 6.187 6.205 6.223 6.241 6.258 6.275 6.292 6.310 6.329 6.348 6.367 6.388 6.409 6.431 6.453 6.477 6.500 6.525 6.550 6.575 6.600 6.624 6.648 6.672 6.694 6.716 6.736 6.755 6.773 6.789
5.531 5.548 5.565 5.581 5.596 5.613 5.629 5.645 5.661 5.678 5.694 5.711 5.728 5.745 5.763 5.780 5.798 5.816 5.833 5.850 5.867 5.884 5.900 5.915 5.930 5.944 5.956 5.967 5.978 5.989 6.000 6.011 6.022 6.033 6.044 6.057 6.070 6.083 6.098 6.113 6.129 6.146 6.163 6.180 6.197 6.215 6.233 6.250 6.268 6.286 6.302 6.320 6.339 6.358 6.378 6.398 6.420 6.442 6.465 6.488 6.512 6.537 6.563 6.588 6.614 6.639 6.664 6.689 6.713 6.735 6.757 6.777 6.796 6.812
5.551 5.569 5.586 5.602 5.617 5.633 5.649 5.665 5.680 5.696 5.712 5.728 5.744 5.761 5.777 5.794 5.812 5.829 5.846 5.864 5.881 5.897 5.914 5.930 5.945 5.960 5.973 5.985 5.997 6.008 6.019 6.030 6.041 6.052 6.063 6.074 6.087 6.100 6.113 6.128 6.143 6.159 6.175 6.192 6.209 6.226 6.244 6.262 6.280 6.297 6.314 6.332 6.351 6.370 6.390 6.410 6.432 6.454 6.477 6.501 6.525 6.550 6.576 6.602 6.629 6.655 6.681 6.707 6.732 6.755 6.778 6.800 6.819 6.837
5.571 5.589 5.607 5.623 5.638 5.654 5.670 5.685 5.701 5.716 5.731 5.746 5.762 5.777 5.794 5.810 5.826 5.843 5.860 5.877 5.894 5.911 5.928 5.944 5.960 5.976 5.989 6.002 6.015 6.027 6.039 6.050 6.061 6.072 6.083 6.094 6.106 6.118 6.131 6.144 6.159 6.174 6.190 6.206 6.223 6.240 6.257 6.275 6.292 6.310 6.327 6.345 6.364 6.383 6.403 6.424 6.445 6.467 6.490 6.514 6.539 6.564 6.591 6.617 6.644 6.671 6.698 6.725 6.751 6.776 6.800 6.823 6.844 6.863
5.591 5.610 5.628 5.644 5.660 5.676 5.691 5.707 5.722 5.737 5.751 5.766 5.781 5.796 5.811 5.827 5.843 5.859 5.875 5.892 5.909 5.926 5.943 5.959 5.976 5.991 6.006 6.019 6.033 6.046 6.058 6.070 6.082 6.093 6.104 6.115 6.126 6.138 6.150 6.163 6.176 6.191 6.206 6.222 6.238 6.254 6.271 6.289 6.307 6.324 6.341 6.359 6.378 6.397 6.417 6.438 6.459 6.481 6.505 6.529 6.553 6.579 6.606 6.633 6.660 6.688 6.716 6.743 6.770 6.797 6.822 6.847 6.869 6.890
5.611 5.630 5.648 5.665 5.681 5.697 5.713 5.729 5.744 5.759 5.773 5.787 5.802 5.816 5.830 5.845 5.860 5.876 5.892 5.908 5.924 5.941 5.958 5.974 5.991 6.007 6.022 6.036 6.050 6.064 6.077 6.090 6.102 6.114 6.125 6.136 6.147 6.159 6.170 6.183 6.196 6.210 6.224 6.239 6.255 6.271 6.288 6.305 6.322 6.339 6.356 6.374 6.393 6.412 6.432 6.453 6.474 6.497 6.520 6.544 6.569 6.595 6.621 6.649 6.677 6.705 6.734 6.762 6.790 6.818 6.845 6.871 6.894 6.916
5.629 5.649 5.668 5.685 5.702 5.719 5.735 5.751 5.766 5.781 5.795 5.809 5.823 5.837 5.851 5.865 5.880 5.894 5.910 5.925 5.941 5.957 5.974 5.990 6.007 6.023 6.039 6.053 6.068 6.083 6.096 6.110 6.123 6.135 6.147 6.158 6.169 6.181 6.192 6.204 6.217 6.230 6.244 6.258 6.273 6.289 6.305 6.322 6.339 6.356 6.373 6.391 6.409 6.429 6.448 6.469 6.490 6.512 6.536 6.560 6.585 6.611 6.638 6.665 6.694 6.723 6.752 6.781 6.811 6.839 6.868 6.895 6.920 6.944
5.647 5.667 5.687 5.705 5.722 5.739 5.756 5.773 5.788 5.803 5.818 5.832 5.846 5.859 5.873 5.886 5.900 5.914 5.929 5.944 5.959 5.975 5.991 6.007 6.023 6.040 6.055 6.070 6.086 6.101 6.115 6.129 6.143 6.156 6.168 6.180 6.192 6.203 6.215 6.226 6.239 6.251 6.265 6.279 6.293 6.309 6.324 6.341 6.358 6.374 6.391 6.408 6.427 6.446 6.466 6.486 6.507 6.529 6.552 6.576 6.601 6.627 6.654 6.682 6.711 6.741 6.770 6.801 6.831 6.861 6.891 6.919 6.945 6.970
5.664 5.684 5.705 5.723 5.741 5.759 5.777 5.794 5.810 5.826 5.841 5.855 5.869 5.882 5.896 5.909 5.922 5.936 5.949 5.963 5.978 5.993 6.009 6.024 6.041 6.057 6.072 6.088 6.103 6.119 6.134 6.148 6.163 6.176 6.189 6.202 6.214 6.226 6.238 6.249 6.261 6.274 6.287 6.300 6.314 6.329 6.345 6.361 6.377 6.393 6.410 6.427 6.445 6.464 6.484 6.504 6.525 6.547 6.570 6.594 6.618 6.645 6.672 6.700 6.729 6.759 6.789 6.820 6.852 6.883 6.914 6.943 6.971 6.997
5.680 5.701 5.722 5.741 5.759 5.778 5.796 5.814 5.831 5.847 5.863 5.878 5.892 5.906 5.919 5.932 5.945 5.958 5.971 5.985 5.999 6.013 6.028 6.043 6.059 6.075 6.090 6.105 6.121 6.137 6.152 6.167 6.182 6.196 6.210 6.223 6.236 6.248 6.260 6.272 6.285 6.297 6.310 6.323 6.337 6.351 6.366 6.382 6.398 6.414 6.430 6.447 6.465 6.484 6.503 6.523 6.544 6.565 6.588 6.612 6.636 6.662 6.690 6.718 6.747 6.778 6.809 6.840 6.872 6.905 6.937 6.967 6.995 7.023
5.695 5.716 5.737 5.757 5.777 5.796 5.815 5.833 5.851 5.868 5.884 5.900 5.915 5.929 5.942 5.956 5.968 5.981 5.994 6.007 6.020 6.034 6.048 6.063 6.078 6.093 6.108 6.123 6.139 6.155 6.171 6.186 6.202 6.216 6.231 6.245 6.258 6.271 6.283 6.296 6.308 6.320 6.333 6.346 6.360 6.374 6.389 6.404 6.420 6.435 6.451 6.468 6.486 6.504 6.523 6.543 6.563 6.585 6.607 6.630 6.655 6.681 6.708 6.736 6.766 6.797 6.828 6.860 6.893 6.926 6.959 6.990 7.020 7.048
5.709 5.731 5.752 5.773 5.793 5.813 5.832 5.851 5.870 5.888 5.905 5.921 5.937 5.951 5.965 5.979 5.992 6.005 6.018 6.030 6.043 6.056 6.070 6.084 6.098 6.113 6.128 6.142 6.158 6.174 6.190 6.205 6.221 6.236 6.251 6.265 6.279 6.293 6.306 6.318 6.331 6.344 6.357 6.370 6.383 6.397 6.412 6.427 6.442 6.457 6.473 6.490 6.507 6.525 6.544 6.564 6.584 6.605 6.627 6.650 6.674 6.700 6.727 6.755 6.785 6.816 6.848 6.880 6.913 6.947 6.980 7.013 7.043 7.072
5.722 5.745 5.767 5.787 5.808 5.828 5.849 5.868 5.888 5.906 5.924 5.941 5.958 5.973 5.988 6.002 6.016 6.029 6.041 6.054 6.066 6.079 6.092 6.105 6.119 6.134 6.148 6.162 6.177 6.193 6.209 6.224 6.240 6.256 6.271 6.286 6.300 6.314 6.328 6.341 6.354 6.367 6.380 6.393 6.407 6.421 6.436 6.451 6.465 6.480 6.496 6.512 6.530 6.548 6.566 6.585 6.605 6.626 6.647 6.670 6.694 6.720 6.746 6.775 6.804 6.835 6.867 6.900 6.934 6.968 7.002 7.034 7.066 7.096
5.735 5.758 5.780 5.801 5.822 5.843 5.864 5.884 5.904 5.923 5.942 5.960 5.977 5.994 6.009 6.024 6.038 6.052 6.065 6.078 6.090 6.103 6.115 6.128 6.142 6.155 6.169 6.182 6.197 6.212 6.228 6.244 6.260 6.275 6.291 6.306 6.321 6.336 6.350 6.363 6.377 6.390 6.404 6.417 6.431 6.445 6.459 6.475 6.489 6.504 6.519 6.536 6.553 6.571 6.589 6.608 6.627 6.648 6.669 6.691 6.715 6.740 6.766 6.794 6.824 6.854 6.886 6.920 6.953 6.988 7.022 7.056 7.087 7.118
5.748 5.770 5.793 5.814 5.835 5.857 5.878 5.899 5.920 5.940 5.959 5.978 5.996 6.013 6.030 6.045 6.060 6.075 6.088 6.101 6.114 6.127 6.139 6.152 6.164 6.178 6.190 6.203 6.218 6.233 6.248 6.264 6.280 6.295 6.311 6.326 6.342 6.357 6.371 6.385 6.399 6.413 6.427 6.440 6.454 6.469 6.483 6.498 6.513 6.528 6.544 6.560 6.577 6.595 6.613 6.631 6.651 6.670 6.691 6.713 6.736 6.761 6.787 6.814 6.843 6.874 6.906 6.939 6.973 7.007 7.042 7.076 7.108 7.140
5.760 5.783 5.805 5.827 5.848 5.870 5.891 5.913 5.934 5.955 5.975 5.994 6.013 6.031 6.049 6.065 6.081 6.096 6.110 6.124 6.137 6.150 6.163 6.175 6.188 6.201 6.213 6.225 6.239 6.254 6.269 6.284 6.300 6.315 6.331 6.347 6.362 6.377 6.392 6.407 6.421 6.435 6.449 6.464 6.478 6.492 6.507 6.522 6.537 6.552 6.568 6.585 6.602 6.619 6.637 6.656 6.674 6.694 6.714 6.736 6.758 6.782 6.807 6.834 6.863 6.893 6.925 6.958 6.992 7.027 7.062 7.096 7.129 7.161
5.772 5.795 5.817 5.839 5.860 5.882 5.904 5.926 5.947 5.969 5.989 6.010 6.029 6.048 6.066 6.084 6.101 6.117 6.132 6.146 6.160 6.173 6.186 6.199 6.212 6.224 6.235 6.248 6.261 6.275 6.290 6.305 6.320 6.336 6.351 6.367 6.383 6.398 6.413 6.428 6.443 6.457 6.472 6.486 6.501 6.516 6.531 6.546 6.562 6.577 6.593 6.609 6.627 6.644 6.662 6.680 6.699 6.718 6.738 6.759 6.781 6.804 6.829 6.855 6.883 6.913 6.944 6.977 7.011 7.045 7.081 7.115 7.149 7.181
5.784 5.807 5.829 5.850 5.871 5.894 5.916 5.938 5.960 5.982 6.003 6.024 6.044 6.064 6.083 6.101 6.119 6.136 6.152 6.167 6.182 6.196 6.209 6.222 6.235 6.247 6.258 6.271 6.284 6.298 6.312 6.326 6.341 6.357 6.372 6.388 6.403 6.419 6.434 6.449 6.464 6.479 6.494 6.509 6.523 6.539 6.554 6.570 6.585 6.601 6.617 6.634 6.651 6.669 6.687 6.706 6.724 6.743 6.763 6.783 6.804 6.826 6.850 6.876 6.903 6.932 6.963 6.995 7.029 7.064 7.099 7.134 7.168 7.201
