version2/TsunamiDB/out54073.asc
ncols          264
nrows          230
xllcorner      497853.4375
yllcorner      4229146.0000
cellsize         5.
NODATA_value   -99
[rows 0 to 32 of 230, columns 152 to 227 of 264]
5.588 5.610 5.630 5.650 5.670 5.691 5.711 5.731 5.750 5.768 5.786 5.804 5.820 5.836 5.851 5.865 5.878 5.890 5.902 5.912 5.922 5.931 5.940 5.949 5.957 5.965 5.973 5.981 5.991 6.000 6.011 6.022 6.033 6.044 6.056 6.067 6.079 6.090 6.101 6.112 6.122 6.132 6.141 6.150 6.159 6.167 6.175 6.183 6.190 6.196 6.203 6.211 6.220 6.229 6.239 6.250 6.261 6.274 6.287 6.301 6.317 6.333 6.350 6.367 6.386 6.404 6.424 6.444 6.464 6.484 6.505 6.525 6.544 6.564 6.584 6.604
5.590 5.612 5.632 5.652 5.673 5.693 5.714 5.734 5.754 5.773 5.791 5.809 5.827 5.843 5.859 5.874 5.888 5.902 5.914 5.925 5.936 5.946 5.955 5.964 5.973 5.981 5.988 5.996 6.005 6.014 6.024 6.034 6.045 6.055 6.066 6.078 6.089 6.100 6.111 6.121 6.132 6.142 6.151 6.160 6.169 6.177 6.185 6.193 6.200 6.206 6.213 6.221 6.229 6.238 6.247 6.257 6.268 6.280 6.293 6.307 6.322 6.337 6.354 6.371 6.389 6.408 6.427 6.447 6.467 6.487 6.508 6.528 6.547 6.567 6.587 6.607
5.593 5.614 5.634 5.654 5.675 5.696 5.716 5.737 5.757 5.776 5.795 5.814 5.832 5.849 5.866 5.882 5.897 5.911 5.925 5.937 5.949 5.959 5.969 5.979 5.988 5.996 6.003 6.011 6.019 6.028 6.037 6.047 6.057 6.067 6.078 6.088 6.099 6.110 6.121 6.131 6.141 6.151 6.161 6.170 6.179 6.187 6.195 6.203 6.210 6.216 6.223 6.230 6.238 6.247 6.256 6.265 6.276 6.287 6.300 6.313 6.327 6.342 6.358 6.375 6.393 6.411 6.430 6.450 6.470 6.491 6.511 6.531 6.550 6.570 6.590 6.610
5.596 5.617 5.637 5.656 5.677 5.697 5.718 5.739 5.759 5.779 5.798 5.817 5.836 5.854 5.871 5.888 5.904 5.919 5.934 5.947 5.960 5.971 5.982 5.992 6.002 6.010 6.017 6.025 6.034 6.042 6.051 6.060 6.069 6.079 6.089 6.100 6.110 6.121 6.131 6.141 6.152 6.161 6.171 6.180 6.189 6.197 6.206 6.213 6.220 6.226 6.233 6.240 6.248 6.256 6.264 6.274 6.284 6.295 6.307 6.319 6.333 6.348 6.363 6.380 6.397 6.415 6.434 6.453 6.474 6.494 6.515 6.534 6.553 6.574 6.594 6.614
5.599 5.619 5.639 5.658 5.679 5.699 5.720 5.740 5.761 5.781 5.800 5.820 5.839 5.858 5.876 5.893 5.910 5.926 5.941 5.955 5.969 5.981 5.993 6.004 6.014 6.023 6.031 6.039 6.048 6.056 6.065 6.073 6.082 6.092 6.101 6.111 6.121 6.132 6.142 6.152 6.162 6.172 6.181 6.190 6.199 6.208 6.216 6.224 6.230 6.237 6.243 6.250 6.258 6.265 6.274 6.283 6.292 6.303 6.314 6.326 6.339 6.353 6.369 6.385 6.402 6.419 6.438 6.457 6.477 6.498 6.518 6.537 6.557 6.577 6.598 6.618
5.603 5.623 5.642 5.661 5.681 5.701 5.721 5.742 5.762 5.782 5.802 5.822 5.841 5.860 5.879 5.897 5.914 5.931 5.947 5.962 5.977 5.990 6.003 6.014 6.026 6.035 6.043 6.052 6.061 6.069 6.078 6.086 6.095 6.104 6.113 6.123 6.133 6.143 6.153 6.163 6.172 6.182 6.192 6.201 6.210 6.218 6.226 6.234 6.241 6.247 6.254 6.261 6.268 6.275 6.283 6.292 6.301 6.311 6.321 6.333 6.346 6.360 6.374 6.390 6.407 6.424 6.442 6.462 6.481 6.502 6.522 6.541 6.561 6.582 6.602 6.623
5.608 5.627 5.646 5.664 5.684 5.703 5.723 5.743 5.764 5.784 5.804 5.823 5.843 5.862 5.881 5.900 5.918 5.935 5.952 5.968 5.983 5.997 6.011 6.023 6.035 6.046 6.055 6.064 6.073 6.082 6.090 6.099 6.108 6.117 6.126 6.135 6.144 6.154 6.164 6.173 6.183 6.193 6.202 6.211 6.220 6.229 6.237 6.245 6.251 6.258 6.264 6.271 6.278 6.285 6.293 6.301 6.310 6.319 6.330 6.341 6.353 6.366 6.380 6.396 6.412 6.429 6.447 6.466 6.485 6.506 6.526 6.545 6.565 6.586 6.607 6.628
5.614 5.633 5.650 5.668 5.687 5.706 5.726 5.745 5.765 5.785 5.805 5.825 5.845 5.864 5.883 5.902 5.920 5.938 5.955 5.972 5.988 6.003 6.017 6.031 6.044 6.055 6.064 6.074 6.084 6.093 6.102 6.111 6.120 6.129 6.137 6.146 6.156 6.165 6.174 6.184 6.194 6.203 6.212 6.222 6.231 6.239 6.248 6.256 6.262 6.268 6.275 6.282 6.289 6.296 6.303 6.311 6.319 6.328 6.338 6.349 6.360 6.373 6.387 6.402 6.417 6.434 6.452 6.470 6.490 6.510 6.530 6.549 6.570 6.590 6.611 6.632
5.622 5.639 5.656 5.673 5.691 5.710 5.729 5.748 5.767 5.787 5.807 5.826 5.846 5.865 5.885 5.904 5.922 5.941 5.958 5.976 5.992 6.008 6.023 6.037 6.051 6.062 6.073 6.084 6.094 6.104 6.113 6.122 6.131 6.140 6.149 6.158 6.167 6.176 6.185 6.195 6.204 6.214 6.223 6.232 6.241 6.250 6.259 6.266 6.272 6.279 6.286 6.292 6.299 6.306 6.313 6.321 6.329 6.337 6.347 6.357 6.368 6.380 6.393 6.408 6.423 6.439 6.457 6.475 6.494 6.514 6.534 6.554 6.574 6.595 6.616 6.638
5.631 5.647 5.664 5.680 5.697 5.714 5.733 5.751 5.770 5.789 5.808 5.828 5.847 5.867 5.886 5.905 5.924 5.943 5.961 5.978 5.995 6.012 6.027 6.042 6.056 6.069 6.080 6.091 6.102 6.113 6.123 6.132 6.142 6.151 6.160 6.168 6.177 6.187 6.196 6.205 6.214 6.224 6.233 6.242 6.251 6.260 6.269 6.276 6.283 6.290 6.296 6.303 6.310 6.317 6.324 6.331 6.339 6.347 6.356 6.366 6.376 6.388 6.401 6.414 6.429 6.445 6.462 6.480 6.499 6.519 6.539 6.559 6.579 6.600 6.621 6.643
5.641 5.657 5.672 5.687 5.704 5.720 5.738 5.756 5.774 5.792 5.811 5.830 5.849 5.868 5.887 5.907 5.925 5.944 5.962 5.980 5.998 6.015 6.031 6.046 6.061 6.074 6.086 6.098 6.110 6.121 6.131 6.141 6.151 6.160 6.170 6.179 6.188 6.197 6.206 6.215 6.224 6.234 6.243 6.252 6.261 6.270 6.279 6.287 6.293 6.300 6.307 6.314 6.321 6.328 6.334 6.341 6.349 6.357 6.365 6.374 6.385 6.396 6.408 6.421 6.436 6.451 6.468 6.485 6.504 6.524 6.544 6.563 6.584 6.605 6.626 6.648
5.653 5.668 5.682 5.696 5.712 5.728 5.744 5.761 5.779 5.796 5.814 5.833 5.851 5.870 5.889 5.908 5.927 5.946 5.964 5.982 6.000 6.017 6.034 6.050 6.065 6.078 6.091 6.104 6.116 6.128 6.139 6.150 6.160 6.169 6.179 6.188 6.197 6.207 6.216 6.225 6.234 6.243 6.253 6.262 6.271 6.280 6.289 6.297 6.304 6.311 6.318 6.325 6.332 6.338 6.345 6.352 6.359 6.367 6.375 6.384 6.393 6.404 6.416 6.428 6.442 6.457 6.473 6.491 6.509 6.529 6.548 6.568 6.589 6.610 6.631 6.653
5.665 5.680 5.693 5.707 5.721 5.737 5.752 5.768 5.785 5.802 5.819 5.836 5.855 5.873 5.891 5.910 5.929 5.947 5.966 5.984 6.002 6.019 6.036 6.053 6.068 6.082 6.096 6.109 6.122 6.134 6.146 6.157 6.167 6.178 6.187 6.197 6.206 6.216 6.225 6.234 6.243 6.253 6.262 6.271 6.281 6.290 6.299 6.307 6.314 6.321 6.328 6.335 6.342 6.349 6.356 6.363 6.370 6.377 6.385 6.393 6.402 6.412 6.424 6.436 6.449 6.464 6.479 6.496 6.514 6.534 6.553 6.573 6.593 6.615 6.637 6.659
5.678 5.692 5.705 5.719 5.732 5.747 5.762 5.777 5.792 5.808 5.825 5.841 5.859 5.876 5.894 5.912 5.931 5.949 5.967 5.985 6.003 6.021 6.039 6.055 6.071 6.085 6.099 6.113 6.127 6.140 6.152 6.163 6.174 6.185 6.195 6.205 6.215 6.224 6.234 6.243 6.252 6.262 6.271 6.280 6.290 6.299 6.308 6.316 6.323 6.331 6.338 6.346 6.353 6.360 6.367 6.374 6.381 6.388 6.395 6.403 6.412 6.421 6.432 6.443 6.456 6.470 6.486 6.502 6.520 6.539 6.558 6.578 6.598 6.620 6.642 6.664
5.692 5.706 5.718 5.731 5.745 5.758 5.772 5.787 5.801 5.816 5.832 5.848 5.864 5.881 5.898 5.916 5.933 5.951 5.969 5.987 6.005 6.023 6.040 6.058 6.073 6.088 6.102 6.117 6.131 6.144 6.157 6.169 6.181 6.192 6.202 6.212 6.222 6.232 6.242 6.251 6.260 6.270 6.279 6.289 6.298 6.308 6.317 6.325 6.333 6.340 6.348 6.356 6.363 6.371 6.378 6.384 6.391 6.398 6.405 6.413 6.421 6.430 6.440 6.451 6.464 6.477 6.492 6.508 6.525 6.544 6.563 6.582 6.603 6.624 6.647 6.669
5.706 5.719 5.731 5.744 5.758 5.771 5.784 5.798 5.811 5.826 5.840 5.855 5.871 5.887 5.903 5.920 5.937 5.955 5.972 5.990 6.007 6.025 6.042 6.060 6.075 6.090 6.105 6.120 6.135 6.148 6.161 6.174 6.186 6.198 6.209 6.219 6.229 6.239 6.249 6.259 6.268 6.278 6.287 6.297 6.306 6.316 6.325 6.334 6.342 6.350 6.358 6.366 6.373 6.381 6.388 6.395 6.402 6.409 6.416 6.423 6.431 6.440 6.449 6.460 6.471 6.484 6.499 6.514 6.531 6.549 6.568 6.587 6.608 6.629 6.652 6.674
5.720 5.733 5.745 5.758 5.771 5.784 5.797 5.810 5.823 5.836 5.850 5.864 5.879 5.894 5.909 5.925 5.942 5.959 5.976 5.993 6.010 6.027 6.045 6.062 6.078 6.093 6.108 6.123 6.138 6.152 6.166 6.179 6.191 6.203 6.214 6.225 6.236 6.246 6.256 6.266 6.276 6.285 6.295 6.305 6.314 6.324 6.334 6.342 6.350 6.359 6.367 6.375 6.383 6.391 6.398 6.406 6.413 6.420 6.427 6.434 6.441 6.449 6.458 6.468 6.479 6.492 6.505 6.521 6.537 6.555 6.573 6.592 6.612 6.634 6.656 6.679
5.733 5.746 5.759 5.772 5.785 5.798 5.810 5.823 5.836 5.848 5.861 5.875 5.888 5.902 5.917 5.932 5.948 5.964 5.980 5.997 6.013 6.030 6.047 6.064 6.080 6.095 6.111 6.126 6.141 6.155 6.169 6.183 6.196 6.208 6.220 6.231 6.242 6.252 6.263 6.273 6.282 6.292 6.302 6.312 6.322 6.331 6.341 6.350 6.358 6.367 6.376 6.384 6.393 6.401 6.408 6.416 6.423 6.430 6.437 6.444 6.452 6.459 6.468 6.477 6.488 6.500 6.513 6.527 6.543 6.560 6.578 6.597 6.617 6.639 6.661 6.684
5.745 5.759 5.772 5.785 5.798 5.811 5.824 5.837 5.849 5.861 5.874 5.886 5.899 5.912 5.926 5.940 5.955 5.970 5.985 6.001 6.018 6.034 6.051 6.067 6.083 6.098 6.114 6.129 6.144 6.159 6.173 6.187 6.200 6.212 6.225 6.236 6.247 6.258 6.269 6.279 6.289 6.299 6.309 6.319 6.329 6.339 6.349 6.358 6.366 6.375 6.384 6.393 6.402 6.410 6.418 6.426 6.433 6.441 6.448 6.455 6.462 6.469 6.478 6.486 6.496 6.507 6.520 6.534 6.549 6.566 6.583 6.602 6.622 6.643 6.666 6.689
5.757 5.771 5.785 5.798 5.812 5.825 5.838 5.850 5.863 5.875 5.887 5.899 5.911 5.923 5.936 5.950 5.963 5.977 5.992 6.007 6.023 6.039 6.055 6.071 6.086 6.101 6.117 6.132 6.147 6.162 6.177 6.190 6.204 6.217 6.229 6.241 6.252 6.264 6.274 6.285 6.295 6.305 6.315 6.325 6.335 6.345 6.356 6.365 6.374 6.383 6.392 6.401 6.410 6.419 6.428 6.436 6.443 6.451 6.458 6.465 6.472 6.479 6.487 6.496 6.505 6.516 6.528 6.541 6.556 6.572 6.588 6.607 6.627 6.648 6.670 6.694
5.769 5.783 5.797 5.811 5.824 5.838 5.851 5.864 5.876 5.888 5.900 5.912 5.924 5.936 5.948 5.960 5.973 5.986 6.000 6.014 6.029 6.044 6.060 6.075 6.090 6.105 6.120 6.135 6.151 6.166 6.180 6.194 6.208 6.221 6.234 6.246 6.257 6.269 6.280 6.290 6.301 6.311 6.321 6.331 6.342 6.352 6.362 6.372 6.381 6.390 6.400 6.409 6.419 6.428 6.437 6.445 6.453 6.461 6.468 6.475 6.482 6.490 6.497 6.505 6.514 6.524 6.535 6.548 6.562 6.578 6.594 6.612 6.631 6.652 6.675 6.698
5.780 5.794 5.808 5.822 5.837 5.850 5.864 5.877 5.889 5.902 5.914 5.925 5.937 5.948 5.960 5.972 5.984 5.996 6.009 6.023 6.037 6.051 6.066 6.081 6.095 6.109 6.124 6.139 6.154 6.169 6.184 6.198 6.212 6.225 6.238 6.250 6.262 6.274 6.285 6.296 6.306 6.317 6.327 6.337 6.348 6.358 6.368 6.378 6.387 6.397 6.407 6.417 6.426 6.436 6.445 6.454 6.462 6.470 6.478 6.485 6.493 6.500 6.507 6.515 6.523 6.533 6.544 6.556 6.569 6.584 6.599 6.617 6.636 6.657 6.679 6.703
5.790 5.805 5.819 5.834 5.848 5.862 5.876 5.889 5.902 5.915 5.927 5.939 5.950 5.962 5.973 5.984 5.996 6.008 6.020 6.032 6.045 6.059 6.073 6.087 6.101 6.115 6.129 6.144 6.158 6.173 6.188 6.202 6.216 6.229 6.242 6.254 6.267 6.278 6.290 6.301 6.311 6.322 6.332 6.343 6.353 6.364 6.374 6.384 6.393 6.403 6.413 6.424 6.434 6.444 6.453 6.463 6.471 6.480 6.488 6.495 6.503 6.510 6.517 6.525 6.533 6.542 6.552 6.563 6.576 6.590 6.605 6.622 6.641 6.661 6.684 6.707
5.801 5.816 5.830 5.844 5.859 5.874 5.888 5.901 5.915 5.928 5.940 5.952 5.964 5.975 5.986 5.997 6.008 6.020 6.031 6.043 6.055 6.068 6.081 6.095 6.108 6.121 6.134 6.149 6.163 6.178 6.192 6.206 6.220 6.233 6.246 6.259 6.271 6.283 6.294 6.305 6.316 6.327 6.338 6.348 6.359 6.369 6.380 6.390 6.399 6.409 6.420 6.430 6.441 6.451 6.461 6.471 6.480 6.489 6.497 6.505 6.512 6.520 6.527 6.534 6.542 6.551 6.560 6.571 6.583 6.596 6.611 6.627 6.645 6.666 6.688 6.711
5.811 5.826 5.840 5.855 5.870 5.884 5.899 5.913 5.926 5.940 5.952 5.965 5.977 5.988 5.999 6.010 6.021 6.032 6.043 6.055 6.066 6.078 6.090 6.103 6.115 6.128 6.141 6.155 6.169 6.183 6.197 6.210 6.224 6.237 6.250 6.263 6.275 6.287 6.299 6.310 6.321 6.332 6.343 6.353 6.364 6.375 6.386 6.395 6.405 6.415 6.426 6.437 6.447 6.458 6.468 6.478 6.488 6.497 6.506 6.514 6.522 6.529 6.537 6.544 6.552 6.560 6.569 6.579 6.591 6.603 6.616 6.632 6.650 6.670 6.692 6.715
5.822 5.836 5.850 5.865 5.880 5.895 5.909 5.923 5.937 5.951 5.964 5.977 5.989 6.001 6.012 6.023 6.034 6.045 6.056 6.067 6.078 6.089 6.101 6.113 6.124 6.136 6.148 6.161 6.175 6.188 6.202 6.215 6.229 6.242 6.255 6.267 6.280 6.292 6.303 6.315 6.326 6.337 6.347 6.358 6.369 6.380 6.391 6.400 6.410 6.421 6.432 6.443 6.454 6.464 6.475 6.486 6.496 6.505 6.514 6.523 6.531 6.539 6.546 6.554 6.561 6.569 6.578 6.587 6.598 6.610 6.622 6.637 6.655 6.674 6.695 6.718
5.832 5.846 5.860 5.875 5.890 5.905 5.919 5.934 5.948 5.962 5.975 5.988 6.001 6.013 6.025 6.036 6.047 6.058 6.069 6.079 6.090 6.101 6.112 6.123 6.134 6.144 6.156 6.169 6.182 6.195 6.208 6.221 6.234 6.247 6.260 6.272 6.284 6.296 6.308 6.319 6.330 6.341 6.352 6.363 6.374 6.385 6.395 6.405 6.415 6.426 6.437 6.448 6.459 6.471 6.482 6.492 6.503 6.513 6.522 6.531 6.540 6.548 6.556 6.563 6.570 6.578 6.586 6.595 6.606 6.616 6.628 6.643 6.659 6.678 6.699 6.721
5.843 5.857 5.871 5.885 5.900 5.915 5.929 5.944 5.958 5.972 5.986 5.999 6.012 6.025 6.037 6.048 6.060 6.071 6.081 6.092 6.102 6.113 6.123 6.134 6.144 6.154 6.165 6.177 6.189 6.202 6.214 6.227 6.240 6.252 6.265 6.277 6.289 6.301 6.312 6.324 6.335 6.346 6.357 6.368 6.379 6.390 6.400 6.410 6.420 6.431 6.442 6.453 6.465 6.476 6.488 6.499 6.510 6.520 6.530 6.539 6.548 6.557 6.565 6.572 6.580 6.587 6.595 6.603 6.613 6.623 6.634 6.648 6.664 6.682 6.702 6.724
5.853 5.867 5.881 5.895 5.910 5.924 5.939 5.953 5.968 5.982 5.996 6.009 6.023 6.036 6.048 6.060 6.072 6.083 6.094 6.104 6.115 6.125 6.136 6.146 6.155 6.165 6.175 6.186 6.198 6.210 6.222 6.234 6.246 6.258 6.270 6.282 6.294 6.306 6.317 6.328 6.339 6.350 6.361 6.372 6.383 6.394 6.404 6.414 6.425 6.436 6.447 6.459 6.470 6.482 6.493 6.505 6.516 6.527 6.537 6.547 6.556 6.565 6.573 6.581 6.588 6.596 6.603 6.611 6.621 6.630 6.640 6.653 6.668 6.685 6.704 6.726
5.864 5.878 5.892 5.906 5.920 5.934 5.949 5.963 5.977 5.992 6.006 6.019 6.033 6.046 6.059 6.071 6.083 6.095 6.106 6.116 6.127 6.138 6.148 6.158 6.166 6.176 6.186 6.196 6.207 6.218 6.230 6.241 6.253 6.264 6.276 6.288 6.299 6.311 6.322 6.333 6.344 6.355 6.366 6.376 6.387 6.398 6.409 6.419 6.429 6.440 6.452 6.463 6.475 6.487 6.499 6.511 6.522 6.533 6.544 6.554 6.564 6.573 6.582 6.589 6.597 6.604 6.612 6.619 6.628 6.637 6.646 6.658 6.672 6.688 6.707 6.727
5.875 5.889 5.902 5.916 5.930 5.944 5.959 5.973 5.987 6.001 6.015 6.029 6.043 6.056 6.069 6.082 6.094 6.106 6.117 6.128 6.139 6.150 6.160 6.169 6.178 6.187 6.197 6.207 6.217 6.227 6.238 6.249 6.260 6.271 6.283 6.294 6.305 6.316 6.327 6.338 6.349 6.360 6.370 6.381 6.392 6.403 6.413 6.423 6.434 6.445 6.456 6.468 6.480 6.492 6.504 6.516 6.528 6.539 6.550 6.561 6.571 6.581 6.589 6.598 6.605 6.613 6.620 6.627 6.635 6.643 6.652 6.662 6.675 6.690 6.708 6.728
5.886 5.899 5.913 5.927 5.941 5.955 5.969 5.983 5.997 6.011 6.024 6.038 6.052 6.065 6.079 6.092 6.104 6.116 6.128 6.139 6.150 6.161 6.172 6.181 6.189 6.198 6.208 6.217 6.227 6.237 6.247 6.258 6.268 6.279 6.290 6.301 6.311 6.322 6.333 6.343 6.354 6.365 6.375 6.386 6.396 6.407 6.418 6.427 6.438 6.449 6.461 6.472 6.484 6.497 6.509 6.521 6.533 6.545 6.556 6.567 6.578 6.588 6.597 6.605 6.613 6.620 6.628 6.635 6.642 6.649 6.657 6.667 6.678 6.692 6.709 6.728
5.896 5.909 5.923 5.937 5.951 5.965 5.979 5.992 6.006 6.020 6.034 6.047 6.061 6.075 6.088 6.101 6.114 6.126 6.138 6.150 6.161 6.172 6.183 6.192 6.201 6.210 6.219 6.228 6.238 6.247 6.257 6.267 6.277 6.287 6.298 6.308 6.318 6.329 6.339 6.349 6.359 6.370 6.380 6.391 6.401 6.412 6.422 6.432 6.442 6.453 6.465 6.477 6.489 6.501 6.513 6.526 6.538 6.550 6.562 6.573 6.584 6.594 6.604 6.612 6.620 6.628 6.635 6.642 6.649 6.655 6.662 6.670 6.681 6.694 6.710 6.728
