version2/TsunamiDB/out54003.asc
ncols          264
nrows          230
xllcorner      497853.4375
yllcorner      4229146.0000
cellsize         5.
NODATA_value   -99
[rows 186 to 216 of 230, columns 138 to 206 of 264]
-99.000 -99.000 -99.000 -99.000 -99.000 -99.000 -99.000 -99.000 -99.000 -99.000 -99.000 -99.000 -99.000 -99.000 -99.000 -99.000 -99.000 1.644 1.659 1.748 1.945 2.233 2.589 2.981 3.379 3.754 4.087 4.345 4.541 4.687 4.790 4.882 4.973 5.058 5.141 5.225 5.312 5.404 5.467 5.500 5.621 5.730 5.762 5.800 5.836 5.865 5.877 5.872 5.858 5.833 5.915 6.030 6.046 6.027 5.993 5.955 5.916 5.880 5.834 5.764 5.789 5.877 5.901 5.888 5.850 5.801 5.741 5.662 5.588
-99.000 -99.000 -99.000 -99.000 -99.000 -99.000 -99.000 -99.000 -99.000 -99.000 -99.000 -99.000 -99.000 -99.000 -99.000 -99.000 1.644 1.647 1.684 1.819 2.057 2.377 2.752 3.148 3.538 3.899 4.210 4.444 4.617 4.746 4.838 4.922 5.005 5.084 5.165 5.256 5.350 5.431 5.484 5.521 5.638 5.745 5.780 5.822 5.859 5.892 5.909 5.907 5.898 5.872 5.954 6.075 6.100 6.083 6.046 6.006 5.963 5.912 5.851 5.771 5.786 5.867 5.887 5.868 5.824 5.769 5.703 5.629 5.572
-99.000 -99.000 -99.000 -99.000 -99.000 -99.000 -99.000 -99.000 -99.000 -99.000 -99.000 -99.000 -99.000 -99.000 -99.000 -99.000 1.644 1.654 1.729 1.912 2.190 2.538 2.927 3.323 3.702 4.045 4.325 4.531 4.682 4.795 4.876 4.949 5.024 5.098 5.181 5.279 5.374 5.448 5.501 5.535 5.653 5.761 5.800 5.841 5.880 5.917 5.937 5.943 5.937 5.909 5.993 6.124 6.155 6.138 6.100 6.057 6.001 5.935 5.862 5.769 5.776 5.850 5.865 5.839 5.789 5.729 5.664 5.606 5.562
-99.000 -99.000 -99.000 -99.000 -99.000 -99.000 -99.000 -99.000 -99.000 -99.000 -99.000 -99.000 -99.000 -99.000 -99.000 -99.000 1.646 1.675 1.797 2.026 2.341 2.714 3.112 3.504 3.868 4.188 4.433 4.612 4.741 4.839 4.908 4.971 5.036 5.107 5.198 5.301 5.397 5.470 5.520 5.555 5.673 5.786 5.822 5.861 5.903 5.941 5.967 5.980 5.976 5.948 6.036 6.174 6.207 6.190 6.152 6.099 6.031 5.952 5.864 5.761 5.759 5.826 5.834 5.802 5.747 5.688 5.633 5.590 5.556
-99.000 -99.000 -99.000 -99.000 -99.000 -99.000 -99.000 -99.000 -99.000 -99.000 -99.000 -99.000 -99.000 -99.000 -99.000 1.644 1.652 1.716 1.888 2.160 2.508 2.901 3.304 3.689 4.039 4.324 4.536 4.688 4.798 4.881 4.938 4.990 5.051 5.124 5.216 5.323 5.421 5.494 5.545 5.580 5.699 5.812 5.849 5.888 5.924 5.965 5.997 6.015 6.018 5.990 6.077 6.217 6.254 6.238 6.193 6.132 6.052 5.959 5.859 5.748 5.736 5.794 5.797 5.761 5.707 5.655 5.612 5.579 5.554
-99.000 -99.000 -99.000 -99.000 -99.000 -99.000 -99.000 -99.000 -99.000 -99.000 -99.000 -99.000 -99.000 -99.000 -99.000 1.645 1.669 1.779 2.001 2.313 2.690 3.098 3.503 3.881 4.205 4.452 4.631 4.759 4.849 4.916 4.962 5.009 5.069 5.142 5.235 5.344 5.441 5.519 5.573 5.606 5.726 5.844 5.882 5.913 5.947 5.989 6.024 6.051 6.060 6.028 6.113 6.256 6.295 6.275 6.223 6.155 6.064 5.959 5.848 5.727 5.706 5.758 5.756 5.721 5.673 5.631 5.597 5.574 5.557
-99.000 -99.000 -99.000 -99.000 -99.000 -99.000 -99.000 -99.000 -99.000 -99.000 -99.000 -99.000 -99.000 -99.000 1.644 1.649 1.703 1.865 2.131 2.479 2.881 3.300 3.708 4.073 4.362 4.575 4.724 4.827 4.897 4.949 4.988 5.036 5.097 5.168 5.262 5.366 5.464 5.550 5.607 5.639 5.760 5.885 5.915 5.937 5.970 6.011 6.049 6.086 6.096 6.060 6.144 6.290 6.325 6.300 6.243 6.166 6.066 5.950 5.827 5.698 5.673 5.718 5.716 5.686 5.646 5.610 5.587 5.572 5.559
-99.000 -99.000 -99.000 -99.000 -99.000 -99.000 -99.000 -99.000 -99.000 -99.000 -99.000 -99.000 -99.000 -99.000 1.645 1.661 1.758 1.969 2.276 2.657 3.078 3.508 3.915 4.263 4.519 4.698 4.817 4.895 4.945 4.985 5.022 5.075 5.139 5.209 5.294 5.391 5.491 5.584 5.647 5.672 5.792 5.913 5.936 5.957 5.986 6.027 6.071 6.110 6.124 6.084 6.164 6.306 6.336 6.307 6.244 6.160 6.053 5.925 5.792 5.660 5.631 5.674 5.676 5.653 5.619 5.594 5.579 5.568 5.557
-99.000 -99.000 -99.000 -99.000 -99.000 -99.000 -99.000 -99.000 -99.000 -99.000 -99.000 -99.000 -99.000 1.644 1.647 1.688 1.833 2.086 2.430 2.838 3.276 3.715 4.120 4.443 4.669 4.818 4.911 4.967 5.002 5.035 5.075 5.136 5.202 5.265 5.338 5.424 5.515 5.611 5.680 5.700 5.815 5.935 5.960 5.979 6.006 6.046 6.086 6.125 6.142 6.097 6.170 6.307 6.334 6.300 6.231 6.143 6.029 5.894 5.756 5.623 5.594 5.639 5.646 5.628 5.601 5.583 5.572 5.564 5.554
-99.000 -99.000 -99.000 -99.000 -99.000 -99.000 -99.000 -99.000 -99.000 -99.000 -99.000 -99.000 -99.000 1.644 1.655 1.732 1.923 2.215 2.590 3.020 3.472 3.922 4.325 4.624 4.822 4.944 5.013 5.052 5.076 5.108 5.154 5.222 5.284 5.336 5.397 5.470 5.555 5.660 5.734 5.736 5.844 5.966 5.988 6.002 6.027 6.063 6.099 6.142 6.163 6.108 6.171 6.305 6.328 6.289 6.217 6.125 6.006 5.866 5.723 5.592 5.566 5.614 5.625 5.611 5.591 5.578 5.569 5.562 5.553
-99.000 -99.000 -99.000 -99.000 -99.000 -99.000 -99.000 -99.000 -99.000 -99.000 -99.000 -99.000 -99.000 1.645 1.673 1.794 2.027 2.353 2.756 3.205 3.669 4.128 4.521 4.793 4.964 5.062 5.114 5.142 5.166 5.202 5.257 5.331 5.386 5.433 5.488 5.549 5.627 5.745 5.791 5.769 5.874 5.991 6.010 6.025 6.050 6.082 6.118 6.173 6.181 6.108 6.167 6.295 6.313 6.270 6.195 6.097 5.974 5.826 5.684 5.564 5.544 5.593 5.606 5.599 5.584 5.573 5.565 5.560 5.550
-99.000 -99.000 -99.000 -99.000 -99.000 -99.000 -99.000 -99.000 -99.000 -99.000 -99.000 -99.000 1.644 1.650 1.707 1.873 2.144 2.503 2.926 3.390 3.863 4.324 4.698 4.940 5.083 5.164 5.210 5.242 5.274 5.313 5.379 5.460 5.513 5.559 5.605 5.662 5.730 5.796 5.809 5.798 5.899 6.010 6.034 6.052 6.078 6.115 6.155 6.188 6.171 6.097 6.152 6.271 6.285 6.241 6.160 6.056 5.927 5.782 5.656 5.544 5.525 5.576 5.595 5.591 5.578 5.568 5.562 5.556 5.547
-99.000 -99.000 -99.000 -99.000 -99.000 -99.000 -99.000 -99.000 -99.000 -99.000 -99.000 -99.000 1.645 1.661 1.758 1.966 2.273 2.657 3.098 3.572 4.052 4.505 4.844 5.051 5.172 5.245 5.296 5.340 5.381 5.425 5.502 5.590 5.639 5.681 5.720 5.761 5.794 5.820 5.828 5.818 5.915 6.026 6.058 6.080 6.108 6.144 6.169 6.176 6.148 6.073 6.122 6.234 6.246 6.198 6.114 6.007 5.879 5.750 5.637 5.529 5.512 5.566 5.588 5.586 5.573 5.564 5.557 5.553 5.547
-99.000 -99.000 -99.000 -99.000 -99.000 -99.000 -99.000 -99.000 -99.000 -99.000 -99.000 1.644 1.647 1.685 1.825 2.072 2.409 2.815 3.269 3.752 4.232 4.663 4.956 5.129 5.233 5.306 5.370 5.429 5.480 5.528 5.615 5.709 5.750 5.787 5.816 5.832 5.839 5.845 5.843 5.834 5.927 6.042 6.076 6.100 6.127 6.149 6.158 6.150 6.113 6.038 6.082 6.187 6.195 6.146 6.061 5.956 5.840 5.726 5.620 5.517 5.503 5.559 5.582 5.581 5.569 5.559 5.555 5.554 5.549
-99.000 -99.000 -99.000 -99.000 -99.000 -99.000 -99.000 -99.000 -99.000 -99.000 -99.000 1.644 1.653 1.724 1.908 2.190 2.554 2.976 3.441 3.929 4.401 4.789 5.031 5.176 5.270 5.350 5.431 5.506 5.569 5.617 5.711 5.809 5.845 5.877 5.889 5.889 5.880 5.866 5.857 5.847 5.936 6.046 6.083 6.109 6.124 6.134 6.132 6.111 6.069 5.995 6.033 6.129 6.135 6.089 6.008 5.914 5.811 5.705 5.606 5.509 5.497 5.553 5.577 5.577 5.566 5.558 5.557 5.558 5.558
-99.000 -99.000 -99.000 -99.000 -99.000 -99.000 -99.000 -99.000 -99.000 -99.000 -99.000 1.645 1.669 1.781 2.005 2.319 2.706 3.143 3.616 4.104 4.550 4.875 5.072 5.195 5.286 5.377 5.476 5.570 5.641 5.687 5.789 5.895 5.927 5.947 5.948 5.938 5.914 5.886 5.866 5.851 5.934 6.043 6.080 6.097 6.102 6.104 6.092 6.064 6.020 5.945 5.977 6.068 6.076 6.033 5.962 5.880 5.786 5.689 5.596 5.501 5.491 5.547 5.572 5.574 5.567 5.561 5.562 5.569 5.574
-99.000 -99.000 -99.000 -99.000 -99.000 -99.000 -99.000 -99.000 -99.000 -99.000 1.644 1.648 1.699 1.854 2.115 2.458 2.865 3.315 3.797 4.277 4.671 4.930 5.090 5.198 5.289 5.392 5.509 5.618 5.694 5.740 5.854 5.967 5.989 6.002 5.995 5.974 5.939 5.895 5.861 5.843 5.922 6.028 6.058 6.069 6.068 6.060 6.044 6.013 5.964 5.890 5.921 6.009 6.017 5.983 5.922 5.847 5.764 5.674 5.583 5.491 5.483 5.539 5.566 5.574 5.570 5.568 5.574 5.587 5.595
-99.000 -99.000 -99.000 -99.000 -99.000 -99.000 -99.000 -99.000 -99.000 -99.000 1.645 1.659 1.745 1.944 2.238 2.607 3.031 3.495 3.981 4.439 4.766 4.972 5.103 5.198 5.287 5.400 5.528 5.642 5.722 5.768 5.892 6.008 6.022 6.028 6.012 5.983 5.936 5.876 5.834 5.811 5.886 5.986 6.013 6.021 6.012 6.000 5.982 5.946 5.897 5.828 5.857 5.943 5.957 5.931 5.878 5.813 5.738 5.650 5.561 5.475 5.468 5.525 5.558 5.572 5.574 5.577 5.590 5.608 5.620
-99.000 -99.000 -99.000 -99.000 -99.000 -99.000 -99.000 -99.000 -99.000 1.645 1.647 1.680 1.808 2.046 2.370 2.762 3.201 3.674 4.158 4.578 4.847 5.012 5.117 5.199 5.286 5.400 5.526 5.638 5.723 5.769 5.898 6.017 6.031 6.031 6.009 5.976 5.922 5.855 5.805 5.777 5.848 5.946 5.971 5.973 5.959 5.945 5.924 5.886 5.840 5.772 5.802 5.889 5.907 5.886 5.839 5.783 5.713 5.628 5.541 5.459 5.456 5.516 5.556 5.577 5.585 5.596 5.612 5.632 5.647
-99.000 -99.000 -99.000 -99.000 -99.000 -99.000 -99.000 -99.000 -99.000 1.646 1.653 1.717 1.889 2.162 2.514 2.923 3.373 3.849 4.321 4.696 4.918 5.052 5.141 5.220 5.314 5.431 5.555 5.669 5.754 5.790 5.923 6.050 6.061 6.057 6.032 5.993 5.930 5.853 5.791 5.756 5.823 5.918 5.939 5.935 5.918 5.901 5.876 5.840 5.794 5.730 5.761 5.848 5.868 5.850 5.810 5.759 5.693 5.611 5.525 5.447 5.450 5.515 5.561 5.589 5.606 5.622 5.641 5.664 5.683
-99.000 -99.000 -99.000 -99.000 -99.000 -99.000 -99.000 -99.000 -99.000 1.647 1.667 1.772 1.986 2.291 2.667 3.090 3.547 4.020 4.469 4.793 4.974 5.088 5.176 5.266 5.374 5.493 5.614 5.734 5.798 5.820 5.958 6.088 6.097 6.088 6.055 6.005 5.934 5.839 5.769 5.734 5.796 5.888 5.904 5.898 5.878 5.856 5.831 5.794 5.749 5.691 5.725 5.809 5.829 5.816 5.780 5.732 5.669 5.585 5.503 5.437 5.446 5.515 5.568 5.605 5.631 5.652 5.675 5.706 5.723
-99.000 -99.000 -99.000 -99.000 -99.000 -99.000 -99.000 -99.000 -99.000 1.650 1.696 1.846 2.098 2.433 2.828 3.262 3.724 4.191 4.601 4.870 5.019 5.121 5.214 5.318 5.434 5.561 5.680 5.770 5.817 5.846 5.986 6.117 6.126 6.112 6.068 6.007 5.922 5.827 5.763 5.715 5.768 5.858 5.873 5.862 5.836 5.811 5.785 5.749 5.710 5.657 5.689 5.769 5.793 5.782 5.746 5.698 5.635 5.557 5.490 5.432 5.445 5.519 5.581 5.628 5.661 5.690 5.721 5.749 5.754
-99.000 -99.000 -99.000 -99.000 -99.000 -99.000 -99.000 -99.000 1.646 1.660 1.744 1.940 2.229 2.589 3.000 3.441 3.901 4.347 4.704 4.924 5.048 5.141 5.238 5.347 5.467 5.595 5.703 5.779 5.829 5.855 5.998 6.135 6.146 6.125 6.076 6.008 5.918 5.828 5.757 5.694 5.739 5.829 5.840 5.823 5.794 5.766 5.739 5.706 5.672 5.621 5.652 5.731 5.756 5.744 5.708 5.660 5.600 5.537 5.483 5.431 5.448 5.531 5.603 5.656 5.697 5.734 5.765 5.784 5.779
-99.000 -99.000 -99.000 -99.000 -99.000 -99.000 -99.000 -99.000 1.647 1.683 1.816 2.055 2.378 2.761 3.183 3.629 4.080 4.491 4.788 4.966 5.069 5.157 5.249 5.355 5.478 5.602 5.708 5.785 5.834 5.859 6.005 6.151 6.160 6.137 6.086 6.013 5.922 5.827 5.743 5.670 5.711 5.797 5.802 5.782 5.749 5.720 5.695 5.667 5.634 5.586 5.617 5.695 5.718 5.705 5.669 5.623 5.574 5.525 5.481 5.437 5.461 5.552 5.629 5.689 5.736 5.775 5.801 5.811 5.795
-99.000 -99.000 -99.000 -99.000 -99.000 -99.000 -99.000 1.644 1.654 1.727 1.909 2.189 2.542 2.946 3.378 3.823 4.257 4.620 4.859 5.002 5.090 5.166 5.255 5.357 5.470 5.595 5.709 5.790 5.842 5.862 6.008 6.158 6.170 6.148 6.093 6.021 5.925 5.819 5.726 5.645 5.678 5.759 5.761 5.738 5.704 5.678 5.656 5.628 5.597 5.554 5.583 5.657 5.678 5.667 5.633 5.595 5.557 5.520 5.487 5.452 5.481 5.576 5.657 5.723 5.772 5.808 5.828 5.827 5.801
-99.000 -99.000 -99.000 -99.000 -99.000 -99.000 -99.000 1.645 1.674 1.794 2.023 2.342 2.725 3.146 3.585 4.026 4.427 4.722 4.911 5.028 5.102 5.168 5.249 5.343 5.450 5.584 5.704 5.796 5.849 5.861 6.008 6.167 6.182 6.153 6.099 6.026 5.922 5.805 5.702 5.610 5.639 5.715 5.715 5.691 5.661 5.637 5.615 5.590 5.562 5.519 5.547 5.619 5.641 5.632 5.605 5.576 5.548 5.523 5.502 5.471 5.503 5.601 5.686 5.753 5.800 5.832 5.844 5.834 5.798
-99.000 -99.000 -99.000 -99.000 -99.000 -99.000 1.643 1.650 1.712 1.883 2.156 2.512 2.923 3.362 3.807 4.236 4.579 4.811 4.960 5.052 5.112 5.169 5.233 5.326 5.437 5.573 5.702 5.805 5.859 5.864 6.014 6.180 6.186 6.152 6.097 6.018 5.907 5.779 5.661 5.566 5.593 5.663 5.662 5.645 5.618 5.594 5.577 5.555 5.526 5.484 5.512 5.583 5.608 5.605 5.586 5.564 5.548 5.535 5.520 5.492 5.525 5.625 5.710 5.774 5.819 5.844 5.849 5.829 5.782
-99.000 -99.000 -99.000 -99.000 -99.000 -99.000 1.644 1.665 1.771 1.991 2.305 2.697 3.134 3.594 4.047 4.439 4.714 4.895 5.010 5.077 5.124 5.169 5.225 5.314 5.425 5.563 5.699 5.809 5.869 5.863 6.009 6.170 6.165 6.126 6.066 5.984 5.866 5.725 5.599 5.504 5.528 5.599 5.606 5.592 5.568 5.550 5.535 5.512 5.483 5.445 5.473 5.545 5.576 5.581 5.569 5.558 5.552 5.546 5.537 5.511 5.543 5.641 5.722 5.784 5.823 5.842 5.839 5.809 5.751
-99.000 -99.000 -99.000 -99.000 -99.000 1.643 1.647 1.692 1.844 2.107 2.458 2.881 3.347 3.829 4.278 4.616 4.839 4.980 5.066 5.113 5.150 5.194 5.249 5.332 5.438 5.565 5.687 5.800 5.866 5.849 5.985 6.137 6.127 6.081 6.017 5.933 5.812 5.666 5.537 5.443 5.471 5.546 5.557 5.545 5.525 5.511 5.496 5.473 5.447 5.411 5.442 5.518 5.556 5.568 5.564 5.562 5.561 5.559 5.554 5.527 5.556 5.649 5.726 5.783 5.816 5.829 5.818 5.778 5.710
-99.000 -99.000 -99.000 -99.000 -99.000 1.644 1.654 1.735 1.934 2.237 2.618 3.073 3.569 4.074 4.503 4.791 4.969 5.077 5.139 5.174 5.214 5.269 5.322 5.395 5.480 5.584 5.697 5.821 5.892 5.847 5.968 6.114 6.094 6.040 5.973 5.887 5.763 5.614 5.478 5.393 5.426 5.503 5.519 5.510 5.494 5.483 5.468 5.445 5.420 5.388 5.423 5.503 5.547 5.565 5.569 5.572 5.575 5.576 5.574 5.543 5.565 5.653 5.726 5.776 5.804 5.810 5.790 5.740 5.662
-99.000 -99.000 -99.000 -99.000 -99.000 1.645 1.672 1.793 2.036 2.376 2.787 3.272 3.795 4.307 4.698 4.939 5.081 5.164 5.211 5.245 5.302 5.375 5.428 5.494 5.565 5.647 5.750 5.889 5.920 5.838 5.948 6.082 6.051 5.991 5.918 5.826 5.700 5.539 5.413 5.348 5.387 5.466 5.486 5.481 5.468 5.456 5.441 5.418 5.395 5.369 5.409 5.493 5.541 5.567 5.578 5.585 5.590 5.596 5.590 5.552 5.568 5.649 5.715 5.760 5.782 5.780 5.751 5.691 5.602
