version2/TsunamiDB/out54146.asc
ncols          264
nrows          230
xllcorner      497853.4375
yllcorner      4229146.0000
cellsize         5.
NODATA_value   -99
[rows 102 to 135 of 230, columns 0 to 76 of 264]
5.685 5.697 5.709 5.722 5.734 5.746 5.758 5.770 5.783 5.795 5.807 5.817 5.829 5.840 5.851 5.863 5.875 5.887 5.899 5.910 5.922 5.934 5.946 5.958 5.970 5.982 5.994 6.006 6.018 6.030 6.043 6.055 6.068 6.081 6.092 6.104 6.116 6.128 6.140 6.152 6.165 6.177 6.190 6.203 6.216 6.229 6.241 6.254 6.267 6.279 6.292 6.304 6.317 6.329 6.341 6.354 6.366 6.377 6.387 6.397 6.407 6.417 6.427 6.437 6.446 6.455 6.464 6.473 6.482 6.490 6.498 6.506 6.513 6.521 6.528 6.535 6.542
5.695 5.707 5.719 5.731 5.743 5.755 5.767 5.779 5.791 5.803 5.814 5.825 5.836 5.847 5.858 5.870 5.881 5.893 5.904 5.916 5.928 5.939 5.951 5.963 5.975 5.986 5.998 6.010 6.022 6.034 6.046 6.059 6.071 6.084 6.095 6.106 6.118 6.130 6.142 6.154 6.166 6.178 6.191 6.204 6.216 6.229 6.242 6.254 6.267 6.279 6.292 6.305 6.317 6.329 6.342 6.354 6.367 6.377 6.388 6.398 6.409 6.419 6.429 6.438 6.448 6.457 6.467 6.476 6.484 6.493 6.501 6.509 6.517 6.525 6.532 6.539 6.546
5.705 5.717 5.729 5.741 5.752 5.764 5.776 5.787 5.799 5.811 5.822 5.833 5.843 5.854 5.865 5.876 5.888 5.899 5.910 5.922 5.933 5.945 5.956 5.968 5.980 5.991 6.003 6.015 6.026 6.038 6.050 6.062 6.075 6.086 6.098 6.109 6.120 6.132 6.143 6.155 6.167 6.180 6.192 6.204 6.217 6.229 6.242 6.255 6.267 6.280 6.292 6.305 6.317 6.330 6.342 6.355 6.367 6.378 6.388 6.399 6.409 6.420 6.430 6.440 6.449 6.459 6.468 6.478 6.487 6.495 6.504 6.512 6.520 6.528 6.536 6.543 6.551
5.716 5.728 5.739 5.751 5.762 5.774 5.785 5.796 5.808 5.820 5.830 5.841 5.851 5.862 5.872 5.883 5.894 5.906 5.917 5.928 5.939 5.951 5.962 5.973 5.985 5.996 6.008 6.019 6.031 6.042 6.054 6.066 6.078 6.090 6.101 6.112 6.123 6.134 6.146 6.157 6.169 6.181 6.193 6.205 6.218 6.230 6.243 6.255 6.267 6.280 6.292 6.305 6.317 6.330 6.342 6.355 6.367 6.378 6.389 6.399 6.410 6.420 6.431 6.441 6.451 6.460 6.470 6.479 6.489 6.497 6.506 6.515 6.523 6.531 6.539 6.547 6.554
5.727 5.738 5.750 5.761 5.772 5.784 5.795 5.806 5.817 5.829 5.839 5.849 5.859 5.870 5.880 5.891 5.902 5.913 5.924 5.935 5.946 5.957 5.968 5.979 5.990 6.001 6.013 6.024 6.035 6.047 6.058 6.070 6.082 6.093 6.104 6.115 6.126 6.137 6.148 6.159 6.171 6.183 6.195 6.207 6.219 6.231 6.243 6.256 6.268 6.280 6.293 6.305 6.317 6.330 6.342 6.355 6.367 6.378 6.389 6.400 6.410 6.421 6.431 6.441 6.452 6.461 6.471 6.481 6.490 6.499 6.508 6.517 6.525 6.534 6.542 6.549 6.557
5.738 5.749 5.761 5.772 5.783 5.794 5.805 5.816 5.827 5.838 5.849 5.858 5.868 5.878 5.889 5.899 5.910 5.920 5.931 5.942 5.952 5.963 5.974 5.985 5.996 6.007 6.018 6.029 6.040 6.052 6.063 6.074 6.086 6.097 6.108 6.118 6.129 6.140 6.151 6.162 6.173 6.185 6.197 6.208 6.220 6.232 6.244 6.256 6.269 6.281 6.293 6.305 6.318 6.330 6.343 6.355 6.367 6.378 6.389 6.400 6.411 6.421 6.432 6.442 6.452 6.462 6.472 6.482 6.491 6.501 6.510 6.519 6.527 6.536 6.544 6.552 6.560
5.749 5.760 5.771 5.783 5.794 5.805 5.816 5.827 5.837 5.848 5.859 5.868 5.878 5.887 5.897 5.908 5.918 5.928 5.939 5.949 5.960 5.970 5.981 5.992 6.002 6.013 6.024 6.035 6.046 6.057 6.068 6.079 6.091 6.101 6.112 6.122 6.132 6.143 6.154 6.165 6.176 6.187 6.199 6.210 6.222 6.234 6.246 6.258 6.270 6.282 6.294 6.306 6.318 6.331 6.343 6.355 6.367 6.378 6.389 6.400 6.411 6.422 6.432 6.443 6.453 6.463 6.473 6.483 6.493 6.502 6.511 6.520 6.529 6.538 6.546 6.554 6.563
5.760 5.771 5.783 5.794 5.805 5.816 5.827 5.837 5.848 5.859 5.869 5.878 5.887 5.897 5.907 5.917 5.927 5.937 5.947 5.957 5.967 5.978 5.988 5.998 6.009 6.019 6.030 6.041 6.051 6.062 6.073 6.084 6.095 6.106 6.116 6.126 6.136 6.147 6.158 6.168 6.179 6.190 6.202 6.213 6.224 6.236 6.248 6.259 6.271 6.283 6.295 6.307 6.319 6.331 6.344 6.356 6.368 6.379 6.390 6.401 6.411 6.422 6.433 6.443 6.454 6.464 6.474 6.484 6.494 6.503 6.513 6.522 6.531 6.540 6.548 6.557 6.565
5.771 5.782 5.794 5.805 5.816 5.827 5.838 5.848 5.859 5.870 5.879 5.888 5.898 5.907 5.917 5.926 5.936 5.946 5.956 5.966 5.976 5.986 5.996 6.006 6.016 6.026 6.037 6.047 6.058 6.068 6.079 6.090 6.101 6.111 6.121 6.131 6.141 6.151 6.162 6.172 6.183 6.194 6.205 6.216 6.227 6.238 6.250 6.261 6.273 6.285 6.296 6.308 6.320 6.332 6.344 6.357 6.369 6.380 6.390 6.401 6.412 6.423 6.433 6.444 6.455 6.465 6.475 6.485 6.495 6.505 6.514 6.524 6.533 6.542 6.550 6.559 6.567
5.782 5.793 5.805 5.816 5.827 5.838 5.849 5.860 5.870 5.881 5.890 5.899 5.908 5.918 5.927 5.936 5.946 5.956 5.965 5.975 5.985 5.994 6.004 6.014 6.024 6.034 6.044 6.054 6.064 6.075 6.085 6.096 6.107 6.117 6.126 6.136 6.146 6.156 6.166 6.176 6.187 6.198 6.208 6.219 6.230 6.241 6.252 6.264 6.275 6.287 6.298 6.310 6.322 6.334 6.346 6.358 6.370 6.380 6.391 6.402 6.413 6.424 6.434 6.445 6.455 6.466 6.476 6.486 6.496 6.506 6.516 6.525 6.534 6.543 6.552 6.561 6.569
5.793 5.805 5.816 5.827 5.839 5.849 5.860 5.871 5.882 5.892 5.902 5.911 5.920 5.929 5.938 5.947 5.956 5.966 5.975 5.985 5.994 6.004 6.013 6.023 6.032 6.042 6.052 6.062 6.072 6.082 6.092 6.102 6.113 6.123 6.132 6.142 6.151 6.161 6.171 6.181 6.191 6.202 6.212 6.223 6.234 6.245 6.256 6.267 6.278 6.289 6.301 6.312 6.324 6.335 6.347 6.359 6.371 6.382 6.393 6.403 6.414 6.425 6.435 6.446 6.457 6.467 6.477 6.488 6.498 6.508 6.517 6.527 6.536 6.545 6.554 6.563 6.572
5.804 5.816 5.827 5.839 5.850 5.861 5.872 5.883 5.893 5.904 5.913 5.922 5.931 5.940 5.949 5.958 5.967 5.977 5.986 5.995 6.004 6.013 6.023 6.032 6.041 6.051 6.060 6.070 6.080 6.089 6.099 6.110 6.120 6.130 6.139 6.148 6.157 6.167 6.176 6.186 6.196 6.207 6.217 6.227 6.238 6.249 6.259 6.270 6.281 6.292 6.303 6.315 6.326 6.338 6.349 6.361 6.373 6.383 6.394 6.405 6.416 6.426 6.437 6.448 6.458 6.469 6.479 6.489 6.499 6.509 6.519 6.529 6.538 6.547 6.557 6.565 6.574
5.815 5.827 5.839 5.850 5.861 5.872 5.883 5.894 5.905 5.916 5.925 5.934 5.943 5.952 5.961 5.970 5.979 5.988 5.997 6.006 6.015 6.024 6.033 6.042 6.051 6.060 6.069 6.079 6.088 6.098 6.108 6.117 6.127 6.137 6.146 6.154 6.164 6.173 6.182 6.192 6.202 6.212 6.222 6.232 6.243 6.253 6.264 6.274 6.285 6.296 6.307 6.318 6.329 6.340 6.352 6.364 6.375 6.386 6.396 6.407 6.417 6.428 6.439 6.449 6.460 6.470 6.481 6.491 6.501 6.511 6.521 6.531 6.540 6.550 6.559 6.568 6.577
5.826 5.838 5.850 5.861 5.873 5.884 5.895 5.906 5.917 5.928 5.937 5.946 5.955 5.964 5.973 5.982 5.991 6.000 6.009 6.017 6.026 6.035 6.044 6.053 6.061 6.070 6.079 6.088 6.098 6.107 6.116 6.126 6.136 6.145 6.153 6.162 6.171 6.180 6.189 6.199 6.208 6.218 6.228 6.238 6.248 6.258 6.268 6.279 6.289 6.300 6.311 6.321 6.332 6.344 6.355 6.367 6.378 6.388 6.399 6.409 6.420 6.430 6.441 6.451 6.462 6.473 6.483 6.493 6.504 6.514 6.524 6.533 6.543 6.552 6.562 6.571 6.580
5.837 5.849 5.861 5.873 5.884 5.896 5.907 5.918 5.929 5.940 5.949 5.958 5.967 5.976 5.985 5.994 6.003 6.012 6.021 6.029 6.038 6.047 6.055 6.064 6.073 6.081 6.090 6.099 6.108 6.117 6.126 6.135 6.145 6.153 6.161 6.170 6.179 6.187 6.196 6.206 6.215 6.225 6.234 6.244 6.254 6.264 6.274 6.284 6.294 6.304 6.315 6.326 6.336 6.348 6.359 6.370 6.381 6.391 6.402 6.412 6.422 6.433 6.444 6.454 6.465 6.475 6.486 6.496 6.506 6.516 6.526 6.536 6.546 6.555 6.565 6.574 6.583
5.849 5.861 5.873 5.884 5.896 5.907 5.919 5.930 5.941 5.952 5.961 5.970 5.979 5.988 5.997 6.006 6.015 6.024 6.033 6.042 6.050 6.059 6.067 6.076 6.084 6.093 6.101 6.110 6.118 6.127 6.136 6.146 6.155 6.162 6.170 6.179 6.187 6.196 6.204 6.213 6.222 6.232 6.241 6.251 6.260 6.270 6.280 6.290 6.300 6.310 6.320 6.330 6.341 6.352 6.363 6.374 6.385 6.395 6.405 6.415 6.426 6.436 6.447 6.457 6.468 6.478 6.489 6.499 6.509 6.519 6.529 6.539 6.549 6.559 6.568 6.577 6.587
5.861 5.873 5.885 5.896 5.908 5.920 5.931 5.942 5.953 5.964 5.973 5.982 5.992 6.001 6.010 6.019 6.028 6.037 6.046 6.055 6.063 6.071 6.080 6.088 6.096 6.105 6.113 6.121 6.130 6.138 6.147 6.156 6.165 6.172 6.180 6.188 6.196 6.205 6.213 6.222 6.231 6.240 6.249 6.258 6.267 6.277 6.286 6.296 6.306 6.316 6.326 6.336 6.346 6.357 6.368 6.379 6.389 6.399 6.409 6.419 6.430 6.440 6.450 6.461 6.471 6.482 6.492 6.502 6.513 6.523 6.533 6.543 6.553 6.562 6.572 6.581 6.591
5.873 5.885 5.897 5.909 5.920 5.932 5.943 5.954 5.966 5.976 5.985 5.995 6.004 6.014 6.023 6.032 6.041 6.050 6.059 6.068 6.076 6.085 6.093 6.101 6.109 6.117 6.125 6.134 6.142 6.150 6.159 6.168 6.176 6.183 6.191 6.198 6.206 6.214 6.222 6.231 6.239 6.248 6.257 6.266 6.275 6.284 6.293 6.303 6.312 6.322 6.332 6.342 6.352 6.363 6.374 6.384 6.394 6.404 6.414 6.424 6.434 6.444 6.454 6.465 6.475 6.486 6.496 6.506 6.517 6.527 6.537 6.547 6.557 6.566 6.576 6.585 6.595
5.886 5.898 5.910 5.921 5.933 5.944 5.956 5.967 5.978 5.989 5.998 6.008 6.017 6.027 6.036 6.045 6.054 6.063 6.072 6.081 6.089 6.098 6.106 6.114 6.122 6.130 6.138 6.147 6.155 6.163 6.171 6.180 6.187 6.195 6.202 6.209 6.217 6.225 6.233 6.241 6.249 6.257 6.266 6.275 6.283 6.292 6.301 6.311 6.320 6.329 6.339 6.349 6.359 6.369 6.380 6.390 6.400 6.409 6.419 6.429 6.439 6.449 6.459 6.469 6.480 6.490 6.500 6.511 6.521 6.531 6.541 6.551 6.561 6.571 6.580 6.590 6.600
5.899 5.911 5.923 5.934 5.946 5.957 5.969 5.980 5.991 6.002 6.011 6.021 6.030 6.040 6.049 6.058 6.068 6.077 6.086 6.094 6.103 6.111 6.120 6.128 6.136 6.144 6.152 6.160 6.168 6.176 6.184 6.192 6.200 6.207 6.214 6.221 6.228 6.236 6.243 6.251 6.259 6.267 6.276 6.284 6.293 6.301 6.310 6.319 6.328 6.337 6.346 6.356 6.366 6.376 6.386 6.396 6.406 6.415 6.425 6.434 6.444 6.454 6.464 6.474 6.485 6.495 6.505 6.516 6.526 6.536 6.546 6.556 6.566 6.576 6.585 6.595 6.605
5.913 5.925 5.936 5.948 5.959 5.971 5.982 5.993 6.004 6.015 6.024 6.034 6.043 6.053 6.062 6.072 6.081 6.090 6.099 6.108 6.117 6.125 6.134 6.142 6.150 6.158 6.166 6.174 6.181 6.189 6.197 6.205 6.213 6.219 6.226 6.233 6.240 6.248 6.255 6.263 6.270 6.278 6.286 6.294 6.302 6.311 6.319 6.328 6.337 6.346 6.355 6.364 6.374 6.383 6.393 6.403 6.412 6.422 6.431 6.440 6.450 6.460 6.470 6.480 6.490 6.500 6.511 6.521 6.531 6.541 6.551 6.561 6.571 6.581 6.591 6.601 6.611
5.928 5.940 5.951 5.962 5.973 5.985 5.996 6.007 6.018 6.028 6.038 6.047 6.057 6.067 6.076 6.086 6.095 6.104 6.113 6.122 6.131 6.139 6.148 6.156 6.164 6.172 6.180 6.188 6.195 6.203 6.211 6.219 6.226 6.233 6.239 6.246 6.253 6.260 6.267 6.274 6.282 6.289 6.297 6.305 6.313 6.321 6.329 6.338 6.346 6.355 6.364 6.373 6.382 6.391 6.401 6.411 6.420 6.429 6.438 6.447 6.457 6.466 6.476 6.486 6.496 6.506 6.516 6.526 6.537 6.547 6.557 6.567 6.577 6.587 6.597 6.607 6.617
5.944 5.955 5.966 5.977 5.988 5.999 6.010 6.021 6.032 6.042 6.052 6.061 6.071 6.080 6.090 6.099 6.109 6.118 6.127 6.136 6.145 6.154 6.162 6.170 6.178 6.186 6.194 6.202 6.210 6.217 6.225 6.233 6.240 6.247 6.253 6.260 6.266 6.273 6.280 6.287 6.294 6.301 6.309 6.316 6.324 6.332 6.340 6.348 6.356 6.365 6.373 6.382 6.391 6.400 6.410 6.419 6.427 6.436 6.445 6.454 6.463 6.473 6.483 6.492 6.502 6.512 6.522 6.533 6.543 6.553 6.563 6.573 6.583 6.593 6.603 6.613 6.623
5.960 5.971 5.981 5.992 6.003 6.014 6.025 6.036 6.047 6.057 6.066 6.075 6.085 6.094 6.104 6.113 6.123 6.132 6.141 6.150 6.159 6.168 6.176 6.185 6.193 6.201 6.209 6.217 6.224 6.232 6.240 6.247 6.254 6.261 6.267 6.273 6.280 6.286 6.293 6.300 6.307 6.314 6.321 6.329 6.336 6.343 6.351 6.359 6.367 6.375 6.383 6.392 6.400 6.409 6.418 6.427 6.436 6.444 6.453 6.462 6.471 6.480 6.490 6.499 6.509 6.519 6.529 6.539 6.549 6.559 6.569 6.580 6.590 6.600 6.610 6.620 6.630
5.976 5.987 5.997 6.008 6.019 6.030 6.040 6.051 6.062 6.072 6.081 6.090 6.099 6.109 6.118 6.128 6.137 6.147 6.156 6.165 6.174 6.182 6.191 6.199 6.207 6.216 6.223 6.231 6.239 6.247 6.254 6.262 6.269 6.275 6.281 6.288 6.294 6.300 6.307 6.313 6.320 6.327 6.334 6.341 6.348 6.355 6.363 6.370 6.378 6.386 6.394 6.402 6.410 6.419 6.428 6.437 6.445 6.453 6.461 6.470 6.479 6.488 6.497 6.507 6.516 6.526 6.536 6.546 6.556 6.566 6.576 6.586 6.596 6.606 6.616 6.626 6.636
5.992 6.003 6.014 6.024 6.035 6.045 6.056 6.066 6.077 6.087 6.096 6.105 6.114 6.124 6.133 6.142 6.152 6.161 6.170 6.179 6.188 6.197 6.205 6.214 6.222 6.230 6.238 6.246 6.254 6.261 6.269 6.277 6.284 6.290 6.296 6.302 6.308 6.315 6.321 6.327 6.334 6.341 6.347 6.354 6.361 6.368 6.375 6.382 6.390 6.397 6.405 6.413 6.421 6.429 6.438 6.446 6.454 6.462 6.470 6.478 6.487 6.496 6.505 6.514 6.524 6.533 6.543 6.553 6.563 6.573 6.583 6.593 6.603 6.613 6.623 6.633 6.644
6.009 6.020 6.030 6.041 6.051 6.062 6.072 6.082 6.093 6.102 6.111 6.120 6.129 6.138 6.148 6.157 6.166 6.176 6.185 6.194 6.203 6.211 6.220 6.228 6.237 6.245 6.253 6.261 6.269 6.276 6.284 6.292 6.299 6.305 6.311 6.317 6.323 6.329 6.335 6.342 6.348 6.354 6.361 6.367 6.374 6.381 6.388 6.395 6.402 6.409 6.416 6.424 6.432 6.440 6.448 6.456 6.464 6.471 6.479 6.487 6.496 6.504 6.513 6.522 6.531 6.541 6.550 6.560 6.570 6.580 6.590 6.600 6.610 6.620 6.631 6.641 6.651
6.025 6.036 6.046 6.057 6.067 6.078 6.088 6.098 6.108 6.118 6.127 6.135 6.144 6.154 6.163 6.172 6.181 6.190 6.199 6.208 6.217 6.226 6.235 6.243 6.251 6.260 6.268 6.276 6.283 6.291 6.299 6.307 6.313 6.320 6.326 6.332 6.338 6.344 6.350 6.356 6.362 6.368 6.375 6.381 6.388 6.394 6.401 6.407 6.414 6.421 6.428 6.436 6.443 6.451 6.459 6.467 6.474 6.481 6.489 6.497 6.505 6.513 6.521 6.530 6.539 6.549 6.558 6.568 6.578 6.587 6.597 6.607 6.618 6.628 6.638 6.648 6.658
6.039 6.051 6.062 6.073 6.083 6.094 6.104 6.114 6.124 6.134 6.142 6.151 6.160 6.169 6.178 6.187 6.196 6.205 6.214 6.223 6.232 6.241 6.249 6.258 6.266 6.274 6.282 6.290 6.298 6.306 6.314 6.321 6.328 6.334 6.340 6.346 6.352 6.358 6.364 6.370 6.377 6.383 6.389 6.395 6.401 6.408 6.414 6.421 6.427 6.434 6.441 6.448 6.455 6.462 6.470 6.477 6.484 6.491 6.499 6.506 6.514 6.522 6.530 6.539 6.548 6.557 6.566 6.575 6.585 6.595 6.605 6.615 6.625 6.635 6.645 6.655 6.665
6.053 6.065 6.076 6.088 6.098 6.109 6.119 6.130 6.140 6.149 6.157 6.166 6.175 6.184 6.193 6.202 6.211 6.220 6.229 6.237 6.246 6.255 6.264 6.272 6.280 6.289 6.297 6.305 6.313 6.321 6.328 6.336 6.343 6.349 6.355 6.361 6.367 6.373 6.379 6.385 6.391 6.397 6.403 6.409 6.415 6.421 6.428 6.434 6.440 6.447 6.453 6.460 6.467 6.474 6.481 6.489 6.495 6.502 6.509 6.516 6.523 6.531 6.539 6.548 6.556 6.565 6.574 6.583 6.593 6.602 6.612 6.622 6.632 6.642 6.652 6.662 6.673
6.065 6.078 6.090 6.101 6.113 6.123 6.134 6.145 6.155 6.164 6.172 6.181 6.190 6.199 6.208 6.216 6.225 6.234 6.243 6.252 6.261 6.269 6.278 6.286 6.295 6.303 6.311 6.319 6.327 6.335 6.343 6.351 6.358 6.364 6.370 6.376 6.382 6.388 6.394 6.400 6.406 6.411 6.417 6.423 6.429 6.435 6.441 6.447 6.453 6.460 6.466 6.472 6.479 6.486 6.493 6.500 6.506 6.513 6.519 6.526 6.533 6.541 6.548 6.556 6.565 6.573 6.582 6.591 6.601 6.610 6.620 6.629 6.639 6.649 6.659 6.670 6.680
6.075 6.088 6.101 6.113 6.125 6.137 6.148 6.159 6.169 6.178 6.187 6.196 6.204 6.213 6.222 6.231 6.240 6.249 6.257 6.266 6.275 6.283 6.292 6.300 6.309 6.317 6.325 6.333 6.341 6.349 6.357 6.365 6.372 6.378 6.384 6.390 6.396 6.402 6.408 6.414 6.420 6.426 6.432 6.437 6.443 6.449 6.455 6.461 6.467 6.473 6.479 6.485 6.491 6.498 6.505 6.512 6.518 6.524 6.530 6.537 6.543 6.550 6.558 6.566 6.574 6.582 6.590 6.599 6.608 6.618 6.627 6.637 6.647 6.656 6.667 6.677 6.687
6.082 6.097 6.111 6.124 6.136 6.149 6.160 6.172 6.182 6.192 6.201 6.209 6.218 6.227 6.236 6.245 6.254 6.263 6.271 6.280 6.289 6.297 6.306 6.314 6.322 6.331 6.339 6.347 6.355 6.363 6.371 6.379 6.386 6.393 6.399 6.405 6.411 6.417 6.423 6.429 6.434 6.440 6.446 6.452 6.457 6.463 6.469 6.474 6.480 6.486 6.492 6.498 6.504 6.511 6.517 6.523 6.529 6.535 6.541 6.547 6.554 6.560 6.568 6.575 6.583 6.591 6.599 6.607 6.616 6.625 6.635 6.644 6.654 6.664 6.674 6.684 6.694
6.086 6.102 6.117 6.132 6.146 6.159 6.171 6.183 6.194 6.204 6.213 6.222 6.232 6.241 6.250 6.259 6.267 6.276 6.285 6.293 6.302 6.311 6.319 6.327 6.336 6.344 6.352 6.361 6.369 6.377 6.385 6.393 6.400 6.406 6.413 6.419 6.425 6.431 6.437 6.443 6.449 6.454 6.460 6.466 6.471 6.477 6.482 6.488 6.493 6.499 6.505 6.511 6.517 6.523 6.530 6.535 6.541 6.546 6.552 6.558 6.564 6.571 6.577 6.584 6.592 6.599 6.607 6.616 6.624 6.633 6.642 6.651 6.661 6.671 6.680 6.691 6.701
