version2/TsunamiDB/out54135.asc
ncols          264
nrows          230
xllcorner      497853.4375
yllcorner      4229146.0000
cellsize         5.
NODATA_value   -99
[rows 68 to 101 of 230, columns 0 to 76 of 264]
5.083 5.102 5.121 5.141 5.160 5.179 5.197 5.216 5.235 5.253 5.272 5.290 5.308 5.325 5.342 5.360 5.378 5.396 5.414 5.432 5.450 5.468 5.486 5.503 5.521 5.538 5.555 5.572 5.589 5.605 5.622 5.638 5.653 5.669 5.684 5.698 5.711 5.724 5.737 5.750 5.762 5.775 5.787 5.799 5.811 5.823 5.834 5.846 5.857 5.869 5.880 5.891 5.902 5.913 5.924 5.935 5.946 5.957 5.968 5.977 5.986 5.996 6.005 6.015 6.025 6.034 6.044 6.053 6.062 6.071 6.080 6.089 6.098 6.106 6.115 6.123 6.131
5.095 5.115 5.134 5.153 5.171 5.190 5.208 5.227 5.245 5.263 5.281 5.299 5.316 5.333 5.350 5.368 5.385 5.403 5.421 5.438 5.456 5.473 5.491 5.509 5.526 5.543 5.560 5.577 5.594 5.610 5.627 5.643 5.659 5.674 5.690 5.704 5.717 5.730 5.743 5.756 5.769 5.782 5.794 5.807 5.819 5.830 5.842 5.853 5.865 5.876 5.887 5.898 5.909 5.920 5.931 5.942 5.953 5.964 5.974 5.983 5.992 6.002 6.011 6.021 6.031 6.040 6.050 6.059 6.068 6.077 6.086 6.095 6.104 6.112 6.121 6.129 6.137
5.109 5.128 5.146 5.165 5.183 5.202 5.220 5.238 5.256 5.273 5.291 5.309 5.326 5.342 5.359 5.376 5.393 5.410 5.427 5.445 5.462 5.479 5.496 5.514 5.531 5.548 5.565 5.582 5.599 5.615 5.632 5.648 5.664 5.679 5.695 5.709 5.723 5.736 5.749 5.763 5.776 5.789 5.801 5.814 5.826 5.838 5.849 5.861 5.872 5.883 5.894 5.905 5.916 5.927 5.938 5.949 5.959 5.970 5.980 5.989 5.999 6.008 6.017 6.027 6.037 6.046 6.055 6.065 6.074 6.083 6.092 6.101 6.110 6.118 6.127 6.135 6.143
5.123 5.141 5.160 5.178 5.196 5.214 5.232 5.250 5.267 5.284 5.302 5.319 5.336 5.351 5.368 5.384 5.401 5.418 5.435 5.452 5.468 5.485 5.502 5.519 5.536 5.553 5.570 5.587 5.603 5.620 5.636 5.652 5.668 5.684 5.700 5.714 5.728 5.741 5.755 5.769 5.782 5.795 5.808 5.820 5.833 5.845 5.856 5.868 5.879 5.891 5.902 5.913 5.924 5.934 5.945 5.956 5.966 5.977 5.987 5.996 6.005 6.014 6.024 6.033 6.043 6.052 6.061 6.071 6.080 6.089 6.098 6.107 6.115 6.124 6.132 6.141 6.149
5.137 5.155 5.173 5.191 5.209 5.227 5.245 5.262 5.279 5.296 5.313 5.330 5.346 5.362 5.378 5.394 5.410 5.426 5.443 5.459 5.476 5.492 5.509 5.525 5.542 5.558 5.575 5.591 5.608 5.624 5.640 5.656 5.672 5.688 5.704 5.719 5.733 5.746 5.760 5.774 5.787 5.801 5.814 5.827 5.839 5.851 5.863 5.875 5.887 5.898 5.909 5.920 5.931 5.942 5.952 5.963 5.973 5.984 5.994 6.003 6.012 6.021 6.030 6.040 6.049 6.058 6.068 6.077 6.086 6.095 6.104 6.113 6.121 6.130 6.138 6.147 6.155
5.151 5.169 5.187 5.205 5.223 5.240 5.258 5.275 5.292 5.309 5.325 5.342 5.358 5.373 5.388 5.404 5.420 5.436 5.452 5.468 5.484 5.500 5.516 5.532 5.548 5.564 5.580 5.596 5.613 5.629 5.645 5.661 5.677 5.693 5.708 5.723 5.737 5.751 5.765 5.779 5.793 5.806 5.819 5.832 5.845 5.857 5.870 5.882 5.893 5.905 5.916 5.927 5.938 5.949 5.959 5.970 5.980 5.991 6.001 6.010 6.019 6.028 6.037 6.046 6.055 6.065 6.074 6.083 6.092 6.101 6.110 6.119 6.127 6.136 6.144 6.153 6.161
5.165 5.183 5.201 5.219 5.237 5.254 5.271 5.288 5.305 5.322 5.338 5.354 5.370 5.384 5.400 5.415 5.430 5.446 5.461 5.477 5.492 5.508 5.523 5.539 5.555 5.570 5.586 5.602 5.618 5.634 5.649 5.665 5.681 5.697 5.712 5.727 5.741 5.755 5.769 5.783 5.797 5.811 5.824 5.838 5.851 5.863 5.876 5.888 5.900 5.911 5.923 5.934 5.945 5.956 5.966 5.977 5.987 5.998 6.008 6.016 6.025 6.034 6.044 6.053 6.062 6.071 6.080 6.089 6.098 6.107 6.116 6.125 6.134 6.142 6.151 6.159 6.167
5.180 5.198 5.216 5.233 5.251 5.268 5.285 5.302 5.318 5.335 5.351 5.367 5.382 5.397 5.412 5.427 5.442 5.457 5.472 5.487 5.502 5.517 5.532 5.547 5.562 5.578 5.593 5.608 5.624 5.639 5.655 5.670 5.686 5.701 5.717 5.731 5.745 5.759 5.773 5.788 5.802 5.815 5.829 5.842 5.856 5.868 5.881 5.893 5.905 5.917 5.929 5.940 5.951 5.962 5.973 5.984 5.994 6.005 6.015 6.023 6.032 6.041 6.050 6.059 6.069 6.078 6.087 6.096 6.105 6.114 6.122 6.131 6.140 6.148 6.157 6.165 6.173
5.194 5.212 5.230 5.247 5.265 5.282 5.299 5.316 5.332 5.348 5.365 5.380 5.395 5.410 5.424 5.439 5.454 5.469 5.483 5.498 5.513 5.527 5.542 5.556 5.571 5.586 5.601 5.615 5.630 5.645 5.660 5.676 5.691 5.706 5.721 5.736 5.749 5.763 5.777 5.792 5.806 5.820 5.833 5.847 5.860 5.873 5.886 5.899 5.911 5.923 5.935 5.946 5.958 5.969 5.980 5.990 6.001 6.012 6.021 6.030 6.039 6.048 6.057 6.066 6.075 6.084 6.093 6.102 6.111 6.120 6.129 6.137 6.146 6.154 6.163 6.171 6.179
5.207 5.226 5.243 5.261 5.279 5.296 5.313 5.329 5.346 5.362 5.378 5.394 5.409 5.423 5.437 5.452 5.467 5.481 5.495 5.510 5.524 5.538 5.552 5.567 5.581 5.595 5.609 5.624 5.638 5.652 5.667 5.682 5.696 5.711 5.726 5.740 5.754 5.768 5.782 5.796 5.810 5.824 5.837 5.851 5.864 5.878 5.891 5.903 5.916 5.928 5.940 5.952 5.963 5.975 5.986 5.997 6.007 6.018 6.028 6.037 6.046 6.055 6.064 6.073 6.082 6.091 6.100 6.109 6.118 6.127 6.135 6.144 6.152 6.161 6.169 6.177 6.185
5.221 5.239 5.257 5.275 5.292 5.309 5.326 5.343 5.359 5.376 5.392 5.408 5.422 5.436 5.451 5.465 5.480 5.494 5.508 5.522 5.536 5.550 5.564 5.578 5.591 5.605 5.619 5.633 5.647 5.661 5.675 5.689 5.703 5.717 5.732 5.746 5.759 5.772 5.786 5.800 5.814 5.828 5.841 5.855 5.868 5.882 5.895 5.908 5.920 5.933 5.945 5.957 5.969 5.980 5.991 6.002 6.013 6.024 6.034 6.043 6.052 6.061 6.070 6.079 6.089 6.098 6.107 6.115 6.124 6.133 6.142 6.150 6.159 6.167 6.175 6.183 6.192
5.234 5.252 5.270 5.288 5.305 5.322 5.339 5.356 5.373 5.389 5.405 5.421 5.436 5.450 5.464 5.479 5.493 5.507 5.521 5.535 5.549 5.563 5.576 5.590 5.603 5.616 5.630 5.643 5.656 5.670 5.683 5.697 5.711 5.725 5.738 5.752 5.764 5.777 5.791 5.804 5.818 5.832 5.845 5.859 5.872 5.886 5.899 5.912 5.924 5.937 5.949 5.961 5.973 5.985 5.997 6.008 6.019 6.030 6.040 6.049 6.058 6.068 6.077 6.086 6.095 6.104 6.113 6.122 6.131 6.139 6.148 6.157 6.165 6.173 6.182 6.190 6.198
5.247 5.265 5.283 5.300 5.318 5.335 5.352 5.369 5.386 5.402 5.418 5.434 5.449 5.463 5.477 5.492 5.506 5.521 5.535 5.548 5.562 5.576 5.589 5.602 5.615 5.628 5.641 5.654 5.667 5.680 5.693 5.706 5.719 5.733 5.746 5.759 5.771 5.784 5.797 5.810 5.823 5.836 5.850 5.863 5.877 5.890 5.903 5.916 5.929 5.941 5.954 5.966 5.978 5.990 6.001 6.013 6.024 6.035 6.046 6.055 6.064 6.073 6.083 6.092 6.101 6.110 6.119 6.128 6.137 6.146 6.154 6.163 6.171 6.180 6.188 6.196 6.204
5.259 5.277 5.295 5.313 5.330 5.347 5.364 5.381 5.398 5.415 5.431 5.447 5.461 5.476 5.490 5.505 5.519 5.534 5.548 5.562 5.575 5.589 5.602 5.615 5.628 5.641 5.654 5.666 5.679 5.691 5.704 5.717 5.729 5.742 5.755 5.767 5.779 5.791 5.803 5.816 5.829 5.842 5.855 5.868 5.881 5.894 5.907 5.920 5.933 5.945 5.958 5.970 5.982 5.994 6.006 6.018 6.029 6.040 6.051 6.060 6.070 6.079 6.088 6.098 6.107 6.116 6.126 6.134 6.143 6.152 6.161 6.169 6.178 6.186 6.194 6.202 6.210
5.271 5.289 5.307 5.324 5.342 5.359 5.376 5.393 5.410 5.427 5.443 5.459 5.473 5.488 5.503 5.518 5.532 5.547 5.561 5.575 5.588 5.602 5.615 5.628 5.641 5.654 5.666 5.679 5.691 5.703 5.716 5.728 5.740 5.753 5.765 5.776 5.787 5.799 5.811 5.823 5.836 5.848 5.861 5.873 5.886 5.899 5.911 5.924 5.937 5.949 5.962 5.974 5.986 5.998 6.010 6.022 6.034 6.045 6.055 6.065 6.075 6.084 6.094 6.103 6.113 6.122 6.131 6.140 6.149 6.158 6.167 6.175 6.184 6.192 6.200 6.208 6.216
5.282 5.300 5.318 5.336 5.353 5.371 5.388 5.405 5.422 5.438 5.455 5.470 5.485 5.500 5.515 5.530 5.544 5.559 5.573 5.587 5.601 5.615 5.628 5.641 5.654 5.667 5.680 5.692 5.704 5.716 5.728 5.740 5.752 5.765 5.776 5.787 5.797 5.809 5.820 5.832 5.843 5.855 5.868 5.880 5.892 5.904 5.917 5.929 5.941 5.954 5.966 5.978 5.990 6.002 6.014 6.026 6.038 6.050 6.060 6.070 6.079 6.089 6.099 6.109 6.118 6.128 6.137 6.146 6.155 6.164 6.173 6.181 6.190 6.198 6.206 6.214 6.223
5.293 5.311 5.329 5.347 5.364 5.382 5.399 5.416 5.433 5.449 5.466 5.481 5.496 5.511 5.526 5.541 5.556 5.571 5.585 5.600 5.614 5.627 5.641 5.654 5.667 5.680 5.693 5.705 5.717 5.729 5.741 5.753 5.765 5.777 5.788 5.798 5.809 5.819 5.830 5.841 5.853 5.864 5.876 5.887 5.899 5.911 5.923 5.935 5.947 5.959 5.971 5.983 5.995 6.007 6.019 6.031 6.042 6.054 6.064 6.074 6.084 6.094 6.104 6.113 6.123 6.133 6.142 6.151 6.161 6.169 6.178 6.187 6.195 6.204 6.212 6.220 6.228
5.304 5.322 5.340 5.357 5.375 5.392 5.409 5.426 5.443 5.460 5.476 5.492 5.507 5.522 5.537 5.552 5.567 5.582 5.597 5.611 5.626 5.639 5.653 5.667 5.680 5.693 5.706 5.718 5.731 5.743 5.755 5.767 5.778 5.790 5.801 5.811 5.821 5.831 5.842 5.852 5.863 5.874 5.885 5.896 5.907 5.919 5.930 5.941 5.953 5.965 5.976 5.988 6.000 6.012 6.023 6.035 6.047 6.058 6.068 6.078 6.088 6.098 6.108 6.118 6.128 6.138 6.147 6.157 6.166 6.175 6.184 6.192 6.201 6.209 6.218 6.226 6.234
5.315 5.333 5.350 5.368 5.385 5.402 5.420 5.436 5.453 5.470 5.487 5.502 5.517 5.532 5.548 5.563 5.578 5.593 5.608 5.622 5.637 5.651 5.665 5.679 5.692 5.705 5.718 5.731 5.743 5.756 5.768 5.780 5.791 5.803 5.814 5.824 5.834 5.844 5.854 5.864 5.875 5.885 5.896 5.906 5.917 5.928 5.938 5.949 5.960 5.972 5.983 5.994 6.006 6.017 6.029 6.040 6.052 6.063 6.073 6.083 6.093 6.103 6.113 6.123 6.133 6.142 6.152 6.161 6.171 6.180 6.189 6.198 6.206 6.215 6.223 6.232 6.240
5.326 5.343 5.361 5.378 5.396 5.413 5.430 5.447 5.463 5.480 5.497 5.512 5.527 5.542 5.558 5.573 5.588 5.603 5.618 5.633 5.647 5.662 5.676 5.690 5.703 5.717 5.730 5.743 5.756 5.768 5.781 5.793 5.805 5.816 5.827 5.837 5.847 5.857 5.867 5.877 5.887 5.897 5.907 5.918 5.928 5.938 5.948 5.959 5.969 5.980 5.991 6.001 6.012 6.023 6.035 6.046 6.057 6.068 6.078 6.087 6.097 6.107 6.117 6.127 6.137 6.147 6.157 6.166 6.176 6.185 6.194 6.203 6.211 6.220 6.229 6.237 6.245
5.336 5.354 5.371 5.389 5.406 5.423 5.440 5.456 5.473 5.490 5.506 5.522 5.537 5.552 5.567 5.583 5.598 5.613 5.628 5.643 5.658 5.672 5.686 5.700 5.714 5.728 5.741 5.755 5.768 5.780 5.793 5.805 5.817 5.829 5.840 5.850 5.860 5.870 5.880 5.890 5.900 5.910 5.920 5.930 5.940 5.949 5.959 5.969 5.979 5.989 5.999 6.010 6.020 6.031 6.042 6.052 6.063 6.074 6.083 6.093 6.103 6.112 6.122 6.132 6.142 6.152 6.161 6.171 6.180 6.190 6.199 6.208 6.216 6.225 6.234 6.242 6.251
5.347 5.364 5.382 5.399 5.416 5.433 5.450 5.466 5.483 5.499 5.516 5.532 5.546 5.562 5.577 5.592 5.607 5.623 5.638 5.653 5.667 5.682 5.696 5.711 5.725 5.738 5.752 5.765 5.779 5.792 5.804 5.817 5.829 5.842 5.853 5.863 5.873 5.883 5.894 5.904 5.914 5.924 5.933 5.943 5.952 5.962 5.971 5.981 5.990 6.000 6.010 6.020 6.029 6.039 6.050 6.060 6.071 6.080 6.090 6.099 6.108 6.118 6.128 6.137 6.147 6.157 6.166 6.176 6.185 6.194 6.203 6.212 6.221 6.230 6.239 6.247 6.256
5.358 5.375 5.392 5.409 5.426 5.443 5.460 5.476 5.493 5.509 5.526 5.541 5.556 5.571 5.586 5.602 5.617 5.632 5.647 5.662 5.677 5.691 5.706 5.720 5.734 5.748 5.762 5.776 5.789 5.802 5.815 5.828 5.841 5.853 5.865 5.875 5.886 5.896 5.907 5.917 5.927 5.937 5.947 5.956 5.966 5.975 5.985 5.994 6.003 6.012 6.021 6.031 6.040 6.049 6.059 6.069 6.079 6.088 6.097 6.106 6.115 6.124 6.134 6.143 6.153 6.162 6.172 6.181 6.190 6.199 6.208 6.217 6.226 6.235 6.244 6.252 6.261
5.369 5.386 5.403 5.420 5.437 5.453 5.470 5.486 5.503 5.519 5.535 5.551 5.565 5.580 5.595 5.611 5.626 5.641 5.656 5.671 5.686 5.701 5.715 5.729 5.744 5.758 5.772 5.785 5.799 5.812 5.826 5.839 5.852 5.864 5.876 5.887 5.898 5.909 5.919 5.930 5.940 5.950 5.960 5.970 5.980 5.989 5.998 6.007 6.016 6.025 6.034 6.043 6.052 6.061 6.070 6.079 6.089 6.098 6.106 6.114 6.123 6.132 6.141 6.150 6.159 6.168 6.177 6.187 6.196 6.205 6.214 6.223 6.231 6.240 6.249 6.257 6.266
5.381 5.397 5.414 5.431 5.447 5.464 5.480 5.497 5.513 5.529 5.545 5.560 5.575 5.590 5.605 5.620 5.635 5.650 5.665 5.680 5.695 5.710 5.724 5.738 5.753 5.767 5.781 5.795 5.808 5.822 5.835 5.849 5.862 5.875 5.887 5.898 5.909 5.920 5.931 5.942 5.953 5.963 5.973 5.983 5.993 6.003 6.012 6.021 6.030 6.039 6.047 6.056 6.065 6.073 6.082 6.091 6.100 6.108 6.116 6.124 6.132 6.140 6.149 6.158 6.166 6.175 6.184 6.193 6.202 6.211 6.220 6.228 6.237 6.246 6.254 6.263 6.271
5.392 5.409 5.426 5.442 5.458 5.475 5.491 5.507 5.523 5.539 5.555 5.570 5.584 5.599 5.614 5.629 5.644 5.659 5.674 5.689 5.704 5.718 5.733 5.747 5.762 5.776 5.790 5.804 5.818 5.831 5.845 5.858 5.871 5.885 5.897 5.908 5.920 5.931 5.942 5.954 5.965 5.975 5.986 5.996 6.006 6.016 6.025 6.035 6.044 6.052 6.061 6.070 6.078 6.086 6.095 6.103 6.112 6.120 6.127 6.135 6.142 6.150 6.158 6.167 6.175 6.183 6.192 6.200 6.209 6.218 6.226 6.235 6.243 6.251 6.260 6.268 6.276
5.404 5.421 5.437 5.454 5.470 5.486 5.502 5.518 5.534 5.549 5.565 5.580 5.594 5.609 5.624 5.639 5.654 5.669 5.683 5.698 5.713 5.727 5.742 5.756 5.770 5.785 5.799 5.813 5.826 5.840 5.854 5.867 5.881 5.894 5.907 5.918 5.930 5.941 5.953 5.965 5.976 5.987 5.998 6.008 6.019 6.029 6.039 6.048 6.057 6.066 6.075 6.084 6.092 6.100 6.109 6.117 6.125 6.133 6.140 6.147 6.154 6.161 6.169 6.177 6.185 6.193 6.201 6.209 6.217 6.225 6.233 6.242 6.250 6.258 6.266 6.274 6.282
5.417 5.433 5.449 5.465 5.481 5.497 5.513 5.529 5.545 5.560 5.576 5.590 5.604 5.619 5.634 5.648 5.663 5.678 5.693 5.707 5.722 5.736 5.751 5.765 5.779 5.793 5.807 5.821 5.835 5.849 5.863 5.876 5.890 5.903 5.916 5.927 5.939 5.951 5.963 5.975 5.986 5.998 6.009 6.020 6.031 6.041 6.051 6.061 6.070 6.080 6.089 6.097 6.106 6.114 6.123 6.131 6.139 6.147 6.153 6.160 6.167 6.174 6.181 6.189 6.196 6.204 6.211 6.219 6.227 6.234 6.242 6.250 6.258 6.265 6.273 6.281 6.289
5.430 5.446 5.462 5.478 5.494 5.509 5.525 5.540 5.556 5.571 5.587 5.601 5.615 5.629 5.644 5.658 5.673 5.687 5.702 5.717 5.731 5.745 5.760 5.774 5.788 5.802 5.816 5.830 5.844 5.858 5.871 5.885 5.898 5.912 5.925 5.936 5.948 5.960 5.972 5.984 5.996 6.008 6.019 6.031 6.042 6.052 6.063 6.073 6.083 6.092 6.102 6.111 6.120 6.128 6.137 6.145 6.153 6.161 6.167 6.174 6.181 6.187 6.194 6.201 6.208 6.215 6.223 6.230 6.237 6.244 6.252 6.259 6.267 6.274 6.281 6.289 6.296
5.443 5.459 5.475 5.491 5.506 5.522 5.537 5.552 5.568 5.583 5.598 5.612 5.625 5.640 5.654 5.668 5.683 5.697 5.712 5.726 5.740 5.755 5.769 5.783 5.797 5.811 5.825 5.839 5.852 5.866 5.880 5.894 5.907 5.921 5.933 5.945 5.957 5.969 5.982 5.994 6.006 6.018 6.029 6.041 6.052 6.063 6.074 6.084 6.095 6.105 6.114 6.124 6.133 6.142 6.151 6.159 6.168 6.175 6.182 6.188 6.195 6.202 6.208 6.215 6.222 6.229 6.235 6.242 6.249 6.256 6.263 6.270 6.277 6.284 6.291 6.298 6.305
5.457 5.473 5.488 5.504 5.519 5.534 5.550 5.565 5.580 5.595 5.610 5.623 5.636 5.651 5.665 5.679 5.693 5.708 5.722 5.736 5.750 5.764 5.778 5.792 5.806 5.820 5.834 5.847 5.861 5.875 5.889 5.902 5.916 5.929 5.942 5.954 5.966 5.978 5.990 6.003 6.015 6.027 6.039 6.051 6.062 6.073 6.084 6.095 6.106 6.116 6.126 6.136 6.146 6.155 6.164 6.173 6.181 6.189 6.196 6.203 6.209 6.216 6.223 6.229 6.236 6.243 6.249 6.256 6.262 6.269 6.275 6.282 6.288 6.295 6.301 6.308 6.315
5.471 5.487 5.502 5.517 5.532 5.547 5.562 5.577 5.592 5.607 5.621 5.634 5.648 5.662 5.676 5.690 5.704 5.718 5.732 5.746 5.760 5.774 5.788 5.802 5.815 5.829 5.843 5.856 5.870 5.884 5.897 5.911 5.925 5.938 5.950 5.962 5.974 5.987 5.999 6.011 6.024 6.036 6.048 6.060 6.071 6.083 6.094 6.105 6.116 6.127 6.137 6.148 6.157 6.167 6.177 6.186 6.195 6.203 6.210 6.217 6.224 6.231 6.237 6.244 6.251 6.257 6.264 6.270 6.276 6.283 6.289 6.295 6.301 6.307 6.313 6.320 6.326
5.485 5.501 5.516 5.531 5.546 5.561 5.576 5.591 5.605 5.620 5.634 5.647 5.660 5.674 5.687 5.701 5.715 5.729 5.743 5.756 5.770 5.784 5.798 5.811 5.825 5.838 5.852 5.866 5.879 5.893 5.906 5.920 5.934 5.947 5.959 5.971 5.983 5.995 6.008 6.020 6.032 6.045 6.057 6.069 6.081 6.092 6.104 6.115 6.126 6.137 6.148 6.158 6.169 6.179 6.189 6.198 6.208 6.216 6.223 6.231 6.238 6.245 6.252 6.259 6.265 6.272 6.279 6.285 6.291 6.297 6.303 6.309 6.315 6.321 6.327 6.333 6.339
5.499 5.515 5.530 5.545 5.560 5.575 5.589 5.604 5.618 5.633 5.646 5.659 5.672 5.686 5.699 5.713 5.726 5.740 5.754 5.767 5.781 5.794 5.808 5.821 5.835 5.848 5.862 5.875 5.888 5.902 5.915 5.929 5.942 5.955 5.968 5.979 5.992 6.004 6.016 6.029 6.041 6.053 6.066 6.078 6.090 6.101 6.113 6.125 6.136 6.147 6.158 6.169 6.179 6.190 6.200 6.210 6.220 6.228 6.236 6.244 6.251 6.259 6.266 6.273 6.280 6.287 6.294 6.300 6.306 6.312 6.318 6.324 6.330 6.336 6.341 6.347 6.352
