version2/TsunamiDB/out54147.asc
ncols          264
nrows          230
xllcorner      497853.4375
yllcorner      4229146.0000
cellsize         5.
NODATA_value   -99
[rows 136 to 169 of 230, columns 0 to 76 of 264]
6.123 6.138 6.151 6.164 6.177 6.189 6.201 6.213 6.223 6.233 6.242 6.251 6.260 6.268 6.277 6.285 6.294 6.302 6.311 6.319 6.327 6.335 6.343 6.351 6.359 6.367 6.375 6.383 6.391 6.400 6.408 6.416 6.423 6.429 6.436 6.442 6.448 6.455 6.461 6.467 6.473 6.479 6.485 6.491 6.496 6.502 6.508 6.513 6.519 6.524 6.530 6.536 6.542 6.548 6.554 6.560 6.565 6.570 6.576 6.582 6.588 6.594 6.600 6.607 6.613 6.621 6.628 6.636 6.644 6.652 6.660 6.668 6.677 6.686 6.695 6.705 6.714
6.127 6.142 6.157 6.171 6.184 6.197 6.210 6.222 6.233 6.243 6.252 6.261 6.271 6.280 6.288 6.297 6.306 6.314 6.323 6.331 6.339 6.347 6.355 6.363 6.371 6.379 6.387 6.395 6.403 6.412 6.420 6.428 6.435 6.441 6.448 6.454 6.461 6.467 6.473 6.480 6.486 6.492 6.498 6.504 6.509 6.515 6.520 6.526 6.531 6.537 6.543 6.548 6.554 6.560 6.566 6.572 6.577 6.582 6.587 6.592 6.598 6.604 6.610 6.616 6.623 6.630 6.637 6.644 6.652 6.660 6.668 6.676 6.685 6.693 6.702 6.712 6.721
6.128 6.145 6.160 6.175 6.189 6.203 6.216 6.229 6.241 6.251 6.261 6.271 6.281 6.290 6.299 6.308 6.317 6.326 6.334 6.342 6.351 6.359 6.367 6.375 6.383 6.391 6.399 6.407 6.415 6.423 6.431 6.439 6.446 6.453 6.459 6.466 6.473 6.479 6.485 6.492 6.498 6.504 6.510 6.516 6.522 6.527 6.533 6.539 6.544 6.549 6.555 6.560 6.566 6.572 6.578 6.583 6.588 6.593 6.598 6.603 6.609 6.614 6.620 6.626 6.632 6.639 6.646 6.653 6.660 6.668 6.676 6.684 6.692 6.701 6.709 6.719 6.728
6.128 6.145 6.161 6.177 6.193 6.207 6.221 6.235 6.247 6.259 6.269 6.280 6.290 6.299 6.309 6.318 6.327 6.336 6.345 6.353 6.362 6.370 6.378 6.386 6.394 6.402 6.410 6.418 6.426 6.434 6.442 6.450 6.457 6.464 6.470 6.477 6.484 6.490 6.497 6.503 6.510 6.516 6.522 6.528 6.534 6.540 6.545 6.551 6.556 6.562 6.567 6.573 6.578 6.584 6.590 6.595 6.599 6.604 6.609 6.614 6.619 6.625 6.630 6.636 6.642 6.648 6.655 6.662 6.669 6.676 6.684 6.692 6.700 6.708 6.717 6.726 6.735
6.125 6.143 6.160 6.177 6.194 6.209 6.224 6.239 6.252 6.264 6.276 6.287 6.297 6.308 6.318 6.327 6.337 6.346 6.355 6.364 6.372 6.380 6.389 6.397 6.405 6.413 6.421 6.429 6.437 6.445 6.453 6.461 6.467 6.474 6.481 6.488 6.494 6.501 6.508 6.514 6.521 6.527 6.533 6.539 6.545 6.551 6.557 6.563 6.568 6.574 6.579 6.585 6.590 6.596 6.601 6.606 6.611 6.615 6.620 6.625 6.630 6.635 6.640 6.646 6.652 6.658 6.664 6.671 6.677 6.684 6.692 6.699 6.707 6.715 6.724 6.733 6.742
6.121 6.140 6.157 6.175 6.192 6.209 6.225 6.241 6.255 6.268 6.280 6.292 6.303 6.314 6.325 6.335 6.345 6.355 6.364 6.373 6.382 6.390 6.399 6.407 6.415 6.423 6.431 6.439 6.447 6.455 6.463 6.471 6.478 6.484 6.491 6.498 6.505 6.511 6.518 6.525 6.531 6.538 6.544 6.550 6.557 6.562 6.568 6.574 6.580 6.585 6.591 6.596 6.602 6.608 6.613 6.617 6.622 6.626 6.631 6.636 6.640 6.645 6.651 6.656 6.661 6.667 6.673 6.680 6.686 6.693 6.700 6.707 6.715 6.723 6.731 6.740 6.749
6.117 6.135 6.153 6.171 6.189 6.206 6.223 6.240 6.255 6.269 6.283 6.295 6.308 6.320 6.331 6.342 6.353 6.363 6.372 6.382 6.391 6.400 6.408 6.417 6.425 6.433 6.441 6.449 6.457 6.465 6.473 6.481 6.487 6.494 6.501 6.508 6.514 6.521 6.528 6.535 6.541 6.548 6.554 6.561 6.567 6.573 6.579 6.585 6.591 6.596 6.602 6.607 6.613 6.619 6.624 6.628 6.633 6.637 6.642 6.646 6.651 6.656 6.661 6.666 6.671 6.677 6.683 6.689 6.695 6.701 6.708 6.715 6.723 6.730 6.738 6.747 6.756
6.113 6.130 6.148 6.166 6.184 6.202 6.219 6.237 6.253 6.268 6.283 6.296 6.310 6.323 6.335 6.347 6.358 6.369 6.379 6.389 6.399 6.408 6.417 6.426 6.434 6.442 6.450 6.458 6.466 6.474 6.482 6.490 6.497 6.504 6.510 6.517 6.524 6.531 6.537 6.544 6.551 6.558 6.564 6.571 6.577 6.583 6.589 6.595 6.601 6.607 6.613 6.618 6.624 6.630 6.635 6.639 6.644 6.648 6.652 6.657 6.661 6.666 6.671 6.676 6.681 6.686 6.692 6.698 6.704 6.710 6.716 6.723 6.730 6.738 6.746 6.754 6.763
6.110 6.126 6.143 6.160 6.178 6.196 6.214 6.232 6.249 6.264 6.280 6.295 6.309 6.323 6.337 6.350 6.362 6.374 6.385 6.396 6.406 6.416 6.425 6.434 6.443 6.451 6.459 6.467 6.475 6.483 6.492 6.499 6.506 6.513 6.519 6.526 6.533 6.540 6.546 6.553 6.560 6.567 6.574 6.580 6.587 6.593 6.599 6.605 6.611 6.617 6.623 6.628 6.634 6.640 6.645 6.650 6.654 6.658 6.663 6.667 6.672 6.676 6.681 6.686 6.691 6.696 6.701 6.707 6.712 6.718 6.725 6.731 6.738 6.745 6.753 6.761 6.769
6.109 6.124 6.139 6.155 6.172 6.189 6.207 6.225 6.242 6.258 6.275 6.291 6.306 6.321 6.336 6.350 6.364 6.376 6.389 6.400 6.411 6.422 6.432 6.441 6.450 6.459 6.468 6.476 6.484 6.492 6.501 6.508 6.515 6.522 6.528 6.535 6.542 6.548 6.555 6.562 6.569 6.576 6.582 6.589 6.596 6.602 6.608 6.615 6.621 6.627 6.633 6.638 6.644 6.650 6.655 6.660 6.664 6.669 6.673 6.677 6.682 6.686 6.691 6.695 6.700 6.705 6.710 6.716 6.721 6.727 6.733 6.739 6.746 6.753 6.760 6.768 6.776
6.109 6.123 6.137 6.152 6.168 6.184 6.200 6.218 6.234 6.251 6.267 6.284 6.300 6.317 6.332 6.348 6.362 6.376 6.390 6.402 6.414 6.426 6.437 6.447 6.457 6.466 6.475 6.484 6.492 6.501 6.509 6.517 6.523 6.530 6.537 6.543 6.550 6.557 6.564 6.571 6.577 6.584 6.591 6.598 6.604 6.611 6.617 6.624 6.630 6.636 6.642 6.648 6.654 6.660 6.665 6.670 6.674 6.679 6.683 6.687 6.691 6.696 6.700 6.705 6.709 6.714 6.719 6.724 6.730 6.735 6.741 6.747 6.754 6.760 6.767 6.775 6.783
6.111 6.124 6.137 6.151 6.165 6.180 6.195 6.211 6.227 6.243 6.259 6.275 6.292 6.309 6.326 6.342 6.358 6.373 6.388 6.402 6.415 6.428 6.440 6.451 6.461 6.472 6.481 6.490 6.499 6.508 6.517 6.525 6.532 6.538 6.545 6.552 6.558 6.565 6.572 6.579 6.586 6.592 6.599 6.606 6.613 6.619 6.626 6.632 6.638 6.645 6.651 6.657 6.663 6.669 6.674 6.679 6.684 6.688 6.692 6.697 6.701 6.705 6.710 6.714 6.719 6.723 6.728 6.733 6.738 6.744 6.749 6.755 6.761 6.768 6.774 6.781 6.789
6.115 6.127 6.139 6.151 6.164 6.177 6.192 6.206 6.221 6.235 6.250 6.266 6.283 6.300 6.317 6.334 6.351 6.367 6.383 6.398 6.413 6.427 6.440 6.452 6.464 6.475 6.486 6.496 6.505 6.515 6.524 6.532 6.539 6.546 6.553 6.560 6.567 6.573 6.580 6.587 6.594 6.600 6.607 6.614 6.621 6.627 6.634 6.640 6.647 6.653 6.659 6.665 6.671 6.678 6.683 6.688 6.693 6.697 6.701 6.706 6.710 6.714 6.719 6.723 6.728 6.732 6.737 6.742 6.747 6.752 6.757 6.763 6.769 6.775 6.781 6.788 6.796
6.119 6.130 6.142 6.153 6.165 6.177 6.191 6.204 6.216 6.229 6.243 6.258 6.274 6.290 6.306 6.323 6.341 6.358 6.375 6.391 6.407 6.423 6.437 6.451 6.464 6.477 6.488 6.499 6.510 6.520 6.530 6.538 6.546 6.553 6.560 6.567 6.574 6.581 6.588 6.595 6.601 6.608 6.615 6.622 6.628 6.635 6.642 6.648 6.655 6.661 6.667 6.673 6.680 6.686 6.692 6.697 6.701 6.706 6.710 6.715 6.719 6.723 6.728 6.732 6.736 6.741 6.746 6.750 6.755 6.760 6.765 6.771 6.776 6.782 6.788 6.795 6.802
6.124 6.135 6.146 6.157 6.168 6.179 6.191 6.203 6.214 6.226 6.238 6.251 6.266 6.280 6.296 6.312 6.329 6.347 6.364 6.381 6.398 6.415 6.431 6.446 6.461 6.475 6.488 6.500 6.512 6.523 6.534 6.543 6.552 6.559 6.567 6.574 6.581 6.588 6.595 6.602 6.609 6.616 6.622 6.629 6.636 6.643 6.649 6.656 6.662 6.669 6.675 6.681 6.688 6.694 6.700 6.705 6.710 6.714 6.719 6.723 6.728 6.732 6.736 6.741 6.745 6.750 6.754 6.759 6.763 6.768 6.773 6.778 6.784 6.789 6.795 6.802 6.808
6.130 6.140 6.151 6.162 6.172 6.183 6.194 6.204 6.214 6.225 6.236 6.247 6.260 6.273 6.287 6.302 6.318 6.335 6.352 6.369 6.386 6.404 6.421 6.438 6.454 6.469 6.484 6.498 6.511 6.524 6.536 6.546 6.555 6.564 6.572 6.580 6.587 6.595 6.602 6.609 6.616 6.623 6.630 6.636 6.643 6.650 6.656 6.663 6.670 6.676 6.682 6.689 6.695 6.702 6.708 6.713 6.718 6.722 6.727 6.731 6.736 6.740 6.745 6.749 6.753 6.758 6.762 6.767 6.771 6.776 6.781 6.786 6.791 6.796 6.802 6.808 6.815
6.136 6.146 6.157 6.167 6.177 6.188 6.198 6.208 6.217 6.226 6.236 6.246 6.257 6.268 6.281 6.294 6.308 6.323 6.339 6.356 6.373 6.391 6.408 6.426 6.443 6.460 6.476 6.492 6.507 6.521 6.535 6.546 6.557 6.566 6.575 6.584 6.592 6.600 6.608 6.615 6.622 6.630 6.637 6.643 6.650 6.657 6.663 6.670 6.677 6.683 6.690 6.696 6.703 6.709 6.715 6.720 6.725 6.730 6.735 6.739 6.744 6.748 6.753 6.757 6.761 6.766 6.770 6.775 6.779 6.784 6.789 6.793 6.798 6.803 6.809 6.815 6.821
6.141 6.152 6.162 6.173 6.183 6.193 6.203 6.212 6.221 6.230 6.238 6.247 6.257 6.267 6.277 6.289 6.301 6.314 6.329 6.344 6.360 6.377 6.394 6.411 6.429 6.447 6.465 6.482 6.498 6.515 6.530 6.543 6.555 6.566 6.576 6.586 6.595 6.604 6.612 6.620 6.628 6.635 6.643 6.650 6.657 6.663 6.670 6.677 6.683 6.690 6.697 6.703 6.710 6.716 6.722 6.728 6.733 6.737 6.742 6.747 6.751 6.756 6.760 6.765 6.769 6.774 6.778 6.783 6.787 6.791 6.796 6.801 6.805 6.810 6.816 6.821 6.828
6.147 6.158 6.168 6.179 6.189 6.199 6.209 6.218 6.226 6.234 6.243 6.251 6.259 6.268 6.277 6.287 6.297 6.309 6.321 6.334 6.348 6.364 6.380 6.397 6.414 6.432 6.450 6.468 6.486 6.504 6.520 6.535 6.549 6.562 6.574 6.585 6.596 6.606 6.615 6.624 6.632 6.640 6.648 6.655 6.662 6.670 6.676 6.683 6.690 6.697 6.703 6.710 6.717 6.724 6.729 6.735 6.740 6.745 6.749 6.754 6.759 6.763 6.768 6.772 6.777 6.781 6.786 6.790 6.794 6.799 6.803 6.808 6.813 6.817 6.823 6.828 6.834
6.153 6.164 6.174 6.185 6.195 6.205 6.215 6.224 6.232 6.240 6.248 6.256 6.264 6.271 6.279 6.288 6.297 6.306 6.317 6.328 6.340 6.353 6.367 6.383 6.399 6.416 6.434 6.452 6.471 6.489 6.507 6.523 6.539 6.554 6.568 6.581 6.593 6.604 6.615 6.625 6.634 6.643 6.652 6.660 6.667 6.675 6.682 6.689 6.696 6.703 6.709 6.716 6.723 6.730 6.736 6.741 6.746 6.751 6.756 6.761 6.766 6.771 6.775 6.780 6.784 6.789 6.793 6.797 6.802 6.806 6.811 6.815 6.820 6.824 6.829 6.835 6.840
6.159 6.170 6.180 6.191 6.201 6.211 6.221 6.231 6.239 6.247 6.254 6.262 6.269 6.277 6.284 6.291 6.299 6.307 6.316 6.325 6.335 6.346 6.358 6.371 6.386 6.401 6.418 6.435 6.453 6.472 6.490 6.508 6.525 6.541 6.557 6.572 6.586 6.599 6.611 6.623 6.634 6.644 6.653 6.662 6.670 6.678 6.686 6.694 6.701 6.708 6.715 6.722 6.729 6.736 6.742 6.747 6.753 6.758 6.763 6.768 6.773 6.778 6.782 6.787 6.791 6.796 6.800 6.805 6.809 6.813 6.818 6.822 6.826 6.831 6.836 6.841 6.847
6.165 6.176 6.186 6.197 6.207 6.217 6.228 6.237 6.245 6.253 6.261 6.269 6.276 6.283 6.290 6.297 6.304 6.311 6.318 6.326 6.334 6.343 6.353 6.364 6.376 6.389 6.404 6.420 6.437 6.455 6.472 6.490 6.508 6.525 6.542 6.558 6.574 6.589 6.604 6.617 6.629 6.641 6.652 6.662 6.671 6.680 6.689 6.697 6.705 6.712 6.720 6.727 6.735 6.741 6.747 6.753 6.759 6.764 6.769 6.774 6.779 6.784 6.789 6.794 6.798 6.803 6.807 6.812 6.816 6.820 6.825 6.829 6.833 6.838 6.842 6.848 6.853
6.170 6.181 6.192 6.203 6.213 6.224 6.234 6.244 6.252 6.260 6.268 6.276 6.283 6.290 6.297 6.304 6.310 6.316 6.323 6.329 6.336 6.344 6.352 6.361 6.370 6.381 6.394 6.407 6.422 6.438 6.455 6.472 6.489 6.506 6.524 6.542 6.559 6.575 6.591 6.606 6.621 6.634 6.647 6.658 6.669 6.680 6.689 6.698 6.707 6.715 6.723 6.731 6.739 6.746 6.752 6.758 6.764 6.769 6.775 6.780 6.785 6.790 6.795 6.800 6.805 6.809 6.814 6.818 6.823 6.827 6.831 6.835 6.840 6.844 6.849 6.854 6.859
6.176 6.187 6.198 6.209 6.219 6.230 6.240 6.250 6.259 6.267 6.275 6.283 6.290 6.298 6.304 6.311 6.317 6.323 6.329 6.335 6.341 6.347 6.354 6.361 6.369 6.378 6.387 6.399 6.411 6.425 6.440 6.455 6.471 6.488 6.505 6.522 6.540 6.558 6.575 6.592 6.608 6.623 6.638 6.651 6.664 6.676 6.687 6.697 6.707 6.716 6.725 6.733 6.742 6.749 6.756 6.762 6.768 6.774 6.780 6.785 6.791 6.796 6.801 6.806 6.811 6.815 6.820 6.825 6.829 6.833 6.838 6.842 6.846 6.851 6.855 6.860 6.865
6.181 6.192 6.203 6.214 6.225 6.236 6.247 6.256 6.265 6.274 6.282 6.290 6.298 6.305 6.312 6.319 6.325 6.331 6.337 6.343 6.348 6.353 6.359 6.364 6.371 6.378 6.385 6.394 6.404 6.416 6.428 6.441 6.455 6.470 6.486 6.503 6.520 6.538 6.556 6.574 6.591 6.608 6.624 6.639 6.654 6.667 6.680 6.692 6.703 6.714 6.724 6.733 6.743 6.751 6.758 6.765 6.772 6.778 6.784 6.790 6.795 6.801 6.806 6.811 6.816 6.821 6.826 6.830 6.835 6.839 6.844 6.848 6.852 6.857 6.861 6.866 6.871
6.186 6.198 6.209 6.220 6.231 6.242 6.253 6.263 6.272 6.280 6.289 6.297 6.305 6.313 6.320 6.327 6.334 6.340 6.346 6.351 6.356 6.361 6.366 6.371 6.376 6.381 6.387 6.394 6.402 6.411 6.421 6.432 6.443 6.456 6.470 6.485 6.502 6.518 6.536 6.554 6.572 6.589 6.607 6.623 6.639 6.655 6.669 6.683 6.696 6.708 6.719 6.730 6.741 6.750 6.758 6.766 6.773 6.780 6.787 6.793 6.799 6.805 6.810 6.816 6.821 6.826 6.831 6.836 6.840 6.845 6.849 6.854 6.858 6.863 6.867 6.872 6.876
6.191 6.203 6.214 6.225 6.236 6.247 6.258 6.268 6.278 6.287 6.295 6.304 6.312 6.320 6.328 6.335 6.342 6.348 6.354 6.360 6.365 6.370 6.374 6.378 6.383 6.387 6.392 6.397 6.403 6.411 6.418 6.427 6.436 6.446 6.458 6.471 6.485 6.501 6.517 6.534 6.551 6.569 6.587 6.604 6.622 6.638 6.654 6.670 6.684 6.698 6.711 6.724 6.736 6.746 6.756 6.765 6.773 6.780 6.788 6.795 6.801 6.807 6.813 6.819 6.825 6.830 6.835 6.840 6.845 6.850 6.855 6.859 6.864 6.868 6.873 6.877 6.882
6.196 6.208 6.219 6.230 6.242 6.253 6.264 6.274 6.284 6.293 6.302 6.310 6.319 6.327 6.335 6.343 6.350 6.357 6.363 6.369 6.374 6.379 6.383 6.388 6.391 6.395 6.399 6.403 6.408 6.414 6.420 6.426 6.433 6.441 6.450 6.461 6.473 6.486 6.501 6.516 6.532 6.549 6.566 6.584 6.602 6.619 6.636 6.653 6.669 6.684 6.699 6.713 6.727 6.739 6.750 6.760 6.769 6.778 6.786 6.794 6.801 6.808 6.815 6.821 6.827 6.833 6.839 6.844 6.849 6.854 6.859 6.864 6.868 6.873 6.877 6.882 6.887
6.200 6.212 6.224 6.235 6.246 6.258 6.269 6.280 6.289 6.298 6.308 6.317 6.325 6.334 6.342 6.350 6.358 6.365 6.372 6.378 6.383 6.389 6.393 6.397 6.401 6.405 6.408 6.412 6.415 6.420 6.424 6.428 6.434 6.440 6.447 6.455 6.465 6.476 6.488 6.502 6.516 6.531 6.548 6.564 6.581 6.599 6.616 6.633 6.650 6.667 6.683 6.699 6.714 6.728 6.740 6.752 6.763 6.773 6.782 6.791 6.799 6.807 6.815 6.822 6.828 6.835 6.841 6.847 6.852 6.857 6.862 6.867 6.872 6.877 6.882 6.887 6.891
6.204 6.216 6.228 6.239 6.251 6.263 6.274 6.285 6.294 6.304 6.313 6.322 6.332 6.340 6.349 6.357 6.365 6.373 6.380 6.386 6.392 6.398 6.403 6.407 6.411 6.415 6.418 6.421 6.424 6.428 6.431 6.434 6.438 6.442 6.447 6.454 6.461 6.470 6.480 6.491 6.504 6.517 6.532 6.547 6.563 6.579 6.596 6.613 6.630 6.647 6.664 6.681 6.697 6.713 6.727 6.740 6.752 6.764 6.775 6.785 6.794 6.803 6.812 6.820 6.827 6.834 6.841 6.847 6.853 6.859 6.865 6.870 6.875 6.880 6.885 6.890 6.895
6.208 6.220 6.232 6.244 6.255 6.267 6.279 6.289 6.299 6.309 6.318 6.328 6.337 6.346 6.355 6.364 6.372 6.380 6.388 6.395 6.401 6.407 6.412 6.417 6.421 6.425 6.429 6.432 6.435 6.438 6.440 6.442 6.445 6.447 6.451 6.456 6.462 6.468 6.476 6.485 6.496 6.507 6.519 6.533 6.547 6.562 6.578 6.594 6.610 6.627 6.644 6.661 6.679 6.695 6.710 6.725 6.738 6.751 6.764 6.775 6.786 6.797 6.806 6.815 6.824 6.832 6.839 6.846 6.853 6.859 6.865 6.871 6.877 6.882 6.887 6.893 6.897
6.212 6.224 6.235 6.247 6.259 6.271 6.283 6.293 6.303 6.313 6.323 6.333 6.342 6.352 6.361 6.370 6.379 6.387 6.395 6.402 6.409 6.416 6.421 6.427 6.431 6.435 6.439 6.442 6.445 6.448 6.450 6.452 6.453 6.455 6.458 6.461 6.465 6.470 6.476 6.483 6.492 6.501 6.511 6.523 6.535 6.548 6.562 6.577 6.593 6.609 6.625 6.642 6.659 6.676 6.691 6.707 6.721 6.736 6.749 6.762 6.775 6.786 6.797 6.808 6.817 6.827 6.835 6.843 6.851 6.858 6.864 6.871 6.877 6.883 6.888 6.894 6.899
6.215 6.227 6.239 6.251 6.263 6.275 6.287 6.297 6.307 6.317 6.328 6.337 6.347 6.357 6.366 6.376 6.385 6.393 6.402 6.409 6.417 6.424 6.430 6.436 6.441 6.446 6.450 6.453 6.456 6.460 6.461 6.462 6.463 6.465 6.466 6.468 6.471 6.475 6.479 6.485 6.491 6.499 6.507 6.517 6.527 6.539 6.551 6.564 6.578 6.593 6.608 6.624 6.640 6.656 6.672 6.688 6.703 6.718 6.732 6.746 6.760 6.773 6.785 6.797 6.808 6.818 6.828 6.837 6.846 6.854 6.861 6.868 6.875 6.881 6.888 6.894 6.899
6.217 6.230 6.242 6.254 6.266 6.278 6.290 6.300 6.311 6.321 6.332 6.342 6.352 6.362 6.371 6.381 6.390 6.399 6.408 6.416 6.424 6.431 6.438 6.444 6.450 6.455 6.460 6.464 6.468 6.471 6.473 6.474 6.474 6.475 6.476 6.477 6.479 6.481 6.485 6.489 6.494 6.500 6.506 6.514 6.523 6.533 6.543 6.555 6.567 6.580 6.594 6.608 6.624 6.639 6.654 6.669 6.684 6.699 6.714 6.729 6.743 6.757 6.771 6.783 6.796 6.807 6.818 6.829 6.838 6.847 6.856 6.864 6.871 6.878 6.885 6.892 6.898
