version2/TsunamiDB/out54118.asc
ncols          264
nrows          230
xllcorner      497853.4375
yllcorner      4229146.0000
cellsize         5.
NODATA_value   -99
[rows 34 to 67 of 230, columns 77 to 153 of 264]
5.718 5.730 5.742 5.753 5.765 5.777 5.788 5.798 5.808 5.818 5.828 5.839 5.850 5.860 5.871 5.881 5.891 5.902 5.912 5.921 5.931 5.940 5.949 5.958 5.966 5.974 5.982 5.989 5.996 6.002 6.007 6.011 6.015 6.020 6.024 6.029 6.034 6.039 6.044 6.050 6.056 6.062 6.069 6.077 6.085 6.093 6.102 6.111 6.120 6.130 6.140 6.151 6.161 6.170 6.180 6.189 6.199 6.209 6.220 6.230 6.240 6.251 6.261 6.271 6.282 6.292 6.302 6.312 6.322 6.332 6.342 6.352 6.362 6.371 6.381 6.390 6.398
5.729 5.741 5.753 5.764 5.776 5.788 5.799 5.808 5.818 5.828 5.838 5.848 5.859 5.869 5.879 5.890 5.900 5.910 5.920 5.930 5.939 5.949 5.958 5.967 5.976 5.984 5.992 6.000 6.007 6.013 6.018 6.023 6.028 6.032 6.037 6.041 6.046 6.051 6.056 6.061 6.066 6.072 6.079 6.086 6.093 6.101 6.109 6.117 6.127 6.136 6.146 6.156 6.166 6.175 6.184 6.193 6.203 6.213 6.223 6.233 6.244 6.254 6.264 6.274 6.285 6.295 6.305 6.315 6.325 6.335 6.345 6.355 6.365 6.374 6.384 6.393 6.401
5.739 5.752 5.764 5.775 5.787 5.799 5.809 5.818 5.828 5.838 5.848 5.858 5.868 5.878 5.888 5.899 5.909 5.918 5.928 5.938 5.948 5.957 5.967 5.976 5.985 5.993 6.001 6.009 6.017 6.024 6.029 6.034 6.039 6.044 6.049 6.053 6.058 6.063 6.067 6.072 6.077 6.083 6.089 6.095 6.102 6.109 6.117 6.125 6.133 6.142 6.152 6.162 6.171 6.180 6.189 6.198 6.208 6.217 6.227 6.237 6.247 6.258 6.268 6.278 6.288 6.298 6.308 6.318 6.328 6.338 6.348 6.358 6.368 6.377 6.387 6.396 6.404
5.750 5.762 5.774 5.786 5.798 5.809 5.820 5.829 5.839 5.849 5.858 5.868 5.878 5.888 5.898 5.908 5.917 5.927 5.937 5.947 5.956 5.966 5.975 5.984 5.993 6.002 6.010 6.019 6.027 6.033 6.039 6.045 6.050 6.055 6.060 6.065 6.070 6.074 6.079 6.084 6.089 6.094 6.099 6.105 6.111 6.118 6.125 6.133 6.141 6.149 6.158 6.168 6.177 6.185 6.194 6.203 6.212 6.222 6.232 6.241 6.251 6.261 6.272 6.282 6.292 6.302 6.312 6.322 6.332 6.342 6.351 6.361 6.371 6.380 6.390 6.399 6.407
5.760 5.772 5.785 5.797 5.808 5.820 5.830 5.840 5.850 5.859 5.869 5.879 5.888 5.898 5.908 5.917 5.927 5.936 5.946 5.955 5.965 5.974 5.983 5.993 6.002 6.010 6.019 6.027 6.036 6.043 6.049 6.055 6.060 6.066 6.071 6.076 6.081 6.086 6.091 6.095 6.100 6.105 6.110 6.115 6.121 6.127 6.134 6.141 6.149 6.157 6.165 6.174 6.183 6.191 6.199 6.208 6.217 6.227 6.236 6.246 6.256 6.266 6.276 6.286 6.296 6.306 6.316 6.325 6.335 6.345 6.355 6.365 6.374 6.384 6.393 6.402 6.410
5.769 5.782 5.794 5.807 5.819 5.830 5.841 5.851 5.860 5.870 5.880 5.889 5.899 5.908 5.918 5.927 5.936 5.946 5.955 5.964 5.974 5.983 5.992 6.001 6.010 6.019 6.027 6.036 6.044 6.052 6.058 6.064 6.070 6.076 6.082 6.087 6.092 6.097 6.102 6.107 6.111 6.116 6.121 6.126 6.131 6.137 6.143 6.150 6.157 6.164 6.172 6.181 6.189 6.197 6.205 6.214 6.222 6.232 6.241 6.251 6.260 6.270 6.280 6.290 6.300 6.310 6.320 6.329 6.339 6.349 6.359 6.368 6.378 6.387 6.397 6.406 6.414
5.777 5.791 5.803 5.816 5.828 5.840 5.851 5.861 5.871 5.880 5.890 5.900 5.909 5.919 5.928 5.937 5.946 5.956 5.965 5.974 5.983 5.992 6.001 6.010 6.018 6.027 6.036 6.045 6.053 6.061 6.067 6.073 6.080 6.086 6.092 6.098 6.103 6.108 6.113 6.118 6.123 6.127 6.132 6.137 6.142 6.147 6.153 6.159 6.166 6.173 6.180 6.188 6.196 6.203 6.211 6.219 6.228 6.237 6.246 6.256 6.265 6.275 6.284 6.294 6.304 6.314 6.324 6.333 6.343 6.353 6.363 6.372 6.382 6.391 6.401 6.410 6.418
5.786 5.799 5.812 5.825 5.837 5.849 5.860 5.871 5.881 5.891 5.901 5.910 5.920 5.929 5.939 5.948 5.957 5.966 5.974 5.983 5.992 6.001 6.010 6.018 6.027 6.036 6.044 6.053 6.062 6.069 6.076 6.082 6.089 6.095 6.102 6.108 6.113 6.119 6.124 6.129 6.134 6.138 6.143 6.148 6.152 6.157 6.163 6.169 6.175 6.181 6.188 6.196 6.203 6.210 6.218 6.226 6.234 6.243 6.252 6.261 6.270 6.280 6.289 6.299 6.309 6.318 6.328 6.338 6.348 6.357 6.367 6.376 6.386 6.395 6.405 6.414 6.422
5.793 5.807 5.820 5.833 5.846 5.858 5.869 5.880 5.890 5.900 5.910 5.920 5.930 5.940 5.949 5.958 5.967 5.976 5.984 5.993 6.002 6.010 6.019 6.028 6.036 6.045 6.053 6.062 6.070 6.078 6.085 6.091 6.098 6.105 6.111 6.117 6.123 6.129 6.134 6.139 6.144 6.149 6.154 6.158 6.163 6.168 6.173 6.178 6.184 6.190 6.197 6.204 6.211 6.218 6.225 6.232 6.240 6.249 6.257 6.266 6.275 6.285 6.294 6.304 6.313 6.323 6.333 6.342 6.352 6.362 6.371 6.381 6.390 6.400 6.409 6.418 6.426
5.800 5.814 5.827 5.841 5.853 5.866 5.878 5.888 5.899 5.910 5.920 5.930 5.940 5.950 5.959 5.968 5.977 5.986 5.995 6.003 6.012 6.020 6.029 6.037 6.045 6.054 6.062 6.071 6.079 6.087 6.093 6.100 6.107 6.114 6.120 6.127 6.133 6.139 6.144 6.150 6.155 6.160 6.164 6.169 6.174 6.178 6.183 6.188 6.194 6.199 6.206 6.213 6.219 6.225 6.232 6.239 6.247 6.255 6.263 6.272 6.281 6.290 6.299 6.309 6.318 6.328 6.337 6.347 6.357 6.366 6.376 6.385 6.395 6.404 6.414 6.423 6.431
5.808 5.821 5.835 5.848 5.861 5.874 5.886 5.897 5.907 5.918 5.929 5.939 5.949 5.959 5.969 5.978 5.987 5.996 6.005 6.013 6.022 6.030 6.038 6.047 6.055 6.063 6.071 6.080 6.088 6.096 6.102 6.109 6.116 6.123 6.129 6.136 6.142 6.148 6.154 6.160 6.165 6.170 6.175 6.179 6.184 6.189 6.193 6.198 6.203 6.209 6.215 6.221 6.227 6.233 6.239 6.246 6.253 6.261 6.269 6.278 6.287 6.296 6.305 6.314 6.323 6.333 6.342 6.352 6.361 6.371 6.380 6.390 6.399 6.409 6.419 6.427 6.435
5.815 5.828 5.842 5.855 5.868 5.881 5.893 5.904 5.915 5.926 5.937 5.948 5.958 5.968 5.978 5.988 5.997 6.006 6.015 6.023 6.032 6.040 6.048 6.056 6.065 6.073 6.081 6.089 6.097 6.105 6.111 6.118 6.125 6.132 6.139 6.145 6.152 6.158 6.164 6.169 6.175 6.180 6.185 6.190 6.194 6.199 6.204 6.208 6.213 6.219 6.224 6.230 6.236 6.241 6.247 6.254 6.261 6.268 6.276 6.284 6.293 6.301 6.310 6.319 6.329 6.338 6.347 6.357 6.366 6.376 6.385 6.395 6.404 6.414 6.423 6.432 6.440
5.822 5.835 5.849 5.862 5.875 5.888 5.900 5.911 5.923 5.934 5.945 5.956 5.967 5.977 5.987 5.997 6.006 6.015 6.024 6.033 6.041 6.050 6.058 6.066 6.074 6.082 6.090 6.098 6.107 6.114 6.120 6.127 6.134 6.141 6.148 6.154 6.161 6.167 6.173 6.179 6.185 6.190 6.195 6.200 6.205 6.209 6.214 6.219 6.223 6.228 6.234 6.240 6.245 6.250 6.255 6.261 6.268 6.275 6.283 6.291 6.299 6.307 6.316 6.325 6.334 6.343 6.353 6.362 6.371 6.381 6.390 6.400 6.409 6.419 6.428 6.437 6.445
5.829 5.842 5.856 5.869 5.882 5.895 5.907 5.918 5.930 5.941 5.953 5.964 5.975 5.985 5.995 6.005 6.015 6.024 6.034 6.042 6.051 6.059 6.068 6.076 6.084 6.092 6.100 6.108 6.116 6.123 6.130 6.136 6.143 6.150 6.157 6.164 6.170 6.177 6.183 6.189 6.195 6.200 6.205 6.210 6.215 6.220 6.224 6.229 6.234 6.238 6.244 6.249 6.254 6.259 6.264 6.269 6.276 6.282 6.290 6.297 6.305 6.314 6.322 6.331 6.340 6.349 6.358 6.367 6.377 6.386 6.395 6.405 6.414 6.424 6.434 6.442 6.450
5.837 5.850 5.863 5.876 5.889 5.902 5.914 5.925 5.937 5.948 5.960 5.971 5.982 5.993 6.003 6.014 6.024 6.033 6.042 6.051 6.060 6.069 6.077 6.085 6.094 6.102 6.110 6.118 6.126 6.133 6.139 6.146 6.152 6.159 6.166 6.173 6.180 6.186 6.192 6.198 6.204 6.210 6.215 6.220 6.225 6.230 6.234 6.239 6.244 6.248 6.253 6.259 6.263 6.268 6.272 6.278 6.284 6.290 6.297 6.304 6.312 6.320 6.328 6.337 6.346 6.355 6.364 6.373 6.382 6.391 6.401 6.410 6.420 6.429 6.439 6.447 6.455
5.845 5.858 5.871 5.883 5.896 5.909 5.921 5.932 5.943 5.955 5.967 5.978 5.989 6.000 6.011 6.021 6.032 6.041 6.051 6.060 6.069 6.078 6.086 6.095 6.103 6.111 6.119 6.127 6.135 6.142 6.148 6.155 6.162 6.169 6.175 6.182 6.189 6.195 6.202 6.208 6.214 6.220 6.225 6.230 6.235 6.240 6.245 6.249 6.254 6.259 6.264 6.269 6.273 6.277 6.281 6.286 6.292 6.298 6.305 6.312 6.319 6.327 6.335 6.343 6.352 6.360 6.369 6.378 6.388 6.397 6.406 6.415 6.425 6.435 6.444 6.452 6.460
5.854 5.866 5.879 5.891 5.904 5.916 5.928 5.939 5.950 5.962 5.973 5.985 5.996 6.007 6.018 6.029 6.039 6.049 6.059 6.068 6.078 6.087 6.095 6.104 6.112 6.120 6.128 6.137 6.145 6.151 6.158 6.164 6.171 6.178 6.185 6.192 6.198 6.205 6.211 6.217 6.224 6.229 6.235 6.240 6.245 6.250 6.255 6.260 6.264 6.269 6.274 6.279 6.283 6.286 6.290 6.295 6.300 6.306 6.312 6.319 6.326 6.334 6.341 6.350 6.358 6.366 6.375 6.384 6.393 6.402 6.412 6.421 6.431 6.440 6.450 6.458 6.466
5.863 5.875 5.887 5.900 5.912 5.924 5.935 5.946 5.957 5.969 5.980 5.992 6.003 6.014 6.025 6.036 6.046 6.057 6.067 6.076 6.086 6.095 6.104 6.112 6.121 6.129 6.138 6.146 6.154 6.161 6.167 6.173 6.180 6.187 6.194 6.201 6.208 6.214 6.221 6.227 6.233 6.239 6.245 6.250 6.255 6.260 6.265 6.270 6.274 6.279 6.284 6.289 6.292 6.296 6.300 6.304 6.309 6.315 6.321 6.327 6.334 6.341 6.348 6.356 6.364 6.373 6.381 6.390 6.399 6.408 6.417 6.427 6.436 6.446 6.455 6.463 6.471
5.873 5.885 5.897 5.909 5.921 5.932 5.943 5.954 5.965 5.976 5.987 5.999 6.010 6.021 6.032 6.043 6.054 6.064 6.074 6.084 6.093 6.103 6.112 6.121 6.129 6.138 6.146 6.155 6.163 6.169 6.176 6.182 6.189 6.196 6.203 6.210 6.217 6.223 6.230 6.236 6.243 6.249 6.254 6.260 6.265 6.270 6.275 6.280 6.285 6.290 6.295 6.299 6.302 6.306 6.309 6.314 6.318 6.324 6.329 6.335 6.342 6.348 6.356 6.363 6.371 6.379 6.388 6.396 6.405 6.414 6.423 6.433 6.442 6.452 6.461 6.469 6.477
5.884 5.895 5.907 5.918 5.930 5.941 5.951 5.962 5.973 5.984 5.995 6.006 6.017 6.028 6.039 6.050 6.061 6.071 6.081 6.091 6.101 6.110 6.120 6.129 6.138 6.146 6.155 6.164 6.171 6.178 6.184 6.191 6.198 6.205 6.212 6.219 6.226 6.232 6.239 6.245 6.252 6.258 6.264 6.270 6.275 6.280 6.285 6.290 6.295 6.300 6.305 6.309 6.312 6.315 6.319 6.323 6.328 6.333 6.338 6.344 6.350 6.356 6.363 6.370 6.378 6.386 6.394 6.403 6.411 6.420 6.429 6.438 6.448 6.457 6.466 6.475 6.483
5.895 5.906 5.917 5.929 5.940 5.950 5.960 5.970 5.981 5.992 6.003 6.014 6.025 6.036 6.047 6.057 6.068 6.078 6.089 6.099 6.108 6.118 6.127 6.137 6.146 6.154 6.163 6.172 6.179 6.186 6.193 6.200 6.207 6.214 6.221 6.228 6.234 6.241 6.248 6.254 6.261 6.267 6.273 6.279 6.285 6.290 6.295 6.300 6.305 6.310 6.315 6.319 6.322 6.326 6.329 6.333 6.337 6.342 6.347 6.352 6.358 6.364 6.371 6.378 6.385 6.393 6.401 6.409 6.418 6.427 6.435 6.445 6.454 6.463 6.472 6.480 6.489
5.907 5.918 5.928 5.939 5.950 5.960 5.970 5.980 5.990 6.001 6.011 6.022 6.033 6.043 6.054 6.065 6.075 6.086 6.096 6.106 6.116 6.125 6.135 6.144 6.153 6.162 6.171 6.180 6.187 6.194 6.201 6.208 6.215 6.222 6.229 6.236 6.243 6.250 6.257 6.263 6.270 6.276 6.282 6.288 6.294 6.300 6.305 6.310 6.315 6.320 6.325 6.329 6.332 6.336 6.339 6.343 6.347 6.351 6.356 6.361 6.367 6.373 6.379 6.386 6.393 6.400 6.408 6.416 6.424 6.433 6.442 6.451 6.460 6.469 6.478 6.486 6.495
5.918 5.929 5.940 5.950 5.961 5.971 5.980 5.990 6.000 6.010 6.020 6.030 6.041 6.051 6.062 6.072 6.083 6.093 6.103 6.113 6.123 6.133 6.142 6.152 6.161 6.170 6.179 6.187 6.195 6.202 6.209 6.216 6.223 6.230 6.237 6.244 6.251 6.258 6.265 6.272 6.278 6.285 6.291 6.297 6.303 6.309 6.315 6.320 6.325 6.330 6.335 6.339 6.342 6.346 6.349 6.353 6.357 6.361 6.365 6.370 6.376 6.381 6.387 6.394 6.400 6.408 6.415 6.423 6.431 6.440 6.448 6.457 6.466 6.476 6.484 6.492 6.501
5.930 5.940 5.951 5.962 5.972 5.982 5.991 6.000 6.010 6.020 6.030 6.040 6.050 6.060 6.070 6.080 6.091 6.101 6.111 6.121 6.131 6.140 6.150 6.159 6.168 6.177 6.186 6.195 6.203 6.210 6.217 6.224 6.231 6.238 6.245 6.252 6.259 6.266 6.273 6.280 6.287 6.293 6.300 6.306 6.312 6.318 6.324 6.329 6.334 6.340 6.345 6.349 6.352 6.356 6.359 6.363 6.367 6.371 6.375 6.380 6.385 6.390 6.396 6.402 6.408 6.415 6.423 6.430 6.438 6.446 6.455 6.463 6.472 6.482 6.491 6.499 6.507
5.940 5.951 5.962 5.973 5.983 5.993 6.002 6.011 6.020 6.030 6.040 6.049 6.059 6.069 6.079 6.089 6.099 6.109 6.119 6.129 6.138 6.148 6.157 6.167 6.176 6.185 6.194 6.202 6.210 6.217 6.224 6.232 6.239 6.246 6.253 6.260 6.267 6.274 6.281 6.288 6.295 6.301 6.308 6.314 6.321 6.327 6.332 6.338 6.344 6.349 6.354 6.359 6.362 6.366 6.369 6.373 6.376 6.380 6.385 6.389 6.394 6.399 6.404 6.410 6.416 6.423 6.430 6.437 6.445 6.453 6.461 6.470 6.479 6.488 6.497 6.505 6.513
5.951 5.962 5.973 5.984 5.994 6.004 6.013 6.022 6.031 6.040 6.050 6.060 6.069 6.079 6.088 6.098 6.108 6.118 6.127 6.137 6.146 6.156 6.165 6.174 6.183 6.192 6.201 6.210 6.218 6.225 6.232 6.239 6.246 6.253 6.261 6.268 6.275 6.282 6.289 6.296 6.302 6.309 6.316 6.322 6.329 6.335 6.341 6.347 6.352 6.358 6.364 6.368 6.372 6.375 6.379 6.382 6.386 6.390 6.394 6.398 6.403 6.408 6.413 6.419 6.425 6.431 6.438 6.445 6.452 6.460 6.468 6.477 6.485 6.494 6.503 6.511 6.519
5.960 5.972 5.983 5.994 6.005 6.015 6.024 6.033 6.042 6.051 6.061 6.070 6.079 6.089 6.098 6.108 6.117 6.127 6.136 6.145 6.155 6.164 6.173 6.182 6.191 6.200 6.209 6.218 6.226 6.233 6.240 6.247 6.254 6.261 6.268 6.275 6.282 6.289 6.296 6.303 6.310 6.317 6.324 6.330 6.337 6.343 6.349 6.355 6.361 6.367 6.372 6.377 6.381 6.385 6.388 6.392 6.396 6.400 6.404 6.408 6.412 6.417 6.422 6.427 6.433 6.439 6.445 6.452 6.459 6.467 6.475 6.483 6.492 6.501 6.509 6.517 6.525
5.969 5.981 5.993 6.004 6.015 6.025 6.034 6.043 6.053 6.062 6.071 6.081 6.090 6.099 6.108 6.117 6.127 6.136 6.145 6.154 6.163 6.173 6.182 6.191 6.199 6.208 6.217 6.226 6.234 6.240 6.247 6.254 6.262 6.269 6.276 6.283 6.290 6.297 6.304 6.311 6.317 6.324 6.331 6.338 6.344 6.351 6.357 6.363 6.369 6.375 6.381 6.386 6.390 6.394 6.398 6.401 6.405 6.409 6.413 6.417 6.421 6.426 6.431 6.436 6.441 6.447 6.453 6.460 6.467 6.474 6.482 6.490 6.498 6.507 6.516 6.523 6.531
5.976 5.989 6.001 6.013 6.024 6.035 6.044 6.054 6.063 6.072 6.082 6.091 6.100 6.109 6.119 6.128 6.137 6.146 6.155 6.164 6.173 6.181 6.190 6.199 6.208 6.217 6.225 6.234 6.242 6.248 6.255 6.262 6.269 6.276 6.283 6.290 6.297 6.304 6.311 6.318 6.325 6.332 6.338 6.345 6.352 6.358 6.364 6.371 6.377 6.383 6.389 6.394 6.398 6.402 6.406 6.410 6.414 6.418 6.422 6.426 6.430 6.435 6.439 6.444 6.449 6.455 6.461 6.467 6.474 6.481 6.488 6.496 6.505 6.513 6.522 6.529 6.537
5.983 5.996 6.009 6.021 6.033 6.044 6.053 6.063 6.073 6.083 6.092 6.101 6.111 6.120 6.129 6.138 6.147 6.156 6.164 6.173 6.182 6.191 6.199 6.208 6.217 6.225 6.234 6.242 6.250 6.257 6.263 6.270 6.277 6.284 6.291 6.298 6.305 6.312 6.319 6.325 6.332 6.339 6.346 6.352 6.359 6.365 6.372 6.378 6.385 6.391 6.397 6.402 6.407 6.411 6.415 6.419 6.423 6.427 6.431 6.435 6.439 6.444 6.448 6.453 6.458 6.463 6.469 6.475 6.481 6.488 6.495 6.503 6.511 6.520 6.528 6.535 6.543
5.988 6.002 6.015 6.028 6.040 6.052 6.062 6.072 6.082 6.092 6.102 6.111 6.121 6.130 6.139 6.148 6.157 6.166 6.174 6.183 6.192 6.200 6.209 6.217 6.226 6.234 6.243 6.251 6.259 6.265 6.272 6.279 6.285 6.292 6.299 6.306 6.313 6.319 6.326 6.333 6.340 6.346 6.353 6.359 6.366 6.373 6.379 6.386 6.392 6.398 6.405 6.410 6.415 6.419 6.423 6.428 6.432 6.436 6.440 6.444 6.448 6.452 6.457 6.461 6.466 6.471 6.476 6.482 6.488 6.495 6.502 6.510 6.518 6.526 6.534 6.541 6.549
5.993 6.007 6.021 6.034 6.047 6.059 6.069 6.080 6.090 6.101 6.111 6.121 6.130 6.140 6.149 6.158 6.167 6.176 6.184 6.193 6.201 6.210 6.218 6.227 6.235 6.244 6.252 6.260 6.267 6.274 6.280 6.287 6.294 6.301 6.307 6.314 6.321 6.327 6.334 6.341 6.347 6.354 6.360 6.367 6.373 6.380 6.386 6.393 6.399 6.406 6.412 6.418 6.422 6.427 6.431 6.436 6.440 6.444 6.448 6.453 6.457 6.461 6.465 6.470 6.474 6.479 6.484 6.490 6.496 6.502 6.509 6.516 6.524 6.532 6.540 6.547 6.555
5.997 6.011 6.026 6.039 6.053 6.065 6.076 6.087 6.098 6.108 6.119 6.129 6.139 6.149 6.158 6.167 6.176 6.185 6.194 6.203 6.211 6.220 6.228 6.236 6.245 6.253 6.261 6.269 6.277 6.283 6.289 6.296 6.303 6.309 6.316 6.323 6.329 6.336 6.342 6.348 6.355 6.361 6.368 6.374 6.380 6.387 6.393 6.400 6.406 6.413 6.419 6.425 6.430 6.434 6.439 6.443 6.448 6.452 6.457 6.461 6.465 6.469 6.474 6.478 6.482 6.487 6.492 6.497 6.503 6.509 6.516 6.523 6.530 6.538 6.546 6.553 6.560
6.000 6.015 6.029 6.044 6.057 6.070 6.081 6.093 6.104 6.115 6.126 6.137 6.147 6.157 6.167 6.176 6.186 6.195 6.203 6.212 6.221 6.229 6.238 6.246 6.254 6.263 6.271 6.279 6.286 6.292 6.299 6.305 6.312 6.318 6.325 6.331 6.338 6.344 6.350 6.357 6.363 6.369 6.375 6.382 6.388 6.394 6.401 6.407 6.414 6.420 6.427 6.432 6.437 6.442 6.446 6.451 6.456 6.460 6.465 6.469 6.473 6.478 6.482 6.486 6.490 6.495 6.500 6.505 6.510 6.516 6.522 6.529 6.537 6.545 6.551 6.558 6.566
