version2/TsunamiDB/out54094.asc
ncols          264
nrows          230
xllcorner      497853.4375
yllcorner      4229146.0000
cellsize         5.
NODATA_value   -99
[rows 34 to 67 of 230, columns 0 to 76 of 264]
-99.000 -99.000 -99.000 -99.000 -99.000 -99.000 -99.000 -99.000 -99.000 -99.000 -99.000 -99.000 -99.000 -99.000 -99.000 -99.000 -99.000 -99.000 -99.000 -99.000 -99.000 -99.000 -99.000 -99.000 -99.000 -99.000 -99.000 -99.000 1.650 1.658 1.716 1.870 2.107 2.387 2.670 2.926 3.139 3.307 3.438 3.544 3.631 3.706 3.773 3.834 3.891 3.944 3.995 4.044 4.090 4.135 4.178 4.220 4.261 4.301 4.339 4.377 4.413 4.449 4.484 4.518 4.550 4.581 4.613 4.644 4.674 4.703 4.732 4.761 4.789 4.816 4.843 4.870 4.897 4.923 4.949 4.975 5.001
-99.000 -99.000 -99.000 -99.000 -99.000 -99.000 -99.000 -99.000 -99.000 -99.000 -99.000 -99.000 -99.000 -99.000 -99.000 -99.000 -99.000 -99.000 -99.000 -99.000 -99.000 -99.000 -99.000 -99.000 -99.000 -99.000 -99.000 -99.000 1.651 1.672 1.770 1.962 2.222 2.509 2.784 3.023 3.217 3.368 3.488 3.585 3.667 3.738 3.803 3.862 3.917 3.969 4.019 4.067 4.113 4.157 4.199 4.241 4.281 4.320 4.358 4.395 4.431 4.466 4.500 4.534 4.566 4.597 4.628 4.658 4.688 4.717 4.746 4.774 4.802 4.829 4.856 4.882 4.908 4.934 4.959 4.985 5.010
-99.000 -99.000 -99.000 -99.000 -99.000 -99.000 -99.000 -99.000 -99.000 -99.000 -99.000 -99.000 -99.000 -99.000 -99.000 -99.000 -99.000 -99.000 -99.000 -99.000 -99.000 -99.000 -99.000 -99.000 -99.000 -99.000 -99.000 1.650 1.655 1.701 1.840 2.066 2.343 2.629 2.891 3.111 3.287 3.425 3.534 3.624 3.701 3.769 3.831 3.889 3.943 3.994 4.043 4.090 4.135 4.178 4.220 4.261 4.300 4.339 4.376 4.413 4.448 4.483 4.517 4.550 4.582 4.612 4.643 4.673 4.703 4.732 4.760 4.788 4.815 4.842 4.868 4.894 4.920 4.945 4.970 4.995 5.019
-99.000 -99.000 -99.000 -99.000 -99.000 -99.000 -99.000 -99.000 -99.000 -99.000 -99.000 -99.000 -99.000 -99.000 -99.000 -99.000 -99.000 -99.000 -99.000 -99.000 -99.000 -99.000 -99.000 -99.000 -99.000 -99.000 -99.000 1.651 1.666 1.748 1.926 2.179 2.464 2.744 2.990 3.192 3.351 3.476 3.576 3.661 3.734 3.799 3.860 3.916 3.969 4.019 4.067 4.113 4.157 4.200 4.241 4.281 4.320 4.358 4.395 4.431 4.466 4.500 4.534 4.567 4.598 4.628 4.659 4.689 4.718 4.747 4.775 4.802 4.829 4.856 4.881 4.907 4.932 4.957 4.981 5.006 5.030
-99.000 -99.000 -99.000 -99.000 -99.000 -99.000 -99.000 -99.000 -99.000 -99.000 -99.000 -99.000 -99.000 -99.000 -99.000 -99.000 -99.000 -99.000 -99.000 -99.000 -99.000 -99.000 -99.000 -99.000 -99.000 -99.000 1.650 1.653 1.689 1.812 2.026 2.297 2.585 2.853 3.082 3.265 3.410 3.523 3.616 3.696 3.765 3.829 3.887 3.942 3.994 4.043 4.090 4.136 4.179 4.221 4.262 4.301 4.340 4.377 4.413 4.449 4.484 4.518 4.551 4.583 4.614 4.644 4.675 4.704 4.733 4.762 4.789 4.817 4.843 4.870 4.895 4.920 4.945 4.969 4.993 5.017 5.041
-99.000 -99.000 -99.000 -99.000 -99.000 -99.000 -99.000 -99.000 -99.000 -99.000 -99.000 -99.000 -99.000 -99.000 -99.000 -99.000 -99.000 -99.000 -99.000 -99.000 -99.000 -99.000 -99.000 -99.000 -99.000 -99.000 1.650 1.660 1.728 1.892 2.136 2.419 2.702 2.956 3.165 3.332 3.463 3.567 3.654 3.729 3.796 3.858 3.915 3.968 4.019 4.067 4.114 4.158 4.201 4.242 4.283 4.321 4.359 4.396 4.432 4.467 4.501 4.535 4.568 4.600 4.631 4.660 4.690 4.720 4.749 4.777 4.804 4.832 4.858 4.884 4.909 4.934 4.959 4.983 5.006 5.029 5.052
-99.000 -99.000 -99.000 -99.000 -99.000 -99.000 -99.000 -99.000 -99.000 -99.000 -99.000 -99.000 -99.000 -99.000 -99.000 -99.000 -99.000 -99.000 -99.000 -99.000 -99.000 -99.000 -99.000 -99.000 -99.000 -99.000 1.652 1.678 1.785 1.987 2.253 2.541 2.815 3.051 3.242 3.392 3.512 3.608 3.689 3.761 3.826 3.886 3.942 3.994 4.044 4.091 4.137 4.181 4.223 4.264 4.303 4.342 4.379 4.415 4.451 4.485 4.519 4.552 4.585 4.617 4.647 4.676 4.706 4.735 4.764 4.792 4.820 4.846 4.873 4.899 4.924 4.948 4.973 4.996 5.020 5.043 5.065
-99.000 -99.000 -99.000 -99.000 -99.000 -99.000 -99.000 -99.000 -99.000 -99.000 -99.000 -99.000 -99.000 -99.000 -99.000 -99.000 -99.000 -99.000 -99.000 -99.000 -99.000 -99.000 -99.000 -99.000 -99.000 1.650 1.657 1.711 1.860 2.094 2.374 2.660 2.920 3.138 3.311 3.448 3.557 3.647 3.724 3.793 3.856 3.914 3.968 4.020 4.069 4.115 4.160 4.203 4.245 4.285 4.324 4.362 4.398 4.434 4.469 4.503 4.537 4.570 4.602 4.633 4.663 4.693 4.722 4.751 4.780 4.807 4.835 4.862 4.888 4.913 4.938 4.963 4.987 5.010 5.034 5.056 5.078
-99.000 -99.000 -99.000 -99.000 -99.000 -99.000 -99.000 -99.000 -99.000 -99.000 -99.000 -99.000 -99.000 -99.000 -99.000 -99.000 -99.000 -99.000 -99.000 -99.000 -99.000 -99.000 -99.000 -99.000 -99.000 1.651 1.670 1.762 1.951 2.210 2.497 2.775 3.018 3.217 3.374 3.498 3.599 3.683 3.757 3.823 3.884 3.941 3.995 4.045 4.093 4.139 4.183 4.226 4.266 4.306 4.344 4.382 4.418 4.453 4.488 4.521 4.554 4.587 4.619 4.650 4.680 4.709 4.738 4.767 4.795 4.823 4.850 4.876 4.903 4.928 4.953 4.978 5.001 5.025 5.048 5.070 5.092
-99.000 -99.000 -99.000 -99.000 -99.000 -99.000 -99.000 -99.000 -99.000 -99.000 -99.000 -99.000 -99.000 -99.000 -99.000 -99.000 -99.000 -99.000 -99.000 -99.000 -99.000 -99.000 -99.000 -99.000 1.650 1.654 1.697 1.832 2.055 2.331 2.619 2.884 3.109 3.289 3.431 3.545 3.639 3.719 3.789 3.854 3.913 3.969 4.021 4.071 4.118 4.163 4.206 4.248 4.288 4.327 4.365 4.402 4.437 4.472 4.506 4.540 4.572 4.604 4.635 4.666 4.696 4.724 4.753 4.782 4.810 4.838 4.865 4.891 4.917 4.943 4.968 4.992 5.016 5.039 5.062 5.085 5.107
-99.000 -99.000 -99.000 -99.000 -99.000 -99.000 -99.000 -99.000 -99.000 -99.000 -99.000 -99.000 -99.000 -99.000 -99.000 -99.000 -99.000 -99.000 -99.000 -99.000 -99.000 -99.000 -99.000 -99.000 1.650 1.664 1.743 1.918 2.169 2.455 2.737 2.986 3.192 3.355 3.484 3.589 3.677 3.752 3.820 3.883 3.941 3.996 4.047 4.096 4.142 4.187 4.229 4.270 4.310 4.348 4.385 4.422 4.457 4.491 4.525 4.558 4.590 4.621 4.652 4.683 4.712 4.740 4.769 4.797 4.825 4.853 4.880 4.906 4.932 4.957 4.982 5.007 5.031 5.054 5.077 5.099 5.121
-99.000 -99.000 -99.000 -99.000 -99.000 -99.000 -99.000 -99.000 -99.000 -99.000 -99.000 -99.000 -99.000 -99.000 -99.000 -99.000 -99.000 -99.000 -99.000 -99.000 -99.000 -99.000 -99.000 1.650 1.653 1.686 1.807 2.020 2.291 2.579 2.850 3.080 3.267 3.414 3.532 3.630 3.713 3.785 3.851 3.912 3.969 4.022 4.073 4.121 4.166 4.210 4.252 4.293 4.332 4.369 4.406 4.442 4.476 4.510 4.543 4.576 4.607 4.638 4.669 4.699 4.728 4.756 4.784 4.812 4.840 4.867 4.894 4.920 4.946 4.972 4.996 5.021 5.045 5.068 5.091 5.114 5.135
-99.000 -99.000 -99.000 -99.000 -99.000 -99.000 -99.000 -99.000 -99.000 -99.000 -99.000 -99.000 -99.000 -99.000 -99.000 -99.000 -99.000 -99.000 -99.000 -99.000 -99.000 -99.000 -99.000 1.650 1.660 1.726 1.890 2.133 2.417 2.701 2.955 3.167 3.335 3.469 3.577 3.668 3.747 3.817 3.881 3.941 3.997 4.049 4.099 4.146 4.191 4.234 4.275 4.315 4.353 4.391 4.427 4.462 4.496 4.529 4.562 4.594 4.625 4.656 4.686 4.715 4.744 4.771 4.800 4.827 4.855 4.882 4.908 4.934 4.960 4.986 5.010 5.035 5.059 5.082 5.105 5.128 5.150
-99.000 -99.000 -99.000 -99.000 -99.000 -99.000 -99.000 -99.000 -99.000 -99.000 -99.000 -99.000 -99.000 -99.000 -99.000 -99.000 -99.000 -99.000 -99.000 -99.000 -99.000 -99.000 -99.000 1.652 1.678 1.786 1.989 2.255 2.543 2.817 3.053 3.245 3.397 3.519 3.619 3.705 3.781 3.848 3.911 3.969 4.024 4.076 4.124 4.171 4.215 4.257 4.298 4.337 4.375 4.412 4.447 4.482 4.516 4.548 4.580 4.612 4.643 4.673 4.702 4.732 4.760 4.787 4.815 4.842 4.869 4.896 4.922 4.948 4.974 4.999 5.024 5.048 5.072 5.096 5.119 5.141 5.163
-99.000 -99.000 -99.000 -99.000 -99.000 -99.000 -99.000 -99.000 -99.000 -99.000 -99.000 -99.000 -99.000 -99.000 -99.000 -99.000 -99.000 -99.000 -99.000 -99.000 -99.000 -99.000 1.650 1.657 1.714 1.866 2.102 2.383 2.668 2.926 3.142 3.315 3.453 3.565 3.659 3.740 3.813 3.879 3.940 3.997 4.051 4.102 4.150 4.196 4.239 4.281 4.321 4.360 4.397 4.433 4.468 4.502 4.535 4.568 4.599 4.630 4.661 4.690 4.719 4.748 4.776 4.803 4.830 4.857 4.884 4.910 4.936 4.962 4.987 5.012 5.037 5.061 5.085 5.109 5.132 5.155 5.177
-99.000 -99.000 -99.000 -99.000 -99.000 -99.000 -99.000 -99.000 -99.000 -99.000 -99.000 -99.000 -99.000 -99.000 -99.000 -99.000 -99.000 -99.000 -99.000 -99.000 -99.000 -99.000 1.651 1.672 1.770 1.964 2.225 2.512 2.788 3.028 3.223 3.379 3.504 3.608 3.696 3.774 3.844 3.908 3.969 4.025 4.078 4.128 4.176 4.221 4.264 4.305 4.344 4.382 4.419 4.455 4.489 4.523 4.555 4.587 4.618 4.649 4.679 4.708 4.737 4.765 4.792 4.818 4.845 4.872 4.898 4.924 4.950 4.976 5.001 5.026 5.050 5.074 5.098 5.122 5.145 5.167 5.190
-99.000 -99.000 -99.000 -99.000 -99.000 -99.000 -99.000 -99.000 -99.000 -99.000 -99.000 -99.000 -99.000 -99.000 -99.000 -99.000 -99.000 -99.000 -99.000 -99.000 -99.000 1.650 1.655 1.705 1.848 2.077 2.355 2.641 2.901 3.120 3.296 3.437 3.551 3.647 3.731 3.807 3.874 3.937 3.997 4.052 4.105 4.154 4.201 4.245 4.288 4.329 4.368 4.405 4.441 4.476 4.510 4.543 4.576 4.607 4.638 4.668 4.697 4.726 4.754 4.782 4.808 4.834 4.861 4.887 4.913 4.939 4.964 4.989 5.014 5.039 5.063 5.087 5.111 5.134 5.157 5.180 5.202
-99.000 -99.000 -99.000 -99.000 -99.000 -99.000 -99.000 -99.000 -99.000 -99.000 -99.000 -99.000 -99.000 -99.000 -99.000 -99.000 -99.000 -99.000 -99.000 -99.000 -99.000 1.651 1.669 1.759 1.945 2.202 2.488 2.764 3.006 3.204 3.362 3.489 3.594 3.684 3.765 3.838 3.904 3.966 4.024 4.079 4.131 4.180 4.226 4.270 4.312 4.352 4.391 4.428 4.464 4.498 4.532 4.564 4.596 4.627 4.657 4.687 4.716 4.744 4.772 4.799 4.825 4.851 4.877 4.902 4.928 4.953 4.978 5.003 5.027 5.052 5.076 5.099 5.123 5.146 5.169 5.192 5.214
-99.000 -99.000 -99.000 -99.000 -99.000 -99.000 -99.000 -99.000 -99.000 -99.000 -99.000 -99.000 -99.000 -99.000 -99.000 -99.000 -99.000 -99.000 -99.000 -99.000 1.650 1.654 1.699 1.835 2.059 2.334 2.619 2.881 3.101 3.279 3.420 3.536 3.634 3.719 3.797 3.868 3.932 3.993 4.051 4.105 4.156 4.205 4.251 4.294 4.336 4.376 4.414 4.451 4.486 4.520 4.553 4.585 4.617 4.647 4.677 4.706 4.735 4.763 4.790 4.816 4.841 4.867 4.893 4.918 4.943 4.968 4.992 5.017 5.041 5.065 5.088 5.112 5.135 5.158 5.181 5.203 5.225
-99.000 -99.000 -99.000 -99.000 -99.000 -99.000 -99.000 -99.000 -99.000 -99.000 -99.000 -99.000 -99.000 -99.000 -99.000 -99.000 -99.000 -99.000 -99.000 -99.000 1.651 1.666 1.751 1.932 2.186 2.470 2.746 2.988 3.187 3.346 3.473 3.579 3.671 3.753 3.827 3.896 3.960 4.020 4.077 4.131 4.182 4.230 4.275 4.319 4.360 4.399 4.437 4.474 4.509 4.542 4.575 4.607 4.638 4.668 4.697 4.726 4.754 4.781 4.808 4.834 4.859 4.884 4.909 4.934 4.959 4.983 5.007 5.031 5.055 5.078 5.101 5.124 5.147 5.170 5.192 5.215 5.237
-99.000 -99.000 -99.000 -99.000 -99.000 -99.000 -99.000 -99.000 -99.000 -99.000 -99.000 -99.000 -99.000 -99.000 -99.000 -99.000 -99.000 -99.000 -99.000 1.650 1.654 1.695 1.827 2.048 2.321 2.605 2.866 3.086 3.264 3.405 3.521 3.619 3.705 3.784 3.856 3.924 3.987 4.046 4.102 4.156 4.206 4.254 4.299 4.342 4.383 4.423 4.460 4.496 4.531 4.564 4.597 4.628 4.659 4.688 4.717 4.746 4.773 4.800 4.827 4.852 4.877 4.902 4.926 4.951 4.975 4.999 5.022 5.046 5.069 5.092 5.114 5.137 5.160 5.182 5.204 5.226 5.248
-99.000 -99.000 -99.000 -99.000 -99.000 -99.000 -99.000 -99.000 -99.000 -99.000 -99.000 -99.000 -99.000 -99.000 -99.000 -99.000 -99.000 -99.000 -99.000 1.650 1.665 1.747 1.925 2.177 2.459 2.735 2.976 3.174 3.332 3.459 3.564 3.656 3.738 3.814 3.884 3.951 4.012 4.071 4.127 4.180 4.230 4.278 4.323 4.366 4.407 4.446 4.483 4.519 4.553 4.587 4.619 4.650 4.680 4.709 4.738 4.766 4.793 4.820 4.846 4.871 4.895 4.920 4.944 4.968 4.991 5.015 5.038 5.061 5.083 5.106 5.128 5.150 5.172 5.194 5.216 5.238 5.259
-99.000 -99.000 -99.000 -99.000 -99.000 -99.000 -99.000 -99.000 -99.000 -99.000 -99.000 -99.000 -99.000 -99.000 -99.000 -99.000 -99.000 -99.000 1.650 1.653 1.694 1.824 2.042 2.314 2.597 2.857 3.076 3.252 3.392 3.507 3.604 3.690 3.769 3.842 3.911 3.976 4.037 4.095 4.151 4.203 4.253 4.301 4.346 4.389 4.429 4.468 4.505 4.541 4.575 4.608 4.640 4.671 4.701 4.730 4.759 4.786 4.813 4.840 4.866 4.890 4.914 4.938 4.962 4.985 5.009 5.032 5.054 5.077 5.099 5.121 5.142 5.164 5.186 5.207 5.228 5.249 5.271
-99.000 -99.000 -99.000 -99.000 -99.000 -99.000 -99.000 -99.000 -99.000 -99.000 -99.000 -99.000 -99.000 -99.000 -99.000 -99.000 -99.000 -99.000 1.650 1.665 1.746 1.923 2.173 2.455 2.729 2.969 3.165 3.321 3.446 3.550 3.641 3.722 3.798 3.869 3.936 4.000 4.060 4.118 4.173 4.226 4.276 4.323 4.368 4.411 4.452 4.490 4.527 4.563 4.597 4.630 4.662 4.693 4.722 4.751 4.779 4.807 4.834 4.860 4.885 4.910 4.933 4.957 4.980 5.004 5.026 5.049 5.071 5.093 5.115 5.136 5.157 5.179 5.200 5.220 5.241 5.262 5.282
-99.000 -99.000 -99.000 -99.000 -99.000 -99.000 -99.000 -99.000 -99.000 -99.000 -99.000 -99.000 -99.000 -99.000 -99.000 -99.000 -99.000 1.650 1.653 1.694 1.824 2.042 2.313 2.595 2.853 3.070 3.244 3.382 3.495 3.590 3.675 3.753 3.825 3.894 3.960 4.023 4.083 4.140 4.195 4.247 4.297 4.344 4.389 4.432 4.473 4.512 4.549 4.585 4.619 4.652 4.683 4.714 4.743 4.772 4.800 4.827 4.854 4.880 4.905 4.929 4.952 4.976 4.999 5.022 5.045 5.067 5.089 5.110 5.131 5.152 5.173 5.194 5.214 5.235 5.255 5.275 5.295
-99.000 -99.000 -99.000 -99.000 -99.000 -99.000 -99.000 -99.000 -99.000 -99.000 -99.000 -99.000 -99.000 -99.000 -99.000 -99.000 -99.000 1.650 1.665 1.747 1.925 2.175 2.456 2.729 2.967 3.161 3.314 3.437 3.539 3.628 3.707 3.782 3.852 3.919 3.983 4.045 4.104 4.161 4.215 4.268 4.317 4.365 4.410 4.453 4.494 4.533 4.570 4.606 4.640 4.673 4.704 4.735 4.764 4.793 4.821 4.848 4.874 4.900 4.925 4.949 4.972 4.995 5.018 5.041 5.063 5.085 5.107 5.128 5.149 5.169 5.189 5.210 5.230 5.249 5.269 5.289 5.308
-99.000 -99.000 -99.000 -99.000 -99.000 -99.000 -99.000 -99.000 -99.000 -99.000 -99.000 -99.000 -99.000 -99.000 -99.000 -99.000 1.650 1.654 1.695 1.826 2.046 2.317 2.598 2.854 3.069 3.241 3.377 3.487 3.580 3.663 3.738 3.809 3.877 3.942 4.006 4.067 4.124 4.180 4.235 4.287 4.337 4.384 4.430 4.473 4.514 4.553 4.590 4.626 4.660 4.693 4.725 4.755 4.785 4.813 4.841 4.868 4.894 4.920 4.945 4.969 4.992 5.015 5.038 5.060 5.082 5.104 5.125 5.146 5.166 5.187 5.207 5.226 5.246 5.265 5.284 5.303 5.322
-99.000 -99.000 -99.000 -99.000 -99.000 -99.000 -99.000 -99.000 -99.000 -99.000 -99.000 -99.000 -99.000 -99.000 -99.000 -99.000 1.651 1.666 1.749 1.929 2.180 2.461 2.733 2.969 3.160 3.312 3.432 3.532 3.618 3.696 3.768 3.836 3.902 3.965 4.027 4.087 4.144 4.199 4.253 4.305 4.355 4.403 4.448 4.492 4.533 4.572 4.610 4.646 4.680 4.713 4.745 4.775 4.805 4.833 4.861 4.888 4.914 4.940 4.965 4.988 5.011 5.034 5.057 5.079 5.101 5.123 5.144 5.164 5.185 5.205 5.224 5.244 5.263 5.282 5.300 5.319 5.337
-99.000 -99.000 -99.000 -99.000 -99.000 -99.000 -99.000 -99.000 -99.000 -99.000 -99.000 -99.000 -99.000 -99.000 -99.000 1.650 1.654 1.697 1.831 2.052 2.323 2.604 2.859 3.072 3.241 3.375 3.483 3.574 3.654 3.727 3.796 3.862 3.925 3.987 4.047 4.106 4.162 4.217 4.271 4.323 4.373 4.420 4.466 4.510 4.551 4.591 4.629 4.665 4.699 4.732 4.764 4.795 4.824 4.853 4.881 4.908 4.934 4.959 4.984 5.008 5.031 5.054 5.076 5.099 5.120 5.142 5.163 5.183 5.203 5.223 5.242 5.261 5.280 5.299 5.317 5.335 5.353
-99.000 -99.000 -99.000 -99.000 -99.000 -99.000 -99.000 -99.000 -99.000 -99.000 -99.000 -99.000 -99.000 -99.000 -99.000 1.651 1.667 1.753 1.935 2.188 2.469 2.739 2.974 3.163 3.313 3.431 3.529 3.613 3.688 3.757 3.823 3.887 3.948 4.009 4.067 4.125 4.180 4.234 4.288 4.339 4.389 4.437 4.483 4.527 4.568 4.608 4.646 4.683 4.718 4.751 4.783 4.814 4.843 4.872 4.900 4.927 4.953 4.978 5.003 5.027 5.050 5.073 5.095 5.117 5.139 5.160 5.181 5.202 5.222 5.241 5.261 5.280 5.298 5.317 5.335 5.352 5.370
-99.000 -99.000 -99.000 -99.000 -99.000 -99.000 -99.000 -99.000 -99.000 -99.000 -99.000 -99.000 -99.000 -99.000 1.650 1.654 1.699 1.836 2.059 2.332 2.612 2.866 3.077 3.245 3.376 3.482 3.571 3.649 3.720 3.787 3.850 3.912 3.971 4.029 4.087 4.143 4.197 4.251 4.303 4.355 4.404 4.452 4.498 4.543 4.585 4.625 4.664 4.700 4.735 4.769 4.801 4.832 4.862 4.890 4.918 4.945 4.971 4.997 5.022 5.045 5.068 5.091 5.114 5.136 5.158 5.179 5.200 5.220 5.240 5.260 5.279 5.298 5.317 5.335 5.353 5.370 5.387
-99.000 -99.000 -99.000 -99.000 -99.000 -99.000 -99.000 -99.000 -99.000 -99.000 -99.000 -99.000 -99.000 -99.000 1.651 1.668 1.758 1.943 2.196 2.478 2.747 2.981 3.169 3.316 3.433 3.529 3.611 3.684 3.752 3.816 3.877 3.936 3.994 4.050 4.106 4.161 4.214 4.266 4.318 4.369 4.419 4.467 4.513 4.557 4.600 4.641 4.680 4.717 4.752 4.786 4.818 4.849 4.879 4.908 4.936 4.963 4.989 5.015 5.040 5.063 5.086 5.109 5.132 5.154 5.176 5.197 5.218 5.239 5.259 5.278 5.297 5.316 5.335 5.353 5.371 5.388 5.405
-99.000 -99.000 -99.000 -99.000 -99.000 -99.000 -99.000 -99.000 -99.000 -99.000 -99.000 -99.000 -99.000 1.650 1.655 1.702 1.842 2.068 2.341 2.621 2.874 3.084 3.250 3.381 3.485 3.573 3.649 3.718 3.783 3.844 3.903 3.960 4.016 4.071 4.125 4.178 4.230 4.282 4.333 4.383 4.433 4.480 4.527 4.571 4.614 4.655 4.695 4.732 4.768 4.802 4.835 4.866 4.896 4.925 4.953 4.981 5.007 5.032 5.057 5.081 5.103 5.127 5.149 5.172 5.193 5.215 5.236 5.256 5.276 5.296 5.315 5.334 5.353 5.371 5.389 5.406 5.423
-99.000 -99.000 -99.000 -99.000 -99.000 -99.000 -99.000 -99.000 -99.000 -99.000 -99.000 -99.000 -99.000 1.651 1.670 1.762 1.950 2.206 2.487 2.757 2.989 3.176 3.322 3.438 3.533 3.613 3.685 3.751 3.813 3.871 3.928 3.984 4.038 4.091 4.144 4.195 4.245 4.297 4.347 4.397 4.446 4.493 4.540 4.584 4.628 4.669 4.709 4.747 4.783 4.818 4.851 4.882 4.913 4.942 4.970 4.997 5.024 5.050 5.074 5.097 5.120 5.144 5.166 5.189 5.210 5.232 5.253 5.273 5.294 5.314 5.333 5.352 5.371 5.389 5.407 5.424 5.441
