version2/TsunamiDB/out54033.asc
ncols          264
nrows          230
xllcorner      497853.4375
yllcorner      4229146.0000
cellsize         5.
NODATA_value   -99
[rows 32 to 63 of 230, columns 144 to 215 of 264]
-99.000 -99.000 -99.000 -99.000 1.645 1.656 1.725 1.892 2.142 2.444 2.763 3.067 3.336 3.562 3.747 3.897 4.019 4.120 4.207 4.282 4.349 4.410 4.467 4.519 4.568 4.614 4.658 4.700 4.741 4.780 4.818 4.855 4.891 4.928 4.963 4.998 5.033 5.066 5.099 5.131 5.161 5.191 5.219 5.247 5.272 5.296 5.319 5.339 5.358 5.375 5.389 5.403 5.415 5.427 5.437 5.448 5.462 5.477 5.495 5.515 5.538 5.564 5.591 5.621 5.652 5.685 5.719 5.754 5.790 5.827 5.865 5.903
-99.000 -99.000 -99.000 -99.000 1.646 1.668 1.766 1.962 2.232 2.543 2.860 3.155 3.412 3.625 3.799 3.940 4.057 4.154 4.239 4.313 4.379 4.439 4.495 4.547 4.595 4.641 4.684 4.726 4.766 4.805 4.843 4.879 4.915 4.951 4.986 5.021 5.056 5.089 5.122 5.154 5.186 5.216 5.245 5.273 5.300 5.325 5.349 5.370 5.390 5.407 5.423 5.436 5.448 5.458 5.466 5.474 5.485 5.496 5.510 5.527 5.547 5.569 5.595 5.623 5.653 5.685 5.718 5.753 5.789 5.826 5.865 5.904
-99.000 -99.000 -99.000 1.645 1.649 1.689 1.819 2.042 2.329 2.645 2.957 3.240 3.483 3.684 3.847 3.981 4.092 4.187 4.269 4.342 4.408 4.468 4.523 4.574 4.622 4.667 4.710 4.751 4.791 4.829 4.866 4.902 4.938 4.974 5.009 5.044 5.078 5.112 5.145 5.177 5.209 5.240 5.270 5.299 5.326 5.353 5.378 5.401 5.422 5.440 5.457 5.471 5.483 5.493 5.500 5.506 5.514 5.522 5.532 5.545 5.560 5.580 5.602 5.628 5.657 5.688 5.721 5.755 5.791 5.829 5.867 5.907
-99.000 -99.000 -99.000 1.645 1.655 1.720 1.883 2.132 2.431 2.749 3.053 3.323 3.551 3.739 3.892 4.019 4.125 4.217 4.297 4.370 4.435 4.495 4.550 4.601 4.649 4.694 4.736 4.777 4.816 4.853 4.890 4.926 4.961 4.996 5.031 5.066 5.100 5.134 5.167 5.199 5.231 5.263 5.293 5.323 5.352 5.379 5.405 5.430 5.453 5.473 5.491 5.507 5.520 5.530 5.538 5.543 5.548 5.554 5.560 5.569 5.581 5.596 5.615 5.638 5.665 5.694 5.726 5.760 5.796 5.833 5.872 5.912
-99.000 -99.000 -99.000 1.646 1.668 1.765 1.960 2.230 2.539 2.855 3.148 3.403 3.616 3.790 3.933 4.053 4.155 4.245 4.324 4.396 4.461 4.521 4.576 4.627 4.675 4.719 4.762 4.802 4.840 4.878 4.914 4.949 4.984 5.019 5.054 5.088 5.122 5.155 5.188 5.220 5.253 5.284 5.315 5.346 5.376 5.404 5.432 5.458 5.482 5.504 5.524 5.542 5.557 5.569 5.577 5.583 5.588 5.592 5.595 5.600 5.608 5.619 5.635 5.654 5.678 5.705 5.735 5.768 5.804 5.841 5.879 5.920
-99.000 -99.000 1.645 1.649 1.691 1.824 2.050 2.338 2.652 2.960 3.239 3.478 3.675 3.837 3.971 4.085 4.183 4.270 4.348 4.420 4.485 4.545 4.601 4.652 4.700 4.745 4.787 4.827 4.865 4.902 4.938 4.973 5.007 5.042 5.076 5.109 5.143 5.176 5.208 5.241 5.273 5.305 5.337 5.368 5.398 5.428 5.456 5.484 5.510 5.534 5.556 5.576 5.593 5.607 5.618 5.625 5.631 5.634 5.636 5.639 5.643 5.650 5.661 5.676 5.696 5.720 5.748 5.780 5.814 5.850 5.889 5.929
-99.000 -99.000 1.645 1.657 1.728 1.898 2.151 2.452 2.766 3.065 3.328 3.549 3.731 3.881 4.006 4.114 4.208 4.293 4.371 4.442 4.507 4.568 4.624 4.676 4.724 4.769 4.811 4.851 4.890 4.927 4.963 4.997 5.030 5.064 5.098 5.131 5.164 5.196 5.229 5.261 5.293 5.325 5.357 5.388 5.419 5.449 5.479 5.508 5.535 5.561 5.585 5.608 5.627 5.644 5.657 5.667 5.675 5.679 5.681 5.682 5.684 5.687 5.694 5.704 5.720 5.741 5.766 5.795 5.827 5.863 5.901 5.941
-99.000 -99.000 1.647 1.673 1.782 1.986 2.262 2.572 2.881 3.166 3.411 3.615 3.782 3.920 4.038 4.140 4.231 4.314 4.391 4.462 4.528 4.589 4.646 4.698 4.747 4.793 4.835 4.876 4.914 4.951 4.987 5.021 5.054 5.088 5.120 5.153 5.185 5.217 5.248 5.280 5.312 5.344 5.376 5.407 5.439 5.470 5.500 5.530 5.559 5.586 5.613 5.637 5.659 5.679 5.695 5.708 5.718 5.725 5.728 5.730 5.730 5.731 5.734 5.740 5.751 5.767 5.789 5.814 5.845 5.879 5.915 5.955
-99.000 1.645 1.651 1.704 1.851 2.088 2.381 2.694 2.995 3.263 3.490 3.676 3.829 3.957 4.067 4.164 4.252 4.333 4.409 4.480 4.546 4.608 4.665 4.719 4.769 4.815 4.859 4.900 4.939 4.976 5.012 5.045 5.078 5.111 5.143 5.175 5.206 5.237 5.268 5.299 5.331 5.362 5.394 5.426 5.457 5.489 5.520 5.550 5.580 5.609 5.637 5.664 5.689 5.711 5.730 5.746 5.760 5.769 5.776 5.779 5.780 5.780 5.780 5.783 5.790 5.801 5.818 5.840 5.867 5.898 5.933 5.971
-99.000 1.646 1.663 1.751 1.938 2.201 2.506 2.817 3.105 3.355 3.563 3.733 3.873 3.991 4.094 4.186 4.271 4.350 4.425 4.495 4.562 4.624 4.683 4.737 4.789 4.836 4.881 4.923 4.962 5.000 5.036 5.070 5.103 5.135 5.166 5.197 5.227 5.258 5.288 5.319 5.349 5.381 5.412 5.443 5.475 5.506 5.538 5.569 5.600 5.630 5.660 5.688 5.715 5.740 5.762 5.781 5.798 5.812 5.821 5.827 5.830 5.831 5.831 5.832 5.835 5.842 5.854 5.871 5.894 5.922 5.954 5.991
1.645 1.648 1.688 1.817 2.039 2.324 2.635 2.938 3.210 3.441 3.631 3.786 3.914 4.023 4.119 4.207 4.288 4.365 4.438 4.508 4.575 4.638 4.698 4.754 4.806 4.856 4.902 4.945 4.986 5.024 5.061 5.095 5.127 5.159 5.190 5.220 5.249 5.279 5.308 5.338 5.368 5.398 5.429 5.460 5.492 5.523 5.555 5.587 5.618 5.650 5.680 5.710 5.739 5.766 5.790 5.813 5.833 5.850 5.864 5.874 5.880 5.883 5.884 5.884 5.885 5.889 5.897 5.909 5.928 5.951 5.980 6.014
1.645 1.657 1.729 1.900 2.152 2.453 2.764 3.056 3.310 3.521 3.693 3.834 3.951 4.052 4.143 4.226 4.304 4.379 4.451 4.520 4.586 4.650 4.710 4.768 4.822 4.873 4.921 4.966 5.008 5.048 5.085 5.119 5.152 5.184 5.214 5.244 5.272 5.301 5.329 5.358 5.387 5.416 5.446 5.477 5.508 5.539 5.571 5.603 5.635 5.667 5.699 5.730 5.761 5.789 5.815 5.841 5.864 5.885 5.902 5.916 5.926 5.932 5.936 5.938 5.939 5.941 5.946 5.954 5.968 5.987 6.011 6.041
1.647 1.676 1.790 1.999 2.276 2.585 2.891 3.167 3.402 3.595 3.751 3.879 3.987 4.081 4.166 4.245 4.320 4.392 4.462 4.529 4.595 4.659 4.720 4.779 4.835 4.887 4.937 4.984 5.029 5.070 5.108 5.143 5.177 5.209 5.239 5.268 5.296 5.324 5.351 5.379 5.407 5.435 5.464 5.494 5.524 5.555 5.587 5.619 5.651 5.684 5.716 5.748 5.780 5.810 5.838 5.866 5.892 5.916 5.937 5.954 5.968 5.979 5.986 5.990 5.993 5.995 5.999 6.004 6.014 6.028 6.048 6.074
1.653 1.713 1.869 2.112 2.407 2.718 3.013 3.272 3.487 3.662 3.804 3.921 4.020 4.108 4.188 4.263 4.334 4.404 4.472 4.538 4.603 4.666 4.728 4.787 4.845 4.899 4.951 5.001 5.047 5.090 5.130 5.166 5.201 5.234 5.264 5.293 5.321 5.348 5.374 5.401 5.428 5.455 5.482 5.511 5.540 5.571 5.602 5.633 5.666 5.699 5.732 5.765 5.797 5.828 5.859 5.888 5.917 5.943 5.967 5.988 6.006 6.020 6.032 6.040 6.046 6.050 6.054 6.058 6.065 6.076 6.092 6.112
1.669 1.769 1.966 2.236 2.543 2.849 3.130 3.370 3.565 3.723 3.852 3.959 4.051 4.134 4.209 4.281 4.349 4.416 4.482 4.546 4.610 4.672 4.734 4.794 4.852 4.908 4.962 5.014 5.062 5.108 5.149 5.188 5.224 5.258 5.289 5.319 5.346 5.373 5.399 5.424 5.450 5.475 5.502 5.529 5.557 5.586 5.617 5.648 5.680 5.713 5.746 5.780 5.813 5.845 5.877 5.908 5.938 5.967 5.994 6.018 6.039 6.057 6.073 6.085 6.095 6.102 6.108 6.113 6.119 6.128 6.140 6.157
1.700 1.845 2.078 2.369 2.679 2.976 3.239 3.459 3.636 3.779 3.896 3.995 4.081 4.159 4.230 4.298 4.364 4.428 4.491 4.554 4.616 4.677 4.738 4.798 4.857 4.914 4.970 5.024 5.075 5.122 5.166 5.207 5.245 5.281 5.313 5.344 5.372 5.399 5.425 5.449 5.474 5.498 5.523 5.548 5.575 5.603 5.632 5.662 5.694 5.726 5.760 5.793 5.828 5.861 5.893 5.926 5.958 5.988 6.017 6.044 6.068 6.090 6.109 6.125 6.139 6.150 6.159 6.167 6.174 6.182 6.192 6.206
1.752 1.939 2.202 2.505 2.813 3.097 3.340 3.540 3.700 3.830 3.937 4.028 4.109 4.182 4.251 4.316 4.379 4.441 4.501 4.561 4.621 4.681 4.741 4.801 4.860 4.918 4.975 5.030 5.083 5.133 5.179 5.222 5.263 5.301 5.336 5.368 5.398 5.425 5.451 5.475 5.499 5.522 5.545 5.569 5.594 5.620 5.648 5.677 5.708 5.740 5.773 5.806 5.841 5.874 5.908 5.941 5.974 6.006 6.037 6.066 6.093 6.118 6.141 6.161 6.179 6.194 6.207 6.218 6.227 6.236 6.246 6.258
1.823 2.049 2.334 2.644 2.943 3.209 3.433 3.613 3.757 3.876 3.974 4.060 4.136 4.205 4.271 4.333 4.394 4.453 4.512 4.570 4.628 4.686 4.744 4.803 4.861 4.920 4.977 5.033 5.088 5.140 5.188 5.234 5.278 5.318 5.355 5.390 5.421 5.450 5.477 5.502 5.525 5.548 5.570 5.592 5.616 5.640 5.665 5.693 5.722 5.753 5.785 5.818 5.853 5.887 5.920 5.955 5.989 6.023 6.055 6.086 6.115 6.143 6.169 6.192 6.214 6.233 6.250 6.264 6.277 6.289 6.299 6.311
1.914 2.171 2.472 2.780 3.066 3.313 3.516 3.679 3.810 3.918 4.009 4.089 4.161 4.227 4.290 4.350 4.409 4.466 4.522 4.578 4.634 4.691 4.747 4.805 4.862 4.920 4.977 5.034 5.089 5.143 5.193 5.241 5.287 5.331 5.371 5.408 5.442 5.474 5.502 5.528 5.552 5.575 5.596 5.618 5.639 5.661 5.685 5.710 5.737 5.767 5.798 5.830 5.864 5.898 5.932 5.967 6.002 6.037 6.070 6.103 6.134 6.164 6.192 6.219 6.244 6.267 6.287 6.306 6.322 6.337 6.350 6.363
2.021 2.302 2.611 2.912 3.181 3.408 3.592 3.739 3.857 3.956 4.041 4.116 4.184 4.248 4.309 4.367 4.423 4.479 4.533 4.587 4.642 4.696 4.751 4.807 4.863 4.920 4.976 5.033 5.088 5.142 5.194 5.244 5.293 5.339 5.382 5.422 5.460 5.494 5.525 5.553 5.579 5.602 5.624 5.644 5.664 5.685 5.706 5.729 5.754 5.781 5.811 5.842 5.875 5.908 5.942 5.978 6.013 6.049 6.084 6.118 6.151 6.183 6.213 6.242 6.270 6.296 6.320 6.343 6.363 6.381 6.398 6.413
2.141 2.439 2.748 3.037 3.288 3.494 3.660 3.792 3.901 3.992 4.071 4.142 4.207 4.268 4.327 4.383 4.437 4.491 4.544 4.597 4.649 4.702 4.756 4.810 4.864 4.920 4.975 5.030 5.085 5.139 5.191 5.243 5.293 5.341 5.388 5.431 5.471 5.509 5.543 5.574 5.602 5.628 5.650 5.671 5.691 5.710 5.730 5.751 5.773 5.798 5.825 5.854 5.886 5.918 5.952 5.987 6.023 6.059 6.095 6.130 6.165 6.198 6.231 6.262 6.293 6.322 6.349 6.375 6.399 6.420 6.440 6.459
2.271 2.578 2.881 3.154 3.385 3.572 3.722 3.842 3.940 4.025 4.099 4.166 4.229 4.287 4.344 4.398 4.451 4.503 4.555 4.606 4.658 4.709 4.761 4.814 4.867 4.920 4.973 5.027 5.081 5.134 5.186 5.238 5.290 5.340 5.388 5.434 5.478 5.518 5.556 5.591 5.622 5.650 5.675 5.697 5.718 5.737 5.755 5.774 5.794 5.816 5.840 5.867 5.897 5.928 5.960 5.995 6.031 6.068 6.104 6.140 6.176 6.211 6.246 6.279 6.312 6.343 6.374 6.402 6.430 6.455 6.479 6.500
2.406 2.716 3.008 3.263 3.474 3.643 3.778 3.887 3.977 4.056 4.126 4.190 4.250 4.306 4.361 4.413 4.465 4.516 4.566 4.616 4.666 4.716 4.767 4.818 4.869 4.921 4.972 5.024 5.076 5.129 5.180 5.232 5.283 5.334 5.384 5.432 5.478 5.522 5.563 5.601 5.636 5.667 5.695 5.720 5.743 5.762 5.781 5.798 5.817 5.836 5.858 5.882 5.909 5.938 5.969 6.003 6.038 6.075 6.112 6.149 6.186 6.222 6.258 6.293 6.328 6.362 6.395 6.426 6.456 6.485 6.512 6.537
2.544 2.849 3.127 3.362 3.554 3.707 3.829 3.928 4.012 4.086 4.152 4.213 4.270 4.325 4.377 4.428 4.478 4.528 4.577 4.626 4.675 4.724 4.773 4.823 4.872 4.922 4.972 5.022 5.072 5.123 5.174 5.224 5.275 5.326 5.376 5.425 5.473 5.519 5.563 5.605 5.643 5.678 5.710 5.739 5.764 5.786 5.805 5.823 5.840 5.858 5.877 5.898 5.922 5.948 5.978 6.010 6.044 6.080 6.117 6.155 6.193 6.230 6.268 6.305 6.341 6.377 6.412 6.446 6.479 6.511 6.541 6.569
2.682 2.977 3.237 3.453 3.627 3.765 3.876 3.967 4.045 4.114 4.177 4.235 4.290 4.343 4.394 4.443 4.492 4.540 4.587 4.635 4.683 4.731 4.779 4.827 4.875 4.923 4.972 5.020 5.069 5.118 5.167 5.216 5.266 5.317 5.366 5.416 5.465 5.512 5.558 5.602 5.644 5.683 5.718 5.750 5.779 5.804 5.826 5.846 5.863 5.880 5.897 5.916 5.937 5.960 5.987 6.017 6.050 6.085 6.122 6.159 6.198 6.236 6.275 6.313 6.352 6.389 6.427 6.463 6.498 6.533 6.565 6.596
2.816 3.098 3.339 3.536 3.692 3.818 3.919 4.004 4.077 4.142 4.202 4.258 4.311 4.362 4.411 4.458 4.505 4.552 4.599 4.645 4.692 4.739 4.785 4.832 4.878 4.925 4.972 5.019 5.066 5.114 5.161 5.209 5.257 5.306 5.356 5.405 5.454 5.502 5.549 5.595 5.639 5.680 5.719 5.755 5.788 5.817 5.843 5.865 5.884 5.901 5.918 5.935 5.954 5.974 5.998 6.025 6.056 6.089 6.125 6.162 6.200 6.240 6.279 6.319 6.359 6.398 6.438 6.476 6.514 6.550 6.586 6.619
2.944 3.210 3.432 3.611 3.753 3.867 3.960 4.039 4.107 4.170 4.227 4.281 4.332 4.381 4.428 4.474 4.520 4.565 4.611 4.656 4.701 4.746 4.792 4.837 4.882 4.927 4.972 5.017 5.063 5.109 5.155 5.201 5.249 5.296 5.344 5.393 5.441 5.489 5.537 5.583 5.629 5.673 5.714 5.754 5.790 5.823 5.852 5.878 5.900 5.920 5.937 5.954 5.971 5.989 6.009 6.034 6.062 6.093 6.127 6.163 6.201 6.241 6.281 6.322 6.363 6.404 6.445 6.486 6.525 6.564 6.602 6.638
3.066 3.314 3.517 3.679 3.808 3.912 3.999 4.072 4.137 4.197 4.252 4.304 4.353 4.400 4.446 4.491 4.535 4.579 4.623 4.667 4.711 4.755 4.798 4.842 4.885 4.929 4.972 5.016 5.060 5.105 5.149 5.194 5.240 5.286 5.333 5.380 5.428 5.475 5.523 5.570 5.616 5.661 5.705 5.747 5.786 5.822 5.856 5.885 5.911 5.934 5.954 5.971 5.988 6.003 6.022 6.044 6.069 6.098 6.129 6.164 6.201 6.240 6.281 6.322 6.364 6.407 6.449 6.492 6.533 6.574 6.614 6.652
3.180 3.409 3.594 3.741 3.859 3.955 4.036 4.105 4.167 4.224 4.277 4.327 4.375 4.420 4.465 4.508 4.551 4.594 4.637 4.679 4.721 4.764 4.805 4.847 4.889 4.931 4.973 5.015 5.058 5.101 5.144 5.187 5.232 5.277 5.322 5.368 5.414 5.461 5.508 5.554 5.601 5.647 5.691 5.735 5.777 5.816 5.853 5.886 5.916 5.942 5.965 5.985 6.002 6.018 6.035 6.055 6.077 6.103 6.132 6.164 6.200 6.238 6.278 6.320 6.363 6.406 6.450 6.494 6.538 6.581 6.622 6.663
3.286 3.496 3.665 3.798 3.906 3.995 4.071 4.137 4.196 4.251 4.302 4.351 4.397 4.442 4.485 4.527 4.569 4.610 4.651 4.692 4.733 4.773 4.814 4.854 4.894 4.934 4.974 5.015 5.056 5.097 5.139 5.180 5.223 5.267 5.311 5.356 5.401 5.446 5.492 5.538 5.585 5.630 5.676 5.720 5.764 5.805 5.844 5.881 5.915 5.945 5.971 5.994 6.013 6.030 6.047 6.065 6.085 6.108 6.134 6.164 6.198 6.234 6.273 6.315 6.358 6.403 6.448 6.493 6.539 6.583 6.627 6.669
3.384 3.576 3.729 3.851 3.951 4.034 4.106 4.168 4.225 4.279 4.328 4.375 4.420 4.463 4.506 4.547 4.587 4.627 4.667 4.707 4.746 4.785 4.823 4.861 4.900 4.938 4.977 5.016 5.055 5.094 5.134 5.174 5.215 5.257 5.300 5.343 5.387 5.432 5.477 5.522 5.567 5.613 5.658 5.703 5.747 5.790 5.832 5.871 5.907 5.941 5.971 5.997 6.019 6.038 6.057 6.074 6.093 6.114 6.137 6.165 6.195 6.230 6.268 6.309 6.352 6.397 6.443 6.489 6.536 6.583 6.628 6.673
3.473 3.649 3.788 3.901 3.993 4.071 4.139 4.199 4.254 4.306 4.354 4.400 4.444 4.486 4.527 4.567 4.607 4.646 4.685 4.723 4.760 4.797 4.834 4.871 4.907 4.944 4.981 5.018 5.055 5.093 5.130 5.168 5.208 5.248 5.289 5.331 5.374 5.417 5.460 5.505 5.549 5.594 5.640 5.685 5.729 5.773 5.815 5.856 5.895 5.931 5.964 5.994 6.019 6.041 6.062 6.080 6.099 6.118 6.140 6.165 6.193 6.225 6.262 6.301 6.344 6.388 6.435 6.483 6.531 6.579 6.626 6.673
