version2/TsunamiDB/out54057.asc
ncols          264
nrows          230
xllcorner      497853.4375
yllcorner      4229146.0000
cellsize         5.
NODATA_value   -99
[rows 99 to 131 of 230, columns 74 to 147 of 264]
2.724 3.002 3.240 3.434 3.589 3.713 3.813 3.898 3.973 4.040 4.102 4.159 4.212 4.263 4.311 4.356 4.400 4.441 4.481 4.519 4.555 4.590 4.624 4.656 4.687 4.717 4.746 4.775 4.802 4.829 4.855 4.881 4.907 4.934 4.960 4.987 5.014 5.042 5.070 5.098 5.127 5.157 5.187 5.217 5.247 5.277 5.308 5.337 5.367 5.396 5.425 5.453 5.480 5.506 5.532 5.559 5.584 5.610 5.635 5.660 5.684 5.709 5.733 5.757 5.781 5.804 5.828 5.851 5.874 5.896 5.919 5.941 5.962 5.983
2.849 3.111 3.330 3.506 3.647 3.761 3.854 3.934 4.006 4.071 4.131 4.186 4.239 4.289 4.336 4.381 4.424 4.466 4.505 4.543 4.579 4.614 4.647 4.679 4.710 4.740 4.768 4.796 4.823 4.849 4.874 4.899 4.925 4.950 4.975 5.000 5.026 5.052 5.078 5.106 5.133 5.162 5.190 5.220 5.249 5.279 5.309 5.338 5.368 5.397 5.426 5.455 5.482 5.509 5.536 5.562 5.589 5.615 5.640 5.665 5.690 5.715 5.739 5.764 5.788 5.812 5.835 5.859 5.882 5.905 5.928 5.950 5.972 5.994
2.968 3.212 3.412 3.572 3.700 3.805 3.892 3.969 4.037 4.100 4.159 4.213 4.265 4.314 4.361 4.406 4.448 4.489 4.529 4.566 4.602 4.637 4.670 4.702 4.733 4.762 4.791 4.818 4.845 4.870 4.894 4.919 4.943 4.967 4.991 5.015 5.039 5.064 5.089 5.115 5.141 5.168 5.195 5.223 5.252 5.280 5.310 5.339 5.368 5.397 5.426 5.455 5.483 5.510 5.538 5.565 5.592 5.618 5.644 5.670 5.695 5.720 5.745 5.769 5.794 5.818 5.842 5.866 5.889 5.913 5.936 5.959 5.982 6.004
3.079 3.305 3.487 3.632 3.750 3.847 3.928 4.001 4.067 4.128 4.186 4.239 4.290 4.339 4.385 4.429 4.472 4.512 4.551 4.589 4.625 4.659 4.693 4.725 4.755 4.785 4.813 4.841 4.867 4.891 4.916 4.940 4.963 4.987 5.010 5.033 5.056 5.079 5.102 5.126 5.151 5.176 5.202 5.228 5.255 5.283 5.311 5.339 5.368 5.397 5.426 5.455 5.482 5.510 5.538 5.566 5.593 5.620 5.646 5.673 5.698 5.724 5.749 5.774 5.799 5.823 5.847 5.872 5.896 5.919 5.943 5.966 5.989 6.012
3.183 3.389 3.555 3.687 3.795 3.885 3.962 4.033 4.096 4.156 4.212 4.264 4.315 4.363 4.408 4.452 4.494 4.535 4.574 4.611 4.647 4.681 4.715 4.747 4.777 4.807 4.836 4.863 4.889 4.913 4.938 4.961 4.985 5.007 5.030 5.052 5.074 5.096 5.118 5.140 5.163 5.187 5.211 5.235 5.260 5.286 5.313 5.341 5.368 5.397 5.425 5.453 5.481 5.509 5.537 5.565 5.593 5.620 5.647 5.674 5.700 5.726 5.752 5.777 5.802 5.827 5.852 5.876 5.901 5.925 5.949 5.973 5.996 6.019
3.278 3.466 3.617 3.737 3.837 3.921 3.995 4.063 4.124 4.182 4.237 4.289 4.338 4.386 4.431 4.474 4.516 4.556 4.595 4.632 4.668 4.703 4.736 4.768 4.799 4.829 4.857 4.884 4.911 4.935 4.959 4.983 5.006 5.029 5.051 5.072 5.094 5.115 5.136 5.157 5.178 5.200 5.222 5.245 5.268 5.292 5.317 5.343 5.370 5.397 5.425 5.452 5.479 5.507 5.536 5.564 5.592 5.620 5.647 5.674 5.701 5.727 5.753 5.779 5.805 5.830 5.855 5.880 5.905 5.929 5.954 5.978 6.002 6.025
3.365 3.536 3.673 3.784 3.877 3.956 4.026 4.091 4.152 4.208 4.262 4.313 4.361 4.408 4.453 4.496 4.537 4.577 4.616 4.653 4.689 4.723 4.756 4.789 4.819 4.849 4.878 4.906 4.932 4.956 4.981 5.005 5.028 5.051 5.073 5.094 5.115 5.136 5.156 5.176 5.196 5.216 5.236 5.257 5.278 5.300 5.323 5.347 5.372 5.398 5.424 5.450 5.477 5.505 5.533 5.561 5.589 5.617 5.645 5.673 5.700 5.727 5.753 5.780 5.806 5.831 5.857 5.882 5.907 5.932 5.957 5.982 6.006 6.030
3.445 3.600 3.725 3.827 3.914 3.989 4.057 4.120 4.178 4.233 4.286 4.336 4.384 4.430 4.474 4.517 4.558 4.598 4.636 4.673 4.708 4.743 4.776 4.808 4.839 4.869 4.898 4.926 4.952 4.977 5.003 5.027 5.050 5.073 5.095 5.117 5.138 5.158 5.178 5.197 5.216 5.235 5.253 5.272 5.292 5.312 5.332 5.354 5.377 5.401 5.426 5.450 5.476 5.503 5.530 5.558 5.586 5.614 5.642 5.670 5.698 5.725 5.752 5.779 5.805 5.831 5.857 5.883 5.909 5.934 5.959 5.984 6.009 6.034
3.517 3.658 3.772 3.867 3.949 4.021 4.086 4.147 4.204 4.258 4.310 4.359 4.406 4.451 4.495 4.537 4.578 4.617 4.655 4.692 4.727 4.762 4.795 4.827 4.858 4.888 4.917 4.946 4.972 4.997 5.023 5.048 5.072 5.095 5.117 5.139 5.160 5.181 5.200 5.219 5.238 5.255 5.273 5.290 5.308 5.326 5.345 5.364 5.385 5.406 5.429 5.452 5.476 5.502 5.528 5.555 5.583 5.611 5.639 5.666 5.694 5.722 5.749 5.776 5.803 5.830 5.856 5.882 5.908 5.934 5.960 5.985 6.011 6.036
3.583 3.712 3.817 3.905 3.983 4.051 4.114 4.174 4.229 4.282 4.333 4.381 4.428 4.473 4.516 4.557 4.597 4.636 4.674 4.710 4.746 4.780 4.813 4.845 4.876 4.906 4.936 4.964 4.991 5.017 5.043 5.068 5.092 5.116 5.139 5.162 5.183 5.204 5.224 5.243 5.261 5.278 5.295 5.311 5.327 5.344 5.360 5.378 5.396 5.415 5.436 5.456 5.478 5.502 5.527 5.553 5.580 5.607 5.635 5.662 5.690 5.718 5.745 5.773 5.800 5.827 5.854 5.880 5.907 5.933 5.959 5.985 6.011 6.036
3.643 3.761 3.858 3.942 4.015 4.081 4.142 4.200 4.254 4.306 4.356 4.404 4.449 4.493 4.536 4.577 4.617 4.655 4.692 4.728 4.763 4.797 4.830 4.862 4.893 4.924 4.953 4.982 5.009 5.035 5.061 5.087 5.112 5.136 5.160 5.183 5.205 5.226 5.247 5.266 5.284 5.302 5.318 5.334 5.349 5.364 5.379 5.394 5.411 5.427 5.445 5.464 5.483 5.505 5.528 5.553 5.578 5.604 5.631 5.658 5.686 5.713 5.741 5.768 5.796 5.823 5.850 5.877 5.904 5.931 5.957 5.984 6.010 6.036
3.699 3.807 3.897 3.976 4.047 4.110 4.169 4.226 4.279 4.330 4.379 4.426 4.471 4.514 4.556 4.596 4.636 4.674 4.710 4.746 4.781 4.814 4.847 4.879 4.910 4.940 4.970 4.998 5.026 5.052 5.079 5.105 5.131 5.156 5.180 5.203 5.226 5.248 5.269 5.289 5.308 5.326 5.342 5.358 5.373 5.387 5.401 5.415 5.429 5.443 5.459 5.475 5.492 5.511 5.532 5.554 5.578 5.603 5.628 5.655 5.681 5.709 5.736 5.764 5.791 5.819 5.846 5.873 5.900 5.927 5.954 5.981 6.008 6.034
3.750 3.849 3.934 4.009 4.077 4.138 4.196 4.251 4.303 4.353 4.401 4.447 4.492 4.535 4.576 4.616 4.654 4.692 4.728 4.764 4.798 4.831 4.864 4.895 4.926 4.956 4.986 5.014 5.042 5.068 5.095 5.122 5.148 5.173 5.198 5.223 5.246 5.269 5.290 5.311 5.331 5.349 5.366 5.382 5.397 5.411 5.425 5.437 5.450 5.463 5.476 5.490 5.504 5.520 5.539 5.559 5.580 5.603 5.627 5.652 5.678 5.705 5.732 5.759 5.786 5.814 5.841 5.869 5.896 5.923 5.950 5.977 6.004 6.031
3.797 3.890 3.970 4.041 4.107 4.166 4.222 4.276 4.328 4.377 4.424 4.469 4.513 4.555 4.596 4.635 4.673 4.710 4.746 4.781 4.815 4.848 4.880 4.911 4.942 4.972 5.001 5.030 5.057 5.084 5.111 5.138 5.164 5.190 5.216 5.241 5.265 5.288 5.310 5.332 5.352 5.372 5.390 5.407 5.422 5.436 5.450 5.462 5.474 5.485 5.497 5.508 5.520 5.534 5.549 5.567 5.585 5.606 5.628 5.652 5.676 5.702 5.728 5.755 5.782 5.809 5.836 5.864 5.891 5.919 5.946 5.973 6.001 6.028
3.841 3.927 4.004 4.072 4.135 4.193 4.248 4.301 4.352 4.400 4.446 4.491 4.534 4.576 4.616 4.655 4.692 4.729 4.764 4.799 4.832 4.864 4.896 4.927 4.957 4.987 5.016 5.045 5.072 5.099 5.126 5.153 5.180 5.206 5.232 5.257 5.282 5.306 5.329 5.351 5.373 5.393 5.412 5.430 5.446 5.461 5.475 5.488 5.500 5.510 5.521 5.530 5.540 5.551 5.564 5.578 5.594 5.612 5.632 5.654 5.676 5.701 5.726 5.752 5.778 5.805 5.832 5.859 5.887 5.914 5.941 5.969 5.996 6.024
3.882 3.964 4.036 4.102 4.164 4.220 4.274 4.326 4.376 4.423 4.469 4.513 4.555 4.596 4.636 4.674 4.712 4.748 4.782 4.816 4.849 4.881 4.913 4.943 4.973 5.002 5.031 5.059 5.086 5.113 5.140 5.167 5.194 5.221 5.247 5.272 5.298 5.322 5.346 5.369 5.391 5.412 5.433 5.452 5.469 5.485 5.500 5.514 5.526 5.537 5.547 5.555 5.563 5.572 5.583 5.594 5.607 5.622 5.639 5.658 5.679 5.701 5.725 5.750 5.775 5.802 5.828 5.855 5.882 5.910 5.937 5.965 5.992 6.020
3.921 3.998 4.068 4.132 4.191 4.247 4.299 4.350 4.399 4.446 4.491 4.535 4.577 4.617 4.656 4.694 4.731 4.766 4.801 4.834 4.867 4.898 4.929 4.959 4.989 5.017 5.046 5.074 5.101 5.127 5.154 5.181 5.208 5.235 5.261 5.287 5.312 5.337 5.362 5.385 5.408 5.430 5.452 5.472 5.490 5.508 5.524 5.539 5.552 5.563 5.573 5.582 5.589 5.597 5.605 5.614 5.624 5.636 5.650 5.667 5.685 5.705 5.727 5.750 5.774 5.799 5.825 5.852 5.879 5.906 5.933 5.961 5.988 6.016
3.957 4.031 4.098 4.160 4.218 4.272 4.324 4.374 4.423 4.469 4.513 4.556 4.598 4.638 4.677 4.714 4.750 4.786 4.820 4.853 4.885 4.916 4.946 4.976 5.005 5.033 5.061 5.089 5.115 5.141 5.168 5.195 5.221 5.248 5.274 5.300 5.326 5.351 5.376 5.400 5.424 5.447 5.469 5.490 5.510 5.529 5.546 5.562 5.576 5.589 5.600 5.609 5.616 5.624 5.631 5.638 5.646 5.655 5.666 5.679 5.694 5.711 5.731 5.752 5.775 5.799 5.824 5.850 5.876 5.903 5.930 5.957 5.985 6.012
3.992 4.063 4.127 4.188 4.244 4.298 4.349 4.398 4.446 4.491 4.535 4.578 4.619 4.659 4.697 4.734 4.770 4.805 4.839 4.872 4.903 4.934 4.964 4.993 5.022 5.050 5.077 5.104 5.130 5.156 5.182 5.208 5.235 5.261 5.287 5.313 5.338 5.364 5.389 5.414 5.438 5.461 5.484 5.506 5.527 5.547 5.566 5.584 5.599 5.614 5.626 5.636 5.644 5.651 5.658 5.664 5.670 5.677 5.685 5.695 5.707 5.721 5.738 5.757 5.778 5.800 5.824 5.849 5.875 5.901 5.928 5.955 5.982 6.009
4.026 4.093 4.156 4.215 4.270 4.322 4.372 4.421 4.468 4.513 4.557 4.599 4.640 4.679 4.717 4.754 4.790 4.825 4.858 4.891 4.922 4.953 4.982 5.011 5.039 5.067 5.093 5.120 5.145 5.171 5.197 5.222 5.248 5.274 5.300 5.325 5.351 5.376 5.401 5.426 5.450 5.474 5.498 5.521 5.543 5.564 5.584 5.603 5.620 5.636 5.650 5.661 5.671 5.679 5.686 5.692 5.697 5.702 5.708 5.715 5.724 5.736 5.749 5.765 5.784 5.804 5.826 5.850 5.875 5.900 5.926 5.953 5.980 6.007
4.058 4.123 4.184 4.241 4.295 4.346 4.396 4.444 4.490 4.535 4.578 4.620 4.660 4.700 4.738 4.774 4.810 4.844 4.878 4.910 4.941 4.971 5.001 5.029 5.057 5.084 5.111 5.137 5.161 5.186 5.211 5.237 5.262 5.287 5.312 5.337 5.363 5.388 5.413 5.438 5.462 5.487 5.511 5.534 5.557 5.579 5.600 5.620 5.639 5.656 5.672 5.685 5.696 5.706 5.714 5.721 5.726 5.730 5.735 5.739 5.746 5.754 5.764 5.777 5.793 5.811 5.831 5.853 5.876 5.901 5.926 5.953 5.979 6.006
4.089 4.152 4.211 4.267 4.320 4.370 4.419 4.466 4.512 4.556 4.599 4.641 4.681 4.720 4.757 4.794 4.829 4.864 4.897 4.929 4.960 4.991 5.020 5.048 5.076 5.103 5.129 5.154 5.178 5.203 5.227 5.252 5.276 5.301 5.325 5.350 5.375 5.399 5.424 5.449 5.473 5.498 5.522 5.546 5.569 5.592 5.614 5.636 5.656 5.675 5.691 5.706 5.719 5.731 5.741 5.749 5.755 5.759 5.763 5.766 5.771 5.776 5.783 5.793 5.805 5.820 5.838 5.858 5.880 5.903 5.927 5.953 5.979 6.005
4.118 4.180 4.237 4.292 4.343 4.392 4.441 4.488 4.533 4.577 4.619 4.661 4.701 4.739 4.777 4.813 4.849 4.883 4.916 4.948 4.980 5.010 5.039 5.068 5.095 5.122 5.147 5.172 5.196 5.220 5.244 5.268 5.292 5.315 5.339 5.363 5.387 5.411 5.435 5.460 5.484 5.508 5.533 5.557 5.580 5.604 5.627 5.649 5.670 5.690 5.709 5.725 5.740 5.754 5.765 5.775 5.783 5.788 5.792 5.795 5.798 5.802 5.806 5.813 5.822 5.834 5.848 5.866 5.885 5.907 5.930 5.954 5.980 6.005
4.147 4.207 4.263 4.316 4.367 4.415 4.463 4.509 4.554 4.597 4.639 4.680 4.720 4.758 4.796 4.832 4.868 4.902 4.935 4.967 4.999 5.029 5.058 5.087 5.114 5.141 5.167 5.191 5.215 5.239 5.262 5.285 5.308 5.331 5.354 5.377 5.400 5.424 5.447 5.471 5.495 5.519 5.543 5.567 5.591 5.614 5.638 5.661 5.683 5.704 5.724 5.741 5.758 5.774 5.788 5.799 5.809 5.816 5.821 5.825 5.827 5.830 5.832 5.836 5.842 5.851 5.862 5.877 5.894 5.913 5.934 5.957 5.982 6.006
4.176 4.233 4.288 4.340 4.390 4.437 4.484 4.530 4.574 4.617 4.658 4.699 4.738 4.777 4.814 4.851 4.886 4.920 4.954 4.986 5.017 5.048 5.078 5.106 5.134 5.161 5.187 5.211 5.234 5.258 5.281 5.304 5.326 5.348 5.370 5.392 5.415 5.437 5.459 5.482 5.506 5.529 5.553 5.577 5.600 5.624 5.648 5.671 5.694 5.716 5.736 5.755 5.774 5.791 5.807 5.821 5.832 5.841 5.849 5.854 5.857 5.859 5.861 5.863 5.867 5.872 5.880 5.891 5.905 5.922 5.941 5.962 5.985 6.008
4.203 4.259 4.313 4.364 4.412 4.459 4.506 4.550 4.594 4.636 4.677 4.717 4.757 4.795 4.832 4.868 4.904 4.938 4.971 5.004 5.036 5.066 5.096 5.125 5.153 5.180 5.206 5.231 5.254 5.278 5.301 5.323 5.345 5.367 5.388 5.409 5.430 5.451 5.473 5.495 5.517 5.540 5.563 5.586 5.610 5.634 5.657 5.681 5.704 5.727 5.748 5.768 5.788 5.807 5.824 5.840 5.853 5.865 5.874 5.881 5.885 5.888 5.890 5.892 5.894 5.897 5.902 5.910 5.920 5.934 5.950 5.969 5.991 6.012
4.231 4.285 4.338 4.388 4.435 4.481 4.526 4.570 4.613 4.655 4.695 4.735 4.774 4.812 4.849 4.885 4.920 4.955 4.988 5.021 5.053 5.084 5.114 5.143 5.172 5.199 5.226 5.251 5.274 5.298 5.321 5.344 5.365 5.386 5.407 5.427 5.447 5.468 5.488 5.509 5.530 5.552 5.574 5.596 5.619 5.643 5.666 5.690 5.713 5.736 5.758 5.779 5.800 5.820 5.839 5.856 5.871 5.885 5.896 5.905 5.912 5.917 5.920 5.921 5.922 5.924 5.927 5.932 5.939 5.950 5.963 5.979 5.998 6.018
4.257 4.311 4.362 4.411 4.457 4.502 4.547 4.590 4.632 4.673 4.713 4.753 4.791 4.829 4.865 4.901 4.937 4.971 5.005 5.037 5.070 5.101 5.131 5.161 5.190 5.218 5.245 5.270 5.295 5.319 5.342 5.365 5.386 5.407 5.427 5.447 5.466 5.485 5.505 5.524 5.544 5.565 5.586 5.607 5.629 5.652 5.675 5.698 5.722 5.745 5.767 5.789 5.810 5.831 5.851 5.870 5.887 5.903 5.916 5.927 5.936 5.943 5.948 5.950 5.952 5.953 5.954 5.957 5.962 5.969 5.979 5.993 6.009 6.026
4.284 4.336 4.386 4.434 4.480 4.524 4.568 4.610 4.651 4.692 4.731 4.770 4.808 4.845 4.881 4.917 4.952 4.986 5.020 5.053 5.085 5.117 5.148 5.178 5.207 5.236 5.263 5.289 5.314 5.339 5.363 5.386 5.407 5.428 5.448 5.467 5.486 5.505 5.523 5.541 5.560 5.579 5.599 5.619 5.640 5.662 5.684 5.707 5.730 5.753 5.776 5.797 5.820 5.841 5.862 5.882 5.901 5.918 5.933 5.947 5.958 5.967 5.973 5.978 5.981 5.982 5.983 5.985 5.987 5.992 5.999 6.009 6.022 6.037
4.310 4.361 4.410 4.458 4.502 4.545 4.588 4.630 4.670 4.710 4.749 4.787 4.824 4.861 4.897 4.932 4.967 5.001 5.035 5.068 5.100 5.132 5.163 5.193 5.223 5.252 5.281 5.307 5.333 5.358 5.383 5.406 5.428 5.450 5.470 5.489 5.508 5.525 5.543 5.560 5.578 5.596 5.614 5.633 5.653 5.673 5.695 5.716 5.739 5.762 5.784 5.806 5.828 5.850 5.872 5.893 5.913 5.931 5.948 5.964 5.977 5.988 5.997 6.003 6.008 6.011 6.012 6.013 6.015 6.017 6.022 6.029 6.039 6.051
4.337 4.387 4.435 4.481 4.524 4.567 4.609 4.649 4.689 4.728 4.766 4.803 4.840 4.876 4.912 4.947 4.981 5.015 5.049 5.081 5.114 5.146 5.177 5.208 5.238 5.268 5.297 5.324 5.350 5.377 5.402 5.426 5.449 5.471 5.492 5.511 5.530 5.547 5.565 5.581 5.598 5.614 5.631 5.649 5.667 5.686 5.706 5.727 5.748 5.771 5.792 5.814 5.836 5.859 5.881 5.902 5.923 5.943 5.961 5.978 5.993 6.006 6.017 6.026 6.033 6.037 6.040 6.042 6.043 6.045 6.047 6.052 6.059 6.068
4.362 4.412 4.459 4.504 4.547 4.588 4.629 4.669 4.708 4.746 4.784 4.820 4.856 4.892 4.927 4.961 4.995 5.029 5.062 5.095 5.127 5.159 5.190 5.222 5.252 5.282 5.312 5.340 5.367 5.394 5.420 5.445 5.469 5.491 5.513 5.533 5.552 5.570 5.587 5.603 5.619 5.635 5.651 5.667 5.684 5.701 5.719 5.739 5.759 5.780 5.801 5.822 5.844 5.867 5.889 5.911 5.932 5.953 5.972 5.991 6.007 6.022 6.035 6.046 6.055 6.062 6.066 6.069 6.071 6.073 6.075 6.077 6.082 6.089
4.388 4.436 4.483 4.527 4.569 4.610 4.650 4.689 4.727 4.765 4.801 4.837 4.872 4.907 4.941 4.975 5.009 5.042 5.075 5.107 5.140 5.171 5.203 5.234 5.265 5.296 5.326 5.354 5.382 5.410 5.436 5.462 5.487 5.511 5.533 5.554 5.574 5.592 5.610 5.626 5.642 5.657 5.672 5.687 5.702 5.718 5.735 5.752 5.771 5.791 5.811 5.831 5.853 5.875 5.897 5.919 5.941 5.962 5.982 6.002 6.020 6.036 6.051 6.064 6.075 6.084 6.090 6.095 6.098 6.101 6.102 6.104 6.108 6.112
