version2/TsunamiDB/out54175.asc
ncols          264
nrows          230
xllcorner      497853.4375
yllcorner      4229146.0000
cellsize         5.
NODATA_value   -99
[rows 68 to 101 of 230, columns 0 to 76 of 264]
5.810 5.818 5.826 5.834 5.842 5.849 5.857 5.865 5.873 5.880 5.888 5.896 5.904 5.911 5.917 5.924 5.931 5.938 5.945 5.952 5.959 5.966 5.973 5.981 5.988 5.995 6.003 6.010 6.017 6.025 6.032 6.040 6.048 6.056 6.064 6.072 6.079 6.086 6.094 6.101 6.108 6.115 6.122 6.129 6.137 6.144 6.152 6.159 6.167 6.174 6.182 6.189 6.197 6.205 6.212 6.220 6.228 6.236 6.245 6.252 6.259 6.266 6.273 6.280 6.287 6.294 6.301 6.308 6.314 6.321 6.327 6.334 6.340 6.347 6.353 6.359 6.366
5.822 5.830 5.838 5.846 5.853 5.861 5.869 5.876 5.884 5.891 5.899 5.907 5.914 5.921 5.928 5.934 5.941 5.948 5.955 5.961 5.968 5.975 5.982 5.989 5.997 6.004 6.011 6.018 6.025 6.033 6.040 6.048 6.055 6.063 6.071 6.079 6.086 6.093 6.100 6.107 6.114 6.121 6.128 6.135 6.142 6.150 6.157 6.164 6.172 6.179 6.186 6.194 6.202 6.209 6.217 6.224 6.232 6.241 6.249 6.256 6.263 6.270 6.277 6.284 6.291 6.298 6.305 6.311 6.318 6.325 6.331 6.338 6.344 6.350 6.357 6.363 6.369
5.834 5.842 5.850 5.857 5.865 5.873 5.880 5.888 5.895 5.903 5.910 5.918 5.926 5.932 5.939 5.945 5.952 5.958 5.965 5.971 5.978 5.985 5.992 5.999 6.006 6.013 6.020 6.027 6.034 6.041 6.048 6.056 6.063 6.071 6.079 6.086 6.093 6.100 6.107 6.113 6.120 6.127 6.134 6.141 6.148 6.155 6.162 6.170 6.177 6.184 6.192 6.199 6.206 6.214 6.221 6.229 6.237 6.245 6.253 6.260 6.267 6.274 6.281 6.288 6.295 6.302 6.308 6.315 6.322 6.328 6.335 6.341 6.348 6.354 6.361 6.367 6.373
5.845 5.853 5.861 5.869 5.877 5.885 5.892 5.900 5.907 5.915 5.922 5.930 5.937 5.943 5.950 5.956 5.962 5.969 5.975 5.982 5.988 5.995 6.002 6.008 6.015 6.022 6.029 6.036 6.043 6.050 6.057 6.064 6.071 6.079 6.086 6.094 6.100 6.107 6.114 6.120 6.127 6.134 6.141 6.147 6.154 6.161 6.168 6.175 6.182 6.190 6.197 6.204 6.211 6.219 6.226 6.234 6.241 6.249 6.257 6.264 6.271 6.278 6.285 6.292 6.299 6.306 6.313 6.319 6.326 6.332 6.339 6.345 6.352 6.358 6.365 6.371 6.377
5.857 5.865 5.873 5.881 5.889 5.897 5.904 5.912 5.919 5.926 5.934 5.942 5.949 5.955 5.961 5.967 5.974 5.980 5.986 5.993 5.999 6.005 6.012 6.018 6.025 6.032 6.038 6.045 6.052 6.059 6.066 6.073 6.080 6.087 6.094 6.102 6.108 6.115 6.121 6.128 6.134 6.141 6.147 6.154 6.161 6.167 6.174 6.181 6.188 6.195 6.202 6.210 6.217 6.224 6.231 6.239 6.246 6.254 6.262 6.269 6.276 6.283 6.290 6.297 6.303 6.310 6.317 6.323 6.330 6.336 6.343 6.349 6.356 6.362 6.369 6.375 6.381
5.869 5.877 5.885 5.893 5.901 5.909 5.916 5.924 5.931 5.938 5.946 5.954 5.961 5.967 5.973 5.979 5.985 5.991 5.997 6.004 6.010 6.016 6.022 6.029 6.035 6.042 6.048 6.055 6.061 6.068 6.075 6.082 6.088 6.095 6.103 6.110 6.116 6.123 6.129 6.135 6.142 6.148 6.154 6.161 6.167 6.174 6.181 6.187 6.194 6.201 6.208 6.215 6.222 6.229 6.237 6.244 6.251 6.259 6.267 6.274 6.281 6.287 6.294 6.301 6.308 6.314 6.321 6.327 6.334 6.341 6.347 6.354 6.360 6.366 6.373 6.379 6.385
5.881 5.889 5.897 5.905 5.913 5.921 5.928 5.936 5.943 5.951 5.958 5.966 5.973 5.979 5.985 5.991 5.997 6.003 6.009 6.015 6.021 6.027 6.033 6.040 6.046 6.052 6.059 6.065 6.071 6.078 6.084 6.091 6.098 6.104 6.112 6.118 6.125 6.131 6.137 6.143 6.149 6.155 6.162 6.168 6.174 6.181 6.187 6.194 6.201 6.207 6.214 6.221 6.228 6.235 6.242 6.249 6.257 6.264 6.272 6.278 6.285 6.292 6.299 6.305 6.312 6.319 6.325 6.332 6.338 6.345 6.351 6.358 6.364 6.371 6.377 6.383 6.390
5.893 5.901 5.909 5.917 5.925 5.933 5.940 5.948 5.955 5.963 5.970 5.978 5.985 5.991 5.997 6.003 6.009 6.015 6.021 6.026 6.032 6.038 6.045 6.051 6.057 6.063 6.069 6.075 6.081 6.088 6.094 6.100 6.107 6.114 6.121 6.127 6.133 6.139 6.145 6.151 6.157 6.163 6.169 6.175 6.181 6.188 6.194 6.201 6.207 6.214 6.220 6.227 6.234 6.241 6.248 6.255 6.262 6.269 6.277 6.283 6.290 6.297 6.303 6.310 6.317 6.323 6.330 6.336 6.343 6.349 6.355 6.362 6.368 6.375 6.381 6.387 6.394
5.905 5.913 5.921 5.929 5.937 5.944 5.952 5.960 5.967 5.975 5.982 5.990 5.997 6.003 6.009 6.015 6.021 6.026 6.032 6.038 6.044 6.050 6.056 6.062 6.068 6.074 6.080 6.086 6.092 6.098 6.104 6.110 6.117 6.123 6.130 6.136 6.142 6.148 6.154 6.159 6.165 6.171 6.177 6.183 6.189 6.195 6.201 6.207 6.214 6.220 6.227 6.233 6.240 6.246 6.253 6.260 6.267 6.275 6.282 6.288 6.295 6.302 6.308 6.315 6.321 6.328 6.334 6.340 6.347 6.353 6.360 6.366 6.373 6.379 6.385 6.392 6.398
5.917 5.925 5.933 5.941 5.948 5.956 5.964 5.971 5.979 5.986 5.994 6.002 6.008 6.015 6.021 6.026 6.032 6.038 6.044 6.050 6.056 6.061 6.067 6.073 6.079 6.085 6.091 6.097 6.102 6.108 6.114 6.120 6.127 6.133 6.139 6.146 6.151 6.157 6.162 6.168 6.174 6.179 6.185 6.191 6.196 6.202 6.208 6.214 6.221 6.227 6.233 6.239 6.246 6.252 6.259 6.266 6.273 6.280 6.287 6.294 6.300 6.307 6.313 6.319 6.326 6.332 6.339 6.345 6.351 6.358 6.364 6.370 6.377 6.383 6.389 6.396 6.402
5.928 5.936 5.944 5.952 5.960 5.968 5.975 5.983 5.990 5.998 6.006 6.013 6.020 6.026 6.032 6.038 6.044 6.050 6.056 6.061 6.067 6.073 6.079 6.085 6.090 6.096 6.102 6.107 6.113 6.119 6.125 6.131 6.137 6.143 6.149 6.155 6.161 6.166 6.171 6.177 6.182 6.188 6.193 6.199 6.204 6.210 6.216 6.222 6.228 6.234 6.240 6.246 6.252 6.259 6.265 6.272 6.278 6.286 6.292 6.299 6.305 6.311 6.318 6.324 6.330 6.337 6.343 6.349 6.356 6.362 6.368 6.374 6.381 6.387 6.393 6.400 6.406
5.940 5.948 5.956 5.963 5.971 5.979 5.987 5.994 6.002 6.009 6.017 6.025 6.032 6.038 6.044 6.050 6.056 6.061 6.067 6.073 6.079 6.084 6.090 6.096 6.102 6.107 6.113 6.118 6.124 6.130 6.135 6.141 6.147 6.153 6.159 6.165 6.170 6.175 6.181 6.186 6.191 6.196 6.201 6.207 6.212 6.218 6.223 6.229 6.235 6.241 6.246 6.252 6.259 6.265 6.271 6.277 6.284 6.291 6.298 6.304 6.310 6.316 6.323 6.329 6.335 6.341 6.347 6.354 6.360 6.366 6.372 6.379 6.385 6.391 6.397 6.404 6.410
5.951 5.959 5.967 5.975 5.982 5.990 5.998 6.005 6.013 6.021 6.028 6.036 6.043 6.049 6.055 6.061 6.067 6.073 6.079 6.084 6.090 6.096 6.101 6.107 6.113 6.118 6.124 6.129 6.135 6.140 6.146 6.151 6.157 6.163 6.169 6.175 6.180 6.185 6.190 6.195 6.200 6.205 6.210 6.215 6.220 6.226 6.231 6.236 6.242 6.248 6.253 6.259 6.265 6.271 6.277 6.283 6.290 6.297 6.303 6.309 6.315 6.321 6.327 6.334 6.340 6.346 6.352 6.358 6.364 6.370 6.376 6.383 6.389 6.395 6.401 6.408 6.414
5.962 5.970 5.978 5.986 5.993 6.001 6.009 6.016 6.024 6.032 6.040 6.047 6.054 6.060 6.066 6.072 6.078 6.084 6.090 6.096 6.101 6.107 6.113 6.118 6.124 6.129 6.135 6.140 6.146 6.151 6.156 6.162 6.167 6.173 6.179 6.185 6.189 6.194 6.199 6.204 6.209 6.214 6.218 6.223 6.228 6.234 6.239 6.244 6.249 6.255 6.260 6.266 6.272 6.277 6.283 6.289 6.296 6.302 6.309 6.315 6.321 6.326 6.332 6.338 6.344 6.350 6.356 6.362 6.368 6.374 6.381 6.387 6.393 6.399 6.405 6.411 6.418
5.973 5.981 5.989 5.996 6.004 6.012 6.019 6.027 6.035 6.042 6.050 6.058 6.064 6.071 6.077 6.083 6.089 6.095 6.101 6.106 6.112 6.118 6.124 6.129 6.135 6.140 6.146 6.151 6.156 6.162 6.167 6.172 6.178 6.183 6.189 6.195 6.199 6.204 6.208 6.213 6.218 6.222 6.227 6.232 6.237 6.242 6.247 6.252 6.257 6.262 6.267 6.273 6.278 6.284 6.290 6.296 6.302 6.308 6.314 6.320 6.326 6.331 6.337 6.343 6.349 6.355 6.361 6.367 6.373 6.379 6.385 6.391 6.397 6.403 6.409 6.415 6.421
5.984 5.992 5.999 6.007 6.014 6.022 6.030 6.037 6.045 6.053 6.061 6.068 6.074 6.081 6.087 6.093 6.099 6.105 6.111 6.117 6.123 6.129 6.134 6.140 6.145 6.151 6.156 6.162 6.167 6.172 6.177 6.183 6.188 6.194 6.200 6.204 6.209 6.213 6.218 6.222 6.227 6.231 6.236 6.241 6.245 6.250 6.255 6.260 6.265 6.270 6.275 6.280 6.285 6.291 6.296 6.302 6.308 6.314 6.320 6.326 6.331 6.337 6.342 6.348 6.354 6.359 6.365 6.371 6.377 6.383 6.389 6.395 6.401 6.407 6.413 6.419 6.425
5.994 6.002 6.010 6.017 6.025 6.032 6.040 6.047 6.055 6.063 6.071 6.078 6.084 6.091 6.097 6.103 6.109 6.115 6.121 6.127 6.133 6.139 6.145 6.150 6.156 6.161 6.167 6.172 6.177 6.183 6.188 6.193 6.198 6.204 6.210 6.214 6.219 6.223 6.227 6.232 6.236 6.240 6.245 6.249 6.254 6.258 6.263 6.268 6.272 6.277 6.282 6.287 6.292 6.297 6.303 6.308 6.314 6.320 6.326 6.331 6.336 6.342 6.347 6.353 6.358 6.364 6.369 6.375 6.381 6.387 6.393 6.398 6.404 6.410 6.416 6.423 6.429
6.005 6.012 6.020 6.027 6.035 6.042 6.050 6.057 6.065 6.072 6.080 6.087 6.094 6.100 6.107 6.113 6.119 6.125 6.131 6.137 6.143 6.149 6.155 6.160 6.166 6.171 6.177 6.182 6.187 6.193 6.198 6.203 6.209 6.214 6.220 6.224 6.228 6.233 6.237 6.241 6.245 6.250 6.254 6.258 6.262 6.267 6.271 6.276 6.280 6.285 6.290 6.294 6.299 6.304 6.309 6.315 6.321 6.326 6.332 6.337 6.342 6.347 6.352 6.358 6.363 6.368 6.374 6.380 6.385 6.391 6.397 6.402 6.408 6.414 6.420 6.426 6.432
6.015 6.022 6.030 6.037 6.044 6.052 6.059 6.067 6.074 6.082 6.090 6.097 6.103 6.110 6.116 6.122 6.128 6.135 6.141 6.147 6.153 6.158 6.164 6.170 6.176 6.181 6.187 6.192 6.197 6.203 6.208 6.213 6.219 6.224 6.229 6.234 6.238 6.242 6.246 6.251 6.255 6.259 6.263 6.267 6.271 6.275 6.280 6.284 6.288 6.293 6.297 6.302 6.306 6.311 6.316 6.321 6.327 6.333 6.338 6.342 6.347 6.352 6.358 6.363 6.368 6.373 6.379 6.384 6.389 6.395 6.401 6.406 6.412 6.418 6.424 6.430 6.436
6.025 6.032 6.039 6.047 6.054 6.061 6.069 6.076 6.083 6.091 6.099 6.106 6.112 6.119 6.125 6.131 6.137 6.144 6.150 6.156 6.162 6.168 6.174 6.179 6.185 6.191 6.196 6.202 6.207 6.212 6.218 6.223 6.228 6.234 6.239 6.243 6.248 6.252 6.256 6.260 6.264 6.268 6.272 6.276 6.280 6.284 6.288 6.292 6.296 6.301 6.305 6.309 6.314 6.318 6.323 6.328 6.334 6.339 6.344 6.348 6.353 6.358 6.363 6.368 6.373 6.378 6.383 6.388 6.394 6.399 6.405 6.410 6.416 6.422 6.427 6.433 6.439
6.034 6.042 6.049 6.056 6.063 6.071 6.078 6.085 6.092 6.100 6.107 6.115 6.121 6.127 6.134 6.140 6.146 6.152 6.158 6.164 6.171 6.177 6.182 6.188 6.194 6.200 6.205 6.211 6.216 6.222 6.227 6.232 6.238 6.243 6.248 6.253 6.257 6.261 6.265 6.269 6.273 6.277 6.281 6.285 6.289 6.293 6.297 6.301 6.305 6.309 6.313 6.317 6.321 6.326 6.330 6.335 6.340 6.345 6.350 6.354 6.359 6.364 6.368 6.373 6.378 6.383 6.388 6.393 6.398 6.403 6.409 6.414 6.420 6.425 6.431 6.437 6.443
6.044 6.051 6.058 6.065 6.073 6.080 6.087 6.094 6.101 6.109 6.116 6.123 6.130 6.136 6.142 6.148 6.154 6.161 6.167 6.173 6.179 6.185 6.191 6.197 6.203 6.209 6.214 6.220 6.225 6.231 6.236 6.241 6.247 6.252 6.258 6.262 6.266 6.270 6.274 6.278 6.282 6.286 6.290 6.294 6.297 6.301 6.305 6.309 6.313 6.317 6.321 6.325 6.329 6.333 6.338 6.342 6.347 6.352 6.356 6.361 6.365 6.370 6.374 6.379 6.383 6.388 6.393 6.398 6.403 6.408 6.413 6.418 6.424 6.429 6.435 6.441 6.446
6.053 6.060 6.067 6.074 6.082 6.089 6.096 6.103 6.110 6.117 6.125 6.132 6.138 6.144 6.150 6.156 6.163 6.169 6.175 6.181 6.187 6.193 6.199 6.205 6.211 6.217 6.223 6.228 6.234 6.239 6.245 6.250 6.256 6.261 6.267 6.271 6.275 6.279 6.283 6.287 6.291 6.295 6.299 6.302 6.306 6.310 6.314 6.317 6.321 6.325 6.329 6.333 6.337 6.341 6.345 6.349 6.354 6.359 6.363 6.367 6.371 6.375 6.380 6.384 6.389 6.393 6.398 6.402 6.407 6.412 6.417 6.423 6.428 6.433 6.439 6.444 6.450
6.062 6.069 6.076 6.083 6.090 6.097 6.104 6.111 6.118 6.126 6.133 6.140 6.146 6.152 6.158 6.164 6.171 6.177 6.183 6.189 6.195 6.201 6.207 6.213 6.219 6.225 6.231 6.237 6.242 6.248 6.253 6.259 6.264 6.270 6.275 6.280 6.284 6.288 6.292 6.296 6.300 6.304 6.307 6.311 6.315 6.318 6.322 6.326 6.329 6.333 6.337 6.341 6.345 6.348 6.352 6.357 6.361 6.366 6.370 6.374 6.378 6.382 6.386 6.390 6.394 6.398 6.403 6.407 6.412 6.417 6.422 6.427 6.432 6.437 6.443 6.448 6.454
6.072 6.079 6.085 6.092 6.099 6.106 6.113 6.120 6.127 6.134 6.141 6.148 6.154 6.160 6.166 6.172 6.178 6.184 6.190 6.196 6.202 6.209 6.215 6.221 6.227 6.233 6.239 6.244 6.250 6.256 6.261 6.267 6.272 6.278 6.283 6.288 6.292 6.297 6.301 6.305 6.308 6.312 6.316 6.320 6.323 6.327 6.330 6.334 6.338 6.341 6.345 6.349 6.352 6.356 6.360 6.364 6.369 6.373 6.376 6.380 6.384 6.388 6.392 6.396 6.400 6.404 6.408 6.412 6.417 6.422 6.426 6.431 6.436 6.441 6.446 6.452 6.457
6.081 6.088 6.094 6.101 6.108 6.115 6.121 6.128 6.135 6.142 6.149 6.156 6.162 6.168 6.174 6.180 6.186 6.192 6.198 6.204 6.210 6.216 6.222 6.228 6.234 6.240 6.246 6.252 6.258 6.263 6.269 6.275 6.280 6.286 6.291 6.296 6.301 6.305 6.309 6.313 6.317 6.321 6.324 6.328 6.332 6.335 6.339 6.342 6.346 6.349 6.353 6.357 6.360 6.364 6.368 6.372 6.376 6.380 6.383 6.387 6.391 6.394 6.398 6.402 6.406 6.409 6.413 6.418 6.422 6.426 6.431 6.436 6.440 6.445 6.451 6.456 6.461
6.090 6.097 6.104 6.110 6.117 6.123 6.130 6.137 6.143 6.150 6.158 6.164 6.170 6.176 6.182 6.188 6.193 6.199 6.205 6.211 6.217 6.223 6.229 6.235 6.241 6.247 6.253 6.259 6.265 6.271 6.276 6.282 6.288 6.294 6.299 6.304 6.308 6.313 6.317 6.321 6.325 6.329 6.332 6.336 6.340 6.343 6.347 6.350 6.354 6.357 6.361 6.364 6.368 6.372 6.375 6.379 6.383 6.387 6.390 6.394 6.397 6.401 6.404 6.408 6.411 6.415 6.419 6.423 6.427 6.431 6.436 6.440 6.445 6.450 6.455 6.460 6.465
6.100 6.106 6.113 6.119 6.126 6.132 6.139 6.145 6.152 6.159 6.166 6.172 6.178 6.184 6.189 6.195 6.201 6.207 6.213 6.218 6.224 6.230 6.236 6.242 6.248 6.254 6.260 6.266 6.272 6.278 6.283 6.289 6.295 6.301 6.306 6.311 6.316 6.320 6.325 6.329 6.333 6.337 6.340 6.344 6.348 6.351 6.355 6.358 6.362 6.365 6.369 6.372 6.376 6.379 6.383 6.386 6.391 6.394 6.398 6.401 6.404 6.407 6.411 6.414 6.417 6.421 6.425 6.428 6.432 6.436 6.441 6.445 6.449 6.454 6.459 6.464 6.469
6.110 6.116 6.122 6.128 6.135 6.141 6.147 6.154 6.160 6.167 6.174 6.180 6.186 6.192 6.197 6.203 6.208 6.214 6.220 6.226 6.231 6.237 6.243 6.249 6.255 6.261 6.267 6.273 6.279 6.284 6.290 6.296 6.302 6.308 6.314 6.318 6.323 6.328 6.332 6.336 6.340 6.344 6.348 6.352 6.355 6.359 6.363 6.366 6.370 6.373 6.377 6.380 6.383 6.387 6.390 6.394 6.398 6.402 6.405 6.408 6.411 6.414 6.417 6.420 6.424 6.427 6.430 6.434 6.438 6.441 6.445 6.450 6.454 6.458 6.463 6.468 6.473
6.121 6.127 6.132 6.138 6.144 6.150 6.156 6.162 6.169 6.175 6.182 6.188 6.194 6.199 6.205 6.210 6.216 6.222 6.227 6.233 6.239 6.244 6.250 6.256 6.262 6.268 6.274 6.279 6.285 6.291 6.297 6.303 6.309 6.315 6.320 6.325 6.330 6.335 6.339 6.343 6.347 6.351 6.355 6.359 6.363 6.367 6.370 6.374 6.377 6.381 6.384 6.388 6.391 6.394 6.398 6.401 6.405 6.409 6.412 6.415 6.418 6.421 6.424 6.427 6.430 6.433 6.436 6.440 6.443 6.447 6.451 6.455 6.459 6.463 6.467 6.472 6.477
6.132 6.137 6.143 6.148 6.154 6.159 6.165 6.171 6.178 6.184 6.191 6.196 6.202 6.207 6.213 6.218 6.224 6.229 6.235 6.240 6.246 6.251 6.257 6.263 6.269 6.274 6.280 6.286 6.292 6.297 6.303 6.309 6.315 6.321 6.327 6.332 6.337 6.341 6.346 6.350 6.354 6.359 6.363 6.366 6.370 6.374 6.378 6.381 6.385 6.388 6.392 6.395 6.398 6.402 6.405 6.409 6.413 6.416 6.419 6.422 6.425 6.428 6.430 6.433 6.436 6.439 6.442 6.445 6.449 6.452 6.456 6.459 6.463 6.468 6.472 6.476 6.481
6.144 6.148 6.153 6.159 6.164 6.169 6.175 6.181 6.187 6.193 6.199 6.205 6.210 6.215 6.221 6.226 6.231 6.237 6.242 6.248 6.253 6.259 6.264 6.270 6.275 6.281 6.287 6.293 6.298 6.304 6.310 6.316 6.322 6.328 6.333 6.338 6.343 6.348 6.352 6.357 6.361 6.365 6.369 6.373 6.377 6.381 6.385 6.389 6.392 6.396 6.399 6.402 6.406 6.409 6.413 6.416 6.420 6.423 6.426 6.429 6.432 6.434 6.437 6.440 6.442 6.445 6.448 6.451 6.454 6.458 6.461 6.465 6.468 6.472 6.476 6.480 6.485
6.156 6.160 6.165 6.170 6.174 6.179 6.185 6.190 6.196 6.202 6.208 6.213 6.218 6.223 6.229 6.234 6.239 6.244 6.250 6.255 6.260 6.266 6.271 6.277 6.282 6.288 6.294 6.299 6.305 6.310 6.316 6.322 6.328 6.334 6.340 6.345 6.350 6.354 6.359 6.363 6.368 6.372 6.376 6.380 6.384 6.388 6.392 6.396 6.399 6.403 6.406 6.410 6.413 6.416 6.420 6.423 6.427 6.430 6.433 6.436 6.439 6.441 6.444 6.446 6.449 6.452 6.454 6.457 6.460 6.463 6.466 6.470 6.473 6.477 6.481 6.485 6.489
6.168 6.172 6.177 6.181 6.186 6.190 6.195 6.200 6.206 6.212 6.217 6.222 6.227 6.232 6.237 6.242 6.247 6.252 6.257 6.263 6.268 6.273 6.278 6.284 6.289 6.295 6.300 6.306 6.311 6.317 6.323 6.328 6.335 6.341 6.346 6.351 6.356 6.361 6.365 6.370 6.374 6.379 6.383 6.387 6.391 6.395 6.399 6.402 6.406 6.410 6.413 6.417 6.420 6.424 6.427 6.430 6.434 6.438 6.440 6.443 6.445 6.448 6.450 6.453 6.455 6.458 6.461 6.463 6.466 6.469 6.472 6.475 6.478 6.482 6.486 6.489 6.493
