version2/TsunamiDB/out54174.asc
ncols          264
nrows          230
xllcorner      497853.4375
yllcorner      4229146.0000
cellsize         5.
NODATA_value   -99
[rows 68 to 101 of 230, columns 154 to 230 of 264]
6.734 6.739 6.743 6.747 6.751 6.756 6.760 6.764 6.768 6.772 6.776 6.780 6.784 6.787 6.791 6.794 6.798 6.801 6.805 6.808 6.811 6.814 6.816 6.819 6.821 6.824 6.826 6.828 6.831 6.833 6.835 6.837 6.839 6.842 6.844 6.846 6.848 6.851 6.853 6.855 6.858 6.860 6.863 6.865 6.867 6.869 6.871 6.873 6.875 6.877 6.879 6.881 6.883 6.885 6.886 6.888 6.890 6.892 6.894 6.896 6.898 6.900 6.903 6.905 6.908 6.911 6.914 6.918 6.921 6.924 6.924 6.921 6.915 6.914 6.914 6.914 6.921
6.741 6.745 6.750 6.754 6.759 6.763 6.768 6.772 6.776 6.780 6.785 6.789 6.793 6.797 6.801 6.804 6.808 6.812 6.816 6.819 6.823 6.826 6.829 6.832 6.834 6.837 6.840 6.842 6.845 6.847 6.850 6.852 6.855 6.857 6.859 6.862 6.864 6.867 6.869 6.871 6.874 6.877 6.879 6.881 6.884 6.886 6.888 6.890 6.892 6.894 6.896 6.897 6.899 6.901 6.903 6.904 6.906 6.908 6.909 6.911 6.913 6.915 6.917 6.920 6.923 6.926 6.929 6.932 6.936 6.939 6.940 6.936 6.931 6.930 6.930 6.931 6.939
6.747 6.752 6.756 6.761 6.766 6.770 6.775 6.779 6.784 6.788 6.792 6.797 6.801 6.805 6.809 6.813 6.817 6.821 6.826 6.830 6.833 6.837 6.840 6.843 6.847 6.850 6.853 6.855 6.858 6.861 6.864 6.866 6.869 6.872 6.874 6.877 6.880 6.882 6.885 6.888 6.890 6.893 6.896 6.898 6.901 6.903 6.905 6.907 6.909 6.911 6.913 6.915 6.917 6.919 6.921 6.922 6.924 6.925 6.927 6.929 6.931 6.933 6.935 6.937 6.940 6.943 6.946 6.950 6.954 6.957 6.958 6.954 6.950 6.949 6.949 6.951 6.959
6.753 6.757 6.762 6.767 6.772 6.777 6.781 6.786 6.790 6.795 6.800 6.804 6.808 6.813 6.817 6.822 6.826 6.830 6.835 6.839 6.843 6.847 6.850 6.854 6.858 6.861 6.864 6.867 6.871 6.874 6.877 6.880 6.883 6.886 6.889 6.892 6.895 6.897 6.900 6.903 6.906 6.909 6.912 6.915 6.918 6.920 6.923 6.925 6.928 6.930 6.932 6.934 6.936 6.938 6.940 6.941 6.943 6.945 6.947 6.948 6.950 6.952 6.954 6.957 6.960 6.963 6.966 6.970 6.974 6.977 6.979 6.976 6.971 6.971 6.972 6.974 6.982
6.758 6.763 6.768 6.773 6.778 6.783 6.787 6.792 6.797 6.802 6.806 6.811 6.815 6.820 6.824 6.829 6.833 6.838 6.843 6.847 6.852 6.856 6.860 6.864 6.867 6.871 6.875 6.878 6.882 6.885 6.889 6.892 6.895 6.899 6.902 6.905 6.908 6.911 6.915 6.918 6.921 6.925 6.928 6.931 6.934 6.937 6.940 6.943 6.945 6.948 6.950 6.953 6.955 6.957 6.959 6.961 6.963 6.965 6.967 6.969 6.971 6.973 6.975 6.978 6.981 6.984 6.988 6.992 6.996 7.000 7.002 6.999 6.995 6.995 6.997 6.999 7.008
6.763 6.768 6.773 6.778 6.783 6.788 6.793 6.798 6.803 6.808 6.812 6.817 6.822 6.826 6.831 6.836 6.840 6.845 6.850 6.855 6.859 6.864 6.868 6.872 6.876 6.880 6.884 6.888 6.892 6.895 6.899 6.903 6.906 6.910 6.914 6.917 6.921 6.924 6.928 6.931 6.935 6.939 6.942 6.946 6.949 6.952 6.956 6.959 6.962 6.965 6.968 6.970 6.973 6.976 6.978 6.981 6.983 6.985 6.987 6.990 6.992 6.994 6.997 7.000 7.003 7.007 7.011 7.015 7.020 7.025 7.027 7.025 7.021 7.022 7.024 7.027 7.036
6.767 6.773 6.778 6.783 6.788 6.793 6.799 6.804 6.808 6.813 6.818 6.823 6.828 6.833 6.837 6.842 6.847 6.852 6.857 6.862 6.866 6.871 6.875 6.880 6.884 6.888 6.892 6.896 6.901 6.905 6.909 6.912 6.916 6.920 6.924 6.928 6.932 6.935 6.939 6.943 6.947 6.951 6.955 6.959 6.963 6.966 6.970 6.973 6.977 6.980 6.983 6.987 6.990 6.993 6.996 6.999 7.001 7.004 7.007 7.010 7.012 7.015 7.018 7.022 7.026 7.029 7.034 7.039 7.045 7.050 7.052 7.051 7.048 7.050 7.053 7.056 7.066
6.772 6.777 6.783 6.788 6.793 6.799 6.804 6.809 6.814 6.819 6.824 6.829 6.834 6.838 6.843 6.848 6.853 6.858 6.863 6.868 6.873 6.877 6.882 6.886 6.891 6.895 6.900 6.904 6.908 6.913 6.917 6.921 6.925 6.929 6.933 6.937 6.941 6.945 6.949 6.953 6.957 6.962 6.966 6.970 6.974 6.978 6.982 6.986 6.990 6.994 6.997 7.001 7.004 7.008 7.011 7.015 7.018 7.021 7.025 7.028 7.031 7.034 7.038 7.042 7.046 7.051 7.056 7.062 7.068 7.074 7.077 7.077 7.074 7.077 7.081 7.085 7.096
6.776 6.781 6.787 6.793 6.798 6.803 6.809 6.814 6.819 6.824 6.829 6.834 6.839 6.844 6.849 6.854 6.858 6.863 6.869 6.874 6.879 6.883 6.888 6.893 6.897 6.902 6.906 6.911 6.915 6.920 6.924 6.928 6.933 6.937 6.941 6.945 6.950 6.954 6.958 6.962 6.967 6.971 6.976 6.980 6.984 6.989 6.993 6.997 7.001 7.005 7.009 7.013 7.017 7.021 7.025 7.029 7.032 7.036 7.040 7.044 7.048 7.052 7.056 7.060 7.065 7.071 7.076 7.083 7.089 7.096 7.100 7.100 7.098 7.102 7.107 7.112 7.123
6.780 6.786 6.791 6.797 6.802 6.808 6.813 6.819 6.824 6.829 6.834 6.839 6.844 6.849 6.854 6.859 6.864 6.869 6.874 6.879 6.884 6.889 6.894 6.898 6.903 6.908 6.912 6.917 6.922 6.926 6.931 6.935 6.939 6.944 6.948 6.953 6.957 6.961 6.966 6.970 6.975 6.980 6.984 6.989 6.993 6.997 7.002 7.006 7.011 7.015 7.019 7.024 7.028 7.032 7.036 7.041 7.045 7.049 7.053 7.058 7.062 7.066 7.071 7.076 7.082 7.088 7.094 7.101 7.108 7.115 7.119 7.119 7.119 7.124 7.131 7.137 7.149
6.784 6.789 6.795 6.801 6.807 6.812 6.818 6.823 6.829 6.834 6.839 6.844 6.849 6.854 6.859 6.864 6.869 6.874 6.879 6.885 6.889 6.894 6.899 6.904 6.909 6.913 6.918 6.923 6.927 6.932 6.937 6.941 6.946 6.950 6.955 6.959 6.964 6.968 6.972 6.977 6.982 6.987 6.991 6.996 7.001 7.005 7.010 7.014 7.019 7.023 7.028 7.032 7.037 7.041 7.046 7.051 7.055 7.060 7.064 7.069 7.074 7.079 7.084 7.090 7.096 7.102 7.109 7.117 7.124 7.131 7.135 7.137 7.138 7.144 7.152 7.160 7.174
6.787 6.793 6.799 6.805 6.811 6.816 6.822 6.828 6.833 6.838 6.844 6.849 6.854 6.859 6.864 6.869 6.874 6.879 6.885 6.890 6.895 6.899 6.904 6.909 6.914 6.919 6.923 6.928 6.933 6.937 6.942 6.947 6.951 6.956 6.960 6.965 6.970 6.974 6.979 6.983 6.988 6.993 6.998 7.003 7.007 7.012 7.017 7.021 7.026 7.031 7.035 7.040 7.045 7.050 7.054 7.059 7.064 7.069 7.074 7.079 7.084 7.090 7.095 7.101 7.108 7.115 7.122 7.129 7.137 7.144 7.149 7.151 7.154 7.162 7.171 7.181 7.197
6.791 6.797 6.803 6.809 6.814 6.820 6.826 6.832 6.837 6.843 6.848 6.854 6.859 6.864 6.869 6.874 6.879 6.884 6.890 6.895 6.900 6.904 6.909 6.914 6.919 6.923 6.928 6.933 6.938 6.942 6.947 6.952 6.956 6.961 6.966 6.970 6.975 6.980 6.984 6.989 6.994 6.999 7.004 7.009 7.013 7.018 7.023 7.028 7.032 7.037 7.042 7.047 7.052 7.057 7.062 7.067 7.072 7.077 7.082 7.088 7.093 7.099 7.105 7.111 7.118 7.125 7.132 7.140 7.148 7.155 7.160 7.164 7.168 7.178 7.189 7.201 7.219
6.794 6.800 6.806 6.812 6.818 6.824 6.830 6.836 6.841 6.847 6.852 6.858 6.863 6.868 6.874 6.879 6.884 6.889 6.895 6.899 6.904 6.909 6.914 6.919 6.923 6.928 6.933 6.938 6.943 6.947 6.952 6.957 6.961 6.966 6.971 6.976 6.980 6.985 6.990 6.994 7.000 7.005 7.009 7.014 7.019 7.024 7.028 7.033 7.038 7.043 7.048 7.053 7.058 7.063 7.068 7.074 7.079 7.084 7.090 7.096 7.102 7.107 7.113 7.120 7.127 7.134 7.141 7.148 7.156 7.164 7.170 7.175 7.181 7.192 7.206 7.220 7.241
6.797 6.803 6.809 6.815 6.821 6.827 6.833 6.839 6.845 6.851 6.856 6.862 6.867 6.873 6.878 6.883 6.888 6.894 6.899 6.904 6.909 6.914 6.919 6.923 6.928 6.933 6.938 6.942 6.947 6.952 6.957 6.961 6.966 6.971 6.976 6.980 6.985 6.990 6.995 6.999 7.005 7.010 7.014 7.019 7.024 7.029 7.034 7.039 7.044 7.049 7.054 7.059 7.064 7.069 7.074 7.080 7.085 7.091 7.097 7.103 7.109 7.115 7.121 7.127 7.134 7.141 7.148 7.156 7.164 7.172 7.179 7.186 7.193 7.206 7.221 7.238 7.261
6.800 6.806 6.812 6.818 6.825 6.831 6.837 6.843 6.849 6.854 6.860 6.866 6.871 6.877 6.882 6.887 6.893 6.898 6.904 6.909 6.913 6.918 6.923 6.928 6.933 6.937 6.942 6.947 6.952 6.956 6.961 6.966 6.971 6.976 6.980 6.985 6.990 6.995 6.999 7.004 7.010 7.015 7.019 7.024 7.029 7.034 7.039 7.044 7.049 7.054 7.059 7.064 7.070 7.075 7.080 7.086 7.092 7.098 7.104 7.110 7.116 7.122 7.128 7.134 7.141 7.147 7.154 7.162 7.170 7.179 7.188 7.196 7.205 7.219 7.235 7.254 7.279
6.803 6.809 6.815 6.821 6.827 6.834 6.840 6.846 6.852 6.858 6.864 6.869 6.875 6.881 6.886 6.891 6.897 6.902 6.908 6.913 6.918 6.923 6.928 6.932 6.937 6.942 6.947 6.951 6.956 6.961 6.966 6.970 6.975 6.980 6.985 6.990 6.994 6.999 7.004 7.009 7.014 7.019 7.024 7.029 7.034 7.039 7.044 7.049 7.054 7.059 7.065 7.070 7.075 7.081 7.086 7.092 7.098 7.104 7.110 7.117 7.123 7.129 7.134 7.141 7.147 7.153 7.160 7.168 7.176 7.186 7.195 7.205 7.215 7.231 7.249 7.270 7.297
6.805 6.811 6.818 6.824 6.830 6.836 6.843 6.849 6.855 6.861 6.867 6.873 6.879 6.884 6.890 6.895 6.901 6.907 6.912 6.917 6.922 6.927 6.932 6.937 6.941 6.946 6.951 6.956 6.961 6.965 6.970 6.975 6.980 6.984 6.989 6.994 6.999 7.004 7.009 7.014 7.019 7.024 7.029 7.034 7.039 7.044 7.049 7.054 7.059 7.064 7.070 7.075 7.081 7.086 7.092 7.098 7.104 7.110 7.117 7.123 7.130 7.135 7.141 7.146 7.152 7.158 7.165 7.173 7.182 7.192 7.203 7.214 7.226 7.242 7.261 7.284 7.313
6.807 6.814 6.820 6.826 6.833 6.839 6.845 6.852 6.858 6.864 6.870 6.876 6.882 6.888 6.893 6.899 6.905 6.910 6.916 6.921 6.926 6.931 6.936 6.941 6.946 6.951 6.955 6.960 6.965 6.970 6.974 6.979 6.984 6.989 6.994 6.998 7.003 7.008 7.013 7.018 7.023 7.029 7.034 7.039 7.044 7.049 7.054 7.059 7.064 7.070 7.075 7.081 7.086 7.092 7.098 7.104 7.110 7.117 7.123 7.130 7.136 7.141 7.146 7.152 7.158 7.163 7.170 7.178 7.187 7.199 7.210 7.222 7.235 7.253 7.273 7.298 7.328
6.810 6.816 6.822 6.829 6.835 6.841 6.848 6.854 6.860 6.867 6.873 6.879 6.885 6.891 6.897 6.902 6.908 6.914 6.920 6.925 6.930 6.935 6.940 6.945 6.950 6.955 6.959 6.964 6.969 6.974 6.979 6.983 6.988 6.993 6.998 7.003 7.008 7.012 7.017 7.023 7.028 7.033 7.038 7.043 7.048 7.054 7.059 7.064 7.069 7.075 7.080 7.086 7.092 7.097 7.103 7.110 7.116 7.123 7.129 7.136 7.142 7.147 7.152 7.157 7.163 7.168 7.175 7.183 7.193 7.205 7.217 7.229 7.245 7.264 7.285 7.312 7.345
6.812 6.818 6.824 6.831 6.837 6.844 6.850 6.856 6.863 6.869 6.875 6.882 6.888 6.894 6.900 6.906 6.911 6.917 6.923 6.929 6.934 6.939 6.944 6.949 6.954 6.959 6.964 6.968 6.973 6.978 6.983 6.987 6.992 6.997 7.002 7.007 7.012 7.017 7.022 7.027 7.032 7.038 7.043 7.048 7.053 7.058 7.063 7.069 7.074 7.080 7.085 7.091 7.097 7.103 7.109 7.115 7.122 7.129 7.136 7.142 7.148 7.153 7.158 7.163 7.169 7.174 7.180 7.189 7.199 7.210 7.222 7.237 7.255 7.276 7.298 7.328 7.364
6.813 6.820 6.826 6.833 6.839 6.846 6.852 6.858 6.865 6.871 6.878 6.884 6.890 6.896 6.902 6.908 6.914 6.921 6.926 6.932 6.937 6.943 6.948 6.953 6.958 6.963 6.967 6.972 6.977 6.982 6.987 6.991 6.996 7.001 7.006 7.011 7.016 7.021 7.026 7.031 7.036 7.042 7.047 7.052 7.057 7.063 7.068 7.074 7.079 7.085 7.090 7.096 7.102 7.108 7.115 7.121 7.128 7.135 7.142 7.148 7.154 7.159 7.163 7.169 7.174 7.179 7.186 7.194 7.204 7.215 7.228 7.245 7.266 7.288 7.312 7.346 7.384
6.815 6.821 6.828 6.834 6.841 6.847 6.854 6.860 6.867 6.873 6.880 6.886 6.893 6.899 6.905 6.911 6.917 6.924 6.930 6.935 6.941 6.946 6.951 6.956 6.961 6.966 6.971 6.976 6.981 6.986 6.990 6.995 7.000 7.005 7.010 7.015 7.020 7.025 7.030 7.035 7.041 7.046 7.051 7.056 7.062 7.067 7.073 7.078 7.084 7.089 7.095 7.101 7.107 7.113 7.120 7.127 7.133 7.140 7.147 7.154 7.160 7.165 7.169 7.174 7.180 7.185 7.191 7.199 7.208 7.220 7.235 7.254 7.278 7.302 7.328 7.365 7.407
6.817 6.823 6.829 6.836 6.842 6.849 6.855 6.862 6.869 6.875 6.882 6.888 6.895 6.901 6.907 6.914 6.920 6.926 6.932 6.938 6.944 6.949 6.954 6.960 6.965 6.970 6.975 6.980 6.984 6.989 6.994 6.999 7.004 7.009 7.014 7.018 7.023 7.028 7.034 7.039 7.044 7.050 7.055 7.060 7.066 7.071 7.077 7.082 7.088 7.094 7.100 7.106 7.112 7.118 7.125 7.132 7.139 7.146 7.153 7.160 7.166 7.171 7.175 7.180 7.185 7.190 7.196 7.204 7.213 7.225 7.241 7.263 7.292 7.317 7.346 7.386 7.431
6.818 6.824 6.831 6.837 6.844 6.850 6.857 6.864 6.870 6.877 6.883 6.890 6.897 6.903 6.909 6.916 6.922 6.929 6.935 6.941 6.946 6.952 6.957 6.963 6.968 6.973 6.978 6.983 6.988 6.993 6.998 7.002 7.007 7.012 7.017 7.022 7.027 7.032 7.037 7.042 7.048 7.054 7.059 7.064 7.070 7.075 7.081 7.087 7.092 7.098 7.104 7.110 7.117 7.123 7.130 7.137 7.144 7.151 7.158 7.166 7.172 7.177 7.180 7.185 7.190 7.194 7.200 7.208 7.217 7.230 7.248 7.274 7.306 7.334 7.364 7.409 7.457
6.819 6.826 6.832 6.838 6.845 6.852 6.858 6.865 6.872 6.878 6.885 6.892 6.898 6.905 6.911 6.918 6.924 6.931 6.937 6.943 6.949 6.955 6.960 6.966 6.971 6.976 6.981 6.986 6.991 6.996 7.001 7.006 7.011 7.015 7.020 7.025 7.030 7.035 7.041 7.046 7.052 7.057 7.063 7.068 7.074 7.079 7.085 7.091 7.097 7.103 7.109 7.115 7.121 7.128 7.134 7.141 7.149 7.156 7.164 7.171 7.177 7.182 7.185 7.190 7.194 7.198 7.204 7.212 7.222 7.236 7.257 7.286 7.322 7.351 7.384 7.431 7.481
6.820 6.827 6.833 6.840 6.846 6.853 6.859 6.866 6.873 6.880 6.886 6.893 6.900 6.906 6.913 6.920 6.926 6.933 6.939 6.945 6.951 6.957 6.963 6.968 6.974 6.979 6.984 6.989 6.994 6.999 7.004 7.009 7.014 7.019 7.024 7.029 7.034 7.039 7.044 7.049 7.055 7.061 7.066 7.072 7.077 7.083 7.089 7.094 7.100 7.106 7.113 7.119 7.125 7.132 7.139 7.146 7.153 7.161 7.169 7.176 7.182 7.187 7.190 7.194 7.199 7.202 7.208 7.216 7.226 7.242 7.265 7.297 7.336 7.368 7.402 7.452 7.503
6.821 6.828 6.834 6.841 6.847 6.854 6.860 6.867 6.874 6.881 6.888 6.894 6.901 6.908 6.914 6.921 6.928 6.935 6.941 6.947 6.953 6.959 6.965 6.971 6.976 6.981 6.987 6.992 6.997 7.002 7.007 7.012 7.017 7.022 7.027 7.032 7.037 7.042 7.047 7.053 7.058 7.064 7.069 7.075 7.080 7.086 7.092 7.098 7.104 7.110 7.116 7.123 7.129 7.136 7.143 7.150 7.157 7.165 7.173 7.181 7.187 7.191 7.193 7.198 7.202 7.205 7.211 7.219 7.231 7.248 7.274 7.309 7.353 7.387 7.422 7.474 7.526
6.822 6.829 6.835 6.841 6.848 6.855 6.861 6.868 6.875 6.882 6.889 6.895 6.902 6.909 6.916 6.923 6.929 6.936 6.943 6.949 6.955 6.961 6.967 6.973 6.978 6.984 6.989 6.994 7.000 7.005 7.010 7.015 7.020 7.024 7.029 7.034 7.040 7.045 7.050 7.056 7.061 7.067 7.072 7.078 7.084 7.089 7.095 7.101 7.108 7.114 7.120 7.126 7.133 7.139 7.146 7.154 7.161 7.169 7.178 7.185 7.191 7.194 7.196 7.200 7.205 7.208 7.214 7.223 7.237 7.256 7.285 7.326 7.374 7.408 7.443 7.496 7.549
6.823 6.829 6.836 6.842 6.849 6.856 6.862 6.869 6.876 6.883 6.890 6.896 6.903 6.910 6.917 6.924 6.931 6.938 6.945 6.951 6.957 6.963 6.969 6.975 6.981 6.986 6.992 6.997 7.002 7.007 7.012 7.017 7.022 7.027 7.032 7.037 7.042 7.048 7.053 7.059 7.064 7.070 7.075 7.081 7.087 7.093 7.099 7.105 7.111 7.117 7.123 7.130 7.136 7.143 7.150 7.157 7.165 7.173 7.181 7.189 7.194 7.196 7.199 7.203 7.208 7.212 7.218 7.229 7.245 7.268 7.301 7.346 7.394 7.428 7.464 7.518 7.571
6.824 6.830 6.836 6.843 6.850 6.856 6.863 6.870 6.877 6.884 6.890 6.897 6.904 6.911 6.918 6.925 6.932 6.939 6.946 6.952 6.959 6.965 6.971 6.977 6.983 6.988 6.994 6.999 7.004 7.010 7.015 7.020 7.025 7.030 7.035 7.040 7.045 7.050 7.056 7.061 7.067 7.073 7.078 7.084 7.090 7.096 7.102 7.108 7.114 7.120 7.126 7.133 7.139 7.146 7.153 7.161 7.169 7.177 7.185 7.191 7.196 7.199 7.201 7.207 7.212 7.216 7.225 7.237 7.255 7.282 7.320 7.366 7.414 7.448 7.484 7.538 7.592
6.825 6.831 6.837 6.844 6.850 6.857 6.864 6.871 6.877 6.884 6.891 6.898 6.905 6.912 6.919 6.926 6.933 6.940 6.947 6.954 6.960 6.967 6.973 6.979 6.985 6.990 6.996 7.001 7.007 7.012 7.017 7.022 7.027 7.032 7.037 7.043 7.048 7.053 7.058 7.064 7.070 7.075 7.081 7.087 7.093 7.099 7.105 7.111 7.117 7.123 7.129 7.136 7.142 7.149 7.156 7.164 7.172 7.180 7.187 7.193 7.198 7.201 7.204 7.210 7.216 7.223 7.233 7.248 7.269 7.299 7.338 7.385 7.433 7.467 7.504 7.559 7.613
6.825 6.831 6.838 6.844 6.851 6.858 6.864 6.871 6.878 6.885 6.892 6.899 6.906 6.913 6.920 6.927 6.934 6.942 6.948 6.955 6.962 6.968 6.974 6.980 6.986 6.992 6.998 7.004 7.009 7.014 7.020 7.025 7.030 7.035 7.040 7.045 7.050 7.056 7.061 7.067 7.073 7.078 7.084 7.090 7.096 7.102 7.108 7.114 7.120 7.126 7.132 7.139 7.145 7.152 7.159 7.166 7.174 7.182 7.189 7.195 7.200 7.203 7.208 7.215 7.223 7.231 7.244 7.261 7.285 7.316 7.356 7.402 7.452 7.486 7.523 7.579 7.633
6.826 6.832 6.838 6.845 6.852 6.858 6.865 6.872 6.879 6.886 6.893 6.900 6.907 6.914 6.921 6.928 6.935 6.943 6.950 6.956 6.963 6.969 6.976 6.982 6.988 6.994 7.000 7.006 7.011 7.017 7.022 7.027 7.032 7.037 7.043 7.048 7.053 7.058 7.064 7.070 7.076 7.081 7.087 7.093 7.098 7.104 7.110 7.117 7.123 7.129 7.135 7.142 7.148 7.155 7.162 7.169 7.176 7.183 7.190 7.196 7.201 7.206 7.213 7.222 7.231 7.241 7.256 7.277 7.301 7.332 7.372 7.419 7.471 7.505 7.542 7.598 7.654
