version2/TsunamiDB/out54146.asc
ncols          264
nrows          230
xllcorner      497853.4375
yllcorner      4229146.0000
cellsize         5.
NODATA_value   -99
[rows 170 to 203 of 230, columns 77 to 153 of 264]
6.885 6.891 6.897 6.902 6.907 6.911 6.915 6.920 6.924 6.928 6.932 6.936 6.940 6.945 6.950 6.955 6.960 6.966 6.972 6.978 6.986 6.994 7.002 7.010 7.018 7.027 7.036 7.045 7.054 7.064 7.073 7.083 7.092 7.101 7.110 7.119 7.127 7.135 7.143 7.150 7.157 7.163 7.169 7.175 7.181 7.186 7.191 7.195 7.199 7.203 7.206 7.209 7.212 7.215 7.218 7.220 7.222 7.225 7.227 7.229 7.231 7.232 7.234 7.236 7.237 7.239 7.241 7.243 7.245 7.246 7.247 7.249 7.250 7.251 7.252 7.253 7.255
6.878 6.885 6.891 6.897 6.903 6.908 6.912 6.917 6.921 6.926 6.930 6.934 6.939 6.943 6.948 6.953 6.958 6.964 6.969 6.976 6.983 6.991 6.998 7.006 7.014 7.023 7.031 7.040 7.050 7.059 7.069 7.078 7.087 7.097 7.106 7.115 7.124 7.132 7.140 7.147 7.154 7.161 7.168 7.174 7.180 7.186 7.190 7.195 7.199 7.203 7.206 7.210 7.213 7.216 7.218 7.221 7.223 7.226 7.228 7.230 7.232 7.234 7.236 7.237 7.239 7.241 7.243 7.245 7.247 7.248 7.249 7.251 7.252 7.253 7.255 7.256 7.257
6.870 6.878 6.885 6.891 6.897 6.903 6.908 6.913 6.918 6.923 6.927 6.932 6.936 6.941 6.946 6.950 6.956 6.961 6.967 6.973 6.980 6.987 6.995 7.002 7.010 7.018 7.027 7.036 7.045 7.054 7.063 7.073 7.083 7.092 7.101 7.111 7.119 7.128 7.136 7.144 7.152 7.159 7.166 7.172 7.179 7.185 7.189 7.194 7.198 7.202 7.206 7.210 7.213 7.216 7.219 7.222 7.224 7.227 7.229 7.231 7.233 7.235 7.237 7.239 7.241 7.243 7.245 7.247 7.249 7.250 7.252 7.253 7.254 7.256 7.257 7.258 7.260
6.860 6.868 6.876 6.883 6.890 6.896 6.902 6.908 6.913 6.918 6.923 6.928 6.933 6.938 6.942 6.947 6.953 6.958 6.964 6.970 6.976 6.984 6.991 6.998 7.006 7.014 7.022 7.031 7.039 7.049 7.058 7.068 7.077 7.087 7.096 7.106 7.115 7.124 7.132 7.141 7.148 7.156 7.163 7.170 7.177 7.183 7.188 7.193 7.198 7.202 7.206 7.210 7.213 7.216 7.219 7.222 7.225 7.227 7.230 7.232 7.234 7.236 7.238 7.240 7.242 7.244 7.247 7.249 7.251 7.252 7.254 7.255 7.257 7.258 7.260 7.261 7.262
6.849 6.858 6.867 6.875 6.882 6.889 6.895 6.901 6.907 6.913 6.918 6.923 6.928 6.933 6.938 6.944 6.949 6.954 6.960 6.966 6.972 6.980 6.987 6.994 7.001 7.009 7.017 7.025 7.034 7.043 7.052 7.062 7.071 7.081 7.091 7.100 7.110 7.119 7.128 7.136 7.145 7.152 7.160 7.168 7.175 7.181 7.187 7.192 7.197 7.201 7.205 7.209 7.213 7.216 7.220 7.223 7.225 7.228 7.231 7.233 7.236 7.238 7.240 7.242 7.244 7.246 7.249 7.251 7.253 7.255 7.256 7.258 7.259 7.261 7.262 7.264 7.265
6.838 6.847 6.857 6.865 6.873 6.881 6.888 6.894 6.901 6.907 6.912 6.918 6.923 6.929 6.934 6.939 6.944 6.950 6.956 6.962 6.968 6.975 6.982 6.989 6.996 7.003 7.011 7.019 7.028 7.037 7.046 7.055 7.065 7.075 7.085 7.094 7.104 7.113 7.123 7.132 7.140 7.148 7.157 7.165 7.172 7.179 7.185 7.190 7.195 7.200 7.205 7.209 7.213 7.216 7.220 7.223 7.226 7.229 7.232 7.234 7.237 7.239 7.241 7.244 7.246 7.248 7.251 7.253 7.255 7.257 7.259 7.261 7.262 7.264 7.266 7.267 7.269
6.827 6.837 6.846 6.855 6.864 6.872 6.879 6.887 6.893 6.900 6.906 6.912 6.918 6.923 6.929 6.934 6.940 6.945 6.951 6.957 6.964 6.971 6.977 6.984 6.991 6.998 7.006 7.014 7.022 7.031 7.040 7.049 7.059 7.068 7.078 7.088 7.098 7.108 7.117 7.126 7.135 7.144 7.153 7.161 7.169 7.176 7.182 7.188 7.194 7.199 7.204 7.208 7.212 7.216 7.220 7.223 7.226 7.230 7.233 7.235 7.238 7.241 7.243 7.245 7.248 7.250 7.253 7.256 7.258 7.260 7.262 7.263 7.265 7.267 7.269 7.271 7.272
6.817 6.827 6.837 6.846 6.855 6.863 6.871 6.879 6.886 6.893 6.899 6.906 6.912 6.918 6.923 6.929 6.935 6.940 6.946 6.952 6.959 6.966 6.972 6.979 6.986 6.993 7.000 7.008 7.016 7.025 7.034 7.043 7.052 7.062 7.072 7.082 7.091 7.101 7.111 7.121 7.130 7.139 7.148 7.157 7.165 7.173 7.179 7.186 7.192 7.197 7.202 7.207 7.212 7.216 7.220 7.223 7.227 7.230 7.233 7.236 7.239 7.242 7.245 7.247 7.250 7.253 7.255 7.258 7.260 7.263 7.265 7.267 7.269 7.271 7.273 7.274 7.276
6.807 6.818 6.827 6.837 6.846 6.855 6.863 6.871 6.879 6.886 6.893 6.899 6.906 6.912 6.918 6.924 6.930 6.936 6.942 6.948 6.954 6.961 6.967 6.974 6.980 6.987 6.995 7.002 7.010 7.019 7.027 7.036 7.046 7.055 7.065 7.075 7.085 7.095 7.105 7.115 7.125 7.134 7.143 7.153 7.161 7.169 7.176 7.183 7.190 7.195 7.201 7.206 7.211 7.215 7.220 7.224 7.227 7.231 7.234 7.238 7.241 7.244 7.247 7.249 7.252 7.255 7.258 7.261 7.263 7.266 7.268 7.270 7.272 7.275 7.277 7.279 7.281
6.799 6.810 6.819 6.829 6.838 6.847 6.856 6.864 6.872 6.879 6.886 6.893 6.900 6.906 6.913 6.919 6.925 6.931 6.937 6.943 6.950 6.956 6.963 6.969 6.975 6.982 6.989 6.997 7.005 7.013 7.021 7.030 7.039 7.049 7.059 7.069 7.079 7.089 7.099 7.109 7.119 7.129 7.138 7.148 7.157 7.165 7.173 7.180 7.187 7.194 7.200 7.205 7.210 7.215 7.220 7.224 7.228 7.232 7.235 7.239 7.242 7.245 7.249 7.252 7.255 7.258 7.261 7.264 7.267 7.269 7.272 7.274 7.276 7.279 7.281 7.283 7.285
6.793 6.803 6.813 6.822 6.831 6.840 6.849 6.857 6.865 6.873 6.880 6.888 6.895 6.901 6.908 6.914 6.920 6.926 6.933 6.939 6.946 6.952 6.958 6.964 6.971 6.978 6.985 6.992 6.999 7.007 7.016 7.024 7.033 7.043 7.052 7.062 7.072 7.083 7.093 7.103 7.113 7.123 7.133 7.143 7.153 7.162 7.170 7.178 7.185 7.192 7.198 7.204 7.210 7.215 7.220 7.224 7.229 7.233 7.237 7.240 7.244 7.247 7.251 7.254 7.257 7.260 7.264 7.267 7.270 7.273 7.275 7.278 7.281 7.283 7.286 7.288 7.291
6.788 6.798 6.807 6.816 6.826 6.834 6.843 6.852 6.860 6.868 6.875 6.883 6.890 6.897 6.903 6.910 6.916 6.922 6.929 6.935 6.942 6.948 6.954 6.961 6.967 6.973 6.980 6.987 6.995 7.003 7.011 7.019 7.028 7.037 7.047 7.056 7.067 7.077 7.087 7.097 7.108 7.118 7.128 7.139 7.149 7.158 7.166 7.175 7.182 7.190 7.196 7.203 7.209 7.214 7.220 7.225 7.229 7.234 7.238 7.242 7.246 7.250 7.253 7.257 7.260 7.264 7.267 7.271 7.274 7.277 7.280 7.282 7.285 7.288 7.291 7.293 7.296
6.784 6.793 6.803 6.812 6.821 6.830 6.838 6.847 6.855 6.863 6.871 6.878 6.885 6.892 6.899 6.906 6.912 6.919 6.925 6.932 6.938 6.945 6.951 6.957 6.963 6.970 6.976 6.983 6.991 6.998 7.006 7.014 7.023 7.032 7.041 7.051 7.061 7.071 7.082 7.092 7.103 7.113 7.124 7.134 7.145 7.154 7.163 7.172 7.180 7.188 7.195 7.202 7.208 7.214 7.220 7.225 7.230 7.235 7.239 7.244 7.248 7.252 7.256 7.260 7.263 7.267 7.271 7.275 7.278 7.281 7.284 7.287 7.290 7.293 7.296 7.299 7.302
6.781 6.790 6.799 6.808 6.817 6.826 6.834 6.843 6.851 6.859 6.867 6.875 6.882 6.889 6.896 6.903 6.909 6.916 6.922 6.929 6.936 6.942 6.948 6.954 6.961 6.967 6.973 6.980 6.987 6.995 7.002 7.010 7.019 7.028 7.037 7.046 7.056 7.066 7.077 7.087 7.098 7.108 7.119 7.130 7.141 7.150 7.160 7.169 7.178 7.186 7.194 7.201 7.208 7.214 7.220 7.226 7.231 7.236 7.241 7.246 7.250 7.255 7.259 7.263 7.267 7.271 7.275 7.279 7.282 7.285 7.289 7.292 7.295 7.298 7.302 7.305 7.308
6.780 6.788 6.797 6.806 6.814 6.823 6.831 6.840 6.848 6.856 6.864 6.871 6.879 6.886 6.893 6.900 6.907 6.914 6.920 6.927 6.934 6.940 6.946 6.952 6.958 6.965 6.971 6.978 6.984 6.992 6.999 7.007 7.015 7.024 7.033 7.042 7.052 7.062 7.072 7.083 7.093 7.104 7.115 7.126 7.137 7.147 7.157 7.166 7.176 7.184 7.192 7.200 7.208 7.214 7.221 7.227 7.233 7.238 7.243 7.248 7.253 7.258 7.262 7.266 7.270 7.274 7.279 7.283 7.287 7.290 7.294 7.297 7.301 7.304 7.308 7.311 7.314
6.779 6.787 6.795 6.804 6.812 6.821 6.829 6.837 6.845 6.853 6.861 6.869 6.877 6.884 6.891 6.898 6.905 6.912 6.918 6.925 6.932 6.939 6.945 6.951 6.957 6.963 6.969 6.976 6.982 6.989 6.997 7.004 7.012 7.021 7.030 7.039 7.048 7.058 7.068 7.079 7.089 7.100 7.111 7.122 7.134 7.144 7.154 7.164 7.174 7.183 7.191 7.200 7.207 7.215 7.222 7.228 7.234 7.240 7.246 7.251 7.256 7.261 7.265 7.270 7.274 7.279 7.283 7.288 7.292 7.295 7.299 7.303 7.307 7.310 7.314 7.318 7.321
6.779 6.787 6.795 6.803 6.811 6.819 6.827 6.835 6.844 6.852 6.860 6.867 6.875 6.882 6.890 6.897 6.904 6.911 6.917 6.924 6.931 6.938 6.944 6.950 6.956 6.962 6.968 6.974 6.981 6.988 6.995 7.002 7.010 7.019 7.027 7.036 7.045 7.055 7.065 7.075 7.086 7.097 7.108 7.119 7.131 7.141 7.152 7.162 7.172 7.181 7.191 7.199 7.208 7.215 7.223 7.230 7.236 7.243 7.248 7.254 7.259 7.264 7.269 7.274 7.279 7.283 7.288 7.293 7.297 7.301 7.305 7.309 7.313 7.317 7.321 7.325 7.329
6.780 6.787 6.795 6.803 6.811 6.819 6.826 6.834 6.842 6.850 6.858 6.866 6.874 6.881 6.889 6.896 6.903 6.910 6.917 6.924 6.931 6.937 6.943 6.949 6.955 6.961 6.967 6.974 6.980 6.987 6.994 7.001 7.009 7.017 7.025 7.034 7.043 7.053 7.063 7.073 7.083 7.094 7.105 7.117 7.128 7.139 7.150 7.160 7.170 7.180 7.190 7.199 7.208 7.216 7.224 7.231 7.238 7.245 7.251 7.257 7.263 7.268 7.273 7.278 7.283 7.288 7.293 7.298 7.303 7.307 7.311 7.315 7.319 7.324 7.328 7.332 7.336
6.782 6.789 6.796 6.803 6.811 6.819 6.826 6.834 6.842 6.850 6.858 6.865 6.873 6.881 6.888 6.895 6.903 6.910 6.917 6.923 6.931 6.937 6.943 6.949 6.955 6.961 6.967 6.974 6.980 6.987 6.993 7.001 7.008 7.016 7.024 7.033 7.042 7.051 7.061 7.071 7.081 7.092 7.103 7.114 7.126 7.137 7.148 7.158 7.169 7.179 7.189 7.199 7.208 7.217 7.225 7.233 7.241 7.248 7.254 7.261 7.267 7.272 7.278 7.283 7.288 7.294 7.299 7.304 7.308 7.313 7.317 7.322 7.326 7.331 7.335 7.340 7.344
6.784 6.791 6.797 6.805 6.812 6.819 6.827 6.834 6.842 6.850 6.857 6.865 6.873 6.880 6.888 6.895 6.902 6.910 6.917 6.924 6.931 6.938 6.944 6.950 6.956 6.962 6.968 6.974 6.980 6.987 6.993 7.000 7.008 7.015 7.024 7.032 7.041 7.050 7.059 7.069 7.080 7.090 7.101 7.113 7.124 7.135 7.146 7.157 7.168 7.179 7.189 7.199 7.209 7.218 7.227 7.235 7.243 7.251 7.258 7.264 7.271 7.277 7.283 7.288 7.294 7.299 7.305 7.310 7.315 7.319 7.324 7.329 7.333 7.338 7.343 7.348 7.353
6.787 6.793 6.800 6.806 6.813 6.820 6.828 6.835 6.843 6.850 6.858 6.865 6.873 6.881 6.888 6.895 6.903 6.910 6.917 6.924 6.932 6.939 6.945 6.951 6.957 6.963 6.969 6.975 6.981 6.988 6.994 7.001 7.008 7.016 7.024 7.032 7.040 7.049 7.059 7.068 7.079 7.089 7.100 7.112 7.123 7.134 7.145 7.156 7.167 7.178 7.189 7.199 7.209 7.219 7.228 7.237 7.246 7.254 7.261 7.268 7.275 7.281 7.288 7.293 7.299 7.305 7.311 7.316 7.321 7.326 7.331 7.336 7.341 7.346 7.351 7.356 7.361
6.790 6.796 6.803 6.809 6.816 6.822 6.829 6.836 6.844 6.851 6.859 6.866 6.874 6.881 6.889 6.896 6.903 6.911 6.918 6.925 6.933 6.940 6.946 6.952 6.958 6.964 6.970 6.976 6.982 6.989 6.995 7.002 7.009 7.016 7.024 7.032 7.041 7.049 7.059 7.068 7.078 7.088 7.100 7.111 7.122 7.133 7.144 7.155 7.167 7.178 7.189 7.200 7.210 7.220 7.230 7.239 7.248 7.257 7.265 7.272 7.279 7.286 7.293 7.299 7.305 7.311 7.317 7.323 7.328 7.333 7.338 7.344 7.349 7.354 7.359 7.365 7.370
6.794 6.800 6.806 6.812 6.818 6.825 6.832 6.838 6.845 6.853 6.860 6.867 6.875 6.882 6.890 6.897 6.904 6.912 6.919 6.927 6.934 6.941 6.947 6.954 6.960 6.966 6.972 6.978 6.984 6.990 6.997 7.003 7.010 7.018 7.025 7.033 7.041 7.050 7.059 7.068 7.078 7.088 7.099 7.111 7.122 7.133 7.144 7.155 7.166 7.178 7.189 7.200 7.211 7.221 7.231 7.241 7.251 7.260 7.268 7.276 7.284 7.291 7.298 7.304 7.311 7.318 7.324 7.329 7.335 7.341 7.346 7.351 7.357 7.362 7.368 7.374 7.380
6.799 6.804 6.810 6.816 6.822 6.828 6.834 6.841 6.848 6.855 6.862 6.869 6.876 6.884 6.891 6.898 6.906 6.913 6.921 6.928 6.936 6.943 6.949 6.956 6.962 6.968 6.974 6.980 6.986 6.992 6.999 7.005 7.012 7.019 7.027 7.034 7.042 7.051 7.060 7.069 7.079 7.089 7.100 7.111 7.122 7.132 7.144 7.155 7.166 7.178 7.189 7.200 7.212 7.222 7.233 7.243 7.253 7.263 7.272 7.280 7.288 7.296 7.303 7.310 7.317 7.324 7.330 7.336 7.342 7.348 7.354 7.359 7.365 7.371 7.377 7.383 7.390
6.804 6.809 6.815 6.820 6.826 6.832 6.838 6.844 6.851 6.857 6.864 6.871 6.878 6.885 6.893 6.900 6.907 6.915 6.922 6.930 6.938 6.945 6.951 6.958 6.964 6.970 6.976 6.983 6.989 6.995 7.001 7.008 7.014 7.021 7.029 7.036 7.044 7.052 7.061 7.070 7.080 7.090 7.101 7.111 7.122 7.133 7.144 7.155 7.167 7.178 7.190 7.201 7.212 7.224 7.235 7.245 7.256 7.265 7.275 7.284 7.293 7.301 7.308 7.316 7.323 7.330 7.337 7.343 7.350 7.356 7.362 7.368 7.374 7.380 7.386 7.393 7.399
6.810 6.815 6.820 6.825 6.831 6.836 6.842 6.848 6.854 6.861 6.867 6.874 6.881 6.888 6.895 6.902 6.910 6.917 6.925 6.932 6.940 6.947 6.954 6.960 6.967 6.973 6.979 6.985 6.991 6.998 7.004 7.010 7.017 7.024 7.031 7.038 7.046 7.054 7.063 7.072 7.081 7.091 7.102 7.112 7.123 7.134 7.145 7.156 7.167 7.179 7.190 7.202 7.213 7.225 7.236 7.247 7.258 7.268 7.278 7.288 7.297 7.306 7.314 7.322 7.329 7.337 7.344 7.351 7.357 7.363 7.370 7.376 7.382 7.389 7.396 7.403 7.409
6.816 6.821 6.826 6.831 6.836 6.841 6.847 6.852 6.858 6.864 6.871 6.877 6.884 6.891 6.898 6.905 6.912 6.919 6.927 6.935 6.942 6.949 6.956 6.963 6.969 6.976 6.982 6.988 6.994 7.001 7.007 7.013 7.020 7.027 7.034 7.041 7.049 7.057 7.065 7.074 7.083 7.093 7.103 7.114 7.124 7.135 7.146 7.157 7.168 7.180 7.191 7.203 7.215 7.226 7.238 7.249 7.260 7.271 7.282 7.292 7.301 7.310 7.319 7.327 7.336 7.344 7.351 7.358 7.365 7.371 7.378 7.385 7.391 7.398 7.405 7.412 7.419
6.823 6.827 6.832 6.836 6.841 6.846 6.852 6.857 6.863 6.869 6.875 6.881 6.888 6.894 6.901 6.908 6.915 6.922 6.930 6.938 6.945 6.952 6.959 6.966 6.972 6.979 6.985 6.991 6.998 7.004 7.010 7.017 7.023 7.030 7.037 7.044 7.052 7.060 7.068 7.077 7.086 7.095 7.106 7.116 7.126 7.137 7.147 7.158 7.170 7.181 7.193 7.204 7.216 7.228 7.240 7.251 7.263 7.274 7.285 7.295 7.305 7.315 7.324 7.333 7.342 7.350 7.358 7.365 7.373 7.380 7.386 7.393 7.400 7.407 7.415 7.422 7.429
6.830 6.834 6.838 6.843 6.847 6.852 6.857 6.863 6.868 6.874 6.879 6.885 6.892 6.898 6.905 6.911 6.918 6.926 6.933 6.941 6.948 6.955 6.962 6.969 6.975 6.982 6.988 6.995 7.001 7.008 7.014 7.020 7.027 7.034 7.041 7.048 7.055 7.063 7.071 7.080 7.089 7.098 7.108 7.118 7.129 7.139 7.149 7.160 7.171 7.183 7.194 7.206 7.218 7.230 7.241 7.253 7.265 7.276 7.288 7.299 7.309 7.320 7.329 7.339 7.348 7.357 7.365 7.373 7.380 7.388 7.395 7.402 7.409 7.417 7.424 7.431 7.438
6.837 6.841 6.845 6.850 6.854 6.859 6.863 6.868 6.874 6.879 6.884 6.890 6.896 6.902 6.909 6.915 6.922 6.929 6.936 6.944 6.951 6.958 6.965 6.972 6.979 6.985 6.992 6.998 7.005 7.011 7.018 7.024 7.031 7.038 7.045 7.052 7.059 7.067 7.075 7.083 7.092 7.101 7.111 7.121 7.131 7.142 7.152 7.163 7.174 7.185 7.196 7.208 7.220 7.232 7.244 7.256 7.267 7.279 7.291 7.302 7.313 7.324 7.334 7.344 7.354 7.363 7.372 7.380 7.388 7.396 7.403 7.411 7.418 7.426 7.434 7.441 7.448
6.845 6.849 6.853 6.857 6.861 6.865 6.870 6.875 6.880 6.885 6.890 6.896 6.901 6.907 6.913 6.920 6.926 6.933 6.940 6.948 6.955 6.962 6.969 6.976 6.982 6.989 6.996 7.002 7.009 7.015 7.022 7.028 7.035 7.042 7.049 7.056 7.063 7.071 7.079 7.087 7.096 7.105 7.115 7.125 7.135 7.145 7.155 7.166 7.177 7.188 7.199 7.211 7.222 7.234 7.246 7.258 7.270 7.282 7.294 7.306 7.317 7.328 7.339 7.350 7.360 7.370 7.379 7.388 7.396 7.404 7.412 7.420 7.427 7.435 7.443 7.450 7.457
6.852 6.856 6.860 6.864 6.868 6.872 6.877 6.881 6.886 6.891 6.896 6.901 6.907 6.912 6.918 6.925 6.931 6.937 6.944 6.952 6.959 6.966 6.973 6.979 6.986 6.993 7.000 7.006 7.013 7.019 7.026 7.033 7.039 7.046 7.053 7.060 7.068 7.075 7.083 7.092 7.100 7.109 7.119 7.129 7.139 7.149 7.159 7.169 7.180 7.191 7.202 7.214 7.225 7.237 7.249 7.261 7.273 7.285 7.297 7.309 7.321 7.333 7.344 7.355 7.366 7.376 7.386 7.395 7.404 7.412 7.421 7.429 7.437 7.444 7.452 7.460 7.467
6.860 6.864 6.868 6.871 6.875 6.879 6.883 6.888 6.892 6.897 6.902 6.907 6.912 6.918 6.924 6.930 6.936 6.942 6.949 6.956 6.963 6.970 6.977 6.983 6.990 6.997 7.004 7.010 7.017 7.024 7.030 7.037 7.044 7.051 7.058 7.065 7.072 7.080 7.088 7.096 7.105 7.114 7.123 7.133 7.143 7.153 7.163 7.173 7.184 7.195 7.206 7.217 7.229 7.240 7.252 7.264 7.276 7.289 7.301 7.313 7.325 7.337 7.349 7.360 7.372 7.383 7.393 7.403 7.412 7.421 7.429 7.437 7.445 7.453 7.461 7.469 7.477
6.868 6.872 6.875 6.879 6.883 6.886 6.891 6.895 6.899 6.904 6.908 6.913 6.918 6.924 6.929 6.935 6.941 6.947 6.954 6.961 6.967 6.974 6.981 6.987 6.994 7.001 7.008 7.014 7.021 7.028 7.035 7.041 7.048 7.055 7.062 7.070 7.077 7.085 7.093 7.101 7.110 7.119 7.128 7.138 7.147 7.157 7.167 7.178 7.188 7.199 7.210 7.221 7.232 7.244 7.256 7.268 7.280 7.292 7.305 7.317 7.329 7.342 7.354 7.366 7.377 7.389 7.400 7.410 7.420 7.429 7.437 7.446 7.454 7.462 7.471 7.479 7.487
