version2/TsunamiDB/out54033.asc
ncols          264
nrows          230
xllcorner      497853.4375
yllcorner      4229146.0000
cellsize         5.
NODATA_value   -99
[rows 192 to 223 of 230, columns 72 to 143 of 264]
-99.000 -99.000 -99.000 -99.000 -99.000 -99.000 -99.000 1.647 1.651 1.693 1.829 2.060 2.357 2.683 3.006 3.299 3.548 3.750 3.911 4.038 4.139 4.223 4.295 4.358 4.416 4.469 4.518 4.568 4.615 4.662 4.707 4.752 4.796 4.840 4.884 4.927 4.971 5.014 5.056 5.099 5.141 5.183 5.225 5.267 5.308 5.349 5.389 5.428 5.465 5.501 5.536 5.569 5.599 5.627 5.652 5.674 5.694 5.712 5.730 5.749 5.770 5.794 5.822 5.854 5.889 5.927 5.967 6.010 6.054 6.099 6.145 6.190
-99.000 -99.000 -99.000 -99.000 -99.000 -99.000 -99.000 1.647 1.659 1.734 1.911 2.173 2.488 2.819 3.135 3.414 3.646 3.831 3.978 4.094 4.188 4.266 4.334 4.394 4.449 4.500 4.548 4.595 4.641 4.685 4.729 4.773 4.816 4.858 4.900 4.942 4.984 5.026 5.067 5.109 5.150 5.192 5.233 5.275 5.316 5.356 5.397 5.437 5.475 5.512 5.548 5.583 5.615 5.644 5.670 5.693 5.713 5.730 5.745 5.760 5.776 5.795 5.817 5.843 5.872 5.906 5.943 5.983 6.025 6.070 6.115 6.161
-99.000 -99.000 -99.000 -99.000 -99.000 -99.000 1.647 1.649 1.678 1.792 2.006 2.295 2.623 2.954 3.259 3.522 3.736 3.906 4.041 4.147 4.235 4.308 4.372 4.430 4.483 4.531 4.578 4.623 4.667 4.710 4.753 4.794 4.835 4.876 4.917 4.957 4.998 5.038 5.078 5.119 5.159 5.200 5.241 5.282 5.323 5.364 5.405 5.445 5.484 5.522 5.560 5.596 5.630 5.661 5.688 5.712 5.733 5.749 5.763 5.776 5.788 5.801 5.818 5.837 5.862 5.890 5.923 5.960 6.000 6.043 6.088 6.134
-99.000 -99.000 -99.000 -99.000 -99.000 -99.000 1.647 1.654 1.710 1.866 2.113 2.423 2.759 3.085 3.377 3.622 3.820 3.976 4.099 4.198 4.280 4.349 4.410 4.466 4.517 4.564 4.609 4.653 4.695 4.736 4.777 4.817 4.856 4.896 4.935 4.973 5.012 5.051 5.090 5.129 5.169 5.209 5.249 5.289 5.330 5.371 5.412 5.453 5.492 5.531 5.570 5.608 5.643 5.676 5.705 5.731 5.753 5.770 5.784 5.795 5.804 5.813 5.825 5.839 5.858 5.881 5.910 5.943 5.980 6.022 6.066 6.111
-99.000 -99.000 -99.000 -99.000 -99.000 -99.000 1.648 1.666 1.759 1.953 2.229 2.556 2.895 3.212 3.488 3.716 3.897 4.040 4.154 4.246 4.323 4.389 4.448 4.502 4.551 4.596 4.640 4.683 4.724 4.764 4.803 4.841 4.879 4.916 4.953 4.991 5.028 5.065 5.103 5.140 5.179 5.217 5.257 5.296 5.337 5.378 5.419 5.460 5.500 5.540 5.580 5.619 5.655 5.690 5.721 5.748 5.772 5.790 5.805 5.815 5.823 5.830 5.838 5.848 5.862 5.880 5.904 5.933 5.968 6.007 6.049 6.094
-99.000 -99.000 -99.000 -99.000 -99.000 1.647 1.650 1.691 1.823 2.053 2.354 2.692 3.027 3.332 3.591 3.801 3.968 4.099 4.205 4.291 4.364 4.428 4.485 4.537 4.586 4.630 4.672 4.714 4.753 4.792 4.830 4.866 4.903 4.938 4.974 5.009 5.045 5.080 5.116 5.153 5.189 5.227 5.265 5.304 5.344 5.384 5.425 5.467 5.507 5.548 5.589 5.628 5.666 5.702 5.735 5.764 5.789 5.810 5.826 5.837 5.845 5.851 5.856 5.863 5.873 5.887 5.907 5.932 5.963 5.999 6.039 6.082
-99.000 -99.000 -99.000 -99.000 -99.000 1.647 1.658 1.730 1.903 2.164 2.485 2.828 3.156 3.445 3.686 3.880 4.033 4.154 4.253 4.334 4.405 4.466 4.522 4.573 4.620 4.664 4.705 4.746 4.784 4.822 4.858 4.893 4.928 4.962 4.996 5.030 5.064 5.097 5.131 5.166 5.201 5.237 5.274 5.312 5.351 5.391 5.432 5.473 5.514 5.555 5.596 5.637 5.676 5.713 5.747 5.778 5.805 5.828 5.846 5.859 5.868 5.874 5.879 5.884 5.891 5.902 5.918 5.939 5.966 5.999 6.037 6.078
-99.000 -99.000 -99.000 -99.000 1.647 1.649 1.675 1.786 1.996 2.284 2.620 2.962 3.278 3.550 3.774 3.951 4.092 4.205 4.297 4.375 4.443 4.503 4.558 4.608 4.655 4.698 4.738 4.778 4.816 4.852 4.888 4.922 4.955 4.988 5.020 5.052 5.084 5.116 5.148 5.181 5.215 5.249 5.285 5.321 5.359 5.398 5.439 5.480 5.520 5.561 5.603 5.644 5.684 5.722 5.758 5.791 5.819 5.844 5.864 5.879 5.890 5.898 5.904 5.909 5.915 5.924 5.937 5.954 5.978 6.007 6.042 6.080
-99.000 -99.000 -99.000 -99.000 1.647 1.653 1.706 1.857 2.102 2.413 2.757 3.092 3.394 3.648 3.853 4.016 4.146 4.252 4.339 4.414 4.480 4.539 4.593 4.643 4.689 4.731 4.772 4.811 4.848 4.884 4.919 4.952 4.984 5.016 5.047 5.077 5.107 5.137 5.168 5.198 5.230 5.263 5.296 5.331 5.368 5.406 5.445 5.486 5.526 5.567 5.609 5.650 5.691 5.730 5.767 5.801 5.832 5.858 5.881 5.898 5.912 5.922 5.930 5.936 5.942 5.950 5.962 5.977 5.997 6.023 6.054 6.090
-99.000 -99.000 -99.000 -99.000 1.648 1.664 1.753 1.943 2.217 2.546 2.892 3.217 3.501 3.736 3.925 4.076 4.196 4.295 4.378 4.450 4.515 4.573 4.627 4.676 4.722 4.765 4.805 4.844 4.881 4.916 4.950 4.983 5.014 5.045 5.075 5.104 5.132 5.161 5.189 5.218 5.248 5.278 5.310 5.343 5.378 5.415 5.453 5.493 5.532 5.573 5.615 5.656 5.697 5.737 5.775 5.810 5.842 5.871 5.895 5.916 5.932 5.945 5.956 5.964 5.972 5.981 5.992 6.006 6.023 6.046 6.074 6.106
-99.000 -99.000 -99.000 1.647 1.650 1.687 1.816 2.042 2.341 2.682 3.024 3.335 3.601 3.818 3.991 4.129 4.241 4.335 4.415 4.485 4.548 4.606 4.659 4.709 4.755 4.797 4.838 4.877 4.914 4.949 4.983 5.015 5.046 5.076 5.105 5.133 5.160 5.187 5.214 5.241 5.268 5.296 5.326 5.357 5.390 5.425 5.462 5.500 5.539 5.579 5.620 5.662 5.703 5.743 5.781 5.818 5.851 5.882 5.909 5.932 5.951 5.967 5.981 5.993 6.003 6.014 6.026 6.039 6.055 6.076 6.101 6.130
-99.000 -99.000 -99.000 1.647 1.657 1.725 1.894 2.153 2.472 2.819 3.151 3.445 3.692 3.891 4.050 4.178 4.283 4.372 4.448 4.517 4.579 4.637 4.690 4.740 4.786 4.829 4.870 4.909 4.946 4.981 5.015 5.047 5.078 5.108 5.136 5.163 5.190 5.215 5.240 5.266 5.291 5.317 5.345 5.374 5.405 5.438 5.473 5.509 5.547 5.586 5.626 5.668 5.708 5.749 5.788 5.825 5.860 5.892 5.921 5.947 5.969 5.989 6.006 6.021 6.035 6.048 6.062 6.076 6.092 6.111 6.134 6.160
-99.000 -99.000 -99.000 1.648 1.673 1.779 1.987 2.272 2.608 2.952 3.272 3.548 3.775 3.958 4.104 4.223 4.321 4.406 4.480 4.547 4.609 4.666 4.719 4.769 4.816 4.859 4.900 4.940 4.978 5.013 5.047 5.080 5.111 5.140 5.168 5.195 5.221 5.246 5.270 5.294 5.317 5.342 5.367 5.393 5.422 5.452 5.485 5.520 5.556 5.594 5.634 5.674 5.715 5.755 5.794 5.832 5.868 5.902 5.933 5.961 5.986 6.009 6.030 6.049 6.066 6.083 6.099 6.115 6.132 6.150 6.172 6.197
-99.000 -99.000 1.647 1.652 1.703 1.850 2.091 2.400 2.744 3.082 3.385 3.642 3.852 4.019 4.154 4.264 4.357 4.438 4.510 4.576 4.637 4.694 4.747 4.797 4.844 4.888 4.930 4.970 5.008 5.044 5.079 5.112 5.143 5.173 5.201 5.228 5.253 5.278 5.301 5.324 5.346 5.369 5.392 5.416 5.442 5.470 5.501 5.533 5.567 5.603 5.642 5.681 5.722 5.762 5.801 5.840 5.876 5.911 5.944 5.975 6.003 6.029 6.053 6.076 6.097 6.117 6.136 6.155 6.173 6.193 6.214 6.237
-99.000 -99.000 1.648 1.663 1.748 1.935 2.206 2.534 2.879 3.206 3.492 3.730 3.921 4.075 4.199 4.302 4.390 4.468 4.538 4.603 4.663 4.719 4.773 4.823 4.871 4.915 4.958 4.998 5.037 5.074 5.109 5.143 5.174 5.205 5.234 5.261 5.287 5.311 5.334 5.357 5.378 5.399 5.420 5.443 5.466 5.491 5.519 5.549 5.581 5.615 5.652 5.690 5.729 5.769 5.809 5.847 5.885 5.921 5.955 5.988 6.019 6.048 6.076 6.102 6.127 6.151 6.173 6.195 6.215 6.236 6.258 6.281
-99.000 1.648 1.650 1.685 1.810 2.033 2.330 2.670 3.011 3.324 3.591 3.810 3.985 4.126 4.241 4.337 4.421 4.496 4.565 4.628 4.688 4.744 4.797 4.847 4.896 4.940 4.983 5.025 5.064 5.102 5.138 5.172 5.205 5.236 5.266 5.294 5.320 5.345 5.369 5.391 5.412 5.432 5.452 5.472 5.493 5.516 5.541 5.568 5.597 5.629 5.664 5.700 5.739 5.777 5.817 5.855 5.894 5.931 5.967 6.001 6.035 6.067 6.098 6.128 6.157 6.184 6.209 6.234 6.257 6.281 6.303 6.327
-99.000 1.648 1.656 1.721 1.887 2.142 2.461 2.806 3.139 3.434 3.682 3.883 4.044 4.173 4.280 4.371 4.451 4.523 4.590 4.652 4.711 4.767 4.820 4.870 4.919 4.964 5.007 5.050 5.090 5.128 5.165 5.200 5.234 5.266 5.296 5.325 5.353 5.379 5.403 5.426 5.447 5.467 5.486 5.505 5.524 5.544 5.566 5.590 5.616 5.645 5.678 5.712 5.749 5.787 5.825 5.864 5.903 5.941 5.978 6.015 6.050 6.085 6.120 6.153 6.185 6.215 6.245 6.272 6.299 6.324 6.349 6.374
-99.000 1.648 1.671 1.774 1.978 2.262 2.596 2.941 3.261 3.538 3.767 3.951 4.098 4.217 4.317 4.403 4.479 4.549 4.614 4.675 4.733 4.789 4.842 4.892 4.940 4.986 5.030 5.072 5.113 5.152 5.190 5.226 5.261 5.294 5.326 5.356 5.384 5.412 5.437 5.461 5.483 5.503 5.522 5.540 5.558 5.576 5.595 5.615 5.638 5.664 5.694 5.726 5.761 5.797 5.835 5.873 5.912 5.950 5.989 6.027 6.066 6.103 6.140 6.177 6.212 6.246 6.279 6.309 6.339 6.367 6.394 6.420
1.648 1.652 1.699 1.843 2.082 2.389 2.733 3.072 3.377 3.635 3.845 4.013 4.148 4.258 4.351 4.433 4.506 4.574 4.638 4.698 4.755 4.810 4.862 4.912 4.960 5.006 5.050 5.093 5.135 5.175 5.213 5.250 5.286 5.320 5.353 5.384 5.414 5.443 5.470 5.495 5.518 5.540 5.559 5.577 5.594 5.610 5.627 5.644 5.663 5.686 5.713 5.742 5.774 5.809 5.845 5.883 5.921 5.960 6.000 6.040 6.080 6.120 6.160 6.200 6.238 6.276 6.311 6.345 6.377 6.408 6.437 6.465
1.648 1.662 1.743 1.927 2.196 2.523 2.870 3.198 3.486 3.725 3.917 4.071 4.194 4.297 4.385 4.462 4.533 4.599 4.661 4.719 4.776 4.830 4.882 4.932 4.979 5.024 5.070 5.113 5.154 5.195 5.234 5.272 5.308 5.343 5.378 5.411 5.442 5.473 5.501 5.528 5.553 5.576 5.597 5.615 5.632 5.647 5.662 5.676 5.692 5.712 5.734 5.760 5.789 5.822 5.856 5.893 5.931 5.970 6.011 6.052 6.094 6.137 6.180 6.222 6.264 6.304 6.343 6.379 6.414 6.448 6.479 6.509
1.650 1.682 1.803 2.024 2.319 2.660 3.004 3.319 3.588 3.808 3.984 4.124 4.238 4.334 4.417 4.491 4.559 4.623 4.683 4.741 4.796 4.850 4.901 4.950 4.997 5.043 5.087 5.131 5.173 5.213 5.253 5.291 5.329 5.365 5.400 5.435 5.468 5.500 5.530 5.559 5.586 5.611 5.634 5.654 5.671 5.686 5.700 5.712 5.725 5.740 5.759 5.781 5.807 5.836 5.869 5.904 5.941 5.980 6.021 6.064 6.108 6.153 6.198 6.243 6.287 6.331 6.373 6.412 6.450 6.486 6.519 6.551
1.656 1.717 1.879 2.133 2.450 2.798 3.135 3.433 3.684 3.885 4.046 4.175 4.280 4.369 4.448 4.519 4.584 4.646 4.705 4.762 4.816 4.869 4.919 4.968 5.015 5.060 5.104 5.147 5.189 5.230 5.270 5.309 5.347 5.384 5.421 5.456 5.491 5.525 5.557 5.588 5.617 5.644 5.669 5.691 5.709 5.725 5.738 5.749 5.760 5.772 5.787 5.805 5.827 5.853 5.882 5.916 5.952 5.991 6.032 6.076 6.121 6.168 6.215 6.263 6.310 6.356 6.401 6.444 6.484 6.522 6.557 6.590
1.670 1.769 1.970 2.251 2.586 2.935 3.260 3.541 3.772 3.956 4.103 4.222 4.320 4.404 4.478 4.547 4.610 4.670 4.728 4.783 4.836 4.888 4.938 4.986 5.032 5.077 5.121 5.164 5.205 5.246 5.286 5.325 5.364 5.402 5.439 5.476 5.512 5.547 5.582 5.615 5.646 5.675 5.702 5.726 5.747 5.764 5.778 5.788 5.797 5.807 5.818 5.832 5.850 5.872 5.898 5.929 5.964 6.002 6.043 6.087 6.134 6.182 6.231 6.282 6.331 6.380 6.428 6.473 6.516 6.556 6.593 6.628
1.697 1.836 2.072 2.378 2.725 3.068 3.378 3.640 3.853 4.022 4.156 4.266 4.358 4.437 4.509 4.574 4.636 4.694 4.750 4.804 4.857 4.907 4.956 5.004 5.049 5.093 5.137 5.179 5.220 5.261 5.301 5.340 5.379 5.417 5.456 5.493 5.531 5.567 5.603 5.638 5.672 5.703 5.733 5.759 5.782 5.801 5.816 5.827 5.835 5.843 5.852 5.862 5.876 5.894 5.917 5.945 5.977 6.014 6.055 6.099 6.146 6.196 6.247 6.299 6.352 6.403 6.453 6.502 6.547 6.590 6.629 6.665
1.739 1.919 2.185 2.512 2.863 3.197 3.489 3.732 3.927 4.082 4.206 4.308 4.394 4.470 4.539 4.602 4.661 4.718 4.773 4.826 4.877 4.927 4.975 5.021 5.066 5.109 5.152 5.194 5.235 5.276 5.315 5.354 5.393 5.432 5.471 5.509 5.547 5.585 5.623 5.659 5.695 5.729 5.760 5.789 5.814 5.836 5.853 5.865 5.874 5.881 5.887 5.895 5.905 5.919 5.939 5.963 5.993 6.028 6.068 6.112 6.159 6.209 6.262 6.316 6.371 6.425 6.478 6.529 6.577 6.622 6.663 6.701
1.798 2.015 2.308 2.650 2.999 3.318 3.592 3.816 3.995 4.137 4.252 4.347 4.429 4.502 4.568 4.630 4.688 4.743 4.796 4.848 4.898 4.946 4.994 5.039 5.083 5.126 5.168 5.210 5.250 5.290 5.329 5.368 5.407 5.445 5.484 5.523 5.562 5.601 5.640 5.678 5.715 5.751 5.785 5.816 5.843 5.867 5.887 5.901 5.911 5.918 5.924 5.929 5.937 5.948 5.964 5.985 6.012 6.045 6.083 6.126 6.173 6.223 6.277 6.332 6.389 6.445 6.500 6.554 6.605 6.652 6.696 6.736
1.873 2.123 2.439 2.789 3.129 3.433 3.687 3.893 4.057 4.188 4.295 4.385 4.463 4.533 4.597 4.657 4.714 4.768 4.820 4.870 4.919 4.967 5.013 5.058 5.101 5.143 5.184 5.225 5.265 5.304 5.343 5.381 5.420 5.458 5.497 5.536 5.576 5.615 5.655 5.694 5.733 5.770 5.806 5.839 5.869 5.895 5.917 5.933 5.945 5.954 5.960 5.965 5.971 5.980 5.993 6.011 6.035 6.065 6.100 6.142 6.188 6.238 6.292 6.348 6.406 6.464 6.522 6.578 6.632 6.682 6.728 6.770
1.962 2.240 2.575 2.926 3.254 3.539 3.774 3.962 4.113 4.234 4.335 4.420 4.496 4.564 4.626 4.685 4.740 4.793 4.844 4.893 4.941 4.988 5.033 5.077 5.119 5.160 5.201 5.241 5.280 5.318 5.357 5.394 5.432 5.470 5.509 5.548 5.588 5.628 5.668 5.708 5.747 5.786 5.823 5.858 5.890 5.919 5.943 5.962 5.976 5.987 5.995 6.000 6.006 6.014 6.024 6.040 6.061 6.088 6.121 6.160 6.205 6.254 6.307 6.364 6.423 6.483 6.542 6.601 6.658 6.712 6.761 6.808
2.064 2.367 2.713 3.058 3.371 3.636 3.853 4.026 4.164 4.277 4.372 4.454 4.527 4.593 4.654 4.712 4.766 4.819 4.869 4.917 4.964 5.009 5.054 5.097 5.138 5.178 5.218 5.257 5.296 5.333 5.371 5.408 5.445 5.483 5.521 5.559 5.599 5.639 5.679 5.719 5.760 5.799 5.838 5.874 5.908 5.939 5.965 5.987 6.004 6.017 6.027 6.034 6.041 6.049 6.059 6.073 6.091 6.116 6.146 6.182 6.224 6.272 6.324 6.380 6.440 6.501 6.563 6.624 6.684 6.741 6.795 6.847
2.177 2.500 2.851 3.185 3.480 3.726 3.924 4.083 4.211 4.317 4.406 4.485 4.556 4.621 4.682 4.739 4.793 4.844 4.893 4.941 4.987 5.032 5.075 5.117 5.158 5.197 5.236 5.275 5.312 5.349 5.385 5.422 5.458 5.495 5.532 5.570 5.609 5.648 5.688 5.729 5.770 5.810 5.849 5.887 5.922 5.954 5.983 6.007 6.027 6.043 6.056 6.066 6.075 6.084 6.094 6.108 6.125 6.147 6.174 6.208 6.247 6.292 6.342 6.398 6.457 6.519 6.583 6.647 6.710 6.772 6.831 6.888
2.299 2.638 2.985 3.306 3.581 3.808 3.989 4.135 4.254 4.353 4.439 4.515 4.584 4.648 4.708 4.764 4.818 4.869 4.918 4.965 5.011 5.055 5.097 5.139 5.178 5.217 5.256 5.293 5.330 5.366 5.401 5.437 5.472 5.508 5.544 5.581 5.619 5.657 5.697 5.737 5.778 5.818 5.858 5.896 5.932 5.966 5.997 6.023 6.045 6.065 6.081 6.094 6.106 6.118 6.130 6.144 6.161 6.181 6.206 6.237 6.273 6.315 6.363 6.417 6.476 6.539 6.604 6.670 6.737 6.804 6.868 6.929
2.429 2.776 3.115 3.418 3.674 3.882 4.049 4.183 4.293 4.387 4.469 4.543 4.611 4.674 4.733 4.789 4.843 4.894 4.942 4.989 5.034 5.078 5.120 5.161 5.200 5.238 5.276 5.313 5.348 5.384 5.418 5.453 5.487 5.521 5.556 5.592 5.629 5.666 5.705 5.744 5.784 5.824 5.864 5.903 5.940 5.975 6.007 6.035 6.060 6.083 6.102 6.119 6.135 6.150 6.165 6.180 6.198 6.218 6.241 6.269 6.303 6.342 6.386 6.438 6.496 6.559 6.626 6.694 6.765 6.836 6.904 6.971
