version2/TsunamiDB/out54041.asc
ncols          264
nrows          230
xllcorner      497853.4375
yllcorner      4229146.0000
cellsize         5.
NODATA_value   -99
[rows 64 to 95 of 230, columns 146 to 218 of 264]
4.684 4.720 4.756 4.793 4.829 4.864 4.899 4.936 4.973 5.010 5.047 5.085 5.123 5.161 5.199 5.238 5.277 5.316 5.355 5.395 5.434 5.473 5.512 5.550 5.588 5.624 5.659 5.692 5.722 5.753 5.783 5.812 5.840 5.868 5.896 5.924 5.953 5.983 6.014 6.046 6.078 6.111 6.144 6.178 6.211 6.244 6.276 6.308 6.339 6.368 6.396 6.422 6.447 6.472 6.496 6.520 6.543 6.566 6.589 6.612 6.636 6.661 6.688 6.716 6.745 6.777 6.809 6.843 6.878 6.914 6.949 6.984 7.018
4.700 4.735 4.770 4.805 4.840 4.874 4.909 4.944 4.979 5.015 5.051 5.087 5.123 5.160 5.197 5.234 5.272 5.310 5.348 5.387 5.425 5.464 5.502 5.540 5.578 5.615 5.650 5.684 5.716 5.748 5.779 5.808 5.837 5.865 5.893 5.921 5.950 5.979 6.009 6.041 6.073 6.106 6.139 6.173 6.207 6.240 6.274 6.306 6.338 6.369 6.398 6.425 6.452 6.479 6.504 6.530 6.554 6.579 6.603 6.628 6.653 6.679 6.706 6.734 6.764 6.796 6.829 6.864 6.899 6.936 6.972 7.008 7.044
4.717 4.751 4.785 4.819 4.853 4.885 4.919 4.953 4.987 5.021 5.056 5.090 5.125 5.160 5.196 5.232 5.268 5.304 5.341 5.379 5.416 5.454 5.492 5.530 5.567 5.604 5.640 5.674 5.707 5.740 5.772 5.802 5.832 5.860 5.889 5.917 5.945 5.974 6.003 6.034 6.066 6.098 6.131 6.165 6.199 6.234 6.268 6.301 6.334 6.366 6.396 6.425 6.454 6.482 6.509 6.536 6.562 6.588 6.614 6.640 6.666 6.693 6.721 6.750 6.781 6.813 6.846 6.882 6.918 6.955 6.993 7.030 7.067
4.734 4.768 4.801 4.834 4.866 4.898 4.930 4.963 4.996 5.029 5.062 5.095 5.128 5.162 5.196 5.230 5.264 5.300 5.335 5.371 5.407 5.444 5.481 5.518 5.555 5.592 5.628 5.663 5.696 5.730 5.763 5.794 5.824 5.854 5.882 5.910 5.938 5.967 5.996 6.026 6.057 6.089 6.121 6.155 6.189 6.224 6.258 6.292 6.326 6.359 6.391 6.421 6.452 6.481 6.510 6.539 6.567 6.594 6.622 6.649 6.676 6.704 6.733 6.763 6.794 6.827 6.861 6.897 6.934 6.972 7.011 7.050 7.088
4.753 4.785 4.818 4.850 4.881 4.912 4.943 4.975 5.007 5.038 5.070 5.101 5.133 5.165 5.197 5.229 5.262 5.296 5.330 5.364 5.399 5.435 5.470 5.506 5.543 5.579 5.615 5.650 5.684 5.718 5.751 5.783 5.814 5.844 5.873 5.902 5.930 5.958 5.987 6.016 6.046 6.077 6.109 6.142 6.176 6.211 6.246 6.280 6.315 6.349 6.382 6.414 6.446 6.477 6.508 6.538 6.568 6.597 6.626 6.655 6.683 6.712 6.742 6.773 6.805 6.838 6.873 6.910 6.948 6.987 7.027 7.067 7.106
4.772 4.804 4.835 4.867 4.897 4.927 4.958 4.988 5.019 5.049 5.079 5.109 5.139 5.169 5.200 5.231 5.262 5.294 5.326 5.359 5.392 5.426 5.460 5.495 5.530 5.566 5.601 5.635 5.669 5.703 5.737 5.770 5.802 5.832 5.862 5.891 5.919 5.947 5.975 6.004 6.033 6.063 6.094 6.127 6.160 6.194 6.229 6.264 6.300 6.335 6.369 6.402 6.436 6.469 6.501 6.533 6.565 6.596 6.626 6.657 6.687 6.717 6.748 6.780 6.812 6.846 6.882 6.919 6.958 6.998 7.039 7.080 7.121
4.791 4.823 4.854 4.885 4.914 4.944 4.973 5.003 5.032 5.061 5.090 5.119 5.147 5.176 5.205 5.234 5.263 5.293 5.324 5.355 5.386 5.418 5.451 5.484 5.518 5.552 5.587 5.621 5.654 5.688 5.722 5.755 5.787 5.818 5.849 5.878 5.907 5.935 5.962 5.990 6.018 6.047 6.078 6.109 6.141 6.175 6.209 6.245 6.280 6.316 6.352 6.386 6.421 6.456 6.490 6.524 6.558 6.591 6.623 6.655 6.687 6.718 6.750 6.783 6.817 6.851 6.888 6.926 6.965 7.006 7.048 7.090 7.132
4.811 4.842 4.873 4.903 4.932 4.961 4.990 5.019 5.047 5.075 5.103 5.130 5.158 5.185 5.212 5.240 5.267 5.295 5.324 5.353 5.382 5.413 5.443 5.475 5.507 5.540 5.573 5.606 5.638 5.672 5.705 5.738 5.770 5.802 5.832 5.862 5.891 5.919 5.947 5.974 6.002 6.030 6.058 6.088 6.120 6.152 6.186 6.221 6.257 6.293 6.329 6.365 6.402 6.438 6.474 6.510 6.546 6.581 6.615 6.649 6.682 6.715 6.749 6.782 6.817 6.852 6.889 6.928 6.968 7.010 7.053 7.096 7.139
4.832 4.863 4.893 4.923 4.952 4.980 5.008 5.036 5.064 5.091 5.118 5.144 5.170 5.196 5.222 5.248 5.274 5.300 5.327 5.354 5.381 5.409 5.438 5.468 5.498 5.529 5.561 5.592 5.623 5.656 5.688 5.720 5.752 5.784 5.815 5.845 5.874 5.902 5.929 5.956 5.983 6.010 6.037 6.066 6.095 6.126 6.159 6.193 6.228 6.265 6.301 6.338 6.376 6.414 6.452 6.490 6.528 6.565 6.601 6.637 6.672 6.707 6.741 6.776 6.812 6.848 6.886 6.925 6.966 7.008 7.052 7.097 7.141
4.852 4.883 4.913 4.943 4.971 4.999 5.027 5.055 5.081 5.108 5.134 5.159 5.184 5.209 5.234 5.258 5.283 5.307 5.332 5.357 5.383 5.409 5.436 5.463 5.491 5.520 5.550 5.580 5.609 5.640 5.672 5.703 5.735 5.766 5.796 5.826 5.855 5.883 5.910 5.936 5.962 5.988 6.014 6.041 6.069 6.098 6.129 6.161 6.196 6.231 6.268 6.305 6.344 6.384 6.423 6.463 6.502 6.541 6.580 6.617 6.654 6.691 6.727 6.763 6.800 6.837 6.876 6.916 6.957 7.001 7.046 7.092 7.137
4.873 4.904 4.934 4.964 4.991 5.019 5.046 5.073 5.100 5.126 5.151 5.176 5.201 5.225 5.248 5.272 5.295 5.318 5.341 5.364 5.388 5.412 5.436 5.462 5.488 5.514 5.542 5.570 5.598 5.627 5.657 5.687 5.718 5.748 5.778 5.807 5.835 5.863 5.890 5.916 5.941 5.966 5.990 6.015 6.041 6.068 6.097 6.127 6.160 6.194 6.230 6.267 6.306 6.346 6.387 6.428 6.469 6.509 6.550 6.589 6.628 6.667 6.704 6.742 6.780 6.818 6.858 6.899 6.941 6.985 7.031 7.079 7.126
4.894 4.925 4.955 4.984 5.012 5.039 5.066 5.093 5.119 5.145 5.170 5.194 5.218 5.241 5.264 5.287 5.309 5.331 5.352 5.374 5.396 5.418 5.440 5.464 5.487 5.512 5.538 5.563 5.589 5.617 5.645 5.674 5.703 5.732 5.761 5.789 5.817 5.844 5.870 5.896 5.920 5.944 5.967 5.990 6.014 6.039 6.065 6.093 6.123 6.155 6.188 6.224 6.262 6.302 6.343 6.385 6.427 6.469 6.511 6.552 6.592 6.632 6.672 6.711 6.750 6.790 6.830 6.872 6.916 6.961 7.008 7.057 7.107
4.915 4.946 4.975 5.005 5.032 5.059 5.086 5.113 5.139 5.164 5.189 5.213 5.237 5.260 5.282 5.304 5.325 5.346 5.367 5.387 5.407 5.428 5.448 5.469 5.491 5.514 5.537 5.560 5.584 5.610 5.637 5.664 5.691 5.719 5.747 5.774 5.801 5.828 5.853 5.878 5.901 5.924 5.946 5.968 5.989 6.012 6.035 6.060 6.087 6.116 6.147 6.181 6.217 6.256 6.296 6.337 6.379 6.421 6.464 6.506 6.547 6.588 6.629 6.669 6.710 6.751 6.792 6.835 6.880 6.926 6.975 7.026 7.078
4.935 4.966 4.996 5.025 5.052 5.079 5.106 5.133 5.159 5.184 5.209 5.233 5.256 5.279 5.301 5.323 5.344 5.364 5.384 5.403 5.422 5.441 5.460 5.479 5.499 5.519 5.540 5.562 5.584 5.607 5.632 5.658 5.683 5.710 5.736 5.763 5.789 5.815 5.839 5.863 5.886 5.908 5.929 5.949 5.969 5.989 6.010 6.033 6.057 6.082 6.109 6.140 6.174 6.210 6.248 6.288 6.329 6.370 6.412 6.454 6.496 6.538 6.579 6.620 6.661 6.702 6.745 6.788 6.834 6.882 6.932 6.985 7.038
4.955 4.985 5.015 5.044 5.072 5.099 5.126 5.152 5.178 5.204 5.229 5.253 5.276 5.299 5.321 5.343 5.363 5.383 5.403 5.421 5.439 5.457 5.475 5.493 5.511 5.529 5.548 5.567 5.587 5.609 5.632 5.655 5.680 5.705 5.730 5.755 5.781 5.805 5.830 5.853 5.875 5.896 5.917 5.936 5.955 5.973 5.992 6.012 6.033 6.055 6.079 6.107 6.137 6.170 6.206 6.243 6.282 6.322 6.362 6.403 6.444 6.485 6.526 6.566 6.607 6.649 6.691 6.735 6.780 6.829 6.880 6.934 6.989
4.974 5.004 5.034 5.063 5.091 5.118 5.145 5.172 5.198 5.223 5.248 5.273 5.296 5.319 5.342 5.363 5.384 5.404 5.423 5.441 5.459 5.476 5.493 5.510 5.526 5.543 5.560 5.577 5.595 5.615 5.636 5.658 5.681 5.704 5.728 5.752 5.777 5.801 5.824 5.847 5.869 5.890 5.909 5.928 5.946 5.963 5.981 5.999 6.017 6.037 6.058 6.082 6.110 6.140 6.172 6.206 6.243 6.280 6.318 6.357 6.397 6.436 6.476 6.515 6.555 6.595 6.636 6.679 6.724 6.771 6.822 6.876 6.932
4.992 5.022 5.052 5.082 5.109 5.136 5.164 5.191 5.217 5.242 5.268 5.292 5.316 5.339 5.362 5.384 5.405 5.425 5.444 5.463 5.481 5.498 5.514 5.530 5.545 5.561 5.576 5.591 5.608 5.626 5.645 5.665 5.686 5.708 5.730 5.753 5.777 5.800 5.823 5.845 5.867 5.887 5.907 5.925 5.943 5.960 5.976 5.993 6.010 6.028 6.047 6.068 6.093 6.120 6.149 6.180 6.214 6.249 6.285 6.321 6.358 6.396 6.433 6.471 6.509 6.547 6.586 6.627 6.670 6.716 6.765 6.818 6.873
5.009 5.040 5.070 5.099 5.127 5.154 5.182 5.209 5.235 5.261 5.286 5.311 5.335 5.359 5.382 5.404 5.426 5.447 5.466 5.485 5.503 5.520 5.536 5.552 5.567 5.582 5.596 5.609 5.625 5.641 5.658 5.676 5.696 5.716 5.737 5.759 5.781 5.803 5.826 5.847 5.869 5.889 5.909 5.927 5.945 5.961 5.978 5.994 6.010 6.027 6.044 6.064 6.086 6.110 6.137 6.166 6.196 6.228 6.262 6.296 6.331 6.366 6.401 6.437 6.472 6.508 6.545 6.583 6.623 6.666 6.713 6.764 6.818
5.025 5.056 5.086 5.116 5.144 5.171 5.199 5.226 5.252 5.279 5.304 5.329 5.354 5.378 5.401 5.424 5.446 5.468 5.488 5.507 5.526 5.543 5.560 5.576 5.591 5.605 5.618 5.631 5.645 5.660 5.675 5.692 5.709 5.728 5.747 5.768 5.789 5.810 5.832 5.853 5.874 5.894 5.914 5.932 5.950 5.967 5.984 6.000 6.016 6.032 6.048 6.067 6.087 6.110 6.134 6.161 6.189 6.219 6.250 6.282 6.315 6.348 6.381 6.414 6.447 6.480 6.514 6.549 6.586 6.625 6.670 6.719 6.771
5.039 5.071 5.102 5.131 5.159 5.187 5.215 5.242 5.269 5.295 5.321 5.347 5.372 5.396 5.420 5.443 5.466 5.488 5.509 5.529 5.548 5.567 5.584 5.600 5.615 5.630 5.643 5.655 5.668 5.682 5.696 5.711 5.727 5.744 5.762 5.780 5.800 5.821 5.841 5.862 5.882 5.902 5.922 5.941 5.959 5.976 5.993 6.010 6.026 6.042 6.058 6.076 6.095 6.116 6.139 6.164 6.190 6.218 6.247 6.278 6.308 6.339 6.370 6.401 6.432 6.463 6.494 6.526 6.560 6.596 6.637 6.685 6.736
5.053 5.085 5.116 5.146 5.174 5.202 5.230 5.258 5.285 5.311 5.337 5.363 5.388 5.413 5.437 5.461 5.485 5.507 5.529 5.550 5.570 5.589 5.607 5.624 5.640 5.655 5.668 5.681 5.693 5.706 5.719 5.733 5.747 5.763 5.779 5.796 5.815 5.834 5.853 5.873 5.893 5.913 5.932 5.951 5.970 5.988 6.005 6.023 6.040 6.056 6.072 6.089 6.108 6.128 6.150 6.173 6.198 6.225 6.252 6.281 6.310 6.339 6.368 6.398 6.426 6.455 6.484 6.514 6.544 6.578 6.617 6.663 6.714
5.066 5.098 5.130 5.159 5.188 5.217 5.245 5.272 5.299 5.326 5.352 5.378 5.404 5.429 5.454 5.478 5.502 5.525 5.548 5.570 5.591 5.611 5.630 5.648 5.665 5.681 5.695 5.707 5.720 5.733 5.745 5.758 5.771 5.785 5.799 5.815 5.832 5.849 5.868 5.887 5.906 5.925 5.945 5.964 5.983 6.001 6.019 6.037 6.055 6.072 6.088 6.106 6.124 6.144 6.165 6.187 6.211 6.237 6.263 6.290 6.318 6.346 6.374 6.402 6.429 6.456 6.483 6.510 6.539 6.570 6.607 6.652 6.703
5.078 5.110 5.142 5.172 5.200 5.230 5.258 5.286 5.313 5.340 5.366 5.392 5.418 5.444 5.469 5.494 5.518 5.542 5.565 5.588 5.610 5.631 5.652 5.671 5.689 5.706 5.720 5.734 5.747 5.760 5.772 5.784 5.796 5.809 5.822 5.836 5.851 5.868 5.885 5.902 5.921 5.939 5.959 5.978 5.997 6.016 6.034 6.053 6.071 6.089 6.106 6.124 6.143 6.162 6.183 6.205 6.228 6.253 6.278 6.305 6.332 6.359 6.386 6.412 6.438 6.464 6.490 6.515 6.541 6.570 6.606 6.652 6.702
5.089 5.121 5.153 5.183 5.212 5.242 5.270 5.298 5.325 5.352 5.379 5.405 5.431 5.457 5.483 5.508 5.533 5.557 5.582 5.605 5.628 5.650 5.672 5.692 5.711 5.729 5.745 5.760 5.774 5.787 5.800 5.812 5.823 5.835 5.847 5.860 5.873 5.888 5.903 5.920 5.937 5.955 5.974 5.993 6.012 6.031 6.050 6.070 6.089 6.107 6.125 6.144 6.163 6.183 6.203 6.225 6.248 6.272 6.297 6.323 6.349 6.376 6.402 6.428 6.453 6.478 6.503 6.526 6.551 6.579 6.615 6.660 6.710
5.099 5.132 5.164 5.194 5.223 5.253 5.281 5.309 5.337 5.364 5.391 5.417 5.443 5.469 5.495 5.521 5.546 5.571 5.596 5.620 5.644 5.667 5.690 5.711 5.732 5.752 5.769 5.785 5.800 5.814 5.827 5.839 5.851 5.862 5.873 5.884 5.897 5.910 5.924 5.939 5.955 5.972 5.990 6.009 6.028 6.048 6.067 6.087 6.107 6.126 6.145 6.164 6.184 6.204 6.225 6.246 6.269 6.293 6.318 6.344 6.370 6.396 6.423 6.448 6.473 6.497 6.521 6.544 6.568 6.595 6.630 6.675 6.724
5.109 5.142 5.174 5.204 5.233 5.263 5.292 5.320 5.348 5.375 5.401 5.428 5.454 5.480 5.506 5.532 5.558 5.584 5.609 5.634 5.659 5.683 5.706 5.729 5.751 5.772 5.790 5.808 5.824 5.839 5.853 5.866 5.878 5.889 5.900 5.910 5.921 5.933 5.946 5.960 5.975 5.991 6.008 6.027 6.046 6.065 6.085 6.106 6.126 6.146 6.165 6.185 6.205 6.226 6.247 6.269 6.292 6.316 6.341 6.366 6.393 6.420 6.446 6.472 6.497 6.521 6.544 6.567 6.590 6.617 6.650 6.694 6.743
5.119 5.151 5.183 5.213 5.243 5.272 5.301 5.330 5.357 5.384 5.411 5.438 5.464 5.490 5.517 5.543 5.569 5.595 5.621 5.647 5.672 5.697 5.721 5.745 5.768 5.790 5.810 5.829 5.846 5.863 5.878 5.892 5.904 5.916 5.926 5.936 5.947 5.958 5.969 5.982 5.996 6.011 6.027 6.045 6.064 6.084 6.104 6.125 6.146 6.166 6.186 6.207 6.228 6.249 6.270 6.292 6.315 6.340 6.365 6.391 6.418 6.445 6.472 6.498 6.524 6.548 6.572 6.594 6.617 6.642 6.675 6.718 6.765
5.129 5.161 5.193 5.223 5.252 5.281 5.310 5.338 5.366 5.393 5.420 5.447 5.473 5.499 5.526 5.552 5.578 5.605 5.631 5.657 5.683 5.709 5.734 5.759 5.783 5.806 5.828 5.847 5.867 5.885 5.901 5.916 5.929 5.941 5.952 5.962 5.972 5.983 5.993 6.005 6.018 6.032 6.048 6.065 6.084 6.103 6.124 6.145 6.166 6.187 6.207 6.229 6.250 6.272 6.294 6.316 6.340 6.364 6.390 6.416 6.444 6.472 6.499 6.527 6.553 6.578 6.602 6.625 6.647 6.671 6.702 6.742 6.788
5.141 5.172 5.202 5.232 5.261 5.290 5.319 5.347 5.374 5.401 5.428 5.455 5.481 5.507 5.533 5.560 5.586 5.613 5.639 5.666 5.693 5.719 5.745 5.771 5.796 5.820 5.843 5.864 5.884 5.904 5.921 5.938 5.952 5.965 5.977 5.987 5.997 6.007 6.018 6.029 6.041 6.054 6.070 6.086 6.104 6.124 6.144 6.165 6.187 6.208 6.229 6.251 6.273 6.295 6.318 6.341 6.364 6.389 6.415 6.442 6.471 6.499 6.528 6.557 6.584 6.610 6.635 6.657 6.678 6.700 6.729 6.768 6.812
5.153 5.183 5.213 5.241 5.269 5.298 5.327 5.355 5.382 5.409 5.435 5.462 5.488 5.514 5.540 5.566 5.593 5.619 5.646 5.673 5.701 5.728 5.754 5.781 5.807 5.832 5.856 5.878 5.900 5.921 5.940 5.957 5.973 5.987 5.999 6.011 6.021 6.032 6.042 6.053 6.064 6.077 6.092 6.108 6.126 6.145 6.165 6.187 6.209 6.230 6.252 6.274 6.297 6.319 6.342 6.365 6.389 6.414 6.441 6.469 6.498 6.527 6.557 6.587 6.616 6.643 6.668 6.690 6.710 6.730 6.758 6.796 6.839
5.167 5.195 5.224 5.252 5.279 5.307 5.335 5.362 5.389 5.416 5.442 5.468 5.494 5.520 5.546 5.572 5.598 5.625 5.652 5.679 5.707 5.734 5.762 5.789 5.816 5.842 5.866 5.890 5.913 5.935 5.955 5.974 5.991 6.006 6.020 6.033 6.044 6.055 6.065 6.076 6.088 6.101 6.115 6.131 6.148 6.167 6.187 6.209 6.231 6.252 6.274 6.297 6.320 6.343 6.366 6.390 6.414 6.440 6.467 6.495 6.525 6.555 6.586 6.617 6.647 6.675 6.701 6.723 6.743 6.762 6.788 6.826 6.868
5.183 5.210 5.237 5.263 5.290 5.317 5.344 5.370 5.397 5.423 5.449 5.474 5.500 5.525 5.550 5.576 5.602 5.629 5.656 5.683 5.711 5.739 5.767 5.795 5.822 5.849 5.875 5.899 5.923 5.946 5.968 5.988 6.007 6.023 6.038 6.052 6.065 6.076 6.088 6.099 6.111 6.124 6.138 6.154 6.171 6.190 6.210 6.232 6.253 6.275 6.297 6.321 6.344 6.367 6.391 6.415 6.439 6.465 6.492 6.521 6.551 6.583 6.615 6.647 6.678 6.707 6.733 6.756 6.775 6.794 6.819 6.857 6.899
