version2/TsunamiDB/out54037.asc
ncols          264
nrows          230
xllcorner      497853.4375
yllcorner      4229146.0000
cellsize         5.
NODATA_value   -99
[rows 96 to 127 of 230, columns 72 to 143 of 264]
-99.000 -99.000 -99.000 -99.000 -99.000 -99.000 -99.000 -99.000 -99.000 -99.000 -99.000 -99.000 -99.000 -99.000 -99.000 -99.000 -99.000 -99.000 -99.000 -99.000 -99.000 -99.000 -99.000 -99.000 -99.000 -99.000 -99.000 -99.000 -99.000 -99.000 -99.000 -99.000 -99.000 -99.000 -99.000 -99.000 -99.000 -99.000 -99.000 1.646 1.648 1.674 1.783 1.988 2.264 2.575 2.885 3.168 3.410 3.609 3.768 3.896 4.000 4.088 4.163 4.229 4.290 4.346 4.398 4.446 4.493 4.537 4.579 4.620 4.658 4.696 4.731 4.765 4.797 4.828 4.858 4.887
-99.000 -99.000 -99.000 -99.000 -99.000 -99.000 -99.000 -99.000 -99.000 -99.000 -99.000 -99.000 -99.000 -99.000 -99.000 -99.000 -99.000 -99.000 -99.000 -99.000 -99.000 -99.000 -99.000 -99.000 -99.000 -99.000 -99.000 -99.000 -99.000 -99.000 -99.000 -99.000 -99.000 -99.000 -99.000 -99.000 -99.000 -99.000 -99.000 1.646 1.654 1.713 1.869 2.112 2.409 2.724 3.024 3.289 3.511 3.690 3.834 3.951 4.047 4.130 4.201 4.264 4.323 4.378 4.429 4.478 4.524 4.568 4.610 4.651 4.690 4.727 4.762 4.795 4.827 4.857 4.887 4.915
-99.000 -99.000 -99.000 -99.000 -99.000 -99.000 -99.000 -99.000 -99.000 -99.000 -99.000 -99.000 -99.000 -99.000 -99.000 -99.000 -99.000 -99.000 -99.000 -99.000 -99.000 -99.000 -99.000 -99.000 -99.000 -99.000 -99.000 -99.000 -99.000 -99.000 -99.000 -99.000 -99.000 -99.000 -99.000 -99.000 -99.000 -99.000 -99.000 1.647 1.671 1.774 1.975 2.249 2.559 2.870 3.156 3.401 3.603 3.765 3.895 4.002 4.091 4.169 4.237 4.298 4.356 4.410 4.460 4.508 4.555 4.599 4.641 4.682 4.721 4.757 4.792 4.825 4.857 4.887 4.916 4.944
-99.000 -99.000 -99.000 -99.000 -99.000 -99.000 -99.000 -99.000 -99.000 -99.000 -99.000 -99.000 -99.000 -99.000 -99.000 -99.000 -99.000 -99.000 -99.000 -99.000 -99.000 -99.000 -99.000 -99.000 -99.000 -99.000 -99.000 -99.000 -99.000 -99.000 -99.000 -99.000 -99.000 -99.000 -99.000 -99.000 -99.000 -99.000 1.646 1.652 1.707 1.859 2.098 2.394 2.709 3.011 3.279 3.504 3.686 3.832 3.950 4.049 4.132 4.206 4.271 4.331 4.387 4.440 4.491 4.539 4.585 4.630 4.672 4.713 4.751 4.788 4.823 4.856 4.887 4.918 4.946 4.974
-99.000 -99.000 -99.000 -99.000 -99.000 -99.000 -99.000 -99.000 -99.000 -99.000 -99.000 -99.000 -99.000 -99.000 -99.000 -99.000 -99.000 -99.000 -99.000 -99.000 -99.000 -99.000 -99.000 -99.000 -99.000 -99.000 -99.000 -99.000 -99.000 -99.000 -99.000 -99.000 -99.000 -99.000 -99.000 -99.000 -99.000 -99.000 1.647 1.668 1.767 1.963 2.234 2.544 2.856 3.145 3.393 3.597 3.761 3.893 4.001 4.092 4.171 4.241 4.304 4.363 4.418 4.471 4.521 4.569 4.615 4.660 4.702 4.743 4.782 4.818 4.853 4.886 4.918 4.948 4.977 5.004
-99.000 -99.000 -99.000 -99.000 -99.000 -99.000 -99.000 -99.000 -99.000 -99.000 -99.000 -99.000 -99.000 -99.000 -99.000 -99.000 -99.000 -99.000 -99.000 -99.000 -99.000 -99.000 -99.000 -99.000 -99.000 -99.000 -99.000 -99.000 -99.000 -99.000 -99.000 -99.000 -99.000 -99.000 -99.000 -99.000 -99.000 1.646 1.652 1.703 1.849 2.085 2.379 2.695 2.998 3.269 3.496 3.680 3.828 3.948 4.048 4.133 4.207 4.275 4.336 4.393 4.448 4.500 4.550 4.598 4.645 4.689 4.732 4.773 4.811 4.848 4.883 4.916 4.948 4.978 5.007 5.035
-99.000 -99.000 -99.000 -99.000 -99.000 -99.000 -99.000 -99.000 -99.000 -99.000 -99.000 -99.000 -99.000 -99.000 -99.000 -99.000 -99.000 -99.000 -99.000 -99.000 -99.000 -99.000 -99.000 -99.000 -99.000 -99.000 -99.000 -99.000 -99.000 -99.000 -99.000 -99.000 -99.000 -99.000 -99.000 -99.000 -99.000 1.647 1.666 1.759 1.952 2.220 2.529 2.842 3.132 3.383 3.589 3.755 3.889 3.999 4.091 4.171 4.242 4.307 4.366 4.423 4.477 4.529 4.579 4.627 4.674 4.718 4.761 4.801 4.840 4.877 4.912 4.946 4.978 5.008 5.037 5.065
-99.000 -99.000 -99.000 -99.000 -99.000 -99.000 -99.000 -99.000 -99.000 -99.000 -99.000 -99.000 -99.000 -99.000 -99.000 -99.000 -99.000 -99.000 -99.000 -99.000 -99.000 -99.000 -99.000 -99.000 -99.000 -99.000 -99.000 -99.000 -99.000 -99.000 -99.000 -99.000 -99.000 -99.000 -99.000 -99.000 1.646 1.651 1.698 1.839 2.071 2.363 2.679 2.984 3.257 3.486 3.673 3.823 3.944 4.045 4.131 4.207 4.275 4.337 4.395 4.451 4.505 4.557 4.607 4.655 4.702 4.746 4.789 4.830 4.868 4.906 4.941 4.975 5.007 5.038 5.067 5.095
-99.000 -99.000 -99.000 -99.000 -99.000 -99.000 -99.000 -99.000 -99.000 -99.000 -99.000 -99.000 -99.000 -99.000 -99.000 -99.000 -99.000 -99.000 -99.000 -99.000 -99.000 -99.000 -99.000 -99.000 -99.000 -99.000 -99.000 -99.000 -99.000 -99.000 -99.000 -99.000 -99.000 -99.000 -99.000 -99.000 1.647 1.663 1.751 1.938 2.204 2.511 2.826 3.118 3.371 3.579 3.748 3.883 3.994 4.087 4.168 4.240 4.306 4.366 4.423 4.479 4.533 4.584 4.634 4.683 4.729 4.773 4.816 4.857 4.896 4.933 4.969 5.003 5.036 5.067 5.096 5.125
-99.000 -99.000 -99.000 -99.000 -99.000 -99.000 -99.000 -99.000 -99.000 -99.000 -99.000 -99.000 -99.000 -99.000 -99.000 -99.000 -99.000 -99.000 -99.000 -99.000 -99.000 -99.000 -99.000 -99.000 -99.000 -99.000 -99.000 -99.000 -99.000 -99.000 -99.000 -99.000 -99.000 -99.000 -99.000 1.646 1.650 1.692 1.827 2.055 2.344 2.660 2.966 3.242 3.474 3.663 3.815 3.938 4.039 4.126 4.202 4.271 4.335 4.394 4.451 4.506 4.559 4.611 4.661 4.709 4.755 4.799 4.842 4.883 4.923 4.960 4.997 5.031 5.064 5.096 5.125 5.154
-99.000 -99.000 -99.000 -99.000 -99.000 -99.000 -99.000 -99.000 -99.000 -99.000 -99.000 -99.000 -99.000 -99.000 -99.000 -99.000 -99.000 -99.000 -99.000 -99.000 -99.000 -99.000 -99.000 -99.000 -99.000 -99.000 -99.000 -99.000 -99.000 -99.000 -99.000 -99.000 -99.000 -99.000 -99.000 1.646 1.661 1.742 1.923 2.184 2.490 2.805 3.099 3.355 3.566 3.737 3.874 3.987 4.081 4.162 4.235 4.301 4.363 4.421 4.477 4.532 4.585 4.637 4.686 4.734 4.780 4.825 4.867 4.909 4.948 4.987 5.023 5.058 5.092 5.124 5.154 5.183
-99.000 -99.000 -99.000 -99.000 -99.000 -99.000 -99.000 -99.000 -99.000 -99.000 -99.000 -99.000 -99.000 -99.000 -99.000 -99.000 -99.000 -99.000 -99.000 -99.000 -99.000 -99.000 -99.000 -99.000 -99.000 -99.000 -99.000 -99.000 -99.000 -99.000 -99.000 -99.000 -99.000 -99.000 1.646 1.649 1.686 1.813 2.035 2.322 2.636 2.945 3.222 3.458 3.649 3.803 3.928 4.031 4.118 4.195 4.265 4.330 4.390 4.448 4.503 4.558 4.610 4.661 4.711 4.758 4.804 4.849 4.892 4.933 4.973 5.012 5.049 5.085 5.119 5.151 5.182 5.211
-99.000 -99.000 -99.000 -99.000 -99.000 -99.000 -99.000 -99.000 -99.000 -99.000 -99.000 -99.000 -99.000 -99.000 -99.000 -99.000 -99.000 -99.000 -99.000 -99.000 -99.000 -99.000 -99.000 -99.000 -99.000 -99.000 -99.000 -99.000 -99.000 -99.000 -99.000 -99.000 -99.000 -99.000 1.646 1.658 1.731 1.905 2.160 2.464 2.780 3.076 3.335 3.550 3.723 3.862 3.976 4.071 4.153 4.227 4.294 4.357 4.417 4.473 4.528 4.583 4.635 4.685 4.734 4.781 4.827 4.872 4.915 4.957 4.997 5.036 5.074 5.110 5.144 5.177 5.209 5.239
-99.000 -99.000 -99.000 -99.000 -99.000 -99.000 -99.000 -99.000 -99.000 -99.000 -99.000 -99.000 -99.000 -99.000 -99.000 -99.000 -99.000 -99.000 -99.000 -99.000 -99.000 -99.000 -99.000 -99.000 -99.000 -99.000 -99.000 -99.000 -99.000 -99.000 -99.000 -99.000 -99.000 1.646 1.648 1.680 1.798 2.012 2.294 2.608 2.918 3.198 3.437 3.632 3.789 3.915 4.019 4.108 4.186 4.256 4.321 4.383 4.442 4.498 4.553 4.606 4.658 4.708 4.756 4.803 4.849 4.894 4.937 4.979 5.020 5.059 5.097 5.134 5.169 5.203 5.235 5.266
-99.000 -99.000 -99.000 -99.000 -99.000 -99.000 -99.000 -99.000 -99.000 -99.000 -99.000 -99.000 -99.000 -99.000 -99.000 -99.000 -99.000 -99.000 -99.000 -99.000 -99.000 -99.000 -99.000 -99.000 -99.000 -99.000 -99.000 -99.000 -99.000 -99.000 -99.000 -99.000 -99.000 1.646 1.655 1.720 1.883 2.133 2.433 2.749 3.048 3.310 3.529 3.705 3.847 3.962 4.059 4.142 4.216 4.284 4.347 4.408 4.467 4.522 4.576 4.629 4.680 4.730 4.778 4.824 4.870 4.915 4.958 5.000 5.041 5.081 5.120 5.157 5.193 5.227 5.260 5.291
-99.000 -99.000 -99.000 -99.000 -99.000 -99.000 -99.000 -99.000 -99.000 -99.000 -99.000 -99.000 -99.000 -99.000 -99.000 -99.000 -99.000 -99.000 -99.000 -99.000 -99.000 -99.000 -99.000 -99.000 -99.000 -99.000 -99.000 -99.000 -99.000 -99.000 -99.000 -99.000 -99.000 1.647 1.673 1.780 1.985 2.262 2.574 2.885 3.169 3.412 3.611 3.770 3.899 4.005 4.095 4.173 4.244 4.310 4.372 4.432 4.490 4.545 4.599 4.651 4.701 4.750 4.798 4.845 4.890 4.935 4.978 5.021 5.062 5.102 5.141 5.179 5.215 5.250 5.284 5.316
-99.000 -99.000 -99.000 -99.000 -99.000 -99.000 -99.000 -99.000 -99.000 -99.000 -99.000 -99.000 -99.000 -99.000 -99.000 -99.000 -99.000 -99.000 -99.000 -99.000 -99.000 -99.000 -99.000 -99.000 -99.000 -99.000 -99.000 -99.000 -99.000 -99.000 -99.000 -99.000 1.646 1.653 1.708 1.859 2.100 2.397 2.712 3.014 3.280 3.503 3.684 3.829 3.946 4.044 4.128 4.202 4.271 4.335 4.396 4.456 4.513 4.567 4.620 4.672 4.722 4.770 4.818 4.864 4.909 4.954 4.997 5.040 5.081 5.122 5.161 5.199 5.236 5.272 5.307 5.340
-99.000 -99.000 -99.000 -99.000 -99.000 -99.000 -99.000 -99.000 -99.000 -99.000 -99.000 -99.000 -99.000 -99.000 -99.000 -99.000 -99.000 -99.000 -99.000 -99.000 -99.000 -99.000 -99.000 -99.000 -99.000 -99.000 -99.000 -99.000 -99.000 -99.000 -99.000 -99.000 1.647 1.667 1.761 1.955 2.224 2.533 2.846 3.134 3.382 3.585 3.749 3.881 3.988 4.079 4.158 4.230 4.296 4.359 4.419 4.478 4.535 4.588 4.640 4.691 4.741 4.789 4.836 4.882 4.928 4.972 5.015 5.058 5.099 5.140 5.180 5.218 5.256 5.293 5.328 5.362
-99.000 -99.000 -99.000 -99.000 -99.000 -99.000 -99.000 -99.000 -99.000 -99.000 -99.000 -99.000 -99.000 -99.000 -99.000 -99.000 -99.000 -99.000 -99.000 -99.000 -99.000 -99.000 -99.000 -99.000 -99.000 -99.000 -99.000 -99.000 -99.000 -99.000 -99.000 1.646 1.650 1.695 1.833 2.063 2.354 2.669 2.973 3.245 3.474 3.659 3.807 3.928 4.027 4.112 4.187 4.256 4.320 4.382 4.441 4.499 4.555 4.608 4.660 4.710 4.759 4.807 4.854 4.900 4.945 4.989 5.032 5.075 5.116 5.157 5.197 5.236 5.274 5.312 5.348 5.382
-99.000 -99.000 -99.000 -99.000 -99.000 -99.000 -99.000 -99.000 -99.000 -99.000 -99.000 -99.000 -99.000 -99.000 -99.000 -99.000 -99.000 -99.000 -99.000 -99.000 -99.000 -99.000 -99.000 -99.000 -99.000 -99.000 -99.000 -99.000 -99.000 -99.000 -99.000 1.646 1.660 1.741 1.921 2.181 2.487 2.800 3.093 3.347 3.556 3.725 3.860 3.970 4.062 4.143 4.214 4.281 4.344 4.404 4.463 4.519 4.575 4.627 4.678 4.728 4.777 4.824 4.871 4.917 4.961 5.005 5.048 5.091 5.132 5.173 5.213 5.253 5.291 5.329 5.366 5.401
-99.000 -99.000 -99.000 -99.000 -99.000 -99.000 -99.000 -99.000 -99.000 -99.000 -99.000 -99.000 -99.000 -99.000 -99.000 -99.000 -99.000 -99.000 -99.000 -99.000 -99.000 -99.000 -99.000 -99.000 -99.000 -99.000 -99.000 -99.000 -99.000 -99.000 1.646 1.649 1.683 1.805 2.022 2.306 2.619 2.927 3.204 3.439 3.631 3.784 3.908 4.009 4.096 4.171 4.240 4.305 4.366 4.425 4.483 4.539 4.593 4.645 4.695 4.745 4.793 4.840 4.887 4.932 4.977 5.020 5.063 5.106 5.147 5.188 5.228 5.268 5.307 5.345 5.382 5.418
-99.000 -99.000 -99.000 -99.000 -99.000 -99.000 -99.000 -99.000 -99.000 -99.000 -99.000 -99.000 -99.000 -99.000 -99.000 -99.000 -99.000 -99.000 -99.000 -99.000 -99.000 -99.000 -99.000 -99.000 -99.000 -99.000 -99.000 -99.000 -99.000 -99.000 1.646 1.655 1.721 1.885 2.134 2.434 2.749 3.046 3.307 3.523 3.698 3.838 3.951 4.045 4.127 4.199 4.265 4.328 4.388 4.446 4.502 4.557 4.610 4.661 4.711 4.760 4.808 4.856 4.902 4.947 4.991 5.035 5.078 5.120 5.161 5.202 5.242 5.282 5.321 5.360 5.397 5.434
-99.000 -99.000 -99.000 -99.000 -99.000 -99.000 -99.000 -99.000 -99.000 -99.000 -99.000 -99.000 -99.000 -99.000 -99.000 -99.000 -99.000 -99.000 -99.000 -99.000 -99.000 -99.000 -99.000 -99.000 -99.000 -99.000 -99.000 -99.000 -99.000 -99.000 1.647 1.672 1.776 1.978 2.253 2.563 2.874 3.158 3.401 3.599 3.758 3.886 3.991 4.079 4.156 4.225 4.290 4.350 4.409 4.466 4.521 4.575 4.627 4.677 4.726 4.775 4.823 4.870 4.916 4.961 5.005 5.048 5.091 5.133 5.174 5.215 5.255 5.295 5.334 5.373 5.411 5.448
-99.000 -99.000 -99.000 -99.000 -99.000 -99.000 -99.000 -99.000 -99.000 -99.000 -99.000 -99.000 -99.000 -99.000 -99.000 -99.000 -99.000 -99.000 -99.000 -99.000 -99.000 -99.000 -99.000 -99.000 -99.000 -99.000 -99.000 -99.000 -99.000 1.647 1.652 1.702 1.847 2.083 2.377 2.691 2.993 3.262 3.486 3.668 3.814 3.931 4.028 4.111 4.184 4.251 4.313 4.372 4.429 4.485 4.539 4.592 4.643 4.692 4.741 4.789 4.836 4.883 4.928 4.973 5.017 5.061 5.103 5.145 5.186 5.227 5.267 5.307 5.346 5.385 5.424 5.461
-99.000 -99.000 -99.000 -99.000 -99.000 -99.000 -99.000 -99.000 -99.000 -99.000 -99.000 -99.000 -99.000 -99.000 -99.000 -99.000 -99.000 -99.000 -99.000 -99.000 -99.000 -99.000 -99.000 -99.000 -99.000 -99.000 -99.000 -99.000 -99.000 1.647 1.663 1.748 1.933 2.196 2.503 2.816 3.106 3.358 3.565 3.731 3.864 3.973 4.063 4.142 4.212 4.276 4.336 4.394 4.450 4.504 4.557 4.609 4.658 4.707 4.755 4.802 4.849 4.895 4.940 4.985 5.029 5.072 5.114 5.156 5.197 5.238 5.278 5.318 5.358 5.396 5.435 5.473
-99.000 -99.000 -99.000 -99.000 -99.000 -99.000 -99.000 -99.000 -99.000 -99.000 -99.000 -99.000 -99.000 -99.000 -99.000 -99.000 -99.000 -99.000 -99.000 -99.000 -99.000 -99.000 -99.000 -99.000 -99.000 -99.000 -99.000 -99.000 1.647 1.650 1.685 1.811 2.031 2.316 2.629 2.936 3.212 3.446 3.636 3.788 3.911 4.011 4.097 4.171 4.238 4.300 4.359 4.415 4.470 4.523 4.575 4.625 4.674 4.721 4.768 4.815 4.861 4.907 4.951 4.996 5.039 5.082 5.124 5.166 5.207 5.248 5.288 5.328 5.367 5.406 5.445 5.483
-99.000 -99.000 -99.000 -99.000 -99.000 -99.000 -99.000 -99.000 -99.000 -99.000 -99.000 -99.000 -99.000 -99.000 -99.000 -99.000 -99.000 -99.000 -99.000 -99.000 -99.000 -99.000 -99.000 -99.000 -99.000 -99.000 -99.000 -99.000 1.647 1.656 1.723 1.888 2.139 2.439 2.754 3.051 3.311 3.528 3.702 3.842 3.955 4.048 4.129 4.200 4.264 4.324 4.381 4.436 4.490 4.542 4.592 4.642 4.689 4.735 4.782 4.827 4.873 4.917 4.962 5.005 5.049 5.091 5.134 5.175 5.216 5.257 5.297 5.337 5.376 5.415 5.454 5.492
-99.000 -99.000 -99.000 -99.000 -99.000 -99.000 -99.000 -99.000 -99.000 -99.000 -99.000 -99.000 -99.000 -99.000 -99.000 -99.000 -99.000 -99.000 -99.000 -99.000 -99.000 -99.000 -99.000 -99.000 -99.000 -99.000 -99.000 -99.000 1.648 1.672 1.777 1.979 2.254 2.564 2.875 3.160 3.403 3.603 3.763 3.891 3.996 4.084 4.160 4.228 4.290 4.348 4.404 4.458 4.510 4.560 4.610 4.658 4.704 4.749 4.795 4.840 4.884 4.928 4.971 5.015 5.057 5.100 5.142 5.183 5.224 5.265 5.305 5.345 5.384 5.423 5.462 5.500
-99.000 -99.000 -99.000 -99.000 -99.000 -99.000 -99.000 -99.000 -99.000 -99.000 -99.000 -99.000 -99.000 -99.000 -99.000 -99.000 -99.000 -99.000 -99.000 -99.000 -99.000 -99.000 -99.000 -99.000 -99.000 -99.000 -99.000 1.647 1.652 1.702 1.846 2.081 2.374 2.689 2.992 3.262 3.488 3.672 3.819 3.937 4.035 4.117 4.190 4.255 4.316 4.373 4.427 4.479 4.530 4.580 4.628 4.675 4.719 4.764 4.808 4.852 4.895 4.938 4.981 5.023 5.065 5.107 5.149 5.190 5.231 5.271 5.311 5.351 5.390 5.429 5.468 5.507
-99.000 -99.000 -99.000 -99.000 -99.000 -99.000 -99.000 -99.000 -99.000 -99.000 -99.000 -99.000 -99.000 -99.000 -99.000 -99.000 -99.000 -99.000 -99.000 -99.000 -99.000 -99.000 -99.000 -99.000 -99.000 -99.000 -99.000 1.648 1.663 1.747 1.930 2.193 2.499 2.812 3.105 3.358 3.567 3.736 3.871 3.981 4.072 4.150 4.220 4.283 4.341 4.397 4.450 4.501 4.551 4.599 4.646 4.692 4.735 4.778 4.821 4.864 4.906 4.948 4.990 5.032 5.073 5.114 5.155 5.196 5.237 5.277 5.317 5.356 5.396 5.435 5.474 5.512
-99.000 -99.000 -99.000 -99.000 -99.000 -99.000 -99.000 -99.000 -99.000 -99.000 -99.000 -99.000 -99.000 -99.000 -99.000 -99.000 -99.000 -99.000 -99.000 -99.000 -99.000 -99.000 -99.000 -99.000 -99.000 -99.000 1.647 1.650 1.685 1.808 2.027 2.311 2.624 2.933 3.211 3.448 3.641 3.795 3.920 4.022 4.108 4.182 4.249 4.310 4.367 4.421 4.473 4.523 4.572 4.619 4.665 4.709 4.752 4.793 4.835 4.877 4.918 4.959 4.999 5.040 5.081 5.121 5.162 5.202 5.242 5.282 5.321 5.361 5.400 5.439 5.478 5.517
-99.000 -99.000 -99.000 -99.000 -99.000 -99.000 -99.000 -99.000 -99.000 -99.000 -99.000 -99.000 -99.000 -99.000 -99.000 -99.000 -99.000 -99.000 -99.000 -99.000 -99.000 -99.000 -99.000 -99.000 -99.000 -99.000 1.647 1.657 1.723 1.886 2.135 2.435 2.750 3.049 3.312 3.531 3.708 3.850 3.965 4.061 4.142 4.214 4.278 4.338 4.393 4.446 4.497 4.546 4.594 4.640 4.685 4.728 4.769 4.809 4.850 4.890 4.930 4.969 5.009 5.049 5.088 5.128 5.167 5.207 5.247 5.286 5.325 5.364 5.403 5.442 5.481 5.520
