version2/TsunamiDB/out54093.asc
ncols          264
nrows          230
xllcorner      497853.4375
yllcorner      4229146.0000
cellsize         5.
NODATA_value   -99
[rows 136 to 169 of 230, columns 0 to 76 of 264]
4.093 4.144 4.193 4.241 4.287 4.332 4.375 4.417 4.457 4.496 4.534 4.572 4.608 4.644 4.678 4.712 4.745 4.776 4.807 4.838 4.867 4.895 4.923 4.950 4.977 5.003 5.028 5.052 5.076 5.100 5.123 5.145 5.165 5.187 5.208 5.229 5.249 5.270 5.290 5.310 5.329 5.349 5.368 5.387 5.406 5.425 5.444 5.462 5.480 5.499 5.517 5.534 5.552 5.570 5.586 5.601 5.617 5.633 5.649 5.664 5.679 5.694 5.709 5.723 5.737 5.750 5.764 5.777 5.791 5.804 5.817 5.830 5.844 5.857 5.871 5.885 5.899
4.118 4.168 4.217 4.264 4.309 4.353 4.396 4.437 4.477 4.515 4.553 4.591 4.627 4.662 4.696 4.730 4.762 4.794 4.825 4.855 4.884 4.913 4.940 4.967 4.994 5.019 5.044 5.069 5.093 5.116 5.139 5.160 5.181 5.202 5.222 5.243 5.263 5.283 5.303 5.322 5.342 5.361 5.380 5.399 5.417 5.436 5.454 5.473 5.491 5.509 5.527 5.545 5.562 5.579 5.596 5.612 5.627 5.643 5.659 5.675 5.690 5.705 5.719 5.734 5.747 5.761 5.775 5.788 5.801 5.814 5.827 5.840 5.853 5.866 5.879 5.892 5.906
4.142 4.192 4.239 4.286 4.330 4.374 4.416 4.457 4.496 4.534 4.572 4.609 4.645 4.680 4.714 4.748 4.780 4.812 4.842 4.872 4.902 4.930 4.958 4.985 5.011 5.036 5.061 5.086 5.109 5.132 5.155 5.176 5.196 5.217 5.238 5.258 5.278 5.297 5.317 5.336 5.355 5.374 5.392 5.411 5.429 5.447 5.465 5.483 5.501 5.519 5.537 5.555 5.572 5.590 5.606 5.621 5.637 5.653 5.669 5.685 5.700 5.715 5.730 5.744 5.758 5.772 5.785 5.799 5.812 5.824 5.837 5.850 5.862 5.875 5.888 5.901 5.914
4.166 4.215 4.262 4.307 4.351 4.394 4.436 4.477 4.515 4.553 4.591 4.627 4.663 4.698 4.732 4.765 4.797 4.829 4.860 4.890 4.919 4.947 4.975 5.002 5.028 5.053 5.078 5.102 5.126 5.149 5.171 5.192 5.213 5.233 5.253 5.273 5.293 5.312 5.331 5.350 5.368 5.387 5.405 5.423 5.441 5.459 5.477 5.494 5.512 5.529 5.547 5.564 5.582 5.599 5.615 5.631 5.647 5.663 5.679 5.695 5.710 5.725 5.740 5.755 5.769 5.783 5.796 5.809 5.822 5.835 5.848 5.860 5.873 5.885 5.897 5.910 5.923
4.189 4.237 4.283 4.328 4.372 4.414 4.456 4.496 4.534 4.571 4.609 4.645 4.680 4.715 4.749 4.782 4.814 4.846 4.877 4.907 4.936 4.964 4.992 5.019 5.045 5.071 5.095 5.120 5.143 5.166 5.188 5.209 5.229 5.250 5.270 5.289 5.309 5.327 5.346 5.364 5.383 5.400 5.418 5.436 5.453 5.471 5.488 5.505 5.523 5.540 5.557 5.574 5.592 5.609 5.625 5.640 5.656 5.672 5.688 5.704 5.720 5.735 5.750 5.765 5.779 5.793 5.807 5.820 5.833 5.846 5.859 5.871 5.883 5.896 5.908 5.920 5.932
4.212 4.259 4.305 4.349 4.392 4.434 4.474 4.514 4.552 4.589 4.626 4.662 4.697 4.732 4.766 4.799 4.831 4.862 4.893 4.923 4.952 4.981 5.009 5.036 5.062 5.088 5.112 5.137 5.160 5.183 5.206 5.226 5.246 5.267 5.287 5.306 5.325 5.344 5.362 5.380 5.398 5.415 5.432 5.449 5.466 5.483 5.500 5.517 5.534 5.551 5.568 5.584 5.601 5.618 5.634 5.649 5.665 5.681 5.697 5.713 5.729 5.744 5.759 5.774 5.789 5.803 5.817 5.831 5.844 5.857 5.870 5.882 5.894 5.906 5.918 5.930 5.942
4.234 4.280 4.325 4.369 4.411 4.453 4.493 4.532 4.570 4.606 4.643 4.679 4.714 4.748 4.782 4.815 4.847 4.878 4.909 4.939 4.968 4.997 5.025 5.052 5.079 5.104 5.129 5.154 5.177 5.200 5.223 5.244 5.264 5.284 5.304 5.323 5.342 5.360 5.378 5.396 5.413 5.430 5.447 5.464 5.481 5.497 5.513 5.530 5.546 5.562 5.578 5.595 5.611 5.628 5.643 5.658 5.674 5.690 5.706 5.722 5.737 5.753 5.768 5.783 5.798 5.812 5.827 5.841 5.854 5.867 5.880 5.893 5.905 5.917 5.929 5.941 5.953
4.255 4.301 4.345 4.388 4.430 4.471 4.511 4.550 4.587 4.623 4.660 4.695 4.730 4.764 4.798 4.830 4.862 4.894 4.925 4.955 4.984 5.013 5.041 5.068 5.095 5.120 5.146 5.170 5.194 5.217 5.240 5.261 5.281 5.301 5.321 5.341 5.359 5.378 5.396 5.413 5.430 5.447 5.463 5.479 5.495 5.511 5.527 5.543 5.559 5.574 5.590 5.606 5.622 5.638 5.653 5.668 5.683 5.699 5.715 5.730 5.746 5.761 5.777 5.792 5.807 5.821 5.836 5.850 5.864 5.877 5.891 5.903 5.916 5.928 5.940 5.952 5.964
4.276 4.321 4.365 4.407 4.449 4.489 4.528 4.567 4.604 4.639 4.675 4.711 4.745 4.779 4.812 4.845 4.877 4.908 4.939 4.969 4.999 5.028 5.056 5.083 5.110 5.136 5.161 5.186 5.210 5.234 5.257 5.278 5.298 5.319 5.339 5.358 5.377 5.395 5.413 5.431 5.447 5.464 5.480 5.496 5.511 5.527 5.542 5.557 5.572 5.587 5.603 5.618 5.633 5.649 5.663 5.677 5.693 5.708 5.723 5.739 5.754 5.770 5.785 5.800 5.815 5.830 5.845 5.859 5.873 5.887 5.900 5.913 5.926 5.939 5.951 5.963 5.975
4.296 4.341 4.384 4.426 4.467 4.506 4.545 4.583 4.620 4.655 4.691 4.726 4.760 4.794 4.827 4.859 4.891 4.923 4.953 4.983 5.013 5.042 5.070 5.098 5.125 5.151 5.177 5.202 5.226 5.250 5.273 5.294 5.315 5.336 5.356 5.376 5.395 5.413 5.431 5.448 5.465 5.482 5.498 5.513 5.528 5.543 5.558 5.573 5.587 5.602 5.616 5.631 5.645 5.660 5.674 5.688 5.702 5.717 5.732 5.748 5.763 5.778 5.793 5.808 5.823 5.838 5.853 5.868 5.882 5.896 5.910 5.923 5.936 5.949 5.961 5.973 5.985
4.316 4.360 4.402 4.444 4.484 4.523 4.562 4.599 4.635 4.670 4.706 4.740 4.774 4.808 4.841 4.873 4.905 4.936 4.967 4.997 5.026 5.055 5.083 5.111 5.138 5.165 5.191 5.216 5.241 5.265 5.288 5.310 5.331 5.352 5.373 5.393 5.412 5.431 5.449 5.466 5.483 5.500 5.516 5.531 5.546 5.561 5.575 5.589 5.603 5.617 5.631 5.645 5.659 5.673 5.686 5.699 5.713 5.727 5.742 5.757 5.772 5.787 5.801 5.816 5.831 5.846 5.861 5.876 5.890 5.904 5.918 5.932 5.945 5.958 5.971 5.984 5.996
4.335 4.378 4.420 4.461 4.501 4.540 4.578 4.615 4.650 4.685 4.720 4.754 4.788 4.821 4.854 4.886 4.917 4.949 4.979 5.009 5.039 5.068 5.096 5.124 5.151 5.178 5.204 5.230 5.255 5.279 5.303 5.325 5.346 5.368 5.389 5.409 5.429 5.448 5.466 5.484 5.501 5.518 5.534 5.549 5.564 5.579 5.593 5.607 5.621 5.634 5.647 5.660 5.674 5.687 5.700 5.712 5.725 5.739 5.753 5.767 5.781 5.795 5.810 5.825 5.840 5.854 5.869 5.884 5.898 5.913 5.927 5.941 5.954 5.968 5.981 5.993 6.006
4.354 4.396 4.438 4.478 4.518 4.556 4.593 4.630 4.664 4.699 4.734 4.768 4.801 4.834 4.866 4.898 4.930 4.961 4.991 5.021 5.050 5.079 5.108 5.136 5.163 5.190 5.217 5.242 5.268 5.292 5.316 5.339 5.361 5.382 5.404 5.425 5.445 5.464 5.483 5.501 5.519 5.536 5.552 5.568 5.583 5.597 5.612 5.625 5.639 5.652 5.665 5.677 5.690 5.703 5.714 5.726 5.738 5.751 5.764 5.778 5.791 5.805 5.819 5.833 5.848 5.862 5.877 5.892 5.906 5.920 5.935 5.949 5.963 5.976 5.989 6.002 6.015
4.372 4.414 4.455 4.495 4.534 4.572 4.609 4.644 4.678 4.713 4.747 4.781 4.814 4.846 4.879 4.910 4.941 4.972 5.002 5.032 5.061 5.090 5.119 5.147 5.175 5.202 5.228 5.254 5.280 5.304 5.329 5.352 5.374 5.396 5.418 5.439 5.460 5.480 5.499 5.518 5.536 5.553 5.570 5.586 5.601 5.616 5.630 5.644 5.657 5.670 5.683 5.695 5.707 5.719 5.730 5.741 5.753 5.765 5.777 5.790 5.803 5.816 5.829 5.843 5.857 5.871 5.885 5.900 5.914 5.928 5.942 5.957 5.971 5.984 5.998 6.011 6.024
4.390 4.431 4.472 4.511 4.549 4.587 4.623 4.658 4.692 4.727 4.760 4.794 4.826 4.858 4.890 4.922 4.952 4.983 5.013 5.043 5.072 5.101 5.129 5.157 5.185 5.212 5.239 5.265 5.291 5.316 5.340 5.363 5.386 5.409 5.431 5.452 5.474 5.494 5.514 5.533 5.551 5.569 5.586 5.603 5.619 5.634 5.649 5.663 5.676 5.689 5.702 5.714 5.726 5.737 5.748 5.758 5.769 5.780 5.792 5.804 5.816 5.828 5.841 5.854 5.867 5.880 5.894 5.908 5.922 5.936 5.950 5.964 5.978 5.992 6.006 6.019 6.032
4.407 4.448 4.488 4.527 4.565 4.602 4.638 4.672 4.706 4.740 4.773 4.806 4.838 4.870 4.902 4.933 4.963 4.993 5.023 5.053 5.082 5.110 5.139 5.167 5.194 5.222 5.248 5.275 5.301 5.326 5.351 5.374 5.397 5.420 5.443 5.465 5.486 5.507 5.527 5.547 5.566 5.585 5.602 5.619 5.636 5.652 5.667 5.681 5.695 5.708 5.721 5.733 5.745 5.757 5.767 5.776 5.787 5.797 5.808 5.819 5.830 5.842 5.853 5.865 5.878 5.891 5.904 5.917 5.931 5.944 5.958 5.972 5.986 6.000 6.013 6.027 6.040
4.424 4.464 4.504 4.542 4.580 4.616 4.652 4.686 4.719 4.753 4.786 4.818 4.850 4.882 4.913 4.943 4.974 5.004 5.033 5.062 5.091 5.120 5.148 5.176 5.203 5.230 5.257 5.284 5.310 5.335 5.360 5.383 5.407 5.430 5.453 5.476 5.498 5.519 5.540 5.560 5.580 5.599 5.617 5.635 5.652 5.668 5.684 5.699 5.713 5.727 5.740 5.753 5.765 5.776 5.786 5.796 5.806 5.816 5.826 5.836 5.847 5.857 5.868 5.879 5.891 5.902 5.915 5.927 5.940 5.953 5.967 5.980 5.994 6.008 6.021 6.035 6.048
4.441 4.481 4.520 4.557 4.594 4.631 4.666 4.700 4.732 4.766 4.798 4.830 4.862 4.893 4.924 4.954 4.984 5.013 5.043 5.072 5.100 5.128 5.156 5.184 5.212 5.239 5.265 5.292 5.318 5.344 5.368 5.392 5.416 5.439 5.463 5.486 5.508 5.530 5.551 5.572 5.592 5.611 5.630 5.649 5.666 5.683 5.700 5.715 5.731 5.745 5.759 5.772 5.784 5.796 5.806 5.816 5.826 5.836 5.845 5.855 5.865 5.874 5.884 5.894 5.905 5.916 5.927 5.939 5.951 5.963 5.976 5.989 6.002 6.016 6.029 6.042 6.056
4.457 4.497 4.535 4.573 4.609 4.645 4.680 4.713 4.746 4.778 4.811 4.842 4.873 4.904 4.934 4.964 4.994 5.023 5.052 5.081 5.109 5.137 5.165 5.192 5.219 5.246 5.273 5.300 5.326 5.352 5.376 5.400 5.424 5.448 5.471 5.494 5.517 5.539 5.561 5.582 5.603 5.623 5.642 5.661 5.680 5.697 5.714 5.731 5.747 5.762 5.776 5.790 5.803 5.815 5.826 5.836 5.846 5.856 5.865 5.875 5.884 5.893 5.902 5.912 5.921 5.931 5.942 5.952 5.963 5.975 5.987 5.999 6.012 6.025 6.038 6.051 6.064
4.474 4.513 4.551 4.588 4.624 4.659 4.694 4.727 4.759 4.791 4.823 4.854 4.885 4.915 4.945 4.975 5.004 5.033 5.061 5.090 5.118 5.145 5.173 5.200 5.227 5.254 5.280 5.307 5.333 5.358 5.383 5.407 5.431 5.455 5.479 5.502 5.525 5.548 5.570 5.591 5.612 5.633 5.653 5.672 5.691 5.710 5.727 5.745 5.761 5.777 5.792 5.807 5.821 5.833 5.844 5.855 5.866 5.876 5.886 5.896 5.905 5.913 5.922 5.931 5.940 5.949 5.958 5.968 5.978 5.988 5.999 6.011 6.022 6.034 6.047 6.060 6.072
4.490 4.529 4.566 4.603 4.639 4.674 4.708 4.740 4.772 4.804 4.835 4.866 4.897 4.926 4.956 4.985 5.014 5.042 5.071 5.098 5.126 5.154 5.181 5.208 5.234 5.261 5.287 5.313 5.339 5.365 5.389 5.413 5.437 5.462 5.486 5.509 5.532 5.555 5.577 5.599 5.621 5.642 5.662 5.682 5.702 5.721 5.739 5.757 5.774 5.791 5.807 5.823 5.837 5.850 5.862 5.874 5.885 5.896 5.907 5.916 5.926 5.934 5.943 5.951 5.959 5.968 5.976 5.985 5.994 6.003 6.013 6.024 6.034 6.046 6.058 6.070 6.081
4.506 4.544 4.582 4.618 4.653 4.688 4.722 4.754 4.785 4.817 4.848 4.878 4.908 4.938 4.967 4.996 5.024 5.052 5.080 5.107 5.135 5.162 5.189 5.215 5.242 5.268 5.294 5.320 5.345 5.371 5.395 5.419 5.443 5.468 5.492 5.515 5.539 5.562 5.584 5.607 5.628 5.650 5.671 5.691 5.711 5.731 5.750 5.768 5.786 5.803 5.820 5.836 5.852 5.866 5.879 5.891 5.904 5.915 5.926 5.937 5.946 5.956 5.964 5.972 5.980 5.988 5.996 6.004 6.012 6.021 6.029 6.039 6.049 6.059 6.070 6.081 6.091
4.523 4.560 4.597 4.633 4.668 4.702 4.736 4.768 4.799 4.830 4.861 4.891 4.920 4.950 4.978 5.007 5.035 5.062 5.090 5.117 5.144 5.170 5.197 5.223 5.249 5.275 5.300 5.326 5.351 5.377 5.401 5.425 5.449 5.473 5.497 5.521 5.544 5.568 5.590 5.613 5.635 5.657 5.678 5.699 5.719 5.739 5.759 5.778 5.796 5.814 5.832 5.849 5.865 5.880 5.894 5.907 5.921 5.933 5.945 5.956 5.967 5.976 5.985 5.994 6.002 6.010 6.017 6.025 6.032 6.040 6.048 6.056 6.065 6.074 6.084 6.094 6.103
4.539 4.577 4.613 4.648 4.683 4.717 4.750 4.782 4.813 4.843 4.874 4.904 4.933 4.962 4.990 5.018 5.045 5.073 5.100 5.126 5.153 5.179 5.205 5.231 5.256 5.282 5.307 5.332 5.358 5.383 5.407 5.430 5.454 5.478 5.502 5.526 5.550 5.573 5.596 5.618 5.641 5.663 5.684 5.705 5.726 5.747 5.767 5.786 5.805 5.824 5.842 5.860 5.877 5.893 5.907 5.922 5.936 5.949 5.962 5.974 5.986 5.996 6.006 6.015 6.024 6.032 6.039 6.047 6.054 6.061 6.068 6.075 6.083 6.091 6.100 6.109 6.117
4.556 4.593 4.629 4.664 4.698 4.732 4.765 4.796 4.827 4.857 4.887 4.917 4.946 4.974 5.002 5.030 5.057 5.084 5.110 5.136 5.162 5.188 5.214 5.239 5.264 5.289 5.314 5.339 5.364 5.389 5.412 5.436 5.459 5.483 5.507 5.531 5.554 5.578 5.601 5.623 5.646 5.668 5.690 5.711 5.733 5.753 5.774 5.794 5.813 5.832 5.851 5.869 5.887 5.904 5.919 5.934 5.949 5.964 5.978 5.991 6.003 6.015 6.025 6.035 6.045 6.053 6.061 6.069 6.076 6.083 6.089 6.096 6.103 6.110 6.118 6.126 6.133
4.572 4.609 4.645 4.680 4.714 4.747 4.780 4.811 4.841 4.871 4.901 4.930 4.959 4.987 5.014 5.042 5.068 5.095 5.121 5.147 5.172 5.198 5.223 5.248 5.273 5.297 5.322 5.346 5.370 5.395 5.418 5.441 5.465 5.488 5.512 5.536 5.559 5.582 5.605 5.628 5.650 5.673 5.695 5.716 5.738 5.759 5.780 5.800 5.820 5.840 5.859 5.878 5.896 5.913 5.929 5.945 5.961 5.977 5.991 6.005 6.019 6.031 6.043 6.054 6.064 6.074 6.082 6.090 6.098 6.105 6.112 6.118 6.124 6.131 6.138 6.145 6.151
4.589 4.625 4.661 4.696 4.729 4.762 4.795 4.825 4.855 4.886 4.915 4.944 4.972 5.000 5.027 5.054 5.081 5.107 5.133 5.158 5.183 5.208 5.233 5.257 5.282 5.306 5.330 5.354 5.378 5.401 5.424 5.447 5.470 5.494 5.517 5.540 5.563 5.586 5.609 5.632 5.655 5.677 5.699 5.721 5.743 5.764 5.785 5.806 5.826 5.846 5.866 5.885 5.904 5.922 5.938 5.955 5.972 5.988 6.003 6.018 6.033 6.046 6.059 6.071 6.082 6.093 6.102 6.111 6.120 6.127 6.134 6.141 6.147 6.153 6.159 6.166 6.171
4.606 4.642 4.677 4.712 4.745 4.778 4.810 4.841 4.870 4.900 4.930 4.958 4.986 5.014 5.041 5.068 5.094 5.119 5.145 5.170 5.195 5.219 5.243 5.267 5.291 5.315 5.338 5.362 5.385 5.409 5.431 5.453 5.476 5.499 5.522 5.545 5.568 5.591 5.614 5.636 5.659 5.681 5.703 5.725 5.747 5.769 5.790 5.811 5.832 5.852 5.872 5.892 5.911 5.929 5.946 5.964 5.981 5.998 6.014 6.030 6.045 6.060 6.073 6.086 6.099 6.110 6.121 6.131 6.140 6.148 6.156 6.163 6.170 6.176 6.182 6.188 6.193
4.623 4.659 4.694 4.728 4.761 4.794 4.825 4.856 4.885 4.915 4.944 4.973 5.001 5.028 5.055 5.081 5.107 5.133 5.158 5.182 5.207 5.231 5.255 5.278 5.302 5.325 5.348 5.371 5.394 5.417 5.438 5.460 5.483 5.505 5.528 5.550 5.573 5.595 5.618 5.640 5.663 5.685 5.707 5.729 5.751 5.773 5.794 5.815 5.836 5.857 5.877 5.897 5.917 5.936 5.953 5.971 5.989 6.006 6.023 6.040 6.056 6.071 6.086 6.100 6.113 6.126 6.137 6.148 6.159 6.168 6.177 6.184 6.192 6.198 6.205 6.211 6.216
4.640 4.675 4.710 4.744 4.777 4.810 4.841 4.871 4.901 4.930 4.959 4.988 5.015 5.043 5.069 5.095 5.121 5.146 5.171 5.195 5.220 5.243 5.267 5.290 5.313 5.336 5.358 5.381 5.403 5.425 5.447 5.468 5.490 5.512 5.534 5.556 5.578 5.600 5.622 5.645 5.667 5.689 5.711 5.733 5.755 5.776 5.798 5.819 5.840 5.861 5.882 5.902 5.922 5.941 5.959 5.978 5.996 6.014 6.031 6.049 6.065 6.081 6.097 6.112 6.126 6.139 6.152 6.164 6.176 6.186 6.196 6.205 6.213 6.220 6.227 6.233 6.239
4.657 4.692 4.727 4.760 4.793 4.826 4.857 4.886 4.916 4.946 4.974 5.003 5.030 5.057 5.084 5.110 5.135 5.160 5.185 5.209 5.233 5.256 5.280 5.302 5.325 5.347 5.369 5.391 5.413 5.435 5.456 5.476 5.498 5.519 5.541 5.562 5.584 5.606 5.628 5.649 5.671 5.693 5.715 5.737 5.758 5.780 5.802 5.823 5.844 5.865 5.886 5.907 5.927 5.946 5.965 5.983 6.002 6.020 6.039 6.056 6.073 6.090 6.106 6.122 6.137 6.151 6.165 6.178 6.191 6.202 6.213 6.223 6.232 6.240 6.248 6.255 6.261
4.674 4.709 4.743 4.777 4.810 4.842 4.872 4.902 4.932 4.961 4.990 5.018 5.045 5.072 5.099 5.125 5.150 5.175 5.199 5.223 5.247 5.270 5.293 5.316 5.338 5.360 5.382 5.403 5.424 5.446 5.466 5.486 5.507 5.528 5.549 5.570 5.591 5.612 5.633 5.655 5.676 5.698 5.719 5.741 5.762 5.784 5.805 5.827 5.848 5.869 5.890 5.911 5.931 5.951 5.969 5.988 6.007 6.026 6.045 6.063 6.081 6.098 6.115 6.131 6.147 6.162 6.177 6.191 6.204 6.216 6.228 6.239 6.250 6.259 6.268 6.276 6.282
4.692 4.726 4.760 4.793 4.826 4.858 4.888 4.917 4.947 4.976 5.005 5.033 5.061 5.087 5.114 5.140 5.165 5.190 5.214 5.238 5.261 5.284 5.307 5.329 5.351 5.373 5.395 5.416 5.437 5.457 5.477 5.497 5.517 5.537 5.558 5.578 5.599 5.619 5.640 5.661 5.682 5.703 5.724 5.745 5.766 5.788 5.809 5.830 5.851 5.872 5.893 5.914 5.935 5.954 5.973 5.993 6.012 6.031 6.050 6.069 6.087 6.105 6.122 6.139 6.155 6.171 6.187 6.201 6.215 6.229 6.242 6.254 6.265 6.276 6.286 6.295 6.302
4.709 4.743 4.777 4.809 4.842 4.873 4.903 4.933 4.962 4.991 5.020 5.048 5.075 5.102 5.129 5.155 5.180 5.205 5.229 5.253 5.276 5.299 5.322 5.344 5.366 5.387 5.408 5.429 5.450 5.470 5.489 5.508 5.528 5.548 5.568 5.588 5.607 5.627 5.648 5.668 5.688 5.709 5.729 5.750 5.771 5.792 5.813 5.834 5.855 5.876 5.897 5.918 5.938 5.958 5.977 5.997 6.016 6.036 6.055 6.074 6.093 6.111 6.128 6.146 6.163 6.179 6.195 6.211 6.226 6.240 6.254 6.267 6.279 6.291 6.302 6.312 6.320
