version2/TsunamiDB/out54016.asc
ncols          264
nrows          230
xllcorner      497853.4375
yllcorner      4229146.0000
cellsize         5.
NODATA_value   -99
[rows 124 to 154 of 230, columns 140 to 209 of 264]
-99.000 -99.000 -99.000 -99.000 -99.000 -99.000 -99.000 -99.000 1.644 1.651 1.710 1.871 2.126 2.452 2.819 3.189 3.520 3.791 4.006 4.173 4.303 4.408 4.495 4.570 4.637 4.698 4.756 4.812 4.865 4.916 4.966 5.014 5.062 5.110 5.157 5.203 5.250 5.296 5.342 5.388 5.434 5.480 5.526 5.571 5.616 5.661 5.704 5.748 5.790 5.831 5.872 5.913 5.955 5.997 6.041 6.091 6.148 6.215 6.287 6.365 6.454 6.549 6.648 6.753 6.860 6.964 7.062 7.142 7.239 7.352
-99.000 -99.000 -99.000 -99.000 -99.000 -99.000 -99.000 -99.000 1.645 1.666 1.765 1.969 2.256 2.604 2.978 3.337 3.644 3.891 4.085 4.236 4.354 4.451 4.532 4.602 4.666 4.725 4.781 4.835 4.887 4.937 4.986 5.034 5.082 5.128 5.175 5.220 5.266 5.311 5.355 5.400 5.446 5.491 5.537 5.583 5.629 5.675 5.722 5.770 5.816 5.861 5.907 5.951 5.995 6.039 6.083 6.131 6.187 6.253 6.322 6.399 6.487 6.581 6.682 6.788 6.894 7.001 7.099 7.173 7.265 7.379
-99.000 -99.000 -99.000 -99.000 -99.000 -99.000 -99.000 1.644 1.648 1.695 1.840 2.082 2.399 2.763 3.136 3.476 3.758 3.982 4.157 4.293 4.402 4.491 4.568 4.635 4.696 4.753 4.807 4.859 4.909 4.959 5.006 5.053 5.100 5.146 5.191 5.236 5.280 5.323 5.367 5.411 5.455 5.499 5.545 5.592 5.639 5.688 5.738 5.790 5.841 5.891 5.940 5.988 6.036 6.081 6.127 6.174 6.230 6.296 6.364 6.439 6.525 6.618 6.719 6.825 6.931 7.041 7.134 7.196 7.285 7.401
-99.000 -99.000 -99.000 -99.000 -99.000 -99.000 -99.000 1.644 1.659 1.744 1.934 2.211 2.552 2.925 3.289 3.605 3.861 4.063 4.221 4.346 4.446 4.530 4.603 4.668 4.727 4.782 4.834 4.884 4.933 4.981 5.027 5.073 5.119 5.164 5.208 5.251 5.293 5.335 5.377 5.419 5.462 5.506 5.551 5.598 5.647 5.698 5.752 5.808 5.863 5.918 5.973 6.025 6.075 6.123 6.171 6.222 6.280 6.345 6.412 6.487 6.571 6.663 6.762 6.868 6.976 7.079 7.160 7.216 7.302 7.419
-99.000 -99.000 -99.000 -99.000 -99.000 -99.000 1.645 1.647 1.684 1.814 2.045 2.354 2.714 3.089 3.434 3.723 3.955 4.137 4.279 4.394 4.488 4.567 4.637 4.700 4.758 4.812 4.862 4.911 4.959 5.005 5.050 5.094 5.139 5.182 5.225 5.266 5.306 5.346 5.385 5.426 5.467 5.510 5.556 5.604 5.654 5.708 5.764 5.824 5.884 5.944 6.003 6.060 6.114 6.166 6.219 6.275 6.335 6.401 6.468 6.543 6.625 6.714 6.810 6.914 7.018 7.111 7.184 7.235 7.319 7.439
-99.000 -99.000 -99.000 -99.000 -99.000 -99.000 1.645 1.655 1.728 1.905 2.173 2.509 2.880 3.247 3.568 3.831 4.039 4.202 4.332 4.437 4.526 4.602 4.670 4.732 4.789 4.841 4.891 4.939 4.985 5.031 5.074 5.117 5.160 5.202 5.243 5.282 5.320 5.358 5.395 5.433 5.473 5.515 5.560 5.609 5.660 5.716 5.776 5.839 5.903 5.968 6.033 6.095 6.154 6.212 6.270 6.331 6.394 6.461 6.530 6.606 6.686 6.769 6.861 6.959 7.055 7.141 7.210 7.257 7.341 7.467
-99.000 -99.000 -99.000 -99.000 -99.000 1.645 1.647 1.676 1.794 2.015 2.316 2.673 3.048 3.397 3.691 3.928 4.115 4.262 4.380 4.478 4.562 4.635 4.701 4.762 4.818 4.871 4.920 4.968 5.013 5.058 5.100 5.142 5.184 5.225 5.264 5.301 5.337 5.372 5.406 5.442 5.480 5.521 5.566 5.614 5.667 5.725 5.787 5.854 5.922 5.992 6.062 6.130 6.195 6.259 6.324 6.389 6.456 6.525 6.597 6.673 6.750 6.829 6.913 7.001 7.092 7.174 7.242 7.287 7.370 7.499
-99.000 -99.000 -99.000 -99.000 -99.000 1.645 1.653 1.715 1.882 2.142 2.473 2.843 3.212 3.537 3.804 4.017 4.185 4.317 4.425 4.516 4.595 4.666 4.730 4.790 4.846 4.899 4.949 4.996 5.042 5.086 5.128 5.169 5.210 5.249 5.287 5.322 5.356 5.388 5.420 5.453 5.489 5.529 5.573 5.622 5.676 5.735 5.800 5.870 5.942 6.015 6.091 6.166 6.237 6.307 6.377 6.447 6.518 6.588 6.663 6.741 6.816 6.889 6.963 7.044 7.130 7.213 7.283 7.323 7.405 7.537
-99.000 -99.000 -99.000 -99.000 -99.000 1.646 1.670 1.778 1.990 2.285 2.638 3.014 3.367 3.666 3.909 4.099 4.249 4.368 4.467 4.552 4.627 4.695 4.758 4.817 4.873 4.926 4.976 5.024 5.069 5.113 5.155 5.196 5.236 5.275 5.311 5.346 5.378 5.408 5.437 5.468 5.502 5.540 5.583 5.632 5.686 5.746 5.814 5.887 5.962 6.039 6.121 6.201 6.278 6.354 6.430 6.504 6.578 6.650 6.726 6.808 6.881 6.948 7.015 7.091 7.175 7.259 7.329 7.366 7.445 7.581
-99.000 -99.000 -99.000 -99.000 1.645 1.651 1.706 1.862 2.115 2.441 2.811 3.182 3.513 3.786 4.004 4.174 4.309 4.417 4.508 4.587 4.658 4.723 4.785 4.843 4.898 4.951 5.002 5.050 5.096 5.141 5.183 5.224 5.264 5.302 5.337 5.371 5.402 5.430 5.458 5.486 5.517 5.553 5.595 5.644 5.698 5.760 5.829 5.905 5.983 6.064 6.150 6.236 6.319 6.401 6.481 6.558 6.634 6.707 6.787 6.870 6.943 7.008 7.071 7.143 7.226 7.310 7.381 7.412 7.488 7.621
-99.000 -99.000 -99.000 -99.000 1.646 1.666 1.764 1.967 2.256 2.607 2.984 3.342 3.648 3.896 4.091 4.244 4.365 4.464 4.548 4.622 4.689 4.752 4.812 4.868 4.923 4.975 5.026 5.075 5.122 5.166 5.209 5.251 5.291 5.328 5.364 5.396 5.426 5.454 5.480 5.506 5.535 5.570 5.611 5.658 5.713 5.775 5.846 5.924 6.004 6.088 6.178 6.268 6.356 6.443 6.527 6.606 6.684 6.758 6.841 6.928 7.003 7.069 7.131 7.201 7.280 7.362 7.433 7.459 7.527 7.653
-99.000 -99.000 -99.000 1.645 1.649 1.697 1.845 2.090 2.411 2.780 3.155 3.491 3.772 3.995 4.170 4.307 4.418 4.509 4.588 4.658 4.722 4.782 4.839 4.894 4.947 4.999 5.050 5.098 5.146 5.191 5.234 5.276 5.316 5.354 5.389 5.421 5.451 5.478 5.503 5.529 5.556 5.589 5.628 5.675 5.729 5.791 5.862 5.942 6.024 6.110 6.203 6.297 6.390 6.482 6.570 6.653 6.733 6.807 6.893 6.986 7.066 7.134 7.197 7.265 7.339 7.422 7.495 7.510 7.564 7.682
-99.000 -99.000 -99.000 1.646 1.661 1.751 1.946 2.228 2.576 2.954 3.317 3.630 3.884 4.085 4.242 4.366 4.467 4.552 4.626 4.693 4.755 4.813 4.868 4.922 4.973 5.024 5.074 5.122 5.169 5.214 5.258 5.300 5.340 5.378 5.413 5.445 5.475 5.502 5.527 5.553 5.580 5.611 5.649 5.694 5.747 5.807 5.879 5.961 6.043 6.131 6.227 6.325 6.424 6.519 6.611 6.698 6.779 6.854 6.943 7.043 7.128 7.200 7.266 7.333 7.406 7.495 7.560 7.555 7.595 7.702
-99.000 -99.000 1.645 1.648 1.689 1.826 2.064 2.380 2.746 3.125 3.468 3.755 3.985 4.165 4.306 4.420 4.513 4.594 4.665 4.729 4.789 4.845 4.899 4.951 5.001 5.051 5.099 5.146 5.193 5.238 5.281 5.323 5.363 5.400 5.435 5.467 5.497 5.525 5.551 5.577 5.605 5.635 5.672 5.715 5.766 5.827 5.900 5.981 6.065 6.154 6.252 6.354 6.455 6.555 6.651 6.741 6.823 6.900 6.993 7.101 7.192 7.271 7.341 7.412 7.491 7.568 7.609 7.589 7.615 7.708
-99.000 -99.000 1.645 1.658 1.737 1.922 2.197 2.541 2.919 3.288 3.608 3.869 4.076 4.237 4.365 4.469 4.556 4.633 4.701 4.764 4.823 4.879 4.932 4.982 5.032 5.080 5.127 5.173 5.218 5.262 5.304 5.346 5.385 5.422 5.456 5.488 5.518 5.547 5.575 5.603 5.632 5.663 5.699 5.741 5.791 5.852 5.923 6.004 6.088 6.178 6.278 6.381 6.484 6.588 6.689 6.782 6.867 6.945 7.043 7.160 7.260 7.345 7.420 7.497 7.569 7.624 7.645 7.609 7.620 7.697
-99.000 1.645 1.647 1.681 1.806 2.035 2.344 2.708 3.089 3.440 3.736 3.972 4.157 4.302 4.418 4.514 4.596 4.669 4.736 4.798 4.856 4.912 4.964 5.015 5.064 5.111 5.157 5.202 5.246 5.288 5.329 5.370 5.408 5.443 5.477 5.509 5.539 5.570 5.600 5.631 5.663 5.696 5.732 5.773 5.821 5.880 5.949 6.029 6.112 6.203 6.303 6.406 6.512 6.619 6.724 6.822 6.911 6.991 7.095 7.222 7.329 7.419 7.499 7.572 7.630 7.665 7.666 7.614 7.608 7.668
-99.000 1.645 1.654 1.722 1.896 2.163 2.500 2.878 3.253 3.582 3.852 4.065 4.231 4.361 4.467 4.556 4.633 4.704 4.769 4.830 4.888 4.944 4.997 5.048 5.097 5.144 5.190 5.234 5.277 5.317 5.357 5.396 5.432 5.467 5.499 5.531 5.562 5.594 5.627 5.661 5.696 5.732 5.770 5.810 5.857 5.913 5.980 6.058 6.140 6.228 6.328 6.432 6.538 6.648 6.758 6.862 6.957 7.040 7.149 7.283 7.395 7.490 7.568 7.629 7.673 7.689 7.671 7.604 7.580 7.621
-99.000 1.646 1.672 1.784 2.002 2.303 2.662 3.046 3.407 3.712 3.958 4.149 4.297 4.415 4.511 4.594 4.668 4.736 4.800 4.860 4.918 4.974 5.028 5.080 5.130 5.178 5.224 5.268 5.309 5.348 5.386 5.423 5.459 5.492 5.523 5.554 5.586 5.619 5.655 5.693 5.732 5.772 5.812 5.853 5.898 5.951 6.015 6.090 6.169 6.255 6.354 6.458 6.564 6.676 6.792 6.904 7.005 7.088 7.199 7.340 7.456 7.550 7.619 7.670 7.698 7.696 7.662 7.578 7.535 7.559
1.645 1.651 1.707 1.865 2.122 2.452 2.827 3.209 3.550 3.832 4.053 4.224 4.358 4.464 4.553 4.631 4.701 4.766 4.828 4.888 4.946 5.003 5.058 5.111 5.162 5.211 5.257 5.301 5.342 5.380 5.417 5.452 5.486 5.518 5.549 5.580 5.612 5.647 5.686 5.727 5.770 5.814 5.857 5.899 5.943 5.993 6.054 6.126 6.201 6.285 6.382 6.484 6.591 6.706 6.828 6.947 7.052 7.133 7.246 7.392 7.507 7.594 7.655 7.693 7.706 7.688 7.636 7.536 7.477 7.485
1.646 1.664 1.760 1.963 2.253 2.607 2.991 3.363 3.683 3.940 4.139 4.293 4.414 4.511 4.593 4.666 4.732 4.795 4.856 4.915 4.973 5.029 5.085 5.139 5.192 5.242 5.289 5.333 5.375 5.412 5.447 5.481 5.514 5.545 5.575 5.606 5.640 5.677 5.717 5.762 5.809 5.856 5.903 5.947 5.991 6.039 6.097 6.166 6.238 6.319 6.414 6.515 6.622 6.740 6.866 6.989 7.097 7.175 7.286 7.432 7.541 7.621 7.672 7.697 7.696 7.662 7.595 7.480 7.406 7.401
1.649 1.691 1.831 2.073 2.393 2.765 3.151 3.508 3.804 4.037 4.217 4.356 4.465 4.555 4.631 4.700 4.764 4.824 4.883 4.941 4.998 5.054 5.110 5.165 5.219 5.270 5.318 5.363 5.405 5.442 5.476 5.509 5.540 5.571 5.602 5.634 5.668 5.707 5.750 5.796 5.846 5.897 5.947 5.995 6.041 6.088 6.144 6.210 6.280 6.358 6.450 6.550 6.657 6.774 6.900 7.024 7.133 7.207 7.313 7.454 7.559 7.631 7.672 7.686 7.672 7.624 7.544 7.416 7.331 7.319
1.657 1.734 1.918 2.194 2.539 2.922 3.304 3.641 3.913 4.125 4.287 4.412 4.513 4.596 4.668 4.734 4.795 4.853 4.910 4.966 5.023 5.079 5.134 5.189 5.243 5.295 5.344 5.390 5.432 5.469 5.502 5.534 5.565 5.596 5.628 5.660 5.696 5.737 5.781 5.829 5.882 5.936 5.990 6.042 6.091 6.139 6.193 6.258 6.325 6.401 6.489 6.587 6.692 6.808 6.932 7.058 7.170 7.233 7.331 7.468 7.567 7.632 7.663 7.667 7.641 7.581 7.490 7.352 7.261 7.245
1.676 1.795 2.018 2.324 2.689 3.077 3.448 3.763 4.012 4.203 4.350 4.464 4.557 4.635 4.704 4.766 4.825 4.882 4.938 4.993 5.048 5.103 5.158 5.213 5.266 5.318 5.367 5.413 5.455 5.493 5.526 5.558 5.588 5.620 5.652 5.686 5.723 5.766 5.811 5.861 5.916 5.972 6.030 6.086 6.138 6.187 6.243 6.309 6.375 6.448 6.533 6.627 6.732 6.846 6.968 7.101 7.205 7.250 7.339 7.473 7.565 7.623 7.646 7.640 7.603 7.534 7.433 7.289 7.197 7.180
1.709 1.871 2.129 2.461 2.839 3.228 3.583 3.874 4.100 4.273 4.406 4.511 4.598 4.672 4.738 4.799 4.856 4.912 4.966 5.020 5.074 5.128 5.183 5.236 5.289 5.340 5.389 5.435 5.477 5.515 5.548 5.580 5.611 5.642 5.676 5.712 5.751 5.794 5.841 5.891 5.947 6.006 6.066 6.125 6.181 6.237 6.298 6.363 6.429 6.503 6.586 6.678 6.780 6.894 7.019 7.139 7.220 7.256 7.338 7.466 7.554 7.606 7.622 7.608 7.563 7.485 7.378 7.232 7.137 7.119
1.758 1.960 2.248 2.602 2.989 3.372 3.707 3.974 4.180 4.336 4.457 4.554 4.635 4.706 4.770 4.830 4.886 4.941 4.995 5.049 5.102 5.155 5.208 5.261 5.313 5.363 5.411 5.457 5.499 5.537 5.571 5.603 5.635 5.667 5.702 5.739 5.780 5.824 5.870 5.921 5.978 6.038 6.100 6.163 6.226 6.289 6.354 6.421 6.490 6.566 6.648 6.736 6.834 6.946 7.060 7.158 7.225 7.251 7.328 7.451 7.535 7.582 7.592 7.572 7.520 7.436 7.325 7.176 7.080 7.058
1.822 2.060 2.375 2.745 3.136 3.508 3.820 4.065 4.251 4.393 4.503 4.593 4.670 4.738 4.801 4.860 4.916 4.971 5.024 5.077 5.130 5.183 5.235 5.287 5.337 5.387 5.435 5.480 5.522 5.561 5.596 5.630 5.662 5.696 5.732 5.771 5.812 5.856 5.902 5.954 6.010 6.071 6.135 6.203 6.273 6.342 6.412 6.482 6.556 6.637 6.716 6.796 6.889 6.989 7.085 7.167 7.222 7.241 7.312 7.432 7.512 7.555 7.561 7.535 7.477 7.389 7.272 7.119 7.021 6.994
1.900 2.169 2.508 2.889 3.278 3.635 3.924 4.147 4.315 4.444 4.546 4.630 4.703 4.769 4.830 4.888 4.944 4.999 5.053 5.106 5.159 5.211 5.262 5.313 5.364 5.413 5.460 5.506 5.549 5.588 5.626 5.661 5.696 5.731 5.768 5.807 5.848 5.892 5.939 5.990 6.047 6.108 6.175 6.246 6.321 6.397 6.473 6.546 6.624 6.707 6.783 6.857 6.935 7.017 7.099 7.168 7.216 7.229 7.293 7.409 7.486 7.526 7.527 7.497 7.434 7.339 7.215 7.058 6.955 6.920
1.990 2.286 2.644 3.032 3.415 3.753 4.019 4.222 4.375 4.492 4.585 4.664 4.733 4.797 4.857 4.915 4.971 5.026 5.080 5.134 5.186 5.238 5.289 5.340 5.390 5.439 5.487 5.534 5.577 5.618 5.659 5.698 5.735 5.772 5.810 5.850 5.891 5.935 5.982 6.033 6.089 6.150 6.218 6.292 6.371 6.454 6.534 6.607 6.687 6.773 6.845 6.908 6.968 7.035 7.104 7.166 7.209 7.215 7.272 7.385 7.460 7.495 7.492 7.457 7.388 7.285 7.153 6.989 6.879 6.838
2.089 2.411 2.782 3.172 3.545 3.862 4.106 4.291 4.429 4.536 4.623 4.697 4.763 4.825 4.884 4.941 4.997 5.052 5.106 5.159 5.212 5.264 5.315 5.366 5.416 5.465 5.514 5.562 5.607 5.651 5.695 5.737 5.778 5.817 5.857 5.898 5.939 5.983 6.030 6.081 6.137 6.198 6.265 6.340 6.422 6.508 6.589 6.661 6.742 6.831 6.898 6.946 6.994 7.048 7.106 7.164 7.203 7.201 7.253 7.364 7.433 7.462 7.453 7.412 7.336 7.225 7.081 6.910 6.796 6.750
2.198 2.540 2.921 3.309 3.667 3.962 4.186 4.354 4.481 4.579 4.660 4.729 4.792 4.852 4.910 4.966 5.021 5.076 5.130 5.183 5.235 5.286 5.337 5.388 5.439 5.489 5.540 5.590 5.638 5.685 5.733 5.778 5.823 5.866 5.908 5.949 5.991 6.036 6.083 6.133 6.189 6.248 6.315 6.390 6.472 6.558 6.638 6.706 6.786 6.875 6.935 6.976 7.013 7.056 7.108 7.161 7.198 7.189 7.234 7.338 7.400 7.422 7.406 7.358 7.273 7.149 6.995 6.820 6.705 6.662
2.314 2.673 3.059 3.440 3.782 4.054 4.260 4.413 4.529 4.620 4.696 4.762 4.822 4.880 4.936 4.991 5.046 5.100 5.152 5.204 5.256 5.307 5.357 5.408 5.459 5.511 5.564 5.616 5.667 5.717 5.769 5.819 5.868 5.915 5.959 6.002 6.045 6.091 6.139 6.189 6.244 6.301 6.366 6.438 6.516 6.599 6.677 6.740 6.817 6.904 6.963 7.001 7.032 7.069 7.112 7.159 7.193 7.177 7.212 7.309 7.362 7.375 7.350 7.295 7.201 7.068 6.906 6.731 6.624 6.593
