version2/TsunamiDB/out54057.asc
ncols          264
nrows          230
xllcorner      497853.4375
yllcorner      4229146.0000
cellsize         5.
NODATA_value   -99
[rows 0 to 32 of 230, columns 148 to 221 of 264]
4.896 4.927 4.958 4.988 5.016 5.044 5.070 5.095 5.121 5.147 5.172 5.197 5.222 5.247 5.272 5.297 5.322 5.347 5.371 5.396 5.420 5.444 5.468 5.491 5.514 5.537 5.559 5.581 5.601 5.620 5.637 5.654 5.670 5.685 5.698 5.710 5.721 5.731 5.740 5.749 5.759 5.769 5.781 5.794 5.809 5.825 5.843 5.863 5.884 5.906 5.929 5.953 5.977 6.000 6.024 6.049 6.074 6.098 6.123 6.147 6.172 6.196 6.221 6.245 6.269 6.294 6.318 6.342 6.366 6.390 6.414 6.438 6.461 6.484
4.910 4.942 4.973 5.002 5.030 5.058 5.084 5.109 5.134 5.159 5.184 5.209 5.233 5.258 5.282 5.306 5.331 5.355 5.379 5.404 5.428 5.452 5.476 5.500 5.523 5.546 5.569 5.591 5.612 5.632 5.650 5.668 5.686 5.701 5.716 5.729 5.741 5.751 5.760 5.769 5.778 5.787 5.796 5.807 5.820 5.834 5.850 5.868 5.887 5.908 5.930 5.953 5.975 5.998 6.022 6.047 6.071 6.096 6.121 6.146 6.170 6.195 6.220 6.244 6.269 6.293 6.318 6.342 6.367 6.391 6.416 6.440 6.464 6.488
4.925 4.957 4.987 5.017 5.045 5.072 5.098 5.123 5.148 5.172 5.197 5.221 5.245 5.268 5.292 5.316 5.340 5.364 5.388 5.412 5.436 5.460 5.484 5.507 5.531 5.554 5.577 5.600 5.622 5.642 5.662 5.681 5.699 5.716 5.732 5.746 5.759 5.771 5.781 5.790 5.798 5.806 5.815 5.824 5.834 5.846 5.859 5.875 5.892 5.911 5.931 5.953 5.975 5.997 6.021 6.045 6.069 6.094 6.119 6.144 6.169 6.193 6.218 6.243 6.268 6.293 6.318 6.343 6.368 6.392 6.417 6.442 6.466 6.491
4.940 4.971 5.002 5.032 5.060 5.087 5.113 5.137 5.162 5.186 5.210 5.233 5.256 5.280 5.303 5.326 5.349 5.373 5.396 5.420 5.443 5.467 5.491 5.515 5.538 5.562 5.585 5.608 5.630 5.651 5.672 5.692 5.711 5.729 5.746 5.762 5.776 5.789 5.800 5.810 5.819 5.827 5.834 5.842 5.851 5.861 5.872 5.885 5.900 5.917 5.935 5.955 5.976 5.997 6.020 6.044 6.068 6.092 6.117 6.142 6.167 6.192 6.217 6.242 6.267 6.292 6.317 6.343 6.368 6.393 6.418 6.444 6.469 6.494
4.954 4.986 5.017 5.046 5.075 5.102 5.128 5.152 5.176 5.200 5.224 5.247 5.269 5.292 5.314 5.337 5.359 5.382 5.405 5.428 5.451 5.474 5.498 5.521 5.545 5.568 5.592 5.615 5.638 5.659 5.680 5.701 5.721 5.741 5.759 5.776 5.791 5.805 5.818 5.829 5.839 5.847 5.855 5.862 5.870 5.878 5.887 5.898 5.911 5.925 5.942 5.960 5.979 5.999 6.021 6.044 6.067 6.091 6.116 6.140 6.165 6.190 6.215 6.241 6.266 6.291 6.317 6.343 6.368 6.394 6.420 6.445 6.471 6.496
4.968 5.000 5.031 5.061 5.090 5.117 5.143 5.167 5.192 5.215 5.238 5.261 5.283 5.305 5.327 5.348 5.370 5.392 5.414 5.436 5.459 5.482 5.505 5.528 5.551 5.575 5.598 5.621 5.644 5.666 5.687 5.709 5.730 5.750 5.769 5.788 5.804 5.820 5.834 5.846 5.857 5.867 5.875 5.883 5.890 5.897 5.905 5.914 5.924 5.937 5.951 5.967 5.984 6.002 6.023 6.045 6.067 6.091 6.115 6.139 6.164 6.189 6.214 6.240 6.265 6.291 6.317 6.343 6.369 6.395 6.421 6.447 6.473 6.498
4.981 5.014 5.045 5.075 5.104 5.132 5.158 5.183 5.207 5.231 5.254 5.276 5.298 5.319 5.340 5.361 5.382 5.403 5.424 5.446 5.468 5.490 5.512 5.535 5.558 5.581 5.604 5.627 5.650 5.673 5.694 5.716 5.737 5.758 5.778 5.798 5.816 5.832 5.848 5.862 5.874 5.885 5.894 5.903 5.910 5.917 5.924 5.931 5.940 5.950 5.962 5.976 5.991 6.008 6.027 6.047 6.069 6.092 6.115 6.139 6.163 6.188 6.213 6.239 6.264 6.290 6.316 6.343 6.369 6.395 6.422 6.448 6.474 6.501
4.994 5.026 5.058 5.088 5.118 5.146 5.173 5.198 5.223 5.247 5.270 5.292 5.313 5.334 5.355 5.375 5.395 5.416 5.436 5.457 5.477 5.499 5.521 5.543 5.565 5.588 5.610 5.633 5.656 5.678 5.700 5.722 5.744 5.765 5.786 5.806 5.825 5.843 5.860 5.875 5.889 5.901 5.912 5.921 5.929 5.937 5.944 5.950 5.958 5.967 5.977 5.988 6.001 6.015 6.033 6.052 6.072 6.093 6.116 6.139 6.163 6.188 6.213 6.238 6.264 6.290 6.316 6.343 6.369 6.396 6.423 6.449 6.476 6.503
5.006 5.038 5.070 5.101 5.131 5.160 5.187 5.213 5.238 5.262 5.286 5.308 5.330 5.351 5.371 5.391 5.410 5.429 5.449 5.468 5.488 5.509 5.530 5.551 5.572 5.594 5.617 5.639 5.662 5.684 5.705 5.728 5.750 5.772 5.793 5.813 5.833 5.852 5.870 5.887 5.902 5.916 5.928 5.939 5.948 5.956 5.963 5.970 5.977 5.985 5.993 6.003 6.013 6.026 6.041 6.058 6.077 6.097 6.118 6.141 6.164 6.188 6.213 6.238 6.264 6.290 6.316 6.343 6.369 6.396 6.423 6.451 6.478 6.505
5.016 5.049 5.081 5.112 5.143 5.172 5.200 5.226 5.252 5.278 5.302 5.325 5.346 5.367 5.388 5.407 5.426 5.445 5.463 5.482 5.501 5.520 5.540 5.560 5.581 5.602 5.624 5.646 5.668 5.689 5.711 5.733 5.755 5.777 5.799 5.820 5.840 5.860 5.879 5.896 5.913 5.928 5.942 5.954 5.964 5.974 5.982 5.989 5.996 6.003 6.011 6.018 6.027 6.038 6.051 6.066 6.084 6.102 6.122 6.144 6.166 6.190 6.214 6.239 6.264 6.290 6.316 6.343 6.370 6.397 6.424 6.452 6.479 6.507
5.026 5.059 5.091 5.122 5.153 5.183 5.211 5.239 5.266 5.292 5.317 5.340 5.363 5.384 5.405 5.424 5.443 5.461 5.479 5.497 5.515 5.533 5.552 5.571 5.591 5.611 5.631 5.653 5.674 5.695 5.716 5.738 5.760 5.782 5.804 5.825 5.846 5.867 5.886 5.905 5.922 5.939 5.954 5.967 5.979 5.990 5.999 6.007 6.015 6.022 6.029 6.035 6.043 6.052 6.064 6.077 6.092 6.109 6.128 6.148 6.170 6.192 6.216 6.240 6.265 6.291 6.317 6.344 6.371 6.398 6.425 6.453 6.481 6.509
5.036 5.068 5.100 5.131 5.162 5.193 5.222 5.250 5.278 5.305 5.330 5.355 5.379 5.401 5.422 5.442 5.461 5.479 5.497 5.514 5.531 5.548 5.566 5.583 5.602 5.621 5.640 5.661 5.681 5.701 5.722 5.744 5.765 5.787 5.809 5.831 5.852 5.873 5.893 5.912 5.930 5.948 5.964 5.979 5.992 6.004 6.015 6.024 6.032 6.040 6.047 6.053 6.060 6.068 6.078 6.089 6.103 6.118 6.135 6.154 6.174 6.196 6.218 6.242 6.267 6.292 6.318 6.345 6.371 6.399 6.426 6.454 6.482 6.511
5.044 5.076 5.108 5.139 5.170 5.201 5.230 5.259 5.288 5.316 5.343 5.368 5.393 5.416 5.438 5.459 5.478 5.497 5.515 5.532 5.548 5.565 5.581 5.598 5.615 5.633 5.651 5.670 5.689 5.708 5.728 5.749 5.771 5.792 5.814 5.836 5.857 5.878 5.898 5.918 5.937 5.955 5.973 5.988 6.003 6.016 6.028 6.039 6.048 6.056 6.064 6.071 6.077 6.084 6.093 6.103 6.115 6.129 6.144 6.161 6.180 6.200 6.222 6.245 6.269 6.294 6.320 6.346 6.373 6.400 6.428 6.456 6.484 6.513
5.053 5.084 5.115 5.146 5.177 5.208 5.237 5.267 5.296 5.325 5.353 5.380 5.405 5.430 5.453 5.475 5.495 5.515 5.533 5.550 5.567 5.583 5.598 5.614 5.630 5.646 5.663 5.681 5.698 5.716 5.736 5.756 5.777 5.798 5.819 5.841 5.862 5.883 5.904 5.924 5.943 5.962 5.980 5.997 6.013 6.027 6.040 6.052 6.062 6.072 6.080 6.087 6.093 6.101 6.109 6.118 6.128 6.140 6.154 6.170 6.187 6.206 6.227 6.249 6.272 6.296 6.322 6.348 6.374 6.401 6.429 6.457 6.486 6.514
5.060 5.091 5.122 5.153 5.184 5.214 5.243 5.273 5.303 5.333 5.361 5.389 5.416 5.441 5.466 5.489 5.511 5.531 5.550 5.568 5.585 5.601 5.617 5.632 5.647 5.662 5.677 5.694 5.709 5.726 5.744 5.763 5.783 5.804 5.825 5.846 5.867 5.888 5.909 5.929 5.949 5.968 5.987 6.004 6.021 6.036 6.051 6.063 6.075 6.085 6.095 6.103 6.109 6.117 6.124 6.133 6.143 6.153 6.166 6.180 6.196 6.214 6.233 6.254 6.276 6.300 6.324 6.350 6.376 6.403 6.431 6.459 6.487 6.516
5.068 5.098 5.129 5.159 5.190 5.219 5.248 5.279 5.309 5.339 5.368 5.396 5.424 5.451 5.476 5.501 5.524 5.546 5.566 5.585 5.603 5.620 5.635 5.650 5.665 5.679 5.693 5.708 5.723 5.738 5.755 5.772 5.791 5.811 5.831 5.851 5.872 5.893 5.914 5.934 5.954 5.974 5.993 6.011 6.028 6.045 6.060 6.074 6.086 6.098 6.108 6.117 6.124 6.132 6.140 6.148 6.157 6.167 6.178 6.191 6.206 6.222 6.240 6.260 6.281 6.304 6.327 6.352 6.378 6.405 6.432 6.461 6.489 6.518
5.076 5.105 5.135 5.165 5.195 5.224 5.253 5.283 5.313 5.343 5.373 5.402 5.430 5.458 5.485 5.510 5.535 5.558 5.580 5.601 5.620 5.637 5.654 5.669 5.683 5.697 5.711 5.725 5.738 5.752 5.767 5.783 5.801 5.819 5.838 5.857 5.878 5.898 5.919 5.939 5.959 5.979 5.998 6.017 6.035 6.052 6.068 6.082 6.096 6.108 6.120 6.129 6.138 6.146 6.154 6.162 6.171 6.181 6.191 6.203 6.216 6.231 6.248 6.267 6.287 6.308 6.331 6.356 6.381 6.407 6.435 6.462 6.491 6.520
5.084 5.113 5.142 5.171 5.200 5.229 5.258 5.287 5.317 5.347 5.376 5.406 5.435 5.463 5.491 5.517 5.543 5.568 5.591 5.613 5.634 5.653 5.670 5.687 5.702 5.716 5.729 5.743 5.755 5.767 5.781 5.796 5.812 5.828 5.846 5.865 5.884 5.904 5.924 5.944 5.964 5.984 6.004 6.023 6.041 6.058 6.075 6.090 6.105 6.118 6.130 6.141 6.150 6.159 6.167 6.176 6.185 6.194 6.204 6.215 6.227 6.241 6.257 6.274 6.293 6.314 6.336 6.359 6.384 6.410 6.437 6.465 6.493 6.522
5.091 5.120 5.148 5.177 5.206 5.234 5.262 5.291 5.320 5.350 5.379 5.408 5.437 5.466 5.494 5.522 5.549 5.575 5.600 5.623 5.645 5.666 5.685 5.703 5.719 5.734 5.748 5.761 5.773 5.784 5.797 5.810 5.825 5.840 5.856 5.873 5.892 5.911 5.930 5.950 5.969 5.989 6.009 6.028 6.047 6.064 6.081 6.097 6.112 6.127 6.140 6.151 6.161 6.170 6.180 6.189 6.198 6.207 6.217 6.227 6.239 6.252 6.267 6.283 6.301 6.320 6.341 6.364 6.388 6.413 6.440 6.467 6.495 6.524
5.100 5.127 5.155 5.183 5.212 5.239 5.267 5.295 5.324 5.353 5.382 5.411 5.439 5.468 5.497 5.525 5.552 5.579 5.605 5.630 5.654 5.676 5.697 5.716 5.734 5.750 5.765 5.779 5.791 5.802 5.814 5.826 5.839 5.853 5.868 5.884 5.901 5.918 5.937 5.956 5.975 5.995 6.014 6.033 6.052 6.070 6.087 6.104 6.120 6.134 6.148 6.160 6.170 6.181 6.191 6.201 6.210 6.219 6.229 6.239 6.251 6.263 6.277 6.292 6.309 6.327 6.347 6.369 6.392 6.417 6.443 6.470 6.498 6.526
5.108 5.135 5.163 5.190 5.218 5.245 5.271 5.299 5.327 5.355 5.384 5.412 5.441 5.469 5.498 5.526 5.554 5.582 5.609 5.635 5.660 5.684 5.706 5.727 5.746 5.764 5.780 5.795 5.808 5.820 5.832 5.843 5.855 5.868 5.881 5.896 5.911 5.928 5.945 5.963 5.982 6.001 6.020 6.039 6.057 6.075 6.093 6.110 6.126 6.141 6.155 6.168 6.179 6.190 6.201 6.211 6.221 6.231 6.241 6.251 6.262 6.274 6.287 6.301 6.317 6.335 6.354 6.375 6.397 6.421 6.446 6.473 6.500 6.529
5.117 5.144 5.171 5.197 5.224 5.250 5.276 5.304 5.331 5.358 5.386 5.414 5.442 5.470 5.499 5.527 5.555 5.583 5.610 5.637 5.663 5.688 5.712 5.734 5.756 5.775 5.793 5.810 5.824 5.836 5.849 5.861 5.872 5.884 5.896 5.909 5.923 5.938 5.954 5.971 5.989 6.007 6.026 6.044 6.063 6.081 6.099 6.116 6.132 6.148 6.162 6.175 6.187 6.199 6.211 6.221 6.232 6.242 6.252 6.262 6.273 6.285 6.297 6.311 6.326 6.343 6.361 6.381 6.402 6.425 6.450 6.476 6.503 6.531
5.127 5.153 5.179 5.205 5.231 5.257 5.282 5.308 5.335 5.362 5.389 5.416 5.443 5.471 5.499 5.527 5.555 5.583 5.610 5.637 5.664 5.690 5.715 5.739 5.762 5.783 5.803 5.821 5.837 5.851 5.864 5.877 5.889 5.900 5.912 5.924 5.937 5.950 5.965 5.981 5.997 6.015 6.032 6.050 6.068 6.086 6.104 6.121 6.138 6.154 6.169 6.182 6.195 6.207 6.219 6.231 6.242 6.252 6.263 6.273 6.284 6.295 6.307 6.321 6.335 6.351 6.368 6.387 6.408 6.430 6.454 6.480 6.507 6.534
5.136 5.162 5.188 5.213 5.239 5.264 5.288 5.314 5.339 5.365 5.392 5.418 5.445 5.472 5.499 5.527 5.554 5.582 5.609 5.637 5.664 5.690 5.716 5.741 5.765 5.788 5.809 5.829 5.847 5.863 5.878 5.891 5.904 5.916 5.928 5.939 5.951 5.964 5.977 5.992 6.007 6.023 6.040 6.057 6.075 6.092 6.110 6.127 6.144 6.160 6.175 6.189 6.202 6.215 6.227 6.239 6.251 6.262 6.273 6.284 6.294 6.306 6.318 6.330 6.344 6.359 6.376 6.394 6.414 6.436 6.459 6.483 6.510 6.537
5.147 5.172 5.197 5.222 5.247 5.271 5.295 5.320 5.345 5.370 5.395 5.421 5.447 5.473 5.500 5.527 5.554 5.581 5.608 5.636 5.663 5.689 5.716 5.742 5.767 5.790 5.813 5.835 5.854 5.871 5.888 5.903 5.917 5.930 5.942 5.954 5.966 5.978 5.990 6.003 6.018 6.033 6.048 6.065 6.082 6.099 6.116 6.133 6.149 6.166 6.181 6.195 6.208 6.222 6.235 6.247 6.259 6.271 6.282 6.293 6.305 6.316 6.328 6.340 6.354 6.368 6.384 6.401 6.420 6.441 6.464 6.488 6.513 6.540
5.158 5.183 5.207 5.231 5.256 5.279 5.302 5.326 5.350 5.375 5.399 5.424 5.450 5.475 5.501 5.527 5.554 5.580 5.607 5.634 5.661 5.688 5.714 5.741 5.766 5.791 5.815 5.837 5.858 5.877 5.896 5.913 5.928 5.942 5.956 5.968 5.980 5.991 6.003 6.016 6.029 6.043 6.058 6.073 6.089 6.105 6.122 6.139 6.155 6.172 6.187 6.201 6.215 6.229 6.242 6.255 6.268 6.280 6.291 6.303 6.314 6.326 6.338 6.350 6.363 6.377 6.392 6.409 6.427 6.447 6.469 6.492 6.517 6.543
5.170 5.194 5.218 5.241 5.265 5.288 5.310 5.333 5.357 5.380 5.404 5.428 5.453 5.478 5.503 5.528 5.554 5.580 5.606 5.633 5.659 5.686 5.712 5.739 5.765 5.790 5.814 5.838 5.860 5.880 5.900 5.919 5.936 5.952 5.966 5.980 5.992 6.004 6.016 6.028 6.041 6.054 6.068 6.082 6.097 6.113 6.129 6.145 6.162 6.178 6.193 6.207 6.221 6.236 6.249 6.263 6.276 6.288 6.300 6.312 6.324 6.335 6.347 6.359 6.372 6.386 6.401 6.417 6.434 6.453 6.474 6.497 6.521 6.546
5.182 5.206 5.229 5.252 5.275 5.297 5.319 5.341 5.364 5.387 5.410 5.433 5.457 5.481 5.505 5.530 5.555 5.580 5.606 5.632 5.658 5.684 5.710 5.736 5.762 5.788 5.813 5.837 5.860 5.881 5.903 5.923 5.941 5.959 5.975 5.989 6.003 6.016 6.028 6.040 6.052 6.065 6.078 6.091 6.106 6.121 6.136 6.152 6.168 6.184 6.199 6.213 6.228 6.242 6.256 6.270 6.284 6.297 6.309 6.321 6.333 6.345 6.357 6.369 6.382 6.395 6.409 6.425 6.441 6.460 6.480 6.501 6.525 6.549
5.194 5.218 5.241 5.264 5.286 5.307 5.328 5.350 5.372 5.394 5.416 5.439 5.462 5.485 5.508 5.532 5.557 5.581 5.606 5.631 5.657 5.683 5.708 5.734 5.760 5.786 5.811 5.835 5.858 5.881 5.903 5.924 5.944 5.963 5.980 5.996 6.011 6.025 6.038 6.051 6.063 6.075 6.088 6.101 6.114 6.128 6.143 6.158 6.174 6.190 6.205 6.219 6.234 6.249 6.263 6.277 6.291 6.305 6.317 6.330 6.342 6.354 6.366 6.378 6.391 6.404 6.418 6.432 6.449 6.466 6.485 6.506 6.529 6.553
5.207 5.231 5.253 5.276 5.297 5.318 5.339 5.360 5.381 5.402 5.424 5.445 5.467 5.490 5.512 5.535 5.559 5.583 5.607 5.632 5.656 5.682 5.707 5.732 5.758 5.783 5.808 5.833 5.855 5.879 5.902 5.924 5.945 5.965 5.983 6.001 6.017 6.032 6.046 6.059 6.072 6.084 6.097 6.109 6.123 6.136 6.150 6.165 6.180 6.196 6.211 6.225 6.240 6.255 6.270 6.284 6.299 6.312 6.326 6.339 6.351 6.363 6.375 6.388 6.400 6.413 6.426 6.440 6.456 6.473 6.491 6.511 6.533 6.556
5.221 5.244 5.266 5.288 5.310 5.330 5.350 5.370 5.391 5.411 5.432 5.453 5.474 5.495 5.517 5.539 5.562 5.585 5.609 5.632 5.657 5.681 5.706 5.731 5.756 5.781 5.806 5.830 5.853 5.876 5.900 5.922 5.944 5.965 5.985 6.003 6.020 6.037 6.052 6.066 6.079 6.092 6.105 6.117 6.130 6.143 6.157 6.172 6.186 6.202 6.216 6.231 6.246 6.261 6.276 6.291 6.306 6.320 6.334 6.347 6.360 6.372 6.384 6.397 6.409 6.421 6.435 6.448 6.463 6.479 6.497 6.516 6.537 6.559
5.234 5.257 5.280 5.301 5.322 5.342 5.362 5.382 5.402 5.422 5.441 5.461 5.482 5.502 5.523 5.544 5.566 5.588 5.611 5.634 5.657 5.681 5.705 5.729 5.754 5.779 5.803 5.827 5.850 5.874 5.897 5.920 5.942 5.964 5.984 6.003 6.022 6.039 6.055 6.070 6.084 6.098 6.111 6.124 6.137 6.150 6.163 6.177 6.192 6.207 6.222 6.236 6.251 6.267 6.282 6.297 6.312 6.327 6.341 6.355 6.368 6.381 6.393 6.406 6.418 6.430 6.443 6.456 6.471 6.486 6.503 6.521 6.541 6.562
5.248 5.271 5.293 5.315 5.335 5.354 5.374 5.394 5.413 5.433 5.452 5.471 5.490 5.510 5.530 5.550 5.571 5.592 5.614 5.636 5.659 5.682 5.705 5.729 5.753 5.777 5.801 5.824 5.847 5.871 5.894 5.917 5.940 5.961 5.982 6.002 6.022 6.040 6.056 6.072 6.087 6.102 6.115 6.129 6.142 6.155 6.169 6.182 6.197 6.212 6.226 6.241 6.256 6.272 6.287 6.303 6.319 6.334 6.348 6.362 6.376 6.389 6.402 6.414 6.426 6.439 6.451 6.464 6.478 6.493 6.509 6.526 6.545 6.565
