version2/TsunamiDB/out54125.asc
ncols          264
nrows          230
xllcorner      497853.4375
yllcorner      4229146.0000
cellsize         5.
NODATA_value   -99
[rows 170 to 203 of 230, columns 154 to 230 of 264]
7.239 7.249 7.260 7.271 7.282 7.293 7.303 7.313 7.322 7.329 7.332 7.331 7.327 7.326 7.325 7.325 7.333 7.351 7.379 7.417 7.465 7.519 7.574 7.617 7.667 7.736 7.806 7.876 7.943 8.007 8.068 8.122 8.170 8.201 8.233 8.278 8.320 8.360 8.396 8.428 8.457 8.482 8.504 8.518 8.531 8.551 8.570 8.588 8.604 8.620 8.635 8.649 8.663 8.670 8.677 8.690 8.702 8.714 8.725 8.734 8.742 8.749 8.754 8.756 8.756 8.760 8.763 8.765 8.766 8.767 8.766 8.765 8.763 8.758 8.751 8.747 8.742
7.243 7.254 7.264 7.275 7.286 7.297 7.307 7.317 7.327 7.334 7.338 7.337 7.335 7.335 7.336 7.339 7.350 7.371 7.401 7.440 7.490 7.546 7.603 7.647 7.698 7.769 7.841 7.912 7.979 8.043 8.103 8.157 8.203 8.232 8.263 8.305 8.346 8.384 8.418 8.449 8.477 8.501 8.522 8.536 8.549 8.568 8.587 8.604 8.620 8.635 8.650 8.664 8.677 8.685 8.692 8.705 8.717 8.729 8.740 8.749 8.757 8.764 8.769 8.771 8.772 8.776 8.779 8.782 8.783 8.784 8.785 8.784 8.784 8.779 8.774 8.771 8.768
7.248 7.258 7.269 7.280 7.291 7.301 7.312 7.323 7.333 7.341 7.345 7.345 7.344 7.346 7.349 7.355 7.369 7.391 7.422 7.463 7.514 7.572 7.632 7.677 7.730 7.803 7.876 7.947 8.015 8.078 8.137 8.189 8.233 8.261 8.291 8.331 8.370 8.406 8.439 8.468 8.496 8.520 8.541 8.554 8.567 8.586 8.603 8.620 8.636 8.650 8.665 8.679 8.692 8.699 8.706 8.720 8.732 8.744 8.754 8.764 8.772 8.778 8.784 8.785 8.786 8.790 8.794 8.797 8.799 8.800 8.801 8.802 8.802 8.799 8.795 8.794 8.793
7.253 7.263 7.274 7.285 7.296 7.307 7.318 7.328 7.339 7.348 7.353 7.354 7.354 7.358 7.363 7.371 7.387 7.412 7.444 7.486 7.539 7.599 7.662 7.709 7.762 7.837 7.911 7.982 8.048 8.111 8.169 8.219 8.261 8.288 8.316 8.355 8.392 8.427 8.458 8.487 8.514 8.537 8.558 8.571 8.584 8.602 8.619 8.636 8.651 8.665 8.679 8.693 8.706 8.714 8.721 8.734 8.747 8.758 8.768 8.777 8.785 8.792 8.797 8.799 8.800 8.804 8.807 8.810 8.812 8.814 8.816 8.818 8.819 8.817 8.815 8.815 8.815
7.258 7.269 7.280 7.291 7.302 7.313 7.324 7.335 7.346 7.355 7.361 7.364 7.365 7.371 7.379 7.389 7.406 7.432 7.466 7.509 7.563 7.625 7.691 7.740 7.794 7.869 7.943 8.014 8.079 8.142 8.199 8.247 8.288 8.314 8.340 8.377 8.413 8.447 8.477 8.506 8.532 8.555 8.575 8.588 8.600 8.618 8.635 8.651 8.666 8.680 8.693 8.707 8.720 8.728 8.735 8.748 8.760 8.772 8.781 8.790 8.798 8.804 8.810 8.811 8.812 8.816 8.820 8.823 8.825 8.828 8.830 8.832 8.835 8.834 8.832 8.833 8.834
7.264 7.275 7.286 7.297 7.308 7.319 7.331 7.342 7.354 7.364 7.371 7.374 7.377 7.384 7.394 7.405 7.425 7.452 7.487 7.531 7.586 7.650 7.721 7.771 7.826 7.902 7.975 8.045 8.110 8.172 8.228 8.275 8.314 8.338 8.363 8.399 8.434 8.466 8.496 8.525 8.550 8.573 8.593 8.605 8.617 8.634 8.651 8.667 8.681 8.694 8.707 8.721 8.735 8.743 8.750 8.762 8.774 8.785 8.794 8.803 8.811 8.817 8.822 8.823 8.824 8.828 8.831 8.835 8.837 8.840 8.843 8.845 8.849 8.849 8.848 8.851 8.852
7.270 7.281 7.292 7.303 7.314 7.326 7.338 7.350 7.362 7.373 7.381 7.385 7.389 7.398 7.409 7.422 7.442 7.471 7.508 7.553 7.609 7.681 7.755 7.804 7.858 7.934 8.007 8.076 8.141 8.201 8.256 8.300 8.337 8.360 8.385 8.420 8.454 8.486 8.515 8.543 8.568 8.590 8.609 8.621 8.633 8.650 8.666 8.682 8.696 8.709 8.722 8.736 8.751 8.758 8.764 8.777 8.788 8.798 8.807 8.816 8.823 8.828 8.833 8.834 8.835 8.839 8.842 8.846 8.849 8.852 8.854 8.858 8.863 8.863 8.863 8.866 8.869
7.275 7.286 7.298 7.309 7.321 7.333 7.345 7.358 7.370 7.382 7.391 7.396 7.401 7.412 7.424 7.439 7.461 7.491 7.530 7.578 7.640 7.714 7.785 7.834 7.889 7.964 8.036 8.105 8.168 8.227 8.280 8.322 8.359 8.382 8.406 8.440 8.473 8.505 8.534 8.561 8.586 8.607 8.626 8.637 8.649 8.665 8.682 8.697 8.711 8.725 8.738 8.752 8.766 8.772 8.779 8.790 8.801 8.811 8.820 8.827 8.834 8.839 8.843 8.844 8.845 8.849 8.853 8.856 8.860 8.863 8.866 8.871 8.875 8.876 8.876 8.880 8.883
7.281 7.293 7.304 7.316 7.328 7.340 7.353 7.366 7.380 7.392 7.402 7.408 7.415 7.427 7.440 7.456 7.480 7.513 7.554 7.606 7.671 7.743 7.813 7.862 7.917 7.992 8.063 8.131 8.194 8.251 8.301 8.343 8.380 8.403 8.425 8.459 8.492 8.523 8.552 8.578 8.602 8.623 8.642 8.653 8.664 8.681 8.698 8.713 8.727 8.741 8.754 8.767 8.780 8.787 8.793 8.804 8.814 8.823 8.831 8.839 8.845 8.850 8.854 8.855 8.856 8.859 8.863 8.867 8.870 8.874 8.878 8.882 8.887 8.888 8.889 8.893 8.896
7.287 7.299 7.310 7.323 7.335 7.348 7.361 7.375 7.389 7.402 7.413 7.421 7.428 7.441 7.457 7.474 7.500 7.535 7.579 7.634 7.700 7.770 7.839 7.888 7.943 8.017 8.088 8.155 8.216 8.271 8.321 8.363 8.400 8.422 8.445 8.479 8.511 8.542 8.570 8.595 8.619 8.639 8.658 8.669 8.680 8.697 8.713 8.729 8.743 8.757 8.770 8.783 8.795 8.801 8.807 8.817 8.827 8.835 8.843 8.850 8.855 8.860 8.864 8.865 8.865 8.869 8.873 8.877 8.881 8.885 8.889 8.894 8.898 8.899 8.900 8.904 8.908
7.293 7.305 7.317 7.330 7.342 7.356 7.370 7.384 7.399 7.413 7.425 7.434 7.443 7.457 7.474 7.494 7.522 7.559 7.605 7.660 7.725 7.794 7.862 7.911 7.966 8.040 8.110 8.177 8.236 8.291 8.339 8.382 8.419 8.441 8.464 8.497 8.529 8.560 8.587 8.612 8.635 8.655 8.674 8.685 8.696 8.713 8.729 8.745 8.759 8.773 8.786 8.798 8.810 8.815 8.821 8.830 8.839 8.847 8.854 8.860 8.865 8.870 8.874 8.875 8.875 8.879 8.883 8.887 8.891 8.895 8.900 8.904 8.909 8.910 8.911 8.915 8.919
7.299 7.311 7.324 7.337 7.350 7.364 7.378 7.393 7.409 7.424 7.437 7.447 7.457 7.473 7.492 7.513 7.543 7.582 7.629 7.684 7.747 7.815 7.883 7.932 7.987 8.060 8.130 8.196 8.255 8.309 8.357 8.399 8.437 8.459 8.482 8.515 8.547 8.577 8.603 8.628 8.651 8.671 8.690 8.701 8.711 8.728 8.745 8.761 8.775 8.789 8.801 8.813 8.824 8.829 8.834 8.843 8.851 8.858 8.865 8.870 8.875 8.880 8.884 8.885 8.885 8.889 8.893 8.898 8.902 8.906 8.910 8.914 8.919 8.920 8.921 8.925 8.929
7.305 7.318 7.330 7.344 7.358 7.372 7.387 7.403 7.420 7.436 7.450 7.460 7.472 7.490 7.510 7.533 7.564 7.604 7.650 7.704 7.767 7.834 7.902 7.952 8.006 8.079 8.149 8.214 8.273 8.326 8.374 8.417 8.455 8.477 8.499 8.533 8.564 8.594 8.620 8.644 8.666 8.687 8.706 8.717 8.727 8.744 8.761 8.777 8.791 8.804 8.816 8.828 8.838 8.842 8.847 8.855 8.862 8.869 8.875 8.880 8.885 8.889 8.894 8.894 8.895 8.899 8.904 8.908 8.912 8.916 8.920 8.924 8.929 8.930 8.931 8.935 8.939
7.311 7.324 7.337 7.351 7.366 7.381 7.396 7.413 7.430 7.447 7.462 7.474 7.487 7.506 7.528 7.552 7.585 7.624 7.670 7.723 7.785 7.852 7.920 7.971 8.025 8.098 8.167 8.231 8.289 8.342 8.391 8.433 8.471 8.494 8.516 8.549 8.581 8.610 8.635 8.659 8.682 8.702 8.721 8.732 8.742 8.760 8.776 8.791 8.805 8.818 8.831 8.841 8.850 8.854 8.858 8.866 8.873 8.879 8.885 8.890 8.895 8.899 8.903 8.904 8.905 8.909 8.914 8.918 8.922 8.926 8.930 8.934 8.938 8.939 8.940 8.944 8.948
7.318 7.331 7.345 7.359 7.374 7.389 7.406 7.423 7.441 7.459 7.474 7.487 7.502 7.522 7.546 7.571 7.604 7.644 7.690 7.742 7.803 7.869 7.938 7.988 8.043 8.114 8.183 8.246 8.304 8.357 8.406 8.449 8.487 8.509 8.531 8.565 8.596 8.625 8.650 8.674 8.696 8.717 8.736 8.747 8.757 8.774 8.791 8.806 8.819 8.832 8.844 8.854 8.862 8.866 8.870 8.877 8.883 8.890 8.895 8.900 8.904 8.908 8.913 8.914 8.915 8.919 8.923 8.928 8.932 8.936 8.940 8.944 8.948 8.949 8.950 8.954 8.957
7.324 7.338 7.352 7.367 7.382 7.398 7.415 7.433 7.452 7.470 7.486 7.501 7.516 7.537 7.562 7.589 7.622 7.662 7.707 7.759 7.818 7.884 7.955 8.006 8.059 8.130 8.198 8.261 8.318 8.371 8.420 8.463 8.502 8.524 8.546 8.580 8.611 8.640 8.665 8.689 8.711 8.732 8.751 8.762 8.772 8.789 8.805 8.820 8.833 8.846 8.857 8.867 8.874 8.877 8.881 8.887 8.893 8.899 8.904 8.909 8.914 8.918 8.922 8.924 8.925 8.929 8.933 8.938 8.942 8.946 8.950 8.954 8.958 8.958 8.959 8.963 8.967
7.331 7.345 7.359 7.375 7.390 7.407 7.425 7.443 7.462 7.481 7.498 7.512 7.528 7.551 7.577 7.605 7.639 7.679 7.724 7.775 7.833 7.902 7.974 8.023 8.076 8.146 8.213 8.275 8.332 8.385 8.434 8.477 8.516 8.538 8.560 8.594 8.625 8.654 8.680 8.704 8.725 8.747 8.767 8.777 8.787 8.803 8.819 8.833 8.846 8.858 8.869 8.878 8.885 8.888 8.891 8.897 8.903 8.909 8.914 8.918 8.923 8.927 8.932 8.933 8.934 8.939 8.943 8.948 8.952 8.956 8.959 8.963 8.967 8.968 8.969 8.972 8.976
7.338 7.352 7.367 7.382 7.399 7.416 7.434 7.453 7.472 7.491 7.507 7.522 7.540 7.565 7.593 7.622 7.657 7.697 7.742 7.793 7.853 7.923 7.992 8.040 8.092 8.161 8.227 8.288 8.345 8.398 8.446 8.490 8.529 8.552 8.574 8.607 8.639 8.668 8.694 8.718 8.740 8.761 8.781 8.791 8.801 8.817 8.832 8.846 8.859 8.870 8.880 8.888 8.894 8.897 8.900 8.906 8.912 8.918 8.922 8.927 8.932 8.937 8.941 8.942 8.944 8.948 8.953 8.957 8.961 8.965 8.969 8.973 8.977 8.977 8.978 8.981 8.984
7.345 7.360 7.375 7.390 7.407 7.425 7.443 7.462 7.481 7.499 7.516 7.532 7.553 7.579 7.608 7.638 7.674 7.715 7.761 7.813 7.875 7.942 8.008 8.056 8.108 8.175 8.241 8.302 8.358 8.410 8.458 8.502 8.541 8.564 8.586 8.620 8.653 8.682 8.708 8.733 8.755 8.776 8.795 8.805 8.814 8.830 8.845 8.858 8.870 8.880 8.889 8.897 8.903 8.906 8.909 8.915 8.921 8.926 8.931 8.936 8.941 8.945 8.950 8.951 8.952 8.957 8.962 8.967 8.971 8.975 8.979 8.983 8.986 8.987 8.987 8.990 8.993
7.352 7.367 7.382 7.398 7.415 7.433 7.451 7.470 7.489 7.506 7.524 7.543 7.565 7.593 7.623 7.655 7.693 7.734 7.781 7.834 7.894 7.960 8.024 8.072 8.123 8.190 8.255 8.315 8.370 8.422 8.469 8.513 8.553 8.576 8.598 8.633 8.666 8.696 8.722 8.747 8.769 8.790 8.808 8.817 8.826 8.842 8.856 8.869 8.880 8.889 8.898 8.905 8.912 8.915 8.917 8.923 8.929 8.934 8.939 8.944 8.949 8.954 8.958 8.960 8.961 8.966 8.971 8.975 8.980 8.984 8.988 8.992 8.995 8.995 8.996 8.999 9.001
7.359 7.374 7.390 7.406 7.423 7.440 7.459 7.477 7.495 7.513 7.532 7.553 7.577 7.607 7.639 7.673 7.711 7.755 7.802 7.854 7.913 7.977 8.041 8.089 8.139 8.206 8.269 8.329 8.384 8.434 8.481 8.524 8.564 8.587 8.610 8.645 8.679 8.709 8.736 8.761 8.783 8.803 8.821 8.830 8.838 8.853 8.866 8.878 8.889 8.898 8.906 8.913 8.919 8.922 8.925 8.931 8.936 8.942 8.947 8.952 8.957 8.961 8.966 8.967 8.969 8.974 8.979 8.984 8.989 8.993 8.997 9.000 9.004 9.004 9.004 9.007 9.009
7.366 7.382 7.397 7.413 7.430 7.447 7.464 7.482 7.501 7.520 7.540 7.563 7.589 7.621 7.655 7.690 7.731 7.775 7.822 7.874 7.931 7.993 8.058 8.106 8.156 8.222 8.286 8.345 8.397 8.446 8.492 8.534 8.575 8.598 8.621 8.657 8.691 8.722 8.749 8.774 8.796 8.815 8.833 8.841 8.849 8.863 8.876 8.887 8.897 8.905 8.913 8.920 8.927 8.929 8.932 8.938 8.944 8.949 8.954 8.959 8.964 8.968 8.973 8.975 8.976 8.982 8.987 8.992 8.997 9.001 9.005 9.009 9.012 9.012 9.012 9.014 9.017
7.373 7.388 7.403 7.419 7.435 7.452 7.469 7.487 7.506 7.525 7.547 7.573 7.602 7.635 7.670 7.708 7.750 7.794 7.841 7.892 7.947 8.010 8.076 8.125 8.174 8.241 8.304 8.361 8.411 8.459 8.502 8.545 8.585 8.609 8.632 8.669 8.703 8.734 8.761 8.786 8.808 8.827 8.843 8.851 8.859 8.872 8.884 8.895 8.904 8.912 8.919 8.926 8.933 8.936 8.939 8.945 8.950 8.956 8.961 8.965 8.970 8.975 8.980 8.982 8.984 8.989 8.995 9.000 9.004 9.009 9.013 9.016 9.019 9.019 9.019 9.021 9.023
7.379 7.394 7.409 7.424 7.440 7.456 7.473 7.491 7.510 7.531 7.555 7.583 7.614 7.648 7.685 7.724 7.767 7.813 7.859 7.909 7.965 8.029 8.096 8.146 8.195 8.261 8.323 8.377 8.426 8.471 8.513 8.555 8.596 8.620 8.643 8.680 8.714 8.745 8.772 8.797 8.818 8.837 8.852 8.860 8.867 8.880 8.891 8.901 8.910 8.918 8.925 8.932 8.939 8.942 8.945 8.950 8.956 8.962 8.967 8.971 8.976 8.981 8.987 8.989 8.990 8.996 9.001 9.007 9.011 9.016 9.020 9.023 9.026 9.026 9.026 9.028 9.030
7.384 7.399 7.414 7.428 7.444 7.459 7.475 7.493 7.513 7.536 7.563 7.592 7.625 7.660 7.698 7.739 7.784 7.831 7.878 7.929 7.984 8.048 8.117 8.168 8.218 8.282 8.342 8.394 8.441 8.484 8.525 8.565 8.606 8.630 8.653 8.690 8.724 8.755 8.782 8.806 8.828 8.846 8.861 8.868 8.875 8.887 8.897 8.907 8.916 8.923 8.931 8.938 8.944 8.947 8.950 8.956 8.962 8.967 8.972 8.977 8.982 8.987 8.993 8.995 8.997 9.002 9.008 9.013 9.018 9.022 9.026 9.029 9.032 9.032 9.032 9.034 9.035
7.389 7.404 7.417 7.431 7.446 7.460 7.477 7.495 7.516 7.541 7.570 7.602 7.636 7.672 7.711 7.754 7.802 7.850 7.898 7.950 8.004 8.069 8.144 8.195 8.243 8.306 8.363 8.413 8.457 8.498 8.536 8.576 8.617 8.641 8.664 8.701 8.734 8.764 8.791 8.815 8.836 8.854 8.868 8.875 8.882 8.893 8.903 8.913 8.921 8.929 8.936 8.943 8.949 8.952 8.955 8.961 8.967 8.972 8.978 8.982 8.987 8.993 8.999 9.001 9.003 9.009 9.014 9.019 9.024 9.028 9.032 9.035 9.038 9.037 9.037 9.039 9.041
7.393 7.406 7.419 7.433 7.447 7.462 7.478 7.497 7.520 7.547 7.577 7.610 7.646 7.684 7.724 7.769 7.819 7.869 7.921 7.973 8.028 8.101 8.179 8.226 8.271 8.331 8.385 8.431 8.473 8.512 8.548 8.589 8.631 8.653 8.675 8.711 8.743 8.773 8.799 8.823 8.844 8.860 8.874 8.881 8.887 8.898 8.908 8.918 8.926 8.933 8.940 8.947 8.954 8.957 8.959 8.966 8.972 8.977 8.983 8.988 8.992 8.998 9.005 9.007 9.009 9.015 9.020 9.025 9.029 9.034 9.038 9.040 9.042 9.042 9.042 9.044 9.046
7.395 7.408 7.420 7.434 7.449 7.463 7.480 7.500 7.524 7.552 7.583 7.618 7.657 7.697 7.738 7.787 7.839 7.893 7.947 8.003 8.066 8.141 8.212 8.256 8.300 8.356 8.406 8.451 8.490 8.527 8.564 8.604 8.643 8.664 8.686 8.720 8.752 8.780 8.805 8.829 8.849 8.865 8.878 8.885 8.892 8.903 8.913 8.922 8.930 8.937 8.944 8.951 8.958 8.961 8.964 8.970 8.976 8.982 8.987 8.993 8.998 9.004 9.010 9.012 9.015 9.020 9.025 9.030 9.034 9.038 9.042 9.044 9.046 9.046 9.046 9.048 9.050
7.397 7.410 7.422 7.436 7.450 7.465 7.483 7.504 7.528 7.556 7.589 7.627 7.670 7.712 7.753 7.806 7.863 7.921 7.979 8.041 8.108 8.179 8.244 8.286 8.328 8.380 8.428 8.470 8.508 8.545 8.581 8.618 8.655 8.675 8.696 8.728 8.759 8.786 8.811 8.833 8.852 8.868 8.882 8.889 8.896 8.906 8.916 8.925 8.933 8.941 8.948 8.955 8.961 8.964 8.967 8.974 8.980 8.986 8.992 8.998 9.003 9.009 9.016 9.018 9.020 9.025 9.030 9.035 9.039 9.042 9.046 9.048 9.050 9.050 9.050 9.052 9.054
7.399 7.412 7.423 7.437 7.452 7.467 7.485 7.507 7.531 7.560 7.595 7.638 7.685 7.728 7.772 7.830 7.891 7.953 8.017 8.082 8.149 8.216 8.276 8.315 8.354 8.404 8.449 8.489 8.526 8.562 8.597 8.632 8.666 8.685 8.705 8.736 8.765 8.791 8.814 8.836 8.854 8.870 8.884 8.891 8.898 8.909 8.919 8.928 8.936 8.944 8.951 8.958 8.964 8.967 8.970 8.977 8.984 8.990 8.997 9.003 9.009 9.015 9.020 9.022 9.024 9.030 9.034 9.039 9.042 9.046 9.049 9.051 9.053 9.053 9.053 9.055 9.057
7.402 7.414 7.425 7.439 7.454 7.469 7.487 7.510 7.535 7.565 7.603 7.649 7.701 7.747 7.794 7.857 7.922 7.989 8.056 8.123 8.189 8.251 8.307 8.344 8.381 8.427 8.469 8.508 8.544 8.579 8.612 8.645 8.676 8.694 8.713 8.742 8.770 8.795 8.817 8.838 8.856 8.871 8.885 8.893 8.900 8.911 8.921 8.931 8.939 8.946 8.953 8.960 8.967 8.970 8.974 8.980 8.988 8.994 9.001 9.007 9.013 9.019 9.025 9.027 9.029 9.034 9.038 9.042 9.046 9.049 9.051 9.054 9.056 9.056 9.056 9.058 9.060
7.404 7.416 7.427 7.440 7.456 7.471 7.490 7.512 7.538 7.570 7.611 7.662 7.720 7.768 7.818 7.886 7.956 8.026 8.095 8.162 8.226 8.285 8.337 8.373 8.407 8.449 8.490 8.527 8.561 8.595 8.626 8.657 8.686 8.703 8.721 8.748 8.774 8.798 8.819 8.839 8.856 8.872 8.886 8.894 8.901 8.912 8.923 8.932 8.940 8.948 8.955 8.962 8.969 8.973 8.976 8.984 8.991 8.998 9.005 9.011 9.018 9.023 9.029 9.031 9.033 9.037 9.041 9.045 9.048 9.051 9.054 9.056 9.058 9.058 9.059 9.061 9.063
7.407 7.418 7.428 7.442 7.457 7.472 7.492 7.515 7.542 7.575 7.620 7.677 7.741 7.792 7.845 7.918 7.992 8.064 8.134 8.200 8.263 8.319 8.367 8.400 8.431 8.472 8.510 8.545 8.578 8.609 8.639 8.668 8.696 8.711 8.728 8.754 8.778 8.801 8.821 8.840 8.857 8.872 8.886 8.894 8.901 8.913 8.923 8.932 8.941 8.948 8.956 8.963 8.971 8.975 8.979 8.986 8.994 9.001 9.008 9.015 9.021 9.027 9.032 9.034 9.036 9.040 9.044 9.048 9.051 9.054 9.056 9.058 9.060 9.060 9.061 9.063 9.065
7.409 7.420 7.430 7.444 7.459 7.474 7.494 7.519 7.547 7.584 7.633 7.696 7.765 7.818 7.874 7.951 8.026 8.099 8.168 8.234 8.294 8.347 8.392 8.423 8.453 8.491 8.527 8.561 8.593 8.622 8.651 8.678 8.703 8.719 8.735 8.759 8.781 8.803 8.822 8.840 8.857 8.872 8.885 8.893 8.901 8.912 8.922 8.932 8.940 8.948 8.956 8.964 8.972 8.977 8.981 8.989 8.997 9.004 9.011 9.018 9.025 9.030 9.035 9.037 9.039 9.043 9.046 9.050 9.053 9.056 9.058 9.060 9.062 9.062 9.063 9.065 9.067
