version2/TsunamiDB/out54061.asc
ncols          264
nrows          230
xllcorner      497853.4375
yllcorner      4229146.0000
cellsize         5.
NODATA_value   -99
[rows 165 to 197 of 230, columns 74 to 147 of 264]
5.214 5.245 5.274 5.302 5.332 5.360 5.389 5.416 5.443 5.469 5.495 5.519 5.543 5.566 5.587 5.608 5.628 5.647 5.665 5.683 5.701 5.718 5.735 5.753 5.772 5.790 5.809 5.829 5.851 5.874 5.897 5.921 5.946 5.971 5.996 6.022 6.047 6.072 6.097 6.122 6.146 6.170 6.192 6.215 6.236 6.256 6.276 6.294 6.311 6.327 6.342 6.357 6.372 6.387 6.401 6.416 6.430 6.445 6.460 6.475 6.491 6.507 6.523 6.539 6.554 6.570 6.586 6.601 6.617 6.633 6.649 6.665 6.681 6.699
5.225 5.255 5.284 5.313 5.342 5.371 5.399 5.427 5.454 5.481 5.507 5.532 5.556 5.580 5.602 5.623 5.644 5.663 5.682 5.700 5.717 5.733 5.750 5.767 5.784 5.801 5.818 5.838 5.858 5.879 5.902 5.925 5.949 5.973 5.998 6.023 6.048 6.073 6.098 6.123 6.148 6.171 6.195 6.217 6.239 6.260 6.280 6.299 6.317 6.333 6.349 6.365 6.380 6.395 6.410 6.424 6.439 6.454 6.470 6.485 6.501 6.517 6.533 6.550 6.566 6.582 6.598 6.614 6.630 6.645 6.661 6.677 6.693 6.710
5.236 5.265 5.294 5.322 5.351 5.380 5.409 5.437 5.464 5.491 5.518 5.544 5.569 5.593 5.616 5.638 5.659 5.679 5.698 5.716 5.733 5.750 5.766 5.782 5.798 5.814 5.830 5.848 5.867 5.886 5.907 5.929 5.952 5.976 6.000 6.025 6.049 6.074 6.099 6.124 6.149 6.173 6.197 6.220 6.242 6.263 6.284 6.304 6.322 6.338 6.355 6.371 6.387 6.402 6.418 6.433 6.448 6.463 6.479 6.495 6.511 6.527 6.544 6.561 6.578 6.594 6.611 6.627 6.643 6.659 6.675 6.690 6.706 6.722
5.246 5.276 5.304 5.332 5.361 5.389 5.418 5.446 5.474 5.501 5.528 5.554 5.580 5.604 5.628 5.651 5.673 5.694 5.714 5.732 5.750 5.767 5.783 5.799 5.814 5.829 5.843 5.860 5.877 5.895 5.915 5.935 5.957 5.979 6.003 6.027 6.051 6.076 6.101 6.125 6.150 6.174 6.198 6.221 6.244 6.266 6.287 6.307 6.326 6.343 6.360 6.377 6.393 6.409 6.425 6.440 6.456 6.471 6.487 6.504 6.520 6.537 6.554 6.572 6.589 6.607 6.624 6.640 6.657 6.673 6.689 6.704 6.720 6.736
5.257 5.286 5.314 5.341 5.370 5.398 5.426 5.455 5.482 5.510 5.537 5.564 5.590 5.615 5.640 5.663 5.686 5.708 5.728 5.748 5.766 5.783 5.800 5.815 5.831 5.845 5.858 5.874 5.889 5.906 5.924 5.943 5.963 5.985 6.007 6.030 6.054 6.078 6.102 6.127 6.151 6.176 6.200 6.223 6.246 6.268 6.290 6.310 6.329 6.347 6.365 6.382 6.399 6.416 6.432 6.447 6.463 6.479 6.495 6.512 6.529 6.547 6.564 6.582 6.600 6.619 6.636 6.654 6.671 6.688 6.704 6.720 6.735 6.751
5.269 5.297 5.324 5.351 5.379 5.407 5.435 5.463 5.491 5.518 5.545 5.572 5.599 5.624 5.650 5.674 5.697 5.720 5.742 5.762 5.781 5.799 5.816 5.832 5.848 5.861 5.875 5.889 5.904 5.919 5.935 5.953 5.971 5.991 6.012 6.034 6.057 6.080 6.104 6.129 6.153 6.177 6.201 6.225 6.248 6.271 6.292 6.314 6.333 6.351 6.370 6.387 6.405 6.421 6.438 6.454 6.470 6.487 6.503 6.520 6.538 6.556 6.574 6.593 6.611 6.630 6.649 6.667 6.686 6.703 6.720 6.736 6.751 6.768
5.281 5.308 5.335 5.361 5.389 5.416 5.444 5.471 5.499 5.526 5.553 5.580 5.607 5.633 5.658 5.683 5.708 5.731 5.753 5.775 5.795 5.814 5.832 5.849 5.864 5.878 5.892 5.905 5.919 5.934 5.948 5.964 5.981 6.000 6.019 6.040 6.062 6.084 6.107 6.131 6.155 6.179 6.203 6.227 6.250 6.273 6.295 6.317 6.336 6.355 6.374 6.392 6.410 6.427 6.444 6.461 6.477 6.494 6.511 6.528 6.546 6.565 6.583 6.603 6.622 6.642 6.661 6.681 6.700 6.718 6.736 6.753 6.769 6.785
5.294 5.321 5.346 5.372 5.399 5.426 5.453 5.480 5.507 5.534 5.561 5.588 5.614 5.640 5.666 5.692 5.717 5.741 5.764 5.786 5.808 5.828 5.847 5.864 5.881 5.895 5.909 5.922 5.936 5.949 5.963 5.978 5.993 6.010 6.028 6.047 6.068 6.089 6.111 6.134 6.158 6.181 6.205 6.229 6.252 6.276 6.298 6.320 6.340 6.359 6.378 6.397 6.415 6.433 6.450 6.468 6.484 6.502 6.519 6.536 6.555 6.573 6.593 6.612 6.633 6.653 6.673 6.694 6.714 6.734 6.753 6.770 6.786 6.803
5.308 5.334 5.358 5.384 5.410 5.436 5.462 5.488 5.515 5.541 5.568 5.595 5.621 5.647 5.673 5.699 5.724 5.749 5.773 5.796 5.818 5.840 5.860 5.878 5.896 5.911 5.925 5.939 5.953 5.966 5.979 5.993 6.007 6.022 6.039 6.056 6.075 6.096 6.117 6.139 6.162 6.185 6.208 6.232 6.255 6.278 6.301 6.323 6.343 6.363 6.383 6.402 6.421 6.439 6.457 6.474 6.492 6.509 6.527 6.545 6.563 6.582 6.602 6.622 6.643 6.664 6.685 6.707 6.728 6.749 6.769 6.787 6.804 6.822
5.323 5.348 5.371 5.396 5.421 5.446 5.472 5.498 5.523 5.549 5.576 5.602 5.628 5.654 5.680 5.706 5.731 5.756 5.781 5.805 5.828 5.850 5.871 5.891 5.909 5.925 5.941 5.956 5.970 5.983 5.996 6.009 6.023 6.037 6.052 6.068 6.085 6.104 6.124 6.145 6.167 6.189 6.212 6.235 6.259 6.282 6.305 6.327 6.347 6.368 6.388 6.408 6.427 6.446 6.464 6.482 6.499 6.517 6.535 6.553 6.572 6.591 6.611 6.632 6.653 6.675 6.697 6.719 6.742 6.764 6.784 6.803 6.823 6.842
5.339 5.362 5.385 5.409 5.434 5.458 5.483 5.508 5.533 5.558 5.583 5.609 5.635 5.661 5.686 5.712 5.738 5.763 5.788 5.812 5.836 5.859 5.881 5.902 5.921 5.938 5.955 5.971 5.986 6.000 6.013 6.026 6.039 6.052 6.066 6.081 6.097 6.114 6.133 6.152 6.173 6.195 6.217 6.240 6.263 6.286 6.309 6.331 6.352 6.373 6.393 6.414 6.433 6.452 6.471 6.489 6.507 6.525 6.543 6.562 6.581 6.601 6.621 6.642 6.664 6.686 6.709 6.732 6.755 6.778 6.800 6.820 6.841 6.861
5.355 5.378 5.400 5.424 5.447 5.471 5.495 5.519 5.543 5.567 5.592 5.617 5.642 5.667 5.693 5.718 5.744 5.769 5.794 5.819 5.843 5.867 5.890 5.911 5.931 5.950 5.968 5.985 6.001 6.016 6.029 6.043 6.055 6.068 6.081 6.095 6.110 6.126 6.143 6.162 6.181 6.202 6.224 6.246 6.269 6.292 6.314 6.336 6.357 6.378 6.400 6.420 6.440 6.460 6.479 6.497 6.516 6.534 6.553 6.571 6.591 6.610 6.631 6.652 6.674 6.697 6.720 6.744 6.768 6.792 6.815 6.837 6.858 6.880
5.372 5.394 5.416 5.439 5.462 5.485 5.507 5.531 5.554 5.577 5.601 5.625 5.650 5.674 5.699 5.724 5.749 5.775 5.800 5.825 5.849 5.873 5.897 5.919 5.940 5.960 5.979 5.997 6.014 6.030 6.045 6.059 6.072 6.085 6.098 6.111 6.125 6.140 6.156 6.173 6.191 6.211 6.232 6.253 6.275 6.298 6.321 6.342 6.363 6.385 6.406 6.427 6.448 6.468 6.487 6.506 6.525 6.543 6.562 6.581 6.601 6.621 6.641 6.663 6.685 6.708 6.732 6.757 6.781 6.806 6.830 6.853 6.876 6.898
5.390 5.412 5.433 5.455 5.477 5.499 5.521 5.544 5.566 5.589 5.611 5.635 5.658 5.682 5.706 5.731 5.755 5.780 5.805 5.830 5.855 5.879 5.903 5.926 5.948 5.968 5.988 6.008 6.026 6.043 6.059 6.074 6.088 6.101 6.114 6.127 6.140 6.154 6.169 6.186 6.203 6.222 6.241 6.262 6.283 6.305 6.328 6.349 6.371 6.392 6.414 6.435 6.456 6.476 6.496 6.515 6.535 6.554 6.572 6.592 6.611 6.631 6.652 6.674 6.697 6.720 6.744 6.769 6.794 6.820 6.845 6.869 6.893 6.917
5.408 5.429 5.451 5.472 5.494 5.515 5.537 5.558 5.579 5.601 5.623 5.645 5.668 5.691 5.714 5.738 5.762 5.786 5.811 5.835 5.860 5.884 5.908 5.932 5.954 5.976 5.997 6.017 6.036 6.054 6.071 6.087 6.102 6.116 6.130 6.143 6.156 6.170 6.184 6.200 6.216 6.233 6.252 6.272 6.293 6.314 6.336 6.358 6.379 6.400 6.422 6.444 6.465 6.486 6.506 6.526 6.545 6.564 6.583 6.603 6.622 6.643 6.664 6.685 6.708 6.732 6.756 6.782 6.808 6.834 6.860 6.885 6.910 6.935
5.426 5.448 5.469 5.490 5.511 5.532 5.553 5.573 5.594 5.615 5.636 5.657 5.678 5.700 5.723 5.746 5.769 5.793 5.817 5.841 5.865 5.889 5.914 5.938 5.960 5.982 6.004 6.025 6.045 6.064 6.082 6.099 6.115 6.130 6.145 6.158 6.172 6.185 6.199 6.214 6.230 6.247 6.264 6.283 6.303 6.324 6.346 6.367 6.388 6.409 6.431 6.453 6.475 6.496 6.516 6.536 6.556 6.576 6.595 6.614 6.634 6.655 6.676 6.697 6.720 6.744 6.769 6.794 6.821 6.848 6.875 6.901 6.927 6.953
5.445 5.466 5.487 5.508 5.529 5.550 5.570 5.590 5.610 5.630 5.650 5.670 5.690 5.711 5.733 5.755 5.777 5.800 5.823 5.847 5.871 5.895 5.919 5.943 5.965 5.987 6.010 6.032 6.053 6.073 6.092 6.110 6.127 6.143 6.158 6.173 6.187 6.201 6.215 6.229 6.244 6.260 6.278 6.296 6.315 6.335 6.356 6.377 6.398 6.419 6.441 6.463 6.485 6.506 6.527 6.548 6.568 6.588 6.607 6.627 6.647 6.667 6.688 6.710 6.733 6.757 6.782 6.808 6.834 6.862 6.889 6.916 6.943 6.971
5.463 5.485 5.506 5.527 5.547 5.568 5.588 5.607 5.626 5.646 5.665 5.684 5.704 5.724 5.744 5.765 5.786 5.808 5.831 5.853 5.877 5.900 5.924 5.948 5.970 5.993 6.015 6.038 6.059 6.080 6.100 6.119 6.137 6.155 6.171 6.186 6.201 6.215 6.230 6.244 6.259 6.275 6.291 6.309 6.328 6.347 6.368 6.388 6.408 6.430 6.452 6.474 6.496 6.518 6.539 6.560 6.580 6.600 6.620 6.640 6.660 6.680 6.701 6.723 6.746 6.770 6.795 6.821 6.848 6.876 6.904 6.932 6.960 6.988
5.481 5.503 5.524 5.545 5.566 5.586 5.606 5.625 5.644 5.663 5.681 5.700 5.719 5.738 5.757 5.777 5.797 5.818 5.839 5.861 5.883 5.906 5.929 5.953 5.975 5.998 6.020 6.043 6.065 6.087 6.108 6.127 6.146 6.165 6.182 6.198 6.214 6.229 6.244 6.259 6.274 6.289 6.305 6.323 6.341 6.360 6.380 6.400 6.420 6.441 6.463 6.485 6.507 6.529 6.551 6.572 6.593 6.613 6.634 6.654 6.674 6.694 6.715 6.737 6.760 6.784 6.809 6.835 6.862 6.891 6.919 6.947 6.976 7.005
5.499 5.521 5.542 5.564 5.584 5.605 5.624 5.644 5.662 5.681 5.699 5.717 5.735 5.753 5.771 5.790 5.809 5.829 5.849 5.870 5.891 5.913 5.936 5.959 5.981 6.003 6.026 6.048 6.071 6.093 6.114 6.135 6.154 6.173 6.192 6.209 6.225 6.241 6.257 6.272 6.288 6.303 6.319 6.336 6.354 6.372 6.392 6.412 6.432 6.453 6.475 6.497 6.519 6.541 6.563 6.585 6.606 6.627 6.648 6.668 6.688 6.709 6.730 6.752 6.774 6.798 6.823 6.849 6.876 6.905 6.934 6.962 6.992 7.021
5.516 5.538 5.559 5.581 5.602 5.623 5.643 5.662 5.681 5.699 5.717 5.735 5.752 5.769 5.787 5.804 5.822 5.841 5.860 5.880 5.900 5.921 5.943 5.965 5.987 6.008 6.031 6.053 6.076 6.098 6.120 6.141 6.162 6.181 6.200 6.219 6.236 6.253 6.269 6.285 6.301 6.317 6.333 6.350 6.367 6.385 6.405 6.424 6.443 6.464 6.486 6.509 6.531 6.553 6.576 6.598 6.620 6.641 6.662 6.683 6.703 6.724 6.745 6.767 6.789 6.813 6.837 6.864 6.891 6.919 6.948 6.977 7.007 7.038
5.531 5.554 5.576 5.598 5.620 5.641 5.661 5.681 5.700 5.718 5.736 5.753 5.770 5.787 5.804 5.820 5.838 5.855 5.873 5.891 5.911 5.931 5.951 5.972 5.993 6.014 6.036 6.059 6.081 6.104 6.126 6.147 6.168 6.189 6.208 6.227 6.245 6.263 6.280 6.297 6.313 6.329 6.346 6.363 6.380 6.398 6.417 6.436 6.455 6.476 6.498 6.520 6.543 6.565 6.588 6.611 6.633 6.655 6.676 6.698 6.718 6.739 6.761 6.782 6.804 6.828 6.852 6.878 6.905 6.934 6.963 6.992 7.022 7.053
5.546 5.569 5.592 5.615 5.637 5.658 5.679 5.699 5.718 5.737 5.755 5.772 5.789 5.805 5.822 5.838 5.854 5.870 5.887 5.905 5.923 5.941 5.961 5.981 6.001 6.021 6.043 6.065 6.087 6.109 6.131 6.153 6.175 6.195 6.216 6.235 6.254 6.273 6.290 6.307 6.324 6.341 6.358 6.375 6.392 6.410 6.429 6.447 6.467 6.487 6.509 6.531 6.554 6.577 6.600 6.623 6.646 6.669 6.691 6.712 6.734 6.755 6.776 6.798 6.820 6.843 6.868 6.893 6.920 6.949 6.977 7.006 7.037 7.068
5.560 5.583 5.606 5.630 5.652 5.674 5.695 5.716 5.736 5.755 5.773 5.791 5.808 5.824 5.840 5.856 5.872 5.887 5.903 5.919 5.936 5.954 5.972 5.991 6.010 6.029 6.050 6.072 6.093 6.115 6.137 6.159 6.181 6.202 6.223 6.243 6.262 6.281 6.300 6.317 6.335 6.352 6.369 6.386 6.404 6.422 6.440 6.459 6.478 6.498 6.520 6.542 6.565 6.588 6.612 6.635 6.659 6.682 6.704 6.727 6.749 6.770 6.792 6.814 6.836 6.859 6.883 6.908 6.935 6.963 6.991 7.021 7.051 7.083
5.572 5.596 5.620 5.644 5.667 5.689 5.711 5.732 5.753 5.772 5.791 5.809 5.826 5.843 5.859 5.875 5.890 5.905 5.920 5.936 5.952 5.968 5.985 6.003 6.020 6.039 6.059 6.079 6.101 6.122 6.144 6.165 6.187 6.209 6.230 6.250 6.270 6.290 6.309 6.327 6.345 6.362 6.380 6.397 6.415 6.433 6.451 6.469 6.488 6.508 6.530 6.552 6.575 6.598 6.622 6.646 6.670 6.694 6.718 6.741 6.763 6.786 6.808 6.829 6.852 6.874 6.898 6.923 6.950 6.977 7.005 7.034 7.065 7.097
5.583 5.608 5.632 5.656 5.680 5.703 5.726 5.747 5.768 5.789 5.808 5.827 5.845 5.862 5.878 5.894 5.909 5.924 5.938 5.953 5.968 5.983 5.999 6.016 6.032 6.050 6.069 6.088 6.109 6.130 6.151 6.172 6.194 6.215 6.237 6.257 6.278 6.298 6.317 6.336 6.354 6.372 6.390 6.407 6.425 6.443 6.461 6.479 6.498 6.518 6.539 6.561 6.584 6.608 6.632 6.656 6.681 6.706 6.730 6.754 6.777 6.800 6.822 6.845 6.867 6.890 6.913 6.938 6.964 6.991 7.019 7.047 7.078 7.110
5.593 5.618 5.643 5.668 5.692 5.716 5.739 5.761 5.783 5.804 5.824 5.843 5.862 5.879 5.896 5.912 5.928 5.943 5.957 5.971 5.986 6.000 6.015 6.031 6.046 6.062 6.080 6.099 6.118 6.138 6.159 6.180 6.201 6.223 6.244 6.265 6.285 6.306 6.325 6.344 6.363 6.381 6.399 6.417 6.435 6.453 6.471 6.488 6.507 6.527 6.548 6.570 6.593 6.616 6.641 6.666 6.691 6.716 6.741 6.766 6.790 6.813 6.837 6.859 6.882 6.905 6.928 6.952 6.978 7.005 7.031 7.060 7.091 7.122
5.601 5.626 5.652 5.677 5.702 5.727 5.750 5.773 5.796 5.817 5.838 5.858 5.878 5.896 5.914 5.930 5.946 5.961 5.976 5.990 6.004 6.018 6.033 6.047 6.060 6.076 6.093 6.110 6.129 6.148 6.168 6.189 6.210 6.231 6.252 6.272 6.293 6.313 6.333 6.353 6.372 6.390 6.408 6.426 6.444 6.462 6.479 6.496 6.515 6.535 6.556 6.577 6.600 6.624 6.648 6.674 6.699 6.725 6.751 6.776 6.801 6.826 6.850 6.873 6.896 6.919 6.942 6.966 6.992 7.017 7.044 7.072 7.103 7.134
5.608 5.634 5.660 5.686 5.711 5.736 5.760 5.784 5.807 5.830 5.851 5.872 5.892 5.912 5.930 5.947 5.964 5.980 5.995 6.009 6.023 6.037 6.051 6.064 6.077 6.092 6.107 6.124 6.141 6.160 6.179 6.198 6.219 6.239 6.260 6.281 6.301 6.322 6.342 6.361 6.380 6.399 6.417 6.435 6.453 6.471 6.488 6.505 6.523 6.542 6.563 6.584 6.607 6.631 6.655 6.681 6.706 6.733 6.759 6.785 6.811 6.837 6.861 6.885 6.909 6.932 6.956 6.980 7.004 7.030 7.056 7.084 7.114 7.145
5.614 5.640 5.667 5.693 5.719 5.744 5.769 5.793 5.817 5.840 5.862 5.884 5.905 5.925 5.945 5.963 5.980 5.997 6.012 6.027 6.042 6.056 6.069 6.082 6.094 6.108 6.123 6.139 6.155 6.172 6.191 6.209 6.229 6.249 6.269 6.290 6.310 6.330 6.350 6.370 6.389 6.407 6.425 6.443 6.461 6.479 6.495 6.512 6.530 6.549 6.569 6.590 6.613 6.636 6.661 6.686 6.713 6.739 6.766 6.793 6.820 6.846 6.872 6.897 6.921 6.944 6.968 6.992 7.017 7.041 7.067 7.095 7.124 7.156
5.619 5.645 5.672 5.698 5.725 5.750 5.776 5.800 5.825 5.849 5.872 5.894 5.916 5.937 5.958 5.977 5.995 6.013 6.029 6.045 6.060 6.074 6.088 6.100 6.113 6.126 6.140 6.155 6.170 6.187 6.204 6.222 6.240 6.260 6.279 6.299 6.319 6.339 6.359 6.378 6.397 6.416 6.434 6.451 6.469 6.486 6.503 6.519 6.537 6.555 6.575 6.596 6.618 6.641 6.666 6.691 6.718 6.745 6.772 6.800 6.827 6.854 6.881 6.906 6.931 6.955 6.979 7.003 7.028 7.052 7.078 7.105 7.134 7.165
5.623 5.649 5.676 5.703 5.729 5.755 5.781 5.806 5.831 5.856 5.879 5.903 5.925 5.947 5.969 5.989 6.008 6.027 6.044 6.061 6.076 6.091 6.106 6.119 6.131 6.144 6.158 6.172 6.187 6.202 6.218 6.235 6.253 6.272 6.291 6.310 6.329 6.349 6.368 6.387 6.406 6.424 6.442 6.459 6.477 6.494 6.510 6.526 6.543 6.561 6.581 6.601 6.623 6.646 6.670 6.695 6.722 6.749 6.777 6.805 6.833 6.861 6.888 6.915 6.940 6.965 6.989 7.013 7.038 7.062 7.087 7.114 7.143 7.174
5.626 5.652 5.679 5.706 5.732 5.758 5.784 5.810 5.836 5.861 5.885 5.909 5.933 5.956 5.978 5.999 6.019 6.039 6.057 6.075 6.092 6.108 6.123 6.136 6.149 6.162 6.176 6.189 6.204 6.218 6.234 6.250 6.267 6.284 6.303 6.321 6.340 6.359 6.378 6.396 6.415 6.433 6.450 6.467 6.484 6.501 6.517 6.533 6.549 6.567 6.586 6.606 6.627 6.649 6.673 6.699 6.725 6.753 6.781 6.809 6.838 6.866 6.894 6.921 6.948 6.973 6.998 7.023 7.047 7.071 7.096 7.122 7.151 7.181
