version2/TsunamiDB/out54062.asc
ncols          264
nrows          230
xllcorner      497853.4375
yllcorner      4229146.0000
cellsize         5.
NODATA_value   -99
[rows 0 to 32 of 230, columns 75 to 149 of 264]
-99.000 -99.000 -99.000 -99.000 -99.000 -99.000 -99.000 -99.000 -99.000 -99.000 -99.000 -99.000 -99.000 -99.000 -99.000 -99.000 -99.000 -99.000 -99.000 -99.000 -99.000 -99.000 -99.000 -99.000 -99.000 -99.000 -99.000 1.647 1.649 1.681 1.798 2.007 2.277 2.570 2.849 3.092 3.291 3.449 3.575 3.678 3.765 3.841 3.909 3.973 4.033 4.089 4.144 4.196 4.248 4.297 4.346 4.394 4.440 4.486 4.531 4.575 4.616 4.657 4.697 4.736 4.774 4.810 4.845 4.879 4.911 4.943 4.973 5.002 5.030 5.057 5.083 5.108 5.132 5.155 5.177
-99.000 -99.000 -99.000 -99.000 -99.000 -99.000 -99.000 -99.000 -99.000 -99.000 -99.000 -99.000 -99.000 -99.000 -99.000 -99.000 -99.000 -99.000 -99.000 -99.000 -99.000 -99.000 -99.000 -99.000 -99.000 -99.000 -99.000 1.647 1.656 1.721 1.881 2.123 2.409 2.698 2.963 3.187 3.367 3.510 3.625 3.719 3.801 3.873 3.939 4.000 4.058 4.113 4.166 4.217 4.267 4.316 4.364 4.410 4.456 4.501 4.545 4.588 4.630 4.670 4.710 4.749 4.787 4.824 4.859 4.894 4.927 4.959 4.989 5.019 5.047 5.074 5.101 5.126 5.150 5.174 5.197
-99.000 -99.000 -99.000 -99.000 -99.000 -99.000 -99.000 -99.000 -99.000 -99.000 -99.000 -99.000 -99.000 -99.000 -99.000 -99.000 -99.000 -99.000 -99.000 -99.000 -99.000 -99.000 -99.000 -99.000 -99.000 -99.000 -99.000 1.649 1.675 1.781 1.981 2.248 2.540 2.821 3.069 3.273 3.436 3.565 3.670 3.758 3.835 3.904 3.967 4.027 4.083 4.136 4.188 4.238 4.287 4.334 4.381 4.426 4.471 4.515 4.559 4.602 4.643 4.683 4.723 4.762 4.800 4.837 4.873 4.907 4.941 4.973 5.004 5.034 5.063 5.091 5.117 5.143 5.168 5.192 5.215
-99.000 -99.000 -99.000 -99.000 -99.000 -99.000 -99.000 -99.000 -99.000 -99.000 -99.000 -99.000 -99.000 -99.000 -99.000 -99.000 -99.000 -99.000 -99.000 -99.000 -99.000 -99.000 -99.000 -99.000 -99.000 -99.000 1.647 1.654 1.710 1.860 2.094 2.377 2.669 2.937 3.166 3.351 3.498 3.615 3.712 3.795 3.868 3.934 3.995 4.052 4.107 4.159 4.210 4.258 4.306 4.352 4.398 4.442 4.486 4.529 4.572 4.614 4.655 4.694 4.734 4.773 4.811 4.848 4.884 4.919 4.953 4.986 5.017 5.048 5.077 5.105 5.133 5.159 5.184 5.209 5.232
-99.000 -99.000 -99.000 -99.000 -99.000 -99.000 -99.000 -99.000 -99.000 -99.000 -99.000 -99.000 -99.000 -99.000 -99.000 -99.000 -99.000 -99.000 -99.000 -99.000 -99.000 -99.000 -99.000 -99.000 -99.000 -99.000 1.648 1.669 1.764 1.956 2.217 2.508 2.793 3.045 3.254 3.421 3.554 3.661 3.751 3.829 3.899 3.962 4.022 4.078 4.131 4.182 4.231 4.278 4.325 4.370 4.414 4.458 4.501 4.543 4.585 4.626 4.666 4.705 4.745 4.783 4.821 4.858 4.895 4.930 4.964 4.997 5.029 5.060 5.090 5.119 5.146 5.173 5.199 5.224 5.248
-99.000 -99.000 -99.000 -99.000 -99.000 -99.000 -99.000 -99.000 -99.000 -99.000 -99.000 -99.000 -99.000 -99.000 -99.000 -99.000 -99.000 -99.000 -99.000 -99.000 -99.000 -99.000 -99.000 -99.000 -99.000 1.647 1.652 1.699 1.838 2.065 2.344 2.637 2.910 3.143 3.333 3.484 3.605 3.704 3.788 3.862 3.929 3.990 4.048 4.102 4.154 4.204 4.252 4.298 4.344 4.388 4.431 4.473 4.515 4.557 4.597 4.638 4.677 4.715 4.754 4.793 4.831 4.868 4.904 4.939 4.973 5.007 5.039 5.071 5.101 5.130 5.159 5.186 5.213 5.238 5.263
-99.000 -99.000 -99.000 -99.000 -99.000 -99.000 -99.000 -99.000 -99.000 -99.000 -99.000 -99.000 -99.000 -99.000 -99.000 -99.000 -99.000 -99.000 -99.000 -99.000 -99.000 -99.000 -99.000 -99.000 -99.000 1.648 1.664 1.748 1.930 2.184 2.474 2.762 3.019 3.233 3.404 3.541 3.651 3.743 3.823 3.893 3.957 4.017 4.073 4.126 4.177 4.226 4.273 4.318 4.362 4.405 4.447 4.489 4.530 4.570 4.610 4.649 4.688 4.725 4.764 4.802 4.839 4.876 4.912 4.947 4.982 5.015 5.048 5.080 5.111 5.140 5.169 5.197 5.224 5.250 5.276
-99.000 -99.000 -99.000 -99.000 -99.000 -99.000 -99.000 -99.000 -99.000 -99.000 -99.000 -99.000 -99.000 -99.000 -99.000 -99.000 -99.000 -99.000 -99.000 -99.000 -99.000 -99.000 -99.000 -99.000 1.647 1.650 1.689 1.817 2.035 2.310 2.603 2.880 3.119 3.314 3.469 3.593 3.695 3.780 3.855 3.923 3.985 4.043 4.098 4.150 4.200 4.247 4.293 4.338 4.381 4.423 4.464 4.504 4.544 4.584 4.622 4.661 4.698 4.735 4.773 4.810 4.847 4.883 4.919 4.954 4.989 5.023 5.056 5.088 5.119 5.149 5.178 5.207 5.234 5.261 5.287
-99.000 -99.000 -99.000 -99.000 -99.000 -99.000 -99.000 -99.000 -99.000 -99.000 -99.000 -99.000 -99.000 -99.000 -99.000 -99.000 -99.000 -99.000 -99.000 -99.000 -99.000 -99.000 -99.000 -99.000 1.647 1.659 1.733 1.903 2.151 2.439 2.728 2.990 3.210 3.387 3.527 3.641 3.735 3.815 3.887 3.952 4.012 4.069 4.122 4.173 4.222 4.269 4.314 4.357 4.400 4.441 4.481 4.520 4.559 4.597 4.635 4.673 4.709 4.745 4.782 4.818 4.854 4.890 4.926 4.961 4.995 5.029 5.062 5.094 5.125 5.156 5.186 5.215 5.243 5.270 5.296
-99.000 -99.000 -99.000 -99.000 -99.000 -99.000 -99.000 -99.000 -99.000 -99.000 -99.000 -99.000 -99.000 -99.000 -99.000 -99.000 -99.000 -99.000 -99.000 -99.000 -99.000 -99.000 -99.000 1.647 1.649 1.680 1.796 2.004 2.274 2.567 2.847 3.092 3.293 3.453 3.580 3.684 3.772 3.848 3.917 3.980 4.038 4.094 4.146 4.196 4.244 4.290 4.334 4.377 4.418 4.459 4.498 4.536 4.574 4.611 4.648 4.685 4.720 4.755 4.791 4.827 4.862 4.897 4.932 4.966 5.001 5.034 5.067 5.099 5.131 5.162 5.192 5.221 5.250 5.277 5.304
-99.000 -99.000 -99.000 -99.000 -99.000 -99.000 -99.000 -99.000 -99.000 -99.000 -99.000 -99.000 -99.000 -99.000 -99.000 -99.000 -99.000 -99.000 -99.000 -99.000 -99.000 -99.000 -99.000 1.647 1.656 1.718 1.876 2.116 2.401 2.692 2.959 3.185 3.368 3.513 3.629 3.725 3.807 3.880 3.946 4.007 4.064 4.118 4.169 4.218 4.266 4.311 4.354 4.396 4.437 4.477 4.515 4.553 4.590 4.626 4.662 4.697 4.732 4.766 4.800 4.835 4.870 4.904 4.938 4.972 5.006 5.039 5.072 5.104 5.135 5.166 5.197 5.226 5.255 5.283 5.311
-99.000 -99.000 -99.000 -99.000 -99.000 -99.000 -99.000 -99.000 -99.000 -99.000 -99.000 -99.000 -99.000 -99.000 -99.000 -99.000 -99.000 -99.000 -99.000 -99.000 -99.000 -99.000 -99.000 1.648 1.673 1.775 1.972 2.237 2.529 2.812 3.063 3.270 3.436 3.567 3.673 3.763 3.841 3.910 3.974 4.033 4.089 4.142 4.192 4.241 4.287 4.331 4.374 4.416 4.456 4.495 4.532 4.569 4.605 4.641 4.676 4.710 4.744 4.777 4.810 4.844 4.878 4.911 4.944 4.977 5.010 5.043 5.075 5.107 5.139 5.170 5.200 5.230 5.259 5.288 5.316
-99.000 -99.000 -99.000 -99.000 -99.000 -99.000 -99.000 -99.000 -99.000 -99.000 -99.000 -99.000 -99.000 -99.000 -99.000 -99.000 -99.000 -99.000 -99.000 -99.000 -99.000 -99.000 1.647 1.653 1.705 1.850 2.080 2.361 2.654 2.926 3.158 3.347 3.497 3.617 3.715 3.799 3.872 3.939 4.001 4.059 4.113 4.165 4.215 4.262 4.308 4.352 4.394 4.435 4.474 4.513 4.550 4.586 4.621 4.656 4.690 4.724 4.756 4.788 4.821 4.854 4.886 4.919 4.951 4.983 5.015 5.047 5.079 5.111 5.142 5.173 5.203 5.233 5.262 5.291 5.319
-99.000 -99.000 -99.000 -99.000 -99.000 -99.000 -99.000 -99.000 -99.000 -99.000 -99.000 -99.000 -99.000 -99.000 -99.000 -99.000 -99.000 -99.000 -99.000 -99.000 -99.000 -99.000 1.648 1.666 1.755 1.940 2.197 2.488 2.775 3.031 3.245 3.417 3.553 3.662 3.753 3.832 3.903 3.967 4.027 4.083 4.137 4.188 4.237 4.283 4.328 4.372 4.414 4.454 4.493 4.531 4.567 4.603 4.638 4.672 4.705 4.738 4.769 4.801 4.833 4.864 4.896 4.927 4.958 4.990 5.021 5.052 5.083 5.114 5.145 5.175 5.205 5.235 5.264 5.293 5.322
-99.000 -99.000 -99.000 -99.000 -99.000 -99.000 -99.000 -99.000 -99.000 -99.000 -99.000 -99.000 -99.000 -99.000 -99.000 -99.000 -99.000 -99.000 -99.000 -99.000 -99.000 1.647 1.651 1.692 1.823 2.043 2.319 2.613 2.889 3.129 3.324 3.480 3.604 3.705 3.790 3.865 3.932 3.994 4.052 4.107 4.160 4.210 4.258 4.304 4.349 4.391 4.433 4.473 4.511 4.549 4.585 4.620 4.654 4.688 4.720 4.753 4.783 4.814 4.845 4.875 4.906 4.936 4.966 4.997 5.027 5.057 5.087 5.118 5.148 5.178 5.207 5.237 5.266 5.295 5.324
-99.000 -99.000 -99.000 -99.000 -99.000 -99.000 -99.000 -99.000 -99.000 -99.000 -99.000 -99.000 -99.000 -99.000 -99.000 -99.000 -99.000 -99.000 -99.000 -99.000 -99.000 1.647 1.660 1.735 1.907 2.156 2.444 2.734 2.997 3.218 3.396 3.537 3.651 3.744 3.824 3.895 3.960 4.021 4.077 4.131 4.182 4.232 4.279 4.325 4.368 4.411 4.452 4.491 4.530 4.567 4.602 4.637 4.671 4.704 4.736 4.768 4.798 4.827 4.857 4.887 4.917 4.946 4.975 5.005 5.034 5.063 5.092 5.122 5.151 5.180 5.209 5.239 5.268 5.296 5.325
-99.000 -99.000 -99.000 -99.000 -99.000 -99.000 -99.000 -99.000 -99.000 -99.000 -99.000 -99.000 -99.000 -99.000 -99.000 -99.000 -99.000 -99.000 -99.000 -99.000 1.647 1.649 1.681 1.796 2.004 2.275 2.568 2.850 3.096 3.299 3.461 3.590 3.694 3.781 3.857 3.925 3.988 4.046 4.101 4.154 4.204 4.253 4.299 4.344 4.388 4.430 4.470 4.510 4.547 4.584 4.620 4.654 4.688 4.720 4.752 4.783 4.812 4.842 4.871 4.900 4.929 4.957 4.985 5.014 5.042 5.070 5.098 5.127 5.155 5.184 5.212 5.241 5.269 5.298 5.326
-99.000 -99.000 -99.000 -99.000 -99.000 -99.000 -99.000 -99.000 -99.000 -99.000 -99.000 -99.000 -99.000 -99.000 -99.000 -99.000 -99.000 -99.000 -99.000 -99.000 1.647 1.656 1.717 1.873 2.112 2.397 2.689 2.959 3.188 3.373 3.521 3.639 3.734 3.816 3.888 3.954 4.014 4.071 4.125 4.176 4.226 4.274 4.320 4.364 4.407 4.448 4.489 4.527 4.565 4.602 4.637 4.671 4.704 4.737 4.768 4.798 4.827 4.856 4.885 4.913 4.941 4.969 4.997 5.024 5.051 5.078 5.106 5.133 5.160 5.188 5.216 5.244 5.271 5.299 5.327
-99.000 -99.000 -99.000 -99.000 -99.000 -99.000 -99.000 -99.000 -99.000 -99.000 -99.000 -99.000 -99.000 -99.000 -99.000 -99.000 -99.000 -99.000 -99.000 -99.000 1.648 1.671 1.770 1.964 2.227 2.519 2.806 3.060 3.271 3.441 3.575 3.683 3.772 3.849 3.918 3.981 4.040 4.095 4.148 4.198 4.247 4.294 4.339 4.383 4.425 4.466 4.506 4.545 4.582 4.618 4.654 4.688 4.721 4.753 4.784 4.813 4.842 4.871 4.899 4.927 4.955 4.982 5.008 5.035 5.061 5.088 5.114 5.141 5.167 5.194 5.220 5.247 5.274 5.302 5.329
-99.000 -99.000 -99.000 -99.000 -99.000 -99.000 -99.000 -99.000 -99.000 -99.000 -99.000 -99.000 -99.000 -99.000 -99.000 -99.000 -99.000 -99.000 -99.000 1.647 1.652 1.700 1.839 2.066 2.346 2.640 2.916 3.154 3.348 3.502 3.625 3.725 3.808 3.881 3.947 4.008 4.065 4.119 4.170 4.220 4.268 4.314 4.358 4.402 4.443 4.484 4.524 4.562 4.599 4.635 4.670 4.704 4.737 4.769 4.800 4.829 4.857 4.886 4.914 4.942 4.969 4.995 5.021 5.047 5.073 5.098 5.124 5.149 5.175 5.201 5.227 5.253 5.279 5.305 5.332
-99.000 -99.000 -99.000 -99.000 -99.000 -99.000 -99.000 -99.000 -99.000 -99.000 -99.000 -99.000 -99.000 -99.000 -99.000 -99.000 -99.000 -99.000 -99.000 1.648 1.663 1.744 1.922 2.175 2.466 2.757 3.019 3.240 3.417 3.558 3.671 3.764 3.842 3.912 3.975 4.034 4.089 4.142 4.192 4.241 4.288 4.333 4.377 4.420 4.461 4.501 4.540 4.578 4.615 4.651 4.686 4.719 4.752 4.784 4.815 4.844 4.873 4.901 4.929 4.956 4.983 5.009 5.035 5.060 5.085 5.110 5.135 5.160 5.184 5.209 5.234 5.259 5.284 5.310 5.335
-99.000 -99.000 -99.000 -99.000 -99.000 -99.000 -99.000 -99.000 -99.000 -99.000 -99.000 -99.000 -99.000 -99.000 -99.000 -99.000 -99.000 -99.000 1.647 1.650 1.684 1.805 2.017 2.290 2.585 2.868 3.115 3.319 3.481 3.610 3.714 3.801 3.875 3.941 4.003 4.060 4.113 4.165 4.214 4.262 4.308 4.352 4.395 4.437 4.478 4.518 4.557 4.594 4.631 4.666 4.701 4.735 4.767 4.799 4.830 4.859 4.887 4.916 4.943 4.971 4.997 5.023 5.048 5.073 5.098 5.123 5.147 5.171 5.195 5.219 5.243 5.267 5.292 5.316 5.341
-99.000 -99.000 -99.000 -99.000 -99.000 -99.000 -99.000 -99.000 -99.000 -99.000 -99.000 -99.000 -99.000 -99.000 -99.000 -99.000 -99.000 -99.000 1.647 1.656 1.720 1.880 2.121 2.407 2.702 2.973 3.204 3.391 3.539 3.658 3.755 3.836 3.907 3.970 4.029 4.085 4.137 4.187 4.236 4.282 4.327 4.371 4.414 4.455 4.495 4.535 4.573 4.610 4.646 4.682 4.716 4.749 4.782 4.814 4.845 4.874 4.902 4.930 4.958 4.985 5.011 5.037 5.062 5.087 5.112 5.136 5.160 5.183 5.207 5.230 5.254 5.277 5.301 5.324 5.348
-99.000 -99.000 -99.000 -99.000 -99.000 -99.000 -99.000 -99.000 -99.000 -99.000 -99.000 -99.000 -99.000 -99.000 -99.000 -99.000 -99.000 -99.000 1.648 1.671 1.771 1.966 2.230 2.525 2.813 3.071 3.285 3.457 3.593 3.702 3.793 3.870 3.937 3.998 4.055 4.109 4.160 4.210 4.257 4.302 4.347 4.390 4.432 4.472 4.512 4.551 4.589 4.625 4.661 4.696 4.730 4.764 4.796 4.828 4.859 4.888 4.916 4.944 4.972 4.999 5.025 5.051 5.076 5.101 5.125 5.149 5.173 5.196 5.220 5.243 5.265 5.288 5.311 5.334 5.356
-99.000 -99.000 -99.000 -99.000 -99.000 -99.000 -99.000 -99.000 -99.000 -99.000 -99.000 -99.000 -99.000 -99.000 -99.000 -99.000 -99.000 1.647 1.652 1.699 1.837 2.063 2.344 2.640 2.920 3.162 3.360 3.517 3.643 3.744 3.829 3.902 3.966 4.025 4.081 4.134 4.184 4.232 4.278 4.323 4.366 4.408 4.449 4.489 4.529 4.567 4.604 4.641 4.676 4.711 4.745 4.778 4.810 4.842 4.872 4.901 4.930 4.958 4.986 5.013 5.039 5.065 5.090 5.115 5.139 5.163 5.187 5.210 5.233 5.256 5.278 5.300 5.322 5.344 5.366
-99.000 -99.000 -99.000 -99.000 -99.000 -99.000 -99.000 -99.000 -99.000 -99.000 -99.000 -99.000 -99.000 -99.000 -99.000 -99.000 -99.000 1.647 1.661 1.740 1.915 2.166 2.458 2.752 3.020 3.246 3.428 3.573 3.689 3.783 3.863 3.933 3.995 4.052 4.106 4.157 4.206 4.253 4.299 4.343 4.385 4.427 4.467 4.507 4.545 4.583 4.620 4.656 4.691 4.725 4.759 4.792 4.824 4.855 4.886 4.915 4.943 4.971 4.999 5.026 5.053 5.078 5.104 5.129 5.153 5.177 5.200 5.224 5.246 5.269 5.291 5.313 5.335 5.356 5.377
-99.000 -99.000 -99.000 -99.000 -99.000 -99.000 -99.000 -99.000 -99.000 -99.000 -99.000 -99.000 -99.000 -99.000 -99.000 -99.000 1.647 1.649 1.680 1.795 2.003 2.275 2.572 2.860 3.113 3.323 3.491 3.624 3.731 3.820 3.896 3.963 4.023 4.078 4.131 4.181 4.229 4.275 4.320 4.363 4.405 4.445 4.485 4.524 4.562 4.599 4.635 4.671 4.705 4.739 4.773 4.805 4.837 4.868 4.899 4.928 4.956 4.984 5.012 5.039 5.066 5.092 5.117 5.142 5.166 5.190 5.214 5.237 5.260 5.282 5.304 5.326 5.347 5.368 5.389
-99.000 -99.000 -99.000 -99.000 -99.000 -99.000 -99.000 -99.000 -99.000 -99.000 -99.000 -99.000 -99.000 -99.000 -99.000 -99.000 1.647 1.655 1.712 1.863 2.100 2.386 2.684 2.961 3.200 3.395 3.549 3.672 3.772 3.855 3.927 3.992 4.050 4.104 4.156 4.205 4.252 4.297 4.341 4.383 4.424 4.464 4.503 4.541 4.579 4.615 4.651 4.686 4.720 4.754 4.787 4.819 4.850 4.881 4.912 4.941 4.969 4.997 5.025 5.052 5.078 5.104 5.130 5.155 5.179 5.203 5.227 5.250 5.273 5.295 5.317 5.339 5.360 5.381 5.402
-99.000 -99.000 -99.000 -99.000 -99.000 -99.000 -99.000 -99.000 -99.000 -99.000 -99.000 -99.000 -99.000 -99.000 -99.000 -99.000 1.648 1.666 1.756 1.943 2.203 2.498 2.792 3.057 3.281 3.460 3.603 3.716 3.810 3.889 3.958 4.020 4.077 4.129 4.180 4.228 4.274 4.319 4.362 4.403 4.444 4.483 4.521 4.559 4.596 4.632 4.667 4.701 4.735 4.768 4.801 4.833 4.864 4.894 4.925 4.953 4.981 5.009 5.037 5.064 5.091 5.117 5.142 5.167 5.192 5.216 5.239 5.263 5.285 5.308 5.330 5.351 5.373 5.394 5.414
-99.000 -99.000 -99.000 -99.000 -99.000 -99.000 -99.000 -99.000 -99.000 -99.000 -99.000 -99.000 -99.000 -99.000 -99.000 1.647 1.650 1.688 1.814 2.032 2.309 2.609 2.896 3.147 3.355 3.521 3.652 3.758 3.846 3.921 3.988 4.048 4.103 4.155 4.204 4.252 4.297 4.341 4.383 4.424 4.464 4.502 4.540 4.577 4.613 4.648 4.683 4.717 4.750 4.783 4.815 4.847 4.877 4.908 4.938 4.966 4.994 5.022 5.049 5.076 5.103 5.129 5.154 5.179 5.204 5.228 5.252 5.275 5.298 5.320 5.342 5.364 5.385 5.406 5.426
-99.000 -99.000 -99.000 -99.000 -99.000 -99.000 -99.000 -99.000 -99.000 -99.000 -99.000 -99.000 -99.000 -99.000 -99.000 1.647 1.657 1.723 1.885 2.128 2.419 2.718 2.994 3.231 3.423 3.576 3.698 3.797 3.880 3.952 4.016 4.075 4.129 4.180 4.229 4.275 4.320 4.363 4.404 4.444 4.484 4.522 4.559 4.595 4.630 4.665 4.699 4.733 4.766 4.798 4.830 4.861 4.891 4.921 4.951 4.979 5.007 5.034 5.062 5.089 5.115 5.141 5.166 5.191 5.216 5.240 5.263 5.286 5.309 5.332 5.354 5.375 5.397 5.418 5.438
-99.000 -99.000 -99.000 -99.000 -99.000 -99.000 -99.000 -99.000 -99.000 -99.000 -99.000 -99.000 -99.000 -99.000 -99.000 1.648 1.671 1.770 1.965 2.231 2.529 2.823 3.087 3.309 3.487 3.628 3.741 3.834 3.913 3.982 4.045 4.102 4.155 4.205 4.253 4.298 4.342 4.385 4.426 4.465 4.504 4.541 4.578 4.613 4.648 4.683 4.716 4.749 4.782 4.813 4.845 4.875 4.906 4.935 4.964 4.992 5.019 5.047 5.074 5.101 5.127 5.153 5.178 5.203 5.227 5.251 5.274 5.297 5.320 5.343 5.365 5.386 5.408 5.429 5.449
-99.000 -99.000 -99.000 -99.000 -99.000 -99.000 -99.000 -99.000 -99.000 -99.000 -99.000 -99.000 -99.000 -99.000 1.647 1.651 1.695 1.830 2.055 2.337 2.638 2.925 3.175 3.381 3.545 3.676 3.782 3.870 3.945 4.012 4.073 4.129 4.180 4.230 4.277 4.322 4.365 4.407 4.447 4.486 4.524 4.561 4.597 4.632 4.667 4.700 4.733 4.766 4.798 4.829 4.860 4.890 4.920 4.949 4.978 5.005 5.033 5.060 5.087 5.113 5.139 5.165 5.190 5.214 5.238 5.262 5.285 5.308 5.331 5.353 5.375 5.397 5.418 5.439 5.460
