version2/TsunamiDB/out54182.asc
ncols          264
nrows          230
xllcorner      497853.4375
yllcorner      4229146.0000
cellsize         5.
NODATA_value   -99
[rows 34 to 67 of 230, columns 154 to 230 of 264]
6.594 6.597 6.601 6.604 6.608 6.611 6.614 6.618 6.621 6.625 6.628 6.632 6.635 6.639 6.642 6.646 6.650 6.654 6.658 6.662 6.667 6.672 6.677 6.682 6.687 6.693 6.698 6.704 6.710 6.717 6.723 6.730 6.737 6.744 6.751 6.757 6.764 6.771 6.778 6.784 6.791 6.797 6.803 6.809 6.814 6.819 6.824 6.828 6.832 6.835 6.839 6.842 6.844 6.847 6.849 6.851 6.853 6.854 6.856 6.857 6.859 6.860 6.861 6.863 6.864 6.865 6.867 6.869 6.870 6.871 6.872 6.873 6.873 6.873 6.873 6.873 6.872
6.598 6.602 6.605 6.609 6.612 6.615 6.619 6.622 6.625 6.629 6.632 6.635 6.639 6.642 6.646 6.649 6.653 6.657 6.661 6.665 6.669 6.674 6.679 6.684 6.689 6.694 6.700 6.705 6.711 6.718 6.724 6.731 6.737 6.744 6.751 6.758 6.764 6.771 6.778 6.784 6.791 6.797 6.803 6.809 6.814 6.819 6.824 6.829 6.833 6.836 6.840 6.843 6.845 6.848 6.850 6.852 6.854 6.856 6.857 6.859 6.860 6.861 6.863 6.864 6.865 6.866 6.868 6.869 6.870 6.871 6.872 6.872 6.872 6.872 6.872 6.871 6.870
6.604 6.607 6.610 6.613 6.617 6.620 6.623 6.626 6.630 6.633 6.636 6.639 6.643 6.646 6.649 6.653 6.656 6.660 6.664 6.668 6.672 6.677 6.681 6.686 6.691 6.696 6.701 6.707 6.713 6.719 6.725 6.731 6.738 6.744 6.751 6.758 6.765 6.771 6.778 6.784 6.791 6.797 6.803 6.809 6.815 6.820 6.825 6.829 6.833 6.837 6.841 6.844 6.847 6.849 6.851 6.854 6.855 6.857 6.859 6.860 6.861 6.863 6.864 6.865 6.866 6.867 6.869 6.870 6.871 6.872 6.872 6.872 6.872 6.871 6.870 6.869 6.868
6.609 6.612 6.616 6.619 6.622 6.625 6.628 6.631 6.634 6.637 6.641 6.644 6.647 6.650 6.653 6.656 6.660 6.663 6.667 6.671 6.675 6.679 6.684 6.688 6.693 6.698 6.703 6.708 6.714 6.720 6.726 6.732 6.738 6.745 6.751 6.758 6.765 6.771 6.778 6.785 6.791 6.797 6.803 6.809 6.815 6.820 6.825 6.830 6.834 6.838 6.841 6.845 6.848 6.850 6.853 6.855 6.857 6.859 6.860 6.862 6.863 6.864 6.865 6.866 6.867 6.868 6.870 6.871 6.872 6.872 6.873 6.872 6.871 6.870 6.869 6.868 6.866
6.615 6.619 6.622 6.625 6.628 6.631 6.634 6.637 6.640 6.642 6.645 6.648 6.651 6.654 6.657 6.660 6.664 6.667 6.670 6.674 6.678 6.682 6.687 6.691 6.695 6.700 6.705 6.710 6.716 6.721 6.727 6.733 6.739 6.746 6.752 6.759 6.765 6.772 6.778 6.785 6.791 6.797 6.804 6.810 6.816 6.821 6.826 6.830 6.835 6.839 6.842 6.846 6.849 6.852 6.854 6.856 6.858 6.860 6.862 6.863 6.864 6.865 6.866 6.867 6.868 6.870 6.871 6.872 6.872 6.873 6.873 6.872 6.871 6.870 6.868 6.866 6.864
6.622 6.625 6.628 6.631 6.634 6.637 6.640 6.642 6.645 6.648 6.651 6.654 6.656 6.659 6.662 6.665 6.668 6.671 6.674 6.678 6.682 6.686 6.690 6.694 6.698 6.703 6.707 6.712 6.717 6.723 6.729 6.734 6.740 6.747 6.753 6.759 6.766 6.772 6.779 6.785 6.791 6.798 6.804 6.810 6.816 6.821 6.826 6.831 6.835 6.840 6.843 6.847 6.850 6.853 6.855 6.858 6.860 6.862 6.863 6.865 6.866 6.867 6.868 6.869 6.870 6.871 6.872 6.873 6.873 6.873 6.873 6.872 6.871 6.869 6.867 6.864 6.862
6.630 6.633 6.636 6.638 6.641 6.644 6.646 6.649 6.652 6.654 6.657 6.659 6.662 6.665 6.667 6.670 6.673 6.676 6.679 6.682 6.686 6.690 6.693 6.697 6.701 6.705 6.710 6.715 6.720 6.725 6.730 6.736 6.742 6.748 6.754 6.760 6.767 6.773 6.779 6.786 6.792 6.798 6.804 6.811 6.816 6.822 6.827 6.832 6.836 6.840 6.844 6.848 6.851 6.854 6.857 6.859 6.861 6.863 6.865 6.866 6.867 6.868 6.869 6.870 6.871 6.872 6.873 6.874 6.874 6.874 6.874 6.872 6.870 6.868 6.866 6.863 6.860
6.639 6.641 6.644 6.646 6.649 6.651 6.654 6.656 6.659 6.661 6.663 6.666 6.668 6.671 6.673 6.676 6.678 6.681 6.684 6.687 6.690 6.694 6.697 6.701 6.705 6.709 6.713 6.718 6.722 6.727 6.732 6.738 6.744 6.749 6.755 6.761 6.768 6.774 6.780 6.786 6.793 6.799 6.805 6.811 6.817 6.822 6.828 6.832 6.837 6.841 6.845 6.849 6.852 6.855 6.858 6.860 6.863 6.864 6.866 6.868 6.869 6.870 6.871 6.872 6.873 6.874 6.874 6.875 6.875 6.875 6.874 6.873 6.870 6.868 6.865 6.861 6.857
6.648 6.651 6.653 6.655 6.658 6.660 6.662 6.664 6.667 6.669 6.671 6.673 6.675 6.678 6.680 6.682 6.684 6.687 6.690 6.692 6.696 6.699 6.702 6.705 6.709 6.713 6.717 6.721 6.725 6.730 6.735 6.740 6.746 6.751 6.757 6.763 6.769 6.775 6.781 6.787 6.793 6.800 6.806 6.812 6.818 6.823 6.828 6.833 6.838 6.842 6.846 6.850 6.853 6.856 6.859 6.862 6.864 6.866 6.868 6.869 6.870 6.872 6.872 6.873 6.874 6.875 6.876 6.876 6.876 6.876 6.875 6.873 6.870 6.867 6.864 6.859 6.855
6.659 6.661 6.663 6.666 6.668 6.670 6.672 6.674 6.676 6.678 6.680 6.682 6.684 6.685 6.687 6.689 6.692 6.694 6.696 6.699 6.702 6.705 6.707 6.711 6.714 6.717 6.721 6.725 6.729 6.734 6.738 6.743 6.748 6.754 6.759 6.765 6.771 6.777 6.783 6.789 6.795 6.801 6.807 6.813 6.819 6.824 6.829 6.834 6.839 6.843 6.847 6.851 6.855 6.858 6.861 6.863 6.866 6.868 6.869 6.871 6.872 6.873 6.874 6.875 6.876 6.877 6.877 6.877 6.877 6.877 6.876 6.874 6.870 6.867 6.862 6.857 6.852
6.671 6.673 6.675 6.677 6.679 6.680 6.682 6.684 6.686 6.688 6.689 6.691 6.693 6.694 6.696 6.698 6.700 6.702 6.704 6.706 6.709 6.711 6.714 6.717 6.719 6.723 6.726 6.730 6.734 6.738 6.742 6.747 6.752 6.757 6.762 6.767 6.773 6.779 6.785 6.790 6.796 6.802 6.808 6.814 6.820 6.825 6.830 6.835 6.840 6.844 6.849 6.852 6.856 6.859 6.862 6.865 6.867 6.869 6.871 6.872 6.874 6.875 6.876 6.877 6.877 6.878 6.879 6.879 6.879 6.878 6.877 6.874 6.870 6.866 6.861 6.855 6.849
6.683 6.685 6.687 6.689 6.691 6.692 6.694 6.696 6.697 6.699 6.700 6.702 6.703 6.704 6.706 6.707 6.709 6.710 6.712 6.714 6.717 6.719 6.721 6.724 6.726 6.729 6.732 6.735 6.739 6.743 6.747 6.751 6.756 6.761 6.766 6.771 6.776 6.781 6.787 6.793 6.798 6.804 6.810 6.816 6.822 6.827 6.832 6.837 6.842 6.846 6.850 6.854 6.858 6.861 6.864 6.866 6.869 6.871 6.873 6.874 6.876 6.877 6.878 6.878 6.879 6.880 6.880 6.880 6.880 6.880 6.878 6.875 6.870 6.865 6.860 6.853 6.846
6.696 6.698 6.700 6.702 6.703 6.705 6.707 6.708 6.709 6.711 6.712 6.713 6.715 6.716 6.717 6.718 6.719 6.721 6.722 6.724 6.726 6.728 6.730 6.732 6.734 6.737 6.739 6.742 6.745 6.749 6.753 6.757 6.761 6.765 6.770 6.775 6.780 6.785 6.790 6.796 6.801 6.807 6.813 6.818 6.824 6.829 6.834 6.839 6.843 6.848 6.852 6.856 6.859 6.863 6.866 6.868 6.871 6.873 6.875 6.876 6.878 6.879 6.880 6.880 6.881 6.882 6.882 6.882 6.882 6.881 6.879 6.875 6.870 6.864 6.858 6.851 6.844
6.710 6.712 6.714 6.715 6.717 6.719 6.720 6.721 6.723 6.724 6.725 6.726 6.727 6.728 6.729 6.730 6.731 6.732 6.733 6.735 6.736 6.738 6.739 6.741 6.743 6.745 6.748 6.750 6.753 6.756 6.759 6.763 6.767 6.771 6.775 6.780 6.785 6.789 6.794 6.800 6.805 6.810 6.816 6.821 6.827 6.832 6.837 6.841 6.846 6.850 6.854 6.858 6.862 6.865 6.868 6.871 6.873 6.875 6.877 6.879 6.880 6.881 6.882 6.883 6.883 6.884 6.884 6.884 6.884 6.883 6.881 6.876 6.870 6.864 6.857 6.849 6.842
6.724 6.726 6.728 6.729 6.731 6.732 6.734 6.735 6.737 6.738 6.739 6.740 6.741 6.741 6.742 6.743 6.744 6.745 6.746 6.747 6.748 6.749 6.751 6.752 6.754 6.755 6.757 6.760 6.762 6.765 6.768 6.771 6.774 6.778 6.782 6.786 6.791 6.795 6.800 6.805 6.810 6.815 6.820 6.825 6.830 6.835 6.840 6.845 6.849 6.853 6.857 6.861 6.865 6.868 6.871 6.874 6.876 6.878 6.880 6.882 6.883 6.884 6.885 6.886 6.886 6.887 6.887 6.887 6.886 6.885 6.882 6.877 6.871 6.864 6.857 6.848 6.841
6.737 6.739 6.741 6.743 6.745 6.747 6.748 6.749 6.751 6.752 6.753 6.754 6.755 6.756 6.756 6.757 6.758 6.758 6.759 6.760 6.761 6.762 6.763 6.764 6.765 6.767 6.768 6.770 6.772 6.775 6.777 6.780 6.783 6.787 6.790 6.794 6.798 6.802 6.806 6.811 6.816 6.820 6.826 6.831 6.835 6.840 6.845 6.849 6.853 6.858 6.862 6.865 6.869 6.872 6.875 6.877 6.880 6.882 6.884 6.885 6.886 6.888 6.888 6.889 6.889 6.890 6.890 6.890 6.889 6.888 6.885 6.879 6.872 6.865 6.857 6.849 6.841
6.750 6.753 6.755 6.757 6.758 6.760 6.762 6.763 6.765 6.766 6.767 6.768 6.769 6.770 6.771 6.771 6.772 6.772 6.773 6.774 6.775 6.776 6.776 6.777 6.778 6.779 6.781 6.782 6.784 6.786 6.788 6.791 6.794 6.796 6.800 6.803 6.807 6.811 6.815 6.819 6.823 6.828 6.833 6.837 6.842 6.846 6.851 6.855 6.859 6.863 6.867 6.870 6.874 6.877 6.880 6.882 6.884 6.886 6.888 6.890 6.891 6.892 6.893 6.893 6.893 6.894 6.894 6.893 6.893 6.891 6.888 6.882 6.874 6.867 6.859 6.850 6.843
6.762 6.765 6.767 6.769 6.771 6.773 6.775 6.777 6.779 6.780 6.781 6.782 6.784 6.784 6.785 6.786 6.787 6.787 6.788 6.789 6.789 6.790 6.791 6.791 6.792 6.793 6.794 6.796 6.797 6.799 6.801 6.803 6.805 6.808 6.811 6.814 6.817 6.821 6.824 6.828 6.832 6.836 6.841 6.846 6.850 6.854 6.858 6.862 6.866 6.870 6.873 6.877 6.880 6.883 6.886 6.888 6.890 6.892 6.894 6.895 6.896 6.897 6.898 6.898 6.899 6.899 6.899 6.898 6.897 6.895 6.892 6.886 6.878 6.870 6.862 6.853 6.846
6.774 6.776 6.779 6.781 6.783 6.786 6.788 6.790 6.791 6.793 6.795 6.796 6.797 6.798 6.799 6.800 6.801 6.802 6.802 6.803 6.804 6.805 6.805 6.806 6.807 6.807 6.808 6.810 6.811 6.812 6.814 6.816 6.818 6.821 6.823 6.826 6.829 6.832 6.836 6.839 6.843 6.847 6.851 6.855 6.859 6.863 6.867 6.871 6.875 6.878 6.882 6.885 6.888 6.891 6.893 6.896 6.898 6.900 6.901 6.902 6.903 6.904 6.905 6.905 6.905 6.905 6.905 6.904 6.903 6.901 6.897 6.890 6.882 6.874 6.866 6.857 6.851
6.784 6.786 6.789 6.792 6.794 6.797 6.799 6.801 6.803 6.805 6.807 6.809 6.810 6.811 6.813 6.814 6.815 6.816 6.816 6.818 6.818 6.819 6.820 6.820 6.821 6.822 6.823 6.824 6.825 6.827 6.828 6.830 6.832 6.834 6.837 6.839 6.842 6.845 6.848 6.852 6.855 6.859 6.863 6.867 6.871 6.874 6.878 6.882 6.885 6.889 6.892 6.895 6.898 6.900 6.903 6.905 6.907 6.909 6.910 6.911 6.912 6.913 6.913 6.913 6.913 6.913 6.913 6.912 6.910 6.908 6.904 6.897 6.888 6.880 6.872 6.863 6.857
6.792 6.795 6.798 6.801 6.804 6.806 6.809 6.811 6.814 6.816 6.818 6.820 6.822 6.823 6.825 6.826 6.827 6.828 6.830 6.831 6.832 6.833 6.834 6.835 6.835 6.836 6.837 6.838 6.840 6.841 6.842 6.844 6.846 6.848 6.851 6.853 6.856 6.859 6.862 6.865 6.868 6.872 6.876 6.880 6.884 6.887 6.891 6.894 6.898 6.901 6.904 6.907 6.910 6.912 6.914 6.916 6.918 6.920 6.921 6.922 6.923 6.923 6.923 6.923 6.923 6.923 6.922 6.921 6.920 6.917 6.913 6.905 6.896 6.888 6.880 6.871 6.866
6.800 6.803 6.806 6.809 6.812 6.815 6.818 6.820 6.823 6.825 6.828 6.830 6.832 6.834 6.836 6.837 6.839 6.840 6.841 6.843 6.844 6.846 6.847 6.848 6.849 6.850 6.851 6.852 6.853 6.855 6.856 6.858 6.860 6.862 6.865 6.867 6.870 6.873 6.876 6.879 6.882 6.886 6.890 6.894 6.897 6.901 6.904 6.908 6.911 6.915 6.918 6.920 6.923 6.926 6.928 6.930 6.932 6.933 6.934 6.935 6.936 6.936 6.936 6.936 6.936 6.935 6.934 6.933 6.931 6.929 6.924 6.916 6.907 6.898 6.890 6.881 6.876
6.806 6.810 6.813 6.816 6.819 6.822 6.825 6.828 6.831 6.834 6.836 6.838 6.841 6.843 6.845 6.847 6.849 6.850 6.852 6.854 6.855 6.857 6.858 6.859 6.861 6.862 6.863 6.865 6.866 6.868 6.869 6.871 6.873 6.876 6.878 6.881 6.884 6.886 6.890 6.893 6.896 6.900 6.904 6.908 6.912 6.915 6.919 6.922 6.926 6.929 6.932 6.935 6.938 6.941 6.943 6.945 6.947 6.948 6.949 6.950 6.951 6.951 6.951 6.951 6.950 6.950 6.949 6.947 6.945 6.942 6.937 6.929 6.919 6.911 6.902 6.894 6.889
6.812 6.815 6.819 6.822 6.826 6.829 6.832 6.835 6.838 6.841 6.843 6.846 6.848 6.851 6.853 6.855 6.857 6.859 6.861 6.863 6.865 6.867 6.868 6.870 6.871 6.873 6.874 6.876 6.877 6.879 6.881 6.883 6.886 6.888 6.891 6.893 6.896 6.899 6.903 6.906 6.910 6.914 6.918 6.922 6.926 6.930 6.933 6.937 6.941 6.944 6.948 6.951 6.954 6.956 6.959 6.961 6.963 6.964 6.966 6.967 6.967 6.967 6.968 6.967 6.967 6.967 6.965 6.964 6.962 6.959 6.954 6.945 6.935 6.926 6.918 6.909 6.904
6.816 6.820 6.824 6.827 6.831 6.834 6.837 6.841 6.844 6.846 6.849 6.852 6.855 6.857 6.860 6.862 6.864 6.866 6.868 6.871 6.873 6.875 6.877 6.878 6.880 6.882 6.884 6.885 6.887 6.889 6.891 6.894 6.896 6.899 6.901 6.904 6.908 6.911 6.914 6.918 6.922 6.926 6.930 6.935 6.939 6.943 6.947 6.951 6.955 6.959 6.962 6.966 6.969 6.972 6.975 6.977 6.980 6.981 6.983 6.984 6.985 6.985 6.986 6.986 6.985 6.985 6.984 6.982 6.980 6.978 6.972 6.964 6.953 6.945 6.936 6.928 6.924
6.820 6.824 6.828 6.832 6.835 6.839 6.842 6.845 6.848 6.851 6.854 6.857 6.860 6.863 6.865 6.868 6.870 6.872 6.875 6.877 6.880 6.882 6.884 6.886 6.887 6.889 6.891 6.893 6.896 6.898 6.900 6.902 6.905 6.908 6.911 6.914 6.917 6.921 6.924 6.928 6.932 6.937 6.941 6.946 6.950 6.955 6.959 6.964 6.968 6.972 6.976 6.980 6.984 6.987 6.990 6.993 6.996 6.998 7.000 7.001 7.003 7.004 7.004 7.004 7.005 7.004 7.003 7.002 7.001 6.998 6.993 6.984 6.974 6.965 6.957 6.949 6.946
6.823 6.827 6.831 6.835 6.839 6.843 6.846 6.849 6.853 6.856 6.859 6.862 6.864 6.867 6.870 6.872 6.875 6.877 6.880 6.882 6.885 6.887 6.889 6.891 6.893 6.896 6.898 6.900 6.902 6.905 6.907 6.910 6.912 6.915 6.918 6.922 6.925 6.929 6.933 6.937 6.941 6.946 6.951 6.955 6.960 6.965 6.969 6.974 6.979 6.984 6.988 6.992 6.997 7.001 7.004 7.008 7.011 7.013 7.016 7.018 7.020 7.021 7.022 7.023 7.023 7.023 7.023 7.022 7.021 7.019 7.014 7.006 6.996 6.988 6.980 6.973 6.970
6.826 6.830 6.834 6.838 6.842 6.846 6.849 6.853 6.856 6.859 6.862 6.865 6.868 6.871 6.874 6.876 6.879 6.881 6.884 6.887 6.889 6.892 6.894 6.896 6.898 6.901 6.903 6.905 6.908 6.910 6.913 6.915 6.918 6.921 6.924 6.928 6.931 6.935 6.939 6.943 6.948 6.953 6.958 6.963 6.968 6.973 6.978 6.983 6.988 6.993 6.998 7.003 7.007 7.012 7.016 7.020 7.024 7.027 7.030 7.033 7.035 7.037 7.038 7.040 7.041 7.042 7.042 7.041 7.041 7.039 7.035 7.027 7.018 7.010 7.003 6.997 6.995
6.828 6.832 6.837 6.841 6.845 6.849 6.852 6.856 6.859 6.862 6.866 6.869 6.871 6.874 6.877 6.880 6.882 6.885 6.887 6.890 6.893 6.895 6.897 6.900 6.902 6.904 6.907 6.909 6.912 6.914 6.917 6.920 6.923 6.926 6.929 6.933 6.936 6.940 6.944 6.949 6.953 6.958 6.963 6.968 6.974 6.979 6.984 6.990 6.995 7.000 7.006 7.011 7.016 7.021 7.026 7.030 7.034 7.038 7.042 7.045 7.048 7.051 7.053 7.055 7.056 7.058 7.058 7.059 7.059 7.058 7.054 7.048 7.039 7.032 7.026 7.020 7.019
6.830 6.834 6.839 6.843 6.847 6.851 6.855 6.858 6.862 6.865 6.868 6.871 6.874 6.877 6.880 6.882 6.885 6.888 6.890 6.893 6.896 6.898 6.900 6.903 6.905 6.908 6.910 6.913 6.915 6.918 6.920 6.923 6.926 6.929 6.933 6.936 6.940 6.944 6.948 6.952 6.957 6.962 6.967 6.973 6.978 6.983 6.989 6.994 7.000 7.006 7.011 7.017 7.022 7.028 7.033 7.038 7.043 7.047 7.051 7.055 7.059 7.062 7.065 7.067 7.069 7.071 7.073 7.074 7.074 7.074 7.071 7.065 7.057 7.051 7.046 7.041 7.041
6.831 6.836 6.840 6.845 6.849 6.853 6.857 6.861 6.864 6.868 6.871 6.874 6.877 6.880 6.882 6.885 6.888 6.890 6.893 6.896 6.898 6.901 6.903 6.905 6.908 6.910 6.913 6.915 6.918 6.920 6.923 6.926 6.929 6.932 6.936 6.939 6.943 6.947 6.951 6.955 6.960 6.965 6.970 6.976 6.981 6.986 6.992 6.998 7.004 7.010 7.015 7.021 7.027 7.033 7.038 7.044 7.049 7.054 7.058 7.063 7.067 7.071 7.074 7.077 7.080 7.083 7.084 7.086 7.088 7.088 7.086 7.081 7.073 7.068 7.063 7.059 7.060
6.832 6.837 6.842 6.846 6.851 6.855 6.859 6.863 6.866 6.870 6.873 6.876 6.879 6.882 6.885 6.887 6.890 6.892 6.895 6.898 6.900 6.903 6.905 6.907 6.910 6.912 6.915 6.917 6.920 6.922 6.925 6.928 6.931 6.934 6.938 6.941 6.945 6.949 6.953 6.957 6.962 6.967 6.972 6.978 6.983 6.989 6.994 7.000 7.006 7.012 7.018 7.024 7.030 7.036 7.042 7.048 7.053 7.059 7.064 7.069 7.073 7.077 7.081 7.085 7.088 7.092 7.094 7.096 7.098 7.099 7.098 7.093 7.086 7.081 7.077 7.073 7.075
6.833 6.838 6.843 6.848 6.852 6.856 6.860 6.864 6.868 6.872 6.875 6.878 6.881 6.884 6.887 6.889 6.892 6.894 6.897 6.900 6.902 6.905 6.907 6.909 6.912 6.914 6.916 6.919 6.922 6.924 6.927 6.930 6.933 6.936 6.939 6.943 6.947 6.950 6.955 6.959 6.963 6.969 6.974 6.979 6.985 6.990 6.996 7.002 7.008 7.014 7.020 7.026 7.033 7.039 7.045 7.051 7.057 7.062 7.068 7.073 7.078 7.083 7.087 7.091 7.095 7.099 7.102 7.104 7.107 7.109 7.108 7.103 7.096 7.092 7.089 7.085 7.088
6.834 6.839 6.844 6.849 6.853 6.858 6.862 6.866 6.870 6.873 6.877 6.880 6.883 6.886 6.889 6.891 6.894 6.896 6.899 6.902 6.904 6.906 6.909 6.911 6.913 6.916 6.918 6.921 6.923 6.926 6.928 6.931 6.934 6.937 6.941 6.944 6.948 6.952 6.956 6.960 6.965 6.970 6.975 6.980 6.986 6.991 6.997 7.003 7.009 7.015 7.021 7.028 7.034 7.040 7.047 7.053 7.059 7.065 7.071 7.076 7.082 7.087 7.091 7.096 7.100 7.104 7.108 7.111 7.114 7.117 7.116 7.111 7.105 7.102 7.099 7.096 7.099
