version2/TsunamiDB/out54085.asc
ncols          264
nrows          230
xllcorner      497853.4375
yllcorner      4229146.0000
cellsize         5.
NODATA_value   -99
[rows 136 to 169 of 230, columns 154 to 230 of 264]
6.611 6.619 6.626 6.633 6.641 6.649 6.657 6.666 6.676 6.688 6.701 6.716 6.733 6.752 6.773 6.794 6.816 6.838 6.862 6.886 6.911 6.936 6.962 6.987 7.014 7.040 7.066 7.091 7.115 7.138 7.157 7.173 7.188 7.207 7.226 7.247 7.272 7.303 7.341 7.384 7.432 7.485 7.540 7.590 7.644 7.709 7.776 7.845 7.914 7.983 8.057 8.144 8.231 8.283 8.335 8.410 8.479 8.541 8.597 8.648 8.692 8.724 8.746 8.759 8.773 8.792 8.810 8.826 8.840 8.853 8.866 8.881 8.897 8.903 8.911 8.927 8.944
6.623 6.630 6.638 6.645 6.653 6.660 6.668 6.677 6.687 6.698 6.711 6.725 6.742 6.760 6.781 6.802 6.823 6.846 6.869 6.894 6.918 6.944 6.969 6.995 7.021 7.047 7.073 7.098 7.122 7.144 7.162 7.178 7.194 7.213 7.233 7.255 7.283 7.316 7.356 7.402 7.454 7.510 7.567 7.619 7.674 7.741 7.811 7.883 7.954 8.027 8.107 8.195 8.277 8.326 8.378 8.450 8.515 8.575 8.628 8.676 8.715 8.743 8.764 8.777 8.790 8.807 8.822 8.837 8.849 8.861 8.874 8.889 8.904 8.910 8.918 8.934 8.951
6.635 6.643 6.650 6.658 6.665 6.672 6.680 6.689 6.698 6.709 6.721 6.735 6.751 6.769 6.789 6.810 6.832 6.854 6.878 6.902 6.927 6.952 6.978 7.004 7.030 7.056 7.082 7.107 7.130 7.151 7.170 7.186 7.202 7.222 7.244 7.267 7.297 7.333 7.374 7.422 7.477 7.536 7.595 7.648 7.704 7.774 7.848 7.922 7.997 8.075 8.158 8.242 8.319 8.366 8.416 8.485 8.548 8.605 8.655 8.699 8.734 8.761 8.781 8.793 8.805 8.820 8.834 8.847 8.858 8.870 8.882 8.896 8.910 8.917 8.924 8.941 8.959
6.648 6.656 6.663 6.671 6.678 6.685 6.693 6.701 6.710 6.720 6.732 6.745 6.761 6.779 6.798 6.819 6.841 6.863 6.887 6.911 6.936 6.962 6.988 7.014 7.040 7.066 7.092 7.116 7.139 7.160 7.179 7.196 7.213 7.235 7.258 7.283 7.314 7.352 7.395 7.445 7.501 7.562 7.623 7.677 7.735 7.810 7.887 7.964 8.043 8.123 8.205 8.286 8.358 8.403 8.451 8.516 8.577 8.631 8.678 8.718 8.751 8.777 8.797 8.808 8.819 8.833 8.846 8.857 8.867 8.878 8.890 8.903 8.917 8.924 8.931 8.948 8.966
6.661 6.669 6.676 6.684 6.691 6.699 6.706 6.714 6.722 6.732 6.743 6.756 6.771 6.789 6.808 6.829 6.850 6.873 6.897 6.921 6.946 6.972 6.998 7.024 7.050 7.076 7.102 7.126 7.150 7.171 7.191 7.209 7.228 7.251 7.275 7.302 7.335 7.374 7.418 7.469 7.526 7.589 7.654 7.710 7.770 7.847 7.927 8.008 8.089 8.169 8.249 8.325 8.394 8.437 8.482 8.544 8.602 8.653 8.698 8.736 8.767 8.792 8.811 8.822 8.832 8.845 8.856 8.866 8.876 8.885 8.896 8.909 8.923 8.930 8.938 8.955 8.973
6.673 6.682 6.690 6.697 6.705 6.712 6.719 6.727 6.735 6.744 6.755 6.767 6.782 6.799 6.818 6.839 6.860 6.883 6.907 6.932 6.957 6.983 7.009 7.035 7.061 7.087 7.113 7.138 7.162 7.184 7.205 7.224 7.245 7.269 7.296 7.324 7.358 7.398 7.443 7.494 7.552 7.618 7.687 7.744 7.805 7.886 7.969 8.052 8.133 8.212 8.289 8.362 8.427 8.468 8.510 8.569 8.624 8.672 8.714 8.751 8.781 8.805 8.823 8.834 8.844 8.856 8.866 8.875 8.883 8.892 8.902 8.914 8.929 8.936 8.944 8.962 8.980
6.686 6.695 6.703 6.711 6.719 6.726 6.733 6.740 6.748 6.757 6.767 6.779 6.793 6.810 6.829 6.849 6.871 6.894 6.918 6.943 6.968 6.994 7.020 7.046 7.073 7.099 7.124 7.150 7.175 7.199 7.221 7.242 7.264 7.290 7.318 7.348 7.383 7.424 7.469 7.520 7.580 7.650 7.722 7.781 7.844 7.928 8.013 8.095 8.175 8.252 8.326 8.395 8.456 8.495 8.535 8.591 8.642 8.689 8.729 8.764 8.794 8.817 8.834 8.844 8.854 8.865 8.874 8.882 8.890 8.897 8.907 8.919 8.935 8.942 8.951 8.969 8.987
6.699 6.708 6.716 6.724 6.732 6.740 6.747 6.754 6.762 6.770 6.780 6.791 6.805 6.821 6.840 6.860 6.881 6.904 6.928 6.953 6.979 7.005 7.031 7.057 7.084 7.111 7.137 7.164 7.190 7.215 7.239 7.262 7.285 7.312 7.342 7.373 7.410 7.451 7.497 7.549 7.612 7.684 7.760 7.820 7.885 7.971 8.055 8.136 8.213 8.288 8.358 8.423 8.481 8.518 8.556 8.609 8.657 8.702 8.741 8.775 8.804 8.826 8.842 8.852 8.861 8.871 8.880 8.888 8.894 8.901 8.910 8.923 8.940 8.948 8.957 8.976 8.994
6.712 6.721 6.729 6.738 6.746 6.753 6.761 6.768 6.775 6.783 6.792 6.803 6.816 6.832 6.850 6.870 6.892 6.915 6.939 6.964 6.990 7.015 7.042 7.069 7.096 7.123 7.151 7.178 7.206 7.233 7.259 7.283 7.308 7.336 7.367 7.399 7.437 7.480 7.527 7.581 7.645 7.719 7.799 7.860 7.926 8.011 8.094 8.174 8.249 8.320 8.388 8.450 8.505 8.540 8.575 8.625 8.671 8.713 8.750 8.783 8.812 8.833 8.848 8.857 8.865 8.875 8.884 8.892 8.898 8.905 8.913 8.926 8.944 8.953 8.962 8.981 8.999
6.724 6.733 6.742 6.751 6.759 6.767 6.774 6.781 6.789 6.796 6.805 6.815 6.828 6.843 6.861 6.881 6.902 6.925 6.949 6.974 7.000 7.026 7.052 7.080 7.108 7.136 7.165 7.194 7.223 7.252 7.280 7.305 7.331 7.361 7.393 7.427 7.466 7.511 7.559 7.615 7.680 7.757 7.843 7.905 7.969 8.054 8.135 8.213 8.284 8.353 8.417 8.475 8.528 8.560 8.593 8.640 8.684 8.723 8.758 8.791 8.818 8.839 8.851 8.859 8.867 8.876 8.885 8.893 8.900 8.906 8.914 8.928 8.948 8.958 8.967 8.986 9.003
6.736 6.745 6.755 6.764 6.772 6.780 6.788 6.795 6.802 6.809 6.818 6.828 6.840 6.854 6.872 6.891 6.912 6.935 6.959 6.984 7.010 7.036 7.063 7.092 7.121 7.150 7.180 7.211 7.241 7.272 7.301 7.327 7.354 7.386 7.419 7.455 7.497 7.543 7.594 7.652 7.719 7.805 7.894 7.952 8.013 8.097 8.176 8.250 8.319 8.384 8.444 8.500 8.549 8.579 8.610 8.654 8.694 8.732 8.765 8.796 8.823 8.840 8.850 8.858 8.866 8.875 8.884 8.892 8.900 8.907 8.914 8.930 8.953 8.962 8.971 8.989 9.005
6.748 6.757 6.767 6.776 6.785 6.793 6.801 6.808 6.815 6.822 6.830 6.839 6.851 6.865 6.882 6.901 6.922 6.944 6.968 6.993 7.019 7.045 7.074 7.104 7.135 7.165 7.197 7.228 7.260 7.292 7.321 7.349 7.379 7.413 7.448 7.486 7.531 7.581 7.635 7.697 7.771 7.859 7.943 7.998 8.058 8.138 8.214 8.286 8.352 8.414 8.471 8.522 8.568 8.597 8.625 8.666 8.704 8.739 8.770 8.798 8.822 8.837 8.847 8.855 8.862 8.871 8.881 8.890 8.898 8.906 8.916 8.934 8.955 8.964 8.972 8.989 9.005
6.759 6.769 6.779 6.788 6.797 6.806 6.814 6.821 6.828 6.835 6.842 6.851 6.862 6.875 6.891 6.910 6.930 6.953 6.976 7.001 7.027 7.055 7.085 7.116 7.149 7.181 7.214 7.247 7.279 7.311 7.342 7.373 7.406 7.442 7.479 7.521 7.570 7.623 7.681 7.749 7.827 7.910 7.990 8.042 8.100 8.177 8.251 8.320 8.383 8.442 8.496 8.544 8.587 8.613 8.640 8.678 8.712 8.744 8.773 8.798 8.818 8.832 8.843 8.851 8.857 8.867 8.877 8.887 8.896 8.906 8.919 8.936 8.955 8.964 8.972 8.988 9.002
6.770 6.780 6.790 6.800 6.809 6.818 6.826 6.834 6.840 6.847 6.854 6.862 6.872 6.885 6.900 6.918 6.938 6.960 6.984 7.009 7.035 7.065 7.097 7.130 7.163 7.197 7.231 7.265 7.298 7.331 7.364 7.398 7.435 7.474 7.514 7.561 7.614 7.670 7.733 7.803 7.880 7.960 8.035 8.085 8.140 8.216 8.287 8.354 8.414 8.470 8.520 8.565 8.606 8.629 8.653 8.688 8.720 8.749 8.774 8.795 8.813 8.827 8.838 8.845 8.852 8.862 8.873 8.884 8.895 8.907 8.921 8.937 8.954 8.962 8.970 8.984 8.997
6.782 6.792 6.802 6.812 6.821 6.830 6.838 6.846 6.853 6.859 6.866 6.873 6.882 6.894 6.909 6.926 6.945 6.967 6.990 7.016 7.045 7.076 7.109 7.143 7.178 7.213 7.249 7.283 7.318 7.352 7.388 7.426 7.467 7.510 7.553 7.604 7.661 7.722 7.787 7.856 7.931 8.007 8.079 8.127 8.180 8.253 8.322 8.386 8.443 8.496 8.544 8.586 8.623 8.645 8.667 8.698 8.727 8.752 8.774 8.793 8.809 8.822 8.833 8.840 8.847 8.858 8.870 8.882 8.895 8.908 8.922 8.937 8.952 8.959 8.966 8.979 8.990
6.793 6.803 6.813 6.823 6.833 6.842 6.850 6.858 6.865 6.871 6.877 6.883 6.891 6.902 6.916 6.932 6.951 6.973 6.997 7.024 7.054 7.087 7.122 7.158 7.194 7.230 7.266 7.302 7.338 7.374 7.413 7.456 7.503 7.549 7.595 7.651 7.712 7.775 7.839 7.907 7.978 8.051 8.121 8.168 8.218 8.288 8.356 8.417 8.472 8.522 8.567 8.606 8.640 8.660 8.679 8.708 8.733 8.755 8.774 8.791 8.805 8.818 8.830 8.837 8.843 8.855 8.868 8.882 8.895 8.909 8.923 8.937 8.950 8.956 8.962 8.973 8.983
6.804 6.814 6.825 6.835 6.845 6.854 6.862 6.870 6.877 6.882 6.888 6.893 6.900 6.910 6.923 6.937 6.956 6.978 7.004 7.033 7.065 7.099 7.135 7.172 7.209 7.246 7.284 7.321 7.359 7.398 7.441 7.489 7.542 7.590 7.640 7.700 7.764 7.827 7.890 7.956 8.023 8.094 8.162 8.208 8.256 8.324 8.389 8.448 8.500 8.547 8.590 8.626 8.657 8.674 8.692 8.717 8.739 8.759 8.775 8.789 8.802 8.815 8.828 8.835 8.841 8.854 8.868 8.882 8.896 8.910 8.924 8.937 8.949 8.954 8.958 8.968 8.976
6.815 6.826 6.836 6.846 6.856 6.865 6.874 6.881 6.888 6.893 6.898 6.902 6.908 6.917 6.929 6.943 6.961 6.984 7.011 7.042 7.076 7.111 7.148 7.185 7.223 7.262 7.301 7.341 7.381 7.424 7.471 7.525 7.582 7.633 7.686 7.750 7.814 7.876 7.938 8.000 8.066 8.134 8.202 8.246 8.292 8.359 8.420 8.476 8.526 8.571 8.610 8.644 8.672 8.687 8.702 8.724 8.744 8.762 8.776 8.789 8.801 8.814 8.828 8.835 8.841 8.856 8.870 8.884 8.898 8.912 8.925 8.937 8.947 8.951 8.954 8.962 8.969
6.827 6.837 6.848 6.858 6.868 6.877 6.885 6.893 6.899 6.904 6.908 6.911 6.916 6.924 6.934 6.948 6.967 6.991 7.019 7.051 7.086 7.123 7.161 7.199 7.237 7.278 7.320 7.362 7.405 7.452 7.504 7.561 7.623 7.678 7.732 7.797 7.861 7.924 7.984 8.044 8.107 8.173 8.240 8.283 8.328 8.392 8.451 8.504 8.551 8.593 8.631 8.662 8.687 8.700 8.713 8.733 8.751 8.767 8.780 8.791 8.803 8.815 8.829 8.836 8.843 8.858 8.872 8.887 8.901 8.914 8.927 8.938 8.946 8.949 8.952 8.958 8.963
6.838 6.849 6.859 6.869 6.879 6.889 6.897 6.904 6.910 6.915 6.918 6.920 6.923 6.930 6.940 6.954 6.973 6.997 7.027 7.061 7.098 7.135 7.173 7.212 7.252 7.294 7.339 7.385 7.432 7.484 7.539 7.602 7.670 7.725 7.780 7.845 7.910 7.971 8.029 8.088 8.147 8.212 8.281 8.323 8.365 8.427 8.482 8.532 8.576 8.617 8.652 8.680 8.702 8.713 8.724 8.742 8.758 8.772 8.784 8.795 8.805 8.817 8.833 8.841 8.848 8.863 8.877 8.891 8.905 8.918 8.931 8.941 8.947 8.948 8.950 8.955 8.960
6.850 6.860 6.871 6.881 6.891 6.900 6.908 6.916 6.921 6.925 6.927 6.928 6.930 6.937 6.946 6.960 6.980 7.005 7.036 7.072 7.109 7.147 7.186 7.227 7.268 7.313 7.361 7.411 7.463 7.519 7.579 7.650 7.721 7.774 7.827 7.892 7.956 8.016 8.074 8.130 8.187 8.256 8.325 8.363 8.403 8.461 8.513 8.559 8.600 8.638 8.671 8.696 8.714 8.724 8.734 8.750 8.765 8.778 8.789 8.800 8.809 8.824 8.841 8.848 8.854 8.869 8.884 8.897 8.911 8.923 8.935 8.943 8.947 8.948 8.949 8.953 8.957
6.862 6.872 6.883 6.893 6.903 6.912 6.920 6.927 6.932 6.936 6.937 6.937 6.938 6.944 6.954 6.968 6.988 7.014 7.046 7.082 7.120 7.160 7.201 7.243 7.286 7.335 7.387 7.442 7.499 7.560 7.628 7.702 7.770 7.822 7.874 7.938 8.001 8.061 8.118 8.175 8.235 8.302 8.365 8.401 8.439 8.493 8.541 8.584 8.623 8.658 8.687 8.709 8.726 8.735 8.744 8.758 8.773 8.785 8.796 8.807 8.818 8.833 8.850 8.856 8.862 8.877 8.891 8.904 8.917 8.928 8.939 8.944 8.948 8.949 8.949 8.953 8.956
6.874 6.884 6.895 6.905 6.915 6.924 6.932 6.938 6.943 6.946 6.947 6.946 6.947 6.953 6.963 6.976 6.997 7.024 7.056 7.092 7.132 7.174 7.219 7.262 7.308 7.361 7.418 7.478 7.540 7.608 7.679 7.752 7.819 7.869 7.919 7.983 8.046 8.106 8.163 8.222 8.283 8.345 8.403 8.437 8.472 8.522 8.567 8.607 8.643 8.675 8.700 8.721 8.737 8.746 8.753 8.768 8.781 8.794 8.805 8.817 8.829 8.844 8.859 8.865 8.871 8.885 8.899 8.911 8.923 8.933 8.941 8.947 8.951 8.951 8.951 8.954 8.957
6.886 6.897 6.907 6.917 6.927 6.936 6.944 6.950 6.955 6.958 6.958 6.957 6.957 6.963 6.972 6.986 7.007 7.034 7.066 7.103 7.145 7.191 7.239 7.284 7.333 7.391 7.453 7.518 7.586 7.657 7.730 7.801 7.866 7.914 7.964 8.028 8.090 8.150 8.209 8.268 8.327 8.386 8.439 8.470 8.503 8.549 8.591 8.628 8.661 8.689 8.713 8.732 8.748 8.756 8.763 8.777 8.791 8.803 8.815 8.828 8.841 8.855 8.869 8.874 8.880 8.894 8.906 8.918 8.929 8.938 8.945 8.950 8.953 8.953 8.953 8.956 8.958
6.899 6.909 6.919 6.929 6.939 6.948 6.956 6.963 6.967 6.970 6.970 6.968 6.969 6.974 6.983 6.997 7.017 7.045 7.077 7.116 7.161 7.210 7.262 7.310 7.362 7.425 7.492 7.562 7.633 7.706 7.779 7.848 7.912 7.959 8.008 8.071 8.133 8.195 8.254 8.312 8.369 8.424 8.472 8.501 8.531 8.573 8.612 8.647 8.676 8.702 8.725 8.743 8.759 8.767 8.774 8.788 8.801 8.814 8.827 8.840 8.853 8.866 8.879 8.884 8.890 8.902 8.914 8.925 8.934 8.942 8.949 8.953 8.957 8.957 8.956 8.959 8.961
6.911 6.922 6.932 6.942 6.952 6.961 6.969 6.975 6.980 6.983 6.983 6.981 6.981 6.986 6.995 7.008 7.028 7.056 7.090 7.130 7.179 7.233 7.289 7.339 7.395 7.463 7.534 7.607 7.681 7.754 7.826 7.895 7.958 8.003 8.051 8.114 8.177 8.238 8.296 8.353 8.408 8.459 8.503 8.529 8.557 8.596 8.631 8.663 8.691 8.715 8.736 8.754 8.770 8.778 8.785 8.799 8.813 8.826 8.839 8.852 8.865 8.878 8.890 8.894 8.899 8.911 8.922 8.932 8.940 8.947 8.953 8.957 8.961 8.961 8.960 8.963 8.965
6.924 6.934 6.945 6.955 6.964 6.974 6.982 6.989 6.994 6.997 6.997 6.995 6.994 6.998 7.007 7.019 7.040 7.068 7.104 7.147 7.200 7.258 7.318 7.372 7.430 7.503 7.578 7.653 7.727 7.800 7.872 7.940 8.002 8.047 8.093 8.157 8.219 8.280 8.337 8.392 8.444 8.491 8.531 8.556 8.581 8.617 8.649 8.678 8.704 8.727 8.747 8.765 8.781 8.789 8.796 8.810 8.824 8.838 8.851 8.864 8.877 8.889 8.900 8.904 8.909 8.919 8.929 8.938 8.946 8.952 8.958 8.962 8.965 8.965 8.964 8.967 8.969
6.937 6.947 6.958 6.968 6.978 6.987 6.996 7.003 7.009 7.012 7.011 7.009 7.007 7.011 7.019 7.032 7.053 7.083 7.121 7.168 7.224 7.287 7.351 7.406 7.467 7.544 7.621 7.697 7.771 7.844 7.915 7.982 8.044 8.088 8.134 8.197 8.258 8.317 8.373 8.426 8.476 8.519 8.556 8.579 8.602 8.634 8.664 8.692 8.716 8.738 8.758 8.776 8.792 8.799 8.807 8.821 8.835 8.849 8.863 8.876 8.889 8.900 8.910 8.914 8.918 8.927 8.936 8.945 8.952 8.957 8.963 8.967 8.970 8.970 8.969 8.971 8.973
6.950 6.960 6.971 6.981 6.991 7.001 7.010 7.018 7.024 7.027 7.027 7.024 7.022 7.026 7.033 7.046 7.068 7.099 7.139 7.190 7.250 7.316 7.384 7.441 7.504 7.583 7.661 7.738 7.812 7.885 7.956 8.022 8.084 8.128 8.173 8.235 8.295 8.353 8.407 8.458 8.506 8.547 8.581 8.601 8.622 8.652 8.680 8.706 8.729 8.750 8.769 8.787 8.803 8.810 8.818 8.832 8.846 8.861 8.874 8.887 8.900 8.911 8.920 8.923 8.927 8.935 8.944 8.951 8.958 8.963 8.968 8.972 8.975 8.974 8.974 8.976 8.978
6.962 6.973 6.984 6.995 7.005 7.015 7.025 7.033 7.040 7.043 7.043 7.039 7.037 7.040 7.048 7.061 7.084 7.117 7.160 7.214 7.278 7.348 7.420 7.479 7.543 7.623 7.703 7.780 7.855 7.928 7.998 8.065 8.128 8.170 8.214 8.275 8.333 8.389 8.441 8.491 8.536 8.574 8.604 8.622 8.642 8.669 8.695 8.720 8.742 8.762 8.781 8.798 8.814 8.821 8.829 8.844 8.858 8.872 8.886 8.899 8.911 8.922 8.930 8.933 8.936 8.944 8.951 8.958 8.964 8.969 8.974 8.978 8.980 8.980 8.979 8.981 8.983
6.975 6.987 6.998 7.009 7.019 7.030 7.040 7.048 7.056 7.060 7.059 7.055 7.052 7.056 7.064 7.078 7.102 7.138 7.185 7.242 7.309 7.385 7.460 7.518 7.581 7.663 7.744 7.822 7.898 7.970 8.040 8.108 8.171 8.212 8.254 8.313 8.370 8.424 8.474 8.521 8.564 8.598 8.624 8.642 8.660 8.685 8.710 8.733 8.754 8.774 8.793 8.810 8.826 8.833 8.840 8.855 8.870 8.884 8.898 8.910 8.923 8.932 8.940 8.942 8.945 8.952 8.959 8.965 8.971 8.976 8.980 8.983 8.986 8.985 8.984 8.986 8.989
6.988 7.000 7.011 7.023 7.034 7.045 7.055 7.064 7.072 7.076 7.076 7.072 7.069 7.074 7.083 7.097 7.124 7.163 7.213 7.274 7.346 7.425 7.498 7.556 7.620 7.702 7.784 7.864 7.940 8.013 8.084 8.152 8.213 8.252 8.293 8.350 8.404 8.456 8.504 8.548 8.588 8.618 8.644 8.660 8.677 8.701 8.724 8.747 8.767 8.786 8.805 8.821 8.837 8.844 8.852 8.867 8.881 8.896 8.909 8.922 8.933 8.942 8.949 8.952 8.954 8.960 8.967 8.972 8.978 8.982 8.986 8.989 8.992 8.991 8.990 8.992 8.994
7.001 7.013 7.025 7.037 7.048 7.060 7.071 7.080 7.088 7.093 7.093 7.090 7.088 7.093 7.104 7.120 7.149 7.191 7.244 7.309 7.384 7.462 7.536 7.593 7.657 7.741 7.824 7.905 7.981 8.056 8.128 8.194 8.252 8.290 8.329 8.384 8.437 8.486 8.531 8.573 8.608 8.637 8.662 8.678 8.694 8.717 8.739 8.760 8.780 8.799 8.817 8.833 8.848 8.855 8.863 8.878 8.893 8.907 8.920 8.932 8.943 8.952 8.959 8.961 8.963 8.969 8.975 8.980 8.985 8.989 8.992 8.995 8.998 8.997 8.996 8.998 9.001
7.015 7.027 7.039 7.051 7.063 7.075 7.086 7.097 7.105 7.111 7.112 7.109 7.108 7.115 7.127 7.146 7.178 7.222 7.278 7.345 7.421 7.499 7.572 7.629 7.694 7.779 7.863 7.945 8.023 8.098 8.169 8.234 8.290 8.325 8.363 8.416 8.466 8.514 8.556 8.594 8.627 8.656 8.680 8.695 8.710 8.732 8.754 8.774 8.793 8.811 8.828 8.845 8.859 8.867 8.874 8.889 8.904 8.918 8.931 8.943 8.953 8.961 8.968 8.970 8.972 8.977 8.983 8.988 8.992 8.995 8.999 9.002 9.004 9.003 9.002 9.004 9.007
