version2/TsunamiDB/out54090.asc
ncols          264
nrows          230
xllcorner      497853.4375
yllcorner      4229146.0000
cellsize         5.
NODATA_value   -99
[rows 136 to 169 of 230, columns 154 to 230 of 264]
6.656 6.665 6.673 6.682 6.691 6.699 6.708 6.718 6.729 6.741 6.754 6.769 6.787 6.806 6.828 6.851 6.874 6.899 6.925 6.953 6.980 7.009 7.038 7.066 7.095 7.124 7.152 7.179 7.204 7.227 7.246 7.262 7.275 7.291 7.307 7.323 7.343 7.368 7.399 7.435 7.477 7.523 7.572 7.616 7.664 7.724 7.787 7.850 7.915 7.982 8.052 8.136 8.221 8.271 8.322 8.395 8.463 8.524 8.580 8.631 8.676 8.708 8.731 8.746 8.761 8.782 8.802 8.820 8.837 8.852 8.868 8.885 8.903 8.912 8.922 8.940 8.959
6.663 6.672 6.681 6.689 6.698 6.706 6.715 6.724 6.734 6.745 6.758 6.772 6.788 6.807 6.828 6.849 6.872 6.897 6.923 6.949 6.977 7.006 7.034 7.064 7.093 7.122 7.151 7.179 7.205 7.228 7.247 7.263 7.278 7.295 7.313 7.331 7.354 7.382 7.416 7.455 7.501 7.550 7.601 7.647 7.697 7.758 7.824 7.890 7.957 8.027 8.103 8.187 8.267 8.314 8.364 8.435 8.499 8.558 8.611 8.658 8.698 8.726 8.748 8.762 8.776 8.795 8.813 8.829 8.844 8.859 8.874 8.891 8.908 8.917 8.927 8.946 8.965
6.671 6.680 6.689 6.697 6.705 6.714 6.722 6.731 6.740 6.751 6.762 6.776 6.791 6.809 6.829 6.850 6.872 6.896 6.922 6.948 6.976 7.004 7.033 7.062 7.092 7.121 7.150 7.179 7.205 7.229 7.249 7.266 7.282 7.302 7.321 7.342 7.367 7.398 7.435 7.477 7.526 7.578 7.632 7.679 7.730 7.795 7.863 7.933 8.002 8.076 8.155 8.236 8.310 8.356 8.403 8.470 8.532 8.588 8.638 8.681 8.716 8.743 8.765 8.778 8.791 8.808 8.824 8.838 8.852 8.866 8.881 8.897 8.914 8.923 8.933 8.952 8.971
6.679 6.688 6.697 6.705 6.714 6.722 6.730 6.738 6.747 6.757 6.768 6.781 6.796 6.812 6.831 6.852 6.874 6.897 6.922 6.948 6.975 7.004 7.032 7.062 7.091 7.121 7.150 7.179 7.205 7.230 7.251 7.270 7.288 7.309 7.331 7.355 7.383 7.417 7.456 7.501 7.552 7.607 7.663 7.712 7.765 7.834 7.905 7.977 8.051 8.127 8.205 8.282 8.351 8.394 8.440 8.503 8.562 8.615 8.661 8.701 8.734 8.759 8.780 8.792 8.804 8.820 8.834 8.847 8.860 8.873 8.887 8.903 8.920 8.929 8.939 8.959 8.978
6.687 6.696 6.705 6.714 6.722 6.730 6.738 6.746 6.755 6.764 6.775 6.787 6.801 6.817 6.835 6.855 6.876 6.899 6.924 6.950 6.977 7.004 7.033 7.062 7.092 7.122 7.151 7.179 7.206 7.232 7.254 7.275 7.295 7.319 7.344 7.370 7.401 7.437 7.478 7.525 7.578 7.636 7.696 7.747 7.802 7.874 7.949 8.025 8.101 8.176 8.252 8.325 8.390 8.431 8.473 8.533 8.589 8.639 8.682 8.719 8.750 8.775 8.794 8.806 8.817 8.831 8.845 8.857 8.868 8.880 8.894 8.909 8.926 8.935 8.946 8.965 8.986
6.696 6.705 6.714 6.722 6.731 6.739 6.747 6.755 6.763 6.772 6.782 6.793 6.807 6.822 6.840 6.859 6.880 6.903 6.927 6.952 6.979 7.006 7.035 7.064 7.093 7.123 7.152 7.181 7.208 7.235 7.259 7.281 7.304 7.330 7.358 7.386 7.420 7.458 7.501 7.549 7.604 7.666 7.731 7.784 7.841 7.917 7.995 8.073 8.148 8.223 8.296 8.365 8.426 8.464 8.504 8.561 8.613 8.660 8.701 8.737 8.766 8.789 8.808 8.819 8.829 8.843 8.854 8.865 8.875 8.886 8.899 8.914 8.932 8.942 8.953 8.973 8.993
6.704 6.713 6.722 6.731 6.739 6.748 6.756 6.764 6.772 6.780 6.790 6.800 6.813 6.828 6.845 6.864 6.884 6.907 6.931 6.956 6.982 7.009 7.037 7.066 7.095 7.124 7.154 7.183 7.212 7.239 7.265 7.290 7.314 7.343 7.372 7.403 7.439 7.480 7.524 7.573 7.631 7.697 7.767 7.822 7.881 7.961 8.041 8.119 8.194 8.267 8.337 8.402 8.460 8.496 8.533 8.586 8.635 8.680 8.719 8.752 8.781 8.803 8.820 8.831 8.841 8.852 8.863 8.873 8.882 8.892 8.904 8.920 8.938 8.948 8.960 8.980 9.001
6.713 6.722 6.731 6.740 6.748 6.757 6.765 6.773 6.780 6.789 6.798 6.808 6.820 6.834 6.851 6.870 6.889 6.911 6.935 6.960 6.986 7.013 7.040 7.069 7.098 7.127 7.157 7.186 7.216 7.245 7.273 7.299 7.326 7.356 7.388 7.421 7.459 7.501 7.547 7.598 7.660 7.731 7.804 7.862 7.923 8.006 8.086 8.163 8.236 8.307 8.374 8.435 8.490 8.524 8.559 8.609 8.655 8.697 8.734 8.767 8.794 8.815 8.831 8.841 8.850 8.861 8.871 8.880 8.889 8.898 8.910 8.925 8.945 8.956 8.967 8.989 9.009
6.722 6.731 6.740 6.749 6.758 6.766 6.774 6.782 6.789 6.797 6.806 6.816 6.827 6.841 6.857 6.875 6.895 6.917 6.940 6.964 6.990 7.017 7.044 7.072 7.101 7.131 7.161 7.191 7.222 7.253 7.282 7.310 7.338 7.370 7.403 7.438 7.479 7.523 7.571 7.625 7.689 7.762 7.840 7.901 7.964 8.047 8.127 8.204 8.275 8.344 8.408 8.466 8.519 8.551 8.583 8.630 8.674 8.714 8.749 8.780 8.807 8.827 8.841 8.850 8.858 8.868 8.878 8.887 8.895 8.904 8.915 8.931 8.951 8.963 8.975 8.997 9.017
6.731 6.740 6.749 6.758 6.767 6.775 6.783 6.791 6.799 6.806 6.815 6.824 6.835 6.848 6.864 6.882 6.901 6.922 6.945 6.969 6.995 7.021 7.048 7.076 7.106 7.136 7.166 7.198 7.230 7.262 7.293 7.322 7.351 7.384 7.419 7.456 7.499 7.545 7.595 7.652 7.718 7.796 7.881 7.943 8.006 8.089 8.169 8.244 8.314 8.380 8.441 8.497 8.546 8.576 8.607 8.651 8.692 8.730 8.763 8.793 8.819 8.838 8.850 8.858 8.866 8.875 8.885 8.894 8.902 8.910 8.921 8.936 8.959 8.972 8.984 9.005 9.025
6.740 6.750 6.759 6.768 6.777 6.785 6.793 6.801 6.808 6.816 6.824 6.832 6.843 6.855 6.871 6.888 6.907 6.928 6.950 6.974 6.999 7.025 7.052 7.081 7.111 7.142 7.174 7.206 7.239 7.272 7.304 7.333 7.364 7.399 7.436 7.475 7.519 7.568 7.622 7.682 7.750 7.837 7.927 7.986 8.047 8.130 8.209 8.282 8.350 8.413 8.472 8.525 8.572 8.600 8.629 8.671 8.710 8.745 8.776 8.805 8.831 8.846 8.855 8.863 8.871 8.880 8.890 8.899 8.908 8.917 8.926 8.945 8.970 8.982 8.993 9.014 9.033
6.750 6.759 6.769 6.778 6.787 6.795 6.803 6.811 6.818 6.825 6.833 6.841 6.851 6.863 6.878 6.894 6.913 6.933 6.955 6.979 7.003 7.029 7.057 7.087 7.118 7.150 7.182 7.216 7.249 7.283 7.315 7.346 7.379 7.416 7.454 7.496 7.543 7.596 7.653 7.717 7.794 7.884 7.969 8.026 8.087 8.168 8.245 8.317 8.383 8.444 8.500 8.550 8.595 8.622 8.650 8.689 8.725 8.758 8.788 8.815 8.837 8.851 8.861 8.868 8.876 8.885 8.895 8.905 8.915 8.924 8.936 8.956 8.979 8.991 9.002 9.022 9.040
6.760 6.769 6.779 6.788 6.797 6.806 6.814 6.821 6.828 6.835 6.842 6.850 6.859 6.870 6.884 6.901 6.918 6.938 6.960 6.983 7.007 7.034 7.063 7.094 7.126 7.159 7.193 7.227 7.261 7.294 7.327 7.361 7.396 7.435 7.475 7.520 7.572 7.628 7.689 7.759 7.840 7.926 8.008 8.064 8.124 8.203 8.279 8.349 8.413 8.472 8.526 8.574 8.617 8.643 8.668 8.705 8.739 8.770 8.798 8.822 8.841 8.855 8.865 8.873 8.880 8.890 8.901 8.912 8.922 8.934 8.948 8.967 8.988 8.999 9.010 9.029 9.046
6.770 6.780 6.789 6.799 6.808 6.816 6.824 6.832 6.839 6.845 6.852 6.859 6.867 6.878 6.891 6.906 6.924 6.943 6.964 6.987 7.012 7.040 7.070 7.103 7.136 7.169 7.204 7.238 7.273 7.307 7.341 7.378 7.416 7.458 7.500 7.550 7.605 7.665 7.731 7.804 7.884 7.967 8.045 8.099 8.157 8.236 8.310 8.378 8.440 8.497 8.549 8.595 8.636 8.661 8.685 8.720 8.752 8.780 8.805 8.826 8.844 8.858 8.869 8.877 8.884 8.895 8.907 8.919 8.931 8.945 8.960 8.978 8.997 9.007 9.018 9.035 9.051
6.781 6.791 6.800 6.809 6.818 6.827 6.835 6.843 6.849 6.856 6.862 6.868 6.876 6.885 6.898 6.912 6.928 6.947 6.968 6.992 7.018 7.047 7.079 7.112 7.146 7.181 7.216 7.251 7.286 7.321 7.358 7.397 7.441 7.485 7.530 7.584 7.643 7.707 7.775 7.848 7.925 8.004 8.080 8.133 8.189 8.265 8.338 8.405 8.465 8.520 8.570 8.614 8.653 8.677 8.700 8.732 8.762 8.788 8.810 8.830 8.846 8.860 8.873 8.881 8.888 8.900 8.913 8.927 8.941 8.955 8.971 8.988 9.005 9.015 9.025 9.040 9.055
6.792 6.802 6.811 6.821 6.830 6.838 6.846 6.854 6.860 6.866 6.872 6.877 6.884 6.893 6.904 6.917 6.933 6.951 6.973 6.997 7.025 7.056 7.088 7.123 7.158 7.193 7.229 7.265 7.301 7.338 7.377 7.421 7.469 7.516 7.565 7.622 7.685 7.751 7.818 7.889 7.964 8.040 8.114 8.165 8.219 8.293 8.364 8.429 8.488 8.541 8.589 8.631 8.668 8.690 8.712 8.742 8.770 8.793 8.814 8.832 8.848 8.862 8.876 8.884 8.891 8.905 8.920 8.935 8.949 8.965 8.981 8.997 9.012 9.021 9.030 9.044 9.058
6.803 6.813 6.823 6.832 6.841 6.850 6.858 6.865 6.872 6.877 6.882 6.886 6.892 6.900 6.910 6.921 6.937 6.956 6.978 7.004 7.033 7.065 7.099 7.134 7.170 7.206 7.243 7.281 7.318 7.357 7.400 7.449 7.501 7.551 7.602 7.664 7.730 7.795 7.861 7.929 8.000 8.074 8.146 8.196 8.248 8.321 8.389 8.452 8.508 8.560 8.605 8.646 8.680 8.701 8.722 8.750 8.775 8.797 8.816 8.833 8.848 8.863 8.878 8.886 8.895 8.910 8.926 8.942 8.957 8.973 8.989 9.004 9.018 9.026 9.034 9.047 9.059
6.815 6.824 6.834 6.844 6.853 6.861 6.870 6.877 6.883 6.888 6.892 6.895 6.900 6.906 6.915 6.926 6.941 6.961 6.984 7.011 7.042 7.075 7.110 7.146 7.182 7.219 7.258 7.297 7.337 7.379 7.426 7.480 7.537 7.589 7.642 7.707 7.773 7.837 7.901 7.966 8.035 8.106 8.177 8.225 8.276 8.346 8.412 8.472 8.526 8.575 8.619 8.657 8.689 8.709 8.728 8.754 8.777 8.798 8.816 8.832 8.847 8.863 8.879 8.888 8.897 8.914 8.931 8.947 8.963 8.979 8.995 9.009 9.021 9.029 9.036 9.047 9.058
6.826 6.836 6.846 6.855 6.864 6.873 6.881 6.888 6.894 6.899 6.902 6.904 6.907 6.913 6.921 6.931 6.946 6.966 6.991 7.020 7.052 7.086 7.121 7.157 7.195 7.233 7.274 7.315 7.358 7.404 7.455 7.512 7.574 7.628 7.684 7.749 7.815 7.879 7.940 8.003 8.069 8.137 8.207 8.255 8.304 8.371 8.434 8.491 8.542 8.589 8.631 8.667 8.697 8.715 8.732 8.756 8.779 8.798 8.815 8.831 8.846 8.861 8.879 8.889 8.899 8.916 8.933 8.950 8.966 8.983 8.998 9.012 9.023 9.029 9.036 9.046 9.056
6.838 6.848 6.857 6.867 6.876 6.885 6.893 6.900 6.906 6.910 6.912 6.913 6.915 6.919 6.926 6.936 6.952 6.972 6.998 7.029 7.062 7.097 7.133 7.170 7.208 7.249 7.292 7.336 7.382 7.433 7.487 7.549 7.617 7.672 7.727 7.793 7.858 7.921 7.980 8.041 8.103 8.169 8.241 8.287 8.333 8.397 8.457 8.510 8.559 8.604 8.643 8.677 8.703 8.719 8.735 8.758 8.779 8.797 8.813 8.828 8.843 8.859 8.878 8.889 8.900 8.918 8.935 8.952 8.969 8.985 9.000 9.013 9.023 9.028 9.034 9.043 9.052
6.849 6.859 6.869 6.879 6.888 6.897 6.905 6.912 6.917 6.920 6.922 6.922 6.922 6.926 6.932 6.942 6.958 6.979 7.007 7.039 7.073 7.108 7.145 7.183 7.223 7.266 7.313 7.360 7.412 7.466 7.524 7.594 7.665 7.718 7.771 7.837 7.901 7.962 8.021 8.079 8.137 8.207 8.279 8.320 8.363 8.424 8.479 8.529 8.575 8.617 8.654 8.683 8.706 8.721 8.736 8.757 8.777 8.795 8.811 8.825 8.839 8.858 8.879 8.889 8.899 8.918 8.935 8.952 8.969 8.985 9.000 9.011 9.019 9.024 9.029 9.038 9.046
6.860 6.871 6.880 6.890 6.900 6.908 6.916 6.923 6.928 6.931 6.931 6.930 6.930 6.933 6.940 6.950 6.966 6.988 7.016 7.048 7.083 7.120 7.159 7.199 7.240 7.287 7.337 7.390 7.446 7.506 7.572 7.644 7.712 7.764 7.816 7.880 7.943 8.003 8.061 8.119 8.180 8.249 8.314 8.352 8.392 8.449 8.500 8.547 8.589 8.628 8.662 8.687 8.709 8.723 8.737 8.756 8.775 8.792 8.808 8.823 8.838 8.858 8.878 8.888 8.898 8.917 8.934 8.951 8.967 8.982 8.996 9.005 9.013 9.018 9.023 9.030 9.038
6.872 6.882 6.892 6.902 6.911 6.920 6.928 6.934 6.939 6.941 6.941 6.940 6.939 6.942 6.948 6.958 6.975 6.998 7.026 7.058 7.094 7.134 7.176 7.217 7.260 7.312 7.367 7.425 7.486 7.552 7.622 7.693 7.759 7.809 7.859 7.923 7.986 8.045 8.103 8.162 8.224 8.288 8.347 8.383 8.420 8.472 8.520 8.563 8.602 8.637 8.667 8.691 8.712 8.725 8.737 8.756 8.774 8.791 8.806 8.822 8.839 8.857 8.876 8.886 8.897 8.914 8.931 8.947 8.963 8.977 8.989 8.998 9.006 9.010 9.014 9.021 9.029
6.883 6.893 6.903 6.913 6.922 6.931 6.939 6.945 6.950 6.952 6.952 6.950 6.948 6.951 6.957 6.967 6.984 7.007 7.035 7.068 7.107 7.150 7.195 7.238 7.285 7.341 7.401 7.464 7.530 7.600 7.671 7.741 7.805 7.853 7.902 7.965 8.028 8.088 8.147 8.206 8.266 8.325 8.379 8.412 8.446 8.495 8.538 8.578 8.614 8.645 8.672 8.695 8.715 8.727 8.738 8.756 8.774 8.790 8.806 8.823 8.840 8.857 8.875 8.884 8.894 8.911 8.927 8.943 8.957 8.970 8.981 8.989 8.997 9.001 9.004 9.011 9.018
6.893 6.904 6.914 6.924 6.933 6.942 6.950 6.956 6.961 6.963 6.963 6.960 6.959 6.961 6.967 6.977 6.994 7.017 7.046 7.080 7.122 7.169 7.217 7.264 7.313 7.374 7.439 7.507 7.577 7.648 7.719 7.787 7.850 7.897 7.945 8.008 8.070 8.131 8.190 8.248 8.305 8.360 8.409 8.439 8.471 8.515 8.555 8.592 8.624 8.652 8.678 8.699 8.718 8.729 8.740 8.758 8.775 8.791 8.808 8.824 8.841 8.858 8.874 8.883 8.892 8.908 8.923 8.938 8.951 8.962 8.972 8.980 8.988 8.991 8.994 9.001 9.007
6.904 6.914 6.924 6.934 6.944 6.953 6.961 6.967 6.972 6.975 6.975 6.972 6.970 6.972 6.978 6.987 7.004 7.027 7.057 7.094 7.139 7.190 7.243 7.292 7.345 7.410 7.480 7.551 7.623 7.695 7.765 7.833 7.895 7.940 7.987 8.049 8.112 8.172 8.230 8.287 8.342 8.393 8.437 8.465 8.494 8.534 8.571 8.604 8.633 8.660 8.683 8.704 8.723 8.733 8.743 8.760 8.777 8.794 8.810 8.827 8.843 8.859 8.874 8.882 8.891 8.905 8.919 8.933 8.944 8.955 8.964 8.972 8.979 8.982 8.984 8.990 8.996
6.914 6.924 6.935 6.945 6.954 6.963 6.972 6.979 6.984 6.987 6.986 6.983 6.981 6.983 6.988 6.997 7.014 7.039 7.070 7.110 7.158 7.214 7.272 7.323 7.379 7.450 7.522 7.596 7.668 7.740 7.810 7.877 7.938 7.982 8.028 8.091 8.153 8.212 8.269 8.324 8.376 8.423 8.464 8.489 8.516 8.552 8.585 8.616 8.643 8.667 8.690 8.710 8.728 8.738 8.748 8.765 8.781 8.798 8.814 8.830 8.846 8.861 8.875 8.882 8.890 8.903 8.916 8.928 8.939 8.948 8.957 8.964 8.970 8.973 8.975 8.981 8.986
6.924 6.935 6.945 6.955 6.965 6.974 6.983 6.990 6.996 6.999 6.999 6.995 6.992 6.994 6.999 7.008 7.026 7.051 7.085 7.128 7.181 7.241 7.302 7.356 7.415 7.489 7.564 7.638 7.711 7.782 7.852 7.918 7.979 8.022 8.068 8.130 8.190 8.249 8.304 8.357 8.406 8.450 8.487 8.510 8.534 8.566 8.597 8.626 8.651 8.675 8.696 8.716 8.733 8.743 8.753 8.769 8.786 8.802 8.818 8.834 8.849 8.863 8.876 8.882 8.889 8.901 8.913 8.924 8.934 8.942 8.950 8.957 8.963 8.965 8.967 8.972 8.977
6.934 6.945 6.955 6.965 6.976 6.985 6.994 7.002 7.008 7.011 7.011 7.008 7.004 7.006 7.011 7.020 7.038 7.066 7.102 7.148 7.205 7.268 7.333 7.389 7.450 7.526 7.602 7.678 7.750 7.822 7.891 7.957 8.018 8.061 8.106 8.167 8.226 8.283 8.336 8.387 8.435 8.475 8.509 8.530 8.552 8.582 8.610 8.637 8.661 8.683 8.704 8.722 8.740 8.749 8.758 8.775 8.791 8.807 8.823 8.838 8.853 8.866 8.878 8.884 8.890 8.901 8.911 8.922 8.930 8.938 8.946 8.952 8.957 8.959 8.961 8.965 8.970
6.944 6.955 6.965 6.976 6.986 6.996 7.005 7.014 7.020 7.024 7.024 7.020 7.016 7.018 7.023 7.032 7.052 7.081 7.120 7.171 7.230 7.298 7.368 7.425 7.486 7.564 7.642 7.718 7.791 7.863 7.932 7.997 8.060 8.102 8.145 8.205 8.263 8.318 8.369 8.418 8.463 8.501 8.531 8.550 8.569 8.597 8.623 8.648 8.671 8.692 8.712 8.730 8.747 8.756 8.765 8.781 8.798 8.813 8.829 8.844 8.858 8.871 8.881 8.886 8.892 8.902 8.911 8.920 8.928 8.936 8.943 8.948 8.953 8.955 8.956 8.960 8.964
6.954 6.965 6.976 6.987 6.997 7.007 7.017 7.026 7.033 7.037 7.037 7.032 7.028 7.030 7.036 7.046 7.067 7.098 7.142 7.195 7.259 7.332 7.405 7.461 7.523 7.602 7.681 7.758 7.832 7.903 7.972 8.039 8.101 8.141 8.183 8.242 8.297 8.351 8.400 8.447 8.490 8.523 8.549 8.567 8.585 8.611 8.636 8.659 8.681 8.701 8.720 8.738 8.755 8.764 8.773 8.789 8.804 8.820 8.835 8.850 8.864 8.875 8.884 8.889 8.894 8.903 8.912 8.920 8.928 8.934 8.941 8.946 8.950 8.952 8.953 8.957 8.961
6.964 6.975 6.986 6.997 7.008 7.019 7.029 7.038 7.046 7.050 7.050 7.045 7.041 7.044 7.051 7.062 7.085 7.120 7.167 7.224 7.293 7.369 7.441 7.496 7.559 7.639 7.719 7.797 7.872 7.944 8.014 8.081 8.141 8.179 8.220 8.276 8.330 8.381 8.428 8.472 8.511 8.541 8.567 8.583 8.601 8.625 8.648 8.671 8.691 8.711 8.730 8.747 8.763 8.772 8.780 8.796 8.812 8.828 8.842 8.856 8.869 8.880 8.889 8.893 8.897 8.905 8.913 8.921 8.928 8.934 8.940 8.945 8.949 8.950 8.951 8.954 8.958
6.974 6.986 6.997 7.009 7.020 7.031 7.041 7.051 7.059 7.063 7.063 7.060 7.056 7.060 7.068 7.081 7.107 7.145 7.195 7.256 7.328 7.404 7.475 7.531 7.593 7.675 7.756 7.835 7.911 7.984 8.055 8.120 8.178 8.215 8.254 8.308 8.360 8.409 8.454 8.494 8.530 8.558 8.583 8.599 8.615 8.638 8.660 8.682 8.701 8.720 8.739 8.756 8.771 8.780 8.788 8.804 8.820 8.835 8.849 8.863 8.875 8.885 8.893 8.897 8.901 8.908 8.916 8.923 8.929 8.935 8.940 8.945 8.949 8.949 8.950 8.954 8.958
6.985 6.997 7.008 7.020 7.032 7.043 7.054 7.064 7.072 7.078 7.078 7.075 7.073 7.078 7.088 7.104 7.132 7.172 7.225 7.289 7.362 7.437 7.508 7.564 7.627 7.711 7.793 7.873 7.950 8.024 8.094 8.157 8.212 8.248 8.285 8.338 8.387 8.434 8.476 8.513 8.547 8.575 8.599 8.614 8.629 8.651 8.672 8.693 8.712 8.730 8.748 8.764 8.780 8.788 8.796 8.812 8.827 8.843 8.857 8.869 8.880 8.890 8.898 8.902 8.905 8.912 8.919 8.925 8.931 8.936 8.941 8.945 8.949 8.950 8.950 8.954 8.959
