version2/TsunamiDB/out54007.asc
ncols          264
nrows          230
xllcorner      497853.4375
yllcorner      4229146.0000
cellsize         5.
NODATA_value   -99
[rows 155 to 185 of 230, columns 138 to 206 of 264]
-99.000 -99.000 -99.000 -99.000 -99.000 -99.000 -99.000 -99.000 -99.000 -99.000 -99.000 -99.000 -99.000 -99.000 -99.000 -99.000 -99.000 -99.000 -99.000 1.644 1.655 1.732 1.918 2.201 2.559 2.964 3.382 3.785 4.146 4.440 4.651 4.802 4.911 4.993 5.058 5.111 5.155 5.196 5.238 5.285 5.335 5.386 5.435 5.485 5.544 5.610 5.685 5.769 5.843 5.888 5.955 6.021 6.045 6.063 6.090 6.132 6.185 6.249 6.294 6.277 6.348 6.457 6.471 6.439 6.385 6.316 6.221 6.111 6.006
-99.000 -99.000 -99.000 -99.000 -99.000 -99.000 -99.000 -99.000 -99.000 -99.000 -99.000 -99.000 -99.000 -99.000 -99.000 -99.000 -99.000 -99.000 -99.000 1.646 1.675 1.796 2.025 2.341 2.721 3.135 3.550 3.940 4.286 4.563 4.757 4.896 4.996 5.070 5.130 5.177 5.216 5.253 5.294 5.342 5.393 5.447 5.496 5.550 5.612 5.679 5.753 5.840 5.903 5.940 6.009 6.076 6.096 6.110 6.131 6.163 6.207 6.276 6.305 6.270 6.336 6.440 6.448 6.414 6.361 6.292 6.201 6.091 5.998
-99.000 -99.000 -99.000 -99.000 -99.000 -99.000 -99.000 -99.000 -99.000 -99.000 -99.000 -99.000 -99.000 -99.000 -99.000 -99.000 -99.000 -99.000 1.644 1.651 1.711 1.878 2.146 2.491 2.888 3.305 3.712 4.088 4.417 4.674 4.853 4.980 5.072 5.142 5.198 5.244 5.284 5.323 5.366 5.414 5.468 5.524 5.575 5.631 5.694 5.763 5.836 5.906 5.957 5.996 6.067 6.137 6.161 6.175 6.192 6.221 6.261 6.300 6.299 6.262 6.324 6.418 6.421 6.387 6.331 6.259 6.171 6.076 6.011
-99.000 -99.000 -99.000 -99.000 -99.000 -99.000 -99.000 -99.000 -99.000 -99.000 -99.000 -99.000 -99.000 -99.000 -99.000 -99.000 -99.000 -99.000 1.645 1.665 1.766 1.977 2.279 2.648 3.056 3.470 3.865 4.224 4.533 4.769 4.931 5.048 5.136 5.204 5.260 5.310 5.355 5.398 5.443 5.492 5.551 5.611 5.661 5.717 5.779 5.845 5.909 5.966 6.014 6.053 6.128 6.205 6.233 6.249 6.264 6.285 6.302 6.306 6.291 6.250 6.303 6.387 6.388 6.351 6.293 6.224 6.147 6.081 6.035
-99.000 -99.000 -99.000 -99.000 -99.000 -99.000 -99.000 -99.000 -99.000 -99.000 -99.000 -99.000 -99.000 -99.000 -99.000 -99.000 -99.000 1.644 1.648 1.693 1.839 2.089 2.421 2.810 3.223 3.630 4.009 4.348 4.634 4.844 4.990 5.099 5.184 5.254 5.315 5.370 5.423 5.471 5.520 5.572 5.635 5.699 5.747 5.801 5.859 5.918 5.974 6.026 6.071 6.109 6.188 6.273 6.304 6.320 6.331 6.334 6.326 6.308 6.278 6.231 6.276 6.351 6.347 6.310 6.255 6.195 6.140 6.095 6.062
-99.000 -99.000 -99.000 -99.000 -99.000 -99.000 -99.000 -99.000 -99.000 -99.000 -99.000 -99.000 -99.000 -99.000 -99.000 -99.000 -99.000 1.644 1.657 1.738 1.928 2.214 2.572 2.973 3.386 3.782 4.143 4.460 4.715 4.897 5.029 5.132 5.218 5.293 5.360 5.424 5.484 5.539 5.593 5.648 5.717 5.783 5.829 5.880 5.930 5.983 6.036 6.083 6.127 6.163 6.244 6.332 6.364 6.380 6.379 6.366 6.342 6.304 6.260 6.208 6.243 6.308 6.304 6.271 6.224 6.181 6.146 6.116 6.096
-99.000 -99.000 -99.000 -99.000 -99.000 -99.000 -99.000 -99.000 -99.000 -99.000 -99.000 -99.000 -99.000 -99.000 -99.000 -99.000 1.644 1.646 1.676 1.800 2.031 2.347 2.726 3.136 3.544 3.926 4.268 4.556 4.772 4.929 5.050 5.150 5.240 5.321 5.395 5.467 5.535 5.597 5.657 5.716 5.790 5.860 5.904 5.949 5.993 6.042 6.090 6.134 6.175 6.206 6.287 6.378 6.410 6.419 6.409 6.386 6.347 6.293 6.239 6.180 6.207 6.267 6.265 6.239 6.206 6.179 6.158 6.143 6.135
-99.000 -99.000 -99.000 -99.000 -99.000 -99.000 -99.000 -99.000 -99.000 -99.000 -99.000 -99.000 -99.000 -99.000 -99.000 -99.000 1.644 1.651 1.711 1.878 2.144 2.488 2.883 3.296 3.697 4.063 4.381 4.628 4.810 4.950 5.061 5.159 5.251 5.337 5.418 5.498 5.573 5.644 5.711 5.774 5.856 5.930 5.970 6.009 6.048 6.090 6.134 6.175 6.210 6.236 6.317 6.411 6.438 6.440 6.424 6.393 6.344 6.278 6.212 6.151 6.174 6.231 6.233 6.219 6.198 6.183 6.176 6.172 6.170
-99.000 -99.000 -99.000 -99.000 -99.000 -99.000 -99.000 -99.000 -99.000 -99.000 -99.000 -99.000 -99.000 -99.000 -99.000 -99.000 1.645 1.663 1.762 1.969 2.268 2.634 3.040 3.451 3.842 4.190 4.477 4.687 4.844 4.968 5.070 5.164 5.256 5.345 5.432 5.518 5.600 5.677 5.752 5.820 5.908 5.985 6.022 6.057 6.088 6.124 6.162 6.197 6.228 6.248 6.327 6.419 6.442 6.441 6.419 6.382 6.326 6.249 6.177 6.118 6.139 6.195 6.207 6.203 6.192 6.189 6.194 6.196 6.197
-99.000 -99.000 -99.000 -99.000 -99.000 -99.000 -99.000 -99.000 -99.000 -99.000 -99.000 -99.000 -99.000 -99.000 -99.000 1.644 1.647 1.688 1.828 2.072 2.399 2.783 3.194 3.601 3.979 4.306 4.558 4.740 4.877 4.988 5.080 5.167 5.258 5.347 5.436 5.525 5.611 5.696 5.779 5.851 5.944 6.024 6.061 6.091 6.116 6.146 6.176 6.204 6.232 6.245 6.322 6.412 6.433 6.429 6.403 6.364 6.304 6.225 6.152 6.094 6.117 6.178 6.196 6.200 6.197 6.202 6.211 6.216 6.220
-99.000 -99.000 -99.000 -99.000 -99.000 -99.000 -99.000 -99.000 -99.000 -99.000 -99.000 -99.000 -99.000 -99.000 -99.000 1.644 1.654 1.727 1.908 2.185 2.535 2.933 3.345 3.743 4.105 4.406 4.627 4.787 4.909 5.009 5.094 5.177 5.266 5.355 5.446 5.538 5.630 5.722 5.811 5.884 5.980 6.066 6.102 6.128 6.149 6.171 6.193 6.217 6.240 6.244 6.317 6.410 6.430 6.422 6.395 6.355 6.294 6.212 6.135 6.083 6.111 6.173 6.197 6.204 6.207 6.217 6.227 6.234 6.239
-99.000 -99.000 -99.000 -99.000 -99.000 -99.000 -99.000 -99.000 -99.000 -99.000 -99.000 -99.000 -99.000 -99.000 -99.000 1.645 1.670 1.781 2.000 2.306 2.676 3.082 3.491 3.877 4.219 4.490 4.686 4.827 4.938 5.034 5.115 5.197 5.286 5.376 5.471 5.566 5.662 5.762 5.848 5.919 6.020 6.109 6.143 6.167 6.183 6.197 6.212 6.232 6.243 6.237 6.310 6.405 6.423 6.414 6.385 6.341 6.278 6.189 6.116 6.077 6.109 6.173 6.198 6.210 6.217 6.227 6.238 6.246 6.247
-99.000 -99.000 -99.000 -99.000 -99.000 -99.000 -99.000 -99.000 -99.000 -99.000 -99.000 -99.000 -99.000 -99.000 1.644 1.649 1.698 1.849 2.102 2.434 2.819 3.228 3.629 3.999 4.318 4.558 4.731 4.860 4.965 5.057 5.138 5.220 5.311 5.405 5.502 5.604 5.706 5.801 5.884 5.957 6.059 6.150 6.185 6.208 6.218 6.227 6.236 6.239 6.237 6.229 6.300 6.394 6.411 6.399 6.364 6.314 6.245 6.165 6.111 6.077 6.108 6.173 6.203 6.217 6.223 6.232 6.243 6.247 6.244
-99.000 -99.000 -99.000 -99.000 -99.000 -99.000 -99.000 -99.000 -99.000 -99.000 -99.000 -99.000 -99.000 -99.000 1.644 1.657 1.740 1.931 2.215 2.568 2.964 3.370 3.760 4.110 4.398 4.608 4.762 4.881 4.980 5.071 5.151 5.234 5.327 5.425 5.528 5.637 5.742 5.835 5.919 5.991 6.095 6.189 6.224 6.244 6.251 6.254 6.248 6.237 6.226 6.213 6.282 6.374 6.389 6.373 6.332 6.278 6.214 6.152 6.109 6.076 6.107 6.176 6.208 6.220 6.224 6.232 6.239 6.239 6.233
-99.000 -99.000 -99.000 -99.000 -99.000 -99.000 -99.000 -99.000 -99.000 -99.000 -99.000 -99.000 -99.000 1.644 1.646 1.676 1.797 2.025 2.337 2.708 3.109 3.510 3.883 4.208 4.460 4.644 4.783 4.891 4.986 5.076 5.154 5.237 5.333 5.436 5.548 5.662 5.771 5.866 5.950 6.021 6.126 6.223 6.256 6.273 6.276 6.268 6.251 6.227 6.208 6.190 6.256 6.345 6.357 6.338 6.296 6.244 6.192 6.141 6.103 6.073 6.107 6.179 6.210 6.219 6.220 6.223 6.227 6.224 6.213
-99.000 -99.000 -99.000 -99.000 -99.000 -99.000 -99.000 -99.000 -99.000 -99.000 -99.000 -99.000 -99.000 1.644 1.650 1.707 1.869 2.130 2.466 2.851 3.254 3.644 3.998 4.291 4.509 4.672 4.796 4.896 4.986 5.070 5.147 5.231 5.331 5.443 5.560 5.680 5.794 5.891 5.976 6.044 6.148 6.245 6.277 6.292 6.286 6.271 6.245 6.210 6.185 6.163 6.224 6.310 6.321 6.301 6.261 6.219 6.175 6.130 6.097 6.069 6.104 6.176 6.207 6.214 6.210 6.208 6.208 6.202 6.191
-99.000 -99.000 -99.000 -99.000 -99.000 -99.000 -99.000 -99.000 -99.000 -99.000 -99.000 -99.000 -99.000 1.645 1.661 1.753 1.954 2.245 2.602 2.997 3.397 3.774 4.103 4.359 4.549 4.692 4.803 4.894 4.976 5.056 5.131 5.218 5.326 5.444 5.566 5.691 5.808 5.907 5.992 6.054 6.158 6.257 6.287 6.297 6.287 6.266 6.233 6.191 6.159 6.132 6.190 6.274 6.286 6.267 6.235 6.199 6.159 6.120 6.089 6.061 6.096 6.168 6.198 6.203 6.195 6.189 6.184 6.178 6.167
-99.000 -99.000 -99.000 -99.000 -99.000 -99.000 -99.000 -99.000 -99.000 -99.000 -99.000 -99.000 1.644 1.647 1.682 1.814 2.050 2.367 2.741 3.142 3.536 3.896 4.194 4.417 4.584 4.709 4.806 4.885 4.960 5.038 5.114 5.208 5.324 5.446 5.572 5.697 5.815 5.916 5.999 6.057 6.161 6.262 6.287 6.294 6.282 6.257 6.219 6.170 6.131 6.103 6.160 6.243 6.255 6.242 6.213 6.180 6.145 6.108 6.075 6.046 6.082 6.154 6.184 6.188 6.177 6.167 6.161 6.156 6.144
-99.000 -99.000 -99.000 -99.000 -99.000 -99.000 -99.000 -99.000 -99.000 -99.000 -99.000 -99.000 1.644 1.652 1.717 1.888 2.155 2.496 2.883 3.284 3.667 4.005 4.271 4.468 4.615 4.724 4.809 4.879 4.950 5.027 5.108 5.209 5.329 5.454 5.577 5.701 5.819 5.920 6.002 6.054 6.157 6.257 6.279 6.283 6.268 6.242 6.200 6.145 6.104 6.075 6.130 6.212 6.228 6.217 6.190 6.161 6.128 6.088 6.054 6.024 6.059 6.132 6.163 6.168 6.156 6.145 6.139 6.134 6.122
-99.000 -99.000 -99.000 -99.000 -99.000 -99.000 -99.000 -99.000 -99.000 -99.000 -99.000 -99.000 1.645 1.665 1.766 1.974 2.270 2.631 3.026 3.422 3.789 4.101 4.338 4.512 4.642 4.739 4.814 4.879 4.948 5.028 5.114 5.217 5.339 5.460 5.579 5.698 5.811 5.910 5.992 6.039 6.141 6.240 6.262 6.265 6.250 6.225 6.183 6.129 6.085 6.055 6.110 6.193 6.210 6.198 6.171 6.143 6.109 6.068 6.032 6.000 6.035 6.110 6.144 6.151 6.140 6.129 6.122 6.115 6.103
-99.000 -99.000 -99.000 -99.000 -99.000 -99.000 -99.000 -99.000 -99.000 -99.000 -99.000 1.644 1.647 1.690 1.830 2.073 2.395 2.771 3.168 3.554 3.902 4.185 4.395 4.551 4.667 4.755 4.824 4.887 4.956 5.040 5.128 5.230 5.348 5.464 5.578 5.694 5.804 5.905 5.987 6.028 6.129 6.232 6.256 6.258 6.245 6.223 6.181 6.126 6.078 6.048 6.102 6.186 6.202 6.188 6.162 6.134 6.097 6.054 6.014 5.980 6.015 6.093 6.131 6.140 6.132 6.122 6.112 6.106 6.096
-99.000 -99.000 -99.000 -99.000 -99.000 -99.000 -99.000 -99.000 -99.000 -99.000 -99.000 1.644 1.655 1.729 1.910 2.184 2.529 2.915 3.309 3.680 4.004 4.258 4.447 4.587 4.693 4.775 4.842 4.905 4.979 5.066 5.153 5.253 5.367 5.479 5.593 5.704 5.813 5.919 5.990 6.022 6.126 6.232 6.254 6.258 6.247 6.222 6.180 6.119 6.074 6.049 6.103 6.186 6.201 6.187 6.159 6.126 6.087 6.039 5.996 5.964 5.999 6.080 6.121 6.135 6.132 6.122 6.112 6.112 6.097
-99.000 -99.000 -99.000 -99.000 -99.000 -99.000 -99.000 -99.000 -99.000 -99.000 -99.000 1.645 1.672 1.786 2.006 2.309 2.673 3.063 3.448 3.799 4.095 4.323 4.492 4.620 4.720 4.799 4.867 4.934 5.011 5.099 5.185 5.283 5.395 5.507 5.618 5.728 5.835 5.922 5.980 6.017 6.123 6.226 6.250 6.255 6.242 6.215 6.173 6.121 6.087 6.059 6.109 6.193 6.209 6.192 6.159 6.121 6.077 6.029 5.989 5.955 5.989 6.073 6.122 6.141 6.141 6.135 6.130 6.123 6.094
-99.000 -99.000 -99.000 -99.000 -99.000 -99.000 -99.000 -99.000 -99.000 -99.000 1.644 1.650 1.704 1.862 2.118 2.448 2.826 3.215 3.586 3.912 4.177 4.378 4.530 4.649 4.744 4.822 4.891 4.959 5.037 5.124 5.209 5.306 5.418 5.527 5.635 5.741 5.835 5.909 5.967 6.005 6.110 6.214 6.241 6.247 6.234 6.211 6.177 6.138 6.107 6.073 6.122 6.209 6.224 6.202 6.163 6.121 6.076 6.030 5.992 5.954 5.988 6.078 6.133 6.157 6.161 6.159 6.151 6.130 6.090
-99.000 -99.000 -99.000 -99.000 -99.000 -99.000 -99.000 -99.000 -99.000 -99.000 1.645 1.662 1.755 1.956 2.246 2.600 2.986 3.369 3.720 4.018 4.250 4.427 4.564 4.673 4.763 4.839 4.906 4.973 5.051 5.139 5.223 5.321 5.430 5.536 5.640 5.737 5.825 5.895 5.952 5.991 6.097 6.202 6.231 6.242 6.234 6.217 6.193 6.161 6.128 6.093 6.142 6.230 6.244 6.219 6.176 6.131 6.087 6.044 6.004 5.964 5.999 6.094 6.152 6.180 6.188 6.183 6.166 6.135 6.084
-99.000 -99.000 -99.000 -99.000 -99.000 -99.000 -99.000 -99.000 -99.000 1.644 1.647 1.688 1.828 2.069 2.390 2.763 3.152 3.523 3.850 4.114 4.316 4.472 4.595 4.695 4.780 4.852 4.916 4.982 5.059 5.146 5.230 5.326 5.433 5.537 5.633 5.725 5.811 5.881 5.939 5.979 6.084 6.192 6.226 6.243 6.241 6.234 6.216 6.186 6.156 6.120 6.167 6.256 6.270 6.244 6.199 6.154 6.111 6.067 6.028 5.986 6.020 6.116 6.176 6.206 6.212 6.203 6.178 6.135 6.075
-99.000 -99.000 -99.000 -99.000 -99.000 -99.000 -99.000 -99.000 -99.000 1.644 1.656 1.735 1.921 2.200 2.549 2.935 3.321 3.675 3.971 4.202 4.378 4.515 4.625 4.717 4.795 4.863 4.923 4.986 5.060 5.146 5.229 5.322 5.428 5.527 5.618 5.711 5.798 5.871 5.931 5.970 6.077 6.189 6.229 6.250 6.257 6.256 6.243 6.217 6.189 6.148 6.195 6.287 6.304 6.279 6.235 6.190 6.145 6.103 6.064 6.016 6.045 6.142 6.202 6.230 6.232 6.217 6.183 6.131 6.064
-99.000 -99.000 -99.000 -99.000 -99.000 -99.000 -99.000 -99.000 1.644 1.646 1.678 1.804 2.034 2.348 2.719 3.112 3.489 3.819 4.082 4.284 4.438 4.559 4.658 4.741 4.813 4.874 4.930 4.988 5.060 5.144 5.224 5.316 5.419 5.514 5.608 5.702 5.793 5.870 5.932 5.972 6.081 6.198 6.240 6.266 6.278 6.282 6.274 6.252 6.221 6.180 6.229 6.324 6.345 6.323 6.281 6.234 6.189 6.147 6.104 6.049 6.075 6.169 6.226 6.249 6.246 6.223 6.182 6.122 6.047
-99.000 -99.000 -99.000 -99.000 -99.000 -99.000 -99.000 -99.000 1.644 1.653 1.721 1.895 2.167 2.511 2.898 3.290 3.652 3.953 4.185 4.362 4.498 4.605 4.694 4.769 4.834 4.890 4.942 4.997 5.066 5.146 5.224 5.312 5.413 5.511 5.606 5.705 5.801 5.882 5.947 5.985 6.094 6.211 6.255 6.284 6.300 6.310 6.306 6.285 6.256 6.214 6.263 6.363 6.389 6.371 6.329 6.284 6.238 6.192 6.144 6.083 6.101 6.189 6.240 6.257 6.247 6.219 6.171 6.102 6.021
-99.000 -99.000 -99.000 -99.000 -99.000 -99.000 -99.000 -99.000 1.645 1.671 1.786 2.008 2.316 2.686 3.082 3.467 3.806 4.075 4.281 4.436 4.557 4.653 4.733 4.802 4.861 4.912 4.960 5.011 5.075 5.150 5.223 5.308 5.410 5.511 5.611 5.714 5.811 5.894 5.961 5.997 6.106 6.225 6.270 6.301 6.321 6.336 6.335 6.316 6.289 6.247 6.297 6.401 6.433 6.420 6.381 6.336 6.288 6.236 6.184 6.114 6.122 6.203 6.247 6.258 6.241 6.207 6.153 6.079 5.993
-99.000 -99.000 -99.000 -99.000 -99.000 -99.000 -99.000 1.644 1.650 1.710 1.875 2.140 2.481 2.868 3.266 3.636 3.947 4.187 4.369 4.508 4.616 4.703 4.776 4.838 4.891 4.937 4.980 5.026 5.083 5.153 5.220 5.301 5.404 5.509 5.615 5.720 5.820 5.908 5.978 6.011 6.120 6.240 6.287 6.319 6.343 6.362 6.365 6.350 6.325 6.282 6.334 6.444 6.482 6.474 6.439 6.394 6.341 6.286 6.229 6.147 6.143 6.216 6.253 6.257 6.234 6.194 6.135 6.056 5.965
