version2/TsunamiDB/out54118.asc
ncols          264
nrows          230
xllcorner      497853.4375
yllcorner      4229146.0000
cellsize         5.
NODATA_value   -99
[rows 136 to 169 of 230, columns 154 to 230 of 264]
7.074 7.082 7.091 7.099 7.107 7.114 7.121 7.128 7.134 7.140 7.145 7.150 7.155 7.161 7.167 7.173 7.179 7.185 7.192 7.200 7.209 7.219 7.229 7.240 7.252 7.265 7.278 7.291 7.304 7.316 7.325 7.332 7.337 7.343 7.349 7.354 7.361 7.371 7.384 7.401 7.422 7.447 7.475 7.500 7.528 7.567 7.609 7.654 7.701 7.750 7.803 7.869 7.938 7.975 8.015 8.074 8.129 8.178 8.223 8.263 8.298 8.322 8.337 8.346 8.355 8.369 8.382 8.394 8.404 8.413 8.422 8.433 8.444 8.448 8.453 8.465 8.477
7.072 7.081 7.090 7.098 7.107 7.114 7.122 7.128 7.135 7.141 7.146 7.152 7.157 7.162 7.168 7.174 7.180 7.186 7.194 7.201 7.210 7.220 7.230 7.242 7.254 7.267 7.280 7.293 7.306 7.317 7.327 7.333 7.338 7.345 7.351 7.356 7.364 7.375 7.390 7.409 7.433 7.462 7.492 7.519 7.549 7.590 7.636 7.684 7.733 7.785 7.844 7.912 7.976 8.012 8.050 8.107 8.159 8.207 8.249 8.286 8.316 8.337 8.352 8.360 8.368 8.379 8.391 8.401 8.409 8.418 8.427 8.438 8.449 8.453 8.458 8.470 8.483
7.070 7.079 7.088 7.097 7.105 7.114 7.121 7.128 7.135 7.141 7.147 7.152 7.158 7.163 7.169 7.175 7.181 7.187 7.194 7.202 7.211 7.221 7.231 7.243 7.255 7.268 7.281 7.294 7.307 7.319 7.327 7.334 7.339 7.346 7.353 7.359 7.368 7.381 7.397 7.419 7.446 7.477 7.511 7.539 7.571 7.616 7.665 7.716 7.769 7.825 7.887 7.952 8.013 8.047 8.083 8.138 8.187 8.232 8.272 8.305 8.332 8.351 8.366 8.373 8.379 8.390 8.399 8.408 8.415 8.423 8.432 8.443 8.454 8.458 8.463 8.475 8.489
7.067 7.077 7.086 7.095 7.104 7.112 7.120 7.127 7.134 7.141 7.147 7.152 7.158 7.163 7.169 7.175 7.181 7.187 7.194 7.202 7.211 7.221 7.231 7.243 7.255 7.268 7.282 7.295 7.308 7.319 7.328 7.335 7.341 7.348 7.356 7.363 7.373 7.388 7.407 7.430 7.460 7.494 7.530 7.561 7.595 7.644 7.697 7.751 7.808 7.867 7.929 7.991 8.047 8.080 8.114 8.166 8.213 8.256 8.292 8.322 8.347 8.365 8.378 8.385 8.390 8.400 8.408 8.415 8.422 8.429 8.437 8.447 8.458 8.462 8.467 8.481 8.494
7.064 7.074 7.083 7.092 7.101 7.110 7.118 7.126 7.133 7.140 7.146 7.151 7.157 7.163 7.169 7.175 7.180 7.187 7.194 7.202 7.211 7.221 7.231 7.243 7.255 7.269 7.282 7.296 7.308 7.320 7.329 7.336 7.343 7.351 7.360 7.369 7.381 7.397 7.418 7.443 7.475 7.512 7.552 7.585 7.622 7.675 7.731 7.790 7.849 7.909 7.969 8.028 8.080 8.111 8.143 8.192 8.236 8.276 8.310 8.338 8.361 8.378 8.391 8.396 8.401 8.409 8.416 8.422 8.428 8.434 8.442 8.451 8.462 8.467 8.472 8.486 8.500
7.061 7.070 7.080 7.089 7.098 7.107 7.115 7.123 7.131 7.138 7.144 7.150 7.156 7.161 7.168 7.174 7.179 7.186 7.193 7.201 7.210 7.220 7.230 7.242 7.255 7.268 7.282 7.295 7.309 7.320 7.331 7.339 7.346 7.356 7.366 7.376 7.390 7.408 7.430 7.457 7.491 7.532 7.577 7.612 7.651 7.708 7.768 7.829 7.888 7.948 8.007 8.062 8.112 8.140 8.170 8.216 8.258 8.295 8.327 8.353 8.375 8.391 8.402 8.408 8.412 8.419 8.425 8.430 8.434 8.439 8.446 8.456 8.467 8.472 8.478 8.492 8.506
7.057 7.067 7.076 7.085 7.095 7.104 7.112 7.120 7.128 7.135 7.142 7.148 7.154 7.160 7.166 7.172 7.178 7.184 7.192 7.200 7.209 7.218 7.229 7.241 7.254 7.267 7.281 7.295 7.309 7.321 7.332 7.341 7.350 7.361 7.372 7.384 7.400 7.420 7.443 7.472 7.509 7.554 7.603 7.641 7.683 7.744 7.807 7.868 7.928 7.986 8.043 8.095 8.141 8.168 8.196 8.238 8.277 8.312 8.342 8.368 8.388 8.403 8.414 8.418 8.422 8.428 8.432 8.437 8.440 8.444 8.451 8.460 8.472 8.477 8.483 8.498 8.513
7.054 7.063 7.072 7.082 7.091 7.100 7.109 7.117 7.125 7.132 7.139 7.145 7.151 7.157 7.163 7.170 7.176 7.182 7.190 7.198 7.207 7.217 7.227 7.239 7.252 7.266 7.280 7.294 7.309 7.323 7.335 7.345 7.355 7.367 7.380 7.394 7.412 7.433 7.458 7.489 7.529 7.579 7.633 7.673 7.717 7.781 7.844 7.906 7.964 8.021 8.075 8.124 8.168 8.193 8.219 8.259 8.295 8.328 8.357 8.381 8.401 8.415 8.424 8.427 8.431 8.435 8.440 8.443 8.446 8.449 8.455 8.465 8.478 8.484 8.490 8.506 8.520
7.050 7.059 7.068 7.078 7.087 7.096 7.105 7.113 7.121 7.129 7.136 7.142 7.148 7.154 7.160 7.167 7.173 7.180 7.187 7.195 7.204 7.214 7.225 7.237 7.251 7.264 7.279 7.294 7.309 7.324 7.338 7.349 7.360 7.374 7.389 7.404 7.424 7.448 7.475 7.509 7.551 7.604 7.662 7.705 7.752 7.817 7.881 7.942 7.999 8.054 8.106 8.153 8.194 8.218 8.241 8.279 8.313 8.344 8.370 8.394 8.413 8.426 8.433 8.436 8.439 8.443 8.447 8.450 8.453 8.456 8.461 8.470 8.484 8.491 8.498 8.513 8.527
7.047 7.056 7.065 7.074 7.083 7.092 7.101 7.109 7.117 7.125 7.132 7.138 7.145 7.151 7.157 7.163 7.170 7.177 7.184 7.192 7.202 7.211 7.222 7.235 7.249 7.263 7.278 7.294 7.310 7.327 7.342 7.355 7.366 7.382 7.398 7.416 7.438 7.464 7.494 7.530 7.575 7.632 7.697 7.741 7.788 7.854 7.918 7.978 8.034 8.087 8.137 8.181 8.220 8.242 8.264 8.298 8.330 8.359 8.384 8.407 8.425 8.437 8.442 8.444 8.447 8.450 8.454 8.457 8.459 8.462 8.467 8.476 8.492 8.500 8.506 8.521 8.535
7.045 7.053 7.062 7.071 7.079 7.088 7.097 7.105 7.113 7.121 7.128 7.135 7.141 7.147 7.153 7.160 7.166 7.173 7.181 7.189 7.198 7.208 7.219 7.232 7.246 7.262 7.278 7.294 7.312 7.330 7.346 7.360 7.373 7.390 7.408 7.428 7.453 7.482 7.515 7.554 7.602 7.667 7.737 7.779 7.825 7.892 7.954 8.013 8.068 8.119 8.166 8.208 8.245 8.265 8.285 8.318 8.347 8.374 8.397 8.419 8.437 8.446 8.449 8.451 8.453 8.456 8.460 8.464 8.467 8.469 8.473 8.485 8.503 8.509 8.516 8.530 8.544
7.043 7.051 7.059 7.068 7.076 7.085 7.093 7.102 7.110 7.117 7.124 7.131 7.137 7.143 7.149 7.156 7.162 7.169 7.177 7.185 7.194 7.204 7.215 7.230 7.245 7.261 7.278 7.296 7.315 7.333 7.350 7.365 7.381 7.400 7.420 7.443 7.471 7.504 7.541 7.584 7.640 7.708 7.775 7.817 7.862 7.928 7.989 8.047 8.100 8.149 8.194 8.233 8.268 8.287 8.306 8.336 8.363 8.388 8.410 8.429 8.445 8.452 8.456 8.458 8.459 8.463 8.467 8.471 8.474 8.478 8.484 8.497 8.514 8.519 8.525 8.539 8.551
7.042 7.050 7.058 7.066 7.074 7.082 7.090 7.099 7.106 7.114 7.120 7.127 7.133 7.139 7.145 7.151 7.158 7.165 7.172 7.180 7.189 7.199 7.212 7.227 7.244 7.261 7.279 7.298 7.318 7.337 7.355 7.373 7.392 7.413 7.435 7.461 7.494 7.530 7.571 7.621 7.681 7.748 7.812 7.853 7.898 7.962 8.023 8.079 8.130 8.177 8.220 8.258 8.291 8.308 8.325 8.353 8.379 8.401 8.421 8.438 8.451 8.458 8.463 8.464 8.465 8.469 8.475 8.479 8.484 8.489 8.498 8.510 8.524 8.530 8.535 8.548 8.559
7.042 7.050 7.057 7.065 7.073 7.080 7.088 7.096 7.104 7.111 7.117 7.123 7.129 7.135 7.141 7.147 7.153 7.160 7.167 7.175 7.184 7.196 7.210 7.226 7.243 7.262 7.281 7.301 7.321 7.341 7.361 7.382 7.404 7.428 7.453 7.484 7.521 7.561 7.607 7.661 7.721 7.786 7.848 7.888 7.932 7.995 8.055 8.110 8.160 8.205 8.245 8.281 8.312 8.328 8.344 8.370 8.393 8.413 8.431 8.445 8.456 8.464 8.469 8.471 8.472 8.477 8.483 8.489 8.495 8.502 8.511 8.523 8.535 8.540 8.545 8.556 8.566
7.044 7.051 7.058 7.065 7.072 7.080 7.087 7.095 7.102 7.109 7.115 7.120 7.126 7.131 7.137 7.142 7.148 7.155 7.162 7.170 7.180 7.192 7.208 7.225 7.244 7.264 7.284 7.305 7.326 7.347 7.369 7.393 7.420 7.447 7.476 7.511 7.552 7.597 7.646 7.701 7.761 7.823 7.884 7.923 7.965 8.027 8.085 8.139 8.187 8.231 8.269 8.303 8.332 8.347 8.362 8.385 8.406 8.425 8.440 8.452 8.462 8.470 8.476 8.478 8.479 8.486 8.492 8.500 8.507 8.515 8.525 8.535 8.546 8.550 8.554 8.564 8.573
7.047 7.053 7.060 7.066 7.073 7.080 7.088 7.095 7.101 7.108 7.113 7.118 7.123 7.128 7.133 7.138 7.143 7.149 7.156 7.165 7.176 7.190 7.207 7.225 7.245 7.266 7.288 7.310 7.333 7.355 7.380 7.408 7.440 7.470 7.502 7.542 7.587 7.636 7.686 7.740 7.798 7.859 7.919 7.957 7.998 8.058 8.115 8.168 8.214 8.256 8.293 8.324 8.351 8.365 8.378 8.400 8.419 8.435 8.448 8.459 8.468 8.476 8.483 8.485 8.487 8.495 8.503 8.511 8.520 8.528 8.538 8.548 8.557 8.560 8.564 8.572 8.580
7.051 7.057 7.063 7.069 7.076 7.083 7.089 7.096 7.102 7.108 7.113 7.117 7.121 7.125 7.129 7.133 7.138 7.144 7.151 7.161 7.173 7.189 7.207 7.226 7.248 7.270 7.293 7.317 7.341 7.366 7.394 7.427 7.463 7.497 7.532 7.577 7.626 7.675 7.725 7.778 7.834 7.894 7.953 7.990 8.030 8.089 8.145 8.195 8.240 8.280 8.315 8.345 8.369 8.381 8.394 8.413 8.430 8.444 8.456 8.466 8.474 8.482 8.491 8.493 8.495 8.504 8.514 8.523 8.532 8.541 8.551 8.560 8.567 8.570 8.573 8.580 8.586
7.056 7.062 7.068 7.074 7.080 7.087 7.093 7.099 7.105 7.110 7.114 7.118 7.120 7.123 7.126 7.129 7.133 7.139 7.147 7.158 7.172 7.188 7.207 7.228 7.251 7.274 7.300 7.325 7.351 7.379 7.411 7.449 7.490 7.527 7.565 7.614 7.664 7.714 7.763 7.815 7.870 7.928 7.986 8.023 8.061 8.119 8.173 8.221 8.264 8.302 8.335 8.363 8.386 8.397 8.407 8.425 8.440 8.453 8.464 8.472 8.481 8.489 8.499 8.502 8.505 8.515 8.525 8.535 8.544 8.554 8.563 8.571 8.577 8.579 8.581 8.587 8.592
7.063 7.069 7.075 7.080 7.086 7.092 7.098 7.104 7.109 7.114 7.117 7.120 7.121 7.123 7.124 7.126 7.129 7.135 7.143 7.155 7.171 7.189 7.209 7.231 7.255 7.280 7.308 7.335 7.364 7.396 7.432 7.473 7.519 7.559 7.600 7.651 7.703 7.753 7.802 7.852 7.905 7.961 8.020 8.055 8.093 8.149 8.200 8.246 8.287 8.323 8.355 8.381 8.402 8.411 8.420 8.436 8.450 8.462 8.472 8.480 8.488 8.497 8.507 8.511 8.515 8.525 8.536 8.546 8.555 8.565 8.574 8.581 8.586 8.587 8.589 8.593 8.598
7.071 7.077 7.082 7.088 7.094 7.100 7.105 7.111 7.115 7.119 7.122 7.123 7.123 7.123 7.123 7.124 7.126 7.132 7.141 7.155 7.172 7.191 7.212 7.235 7.260 7.287 7.317 7.348 7.381 7.416 7.456 7.502 7.555 7.597 7.638 7.691 7.743 7.793 7.841 7.890 7.940 7.996 8.056 8.091 8.126 8.179 8.228 8.271 8.310 8.345 8.375 8.399 8.417 8.425 8.433 8.447 8.461 8.471 8.480 8.488 8.496 8.505 8.517 8.521 8.525 8.536 8.547 8.557 8.567 8.576 8.585 8.592 8.595 8.596 8.596 8.600 8.604
7.080 7.086 7.091 7.097 7.103 7.108 7.114 7.119 7.123 7.127 7.128 7.128 7.126 7.125 7.124 7.123 7.125 7.131 7.141 7.156 7.174 7.194 7.216 7.240 7.267 7.297 7.330 7.364 7.402 7.442 7.485 7.540 7.596 7.637 7.678 7.732 7.784 7.833 7.881 7.929 7.976 8.035 8.095 8.127 8.159 8.210 8.256 8.296 8.333 8.365 8.394 8.415 8.430 8.437 8.445 8.458 8.470 8.480 8.489 8.497 8.504 8.515 8.529 8.533 8.536 8.548 8.558 8.569 8.578 8.587 8.596 8.601 8.603 8.603 8.603 8.607 8.610
7.090 7.096 7.101 7.107 7.113 7.118 7.124 7.129 7.133 7.135 7.136 7.134 7.131 7.129 7.127 7.125 7.127 7.132 7.143 7.158 7.176 7.198 7.222 7.249 7.277 7.310 7.347 7.387 7.429 7.474 7.525 7.583 7.639 7.679 7.720 7.773 7.825 7.875 7.923 7.970 8.020 8.078 8.132 8.162 8.193 8.240 8.283 8.320 8.354 8.385 8.410 8.428 8.443 8.450 8.456 8.468 8.480 8.490 8.499 8.507 8.515 8.527 8.540 8.544 8.548 8.559 8.570 8.580 8.589 8.597 8.605 8.609 8.611 8.610 8.610 8.613 8.616
7.100 7.106 7.112 7.118 7.124 7.129 7.135 7.139 7.143 7.145 7.145 7.142 7.138 7.135 7.131 7.129 7.130 7.136 7.146 7.161 7.181 7.205 7.232 7.260 7.290 7.328 7.370 7.414 7.461 7.513 7.570 7.628 7.683 7.722 7.762 7.815 7.868 7.918 7.966 8.015 8.066 8.119 8.169 8.196 8.225 8.269 8.308 8.343 8.374 8.402 8.424 8.442 8.456 8.462 8.467 8.479 8.491 8.501 8.509 8.519 8.528 8.540 8.552 8.555 8.559 8.570 8.580 8.590 8.599 8.606 8.612 8.616 8.618 8.618 8.617 8.619 8.622
7.110 7.116 7.122 7.129 7.135 7.141 7.146 7.151 7.154 7.156 7.155 7.152 7.147 7.142 7.138 7.135 7.135 7.141 7.151 7.166 7.187 7.214 7.245 7.275 7.308 7.351 7.398 7.447 7.500 7.557 7.616 7.674 7.727 7.766 7.806 7.859 7.912 7.962 8.011 8.061 8.111 8.160 8.205 8.230 8.257 8.297 8.333 8.365 8.394 8.418 8.438 8.455 8.468 8.474 8.479 8.491 8.502 8.512 8.522 8.531 8.542 8.553 8.564 8.567 8.571 8.581 8.591 8.600 8.608 8.615 8.620 8.623 8.626 8.625 8.624 8.626 8.628
7.119 7.126 7.133 7.139 7.146 7.152 7.157 7.162 7.166 7.168 7.167 7.162 7.156 7.151 7.146 7.142 7.142 7.147 7.157 7.173 7.197 7.227 7.261 7.294 7.331 7.379 7.430 7.486 7.543 7.603 7.663 7.721 7.774 7.812 7.852 7.904 7.957 8.009 8.058 8.107 8.155 8.201 8.241 8.264 8.288 8.324 8.357 8.387 8.412 8.434 8.453 8.469 8.482 8.487 8.492 8.503 8.514 8.525 8.535 8.545 8.555 8.566 8.576 8.579 8.582 8.592 8.601 8.610 8.617 8.622 8.627 8.630 8.633 8.632 8.631 8.633 8.635
7.128 7.135 7.143 7.150 7.156 7.163 7.169 7.174 7.178 7.179 7.178 7.174 7.167 7.161 7.156 7.151 7.150 7.155 7.165 7.183 7.209 7.243 7.281 7.317 7.357 7.410 7.467 7.527 7.588 7.649 7.710 7.768 7.822 7.859 7.898 7.951 8.004 8.056 8.105 8.153 8.198 8.240 8.277 8.298 8.319 8.352 8.381 8.408 8.431 8.451 8.469 8.483 8.496 8.501 8.506 8.517 8.528 8.539 8.549 8.559 8.569 8.579 8.588 8.591 8.594 8.602 8.611 8.619 8.625 8.630 8.635 8.638 8.640 8.639 8.638 8.640 8.642
7.136 7.144 7.152 7.159 7.166 7.173 7.179 7.184 7.189 7.191 7.190 7.185 7.178 7.171 7.165 7.160 7.159 7.164 7.175 7.194 7.224 7.262 7.305 7.343 7.388 7.446 7.508 7.570 7.633 7.696 7.758 7.817 7.870 7.908 7.946 7.999 8.052 8.103 8.152 8.198 8.241 8.280 8.313 8.331 8.351 8.379 8.406 8.430 8.451 8.469 8.485 8.500 8.512 8.516 8.521 8.532 8.543 8.553 8.563 8.573 8.583 8.592 8.600 8.603 8.605 8.613 8.621 8.628 8.634 8.638 8.642 8.645 8.647 8.646 8.645 8.647 8.649
7.143 7.152 7.160 7.167 7.175 7.182 7.189 7.194 7.199 7.201 7.200 7.195 7.188 7.182 7.175 7.169 7.168 7.174 7.186 7.208 7.242 7.284 7.331 7.373 7.420 7.483 7.548 7.613 7.678 7.742 7.804 7.864 7.918 7.955 7.994 8.047 8.099 8.150 8.197 8.241 8.283 8.318 8.348 8.364 8.381 8.406 8.430 8.452 8.471 8.488 8.504 8.517 8.529 8.533 8.537 8.547 8.558 8.568 8.578 8.588 8.598 8.606 8.613 8.615 8.617 8.624 8.631 8.637 8.642 8.646 8.650 8.653 8.655 8.654 8.652 8.654 8.656
7.150 7.158 7.167 7.175 7.183 7.190 7.197 7.203 7.208 7.211 7.210 7.205 7.198 7.191 7.185 7.179 7.178 7.184 7.199 7.224 7.261 7.307 7.358 7.403 7.454 7.519 7.586 7.654 7.720 7.785 7.849 7.909 7.964 8.002 8.041 8.094 8.146 8.195 8.241 8.284 8.324 8.357 8.384 8.398 8.413 8.436 8.457 8.477 8.494 8.509 8.524 8.536 8.547 8.551 8.554 8.565 8.575 8.585 8.594 8.604 8.613 8.620 8.627 8.628 8.629 8.635 8.641 8.647 8.651 8.655 8.658 8.661 8.663 8.661 8.660 8.661 8.663
7.156 7.165 7.173 7.182 7.190 7.198 7.205 7.212 7.217 7.220 7.220 7.215 7.207 7.200 7.194 7.188 7.188 7.196 7.213 7.241 7.281 7.332 7.388 7.435 7.487 7.556 7.626 7.695 7.763 7.830 7.894 7.955 8.013 8.051 8.089 8.142 8.194 8.242 8.286 8.328 8.366 8.397 8.421 8.433 8.446 8.466 8.486 8.503 8.519 8.533 8.546 8.558 8.568 8.571 8.574 8.584 8.593 8.603 8.612 8.621 8.629 8.636 8.641 8.642 8.642 8.647 8.652 8.657 8.661 8.664 8.667 8.669 8.671 8.669 8.668 8.669 8.671
7.161 7.170 7.179 7.188 7.197 7.205 7.212 7.219 7.225 7.228 7.228 7.222 7.214 7.208 7.202 7.197 7.198 7.208 7.229 7.261 7.304 7.361 7.421 7.468 7.522 7.592 7.664 7.735 7.805 7.873 7.938 8.001 8.060 8.098 8.136 8.189 8.240 8.287 8.330 8.371 8.407 8.435 8.455 8.467 8.479 8.498 8.515 8.531 8.546 8.559 8.571 8.582 8.591 8.593 8.596 8.605 8.614 8.623 8.631 8.639 8.647 8.652 8.656 8.656 8.656 8.660 8.664 8.668 8.671 8.674 8.677 8.679 8.680 8.678 8.676 8.677 8.679
7.166 7.175 7.185 7.194 7.203 7.211 7.219 7.226 7.232 7.236 7.235 7.230 7.222 7.216 7.211 7.207 7.210 7.223 7.247 7.283 7.333 7.392 7.453 7.501 7.555 7.628 7.701 7.774 7.845 7.914 7.982 8.046 8.105 8.142 8.181 8.233 8.283 8.329 8.371 8.410 8.444 8.469 8.489 8.501 8.512 8.529 8.546 8.561 8.575 8.587 8.598 8.608 8.617 8.618 8.619 8.628 8.636 8.644 8.652 8.659 8.665 8.669 8.672 8.671 8.671 8.674 8.677 8.680 8.682 8.685 8.687 8.688 8.689 8.687 8.685 8.686 8.687
7.170 7.180 7.190 7.199 7.208 7.217 7.225 7.232 7.239 7.243 7.242 7.237 7.230 7.225 7.221 7.218 7.224 7.241 7.268 7.308 7.362 7.422 7.483 7.531 7.587 7.661 7.736 7.811 7.884 7.955 8.024 8.088 8.145 8.183 8.221 8.273 8.322 8.367 8.408 8.445 8.477 8.502 8.522 8.534 8.544 8.561 8.577 8.592 8.604 8.616 8.627 8.636 8.644 8.644 8.645 8.652 8.660 8.668 8.674 8.680 8.685 8.688 8.690 8.688 8.687 8.689 8.691 8.693 8.695 8.696 8.698 8.698 8.699 8.697 8.694 8.695 8.697
7.175 7.185 7.195 7.205 7.214 7.223 7.231 7.239 7.246 7.250 7.250 7.245 7.238 7.235 7.232 7.232 7.241 7.260 7.291 7.335 7.390 7.451 7.512 7.561 7.617 7.694 7.770 7.847 7.921 7.993 8.062 8.126 8.182 8.219 8.257 8.309 8.357 8.401 8.441 8.476 8.506 8.532 8.553 8.564 8.575 8.592 8.608 8.622 8.635 8.646 8.656 8.665 8.672 8.672 8.673 8.680 8.687 8.693 8.699 8.703 8.707 8.709 8.710 8.707 8.704 8.705 8.706 8.707 8.708 8.709 8.709 8.710 8.710 8.707 8.704 8.705 8.707
