version2/TsunamiDB/out54093.asc
ncols          264
nrows          230
xllcorner      497853.4375
yllcorner      4229146.0000
cellsize         5.
NODATA_value   -99
[rows 34 to 67 of 230, columns 77 to 153 of 264]
4.990 5.016 5.043 5.069 5.096 5.122 5.149 5.174 5.200 5.226 5.253 5.279 5.305 5.332 5.358 5.383 5.409 5.434 5.459 5.483 5.507 5.531 5.554 5.576 5.599 5.620 5.642 5.663 5.684 5.704 5.722 5.740 5.759 5.778 5.796 5.815 5.832 5.850 5.867 5.884 5.901 5.917 5.933 5.949 5.964 5.979 5.993 6.007 6.020 6.033 6.045 6.056 6.065 6.073 6.080 6.087 6.093 6.099 6.103 6.107 6.111 6.114 6.116 6.119 6.122 6.125 6.129 6.133 6.137 6.142 6.148 6.154 6.161 6.168 6.176 6.184 6.191
4.998 5.024 5.050 5.076 5.102 5.128 5.153 5.177 5.203 5.229 5.255 5.281 5.307 5.333 5.359 5.385 5.410 5.435 5.460 5.485 5.509 5.533 5.556 5.579 5.602 5.624 5.645 5.667 5.688 5.708 5.726 5.745 5.764 5.783 5.802 5.820 5.838 5.856 5.874 5.891 5.908 5.925 5.941 5.957 5.973 5.988 6.003 6.018 6.032 6.045 6.058 6.070 6.080 6.089 6.097 6.105 6.112 6.118 6.123 6.128 6.132 6.135 6.138 6.140 6.143 6.145 6.148 6.151 6.154 6.158 6.163 6.168 6.174 6.180 6.187 6.194 6.201
5.007 5.032 5.058 5.083 5.108 5.133 5.158 5.182 5.207 5.232 5.258 5.283 5.309 5.335 5.360 5.386 5.411 5.436 5.461 5.486 5.510 5.534 5.558 5.581 5.604 5.626 5.648 5.670 5.691 5.711 5.730 5.750 5.769 5.788 5.807 5.825 5.844 5.862 5.880 5.897 5.914 5.931 5.948 5.965 5.981 5.997 6.012 6.027 6.041 6.055 6.069 6.081 6.093 6.102 6.112 6.121 6.129 6.136 6.142 6.148 6.152 6.156 6.159 6.161 6.164 6.166 6.168 6.170 6.173 6.176 6.179 6.183 6.188 6.194 6.200 6.206 6.211
5.017 5.041 5.066 5.090 5.115 5.139 5.163 5.187 5.211 5.236 5.261 5.286 5.311 5.336 5.362 5.387 5.412 5.437 5.462 5.486 5.511 5.535 5.559 5.582 5.605 5.628 5.650 5.672 5.694 5.714 5.733 5.753 5.773 5.792 5.811 5.830 5.849 5.867 5.885 5.903 5.920 5.937 5.954 5.971 5.988 6.004 6.019 6.035 6.050 6.064 6.078 6.092 6.104 6.115 6.125 6.135 6.144 6.152 6.160 6.166 6.171 6.176 6.180 6.183 6.185 6.187 6.189 6.191 6.192 6.195 6.197 6.200 6.204 6.208 6.213 6.218 6.223
5.027 5.051 5.075 5.098 5.122 5.146 5.169 5.192 5.216 5.240 5.264 5.289 5.313 5.338 5.363 5.388 5.413 5.437 5.462 5.487 5.511 5.535 5.559 5.583 5.606 5.629 5.652 5.674 5.696 5.716 5.736 5.756 5.776 5.796 5.815 5.834 5.853 5.871 5.890 5.908 5.925 5.943 5.960 5.977 5.994 6.010 6.026 6.042 6.057 6.072 6.087 6.101 6.114 6.125 6.137 6.147 6.158 6.167 6.175 6.183 6.189 6.195 6.199 6.203 6.206 6.208 6.210 6.212 6.213 6.215 6.216 6.219 6.221 6.225 6.229 6.233 6.237
5.037 5.061 5.084 5.107 5.131 5.154 5.176 5.198 5.221 5.245 5.269 5.292 5.316 5.340 5.365 5.389 5.413 5.438 5.462 5.487 5.511 5.535 5.559 5.583 5.606 5.630 5.652 5.675 5.697 5.718 5.738 5.758 5.778 5.798 5.818 5.837 5.856 5.875 5.894 5.912 5.930 5.947 5.965 5.982 5.999 6.016 6.032 6.048 6.064 6.079 6.094 6.109 6.123 6.135 6.147 6.158 6.169 6.180 6.189 6.198 6.205 6.212 6.218 6.222 6.226 6.229 6.231 6.233 6.234 6.235 6.237 6.238 6.240 6.242 6.246 6.248 6.251
5.049 5.072 5.095 5.117 5.140 5.162 5.184 5.206 5.228 5.251 5.273 5.296 5.320 5.343 5.367 5.391 5.415 5.439 5.463 5.487 5.511 5.535 5.559 5.583 5.606 5.629 5.652 5.675 5.698 5.719 5.739 5.760 5.780 5.800 5.820 5.840 5.859 5.878 5.897 5.915 5.934 5.952 5.969 5.987 6.004 6.021 6.037 6.054 6.070 6.086 6.101 6.116 6.130 6.143 6.156 6.168 6.180 6.191 6.201 6.211 6.220 6.227 6.234 6.240 6.245 6.248 6.251 6.254 6.255 6.256 6.258 6.259 6.260 6.261 6.264 6.266 6.267
5.061 5.084 5.106 5.128 5.150 5.172 5.193 5.214 5.235 5.257 5.279 5.301 5.324 5.347 5.370 5.393 5.416 5.440 5.463 5.487 5.511 5.535 5.558 5.582 5.606 5.629 5.652 5.675 5.698 5.719 5.740 5.761 5.781 5.802 5.822 5.842 5.862 5.881 5.900 5.919 5.937 5.955 5.973 5.991 6.008 6.025 6.042 6.058 6.075 6.091 6.107 6.122 6.137 6.150 6.163 6.176 6.189 6.201 6.212 6.223 6.232 6.241 6.249 6.256 6.262 6.266 6.270 6.273 6.276 6.277 6.278 6.279 6.280 6.281 6.283 6.284 6.285
5.074 5.096 5.118 5.140 5.161 5.182 5.203 5.223 5.244 5.265 5.286 5.307 5.329 5.351 5.373 5.396 5.418 5.441 5.464 5.488 5.511 5.534 5.558 5.581 5.605 5.628 5.651 5.674 5.697 5.719 5.740 5.761 5.782 5.803 5.823 5.844 5.863 5.883 5.902 5.921 5.940 5.958 5.976 5.994 6.011 6.029 6.046 6.063 6.079 6.096 6.112 6.128 6.142 6.156 6.170 6.183 6.196 6.209 6.221 6.233 6.243 6.253 6.262 6.270 6.277 6.283 6.288 6.292 6.295 6.297 6.299 6.300 6.301 6.302 6.303 6.303 6.303
5.088 5.110 5.131 5.152 5.173 5.194 5.214 5.233 5.253 5.273 5.294 5.314 5.335 5.356 5.378 5.399 5.421 5.443 5.466 5.489 5.511 5.534 5.558 5.581 5.604 5.627 5.650 5.673 5.696 5.718 5.739 5.760 5.782 5.803 5.824 5.844 5.864 5.884 5.904 5.923 5.942 5.960 5.979 5.997 6.014 6.032 6.049 6.066 6.083 6.100 6.116 6.132 6.147 6.161 6.175 6.189 6.203 6.216 6.229 6.241 6.253 6.263 6.273 6.282 6.290 6.297 6.303 6.309 6.313 6.316 6.318 6.320 6.321 6.322 6.323 6.323 6.323
5.102 5.124 5.145 5.166 5.186 5.206 5.225 5.244 5.264 5.283 5.303 5.323 5.343 5.363 5.383 5.404 5.425 5.447 5.468 5.490 5.512 5.535 5.558 5.580 5.603 5.626 5.649 5.672 5.695 5.717 5.738 5.760 5.781 5.802 5.824 5.844 5.865 5.885 5.905 5.924 5.943 5.962 5.981 5.999 6.017 6.035 6.052 6.069 6.086 6.103 6.120 6.136 6.151 6.166 6.180 6.194 6.209 6.222 6.236 6.248 6.261 6.272 6.283 6.293 6.302 6.310 6.317 6.324 6.329 6.333 6.336 6.339 6.341 6.342 6.343 6.343 6.342
5.117 5.138 5.159 5.179 5.200 5.219 5.238 5.256 5.275 5.294 5.313 5.332 5.351 5.371 5.390 5.410 5.430 5.451 5.472 5.493 5.514 5.536 5.558 5.580 5.603 5.625 5.648 5.671 5.694 5.715 5.737 5.758 5.780 5.801 5.823 5.844 5.865 5.885 5.905 5.925 5.944 5.963 5.982 6.001 6.019 6.037 6.054 6.072 6.089 6.106 6.123 6.139 6.155 6.169 6.184 6.199 6.213 6.228 6.241 6.255 6.268 6.280 6.291 6.302 6.312 6.321 6.330 6.337 6.343 6.349 6.353 6.356 6.359 6.361 6.362 6.362 6.362
5.132 5.153 5.174 5.194 5.214 5.233 5.252 5.270 5.288 5.306 5.325 5.343 5.361 5.380 5.398 5.417 5.437 5.456 5.476 5.496 5.517 5.538 5.559 5.581 5.603 5.625 5.647 5.670 5.692 5.714 5.735 5.756 5.778 5.800 5.821 5.843 5.864 5.884 5.905 5.925 5.944 5.964 5.983 6.001 6.020 6.038 6.056 6.074 6.091 6.109 6.125 6.142 6.158 6.173 6.188 6.203 6.217 6.232 6.246 6.260 6.273 6.286 6.298 6.310 6.321 6.331 6.340 6.349 6.356 6.362 6.368 6.372 6.376 6.379 6.381 6.381 6.381
5.146 5.168 5.188 5.209 5.228 5.248 5.266 5.283 5.301 5.319 5.337 5.355 5.372 5.390 5.408 5.426 5.444 5.463 5.482 5.501 5.521 5.541 5.561 5.582 5.603 5.625 5.647 5.669 5.691 5.712 5.733 5.754 5.776 5.798 5.820 5.841 5.862 5.883 5.904 5.924 5.944 5.963 5.983 6.002 6.021 6.039 6.057 6.075 6.093 6.110 6.127 6.144 6.160 6.175 6.191 6.206 6.221 6.236 6.250 6.265 6.278 6.292 6.305 6.317 6.328 6.339 6.349 6.359 6.367 6.375 6.381 6.387 6.391 6.395 6.398 6.399 6.399
5.161 5.182 5.203 5.223 5.243 5.262 5.281 5.298 5.316 5.333 5.351 5.368 5.385 5.402 5.419 5.436 5.453 5.471 5.489 5.507 5.526 5.545 5.564 5.584 5.605 5.626 5.647 5.668 5.690 5.710 5.731 5.752 5.774 5.796 5.817 5.839 5.860 5.881 5.902 5.922 5.943 5.963 5.982 6.001 6.020 6.039 6.058 6.076 6.094 6.112 6.129 6.146 6.162 6.177 6.193 6.208 6.224 6.239 6.254 6.268 6.283 6.296 6.310 6.323 6.335 6.346 6.357 6.367 6.377 6.385 6.393 6.399 6.405 6.410 6.414 6.415 6.416
5.175 5.196 5.217 5.238 5.258 5.277 5.295 5.313 5.330 5.348 5.365 5.382 5.398 5.415 5.431 5.447 5.464 5.480 5.497 5.515 5.532 5.550 5.569 5.588 5.607 5.627 5.647 5.668 5.689 5.709 5.730 5.751 5.772 5.794 5.815 5.836 5.858 5.879 5.900 5.920 5.941 5.961 5.981 6.000 6.020 6.039 6.057 6.076 6.094 6.112 6.130 6.147 6.163 6.179 6.195 6.210 6.226 6.242 6.257 6.272 6.286 6.300 6.314 6.328 6.340 6.353 6.364 6.375 6.385 6.394 6.403 6.411 6.417 6.423 6.428 6.430 6.432
5.188 5.210 5.231 5.252 5.272 5.292 5.310 5.327 5.345 5.363 5.380 5.396 5.413 5.429 5.444 5.460 5.476 5.492 5.508 5.524 5.540 5.557 5.575 5.593 5.611 5.630 5.649 5.669 5.689 5.709 5.728 5.749 5.770 5.791 5.813 5.834 5.855 5.876 5.897 5.918 5.939 5.959 5.979 5.999 6.018 6.038 6.057 6.075 6.094 6.112 6.130 6.148 6.164 6.180 6.196 6.212 6.228 6.244 6.259 6.274 6.289 6.304 6.318 6.332 6.345 6.358 6.370 6.381 6.392 6.402 6.412 6.420 6.428 6.435 6.440 6.443 6.446
5.202 5.223 5.245 5.266 5.286 5.306 5.324 5.342 5.360 5.377 5.394 5.411 5.427 5.443 5.459 5.474 5.489 5.504 5.519 5.534 5.550 5.566 5.582 5.599 5.616 5.634 5.652 5.671 5.690 5.709 5.728 5.748 5.768 5.789 5.810 5.831 5.852 5.873 5.894 5.915 5.936 5.956 5.977 5.997 6.016 6.036 6.055 6.074 6.093 6.112 6.130 6.148 6.164 6.180 6.196 6.213 6.229 6.245 6.261 6.276 6.291 6.306 6.321 6.335 6.349 6.362 6.375 6.387 6.398 6.409 6.419 6.429 6.437 6.445 6.451 6.455 6.459
5.214 5.236 5.258 5.279 5.300 5.319 5.337 5.355 5.374 5.392 5.409 5.426 5.442 5.458 5.473 5.488 5.503 5.518 5.532 5.547 5.561 5.576 5.591 5.607 5.623 5.640 5.657 5.675 5.693 5.710 5.728 5.748 5.767 5.788 5.808 5.829 5.850 5.870 5.891 5.912 5.933 5.953 5.974 5.994 6.014 6.034 6.053 6.072 6.091 6.110 6.129 6.146 6.163 6.180 6.196 6.213 6.229 6.246 6.262 6.278 6.293 6.308 6.323 6.338 6.352 6.366 6.379 6.392 6.404 6.415 6.426 6.436 6.445 6.454 6.461 6.466 6.471
5.227 5.249 5.270 5.291 5.312 5.331 5.350 5.369 5.387 5.406 5.423 5.440 5.457 5.473 5.488 5.503 5.518 5.532 5.546 5.560 5.574 5.588 5.602 5.617 5.632 5.647 5.663 5.680 5.696 5.712 5.730 5.748 5.767 5.787 5.807 5.827 5.847 5.868 5.888 5.909 5.929 5.950 5.970 5.991 6.011 6.031 6.050 6.070 6.089 6.108 6.127 6.145 6.162 6.179 6.196 6.213 6.229 6.246 6.262 6.279 6.294 6.310 6.325 6.340 6.354 6.369 6.382 6.395 6.408 6.420 6.431 6.442 6.452 6.462 6.469 6.475 6.481
5.239 5.261 5.282 5.303 5.324 5.343 5.362 5.381 5.400 5.419 5.437 5.454 5.471 5.487 5.503 5.518 5.533 5.547 5.561 5.575 5.588 5.601 5.615 5.628 5.642 5.656 5.671 5.686 5.701 5.716 5.733 5.750 5.768 5.787 5.806 5.825 5.845 5.865 5.885 5.906 5.926 5.947 5.967 5.987 6.007 6.027 6.047 6.067 6.086 6.106 6.125 6.143 6.160 6.177 6.194 6.212 6.229 6.246 6.262 6.279 6.295 6.311 6.326 6.341 6.356 6.371 6.385 6.398 6.412 6.424 6.436 6.447 6.458 6.468 6.477 6.484 6.490
5.251 5.272 5.293 5.315 5.335 5.355 5.374 5.393 5.412 5.431 5.449 5.467 5.485 5.501 5.517 5.533 5.548 5.562 5.576 5.589 5.603 5.615 5.628 5.641 5.654 5.667 5.680 5.695 5.708 5.722 5.737 5.753 5.770 5.788 5.806 5.825 5.844 5.863 5.883 5.903 5.923 5.943 5.963 5.984 6.004 6.024 6.044 6.063 6.083 6.103 6.122 6.140 6.157 6.175 6.193 6.210 6.228 6.245 6.262 6.278 6.295 6.311 6.327 6.342 6.358 6.372 6.387 6.401 6.414 6.427 6.440 6.452 6.463 6.474 6.483 6.491 6.498
5.262 5.284 5.305 5.326 5.347 5.366 5.385 5.405 5.424 5.443 5.462 5.480 5.497 5.514 5.531 5.547 5.562 5.577 5.591 5.605 5.618 5.630 5.643 5.655 5.667 5.679 5.692 5.705 5.717 5.730 5.744 5.758 5.774 5.790 5.807 5.825 5.843 5.862 5.881 5.900 5.920 5.940 5.960 5.980 6.000 6.020 6.040 6.060 6.079 6.099 6.118 6.137 6.154 6.172 6.190 6.208 6.226 6.243 6.260 6.277 6.294 6.311 6.327 6.343 6.358 6.373 6.388 6.402 6.416 6.430 6.443 6.455 6.467 6.478 6.488 6.497 6.504
5.274 5.295 5.316 5.337 5.358 5.377 5.396 5.415 5.435 5.454 5.473 5.491 5.509 5.527 5.544 5.560 5.576 5.591 5.605 5.619 5.633 5.646 5.658 5.670 5.682 5.693 5.705 5.717 5.728 5.739 5.752 5.765 5.779 5.795 5.810 5.827 5.844 5.862 5.880 5.899 5.918 5.937 5.957 5.976 5.996 6.016 6.036 6.056 6.075 6.095 6.115 6.133 6.151 6.169 6.187 6.205 6.223 6.241 6.258 6.276 6.293 6.309 6.326 6.342 6.358 6.373 6.389 6.403 6.418 6.431 6.445 6.458 6.470 6.482 6.493 6.502 6.510
5.287 5.307 5.328 5.348 5.369 5.388 5.407 5.426 5.445 5.465 5.484 5.502 5.520 5.538 5.555 5.572 5.589 5.604 5.619 5.634 5.647 5.661 5.673 5.685 5.697 5.708 5.719 5.730 5.741 5.751 5.762 5.774 5.787 5.801 5.815 5.830 5.846 5.863 5.880 5.898 5.916 5.935 5.954 5.973 5.993 6.012 6.032 6.051 6.071 6.091 6.111 6.129 6.147 6.165 6.184 6.202 6.220 6.238 6.256 6.273 6.291 6.308 6.325 6.341 6.357 6.373 6.388 6.403 6.418 6.432 6.446 6.460 6.473 6.485 6.496 6.506 6.515
5.300 5.320 5.340 5.360 5.380 5.399 5.417 5.436 5.456 5.475 5.494 5.512 5.531 5.549 5.567 5.584 5.600 5.617 5.632 5.647 5.661 5.675 5.688 5.700 5.712 5.723 5.734 5.745 5.755 5.764 5.774 5.785 5.796 5.809 5.822 5.835 5.850 5.865 5.881 5.898 5.915 5.933 5.952 5.970 5.989 6.009 6.028 6.048 6.067 6.087 6.106 6.125 6.143 6.161 6.180 6.198 6.217 6.235 6.253 6.271 6.288 6.305 6.323 6.339 6.356 6.372 6.388 6.403 6.418 6.433 6.447 6.461 6.474 6.487 6.499 6.509 6.519
5.313 5.333 5.352 5.372 5.391 5.410 5.428 5.447 5.466 5.485 5.504 5.522 5.541 5.559 5.577 5.594 5.611 5.628 5.644 5.660 5.674 5.689 5.702 5.715 5.727 5.738 5.749 5.760 5.770 5.778 5.788 5.797 5.808 5.819 5.830 5.843 5.856 5.870 5.884 5.900 5.916 5.933 5.951 5.969 5.987 6.006 6.025 6.044 6.063 6.083 6.102 6.121 6.139 6.157 6.176 6.194 6.213 6.231 6.249 6.267 6.285 6.303 6.320 6.337 6.354 6.370 6.386 6.402 6.417 6.432 6.447 6.461 6.475 6.489 6.501 6.511 6.522
5.327 5.346 5.365 5.384 5.403 5.421 5.439 5.458 5.476 5.495 5.514 5.532 5.551 5.569 5.587 5.604 5.622 5.639 5.655 5.671 5.686 5.701 5.715 5.729 5.741 5.753 5.765 5.776 5.785 5.793 5.802 5.812 5.821 5.831 5.841 5.852 5.863 5.876 5.889 5.903 5.918 5.934 5.951 5.968 5.986 6.004 6.022 6.041 6.060 6.079 6.098 6.117 6.135 6.153 6.171 6.190 6.209 6.227 6.246 6.264 6.282 6.299 6.317 6.334 6.351 6.368 6.384 6.400 6.416 6.431 6.446 6.461 6.475 6.489 6.502 6.513 6.524
5.342 5.361 5.379 5.398 5.416 5.434 5.451 5.469 5.487 5.506 5.524 5.542 5.560 5.578 5.596 5.614 5.631 5.649 5.665 5.682 5.698 5.713 5.728 5.742 5.755 5.768 5.779 5.791 5.800 5.809 5.818 5.827 5.835 5.844 5.853 5.863 5.873 5.884 5.896 5.909 5.923 5.937 5.952 5.968 5.985 6.002 6.020 6.038 6.057 6.076 6.095 6.113 6.131 6.149 6.167 6.186 6.205 6.223 6.242 6.260 6.278 6.296 6.314 6.331 6.348 6.365 6.382 6.398 6.414 6.430 6.445 6.460 6.475 6.489 6.502 6.514 6.525
5.358 5.376 5.394 5.412 5.430 5.447 5.463 5.481 5.499 5.516 5.534 5.552 5.570 5.588 5.606 5.623 5.641 5.658 5.675 5.692 5.708 5.724 5.739 5.754 5.768 5.781 5.793 5.805 5.815 5.824 5.833 5.842 5.851 5.859 5.868 5.876 5.885 5.895 5.905 5.917 5.929 5.942 5.956 5.971 5.986 6.003 6.020 6.037 6.055 6.073 6.092 6.110 6.127 6.145 6.163 6.182 6.201 6.219 6.238 6.256 6.274 6.292 6.310 6.328 6.345 6.362 6.379 6.396 6.412 6.428 6.444 6.459 6.474 6.489 6.502 6.514 6.526
5.375 5.392 5.410 5.427 5.444 5.461 5.477 5.494 5.511 5.528 5.545 5.563 5.580 5.598 5.615 5.633 5.650 5.667 5.684 5.701 5.718 5.734 5.749 5.765 5.779 5.793 5.806 5.819 5.830 5.839 5.849 5.858 5.866 5.875 5.883 5.891 5.899 5.908 5.917 5.926 5.937 5.949 5.961 5.975 5.989 6.004 6.020 6.037 6.054 6.072 6.090 6.107 6.124 6.142 6.160 6.178 6.197 6.215 6.234 6.252 6.270 6.288 6.306 6.324 6.342 6.359 6.376 6.393 6.409 6.426 6.442 6.457 6.473 6.488 6.502 6.514 6.527
5.392 5.409 5.426 5.443 5.460 5.475 5.491 5.507 5.524 5.541 5.557 5.574 5.591 5.608 5.625 5.642 5.660 5.677 5.694 5.710 5.727 5.743 5.759 5.775 5.790 5.804 5.818 5.831 5.843 5.853 5.863 5.873 5.882 5.891 5.899 5.906 5.914 5.922 5.930 5.938 5.948 5.958 5.969 5.981 5.994 6.008 6.023 6.038 6.055 6.071 6.089 6.105 6.122 6.139 6.157 6.175 6.194 6.212 6.230 6.249 6.267 6.285 6.303 6.321 6.338 6.356 6.373 6.390 6.407 6.423 6.440 6.456 6.471 6.487 6.501 6.514 6.527
5.410 5.427 5.444 5.460 5.476 5.491 5.506 5.522 5.538 5.554 5.570 5.586 5.603 5.619 5.636 5.653 5.669 5.686 5.703 5.719 5.736 5.752 5.769 5.784 5.800 5.815 5.829 5.843 5.855 5.866 5.877 5.887 5.897 5.906 5.914 5.922 5.930 5.937 5.944 5.952 5.960 5.969 5.978 5.989 6.001 6.013 6.027 6.041 6.056 6.072 6.089 6.105 6.121 6.138 6.155 6.173 6.191 6.209 6.227 6.246 6.264 6.282 6.300 6.318 6.335 6.353 6.370 6.387 6.404 6.421 6.437 6.454 6.470 6.486 6.500 6.513 6.526
5.429 5.445 5.462 5.478 5.494 5.508 5.523 5.538 5.553 5.569 5.584 5.600 5.615 5.631 5.647 5.663 5.680 5.696 5.712 5.729 5.745 5.761 5.778 5.794 5.809 5.825 5.839 5.854 5.866 5.878 5.890 5.901 5.911 5.921 5.930 5.938 5.946 5.953 5.960 5.967 5.974 5.982 5.990 5.999 6.010 6.021 6.033 6.046 6.060 6.075 6.091 6.105 6.121 6.137 6.154 6.172 6.189 6.207 6.225 6.243 6.261 6.279 6.297 6.315 6.332 6.350 6.367 6.385 6.402 6.419 6.435 6.452 6.469 6.484 6.498 6.512 6.526
