version2/TsunamiDB/out54137.asc
ncols          264
nrows          230
xllcorner      497853.4375
yllcorner      4229146.0000
cellsize         5.
NODATA_value   -99
[rows 102 to 135 of 230, columns 77 to 153 of 264]
6.426 6.431 6.435 6.438 6.441 6.443 6.446 6.448 6.451 6.453 6.456 6.458 6.461 6.464 6.467 6.470 6.474 6.477 6.481 6.484 6.488 6.491 6.495 6.499 6.503 6.508 6.511 6.514 6.517 6.520 6.524 6.527 6.531 6.534 6.538 6.542 6.547 6.551 6.556 6.560 6.565 6.570 6.575 6.580 6.586 6.591 6.597 6.603 6.609 6.614 6.619 6.623 6.628 6.633 6.637 6.642 6.646 6.650 6.655 6.659 6.664 6.668 6.673 6.677 6.681 6.686 6.690 6.695 6.700 6.705 6.710 6.715 6.719 6.723 6.728 6.732 6.736
6.442 6.447 6.452 6.455 6.457 6.460 6.462 6.465 6.467 6.469 6.472 6.474 6.476 6.479 6.482 6.484 6.487 6.490 6.493 6.496 6.500 6.503 6.507 6.510 6.514 6.518 6.521 6.524 6.527 6.530 6.533 6.536 6.539 6.543 6.546 6.550 6.554 6.558 6.562 6.567 6.572 6.576 6.581 6.586 6.591 6.597 6.602 6.608 6.614 6.619 6.624 6.628 6.633 6.638 6.642 6.647 6.651 6.655 6.660 6.664 6.669 6.673 6.677 6.682 6.686 6.691 6.695 6.700 6.705 6.710 6.715 6.720 6.724 6.728 6.733 6.737 6.741
6.458 6.463 6.468 6.471 6.474 6.477 6.479 6.482 6.484 6.486 6.488 6.491 6.493 6.495 6.497 6.500 6.502 6.505 6.507 6.510 6.513 6.516 6.519 6.523 6.526 6.530 6.533 6.535 6.538 6.540 6.543 6.546 6.549 6.552 6.555 6.559 6.562 6.566 6.570 6.574 6.579 6.583 6.588 6.593 6.598 6.603 6.608 6.614 6.620 6.625 6.629 6.634 6.638 6.643 6.647 6.652 6.656 6.661 6.665 6.669 6.674 6.678 6.683 6.687 6.691 6.696 6.700 6.705 6.710 6.715 6.720 6.725 6.729 6.734 6.738 6.742 6.746
6.473 6.478 6.483 6.487 6.491 6.494 6.496 6.499 6.501 6.504 6.506 6.508 6.510 6.512 6.514 6.516 6.518 6.520 6.523 6.525 6.527 6.530 6.533 6.536 6.540 6.543 6.545 6.547 6.549 6.552 6.554 6.557 6.559 6.562 6.565 6.568 6.572 6.575 6.579 6.583 6.587 6.591 6.596 6.600 6.605 6.610 6.615 6.621 6.626 6.631 6.635 6.640 6.644 6.649 6.653 6.658 6.662 6.666 6.671 6.675 6.679 6.684 6.688 6.692 6.697 6.701 6.706 6.710 6.715 6.720 6.725 6.730 6.735 6.739 6.743 6.748 6.752
6.487 6.493 6.499 6.503 6.507 6.510 6.513 6.516 6.519 6.521 6.524 6.526 6.528 6.530 6.532 6.533 6.535 6.537 6.539 6.541 6.543 6.546 6.548 6.551 6.554 6.557 6.559 6.560 6.562 6.564 6.566 6.569 6.571 6.574 6.576 6.579 6.582 6.585 6.589 6.592 6.596 6.600 6.604 6.608 6.613 6.618 6.623 6.628 6.633 6.638 6.642 6.647 6.651 6.655 6.660 6.664 6.668 6.672 6.677 6.681 6.685 6.689 6.694 6.698 6.703 6.707 6.712 6.716 6.721 6.726 6.731 6.736 6.740 6.745 6.749 6.753 6.757
6.500 6.507 6.513 6.518 6.522 6.526 6.530 6.533 6.536 6.539 6.541 6.544 6.546 6.548 6.550 6.552 6.553 6.555 6.557 6.559 6.560 6.562 6.565 6.567 6.570 6.572 6.574 6.575 6.577 6.578 6.580 6.582 6.584 6.586 6.589 6.591 6.594 6.597 6.600 6.603 6.606 6.610 6.614 6.618 6.622 6.627 6.631 6.637 6.641 6.646 6.650 6.654 6.658 6.662 6.667 6.671 6.675 6.679 6.683 6.687 6.692 6.696 6.700 6.704 6.709 6.713 6.718 6.722 6.727 6.732 6.737 6.742 6.746 6.751 6.755 6.759 6.763
6.513 6.520 6.527 6.532 6.537 6.541 6.545 6.549 6.553 6.556 6.559 6.562 6.564 6.566 6.568 6.570 6.572 6.573 6.575 6.577 6.578 6.580 6.582 6.584 6.587 6.589 6.590 6.591 6.592 6.594 6.595 6.597 6.598 6.600 6.602 6.604 6.607 6.609 6.612 6.615 6.618 6.621 6.625 6.628 6.632 6.636 6.641 6.646 6.650 6.654 6.658 6.662 6.666 6.670 6.674 6.678 6.682 6.686 6.691 6.695 6.699 6.703 6.707 6.711 6.716 6.720 6.724 6.729 6.733 6.738 6.743 6.748 6.753 6.757 6.761 6.765 6.770
6.524 6.532 6.539 6.545 6.551 6.556 6.560 6.565 6.569 6.572 6.576 6.579 6.582 6.584 6.587 6.589 6.591 6.592 6.594 6.596 6.597 6.599 6.601 6.602 6.605 6.606 6.607 6.608 6.609 6.610 6.611 6.613 6.614 6.616 6.617 6.619 6.621 6.623 6.625 6.628 6.631 6.634 6.637 6.640 6.644 6.648 6.652 6.656 6.661 6.664 6.668 6.672 6.676 6.679 6.683 6.687 6.691 6.695 6.699 6.703 6.707 6.711 6.715 6.719 6.723 6.727 6.731 6.736 6.740 6.745 6.750 6.755 6.759 6.763 6.768 6.772 6.776
6.535 6.544 6.551 6.557 6.563 6.569 6.574 6.579 6.584 6.588 6.592 6.596 6.599 6.602 6.605 6.607 6.609 6.611 6.613 6.615 6.616 6.618 6.619 6.621 6.623 6.625 6.626 6.626 6.627 6.628 6.629 6.630 6.631 6.632 6.633 6.635 6.637 6.638 6.640 6.642 6.645 6.647 6.650 6.653 6.656 6.660 6.664 6.668 6.672 6.675 6.679 6.682 6.686 6.689 6.693 6.697 6.700 6.704 6.708 6.711 6.715 6.719 6.723 6.727 6.731 6.735 6.739 6.743 6.748 6.752 6.757 6.762 6.766 6.770 6.775 6.779 6.783
6.545 6.554 6.562 6.569 6.575 6.581 6.587 6.593 6.598 6.603 6.607 6.611 6.615 6.619 6.622 6.625 6.627 6.630 6.632 6.634 6.635 6.637 6.639 6.640 6.642 6.644 6.645 6.645 6.646 6.646 6.647 6.648 6.649 6.650 6.651 6.652 6.653 6.655 6.656 6.658 6.660 6.663 6.665 6.668 6.670 6.674 6.677 6.681 6.685 6.688 6.691 6.694 6.697 6.701 6.704 6.707 6.711 6.714 6.718 6.721 6.725 6.728 6.732 6.736 6.740 6.744 6.748 6.752 6.756 6.760 6.765 6.770 6.774 6.778 6.782 6.786 6.790
6.554 6.564 6.572 6.579 6.586 6.593 6.599 6.605 6.611 6.616 6.621 6.626 6.630 6.635 6.638 6.642 6.645 6.647 6.650 6.652 6.654 6.656 6.658 6.660 6.662 6.663 6.664 6.665 6.665 6.666 6.666 6.667 6.667 6.668 6.669 6.670 6.671 6.672 6.674 6.675 6.677 6.679 6.681 6.683 6.686 6.689 6.692 6.695 6.699 6.701 6.704 6.707 6.710 6.713 6.716 6.719 6.722 6.726 6.729 6.732 6.735 6.739 6.742 6.746 6.750 6.753 6.757 6.761 6.765 6.769 6.774 6.778 6.782 6.786 6.790 6.794 6.798
6.563 6.572 6.581 6.589 6.596 6.603 6.610 6.616 6.623 6.629 6.634 6.640 6.645 6.649 6.654 6.658 6.661 6.664 6.667 6.670 6.672 6.675 6.677 6.679 6.681 6.683 6.683 6.684 6.685 6.685 6.686 6.686 6.687 6.687 6.688 6.689 6.690 6.691 6.692 6.693 6.695 6.696 6.698 6.700 6.702 6.705 6.707 6.711 6.714 6.716 6.719 6.721 6.724 6.727 6.729 6.732 6.735 6.738 6.741 6.744 6.747 6.751 6.754 6.757 6.760 6.764 6.767 6.771 6.775 6.779 6.783 6.788 6.791 6.795 6.799 6.803 6.806
6.570 6.580 6.589 6.597 6.605 6.613 6.620 6.627 6.634 6.640 6.646 6.652 6.658 6.663 6.668 6.672 6.676 6.680 6.684 6.687 6.690 6.692 6.695 6.697 6.700 6.702 6.703 6.703 6.704 6.705 6.705 6.706 6.706 6.707 6.708 6.708 6.709 6.710 6.711 6.712 6.713 6.715 6.716 6.718 6.720 6.722 6.724 6.727 6.730 6.732 6.735 6.737 6.739 6.742 6.744 6.747 6.749 6.752 6.755 6.758 6.760 6.763 6.766 6.769 6.772 6.776 6.779 6.782 6.786 6.790 6.794 6.798 6.801 6.805 6.808 6.812 6.816
6.577 6.587 6.597 6.605 6.613 6.621 6.629 6.636 6.643 6.650 6.657 6.664 6.670 6.675 6.681 6.686 6.691 6.695 6.699 6.703 6.706 6.709 6.712 6.715 6.718 6.720 6.721 6.722 6.723 6.724 6.724 6.725 6.726 6.726 6.727 6.728 6.729 6.729 6.730 6.731 6.732 6.733 6.735 6.736 6.738 6.740 6.742 6.745 6.747 6.749 6.751 6.753 6.756 6.758 6.760 6.762 6.765 6.767 6.770 6.772 6.775 6.777 6.780 6.783 6.786 6.789 6.792 6.795 6.798 6.802 6.806 6.809 6.812 6.816 6.819 6.822 6.826
6.583 6.594 6.604 6.612 6.621 6.629 6.637 6.645 6.652 6.660 6.667 6.674 6.680 6.687 6.693 6.698 6.704 6.709 6.713 6.717 6.721 6.725 6.728 6.732 6.735 6.737 6.739 6.740 6.741 6.742 6.743 6.744 6.745 6.746 6.746 6.747 6.748 6.749 6.750 6.751 6.752 6.753 6.754 6.755 6.757 6.759 6.761 6.763 6.766 6.767 6.769 6.771 6.773 6.775 6.777 6.779 6.781 6.783 6.786 6.788 6.790 6.793 6.795 6.798 6.800 6.803 6.806 6.808 6.811 6.815 6.818 6.822 6.825 6.828 6.831 6.834 6.837
6.589 6.600 6.610 6.619 6.628 6.636 6.644 6.653 6.661 6.668 6.676 6.683 6.690 6.697 6.704 6.710 6.715 6.721 6.726 6.731 6.735 6.739 6.743 6.747 6.751 6.754 6.756 6.757 6.759 6.760 6.761 6.762 6.763 6.764 6.765 6.766 6.767 6.768 6.769 6.770 6.771 6.772 6.773 6.775 6.776 6.778 6.780 6.782 6.784 6.786 6.788 6.789 6.791 6.793 6.795 6.797 6.799 6.801 6.803 6.805 6.807 6.809 6.811 6.814 6.816 6.818 6.821 6.823 6.826 6.829 6.832 6.835 6.838 6.841 6.843 6.846 6.849
6.594 6.605 6.615 6.624 6.634 6.642 6.651 6.660 6.668 6.676 6.684 6.692 6.699 6.706 6.713 6.720 6.726 6.732 6.738 6.743 6.748 6.753 6.757 6.761 6.766 6.769 6.771 6.773 6.775 6.777 6.779 6.780 6.781 6.782 6.784 6.785 6.786 6.787 6.788 6.789 6.790 6.791 6.793 6.794 6.795 6.797 6.799 6.801 6.803 6.805 6.806 6.808 6.810 6.811 6.813 6.815 6.817 6.819 6.821 6.823 6.825 6.827 6.829 6.831 6.833 6.835 6.837 6.839 6.842 6.845 6.848 6.850 6.853 6.855 6.857 6.860 6.862
6.599 6.610 6.620 6.630 6.639 6.648 6.657 6.666 6.675 6.683 6.691 6.699 6.707 6.715 6.722 6.729 6.736 6.742 6.749 6.754 6.760 6.765 6.770 6.775 6.779 6.783 6.786 6.788 6.791 6.793 6.795 6.796 6.798 6.800 6.801 6.802 6.804 6.805 6.806 6.808 6.809 6.810 6.811 6.813 6.814 6.816 6.818 6.820 6.822 6.824 6.825 6.827 6.828 6.830 6.832 6.834 6.835 6.837 6.839 6.841 6.843 6.845 6.847 6.849 6.851 6.853 6.855 6.857 6.859 6.862 6.864 6.866 6.868 6.870 6.872 6.875 6.877
6.603 6.614 6.625 6.634 6.644 6.653 6.662 6.672 6.681 6.689 6.698 6.706 6.715 6.723 6.730 6.738 6.745 6.752 6.758 6.764 6.770 6.776 6.782 6.787 6.792 6.796 6.799 6.802 6.805 6.807 6.810 6.812 6.814 6.816 6.817 6.819 6.821 6.822 6.824 6.825 6.827 6.828 6.829 6.831 6.833 6.834 6.837 6.839 6.841 6.842 6.844 6.845 6.847 6.849 6.851 6.852 6.854 6.856 6.858 6.860 6.862 6.864 6.866 6.868 6.869 6.871 6.873 6.875 6.877 6.880 6.882 6.884 6.886 6.887 6.889 6.891 6.892
6.607 6.618 6.628 6.638 6.648 6.658 6.667 6.677 6.686 6.695 6.704 6.713 6.721 6.730 6.738 6.745 6.753 6.760 6.767 6.774 6.780 6.786 6.792 6.798 6.804 6.808 6.812 6.815 6.818 6.821 6.824 6.826 6.829 6.831 6.833 6.835 6.837 6.838 6.840 6.842 6.844 6.845 6.847 6.848 6.850 6.852 6.854 6.857 6.859 6.860 6.862 6.864 6.865 6.867 6.869 6.871 6.873 6.875 6.877 6.879 6.881 6.883 6.885 6.887 6.888 6.890 6.892 6.894 6.896 6.898 6.901 6.902 6.904 6.905 6.907 6.908 6.910
6.610 6.622 6.632 6.642 6.652 6.662 6.672 6.681 6.691 6.700 6.709 6.718 6.727 6.736 6.744 6.752 6.760 6.768 6.775 6.782 6.789 6.796 6.802 6.808 6.814 6.819 6.823 6.827 6.831 6.834 6.837 6.840 6.842 6.845 6.847 6.849 6.852 6.854 6.856 6.858 6.860 6.861 6.863 6.865 6.867 6.869 6.872 6.874 6.876 6.878 6.879 6.881 6.883 6.885 6.887 6.889 6.891 6.893 6.895 6.897 6.899 6.901 6.903 6.905 6.907 6.909 6.911 6.913 6.915 6.918 6.920 6.921 6.923 6.924 6.925 6.926 6.928
6.613 6.625 6.635 6.646 6.656 6.666 6.676 6.686 6.695 6.705 6.714 6.724 6.733 6.742 6.750 6.759 6.767 6.775 6.783 6.790 6.797 6.804 6.811 6.818 6.824 6.829 6.834 6.838 6.842 6.846 6.849 6.852 6.855 6.858 6.861 6.863 6.866 6.868 6.870 6.872 6.875 6.877 6.879 6.881 6.883 6.885 6.888 6.890 6.892 6.894 6.896 6.898 6.900 6.902 6.904 6.906 6.908 6.910 6.913 6.915 6.917 6.920 6.922 6.924 6.926 6.928 6.930 6.932 6.935 6.937 6.939 6.941 6.942 6.943 6.944 6.945 6.947
6.616 6.628 6.638 6.649 6.659 6.669 6.680 6.690 6.700 6.709 6.719 6.729 6.738 6.747 6.756 6.765 6.773 6.782 6.790 6.797 6.805 6.812 6.819 6.827 6.833 6.839 6.844 6.848 6.852 6.856 6.860 6.864 6.867 6.870 6.873 6.876 6.879 6.881 6.884 6.886 6.889 6.891 6.893 6.896 6.898 6.900 6.903 6.906 6.908 6.910 6.912 6.914 6.916 6.918 6.920 6.922 6.925 6.927 6.930 6.932 6.935 6.937 6.940 6.942 6.944 6.947 6.949 6.951 6.953 6.956 6.958 6.960 6.961 6.963 6.964 6.965 6.966
6.619 6.631 6.641 6.652 6.662 6.673 6.683 6.693 6.703 6.713 6.723 6.733 6.743 6.752 6.761 6.770 6.779 6.788 6.796 6.804 6.812 6.820 6.827 6.835 6.841 6.847 6.853 6.858 6.862 6.867 6.871 6.875 6.878 6.882 6.885 6.888 6.891 6.894 6.897 6.899 6.902 6.905 6.907 6.909 6.912 6.915 6.918 6.920 6.922 6.924 6.926 6.928 6.931 6.933 6.935 6.938 6.940 6.943 6.945 6.948 6.951 6.954 6.956 6.959 6.962 6.964 6.967 6.969 6.972 6.974 6.977 6.979 6.980 6.982 6.983 6.984 6.985
6.622 6.633 6.644 6.655 6.665 6.676 6.686 6.697 6.707 6.717 6.727 6.737 6.747 6.757 6.766 6.775 6.784 6.793 6.802 6.810 6.819 6.827 6.834 6.842 6.849 6.855 6.861 6.867 6.872 6.876 6.881 6.885 6.889 6.892 6.896 6.899 6.903 6.906 6.909 6.912 6.915 6.917 6.920 6.923 6.925 6.928 6.931 6.934 6.936 6.938 6.940 6.943 6.945 6.947 6.950 6.952 6.955 6.957 6.960 6.963 6.966 6.969 6.972 6.975 6.978 6.980 6.983 6.986 6.989 6.992 6.995 6.997 6.998 7.000 7.002 7.003 7.004
6.625 6.636 6.647 6.658 6.668 6.679 6.689 6.700 6.710 6.721 6.731 6.741 6.751 6.761 6.771 6.780 6.789 6.799 6.808 6.816 6.825 6.833 6.841 6.849 6.857 6.863 6.869 6.875 6.880 6.885 6.890 6.894 6.899 6.903 6.907 6.910 6.914 6.917 6.920 6.924 6.927 6.929 6.932 6.935 6.938 6.941 6.944 6.947 6.949 6.951 6.954 6.956 6.958 6.961 6.963 6.966 6.968 6.971 6.974 6.977 6.980 6.983 6.986 6.990 6.993 6.996 6.999 7.002 7.005 7.008 7.011 7.014 7.016 7.018 7.019 7.021 7.023
6.627 6.639 6.650 6.660 6.671 6.682 6.692 6.703 6.713 6.724 6.734 6.745 6.755 6.765 6.775 6.785 6.794 6.804 6.813 6.822 6.830 6.839 6.847 6.856 6.864 6.870 6.877 6.883 6.888 6.894 6.899 6.904 6.908 6.912 6.917 6.920 6.924 6.928 6.931 6.935 6.938 6.941 6.944 6.947 6.950 6.953 6.956 6.959 6.962 6.964 6.966 6.969 6.971 6.973 6.976 6.978 6.981 6.984 6.987 6.990 6.993 6.997 7.000 7.003 7.006 7.010 7.013 7.016 7.020 7.023 7.027 7.029 7.032 7.034 7.036 7.038 7.040
6.630 6.642 6.653 6.663 6.674 6.685 6.695 6.706 6.717 6.727 6.738 6.748 6.758 6.769 6.779 6.789 6.799 6.808 6.818 6.827 6.836 6.845 6.853 6.862 6.870 6.877 6.884 6.890 6.896 6.902 6.907 6.912 6.917 6.922 6.926 6.930 6.934 6.938 6.942 6.945 6.949 6.952 6.955 6.958 6.962 6.965 6.968 6.971 6.974 6.976 6.978 6.981 6.983 6.985 6.988 6.990 6.993 6.996 6.999 7.002 7.006 7.009 7.012 7.016 7.019 7.023 7.026 7.030 7.033 7.037 7.041 7.044 7.046 7.049 7.051 7.053 7.055
6.633 6.645 6.655 6.666 6.677 6.688 6.698 6.709 6.720 6.730 6.741 6.751 6.762 6.772 6.783 6.793 6.803 6.813 6.822 6.832 6.841 6.850 6.859 6.868 6.876 6.884 6.891 6.897 6.904 6.910 6.915 6.921 6.926 6.931 6.935 6.940 6.944 6.948 6.952 6.956 6.959 6.963 6.966 6.969 6.973 6.976 6.979 6.983 6.985 6.988 6.990 6.992 6.995 6.997 6.999 7.002 7.005 7.008 7.011 7.014 7.017 7.020 7.024 7.028 7.031 7.035 7.038 7.042 7.046 7.050 7.054 7.057 7.060 7.063 7.065 7.068 7.070
6.637 6.648 6.659 6.669 6.680 6.691 6.701 6.712 6.723 6.733 6.744 6.755 6.765 6.776 6.786 6.797 6.807 6.817 6.827 6.836 6.846 6.855 6.865 6.874 6.882 6.890 6.897 6.904 6.911 6.917 6.923 6.929 6.934 6.939 6.944 6.949 6.953 6.957 6.962 6.965 6.969 6.973 6.976 6.980 6.983 6.987 6.990 6.994 6.996 6.999 7.001 7.003 7.006 7.008 7.011 7.013 7.016 7.019 7.022 7.025 7.028 7.031 7.035 7.039 7.042 7.046 7.050 7.054 7.057 7.062 7.066 7.069 7.072 7.075 7.078 7.081 7.083
6.640 6.651 6.662 6.672 6.683 6.694 6.704 6.715 6.726 6.736 6.747 6.758 6.769 6.779 6.790 6.800 6.811 6.821 6.831 6.841 6.851 6.860 6.870 6.879 6.888 6.896 6.904 6.911 6.918 6.924 6.930 6.936 6.942 6.947 6.952 6.957 6.962 6.967 6.971 6.975 6.979 6.983 6.987 6.990 6.994 6.997 7.001 7.004 7.007 7.010 7.012 7.014 7.017 7.019 7.021 7.024 7.026 7.029 7.032 7.035 7.039 7.042 7.045 7.049 7.053 7.056 7.060 7.064 7.068 7.072 7.077 7.080 7.083 7.086 7.090 7.092 7.095
6.644 6.655 6.666 6.676 6.686 6.697 6.708 6.718 6.729 6.740 6.750 6.761 6.772 6.783 6.793 6.804 6.814 6.825 6.835 6.845 6.855 6.865 6.875 6.884 6.894 6.902 6.910 6.917 6.924 6.931 6.938 6.944 6.950 6.955 6.961 6.966 6.971 6.976 6.980 6.984 6.989 6.993 6.996 7.000 7.004 7.007 7.011 7.015 7.017 7.020 7.023 7.025 7.027 7.030 7.032 7.034 7.037 7.040 7.042 7.045 7.049 7.052 7.055 7.059 7.063 7.066 7.070 7.074 7.078 7.083 7.087 7.090 7.094 7.097 7.100 7.103 7.106
6.648 6.659 6.669 6.680 6.690 6.701 6.711 6.722 6.732 6.743 6.754 6.765 6.775 6.786 6.797 6.808 6.818 6.829 6.839 6.849 6.859 6.869 6.879 6.890 6.899 6.907 6.915 6.923 6.931 6.938 6.945 6.951 6.957 6.963 6.969 6.974 6.979 6.984 6.989 6.994 6.998 7.002 7.006 7.010 7.014 7.017 7.021 7.025 7.028 7.030 7.033 7.035 7.038 7.040 7.042 7.045 7.047 7.050 7.052 7.055 7.058 7.062 7.065 7.069 7.072 7.076 7.080 7.084 7.088 7.092 7.096 7.100 7.104 7.107 7.110 7.113 7.116
6.653 6.663 6.674 6.684 6.694 6.705 6.715 6.726 6.736 6.747 6.757 6.768 6.779 6.790 6.801 6.811 6.822 6.832 6.843 6.853 6.864 6.874 6.884 6.894 6.904 6.913 6.921 6.929 6.937 6.944 6.951 6.958 6.964 6.971 6.977 6.982 6.988 6.993 6.998 7.002 7.007 7.011 7.015 7.019 7.023 7.027 7.031 7.035 7.038 7.041 7.043 7.045 7.048 7.050 7.052 7.055 7.057 7.060 7.062 7.065 7.068 7.071 7.074 7.078 7.081 7.085 7.089 7.093 7.097 7.102 7.106 7.109 7.113 7.116 7.120 7.123 7.126
