version2/TsunamiDB/out54051.asc
ncols          264
nrows          230
xllcorner      497853.4375
yllcorner      4229146.0000
cellsize         5.
NODATA_value   -99
[rows 66 to 98 of 230, columns 146 to 218 of 264]
5.432 5.473 5.514 5.554 5.593 5.629 5.664 5.699 5.732 5.763 5.793 5.821 5.847 5.872 5.896 5.918 5.939 5.959 5.977 5.995 6.013 6.030 6.047 6.065 6.082 6.100 6.119 6.137 6.155 6.174 6.194 6.214 6.234 6.253 6.273 6.291 6.309 6.326 6.342 6.358 6.372 6.386 6.400 6.413 6.426 6.440 6.454 6.469 6.485 6.503 6.520 6.538 6.558 6.579 6.600 6.623 6.645 6.669 6.693 6.717 6.742 6.768 6.795 6.823 6.852 6.882 6.915 6.948 6.983 7.020 7.057 7.095 7.133
5.418 5.460 5.502 5.543 5.582 5.620 5.658 5.694 5.729 5.763 5.795 5.825 5.854 5.881 5.907 5.931 5.953 5.974 5.994 6.013 6.031 6.049 6.066 6.083 6.101 6.118 6.136 6.154 6.171 6.190 6.210 6.230 6.250 6.270 6.289 6.308 6.327 6.345 6.362 6.378 6.394 6.409 6.423 6.436 6.450 6.464 6.478 6.493 6.508 6.525 6.542 6.560 6.579 6.599 6.621 6.642 6.665 6.688 6.712 6.736 6.760 6.786 6.812 6.840 6.869 6.899 6.931 6.964 6.999 7.036 7.073 7.112 7.150
5.403 5.445 5.487 5.528 5.568 5.607 5.646 5.685 5.722 5.758 5.792 5.825 5.856 5.885 5.913 5.939 5.964 5.987 6.009 6.029 6.048 6.066 6.084 6.101 6.118 6.136 6.153 6.170 6.187 6.206 6.225 6.245 6.265 6.285 6.305 6.324 6.344 6.362 6.380 6.397 6.414 6.429 6.444 6.459 6.473 6.487 6.501 6.516 6.531 6.548 6.564 6.581 6.600 6.620 6.641 6.663 6.685 6.708 6.731 6.755 6.779 6.804 6.830 6.857 6.885 6.915 6.946 6.980 7.015 7.051 7.089 7.128 7.167
5.388 5.429 5.470 5.511 5.552 5.591 5.632 5.671 5.710 5.748 5.784 5.819 5.853 5.885 5.915 5.944 5.970 5.996 6.019 6.041 6.062 6.081 6.100 6.118 6.135 6.153 6.170 6.187 6.203 6.222 6.240 6.260 6.279 6.299 6.319 6.339 6.359 6.378 6.397 6.415 6.432 6.448 6.464 6.479 6.494 6.508 6.523 6.538 6.553 6.570 6.586 6.603 6.621 6.641 6.661 6.683 6.705 6.727 6.750 6.773 6.797 6.822 6.847 6.874 6.901 6.931 6.962 6.994 7.029 7.066 7.104 7.143 7.182
5.374 5.413 5.453 5.494 5.534 5.573 5.614 5.654 5.694 5.733 5.771 5.808 5.844 5.878 5.911 5.942 5.972 5.999 6.025 6.050 6.072 6.093 6.113 6.132 6.150 6.168 6.186 6.202 6.219 6.237 6.255 6.274 6.294 6.313 6.333 6.353 6.373 6.393 6.412 6.431 6.449 6.466 6.482 6.498 6.513 6.528 6.543 6.559 6.574 6.591 6.607 6.624 6.642 6.661 6.682 6.703 6.724 6.747 6.769 6.792 6.816 6.840 6.864 6.890 6.917 6.946 6.976 7.008 7.043 7.079 7.117 7.157 7.197
5.360 5.398 5.437 5.476 5.515 5.554 5.594 5.635 5.675 5.715 5.754 5.793 5.831 5.867 5.902 5.936 5.968 5.998 6.026 6.053 6.078 6.101 6.123 6.144 6.163 6.182 6.200 6.217 6.234 6.251 6.269 6.288 6.307 6.327 6.347 6.367 6.387 6.406 6.426 6.445 6.463 6.481 6.499 6.515 6.531 6.547 6.562 6.578 6.594 6.611 6.627 6.644 6.662 6.681 6.702 6.723 6.744 6.766 6.788 6.811 6.834 6.857 6.882 6.907 6.933 6.961 6.990 7.022 7.056 7.092 7.130 7.169 7.210
5.349 5.385 5.421 5.459 5.496 5.534 5.574 5.614 5.654 5.694 5.734 5.773 5.812 5.851 5.888 5.923 5.958 5.990 6.021 6.051 6.078 6.104 6.128 6.151 6.172 6.192 6.212 6.229 6.246 6.264 6.282 6.301 6.320 6.339 6.359 6.379 6.399 6.419 6.438 6.458 6.477 6.495 6.513 6.530 6.547 6.564 6.580 6.596 6.612 6.629 6.646 6.663 6.681 6.701 6.721 6.742 6.763 6.785 6.807 6.830 6.852 6.875 6.899 6.923 6.949 6.975 7.004 7.035 7.068 7.104 7.141 7.181 7.222
5.339 5.373 5.408 5.443 5.479 5.515 5.553 5.592 5.631 5.671 5.711 5.751 5.790 5.830 5.868 5.906 5.942 5.977 6.011 6.043 6.073 6.102 6.128 6.153 6.177 6.199 6.220 6.239 6.257 6.275 6.294 6.312 6.331 6.350 6.370 6.390 6.410 6.430 6.450 6.469 6.489 6.508 6.526 6.544 6.561 6.578 6.595 6.612 6.629 6.646 6.664 6.681 6.699 6.719 6.740 6.761 6.782 6.804 6.826 6.848 6.870 6.893 6.916 6.940 6.964 6.990 7.018 7.048 7.080 7.115 7.152 7.192 7.232
5.333 5.364 5.396 5.430 5.463 5.497 5.533 5.571 5.609 5.647 5.686 5.726 5.766 5.805 5.845 5.883 5.921 5.958 5.994 6.029 6.061 6.093 6.122 6.150 6.176 6.200 6.223 6.244 6.263 6.283 6.302 6.321 6.340 6.360 6.379 6.399 6.419 6.439 6.459 6.479 6.499 6.518 6.537 6.556 6.574 6.591 6.609 6.627 6.644 6.662 6.679 6.697 6.716 6.736 6.757 6.778 6.800 6.822 6.844 6.866 6.888 6.911 6.933 6.956 6.980 7.005 7.031 7.060 7.091 7.125 7.162 7.201 7.241
5.329 5.358 5.388 5.419 5.450 5.482 5.516 5.551 5.587 5.624 5.662 5.700 5.739 5.779 5.818 5.857 5.896 5.935 5.972 6.008 6.043 6.077 6.109 6.140 6.168 6.195 6.221 6.244 6.265 6.286 6.307 6.327 6.347 6.367 6.387 6.407 6.427 6.447 6.467 6.487 6.507 6.527 6.546 6.565 6.584 6.603 6.621 6.639 6.657 6.676 6.694 6.712 6.732 6.752 6.773 6.795 6.817 6.839 6.861 6.884 6.906 6.928 6.950 6.972 6.995 7.019 7.044 7.072 7.102 7.135 7.171 7.209 7.249
5.328 5.355 5.382 5.411 5.440 5.469 5.501 5.533 5.567 5.602 5.638 5.675 5.713 5.751 5.790 5.829 5.868 5.907 5.945 5.983 6.020 6.055 6.090 6.123 6.154 6.184 6.212 6.237 6.261 6.284 6.307 6.328 6.349 6.370 6.391 6.411 6.431 6.452 6.472 6.493 6.513 6.533 6.553 6.573 6.592 6.612 6.631 6.650 6.669 6.688 6.706 6.725 6.745 6.766 6.788 6.810 6.832 6.855 6.878 6.900 6.923 6.945 6.966 6.988 7.010 7.033 7.057 7.083 7.112 7.144 7.178 7.216 7.256
5.330 5.355 5.380 5.406 5.433 5.460 5.489 5.519 5.551 5.583 5.617 5.652 5.687 5.724 5.761 5.799 5.838 5.876 5.915 5.953 5.991 6.028 6.064 6.099 6.133 6.165 6.195 6.223 6.250 6.276 6.300 6.324 6.347 6.369 6.390 6.412 6.433 6.454 6.475 6.496 6.517 6.537 6.558 6.578 6.598 6.618 6.638 6.658 6.678 6.698 6.717 6.736 6.757 6.779 6.801 6.824 6.847 6.870 6.893 6.916 6.938 6.960 6.982 7.004 7.025 7.047 7.070 7.094 7.121 7.152 7.185 7.223 7.262
5.336 5.358 5.382 5.406 5.430 5.454 5.481 5.508 5.537 5.567 5.598 5.631 5.664 5.699 5.734 5.771 5.807 5.845 5.883 5.921 5.958 5.996 6.033 6.069 6.105 6.139 6.171 6.202 6.231 6.259 6.286 6.312 6.337 6.361 6.384 6.407 6.429 6.451 6.473 6.495 6.516 6.538 6.559 6.581 6.602 6.623 6.643 6.664 6.685 6.705 6.725 6.745 6.767 6.789 6.812 6.835 6.859 6.882 6.906 6.930 6.953 6.975 6.997 7.018 7.039 7.060 7.082 7.105 7.130 7.159 7.191 7.227 7.266
5.345 5.365 5.387 5.409 5.430 5.452 5.476 5.502 5.528 5.555 5.584 5.614 5.644 5.677 5.710 5.744 5.779 5.815 5.851 5.888 5.925 5.962 5.999 6.035 6.072 6.107 6.141 6.173 6.204 6.235 6.264 6.292 6.319 6.345 6.370 6.395 6.419 6.442 6.465 6.488 6.511 6.534 6.556 6.579 6.601 6.623 6.645 6.667 6.689 6.710 6.730 6.752 6.774 6.797 6.820 6.844 6.869 6.893 6.917 6.941 6.965 6.988 7.010 7.031 7.052 7.072 7.093 7.115 7.139 7.165 7.196 7.231 7.269
5.357 5.376 5.395 5.415 5.435 5.455 5.476 5.499 5.523 5.547 5.573 5.600 5.629 5.658 5.689 5.721 5.754 5.787 5.821 5.856 5.892 5.928 5.964 6.000 6.036 6.071 6.106 6.139 6.171 6.203 6.234 6.264 6.293 6.321 6.348 6.374 6.400 6.425 6.450 6.475 6.499 6.523 6.547 6.571 6.595 6.618 6.642 6.665 6.688 6.710 6.732 6.754 6.778 6.801 6.826 6.850 6.875 6.900 6.926 6.951 6.975 6.998 7.021 7.042 7.063 7.083 7.103 7.123 7.146 7.171 7.200 7.233 7.270
5.372 5.389 5.407 5.425 5.443 5.461 5.480 5.501 5.522 5.544 5.568 5.592 5.618 5.645 5.673 5.702 5.732 5.764 5.796 5.829 5.862 5.896 5.931 5.965 6.000 6.035 6.069 6.101 6.134 6.166 6.198 6.229 6.259 6.289 6.317 6.345 6.373 6.400 6.426 6.453 6.479 6.505 6.531 6.556 6.582 6.607 6.632 6.657 6.682 6.705 6.729 6.752 6.777 6.801 6.827 6.852 6.878 6.904 6.930 6.956 6.981 7.006 7.029 7.051 7.072 7.092 7.111 7.131 7.152 7.175 7.202 7.234 7.269
5.389 5.405 5.421 5.438 5.454 5.471 5.488 5.506 5.525 5.545 5.566 5.588 5.612 5.636 5.662 5.688 5.716 5.745 5.775 5.805 5.837 5.869 5.901 5.934 5.967 6.000 6.032 6.064 6.096 6.128 6.159 6.190 6.221 6.250 6.280 6.309 6.337 6.365 6.393 6.421 6.449 6.477 6.505 6.532 6.560 6.587 6.614 6.641 6.668 6.694 6.718 6.744 6.769 6.796 6.822 6.849 6.876 6.903 6.930 6.957 6.984 7.009 7.034 7.057 7.078 7.098 7.118 7.136 7.155 7.177 7.201 7.231 7.265
5.408 5.423 5.439 5.454 5.469 5.484 5.500 5.516 5.533 5.551 5.570 5.589 5.610 5.632 5.655 5.680 5.705 5.732 5.759 5.788 5.817 5.847 5.877 5.908 5.939 5.970 6.001 6.030 6.061 6.091 6.122 6.152 6.181 6.210 6.239 6.268 6.296 6.325 6.353 6.382 6.411 6.440 6.469 6.499 6.528 6.557 6.587 6.616 6.645 6.673 6.700 6.727 6.754 6.782 6.810 6.838 6.867 6.896 6.924 6.953 6.981 7.008 7.033 7.058 7.080 7.101 7.120 7.138 7.156 7.175 7.198 7.226 7.259
5.429 5.444 5.458 5.472 5.486 5.500 5.514 5.529 5.545 5.560 5.577 5.595 5.613 5.633 5.654 5.676 5.699 5.724 5.749 5.775 5.803 5.830 5.859 5.888 5.917 5.946 5.975 6.003 6.031 6.060 6.089 6.117 6.145 6.173 6.200 6.227 6.255 6.283 6.310 6.339 6.368 6.397 6.427 6.457 6.488 6.519 6.550 6.581 6.612 6.642 6.671 6.700 6.730 6.759 6.789 6.819 6.849 6.880 6.910 6.941 6.970 6.999 7.027 7.053 7.076 7.098 7.118 7.136 7.153 7.170 7.191 7.218 7.250
5.452 5.466 5.480 5.492 5.504 5.518 5.532 5.545 5.559 5.574 5.589 5.604 5.621 5.638 5.657 5.677 5.698 5.720 5.744 5.768 5.794 5.820 5.846 5.873 5.901 5.928 5.955 5.982 6.008 6.035 6.062 6.088 6.115 6.140 6.166 6.192 6.217 6.243 6.270 6.297 6.324 6.353 6.382 6.412 6.443 6.475 6.506 6.539 6.571 6.602 6.633 6.664 6.695 6.727 6.758 6.790 6.822 6.855 6.887 6.920 6.951 6.982 7.012 7.040 7.065 7.089 7.109 7.128 7.144 7.160 7.180 7.206 7.237
5.477 5.489 5.502 5.514 5.526 5.538 5.551 5.564 5.577 5.590 5.603 5.617 5.632 5.648 5.664 5.682 5.702 5.722 5.743 5.766 5.790 5.814 5.839 5.865 5.891 5.917 5.942 5.967 5.992 6.018 6.043 6.067 6.092 6.116 6.139 6.163 6.187 6.211 6.235 6.260 6.286 6.313 6.340 6.369 6.399 6.430 6.461 6.493 6.526 6.558 6.589 6.621 6.653 6.686 6.719 6.752 6.786 6.820 6.854 6.889 6.923 6.956 6.988 7.018 7.046 7.071 7.093 7.112 7.129 7.144 7.163 7.190 7.222
5.503 5.514 5.526 5.537 5.548 5.560 5.572 5.584 5.596 5.608 5.621 5.633 5.647 5.661 5.676 5.692 5.709 5.728 5.747 5.768 5.790 5.813 5.837 5.861 5.886 5.911 5.935 5.958 5.982 6.006 6.030 6.053 6.076 6.099 6.121 6.142 6.164 6.186 6.209 6.232 6.255 6.280 6.306 6.333 6.361 6.390 6.420 6.451 6.482 6.513 6.544 6.576 6.608 6.641 6.674 6.708 6.742 6.777 6.813 6.849 6.885 6.920 6.954 6.987 7.017 7.044 7.068 7.089 7.106 7.122 7.143 7.171 7.204
5.530 5.541 5.552 5.562 5.573 5.584 5.595 5.606 5.618 5.629 5.640 5.652 5.664 5.677 5.690 5.705 5.720 5.737 5.755 5.774 5.795 5.816 5.838 5.861 5.885 5.909 5.932 5.954 5.977 6.001 6.023 6.045 6.067 6.088 6.109 6.130 6.150 6.170 6.191 6.212 6.234 6.257 6.281 6.305 6.331 6.358 6.386 6.415 6.445 6.474 6.504 6.534 6.565 6.597 6.630 6.663 6.697 6.732 6.767 6.804 6.841 6.877 6.913 6.948 6.980 7.009 7.036 7.058 7.077 7.096 7.119 7.149 7.185
5.558 5.569 5.579 5.589 5.598 5.608 5.619 5.630 5.640 5.651 5.662 5.673 5.684 5.696 5.708 5.721 5.735 5.750 5.766 5.784 5.802 5.822 5.843 5.865 5.888 5.910 5.933 5.954 5.977 5.999 6.021 6.043 6.063 6.084 6.104 6.123 6.143 6.162 6.181 6.201 6.221 6.243 6.265 6.288 6.312 6.337 6.363 6.389 6.417 6.445 6.472 6.501 6.530 6.560 6.590 6.622 6.654 6.688 6.723 6.759 6.796 6.833 6.869 6.905 6.939 6.971 6.999 7.024 7.046 7.067 7.092 7.125 7.163
5.588 5.598 5.608 5.616 5.625 5.634 5.644 5.654 5.664 5.674 5.685 5.695 5.705 5.716 5.727 5.739 5.752 5.765 5.780 5.796 5.813 5.832 5.851 5.872 5.893 5.915 5.937 5.958 5.979 6.001 6.023 6.043 6.064 6.084 6.103 6.122 6.141 6.159 6.178 6.197 6.216 6.236 6.256 6.278 6.300 6.324 6.348 6.373 6.399 6.425 6.450 6.477 6.504 6.532 6.560 6.589 6.620 6.652 6.685 6.719 6.755 6.792 6.829 6.865 6.900 6.933 6.964 6.991 7.015 7.039 7.066 7.101 7.140
5.619 5.629 5.637 5.645 5.653 5.661 5.670 5.680 5.689 5.699 5.708 5.718 5.728 5.738 5.749 5.759 5.771 5.783 5.797 5.811 5.827 5.844 5.862 5.881 5.902 5.923 5.943 5.963 5.985 6.006 6.027 6.047 6.067 6.087 6.106 6.125 6.143 6.161 6.179 6.197 6.216 6.235 6.255 6.275 6.297 6.319 6.342 6.366 6.390 6.414 6.438 6.463 6.488 6.514 6.540 6.567 6.595 6.625 6.656 6.689 6.723 6.759 6.795 6.832 6.867 6.901 6.934 6.963 6.989 7.013 7.042 7.078 7.118
5.651 5.660 5.668 5.676 5.682 5.690 5.698 5.706 5.715 5.724 5.733 5.742 5.752 5.761 5.771 5.781 5.792 5.803 5.815 5.828 5.843 5.858 5.875 5.893 5.912 5.932 5.951 5.971 5.992 6.012 6.033 6.053 6.073 6.093 6.112 6.130 6.148 6.166 6.184 6.202 6.220 6.239 6.258 6.278 6.299 6.320 6.342 6.365 6.388 6.411 6.433 6.457 6.481 6.505 6.530 6.555 6.581 6.609 6.638 6.669 6.701 6.736 6.772 6.808 6.844 6.879 6.912 6.942 6.969 6.993 7.022 7.058 7.098
5.683 5.692 5.700 5.707 5.713 5.720 5.727 5.735 5.742 5.750 5.759 5.767 5.776 5.785 5.794 5.804 5.814 5.824 5.835 5.847 5.860 5.875 5.890 5.907 5.924 5.943 5.962 5.980 6.000 6.021 6.041 6.061 6.081 6.100 6.119 6.137 6.156 6.174 6.192 6.210 6.228 6.246 6.265 6.285 6.305 6.326 6.347 6.369 6.392 6.414 6.436 6.458 6.481 6.505 6.528 6.552 6.576 6.602 6.629 6.658 6.690 6.723 6.758 6.794 6.830 6.865 6.899 6.929 6.955 6.980 7.008 7.044 7.083
5.715 5.724 5.733 5.739 5.745 5.752 5.758 5.764 5.771 5.778 5.785 5.793 5.801 5.810 5.819 5.828 5.837 5.847 5.857 5.868 5.880 5.893 5.907 5.922 5.938 5.956 5.973 5.991 6.010 6.030 6.050 6.070 6.089 6.109 6.128 6.146 6.165 6.183 6.201 6.219 6.237 6.256 6.275 6.294 6.314 6.335 6.356 6.378 6.400 6.421 6.443 6.465 6.488 6.510 6.533 6.555 6.578 6.603 6.629 6.656 6.687 6.719 6.753 6.789 6.824 6.860 6.893 6.923 6.950 6.973 7.001 7.036 7.076
5.745 5.756 5.765 5.772 5.778 5.784 5.790 5.795 5.801 5.807 5.813 5.820 5.828 5.835 5.843 5.852 5.861 5.870 5.879 5.889 5.900 5.912 5.925 5.938 5.953 5.970 5.986 6.003 6.021 6.040 6.060 6.079 6.099 6.118 6.138 6.157 6.175 6.194 6.212 6.230 6.249 6.267 6.286 6.306 6.326 6.346 6.367 6.389 6.411 6.432 6.454 6.476 6.498 6.520 6.542 6.564 6.587 6.610 6.635 6.661 6.690 6.722 6.755 6.790 6.826 6.861 6.894 6.924 6.950 6.973 6.999 7.035 7.075
5.774 5.786 5.796 5.804 5.811 5.817 5.822 5.827 5.832 5.837 5.843 5.849 5.855 5.862 5.869 5.877 5.885 5.893 5.902 5.911 5.921 5.932 5.944 5.956 5.970 5.985 6.000 6.016 6.033 6.052 6.071 6.090 6.109 6.129 6.148 6.168 6.187 6.205 6.224 6.243 6.262 6.280 6.299 6.319 6.339 6.360 6.381 6.403 6.424 6.445 6.467 6.490 6.512 6.534 6.556 6.578 6.599 6.622 6.645 6.671 6.699 6.730 6.763 6.797 6.833 6.867 6.900 6.929 6.954 6.976 7.002 7.041 7.082
5.800 5.814 5.826 5.835 5.843 5.850 5.855 5.860 5.865 5.869 5.874 5.878 5.883 5.889 5.895 5.902 5.910 5.917 5.926 5.934 5.943 5.953 5.964 5.975 5.988 6.001 6.015 6.030 6.046 6.064 6.082 6.101 6.121 6.140 6.160 6.179 6.199 6.218 6.237 6.256 6.275 6.294 6.314 6.333 6.354 6.374 6.396 6.418 6.439 6.460 6.483 6.505 6.528 6.550 6.572 6.594 6.615 6.637 6.660 6.684 6.712 6.742 6.774 6.808 6.842 6.876 6.908 6.937 6.961 6.984 7.014 7.055 7.098
5.823 5.839 5.853 5.864 5.873 5.881 5.888 5.893 5.898 5.902 5.906 5.909 5.913 5.918 5.923 5.929 5.935 5.942 5.950 5.957 5.966 5.975 5.984 5.995 6.006 6.018 6.031 6.044 6.060 6.077 6.095 6.113 6.132 6.152 6.171 6.191 6.211 6.231 6.250 6.270 6.289 6.309 6.329 6.349 6.369 6.390 6.411 6.433 6.455 6.477 6.499 6.522 6.546 6.568 6.591 6.612 6.633 6.655 6.677 6.701 6.727 6.756 6.787 6.820 6.854 6.887 6.919 6.947 6.973 6.999 7.033 7.077 7.123
