version2/TsunamiDB/out54088.asc
ncols          264
nrows          230
xllcorner      497853.4375
yllcorner      4229146.0000
cellsize         5.
NODATA_value   -99
[rows 136 to 169 of 230, columns 154 to 230 of 264]
6.638 6.646 6.654 6.661 6.669 6.676 6.685 6.693 6.703 6.714 6.727 6.741 6.758 6.776 6.797 6.818 6.840 6.864 6.888 6.914 6.941 6.968 6.996 7.024 7.052 7.081 7.109 7.137 7.163 7.187 7.208 7.225 7.241 7.259 7.278 7.297 7.320 7.348 7.381 7.420 7.464 7.513 7.564 7.611 7.660 7.722 7.786 7.852 7.918 7.985 8.057 8.142 8.227 8.278 8.330 8.404 8.471 8.533 8.589 8.640 8.684 8.716 8.738 8.752 8.767 8.786 8.805 8.822 8.837 8.851 8.864 8.880 8.896 8.903 8.911 8.928 8.945
6.648 6.656 6.664 6.672 6.679 6.687 6.695 6.703 6.712 6.723 6.735 6.748 6.764 6.782 6.802 6.822 6.844 6.867 6.891 6.917 6.943 6.970 6.997 7.025 7.054 7.082 7.111 7.138 7.165 7.189 7.209 7.226 7.243 7.263 7.283 7.304 7.329 7.360 7.397 7.439 7.488 7.540 7.593 7.641 7.692 7.756 7.823 7.891 7.959 8.030 8.107 8.193 8.273 8.322 8.372 8.443 8.508 8.567 8.620 8.667 8.707 8.735 8.756 8.770 8.783 8.800 8.817 8.832 8.846 8.859 8.872 8.888 8.903 8.910 8.919 8.936 8.953
6.659 6.667 6.675 6.682 6.690 6.698 6.705 6.713 6.722 6.732 6.743 6.756 6.771 6.788 6.808 6.828 6.849 6.872 6.896 6.921 6.947 6.974 7.001 7.029 7.057 7.085 7.114 7.141 7.167 7.191 7.211 7.230 7.248 7.269 7.290 7.313 7.342 7.376 7.415 7.460 7.512 7.567 7.623 7.672 7.725 7.792 7.862 7.933 8.004 8.080 8.160 8.242 8.317 8.363 8.411 8.479 8.541 8.597 8.647 8.690 8.726 8.752 8.773 8.786 8.798 8.814 8.829 8.843 8.855 8.867 8.881 8.895 8.911 8.918 8.926 8.943 8.961
6.669 6.677 6.686 6.693 6.701 6.708 6.716 6.724 6.732 6.742 6.752 6.765 6.779 6.796 6.814 6.834 6.855 6.878 6.902 6.927 6.952 6.979 7.006 7.033 7.061 7.090 7.118 7.145 7.171 7.194 7.215 7.235 7.254 7.277 7.300 7.326 7.357 7.393 7.435 7.483 7.537 7.595 7.653 7.704 7.759 7.830 7.903 7.977 8.053 8.130 8.209 8.287 8.358 8.401 8.447 8.512 8.571 8.624 8.671 8.711 8.743 8.769 8.789 8.801 8.812 8.827 8.841 8.853 8.864 8.876 8.889 8.903 8.918 8.925 8.934 8.951 8.970
6.679 6.688 6.696 6.704 6.712 6.720 6.727 6.735 6.743 6.752 6.762 6.774 6.788 6.804 6.822 6.842 6.862 6.885 6.908 6.933 6.959 6.985 7.012 7.039 7.067 7.095 7.123 7.150 7.176 7.200 7.222 7.242 7.263 7.287 7.313 7.341 7.374 7.413 7.457 7.506 7.562 7.623 7.685 7.738 7.796 7.870 7.946 8.024 8.101 8.179 8.256 8.330 8.396 8.437 8.481 8.542 8.598 8.648 8.692 8.729 8.760 8.785 8.804 8.815 8.826 8.840 8.852 8.863 8.873 8.884 8.896 8.910 8.925 8.933 8.942 8.960 8.978
6.690 6.698 6.707 6.715 6.723 6.731 6.738 6.746 6.753 6.762 6.772 6.783 6.797 6.812 6.830 6.849 6.870 6.892 6.916 6.940 6.966 6.992 7.019 7.046 7.074 7.101 7.129 7.156 7.182 7.207 7.230 7.252 7.274 7.301 7.329 7.358 7.393 7.434 7.479 7.529 7.587 7.651 7.718 7.774 7.833 7.911 7.991 8.071 8.148 8.225 8.299 8.369 8.432 8.471 8.511 8.569 8.622 8.669 8.711 8.746 8.776 8.799 8.818 8.829 8.839 8.851 8.863 8.873 8.882 8.892 8.903 8.917 8.933 8.941 8.950 8.968 8.987
6.700 6.708 6.717 6.726 6.734 6.742 6.749 6.757 6.764 6.773 6.782 6.793 6.806 6.821 6.838 6.857 6.878 6.900 6.923 6.948 6.973 6.999 7.026 7.053 7.081 7.108 7.136 7.163 7.190 7.216 7.241 7.264 7.288 7.316 7.345 7.377 7.414 7.456 7.501 7.553 7.613 7.682 7.753 7.811 7.872 7.955 8.037 8.117 8.194 8.268 8.340 8.406 8.465 8.502 8.540 8.594 8.644 8.689 8.728 8.762 8.791 8.813 8.830 8.841 8.851 8.862 8.872 8.881 8.890 8.899 8.909 8.923 8.940 8.949 8.958 8.978 8.997
6.709 6.719 6.727 6.736 6.744 6.752 6.760 6.768 6.775 6.783 6.792 6.803 6.815 6.830 6.847 6.866 6.886 6.908 6.931 6.956 6.981 7.007 7.033 7.061 7.088 7.116 7.144 7.172 7.200 7.227 7.253 7.278 7.303 7.332 7.364 7.397 7.435 7.478 7.525 7.578 7.642 7.714 7.790 7.849 7.913 7.998 8.080 8.160 8.235 8.307 8.375 8.438 8.494 8.529 8.565 8.616 8.663 8.706 8.743 8.776 8.804 8.826 8.841 8.851 8.860 8.871 8.880 8.889 8.897 8.905 8.916 8.930 8.948 8.958 8.968 8.987 9.006
6.719 6.729 6.738 6.747 6.755 6.763 6.771 6.779 6.786 6.794 6.802 6.812 6.824 6.839 6.855 6.874 6.894 6.916 6.939 6.964 6.989 7.015 7.041 7.068 7.096 7.124 7.153 7.182 7.210 7.239 7.267 7.293 7.320 7.350 7.383 7.417 7.457 7.502 7.550 7.605 7.671 7.746 7.826 7.888 7.953 8.038 8.120 8.199 8.272 8.342 8.408 8.468 8.522 8.555 8.589 8.637 8.681 8.722 8.757 8.789 8.816 8.837 8.851 8.860 8.869 8.879 8.888 8.897 8.904 8.912 8.922 8.937 8.956 8.966 8.977 8.997 9.016
6.729 6.739 6.748 6.757 6.766 6.774 6.782 6.789 6.797 6.804 6.813 6.822 6.834 6.847 6.864 6.882 6.902 6.924 6.947 6.971 6.996 7.022 7.048 7.076 7.105 7.133 7.163 7.193 7.223 7.253 7.282 7.310 7.337 7.369 7.403 7.439 7.480 7.526 7.577 7.634 7.701 7.779 7.866 7.930 7.994 8.079 8.161 8.238 8.309 8.377 8.440 8.497 8.548 8.579 8.611 8.656 8.698 8.737 8.771 8.802 8.828 8.848 8.860 8.868 8.876 8.885 8.895 8.903 8.911 8.919 8.928 8.943 8.965 8.976 8.987 9.007 9.025
6.739 6.749 6.758 6.767 6.776 6.785 6.793 6.800 6.808 6.815 6.823 6.832 6.843 6.856 6.872 6.890 6.910 6.931 6.954 6.978 7.003 7.028 7.055 7.084 7.114 7.143 7.174 7.205 7.237 7.268 7.299 7.326 7.355 7.388 7.423 7.461 7.505 7.553 7.606 7.665 7.734 7.822 7.912 7.972 8.035 8.120 8.199 8.274 8.344 8.409 8.469 8.524 8.572 8.602 8.632 8.675 8.714 8.750 8.783 8.812 8.838 8.855 8.864 8.873 8.881 8.890 8.900 8.909 8.917 8.925 8.934 8.952 8.976 8.986 8.996 9.016 9.034
6.749 6.759 6.768 6.778 6.787 6.795 6.803 6.811 6.818 6.825 6.833 6.842 6.852 6.865 6.880 6.898 6.917 6.938 6.961 6.984 7.009 7.035 7.063 7.093 7.124 7.154 7.186 7.218 7.251 7.283 7.314 7.343 7.374 7.410 7.446 7.486 7.533 7.584 7.640 7.704 7.780 7.870 7.956 8.013 8.075 8.157 8.235 8.308 8.375 8.438 8.495 8.547 8.593 8.622 8.650 8.691 8.728 8.762 8.793 8.820 8.843 8.858 8.868 8.876 8.884 8.894 8.904 8.914 8.923 8.932 8.944 8.963 8.985 8.995 9.006 9.024 9.041
6.759 6.769 6.779 6.788 6.797 6.806 6.814 6.822 6.829 6.836 6.843 6.851 6.861 6.873 6.888 6.905 6.924 6.945 6.967 6.990 7.015 7.042 7.071 7.102 7.134 7.166 7.199 7.233 7.266 7.298 7.330 7.362 7.396 7.433 7.472 7.515 7.566 7.621 7.680 7.750 7.829 7.915 7.997 8.052 8.112 8.192 8.268 8.339 8.404 8.464 8.519 8.568 8.613 8.639 8.666 8.704 8.739 8.771 8.800 8.825 8.845 8.859 8.871 8.879 8.886 8.896 8.908 8.919 8.929 8.940 8.954 8.973 8.993 9.003 9.013 9.031 9.047
6.770 6.779 6.789 6.799 6.808 6.817 6.825 6.833 6.840 6.846 6.853 6.861 6.870 6.881 6.895 6.911 6.930 6.950 6.972 6.995 7.021 7.050 7.080 7.113 7.146 7.179 7.213 7.247 7.281 7.314 7.348 7.383 7.420 7.460 7.501 7.549 7.603 7.661 7.726 7.798 7.876 7.958 8.036 8.089 8.147 8.225 8.299 8.367 8.430 8.488 8.540 8.587 8.629 8.655 8.680 8.716 8.749 8.778 8.804 8.826 8.845 8.859 8.871 8.880 8.887 8.899 8.911 8.923 8.935 8.949 8.964 8.982 9.000 9.010 9.019 9.036 9.051
6.780 6.790 6.800 6.809 6.819 6.828 6.836 6.844 6.851 6.857 6.863 6.870 6.878 6.889 6.902 6.917 6.935 6.955 6.977 7.001 7.028 7.058 7.090 7.124 7.158 7.193 7.228 7.262 7.297 7.331 7.367 7.406 7.448 7.491 7.535 7.588 7.645 7.708 7.774 7.845 7.921 7.999 8.074 8.125 8.180 8.256 8.327 8.394 8.454 8.510 8.560 8.604 8.644 8.668 8.692 8.725 8.755 8.782 8.805 8.826 8.843 8.857 8.871 8.879 8.887 8.900 8.913 8.927 8.941 8.955 8.971 8.988 9.005 9.014 9.023 9.038 9.052
6.791 6.801 6.811 6.820 6.830 6.839 6.847 6.855 6.861 6.868 6.873 6.879 6.887 6.896 6.908 6.923 6.939 6.959 6.982 7.007 7.036 7.067 7.101 7.136 7.171 7.207 7.243 7.278 7.314 7.350 7.389 7.432 7.480 7.526 7.573 7.629 7.691 7.756 7.821 7.891 7.963 8.038 8.110 8.160 8.212 8.285 8.355 8.419 8.477 8.530 8.578 8.620 8.657 8.679 8.701 8.731 8.759 8.784 8.805 8.823 8.839 8.854 8.868 8.877 8.885 8.899 8.914 8.930 8.945 8.960 8.976 8.992 9.008 9.016 9.025 9.038 9.051
6.802 6.812 6.822 6.832 6.841 6.850 6.858 6.866 6.873 6.878 6.883 6.888 6.894 6.903 6.914 6.927 6.944 6.964 6.988 7.014 7.045 7.078 7.112 7.148 7.184 7.221 7.258 7.295 7.332 7.371 7.413 7.462 7.514 7.563 7.613 7.675 7.739 7.803 7.867 7.934 8.003 8.075 8.146 8.193 8.244 8.315 8.382 8.444 8.499 8.549 8.594 8.634 8.668 8.688 8.708 8.736 8.761 8.783 8.803 8.819 8.835 8.850 8.865 8.874 8.883 8.898 8.915 8.931 8.947 8.963 8.979 8.994 9.008 9.015 9.023 9.035 9.047
6.814 6.823 6.833 6.843 6.852 6.861 6.870 6.877 6.884 6.889 6.893 6.897 6.902 6.910 6.919 6.932 6.948 6.969 6.994 7.022 7.054 7.088 7.124 7.160 7.197 7.235 7.274 7.313 7.352 7.395 7.442 7.495 7.552 7.603 7.656 7.720 7.785 7.848 7.911 7.974 8.041 8.111 8.180 8.226 8.275 8.344 8.408 8.466 8.518 8.566 8.609 8.645 8.676 8.695 8.713 8.738 8.761 8.782 8.799 8.815 8.830 8.845 8.861 8.871 8.880 8.897 8.913 8.930 8.946 8.962 8.978 8.992 9.005 9.012 9.019 9.030 9.040
6.825 6.835 6.845 6.855 6.864 6.873 6.881 6.889 6.895 6.899 6.903 6.906 6.909 6.916 6.925 6.936 6.953 6.975 7.000 7.031 7.064 7.099 7.135 7.172 7.210 7.249 7.291 7.332 7.375 7.421 7.472 7.529 7.591 7.645 7.699 7.764 7.829 7.892 7.953 8.014 8.078 8.145 8.214 8.259 8.306 8.371 8.432 8.488 8.537 8.582 8.623 8.657 8.685 8.701 8.717 8.740 8.761 8.780 8.796 8.810 8.825 8.840 8.857 8.866 8.876 8.893 8.910 8.927 8.944 8.960 8.975 8.989 9.000 9.006 9.012 9.022 9.031
6.837 6.847 6.857 6.867 6.876 6.885 6.893 6.900 6.906 6.910 6.913 6.914 6.916 6.922 6.930 6.942 6.959 6.981 7.008 7.040 7.075 7.111 7.147 7.185 7.224 7.265 7.309 7.354 7.400 7.451 7.505 7.567 7.635 7.691 7.745 7.810 7.875 7.936 7.995 8.055 8.115 8.180 8.250 8.294 8.338 8.401 8.459 8.510 8.557 8.600 8.637 8.669 8.693 8.707 8.721 8.742 8.761 8.778 8.793 8.807 8.820 8.835 8.854 8.864 8.873 8.891 8.908 8.925 8.941 8.957 8.972 8.984 8.994 8.998 9.004 9.012 9.020
6.849 6.859 6.869 6.878 6.888 6.897 6.905 6.912 6.917 6.921 6.922 6.923 6.924 6.928 6.936 6.948 6.965 6.988 7.017 7.050 7.086 7.122 7.160 7.199 7.239 7.283 7.330 7.378 7.430 7.485 7.544 7.614 7.685 7.738 7.790 7.855 7.919 7.979 8.037 8.094 8.152 8.221 8.291 8.331 8.371 8.431 8.485 8.533 8.576 8.616 8.651 8.678 8.699 8.712 8.725 8.744 8.761 8.777 8.791 8.804 8.817 8.833 8.853 8.863 8.872 8.889 8.906 8.922 8.938 8.953 8.968 8.978 8.985 8.989 8.994 9.001 9.009
6.861 6.871 6.881 6.890 6.900 6.909 6.917 6.923 6.928 6.931 6.932 6.931 6.932 6.936 6.944 6.955 6.973 6.997 7.027 7.060 7.096 7.135 7.174 7.215 7.257 7.304 7.355 7.409 7.465 7.525 7.592 7.665 7.733 7.784 7.836 7.900 7.963 8.023 8.080 8.137 8.197 8.265 8.328 8.365 8.404 8.459 8.509 8.554 8.594 8.631 8.662 8.686 8.705 8.717 8.729 8.746 8.762 8.778 8.791 8.804 8.818 8.835 8.854 8.862 8.871 8.888 8.904 8.920 8.935 8.949 8.962 8.970 8.977 8.981 8.984 8.991 8.997
6.873 6.883 6.893 6.903 6.912 6.921 6.928 6.935 6.940 6.942 6.942 6.941 6.941 6.945 6.952 6.964 6.982 7.007 7.036 7.070 7.108 7.149 7.192 7.234 7.278 7.330 7.386 7.444 7.506 7.572 7.643 7.715 7.781 7.830 7.881 7.944 8.007 8.066 8.123 8.182 8.243 8.306 8.364 8.399 8.435 8.486 8.532 8.573 8.611 8.644 8.671 8.693 8.712 8.723 8.733 8.749 8.765 8.780 8.793 8.807 8.822 8.838 8.855 8.863 8.872 8.888 8.903 8.918 8.932 8.944 8.955 8.963 8.969 8.972 8.975 8.981 8.986
6.885 6.895 6.905 6.914 6.924 6.933 6.940 6.947 6.951 6.954 6.953 6.952 6.951 6.955 6.962 6.974 6.992 7.017 7.046 7.081 7.121 7.165 7.211 7.256 7.303 7.360 7.421 7.484 7.551 7.621 7.693 7.763 7.827 7.875 7.924 7.988 8.050 8.110 8.168 8.227 8.286 8.345 8.398 8.430 8.463 8.510 8.553 8.591 8.625 8.655 8.680 8.701 8.719 8.729 8.738 8.754 8.769 8.784 8.798 8.812 8.827 8.843 8.858 8.866 8.874 8.889 8.903 8.917 8.929 8.940 8.950 8.957 8.963 8.965 8.967 8.972 8.977
6.896 6.907 6.917 6.926 6.936 6.944 6.952 6.959 6.963 6.966 6.965 6.963 6.962 6.966 6.973 6.984 7.002 7.027 7.057 7.094 7.137 7.184 7.234 7.281 7.332 7.394 7.459 7.528 7.598 7.670 7.742 7.810 7.873 7.920 7.968 8.031 8.093 8.154 8.212 8.270 8.327 8.382 8.430 8.459 8.490 8.533 8.572 8.608 8.638 8.665 8.689 8.709 8.726 8.736 8.745 8.760 8.775 8.790 8.804 8.819 8.834 8.849 8.863 8.870 8.877 8.891 8.904 8.917 8.928 8.937 8.945 8.952 8.957 8.959 8.961 8.965 8.970
6.908 6.918 6.928 6.938 6.948 6.956 6.964 6.971 6.976 6.978 6.978 6.975 6.974 6.977 6.984 6.995 7.013 7.038 7.070 7.108 7.154 7.206 7.261 7.310 7.364 7.431 7.501 7.573 7.645 7.717 7.789 7.856 7.919 7.964 8.011 8.073 8.136 8.197 8.254 8.311 8.366 8.416 8.460 8.487 8.515 8.554 8.590 8.622 8.651 8.676 8.698 8.717 8.735 8.743 8.752 8.767 8.783 8.797 8.812 8.826 8.841 8.855 8.868 8.874 8.881 8.894 8.906 8.917 8.927 8.936 8.943 8.949 8.954 8.955 8.956 8.960 8.964
6.919 6.930 6.940 6.950 6.959 6.968 6.977 6.984 6.989 6.992 6.991 6.988 6.986 6.989 6.996 7.006 7.024 7.050 7.083 7.125 7.175 7.232 7.290 7.342 7.399 7.471 7.544 7.618 7.691 7.764 7.834 7.902 7.963 8.007 8.053 8.116 8.178 8.238 8.295 8.349 8.401 8.448 8.488 8.513 8.539 8.574 8.606 8.636 8.663 8.686 8.707 8.726 8.743 8.752 8.760 8.776 8.791 8.806 8.820 8.835 8.849 8.862 8.874 8.880 8.886 8.897 8.908 8.919 8.928 8.935 8.942 8.947 8.952 8.953 8.954 8.957 8.961
6.931 6.941 6.951 6.962 6.971 6.981 6.989 6.996 7.002 7.005 7.005 7.001 6.999 7.002 7.008 7.018 7.037 7.064 7.100 7.144 7.199 7.260 7.322 7.376 7.436 7.511 7.587 7.662 7.735 7.807 7.877 7.944 8.005 8.048 8.094 8.156 8.216 8.275 8.331 8.383 8.433 8.476 8.512 8.535 8.559 8.591 8.621 8.649 8.674 8.696 8.716 8.735 8.752 8.760 8.769 8.784 8.799 8.814 8.829 8.843 8.857 8.869 8.880 8.886 8.891 8.901 8.911 8.921 8.929 8.936 8.942 8.947 8.951 8.952 8.952 8.956 8.959
6.942 6.952 6.963 6.973 6.983 6.993 7.002 7.010 7.016 7.019 7.019 7.015 7.012 7.015 7.021 7.031 7.051 7.080 7.118 7.166 7.224 7.288 7.354 7.411 7.473 7.549 7.627 7.703 7.776 7.848 7.918 7.984 8.045 8.088 8.133 8.194 8.253 8.311 8.364 8.415 8.462 8.503 8.536 8.557 8.578 8.607 8.635 8.662 8.685 8.706 8.726 8.744 8.761 8.769 8.777 8.793 8.808 8.823 8.838 8.852 8.865 8.877 8.887 8.892 8.897 8.906 8.915 8.924 8.931 8.937 8.943 8.948 8.952 8.952 8.952 8.956 8.959
6.953 6.964 6.974 6.985 6.995 7.005 7.015 7.023 7.030 7.033 7.033 7.029 7.026 7.028 7.034 7.045 7.066 7.096 7.137 7.189 7.251 7.319 7.390 7.448 7.510 7.589 7.667 7.744 7.818 7.890 7.959 8.025 8.088 8.130 8.174 8.233 8.291 8.347 8.398 8.447 8.492 8.530 8.560 8.578 8.597 8.624 8.650 8.675 8.697 8.717 8.737 8.754 8.771 8.779 8.787 8.803 8.818 8.833 8.847 8.861 8.874 8.886 8.895 8.899 8.903 8.912 8.920 8.928 8.934 8.941 8.946 8.950 8.954 8.954 8.954 8.957 8.960
6.964 6.975 6.986 6.997 7.007 7.018 7.028 7.036 7.044 7.048 7.047 7.043 7.039 7.042 7.049 7.060 7.082 7.115 7.160 7.216 7.280 7.355 7.428 7.485 7.548 7.628 7.708 7.785 7.860 7.932 8.001 8.068 8.131 8.171 8.213 8.271 8.328 8.381 8.430 8.477 8.520 8.553 8.579 8.597 8.615 8.640 8.664 8.688 8.709 8.729 8.748 8.765 8.781 8.789 8.797 8.813 8.828 8.843 8.857 8.871 8.884 8.894 8.902 8.906 8.910 8.918 8.925 8.932 8.939 8.944 8.949 8.953 8.957 8.956 8.956 8.959 8.962
6.975 6.986 6.998 7.009 7.020 7.031 7.041 7.050 7.058 7.062 7.062 7.057 7.054 7.058 7.065 7.078 7.102 7.139 7.187 7.246 7.316 7.393 7.465 7.522 7.585 7.666 7.747 7.826 7.901 7.973 8.044 8.111 8.171 8.210 8.251 8.307 8.361 8.413 8.460 8.504 8.543 8.573 8.598 8.615 8.632 8.655 8.678 8.701 8.721 8.740 8.759 8.776 8.791 8.799 8.807 8.822 8.838 8.853 8.867 8.880 8.892 8.902 8.910 8.913 8.917 8.924 8.931 8.938 8.943 8.949 8.953 8.957 8.960 8.960 8.959 8.962 8.965
6.986 6.998 7.009 7.021 7.032 7.044 7.054 7.064 7.072 7.077 7.077 7.073 7.070 7.075 7.084 7.098 7.125 7.165 7.216 7.279 7.352 7.429 7.501 7.557 7.621 7.703 7.785 7.865 7.941 8.015 8.086 8.152 8.210 8.247 8.286 8.341 8.393 8.442 8.486 8.527 8.563 8.591 8.616 8.632 8.647 8.670 8.692 8.713 8.733 8.752 8.769 8.786 8.801 8.809 8.817 8.832 8.847 8.862 8.876 8.889 8.900 8.910 8.918 8.921 8.924 8.930 8.937 8.943 8.948 8.953 8.958 8.961 8.964 8.964 8.963 8.966 8.969
6.998 7.009 7.021 7.033 7.045 7.057 7.068 7.078 7.087 7.092 7.093 7.090 7.088 7.094 7.105 7.122 7.152 7.194 7.248 7.313 7.387 7.463 7.535 7.592 7.656 7.740 7.823 7.904 7.982 8.056 8.126 8.190 8.246 8.281 8.319 8.371 8.421 8.468 8.510 8.548 8.581 8.609 8.633 8.648 8.663 8.685 8.706 8.726 8.745 8.763 8.780 8.796 8.811 8.819 8.827 8.842 8.857 8.872 8.886 8.898 8.909 8.918 8.925 8.928 8.931 8.937 8.943 8.949 8.954 8.958 8.962 8.966 8.969 8.968 8.968 8.971 8.974
