version2/TsunamiDB/out54147.asc
ncols          264
nrows          230
xllcorner      497853.4375
yllcorner      4229146.0000
cellsize         5.
NODATA_value   -99
[rows 0 to 33 of 230, columns 0 to 76 of 264]
4.681 4.703 4.725 4.747 4.768 4.788 4.809 4.829 4.848 4.868 4.887 4.906 4.924 4.943 4.961 4.979 4.995 5.011 5.028 5.044 5.061 5.077 5.093 5.109 5.124 5.140 5.155 5.170 5.185 5.200 5.214 5.229 5.243 5.257 5.271 5.285 5.299 5.313 5.327 5.340 5.352 5.364 5.377 5.389 5.402 5.414 5.427 5.440 5.452 5.465 5.478 5.490 5.503 5.516 5.529 5.542 5.555 5.568 5.582 5.596 5.610 5.624 5.638 5.651 5.665 5.678 5.693 5.707 5.721 5.736 5.751 5.766 5.781 5.796 5.811 5.826 5.840
4.694 4.716 4.737 4.759 4.779 4.800 4.820 4.840 4.860 4.879 4.898 4.917 4.935 4.953 4.971 4.989 5.006 5.022 5.038 5.055 5.071 5.087 5.103 5.119 5.134 5.150 5.165 5.180 5.195 5.210 5.225 5.239 5.253 5.268 5.282 5.296 5.310 5.323 5.337 5.350 5.362 5.374 5.387 5.399 5.412 5.424 5.437 5.449 5.461 5.474 5.486 5.499 5.511 5.524 5.536 5.549 5.561 5.574 5.587 5.600 5.614 5.628 5.641 5.654 5.667 5.680 5.693 5.707 5.721 5.735 5.750 5.764 5.779 5.794 5.808 5.823 5.838
4.706 4.728 4.749 4.770 4.791 4.811 4.831 4.851 4.871 4.890 4.909 4.927 4.946 4.964 4.982 4.999 5.016 5.032 5.048 5.065 5.081 5.097 5.113 5.129 5.144 5.160 5.175 5.190 5.205 5.220 5.235 5.249 5.263 5.278 5.292 5.306 5.320 5.333 5.347 5.360 5.372 5.384 5.397 5.409 5.422 5.434 5.446 5.459 5.471 5.483 5.495 5.507 5.520 5.532 5.544 5.556 5.568 5.581 5.593 5.606 5.619 5.632 5.645 5.657 5.669 5.682 5.695 5.708 5.722 5.736 5.749 5.764 5.778 5.792 5.806 5.821 5.835
4.718 4.740 4.761 4.782 4.803 4.823 4.843 4.862 4.882 4.901 4.919 4.938 4.956 4.974 4.992 5.009 5.026 5.042 5.058 5.074 5.090 5.107 5.122 5.138 5.154 5.169 5.185 5.200 5.215 5.229 5.244 5.259 5.273 5.287 5.301 5.315 5.329 5.343 5.357 5.370 5.382 5.394 5.406 5.419 5.431 5.444 5.456 5.468 5.480 5.492 5.504 5.516 5.528 5.540 5.552 5.564 5.576 5.588 5.600 5.613 5.625 5.638 5.650 5.661 5.673 5.685 5.698 5.710 5.723 5.737 5.750 5.763 5.777 5.791 5.805 5.819 5.833
4.730 4.752 4.773 4.794 4.814 4.834 4.854 4.873 4.892 4.911 4.930 4.948 4.966 4.984 5.002 5.019 5.036 5.051 5.068 5.084 5.100 5.116 5.132 5.148 5.163 5.178 5.194 5.209 5.224 5.239 5.253 5.268 5.282 5.296 5.311 5.325 5.338 5.352 5.366 5.379 5.391 5.404 5.416 5.428 5.441 5.453 5.466 5.478 5.490 5.502 5.514 5.526 5.537 5.549 5.561 5.573 5.584 5.596 5.608 5.620 5.632 5.644 5.656 5.667 5.678 5.690 5.701 5.714 5.726 5.739 5.751 5.764 5.777 5.791 5.804 5.818 5.832
4.743 4.764 4.785 4.805 4.826 4.846 4.865 4.884 4.903 4.922 4.940 4.959 4.976 4.994 5.012 5.029 5.045 5.061 5.077 5.093 5.109 5.125 5.141 5.157 5.172 5.187 5.203 5.218 5.233 5.247 5.262 5.276 5.291 5.305 5.319 5.333 5.347 5.361 5.375 5.388 5.400 5.413 5.425 5.438 5.450 5.463 5.475 5.487 5.499 5.511 5.523 5.535 5.547 5.558 5.570 5.581 5.593 5.604 5.616 5.627 5.639 5.651 5.662 5.673 5.684 5.695 5.706 5.718 5.729 5.741 5.754 5.766 5.779 5.792 5.804 5.818 5.831
4.755 4.776 4.797 4.817 4.837 4.857 4.876 4.895 4.914 4.933 4.951 4.969 4.987 5.004 5.022 5.039 5.055 5.071 5.086 5.102 5.118 5.134 5.150 5.165 5.181 5.196 5.211 5.226 5.241 5.256 5.270 5.285 5.299 5.314 5.328 5.342 5.356 5.370 5.384 5.397 5.409 5.421 5.434 5.446 5.459 5.471 5.484 5.496 5.508 5.520 5.532 5.544 5.556 5.567 5.579 5.590 5.601 5.613 5.624 5.635 5.647 5.658 5.669 5.680 5.690 5.701 5.711 5.723 5.734 5.745 5.757 5.769 5.781 5.793 5.806 5.818 5.831
4.767 4.788 4.809 4.829 4.849 4.869 4.888 4.907 4.925 4.944 4.962 4.980 4.997 5.015 5.032 5.049 5.065 5.080 5.096 5.112 5.128 5.143 5.159 5.174 5.190 5.205 5.220 5.235 5.249 5.264 5.279 5.293 5.307 5.322 5.336 5.350 5.364 5.378 5.392 5.405 5.417 5.430 5.442 5.455 5.467 5.480 5.492 5.505 5.517 5.529 5.541 5.553 5.565 5.576 5.588 5.599 5.610 5.621 5.633 5.644 5.655 5.666 5.677 5.687 5.697 5.707 5.718 5.728 5.739 5.750 5.762 5.773 5.784 5.796 5.808 5.820 5.832
4.780 4.801 4.821 4.841 4.861 4.880 4.899 4.918 4.937 4.955 4.973 4.990 5.008 5.025 5.042 5.059 5.075 5.090 5.105 5.121 5.137 5.152 5.168 5.183 5.198 5.213 5.228 5.243 5.258 5.272 5.287 5.301 5.315 5.330 5.344 5.358 5.372 5.386 5.400 5.413 5.425 5.438 5.450 5.463 5.476 5.488 5.501 5.513 5.525 5.538 5.550 5.561 5.573 5.585 5.596 5.608 5.619 5.630 5.641 5.652 5.663 5.675 5.685 5.695 5.705 5.714 5.725 5.735 5.745 5.756 5.767 5.778 5.789 5.800 5.811 5.823 5.834
4.793 4.813 4.834 4.854 4.873 4.892 4.911 4.930 4.948 4.966 4.984 5.001 5.019 5.036 5.052 5.069 5.085 5.100 5.115 5.131 5.146 5.161 5.177 5.192 5.207 5.222 5.237 5.251 5.266 5.280 5.295 5.309 5.323 5.337 5.351 5.365 5.379 5.393 5.407 5.420 5.433 5.445 5.458 5.470 5.483 5.496 5.508 5.521 5.533 5.546 5.558 5.570 5.581 5.593 5.605 5.616 5.627 5.639 5.650 5.661 5.672 5.683 5.693 5.703 5.712 5.722 5.732 5.742 5.752 5.762 5.773 5.783 5.794 5.805 5.815 5.826 5.837
4.806 4.826 4.846 4.866 4.885 4.905 4.923 4.942 4.960 4.977 4.995 5.012 5.030 5.046 5.063 5.080 5.095 5.110 5.125 5.140 5.156 5.171 5.186 5.201 5.216 5.230 5.245 5.260 5.274 5.288 5.303 5.317 5.331 5.345 5.359 5.373 5.387 5.401 5.414 5.427 5.440 5.452 5.465 5.478 5.490 5.503 5.516 5.528 5.541 5.553 5.565 5.577 5.589 5.601 5.613 5.624 5.636 5.647 5.658 5.669 5.680 5.691 5.702 5.711 5.720 5.730 5.740 5.750 5.759 5.769 5.780 5.790 5.800 5.810 5.820 5.831 5.842
4.819 4.839 4.859 4.879 4.898 4.917 4.935 4.954 4.972 4.989 5.007 5.024 5.041 5.058 5.074 5.090 5.105 5.120 5.135 5.150 5.165 5.180 5.195 5.210 5.225 5.239 5.254 5.268 5.282 5.296 5.311 5.325 5.339 5.352 5.366 5.380 5.394 5.408 5.422 5.435 5.447 5.459 5.472 5.485 5.497 5.510 5.523 5.535 5.548 5.560 5.573 5.585 5.597 5.609 5.620 5.632 5.643 5.655 5.666 5.677 5.688 5.699 5.710 5.719 5.729 5.738 5.748 5.757 5.767 5.777 5.787 5.797 5.806 5.816 5.826 5.836 5.847
4.832 4.852 4.872 4.891 4.911 4.929 4.948 4.966 4.984 5.001 5.018 5.035 5.052 5.069 5.086 5.101 5.115 5.130 5.145 5.160 5.175 5.190 5.205 5.219 5.234 5.248 5.262 5.277 5.291 5.305 5.319 5.333 5.346 5.360 5.374 5.388 5.401 5.415 5.429 5.442 5.454 5.466 5.479 5.491 5.504 5.517 5.530 5.542 5.555 5.567 5.579 5.592 5.604 5.616 5.628 5.639 5.651 5.662 5.674 5.685 5.696 5.707 5.718 5.727 5.737 5.746 5.756 5.765 5.775 5.785 5.794 5.804 5.813 5.823 5.833 5.842 5.852
4.845 4.865 4.885 4.904 4.923 4.942 4.960 4.978 4.996 5.013 5.030 5.047 5.064 5.081 5.097 5.112 5.126 5.141 5.156 5.171 5.186 5.200 5.215 5.229 5.243 5.257 5.272 5.286 5.299 5.313 5.327 5.341 5.354 5.368 5.382 5.395 5.409 5.422 5.436 5.448 5.460 5.473 5.485 5.498 5.511 5.523 5.536 5.549 5.561 5.574 5.586 5.598 5.610 5.622 5.634 5.646 5.658 5.670 5.681 5.692 5.704 5.715 5.725 5.735 5.744 5.754 5.764 5.773 5.783 5.792 5.802 5.811 5.821 5.830 5.840 5.849 5.859
4.858 4.878 4.898 4.917 4.936 4.955 4.973 4.991 5.008 5.026 5.043 5.059 5.076 5.092 5.108 5.123 5.138 5.152 5.167 5.182 5.196 5.211 5.225 5.239 5.253 5.267 5.281 5.295 5.308 5.322 5.336 5.349 5.363 5.376 5.389 5.403 5.416 5.430 5.443 5.455 5.467 5.480 5.492 5.505 5.517 5.530 5.543 5.555 5.568 5.580 5.592 5.605 5.617 5.629 5.641 5.653 5.665 5.676 5.688 5.700 5.711 5.722 5.733 5.742 5.752 5.762 5.771 5.781 5.791 5.800 5.810 5.819 5.828 5.838 5.847 5.856 5.865
4.871 4.891 4.911 4.930 4.949 4.967 4.985 5.003 5.021 5.038 5.055 5.071 5.088 5.104 5.120 5.135 5.149 5.164 5.178 5.193 5.207 5.221 5.235 5.249 5.263 5.277 5.291 5.304 5.318 5.331 5.344 5.358 5.371 5.384 5.397 5.411 5.424 5.437 5.451 5.462 5.474 5.486 5.499 5.511 5.524 5.536 5.549 5.561 5.574 5.586 5.599 5.611 5.623 5.635 5.647 5.659 5.671 5.683 5.694 5.706 5.718 5.729 5.740 5.749 5.759 5.769 5.779 5.788 5.798 5.808 5.817 5.827 5.836 5.845 5.854 5.863 5.873
4.884 4.904 4.923 4.942 4.961 4.980 4.998 5.016 5.033 5.050 5.067 5.084 5.100 5.116 5.132 5.147 5.161 5.175 5.189 5.204 5.218 5.232 5.246 5.260 5.274 5.287 5.301 5.314 5.327 5.340 5.354 5.367 5.380 5.393 5.406 5.419 5.432 5.445 5.458 5.469 5.481 5.493 5.505 5.518 5.530 5.543 5.555 5.567 5.580 5.592 5.604 5.617 5.629 5.641 5.653 5.665 5.677 5.689 5.701 5.713 5.725 5.736 5.746 5.756 5.766 5.776 5.786 5.796 5.805 5.815 5.825 5.834 5.843 5.853 5.862 5.871 5.880
4.896 4.916 4.936 4.955 4.974 4.992 5.010 5.028 5.045 5.062 5.079 5.096 5.112 5.128 5.144 5.159 5.173 5.187 5.201 5.215 5.229 5.243 5.257 5.271 5.284 5.298 5.311 5.324 5.337 5.350 5.363 5.376 5.389 5.402 5.414 5.427 5.440 5.453 5.465 5.477 5.488 5.500 5.512 5.525 5.537 5.549 5.561 5.574 5.586 5.598 5.610 5.623 5.635 5.647 5.659 5.671 5.683 5.695 5.707 5.719 5.731 5.742 5.752 5.762 5.772 5.782 5.792 5.802 5.812 5.822 5.832 5.841 5.851 5.860 5.869 5.878 5.887
4.909 4.928 4.948 4.967 4.986 5.004 5.022 5.040 5.057 5.074 5.091 5.108 5.124 5.140 5.156 5.170 5.184 5.198 5.213 5.227 5.241 5.255 5.268 5.282 5.295 5.309 5.322 5.335 5.348 5.360 5.373 5.386 5.398 5.411 5.423 5.436 5.449 5.462 5.473 5.485 5.496 5.508 5.520 5.532 5.544 5.556 5.568 5.580 5.592 5.604 5.616 5.628 5.641 5.653 5.665 5.677 5.689 5.700 5.712 5.724 5.736 5.748 5.758 5.768 5.778 5.788 5.799 5.809 5.819 5.829 5.839 5.848 5.858 5.867 5.876 5.885 5.894
4.921 4.941 4.960 4.979 4.998 5.016 5.034 5.052 5.069 5.086 5.103 5.120 5.136 5.152 5.167 5.182 5.196 5.210 5.224 5.238 5.252 5.266 5.280 5.293 5.306 5.319 5.332 5.345 5.358 5.371 5.383 5.396 5.408 5.420 5.433 5.445 5.458 5.470 5.482 5.493 5.504 5.515 5.527 5.539 5.551 5.563 5.575 5.586 5.598 5.610 5.622 5.634 5.646 5.658 5.670 5.682 5.694 5.706 5.718 5.730 5.742 5.753 5.763 5.774 5.784 5.794 5.805 5.815 5.825 5.835 5.845 5.855 5.864 5.874 5.883 5.892 5.901
4.932 4.952 4.972 4.991 5.010 5.028 5.046 5.064 5.081 5.098 5.115 5.131 5.147 5.163 5.179 5.194 5.207 5.222 5.236 5.250 5.264 5.277 5.291 5.304 5.318 5.331 5.343 5.356 5.369 5.381 5.394 5.406 5.418 5.430 5.442 5.455 5.467 5.479 5.490 5.501 5.512 5.523 5.535 5.546 5.558 5.570 5.581 5.593 5.605 5.617 5.629 5.640 5.652 5.664 5.676 5.688 5.700 5.711 5.723 5.735 5.747 5.758 5.769 5.779 5.790 5.800 5.810 5.821 5.831 5.841 5.851 5.861 5.871 5.880 5.890 5.899 5.908
4.944 4.964 4.983 5.002 5.021 5.039 5.057 5.075 5.092 5.109 5.126 5.142 5.159 5.175 5.190 5.205 5.219 5.233 5.247 5.261 5.275 5.289 5.302 5.315 5.329 5.342 5.354 5.367 5.380 5.392 5.404 5.416 5.428 5.440 5.452 5.464 5.476 5.488 5.499 5.510 5.521 5.532 5.543 5.554 5.566 5.577 5.589 5.600 5.612 5.623 5.635 5.647 5.658 5.670 5.682 5.693 5.705 5.717 5.729 5.740 5.752 5.764 5.774 5.784 5.795 5.805 5.816 5.826 5.836 5.847 5.857 5.867 5.877 5.886 5.896 5.905 5.915
4.955 4.975 4.994 5.013 5.032 5.050 5.068 5.086 5.103 5.120 5.137 5.153 5.170 5.186 5.201 5.216 5.230 5.244 5.258 5.272 5.286 5.300 5.313 5.326 5.340 5.353 5.365 5.378 5.390 5.403 5.415 5.427 5.439 5.451 5.462 5.474 5.486 5.498 5.509 5.519 5.530 5.540 5.551 5.562 5.574 5.585 5.596 5.607 5.619 5.630 5.641 5.653 5.664 5.676 5.687 5.699 5.711 5.722 5.734 5.746 5.757 5.769 5.779 5.789 5.800 5.810 5.821 5.831 5.842 5.852 5.862 5.872 5.882 5.892 5.902 5.911 5.921
4.966 4.986 5.005 5.024 5.043 5.061 5.079 5.097 5.114 5.131 5.148 5.164 5.180 5.196 5.212 5.227 5.240 5.255 5.269 5.283 5.297 5.310 5.324 5.337 5.350 5.363 5.376 5.389 5.401 5.413 5.425 5.437 5.449 5.461 5.473 5.484 5.496 5.508 5.518 5.528 5.539 5.549 5.560 5.571 5.582 5.593 5.604 5.615 5.626 5.637 5.648 5.660 5.671 5.682 5.693 5.705 5.716 5.728 5.739 5.751 5.763 5.774 5.784 5.794 5.805 5.815 5.826 5.836 5.847 5.857 5.868 5.878 5.888 5.898 5.908 5.917 5.927
4.977 4.996 5.016 5.035 5.053 5.071 5.089 5.107 5.124 5.141 5.158 5.174 5.191 5.207 5.222 5.237 5.251 5.265 5.279 5.293 5.307 5.321 5.334 5.348 5.361 5.374 5.386 5.399 5.411 5.424 5.436 5.448 5.460 5.471 5.483 5.494 5.506 5.517 5.528 5.538 5.548 5.559 5.569 5.580 5.590 5.601 5.612 5.623 5.634 5.645 5.655 5.666 5.677 5.689 5.700 5.711 5.722 5.733 5.745 5.756 5.768 5.779 5.789 5.799 5.810 5.820 5.831 5.841 5.852 5.862 5.873 5.883 5.893 5.903 5.913 5.923 5.932
4.987 5.007 5.026 5.045 5.063 5.082 5.099 5.117 5.134 5.151 5.168 5.185 5.201 5.217 5.232 5.247 5.261 5.275 5.289 5.303 5.317 5.331 5.344 5.358 5.371 5.384 5.397 5.409 5.422 5.434 5.446 5.458 5.470 5.481 5.493 5.504 5.516 5.527 5.538 5.548 5.558 5.568 5.578 5.589 5.599 5.610 5.620 5.631 5.642 5.652 5.663 5.674 5.684 5.695 5.706 5.717 5.728 5.739 5.750 5.762 5.773 5.784 5.794 5.804 5.815 5.825 5.836 5.846 5.857 5.867 5.877 5.888 5.898 5.908 5.918 5.928 5.937
4.998 5.017 5.036 5.055 5.073 5.092 5.109 5.127 5.144 5.161 5.178 5.194 5.210 5.226 5.242 5.257 5.270 5.284 5.299 5.313 5.327 5.341 5.354 5.368 5.381 5.394 5.406 5.419 5.432 5.444 5.456 5.468 5.480 5.491 5.503 5.514 5.526 5.537 5.548 5.557 5.567 5.577 5.588 5.598 5.608 5.619 5.629 5.639 5.650 5.660 5.671 5.681 5.692 5.702 5.713 5.724 5.734 5.745 5.756 5.767 5.779 5.789 5.799 5.810 5.820 5.830 5.840 5.851 5.861 5.872 5.882 5.892 5.903 5.913 5.923 5.933 5.942
5.008 5.027 5.046 5.065 5.083 5.101 5.119 5.137 5.154 5.171 5.187 5.204 5.220 5.236 5.252 5.266 5.280 5.294 5.308 5.322 5.336 5.350 5.364 5.377 5.390 5.403 5.416 5.429 5.441 5.453 5.465 5.477 5.489 5.501 5.513 5.524 5.535 5.547 5.557 5.567 5.577 5.587 5.597 5.607 5.617 5.628 5.638 5.648 5.658 5.668 5.679 5.689 5.699 5.709 5.720 5.730 5.741 5.752 5.762 5.773 5.785 5.795 5.805 5.815 5.825 5.835 5.845 5.856 5.866 5.876 5.887 5.897 5.907 5.917 5.928 5.937 5.947
5.018 5.037 5.056 5.075 5.093 5.111 5.129 5.146 5.163 5.180 5.197 5.213 5.229 5.245 5.261 5.275 5.289 5.303 5.317 5.331 5.345 5.359 5.373 5.386 5.399 5.412 5.425 5.438 5.450 5.462 5.475 5.487 5.499 5.510 5.522 5.534 5.545 5.556 5.567 5.576 5.586 5.596 5.606 5.616 5.626 5.637 5.647 5.657 5.667 5.677 5.687 5.697 5.707 5.717 5.727 5.737 5.748 5.758 5.769 5.780 5.790 5.801 5.810 5.820 5.830 5.840 5.850 5.860 5.871 5.881 5.891 5.902 5.912 5.922 5.932 5.942 5.952
5.028 5.047 5.066 5.085 5.103 5.121 5.138 5.156 5.173 5.189 5.206 5.222 5.239 5.255 5.270 5.283 5.298 5.312 5.326 5.340 5.354 5.368 5.381 5.395 5.408 5.421 5.434 5.446 5.459 5.471 5.484 5.496 5.508 5.519 5.531 5.543 5.554 5.565 5.576 5.586 5.595 5.605 5.615 5.625 5.636 5.646 5.655 5.665 5.675 5.685 5.695 5.705 5.715 5.725 5.735 5.745 5.755 5.765 5.775 5.786 5.797 5.807 5.816 5.826 5.835 5.845 5.855 5.865 5.876 5.886 5.896 5.906 5.917 5.927 5.937 5.947 5.956
5.038 5.057 5.076 5.094 5.112 5.130 5.148 5.165 5.182 5.199 5.215 5.232 5.248 5.264 5.278 5.292 5.306 5.320 5.335 5.349 5.363 5.376 5.390 5.403 5.416 5.429 5.442 5.455 5.467 5.480 5.492 5.504 5.516 5.528 5.540 5.551 5.563 5.574 5.585 5.594 5.604 5.614 5.624 5.634 5.644 5.654 5.664 5.674 5.684 5.694 5.703 5.713 5.723 5.732 5.742 5.752 5.762 5.772 5.782 5.793 5.803 5.813 5.822 5.831 5.841 5.851 5.860 5.871 5.881 5.891 5.901 5.911 5.921 5.931 5.941 5.951 5.961
5.048 5.067 5.086 5.104 5.122 5.140 5.157 5.174 5.191 5.208 5.224 5.241 5.257 5.272 5.287 5.301 5.315 5.329 5.343 5.357 5.371 5.385 5.398 5.411 5.425 5.438 5.450 5.463 5.476 5.488 5.500 5.512 5.524 5.536 5.548 5.560 5.571 5.583 5.593 5.603 5.613 5.623 5.633 5.643 5.653 5.663 5.673 5.683 5.692 5.702 5.712 5.721 5.731 5.740 5.750 5.760 5.769 5.779 5.789 5.799 5.810 5.819 5.828 5.837 5.847 5.856 5.866 5.876 5.886 5.896 5.906 5.916 5.926 5.936 5.946 5.956 5.965
5.058 5.077 5.096 5.114 5.132 5.149 5.167 5.184 5.200 5.217 5.233 5.249 5.265 5.281 5.296 5.310 5.324 5.338 5.352 5.366 5.379 5.393 5.406 5.420 5.433 5.446 5.458 5.471 5.484 5.496 5.508 5.520 5.532 5.544 5.556 5.568 5.579 5.591 5.601 5.611 5.621 5.631 5.641 5.651 5.661 5.671 5.681 5.691 5.701 5.710 5.720 5.729 5.739 5.748 5.758 5.767 5.777 5.787 5.796 5.806 5.816 5.826 5.834 5.843 5.852 5.862 5.871 5.881 5.891 5.901 5.911 5.921 5.930 5.940 5.950 5.960 5.970
5.069 5.087 5.105 5.123 5.141 5.159 5.176 5.193 5.210 5.226 5.242 5.258 5.274 5.290 5.305 5.318 5.332 5.346 5.360 5.374 5.388 5.401 5.415 5.428 5.441 5.454 5.466 5.479 5.491 5.504 5.516 5.528 5.540 5.552 5.564 5.575 5.587 5.599 5.608 5.618 5.629 5.639 5.649 5.659 5.669 5.679 5.689 5.699 5.709 5.718 5.728 5.738 5.747 5.756 5.766 5.775 5.785 5.794 5.804 5.814 5.824 5.832 5.841 5.849 5.858 5.868 5.877 5.887 5.896 5.906 5.916 5.925 5.935 5.945 5.955 5.965 5.974
