version2/TsunamiDB/out54033.asc
ncols          264
nrows          230
xllcorner      497853.4375
yllcorner      4229146.0000
cellsize         5.
NODATA_value   -99
[rows 0 to 31 of 230, columns 144 to 215 of 264]
-99.000 -99.000 -99.000 -99.000 -99.000 -99.000 -99.000 -99.000 -99.000 -99.000 -99.000 -99.000 -99.000 -99.000 -99.000 -99.000 -99.000 1.645 1.663 1.753 1.943 2.208 2.512 2.818 3.099 3.340 3.537 3.695 3.823 3.929 4.018 4.097 4.168 4.232 4.291 4.348 4.401 4.452 4.500 4.547 4.592 4.635 4.677 4.719 4.759 4.800 4.840 4.880 4.920 4.961 5.001 5.042 5.083 5.123 5.164 5.204 5.243 5.281 5.319 5.356 5.392 5.426 5.460 5.492 5.524 5.554 5.583 5.610 5.637 5.662 5.687 5.711
-99.000 -99.000 -99.000 -99.000 -99.000 -99.000 -99.000 -99.000 -99.000 -99.000 -99.000 -99.000 -99.000 -99.000 -99.000 -99.000 1.644 1.648 1.694 1.832 2.062 2.350 2.659 2.956 3.219 3.438 3.615 3.757 3.874 3.971 4.055 4.130 4.198 4.260 4.319 4.374 4.427 4.477 4.525 4.571 4.615 4.658 4.699 4.740 4.780 4.819 4.858 4.898 4.937 4.976 5.015 5.055 5.095 5.134 5.174 5.214 5.252 5.290 5.327 5.365 5.401 5.436 5.470 5.503 5.535 5.566 5.596 5.624 5.652 5.678 5.703 5.727
-99.000 -99.000 -99.000 -99.000 -99.000 -99.000 -99.000 -99.000 -99.000 -99.000 -99.000 -99.000 -99.000 -99.000 -99.000 -99.000 1.645 1.661 1.747 1.932 2.194 2.497 2.803 3.085 3.327 3.525 3.684 3.813 3.919 4.010 4.089 4.161 4.227 4.287 4.344 4.399 4.451 4.501 4.548 4.594 4.637 4.680 4.721 4.761 4.800 4.839 4.878 4.916 4.954 4.992 5.031 5.069 5.108 5.146 5.185 5.224 5.261 5.298 5.336 5.373 5.409 5.445 5.479 5.513 5.546 5.577 5.607 5.637 5.665 5.692 5.717 5.742
-99.000 -99.000 -99.000 -99.000 -99.000 -99.000 -99.000 -99.000 -99.000 -99.000 -99.000 -99.000 -99.000 -99.000 -99.000 1.644 1.648 1.689 1.823 2.049 2.334 2.643 2.940 3.204 3.424 3.602 3.745 3.862 3.960 4.045 4.120 4.189 4.253 4.312 4.368 4.422 4.474 4.523 4.570 4.615 4.659 4.701 4.742 4.782 4.821 4.859 4.897 4.935 4.972 5.009 5.047 5.084 5.122 5.159 5.197 5.234 5.271 5.307 5.344 5.381 5.417 5.453 5.488 5.522 5.555 5.587 5.618 5.647 5.676 5.703 5.730 5.755
-99.000 -99.000 -99.000 -99.000 -99.000 -99.000 -99.000 -99.000 -99.000 -99.000 -99.000 -99.000 -99.000 -99.000 -99.000 1.644 1.659 1.740 1.919 2.178 2.478 2.785 3.068 3.311 3.511 3.671 3.800 3.907 3.997 4.077 4.149 4.216 4.278 4.336 4.391 4.444 4.495 4.544 4.591 4.636 4.680 4.722 4.762 4.802 4.841 4.879 4.917 4.954 4.991 5.028 5.064 5.101 5.137 5.173 5.210 5.246 5.282 5.317 5.353 5.389 5.425 5.460 5.495 5.529 5.563 5.595 5.626 5.657 5.686 5.714 5.741 5.766
-99.000 -99.000 -99.000 -99.000 -99.000 -99.000 -99.000 -99.000 -99.000 -99.000 -99.000 -99.000 -99.000 -99.000 1.644 1.647 1.685 1.812 2.032 2.315 2.622 2.921 3.186 3.408 3.588 3.732 3.849 3.947 4.032 4.107 4.176 4.240 4.301 4.357 4.412 4.464 4.515 4.564 4.610 4.656 4.699 4.741 4.782 4.822 4.861 4.899 4.936 4.973 5.010 5.046 5.082 5.118 5.153 5.189 5.224 5.259 5.294 5.328 5.364 5.399 5.434 5.469 5.503 5.537 5.570 5.603 5.635 5.665 5.695 5.723 5.750 5.776
-99.000 -99.000 -99.000 -99.000 -99.000 -99.000 -99.000 -99.000 -99.000 -99.000 -99.000 -99.000 -99.000 -99.000 1.644 1.656 1.731 1.904 2.157 2.456 2.763 3.048 3.293 3.495 3.657 3.787 3.894 3.984 4.063 4.135 4.201 4.263 4.322 4.377 4.431 4.483 4.533 4.582 4.628 4.674 4.717 4.760 4.801 4.841 4.880 4.918 4.956 4.992 5.029 5.065 5.100 5.135 5.170 5.205 5.239 5.273 5.307 5.341 5.375 5.409 5.444 5.478 5.512 5.545 5.579 5.611 5.643 5.673 5.703 5.732 5.759 5.785
-99.000 -99.000 -99.000 -99.000 -99.000 -99.000 -99.000 -99.000 -99.000 -99.000 -99.000 -99.000 -99.000 1.644 1.646 1.679 1.798 2.012 2.291 2.598 2.897 3.165 3.390 3.573 3.718 3.836 3.934 4.018 4.093 4.161 4.224 4.284 4.342 4.396 4.449 4.500 4.550 4.599 4.645 4.691 4.734 4.777 4.818 4.859 4.898 4.937 4.974 5.011 5.047 5.083 5.118 5.153 5.187 5.221 5.255 5.288 5.321 5.354 5.388 5.421 5.455 5.488 5.522 5.555 5.587 5.620 5.651 5.682 5.711 5.740 5.768 5.794
-99.000 -99.000 -99.000 -99.000 -99.000 -99.000 -99.000 -99.000 -99.000 -99.000 -99.000 -99.000 -99.000 1.644 1.654 1.720 1.885 2.133 2.429 2.736 3.024 3.273 3.478 3.642 3.773 3.881 3.971 4.049 4.120 4.185 4.246 4.304 4.360 4.414 4.466 4.517 4.566 4.614 4.661 4.706 4.750 4.793 4.835 4.876 4.915 4.954 4.992 5.029 5.065 5.101 5.136 5.170 5.204 5.238 5.271 5.304 5.336 5.369 5.402 5.434 5.467 5.500 5.533 5.565 5.597 5.629 5.660 5.691 5.720 5.749 5.777 5.803
-99.000 -99.000 -99.000 -99.000 -99.000 -99.000 -99.000 -99.000 -99.000 -99.000 -99.000 -99.000 -99.000 1.646 1.673 1.782 1.988 2.262 2.567 2.869 3.141 3.370 3.556 3.704 3.823 3.921 4.005 4.079 4.146 4.208 4.267 4.323 4.378 4.430 4.481 4.532 4.581 4.629 4.676 4.721 4.765 4.809 4.851 4.892 4.932 4.970 5.008 5.046 5.082 5.117 5.152 5.187 5.221 5.254 5.287 5.319 5.351 5.384 5.416 5.449 5.481 5.513 5.545 5.577 5.609 5.640 5.671 5.701 5.731 5.759 5.786 5.813
-99.000 -99.000 -99.000 -99.000 -99.000 -99.000 -99.000 -99.000 -99.000 -99.000 -99.000 -99.000 1.644 1.651 1.709 1.863 2.103 2.396 2.704 2.994 3.248 3.458 3.626 3.760 3.868 3.959 4.037 4.106 4.170 4.230 4.287 4.342 4.395 4.446 4.497 4.547 4.595 4.643 4.690 4.735 4.779 4.823 4.865 4.906 4.946 4.985 5.024 5.061 5.097 5.133 5.168 5.203 5.236 5.270 5.303 5.335 5.367 5.399 5.431 5.463 5.495 5.527 5.559 5.590 5.621 5.652 5.683 5.713 5.742 5.770 5.798 5.824
-99.000 -99.000 -99.000 -99.000 -99.000 -99.000 -99.000 -99.000 -99.000 -99.000 -99.000 -99.000 1.645 1.666 1.764 1.959 2.227 2.531 2.835 3.111 3.346 3.537 3.689 3.811 3.910 3.994 4.067 4.133 4.193 4.251 4.306 4.360 4.412 4.462 4.512 4.561 4.609 4.657 4.703 4.748 4.793 4.836 4.878 4.919 4.960 4.999 5.037 5.075 5.111 5.147 5.182 5.217 5.251 5.285 5.318 5.350 5.381 5.414 5.446 5.478 5.509 5.541 5.573 5.604 5.635 5.666 5.696 5.726 5.755 5.783 5.810 5.837
-99.000 -99.000 -99.000 -99.000 -99.000 -99.000 -99.000 -99.000 -99.000 -99.000 -99.000 1.644 1.649 1.697 1.838 2.069 2.357 2.665 2.960 3.220 3.435 3.609 3.747 3.857 3.949 4.027 4.095 4.158 4.216 4.272 4.325 4.378 4.428 4.477 4.527 4.576 4.623 4.670 4.716 4.761 4.805 4.848 4.890 4.931 4.971 5.011 5.049 5.087 5.124 5.160 5.195 5.230 5.265 5.298 5.332 5.364 5.396 5.428 5.460 5.492 5.524 5.555 5.587 5.618 5.649 5.680 5.710 5.740 5.769 5.797 5.824 5.851
-99.000 -99.000 -99.000 -99.000 -99.000 -99.000 -99.000 -99.000 -99.000 -99.000 -99.000 1.645 1.660 1.745 1.927 2.187 2.488 2.795 3.077 3.319 3.516 3.674 3.799 3.900 3.985 4.058 4.123 4.182 4.239 4.293 4.345 4.396 4.445 4.494 4.543 4.591 4.637 4.683 4.728 4.773 4.816 4.859 4.901 4.942 4.982 5.021 5.060 5.097 5.134 5.171 5.207 5.242 5.276 5.310 5.344 5.376 5.408 5.441 5.473 5.505 5.537 5.569 5.601 5.632 5.663 5.694 5.724 5.754 5.783 5.812 5.839 5.866
-99.000 -99.000 -99.000 -99.000 -99.000 -99.000 -99.000 -99.000 -99.000 -99.000 1.644 1.647 1.684 1.810 2.030 2.312 2.619 2.919 3.186 3.410 3.590 3.733 3.847 3.940 4.019 4.087 4.149 4.207 4.261 4.314 4.365 4.415 4.464 4.512 4.559 4.606 4.651 4.696 4.741 4.784 4.827 4.869 4.910 4.951 4.991 5.030 5.069 5.106 5.144 5.180 5.216 5.251 5.286 5.321 5.355 5.387 5.420 5.452 5.485 5.518 5.550 5.582 5.614 5.645 5.676 5.707 5.738 5.768 5.798 5.827 5.855 5.882
-99.000 -99.000 -99.000 -99.000 -99.000 -99.000 -99.000 -99.000 -99.000 -99.000 1.644 1.655 1.725 1.892 2.142 2.439 2.748 3.036 3.286 3.492 3.657 3.787 3.892 3.978 4.051 4.117 4.176 4.231 4.285 4.336 4.387 4.436 4.483 4.530 4.576 4.621 4.666 4.710 4.753 4.795 4.837 4.879 4.920 4.960 4.999 5.038 5.076 5.114 5.151 5.188 5.224 5.259 5.294 5.329 5.364 5.396 5.429 5.462 5.495 5.528 5.561 5.593 5.625 5.657 5.689 5.720 5.751 5.782 5.812 5.841 5.869 5.897
-99.000 -99.000 -99.000 -99.000 -99.000 -99.000 -99.000 -99.000 -99.000 1.644 1.646 1.673 1.782 1.987 2.261 2.567 2.871 3.146 3.379 3.568 3.718 3.837 3.933 4.014 4.083 4.145 4.203 4.257 4.309 4.360 4.409 4.457 4.503 4.548 4.593 4.637 4.681 4.723 4.765 4.807 4.848 4.888 4.928 4.968 5.006 5.045 5.083 5.120 5.157 5.194 5.230 5.266 5.301 5.336 5.370 5.404 5.437 5.470 5.504 5.537 5.570 5.603 5.635 5.668 5.700 5.732 5.763 5.794 5.824 5.854 5.883 5.912
-99.000 -99.000 -99.000 -99.000 -99.000 -99.000 -99.000 -99.000 -99.000 1.644 1.651 1.705 1.855 2.092 2.384 2.693 2.988 3.248 3.464 3.636 3.774 3.883 3.973 4.048 4.114 4.174 4.230 4.283 4.335 4.385 4.433 4.480 4.524 4.568 4.612 4.654 4.696 4.738 4.778 4.819 4.858 4.898 4.937 4.975 5.013 5.051 5.088 5.125 5.162 5.198 5.234 5.270 5.305 5.341 5.375 5.409 5.443 5.477 5.510 5.544 5.578 5.611 5.644 5.677 5.709 5.741 5.773 5.804 5.835 5.866 5.896 5.925
-99.000 -99.000 -99.000 -99.000 -99.000 -99.000 -99.000 -99.000 -99.000 1.645 1.663 1.753 1.940 2.204 2.507 2.815 3.099 3.342 3.541 3.699 3.825 3.926 4.010 4.082 4.145 4.204 4.258 4.311 4.361 4.410 4.457 4.503 4.546 4.588 4.631 4.672 4.713 4.753 4.792 4.831 4.870 4.908 4.945 4.983 5.020 5.057 5.093 5.130 5.166 5.202 5.238 5.273 5.308 5.344 5.379 5.413 5.446 5.481 5.515 5.549 5.583 5.617 5.650 5.683 5.716 5.749 5.781 5.813 5.844 5.875 5.906 5.936
-99.000 -99.000 -99.000 -99.000 -99.000 -99.000 -99.000 -99.000 1.645 1.648 1.687 1.815 2.037 2.321 2.630 2.932 3.202 3.428 3.612 3.757 3.873 3.967 4.046 4.115 4.176 4.233 4.287 4.339 4.389 4.437 4.483 4.527 4.569 4.610 4.651 4.691 4.730 4.769 4.807 4.844 4.882 4.918 4.955 4.991 5.027 5.063 5.098 5.134 5.169 5.204 5.240 5.275 5.310 5.345 5.380 5.414 5.448 5.483 5.518 5.552 5.586 5.621 5.654 5.688 5.721 5.754 5.787 5.819 5.851 5.883 5.914 5.945
-99.000 -99.000 -99.000 -99.000 -99.000 -99.000 -99.000 -99.000 1.645 1.655 1.724 1.891 2.141 2.439 2.750 3.042 3.297 3.508 3.677 3.811 3.918 4.007 4.082 4.148 4.208 4.264 4.317 4.368 4.417 4.464 4.508 4.551 4.592 4.632 4.672 4.711 4.749 4.786 4.823 4.859 4.895 4.930 4.965 5.000 5.034 5.069 5.103 5.137 5.172 5.206 5.241 5.276 5.311 5.345 5.380 5.415 5.449 5.484 5.518 5.553 5.588 5.622 5.656 5.690 5.724 5.757 5.790 5.823 5.855 5.888 5.919 5.951
-99.000 -99.000 -99.000 -99.000 -99.000 -99.000 -99.000 -99.000 1.647 1.671 1.776 1.978 2.250 2.558 2.865 3.146 3.385 3.580 3.736 3.861 3.961 4.045 4.117 4.181 4.239 4.295 4.347 4.397 4.445 4.491 4.534 4.576 4.616 4.655 4.694 4.732 4.769 4.805 4.840 4.875 4.909 4.943 4.977 5.010 5.043 5.076 5.109 5.142 5.175 5.208 5.242 5.276 5.310 5.345 5.379 5.413 5.447 5.482 5.517 5.552 5.587 5.622 5.656 5.691 5.724 5.758 5.792 5.825 5.857 5.890 5.922 5.955
-99.000 -99.000 -99.000 -99.000 -99.000 -99.000 -99.000 1.645 1.650 1.698 1.840 2.072 2.362 2.674 2.975 3.242 3.466 3.647 3.792 3.907 4.002 4.081 4.151 4.213 4.271 4.326 4.377 4.426 4.473 4.518 4.560 4.602 4.641 4.679 4.717 4.754 4.790 4.825 4.859 4.893 4.926 4.958 4.990 5.021 5.053 5.084 5.115 5.147 5.178 5.211 5.243 5.276 5.309 5.343 5.377 5.411 5.445 5.480 5.515 5.550 5.585 5.619 5.654 5.688 5.723 5.756 5.790 5.823 5.857 5.890 5.923 5.956
-99.000 -99.000 -99.000 -99.000 -99.000 -99.000 -99.000 1.645 1.660 1.738 1.915 2.173 2.475 2.786 3.078 3.331 3.541 3.709 3.843 3.951 4.041 4.117 4.185 4.246 4.303 4.356 4.407 4.455 4.501 4.545 4.587 4.628 4.666 4.704 4.741 4.777 4.812 4.846 4.880 4.912 4.944 4.975 5.005 5.035 5.064 5.094 5.124 5.153 5.183 5.214 5.245 5.277 5.309 5.342 5.375 5.408 5.441 5.476 5.511 5.545 5.580 5.615 5.650 5.684 5.718 5.752 5.786 5.820 5.853 5.887 5.920 5.954
-99.000 -99.000 -99.000 -99.000 -99.000 -99.000 1.645 1.647 1.677 1.790 1.999 2.276 2.586 2.894 3.175 3.414 3.610 3.766 3.892 3.994 4.079 4.152 4.218 4.278 4.334 4.387 4.436 4.484 4.529 4.572 4.614 4.654 4.692 4.729 4.766 4.801 4.836 4.869 4.902 4.933 4.964 4.993 5.022 5.051 5.079 5.106 5.134 5.162 5.190 5.219 5.248 5.278 5.309 5.340 5.372 5.404 5.437 5.471 5.505 5.540 5.574 5.609 5.643 5.678 5.712 5.746 5.780 5.814 5.848 5.882 5.916 5.950
-99.000 -99.000 -99.000 -99.000 -99.000 -99.000 1.645 1.652 1.705 1.852 2.088 2.381 2.695 2.997 3.265 3.491 3.674 3.820 3.938 4.034 4.116 4.187 4.251 4.310 4.365 4.416 4.465 4.512 4.557 4.599 4.640 4.680 4.718 4.755 4.791 4.826 4.860 4.893 4.925 4.956 4.985 5.014 5.042 5.069 5.096 5.122 5.147 5.173 5.199 5.226 5.253 5.281 5.310 5.340 5.370 5.400 5.433 5.466 5.499 5.533 5.567 5.601 5.636 5.670 5.704 5.738 5.772 5.807 5.841 5.875 5.910 5.945
-99.000 -99.000 -99.000 -99.000 -99.000 -99.000 1.646 1.661 1.743 1.922 2.182 2.486 2.800 3.093 3.350 3.562 3.733 3.870 3.981 4.073 4.152 4.221 4.283 4.341 4.395 4.446 4.494 4.540 4.584 4.626 4.667 4.706 4.744 4.780 4.816 4.851 4.885 4.917 4.949 4.979 5.009 5.037 5.064 5.090 5.115 5.140 5.164 5.188 5.212 5.236 5.261 5.287 5.313 5.341 5.369 5.398 5.429 5.461 5.493 5.526 5.560 5.593 5.627 5.661 5.695 5.729 5.763 5.798 5.832 5.867 5.902 5.938
-99.000 -99.000 -99.000 -99.000 -99.000 1.645 1.647 1.677 1.791 1.999 2.278 2.589 2.900 3.184 3.428 3.628 3.789 3.918 4.023 4.111 4.187 4.254 4.315 4.372 4.425 4.475 4.522 4.567 4.611 4.653 4.693 4.732 4.769 4.806 4.841 4.876 4.910 4.943 4.974 5.004 5.033 5.061 5.088 5.113 5.137 5.161 5.184 5.206 5.228 5.250 5.272 5.295 5.319 5.345 5.370 5.397 5.426 5.456 5.487 5.519 5.552 5.585 5.618 5.652 5.685 5.719 5.754 5.788 5.823 5.858 5.894 5.930
-99.000 -99.000 -99.000 -99.000 -99.000 1.645 1.651 1.702 1.848 2.082 2.375 2.690 2.996 3.270 3.501 3.689 3.840 3.962 4.063 4.147 4.221 4.287 4.347 4.402 4.454 4.503 4.550 4.595 4.638 4.679 4.719 4.758 4.794 4.831 4.867 4.901 4.935 4.968 4.999 5.030 5.059 5.087 5.113 5.138 5.162 5.185 5.206 5.227 5.247 5.267 5.287 5.308 5.329 5.352 5.375 5.399 5.426 5.454 5.483 5.513 5.545 5.577 5.609 5.642 5.676 5.710 5.744 5.779 5.814 5.849 5.885 5.922
-99.000 -99.000 -99.000 -99.000 -99.000 1.645 1.659 1.736 1.912 2.168 2.472 2.789 3.087 3.350 3.569 3.746 3.889 4.005 4.101 4.183 4.254 4.319 4.377 4.432 4.483 4.531 4.577 4.622 4.664 4.705 4.745 4.782 4.819 4.856 4.891 4.926 4.960 4.993 5.025 5.055 5.085 5.113 5.139 5.164 5.188 5.211 5.232 5.252 5.271 5.289 5.307 5.325 5.344 5.363 5.383 5.404 5.428 5.453 5.481 5.509 5.539 5.570 5.601 5.634 5.667 5.701 5.735 5.770 5.805 5.841 5.878 5.915
-99.000 -99.000 -99.000 -99.000 1.645 1.647 1.673 1.779 1.983 2.257 2.569 2.884 3.174 3.425 3.632 3.800 3.935 4.045 4.138 4.217 4.287 4.350 4.408 4.461 4.512 4.559 4.605 4.648 4.690 4.730 4.770 4.807 4.843 4.880 4.916 4.951 4.985 5.018 5.050 5.081 5.111 5.139 5.166 5.192 5.216 5.239 5.260 5.279 5.297 5.315 5.331 5.347 5.363 5.379 5.395 5.413 5.434 5.457 5.481 5.507 5.535 5.565 5.595 5.627 5.660 5.693 5.727 5.762 5.798 5.834 5.871 5.909
-99.000 -99.000 -99.000 -99.000 1.645 1.650 1.695 1.831 2.060 2.349 2.666 2.976 3.257 3.496 3.692 3.850 3.978 4.084 4.173 4.250 4.319 4.380 4.437 4.490 4.540 4.587 4.631 4.674 4.715 4.755 4.794 4.831 4.867 4.904 4.940 4.975 5.009 5.042 5.075 5.106 5.136 5.165 5.193 5.219 5.244 5.267 5.289 5.309 5.327 5.343 5.359 5.373 5.386 5.400 5.414 5.428 5.445 5.464 5.486 5.509 5.535 5.563 5.592 5.623 5.655 5.688 5.722 5.757 5.793 5.829 5.867 5.905
