version2/TsunamiDB/out54082.asc
ncols          264
nrows          230
xllcorner      497853.4375
yllcorner      4229146.0000
cellsize         5.
NODATA_value   -99
[rows 102 to 135 of 230, columns 152 to 227 of 264]
6.693 6.710 6.728 6.745 6.763 6.780 6.798 6.815 6.831 6.848 6.864 6.880 6.895 6.910 6.925 6.940 6.954 6.968 6.982 6.995 7.006 7.018 7.029 7.040 7.051 7.062 7.072 7.082 7.092 7.102 7.111 7.121 7.131 7.141 7.151 7.162 7.173 7.185 7.198 7.211 7.224 7.238 7.252 7.265 7.278 7.292 7.307 7.322 7.338 7.355 7.372 7.389 7.406 7.423 7.439 7.457 7.475 7.493 7.512 7.532 7.552 7.572 7.593 7.616 7.642 7.675 7.710 7.749 7.797 7.850 7.910 7.980 8.061 8.153 8.245 8.304
6.698 6.715 6.733 6.750 6.768 6.785 6.803 6.820 6.837 6.853 6.870 6.886 6.901 6.916 6.931 6.946 6.960 6.974 6.988 7.001 7.013 7.025 7.036 7.047 7.058 7.069 7.079 7.090 7.099 7.109 7.119 7.128 7.138 7.148 7.158 7.169 7.180 7.192 7.204 7.217 7.230 7.244 7.257 7.270 7.282 7.296 7.310 7.325 7.341 7.358 7.374 7.391 7.408 7.424 7.439 7.456 7.473 7.490 7.509 7.529 7.550 7.574 7.598 7.626 7.657 7.693 7.732 7.776 7.828 7.883 7.943 8.011 8.092 8.186 8.282 8.342
6.701 6.719 6.736 6.754 6.771 6.789 6.807 6.824 6.841 6.858 6.874 6.891 6.906 6.922 6.937 6.951 6.966 6.980 6.994 7.007 7.019 7.031 7.042 7.054 7.065 7.076 7.086 7.097 7.107 7.116 7.126 7.135 7.145 7.155 7.165 7.175 7.187 7.198 7.210 7.223 7.235 7.249 7.262 7.274 7.286 7.299 7.313 7.328 7.343 7.360 7.376 7.393 7.409 7.424 7.439 7.454 7.470 7.487 7.506 7.527 7.550 7.576 7.605 7.637 7.673 7.713 7.755 7.803 7.858 7.916 7.977 8.045 8.125 8.218 8.317 8.378
6.703 6.720 6.738 6.755 6.773 6.791 6.809 6.827 6.844 6.861 6.878 6.894 6.911 6.926 6.941 6.956 6.971 6.985 6.999 7.013 7.025 7.037 7.048 7.060 7.071 7.082 7.093 7.103 7.113 7.123 7.132 7.142 7.151 7.161 7.171 7.182 7.192 7.204 7.216 7.228 7.240 7.253 7.266 7.277 7.289 7.302 7.316 7.330 7.345 7.361 7.378 7.394 7.410 7.424 7.437 7.452 7.467 7.484 7.503 7.525 7.551 7.582 7.615 7.651 7.691 7.734 7.779 7.831 7.889 7.949 8.011 8.078 8.156 8.250 8.356 8.418
6.701 6.719 6.737 6.755 6.773 6.792 6.810 6.828 6.846 6.863 6.880 6.897 6.914 6.929 6.945 6.960 6.975 6.990 7.004 7.018 7.030 7.042 7.054 7.066 7.077 7.088 7.099 7.109 7.119 7.129 7.139 7.148 7.158 7.167 7.177 7.187 7.198 7.209 7.221 7.233 7.245 7.257 7.269 7.281 7.292 7.305 7.318 7.332 7.347 7.363 7.379 7.395 7.410 7.423 7.435 7.449 7.465 7.482 7.502 7.526 7.556 7.590 7.627 7.667 7.711 7.756 7.803 7.859 7.919 7.981 8.046 8.113 8.189 8.294 8.403 8.459
6.695 6.714 6.732 6.751 6.770 6.789 6.808 6.827 6.845 6.863 6.881 6.898 6.915 6.931 6.947 6.963 6.978 6.993 7.008 7.022 7.034 7.047 7.059 7.071 7.082 7.094 7.104 7.115 7.125 7.135 7.144 7.154 7.163 7.172 7.182 7.192 7.203 7.214 7.225 7.237 7.249 7.261 7.273 7.283 7.295 7.307 7.319 7.333 7.348 7.364 7.380 7.395 7.409 7.421 7.433 7.448 7.464 7.482 7.504 7.531 7.563 7.600 7.641 7.686 7.734 7.780 7.829 7.888 7.951 8.017 8.084 8.155 8.240 8.345 8.444 8.497
6.684 6.704 6.724 6.743 6.763 6.783 6.803 6.822 6.841 6.860 6.879 6.897 6.914 6.931 6.948 6.964 6.980 6.995 7.011 7.025 7.038 7.050 7.063 7.075 7.087 7.098 7.109 7.120 7.130 7.140 7.149 7.159 7.168 7.177 7.187 7.196 7.207 7.217 7.229 7.240 7.252 7.264 7.275 7.286 7.296 7.308 7.321 7.334 7.349 7.364 7.380 7.395 7.408 7.420 7.433 7.448 7.465 7.485 7.509 7.539 7.574 7.613 7.658 7.707 7.758 7.806 7.856 7.919 7.987 8.056 8.127 8.206 8.295 8.392 8.482 8.532
6.666 6.687 6.709 6.730 6.751 6.772 6.793 6.814 6.834 6.854 6.873 6.892 6.911 6.928 6.946 6.963 6.980 6.996 7.011 7.026 7.040 7.053 7.066 7.078 7.090 7.102 7.113 7.124 7.134 7.144 7.154 7.163 7.172 7.181 7.190 7.200 7.210 7.221 7.232 7.243 7.255 7.266 7.277 7.287 7.298 7.309 7.321 7.335 7.349 7.364 7.379 7.394 7.407 7.420 7.434 7.450 7.468 7.490 7.518 7.550 7.587 7.629 7.677 7.730 7.785 7.834 7.886 7.955 8.026 8.099 8.176 8.259 8.347 8.436 8.517 8.564
6.641 6.664 6.687 6.709 6.732 6.755 6.777 6.800 6.821 6.843 6.863 6.884 6.903 6.922 6.941 6.959 6.977 6.994 7.010 7.026 7.040 7.053 7.067 7.080 7.092 7.104 7.116 7.127 7.138 7.148 7.157 7.166 7.175 7.184 7.193 7.203 7.213 7.223 7.234 7.245 7.257 7.268 7.279 7.289 7.299 7.310 7.322 7.335 7.349 7.364 7.379 7.393 7.407 7.421 7.437 7.454 7.475 7.499 7.529 7.563 7.602 7.647 7.698 7.756 7.815 7.866 7.921 7.993 8.069 8.147 8.228 8.310 8.394 8.476 8.549 8.594
6.608 6.632 6.657 6.682 6.706 6.731 6.755 6.779 6.803 6.826 6.848 6.870 6.892 6.912 6.932 6.952 6.970 6.988 7.006 7.022 7.037 7.052 7.066 7.080 7.093 7.105 7.117 7.129 7.140 7.150 7.159 7.169 7.178 7.186 7.195 7.205 7.214 7.225 7.235 7.247 7.258 7.269 7.280 7.289 7.299 7.310 7.321 7.334 7.348 7.362 7.378 7.393 7.409 7.424 7.441 7.461 7.483 7.510 7.542 7.579 7.620 7.667 7.722 7.784 7.849 7.902 7.958 8.035 8.115 8.196 8.277 8.358 8.438 8.513 8.579 8.621
6.571 6.596 6.621 6.647 6.673 6.700 6.726 6.752 6.777 6.802 6.827 6.851 6.874 6.897 6.918 6.939 6.960 6.979 6.998 7.016 7.032 7.048 7.063 7.077 7.091 7.104 7.117 7.129 7.140 7.151 7.160 7.170 7.179 7.188 7.197 7.206 7.215 7.225 7.236 7.247 7.259 7.270 7.280 7.289 7.298 7.309 7.320 7.332 7.346 7.361 7.377 7.394 7.411 7.429 7.448 7.470 7.494 7.524 7.559 7.598 7.641 7.690 7.748 7.815 7.885 7.940 7.999 8.080 8.163 8.244 8.324 8.403 8.478 8.547 8.607 8.645
6.532 6.557 6.582 6.609 6.636 6.663 6.690 6.718 6.745 6.772 6.799 6.825 6.851 6.875 6.899 6.922 6.944 6.966 6.987 7.006 7.023 7.040 7.056 7.072 7.087 7.101 7.114 7.127 7.139 7.150 7.160 7.170 7.179 7.188 7.196 7.206 7.215 7.225 7.236 7.247 7.259 7.270 7.279 7.288 7.297 7.307 7.318 7.330 7.344 7.360 7.377 7.396 7.416 7.436 7.457 7.480 7.507 7.539 7.577 7.618 7.663 7.715 7.778 7.850 7.924 7.980 8.041 8.126 8.208 8.289 8.367 8.442 8.513 8.576 8.632 8.667
6.498 6.521 6.545 6.570 6.597 6.624 6.652 6.680 6.709 6.737 6.766 6.794 6.821 6.848 6.874 6.899 6.924 6.947 6.970 6.991 7.010 7.028 7.046 7.063 7.080 7.095 7.109 7.123 7.135 7.147 7.158 7.168 7.177 7.186 7.195 7.204 7.214 7.224 7.235 7.246 7.258 7.269 7.278 7.286 7.295 7.305 7.316 7.328 7.343 7.360 7.378 7.399 7.421 7.443 7.467 7.493 7.522 7.556 7.596 7.640 7.688 7.743 7.809 7.884 7.963 8.021 8.084 8.169 8.251 8.332 8.407 8.479 8.546 8.605 8.656 8.688
6.469 6.490 6.512 6.535 6.560 6.586 6.614 6.642 6.670 6.700 6.729 6.758 6.787 6.816 6.844 6.871 6.898 6.924 6.948 6.971 6.992 7.013 7.032 7.051 7.069 7.086 7.101 7.116 7.130 7.142 7.154 7.164 7.174 7.184 7.193 7.202 7.212 7.222 7.233 7.244 7.256 7.267 7.276 7.284 7.292 7.302 7.313 7.326 7.342 7.360 7.381 7.404 7.428 7.453 7.479 7.506 7.538 7.575 7.617 7.664 7.715 7.774 7.842 7.921 8.007 8.067 8.128 8.214 8.296 8.374 8.447 8.516 8.579 8.633 8.679 8.708
6.449 6.466 6.486 6.507 6.530 6.554 6.579 6.606 6.634 6.663 6.692 6.722 6.751 6.781 6.810 6.839 6.868 6.896 6.922 6.947 6.970 6.993 7.014 7.035 7.055 7.073 7.090 7.107 7.121 7.135 7.148 7.159 7.169 7.179 7.189 7.199 7.209 7.219 7.230 7.242 7.253 7.264 7.273 7.280 7.288 7.299 7.311 7.325 7.342 7.361 7.385 7.410 7.437 7.464 7.492 7.522 7.555 7.595 7.640 7.690 7.745 7.807 7.879 7.967 8.057 8.113 8.173 8.258 8.339 8.414 8.485 8.550 8.609 8.659 8.700 8.726
6.436 6.451 6.468 6.486 6.506 6.528 6.552 6.576 6.603 6.630 6.658 6.687 6.717 6.747 6.777 6.806 6.836 6.865 6.893 6.919 6.945 6.969 6.993 7.016 7.037 7.057 7.077 7.094 7.111 7.126 7.139 7.152 7.163 7.174 7.184 7.194 7.204 7.215 7.226 7.238 7.250 7.260 7.269 7.276 7.285 7.297 7.310 7.325 7.343 7.365 7.390 7.418 7.447 7.476 7.507 7.540 7.575 7.618 7.667 7.721 7.780 7.848 7.927 8.018 8.104 8.158 8.217 8.300 8.379 8.453 8.520 8.582 8.636 8.681 8.720 8.744
6.429 6.442 6.457 6.473 6.490 6.510 6.531 6.554 6.578 6.603 6.630 6.658 6.686 6.715 6.745 6.775 6.805 6.835 6.863 6.891 6.918 6.944 6.969 6.993 7.017 7.039 7.060 7.079 7.097 7.114 7.129 7.143 7.155 7.166 7.177 7.188 7.199 7.210 7.221 7.233 7.245 7.256 7.264 7.273 7.282 7.295 7.309 7.326 7.346 7.370 7.397 7.427 7.458 7.491 7.525 7.560 7.598 7.645 7.698 7.757 7.821 7.894 7.978 8.066 8.148 8.201 8.258 8.339 8.417 8.488 8.552 8.610 8.661 8.703 8.739 8.761
6.428 6.439 6.452 6.465 6.481 6.498 6.517 6.538 6.560 6.583 6.608 6.634 6.661 6.689 6.718 6.747 6.777 6.806 6.835 6.863 6.890 6.918 6.944 6.970 6.995 7.019 7.041 7.062 7.082 7.100 7.117 7.132 7.145 7.158 7.169 7.181 7.192 7.203 7.215 7.228 7.240 7.251 7.260 7.270 7.281 7.295 7.311 7.329 7.352 7.377 7.405 7.437 7.471 7.507 7.545 7.583 7.624 7.677 7.734 7.797 7.866 7.944 8.027 8.112 8.191 8.242 8.297 8.377 8.452 8.521 8.582 8.636 8.684 8.724 8.757 8.777
6.431 6.440 6.451 6.463 6.477 6.492 6.509 6.528 6.548 6.570 6.593 6.617 6.643 6.669 6.696 6.724 6.753 6.782 6.810 6.838 6.866 6.893 6.920 6.947 6.973 6.998 7.022 7.044 7.065 7.085 7.103 7.120 7.134 7.148 7.160 7.172 7.184 7.196 7.209 7.221 7.234 7.246 7.257 7.268 7.280 7.296 7.314 7.334 7.358 7.385 7.415 7.448 7.485 7.526 7.569 7.610 7.656 7.712 7.774 7.842 7.914 7.992 8.074 8.156 8.232 8.281 8.334 8.411 8.484 8.551 8.609 8.661 8.706 8.743 8.775 8.793
6.437 6.445 6.454 6.465 6.477 6.491 6.506 6.523 6.542 6.562 6.583 6.606 6.630 6.655 6.681 6.707 6.735 6.763 6.790 6.817 6.844 6.871 6.899 6.925 6.952 6.977 7.002 7.026 7.049 7.070 7.089 7.107 7.123 7.137 7.150 7.163 7.176 7.188 7.201 7.215 7.229 7.243 7.255 7.268 7.282 7.299 7.319 7.340 7.366 7.395 7.426 7.462 7.502 7.547 7.596 7.641 7.690 7.751 7.819 7.889 7.962 8.038 8.117 8.197 8.271 8.318 8.369 8.444 8.515 8.579 8.635 8.685 8.728 8.763 8.791 8.808
6.444 6.452 6.460 6.470 6.480 6.493 6.507 6.522 6.539 6.558 6.578 6.599 6.622 6.646 6.670 6.696 6.722 6.749 6.775 6.801 6.827 6.854 6.881 6.907 6.934 6.959 6.985 7.009 7.032 7.054 7.075 7.093 7.110 7.126 7.140 7.153 7.167 7.180 7.194 7.209 7.225 7.240 7.255 7.269 7.285 7.303 7.325 7.348 7.375 7.405 7.439 7.477 7.522 7.573 7.627 7.675 7.728 7.795 7.865 7.936 8.008 8.082 8.158 8.236 8.309 8.354 8.403 8.476 8.544 8.606 8.660 8.708 8.748 8.781 8.807 8.821
6.453 6.460 6.468 6.476 6.486 6.497 6.510 6.524 6.540 6.557 6.576 6.597 6.618 6.641 6.664 6.688 6.713 6.739 6.765 6.790 6.815 6.841 6.867 6.893 6.919 6.945 6.970 6.994 7.018 7.040 7.062 7.081 7.099 7.114 7.129 7.144 7.158 7.172 7.188 7.204 7.221 7.239 7.255 7.271 7.288 7.309 7.332 7.356 7.385 7.418 7.454 7.496 7.545 7.602 7.661 7.712 7.768 7.838 7.910 7.982 8.052 8.124 8.198 8.273 8.345 8.389 8.436 8.507 8.572 8.631 8.682 8.728 8.767 8.797 8.820 8.833
6.463 6.469 6.476 6.484 6.493 6.504 6.515 6.528 6.543 6.559 6.577 6.597 6.617 6.639 6.661 6.685 6.709 6.734 6.759 6.783 6.807 6.832 6.857 6.883 6.908 6.933 6.958 6.983 7.006 7.029 7.050 7.070 7.088 7.104 7.120 7.135 7.150 7.165 7.182 7.200 7.219 7.239 7.257 7.275 7.293 7.315 7.339 7.366 7.397 7.432 7.471 7.517 7.571 7.631 7.696 7.750 7.809 7.881 7.954 8.026 8.095 8.165 8.236 8.308 8.380 8.423 8.469 8.536 8.598 8.654 8.703 8.747 8.785 8.813 8.832 8.843
6.473 6.479 6.486 6.493 6.502 6.511 6.522 6.534 6.548 6.563 6.580 6.599 6.619 6.640 6.661 6.684 6.708 6.732 6.756 6.779 6.803 6.827 6.852 6.876 6.901 6.926 6.950 6.974 6.997 7.020 7.041 7.061 7.079 7.096 7.111 7.127 7.143 7.159 7.177 7.197 7.218 7.240 7.260 7.279 7.299 7.322 7.348 7.376 7.410 7.448 7.491 7.542 7.599 7.665 7.735 7.792 7.851 7.925 7.999 8.070 8.138 8.206 8.273 8.344 8.418 8.460 8.502 8.566 8.625 8.677 8.724 8.766 8.802 8.828 8.843 8.852
6.482 6.489 6.495 6.503 6.510 6.519 6.529 6.541 6.554 6.569 6.585 6.603 6.622 6.642 6.663 6.686 6.709 6.732 6.756 6.779 6.802 6.825 6.849 6.873 6.897 6.922 6.945 6.969 6.992 7.014 7.035 7.055 7.073 7.090 7.105 7.121 7.138 7.155 7.175 7.196 7.219 7.242 7.263 7.283 7.304 7.330 7.358 7.389 7.426 7.467 7.515 7.570 7.632 7.705 7.779 7.835 7.894 7.969 8.043 8.114 8.181 8.246 8.311 8.385 8.458 8.496 8.535 8.596 8.651 8.699 8.743 8.783 8.817 8.838 8.850 8.858
6.492 6.499 6.505 6.512 6.520 6.528 6.538 6.549 6.561 6.575 6.591 6.608 6.626 6.646 6.667 6.689 6.711 6.735 6.758 6.780 6.803 6.826 6.850 6.873 6.897 6.920 6.944 6.967 6.990 7.012 7.032 7.052 7.070 7.086 7.101 7.118 7.135 7.153 7.174 7.196 7.220 7.244 7.266 7.288 7.312 7.340 7.371 7.405 7.445 7.492 7.544 7.604 7.672 7.749 7.823 7.878 7.937 8.012 8.086 8.157 8.224 8.289 8.357 8.429 8.495 8.531 8.567 8.624 8.674 8.720 8.760 8.797 8.826 8.844 8.857 8.865
6.502 6.508 6.515 6.522 6.529 6.537 6.546 6.557 6.569 6.582 6.597 6.613 6.631 6.651 6.671 6.693 6.715 6.738 6.761 6.783 6.806 6.829 6.852 6.875 6.899 6.922 6.945 6.968 6.990 7.012 7.032 7.052 7.069 7.085 7.101 7.117 7.134 7.153 7.174 7.198 7.222 7.246 7.270 7.294 7.322 7.353 7.386 7.425 7.470 7.520 7.577 7.642 7.715 7.793 7.866 7.921 7.979 8.054 8.130 8.201 8.268 8.335 8.403 8.470 8.531 8.563 8.598 8.650 8.696 8.738 8.775 8.807 8.832 8.850 8.863 8.870
6.511 6.518 6.524 6.531 6.539 6.547 6.555 6.565 6.576 6.589 6.604 6.620 6.637 6.656 6.676 6.698 6.720 6.743 6.765 6.788 6.810 6.833 6.856 6.879 6.902 6.926 6.948 6.971 6.993 7.015 7.035 7.054 7.071 7.087 7.102 7.119 7.136 7.155 7.177 7.200 7.225 7.249 7.275 7.303 7.334 7.368 7.405 7.448 7.498 7.553 7.615 7.684 7.758 7.835 7.908 7.963 8.020 8.098 8.173 8.245 8.314 8.382 8.448 8.510 8.565 8.594 8.626 8.673 8.716 8.754 8.787 8.814 8.837 8.854 8.868 8.875
6.520 6.527 6.534 6.541 6.548 6.556 6.564 6.574 6.585 6.597 6.611 6.626 6.644 6.662 6.682 6.703 6.725 6.748 6.771 6.793 6.816 6.838 6.861 6.885 6.908 6.931 6.954 6.976 6.998 7.020 7.040 7.059 7.076 7.092 7.107 7.123 7.140 7.159 7.180 7.203 7.228 7.255 7.283 7.314 7.349 7.387 7.428 7.476 7.530 7.590 7.655 7.725 7.800 7.877 7.951 8.005 8.063 8.141 8.217 8.290 8.360 8.427 8.490 8.547 8.596 8.624 8.653 8.695 8.733 8.767 8.796 8.821 8.842 8.858 8.872 8.880
6.528 6.536 6.543 6.550 6.558 6.565 6.574 6.583 6.593 6.605 6.619 6.634 6.650 6.669 6.688 6.709 6.731 6.754 6.777 6.799 6.822 6.845 6.868 6.891 6.914 6.937 6.960 6.983 7.005 7.027 7.047 7.066 7.083 7.099 7.113 7.129 7.146 7.164 7.184 7.208 7.234 7.262 7.293 7.329 7.368 7.409 7.454 7.506 7.565 7.628 7.694 7.765 7.840 7.917 7.993 8.048 8.106 8.184 8.262 8.335 8.404 8.469 8.529 8.582 8.626 8.651 8.677 8.714 8.749 8.779 8.805 8.827 8.846 8.862 8.877 8.884
6.537 6.545 6.552 6.560 6.567 6.575 6.583 6.592 6.602 6.613 6.626 6.641 6.657 6.675 6.695 6.716 6.738 6.760 6.783 6.805 6.828 6.851 6.875 6.898 6.922 6.945 6.968 6.991 7.014 7.035 7.056 7.075 7.092 7.107 7.121 7.136 7.153 7.170 7.190 7.214 7.241 7.272 7.307 7.347 7.390 7.434 7.482 7.539 7.601 7.666 7.733 7.804 7.879 7.958 8.036 8.091 8.148 8.229 8.307 8.379 8.446 8.509 8.566 8.614 8.654 8.676 8.699 8.732 8.762 8.789 8.812 8.832 8.850 8.866 8.882 8.889
6.546 6.554 6.562 6.569 6.577 6.584 6.592 6.601 6.611 6.622 6.635 6.649 6.665 6.682 6.702 6.722 6.744 6.767 6.790 6.812 6.835 6.859 6.882 6.906 6.930 6.953 6.977 7.000 7.023 7.045 7.066 7.086 7.102 7.117 7.130 7.145 7.161 7.178 7.198 7.223 7.252 7.285 7.324 7.368 7.414 7.461 7.512 7.572 7.637 7.703 7.771 7.841 7.917 7.998 8.078 8.133 8.192 8.273 8.349 8.420 8.485 8.545 8.599 8.643 8.678 8.698 8.719 8.748 8.774 8.798 8.819 8.837 8.854 8.870 8.886 8.894
6.555 6.563 6.571 6.579 6.586 6.594 6.602 6.611 6.620 6.631 6.643 6.657 6.672 6.690 6.709 6.730 6.752 6.774 6.796 6.819 6.843 6.866 6.890 6.914 6.938 6.962 6.986 7.010 7.033 7.056 7.077 7.097 7.113 7.127 7.140 7.155 7.170 7.187 7.208 7.234 7.265 7.301 7.344 7.390 7.440 7.489 7.542 7.604 7.671 7.739 7.807 7.878 7.955 8.036 8.118 8.175 8.233 8.313 8.388 8.457 8.520 8.578 8.629 8.670 8.702 8.719 8.737 8.763 8.786 8.808 8.826 8.843 8.859 8.875 8.890 8.898
6.565 6.573 6.581 6.589 6.596 6.604 6.612 6.621 6.630 6.640 6.652 6.665 6.681 6.698 6.716 6.737 6.759 6.781 6.804 6.827 6.850 6.874 6.899 6.923 6.948 6.972 6.996 7.021 7.044 7.067 7.089 7.109 7.125 7.139 7.151 7.165 7.181 7.198 7.220 7.248 7.281 7.320 7.365 7.415 7.468 7.519 7.572 7.637 7.706 7.775 7.844 7.916 7.992 8.075 8.162 8.219 8.276 8.355 8.428 8.495 8.555 8.611 8.659 8.696 8.724 8.739 8.754 8.777 8.798 8.817 8.833 8.848 8.863 8.878 8.895 8.902
