version2/TsunamiDB/out54037.asc
ncols          264
nrows          230
xllcorner      497853.4375
yllcorner      4229146.0000
cellsize         5.
NODATA_value   -99
[rows 128 to 159 of 230, columns 72 to 143 of 264]
-99.000 -99.000 -99.000 -99.000 -99.000 -99.000 -99.000 -99.000 -99.000 -99.000 -99.000 -99.000 -99.000 -99.000 -99.000 -99.000 -99.000 -99.000 -99.000 -99.000 -99.000 -99.000 -99.000 -99.000 -99.000 -99.000 1.648 1.673 1.777 1.977 2.252 2.562 2.874 3.161 3.407 3.609 3.771 3.902 4.008 4.098 4.175 4.244 4.307 4.365 4.420 4.472 4.522 4.570 4.617 4.662 4.705 4.747 4.787 4.826 4.865 4.904 4.943 4.981 5.019 5.057 5.096 5.134 5.173 5.212 5.251 5.290 5.329 5.367 5.406 5.445 5.483 5.522
-99.000 -99.000 -99.000 -99.000 -99.000 -99.000 -99.000 -99.000 -99.000 -99.000 -99.000 -99.000 -99.000 -99.000 -99.000 -99.000 -99.000 -99.000 -99.000 -99.000 -99.000 -99.000 -99.000 -99.000 -99.000 1.647 1.653 1.703 1.848 2.082 2.375 2.690 2.995 3.266 3.494 3.680 3.829 3.949 4.049 4.134 4.208 4.274 4.335 4.392 4.446 4.497 4.547 4.595 4.640 4.684 4.727 4.767 4.806 4.844 4.882 4.919 4.956 4.993 5.030 5.067 5.104 5.142 5.179 5.217 5.255 5.293 5.331 5.370 5.408 5.446 5.485 5.523
-99.000 -99.000 -99.000 -99.000 -99.000 -99.000 -99.000 -99.000 -99.000 -99.000 -99.000 -99.000 -99.000 -99.000 -99.000 -99.000 -99.000 -99.000 -99.000 -99.000 -99.000 -99.000 -99.000 -99.000 -99.000 1.648 1.664 1.750 1.935 2.197 2.503 2.818 3.111 3.365 3.576 3.746 3.882 3.994 4.087 4.167 4.238 4.303 4.363 4.419 4.472 4.524 4.573 4.620 4.665 4.708 4.749 4.789 4.826 4.863 4.900 4.935 4.971 5.006 5.042 5.077 5.113 5.149 5.186 5.222 5.259 5.297 5.334 5.372 5.410 5.447 5.485 5.524
-99.000 -99.000 -99.000 -99.000 -99.000 -99.000 -99.000 -99.000 -99.000 -99.000 -99.000 -99.000 -99.000 -99.000 -99.000 -99.000 -99.000 -99.000 -99.000 -99.000 -99.000 -99.000 -99.000 -99.000 1.647 1.650 1.688 1.814 2.035 2.320 2.634 2.942 3.221 3.457 3.650 3.806 3.931 4.035 4.123 4.199 4.268 4.331 4.390 4.446 4.499 4.550 4.599 4.645 4.690 4.732 4.772 4.811 4.848 4.883 4.919 4.953 4.987 5.021 5.055 5.089 5.123 5.158 5.193 5.228 5.264 5.300 5.337 5.374 5.411 5.448 5.486 5.523
-99.000 -99.000 -99.000 -99.000 -99.000 -99.000 -99.000 -99.000 -99.000 -99.000 -99.000 -99.000 -99.000 -99.000 -99.000 -99.000 -99.000 -99.000 -99.000 -99.000 -99.000 -99.000 -99.000 -99.000 1.647 1.658 1.728 1.896 2.148 2.449 2.764 3.062 3.324 3.542 3.719 3.861 3.977 4.073 4.156 4.230 4.296 4.358 4.417 4.472 4.525 4.576 4.625 4.671 4.715 4.757 4.796 4.835 4.870 4.905 4.939 4.973 5.005 5.038 5.070 5.102 5.134 5.167 5.201 5.235 5.269 5.304 5.340 5.376 5.412 5.449 5.486 5.523
-99.000 -99.000 -99.000 -99.000 -99.000 -99.000 -99.000 -99.000 -99.000 -99.000 -99.000 -99.000 -99.000 -99.000 -99.000 -99.000 -99.000 -99.000 -99.000 -99.000 -99.000 -99.000 -99.000 1.647 1.649 1.676 1.786 1.993 2.270 2.581 2.892 3.177 3.420 3.620 3.781 3.911 4.018 4.109 4.188 4.258 4.324 4.385 4.442 4.498 4.551 4.602 4.650 4.696 4.740 4.781 4.821 4.859 4.894 4.928 4.961 4.994 5.025 5.056 5.086 5.117 5.147 5.178 5.210 5.242 5.275 5.309 5.343 5.378 5.414 5.450 5.486 5.523
-99.000 -99.000 -99.000 -99.000 -99.000 -99.000 -99.000 -99.000 -99.000 -99.000 -99.000 -99.000 -99.000 -99.000 -99.000 -99.000 -99.000 -99.000 -99.000 -99.000 -99.000 -99.000 -99.000 1.647 1.654 1.710 1.862 2.103 2.399 2.713 3.016 3.284 3.509 3.692 3.838 3.958 4.057 4.142 4.217 4.286 4.350 4.410 4.468 4.523 4.576 4.627 4.675 4.721 4.765 4.806 4.846 4.883 4.918 4.952 4.985 5.016 5.046 5.076 5.105 5.133 5.162 5.191 5.221 5.251 5.282 5.314 5.347 5.381 5.415 5.450 5.486 5.522
-99.000 -99.000 -99.000 -99.000 -99.000 -99.000 -99.000 -99.000 -99.000 -99.000 -99.000 -99.000 -99.000 -99.000 -99.000 -99.000 -99.000 -99.000 -99.000 -99.000 -99.000 -99.000 -99.000 1.648 1.668 1.762 1.955 2.223 2.532 2.844 3.133 3.384 3.590 3.756 3.890 4.000 4.092 4.173 4.245 4.312 4.375 4.434 4.492 4.547 4.600 4.651 4.700 4.746 4.789 4.831 4.871 4.908 4.943 4.977 5.009 5.040 5.069 5.098 5.125 5.152 5.179 5.206 5.234 5.262 5.291 5.321 5.352 5.384 5.417 5.451 5.486 5.521
-99.000 -99.000 -99.000 -99.000 -99.000 -99.000 -99.000 -99.000 -99.000 -99.000 -99.000 -99.000 -99.000 -99.000 -99.000 -99.000 -99.000 -99.000 -99.000 -99.000 -99.000 -99.000 1.647 1.651 1.696 1.832 2.061 2.351 2.666 2.970 3.244 3.476 3.664 3.815 3.937 4.038 4.125 4.202 4.272 4.337 4.399 4.458 4.515 4.571 4.624 4.674 4.723 4.769 4.813 4.855 4.895 4.933 4.968 5.002 5.034 5.065 5.094 5.122 5.148 5.174 5.199 5.224 5.249 5.275 5.302 5.330 5.359 5.389 5.421 5.453 5.487 5.521
-99.000 -99.000 -99.000 -99.000 -99.000 -99.000 -99.000 -99.000 -99.000 -99.000 -99.000 -99.000 -99.000 -99.000 -99.000 -99.000 -99.000 -99.000 -99.000 -99.000 -99.000 -99.000 1.647 1.661 1.741 1.920 2.179 2.484 2.798 3.091 3.347 3.559 3.730 3.868 3.980 4.074 4.156 4.229 4.297 4.361 4.422 4.481 4.538 4.593 4.646 4.696 4.745 4.791 4.836 4.878 4.919 4.957 4.993 5.027 5.060 5.090 5.119 5.147 5.173 5.197 5.221 5.244 5.268 5.291 5.315 5.341 5.367 5.395 5.425 5.456 5.488 5.521
-99.000 -99.000 -99.000 -99.000 -99.000 -99.000 -99.000 -99.000 -99.000 -99.000 -99.000 -99.000 -99.000 -99.000 -99.000 -99.000 -99.000 -99.000 -99.000 -99.000 -99.000 1.647 1.650 1.684 1.806 2.023 2.306 2.619 2.927 3.206 3.442 3.636 3.791 3.916 4.019 4.107 4.185 4.256 4.322 4.385 4.445 4.504 4.560 4.614 4.667 4.717 4.765 4.812 4.857 4.900 4.941 4.980 5.016 5.051 5.085 5.116 5.145 5.173 5.198 5.223 5.245 5.267 5.289 5.310 5.332 5.355 5.379 5.404 5.431 5.460 5.491 5.522
-99.000 -99.000 -99.000 -99.000 -99.000 -99.000 -99.000 -99.000 -99.000 -99.000 -99.000 -99.000 -99.000 -99.000 -99.000 -99.000 -99.000 -99.000 -99.000 -99.000 -99.000 1.647 1.657 1.724 1.889 2.138 2.439 2.753 3.050 3.312 3.529 3.705 3.846 3.960 4.056 4.139 4.213 4.282 4.346 4.408 4.468 4.525 4.581 4.634 4.686 4.736 4.785 4.832 4.877 4.921 4.963 5.002 5.038 5.075 5.109 5.141 5.171 5.199 5.225 5.249 5.272 5.293 5.313 5.332 5.352 5.372 5.393 5.416 5.440 5.466 5.495 5.525
-99.000 -99.000 -99.000 -99.000 -99.000 -99.000 -99.000 -99.000 -99.000 -99.000 -99.000 -99.000 -99.000 -99.000 -99.000 -99.000 -99.000 -99.000 -99.000 -99.000 1.647 1.649 1.675 1.782 1.987 2.263 2.574 2.884 3.167 3.410 3.608 3.768 3.896 4.001 4.090 4.169 4.240 4.307 4.371 4.431 4.490 4.546 4.601 4.653 4.705 4.755 4.803 4.850 4.895 4.939 4.982 5.021 5.060 5.097 5.132 5.165 5.196 5.225 5.252 5.276 5.299 5.320 5.339 5.357 5.375 5.393 5.411 5.431 5.452 5.475 5.501 5.528
-99.000 -99.000 -99.000 -99.000 -99.000 -99.000 -99.000 -99.000 -99.000 -99.000 -99.000 -99.000 -99.000 -99.000 -99.000 -99.000 -99.000 -99.000 -99.000 -99.000 1.647 1.654 1.709 1.860 2.099 2.394 2.709 3.011 3.277 3.500 3.681 3.825 3.942 4.039 4.123 4.198 4.268 4.333 4.395 4.454 4.511 4.566 4.620 4.672 4.722 4.772 4.820 4.867 4.913 4.957 5.000 5.040 5.079 5.117 5.153 5.187 5.219 5.250 5.277 5.303 5.327 5.348 5.367 5.385 5.401 5.417 5.433 5.449 5.468 5.488 5.510 5.535
-99.000 -99.000 -99.000 -99.000 -99.000 -99.000 -99.000 -99.000 -99.000 -99.000 -99.000 -99.000 -99.000 -99.000 -99.000 -99.000 -99.000 -99.000 -99.000 -99.000 1.648 1.667 1.761 1.954 2.222 2.530 2.842 3.131 3.379 3.583 3.746 3.878 3.985 4.076 4.155 4.228 4.295 4.358 4.418 4.476 4.532 4.585 4.638 4.689 4.739 4.788 4.836 4.883 4.928 4.973 5.016 5.057 5.096 5.135 5.172 5.208 5.241 5.273 5.302 5.329 5.354 5.376 5.396 5.414 5.430 5.444 5.458 5.472 5.487 5.504 5.523 5.544
-99.000 -99.000 -99.000 -99.000 -99.000 -99.000 -99.000 -99.000 -99.000 -99.000 -99.000 -99.000 -99.000 -99.000 -99.000 -99.000 -99.000 -99.000 -99.000 1.647 1.651 1.696 1.833 2.062 2.352 2.666 2.971 3.244 3.472 3.658 3.807 3.927 4.026 4.112 4.188 4.257 4.322 4.383 4.441 4.497 4.552 4.605 4.656 4.707 4.756 4.804 4.852 4.898 4.943 4.987 5.031 5.072 5.112 5.151 5.189 5.226 5.261 5.294 5.324 5.353 5.379 5.403 5.424 5.443 5.459 5.474 5.487 5.499 5.512 5.525 5.540 5.558
-99.000 -99.000 -99.000 -99.000 -99.000 -99.000 -99.000 -99.000 -99.000 -99.000 -99.000 -99.000 -99.000 -99.000 -99.000 -99.000 -99.000 -99.000 -99.000 1.647 1.662 1.742 1.922 2.181 2.486 2.800 3.094 3.349 3.559 3.727 3.863 3.973 4.066 4.147 4.220 4.287 4.349 4.408 4.464 4.519 4.572 4.624 4.674 4.724 4.772 4.820 4.866 4.912 4.957 5.001 5.044 5.086 5.126 5.166 5.205 5.242 5.278 5.312 5.345 5.375 5.403 5.429 5.452 5.472 5.490 5.505 5.518 5.529 5.540 5.550 5.562 5.576
-99.000 -99.000 -99.000 -99.000 -99.000 -99.000 -99.000 -99.000 -99.000 -99.000 -99.000 -99.000 -99.000 -99.000 -99.000 -99.000 -99.000 -99.000 1.647 1.650 1.685 1.808 2.026 2.310 2.623 2.931 3.210 3.447 3.638 3.792 3.916 4.018 4.106 4.183 4.252 4.316 4.376 4.433 4.488 4.541 4.592 4.643 4.692 4.741 4.788 4.835 4.881 4.926 4.970 5.014 5.057 5.098 5.139 5.179 5.218 5.256 5.293 5.329 5.362 5.394 5.424 5.452 5.477 5.499 5.519 5.535 5.549 5.561 5.571 5.579 5.588 5.598
-99.000 -99.000 -99.000 -99.000 -99.000 -99.000 -99.000 -99.000 -99.000 -99.000 -99.000 -99.000 -99.000 -99.000 -99.000 -99.000 -99.000 -99.000 1.647 1.657 1.725 1.892 2.142 2.444 2.759 3.057 3.319 3.537 3.711 3.852 3.966 4.062 4.144 4.218 4.284 4.345 4.403 4.458 4.511 4.563 4.613 4.662 4.711 4.758 4.804 4.850 4.895 4.939 4.983 5.026 5.069 5.110 5.150 5.191 5.230 5.269 5.306 5.343 5.378 5.411 5.443 5.472 5.499 5.524 5.546 5.565 5.581 5.593 5.604 5.612 5.619 5.626
-99.000 -99.000 -99.000 -99.000 -99.000 -99.000 -99.000 -99.000 -99.000 -99.000 -99.000 -99.000 -99.000 -99.000 -99.000 -99.000 -99.000 1.647 1.649 1.676 1.785 1.991 2.268 2.580 2.892 3.177 3.421 3.620 3.780 3.908 4.015 4.104 4.182 4.252 4.315 4.374 4.430 4.483 4.535 4.585 4.634 4.682 4.729 4.775 4.821 4.865 4.909 4.953 4.996 5.038 5.080 5.120 5.161 5.201 5.241 5.280 5.318 5.355 5.391 5.426 5.459 5.490 5.519 5.546 5.571 5.592 5.610 5.625 5.637 5.645 5.652 5.657
-99.000 -99.000 -99.000 -99.000 -99.000 -99.000 -99.000 -99.000 -99.000 -99.000 -99.000 -99.000 -99.000 -99.000 -99.000 -99.000 -99.000 1.647 1.654 1.710 1.863 2.104 2.401 2.717 3.020 3.289 3.514 3.697 3.843 3.962 4.061 4.146 4.220 4.286 4.347 4.403 4.457 4.509 4.560 4.608 4.656 4.702 4.748 4.793 4.837 4.881 4.924 4.966 5.008 5.050 5.091 5.131 5.170 5.210 5.250 5.289 5.327 5.365 5.402 5.438 5.472 5.505 5.536 5.566 5.592 5.616 5.637 5.655 5.669 5.679 5.686 5.691
-99.000 -99.000 -99.000 -99.000 -99.000 -99.000 -99.000 -99.000 -99.000 -99.000 -99.000 -99.000 -99.000 -99.000 -99.000 -99.000 -99.000 1.648 1.668 1.763 1.957 2.227 2.537 2.851 3.142 3.394 3.601 3.769 3.903 4.013 4.106 4.186 4.256 4.319 4.378 4.433 4.485 4.536 4.585 4.632 4.678 4.724 4.768 4.812 4.855 4.897 4.939 4.980 5.021 5.061 5.102 5.141 5.180 5.219 5.258 5.297 5.336 5.374 5.411 5.448 5.483 5.518 5.551 5.582 5.611 5.638 5.661 5.682 5.699 5.711 5.720 5.725
-99.000 -99.000 -99.000 -99.000 -99.000 -99.000 -99.000 -99.000 -99.000 -99.000 -99.000 -99.000 -99.000 -99.000 -99.000 -99.000 1.647 1.651 1.697 1.835 2.065 2.357 2.673 2.981 3.257 3.491 3.682 3.835 3.959 4.062 4.149 4.224 4.291 4.352 4.409 4.462 4.514 4.563 4.610 4.656 4.702 4.746 4.789 4.831 4.873 4.914 4.954 4.994 5.034 5.073 5.112 5.150 5.189 5.227 5.266 5.305 5.343 5.381 5.419 5.456 5.493 5.528 5.562 5.595 5.626 5.655 5.682 5.705 5.725 5.741 5.752 5.760
-99.000 -99.000 -99.000 -99.000 -99.000 -99.000 -99.000 -99.000 -99.000 -99.000 -99.000 -99.000 -99.000 -99.000 -99.000 -99.000 1.648 1.662 1.743 1.924 2.184 2.491 2.808 3.105 3.365 3.581 3.756 3.898 4.012 4.108 4.190 4.261 4.325 4.385 4.440 4.492 4.542 4.590 4.637 4.682 4.725 4.768 4.810 4.851 4.892 4.932 4.971 5.009 5.048 5.086 5.124 5.161 5.198 5.236 5.273 5.311 5.350 5.388 5.425 5.463 5.500 5.536 5.572 5.606 5.639 5.670 5.699 5.725 5.748 5.767 5.781 5.791
-99.000 -99.000 -99.000 -99.000 -99.000 -99.000 -99.000 -99.000 -99.000 -99.000 -99.000 -99.000 -99.000 -99.000 -99.000 1.647 1.650 1.685 1.808 2.026 2.311 2.627 2.939 3.223 3.465 3.664 3.825 3.956 4.062 4.152 4.229 4.297 4.359 4.417 4.471 4.522 4.571 4.618 4.663 4.707 4.750 4.792 4.833 4.873 4.912 4.951 4.988 5.026 5.063 5.099 5.136 5.171 5.207 5.244 5.281 5.318 5.355 5.393 5.431 5.468 5.506 5.543 5.579 5.615 5.649 5.682 5.713 5.741 5.767 5.789 5.807 5.820
-99.000 -99.000 -99.000 -99.000 -99.000 -99.000 -99.000 -99.000 -99.000 -99.000 -99.000 -99.000 -99.000 -99.000 -99.000 1.647 1.657 1.724 1.889 2.140 2.443 2.761 3.065 3.333 3.558 3.741 3.890 4.010 4.110 4.193 4.267 4.332 4.392 4.448 4.501 4.551 4.599 4.645 4.690 4.733 4.775 4.816 4.856 4.895 4.933 4.971 5.007 5.043 5.079 5.114 5.149 5.183 5.218 5.253 5.288 5.324 5.361 5.398 5.435 5.473 5.510 5.548 5.585 5.621 5.657 5.691 5.724 5.754 5.782 5.807 5.828 5.844
-99.000 -99.000 -99.000 -99.000 -99.000 -99.000 -99.000 -99.000 -99.000 -99.000 -99.000 -99.000 -99.000 -99.000 -99.000 1.648 1.674 1.781 1.986 2.263 2.577 2.893 3.185 3.436 3.644 3.813 3.950 4.061 4.154 4.233 4.303 4.367 4.425 4.479 4.531 4.580 4.627 4.673 4.717 4.759 4.801 4.841 4.880 4.919 4.956 4.992 5.028 5.063 5.097 5.131 5.164 5.197 5.229 5.263 5.297 5.332 5.367 5.403 5.439 5.476 5.513 5.551 5.588 5.625 5.662 5.697 5.731 5.764 5.794 5.821 5.845 5.865
-99.000 -99.000 -99.000 -99.000 -99.000 -99.000 -99.000 -99.000 -99.000 -99.000 -99.000 -99.000 -99.000 -99.000 1.647 1.653 1.706 1.855 2.094 2.391 2.710 3.020 3.297 3.532 3.724 3.879 4.005 4.109 4.196 4.271 4.339 4.400 4.457 4.510 4.561 4.609 4.655 4.700 4.743 4.786 4.826 4.866 4.905 4.943 4.979 5.015 5.050 5.084 5.117 5.149 5.181 5.212 5.243 5.275 5.307 5.340 5.373 5.408 5.443 5.479 5.516 5.553 5.591 5.628 5.665 5.701 5.737 5.770 5.802 5.832 5.858 5.880
-99.000 -99.000 -99.000 -99.000 -99.000 -99.000 -99.000 -99.000 -99.000 -99.000 -99.000 -99.000 -99.000 -99.000 1.648 1.665 1.754 1.943 2.211 2.522 2.842 3.141 3.403 3.621 3.797 3.941 4.057 4.154 4.235 4.308 4.373 4.433 4.488 4.540 4.590 4.637 4.683 4.727 4.770 4.812 4.852 4.891 4.930 4.967 5.003 5.038 5.073 5.106 5.138 5.170 5.200 5.229 5.259 5.289 5.319 5.350 5.382 5.414 5.448 5.483 5.518 5.555 5.592 5.629 5.667 5.704 5.740 5.775 5.808 5.839 5.867 5.892
-99.000 -99.000 -99.000 -99.000 -99.000 -99.000 -99.000 -99.000 -99.000 -99.000 -99.000 -99.000 -99.000 1.647 1.650 1.690 1.820 2.044 2.334 2.654 2.969 3.255 3.500 3.702 3.865 3.997 4.105 4.196 4.274 4.344 4.407 4.465 4.519 4.570 4.619 4.665 4.710 4.754 4.796 4.837 4.877 4.916 4.954 4.991 5.027 5.062 5.096 5.129 5.161 5.192 5.221 5.249 5.277 5.306 5.334 5.363 5.392 5.422 5.454 5.487 5.521 5.557 5.593 5.630 5.667 5.704 5.741 5.776 5.811 5.843 5.873 5.901
-99.000 -99.000 -99.000 -99.000 -99.000 -99.000 -99.000 -99.000 -99.000 -99.000 -99.000 -99.000 -99.000 1.647 1.658 1.730 1.900 2.155 2.462 2.784 3.091 3.362 3.590 3.776 3.927 4.049 4.151 4.236 4.311 4.378 4.439 4.496 4.549 4.599 4.647 4.693 4.737 4.780 4.822 4.863 4.902 4.941 4.979 5.016 5.052 5.086 5.120 5.153 5.184 5.215 5.243 5.271 5.298 5.325 5.352 5.378 5.405 5.433 5.462 5.493 5.525 5.559 5.594 5.630 5.667 5.703 5.740 5.776 5.812 5.845 5.877 5.906
-99.000 -99.000 -99.000 -99.000 -99.000 -99.000 -99.000 -99.000 -99.000 -99.000 -99.000 -99.000 1.647 1.649 1.676 1.786 1.994 2.274 2.591 2.911 3.206 3.461 3.673 3.844 3.983 4.097 4.193 4.274 4.346 4.411 4.471 4.527 4.579 4.628 4.675 4.721 4.764 4.806 4.848 4.888 4.927 4.966 5.003 5.040 5.076 5.110 5.144 5.177 5.209 5.239 5.267 5.294 5.321 5.347 5.372 5.397 5.422 5.447 5.474 5.502 5.531 5.563 5.596 5.630 5.666 5.702 5.739 5.775 5.811 5.845 5.878 5.909
