version2/TsunamiDB/out54183.asc
ncols          264
nrows          230
xllcorner      497853.4375
yllcorner      4229146.0000
cellsize         5.
NODATA_value   -99
[rows 136 to 169 of 230, columns 154 to 230 of 264]
7.017 7.026 7.034 7.042 7.051 7.059 7.067 7.076 7.084 7.092 7.100 7.108 7.116 7.123 7.131 7.139 7.146 7.152 7.159 7.166 7.172 7.178 7.184 7.189 7.195 7.200 7.205 7.210 7.214 7.219 7.222 7.223 7.223 7.224 7.225 7.225 7.226 7.228 7.232 7.238 7.247 7.258 7.272 7.284 7.298 7.319 7.344 7.371 7.400 7.432 7.467 7.514 7.565 7.594 7.623 7.667 7.709 7.747 7.782 7.813 7.841 7.861 7.875 7.883 7.892 7.904 7.915 7.925 7.934 7.943 7.951 7.961 7.971 7.975 7.981 7.991 8.002
7.024 7.032 7.041 7.049 7.058 7.066 7.074 7.083 7.091 7.099 7.107 7.115 7.123 7.131 7.139 7.147 7.154 7.161 7.168 7.174 7.180 7.187 7.193 7.198 7.204 7.209 7.215 7.220 7.224 7.229 7.231 7.233 7.233 7.234 7.235 7.235 7.236 7.239 7.244 7.251 7.261 7.275 7.290 7.303 7.318 7.341 7.368 7.398 7.429 7.464 7.504 7.553 7.601 7.629 7.657 7.700 7.740 7.776 7.809 7.838 7.863 7.880 7.893 7.901 7.908 7.919 7.929 7.938 7.946 7.954 7.962 7.971 7.981 7.986 7.991 8.002 8.013
7.031 7.039 7.048 7.056 7.065 7.073 7.082 7.090 7.099 7.107 7.115 7.123 7.131 7.139 7.147 7.155 7.162 7.169 7.176 7.183 7.189 7.196 7.202 7.208 7.213 7.219 7.224 7.230 7.234 7.239 7.241 7.242 7.243 7.244 7.245 7.245 7.247 7.251 7.257 7.265 7.277 7.292 7.309 7.323 7.339 7.365 7.395 7.427 7.461 7.500 7.544 7.591 7.637 7.663 7.690 7.731 7.769 7.803 7.834 7.861 7.882 7.898 7.910 7.918 7.924 7.934 7.943 7.951 7.958 7.965 7.973 7.982 7.992 7.997 8.002 8.013 8.025
7.038 7.046 7.055 7.063 7.072 7.081 7.089 7.098 7.106 7.115 7.123 7.131 7.139 7.147 7.155 7.163 7.171 7.178 7.185 7.192 7.198 7.205 7.211 7.217 7.223 7.229 7.234 7.240 7.245 7.249 7.251 7.253 7.253 7.255 7.256 7.257 7.260 7.264 7.271 7.280 7.293 7.310 7.329 7.344 7.362 7.391 7.424 7.459 7.497 7.539 7.583 7.628 7.671 7.696 7.722 7.761 7.797 7.829 7.857 7.881 7.901 7.916 7.928 7.934 7.941 7.949 7.957 7.964 7.971 7.977 7.985 7.994 8.003 8.008 8.014 8.025 8.037
7.045 7.054 7.062 7.071 7.080 7.088 7.097 7.106 7.114 7.123 7.131 7.139 7.148 7.156 7.164 7.172 7.179 7.187 7.194 7.201 7.208 7.214 7.221 7.227 7.233 7.239 7.244 7.250 7.255 7.259 7.262 7.264 7.265 7.267 7.269 7.270 7.273 7.279 7.286 7.296 7.311 7.329 7.351 7.368 7.388 7.420 7.455 7.494 7.535 7.577 7.621 7.664 7.704 7.728 7.753 7.789 7.823 7.853 7.879 7.902 7.920 7.934 7.945 7.951 7.957 7.965 7.972 7.978 7.984 7.990 7.997 8.005 8.015 8.020 8.026 8.038 8.050
7.053 7.061 7.070 7.078 7.087 7.096 7.105 7.114 7.122 7.131 7.139 7.148 7.156 7.164 7.172 7.180 7.188 7.196 7.203 7.210 7.217 7.224 7.230 7.236 7.243 7.249 7.254 7.260 7.265 7.269 7.273 7.275 7.276 7.279 7.282 7.284 7.288 7.294 7.302 7.313 7.329 7.349 7.374 7.394 7.415 7.451 7.490 7.531 7.572 7.615 7.658 7.699 7.737 7.759 7.782 7.816 7.848 7.876 7.901 7.922 7.939 7.953 7.963 7.969 7.974 7.981 7.987 7.992 7.997 8.003 8.009 8.017 8.027 8.033 8.039 8.051 8.064
7.060 7.069 7.077 7.086 7.095 7.104 7.113 7.122 7.130 7.139 7.148 7.156 7.164 7.173 7.181 7.189 7.197 7.205 7.212 7.219 7.226 7.233 7.240 7.246 7.252 7.258 7.264 7.270 7.275 7.280 7.284 7.287 7.289 7.292 7.295 7.298 7.303 7.310 7.319 7.331 7.348 7.371 7.400 7.421 7.445 7.484 7.526 7.568 7.610 7.652 7.694 7.733 7.768 7.789 7.811 7.843 7.872 7.899 7.922 7.942 7.959 7.971 7.981 7.986 7.991 7.996 8.002 8.006 8.011 8.015 8.021 8.029 8.040 8.046 8.052 8.065 8.078
7.067 7.076 7.085 7.094 7.103 7.112 7.121 7.129 7.138 7.147 7.156 7.164 7.173 7.181 7.190 7.198 7.206 7.214 7.221 7.228 7.236 7.242 7.249 7.255 7.262 7.268 7.274 7.280 7.286 7.291 7.295 7.299 7.301 7.305 7.309 7.312 7.318 7.326 7.336 7.349 7.369 7.395 7.427 7.451 7.477 7.519 7.561 7.604 7.646 7.687 7.727 7.764 7.798 7.817 7.837 7.867 7.895 7.920 7.942 7.961 7.977 7.989 7.997 8.002 8.006 8.011 8.016 8.020 8.024 8.028 8.034 8.042 8.054 8.060 8.067 8.080 8.093
7.075 7.083 7.092 7.101 7.110 7.119 7.128 7.137 7.146 7.155 7.164 7.173 7.181 7.190 7.198 7.206 7.214 7.222 7.230 7.237 7.245 7.251 7.258 7.264 7.271 7.277 7.283 7.289 7.295 7.301 7.307 7.310 7.313 7.318 7.322 7.327 7.334 7.343 7.354 7.369 7.390 7.419 7.454 7.481 7.509 7.552 7.596 7.639 7.680 7.720 7.759 7.794 7.826 7.845 7.864 7.892 7.918 7.941 7.962 7.980 7.995 8.007 8.014 8.018 8.021 8.026 8.030 8.034 8.038 8.042 8.048 8.056 8.068 8.075 8.082 8.096 8.108
7.082 7.090 7.099 7.108 7.117 7.126 7.136 7.145 7.154 7.163 7.172 7.180 7.189 7.198 7.206 7.215 7.223 7.231 7.238 7.246 7.253 7.260 7.266 7.273 7.279 7.286 7.292 7.299 7.305 7.312 7.318 7.322 7.325 7.330 7.335 7.341 7.349 7.360 7.372 7.389 7.412 7.444 7.485 7.514 7.543 7.588 7.632 7.675 7.715 7.755 7.791 7.825 7.856 7.873 7.890 7.916 7.941 7.963 7.982 8.000 8.014 8.025 8.030 8.033 8.036 8.040 8.044 8.048 8.052 8.056 8.061 8.070 8.084 8.092 8.099 8.112 8.125
7.088 7.097 7.106 7.115 7.124 7.133 7.143 7.152 7.161 7.170 7.179 7.188 7.197 7.205 7.214 7.223 7.231 7.239 7.246 7.254 7.261 7.268 7.274 7.281 7.287 7.294 7.301 7.307 7.314 7.322 7.328 7.332 7.336 7.342 7.348 7.355 7.365 7.377 7.392 7.411 7.436 7.475 7.521 7.549 7.579 7.624 7.668 7.710 7.749 7.787 7.822 7.854 7.883 7.899 7.915 7.940 7.963 7.983 8.002 8.018 8.032 8.040 8.044 8.046 8.049 8.053 8.057 8.061 8.066 8.070 8.075 8.086 8.102 8.109 8.116 8.129 8.141
7.095 7.103 7.112 7.121 7.131 7.140 7.149 7.158 7.168 7.177 7.186 7.195 7.204 7.212 7.221 7.230 7.238 7.246 7.254 7.261 7.268 7.274 7.281 7.287 7.294 7.301 7.308 7.316 7.323 7.331 7.337 7.342 7.347 7.354 7.361 7.369 7.381 7.396 7.414 7.436 7.468 7.511 7.556 7.584 7.613 7.658 7.701 7.743 7.781 7.818 7.852 7.882 7.909 7.924 7.939 7.963 7.984 8.003 8.019 8.035 8.046 8.052 8.056 8.059 8.061 8.065 8.070 8.075 8.079 8.084 8.091 8.104 8.119 8.126 8.133 8.145 8.156
7.100 7.109 7.118 7.127 7.136 7.146 7.155 7.165 7.174 7.183 7.192 7.201 7.210 7.219 7.228 7.236 7.245 7.252 7.260 7.267 7.273 7.280 7.286 7.294 7.301 7.308 7.315 7.323 7.331 7.338 7.345 7.351 7.358 7.366 7.374 7.385 7.399 7.417 7.438 7.466 7.502 7.545 7.589 7.616 7.646 7.690 7.733 7.774 7.811 7.846 7.878 7.907 7.933 7.947 7.961 7.983 8.002 8.020 8.035 8.048 8.058 8.063 8.068 8.070 8.072 8.077 8.082 8.088 8.093 8.100 8.109 8.121 8.135 8.141 8.148 8.159 8.170
7.106 7.114 7.123 7.132 7.142 7.151 7.160 7.170 7.179 7.189 7.198 7.207 7.216 7.225 7.233 7.242 7.250 7.258 7.265 7.272 7.278 7.285 7.292 7.299 7.306 7.314 7.322 7.330 7.337 7.345 7.352 7.360 7.368 7.378 7.388 7.402 7.420 7.440 7.466 7.498 7.535 7.577 7.620 7.647 7.676 7.720 7.762 7.802 7.839 7.872 7.903 7.930 7.955 7.968 7.981 8.001 8.019 8.035 8.048 8.059 8.067 8.073 8.078 8.080 8.082 8.088 8.094 8.100 8.107 8.115 8.125 8.137 8.149 8.155 8.161 8.172 8.182
7.111 7.119 7.128 7.137 7.146 7.156 7.165 7.175 7.184 7.194 7.203 7.212 7.221 7.230 7.238 7.247 7.255 7.262 7.269 7.276 7.282 7.289 7.296 7.303 7.311 7.319 7.327 7.335 7.343 7.351 7.359 7.368 7.379 7.391 7.403 7.420 7.441 7.467 7.495 7.528 7.566 7.607 7.649 7.676 7.705 7.748 7.789 7.829 7.864 7.896 7.926 7.951 7.974 7.986 7.998 8.016 8.033 8.047 8.058 8.068 8.075 8.081 8.086 8.089 8.091 8.097 8.104 8.112 8.120 8.129 8.139 8.150 8.161 8.167 8.173 8.182 8.191
7.115 7.123 7.132 7.141 7.150 7.160 7.169 7.179 7.188 7.198 7.207 7.216 7.225 7.234 7.242 7.250 7.258 7.265 7.272 7.279 7.285 7.292 7.299 7.307 7.315 7.323 7.331 7.340 7.348 7.356 7.365 7.376 7.391 7.405 7.420 7.440 7.465 7.493 7.523 7.557 7.595 7.635 7.676 7.703 7.731 7.773 7.814 7.853 7.887 7.918 7.946 7.970 7.991 8.002 8.013 8.029 8.044 8.056 8.066 8.074 8.081 8.087 8.093 8.097 8.099 8.106 8.114 8.123 8.131 8.141 8.151 8.161 8.171 8.176 8.182 8.190 8.198
7.119 7.127 7.136 7.145 7.154 7.163 7.173 7.182 7.192 7.201 7.210 7.219 7.228 7.237 7.245 7.253 7.260 7.267 7.274 7.280 7.287 7.294 7.302 7.309 7.317 7.326 7.334 7.343 7.352 7.361 7.371 7.385 7.403 7.419 7.437 7.461 7.490 7.519 7.550 7.584 7.620 7.660 7.702 7.728 7.755 7.798 7.838 7.874 7.907 7.937 7.963 7.986 8.005 8.015 8.025 8.040 8.052 8.063 8.072 8.079 8.086 8.092 8.099 8.103 8.105 8.114 8.122 8.132 8.141 8.150 8.160 8.170 8.178 8.183 8.188 8.196 8.202
7.122 7.130 7.139 7.148 7.157 7.166 7.175 7.185 7.194 7.204 7.213 7.222 7.230 7.239 7.247 7.254 7.262 7.268 7.275 7.281 7.288 7.296 7.303 7.311 7.319 7.327 7.336 7.345 7.355 7.365 7.378 7.395 7.416 7.435 7.455 7.482 7.512 7.543 7.575 7.608 7.644 7.684 7.725 7.751 7.778 7.819 7.858 7.893 7.925 7.953 7.978 7.999 8.016 8.025 8.034 8.046 8.058 8.068 8.076 8.082 8.089 8.096 8.104 8.107 8.111 8.120 8.129 8.138 8.148 8.157 8.167 8.175 8.183 8.187 8.191 8.198 8.204
7.125 7.133 7.141 7.150 7.159 7.168 7.177 7.187 7.196 7.206 7.215 7.224 7.232 7.240 7.248 7.255 7.262 7.268 7.275 7.281 7.288 7.296 7.303 7.311 7.319 7.327 7.337 7.347 7.357 7.370 7.385 7.404 7.428 7.450 7.472 7.502 7.534 7.566 7.597 7.631 7.666 7.705 7.746 7.772 7.799 7.839 7.877 7.910 7.940 7.967 7.991 8.010 8.026 8.033 8.040 8.052 8.063 8.072 8.079 8.085 8.091 8.098 8.106 8.111 8.115 8.124 8.134 8.143 8.152 8.162 8.171 8.179 8.186 8.189 8.193 8.199 8.204
7.127 7.135 7.144 7.152 7.161 7.170 7.179 7.188 7.198 7.207 7.216 7.225 7.232 7.240 7.248 7.254 7.261 7.267 7.274 7.281 7.288 7.295 7.302 7.310 7.318 7.327 7.337 7.348 7.360 7.375 7.392 7.415 7.444 7.468 7.492 7.523 7.557 7.589 7.621 7.653 7.688 7.726 7.769 7.796 7.821 7.860 7.896 7.927 7.955 7.981 8.003 8.021 8.034 8.040 8.046 8.056 8.066 8.074 8.081 8.087 8.092 8.099 8.109 8.114 8.118 8.128 8.138 8.147 8.157 8.166 8.175 8.182 8.188 8.190 8.193 8.198 8.203
7.129 7.137 7.145 7.154 7.162 7.171 7.180 7.189 7.199 7.208 7.217 7.225 7.232 7.240 7.247 7.253 7.260 7.266 7.272 7.280 7.287 7.294 7.301 7.308 7.316 7.326 7.337 7.350 7.364 7.382 7.401 7.431 7.464 7.488 7.512 7.545 7.578 7.611 7.643 7.675 7.708 7.750 7.795 7.819 7.843 7.880 7.913 7.942 7.969 7.993 8.013 8.028 8.039 8.044 8.050 8.059 8.068 8.075 8.082 8.088 8.093 8.102 8.113 8.118 8.122 8.132 8.141 8.150 8.159 8.168 8.177 8.183 8.187 8.189 8.192 8.196 8.201
7.131 7.138 7.146 7.155 7.163 7.172 7.181 7.190 7.199 7.208 7.217 7.224 7.231 7.239 7.246 7.252 7.258 7.264 7.271 7.278 7.284 7.291 7.299 7.307 7.315 7.326 7.339 7.354 7.371 7.392 7.417 7.450 7.483 7.508 7.532 7.566 7.600 7.633 7.666 7.699 7.735 7.777 7.818 7.840 7.863 7.898 7.928 7.956 7.980 8.002 8.020 8.033 8.043 8.048 8.052 8.061 8.069 8.076 8.083 8.089 8.096 8.106 8.116 8.120 8.125 8.134 8.143 8.152 8.161 8.169 8.177 8.181 8.185 8.187 8.189 8.193 8.198
7.132 7.139 7.147 7.155 7.164 7.172 7.181 7.190 7.199 7.208 7.216 7.224 7.230 7.237 7.244 7.250 7.256 7.262 7.268 7.275 7.281 7.289 7.297 7.306 7.314 7.327 7.342 7.360 7.381 7.406 7.436 7.469 7.503 7.527 7.552 7.586 7.621 7.656 7.689 7.724 7.762 7.801 7.839 7.860 7.881 7.913 7.942 7.967 7.990 8.009 8.025 8.037 8.046 8.050 8.054 8.062 8.070 8.078 8.084 8.091 8.099 8.109 8.118 8.122 8.127 8.136 8.145 8.153 8.161 8.169 8.175 8.179 8.183 8.184 8.186 8.190 8.194
7.133 7.140 7.148 7.156 7.164 7.172 7.181 7.190 7.198 7.207 7.215 7.222 7.229 7.236 7.242 7.248 7.253 7.259 7.265 7.271 7.278 7.286 7.296 7.305 7.314 7.329 7.347 7.368 7.393 7.422 7.454 7.489 7.522 7.547 7.572 7.607 7.643 7.678 7.713 7.749 7.786 7.824 7.858 7.877 7.897 7.927 7.953 7.977 7.997 8.014 8.028 8.039 8.049 8.052 8.056 8.064 8.072 8.079 8.086 8.094 8.102 8.111 8.120 8.124 8.128 8.137 8.145 8.153 8.160 8.167 8.172 8.176 8.180 8.181 8.183 8.186 8.190
7.133 7.141 7.148 7.156 7.164 7.172 7.181 7.189 7.198 7.206 7.214 7.221 7.227 7.234 7.240 7.245 7.250 7.256 7.261 7.267 7.275 7.284 7.295 7.305 7.316 7.334 7.355 7.379 7.408 7.439 7.473 7.508 7.542 7.567 7.592 7.628 7.664 7.701 7.737 7.773 7.809 7.844 7.875 7.893 7.912 7.938 7.963 7.984 8.002 8.018 8.031 8.042 8.051 8.054 8.058 8.066 8.073 8.081 8.089 8.097 8.105 8.113 8.122 8.125 8.129 8.137 8.145 8.152 8.159 8.164 8.169 8.173 8.176 8.178 8.179 8.182 8.186
7.134 7.141 7.149 7.156 7.164 7.172 7.180 7.188 7.197 7.205 7.213 7.220 7.225 7.232 7.237 7.242 7.247 7.252 7.258 7.264 7.272 7.282 7.295 7.307 7.319 7.340 7.364 7.392 7.423 7.456 7.491 7.527 7.562 7.586 7.612 7.648 7.686 7.723 7.759 7.795 7.830 7.862 7.891 7.907 7.924 7.948 7.970 7.990 8.006 8.021 8.033 8.043 8.053 8.056 8.059 8.067 8.075 8.083 8.091 8.099 8.107 8.115 8.123 8.126 8.129 8.137 8.144 8.151 8.156 8.161 8.166 8.169 8.173 8.174 8.175 8.179 8.182
7.134 7.141 7.149 7.156 7.164 7.171 7.179 7.187 7.196 7.204 7.212 7.218 7.223 7.229 7.235 7.239 7.243 7.248 7.253 7.260 7.269 7.281 7.297 7.309 7.324 7.348 7.376 7.406 7.439 7.473 7.509 7.546 7.581 7.606 7.631 7.669 7.707 7.745 7.781 7.815 7.849 7.879 7.905 7.920 7.935 7.957 7.977 7.995 8.010 8.023 8.035 8.045 8.054 8.058 8.061 8.069 8.077 8.085 8.093 8.101 8.109 8.117 8.123 8.126 8.129 8.136 8.142 8.149 8.154 8.158 8.162 8.166 8.169 8.170 8.171 8.175 8.178
7.135 7.142 7.149 7.156 7.163 7.171 7.179 7.187 7.195 7.203 7.210 7.216 7.221 7.226 7.232 7.235 7.240 7.244 7.250 7.257 7.267 7.282 7.299 7.313 7.330 7.357 7.387 7.419 7.453 7.489 7.526 7.563 7.599 7.624 7.650 7.688 7.726 7.763 7.798 7.832 7.865 7.892 7.916 7.930 7.944 7.963 7.981 7.998 8.012 8.025 8.037 8.047 8.055 8.059 8.062 8.070 8.078 8.087 8.095 8.102 8.110 8.117 8.123 8.126 8.129 8.134 8.140 8.146 8.151 8.155 8.159 8.162 8.165 8.166 8.167 8.170 8.173
7.135 7.142 7.149 7.156 7.163 7.170 7.178 7.186 7.194 7.202 7.209 7.214 7.219 7.224 7.229 7.232 7.236 7.240 7.246 7.254 7.265 7.281 7.301 7.317 7.336 7.365 7.397 7.432 7.467 7.504 7.542 7.579 7.616 7.642 7.668 7.706 7.743 7.780 7.815 7.848 7.879 7.905 7.927 7.939 7.952 7.969 7.986 8.002 8.015 8.027 8.038 8.048 8.057 8.060 8.064 8.072 8.080 8.088 8.096 8.104 8.111 8.118 8.124 8.126 8.128 8.133 8.138 8.144 8.148 8.152 8.155 8.159 8.162 8.162 8.163 8.166 8.169
7.136 7.142 7.149 7.156 7.163 7.170 7.177 7.185 7.193 7.201 7.207 7.213 7.217 7.221 7.225 7.228 7.232 7.236 7.242 7.251 7.264 7.283 7.306 7.324 7.344 7.375 7.410 7.446 7.483 7.521 7.559 7.598 7.636 7.662 7.688 7.725 7.763 7.799 7.832 7.864 7.894 7.919 7.938 7.948 7.959 7.976 7.991 8.006 8.018 8.030 8.041 8.050 8.059 8.062 8.066 8.074 8.082 8.090 8.098 8.106 8.113 8.119 8.124 8.125 8.127 8.132 8.137 8.141 8.145 8.149 8.152 8.155 8.158 8.159 8.160 8.162 8.165
7.136 7.143 7.149 7.156 7.163 7.170 7.177 7.185 7.192 7.200 7.206 7.211 7.214 7.218 7.222 7.225 7.228 7.232 7.239 7.250 7.265 7.287 7.313 7.331 7.353 7.386 7.422 7.460 7.499 7.538 7.577 7.618 7.657 7.682 7.707 7.745 7.781 7.816 7.849 7.880 7.908 7.930 7.946 7.956 7.966 7.982 7.996 8.010 8.022 8.033 8.043 8.053 8.061 8.064 8.068 8.076 8.084 8.092 8.100 8.107 8.114 8.120 8.124 8.125 8.127 8.131 8.135 8.139 8.143 8.146 8.150 8.152 8.155 8.155 8.156 8.159 8.162
7.137 7.143 7.150 7.156 7.163 7.170 7.177 7.184 7.192 7.199 7.205 7.210 7.212 7.216 7.220 7.222 7.225 7.231 7.239 7.251 7.269 7.294 7.321 7.340 7.362 7.398 7.436 7.476 7.516 7.556 7.598 7.639 7.677 7.701 7.726 7.763 7.798 7.832 7.864 7.893 7.919 7.938 7.954 7.963 7.973 7.987 8.001 8.014 8.025 8.036 8.046 8.055 8.064 8.067 8.070 8.078 8.086 8.094 8.102 8.109 8.115 8.120 8.124 8.125 8.126 8.130 8.134 8.138 8.141 8.144 8.147 8.149 8.152 8.152 8.153 8.155 8.158
7.138 7.144 7.150 7.157 7.163 7.170 7.177 7.184 7.192 7.199 7.205 7.209 7.211 7.215 7.218 7.220 7.224 7.230 7.239 7.254 7.275 7.301 7.329 7.349 7.372 7.410 7.450 7.491 7.533 7.576 7.618 7.659 7.697 7.720 7.744 7.780 7.814 7.847 7.877 7.904 7.927 7.946 7.961 7.970 7.979 7.993 8.006 8.018 8.029 8.040 8.050 8.058 8.067 8.070 8.073 8.080 8.089 8.097 8.104 8.111 8.116 8.121 8.125 8.126 8.126 8.130 8.133 8.136 8.139 8.142 8.145 8.147 8.149 8.150 8.150 8.153 8.156
7.139 7.145 7.151 7.157 7.164 7.171 7.178 7.185 7.192 7.199 7.205 7.208 7.211 7.214 7.217 7.220 7.224 7.231 7.242 7.258 7.281 7.308 7.337 7.358 7.383 7.422 7.464 7.508 7.552 7.595 7.638 7.679 7.715 7.738 7.762 7.796 7.829 7.860 7.888 7.913 7.935 7.953 7.968 7.977 7.986 7.999 8.011 8.023 8.034 8.044 8.053 8.062 8.070 8.072 8.075 8.083 8.091 8.099 8.106 8.112 8.118 8.122 8.126 8.126 8.127 8.130 8.133 8.136 8.138 8.141 8.143 8.145 8.147 8.147 8.148 8.150 8.154
