version2/TsunamiDB/out54123.asc
ncols          264
nrows          230
xllcorner      497853.4375
yllcorner      4229146.0000
cellsize         5.
NODATA_value   -99
[rows 68 to 101 of 230, columns 0 to 76 of 264]
4.700 4.726 4.751 4.776 4.801 4.825 4.849 4.872 4.895 4.918 4.941 4.963 4.984 5.005 5.026 5.047 5.068 5.088 5.109 5.129 5.149 5.169 5.189 5.209 5.228 5.248 5.267 5.286 5.305 5.324 5.343 5.361 5.380 5.399 5.417 5.435 5.451 5.468 5.486 5.503 5.521 5.538 5.556 5.573 5.590 5.607 5.624 5.641 5.658 5.674 5.690 5.707 5.723 5.738 5.754 5.770 5.785 5.800 5.814 5.827 5.840 5.854 5.867 5.880 5.893 5.907 5.920 5.933 5.946 5.958 5.971 5.984 5.997 6.010 6.022 6.035 6.048
4.717 4.743 4.768 4.792 4.817 4.841 4.864 4.887 4.910 4.933 4.955 4.977 4.998 5.018 5.039 5.060 5.080 5.101 5.121 5.141 5.161 5.180 5.200 5.219 5.239 5.258 5.277 5.295 5.314 5.333 5.351 5.370 5.388 5.406 5.425 5.442 5.458 5.475 5.493 5.510 5.527 5.545 5.562 5.579 5.596 5.613 5.630 5.647 5.663 5.680 5.696 5.713 5.729 5.745 5.760 5.776 5.791 5.807 5.821 5.834 5.847 5.860 5.874 5.887 5.900 5.913 5.926 5.939 5.952 5.965 5.977 5.990 6.003 6.015 6.028 6.040 6.053
4.734 4.759 4.784 4.809 4.833 4.856 4.880 4.902 4.925 4.947 4.969 4.991 5.012 5.032 5.052 5.073 5.093 5.113 5.133 5.153 5.172 5.192 5.211 5.230 5.249 5.268 5.286 5.305 5.323 5.342 5.360 5.378 5.396 5.414 5.432 5.449 5.466 5.482 5.500 5.517 5.534 5.551 5.568 5.585 5.602 5.619 5.636 5.652 5.669 5.685 5.702 5.718 5.734 5.750 5.766 5.782 5.797 5.812 5.827 5.840 5.853 5.867 5.880 5.893 5.907 5.920 5.933 5.945 5.958 5.971 5.983 5.996 6.008 6.021 6.033 6.046 6.058
4.750 4.776 4.800 4.825 4.848 4.872 4.895 4.917 4.940 4.962 4.984 5.005 5.026 5.045 5.065 5.086 5.106 5.126 5.145 5.165 5.184 5.203 5.222 5.241 5.260 5.278 5.296 5.315 5.333 5.351 5.369 5.387 5.404 5.422 5.440 5.457 5.473 5.489 5.506 5.523 5.540 5.557 5.574 5.591 5.608 5.624 5.641 5.658 5.674 5.691 5.707 5.723 5.739 5.755 5.771 5.787 5.802 5.818 5.832 5.845 5.859 5.872 5.886 5.899 5.913 5.926 5.939 5.952 5.964 5.977 5.989 6.002 6.014 6.027 6.039 6.051 6.064
4.767 4.792 4.816 4.840 4.864 4.887 4.910 4.933 4.955 4.976 4.998 5.019 5.039 5.059 5.079 5.099 5.119 5.138 5.158 5.177 5.196 5.215 5.233 5.252 5.270 5.289 5.307 5.325 5.343 5.360 5.378 5.395 5.413 5.430 5.448 5.464 5.480 5.496 5.513 5.530 5.547 5.563 5.580 5.597 5.613 5.630 5.646 5.663 5.679 5.695 5.712 5.728 5.744 5.760 5.776 5.791 5.807 5.823 5.837 5.850 5.864 5.878 5.892 5.905 5.918 5.932 5.945 5.958 5.970 5.983 5.995 6.008 6.020 6.032 6.045 6.057 6.069
4.783 4.808 4.832 4.856 4.879 4.903 4.925 4.947 4.969 4.991 5.012 5.033 5.053 5.073 5.092 5.112 5.132 5.151 5.170 5.189 5.208 5.227 5.245 5.263 5.281 5.299 5.317 5.335 5.352 5.370 5.387 5.404 5.422 5.439 5.456 5.472 5.488 5.504 5.520 5.537 5.553 5.569 5.586 5.602 5.619 5.635 5.651 5.668 5.684 5.700 5.716 5.732 5.748 5.764 5.780 5.796 5.811 5.827 5.841 5.855 5.869 5.883 5.897 5.910 5.924 5.937 5.950 5.963 5.976 5.989 6.001 6.013 6.026 6.038 6.050 6.062 6.074
4.799 4.824 4.848 4.872 4.895 4.918 4.940 4.962 4.984 5.005 5.027 5.047 5.067 5.086 5.106 5.125 5.145 5.164 5.183 5.202 5.220 5.239 5.257 5.275 5.293 5.310 5.328 5.345 5.363 5.380 5.397 5.414 5.431 5.448 5.464 5.480 5.496 5.511 5.527 5.544 5.560 5.576 5.592 5.608 5.624 5.640 5.656 5.672 5.689 5.705 5.721 5.736 5.752 5.768 5.784 5.800 5.815 5.831 5.845 5.859 5.873 5.887 5.901 5.915 5.929 5.942 5.955 5.968 5.981 5.994 6.006 6.019 6.031 6.043 6.055 6.068 6.080
4.814 4.839 4.863 4.887 4.910 4.933 4.955 4.977 4.999 5.020 5.041 5.061 5.081 5.100 5.119 5.139 5.158 5.177 5.196 5.214 5.233 5.251 5.269 5.287 5.304 5.322 5.339 5.356 5.373 5.390 5.407 5.424 5.440 5.457 5.473 5.489 5.504 5.519 5.535 5.551 5.567 5.583 5.598 5.614 5.630 5.646 5.662 5.677 5.693 5.709 5.725 5.741 5.756 5.772 5.788 5.803 5.819 5.834 5.849 5.863 5.877 5.891 5.905 5.919 5.933 5.946 5.960 5.973 5.986 5.999 6.011 6.024 6.036 6.048 6.060 6.073 6.085
4.830 4.854 4.878 4.902 4.925 4.948 4.970 4.992 5.013 5.034 5.055 5.075 5.095 5.114 5.133 5.152 5.171 5.190 5.209 5.227 5.245 5.263 5.281 5.299 5.316 5.333 5.350 5.367 5.384 5.401 5.417 5.434 5.450 5.466 5.482 5.498 5.512 5.528 5.543 5.559 5.574 5.590 5.605 5.621 5.636 5.652 5.667 5.683 5.698 5.714 5.729 5.745 5.760 5.776 5.791 5.807 5.822 5.838 5.852 5.866 5.880 5.894 5.909 5.923 5.937 5.950 5.964 5.977 5.990 6.003 6.016 6.028 6.041 6.053 6.065 6.077 6.089
4.845 4.870 4.893 4.917 4.940 4.962 4.984 5.006 5.027 5.048 5.069 5.089 5.108 5.127 5.146 5.165 5.184 5.203 5.221 5.240 5.258 5.275 5.293 5.311 5.328 5.345 5.362 5.379 5.395 5.412 5.428 5.444 5.460 5.476 5.492 5.507 5.521 5.536 5.551 5.567 5.582 5.597 5.612 5.627 5.643 5.658 5.673 5.688 5.703 5.719 5.734 5.749 5.764 5.780 5.795 5.810 5.826 5.841 5.856 5.869 5.883 5.897 5.912 5.926 5.940 5.954 5.967 5.981 5.994 6.007 6.020 6.033 6.045 6.057 6.070 6.082 6.094
4.860 4.885 4.908 4.932 4.954 4.977 4.999 5.020 5.041 5.062 5.083 5.103 5.122 5.140 5.159 5.178 5.197 5.216 5.234 5.252 5.270 5.288 5.305 5.323 5.340 5.357 5.373 5.390 5.406 5.423 5.439 5.455 5.471 5.486 5.502 5.517 5.531 5.545 5.560 5.575 5.590 5.605 5.620 5.635 5.649 5.664 5.679 5.694 5.709 5.724 5.739 5.754 5.769 5.784 5.799 5.814 5.829 5.844 5.859 5.872 5.886 5.900 5.914 5.929 5.943 5.957 5.970 5.984 5.997 6.010 6.023 6.036 6.049 6.061 6.073 6.086 6.098
4.875 4.899 4.923 4.946 4.969 4.991 5.013 5.034 5.055 5.076 5.096 5.116 5.135 5.154 5.172 5.191 5.210 5.228 5.247 5.265 5.282 5.300 5.317 5.335 5.352 5.368 5.385 5.401 5.418 5.434 5.450 5.466 5.481 5.497 5.512 5.527 5.541 5.555 5.570 5.584 5.599 5.613 5.628 5.642 5.657 5.671 5.686 5.700 5.715 5.729 5.744 5.759 5.773 5.788 5.803 5.818 5.833 5.848 5.862 5.875 5.889 5.903 5.917 5.931 5.945 5.959 5.973 5.987 6.000 6.013 6.027 6.039 6.052 6.065 6.077 6.089 6.101
4.890 4.914 4.938 4.961 4.983 5.005 5.027 5.048 5.069 5.090 5.110 5.130 5.148 5.167 5.185 5.204 5.223 5.241 5.259 5.277 5.295 5.312 5.329 5.346 5.363 5.380 5.397 5.413 5.429 5.445 5.461 5.477 5.492 5.508 5.523 5.537 5.551 5.565 5.579 5.594 5.608 5.622 5.636 5.650 5.665 5.679 5.693 5.707 5.721 5.735 5.750 5.764 5.778 5.793 5.807 5.822 5.836 5.851 5.865 5.878 5.892 5.906 5.920 5.934 5.948 5.962 5.976 5.989 6.003 6.016 6.029 6.042 6.055 6.068 6.080 6.092 6.105
4.904 4.928 4.952 4.975 4.998 5.020 5.041 5.062 5.083 5.104 5.124 5.143 5.161 5.180 5.198 5.217 5.235 5.254 5.271 5.289 5.307 5.324 5.341 5.358 5.375 5.392 5.408 5.424 5.441 5.456 5.472 5.488 5.503 5.519 5.534 5.548 5.561 5.575 5.589 5.603 5.617 5.631 5.645 5.659 5.673 5.687 5.701 5.714 5.728 5.742 5.756 5.770 5.784 5.798 5.812 5.826 5.841 5.855 5.869 5.882 5.895 5.909 5.923 5.936 5.950 5.964 5.978 5.992 6.005 6.018 6.032 6.045 6.058 6.070 6.083 6.095 6.107
4.918 4.943 4.967 4.990 5.012 5.034 5.055 5.076 5.097 5.118 5.138 5.156 5.174 5.193 5.211 5.230 5.248 5.266 5.284 5.301 5.319 5.336 5.353 5.370 5.387 5.403 5.420 5.436 5.452 5.468 5.483 5.499 5.514 5.530 5.545 5.558 5.571 5.585 5.599 5.613 5.627 5.641 5.655 5.668 5.682 5.695 5.709 5.722 5.736 5.749 5.763 5.776 5.790 5.804 5.818 5.831 5.845 5.859 5.873 5.885 5.898 5.912 5.925 5.939 5.953 5.967 5.980 5.994 6.007 6.021 6.034 6.047 6.060 6.073 6.085 6.098 6.110
4.933 4.957 4.981 5.004 5.027 5.048 5.070 5.091 5.111 5.131 5.151 5.170 5.188 5.206 5.224 5.243 5.261 5.278 5.296 5.314 5.331 5.348 5.365 5.382 5.398 5.415 5.431 5.447 5.463 5.479 5.495 5.510 5.526 5.541 5.555 5.568 5.582 5.596 5.610 5.624 5.637 5.651 5.664 5.678 5.691 5.704 5.718 5.731 5.744 5.757 5.770 5.783 5.797 5.810 5.823 5.837 5.851 5.864 5.877 5.889 5.902 5.915 5.929 5.942 5.956 5.969 5.983 5.996 6.010 6.023 6.036 6.049 6.062 6.075 6.087 6.100 6.112
4.947 4.972 4.995 5.019 5.041 5.063 5.084 5.105 5.125 5.145 5.165 5.183 5.201 5.219 5.237 5.255 5.273 5.291 5.308 5.326 5.343 5.360 5.377 5.393 5.410 5.426 5.442 5.458 5.474 5.490 5.506 5.521 5.536 5.552 5.566 5.579 5.593 5.607 5.620 5.634 5.648 5.661 5.674 5.688 5.701 5.714 5.727 5.740 5.752 5.765 5.778 5.791 5.804 5.817 5.830 5.843 5.856 5.870 5.882 5.894 5.906 5.919 5.932 5.946 5.959 5.972 5.985 5.999 6.012 6.025 6.038 6.051 6.064 6.077 6.089 6.102 6.114
4.961 4.986 5.010 5.033 5.055 5.077 5.098 5.119 5.139 5.159 5.179 5.197 5.215 5.233 5.251 5.268 5.286 5.304 5.321 5.338 5.355 5.372 5.388 5.405 5.421 5.437 5.454 5.469 5.485 5.501 5.516 5.532 5.547 5.562 5.576 5.590 5.603 5.617 5.631 5.645 5.658 5.671 5.685 5.698 5.711 5.724 5.736 5.749 5.762 5.774 5.787 5.799 5.812 5.824 5.837 5.850 5.863 5.876 5.887 5.899 5.911 5.924 5.937 5.949 5.962 5.975 5.989 6.002 6.015 6.028 6.041 6.053 6.066 6.079 6.092 6.104 6.117
4.974 5.000 5.024 5.047 5.070 5.092 5.113 5.134 5.154 5.174 5.193 5.211 5.228 5.246 5.264 5.282 5.299 5.316 5.333 5.350 5.367 5.384 5.400 5.416 5.433 5.449 5.465 5.480 5.496 5.512 5.527 5.543 5.558 5.573 5.587 5.600 5.614 5.628 5.641 5.655 5.668 5.682 5.695 5.708 5.721 5.734 5.746 5.759 5.771 5.783 5.796 5.808 5.820 5.833 5.845 5.857 5.870 5.882 5.893 5.905 5.917 5.929 5.941 5.954 5.966 5.979 5.992 6.005 6.018 6.030 6.043 6.056 6.069 6.081 6.094 6.106 6.119
4.988 5.013 5.038 5.062 5.085 5.106 5.128 5.148 5.169 5.188 5.208 5.225 5.243 5.260 5.278 5.295 5.312 5.329 5.346 5.363 5.379 5.396 5.412 5.428 5.444 5.460 5.476 5.492 5.507 5.522 5.538 5.553 5.568 5.583 5.597 5.610 5.624 5.638 5.652 5.665 5.679 5.692 5.705 5.718 5.731 5.744 5.756 5.769 5.781 5.793 5.805 5.817 5.829 5.841 5.853 5.865 5.878 5.889 5.900 5.911 5.923 5.935 5.947 5.959 5.971 5.984 5.996 6.008 6.021 6.034 6.046 6.059 6.071 6.084 6.096 6.109 6.121
5.000 5.027 5.052 5.076 5.099 5.121 5.143 5.163 5.183 5.203 5.222 5.240 5.257 5.275 5.292 5.309 5.326 5.343 5.360 5.376 5.392 5.408 5.424 5.440 5.456 5.472 5.487 5.503 5.518 5.533 5.548 5.563 5.579 5.593 5.607 5.621 5.634 5.648 5.662 5.675 5.689 5.702 5.715 5.728 5.741 5.754 5.766 5.779 5.791 5.803 5.815 5.827 5.838 5.850 5.862 5.874 5.886 5.897 5.907 5.918 5.929 5.941 5.953 5.964 5.976 5.988 6.001 6.013 6.025 6.037 6.050 6.062 6.074 6.087 6.099 6.111 6.123
5.013 5.039 5.065 5.090 5.113 5.136 5.157 5.178 5.199 5.218 5.237 5.255 5.272 5.289 5.307 5.324 5.340 5.357 5.373 5.389 5.405 5.421 5.437 5.452 5.468 5.483 5.499 5.514 5.529 5.544 5.559 5.574 5.589 5.604 5.618 5.631 5.644 5.658 5.672 5.685 5.699 5.712 5.725 5.738 5.751 5.764 5.776 5.789 5.801 5.813 5.825 5.836 5.848 5.860 5.871 5.883 5.894 5.905 5.915 5.926 5.937 5.948 5.959 5.971 5.982 5.994 6.006 6.018 6.029 6.041 6.054 6.066 6.078 6.090 6.102 6.114 6.126
5.024 5.052 5.078 5.103 5.127 5.150 5.172 5.193 5.214 5.233 5.253 5.271 5.287 5.305 5.322 5.338 5.355 5.371 5.387 5.403 5.419 5.435 5.450 5.465 5.480 5.496 5.511 5.525 5.540 5.555 5.570 5.585 5.599 5.614 5.628 5.641 5.654 5.668 5.682 5.695 5.709 5.722 5.735 5.748 5.761 5.774 5.786 5.799 5.811 5.823 5.835 5.846 5.858 5.869 5.881 5.892 5.903 5.914 5.924 5.934 5.945 5.955 5.966 5.977 5.989 6.000 6.011 6.023 6.035 6.046 6.058 6.070 6.082 6.094 6.105 6.117 6.129
5.035 5.063 5.090 5.116 5.140 5.164 5.186 5.208 5.229 5.249 5.268 5.286 5.303 5.320 5.337 5.354 5.370 5.386 5.402 5.418 5.433 5.448 5.464 5.479 5.493 5.508 5.523 5.538 5.552 5.567 5.581 5.596 5.610 5.625 5.638 5.651 5.664 5.678 5.691 5.705 5.718 5.732 5.745 5.758 5.771 5.784 5.796 5.808 5.821 5.833 5.844 5.856 5.868 5.879 5.890 5.901 5.913 5.923 5.933 5.943 5.953 5.964 5.974 5.985 5.996 6.007 6.018 6.029 6.040 6.052 6.063 6.075 6.086 6.098 6.109 6.121 6.133
5.044 5.073 5.101 5.127 5.153 5.177 5.200 5.222 5.243 5.264 5.283 5.302 5.319 5.336 5.353 5.370 5.386 5.402 5.418 5.433 5.448 5.463 5.478 5.493 5.507 5.522 5.536 5.550 5.564 5.579 5.593 5.607 5.621 5.635 5.649 5.661 5.674 5.688 5.701 5.715 5.728 5.741 5.755 5.768 5.780 5.793 5.806 5.818 5.830 5.842 5.854 5.866 5.877 5.889 5.900 5.911 5.922 5.932 5.942 5.952 5.962 5.972 5.982 5.993 6.003 6.014 6.025 6.036 6.047 6.058 6.069 6.080 6.091 6.103 6.114 6.125 6.137
5.052 5.082 5.111 5.138 5.164 5.189 5.213 5.236 5.258 5.278 5.298 5.317 5.334 5.352 5.369 5.386 5.402 5.418 5.433 5.449 5.464 5.478 5.493 5.507 5.521 5.536 5.550 5.563 5.577 5.591 5.605 5.619 5.633 5.647 5.660 5.672 5.685 5.698 5.711 5.725 5.738 5.751 5.764 5.777 5.790 5.802 5.815 5.827 5.840 5.852 5.864 5.875 5.887 5.898 5.909 5.921 5.932 5.942 5.951 5.961 5.971 5.981 5.991 6.001 6.012 6.022 6.032 6.043 6.054 6.064 6.075 6.086 6.097 6.108 6.119 6.130 6.141
5.059 5.090 5.119 5.147 5.175 5.200 5.225 5.249 5.271 5.293 5.313 5.332 5.350 5.367 5.385 5.402 5.418 5.434 5.449 5.465 5.480 5.494 5.508 5.523 5.537 5.550 5.564 5.578 5.591 5.605 5.618 5.631 5.645 5.658 5.671 5.683 5.696 5.708 5.721 5.735 5.748 5.761 5.773 5.786 5.799 5.812 5.824 5.837 5.849 5.861 5.873 5.885 5.896 5.908 5.919 5.930 5.941 5.951 5.961 5.970 5.980 5.990 6.000 6.010 6.020 6.030 6.040 6.051 6.061 6.071 6.082 6.092 6.103 6.114 6.125 6.135 6.146
5.064 5.096 5.126 5.155 5.183 5.210 5.236 5.260 5.284 5.306 5.327 5.346 5.364 5.383 5.400 5.417 5.434 5.450 5.466 5.481 5.496 5.510 5.525 5.539 5.552 5.566 5.579 5.593 5.606 5.619 5.632 5.645 5.658 5.671 5.683 5.695 5.707 5.719 5.732 5.745 5.758 5.770 5.783 5.796 5.808 5.821 5.833 5.846 5.858 5.870 5.882 5.894 5.905 5.917 5.928 5.940 5.951 5.961 5.970 5.980 5.990 5.999 6.009 6.019 6.029 6.039 6.049 6.059 6.069 6.079 6.089 6.099 6.110 6.120 6.131 6.141 6.152
5.068 5.100 5.131 5.161 5.190 5.218 5.245 5.270 5.295 5.318 5.340 5.359 5.378 5.397 5.415 5.433 5.450 5.466 5.482 5.497 5.512 5.527 5.541 5.555 5.569 5.582 5.595 5.608 5.621 5.634 5.647 5.659 5.672 5.684 5.696 5.707 5.719 5.731 5.743 5.756 5.768 5.781 5.793 5.806 5.818 5.830 5.843 5.855 5.867 5.879 5.891 5.903 5.915 5.926 5.937 5.949 5.960 5.970 5.980 5.989 5.999 6.009 6.018 6.028 6.038 6.048 6.058 6.067 6.077 6.087 6.097 6.107 6.117 6.127 6.137 6.148 6.158
5.071 5.103 5.135 5.166 5.196 5.225 5.252 5.279 5.304 5.328 5.351 5.372 5.391 5.411 5.430 5.448 5.465 5.482 5.498 5.514 5.529 5.544 5.558 5.572 5.585 5.599 5.612 5.625 5.637 5.650 5.662 5.674 5.687 5.699 5.710 5.721 5.732 5.744 5.756 5.768 5.780 5.792 5.804 5.816 5.828 5.840 5.852 5.864 5.876 5.888 5.900 5.912 5.923 5.935 5.946 5.958 5.969 5.979 5.989 5.998 6.008 6.018 6.028 6.037 6.047 6.057 6.066 6.076 6.086 6.095 6.105 6.115 6.124 6.134 6.144 6.154 6.165
5.073 5.105 5.137 5.169 5.200 5.229 5.258 5.286 5.312 5.338 5.361 5.382 5.403 5.423 5.443 5.462 5.480 5.497 5.514 5.530 5.545 5.560 5.575 5.589 5.602 5.616 5.629 5.642 5.654 5.666 5.679 5.691 5.702 5.714 5.725 5.735 5.746 5.757 5.769 5.780 5.792 5.803 5.815 5.827 5.838 5.850 5.862 5.874 5.886 5.897 5.909 5.921 5.932 5.944 5.955 5.967 5.978 5.988 5.998 6.007 6.017 6.027 6.037 6.046 6.056 6.066 6.075 6.085 6.094 6.104 6.113 6.123 6.132 6.142 6.152 6.162 6.172
5.074 5.106 5.138 5.170 5.202 5.232 5.262 5.290 5.318 5.344 5.369 5.391 5.413 5.434 5.455 5.474 5.493 5.511 5.528 5.545 5.561 5.576 5.591 5.605 5.619 5.633 5.646 5.659 5.671 5.684 5.696 5.707 5.719 5.731 5.741 5.751 5.761 5.772 5.783 5.794 5.805 5.816 5.827 5.838 5.850 5.861 5.872 5.884 5.895 5.907 5.918 5.930 5.941 5.953 5.964 5.975 5.987 5.997 6.006 6.016 6.026 6.036 6.046 6.055 6.065 6.075 6.084 6.094 6.103 6.112 6.122 6.131 6.140 6.150 6.159 6.169 6.179
5.075 5.107 5.139 5.170 5.202 5.233 5.264 5.293 5.322 5.349 5.375 5.398 5.421 5.444 5.465 5.486 5.505 5.524 5.542 5.559 5.575 5.591 5.607 5.621 5.636 5.649 5.663 5.676 5.689 5.701 5.713 5.725 5.737 5.748 5.757 5.767 5.777 5.788 5.798 5.809 5.819 5.830 5.840 5.851 5.862 5.873 5.884 5.895 5.906 5.917 5.928 5.939 5.951 5.962 5.973 5.984 5.996 6.006 6.015 6.025 6.035 6.045 6.054 6.064 6.074 6.084 6.093 6.102 6.112 6.121 6.130 6.140 6.149 6.158 6.167 6.177 6.186
5.076 5.107 5.138 5.170 5.201 5.233 5.264 5.294 5.324 5.352 5.379 5.404 5.428 5.451 5.474 5.495 5.516 5.535 5.554 5.572 5.589 5.605 5.621 5.637 5.651 5.666 5.679 5.693 5.706 5.718 5.731 5.743 5.754 5.765 5.775 5.784 5.794 5.804 5.815 5.825 5.835 5.845 5.855 5.865 5.875 5.886 5.896 5.907 5.917 5.928 5.939 5.950 5.961 5.972 5.983 5.994 6.005 6.014 6.024 6.033 6.043 6.053 6.063 6.073 6.083 6.092 6.102 6.111 6.120 6.130 6.139 6.148 6.157 6.166 6.176 6.185 6.194
