version2/TsunamiDB/out54183.asc
ncols          264
nrows          230
xllcorner      497853.4375
yllcorner      4229146.0000
cellsize         5.
NODATA_value   -99
[rows 34 to 67 of 230, columns 154 to 230 of 264]
6.595 6.598 6.601 6.605 6.608 6.611 6.615 6.618 6.621 6.625 6.628 6.632 6.635 6.639 6.642 6.646 6.650 6.654 6.658 6.663 6.667 6.673 6.678 6.683 6.688 6.694 6.700 6.706 6.712 6.718 6.725 6.732 6.739 6.745 6.752 6.759 6.766 6.772 6.779 6.785 6.791 6.797 6.802 6.808 6.813 6.817 6.821 6.825 6.829 6.832 6.835 6.838 6.841 6.843 6.845 6.847 6.849 6.851 6.853 6.855 6.856 6.858 6.860 6.861 6.863 6.865 6.867 6.869 6.870 6.871 6.873 6.873 6.874 6.874 6.873 6.873 6.872
6.600 6.603 6.606 6.610 6.613 6.616 6.619 6.623 6.626 6.629 6.632 6.636 6.639 6.642 6.646 6.649 6.653 6.657 6.661 6.665 6.670 6.675 6.680 6.685 6.690 6.695 6.701 6.707 6.713 6.719 6.726 6.732 6.739 6.746 6.753 6.759 6.766 6.772 6.779 6.785 6.791 6.797 6.803 6.808 6.813 6.818 6.822 6.826 6.830 6.834 6.837 6.840 6.842 6.845 6.847 6.849 6.851 6.853 6.855 6.856 6.858 6.859 6.861 6.863 6.864 6.866 6.868 6.869 6.871 6.872 6.873 6.873 6.873 6.873 6.872 6.871 6.870
6.606 6.609 6.612 6.615 6.618 6.621 6.625 6.628 6.631 6.634 6.637 6.640 6.643 6.646 6.650 6.653 6.657 6.660 6.664 6.668 6.673 6.678 6.682 6.687 6.692 6.697 6.703 6.708 6.714 6.720 6.727 6.733 6.740 6.746 6.753 6.760 6.766 6.773 6.779 6.786 6.792 6.798 6.803 6.809 6.814 6.819 6.823 6.827 6.831 6.835 6.838 6.841 6.844 6.846 6.848 6.851 6.853 6.854 6.856 6.858 6.859 6.861 6.862 6.864 6.865 6.867 6.869 6.870 6.871 6.872 6.873 6.873 6.873 6.872 6.871 6.870 6.868
6.613 6.616 6.619 6.622 6.624 6.627 6.630 6.633 6.636 6.639 6.642 6.645 6.648 6.651 6.654 6.657 6.661 6.664 6.668 6.672 6.676 6.681 6.685 6.689 6.694 6.699 6.705 6.710 6.716 6.722 6.728 6.734 6.741 6.747 6.754 6.760 6.767 6.773 6.780 6.786 6.792 6.798 6.804 6.810 6.815 6.820 6.824 6.829 6.832 6.836 6.839 6.842 6.845 6.848 6.850 6.852 6.854 6.856 6.858 6.859 6.861 6.862 6.864 6.865 6.867 6.868 6.870 6.871 6.872 6.873 6.873 6.873 6.872 6.872 6.870 6.868 6.866
6.620 6.623 6.626 6.629 6.631 6.634 6.637 6.639 6.642 6.645 6.648 6.651 6.653 6.656 6.659 6.662 6.665 6.669 6.672 6.676 6.680 6.684 6.688 6.692 6.697 6.702 6.707 6.712 6.718 6.724 6.729 6.736 6.742 6.748 6.755 6.761 6.768 6.774 6.780 6.787 6.793 6.799 6.805 6.810 6.816 6.821 6.825 6.830 6.834 6.837 6.841 6.844 6.847 6.849 6.852 6.854 6.856 6.858 6.859 6.861 6.862 6.864 6.865 6.867 6.868 6.869 6.871 6.872 6.873 6.874 6.874 6.873 6.872 6.871 6.869 6.867 6.865
6.629 6.631 6.634 6.636 6.639 6.641 6.644 6.647 6.649 6.652 6.654 6.657 6.659 6.662 6.665 6.668 6.670 6.673 6.677 6.680 6.684 6.688 6.692 6.696 6.700 6.705 6.710 6.715 6.720 6.726 6.731 6.737 6.743 6.750 6.756 6.762 6.769 6.775 6.781 6.788 6.794 6.800 6.806 6.811 6.817 6.822 6.827 6.831 6.835 6.839 6.842 6.845 6.848 6.851 6.853 6.856 6.858 6.859 6.861 6.863 6.864 6.866 6.867 6.868 6.869 6.871 6.872 6.873 6.874 6.875 6.874 6.874 6.872 6.870 6.868 6.866 6.863
6.638 6.641 6.643 6.645 6.648 6.650 6.652 6.655 6.657 6.659 6.662 6.664 6.666 6.669 6.671 6.674 6.676 6.679 6.682 6.685 6.689 6.693 6.696 6.700 6.704 6.708 6.713 6.718 6.723 6.728 6.734 6.739 6.745 6.751 6.758 6.764 6.770 6.776 6.783 6.789 6.795 6.801 6.807 6.813 6.818 6.823 6.828 6.832 6.836 6.840 6.844 6.847 6.850 6.853 6.855 6.857 6.859 6.861 6.863 6.865 6.866 6.867 6.869 6.870 6.871 6.872 6.874 6.874 6.875 6.875 6.875 6.874 6.872 6.870 6.868 6.865 6.861
6.649 6.651 6.653 6.655 6.657 6.659 6.662 6.664 6.666 6.668 6.670 6.672 6.674 6.676 6.679 6.681 6.683 6.686 6.688 6.691 6.695 6.698 6.701 6.705 6.709 6.713 6.717 6.722 6.726 6.731 6.737 6.742 6.748 6.754 6.760 6.766 6.772 6.778 6.784 6.790 6.796 6.802 6.808 6.814 6.819 6.824 6.829 6.834 6.838 6.842 6.845 6.849 6.852 6.854 6.857 6.859 6.861 6.863 6.865 6.866 6.868 6.869 6.870 6.871 6.873 6.874 6.875 6.876 6.876 6.877 6.876 6.875 6.872 6.870 6.867 6.863 6.859
6.660 6.662 6.664 6.666 6.668 6.670 6.672 6.674 6.676 6.678 6.679 6.681 6.683 6.685 6.687 6.689 6.691 6.693 6.696 6.698 6.701 6.704 6.707 6.711 6.714 6.718 6.722 6.726 6.731 6.735 6.740 6.745 6.751 6.756 6.762 6.768 6.774 6.780 6.786 6.792 6.798 6.804 6.810 6.816 6.821 6.826 6.831 6.835 6.840 6.843 6.847 6.851 6.854 6.856 6.859 6.861 6.863 6.865 6.867 6.869 6.870 6.871 6.872 6.873 6.874 6.876 6.877 6.877 6.878 6.878 6.877 6.875 6.873 6.870 6.866 6.862 6.857
6.673 6.675 6.677 6.678 6.680 6.682 6.684 6.685 6.687 6.688 6.690 6.692 6.693 6.695 6.697 6.698 6.700 6.702 6.704 6.706 6.709 6.712 6.715 6.717 6.721 6.724 6.728 6.731 6.736 6.740 6.745 6.750 6.755 6.760 6.766 6.771 6.777 6.783 6.788 6.794 6.800 6.806 6.812 6.818 6.823 6.828 6.833 6.837 6.841 6.845 6.849 6.853 6.856 6.859 6.861 6.863 6.866 6.867 6.869 6.871 6.872 6.873 6.874 6.875 6.876 6.878 6.878 6.879 6.879 6.879 6.878 6.876 6.873 6.869 6.865 6.860 6.855
6.686 6.688 6.690 6.691 6.693 6.695 6.696 6.698 6.699 6.701 6.702 6.703 6.705 6.706 6.707 6.709 6.710 6.712 6.714 6.716 6.718 6.721 6.723 6.725 6.728 6.731 6.734 6.738 6.742 6.746 6.750 6.755 6.759 6.764 6.770 6.775 6.781 6.786 6.792 6.797 6.803 6.809 6.815 6.820 6.825 6.830 6.835 6.840 6.844 6.848 6.852 6.855 6.858 6.861 6.864 6.866 6.868 6.870 6.872 6.873 6.874 6.876 6.877 6.878 6.879 6.880 6.880 6.881 6.881 6.881 6.880 6.877 6.873 6.869 6.865 6.859 6.853
6.700 6.702 6.704 6.705 6.707 6.708 6.710 6.711 6.712 6.714 6.715 6.716 6.717 6.718 6.719 6.721 6.722 6.723 6.725 6.726 6.729 6.730 6.732 6.735 6.737 6.740 6.742 6.746 6.749 6.753 6.757 6.761 6.765 6.770 6.775 6.780 6.785 6.790 6.796 6.801 6.807 6.812 6.818 6.823 6.828 6.833 6.838 6.842 6.847 6.851 6.854 6.858 6.861 6.864 6.866 6.869 6.871 6.873 6.874 6.876 6.877 6.878 6.879 6.880 6.881 6.882 6.883 6.883 6.883 6.883 6.882 6.879 6.874 6.869 6.864 6.857 6.851
6.715 6.716 6.718 6.720 6.721 6.723 6.724 6.725 6.727 6.728 6.729 6.730 6.731 6.732 6.733 6.734 6.735 6.736 6.737 6.738 6.740 6.742 6.743 6.745 6.747 6.749 6.752 6.755 6.758 6.761 6.765 6.768 6.773 6.777 6.781 6.786 6.791 6.796 6.801 6.806 6.811 6.817 6.822 6.828 6.832 6.837 6.842 6.846 6.850 6.854 6.858 6.861 6.864 6.867 6.870 6.872 6.874 6.876 6.878 6.879 6.880 6.881 6.882 6.883 6.884 6.885 6.885 6.886 6.886 6.885 6.884 6.880 6.875 6.869 6.863 6.856 6.849
6.729 6.731 6.733 6.734 6.736 6.737 6.739 6.740 6.741 6.742 6.743 6.744 6.745 6.746 6.747 6.748 6.748 6.749 6.750 6.752 6.753 6.754 6.756 6.757 6.759 6.761 6.763 6.765 6.768 6.771 6.774 6.777 6.781 6.785 6.789 6.794 6.798 6.803 6.808 6.812 6.817 6.822 6.828 6.833 6.838 6.842 6.847 6.851 6.855 6.859 6.862 6.865 6.869 6.871 6.874 6.876 6.878 6.880 6.882 6.883 6.884 6.885 6.886 6.887 6.887 6.888 6.889 6.889 6.889 6.888 6.886 6.882 6.876 6.870 6.863 6.855 6.848
6.743 6.745 6.747 6.749 6.750 6.752 6.753 6.755 6.756 6.757 6.758 6.759 6.760 6.761 6.762 6.762 6.763 6.764 6.765 6.766 6.767 6.768 6.769 6.770 6.772 6.773 6.775 6.777 6.779 6.782 6.785 6.788 6.791 6.795 6.799 6.803 6.807 6.811 6.816 6.820 6.825 6.830 6.835 6.839 6.844 6.848 6.853 6.857 6.861 6.864 6.868 6.871 6.874 6.876 6.879 6.881 6.883 6.885 6.886 6.888 6.889 6.890 6.890 6.891 6.891 6.892 6.892 6.892 6.892 6.891 6.889 6.884 6.878 6.871 6.864 6.856 6.848
6.756 6.758 6.760 6.762 6.764 6.766 6.768 6.769 6.771 6.772 6.773 6.774 6.775 6.776 6.777 6.778 6.778 6.779 6.780 6.781 6.782 6.783 6.783 6.784 6.786 6.787 6.789 6.790 6.792 6.795 6.797 6.800 6.803 6.806 6.809 6.813 6.817 6.821 6.825 6.829 6.834 6.838 6.843 6.848 6.852 6.856 6.860 6.864 6.868 6.871 6.874 6.878 6.880 6.883 6.885 6.887 6.889 6.891 6.892 6.893 6.894 6.895 6.896 6.896 6.896 6.897 6.897 6.897 6.896 6.895 6.893 6.887 6.880 6.874 6.866 6.857 6.850
6.768 6.771 6.773 6.775 6.777 6.779 6.781 6.783 6.785 6.786 6.788 6.789 6.790 6.791 6.792 6.793 6.793 6.794 6.795 6.796 6.797 6.798 6.798 6.799 6.800 6.802 6.803 6.805 6.806 6.808 6.811 6.813 6.816 6.819 6.822 6.825 6.829 6.832 6.836 6.840 6.844 6.849 6.853 6.857 6.862 6.865 6.869 6.873 6.876 6.880 6.883 6.886 6.888 6.891 6.893 6.895 6.897 6.898 6.899 6.900 6.901 6.902 6.902 6.903 6.903 6.903 6.903 6.903 6.902 6.901 6.897 6.892 6.884 6.877 6.870 6.861 6.853
6.780 6.782 6.785 6.787 6.789 6.792 6.794 6.796 6.798 6.799 6.801 6.802 6.804 6.805 6.806 6.807 6.808 6.809 6.810 6.811 6.812 6.813 6.814 6.814 6.815 6.817 6.818 6.819 6.821 6.823 6.825 6.827 6.830 6.832 6.835 6.838 6.842 6.845 6.849 6.853 6.856 6.860 6.865 6.869 6.873 6.877 6.880 6.884 6.887 6.890 6.893 6.896 6.898 6.901 6.903 6.904 6.906 6.907 6.908 6.909 6.910 6.910 6.911 6.911 6.911 6.911 6.911 6.910 6.909 6.907 6.904 6.898 6.890 6.883 6.875 6.866 6.859
6.790 6.793 6.795 6.798 6.800 6.803 6.805 6.807 6.809 6.811 6.813 6.815 6.817 6.818 6.819 6.821 6.822 6.823 6.824 6.825 6.826 6.827 6.828 6.829 6.830 6.831 6.833 6.834 6.836 6.838 6.839 6.842 6.844 6.847 6.850 6.853 6.856 6.859 6.863 6.866 6.870 6.874 6.878 6.882 6.886 6.889 6.893 6.896 6.899 6.902 6.905 6.908 6.910 6.912 6.914 6.916 6.917 6.918 6.919 6.920 6.920 6.921 6.921 6.921 6.920 6.920 6.920 6.919 6.918 6.916 6.912 6.905 6.897 6.890 6.882 6.873 6.866
6.799 6.802 6.805 6.807 6.810 6.813 6.815 6.818 6.820 6.822 6.824 6.826 6.828 6.830 6.831 6.833 6.834 6.836 6.837 6.838 6.840 6.841 6.842 6.843 6.844 6.846 6.847 6.849 6.850 6.852 6.854 6.856 6.859 6.861 6.864 6.867 6.870 6.873 6.877 6.880 6.884 6.888 6.892 6.896 6.900 6.903 6.907 6.910 6.913 6.916 6.919 6.922 6.924 6.926 6.928 6.929 6.930 6.931 6.932 6.933 6.933 6.933 6.933 6.933 6.932 6.932 6.931 6.930 6.929 6.926 6.922 6.915 6.907 6.899 6.891 6.882 6.875
6.807 6.810 6.813 6.816 6.819 6.821 6.824 6.827 6.829 6.832 6.834 6.836 6.838 6.840 6.842 6.844 6.845 6.847 6.849 6.850 6.852 6.853 6.855 6.856 6.857 6.859 6.860 6.862 6.864 6.866 6.868 6.870 6.872 6.875 6.878 6.881 6.884 6.888 6.891 6.895 6.898 6.902 6.907 6.911 6.914 6.918 6.922 6.925 6.928 6.931 6.934 6.937 6.939 6.941 6.943 6.944 6.945 6.946 6.947 6.948 6.948 6.948 6.947 6.947 6.946 6.946 6.945 6.944 6.942 6.939 6.935 6.928 6.919 6.910 6.902 6.893 6.887
6.813 6.817 6.820 6.823 6.826 6.829 6.832 6.835 6.837 6.840 6.842 6.845 6.847 6.849 6.851 6.853 6.855 6.857 6.859 6.861 6.863 6.864 6.866 6.867 6.869 6.870 6.872 6.874 6.876 6.878 6.880 6.883 6.885 6.888 6.891 6.894 6.897 6.901 6.905 6.908 6.912 6.916 6.921 6.925 6.929 6.933 6.936 6.940 6.943 6.947 6.950 6.952 6.955 6.957 6.959 6.960 6.962 6.963 6.964 6.964 6.964 6.964 6.964 6.963 6.963 6.962 6.961 6.959 6.958 6.955 6.950 6.943 6.933 6.925 6.916 6.907 6.902
6.819 6.823 6.826 6.829 6.832 6.835 6.838 6.841 6.844 6.847 6.849 6.852 6.854 6.857 6.859 6.861 6.863 6.865 6.867 6.869 6.872 6.873 6.875 6.877 6.879 6.881 6.882 6.884 6.887 6.889 6.891 6.894 6.897 6.899 6.903 6.906 6.909 6.913 6.917 6.921 6.925 6.929 6.934 6.938 6.943 6.947 6.951 6.954 6.958 6.962 6.965 6.968 6.971 6.973 6.975 6.977 6.979 6.980 6.981 6.982 6.982 6.982 6.982 6.981 6.981 6.980 6.979 6.977 6.975 6.973 6.968 6.960 6.950 6.941 6.933 6.924 6.918
6.824 6.828 6.831 6.835 6.838 6.841 6.844 6.847 6.850 6.853 6.855 6.858 6.861 6.863 6.865 6.868 6.870 6.872 6.874 6.877 6.879 6.881 6.883 6.885 6.887 6.889 6.891 6.893 6.896 6.898 6.901 6.903 6.906 6.909 6.913 6.916 6.920 6.924 6.928 6.932 6.936 6.941 6.946 6.950 6.955 6.959 6.963 6.968 6.972 6.976 6.979 6.983 6.986 6.989 6.991 6.994 6.996 6.997 6.998 6.999 7.000 7.000 7.000 7.000 7.000 6.999 6.998 6.997 6.995 6.992 6.987 6.979 6.969 6.960 6.952 6.943 6.938
6.828 6.832 6.836 6.839 6.843 6.846 6.849 6.852 6.855 6.858 6.861 6.863 6.866 6.868 6.871 6.873 6.876 6.878 6.880 6.883 6.885 6.887 6.889 6.892 6.894 6.896 6.898 6.901 6.903 6.906 6.908 6.911 6.914 6.917 6.921 6.924 6.928 6.932 6.936 6.941 6.945 6.950 6.955 6.960 6.965 6.970 6.975 6.979 6.984 6.988 6.992 6.996 7.000 7.003 7.006 7.009 7.011 7.013 7.015 7.016 7.017 7.018 7.018 7.018 7.019 7.018 7.017 7.016 7.015 7.012 7.007 6.999 6.989 6.981 6.972 6.964 6.960
6.832 6.836 6.839 6.843 6.847 6.850 6.853 6.856 6.859 6.862 6.865 6.868 6.870 6.873 6.875 6.878 6.880 6.883 6.885 6.888 6.890 6.892 6.895 6.897 6.899 6.901 6.904 6.906 6.909 6.912 6.914 6.917 6.920 6.924 6.927 6.931 6.935 6.939 6.943 6.948 6.953 6.958 6.963 6.968 6.973 6.978 6.983 6.988 6.993 6.998 7.003 7.007 7.011 7.015 7.019 7.022 7.025 7.027 7.030 7.032 7.033 7.034 7.035 7.036 7.036 7.037 7.036 7.035 7.034 7.032 7.028 7.020 7.010 7.002 6.994 6.986 6.983
6.835 6.839 6.843 6.846 6.850 6.853 6.857 6.860 6.863 6.866 6.869 6.872 6.874 6.877 6.879 6.882 6.884 6.887 6.889 6.892 6.894 6.897 6.899 6.901 6.903 6.906 6.908 6.911 6.913 6.916 6.919 6.922 6.925 6.929 6.932 6.936 6.940 6.944 6.949 6.953 6.958 6.964 6.969 6.974 6.980 6.985 6.990 6.996 7.001 7.006 7.011 7.016 7.020 7.025 7.029 7.033 7.036 7.039 7.042 7.045 7.047 7.049 7.050 7.051 7.052 7.053 7.053 7.053 7.052 7.050 7.047 7.039 7.030 7.023 7.015 7.009 7.006
6.837 6.841 6.845 6.849 6.853 6.856 6.860 6.863 6.866 6.869 6.872 6.875 6.877 6.880 6.883 6.885 6.887 6.890 6.892 6.895 6.898 6.900 6.902 6.904 6.907 6.909 6.912 6.914 6.917 6.920 6.923 6.926 6.929 6.932 6.936 6.940 6.944 6.948 6.953 6.957 6.962 6.968 6.973 6.979 6.984 6.990 6.995 7.001 7.006 7.012 7.017 7.022 7.027 7.032 7.037 7.041 7.045 7.049 7.052 7.056 7.058 7.061 7.063 7.064 7.066 7.067 7.068 7.068 7.068 7.067 7.064 7.057 7.048 7.042 7.035 7.029 7.028
6.839 6.843 6.847 6.851 6.855 6.859 6.862 6.866 6.869 6.872 6.875 6.878 6.880 6.883 6.885 6.888 6.890 6.892 6.895 6.898 6.900 6.903 6.905 6.907 6.909 6.912 6.914 6.917 6.920 6.922 6.925 6.929 6.932 6.935 6.939 6.943 6.947 6.951 6.955 6.960 6.965 6.971 6.976 6.982 6.987 6.993 6.999 7.004 7.010 7.016 7.022 7.027 7.033 7.038 7.043 7.048 7.052 7.056 7.060 7.064 7.067 7.070 7.073 7.075 7.077 7.079 7.080 7.080 7.081 7.081 7.078 7.072 7.064 7.058 7.053 7.047 7.047
6.840 6.844 6.849 6.853 6.857 6.861 6.864 6.868 6.871 6.874 6.877 6.880 6.883 6.885 6.888 6.890 6.892 6.895 6.897 6.900 6.902 6.905 6.907 6.909 6.912 6.914 6.916 6.919 6.922 6.925 6.927 6.931 6.934 6.937 6.941 6.945 6.949 6.953 6.957 6.962 6.967 6.973 6.978 6.984 6.989 6.995 7.001 7.007 7.013 7.019 7.025 7.030 7.036 7.042 7.047 7.052 7.057 7.062 7.066 7.070 7.074 7.077 7.080 7.083 7.086 7.088 7.089 7.091 7.092 7.092 7.090 7.084 7.077 7.072 7.067 7.063 7.063
6.841 6.846 6.850 6.854 6.858 6.862 6.866 6.869 6.873 6.876 6.879 6.882 6.885 6.887 6.890 6.892 6.894 6.897 6.899 6.902 6.904 6.906 6.909 6.911 6.913 6.916 6.918 6.921 6.923 6.926 6.929 6.932 6.935 6.939 6.942 6.946 6.950 6.954 6.959 6.963 6.968 6.974 6.979 6.985 6.991 6.996 7.002 7.008 7.014 7.020 7.027 7.033 7.038 7.044 7.050 7.055 7.061 7.066 7.070 7.075 7.079 7.083 7.086 7.090 7.093 7.095 7.097 7.099 7.101 7.101 7.100 7.095 7.088 7.083 7.079 7.076 7.077
6.842 6.847 6.851 6.855 6.859 6.863 6.867 6.871 6.874 6.878 6.881 6.884 6.886 6.889 6.891 6.894 6.896 6.899 6.901 6.904 6.906 6.908 6.910 6.912 6.915 6.917 6.919 6.922 6.925 6.927 6.930 6.933 6.936 6.940 6.943 6.947 6.951 6.955 6.959 6.964 6.969 6.975 6.980 6.986 6.991 6.997 7.003 7.009 7.015 7.022 7.028 7.034 7.040 7.046 7.052 7.058 7.063 7.069 7.074 7.078 7.083 7.087 7.091 7.095 7.098 7.101 7.104 7.106 7.108 7.109 7.108 7.104 7.097 7.092 7.089 7.086 7.088
6.842 6.847 6.852 6.856 6.860 6.865 6.868 6.872 6.876 6.879 6.882 6.885 6.888 6.891 6.893 6.895 6.898 6.900 6.903 6.905 6.907 6.909 6.912 6.914 6.916 6.918 6.921 6.923 6.926 6.928 6.931 6.934 6.937 6.940 6.944 6.948 6.952 6.956 6.960 6.965 6.970 6.975 6.981 6.986 6.992 6.998 7.004 7.010 7.016 7.022 7.028 7.035 7.041 7.047 7.053 7.059 7.065 7.071 7.076 7.081 7.086 7.090 7.095 7.099 7.102 7.106 7.109 7.111 7.114 7.116 7.115 7.110 7.103 7.100 7.097 7.094 7.096
6.843 6.848 6.852 6.857 6.861 6.865 6.869 6.873 6.877 6.880 6.883 6.886 6.889 6.892 6.894 6.897 6.899 6.902 6.904 6.907 6.909 6.911 6.913 6.915 6.917 6.919 6.922 6.924 6.927 6.929 6.932 6.935 6.938 6.941 6.945 6.948 6.952 6.956 6.960 6.965 6.970 6.975 6.981 6.986 6.992 6.998 7.004 7.010 7.016 7.022 7.029 7.035 7.042 7.048 7.054 7.060 7.066 7.072 7.078 7.083 7.088 7.093 7.098 7.102 7.106 7.110 7.113 7.116 7.119 7.122 7.121 7.116 7.110 7.107 7.104 7.102 7.105
