version2/TsunamiDB/out54082.asc
ncols          264
nrows          230
xllcorner      497853.4375
yllcorner      4229146.0000
cellsize         5.
NODATA_value   -99
[rows 136 to 169 of 230, columns 0 to 75 of 264]
-99.000 -99.000 1.651 1.657 1.710 1.858 2.091 2.373 2.663 2.932 3.161 3.346 3.492 3.610 3.707 3.791 3.864 3.931 3.994 4.052 4.107 4.160 4.211 4.260 4.307 4.353 4.397 4.440 4.482 4.522 4.562 4.600 4.636 4.673 4.709 4.744 4.779 4.812 4.845 4.877 4.909 4.939 4.969 4.999 5.027 5.055 5.082 5.109 5.135 5.161 5.186 5.211 5.235 5.258 5.281 5.302 5.324 5.346 5.368 5.389 5.410 5.431 5.451 5.471 5.491 5.511 5.531 5.550 5.569 5.587 5.606 5.624 5.641 5.659 5.676 5.692
-99.000 -99.000 1.652 1.671 1.764 1.953 2.212 2.503 2.787 3.040 3.249 3.416 3.548 3.656 3.746 3.825 3.896 3.960 4.021 4.078 4.132 4.184 4.234 4.282 4.328 4.373 4.417 4.459 4.500 4.540 4.579 4.617 4.653 4.690 4.725 4.760 4.794 4.828 4.860 4.892 4.923 4.954 4.984 5.013 5.041 5.069 5.096 5.123 5.149 5.174 5.199 5.224 5.248 5.271 5.293 5.315 5.336 5.358 5.380 5.401 5.421 5.442 5.462 5.482 5.502 5.522 5.541 5.560 5.579 5.598 5.617 5.635 5.653 5.670 5.688 5.705
-99.000 1.651 1.655 1.700 1.837 2.062 2.340 2.633 2.905 3.138 3.328 3.479 3.599 3.699 3.783 3.858 3.926 3.989 4.048 4.103 4.157 4.207 4.256 4.304 4.349 4.393 4.436 4.478 4.519 4.558 4.597 4.634 4.670 4.706 4.741 4.775 4.809 4.842 4.875 4.907 4.938 4.968 4.998 5.027 5.055 5.083 5.110 5.137 5.163 5.188 5.213 5.237 5.261 5.284 5.306 5.327 5.349 5.370 5.392 5.412 5.433 5.453 5.473 5.493 5.513 5.532 5.552 5.571 5.590 5.608 5.627 5.645 5.663 5.681 5.699 5.717
-99.000 1.652 1.667 1.749 1.928 2.182 2.471 2.758 3.014 3.228 3.400 3.536 3.646 3.738 3.818 3.890 3.955 4.016 4.074 4.128 4.180 4.230 4.278 4.325 4.370 4.413 4.455 4.497 4.537 4.576 4.614 4.650 4.686 4.721 4.756 4.791 4.824 4.857 4.889 4.921 4.952 4.982 5.012 5.041 5.069 5.097 5.124 5.150 5.176 5.201 5.226 5.250 5.274 5.297 5.319 5.340 5.361 5.383 5.404 5.424 5.444 5.464 5.484 5.504 5.523 5.542 5.562 5.581 5.599 5.618 5.637 5.655 5.674 5.692 5.710 5.728
1.651 1.654 1.691 1.817 2.034 2.308 2.601 2.878 3.115 3.310 3.464 3.588 3.690 3.776 3.852 3.920 3.984 4.043 4.099 4.153 4.204 4.253 4.300 4.346 4.390 4.433 4.474 4.515 4.555 4.593 4.631 4.667 4.702 4.737 4.772 4.806 4.839 4.871 4.903 4.935 4.966 4.996 5.025 5.054 5.083 5.110 5.137 5.164 5.189 5.215 5.239 5.264 5.287 5.310 5.332 5.353 5.374 5.395 5.416 5.436 5.456 5.476 5.495 5.515 5.534 5.553 5.572 5.590 5.609 5.628 5.646 5.665 5.683 5.701 5.719 5.737
1.651 1.663 1.735 1.904 2.151 2.439 2.728 2.989 3.207 3.383 3.523 3.636 3.730 3.811 3.883 3.950 4.011 4.069 4.124 4.177 4.227 4.275 4.322 4.367 4.410 4.452 4.493 4.533 4.572 4.610 4.647 4.683 4.718 4.752 4.787 4.820 4.853 4.886 4.917 4.949 4.979 5.009 5.039 5.067 5.096 5.123 5.150 5.177 5.203 5.228 5.252 5.277 5.300 5.323 5.345 5.365 5.387 5.408 5.428 5.448 5.468 5.487 5.507 5.526 5.544 5.563 5.582 5.600 5.619 5.637 5.655 5.674 5.692 5.710 5.728 5.747
1.653 1.684 1.798 2.006 2.276 2.569 2.849 3.092 3.291 3.450 3.576 3.680 3.768 3.845 3.914 3.978 4.038 4.095 4.149 4.200 4.249 4.297 4.343 4.387 4.430 4.471 4.512 4.551 4.590 4.627 4.664 4.699 4.733 4.768 4.801 4.835 4.867 4.899 4.931 4.962 4.992 5.022 5.051 5.080 5.108 5.136 5.163 5.189 5.215 5.241 5.265 5.289 5.313 5.336 5.358 5.378 5.399 5.420 5.440 5.460 5.480 5.499 5.518 5.537 5.555 5.574 5.592 5.610 5.628 5.646 5.665 5.683 5.701 5.719 5.737 5.755
1.660 1.722 1.881 2.121 2.406 2.697 2.963 3.187 3.367 3.510 3.625 3.721 3.804 3.877 3.944 4.006 4.064 4.120 4.172 4.223 4.272 4.318 4.364 4.407 4.449 4.490 4.530 4.569 4.607 4.644 4.680 4.715 4.748 4.782 4.816 4.849 4.881 4.913 4.944 4.975 5.005 5.035 5.064 5.093 5.121 5.148 5.175 5.202 5.228 5.253 5.278 5.302 5.326 5.349 5.370 5.391 5.412 5.433 5.453 5.473 5.492 5.511 5.530 5.548 5.566 5.585 5.602 5.620 5.638 5.656 5.674 5.692 5.710 5.728 5.746 5.764
1.677 1.781 1.980 2.245 2.537 2.820 3.068 3.273 3.435 3.565 3.670 3.760 3.838 3.908 3.972 4.033 4.090 4.144 4.196 4.246 4.294 4.340 4.384 4.427 4.469 4.509 4.548 4.587 4.624 4.660 4.696 4.730 4.764 4.797 4.830 4.863 4.895 4.926 4.957 4.987 5.017 5.047 5.076 5.104 5.133 5.160 5.187 5.214 5.240 5.265 5.290 5.314 5.338 5.361 5.383 5.403 5.425 5.445 5.465 5.485 5.504 5.523 5.542 5.560 5.578 5.596 5.613 5.631 5.648 5.666 5.683 5.701 5.719 5.736 5.754 5.772
1.711 1.859 2.092 2.374 2.666 2.936 3.165 3.350 3.497 3.615 3.712 3.796 3.870 3.938 4.000 4.059 4.115 4.168 4.219 4.268 4.315 4.361 4.404 4.447 4.488 4.528 4.566 4.604 4.641 4.677 4.712 4.746 4.779 4.812 4.844 4.876 4.908 4.939 4.970 5.000 5.029 5.059 5.088 5.116 5.144 5.171 5.198 5.225 5.251 5.276 5.301 5.326 5.350 5.373 5.395 5.416 5.437 5.458 5.478 5.498 5.517 5.536 5.554 5.572 5.590 5.607 5.625 5.642 5.659 5.676 5.693 5.711 5.728 5.745 5.763 5.781
1.765 1.954 2.214 2.505 2.790 3.043 3.253 3.421 3.553 3.661 3.752 3.831 3.901 3.967 4.027 4.085 4.140 4.192 4.242 4.290 4.337 4.381 4.425 4.466 4.507 4.546 4.584 4.622 4.658 4.693 4.728 4.761 4.794 4.826 4.858 4.890 4.921 4.952 4.982 5.012 5.041 5.070 5.099 5.127 5.155 5.182 5.209 5.236 5.262 5.287 5.312 5.337 5.361 5.384 5.406 5.427 5.449 5.470 5.490 5.510 5.529 5.548 5.566 5.584 5.602 5.619 5.636 5.653 5.670 5.687 5.704 5.721 5.738 5.755 5.772 5.789
1.838 2.063 2.342 2.635 2.908 3.143 3.333 3.484 3.604 3.704 3.789 3.864 3.932 3.995 4.054 4.110 4.164 4.215 4.265 4.312 4.358 4.402 4.444 4.486 4.526 4.565 4.602 4.639 4.675 4.710 4.744 4.777 4.809 4.841 4.872 4.904 4.934 4.965 4.994 5.024 5.053 5.082 5.110 5.138 5.166 5.193 5.220 5.246 5.272 5.298 5.323 5.347 5.371 5.395 5.417 5.439 5.460 5.481 5.502 5.522 5.541 5.560 5.579 5.597 5.614 5.632 5.649 5.665 5.682 5.699 5.715 5.731 5.748 5.765 5.781 5.798
1.929 2.183 2.473 2.761 3.019 3.233 3.405 3.542 3.652 3.744 3.824 3.895 3.961 4.022 4.080 4.135 4.188 4.238 4.287 4.333 4.379 4.422 4.464 4.505 4.545 4.583 4.620 4.656 4.692 4.726 4.760 4.792 4.824 4.855 4.887 4.917 4.947 4.977 5.007 5.036 5.064 5.093 5.121 5.148 5.176 5.203 5.230 5.256 5.282 5.307 5.333 5.357 5.381 5.405 5.428 5.449 5.471 5.492 5.513 5.533 5.553 5.572 5.591 5.609 5.627 5.644 5.661 5.678 5.694 5.710 5.727 5.743 5.759 5.775 5.791 5.808
2.035 2.310 2.604 2.881 3.120 3.316 3.471 3.594 3.695 3.781 3.857 3.926 3.989 4.049 4.105 4.159 4.211 4.261 4.309 4.355 4.399 4.442 4.484 4.524 4.563 4.601 4.638 4.674 4.709 4.743 4.776 4.808 4.839 4.870 4.901 4.931 4.961 4.990 5.019 5.048 5.076 5.104 5.131 5.159 5.186 5.213 5.239 5.265 5.291 5.317 5.342 5.366 5.391 5.415 5.437 5.459 5.481 5.503 5.524 5.544 5.565 5.584 5.603 5.621 5.639 5.657 5.674 5.690 5.707 5.723 5.739 5.755 5.770 5.786 5.802 5.818
2.153 2.441 2.731 2.993 3.213 3.390 3.531 3.643 3.736 3.817 3.889 3.955 4.017 4.075 4.130 4.183 4.234 4.283 4.330 4.376 4.420 4.462 4.503 4.543 4.582 4.619 4.656 4.691 4.726 4.759 4.792 4.823 4.854 4.885 4.915 4.945 4.974 5.003 5.031 5.060 5.087 5.115 5.142 5.169 5.196 5.222 5.248 5.274 5.300 5.325 5.351 5.375 5.399 5.423 5.446 5.468 5.490 5.512 5.534 5.555 5.575 5.595 5.614 5.633 5.651 5.669 5.686 5.703 5.719 5.735 5.751 5.767 5.782 5.798 5.813 5.829
2.278 2.572 2.853 3.097 3.298 3.458 3.585 3.688 3.774 3.851 3.920 3.984 4.044 4.101 4.155 4.207 4.257 4.305 4.352 4.397 4.440 4.482 4.523 4.562 4.601 4.638 4.674 4.709 4.743 4.776 4.808 4.839 4.870 4.900 4.930 4.959 4.988 5.016 5.044 5.072 5.099 5.126 5.153 5.179 5.206 5.232 5.258 5.283 5.309 5.334 5.359 5.383 5.408 5.432 5.454 5.477 5.499 5.521 5.543 5.565 5.585 5.606 5.625 5.644 5.663 5.681 5.698 5.716 5.732 5.748 5.764 5.780 5.795 5.810 5.825 5.840
2.408 2.700 2.967 3.193 3.375 3.519 3.635 3.729 3.811 3.884 3.950 4.012 4.070 4.126 4.179 4.230 4.279 4.327 4.373 4.417 4.460 4.502 4.542 4.581 4.619 4.656 4.692 4.726 4.760 4.793 4.825 4.855 4.885 4.915 4.945 4.974 5.002 5.030 5.057 5.084 5.111 5.138 5.164 5.190 5.216 5.241 5.267 5.292 5.317 5.342 5.367 5.391 5.415 5.439 5.462 5.484 5.507 5.530 5.552 5.573 5.595 5.615 5.635 5.655 5.674 5.692 5.710 5.728 5.745 5.761 5.777 5.792 5.808 5.823 5.838 5.852
2.539 2.823 3.073 3.280 3.444 3.574 3.680 3.768 3.845 3.915 3.979 4.039 4.096 4.150 4.203 4.253 4.301 4.348 4.394 4.437 4.480 4.521 4.561 4.600 4.638 4.674 4.710 4.744 4.778 4.811 4.841 4.871 4.901 4.931 4.960 4.988 5.016 5.044 5.071 5.097 5.124 5.150 5.175 5.201 5.226 5.251 5.276 5.301 5.326 5.350 5.375 5.399 5.423 5.447 5.469 5.492 5.515 5.537 5.560 5.582 5.603 5.624 5.645 5.665 5.684 5.703 5.721 5.739 5.757 5.773 5.790 5.805 5.821 5.836 5.850 5.865
2.669 2.940 3.171 3.358 3.507 3.625 3.723 3.805 3.878 3.945 4.007 4.065 4.121 4.174 4.226 4.275 4.323 4.369 4.414 4.457 4.500 4.540 4.580 4.619 4.656 4.692 4.727 4.762 4.795 4.827 4.858 4.888 4.918 4.947 4.976 5.004 5.031 5.058 5.085 5.111 5.137 5.162 5.187 5.212 5.237 5.261 5.286 5.310 5.335 5.359 5.383 5.407 5.430 5.454 5.476 5.499 5.522 5.544 5.567 5.589 5.611 5.632 5.653 5.674 5.694 5.713 5.732 5.750 5.768 5.785 5.802 5.818 5.833 5.849 5.863 5.878
2.793 3.049 3.260 3.429 3.564 3.672 3.763 3.840 3.910 3.974 4.034 4.091 4.146 4.198 4.248 4.297 4.344 4.390 4.434 4.477 4.519 4.559 4.599 4.637 4.674 4.710 4.745 4.779 4.812 4.845 4.875 4.904 4.934 4.963 4.992 5.019 5.046 5.073 5.099 5.125 5.150 5.175 5.200 5.224 5.248 5.272 5.296 5.320 5.344 5.367 5.391 5.415 5.438 5.461 5.482 5.505 5.528 5.551 5.573 5.596 5.618 5.639 5.661 5.681 5.702 5.722 5.741 5.760 5.778 5.796 5.813 5.830 5.846 5.861 5.876 5.891
2.912 3.149 3.341 3.494 3.616 3.715 3.800 3.873 3.940 4.002 4.061 4.116 4.170 4.221 4.270 4.318 4.365 4.410 4.454 4.496 4.538 4.578 4.617 4.655 4.692 4.728 4.763 4.796 4.830 4.862 4.892 4.921 4.951 4.980 5.008 5.035 5.062 5.088 5.114 5.139 5.164 5.189 5.213 5.237 5.260 5.284 5.307 5.330 5.353 5.377 5.400 5.423 5.446 5.468 5.489 5.512 5.534 5.557 5.579 5.602 5.624 5.646 5.667 5.689 5.709 5.730 5.750 5.769 5.788 5.806 5.824 5.841 5.857 5.873 5.889 5.904
3.022 3.240 3.414 3.552 3.663 3.756 3.835 3.905 3.969 4.030 4.087 4.141 4.193 4.244 4.292 4.339 4.385 4.430 4.473 4.515 4.556 4.596 4.635 4.672 4.709 4.745 4.780 4.814 4.847 4.879 4.909 4.938 4.968 4.996 5.024 5.051 5.078 5.104 5.130 5.155 5.179 5.203 5.227 5.250 5.273 5.296 5.319 5.341 5.364 5.386 5.409 5.431 5.454 5.475 5.496 5.518 5.541 5.563 5.585 5.608 5.630 5.652 5.673 5.695 5.716 5.737 5.757 5.777 5.796 5.815 5.833 5.851 5.868 5.885 5.901 5.916
3.124 3.323 3.480 3.605 3.707 3.794 3.869 3.936 3.997 4.056 4.112 4.165 4.216 4.266 4.313 4.360 4.405 4.449 4.492 4.533 4.574 4.614 4.652 4.690 4.726 4.762 4.797 4.830 4.863 4.895 4.926 4.955 4.984 5.013 5.041 5.068 5.094 5.120 5.146 5.170 5.195 5.218 5.242 5.265 5.287 5.309 5.332 5.354 5.375 5.397 5.419 5.441 5.462 5.483 5.504 5.526 5.547 5.569 5.591 5.613 5.635 5.657 5.679 5.700 5.722 5.743 5.763 5.784 5.804 5.823 5.842 5.860 5.878 5.895 5.911 5.927
3.218 3.397 3.540 3.654 3.748 3.829 3.901 3.965 4.025 4.082 4.136 4.188 4.239 4.287 4.334 4.380 4.424 4.468 4.510 4.551 4.592 4.631 4.669 4.706 4.743 4.778 4.813 4.847 4.880 4.912 4.942 4.971 5.001 5.029 5.057 5.084 5.111 5.137 5.162 5.186 5.210 5.234 5.257 5.280 5.302 5.324 5.345 5.367 5.388 5.409 5.430 5.451 5.472 5.492 5.512 5.533 5.555 5.576 5.597 5.619 5.641 5.662 5.684 5.705 5.727 5.748 5.769 5.790 5.810 5.830 5.849 5.868 5.886 5.904 5.921 5.938
3.303 3.465 3.594 3.699 3.787 3.863 3.932 3.994 4.052 4.107 4.160 4.211 4.261 4.308 4.355 4.399 4.443 4.486 4.528 4.569 4.609 4.648 4.686 4.723 4.759 4.794 4.829 4.863 4.896 4.928 4.958 4.987 5.017 5.046 5.074 5.101 5.127 5.153 5.178 5.203 5.227 5.250 5.273 5.295 5.317 5.339 5.360 5.381 5.401 5.422 5.442 5.463 5.483 5.503 5.522 5.542 5.563 5.583 5.604 5.625 5.646 5.668 5.689 5.710 5.732 5.753 5.774 5.795 5.815 5.835 5.855 5.875 5.894 5.912 5.930 5.947
3.379 3.526 3.644 3.740 3.823 3.895 3.961 4.021 4.078 4.132 4.184 4.234 4.282 4.329 4.374 4.419 4.462 4.504 4.545 4.586 4.625 4.664 4.702 4.739 4.775 4.810 4.844 4.878 4.911 4.943 4.974 5.003 5.033 5.061 5.089 5.117 5.143 5.169 5.195 5.219 5.243 5.267 5.289 5.312 5.333 5.355 5.375 5.396 5.416 5.436 5.456 5.476 5.495 5.514 5.532 5.552 5.572 5.592 5.612 5.632 5.653 5.673 5.694 5.715 5.736 5.757 5.778 5.799 5.820 5.840 5.860 5.880 5.900 5.919 5.937 5.955
3.449 3.582 3.689 3.779 3.857 3.926 3.990 4.048 4.103 4.156 4.207 4.256 4.303 4.349 4.394 4.438 4.480 4.522 4.562 4.602 4.641 4.680 4.717 4.754 4.790 4.825 4.859 4.893 4.926 4.958 4.988 5.018 5.048 5.077 5.105 5.132 5.159 5.185 5.211 5.235 5.260 5.283 5.306 5.328 5.350 5.371 5.392 5.412 5.432 5.451 5.470 5.490 5.509 5.527 5.544 5.563 5.582 5.601 5.620 5.640 5.660 5.680 5.700 5.720 5.741 5.761 5.782 5.803 5.824 5.844 5.865 5.885 5.905 5.924 5.943 5.962
3.511 3.632 3.731 3.816 3.889 3.956 4.018 4.074 4.128 4.180 4.230 4.278 4.324 4.369 4.413 4.456 4.498 4.539 4.579 4.618 4.657 4.695 4.732 4.769 4.804 4.839 4.873 4.907 4.940 4.972 5.003 5.032 5.062 5.091 5.120 5.147 5.174 5.201 5.226 5.251 5.276 5.299 5.322 5.345 5.366 5.388 5.408 5.428 5.448 5.467 5.486 5.505 5.523 5.541 5.558 5.576 5.594 5.612 5.630 5.649 5.668 5.687 5.706 5.726 5.746 5.766 5.786 5.807 5.828 5.848 5.869 5.889 5.909 5.929 5.948 5.967
3.568 3.679 3.771 3.850 3.921 3.985 4.045 4.100 4.153 4.203 4.252 4.299 4.345 4.389 4.432 4.474 4.515 4.556 4.595 4.634 4.672 4.710 4.747 4.783 4.818 4.853 4.887 4.921 4.953 4.985 5.016 5.046 5.076 5.105 5.134 5.162 5.189 5.215 5.241 5.266 5.291 5.315 5.338 5.361 5.383 5.404 5.425 5.445 5.465 5.484 5.503 5.521 5.539 5.556 5.573 5.590 5.607 5.624 5.642 5.659 5.677 5.695 5.714 5.733 5.752 5.771 5.791 5.811 5.831 5.852 5.872 5.892 5.913 5.933 5.952 5.972
3.620 3.722 3.808 3.883 3.951 4.013 4.071 4.125 4.177 4.226 4.274 4.320 4.365 4.409 4.451 4.492 4.533 4.572 4.611 4.650 4.687 4.724 4.761 4.796 4.832 4.866 4.900 4.933 4.966 4.998 5.029 5.059 5.089 5.118 5.147 5.175 5.202 5.229 5.255 5.281 5.306 5.330 5.354 5.377 5.399 5.421 5.442 5.462 5.482 5.501 5.520 5.538 5.556 5.573 5.589 5.605 5.622 5.638 5.655 5.672 5.688 5.706 5.723 5.741 5.759 5.778 5.796 5.816 5.835 5.855 5.875 5.895 5.916 5.936 5.956 5.976
3.667 3.761 3.843 3.915 3.980 4.041 4.097 4.150 4.200 4.249 4.296 4.341 4.385 4.428 4.469 4.510 4.550 4.589 4.627 4.665 4.702 4.738 4.774 4.810 4.845 4.879 4.913 4.946 4.978 5.010 5.041 5.071 5.101 5.130 5.159 5.188 5.215 5.242 5.269 5.295 5.320 5.344 5.368 5.392 5.414 5.436 5.458 5.479 5.499 5.518 5.537 5.555 5.573 5.590 5.606 5.622 5.638 5.654 5.670 5.686 5.701 5.718 5.734 5.751 5.768 5.785 5.803 5.822 5.840 5.860 5.879 5.899 5.919 5.939 5.959 5.979
3.710 3.799 3.876 3.945 4.009 4.068 4.122 4.174 4.224 4.272 4.318 4.362 4.405 4.447 4.488 4.528 4.567 4.605 4.643 4.680 4.716 4.752 4.788 4.823 4.857 4.891 4.925 4.958 4.990 5.022 5.052 5.082 5.112 5.142 5.171 5.199 5.227 5.254 5.281 5.307 5.333 5.358 5.382 5.406 5.429 5.451 5.473 5.494 5.515 5.535 5.554 5.573 5.591 5.607 5.623 5.639 5.655 5.671 5.686 5.701 5.716 5.731 5.747 5.762 5.778 5.795 5.811 5.829 5.847 5.865 5.884 5.903 5.922 5.942 5.961 5.981
3.751 3.834 3.908 3.975 4.036 4.094 4.147 4.198 4.247 4.294 4.339 4.383 4.425 4.466 4.506 4.545 4.584 4.621 4.658 4.695 4.731 4.766 4.801 4.836 4.870 4.903 4.936 4.969 5.001 5.032 5.063 5.093 5.123 5.152 5.181 5.210 5.238 5.265 5.292 5.319 5.345 5.370 5.394 5.419 5.442 5.465 5.487 5.509 5.530 5.551 5.570 5.589 5.608 5.625 5.641 5.657 5.673 5.688 5.703 5.718 5.733 5.747 5.761 5.776 5.791 5.806 5.821 5.838 5.854 5.872 5.889 5.907 5.926 5.945 5.964 5.984
3.789 3.868 3.939 4.003 4.063 4.120 4.172 4.222 4.270 4.316 4.360 4.403 4.445 4.485 4.524 4.563 4.601 4.638 4.674 4.710 4.745 4.780 4.814 4.848 4.882 4.915 4.948 4.980 5.012 5.043 5.073 5.103 5.133 5.162 5.191 5.220 5.248 5.276 5.303 5.329 5.355 5.381 5.406 5.430 5.454 5.478 5.500 5.523 5.544 5.565 5.586 5.605 5.624 5.641 5.658 5.675 5.691 5.706 5.721 5.736 5.750 5.764 5.778 5.791 5.805 5.819 5.834 5.849 5.864 5.880 5.897 5.914 5.931 5.949 5.968 5.987
