version2/TsunamiDB/out54125.asc
ncols          264
nrows          230
xllcorner      497853.4375
yllcorner      4229146.0000
cellsize         5.
NODATA_value   -99
[rows 136 to 169 of 230, columns 154 to 230 of 264]
7.081 7.084 7.087 7.090 7.093 7.096 7.099 7.102 7.105 7.108 7.110 7.113 7.116 7.119 7.123 7.127 7.130 7.134 7.139 7.144 7.150 7.157 7.164 7.172 7.182 7.192 7.202 7.213 7.224 7.234 7.243 7.249 7.253 7.259 7.264 7.269 7.275 7.284 7.296 7.311 7.329 7.352 7.377 7.399 7.424 7.460 7.499 7.540 7.584 7.629 7.679 7.742 7.808 7.844 7.881 7.938 7.990 8.038 8.081 8.120 8.154 8.178 8.193 8.202 8.212 8.226 8.239 8.250 8.260 8.270 8.279 8.290 8.302 8.306 8.311 8.323 8.335
7.091 7.094 7.097 7.099 7.102 7.105 7.108 7.110 7.113 7.116 7.118 7.121 7.123 7.126 7.130 7.133 7.136 7.140 7.144 7.149 7.155 7.162 7.169 7.177 7.186 7.196 7.207 7.218 7.229 7.239 7.247 7.252 7.256 7.262 7.268 7.272 7.279 7.289 7.302 7.319 7.340 7.366 7.393 7.417 7.443 7.481 7.524 7.568 7.614 7.663 7.718 7.782 7.844 7.878 7.915 7.969 8.019 8.065 8.106 8.142 8.172 8.192 8.207 8.215 8.223 8.235 8.247 8.257 8.266 8.275 8.284 8.295 8.306 8.310 8.315 8.328 8.340
7.102 7.105 7.107 7.110 7.112 7.115 7.117 7.119 7.122 7.124 7.126 7.129 7.131 7.134 7.137 7.140 7.143 7.146 7.150 7.155 7.161 7.167 7.174 7.182 7.191 7.201 7.212 7.223 7.233 7.243 7.250 7.256 7.260 7.266 7.272 7.277 7.284 7.295 7.310 7.329 7.352 7.380 7.410 7.435 7.464 7.505 7.551 7.598 7.647 7.701 7.759 7.821 7.878 7.911 7.946 7.998 8.046 8.089 8.127 8.160 8.186 8.205 8.220 8.227 8.234 8.245 8.254 8.263 8.271 8.280 8.289 8.299 8.310 8.315 8.320 8.333 8.346
7.114 7.116 7.118 7.121 7.123 7.125 7.127 7.129 7.131 7.133 7.135 7.137 7.139 7.141 7.144 7.147 7.149 7.153 7.156 7.161 7.166 7.172 7.179 7.187 7.196 7.206 7.217 7.228 7.238 7.247 7.255 7.260 7.264 7.271 7.277 7.282 7.291 7.303 7.319 7.340 7.366 7.396 7.429 7.456 7.486 7.532 7.581 7.631 7.684 7.740 7.799 7.858 7.911 7.942 7.975 8.025 8.070 8.111 8.146 8.176 8.200 8.218 8.231 8.238 8.244 8.254 8.262 8.270 8.277 8.284 8.293 8.303 8.314 8.319 8.324 8.338 8.351
7.127 7.129 7.131 7.133 7.135 7.136 7.138 7.140 7.141 7.143 7.145 7.146 7.148 7.149 7.152 7.154 7.157 7.159 7.163 7.167 7.172 7.178 7.185 7.193 7.202 7.211 7.222 7.232 7.243 7.252 7.259 7.265 7.270 7.276 7.283 7.290 7.300 7.313 7.330 7.352 7.380 7.413 7.449 7.479 7.512 7.561 7.613 7.667 7.723 7.779 7.837 7.892 7.943 7.972 8.003 8.049 8.092 8.130 8.163 8.191 8.213 8.230 8.242 8.249 8.254 8.262 8.270 8.276 8.282 8.289 8.297 8.307 8.318 8.323 8.329 8.342 8.357
7.141 7.142 7.144 7.146 7.147 7.149 7.150 7.151 7.153 7.154 7.155 7.156 7.157 7.158 7.160 7.162 7.164 7.167 7.170 7.174 7.179 7.184 7.191 7.199 7.207 7.217 7.227 7.237 7.248 7.257 7.265 7.271 7.276 7.284 7.291 7.299 7.310 7.325 7.343 7.366 7.396 7.432 7.473 7.504 7.540 7.592 7.648 7.705 7.761 7.817 7.873 7.925 7.973 8.000 8.028 8.072 8.112 8.148 8.178 8.204 8.225 8.241 8.253 8.259 8.264 8.271 8.277 8.283 8.288 8.293 8.301 8.310 8.322 8.327 8.333 8.348 8.362
7.155 7.157 7.158 7.159 7.161 7.162 7.163 7.164 7.165 7.165 7.166 7.167 7.167 7.168 7.170 7.171 7.173 7.175 7.178 7.181 7.186 7.191 7.197 7.205 7.213 7.223 7.232 7.243 7.253 7.263 7.271 7.278 7.284 7.292 7.300 7.309 7.322 7.338 7.357 7.381 7.413 7.454 7.498 7.532 7.570 7.627 7.685 7.743 7.799 7.854 7.907 7.957 8.001 8.026 8.052 8.093 8.130 8.164 8.193 8.217 8.237 8.252 8.263 8.268 8.272 8.278 8.284 8.288 8.293 8.297 8.304 8.314 8.326 8.332 8.338 8.353 8.368
7.170 7.171 7.173 7.174 7.175 7.176 7.177 7.177 7.178 7.178 7.178 7.178 7.178 7.179 7.180 7.181 7.182 7.183 7.186 7.189 7.193 7.198 7.204 7.211 7.220 7.229 7.239 7.249 7.260 7.270 7.279 7.286 7.293 7.302 7.311 7.321 7.335 7.352 7.373 7.399 7.434 7.478 7.527 7.563 7.603 7.663 7.722 7.779 7.834 7.888 7.939 7.985 8.027 8.050 8.075 8.112 8.147 8.179 8.206 8.230 8.249 8.263 8.272 8.276 8.280 8.285 8.290 8.294 8.297 8.301 8.308 8.318 8.331 8.337 8.344 8.360 8.374
7.184 7.186 7.188 7.189 7.190 7.191 7.191 7.192 7.192 7.191 7.191 7.191 7.190 7.190 7.190 7.191 7.191 7.193 7.195 7.198 7.201 7.206 7.211 7.218 7.227 7.236 7.246 7.256 7.267 7.278 7.288 7.296 7.303 7.313 7.323 7.335 7.350 7.369 7.391 7.419 7.457 7.504 7.557 7.596 7.638 7.698 7.758 7.815 7.869 7.920 7.969 8.013 8.052 8.074 8.096 8.131 8.164 8.193 8.219 8.241 8.260 8.273 8.280 8.284 8.287 8.291 8.296 8.299 8.303 8.306 8.312 8.322 8.336 8.343 8.350 8.366 8.381
7.199 7.201 7.202 7.204 7.205 7.206 7.206 7.206 7.206 7.206 7.205 7.204 7.203 7.202 7.202 7.202 7.202 7.203 7.204 7.207 7.210 7.214 7.219 7.226 7.234 7.243 7.253 7.264 7.276 7.288 7.298 7.307 7.315 7.325 7.337 7.350 7.367 7.388 7.412 7.443 7.482 7.533 7.592 7.633 7.675 7.736 7.795 7.852 7.904 7.953 8.000 8.041 8.078 8.098 8.118 8.151 8.181 8.208 8.232 8.254 8.271 8.283 8.289 8.291 8.293 8.297 8.301 8.305 8.308 8.312 8.317 8.327 8.343 8.351 8.358 8.373 8.387
7.212 7.214 7.217 7.218 7.220 7.220 7.221 7.221 7.221 7.220 7.219 7.218 7.216 7.215 7.214 7.213 7.213 7.213 7.214 7.216 7.219 7.223 7.227 7.234 7.243 7.252 7.263 7.274 7.287 7.299 7.311 7.319 7.328 7.340 7.353 7.367 7.386 7.409 7.437 7.470 7.511 7.570 7.634 7.673 7.714 7.775 7.833 7.888 7.939 7.986 8.030 8.069 8.103 8.121 8.140 8.170 8.198 8.223 8.245 8.265 8.282 8.291 8.294 8.297 8.299 8.303 8.307 8.311 8.314 8.318 8.322 8.334 8.352 8.359 8.366 8.381 8.394
7.224 7.227 7.230 7.232 7.234 7.235 7.236 7.236 7.236 7.235 7.234 7.232 7.230 7.228 7.227 7.225 7.225 7.224 7.225 7.226 7.228 7.231 7.236 7.244 7.253 7.262 7.274 7.286 7.299 7.312 7.323 7.333 7.344 7.357 7.372 7.388 7.410 7.437 7.467 7.504 7.553 7.615 7.676 7.713 7.754 7.814 7.871 7.924 7.973 8.018 8.059 8.096 8.128 8.145 8.162 8.190 8.215 8.238 8.258 8.276 8.290 8.297 8.301 8.303 8.305 8.308 8.313 8.317 8.321 8.325 8.332 8.345 8.361 8.368 8.374 8.388 8.401
7.235 7.238 7.241 7.244 7.246 7.248 7.249 7.250 7.250 7.249 7.248 7.246 7.243 7.241 7.239 7.237 7.236 7.235 7.235 7.235 7.237 7.240 7.246 7.254 7.263 7.274 7.286 7.299 7.312 7.325 7.338 7.350 7.363 7.378 7.394 7.414 7.440 7.470 7.504 7.547 7.600 7.660 7.718 7.754 7.794 7.852 7.908 7.960 8.007 8.050 8.089 8.123 8.153 8.168 8.183 8.209 8.232 8.252 8.270 8.286 8.297 8.304 8.308 8.310 8.311 8.315 8.320 8.325 8.330 8.335 8.344 8.356 8.371 8.377 8.383 8.396 8.408
7.243 7.248 7.251 7.255 7.258 7.260 7.261 7.263 7.263 7.262 7.261 7.259 7.257 7.254 7.251 7.249 7.247 7.245 7.244 7.244 7.245 7.249 7.255 7.264 7.274 7.286 7.299 7.313 7.327 7.341 7.354 7.369 7.385 7.403 7.421 7.446 7.475 7.508 7.547 7.594 7.648 7.706 7.762 7.796 7.835 7.892 7.946 7.996 8.041 8.082 8.119 8.151 8.179 8.192 8.205 8.228 8.249 8.267 8.282 8.295 8.305 8.311 8.315 8.317 8.318 8.322 8.328 8.334 8.340 8.347 8.357 8.368 8.381 8.386 8.392 8.403 8.414
7.250 7.255 7.260 7.264 7.267 7.270 7.272 7.274 7.275 7.274 7.273 7.271 7.269 7.266 7.263 7.260 7.257 7.255 7.253 7.252 7.254 7.258 7.265 7.275 7.286 7.299 7.313 7.328 7.342 7.357 7.373 7.391 7.411 7.432 7.454 7.483 7.516 7.554 7.596 7.643 7.696 7.752 7.806 7.840 7.877 7.932 7.985 8.033 8.076 8.115 8.149 8.179 8.204 8.216 8.228 8.248 8.266 8.282 8.294 8.305 8.313 8.319 8.324 8.325 8.326 8.332 8.338 8.345 8.352 8.360 8.370 8.380 8.391 8.396 8.401 8.411 8.420
7.255 7.260 7.266 7.270 7.274 7.278 7.281 7.283 7.285 7.285 7.284 7.282 7.279 7.276 7.273 7.269 7.265 7.262 7.260 7.260 7.262 7.267 7.275 7.286 7.298 7.312 7.327 7.343 7.359 7.376 7.394 7.416 7.441 7.466 7.491 7.524 7.562 7.604 7.646 7.694 7.745 7.799 7.852 7.884 7.920 7.973 8.024 8.071 8.112 8.149 8.181 8.208 8.231 8.241 8.251 8.268 8.284 8.297 8.307 8.316 8.322 8.328 8.334 8.335 8.336 8.342 8.349 8.357 8.365 8.374 8.383 8.393 8.402 8.406 8.410 8.418 8.427
7.258 7.264 7.270 7.275 7.280 7.284 7.288 7.291 7.293 7.294 7.293 7.291 7.288 7.285 7.281 7.276 7.272 7.269 7.266 7.266 7.269 7.276 7.285 7.296 7.309 7.324 7.341 7.359 7.376 7.395 7.417 7.444 7.475 7.502 7.531 7.570 7.612 7.654 7.698 7.744 7.794 7.846 7.899 7.930 7.964 8.016 8.066 8.110 8.149 8.183 8.213 8.238 8.258 8.266 8.275 8.289 8.302 8.313 8.321 8.328 8.333 8.339 8.345 8.346 8.347 8.354 8.362 8.371 8.379 8.388 8.397 8.405 8.413 8.415 8.419 8.426 8.433
7.259 7.266 7.272 7.278 7.284 7.289 7.293 7.296 7.299 7.301 7.300 7.299 7.296 7.292 7.287 7.282 7.277 7.273 7.271 7.272 7.276 7.283 7.293 7.305 7.320 7.336 7.355 7.374 7.394 7.416 7.443 7.475 7.510 7.542 7.574 7.617 7.661 7.705 7.748 7.794 7.842 7.894 7.946 7.977 8.010 8.060 8.107 8.149 8.186 8.218 8.246 8.269 8.286 8.292 8.299 8.311 8.322 8.330 8.337 8.342 8.347 8.352 8.359 8.360 8.360 8.368 8.376 8.385 8.393 8.402 8.410 8.417 8.423 8.425 8.427 8.433 8.439
7.258 7.266 7.273 7.280 7.286 7.292 7.296 7.301 7.304 7.306 7.306 7.304 7.301 7.297 7.292 7.286 7.280 7.276 7.275 7.276 7.281 7.289 7.300 7.313 7.329 7.347 7.367 7.389 7.412 7.439 7.469 7.505 7.546 7.582 7.618 7.663 7.710 7.755 7.798 7.843 7.890 7.940 7.993 8.024 8.056 8.105 8.149 8.189 8.223 8.254 8.280 8.300 8.315 8.320 8.324 8.334 8.343 8.350 8.355 8.358 8.362 8.367 8.374 8.375 8.376 8.384 8.392 8.400 8.408 8.416 8.424 8.430 8.435 8.435 8.436 8.441 8.446
7.257 7.265 7.273 7.280 7.287 7.293 7.299 7.303 7.307 7.310 7.310 7.308 7.305 7.300 7.295 7.288 7.282 7.278 7.277 7.279 7.286 7.295 7.306 7.320 7.337 7.357 7.380 7.405 7.432 7.462 7.497 7.539 7.587 7.625 7.663 7.710 7.758 7.804 7.848 7.892 7.937 7.987 8.042 8.073 8.104 8.151 8.193 8.230 8.263 8.292 8.316 8.334 8.346 8.349 8.351 8.359 8.367 8.372 8.375 8.378 8.380 8.385 8.393 8.393 8.393 8.401 8.409 8.416 8.424 8.431 8.438 8.444 8.446 8.446 8.446 8.449 8.453
7.254 7.263 7.272 7.280 7.287 7.294 7.300 7.305 7.309 7.312 7.313 7.311 7.307 7.302 7.296 7.289 7.283 7.279 7.279 7.282 7.289 7.299 7.311 7.327 7.345 7.367 7.393 7.422 7.453 7.489 7.528 7.578 7.631 7.669 7.707 7.756 7.805 7.851 7.896 7.940 7.984 8.038 8.094 8.122 8.151 8.196 8.236 8.271 8.301 8.328 8.351 8.366 8.375 8.377 8.379 8.386 8.391 8.396 8.398 8.400 8.401 8.407 8.415 8.415 8.414 8.421 8.428 8.434 8.441 8.447 8.454 8.457 8.458 8.457 8.456 8.458 8.461
7.251 7.261 7.270 7.278 7.286 7.293 7.300 7.306 7.311 7.314 7.314 7.312 7.308 7.303 7.296 7.289 7.283 7.280 7.280 7.284 7.291 7.302 7.317 7.334 7.354 7.379 7.409 7.442 7.479 7.519 7.566 7.621 7.673 7.712 7.751 7.801 7.850 7.897 7.942 7.987 8.035 8.089 8.141 8.168 8.196 8.239 8.276 8.309 8.338 8.363 8.383 8.396 8.405 8.407 8.407 8.413 8.418 8.422 8.424 8.425 8.427 8.433 8.440 8.438 8.437 8.443 8.448 8.454 8.459 8.465 8.469 8.470 8.470 8.468 8.467 8.468 8.470
7.248 7.258 7.267 7.276 7.285 7.293 7.300 7.306 7.311 7.314 7.315 7.313 7.308 7.303 7.297 7.289 7.283 7.280 7.281 7.285 7.293 7.306 7.323 7.342 7.364 7.394 7.428 7.466 7.508 7.555 7.607 7.663 7.715 7.753 7.792 7.843 7.893 7.941 7.988 8.035 8.085 8.136 8.184 8.210 8.237 8.277 8.313 8.344 8.371 8.394 8.412 8.425 8.434 8.435 8.436 8.441 8.446 8.449 8.452 8.454 8.457 8.461 8.467 8.464 8.462 8.466 8.471 8.475 8.479 8.482 8.484 8.485 8.484 8.481 8.478 8.479 8.480
7.244 7.254 7.264 7.274 7.283 7.291 7.299 7.306 7.311 7.315 7.315 7.313 7.308 7.303 7.297 7.289 7.284 7.281 7.281 7.286 7.296 7.312 7.332 7.353 7.377 7.412 7.451 7.494 7.541 7.593 7.648 7.704 7.755 7.793 7.832 7.884 7.935 7.985 8.033 8.082 8.131 8.179 8.224 8.249 8.275 8.312 8.346 8.375 8.400 8.421 8.438 8.451 8.461 8.462 8.463 8.469 8.474 8.478 8.481 8.484 8.488 8.492 8.495 8.492 8.489 8.492 8.495 8.498 8.500 8.501 8.502 8.501 8.499 8.495 8.492 8.491 8.491
7.241 7.251 7.261 7.271 7.281 7.290 7.298 7.305 7.311 7.315 7.316 7.313 7.309 7.303 7.297 7.289 7.283 7.281 7.281 7.287 7.300 7.318 7.342 7.366 7.394 7.433 7.477 7.525 7.577 7.632 7.688 7.744 7.795 7.833 7.872 7.924 7.976 8.027 8.077 8.125 8.173 8.219 8.260 8.284 8.308 8.343 8.375 8.402 8.426 8.446 8.462 8.475 8.485 8.488 8.490 8.496 8.502 8.507 8.511 8.515 8.519 8.522 8.525 8.521 8.518 8.520 8.521 8.523 8.523 8.522 8.521 8.519 8.516 8.511 8.507 8.505 8.504
7.237 7.248 7.259 7.269 7.279 7.288 7.297 7.304 7.311 7.315 7.316 7.314 7.309 7.303 7.297 7.289 7.283 7.281 7.282 7.290 7.305 7.327 7.355 7.382 7.413 7.457 7.506 7.559 7.614 7.670 7.727 7.783 7.835 7.873 7.911 7.964 8.017 8.068 8.118 8.166 8.212 8.255 8.293 8.316 8.339 8.371 8.400 8.426 8.448 8.468 8.484 8.497 8.508 8.512 8.514 8.522 8.529 8.535 8.540 8.545 8.550 8.553 8.555 8.551 8.547 8.548 8.549 8.549 8.547 8.545 8.543 8.539 8.536 8.529 8.524 8.521 8.519
7.234 7.245 7.256 7.267 7.277 7.286 7.295 7.303 7.310 7.315 7.316 7.314 7.309 7.303 7.297 7.289 7.283 7.281 7.284 7.293 7.312 7.339 7.371 7.401 7.436 7.485 7.538 7.594 7.651 7.708 7.766 7.822 7.874 7.911 7.950 8.003 8.056 8.107 8.156 8.204 8.248 8.289 8.323 8.344 8.366 8.396 8.423 8.448 8.469 8.487 8.504 8.517 8.529 8.533 8.537 8.546 8.554 8.561 8.568 8.574 8.579 8.583 8.585 8.581 8.577 8.577 8.577 8.576 8.574 8.570 8.566 8.562 8.557 8.550 8.543 8.539 8.535
7.232 7.243 7.254 7.265 7.275 7.285 7.294 7.303 7.310 7.315 7.317 7.314 7.309 7.303 7.297 7.289 7.284 7.283 7.287 7.300 7.322 7.353 7.390 7.422 7.461 7.514 7.570 7.628 7.686 7.745 7.803 7.859 7.911 7.948 7.987 8.040 8.092 8.143 8.191 8.237 8.280 8.318 8.350 8.370 8.390 8.417 8.443 8.467 8.487 8.505 8.521 8.536 8.548 8.553 8.557 8.567 8.576 8.585 8.592 8.599 8.605 8.610 8.612 8.609 8.606 8.606 8.605 8.604 8.601 8.597 8.592 8.587 8.581 8.573 8.564 8.559 8.554
7.230 7.241 7.252 7.263 7.274 7.284 7.294 7.303 7.310 7.316 7.317 7.315 7.310 7.304 7.297 7.290 7.285 7.286 7.292 7.308 7.334 7.369 7.410 7.445 7.487 7.543 7.602 7.662 7.721 7.780 7.838 7.894 7.947 7.985 8.023 8.076 8.127 8.178 8.224 8.269 8.311 8.346 8.376 8.394 8.413 8.438 8.462 8.485 8.504 8.522 8.539 8.553 8.566 8.571 8.576 8.587 8.597 8.607 8.615 8.623 8.630 8.635 8.638 8.636 8.633 8.633 8.633 8.631 8.628 8.624 8.619 8.614 8.607 8.598 8.589 8.582 8.576
7.230 7.241 7.252 7.263 7.273 7.284 7.294 7.303 7.311 7.316 7.319 7.316 7.310 7.305 7.298 7.291 7.287 7.289 7.298 7.318 7.348 7.387 7.433 7.471 7.514 7.573 7.635 7.696 7.757 7.817 7.875 7.932 7.986 8.023 8.061 8.113 8.164 8.212 8.258 8.301 8.341 8.375 8.401 8.418 8.435 8.459 8.482 8.503 8.522 8.539 8.556 8.570 8.583 8.589 8.595 8.606 8.617 8.627 8.636 8.645 8.653 8.658 8.662 8.660 8.658 8.659 8.659 8.658 8.655 8.652 8.647 8.641 8.635 8.625 8.615 8.608 8.601
7.230 7.241 7.252 7.263 7.273 7.284 7.294 7.303 7.312 7.318 7.320 7.317 7.311 7.306 7.300 7.293 7.291 7.295 7.308 7.331 7.365 7.411 7.461 7.499 7.544 7.606 7.668 7.731 7.793 7.854 7.913 7.971 8.026 8.061 8.098 8.149 8.199 8.246 8.290 8.331 8.370 8.400 8.423 8.439 8.456 8.478 8.500 8.520 8.539 8.556 8.572 8.587 8.600 8.606 8.612 8.624 8.635 8.646 8.656 8.665 8.674 8.679 8.683 8.682 8.681 8.683 8.684 8.683 8.681 8.679 8.675 8.669 8.663 8.653 8.643 8.635 8.627
7.231 7.242 7.253 7.264 7.274 7.285 7.295 7.305 7.313 7.320 7.322 7.319 7.313 7.309 7.303 7.297 7.297 7.304 7.321 7.348 7.388 7.438 7.489 7.529 7.574 7.638 7.702 7.767 7.830 7.892 7.952 8.011 8.064 8.099 8.134 8.184 8.232 8.278 8.320 8.359 8.394 8.421 8.444 8.460 8.475 8.497 8.517 8.537 8.555 8.572 8.588 8.603 8.616 8.623 8.629 8.641 8.653 8.665 8.675 8.684 8.693 8.698 8.703 8.703 8.702 8.705 8.706 8.706 8.706 8.704 8.700 8.696 8.690 8.681 8.671 8.663 8.656
7.233 7.243 7.254 7.265 7.276 7.287 7.297 7.307 7.315 7.322 7.324 7.322 7.316 7.313 7.308 7.304 7.306 7.317 7.337 7.370 7.414 7.466 7.517 7.558 7.605 7.670 7.737 7.803 7.867 7.931 7.992 8.050 8.101 8.134 8.169 8.217 8.263 8.307 8.347 8.384 8.416 8.442 8.465 8.480 8.494 8.515 8.535 8.554 8.572 8.588 8.604 8.619 8.632 8.639 8.645 8.658 8.670 8.682 8.692 8.702 8.710 8.716 8.721 8.722 8.722 8.724 8.727 8.728 8.728 8.727 8.724 8.721 8.716 8.708 8.699 8.692 8.685
7.235 7.246 7.257 7.268 7.279 7.289 7.300 7.309 7.318 7.325 7.328 7.326 7.321 7.318 7.315 7.313 7.318 7.332 7.357 7.393 7.440 7.493 7.546 7.587 7.635 7.703 7.771 7.839 7.905 7.969 8.031 8.087 8.136 8.168 8.202 8.248 8.293 8.335 8.373 8.407 8.437 8.462 8.485 8.499 8.513 8.533 8.552 8.571 8.588 8.604 8.620 8.634 8.648 8.654 8.661 8.674 8.686 8.698 8.709 8.718 8.726 8.733 8.738 8.739 8.740 8.743 8.745 8.747 8.748 8.748 8.746 8.744 8.741 8.734 8.726 8.720 8.714
